date,fremont_bridge,fremont_bridge_nb,fremont_bridge_sb
2024-04-30,11,4,7
2024-04-30,19,6,13
2024-04-30,64,27,37
2024-04-30,94,41,53
2024-04-30,227,86,141
2024-04-30,352,97,255
2024-04-30,566,158,408
2024-04-30,400,122,278
2024-04-30,193,64,129
2024-04-30,138,46,92
2024-04-30,127,36,91
2024-04-30,114,43,71
2024-04-30,110,43,67
2024-04-30,114,47,67
2024-04-30,223,58,165
2024-04-30,425,162,263
2024-04-30,269,108,161
2024-04-30,94,48,46
2024-04-30,21,8,13
2024-04-30,6,2,4
2024-04-30,3,1,2
2024-04-30,1,1,0
2024-04-30,2,0,2
2024-04-30,3,1,2
2024-04-29,6,1,5
2024-04-29,12,8,4
2024-04-29,31,9,22
2024-04-29,38,14,24
2024-04-29,71,29,42
2024-04-29,151,42,109
2024-04-29,262,54,208
2024-04-29,209,62,147
2024-04-29,121,47,74
2024-04-29,98,48,50
2024-04-29,81,29,52
2024-04-29,85,35,50
2024-04-29,81,26,55
2024-04-29,89,22,67
2024-04-29,153,51,102
2024-04-29,237,81,156
2024-04-29,125,46,79
2024-04-29,73,36,37
2024-04-29,14,8,6
2024-04-29,3,0,3
2024-04-29,0,0,0
2024-04-29,0,0,0
2024-04-29,1,1,0
2024-04-29,1,0,1
2024-04-28,8,0,8
2024-04-28,7,2,5
2024-04-28,19,11,8
2024-04-28,33,11,22
2024-04-28,64,34,30
2024-04-28,61,29,32
2024-04-28,102,45,57
2024-04-28,109,51,58
2024-04-28,117,59,58
2024-04-28,114,55,59
2024-04-28,133,66,67
2024-04-28,129,60,69
2024-04-28,152,65,87
2024-04-28,110,43,67
2024-04-28,79,34,45
2024-04-28,37,11,26
2024-04-28,30,6,24
2024-04-28,12,2,10
2024-04-28,8,2,6
2024-04-28,4,2,2
2024-04-28,1,1,0
2024-04-28,6,4,2
2024-04-28,7,4,3
2024-04-28,9,6,3
2024-04-27,11,6,5
2024-04-27,26,17,9
2024-04-27,26,9,17
2024-04-27,29,11,18
2024-04-27,35,10,25
2024-04-27,81,26,55
2024-04-27,97,44,53
2024-04-27,83,31,52
2024-04-27,88,43,45
2024-04-27,82,38,44
2024-04-27,76,47,29
2024-04-27,100,31,69
2024-04-27,120,49,71
2024-04-27,99,31,68
2024-04-27,74,31,43
2024-04-27,70,27,43
2024-04-27,31,14,17
2024-04-27,20,2,18
2024-04-27,5,3,2
2024-04-27,3,1,2
2024-04-27,9,3,6
2024-04-27,4,2,2
2024-04-27,14,5,9
2024-04-27,16,4,12
2024-04-26,16,3,13
2024-04-26,41,12,29
2024-04-26,53,9,44
2024-04-26,90,32,58
2024-04-26,118,54,64
2024-04-26,218,78,140
2024-04-26,343,88,255
2024-04-26,268,96,172
2024-04-26,170,60,110
2024-04-26,120,48,72
2024-04-26,119,53,66
2024-04-26,99,42,57
2024-04-26,98,38,60
2024-04-26,72,24,48
2024-04-26,141,45,96
2024-04-26,207,74,133
2024-04-26,131,50,81
2024-04-26,46,23,23
2024-04-26,19,9,10
2024-04-26,4,0,4
2024-04-26,3,1,2
2024-04-26,1,1,0
2024-04-26,1,0,1
2024-04-26,6,2,4
2024-04-25,8,2,6
2024-04-25,20,8,12
2024-04-25,24,10,14
2024-04-25,44,14,30
2024-04-25,91,30,61
2024-04-25,136,34,102
2024-04-25,290,64,226
2024-04-25,179,48,131
2024-04-25,90,25,65
2024-04-25,52,14,38
2024-04-25,44,16,28
2024-04-25,42,17,25
2024-04-25,41,20,21
2024-04-25,57,17,40
2024-04-25,136,39,97
2024-04-25,256,90,166
2024-04-25,159,62,97
2024-04-25,63,24,39
2024-04-25,23,11,12
2024-04-25,4,1,3
2024-04-25,3,1,2
2024-04-25,1,1,0
2024-04-25,2,2,0
2024-04-25,4,0,4
2024-04-24,8,5,3
2024-04-24,38,18,20
2024-04-24,29,8,21
2024-04-24,56,16,40
2024-04-24,148,50,98
2024-04-24,257,75,182
2024-04-24,439,94,345
2024-04-24,261,61,200
2024-04-24,134,47,87
2024-04-24,84,36,48
2024-04-24,76,24,52
2024-04-24,98,35,63
2024-04-24,88,25,63
2024-04-24,131,47,84
2024-04-24,211,72,139
2024-04-24,421,154,267
2024-04-24,267,108,159
2024-04-24,85,36,49
2024-04-24,22,10,12
2024-04-24,3,3,0
2024-04-24,2,0,2
2024-04-24,0,0,0
2024-04-24,1,0,1
2024-04-24,8,2,6
2024-04-23,16,4,12
2024-04-23,44,21,23
2024-04-23,61,33,28
2024-04-23,121,56,65
2024-04-23,231,75,156
2024-04-23,455,141,314
2024-04-23,676,195,481
2024-04-23,500,165,335
2024-04-23,253,80,173
2024-04-23,150,58,92
2024-04-23,117,38,79
2024-04-23,122,44,78
2024-04-23,141,55,86
2024-04-23,156,66,90
2024-04-23,275,88,187
2024-04-23,521,177,344
2024-04-23,313,126,187
2024-04-23,124,54,70
2024-04-23,22,9,13
2024-04-23,10,4,6
2024-04-23,1,0,1
2024-04-23,2,1,1
2024-04-23,1,0,1
2024-04-23,8,3,5
2024-04-22,7,3,4
2024-04-22,34,10,24
2024-04-22,42,17,25
2024-04-22,73,28,45
2024-04-22,165,63,102
2024-04-22,293,92,201
2024-04-22,472,115,357
2024-04-22,323,93,230
2024-04-22,190,58,132
2024-04-22,129,45,84
2024-04-22,83,34,49
2024-04-22,115,53,62
2024-04-22,94,38,56
2024-04-22,115,39,76
2024-04-22,200,67,133
2024-04-22,389,127,262
2024-04-22,214,83,131
2024-04-22,90,48,42
2024-04-22,33,17,16
2024-04-22,3,3,0
2024-04-22,0,0,0
2024-04-22,3,1,2
2024-04-22,3,1,2
2024-04-22,4,1,3
2024-04-21,8,3,5
2024-04-21,19,9,10
2024-04-21,16,3,13
2024-04-21,37,14,23
2024-04-21,97,43,54
2024-04-21,117,53,64
2024-04-21,120,39,81
2024-04-21,180,82,98
2024-04-21,201,111,90
2024-04-21,205,102,103
2024-04-21,196,107,89
2024-04-21,232,78,154
2024-04-21,173,90,83
2024-04-21,134,59,75
2024-04-21,86,42,44
2024-04-21,63,23,40
2024-04-21,28,9,19
2024-04-21,9,2,7
2024-04-21,9,3,6
2024-04-21,3,2,1
2024-04-21,2,0,2
2024-04-21,6,5,1
2024-04-21,8,3,5
2024-04-21,19,12,7
2024-04-20,16,5,11
2024-04-20,32,14,18
2024-04-20,45,6,39
2024-04-20,32,14,18
2024-04-20,84,24,60
2024-04-20,67,24,43
2024-04-20,115,54,61
2024-04-20,160,51,109
2024-04-20,286,130,156
2024-04-20,316,173,143
2024-04-20,267,134,133
2024-04-20,282,129,153
2024-04-20,234,103,131
2024-04-20,178,78,100
2024-04-20,132,55,77
2024-04-20,74,27,47
2024-04-20,45,16,29
2024-04-20,21,5,16
2024-04-20,11,6,5
2024-04-20,1,1,0
2024-04-20,4,2,2
2024-04-20,3,2,1
2024-04-20,11,6,5
2024-04-20,18,3,15
2024-04-19,23,9,14
2024-04-19,53,22,31
2024-04-19,62,23,39
2024-04-19,78,26,52
2024-04-19,167,69,98
2024-04-19,352,130,222
2024-04-19,430,131,299
2024-04-19,381,143,238
2024-04-19,286,118,168
2024-04-19,176,71,105
2024-04-19,166,72,94
2024-04-19,169,67,102
2024-04-19,139,54,85
2024-04-19,152,52,100
2024-04-19,188,65,123
2024-04-19,248,93,155
2024-04-19,185,60,125
2024-04-19,54,29,25
2024-04-19,31,11,20
2024-04-19,6,4,2
2024-04-19,3,1,2
2024-04-19,2,2,0
2024-04-19,1,1,0
2024-04-19,12,3,9
2024-04-18,23,7,16
2024-04-18,36,17,19
2024-04-18,56,21,35
2024-04-18,89,33,56
2024-04-18,169,56,113
2024-04-18,400,132,268
2024-04-18,604,157,447
2024-04-18,399,114,285
2024-04-18,217,74,143
2024-04-18,141,47,94
2024-04-18,126,48,78
2024-04-18,146,59,87
2024-04-18,100,36,64
2024-04-18,146,57,89
2024-04-18,240,80,160
2024-04-18,434,141,293
2024-04-18,245,83,162
2024-04-18,89,37,52
2024-04-18,27,12,15
2024-04-18,7,5,2
2024-04-18,3,1,2
2024-04-18,0,0,0
2024-04-18,2,2,0
2024-04-18,11,4,7
2024-04-17,6,1,5
2024-04-17,30,14,16
2024-04-17,46,20,26
2024-04-17,110,62,48
2024-04-17,169,71,98
2024-04-17,371,130,241
2024-04-17,594,143,451
2024-04-17,418,136,282
2024-04-17,243,86,157
2024-04-17,145,64,81
2024-04-17,130,50,80
2024-04-17,117,44,73
2024-04-17,135,61,74
2024-04-17,144,53,91
2024-04-17,273,92,181
2024-04-17,422,142,280
2024-04-17,274,108,166
2024-04-17,90,45,45
2024-04-17,32,12,20
2024-04-17,6,4,2
2024-04-17,1,0,1
2024-04-17,3,1,2
2024-04-17,5,1,4
2024-04-17,6,3,3
2024-04-16,12,3,9
2024-04-16,38,14,24
2024-04-16,48,16,32
2024-04-16,97,41,56
2024-04-16,187,61,126
2024-04-16,384,120,264
2024-04-16,535,134,401
2024-04-16,384,115,269
2024-04-16,170,53,117
2024-04-16,104,27,77
2024-04-16,86,33,53
2024-04-16,85,32,53
2024-04-16,96,32,64
2024-04-16,116,47,69
2024-04-16,268,84,184
2024-04-16,430,150,280
2024-04-16,275,114,161
2024-04-16,98,43,55
2024-04-16,22,13,9
2024-04-16,6,1,5
2024-04-16,2,1,1
2024-04-16,0,0,0
2024-04-16,3,2,1
2024-04-16,3,2,1
2024-04-15,7,4,3
2024-04-15,15,7,8
2024-04-15,26,11,15
2024-04-15,41,13,28
2024-04-15,95,30,65
2024-04-15,212,49,163
2024-04-15,374,84,290
2024-04-15,239,60,179
2024-04-15,127,37,90
2024-04-15,68,32,36
2024-04-15,79,32,47
2024-04-15,64,29,35
2024-04-15,63,27,36
2024-04-15,106,35,71
2024-04-15,194,75,119
2024-04-15,307,98,209
2024-04-15,186,73,113
2024-04-15,89,32,57
2024-04-15,25,12,13
2024-04-15,7,3,4
2024-04-15,1,1,0
2024-04-15,2,2,0
2024-04-15,1,1,0
2024-04-15,1,0,1
2024-04-14,6,3,3
2024-04-14,16,5,11
2024-04-14,28,13,15
2024-04-14,36,16,20
2024-04-14,113,54,59
2024-04-14,150,81,69
2024-04-14,177,75,102
2024-04-14,269,102,167
2024-04-14,298,133,165
2024-04-14,321,162,159
2024-04-14,256,117,139
2024-04-14,254,106,148
2024-04-14,227,111,116
2024-04-14,213,92,121
2024-04-14,155,59,96
2024-04-14,48,24,24
2024-04-14,24,10,14
2024-04-14,5,2,3
2024-04-14,6,1,5
2024-04-14,0,0,0
2024-04-14,1,1,0
2024-04-14,6,3,3
2024-04-14,5,2,3
2024-04-14,15,8,7
2024-04-13,16,5,11
2024-04-13,30,11,19
2024-04-13,85,9,76
2024-04-13,43,18,25
2024-04-13,143,45,98
2024-04-13,173,97,76
2024-04-13,153,78,75
2024-04-13,232,101,131
2024-04-13,223,104,119
2024-04-13,222,88,134
2024-04-13,259,113,146
2024-04-13,209,105,104
2024-04-13,173,77,96
2024-04-13,127,48,79
2024-04-13,107,48,59
2024-04-13,83,32,51
2024-04-13,39,12,27
2024-04-13,15,7,8
2024-04-13,5,3,2
2024-04-13,5,3,2
2024-04-13,6,3,3
2024-04-13,4,3,1
2024-04-13,12,4,8
2024-04-13,9,3,6
2024-04-12,27,8,19
2024-04-12,38,14,24
2024-04-12,53,19,34
2024-04-12,62,31,31
2024-04-12,132,55,77
2024-04-12,217,79,138
2024-04-12,345,98,247
2024-04-12,261,85,176
2024-04-12,174,70,104
2024-04-12,154,59,95
2024-04-12,139,54,85
2024-04-12,127,59,68
2024-04-12,68,23,45
2024-04-12,100,30,70
2024-04-12,144,49,95
2024-04-12,199,73,126
2024-04-12,127,49,78
2024-04-12,60,26,34
2024-04-12,25,11,14
2024-04-12,7,3,4
2024-04-12,3,1,2
2024-04-12,1,1,0
2024-04-12,0,0,0
2024-04-12,11,7,4
2024-04-11,8,0,8
2024-04-11,24,8,16
2024-04-11,41,16,25
2024-04-11,57,17,40
2024-04-11,115,43,72
2024-04-11,246,75,171
2024-04-11,379,83,296
2024-04-11,245,80,165
2024-04-11,162,65,97
2024-04-11,109,42,67
2024-04-11,81,28,53
2024-04-11,91,40,51
2024-04-11,101,37,64
2024-04-11,103,33,70
2024-04-11,200,59,141
2024-04-11,293,95,198
2024-04-11,188,86,102
2024-04-11,68,28,40
2024-04-11,21,8,13
2024-04-11,9,4,5
2024-04-11,2,1,1
2024-04-11,1,0,1
2024-04-11,2,1,1
2024-04-11,6,1,5
2024-04-10,14,7,7
2024-04-10,30,11,19
2024-04-10,37,8,29
2024-04-10,67,17,50
2024-04-10,145,46,99
2024-04-10,299,93,206
2024-04-10,499,129,370
2024-04-10,312,92,220
2024-04-10,214,77,137
2024-04-10,127,45,82
2024-04-10,142,60,82
2024-04-10,131,55,76
2024-04-10,107,36,71
2024-04-10,121,46,75
2024-04-10,291,76,215
2024-04-10,356,107,249
2024-04-10,224,88,136
2024-04-10,58,20,38
2024-04-10,24,11,13
2024-04-10,7,3,4
2024-04-10,1,0,1
2024-04-10,2,0,2
2024-04-10,1,0,1
2024-04-10,6,1,5
2024-04-09,15,6,9
2024-04-09,29,17,12
2024-04-09,37,13,24
2024-04-09,66,28,38
2024-04-09,123,50,73
2024-04-09,240,78,162
2024-04-09,402,94,308
2024-04-09,268,67,201
2024-04-09,135,55,80
2024-04-09,97,38,59
2024-04-09,76,35,41
2024-04-09,76,29,47
2024-04-09,72,28,44
2024-04-09,86,25,61
2024-04-09,177,46,131
2024-04-09,260,90,170
2024-04-09,184,63,121
2024-04-09,56,25,31
2024-04-09,20,7,13
2024-04-09,5,2,3
2024-04-09,0,0,0
2024-04-09,0,0,0
2024-04-09,2,0,2
2024-04-09,4,1,3
2024-04-08,9,5,4
2024-04-08,22,9,13
2024-04-08,29,15,14
2024-04-08,45,24,21
2024-04-08,90,40,50
2024-04-08,140,47,93
2024-04-08,257,55,202
2024-04-08,178,45,133
2024-04-08,112,43,69
2024-04-08,62,24,38
2024-04-08,54,23,31
2024-04-08,56,27,29
2024-04-08,48,25,23
2024-04-08,45,11,34
2024-04-08,112,31,81
2024-04-08,200,72,128
2024-04-08,141,47,94
2024-04-08,61,28,33
2024-04-08,20,7,13
2024-04-08,5,3,2
2024-04-08,0,0,0
2024-04-08,4,1,3
2024-04-08,0,0,0
2024-04-08,4,3,1
2024-04-07,7,2,5
2024-04-07,6,2,4
2024-04-07,23,15,8
2024-04-07,29,13,16
2024-04-07,53,25,28
2024-04-07,76,23,53
2024-04-07,105,41,64
2024-04-07,190,70,120
2024-04-07,168,80,88
2024-04-07,231,136,95
2024-04-07,161,59,102
2024-04-07,208,120,88
2024-04-07,139,73,66
2024-04-07,136,72,64
2024-04-07,75,42,33
2024-04-07,46,10,36
2024-04-07,18,10,8
2024-04-07,7,3,4
2024-04-07,5,1,4
2024-04-07,1,0,1
2024-04-07,1,1,0
2024-04-07,1,1,0
2024-04-07,10,2,8
2024-04-07,14,4,10
2024-04-06,13,4,9
2024-04-06,31,10,21
2024-04-06,17,2,15
2024-04-06,28,11,17
2024-04-06,51,19,32
2024-04-06,65,24,41
2024-04-06,79,35,44
2024-04-06,64,35,29
2024-04-06,93,33,60
2024-04-06,76,28,48
2024-04-06,105,43,62
2024-04-06,107,39,68
2024-04-06,128,55,73
2024-04-06,126,73,53
2024-04-06,83,43,40
2024-04-06,76,37,39
2024-04-06,29,7,22
2024-04-06,16,4,12
2024-04-06,7,4,3
2024-04-06,3,2,1
2024-04-06,5,4,1
2024-04-06,5,2,3
2024-04-06,11,5,6
2024-04-06,12,8,4
2024-04-05,23,12,11
2024-04-05,21,7,14
2024-04-05,35,12,23
2024-04-05,55,23,32
2024-04-05,84,26,58
2024-04-05,127,52,75
2024-04-05,288,76,212
2024-04-05,237,80,157
2024-04-05,148,55,93
2024-04-05,125,43,82
2024-04-05,75,31,44
2024-04-05,81,23,58
2024-04-05,79,30,49
2024-04-05,83,36,47
2024-04-05,138,53,85
2024-04-05,213,88,125
2024-04-05,131,58,73
2024-04-05,57,31,26
2024-04-05,18,8,10
2024-04-05,2,0,2
2024-04-05,2,1,1
2024-04-05,2,1,1
2024-04-05,2,2,0
2024-04-05,6,4,2
2024-04-04,15,7,8
2024-04-04,24,16,8
2024-04-04,36,15,21
2024-04-04,48,14,34
2024-04-04,103,42,61
2024-04-04,215,51,164
2024-04-04,388,80,308
2024-04-04,230,67,163
2024-04-04,129,41,88
2024-04-04,63,24,39
2024-04-04,58,18,40
2024-04-04,64,24,40
2024-04-04,56,19,37
2024-04-04,84,26,58
2024-04-04,201,69,132
2024-04-04,347,123,224
2024-04-04,220,83,137
2024-04-04,80,36,44
2024-04-04,24,9,15
2024-04-04,3,2,1
2024-04-04,4,0,4
2024-04-04,2,2,0
2024-04-04,1,0,1
2024-04-04,7,2,5
2024-04-03,5,4,1
2024-04-03,31,11,20
2024-04-03,27,8,19
2024-04-03,52,15,37
2024-04-03,125,45,80
2024-04-03,281,94,187
2024-04-03,468,97,371
2024-04-03,319,88,231
2024-04-03,175,55,120
2024-04-03,74,23,51
2024-04-03,103,52,51
2024-04-03,105,48,57
2024-04-03,105,43,62
2024-04-03,124,51,73
2024-04-03,225,66,159
2024-04-03,375,124,251
2024-04-03,231,93,138
2024-04-03,89,39,50
2024-04-03,16,7,9
2024-04-03,3,3,0
2024-04-03,1,1,0
2024-04-03,0,0,0
2024-04-03,1,0,1
2024-04-03,2,1,1
2024-04-02,8,5,3
2024-04-02,30,16,14
2024-04-02,53,27,26
2024-04-02,81,27,54
2024-04-02,191,60,131
2024-04-02,382,139,243
2024-04-02,663,166,497
2024-04-02,466,139,327
2024-04-02,238,71,167
2024-04-02,144,40,104
2024-04-02,136,52,84
2024-04-02,136,57,79
2024-04-02,127,45,82
2024-04-02,145,52,93
2024-04-02,265,80,185
2024-04-02,502,190,312
2024-04-02,295,113,182
2024-04-02,96,35,61
2024-04-02,33,19,14
2024-04-02,4,2,2
2024-04-02,3,1,2
2024-04-02,0,0,0
2024-04-02,1,0,1
2024-04-02,8,5,3
2024-04-01,11,3,8
2024-04-01,23,7,16
2024-04-01,42,16,26
2024-04-01,59,18,41
2024-04-01,162,77,85
2024-04-01,321,112,209
2024-04-01,505,133,372
2024-04-01,378,114,264
2024-04-01,194,59,135
2024-04-01,138,50,88
2024-04-01,106,56,50
2024-04-01,121,44,77
2024-04-01,92,42,50
2024-04-01,120,45,75
2024-04-01,198,71,127
2024-04-01,357,115,242
2024-04-01,206,72,134
2024-04-01,78,34,44
2024-04-01,20,10,10
2024-04-01,5,4,1
2024-04-01,0,0,0
2024-04-01,1,1,0
2024-04-01,1,1,0
2024-04-01,1,1,0
2024-03-31,7,5,2
2024-03-31,10,5,5
2024-03-31,22,10,12
2024-03-31,33,13,20
2024-03-31,77,32,45
2024-03-31,143,63,80
2024-03-31,205,90,115
2024-03-31,203,90,113
2024-03-31,231,108,123
2024-03-31,275,111,164
2024-03-31,245,106,139
2024-03-31,221,85,136
2024-03-31,194,73,121
2024-03-31,122,51,71
2024-03-31,106,39,67
2024-03-31,55,27,28
2024-03-31,26,7,19
2024-03-31,8,1,7
2024-03-31,4,1,3
2024-03-31,0,0,0
2024-03-31,0,0,0
2024-03-31,9,3,6
2024-03-31,5,1,4
2024-03-31,15,4,11
2024-03-30,23,7,16
2024-03-30,32,13,19
2024-03-30,85,25,60
2024-03-30,39,19,20
2024-03-30,119,31,88
2024-03-30,107,43,64
2024-03-30,159,59,100
2024-03-30,165,74,91
2024-03-30,251,122,129
2024-03-30,249,107,142
2024-03-30,313,119,194
2024-03-30,265,117,148
2024-03-30,190,76,114
2024-03-30,132,49,83
2024-03-30,113,53,60
2024-03-30,75,38,37
2024-03-30,40,8,32
2024-03-30,18,4,14
2024-03-30,7,3,4
2024-03-30,2,0,2
2024-03-30,3,1,2
2024-03-30,4,1,3
2024-03-30,7,3,4
2024-03-30,12,6,6
2024-03-29,18,9,9
2024-03-29,55,19,36
2024-03-29,65,15,50
2024-03-29,57,23,34
2024-03-29,123,48,75
2024-03-29,230,92,138
2024-03-29,404,133,271
2024-03-29,315,106,209
2024-03-29,259,97,162
2024-03-29,180,91,89
2024-03-29,135,58,77
2024-03-29,120,45,75
2024-03-29,123,50,73
2024-03-29,133,44,89
2024-03-29,152,38,114
2024-03-29,205,81,124
2024-03-29,129,51,78
2024-03-29,62,29,33
2024-03-29,20,9,11
2024-03-29,5,3,2
2024-03-29,6,3,3
2024-03-29,0,0,0
2024-03-29,1,1,0
2024-03-29,4,2,2
2024-03-28,9,2,7
2024-03-28,38,14,24
2024-03-28,28,12,16
2024-03-28,51,22,29
2024-03-28,84,21,63
2024-03-28,200,55,145
2024-03-28,336,90,246
2024-03-28,245,63,182
2024-03-28,132,49,83
2024-03-28,53,15,38
2024-03-28,54,22,32
2024-03-28,62,27,35
2024-03-28,69,25,44
2024-03-28,109,39,70
2024-03-28,187,63,124
2024-03-28,324,115,209
2024-03-28,181,78,103
2024-03-28,57,25,32
2024-03-28,19,10,9
2024-03-28,4,3,1
2024-03-28,0,0,0
2024-03-28,1,0,1
2024-03-28,1,0,1
2024-03-28,7,2,5
2024-03-27,11,3,8
2024-03-27,34,14,20
2024-03-27,28,10,18
2024-03-27,41,14,27
2024-03-27,97,40,57
2024-03-27,205,64,141
2024-03-27,292,63,229
2024-03-27,173,51,122
2024-03-27,80,29,51
2024-03-27,62,30,32
2024-03-27,48,20,28
2024-03-27,40,12,28
2024-03-27,40,14,26
2024-03-27,68,27,41
2024-03-27,126,41,85
2024-03-27,228,74,154
2024-03-27,119,39,80
2024-03-27,60,32,28
2024-03-27,17,8,9
2024-03-27,3,2,1
2024-03-27,3,0,3
2024-03-27,2,0,2
2024-03-27,5,3,2
2024-03-27,5,0,5
2024-03-26,5,3,2
2024-03-26,36,14,22
2024-03-26,37,15,22
2024-03-26,72,26,46
2024-03-26,170,61,109
2024-03-26,299,99,200
2024-03-26,504,123,381
2024-03-26,310,104,206
2024-03-26,161,54,107
2024-03-26,99,39,60
2024-03-26,86,42,44
2024-03-26,121,50,71
2024-03-26,80,25,55
2024-03-26,106,36,70
2024-03-26,191,50,141
2024-03-26,383,148,235
2024-03-26,207,80,127
2024-03-26,72,26,46
2024-03-26,23,15,8
2024-03-26,5,1,4
2024-03-26,3,2,1
2024-03-26,1,0,1
2024-03-26,4,3,1
2024-03-26,4,1,3
2024-03-25,11,3,8
2024-03-25,14,6,8
2024-03-25,35,20,15
2024-03-25,48,18,30
2024-03-25,72,30,42
2024-03-25,197,58,139
2024-03-25,337,70,267
2024-03-25,233,69,164
2024-03-25,128,46,82
2024-03-25,80,29,51
2024-03-25,68,28,40
2024-03-25,70,29,41
2024-03-25,68,29,39
2024-03-25,84,35,49
2024-03-25,145,48,97
2024-03-25,325,95,230
2024-03-25,146,53,93
2024-03-25,80,34,46
2024-03-25,21,12,9
2024-03-25,3,1,2
2024-03-25,0,0,0
2024-03-25,3,2,1
2024-03-25,3,2,1
2024-03-25,1,0,1
2024-03-24,6,2,4
2024-03-24,16,8,8
2024-03-24,18,9,9
2024-03-24,44,22,22
2024-03-24,80,44,36
2024-03-24,162,76,86
2024-03-24,235,111,124
2024-03-24,256,138,118
2024-03-24,264,116,148
2024-03-24,284,119,165
2024-03-24,229,104,125
2024-03-24,197,71,126
2024-03-24,171,72,99
2024-03-24,172,76,96
2024-03-24,107,41,66
2024-03-24,47,19,28
2024-03-24,15,5,10
2024-03-24,13,4,9
2024-03-24,6,2,4
2024-03-24,0,0,0
2024-03-24,0,0,0
2024-03-24,0,0,0
2024-03-24,5,1,4
2024-03-24,7,3,4
2024-03-23,9,3,6
2024-03-23,15,8,7
2024-03-23,41,16,25
2024-03-23,46,12,34
2024-03-23,68,29,39
2024-03-23,76,33,43
2024-03-23,94,47,47
2024-03-23,98,35,63
2024-03-23,68,26,42
2024-03-23,93,40,53
2024-03-23,68,14,54
2024-03-23,70,31,39
2024-03-23,44,23,21
2024-03-23,39,17,22
2024-03-23,46,16,30
2024-03-23,21,8,13
2024-03-23,26,3,23
2024-03-23,14,2,12
2024-03-23,5,2,3
2024-03-23,2,0,2
2024-03-23,3,0,3
2024-03-23,2,2,0
2024-03-23,4,1,3
2024-03-23,9,3,6
2024-03-22,6,1,5
2024-03-22,23,8,15
2024-03-22,19,7,12
2024-03-22,28,14,14
2024-03-22,54,24,30
2024-03-22,95,34,61
2024-03-22,218,39,179
2024-03-22,146,35,111
2024-03-22,93,29,64
2024-03-22,55,13,42
2024-03-22,43,16,27
2024-03-22,50,22,28
2024-03-22,47,16,31
2024-03-22,84,27,57
2024-03-22,120,39,81
2024-03-22,186,69,117
2024-03-22,119,44,75
2024-03-22,51,27,24
2024-03-22,15,6,9
2024-03-22,5,2,3
2024-03-22,0,0,0
2024-03-22,3,0,3
2024-03-22,1,1,0
2024-03-22,5,1,4
2024-03-21,14,8,6
2024-03-21,19,7,12
2024-03-21,24,9,15
2024-03-21,49,16,33
2024-03-21,95,36,59
2024-03-21,263,78,185
2024-03-21,401,90,311
2024-03-21,254,66,188
2024-03-21,146,38,108
2024-03-21,105,49,56
2024-03-21,93,36,57
2024-03-21,89,40,49
2024-03-21,81,28,53
2024-03-21,103,33,70
2024-03-21,189,54,135
2024-03-21,339,121,218
2024-03-21,193,72,121
2024-03-21,79,32,47
2024-03-21,23,12,11
2024-03-21,7,3,4
2024-03-21,1,1,0
2024-03-21,2,2,0
2024-03-21,1,1,0
2024-03-21,4,2,2
2024-03-20,5,3,2
2024-03-20,19,7,12
2024-03-20,61,13,48
2024-03-20,57,20,37
2024-03-20,111,31,80
2024-03-20,233,69,164
2024-03-20,440,93,347
2024-03-20,310,81,229
2024-03-20,154,51,103
2024-03-20,97,35,62
2024-03-20,71,28,43
2024-03-20,78,18,60
2024-03-20,70,24,46
2024-03-20,102,41,61
2024-03-20,234,79,155
2024-03-20,358,122,236
2024-03-20,219,86,133
2024-03-20,79,34,45
2024-03-20,25,13,12
2024-03-20,4,2,2
2024-03-20,1,1,0
2024-03-20,0,0,0
2024-03-20,2,2,0
2024-03-20,6,3,3
2024-03-19,15,2,13
2024-03-19,29,12,17
2024-03-19,57,23,34
2024-03-19,91,41,50
2024-03-19,263,83,180
2024-03-19,441,155,286
2024-03-19,692,209,483
2024-03-19,465,131,334
2024-03-19,262,95,167
2024-03-19,170,77,93
2024-03-19,128,41,87
2024-03-19,132,52,80
2024-03-19,125,56,69
2024-03-19,150,60,90
2024-03-19,260,80,180
2024-03-19,493,178,315
2024-03-19,297,118,179
2024-03-19,111,45,66
2024-03-19,29,13,16
2024-03-19,6,2,4
2024-03-19,2,2,0
2024-03-19,2,0,2
2024-03-19,4,2,2
2024-03-19,11,6,5
2024-03-18,10,3,7
2024-03-18,18,8,10
2024-03-18,55,14,41
2024-03-18,60,17,43
2024-03-18,141,67,74
2024-03-18,333,102,231
2024-03-18,493,127,366
2024-03-18,398,122,276
2024-03-18,233,82,151
2024-03-18,184,67,117
2024-03-18,117,57,60
2024-03-18,100,47,53
2024-03-18,92,37,55
2024-03-18,126,40,86
2024-03-18,193,62,131
2024-03-18,351,114,237
2024-03-18,201,80,121
2024-03-18,78,35,43
2024-03-18,19,9,10
2024-03-18,3,2,1
2024-03-18,1,1,0
2024-03-18,3,1,2
2024-03-18,1,1,0
2024-03-18,5,0,5
2024-03-17,7,2,5
2024-03-17,15,5,10
2024-03-17,20,11,9
2024-03-17,56,29,27
2024-03-17,106,50,56
2024-03-17,164,67,97
2024-03-17,251,117,134
2024-03-17,290,133,157
2024-03-17,350,167,183
2024-03-17,329,165,164
2024-03-17,329,161,168
2024-03-17,305,160,145
2024-03-17,270,125,145
2024-03-17,205,93,112
2024-03-17,115,65,50
2024-03-17,73,35,38
2024-03-17,30,10,20
2024-03-17,12,6,6
2024-03-17,1,0,1
2024-03-17,0,0,0
2024-03-17,0,0,0
2024-03-17,4,3,1
2024-03-17,3,1,2
2024-03-17,7,3,4
2024-03-16,22,12,10
2024-03-16,35,9,26
2024-03-16,97,25,72
2024-03-16,55,26,29
2024-03-16,177,63,114
2024-03-16,240,111,129
2024-03-16,291,153,138
2024-03-16,337,154,183
2024-03-16,378,176,202
2024-03-16,355,160,195
2024-03-16,329,164,165
2024-03-16,306,103,203
2024-03-16,285,131,154
2024-03-16,173,80,93
2024-03-16,134,51,83
2024-03-16,77,27,50
2024-03-16,22,12,10
2024-03-16,14,7,7
2024-03-16,8,1,7
2024-03-16,3,1,2
2024-03-16,5,1,4
2024-03-16,6,6,0
2024-03-16,7,5,2
2024-03-16,10,3,7
2024-03-15,22,9,13
2024-03-15,36,12,24
2024-03-15,41,19,22
2024-03-15,51,26,25
2024-03-15,140,56,84
2024-03-15,232,76,156
2024-03-15,345,124,221
2024-03-15,347,122,225
2024-03-15,245,94,151
2024-03-15,181,72,109
2024-03-15,130,67,63
2024-03-15,121,58,63
2024-03-15,103,44,59
2024-03-15,110,33,77
2024-03-15,150,53,97
2024-03-15,231,91,140
2024-03-15,146,63,83
2024-03-15,57,32,25
2024-03-15,13,6,7
2024-03-15,5,4,1
2024-03-15,2,0,2
2024-03-15,5,2,3
2024-03-15,4,3,1
2024-03-15,10,7,3
2024-03-14,14,5,9
2024-03-14,40,12,28
2024-03-14,44,19,25
2024-03-14,64,27,37
2024-03-14,145,35,110
2024-03-14,301,87,214
2024-03-14,474,143,331
2024-03-14,340,111,229
2024-03-14,188,61,127
2024-03-14,151,51,100
2024-03-14,113,40,73
2024-03-14,128,37,91
2024-03-14,86,39,47
2024-03-14,122,35,87
2024-03-14,202,66,136
2024-03-14,352,133,219
2024-03-14,217,94,123
2024-03-14,73,31,42
2024-03-14,27,13,14
2024-03-14,5,3,2
2024-03-14,4,1,3
2024-03-14,1,0,1
2024-03-14,0,0,0
2024-03-14,6,3,3
2024-03-13,11,3,8
2024-03-13,26,12,14
2024-03-13,28,14,14
2024-03-13,68,21,47
2024-03-13,112,40,72
2024-03-13,273,83,190
2024-03-13,436,99,337
2024-03-13,296,109,187
2024-03-13,159,57,102
2024-03-13,99,36,63
2024-03-13,97,35,62
2024-03-13,85,36,49
2024-03-13,84,34,50
2024-03-13,106,39,67
2024-03-13,197,68,129
2024-03-13,319,120,199
2024-03-13,195,63,132
2024-03-13,70,32,38
2024-03-13,20,7,13
2024-03-13,3,3,0
2024-03-13,3,0,3
2024-03-13,0,0,0
2024-03-13,0,0,0
2024-03-13,8,2,6
2024-03-12,15,8,7
2024-03-12,22,9,13
2024-03-12,40,16,24
2024-03-12,41,12,29
2024-03-12,73,20,53
2024-03-12,221,55,166
2024-03-12,325,78,247
2024-03-12,222,60,162
2024-03-12,136,45,91
2024-03-12,89,27,62
2024-03-12,68,30,38
2024-03-12,90,33,57
2024-03-12,58,22,36
2024-03-12,82,29,53
2024-03-12,159,46,113
2024-03-12,251,85,166
2024-03-12,152,58,94
2024-03-12,58,25,33
2024-03-12,18,8,10
2024-03-12,3,1,2
2024-03-12,2,1,1
2024-03-12,2,1,1
2024-03-12,0,0,0
2024-03-12,2,1,1
2024-03-11,4,2,2
2024-03-11,10,6,4
2024-03-11,17,7,10
2024-03-11,25,9,16
2024-03-11,44,13,31
2024-03-11,113,30,83
2024-03-11,223,39,184
2024-03-11,129,28,101
2024-03-11,71,22,49
2024-03-11,56,20,36
2024-03-11,56,28,28
2024-03-11,57,22,35
2024-03-11,62,27,35
2024-03-11,88,36,52
2024-03-11,120,42,78
2024-03-11,226,72,154
2024-03-11,115,45,70
2024-03-11,47,20,27
2024-03-11,15,7,8
2024-03-11,4,2,2
2024-03-11,0,0,0
2024-03-11,0,0,0
2024-03-11,2,1,1
2024-03-11,0,0,0
2024-03-10,6,4,2
2024-03-10,13,6,7
2024-03-10,8,4,4
2024-03-10,12,6,6
2024-03-10,16,7,9
2024-03-10,18,6,12
2024-03-10,28,12,16
2024-03-10,39,16,23
2024-03-10,32,10,22
2024-03-10,24,12,12
2024-03-10,74,25,49
2024-03-10,33,18,15
2024-03-10,45,22,23
2024-03-10,66,37,29
2024-03-10,28,15,13
2024-03-10,11,4,7
2024-03-10,8,2,6
2024-03-10,7,4,3
2024-03-10,8,3,5
2024-03-10,1,0,1
2024-03-10,5,2,3
2024-03-10,,,
2024-03-10,1,0,1
2024-03-10,6,1,5
2024-03-09,10,2,8
2024-03-09,9,4,5
2024-03-09,22,8,14
2024-03-09,23,8,15
2024-03-09,43,19,24
2024-03-09,50,22,28
2024-03-09,78,35,43
2024-03-09,62,23,39
2024-03-09,49,30,19
2024-03-09,63,30,33
2024-03-09,49,21,28
2024-03-09,45,28,17
2024-03-09,51,23,28
2024-03-09,55,22,33
2024-03-09,43,17,26
2024-03-09,38,12,26
2024-03-09,27,10,17
2024-03-09,21,8,13
2024-03-09,6,1,5
2024-03-09,4,2,2
2024-03-09,1,1,0
2024-03-09,7,5,2
2024-03-09,5,3,2
2024-03-09,6,2,4
2024-03-08,19,6,13
2024-03-08,32,14,18
2024-03-08,24,6,18
2024-03-08,34,11,23
2024-03-08,84,25,59
2024-03-08,142,52,90
2024-03-08,218,82,136
2024-03-08,216,73,143
2024-03-08,128,50,78
2024-03-08,109,37,72
2024-03-08,96,42,54
2024-03-08,79,34,45
2024-03-08,91,36,55
2024-03-08,71,29,42
2024-03-08,123,41,82
2024-03-08,206,74,132
2024-03-08,122,47,75
2024-03-08,45,22,23
2024-03-08,12,5,7
2024-03-08,4,2,2
2024-03-08,2,1,1
2024-03-08,1,0,1
2024-03-08,4,3,1
2024-03-08,7,1,6
2024-03-07,12,7,5
2024-03-07,19,10,9
2024-03-07,30,13,17
2024-03-07,38,13,25
2024-03-07,89,22,67
2024-03-07,209,67,142
2024-03-07,414,104,310
2024-03-07,287,81,206
2024-03-07,182,59,123
2024-03-07,137,52,85
2024-03-07,91,36,55
2024-03-07,84,36,48
2024-03-07,89,27,62
2024-03-07,104,32,72
2024-03-07,191,55,136
2024-03-07,319,98,221
2024-03-07,177,65,112
2024-03-07,71,29,42
2024-03-07,23,10,13
2024-03-07,6,3,3
2024-03-07,2,1,1
2024-03-07,1,1,0
2024-03-07,0,0,0
2024-03-07,4,3,1
2024-03-06,12,5,7
2024-03-06,28,13,15
2024-03-06,23,9,14
2024-03-06,45,17,28
2024-03-06,81,24,57
2024-03-06,206,55,151
2024-03-06,399,89,310
2024-03-06,245,80,165
2024-03-06,143,48,95
2024-03-06,88,37,51
2024-03-06,59,19,40
2024-03-06,65,24,41
2024-03-06,68,27,41
2024-03-06,107,38,69
2024-03-06,199,61,138
2024-03-06,299,79,220
2024-03-06,198,79,119
2024-03-06,70,31,39
2024-03-06,22,10,12
2024-03-06,2,1,1
2024-03-06,1,0,1
2024-03-06,0,0,0
2024-03-06,2,2,0
2024-03-06,3,2,1
2024-03-05,9,3,6
2024-03-05,10,2,8
2024-03-05,29,12,17
2024-03-05,51,17,34
2024-03-05,103,31,72
2024-03-05,227,70,157
2024-03-05,407,79,328
2024-03-05,307,87,220
2024-03-05,165,65,100
2024-03-05,128,53,75
2024-03-05,96,41,55
2024-03-05,83,35,48
2024-03-05,77,31,46
2024-03-05,87,32,55
2024-03-05,175,43,132
2024-03-05,361,117,244
2024-03-05,210,77,133
2024-03-05,68,29,39
2024-03-05,14,5,9
2024-03-05,4,1,3
2024-03-05,2,1,1
2024-03-05,0,0,0
2024-03-05,1,0,1
2024-03-05,4,2,2
2024-03-04,6,3,3
2024-03-04,18,9,9
2024-03-04,26,14,12
2024-03-04,24,9,15
2024-03-04,65,22,43
2024-03-04,157,34,123
2024-03-04,293,74,219
2024-03-04,171,43,128
2024-03-04,96,29,67
2024-03-04,61,23,38
2024-03-04,88,36,52
2024-03-04,73,37,36
2024-03-04,58,25,33
2024-03-04,80,26,54
2024-03-04,167,46,121
2024-03-04,240,72,168
2024-03-04,149,59,90
2024-03-04,51,21,30
2024-03-04,20,10,10
2024-03-04,2,0,2
2024-03-04,0,0,0
2024-03-04,3,3,0
2024-03-04,2,1,1
2024-03-04,1,1,0
2024-03-03,8,5,3
2024-03-03,10,3,7
2024-03-03,10,4,6
2024-03-03,18,3,15
2024-03-03,15,9,6
2024-03-03,29,11,18
2024-03-03,65,37,28
2024-03-03,47,17,30
2024-03-03,66,27,39
2024-03-03,76,35,41
2024-03-03,65,26,39
2024-03-03,44,24,20
2024-03-03,86,34,52
2024-03-03,33,13,20
2024-03-03,27,13,14
2024-03-03,14,7,7
2024-03-03,20,6,14
2024-03-03,5,2,3
2024-03-03,6,0,6
2024-03-03,3,1,2
2024-03-03,1,0,1
2024-03-03,6,3,3
2024-03-03,1,1,0
2024-03-03,7,4,3
2024-03-02,12,6,6
2024-03-02,19,7,12
2024-03-02,15,5,10
2024-03-02,16,6,10
2024-03-02,26,8,18
2024-03-02,37,23,14
2024-03-02,43,19,24
2024-03-02,66,26,40
2024-03-02,69,29,40
2024-03-02,75,40,35
2024-03-02,100,38,62
2024-03-02,165,80,85
2024-03-02,102,48,54
2024-03-02,63,33,30
2024-03-02,58,22,36
2024-03-02,34,12,22
2024-03-02,18,4,14
2024-03-02,7,4,3
2024-03-02,6,3,3
2024-03-02,5,1,4
2024-03-02,1,1,0
2024-03-02,4,3,1
2024-03-02,1,1,0
2024-03-02,9,3,6
2024-03-01,13,5,8
2024-03-01,16,4,12
2024-03-01,20,4,16
2024-03-01,26,12,14
2024-03-01,54,20,34
2024-03-01,85,36,49
2024-03-01,193,55,138
2024-03-01,168,55,113
2024-03-01,86,30,56
2024-03-01,48,21,27
2024-03-01,37,16,21
2024-03-01,26,11,15
2024-03-01,39,14,25
2024-03-01,52,20,32
2024-03-01,106,37,69
2024-03-01,145,49,96
2024-03-01,99,38,61
2024-03-01,30,12,18
2024-03-01,17,9,8
2024-03-01,3,3,0
2024-03-01,2,1,1
2024-03-01,1,0,1
2024-03-01,0,0,0
2024-03-01,4,0,4
2024-02-29,11,5,6
2024-02-29,29,13,16
2024-02-29,23,8,15
2024-02-29,37,14,23
2024-02-29,73,23,50
2024-02-29,172,41,131
2024-02-29,257,56,201
2024-02-29,184,58,126
2024-02-29,105,34,71
2024-02-29,57,26,31
2024-02-29,53,19,34
2024-02-29,44,20,24
2024-02-29,61,24,37
2024-02-29,90,33,57
2024-02-29,128,42,86
2024-02-29,232,80,152
2024-02-29,144,58,86
2024-02-29,48,20,28
2024-02-29,16,6,10
2024-02-29,3,3,0
2024-02-29,4,2,2
2024-02-29,0,0,0
2024-02-29,0,0,0
2024-02-29,3,2,1
2024-02-28,2,0,2
2024-02-28,17,9,8
2024-02-28,21,9,12
2024-02-28,28,9,19
2024-02-28,37,15,22
2024-02-28,103,16,87
2024-02-28,204,33,171
2024-02-28,125,38,87
2024-02-28,59,24,35
2024-02-28,32,8,24
2024-02-28,26,6,20
2024-02-28,25,10,15
2024-02-28,29,9,20
2024-02-28,51,13,38
2024-02-28,98,35,63
2024-02-28,197,61,136
2024-02-28,126,47,79
2024-02-28,41,21,20
2024-02-28,17,6,11
2024-02-28,5,2,3
2024-02-28,3,0,3
2024-02-28,3,0,3
2024-02-28,1,0,1
2024-02-28,4,2,2
2024-02-27,10,2,8
2024-02-27,11,6,5
2024-02-27,23,13,10
2024-02-27,40,12,28
2024-02-27,58,14,44
2024-02-27,145,35,110
2024-02-27,295,58,237
2024-02-27,169,41,128
2024-02-27,107,32,75
2024-02-27,33,11,22
2024-02-27,53,17,36
2024-02-27,56,28,28
2024-02-27,69,24,45
2024-02-27,81,33,48
2024-02-27,156,50,106
2024-02-27,285,91,194
2024-02-27,174,66,108
2024-02-27,68,29,39
2024-02-27,19,9,10
2024-02-27,4,1,3
2024-02-27,4,2,2
2024-02-27,3,2,1
2024-02-27,3,1,2
2024-02-27,4,0,4
2024-02-26,7,5,2
2024-02-26,18,7,11
2024-02-26,37,15,22
2024-02-26,22,8,14
2024-02-26,59,19,40
2024-02-26,146,35,111
2024-02-26,259,42,217
2024-02-26,181,45,136
2024-02-26,115,51,64
2024-02-26,67,25,42
2024-02-26,77,29,48
2024-02-26,64,24,40
2024-02-26,57,27,30
2024-02-26,63,26,37
2024-02-26,129,40,89
2024-02-26,239,72,167
2024-02-26,164,47,117
2024-02-26,66,27,39
2024-02-26,20,11,9
2024-02-26,4,0,4
2024-02-26,5,1,4
2024-02-26,0,0,0
2024-02-26,0,0,0
2024-02-26,3,1,2
2024-02-25,6,3,3
2024-02-25,6,4,2
2024-02-25,13,5,8
2024-02-25,13,6,7
2024-02-25,15,9,6
2024-02-25,28,15,13
2024-02-25,50,23,27
2024-02-25,92,40,52
2024-02-25,102,26,76
2024-02-25,84,28,56
2024-02-25,98,38,60
2024-02-25,62,25,37
2024-02-25,66,42,24
2024-02-25,66,29,37
2024-02-25,47,23,24
2024-02-25,45,23,22
2024-02-25,67,39,28
2024-02-25,29,17,12
2024-02-25,4,1,3
2024-02-25,5,2,3
2024-02-25,2,1,1
2024-02-25,3,2,1
2024-02-25,9,2,7
2024-02-25,5,1,4
2024-02-24,11,5,6
2024-02-24,20,10,10
2024-02-24,35,6,29
2024-02-24,18,7,11
2024-02-24,63,18,45
2024-02-24,41,20,21
2024-02-24,86,31,55
2024-02-24,91,33,58
2024-02-24,97,46,51
2024-02-24,121,53,68
2024-02-24,149,54,95
2024-02-24,101,48,53
2024-02-24,106,57,49
2024-02-24,78,27,51
2024-02-24,55,24,31
2024-02-24,76,31,45
2024-02-24,47,15,32
2024-02-24,13,1,12
2024-02-24,9,6,3
2024-02-24,2,1,1
2024-02-24,2,0,2
2024-02-24,5,3,2
2024-02-24,4,2,2
2024-02-24,15,5,10
2024-02-23,15,5,10
2024-02-23,23,10,13
2024-02-23,33,14,19
2024-02-23,46,21,25
2024-02-23,78,25,53
2024-02-23,157,51,106
2024-02-23,312,94,218
2024-02-23,290,105,185
2024-02-23,185,74,111
2024-02-23,145,63,82
2024-02-23,125,47,78
2024-02-23,90,46,44
2024-02-23,74,30,44
2024-02-23,81,25,56
2024-02-23,148,48,100
2024-02-23,190,56,134
2024-02-23,117,51,66
2024-02-23,46,18,28
2024-02-23,19,8,11
2024-02-23,4,2,2
2024-02-23,1,0,1
2024-02-23,1,1,0
2024-02-23,0,0,0
2024-02-23,10,6,4
2024-02-22,16,6,10
2024-02-22,21,8,13
2024-02-22,38,17,21
2024-02-22,42,7,35
2024-02-22,109,43,66
2024-02-22,223,61,162
2024-02-22,461,119,342
2024-02-22,327,105,222
2024-02-22,200,89,111
2024-02-22,152,71,81
2024-02-22,140,59,81
2024-02-22,103,41,62
2024-02-22,106,53,53
2024-02-22,131,47,84
2024-02-22,189,76,113
2024-02-22,324,104,220
2024-02-22,173,63,110
2024-02-22,66,25,41
2024-02-22,26,8,18
2024-02-22,7,4,3
2024-02-22,5,0,5
2024-02-22,3,2,1
2024-02-22,3,1,2
2024-02-22,6,4,2
2024-02-21,11,4,7
2024-02-21,17,9,8
2024-02-21,16,7,9
2024-02-21,34,5,29
2024-02-21,73,25,48
2024-02-21,132,34,98
2024-02-21,291,42,249
2024-02-21,153,40,113
2024-02-21,79,20,59
2024-02-21,41,13,28
2024-02-21,48,12,36
2024-02-21,59,19,40
2024-02-21,51,16,35
2024-02-21,73,30,43
2024-02-21,138,48,90
2024-02-21,213,68,145
2024-02-21,146,50,96
2024-02-21,55,19,36
2024-02-21,19,7,12
2024-02-21,2,1,1
2024-02-21,3,1,2
2024-02-21,1,1,0
2024-02-21,0,0,0
2024-02-21,3,1,2
2024-02-20,8,6,2
2024-02-20,24,13,11
2024-02-20,18,11,7
2024-02-20,37,11,26
2024-02-20,73,22,51
2024-02-20,163,41,122
2024-02-20,329,71,258
2024-02-20,208,53,155
2024-02-20,109,40,69
2024-02-20,73,29,44
2024-02-20,57,20,37
2024-02-20,53,18,35
2024-02-20,58,24,34
2024-02-20,72,29,43
2024-02-20,120,39,81
2024-02-20,268,90,178
2024-02-20,152,57,95
2024-02-20,56,17,39
2024-02-20,22,7,15
2024-02-20,3,0,3
2024-02-20,3,3,0
2024-02-20,0,0,0
2024-02-20,2,1,1
2024-02-20,6,5,1
2024-02-19,5,1,4
2024-02-19,22,11,11
2024-02-19,16,10,6
2024-02-19,20,11,9
2024-02-19,34,9,25
2024-02-19,82,22,60
2024-02-19,136,29,107
2024-02-19,126,26,100
2024-02-19,79,39,40
2024-02-19,80,29,51
2024-02-19,61,25,36
2024-02-19,83,45,38
2024-02-19,95,49,46
2024-02-19,91,40,51
2024-02-19,93,32,61
2024-02-19,115,37,78
2024-02-19,70,26,44
2024-02-19,23,10,13
2024-02-19,15,5,10
2024-02-19,1,1,0
2024-02-19,1,0,1
2024-02-19,3,2,1
2024-02-19,5,1,4
2024-02-19,4,1,3
2024-02-18,5,1,4
2024-02-18,9,3,6
2024-02-18,10,5,5
2024-02-18,20,9,11
2024-02-18,19,8,11
2024-02-18,40,19,21
2024-02-18,60,33,27
2024-02-18,72,30,42
2024-02-18,92,40,52
2024-02-18,96,41,55
2024-02-18,88,39,49
2024-02-18,100,61,39
2024-02-18,101,54,47
2024-02-18,66,23,43
2024-02-18,43,17,26
2024-02-18,41,19,22
2024-02-18,20,7,13
2024-02-18,9,4,5
2024-02-18,3,2,1
2024-02-18,2,1,1
2024-02-18,0,0,0
2024-02-18,3,2,1
2024-02-18,2,2,0
2024-02-18,6,2,4
2024-02-17,20,11,9
2024-02-17,34,7,27
2024-02-17,32,5,27
2024-02-17,28,14,14
2024-02-17,45,8,37
2024-02-17,52,18,34
2024-02-17,79,35,44
2024-02-17,133,52,81
2024-02-17,139,63,76
2024-02-17,153,52,101
2024-02-17,152,58,94
2024-02-17,164,54,110
2024-02-17,103,57,46
2024-02-17,80,44,36
2024-02-17,68,27,41
2024-02-17,50,17,33
2024-02-17,25,8,17
2024-02-17,9,2,7
2024-02-17,4,2,2
2024-02-17,3,1,2
2024-02-17,2,0,2
2024-02-17,1,1,0
2024-02-17,5,4,1
2024-02-17,13,6,7
2024-02-16,20,7,13
2024-02-16,29,14,15
2024-02-16,26,4,22
2024-02-16,33,13,20
2024-02-16,72,29,43
2024-02-16,133,38,95
2024-02-16,203,48,155
2024-02-16,197,70,127
2024-02-16,147,58,89
2024-02-16,147,67,80
2024-02-16,116,41,75
2024-02-16,87,42,45
2024-02-16,114,49,65
2024-02-16,66,20,46
2024-02-16,109,34,75
2024-02-16,168,64,104
2024-02-16,100,29,71
2024-02-16,35,18,17
2024-02-16,15,4,11
2024-02-16,3,0,3
2024-02-16,2,1,1
2024-02-16,1,1,0
2024-02-16,0,0,0
2024-02-16,2,0,2
2024-02-15,12,4,8
2024-02-15,16,6,10
2024-02-15,19,7,12
2024-02-15,46,14,32
2024-02-15,78,21,57
2024-02-15,132,28,104
2024-02-15,244,53,191
2024-02-15,175,52,123
2024-02-15,75,19,56
2024-02-15,61,26,35
2024-02-15,20,5,15
2024-02-15,40,13,27
2024-02-15,45,13,32
2024-02-15,74,25,49
2024-02-15,129,38,91
2024-02-15,238,86,152
2024-02-15,120,42,78
2024-02-15,55,22,33
2024-02-15,13,5,8
2024-02-15,4,2,2
2024-02-15,4,1,3
2024-02-15,2,2,0
2024-02-15,0,0,0
2024-02-15,6,0,6
2024-02-14,5,2,3
2024-02-14,21,8,13
2024-02-14,24,7,17
2024-02-14,39,18,21
2024-02-14,62,21,41
2024-02-14,169,49,120
2024-02-14,387,81,306
2024-02-14,284,82,202
2024-02-14,176,64,112
2024-02-14,128,37,91
2024-02-14,81,31,50
2024-02-14,84,27,57
2024-02-14,74,22,52
2024-02-14,110,35,75
2024-02-14,213,59,154
2024-02-14,323,110,213
2024-02-14,195,79,116
2024-02-14,75,39,36
2024-02-14,19,6,13
2024-02-14,6,3,3
2024-02-14,1,0,1
2024-02-14,1,0,1
2024-02-14,1,0,1
2024-02-14,4,2,2
2024-02-13,32,19,13
2024-02-13,27,14,13
2024-02-13,33,12,21
2024-02-13,66,26,40
2024-02-13,104,35,69
2024-02-13,217,39,178
2024-02-13,424,78,346
2024-02-13,332,89,243
2024-02-13,160,51,109
2024-02-13,113,43,70
2024-02-13,104,44,60
2024-02-13,81,27,54
2024-02-13,81,32,49
2024-02-13,92,25,67
2024-02-13,219,69,150
2024-02-13,379,128,251
2024-02-13,216,82,134
2024-02-13,77,29,48
2024-02-13,35,15,20
2024-02-13,6,3,3
2024-02-13,3,0,3
2024-02-13,3,3,0
2024-02-13,2,1,1
2024-02-13,5,2,3
2024-02-12,11,4,7
2024-02-12,18,8,10
2024-02-12,25,10,15
2024-02-12,30,11,19
2024-02-12,56,20,36
2024-02-12,164,54,110
2024-02-12,299,71,228
2024-02-12,181,55,126
2024-02-12,112,46,66
2024-02-12,65,19,46
2024-02-12,51,22,29
2024-02-12,49,22,27
2024-02-12,48,24,24
2024-02-12,54,22,32
2024-02-12,127,37,90
2024-02-12,248,97,151
2024-02-12,136,43,93
2024-02-12,65,24,41
2024-02-12,13,7,6
2024-02-12,9,5,4
2024-02-12,0,0,0
2024-02-12,1,1,0
2024-02-12,1,0,1
2024-02-12,2,1,1
2024-02-11,6,6,0
2024-02-11,19,11,8
2024-02-11,8,1,7
2024-02-11,18,4,14
2024-02-11,9,4,5
2024-02-11,23,15,8
2024-02-11,24,12,12
2024-02-11,41,17,24
2024-02-11,47,25,22
2024-02-11,63,24,39
2024-02-11,50,27,23
2024-02-11,55,41,14
2024-02-11,53,34,19
2024-02-11,37,14,23
2024-02-11,33,20,13
2024-02-11,15,3,12
2024-02-11,14,1,13
2024-02-11,8,3,5
2024-02-11,1,0,1
2024-02-11,1,1,0
2024-02-11,0,0,0
2024-02-11,2,0,2
2024-02-11,6,3,3
2024-02-11,7,5,2
2024-02-10,11,3,8
2024-02-10,19,7,12
2024-02-10,48,7,41
2024-02-10,19,6,13
2024-02-10,68,20,48
2024-02-10,41,13,28
2024-02-10,104,32,72
2024-02-10,158,82,76
2024-02-10,183,82,101
2024-02-10,219,117,102
2024-02-10,224,121,103
2024-02-10,198,82,116
2024-02-10,166,92,74
2024-02-10,78,40,38
2024-02-10,69,32,37
2024-02-10,44,13,31
2024-02-10,20,4,16
2024-02-10,13,4,9
2024-02-10,11,7,4
2024-02-10,1,0,1
2024-02-10,4,3,1
2024-02-10,3,3,0
2024-02-10,6,1,5
2024-02-10,11,3,8
2024-02-09,21,9,12
2024-02-09,25,9,16
2024-02-09,27,8,19
2024-02-09,34,14,20
2024-02-09,71,29,42
2024-02-09,127,55,72
2024-02-09,212,57,155
2024-02-09,180,61,119
2024-02-09,131,55,76
2024-02-09,87,36,51
2024-02-09,84,36,48
2024-02-09,67,29,38
2024-02-09,53,23,30
2024-02-09,68,21,47
2024-02-09,92,30,62
2024-02-09,129,50,79
2024-02-09,122,43,79
2024-02-09,43,18,25
2024-02-09,15,8,7
2024-02-09,5,3,2
2024-02-09,2,0,2
2024-02-09,1,1,0
2024-02-09,2,2,0
2024-02-09,12,6,6
2024-02-08,8,2,6
2024-02-08,12,6,6
2024-02-08,23,7,16
2024-02-08,46,19,27
2024-02-08,75,19,56
2024-02-08,181,40,141
2024-02-08,378,88,290
2024-02-08,267,82,185
2024-02-08,158,61,97
2024-02-08,100,44,56
2024-02-08,68,33,35
2024-02-08,75,34,41
2024-02-08,77,33,44
2024-02-08,92,34,58
2024-02-08,177,54,123
2024-02-08,314,129,185
2024-02-08,203,74,129
2024-02-08,73,28,45
2024-02-08,27,11,16
2024-02-08,7,5,2
2024-02-08,3,0,3
2024-02-08,4,3,1
2024-02-08,3,0,3
2024-02-08,5,3,2
2024-02-07,8,4,4
2024-02-07,28,11,17
2024-02-07,29,11,18
2024-02-07,43,12,31
2024-02-07,89,30,59
2024-02-07,197,42,155
2024-02-07,404,110,294
2024-02-07,300,97,203
2024-02-07,195,76,119
2024-02-07,111,47,64
2024-02-07,107,44,63
2024-02-07,104,43,61
2024-02-07,74,20,54
2024-02-07,120,43,77
2024-02-07,200,79,121
2024-02-07,340,119,221
2024-02-07,208,87,121
2024-02-07,66,29,37
2024-02-07,18,7,11
2024-02-07,6,5,1
2024-02-07,3,0,3
2024-02-07,2,0,2
2024-02-07,2,0,2
2024-02-07,6,4,2
2024-02-06,9,4,5
2024-02-06,22,7,15
2024-02-06,41,12,29
2024-02-06,58,17,41
2024-02-06,90,25,65
2024-02-06,167,43,124
2024-02-06,429,89,340
2024-02-06,244,54,190
2024-02-06,138,54,84
2024-02-06,69,24,45
2024-02-06,39,17,22
2024-02-06,70,36,34
2024-02-06,63,19,44
2024-02-06,91,38,53
2024-02-06,169,39,130
2024-02-06,337,124,213
2024-02-06,184,71,113
2024-02-06,80,31,49
2024-02-06,19,3,16
2024-02-06,7,4,3
2024-02-06,2,1,1
2024-02-06,1,1,0
2024-02-06,1,0,1
2024-02-06,3,0,3
2024-02-05,9,6,3
2024-02-05,7,5,2
2024-02-05,23,10,13
2024-02-05,25,8,17
2024-02-05,52,21,31
2024-02-05,142,40,102
2024-02-05,280,58,222
2024-02-05,197,51,146
2024-02-05,101,33,68
2024-02-05,65,26,39
2024-02-05,47,28,19
2024-02-05,56,28,28
2024-02-05,47,21,26
2024-02-05,68,29,39
2024-02-05,146,50,96
2024-02-05,278,93,185
2024-02-05,160,66,94
2024-02-05,64,20,44
2024-02-05,22,9,13
2024-02-05,4,4,0
2024-02-05,1,1,0
2024-02-05,0,0,0
2024-02-05,4,3,1
2024-02-05,2,1,1
2024-02-04,8,4,4
2024-02-04,6,4,2
2024-02-04,15,5,10
2024-02-04,18,7,11
2024-02-04,22,11,11
2024-02-04,49,19,30
2024-02-04,83,33,50
2024-02-04,161,79,82
2024-02-04,198,92,106
2024-02-04,221,114,107
2024-02-04,177,84,93
2024-02-04,192,118,74
2024-02-04,123,56,67
2024-02-04,119,57,62
2024-02-04,73,29,44
2024-02-04,28,12,16
2024-02-04,14,8,6
2024-02-04,11,6,5
2024-02-04,3,1,2
2024-02-04,0,0,0
2024-02-04,3,1,2
2024-02-04,4,2,2
2024-02-04,6,4,2
2024-02-04,9,5,4
2024-02-03,9,4,5
2024-02-03,16,7,9
2024-02-03,50,6,44
2024-02-03,20,5,15
2024-02-03,54,18,36
2024-02-03,55,14,41
2024-02-03,116,54,62
2024-02-03,199,80,119
2024-02-03,199,85,114
2024-02-03,248,119,129
2024-02-03,222,76,146
2024-02-03,204,85,119
2024-02-03,201,109,92
2024-02-03,152,65,87
2024-02-03,103,45,58
2024-02-03,78,33,45
2024-02-03,35,24,11
2024-02-03,18,6,12
2024-02-03,6,2,4
2024-02-03,3,1,2
2024-02-03,1,0,1
2024-02-03,4,2,2
2024-02-03,9,3,6
2024-02-03,15,7,8
2024-02-02,12,5,7
2024-02-02,18,6,12
2024-02-02,29,10,19
2024-02-02,28,13,15
2024-02-02,63,16,47
2024-02-02,148,42,106
2024-02-02,276,78,198
2024-02-02,248,103,145
2024-02-02,184,73,111
2024-02-02,155,62,93
2024-02-02,103,40,63
2024-02-02,113,41,72
2024-02-02,79,37,42
2024-02-02,71,26,45
2024-02-02,125,42,83
2024-02-02,209,76,133
2024-02-02,135,55,80
2024-02-02,49,22,27
2024-02-02,18,8,10
2024-02-02,4,2,2
2024-02-02,3,1,2
2024-02-02,4,2,2
2024-02-02,4,2,2
2024-02-02,10,2,8
2024-02-01,18,6,12
2024-02-01,32,16,16
2024-02-01,38,13,25
2024-02-01,55,23,32
2024-02-01,114,29,85
2024-02-01,190,43,147
2024-02-01,398,97,301
2024-02-01,299,80,219
2024-02-01,182,86,96
2024-02-01,101,40,61
2024-02-01,72,33,39
2024-02-01,70,25,45
2024-02-01,76,33,43
2024-02-01,89,27,62
2024-02-01,187,67,120
2024-02-01,331,115,216
2024-02-01,160,57,103
2024-02-01,72,29,43
2024-02-01,17,10,7
2024-02-01,6,3,3
2024-02-01,3,1,2
2024-02-01,1,0,1
2024-02-01,3,2,1
2024-02-01,3,2,1
2024-01-31,6,1,5
2024-01-31,18,8,10
2024-01-31,35,14,21
2024-01-31,44,14,30
2024-01-31,68,20,48
2024-01-31,144,30,114
2024-01-31,319,66,253
2024-01-31,189,56,133
2024-01-31,110,51,59
2024-01-31,54,18,36
2024-01-31,40,11,29
2024-01-31,43,17,26
2024-01-31,64,27,37
2024-01-31,59,18,41
2024-01-31,169,57,112
2024-01-31,265,88,177
2024-01-31,146,58,88
2024-01-31,52,25,27
2024-01-31,16,7,9
2024-01-31,3,2,1
2024-01-31,3,2,1
2024-01-31,0,0,0
2024-01-31,2,1,1
2024-01-31,3,1,2
2024-01-30,12,5,7
2024-01-30,27,10,17
2024-01-30,42,15,27
2024-01-30,44,14,30
2024-01-30,94,27,67
2024-01-30,214,55,159
2024-01-30,452,94,358
2024-01-30,328,93,235
2024-01-30,179,59,120
2024-01-30,98,36,62
2024-01-30,81,30,51
2024-01-30,69,31,38
2024-01-30,62,24,38
2024-01-30,71,23,48
2024-01-30,231,81,150
2024-01-30,400,131,269
2024-01-30,245,115,130
2024-01-30,84,36,48
2024-01-30,22,10,12
2024-01-30,6,2,4
2024-01-30,2,0,2
2024-01-30,3,1,2
2024-01-30,0,0,0
2024-01-30,3,0,3
2024-01-29,9,5,4
2024-01-29,19,9,10
2024-01-29,28,14,14
2024-01-29,29,10,19
2024-01-29,78,32,46
2024-01-29,185,50,135
2024-01-29,343,78,265
2024-01-29,278,78,200
2024-01-29,152,51,101
2024-01-29,122,48,74
2024-01-29,108,51,57
2024-01-29,106,50,56
2024-01-29,83,37,46
2024-01-29,93,37,56
2024-01-29,182,63,119
2024-01-29,303,113,190
2024-01-29,171,63,108
2024-01-29,66,25,41
2024-01-29,15,8,7
2024-01-29,4,2,2
2024-01-29,0,0,0
2024-01-29,1,0,1
2024-01-29,1,0,1
2024-01-29,1,1,0
2024-01-28,6,3,3
2024-01-28,8,2,6
2024-01-28,9,4,5
2024-01-28,34,16,18
2024-01-28,18,6,12
2024-01-28,21,11,10
2024-01-28,61,24,37
2024-01-28,85,37,48
2024-01-28,71,34,37
2024-01-28,91,41,50
2024-01-28,121,54,67
2024-01-28,119,58,61
2024-01-28,159,76,83
2024-01-28,88,41,47
2024-01-28,71,30,41
2024-01-28,24,6,18
2024-01-28,18,11,7
2024-01-28,7,3,4
2024-01-28,1,0,1
2024-01-28,0,0,0
2024-01-28,2,0,2
2024-01-28,1,0,1
2024-01-28,3,2,1
2024-01-28,2,1,1
2024-01-27,15,6,9
2024-01-27,14,6,8
2024-01-27,15,4,11
2024-01-27,12,5,7
2024-01-27,22,11,11
2024-01-27,12,7,5
2024-01-27,27,7,20
2024-01-27,33,17,16
2024-01-27,37,15,22
2024-01-27,45,23,22
2024-01-27,36,14,22
2024-01-27,32,11,21
2024-01-27,42,27,15
2024-01-27,22,12,10
2024-01-27,28,13,15
2024-01-27,17,6,11
2024-01-27,9,1,8
2024-01-27,7,1,6
2024-01-27,5,1,4
2024-01-27,2,1,1
2024-01-27,1,1,0
2024-01-27,4,1,3
2024-01-27,4,1,3
2024-01-27,3,0,3
2024-01-26,9,4,5
2024-01-26,13,7,6
2024-01-26,13,3,10
2024-01-26,29,13,16
2024-01-26,46,20,26
2024-01-26,85,24,61
2024-01-26,165,39,126
2024-01-26,143,51,92
2024-01-26,130,35,95
2024-01-26,111,35,76
2024-01-26,79,32,47
2024-01-26,74,28,46
2024-01-26,66,36,30
2024-01-26,82,22,60
2024-01-26,102,29,73
2024-01-26,163,48,115
2024-01-26,121,54,67
2024-01-26,35,17,18
2024-01-26,18,5,13
2024-01-26,4,2,2
2024-01-26,2,1,1
2024-01-26,0,0,0
2024-01-26,3,1,2
2024-01-26,6,3,3
2024-01-25,10,6,4
2024-01-25,23,7,16
2024-01-25,13,4,9
2024-01-25,36,18,18
2024-01-25,86,19,67
2024-01-25,175,47,128
2024-01-25,313,67,246
2024-01-25,226,64,162
2024-01-25,102,41,61
2024-01-25,67,22,45
2024-01-25,70,25,45
2024-01-25,66,25,41
2024-01-25,66,25,41
2024-01-25,82,28,54
2024-01-25,161,51,110
2024-01-25,271,79,192
2024-01-25,165,67,98
2024-01-25,60,27,33
2024-01-25,15,8,7
2024-01-25,5,3,2
2024-01-25,4,2,2
2024-01-25,5,2,3
2024-01-25,2,2,0
2024-01-25,5,1,4
2024-01-24,8,4,4
2024-01-24,22,12,10
2024-01-24,37,15,22
2024-01-24,23,7,16
2024-01-24,56,14,42
2024-01-24,129,25,104
2024-01-24,229,49,180
2024-01-24,169,42,127
2024-01-24,82,35,47
2024-01-24,62,21,41
2024-01-24,45,21,24
2024-01-24,47,20,27
2024-01-24,56,24,32
2024-01-24,58,19,39
2024-01-24,125,50,75
2024-01-24,208,65,143
2024-01-24,137,58,79
2024-01-24,55,23,32
2024-01-24,16,7,9
2024-01-24,7,3,4
2024-01-24,1,0,1
2024-01-24,0,0,0
2024-01-24,3,2,1
2024-01-24,2,0,2
2024-01-23,8,4,4
2024-01-23,27,12,15
2024-01-23,40,11,29
2024-01-23,50,18,32
2024-01-23,79,25,54
2024-01-23,215,55,160
2024-01-23,365,67,298
2024-01-23,325,94,231
2024-01-23,190,73,117
2024-01-23,120,48,72
2024-01-23,89,35,54
2024-01-23,102,34,68
2024-01-23,79,27,52
2024-01-23,117,46,71
2024-01-23,200,57,143
2024-01-23,353,117,236
2024-01-23,204,73,131
2024-01-23,83,28,55
2024-01-23,25,8,17
2024-01-23,6,3,3
2024-01-23,1,1,0
2024-01-23,0,0,0
2024-01-23,2,0,2
2024-01-23,5,2,3
2024-01-22,3,1,2
2024-01-22,12,5,7
2024-01-22,18,7,11
2024-01-22,31,13,18
2024-01-22,65,21,44
2024-01-22,99,26,73
2024-01-22,234,59,175
2024-01-22,148,43,105
2024-01-22,67,15,52
2024-01-22,37,16,21
2024-01-22,29,7,22
2024-01-22,34,15,19
2024-01-22,30,10,20
2024-01-22,52,18,34
2024-01-22,101,36,65
2024-01-22,209,78,131
2024-01-22,123,42,81
2024-01-22,53,29,24
2024-01-22,13,4,9
2024-01-22,4,3,1
2024-01-22,0,0,0
2024-01-22,3,1,2
2024-01-22,0,0,0
2024-01-22,2,0,2
2024-01-21,4,2,2
2024-01-21,8,5,3
2024-01-21,7,0,7
2024-01-21,11,6,5
2024-01-21,14,5,9
2024-01-21,13,8,5
2024-01-21,23,10,13
2024-01-21,29,9,20
2024-01-21,33,17,16
2024-01-21,29,16,13
2024-01-21,22,13,9
2024-01-21,40,23,17
2024-01-21,59,37,22
2024-01-21,60,33,27
2024-01-21,37,17,20
2024-01-21,15,6,9
2024-01-21,15,3,12
2024-01-21,3,1,2
2024-01-21,2,1,1
2024-01-21,2,0,2
2024-01-21,0,0,0
2024-01-21,3,1,2
2024-01-21,1,1,0
2024-01-21,11,4,7
2024-01-20,10,3,7
2024-01-20,12,2,10
2024-01-20,16,5,11
2024-01-20,9,5,4
2024-01-20,33,16,17
2024-01-20,35,17,18
2024-01-20,74,32,42
2024-01-20,130,53,77
2024-01-20,180,82,98
2024-01-20,197,88,109
2024-01-20,185,80,105
2024-01-20,128,67,61
2024-01-20,134,60,74
2024-01-20,87,55,32
2024-01-20,61,25,36
2024-01-20,45,20,25
2024-01-20,21,7,14
2024-01-20,11,5,6
2024-01-20,3,1,2
2024-01-20,3,0,3
2024-01-20,2,1,1
2024-01-20,4,4,0
2024-01-20,4,2,2
2024-01-20,6,3,3
2024-01-19,17,5,12
2024-01-19,20,9,11
2024-01-19,35,9,26
2024-01-19,27,14,13
2024-01-19,52,15,37
2024-01-19,92,25,67
2024-01-19,181,40,141
2024-01-19,172,45,127
2024-01-19,79,25,54
2024-01-19,71,27,44
2024-01-19,65,31,34
2024-01-19,67,29,38
2024-01-19,63,29,34
2024-01-19,57,19,38
2024-01-19,92,29,63
2024-01-19,153,55,98
2024-01-19,91,28,63
2024-01-19,29,11,18
2024-01-19,12,3,9
2024-01-19,3,2,1
2024-01-19,4,1,3
2024-01-19,0,0,0
2024-01-19,2,1,1
2024-01-19,2,1,1
2024-01-18,3,0,3
2024-01-18,10,5,5
2024-01-18,16,8,8
2024-01-18,23,6,17
2024-01-18,42,17,25
2024-01-18,98,18,80
2024-01-18,194,45,149
2024-01-18,116,33,83
2024-01-18,55,13,42
2024-01-18,24,6,18
2024-01-18,25,7,18
2024-01-18,27,11,16
2024-01-18,25,11,14
2024-01-18,38,16,22
2024-01-18,96,26,70
2024-01-18,149,40,109
2024-01-18,100,39,61
2024-01-18,40,16,24
2024-01-18,12,6,6
2024-01-18,5,2,3
2024-01-18,2,1,1
2024-01-18,1,0,1
2024-01-18,0,0,0
2024-01-18,2,0,2
2024-01-17,8,4,4
2024-01-17,9,8,1
2024-01-17,14,4,10
2024-01-17,27,8,19
2024-01-17,34,9,25
2024-01-17,93,26,67
2024-01-17,148,27,121
2024-01-17,108,22,86
2024-01-17,45,10,35
2024-01-17,24,7,17
2024-01-17,21,8,13
2024-01-17,21,8,13
2024-01-17,13,4,9
2024-01-17,26,5,21
2024-01-17,91,28,63
2024-01-17,138,43,95
2024-01-17,99,40,59
2024-01-17,29,11,18
2024-01-17,14,7,7
2024-01-17,1,0,1
2024-01-17,1,0,1
2024-01-17,1,0,1
2024-01-17,1,0,1
2024-01-17,2,1,1
2024-01-16,5,2,3
2024-01-16,7,4,3
2024-01-16,17,6,11
2024-01-16,30,10,20
2024-01-16,52,17,35
2024-01-16,115,35,80
2024-01-16,227,36,191
2024-01-16,183,41,142
2024-01-16,115,38,77
2024-01-16,52,24,28
2024-01-16,50,14,36
2024-01-16,59,28,31
2024-01-16,55,15,40
2024-01-16,49,20,29
2024-01-16,135,45,90
2024-01-16,219,67,152
2024-01-16,135,55,80
2024-01-16,39,17,22
2024-01-16,11,3,8
2024-01-16,0,0,0
2024-01-16,3,1,2
2024-01-16,1,1,0
2024-01-16,3,0,3
2024-01-16,6,0,6
2024-01-15,5,2,3
2024-01-15,2,0,2
2024-01-15,4,1,3
2024-01-15,12,6,6
2024-01-15,13,6,7
2024-01-15,37,15,22
2024-01-15,60,15,45
2024-01-15,59,24,35
2024-01-15,68,29,39
2024-01-15,70,33,37
2024-01-15,67,34,33
2024-01-15,43,24,19
2024-01-15,31,13,18
2024-01-15,36,16,20
2024-01-15,27,11,16
2024-01-15,32,13,19
2024-01-15,15,4,11
2024-01-15,7,1,6
2024-01-15,3,0,3
2024-01-15,1,1,0
2024-01-15,0,0,0
2024-01-15,0,0,0
2024-01-15,1,1,0
2024-01-15,0,0,0
2024-01-14,3,2,1
2024-01-14,3,1,2
2024-01-14,4,0,4
2024-01-14,8,3,5
2024-01-14,7,2,5
2024-01-14,12,8,4
2024-01-14,27,8,19
2024-01-14,45,16,29
2024-01-14,56,31,25
2024-01-14,70,37,33
2024-01-14,49,16,33
2024-01-14,49,18,31
2024-01-14,30,10,20
2024-01-14,23,15,8
2024-01-14,16,7,9
2024-01-14,4,1,3
2024-01-14,4,0,4
2024-01-14,3,2,1
2024-01-14,1,0,1
2024-01-14,0,0,0
2024-01-14,0,0,0
2024-01-14,0,0,0
2024-01-14,3,2,1
2024-01-14,4,1,3
2024-01-13,7,1,6
2024-01-13,7,0,7
2024-01-13,4,0,4
2024-01-13,8,4,4
2024-01-13,8,1,7
2024-01-13,12,5,7
2024-01-13,16,9,7
2024-01-13,19,13,6
2024-01-13,27,18,9
2024-01-13,28,13,15
2024-01-13,19,10,9
2024-01-13,19,7,12
2024-01-13,18,4,14
2024-01-13,8,7,1
2024-01-13,4,1,3
2024-01-13,7,1,6
2024-01-13,4,0,4
2024-01-13,3,2,1
2024-01-13,0,0,0
2024-01-13,2,1,1
2024-01-13,1,1,0
2024-01-13,1,1,0
2024-01-13,4,2,2
2024-01-13,6,5,1
2024-01-12,10,5,5
2024-01-12,6,4,2
2024-01-12,7,3,4
2024-01-12,11,6,5
2024-01-12,23,9,14
2024-01-12,35,5,30
2024-01-12,77,17,60
2024-01-12,73,16,57
2024-01-12,43,18,25
2024-01-12,27,9,18
2024-01-12,29,18,11
2024-01-12,22,7,15
2024-01-12,42,20,22
2024-01-12,25,6,19
2024-01-12,52,21,31
2024-01-12,76,25,51
2024-01-12,38,14,24
2024-01-12,6,4,2
2024-01-12,8,5,3
2024-01-12,2,1,1
2024-01-12,2,2,0
2024-01-12,2,0,2
2024-01-12,1,0,1
2024-01-12,3,1,2
2024-01-11,2,1,1
2024-01-11,13,4,9
2024-01-11,24,7,17
2024-01-11,29,9,20
2024-01-11,67,12,55
2024-01-11,100,28,72
2024-01-11,228,45,183
2024-01-11,221,58,163
2024-01-11,152,49,103
2024-01-11,106,45,61
2024-01-11,61,19,42
2024-01-11,74,37,37
2024-01-11,76,26,50
2024-01-11,76,28,48
2024-01-11,151,47,104
2024-01-11,224,67,157
2024-01-11,143,60,83
2024-01-11,46,21,25
2024-01-11,17,8,9
2024-01-11,4,2,2
2024-01-11,2,1,1
2024-01-11,2,1,1
2024-01-11,3,2,1
2024-01-11,2,1,1
2024-01-10,6,2,4
2024-01-10,20,11,9
2024-01-10,16,9,7
2024-01-10,33,12,21
2024-01-10,64,26,38
2024-01-10,171,41,130
2024-01-10,289,50,239
2024-01-10,227,65,162
2024-01-10,131,37,94
2024-01-10,84,32,52
2024-01-10,68,21,47
2024-01-10,66,26,40
2024-01-10,81,34,47
2024-01-10,78,26,52
2024-01-10,185,54,131
2024-01-10,258,80,178
2024-01-10,175,65,110
2024-01-10,50,22,28
2024-01-10,10,4,6
2024-01-10,3,1,2
2024-01-10,2,0,2
2024-01-10,2,0,2
2024-01-10,3,2,1
2024-01-10,2,0,2
2024-01-09,8,1,7
2024-01-09,8,3,5
2024-01-09,13,5,8
2024-01-09,30,10,20
2024-01-09,64,28,36
2024-01-09,142,37,105
2024-01-09,264,48,216
2024-01-09,221,54,167
2024-01-09,105,36,69
2024-01-09,73,21,52
2024-01-09,31,14,17
2024-01-09,48,17,31
2024-01-09,31,12,19
2024-01-09,68,19,49
2024-01-09,148,50,98
2024-01-09,229,80,149
2024-01-09,148,57,91
2024-01-09,57,22,35
2024-01-09,13,6,7
2024-01-09,3,0,3
2024-01-09,2,1,1
2024-01-09,0,0,0
2024-01-09,3,0,3
2024-01-09,4,1,3
2024-01-08,4,4,0
2024-01-08,8,3,5
2024-01-08,10,6,4
2024-01-08,35,20,15
2024-01-08,19,5,14
2024-01-08,86,20,66
2024-01-08,149,36,113
2024-01-08,133,30,103
2024-01-08,84,26,58
2024-01-08,36,13,23
2024-01-08,22,7,15
2024-01-08,37,15,22
2024-01-08,40,16,24
2024-01-08,32,10,22
2024-01-08,85,28,57
2024-01-08,171,54,117
2024-01-08,96,34,62
2024-01-08,43,13,30
2024-01-08,16,6,10
2024-01-08,4,2,2
2024-01-08,0,0,0
2024-01-08,3,0,3
2024-01-08,0,0,0
2024-01-08,2,1,1
2024-01-07,9,4,5
2024-01-07,10,5,5
2024-01-07,6,3,3
2024-01-07,20,9,11
2024-01-07,15,7,8
2024-01-07,17,5,12
2024-01-07,41,18,23
2024-01-07,73,35,38
2024-01-07,81,45,36
2024-01-07,107,51,56
2024-01-07,86,43,43
2024-01-07,72,28,44
2024-01-07,79,30,49
2024-01-07,53,29,24
2024-01-07,32,10,22
2024-01-07,20,11,9
2024-01-07,10,2,8
2024-01-07,8,1,7
2024-01-07,3,1,2
2024-01-07,0,0,0
2024-01-07,1,1,0
2024-01-07,1,1,0
2024-01-07,5,2,3
2024-01-07,2,1,1
2024-01-06,14,3,11
2024-01-06,5,3,2
2024-01-06,12,5,7
2024-01-06,12,4,8
2024-01-06,26,9,17
2024-01-06,24,10,14
2024-01-06,38,19,19
2024-01-06,97,47,50
2024-01-06,159,83,76
2024-01-06,121,55,66
2024-01-06,127,55,72
2024-01-06,105,40,65
2024-01-06,90,43,47
2024-01-06,65,28,37
2024-01-06,55,26,29
2024-01-06,48,22,26
2024-01-06,13,4,9
2024-01-06,6,3,3
2024-01-06,1,1,0
2024-01-06,1,0,1
2024-01-06,0,0,0
2024-01-06,3,0,3
2024-01-06,3,2,1
2024-01-06,6,4,2
2024-01-05,11,6,5
2024-01-05,14,8,6
2024-01-05,8,6,2
2024-01-05,22,5,17
2024-01-05,39,15,24
2024-01-05,75,21,54
2024-01-05,150,23,127
2024-01-05,126,21,105
2024-01-05,86,36,50
2024-01-05,50,18,32
2024-01-05,53,19,34
2024-01-05,55,17,38
2024-01-05,88,38,50
2024-01-05,63,29,34
2024-01-05,135,48,87
2024-01-05,173,54,119
2024-01-05,107,52,55
2024-01-05,42,18,24
2024-01-05,21,10,11
2024-01-05,3,1,2
2024-01-05,1,0,1
2024-01-05,1,1,0
2024-01-05,1,0,1
2024-01-05,4,1,3
2024-01-04,10,3,7
2024-01-04,24,9,15
2024-01-04,28,11,17
2024-01-04,32,13,19
2024-01-04,59,20,39
2024-01-04,143,40,103
2024-01-04,287,63,224
2024-01-04,234,52,182
2024-01-04,112,39,73
2024-01-04,69,23,46
2024-01-04,52,21,31
2024-01-04,72,33,39
2024-01-04,60,24,36
2024-01-04,87,28,59
2024-01-04,164,54,110
2024-01-04,280,96,184
2024-01-04,167,68,99
2024-01-04,63,19,44
2024-01-04,12,3,9
2024-01-04,5,2,3
2024-01-04,3,1,2
2024-01-04,4,2,2
2024-01-04,3,0,3
2024-01-04,4,1,3
2024-01-03,6,5,1
2024-01-03,15,7,8
2024-01-03,25,13,12
2024-01-03,32,11,21
2024-01-03,58,16,42
2024-01-03,176,56,120
2024-01-03,280,61,219
2024-01-03,255,64,191
2024-01-03,151,50,101
2024-01-03,82,31,51
2024-01-03,85,31,54
2024-01-03,90,38,52
2024-01-03,87,37,50
2024-01-03,116,44,72
2024-01-03,190,72,118
2024-01-03,321,108,213
2024-01-03,171,63,108
2024-01-03,64,24,40
2024-01-03,19,10,9
2024-01-03,6,4,2
2024-01-03,1,0,1
2024-01-03,0,0,0
2024-01-03,2,0,2
2024-01-03,3,0,3
2024-01-02,5,2,3
2024-01-02,9,3,6
2024-01-02,13,9,4
2024-01-02,22,11,11
2024-01-02,38,10,28
2024-01-02,110,28,82
2024-01-02,281,43,238
2024-01-02,209,41,168
2024-01-02,90,30,60
2024-01-02,54,13,41
2024-01-02,17,10,7
2024-01-02,32,13,19
2024-01-02,33,6,27
2024-01-02,62,21,41
2024-01-02,138,54,84
2024-01-02,274,87,187
2024-01-02,180,69,111
2024-01-02,70,23,47
2024-01-02,17,6,11
2024-01-02,5,3,2
2024-01-02,0,0,0
2024-01-02,0,0,0
2024-01-02,0,0,0
2024-01-02,2,0,2
2024-01-01,6,1,5
2024-01-01,20,9,11
2024-01-01,13,7,6
2024-01-01,10,4,6
2024-01-01,12,5,7
2024-01-01,23,11,12
2024-01-01,50,27,23
2024-01-01,86,41,45
2024-01-01,98,47,51
2024-01-01,147,76,71
2024-01-01,109,50,59
2024-01-01,91,46,45
2024-01-01,82,40,42
2024-01-01,81,44,37
2024-01-01,34,20,14
2024-01-01,15,5,10
2024-01-01,8,3,5
2024-01-01,4,2,2
2024-01-01,1,0,1
2024-01-01,3,1,2
2024-01-01,8,3,5
2024-01-01,24,14,10
2024-01-01,62,22,40
2024-01-01,45,16,29
2023-12-31,45,15,30
2023-12-31,22,12,10
2023-12-31,20,9,11
2023-12-31,27,14,13
2023-12-31,33,14,19
2023-12-31,34,14,20
2023-12-31,30,16,14
2023-12-31,77,30,47
2023-12-31,133,65,68
2023-12-31,159,72,87
2023-12-31,147,70,77
2023-12-31,155,82,73
2023-12-31,111,58,53
2023-12-31,91,39,52
2023-12-31,73,22,51
2023-12-31,29,12,17
2023-12-31,11,6,5
2023-12-31,3,2,1
2023-12-31,3,2,1
2023-12-31,2,2,0
2023-12-31,1,1,0
2023-12-31,1,0,1
2023-12-31,0,0,0
2023-12-31,3,2,1
2023-12-30,12,4,8
2023-12-30,7,3,4
2023-12-30,17,3,14
2023-12-30,6,0,6
2023-12-30,32,12,20
2023-12-30,24,12,12
2023-12-30,32,16,16
2023-12-30,67,33,34
2023-12-30,60,23,37
2023-12-30,52,26,26
2023-12-30,57,36,21
2023-12-30,34,14,20
2023-12-30,28,15,13
2023-12-30,28,15,13
2023-12-30,31,9,22
2023-12-30,33,10,23
2023-12-30,12,2,10
2023-12-30,12,3,9
2023-12-30,3,2,1
2023-12-30,1,1,0
2023-12-30,2,0,2
2023-12-30,10,1,9
2023-12-30,7,5,2
2023-12-30,10,5,5
2023-12-29,13,9,4
2023-12-29,33,10,23
2023-12-29,16,5,11
2023-12-29,33,15,18
2023-12-29,43,21,22
2023-12-29,74,31,43
2023-12-29,81,25,56
2023-12-29,113,39,74
2023-12-29,142,52,90
2023-12-29,102,51,51
2023-12-29,100,50,50
2023-12-29,111,46,65
2023-12-29,76,33,43
2023-12-29,65,30,35
2023-12-29,56,22,34
2023-12-29,55,19,36
2023-12-29,44,11,33
2023-12-29,24,8,16
2023-12-29,9,1,8
2023-12-29,3,2,1
2023-12-29,0,0,0
2023-12-29,2,1,1
2023-12-29,2,0,2
2023-12-29,5,1,4
2023-12-28,13,6,7
2023-12-28,13,7,6
2023-12-28,25,14,11
2023-12-28,12,6,6
2023-12-28,32,8,24
2023-12-28,51,23,28
2023-12-28,84,22,62
2023-12-28,98,28,70
2023-12-28,92,37,55
2023-12-28,74,27,47
2023-12-28,68,32,36
2023-12-28,69,30,39
2023-12-28,45,25,20
2023-12-28,39,11,28
2023-12-28,52,12,40
2023-12-28,74,21,53
2023-12-28,60,27,33
2023-12-28,38,10,28
2023-12-28,12,3,9
2023-12-28,2,1,1
2023-12-28,1,1,0
2023-12-28,0,0,0
2023-12-28,3,0,3
2023-12-28,5,1,4
2023-12-27,7,3,4
2023-12-27,11,6,5
2023-12-27,17,10,7
2023-12-27,11,2,9
2023-12-27,25,11,14
2023-12-27,41,10,31
2023-12-27,84,27,57
2023-12-27,73,28,45
2023-12-27,70,29,41
2023-12-27,54,18,36
2023-12-27,38,13,25
2023-12-27,37,11,26
2023-12-27,40,19,21
2023-12-27,40,13,27
2023-12-27,75,24,51
2023-12-27,71,19,52
2023-12-27,57,26,31
2023-12-27,24,6,18
2023-12-27,9,2,7
2023-12-27,1,0,1
2023-12-27,2,2,0
2023-12-27,0,0,0
2023-12-27,5,2,3
2023-12-27,4,2,2
2023-12-26,4,2,2
2023-12-26,7,4,3
2023-12-26,15,5,10
2023-12-26,15,5,10
2023-12-26,33,10,23
2023-12-26,52,17,35
2023-12-26,77,28,49
2023-12-26,109,38,71
2023-12-26,107,50,57
2023-12-26,110,43,67
2023-12-26,110,61,49
2023-12-26,94,46,48
2023-12-26,73,39,34
2023-12-26,51,17,34
2023-12-26,55,19,36
2023-12-26,54,14,40
2023-12-26,35,15,20
2023-12-26,20,4,16
2023-12-26,9,3,6
2023-12-26,1,0,1
2023-12-26,2,2,0
2023-12-26,0,0,0
2023-12-26,0,0,0
2023-12-26,1,0,1
2023-12-25,2,0,2
2023-12-25,2,1,1
2023-12-25,4,3,1
2023-12-25,2,0,2
2023-12-25,1,0,1
2023-12-25,3,1,2
2023-12-25,6,4,2
2023-12-25,3,3,0
2023-12-25,13,6,7
2023-12-25,12,3,9
2023-12-25,6,5,1
2023-12-25,4,2,2
2023-12-25,6,4,2
2023-12-25,9,4,5
2023-12-25,7,3,4
2023-12-25,5,2,3
2023-12-25,6,2,4
2023-12-25,3,0,3
2023-12-25,3,0,3
2023-12-25,1,1,0
2023-12-25,0,0,0
2023-12-25,0,0,0
2023-12-25,3,1,2
2023-12-25,4,1,3
2023-12-24,4,1,3
2023-12-24,9,2,7
2023-12-24,1,0,1
2023-12-24,6,5,1
2023-12-24,8,6,2
2023-12-24,18,5,13
2023-12-24,12,7,5
2023-12-24,35,14,21
2023-12-24,40,19,21
2023-12-24,42,21,21
2023-12-24,60,31,29
2023-12-24,41,15,26
2023-12-24,44,26,18
2023-12-24,52,30,22
2023-12-24,31,9,22
2023-12-24,14,4,10
2023-12-24,9,3,6
2023-12-24,4,2,2
2023-12-24,0,0,0
2023-12-24,1,0,1
2023-12-24,0,0,0
2023-12-24,3,0,3
2023-12-24,5,1,4
2023-12-24,1,1,0
2023-12-23,8,6,2
2023-12-23,17,6,11
2023-12-23,23,4,19
2023-12-23,9,5,4
2023-12-23,23,5,18
2023-12-23,22,10,12
2023-12-23,42,23,19
2023-12-23,84,30,54
2023-12-23,132,55,77
2023-12-23,143,84,59
2023-12-23,121,64,57
2023-12-23,82,45,37
2023-12-23,61,32,29
2023-12-23,38,21,17
2023-12-23,30,12,18
2023-12-23,35,11,24
2023-12-23,9,2,7
2023-12-23,4,3,1
2023-12-23,3,1,2
2023-12-23,3,0,3
2023-12-23,2,0,2
2023-12-23,8,5,3
2023-12-23,3,1,2
2023-12-23,10,2,8
2023-12-22,7,3,4
2023-12-22,9,3,6
2023-12-22,6,0,6
2023-12-22,16,5,11
2023-12-22,25,11,14
2023-12-22,39,12,27
2023-12-22,51,11,40
2023-12-22,67,29,38
2023-12-22,55,19,36
2023-12-22,29,9,20
2023-12-22,24,10,14
2023-12-22,24,7,17
2023-12-22,19,8,11
2023-12-22,19,6,13
2023-12-22,32,11,21
2023-12-22,38,11,27
2023-12-22,33,12,21
2023-12-22,15,7,8
2023-12-22,8,2,6
2023-12-22,1,0,1
2023-12-22,0,0,0
2023-12-22,4,1,3
2023-12-22,4,1,3
2023-12-22,12,3,9
2023-12-21,11,5,6
2023-12-21,16,10,6
2023-12-21,29,13,16
2023-12-21,28,12,16
2023-12-21,57,18,39
2023-12-21,112,24,88
2023-12-21,198,49,149
2023-12-21,163,59,104
2023-12-21,147,44,103
2023-12-21,111,39,72
2023-12-21,78,28,50
2023-12-21,66,27,39
2023-12-21,59,23,36
2023-12-21,71,28,43
2023-12-21,121,28,93
2023-12-21,151,47,104
2023-12-21,100,39,61
2023-12-21,42,10,32
2023-12-21,12,5,7
2023-12-21,10,2,8
2023-12-21,3,2,1
2023-12-21,3,0,3
2023-12-21,5,0,5
2023-12-21,7,0,7
2023-12-20,13,8,5
2023-12-20,17,8,9
2023-12-20,30,9,21
2023-12-20,35,5,30
2023-12-20,49,9,40
2023-12-20,119,25,94
2023-12-20,212,41,171
2023-12-20,224,77,147
2023-12-20,136,49,87
2023-12-20,136,59,77
2023-12-20,99,50,49
2023-12-20,89,35,54
2023-12-20,93,36,57
2023-12-20,94,30,64
2023-12-20,133,45,88
2023-12-20,200,53,147
2023-12-20,136,49,87
2023-12-20,51,20,31
2023-12-20,15,6,9
2023-12-20,5,2,3
2023-12-20,1,1,0
2023-12-20,4,2,2
2023-12-20,2,0,2
2023-12-20,5,2,3
2023-12-19,2,1,1
2023-12-19,10,4,6
2023-12-19,18,6,12
2023-12-19,32,6,26
2023-12-19,53,13,40
2023-12-19,119,33,86
2023-12-19,182,36,146
2023-12-19,172,38,134
2023-12-19,89,24,65
2023-12-19,37,15,22
2023-12-19,30,12,18
2023-12-19,34,16,18
2023-12-19,42,18,24
2023-12-19,62,24,38
2023-12-19,116,39,77
2023-12-19,185,57,128
2023-12-19,106,42,64
2023-12-19,45,13,32
2023-12-19,19,5,14
2023-12-19,4,1,3
2023-12-19,2,0,2
2023-12-19,1,0,1
2023-12-19,2,0,2
2023-12-19,8,2,6
2023-12-18,4,3,1
2023-12-18,8,4,4
2023-12-18,19,7,12
2023-12-18,29,8,21
2023-12-18,35,9,26
2023-12-18,99,27,72
2023-12-18,163,31,132
2023-12-18,150,38,112
2023-12-18,117,29,88
2023-12-18,77,34,43
2023-12-18,46,19,27
2023-12-18,70,26,44
2023-12-18,51,27,24
2023-12-18,66,25,41
2023-12-18,108,37,71
2023-12-18,209,70,139
2023-12-18,110,42,68
2023-12-18,46,13,33
2023-12-18,17,6,11
2023-12-18,6,3,3
2023-12-18,1,0,1
2023-12-18,2,1,1
2023-12-18,2,0,2
2023-12-18,4,1,3
2023-12-17,5,3,2
2023-12-17,14,6,8
2023-12-17,12,3,9
2023-12-17,19,5,14
2023-12-17,27,9,18
2023-12-17,43,18,25
2023-12-17,60,26,34
2023-12-17,94,31,63
2023-12-17,138,54,84
2023-12-17,151,61,90
2023-12-17,157,69,88
2023-12-17,115,55,60
2023-12-17,142,83,59
2023-12-17,85,28,57
2023-12-17,58,25,33
2023-12-17,19,8,11
2023-12-17,10,4,6
2023-12-17,8,2,6
2023-12-17,2,1,1
2023-12-17,1,0,1
2023-12-17,3,1,2
2023-12-17,4,2,2
2023-12-17,4,3,1
2023-12-17,7,1,6
2023-12-16,12,6,6
2023-12-16,23,3,20
2023-12-16,31,11,20
2023-12-16,22,9,13
2023-12-16,49,20,29
2023-12-16,39,19,20
2023-12-16,67,29,38
2023-12-16,99,49,50
2023-12-16,133,62,71
2023-12-16,170,77,93
2023-12-16,142,66,76
2023-12-16,134,42,92
2023-12-16,102,44,58
2023-12-16,74,28,46
2023-12-16,53,17,36
2023-12-16,46,18,28
2023-12-16,20,6,14
2023-12-16,10,2,8
2023-12-16,3,1,2
2023-12-16,3,1,2
2023-12-16,2,1,1
2023-12-16,10,7,3
2023-12-16,6,3,3
2023-12-16,14,5,9
2023-12-15,15,1,14
2023-12-15,23,9,14
2023-12-15,30,12,18
2023-12-15,38,20,18
2023-12-15,68,25,43
2023-12-15,107,30,77
2023-12-15,194,54,140
2023-12-15,179,51,128
2023-12-15,199,75,124
2023-12-15,125,53,72
2023-12-15,120,46,74
2023-12-15,100,49,51
2023-12-15,85,36,49
2023-12-15,87,32,55
2023-12-15,155,53,102
2023-12-15,174,60,114
2023-12-15,116,49,67
2023-12-15,38,13,25
2023-12-15,17,6,11
2023-12-15,5,1,4
2023-12-15,0,0,0
2023-12-15,4,1,3
2023-12-15,4,2,2
2023-12-15,3,2,1
2023-12-14,12,4,8
2023-12-14,32,9,23
2023-12-14,41,19,22
2023-12-14,35,14,21
2023-12-14,79,21,58
2023-12-14,153,37,116
2023-12-14,267,58,209
2023-12-14,189,45,144
2023-12-14,113,34,79
2023-12-14,61,17,44
2023-12-14,59,24,35
2023-12-14,57,20,37
2023-12-14,66,21,45
2023-12-14,77,32,45
2023-12-14,134,48,86
2023-12-14,218,66,152
2023-12-14,147,62,85
2023-12-14,44,14,30
2023-12-14,9,2,7
2023-12-14,6,1,5
2023-12-14,1,0,1
2023-12-14,2,2,0
2023-12-14,3,1,2
2023-12-14,14,6,8
2023-12-13,7,3,4
2023-12-13,38,11,27
2023-12-13,48,18,30
2023-12-13,51,15,36
2023-12-13,85,27,58
2023-12-13,213,47,166
2023-12-13,316,67,249
2023-12-13,280,80,200
2023-12-13,165,47,118
2023-12-13,123,49,74
2023-12-13,97,33,64
2023-12-13,116,49,67
2023-12-13,85,43,42
2023-12-13,91,27,64
2023-12-13,180,53,127
2023-12-13,307,102,205
2023-12-13,200,82,118
2023-12-13,69,23,46
2023-12-13,21,8,13
2023-12-13,6,2,4
2023-12-13,1,0,1
2023-12-13,2,2,0
2023-12-13,3,0,3
2023-12-13,12,3,9
2023-12-12,13,3,10
2023-12-12,22,6,16
2023-12-12,44,15,29
2023-12-12,34,9,25
2023-12-12,91,30,61
2023-12-12,198,40,158
2023-12-12,318,66,252
2023-12-12,287,57,230
2023-12-12,172,52,120
2023-12-12,116,44,72
2023-12-12,106,53,53
2023-12-12,100,45,55
2023-12-12,94,42,52
2023-12-12,107,36,71
2023-12-12,201,61,140
2023-12-12,331,109,222
2023-12-12,188,67,121
2023-12-12,72,28,44
2023-12-12,23,8,15
2023-12-12,6,1,5
2023-12-12,1,1,0
2023-12-12,4,2,2
2023-12-12,5,0,5
2023-12-12,6,1,5
2023-12-11,8,1,7
2023-12-11,19,8,11
2023-12-11,30,13,17
2023-12-11,36,16,20
2023-12-11,79,23,56
2023-12-11,158,47,111
2023-12-11,274,50,224
2023-12-11,203,43,160
2023-12-11,137,41,96
2023-12-11,93,33,60
2023-12-11,73,26,47
2023-12-11,63,28,35
2023-12-11,67,28,39
2023-12-11,69,25,44
2023-12-11,135,36,99
2023-12-11,251,77,174
2023-12-11,179,81,98
2023-12-11,64,30,34
2023-12-11,19,8,11
2023-12-11,5,2,3
2023-12-11,2,2,0
2023-12-11,5,3,2
2023-12-11,1,0,1
2023-12-11,5,1,4
2023-12-10,4,3,1
2023-12-10,12,5,7
2023-12-10,18,11,7
2023-12-10,12,6,6
2023-12-10,23,12,11
2023-12-10,26,9,17
2023-12-10,50,18,32
2023-12-10,77,41,36
2023-12-10,119,52,67
2023-12-10,117,54,63
2023-12-10,112,51,61
2023-12-10,104,49,55
2023-12-10,112,41,71
2023-12-10,82,33,49
2023-12-10,34,15,19
2023-12-10,18,6,12
2023-12-10,8,3,5
2023-12-10,6,2,4
2023-12-10,2,1,1
2023-12-10,2,2,0
2023-12-10,1,0,1
2023-12-10,2,0,2
2023-12-10,5,2,3
2023-12-10,5,0,5
2023-12-09,11,5,6
2023-12-09,9,1,8
2023-12-09,11,5,6
2023-12-09,9,7,2
2023-12-09,15,10,5
2023-12-09,17,7,10
2023-12-09,16,11,5
2023-12-09,21,4,17
2023-12-09,25,16,9
2023-12-09,22,14,8
2023-12-09,16,7,9
2023-12-09,30,12,18
2023-12-09,48,29,19
2023-12-09,38,17,21
2023-12-09,40,16,24
2023-12-09,42,10,32
2023-12-09,18,9,9
2023-12-09,9,5,4
2023-12-09,4,2,2
2023-12-09,2,1,1
2023-12-09,2,1,1
2023-12-09,7,6,1
2023-12-09,6,2,4
2023-12-09,13,2,11
2023-12-08,22,7,15
2023-12-08,23,9,14
2023-12-08,33,9,24
2023-12-08,45,15,30
2023-12-08,70,18,52
2023-12-08,99,36,63
2023-12-08,187,58,129
2023-12-08,178,45,133
2023-12-08,159,66,93
2023-12-08,110,39,71
2023-12-08,102,40,62
2023-12-08,81,38,43
2023-12-08,60,24,36
2023-12-08,87,41,46
2023-12-08,136,38,98
2023-12-08,167,60,107
2023-12-08,108,54,54
2023-12-08,40,12,28
2023-12-08,17,8,9
2023-12-08,2,1,1
2023-12-08,2,1,1
2023-12-08,3,0,3
2023-12-08,4,1,3
2023-12-08,8,4,4
2023-12-07,17,5,12
2023-12-07,29,7,22
2023-12-07,24,10,14
2023-12-07,21,7,14
2023-12-07,76,18,58
2023-12-07,110,31,79
2023-12-07,214,47,167
2023-12-07,163,49,114
2023-12-07,70,25,45
2023-12-07,39,14,25
2023-12-07,24,10,14
2023-12-07,51,15,36
2023-12-07,38,15,23
2023-12-07,69,19,50
2023-12-07,100,33,67
2023-12-07,182,55,127
2023-12-07,112,53,59
2023-12-07,56,19,37
2023-12-07,14,5,9
2023-12-07,5,2,3
2023-12-07,1,1,0
2023-12-07,0,0,0
2023-12-07,7,1,6
2023-12-07,6,2,4
2023-12-06,4,4,0
2023-12-06,9,5,4
2023-12-06,23,6,17
2023-12-06,39,13,26
2023-12-06,63,15,48
2023-12-06,159,30,129
2023-12-06,249,41,208
2023-12-06,203,59,144
2023-12-06,109,36,73
2023-12-06,68,25,43
2023-12-06,44,9,35
2023-12-06,62,25,37
2023-12-06,54,21,33
2023-12-06,98,39,59
2023-12-06,174,55,119
2023-12-06,253,83,170
2023-12-06,132,55,77
2023-12-06,58,17,41
2023-12-06,19,10,9
2023-12-06,4,2,2
2023-12-06,1,1,0
2023-12-06,2,1,1
2023-12-06,3,0,3
2023-12-06,5,3,2
2023-12-05,6,0,6
2023-12-05,12,8,4
2023-12-05,13,7,6
2023-12-05,29,8,21
2023-12-05,48,22,26
2023-12-05,103,23,80
2023-12-05,180,25,155
2023-12-05,137,27,110
2023-12-05,74,25,49
2023-12-05,27,8,19
2023-12-05,33,9,24
2023-12-05,20,8,12
2023-12-05,33,12,21
2023-12-05,38,10,28
2023-12-05,98,29,69
2023-12-05,168,57,111
2023-12-05,116,47,69
2023-12-05,50,19,31
2023-12-05,12,4,8
2023-12-05,5,2,3
2023-12-05,2,1,1
2023-12-05,1,0,1
2023-12-05,2,0,2
2023-12-05,4,1,3
2023-12-04,5,3,2
2023-12-04,11,7,4
2023-12-04,9,4,5
2023-12-04,19,6,13
2023-12-04,42,11,31
2023-12-04,105,20,85
2023-12-04,174,32,142
2023-12-04,127,35,92
2023-12-04,57,14,43
2023-12-04,40,19,21
2023-12-04,25,5,20
2023-12-04,36,10,26
2023-12-04,20,6,14
2023-12-04,35,14,21
2023-12-04,88,24,64
2023-12-04,180,58,122
2023-12-04,127,50,77
2023-12-04,49,17,32
2023-12-04,16,7,9
2023-12-04,9,6,3
2023-12-04,2,2,0
2023-12-04,1,1,0
2023-12-04,3,0,3
2023-12-04,2,2,0
2023-12-03,12,6,6
2023-12-03,8,3,5
2023-12-03,16,9,7
2023-12-03,18,7,11
2023-12-03,19,6,13
2023-12-03,26,7,19
2023-12-03,44,24,20
2023-12-03,37,12,25
2023-12-03,49,15,34
2023-12-03,54,16,38
2023-12-03,71,36,35
2023-12-03,44,19,25
2023-12-03,56,26,30
2023-12-03,54,23,31
2023-12-03,31,12,19
2023-12-03,17,3,14
2023-12-03,7,1,6
2023-12-03,2,0,2
2023-12-03,6,4,2
2023-12-03,4,1,3
2023-12-03,0,0,0
2023-12-03,5,2,3
2023-12-03,9,4,5
2023-12-03,12,5,7
2023-12-02,12,5,7
2023-12-02,14,3,11
2023-12-02,33,4,29
2023-12-02,22,2,20
2023-12-02,46,15,31
2023-12-02,40,15,25
2023-12-02,66,23,43
2023-12-02,93,33,60
2023-12-02,154,71,83
2023-12-02,173,86,87
2023-12-02,162,74,88
2023-12-02,148,67,81
2023-12-02,132,52,80
2023-12-02,94,36,58
2023-12-02,56,35,21
2023-12-02,43,15,28
2023-12-02,16,8,8
2023-12-02,5,2,3
2023-12-02,6,3,3
2023-12-02,2,1,1
2023-12-02,1,0,1
2023-12-02,6,2,4
2023-12-02,2,2,0
2023-12-02,7,1,6
2023-12-01,16,6,10
2023-12-01,16,5,11
2023-12-01,34,8,26
2023-12-01,21,6,15
2023-12-01,39,11,28
2023-12-01,84,26,58
2023-12-01,158,41,117
2023-12-01,162,49,113
2023-12-01,123,51,72
2023-12-01,86,38,48
2023-12-01,75,32,43
2023-12-01,62,32,30
2023-12-01,44,17,27
2023-12-01,52,17,35
2023-12-01,102,32,70
2023-12-01,121,38,83
2023-12-01,82,32,50
2023-12-01,33,16,17
2023-12-01,10,3,7
2023-12-01,2,1,1
2023-12-01,1,1,0
2023-12-01,2,0,2
2023-12-01,1,0,1
2023-12-01,3,0,3
2023-11-30,9,6,3
2023-11-30,21,4,17
2023-11-30,21,11,10
2023-11-30,35,14,21
2023-11-30,67,19,48
2023-11-30,144,32,112
2023-11-30,226,44,182
2023-11-30,209,49,160
2023-11-30,113,36,77
2023-11-30,71,27,44
2023-11-30,63,24,39
2023-11-30,56,21,35
2023-11-30,70,26,44
2023-11-30,96,41,55
2023-11-30,163,42,121
2023-11-30,268,85,183
2023-11-30,149,66,83
2023-11-30,53,16,37
2023-11-30,22,7,15
2023-11-30,7,4,3
2023-11-30,1,1,0
2023-11-30,6,3,3
2023-11-30,3,2,1
2023-11-30,2,0,2
2023-11-29,5,1,4
2023-11-29,25,13,12
2023-11-29,31,14,17
2023-11-29,43,14,29
2023-11-29,74,23,51
2023-11-29,153,42,111
2023-11-29,329,70,259
2023-11-29,257,60,197
2023-11-29,172,56,116
2023-11-29,77,30,47
2023-11-29,70,27,43
2023-11-29,71,31,40
2023-11-29,89,36,53
2023-11-29,89,26,63
2023-11-29,171,52,119
2023-11-29,325,95,230
2023-11-29,184,76,108
2023-11-29,59,23,36
2023-11-29,14,5,9
2023-11-29,4,2,2
2023-11-29,1,0,1
2023-11-29,1,1,0
2023-11-29,2,0,2
2023-11-29,4,0,4
2023-11-28,12,7,5
2023-11-28,15,8,7
2023-11-28,27,10,17
2023-11-28,46,15,31
2023-11-28,76,22,54
2023-11-28,191,44,147
2023-11-28,347,72,275
2023-11-28,324,80,244
2023-11-28,171,69,102
2023-11-28,107,41,66
2023-11-28,73,35,38
2023-11-28,81,36,45
2023-11-28,70,26,44
2023-11-28,100,35,65
2023-11-28,169,57,112
2023-11-28,310,108,202
2023-11-28,200,76,124
2023-11-28,66,16,50
2023-11-28,19,4,15
2023-11-28,6,3,3
2023-11-28,3,1,2
2023-11-28,0,0,0
2023-11-28,2,0,2
2023-11-28,1,0,1
2023-11-27,11,2,9
2023-11-27,6,1,5
2023-11-27,23,14,9
2023-11-27,49,17,32
2023-11-27,60,19,41
2023-11-27,149,35,114
2023-11-27,253,52,201
2023-11-27,265,71,194
2023-11-27,164,60,104
2023-11-27,106,42,64
2023-11-27,79,37,42
2023-11-27,80,37,43
2023-11-27,68,36,32
2023-11-27,76,26,50
2023-11-27,144,54,90
2023-11-27,287,100,187
2023-11-27,165,62,103
2023-11-27,60,23,37
2023-11-27,17,11,6
2023-11-27,6,3,3
2023-11-27,2,0,2
2023-11-27,2,1,1
2023-11-27,0,0,0
2023-11-27,3,1,2
2023-11-26,10,2,8
2023-11-26,17,5,12
2023-11-26,23,8,15
2023-11-26,15,5,10
2023-11-26,20,9,11
2023-11-26,27,8,19
2023-11-26,52,23,29
2023-11-26,74,39,35
2023-11-26,169,85,84
2023-11-26,174,78,96
2023-11-26,162,72,90
2023-11-26,131,43,88
2023-11-26,123,70,53
2023-11-26,106,36,70
2023-11-26,71,36,35
2023-11-26,45,15,30
2023-11-26,26,6,20
2023-11-26,13,6,7
2023-11-26,0,0,0
2023-11-26,1,0,1
2023-11-26,1,0,1
2023-11-26,4,2,2
2023-11-26,6,1,5
2023-11-26,5,2,3
2023-11-25,13,6,7
2023-11-25,16,8,8
2023-11-25,30,8,22
2023-11-25,22,4,18
2023-11-25,39,9,30
2023-11-25,40,20,20
2023-11-25,90,45,45
2023-11-25,110,57,53
2023-11-25,146,64,82
2023-11-25,172,82,90
2023-11-25,187,85,102
2023-11-25,140,73,67
2023-11-25,107,47,60
2023-11-25,73,28,45
2023-11-25,52,22,30
2023-11-25,36,15,21
2023-11-25,17,4,13
2023-11-25,4,2,2
2023-11-25,4,2,2
2023-11-25,2,0,2
2023-11-25,1,1,0
2023-11-25,4,2,2
2023-11-25,10,6,4
2023-11-25,4,0,4
2023-11-24,10,7,3
2023-11-24,20,5,15
2023-11-24,9,4,5
2023-11-24,18,8,10
2023-11-24,39,9,30
2023-11-24,37,16,21
2023-11-24,68,20,48
2023-11-24,100,41,59
2023-11-24,146,61,85
2023-11-24,168,81,87
2023-11-24,136,53,83
2023-11-24,116,51,65
2023-11-24,80,34,46
2023-11-24,56,23,33
2023-11-24,38,9,29
2023-11-24,43,19,24
2023-11-24,28,14,14
2023-11-24,12,4,8
2023-11-24,7,3,4
2023-11-24,3,2,1
2023-11-24,1,1,0
2023-11-24,2,1,1
2023-11-24,2,0,2
2023-11-24,1,0,1
2023-11-23,4,2,2
2023-11-23,10,5,5
2023-11-23,11,4,7
2023-11-23,11,2,9
2023-11-23,10,2,8
2023-11-23,12,3,9
2023-11-23,13,4,9
2023-11-23,40,19,21
2023-11-23,58,20,38
2023-11-23,89,35,54
2023-11-23,81,40,41
2023-11-23,94,48,46
2023-11-23,97,44,53
2023-11-23,68,35,33
2023-11-23,50,26,24
2023-11-23,31,11,20
2023-11-23,10,3,7
2023-11-23,10,4,6
2023-11-23,5,3,2
2023-11-23,0,0,0
2023-11-23,2,0,2
2023-11-23,3,3,0
2023-11-23,3,3,0
2023-11-23,6,2,4
2023-11-22,18,5,13
2023-11-22,18,5,13
2023-11-22,27,10,17
2023-11-22,37,12,25
2023-11-22,46,19,27
2023-11-22,71,18,53
2023-11-22,148,42,106
2023-11-22,190,62,128
2023-11-22,175,56,119
2023-11-22,122,54,68
2023-11-22,111,41,70
2023-11-22,97,38,59
2023-11-22,72,29,43
2023-11-22,84,28,56
2023-11-22,135,53,82
2023-11-22,183,67,116
2023-11-22,112,39,73
2023-11-22,32,7,25
2023-11-22,18,8,10
2023-11-22,3,1,2
2023-11-22,0,0,0
2023-11-22,2,2,0
2023-11-22,2,0,2
2023-11-22,4,1,3
2023-11-21,15,13,2
2023-11-21,14,9,5
2023-11-21,17,6,11
2023-11-21,38,12,26
2023-11-21,64,15,49
2023-11-21,143,38,105
2023-11-21,267,53,214
2023-11-21,248,56,192
2023-11-21,172,62,110
2023-11-21,110,33,77
2023-11-21,80,30,50
2023-11-21,89,41,48
2023-11-21,90,38,52
2023-11-21,87,34,53
2023-11-21,180,50,130
2023-11-21,272,93,179
2023-11-21,186,75,111
2023-11-21,73,28,45
2023-11-21,15,9,6
2023-11-21,10,6,4
2023-11-21,1,1,0
2023-11-21,3,2,1
2023-11-21,4,2,2
2023-11-21,4,2,2
2023-11-20,8,2,6
2023-11-20,22,7,15
2023-11-20,21,11,10
2023-11-20,53,24,29
2023-11-20,57,13,44
2023-11-20,132,34,98
2023-11-20,286,63,223
2023-11-20,271,68,203
2023-11-20,165,56,109
2023-11-20,114,39,75
2023-11-20,102,38,64
2023-11-20,79,29,50
2023-11-20,71,26,45
2023-11-20,88,32,56
2023-11-20,177,60,117
2023-11-20,265,78,187
2023-11-20,175,69,106
2023-11-20,67,27,40
2023-11-20,21,10,11
2023-11-20,3,2,1
2023-11-20,0,0,0
2023-11-20,0,0,0
2023-11-20,2,1,1
2023-11-20,4,1,3
2023-11-19,8,6,2
2023-11-19,7,2,5
2023-11-19,14,9,5
2023-11-19,26,10,16
2023-11-19,15,7,8
2023-11-19,30,15,15
2023-11-19,61,25,36
2023-11-19,118,51,67
2023-11-19,124,55,69
2023-11-19,146,65,81
2023-11-19,105,56,49
2023-11-19,128,54,74
2023-11-19,144,52,92
2023-11-19,83,38,45
2023-11-19,67,28,39
2023-11-19,42,14,28
2023-11-19,17,6,11
2023-11-19,3,1,2
2023-11-19,2,1,1
2023-11-19,0,0,0
2023-11-19,2,1,1
2023-11-19,8,1,7
2023-11-19,4,2,2
2023-11-19,7,4,3
2023-11-18,7,3,4
2023-11-18,7,3,4
2023-11-18,15,6,9
2023-11-18,24,12,12
2023-11-18,32,7,25
2023-11-18,41,14,27
2023-11-18,86,35,51
2023-11-18,126,61,65
2023-11-18,143,73,70
2023-11-18,170,77,93
2023-11-18,154,77,77
2023-11-18,155,78,77
2023-11-18,148,74,74
2023-11-18,103,36,67
2023-11-18,56,26,30
2023-11-18,50,19,31
2023-11-18,26,6,20
2023-11-18,14,2,12
2023-11-18,4,1,3
2023-11-18,2,0,2
2023-11-18,4,2,2
2023-11-18,9,4,5
2023-11-18,9,6,3
2023-11-18,16,6,10
2023-11-17,23,8,15
2023-11-17,35,10,25
2023-11-17,28,12,16
2023-11-17,43,21,22
2023-11-17,88,26,62
2023-11-17,117,38,79
2023-11-17,275,82,193
2023-11-17,252,76,176
2023-11-17,196,74,122
2023-11-17,155,57,98
2023-11-17,146,57,89
2023-11-17,127,53,74
2023-11-17,89,36,53
2023-11-17,89,35,54
2023-11-17,161,58,103
2023-11-17,213,81,132
2023-11-17,140,55,85
2023-11-17,46,16,30
2023-11-17,21,6,15
2023-11-17,4,2,2
2023-11-17,2,0,2
2023-11-17,3,1,2
2023-11-17,4,3,1
2023-11-17,8,1,7
2023-11-16,13,7,6
2023-11-16,36,11,25
2023-11-16,37,12,25
2023-11-16,49,16,33
2023-11-16,80,27,53
2023-11-16,203,55,148
2023-11-16,361,88,273
2023-11-16,327,93,234
2023-11-16,197,65,132
2023-11-16,136,56,80
2023-11-16,105,33,72
2023-11-16,97,49,48
2023-11-16,93,46,47
2023-11-16,96,36,60
2023-11-16,222,71,151
2023-11-16,339,119,220
2023-11-16,208,96,112
2023-11-16,90,30,60
2023-11-16,15,2,13
2023-11-16,6,4,2
2023-11-16,2,2,0
2023-11-16,4,2,2
2023-11-16,2,1,1
2023-11-16,9,2,7
2023-11-15,10,4,6
2023-11-15,33,14,19
2023-11-15,39,13,26
2023-11-15,67,20,47
2023-11-15,89,27,62
2023-11-15,209,45,164
2023-11-15,360,93,267
2023-11-15,344,84,260
2023-11-15,201,73,128
2023-11-15,119,51,68
2023-11-15,99,43,56
2023-11-15,101,51,50
2023-11-15,94,40,54
2023-11-15,75,26,49
2023-11-15,227,80,147
2023-11-15,360,117,243
2023-11-15,238,96,142
2023-11-15,72,24,48
2023-11-15,20,6,14
2023-11-15,6,4,2
2023-11-15,0,0,0
2023-11-15,2,1,1
2023-11-15,3,0,3
2023-11-15,5,0,5
2023-11-14,15,6,9
2023-11-14,20,11,9
2023-11-14,38,15,23
2023-11-14,48,13,35
2023-11-14,103,28,75
2023-11-14,199,45,154
2023-11-14,430,89,341
2023-11-14,384,103,281
2023-11-14,204,65,139
2023-11-14,133,47,86
2023-11-14,92,42,50
2023-11-14,98,38,60
2023-11-14,98,38,60
2023-11-14,119,49,70
2023-11-14,232,75,157
2023-11-14,412,146,266
2023-11-14,268,114,154
2023-11-14,94,32,62
2023-11-14,17,6,11
2023-11-14,9,5,4
2023-11-14,0,0,0
2023-11-14,7,5,2
2023-11-14,5,1,4
2023-11-14,5,1,4
2023-11-13,13,5,8
2023-11-13,19,9,10
2023-11-13,31,9,22
2023-11-13,45,19,26
2023-11-13,80,29,51
2023-11-13,166,46,120
2023-11-13,318,73,245
2023-11-13,300,84,216
2023-11-13,183,68,115
2023-11-13,115,40,75
2023-11-13,81,31,50
2023-11-13,88,42,46
2023-11-13,65,26,39
2023-11-13,75,21,54
2023-11-13,176,63,113
2023-11-13,299,88,211
2023-11-13,186,64,122
2023-11-13,76,29,47
2023-11-13,19,10,9
2023-11-13,5,4,1
2023-11-13,5,3,2
2023-11-13,3,1,2
2023-11-13,3,2,1
2023-11-13,7,1,6
2023-11-12,8,5,3
2023-11-12,11,4,7
2023-11-12,14,11,3
2023-11-12,15,9,6
2023-11-12,28,7,21
2023-11-12,19,9,10
2023-11-12,62,23,39
2023-11-12,54,19,35
2023-11-12,67,27,40
2023-11-12,102,34,68
2023-11-12,123,61,62
2023-11-12,132,61,71
2023-11-12,149,91,58
2023-11-12,123,56,67
2023-11-12,76,31,45
2023-11-12,45,28,17
2023-11-12,27,6,21
2023-11-12,9,1,8
2023-11-12,4,4,0
2023-11-12,2,1,1
2023-11-12,3,2,1
2023-11-12,9,4,5
2023-11-12,7,4,3
2023-11-12,11,4,7
2023-11-11,18,6,12
2023-11-11,21,5,16
2023-11-11,32,8,24
2023-11-11,30,12,18
2023-11-11,41,5,36
2023-11-11,36,9,27
2023-11-11,75,43,32
2023-11-11,136,70,66
2023-11-11,79,42,37
2023-11-11,129,65,64
2023-11-11,119,51,68
2023-11-11,120,68,52
2023-11-11,86,39,47
2023-11-11,81,43,38
2023-11-11,55,25,30
2023-11-11,28,13,15
2023-11-11,16,3,13
2023-11-11,1,0,1
2023-11-11,1,1,0
2023-11-11,2,1,1
2023-11-11,1,0,1
2023-11-11,6,3,3
2023-11-11,6,4,2
2023-11-11,8,2,6
2023-11-10,24,8,16
2023-11-10,33,12,21
2023-11-10,39,10,29
2023-11-10,27,9,18
2023-11-10,45,13,32
2023-11-10,93,21,72
2023-11-10,137,33,104
2023-11-10,175,52,123
2023-11-10,141,50,91
2023-11-10,100,41,59
2023-11-10,86,41,45
2023-11-10,92,41,51
2023-11-10,101,50,51
2023-11-10,95,38,57
2023-11-10,120,50,70
2023-11-10,150,55,95
2023-11-10,110,48,62
2023-11-10,46,14,32
2023-11-10,23,6,17
2023-11-10,5,2,3
2023-11-10,3,1,2
2023-11-10,1,1,0
2023-11-10,7,2,5
2023-11-10,6,1,5
2023-11-09,19,9,10
2023-11-09,23,10,13
2023-11-09,28,6,22
2023-11-09,50,13,37
2023-11-09,76,20,56
2023-11-09,171,52,119
2023-11-09,283,51,232
2023-11-09,233,60,173
2023-11-09,181,69,112
2023-11-09,118,44,74
2023-11-09,93,41,52
2023-11-09,94,42,52
2023-11-09,81,34,47
2023-11-09,131,25,106
2023-11-09,209,64,145
2023-11-09,337,115,222
2023-11-09,232,92,140
2023-11-09,66,19,47
2023-11-09,26,12,14
2023-11-09,7,2,5
2023-11-09,1,1,0
2023-11-09,2,0,2
2023-11-09,2,0,2
2023-11-09,8,4,4
2023-11-08,27,11,16
2023-11-08,30,9,21
2023-11-08,46,21,25
2023-11-08,51,20,31
2023-11-08,115,42,73
2023-11-08,204,55,149
2023-11-08,467,123,344
2023-11-08,439,126,313
2023-11-08,262,100,162
2023-11-08,140,58,82
2023-11-08,143,58,85
2023-11-08,138,68,70
2023-11-08,106,43,63
2023-11-08,134,45,89
2023-11-08,246,81,165
2023-11-08,398,135,263
2023-11-08,295,122,173
2023-11-08,107,44,63
2023-11-08,21,11,10
2023-11-08,7,6,1
2023-11-08,0,0,0
2023-11-08,0,0,0
2023-11-08,6,2,4
2023-11-08,7,2,5
2023-11-07,10,4,6
2023-11-07,34,14,20
2023-11-07,30,13,17
2023-11-07,48,15,33
2023-11-07,114,37,77
2023-11-07,210,58,152
2023-11-07,415,78,337
2023-11-07,333,76,257
2023-11-07,173,52,121
2023-11-07,104,43,61
2023-11-07,55,22,33
2023-11-07,67,28,39
2023-11-07,84,25,59
2023-11-07,81,39,42
2023-11-07,207,75,132
2023-11-07,355,125,230
2023-11-07,262,94,168
2023-11-07,86,37,49
2023-11-07,21,5,16
2023-11-07,6,3,3
2023-11-07,2,1,1
2023-11-07,3,0,3
2023-11-07,6,2,4
2023-11-07,3,0,3
2023-11-06,7,3,4
2023-11-06,12,5,7
2023-11-06,16,9,7
2023-11-06,26,6,20
2023-11-06,63,20,43
2023-11-06,130,41,89
2023-11-06,226,43,183
2023-11-06,159,33,126
2023-11-06,87,26,61
2023-11-06,60,20,40
2023-11-06,39,18,21
2023-11-06,50,22,28
2023-11-06,47,19,28
2023-11-06,60,26,34
2023-11-06,115,40,75
2023-11-06,262,79,183
2023-11-06,170,73,97
2023-11-06,65,24,41
2023-11-06,16,9,7
2023-11-06,2,0,2
2023-11-06,0,0,0
2023-11-06,1,1,0
2023-11-06,2,1,1
2023-11-06,5,2,3
2023-11-05,4,2,2
2023-11-05,10,3,7
2023-11-05,8,2,6
2023-11-05,14,8,6
2023-11-05,14,8,6
2023-11-05,23,12,11
2023-11-05,32,15,17
2023-11-05,79,31,48
2023-11-05,98,53,45
2023-11-05,125,59,66
2023-11-05,155,70,85
2023-11-05,130,61,69
2023-11-05,152,67,85
2023-11-05,124,45,79
2023-11-05,93,42,51
2023-11-05,59,33,26
2023-11-05,27,13,14
2023-11-05,9,3,6
2023-11-05,6,2,4
2023-11-05,3,1,2
2023-11-05,1,1,0
2023-11-05,5,2,3
2023-11-05,14,6,8
2023-11-05,9,3,6
2023-11-04,21,3,18
2023-11-04,32,11,21
2023-11-04,35,6,29
2023-11-04,31,14,17
2023-11-04,79,23,56
2023-11-04,59,22,37
2023-11-04,124,60,64
2023-11-04,136,74,62
2023-11-04,96,48,48
2023-11-04,82,42,40
2023-11-04,46,24,22
2023-11-04,62,35,27
2023-11-04,22,5,17
2023-11-04,24,7,17
2023-11-04,27,11,16
2023-11-04,23,15,8
2023-11-04,12,5,7
2023-11-04,10,3,7
2023-11-04,4,1,3
2023-11-04,3,0,3
2023-11-04,1,1,0
2023-11-04,5,2,3
2023-11-04,7,2,5
2023-11-04,6,3,3
2023-11-03,11,7,4
2023-11-03,18,5,13
2023-11-03,27,9,18
2023-11-03,40,17,23
2023-11-03,56,28,28
2023-11-03,146,44,102
2023-11-03,297,83,214
2023-11-03,263,84,179
2023-11-03,180,70,110
2023-11-03,136,53,83
2023-11-03,114,43,71
2023-11-03,127,58,69
2023-11-03,101,40,61
2023-11-03,99,41,58
2023-11-03,198,54,144
2023-11-03,252,96,156
2023-11-03,153,65,88
2023-11-03,66,23,43
2023-11-03,22,9,13
2023-11-03,2,1,1
2023-11-03,1,1,0
2023-11-03,3,1,2
2023-11-03,7,3,4
2023-11-03,9,5,4
2023-11-02,11,3,8
2023-11-02,44,14,30
2023-11-02,32,10,22
2023-11-02,59,16,43
2023-11-02,82,18,64
2023-11-02,202,61,141
2023-11-02,359,88,271
2023-11-02,254,81,173
2023-11-02,151,56,95
2023-11-02,79,33,46
2023-11-02,64,26,38
2023-11-02,56,17,39
2023-11-02,70,36,34
2023-11-02,76,27,49
2023-11-02,134,30,104
2023-11-02,231,88,143
2023-11-02,150,64,86
2023-11-02,55,25,30
2023-11-02,20,8,12
2023-11-02,7,3,4
2023-11-02,1,1,0
2023-11-02,0,0,0
2023-11-02,3,0,3
2023-11-02,3,1,2
2023-11-01,11,5,6
2023-11-01,16,7,9
2023-11-01,22,10,12
2023-11-01,42,17,25
2023-11-01,73,22,51
2023-11-01,209,58,151
2023-11-01,348,66,282
2023-11-01,257,62,195
2023-11-01,143,52,91
2023-11-01,105,44,61
2023-11-01,91,24,67
2023-11-01,82,31,51
2023-11-01,83,32,51
2023-11-01,98,32,66
2023-11-01,217,71,146
2023-11-01,350,140,210
2023-11-01,208,74,134
2023-11-01,77,23,54
2023-11-01,19,10,9
2023-11-01,3,2,1
2023-11-01,1,0,1
2023-11-01,3,2,1
2023-11-01,6,1,5
2023-11-01,9,4,5
2023-10-31,10,3,7
2023-10-31,37,17,20
2023-10-31,34,15,19
2023-10-31,55,23,32
2023-10-31,98,34,64
2023-10-31,209,59,150
2023-10-31,457,118,339
2023-10-31,394,90,304
2023-10-31,214,69,145
2023-10-31,123,38,85
2023-10-31,102,40,62
2023-10-31,81,38,43
2023-10-31,91,35,56
2023-10-31,110,39,71
2023-10-31,235,61,174
2023-10-31,403,139,264
2023-10-31,242,99,143
2023-10-31,101,40,61
2023-10-31,15,6,9
2023-10-31,11,5,6
2023-10-31,0,0,0
2023-10-31,2,1,1
2023-10-31,4,1,3
2023-10-31,10,3,7
2023-10-30,11,7,4
2023-10-30,21,8,13
2023-10-30,27,7,20
2023-10-30,57,19,38
2023-10-30,81,23,58
2023-10-30,218,65,153
2023-10-30,433,120,313
2023-10-30,301,84,217
2023-10-30,177,60,117
2023-10-30,129,52,77
2023-10-30,111,46,65
2023-10-30,108,45,63
2023-10-30,103,47,56
2023-10-30,95,34,61
2023-10-30,188,70,118
2023-10-30,314,106,208
2023-10-30,199,74,125
2023-10-30,79,29,50
2023-10-30,18,7,11
2023-10-30,8,3,5
2023-10-30,0,0,0
2023-10-30,1,0,1
2023-10-30,1,0,1
2023-10-30,5,2,3
2023-10-29,9,3,6
2023-10-29,12,3,9
2023-10-29,13,2,11
2023-10-29,35,22,13
2023-10-29,40,18,22
2023-10-29,68,30,38
2023-10-29,116,56,60
2023-10-29,166,74,92
2023-10-29,174,76,98
2023-10-29,204,88,116
2023-10-29,173,82,91
2023-10-29,152,69,83
2023-10-29,139,77,62
2023-10-29,82,37,45
2023-10-29,65,23,42
2023-10-29,24,7,17
2023-10-29,11,5,6
2023-10-29,5,1,4
2023-10-29,4,3,1
2023-10-29,2,1,1
2023-10-29,1,0,1
2023-10-29,6,3,3
2023-10-29,10,5,5
2023-10-29,9,6,3
2023-10-28,20,8,12
2023-10-28,15,7,8
2023-10-28,48,9,39
2023-10-28,39,16,23
2023-10-28,78,19,59
2023-10-28,68,25,43
2023-10-28,117,45,72
2023-10-28,175,77,98
2023-10-28,189,84,105
2023-10-28,185,83,102
2023-10-28,154,74,80
2023-10-28,145,70,75
2023-10-28,99,47,52
2023-10-28,86,27,59
2023-10-28,43,15,28
2023-10-28,57,22,35
2023-10-28,21,3,18
2023-10-28,8,1,7
2023-10-28,2,1,1
2023-10-28,1,0,1
2023-10-28,4,3,1
2023-10-28,7,3,4
2023-10-28,9,4,5
2023-10-28,10,4,6
2023-10-27,15,6,9
2023-10-27,30,10,20
2023-10-27,33,14,19
2023-10-27,49,17,32
2023-10-27,55,17,38
2023-10-27,168,60,108
2023-10-27,299,77,222
2023-10-27,262,91,171
2023-10-27,209,84,125
2023-10-27,139,62,77
2023-10-27,97,45,52
2023-10-27,106,59,47
2023-10-27,90,28,62
2023-10-27,90,28,62
2023-10-27,150,59,91
2023-10-27,217,78,139
2023-10-27,137,52,85
2023-10-27,58,19,39
2023-10-27,20,8,12
2023-10-27,4,1,3
2023-10-27,2,1,1
2023-10-27,2,1,1
2023-10-27,4,0,4
2023-10-27,5,3,2
2023-10-26,14,5,9
2023-10-26,31,11,20
2023-10-26,52,14,38
2023-10-26,73,37,36
2023-10-26,116,39,77
2023-10-26,266,71,195
2023-10-26,487,117,370
2023-10-26,345,105,240
2023-10-26,180,62,118
2023-10-26,128,57,71
2023-10-26,103,46,57
2023-10-26,97,37,60
2023-10-26,81,35,46
2023-10-26,116,38,78
2023-10-26,229,82,147
2023-10-26,382,132,250
2023-10-26,246,102,144
2023-10-26,71,32,39
2023-10-26,30,11,19
2023-10-26,9,3,6
2023-10-26,2,1,1
2023-10-26,2,1,1
2023-10-26,5,0,5
2023-10-26,6,1,5
2023-10-25,13,8,5
2023-10-25,28,10,18
2023-10-25,37,17,20
2023-10-25,70,31,39
2023-10-25,79,23,56
2023-10-25,257,92,165
2023-10-25,435,112,323
2023-10-25,296,91,205
2023-10-25,188,90,98
2023-10-25,120,47,73
2023-10-25,82,27,55
2023-10-25,90,37,53
2023-10-25,67,34,33
2023-10-25,107,30,77
2023-10-25,177,64,113
2023-10-25,324,114,210
2023-10-25,179,77,102
2023-10-25,53,19,34
2023-10-25,16,8,8
2023-10-25,3,0,3
2023-10-25,1,0,1
2023-10-25,1,1,0
2023-10-25,7,2,5
2023-10-25,5,2,3
2023-10-24,5,2,3
2023-10-24,12,6,6
2023-10-24,22,12,10
2023-10-24,39,12,27
2023-10-24,60,19,41
2023-10-24,154,33,121
2023-10-24,349,71,278
2023-10-24,209,50,159
2023-10-24,135,44,91
2023-10-24,98,36,62
2023-10-24,77,27,50
2023-10-24,93,33,60
2023-10-24,65,28,37
2023-10-24,91,29,62
2023-10-24,206,67,139
2023-10-24,363,125,238
2023-10-24,231,94,137
2023-10-24,90,32,58
2023-10-24,19,6,13
2023-10-24,7,4,3
2023-10-24,3,1,2
2023-10-24,4,0,4
2023-10-24,4,0,4
2023-10-24,4,0,4
2023-10-23,19,1,18
2023-10-23,32,11,21
2023-10-23,44,12,32
2023-10-23,54,15,39
2023-10-23,72,26,46
2023-10-23,234,77,157
2023-10-23,431,114,317
2023-10-23,244,67,177
2023-10-23,170,49,121
2023-10-23,86,32,54
2023-10-23,68,25,43
2023-10-23,81,35,46
2023-10-23,66,32,34
2023-10-23,95,38,57
2023-10-23,202,72,130
2023-10-23,372,143,229
2023-10-23,225,87,138
2023-10-23,100,36,64
2023-10-23,20,10,10
2023-10-23,6,2,4
2023-10-23,0,0,0
2023-10-23,2,1,1
2023-10-23,5,3,2
2023-10-23,11,2,9
2023-10-22,13,5,8
2023-10-22,12,2,10
2023-10-22,17,4,13
2023-10-22,29,19,10
2023-10-22,44,16,28
2023-10-22,70,27,43
2023-10-22,144,74,70
2023-10-22,135,56,79
2023-10-22,150,70,80
2023-10-22,122,58,64
2023-10-22,103,49,54
2023-10-22,131,61,70
2023-10-22,92,48,44
2023-10-22,118,45,73
2023-10-22,66,21,45
2023-10-22,43,19,24
2023-10-22,12,6,6
2023-10-22,12,5,7
2023-10-22,3,2,1
2023-10-22,1,1,0
2023-10-22,4,2,2
2023-10-22,9,6,3
2023-10-22,10,4,6
2023-10-22,22,5,17
2023-10-21,54,26,28
2023-10-21,33,17,16
2023-10-21,59,13,46
2023-10-21,37,11,26
2023-10-21,102,23,79
2023-10-21,92,38,54
2023-10-21,138,65,73
2023-10-21,144,57,87
2023-10-21,139,71,68
2023-10-21,151,73,78
2023-10-21,163,66,97
2023-10-21,140,62,78
2023-10-21,131,67,64
2023-10-21,114,47,67
2023-10-21,89,41,48
2023-10-21,64,29,35
2023-10-21,29,11,18
2023-10-21,12,3,9
2023-10-21,6,3,3
2023-10-21,7,2,5
2023-10-21,2,2,0
2023-10-21,9,6,3
2023-10-21,19,10,9
2023-10-21,15,1,14
2023-10-20,40,18,22
2023-10-20,38,17,21
2023-10-20,180,18,162
2023-10-20,53,20,33
2023-10-20,89,42,47
2023-10-20,196,59,137
2023-10-20,331,100,231
2023-10-20,283,89,194
2023-10-20,214,72,142
2023-10-20,161,66,95
2023-10-20,123,63,60
2023-10-20,100,40,60
2023-10-20,86,40,46
2023-10-20,97,34,63
2023-10-20,156,46,110
2023-10-20,249,89,160
2023-10-20,166,72,94
2023-10-20,63,19,44
2023-10-20,20,6,14
2023-10-20,7,4,3
2023-10-20,3,2,1
2023-10-20,2,0,2
2023-10-20,3,2,1
2023-10-20,21,8,13
2023-10-19,24,6,18
2023-10-19,57,22,35
2023-10-19,52,21,31
2023-10-19,57,24,33
2023-10-19,130,51,79
2023-10-19,322,93,229
2023-10-19,566,130,436
2023-10-19,394,115,279
2023-10-19,240,81,159
2023-10-19,144,56,88
2023-10-19,130,52,78
2023-10-19,110,52,58
2023-10-19,114,58,56
2023-10-19,133,50,83
2023-10-19,253,90,163
2023-10-19,450,170,280
2023-10-19,268,119,149
2023-10-19,103,36,67
2023-10-19,31,16,15
2023-10-19,7,3,4
2023-10-19,4,4,0
2023-10-19,3,0,3
2023-10-19,8,2,6
2023-10-19,10,2,8
2023-10-18,31,9,22
2023-10-18,35,17,18
2023-10-18,55,27,28
2023-10-18,83,43,40
2023-10-18,138,54,84
2023-10-18,372,107,265
2023-10-18,636,167,469
2023-10-18,477,137,340
2023-10-18,305,133,172
2023-10-18,209,86,123
2023-10-18,144,56,88
2023-10-18,150,57,93
2023-10-18,127,52,75
2023-10-18,163,71,92
2023-10-18,288,94,194
2023-10-18,460,160,300
2023-10-18,276,121,155
2023-10-18,98,40,58
2023-10-18,18,9,9
2023-10-18,6,5,1
2023-10-18,4,1,3
2023-10-18,0,0,0
2023-10-18,5,2,3
2023-10-18,10,8,2
2023-10-17,11,6,5
2023-10-17,37,8,29
2023-10-17,38,21,17
2023-10-17,42,14,28
2023-10-17,79,26,53
2023-10-17,247,57,190
2023-10-17,425,85,340
2023-10-17,313,76,237
2023-10-17,220,87,133
2023-10-17,132,53,79
2023-10-17,90,32,58
2023-10-17,89,33,56
2023-10-17,103,40,63
2023-10-17,106,48,58
2023-10-17,251,87,164
2023-10-17,426,150,276
2023-10-17,275,119,156
2023-10-17,101,42,59
2023-10-17,21,11,10
2023-10-17,9,2,7
2023-10-17,2,1,1
2023-10-17,3,1,2
2023-10-17,4,1,3
2023-10-17,2,0,2
2023-10-16,13,6,7
2023-10-16,13,5,8
2023-10-16,30,11,19
2023-10-16,49,25,24
2023-10-16,66,25,41
2023-10-16,145,43,102
2023-10-16,253,49,204
2023-10-16,159,39,120
2023-10-16,92,32,60
2023-10-16,58,27,31
2023-10-16,45,14,31
2023-10-16,49,26,23
2023-10-16,26,14,12
2023-10-16,36,12,24
2023-10-16,93,33,60
2023-10-16,229,84,145
2023-10-16,175,74,101
2023-10-16,79,29,50
2023-10-16,22,11,11
2023-10-16,7,1,6
2023-10-16,3,2,1
2023-10-16,4,1,3
2023-10-16,3,1,2
2023-10-16,7,3,4
2023-10-15,6,4,2
2023-10-15,13,5,8
2023-10-15,16,7,9
2023-10-15,24,13,11
2023-10-15,35,9,26
2023-10-15,47,21,26
2023-10-15,64,29,35
2023-10-15,104,38,66
2023-10-15,115,48,67
2023-10-15,142,71,71
2023-10-15,143,78,65
2023-10-15,159,57,102
2023-10-15,166,88,78
2023-10-15,123,53,70
2023-10-15,93,43,50
2023-10-15,57,21,36
2023-10-15,15,4,11
2023-10-15,14,8,6
2023-10-15,6,3,3
2023-10-15,4,3,1
2023-10-15,6,3,3
2023-10-15,7,0,7
2023-10-15,19,9,10
2023-10-15,8,2,6
2023-10-14,20,8,12
2023-10-14,29,8,21
2023-10-14,39,10,29
2023-10-14,34,13,21
2023-10-14,67,29,38
2023-10-14,94,51,43
2023-10-14,148,85,63
2023-10-14,102,53,49
2023-10-14,123,57,66
2023-10-14,138,68,70
2023-10-14,134,52,82
2023-10-14,173,85,88
2023-10-14,147,67,80
2023-10-14,133,51,82
2023-10-14,87,40,47
2023-10-14,82,23,59
2023-10-14,33,13,20
2023-10-14,18,8,10
2023-10-14,8,7,1
2023-10-14,0,0,0
2023-10-14,1,0,1
2023-10-14,6,2,4
2023-10-14,7,2,5
2023-10-14,11,2,9
2023-10-13,19,10,9
2023-10-13,17,6,11
2023-10-13,33,10,23
2023-10-13,37,21,16
2023-10-13,75,32,43
2023-10-13,206,65,141
2023-10-13,387,96,291
2023-10-13,291,87,204
2023-10-13,224,88,136
2023-10-13,171,66,105
2023-10-13,127,58,69
2023-10-13,147,52,95
2023-10-13,95,38,57
2023-10-13,96,39,57
2023-10-13,184,62,122
2023-10-13,241,86,155
2023-10-13,157,63,94
2023-10-13,65,29,36
2023-10-13,18,11,7
2023-10-13,6,3,3
2023-10-13,5,4,1
2023-10-13,3,0,3
2023-10-13,5,1,4
2023-10-13,6,3,3
2023-10-12,22,8,14
2023-10-12,40,18,22
2023-10-12,53,17,36
2023-10-12,77,25,52
2023-10-12,112,43,69
2023-10-12,353,122,231
2023-10-12,591,162,429
2023-10-12,388,132,256
2023-10-12,241,93,148
2023-10-12,156,66,90
2023-10-12,133,54,79
2023-10-12,102,37,65
2023-10-12,98,43,55
2023-10-12,124,44,80
2023-10-12,254,82,172
2023-10-12,409,160,249
2023-10-12,247,100,147
2023-10-12,110,50,60
2023-10-12,24,10,14
2023-10-12,12,5,7
2023-10-12,3,2,1
2023-10-12,3,0,3
2023-10-12,4,1,3
2023-10-12,7,2,5
2023-10-11,14,4,10
2023-10-11,26,15,11
2023-10-11,34,12,22
2023-10-11,55,24,31
2023-10-11,103,43,60
2023-10-11,249,75,174
2023-10-11,393,113,280
2023-10-11,206,60,146
2023-10-11,132,55,77
2023-10-11,79,28,51
2023-10-11,53,17,36
2023-10-11,65,20,45
2023-10-11,67,24,43
2023-10-11,71,23,48
2023-10-11,148,48,100
2023-10-11,290,89,201
2023-10-11,162,63,99
2023-10-11,61,26,35
2023-10-11,13,4,9
2023-10-11,5,3,2
2023-10-11,2,1,1
2023-10-11,5,1,4
2023-10-11,3,2,1
2023-10-11,8,2,6
2023-10-10,10,3,7
2023-10-10,17,6,11
2023-10-10,10,1,9
2023-10-10,51,23,28
2023-10-10,64,25,39
2023-10-10,192,33,159
2023-10-10,347,71,276
2023-10-10,226,70,156
2023-10-10,143,50,93
2023-10-10,51,20,31
2023-10-10,36,12,24
2023-10-10,50,28,22
2023-10-10,53,12,41
2023-10-10,71,25,46
2023-10-10,153,38,115
2023-10-10,332,112,220
2023-10-10,207,88,119
2023-10-10,73,28,45
2023-10-10,15,5,10
2023-10-10,10,3,7
2023-10-10,4,3,1
2023-10-10,0,0,0
2023-10-10,5,3,2
2023-10-10,5,1,4
2023-10-09,10,4,6
2023-10-09,24,7,17
2023-10-09,37,17,20
2023-10-09,50,19,31
2023-10-09,75,20,55
2023-10-09,195,52,143
2023-10-09,313,66,247
2023-10-09,205,56,149
2023-10-09,117,43,74
2023-10-09,61,23,38
2023-10-09,74,32,42
2023-10-09,80,33,47
2023-10-09,79,29,50
2023-10-09,108,42,66
2023-10-09,199,69,130
2023-10-09,295,89,206
2023-10-09,194,71,123
2023-10-09,77,26,51
2023-10-09,18,7,11
2023-10-09,6,2,4
2023-10-09,7,3,4
2023-10-09,4,1,3
2023-10-09,4,1,3
2023-10-09,2,0,2
2023-10-08,14,8,6
2023-10-08,27,9,18
2023-10-08,25,5,20
2023-10-08,41,18,23
2023-10-08,73,33,40
2023-10-08,127,62,65
2023-10-08,198,89,109
2023-10-08,236,118,118
2023-10-08,228,106,122
2023-10-08,230,113,117
2023-10-08,214,89,125
2023-10-08,204,100,104
2023-10-08,143,70,73
2023-10-08,126,62,64
2023-10-08,78,23,55
2023-10-08,56,19,37
2023-10-08,34,14,20
2023-10-08,8,4,4
2023-10-08,6,3,3
2023-10-08,5,1,4
2023-10-08,4,1,3
2023-10-08,6,2,4
2023-10-08,20,7,13
2023-10-08,18,7,11
2023-10-07,60,13,47
2023-10-07,54,12,42
2023-10-07,79,19,60
2023-10-07,38,19,19
2023-10-07,157,47,110
2023-10-07,153,78,75
2023-10-07,210,94,116
2023-10-07,265,129,136
2023-10-07,322,142,180
2023-10-07,274,144,130
2023-10-07,260,112,148
2023-10-07,225,75,150
2023-10-07,205,90,115
2023-10-07,177,63,114
2023-10-07,125,46,79
2023-10-07,84,41,43
2023-10-07,40,19,21
2023-10-07,13,3,10
2023-10-07,3,3,0
2023-10-07,3,2,1
2023-10-07,4,2,2
2023-10-07,11,2,9
2023-10-07,14,2,12
2023-10-07,32,15,17
2023-10-06,58,14,44
2023-10-06,49,17,32
2023-10-06,62,23,39
2023-10-06,83,31,52
2023-10-06,139,68,71
2023-10-06,316,114,202
2023-10-06,428,139,289
2023-10-06,413,156,257
2023-10-06,257,86,171
2023-10-06,177,81,96
2023-10-06,158,61,97
2023-10-06,147,66,81
2023-10-06,133,59,74
2023-10-06,125,44,81
2023-10-06,175,62,113
2023-10-06,272,97,175
2023-10-06,176,77,99
2023-10-06,63,27,36
2023-10-06,24,8,16
2023-10-06,6,4,2
2023-10-06,3,2,1
2023-10-06,6,4,2
2023-10-06,4,3,1
2023-10-06,11,5,6
2023-10-05,25,6,19
2023-10-05,39,14,25
2023-10-05,68,24,44
2023-10-05,90,34,56
2023-10-05,162,59,103
2023-10-05,363,129,234
2023-10-05,610,174,436
2023-10-05,401,133,268
2023-10-05,237,81,156
2023-10-05,146,58,88
2023-10-05,125,39,86
2023-10-05,127,53,74
2023-10-05,111,47,64
2023-10-05,171,53,118
2023-10-05,273,91,182
2023-10-05,459,166,293
2023-10-05,291,115,176
2023-10-05,95,40,55
2023-10-05,27,10,17
2023-10-05,8,4,4
2023-10-05,3,2,1
2023-10-05,3,1,2
2023-10-05,7,3,4
2023-10-05,10,2,8
2023-10-04,39,13,26
2023-10-04,57,16,41
2023-10-04,40,17,23
2023-10-04,73,33,40
2023-10-04,151,58,93
2023-10-04,380,116,264
2023-10-04,594,171,423
2023-10-04,419,121,298
2023-10-04,235,105,130
2023-10-04,120,40,80
2023-10-04,103,38,65
2023-10-04,111,39,72
2023-10-04,120,44,76
2023-10-04,132,49,83
2023-10-04,283,93,190
2023-10-04,444,142,302
2023-10-04,281,114,167
2023-10-04,96,38,58
2023-10-04,23,16,7
2023-10-04,5,5,0
2023-10-04,3,2,1
2023-10-04,2,1,1
2023-10-04,12,3,9
2023-10-04,6,2,4
2023-10-03,16,5,11
2023-10-03,24,11,13
2023-10-03,31,13,18
2023-10-03,81,33,48
2023-10-03,150,49,101
2023-10-03,354,96,258
2023-10-03,531,137,394
2023-10-03,398,112,286
2023-10-03,220,65,155
2023-10-03,135,46,89
2023-10-03,102,45,57
2023-10-03,92,42,50
2023-10-03,106,43,63
2023-10-03,122,37,85
2023-10-03,247,83,164
2023-10-03,482,172,310
2023-10-03,277,107,170
2023-10-03,115,42,73
2023-10-03,22,12,10
2023-10-03,9,3,6
2023-10-03,6,2,4
2023-10-03,1,0,1
2023-10-03,4,2,2
2023-10-03,6,0,6
2023-10-02,10,6,4
2023-10-02,12,7,5
2023-10-02,30,13,17
2023-10-02,36,14,22
2023-10-02,56,17,39
2023-10-02,143,46,97
2023-10-02,298,49,249
2023-10-02,180,39,141
2023-10-02,97,37,60
2023-10-02,59,19,40
2023-10-02,55,24,31
2023-10-02,41,17,24
2023-10-02,59,21,38
2023-10-02,80,32,48
2023-10-02,185,57,128
2023-10-02,283,91,192
2023-10-02,189,78,111
2023-10-02,81,25,56
2023-10-02,21,8,13
2023-10-02,5,2,3
2023-10-02,6,5,1
2023-10-02,4,1,3
2023-10-02,2,0,2
2023-10-02,5,3,2
2023-10-01,14,6,8
2023-10-01,20,7,13
2023-10-01,28,15,13
2023-10-01,45,10,35
2023-10-01,63,38,25
2023-10-01,154,67,87
2023-10-01,199,96,103
2023-10-01,218,74,144
2023-10-01,223,96,127
2023-10-01,257,116,141
2023-10-01,199,73,126
2023-10-01,221,121,100
2023-10-01,185,88,97
2023-10-01,129,49,80
2023-10-01,99,34,65
2023-10-01,63,26,37
2023-10-01,38,12,26
2023-10-01,15,7,8
2023-10-01,4,2,2
2023-10-01,1,1,0
2023-10-01,6,5,1
2023-10-01,2,2,0
2023-10-01,8,4,4
2023-10-01,8,5,3
2023-09-30,25,7,18
2023-09-30,41,16,25
2023-09-30,73,30,43
2023-09-30,55,22,33
2023-09-30,111,31,80
2023-09-30,155,71,84
2023-09-30,186,80,106
2023-09-30,215,80,135
2023-09-30,251,125,126
2023-09-30,213,99,114
2023-09-30,159,69,90
2023-09-30,161,80,81
2023-09-30,131,61,70
2023-09-30,137,82,55
2023-09-30,96,46,50
2023-09-30,90,27,63
2023-09-30,26,9,17
2023-09-30,8,4,4
2023-09-30,5,2,3
2023-09-30,4,1,3
2023-09-30,3,1,2
2023-09-30,5,4,1
2023-09-30,17,10,7
2023-09-30,20,8,12
2023-09-29,43,18,25
2023-09-29,46,15,31
2023-09-29,52,22,30
2023-09-29,41,18,23
2023-09-29,122,46,76
2023-09-29,248,94,154
2023-09-29,386,116,270
2023-09-29,330,110,220
2023-09-29,209,81,128
2023-09-29,175,80,95
2023-09-29,124,53,71
2023-09-29,132,50,82
2023-09-29,123,55,68
2023-09-29,114,38,76
2023-09-29,175,68,107
2023-09-29,287,98,189
2023-09-29,178,76,102
2023-09-29,69,24,45
2023-09-29,16,6,10
2023-09-29,3,1,2
2023-09-29,1,1,0
2023-09-29,6,4,2
2023-09-29,4,1,3
2023-09-29,8,1,7
2023-09-28,16,4,12
2023-09-28,33,14,19
2023-09-28,34,10,24
2023-09-28,46,22,24
2023-09-28,101,32,69
2023-09-28,210,57,153
2023-09-28,383,77,306
2023-09-28,263,78,185
2023-09-28,146,54,92
2023-09-28,62,25,37
2023-09-28,53,23,30
2023-09-28,83,31,52
2023-09-28,81,43,38
2023-09-28,97,35,62
2023-09-28,205,72,133
2023-09-28,357,131,226
2023-09-28,206,81,125
2023-09-28,68,24,44
2023-09-28,16,7,9
2023-09-28,7,4,3
2023-09-28,4,2,2
2023-09-28,1,0,1
2023-09-28,6,3,3
2023-09-28,7,2,5
2023-09-27,13,5,8
2023-09-27,33,7,26
2023-09-27,34,13,21
2023-09-27,48,13,35
2023-09-27,74,38,36
2023-09-27,191,64,127
2023-09-27,281,71,210
2023-09-27,173,41,132
2023-09-27,102,38,64
2023-09-27,73,23,50
2023-09-27,51,24,27
2023-09-27,56,21,35
2023-09-27,53,20,33
2023-09-27,51,7,44
2023-09-27,102,29,73
2023-09-27,229,83,146
2023-09-27,160,58,102
2023-09-27,60,23,37
2023-09-27,16,8,8
2023-09-27,6,4,2
2023-09-27,2,0,2
2023-09-27,3,0,3
2023-09-27,3,0,3
2023-09-27,9,3,6
2023-09-26,11,6,5
2023-09-26,32,8,24
2023-09-26,27,13,14
2023-09-26,50,20,30
2023-09-26,88,34,54
2023-09-26,215,60,155
2023-09-26,428,99,329
2023-09-26,239,59,180
2023-09-26,153,48,105
2023-09-26,57,21,36
2023-09-26,43,17,26
2023-09-26,79,33,46
2023-09-26,85,34,51
2023-09-26,106,41,65
2023-09-26,236,73,163
2023-09-26,418,168,250
2023-09-26,234,91,143
2023-09-26,86,34,52
2023-09-26,18,9,9
2023-09-26,10,4,6
2023-09-26,3,2,1
2023-09-26,2,0,2
2023-09-26,4,1,3
2023-09-26,4,0,4
2023-09-25,12,6,6
2023-09-25,14,5,9
2023-09-25,16,6,10
2023-09-25,17,9,8
2023-09-25,50,22,28
2023-09-25,134,39,95
2023-09-25,230,51,179
2023-09-25,177,41,136
2023-09-25,95,30,65
2023-09-25,40,18,22
2023-09-25,23,7,16
2023-09-25,31,12,19
2023-09-25,41,13,28
2023-09-25,44,12,32
2023-09-25,107,39,68
2023-09-25,244,76,168
2023-09-25,143,51,92
2023-09-25,48,25,23
2023-09-25,15,7,8
2023-09-25,4,3,1
2023-09-25,3,1,2
2023-09-25,0,0,0
2023-09-25,1,0,1
2023-09-25,1,1,0
2023-09-24,6,4,2
2023-09-24,8,2,6
2023-09-24,17,6,11
2023-09-24,12,6,6
2023-09-24,38,23,15
2023-09-24,37,17,20
2023-09-24,76,35,41
2023-09-24,101,50,51
2023-09-24,121,69,52
2023-09-24,190,81,109
2023-09-24,155,67,88
2023-09-24,151,66,85
2023-09-24,183,88,95
2023-09-24,140,64,76
2023-09-24,97,50,47
2023-09-24,65,25,40
2023-09-24,26,12,14
2023-09-24,6,4,2
2023-09-24,5,2,3
2023-09-24,2,0,2
2023-09-24,1,1,0
2023-09-24,5,2,3
2023-09-24,10,1,9
2023-09-24,10,6,4
2023-09-23,29,14,15
2023-09-23,36,18,18
2023-09-23,56,21,35
2023-09-23,27,13,14
2023-09-23,50,24,26
2023-09-23,91,40,51
2023-09-23,90,41,49
2023-09-23,74,30,44
2023-09-23,87,37,50
2023-09-23,83,33,50
2023-09-23,138,56,82
2023-09-23,156,74,82
2023-09-23,188,77,111
2023-09-23,133,61,72
2023-09-23,97,44,53
2023-09-23,73,35,38
2023-09-23,42,12,30
2023-09-23,14,5,9
2023-09-23,7,3,4
2023-09-23,1,0,1
2023-09-23,4,2,2
2023-09-23,15,5,10
2023-09-23,22,5,17
2023-09-23,23,9,14
2023-09-22,43,16,27
2023-09-22,65,32,33
2023-09-22,90,40,50
2023-09-22,114,50,64
2023-09-22,191,75,116
2023-09-22,347,141,206
2023-09-22,478,169,309
2023-09-22,389,126,263
2023-09-22,290,114,176
2023-09-22,192,75,117
2023-09-22,159,68,91
2023-09-22,163,81,82
2023-09-22,129,53,76
2023-09-22,140,56,84
2023-09-22,205,80,125
2023-09-22,302,116,186
2023-09-22,212,82,130
2023-09-22,93,34,59
2023-09-22,20,9,11
2023-09-22,5,3,2
2023-09-22,2,0,2
2023-09-22,2,2,0
2023-09-22,9,2,7
2023-09-22,11,2,9
2023-09-21,22,9,13
2023-09-21,37,15,22
2023-09-21,65,26,39
2023-09-21,107,41,66
2023-09-21,202,76,126
2023-09-21,389,133,256
2023-09-21,634,156,478
2023-09-21,454,121,333
2023-09-21,225,76,149
2023-09-21,149,69,80
2023-09-21,126,52,74
2023-09-21,123,51,72
2023-09-21,118,46,72
2023-09-21,154,51,103
2023-09-21,265,88,177
2023-09-21,507,176,331
2023-09-21,274,104,170
2023-09-21,122,43,79
2023-09-21,27,11,16
2023-09-21,9,4,5
2023-09-21,4,2,2
2023-09-21,6,1,5
2023-09-21,8,4,4
2023-09-21,15,4,11
2023-09-20,26,8,18
2023-09-20,40,11,29
2023-09-20,50,29,21
2023-09-20,95,46,49
2023-09-20,175,66,109
2023-09-20,346,109,237
2023-09-20,509,146,363
2023-09-20,319,93,226
2023-09-20,172,61,111
2023-09-20,102,38,64
2023-09-20,90,41,49
2023-09-20,109,37,72
2023-09-20,89,43,46
2023-09-20,171,37,134
2023-09-20,220,91,129
2023-09-20,349,123,226
2023-09-20,216,80,136
2023-09-20,59,28,31
2023-09-20,18,10,8
2023-09-20,4,3,1
2023-09-20,4,1,3
2023-09-20,2,1,1
2023-09-20,2,0,2
2023-09-20,5,1,4
2023-09-19,14,6,8
2023-09-19,30,10,20
2023-09-19,46,16,30
2023-09-19,91,44,47
2023-09-19,197,78,119
2023-09-19,421,129,292
2023-09-19,672,186,486
2023-09-19,441,121,320
2023-09-19,230,77,153
2023-09-19,141,57,84
2023-09-19,112,45,67
2023-09-19,117,40,77
2023-09-19,113,45,68
2023-09-19,143,47,96
2023-09-19,291,99,192
2023-09-19,529,202,327
2023-09-19,331,124,207
2023-09-19,129,54,75
2023-09-19,33,16,17
2023-09-19,7,0,7
2023-09-19,4,2,2
2023-09-19,1,0,1
2023-09-19,4,2,2
2023-09-19,9,2,7
2023-09-18,13,4,9
2023-09-18,16,7,9
2023-09-18,50,25,25
2023-09-18,65,27,38
2023-09-18,144,53,91
2023-09-18,317,131,186
2023-09-18,474,124,350
2023-09-18,318,91,227
2023-09-18,204,64,140
2023-09-18,107,40,67
2023-09-18,113,47,66
2023-09-18,95,38,57
2023-09-18,88,34,54
2023-09-18,128,53,75
2023-09-18,195,61,134
2023-09-18,387,147,240
2023-09-18,225,82,143
2023-09-18,83,36,47
2023-09-18,18,9,9
2023-09-18,4,1,3
2023-09-18,2,1,1
2023-09-18,3,1,2
2023-09-18,4,1,3
2023-09-18,10,5,5
2023-09-17,12,4,8
2023-09-17,19,9,10
2023-09-17,37,28,9
2023-09-17,32,20,12
2023-09-17,103,48,55
2023-09-17,146,75,71
2023-09-17,220,99,121
2023-09-17,215,86,129
2023-09-17,215,93,122
2023-09-17,246,114,132
2023-09-17,193,78,115
2023-09-17,174,90,84
2023-09-17,162,69,93
2023-09-17,140,61,79
2023-09-17,111,52,59
2023-09-17,88,44,44
2023-09-17,36,13,23
2023-09-17,18,3,15
2023-09-17,5,1,4
2023-09-17,2,2,0
2023-09-17,7,1,6
2023-09-17,7,4,3
2023-09-17,11,6,5
2023-09-17,10,3,7
2023-09-16,38,14,24
2023-09-16,56,24,32
2023-09-16,86,16,70
2023-09-16,79,23,56
2023-09-16,153,54,99
2023-09-16,195,106,89
2023-09-16,234,115,119
2023-09-16,235,117,118
2023-09-16,236,104,132
2023-09-16,266,108,158
2023-09-16,222,99,123
2023-09-16,250,101,149
2023-09-16,203,85,118
2023-09-16,162,68,94
2023-09-16,149,62,87
2023-09-16,103,50,53
2023-09-16,49,16,33
2023-09-16,24,11,13
2023-09-16,14,3,11
2023-09-16,2,0,2
2023-09-16,6,2,4
2023-09-16,14,5,9
2023-09-16,14,5,9
2023-09-16,29,8,21
2023-09-15,51,18,33
2023-09-15,55,16,39
2023-09-15,42,16,26
2023-09-15,95,36,59
2023-09-15,207,100,107
2023-09-15,279,97,182
2023-09-15,415,133,282
2023-09-15,359,120,239
2023-09-15,269,98,171
2023-09-15,193,73,120
2023-09-15,160,76,84
2023-09-15,138,61,77
2023-09-15,156,67,89
2023-09-15,148,72,76
2023-09-15,220,99,121
2023-09-15,296,103,193
2023-09-15,218,81,137
2023-09-15,78,24,54
2023-09-15,26,8,18
2023-09-15,7,3,4
2023-09-15,3,0,3
2023-09-15,3,1,2
2023-09-15,11,3,8
2023-09-15,27,8,19
2023-09-14,28,8,20
2023-09-14,48,20,28
2023-09-14,58,20,38
2023-09-14,120,48,72
2023-09-14,205,81,124
2023-09-14,448,124,324
2023-09-14,646,168,478
2023-09-14,439,133,306
2023-09-14,262,87,175
2023-09-14,184,73,111
2023-09-14,153,58,95
2023-09-14,145,39,106
2023-09-14,128,44,84
2023-09-14,184,62,122
2023-09-14,296,111,185
2023-09-14,511,187,324
2023-09-14,309,115,194
2023-09-14,112,35,77
2023-09-14,31,15,16
2023-09-14,11,3,8
2023-09-14,3,1,2
2023-09-14,2,0,2
2023-09-14,2,0,2
2023-09-14,11,1,10
2023-09-13,17,9,8
2023-09-13,39,14,25
2023-09-13,62,29,33
2023-09-13,111,50,61
2023-09-13,218,82,136
2023-09-13,433,149,284
2023-09-13,683,187,496
2023-09-13,455,145,310
2023-09-13,267,94,173
2023-09-13,164,66,98
2023-09-13,157,60,97
2023-09-13,179,66,113
2023-09-13,128,43,85
2023-09-13,146,67,79
2023-09-13,312,116,196
2023-09-13,509,180,329
2023-09-13,347,134,213
2023-09-13,102,43,59
2023-09-13,25,12,13
2023-09-13,6,5,1
2023-09-13,5,1,4
2023-09-13,3,2,1
2023-09-13,5,1,4
2023-09-13,9,4,5
2023-09-12,12,5,7
2023-09-12,31,8,23
2023-09-12,64,20,44
2023-09-12,89,34,55
2023-09-12,142,57,85
2023-09-12,342,81,261
2023-09-12,554,124,430
2023-09-12,372,74,298
2023-09-12,174,57,117
2023-09-12,131,46,85
2023-09-12,107,44,63
2023-09-12,100,30,70
2023-09-12,102,41,61
2023-09-12,153,51,102
2023-09-12,280,114,166
2023-09-12,524,201,323
2023-09-12,374,138,236
2023-09-12,126,43,83
2023-09-12,28,10,18
2023-09-12,8,2,6
2023-09-12,3,2,1
2023-09-12,4,1,3
2023-09-12,6,2,4
2023-09-12,10,1,9
2023-09-11,28,8,20
2023-09-11,34,13,21
2023-09-11,51,17,34
2023-09-11,59,27,32
2023-09-11,171,68,103
2023-09-11,338,102,236
2023-09-11,463,103,360
2023-09-11,345,100,245
2023-09-11,189,45,144
2023-09-11,119,42,77
2023-09-11,119,50,69
2023-09-11,88,29,59
2023-09-11,87,37,50
2023-09-11,116,39,77
2023-09-11,212,79,133
2023-09-11,400,120,280
2023-09-11,264,96,168
2023-09-11,95,32,63
2023-09-11,22,9,13
2023-09-11,7,4,3
2023-09-11,5,1,4
2023-09-11,2,0,2
2023-09-11,4,1,3
2023-09-11,8,5,3
2023-09-10,14,4,10
2023-09-10,24,7,17
2023-09-10,31,13,18
2023-09-10,68,25,43
2023-09-10,112,51,61
2023-09-10,182,82,100
2023-09-10,218,102,116
2023-09-10,248,106,142
2023-09-10,228,105,123
2023-09-10,227,95,132
2023-09-10,223,90,133
2023-09-10,237,124,113
2023-09-10,251,103,148
2023-09-10,195,86,109
2023-09-10,118,47,71
2023-09-10,69,26,43
2023-09-10,35,15,20
2023-09-10,21,11,10
2023-09-10,7,3,4
2023-09-10,1,1,0
2023-09-10,4,2,2
2023-09-10,7,5,2
2023-09-10,6,3,3
2023-09-10,25,9,16
2023-09-09,38,16,22
2023-09-09,34,18,16
2023-09-09,134,39,95
2023-09-09,105,41,64
2023-09-09,171,64,107
2023-09-09,186,85,101
2023-09-09,239,99,140
2023-09-09,244,106,138
2023-09-09,224,87,137
2023-09-09,273,130,143
2023-09-09,239,125,114
2023-09-09,231,89,142
2023-09-09,221,96,125
2023-09-09,165,80,85
2023-09-09,138,61,77
2023-09-09,83,36,47
2023-09-09,72,21,51
2023-09-09,25,10,15
2023-09-09,7,3,4
2023-09-09,7,3,4
2023-09-09,4,2,2
2023-09-09,8,2,6
2023-09-09,20,8,12
2023-09-09,19,6,13
2023-09-08,43,10,33
2023-09-08,50,24,26
2023-09-08,46,18,28
2023-09-08,104,47,57
2023-09-08,184,78,106
2023-09-08,297,116,181
2023-09-08,419,132,287
2023-09-08,349,120,229
2023-09-08,251,90,161
2023-09-08,221,102,119
2023-09-08,161,71,90
2023-09-08,124,55,69
2023-09-08,141,56,85
2023-09-08,128,47,81
2023-09-08,194,77,117
2023-09-08,295,119,176
2023-09-08,221,92,129
2023-09-08,84,39,45
2023-09-08,32,11,21
2023-09-08,9,3,6
2023-09-08,7,2,5
2023-09-08,9,0,9
2023-09-08,10,7,3
2023-09-08,16,4,12
2023-09-07,25,7,18
2023-09-07,41,14,27
2023-09-07,72,26,46
2023-09-07,94,38,56
2023-09-07,175,70,105
2023-09-07,391,126,265
2023-09-07,617,151,466
2023-09-07,425,106,319
2023-09-07,228,79,149
2023-09-07,143,47,96
2023-09-07,119,49,70
2023-09-07,125,49,76
2023-09-07,105,50,55
2023-09-07,145,53,92
2023-09-07,298,98,200
2023-09-07,533,195,338
2023-09-07,323,116,207
2023-09-07,118,48,70
2023-09-07,33,13,20
2023-09-07,9,4,5
2023-09-07,2,0,2
2023-09-07,5,2,3
2023-09-07,5,0,5
2023-09-07,4,1,3
2023-09-06,9,4,5
2023-09-06,32,14,18
2023-09-06,55,23,32
2023-09-06,100,39,61
2023-09-06,227,97,130
2023-09-06,434,129,305
2023-09-06,680,175,505
2023-09-06,484,132,352
2023-09-06,246,77,169
2023-09-06,170,77,93
2023-09-06,142,67,75
2023-09-06,155,69,86
2023-09-06,130,57,73
2023-09-06,154,47,107
2023-09-06,303,91,212
2023-09-06,505,176,329
2023-09-06,348,126,222
2023-09-06,109,40,69
2023-09-06,37,19,18
2023-09-06,9,3,6
2023-09-06,1,0,1
2023-09-06,1,0,1
2023-09-06,6,1,5
2023-09-06,6,2,4
2023-09-05,9,4,5
2023-09-05,29,11,18
2023-09-05,57,27,30
2023-09-05,114,46,68
2023-09-05,187,54,133
2023-09-05,387,116,271
2023-09-05,640,179,461
2023-09-05,425,99,326
2023-09-05,236,97,139
2023-09-05,130,52,78
2023-09-05,94,34,60
2023-09-05,99,47,52
2023-09-05,88,32,56
2023-09-05,137,57,80
2023-09-05,300,105,195
2023-09-05,470,160,310
2023-09-05,276,104,172
2023-09-05,115,41,74
2023-09-05,40,17,23
2023-09-05,10,3,7
2023-09-05,2,2,0
2023-09-05,7,0,7
2023-09-05,4,2,2
2023-09-05,4,1,3
2023-09-04,16,4,12
2023-09-04,15,8,7
2023-09-04,30,14,16
2023-09-04,47,16,31
2023-09-04,96,50,46
2023-09-04,140,60,80
2023-09-04,163,70,93
2023-09-04,180,78,102
2023-09-04,165,71,94
2023-09-04,182,78,104
2023-09-04,169,79,90
2023-09-04,124,49,75
2023-09-04,95,36,59
2023-09-04,86,40,46
2023-09-04,66,31,35
2023-09-04,44,20,24
2023-09-04,19,5,14
2023-09-04,13,3,10
2023-09-04,3,2,1
2023-09-04,5,0,5
2023-09-04,3,2,1
2023-09-04,6,0,6
2023-09-04,8,2,6
2023-09-04,14,2,12
2023-09-03,42,17,25
2023-09-03,31,12,19
2023-09-03,30,17,13
2023-09-03,56,20,36
2023-09-03,51,29,22
2023-09-03,95,39,56
2023-09-03,113,41,72
2023-09-03,164,57,107
2023-09-03,169,74,95
2023-09-03,179,67,112
2023-09-03,150,64,86
2023-09-03,152,58,94
2023-09-03,166,74,92
2023-09-03,135,76,59
2023-09-03,85,28,57
2023-09-03,53,19,34
2023-09-03,31,14,17
2023-09-03,19,11,8
2023-09-03,5,3,2
2023-09-03,0,0,0
2023-09-03,2,0,2
2023-09-03,7,4,3
2023-09-03,13,6,7
2023-09-03,17,6,11
2023-09-02,57,17,40
2023-09-02,87,22,65
2023-09-02,84,31,53
2023-09-02,134,51,83
2023-09-02,210,70,140
2023-09-02,175,69,106
2023-09-02,207,101,106
2023-09-02,261,114,147
2023-09-02,233,96,137
2023-09-02,220,115,105
2023-09-02,215,84,131
2023-09-02,233,116,117
2023-09-02,225,89,136
2023-09-02,186,86,100
2023-09-02,167,83,84
2023-09-02,89,32,57
2023-09-02,58,16,42
2023-09-02,37,17,20
2023-09-02,8,3,5
2023-09-02,5,0,5
2023-09-02,7,2,5
2023-09-02,8,2,6
2023-09-02,11,5,6
2023-09-02,19,9,10
2023-09-01,38,14,24
2023-09-01,59,13,46
2023-09-01,46,14,32
2023-09-01,114,49,65
2023-09-01,180,75,105
2023-09-01,249,96,153
2023-09-01,400,131,269
2023-09-01,279,104,175
2023-09-01,272,92,180
2023-09-01,199,80,119
2023-09-01,150,55,95
2023-09-01,135,65,70
2023-09-01,148,64,84
2023-09-01,119,53,66
2023-09-01,164,55,109
2023-09-01,245,97,148
2023-09-01,179,64,115
2023-09-01,78,27,51
2023-09-01,26,7,19
2023-09-01,8,2,6
2023-09-01,3,2,1
2023-09-01,8,6,2
2023-09-01,12,5,7
2023-09-01,14,7,7
2023-08-31,12,8,4
2023-08-31,43,18,25
2023-08-31,67,35,32
2023-08-31,142,59,83
2023-08-31,224,72,152
2023-08-31,426,143,283
2023-08-31,527,129,398
2023-08-31,341,85,256
2023-08-31,149,41,108
2023-08-31,99,41,58
2023-08-31,92,41,51
2023-08-31,108,40,68
2023-08-31,112,53,59
2023-08-31,115,45,70
2023-08-31,243,75,168
2023-08-31,409,135,274
2023-08-31,271,93,178
2023-08-31,112,42,70
2023-08-31,25,9,16
2023-08-31,10,2,8
2023-08-31,6,2,4
2023-08-31,3,1,2
2023-08-31,6,1,5
2023-08-31,13,2,11
2023-08-30,17,5,12
2023-08-30,46,17,29
2023-08-30,60,24,36
2023-08-30,130,37,93
2023-08-30,212,70,142
2023-08-30,374,115,259
2023-08-30,606,154,452
2023-08-30,441,112,329
2023-08-30,224,72,152
2023-08-30,150,48,102
2023-08-30,132,44,88
2023-08-30,142,53,89
2023-08-30,140,52,88
2023-08-30,143,57,86
2023-08-30,264,84,180
2023-08-30,407,135,272
2023-08-30,289,121,168
2023-08-30,103,40,63
2023-08-30,32,14,18
2023-08-30,11,5,6
2023-08-30,4,1,3
2023-08-30,5,1,4
2023-08-30,6,1,5
2023-08-30,6,1,5
2023-08-29,13,4,9
2023-08-29,19,7,12
2023-08-29,34,10,24
2023-08-29,55,16,39
2023-08-29,89,31,58
2023-08-29,218,54,164
2023-08-29,403,79,324
2023-08-29,304,66,238
2023-08-29,121,38,83
2023-08-29,101,33,68
2023-08-29,82,41,41
2023-08-29,90,38,52
2023-08-29,115,44,71
2023-08-29,103,40,63
2023-08-29,246,75,171
2023-08-29,390,134,256
2023-08-29,256,93,163
2023-08-29,85,25,60
2023-08-29,16,6,10
2023-08-29,11,3,8
2023-08-29,4,2,2
2023-08-29,2,0,2
2023-08-29,3,1,2
2023-08-29,7,2,5
2023-08-28,10,5,5
2023-08-28,34,7,27
2023-08-28,61,16,45
2023-08-28,70,28,42
2023-08-28,127,49,78
2023-08-28,245,71,174
2023-08-28,451,124,327
2023-08-28,321,89,232
2023-08-28,200,66,134
2023-08-28,119,51,68
2023-08-28,127,49,78
2023-08-28,99,45,54
2023-08-28,111,48,63
2023-08-28,107,29,78
2023-08-28,239,75,164
2023-08-28,344,140,204
2023-08-28,191,64,127
2023-08-28,110,43,67
2023-08-28,33,14,19
2023-08-28,8,2,6
2023-08-28,3,1,2
2023-08-28,5,4,1
2023-08-28,4,2,2
2023-08-28,8,4,4
2023-08-27,12,4,8
2023-08-27,27,10,17
2023-08-27,25,10,15
2023-08-27,64,27,37
2023-08-27,94,45,49
2023-08-27,136,58,78
2023-08-27,144,55,89
2023-08-27,186,73,113
2023-08-27,181,92,89
2023-08-27,212,98,114
2023-08-27,202,81,121
2023-08-27,240,96,144
2023-08-27,189,87,102
2023-08-27,181,84,97
2023-08-27,102,58,44
2023-08-27,63,27,36
2023-08-27,35,11,24
2023-08-27,18,8,10
2023-08-27,5,0,5
2023-08-27,5,1,4
2023-08-27,1,0,1
2023-08-27,5,1,4
2023-08-27,14,1,13
2023-08-27,28,9,19
2023-08-26,42,13,29
2023-08-26,39,12,27
2023-08-26,91,20,71
2023-08-26,66,21,45
2023-08-26,146,48,98
2023-08-26,119,50,69
2023-08-26,171,67,104
2023-08-26,186,85,101
2023-08-26,167,69,98
2023-08-26,146,65,81
2023-08-26,144,66,78
2023-08-26,182,74,108
2023-08-26,158,76,82
2023-08-26,153,64,89
2023-08-26,128,71,57
2023-08-26,72,25,47
2023-08-26,54,14,40
2023-08-26,59,9,50
2023-08-26,12,4,8
2023-08-26,3,1,2
2023-08-26,4,2,2
2023-08-26,10,1,9
2023-08-26,15,7,8
2023-08-26,27,8,19
2023-08-25,55,21,34
2023-08-25,50,18,32
2023-08-25,65,29,36
2023-08-25,128,55,73
2023-08-25,192,85,107
2023-08-25,224,82,142
2023-08-25,379,121,258
2023-08-25,316,107,209
2023-08-25,221,70,151
2023-08-25,159,56,103
2023-08-25,144,42,102
2023-08-25,96,39,57
2023-08-25,89,36,53
2023-08-25,108,35,73
2023-08-25,151,51,100
2023-08-25,267,99,168
2023-08-25,181,72,109
2023-08-25,73,29,44
2023-08-25,28,12,16
2023-08-25,11,2,9
2023-08-25,0,0,0
2023-08-25,3,1,2
2023-08-25,12,5,7
2023-08-25,14,4,10
2023-08-24,57,14,43
2023-08-24,79,27,52
2023-08-24,74,21,53
2023-08-24,174,74,100
2023-08-24,242,88,154
2023-08-24,413,128,285
2023-08-24,594,151,443
2023-08-24,438,117,321
2023-08-24,256,83,173
2023-08-24,162,63,99
2023-08-24,120,42,78
2023-08-24,156,56,100
2023-08-24,146,35,111
2023-08-24,167,64,103
2023-08-24,306,98,208
2023-08-24,464,156,308
2023-08-24,291,113,178
2023-08-24,111,48,63
2023-08-24,25,12,13
2023-08-24,13,1,12
2023-08-24,1,0,1
2023-08-24,6,2,4
2023-08-24,3,1,2
2023-08-24,7,1,6
2023-08-23,25,11,14
2023-08-23,38,18,20
2023-08-23,76,32,44
2023-08-23,151,66,85
2023-08-23,194,63,131
2023-08-23,446,152,294
2023-08-23,583,143,440
2023-08-23,425,110,315
2023-08-23,251,79,172
2023-08-23,131,28,103
2023-08-23,136,55,81
2023-08-23,149,65,84
2023-08-23,140,67,73
2023-08-23,169,54,115
2023-08-23,307,107,200
2023-08-23,446,160,286
2023-08-23,335,138,197
2023-08-23,100,45,55
2023-08-23,27,14,13
2023-08-23,4,0,4
2023-08-23,3,0,3
2023-08-23,5,3,2
2023-08-23,4,2,2
2023-08-23,10,0,10
2023-08-22,18,9,9
2023-08-22,32,15,17
2023-08-22,67,28,39
2023-08-22,140,64,76
2023-08-22,227,88,139
2023-08-22,431,144,287
2023-08-22,705,192,513
2023-08-22,476,140,336
2023-08-22,272,83,189
2023-08-22,154,52,102
2023-08-22,131,46,85
2023-08-22,137,45,92
2023-08-22,103,43,60
2023-08-22,160,54,106
2023-08-22,332,107,225
2023-08-22,528,182,346
2023-08-22,326,128,198
2023-08-22,119,50,69
2023-08-22,26,12,14
2023-08-22,11,3,8
2023-08-22,4,2,2
2023-08-22,8,5,3
2023-08-22,1,1,0
2023-08-22,8,1,7
2023-08-21,19,9,10
2023-08-21,40,18,22
2023-08-21,48,21,27
2023-08-21,76,41,35
2023-08-21,155,63,92
2023-08-21,254,71,183
2023-08-21,340,104,236
2023-08-21,251,82,169
2023-08-21,162,59,103
2023-08-21,90,25,65
2023-08-21,77,24,53
2023-08-21,89,35,54
2023-08-21,86,34,52
2023-08-21,79,27,52
2023-08-21,167,57,110
2023-08-21,243,79,164
2023-08-21,154,61,93
2023-08-21,55,24,31
2023-08-21,19,10,9
2023-08-21,6,1,5
2023-08-21,3,1,2
2023-08-21,10,3,7
2023-08-21,7,2,5
2023-08-21,7,1,6
2023-08-20,7,2,5
2023-08-20,43,10,33
2023-08-20,26,17,9
2023-08-20,43,15,28
2023-08-20,40,16,24
2023-08-20,85,41,44
2023-08-20,123,49,74
2023-08-20,106,47,59
2023-08-20,147,70,77
2023-08-20,156,66,90
2023-08-20,165,73,92
2023-08-20,124,59,65
2023-08-20,187,73,114
2023-08-20,167,58,109
2023-08-20,126,58,68
2023-08-20,68,34,34
2023-08-20,27,7,20
2023-08-20,19,9,10
2023-08-20,10,3,7
2023-08-20,7,3,4
2023-08-20,1,0,1
2023-08-20,11,6,5
2023-08-20,10,5,5
2023-08-20,30,13,17
2023-08-19,34,10,24
2023-08-19,42,18,24
2023-08-19,79,30,49
2023-08-19,135,60,75
2023-08-19,195,71,124
2023-08-19,175,74,101
2023-08-19,205,94,111
2023-08-19,237,86,151
2023-08-19,222,91,131
2023-08-19,235,123,112
2023-08-19,247,99,148
2023-08-19,232,125,107
2023-08-19,246,102,144
2023-08-19,217,91,126
2023-08-19,213,83,130
2023-08-19,122,57,65
2023-08-19,62,25,37
2023-08-19,34,10,24
2023-08-19,7,2,5
2023-08-19,3,1,2
2023-08-19,6,2,4
2023-08-19,12,6,6
2023-08-19,21,6,15
2023-08-19,22,5,17
2023-08-18,33,12,21
2023-08-18,67,33,34
2023-08-18,82,40,42
2023-08-18,145,59,86
2023-08-18,187,74,113
2023-08-18,301,106,195
2023-08-18,409,139,270
2023-08-18,373,130,243
2023-08-18,255,92,163
2023-08-18,225,75,150
2023-08-18,155,65,90
2023-08-18,138,73,65
2023-08-18,116,58,58
2023-08-18,132,55,77
2023-08-18,208,79,129
2023-08-18,283,96,187
2023-08-18,197,79,118
2023-08-18,85,30,55
2023-08-18,30,11,19
2023-08-18,9,2,7
2023-08-18,7,1,6
2023-08-18,9,3,6
2023-08-18,4,2,2
2023-08-18,15,3,12
2023-08-17,38,11,27
2023-08-17,63,27,36
2023-08-17,100,38,62
2023-08-17,223,81,142
2023-08-17,217,93,124
2023-08-17,418,144,274
2023-08-17,602,175,427
2023-08-17,397,100,297
2023-08-17,221,58,163
2023-08-17,122,42,80
2023-08-17,140,74,66
2023-08-17,148,71,77
2023-08-17,131,64,67
2023-08-17,174,58,116
2023-08-17,277,94,183
2023-08-17,475,177,298
2023-08-17,316,107,209
2023-08-17,114,48,66
2023-08-17,36,12,24
2023-08-17,17,6,11
2023-08-17,1,0,1
2023-08-17,5,3,2
2023-08-17,8,5,3
2023-08-17,16,6,10
2023-08-16,27,7,20
2023-08-16,69,24,45
2023-08-16,106,57,49
2023-08-16,168,63,105
2023-08-16,262,90,172
2023-08-16,341,115,226
2023-08-16,588,126,462
2023-08-16,368,97,271
2023-08-16,178,52,126
2023-08-16,146,52,94
2023-08-16,111,41,70
2023-08-16,144,47,97
2023-08-16,140,57,83
2023-08-16,190,78,112
2023-08-16,330,99,231
2023-08-16,510,190,320
2023-08-16,376,160,216
2023-08-16,123,47,76
2023-08-16,26,13,13
2023-08-16,13,2,11
2023-08-16,5,1,4
2023-08-16,3,2,1
2023-08-16,5,2,3
2023-08-16,22,9,13
2023-08-15,25,6,19
2023-08-15,55,23,32
2023-08-15,95,45,50
2023-08-15,151,61,90
2023-08-15,274,88,186
2023-08-15,388,127,261
2023-08-15,662,143,519
2023-08-15,404,112,292
2023-08-15,202,65,137
2023-08-15,135,45,90
2023-08-15,141,47,94
2023-08-15,137,49,88
2023-08-15,138,65,73
2023-08-15,186,71,115
2023-08-15,311,107,204
2023-08-15,543,193,350
2023-08-15,346,131,215
2023-08-15,139,44,95
2023-08-15,38,13,25
2023-08-15,9,2,7
2023-08-15,5,2,3
2023-08-15,9,3,6
2023-08-15,6,1,5
2023-08-15,9,1,8
2023-08-14,25,10,15
2023-08-14,43,21,22
2023-08-14,71,39,32
2023-08-14,120,43,77
2023-08-14,183,84,99
2023-08-14,312,95,217
2023-08-14,452,95,357
2023-08-14,314,82,232
2023-08-14,179,49,130
2023-08-14,115,30,85
2023-08-14,120,53,67
2023-08-14,108,49,59
2023-08-14,119,52,67
2023-08-14,160,59,101
2023-08-14,265,89,176
2023-08-14,382,141,241
2023-08-14,263,100,163
2023-08-14,109,40,69
2023-08-14,31,14,17
2023-08-14,11,4,7
2023-08-14,3,0,3
2023-08-14,6,3,3
2023-08-14,5,2,3
2023-08-14,8,3,5
2023-08-13,50,9,41
2023-08-13,32,7,25
2023-08-13,68,30,38
2023-08-13,119,51,68
2023-08-13,115,54,61
2023-08-13,152,64,88
2023-08-13,193,76,117
2023-08-13,187,73,114
2023-08-13,234,120,114
2023-08-13,223,104,119
2023-08-13,255,125,130
2023-08-13,252,114,138
2023-08-13,251,142,109
2023-08-13,199,98,101
2023-08-13,201,89,112
2023-08-13,86,40,46
2023-08-13,52,18,34
2023-08-13,22,10,12
2023-08-13,7,2,5
2023-08-13,2,0,2
2023-08-13,5,3,2
2023-08-13,4,2,2
2023-08-13,12,5,7
2023-08-13,33,9,24
2023-08-12,68,18,50
2023-08-12,86,25,61
2023-08-12,94,28,66
2023-08-12,116,47,69
2023-08-12,170,61,109
2023-08-12,178,76,102
2023-08-12,197,91,106
2023-08-12,244,112,132
2023-08-12,278,125,153
2023-08-12,260,116,144
2023-08-12,269,118,151
2023-08-12,244,124,120
2023-08-12,251,106,145
2023-08-12,224,98,126
2023-08-12,150,51,99
2023-08-12,107,63,44
2023-08-12,69,21,48
2023-08-12,39,9,30
2023-08-12,14,3,11
2023-08-12,3,1,2
2023-08-12,4,3,1
2023-08-12,8,3,5
2023-08-12,27,5,22
2023-08-12,25,10,15
2023-08-11,47,23,24
2023-08-11,84,37,47
2023-08-11,91,53,38
2023-08-11,169,70,99
2023-08-11,231,107,124
2023-08-11,337,123,214
2023-08-11,430,143,287
2023-08-11,372,125,247
2023-08-11,230,71,159
2023-08-11,180,60,120
2023-08-11,199,68,131
2023-08-11,149,73,76
2023-08-11,148,53,95
2023-08-11,157,61,96
2023-08-11,196,57,139
2023-08-11,273,104,169
2023-08-11,193,73,120
2023-08-11,80,35,45
2023-08-11,29,11,18
2023-08-11,5,2,3
2023-08-11,1,1,0
2023-08-11,4,2,2
2023-08-11,6,0,6
2023-08-11,12,2,10
2023-08-10,40,12,28
2023-08-10,65,19,46
2023-08-10,115,31,84
2023-08-10,186,76,110
2023-08-10,217,86,131
2023-08-10,477,164,313
2023-08-10,697,196,501
2023-08-10,439,133,306
2023-08-10,244,81,163
2023-08-10,147,50,97
2023-08-10,146,60,86
2023-08-10,137,54,83
2023-08-10,142,63,79
2023-08-10,167,52,115
2023-08-10,286,92,194
2023-08-10,479,180,299
2023-08-10,297,123,174
2023-08-10,111,43,68
2023-08-10,24,8,16
2023-08-10,13,5,8
2023-08-10,6,2,4
2023-08-10,6,1,5
2023-08-10,6,2,4
2023-08-10,9,5,4
2023-08-09,42,17,25
2023-08-09,60,18,42
2023-08-09,75,31,44
2023-08-09,150,66,84
2023-08-09,192,59,133
2023-08-09,418,139,279
2023-08-09,574,158,416
2023-08-09,350,102,248
2023-08-09,182,65,117
2023-08-09,134,47,87
2023-08-09,86,32,54
2023-08-09,94,32,62
2023-08-09,81,31,50
2023-08-09,140,42,98
2023-08-09,257,80,177
2023-08-09,388,136,252
2023-08-09,251,104,147
2023-08-09,124,44,80
2023-08-09,29,8,21
2023-08-09,7,3,4
2023-08-09,7,4,3
2023-08-09,9,2,7
2023-08-09,4,1,3
2023-08-09,11,7,4
2023-08-08,22,10,12
2023-08-08,57,16,41
2023-08-08,120,51,69
2023-08-08,157,63,94
2023-08-08,266,105,161
2023-08-08,435,134,301
2023-08-08,713,188,525
2023-08-08,468,139,329
2023-08-08,280,86,194
2023-08-08,150,53,97
2023-08-08,148,64,84
2023-08-08,135,55,80
2023-08-08,161,77,84
2023-08-08,172,69,103
2023-08-08,308,102,206
2023-08-08,507,191,316
2023-08-08,336,123,213
2023-08-08,139,48,91
2023-08-08,37,14,23
2023-08-08,15,6,9
2023-08-08,4,2,2
2023-08-08,5,4,1
2023-08-08,3,0,3
2023-08-08,5,2,3
2023-08-07,15,3,12
2023-08-07,36,14,22
2023-08-07,63,25,38
2023-08-07,145,57,88
2023-08-07,191,78,113
2023-08-07,329,109,220
2023-08-07,492,133,359
2023-08-07,328,110,218
2023-08-07,176,56,120
2023-08-07,126,47,79
2023-08-07,113,46,67
2023-08-07,121,50,71
2023-08-07,118,44,74
2023-08-07,123,34,89
2023-08-07,227,76,151
2023-08-07,359,143,216
2023-08-07,210,82,128
2023-08-07,107,35,72
2023-08-07,23,10,13
2023-08-07,9,3,6
2023-08-07,3,1,2
2023-08-07,7,2,5
2023-08-07,3,2,1
2023-08-07,2,0,2
2023-08-06,23,7,16
2023-08-06,32,11,21
2023-08-06,50,22,28
2023-08-06,65,24,41
2023-08-06,135,62,73
2023-08-06,214,92,122
2023-08-06,165,75,90
2023-08-06,218,113,105
2023-08-06,176,84,92
2023-08-06,243,106,137
2023-08-06,235,111,124
2023-08-06,199,77,122
2023-08-06,226,143,83
2023-08-06,200,92,108
2023-08-06,148,83,65
2023-08-06,80,43,37
2023-08-06,52,19,33
2023-08-06,20,9,11
2023-08-06,5,1,4
2023-08-06,4,2,2
2023-08-06,5,1,4
2023-08-06,8,3,5
2023-08-06,36,12,24
2023-08-06,22,8,14
2023-08-05,27,12,15
2023-08-05,45,12,33
2023-08-05,59,19,40
2023-08-05,59,34,25
2023-08-05,106,43,63
2023-08-05,124,44,80
2023-08-05,153,63,90
2023-08-05,157,66,91
2023-08-05,189,87,102
2023-08-05,191,71,120
2023-08-05,159,74,85
2023-08-05,187,93,94
2023-08-05,134,58,76
2023-08-05,135,65,70
2023-08-05,138,75,63
2023-08-05,97,39,58
2023-08-05,61,21,40
2023-08-05,23,6,17
2023-08-05,12,4,8
2023-08-05,4,2,2
2023-08-05,9,4,5
2023-08-05,9,5,4
2023-08-05,17,7,10
2023-08-05,29,14,15
2023-08-04,44,11,33
2023-08-04,55,19,36
2023-08-04,92,41,51
2023-08-04,159,61,98
2023-08-04,156,73,83
2023-08-04,293,96,197
2023-08-04,393,154,239
2023-08-04,362,100,262
2023-08-04,216,67,149
2023-08-04,162,57,105
2023-08-04,186,70,116
2023-08-04,157,69,88
2023-08-04,159,66,93
2023-08-04,178,88,90
2023-08-04,228,72,156
2023-08-04,286,98,188
2023-08-04,216,92,124
2023-08-04,84,27,57
2023-08-04,24,8,16
2023-08-04,7,1,6
2023-08-04,4,1,3
2023-08-04,5,2,3
2023-08-04,11,4,7
2023-08-04,20,4,16
2023-08-03,28,14,14
2023-08-03,60,23,37
2023-08-03,122,39,83
2023-08-03,197,79,118
2023-08-03,289,98,191
2023-08-03,493,177,316
2023-08-03,678,186,492
2023-08-03,465,125,340
2023-08-03,248,93,155
2023-08-03,159,54,105
2023-08-03,161,59,102
2023-08-03,136,59,77
2023-08-03,178,80,98
2023-08-03,192,54,138
2023-08-03,344,129,215
2023-08-03,494,196,298
2023-08-03,290,121,169
2023-08-03,118,42,76
2023-08-03,32,14,18
2023-08-03,9,2,7
2023-08-03,4,2,2
2023-08-03,3,0,3
2023-08-03,1,0,1
2023-08-03,16,5,11
2023-08-02,19,6,13
2023-08-02,71,27,44
2023-08-02,127,52,75
2023-08-02,177,67,110
2023-08-02,273,99,174
2023-08-02,460,135,325
2023-08-02,683,164,519
2023-08-02,471,138,333
2023-08-02,229,77,152
2023-08-02,180,66,114
2023-08-02,189,77,112
2023-08-02,188,65,123
2023-08-02,147,69,78
2023-08-02,195,78,117
2023-08-02,372,138,234
2023-08-02,510,198,312
2023-08-02,321,115,206
2023-08-02,139,48,91
2023-08-02,32,11,21
2023-08-02,8,6,2
2023-08-02,3,1,2
2023-08-02,6,3,3
2023-08-02,8,7,1
2023-08-02,12,4,8
2023-08-01,41,13,28
2023-08-01,59,16,43
2023-08-01,128,51,77
2023-08-01,153,50,103
2023-08-01,260,110,150
2023-08-01,406,121,285
2023-08-01,721,186,535
2023-08-01,476,132,344
2023-08-01,279,88,191
2023-08-01,164,67,97
2023-08-01,144,59,85
2023-08-01,156,55,101
2023-08-01,154,60,94
2023-08-01,172,74,98
2023-08-01,356,131,225
2023-08-01,542,216,326
2023-08-01,360,140,220
2023-08-01,143,56,87
2023-08-01,25,6,19
2023-08-01,10,3,7
2023-08-01,5,2,3
2023-08-01,7,1,6
2023-08-01,6,2,4
2023-08-01,10,3,7
2023-07-31,29,9,20
2023-07-31,53,18,35
2023-07-31,72,32,40
2023-07-31,154,58,96
2023-07-31,255,104,151
2023-07-31,344,133,211
2023-07-31,523,139,384
2023-07-31,383,111,272
2023-07-31,211,73,138
2023-07-31,150,57,93
2023-07-31,150,54,96
2023-07-31,149,63,86
2023-07-31,118,53,65
2023-07-31,127,42,85
2023-07-31,235,88,147
2023-07-31,429,160,269
2023-07-31,246,93,153
2023-07-31,87,27,60
2023-07-31,33,13,20
2023-07-31,5,2,3
2023-07-31,1,1,0
2023-07-31,3,0,3
2023-07-31,0,0,0
2023-07-31,13,6,7
2023-07-30,31,12,19
2023-07-30,27,16,11
2023-07-30,55,28,27
2023-07-30,106,47,59
2023-07-30,141,64,77
2023-07-30,180,84,96
2023-07-30,193,89,104
2023-07-30,257,135,122
2023-07-30,256,123,133
2023-07-30,292,137,155
2023-07-30,312,117,195
2023-07-30,232,96,136
2023-07-30,188,61,127
2023-07-30,205,73,132
2023-07-30,151,78,73
2023-07-30,81,38,43
2023-07-30,38,22,16
2023-07-30,16,10,6
2023-07-30,8,2,6
2023-07-30,4,1,3
2023-07-30,7,2,5
2023-07-30,7,1,6
2023-07-30,20,9,11
2023-07-30,26,10,16
2023-07-29,28,9,19
2023-07-29,58,26,32
2023-07-29,86,30,56
2023-07-29,117,53,64
2023-07-29,183,86,97
2023-07-29,201,95,106
2023-07-29,201,81,120
2023-07-29,236,108,128
2023-07-29,244,124,120
2023-07-29,223,98,125
2023-07-29,215,116,99
2023-07-29,243,92,151
2023-07-29,250,110,140
2023-07-29,194,87,107
2023-07-29,139,66,73
2023-07-29,115,44,71
2023-07-29,67,22,45
2023-07-29,34,18,16
2023-07-29,9,3,6
2023-07-29,8,1,7
2023-07-29,7,3,4
2023-07-29,10,4,6
2023-07-29,21,9,12
2023-07-29,20,13,7
2023-07-28,41,17,24
2023-07-28,78,30,48
2023-07-28,97,37,60
2023-07-28,133,70,63
2023-07-28,220,83,137
2023-07-28,285,109,176
2023-07-28,405,130,275
2023-07-28,366,126,240
2023-07-28,255,84,171
2023-07-28,170,65,105
2023-07-28,151,69,82
2023-07-28,157,57,100
2023-07-28,112,46,66
2023-07-28,137,57,80
2023-07-28,190,63,127
2023-07-28,299,126,173
2023-07-28,183,72,111
2023-07-28,88,37,51
2023-07-28,28,9,19
2023-07-28,6,1,5
2023-07-28,6,5,1
2023-07-28,6,3,3
2023-07-28,4,2,2
2023-07-28,15,4,11
2023-07-27,40,12,28
2023-07-27,58,23,35
2023-07-27,112,53,59
2023-07-27,242,102,140
2023-07-27,225,81,144
2023-07-27,416,120,296
2023-07-27,661,178,483
2023-07-27,420,126,294
2023-07-27,227,65,162
2023-07-27,146,56,90
2023-07-27,159,68,91
2023-07-27,172,71,101
2023-07-27,162,72,90
2023-07-27,203,64,139
2023-07-27,323,114,209
2023-07-27,472,183,289
2023-07-27,316,139,177
2023-07-27,112,42,70
2023-07-27,33,14,19
2023-07-27,12,3,9
2023-07-27,2,1,1
2023-07-27,5,2,3
2023-07-27,2,0,2
2023-07-27,7,0,7
2023-07-26,31,11,20
2023-07-26,60,21,39
2023-07-26,117,62,55
2023-07-26,195,70,125
2023-07-26,250,89,161
2023-07-26,425,161,264
2023-07-26,768,188,580
2023-07-26,418,123,295
2023-07-26,249,86,163
2023-07-26,182,68,114
2023-07-26,131,57,74
2023-07-26,120,48,72
2023-07-26,141,58,83
2023-07-26,184,60,124
2023-07-26,317,114,203
2023-07-26,530,207,323
2023-07-26,342,164,178
2023-07-26,123,42,81
2023-07-26,29,13,16
2023-07-26,10,1,9
2023-07-26,5,2,3
2023-07-26,4,2,2
2023-07-26,0,0,0
2023-07-26,8,5,3
2023-07-25,19,5,14
2023-07-25,50,22,28
2023-07-25,103,46,57
2023-07-25,204,85,119
2023-07-25,266,123,143
2023-07-25,461,135,326
2023-07-25,710,170,540
2023-07-25,449,116,333
2023-07-25,253,79,174
2023-07-25,162,69,93
2023-07-25,141,58,83
2023-07-25,118,47,71
2023-07-25,127,51,76
2023-07-25,151,59,92
2023-07-25,334,120,214
2023-07-25,496,184,312
2023-07-25,338,146,192
2023-07-25,126,53,73
2023-07-25,31,7,24
2023-07-25,11,5,6
2023-07-25,4,1,3
2023-07-25,4,3,1
2023-07-25,3,2,1
2023-07-25,7,3,4
2023-07-24,20,13,7
2023-07-24,25,13,12
2023-07-24,24,13,11
2023-07-24,53,24,29
2023-07-24,77,30,47
2023-07-24,212,73,139
2023-07-24,350,108,242
2023-07-24,255,66,189
2023-07-24,156,42,114
2023-07-24,84,33,51
2023-07-24,90,37,53
2023-07-24,84,39,45
2023-07-24,74,32,42
2023-07-24,66,19,47
2023-07-24,134,46,88
2023-07-24,263,100,163
2023-07-24,198,85,113
2023-07-24,91,32,59
2023-07-24,32,11,21
2023-07-24,8,2,6
2023-07-24,2,1,1
2023-07-24,6,2,4
2023-07-24,7,3,4
2023-07-24,23,6,17
2023-07-23,26,5,21
2023-07-23,42,15,27
2023-07-23,60,18,42
2023-07-23,97,36,61
2023-07-23,176,88,88
2023-07-23,200,77,123
2023-07-23,205,89,116
2023-07-23,237,106,131
2023-07-23,261,125,136
2023-07-23,289,148,141
2023-07-23,259,131,128
2023-07-23,245,118,127
2023-07-23,268,128,140
2023-07-23,238,89,149
2023-07-23,175,81,94
2023-07-23,91,52,39
2023-07-23,45,23,22
2023-07-23,27,11,16
2023-07-23,9,1,8
2023-07-23,5,2,3
2023-07-23,4,1,3
2023-07-23,12,4,8
2023-07-23,20,7,13
2023-07-23,53,9,44
2023-07-22,44,15,29
2023-07-22,73,28,45
2023-07-22,153,45,108
2023-07-22,132,53,79
2023-07-22,230,88,142
2023-07-22,232,107,125
2023-07-22,281,123,158
2023-07-22,284,122,162
2023-07-22,308,149,159
2023-07-22,304,120,184
2023-07-22,267,128,139
2023-07-22,272,128,144
2023-07-22,262,134,128
2023-07-22,183,80,103
2023-07-22,159,72,87
2023-07-22,107,52,55
2023-07-22,68,30,38
2023-07-22,37,17,20
2023-07-22,7,2,5
2023-07-22,5,1,4
2023-07-22,2,1,1
2023-07-22,14,3,11
2023-07-22,31,11,20
2023-07-22,24,5,19
2023-07-21,53,10,43
2023-07-21,85,29,56
2023-07-21,140,56,84
2023-07-21,139,65,74
2023-07-21,226,87,139
2023-07-21,290,115,175
2023-07-21,451,160,291
2023-07-21,348,130,218
2023-07-21,255,92,163
2023-07-21,172,76,96
2023-07-21,147,62,85
2023-07-21,140,63,77
2023-07-21,131,52,79
2023-07-21,131,55,76
2023-07-21,230,93,137
2023-07-21,270,100,170
2023-07-21,182,84,98
2023-07-21,73,27,46
2023-07-21,29,5,24
2023-07-21,10,3,7
2023-07-21,2,0,2
2023-07-21,8,2,6
2023-07-21,3,2,1
2023-07-21,9,1,8
2023-07-20,32,9,23
2023-07-20,64,24,40
2023-07-20,115,46,69
2023-07-20,229,80,149
2023-07-20,293,103,190
2023-07-20,391,144,247
2023-07-20,627,153,474
2023-07-20,415,116,299
2023-07-20,265,95,170
2023-07-20,171,60,111
2023-07-20,132,57,75
2023-07-20,168,52,116
2023-07-20,158,70,88
2023-07-20,204,80,124
2023-07-20,317,135,182
2023-07-20,489,182,307
2023-07-20,328,127,201
2023-07-20,129,53,76
2023-07-20,45,15,30
2023-07-20,11,3,8
2023-07-20,3,2,1
2023-07-20,9,2,7
2023-07-20,3,0,3
2023-07-20,14,6,8
2023-07-19,31,14,17
2023-07-19,78,21,57
2023-07-19,128,52,76
2023-07-19,196,77,119
2023-07-19,282,102,180
2023-07-19,469,152,317
2023-07-19,732,199,533
2023-07-19,474,122,352
2023-07-19,221,60,161
2023-07-19,190,60,130
2023-07-19,140,65,75
2023-07-19,140,54,86
2023-07-19,151,64,87
2023-07-19,193,80,113
2023-07-19,316,114,202
2023-07-19,550,207,343
2023-07-19,373,149,224
2023-07-19,118,50,68
2023-07-19,37,14,23
2023-07-19,12,4,8
2023-07-19,4,0,4
2023-07-19,2,1,1
2023-07-19,12,9,3
2023-07-19,15,5,10
2023-07-18,37,10,27
2023-07-18,62,21,41
2023-07-18,146,68,78
2023-07-18,189,80,109
2023-07-18,233,85,148
2023-07-18,459,150,309
2023-07-18,755,174,581
2023-07-18,487,110,377
2023-07-18,292,92,200
2023-07-18,144,53,91
2023-07-18,155,56,99
2023-07-18,156,64,92
2023-07-18,176,79,97
2023-07-18,184,70,114
2023-07-18,325,128,197
2023-07-18,567,213,354
2023-07-18,410,157,253
2023-07-18,157,52,105
2023-07-18,39,14,25
2023-07-18,10,1,9
2023-07-18,5,2,3
2023-07-18,4,1,3
2023-07-18,3,1,2
2023-07-18,10,3,7
2023-07-17,26,13,13
2023-07-17,47,14,33
2023-07-17,80,40,40
2023-07-17,142,63,79
2023-07-17,197,77,120
2023-07-17,351,129,222
2023-07-17,508,119,389
2023-07-17,356,112,244
2023-07-17,188,69,119
2023-07-17,115,44,71
2023-07-17,109,46,63
2023-07-17,121,56,65
2023-07-17,104,43,61
2023-07-17,126,39,87
2023-07-17,244,102,142
2023-07-17,346,140,206
2023-07-17,221,78,143
2023-07-17,84,25,59
2023-07-17,27,12,15
2023-07-17,8,2,6
2023-07-17,2,1,1
2023-07-17,4,2,2
2023-07-17,9,3,6
2023-07-17,5,2,3
2023-07-16,17,11,6
2023-07-16,30,13,17
2023-07-16,88,27,61
2023-07-16,101,45,56
2023-07-16,148,84,64
2023-07-16,159,65,94
2023-07-16,199,101,98
2023-07-16,266,120,146
2023-07-16,220,107,113
2023-07-16,245,118,127
2023-07-16,314,149,165
2023-07-16,256,114,142
2023-07-16,259,107,152
2023-07-16,196,79,117
2023-07-16,145,64,81
2023-07-16,97,42,55
2023-07-16,43,18,25
2023-07-16,21,13,8
2023-07-16,14,3,11
2023-07-16,2,1,1
2023-07-16,5,4,1
2023-07-16,8,5,3
2023-07-16,10,7,3
2023-07-16,22,6,16
2023-07-15,40,28,12
2023-07-15,76,23,53
2023-07-15,150,46,104
2023-07-15,119,61,58
2023-07-15,197,67,130
2023-07-15,181,83,98
2023-07-15,185,73,112
2023-07-15,220,90,130
2023-07-15,209,97,112
2023-07-15,242,109,133
2023-07-15,243,107,136
2023-07-15,233,117,116
2023-07-15,239,116,123
2023-07-15,186,94,92
2023-07-15,176,78,98
2023-07-15,137,57,80
2023-07-15,57,26,31
2023-07-15,40,9,31
2023-07-15,38,6,32
2023-07-15,28,3,25
2023-07-15,14,1,13
2023-07-15,22,5,17
2023-07-15,15,8,7
2023-07-15,31,11,20
2023-07-14,39,20,19
2023-07-14,68,25,43
2023-07-14,108,40,68
2023-07-14,121,63,58
2023-07-14,230,97,133
2023-07-14,296,96,200
2023-07-14,395,128,267
2023-07-14,347,117,230
2023-07-14,257,113,144
2023-07-14,189,67,122
2023-07-14,145,59,86
2023-07-14,152,62,90
2023-07-14,142,73,69
2023-07-14,150,55,95
2023-07-14,253,104,149
2023-07-14,278,109,169
2023-07-14,213,90,123
2023-07-14,84,31,53
2023-07-14,27,9,18
2023-07-14,7,3,4
2023-07-14,1,0,1
2023-07-14,5,2,3
2023-07-14,7,3,4
2023-07-14,11,2,9
2023-07-13,25,11,14
2023-07-13,76,39,37
2023-07-13,126,52,74
2023-07-13,151,72,79
2023-07-13,298,116,182
2023-07-13,484,155,329
2023-07-13,670,164,506
2023-07-13,451,115,336
2023-07-13,235,91,144
2023-07-13,178,69,109
2023-07-13,169,80,89
2023-07-13,123,43,80
2023-07-13,141,59,82
2023-07-13,178,73,105
2023-07-13,287,101,186
2023-07-13,479,184,295
2023-07-13,316,126,190
2023-07-13,118,41,77
2023-07-13,44,13,31
2023-07-13,9,2,7
2023-07-13,2,0,2
2023-07-13,4,2,2
2023-07-13,8,3,5
2023-07-13,8,3,5
2023-07-12,30,9,21
2023-07-12,86,38,48
2023-07-12,124,57,67
2023-07-12,157,56,101
2023-07-12,242,90,152
2023-07-12,451,157,294
2023-07-12,705,203,502
2023-07-12,446,122,324
2023-07-12,240,72,168
2023-07-12,157,58,99
2023-07-12,141,62,79
2023-07-12,165,73,92
2023-07-12,147,51,96
2023-07-12,185,72,113
2023-07-12,322,114,208
2023-07-12,509,196,313
2023-07-12,329,126,203
2023-07-12,140,52,88
2023-07-12,37,16,21
2023-07-12,10,3,7
2023-07-12,7,2,5
2023-07-12,0,0,0
2023-07-12,7,2,5
2023-07-12,8,4,4
2023-07-11,31,5,26
2023-07-11,58,21,37
2023-07-11,137,76,61
2023-07-11,207,80,127
2023-07-11,284,115,169
2023-07-11,496,161,335
2023-07-11,735,185,550
2023-07-11,487,126,361
2023-07-11,282,100,182
2023-07-11,148,61,87
2023-07-11,142,57,85
2023-07-11,148,65,83
2023-07-11,161,58,103
2023-07-11,189,79,110
2023-07-11,276,45,231
2023-07-11,512,121,391
2023-07-11,379,162,217
2023-07-11,138,44,94
2023-07-11,39,13,26
2023-07-11,11,2,9
2023-07-11,4,3,1
2023-07-11,3,1,2
2023-07-11,3,2,1
2023-07-11,11,5,6
2023-07-10,22,12,10
2023-07-10,43,11,32
2023-07-10,81,27,54
2023-07-10,146,52,94
2023-07-10,171,54,117
2023-07-10,330,109,221
2023-07-10,492,132,360
2023-07-10,327,85,242
2023-07-10,171,61,110
2023-07-10,104,37,67
2023-07-10,118,46,72
2023-07-10,115,63,52
2023-07-10,91,41,50
2023-07-10,143,49,94
2023-07-10,230,77,153
2023-07-10,400,158,242
2023-07-10,258,114,144
2023-07-10,91,35,56
2023-07-10,30,16,14
2023-07-10,13,2,11
2023-07-10,1,0,1
2023-07-10,3,1,2
2023-07-10,3,1,2
2023-07-10,6,2,4
2023-07-09,21,9,12
2023-07-09,41,16,25
2023-07-09,74,38,36
2023-07-09,111,49,62
2023-07-09,146,64,82
2023-07-09,164,79,85
2023-07-09,260,103,157
2023-07-09,233,94,139
2023-07-09,258,121,137
2023-07-09,261,115,146
2023-07-09,281,134,147
2023-07-09,231,103,128
2023-07-09,243,107,136
2023-07-09,178,77,101
2023-07-09,159,81,78
2023-07-09,84,23,61
2023-07-09,45,23,22
2023-07-09,26,13,13
2023-07-09,7,1,6
2023-07-09,1,0,1
2023-07-09,3,1,2
2023-07-09,8,6,2
2023-07-09,14,6,8
2023-07-09,28,12,16
2023-07-08,35,12,23
2023-07-08,45,22,23
2023-07-08,140,40,100
2023-07-08,156,70,86
2023-07-08,207,77,130
2023-07-08,216,92,124
2023-07-08,205,89,116
2023-07-08,256,106,150
2023-07-08,258,103,155
2023-07-08,255,122,133
2023-07-08,220,110,110
2023-07-08,211,91,120
2023-07-08,191,93,98
2023-07-08,197,82,115
2023-07-08,125,62,63
2023-07-08,95,32,63
2023-07-08,60,22,38
2023-07-08,26,13,13
2023-07-08,23,6,17
2023-07-08,5,1,4
2023-07-08,2,0,2
2023-07-08,12,4,8
2023-07-08,12,4,8
2023-07-08,15,5,10
2023-07-07,32,11,21
2023-07-07,74,36,38
2023-07-07,72,34,38
2023-07-07,175,94,81
2023-07-07,213,73,140
2023-07-07,300,122,178
2023-07-07,399,125,274
2023-07-07,330,111,219
2023-07-07,227,92,135
2023-07-07,181,67,114
2023-07-07,147,60,87
2023-07-07,129,60,69
2023-07-07,133,64,69
2023-07-07,129,53,76
2023-07-07,196,57,139
2023-07-07,252,96,156
2023-07-07,190,84,106
2023-07-07,77,35,42
2023-07-07,37,8,29
2023-07-07,9,2,7
2023-07-07,3,0,3
2023-07-07,3,1,2
2023-07-07,7,2,5
2023-07-07,16,4,12
2023-07-06,25,7,18
2023-07-06,61,30,31
2023-07-06,115,53,62
2023-07-06,156,62,94
2023-07-06,229,79,150
2023-07-06,425,144,281
2023-07-06,607,154,453
2023-07-06,359,101,258
2023-07-06,208,84,124
2023-07-06,136,49,87
2023-07-06,155,67,88
2023-07-06,124,49,75
2023-07-06,107,44,63
2023-07-06,162,52,110
2023-07-06,314,101,213
2023-07-06,438,163,275
2023-07-06,307,113,194
2023-07-06,130,46,84
2023-07-06,42,17,25
2023-07-06,12,2,10
2023-07-06,2,1,1
2023-07-06,4,0,4
2023-07-06,3,1,2
2023-07-06,9,3,6
2023-07-05,25,12,13
2023-07-05,50,17,33
2023-07-05,115,47,68
2023-07-05,130,65,65
2023-07-05,197,82,115
2023-07-05,347,123,224
2023-07-05,505,116,389
2023-07-05,333,76,257
2023-07-05,162,47,115
2023-07-05,110,41,69
2023-07-05,96,37,59
2023-07-05,102,48,54
2023-07-05,127,63,64
2023-07-05,131,49,82
2023-07-05,258,94,164
2023-07-05,335,109,226
2023-07-05,274,123,151
2023-07-05,98,38,60
2023-07-05,32,16,16
2023-07-05,11,1,10
2023-07-05,1,0,1
2023-07-05,7,2,5
2023-07-05,9,4,5
2023-07-05,32,13,19
2023-07-04,256,95,161
2023-07-04,199,66,133
2023-07-04,251,111,140
2023-07-04,218,106,112
2023-07-04,200,97,103
2023-07-04,280,130,150
2023-07-04,209,84,125
2023-07-04,254,98,156
2023-07-04,254,105,149
2023-07-04,248,108,140
2023-07-04,261,116,145
2023-07-04,256,136,120
2023-07-04,296,133,163
2023-07-04,242,118,124
2023-07-04,166,74,92
2023-07-04,122,53,69
2023-07-04,68,33,35
2023-07-04,26,4,22
2023-07-04,15,1,14
2023-07-04,14,1,13
2023-07-04,3,1,2
2023-07-04,6,5,1
2023-07-04,10,6,4
2023-07-04,11,4,7
2023-07-03,28,9,19
2023-07-03,34,11,23
2023-07-03,80,33,47
2023-07-03,96,45,51
2023-07-03,163,68,95
2023-07-03,218,92,126
2023-07-03,283,98,185
2023-07-03,273,124,149
2023-07-03,243,97,146
2023-07-03,182,76,106
2023-07-03,176,83,93
2023-07-03,141,54,87
2023-07-03,159,63,96
2023-07-03,122,62,60
2023-07-03,163,68,95
2023-07-03,191,67,124
2023-07-03,119,52,67
2023-07-03,83,34,49
2023-07-03,16,7,9
2023-07-03,15,3,12
2023-07-03,3,1,2
2023-07-03,6,2,4
2023-07-03,4,1,3
2023-07-03,7,2,5
2023-07-02,22,7,15
2023-07-02,35,14,21
2023-07-02,72,28,44
2023-07-02,85,32,53
2023-07-02,107,52,55
2023-07-02,184,86,98
2023-07-02,209,92,117
2023-07-02,257,100,157
2023-07-02,220,127,93
2023-07-02,228,132,96
2023-07-02,246,112,134
2023-07-02,225,107,118
2023-07-02,215,123,92
2023-07-02,189,87,102
2023-07-02,115,58,57
2023-07-02,73,33,40
2023-07-02,45,18,27
2023-07-02,29,17,12
2023-07-02,7,3,4
2023-07-02,1,0,1
2023-07-02,2,0,2
2023-07-02,7,6,1
2023-07-02,12,1,11
2023-07-02,19,8,11
2023-07-01,42,15,27
2023-07-01,67,23,44
2023-07-01,110,31,79
2023-07-01,96,34,62
2023-07-01,163,61,102
2023-07-01,183,80,103
2023-07-01,210,98,112
2023-07-01,246,119,127
2023-07-01,243,114,129
2023-07-01,229,101,128
2023-07-01,208,110,98
2023-07-01,242,91,151
2023-07-01,231,115,116
2023-07-01,148,72,76
2023-07-01,123,51,72
2023-07-01,93,38,55
2023-07-01,73,29,44
2023-07-01,30,5,25
2023-07-01,17,2,15
2023-07-01,4,0,4
2023-07-01,0,0,0
2023-07-01,10,5,5
2023-07-01,7,0,7
2023-07-01,27,12,15
2023-06-30,37,13,24
2023-06-30,75,18,57
2023-06-30,135,70,65
2023-06-30,145,58,87
2023-06-30,175,74,101
2023-06-30,295,110,185
2023-06-30,381,130,251
2023-06-30,334,124,210
2023-06-30,249,96,153
2023-06-30,193,69,124
2023-06-30,175,78,97
2023-06-30,173,84,89
2023-06-30,115,51,64
2023-06-30,151,60,91
2023-06-30,176,57,119
2023-06-30,283,116,167
2023-06-30,199,85,114
2023-06-30,97,37,60
2023-06-30,31,13,18
2023-06-30,8,1,7
2023-06-30,0,0,0
2023-06-30,5,1,4
2023-06-30,14,5,9
2023-06-30,19,4,15
2023-06-29,26,6,20
2023-06-29,74,28,46
2023-06-29,122,54,68
2023-06-29,190,91,99
2023-06-29,285,95,190
2023-06-29,447,169,278
2023-06-29,646,157,489
2023-06-29,381,115,266
2023-06-29,237,87,150
2023-06-29,165,60,105
2023-06-29,127,56,71
2023-06-29,145,59,86
2023-06-29,134,62,72
2023-06-29,155,65,90
2023-06-29,303,101,202
2023-06-29,483,191,292
2023-06-29,325,139,186
2023-06-29,132,53,79
2023-06-29,44,16,28
2023-06-29,10,3,7
2023-06-29,6,1,5
2023-06-29,3,1,2
2023-06-29,4,2,2
2023-06-29,9,2,7
2023-06-28,17,3,14
2023-06-28,70,28,42
2023-06-28,131,66,65
2023-06-28,180,71,109
2023-06-28,276,99,177
2023-06-28,476,160,316
2023-06-28,676,170,506
2023-06-28,466,130,336
2023-06-28,241,72,169
2023-06-28,165,58,107
2023-06-28,149,60,89
2023-06-28,141,61,80
2023-06-28,142,56,86
2023-06-28,158,56,102
2023-06-28,315,89,226
2023-06-28,493,188,305
2023-06-28,359,145,214
2023-06-28,132,56,76
2023-06-28,42,20,22
2023-06-28,8,4,4
2023-06-28,2,0,2
2023-06-28,5,3,2
2023-06-28,8,2,6
2023-06-28,9,5,4
2023-06-27,31,10,21
2023-06-27,83,34,49
2023-06-27,141,63,78
2023-06-27,149,62,87
2023-06-27,271,87,184
2023-06-27,478,165,313
2023-06-27,734,184,550
2023-06-27,462,103,359
2023-06-27,235,58,177
2023-06-27,137,49,88
2023-06-27,128,53,75
2023-06-27,114,42,72
2023-06-27,98,32,66
2023-06-27,158,51,107
2023-06-27,303,107,196
2023-06-27,573,230,343
2023-06-27,375,132,243
2023-06-27,139,56,83
2023-06-27,36,17,19
2023-06-27,12,2,10
2023-06-27,1,0,1
2023-06-27,4,1,3
2023-06-27,3,2,1
2023-06-27,5,2,3
2023-06-26,13,7,6
2023-06-26,35,15,20
2023-06-26,72,38,34
2023-06-26,167,64,103
2023-06-26,217,82,135
2023-06-26,340,119,221
2023-06-26,536,125,411
2023-06-26,368,126,242
2023-06-26,184,80,104
2023-06-26,144,56,88
2023-06-26,98,41,57
2023-06-26,119,61,58
2023-06-26,93,38,55
2023-06-26,119,36,83
2023-06-26,222,65,157
2023-06-26,384,141,243
2023-06-26,227,88,139
2023-06-26,112,42,70
2023-06-26,32,13,19
2023-06-26,6,3,3
2023-06-26,2,0,2
2023-06-26,3,2,1
2023-06-26,2,0,2
2023-06-26,9,4,5
2023-06-25,17,7,10
2023-06-25,42,19,23
2023-06-25,77,38,39
2023-06-25,122,48,74
2023-06-25,128,54,74
2023-06-25,162,77,85
2023-06-25,206,99,107
2023-06-25,293,136,157
2023-06-25,309,135,174
2023-06-25,292,121,171
2023-06-25,277,117,160
2023-06-25,246,109,137
2023-06-25,253,84,169
2023-06-25,212,85,127
2023-06-25,143,62,81
2023-06-25,64,27,37
2023-06-25,41,20,21
2023-06-25,35,18,17
2023-06-25,10,5,5
2023-06-25,18,1,17
2023-06-25,11,2,9
2023-06-25,23,5,18
2023-06-25,7,3,4
2023-06-25,21,10,11
2023-06-24,30,15,15
2023-06-24,103,42,61
2023-06-24,115,38,77
2023-06-24,120,57,63
2023-06-24,214,70,144
2023-06-24,163,83,80
2023-06-24,195,84,111
2023-06-24,247,119,128
2023-06-24,219,93,126
2023-06-24,226,85,141
2023-06-24,221,103,118
2023-06-24,226,93,133
2023-06-24,157,65,92
2023-06-24,175,85,90
2023-06-24,131,55,76
2023-06-24,107,52,55
2023-06-24,71,28,43
2023-06-24,38,13,25
2023-06-24,6,2,4
2023-06-24,3,1,2
2023-06-24,3,3,0
2023-06-24,17,8,9
2023-06-24,14,5,9
2023-06-24,24,11,13
2023-06-23,35,17,18
2023-06-23,76,41,35
2023-06-23,112,41,71
2023-06-23,133,54,79
2023-06-23,193,73,120
2023-06-23,319,128,191
2023-06-23,403,132,271
2023-06-23,395,141,254
2023-06-23,274,108,166
2023-06-23,205,72,133
2023-06-23,174,81,93
2023-06-23,179,72,107
2023-06-23,141,60,81
2023-06-23,144,55,89
2023-06-23,217,97,120
2023-06-23,342,129,213
2023-06-23,202,81,121
2023-06-23,88,31,57
2023-06-23,29,13,16
2023-06-23,13,4,9
2023-06-23,3,1,2
2023-06-23,3,0,3
2023-06-23,5,2,3
2023-06-23,13,3,10
2023-06-22,19,3,16
2023-06-22,71,33,38
2023-06-22,136,73,63
2023-06-22,178,75,103
2023-06-22,305,97,208
2023-06-22,447,140,307
2023-06-22,686,193,493
2023-06-22,440,125,315
2023-06-22,259,88,171
2023-06-22,159,67,92
2023-06-22,140,58,82
2023-06-22,137,57,80
2023-06-22,131,51,80
2023-06-22,167,68,99
2023-06-22,296,108,188
2023-06-22,512,200,312
2023-06-22,318,131,187
2023-06-22,116,53,63
2023-06-22,39,16,23
2023-06-22,11,3,8
2023-06-22,5,1,4
2023-06-22,4,0,4
2023-06-22,1,0,1
2023-06-22,8,2,6
2023-06-21,32,15,17
2023-06-21,77,36,41
2023-06-21,137,54,83
2023-06-21,200,85,115
2023-06-21,258,98,160
2023-06-21,501,178,323
2023-06-21,655,172,483
2023-06-21,433,116,317
2023-06-21,251,99,152
2023-06-21,190,85,105
2023-06-21,159,61,98
2023-06-21,140,55,85
2023-06-21,128,63,65
2023-06-21,154,62,92
2023-06-21,277,93,184
2023-06-21,461,185,276
2023-06-21,325,125,200
2023-06-21,103,46,57
2023-06-21,36,12,24
2023-06-21,10,2,8
2023-06-21,4,2,2
2023-06-21,7,2,5
2023-06-21,3,1,2
2023-06-21,2,1,1
2023-06-20,18,3,15
2023-06-20,43,22,21
2023-06-20,51,18,33
2023-06-20,78,38,40
2023-06-20,130,36,94
2023-06-20,239,67,172
2023-06-20,347,72,275
2023-06-20,186,48,138
2023-06-20,105,31,74
2023-06-20,73,30,43
2023-06-20,56,23,33
2023-06-20,54,24,30
2023-06-20,37,15,22
2023-06-20,68,28,40
2023-06-20,141,40,101
2023-06-20,313,131,182
2023-06-20,175,63,112
2023-06-20,66,20,46
2023-06-20,21,6,15
2023-06-20,6,1,5
2023-06-20,1,0,1
2023-06-20,2,2,0
2023-06-20,3,2,1
2023-06-20,3,0,3
2023-06-19,12,7,5
2023-06-19,23,12,11
2023-06-19,23,5,18
2023-06-19,33,20,13
2023-06-19,58,25,33
2023-06-19,128,46,82
2023-06-19,257,86,171
2023-06-19,232,95,137
2023-06-19,181,88,93
2023-06-19,138,69,69
2023-06-19,168,71,97
2023-06-19,135,55,80
2023-06-19,132,54,78
2023-06-19,106,49,57
2023-06-19,110,42,68
2023-06-19,149,63,86
2023-06-19,130,54,76
2023-06-19,40,13,27
2023-06-19,22,5,17
2023-06-19,7,2,5
2023-06-19,1,0,1
2023-06-19,0,0,0
2023-06-19,5,4,1
2023-06-19,5,1,4
2023-06-18,9,5,4
2023-06-18,15,6,9
2023-06-18,13,4,9
2023-06-18,19,10,9
2023-06-18,41,18,23
2023-06-18,71,34,37
2023-06-18,67,39,28
2023-06-18,82,35,47
2023-06-18,93,42,51
2023-06-18,131,61,70
2023-06-18,140,60,80
2023-06-18,176,66,110
2023-06-18,144,76,68
2023-06-18,100,30,70
2023-06-18,81,35,46
2023-06-18,64,20,44
2023-06-18,16,8,8
2023-06-18,9,3,6
2023-06-18,3,0,3
2023-06-18,1,0,1
2023-06-18,1,1,0
2023-06-18,7,4,3
2023-06-18,6,1,5
2023-06-18,10,3,7
2023-06-17,21,6,15
2023-06-17,28,12,16
2023-06-17,60,27,33
2023-06-17,62,29,33
2023-06-17,103,50,53
2023-06-17,148,69,79
2023-06-17,143,74,69
2023-06-17,76,31,45
2023-06-17,33,10,23
2023-06-17,44,22,22
2023-06-17,89,32,57
2023-06-17,156,75,81
2023-06-17,129,40,89
2023-06-17,150,58,92
2023-06-17,99,36,63
2023-06-17,65,25,40
2023-06-17,36,13,23
2023-06-17,26,11,15
2023-06-17,7,2,5
2023-06-17,4,2,2
2023-06-17,5,5,0
2023-06-17,3,0,3
2023-06-17,5,0,5
2023-06-17,18,6,12
2023-06-16,21,4,17
2023-06-16,36,15,21
2023-06-16,27,15,12
2023-06-16,26,13,13
2023-06-16,63,30,33
2023-06-16,130,39,91
2023-06-16,303,112,191
2023-06-16,304,94,210
2023-06-16,228,72,156
2023-06-16,182,75,107
2023-06-16,138,53,85
2023-06-16,154,61,93
2023-06-16,126,58,68
2023-06-16,103,38,65
2023-06-16,200,72,128
2023-06-16,250,96,154
2023-06-16,183,72,111
2023-06-16,91,35,56
2023-06-16,21,8,13
2023-06-16,5,2,3
2023-06-16,1,0,1
2023-06-16,13,4,9
2023-06-16,12,5,7
2023-06-16,6,4,2
2023-06-15,23,9,14
2023-06-15,69,35,34
2023-06-15,117,47,70
2023-06-15,188,81,107
2023-06-15,252,107,145
2023-06-15,406,118,288
2023-06-15,594,140,454
2023-06-15,408,111,297
2023-06-15,250,90,160
2023-06-15,151,52,99
2023-06-15,124,53,71
2023-06-15,159,57,102
2023-06-15,115,40,75
2023-06-15,128,54,74
2023-06-15,274,107,167
2023-06-15,435,189,246
2023-06-15,313,126,187
2023-06-15,120,52,68
2023-06-15,33,17,16
2023-06-15,8,2,6
2023-06-15,2,1,1
2023-06-15,8,2,6
2023-06-15,2,1,1
2023-06-15,7,7,0
2023-06-14,19,6,13
2023-06-14,52,24,28
2023-06-14,74,32,42
2023-06-14,165,62,103
2023-06-14,196,69,127
2023-06-14,433,133,300
2023-06-14,613,153,460
2023-06-14,412,115,297
2023-06-14,210,75,135
2023-06-14,117,41,76
2023-06-14,125,52,73
2023-06-14,106,39,67
2023-06-14,92,32,60
2023-06-14,140,43,97
2023-06-14,304,90,214
2023-06-14,490,181,309
2023-06-14,287,111,176
2023-06-14,94,39,55
2023-06-14,40,19,21
2023-06-14,7,2,5
2023-06-14,2,0,2
2023-06-14,1,0,1
2023-06-14,2,0,2
2023-06-14,5,0,5
2023-06-13,21,8,13
2023-06-13,54,19,35
2023-06-13,81,37,44
2023-06-13,116,46,70
2023-06-13,223,90,133
2023-06-13,430,126,304
2023-06-13,639,166,473
2023-06-13,373,96,277
2023-06-13,188,45,143
2023-06-13,122,49,73
2023-06-13,82,30,52
2023-06-13,93,46,47
2023-06-13,85,26,59
2023-06-13,125,45,80
2023-06-13,275,96,179
2023-06-13,525,192,333
2023-06-13,364,160,204
2023-06-13,145,53,92
2023-06-13,36,12,24
2023-06-13,11,3,8
2023-06-13,4,1,3
2023-06-13,9,4,5
2023-06-13,6,4,2
2023-06-13,5,2,3
2023-06-12,22,12,10
2023-06-12,55,26,29
2023-06-12,101,35,66
2023-06-12,179,72,107
2023-06-12,225,85,140
2023-06-12,384,141,243
2023-06-12,557,134,423
2023-06-12,365,94,271
2023-06-12,181,73,108
2023-06-12,154,57,97
2023-06-12,150,59,91
2023-06-12,126,72,54
2023-06-12,128,40,88
2023-06-12,123,39,84
2023-06-12,252,87,165
2023-06-12,420,149,271
2023-06-12,298,118,180
2023-06-12,111,41,70
2023-06-12,36,17,19
2023-06-12,6,3,3
2023-06-12,2,0,2
2023-06-12,3,2,1
2023-06-12,4,2,2
2023-06-12,7,3,4
2023-06-11,21,13,8
2023-06-11,37,12,25
2023-06-11,67,30,37
2023-06-11,102,34,68
2023-06-11,130,48,82
2023-06-11,208,85,123
2023-06-11,221,95,126
2023-06-11,305,129,176
2023-06-11,255,113,142
2023-06-11,274,113,161
2023-06-11,236,114,122
2023-06-11,286,138,148
2023-06-11,247,116,131
2023-06-11,207,92,115
2023-06-11,156,61,95
2023-06-11,105,47,58
2023-06-11,48,22,26
2023-06-11,25,10,15
2023-06-11,3,0,3
2023-06-11,5,3,2
2023-06-11,5,2,3
2023-06-11,5,2,3
2023-06-11,18,4,14
2023-06-11,15,4,11
2023-06-10,18,7,11
2023-06-10,50,18,32
2023-06-10,93,26,67
2023-06-10,89,39,50
2023-06-10,126,44,82
2023-06-10,130,63,67
2023-06-10,121,56,65
2023-06-10,86,42,44
2023-06-10,120,51,69
2023-06-10,79,30,49
2023-06-10,62,34,28
2023-06-10,69,32,37
2023-06-10,86,49,37
2023-06-10,39,19,20
2023-06-10,45,16,29
2023-06-10,32,12,20
2023-06-10,29,12,17
2023-06-10,16,7,9
2023-06-10,6,2,4
2023-06-10,1,0,1
2023-06-10,3,2,1
2023-06-10,6,2,4
2023-06-10,14,7,7
2023-06-10,10,4,6
2023-06-09,25,9,16
2023-06-09,16,4,12
2023-06-09,36,17,19
2023-06-09,30,19,11
2023-06-09,52,22,30
2023-06-09,119,44,75
2023-06-09,168,43,125
2023-06-09,129,41,88
2023-06-09,102,31,71
2023-06-09,73,34,39
2023-06-09,97,35,62
2023-06-09,65,28,37
2023-06-09,58,22,36
2023-06-09,46,19,27
2023-06-09,100,47,53
2023-06-09,145,59,86
2023-06-09,117,61,56
2023-06-09,58,21,37
2023-06-09,16,3,13
2023-06-09,5,3,2
2023-06-09,0,0,0
2023-06-09,0,0,0
2023-06-09,7,3,4
2023-06-09,10,0,10
2023-06-08,33,11,22
2023-06-08,50,23,27
2023-06-08,110,47,63
2023-06-08,195,80,115
2023-06-08,236,97,139
2023-06-08,437,152,285
2023-06-08,626,174,452
2023-06-08,464,135,329
2023-06-08,251,84,167
2023-06-08,187,63,124
2023-06-08,119,46,73
2023-06-08,139,68,71
2023-06-08,152,59,93
2023-06-08,164,74,90
2023-06-08,292,101,191
2023-06-08,491,195,296
2023-06-08,323,131,192
2023-06-08,152,64,88
2023-06-08,42,20,22
2023-06-08,14,2,12
2023-06-08,2,0,2
2023-06-08,3,2,1
2023-06-08,4,3,1
2023-06-08,8,2,6
2023-06-07,27,11,16
2023-06-07,52,25,27
2023-06-07,150,61,89
2023-06-07,165,67,98
2023-06-07,247,84,163
2023-06-07,447,145,302
2023-06-07,659,144,515
2023-06-07,433,109,324
2023-06-07,225,79,146
2023-06-07,155,53,102
2023-06-07,122,53,69
2023-06-07,146,69,77
2023-06-07,153,63,90
2023-06-07,177,59,118
2023-06-07,298,110,188
2023-06-07,486,197,289
2023-06-07,363,143,220
2023-06-07,125,47,78
2023-06-07,37,15,22
2023-06-07,8,4,4
2023-06-07,3,0,3
2023-06-07,2,0,2
2023-06-07,9,4,5
2023-06-07,6,2,4
2023-06-06,20,7,13
2023-06-06,64,13,51
2023-06-06,141,50,91
2023-06-06,173,68,105
2023-06-06,297,114,183
2023-06-06,480,134,346
2023-06-06,735,169,566
2023-06-06,491,112,379
2023-06-06,235,72,163
2023-06-06,164,50,114
2023-06-06,133,67,66
2023-06-06,116,49,67
2023-06-06,133,55,78
2023-06-06,164,74,90
2023-06-06,288,113,175
2023-06-06,575,222,353
2023-06-06,382,158,224
2023-06-06,143,67,76
2023-06-06,39,22,17
2023-06-06,10,5,5
2023-06-06,2,1,1
2023-06-06,2,1,1
2023-06-06,2,0,2
2023-06-06,6,4,2
2023-06-05,12,6,6
2023-06-05,38,14,24
2023-06-05,84,37,47
2023-06-05,147,46,101
2023-06-05,199,64,135
2023-06-05,377,131,246
2023-06-05,479,148,331
2023-06-05,348,110,238
2023-06-05,204,76,128
2023-06-05,137,61,76
2023-06-05,104,46,58
2023-06-05,111,53,58
2023-06-05,124,53,71
2023-06-05,101,43,58
2023-06-05,217,79,138
2023-06-05,434,182,252
2023-06-05,258,114,144
2023-06-05,118,43,75
2023-06-05,40,21,19
2023-06-05,8,3,5
2023-06-05,0,0,0
2023-06-05,4,2,2
2023-06-05,3,2,1
2023-06-05,6,3,3
2023-06-04,15,7,8
2023-06-04,20,11,9
2023-06-04,51,21,30
2023-06-04,84,39,45
2023-06-04,99,37,62
2023-06-04,170,73,97
2023-06-04,214,98,116
2023-06-04,245,101,144
2023-06-04,261,120,141
2023-06-04,359,150,209
2023-06-04,255,134,121
2023-06-04,285,122,163
2023-06-04,275,123,152
2023-06-04,193,72,121
2023-06-04,138,60,78
2023-06-04,104,52,52
2023-06-04,47,19,28
2023-06-04,25,9,16
2023-06-04,8,4,4
2023-06-04,5,1,4
2023-06-04,2,1,1
2023-06-04,2,0,2
2023-06-04,9,5,4
2023-06-04,10,4,6
2023-06-03,24,16,8
2023-06-03,36,17,19
2023-06-03,139,38,101
2023-06-03,104,37,67
2023-06-03,239,84,155
2023-06-03,163,72,91
2023-06-03,231,90,141
2023-06-03,297,138,159
2023-06-03,287,111,176
2023-06-03,266,113,153
2023-06-03,288,119,169
2023-06-03,316,145,171
2023-06-03,238,109,129
2023-06-03,207,80,127
2023-06-03,156,71,85
2023-06-03,119,45,74
2023-06-03,55,23,32
2023-06-03,37,15,22
2023-06-03,9,5,4
2023-06-03,4,0,4
2023-06-03,2,1,1
2023-06-03,12,3,9
2023-06-03,14,5,9
2023-06-03,25,9,16
2023-06-02,44,17,27
2023-06-02,55,27,28
2023-06-02,96,65,31
2023-06-02,165,76,89
2023-06-02,183,91,92
2023-06-02,308,135,173
2023-06-02,469,181,288
2023-06-02,398,138,260
2023-06-02,276,102,174
2023-06-02,157,59,98
2023-06-02,139,58,81
2023-06-02,141,63,78
2023-06-02,128,58,70
2023-06-02,122,54,68
2023-06-02,201,86,115
2023-06-02,302,129,173
2023-06-02,196,86,110
2023-06-02,85,32,53
2023-06-02,24,11,13
2023-06-02,7,2,5
2023-06-02,5,3,2
2023-06-02,4,1,3
2023-06-02,3,1,2
2023-06-02,17,9,8
2023-06-01,26,10,16
2023-06-01,45,23,22
2023-06-01,88,29,59
2023-06-01,142,58,84
2023-06-01,264,103,161
2023-06-01,419,150,269
2023-06-01,625,178,447
2023-06-01,417,112,305
2023-06-01,227,86,141
2023-06-01,144,63,81
2023-06-01,125,62,63
2023-06-01,129,67,62
2023-06-01,122,56,66
2023-06-01,145,68,77
2023-06-01,274,85,189
2023-06-01,457,193,264
2023-06-01,304,126,178
2023-06-01,130,59,71
2023-06-01,25,11,14
2023-06-01,8,4,4
2023-06-01,4,2,2
2023-06-01,3,1,2
2023-06-01,9,1,8
2023-06-01,6,2,4
2023-05-31,25,8,17
2023-05-31,73,14,59
2023-05-31,73,31,42
2023-05-31,108,40,68
2023-05-31,231,90,141
2023-05-31,368,133,235
2023-05-31,595,166,429
2023-05-31,402,113,289
2023-05-31,215,64,151
2023-05-31,151,48,103
2023-05-31,128,55,73
2023-05-31,121,59,62
2023-05-31,123,58,65
2023-05-31,111,48,63
2023-05-31,254,84,170
2023-05-31,474,208,266
2023-05-31,359,168,191
2023-05-31,114,39,75
2023-05-31,38,18,20
2023-05-31,8,5,3
2023-05-31,4,1,3
2023-05-31,0,0,0
2023-05-31,0,0,0
2023-05-31,3,2,1
2023-05-30,16,6,10
2023-05-30,40,15,25
2023-05-30,67,26,41
2023-05-30,117,55,62
2023-05-30,200,75,125
2023-05-30,382,105,277
2023-05-30,593,154,439
2023-05-30,400,126,274
2023-05-30,185,62,123
2023-05-30,130,58,72
2023-05-30,105,42,63
2023-05-30,113,50,63
2023-05-30,82,35,47
2023-05-30,114,49,65
2023-05-30,234,81,153
2023-05-30,482,194,288
2023-05-30,314,142,172
2023-05-30,104,42,62
2023-05-30,36,16,20
2023-05-30,5,3,2
2023-05-30,4,2,2
2023-05-30,2,1,1
2023-05-30,3,1,2
2023-05-30,5,0,5
2023-05-29,18,7,11
2023-05-29,36,12,24
2023-05-29,71,39,32
2023-05-29,77,32,45
2023-05-29,104,42,62
2023-05-29,168,79,89
2023-05-29,229,100,129
2023-05-29,284,138,146
2023-05-29,244,116,128
2023-05-29,238,94,144
2023-05-29,202,114,88
2023-05-29,180,84,96
2023-05-29,173,81,92
2023-05-29,133,56,77
2023-05-29,105,43,62
2023-05-29,59,29,30
2023-05-29,38,17,21
2023-05-29,21,5,16
2023-05-29,7,2,5
2023-05-29,6,2,4
2023-05-29,1,1,0
2023-05-29,7,4,3
2023-05-29,4,1,3
2023-05-29,9,5,4
2023-05-28,16,5,11
2023-05-28,40,12,28
2023-05-28,79,28,51
2023-05-28,121,59,62
2023-05-28,134,65,69
2023-05-28,173,62,111
2023-05-28,208,86,122
2023-05-28,232,114,118
2023-05-28,212,86,126
2023-05-28,216,96,120
2023-05-28,266,111,155
2023-05-28,204,102,102
2023-05-28,164,72,92
2023-05-28,134,66,68
2023-05-28,95,41,54
2023-05-28,49,18,31
2023-05-28,29,15,14
2023-05-28,20,3,17
2023-05-28,3,1,2
2023-05-28,5,4,1
2023-05-28,5,3,2
2023-05-28,7,4,3
2023-05-28,7,5,2
2023-05-28,8,2,6
2023-05-27,41,10,31
2023-05-27,88,25,63
2023-05-27,210,26,184
2023-05-27,105,42,63
2023-05-27,280,63,217
2023-05-27,155,63,92
2023-05-27,241,109,132
2023-05-27,236,93,143
2023-05-27,269,114,155
2023-05-27,213,116,97
2023-05-27,182,113,69
2023-05-27,178,69,109
2023-05-27,162,75,87
2023-05-27,151,65,86
2023-05-27,137,52,85
2023-05-27,83,36,47
2023-05-27,49,17,32
2023-05-27,34,12,22
2023-05-27,9,6,3
2023-05-27,3,1,2
2023-05-27,2,2,0
2023-05-27,13,10,3
2023-05-27,11,1,10
2023-05-27,25,12,13
2023-05-26,38,12,26
2023-05-26,92,33,59
2023-05-26,147,78,69
2023-05-26,163,80,83
2023-05-26,184,86,98
2023-05-26,276,125,151
2023-05-26,379,142,237
2023-05-26,372,131,241
2023-05-26,277,108,169
2023-05-26,220,84,136
2023-05-26,181,78,103
2023-05-26,166,84,82
2023-05-26,167,74,93
2023-05-26,150,65,85
2023-05-26,191,67,124
2023-05-26,265,111,154
2023-05-26,202,73,129
2023-05-26,99,39,60
2023-05-26,25,10,15
2023-05-26,9,2,7
2023-05-26,3,1,2
2023-05-26,7,1,6
2023-05-26,4,2,2
2023-05-26,13,5,8
2023-05-25,26,5,21
2023-05-25,58,27,31
2023-05-25,114,52,62
2023-05-25,172,77,95
2023-05-25,259,91,168
2023-05-25,409,143,266
2023-05-25,643,178,465
2023-05-25,437,134,303
2023-05-25,262,88,174
2023-05-25,173,70,103
2023-05-25,151,71,80
2023-05-25,159,55,104
2023-05-25,143,54,89
2023-05-25,156,71,85
2023-05-25,282,92,190
2023-05-25,505,208,297
2023-05-25,296,127,169
2023-05-25,130,52,78
2023-05-25,33,17,16
2023-05-25,13,4,9
2023-05-25,1,1,0
2023-05-25,4,2,2
2023-05-25,4,1,3
2023-05-25,5,2,3
2023-05-24,19,10,9
2023-05-24,49,14,35
2023-05-24,102,45,57
2023-05-24,153,64,89
2023-05-24,225,84,141
2023-05-24,460,149,311
2023-05-24,716,164,552
2023-05-24,460,126,334
2023-05-24,198,69,129
2023-05-24,153,69,84
2023-05-24,137,49,88
2023-05-24,125,47,78
2023-05-24,131,46,85
2023-05-24,177,71,106
2023-05-24,300,107,193
2023-05-24,468,181,287
2023-05-24,334,157,177
2023-05-24,99,43,56
2023-05-24,36,22,14
2023-05-24,11,4,7
2023-05-24,2,0,2
2023-05-24,6,0,6
2023-05-24,3,0,3
2023-05-24,7,1,6
2023-05-23,24,5,19
2023-05-23,49,26,23
2023-05-23,53,30,23
2023-05-23,140,63,77
2023-05-23,209,78,131
2023-05-23,396,125,271
2023-05-23,631,164,467
2023-05-23,450,122,328
2023-05-23,210,68,142
2023-05-23,150,56,94
2023-05-23,119,51,68
2023-05-23,114,45,69
2023-05-23,120,48,72
2023-05-23,123,40,83
2023-05-23,273,101,172
2023-05-23,540,205,335
2023-05-23,344,147,197
2023-05-23,119,45,74
2023-05-23,33,15,18
2023-05-23,7,3,4
2023-05-23,2,2,0
2023-05-23,4,4,0
2023-05-23,1,1,0
2023-05-23,1,0,1
2023-05-22,13,8,5
2023-05-22,26,9,17
2023-05-22,34,17,17
2023-05-22,83,34,49
2023-05-22,131,51,80
2023-05-22,276,86,190
2023-05-22,377,102,275
2023-05-22,256,77,179
2023-05-22,144,59,85
2023-05-22,118,44,74
2023-05-22,95,44,51
2023-05-22,84,40,44
2023-05-22,67,30,37
2023-05-22,88,39,49
2023-05-22,182,68,114
2023-05-22,333,136,197
2023-05-22,179,84,95
2023-05-22,89,39,50
2023-05-22,21,8,13
2023-05-22,4,2,2
2023-05-22,3,1,2
2023-05-22,1,0,1
2023-05-22,2,1,1
2023-05-22,3,2,1
2023-05-21,6,3,3
2023-05-21,8,1,7
2023-05-21,23,8,15
2023-05-21,45,17,28
2023-05-21,49,21,28
2023-05-21,98,53,45
2023-05-21,131,58,73
2023-05-21,131,61,70
2023-05-21,141,59,82
2023-05-21,199,87,112
2023-05-21,178,78,100
2023-05-21,172,76,96
2023-05-21,163,84,79
2023-05-21,141,49,92
2023-05-21,130,59,71
2023-05-21,77,33,44
2023-05-21,55,28,27
2023-05-21,21,8,13
2023-05-21,5,3,2
2023-05-21,7,4,3
2023-05-21,7,3,4
2023-05-21,5,2,3
2023-05-21,15,2,13
2023-05-21,25,9,16
2023-05-20,33,11,22
2023-05-20,52,16,36
2023-05-20,140,38,102
2023-05-20,111,53,58
2023-05-20,207,85,122
2023-05-20,222,100,122
2023-05-20,239,103,136
2023-05-20,280,128,152
2023-05-20,317,139,178
2023-05-20,313,135,178
2023-05-20,331,172,159
2023-05-20,270,119,151
2023-05-20,261,125,136
2023-05-20,206,84,122
2023-05-20,176,88,88
2023-05-20,115,33,82
2023-05-20,78,30,48
2023-05-20,26,10,16
2023-05-20,9,3,6
2023-05-20,5,3,2
2023-05-20,3,0,3
2023-05-20,8,6,2
2023-05-20,17,6,11
2023-05-20,18,4,14
2023-05-19,43,16,27
2023-05-19,57,29,28
2023-05-19,107,46,61
2023-05-19,121,51,70
2023-05-19,202,81,121
2023-05-19,267,93,174
2023-05-19,489,151,338
2023-05-19,368,128,240
2023-05-19,266,100,166
2023-05-19,184,73,111
2023-05-19,183,66,117
2023-05-19,150,63,87
2023-05-19,117,42,75
2023-05-19,174,64,110
2023-05-19,256,114,142
2023-05-19,434,157,277
2023-05-19,339,100,239
2023-05-19,125,46,79
2023-05-19,36,11,25
2023-05-19,9,3,6
2023-05-19,4,3,1
2023-05-19,1,1,0
2023-05-19,3,1,2
2023-05-19,7,2,5
2023-05-18,31,6,25
2023-05-18,57,17,40
2023-05-18,108,54,54
2023-05-18,172,64,108
2023-05-18,226,94,132
2023-05-18,409,128,281
2023-05-18,627,156,471
2023-05-18,412,106,306
2023-05-18,231,77,154
2023-05-18,159,53,106
2023-05-18,135,48,87
2023-05-18,125,46,79
2023-05-18,144,54,90
2023-05-18,194,86,108
2023-05-18,276,91,185
2023-05-18,524,226,298
2023-05-18,351,170,181
2023-05-18,107,45,62
2023-05-18,33,15,18
2023-05-18,10,5,5
2023-05-18,5,1,4
2023-05-18,3,1,2
2023-05-18,5,1,4
2023-05-18,8,3,5
2023-05-17,30,8,22
2023-05-17,83,17,66
2023-05-17,92,44,48
2023-05-17,157,73,84
2023-05-17,261,92,169
2023-05-17,445,150,295
2023-05-17,672,179,493
2023-05-17,468,121,347
2023-05-17,207,70,137
2023-05-17,169,70,99
2023-05-17,154,64,90
2023-05-17,136,71,65
2023-05-17,125,50,75
2023-05-17,174,65,109
2023-05-17,290,109,181
2023-05-17,496,197,299
2023-05-17,355,143,212
2023-05-17,116,54,62
2023-05-17,37,20,17
2023-05-17,9,3,6
2023-05-17,1,0,1
2023-05-17,3,3,0
2023-05-17,8,3,5
2023-05-17,9,5,4
2023-05-16,16,2,14
2023-05-16,37,18,19
2023-05-16,106,36,70
2023-05-16,167,73,94
2023-05-16,279,90,189
2023-05-16,484,161,323
2023-05-16,707,169,538
2023-05-16,465,124,341
2023-05-16,219,86,133
2023-05-16,137,52,85
2023-05-16,120,41,79
2023-05-16,125,61,64
2023-05-16,114,56,58
2023-05-16,146,49,97
2023-05-16,303,127,176
2023-05-16,551,204,347
2023-05-16,380,173,207
2023-05-16,143,62,81
2023-05-16,39,14,25
2023-05-16,13,5,8
2023-05-16,1,1,0
2023-05-16,5,3,2
2023-05-16,4,1,3
2023-05-16,7,3,4
2023-05-15,18,9,9
2023-05-15,40,23,17
2023-05-15,79,45,34
2023-05-15,138,60,78
2023-05-15,156,59,97
2023-05-15,298,113,185
2023-05-15,458,124,334
2023-05-15,351,96,255
2023-05-15,178,71,107
2023-05-15,148,56,92
2023-05-15,96,44,52
2023-05-15,136,61,75
2023-05-15,109,50,59
2023-05-15,105,51,54
2023-05-15,249,92,157
2023-05-15,413,171,242
2023-05-15,255,118,137
2023-05-15,105,52,53
2023-05-15,31,16,15
2023-05-15,9,5,4
2023-05-15,1,0,1
2023-05-15,4,3,1
2023-05-15,4,1,3
2023-05-15,6,4,2
2023-05-14,14,6,8
2023-05-14,33,18,15
2023-05-14,69,37,32
2023-05-14,83,35,48
2023-05-14,84,41,43
2023-05-14,133,54,79
2023-05-14,161,61,100
2023-05-14,184,97,87
2023-05-14,180,91,89
2023-05-14,212,97,115
2023-05-14,206,99,107
2023-05-14,231,102,129
2023-05-14,217,125,92
2023-05-14,249,117,132
2023-05-14,154,74,80
2023-05-14,78,44,34
2023-05-14,64,28,36
2023-05-14,16,8,8
2023-05-14,10,6,4
2023-05-14,3,1,2
2023-05-14,2,1,1
2023-05-14,8,2,6
2023-05-14,13,3,10
2023-05-14,24,13,11
2023-05-13,29,19,10
2023-05-13,42,15,27
2023-05-13,126,48,78
2023-05-13,151,70,81
2023-05-13,222,60,162
2023-05-13,179,76,103
2023-05-13,229,95,134
2023-05-13,234,100,134
2023-05-13,279,128,151
2023-05-13,277,124,153
2023-05-13,308,154,154
2023-05-13,258,106,152
2023-05-13,246,114,132
2023-05-13,210,106,104
2023-05-13,202,105,97
2023-05-13,139,73,66
2023-05-13,70,34,36
2023-05-13,40,19,21
2023-05-13,9,4,5
2023-05-13,6,0,6
2023-05-13,2,0,2
2023-05-13,5,2,3
2023-05-13,13,10,3
2023-05-13,22,9,13
2023-05-12,48,23,25
2023-05-12,73,24,49
2023-05-12,95,39,56
2023-05-12,139,80,59
2023-05-12,208,72,136
2023-05-12,268,99,169
2023-05-12,427,155,272
2023-05-12,387,118,269
2023-05-12,251,86,165
2023-05-12,175,66,109
2023-05-12,145,63,82
2023-05-12,177,83,94
2023-05-12,127,54,73
2023-05-12,133,59,74
2023-05-12,199,68,131
2023-05-12,294,110,184
2023-05-12,201,89,112
2023-05-12,90,39,51
2023-05-12,28,10,18
2023-05-12,6,4,2
2023-05-12,0,0,0
2023-05-12,1,0,1
2023-05-12,2,1,1
2023-05-12,11,6,5
2023-05-11,19,6,13
2023-05-11,57,27,30
2023-05-11,85,34,51
2023-05-11,138,69,69
2023-05-11,269,98,171
2023-05-11,489,197,292
2023-05-11,630,174,456
2023-05-11,478,138,340
2023-05-11,218,71,147
2023-05-11,176,70,106
2023-05-11,140,66,74
2023-05-11,128,52,76
2023-05-11,139,65,74
2023-05-11,185,72,113
2023-05-11,271,90,181
2023-05-11,433,180,253
2023-05-11,290,119,171
2023-05-11,128,57,71
2023-05-11,33,19,14
2023-05-11,12,4,8
2023-05-11,2,2,0
2023-05-11,4,2,2
2023-05-11,2,1,1
2023-05-11,4,2,2
2023-05-10,16,4,12
2023-05-10,48,15,33
2023-05-10,96,35,61
2023-05-10,184,61,123
2023-05-10,257,87,170
2023-05-10,483,162,321
2023-05-10,657,169,488
2023-05-10,492,136,356
2023-05-10,274,91,183
2023-05-10,190,80,110
2023-05-10,162,69,93
2023-05-10,140,62,78
2023-05-10,128,52,76
2023-05-10,167,65,102
2023-05-10,267,108,159
2023-05-10,535,235,300
2023-05-10,344,152,192
2023-05-10,121,60,61
2023-05-10,30,16,14
2023-05-10,9,5,4
2023-05-10,0,0,0
2023-05-10,1,0,1
2023-05-10,5,0,5
2023-05-10,9,3,6
2023-05-09,21,4,17
2023-05-09,46,16,30
2023-05-09,114,37,77
2023-05-09,157,72,85
2023-05-09,253,101,152
2023-05-09,426,121,305
2023-05-09,660,173,487
2023-05-09,434,121,313
2023-05-09,240,82,158
2023-05-09,152,53,99
2023-05-09,130,67,63
2023-05-09,96,46,50
2023-05-09,98,38,60
2023-05-09,127,53,74
2023-05-09,273,113,160
2023-05-09,469,214,255
2023-05-09,319,129,190
2023-05-09,123,49,74
2023-05-09,28,13,15
2023-05-09,9,5,4
2023-05-09,0,0,0
2023-05-09,3,2,1
2023-05-09,4,0,4
2023-05-09,2,1,1
2023-05-08,18,11,7
2023-05-08,23,6,17
2023-05-08,49,20,29
2023-05-08,81,37,44
2023-05-08,201,72,129
2023-05-08,377,123,254
2023-05-08,453,154,299
2023-05-08,316,108,208
2023-05-08,189,70,119
2023-05-08,115,50,65
2023-05-08,111,46,65
2023-05-08,88,44,44
2023-05-08,102,34,68
2023-05-08,120,47,73
2023-05-08,150,51,99
2023-05-08,382,154,228
2023-05-08,213,87,126
2023-05-08,114,53,61
2023-05-08,27,12,15
2023-05-08,11,7,4
2023-05-08,0,0,0
2023-05-08,0,0,0
2023-05-08,1,0,1
2023-05-08,7,1,6
2023-05-07,8,4,4
2023-05-07,23,12,11
2023-05-07,64,18,46
2023-05-07,47,20,27
2023-05-07,104,33,71
2023-05-07,167,76,91
2023-05-07,246,111,135
2023-05-07,321,135,186
2023-05-07,281,152,129
2023-05-07,211,95,116
2023-05-07,262,121,141
2023-05-07,254,128,126
2023-05-07,237,119,118
2023-05-07,116,49,67
2023-05-07,109,45,64
2023-05-07,68,20,48
2023-05-07,41,19,22
2023-05-07,23,13,10
2023-05-07,1,0,1
2023-05-07,5,2,3
2023-05-07,1,0,1
2023-05-07,4,2,2
2023-05-07,8,3,5
2023-05-07,13,4,9
2023-05-06,33,9,24
2023-05-06,30,13,17
2023-05-06,65,11,54
2023-05-06,47,25,22
2023-05-06,94,33,61
2023-05-06,105,59,46
2023-05-06,113,46,67
2023-05-06,145,70,75
2023-05-06,184,84,100
2023-05-06,212,90,122
2023-05-06,189,93,96
2023-05-06,143,75,68
2023-05-06,120,69,51
2023-05-06,98,53,45
2023-05-06,79,30,49
2023-05-06,62,22,40
2023-05-06,29,10,19
2023-05-06,12,4,8
2023-05-06,6,3,3
2023-05-06,3,0,3
2023-05-06,2,2,0
2023-05-06,10,5,5
2023-05-06,8,3,5
2023-05-06,8,5,3
2023-05-05,9,4,5
2023-05-05,21,11,10
2023-05-05,22,11,11
2023-05-05,31,15,16
2023-05-05,43,18,25
2023-05-05,74,19,55
2023-05-05,125,38,87
2023-05-05,101,29,72
2023-05-05,69,33,36
2023-05-05,33,11,22
2023-05-05,31,12,19
2023-05-05,29,15,14
2023-05-05,22,6,16
2023-05-05,37,12,25
2023-05-05,76,25,51
2023-05-05,130,50,80
2023-05-05,89,39,50
2023-05-05,45,20,25
2023-05-05,20,4,16
2023-05-05,3,0,3
2023-05-05,1,1,0
2023-05-05,2,1,1
2023-05-05,4,2,2
2023-05-05,2,0,2
2023-05-04,6,1,5
2023-05-04,28,9,19
2023-05-04,46,18,28
2023-05-04,78,27,51
2023-05-04,109,40,69
2023-05-04,289,106,183
2023-05-04,418,115,303
2023-05-04,302,86,216
2023-05-04,173,68,105
2023-05-04,91,31,60
2023-05-04,108,45,63
2023-05-04,98,35,63
2023-05-04,97,39,58
2023-05-04,118,51,67
2023-05-04,208,57,151
2023-05-04,335,127,208
2023-05-04,230,101,129
2023-05-04,129,59,70
2023-05-04,26,10,16
2023-05-04,7,3,4
2023-05-04,2,1,1
2023-05-04,1,1,0
2023-05-04,3,1,2
2023-05-04,3,2,1
2023-05-03,13,5,8
2023-05-03,38,20,18
2023-05-03,81,34,47
2023-05-03,158,72,86
2023-05-03,249,99,150
2023-05-03,475,182,293
2023-05-03,645,180,465
2023-05-03,472,160,312
2023-05-03,261,100,161
2023-05-03,168,63,105
2023-05-03,150,67,83
2023-05-03,128,57,71
2023-05-03,140,55,85
2023-05-03,163,63,100
2023-05-03,282,87,195
2023-05-03,473,210,263
2023-05-03,328,139,189
2023-05-03,116,47,69
2023-05-03,35,16,19
2023-05-03,12,4,8
2023-05-03,3,3,0
2023-05-03,0,0,0
2023-05-03,8,2,6
2023-05-03,10,1,9
2023-05-02,17,10,7
2023-05-02,47,18,29
2023-05-02,56,29,27
2023-05-02,136,50,86
2023-05-02,227,82,145
2023-05-02,424,162,262
2023-05-02,657,206,451
2023-05-02,426,132,294
2023-05-02,229,82,147
2023-05-02,145,54,91
2023-05-02,97,54,43
2023-05-02,121,45,76
2023-05-02,132,81,51
2023-05-02,110,42,68
2023-05-02,213,69,144
2023-05-02,420,187,233
2023-05-02,322,134,188
2023-05-02,107,42,65
2023-05-02,29,14,15
2023-05-02,10,2,8
2023-05-02,0,0,0
2023-05-02,3,2,1
2023-05-02,1,0,1
2023-05-02,3,1,2
2023-05-01,5,1,4
2023-05-01,23,11,12
2023-05-01,27,14,13
2023-05-01,46,20,26
2023-05-01,89,31,58
2023-05-01,199,49,150
2023-05-01,302,88,214
2023-05-01,227,70,157
2023-05-01,156,50,106
2023-05-01,90,32,58
2023-05-01,74,33,41
2023-05-01,80,36,44
2023-05-01,58,25,33
2023-05-01,91,27,64
2023-05-01,177,57,120
2023-05-01,288,111,177
2023-05-01,228,89,139
2023-05-01,79,38,41
2023-05-01,19,8,11
2023-05-01,7,3,4
2023-05-01,1,1,0
2023-05-01,1,0,1
2023-05-01,4,3,1
2023-05-01,4,2,2
2023-04-30,4,3,1
2023-04-30,21,11,10
2023-04-30,35,26,9
2023-04-30,38,21,17
2023-04-30,68,21,47
2023-04-30,101,53,48
2023-04-30,111,63,48
2023-04-30,168,77,91
2023-04-30,157,77,80
2023-04-30,171,87,84
2023-04-30,189,80,109
2023-04-30,158,85,73
2023-04-30,159,68,91
2023-04-30,137,67,70
2023-04-30,82,37,45
2023-04-30,50,15,35
2023-04-30,26,11,15
2023-04-30,13,8,5
2023-04-30,0,0,0
2023-04-30,2,1,1
2023-04-30,6,4,2
2023-04-30,4,2,2
2023-04-30,10,4,6
2023-04-30,10,4,6
2023-04-29,22,8,14
2023-04-29,38,17,21
2023-04-29,95,23,72
2023-04-29,90,46,44
2023-04-29,199,86,113
2023-04-29,222,99,123
2023-04-29,222,108,114
2023-04-29,325,136,189
2023-04-29,351,159,192
2023-04-29,338,150,188
2023-04-29,340,172,168
2023-04-29,290,109,181
2023-04-29,288,124,164
2023-04-29,229,93,136
2023-04-29,168,79,89
2023-04-29,123,48,75
2023-04-29,54,18,36
2023-04-29,35,12,23
2023-04-29,10,5,5
2023-04-29,1,0,1
2023-04-29,6,2,4
2023-04-29,14,2,12
2023-04-29,17,6,11
2023-04-29,29,5,24
2023-04-28,39,14,25
2023-04-28,86,35,51
2023-04-28,99,38,61
2023-04-28,117,53,64
2023-04-28,219,91,128
2023-04-28,342,150,192
2023-04-28,415,140,275
2023-04-28,362,137,225
2023-04-28,292,130,162
2023-04-28,205,79,126
2023-04-28,168,78,90
2023-04-28,126,59,67
2023-04-28,139,71,68
2023-04-28,114,53,61
2023-04-28,170,60,110
2023-04-28,264,106,158
2023-04-28,182,72,110
2023-04-28,80,25,55
2023-04-28,17,5,12
2023-04-28,5,2,3
2023-04-28,3,0,3
2023-04-28,3,2,1
2023-04-28,3,2,1
2023-04-28,11,5,6
2023-04-27,22,9,13
2023-04-27,44,21,23
2023-04-27,77,33,44
2023-04-27,150,64,86
2023-04-27,215,83,132
2023-04-27,379,116,263
2023-04-27,534,155,379
2023-04-27,382,113,269
2023-04-27,218,95,123
2023-04-27,148,60,88
2023-04-27,152,71,81
2023-04-27,113,56,57
2023-04-27,115,57,58
2023-04-27,107,43,64
2023-04-27,226,82,144
2023-04-27,383,156,227
2023-04-27,221,93,128
2023-04-27,101,32,69
2023-04-27,23,11,12
2023-04-27,13,6,7
2023-04-27,1,0,1
2023-04-27,2,2,0
2023-04-27,3,0,3
2023-04-27,5,0,5
2023-04-26,15,6,9
2023-04-26,41,18,23
2023-04-26,58,27,31
2023-04-26,122,41,81
2023-04-26,176,67,109
2023-04-26,378,132,246
2023-04-26,526,154,372
2023-04-26,397,129,268
2023-04-26,205,82,123
2023-04-26,156,75,81
2023-04-26,101,35,66
2023-04-26,119,50,69
2023-04-26,92,41,51
2023-04-26,102,46,56
2023-04-26,204,77,127
2023-04-26,384,158,226
2023-04-26,256,105,151
2023-04-26,87,45,42
2023-04-26,22,10,12
2023-04-26,7,4,3
2023-04-26,1,1,0
2023-04-26,0,0,0
2023-04-26,1,0,1
2023-04-26,5,3,2
2023-04-25,14,2,12
2023-04-25,23,6,17
2023-04-25,54,25,29
2023-04-25,124,57,67
2023-04-25,237,88,149
2023-04-25,370,125,245
2023-04-25,539,162,377
2023-04-25,377,130,247
2023-04-25,191,77,114
2023-04-25,127,58,69
2023-04-25,111,46,65
2023-04-25,86,30,56
2023-04-25,69,31,38
2023-04-25,95,46,49
2023-04-25,217,82,135
2023-04-25,370,160,210
2023-04-25,253,98,155
2023-04-25,95,38,57
2023-04-25,26,10,16
2023-04-25,6,3,3
2023-04-25,0,0,0
2023-04-25,3,2,1
2023-04-25,2,2,0
2023-04-25,6,2,4
2023-04-24,14,6,8
2023-04-24,38,11,27
2023-04-24,34,15,19
2023-04-24,73,25,48
2023-04-24,145,49,96
2023-04-24,272,103,169
2023-04-24,369,107,262
2023-04-24,233,76,157
2023-04-24,132,56,76
2023-04-24,86,36,50
2023-04-24,81,39,42
2023-04-24,79,43,36
2023-04-24,72,33,39
2023-04-24,71,24,47
2023-04-24,145,59,86
2023-04-24,264,96,168
2023-04-24,170,78,92
2023-04-24,74,32,42
2023-04-24,19,7,12
2023-04-24,8,4,4
2023-04-24,1,1,0
2023-04-24,3,3,0
2023-04-24,1,1,0
2023-04-24,2,1,1
2023-04-23,10,7,3
2023-04-23,12,7,5
2023-04-23,20,5,15
2023-04-23,18,11,7
2023-04-23,39,16,23
2023-04-23,59,25,34
2023-04-23,77,34,43
2023-04-23,92,33,59
2023-04-23,97,54,43
2023-04-23,135,74,61
2023-04-23,138,75,63
2023-04-23,144,72,72
2023-04-23,122,57,65
2023-04-23,64,22,42
2023-04-23,45,12,33
2023-04-23,29,16,13
2023-04-23,14,9,5
2023-04-23,6,0,6
2023-04-23,5,2,3
2023-04-23,1,0,1
2023-04-23,0,0,0
2023-04-23,6,1,5
2023-04-23,7,3,4
2023-04-23,7,5,2
2023-04-22,15,3,12
2023-04-22,29,5,24
2023-04-22,24,7,17
2023-04-22,26,9,17
2023-04-22,51,24,27
2023-04-22,119,60,59
2023-04-22,156,72,84
2023-04-22,171,73,98
2023-04-22,170,95,75
2023-04-22,197,84,113
2023-04-22,158,69,89
2023-04-22,120,56,64
2023-04-22,119,64,55
2023-04-22,83,38,45
2023-04-22,97,36,61
2023-04-22,61,26,35
2023-04-22,36,16,20
2023-04-22,19,5,14
2023-04-22,7,3,4
2023-04-22,5,1,4
2023-04-22,4,2,2
2023-04-22,9,3,6
2023-04-22,14,4,10
2023-04-22,22,7,15
2023-04-21,23,3,20
2023-04-21,35,12,23
2023-04-21,44,20,24
2023-04-21,56,27,29
2023-04-21,100,39,61
2023-04-21,159,52,107
2023-04-21,243,81,162
2023-04-21,204,73,131
2023-04-21,151,57,94
2023-04-21,98,39,59
2023-04-21,85,36,49
2023-04-21,65,25,40
2023-04-21,63,22,41
2023-04-21,92,35,57
2023-04-21,118,53,65
2023-04-21,209,77,132
2023-04-21,119,50,69
2023-04-21,48,19,29
2023-04-21,14,6,8
2023-04-21,5,4,1
2023-04-21,2,1,1
2023-04-21,4,2,2
2023-04-21,1,0,1
2023-04-21,7,5,2
2023-04-20,15,10,5
2023-04-20,14,7,7
2023-04-20,21,10,11
2023-04-20,30,12,18
2023-04-20,46,13,33
2023-04-20,148,32,116
2023-04-20,242,56,186
2023-04-20,153,49,104
2023-04-20,90,38,52
2023-04-20,46,15,31
2023-04-20,38,14,24
2023-04-20,59,27,32
2023-04-20,75,30,45
2023-04-20,77,44,33
2023-04-20,136,48,88
2023-04-20,268,99,169
2023-04-20,175,78,97
2023-04-20,77,31,46
2023-04-20,25,11,14
2023-04-20,6,4,2
2023-04-20,2,1,1
2023-04-20,2,1,1
2023-04-20,0,0,0
2023-04-20,1,1,0
2023-04-19,11,2,9
2023-04-19,30,14,16
2023-04-19,40,21,19
2023-04-19,83,25,58
2023-04-19,149,56,93
2023-04-19,305,99,206
2023-04-19,365,107,258
2023-04-19,263,90,173
2023-04-19,151,61,90
2023-04-19,90,30,60
2023-04-19,91,38,53
2023-04-19,82,43,39
2023-04-19,90,29,61
2023-04-19,80,30,50
2023-04-19,155,52,103
2023-04-19,268,100,168
2023-04-19,163,61,102
2023-04-19,56,28,28
2023-04-19,25,10,15
2023-04-19,5,1,4
2023-04-19,1,0,1
2023-04-19,2,1,1
2023-04-19,2,0,2
2023-04-19,4,1,3
2023-04-18,16,3,13
2023-04-18,25,9,16
2023-04-18,34,17,17
2023-04-18,40,16,24
2023-04-18,120,43,77
2023-04-18,226,68,158
2023-04-18,265,72,193
2023-04-18,196,64,132
2023-04-18,108,38,70
2023-04-18,72,25,47
2023-04-18,50,19,31
2023-04-18,39,18,21
2023-04-18,24,9,15
2023-04-18,,,
2023-04-18,,,
2023-04-18,,,
2023-04-18,,,
2023-04-18,,,
2023-04-18,,,
2023-04-18,,,
2023-04-18,,,
2023-04-18,,,
2023-04-18,,,
2023-04-18,,,
2023-04-17,9,4,5
2023-04-17,9,6,3
2023-04-17,17,7,10
2023-04-17,42,17,25
2023-04-17,68,23,45
2023-04-17,177,57,120
2023-04-17,243,64,179
2023-04-17,143,43,100
2023-04-17,76,23,53
2023-04-17,61,24,37
2023-04-17,64,28,36
2023-04-17,73,32,41
2023-04-17,61,29,32
2023-04-17,98,29,69
2023-04-17,136,56,80
2023-04-17,248,95,153
2023-04-17,148,64,84
2023-04-17,59,25,34
2023-04-17,16,9,7
2023-04-17,5,1,4
2023-04-17,1,1,0
2023-04-17,0,0,0
2023-04-17,2,1,1
2023-04-17,0,0,0
2023-04-16,5,2,3
2023-04-16,9,4,5
2023-04-16,10,5,5
2023-04-16,23,12,11
2023-04-16,51,29,22
2023-04-16,45,19,26
2023-04-16,45,21,24
2023-04-16,32,14,18
2023-04-16,59,29,30
2023-04-16,40,12,28
2023-04-16,18,9,9
2023-04-16,23,8,15
2023-04-16,49,13,36
2023-04-16,32,13,19
2023-04-16,35,14,21
2023-04-16,24,8,16
2023-04-16,13,5,8
2023-04-16,6,4,2
2023-04-16,2,2,0
2023-04-16,2,1,1
2023-04-16,2,0,2
2023-04-16,4,2,2
2023-04-16,11,5,6
2023-04-16,24,7,17
2023-04-15,18,9,9
2023-04-15,30,8,22
2023-04-15,54,6,48
2023-04-15,31,13,18
2023-04-15,65,23,42
2023-04-15,71,26,45
2023-04-15,84,35,49
2023-04-15,83,41,42
2023-04-15,78,34,44
2023-04-15,116,54,62
2023-04-15,135,71,64
2023-04-15,141,82,59
2023-04-15,104,53,51
2023-04-15,101,38,63
2023-04-15,72,44,28
2023-04-15,79,34,45
2023-04-15,33,13,20
2023-04-15,19,6,13
2023-04-15,4,2,2
2023-04-15,6,4,2
2023-04-15,3,0,3
2023-04-15,11,3,8
2023-04-15,15,4,11
2023-04-15,28,5,23
2023-04-14,30,11,19
2023-04-14,44,19,25
2023-04-14,51,30,21
2023-04-14,72,39,33
2023-04-14,188,89,99
2023-04-14,259,114,145
2023-04-14,322,126,196
2023-04-14,332,127,205
2023-04-14,220,97,123
2023-04-14,183,78,105
2023-04-14,144,73,71
2023-04-14,87,38,49
2023-04-14,85,41,44
2023-04-14,80,32,48
2023-04-14,126,42,84
2023-04-14,170,63,107
2023-04-14,114,50,64
2023-04-14,47,21,26
2023-04-14,18,5,13
2023-04-14,3,2,1
2023-04-14,0,0,0
2023-04-14,2,1,1
2023-04-14,3,1,2
2023-04-14,4,2,2
2023-04-13,15,2,13
2023-04-13,26,8,18
2023-04-13,40,21,19
2023-04-13,51,23,28
2023-04-13,111,41,70
2023-04-13,178,55,123
2023-04-13,315,84,231
2023-04-13,194,64,130
2023-04-13,117,47,70
2023-04-13,80,30,50
2023-04-13,76,37,39
2023-04-13,59,31,28
2023-04-13,69,36,33
2023-04-13,86,37,49
2023-04-13,144,58,86
2023-04-13,227,91,136
2023-04-13,159,74,85
2023-04-13,58,21,37
2023-04-13,19,10,9
2023-04-13,8,1,7
2023-04-13,1,0,1
2023-04-13,3,1,2
2023-04-13,0,0,0
2023-04-13,3,0,3
2023-04-12,9,2,7
2023-04-12,28,11,17
2023-04-12,40,11,29
2023-04-12,84,34,50
2023-04-12,167,68,99
2023-04-12,348,125,223
2023-04-12,447,139,308
2023-04-12,283,92,191
2023-04-12,170,77,93
2023-04-12,110,41,69
2023-04-12,111,50,61
2023-04-12,105,45,60
2023-04-12,96,45,51
2023-04-12,120,55,65
2023-04-12,174,64,110
2023-04-12,303,122,181
2023-04-12,204,95,109
2023-04-12,56,27,29
2023-04-12,24,13,11
2023-04-12,8,1,7
2023-04-12,0,0,0
2023-04-12,1,1,0
2023-04-12,2,0,2
2023-04-12,4,0,4
2023-04-11,15,5,10
2023-04-11,19,7,12
2023-04-11,34,13,21
2023-04-11,60,31,29
2023-04-11,119,45,74
2023-04-11,220,73,147
2023-04-11,354,103,251
2023-04-11,199,72,127
2023-04-11,116,52,64
2023-04-11,107,38,69
2023-04-11,58,27,31
2023-04-11,56,29,27
2023-04-11,64,31,33
2023-04-11,61,29,32
2023-04-11,130,47,83
2023-04-11,186,69,117
2023-04-11,137,53,84
2023-04-11,47,20,27
2023-04-11,20,9,11
2023-04-11,9,4,5
2023-04-11,0,0,0
2023-04-11,1,1,0
2023-04-11,1,0,1
2023-04-11,2,1,1
2023-04-10,5,4,1
2023-04-10,14,5,9
2023-04-10,16,6,10
2023-04-10,23,9,14
2023-04-10,36,14,22
2023-04-10,102,38,64
2023-04-10,171,56,115
2023-04-10,95,38,57
2023-04-10,56,24,32
2023-04-10,36,10,26
2023-04-10,28,11,17
2023-04-10,21,8,13
2023-04-10,25,13,12
2023-04-10,45,11,34
2023-04-10,66,22,44
2023-04-10,145,69,76
2023-04-10,90,36,54
2023-04-10,49,23,26
2023-04-10,18,7,11
2023-04-10,7,1,6
2023-04-10,1,1,0
2023-04-10,2,2,0
2023-04-10,1,1,0
2023-04-10,0,0,0
2023-04-09,2,2,0
2023-04-09,7,4,3
2023-04-09,11,6,5
2023-04-09,6,2,4
2023-04-09,18,9,9
2023-04-09,17,6,11
2023-04-09,33,14,19
2023-04-09,28,10,18
2023-04-09,22,9,13
2023-04-09,26,10,16
2023-04-09,19,5,14
2023-04-09,35,8,27
2023-04-09,58,19,39
2023-04-09,24,7,17
2023-04-09,29,11,18
2023-04-09,11,6,5
2023-04-09,4,1,3
2023-04-09,6,1,5
2023-04-09,1,0,1
2023-04-09,2,0,2
2023-04-09,3,0,3
2023-04-09,8,1,7
2023-04-09,4,1,3
2023-04-09,2,1,1
2023-04-08,11,4,7
2023-04-08,22,9,13
2023-04-08,18,10,8
2023-04-08,27,14,13
2023-04-08,41,20,21
2023-04-08,49,23,26
2023-04-08,42,22,20
2023-04-08,48,16,32
2023-04-08,36,15,21
2023-04-08,45,22,23
2023-04-08,63,35,28
2023-04-08,70,34,36
2023-04-08,81,37,44
2023-04-08,65,30,35
2023-04-08,49,24,25
2023-04-08,47,21,26
2023-04-08,22,6,16
2023-04-08,16,5,11
2023-04-08,3,1,2
2023-04-08,3,0,3
2023-04-08,2,0,2
2023-04-08,11,3,8
2023-04-08,6,1,5
2023-04-08,9,1,8
2023-04-07,20,9,11
2023-04-07,24,10,14
2023-04-07,45,20,25
2023-04-07,51,25,26
2023-04-07,77,39,38
2023-04-07,180,72,108
2023-04-07,264,103,161
2023-04-07,251,96,155
2023-04-07,184,81,103
2023-04-07,158,46,112
2023-04-07,86,42,44
2023-04-07,64,22,42
2023-04-07,108,37,71
2023-04-07,78,19,59
2023-04-07,75,31,44
2023-04-07,158,56,102
2023-04-07,87,36,51
2023-04-07,43,19,24
2023-04-07,12,2,10
2023-04-07,2,1,1
2023-04-07,2,1,1
2023-04-07,2,1,1
2023-04-07,0,0,0
2023-04-07,6,1,5
2023-04-06,10,2,8
2023-04-06,13,5,8
2023-04-06,16,7,9
2023-04-06,29,12,17
2023-04-06,59,15,44
2023-04-06,116,24,92
2023-04-06,192,42,150
2023-04-06,127,41,86
2023-04-06,54,16,38
2023-04-06,50,24,26
2023-04-06,30,15,15
2023-04-06,26,9,17
2023-04-06,34,15,19
2023-04-06,55,25,30
2023-04-06,95,32,63
2023-04-06,199,88,111
2023-04-06,140,56,84
2023-04-06,44,18,26
2023-04-06,18,8,10
2023-04-06,5,2,3
2023-04-06,0,0,0
2023-04-06,1,1,0
2023-04-06,1,1,0
2023-04-06,9,3,6
2023-04-05,14,3,11
2023-04-05,29,10,19
2023-04-05,36,15,21
2023-04-05,66,20,46
2023-04-05,145,41,104
2023-04-05,291,82,209
2023-04-05,427,124,303
2023-04-05,314,90,224
2023-04-05,165,71,94
2023-04-05,124,57,67
2023-04-05,90,47,43
2023-04-05,81,36,45
2023-04-05,83,36,47
2023-04-05,89,28,61
2023-04-05,200,71,129
2023-04-05,329,141,188
2023-04-05,224,90,134
2023-04-05,66,26,40
2023-04-05,22,9,13
2023-04-05,5,3,2
2023-04-05,1,0,1
2023-04-05,3,2,1
2023-04-05,1,1,0
2023-04-05,5,1,4
2023-04-04,11,4,7
2023-04-04,35,17,18
2023-04-04,43,23,20
2023-04-04,79,36,43
2023-04-04,186,66,120
2023-04-04,321,124,197
2023-04-04,497,128,369
2023-04-04,335,111,224
2023-04-04,201,76,125
2023-04-04,123,54,69
2023-04-04,84,44,40
2023-04-04,91,44,47
2023-04-04,78,34,44
2023-04-04,96,45,51
2023-04-04,192,61,131
2023-04-04,366,160,206
2023-04-04,224,93,131
2023-04-04,88,44,44
2023-04-04,22,8,14
2023-04-04,8,1,7
2023-04-04,2,2,0
2023-04-04,0,0,0
2023-04-04,3,1,2
2023-04-04,2,2,0
2023-04-03,10,3,7
2023-04-03,24,6,18
2023-04-03,24,10,14
2023-04-03,37,17,20
2023-04-03,91,31,60
2023-04-03,194,68,126
2023-04-03,279,89,190
2023-04-03,174,65,109
2023-04-03,125,55,70
2023-04-03,62,24,38
2023-04-03,51,23,28
2023-04-03,34,18,16
2023-04-03,38,21,17
2023-04-03,44,18,26
2023-04-03,86,25,61
2023-04-03,213,89,124
2023-04-03,139,63,76
2023-04-03,63,28,35
2023-04-03,19,10,9
2023-04-03,3,2,1
2023-04-03,0,0,0
2023-04-03,2,2,0
2023-04-03,3,2,1
2023-04-03,2,2,0
2023-04-02,3,2,1
2023-04-02,8,4,4
2023-04-02,9,5,4
2023-04-02,12,1,11
2023-04-02,15,3,12
2023-04-02,38,19,19
2023-04-02,76,33,43
2023-04-02,110,60,50
2023-04-02,120,60,60
2023-04-02,118,53,65
2023-04-02,100,48,52
2023-04-02,89,35,54
2023-04-02,71,28,43
2023-04-02,50,22,28
2023-04-02,36,13,23
2023-04-02,16,5,11
2023-04-02,11,5,6
2023-04-02,8,3,5
2023-04-02,3,2,1
2023-04-02,1,0,1
2023-04-02,0,0,0
2023-04-02,0,0,0
2023-04-02,8,6,2
2023-04-02,10,5,5
2023-04-01,16,8,8
2023-04-01,29,11,18
2023-04-01,46,14,32
2023-04-01,32,14,18
2023-04-01,74,33,41
2023-04-01,121,52,69
2023-04-01,113,47,66
2023-04-01,138,49,89
2023-04-01,120,51,69
2023-04-01,131,64,67
2023-04-01,126,51,75
2023-04-01,87,42,45
2023-04-01,88,52,36
2023-04-01,75,37,38
2023-04-01,74,29,45
2023-04-01,55,23,32
2023-04-01,21,5,16
2023-04-01,19,9,10
2023-04-01,3,0,3
2023-04-01,3,2,1
2023-04-01,5,3,2
2023-04-01,2,1,1
2023-04-01,4,1,3
2023-04-01,6,3,3
2023-03-31,11,5,6
2023-03-31,15,4,11
2023-03-31,15,11,4
2023-03-31,43,15,28
2023-03-31,52,19,33
2023-03-31,97,34,63
2023-03-31,146,47,99
2023-03-31,114,31,83
2023-03-31,81,25,56
2023-03-31,42,15,27
2023-03-31,44,15,29
2023-03-31,52,22,30
2023-03-31,51,28,23
2023-03-31,57,22,35
2023-03-31,104,39,65
2023-03-31,143,51,92
2023-03-31,112,49,63
2023-03-31,54,27,27
2023-03-31,11,3,8
2023-03-31,5,3,2
2023-03-31,1,0,1
2023-03-31,2,1,1
2023-03-31,7,4,3
2023-03-31,2,0,2
2023-03-30,24,9,15
2023-03-30,48,7,41
2023-03-30,50,19,31
2023-03-30,45,12,33
2023-03-30,114,41,73
2023-03-30,291,81,210
2023-03-30,409,103,306
2023-03-30,303,108,195
2023-03-30,182,69,113
2023-03-30,96,41,55
2023-03-30,97,44,53
2023-03-30,85,37,48
2023-03-30,81,41,40
2023-03-30,103,40,63
2023-03-30,170,63,107
2023-03-30,304,113,191
2023-03-30,213,96,117
2023-03-30,73,34,39
2023-03-30,21,8,13
2023-03-30,5,3,2
2023-03-30,0,0,0
2023-03-30,3,1,2
2023-03-30,1,0,1
2023-03-30,8,2,6
2023-03-29,15,2,13
2023-03-29,37,14,23
2023-03-29,43,19,24
2023-03-29,97,31,66
2023-03-29,203,78,125
2023-03-29,361,119,242
2023-03-29,514,147,367
2023-03-29,355,108,247
2023-03-29,223,88,135
2023-03-29,130,54,76
2023-03-29,134,59,75
2023-03-29,120,53,67
2023-03-29,112,55,57
2023-03-29,130,50,80
2023-03-29,204,66,138
2023-03-29,344,139,205
2023-03-29,237,111,126
2023-03-29,82,36,46
2023-03-29,26,10,16
2023-03-29,8,1,7
2023-03-29,1,0,1
2023-03-29,4,3,1
2023-03-29,0,0,0
2023-03-29,4,3,1
2023-03-28,8,1,7
2023-03-28,22,13,9
2023-03-28,45,19,26
2023-03-28,63,31,32
2023-03-28,129,54,75
2023-03-28,272,90,182
2023-03-28,470,113,357
2023-03-28,330,98,232
2023-03-28,188,79,109
2023-03-28,98,41,57
2023-03-28,83,28,55
2023-03-28,99,54,45
2023-03-28,85,40,45
2023-03-28,118,50,68
2023-03-28,206,71,135
2023-03-28,375,149,226
2023-03-28,259,121,138
2023-03-28,78,25,53
2023-03-28,26,11,15
2023-03-28,8,2,6
2023-03-28,1,0,1
2023-03-28,4,4,0
2023-03-28,5,3,2
2023-03-28,1,0,1
2023-03-27,8,2,6
2023-03-27,19,13,6
2023-03-27,38,13,25
2023-03-27,54,24,30
2023-03-27,109,47,62
2023-03-27,241,79,162
2023-03-27,381,118,263
2023-03-27,271,100,171
2023-03-27,154,59,95
2023-03-27,122,59,63
2023-03-27,93,45,48
2023-03-27,109,66,43
2023-03-27,84,27,57
2023-03-27,76,27,49
2023-03-27,134,42,92
2023-03-27,249,90,159
2023-03-27,143,55,88
2023-03-27,63,29,34
2023-03-27,14,6,8
2023-03-27,4,3,1
2023-03-27,0,0,0
2023-03-27,1,1,0
2023-03-27,5,3,2
2023-03-27,3,3,0
2023-03-26,5,2,3
2023-03-26,8,3,5
2023-03-26,17,9,8
2023-03-26,43,17,26
2023-03-26,52,19,33
2023-03-26,129,69,60
2023-03-26,165,74,91
2023-03-26,146,75,71
2023-03-26,180,97,83
2023-03-26,173,84,89
2023-03-26,162,81,81
2023-03-26,116,59,57
2023-03-26,123,49,74
2023-03-26,92,48,44
2023-03-26,57,22,35
2023-03-26,38,17,21
2023-03-26,17,12,5
2023-03-26,6,1,5
2023-03-26,2,1,1
2023-03-26,2,1,1
2023-03-26,2,1,1
2023-03-26,7,2,5
2023-03-26,8,3,5
2023-03-26,11,8,3
2023-03-25,23,8,15
2023-03-25,31,20,11
2023-03-25,47,11,36
2023-03-25,43,22,21
2023-03-25,86,42,44
2023-03-25,123,57,66
2023-03-25,157,58,99
2023-03-25,157,60,97
2023-03-25,159,72,87
2023-03-25,118,54,64
2023-03-25,130,64,66
2023-03-25,150,56,94
2023-03-25,91,42,49
2023-03-25,83,32,51
2023-03-25,50,14,36
2023-03-25,29,10,19
2023-03-25,13,2,11
2023-03-25,10,3,7
2023-03-25,4,3,1
2023-03-25,2,1,1
2023-03-25,1,1,0
2023-03-25,3,2,1
2023-03-25,6,3,3
2023-03-25,5,2,3
2023-03-24,9,4,5
2023-03-24,11,7,4
2023-03-24,10,4,6
2023-03-24,21,4,17
2023-03-24,35,13,22
2023-03-24,70,19,51
2023-03-24,142,37,105
2023-03-24,143,38,105
2023-03-24,93,35,58
2023-03-24,63,25,38
2023-03-24,61,26,35
2023-03-24,54,27,27
2023-03-24,59,19,40
2023-03-24,50,27,23
2023-03-24,97,30,67
2023-03-24,110,45,65
2023-03-24,116,39,77
2023-03-24,30,14,16
2023-03-24,14,5,9
2023-03-24,1,0,1
2023-03-24,1,1,0
2023-03-24,1,0,1
2023-03-24,3,1,2
2023-03-24,4,2,2
2023-03-23,11,3,8
2023-03-23,14,7,7
2023-03-23,40,8,32
2023-03-23,37,15,22
2023-03-23,81,27,54
2023-03-23,195,61,134
2023-03-23,253,65,188
2023-03-23,193,48,145
2023-03-23,83,23,60
2023-03-23,56,23,33
2023-03-23,38,16,22
2023-03-23,43,24,19
2023-03-23,61,28,33
2023-03-23,65,25,40
2023-03-23,166,50,116
2023-03-23,262,99,163
2023-03-23,148,60,88
2023-03-23,63,25,38
2023-03-23,17,6,11
2023-03-23,7,3,4
2023-03-23,1,0,1
2023-03-23,1,1,0
2023-03-23,1,1,0
2023-03-23,6,2,4
2023-03-22,11,3,8
2023-03-22,39,12,27
2023-03-22,46,14,32
2023-03-22,78,35,43
2023-03-22,170,58,112
2023-03-22,364,122,242
2023-03-22,529,160,369
2023-03-22,404,128,276
2023-03-22,197,72,125
2023-03-22,167,53,114
2023-03-22,121,52,69
2023-03-22,112,50,62
2023-03-22,100,39,61
2023-03-22,121,42,79
2023-03-22,193,76,117
2023-03-22,330,109,221
2023-03-22,214,102,112
2023-03-22,60,29,31
2023-03-22,21,5,16
2023-03-22,5,2,3
2023-03-22,2,0,2
2023-03-22,0,0,0
2023-03-22,1,0,1
2023-03-22,6,2,4
2023-03-21,12,6,6
2023-03-21,29,9,20
2023-03-21,47,25,22
2023-03-21,71,34,37
2023-03-21,161,62,99
2023-03-21,315,111,204
2023-03-21,453,112,341
2023-03-21,272,83,189
2023-03-21,171,60,111
2023-03-21,103,40,63
2023-03-21,86,33,53
2023-03-21,79,26,53
2023-03-21,68,25,43
2023-03-21,87,27,60
2023-03-21,163,57,106
2023-03-21,316,115,201
2023-03-21,216,93,123
2023-03-21,81,37,44
2023-03-21,20,5,15
2023-03-21,6,2,4
2023-03-21,0,0,0
2023-03-21,0,0,0
2023-03-21,2,1,1
2023-03-21,4,2,2
2023-03-20,11,4,7
2023-03-20,17,5,12
2023-03-20,28,12,16
2023-03-20,40,18,22
2023-03-20,76,17,59
2023-03-20,169,49,120
2023-03-20,200,62,138
2023-03-20,134,43,91
2023-03-20,104,38,66
2023-03-20,67,22,45
2023-03-20,46,27,19
2023-03-20,48,22,26
2023-03-20,42,21,21
2023-03-20,45,21,24
2023-03-20,102,31,71
2023-03-20,172,64,108
2023-03-20,127,54,73
2023-03-20,47,21,26
2023-03-20,14,4,10
2023-03-20,4,2,2
2023-03-20,0,0,0
2023-03-20,0,0,0
2023-03-20,2,1,1
2023-03-20,1,0,1
2023-03-19,4,2,2
2023-03-19,12,2,10
2023-03-19,16,6,10
2023-03-19,29,9,20
2023-03-19,40,16,24
2023-03-19,65,36,29
2023-03-19,112,45,67
2023-03-19,151,78,73
2023-03-19,134,72,62
2023-03-19,176,86,90
2023-03-19,150,70,80
2023-03-19,174,72,102
2023-03-19,111,45,66
2023-03-19,92,45,47
2023-03-19,71,34,37
2023-03-19,30,15,15
2023-03-19,15,7,8
2023-03-19,9,3,6
2023-03-19,2,1,1
2023-03-19,1,0,1
2023-03-19,4,2,2
2023-03-19,3,2,1
2023-03-19,7,4,3
2023-03-19,11,4,7
2023-03-18,29,16,13
2023-03-18,28,7,21
2023-03-18,72,9,63
2023-03-18,44,17,27
2023-03-18,133,45,88
2023-03-18,186,98,88
2023-03-18,258,121,137
2023-03-18,348,138,210
2023-03-18,303,132,171
2023-03-18,329,146,183
2023-03-18,283,135,148
2023-03-18,243,101,142
2023-03-18,177,90,87
2023-03-18,134,63,71
2023-03-18,85,48,37
2023-03-18,45,16,29
2023-03-18,21,9,12
2023-03-18,11,3,8
2023-03-18,7,4,3
2023-03-18,3,1,2
2023-03-18,3,1,2
2023-03-18,7,3,4
2023-03-18,11,2,9
2023-03-18,22,9,13
2023-03-17,25,9,16
2023-03-17,39,21,18
2023-03-17,52,16,36
2023-03-17,66,29,37
2023-03-17,127,62,65
2023-03-17,242,96,146
2023-03-17,315,138,177
2023-03-17,280,98,182
2023-03-17,196,72,124
2023-03-17,138,48,90
2023-03-17,125,48,77
2023-03-17,113,54,59
2023-03-17,86,33,53
2023-03-17,71,25,46
2023-03-17,132,54,78
2023-03-17,163,64,99
2023-03-17,116,45,71
2023-03-17,52,20,32
2023-03-17,16,4,12
2023-03-17,6,2,4
2023-03-17,7,6,1
2023-03-17,1,1,0
2023-03-17,2,2,0
2023-03-17,5,2,3
2023-03-16,15,5,10
2023-03-16,28,7,21
2023-03-16,44,11,33
2023-03-16,69,22,47
2023-03-16,137,47,90
2023-03-16,271,98,173
2023-03-16,372,92,280
2023-03-16,232,79,153
2023-03-16,134,53,81
2023-03-16,116,45,71
2023-03-16,104,55,49
2023-03-16,102,43,59
2023-03-16,72,37,35
2023-03-16,81,32,49
2023-03-16,165,59,106
2023-03-16,269,111,158
2023-03-16,164,59,105
2023-03-16,53,18,35
2023-03-16,17,5,12
2023-03-16,3,3,0
2023-03-16,2,1,1
2023-03-16,3,2,1
2023-03-16,4,2,2
2023-03-16,4,3,1
2023-03-15,16,6,10
2023-03-15,27,10,17
2023-03-15,43,15,28
2023-03-15,55,18,37
2023-03-15,101,33,68
2023-03-15,255,90,165
2023-03-15,375,87,288
2023-03-15,250,82,168
2023-03-15,140,52,88
2023-03-15,96,46,50
2023-03-15,87,32,55
2023-03-15,78,35,43
2023-03-15,69,33,36
2023-03-15,110,46,64
2023-03-15,171,53,118
2023-03-15,299,108,191
2023-03-15,195,84,111
2023-03-15,57,21,36
2023-03-15,20,6,14
2023-03-15,2,0,2
2023-03-15,2,1,1
2023-03-15,4,3,1
2023-03-15,2,0,2
2023-03-15,3,0,3
2023-03-14,12,6,6
2023-03-14,21,9,12
2023-03-14,38,20,18
2023-03-14,59,18,41
2023-03-14,133,51,82
2023-03-14,282,89,193
2023-03-14,432,126,306
2023-03-14,285,112,173
2023-03-14,167,60,107
2023-03-14,112,38,74
2023-03-14,98,50,48
2023-03-14,71,39,32
2023-03-14,71,33,38
2023-03-14,102,39,63
2023-03-14,181,60,121
2023-03-14,331,138,193
2023-03-14,160,62,98
2023-03-14,63,25,38
2023-03-14,22,7,15
2023-03-14,8,4,4
2023-03-14,7,2,5
2023-03-14,2,2,0
2023-03-14,1,1,0
2023-03-14,2,1,1
2023-03-13,8,5,3
2023-03-13,19,9,10
2023-03-13,27,15,12
2023-03-13,37,16,21
2023-03-13,73,31,42
2023-03-13,186,77,109
2023-03-13,238,70,168
2023-03-13,127,41,86
2023-03-13,62,28,34
2023-03-13,30,15,15
2023-03-13,46,22,24
2023-03-13,43,20,23
2023-03-13,33,12,21
2023-03-13,36,14,22
2023-03-13,83,20,63
2023-03-13,134,55,79
2023-03-13,82,43,39
2023-03-13,39,16,23
2023-03-13,17,7,10
2023-03-13,3,1,2
2023-03-13,0,0,0
2023-03-13,0,0,0
2023-03-13,0,0,0
2023-03-13,3,1,2
2023-03-12,4,2,2
2023-03-12,6,3,3
2023-03-12,13,5,8
2023-03-12,11,7,4
2023-03-12,13,6,7
2023-03-12,25,12,13
2023-03-12,32,10,22
2023-03-12,46,22,24
2023-03-12,52,29,23
2023-03-12,59,31,28
2023-03-12,79,40,39
2023-03-12,67,28,39
2023-03-12,110,48,62
2023-03-12,72,32,40
2023-03-12,50,24,26
2023-03-12,28,16,12
2023-03-12,10,6,4
2023-03-12,2,1,1
2023-03-12,6,3,3
2023-03-12,4,2,2
2023-03-12,1,1,0
2023-03-12,,,
2023-03-12,4,3,1
2023-03-12,11,3,8
2023-03-11,26,8,18
2023-03-11,21,8,13
2023-03-11,21,2,19
2023-03-11,47,12,35
2023-03-11,45,16,29
2023-03-11,75,23,52
2023-03-11,119,46,73
2023-03-11,157,76,81
2023-03-11,178,75,103
2023-03-11,153,71,82
2023-03-11,115,54,61
2023-03-11,135,53,82
2023-03-11,110,48,62
2023-03-11,66,29,37
2023-03-11,76,37,39
2023-03-11,65,30,35
2023-03-11,19,4,15
2023-03-11,7,2,5
2023-03-11,2,1,1
2023-03-11,1,0,1
2023-03-11,0,0,0
2023-03-11,3,3,0
2023-03-11,10,4,6
2023-03-11,13,4,9
2023-03-10,16,8,8
2023-03-10,16,2,14
2023-03-10,16,4,12
2023-03-10,45,15,30
2023-03-10,49,19,30
2023-03-10,125,52,73
2023-03-10,185,50,135
2023-03-10,140,40,100
2023-03-10,108,43,65
2023-03-10,77,27,50
2023-03-10,56,24,32
2023-03-10,52,25,27
2023-03-10,41,11,30
2023-03-10,66,32,34
2023-03-10,102,39,63
2023-03-10,151,53,98
2023-03-10,102,44,58
2023-03-10,32,10,22
2023-03-10,15,3,12
2023-03-10,5,2,3
2023-03-10,0,0,0
2023-03-10,2,0,2
2023-03-10,4,1,3
2023-03-10,9,2,7
2023-03-09,8,3,5
2023-03-09,22,6,16
2023-03-09,28,14,14
2023-03-09,37,13,24
2023-03-09,83,18,65
2023-03-09,167,49,118
2023-03-09,300,73,227
2023-03-09,175,58,117
2023-03-09,104,43,61
2023-03-09,72,31,41
2023-03-09,70,35,35
2023-03-09,66,23,43
2023-03-09,61,27,34
2023-03-09,57,20,37
2023-03-09,141,52,89
2023-03-09,242,101,141
2023-03-09,152,64,88
2023-03-09,71,28,43
2023-03-09,19,10,9
2023-03-09,9,5,4
2023-03-09,2,1,1
2023-03-09,0,0,0
2023-03-09,1,0,1
2023-03-09,3,0,3
2023-03-08,11,3,8
2023-03-08,21,12,9
2023-03-08,13,7,6
2023-03-08,27,11,16
2023-03-08,46,14,32
2023-03-08,185,52,133
2023-03-08,294,84,210
2023-03-08,186,56,130
2023-03-08,91,32,59
2023-03-08,90,45,45
2023-03-08,75,43,32
2023-03-08,66,30,36
2023-03-08,55,21,34
2023-03-08,80,24,56
2023-03-08,152,50,102
2023-03-08,273,113,160
2023-03-08,173,83,90
2023-03-08,55,21,34
2023-03-08,18,9,9
2023-03-08,7,2,5
2023-03-08,1,0,1
2023-03-08,2,0,2
2023-03-08,3,0,3
2023-03-08,5,3,2
2023-03-07,9,5,4
2023-03-07,30,13,17
2023-03-07,32,9,23
2023-03-07,39,13,26
2023-03-07,77,18,59
2023-03-07,193,65,128
2023-03-07,324,79,245
2023-03-07,302,98,204
2023-03-07,179,70,109
2023-03-07,113,42,71
2023-03-07,94,39,55
2023-03-07,93,45,48
2023-03-07,90,43,47
2023-03-07,101,40,61
2023-03-07,187,66,121
2023-03-07,310,112,198
2023-03-07,184,70,114
2023-03-07,80,34,46
2023-03-07,26,11,15
2023-03-07,5,3,2
2023-03-07,1,0,1
2023-03-07,1,1,0
2023-03-07,3,2,1
2023-03-07,4,1,3
2023-03-06,10,3,7
2023-03-06,22,10,12
2023-03-06,30,7,23
2023-03-06,51,23,28
2023-03-06,67,24,43
2023-03-06,144,48,96
2023-03-06,281,74,207
2023-03-06,179,53,126
2023-03-06,128,52,76
2023-03-06,84,31,53
2023-03-06,59,29,30
2023-03-06,57,31,26
2023-03-06,57,20,37
2023-03-06,77,23,54
2023-03-06,121,38,83
2023-03-06,237,93,144
2023-03-06,132,58,74
2023-03-06,57,25,32
2023-03-06,10,5,5
2023-03-06,4,1,3
2023-03-06,2,0,2
2023-03-06,3,2,1
2023-03-06,0,0,0
2023-03-06,4,2,2
2023-03-05,7,4,3
2023-03-05,12,4,8
2023-03-05,18,8,10
2023-03-05,13,7,6
2023-03-05,14,6,8
2023-03-05,58,28,30
2023-03-05,65,34,31
2023-03-05,122,50,72
2023-03-05,151,88,63
2023-03-05,180,83,97
2023-03-05,196,93,103
2023-03-05,185,90,95
2023-03-05,193,86,107
2023-03-05,91,36,55
2023-03-05,75,35,40
2023-03-05,25,15,10
2023-03-05,21,12,9
2023-03-05,8,3,5
2023-03-05,5,2,3
2023-03-05,4,2,2
2023-03-05,2,1,1
2023-03-05,3,3,0
2023-03-05,3,1,2
2023-03-05,3,0,3
2023-03-04,19,5,14
2023-03-04,30,17,13
2023-03-04,12,4,8
2023-03-04,31,11,20
2023-03-04,25,9,16
2023-03-04,36,21,15
2023-03-04,43,21,22
2023-03-04,38,13,25
2023-03-04,41,23,18
2023-03-04,44,26,18
2023-03-04,38,17,21
2023-03-04,27,12,15
2023-03-04,52,10,42
2023-03-04,20,12,8
2023-03-04,18,7,11
2023-03-04,22,7,15
2023-03-04,12,5,7
2023-03-04,14,3,11
2023-03-04,1,0,1
2023-03-04,5,0,5
2023-03-04,1,0,1
2023-03-04,0,0,0
2023-03-04,7,4,3
2023-03-04,7,1,6
2023-03-03,8,4,4
2023-03-03,13,3,10
2023-03-03,11,2,9
2023-03-03,19,11,8
2023-03-03,34,12,22
2023-03-03,88,28,60
2023-03-03,121,25,96
2023-03-03,120,30,90
2023-03-03,72,25,47
2023-03-03,48,24,24
2023-03-03,53,23,30
2023-03-03,51,23,28
2023-03-03,54,24,30
2023-03-03,73,23,50
2023-03-03,88,30,58
2023-03-03,149,63,86
2023-03-03,107,49,58
2023-03-03,38,11,27
2023-03-03,13,2,11
2023-03-03,4,2,2
2023-03-03,0,0,0
2023-03-03,4,2,2
2023-03-03,1,0,1
2023-03-03,8,4,4
2023-03-02,12,5,7
2023-03-02,31,4,27
2023-03-02,25,11,14
2023-03-02,30,8,22
2023-03-02,61,24,37
2023-03-02,149,40,109
2023-03-02,200,59,141
2023-03-02,155,48,107
2023-03-02,75,27,48
2023-03-02,62,26,36
2023-03-02,55,30,25
2023-03-02,43,23,20
2023-03-02,36,10,26
2023-03-02,49,21,28
2023-03-02,97,29,68
2023-03-02,153,62,91
2023-03-02,118,50,68
2023-03-02,37,16,21
2023-03-02,18,5,13
2023-03-02,6,2,4
2023-03-02,6,3,3
2023-03-02,4,1,3
2023-03-02,4,0,4
2023-03-02,4,2,2
2023-03-01,15,6,9
2023-03-01,28,14,14
2023-03-01,38,17,21
2023-03-01,38,10,28
2023-03-01,66,19,47
2023-03-01,175,49,126
2023-03-01,305,75,230
2023-03-01,202,68,134
2023-03-01,111,52,59
2023-03-01,95,39,56
2023-03-01,55,28,27
2023-03-01,57,23,34
2023-03-01,56,18,38
2023-03-01,80,28,52
2023-03-01,152,51,101
2023-03-01,232,93,139
2023-03-01,154,73,81
2023-03-01,60,24,36
2023-03-01,17,3,14
2023-03-01,6,1,5
2023-03-01,0,0,0
2023-03-01,3,2,1
2023-03-01,1,1,0
2023-03-01,3,1,2
2023-02-28,6,3,3
2023-02-28,14,5,9
2023-02-28,30,13,17
2023-02-28,37,22,15
2023-02-28,59,19,40
2023-02-28,142,37,105
2023-02-28,263,67,196
2023-02-28,171,56,115
2023-02-28,76,28,48
2023-02-28,48,20,28
2023-02-28,48,14,34
2023-02-28,43,25,18
2023-02-28,41,18,23
2023-02-28,57,23,34
2023-02-28,137,52,85
2023-02-28,195,77,118
2023-02-28,148,61,87
2023-02-28,41,13,28
2023-02-28,15,6,9
2023-02-28,3,1,2
2023-02-28,3,1,2
2023-02-28,1,1,0
2023-02-28,1,0,1
2023-02-28,2,2,0
2023-02-27,5,3,2
2023-02-27,11,3,8
2023-02-27,15,4,11
2023-02-27,26,15,11
2023-02-27,50,14,36
2023-02-27,85,23,62
2023-02-27,200,42,158
2023-02-27,120,42,78
2023-02-27,67,20,47
2023-02-27,41,13,28
2023-02-27,18,5,13
2023-02-27,33,18,15
2023-02-27,32,17,15
2023-02-27,43,14,29
2023-02-27,98,31,67
2023-02-27,177,68,109
2023-02-27,118,41,77
2023-02-27,45,19,26
2023-02-27,12,3,9
2023-02-27,5,1,4
2023-02-27,2,1,1
2023-02-27,0,0,0
2023-02-27,3,1,2
2023-02-27,3,2,1
2023-02-26,1,1,0
2023-02-26,9,2,7
2023-02-26,9,4,5
2023-02-26,19,8,11
2023-02-26,31,15,16
2023-02-26,49,18,31
2023-02-26,77,35,42
2023-02-26,106,49,57
2023-02-26,117,56,61
2023-02-26,127,46,81
2023-02-26,78,27,51
2023-02-26,70,28,42
2023-02-26,55,11,44
2023-02-26,28,7,21
2023-02-26,23,13,10
2023-02-26,48,24,24
2023-02-26,30,15,15
2023-02-26,6,2,4
2023-02-26,1,0,1
2023-02-26,3,2,1
2023-02-26,2,0,2
2023-02-26,1,1,0
2023-02-26,1,1,0
2023-02-26,5,5,0
2023-02-25,8,6,2
2023-02-25,15,5,10
2023-02-25,29,5,24
2023-02-25,13,8,5
2023-02-25,26,16,10
2023-02-25,36,16,20
2023-02-25,61,21,40
2023-02-25,90,37,53
2023-02-25,107,39,68
2023-02-25,101,52,49
2023-02-25,82,40,42
2023-02-25,68,44,24
2023-02-25,55,19,36
2023-02-25,47,21,26
2023-02-25,45,20,25
2023-02-25,35,10,25
2023-02-25,14,7,7
2023-02-25,7,1,6
2023-02-25,1,0,1
2023-02-25,1,0,1
2023-02-25,1,1,0
2023-02-25,1,1,0
2023-02-25,6,3,3
2023-02-25,7,1,6
2023-02-24,15,7,8
2023-02-24,18,9,9
2023-02-24,28,8,20
2023-02-24,24,9,15
2023-02-24,40,18,22
2023-02-24,91,27,64
2023-02-24,141,49,92
2023-02-24,144,50,94
2023-02-24,111,40,71
2023-02-24,66,25,41
2023-02-24,60,31,29
2023-02-24,51,25,26
2023-02-24,45,17,28
2023-02-24,42,21,21
2023-02-24,76,23,53
2023-02-24,96,30,66
2023-02-24,68,25,43
2023-02-24,18,4,14
2023-02-24,8,2,6
2023-02-24,2,0,2
2023-02-24,0,0,0
2023-02-24,1,1,0
2023-02-24,3,2,1
2023-02-24,5,2,3
2023-02-23,8,2,6
2023-02-23,13,4,9
2023-02-23,17,6,11
2023-02-23,27,7,20
2023-02-23,48,18,30
2023-02-23,104,32,72
2023-02-23,190,40,150
2023-02-23,134,41,93
2023-02-23,65,33,32
2023-02-23,58,27,31
2023-02-23,26,10,16
2023-02-23,37,18,19
2023-02-23,46,19,27
2023-02-23,46,20,26
2023-02-23,84,28,56
2023-02-23,132,43,89
2023-02-23,67,28,39
2023-02-23,27,11,16
2023-02-23,12,2,10
2023-02-23,2,1,1
2023-02-23,4,3,1
2023-02-23,2,0,2
2023-02-23,0,0,0
2023-02-23,2,0,2
2023-02-22,5,1,4
2023-02-22,26,12,14
2023-02-22,19,10,9
2023-02-22,19,5,14
2023-02-22,40,9,31
2023-02-22,90,25,65
2023-02-22,186,50,136
2023-02-22,104,32,72
2023-02-22,56,28,28
2023-02-22,34,16,18
2023-02-22,36,15,21
2023-02-22,27,12,15
2023-02-22,28,15,13
2023-02-22,43,16,27
2023-02-22,67,10,57
2023-02-22,117,39,78
2023-02-22,98,41,57
2023-02-22,31,12,19
2023-02-22,14,3,11
2023-02-22,4,1,3
2023-02-22,2,0,2
2023-02-22,2,1,1
2023-02-22,0,0,0
2023-02-22,5,1,4
2023-02-21,2,1,1
2023-02-21,15,3,12
2023-02-21,8,5,3
2023-02-21,21,11,10
2023-02-21,49,15,34
2023-02-21,114,30,84
2023-02-21,291,74,217
2023-02-21,208,63,145
2023-02-21,100,39,61
2023-02-21,61,30,31
2023-02-21,44,17,27
2023-02-21,44,23,21
2023-02-21,54,25,29
2023-02-21,62,26,36
2023-02-21,154,59,95
2023-02-21,220,81,139
2023-02-21,142,49,93
2023-02-21,49,17,32
2023-02-21,16,3,13
2023-02-21,8,4,4
2023-02-21,2,0,2
2023-02-21,1,1,0
2023-02-21,5,4,1
2023-02-21,5,2,3
2023-02-20,7,5,2
2023-02-20,15,7,8
2023-02-20,14,7,7
2023-02-20,19,7,12
2023-02-20,25,9,16
2023-02-20,44,14,30
2023-02-20,77,21,56
2023-02-20,56,22,34
2023-02-20,63,33,30
2023-02-20,40,18,22
2023-02-20,37,19,18
2023-02-20,39,16,23
2023-02-20,20,12,8
2023-02-20,34,9,25
2023-02-20,31,13,18
2023-02-20,52,25,27
2023-02-20,41,18,23
2023-02-20,14,6,8
2023-02-20,9,2,7
2023-02-20,4,2,2
2023-02-20,2,1,1
2023-02-20,3,3,0
2023-02-20,2,1,1
2023-02-20,5,1,4
2023-02-19,4,2,2
2023-02-19,13,5,8
2023-02-19,10,3,7
2023-02-19,15,8,7
2023-02-19,19,9,10
2023-02-19,27,13,14
2023-02-19,36,15,21
2023-02-19,46,20,26
2023-02-19,50,26,24
2023-02-19,89,35,54
2023-02-19,99,45,54
2023-02-19,48,23,25
2023-02-19,83,28,55
2023-02-19,61,36,25
2023-02-19,26,14,12
2023-02-19,19,11,8
2023-02-19,7,6,1
2023-02-19,7,4,3
2023-02-19,1,0,1
2023-02-19,1,0,1
2023-02-19,2,1,1
2023-02-19,2,1,1
2023-02-19,4,2,2
2023-02-19,1,1,0
2023-02-18,16,8,8
2023-02-18,19,7,12
2023-02-18,26,4,22
2023-02-18,24,11,13
2023-02-18,44,10,34
2023-02-18,39,15,24
2023-02-18,57,27,30
2023-02-18,69,34,35
2023-02-18,98,52,46
2023-02-18,101,47,54
2023-02-18,105,58,47
2023-02-18,98,36,62
2023-02-18,79,38,41
2023-02-18,95,46,49
2023-02-18,64,17,47
2023-02-18,39,17,22
2023-02-18,23,12,11
2023-02-18,11,2,9
2023-02-18,4,2,2
2023-02-18,4,2,2
2023-02-18,5,3,2
2023-02-18,3,0,3
2023-02-18,3,2,1
2023-02-18,7,3,4
2023-02-17,7,4,3
2023-02-17,14,5,9
2023-02-17,17,6,11
2023-02-17,22,10,12
2023-02-17,33,14,19
2023-02-17,105,41,64
2023-02-17,176,60,116
2023-02-17,128,39,89
2023-02-17,101,49,52
2023-02-17,56,18,38
2023-02-17,62,26,36
2023-02-17,42,19,23
2023-02-17,38,16,22
2023-02-17,51,16,35
2023-02-17,77,35,42
2023-02-17,124,43,81
2023-02-17,91,43,48
2023-02-17,33,15,18
2023-02-17,15,5,10
2023-02-17,1,0,1
2023-02-17,2,1,1
2023-02-17,0,0,0
2023-02-17,4,3,1
2023-02-17,3,3,0
2023-02-16,11,4,7
2023-02-16,28,5,23
2023-02-16,33,10,23
2023-02-16,48,22,26
2023-02-16,75,28,47
2023-02-16,170,54,116
2023-02-16,268,66,202
2023-02-16,200,58,142
2023-02-16,124,49,75
2023-02-16,77,29,48
2023-02-16,86,29,57
2023-02-16,62,26,36
2023-02-16,57,17,40
2023-02-16,82,32,50
2023-02-16,161,54,107
2023-02-16,264,101,163
2023-02-16,138,52,86
2023-02-16,69,28,41
2023-02-16,13,7,6
2023-02-16,8,2,6
2023-02-16,1,0,1
2023-02-16,3,3,0
2023-02-16,2,2,0
2023-02-16,1,0,1
2023-02-15,14,4,10
2023-02-15,28,10,18
2023-02-15,24,7,17
2023-02-15,36,12,24
2023-02-15,86,32,54
2023-02-15,175,56,119
2023-02-15,279,77,202
2023-02-15,208,62,146
2023-02-15,129,50,79
2023-02-15,98,41,57
2023-02-15,80,40,40
2023-02-15,55,23,32
2023-02-15,62,23,39
2023-02-15,80,21,59
2023-02-15,154,42,112
2023-02-15,253,108,145
2023-02-15,163,71,92
2023-02-15,56,19,37
2023-02-15,16,7,9
2023-02-15,5,2,3
2023-02-15,2,1,1
2023-02-15,0,0,0
2023-02-15,2,1,1
2023-02-15,1,0,1
2023-02-14,9,3,6
2023-02-14,15,5,10
2023-02-14,23,10,13
2023-02-14,26,7,19
2023-02-14,64,21,43
2023-02-14,151,49,102
2023-02-14,317,74,243
2023-02-14,221,70,151
2023-02-14,97,46,51
2023-02-14,84,31,53
2023-02-14,48,17,31
2023-02-14,78,34,44
2023-02-14,61,28,33
2023-02-14,65,18,47
2023-02-14,143,36,107
2023-02-14,226,93,133
2023-02-14,143,54,89
2023-02-14,58,19,39
2023-02-14,22,10,12
2023-02-14,7,2,5
2023-02-14,3,0,3
2023-02-14,1,1,0
2023-02-14,6,3,3
2023-02-14,5,3,2
2023-02-13,8,4,4
2023-02-13,19,7,12
2023-02-13,11,5,6
2023-02-13,23,12,11
2023-02-13,48,18,30
2023-02-13,102,35,67
2023-02-13,173,36,137
2023-02-13,105,21,84
2023-02-13,93,31,62
2023-02-13,52,16,36
2023-02-13,52,23,29
2023-02-13,56,29,27
2023-02-13,71,29,42
2023-02-13,57,21,36
2023-02-13,104,32,72
2023-02-13,191,74,117
2023-02-13,130,57,73
2023-02-13,45,18,27
2023-02-13,20,5,15
2023-02-13,7,5,2
2023-02-13,2,0,2
2023-02-13,1,0,1
2023-02-13,1,1,0
2023-02-13,8,5,3
2023-02-12,6,5,1
2023-02-12,11,3,8
2023-02-12,10,6,4
2023-02-12,22,10,12
2023-02-12,33,10,23
2023-02-12,44,23,21
2023-02-12,44,21,23
2023-02-12,93,42,51
2023-02-12,142,63,79
2023-02-12,147,74,73
2023-02-12,129,77,52
2023-02-12,152,64,88
2023-02-12,148,62,86
2023-02-12,93,42,51
2023-02-12,60,21,39
2023-02-12,27,13,14
2023-02-12,15,8,7
2023-02-12,13,7,6
2023-02-12,5,2,3
2023-02-12,1,0,1
2023-02-12,4,1,3
2023-02-12,2,2,0
2023-02-12,5,2,3
2023-02-12,9,7,2
2023-02-11,23,11,12
2023-02-11,21,3,18
2023-02-11,48,7,41
2023-02-11,23,10,13
2023-02-11,52,20,32
2023-02-11,59,29,30
2023-02-11,64,43,21
2023-02-11,136,73,63
2023-02-11,199,102,97
2023-02-11,192,93,99
2023-02-11,207,65,142
2023-02-11,203,90,113
2023-02-11,164,81,83
2023-02-11,138,58,80
2023-02-11,86,36,50
2023-02-11,74,32,42
2023-02-11,25,12,13
2023-02-11,9,2,7
2023-02-11,3,3,0
2023-02-11,4,2,2
2023-02-11,5,3,2
2023-02-11,1,1,0
2023-02-11,8,7,1
2023-02-11,21,7,14
2023-02-10,14,8,6
2023-02-10,39,16,23
2023-02-10,27,10,17
2023-02-10,48,22,26
2023-02-10,52,22,30
2023-02-10,126,47,79
2023-02-10,270,85,185
2023-02-10,223,71,152
2023-02-10,175,65,110
2023-02-10,127,50,77
2023-02-10,125,64,61
2023-02-10,93,43,50
2023-02-10,77,28,49
2023-02-10,74,25,49
2023-02-10,117,45,72
2023-02-10,210,82,128
2023-02-10,120,50,70
2023-02-10,50,22,28
2023-02-10,13,6,7
2023-02-10,1,1,0
2023-02-10,3,1,2
2023-02-10,3,2,1
2023-02-10,3,2,1
2023-02-10,4,2,2
2023-02-09,13,6,7
2023-02-09,20,10,10
2023-02-09,34,16,18
2023-02-09,48,17,31
2023-02-09,85,33,52
2023-02-09,174,64,110
2023-02-09,336,84,252
2023-02-09,280,93,187
2023-02-09,188,77,111
2023-02-09,130,53,77
2023-02-09,53,19,34
2023-02-09,65,34,31
2023-02-09,58,21,37
2023-02-09,79,29,50
2023-02-09,177,63,114
2023-02-09,276,122,154
2023-02-09,182,80,102
2023-02-09,70,28,42
2023-02-09,15,7,8
2023-02-09,7,2,5
2023-02-09,3,2,1
2023-02-09,1,0,1
2023-02-09,2,1,1
2023-02-09,6,3,3
2023-02-08,16,8,8
2023-02-08,42,19,23
2023-02-08,37,13,24
2023-02-08,47,14,33
2023-02-08,107,26,81
2023-02-08,202,66,136
2023-02-08,353,110,243
2023-02-08,225,84,141
2023-02-08,161,65,96
2023-02-08,103,48,55
2023-02-08,91,40,51
2023-02-08,67,29,38
2023-02-08,80,34,46
2023-02-08,110,47,63
2023-02-08,197,75,122
2023-02-08,312,126,186
2023-02-08,185,82,103
2023-02-08,47,21,26
2023-02-08,14,1,13
2023-02-08,6,1,5
2023-02-08,1,0,1
2023-02-08,1,1,0
2023-02-08,0,0,0
2023-02-08,6,0,6
2023-02-07,6,5,1
2023-02-07,20,8,12
2023-02-07,26,12,14
2023-02-07,37,22,15
2023-02-07,56,24,32
2023-02-07,170,53,117
2023-02-07,275,77,198
2023-02-07,175,53,122
2023-02-07,94,45,49
2023-02-07,66,33,33
2023-02-07,47,16,31
2023-02-07,26,14,12
2023-02-07,46,24,22
2023-02-07,52,19,33
2023-02-07,121,44,77
2023-02-07,193,82,111
2023-02-07,138,57,81
2023-02-07,56,24,32
2023-02-07,13,5,8
2023-02-07,5,1,4
2023-02-07,1,0,1
2023-02-07,0,0,0
2023-02-07,4,2,2
2023-02-07,5,3,2
2023-02-06,15,6,9
2023-02-06,17,8,9
2023-02-06,15,7,8
2023-02-06,25,13,12
2023-02-06,66,25,41
2023-02-06,123,29,94
2023-02-06,258,63,195
2023-02-06,172,52,120
2023-02-06,105,46,59
2023-02-06,63,26,37
2023-02-06,59,24,35
2023-02-06,47,19,28
2023-02-06,36,12,24
2023-02-06,68,29,39
2023-02-06,146,47,99
2023-02-06,218,88,130
2023-02-06,135,68,67
2023-02-06,61,25,36
2023-02-06,19,5,14
2023-02-06,4,1,3
2023-02-06,2,1,1
2023-02-06,1,1,0
2023-02-06,2,0,2
2023-02-06,2,1,1
2023-02-05,5,3,2
2023-02-05,5,3,2
2023-02-05,11,5,6
2023-02-05,16,4,12
2023-02-05,16,9,7
2023-02-05,26,10,16
2023-02-05,49,21,28
2023-02-05,57,38,19
2023-02-05,46,25,21
2023-02-05,56,21,35
2023-02-05,48,15,33
2023-02-05,106,55,51
2023-02-05,86,42,44
2023-02-05,58,22,36
2023-02-05,42,20,22
2023-02-05,28,16,12
2023-02-05,13,8,5
2023-02-05,9,6,3
2023-02-05,3,1,2
2023-02-05,1,0,1
2023-02-05,2,0,2
2023-02-05,5,3,2
2023-02-05,2,1,1
2023-02-05,6,4,2
2023-02-04,9,7,2
2023-02-04,13,7,6
2023-02-04,16,8,8
2023-02-04,12,6,6
2023-02-04,24,14,10
2023-02-04,36,17,19
2023-02-04,53,27,26
2023-02-04,61,33,28
2023-02-04,55,34,21
2023-02-04,71,27,44
2023-02-04,76,30,46
2023-02-04,98,60,38
2023-02-04,88,31,57
2023-02-04,56,21,35
2023-02-04,44,23,21
2023-02-04,53,19,34
2023-02-04,16,6,10
2023-02-04,5,2,3
2023-02-04,3,1,2
2023-02-04,2,1,1
2023-02-04,3,1,2
2023-02-04,2,2,0
2023-02-04,3,1,2
2023-02-04,7,4,3
2023-02-03,9,3,6
2023-02-03,17,9,8
2023-02-03,9,5,4
2023-02-03,20,10,10
2023-02-03,39,16,23
2023-02-03,60,11,49
2023-02-03,111,42,69
2023-02-03,96,32,64
2023-02-03,58,22,36
2023-02-03,52,19,33
2023-02-03,45,28,17
2023-02-03,37,16,21
2023-02-03,39,14,25
2023-02-03,60,21,39
2023-02-03,95,36,59
2023-02-03,143,62,81
2023-02-03,102,38,64
2023-02-03,40,16,24
2023-02-03,13,3,10
2023-02-03,5,1,4
2023-02-03,1,0,1
2023-02-03,3,1,2
2023-02-03,0,0,0
2023-02-03,6,2,4
2023-02-02,15,7,8
2023-02-02,27,14,13
2023-02-02,47,15,32
2023-02-02,46,22,24
2023-02-02,94,33,61
2023-02-02,191,57,134
2023-02-02,313,82,231
2023-02-02,263,80,183
2023-02-02,148,66,82
2023-02-02,111,52,59
2023-02-02,89,38,51
2023-02-02,100,42,58
2023-02-02,82,40,42
2023-02-02,66,26,40
2023-02-02,166,65,101
2023-02-02,298,111,187
2023-02-02,166,68,98
2023-02-02,63,22,41
2023-02-02,18,6,12
2023-02-02,7,2,5
2023-02-02,4,2,2
2023-02-02,1,1,0
2023-02-02,1,0,1
2023-02-02,2,0,2
2023-02-01,14,5,9
2023-02-01,23,6,17
2023-02-01,43,12,31
2023-02-01,36,15,21
2023-02-01,74,23,51
2023-02-01,175,44,131
2023-02-01,300,90,210
2023-02-01,216,75,141
2023-02-01,141,61,80
2023-02-01,123,48,75
2023-02-01,86,40,46
2023-02-01,77,33,44
2023-02-01,62,28,34
2023-02-01,92,32,60
2023-02-01,155,54,101
2023-02-01,262,97,165
2023-02-01,155,68,87
2023-02-01,68,26,42
2023-02-01,19,3,16
2023-02-01,5,1,4
2023-02-01,3,1,2
2023-02-01,4,3,1
2023-02-01,4,2,2
2023-02-01,1,1,0
2023-01-31,6,3,3
2023-01-31,18,7,11
2023-01-31,22,3,19
2023-01-31,37,15,22
2023-01-31,72,25,47
2023-01-31,162,45,117
2023-01-31,285,76,209
2023-01-31,206,66,140
2023-01-31,122,50,72
2023-01-31,69,33,36
2023-01-31,61,25,36
2023-01-31,66,33,33
2023-01-31,62,28,34
2023-01-31,75,29,46
2023-01-31,157,55,102
2023-01-31,252,96,156
2023-01-31,168,62,106
2023-01-31,59,24,35
2023-01-31,16,5,11
2023-01-31,4,2,2
2023-01-31,1,1,0
2023-01-31,1,1,0
2023-01-31,0,0,0
2023-01-31,1,1,0
2023-01-30,7,3,4
2023-01-30,15,4,11
2023-01-30,25,12,13
2023-01-30,26,9,17
2023-01-30,65,23,42
2023-01-30,121,34,87
2023-01-30,227,71,156
2023-01-30,157,42,115
2023-01-30,94,38,56
2023-01-30,66,29,37
2023-01-30,71,46,25
2023-01-30,55,25,30
2023-01-30,44,14,30
2023-01-30,52,23,29
2023-01-30,116,44,72
2023-01-30,194,66,128
2023-01-30,123,61,62
2023-01-30,52,23,29
2023-01-30,12,4,8
2023-01-30,3,2,1
2023-01-30,0,0,0
2023-01-30,0,0,0
2023-01-30,1,0,1
2023-01-30,3,1,2
2023-01-29,3,3,0
2023-01-29,5,3,2
2023-01-29,15,5,10
2023-01-29,17,10,7
2023-01-29,22,8,14
2023-01-29,31,9,22
2023-01-29,54,16,38
2023-01-29,109,44,65
2023-01-29,145,68,77
2023-01-29,138,56,82
2023-01-29,135,67,68
2023-01-29,140,67,73
2023-01-29,128,53,75
2023-01-29,88,45,43
2023-01-29,55,20,35
2023-01-29,26,15,11
2023-01-29,11,6,5
2023-01-29,10,3,7
2023-01-29,4,1,3
2023-01-29,2,0,2
2023-01-29,0,0,0
2023-01-29,1,1,0
2023-01-29,5,2,3
2023-01-29,9,7,2
2023-01-28,13,5,8
2023-01-28,25,9,16
2023-01-28,23,6,17
2023-01-28,31,18,13
2023-01-28,35,14,21
2023-01-28,41,18,23
2023-01-28,89,37,52
2023-01-28,116,39,77
2023-01-28,97,40,57
2023-01-28,98,45,53
2023-01-28,86,32,54
2023-01-28,100,53,47
2023-01-28,82,45,37
2023-01-28,83,49,34
2023-01-28,70,24,46
2023-01-28,44,15,29
2023-01-28,18,9,9
2023-01-28,8,1,7
2023-01-28,7,6,1
2023-01-28,2,1,1
2023-01-28,2,1,1
2023-01-28,7,2,5
2023-01-28,9,5,4
2023-01-28,10,4,6
2023-01-27,19,9,10
2023-01-27,27,10,17
2023-01-27,26,13,13
2023-01-27,50,12,38
2023-01-27,58,24,34
2023-01-27,144,46,98
2023-01-27,195,58,137
2023-01-27,180,62,118
2023-01-27,143,51,92
2023-01-27,114,44,70
2023-01-27,79,39,40
2023-01-27,56,23,33
2023-01-27,58,21,37
2023-01-27,58,23,35
2023-01-27,114,45,69
2023-01-27,156,60,96
2023-01-27,117,50,67
2023-01-27,44,18,26
2023-01-27,14,3,11
2023-01-27,2,1,1
2023-01-27,0,0,0
2023-01-27,0,0,0
2023-01-27,1,0,1
2023-01-27,7,2,5
2023-01-26,10,5,5
2023-01-26,21,12,9
2023-01-26,44,23,21
2023-01-26,56,16,40
2023-01-26,83,25,58
2023-01-26,184,50,134
2023-01-26,311,68,243
2023-01-26,188,49,139
2023-01-26,120,51,69
2023-01-26,86,35,51
2023-01-26,82,28,54
2023-01-26,74,29,45
2023-01-26,68,32,36
2023-01-26,58,22,36
2023-01-26,165,59,106
2023-01-26,271,121,150
2023-01-26,174,65,109
2023-01-26,64,26,38
2023-01-26,25,9,16
2023-01-26,5,2,3
2023-01-26,0,0,0
2023-01-26,2,1,1
2023-01-26,0,0,0
2023-01-26,4,1,3
2023-01-25,7,5,2
2023-01-25,22,8,14
2023-01-25,32,10,22
2023-01-25,60,16,44
2023-01-25,80,31,49
2023-01-25,183,47,136
2023-01-25,317,86,231
2023-01-25,239,76,163
2023-01-25,129,57,72
2023-01-25,85,33,52
2023-01-25,75,32,43
2023-01-25,71,38,33
2023-01-25,57,16,41
2023-01-25,103,37,66
2023-01-25,159,52,107
2023-01-25,258,110,148
2023-01-25,170,74,96
2023-01-25,71,31,40
2023-01-25,21,6,15
2023-01-25,7,1,6
2023-01-25,0,0,0
2023-01-25,1,0,1
2023-01-25,4,1,3
2023-01-25,4,1,3
2023-01-24,9,4,5
2023-01-24,20,7,13
2023-01-24,29,18,11
2023-01-24,47,16,31
2023-01-24,87,24,63
2023-01-24,213,45,168
2023-01-24,329,79,250
2023-01-24,237,64,173
2023-01-24,117,44,73
2023-01-24,66,33,33
2023-01-24,44,22,22
2023-01-24,49,18,31
2023-01-24,69,33,36
2023-01-24,89,39,50
2023-01-24,180,61,119
2023-01-24,293,112,181
2023-01-24,198,84,114
2023-01-24,91,37,54
2023-01-24,19,11,8
2023-01-24,4,1,3
2023-01-24,2,1,1
2023-01-24,1,1,0
2023-01-24,2,0,2
2023-01-24,7,1,6
2023-01-23,7,4,3
2023-01-23,21,5,16
2023-01-23,33,15,18
2023-01-23,44,16,28
2023-01-23,86,27,59
2023-01-23,147,54,93
2023-01-23,296,72,224
2023-01-23,176,45,131
2023-01-23,123,55,68
2023-01-23,82,34,48
2023-01-23,91,40,51
2023-01-23,65,33,32
2023-01-23,71,35,36
2023-01-23,75,29,46
2023-01-23,117,36,81
2023-01-23,240,90,150
2023-01-23,149,66,83
2023-01-23,54,22,32
2023-01-23,22,7,15
2023-01-23,7,4,3
2023-01-23,1,1,0
2023-01-23,1,0,1
2023-01-23,2,2,0
2023-01-23,3,2,1
2023-01-22,2,0,2
2023-01-22,5,3,2
2023-01-22,23,8,15
2023-01-22,24,15,9
2023-01-22,24,7,17
2023-01-22,35,8,27
2023-01-22,59,33,26
2023-01-22,102,47,55
2023-01-22,127,55,72
2023-01-22,123,62,61
2023-01-22,123,69,54
2023-01-22,110,55,55
2023-01-22,143,62,81
2023-01-22,69,20,49
2023-01-22,47,25,22
2023-01-22,32,15,17
2023-01-22,11,0,11
2023-01-22,5,3,2
2023-01-22,0,0,0
2023-01-22,1,0,1
2023-01-22,2,1,1
2023-01-22,2,1,1
2023-01-22,3,2,1
2023-01-22,2,1,1
2023-01-21,10,7,3
2023-01-21,19,9,10
2023-01-21,8,4,4
2023-01-21,14,4,10
2023-01-21,14,7,7
2023-01-21,24,12,12
2023-01-21,21,14,7
2023-01-21,25,11,14
2023-01-21,21,7,14
2023-01-21,23,12,11
2023-01-21,30,14,16
2023-01-21,24,16,8
2023-01-21,49,21,28
2023-01-21,41,14,27
2023-01-21,44,18,26
2023-01-21,37,8,29
2023-01-21,13,4,9
2023-01-21,7,0,7
2023-01-21,1,1,0
2023-01-21,1,0,1
2023-01-21,1,1,0
2023-01-21,3,3,0
2023-01-21,8,5,3
2023-01-21,6,1,5
2023-01-20,8,1,7
2023-01-20,31,12,19
2023-01-20,27,13,14
2023-01-20,22,11,11
2023-01-20,67,31,36
2023-01-20,126,54,72
2023-01-20,206,58,148
2023-01-20,234,81,153
2023-01-20,166,65,101
2023-01-20,147,52,95
2023-01-20,108,56,52
2023-01-20,84,43,41
2023-01-20,85,36,49
2023-01-20,80,32,48
2023-01-20,125,41,84
2023-01-20,187,74,113
2023-01-20,135,59,76
2023-01-20,52,18,34
2023-01-20,14,4,10
2023-01-20,3,0,3
2023-01-20,1,0,1
2023-01-20,3,2,1
2023-01-20,5,3,2
2023-01-20,4,1,3
2023-01-19,11,4,7
2023-01-19,29,5,24
2023-01-19,27,11,16
2023-01-19,58,24,34
2023-01-19,65,22,43
2023-01-19,191,62,129
2023-01-19,326,78,248
2023-01-19,234,78,156
2023-01-19,147,65,82
2023-01-19,72,25,47
2023-01-19,76,34,42
2023-01-19,87,47,40
2023-01-19,70,30,40
2023-01-19,67,20,47
2023-01-19,161,59,102
2023-01-19,286,107,179
2023-01-19,164,74,90
2023-01-19,67,29,38
2023-01-19,23,7,16
2023-01-19,6,3,3
2023-01-19,1,0,1
2023-01-19,1,0,1
2023-01-19,2,0,2
2023-01-19,4,3,1
2023-01-18,7,4,3
2023-01-18,23,7,16
2023-01-18,23,5,18
2023-01-18,33,10,23
2023-01-18,55,21,34
2023-01-18,143,41,102
2023-01-18,221,54,167
2023-01-18,147,39,108
2023-01-18,94,26,68
2023-01-18,56,29,27
2023-01-18,38,17,21
2023-01-18,41,13,28
2023-01-18,36,13,23
2023-01-18,43,18,25
2023-01-18,119,39,80
2023-01-18,181,72,109
2023-01-18,129,58,71
2023-01-18,50,24,26
2023-01-18,14,3,11
2023-01-18,6,2,4
2023-01-18,1,1,0
2023-01-18,0,0,0
2023-01-18,1,0,1
2023-01-18,0,0,0
2023-01-17,7,3,4
2023-01-17,17,8,9
2023-01-17,23,10,13
2023-01-17,41,8,33
2023-01-17,48,15,33
2023-01-17,182,40,142
2023-01-17,288,57,231
2023-01-17,206,53,153
2023-01-17,117,33,84
2023-01-17,78,26,52
2023-01-17,60,29,31
2023-01-17,67,38,29
2023-01-17,58,20,38
2023-01-17,72,21,51
2023-01-17,183,68,115
2023-01-17,282,106,176
2023-01-17,171,71,100
2023-01-17,79,32,47
2023-01-17,28,10,18
2023-01-17,4,3,1
2023-01-17,2,1,1
2023-01-17,1,0,1
2023-01-17,3,2,1
2023-01-17,4,2,2
2023-01-16,12,5,7
2023-01-16,15,6,9
2023-01-16,15,5,10
2023-01-16,19,10,9
2023-01-16,33,15,18
2023-01-16,54,21,33
2023-01-16,93,28,65
2023-01-16,184,85,99
2023-01-16,221,98,123
2023-01-16,214,101,113
2023-01-16,154,76,78
2023-01-16,159,71,88
2023-01-16,134,50,84
2023-01-16,95,41,54
2023-01-16,81,34,47
2023-01-16,52,15,37
2023-01-16,44,17,27
2023-01-16,22,4,18
2023-01-16,11,4,7
2023-01-16,3,2,1
2023-01-16,1,0,1
2023-01-16,2,2,0
2023-01-16,2,1,1
2023-01-16,2,1,1
2023-01-15,1,1,0
2023-01-15,7,4,3
2023-01-15,7,3,4
2023-01-15,7,4,3
2023-01-15,14,6,8
2023-01-15,10,4,6
2023-01-15,14,4,10
2023-01-15,25,11,14
2023-01-15,31,16,15
2023-01-15,28,16,12
2023-01-15,55,28,27
2023-01-15,60,32,28
2023-01-15,76,23,53
2023-01-15,46,16,30
2023-01-15,31,15,16
2023-01-15,24,9,15
2023-01-15,9,4,5
2023-01-15,6,2,4
2023-01-15,1,0,1
2023-01-15,3,1,2
2023-01-15,1,0,1
2023-01-15,3,0,3
2023-01-15,2,2,0
2023-01-15,7,2,5
2023-01-14,8,5,3
2023-01-14,15,8,7
2023-01-14,31,6,25
2023-01-14,18,9,9
2023-01-14,51,17,34
2023-01-14,40,22,18
2023-01-14,82,45,37
2023-01-14,143,69,74
2023-01-14,210,92,118
2023-01-14,210,103,107
2023-01-14,256,134,122
2023-01-14,226,126,100
2023-01-14,141,71,70
2023-01-14,112,55,57
2023-01-14,72,31,41
2023-01-14,45,15,30
2023-01-14,23,10,13
2023-01-14,10,5,5
2023-01-14,6,3,3
2023-01-14,1,0,1
2023-01-14,2,2,0
2023-01-14,0,0,0
2023-01-14,5,3,2
2023-01-14,6,5,1
2023-01-13,4,3,1
2023-01-13,16,4,12
2023-01-13,13,4,9
2023-01-13,21,8,13
2023-01-13,53,27,26
2023-01-13,81,28,53
2023-01-13,145,42,103
2023-01-13,130,46,84
2023-01-13,62,21,41
2023-01-13,39,16,23
2023-01-13,32,18,14
2023-01-13,35,17,18
2023-01-13,42,21,21
2023-01-13,55,22,33
2023-01-13,108,27,81
2023-01-13,124,53,71
2023-01-13,93,37,56
2023-01-13,31,12,19
2023-01-13,13,3,10
2023-01-13,2,1,1
2023-01-13,0,0,0
2023-01-13,0,0,0
2023-01-13,2,2,0
2023-01-13,5,4,1
2023-01-12,8,4,4
2023-01-12,16,7,9
2023-01-12,16,8,8
2023-01-12,32,14,18
2023-01-12,48,12,36
2023-01-12,116,40,76
2023-01-12,191,36,155
2023-01-12,126,40,86
2023-01-12,69,20,49
2023-01-12,26,8,18
2023-01-12,19,10,9
2023-01-12,34,14,20
2023-01-12,37,15,22
2023-01-12,67,26,41
2023-01-12,105,39,66
2023-01-12,186,75,111
2023-01-12,100,34,66
2023-01-12,50,22,28
2023-01-12,11,4,7
2023-01-12,5,0,5
2023-01-12,1,0,1
2023-01-12,0,0,0
2023-01-12,2,2,0
2023-01-12,1,0,1
2023-01-11,9,4,5
2023-01-11,23,8,15
2023-01-11,28,14,14
2023-01-11,38,12,26
2023-01-11,84,27,57
2023-01-11,178,52,126
2023-01-11,319,77,242
2023-01-11,223,68,155
2023-01-11,144,60,84
2023-01-11,116,55,61
2023-01-11,92,39,53
2023-01-11,117,59,58
2023-01-11,87,36,51
2023-01-11,69,24,45
2023-01-11,162,46,116
2023-01-11,239,103,136
2023-01-11,172,76,96
2023-01-11,67,31,36
2023-01-11,14,4,10
2023-01-11,4,1,3
2023-01-11,0,0,0
2023-01-11,3,2,1
2023-01-11,3,0,3
2023-01-11,5,2,3
2023-01-10,7,4,3
2023-01-10,19,9,10
2023-01-10,53,22,31
2023-01-10,49,24,25
2023-01-10,102,34,68
2023-01-10,231,63,168
2023-01-10,390,99,291
2023-01-10,285,89,196
2023-01-10,209,98,111
2023-01-10,140,57,83
2023-01-10,107,53,54
2023-01-10,97,41,56
2023-01-10,101,37,64
2023-01-10,110,45,65
2023-01-10,186,64,122
2023-01-10,303,115,188
2023-01-10,190,82,108
2023-01-10,86,30,56
2023-01-10,20,7,13
2023-01-10,7,3,4
2023-01-10,1,0,1
2023-01-10,1,1,0
2023-01-10,1,0,1
2023-01-10,2,1,1
2023-01-09,7,4,3
2023-01-09,9,4,5
2023-01-09,14,4,10
2023-01-09,21,6,15
2023-01-09,51,19,32
2023-01-09,139,43,96
2023-01-09,184,38,146
2023-01-09,119,41,78
2023-01-09,80,30,50
2023-01-09,44,18,26
2023-01-09,45,23,22
2023-01-09,41,21,20
2023-01-09,47,19,28
2023-01-09,77,27,50
2023-01-09,125,44,81
2023-01-09,195,83,112
2023-01-09,147,65,82
2023-01-09,54,25,29
2023-01-09,12,2,10
2023-01-09,3,0,3
2023-01-09,1,0,1
2023-01-09,0,0,0
2023-01-09,2,1,1
2023-01-09,3,1,2
2023-01-08,2,1,1
2023-01-08,4,3,1
2023-01-08,11,3,8
2023-01-08,16,7,9
2023-01-08,11,4,7
2023-01-08,14,6,8
2023-01-08,32,14,18
2023-01-08,40,19,21
2023-01-08,33,16,17
2023-01-08,28,12,16
2023-01-08,39,14,25
2023-01-08,33,13,20
2023-01-08,62,17,45
2023-01-08,43,20,23
2023-01-08,30,14,16
2023-01-08,19,10,9
2023-01-08,4,1,3
2023-01-08,9,5,4
2023-01-08,2,1,1
2023-01-08,1,0,1
2023-01-08,2,0,2
2023-01-08,2,2,0
2023-01-08,3,0,3
2023-01-08,8,5,3
2023-01-07,7,1,6
2023-01-07,19,13,6
2023-01-07,22,8,14
2023-01-07,19,5,14
2023-01-07,42,10,32
2023-01-07,31,9,22
2023-01-07,51,25,26
2023-01-07,57,26,31
2023-01-07,70,33,37
2023-01-07,35,13,22
2023-01-07,44,21,23
2023-01-07,62,26,36
2023-01-07,44,12,32
2023-01-07,27,12,15
2023-01-07,46,16,30
2023-01-07,31,10,21
2023-01-07,14,4,10
2023-01-07,11,3,8
2023-01-07,7,6,1
2023-01-07,3,2,1
2023-01-07,1,0,1
2023-01-07,1,0,1
2023-01-07,3,0,3
2023-01-07,6,1,5
2023-01-06,7,2,5
2023-01-06,16,9,7
2023-01-06,9,4,5
2023-01-06,14,5,9
2023-01-06,52,24,28
2023-01-06,82,26,56
2023-01-06,142,31,111
2023-01-06,155,48,107
2023-01-06,119,50,69
2023-01-06,70,25,45
2023-01-06,58,25,33
2023-01-06,53,29,24
2023-01-06,64,28,36
2023-01-06,61,26,35
2023-01-06,110,39,71
2023-01-06,148,67,81
2023-01-06,126,58,68
2023-01-06,36,15,21
2023-01-06,14,3,11
2023-01-06,5,2,3
2023-01-06,1,1,0
2023-01-06,7,2,5
2023-01-06,1,1,0
2023-01-06,10,9,1
2023-01-05,13,5,8
2023-01-05,23,9,14
2023-01-05,21,13,8
2023-01-05,30,14,16
2023-01-05,75,26,49
2023-01-05,144,46,98
2023-01-05,271,60,211
2023-01-05,227,68,159
2023-01-05,90,29,61
2023-01-05,68,24,44
2023-01-05,63,30,33
2023-01-05,68,38,30
2023-01-05,45,22,23
2023-01-05,92,41,51
2023-01-05,147,56,91
2023-01-05,258,103,155
2023-01-05,156,60,96
2023-01-05,66,27,39
2023-01-05,11,4,7
2023-01-05,5,2,3
2023-01-05,0,0,0
2023-01-05,3,2,1
2023-01-05,1,1,0
2023-01-05,4,3,1
2023-01-04,8,3,5
2023-01-04,8,3,5
2023-01-04,15,7,8
2023-01-04,28,11,17
2023-01-04,61,26,35
2023-01-04,160,52,108
2023-01-04,273,68,205
2023-01-04,227,71,156
2023-01-04,130,57,73
2023-01-04,81,36,45
2023-01-04,61,22,39
2023-01-04,63,25,38
2023-01-04,67,25,42
2023-01-04,77,32,45
2023-01-04,146,56,90
2023-01-04,262,103,159
2023-01-04,186,86,100
2023-01-04,57,29,28
2023-01-04,12,1,11
2023-01-04,5,0,5
2023-01-04,1,0,1
2023-01-04,1,1,0
2023-01-04,2,0,2
2023-01-04,1,0,1
2023-01-03,11,9,2
2023-01-03,11,4,7
2023-01-03,31,16,15
2023-01-03,24,10,14
2023-01-03,65,20,45
2023-01-03,148,49,99
2023-01-03,305,68,237
2023-01-03,204,64,140
2023-01-03,135,53,82
2023-01-03,82,30,52
2023-01-03,91,46,45
2023-01-03,70,38,32
2023-01-03,53,19,34
2023-01-03,56,22,34
2023-01-03,157,57,100
2023-01-03,250,110,140
2023-01-03,173,72,101
2023-01-03,65,29,36
2023-01-03,14,5,9
2023-01-03,4,1,3
2023-01-03,3,1,2
2023-01-03,1,0,1
2023-01-03,2,1,1
2023-01-03,2,2,0
2023-01-02,4,2,2
2023-01-02,7,2,5
2023-01-02,13,5,8
2023-01-02,7,3,4
2023-01-02,31,16,15
2023-01-02,48,17,31
2023-01-02,73,33,40
2023-01-02,116,50,66
2023-01-02,184,88,96
2023-01-02,168,97,71
2023-01-02,159,83,76
2023-01-02,123,52,71
2023-01-02,89,36,53
2023-01-02,53,26,27
2023-01-02,39,15,24
2023-01-02,31,11,20
2023-01-02,17,4,13
2023-01-02,12,7,5
2023-01-02,0,0,0
2023-01-02,2,1,1
2023-01-02,0,0,0
2023-01-02,1,0,1
2023-01-02,4,2,2
2023-01-02,5,2,3
2023-01-01,4,1,3
2023-01-01,3,0,3
2023-01-01,9,3,6
2023-01-01,18,4,14
2023-01-01,12,8,4
2023-01-01,21,9,12
2023-01-01,35,21,14
2023-01-01,72,25,47
2023-01-01,98,48,50
2023-01-01,109,67,42
2023-01-01,132,59,73
2023-01-01,91,38,53
2023-01-01,65,33,32
2023-01-01,75,22,53
2023-01-01,17,5,12
2023-01-01,6,5,1
2023-01-01,9,2,7
2023-01-01,7,1,6
2023-01-01,2,2,0
2023-01-01,7,2,5
2023-01-01,7,3,4
2023-01-01,18,10,8
2023-01-01,42,25,17
2023-01-01,43,9,34
2022-12-31,25,15,10
2022-12-31,23,15,8
2022-12-31,16,6,10
2022-12-31,20,13,7
2022-12-31,14,6,8
2022-12-31,28,15,13
2022-12-31,35,19,16
2022-12-31,68,28,40
2022-12-31,83,40,43
2022-12-31,98,46,52
2022-12-31,103,56,47
2022-12-31,124,63,61
2022-12-31,81,43,38
2022-12-31,61,22,39
2022-12-31,45,20,25
2022-12-31,28,13,15
2022-12-31,11,3,8
2022-12-31,6,2,4
2022-12-31,2,0,2
2022-12-31,2,1,1
2022-12-31,3,3,0
2022-12-31,0,0,0
2022-12-31,0,0,0
2022-12-31,4,2,2
2022-12-30,10,4,6
2022-12-30,20,15,5
2022-12-30,13,6,7
2022-12-30,17,13,4
2022-12-30,24,14,10
2022-12-30,43,20,23
2022-12-30,51,17,34
2022-12-30,43,15,28
2022-12-30,63,30,33
2022-12-30,54,24,30
2022-12-30,43,14,29
2022-12-30,33,15,18
2022-12-30,27,9,18
2022-12-30,27,15,12
2022-12-30,17,11,6
2022-12-30,30,17,13
2022-12-30,28,9,19
2022-12-30,12,7,5
2022-12-30,9,1,8
2022-12-30,2,1,1
2022-12-30,0,0,0
2022-12-30,2,1,1
2022-12-30,0,0,0
2022-12-30,3,1,2
2022-12-29,4,3,1
2022-12-29,12,6,6
2022-12-29,18,9,9
2022-12-29,11,4,7
2022-12-29,29,15,14
2022-12-29,40,10,30
2022-12-29,59,17,42
2022-12-29,85,32,53
2022-12-29,62,25,37
2022-12-29,35,15,20
2022-12-29,42,19,23
2022-12-29,32,10,22
2022-12-29,33,9,24
2022-12-29,31,11,20
2022-12-29,29,12,17
2022-12-29,59,23,36
2022-12-29,56,20,36
2022-12-29,24,9,15
2022-12-29,12,4,8
2022-12-29,3,2,1
2022-12-29,1,1,0
2022-12-29,3,1,2
2022-12-29,4,1,3
2022-12-29,3,3,0
2022-12-28,11,4,7
2022-12-28,12,4,8
2022-12-28,18,11,7
2022-12-28,19,12,7
2022-12-28,39,11,28
2022-12-28,52,19,33
2022-12-28,107,30,77
2022-12-28,97,42,55
2022-12-28,109,46,63
2022-12-28,110,51,59
2022-12-28,94,44,50
2022-12-28,76,27,49
2022-12-28,63,26,37
2022-12-28,79,35,44
2022-12-28,55,23,32
2022-12-28,58,23,35
2022-12-28,52,23,29
2022-12-28,37,10,27
2022-12-28,11,3,8
2022-12-28,3,1,2
2022-12-28,1,0,1
2022-12-28,1,1,0
2022-12-28,0,0,0
2022-12-28,4,3,1
2022-12-27,3,1,2
2022-12-27,6,3,3
2022-12-27,7,4,3
2022-12-27,12,4,8
2022-12-27,10,8,2
2022-12-27,26,8,18
2022-12-27,42,19,23
2022-12-27,42,19,23
2022-12-27,29,13,16
2022-12-27,40,14,26
2022-12-27,31,15,16
2022-12-27,23,10,13
2022-12-27,21,11,10
2022-12-27,19,8,11
2022-12-27,24,7,17
2022-12-27,36,14,22
2022-12-27,27,12,15
2022-12-27,21,6,15
2022-12-27,6,2,4
2022-12-27,1,1,0
2022-12-27,1,0,1
2022-12-27,0,0,0
2022-12-27,0,0,0
2022-12-27,2,2,0
2022-12-26,5,3,2
2022-12-26,3,3,0
2022-12-26,7,3,4
2022-12-26,11,5,6
2022-12-26,13,5,8
2022-12-26,12,4,8
2022-12-26,25,8,17
2022-12-26,54,30,24
2022-12-26,47,20,27
2022-12-26,52,29,23
2022-12-26,67,29,38
2022-12-26,50,26,24
2022-12-26,43,20,23
2022-12-26,30,12,18
2022-12-26,17,12,5
2022-12-26,9,4,5
2022-12-26,7,1,6
2022-12-26,5,1,4
2022-12-26,2,0,2
2022-12-26,1,0,1
2022-12-26,1,0,1
2022-12-26,4,2,2
2022-12-26,3,3,0
2022-12-26,2,0,2
2022-12-25,1,0,1
2022-12-25,0,0,0
2022-12-25,5,1,4
2022-12-25,4,1,3
2022-12-25,4,3,1
2022-12-25,2,1,1
2022-12-25,12,8,4
2022-12-25,18,10,8
2022-12-25,26,16,10
2022-12-25,23,9,14
2022-12-25,15,9,6
2022-12-25,25,11,14
2022-12-25,12,6,6
2022-12-25,9,7,2
2022-12-25,7,4,3
2022-12-25,5,5,0
2022-12-25,3,0,3
2022-12-25,4,3,1
2022-12-25,1,0,1
2022-12-25,0,0,0
2022-12-25,0,0,0
2022-12-25,1,0,1
2022-12-25,1,0,1
2022-12-25,1,0,1
2022-12-24,3,2,1
2022-12-24,5,2,3
2022-12-24,5,3,2
2022-12-24,4,2,2
2022-12-24,3,1,2
2022-12-24,7,3,4
2022-12-24,9,7,2
2022-12-24,13,12,1
2022-12-24,18,7,11
2022-12-24,23,11,12
2022-12-24,16,9,7
2022-12-24,8,2,6
2022-12-24,6,3,3
2022-12-24,6,3,3
2022-12-24,7,1,6
2022-12-24,3,0,3
2022-12-24,4,1,3
2022-12-24,3,2,1
2022-12-24,2,0,2
2022-12-24,1,0,1
2022-12-24,0,0,0
2022-12-24,0,0,0
2022-12-24,0,0,0
2022-12-24,2,1,1
2022-12-23,1,0,1
2022-12-23,1,1,0
2022-12-23,0,0,0
2022-12-23,3,1,2
2022-12-23,0,0,0
2022-12-23,0,0,0
2022-12-23,1,0,1
2022-12-23,4,3,1
2022-12-23,2,1,1
2022-12-23,1,1,0
2022-12-23,1,0,1
2022-12-23,0,0,0
2022-12-23,2,0,2
2022-12-23,0,0,0
2022-12-23,2,1,1
2022-12-23,2,1,1
2022-12-23,0,0,0
2022-12-23,0,0,0
2022-12-23,1,1,0
2022-12-23,0,0,0
2022-12-23,0,0,0
2022-12-23,1,1,0
2022-12-23,0,0,0
2022-12-23,1,1,0
2022-12-22,1,0,1
2022-12-22,3,1,2
2022-12-22,3,1,2
2022-12-22,3,2,1
2022-12-22,2,1,1
2022-12-22,9,3,6
2022-12-22,13,6,7
2022-12-22,12,6,6
2022-12-22,16,9,7
2022-12-22,13,8,5
2022-12-22,21,15,6
2022-12-22,8,5,3
2022-12-22,15,4,11
2022-12-22,4,2,2
2022-12-22,9,3,6
2022-12-22,6,2,4
2022-12-22,13,4,9
2022-12-22,1,1,0
2022-12-22,3,0,3
2022-12-22,1,1,0
2022-12-22,0,0,0
2022-12-22,0,0,0
2022-12-22,0,0,0
2022-12-22,1,0,1
2022-12-21,0,0,0
2022-12-21,4,2,2
2022-12-21,4,1,3
2022-12-21,3,0,3
2022-12-21,6,2,4
2022-12-21,13,5,8
2022-12-21,15,10,5
2022-12-21,12,4,8
2022-12-21,17,4,13
2022-12-21,8,5,3
2022-12-21,8,4,4
2022-12-21,7,6,1
2022-12-21,5,1,4
2022-12-21,9,5,4
2022-12-21,6,2,4
2022-12-21,16,4,12
2022-12-21,18,6,12
2022-12-21,4,3,1
2022-12-21,6,3,3
2022-12-21,1,1,0
2022-12-21,2,2,0
2022-12-21,1,1,0
2022-12-21,0,0,0
2022-12-21,1,0,1
2022-12-20,1,1,0
2022-12-20,2,0,2
2022-12-20,2,1,1
2022-12-20,3,0,3
2022-12-20,6,2,4
2022-12-20,9,1,8
2022-12-20,33,11,22
2022-12-20,30,7,23
2022-12-20,25,8,17
2022-12-20,18,5,13
2022-12-20,10,7,3
2022-12-20,10,7,3
2022-12-20,14,3,11
2022-12-20,79,9,70
2022-12-20,15,6,9
2022-12-20,38,13,25
2022-12-20,25,3,22
2022-12-20,16,7,9
2022-12-20,11,4,7
2022-12-20,2,1,1
2022-12-20,0,0,0
2022-12-20,1,0,1
2022-12-20,0,0,0
2022-12-20,2,2,0
2022-12-19,6,4,2
2022-12-19,6,3,3
2022-12-19,14,7,7
2022-12-19,13,6,7
2022-12-19,13,5,8
2022-12-19,33,12,21
2022-12-19,63,13,50
2022-12-19,58,17,41
2022-12-19,36,13,23
2022-12-19,29,14,15
2022-12-19,17,9,8
2022-12-19,18,8,10
2022-12-19,17,5,12
2022-12-19,20,6,14
2022-12-19,37,14,23
2022-12-19,50,14,36
2022-12-19,39,14,25
2022-12-19,19,11,8
2022-12-19,11,2,9
2022-12-19,1,1,0
2022-12-19,1,0,1
2022-12-19,1,1,0
2022-12-19,0,0,0
2022-12-19,2,0,2
2022-12-18,2,0,2
2022-12-18,11,5,6
2022-12-18,4,2,2
2022-12-18,5,1,4
2022-12-18,10,5,5
2022-12-18,20,10,10
2022-12-18,22,10,12
2022-12-18,31,15,16
2022-12-18,38,12,26
2022-12-18,43,24,19
2022-12-18,77,34,43
2022-12-18,60,33,27
2022-12-18,49,19,30
2022-12-18,39,15,24
2022-12-18,14,8,6
2022-12-18,12,4,8
2022-12-18,8,5,3
2022-12-18,6,0,6
2022-12-18,2,1,1
2022-12-18,2,1,1
2022-12-18,2,1,1
2022-12-18,2,2,0
2022-12-18,8,3,5
2022-12-18,12,5,7
2022-12-17,8,4,4
2022-12-17,11,7,4
2022-12-17,16,5,11
2022-12-17,12,10,2
2022-12-17,15,8,7
2022-12-17,27,14,13
2022-12-17,19,8,11
2022-12-17,21,8,13
2022-12-17,32,20,12
2022-12-17,26,9,17
2022-12-17,33,13,20
2022-12-17,47,19,28
2022-12-17,49,19,30
2022-12-17,22,8,14
2022-12-17,26,10,16
2022-12-17,30,19,11
2022-12-17,15,3,12
2022-12-17,4,1,3
2022-12-17,1,0,1
2022-12-17,2,0,2
2022-12-17,1,1,0
2022-12-17,10,8,2
2022-12-17,7,3,4
2022-12-17,10,2,8
2022-12-16,20,6,14
2022-12-16,18,7,11
2022-12-16,14,5,9
2022-12-16,35,11,24
2022-12-16,54,24,30
2022-12-16,71,18,53
2022-12-16,137,35,102
2022-12-16,139,46,93
2022-12-16,120,48,72
2022-12-16,109,54,55
2022-12-16,91,40,51
2022-12-16,64,31,33
2022-12-16,56,17,39
2022-12-16,38,20,18
2022-12-16,87,29,58
2022-12-16,128,60,68
2022-12-16,85,29,56
2022-12-16,40,20,20
2022-12-16,16,3,13
2022-12-16,4,2,2
2022-12-16,2,1,1
2022-12-16,3,1,2
2022-12-16,2,1,1
2022-12-16,1,0,1
2022-12-15,14,6,8
2022-12-15,19,6,13
2022-12-15,21,6,15
2022-12-15,46,9,37
2022-12-15,79,21,58
2022-12-15,142,35,107
2022-12-15,236,61,175
2022-12-15,192,63,129
2022-12-15,105,45,60
2022-12-15,98,41,57
2022-12-15,82,38,44
2022-12-15,65,28,37
2022-12-15,72,29,43
2022-12-15,67,30,37
2022-12-15,137,46,91
2022-12-15,221,80,141
2022-12-15,115,47,68
2022-12-15,45,17,28
2022-12-15,20,4,16
2022-12-15,3,1,2
2022-12-15,0,0,0
2022-12-15,0,0,0
2022-12-15,5,2,3
2022-12-15,3,1,2
2022-12-14,7,2,5
2022-12-14,27,11,16
2022-12-14,21,7,14
2022-12-14,48,16,32
2022-12-14,75,33,42
2022-12-14,173,62,111
2022-12-14,276,51,225
2022-12-14,180,57,123
2022-12-14,110,32,78
2022-12-14,89,33,56
2022-12-14,71,32,39
2022-12-14,62,20,42
2022-12-14,86,35,51
2022-12-14,78,24,54
2022-12-14,164,59,105
2022-12-14,221,85,136
2022-12-14,185,84,101
2022-12-14,54,23,31
2022-12-14,16,5,11
2022-12-14,3,2,1
2022-12-14,0,0,0
2022-12-14,3,2,1
2022-12-14,1,0,1
2022-12-14,4,3,1
2022-12-13,5,1,4
2022-12-13,17,7,10
2022-12-13,38,17,21
2022-12-13,45,10,35
2022-12-13,81,24,57
2022-12-13,150,42,108
2022-12-13,289,55,234
2022-12-13,195,52,143
2022-12-13,123,45,78
2022-12-13,97,35,62
2022-12-13,54,26,28
2022-12-13,59,21,38
2022-12-13,46,11,35
2022-12-13,85,37,48
2022-12-13,162,62,100
2022-12-13,258,102,156
2022-12-13,167,67,100
2022-12-13,70,29,41
2022-12-13,19,5,14
2022-12-13,6,1,5
2022-12-13,0,0,0
2022-12-13,0,0,0
2022-12-13,2,2,0
2022-12-13,3,1,2
2022-12-12,8,3,5
2022-12-12,26,16,10
2022-12-12,27,15,12
2022-12-12,39,12,27
2022-12-12,50,12,38
2022-12-12,139,43,96
2022-12-12,206,44,162
2022-12-12,136,42,94
2022-12-12,119,43,76
2022-12-12,98,40,58
2022-12-12,65,36,29
2022-12-12,61,27,34
2022-12-12,54,24,30
2022-12-12,63,17,46
2022-12-12,100,29,71
2022-12-12,198,68,130
2022-12-12,109,44,65
2022-12-12,63,24,39
2022-12-12,14,4,10
2022-12-12,7,2,5
2022-12-12,1,1,0
2022-12-12,1,0,1
2022-12-12,4,3,1
2022-12-12,2,1,1
2022-12-11,6,3,3
2022-12-11,10,3,7
2022-12-11,15,9,6
2022-12-11,12,5,7
2022-12-11,20,9,11
2022-12-11,34,10,24
2022-12-11,37,13,24
2022-12-11,45,24,21
2022-12-11,63,30,33
2022-12-11,75,35,40
2022-12-11,71,35,36
2022-12-11,62,31,31
2022-12-11,69,35,34
2022-12-11,53,29,24
2022-12-11,34,11,23
2022-12-11,20,7,13
2022-12-11,8,5,3
2022-12-11,9,1,8
2022-12-11,3,1,2
2022-12-11,1,0,1
2022-12-11,0,0,0
2022-12-11,6,2,4
2022-12-11,5,3,2
2022-12-11,7,4,3
2022-12-10,10,6,4
2022-12-10,14,8,6
2022-12-10,9,3,6
2022-12-10,15,6,9
2022-12-10,16,9,7
2022-12-10,16,9,7
2022-12-10,20,13,7
2022-12-10,17,7,10
2022-12-10,29,9,20
2022-12-10,25,12,13
2022-12-10,37,15,22
2022-12-10,25,8,17
2022-12-10,40,21,19
2022-12-10,38,15,23
2022-12-10,26,17,9
2022-12-10,17,5,12
2022-12-10,10,4,6
2022-12-10,7,1,6
2022-12-10,1,0,1
2022-12-10,1,1,0
2022-12-10,3,1,2
2022-12-10,2,2,0
2022-12-10,2,0,2
2022-12-10,4,2,2
2022-12-09,9,5,4
2022-12-09,14,8,6
2022-12-09,19,9,10
2022-12-09,41,33,8
2022-12-09,33,11,22
2022-12-09,65,24,41
2022-12-09,130,29,101
2022-12-09,97,36,61
2022-12-09,74,30,44
2022-12-09,56,18,38
2022-12-09,51,23,28
2022-12-09,54,19,35
2022-12-09,52,24,28
2022-12-09,61,25,36
2022-12-09,100,38,62
2022-12-09,118,51,67
2022-12-09,99,45,54
2022-12-09,37,12,25
2022-12-09,13,2,11
2022-12-09,1,0,1
2022-12-09,1,0,1
2022-12-09,5,3,2
2022-12-09,1,0,1
2022-12-09,6,3,3
2022-12-08,11,7,4
2022-12-08,28,9,19
2022-12-08,29,15,14
2022-12-08,44,19,25
2022-12-08,64,22,42
2022-12-08,123,40,83
2022-12-08,210,52,158
2022-12-08,135,45,90
2022-12-08,90,33,57
2022-12-08,63,25,38
2022-12-08,60,24,36
2022-12-08,41,21,20
2022-12-08,51,22,29
2022-12-08,68,33,35
2022-12-08,125,39,86
2022-12-08,175,60,115
2022-12-08,119,55,64
2022-12-08,46,19,27
2022-12-08,18,5,13
2022-12-08,2,1,1
2022-12-08,1,1,0
2022-12-08,2,0,2
2022-12-08,2,0,2
2022-12-08,4,2,2
2022-12-07,7,3,4
2022-12-07,21,6,15
2022-12-07,32,10,22
2022-12-07,35,14,21
2022-12-07,77,26,51
2022-12-07,148,49,99
2022-12-07,247,58,189
2022-12-07,192,60,132
2022-12-07,125,45,80
2022-12-07,78,27,51
2022-12-07,62,24,38
2022-12-07,78,38,40
2022-12-07,54,21,33
2022-12-07,80,21,59
2022-12-07,140,45,95
2022-12-07,203,71,132
2022-12-07,176,69,107
2022-12-07,58,19,39
2022-12-07,20,8,12
2022-12-07,4,2,2
2022-12-07,0,0,0
2022-12-07,0,0,0
2022-12-07,1,0,1
2022-12-07,5,1,4
2022-12-06,5,3,2
2022-12-06,19,8,11
2022-12-06,26,12,14
2022-12-06,35,9,26
2022-12-06,70,26,44
2022-12-06,136,43,93
2022-12-06,240,68,172
2022-12-06,182,54,128
2022-12-06,94,33,61
2022-12-06,60,25,35
2022-12-06,58,24,34
2022-12-06,49,23,26
2022-12-06,68,38,30
2022-12-06,74,26,48
2022-12-06,131,54,77
2022-12-06,240,98,142
2022-12-06,160,65,95
2022-12-06,47,22,25
2022-12-06,23,8,15
2022-12-06,6,2,4
2022-12-06,3,2,1
2022-12-06,1,1,0
2022-12-06,2,1,1
2022-12-06,10,4,6
2022-12-05,7,7,0
2022-12-05,12,6,6
2022-12-05,19,10,9
2022-12-05,33,10,23
2022-12-05,55,18,37
2022-12-05,113,44,69
2022-12-05,175,51,124
2022-12-05,129,42,87
2022-12-05,99,37,62
2022-12-05,52,26,26
2022-12-05,44,17,27
2022-12-05,43,26,17
2022-12-05,53,23,30
2022-12-05,64,28,36
2022-12-05,94,29,65
2022-12-05,164,61,103
2022-12-05,108,44,64
2022-12-05,43,19,24
2022-12-05,12,4,8
2022-12-05,4,0,4
2022-12-05,0,0,0
2022-12-05,0,0,0
2022-12-05,0,0,0
2022-12-05,1,0,1
2022-12-04,4,2,2
2022-12-04,7,2,5
2022-12-04,8,5,3
2022-12-04,8,5,3
2022-12-04,10,6,4
2022-12-04,13,4,9
2022-12-04,13,5,8
2022-12-04,30,11,19
2022-12-04,24,13,11
2022-12-04,25,11,14
2022-12-04,59,27,32
2022-12-04,34,13,21
2022-12-04,42,15,27
2022-12-04,26,16,10
2022-12-04,29,6,23
2022-12-04,13,8,5
2022-12-04,6,3,3
2022-12-04,8,3,5
2022-12-04,2,1,1
2022-12-04,0,0,0
2022-12-04,0,0,0
2022-12-04,5,2,3
2022-12-04,6,3,3
2022-12-04,3,1,2
2022-12-03,8,4,4
2022-12-03,27,11,16
2022-12-03,7,2,5
2022-12-03,12,8,4
2022-12-03,30,12,18
2022-12-03,32,18,14
2022-12-03,52,19,33
2022-12-03,71,25,46
2022-12-03,105,48,57
2022-12-03,119,56,63
2022-12-03,93,34,59
2022-12-03,71,26,45
2022-12-03,61,23,38
2022-12-03,56,33,23
2022-12-03,35,18,17
2022-12-03,15,8,7
2022-12-03,12,5,7
2022-12-03,7,3,4
2022-12-03,1,1,0
2022-12-03,0,0,0
2022-12-03,1,1,0
2022-12-03,4,2,2
2022-12-03,2,0,2
2022-12-03,2,1,1
2022-12-02,6,3,3
2022-12-02,14,7,7
2022-12-02,9,5,4
2022-12-02,13,9,4
2022-12-02,30,13,17
2022-12-02,55,15,40
2022-12-02,107,31,76
2022-12-02,111,43,68
2022-12-02,49,14,35
2022-12-02,43,18,25
2022-12-02,42,22,20
2022-12-02,33,11,22
2022-12-02,33,11,22
2022-12-02,40,15,25
2022-12-02,61,19,42
2022-12-02,69,28,41
2022-12-02,53,20,33
2022-12-02,20,11,9
2022-12-02,2,0,2
2022-12-02,3,3,0
2022-12-02,2,0,2
2022-12-02,1,1,0
2022-12-02,2,2,0
2022-12-02,3,2,1
2022-12-01,3,2,1
2022-12-01,16,5,11
2022-12-01,7,2,5
2022-12-01,34,15,19
2022-12-01,49,17,32
2022-12-01,109,31,78
2022-12-01,141,48,93
2022-12-01,120,31,89
2022-12-01,78,27,51
2022-12-01,46,21,25
2022-12-01,52,14,38
2022-12-01,54,23,31
2022-12-01,40,14,26
2022-12-01,49,24,25
2022-12-01,95,34,61
2022-12-01,140,57,83
2022-12-01,73,30,43
2022-12-01,32,11,21
2022-12-01,11,2,9
2022-12-01,1,0,1
2022-12-01,1,0,1
2022-12-01,1,0,1
2022-12-01,1,1,0
2022-12-01,2,1,1
2022-11-30,2,2,0
2022-11-30,11,4,7
2022-11-30,10,4,6
2022-11-30,23,9,14
2022-11-30,39,9,30
2022-11-30,87,33,54
2022-11-30,155,41,114
2022-11-30,88,19,69
2022-11-30,67,22,45
2022-11-30,53,23,30
2022-11-30,34,17,17
2022-11-30,33,13,20
2022-11-30,35,14,21
2022-11-30,44,14,30
2022-11-30,115,38,77
2022-11-30,161,67,94
2022-11-30,97,34,63
2022-11-30,32,15,17
2022-11-30,7,0,7
2022-11-30,5,3,2
2022-11-30,0,0,0
2022-11-30,0,0,0
2022-11-30,0,0,0
2022-11-30,2,0,2
2022-11-29,3,1,2
2022-11-29,7,5,2
2022-11-29,9,5,4
2022-11-29,12,5,7
2022-11-29,27,7,20
2022-11-29,57,15,42
2022-11-29,108,21,87
2022-11-29,101,38,63
2022-11-29,63,25,38
2022-11-29,21,10,11
2022-11-29,33,19,14
2022-11-29,22,5,17
2022-11-29,24,8,16
2022-11-29,34,10,24
2022-11-29,58,25,33
2022-11-29,126,47,79
2022-11-29,107,38,69
2022-11-29,46,18,28
2022-11-29,11,3,8
2022-11-29,7,2,5
2022-11-29,0,0,0
2022-11-29,1,0,1
2022-11-29,1,0,1
2022-11-29,4,2,2
2022-11-28,6,3,3
2022-11-28,13,4,9
2022-11-28,17,8,9
2022-11-28,30,12,18
2022-11-28,62,23,39
2022-11-28,124,47,77
2022-11-28,192,66,126
2022-11-28,158,40,118
2022-11-28,87,33,54
2022-11-28,66,23,43
2022-11-28,56,16,40
2022-11-28,47,20,27
2022-11-28,47,22,25
2022-11-28,54,18,36
2022-11-28,108,37,71
2022-11-28,193,71,122
2022-11-28,106,45,61
2022-11-28,55,26,29
2022-11-28,14,6,8
2022-11-28,6,2,4
2022-11-28,0,0,0
2022-11-28,0,0,0
2022-11-28,3,1,2
2022-11-28,7,2,5
2022-11-27,2,1,1
2022-11-27,10,4,6
2022-11-27,15,7,8
2022-11-27,15,8,7
2022-11-27,24,8,16
2022-11-27,32,9,23
2022-11-27,40,14,26
2022-11-27,62,30,32
2022-11-27,121,59,62
2022-11-27,131,73,58
2022-11-27,138,74,64
2022-11-27,125,49,76
2022-11-27,109,56,53
2022-11-27,63,36,27
2022-11-27,48,27,21
2022-11-27,34,19,15
2022-11-27,6,3,3
2022-11-27,6,2,4
2022-11-27,2,1,1
2022-11-27,2,1,1
2022-11-27,0,0,0
2022-11-27,0,0,0
2022-11-27,4,2,2
2022-11-27,1,0,1
2022-11-26,16,8,8
2022-11-26,12,2,10
2022-11-26,19,6,13
2022-11-26,14,8,6
2022-11-26,25,6,19
2022-11-26,28,13,15
2022-11-26,42,21,21
2022-11-26,57,32,25
2022-11-26,94,39,55
2022-11-26,114,56,58
2022-11-26,107,50,57
2022-11-26,89,48,41
2022-11-26,65,31,34
2022-11-26,59,22,37
2022-11-26,45,16,29
2022-11-26,26,12,14
2022-11-26,11,6,5
2022-11-26,9,2,7
2022-11-26,2,0,2
2022-11-26,2,0,2
2022-11-26,0,0,0
2022-11-26,6,3,3
2022-11-26,1,1,0
2022-11-26,7,2,5
2022-11-25,10,5,5
2022-11-25,17,5,12
2022-11-25,10,6,4
2022-11-25,12,4,8
2022-11-25,25,9,16
2022-11-25,21,6,15
2022-11-25,32,11,21
2022-11-25,21,6,15
2022-11-25,22,11,11
2022-11-25,11,3,8
2022-11-25,14,7,7
2022-11-25,16,6,10
2022-11-25,12,6,6
2022-11-25,17,10,7
2022-11-25,12,5,7
2022-11-25,16,7,9
2022-11-25,20,9,11
2022-11-25,5,3,2
2022-11-25,2,1,1
2022-11-25,2,0,2
2022-11-25,2,0,2
2022-11-25,3,1,2
2022-11-25,2,2,0
2022-11-25,5,3,2
2022-11-24,5,2,3
2022-11-24,10,3,7
2022-11-24,18,13,5
2022-11-24,17,7,10
2022-11-24,5,2,3
2022-11-24,14,6,8
2022-11-24,20,9,11
2022-11-24,48,17,31
2022-11-24,68,22,46
2022-11-24,98,39,59
2022-11-24,132,60,72
2022-11-24,107,49,58
2022-11-24,99,43,56
2022-11-24,65,25,40
2022-11-24,33,14,19
2022-11-24,25,16,9
2022-11-24,10,6,4
2022-11-24,7,4,3
2022-11-24,5,4,1
2022-11-24,3,1,2
2022-11-24,0,0,0
2022-11-24,3,3,0
2022-11-24,4,4,0
2022-11-24,9,2,7
2022-11-23,12,6,6
2022-11-23,12,3,9
2022-11-23,25,14,11
2022-11-23,26,11,15
2022-11-23,40,17,23
2022-11-23,86,36,50
2022-11-23,126,38,88
2022-11-23,145,46,99
2022-11-23,154,56,98
2022-11-23,139,58,81
2022-11-23,132,57,75
2022-11-23,88,28,60
2022-11-23,77,33,44
2022-11-23,77,36,41
2022-11-23,114,43,71
2022-11-23,146,64,82
2022-11-23,96,45,51
2022-11-23,46,18,28
2022-11-23,10,4,6
2022-11-23,4,2,2
2022-11-23,2,2,0
2022-11-23,4,2,2
2022-11-23,2,0,2
2022-11-23,4,1,3
2022-11-22,10,1,9
2022-11-22,20,13,7
2022-11-22,21,9,12
2022-11-22,19,5,14
2022-11-22,48,19,29
2022-11-22,105,31,74
2022-11-22,162,37,125
2022-11-22,121,44,77
2022-11-22,43,16,27
2022-11-22,23,6,17
2022-11-22,27,10,17
2022-11-22,21,11,10
2022-11-22,24,11,13
2022-11-22,29,14,15
2022-11-22,87,34,53
2022-11-22,126,53,73
2022-11-22,91,30,61
2022-11-22,47,19,28
2022-11-22,15,6,9
2022-11-22,9,3,6
2022-11-22,0,0,0
2022-11-22,2,2,0
2022-11-22,3,3,0
2022-11-22,8,5,3
2022-11-21,7,4,3
2022-11-21,12,7,5
2022-11-21,30,12,18
2022-11-21,38,17,21
2022-11-21,68,21,47
2022-11-21,133,48,85
2022-11-21,251,67,184
2022-11-21,198,69,129
2022-11-21,130,51,79
2022-11-21,94,30,64
2022-11-21,75,32,43
2022-11-21,58,30,28
2022-11-21,65,38,27
2022-11-21,77,26,51
2022-11-21,142,53,89
2022-11-21,221,75,146
2022-11-21,139,61,78
2022-11-21,61,28,33
2022-11-21,21,7,14
2022-11-21,7,2,5
2022-11-21,0,0,0
2022-11-21,1,1,0
2022-11-21,2,1,1
2022-11-21,1,0,1
2022-11-20,7,1,6
2022-11-20,14,9,5
2022-11-20,14,6,8
2022-11-20,14,7,7
2022-11-20,39,16,23
2022-11-20,38,18,20
2022-11-20,72,34,38
2022-11-20,113,55,58
2022-11-20,158,91,67
2022-11-20,176,90,86
2022-11-20,178,84,94
2022-11-20,165,101,64
2022-11-20,107,43,64
2022-11-20,87,31,56
2022-11-20,76,25,51
2022-11-20,39,16,23
2022-11-20,11,5,6
2022-11-20,10,4,6
2022-11-20,6,1,5
2022-11-20,1,0,1
2022-11-20,0,0,0
2022-11-20,4,1,3
2022-11-20,15,7,8
2022-11-20,10,5,5
2022-11-19,13,4,9
2022-11-19,31,4,27
2022-11-19,43,23,20
2022-11-19,24,18,6
2022-11-19,47,19,28
2022-11-19,45,17,28
2022-11-19,73,30,43
2022-11-19,166,81,85
2022-11-19,187,84,103
2022-11-19,183,86,97
2022-11-19,194,107,87
2022-11-19,167,78,89
2022-11-19,146,58,88
2022-11-19,162,50,112
2022-11-19,86,38,48
2022-11-19,52,20,32
2022-11-19,20,7,13
2022-11-19,15,3,12
2022-11-19,7,5,2
2022-11-19,2,0,2
2022-11-19,2,1,1
2022-11-19,5,2,3
2022-11-19,7,3,4
2022-11-19,19,4,15
2022-11-18,18,7,11
2022-11-18,15,4,11
2022-11-18,24,17,7
2022-11-18,40,13,27
2022-11-18,63,19,44
2022-11-18,122,31,91
2022-11-18,206,64,142
2022-11-18,198,58,140
2022-11-18,163,66,97
2022-11-18,137,60,77
2022-11-18,127,58,69
2022-11-18,100,44,56
2022-11-18,96,44,52
2022-11-18,83,34,49
2022-11-18,128,45,83
2022-11-18,183,83,100
2022-11-18,123,54,69
2022-11-18,47,19,28
2022-11-18,14,6,8
2022-11-18,8,5,3
2022-11-18,3,1,2
2022-11-18,1,0,1
2022-11-18,3,2,1
2022-11-18,10,3,7
2022-11-17,15,6,9
2022-11-17,33,10,23
2022-11-17,33,16,17
2022-11-17,43,19,24
2022-11-17,81,19,62
2022-11-17,203,56,147
2022-11-17,320,81,239
2022-11-17,281,93,188
2022-11-17,186,71,115
2022-11-17,117,52,65
2022-11-17,114,47,67
2022-11-17,91,38,53
2022-11-17,78,45,33
2022-11-17,103,52,51
2022-11-17,177,60,117
2022-11-17,310,135,175
2022-11-17,192,78,114
2022-11-17,71,30,41
2022-11-17,21,10,11
2022-11-17,8,3,5
2022-11-17,3,1,2
2022-11-17,1,1,0
2022-11-17,3,2,1
2022-11-17,6,2,4
2022-11-16,19,4,15
2022-11-16,25,6,19
2022-11-16,36,15,21
2022-11-16,56,22,34
2022-11-16,87,33,54
2022-11-16,199,68,131
2022-11-16,330,80,250
2022-11-16,271,75,196
2022-11-16,154,61,93
2022-11-16,144,65,79
2022-11-16,111,56,55
2022-11-16,95,47,48
2022-11-16,87,35,52
2022-11-16,83,31,52
2022-11-16,198,63,135
2022-11-16,281,112,169
2022-11-16,202,89,113
2022-11-16,78,38,40
2022-11-16,14,6,8
2022-11-16,8,2,6
2022-11-16,0,0,0
2022-11-16,1,0,1
2022-11-16,4,3,1
2022-11-16,7,1,6
2022-11-15,13,4,9
2022-11-15,17,4,13
2022-11-15,35,19,16
2022-11-15,51,19,32
2022-11-15,95,39,56
2022-11-15,190,42,148
2022-11-15,379,90,289
2022-11-15,300,94,206
2022-11-15,184,81,103
2022-11-15,125,47,78
2022-11-15,109,48,61
2022-11-15,78,38,40
2022-11-15,106,48,58
2022-11-15,107,56,51
2022-11-15,181,63,118
2022-11-15,341,149,192
2022-11-15,232,97,135
2022-11-15,79,40,39
2022-11-15,22,11,11
2022-11-15,9,2,7
2022-11-15,1,1,0
2022-11-15,1,1,0
2022-11-15,0,0,0
2022-11-15,8,3,5
2022-11-14,18,9,9
2022-11-14,17,4,13
2022-11-14,35,13,22
2022-11-14,57,22,35
2022-11-14,91,32,59
2022-11-14,166,40,126
2022-11-14,306,82,224
2022-11-14,263,92,171
2022-11-14,161,68,93
2022-11-14,115,58,57
2022-11-14,83,45,38
2022-11-14,92,33,59
2022-11-14,76,43,33
2022-11-14,81,31,50
2022-11-14,149,59,90
2022-11-14,289,116,173
2022-11-14,185,76,109
2022-11-14,70,37,33
2022-11-14,31,11,20
2022-11-14,6,2,4
2022-11-14,0,0,0
2022-11-14,1,1,0
2022-11-14,0,0,0
2022-11-14,2,1,1
2022-11-13,7,7,0
2022-11-13,4,1,3
2022-11-13,32,13,19
2022-11-13,36,15,21
2022-11-13,19,11,8
2022-11-13,36,16,20
2022-11-13,50,23,27
2022-11-13,149,48,101
2022-11-13,163,64,99
2022-11-13,181,92,89
2022-11-13,113,62,51
2022-11-13,127,56,71
2022-11-13,103,43,60
2022-11-13,108,48,60
2022-11-13,57,30,27
2022-11-13,57,25,32
2022-11-13,15,9,6
2022-11-13,14,5,9
2022-11-13,2,1,1
2022-11-13,1,0,1
2022-11-13,1,0,1
2022-11-13,6,0,6
2022-11-13,9,5,4
2022-11-13,7,4,3
2022-11-12,24,8,16
2022-11-12,31,13,18
2022-11-12,29,7,22
2022-11-12,24,11,13
2022-11-12,62,8,54
2022-11-12,54,30,24
2022-11-12,66,20,46
2022-11-12,171,76,95
2022-11-12,221,90,131
2022-11-12,229,106,123
2022-11-12,192,97,95
2022-11-12,185,106,79
2022-11-12,158,75,83
2022-11-12,111,40,71
2022-11-12,86,33,53
2022-11-12,69,23,46
2022-11-12,33,14,19
2022-11-12,10,3,7
2022-11-12,1,1,0
2022-11-12,6,5,1
2022-11-12,4,3,1
2022-11-12,3,0,3
2022-11-12,6,2,4
2022-11-12,19,4,15
2022-11-11,27,13,14
2022-11-11,35,17,18
2022-11-11,30,9,21
2022-11-11,26,8,18
2022-11-11,56,25,31
2022-11-11,96,36,60
2022-11-11,159,46,113
2022-11-11,148,55,93
2022-11-11,128,49,79
2022-11-11,90,36,54
2022-11-11,111,59,52
2022-11-11,100,54,46
2022-11-11,77,46,31
2022-11-11,62,38,24
2022-11-11,87,37,50
2022-11-11,132,42,90
2022-11-11,82,33,49
2022-11-11,33,16,17
2022-11-11,13,2,11
2022-11-11,3,1,2
2022-11-11,3,2,1
2022-11-11,4,1,3
2022-11-11,3,1,2
2022-11-11,6,4,2
2022-11-10,18,10,8
2022-11-10,23,5,18
2022-11-10,28,10,18
2022-11-10,51,17,34
2022-11-10,82,24,58
2022-11-10,177,50,127
2022-11-10,297,85,212
2022-11-10,236,75,161
2022-11-10,142,47,95
2022-11-10,89,33,56
2022-11-10,89,43,46
2022-11-10,95,37,58
2022-11-10,78,41,37
2022-11-10,77,27,50
2022-11-10,175,78,97
2022-11-10,276,106,170
2022-11-10,184,73,111
2022-11-10,68,32,36
2022-11-10,20,9,11
2022-11-10,5,2,3
2022-11-10,1,0,1
2022-11-10,0,0,0
2022-11-10,2,1,1
2022-11-10,6,4,2
2022-11-09,20,5,15
2022-11-09,28,11,17
2022-11-09,34,16,18
2022-11-09,62,25,37
2022-11-09,83,37,46
2022-11-09,182,43,139
2022-11-09,329,84,245
2022-11-09,274,88,186
2022-11-09,143,62,81
2022-11-09,112,44,68
2022-11-09,93,42,51
2022-11-09,68,31,37
2022-11-09,78,36,42
2022-11-09,98,33,65
2022-11-09,172,59,113
2022-11-09,280,122,158
2022-11-09,188,74,114
2022-11-09,70,31,39
2022-11-09,13,4,9
2022-11-09,6,1,5
2022-11-09,1,0,1
2022-11-09,2,1,1
2022-11-09,0,0,0
2022-11-09,8,3,5
2022-11-08,5,2,3
2022-11-08,21,7,14
2022-11-08,32,17,15
2022-11-08,32,9,23
2022-11-08,78,27,51
2022-11-08,171,45,126
2022-11-08,356,98,258
2022-11-08,281,76,205
2022-11-08,155,63,92
2022-11-08,103,36,67
2022-11-08,78,31,47
2022-11-08,81,41,40
2022-11-08,66,29,37
2022-11-08,114,42,72
2022-11-08,167,55,112
2022-11-08,327,139,188
2022-11-08,204,82,122
2022-11-08,78,41,37
2022-11-08,18,5,13
2022-11-08,6,3,3
2022-11-08,1,0,1
2022-11-08,0,0,0
2022-11-08,1,0,1
2022-11-08,2,2,0
2022-11-07,8,5,3
2022-11-07,9,2,7
2022-11-07,28,10,18
2022-11-07,28,8,20
2022-11-07,55,19,36
2022-11-07,110,39,71
2022-11-07,204,50,154
2022-11-07,141,49,92
2022-11-07,99,36,63
2022-11-07,67,32,35
2022-11-07,52,21,31
2022-11-07,46,29,17
2022-11-07,26,9,17
2022-11-07,34,14,20
2022-11-07,104,36,68
2022-11-07,223,96,127
2022-11-07,158,71,87
2022-11-07,65,31,34
2022-11-07,16,4,12
2022-11-07,8,4,4
2022-11-07,0,0,0
2022-11-07,1,0,1
2022-11-07,1,0,1
2022-11-07,1,0,1
2022-11-06,7,3,4
2022-11-06,4,1,3
2022-11-06,16,2,14
2022-11-06,19,9,10
2022-11-06,15,7,8
2022-11-06,31,10,21
2022-11-06,52,25,27
2022-11-06,84,45,39
2022-11-06,57,19,38
2022-11-06,90,42,48
2022-11-06,92,34,58
2022-11-06,68,26,42
2022-11-06,65,24,41
2022-11-06,57,20,37
2022-11-06,34,15,19
2022-11-06,17,9,8
2022-11-06,10,6,4
2022-11-06,3,1,2
2022-11-06,1,0,1
2022-11-06,0,0,0
2022-11-06,0,0,0
2022-11-06,1,0,1
2022-11-06,5,1,4
2022-11-06,20,9,11
2022-11-05,21,10,11
2022-11-05,27,12,15
2022-11-05,33,11,22
2022-11-05,44,11,33
2022-11-05,79,27,52
2022-11-05,102,42,60
2022-11-05,154,72,82
2022-11-05,215,79,136
2022-11-05,168,94,74
2022-11-05,184,78,106
2022-11-05,222,100,122
2022-11-05,219,105,114
2022-11-05,183,94,89
2022-11-05,139,63,76
2022-11-05,78,31,47
2022-11-05,70,33,37
2022-11-05,28,8,20
2022-11-05,15,8,7
2022-11-05,2,1,1
2022-11-05,2,2,0
2022-11-05,4,4,0
2022-11-05,2,1,1
2022-11-05,11,5,6
2022-11-05,18,11,7
2022-11-04,35,19,16
2022-11-04,25,14,11
2022-11-04,39,23,16
2022-11-04,28,16,12
2022-11-04,71,30,41
2022-11-04,104,49,55
2022-11-04,186,54,132
2022-11-04,127,35,92
2022-11-04,88,42,46
2022-11-04,62,32,30
2022-11-04,51,19,32
2022-11-04,48,17,31
2022-11-04,38,18,20
2022-11-04,52,15,37
2022-11-04,111,31,80
2022-11-04,150,65,85
2022-11-04,100,45,55
2022-11-04,34,13,21
2022-11-04,9,2,7
2022-11-04,6,3,3
2022-11-04,1,1,0
2022-11-04,5,5,0
2022-11-04,0,0,0
2022-11-04,5,4,1
2022-11-03,10,5,5
2022-11-03,18,9,9
2022-11-03,24,9,15
2022-11-03,43,20,23
2022-11-03,60,22,38
2022-11-03,152,36,116
2022-11-03,229,55,174
2022-11-03,154,44,110
2022-11-03,97,34,63
2022-11-03,37,12,25
2022-11-03,50,24,26
2022-11-03,59,27,32
2022-11-03,75,36,39
2022-11-03,88,32,56
2022-11-03,176,64,112
2022-11-03,258,125,133
2022-11-03,162,65,97
2022-11-03,61,33,28
2022-11-03,20,9,11
2022-11-03,5,3,2
2022-11-03,0,0,0
2022-11-03,0,0,0
2022-11-03,3,3,0
2022-11-03,3,1,2
2022-11-02,22,10,12
2022-11-02,33,13,20
2022-11-02,38,19,19
2022-11-02,56,18,38
2022-11-02,94,29,65
2022-11-02,234,74,160
2022-11-02,416,113,303
2022-11-02,229,77,152
2022-11-02,107,51,56
2022-11-02,90,33,57
2022-11-02,55,26,29
2022-11-02,58,23,35
2022-11-02,47,18,29
2022-11-02,83,33,50
2022-11-02,183,61,122
2022-11-02,317,131,186
2022-11-02,193,101,92
2022-11-02,68,32,36
2022-11-02,14,3,11
2022-11-02,5,1,4
2022-11-02,0,0,0
2022-11-02,1,0,1
2022-11-02,2,1,1
2022-11-02,6,4,2
2022-11-01,16,8,8
2022-11-01,24,5,19
2022-11-01,39,19,20
2022-11-01,59,23,36
2022-11-01,93,33,60
2022-11-01,264,107,157
2022-11-01,496,141,355
2022-11-01,305,121,184
2022-11-01,187,75,112
2022-11-01,91,46,45
2022-11-01,81,40,41
2022-11-01,91,50,41
2022-11-01,73,40,33
2022-11-01,120,45,75
2022-11-01,218,80,138
2022-11-01,329,119,210
2022-11-01,228,97,131
2022-11-01,83,46,37
2022-11-01,28,11,17
2022-11-01,6,1,5
2022-11-01,2,2,0
2022-11-01,1,0,1
2022-11-01,5,3,2
2022-11-01,7,3,4
2022-10-31,10,5,5
2022-10-31,19,3,16
2022-10-31,54,24,30
2022-10-31,32,13,19
2022-10-31,61,20,41
2022-10-31,125,50,75
2022-10-31,248,71,177
2022-10-31,200,57,143
2022-10-31,96,31,65
2022-10-31,79,34,45
2022-10-31,61,31,30
2022-10-31,58,27,31
2022-10-31,46,21,25
2022-10-31,73,28,45
2022-10-31,125,50,75
2022-10-31,196,83,113
2022-10-31,151,65,86
2022-10-31,47,20,27
2022-10-31,14,5,9
2022-10-31,3,1,2
2022-10-31,0,0,0
2022-10-31,2,1,1
2022-10-31,2,1,1
2022-10-31,2,1,1
2022-10-30,3,0,3
2022-10-30,8,3,5
2022-10-30,14,9,5
2022-10-30,16,7,9
2022-10-30,25,9,16
2022-10-30,36,14,22
2022-10-30,49,20,29
2022-10-30,40,14,26
2022-10-30,63,37,26
2022-10-30,59,23,36
2022-10-30,62,24,38
2022-10-30,87,39,48
2022-10-30,80,35,45
2022-10-30,51,25,26
2022-10-30,41,16,25
2022-10-30,21,6,15
2022-10-30,13,5,8
2022-10-30,7,1,6
2022-10-30,1,0,1
2022-10-30,2,1,1
2022-10-30,1,0,1
2022-10-30,15,3,12
2022-10-30,20,8,12
2022-10-30,14,4,10
2022-10-29,31,15,16
2022-10-29,30,6,24
2022-10-29,75,13,62
2022-10-29,36,23,13
2022-10-29,94,23,71
2022-10-29,68,33,35
2022-10-29,167,72,95
2022-10-29,188,99,89
2022-10-29,237,130,107
2022-10-29,238,120,118
2022-10-29,211,87,124
2022-10-29,155,82,73
2022-10-29,150,64,86
2022-10-29,100,46,54
2022-10-29,76,28,48
2022-10-29,54,23,31
2022-10-29,28,10,18
2022-10-29,16,6,10
2022-10-29,1,0,1
2022-10-29,0,0,0
2022-10-29,2,0,2
2022-10-29,3,2,1
2022-10-29,2,1,1
2022-10-29,1,1,0
2022-10-28,27,6,21
2022-10-28,35,22,13
2022-10-28,42,20,22
2022-10-28,48,27,21
2022-10-28,81,30,51
2022-10-28,187,70,117
2022-10-28,255,82,173
2022-10-28,263,88,175
2022-10-28,153,72,81
2022-10-28,102,46,56
2022-10-28,91,36,55
2022-10-28,73,38,35
2022-10-28,71,37,34
2022-10-28,62,21,41
2022-10-28,114,43,71
2022-10-28,164,78,86
2022-10-28,98,40,58
2022-10-28,38,18,20
2022-10-28,14,4,10
2022-10-28,4,3,1
2022-10-28,0,0,0
2022-10-28,0,0,0
2022-10-28,7,3,4
2022-10-28,10,3,7
2022-10-27,16,8,8
2022-10-27,32,14,18
2022-10-27,29,16,13
2022-10-27,53,24,29
2022-10-27,118,34,84
2022-10-27,229,81,148
2022-10-27,349,94,255
2022-10-27,224,78,146
2022-10-27,153,63,90
2022-10-27,79,27,52
2022-10-27,74,37,37
2022-10-27,79,38,41
2022-10-27,82,38,44
2022-10-27,103,44,59
2022-10-27,176,79,97
2022-10-27,290,117,173
2022-10-27,188,80,108
2022-10-27,75,32,43
2022-10-27,24,7,17
2022-10-27,7,2,5
2022-10-27,4,2,2
2022-10-27,1,1,0
2022-10-27,4,1,3
2022-10-27,6,5,1
2022-10-26,20,8,12
2022-10-26,26,11,15
2022-10-26,37,15,22
2022-10-26,55,26,29
2022-10-26,97,42,55
2022-10-26,213,76,137
2022-10-26,397,116,281
2022-10-26,280,98,182
2022-10-26,175,66,109
2022-10-26,95,43,52
2022-10-26,83,32,51
2022-10-26,91,43,48
2022-10-26,94,45,49
2022-10-26,89,36,53
2022-10-26,193,82,111
2022-10-26,311,132,179
2022-10-26,186,87,99
2022-10-26,82,42,40
2022-10-26,13,6,7
2022-10-26,6,4,2
2022-10-26,1,1,0
2022-10-26,0,0,0
2022-10-26,1,0,1
2022-10-26,0,0,0
2022-10-25,15,6,9
2022-10-25,26,7,19
2022-10-25,26,11,15
2022-10-25,39,11,28
2022-10-25,82,29,53
2022-10-25,150,45,105
2022-10-25,301,72,229
2022-10-25,198,69,129
2022-10-25,100,40,60
2022-10-25,52,24,28
2022-10-25,48,26,22
2022-10-25,66,28,38
2022-10-25,61,27,34
2022-10-25,85,35,50
2022-10-25,173,76,97
2022-10-25,300,110,190
2022-10-25,189,78,111
2022-10-25,83,39,44
2022-10-25,27,12,15
2022-10-25,8,3,5
2022-10-25,2,1,1
2022-10-25,0,0,0
2022-10-25,4,0,4
2022-10-25,4,3,1
2022-10-24,15,7,8
2022-10-24,17,5,12
2022-10-24,28,9,19
2022-10-24,55,14,41
2022-10-24,67,31,36
2022-10-24,167,59,108
2022-10-24,297,103,194
2022-10-24,193,68,125
2022-10-24,123,50,73
2022-10-24,59,27,32
2022-10-24,50,27,23
2022-10-24,53,24,29
2022-10-24,45,21,24
2022-10-24,65,20,45
2022-10-24,108,57,51
2022-10-24,238,87,151
2022-10-24,143,68,75
2022-10-24,62,27,35
2022-10-24,11,5,6
2022-10-24,3,1,2
2022-10-24,3,3,0
2022-10-24,1,0,1
2022-10-24,1,0,1
2022-10-24,3,0,3
2022-10-23,6,4,2
2022-10-23,13,6,7
2022-10-23,18,6,12
2022-10-23,32,18,14
2022-10-23,57,22,35
2022-10-23,100,38,62
2022-10-23,142,72,70
2022-10-23,178,71,107
2022-10-23,206,94,112
2022-10-23,160,86,74
2022-10-23,169,77,92
2022-10-23,163,77,86
2022-10-23,131,69,62
2022-10-23,102,47,55
2022-10-23,72,33,39
2022-10-23,40,14,26
2022-10-23,19,8,11
2022-10-23,15,8,7
2022-10-23,3,1,2
2022-10-23,5,3,2
2022-10-23,1,0,1
2022-10-23,2,0,2
2022-10-23,12,4,8
2022-10-23,10,6,4
2022-10-22,16,6,10
2022-10-22,10,5,5
2022-10-22,24,4,20
2022-10-22,20,8,12
2022-10-22,39,20,19
2022-10-22,64,30,34
2022-10-22,58,26,32
2022-10-22,51,23,28
2022-10-22,67,32,35
2022-10-22,73,29,44
2022-10-22,75,36,39
2022-10-22,91,40,51
2022-10-22,61,20,41
2022-10-22,67,36,31
2022-10-22,37,15,22
2022-10-22,37,18,19
2022-10-22,23,5,18
2022-10-22,15,5,10
2022-10-22,1,1,0
2022-10-22,2,1,1
2022-10-22,1,1,0
2022-10-22,4,0,4
2022-10-22,1,1,0
2022-10-22,8,5,3
2022-10-21,16,7,9
2022-10-21,15,11,4
2022-10-21,20,12,8
2022-10-21,16,5,11
2022-10-21,45,22,23
2022-10-21,109,35,74
2022-10-21,172,50,122
2022-10-21,144,51,93
2022-10-21,101,51,50
2022-10-21,83,32,51
2022-10-21,59,25,34
2022-10-21,50,22,28
2022-10-21,48,16,32
2022-10-21,58,25,33
2022-10-21,117,47,70
2022-10-21,176,78,98
2022-10-21,120,56,64
2022-10-21,60,20,40
2022-10-21,20,10,10
2022-10-21,9,7,2
2022-10-21,5,3,2
2022-10-21,1,0,1
2022-10-21,5,3,2
2022-10-21,11,5,6
2022-10-20,12,8,4
2022-10-20,18,7,11
2022-10-20,31,12,19
2022-10-20,47,17,30
2022-10-20,82,37,45
2022-10-20,136,48,88
2022-10-20,213,72,141
2022-10-20,134,39,95
2022-10-20,100,47,53
2022-10-20,61,32,29
2022-10-20,41,16,25
2022-10-20,47,22,25
2022-10-20,51,27,24
2022-10-20,57,23,34
2022-10-20,117,44,73
2022-10-20,169,78,91
2022-10-20,119,43,76
2022-10-20,44,20,24
2022-10-20,23,9,14
2022-10-20,5,3,2
2022-10-20,4,3,1
2022-10-20,2,0,2
2022-10-20,1,0,1
2022-10-20,7,2,5
2022-10-19,19,9,10
2022-10-19,28,9,19
2022-10-19,36,18,18
2022-10-19,38,19,19
2022-10-19,94,33,61
2022-10-19,159,63,96
2022-10-19,332,92,240
2022-10-19,224,71,153
2022-10-19,137,52,85
2022-10-19,79,22,57
2022-10-19,73,33,40
2022-10-19,55,29,26
2022-10-19,66,28,38
2022-10-19,84,37,47
2022-10-19,163,45,118
2022-10-19,282,101,181
2022-10-19,214,87,127
2022-10-19,92,39,53
2022-10-19,27,13,14
2022-10-19,9,5,4
2022-10-19,1,1,0
2022-10-19,2,0,2
2022-10-19,4,3,1
2022-10-19,7,1,6
2022-10-18,16,4,12
2022-10-18,27,9,18
2022-10-18,52,21,31
2022-10-18,73,34,39
2022-10-18,114,50,64
2022-10-18,294,86,208
2022-10-18,506,138,368
2022-10-18,315,107,208
2022-10-18,196,75,121
2022-10-18,114,50,64
2022-10-18,95,46,49
2022-10-18,102,48,54
2022-10-18,84,31,53
2022-10-18,114,50,64
2022-10-18,210,75,135
2022-10-18,390,145,245
2022-10-18,271,108,163
2022-10-18,113,47,66
2022-10-18,25,11,14
2022-10-18,11,3,8
2022-10-18,3,3,0
2022-10-18,1,0,1
2022-10-18,2,0,2
2022-10-18,6,3,3
2022-10-17,23,9,14
2022-10-17,39,13,26
2022-10-17,39,13,26
2022-10-17,82,28,54
2022-10-17,116,43,73
2022-10-17,280,109,171
2022-10-17,495,174,321
2022-10-17,278,93,185
2022-10-17,190,72,118
2022-10-17,126,50,76
2022-10-17,111,51,60
2022-10-17,126,67,59
2022-10-17,97,53,44
2022-10-17,115,51,64
2022-10-17,186,76,110
2022-10-17,313,120,193
2022-10-17,208,90,118
2022-10-17,93,44,49
2022-10-17,25,11,14
2022-10-17,4,2,2
2022-10-17,2,2,0
2022-10-17,2,0,2
2022-10-17,8,5,3
2022-10-17,5,3,2
2022-10-16,13,4,9
2022-10-16,20,9,11
2022-10-16,38,21,17
2022-10-16,43,29,14
2022-10-16,85,32,53
2022-10-16,142,65,77
2022-10-16,151,63,88
2022-10-16,218,106,112
2022-10-16,161,65,96
2022-10-16,225,89,136
2022-10-16,212,75,137
2022-10-16,165,73,92
2022-10-16,140,52,88
2022-10-16,117,50,67
2022-10-16,102,56,46
2022-10-16,43,23,20
2022-10-16,18,8,10
2022-10-16,12,6,6
2022-10-16,1,0,1
2022-10-16,3,1,2
2022-10-16,2,0,2
2022-10-16,4,3,1
2022-10-16,6,2,4
2022-10-16,16,6,10
2022-10-15,32,16,16
2022-10-15,35,15,20
2022-10-15,99,24,75
2022-10-15,78,30,48
2022-10-15,109,40,69
2022-10-15,91,47,44
2022-10-15,138,61,77
2022-10-15,108,50,58
2022-10-15,134,67,67
2022-10-15,145,60,85
2022-10-15,132,50,82
2022-10-15,155,74,81
2022-10-15,156,70,86
2022-10-15,92,38,54
2022-10-15,78,36,42
2022-10-15,85,35,50
2022-10-15,39,9,30
2022-10-15,20,6,14
2022-10-15,5,3,2
2022-10-15,0,0,0
2022-10-15,3,1,2
2022-10-15,14,8,6
2022-10-15,9,1,8
2022-10-15,31,11,20
2022-10-14,30,10,20
2022-10-14,39,22,17
2022-10-14,49,24,25
2022-10-14,63,26,37
2022-10-14,112,48,64
2022-10-14,210,76,134
2022-10-14,311,103,208
2022-10-14,281,116,165
2022-10-14,220,95,125
2022-10-14,149,63,86
2022-10-14,134,60,74
2022-10-14,113,63,50
2022-10-14,102,50,52
2022-10-14,91,45,46
2022-10-14,152,71,81
2022-10-14,214,86,128
2022-10-14,161,64,97
2022-10-14,53,18,35
2022-10-14,14,4,10
2022-10-14,7,3,4
2022-10-14,3,1,2
2022-10-14,3,2,1
2022-10-14,9,5,4
2022-10-14,7,4,3
2022-10-13,23,7,16
2022-10-13,39,7,32
2022-10-13,48,17,31
2022-10-13,78,23,55
2022-10-13,148,54,94
2022-10-13,338,124,214
2022-10-13,490,143,347
2022-10-13,330,104,226
2022-10-13,194,75,119
2022-10-13,141,62,79
2022-10-13,116,54,62
2022-10-13,107,45,62
2022-10-13,121,50,71
2022-10-13,130,46,84
2022-10-13,229,92,137
2022-10-13,371,150,221
2022-10-13,233,90,143
2022-10-13,94,38,56
2022-10-13,32,18,14
2022-10-13,10,4,6
2022-10-13,2,2,0
2022-10-13,2,1,1
2022-10-13,5,1,4
2022-10-13,13,3,10
2022-10-12,20,8,12
2022-10-12,37,13,24
2022-10-12,59,19,40
2022-10-12,92,39,53
2022-10-12,134,50,84
2022-10-12,363,139,224
2022-10-12,565,166,399
2022-10-12,334,118,216
2022-10-12,221,85,136
2022-10-12,176,60,116
2022-10-12,147,70,77
2022-10-12,120,63,57
2022-10-12,112,48,64
2022-10-12,135,48,87
2022-10-12,254,95,159
2022-10-12,425,180,245
2022-10-12,278,139,139
2022-10-12,111,42,69
2022-10-12,17,7,10
2022-10-12,9,4,5
2022-10-12,1,1,0
2022-10-12,2,1,1
2022-10-12,3,3,0
2022-10-12,7,3,4
2022-10-11,21,10,11
2022-10-11,24,13,11
2022-10-11,62,18,44
2022-10-11,86,22,64
2022-10-11,151,48,103
2022-10-11,408,153,255
2022-10-11,620,188,432
2022-10-11,342,111,231
2022-10-11,206,86,120
2022-10-11,142,60,82
2022-10-11,124,54,70
2022-10-11,111,56,55
2022-10-11,111,51,60
2022-10-11,128,42,86
2022-10-11,227,83,144
2022-10-11,420,156,264
2022-10-11,283,115,168
2022-10-11,108,43,65
2022-10-11,28,14,14
2022-10-11,10,4,6
2022-10-11,0,0,0
2022-10-11,1,0,1
2022-10-11,4,1,3
2022-10-11,11,3,8
2022-10-10,13,7,6
2022-10-10,39,19,20
2022-10-10,54,27,27
2022-10-10,50,22,28
2022-10-10,108,48,60
2022-10-10,255,93,162
2022-10-10,404,137,267
2022-10-10,241,84,157
2022-10-10,163,61,102
2022-10-10,130,44,86
2022-10-10,114,49,65
2022-10-10,111,52,59
2022-10-10,90,46,44
2022-10-10,93,37,56
2022-10-10,158,50,108
2022-10-10,289,107,182
2022-10-10,187,82,105
2022-10-10,69,24,45
2022-10-10,23,10,13
2022-10-10,9,3,6
2022-10-10,0,0,0
2022-10-10,0,0,0
2022-10-10,4,1,3
2022-10-10,8,4,4
2022-10-09,12,5,7
2022-10-09,31,9,22
2022-10-09,36,10,26
2022-10-09,37,17,20
2022-10-09,78,30,48
2022-10-09,124,54,70
2022-10-09,173,69,104
2022-10-09,216,89,127
2022-10-09,238,115,123
2022-10-09,258,112,146
2022-10-09,213,100,113
2022-10-09,249,93,156
2022-10-09,185,86,99
2022-10-09,151,78,73
2022-10-09,89,42,47
2022-10-09,67,40,27
2022-10-09,39,15,24
2022-10-09,11,4,7
2022-10-09,2,1,1
2022-10-09,4,3,1
2022-10-09,5,2,3
2022-10-09,5,2,3
2022-10-09,11,4,7
2022-10-09,14,6,8
2022-10-08,37,16,21
2022-10-08,35,15,20
2022-10-08,99,33,66
2022-10-08,61,21,40
2022-10-08,148,46,102
2022-10-08,146,70,76
2022-10-08,202,95,107
2022-10-08,206,104,102
2022-10-08,186,81,105
2022-10-08,241,103,138
2022-10-08,180,93,87
2022-10-08,223,104,119
2022-10-08,194,81,113
2022-10-08,147,75,72
2022-10-08,108,57,51
2022-10-08,92,39,53
2022-10-08,30,14,16
2022-10-08,26,12,14
2022-10-08,7,1,6
2022-10-08,3,0,3
2022-10-08,4,2,2
2022-10-08,4,2,2
2022-10-08,14,4,10
2022-10-08,11,4,7
2022-10-07,35,17,18
2022-10-07,44,20,24
2022-10-07,49,19,30
2022-10-07,59,32,27
2022-10-07,133,50,83
2022-10-07,228,92,136
2022-10-07,369,115,254
2022-10-07,295,107,188
2022-10-07,196,77,119
2022-10-07,166,61,105
2022-10-07,140,66,74
2022-10-07,167,73,94
2022-10-07,122,44,78
2022-10-07,111,45,66
2022-10-07,168,64,104
2022-10-07,269,110,159
2022-10-07,172,74,98
2022-10-07,60,22,38
2022-10-07,17,6,11
2022-10-07,7,4,3
2022-10-07,0,0,0
2022-10-07,9,6,3
2022-10-07,2,1,1
2022-10-07,21,8,13
2022-10-06,32,10,22
2022-10-06,42,13,29
2022-10-06,73,39,34
2022-10-06,85,33,52
2022-10-06,180,68,112
2022-10-06,329,114,215
2022-10-06,525,143,382
2022-10-06,347,124,223
2022-10-06,224,100,124
2022-10-06,137,54,83
2022-10-06,109,37,72
2022-10-06,111,47,64
2022-10-06,109,57,52
2022-10-06,102,38,64
2022-10-06,238,90,148
2022-10-06,339,128,211
2022-10-06,238,102,136
2022-10-06,94,39,55
2022-10-06,21,12,9
2022-10-06,17,4,13
2022-10-06,2,2,0
2022-10-06,4,3,1
2022-10-06,4,2,2
2022-10-06,15,4,11
2022-10-05,14,5,9
2022-10-05,45,12,33
2022-10-05,59,18,41
2022-10-05,79,26,53
2022-10-05,159,55,104
2022-10-05,353,106,247
2022-10-05,521,145,376
2022-10-05,332,116,216
2022-10-05,195,84,111
2022-10-05,110,51,59
2022-10-05,84,37,47
2022-10-05,99,51,48
2022-10-05,101,50,51
2022-10-05,133,61,72
2022-10-05,251,75,176
2022-10-05,407,170,237
2022-10-05,258,103,155
2022-10-05,97,41,56
2022-10-05,26,12,14
2022-10-05,8,3,5
2022-10-05,0,0,0
2022-10-05,1,0,1
2022-10-05,3,2,1
2022-10-05,3,2,1
2022-10-04,25,6,19
2022-10-04,36,10,26
2022-10-04,62,28,34
2022-10-04,68,32,36
2022-10-04,153,50,103
2022-10-04,357,119,238
2022-10-04,598,162,436
2022-10-04,327,95,232
2022-10-04,177,66,111
2022-10-04,106,41,65
2022-10-04,105,51,54
2022-10-04,93,41,52
2022-10-04,88,40,48
2022-10-04,131,59,72
2022-10-04,217,89,128
2022-10-04,399,163,236
2022-10-04,294,127,167
2022-10-04,107,49,58
2022-10-04,25,9,16
2022-10-04,11,2,9
2022-10-04,2,0,2
2022-10-04,0,0,0
2022-10-04,5,4,1
2022-10-04,5,1,4
2022-10-03,20,6,14
2022-10-03,55,8,47
2022-10-03,52,11,41
2022-10-03,79,34,45
2022-10-03,140,47,93
2022-10-03,313,129,184
2022-10-03,513,173,340
2022-10-03,319,93,226
2022-10-03,196,71,125
2022-10-03,145,62,83
2022-10-03,101,47,54
2022-10-03,101,43,58
2022-10-03,98,46,52
2022-10-03,119,41,78
2022-10-03,193,77,116
2022-10-03,375,158,217
2022-10-03,233,110,123
2022-10-03,92,39,53
2022-10-03,21,7,14
2022-10-03,7,6,1
2022-10-03,1,0,1
2022-10-03,8,3,5
2022-10-03,6,3,3
2022-10-03,5,2,3
2022-10-02,10,3,7
2022-10-02,18,6,12
2022-10-02,35,17,18
2022-10-02,38,20,18
2022-10-02,93,40,53
2022-10-02,144,69,75
2022-10-02,205,92,113
2022-10-02,195,91,104
2022-10-02,214,106,108
2022-10-02,239,102,137
2022-10-02,244,107,137
2022-10-02,243,113,130
2022-10-02,240,127,113
2022-10-02,183,98,85
2022-10-02,137,70,67
2022-10-02,75,32,43
2022-10-02,38,12,26
2022-10-02,16,4,12
2022-10-02,6,3,3
2022-10-02,7,3,4
2022-10-02,6,2,4
2022-10-02,8,5,3
2022-10-02,13,3,10
2022-10-02,26,13,13
2022-10-01,52,25,27
2022-10-01,34,9,25
2022-10-01,127,27,100
2022-10-01,54,21,33
2022-10-01,140,44,96
2022-10-01,183,69,114
2022-10-01,229,100,129
2022-10-01,260,126,134
2022-10-01,281,138,143
2022-10-01,245,104,141
2022-10-01,283,120,163
2022-10-01,217,85,132
2022-10-01,249,140,109
2022-10-01,182,79,103
2022-10-01,151,62,89
2022-10-01,87,36,51
2022-10-01,37,9,28
2022-10-01,33,13,20
2022-10-01,8,4,4
2022-10-01,5,3,2
2022-10-01,2,0,2
2022-10-01,11,2,9
2022-10-01,11,7,4
2022-10-01,16,5,11
2022-09-30,59,22,37
2022-09-30,51,10,41
2022-09-30,69,30,39
2022-09-30,73,33,40
2022-09-30,168,57,111
2022-09-30,266,94,172
2022-09-30,410,172,238
2022-09-30,295,111,184
2022-09-30,258,116,142
2022-09-30,182,71,111
2022-09-30,134,61,73
2022-09-30,149,57,92
2022-09-30,112,40,72
2022-09-30,102,43,59
2022-09-30,165,74,91
2022-09-30,246,91,155
2022-09-30,183,73,110
2022-09-30,67,29,38
2022-09-30,26,12,14
2022-09-30,5,3,2
2022-09-30,0,0,0
2022-09-30,5,3,2
2022-09-30,5,1,4
2022-09-30,12,4,8
2022-09-29,33,10,23
2022-09-29,41,18,23
2022-09-29,62,28,34
2022-09-29,81,38,43
2022-09-29,159,72,87
2022-09-29,381,137,244
2022-09-29,556,165,391
2022-09-29,337,112,225
2022-09-29,223,104,119
2022-09-29,136,61,75
2022-09-29,139,65,74
2022-09-29,121,49,72
2022-09-29,114,57,57
2022-09-29,159,56,103
2022-09-29,221,87,134
2022-09-29,399,160,239
2022-09-29,255,106,149
2022-09-29,104,36,68
2022-09-29,21,6,15
2022-09-29,11,5,6
2022-09-29,3,3,0
2022-09-29,3,2,1
2022-09-29,1,0,1
2022-09-29,16,9,7
2022-09-28,18,11,7
2022-09-28,33,4,29
2022-09-28,45,13,32
2022-09-28,60,16,44
2022-09-28,175,59,116
2022-09-28,277,100,177
2022-09-28,469,135,334
2022-09-28,302,97,205
2022-09-28,162,63,99
2022-09-28,80,34,46
2022-09-28,73,31,42
2022-09-28,57,21,36
2022-09-28,77,28,49
2022-09-28,98,45,53
2022-09-28,199,92,107
2022-09-28,381,136,245
2022-09-28,250,108,142
2022-09-28,107,48,59
2022-09-28,23,9,14
2022-09-28,9,7,2
2022-09-28,2,1,1
2022-09-28,1,1,0
2022-09-28,2,0,2
2022-09-28,6,2,4
2022-09-27,17,3,14
2022-09-27,49,15,34
2022-09-27,71,15,56
2022-09-27,77,25,52
2022-09-27,161,61,100
2022-09-27,345,147,198
2022-09-27,587,178,409
2022-09-27,352,93,259
2022-09-27,218,85,133
2022-09-27,132,53,79
2022-09-27,140,70,70
2022-09-27,122,58,64
2022-09-27,118,48,70
2022-09-27,134,55,79
2022-09-27,245,93,152
2022-09-27,419,192,227
2022-09-27,320,123,197
2022-09-27,110,52,58
2022-09-27,29,7,22
2022-09-27,11,6,5
2022-09-27,3,1,2
2022-09-27,1,0,1
2022-09-27,2,0,2
2022-09-27,9,3,6
2022-09-26,18,5,13
2022-09-26,31,9,22
2022-09-26,55,20,35
2022-09-26,73,33,40
2022-09-26,151,55,96
2022-09-26,348,136,212
2022-09-26,478,162,316
2022-09-26,290,96,194
2022-09-26,211,71,140
2022-09-26,128,60,68
2022-09-26,108,54,54
2022-09-26,97,42,55
2022-09-26,90,30,60
2022-09-26,128,46,82
2022-09-26,209,80,129
2022-09-26,362,142,220
2022-09-26,229,103,126
2022-09-26,125,50,75
2022-09-26,29,11,18
2022-09-26,8,4,4
2022-09-26,2,1,1
2022-09-26,5,2,3
2022-09-26,7,3,4
2022-09-26,5,3,2
2022-09-25,15,11,4
2022-09-25,29,8,21
2022-09-25,31,17,14
2022-09-25,46,20,26
2022-09-25,121,59,62
2022-09-25,175,88,87
2022-09-25,239,110,129
2022-09-25,265,137,128
2022-09-25,209,115,94
2022-09-25,269,142,127
2022-09-25,259,139,120
2022-09-25,232,113,119
2022-09-25,210,98,112
2022-09-25,192,90,102
2022-09-25,135,64,71
2022-09-25,86,30,56
2022-09-25,39,17,22
2022-09-25,19,8,11
2022-09-25,3,1,2
2022-09-25,1,1,0
2022-09-25,5,4,1
2022-09-25,9,6,3
2022-09-25,11,5,6
2022-09-25,19,10,9
2022-09-24,56,27,29
2022-09-24,79,56,23
2022-09-24,83,19,64
2022-09-24,74,41,33
2022-09-24,169,58,111
2022-09-24,171,64,107
2022-09-24,195,83,112
2022-09-24,225,122,103
2022-09-24,230,95,135
2022-09-24,267,136,131
2022-09-24,222,104,118
2022-09-24,245,139,106
2022-09-24,251,123,128
2022-09-24,182,88,94
2022-09-24,146,73,73
2022-09-24,96,43,53
2022-09-24,45,22,23
2022-09-24,20,5,15
2022-09-24,2,1,1
2022-09-24,1,0,1
2022-09-24,2,2,0
2022-09-24,3,1,2
2022-09-24,10,5,5
2022-09-24,30,14,16
2022-09-23,46,18,28
2022-09-23,36,10,26
2022-09-23,58,28,30
2022-09-23,69,37,32
2022-09-23,139,50,89
2022-09-23,265,110,155
2022-09-23,366,138,228
2022-09-23,270,98,172
2022-09-23,196,77,119
2022-09-23,147,56,91
2022-09-23,150,72,78
2022-09-23,116,49,67
2022-09-23,114,38,76
2022-09-23,105,42,63
2022-09-23,164,67,97
2022-09-23,237,105,132
2022-09-23,163,75,88
2022-09-23,76,30,46
2022-09-23,21,7,14
2022-09-23,9,6,3
2022-09-23,1,0,1
2022-09-23,4,4,0
2022-09-23,9,5,4
2022-09-23,11,5,6
2022-09-22,26,10,16
2022-09-22,43,17,26
2022-09-22,65,24,41
2022-09-22,107,39,68
2022-09-22,175,79,96
2022-09-22,365,113,252
2022-09-22,461,120,341
2022-09-22,330,125,205
2022-09-22,165,75,90
2022-09-22,122,43,79
2022-09-22,124,58,66
2022-09-22,146,58,88
2022-09-22,109,47,62
2022-09-22,107,47,60
2022-09-22,218,82,136
2022-09-22,384,163,221
2022-09-22,221,86,135
2022-09-22,95,38,57
2022-09-22,25,13,12
2022-09-22,8,4,4
2022-09-22,2,1,1
2022-09-22,2,1,1
2022-09-22,2,1,1
2022-09-22,10,3,7
2022-09-21,21,7,14
2022-09-21,39,14,25
2022-09-21,49,21,28
2022-09-21,75,33,42
2022-09-21,159,59,100
2022-09-21,319,94,225
2022-09-21,441,124,317
2022-09-21,277,113,164
2022-09-21,177,66,111
2022-09-21,122,59,63
2022-09-21,95,51,44
2022-09-21,104,46,58
2022-09-21,108,39,69
2022-09-21,106,45,61
2022-09-21,201,68,133
2022-09-21,345,161,184
2022-09-21,256,114,142
2022-09-21,105,47,58
2022-09-21,23,11,12
2022-09-21,6,2,4
2022-09-21,3,2,1
2022-09-21,0,0,0
2022-09-21,2,2,0
2022-09-21,11,5,6
2022-09-20,25,12,13
2022-09-20,42,17,25
2022-09-20,48,25,23
2022-09-20,92,36,56
2022-09-20,229,76,153
2022-09-20,447,160,287
2022-09-20,602,188,414
2022-09-20,374,98,276
2022-09-20,224,76,148
2022-09-20,148,56,92
2022-09-20,127,60,67
2022-09-20,132,62,70
2022-09-20,120,51,69
2022-09-20,134,52,82
2022-09-20,219,76,143
2022-09-20,456,189,267
2022-09-20,302,121,181
2022-09-20,99,46,53
2022-09-20,22,7,15
2022-09-20,15,4,11
2022-09-20,4,3,1
2022-09-20,1,0,1
2022-09-20,1,0,1
2022-09-20,8,3,5
2022-09-19,20,6,14
2022-09-19,26,15,11
2022-09-19,46,14,32
2022-09-19,70,36,34
2022-09-19,203,73,130
2022-09-19,313,120,193
2022-09-19,511,161,350
2022-09-19,329,116,213
2022-09-19,172,81,91
2022-09-19,116,48,68
2022-09-19,110,50,60
2022-09-19,95,53,42
2022-09-19,103,40,63
2022-09-19,119,46,73
2022-09-19,212,74,138
2022-09-19,356,138,218
2022-09-19,216,89,127
2022-09-19,82,30,52
2022-09-19,23,9,14
2022-09-19,8,5,3
2022-09-19,1,0,1
2022-09-19,2,2,0
2022-09-19,2,1,1
2022-09-19,3,3,0
2022-09-18,8,3,5
2022-09-18,21,10,11
2022-09-18,24,11,13
2022-09-18,48,19,29
2022-09-18,115,62,53
2022-09-18,157,76,81
2022-09-18,213,95,118
2022-09-18,233,124,109
2022-09-18,233,114,119
2022-09-18,229,113,116
2022-09-18,260,122,138
2022-09-18,236,101,135
2022-09-18,205,92,113
2022-09-18,162,87,75
2022-09-18,123,50,73
2022-09-18,77,49,28
2022-09-18,34,13,21
2022-09-18,25,10,15
2022-09-18,6,3,3
2022-09-18,3,1,2
2022-09-18,3,0,3
2022-09-18,10,4,6
2022-09-18,16,10,6
2022-09-18,22,12,10
2022-09-17,32,13,19
2022-09-17,46,26,20
2022-09-17,96,34,62
2022-09-17,84,50,34
2022-09-17,165,90,75
2022-09-17,157,88,69
2022-09-17,187,87,100
2022-09-17,224,93,131
2022-09-17,228,102,126
2022-09-17,219,85,134
2022-09-17,235,116,119
2022-09-17,217,95,122
2022-09-17,199,87,112
2022-09-17,170,81,89
2022-09-17,129,58,71
2022-09-17,84,45,39
2022-09-17,37,15,22
2022-09-17,27,11,16
2022-09-17,5,1,4
2022-09-17,1,0,1
2022-09-17,10,7,3
2022-09-17,5,3,2
2022-09-17,22,7,15
2022-09-17,28,19,9
2022-09-16,52,24,28
2022-09-16,71,34,37
2022-09-16,61,32,29
2022-09-16,67,31,36
2022-09-16,159,77,82
2022-09-16,291,101,190
2022-09-16,343,111,232
2022-09-16,272,99,173
2022-09-16,236,103,133
2022-09-16,161,73,88
2022-09-16,126,54,72
2022-09-16,107,46,61
2022-09-16,116,50,66
2022-09-16,122,52,70
2022-09-16,184,65,119
2022-09-16,268,116,152
2022-09-16,182,76,106
2022-09-16,71,28,43
2022-09-16,18,9,9
2022-09-16,3,1,2
2022-09-16,6,1,5
2022-09-16,2,1,1
2022-09-16,9,3,6
2022-09-16,10,6,4
2022-09-15,12,0,12
2022-09-15,55,20,35
2022-09-15,59,20,39
2022-09-15,99,35,64
2022-09-15,205,66,139
2022-09-15,343,127,216
2022-09-15,514,161,353
2022-09-15,344,117,227
2022-09-15,207,77,130
2022-09-15,119,41,78
2022-09-15,126,65,61
2022-09-15,116,47,69
2022-09-15,118,53,65
2022-09-15,113,54,59
2022-09-15,231,94,137
2022-09-15,415,165,250
2022-09-15,280,115,165
2022-09-15,108,44,64
2022-09-15,28,11,17
2022-09-15,12,6,6
2022-09-15,4,2,2
2022-09-15,5,2,3
2022-09-15,6,1,5
2022-09-15,13,2,11
2022-09-14,27,10,17
2022-09-14,41,17,24
2022-09-14,63,35,28
2022-09-14,101,35,66
2022-09-14,198,76,122
2022-09-14,395,124,271
2022-09-14,543,161,382
2022-09-14,365,116,249
2022-09-14,203,83,120
2022-09-14,129,55,74
2022-09-14,118,45,73
2022-09-14,142,71,71
2022-09-14,104,50,54
2022-09-14,128,62,66
2022-09-14,224,70,154
2022-09-14,397,172,225
2022-09-14,308,138,170
2022-09-14,106,44,62
2022-09-14,26,12,14
2022-09-14,11,4,7
2022-09-14,1,1,0
2022-09-14,1,0,1
2022-09-14,3,1,2
2022-09-14,7,0,7
2022-09-13,21,7,14
2022-09-13,56,19,37
2022-09-13,53,26,27
2022-09-13,103,43,60
2022-09-13,218,69,149
2022-09-13,358,142,216
2022-09-13,596,189,407
2022-09-13,356,124,232
2022-09-13,207,91,116
2022-09-13,146,61,85
2022-09-13,114,46,68
2022-09-13,116,53,63
2022-09-13,120,62,58
2022-09-13,133,53,80
2022-09-13,213,84,129
2022-09-13,419,189,230
2022-09-13,320,147,173
2022-09-13,108,41,67
2022-09-13,34,16,18
2022-09-13,8,3,5
2022-09-13,1,0,1
2022-09-13,5,3,2
2022-09-13,3,1,2
2022-09-13,7,2,5
2022-09-12,25,5,20
2022-09-12,34,21,13
2022-09-12,67,19,48
2022-09-12,96,41,55
2022-09-12,178,77,101
2022-09-12,336,124,212
2022-09-12,447,142,305
2022-09-12,281,103,178
2022-09-12,188,73,115
2022-09-12,112,54,58
2022-09-12,117,63,54
2022-09-12,103,54,49
2022-09-12,96,40,56
2022-09-12,100,40,60
2022-09-12,200,81,119
2022-09-12,314,145,169
2022-09-12,236,113,123
2022-09-12,92,35,57
2022-09-12,20,10,10
2022-09-12,6,2,4
2022-09-12,1,0,1
2022-09-12,2,1,1
2022-09-12,9,5,4
2022-09-12,5,1,4
2022-09-11,11,2,9
2022-09-11,17,7,10
2022-09-11,27,9,18
2022-09-11,42,23,19
2022-09-11,73,30,43
2022-09-11,123,54,69
2022-09-11,128,67,61
2022-09-11,148,78,70
2022-09-11,175,85,90
2022-09-11,160,71,89
2022-09-11,184,81,103
2022-09-11,169,101,68
2022-09-11,128,56,72
2022-09-11,88,37,51
2022-09-11,75,31,44
2022-09-11,46,22,24
2022-09-11,23,7,16
2022-09-11,12,6,6
2022-09-11,3,2,1
2022-09-11,4,1,3
2022-09-11,1,0,1
2022-09-11,10,6,4
2022-09-11,14,4,10
2022-09-11,16,7,9
2022-09-10,24,7,17
2022-09-10,49,20,29
2022-09-10,88,13,75
2022-09-10,60,26,34
2022-09-10,146,47,99
2022-09-10,94,31,63
2022-09-10,162,80,82
2022-09-10,154,93,61
2022-09-10,146,73,73
2022-09-10,119,52,67
2022-09-10,181,83,98
2022-09-10,152,76,76
2022-09-10,184,75,109
2022-09-10,131,50,81
2022-09-10,116,49,67
2022-09-10,81,42,39
2022-09-10,48,23,25
2022-09-10,26,13,13
2022-09-10,6,1,5
2022-09-10,8,1,7
2022-09-10,3,1,2
2022-09-10,8,4,4
2022-09-10,4,1,3
2022-09-10,17,5,12
2022-09-09,69,23,46
2022-09-09,42,11,31
2022-09-09,71,29,42
2022-09-09,68,36,32
2022-09-09,136,59,77
2022-09-09,232,85,147
2022-09-09,362,104,258
2022-09-09,248,92,156
2022-09-09,215,96,119
2022-09-09,161,69,92
2022-09-09,173,75,98
2022-09-09,98,47,51
2022-09-09,117,68,49
2022-09-09,128,43,85
2022-09-09,158,60,98
2022-09-09,279,107,172
2022-09-09,172,77,95
2022-09-09,61,23,38
2022-09-09,17,9,8
2022-09-09,11,7,4
2022-09-09,4,1,3
2022-09-09,3,3,0
2022-09-09,10,7,3
2022-09-09,9,5,4
2022-09-08,34,16,18
2022-09-08,41,20,21
2022-09-08,68,36,32
2022-09-08,109,39,70
2022-09-08,189,77,112
2022-09-08,394,132,262
2022-09-08,512,145,367
2022-09-08,367,123,244
2022-09-08,227,92,135
2022-09-08,145,56,89
2022-09-08,148,65,83
2022-09-08,165,79,86
2022-09-08,126,56,70
2022-09-08,241,66,175
2022-09-08,220,93,127
2022-09-08,395,172,223
2022-09-08,282,121,161
2022-09-08,110,47,63
2022-09-08,30,16,14
2022-09-08,10,6,4
2022-09-08,2,2,0
2022-09-08,2,0,2
2022-09-08,9,4,5
2022-09-08,7,1,6
2022-09-07,24,9,15
2022-09-07,45,17,28
2022-09-07,55,18,37
2022-09-07,125,61,64
2022-09-07,224,91,133
2022-09-07,383,156,227
2022-09-07,601,174,427
2022-09-07,321,109,212
2022-09-07,221,90,131
2022-09-07,150,61,89
2022-09-07,106,36,70
2022-09-07,149,66,83
2022-09-07,130,56,74
2022-09-07,145,54,91
2022-09-07,231,103,128
2022-09-07,398,153,245
2022-09-07,322,134,188
2022-09-07,123,51,72
2022-09-07,28,12,16
2022-09-07,10,3,7
2022-09-07,5,0,5
2022-09-07,0,0,0
2022-09-07,6,1,5
2022-09-07,9,5,4
2022-09-06,25,11,14
2022-09-06,60,15,45
2022-09-06,68,32,36
2022-09-06,112,52,60
2022-09-06,193,85,108
2022-09-06,371,130,241
2022-09-06,537,161,376
2022-09-06,333,115,218
2022-09-06,219,101,118
2022-09-06,156,68,88
2022-09-06,141,55,86
2022-09-06,110,55,55
2022-09-06,107,40,67
2022-09-06,133,60,73
2022-09-06,199,75,124
2022-09-06,397,168,229
2022-09-06,275,117,158
2022-09-06,111,43,68
2022-09-06,30,12,18
2022-09-06,12,6,6
2022-09-06,3,1,2
2022-09-06,1,1,0
2022-09-06,8,1,7
2022-09-06,5,3,2
2022-09-05,19,12,7
2022-09-05,28,17,11
2022-09-05,32,13,19
2022-09-05,60,33,27
2022-09-05,107,52,55
2022-09-05,185,82,103
2022-09-05,198,95,103
2022-09-05,231,108,123
2022-09-05,290,138,152
2022-09-05,288,157,131
2022-09-05,255,124,131
2022-09-05,202,108,94
2022-09-05,192,96,96
2022-09-05,130,71,59
2022-09-05,89,40,49
2022-09-05,66,27,39
2022-09-05,39,14,25
2022-09-05,19,5,14
2022-09-05,6,3,3
2022-09-05,5,1,4
2022-09-05,5,3,2
2022-09-05,3,0,3
2022-09-05,3,0,3
2022-09-05,7,1,6
2022-09-04,13,7,6
2022-09-04,27,13,14
2022-09-04,31,13,18
2022-09-04,45,21,24
2022-09-04,66,22,44
2022-09-04,142,59,83
2022-09-04,172,71,101
2022-09-04,191,80,111
2022-09-04,238,85,153
2022-09-04,257,113,144
2022-09-04,244,103,141
2022-09-04,198,82,116
2022-09-04,174,95,79
2022-09-04,165,81,84
2022-09-04,125,51,74
2022-09-04,70,36,34
2022-09-04,47,26,21
2022-09-04,23,9,14
2022-09-04,5,0,5
2022-09-04,6,3,3
2022-09-04,8,4,4
2022-09-04,4,3,1
2022-09-04,9,7,2
2022-09-04,22,14,8
2022-09-03,28,17,11
2022-09-03,46,21,25
2022-09-03,81,20,61
2022-09-03,74,33,41
2022-09-03,180,65,115
2022-09-03,142,65,77
2022-09-03,161,69,92
2022-09-03,178,92,86
2022-09-03,167,94,73
2022-09-03,181,71,110
2022-09-03,127,58,69
2022-09-03,119,54,65
2022-09-03,97,45,52
2022-09-03,78,23,55
2022-09-03,72,23,49
2022-09-03,33,10,23
2022-09-03,39,17,22
2022-09-03,27,17,10
2022-09-03,8,1,7
2022-09-03,4,0,4
2022-09-03,2,1,1
2022-09-03,5,1,4
2022-09-03,15,5,10
2022-09-03,27,15,12
2022-09-02,27,14,13
2022-09-02,55,28,27
2022-09-02,63,36,27
2022-09-02,111,54,57
2022-09-02,179,93,86
2022-09-02,244,102,142
2022-09-02,323,130,193
2022-09-02,308,127,181
2022-09-02,223,83,140
2022-09-02,173,69,104
2022-09-02,185,75,110
2022-09-02,168,81,87
2022-09-02,152,65,87
2022-09-02,139,56,83
2022-09-02,205,83,122
2022-09-02,224,94,130
2022-09-02,150,60,90
2022-09-02,70,26,44
2022-09-02,23,9,14
2022-09-02,13,2,11
2022-09-02,3,2,1
2022-09-02,4,2,2
2022-09-02,3,1,2
2022-09-02,17,6,11
2022-09-01,24,10,14
2022-09-01,52,24,28
2022-09-01,78,27,51
2022-09-01,138,55,83
2022-09-01,249,106,143
2022-09-01,417,140,277
2022-09-01,489,140,349
2022-09-01,349,129,220
2022-09-01,211,96,115
2022-09-01,166,82,84
2022-09-01,146,60,86
2022-09-01,116,52,64
2022-09-01,113,59,54
2022-09-01,129,51,78
2022-09-01,172,65,107
2022-09-01,324,137,187
2022-09-01,264,100,164
2022-09-01,95,38,57
2022-09-01,25,12,13
2022-09-01,8,4,4
2022-09-01,5,2,3
2022-09-01,3,1,2
2022-09-01,5,2,3
2022-09-01,11,5,6
2022-08-31,30,6,24
2022-08-31,35,6,29
2022-08-31,79,41,38
2022-08-31,149,62,87
2022-08-31,227,100,127
2022-08-31,348,142,206
2022-08-31,500,147,353
2022-08-31,294,87,207
2022-08-31,204,71,133
2022-08-31,196,70,126
2022-08-31,130,68,62
2022-08-31,136,59,77
2022-08-31,101,43,58
2022-08-31,129,70,59
2022-08-31,240,95,145
2022-08-31,351,150,201
2022-08-31,307,133,174
2022-08-31,97,40,57
2022-08-31,20,7,13
2022-08-31,9,4,5
2022-08-31,3,1,2
2022-08-31,3,2,1
2022-08-31,3,2,1
2022-08-31,9,2,7
2022-08-30,14,5,9
2022-08-30,43,18,25
2022-08-30,99,36,63
2022-08-30,162,70,92
2022-08-30,245,102,143
2022-08-30,360,138,222
2022-08-30,563,162,401
2022-08-30,367,113,254
2022-08-30,221,84,137
2022-08-30,133,59,74
2022-08-30,107,46,61
2022-08-30,160,91,69
2022-08-30,141,62,79
2022-08-30,146,61,85
2022-08-30,235,99,136
2022-08-30,392,171,221
2022-08-30,314,127,187
2022-08-30,118,53,65
2022-08-30,29,12,17
2022-08-30,12,2,10
2022-08-30,2,1,1
2022-08-30,3,2,1
2022-08-30,5,1,4
2022-08-30,5,1,4
2022-08-29,21,9,12
2022-08-29,37,14,23
2022-08-29,69,25,44
2022-08-29,117,57,60
2022-08-29,211,82,129
2022-08-29,352,120,232
2022-08-29,477,153,324
2022-08-29,290,86,204
2022-08-29,184,73,111
2022-08-29,147,52,95
2022-08-29,117,65,52
2022-08-29,109,57,52
2022-08-29,104,45,59
2022-08-29,110,35,75
2022-08-29,213,89,124
2022-08-29,302,129,173
2022-08-29,247,116,131
2022-08-29,89,35,54
2022-08-29,23,6,17
2022-08-29,13,6,7
2022-08-29,4,2,2
2022-08-29,5,3,2
2022-08-29,11,1,10
2022-08-29,4,2,2
2022-08-28,8,3,5
2022-08-28,23,13,10
2022-08-28,48,28,20
2022-08-28,79,31,48
2022-08-28,137,61,76
2022-08-28,193,96,97
2022-08-28,223,114,109
2022-08-28,312,156,156
2022-08-28,287,149,138
2022-08-28,236,110,126
2022-08-28,321,161,160
2022-08-28,274,109,165
2022-08-28,179,81,98
2022-08-28,170,78,92
2022-08-28,113,55,58
2022-08-28,90,44,46
2022-08-28,38,20,18
2022-08-28,24,9,15
2022-08-28,5,2,3
2022-08-28,4,2,2
2022-08-28,3,0,3
2022-08-28,14,6,8
2022-08-28,11,4,7
2022-08-28,29,9,20
2022-08-27,57,16,41
2022-08-27,54,10,44
2022-08-27,107,33,74
2022-08-27,85,41,44
2022-08-27,138,43,95
2022-08-27,155,62,93
2022-08-27,184,103,81
2022-08-27,217,102,115
2022-08-27,181,78,103
2022-08-27,191,84,107
2022-08-27,145,62,83
2022-08-27,177,77,100
2022-08-27,158,76,82
2022-08-27,136,68,68
2022-08-27,101,41,60
2022-08-27,64,28,36
2022-08-27,32,12,20
2022-08-27,13,3,10
2022-08-27,8,6,2
2022-08-27,4,1,3
2022-08-27,6,3,3
2022-08-27,7,3,4
2022-08-27,14,9,5
2022-08-27,29,15,14
2022-08-26,40,14,26
2022-08-26,43,11,32
2022-08-26,66,32,34
2022-08-26,98,41,57
2022-08-26,144,73,71
2022-08-26,197,81,116
2022-08-26,311,105,206
2022-08-26,269,102,167
2022-08-26,236,104,132
2022-08-26,143,68,75
2022-08-26,154,54,100
2022-08-26,135,60,75
2022-08-26,100,47,53
2022-08-26,124,55,69
2022-08-26,175,81,94
2022-08-26,211,97,114
2022-08-26,164,59,105
2022-08-26,74,31,43
2022-08-26,20,9,11
2022-08-26,9,2,7
2022-08-26,3,2,1
2022-08-26,7,6,1
2022-08-26,7,6,1
2022-08-26,21,11,10
2022-08-25,38,15,23
2022-08-25,56,23,33
2022-08-25,102,46,56
2022-08-25,161,72,89
2022-08-25,219,96,123
2022-08-25,357,144,213
2022-08-25,432,122,310
2022-08-25,305,87,218
2022-08-25,178,63,115
2022-08-25,128,45,83
2022-08-25,124,53,71
2022-08-25,151,63,88
2022-08-25,125,59,66
2022-08-25,176,62,114
2022-08-25,230,91,139
2022-08-25,393,171,222
2022-08-25,244,116,128
2022-08-25,116,48,68
2022-08-25,29,15,14
2022-08-25,14,2,12
2022-08-25,7,2,5
2022-08-25,3,1,2
2022-08-25,2,0,2
2022-08-25,13,4,9
2022-08-24,35,16,19
2022-08-24,40,13,27
2022-08-24,76,34,42
2022-08-24,188,84,104
2022-08-24,236,93,143
2022-08-24,372,115,257
2022-08-24,558,166,392
2022-08-24,346,100,246
2022-08-24,199,86,113
2022-08-24,116,46,70
2022-08-24,155,69,86
2022-08-24,157,78,79
2022-08-24,135,65,70
2022-08-24,167,67,100
2022-08-24,249,95,154
2022-08-24,386,166,220
2022-08-24,275,117,158
2022-08-24,98,33,65
2022-08-24,23,9,14
2022-08-24,9,1,8
2022-08-24,3,2,1
2022-08-24,7,4,3
2022-08-24,4,1,3
2022-08-24,14,8,6
2022-08-23,33,9,24
2022-08-23,52,16,36
2022-08-23,90,42,48
2022-08-23,153,78,75
2022-08-23,232,95,137
2022-08-23,403,141,262
2022-08-23,585,166,419
2022-08-23,338,112,226
2022-08-23,198,74,124
2022-08-23,166,72,94
2022-08-23,133,55,78
2022-08-23,150,63,87
2022-08-23,111,50,61
2022-08-23,149,56,93
2022-08-23,237,98,139
2022-08-23,422,208,214
2022-08-23,292,126,166
2022-08-23,145,70,75
2022-08-23,20,6,14
2022-08-23,11,2,9
2022-08-23,4,1,3
2022-08-23,3,0,3
2022-08-23,5,1,4
2022-08-23,8,4,4
2022-08-22,32,10,22
2022-08-22,31,16,15
2022-08-22,64,28,36
2022-08-22,140,64,76
2022-08-22,195,65,130
2022-08-22,340,106,234
2022-08-22,424,125,299
2022-08-22,306,104,202
2022-08-22,187,67,120
2022-08-22,116,54,62
2022-08-22,145,63,82
2022-08-22,140,63,77
2022-08-22,120,60,60
2022-08-22,118,48,70
2022-08-22,198,70,128
2022-08-22,310,142,168
2022-08-22,236,99,137
2022-08-22,103,33,70
2022-08-22,23,6,17
2022-08-22,11,3,8
2022-08-22,1,1,0
2022-08-22,3,2,1
2022-08-22,8,2,6
2022-08-22,8,5,3
2022-08-21,15,8,7
2022-08-21,20,7,13
2022-08-21,59,21,38
2022-08-21,86,52,34
2022-08-21,153,72,81
2022-08-21,161,75,86
2022-08-21,204,69,135
2022-08-21,245,112,133
2022-08-21,299,114,185
2022-08-21,297,127,170
2022-08-21,281,138,143
2022-08-21,271,116,155
2022-08-21,198,102,96
2022-08-21,161,51,110
2022-08-21,117,50,67
2022-08-21,70,33,37
2022-08-21,34,14,20
2022-08-21,19,8,11
2022-08-21,6,3,3
2022-08-21,4,1,3
2022-08-21,8,5,3
2022-08-21,9,2,7
2022-08-21,12,4,8
2022-08-21,14,7,7
2022-08-20,51,18,33
2022-08-20,29,13,16
2022-08-20,64,20,44
2022-08-20,153,50,103
2022-08-20,201,72,129
2022-08-20,219,89,130
2022-08-20,204,86,118
2022-08-20,255,121,134
2022-08-20,260,151,109
2022-08-20,244,131,113
2022-08-20,222,108,114
2022-08-20,205,92,113
2022-08-20,193,81,112
2022-08-20,174,83,91
2022-08-20,154,72,82
2022-08-20,98,48,50
2022-08-20,60,15,45
2022-08-20,27,9,18
2022-08-20,5,3,2
2022-08-20,5,1,4
2022-08-20,3,1,2
2022-08-20,7,2,5
2022-08-20,20,11,9
2022-08-20,29,12,17
2022-08-19,45,15,30
2022-08-19,47,24,23
2022-08-19,84,38,46
2022-08-19,104,51,53
2022-08-19,154,77,77
2022-08-19,231,102,129
2022-08-19,309,111,198
2022-08-19,272,90,182
2022-08-19,204,83,121
2022-08-19,150,68,82
2022-08-19,122,54,68
2022-08-19,114,52,62
2022-08-19,102,35,67
2022-08-19,89,44,45
2022-08-19,108,47,61
2022-08-19,146,66,80
2022-08-19,156,68,88
2022-08-19,72,31,41
2022-08-19,21,11,10
2022-08-19,10,3,7
2022-08-19,3,2,1
2022-08-19,4,2,2
2022-08-19,9,4,5
2022-08-19,16,10,6
2022-08-18,31,14,17
2022-08-18,50,18,32
2022-08-18,114,50,64
2022-08-18,157,74,83
2022-08-18,215,78,137
2022-08-18,335,137,198
2022-08-18,513,201,312
2022-08-18,325,97,228
2022-08-18,176,67,109
2022-08-18,149,57,92
2022-08-18,121,41,80
2022-08-18,114,53,61
2022-08-18,128,60,68
2022-08-18,123,54,69
2022-08-18,230,100,130
2022-08-18,354,150,204
2022-08-18,276,108,168
2022-08-18,106,43,63
2022-08-18,26,13,13
2022-08-18,14,4,10
2022-08-18,2,2,0
2022-08-18,1,1,0
2022-08-18,7,4,3
2022-08-18,15,6,9
2022-08-17,33,9,24
2022-08-17,42,21,21
2022-08-17,101,39,62
2022-08-17,169,76,93
2022-08-17,250,120,130
2022-08-17,382,115,267
2022-08-17,542,149,393
2022-08-17,342,118,224
2022-08-17,198,74,124
2022-08-17,135,52,83
2022-08-17,127,51,76
2022-08-17,139,61,78
2022-08-17,144,62,82
2022-08-17,141,66,75
2022-08-17,232,89,143
2022-08-17,382,169,213
2022-08-17,298,131,167
2022-08-17,132,54,78
2022-08-17,22,7,15
2022-08-17,13,6,7
2022-08-17,4,3,1
2022-08-17,4,4,0
2022-08-17,5,1,4
2022-08-17,17,8,9
2022-08-16,38,18,20
2022-08-16,56,20,36
2022-08-16,95,46,49
2022-08-16,166,61,105
2022-08-16,297,120,177
2022-08-16,364,139,225
2022-08-16,593,193,400
2022-08-16,392,133,259
2022-08-16,212,70,142
2022-08-16,144,56,88
2022-08-16,129,63,66
2022-08-16,136,56,80
2022-08-16,154,66,88
2022-08-16,157,55,102
2022-08-16,265,115,150
2022-08-16,388,174,214
2022-08-16,324,144,180
2022-08-16,161,65,96
2022-08-16,25,8,17
2022-08-16,11,3,8
2022-08-16,4,2,2
2022-08-16,4,1,3
2022-08-16,4,1,3
2022-08-16,15,1,14
2022-08-15,23,14,9
2022-08-15,40,14,26
2022-08-15,79,42,37
2022-08-15,134,54,80
2022-08-15,203,70,133
2022-08-15,368,133,235
2022-08-15,493,154,339
2022-08-15,284,108,176
2022-08-15,186,71,115
2022-08-15,113,43,70
2022-08-15,120,58,62
2022-08-15,167,74,93
2022-08-15,131,60,71
2022-08-15,152,63,89
2022-08-15,195,70,125
2022-08-15,324,130,194
2022-08-15,229,101,128
2022-08-15,109,42,67
2022-08-15,23,7,16
2022-08-15,8,2,6
2022-08-15,2,2,0
2022-08-15,4,1,3
2022-08-15,5,2,3
2022-08-15,14,3,11
2022-08-14,38,6,32
2022-08-14,28,13,15
2022-08-14,91,21,70
2022-08-14,93,39,54
2022-08-14,144,55,89
2022-08-14,201,105,96
2022-08-14,210,89,121
2022-08-14,225,86,139
2022-08-14,270,118,152
2022-08-14,291,146,145
2022-08-14,216,114,102
2022-08-14,243,108,135
2022-08-14,244,115,129
2022-08-14,193,80,113
2022-08-14,163,74,89
2022-08-14,64,29,35
2022-08-14,39,9,30
2022-08-14,23,8,15
2022-08-14,10,4,6
2022-08-14,5,2,3
2022-08-14,3,3,0
2022-08-14,9,3,6
2022-08-14,18,5,13
2022-08-14,18,5,13
2022-08-13,44,14,30
2022-08-13,52,11,41
2022-08-13,107,30,77
2022-08-13,115,46,69
2022-08-13,220,54,166
2022-08-13,183,76,107
2022-08-13,173,64,109
2022-08-13,238,107,131
2022-08-13,283,106,177
2022-08-13,337,144,193
2022-08-13,341,121,220
2022-08-13,484,122,362
2022-08-13,717,82,635
2022-08-13,517,68,449
2022-08-13,120,45,75
2022-08-13,92,47,45
2022-08-13,69,24,45
2022-08-13,65,15,50
2022-08-13,16,3,13
2022-08-13,3,1,2
2022-08-13,4,2,2
2022-08-13,8,7,1
2022-08-13,15,2,13
2022-08-13,30,11,19
2022-08-12,67,17,50
2022-08-12,63,22,41
2022-08-12,82,35,47
2022-08-12,152,87,65
2022-08-12,239,129,110
2022-08-12,308,119,189
2022-08-12,415,151,264
2022-08-12,380,115,265
2022-08-12,252,107,145
2022-08-12,159,65,94
2022-08-12,161,71,90
2022-08-12,160,69,91
2022-08-12,158,74,84
2022-08-12,143,71,72
2022-08-12,217,94,123
2022-08-12,268,105,163
2022-08-12,196,83,113
2022-08-12,74,28,46
2022-08-12,26,10,16
2022-08-12,5,1,4
2022-08-12,4,2,2
2022-08-12,3,3,0
2022-08-12,3,1,2
2022-08-12,32,19,13
2022-08-11,38,18,20
2022-08-11,53,22,31
2022-08-11,144,78,66
2022-08-11,164,62,102
2022-08-11,236,88,148
2022-08-11,376,140,236
2022-08-11,548,162,386
2022-08-11,364,134,230
2022-08-11,238,92,146
2022-08-11,136,53,83
2022-08-11,164,63,101
2022-08-11,144,66,78
2022-08-11,147,71,76
2022-08-11,141,51,90
2022-08-11,226,93,133
2022-08-11,329,139,190
2022-08-11,235,91,144
2022-08-11,97,38,59
2022-08-11,35,13,22
2022-08-11,15,3,12
2022-08-11,3,2,1
2022-08-11,2,0,2
2022-08-11,3,0,3
2022-08-11,12,4,8
2022-08-10,31,18,13
2022-08-10,54,23,31
2022-08-10,64,29,35
2022-08-10,128,63,65
2022-08-10,195,80,115
2022-08-10,370,123,247
2022-08-10,457,152,305
2022-08-10,311,89,222
2022-08-10,192,73,119
2022-08-10,134,57,77
2022-08-10,96,48,48
2022-08-10,110,52,58
2022-08-10,89,39,50
2022-08-10,83,31,52
2022-08-10,244,94,150
2022-08-10,372,154,218
2022-08-10,273,117,156
2022-08-10,116,50,66
2022-08-10,27,8,19
2022-08-10,7,2,5
2022-08-10,3,0,3
2022-08-10,4,1,3
2022-08-10,8,2,6
2022-08-10,15,4,11
2022-08-09,31,12,19
2022-08-09,43,12,31
2022-08-09,83,40,43
2022-08-09,141,56,85
2022-08-09,244,84,160
2022-08-09,364,137,227
2022-08-09,537,170,367
2022-08-09,345,106,239
2022-08-09,175,68,107
2022-08-09,125,54,71
2022-08-09,111,57,54
2022-08-09,101,44,57
2022-08-09,96,51,45
2022-08-09,126,59,67
2022-08-09,197,78,119
2022-08-09,289,126,163
2022-08-09,261,109,152
2022-08-09,122,46,76
2022-08-09,24,7,17
2022-08-09,5,1,4
2022-08-09,5,2,3
2022-08-09,2,0,2
2022-08-09,5,1,4
2022-08-09,24,8,16
2022-08-08,21,10,11
2022-08-08,62,21,41
2022-08-08,78,31,47
2022-08-08,130,55,75
2022-08-08,169,70,99
2022-08-08,310,109,201
2022-08-08,419,118,301
2022-08-08,297,92,205
2022-08-08,199,68,131
2022-08-08,97,39,58
2022-08-08,107,36,71
2022-08-08,105,57,48
2022-08-08,134,64,70
2022-08-08,127,50,77
2022-08-08,199,90,109
2022-08-08,323,141,182
2022-08-08,222,87,135
2022-08-08,99,38,61
2022-08-08,33,8,25
2022-08-08,8,2,6
2022-08-08,1,1,0
2022-08-08,5,0,5
2022-08-08,0,0,0
2022-08-08,9,4,5
2022-08-07,18,7,11
2022-08-07,22,7,15
2022-08-07,52,27,25
2022-08-07,122,54,68
2022-08-07,118,44,74
2022-08-07,162,78,84
2022-08-07,176,76,100
2022-08-07,186,84,102
2022-08-07,205,98,107
2022-08-07,195,89,106
2022-08-07,238,120,118
2022-08-07,208,90,118
2022-08-07,246,125,121
2022-08-07,177,74,103
2022-08-07,165,83,82
2022-08-07,100,39,61
2022-08-07,49,23,26
2022-08-07,15,6,9
2022-08-07,6,1,5
2022-08-07,10,4,6
2022-08-07,4,1,3
2022-08-07,9,6,3
2022-08-07,17,7,10
2022-08-07,40,15,25
2022-08-06,40,5,35
2022-08-06,54,13,41
2022-08-06,147,51,96
2022-08-06,120,40,80
2022-08-06,231,70,161
2022-08-06,204,80,124
2022-08-06,233,107,126
2022-08-06,258,109,149
2022-08-06,250,116,134
2022-08-06,351,159,192
2022-08-06,232,107,125
2022-08-06,260,130,130
2022-08-06,250,122,128
2022-08-06,191,100,91
2022-08-06,164,88,76
2022-08-06,115,41,74
2022-08-06,54,30,24
2022-08-06,28,10,18
2022-08-06,6,0,6
2022-08-06,4,1,3
2022-08-06,15,12,3
2022-08-06,8,7,1
2022-08-06,16,4,12
2022-08-06,38,18,20
2022-08-05,54,23,31
2022-08-05,62,24,38
2022-08-05,69,24,45
2022-08-05,119,46,73
2022-08-05,192,80,112
2022-08-05,283,100,183
2022-08-05,375,152,223
2022-08-05,302,110,192
2022-08-05,199,86,113
2022-08-05,177,81,96
2022-08-05,173,79,94
2022-08-05,157,66,91
2022-08-05,162,83,79
2022-08-05,155,69,86
2022-08-05,211,79,132
2022-08-05,239,100,139
2022-08-05,165,68,97
2022-08-05,78,28,50
2022-08-05,25,7,18
2022-08-05,7,3,4
2022-08-05,4,1,3
2022-08-05,4,1,3
2022-08-05,3,0,3
2022-08-05,5,1,4
2022-08-04,33,14,19
2022-08-04,52,23,29
2022-08-04,72,26,46
2022-08-04,145,47,98
2022-08-04,197,74,123
2022-08-04,296,106,190
2022-08-04,419,120,299
2022-08-04,264,102,162
2022-08-04,142,49,93
2022-08-04,80,29,51
2022-08-04,81,33,48
2022-08-04,106,58,48
2022-08-04,92,44,48
2022-08-04,121,40,81
2022-08-04,219,87,132
2022-08-04,309,131,178
2022-08-04,213,68,145
2022-08-04,85,39,46
2022-08-04,18,7,11
2022-08-04,12,7,5
2022-08-04,5,2,3
2022-08-04,4,3,1
2022-08-04,6,5,1
2022-08-04,15,9,6
2022-08-03,34,6,28
2022-08-03,51,18,33
2022-08-03,105,42,63
2022-08-03,176,81,95
2022-08-03,280,104,176
2022-08-03,376,139,237
2022-08-03,522,161,361
2022-08-03,359,137,222
2022-08-03,217,92,125
2022-08-03,177,63,114
2022-08-03,137,52,85
2022-08-03,136,62,74
2022-08-03,128,54,74
2022-08-03,166,67,99
2022-08-03,250,102,148
2022-08-03,400,163,237
2022-08-03,278,110,168
2022-08-03,125,61,64
2022-08-03,26,11,15
2022-08-03,9,1,8
2022-08-03,3,0,3
2022-08-03,2,0,2
2022-08-03,5,1,4
2022-08-03,14,9,5
2022-08-02,24,9,15
2022-08-02,48,19,29
2022-08-02,99,34,65
2022-08-02,166,65,101
2022-08-02,241,101,140
2022-08-02,364,131,233
2022-08-02,576,175,401
2022-08-02,388,120,268
2022-08-02,227,87,140
2022-08-02,141,53,88
2022-08-02,140,58,82
2022-08-02,113,52,61
2022-08-02,108,55,53
2022-08-02,143,70,73
2022-08-02,231,104,127
2022-08-02,373,151,222
2022-08-02,258,97,161
2022-08-02,108,49,59
2022-08-02,32,8,24
2022-08-02,11,2,9
2022-08-02,1,0,1
2022-08-02,3,1,2
2022-08-02,7,1,6
2022-08-02,5,3,2
2022-08-01,28,11,17
2022-08-01,58,24,34
2022-08-01,93,36,57
2022-08-01,168,64,104
2022-08-01,223,84,139
2022-08-01,340,127,213
2022-08-01,474,150,324
2022-08-01,302,123,179
2022-08-01,174,82,92
2022-08-01,155,46,109
2022-08-01,120,54,66
2022-08-01,154,66,88
2022-08-01,98,45,53
2022-08-01,134,54,80
2022-08-01,212,85,127
2022-08-01,335,143,192
2022-08-01,219,90,129
2022-08-01,100,43,57
2022-08-01,27,5,22
2022-08-01,10,2,8
2022-08-01,5,2,3
2022-08-01,3,0,3
2022-08-01,12,5,7
2022-08-01,23,7,16
2022-07-31,28,7,21
2022-07-31,35,18,17
2022-07-31,75,46,29
2022-07-31,108,44,64
2022-07-31,134,70,64
2022-07-31,129,62,67
2022-07-31,163,69,94
2022-07-31,172,80,92
2022-07-31,167,82,85
2022-07-31,165,59,106
2022-07-31,222,112,110
2022-07-31,235,132,103
2022-07-31,236,114,122
2022-07-31,226,102,124
2022-07-31,166,72,94
2022-07-31,115,45,70
2022-07-31,70,27,43
2022-07-31,19,8,11
2022-07-31,15,5,10
2022-07-31,4,1,3
2022-07-31,4,3,1
2022-07-31,8,5,3
2022-07-31,19,4,15
2022-07-31,36,11,25
2022-07-30,49,15,34
2022-07-30,62,21,41
2022-07-30,142,55,87
2022-07-30,99,38,61
2022-07-30,163,47,116
2022-07-30,122,59,63
2022-07-30,127,62,65
2022-07-30,142,56,86
2022-07-30,151,74,77
2022-07-30,175,62,113
2022-07-30,175,79,96
2022-07-30,191,70,121
2022-07-30,217,100,117
2022-07-30,249,112,137
2022-07-30,198,99,99
2022-07-30,124,66,58
2022-07-30,78,31,47
2022-07-30,43,16,27
2022-07-30,12,4,8
2022-07-30,3,1,2
2022-07-30,7,2,5
2022-07-30,10,4,6
2022-07-30,24,6,18
2022-07-30,47,24,23
2022-07-29,70,20,50
2022-07-29,53,24,29
2022-07-29,101,49,52
2022-07-29,116,54,62
2022-07-29,205,70,135
2022-07-29,255,114,141
2022-07-29,299,97,202
2022-07-29,270,83,187
2022-07-29,169,67,102
2022-07-29,143,60,83
2022-07-29,139,51,88
2022-07-29,146,64,82
2022-07-29,154,73,81
2022-07-29,128,48,80
2022-07-29,220,95,125
2022-07-29,255,118,137
2022-07-29,183,84,99
2022-07-29,90,30,60
2022-07-29,24,9,15
2022-07-29,7,2,5
2022-07-29,5,4,1
2022-07-29,4,4,0
2022-07-29,2,0,2
2022-07-29,8,2,6
2022-07-28,34,13,21
2022-07-28,65,33,32
2022-07-28,135,72,63
2022-07-28,211,74,137
2022-07-28,202,77,125
2022-07-28,355,119,236
2022-07-28,476,122,354
2022-07-28,309,111,198
2022-07-28,178,72,106
2022-07-28,127,56,71
2022-07-28,123,53,70
2022-07-28,98,29,69
2022-07-28,140,55,85
2022-07-28,127,51,76
2022-07-28,226,94,132
2022-07-28,356,185,171
2022-07-28,256,107,149
2022-07-28,120,52,68
2022-07-28,35,11,24
2022-07-28,11,1,10
2022-07-28,4,3,1
2022-07-28,3,1,2
2022-07-28,3,2,1
2022-07-28,8,2,6
2022-07-27,36,22,14
2022-07-27,59,25,34
2022-07-27,130,65,65
2022-07-27,155,59,96
2022-07-27,198,82,116
2022-07-27,339,104,235
2022-07-27,448,112,336
2022-07-27,289,101,188
2022-07-27,183,73,110
2022-07-27,154,55,99
2022-07-27,86,55,31
2022-07-27,119,51,68
2022-07-27,120,60,60
2022-07-27,153,63,90
2022-07-27,270,125,145
2022-07-27,360,168,192
2022-07-27,297,112,185
2022-07-27,129,49,80
2022-07-27,39,16,23
2022-07-27,7,2,5
2022-07-27,2,1,1
2022-07-27,5,1,4
2022-07-27,1,1,0
2022-07-27,11,5,6
2022-07-26,26,7,19
2022-07-26,53,24,29
2022-07-26,98,42,56
2022-07-26,163,66,97
2022-07-26,176,75,101
2022-07-26,341,137,204
2022-07-26,452,118,334
2022-07-26,295,94,201
2022-07-26,157,53,104
2022-07-26,118,46,72
2022-07-26,108,55,53
2022-07-26,127,71,56
2022-07-26,112,49,63
2022-07-26,140,70,70
2022-07-26,225,101,124
2022-07-26,402,173,229
2022-07-26,281,124,157
2022-07-26,137,59,78
2022-07-26,35,11,24
2022-07-26,7,1,6
2022-07-26,1,1,0
2022-07-26,4,3,1
2022-07-26,4,2,2
2022-07-26,5,2,3
2022-07-25,23,6,17
2022-07-25,45,19,26
2022-07-25,85,40,45
2022-07-25,125,44,81
2022-07-25,198,86,112
2022-07-25,317,108,209
2022-07-25,446,120,326
2022-07-25,270,89,181
2022-07-25,178,57,121
2022-07-25,124,43,81
2022-07-25,113,47,66
2022-07-25,116,55,61
2022-07-25,116,52,64
2022-07-25,131,47,84
2022-07-25,201,84,117
2022-07-25,288,125,163
2022-07-25,216,88,128
2022-07-25,101,39,62
2022-07-25,25,9,16
2022-07-25,7,1,6
2022-07-25,1,1,0
2022-07-25,3,1,2
2022-07-25,7,7,0
2022-07-25,5,2,3
2022-07-24,18,4,14
2022-07-24,41,17,24
2022-07-24,62,20,42
2022-07-24,94,42,52
2022-07-24,141,64,77
2022-07-24,179,76,103
2022-07-24,181,86,95
2022-07-24,212,108,104
2022-07-24,278,126,152
2022-07-24,239,120,119
2022-07-24,257,124,133
2022-07-24,267,146,121
2022-07-24,255,116,139
2022-07-24,200,88,112
2022-07-24,124,55,69
2022-07-24,102,51,51
2022-07-24,33,12,21
2022-07-24,23,11,12
2022-07-24,15,4,11
2022-07-24,4,2,2
2022-07-24,4,3,1
2022-07-24,15,10,5
2022-07-24,12,6,6
2022-07-24,29,11,18
2022-07-23,32,4,28
2022-07-23,81,39,42
2022-07-23,173,46,127
2022-07-23,127,43,84
2022-07-23,246,81,165
2022-07-23,227,115,112
2022-07-23,247,103,144
2022-07-23,248,120,128
2022-07-23,259,137,122
2022-07-23,239,109,130
2022-07-23,214,90,124
2022-07-23,197,95,102
2022-07-23,201,94,107
2022-07-23,172,59,113
2022-07-23,139,60,79
2022-07-23,105,45,60
2022-07-23,55,17,38
2022-07-23,34,17,17
2022-07-23,9,4,5
2022-07-23,6,2,4
2022-07-23,6,3,3
2022-07-23,10,4,6
2022-07-23,12,2,10
2022-07-23,18,11,7
2022-07-22,53,25,28
2022-07-22,47,20,27
2022-07-22,109,46,63
2022-07-22,165,79,86
2022-07-22,213,86,127
2022-07-22,238,109,129
2022-07-22,374,148,226
2022-07-22,302,119,183
2022-07-22,224,80,144
2022-07-22,175,76,99
2022-07-22,119,56,63
2022-07-22,126,57,69
2022-07-22,118,51,67
2022-07-22,124,55,69
2022-07-22,169,74,95
2022-07-22,244,98,146
2022-07-22,159,63,96
2022-07-22,72,33,39
2022-07-22,19,7,12
2022-07-22,10,1,9
2022-07-22,9,8,1
2022-07-22,1,0,1
2022-07-22,2,1,1
2022-07-22,16,7,9
2022-07-21,30,12,18
2022-07-21,62,26,36
2022-07-21,126,63,63
2022-07-21,229,98,131
2022-07-21,246,111,135
2022-07-21,404,129,275
2022-07-21,549,154,395
2022-07-21,372,131,241
2022-07-21,206,89,117
2022-07-21,162,74,88
2022-07-21,137,60,77
2022-07-21,150,61,89
2022-07-21,156,65,91
2022-07-21,186,69,117
2022-07-21,271,112,159
2022-07-21,344,167,177
2022-07-21,246,87,159
2022-07-21,119,53,66
2022-07-21,31,10,21
2022-07-21,10,1,9
2022-07-21,4,3,1
2022-07-21,4,1,3
2022-07-21,5,0,5
2022-07-21,6,3,3
2022-07-20,35,11,24
2022-07-20,45,17,28
2022-07-20,135,65,70
2022-07-20,203,79,124
2022-07-20,256,99,157
2022-07-20,447,155,292
2022-07-20,575,149,426
2022-07-20,350,114,236
2022-07-20,205,96,109
2022-07-20,122,56,66
2022-07-20,125,56,69
2022-07-20,140,73,67
2022-07-20,168,73,95
2022-07-20,156,55,101
2022-07-20,269,114,155
2022-07-20,391,177,214
2022-07-20,314,138,176
2022-07-20,108,55,53
2022-07-20,29,9,20
2022-07-20,12,5,7
2022-07-20,1,1,0
2022-07-20,3,2,1
2022-07-20,0,0,0
2022-07-20,5,1,4
2022-07-19,26,13,13
2022-07-19,55,28,27
2022-07-19,118,49,69
2022-07-19,192,71,121
2022-07-19,261,90,171
2022-07-19,445,172,273
2022-07-19,599,169,430
2022-07-19,415,119,296
2022-07-19,235,103,132
2022-07-19,186,73,113
2022-07-19,150,63,87
2022-07-19,162,74,88
2022-07-19,125,53,72
2022-07-19,137,57,80
2022-07-19,268,109,159
2022-07-19,396,170,226
2022-07-19,279,112,167
2022-07-19,113,48,65
2022-07-19,36,9,27
2022-07-19,8,2,6
2022-07-19,0,0,0
2022-07-19,3,2,1
2022-07-19,3,1,2
2022-07-19,13,8,5
2022-07-18,19,9,10
2022-07-18,35,13,22
2022-07-18,78,34,44
2022-07-18,164,79,85
2022-07-18,219,73,146
2022-07-18,316,111,205
2022-07-18,473,135,338
2022-07-18,279,102,177
2022-07-18,173,75,98
2022-07-18,109,41,68
2022-07-18,111,50,61
2022-07-18,106,42,64
2022-07-18,99,46,53
2022-07-18,107,39,68
2022-07-18,175,62,113
2022-07-18,272,115,157
2022-07-18,163,59,104
2022-07-18,85,30,55
2022-07-18,20,5,15
2022-07-18,7,2,5
2022-07-18,4,1,3
2022-07-18,3,2,1
2022-07-18,10,2,8
2022-07-18,4,0,4
2022-07-17,12,6,6
2022-07-17,19,6,13
2022-07-17,61,32,29
2022-07-17,81,42,39
2022-07-17,98,47,51
2022-07-17,175,75,100
2022-07-17,230,107,123
2022-07-17,241,105,136
2022-07-17,258,121,137
2022-07-17,208,106,102
2022-07-17,245,130,115
2022-07-17,221,120,101
2022-07-17,219,102,117
2022-07-17,128,56,72
2022-07-17,107,47,60
2022-07-17,74,34,40
2022-07-17,33,14,19
2022-07-17,19,10,9
2022-07-17,9,4,5
2022-07-17,5,2,3
2022-07-17,4,3,1
2022-07-17,5,1,4
2022-07-17,12,3,9
2022-07-17,16,11,5
2022-07-16,20,7,13
2022-07-16,55,27,28
2022-07-16,101,20,81
2022-07-16,108,52,56
2022-07-16,160,41,119
2022-07-16,168,68,100
2022-07-16,155,80,75
2022-07-16,212,102,110
2022-07-16,221,117,104
2022-07-16,253,125,128
2022-07-16,239,113,126
2022-07-16,184,87,97
2022-07-16,197,90,107
2022-07-16,137,70,67
2022-07-16,119,51,68
2022-07-16,94,38,56
2022-07-16,44,23,21
2022-07-16,58,20,38
2022-07-16,40,16,24
2022-07-16,32,7,25
2022-07-16,12,5,7
2022-07-16,12,5,7
2022-07-16,13,4,9
2022-07-16,27,16,11
2022-07-15,36,15,21
2022-07-15,59,21,38
2022-07-15,118,67,51
2022-07-15,128,55,73
2022-07-15,165,59,106
2022-07-15,275,111,164
2022-07-15,355,121,234
2022-07-15,329,129,200
2022-07-15,213,85,128
2022-07-15,190,77,113
2022-07-15,158,63,95
2022-07-15,158,70,88
2022-07-15,139,69,70
2022-07-15,150,65,85
2022-07-15,182,76,106
2022-07-15,257,111,146
2022-07-15,169,77,92
2022-07-15,74,32,42
2022-07-15,20,9,11
2022-07-15,9,3,6
2022-07-15,2,1,1
2022-07-15,2,0,2
2022-07-15,8,6,2
2022-07-15,6,3,3
2022-07-14,26,11,15
2022-07-14,65,32,33
2022-07-14,129,49,80
2022-07-14,185,66,119
2022-07-14,260,106,154
2022-07-14,368,143,225
2022-07-14,518,165,353
2022-07-14,369,137,232
2022-07-14,210,86,124
2022-07-14,159,65,94
2022-07-14,142,54,88
2022-07-14,156,66,90
2022-07-14,146,60,86
2022-07-14,125,59,66
2022-07-14,212,88,124
2022-07-14,386,158,228
2022-07-14,251,103,148
2022-07-14,111,40,71
2022-07-14,36,15,21
2022-07-14,15,5,10
2022-07-14,3,2,1
2022-07-14,0,0,0
2022-07-14,2,2,0
2022-07-14,14,5,9
2022-07-13,35,18,17
2022-07-13,64,32,32
2022-07-13,117,53,64
2022-07-13,168,75,93
2022-07-13,264,118,146
2022-07-13,424,160,264
2022-07-13,564,170,394
2022-07-13,412,128,284
2022-07-13,177,64,113
2022-07-13,164,68,96
2022-07-13,137,48,89
2022-07-13,149,66,83
2022-07-13,129,59,70
2022-07-13,153,64,89
2022-07-13,230,93,137
2022-07-13,368,141,227
2022-07-13,290,125,165
2022-07-13,116,48,68
2022-07-13,24,9,15
2022-07-13,13,3,10
2022-07-13,1,0,1
2022-07-13,5,1,4
2022-07-13,4,2,2
2022-07-13,3,0,3
2022-07-12,20,7,13
2022-07-12,52,12,40
2022-07-12,173,84,89
2022-07-12,205,90,115
2022-07-12,258,100,158
2022-07-12,427,154,273
2022-07-12,596,162,434
2022-07-12,371,126,245
2022-07-12,224,86,138
2022-07-12,157,55,102
2022-07-12,138,70,68
2022-07-12,122,55,67
2022-07-12,132,54,78
2022-07-12,136,70,66
2022-07-12,263,125,138
2022-07-12,411,176,235
2022-07-12,320,136,184
2022-07-12,131,54,77
2022-07-12,35,9,26
2022-07-12,12,1,11
2022-07-12,9,4,5
2022-07-12,0,0,0
2022-07-12,3,1,2
2022-07-12,11,7,4
2022-07-11,25,16,9
2022-07-11,45,15,30
2022-07-11,133,58,75
2022-07-11,134,49,85
2022-07-11,259,108,151
2022-07-11,379,136,243
2022-07-11,516,156,360
2022-07-11,326,115,211
2022-07-11,208,88,120
2022-07-11,173,72,101
2022-07-11,115,53,62
2022-07-11,122,40,82
2022-07-11,123,52,71
2022-07-11,129,44,85
2022-07-11,196,94,102
2022-07-11,342,133,209
2022-07-11,255,98,157
2022-07-11,103,43,60
2022-07-11,24,7,17
2022-07-11,11,4,7
2022-07-11,2,1,1
2022-07-11,2,1,1
2022-07-11,12,3,9
2022-07-11,12,5,7
2022-07-10,11,4,7
2022-07-10,25,12,13
2022-07-10,83,35,48
2022-07-10,111,58,53
2022-07-10,146,66,80
2022-07-10,210,94,116
2022-07-10,254,116,138
2022-07-10,216,123,93
2022-07-10,243,118,125
2022-07-10,274,128,146
2022-07-10,212,104,108
2022-07-10,233,91,142
2022-07-10,174,89,85
2022-07-10,180,63,117
2022-07-10,130,68,62
2022-07-10,90,43,47
2022-07-10,48,17,31
2022-07-10,27,12,15
2022-07-10,3,0,3
2022-07-10,6,3,3
2022-07-10,6,0,6
2022-07-10,10,4,6
2022-07-10,15,5,10
2022-07-10,13,7,6
2022-07-09,43,22,21
2022-07-09,52,29,23
2022-07-09,119,26,93
2022-07-09,98,55,43
2022-07-09,204,63,141
2022-07-09,210,106,104
2022-07-09,240,100,140
2022-07-09,336,144,192
2022-07-09,267,114,153
2022-07-09,277,125,152
2022-07-09,275,126,149
2022-07-09,593,425,168
2022-07-09,253,125,128
2022-07-09,173,64,109
2022-07-09,148,58,90
2022-07-09,95,40,55
2022-07-09,61,26,35
2022-07-09,35,14,21
2022-07-09,10,5,5
2022-07-09,3,0,3
2022-07-09,4,1,3
2022-07-09,9,3,6
2022-07-09,14,8,6
2022-07-09,26,13,13
2022-07-08,41,18,23
2022-07-08,62,30,32
2022-07-08,109,68,41
2022-07-08,172,73,99
2022-07-08,237,86,151
2022-07-08,262,106,156
2022-07-08,354,122,232
2022-07-08,295,116,179
2022-07-08,190,75,115
2022-07-08,185,77,108
2022-07-08,158,64,94
2022-07-08,127,50,77
2022-07-08,138,56,82
2022-07-08,128,50,78
2022-07-08,162,68,94
2022-07-08,200,92,108
2022-07-08,147,60,87
2022-07-08,78,36,42
2022-07-08,21,3,18
2022-07-08,7,2,5
2022-07-08,3,3,0
2022-07-08,1,1,0
2022-07-08,3,0,3
2022-07-08,7,1,6
2022-07-07,40,18,22
2022-07-07,53,30,23
2022-07-07,99,46,53
2022-07-07,193,73,120
2022-07-07,251,108,143
2022-07-07,441,153,288
2022-07-07,552,164,388
2022-07-07,385,146,239
2022-07-07,205,73,132
2022-07-07,156,68,88
2022-07-07,135,57,78
2022-07-07,146,59,87
2022-07-07,148,82,66
2022-07-07,140,60,80
2022-07-07,217,89,128
2022-07-07,346,150,196
2022-07-07,233,89,144
2022-07-07,112,60,52
2022-07-07,32,14,18
2022-07-07,8,2,6
2022-07-07,5,4,1
2022-07-07,7,4,3
2022-07-07,4,0,4
2022-07-07,5,2,3
2022-07-06,15,4,11
2022-07-06,36,17,19
2022-07-06,78,46,32
2022-07-06,132,61,71
2022-07-06,202,80,122
2022-07-06,369,118,251
2022-07-06,441,145,296
2022-07-06,313,105,208
2022-07-06,187,64,123
2022-07-06,110,41,69
2022-07-06,111,54,57
2022-07-06,124,55,69
2022-07-06,149,67,82
2022-07-06,114,44,70
2022-07-06,209,86,123
2022-07-06,299,124,175
2022-07-06,206,83,123
2022-07-06,99,42,57
2022-07-06,20,5,15
2022-07-06,12,4,8
2022-07-06,3,2,1
2022-07-06,1,0,1
2022-07-06,3,1,2
2022-07-06,2,1,1
2022-07-05,6,2,4
2022-07-05,22,9,13
2022-07-05,46,17,29
2022-07-05,57,25,32
2022-07-05,135,56,79
2022-07-05,222,84,138
2022-07-05,341,92,249
2022-07-05,269,81,188
2022-07-05,203,66,137
2022-07-05,137,66,71
2022-07-05,127,60,67
2022-07-05,125,54,71
2022-07-05,123,51,72
2022-07-05,122,52,70
2022-07-05,188,76,112
2022-07-05,274,122,152
2022-07-05,181,79,102
2022-07-05,80,32,48
2022-07-05,17,5,12
2022-07-05,14,5,9
2022-07-05,4,3,1
2022-07-05,5,4,1
2022-07-05,4,3,1
2022-07-05,42,11,31
2022-07-04,229,98,131
2022-07-04,155,50,105
2022-07-04,164,68,96
2022-07-04,199,92,107
2022-07-04,211,84,127
2022-07-04,243,107,136
2022-07-04,310,138,172
2022-07-04,276,128,148
2022-07-04,265,125,140
2022-07-04,263,126,137
2022-07-04,276,97,179
2022-07-04,221,108,113
2022-07-04,219,116,103
2022-07-04,154,66,88
2022-07-04,116,54,62
2022-07-04,68,31,37
2022-07-04,33,16,17
2022-07-04,22,4,18
2022-07-04,7,3,4
2022-07-04,6,3,3
2022-07-04,4,2,2
2022-07-04,1,1,0
2022-07-04,5,4,1
2022-07-04,5,1,4
2022-07-03,9,3,6
2022-07-03,13,6,7
2022-07-03,15,8,7
2022-07-03,18,10,8
2022-07-03,33,18,15
2022-07-03,42,18,24
2022-07-03,38,18,20
2022-07-03,66,28,38
2022-07-03,56,20,36
2022-07-03,56,31,25
2022-07-03,36,16,20
2022-07-03,72,38,34
2022-07-03,51,18,33
2022-07-03,63,25,38
2022-07-03,30,17,13
2022-07-03,27,15,12
2022-07-03,24,6,18
2022-07-03,18,8,10
2022-07-03,9,2,7
2022-07-03,5,2,3
2022-07-03,4,0,4
2022-07-03,6,2,4
2022-07-03,12,7,5
2022-07-03,25,13,12
2022-07-02,22,10,12
2022-07-02,54,20,34
2022-07-02,105,21,84
2022-07-02,93,34,59
2022-07-02,173,53,120
2022-07-02,186,74,112
2022-07-02,248,117,131
2022-07-02,245,101,144
2022-07-02,234,120,114
2022-07-02,185,74,111
2022-07-02,247,115,132
2022-07-02,224,87,137
2022-07-02,198,85,113
2022-07-02,177,88,89
2022-07-02,135,77,58
2022-07-02,105,35,70
2022-07-02,45,11,34
2022-07-02,39,14,25
2022-07-02,12,2,10
2022-07-02,8,0,8
2022-07-02,2,2,0
2022-07-02,6,1,5
2022-07-02,5,1,4
2022-07-02,24,9,15
2022-07-01,35,9,26
2022-07-01,71,27,44
2022-07-01,118,57,61
2022-07-01,119,51,68
2022-07-01,199,78,121
2022-07-01,228,88,140
2022-07-01,373,126,247
2022-07-01,334,110,224
2022-07-01,265,120,145
2022-07-01,212,99,113
2022-07-01,186,65,121
2022-07-01,161,63,98
2022-07-01,147,65,82
2022-07-01,140,66,74
2022-07-01,183,60,123
2022-07-01,212,97,115
2022-07-01,139,63,76
2022-07-01,76,31,45
2022-07-01,24,11,13
2022-07-01,5,0,5
2022-07-01,3,3,0
2022-07-01,0,0,0
2022-07-01,14,3,11
2022-07-01,15,4,11
2022-06-30,19,4,15
2022-06-30,42,16,26
2022-06-30,119,63,56
2022-06-30,148,48,100
2022-06-30,217,89,128
2022-06-30,386,139,247
2022-06-30,469,136,333
2022-06-30,352,129,223
2022-06-30,194,74,120
2022-06-30,157,71,86
2022-06-30,157,63,94
2022-06-30,146,71,75
2022-06-30,113,41,72
2022-06-30,125,62,63
2022-06-30,235,78,157
2022-06-30,289,120,169
2022-06-30,218,91,127
2022-06-30,109,54,55
2022-06-30,25,6,19
2022-06-30,8,3,5
2022-06-30,1,1,0
2022-06-30,4,3,1
2022-06-30,6,1,5
2022-06-30,18,7,11
2022-06-29,13,8,5
2022-06-29,39,13,26
2022-06-29,96,40,56
2022-06-29,123,58,65
2022-06-29,177,64,113
2022-06-29,327,117,210
2022-06-29,494,155,339
2022-06-29,290,105,185
2022-06-29,195,75,120
2022-06-29,127,71,56
2022-06-29,121,50,71
2022-06-29,141,54,87
2022-06-29,127,69,58
2022-06-29,129,61,68
2022-06-29,230,92,138
2022-06-29,313,132,181
2022-06-29,236,104,132
2022-06-29,79,39,40
2022-06-29,27,11,16
2022-06-29,14,2,12
2022-06-29,0,0,0
2022-06-29,3,1,2
2022-06-29,10,7,3
2022-06-29,6,2,4
2022-06-28,22,10,12
2022-06-28,42,11,31
2022-06-28,60,26,34
2022-06-28,108,40,68
2022-06-28,177,62,115
2022-06-28,278,82,196
2022-06-28,470,135,335
2022-06-28,319,99,220
2022-06-28,186,58,128
2022-06-28,116,55,61
2022-06-28,108,54,54
2022-06-28,113,49,64
2022-06-28,90,34,56
2022-06-28,98,37,61
2022-06-28,228,97,131
2022-06-28,346,144,202
2022-06-28,279,112,167
2022-06-28,115,54,61
2022-06-28,25,10,15
2022-06-28,14,4,10
2022-06-28,3,1,2
2022-06-28,2,0,2
2022-06-28,6,1,5
2022-06-28,7,4,3
2022-06-27,23,8,15
2022-06-27,40,17,23
2022-06-27,128,47,81
2022-06-27,130,47,83
2022-06-27,187,73,114
2022-06-27,252,84,168
2022-06-27,372,104,268
2022-06-27,234,89,145
2022-06-27,150,57,93
2022-06-27,119,56,63
2022-06-27,112,58,54
2022-06-27,114,57,57
2022-06-27,111,42,69
2022-06-27,116,54,62
2022-06-27,187,70,117
2022-06-27,274,119,155
2022-06-27,220,97,123
2022-06-27,95,43,52
2022-06-27,25,6,19
2022-06-27,9,2,7
2022-06-27,1,1,0
2022-06-27,5,2,3
2022-06-27,8,2,6
2022-06-27,5,4,1
2022-06-26,11,3,8
2022-06-26,42,12,30
2022-06-26,75,32,43
2022-06-26,116,57,59
2022-06-26,139,74,65
2022-06-26,159,82,77
2022-06-26,185,81,104
2022-06-26,251,107,144
2022-06-26,256,98,158
2022-06-26,276,92,184
2022-06-26,295,190,105
2022-06-26,319,164,155
2022-06-26,271,118,153
2022-06-26,217,93,124
2022-06-26,169,82,87
2022-06-26,132,62,70
2022-06-26,54,21,33
2022-06-26,33,16,17
2022-06-26,11,3,8
2022-06-26,7,1,6
2022-06-26,3,0,3
2022-06-26,10,3,7
2022-06-26,15,4,11
2022-06-26,12,6,6
2022-06-25,28,14,14
2022-06-25,72,38,34
2022-06-25,152,55,97
2022-06-25,119,36,83
2022-06-25,227,78,149
2022-06-25,158,82,76
2022-06-25,211,92,119
2022-06-25,248,133,115
2022-06-25,245,109,136
2022-06-25,321,123,198
2022-06-25,231,136,95
2022-06-25,246,97,149
2022-06-25,309,147,162
2022-06-25,216,97,119
2022-06-25,181,80,101
2022-06-25,137,55,82
2022-06-25,72,27,45
2022-06-25,36,10,26
2022-06-25,12,7,5
2022-06-25,3,2,1
2022-06-25,2,1,1
2022-06-25,7,1,6
2022-06-25,17,12,5
2022-06-25,36,14,22
2022-06-24,49,22,27
2022-06-24,86,41,45
2022-06-24,139,65,74
2022-06-24,163,61,102
2022-06-24,213,76,137
2022-06-24,307,116,191
2022-06-24,413,157,256
2022-06-24,316,117,199
2022-06-24,264,96,168
2022-06-24,177,75,102
2022-06-24,167,77,90
2022-06-24,148,73,75
2022-06-24,159,67,92
2022-06-24,125,61,64
2022-06-24,156,61,95
2022-06-24,243,105,138
2022-06-24,160,54,106
2022-06-24,84,35,49
2022-06-24,26,10,16
2022-06-24,11,3,8
2022-06-24,3,1,2
2022-06-24,3,2,1
2022-06-24,5,1,4
2022-06-24,18,9,9
2022-06-23,24,12,12
2022-06-23,52,24,28
2022-06-23,110,54,56
2022-06-23,148,59,89
2022-06-23,246,91,155
2022-06-23,392,148,244
2022-06-23,535,158,377
2022-06-23,385,123,262
2022-06-23,231,80,151
2022-06-23,180,73,107
2022-06-23,133,58,75
2022-06-23,138,54,84
2022-06-23,131,54,77
2022-06-23,118,34,84
2022-06-23,229,97,132
2022-06-23,346,167,179
2022-06-23,282,119,163
2022-06-23,101,43,58
2022-06-23,31,13,18
2022-06-23,15,5,10
2022-06-23,3,2,1
2022-06-23,3,1,2
2022-06-23,2,1,1
2022-06-23,3,1,2
2022-06-22,20,6,14
2022-06-22,41,16,25
2022-06-22,54,26,28
2022-06-22,114,51,63
2022-06-22,171,54,117
2022-06-22,282,95,187
2022-06-22,443,113,330
2022-06-22,270,80,190
2022-06-22,156,62,94
2022-06-22,101,48,53
2022-06-22,101,36,65
2022-06-22,129,56,73
2022-06-22,111,41,70
2022-06-22,112,47,65
2022-06-22,173,57,116
2022-06-22,284,122,162
2022-06-22,221,88,133
2022-06-22,102,47,55
2022-06-22,34,12,22
2022-06-22,10,2,8
2022-06-22,2,0,2
2022-06-22,2,1,1
2022-06-22,3,1,2
2022-06-22,15,12,3
2022-06-21,21,7,14
2022-06-21,77,34,43
2022-06-21,136,75,61
2022-06-21,210,88,122
2022-06-21,282,108,174
2022-06-21,478,191,287
2022-06-21,561,177,384
2022-06-21,362,120,242
2022-06-21,267,92,175
2022-06-21,169,71,98
2022-06-21,143,58,85
2022-06-21,138,68,70
2022-06-21,120,51,69
2022-06-21,120,54,66
2022-06-21,200,71,129
2022-06-21,352,161,191
2022-06-21,270,127,143
2022-06-21,105,53,52
2022-06-21,37,13,24
2022-06-21,14,5,9
2022-06-21,0,0,0
2022-06-21,9,5,4
2022-06-21,3,1,2
2022-06-21,13,2,11
2022-06-20,24,7,17
2022-06-20,42,17,25
2022-06-20,110,46,64
2022-06-20,131,57,74
2022-06-20,204,92,112
2022-06-20,329,147,182
2022-06-20,336,137,199
2022-06-20,252,108,144
2022-06-20,242,94,148
2022-06-20,168,72,96
2022-06-20,165,80,85
2022-06-20,138,60,78
2022-06-20,117,54,63
2022-06-20,102,45,57
2022-06-20,101,35,66
2022-06-20,165,78,87
2022-06-20,104,45,59
2022-06-20,56,23,33
2022-06-20,22,6,16
2022-06-20,9,4,5
2022-06-20,4,4,0
2022-06-20,7,1,6
2022-06-20,8,5,3
2022-06-20,10,3,7
2022-06-19,10,5,5
2022-06-19,19,10,9
2022-06-19,44,29,15
2022-06-19,94,58,36
2022-06-19,107,56,51
2022-06-19,200,82,118
2022-06-19,250,138,112
2022-06-19,240,108,132
2022-06-19,285,146,139
2022-06-19,270,120,150
2022-06-19,278,122,156
2022-06-19,263,115,148
2022-06-19,143,70,73
2022-06-19,151,74,77
2022-06-19,109,41,68
2022-06-19,72,27,45
2022-06-19,22,9,13
2022-06-19,28,12,16
2022-06-19,9,4,5
2022-06-19,3,1,2
2022-06-19,5,2,3
2022-06-19,7,5,2
2022-06-19,7,2,5
2022-06-19,20,9,11
2022-06-18,32,13,19
2022-06-18,36,15,21
2022-06-18,76,32,44
2022-06-18,90,45,45
2022-06-18,145,74,71
2022-06-18,196,103,93
2022-06-18,202,97,105
2022-06-18,273,99,174
2022-06-18,242,107,135
2022-06-18,264,90,174
2022-06-18,279,99,180
2022-06-18,233,78,155
2022-06-18,203,79,124
2022-06-18,145,75,70
2022-06-18,110,54,56
2022-06-18,94,43,51
2022-06-18,35,10,25
2022-06-18,18,5,13
2022-06-18,4,2,2
2022-06-18,1,0,1
2022-06-18,3,0,3
2022-06-18,3,0,3
2022-06-18,6,3,3
2022-06-18,16,3,13
2022-06-17,30,10,20
2022-06-17,23,7,16
2022-06-17,42,18,24
2022-06-17,52,17,35
2022-06-17,77,28,49
2022-06-17,83,28,55
2022-06-17,157,52,105
2022-06-17,129,31,98
2022-06-17,89,29,60
2022-06-17,78,26,52
2022-06-17,65,27,38
2022-06-17,68,24,44
2022-06-17,60,34,26
2022-06-17,78,26,52
2022-06-17,122,57,65
2022-06-17,200,95,105
2022-06-17,113,47,66
2022-06-17,56,22,34
2022-06-17,23,6,17
2022-06-17,7,1,6
2022-06-17,2,1,1
2022-06-17,1,0,1
2022-06-17,6,5,1
2022-06-17,14,5,9
2022-06-16,18,6,12
2022-06-16,53,28,25
2022-06-16,95,53,42
2022-06-16,173,74,99
2022-06-16,240,93,147
2022-06-16,387,136,251
2022-06-16,503,162,341
2022-06-16,312,115,197
2022-06-16,235,86,149
2022-06-16,139,50,89
2022-06-16,142,66,76
2022-06-16,116,59,57
2022-06-16,124,64,60
2022-06-16,128,46,82
2022-06-16,142,54,88
2022-06-16,301,134,167
2022-06-16,195,84,111
2022-06-16,93,43,50
2022-06-16,37,17,20
2022-06-16,9,3,6
2022-06-16,1,1,0
2022-06-16,2,1,1
2022-06-16,3,2,1
2022-06-16,7,2,5
2022-06-15,19,11,8
2022-06-15,31,11,20
2022-06-15,60,28,32
2022-06-15,135,59,76
2022-06-15,160,56,104
2022-06-15,287,111,176
2022-06-15,426,123,303
2022-06-15,275,85,190
2022-06-15,171,58,113
2022-06-15,151,46,105
2022-06-15,132,46,86
2022-06-15,121,54,67
2022-06-15,107,65,42
2022-06-15,136,41,95
2022-06-15,215,66,149
2022-06-15,337,151,186
2022-06-15,246,98,148
2022-06-15,106,49,57
2022-06-15,31,13,18
2022-06-15,11,4,7
2022-06-15,2,1,1
2022-06-15,2,1,1
2022-06-15,1,1,0
2022-06-15,6,4,2
2022-06-14,11,7,4
2022-06-14,55,20,35
2022-06-14,71,29,42
2022-06-14,77,30,47
2022-06-14,202,76,126
2022-06-14,270,91,179
2022-06-14,485,155,330
2022-06-14,280,81,199
2022-06-14,168,71,97
2022-06-14,147,66,81
2022-06-14,97,33,64
2022-06-14,106,41,65
2022-06-14,113,45,68
2022-06-14,112,40,72
2022-06-14,200,82,118
2022-06-14,301,122,179
2022-06-14,249,110,139
2022-06-14,126,59,67
2022-06-14,20,11,9
2022-06-14,6,1,5
2022-06-14,4,0,4
2022-06-14,1,0,1
2022-06-14,3,2,1
2022-06-14,5,3,2
2022-06-13,19,7,12
2022-06-13,24,11,13
2022-06-13,27,12,15
2022-06-13,71,24,47
2022-06-13,113,38,75
2022-06-13,194,63,131
2022-06-13,306,93,213
2022-06-13,208,62,146
2022-06-13,106,45,61
2022-06-13,83,34,49
2022-06-13,74,29,45
2022-06-13,88,43,45
2022-06-13,64,26,38
2022-06-13,80,38,42
2022-06-13,123,38,85
2022-06-13,222,90,132
2022-06-13,161,72,89
2022-06-13,73,34,39
2022-06-13,21,8,13
2022-06-13,4,3,1
2022-06-13,2,2,0
2022-06-13,2,2,0
2022-06-13,4,0,4
2022-06-13,3,2,1
2022-06-12,9,4,5
2022-06-12,6,4,2
2022-06-12,19,9,10
2022-06-12,23,7,16
2022-06-12,50,21,29
2022-06-12,44,23,21
2022-06-12,99,41,58
2022-06-12,145,72,73
2022-06-12,185,80,105
2022-06-12,143,61,82
2022-06-12,152,65,87
2022-06-12,115,50,65
2022-06-12,91,44,47
2022-06-12,72,30,42
2022-06-12,60,31,29
2022-06-12,39,12,27
2022-06-12,25,10,15
2022-06-12,27,8,19
2022-06-12,8,4,4
2022-06-12,7,4,3
2022-06-12,3,1,2
2022-06-12,3,1,2
2022-06-12,15,4,11
2022-06-12,36,9,27
2022-06-11,37,24,13
2022-06-11,50,13,37
2022-06-11,130,38,92
2022-06-11,121,61,60
2022-06-11,233,75,158
2022-06-11,230,110,120
2022-06-11,282,145,137
2022-06-11,286,139,147
2022-06-11,340,178,162
2022-06-11,338,153,185
2022-06-11,282,149,133
2022-06-11,228,95,133
2022-06-11,254,127,127
2022-06-11,153,68,85
2022-06-11,117,46,71
2022-06-11,95,41,54
2022-06-11,36,19,17
2022-06-11,27,10,17
2022-06-11,10,2,8
2022-06-11,2,0,2
2022-06-11,3,1,2
2022-06-11,3,0,3
2022-06-11,4,2,2
2022-06-11,10,6,4
2022-06-10,25,8,17
2022-06-10,21,6,15
2022-06-10,28,15,13
2022-06-10,23,8,15
2022-06-10,53,25,28
2022-06-10,113,40,73
2022-06-10,168,42,126
2022-06-10,176,62,114
2022-06-10,132,51,81
2022-06-10,121,45,76
2022-06-10,118,57,61
2022-06-10,107,49,58
2022-06-10,137,63,74
2022-06-10,110,48,62
2022-06-10,151,65,86
2022-06-10,198,81,117
2022-06-10,143,58,85
2022-06-10,61,27,34
2022-06-10,18,6,12
2022-06-10,8,2,6
2022-06-10,1,0,1
2022-06-10,0,0,0
2022-06-10,0,0,0
2022-06-10,5,1,4
2022-06-09,12,8,4
2022-06-09,11,5,6
2022-06-09,10,5,5
2022-06-09,27,4,23
2022-06-09,43,15,28
2022-06-09,98,25,73
2022-06-09,179,33,146
2022-06-09,94,25,69
2022-06-09,45,15,30
2022-06-09,39,20,19
2022-06-09,17,5,12
2022-06-09,28,10,18
2022-06-09,37,22,15
2022-06-09,42,18,24
2022-06-09,99,29,70
2022-06-09,184,77,107
2022-06-09,155,70,85
2022-06-09,63,31,32
2022-06-09,23,8,15
2022-06-09,14,5,9
2022-06-09,5,2,3
2022-06-09,2,1,1
2022-06-09,5,2,3
2022-06-09,7,2,5
2022-06-08,36,12,24
2022-06-08,51,22,29
2022-06-08,119,58,61
2022-06-08,177,85,92
2022-06-08,252,100,152
2022-06-08,384,148,236
2022-06-08,545,157,388
2022-06-08,355,114,241
2022-06-08,164,66,98
2022-06-08,157,70,87
2022-06-08,137,54,83
2022-06-08,112,47,65
2022-06-08,103,37,66
2022-06-08,116,51,65
2022-06-08,211,70,141
2022-06-08,360,151,209
2022-06-08,259,114,145
2022-06-08,97,45,52
2022-06-08,31,11,20
2022-06-08,9,3,6
2022-06-08,6,3,3
2022-06-08,2,1,1
2022-06-08,5,2,3
2022-06-08,14,8,6
2022-06-07,27,8,19
2022-06-07,51,15,36
2022-06-07,71,22,49
2022-06-07,152,66,86
2022-06-07,225,95,130
2022-06-07,386,130,256
2022-06-07,585,192,393
2022-06-07,393,132,261
2022-06-07,248,79,169
2022-06-07,191,87,104
2022-06-07,143,55,88
2022-06-07,134,67,67
2022-06-07,148,70,78
2022-06-07,180,86,94
2022-06-07,232,99,133
2022-06-07,390,167,223
2022-06-07,316,136,180
2022-06-07,120,48,72
2022-06-07,37,18,19
2022-06-07,8,3,5
2022-06-07,2,1,1
2022-06-07,2,2,0
2022-06-07,2,1,1
2022-06-07,3,1,2
2022-06-06,17,8,9
2022-06-06,31,18,13
2022-06-06,58,23,35
2022-06-06,126,55,71
2022-06-06,189,79,110
2022-06-06,357,118,239
2022-06-06,448,145,303
2022-06-06,282,95,187
2022-06-06,163,66,97
2022-06-06,159,60,99
2022-06-06,110,41,69
2022-06-06,136,55,81
2022-06-06,103,43,60
2022-06-06,99,43,56
2022-06-06,152,55,97
2022-06-06,276,109,167
2022-06-06,191,83,108
2022-06-06,94,47,47
2022-06-06,30,12,18
2022-06-06,5,1,4
2022-06-06,0,0,0
2022-06-06,2,0,2
2022-06-06,3,1,2
2022-06-06,6,4,2
2022-06-05,6,2,4
2022-06-05,21,9,12
2022-06-05,27,14,13
2022-06-05,55,27,28
2022-06-05,62,21,41
2022-06-05,86,39,47
2022-06-05,143,79,64
2022-06-05,128,56,72
2022-06-05,133,64,69
2022-06-05,154,73,81
2022-06-05,133,64,69
2022-06-05,119,48,71
2022-06-05,108,50,58
2022-06-05,65,31,34
2022-06-05,18,11,7
2022-06-05,15,6,9
2022-06-05,7,5,2
2022-06-05,12,4,8
2022-06-05,7,1,6
2022-06-05,2,0,2
2022-06-05,0,0,0
2022-06-05,6,3,3
2022-06-05,9,4,5
2022-06-05,17,7,10
2022-06-04,18,12,6
2022-06-04,11,4,7
2022-06-04,19,10,9
2022-06-04,25,13,12
2022-06-04,58,29,29
2022-06-04,88,43,45
2022-06-04,80,41,39
2022-06-04,135,67,68
2022-06-04,221,108,113
2022-06-04,272,160,112
2022-06-04,271,147,124
2022-06-04,306,149,157
2022-06-04,275,135,140
2022-06-04,225,92,133
2022-06-04,130,55,75
2022-06-04,88,36,52
2022-06-04,30,15,15
2022-06-04,18,7,11
2022-06-04,5,0,5
2022-06-04,4,0,4
2022-06-04,5,4,1
2022-06-04,3,0,3
2022-06-04,7,5,2
2022-06-04,8,3,5
2022-06-03,28,8,20
2022-06-03,30,5,25
2022-06-03,42,12,30
2022-06-03,33,16,17
2022-06-03,99,48,51
2022-06-03,183,75,108
2022-06-03,253,77,176
2022-06-03,167,62,105
2022-06-03,113,51,62
2022-06-03,78,32,46
2022-06-03,53,25,28
2022-06-03,52,27,25
2022-06-03,60,25,35
2022-06-03,42,22,20
2022-06-03,77,28,49
2022-06-03,144,65,79
2022-06-03,80,27,53
2022-06-03,31,16,15
2022-06-03,19,10,9
2022-06-03,6,2,4
2022-06-03,2,1,1
2022-06-03,1,1,0
2022-06-03,7,4,3
2022-06-03,10,3,7
2022-06-02,16,10,6
2022-06-02,38,13,25
2022-06-02,65,19,46
2022-06-02,72,25,47
2022-06-02,102,42,60
2022-06-02,230,61,169
2022-06-02,405,115,290
2022-06-02,257,81,176
2022-06-02,166,60,106
2022-06-02,125,47,78
2022-06-02,135,57,78
2022-06-02,117,54,63
2022-06-02,130,56,74
2022-06-02,100,47,53
2022-06-02,217,86,131
2022-06-02,318,138,180
2022-06-02,242,101,141
2022-06-02,105,47,58
2022-06-02,27,11,16
2022-06-02,9,3,6
2022-06-02,4,2,2
2022-06-02,3,0,3
2022-06-02,2,0,2
2022-06-02,11,3,8
2022-06-01,18,6,12
2022-06-01,41,10,31
2022-06-01,49,16,33
2022-06-01,84,35,49
2022-06-01,162,61,101
2022-06-01,265,91,174
2022-06-01,505,126,379
2022-06-01,304,99,205
2022-06-01,198,68,130
2022-06-01,142,51,91
2022-06-01,137,67,70
2022-06-01,121,66,55
2022-06-01,98,38,60
2022-06-01,139,50,89
2022-06-01,223,86,137
2022-06-01,373,145,228
2022-06-01,272,128,144
2022-06-01,115,55,60
2022-06-01,41,14,27
2022-06-01,9,5,4
2022-06-01,0,0,0
2022-06-01,2,2,0
2022-06-01,2,0,2
2022-06-01,5,0,5
2022-05-31,14,8,6
2022-05-31,24,10,14
2022-05-31,81,38,43
2022-05-31,159,66,93
2022-05-31,213,82,131
2022-05-31,397,146,251
2022-05-31,489,167,322
2022-05-31,328,108,220
2022-05-31,201,82,119
2022-05-31,144,57,87
2022-05-31,123,48,75
2022-05-31,104,49,55
2022-05-31,86,33,53
2022-05-31,106,43,63
2022-05-31,190,81,109
2022-05-31,322,141,181
2022-05-31,251,113,138
2022-05-31,99,35,64
2022-05-31,32,12,20
2022-05-31,9,3,6
2022-05-31,2,1,1
2022-05-31,1,1,0
2022-05-31,2,0,2
2022-05-31,5,1,4
2022-05-30,10,4,6
2022-05-30,28,9,19
2022-05-30,46,15,31
2022-05-30,65,28,37
2022-05-30,70,32,38
2022-05-30,142,48,94
2022-05-30,176,66,110
2022-05-30,223,106,117
2022-05-30,249,115,134
2022-05-30,255,124,131
2022-05-30,252,122,130
2022-05-30,227,120,107
2022-05-30,196,93,103
2022-05-30,151,63,88
2022-05-30,121,59,62
2022-05-30,70,29,41
2022-05-30,37,12,25
2022-05-30,17,7,10
2022-05-30,5,0,5
2022-05-30,3,2,1
2022-05-30,3,1,2
2022-05-30,0,0,0
2022-05-30,0,0,0
2022-05-30,2,0,2
2022-05-29,11,5,6
2022-05-29,10,3,7
2022-05-29,7,2,5
2022-05-29,8,3,5
2022-05-29,14,6,8
2022-05-29,21,12,9
2022-05-29,28,6,22
2022-05-29,13,3,10
2022-05-29,41,17,24
2022-05-29,60,18,42
2022-05-29,97,45,52
2022-05-29,110,40,70
2022-05-29,89,29,60
2022-05-29,91,30,61
2022-05-29,68,29,39
2022-05-29,17,8,9
2022-05-29,15,4,11
2022-05-29,9,3,6
2022-05-29,7,1,6
2022-05-29,2,0,2
2022-05-29,3,1,2
2022-05-29,3,0,3
2022-05-29,8,2,6
2022-05-29,1,1,0
2022-05-28,7,2,5
2022-05-28,18,7,11
2022-05-28,22,11,11
2022-05-28,25,7,18
2022-05-28,29,9,20
2022-05-28,51,23,28
2022-05-28,52,15,37
2022-05-28,113,47,66
2022-05-28,82,39,43
2022-05-28,124,45,79
2022-05-28,123,51,72
2022-05-28,112,41,71
2022-05-28,136,59,77
2022-05-28,86,35,51
2022-05-28,49,19,30
2022-05-28,45,20,25
2022-05-28,32,15,17
2022-05-28,24,14,10
2022-05-28,8,2,6
2022-05-28,3,1,2
2022-05-28,3,0,3
2022-05-28,7,4,3
2022-05-28,15,8,7
2022-05-28,16,3,13
2022-05-27,23,13,10
2022-05-27,56,21,35
2022-05-27,53,26,27
2022-05-27,83,32,51
2022-05-27,146,53,93
2022-05-27,201,71,130
2022-05-27,285,110,175
2022-05-27,232,78,154
2022-05-27,224,113,111
2022-05-27,167,73,94
2022-05-27,125,46,79
2022-05-27,118,53,65
2022-05-27,103,42,61
2022-05-27,101,46,55
2022-05-27,137,52,85
2022-05-27,193,77,116
2022-05-27,134,59,75
2022-05-27,62,29,33
2022-05-27,17,4,13
2022-05-27,6,0,6
2022-05-27,1,1,0
2022-05-27,5,4,1
2022-05-27,7,4,3
2022-05-27,7,1,6
2022-05-26,20,9,11
2022-05-26,30,17,13
2022-05-26,33,16,17
2022-05-26,42,13,29
2022-05-26,101,34,67
2022-05-26,189,61,128
2022-05-26,301,72,229
2022-05-26,248,78,170
2022-05-26,156,63,93
2022-05-26,105,42,63
2022-05-26,102,43,59
2022-05-26,90,33,57
2022-05-26,69,30,39
2022-05-26,86,45,41
2022-05-26,148,60,88
2022-05-26,310,133,177
2022-05-26,189,86,103
2022-05-26,83,36,47
2022-05-26,27,8,19
2022-05-26,10,3,7
2022-05-26,4,1,3
2022-05-26,3,2,1
2022-05-26,3,2,1
2022-05-26,6,1,5
2022-05-25,15,4,11
2022-05-25,47,17,30
2022-05-25,71,33,38
2022-05-25,142,52,90
2022-05-25,240,96,144
2022-05-25,366,122,244
2022-05-25,470,152,318
2022-05-25,329,126,203
2022-05-25,237,98,139
2022-05-25,128,56,72
2022-05-25,91,40,51
2022-05-25,129,53,76
2022-05-25,107,54,53
2022-05-25,105,44,61
2022-05-25,206,65,141
2022-05-25,290,111,179
2022-05-25,243,115,128
2022-05-25,93,48,45
2022-05-25,30,13,17
2022-05-25,8,4,4
2022-05-25,3,3,0
2022-05-25,1,0,1
2022-05-25,1,0,1
2022-05-25,4,1,3
2022-05-24,15,8,7
2022-05-24,37,11,26
2022-05-24,38,18,20
2022-05-24,44,17,27
2022-05-24,119,45,74
2022-05-24,229,72,157
2022-05-24,426,124,302
2022-05-24,290,88,202
2022-05-24,170,65,105
2022-05-24,128,62,66
2022-05-24,112,44,68
2022-05-24,102,34,68
2022-05-24,90,49,41
2022-05-24,100,46,54
2022-05-24,203,79,124
2022-05-24,349,148,201
2022-05-24,270,122,148
2022-05-24,107,50,57
2022-05-24,28,12,16
2022-05-24,8,4,4
2022-05-24,4,2,2
2022-05-24,3,3,0
2022-05-24,5,2,3
2022-05-24,11,4,7
2022-05-23,10,2,8
2022-05-23,33,9,24
2022-05-23,43,21,22
2022-05-23,105,44,61
2022-05-23,145,55,90
2022-05-23,263,95,168
2022-05-23,393,119,274
2022-05-23,256,86,170
2022-05-23,164,67,97
2022-05-23,122,42,80
2022-05-23,112,59,53
2022-05-23,112,57,55
2022-05-23,73,37,36
2022-05-23,82,37,45
2022-05-23,161,49,112
2022-05-23,272,112,160
2022-05-23,185,94,91
2022-05-23,69,34,35
2022-05-23,25,10,15
2022-05-23,4,1,3
2022-05-23,1,1,0
2022-05-23,0,0,0
2022-05-23,1,0,1
2022-05-23,6,2,4
2022-05-22,15,6,9
2022-05-22,22,8,14
2022-05-22,41,22,19
2022-05-22,87,32,55
2022-05-22,116,58,58
2022-05-22,230,125,105
2022-05-22,244,123,121
2022-05-22,291,149,142
2022-05-22,298,144,154
2022-05-22,374,186,188
2022-05-22,341,168,173
2022-05-22,319,146,173
2022-05-22,264,110,154
2022-05-22,210,95,115
2022-05-22,144,68,76
2022-05-22,95,46,49
2022-05-22,36,16,20
2022-05-22,15,8,7
2022-05-22,5,0,5
2022-05-22,3,1,2
2022-05-22,0,0,0
2022-05-22,4,0,4
2022-05-22,15,6,9
2022-05-22,21,9,12
2022-05-21,38,13,25
2022-05-21,74,21,53
2022-05-21,169,27,142
2022-05-21,133,71,62
2022-05-21,230,94,136
2022-05-21,215,97,118
2022-05-21,235,121,114
2022-05-21,313,159,154
2022-05-21,320,130,190
2022-05-21,367,188,179
2022-05-21,310,150,160
2022-05-21,235,100,135
2022-05-21,231,82,149
2022-05-21,194,66,128
2022-05-21,133,64,69
2022-05-21,101,45,56
2022-05-21,39,24,15
2022-05-21,22,9,13
2022-05-21,17,8,9
2022-05-21,8,3,5
2022-05-21,3,2,1
2022-05-21,5,3,2
2022-05-21,12,7,5
2022-05-21,14,5,9
2022-05-20,26,16,10
2022-05-20,50,24,26
2022-05-20,62,29,33
2022-05-20,113,50,63
2022-05-20,176,73,103
2022-05-20,292,107,185
2022-05-20,369,130,239
2022-05-20,310,108,202
2022-05-20,197,77,120
2022-05-20,151,69,82
2022-05-20,114,54,60
2022-05-20,103,46,57
2022-05-20,83,32,51
2022-05-20,93,49,44
2022-05-20,193,65,128
2022-05-20,310,119,191
2022-05-20,222,91,131
2022-05-20,94,33,61
2022-05-20,27,9,18
2022-05-20,2,0,2
2022-05-20,0,0,0
2022-05-20,2,0,2
2022-05-20,4,2,2
2022-05-20,13,6,7
2022-05-19,14,6,8
2022-05-19,41,16,25
2022-05-19,43,21,22
2022-05-19,125,54,71
2022-05-19,172,79,93
2022-05-19,338,119,219
2022-05-19,480,154,326
2022-05-19,308,93,215
2022-05-19,201,80,121
2022-05-19,119,50,69
2022-05-19,107,38,69
2022-05-19,104,48,56
2022-05-19,83,43,40
2022-05-19,98,49,49
2022-05-19,188,70,118
2022-05-19,328,145,183
2022-05-19,228,103,125
2022-05-19,77,34,43
2022-05-19,27,7,20
2022-05-19,9,4,5
2022-05-19,1,1,0
2022-05-19,2,1,1
2022-05-19,0,0,0
2022-05-19,6,2,4
2022-05-18,22,8,14
2022-05-18,22,13,9
2022-05-18,56,19,37
2022-05-18,78,24,54
2022-05-18,132,51,81
2022-05-18,236,77,159
2022-05-18,303,97,206
2022-05-18,215,87,128
2022-05-18,118,36,82
2022-05-18,86,34,52
2022-05-18,84,40,44
2022-05-18,57,27,30
2022-05-18,67,25,42
2022-05-18,56,20,36
2022-05-18,102,35,67
2022-05-18,179,79,100
2022-05-18,140,59,81
2022-05-18,47,17,30
2022-05-18,15,5,10
2022-05-18,6,3,3
2022-05-18,2,2,0
2022-05-18,5,0,5
2022-05-18,2,1,1
2022-05-18,3,0,3
2022-05-17,14,5,9
2022-05-17,26,9,17
2022-05-17,66,31,35
2022-05-17,92,33,59
2022-05-17,166,56,110
2022-05-17,313,107,206
2022-05-17,425,128,297
2022-05-17,292,104,188
2022-05-17,171,44,127
2022-05-17,134,63,71
2022-05-17,107,48,59
2022-05-17,99,48,51
2022-05-17,88,43,45
2022-05-17,110,43,67
2022-05-17,192,65,127
2022-05-17,326,140,186
2022-05-17,219,96,123
2022-05-17,104,50,54
2022-05-17,23,8,15
2022-05-17,8,5,3
2022-05-17,1,1,0
2022-05-17,3,3,0
2022-05-17,0,0,0
2022-05-17,5,3,2
2022-05-16,15,5,10
2022-05-16,25,11,14
2022-05-16,52,25,27
2022-05-16,107,52,55
2022-05-16,194,97,97
2022-05-16,324,109,215
2022-05-16,422,142,280
2022-05-16,277,107,170
2022-05-16,157,68,89
2022-05-16,130,49,81
2022-05-16,100,54,46
2022-05-16,95,49,46
2022-05-16,103,50,53
2022-05-16,98,49,49
2022-05-16,154,58,96
2022-05-16,284,116,168
2022-05-16,202,110,92
2022-05-16,71,34,37
2022-05-16,22,9,13
2022-05-16,7,5,2
2022-05-16,1,1,0
2022-05-16,1,1,0
2022-05-16,0,0,0
2022-05-16,1,1,0
2022-05-15,4,0,4
2022-05-15,12,3,9
2022-05-15,12,3,9
2022-05-15,30,11,19
2022-05-15,49,27,22
2022-05-15,42,17,25
2022-05-15,30,12,18
2022-05-15,18,11,7
2022-05-15,34,17,17
2022-05-15,26,7,19
2022-05-15,31,12,19
2022-05-15,53,37,16
2022-05-15,32,21,11
2022-05-15,38,12,26
2022-05-15,24,11,13
2022-05-15,25,15,10
2022-05-15,16,5,11
2022-05-15,9,5,4
2022-05-15,7,2,5
2022-05-15,1,0,1
2022-05-15,1,0,1
2022-05-15,5,3,2
2022-05-15,4,2,2
2022-05-15,13,1,12
2022-05-14,20,10,10
2022-05-14,34,6,28
2022-05-14,81,18,63
2022-05-14,79,33,46
2022-05-14,159,57,102
2022-05-14,157,65,92
2022-05-14,210,88,122
2022-05-14,252,115,137
2022-05-14,516,394,122
2022-05-14,237,113,124
2022-05-14,225,90,135
2022-05-14,181,74,107
2022-05-14,103,54,49
2022-05-14,84,42,42
2022-05-14,83,28,55
2022-05-14,36,16,20
2022-05-14,20,14,6
2022-05-14,18,9,9
2022-05-14,3,1,2
2022-05-14,1,0,1
2022-05-14,1,1,0
2022-05-14,5,4,1
2022-05-14,10,6,4
2022-05-14,22,13,9
2022-05-13,19,5,14
2022-05-13,46,17,29
2022-05-13,45,13,32
2022-05-13,56,28,28
2022-05-13,118,60,58
2022-05-13,230,91,139
2022-05-13,325,95,230
2022-05-13,262,92,170
2022-05-13,205,91,114
2022-05-13,144,61,83
2022-05-13,123,55,68
2022-05-13,116,54,62
2022-05-13,98,57,41
2022-05-13,106,42,64
2022-05-13,169,56,113
2022-05-13,212,94,118
2022-05-13,152,64,88
2022-05-13,69,31,38
2022-05-13,18,5,13
2022-05-13,5,2,3
2022-05-13,0,0,0
2022-05-13,1,0,1
2022-05-13,2,0,2
2022-05-13,10,1,9
2022-05-12,8,3,5
2022-05-12,24,11,13
2022-05-12,23,14,9
2022-05-12,56,22,34
2022-05-12,93,37,56
2022-05-12,166,61,105
2022-05-12,225,45,180
2022-05-12,116,36,80
2022-05-12,62,19,43
2022-05-12,31,10,21
2022-05-12,22,7,15
2022-05-12,26,9,17
2022-05-12,22,11,11
2022-05-12,57,27,30
2022-05-12,125,44,81
2022-05-12,218,86,132
2022-05-12,151,67,84
2022-05-12,53,27,26
2022-05-12,21,5,16
2022-05-12,4,2,2
2022-05-12,0,0,0
2022-05-12,1,1,0
2022-05-12,3,3,0
2022-05-12,3,1,2
2022-05-11,14,5,9
2022-05-11,29,11,18
2022-05-11,46,23,23
2022-05-11,104,44,60
2022-05-11,174,59,115
2022-05-11,348,118,230
2022-05-11,467,139,328
2022-05-11,306,119,187
2022-05-11,205,84,121
2022-05-11,126,52,74
2022-05-11,120,61,59
2022-05-11,115,55,60
2022-05-11,112,51,61
2022-05-11,131,64,67
2022-05-11,224,85,139
2022-05-11,361,151,210
2022-05-11,240,107,133
2022-05-11,95,41,54
2022-05-11,21,8,13
2022-05-11,7,5,2
2022-05-11,1,0,1
2022-05-11,0,0,0
2022-05-11,0,0,0
2022-05-11,9,3,6
2022-05-10,23,6,17
2022-05-10,42,24,18
2022-05-10,73,36,37
2022-05-10,112,48,64
2022-05-10,257,96,161
2022-05-10,333,133,200
2022-05-10,429,146,283
2022-05-10,308,102,206
2022-05-10,186,73,113
2022-05-10,114,47,67
2022-05-10,120,63,57
2022-05-10,97,40,57
2022-05-10,92,40,52
2022-05-10,89,31,58
2022-05-10,129,39,90
2022-05-10,252,107,145
2022-05-10,200,89,111
2022-05-10,105,47,58
2022-05-10,25,11,14
2022-05-10,7,4,3
2022-05-10,1,0,1
2022-05-10,1,1,0
2022-05-10,1,0,1
2022-05-10,4,0,4
2022-05-09,10,4,6
2022-05-09,19,5,14
2022-05-09,29,15,14
2022-05-09,64,27,37
2022-05-09,116,45,71
2022-05-09,204,62,142
2022-05-09,346,96,250
2022-05-09,244,95,149
2022-05-09,167,86,81
2022-05-09,131,44,87
2022-05-09,98,44,54
2022-05-09,106,55,51
2022-05-09,54,26,28
2022-05-09,68,27,41
2022-05-09,121,47,74
2022-05-09,260,99,161
2022-05-09,180,82,98
2022-05-09,73,26,47
2022-05-09,20,7,13
2022-05-09,2,0,2
2022-05-09,1,1,0
2022-05-09,1,0,1
2022-05-09,2,1,1
2022-05-09,4,1,3
2022-05-08,6,2,4
2022-05-08,13,6,7
2022-05-08,21,10,11
2022-05-08,45,21,24
2022-05-08,88,43,45
2022-05-08,141,57,84
2022-05-08,217,93,124
2022-05-08,196,108,88
2022-05-08,269,115,154
2022-05-08,220,108,112
2022-05-08,157,80,77
2022-05-08,242,154,88
2022-05-08,138,84,54
2022-05-08,133,67,66
2022-05-08,83,41,42
2022-05-08,52,24,28
2022-05-08,30,13,17
2022-05-08,13,3,10
2022-05-08,6,2,4
2022-05-08,3,2,1
2022-05-08,1,0,1
2022-05-08,4,1,3
2022-05-08,7,1,6
2022-05-08,15,8,7
2022-05-07,18,10,8
2022-05-07,13,4,9
2022-05-07,24,13,11
2022-05-07,29,13,16
2022-05-07,45,16,29
2022-05-07,69,27,42
2022-05-07,72,38,34
2022-05-07,101,55,46
2022-05-07,130,68,62
2022-05-07,114,57,57
2022-05-07,182,98,84
2022-05-07,116,48,68
2022-05-07,159,81,78
2022-05-07,107,51,56
2022-05-07,65,24,41
2022-05-07,60,31,29
2022-05-07,22,10,12
2022-05-07,12,4,8
2022-05-07,2,0,2
2022-05-07,2,1,1
2022-05-07,4,3,1
2022-05-07,2,0,2
2022-05-07,7,3,4
2022-05-07,8,4,4
2022-05-06,16,3,13
2022-05-06,26,13,13
2022-05-06,20,10,10
2022-05-06,22,7,15
2022-05-06,59,23,36
2022-05-06,108,36,72
2022-05-06,163,49,114
2022-05-06,167,65,102
2022-05-06,99,36,63
2022-05-06,47,20,27
2022-05-06,24,15,9
2022-05-06,41,13,28
2022-05-06,39,18,21
2022-05-06,54,30,24
2022-05-06,112,36,76
2022-05-06,153,69,84
2022-05-06,117,42,75
2022-05-06,45,22,23
2022-05-06,12,1,11
2022-05-06,4,1,3
2022-05-06,3,1,2
2022-05-06,2,1,1
2022-05-06,1,0,1
2022-05-06,10,2,8
2022-05-05,13,6,7
2022-05-05,20,5,15
2022-05-05,23,14,9
2022-05-05,32,12,20
2022-05-05,71,13,58
2022-05-05,142,53,89
2022-05-05,189,51,138
2022-05-05,153,55,98
2022-05-05,74,34,40
2022-05-05,35,15,20
2022-05-05,31,12,19
2022-05-05,25,11,14
2022-05-05,35,20,15
2022-05-05,44,16,28
2022-05-05,108,39,69
2022-05-05,203,78,125
2022-05-05,173,90,83
2022-05-05,69,31,38
2022-05-05,24,9,15
2022-05-05,5,2,3
2022-05-05,3,3,0
2022-05-05,1,0,1
2022-05-05,3,1,2
2022-05-05,9,1,8
2022-05-04,28,7,21
2022-05-04,48,12,36
2022-05-04,63,24,39
2022-05-04,107,38,69
2022-05-04,160,61,99
2022-05-04,362,120,242
2022-05-04,458,147,311
2022-05-04,355,133,222
2022-05-04,236,96,140
2022-05-04,121,50,71
2022-05-04,109,47,62
2022-05-04,108,52,56
2022-05-04,102,53,49
2022-05-04,113,41,72
2022-05-04,214,70,144
2022-05-04,342,155,187
2022-05-04,219,102,117
2022-05-04,85,33,52
2022-05-04,18,8,10
2022-05-04,8,4,4
2022-05-04,2,0,2
2022-05-04,1,0,1
2022-05-04,8,4,4
2022-05-04,4,0,4
2022-05-03,22,3,19
2022-05-03,26,12,14
2022-05-03,42,19,23
2022-05-03,84,24,60
2022-05-03,121,46,75
2022-05-03,236,68,168
2022-05-03,377,83,294
2022-05-03,227,79,148
2022-05-03,149,61,88
2022-05-03,90,40,50
2022-05-03,71,33,38
2022-05-03,66,28,38
2022-05-03,73,28,45
2022-05-03,80,31,49
2022-05-03,163,45,118
2022-05-03,251,118,133
2022-05-03,188,85,103
2022-05-03,99,34,65
2022-05-03,29,12,17
2022-05-03,9,4,5
2022-05-03,0,0,0
2022-05-03,1,1,0
2022-05-03,1,0,1
2022-05-03,1,1,0
2022-05-02,18,5,13
2022-05-02,17,5,12
2022-05-02,18,8,10
2022-05-02,50,21,29
2022-05-02,62,25,37
2022-05-02,173,69,104
2022-05-02,196,49,147
2022-05-02,140,43,97
2022-05-02,94,38,56
2022-05-02,58,27,31
2022-05-02,54,30,24
2022-05-02,38,17,21
2022-05-02,39,17,22
2022-05-02,49,12,37
2022-05-02,76,23,53
2022-05-02,122,49,73
2022-05-02,92,42,50
2022-05-02,49,25,24
2022-05-02,13,4,9
2022-05-02,5,2,3
2022-05-02,1,0,1
2022-05-02,0,0,0
2022-05-02,0,0,0
2022-05-02,8,2,6
2022-05-01,14,5,9
2022-05-01,14,4,10
2022-05-01,28,10,18
2022-05-01,42,17,25
2022-05-01,74,34,40
2022-05-01,146,63,83
2022-05-01,180,86,94
2022-05-01,280,168,112
2022-05-01,264,123,141
2022-05-01,260,119,141
2022-05-01,308,143,165
2022-05-01,293,132,161
2022-05-01,201,106,95
2022-05-01,167,96,71
2022-05-01,123,76,47
2022-05-01,67,33,34
2022-05-01,22,7,15
2022-05-01,19,9,10
2022-05-01,9,3,6
2022-05-01,4,1,3
2022-05-01,2,0,2
2022-05-01,6,2,4
2022-05-01,9,3,6
2022-05-01,14,6,8
2022-04-30,24,9,15
2022-04-30,40,13,27
2022-04-30,79,15,64
2022-04-30,70,33,37
2022-04-30,164,63,101
2022-04-30,152,79,73
2022-04-30,187,85,102
2022-04-30,255,100,155
2022-04-30,238,105,133
2022-04-30,208,112,96
2022-04-30,171,78,93
2022-04-30,112,44,68
2022-04-30,84,35,49
2022-04-30,49,21,28
2022-04-30,34,11,23
2022-04-30,33,15,18
2022-04-30,17,7,10
2022-04-30,15,9,6
2022-04-30,4,3,1
2022-04-30,2,0,2
2022-04-30,2,2,0
2022-04-30,3,2,1
2022-04-30,6,0,6
2022-04-30,7,3,4
2022-04-29,22,9,13
2022-04-29,40,7,33
2022-04-29,95,48,47
2022-04-29,67,34,33
2022-04-29,126,63,63
2022-04-29,226,90,136
2022-04-29,332,126,206
2022-04-29,271,120,151
2022-04-29,216,96,120
2022-04-29,249,75,174
2022-04-29,219,68,151
2022-04-29,100,40,60
2022-04-29,87,42,45
2022-04-29,79,31,48
2022-04-29,132,41,91
2022-04-29,200,82,118
2022-04-29,139,67,72
2022-04-29,69,40,29
2022-04-29,17,9,8
2022-04-29,11,3,8
2022-04-29,1,0,1
2022-04-29,3,2,1
2022-04-29,2,0,2
2022-04-29,6,3,3
2022-04-28,13,4,9
2022-04-28,21,8,13
2022-04-28,35,15,20
2022-04-28,77,26,51
2022-04-28,155,60,95
2022-04-28,243,80,163
2022-04-28,359,101,258
2022-04-28,283,97,186
2022-04-28,148,57,91
2022-04-28,98,50,48
2022-04-28,73,31,42
2022-04-28,78,41,37
2022-04-28,69,34,35
2022-04-28,97,44,53
2022-04-28,173,60,113
2022-04-28,269,101,168
2022-04-28,205,102,103
2022-04-28,73,27,46
2022-04-28,24,9,15
2022-04-28,9,2,7
2022-04-28,2,1,1
2022-04-28,3,0,3
2022-04-28,3,0,3
2022-04-28,6,2,4
2022-04-27,14,5,9
2022-04-27,33,13,20
2022-04-27,55,21,34
2022-04-27,78,27,51
2022-04-27,140,58,82
2022-04-27,284,96,188
2022-04-27,417,116,301
2022-04-27,296,123,173
2022-04-27,188,89,99
2022-04-27,108,47,61
2022-04-27,108,41,67
2022-04-27,110,52,58
2022-04-27,93,36,57
2022-04-27,117,48,69
2022-04-27,172,68,104
2022-04-27,320,136,184
2022-04-27,226,110,116
2022-04-27,87,36,51
2022-04-27,23,12,11
2022-04-27,6,3,3
2022-04-27,2,0,2
2022-04-27,1,0,1
2022-04-27,1,1,0
2022-04-27,4,0,4
2022-04-26,13,1,12
2022-04-26,23,10,13
2022-04-26,54,33,21
2022-04-26,68,30,38
2022-04-26,130,44,86
2022-04-26,217,63,154
2022-04-26,387,107,280
2022-04-26,221,66,155
2022-04-26,113,48,65
2022-04-26,77,27,50
2022-04-26,63,25,38
2022-04-26,58,22,36
2022-04-26,45,14,31
2022-04-26,84,36,48
2022-04-26,164,63,101
2022-04-26,290,112,178
2022-04-26,200,90,110
2022-04-26,83,34,49
2022-04-26,25,12,13
2022-04-26,7,2,5
2022-04-26,3,1,2
2022-04-26,3,3,0
2022-04-26,2,0,2
2022-04-26,7,4,3
2022-04-25,11,3,8
2022-04-25,20,9,11
2022-04-25,28,10,18
2022-04-25,43,16,27
2022-04-25,100,31,69
2022-04-25,180,50,130
2022-04-25,302,91,211
2022-04-25,191,54,137
2022-04-25,102,41,61
2022-04-25,89,44,45
2022-04-25,69,41,28
2022-04-25,68,30,38
2022-04-25,62,30,32
2022-04-25,63,23,40
2022-04-25,154,55,99
2022-04-25,212,87,125
2022-04-25,157,81,76
2022-04-25,55,25,30
2022-04-25,14,5,9
2022-04-25,3,1,2
2022-04-25,2,0,2
2022-04-25,0,0,0
2022-04-25,1,1,0
2022-04-25,5,3,2
2022-04-24,9,4,5
2022-04-24,12,8,4
2022-04-24,26,13,13
2022-04-24,43,15,28
2022-04-24,90,50,40
2022-04-24,136,47,89
2022-04-24,204,115,89
2022-04-24,292,137,155
2022-04-24,375,177,198
2022-04-24,664,464,200
2022-04-24,323,155,168
2022-04-24,280,142,138
2022-04-24,240,111,129
2022-04-24,186,94,92
2022-04-24,98,43,55
2022-04-24,74,34,40
2022-04-24,28,11,17
2022-04-24,14,5,9
2022-04-24,5,3,2
2022-04-24,1,1,0
2022-04-24,0,0,0
2022-04-24,1,0,1
2022-04-24,9,3,6
2022-04-24,8,7,1
2022-04-23,30,13,17
2022-04-23,31,6,25
2022-04-23,90,21,69
2022-04-23,62,31,31
2022-04-23,151,39,112
2022-04-23,161,70,91
2022-04-23,209,95,114
2022-04-23,297,143,154
2022-04-23,284,134,150
2022-04-23,271,112,159
2022-04-23,236,98,138
2022-04-23,229,94,135
2022-04-23,157,46,111
2022-04-23,136,68,68
2022-04-23,97,39,58
2022-04-23,82,33,49
2022-04-23,30,12,18
2022-04-23,10,6,4
2022-04-23,2,0,2
2022-04-23,2,1,1
2022-04-23,6,4,2
2022-04-23,7,3,4
2022-04-23,14,7,7
2022-04-23,16,4,12
2022-04-22,21,3,18
2022-04-22,35,18,17
2022-04-22,43,17,26
2022-04-22,87,30,57
2022-04-22,154,59,95
2022-04-22,295,89,206
2022-04-22,363,143,220
2022-04-22,304,123,181
2022-04-22,211,90,121
2022-04-22,189,75,114
2022-04-22,125,56,69
2022-04-22,105,51,54
2022-04-22,96,45,51
2022-04-22,96,48,48
2022-04-22,154,51,103
2022-04-22,222,94,128
2022-04-22,123,58,65
2022-04-22,64,27,37
2022-04-22,21,10,11
2022-04-22,4,1,3
2022-04-22,2,2,0
2022-04-22,3,3,0
2022-04-22,1,1,0
2022-04-22,3,1,2
2022-04-21,12,7,5
2022-04-21,15,4,11
2022-04-21,26,13,13
2022-04-21,62,27,35
2022-04-21,55,17,38
2022-04-21,161,49,112
2022-04-21,300,99,201
2022-04-21,172,59,113
2022-04-21,113,40,73
2022-04-21,100,42,58
2022-04-21,77,37,40
2022-04-21,74,37,37
2022-04-21,58,26,32
2022-04-21,61,23,38
2022-04-21,128,47,81
2022-04-21,196,88,108
2022-04-21,153,73,80
2022-04-21,47,18,29
2022-04-21,22,8,14
2022-04-21,9,2,7
2022-04-21,1,1,0
2022-04-21,3,1,2
2022-04-21,2,1,1
2022-04-21,4,0,4
2022-04-20,13,4,9
2022-04-20,15,6,9
2022-04-20,26,14,12
2022-04-20,38,12,26
2022-04-20,63,27,36
2022-04-20,143,49,94
2022-04-20,247,70,177
2022-04-20,149,40,109
2022-04-20,72,29,43
2022-04-20,76,25,51
2022-04-20,50,24,26
2022-04-20,60,27,33
2022-04-20,63,26,37
2022-04-20,91,38,53
2022-04-20,155,55,100
2022-04-20,253,113,140
2022-04-20,184,91,93
2022-04-20,65,29,36
2022-04-20,26,10,16
2022-04-20,5,1,4
2022-04-20,1,1,0
2022-04-20,2,1,1
2022-04-20,1,0,1
2022-04-20,10,4,6
2022-04-19,10,4,6
2022-04-19,24,11,13
2022-04-19,38,15,23
2022-04-19,80,24,56
2022-04-19,149,57,92
2022-04-19,309,110,199
2022-04-19,363,117,246
2022-04-19,268,101,167
2022-04-19,171,65,106
2022-04-19,113,50,63
2022-04-19,101,46,55
2022-04-19,78,38,40
2022-04-19,85,45,40
2022-04-19,94,42,52
2022-04-19,150,58,92
2022-04-19,243,107,136
2022-04-19,147,66,81
2022-04-19,80,28,52
2022-04-19,16,7,9
2022-04-19,9,3,6
2022-04-19,2,0,2
2022-04-19,0,0,0
2022-04-19,1,1,0
2022-04-19,4,1,3
2022-04-18,15,5,10
2022-04-18,20,8,12
2022-04-18,11,7,4
2022-04-18,28,10,18
2022-04-18,45,14,31
2022-04-18,103,31,72
2022-04-18,159,39,120
2022-04-18,108,37,71
2022-04-18,61,15,46
2022-04-18,39,16,23
2022-04-18,20,11,9
2022-04-18,31,12,19
2022-04-18,42,24,18
2022-04-18,57,13,44
2022-04-18,89,29,60
2022-04-18,163,65,98
2022-04-18,116,61,55
2022-04-18,55,20,35
2022-04-18,17,5,12
2022-04-18,3,1,2
2022-04-18,0,0,0
2022-04-18,0,0,0
2022-04-18,0,0,0
2022-04-18,3,1,2
2022-04-17,6,1,5
2022-04-17,6,5,1
2022-04-17,24,9,15
2022-04-17,36,13,23
2022-04-17,61,30,31
2022-04-17,108,45,63
2022-04-17,182,102,80
2022-04-17,233,95,138
2022-04-17,269,126,143
2022-04-17,277,137,140
2022-04-17,250,115,135
2022-04-17,231,115,116
2022-04-17,189,92,97
2022-04-17,148,61,87
2022-04-17,95,37,58
2022-04-17,55,13,42
2022-04-17,12,3,9
2022-04-17,9,3,6
2022-04-17,8,3,5
2022-04-17,2,2,0
2022-04-17,4,2,2
2022-04-17,8,4,4
2022-04-17,12,2,10
2022-04-17,7,4,3
2022-04-16,15,9,6
2022-04-16,20,5,15
2022-04-16,39,8,31
2022-04-16,23,9,14
2022-04-16,48,23,25
2022-04-16,37,16,21
2022-04-16,78,35,43
2022-04-16,83,42,41
2022-04-16,77,33,44
2022-04-16,106,47,59
2022-04-16,138,64,74
2022-04-16,111,50,61
2022-04-16,128,53,75
2022-04-16,91,40,51
2022-04-16,84,34,50
2022-04-16,64,34,30
2022-04-16,29,15,14
2022-04-16,16,2,14
2022-04-16,4,1,3
2022-04-16,4,2,2
2022-04-16,1,0,1
2022-04-16,5,4,1
2022-04-16,5,3,2
2022-04-16,8,3,5
2022-04-15,28,9,19
2022-04-15,48,22,26
2022-04-15,38,21,17
2022-04-15,67,26,41
2022-04-15,131,57,74
2022-04-15,198,74,124
2022-04-15,295,119,176
2022-04-15,217,86,131
2022-04-15,169,70,99
2022-04-15,131,51,80
2022-04-15,116,51,65
2022-04-15,93,42,51
2022-04-15,71,29,42
2022-04-15,60,20,40
2022-04-15,114,35,79
2022-04-15,150,54,96
2022-04-15,96,45,51
2022-04-15,45,19,26
2022-04-15,18,4,14
2022-04-15,3,2,1
2022-04-15,1,0,1
2022-04-15,1,0,1
2022-04-15,5,3,2
2022-04-15,2,1,1
2022-04-14,11,8,3
2022-04-14,20,5,15
2022-04-14,33,16,17
2022-04-14,74,30,44
2022-04-14,110,40,70
2022-04-14,183,57,126
2022-04-14,275,91,184
2022-04-14,186,57,129
2022-04-14,107,39,68
2022-04-14,71,24,47
2022-04-14,74,27,47
2022-04-14,83,41,42
2022-04-14,55,30,25
2022-04-14,40,18,22
2022-04-14,125,41,84
2022-04-14,209,100,109
2022-04-14,142,66,76
2022-04-14,58,25,33
2022-04-14,30,10,20
2022-04-14,7,3,4
2022-04-14,4,1,3
2022-04-14,1,0,1
2022-04-14,3,2,1
2022-04-14,3,0,3
2022-04-13,17,9,8
2022-04-13,14,6,8
2022-04-13,34,22,12
2022-04-13,48,25,23
2022-04-13,105,48,57
2022-04-13,191,56,135
2022-04-13,302,80,222
2022-04-13,184,67,117
2022-04-13,99,38,61
2022-04-13,63,27,36
2022-04-13,61,26,35
2022-04-13,59,21,38
2022-04-13,46,29,17
2022-04-13,71,26,45
2022-04-13,158,56,102
2022-04-13,223,85,138
2022-04-13,143,63,80
2022-04-13,47,16,31
2022-04-13,21,10,11
2022-04-13,5,2,3
2022-04-13,3,1,2
2022-04-13,0,0,0
2022-04-13,1,1,0
2022-04-13,4,1,3
2022-04-12,11,6,5
2022-04-12,15,7,8
2022-04-12,26,13,13
2022-04-12,47,15,32
2022-04-12,95,37,58
2022-04-12,189,62,127
2022-04-12,234,72,162
2022-04-12,146,50,96
2022-04-12,95,30,65
2022-04-12,71,20,51
2022-04-12,69,31,38
2022-04-12,59,31,28
2022-04-12,42,21,21
2022-04-12,56,15,41
2022-04-12,143,51,92
2022-04-12,202,78,124
2022-04-12,117,48,69
2022-04-12,64,22,42
2022-04-12,22,6,16
2022-04-12,7,3,4
2022-04-12,0,0,0
2022-04-12,0,0,0
2022-04-12,0,0,0
2022-04-12,5,3,2
2022-04-11,12,5,7
2022-04-11,17,3,14
2022-04-11,23,10,13
2022-04-11,59,23,36
2022-04-11,99,31,68
2022-04-11,190,66,124
2022-04-11,237,74,163
2022-04-11,167,55,112
2022-04-11,108,50,58
2022-04-11,68,30,38
2022-04-11,57,19,38
2022-04-11,55,23,32
2022-04-11,45,17,28
2022-04-11,61,24,37
2022-04-11,114,41,73
2022-04-11,165,82,83
2022-04-11,109,43,66
2022-04-11,60,25,35
2022-04-11,17,5,12
2022-04-11,3,2,1
2022-04-11,2,0,2
2022-04-11,0,0,0
2022-04-11,1,0,1
2022-04-11,2,0,2
2022-04-10,7,2,5
2022-04-10,9,4,5
2022-04-10,8,4,4
2022-04-10,11,4,7
2022-04-10,27,8,19
2022-04-10,44,21,23
2022-04-10,51,23,28
2022-04-10,64,32,32
2022-04-10,96,47,49
2022-04-10,108,56,52
2022-04-10,92,42,50
2022-04-10,53,23,30
2022-04-10,39,21,18
2022-04-10,22,8,14
2022-04-10,17,7,10
2022-04-10,18,7,11
2022-04-10,15,3,12
2022-04-10,7,1,6
2022-04-10,1,0,1
2022-04-10,1,1,0
2022-04-10,0,0,0
2022-04-10,2,2,0
2022-04-10,1,0,1
2022-04-10,6,1,5
2022-04-09,5,1,4
2022-04-09,17,6,11
2022-04-09,25,10,15
2022-04-09,25,8,17
2022-04-09,53,15,38
2022-04-09,45,17,28
2022-04-09,133,58,75
2022-04-09,115,49,66
2022-04-09,107,60,47
2022-04-09,117,48,69
2022-04-09,98,35,63
2022-04-09,144,73,71
2022-04-09,127,53,74
2022-04-09,96,48,48
2022-04-09,77,49,28
2022-04-09,77,35,42
2022-04-09,44,24,20
2022-04-09,15,2,13
2022-04-09,5,0,5
2022-04-09,4,1,3
2022-04-09,0,0,0
2022-04-09,2,0,2
2022-04-09,9,1,8
2022-04-09,14,5,9
2022-04-08,15,8,7
2022-04-08,26,13,13
2022-04-08,36,7,29
2022-04-08,47,12,35
2022-04-08,60,24,36
2022-04-08,125,38,87
2022-04-08,197,65,132
2022-04-08,157,58,99
2022-04-08,127,49,78
2022-04-08,88,41,47
2022-04-08,82,38,44
2022-04-08,93,37,56
2022-04-08,82,36,46
2022-04-08,73,38,35
2022-04-08,129,43,86
2022-04-08,157,59,98
2022-04-08,117,43,74
2022-04-08,53,24,29
2022-04-08,20,6,14
2022-04-08,2,0,2
2022-04-08,0,0,0
2022-04-08,1,0,1
2022-04-08,4,1,3
2022-04-08,11,7,4
2022-04-07,31,14,17
2022-04-07,48,24,24
2022-04-07,73,36,37
2022-04-07,172,98,74
2022-04-07,292,129,163
2022-04-07,490,194,296
2022-04-07,635,210,425
2022-04-07,466,186,280
2022-04-07,325,149,176
2022-04-07,209,91,118
2022-04-07,182,63,119
2022-04-07,161,67,94
2022-04-07,124,58,66
2022-04-07,105,54,51
2022-04-07,197,61,136
2022-04-07,345,149,196
2022-04-07,215,101,114
2022-04-07,76,33,43
2022-04-07,28,9,19
2022-04-07,9,5,4
2022-04-07,2,1,1
2022-04-07,2,0,2
2022-04-07,4,0,4
2022-04-07,5,1,4
2022-04-06,31,7,24
2022-04-06,48,12,36
2022-04-06,55,18,37
2022-04-06,71,21,50
2022-04-06,166,67,99
2022-04-06,332,117,215
2022-04-06,429,140,289
2022-04-06,296,94,202
2022-04-06,174,81,93
2022-04-06,131,47,84
2022-04-06,124,47,77
2022-04-06,118,52,66
2022-04-06,105,51,54
2022-04-06,86,31,55
2022-04-06,205,74,131
2022-04-06,298,126,172
2022-04-06,206,92,114
2022-04-06,75,31,44
2022-04-06,24,7,17
2022-04-06,6,2,4
2022-04-06,1,0,1
2022-04-06,1,1,0
2022-04-06,2,2,0
2022-04-06,9,1,8
2022-04-05,15,5,10
2022-04-05,16,8,8
2022-04-05,27,14,13
2022-04-05,87,32,55
2022-04-05,134,50,84
2022-04-05,289,95,194
2022-04-05,386,120,266
2022-04-05,235,92,143
2022-04-05,134,46,88
2022-04-05,103,40,63
2022-04-05,100,48,52
2022-04-05,75,29,46
2022-04-05,84,35,49
2022-04-05,85,42,43
2022-04-05,188,74,114
2022-04-05,296,126,170
2022-04-05,196,101,95
2022-04-05,71,27,44
2022-04-05,23,9,14
2022-04-05,4,2,2
2022-04-05,1,0,1
2022-04-05,1,0,1
2022-04-05,3,1,2
2022-04-05,4,2,2
2022-04-04,8,4,4
2022-04-04,12,2,10
2022-04-04,20,8,12
2022-04-04,29,17,12
2022-04-04,75,32,43
2022-04-04,147,48,99
2022-04-04,184,42,142
2022-04-04,124,46,78
2022-04-04,77,36,41
2022-04-04,59,28,31
2022-04-04,40,14,26
2022-04-04,47,21,26
2022-04-04,48,21,27
2022-04-04,53,16,37
2022-04-04,92,40,52
2022-04-04,193,82,111
2022-04-04,114,56,58
2022-04-04,45,23,22
2022-04-04,15,4,11
2022-04-04,1,0,1
2022-04-04,0,0,0
2022-04-04,1,0,1
2022-04-04,0,0,0
2022-04-04,0,0,0
2022-04-03,3,1,2
2022-04-03,3,0,3
2022-04-03,12,5,7
2022-04-03,14,8,6
2022-04-03,12,9,3
2022-04-03,29,7,22
2022-04-03,33,16,17
2022-04-03,31,12,19
2022-04-03,46,20,26
2022-04-03,39,21,18
2022-04-03,71,34,37
2022-04-03,93,54,39
2022-04-03,103,51,52
2022-04-03,103,37,66
2022-04-03,72,30,42
2022-04-03,43,16,27
2022-04-03,18,7,11
2022-04-03,16,8,8
2022-04-03,3,1,2
2022-04-03,4,3,1
2022-04-03,2,2,0
2022-04-03,8,4,4
2022-04-03,7,2,5
2022-04-03,14,2,12
2022-04-02,18,6,12
2022-04-02,34,11,23
2022-04-02,70,17,53
2022-04-02,49,16,33
2022-04-02,123,41,82
2022-04-02,154,75,79
2022-04-02,198,96,102
2022-04-02,219,87,132
2022-04-02,253,142,111
2022-04-02,250,91,159
2022-04-02,251,115,136
2022-04-02,203,104,99
2022-04-02,180,49,131
2022-04-02,139,64,75
2022-04-02,106,50,56
2022-04-02,51,23,28
2022-04-02,22,11,11
2022-04-02,14,5,9
2022-04-02,1,1,0
2022-04-02,4,3,1
2022-04-02,3,0,3
2022-04-02,9,5,4
2022-04-02,11,5,6
2022-04-02,10,5,5
2022-04-01,16,8,8
2022-04-01,29,12,17
2022-04-01,20,6,14
2022-04-01,49,16,33
2022-04-01,102,38,64
2022-04-01,204,90,114
2022-04-01,288,105,183
2022-04-01,234,94,140
2022-04-01,185,76,109
2022-04-01,136,51,85
2022-04-01,130,53,77
2022-04-01,102,41,61
2022-04-01,99,59,40
2022-04-01,94,42,52
2022-04-01,147,60,87
2022-04-01,209,78,131
2022-04-01,114,48,66
2022-04-01,53,21,32
2022-04-01,23,7,16
2022-04-01,12,4,8
2022-04-01,0,0,0
2022-04-01,2,0,2
2022-04-01,1,0,1
2022-04-01,11,4,7
2022-03-31,24,5,19
2022-03-31,33,15,18
2022-03-31,48,26,22
2022-03-31,94,35,59
2022-03-31,136,45,91
2022-03-31,282,94,188
2022-03-31,405,128,277
2022-03-31,263,93,170
2022-03-31,166,58,108
2022-03-31,133,60,73
2022-03-31,100,40,60
2022-03-31,99,54,45
2022-03-31,70,27,43
2022-03-31,82,39,43
2022-03-31,168,68,100
2022-03-31,259,101,158
2022-03-31,184,90,94
2022-03-31,73,29,44
2022-03-31,22,7,15
2022-03-31,11,6,5
2022-03-31,2,0,2
2022-03-31,2,0,2
2022-03-31,2,0,2
2022-03-31,4,3,1
2022-03-30,11,3,8
2022-03-30,24,7,17
2022-03-30,14,5,9
2022-03-30,35,12,23
2022-03-30,68,25,43
2022-03-30,169,50,119
2022-03-30,272,64,208
2022-03-30,171,57,114
2022-03-30,98,37,61
2022-03-30,67,26,41
2022-03-30,88,40,48
2022-03-30,76,32,44
2022-03-30,68,35,33
2022-03-30,83,29,54
2022-03-30,139,58,81
2022-03-30,224,100,124
2022-03-30,181,90,91
2022-03-30,67,25,42
2022-03-30,17,7,10
2022-03-30,6,2,4
2022-03-30,3,1,2
2022-03-30,0,0,0
2022-03-30,1,1,0
2022-03-30,6,1,5
2022-03-29,14,5,9
2022-03-29,17,7,10
2022-03-29,43,22,21
2022-03-29,62,23,39
2022-03-29,157,66,91
2022-03-29,318,101,217
2022-03-29,433,149,284
2022-03-29,299,116,183
2022-03-29,200,90,110
2022-03-29,141,58,83
2022-03-29,87,44,43
2022-03-29,93,42,51
2022-03-29,94,45,49
2022-03-29,102,47,55
2022-03-29,156,69,87
2022-03-29,298,125,173
2022-03-29,201,98,103
2022-03-29,91,42,49
2022-03-29,25,12,13
2022-03-29,8,7,1
2022-03-29,2,2,0
2022-03-29,3,0,3
2022-03-29,4,1,3
2022-03-29,8,6,2
2022-03-28,21,9,12
2022-03-28,13,7,6
2022-03-28,25,15,10
2022-03-28,53,22,31
2022-03-28,119,51,68
2022-03-28,207,73,134
2022-03-28,302,84,218
2022-03-28,208,71,137
2022-03-28,99,39,60
2022-03-28,74,27,47
2022-03-28,50,23,27
2022-03-28,45,25,20
2022-03-28,65,24,41
2022-03-28,82,22,60
2022-03-28,126,50,76
2022-03-28,240,101,139
2022-03-28,158,73,85
2022-03-28,88,35,53
2022-03-28,21,10,11
2022-03-28,7,2,5
2022-03-28,0,0,0
2022-03-28,0,0,0
2022-03-28,2,0,2
2022-03-28,5,3,2
2022-03-27,13,3,10
2022-03-27,18,6,12
2022-03-27,22,7,15
2022-03-27,30,10,20
2022-03-27,78,34,44
2022-03-27,130,62,68
2022-03-27,195,97,98
2022-03-27,218,99,119
2022-03-27,305,143,162
2022-03-27,255,113,142
2022-03-27,264,127,137
2022-03-27,250,118,132
2022-03-27,212,86,126
2022-03-27,168,71,97
2022-03-27,88,31,57
2022-03-27,50,22,28
2022-03-27,27,13,14
2022-03-27,8,5,3
2022-03-27,3,1,2
2022-03-27,3,0,3
2022-03-27,4,2,2
2022-03-27,7,0,7
2022-03-27,8,6,2
2022-03-27,13,3,10
2022-03-26,15,11,4
2022-03-26,18,6,12
2022-03-26,46,6,40
2022-03-26,25,11,14
2022-03-26,60,24,36
2022-03-26,83,40,43
2022-03-26,93,39,54
2022-03-26,166,73,93
2022-03-26,170,92,78
2022-03-26,172,86,86
2022-03-26,175,74,101
2022-03-26,182,81,101
2022-03-26,104,56,48
2022-03-26,99,38,61
2022-03-26,46,20,26
2022-03-26,56,23,33
2022-03-26,31,8,23
2022-03-26,15,6,9
2022-03-26,8,3,5
2022-03-26,4,0,4
2022-03-26,2,0,2
2022-03-26,2,0,2
2022-03-26,9,2,7
2022-03-26,5,3,2
2022-03-25,32,17,15
2022-03-25,30,14,16
2022-03-25,29,9,20
2022-03-25,57,24,33
2022-03-25,131,53,78
2022-03-25,225,71,154
2022-03-25,310,105,205
2022-03-25,223,89,134
2022-03-25,147,59,88
2022-03-25,115,51,64
2022-03-25,94,36,58
2022-03-25,99,43,56
2022-03-25,85,47,38
2022-03-25,82,34,48
2022-03-25,117,48,69
2022-03-25,185,81,104
2022-03-25,115,44,71
2022-03-25,56,22,34
2022-03-25,23,6,17
2022-03-25,6,3,3
2022-03-25,2,1,1
2022-03-25,4,2,2
2022-03-25,8,0,8
2022-03-25,4,2,2
2022-03-24,17,4,13
2022-03-24,22,10,12
2022-03-24,38,12,26
2022-03-24,57,23,34
2022-03-24,120,33,87
2022-03-24,280,99,181
2022-03-24,354,106,248
2022-03-24,261,97,164
2022-03-24,170,67,103
2022-03-24,139,57,82
2022-03-24,103,47,56
2022-03-24,76,34,42
2022-03-24,76,42,34
2022-03-24,85,37,48
2022-03-24,153,56,97
2022-03-24,247,102,145
2022-03-24,158,79,79
2022-03-24,60,30,30
2022-03-24,20,9,11
2022-03-24,8,5,3
2022-03-24,1,0,1
2022-03-24,1,1,0
2022-03-24,1,1,0
2022-03-24,2,0,2
2022-03-23,11,3,8
2022-03-23,10,7,3
2022-03-23,17,7,10
2022-03-23,25,8,17
2022-03-23,47,21,26
2022-03-23,142,51,91
2022-03-23,240,57,183
2022-03-23,132,44,88
2022-03-23,61,27,34
2022-03-23,32,14,18
2022-03-23,32,10,22
2022-03-23,79,27,52
2022-03-23,76,30,46
2022-03-23,73,27,46
2022-03-23,121,46,75
2022-03-23,217,88,129
2022-03-23,160,68,92
2022-03-23,64,30,34
2022-03-23,20,7,13
2022-03-23,8,3,5
2022-03-23,0,0,0
2022-03-23,3,1,2
2022-03-23,4,1,3
2022-03-23,8,1,7
2022-03-22,12,2,10
2022-03-22,28,11,17
2022-03-22,54,24,30
2022-03-22,83,30,53
2022-03-22,190,70,120
2022-03-22,367,131,236
2022-03-22,473,161,312
2022-03-22,311,110,201
2022-03-22,222,91,131
2022-03-22,112,46,66
2022-03-22,103,34,69
2022-03-22,76,36,40
2022-03-22,63,25,38
2022-03-22,64,22,42
2022-03-22,144,56,88
2022-03-22,255,102,153
2022-03-22,180,90,90
2022-03-22,82,36,46
2022-03-22,22,10,12
2022-03-22,10,4,6
2022-03-22,2,1,1
2022-03-22,8,2,6
2022-03-22,2,1,1
2022-03-22,4,0,4
2022-03-21,14,8,6
2022-03-21,11,7,4
2022-03-21,23,7,16
2022-03-21,21,6,15
2022-03-21,48,20,28
2022-03-21,87,24,63
2022-03-21,150,47,103
2022-03-21,117,45,72
2022-03-21,76,29,47
2022-03-21,51,13,38
2022-03-21,34,17,17
2022-03-21,35,16,19
2022-03-21,25,8,17
2022-03-21,22,9,13
2022-03-21,62,23,39
2022-03-21,119,51,68
2022-03-21,74,36,38
2022-03-21,35,18,17
2022-03-21,11,4,7
2022-03-21,5,2,3
2022-03-21,1,0,1
2022-03-21,2,1,1
2022-03-21,1,0,1
2022-03-21,3,2,1
2022-03-20,6,0,6
2022-03-20,6,2,4
2022-03-20,9,3,6
2022-03-20,11,6,5
2022-03-20,12,5,7
2022-03-20,29,15,14
2022-03-20,28,15,13
2022-03-20,40,23,17
2022-03-20,54,21,33
2022-03-20,110,39,71
2022-03-20,116,67,49
2022-03-20,153,63,90
2022-03-20,129,62,67
2022-03-20,104,41,63
2022-03-20,79,44,35
2022-03-20,29,12,17
2022-03-20,18,7,11
2022-03-20,8,1,7
2022-03-20,6,3,3
2022-03-20,5,2,3
2022-03-20,1,0,1
2022-03-20,4,2,2
2022-03-20,3,0,3
2022-03-20,8,3,5
2022-03-19,9,3,6
2022-03-19,10,2,8
2022-03-19,9,2,7
2022-03-19,11,8,3
2022-03-19,21,5,16
2022-03-19,31,11,20
2022-03-19,28,10,18
2022-03-19,38,21,17
2022-03-19,49,22,27
2022-03-19,89,43,46
2022-03-19,94,41,53
2022-03-19,67,28,39
2022-03-19,69,35,34
2022-03-19,60,32,28
2022-03-19,44,12,32
2022-03-19,36,16,20
2022-03-19,14,7,7
2022-03-19,9,3,6
2022-03-19,0,0,0
2022-03-19,4,1,3
2022-03-19,1,0,1
2022-03-19,3,3,0
2022-03-19,5,1,4
2022-03-19,9,2,7
2022-03-18,5,3,2
2022-03-18,16,9,7
2022-03-18,18,12,6
2022-03-18,28,10,18
2022-03-18,95,54,41
2022-03-18,183,68,115
2022-03-18,248,91,157
2022-03-18,194,79,115
2022-03-18,136,51,85
2022-03-18,105,42,63
2022-03-18,82,42,40
2022-03-18,89,44,45
2022-03-18,80,39,41
2022-03-18,78,25,53
2022-03-18,109,44,65
2022-03-18,193,73,120
2022-03-18,106,47,59
2022-03-18,55,20,35
2022-03-18,13,4,9
2022-03-18,5,1,4
2022-03-18,0,0,0
2022-03-18,1,0,1
2022-03-18,2,0,2
2022-03-18,1,0,1
2022-03-17,10,5,5
2022-03-17,28,14,14
2022-03-17,17,6,11
2022-03-17,47,21,26
2022-03-17,70,19,51
2022-03-17,171,44,127
2022-03-17,227,65,162
2022-03-17,134,43,91
2022-03-17,80,20,60
2022-03-17,67,27,40
2022-03-17,55,19,36
2022-03-17,52,23,29
2022-03-17,51,21,30
2022-03-17,57,24,33
2022-03-17,125,40,85
2022-03-17,207,85,122
2022-03-17,140,61,79
2022-03-17,58,18,40
2022-03-17,20,7,13
2022-03-17,4,1,3
2022-03-17,1,1,0
2022-03-17,0,0,0
2022-03-17,5,2,3
2022-03-17,10,2,8
2022-03-16,11,4,7
2022-03-16,32,12,20
2022-03-16,34,14,20
2022-03-16,48,15,33
2022-03-16,106,54,52
2022-03-16,286,101,185
2022-03-16,355,117,238
2022-03-16,246,99,147
2022-03-16,149,56,93
2022-03-16,97,45,52
2022-03-16,86,37,49
2022-03-16,81,44,37
2022-03-16,79,40,39
2022-03-16,80,16,64
2022-03-16,134,56,78
2022-03-16,218,93,125
2022-03-16,166,78,88
2022-03-16,71,30,41
2022-03-16,18,7,11
2022-03-16,8,4,4
2022-03-16,1,1,0
2022-03-16,0,0,0
2022-03-16,2,1,1
2022-03-16,2,0,2
2022-03-15,11,3,8
2022-03-15,5,1,4
2022-03-15,35,14,21
2022-03-15,50,20,30
2022-03-15,101,41,60
2022-03-15,162,53,109
2022-03-15,292,96,196
2022-03-15,182,57,125
2022-03-15,107,36,71
2022-03-15,80,39,41
2022-03-15,58,23,35
2022-03-15,58,23,35
2022-03-15,48,20,28
2022-03-15,61,23,38
2022-03-15,116,43,73
2022-03-15,200,85,115
2022-03-15,134,57,77
2022-03-15,65,24,41
2022-03-15,20,6,14
2022-03-15,4,2,2
2022-03-15,2,1,1
2022-03-15,2,0,2
2022-03-15,1,1,0
2022-03-15,4,1,3
2022-03-14,8,4,4
2022-03-14,7,6,1
2022-03-14,7,2,5
2022-03-14,28,10,18
2022-03-14,39,11,28
2022-03-14,103,28,75
2022-03-14,160,41,119
2022-03-14,85,27,58
2022-03-14,54,23,31
2022-03-14,41,15,26
2022-03-14,33,15,18
2022-03-14,34,19,15
2022-03-14,42,13,29
2022-03-14,56,21,35
2022-03-14,84,30,54
2022-03-14,177,76,101
2022-03-14,92,44,48
2022-03-14,48,22,26
2022-03-14,14,4,10
2022-03-14,4,1,3
2022-03-14,0,0,0
2022-03-14,2,1,1
2022-03-14,1,0,1
2022-03-14,0,0,0
2022-03-13,4,1,3
2022-03-13,11,3,8
2022-03-13,16,3,13
2022-03-13,21,14,7
2022-03-13,22,6,16
2022-03-13,37,15,22
2022-03-13,93,44,49
2022-03-13,86,37,49
2022-03-13,125,68,57
2022-03-13,193,86,107
2022-03-13,172,86,86
2022-03-13,161,75,86
2022-03-13,149,69,80
2022-03-13,106,38,68
2022-03-13,39,21,18
2022-03-13,22,11,11
2022-03-13,15,8,7
2022-03-13,7,1,6
2022-03-13,1,0,1
2022-03-13,3,1,2
2022-03-13,1,1,0
2022-03-13,,,
2022-03-13,1,1,0
2022-03-13,10,3,7
2022-03-12,5,2,3
2022-03-12,8,3,5
2022-03-12,8,3,5
2022-03-12,9,6,3
2022-03-12,13,4,9
2022-03-12,27,8,19
2022-03-12,42,22,20
2022-03-12,61,29,32
2022-03-12,119,49,70
2022-03-12,248,119,129
2022-03-12,243,121,122
2022-03-12,192,92,100
2022-03-12,205,80,125
2022-03-12,127,51,76
2022-03-12,105,39,66
2022-03-12,55,23,32
2022-03-12,28,14,14
2022-03-12,15,7,8
2022-03-12,3,0,3
2022-03-12,3,0,3
2022-03-12,6,2,4
2022-03-12,1,0,1
2022-03-12,8,5,3
2022-03-12,16,8,8
2022-03-11,22,10,12
2022-03-11,40,10,30
2022-03-11,54,17,37
2022-03-11,44,21,23
2022-03-11,68,30,38
2022-03-11,149,55,94
2022-03-11,205,67,138
2022-03-11,177,65,112
2022-03-11,149,55,94
2022-03-11,86,44,42
2022-03-11,87,32,55
2022-03-11,71,34,37
2022-03-11,66,30,36
2022-03-11,69,32,37
2022-03-11,126,43,83
2022-03-11,169,63,106
2022-03-11,111,48,63
2022-03-11,57,32,25
2022-03-11,15,4,11
2022-03-11,7,2,5
2022-03-11,0,0,0
2022-03-11,1,1,0
2022-03-11,4,3,1
2022-03-11,5,1,4
2022-03-10,4,1,3
2022-03-10,19,8,11
2022-03-10,22,9,13
2022-03-10,41,18,23
2022-03-10,71,27,44
2022-03-10,173,45,128
2022-03-10,270,79,191
2022-03-10,186,73,113
2022-03-10,128,58,70
2022-03-10,80,34,46
2022-03-10,73,34,39
2022-03-10,95,41,54
2022-03-10,85,47,38
2022-03-10,77,30,47
2022-03-10,136,61,75
2022-03-10,223,97,126
2022-03-10,153,72,81
2022-03-10,66,31,35
2022-03-10,17,8,9
2022-03-10,7,2,5
2022-03-10,0,0,0
2022-03-10,1,1,0
2022-03-10,4,2,2
2022-03-10,5,0,5
2022-03-09,18,2,16
2022-03-09,25,8,17
2022-03-09,31,18,13
2022-03-09,44,20,24
2022-03-09,71,25,46
2022-03-09,209,96,113
2022-03-09,323,102,221
2022-03-09,227,86,141
2022-03-09,151,58,93
2022-03-09,133,71,62
2022-03-09,116,60,56
2022-03-09,113,56,57
2022-03-09,102,42,60
2022-03-09,74,33,41
2022-03-09,157,60,97
2022-03-09,259,121,138
2022-03-09,164,81,83
2022-03-09,60,23,37
2022-03-09,18,8,10
2022-03-09,11,6,5
2022-03-09,1,1,0
2022-03-09,1,0,1
2022-03-09,4,3,1
2022-03-09,6,3,3
2022-03-08,6,0,6
2022-03-08,19,6,13
2022-03-08,37,18,19
2022-03-08,40,20,20
2022-03-08,66,16,50
2022-03-08,150,56,94
2022-03-08,261,88,173
2022-03-08,161,52,109
2022-03-08,90,43,47
2022-03-08,41,16,25
2022-03-08,54,20,34
2022-03-08,38,18,20
2022-03-08,48,23,25
2022-03-08,44,14,30
2022-03-08,84,30,54
2022-03-08,161,59,102
2022-03-08,129,61,68
2022-03-08,55,22,33
2022-03-08,18,8,10
2022-03-08,8,3,5
2022-03-08,2,0,2
2022-03-08,4,2,2
2022-03-08,3,1,2
2022-03-08,3,1,2
2022-03-07,10,3,7
2022-03-07,11,2,9
2022-03-07,27,9,18
2022-03-07,33,21,12
2022-03-07,55,16,39
2022-03-07,171,66,105
2022-03-07,321,106,215
2022-03-07,207,77,130
2022-03-07,134,57,77
2022-03-07,77,24,53
2022-03-07,62,30,32
2022-03-07,60,19,41
2022-03-07,54,33,21
2022-03-07,56,19,37
2022-03-07,102,30,72
2022-03-07,218,79,139
2022-03-07,153,73,80
2022-03-07,71,30,41
2022-03-07,16,5,11
2022-03-07,6,2,4
2022-03-07,1,0,1
2022-03-07,2,1,1
2022-03-07,0,0,0
2022-03-07,1,0,1
2022-03-06,4,1,3
2022-03-06,2,1,1
2022-03-06,16,4,12
2022-03-06,14,10,4
2022-03-06,31,13,18
2022-03-06,81,39,42
2022-03-06,138,61,77
2022-03-06,237,118,119
2022-03-06,248,132,116
2022-03-06,246,124,122
2022-03-06,191,91,100
2022-03-06,167,85,82
2022-03-06,105,43,62
2022-03-06,105,34,71
2022-03-06,82,37,45
2022-03-06,32,12,20
2022-03-06,21,8,13
2022-03-06,9,2,7
2022-03-06,7,4,3
2022-03-06,5,1,4
2022-03-06,1,0,1
2022-03-06,4,3,1
2022-03-06,6,2,4
2022-03-06,9,1,8
2022-03-05,29,8,21
2022-03-05,18,3,15
2022-03-05,31,11,20
2022-03-05,46,14,32
2022-03-05,53,20,33
2022-03-05,99,45,54
2022-03-05,153,78,75
2022-03-05,244,99,145
2022-03-05,245,111,134
2022-03-05,244,115,129
2022-03-05,186,110,76
2022-03-05,148,81,67
2022-03-05,127,57,70
2022-03-05,87,43,44
2022-03-05,76,36,40
2022-03-05,79,22,57
2022-03-05,27,10,17
2022-03-05,14,4,10
2022-03-05,3,2,1
2022-03-05,4,2,2
2022-03-05,2,1,1
2022-03-05,1,0,1
2022-03-05,6,1,5
2022-03-05,13,4,9
2022-03-04,12,3,9
2022-03-04,15,6,9
2022-03-04,28,9,19
2022-03-04,29,10,19
2022-03-04,72,30,42
2022-03-04,132,43,89
2022-03-04,261,90,171
2022-03-04,204,77,127
2022-03-04,102,42,60
2022-03-04,88,36,52
2022-03-04,69,29,40
2022-03-04,69,34,35
2022-03-04,67,39,28
2022-03-04,68,20,48
2022-03-04,104,42,62
2022-03-04,147,53,94
2022-03-04,107,47,60
2022-03-04,53,26,27
2022-03-04,11,4,7
2022-03-04,7,3,4
2022-03-04,1,1,0
2022-03-04,2,1,1
2022-03-04,2,2,0
2022-03-04,9,1,8
2022-03-03,8,5,3
2022-03-03,12,7,5
2022-03-03,32,16,16
2022-03-03,50,24,26
2022-03-03,78,31,47
2022-03-03,173,60,113
2022-03-03,269,100,169
2022-03-03,192,64,128
2022-03-03,126,62,64
2022-03-03,71,28,43
2022-03-03,70,36,34
2022-03-03,49,25,24
2022-03-03,54,23,31
2022-03-03,49,22,27
2022-03-03,102,35,67
2022-03-03,176,68,108
2022-03-03,138,67,71
2022-03-03,60,25,35
2022-03-03,20,6,14
2022-03-03,6,2,4
2022-03-03,0,0,0
2022-03-03,1,0,1
2022-03-03,0,0,0
2022-03-03,4,2,2
2022-03-02,15,2,13
2022-03-02,22,5,17
2022-03-02,27,11,16
2022-03-02,42,13,29
2022-03-02,56,24,32
2022-03-02,143,44,99
2022-03-02,192,54,138
2022-03-02,130,52,78
2022-03-02,72,31,41
2022-03-02,50,21,29
2022-03-02,32,16,16
2022-03-02,31,6,25
2022-03-02,46,20,26
2022-03-02,47,21,26
2022-03-02,99,36,63
2022-03-02,196,81,115
2022-03-02,136,67,69
2022-03-02,60,29,31
2022-03-02,18,6,12
2022-03-02,4,1,3
2022-03-02,0,0,0
2022-03-02,3,1,2
2022-03-02,0,0,0
2022-03-02,5,1,4
2022-03-01,15,6,9
2022-03-01,16,7,9
2022-03-01,25,13,12
2022-03-01,45,17,28
2022-03-01,68,29,39
2022-03-01,153,59,94
2022-03-01,295,99,196
2022-03-01,204,80,124
2022-03-01,125,63,62
2022-03-01,82,35,47
2022-03-01,71,32,39
2022-03-01,78,33,45
2022-03-01,62,31,31
2022-03-01,51,19,32
2022-03-01,101,33,68
2022-03-01,157,70,87
2022-03-01,116,57,59
2022-03-01,59,24,35
2022-03-01,13,6,7
2022-03-01,7,2,5
2022-03-01,1,0,1
2022-03-01,2,0,2
2022-03-01,0,0,0
2022-03-01,2,2,0
2022-02-28,6,4,2
2022-02-28,11,5,6
2022-02-28,12,6,6
2022-02-28,25,11,14
2022-02-28,29,14,15
2022-02-28,62,16,46
2022-02-28,79,21,58
2022-02-28,53,17,36
2022-02-28,20,5,15
2022-02-28,21,7,14
2022-02-28,9,5,4
2022-02-28,11,7,4
2022-02-28,29,16,13
2022-02-28,17,5,12
2022-02-28,47,18,29
2022-02-28,62,24,38
2022-02-28,67,32,35
2022-02-28,33,18,15
2022-02-28,14,6,8
2022-02-28,2,1,1
2022-02-28,1,0,1
2022-02-28,0,0,0
2022-02-28,1,1,0
2022-02-28,0,0,0
2022-02-27,3,1,2
2022-02-27,4,2,2
2022-02-27,3,1,2
2022-02-27,4,1,3
2022-02-27,17,4,13
2022-02-27,13,2,11
2022-02-27,27,8,19
2022-02-27,27,11,16
2022-02-27,42,13,29
2022-02-27,36,14,22
2022-02-27,42,18,24
2022-02-27,35,14,21
2022-02-27,57,31,26
2022-02-27,61,27,34
2022-02-27,25,12,13
2022-02-27,45,26,19
2022-02-27,30,17,13
2022-02-27,12,8,4
2022-02-27,7,6,1
2022-02-27,1,0,1
2022-02-27,1,0,1
2022-02-27,0,0,0
2022-02-27,0,0,0
2022-02-27,1,1,0
2022-02-26,8,1,7
2022-02-26,0,0,0
2022-02-26,2,2,0
2022-02-26,6,4,2
2022-02-26,8,3,5
2022-02-26,23,7,16
2022-02-26,25,11,14
2022-02-26,44,19,25
2022-02-26,75,35,40
2022-02-26,123,64,59
2022-02-26,127,70,57
2022-02-26,131,62,69
2022-02-26,104,53,51
2022-02-26,90,43,47
2022-02-26,50,15,35
2022-02-26,46,20,26
2022-02-26,19,10,9
2022-02-26,4,0,4
2022-02-26,6,2,4
2022-02-26,5,1,4
2022-02-26,0,0,0
2022-02-26,1,0,1
2022-02-26,2,1,1
2022-02-26,20,5,15
2022-02-25,21,8,13
2022-02-25,20,14,6
2022-02-25,21,7,14
2022-02-25,34,17,17
2022-02-25,57,19,38
2022-02-25,117,37,80
2022-02-25,223,74,149
2022-02-25,180,81,99
2022-02-25,174,91,83
2022-02-25,142,59,83
2022-02-25,115,60,55
2022-02-25,74,40,34
2022-02-25,63,31,32
2022-02-25,46,19,27
2022-02-25,90,29,61
2022-02-25,82,27,55
2022-02-25,73,27,46
2022-02-25,26,7,19
2022-02-25,7,2,5
2022-02-25,4,1,3
2022-02-25,1,1,0
2022-02-25,1,1,0
2022-02-25,1,1,0
2022-02-25,4,1,3
2022-02-24,14,7,7
2022-02-24,20,6,14
2022-02-24,25,8,17
2022-02-24,29,11,18
2022-02-24,44,16,28
2022-02-24,99,36,63
2022-02-24,169,66,103
2022-02-24,145,53,92
2022-02-24,81,29,52
2022-02-24,67,32,35
2022-02-24,61,31,30
2022-02-24,46,27,19
2022-02-24,43,18,25
2022-02-24,36,13,23
2022-02-24,76,23,53
2022-02-24,95,33,62
2022-02-24,65,25,40
2022-02-24,29,9,20
2022-02-24,11,5,6
2022-02-24,6,2,4
2022-02-24,0,0,0
2022-02-24,1,1,0
2022-02-24,0,0,0
2022-02-24,1,0,1
2022-02-23,9,5,4
2022-02-23,14,3,11
2022-02-23,18,8,10
2022-02-23,20,10,10
2022-02-23,47,20,27
2022-02-23,97,37,60
2022-02-23,159,53,106
2022-02-23,127,51,76
2022-02-23,86,28,58
2022-02-23,62,32,30
2022-02-23,53,26,27
2022-02-23,41,19,22
2022-02-23,51,24,27
2022-02-23,38,19,19
2022-02-23,74,24,50
2022-02-23,97,33,64
2022-02-23,64,32,32
2022-02-23,31,12,19
2022-02-23,13,6,7
2022-02-23,3,1,2
2022-02-23,0,0,0
2022-02-23,0,0,0
2022-02-23,4,2,2
2022-02-23,2,1,1
2022-02-22,7,2,5
2022-02-22,9,3,6
2022-02-22,17,7,10
2022-02-22,16,9,7
2022-02-22,32,14,18
2022-02-22,65,20,45
2022-02-22,108,26,82
2022-02-22,59,21,38
2022-02-22,40,17,23
2022-02-22,31,8,23
2022-02-22,28,13,15
2022-02-22,23,7,16
2022-02-22,18,10,8
2022-02-22,27,9,18
2022-02-22,44,13,31
2022-02-22,79,30,49
2022-02-22,61,25,36
2022-02-22,36,11,25
2022-02-22,8,5,3
2022-02-22,3,1,2
2022-02-22,0,0,0
2022-02-22,0,0,0
2022-02-22,0,0,0
2022-02-22,2,2,0
2022-02-21,4,1,3
2022-02-21,4,3,1
2022-02-21,11,6,5
2022-02-21,19,9,10
2022-02-21,28,13,15
2022-02-21,65,21,44
2022-02-21,114,36,78
2022-02-21,104,39,65
2022-02-21,93,36,57
2022-02-21,102,42,60
2022-02-21,46,25,21
2022-02-21,70,28,42
2022-02-21,55,21,34
2022-02-21,41,19,22
2022-02-21,44,21,23
2022-02-21,51,27,24
2022-02-21,29,17,12
2022-02-21,26,9,17
2022-02-21,11,4,7
2022-02-21,2,0,2
2022-02-21,0,0,0
2022-02-21,1,1,0
2022-02-21,3,0,3
2022-02-21,5,3,2
2022-02-20,8,1,7
2022-02-20,6,1,5
2022-02-20,8,2,6
2022-02-20,11,8,3
2022-02-20,14,4,10
2022-02-20,31,13,18
2022-02-20,63,24,39
2022-02-20,94,51,43
2022-02-20,132,55,77
2022-02-20,140,66,74
2022-02-20,119,57,62
2022-02-20,116,66,50
2022-02-20,89,55,34
2022-02-20,42,13,29
2022-02-20,24,13,11
2022-02-20,25,10,15
2022-02-20,24,10,14
2022-02-20,9,2,7
2022-02-20,3,2,1
2022-02-20,3,0,3
2022-02-20,1,1,0
2022-02-20,3,2,1
2022-02-20,6,1,5
2022-02-20,8,6,2
2022-02-19,17,7,10
2022-02-19,16,12,4
2022-02-19,37,12,25
2022-02-19,23,9,14
2022-02-19,46,22,24
2022-02-19,37,18,19
2022-02-19,69,26,43
2022-02-19,86,41,45
2022-02-19,101,39,62
2022-02-19,103,44,59
2022-02-19,101,56,45
2022-02-19,82,37,45
2022-02-19,80,39,41
2022-02-19,65,34,31
2022-02-19,79,20,59
2022-02-19,47,15,32
2022-02-19,26,16,10
2022-02-19,15,5,10
2022-02-19,4,2,2
2022-02-19,2,0,2
2022-02-19,5,2,3
2022-02-19,3,1,2
2022-02-19,7,1,6
2022-02-19,9,5,4
2022-02-18,19,3,16
2022-02-18,24,12,12
2022-02-18,36,15,21
2022-02-18,41,14,27
2022-02-18,62,28,34
2022-02-18,110,46,64
2022-02-18,228,77,151
2022-02-18,189,75,114
2022-02-18,146,69,77
2022-02-18,102,41,61
2022-02-18,92,52,40
2022-02-18,83,47,36
2022-02-18,77,37,40
2022-02-18,63,29,34
2022-02-18,97,32,65
2022-02-18,147,56,91
2022-02-18,112,58,54
2022-02-18,48,24,24
2022-02-18,13,4,9
2022-02-18,7,3,4
2022-02-18,1,1,0
2022-02-18,0,0,0
2022-02-18,1,0,1
2022-02-18,2,1,1
2022-02-17,7,4,3
2022-02-17,17,8,9
2022-02-17,25,10,15
2022-02-17,56,24,32
2022-02-17,92,60,32
2022-02-17,158,47,111
2022-02-17,227,79,148
2022-02-17,143,48,95
2022-02-17,121,52,69
2022-02-17,73,31,42
2022-02-17,55,26,29
2022-02-17,62,31,31
2022-02-17,72,37,35
2022-02-17,64,24,40
2022-02-17,102,31,71
2022-02-17,179,76,103
2022-02-17,157,67,90
2022-02-17,74,34,40
2022-02-17,19,7,12
2022-02-17,8,4,4
2022-02-17,3,0,3
2022-02-17,4,0,4
2022-02-17,2,1,1
2022-02-17,6,3,3
2022-02-16,9,3,6
2022-02-16,20,10,10
2022-02-16,23,11,12
2022-02-16,41,19,22
2022-02-16,72,32,40
2022-02-16,190,67,123
2022-02-16,275,83,192
2022-02-16,211,78,133
2022-02-16,132,48,84
2022-02-16,82,36,46
2022-02-16,81,39,42
2022-02-16,74,34,40
2022-02-16,69,32,37
2022-02-16,75,20,55
2022-02-16,128,56,72
2022-02-16,197,73,124
2022-02-16,171,85,86
2022-02-16,74,33,41
2022-02-16,22,9,13
2022-02-16,6,1,5
2022-02-16,1,1,0
2022-02-16,7,4,3
2022-02-16,1,1,0
2022-02-16,0,0,0
2022-02-15,12,5,7
2022-02-15,11,4,7
2022-02-15,24,14,10
2022-02-15,48,19,29
2022-02-15,61,23,38
2022-02-15,146,54,92
2022-02-15,269,84,185
2022-02-15,204,75,129
2022-02-15,120,47,73
2022-02-15,68,26,42
2022-02-15,53,31,22
2022-02-15,64,34,30
2022-02-15,53,18,35
2022-02-15,58,26,32
2022-02-15,126,46,80
2022-02-15,195,88,107
2022-02-15,154,69,85
2022-02-15,78,30,48
2022-02-15,20,9,11
2022-02-15,9,3,6
2022-02-15,3,1,2
2022-02-15,2,0,2
2022-02-15,1,0,1
2022-02-15,4,1,3
2022-02-14,4,1,3
2022-02-14,11,4,7
2022-02-14,18,4,14
2022-02-14,30,17,13
2022-02-14,43,21,22
2022-02-14,93,32,61
2022-02-14,201,65,136
2022-02-14,115,43,72
2022-02-14,85,31,54
2022-02-14,45,26,19
2022-02-14,27,15,12
2022-02-14,30,13,17
2022-02-14,29,16,13
2022-02-14,36,13,23
2022-02-14,75,30,45
2022-02-14,156,68,88
2022-02-14,103,49,54
2022-02-14,36,20,16
2022-02-14,18,8,10
2022-02-14,5,3,2
2022-02-14,2,0,2
2022-02-14,3,3,0
2022-02-14,2,0,2
2022-02-14,0,0,0
2022-02-13,5,2,3
2022-02-13,16,6,10
2022-02-13,10,2,8
2022-02-13,15,10,5
2022-02-13,33,15,18
2022-02-13,51,20,31
2022-02-13,75,37,38
2022-02-13,137,67,70
2022-02-13,203,89,114
2022-02-13,241,108,133
2022-02-13,248,126,122
2022-02-13,191,100,91
2022-02-13,126,66,60
2022-02-13,95,35,60
2022-02-13,70,28,42
2022-02-13,28,12,16
2022-02-13,18,6,12
2022-02-13,10,5,5
2022-02-13,3,1,2
2022-02-13,2,0,2
2022-02-13,3,1,2
2022-02-13,2,1,1
2022-02-13,6,0,6
2022-02-13,3,2,1
2022-02-12,16,10,6
2022-02-12,9,3,6
2022-02-12,38,11,27
2022-02-12,23,12,11
2022-02-12,55,16,39
2022-02-12,89,32,57
2022-02-12,138,43,95
2022-02-12,234,108,126
2022-02-12,284,132,152
2022-02-12,286,141,145
2022-02-12,302,150,152
2022-02-12,319,120,199
2022-02-12,172,83,89
2022-02-12,141,47,94
2022-02-12,110,37,73
2022-02-12,60,23,37
2022-02-12,20,6,14
2022-02-12,9,5,4
2022-02-12,2,2,0
2022-02-12,4,1,3
2022-02-12,1,0,1
2022-02-12,11,4,7
2022-02-12,5,3,2
2022-02-12,11,6,5
2022-02-11,20,5,15
2022-02-11,28,8,20
2022-02-11,26,7,19
2022-02-11,36,19,17
2022-02-11,53,25,28
2022-02-11,119,42,77
2022-02-11,236,83,153
2022-02-11,216,77,139
2022-02-11,165,72,93
2022-02-11,112,56,56
2022-02-11,84,33,51
2022-02-11,72,41,31
2022-02-11,66,29,37
2022-02-11,53,27,26
2022-02-11,122,36,86
2022-02-11,150,63,87
2022-02-11,99,47,52
2022-02-11,50,21,29
2022-02-11,14,5,9
2022-02-11,8,2,6
2022-02-11,0,0,0
2022-02-11,1,0,1
2022-02-11,0,0,0
2022-02-11,1,0,1
2022-02-10,20,7,13
2022-02-10,14,6,8
2022-02-10,30,15,15
2022-02-10,52,15,37
2022-02-10,61,25,36
2022-02-10,152,62,90
2022-02-10,217,72,145
2022-02-10,158,57,101
2022-02-10,101,41,60
2022-02-10,61,24,37
2022-02-10,61,33,28
2022-02-10,71,30,41
2022-02-10,49,18,31
2022-02-10,40,17,23
2022-02-10,88,27,61
2022-02-10,172,66,106
2022-02-10,130,56,74
2022-02-10,63,28,35
2022-02-10,14,7,7
2022-02-10,3,2,1
2022-02-10,1,0,1
2022-02-10,2,1,1
2022-02-10,5,0,5
2022-02-10,7,3,4
2022-02-09,10,3,7
2022-02-09,20,7,13
2022-02-09,23,13,10
2022-02-09,35,15,20
2022-02-09,63,22,41
2022-02-09,156,55,101
2022-02-09,223,62,161
2022-02-09,206,77,129
2022-02-09,143,59,84
2022-02-09,108,60,48
2022-02-09,94,42,52
2022-02-09,94,39,55
2022-02-09,82,38,44
2022-02-09,57,26,31
2022-02-09,144,52,92
2022-02-09,192,74,118
2022-02-09,152,74,78
2022-02-09,59,19,40
2022-02-09,16,5,11
2022-02-09,6,1,5
2022-02-09,1,0,1
2022-02-09,0,0,0
2022-02-09,1,0,1
2022-02-09,3,2,1
2022-02-08,10,5,5
2022-02-08,12,6,6
2022-02-08,28,12,16
2022-02-08,28,9,19
2022-02-08,61,22,39
2022-02-08,136,48,88
2022-02-08,249,81,168
2022-02-08,180,73,107
2022-02-08,125,53,72
2022-02-08,91,35,56
2022-02-08,62,34,28
2022-02-08,75,39,36
2022-02-08,61,29,32
2022-02-08,71,24,47
2022-02-08,109,45,64
2022-02-08,200,82,118
2022-02-08,145,77,68
2022-02-08,66,28,38
2022-02-08,17,6,11
2022-02-08,5,1,4
2022-02-08,1,1,0
2022-02-08,1,0,1
2022-02-08,3,1,2
2022-02-08,3,0,3
2022-02-07,7,4,3
2022-02-07,12,2,10
2022-02-07,20,11,9
2022-02-07,45,16,29
2022-02-07,50,24,26
2022-02-07,142,44,98
2022-02-07,210,52,158
2022-02-07,153,56,97
2022-02-07,87,36,51
2022-02-07,65,28,37
2022-02-07,44,24,20
2022-02-07,43,23,20
2022-02-07,43,16,27
2022-02-07,55,19,36
2022-02-07,112,48,64
2022-02-07,181,86,95
2022-02-07,112,53,59
2022-02-07,55,15,40
2022-02-07,17,8,9
2022-02-07,6,2,4
2022-02-07,1,1,0
2022-02-07,0,0,0
2022-02-07,0,0,0
2022-02-07,3,2,1
2022-02-06,3,0,3
2022-02-06,5,1,4
2022-02-06,7,4,3
2022-02-06,18,6,12
2022-02-06,23,11,12
2022-02-06,47,16,31
2022-02-06,116,53,63
2022-02-06,192,78,114
2022-02-06,279,122,157
2022-02-06,266,137,129
2022-02-06,229,97,132
2022-02-06,204,95,109
2022-02-06,130,68,62
2022-02-06,126,75,51
2022-02-06,59,24,35
2022-02-06,35,14,21
2022-02-06,22,9,13
2022-02-06,9,4,5
2022-02-06,6,4,2
2022-02-06,1,0,1
2022-02-06,2,1,1
2022-02-06,3,0,3
2022-02-06,1,0,1
2022-02-06,5,4,1
2022-02-05,16,11,5
2022-02-05,25,9,16
2022-02-05,35,9,26
2022-02-05,38,10,28
2022-02-05,35,6,29
2022-02-05,56,23,33
2022-02-05,105,38,67
2022-02-05,122,52,70
2022-02-05,137,65,72
2022-02-05,176,86,90
2022-02-05,147,91,56
2022-02-05,119,59,60
2022-02-05,130,62,68
2022-02-05,87,35,52
2022-02-05,70,24,46
2022-02-05,44,13,31
2022-02-05,25,10,15
2022-02-05,13,8,5
2022-02-05,3,2,1
2022-02-05,3,0,3
2022-02-05,6,4,2
2022-02-05,5,2,3
2022-02-05,10,4,6
2022-02-05,14,4,10
2022-02-04,14,9,5
2022-02-04,15,7,8
2022-02-04,20,8,12
2022-02-04,26,8,18
2022-02-04,37,16,21
2022-02-04,92,44,48
2022-02-04,138,49,89
2022-02-04,114,36,78
2022-02-04,85,43,42
2022-02-04,74,30,44
2022-02-04,69,16,53
2022-02-04,75,46,29
2022-02-04,41,17,24
2022-02-04,41,18,23
2022-02-04,80,31,49
2022-02-04,133,55,78
2022-02-04,91,39,52
2022-02-04,33,11,22
2022-02-04,14,6,8
2022-02-04,6,2,4
2022-02-04,2,0,2
2022-02-04,2,1,1
2022-02-04,7,1,6
2022-02-04,4,2,2
2022-02-03,12,4,8
2022-02-03,10,4,6
2022-02-03,17,4,13
2022-02-03,42,14,28
2022-02-03,54,22,32
2022-02-03,119,38,81
2022-02-03,171,59,112
2022-02-03,126,47,79
2022-02-03,78,39,39
2022-02-03,52,23,29
2022-02-03,42,18,24
2022-02-03,30,13,17
2022-02-03,33,11,22
2022-02-03,38,13,25
2022-02-03,69,25,44
2022-02-03,139,60,79
2022-02-03,113,46,67
2022-02-03,35,12,23
2022-02-03,16,6,10
2022-02-03,9,4,5
2022-02-03,0,0,0
2022-02-03,0,0,0
2022-02-03,2,1,1
2022-02-03,2,1,1
2022-02-02,9,1,8
2022-02-02,9,4,5
2022-02-02,15,6,9
2022-02-02,29,12,17
2022-02-02,29,10,19
2022-02-02,93,30,63
2022-02-02,144,31,113
2022-02-02,118,42,76
2022-02-02,86,40,46
2022-02-02,59,30,29
2022-02-02,38,11,27
2022-02-02,44,20,24
2022-02-02,43,21,22
2022-02-02,51,17,34
2022-02-02,103,36,67
2022-02-02,169,68,101
2022-02-02,107,45,62
2022-02-02,55,22,33
2022-02-02,9,4,5
2022-02-02,3,1,2
2022-02-02,0,0,0
2022-02-02,1,0,1
2022-02-02,1,0,1
2022-02-02,3,2,1
2022-02-01,8,5,3
2022-02-01,13,4,9
2022-02-01,16,6,10
2022-02-01,40,24,16
2022-02-01,42,18,24
2022-02-01,124,31,93
2022-02-01,193,60,133
2022-02-01,146,62,84
2022-02-01,113,41,72
2022-02-01,61,21,40
2022-02-01,75,36,39
2022-02-01,58,23,35
2022-02-01,54,25,29
2022-02-01,65,22,43
2022-02-01,119,43,76
2022-02-01,160,71,89
2022-02-01,136,57,79
2022-02-01,57,21,36
2022-02-01,20,6,14
2022-02-01,6,2,4
2022-02-01,1,0,1
2022-02-01,2,1,1
2022-02-01,2,1,1
2022-02-01,4,1,3
2022-01-31,7,3,4
2022-01-31,13,3,10
2022-01-31,24,10,14
2022-01-31,43,21,22
2022-01-31,45,15,30
2022-01-31,110,33,77
2022-01-31,207,57,150
2022-01-31,202,87,115
2022-01-31,130,45,85
2022-01-31,85,31,54
2022-01-31,82,44,38
2022-01-31,41,20,21
2022-01-31,41,18,23
2022-01-31,47,19,28
2022-01-31,93,33,60
2022-01-31,176,84,92
2022-01-31,103,53,50
2022-01-31,60,21,39
2022-01-31,12,4,8
2022-01-31,2,1,1
2022-01-31,0,0,0
2022-01-31,1,0,1
2022-01-31,0,0,0
2022-01-31,0,0,0
2022-01-30,2,0,2
2022-01-30,2,0,2
2022-01-30,5,1,4
2022-01-30,7,4,3
2022-01-30,10,5,5
2022-01-30,23,12,11
2022-01-30,15,8,7
2022-01-30,38,18,20
2022-01-30,43,24,19
2022-01-30,19,8,11
2022-01-30,49,24,25
2022-01-30,47,22,25
2022-01-30,64,30,34
2022-01-30,64,28,36
2022-01-30,34,14,20
2022-01-30,35,13,22
2022-01-30,15,4,11
2022-01-30,9,4,5
2022-01-30,3,2,1
2022-01-30,0,0,0
2022-01-30,2,1,1
2022-01-30,5,3,2
2022-01-30,3,1,2
2022-01-30,13,1,12
2022-01-29,14,5,9
2022-01-29,8,5,3
2022-01-29,22,7,15
2022-01-29,32,12,20
2022-01-29,51,25,26
2022-01-29,46,24,22
2022-01-29,68,27,41
2022-01-29,156,66,90
2022-01-29,176,79,97
2022-01-29,189,93,96
2022-01-29,171,71,100
2022-01-29,151,81,70
2022-01-29,115,47,68
2022-01-29,89,34,55
2022-01-29,58,25,33
2022-01-29,50,15,35
2022-01-29,19,9,10
2022-01-29,5,1,4
2022-01-29,5,3,2
2022-01-29,3,0,3
2022-01-29,1,0,1
2022-01-29,11,5,6
2022-01-29,2,0,2
2022-01-29,7,4,3
2022-01-28,8,5,3
2022-01-28,24,11,13
2022-01-28,22,10,12
2022-01-28,28,17,11
2022-01-28,59,23,36
2022-01-28,102,35,67
2022-01-28,176,51,125
2022-01-28,184,80,104
2022-01-28,162,79,83
2022-01-28,130,51,79
2022-01-28,95,47,48
2022-01-28,90,48,42
2022-01-28,52,20,32
2022-01-28,35,15,20
2022-01-28,82,29,53
2022-01-28,122,44,78
2022-01-28,86,39,47
2022-01-28,37,17,20
2022-01-28,16,6,10
2022-01-28,3,1,2
2022-01-28,1,1,0
2022-01-28,1,0,1
2022-01-28,7,2,5
2022-01-28,8,2,6
2022-01-27,13,5,8
2022-01-27,12,5,7
2022-01-27,29,14,15
2022-01-27,26,13,13
2022-01-27,53,17,36
2022-01-27,135,55,80
2022-01-27,220,69,151
2022-01-27,179,74,105
2022-01-27,127,61,66
2022-01-27,99,47,52
2022-01-27,93,52,41
2022-01-27,72,31,41
2022-01-27,39,15,24
2022-01-27,40,12,28
2022-01-27,93,31,62
2022-01-27,140,59,81
2022-01-27,124,54,70
2022-01-27,61,28,33
2022-01-27,11,4,7
2022-01-27,5,2,3
2022-01-27,1,1,0
2022-01-27,1,0,1
2022-01-27,3,0,3
2022-01-27,3,1,2
2022-01-26,14,5,9
2022-01-26,13,3,10
2022-01-26,23,10,13
2022-01-26,39,19,20
2022-01-26,60,20,40
2022-01-26,126,36,90
2022-01-26,181,62,119
2022-01-26,160,51,109
2022-01-26,100,46,54
2022-01-26,71,36,35
2022-01-26,57,34,23
2022-01-26,57,25,32
2022-01-26,39,18,21
2022-01-26,55,25,30
2022-01-26,108,49,59
2022-01-26,156,66,90
2022-01-26,130,55,75
2022-01-26,60,27,33
2022-01-26,14,5,9
2022-01-26,3,1,2
2022-01-26,2,0,2
2022-01-26,1,1,0
2022-01-26,2,1,1
2022-01-26,8,4,4
2022-01-25,8,2,6
2022-01-25,14,1,13
2022-01-25,31,14,17
2022-01-25,29,11,18
2022-01-25,55,19,36
2022-01-25,111,41,70
2022-01-25,188,58,130
2022-01-25,178,68,110
2022-01-25,146,61,85
2022-01-25,84,35,49
2022-01-25,56,33,23
2022-01-25,61,30,31
2022-01-25,45,17,28
2022-01-25,35,17,18
2022-01-25,86,19,67
2022-01-25,145,63,82
2022-01-25,124,54,70
2022-01-25,63,24,39
2022-01-25,15,5,10
2022-01-25,4,0,4
2022-01-25,0,0,0
2022-01-25,2,1,1
2022-01-25,3,0,3
2022-01-25,3,0,3
2022-01-24,9,4,5
2022-01-24,10,2,8
2022-01-24,22,11,11
2022-01-24,41,20,21
2022-01-24,62,20,42
2022-01-24,110,31,79
2022-01-24,172,52,120
2022-01-24,114,42,72
2022-01-24,80,36,44
2022-01-24,51,15,36
2022-01-24,51,24,27
2022-01-24,55,26,29
2022-01-24,57,29,28
2022-01-24,43,20,23
2022-01-24,94,31,63
2022-01-24,134,58,76
2022-01-24,113,50,63
2022-01-24,53,22,31
2022-01-24,17,8,9
2022-01-24,3,0,3
2022-01-24,1,0,1
2022-01-24,0,0,0
2022-01-24,0,0,0
2022-01-24,1,0,1
2022-01-23,6,2,4
2022-01-23,8,1,7
2022-01-23,17,5,12
2022-01-23,14,4,10
2022-01-23,17,6,11
2022-01-23,39,20,19
2022-01-23,65,36,29
2022-01-23,114,58,56
2022-01-23,125,80,45
2022-01-23,142,73,69
2022-01-23,126,67,59
2022-01-23,130,62,68
2022-01-23,103,45,58
2022-01-23,83,25,58
2022-01-23,54,24,30
2022-01-23,43,20,23
2022-01-23,14,3,11
2022-01-23,10,5,5
2022-01-23,3,1,2
2022-01-23,3,1,2
2022-01-23,3,1,2
2022-01-23,5,1,4
2022-01-23,5,1,4
2022-01-23,3,2,1
2022-01-22,9,3,6
2022-01-22,16,5,11
2022-01-22,24,10,14
2022-01-22,36,12,24
2022-01-22,39,10,29
2022-01-22,39,14,25
2022-01-22,104,46,58
2022-01-22,161,84,77
2022-01-22,211,115,96
2022-01-22,243,96,147
2022-01-22,205,120,85
2022-01-22,167,83,84
2022-01-22,165,91,74
2022-01-22,113,51,62
2022-01-22,70,21,49
2022-01-22,63,25,38
2022-01-22,16,9,7
2022-01-22,11,3,8
2022-01-22,1,1,0
2022-01-22,6,4,2
2022-01-22,4,0,4
2022-01-22,2,0,2
2022-01-22,6,0,6
2022-01-22,10,4,6
2022-01-21,10,2,8
2022-01-21,19,10,9
2022-01-21,28,11,17
2022-01-21,35,11,24
2022-01-21,57,26,31
2022-01-21,106,33,73
2022-01-21,189,69,120
2022-01-21,196,80,116
2022-01-21,136,51,85
2022-01-21,101,47,54
2022-01-21,102,46,56
2022-01-21,83,35,48
2022-01-21,80,38,42
2022-01-21,73,35,38
2022-01-21,107,37,70
2022-01-21,132,49,83
2022-01-21,83,31,52
2022-01-21,40,17,23
2022-01-21,18,7,11
2022-01-21,4,1,3
2022-01-21,2,0,2
2022-01-21,0,0,0
2022-01-21,3,1,2
2022-01-21,1,0,1
2022-01-20,10,3,7
2022-01-20,20,5,15
2022-01-20,20,7,13
2022-01-20,28,11,17
2022-01-20,35,8,27
2022-01-20,116,48,68
2022-01-20,122,26,96
2022-01-20,91,36,55
2022-01-20,78,30,48
2022-01-20,52,22,30
2022-01-20,47,24,23
2022-01-20,40,20,20
2022-01-20,51,28,23
2022-01-20,49,25,24
2022-01-20,71,24,47
2022-01-20,120,49,71
2022-01-20,96,42,54
2022-01-20,38,16,22
2022-01-20,17,6,11
2022-01-20,5,1,4
2022-01-20,2,1,1
2022-01-20,1,0,1
2022-01-20,1,1,0
2022-01-20,3,0,3
2022-01-19,5,3,2
2022-01-19,10,4,6
2022-01-19,19,6,13
2022-01-19,19,5,14
2022-01-19,35,13,22
2022-01-19,100,33,67
2022-01-19,175,42,133
2022-01-19,122,51,71
2022-01-19,100,46,54
2022-01-19,84,43,41
2022-01-19,69,30,39
2022-01-19,67,31,36
2022-01-19,56,30,26
2022-01-19,63,34,29
2022-01-19,108,44,64
2022-01-19,146,62,84
2022-01-19,123,57,66
2022-01-19,53,21,32
2022-01-19,11,4,7
2022-01-19,5,2,3
2022-01-19,2,0,2
2022-01-19,2,1,1
2022-01-19,3,0,3
2022-01-19,3,0,3
2022-01-18,7,4,3
2022-01-18,7,5,2
2022-01-18,19,5,14
2022-01-18,32,11,21
2022-01-18,36,10,26
2022-01-18,116,31,85
2022-01-18,178,42,136
2022-01-18,138,50,88
2022-01-18,83,46,37
2022-01-18,45,19,26
2022-01-18,43,17,26
2022-01-18,35,16,19
2022-01-18,32,12,20
2022-01-18,35,11,24
2022-01-18,98,35,63
2022-01-18,147,63,84
2022-01-18,109,44,65
2022-01-18,71,31,40
2022-01-18,17,7,10
2022-01-18,2,0,2
2022-01-18,1,0,1
2022-01-18,0,0,0
2022-01-18,0,0,0
2022-01-18,4,0,4
2022-01-17,6,3,3
2022-01-17,9,6,3
2022-01-17,23,13,10
2022-01-17,25,16,9
2022-01-17,19,10,9
2022-01-17,50,20,30
2022-01-17,88,39,49
2022-01-17,151,68,83
2022-01-17,145,62,83
2022-01-17,168,79,89
2022-01-17,144,62,82
2022-01-17,94,52,42
2022-01-17,97,48,49
2022-01-17,60,26,34
2022-01-17,59,26,33
2022-01-17,63,29,34
2022-01-17,32,15,17
2022-01-17,20,4,16
2022-01-17,8,2,6
2022-01-17,6,1,5
2022-01-17,0,0,0
2022-01-17,2,1,1
2022-01-17,2,0,2
2022-01-17,6,1,5
2022-01-16,2,0,2
2022-01-16,4,1,3
2022-01-16,8,3,5
2022-01-16,16,4,12
2022-01-16,20,4,16
2022-01-16,27,7,20
2022-01-16,54,24,30
2022-01-16,110,55,55
2022-01-16,124,65,59
2022-01-16,137,74,63
2022-01-16,118,68,50
2022-01-16,115,58,57
2022-01-16,126,64,62
2022-01-16,64,21,43
2022-01-16,54,29,25
2022-01-16,38,12,26
2022-01-16,11,6,5
2022-01-16,4,1,3
2022-01-16,1,0,1
2022-01-16,2,1,1
2022-01-16,3,0,3
2022-01-16,2,0,2
2022-01-16,10,3,7
2022-01-16,5,1,4
2022-01-15,13,2,11
2022-01-15,26,11,15
2022-01-15,30,9,21
2022-01-15,21,12,9
2022-01-15,31,12,19
2022-01-15,51,28,23
2022-01-15,59,27,32
2022-01-15,117,44,73
2022-01-15,143,68,75
2022-01-15,148,71,77
2022-01-15,131,59,72
2022-01-15,157,73,84
2022-01-15,119,52,67
2022-01-15,96,46,50
2022-01-15,69,37,32
2022-01-15,37,16,21
2022-01-15,18,6,12
2022-01-15,14,5,9
2022-01-15,8,5,3
2022-01-15,6,1,5
2022-01-15,3,0,3
2022-01-15,3,3,0
2022-01-15,4,0,4
2022-01-15,9,4,5
2022-01-14,10,7,3
2022-01-14,17,7,10
2022-01-14,21,11,10
2022-01-14,28,12,16
2022-01-14,43,16,27
2022-01-14,84,25,59
2022-01-14,146,44,102
2022-01-14,173,70,103
2022-01-14,173,76,97
2022-01-14,137,57,80
2022-01-14,103,47,56
2022-01-14,76,29,47
2022-01-14,67,38,29
2022-01-14,58,31,27
2022-01-14,105,28,77
2022-01-14,117,46,71
2022-01-14,83,33,50
2022-01-14,31,9,22
2022-01-14,16,5,11
2022-01-14,3,0,3
2022-01-14,2,0,2
2022-01-14,1,0,1
2022-01-14,3,2,1
2022-01-14,3,2,1
2022-01-13,23,8,15
2022-01-13,10,5,5
2022-01-13,29,13,16
2022-01-13,27,9,18
2022-01-13,46,18,28
2022-01-13,127,47,80
2022-01-13,141,47,94
2022-01-13,183,68,115
2022-01-13,129,52,77
2022-01-13,122,54,68
2022-01-13,71,28,43
2022-01-13,65,27,38
2022-01-13,48,21,27
2022-01-13,39,13,26
2022-01-13,73,31,42
2022-01-13,89,44,45
2022-01-13,82,34,48
2022-01-13,38,14,24
2022-01-13,13,7,6
2022-01-13,6,1,5
2022-01-13,1,0,1
2022-01-13,2,1,1
2022-01-13,1,0,1
2022-01-13,7,6,1
2022-01-12,10,2,8
2022-01-12,9,5,4
2022-01-12,17,7,10
2022-01-12,35,9,26
2022-01-12,36,16,20
2022-01-12,123,33,90
2022-01-12,136,38,98
2022-01-12,126,57,69
2022-01-12,105,50,55
2022-01-12,73,34,39
2022-01-12,43,23,20
2022-01-12,32,17,15
2022-01-12,39,14,25
2022-01-12,35,15,20
2022-01-12,85,27,58
2022-01-12,95,41,54
2022-01-12,85,36,49
2022-01-12,35,12,23
2022-01-12,13,5,8
2022-01-12,4,2,2
2022-01-12,0,0,0
2022-01-12,1,0,1
2022-01-12,3,2,1
2022-01-12,0,0,0
2022-01-11,4,1,3
2022-01-11,9,4,5
2022-01-11,15,6,9
2022-01-11,15,2,13
2022-01-11,22,7,15
2022-01-11,59,19,40
2022-01-11,101,25,76
2022-01-11,83,24,59
2022-01-11,54,23,31
2022-01-11,38,18,20
2022-01-11,28,9,19
2022-01-11,23,8,15
2022-01-11,33,9,24
2022-01-11,34,14,20
2022-01-11,58,23,35
2022-01-11,97,37,60
2022-01-11,68,33,35
2022-01-11,45,17,28
2022-01-11,16,7,9
2022-01-11,2,0,2
2022-01-11,0,0,0
2022-01-11,0,0,0
2022-01-11,2,1,1
2022-01-11,4,2,2
2022-01-10,5,4,1
2022-01-10,6,2,4
2022-01-10,19,10,9
2022-01-10,22,9,13
2022-01-10,26,8,18
2022-01-10,72,20,52
2022-01-10,123,33,90
2022-01-10,93,32,61
2022-01-10,61,27,34
2022-01-10,28,9,19
2022-01-10,45,22,23
2022-01-10,37,21,16
2022-01-10,26,10,16
2022-01-10,21,10,11
2022-01-10,40,19,21
2022-01-10,91,44,47
2022-01-10,85,44,41
2022-01-10,51,14,37
2022-01-10,10,1,9
2022-01-10,6,3,3
2022-01-10,1,1,0
2022-01-10,0,0,0
2022-01-10,1,1,0
2022-01-10,6,1,5
2022-01-09,2,2,0
2022-01-09,12,6,6
2022-01-09,12,2,10
2022-01-09,18,11,7
2022-01-09,25,12,13
2022-01-09,36,16,20
2022-01-09,77,41,36
2022-01-09,156,70,86
2022-01-09,280,154,126
2022-01-09,364,157,207
2022-01-09,256,113,143
2022-01-09,250,137,113
2022-01-09,193,90,103
2022-01-09,113,48,65
2022-01-09,47,22,25
2022-01-09,37,15,22
2022-01-09,24,11,13
2022-01-09,7,1,6
2022-01-09,2,0,2
2022-01-09,0,0,0
2022-01-09,1,0,1
2022-01-09,3,0,3
2022-01-09,5,3,2
2022-01-09,3,1,2
2022-01-08,7,4,3
2022-01-08,7,2,5
2022-01-08,25,8,17
2022-01-08,27,9,18
2022-01-08,44,9,35
2022-01-08,29,10,19
2022-01-08,53,21,32
2022-01-08,122,62,60
2022-01-08,128,71,57
2022-01-08,132,77,55
2022-01-08,152,69,83
2022-01-08,140,77,63
2022-01-08,90,49,41
2022-01-08,68,29,39
2022-01-08,65,34,31
2022-01-08,20,3,17
2022-01-08,10,5,5
2022-01-08,11,1,10
2022-01-08,4,2,2
2022-01-08,0,0,0
2022-01-08,2,2,0
2022-01-08,2,0,2
2022-01-08,6,4,2
2022-01-08,3,0,3
2022-01-07,4,2,2
2022-01-07,13,6,7
2022-01-07,19,8,11
2022-01-07,17,5,12
2022-01-07,26,8,18
2022-01-07,56,23,33
2022-01-07,104,33,71
2022-01-07,71,25,46
2022-01-07,55,24,31
2022-01-07,43,16,27
2022-01-07,24,11,13
2022-01-07,11,6,5
2022-01-07,18,7,11
2022-01-07,27,10,17
2022-01-07,46,22,24
2022-01-07,52,18,34
2022-01-07,34,15,19
2022-01-07,19,7,12
2022-01-07,7,3,4
2022-01-07,0,0,0
2022-01-07,1,0,1
2022-01-07,0,0,0
2022-01-07,0,0,0
2022-01-07,3,1,2
2022-01-06,2,2,0
2022-01-06,3,0,3
2022-01-06,8,6,2
2022-01-06,8,4,4
2022-01-06,17,9,8
2022-01-06,46,14,32
2022-01-06,77,21,56
2022-01-06,67,23,44
2022-01-06,35,9,26
2022-01-06,19,7,12
2022-01-06,19,11,8
2022-01-06,19,12,7
2022-01-06,23,11,12
2022-01-06,24,8,16
2022-01-06,42,11,31
2022-01-06,71,33,38
2022-01-06,66,33,33
2022-01-06,26,12,14
2022-01-06,5,1,4
2022-01-06,3,0,3
2022-01-06,1,1,0
2022-01-06,3,2,1
2022-01-06,2,0,2
2022-01-06,2,1,1
2022-01-05,4,3,1
2022-01-05,2,0,2
2022-01-05,6,2,4
2022-01-05,18,6,12
2022-01-05,28,14,14
2022-01-05,64,20,44
2022-01-05,88,19,69
2022-01-05,69,13,56
2022-01-05,45,21,24
2022-01-05,34,12,22
2022-01-05,21,7,14
2022-01-05,46,16,30
2022-01-05,22,14,8
2022-01-05,19,9,10
2022-01-05,48,16,32
2022-01-05,84,38,46
2022-01-05,60,28,32
2022-01-05,35,15,20
2022-01-05,8,3,5
2022-01-05,4,1,3
2022-01-05,0,0,0
2022-01-05,3,2,1
2022-01-05,2,1,1
2022-01-05,3,1,2
2022-01-04,1,1,0
2022-01-04,8,4,4
2022-01-04,11,3,8
2022-01-04,13,7,6
2022-01-04,14,8,6
2022-01-04,37,13,24
2022-01-04,60,14,46
2022-01-04,51,15,36
2022-01-04,38,8,30
2022-01-04,21,9,12
2022-01-04,31,15,16
2022-01-04,30,15,15
2022-01-04,43,23,20
2022-01-04,42,23,19
2022-01-04,49,17,32
2022-01-04,53,21,32
2022-01-04,36,14,22
2022-01-04,26,9,17
2022-01-04,8,1,7
2022-01-04,3,0,3
2022-01-04,1,0,1
2022-01-04,0,0,0
2022-01-04,1,0,1
2022-01-04,0,0,0
2022-01-03,6,3,3
2022-01-03,4,0,4
2022-01-03,6,2,4
2022-01-03,8,3,5
2022-01-03,6,2,4
2022-01-03,29,14,15
2022-01-03,22,8,14
2022-01-03,37,10,27
2022-01-03,28,8,20
2022-01-03,17,8,9
2022-01-03,21,9,12
2022-01-03,12,7,5
2022-01-03,5,2,3
2022-01-03,7,1,6
2022-01-03,12,3,9
2022-01-03,14,8,6
2022-01-03,8,1,7
2022-01-03,8,4,4
2022-01-03,3,0,3
2022-01-03,0,0,0
2022-01-03,0,0,0
2022-01-03,0,0,0
2022-01-03,0,0,0
2022-01-03,0,0,0
2022-01-02,2,1,1
2022-01-02,0,0,0
2022-01-02,0,0,0
2022-01-02,0,0,0
2022-01-02,2,0,2
2022-01-02,1,1,0
2022-01-02,5,4,1
2022-01-02,1,1,0
2022-01-02,4,4,0
2022-01-02,3,2,1
2022-01-02,3,0,3
2022-01-02,2,0,2
2022-01-02,5,2,3
2022-01-02,1,1,0
2022-01-02,0,0,0
2022-01-02,4,2,2
2022-01-02,1,1,0
2022-01-02,3,1,2
2022-01-02,0,0,0
2022-01-02,0,0,0
2022-01-02,0,0,0
2022-01-02,0,0,0
2022-01-02,0,0,0
2022-01-02,0,0,0
2022-01-01,0,0,0
2022-01-01,2,0,2
2022-01-01,0,0,0
2022-01-01,0,0,0
2022-01-01,2,1,1
2022-01-01,1,1,0
2022-01-01,3,2,1
2022-01-01,2,0,2
2022-01-01,4,4,0
2022-01-01,5,5,0
2022-01-01,3,3,0
2022-01-01,1,1,0
2022-01-01,1,0,1
2022-01-01,0,0,0
2022-01-01,2,0,2
2022-01-01,3,3,0
2022-01-01,1,1,0
2022-01-01,1,1,0
2022-01-01,1,1,0
2022-01-01,0,0,0
2022-01-01,0,0,0
2022-01-01,1,0,1
2022-01-01,0,0,0
2022-01-01,0,0,0
2021-12-31,0,0,0
2021-12-31,0,0,0
2021-12-31,0,0,0
2021-12-31,0,0,0
2021-12-31,0,0,0
2021-12-31,7,5,2
2021-12-31,5,2,3
2021-12-31,7,4,3
2021-12-31,8,2,6
2021-12-31,8,7,1
2021-12-31,4,3,1
2021-12-31,3,2,1
2021-12-31,3,1,2
2021-12-31,1,1,0
2021-12-31,3,2,1
2021-12-31,0,0,0
2021-12-31,1,0,1
2021-12-31,0,0,0
2021-12-31,1,1,0
2021-12-31,1,1,0
2021-12-31,0,0,0
2021-12-31,0,0,0
2021-12-31,0,0,0
2021-12-31,0,0,0
2021-12-30,0,0,0
2021-12-30,4,0,4
2021-12-30,3,0,3
2021-12-30,2,0,2
2021-12-30,2,2,0
2021-12-30,5,1,4
2021-12-30,3,1,2
2021-12-30,7,3,4
2021-12-30,6,4,2
2021-12-30,6,3,3
2021-12-30,7,5,2
2021-12-30,2,0,2
2021-12-30,3,3,0
2021-12-30,5,4,1
2021-12-30,2,1,1
2021-12-30,9,8,1
2021-12-30,7,1,6
2021-12-30,3,0,3
2021-12-30,0,0,0
2021-12-30,0,0,0
2021-12-30,0,0,0
2021-12-30,0,0,0
2021-12-30,1,1,0
2021-12-30,0,0,0
2021-12-29,0,0,0
2021-12-29,1,0,1
2021-12-29,2,0,2
2021-12-29,0,0,0
2021-12-29,1,1,0
2021-12-29,15,8,7
2021-12-29,1,0,1
2021-12-29,10,3,7
2021-12-29,13,5,8
2021-12-29,7,4,3
2021-12-29,2,0,2
2021-12-29,2,1,1
2021-12-29,5,3,2
2021-12-29,6,3,3
2021-12-29,1,0,1
2021-12-29,2,1,1
2021-12-29,4,2,2
2021-12-29,1,1,0
2021-12-29,0,0,0
2021-12-29,0,0,0
2021-12-29,2,0,2
2021-12-29,0,0,0
2021-12-29,0,0,0
2021-12-29,0,0,0
2021-12-28,1,1,0
2021-12-28,0,0,0
2021-12-28,18,5,13
2021-12-28,3,2,1
2021-12-28,3,1,2
2021-12-28,4,1,3
2021-12-28,4,1,3
2021-12-28,4,2,2
2021-12-28,3,1,2
2021-12-28,4,2,2
2021-12-28,2,1,1
2021-12-28,6,1,5
2021-12-28,8,4,4
2021-12-28,3,0,3
2021-12-28,4,0,4
2021-12-28,4,3,1
2021-12-28,3,3,0
2021-12-28,2,1,1
2021-12-28,6,0,6
2021-12-28,6,0,6
2021-12-28,0,0,0
2021-12-28,0,0,0
2021-12-28,2,2,0
2021-12-28,1,1,0
2021-12-27,0,0,0
2021-12-27,0,0,0
2021-12-27,2,0,2
2021-12-27,3,1,2
2021-12-27,2,1,1
2021-12-27,4,1,3
2021-12-27,5,3,2
2021-12-27,11,2,9
2021-12-27,7,5,2
2021-12-27,2,1,1
2021-12-27,1,1,0
2021-12-27,6,1,5
2021-12-27,3,1,2
2021-12-27,3,2,1
2021-12-27,1,1,0
2021-12-27,2,1,1
2021-12-27,3,1,2
2021-12-27,1,1,0
2021-12-27,18,0,18
2021-12-27,0,0,0
2021-12-27,0,0,0
2021-12-27,0,0,0
2021-12-27,0,0,0
2021-12-27,0,0,0
2021-12-26,0,0,0
2021-12-26,1,1,0
2021-12-26,2,2,0
2021-12-26,1,1,0
2021-12-26,2,1,1
2021-12-26,1,0,1
2021-12-26,5,1,4
2021-12-26,5,2,3
2021-12-26,1,1,0
2021-12-26,3,2,1
2021-12-26,4,0,4
2021-12-26,5,3,2
2021-12-26,4,2,2
2021-12-26,4,1,3
2021-12-26,6,0,6
2021-12-26,0,0,0
2021-12-26,4,0,4
2021-12-26,0,0,0
2021-12-26,1,1,0
2021-12-26,2,1,1
2021-12-26,0,0,0
2021-12-26,1,0,1
2021-12-26,0,0,0
2021-12-26,2,1,1
2021-12-25,3,1,2
2021-12-25,4,0,4
2021-12-25,12,3,9
2021-12-25,5,1,4
2021-12-25,6,0,6
2021-12-25,7,2,5
2021-12-25,12,6,6
2021-12-25,13,7,6
2021-12-25,13,2,11
2021-12-25,23,11,12
2021-12-25,12,4,8
2021-12-25,16,5,11
2021-12-25,19,11,8
2021-12-25,14,8,6
2021-12-25,9,4,5
2021-12-25,5,0,5
2021-12-25,1,0,1
2021-12-25,0,0,0
2021-12-25,1,0,1
2021-12-25,0,0,0
2021-12-25,2,0,2
2021-12-25,0,0,0
2021-12-25,0,0,0
2021-12-25,5,3,2
2021-12-24,2,1,1
2021-12-24,6,0,6
2021-12-24,5,2,3
2021-12-24,5,2,3
2021-12-24,5,2,3
2021-12-24,6,2,4
2021-12-24,10,3,7
2021-12-24,21,9,12
2021-12-24,50,21,29
2021-12-24,35,18,17
2021-12-24,39,18,21
2021-12-24,45,17,28
2021-12-24,42,22,20
2021-12-24,35,26,9
2021-12-24,20,12,8
2021-12-24,14,7,7
2021-12-24,5,2,3
2021-12-24,8,4,4
2021-12-24,1,0,1
2021-12-24,1,0,1
2021-12-24,1,0,1
2021-12-24,0,0,0
2021-12-24,2,0,2
2021-12-24,2,1,1
2021-12-23,4,4,0
2021-12-23,11,6,5
2021-12-23,19,7,12
2021-12-23,30,8,22
2021-12-23,20,10,10
2021-12-23,34,14,20
2021-12-23,60,17,43
2021-12-23,86,26,60
2021-12-23,77,31,46
2021-12-23,85,37,48
2021-12-23,87,36,51
2021-12-23,73,30,43
2021-12-23,72,35,37
2021-12-23,44,16,28
2021-12-23,59,30,29
2021-12-23,55,23,32
2021-12-23,45,16,29
2021-12-23,27,13,14
2021-12-23,6,3,3
2021-12-23,2,0,2
2021-12-23,1,0,1
2021-12-23,1,0,1
2021-12-23,0,0,0
2021-12-23,2,0,2
2021-12-22,5,2,3
2021-12-22,10,2,8
2021-12-22,4,2,2
2021-12-22,12,6,6
2021-12-22,23,7,16
2021-12-22,30,9,21
2021-12-22,85,27,58
2021-12-22,48,17,31
2021-12-22,37,12,25
2021-12-22,30,6,24
2021-12-22,47,17,30
2021-12-22,47,18,29
2021-12-22,30,12,18
2021-12-22,30,13,17
2021-12-22,53,21,32
2021-12-22,68,29,39
2021-12-22,57,27,30
2021-12-22,30,8,22
2021-12-22,12,3,9
2021-12-22,4,2,2
2021-12-22,0,0,0
2021-12-22,4,1,3
2021-12-22,1,0,1
2021-12-22,3,3,0
2021-12-21,9,5,4
2021-12-21,5,1,4
2021-12-21,13,6,7
2021-12-21,18,9,9
2021-12-21,28,14,14
2021-12-21,64,18,46
2021-12-21,103,30,73
2021-12-21,98,33,65
2021-12-21,93,34,59
2021-12-21,68,27,41
2021-12-21,67,29,38
2021-12-21,62,30,32
2021-12-21,41,17,24
2021-12-21,56,25,31
2021-12-21,88,28,60
2021-12-21,106,40,66
2021-12-21,75,31,44
2021-12-21,46,14,32
2021-12-21,16,6,10
2021-12-21,4,1,3
2021-12-21,0,0,0
2021-12-21,2,1,1
2021-12-21,5,3,2
2021-12-21,8,6,2
2021-12-20,6,3,3
2021-12-20,2,0,2
2021-12-20,9,3,6
2021-12-20,13,7,6
2021-12-20,25,10,15
2021-12-20,72,19,53
2021-12-20,105,22,83
2021-12-20,91,29,62
2021-12-20,65,26,39
2021-12-20,47,20,27
2021-12-20,47,18,29
2021-12-20,44,18,26
2021-12-20,29,16,13
2021-12-20,35,15,20
2021-12-20,47,12,35
2021-12-20,85,34,51
2021-12-20,72,33,39
2021-12-20,35,13,22
2021-12-20,12,5,7
2021-12-20,6,1,5
2021-12-20,3,2,1
2021-12-20,1,0,1
2021-12-20,2,1,1
2021-12-20,7,2,5
2021-12-19,5,1,4
2021-12-19,5,3,2
2021-12-19,6,1,5
2021-12-19,6,3,3
2021-12-19,18,7,11
2021-12-19,30,13,17
2021-12-19,33,14,19
2021-12-19,91,51,40
2021-12-19,151,78,73
2021-12-19,158,65,93
2021-12-19,176,88,88
2021-12-19,140,66,74
2021-12-19,124,65,59
2021-12-19,81,36,45
2021-12-19,68,20,48
2021-12-19,19,5,14
2021-12-19,14,6,8
2021-12-19,6,1,5
2021-12-19,1,0,1
2021-12-19,0,0,0
2021-12-19,3,2,1
2021-12-19,2,1,1
2021-12-19,3,1,2
2021-12-19,8,1,7
2021-12-18,8,6,2
2021-12-18,23,6,17
2021-12-18,9,4,5
2021-12-18,12,7,5
2021-12-18,18,8,10
2021-12-18,26,10,16
2021-12-18,17,7,10
2021-12-18,22,9,13
2021-12-18,17,7,10
2021-12-18,20,8,12
2021-12-18,15,4,11
2021-12-18,23,13,10
2021-12-18,17,8,9
2021-12-18,17,6,11
2021-12-18,18,11,7
2021-12-18,17,5,12
2021-12-18,5,0,5
2021-12-18,10,3,7
2021-12-18,3,0,3
2021-12-18,2,0,2
2021-12-18,1,1,0
2021-12-18,2,0,2
2021-12-18,4,1,3
2021-12-18,5,3,2
2021-12-17,10,1,9
2021-12-17,24,11,13
2021-12-17,9,1,8
2021-12-17,20,11,9
2021-12-17,37,14,23
2021-12-17,122,25,97
2021-12-17,130,28,102
2021-12-17,135,45,90
2021-12-17,130,56,74
2021-12-17,93,34,59
2021-12-17,90,40,50
2021-12-17,82,33,49
2021-12-17,56,26,30
2021-12-17,60,19,41
2021-12-17,81,24,57
2021-12-17,121,44,77
2021-12-17,88,35,53
2021-12-17,48,21,27
2021-12-17,9,3,6
2021-12-17,3,0,3
2021-12-17,0,0,0
2021-12-17,0,0,0
2021-12-17,5,2,3
2021-12-17,7,2,5
2021-12-16,18,5,13
2021-12-16,17,6,11
2021-12-16,25,13,12
2021-12-16,26,11,15
2021-12-16,36,13,23
2021-12-16,97,28,69
2021-12-16,136,41,95
2021-12-16,146,48,98
2021-12-16,96,38,58
2021-12-16,78,25,53
2021-12-16,49,22,27
2021-12-16,47,23,24
2021-12-16,45,16,29
2021-12-16,63,24,39
2021-12-16,85,33,52
2021-12-16,118,50,68
2021-12-16,115,53,62
2021-12-16,57,19,38
2021-12-16,16,9,7
2021-12-16,5,2,3
2021-12-16,3,0,3
2021-12-16,6,3,3
2021-12-16,2,1,1
2021-12-16,7,2,5
2021-12-15,8,3,5
2021-12-15,15,8,7
2021-12-15,10,1,9
2021-12-15,28,7,21
2021-12-15,47,22,25
2021-12-15,90,24,66
2021-12-15,136,27,109
2021-12-15,93,37,56
2021-12-15,70,26,44
2021-12-15,44,11,33
2021-12-15,41,21,20
2021-12-15,48,20,28
2021-12-15,52,23,29
2021-12-15,61,27,34
2021-12-15,86,32,54
2021-12-15,142,64,78
2021-12-15,105,43,62
2021-12-15,50,22,28
2021-12-15,14,4,10
2021-12-15,3,0,3
2021-12-15,1,0,1
2021-12-15,1,1,0
2021-12-15,3,1,2
2021-12-15,2,0,2
2021-12-14,6,3,3
2021-12-14,8,2,6
2021-12-14,20,10,10
2021-12-14,30,12,18
2021-12-14,50,22,28
2021-12-14,104,35,69
2021-12-14,152,40,112
2021-12-14,148,49,99
2021-12-14,69,30,39
2021-12-14,39,13,26
2021-12-14,45,20,25
2021-12-14,46,24,22
2021-12-14,53,21,32
2021-12-14,65,26,39
2021-12-14,121,40,81
2021-12-14,181,73,108
2021-12-14,128,53,75
2021-12-14,67,29,38
2021-12-14,16,4,12
2021-12-14,4,1,3
2021-12-14,0,0,0
2021-12-14,1,0,1
2021-12-14,3,2,1
2021-12-14,3,1,2
2021-12-13,9,5,4
2021-12-13,13,5,8
2021-12-13,14,4,10
2021-12-13,19,7,12
2021-12-13,53,15,38
2021-12-13,84,24,60
2021-12-13,140,32,108
2021-12-13,122,50,72
2021-12-13,81,41,40
2021-12-13,43,15,28
2021-12-13,44,17,27
2021-12-13,52,25,27
2021-12-13,47,20,27
2021-12-13,60,22,38
2021-12-13,76,27,49
2021-12-13,168,66,102
2021-12-13,113,59,54
2021-12-13,46,15,31
2021-12-13,13,5,8
2021-12-13,3,1,2
2021-12-13,3,0,3
2021-12-13,1,1,0
2021-12-13,1,1,0
2021-12-13,0,0,0
2021-12-12,5,3,2
2021-12-12,8,2,6
2021-12-12,6,2,4
2021-12-12,10,5,5
2021-12-12,20,4,16
2021-12-12,19,4,15
2021-12-12,23,10,13
2021-12-12,24,10,14
2021-12-12,60,32,28
2021-12-12,65,26,39
2021-12-12,96,42,54
2021-12-12,79,26,53
2021-12-12,84,49,35
2021-12-12,57,24,33
2021-12-12,34,9,25
2021-12-12,23,10,13
2021-12-12,10,3,7
2021-12-12,10,3,7
2021-12-12,3,1,2
2021-12-12,2,0,2
2021-12-12,4,1,3
2021-12-12,1,1,0
2021-12-12,4,2,2
2021-12-12,10,7,3
2021-12-11,11,4,7
2021-12-11,19,8,11
2021-12-11,18,5,13
2021-12-11,18,8,10
2021-12-11,19,5,14
2021-12-11,24,13,11
2021-12-11,25,7,18
2021-12-11,38,17,21
2021-12-11,57,22,35
2021-12-11,69,26,43
2021-12-11,131,49,82
2021-12-11,112,57,55
2021-12-11,85,38,47
2021-12-11,58,22,36
2021-12-11,39,21,18
2021-12-11,23,12,11
2021-12-11,13,3,10
2021-12-11,7,2,5
2021-12-11,1,0,1
2021-12-11,1,0,1
2021-12-11,4,2,2
2021-12-11,2,1,1
2021-12-11,0,0,0
2021-12-11,8,3,5
2021-12-10,13,4,9
2021-12-10,16,9,7
2021-12-10,8,7,1
2021-12-10,14,3,11
2021-12-10,38,19,19
2021-12-10,87,33,54
2021-12-10,109,26,83
2021-12-10,111,39,72
2021-12-10,73,20,53
2021-12-10,60,23,37
2021-12-10,48,27,21
2021-12-10,58,29,29
2021-12-10,50,26,24
2021-12-10,56,20,36
2021-12-10,97,47,50
2021-12-10,135,58,77
2021-12-10,92,36,56
2021-12-10,49,22,27
2021-12-10,19,8,11
2021-12-10,4,1,3
2021-12-10,5,1,4
2021-12-10,0,0,0
2021-12-10,4,0,4
2021-12-10,7,6,1
2021-12-09,7,4,3
2021-12-09,18,6,12
2021-12-09,21,7,14
2021-12-09,40,16,24
2021-12-09,55,17,38
2021-12-09,124,31,93
2021-12-09,158,43,115
2021-12-09,171,58,113
2021-12-09,133,59,74
2021-12-09,82,32,50
2021-12-09,49,22,27
2021-12-09,49,26,23
2021-12-09,53,20,33
2021-12-09,51,26,25
2021-12-09,102,28,74
2021-12-09,162,65,97
2021-12-09,142,62,80
2021-12-09,55,22,33
2021-12-09,20,9,11
2021-12-09,6,2,4
2021-12-09,2,0,2
2021-12-09,1,1,0
2021-12-09,2,1,1
2021-12-09,5,0,5
2021-12-08,9,7,2
2021-12-08,23,7,16
2021-12-08,30,13,17
2021-12-08,50,21,29
2021-12-08,52,16,36
2021-12-08,128,34,94
2021-12-08,196,52,144
2021-12-08,152,55,97
2021-12-08,116,51,65
2021-12-08,73,37,36
2021-12-08,62,27,35
2021-12-08,64,28,36
2021-12-08,43,19,24
2021-12-08,57,22,35
2021-12-08,108,49,59
2021-12-08,177,89,88
2021-12-08,124,49,75
2021-12-08,65,27,38
2021-12-08,15,5,10
2021-12-08,7,2,5
2021-12-08,2,0,2
2021-12-08,0,0,0
2021-12-08,1,0,1
2021-12-08,8,1,7
2021-12-07,8,2,6
2021-12-07,14,8,6
2021-12-07,24,12,12
2021-12-07,36,14,22
2021-12-07,64,21,43
2021-12-07,108,38,70
2021-12-07,209,58,151
2021-12-07,160,56,104
2021-12-07,106,39,67
2021-12-07,62,29,33
2021-12-07,62,31,31
2021-12-07,60,21,39
2021-12-07,56,20,36
2021-12-07,63,28,35
2021-12-07,105,29,76
2021-12-07,206,86,120
2021-12-07,154,70,84
2021-12-07,67,28,39
2021-12-07,25,12,13
2021-12-07,6,3,3
2021-12-07,0,0,0
2021-12-07,3,1,2
2021-12-07,1,0,1
2021-12-07,2,0,2
2021-12-06,9,4,5
2021-12-06,13,5,8
2021-12-06,12,5,7
2021-12-06,35,16,19
2021-12-06,43,16,27
2021-12-06,107,28,79
2021-12-06,161,48,113
2021-12-06,120,46,74
2021-12-06,81,34,47
2021-12-06,51,21,30
2021-12-06,45,24,21
2021-12-06,37,16,21
2021-12-06,46,20,26
2021-12-06,46,18,28
2021-12-06,99,36,63
2021-12-06,174,69,105
2021-12-06,104,52,52
2021-12-06,53,18,35
2021-12-06,18,9,9
2021-12-06,4,0,4
2021-12-06,0,0,0
2021-12-06,2,0,2
2021-12-06,0,0,0
2021-12-06,3,0,3
2021-12-05,5,0,5
2021-12-05,8,5,3
2021-12-05,12,5,7
2021-12-05,19,6,13
2021-12-05,19,9,10
2021-12-05,32,12,20
2021-12-05,53,28,25
2021-12-05,90,37,53
2021-12-05,146,62,84
2021-12-05,162,73,89
2021-12-05,152,76,76
2021-12-05,136,61,75
2021-12-05,80,44,36
2021-12-05,91,39,52
2021-12-05,52,27,25
2021-12-05,33,12,21
2021-12-05,16,6,10
2021-12-05,9,3,6
2021-12-05,3,2,1
2021-12-05,2,0,2
2021-12-05,0,0,0
2021-12-05,1,0,1
2021-12-05,5,3,2
2021-12-05,8,4,4
2021-12-04,16,11,5
2021-12-04,9,2,7
2021-12-04,11,2,9
2021-12-04,15,8,7
2021-12-04,9,6,3
2021-12-04,16,7,9
2021-12-04,23,9,14
2021-12-04,30,12,18
2021-12-04,36,9,27
2021-12-04,21,10,11
2021-12-04,28,11,17
2021-12-04,37,13,24
2021-12-04,25,9,16
2021-12-04,25,13,12
2021-12-04,22,8,14
2021-12-04,23,6,17
2021-12-04,12,2,10
2021-12-04,11,3,8
2021-12-04,4,2,2
2021-12-04,3,0,3
2021-12-04,3,2,1
2021-12-04,5,3,2
2021-12-04,4,2,2
2021-12-04,15,3,12
2021-12-03,25,14,11
2021-12-03,26,10,16
2021-12-03,23,12,11
2021-12-03,44,12,32
2021-12-03,53,23,30
2021-12-03,111,37,74
2021-12-03,151,51,100
2021-12-03,165,57,108
2021-12-03,150,64,86
2021-12-03,113,49,64
2021-12-03,87,39,48
2021-12-03,103,42,61
2021-12-03,67,27,40
2021-12-03,94,55,39
2021-12-03,134,54,80
2021-12-03,165,68,97
2021-12-03,99,40,59
2021-12-03,50,22,28
2021-12-03,21,6,15
2021-12-03,3,1,2
2021-12-03,1,0,1
2021-12-03,1,1,0
2021-12-03,3,0,3
2021-12-03,7,0,7
2021-12-02,11,6,5
2021-12-02,30,15,15
2021-12-02,32,17,15
2021-12-02,53,20,33
2021-12-02,66,21,45
2021-12-02,136,44,92
2021-12-02,194,54,140
2021-12-02,150,53,97
2021-12-02,124,59,65
2021-12-02,58,30,28
2021-12-02,37,15,22
2021-12-02,40,24,16
2021-12-02,33,11,22
2021-12-02,53,20,33
2021-12-02,97,35,62
2021-12-02,176,65,111
2021-12-02,118,50,68
2021-12-02,67,28,39
2021-12-02,24,14,10
2021-12-02,2,0,2
2021-12-02,1,0,1
2021-12-02,2,1,1
2021-12-02,5,1,4
2021-12-02,6,2,4
2021-12-01,9,4,5
2021-12-01,16,8,8
2021-12-01,33,15,18
2021-12-01,36,13,23
2021-12-01,71,27,44
2021-12-01,145,39,106
2021-12-01,237,69,168
2021-12-01,197,79,118
2021-12-01,140,48,92
2021-12-01,100,38,62
2021-12-01,80,40,40
2021-12-01,71,26,45
2021-12-01,69,35,34
2021-12-01,89,36,53
2021-12-01,123,53,70
2021-12-01,216,77,139
2021-12-01,148,62,86
2021-12-01,75,31,44
2021-12-01,16,7,9
2021-12-01,3,0,3
2021-12-01,3,1,2
2021-12-01,2,2,0
2021-12-01,2,2,0
2021-12-01,8,2,6
2021-11-30,6,2,4
2021-11-30,20,10,10
2021-11-30,29,15,14
2021-11-30,26,8,18
2021-11-30,72,24,48
2021-11-30,118,37,81
2021-11-30,161,50,111
2021-11-30,158,52,106
2021-11-30,94,33,61
2021-11-30,57,21,36
2021-11-30,62,25,37
2021-11-30,49,18,31
2021-11-30,47,19,28
2021-11-30,64,20,44
2021-11-30,93,30,63
2021-11-30,195,83,112
2021-11-30,132,57,75
2021-11-30,65,22,43
2021-11-30,18,11,7
2021-11-30,9,3,6
2021-11-30,2,2,0
2021-11-30,3,0,3
2021-11-30,2,0,2
2021-11-30,9,3,6
2021-11-29,7,2,5
2021-11-29,20,4,16
2021-11-29,22,10,12
2021-11-29,40,17,23
2021-11-29,45,17,28
2021-11-29,150,54,96
2021-11-29,220,74,146
2021-11-29,203,70,133
2021-11-29,158,72,86
2021-11-29,114,47,67
2021-11-29,85,41,44
2021-11-29,86,43,43
2021-11-29,65,27,38
2021-11-29,66,27,39
2021-11-29,133,46,87
2021-11-29,194,74,120
2021-11-29,119,51,68
2021-11-29,61,27,34
2021-11-29,24,9,15
2021-11-29,4,1,3
2021-11-29,3,2,1
2021-11-29,2,1,1
2021-11-29,1,0,1
2021-11-29,1,0,1
2021-11-28,7,1,6
2021-11-28,9,4,5
2021-11-28,8,3,5
2021-11-28,5,3,2
2021-11-28,13,6,7
2021-11-28,19,12,7
2021-11-28,23,6,17
2021-11-28,31,9,22
2021-11-28,32,14,18
2021-11-28,24,9,15
2021-11-28,23,8,15
2021-11-28,44,23,21
2021-11-28,55,28,27
2021-11-28,65,30,35
2021-11-28,65,25,40
2021-11-28,31,9,22
2021-11-28,26,10,16
2021-11-28,14,2,12
2021-11-28,4,1,3
2021-11-28,1,0,1
2021-11-28,1,0,1
2021-11-28,2,0,2
2021-11-28,2,1,1
2021-11-28,2,1,1
2021-11-27,8,3,5
2021-11-27,5,3,2
2021-11-27,5,4,1
2021-11-27,10,5,5
2021-11-27,6,2,4
2021-11-27,14,7,7
2021-11-27,24,6,18
2021-11-27,26,12,14
2021-11-27,26,12,14
2021-11-27,35,16,19
2021-11-27,58,27,31
2021-11-27,72,41,31
2021-11-27,36,17,19
2021-11-27,36,18,18
2021-11-27,39,16,23
2021-11-27,30,7,23
2021-11-27,13,5,8
2021-11-27,14,3,11
2021-11-27,2,1,1
2021-11-27,2,0,2
2021-11-27,3,1,2
2021-11-27,3,3,0
2021-11-27,1,0,1
2021-11-27,10,2,8
2021-11-26,13,5,8
2021-11-26,17,6,11
2021-11-26,39,7,32
2021-11-26,25,9,16
2021-11-26,32,11,21
2021-11-26,45,21,24
2021-11-26,36,12,24
2021-11-26,59,26,33
2021-11-26,70,41,29
2021-11-26,71,42,29
2021-11-26,71,32,39
2021-11-26,63,29,34
2021-11-26,60,32,28
2021-11-26,37,12,25
2021-11-26,34,11,23
2021-11-26,20,10,10
2021-11-26,22,9,13
2021-11-26,15,9,6
2021-11-26,3,3,0
2021-11-26,4,1,3
2021-11-26,3,1,2
2021-11-26,1,1,0
2021-11-26,4,1,3
2021-11-26,1,0,1
2021-11-25,3,0,3
2021-11-25,5,0,5
2021-11-25,3,2,1
2021-11-25,4,1,3
2021-11-25,2,1,1
2021-11-25,6,1,5
2021-11-25,4,1,3
2021-11-25,4,1,3
2021-11-25,12,5,7
2021-11-25,32,15,17
2021-11-25,33,20,13
2021-11-25,48,27,21
2021-11-25,45,21,24
2021-11-25,37,15,22
2021-11-25,22,9,13
2021-11-25,18,8,10
2021-11-25,4,1,3
2021-11-25,5,5,0
2021-11-25,2,0,2
2021-11-25,1,1,0
2021-11-25,1,1,0
2021-11-25,1,0,1
2021-11-25,6,4,2
2021-11-25,5,2,3
2021-11-24,10,4,6
2021-11-24,13,5,8
2021-11-24,15,12,3
2021-11-24,22,12,10
2021-11-24,46,14,32
2021-11-24,59,25,34
2021-11-24,105,30,75
2021-11-24,154,60,94
2021-11-24,140,61,79
2021-11-24,103,47,56
2021-11-24,89,39,50
2021-11-24,92,45,47
2021-11-24,79,42,37
2021-11-24,73,39,34
2021-11-24,99,37,62
2021-11-24,122,47,75
2021-11-24,109,54,55
2021-11-24,57,21,36
2021-11-24,12,7,5
2021-11-24,4,2,2
2021-11-24,3,0,3
2021-11-24,1,0,1
2021-11-24,2,2,0
2021-11-24,9,4,5
2021-11-23,18,5,13
2021-11-23,17,8,9
2021-11-23,26,15,11
2021-11-23,27,14,13
2021-11-23,55,20,35
2021-11-23,112,47,65
2021-11-23,195,61,134
2021-11-23,163,60,103
2021-11-23,118,56,62
2021-11-23,80,28,52
2021-11-23,55,18,37
2021-11-23,81,36,45
2021-11-23,67,33,34
2021-11-23,61,30,31
2021-11-23,95,30,65
2021-11-23,154,67,87
2021-11-23,102,47,55
2021-11-23,42,10,32
2021-11-23,15,7,8
2021-11-23,5,2,3
2021-11-23,2,0,2
2021-11-23,0,0,0
2021-11-23,5,1,4
2021-11-23,5,3,2
2021-11-22,5,3,2
2021-11-22,9,1,8
2021-11-22,16,6,10
2021-11-22,30,18,12
2021-11-22,47,18,29
2021-11-22,102,39,63
2021-11-22,154,38,116
2021-11-22,121,38,83
2021-11-22,81,31,50
2021-11-22,50,19,31
2021-11-22,42,22,20
2021-11-22,64,30,34
2021-11-22,56,28,28
2021-11-22,69,26,43
2021-11-22,105,36,69
2021-11-22,201,72,129
2021-11-22,127,69,58
2021-11-22,53,18,35
2021-11-22,17,8,9
2021-11-22,5,1,4
2021-11-22,0,0,0
2021-11-22,1,0,1
2021-11-22,2,0,2
2021-11-22,4,1,3
2021-11-21,4,2,2
2021-11-21,5,3,2
2021-11-21,15,5,10
2021-11-21,14,6,8
2021-11-21,16,6,10
2021-11-21,42,20,22
2021-11-21,79,32,47
2021-11-21,115,44,71
2021-11-21,158,76,82
2021-11-21,167,77,90
2021-11-21,167,70,97
2021-11-21,104,53,51
2021-11-21,90,56,34
2021-11-21,93,51,42
2021-11-21,78,34,44
2021-11-21,34,10,24
2021-11-21,16,6,10
2021-11-21,13,2,11
2021-11-21,7,4,3
2021-11-21,3,1,2
2021-11-21,2,1,1
2021-11-21,1,0,1
2021-11-21,6,0,6
2021-11-21,4,2,2
2021-11-20,27,13,14
2021-11-20,16,7,9
2021-11-20,17,6,11
2021-11-20,31,11,20
2021-11-20,34,9,25
2021-11-20,48,17,31
2021-11-20,83,30,53
2021-11-20,112,48,64
2021-11-20,187,79,108
2021-11-20,191,95,96
2021-11-20,179,107,72
2021-11-20,173,91,82
2021-11-20,118,60,58
2021-11-20,105,31,74
2021-11-20,75,29,46
2021-11-20,54,26,28
2021-11-20,28,12,16
2021-11-20,12,6,6
2021-11-20,4,1,3
2021-11-20,5,1,4
2021-11-20,4,0,4
2021-11-20,6,1,5
2021-11-20,6,4,2
2021-11-20,8,1,7
2021-11-19,16,9,7
2021-11-19,24,9,15
2021-11-19,23,14,9
2021-11-19,39,16,23
2021-11-19,51,16,35
2021-11-19,114,41,73
2021-11-19,154,50,104
2021-11-19,171,56,115
2021-11-19,173,68,105
2021-11-19,118,45,73
2021-11-19,76,42,34
2021-11-19,81,32,49
2021-11-19,90,36,54
2021-11-19,76,32,44
2021-11-19,107,40,67
2021-11-19,161,63,98
2021-11-19,97,38,59
2021-11-19,50,22,28
2021-11-19,13,8,5
2021-11-19,4,3,1
2021-11-19,1,0,1
2021-11-19,2,1,1
2021-11-19,3,1,2
2021-11-19,4,1,3
2021-11-18,9,3,6
2021-11-18,14,6,8
2021-11-18,21,8,13
2021-11-18,21,7,14
2021-11-18,33,9,24
2021-11-18,103,30,73
2021-11-18,170,42,128
2021-11-18,117,35,82
2021-11-18,80,23,57
2021-11-18,47,22,25
2021-11-18,48,16,32
2021-11-18,64,37,27
2021-11-18,56,31,25
2021-11-18,69,33,36
2021-11-18,116,45,71
2021-11-18,184,75,109
2021-11-18,148,55,93
2021-11-18,71,28,43
2021-11-18,18,7,11
2021-11-18,12,7,5
2021-11-18,4,1,3
2021-11-18,3,1,2
2021-11-18,4,1,3
2021-11-18,3,2,1
2021-11-17,13,6,7
2021-11-17,22,6,16
2021-11-17,29,9,20
2021-11-17,37,9,28
2021-11-17,63,31,32
2021-11-17,142,47,95
2021-11-17,243,60,183
2021-11-17,229,82,147
2021-11-17,141,62,79
2021-11-17,126,45,81
2021-11-17,95,45,50
2021-11-17,105,48,57
2021-11-17,105,49,56
2021-11-17,98,41,57
2021-11-17,139,58,81
2021-11-17,208,87,121
2021-11-17,164,69,95
2021-11-17,61,26,35
2021-11-17,16,6,10
2021-11-17,8,5,3
2021-11-17,1,0,1
2021-11-17,0,0,0
2021-11-17,2,0,2
2021-11-17,3,1,2
2021-11-16,11,5,6
2021-11-16,19,8,11
2021-11-16,24,9,15
2021-11-16,43,15,28
2021-11-16,88,34,54
2021-11-16,159,59,100
2021-11-16,265,70,195
2021-11-16,276,94,182
2021-11-16,179,85,94
2021-11-16,130,55,75
2021-11-16,111,51,60
2021-11-16,109,52,57
2021-11-16,87,37,50
2021-11-16,86,45,41
2021-11-16,151,56,95
2021-11-16,242,97,145
2021-11-16,185,81,104
2021-11-16,67,28,39
2021-11-16,25,10,15
2021-11-16,6,0,6
2021-11-16,0,0,0
2021-11-16,5,2,3
2021-11-16,2,2,0
2021-11-16,3,1,2
2021-11-15,6,2,4
2021-11-15,18,9,9
2021-11-15,11,4,7
2021-11-15,34,19,15
2021-11-15,56,19,37
2021-11-15,96,41,55
2021-11-15,171,51,120
2021-11-15,130,44,86
2021-11-15,83,38,45
2021-11-15,47,14,33
2021-11-15,29,16,13
2021-11-15,17,9,8
2021-11-15,24,12,12
2021-11-15,36,21,15
2021-11-15,98,42,56
2021-11-15,142,51,91
2021-11-15,109,56,53
2021-11-15,42,20,22
2021-11-15,15,5,10
2021-11-15,2,1,1
2021-11-15,1,0,1
2021-11-15,1,0,1
2021-11-15,2,1,1
2021-11-15,2,0,2
2021-11-14,12,1,11
2021-11-14,4,4,0
2021-11-14,3,2,1
2021-11-14,7,4,3
2021-11-14,9,4,5
2021-11-14,10,3,7
2021-11-14,27,11,16
2021-11-14,22,11,11
2021-11-14,31,13,18
2021-11-14,23,11,12
2021-11-14,52,36,16
2021-11-14,34,10,24
2021-11-14,43,23,20
2021-11-14,53,22,31
2021-11-14,29,11,18
2021-11-14,18,7,11
2021-11-14,8,3,5
2021-11-14,6,3,3
2021-11-14,5,2,3
2021-11-14,2,0,2
2021-11-14,1,1,0
2021-11-14,5,4,1
2021-11-14,4,3,1
2021-11-14,7,5,2
2021-11-13,7,2,5
2021-11-13,8,4,4
2021-11-13,4,1,3
2021-11-13,27,9,18
2021-11-13,12,7,5
2021-11-13,27,10,17
2021-11-13,28,15,13
2021-11-13,92,45,47
2021-11-13,148,54,94
2021-11-13,141,65,76
2021-11-13,178,79,99
2021-11-13,164,79,85
2021-11-13,174,76,98
2021-11-13,156,58,98
2021-11-13,116,53,63
2021-11-13,62,26,36
2021-11-13,35,10,25
2021-11-13,17,7,10
2021-11-13,3,1,2
2021-11-13,2,0,2
2021-11-13,2,1,1
2021-11-13,9,0,9
2021-11-13,8,7,1
2021-11-13,11,5,6
2021-11-12,20,13,7
2021-11-12,15,8,7
2021-11-12,18,7,11
2021-11-12,30,13,17
2021-11-12,57,17,40
2021-11-12,80,27,53
2021-11-12,123,42,81
2021-11-12,117,40,77
2021-11-12,74,26,48
2021-11-12,50,23,27
2021-11-12,27,14,13
2021-11-12,32,9,23
2021-11-12,25,14,11
2021-11-12,41,17,24
2021-11-12,66,27,39
2021-11-12,88,32,56
2021-11-12,80,29,51
2021-11-12,38,17,21
2021-11-12,7,3,4
2021-11-12,4,2,2
2021-11-12,2,1,1
2021-11-12,3,0,3
2021-11-12,2,2,0
2021-11-12,2,1,1
2021-11-11,8,5,3
2021-11-11,19,7,12
2021-11-11,15,8,7
2021-11-11,25,7,18
2021-11-11,24,10,14
2021-11-11,79,25,54
2021-11-11,110,24,86
2021-11-11,79,18,61
2021-11-11,59,17,42
2021-11-11,26,10,16
2021-11-11,20,8,12
2021-11-11,45,11,34
2021-11-11,36,14,22
2021-11-11,43,18,25
2021-11-11,83,39,44
2021-11-11,115,43,72
2021-11-11,87,39,48
2021-11-11,43,17,26
2021-11-11,16,3,13
2021-11-11,9,5,4
2021-11-11,2,1,1
2021-11-11,1,0,1
2021-11-11,0,0,0
2021-11-11,6,1,5
2021-11-10,10,4,6
2021-11-10,11,5,6
2021-11-10,22,13,9
2021-11-10,43,17,26
2021-11-10,79,30,49
2021-11-10,135,38,97
2021-11-10,273,83,190
2021-11-10,231,70,161
2021-11-10,157,62,95
2021-11-10,114,46,68
2021-11-10,114,51,63
2021-11-10,124,62,62
2021-11-10,115,46,69
2021-11-10,92,33,59
2021-11-10,149,67,82
2021-11-10,248,98,150
2021-11-10,173,74,99
2021-11-10,65,22,43
2021-11-10,15,6,9
2021-11-10,7,2,5
2021-11-10,2,0,2
2021-11-10,0,0,0
2021-11-10,0,0,0
2021-11-10,2,1,1
2021-11-09,9,2,7
2021-11-09,14,6,8
2021-11-09,21,9,12
2021-11-09,18,8,10
2021-11-09,43,14,29
2021-11-09,118,33,85
2021-11-09,137,41,96
2021-11-09,118,33,85
2021-11-09,67,30,37
2021-11-09,46,22,24
2021-11-09,48,23,25
2021-11-09,76,33,43
2021-11-09,66,29,37
2021-11-09,60,33,27
2021-11-09,94,31,63
2021-11-09,151,64,87
2021-11-09,119,54,65
2021-11-09,64,27,37
2021-11-09,16,8,8
2021-11-09,2,0,2
2021-11-09,0,0,0
2021-11-09,2,1,1
2021-11-09,0,0,0
2021-11-09,4,2,2
2021-11-08,16,6,10
2021-11-08,15,5,10
2021-11-08,26,13,13
2021-11-08,47,22,25
2021-11-08,81,20,61
2021-11-08,160,64,96
2021-11-08,236,75,161
2021-11-08,243,88,155
2021-11-08,197,92,105
2021-11-08,168,74,94
2021-11-08,119,51,68
2021-11-08,113,50,63
2021-11-08,101,47,54
2021-11-08,84,36,48
2021-11-08,155,50,105
2021-11-08,224,101,123
2021-11-08,162,73,89
2021-11-08,75,38,37
2021-11-08,28,12,16
2021-11-08,24,12,12
2021-11-08,1,0,1
2021-11-08,2,0,2
2021-11-08,3,3,0
2021-11-08,4,1,3
2021-11-07,3,2,1
2021-11-07,5,4,1
2021-11-07,15,6,9
2021-11-07,10,1,9
2021-11-07,8,5,3
2021-11-07,18,4,14
2021-11-07,39,12,27
2021-11-07,61,29,32
2021-11-07,57,24,33
2021-11-07,36,16,20
2021-11-07,38,13,25
2021-11-07,52,25,27
2021-11-07,68,33,35
2021-11-07,79,31,48
2021-11-07,61,27,34
2021-11-07,37,11,26
2021-11-07,16,6,10
2021-11-07,15,4,11
2021-11-07,5,4,1
2021-11-07,1,1,0
2021-11-07,3,3,0
2021-11-07,0,0,0
2021-11-07,3,3,0
2021-11-07,7,4,3
2021-11-06,7,5,2
2021-11-06,11,8,3
2021-11-06,1,0,1
2021-11-06,26,14,12
2021-11-06,8,1,7
2021-11-06,24,12,12
2021-11-06,59,32,27
2021-11-06,63,33,30
2021-11-06,50,23,27
2021-11-06,97,44,53
2021-11-06,58,24,34
2021-11-06,59,33,26
2021-11-06,60,28,32
2021-11-06,42,20,22
2021-11-06,41,22,19
2021-11-06,33,11,22
2021-11-06,18,5,13
2021-11-06,18,7,11
2021-11-06,3,2,1
2021-11-06,3,0,3
2021-11-06,4,1,3
2021-11-06,5,3,2
2021-11-06,9,3,6
2021-11-06,10,2,8
2021-11-05,20,5,15
2021-11-05,24,12,12
2021-11-05,40,23,17
2021-11-05,57,26,31
2021-11-05,58,25,33
2021-11-05,126,43,83
2021-11-05,251,88,163
2021-11-05,209,67,142
2021-11-05,134,66,68
2021-11-05,92,35,57
2021-11-05,124,57,67
2021-11-05,114,45,69
2021-11-05,79,38,41
2021-11-05,75,33,42
2021-11-05,110,37,73
2021-11-05,126,51,75
2021-11-05,78,35,43
2021-11-05,40,19,21
2021-11-05,11,7,4
2021-11-05,3,0,3
2021-11-05,3,0,3
2021-11-05,3,1,2
2021-11-05,3,0,3
2021-11-05,5,0,5
2021-11-04,15,6,9
2021-11-04,30,9,21
2021-11-04,25,9,16
2021-11-04,49,20,29
2021-11-04,55,20,35
2021-11-04,136,54,82
2021-11-04,170,62,108
2021-11-04,125,39,86
2021-11-04,79,36,43
2021-11-04,52,24,28
2021-11-04,48,20,28
2021-11-04,38,19,19
2021-11-04,30,9,21
2021-11-04,30,10,20
2021-11-04,71,28,43
2021-11-04,148,62,86
2021-11-04,126,61,65
2021-11-04,60,24,36
2021-11-04,19,10,9
2021-11-04,6,2,4
2021-11-04,2,0,2
2021-11-04,0,0,0
2021-11-04,1,1,0
2021-11-04,1,0,1
2021-11-03,10,5,5
2021-11-03,14,6,8
2021-11-03,14,5,9
2021-11-03,28,6,22
2021-11-03,55,23,32
2021-11-03,156,53,103
2021-11-03,282,83,199
2021-11-03,182,59,123
2021-11-03,106,46,60
2021-11-03,77,33,44
2021-11-03,76,38,38
2021-11-03,84,41,43
2021-11-03,91,45,46
2021-11-03,85,43,42
2021-11-03,137,65,72
2021-11-03,210,85,125
2021-11-03,159,73,86
2021-11-03,80,29,51
2021-11-03,18,7,11
2021-11-03,6,1,5
2021-11-03,2,0,2
2021-11-03,4,3,1
2021-11-03,3,0,3
2021-11-03,3,3,0
2021-11-02,17,7,10
2021-11-02,14,3,11
2021-11-02,23,12,11
2021-11-02,28,9,19
2021-11-02,59,29,30
2021-11-02,154,42,112
2021-11-02,217,55,162
2021-11-02,137,43,94
2021-11-02,84,31,53
2021-11-02,36,15,21
2021-11-02,59,27,32
2021-11-02,61,24,37
2021-11-02,79,35,44
2021-11-02,90,48,42
2021-11-02,128,50,78
2021-11-02,220,95,125
2021-11-02,154,72,82
2021-11-02,83,29,54
2021-11-02,20,10,10
2021-11-02,5,2,3
2021-11-02,2,1,1
2021-11-02,0,0,0
2021-11-02,4,3,1
2021-11-02,5,3,2
2021-11-01,11,6,5
2021-11-01,19,8,11
2021-11-01,21,6,15
2021-11-01,32,14,18
2021-11-01,61,20,41
2021-11-01,160,65,95
2021-11-01,207,65,142
2021-11-01,112,47,65
2021-11-01,79,33,46
2021-11-01,39,13,26
2021-11-01,54,22,32
2021-11-01,66,25,41
2021-11-01,86,40,46
2021-11-01,82,39,43
2021-11-01,125,47,78
2021-11-01,209,89,120
2021-11-01,144,72,72
2021-11-01,84,30,54
2021-11-01,14,7,7
2021-11-01,2,0,2
2021-11-01,7,1,6
2021-11-01,3,2,1
2021-11-01,5,0,5
2021-11-01,6,1,5
2021-10-31,9,1,8
2021-10-31,5,2,3
2021-10-31,23,11,12
2021-10-31,20,9,11
2021-10-31,50,9,41
2021-10-31,72,28,44
2021-10-31,106,41,65
2021-10-31,219,99,120
2021-10-31,232,112,120
2021-10-31,293,130,163
2021-10-31,244,104,140
2021-10-31,208,100,108
2021-10-31,186,73,113
2021-10-31,107,65,42
2021-10-31,84,36,48
2021-10-31,42,12,30
2021-10-31,30,12,18
2021-10-31,8,3,5
2021-10-31,8,5,3
2021-10-31,2,1,1
2021-10-31,4,1,3
2021-10-31,4,1,3
2021-10-31,11,4,7
2021-10-31,25,6,19
2021-10-30,11,6,5
2021-10-30,21,10,11
2021-10-30,41,13,28
2021-10-30,32,19,13
2021-10-30,83,24,59
2021-10-30,93,37,56
2021-10-30,113,50,63
2021-10-30,206,94,112
2021-10-30,289,155,134
2021-10-30,257,114,143
2021-10-30,224,110,114
2021-10-30,168,93,75
2021-10-30,196,90,106
2021-10-30,133,55,78
2021-10-30,87,46,41
2021-10-30,72,24,48
2021-10-30,26,10,16
2021-10-30,20,8,12
2021-10-30,4,3,1
2021-10-30,2,0,2
2021-10-30,3,1,2
2021-10-30,9,2,7
2021-10-30,8,2,6
2021-10-30,9,5,4
2021-10-29,21,11,10
2021-10-29,20,7,13
2021-10-29,28,17,11
2021-10-29,31,17,14
2021-10-29,61,17,44
2021-10-29,165,56,109
2021-10-29,205,69,136
2021-10-29,157,52,105
2021-10-29,125,60,65
2021-10-29,114,58,56
2021-10-29,77,32,45
2021-10-29,76,36,40
2021-10-29,67,28,39
2021-10-29,59,23,36
2021-10-29,79,30,49
2021-10-29,106,35,71
2021-10-29,80,39,41
2021-10-29,32,17,15
2021-10-29,11,2,9
2021-10-29,1,0,1
2021-10-29,1,0,1
2021-10-29,2,0,2
2021-10-29,1,0,1
2021-10-29,1,0,1
2021-10-28,6,3,3
2021-10-28,13,2,11
2021-10-28,15,10,5
2021-10-28,19,13,6
2021-10-28,50,19,31
2021-10-28,97,35,62
2021-10-28,147,33,114
2021-10-28,81,33,48
2021-10-28,45,16,29
2021-10-28,37,14,23
2021-10-28,26,17,9
2021-10-28,26,14,12
2021-10-28,36,14,22
2021-10-28,38,15,23
2021-10-28,83,25,58
2021-10-28,132,55,77
2021-10-28,102,41,61
2021-10-28,43,18,25
2021-10-28,10,3,7
2021-10-28,5,2,3
2021-10-28,1,0,1
2021-10-28,1,0,1
2021-10-28,1,0,1
2021-10-28,5,3,2
2021-10-27,14,4,10
2021-10-27,16,8,8
2021-10-27,21,10,11
2021-10-27,32,16,16
2021-10-27,61,25,36
2021-10-27,158,63,95
2021-10-27,289,84,205
2021-10-27,235,85,150
2021-10-27,134,50,84
2021-10-27,108,43,65
2021-10-27,88,43,45
2021-10-27,67,27,40
2021-10-27,79,43,36
2021-10-27,90,43,47
2021-10-27,141,56,85
2021-10-27,236,115,121
2021-10-27,160,70,90
2021-10-27,70,31,39
2021-10-27,16,7,9
2021-10-27,8,5,3
2021-10-27,1,0,1
2021-10-27,2,2,0
2021-10-27,1,0,1
2021-10-27,2,0,2
2021-10-26,15,8,7
2021-10-26,23,9,14
2021-10-26,25,13,12
2021-10-26,31,14,17
2021-10-26,94,35,59
2021-10-26,152,52,100
2021-10-26,224,79,145
2021-10-26,157,57,100
2021-10-26,54,17,37
2021-10-26,42,20,22
2021-10-26,48,23,25
2021-10-26,40,16,24
2021-10-26,45,21,24
2021-10-26,47,17,30
2021-10-26,117,39,78
2021-10-26,168,72,96
2021-10-26,134,66,68
2021-10-26,56,25,31
2021-10-26,15,7,8
2021-10-26,2,1,1
2021-10-26,1,0,1
2021-10-26,1,0,1
2021-10-26,1,1,0
2021-10-26,2,0,2
2021-10-25,8,4,4
2021-10-25,9,4,5
2021-10-25,21,8,13
2021-10-25,25,14,11
2021-10-25,40,17,23
2021-10-25,110,33,77
2021-10-25,159,53,106
2021-10-25,97,35,62
2021-10-25,58,22,36
2021-10-25,46,20,26
2021-10-25,42,14,28
2021-10-25,44,18,26
2021-10-25,46,21,25
2021-10-25,57,19,38
2021-10-25,101,43,58
2021-10-25,149,67,82
2021-10-25,105,44,61
2021-10-25,48,22,26
2021-10-25,14,6,8
2021-10-25,3,1,2
2021-10-25,3,0,3
2021-10-25,0,0,0
2021-10-25,0,0,0
2021-10-25,2,1,1
2021-10-24,7,3,4
2021-10-24,15,4,11
2021-10-24,8,2,6
2021-10-24,8,3,5
2021-10-24,29,16,13
2021-10-24,48,19,29
2021-10-24,73,30,43
2021-10-24,47,26,21
2021-10-24,24,7,17
2021-10-24,21,12,9
2021-10-24,34,17,17
2021-10-24,35,15,20
2021-10-24,42,22,20
2021-10-24,38,14,24
2021-10-24,18,6,12
2021-10-24,28,11,17
2021-10-24,22,4,18
2021-10-24,8,2,6
2021-10-24,6,2,4
2021-10-24,4,1,3
2021-10-24,4,0,4
2021-10-24,3,0,3
2021-10-24,7,4,3
2021-10-24,11,3,8
2021-10-23,20,7,13
2021-10-23,34,12,22
2021-10-23,39,15,24
2021-10-23,28,13,15
2021-10-23,50,21,29
2021-10-23,94,44,50
2021-10-23,90,41,49
2021-10-23,108,41,67
2021-10-23,87,43,44
2021-10-23,96,46,50
2021-10-23,62,35,27
2021-10-23,80,49,31
2021-10-23,71,32,39
2021-10-23,58,22,36
2021-10-23,54,21,33
2021-10-23,46,13,33
2021-10-23,18,5,13
2021-10-23,17,5,12
2021-10-23,2,2,0
2021-10-23,2,0,2
2021-10-23,8,1,7
2021-10-23,12,2,10
2021-10-23,12,6,6
2021-10-23,11,1,10
2021-10-22,20,11,9
2021-10-22,36,15,21
2021-10-22,40,18,22
2021-10-22,40,25,15
2021-10-22,55,22,33
2021-10-22,112,44,68
2021-10-22,205,63,142
2021-10-22,152,66,86
2021-10-22,99,34,65
2021-10-22,75,35,40
2021-10-22,73,32,41
2021-10-22,71,32,39
2021-10-22,62,21,41
2021-10-22,38,11,27
2021-10-22,100,36,64
2021-10-22,147,61,86
2021-10-22,114,48,66
2021-10-22,46,24,22
2021-10-22,15,7,8
2021-10-22,3,0,3
2021-10-22,2,1,1
2021-10-22,1,1,0
2021-10-22,2,2,0
2021-10-22,2,0,2
2021-10-21,8,3,5
2021-10-21,12,5,7
2021-10-21,23,7,16
2021-10-21,49,13,36
2021-10-21,77,30,47
2021-10-21,159,61,98
2021-10-21,252,76,176
2021-10-21,222,82,140
2021-10-21,129,51,78
2021-10-21,117,53,64
2021-10-21,126,56,70
2021-10-21,103,44,59
2021-10-21,103,45,58
2021-10-21,127,59,68
2021-10-21,153,49,104
2021-10-21,249,111,138
2021-10-21,159,71,88
2021-10-21,72,32,40
2021-10-21,24,13,11
2021-10-21,9,5,4
2021-10-21,7,2,5
2021-10-21,0,0,0
2021-10-21,0,0,0
2021-10-21,7,4,3
2021-10-20,15,6,9
2021-10-20,21,9,12
2021-10-20,33,14,19
2021-10-20,52,23,29
2021-10-20,84,25,59
2021-10-20,153,71,82
2021-10-20,256,81,175
2021-10-20,186,73,113
2021-10-20,114,62,52
2021-10-20,85,31,54
2021-10-20,73,29,44
2021-10-20,62,29,33
2021-10-20,51,17,34
2021-10-20,54,23,31
2021-10-20,104,40,64
2021-10-20,159,62,97
2021-10-20,100,47,53
2021-10-20,63,26,37
2021-10-20,13,5,8
2021-10-20,0,0,0
2021-10-20,2,0,2
2021-10-20,3,1,2
2021-10-20,1,1,0
2021-10-20,13,2,11
2021-10-19,20,8,12
2021-10-19,24,10,14
2021-10-19,48,21,27
2021-10-19,67,28,39
2021-10-19,129,57,72
2021-10-19,280,101,179
2021-10-19,437,147,290
2021-10-19,297,109,188
2021-10-19,200,87,113
2021-10-19,140,64,76
2021-10-19,144,60,84
2021-10-19,146,75,71
2021-10-19,117,55,62
2021-10-19,114,58,56
2021-10-19,138,65,73
2021-10-19,304,121,183
2021-10-19,186,92,94
2021-10-19,99,36,63
2021-10-19,37,20,17
2021-10-19,8,3,5
2021-10-19,2,2,0
2021-10-19,3,2,1
2021-10-19,2,1,1
2021-10-19,7,0,7
2021-10-18,12,6,6
2021-10-18,15,6,9
2021-10-18,31,14,17
2021-10-18,50,23,27
2021-10-18,80,33,47
2021-10-18,191,60,131
2021-10-18,325,113,212
2021-10-18,296,116,180
2021-10-18,140,56,84
2021-10-18,119,52,67
2021-10-18,90,44,46
2021-10-18,100,49,51
2021-10-18,70,32,38
2021-10-18,69,30,39
2021-10-18,136,58,78
2021-10-18,240,80,160
2021-10-18,149,66,83
2021-10-18,81,27,54
2021-10-18,26,14,12
2021-10-18,4,4,0
2021-10-18,0,0,0
2021-10-18,2,0,2
2021-10-18,0,0,0
2021-10-18,3,0,3
2021-10-17,18,5,13
2021-10-17,11,4,7
2021-10-17,13,8,5
2021-10-17,9,4,5
2021-10-17,28,15,13
2021-10-17,47,26,21
2021-10-17,91,45,46
2021-10-17,116,53,63
2021-10-17,126,61,65
2021-10-17,146,75,71
2021-10-17,134,56,78
2021-10-17,121,68,53
2021-10-17,127,61,66
2021-10-17,112,50,62
2021-10-17,71,31,40
2021-10-17,51,26,25
2021-10-17,25,9,16
2021-10-17,8,1,7
2021-10-17,9,3,6
2021-10-17,2,2,0
2021-10-17,1,0,1
2021-10-17,3,2,1
2021-10-17,7,4,3
2021-10-17,20,8,12
2021-10-16,30,13,17
2021-10-16,10,3,7
2021-10-16,75,33,42
2021-10-16,42,23,19
2021-10-16,85,26,59
2021-10-16,109,44,65
2021-10-16,170,82,88
2021-10-16,245,110,135
2021-10-16,235,119,116
2021-10-16,208,75,133
2021-10-16,200,90,110
2021-10-16,208,98,110
2021-10-16,162,82,80
2021-10-16,118,62,56
2021-10-16,96,40,56
2021-10-16,67,23,44
2021-10-16,34,9,25
2021-10-16,20,8,12
2021-10-16,4,4,0
2021-10-16,1,0,1
2021-10-16,1,1,0
2021-10-16,13,3,10
2021-10-16,11,6,5
2021-10-16,24,13,11
2021-10-15,23,15,8
2021-10-15,26,13,13
2021-10-15,35,13,22
2021-10-15,38,13,25
2021-10-15,70,20,50
2021-10-15,137,59,78
2021-10-15,253,96,157
2021-10-15,220,71,149
2021-10-15,136,58,78
2021-10-15,101,32,69
2021-10-15,92,49,43
2021-10-15,71,31,40
2021-10-15,98,39,59
2021-10-15,77,36,41
2021-10-15,111,36,75
2021-10-15,179,67,112
2021-10-15,118,59,59
2021-10-15,44,19,25
2021-10-15,16,7,9
2021-10-15,3,1,2
2021-10-15,1,0,1
2021-10-15,0,0,0
2021-10-15,2,1,1
2021-10-15,7,3,4
2021-10-14,18,7,11
2021-10-14,20,10,10
2021-10-14,42,16,26
2021-10-14,50,18,32
2021-10-14,96,36,60
2021-10-14,190,63,127
2021-10-14,312,97,215
2021-10-14,193,58,135
2021-10-14,140,66,74
2021-10-14,84,36,48
2021-10-14,67,32,35
2021-10-14,67,29,38
2021-10-14,75,36,39
2021-10-14,70,31,39
2021-10-14,152,62,90
2021-10-14,219,76,143
2021-10-14,152,66,86
2021-10-14,74,28,46
2021-10-14,23,15,8
2021-10-14,7,3,4
2021-10-14,5,0,5
2021-10-14,2,2,0
2021-10-14,3,0,3
2021-10-14,2,0,2
2021-10-13,14,3,11
2021-10-13,25,12,13
2021-10-13,42,17,25
2021-10-13,53,17,36
2021-10-13,97,36,61
2021-10-13,204,77,127
2021-10-13,322,105,217
2021-10-13,225,81,144
2021-10-13,151,78,73
2021-10-13,138,55,83
2021-10-13,103,46,57
2021-10-13,92,46,46
2021-10-13,83,30,53
2021-10-13,91,31,60
2021-10-13,145,55,90
2021-10-13,245,101,144
2021-10-13,175,76,99
2021-10-13,74,27,47
2021-10-13,28,15,13
2021-10-13,4,3,1
2021-10-13,4,1,3
2021-10-13,1,0,1
2021-10-13,0,0,0
2021-10-13,1,0,1
2021-10-12,11,4,7
2021-10-12,18,10,8
2021-10-12,30,17,13
2021-10-12,29,15,14
2021-10-12,70,21,49
2021-10-12,145,42,103
2021-10-12,295,82,213
2021-10-12,189,58,131
2021-10-12,132,51,81
2021-10-12,88,31,57
2021-10-12,67,35,32
2021-10-12,62,20,42
2021-10-12,70,33,37
2021-10-12,62,24,38
2021-10-12,141,52,89
2021-10-12,258,114,144
2021-10-12,163,74,89
2021-10-12,87,42,45
2021-10-12,25,12,13
2021-10-12,5,4,1
2021-10-12,1,0,1
2021-10-12,1,1,0
2021-10-12,5,0,5
2021-10-12,4,0,4
2021-10-11,15,2,13
2021-10-11,18,6,12
2021-10-11,28,14,14
2021-10-11,54,29,25
2021-10-11,103,36,67
2021-10-11,240,96,144
2021-10-11,364,124,240
2021-10-11,233,96,137
2021-10-11,158,73,85
2021-10-11,113,40,73
2021-10-11,100,51,49
2021-10-11,107,44,63
2021-10-11,102,36,66
2021-10-11,80,39,41
2021-10-11,145,53,92
2021-10-11,235,101,134
2021-10-11,134,58,76
2021-10-11,59,28,31
2021-10-11,26,15,11
2021-10-11,3,2,1
2021-10-11,3,2,1
2021-10-11,1,0,1
2021-10-11,1,0,1
2021-10-11,1,0,1
2021-10-10,2,0,2
2021-10-10,7,2,5
2021-10-10,2,1,1
2021-10-10,11,1,10
2021-10-10,17,11,6
2021-10-10,43,14,29
2021-10-10,82,42,40
2021-10-10,104,46,58
2021-10-10,120,67,53
2021-10-10,125,71,54
2021-10-10,70,26,44
2021-10-10,93,30,63
2021-10-10,86,35,51
2021-10-10,80,41,39
2021-10-10,55,23,32
2021-10-10,33,11,22
2021-10-10,12,4,8
2021-10-10,7,2,5
2021-10-10,4,2,2
2021-10-10,2,2,0
2021-10-10,1,1,0
2021-10-10,9,6,3
2021-10-10,6,4,2
2021-10-10,14,7,7
2021-10-09,14,4,10
2021-10-09,15,9,6
2021-10-09,16,4,12
2021-10-09,27,11,16
2021-10-09,33,11,22
2021-10-09,38,14,24
2021-10-09,78,36,42
2021-10-09,115,43,72
2021-10-09,146,59,87
2021-10-09,165,66,99
2021-10-09,156,56,100
2021-10-09,172,78,94
2021-10-09,108,66,42
2021-10-09,143,81,62
2021-10-09,114,47,67
2021-10-09,61,26,35
2021-10-09,27,15,12
2021-10-09,16,8,8
2021-10-09,4,2,2
2021-10-09,3,2,1
2021-10-09,2,0,2
2021-10-09,6,4,2
2021-10-09,9,5,4
2021-10-09,10,1,9
2021-10-08,21,9,12
2021-10-08,28,9,19
2021-10-08,38,23,15
2021-10-08,60,23,37
2021-10-08,107,50,57
2021-10-08,196,78,118
2021-10-08,352,115,237
2021-10-08,287,115,172
2021-10-08,216,80,136
2021-10-08,159,61,98
2021-10-08,98,49,49
2021-10-08,92,39,53
2021-10-08,102,46,56
2021-10-08,84,33,51
2021-10-08,147,62,85
2021-10-08,194,83,111
2021-10-08,133,64,69
2021-10-08,64,24,40
2021-10-08,19,9,10
2021-10-08,5,4,1
2021-10-08,3,2,1
2021-10-08,3,3,0
2021-10-08,3,1,2
2021-10-08,5,0,5
2021-10-07,14,4,10
2021-10-07,28,9,19
2021-10-07,47,25,22
2021-10-07,79,26,53
2021-10-07,118,45,73
2021-10-07,270,118,152
2021-10-07,367,118,249
2021-10-07,309,102,207
2021-10-07,205,83,122
2021-10-07,144,67,77
2021-10-07,133,66,67
2021-10-07,123,55,68
2021-10-07,121,57,64
2021-10-07,101,47,54
2021-10-07,157,61,96
2021-10-07,262,112,150
2021-10-07,193,88,105
2021-10-07,82,33,49
2021-10-07,27,16,11
2021-10-07,6,4,2
2021-10-07,2,1,1
2021-10-07,3,2,1
2021-10-07,0,0,0
2021-10-07,4,0,4
2021-10-06,20,5,15
2021-10-06,28,14,14
2021-10-06,25,11,14
2021-10-06,41,20,21
2021-10-06,98,37,61
2021-10-06,222,84,138
2021-10-06,346,117,229
2021-10-06,222,90,132
2021-10-06,161,68,93
2021-10-06,111,49,62
2021-10-06,103,43,60
2021-10-06,85,37,48
2021-10-06,76,31,45
2021-10-06,90,35,55
2021-10-06,140,58,82
2021-10-06,229,91,138
2021-10-06,151,58,93
2021-10-06,66,30,36
2021-10-06,10,4,6
2021-10-06,12,6,6
2021-10-06,1,0,1
2021-10-06,2,1,1
2021-10-06,6,2,4
2021-10-06,7,2,5
2021-10-05,20,7,13
2021-10-05,14,5,9
2021-10-05,35,18,17
2021-10-05,47,21,26
2021-10-05,96,32,64
2021-10-05,200,80,120
2021-10-05,236,82,154
2021-10-05,143,63,80
2021-10-05,82,33,49
2021-10-05,53,25,28
2021-10-05,47,23,24
2021-10-05,45,14,31
2021-10-05,44,16,28
2021-10-05,40,14,26
2021-10-05,90,32,58
2021-10-05,138,52,86
2021-10-05,96,44,52
2021-10-05,67,30,37
2021-10-05,21,10,11
2021-10-05,11,6,5
2021-10-05,4,0,4
2021-10-05,3,2,1
2021-10-05,2,2,0
2021-10-05,7,2,5
2021-10-04,19,7,12
2021-10-04,17,8,9
2021-10-04,38,11,27
2021-10-04,54,21,33
2021-10-04,111,45,66
2021-10-04,292,117,175
2021-10-04,412,150,262
2021-10-04,298,105,193
2021-10-04,190,88,102
2021-10-04,141,61,80
2021-10-04,103,42,61
2021-10-04,125,42,83
2021-10-04,82,40,42
2021-10-04,92,36,56
2021-10-04,186,74,112
2021-10-04,275,114,161
2021-10-04,185,91,94
2021-10-04,80,34,46
2021-10-04,21,10,11
2021-10-04,7,4,3
2021-10-04,3,0,3
2021-10-04,1,0,1
2021-10-04,2,0,2
2021-10-04,2,1,1
2021-10-03,10,1,9
2021-10-03,16,3,13
2021-10-03,26,10,16
2021-10-03,16,4,12
2021-10-03,27,17,10
2021-10-03,73,33,40
2021-10-03,104,43,61
2021-10-03,114,44,70
2021-10-03,118,49,69
2021-10-03,87,47,40
2021-10-03,97,41,56
2021-10-03,93,37,56
2021-10-03,92,46,46
2021-10-03,91,37,54
2021-10-03,56,20,36
2021-10-03,58,27,31
2021-10-03,22,11,11
2021-10-03,11,5,6
2021-10-03,6,3,3
2021-10-03,3,2,1
2021-10-03,3,1,2
2021-10-03,3,1,2
2021-10-03,10,7,3
2021-10-03,16,8,8
2021-10-02,27,10,17
2021-10-02,42,22,20
2021-10-02,58,21,37
2021-10-02,47,25,22
2021-10-02,112,29,83
2021-10-02,133,68,65
2021-10-02,195,82,113
2021-10-02,241,105,136
2021-10-02,268,143,125
2021-10-02,226,109,117
2021-10-02,209,94,115
2021-10-02,190,89,101
2021-10-02,162,74,88
2021-10-02,170,68,102
2021-10-02,115,56,59
2021-10-02,63,18,45
2021-10-02,30,14,16
2021-10-02,20,8,12
2021-10-02,5,4,1
2021-10-02,1,0,1
2021-10-02,1,0,1
2021-10-02,9,6,3
2021-10-02,14,4,10
2021-10-02,22,5,17
2021-10-01,50,20,30
2021-10-01,35,14,21
2021-10-01,45,19,26
2021-10-01,71,33,38
2021-10-01,122,48,74
2021-10-01,214,90,124
2021-10-01,399,127,272
2021-10-01,317,112,205
2021-10-01,255,131,124
2021-10-01,208,85,123
2021-10-01,174,72,102
2021-10-01,124,58,66
2021-10-01,145,73,72
2021-10-01,125,58,67
2021-10-01,159,65,94
2021-10-01,224,94,130
2021-10-01,143,61,82
2021-10-01,70,24,46
2021-10-01,22,11,11
2021-10-01,7,4,3
2021-10-01,1,0,1
2021-10-01,1,1,0
2021-10-01,3,2,1
2021-10-01,10,3,7
2021-09-30,21,6,15
2021-09-30,33,16,17
2021-09-30,26,10,16
2021-09-30,61,19,42
2021-09-30,84,40,44
2021-09-30,174,74,100
2021-09-30,216,79,137
2021-09-30,148,64,84
2021-09-30,68,31,37
2021-09-30,42,15,27
2021-09-30,35,11,24
2021-09-30,40,11,29
2021-09-30,49,19,30
2021-09-30,45,15,30
2021-09-30,97,41,56
2021-09-30,192,82,110
2021-09-30,134,58,76
2021-09-30,66,30,36
2021-09-30,16,7,9
2021-09-30,12,8,4
2021-09-30,1,0,1
2021-09-30,3,1,2
2021-09-30,3,1,2
2021-09-30,4,2,2
2021-09-29,12,4,8
2021-09-29,22,10,12
2021-09-29,22,5,17
2021-09-29,44,18,26
2021-09-29,79,31,48
2021-09-29,184,55,129
2021-09-29,284,80,204
2021-09-29,194,62,132
2021-09-29,115,52,63
2021-09-29,86,29,57
2021-09-29,63,36,27
2021-09-29,79,35,44
2021-09-29,77,30,47
2021-09-29,81,40,41
2021-09-29,151,58,93
2021-09-29,269,109,160
2021-09-29,205,85,120
2021-09-29,67,23,44
2021-09-29,32,21,11
2021-09-29,8,5,3
2021-09-29,3,0,3
2021-09-29,2,0,2
2021-09-29,5,2,3
2021-09-29,3,1,2
2021-09-28,14,9,5
2021-09-28,20,5,15
2021-09-28,25,15,10
2021-09-28,57,22,35
2021-09-28,107,38,69
2021-09-28,272,91,181
2021-09-28,338,126,212
2021-09-28,216,83,133
2021-09-28,138,49,89
2021-09-28,101,46,55
2021-09-28,82,41,41
2021-09-28,65,34,31
2021-09-28,56,29,27
2021-09-28,68,35,33
2021-09-28,118,36,82
2021-09-28,199,92,107
2021-09-28,156,66,90
2021-09-28,59,23,36
2021-09-28,18,10,8
2021-09-28,13,8,5
2021-09-28,0,0,0
2021-09-28,1,0,1
2021-09-28,3,1,2
2021-09-28,5,1,4
2021-09-27,15,5,10
2021-09-27,15,7,8
2021-09-27,26,12,14
2021-09-27,40,18,22
2021-09-27,97,37,60
2021-09-27,143,54,89
2021-09-27,192,55,137
2021-09-27,125,49,76
2021-09-27,71,32,39
2021-09-27,34,8,26
2021-09-27,47,21,26
2021-09-27,47,14,33
2021-09-27,49,23,26
2021-09-27,55,24,31
2021-09-27,94,38,56
2021-09-27,169,64,105
2021-09-27,131,51,80
2021-09-27,54,27,27
2021-09-27,14,5,9
2021-09-27,5,3,2
2021-09-27,0,0,0
2021-09-27,2,0,2
2021-09-27,2,1,1
2021-09-27,2,1,1
2021-09-26,7,1,6
2021-09-26,11,4,7
2021-09-26,7,6,1
2021-09-26,5,1,4
2021-09-26,8,5,3
2021-09-26,17,7,10
2021-09-26,16,7,9
2021-09-26,28,6,22
2021-09-26,53,23,30
2021-09-26,82,42,40
2021-09-26,143,62,81
2021-09-26,116,49,67
2021-09-26,126,57,69
2021-09-26,113,53,60
2021-09-26,115,57,58
2021-09-26,56,28,28
2021-09-26,27,12,15
2021-09-26,15,5,10
2021-09-26,3,2,1
2021-09-26,2,2,0
2021-09-26,0,0,0
2021-09-26,8,4,4
2021-09-26,8,3,5
2021-09-26,11,5,6
2021-09-25,30,15,15
2021-09-25,56,26,30
2021-09-25,91,23,68
2021-09-25,54,26,28
2021-09-25,184,53,131
2021-09-25,174,64,110
2021-09-25,235,92,143
2021-09-25,298,156,142
2021-09-25,315,134,181
2021-09-25,304,155,149
2021-09-25,255,110,145
2021-09-25,263,145,118
2021-09-25,258,105,153
2021-09-25,214,96,118
2021-09-25,143,68,75
2021-09-25,91,26,65
2021-09-25,37,15,22
2021-09-25,15,4,11
2021-09-25,10,4,6
2021-09-25,2,1,1
2021-09-25,6,0,6
2021-09-25,2,1,1
2021-09-25,7,3,4
2021-09-25,10,6,4
2021-09-24,30,13,17
2021-09-24,28,12,16
2021-09-24,59,27,32
2021-09-24,58,23,35
2021-09-24,152,52,100
2021-09-24,239,105,134
2021-09-24,365,130,235
2021-09-24,294,127,167
2021-09-24,213,78,135
2021-09-24,175,77,98
2021-09-24,151,58,93
2021-09-24,140,61,79
2021-09-24,117,43,74
2021-09-24,114,47,67
2021-09-24,148,60,88
2021-09-24,219,85,134
2021-09-24,139,53,86
2021-09-24,70,33,37
2021-09-24,29,13,16
2021-09-24,11,5,6
2021-09-24,4,1,3
2021-09-24,1,0,1
2021-09-24,2,1,1
2021-09-24,7,4,3
2021-09-23,16,7,9
2021-09-23,31,16,15
2021-09-23,35,23,12
2021-09-23,84,41,43
2021-09-23,192,77,115
2021-09-23,349,132,217
2021-09-23,421,147,274
2021-09-23,340,120,220
2021-09-23,199,99,100
2021-09-23,161,58,103
2021-09-23,126,49,77
2021-09-23,103,40,63
2021-09-23,112,46,66
2021-09-23,114,54,60
2021-09-23,178,66,112
2021-09-23,292,127,165
2021-09-23,199,85,114
2021-09-23,103,51,52
2021-09-23,23,13,10
2021-09-23,9,4,5
2021-09-23,3,0,3
2021-09-23,5,2,3
2021-09-23,8,2,6
2021-09-23,6,0,6
2021-09-22,24,6,18
2021-09-22,31,13,18
2021-09-22,49,28,21
2021-09-22,66,16,50
2021-09-22,179,79,100
2021-09-22,285,106,179
2021-09-22,381,103,278
2021-09-22,272,93,179
2021-09-22,166,66,100
2021-09-22,124,48,76
2021-09-22,95,32,63
2021-09-22,80,29,51
2021-09-22,79,26,53
2021-09-22,114,38,76
2021-09-22,171,69,102
2021-09-22,272,115,157
2021-09-22,262,112,150
2021-09-22,100,45,55
2021-09-22,29,21,8
2021-09-22,14,10,4
2021-09-22,1,0,1
2021-09-22,1,0,1
2021-09-22,3,1,2
2021-09-22,6,4,2
2021-09-21,24,9,15
2021-09-21,23,8,15
2021-09-21,57,26,31
2021-09-21,94,38,56
2021-09-21,203,65,138
2021-09-21,409,159,250
2021-09-21,536,202,334
2021-09-21,361,132,229
2021-09-21,244,109,135
2021-09-21,174,86,88
2021-09-21,133,52,81
2021-09-21,139,60,79
2021-09-21,120,65,55
2021-09-21,106,44,62
2021-09-21,212,88,124
2021-09-21,320,134,186
2021-09-21,236,113,123
2021-09-21,94,35,59
2021-09-21,30,13,17
2021-09-21,9,5,4
2021-09-21,7,5,2
2021-09-21,3,0,3
2021-09-21,3,0,3
2021-09-21,6,1,5
2021-09-20,16,4,12
2021-09-20,32,16,16
2021-09-20,41,15,26
2021-09-20,64,20,44
2021-09-20,201,88,113
2021-09-20,356,138,218
2021-09-20,456,160,296
2021-09-20,314,133,181
2021-09-20,211,81,130
2021-09-20,139,61,78
2021-09-20,103,42,61
2021-09-20,119,57,62
2021-09-20,101,43,58
2021-09-20,104,34,70
2021-09-20,153,68,85
2021-09-20,254,86,168
2021-09-20,179,80,99
2021-09-20,79,33,46
2021-09-20,22,12,10
2021-09-20,8,6,2
2021-09-20,0,0,0
2021-09-20,1,1,0
2021-09-20,2,0,2
2021-09-20,2,0,2
2021-09-19,11,4,7
2021-09-19,13,6,7
2021-09-19,23,10,13
2021-09-19,21,12,9
2021-09-19,39,18,21
2021-09-19,72,23,49
2021-09-19,96,35,61
2021-09-19,133,59,74
2021-09-19,148,68,80
2021-09-19,163,70,93
2021-09-19,150,67,83
2021-09-19,117,52,65
2021-09-19,114,47,67
2021-09-19,98,40,58
2021-09-19,71,32,39
2021-09-19,34,11,23
2021-09-19,22,13,9
2021-09-19,15,5,10
2021-09-19,6,3,3
2021-09-19,5,2,3
2021-09-19,0,0,0
2021-09-19,1,0,1
2021-09-19,1,0,1
2021-09-19,11,2,9
2021-09-18,14,3,11
2021-09-18,17,11,6
2021-09-18,23,16,7
2021-09-18,17,8,9
2021-09-18,36,13,23
2021-09-18,29,14,15
2021-09-18,75,25,50
2021-09-18,80,37,43
2021-09-18,69,35,34
2021-09-18,84,28,56
2021-09-18,186,83,103
2021-09-18,197,72,125
2021-09-18,182,78,104
2021-09-18,141,63,78
2021-09-18,72,34,38
2021-09-18,45,15,30
2021-09-18,16,6,10
2021-09-18,6,1,5
2021-09-18,2,1,1
2021-09-18,3,0,3
2021-09-18,2,1,1
2021-09-18,1,0,1
2021-09-18,4,3,1
2021-09-18,4,1,3
2021-09-17,8,4,4
2021-09-17,18,9,9
2021-09-17,31,14,17
2021-09-17,31,21,10
2021-09-17,62,27,35
2021-09-17,133,43,90
2021-09-17,151,49,102
2021-09-17,114,32,82
2021-09-17,87,38,49
2021-09-17,68,29,39
2021-09-17,72,33,39
2021-09-17,47,17,30
2021-09-17,35,17,18
2021-09-17,42,17,25
2021-09-17,79,36,43
2021-09-17,129,55,74
2021-09-17,103,45,58
2021-09-17,45,23,22
2021-09-17,17,8,9
2021-09-17,3,3,0
2021-09-17,5,0,5
2021-09-17,1,0,1
2021-09-17,3,1,2
2021-09-17,6,2,4
2021-09-16,22,12,10
2021-09-16,44,21,23
2021-09-16,45,16,29
2021-09-16,90,29,61
2021-09-16,190,79,111
2021-09-16,342,122,220
2021-09-16,425,147,278
2021-09-16,332,133,199
2021-09-16,208,95,113
2021-09-16,182,66,116
2021-09-16,110,55,55
2021-09-16,131,59,72
2021-09-16,120,59,61
2021-09-16,136,60,76
2021-09-16,170,68,102
2021-09-16,286,115,171
2021-09-16,211,97,114
2021-09-16,85,42,43
2021-09-16,27,13,14
2021-09-16,10,6,4
2021-09-16,3,1,2
2021-09-16,2,2,0
2021-09-16,2,2,0
2021-09-16,9,4,5
2021-09-15,24,10,14
2021-09-15,29,13,16
2021-09-15,66,26,40
2021-09-15,90,37,53
2021-09-15,182,71,111
2021-09-15,333,110,223
2021-09-15,384,124,260
2021-09-15,290,108,182
2021-09-15,159,82,77
2021-09-15,118,41,77
2021-09-15,112,47,65
2021-09-15,91,34,57
2021-09-15,114,47,67
2021-09-15,118,46,72
2021-09-15,148,63,85
2021-09-15,262,117,145
2021-09-15,205,93,112
2021-09-15,75,33,42
2021-09-15,24,15,9
2021-09-15,10,6,4
2021-09-15,1,0,1
2021-09-15,2,1,1
2021-09-15,7,2,5
2021-09-15,7,3,4
2021-09-14,16,3,13
2021-09-14,41,17,24
2021-09-14,53,24,29
2021-09-14,70,26,44
2021-09-14,166,48,118
2021-09-14,276,94,182
2021-09-14,369,122,247
2021-09-14,292,84,208
2021-09-14,152,60,92
2021-09-14,104,45,59
2021-09-14,109,61,48
2021-09-14,92,37,55
2021-09-14,103,42,61
2021-09-14,97,53,44
2021-09-14,155,66,89
2021-09-14,322,137,185
2021-09-14,231,104,127
2021-09-14,101,41,60
2021-09-14,27,14,13
2021-09-14,11,6,5
2021-09-14,1,0,1
2021-09-14,2,1,1
2021-09-14,4,2,2
2021-09-14,4,0,4
2021-09-13,19,3,16
2021-09-13,30,10,20
2021-09-13,40,13,27
2021-09-13,78,33,45
2021-09-13,153,52,101
2021-09-13,266,91,175
2021-09-13,400,141,259
2021-09-13,261,100,161
2021-09-13,175,70,105
2021-09-13,99,41,58
2021-09-13,124,56,68
2021-09-13,97,36,61
2021-09-13,81,35,46
2021-09-13,97,46,51
2021-09-13,156,61,95
2021-09-13,263,113,150
2021-09-13,200,95,105
2021-09-13,85,43,42
2021-09-13,31,16,15
2021-09-13,6,3,3
2021-09-13,2,0,2
2021-09-13,0,0,0
2021-09-13,3,0,3
2021-09-13,8,4,4
2021-09-12,13,4,9
2021-09-12,24,8,16
2021-09-12,18,6,12
2021-09-12,38,24,14
2021-09-12,89,47,42
2021-09-12,149,56,93
2021-09-12,151,64,87
2021-09-12,168,71,97
2021-09-12,170,67,103
2021-09-12,125,55,70
2021-09-12,129,55,74
2021-09-12,96,36,60
2021-09-12,83,38,45
2021-09-12,80,39,41
2021-09-12,78,28,50
2021-09-12,29,14,15
2021-09-12,36,17,19
2021-09-12,17,5,12
2021-09-12,5,1,4
2021-09-12,4,2,2
2021-09-12,2,0,2
2021-09-12,1,1,0
2021-09-12,9,3,6
2021-09-12,16,6,10
2021-09-11,26,9,17
2021-09-11,28,5,23
2021-09-11,70,19,51
2021-09-11,68,30,38
2021-09-11,122,46,76
2021-09-11,150,66,84
2021-09-11,193,79,114
2021-09-11,257,104,153
2021-09-11,217,76,141
2021-09-11,253,120,133
2021-09-11,203,105,98
2021-09-11,235,111,124
2021-09-11,203,89,114
2021-09-11,173,76,97
2021-09-11,119,49,70
2021-09-11,97,47,50
2021-09-11,40,14,26
2021-09-11,24,6,18
2021-09-11,9,5,4
2021-09-11,2,0,2
2021-09-11,3,0,3
2021-09-11,6,2,4
2021-09-11,4,3,1
2021-09-11,16,3,13
2021-09-10,40,14,26
2021-09-10,32,15,17
2021-09-10,48,22,26
2021-09-10,50,18,32
2021-09-10,106,46,60
2021-09-10,168,66,102
2021-09-10,294,119,175
2021-09-10,232,90,142
2021-09-10,163,57,106
2021-09-10,131,42,89
2021-09-10,119,62,57
2021-09-10,129,48,81
2021-09-10,105,58,47
2021-09-10,99,34,65
2021-09-10,171,67,104
2021-09-10,206,87,119
2021-09-10,168,77,91
2021-09-10,80,31,49
2021-09-10,27,14,13
2021-09-10,5,3,2
2021-09-10,1,1,0
2021-09-10,2,1,1
2021-09-10,8,4,4
2021-09-10,10,6,4
2021-09-09,23,12,11
2021-09-09,31,13,18
2021-09-09,59,24,35
2021-09-09,90,38,52
2021-09-09,205,81,124
2021-09-09,305,110,195
2021-09-09,423,137,286
2021-09-09,289,97,192
2021-09-09,173,74,99
2021-09-09,143,55,88
2021-09-09,133,57,76
2021-09-09,108,44,64
2021-09-09,127,52,75
2021-09-09,112,44,68
2021-09-09,158,58,100
2021-09-09,299,131,168
2021-09-09,224,95,129
2021-09-09,87,38,49
2021-09-09,30,16,14
2021-09-09,7,4,3
2021-09-09,1,0,1
2021-09-09,2,1,1
2021-09-09,9,3,6
2021-09-09,5,0,5
2021-09-08,22,6,16
2021-09-08,44,19,25
2021-09-08,60,30,30
2021-09-08,109,44,65
2021-09-08,173,57,116
2021-09-08,359,151,208
2021-09-08,422,141,281
2021-09-08,316,109,207
2021-09-08,189,72,117
2021-09-08,143,55,88
2021-09-08,148,67,81
2021-09-08,136,59,77
2021-09-08,122,55,67
2021-09-08,111,54,57
2021-09-08,177,61,116
2021-09-08,289,124,165
2021-09-08,240,102,138
2021-09-08,84,39,45
2021-09-08,33,19,14
2021-09-08,13,4,9
2021-09-08,3,1,2
2021-09-08,3,0,3
2021-09-08,5,3,2
2021-09-08,8,2,6
2021-09-07,11,2,9
2021-09-07,35,20,15
2021-09-07,47,25,22
2021-09-07,98,26,72
2021-09-07,161,78,83
2021-09-07,298,113,185
2021-09-07,404,125,279
2021-09-07,256,89,167
2021-09-07,182,59,123
2021-09-07,129,54,75
2021-09-07,131,48,83
2021-09-07,141,57,84
2021-09-07,90,43,47
2021-09-07,102,45,57
2021-09-07,168,68,100
2021-09-07,285,124,161
2021-09-07,208,93,115
2021-09-07,92,40,52
2021-09-07,33,17,16
2021-09-07,8,2,6
2021-09-07,2,0,2
2021-09-07,2,1,1
2021-09-07,2,0,2
2021-09-07,13,3,10
2021-09-06,11,2,9
2021-09-06,23,6,17
2021-09-06,18,11,7
2021-09-06,51,19,32
2021-09-06,122,56,66
2021-09-06,190,82,108
2021-09-06,207,85,122
2021-09-06,254,116,138
2021-09-06,280,130,150
2021-09-06,274,125,149
2021-09-06,262,126,136
2021-09-06,166,108,58
2021-09-06,187,73,114
2021-09-06,177,78,99
2021-09-06,110,53,57
2021-09-06,57,25,32
2021-09-06,25,6,19
2021-09-06,20,4,16
2021-09-06,6,3,3
2021-09-06,7,4,3
2021-09-06,3,1,2
2021-09-06,15,0,15
2021-09-06,5,2,3
2021-09-06,10,2,8
2021-09-05,16,6,10
2021-09-05,33,9,24
2021-09-05,25,9,16
2021-09-05,58,33,25
2021-09-05,103,41,62
2021-09-05,148,57,91
2021-09-05,164,69,95
2021-09-05,203,85,118
2021-09-05,251,103,148
2021-09-05,247,108,139
2021-09-05,259,112,147
2021-09-05,222,97,125
2021-09-05,192,79,113
2021-09-05,179,96,83
2021-09-05,144,53,91
2021-09-05,90,46,44
2021-09-05,32,8,24
2021-09-05,11,5,6
2021-09-05,7,3,4
2021-09-05,3,1,2
2021-09-05,2,0,2
2021-09-05,11,3,8
2021-09-05,11,3,8
2021-09-05,11,4,7
2021-09-04,28,10,18
2021-09-04,50,12,38
2021-09-04,110,40,70
2021-09-04,91,48,43
2021-09-04,108,39,69
2021-09-04,136,66,70
2021-09-04,170,70,100
2021-09-04,256,110,146
2021-09-04,293,129,164
2021-09-04,265,149,116
2021-09-04,248,106,142
2021-09-04,253,140,113
2021-09-04,220,91,129
2021-09-04,188,73,115
2021-09-04,162,73,89
2021-09-04,108,38,70
2021-09-04,51,23,28
2021-09-04,33,11,22
2021-09-04,5,1,4
2021-09-04,8,2,6
2021-09-04,4,1,3
2021-09-04,14,3,11
2021-09-04,7,5,2
2021-09-04,15,4,11
2021-09-03,31,12,19
2021-09-03,48,21,27
2021-09-03,56,18,38
2021-09-03,93,36,57
2021-09-03,133,53,80
2021-09-03,245,76,169
2021-09-03,300,125,175
2021-09-03,253,96,157
2021-09-03,204,74,130
2021-09-03,209,78,131
2021-09-03,181,90,91
2021-09-03,178,79,99
2021-09-03,133,74,59
2021-09-03,164,80,84
2021-09-03,160,66,94
2021-09-03,234,97,137
2021-09-03,174,77,97
2021-09-03,81,36,45
2021-09-03,28,12,16
2021-09-03,4,3,1
2021-09-03,2,2,0
2021-09-03,6,4,2
2021-09-03,6,3,3
2021-09-03,10,4,6
2021-09-02,15,6,9
2021-09-02,28,9,19
2021-09-02,72,40,32
2021-09-02,106,50,56
2021-09-02,211,91,120
2021-09-02,317,122,195
2021-09-02,416,139,277
2021-09-02,291,97,194
2021-09-02,211,88,123
2021-09-02,147,58,89
2021-09-02,133,61,72
2021-09-02,125,61,64
2021-09-02,122,61,61
2021-09-02,117,43,74
2021-09-02,167,63,104
2021-09-02,279,110,169
2021-09-02,203,93,110
2021-09-02,96,40,56
2021-09-02,31,12,19
2021-09-02,13,2,11
2021-09-02,2,0,2
2021-09-02,5,2,3
2021-09-02,6,3,3
2021-09-02,14,5,9
2021-09-01,22,9,13
2021-09-01,44,14,30
2021-09-01,46,26,20
2021-09-01,87,36,51
2021-09-01,204,78,126
2021-09-01,360,130,230
2021-09-01,415,134,281
2021-09-01,308,95,213
2021-09-01,183,74,109
2021-09-01,162,68,94
2021-09-01,145,66,79
2021-09-01,129,60,69
2021-09-01,99,48,51
2021-09-01,99,40,59
2021-09-01,179,71,108
2021-09-01,258,108,150
2021-09-01,201,98,103
2021-09-01,96,44,52
2021-09-01,29,15,14
2021-09-01,11,5,6
2021-09-01,3,2,1
2021-09-01,1,0,1
2021-09-01,10,6,4
2021-09-01,8,2,6
2021-08-31,22,7,15
2021-08-31,24,15,9
2021-08-31,48,26,22
2021-08-31,95,38,57
2021-08-31,139,52,87
2021-08-31,282,84,198
2021-08-31,354,117,237
2021-08-31,234,78,156
2021-08-31,161,63,98
2021-08-31,106,45,61
2021-08-31,103,57,46
2021-08-31,107,47,60
2021-08-31,99,53,46
2021-08-31,118,37,81
2021-08-31,134,51,83
2021-08-31,261,124,137
2021-08-31,180,80,100
2021-08-31,93,47,46
2021-08-31,40,19,21
2021-08-31,12,3,9
2021-08-31,6,1,5
2021-08-31,1,0,1
2021-08-31,11,8,3
2021-08-31,10,3,7
2021-08-30,14,6,8
2021-08-30,27,10,17
2021-08-30,37,21,16
2021-08-30,70,27,43
2021-08-30,120,50,70
2021-08-30,226,85,141
2021-08-30,351,98,253
2021-08-30,225,85,140
2021-08-30,153,66,87
2021-08-30,116,58,58
2021-08-30,106,45,61
2021-08-30,90,38,52
2021-08-30,96,42,54
2021-08-30,92,35,57
2021-08-30,129,52,77
2021-08-30,239,92,147
2021-08-30,149,72,77
2021-08-30,84,35,49
2021-08-30,24,12,12
2021-08-30,8,5,3
2021-08-30,2,1,1
2021-08-30,0,0,0
2021-08-30,2,1,1
2021-08-30,14,3,11
2021-08-29,24,7,17
2021-08-29,45,4,41
2021-08-29,36,11,25
2021-08-29,59,29,30
2021-08-29,111,45,66
2021-08-29,169,77,92
2021-08-29,176,65,111
2021-08-29,217,92,125
2021-08-29,260,133,127
2021-08-29,307,133,174
2021-08-29,228,108,120
2021-08-29,270,118,152
2021-08-29,205,107,98
2021-08-29,164,74,90
2021-08-29,137,62,75
2021-08-29,91,43,48
2021-08-29,45,16,29
2021-08-29,25,14,11
2021-08-29,9,4,5
2021-08-29,8,5,3
2021-08-29,9,0,9
2021-08-29,8,2,6
2021-08-29,7,2,5
2021-08-29,24,4,20
2021-08-28,45,18,27
2021-08-28,49,18,31
2021-08-28,103,22,81
2021-08-28,84,37,47
2021-08-28,174,57,117
2021-08-28,165,73,92
2021-08-28,254,101,153
2021-08-28,271,153,118
2021-08-28,234,93,141
2021-08-28,295,129,166
2021-08-28,271,144,127
2021-08-28,254,113,141
2021-08-28,230,115,115
2021-08-28,169,69,100
2021-08-28,134,71,63
2021-08-28,105,47,58
2021-08-28,58,32,26
2021-08-28,31,4,27
2021-08-28,10,6,4
2021-08-28,5,2,3
2021-08-28,4,1,3
2021-08-28,9,5,4
2021-08-28,8,4,4
2021-08-28,11,3,8
2021-08-27,31,15,16
2021-08-27,48,22,26
2021-08-27,54,20,34
2021-08-27,89,33,56
2021-08-27,160,63,97
2021-08-27,248,98,150
2021-08-27,279,106,173
2021-08-27,266,105,161
2021-08-27,179,69,110
2021-08-27,138,60,78
2021-08-27,115,47,68
2021-08-27,122,42,80
2021-08-27,107,49,58
2021-08-27,110,45,65
2021-08-27,120,49,71
2021-08-27,186,79,107
2021-08-27,119,53,66
2021-08-27,63,23,40
2021-08-27,20,7,13
2021-08-27,12,3,9
2021-08-27,5,2,3
2021-08-27,0,0,0
2021-08-27,9,3,6
2021-08-27,5,1,4
2021-08-26,30,9,21
2021-08-26,30,11,19
2021-08-26,52,27,25
2021-08-26,108,55,53
2021-08-26,160,66,94
2021-08-26,265,99,166
2021-08-26,351,125,226
2021-08-26,237,76,161
2021-08-26,150,64,86
2021-08-26,131,55,76
2021-08-26,113,58,55
2021-08-26,114,48,66
2021-08-26,94,45,49
2021-08-26,105,50,55
2021-08-26,146,58,88
2021-08-26,256,107,149
2021-08-26,188,85,103
2021-08-26,98,32,66
2021-08-26,33,19,14
2021-08-26,10,3,7
2021-08-26,3,0,3
2021-08-26,3,2,1
2021-08-26,9,6,3
2021-08-26,8,4,4
2021-08-25,26,11,15
2021-08-25,37,9,28
2021-08-25,51,19,32
2021-08-25,126,45,81
2021-08-25,218,86,132
2021-08-25,267,111,156
2021-08-25,414,122,292
2021-08-25,311,109,202
2021-08-25,185,81,104
2021-08-25,170,66,104
2021-08-25,160,68,92
2021-08-25,160,75,85
2021-08-25,124,51,73
2021-08-25,120,43,77
2021-08-25,153,58,95
2021-08-25,240,94,146
2021-08-25,219,96,123
2021-08-25,78,30,48
2021-08-25,28,15,13
2021-08-25,11,5,6
2021-08-25,3,1,2
2021-08-25,3,1,2
2021-08-25,3,1,2
2021-08-25,9,5,4
2021-08-24,21,12,9
2021-08-24,49,25,24
2021-08-24,45,16,29
2021-08-24,117,49,68
2021-08-24,241,67,174
2021-08-24,333,120,213
2021-08-24,439,148,291
2021-08-24,305,108,197
2021-08-24,210,97,113
2021-08-24,154,71,83
2021-08-24,146,59,87
2021-08-24,151,62,89
2021-08-24,119,57,62
2021-08-24,117,48,69
2021-08-24,182,75,107
2021-08-24,248,87,161
2021-08-24,215,84,131
2021-08-24,107,43,64
2021-08-24,31,16,15
2021-08-24,14,4,10
2021-08-24,1,0,1
2021-08-24,3,3,0
2021-08-24,3,2,1
2021-08-24,4,1,3
2021-08-23,11,4,7
2021-08-23,23,10,13
2021-08-23,46,15,31
2021-08-23,114,51,63
2021-08-23,172,57,115
2021-08-23,329,131,198
2021-08-23,380,126,254
2021-08-23,245,79,166
2021-08-23,203,88,115
2021-08-23,145,62,83
2021-08-23,138,64,74
2021-08-23,101,57,44
2021-08-23,85,49,36
2021-08-23,115,37,78
2021-08-23,125,45,80
2021-08-23,224,94,130
2021-08-23,168,76,92
2021-08-23,81,32,49
2021-08-23,25,13,12
2021-08-23,6,3,3
2021-08-23,5,1,4
2021-08-23,3,1,2
2021-08-23,2,0,2
2021-08-23,3,1,2
2021-08-22,17,3,14
2021-08-22,25,14,11
2021-08-22,25,9,16
2021-08-22,72,33,39
2021-08-22,87,42,45
2021-08-22,118,50,68
2021-08-22,186,59,127
2021-08-22,195,88,107
2021-08-22,230,105,125
2021-08-22,183,71,112
2021-08-22,233,103,130
2021-08-22,232,128,104
2021-08-22,165,77,88
2021-08-22,173,58,115
2021-08-22,111,44,67
2021-08-22,82,38,44
2021-08-22,33,14,19
2021-08-22,26,9,17
2021-08-22,5,2,3
2021-08-22,3,1,2
2021-08-22,1,0,1
2021-08-22,10,6,4
2021-08-22,7,1,6
2021-08-22,11,4,7
2021-08-21,19,10,9
2021-08-21,55,18,37
2021-08-21,54,19,35
2021-08-21,61,26,35
2021-08-21,142,54,88
2021-08-21,169,67,102
2021-08-21,214,107,107
2021-08-21,238,117,121
2021-08-21,246,95,151
2021-08-21,214,102,112
2021-08-21,241,117,124
2021-08-21,201,92,109
2021-08-21,238,81,157
2021-08-21,152,79,73
2021-08-21,121,55,66
2021-08-21,95,39,56
2021-08-21,48,23,25
2021-08-21,20,6,14
2021-08-21,11,8,3
2021-08-21,5,3,2
2021-08-21,6,1,5
2021-08-21,5,4,1
2021-08-21,9,3,6
2021-08-21,19,3,16
2021-08-20,28,15,13
2021-08-20,35,12,23
2021-08-20,64,25,39
2021-08-20,76,23,53
2021-08-20,141,57,84
2021-08-20,198,71,127
2021-08-20,308,90,218
2021-08-20,238,84,154
2021-08-20,151,61,90
2021-08-20,129,51,78
2021-08-20,108,49,59
2021-08-20,122,47,75
2021-08-20,89,44,45
2021-08-20,106,47,59
2021-08-20,149,57,92
2021-08-20,192,80,112
2021-08-20,132,50,82
2021-08-20,86,39,47
2021-08-20,30,15,15
2021-08-20,5,2,3
2021-08-20,2,0,2
2021-08-20,5,5,0
2021-08-20,5,2,3
2021-08-20,10,4,6
2021-08-19,28,7,21
2021-08-19,43,20,23
2021-08-19,97,43,54
2021-08-19,149,51,98
2021-08-19,208,77,131
2021-08-19,365,135,230
2021-08-19,421,145,276
2021-08-19,295,105,190
2021-08-19,211,100,111
2021-08-19,148,64,84
2021-08-19,115,47,68
2021-08-19,120,44,76
2021-08-19,117,54,63
2021-08-19,98,37,61
2021-08-19,157,59,98
2021-08-19,244,102,142
2021-08-19,200,89,111
2021-08-19,101,42,59
2021-08-19,31,19,12
2021-08-19,14,3,11
2021-08-19,4,0,4
2021-08-19,6,3,3
2021-08-19,6,1,5
2021-08-19,12,4,8
2021-08-18,25,9,16
2021-08-18,44,12,32
2021-08-18,85,42,43
2021-08-18,119,52,67
2021-08-18,222,79,143
2021-08-18,305,109,196
2021-08-18,432,136,296
2021-08-18,339,117,222
2021-08-18,216,83,133
2021-08-18,163,78,85
2021-08-18,134,54,80
2021-08-18,109,46,63
2021-08-18,102,33,69
2021-08-18,110,47,63
2021-08-18,172,85,87
2021-08-18,241,102,139
2021-08-18,246,121,125
2021-08-18,110,49,61
2021-08-18,32,18,14
2021-08-18,12,6,6
2021-08-18,2,0,2
2021-08-18,2,1,1
2021-08-18,2,2,0
2021-08-18,12,6,6
2021-08-17,18,4,14
2021-08-17,43,16,27
2021-08-17,80,32,48
2021-08-17,123,38,85
2021-08-17,227,81,146
2021-08-17,338,130,208
2021-08-17,466,133,333
2021-08-17,264,84,180
2021-08-17,178,69,109
2021-08-17,137,64,73
2021-08-17,97,50,47
2021-08-17,104,36,68
2021-08-17,113,45,68
2021-08-17,128,49,79
2021-08-17,182,74,108
2021-08-17,266,108,158
2021-08-17,227,105,122
2021-08-17,107,42,65
2021-08-17,36,20,16
2021-08-17,14,4,10
2021-08-17,4,1,3
2021-08-17,2,1,1
2021-08-17,0,0,0
2021-08-17,13,3,10
2021-08-16,20,7,13
2021-08-16,23,8,15
2021-08-16,25,5,20
2021-08-16,72,29,43
2021-08-16,100,30,70
2021-08-16,244,76,168
2021-08-16,364,112,252
2021-08-16,224,78,146
2021-08-16,152,66,86
2021-08-16,108,46,62
2021-08-16,109,48,61
2021-08-16,81,44,37
2021-08-16,82,35,47
2021-08-16,90,33,57
2021-08-16,140,64,76
2021-08-16,242,91,151
2021-08-16,181,71,110
2021-08-16,66,30,36
2021-08-16,26,17,9
2021-08-16,10,4,6
2021-08-16,3,0,3
2021-08-16,3,2,1
2021-08-16,4,2,2
2021-08-16,12,4,8
2021-08-15,17,7,10
2021-08-15,29,12,17
2021-08-15,43,20,23
2021-08-15,88,42,46
2021-08-15,119,37,82
2021-08-15,152,72,80
2021-08-15,161,73,88
2021-08-15,222,113,109
2021-08-15,235,103,132
2021-08-15,263,132,131
2021-08-15,315,170,145
2021-08-15,281,131,150
2021-08-15,224,105,119
2021-08-15,201,84,117
2021-08-15,183,103,80
2021-08-15,75,42,33
2021-08-15,50,20,30
2021-08-15,36,11,25
2021-08-15,6,3,3
2021-08-15,3,1,2
2021-08-15,4,1,3
2021-08-15,10,6,4
2021-08-15,21,9,12
2021-08-15,20,7,13
2021-08-14,42,17,25
2021-08-14,40,13,27
2021-08-14,95,24,71
2021-08-14,57,25,32
2021-08-14,154,50,104
2021-08-14,123,52,71
2021-08-14,196,74,122
2021-08-14,175,89,86
2021-08-14,172,66,106
2021-08-14,169,66,103
2021-08-14,214,82,132
2021-08-14,188,71,117
2021-08-14,184,85,99
2021-08-14,177,61,116
2021-08-14,162,61,101
2021-08-14,118,56,62
2021-08-14,65,30,35
2021-08-14,32,8,24
2021-08-14,14,5,9
2021-08-14,5,1,4
2021-08-14,4,3,1
2021-08-14,5,2,3
2021-08-14,18,9,9
2021-08-14,23,5,18
2021-08-13,38,10,28
2021-08-13,31,16,15
2021-08-13,60,30,30
2021-08-13,61,29,32
2021-08-13,135,54,81
2021-08-13,138,49,89
2021-08-13,174,58,116
2021-08-13,159,42,117
2021-08-13,118,51,67
2021-08-13,94,39,55
2021-08-13,77,32,45
2021-08-13,100,40,60
2021-08-13,66,27,39
2021-08-13,94,37,57
2021-08-13,129,49,80
2021-08-13,152,58,94
2021-08-13,106,54,52
2021-08-13,62,23,39
2021-08-13,30,14,16
2021-08-13,6,1,5
2021-08-13,6,2,4
2021-08-13,7,3,4
2021-08-13,4,1,3
2021-08-13,20,5,15
2021-08-12,23,9,14
2021-08-12,36,15,21
2021-08-12,63,19,44
2021-08-12,113,55,58
2021-08-12,141,46,95
2021-08-12,243,74,169
2021-08-12,290,84,206
2021-08-12,219,67,152
2021-08-12,132,51,81
2021-08-12,118,44,74
2021-08-12,95,52,43
2021-08-12,112,41,71
2021-08-12,101,33,68
2021-08-12,141,46,95
2021-08-12,189,74,115
2021-08-12,273,108,165
2021-08-12,204,89,115
2021-08-12,89,27,62
2021-08-12,37,22,15
2021-08-12,15,5,10
2021-08-12,6,3,3
2021-08-12,5,2,3
2021-08-12,7,3,4
2021-08-12,11,3,8
2021-08-11,19,5,14
2021-08-11,45,23,22
2021-08-11,89,40,49
2021-08-11,156,71,85
2021-08-11,227,95,132
2021-08-11,301,125,176
2021-08-11,396,130,266
2021-08-11,266,99,167
2021-08-11,156,68,88
2021-08-11,164,62,102
2021-08-11,133,52,81
2021-08-11,131,74,57
2021-08-11,110,57,53
2021-08-11,136,48,88
2021-08-11,198,81,117
2021-08-11,271,102,169
2021-08-11,226,93,133
2021-08-11,100,44,56
2021-08-11,29,18,11
2021-08-11,8,3,5
2021-08-11,2,1,1
2021-08-11,8,2,6
2021-08-11,9,3,6
2021-08-11,9,3,6
2021-08-10,27,7,20
2021-08-10,51,19,32
2021-08-10,100,46,54
2021-08-10,165,67,98
2021-08-10,225,89,136
2021-08-10,297,107,190
2021-08-10,484,158,326
2021-08-10,314,103,211
2021-08-10,204,71,133
2021-08-10,151,68,83
2021-08-10,122,46,76
2021-08-10,120,48,72
2021-08-10,131,43,88
2021-08-10,111,44,67
2021-08-10,192,72,120
2021-08-10,284,118,166
2021-08-10,217,97,120
2021-08-10,114,43,71
2021-08-10,31,19,12
2021-08-10,18,7,11
2021-08-10,3,2,1
2021-08-10,3,1,2
2021-08-10,5,1,4
2021-08-10,5,1,4
2021-08-09,23,10,13
2021-08-09,41,12,29
2021-08-09,70,32,38
2021-08-09,119,49,70
2021-08-09,198,74,124
2021-08-09,320,122,198
2021-08-09,417,134,283
2021-08-09,312,117,195
2021-08-09,190,80,110
2021-08-09,156,73,83
2021-08-09,116,53,63
2021-08-09,123,52,71
2021-08-09,121,42,79
2021-08-09,114,45,69
2021-08-09,156,62,94
2021-08-09,244,101,143
2021-08-09,178,77,101
2021-08-09,77,29,48
2021-08-09,29,19,10
2021-08-09,11,5,6
2021-08-09,5,2,3
2021-08-09,1,1,0
2021-08-09,2,1,1
2021-08-09,7,0,7
2021-08-08,11,2,9
2021-08-08,26,10,16
2021-08-08,45,28,17
2021-08-08,70,33,37
2021-08-08,123,62,61
2021-08-08,151,64,87
2021-08-08,216,90,126
2021-08-08,267,117,150
2021-08-08,251,128,123
2021-08-08,294,127,167
2021-08-08,247,127,120
2021-08-08,241,118,123
2021-08-08,236,117,119
2021-08-08,200,90,110
2021-08-08,120,63,57
2021-08-08,69,25,44
2021-08-08,39,15,24
2021-08-08,24,13,11
2021-08-08,6,2,4
2021-08-08,4,3,1
2021-08-08,0,0,0
2021-08-08,6,3,3
2021-08-08,13,7,6
2021-08-08,13,1,12
2021-08-07,12,4,8
2021-08-07,49,18,31
2021-08-07,71,23,48
2021-08-07,78,30,48
2021-08-07,134,39,95
2021-08-07,154,62,92
2021-08-07,154,70,84
2021-08-07,211,95,116
2021-08-07,229,121,108
2021-08-07,204,91,113
2021-08-07,233,106,127
2021-08-07,235,91,144
2021-08-07,181,93,88
2021-08-07,139,73,66
2021-08-07,95,51,44
2021-08-07,79,31,48
2021-08-07,67,24,43
2021-08-07,25,11,14
2021-08-07,4,3,1
2021-08-07,0,0,0
2021-08-07,7,2,5
2021-08-07,12,3,9
2021-08-07,16,8,8
2021-08-07,22,11,11
2021-08-06,26,12,14
2021-08-06,57,22,35
2021-08-06,71,37,34
2021-08-06,133,56,77
2021-08-06,162,68,94
2021-08-06,229,96,133
2021-08-06,285,103,182
2021-08-06,202,87,115
2021-08-06,197,84,113
2021-08-06,143,64,79
2021-08-06,123,62,61
2021-08-06,93,38,55
2021-08-06,71,38,33
2021-08-06,62,18,44
2021-08-06,88,35,53
2021-08-06,151,59,92
2021-08-06,104,45,59
2021-08-06,58,20,38
2021-08-06,27,11,16
2021-08-06,5,3,2
2021-08-06,1,0,1
2021-08-06,7,3,4
2021-08-06,6,2,4
2021-08-06,10,3,7
2021-08-05,31,16,15
2021-08-05,67,32,35
2021-08-05,81,34,47
2021-08-05,145,53,92
2021-08-05,265,93,172
2021-08-05,332,113,219
2021-08-05,402,124,278
2021-08-05,297,99,198
2021-08-05,196,92,104
2021-08-05,152,60,92
2021-08-05,135,57,78
2021-08-05,151,44,107
2021-08-05,121,62,59
2021-08-05,153,62,91
2021-08-05,174,75,99
2021-08-05,288,121,167
2021-08-05,205,92,113
2021-08-05,123,53,70
2021-08-05,31,17,14
2021-08-05,12,5,7
2021-08-05,3,0,3
2021-08-05,3,1,2
2021-08-05,5,0,5
2021-08-05,10,1,9
2021-08-04,20,6,14
2021-08-04,48,23,25
2021-08-04,126,49,77
2021-08-04,126,49,77
2021-08-04,213,79,134
2021-08-04,346,136,210
2021-08-04,436,125,311
2021-08-04,292,109,183
2021-08-04,211,76,135
2021-08-04,118,50,68
2021-08-04,125,51,74
2021-08-04,145,59,86
2021-08-04,132,65,67
2021-08-04,130,56,74
2021-08-04,179,66,113
2021-08-04,289,119,170
2021-08-04,226,103,123
2021-08-04,98,49,49
2021-08-04,35,17,18
2021-08-04,14,4,10
2021-08-04,2,0,2
2021-08-04,1,1,0
2021-08-04,6,3,3
2021-08-04,6,3,3
2021-08-03,23,9,14
2021-08-03,24,7,17
2021-08-03,81,41,40
2021-08-03,138,65,73
2021-08-03,186,57,129
2021-08-03,294,109,185
2021-08-03,436,125,311
2021-08-03,307,110,197
2021-08-03,164,65,99
2021-08-03,162,84,78
2021-08-03,128,66,62
2021-08-03,106,36,70
2021-08-03,107,42,65
2021-08-03,113,51,62
2021-08-03,181,70,111
2021-08-03,291,126,165
2021-08-03,236,97,139
2021-08-03,114,49,65
2021-08-03,36,19,17
2021-08-03,13,5,8
2021-08-03,1,0,1
2021-08-03,1,0,1
2021-08-03,3,0,3
2021-08-03,10,5,5
2021-08-02,20,7,13
2021-08-02,23,12,11
2021-08-02,79,27,52
2021-08-02,143,55,88
2021-08-02,207,84,123
2021-08-02,273,103,170
2021-08-02,359,111,248
2021-08-02,264,79,185
2021-08-02,179,67,112
2021-08-02,172,65,107
2021-08-02,137,58,79
2021-08-02,158,58,100
2021-08-02,143,69,74
2021-08-02,119,42,77
2021-08-02,145,58,87
2021-08-02,245,100,145
2021-08-02,181,85,96
2021-08-02,92,38,54
2021-08-02,26,13,13
2021-08-02,9,4,5
2021-08-02,2,1,1
2021-08-02,3,1,2
2021-08-02,2,0,2
2021-08-02,4,0,4
2021-08-01,12,2,10
2021-08-01,25,11,14
2021-08-01,44,14,30
2021-08-01,78,42,36
2021-08-01,126,63,63
2021-08-01,179,77,102
2021-08-01,195,83,112
2021-08-01,204,80,124
2021-08-01,261,105,156
2021-08-01,296,156,140
2021-08-01,251,118,133
2021-08-01,239,106,133
2021-08-01,203,101,102
2021-08-01,181,81,100
2021-08-01,107,48,59
2021-08-01,104,58,46
2021-08-01,81,38,43
2021-08-01,35,15,20
2021-08-01,10,5,5
2021-08-01,3,1,2
2021-08-01,7,1,6
2021-08-01,9,4,5
2021-08-01,22,4,18
2021-08-01,13,6,7
2021-07-31,30,7,23
2021-07-31,49,16,33
2021-07-31,70,17,53
2021-07-31,69,32,37
2021-07-31,129,34,95
2021-07-31,171,86,85
2021-07-31,164,68,96
2021-07-31,228,94,134
2021-07-31,190,79,111
2021-07-31,227,118,109
2021-07-31,211,105,106
2021-07-31,195,86,109
2021-07-31,159,70,89
2021-07-31,190,88,102
2021-07-31,161,72,89
2021-07-31,102,53,49
2021-07-31,49,16,33
2021-07-31,26,9,17
2021-07-31,12,6,6
2021-07-31,2,0,2
2021-07-31,8,5,3
2021-07-31,8,3,5
2021-07-31,14,4,10
2021-07-31,29,10,19
2021-07-30,62,23,39
2021-07-30,68,29,39
2021-07-30,117,51,66
2021-07-30,133,58,75
2021-07-30,177,65,112
2021-07-30,296,126,170
2021-07-30,326,118,208
2021-07-30,283,110,173
2021-07-30,201,82,119
2021-07-30,154,62,92
2021-07-30,154,66,88
2021-07-30,149,71,78
2021-07-30,123,51,72
2021-07-30,144,53,91
2021-07-30,149,66,83
2021-07-30,227,97,130
2021-07-30,191,90,101
2021-07-30,99,46,53
2021-07-30,22,11,11
2021-07-30,11,1,10
2021-07-30,3,1,2
2021-07-30,2,2,0
2021-07-30,7,3,4
2021-07-30,13,6,7
2021-07-29,23,8,15
2021-07-29,68,39,29
2021-07-29,100,45,55
2021-07-29,169,72,97
2021-07-29,231,82,149
2021-07-29,317,111,206
2021-07-29,411,130,281
2021-07-29,263,83,180
2021-07-29,192,63,129
2021-07-29,156,76,80
2021-07-29,116,52,64
2021-07-29,141,62,79
2021-07-29,121,47,74
2021-07-29,134,50,84
2021-07-29,188,82,106
2021-07-29,289,130,159
2021-07-29,213,85,128
2021-07-29,92,43,49
2021-07-29,27,11,16
2021-07-29,13,5,8
2021-07-29,6,3,3
2021-07-29,2,1,1
2021-07-29,3,1,2
2021-07-29,7,2,5
2021-07-28,26,12,14
2021-07-28,58,28,30
2021-07-28,96,53,43
2021-07-28,153,76,77
2021-07-28,257,84,173
2021-07-28,383,137,246
2021-07-28,445,136,309
2021-07-28,299,103,196
2021-07-28,196,74,122
2021-07-28,141,59,82
2021-07-28,158,74,84
2021-07-28,142,55,87
2021-07-28,135,69,66
2021-07-28,155,70,85
2021-07-28,178,66,112
2021-07-28,316,120,196
2021-07-28,232,101,131
2021-07-28,101,47,54
2021-07-28,37,21,16
2021-07-28,11,4,7
2021-07-28,2,0,2
2021-07-28,0,0,0
2021-07-28,5,2,3
2021-07-28,15,9,6
2021-07-27,34,19,15
2021-07-27,44,18,26
2021-07-27,104,51,53
2021-07-27,175,71,104
2021-07-27,235,88,147
2021-07-27,352,142,210
2021-07-27,454,124,330
2021-07-27,335,109,226
2021-07-27,218,96,122
2021-07-27,117,45,72
2021-07-27,117,61,56
2021-07-27,161,61,100
2021-07-27,136,69,67
2021-07-27,127,46,81
2021-07-27,218,89,129
2021-07-27,295,141,154
2021-07-27,234,98,136
2021-07-27,128,61,67
2021-07-27,30,15,15
2021-07-27,14,4,10
2021-07-27,6,0,6
2021-07-27,4,2,2
2021-07-27,10,6,4
2021-07-27,6,2,4
2021-07-26,26,11,15
2021-07-26,34,15,19
2021-07-26,60,18,42
2021-07-26,112,44,68
2021-07-26,185,65,120
2021-07-26,330,120,210
2021-07-26,399,121,278
2021-07-26,274,105,169
2021-07-26,167,74,93
2021-07-26,128,51,77
2021-07-26,125,61,64
2021-07-26,124,46,78
2021-07-26,125,56,69
2021-07-26,106,39,67
2021-07-26,155,57,98
2021-07-26,256,106,150
2021-07-26,181,73,108
2021-07-26,85,35,50
2021-07-26,24,11,13
2021-07-26,16,5,11
2021-07-26,1,0,1
2021-07-26,0,0,0
2021-07-26,4,3,1
2021-07-26,9,2,7
2021-07-25,18,7,11
2021-07-25,28,9,19
2021-07-25,61,26,35
2021-07-25,104,40,64
2021-07-25,108,39,69
2021-07-25,155,81,74
2021-07-25,201,97,104
2021-07-25,237,117,120
2021-07-25,238,100,138
2021-07-25,255,113,142
2021-07-25,253,115,138
2021-07-25,262,130,132
2021-07-25,266,113,153
2021-07-25,220,103,117
2021-07-25,143,74,69
2021-07-25,88,34,54
2021-07-25,54,33,21
2021-07-25,28,14,14
2021-07-25,9,3,6
2021-07-25,1,1,0
2021-07-25,1,1,0
2021-07-25,10,4,6
2021-07-25,13,4,9
2021-07-25,20,7,13
2021-07-24,35,12,23
2021-07-24,69,27,42
2021-07-24,113,38,75
2021-07-24,103,45,58
2021-07-24,204,70,134
2021-07-24,164,81,83
2021-07-24,240,105,135
2021-07-24,216,95,121
2021-07-24,226,116,110
2021-07-24,332,126,206
2021-07-24,252,105,147
2021-07-24,238,117,121
2021-07-24,261,114,147
2021-07-24,202,93,109
2021-07-24,242,105,137
2021-07-24,120,68,52
2021-07-24,73,38,35
2021-07-24,31,8,23
2021-07-24,10,5,5
2021-07-24,4,1,3
2021-07-24,5,3,2
2021-07-24,6,4,2
2021-07-24,14,6,8
2021-07-24,31,14,17
2021-07-23,52,23,29
2021-07-23,56,34,22
2021-07-23,77,42,35
2021-07-23,129,46,83
2021-07-23,171,59,112
2021-07-23,282,125,157
2021-07-23,346,120,226
2021-07-23,312,133,179
2021-07-23,211,87,124
2021-07-23,171,71,100
2021-07-23,157,70,87
2021-07-23,188,88,100
2021-07-23,129,67,62
2021-07-23,150,56,94
2021-07-23,193,67,126
2021-07-23,209,92,117
2021-07-23,153,67,86
2021-07-23,79,33,46
2021-07-23,36,18,18
2021-07-23,9,3,6
2021-07-23,4,1,3
2021-07-23,5,1,4
2021-07-23,6,3,3
2021-07-23,16,5,11
2021-07-22,38,13,25
2021-07-22,56,32,24
2021-07-22,115,49,66
2021-07-22,164,88,76
2021-07-22,309,95,214
2021-07-22,378,160,218
2021-07-22,443,156,287
2021-07-22,310,108,202
2021-07-22,201,93,108
2021-07-22,166,64,102
2021-07-22,117,50,67
2021-07-22,133,65,68
2021-07-22,101,44,57
2021-07-22,129,54,75
2021-07-22,188,77,111
2021-07-22,296,114,182
2021-07-22,198,81,117
2021-07-22,108,45,63
2021-07-22,30,19,11
2021-07-22,12,5,7
2021-07-22,3,1,2
2021-07-22,2,1,1
2021-07-22,4,1,3
2021-07-22,10,5,5
2021-07-21,29,9,20
2021-07-21,53,28,25
2021-07-21,89,40,49
2021-07-21,133,50,83
2021-07-21,227,105,122
2021-07-21,336,139,197
2021-07-21,480,151,329
2021-07-21,321,117,204
2021-07-21,208,80,128
2021-07-21,151,60,91
2021-07-21,137,47,90
2021-07-21,126,56,70
2021-07-21,117,56,61
2021-07-21,89,37,52
2021-07-21,188,64,124
2021-07-21,274,113,161
2021-07-21,208,88,120
2021-07-21,101,42,59
2021-07-21,33,20,13
2021-07-21,11,2,9
2021-07-21,3,2,1
2021-07-21,2,1,1
2021-07-21,3,3,0
2021-07-21,6,1,5
2021-07-20,23,11,12
2021-07-20,39,17,22
2021-07-20,116,58,58
2021-07-20,160,63,97
2021-07-20,209,83,126
2021-07-20,309,128,181
2021-07-20,427,118,309
2021-07-20,306,93,213
2021-07-20,150,61,89
2021-07-20,131,67,64
2021-07-20,102,45,57
2021-07-20,113,56,57
2021-07-20,113,49,64
2021-07-20,106,46,60
2021-07-20,182,74,108
2021-07-20,265,107,158
2021-07-20,216,96,120
2021-07-20,100,42,58
2021-07-20,33,16,17
2021-07-20,10,3,7
2021-07-20,3,3,0
2021-07-20,2,2,0
2021-07-20,4,0,4
2021-07-20,10,5,5
2021-07-19,25,7,18
2021-07-19,50,18,32
2021-07-19,78,36,42
2021-07-19,145,71,74
2021-07-19,251,96,155
2021-07-19,341,132,209
2021-07-19,417,124,293
2021-07-19,267,89,178
2021-07-19,174,70,104
2021-07-19,128,60,68
2021-07-19,116,55,61
2021-07-19,109,56,53
2021-07-19,124,50,74
2021-07-19,124,54,70
2021-07-19,171,73,98
2021-07-19,260,111,149
2021-07-19,190,86,104
2021-07-19,94,38,56
2021-07-19,32,16,16
2021-07-19,14,3,11
2021-07-19,2,0,2
2021-07-19,5,5,0
2021-07-19,3,1,2
2021-07-19,11,4,7
2021-07-18,17,7,10
2021-07-18,22,6,16
2021-07-18,60,24,36
2021-07-18,113,56,57
2021-07-18,145,56,89
2021-07-18,195,76,119
2021-07-18,201,100,101
2021-07-18,216,95,121
2021-07-18,254,142,112
2021-07-18,260,119,141
2021-07-18,287,140,147
2021-07-18,316,141,175
2021-07-18,235,96,139
2021-07-18,189,78,111
2021-07-18,142,72,70
2021-07-18,102,48,54
2021-07-18,54,25,29
2021-07-18,23,9,14
2021-07-18,4,2,2
2021-07-18,2,1,1
2021-07-18,1,1,0
2021-07-18,11,3,8
2021-07-18,11,0,11
2021-07-18,18,7,11
2021-07-17,37,20,17
2021-07-17,46,13,33
2021-07-17,134,38,96
2021-07-17,100,42,58
2021-07-17,161,44,117
2021-07-17,185,81,104
2021-07-17,246,101,145
2021-07-17,273,118,155
2021-07-17,282,134,148
2021-07-17,285,145,140
2021-07-17,279,119,160
2021-07-17,233,117,116
2021-07-17,237,109,128
2021-07-17,188,82,106
2021-07-17,122,46,76
2021-07-17,83,35,48
2021-07-17,55,29,26
2021-07-17,38,13,25
2021-07-17,9,3,6
2021-07-17,4,2,2
2021-07-17,5,4,1
2021-07-17,9,3,6
2021-07-17,15,6,9
2021-07-17,17,6,11
2021-07-16,28,13,15
2021-07-16,44,14,30
2021-07-16,66,30,36
2021-07-16,75,32,43
2021-07-16,131,57,74
2021-07-16,213,86,127
2021-07-16,329,102,227
2021-07-16,235,91,144
2021-07-16,187,74,113
2021-07-16,136,56,80
2021-07-16,116,52,64
2021-07-16,121,47,74
2021-07-16,126,69,57
2021-07-16,97,33,64
2021-07-16,167,65,102
2021-07-16,186,84,102
2021-07-16,162,70,92
2021-07-16,76,30,46
2021-07-16,19,9,10
2021-07-16,7,4,3
2021-07-16,5,2,3
2021-07-16,4,3,1
2021-07-16,6,2,4
2021-07-16,9,3,6
2021-07-15,26,14,12
2021-07-15,59,26,33
2021-07-15,92,51,41
2021-07-15,147,71,76
2021-07-15,223,97,126
2021-07-15,336,99,237
2021-07-15,458,154,304
2021-07-15,263,89,174
2021-07-15,169,70,99
2021-07-15,135,56,79
2021-07-15,116,61,55
2021-07-15,134,52,82
2021-07-15,123,59,64
2021-07-15,118,46,72
2021-07-15,156,73,83
2021-07-15,261,108,153
2021-07-15,184,78,106
2021-07-15,80,37,43
2021-07-15,31,15,16
2021-07-15,6,2,4
2021-07-15,2,1,1
2021-07-15,2,0,2
2021-07-15,4,1,3
2021-07-15,11,2,9
2021-07-14,22,3,19
2021-07-14,74,34,40
2021-07-14,97,50,47
2021-07-14,187,89,98
2021-07-14,217,86,131
2021-07-14,394,126,268
2021-07-14,422,133,289
2021-07-14,303,98,205
2021-07-14,191,75,116
2021-07-14,160,59,101
2021-07-14,130,55,75
2021-07-14,120,46,74
2021-07-14,99,44,55
2021-07-14,109,48,61
2021-07-14,200,80,120
2021-07-14,283,119,164
2021-07-14,222,99,123
2021-07-14,107,48,59
2021-07-14,35,21,14
2021-07-14,8,3,5
2021-07-14,6,1,5
2021-07-14,2,1,1
2021-07-14,6,0,6
2021-07-14,12,0,12
2021-07-13,38,18,20
2021-07-13,38,12,26
2021-07-13,110,52,58
2021-07-13,187,81,106
2021-07-13,267,102,165
2021-07-13,379,171,208
2021-07-13,424,166,258
2021-07-13,304,119,185
2021-07-13,223,93,130
2021-07-13,196,86,110
2021-07-13,125,52,73
2021-07-13,132,53,79
2021-07-13,128,66,62
2021-07-13,102,47,55
2021-07-13,196,64,132
2021-07-13,278,124,154
2021-07-13,235,106,129
2021-07-13,116,48,68
2021-07-13,46,20,26
2021-07-13,12,3,9
2021-07-13,3,1,2
2021-07-13,7,5,2
2021-07-13,4,2,2
2021-07-13,5,3,2
2021-07-12,24,11,13
2021-07-12,36,19,17
2021-07-12,89,31,58
2021-07-12,145,50,95
2021-07-12,217,82,135
2021-07-12,322,101,221
2021-07-12,433,136,297
2021-07-12,279,106,173
2021-07-12,151,67,84
2021-07-12,120,45,75
2021-07-12,114,41,73
2021-07-12,146,67,79
2021-07-12,124,59,65
2021-07-12,108,53,55
2021-07-12,173,80,93
2021-07-12,263,102,161
2021-07-12,196,84,112
2021-07-12,92,35,57
2021-07-12,36,16,20
2021-07-12,10,2,8
2021-07-12,1,0,1
2021-07-12,6,2,4
2021-07-12,3,2,1
2021-07-12,6,3,3
2021-07-11,28,14,14
2021-07-11,28,17,11
2021-07-11,73,25,48
2021-07-11,96,34,62
2021-07-11,146,62,84
2021-07-11,177,80,97
2021-07-11,222,103,119
2021-07-11,264,132,132
2021-07-11,229,120,109
2021-07-11,197,80,117
2021-07-11,244,104,140
2021-07-11,277,144,133
2021-07-11,274,125,149
2021-07-11,196,81,115
2021-07-11,129,63,66
2021-07-11,92,46,46
2021-07-11,39,18,21
2021-07-11,24,11,13
2021-07-11,10,2,8
2021-07-11,5,2,3
2021-07-11,5,1,4
2021-07-11,6,3,3
2021-07-11,16,3,13
2021-07-11,29,6,23
2021-07-10,31,11,20
2021-07-10,46,17,29
2021-07-10,120,29,91
2021-07-10,134,44,90
2021-07-10,225,65,160
2021-07-10,172,70,102
2021-07-10,188,82,106
2021-07-10,257,130,127
2021-07-10,256,123,133
2021-07-10,220,112,108
2021-07-10,305,130,175
2021-07-10,221,100,121
2021-07-10,243,98,145
2021-07-10,179,92,87
2021-07-10,174,59,115
2021-07-10,102,47,55
2021-07-10,70,19,51
2021-07-10,34,10,24
2021-07-10,11,3,8
2021-07-10,2,1,1
2021-07-10,0,0,0
2021-07-10,7,2,5
2021-07-10,9,3,6
2021-07-10,32,11,21
2021-07-09,45,7,38
2021-07-09,54,21,33
2021-07-09,99,41,58
2021-07-09,139,52,87
2021-07-09,214,109,105
2021-07-09,258,103,155
2021-07-09,363,128,235
2021-07-09,286,96,190
2021-07-09,203,91,112
2021-07-09,182,76,106
2021-07-09,131,68,63
2021-07-09,137,56,81
2021-07-09,122,55,67
2021-07-09,139,59,80
2021-07-09,164,71,93
2021-07-09,193,78,115
2021-07-09,156,72,84
2021-07-09,78,34,44
2021-07-09,18,8,10
2021-07-09,8,2,6
2021-07-09,2,1,1
2021-07-09,6,1,5
2021-07-09,6,6,0
2021-07-09,20,9,11
2021-07-08,33,9,24
2021-07-08,60,18,42
2021-07-08,115,55,60
2021-07-08,169,85,84
2021-07-08,189,71,118
2021-07-08,323,118,205
2021-07-08,390,121,269
2021-07-08,308,127,181
2021-07-08,167,71,96
2021-07-08,120,59,61
2021-07-08,136,62,74
2021-07-08,133,52,81
2021-07-08,117,59,58
2021-07-08,95,40,55
2021-07-08,162,61,101
2021-07-08,218,85,133
2021-07-08,193,86,107
2021-07-08,102,39,63
2021-07-08,24,13,11
2021-07-08,13,3,10
2021-07-08,2,0,2
2021-07-08,4,2,2
2021-07-08,3,2,1
2021-07-08,6,2,4
2021-07-07,18,6,12
2021-07-07,54,25,29
2021-07-07,106,48,58
2021-07-07,146,65,81
2021-07-07,187,76,111
2021-07-07,311,119,192
2021-07-07,438,145,293
2021-07-07,259,99,160
2021-07-07,167,70,97
2021-07-07,116,51,65
2021-07-07,125,53,72
2021-07-07,123,54,69
2021-07-07,92,49,43
2021-07-07,111,40,71
2021-07-07,158,50,108
2021-07-07,276,122,154
2021-07-07,214,82,132
2021-07-07,98,38,60
2021-07-07,27,11,16
2021-07-07,13,5,8
2021-07-07,6,1,5
2021-07-07,8,2,6
2021-07-07,6,2,4
2021-07-07,16,4,12
2021-07-06,25,14,11
2021-07-06,41,15,26
2021-07-06,85,40,45
2021-07-06,140,58,82
2021-07-06,164,68,96
2021-07-06,287,94,193
2021-07-06,370,133,237
2021-07-06,295,103,192
2021-07-06,184,77,107
2021-07-06,150,77,73
2021-07-06,108,53,55
2021-07-06,106,43,63
2021-07-06,97,39,58
2021-07-06,120,61,59
2021-07-06,161,53,108
2021-07-06,260,117,143
2021-07-06,197,81,116
2021-07-06,88,41,47
2021-07-06,33,15,18
2021-07-06,16,3,13
2021-07-06,0,0,0
2021-07-06,5,3,2
2021-07-06,1,0,1
2021-07-06,2,1,1
2021-07-05,16,3,13
2021-07-05,37,15,22
2021-07-05,60,37,23
2021-07-05,104,42,62
2021-07-05,141,61,80
2021-07-05,200,85,115
2021-07-05,214,103,111
2021-07-05,244,119,125
2021-07-05,228,98,130
2021-07-05,206,102,104
2021-07-05,207,93,114
2021-07-05,187,99,88
2021-07-05,176,100,76
2021-07-05,137,68,69
2021-07-05,104,54,50
2021-07-05,87,44,43
2021-07-05,43,11,32
2021-07-05,36,11,25
2021-07-05,7,1,6
2021-07-05,6,2,4
2021-07-05,6,1,5
2021-07-05,2,1,1
2021-07-05,11,5,6
2021-07-05,16,5,11
2021-07-04,36,15,21
2021-07-04,40,22,18
2021-07-04,67,24,43
2021-07-04,97,29,68
2021-07-04,109,44,65
2021-07-04,123,51,72
2021-07-04,197,80,117
2021-07-04,193,93,100
2021-07-04,211,94,117
2021-07-04,223,96,127
2021-07-04,217,87,130
2021-07-04,249,77,172
2021-07-04,186,105,81
2021-07-04,146,61,85
2021-07-04,112,45,67
2021-07-04,58,21,37
2021-07-04,41,18,23
2021-07-04,18,7,11
2021-07-04,8,2,6
2021-07-04,2,0,2
2021-07-04,5,1,4
2021-07-04,6,3,3
2021-07-04,5,2,3
2021-07-04,17,5,12
2021-07-03,27,11,16
2021-07-03,61,28,33
2021-07-03,137,42,95
2021-07-03,126,58,68
2021-07-03,184,39,145
2021-07-03,145,71,74
2021-07-03,152,71,81
2021-07-03,223,88,135
2021-07-03,198,78,120
2021-07-03,226,92,134
2021-07-03,188,79,109
2021-07-03,242,102,140
2021-07-03,215,90,125
2021-07-03,206,101,105
2021-07-03,166,82,84
2021-07-03,97,51,46
2021-07-03,82,41,41
2021-07-03,42,17,25
2021-07-03,5,2,3
2021-07-03,3,2,1
2021-07-03,0,0,0
2021-07-03,6,3,3
2021-07-03,12,5,7
2021-07-03,28,9,19
2021-07-02,33,11,22
2021-07-02,51,21,30
2021-07-02,73,35,38
2021-07-02,113,45,68
2021-07-02,141,43,98
2021-07-02,213,91,122
2021-07-02,280,103,177
2021-07-02,288,104,184
2021-07-02,203,83,120
2021-07-02,172,75,97
2021-07-02,160,78,82
2021-07-02,128,48,80
2021-07-02,126,45,81
2021-07-02,108,38,70
2021-07-02,181,71,110
2021-07-02,181,85,96
2021-07-02,158,61,97
2021-07-02,78,37,41
2021-07-02,25,11,14
2021-07-02,10,3,7
2021-07-02,5,3,2
2021-07-02,3,1,2
2021-07-02,4,1,3
2021-07-02,16,5,11
2021-07-01,28,14,14
2021-07-01,62,26,36
2021-07-01,73,29,44
2021-07-01,130,65,65
2021-07-01,153,64,89
2021-07-01,267,128,139
2021-07-01,359,96,263
2021-07-01,231,76,155
2021-07-01,194,71,123
2021-07-01,135,54,81
2021-07-01,147,77,70
2021-07-01,114,44,70
2021-07-01,120,54,66
2021-07-01,123,63,60
2021-07-01,164,65,99
2021-07-01,250,137,113
2021-07-01,203,93,110
2021-07-01,85,36,49
2021-07-01,40,19,21
2021-07-01,10,2,8
2021-07-01,2,2,0
2021-07-01,4,0,4
2021-07-01,8,4,4
2021-07-01,6,2,4
2021-06-30,29,9,20
2021-06-30,42,20,22
2021-06-30,102,40,62
2021-06-30,179,73,106
2021-06-30,241,89,152
2021-06-30,310,116,194
2021-06-30,361,110,251
2021-06-30,264,85,179
2021-06-30,186,76,110
2021-06-30,136,58,78
2021-06-30,118,60,58
2021-06-30,138,64,74
2021-06-30,99,44,55
2021-06-30,96,42,54
2021-06-30,182,71,111
2021-06-30,273,121,152
2021-06-30,232,126,106
2021-06-30,114,49,65
2021-06-30,31,19,12
2021-06-30,10,3,7
2021-06-30,3,1,2
2021-06-30,2,0,2
2021-06-30,2,2,0
2021-06-30,9,7,2
2021-06-29,24,13,11
2021-06-29,40,24,16
2021-06-29,107,47,60
2021-06-29,169,72,97
2021-06-29,150,70,80
2021-06-29,258,90,168
2021-06-29,293,100,193
2021-06-29,199,74,125
2021-06-29,116,63,53
2021-06-29,79,28,51
2021-06-29,102,44,58
2021-06-29,96,49,47
2021-06-29,132,46,86
2021-06-29,103,41,62
2021-06-29,139,58,81
2021-06-29,238,109,129
2021-06-29,189,82,107
2021-06-29,104,44,60
2021-06-29,21,9,12
2021-06-29,15,4,11
2021-06-29,1,0,1
2021-06-29,1,1,0
2021-06-29,1,0,1
2021-06-29,10,7,3
2021-06-28,23,9,14
2021-06-28,32,17,15
2021-06-28,38,14,24
2021-06-28,52,20,32
2021-06-28,71,20,51
2021-06-28,84,25,59
2021-06-28,82,21,61
2021-06-28,81,26,55
2021-06-28,55,21,34
2021-06-28,45,17,28
2021-06-28,42,19,23
2021-06-28,47,15,32
2021-06-28,51,15,36
2021-06-28,58,25,33
2021-06-28,76,20,56
2021-06-28,129,52,77
2021-06-28,109,50,59
2021-06-28,76,29,47
2021-06-28,33,17,16
2021-06-28,13,1,12
2021-06-28,2,0,2
2021-06-28,1,1,0
2021-06-28,3,2,1
2021-06-28,6,2,4
2021-06-27,19,8,11
2021-06-27,21,4,17
2021-06-27,57,21,36
2021-06-27,36,7,29
2021-06-27,69,25,44
2021-06-27,48,18,30
2021-06-27,66,33,33
2021-06-27,50,24,26
2021-06-27,65,22,43
2021-06-27,55,22,33
2021-06-27,84,31,53
2021-06-27,110,43,67
2021-06-27,119,49,70
2021-06-27,106,47,59
2021-06-27,148,67,81
2021-06-27,124,64,60
2021-06-27,78,26,52
2021-06-27,57,27,30
2021-06-27,9,4,5
2021-06-27,8,6,2
2021-06-27,2,2,0
2021-06-27,13,2,11
2021-06-27,10,3,7
2021-06-27,30,12,18
2021-06-26,45,16,29
2021-06-26,96,34,62
2021-06-26,124,28,96
2021-06-26,71,22,49
2021-06-26,142,39,103
2021-06-26,89,32,57
2021-06-26,61,34,27
2021-06-26,95,35,60
2021-06-26,108,56,52
2021-06-26,118,49,69
2021-06-26,123,50,73
2021-06-26,153,56,97
2021-06-26,168,70,98
2021-06-26,154,71,83
2021-06-26,197,87,110
2021-06-26,182,79,103
2021-06-26,121,41,80
2021-06-26,59,28,31
2021-06-26,16,8,8
2021-06-26,5,3,2
2021-06-26,1,0,1
2021-06-26,11,3,8
2021-06-26,10,2,8
2021-06-26,24,10,14
2021-06-25,34,12,22
2021-06-25,74,25,49
2021-06-25,116,51,65
2021-06-25,133,49,84
2021-06-25,159,58,101
2021-06-25,210,83,127
2021-06-25,265,103,162
2021-06-25,235,84,151
2021-06-25,179,80,99
2021-06-25,147,57,90
2021-06-25,140,68,72
2021-06-25,145,63,82
2021-06-25,131,53,78
2021-06-25,141,54,87
2021-06-25,164,72,92
2021-06-25,220,93,127
2021-06-25,151,69,82
2021-06-25,86,32,54
2021-06-25,26,12,14
2021-06-25,7,2,5
2021-06-25,3,1,2
2021-06-25,4,1,3
2021-06-25,10,2,8
2021-06-25,8,3,5
2021-06-24,27,12,15
2021-06-24,81,37,44
2021-06-24,100,33,67
2021-06-24,173,82,91
2021-06-24,221,94,127
2021-06-24,359,126,233
2021-06-24,453,149,304
2021-06-24,295,110,185
2021-06-24,170,62,108
2021-06-24,134,68,66
2021-06-24,143,57,86
2021-06-24,153,64,89
2021-06-24,113,43,70
2021-06-24,121,60,61
2021-06-24,151,65,86
2021-06-24,245,93,152
2021-06-24,207,92,115
2021-06-24,95,41,54
2021-06-24,31,13,18
2021-06-24,11,6,5
2021-06-24,3,0,3
2021-06-24,2,0,2
2021-06-24,2,0,2
2021-06-24,5,1,4
2021-06-23,26,7,19
2021-06-23,63,33,30
2021-06-23,118,43,75
2021-06-23,180,63,117
2021-06-23,181,59,122
2021-06-23,332,141,191
2021-06-23,448,129,319
2021-06-23,286,97,189
2021-06-23,177,67,110
2021-06-23,150,77,73
2021-06-23,129,49,80
2021-06-23,147,60,87
2021-06-23,133,53,80
2021-06-23,131,69,62
2021-06-23,172,66,106
2021-06-23,234,121,113
2021-06-23,212,95,117
2021-06-23,88,29,59
2021-06-23,35,15,20
2021-06-23,8,1,7
2021-06-23,0,0,0
2021-06-23,2,0,2
2021-06-23,4,1,3
2021-06-23,3,0,3
2021-06-22,30,10,20
2021-06-22,53,23,30
2021-06-22,131,73,58
2021-06-22,195,83,112
2021-06-22,224,78,146
2021-06-22,309,123,186
2021-06-22,431,122,309
2021-06-22,279,93,186
2021-06-22,180,74,106
2021-06-22,130,60,70
2021-06-22,121,64,57
2021-06-22,129,56,73
2021-06-22,121,54,67
2021-06-22,107,52,55
2021-06-22,165,57,108
2021-06-22,280,127,153
2021-06-22,239,107,132
2021-06-22,111,52,59
2021-06-22,37,16,21
2021-06-22,13,3,10
2021-06-22,0,0,0
2021-06-22,2,1,1
2021-06-22,5,0,5
2021-06-22,2,0,2
2021-06-21,28,9,19
2021-06-21,73,33,40
2021-06-21,102,51,51
2021-06-21,143,62,81
2021-06-21,191,86,105
2021-06-21,285,118,167
2021-06-21,363,118,245
2021-06-21,239,95,144
2021-06-21,194,75,119
2021-06-21,107,44,63
2021-06-21,136,61,75
2021-06-21,149,66,83
2021-06-21,128,32,96
2021-06-21,121,55,66
2021-06-21,147,60,87
2021-06-21,233,100,133
2021-06-21,203,90,113
2021-06-21,72,32,40
2021-06-21,34,15,19
2021-06-21,11,3,8
2021-06-21,1,0,1
2021-06-21,0,0,0
2021-06-21,7,5,2
2021-06-21,14,4,10
2021-06-20,28,13,15
2021-06-20,40,21,19
2021-06-20,49,24,25
2021-06-20,130,45,85
2021-06-20,117,56,61
2021-06-20,162,77,85
2021-06-20,229,123,106
2021-06-20,216,99,117
2021-06-20,276,139,137
2021-06-20,284,125,159
2021-06-20,267,102,165
2021-06-20,285,116,169
2021-06-20,259,112,147
2021-06-20,187,96,91
2021-06-20,136,66,70
2021-06-20,114,69,45
2021-06-20,50,19,31
2021-06-20,16,7,9
2021-06-20,11,7,4
2021-06-20,8,4,4
2021-06-20,6,3,3
2021-06-20,6,3,3
2021-06-20,6,4,2
2021-06-20,26,11,15
2021-06-19,39,22,17
2021-06-19,52,25,27
2021-06-19,116,50,66
2021-06-19,110,47,63
2021-06-19,163,69,94
2021-06-19,188,78,110
2021-06-19,268,146,122
2021-06-19,273,134,139
2021-06-19,254,108,146
2021-06-19,282,117,165
2021-06-19,304,131,173
2021-06-19,266,119,147
2021-06-19,268,117,151
2021-06-19,196,82,114
2021-06-19,134,70,64
2021-06-19,114,42,72
2021-06-19,69,27,42
2021-06-19,24,9,15
2021-06-19,11,2,9
2021-06-19,1,0,1
2021-06-19,1,1,0
2021-06-19,3,1,2
2021-06-19,8,5,3
2021-06-19,22,10,12
2021-06-18,45,20,25
2021-06-18,49,23,26
2021-06-18,88,40,48
2021-06-18,106,44,62
2021-06-18,190,73,117
2021-06-18,263,87,176
2021-06-18,308,127,181
2021-06-18,328,127,201
2021-06-18,211,93,118
2021-06-18,180,88,92
2021-06-18,147,67,80
2021-06-18,141,56,85
2021-06-18,151,64,87
2021-06-18,118,61,57
2021-06-18,173,67,106
2021-06-18,165,67,98
2021-06-18,151,70,81
2021-06-18,73,37,36
2021-06-18,20,8,12
2021-06-18,12,4,8
2021-06-18,3,2,1
2021-06-18,5,2,3
2021-06-18,10,3,7
2021-06-18,11,6,5
2021-06-17,24,4,20
2021-06-17,56,28,28
2021-06-17,121,64,57
2021-06-17,167,82,85
2021-06-17,227,87,140
2021-06-17,336,106,230
2021-06-17,424,160,264
2021-06-17,313,106,207
2021-06-17,199,94,105
2021-06-17,159,75,84
2021-06-17,117,38,79
2021-06-17,133,63,70
2021-06-17,127,69,58
2021-06-17,110,53,57
2021-06-17,161,51,110
2021-06-17,248,114,134
2021-06-17,203,93,110
2021-06-17,95,40,55
2021-06-17,20,10,10
2021-06-17,12,4,8
2021-06-17,1,0,1
2021-06-17,2,1,1
2021-06-17,2,1,1
2021-06-17,8,1,7
2021-06-16,23,3,20
2021-06-16,39,16,23
2021-06-16,94,44,50
2021-06-16,154,62,92
2021-06-16,248,78,170
2021-06-16,397,151,246
2021-06-16,448,147,301
2021-06-16,275,110,165
2021-06-16,186,81,105
2021-06-16,151,78,73
2021-06-16,148,56,92
2021-06-16,111,47,64
2021-06-16,109,59,50
2021-06-16,102,32,70
2021-06-16,135,55,80
2021-06-16,250,96,154
2021-06-16,208,93,115
2021-06-16,100,47,53
2021-06-16,30,11,19
2021-06-16,12,4,8
2021-06-16,5,3,2
2021-06-16,1,0,1
2021-06-16,7,2,5
2021-06-16,18,8,10
2021-06-15,25,8,17
2021-06-15,36,12,24
2021-06-15,68,32,36
2021-06-15,114,51,63
2021-06-15,193,79,114
2021-06-15,308,131,177
2021-06-15,322,105,217
2021-06-15,200,71,129
2021-06-15,159,72,87
2021-06-15,107,42,65
2021-06-15,100,42,58
2021-06-15,123,56,67
2021-06-15,113,61,52
2021-06-15,91,36,55
2021-06-15,130,45,85
2021-06-15,234,109,125
2021-06-15,194,92,102
2021-06-15,90,35,55
2021-06-15,22,11,11
2021-06-15,12,5,7
2021-06-15,1,1,0
2021-06-15,1,1,0
2021-06-15,3,1,2
2021-06-15,10,3,7
2021-06-14,10,4,6
2021-06-14,11,3,8
2021-06-14,51,24,27
2021-06-14,87,43,44
2021-06-14,130,47,83
2021-06-14,172,58,114
2021-06-14,204,61,143
2021-06-14,155,57,98
2021-06-14,90,38,52
2021-06-14,67,25,42
2021-06-14,43,18,25
2021-06-14,37,21,16
2021-06-14,43,21,22
2021-06-14,47,22,25
2021-06-14,79,23,56
2021-06-14,123,49,74
2021-06-14,127,53,74
2021-06-14,45,22,23
2021-06-14,27,11,16
2021-06-14,8,4,4
2021-06-14,0,0,0
2021-06-14,1,0,1
2021-06-14,2,2,0
2021-06-14,1,1,0
2021-06-13,4,1,3
2021-06-13,6,2,4
2021-06-13,13,6,7
2021-06-13,15,5,10
2021-06-13,8,4,4
2021-06-13,22,7,15
2021-06-13,36,6,30
2021-06-13,43,19,24
2021-06-13,52,28,24
2021-06-13,72,39,33
2021-06-13,80,40,40
2021-06-13,77,33,44
2021-06-13,52,26,26
2021-06-13,25,5,20
2021-06-13,17,8,9
2021-06-13,11,4,7
2021-06-13,16,6,10
2021-06-13,11,4,7
2021-06-13,8,4,4
2021-06-13,2,0,2
2021-06-13,1,0,1
2021-06-13,3,0,3
2021-06-13,7,2,5
2021-06-13,8,3,5
2021-06-12,13,5,8
2021-06-12,22,12,10
2021-06-12,79,13,66
2021-06-12,92,41,51
2021-06-12,168,45,123
2021-06-12,270,138,132
2021-06-12,246,106,140
2021-06-12,327,143,184
2021-06-12,363,173,190
2021-06-12,370,200,170
2021-06-12,287,133,154
2021-06-12,253,111,142
2021-06-12,279,127,152
2021-06-12,181,73,108
2021-06-12,150,68,82
2021-06-12,101,50,51
2021-06-12,45,15,30
2021-06-12,25,9,16
2021-06-12,3,1,2
2021-06-12,7,3,4
2021-06-12,5,3,2
2021-06-12,1,0,1
2021-06-12,6,4,2
2021-06-12,13,5,8
2021-06-11,13,7,6
2021-06-11,18,7,11
2021-06-11,25,17,8
2021-06-11,38,18,20
2021-06-11,65,28,37
2021-06-11,184,77,107
2021-06-11,141,50,91
2021-06-11,95,31,64
2021-06-11,73,35,38
2021-06-11,44,22,22
2021-06-11,38,15,23
2021-06-11,28,14,14
2021-06-11,38,20,18
2021-06-11,63,19,44
2021-06-11,66,17,49
2021-06-11,130,54,76
2021-06-11,115,44,71
2021-06-11,63,26,37
2021-06-11,18,6,12
2021-06-11,7,0,7
2021-06-11,2,0,2
2021-06-11,1,1,0
2021-06-11,4,0,4
2021-06-11,9,5,4
2021-06-10,25,11,14
2021-06-10,42,19,23
2021-06-10,106,46,60
2021-06-10,139,53,86
2021-06-10,188,87,101
2021-06-10,301,131,170
2021-06-10,366,142,224
2021-06-10,284,97,187
2021-06-10,191,102,89
2021-06-10,142,47,95
2021-06-10,121,45,76
2021-06-10,115,41,74
2021-06-10,108,52,56
2021-06-10,96,35,61
2021-06-10,127,45,82
2021-06-10,224,92,132
2021-06-10,183,80,103
2021-06-10,109,48,61
2021-06-10,28,12,16
2021-06-10,13,4,9
2021-06-10,0,0,0
2021-06-10,1,1,0
2021-06-10,2,0,2
2021-06-10,6,3,3
2021-06-09,25,10,15
2021-06-09,63,23,40
2021-06-09,93,37,56
2021-06-09,114,40,74
2021-06-09,225,90,135
2021-06-09,336,130,206
2021-06-09,438,162,276
2021-06-09,290,119,171
2021-06-09,175,70,105
2021-06-09,157,69,88
2021-06-09,158,75,83
2021-06-09,144,69,75
2021-06-09,137,67,70
2021-06-09,132,53,79
2021-06-09,172,72,100
2021-06-09,244,115,129
2021-06-09,215,87,128
2021-06-09,82,34,48
2021-06-09,28,14,14
2021-06-09,15,7,8
2021-06-09,2,0,2
2021-06-09,1,0,1
2021-06-09,3,1,2
2021-06-09,4,0,4
2021-06-08,17,3,14
2021-06-08,34,19,15
2021-06-08,53,21,32
2021-06-08,94,45,49
2021-06-08,150,69,81
2021-06-08,327,131,196
2021-06-08,457,157,300
2021-06-08,318,121,197
2021-06-08,178,71,107
2021-06-08,151,73,78
2021-06-08,112,45,67
2021-06-08,125,45,80
2021-06-08,105,48,57
2021-06-08,117,44,73
2021-06-08,136,58,78
2021-06-08,251,109,142
2021-06-08,216,105,111
2021-06-08,89,39,50
2021-06-08,30,16,14
2021-06-08,11,5,6
2021-06-08,0,0,0
2021-06-08,3,3,0
2021-06-08,9,3,6
2021-06-08,7,2,5
2021-06-07,10,7,3
2021-06-07,28,7,21
2021-06-07,59,23,36
2021-06-07,101,44,57
2021-06-07,145,58,87
2021-06-07,281,108,173
2021-06-07,304,119,185
2021-06-07,286,136,150
2021-06-07,130,67,63
2021-06-07,100,38,62
2021-06-07,90,37,53
2021-06-07,99,41,58
2021-06-07,81,37,44
2021-06-07,65,19,46
2021-06-07,98,38,60
2021-06-07,143,57,86
2021-06-07,108,44,64
2021-06-07,56,32,24
2021-06-07,20,8,12
2021-06-07,4,0,4
2021-06-07,1,0,1
2021-06-07,1,0,1
2021-06-07,0,0,0
2021-06-07,0,0,0
2021-06-06,2,1,1
2021-06-06,6,2,4
2021-06-06,15,8,7
2021-06-06,15,9,6
2021-06-06,11,3,8
2021-06-06,22,12,10
2021-06-06,54,32,22
2021-06-06,54,22,32
2021-06-06,51,26,25
2021-06-06,72,27,45
2021-06-06,70,26,44
2021-06-06,92,45,47
2021-06-06,87,41,46
2021-06-06,88,41,47
2021-06-06,96,44,52
2021-06-06,56,32,24
2021-06-06,38,15,23
2021-06-06,12,5,7
2021-06-06,7,4,3
2021-06-06,1,1,0
2021-06-06,0,0,0
2021-06-06,2,2,0
2021-06-06,11,7,4
2021-06-06,16,4,12
2021-06-05,26,10,16
2021-06-05,19,6,13
2021-06-05,68,8,60
2021-06-05,33,12,21
2021-06-05,113,26,87
2021-06-05,100,38,62
2021-06-05,156,69,87
2021-06-05,209,96,113
2021-06-05,211,103,108
2021-06-05,232,103,129
2021-06-05,216,87,129
2021-06-05,196,97,99
2021-06-05,152,64,88
2021-06-05,137,62,75
2021-06-05,95,42,53
2021-06-05,63,28,35
2021-06-05,41,20,21
2021-06-05,20,5,15
2021-06-05,9,2,7
2021-06-05,1,1,0
2021-06-05,5,1,4
2021-06-05,4,2,2
2021-06-05,8,2,6
2021-06-05,16,6,10
2021-06-04,67,12,55
2021-06-04,61,31,30
2021-06-04,64,33,31
2021-06-04,137,63,74
2021-06-04,154,57,97
2021-06-04,243,83,160
2021-06-04,323,128,195
2021-06-04,272,105,167
2021-06-04,219,100,119
2021-06-04,161,71,90
2021-06-04,138,58,80
2021-06-04,122,50,72
2021-06-04,93,41,52
2021-06-04,82,35,47
2021-06-04,144,54,90
2021-06-04,205,85,120
2021-06-04,170,76,94
2021-06-04,81,34,47
2021-06-04,25,8,17
2021-06-04,5,0,5
2021-06-04,0,0,0
2021-06-04,1,0,1
2021-06-04,3,0,3
2021-06-04,13,4,9
2021-06-03,34,14,20
2021-06-03,65,30,35
2021-06-03,85,44,41
2021-06-03,148,46,102
2021-06-03,231,70,161
2021-06-03,320,113,207
2021-06-03,375,127,248
2021-06-03,294,117,177
2021-06-03,203,92,111
2021-06-03,150,63,87
2021-06-03,128,58,70
2021-06-03,109,43,66
2021-06-03,88,39,49
2021-06-03,119,61,58
2021-06-03,137,48,89
2021-06-03,227,101,126
2021-06-03,184,69,115
2021-06-03,81,42,39
2021-06-03,34,15,19
2021-06-03,13,5,8
2021-06-03,1,0,1
2021-06-03,0,0,0
2021-06-03,4,0,4
2021-06-03,12,2,10
2021-06-02,17,7,10
2021-06-02,65,24,41
2021-06-02,83,44,39
2021-06-02,172,77,95
2021-06-02,236,101,135
2021-06-02,330,126,204
2021-06-02,390,117,273
2021-06-02,292,127,165
2021-06-02,198,83,115
2021-06-02,153,50,103
2021-06-02,120,54,66
2021-06-02,121,50,71
2021-06-02,115,53,62
2021-06-02,133,54,79
2021-06-02,156,71,85
2021-06-02,258,112,146
2021-06-02,235,107,128
2021-06-02,109,52,57
2021-06-02,45,20,25
2021-06-02,10,4,6
2021-06-02,0,0,0
2021-06-02,2,2,0
2021-06-02,1,0,1
2021-06-02,14,5,9
2021-06-01,37,9,28
2021-06-01,33,18,15
2021-06-01,89,45,44
2021-06-01,132,59,73
2021-06-01,202,71,131
2021-06-01,251,102,149
2021-06-01,417,132,285
2021-06-01,286,100,186
2021-06-01,200,80,120
2021-06-01,152,55,97
2021-06-01,140,71,69
2021-06-01,125,67,58
2021-06-01,105,54,51
2021-06-01,122,51,71
2021-06-01,142,53,89
2021-06-01,208,86,122
2021-06-01,173,84,89
2021-06-01,99,48,51
2021-06-01,28,14,14
2021-06-01,10,2,8
2021-06-01,1,0,1
2021-06-01,1,1,0
2021-06-01,2,0,2
2021-06-01,4,1,3
2021-05-31,21,7,14
2021-05-31,33,17,16
2021-05-31,56,21,35
2021-05-31,83,44,39
2021-05-31,147,62,85
2021-05-31,174,86,88
2021-05-31,225,97,128
2021-05-31,263,121,142
2021-05-31,297,148,149
2021-05-31,328,157,171
2021-05-31,303,120,183
2021-05-31,283,120,163
2021-05-31,291,133,158
2021-05-31,165,69,96
2021-05-31,143,71,72
2021-05-31,86,39,47
2021-05-31,37,24,13
2021-05-31,21,6,15
2021-05-31,9,3,6
2021-05-31,6,3,3
2021-05-31,1,0,1
2021-05-31,3,0,3
2021-05-31,6,3,3
2021-05-31,6,2,4
2021-05-30,29,9,20
2021-05-30,32,16,16
2021-05-30,50,24,26
2021-05-30,55,16,39
2021-05-30,106,50,56
2021-05-30,141,70,71
2021-05-30,163,72,91
2021-05-30,212,93,119
2021-05-30,211,96,115
2021-05-30,282,137,145
2021-05-30,216,112,104
2021-05-30,209,90,119
2021-05-30,239,106,133
2021-05-30,144,66,78
2021-05-30,138,58,80
2021-05-30,114,66,48
2021-05-30,35,11,24
2021-05-30,19,6,13
2021-05-30,7,4,3
2021-05-30,1,1,0
2021-05-30,4,1,3
2021-05-30,2,2,0
2021-05-30,8,2,6
2021-05-30,16,5,11
2021-05-29,28,11,17
2021-05-29,29,10,19
2021-05-29,132,46,86
2021-05-29,98,47,51
2021-05-29,206,65,141
2021-05-29,145,61,84
2021-05-29,234,110,124
2021-05-29,243,115,128
2021-05-29,298,139,159
2021-05-29,288,149,139
2021-05-29,303,136,167
2021-05-29,275,135,140
2021-05-29,234,96,138
2021-05-29,169,71,98
2021-05-29,159,76,83
2021-05-29,105,42,63
2021-05-29,45,14,31
2021-05-29,18,5,13
2021-05-29,10,3,7
2021-05-29,2,1,1
2021-05-29,1,0,1
2021-05-29,6,0,6
2021-05-29,1,0,1
2021-05-29,9,2,7
2021-05-28,49,15,34
2021-05-28,38,22,16
2021-05-28,46,29,17
2021-05-28,96,30,66
2021-05-28,136,61,75
2021-05-28,213,95,118
2021-05-28,314,137,177
2021-05-28,262,99,163
2021-05-28,217,95,122
2021-05-28,188,89,99
2021-05-28,149,64,85
2021-05-28,133,56,77
2021-05-28,124,52,72
2021-05-28,105,46,59
2021-05-28,138,48,90
2021-05-28,141,62,79
2021-05-28,118,51,67
2021-05-28,74,35,39
2021-05-28,18,6,12
2021-05-28,7,2,5
2021-05-28,0,0,0
2021-05-28,3,1,2
2021-05-28,10,5,5
2021-05-28,2,1,1
2021-05-27,7,0,7
2021-05-27,22,9,13
2021-05-27,26,8,18
2021-05-27,39,20,19
2021-05-27,62,21,41
2021-05-27,119,51,68
2021-05-27,138,54,84
2021-05-27,77,27,50
2021-05-27,79,34,45
2021-05-27,41,18,23
2021-05-27,40,16,24
2021-05-27,29,14,15
2021-05-27,27,16,11
2021-05-27,40,20,20
2021-05-27,38,18,20
2021-05-27,90,37,53
2021-05-27,90,40,50
2021-05-27,40,17,23
2021-05-27,12,6,6
2021-05-27,3,0,3
2021-05-27,4,2,2
2021-05-27,5,3,2
2021-05-27,5,3,2
2021-05-27,7,1,6
2021-05-26,25,10,15
2021-05-26,44,24,20
2021-05-26,47,21,26
2021-05-26,112,56,56
2021-05-26,177,88,89
2021-05-26,267,88,179
2021-05-26,398,160,238
2021-05-26,243,97,146
2021-05-26,195,83,112
2021-05-26,147,63,84
2021-05-26,111,42,69
2021-05-26,114,51,63
2021-05-26,88,45,43
2021-05-26,100,32,68
2021-05-26,131,48,83
2021-05-26,193,70,123
2021-05-26,179,89,90
2021-05-26,75,35,40
2021-05-26,25,12,13
2021-05-26,13,3,10
2021-05-26,2,2,0
2021-05-26,3,0,3
2021-05-26,0,0,0
2021-05-26,5,2,3
2021-05-25,7,2,5
2021-05-25,27,13,14
2021-05-25,56,26,30
2021-05-25,86,36,50
2021-05-25,144,63,81
2021-05-25,216,91,125
2021-05-25,307,106,201
2021-05-25,245,84,161
2021-05-25,173,77,96
2021-05-25,110,50,60
2021-05-25,100,51,49
2021-05-25,93,48,45
2021-05-25,96,40,56
2021-05-25,82,28,54
2021-05-25,120,47,73
2021-05-25,173,71,102
2021-05-25,166,72,94
2021-05-25,62,32,30
2021-05-25,26,13,13
2021-05-25,5,1,4
2021-05-25,2,0,2
2021-05-25,3,0,3
2021-05-25,2,1,1
2021-05-25,6,1,5
2021-05-24,9,1,8
2021-05-24,20,8,12
2021-05-24,30,10,20
2021-05-24,55,23,32
2021-05-24,97,42,55
2021-05-24,132,62,70
2021-05-24,180,56,124
2021-05-24,139,52,87
2021-05-24,78,38,40
2021-05-24,39,20,19
2021-05-24,33,17,16
2021-05-24,51,19,32
2021-05-24,57,27,30
2021-05-24,50,20,30
2021-05-24,64,21,43
2021-05-24,109,43,66
2021-05-24,92,41,51
2021-05-24,56,30,26
2021-05-24,18,7,11
2021-05-24,4,0,4
2021-05-24,0,0,0
2021-05-24,0,0,0
2021-05-24,1,0,1
2021-05-24,2,1,1
2021-05-23,6,3,3
2021-05-23,10,2,8
2021-05-23,10,7,3
2021-05-23,41,23,18
2021-05-23,46,15,31
2021-05-23,108,34,74
2021-05-23,134,56,78
2021-05-23,164,74,90
2021-05-23,203,95,108
2021-05-23,178,76,102
2021-05-23,159,68,91
2021-05-23,210,114,96
2021-05-23,135,58,77
2021-05-23,113,43,70
2021-05-23,100,41,59
2021-05-23,70,37,33
2021-05-23,36,15,21
2021-05-23,26,6,20
2021-05-23,5,4,1
2021-05-23,1,1,0
2021-05-23,2,1,1
2021-05-23,3,1,2
2021-05-23,8,1,7
2021-05-23,28,10,18
2021-05-22,32,9,23
2021-05-22,47,15,32
2021-05-22,107,30,77
2021-05-22,72,29,43
2021-05-22,166,49,117
2021-05-22,193,82,111
2021-05-22,276,124,152
2021-05-22,265,136,129
2021-05-22,241,125,116
2021-05-22,248,84,164
2021-05-22,216,112,104
2021-05-22,212,90,122
2021-05-22,184,84,100
2021-05-22,152,64,88
2021-05-22,123,59,64
2021-05-22,82,38,44
2021-05-22,53,29,24
2021-05-22,37,18,19
2021-05-22,9,3,6
2021-05-22,5,0,5
2021-05-22,4,3,1
2021-05-22,1,1,0
2021-05-22,5,2,3
2021-05-22,22,4,18
2021-05-21,25,16,9
2021-05-21,55,25,30
2021-05-21,74,51,23
2021-05-21,125,48,77
2021-05-21,178,71,107
2021-05-21,277,122,155
2021-05-21,339,156,183
2021-05-21,245,100,145
2021-05-21,224,105,119
2021-05-21,158,68,90
2021-05-21,120,46,74
2021-05-21,91,50,41
2021-05-21,89,37,52
2021-05-21,80,38,42
2021-05-21,136,64,72
2021-05-21,203,103,100
2021-05-21,169,84,85
2021-05-21,66,37,29
2021-05-21,24,10,14
2021-05-21,7,1,6
2021-05-21,0,0,0
2021-05-21,3,0,3
2021-05-21,4,0,4
2021-05-21,5,1,4
2021-05-20,16,7,9
2021-05-20,46,22,24
2021-05-20,75,40,35
2021-05-20,122,65,57
2021-05-20,178,61,117
2021-05-20,268,100,168
2021-05-20,319,108,211
2021-05-20,224,89,135
2021-05-20,155,72,83
2021-05-20,120,59,61
2021-05-20,73,30,43
2021-05-20,80,30,50
2021-05-20,69,31,38
2021-05-20,72,33,39
2021-05-20,99,32,67
2021-05-20,175,75,100
2021-05-20,150,72,78
2021-05-20,84,35,49
2021-05-20,27,14,13
2021-05-20,8,0,8
2021-05-20,0,0,0
2021-05-20,1,0,1
2021-05-20,2,1,1
2021-05-20,6,5,1
2021-05-19,21,6,15
2021-05-19,29,15,14
2021-05-19,44,24,20
2021-05-19,105,29,76
2021-05-19,170,68,102
2021-05-19,305,95,210
2021-05-19,367,136,231
2021-05-19,245,99,146
2021-05-19,144,65,79
2021-05-19,113,62,51
2021-05-19,115,54,61
2021-05-19,98,40,58
2021-05-19,63,23,40
2021-05-19,88,35,53
2021-05-19,105,36,69
2021-05-19,174,82,92
2021-05-19,165,84,81
2021-05-19,82,30,52
2021-05-19,21,11,10
2021-05-19,5,3,2
2021-05-19,3,0,3
2021-05-19,0,0,0
2021-05-19,2,0,2
2021-05-19,3,0,3
2021-05-18,8,3,5
2021-05-18,27,13,14
2021-05-18,26,6,20
2021-05-18,65,28,37
2021-05-18,89,36,53
2021-05-18,197,67,130
2021-05-18,262,77,185
2021-05-18,146,50,96
2021-05-18,118,53,65
2021-05-18,90,43,47
2021-05-18,81,35,46
2021-05-18,103,49,54
2021-05-18,69,40,29
2021-05-18,71,29,42
2021-05-18,103,36,67
2021-05-18,159,67,92
2021-05-18,131,69,62
2021-05-18,70,36,34
2021-05-18,18,9,9
2021-05-18,4,1,3
2021-05-18,4,1,3
2021-05-18,2,0,2
2021-05-18,1,0,1
2021-05-18,1,0,1
2021-05-17,10,4,6
2021-05-17,18,3,15
2021-05-17,16,6,10
2021-05-17,22,6,16
2021-05-17,42,16,26
2021-05-17,112,40,72
2021-05-17,194,68,126
2021-05-17,164,61,103
2021-05-17,119,56,63
2021-05-17,75,30,45
2021-05-17,63,29,34
2021-05-17,66,45,21
2021-05-17,77,32,45
2021-05-17,75,27,48
2021-05-17,97,34,63
2021-05-17,153,57,96
2021-05-17,128,61,67
2021-05-17,63,28,35
2021-05-17,26,13,13
2021-05-17,10,2,8
2021-05-17,1,0,1
2021-05-17,1,0,1
2021-05-17,1,1,0
2021-05-17,4,1,3
2021-05-16,7,1,6
2021-05-16,23,9,14
2021-05-16,38,23,15
2021-05-16,72,32,40
2021-05-16,123,48,75
2021-05-16,174,87,87
2021-05-16,223,92,131
2021-05-16,339,151,188
2021-05-16,314,161,153
2021-05-16,304,118,186
2021-05-16,299,134,165
2021-05-16,264,108,156
2021-05-16,272,123,149
2021-05-16,234,110,124
2021-05-16,138,60,78
2021-05-16,79,33,46
2021-05-16,38,15,23
2021-05-16,23,10,13
2021-05-16,8,6,2
2021-05-16,4,1,3
2021-05-16,2,1,1
2021-05-16,2,0,2
2021-05-16,9,0,9
2021-05-16,21,4,17
2021-05-15,24,12,12
2021-05-15,20,7,13
2021-05-15,63,31,32
2021-05-15,83,38,45
2021-05-15,148,75,73
2021-05-15,176,66,110
2021-05-15,246,103,143
2021-05-15,227,118,109
2021-05-15,303,132,171
2021-05-15,260,127,133
2021-05-15,314,136,178
2021-05-15,251,125,126
2021-05-15,288,141,147
2021-05-15,201,94,107
2021-05-15,154,61,93
2021-05-15,101,46,55
2021-05-15,57,23,34
2021-05-15,28,11,17
2021-05-15,9,4,5
2021-05-15,1,0,1
2021-05-15,2,0,2
2021-05-15,3,1,2
2021-05-15,6,2,4
2021-05-15,17,7,10
2021-05-14,29,11,18
2021-05-14,53,28,25
2021-05-14,54,14,40
2021-05-14,133,73,60
2021-05-14,179,79,100
2021-05-14,316,116,200
2021-05-14,345,136,209
2021-05-14,270,115,155
2021-05-14,226,94,132
2021-05-14,177,79,98
2021-05-14,171,82,89
2021-05-14,131,55,76
2021-05-14,106,42,64
2021-05-14,99,41,58
2021-05-14,112,39,73
2021-05-14,187,79,108
2021-05-14,145,65,80
2021-05-14,85,29,56
2021-05-14,23,11,12
2021-05-14,9,3,6
2021-05-14,3,2,1
2021-05-14,4,0,4
2021-05-14,3,1,2
2021-05-14,8,3,5
2021-05-13,14,5,9
2021-05-13,48,24,24
2021-05-13,82,33,49
2021-05-13,110,55,55
2021-05-13,238,125,113
2021-05-13,326,141,185
2021-05-13,378,140,238
2021-05-13,242,86,156
2021-05-13,197,98,99
2021-05-13,166,66,100
2021-05-13,147,66,81
2021-05-13,131,58,73
2021-05-13,136,77,59
2021-05-13,97,33,64
2021-05-13,106,28,78
2021-05-13,182,78,104
2021-05-13,158,70,88
2021-05-13,89,42,47
2021-05-13,28,13,15
2021-05-13,7,1,6
2021-05-13,0,0,0
2021-05-13,1,0,1
2021-05-13,4,3,1
2021-05-13,6,0,6
2021-05-12,28,12,16
2021-05-12,28,13,15
2021-05-12,70,31,39
2021-05-12,126,44,82
2021-05-12,228,85,143
2021-05-12,297,109,188
2021-05-12,389,134,255
2021-05-12,253,83,170
2021-05-12,188,72,116
2021-05-12,122,51,71
2021-05-12,98,36,62
2021-05-12,89,34,55
2021-05-12,72,27,45
2021-05-12,88,35,53
2021-05-12,126,53,73
2021-05-12,198,77,121
2021-05-12,182,91,91
2021-05-12,81,36,45
2021-05-12,17,7,10
2021-05-12,6,2,4
2021-05-12,2,1,1
2021-05-12,1,0,1
2021-05-12,0,0,0
2021-05-12,4,1,3
2021-05-11,16,4,12
2021-05-11,24,16,8
2021-05-11,57,23,34
2021-05-11,127,51,76
2021-05-11,209,82,127
2021-05-11,277,108,169
2021-05-11,471,168,303
2021-05-11,306,131,175
2021-05-11,212,86,126
2021-05-11,149,62,87
2021-05-11,113,44,69
2021-05-11,138,68,70
2021-05-11,79,42,37
2021-05-11,92,33,59
2021-05-11,117,41,76
2021-05-11,208,80,128
2021-05-11,162,72,90
2021-05-11,80,40,40
2021-05-11,30,17,13
2021-05-11,9,1,8
2021-05-11,0,0,0
2021-05-11,1,0,1
2021-05-11,3,1,2
2021-05-11,6,2,4
2021-05-10,7,1,6
2021-05-10,29,5,24
2021-05-10,44,19,25
2021-05-10,87,34,53
2021-05-10,158,62,96
2021-05-10,246,89,157
2021-05-10,342,122,220
2021-05-10,284,124,160
2021-05-10,182,82,100
2021-05-10,141,57,84
2021-05-10,122,59,63
2021-05-10,104,46,58
2021-05-10,83,33,50
2021-05-10,102,47,55
2021-05-10,99,35,64
2021-05-10,190,69,121
2021-05-10,147,58,89
2021-05-10,86,37,49
2021-05-10,22,12,10
2021-05-10,10,3,7
2021-05-10,0,0,0
2021-05-10,1,0,1
2021-05-10,2,1,1
2021-05-10,2,1,1
2021-05-09,11,3,8
2021-05-09,19,5,14
2021-05-09,15,9,6
2021-05-09,51,23,28
2021-05-09,88,50,38
2021-05-09,185,87,98
2021-05-09,253,101,152
2021-05-09,264,101,163
2021-05-09,298,133,165
2021-05-09,307,163,144
2021-05-09,219,83,136
2021-05-09,231,99,132
2021-05-09,203,109,94
2021-05-09,147,64,83
2021-05-09,93,46,47
2021-05-09,49,21,28
2021-05-09,46,23,23
2021-05-09,8,3,5
2021-05-09,6,4,2
2021-05-09,4,1,3
2021-05-09,3,1,2
2021-05-09,1,0,1
2021-05-09,5,2,3
2021-05-09,14,5,9
2021-05-08,20,9,11
2021-05-08,31,13,18
2021-05-08,43,19,24
2021-05-08,54,21,33
2021-05-08,84,44,40
2021-05-08,138,53,85
2021-05-08,155,80,75
2021-05-08,235,120,115
2021-05-08,246,102,144
2021-05-08,243,107,136
2021-05-08,214,76,138
2021-05-08,214,78,136
2021-05-08,179,91,88
2021-05-08,125,56,69
2021-05-08,110,50,60
2021-05-08,67,28,39
2021-05-08,55,32,23
2021-05-08,27,5,22
2021-05-08,5,3,2
2021-05-08,3,2,1
2021-05-08,2,0,2
2021-05-08,0,0,0
2021-05-08,2,1,1
2021-05-08,11,2,9
2021-05-07,10,4,6
2021-05-07,16,6,10
2021-05-07,24,6,18
2021-05-07,34,15,19
2021-05-07,68,26,42
2021-05-07,142,63,79
2021-05-07,156,63,93
2021-05-07,133,48,85
2021-05-07,92,45,47
2021-05-07,52,20,32
2021-05-07,36,18,18
2021-05-07,30,17,13
2021-05-07,35,14,21
2021-05-07,55,16,39
2021-05-07,49,18,31
2021-05-07,99,42,57
2021-05-07,92,47,45
2021-05-07,68,33,35
2021-05-07,13,6,7
2021-05-07,2,0,2
2021-05-07,1,0,1
2021-05-07,0,0,0
2021-05-07,4,2,2
2021-05-07,2,0,2
2021-05-06,8,2,6
2021-05-06,25,9,16
2021-05-06,32,13,19
2021-05-06,86,29,57
2021-05-06,108,38,70
2021-05-06,167,70,97
2021-05-06,231,72,159
2021-05-06,148,59,89
2021-05-06,118,49,69
2021-05-06,97,37,60
2021-05-06,130,57,73
2021-05-06,84,39,45
2021-05-06,84,38,46
2021-05-06,72,37,35
2021-05-06,87,38,49
2021-05-06,146,56,90
2021-05-06,134,62,72
2021-05-06,79,33,46
2021-05-06,19,9,10
2021-05-06,8,1,7
2021-05-06,0,0,0
2021-05-06,1,0,1
2021-05-06,1,0,1
2021-05-06,6,1,5
2021-05-05,22,11,11
2021-05-05,34,11,23
2021-05-05,65,32,33
2021-05-05,98,46,52
2021-05-05,180,78,102
2021-05-05,256,111,145
2021-05-05,345,115,230
2021-05-05,252,102,150
2021-05-05,190,74,116
2021-05-05,126,62,64
2021-05-05,137,59,78
2021-05-05,127,59,68
2021-05-05,103,43,60
2021-05-05,93,39,54
2021-05-05,121,44,77
2021-05-05,178,80,98
2021-05-05,174,89,85
2021-05-05,69,32,37
2021-05-05,27,11,16
2021-05-05,11,3,8
2021-05-05,1,0,1
2021-05-05,2,0,2
2021-05-05,2,1,1
2021-05-05,2,0,2
2021-05-04,9,4,5
2021-05-04,25,13,12
2021-05-04,70,33,37
2021-05-04,88,37,51
2021-05-04,211,98,113
2021-05-04,298,118,180
2021-05-04,385,126,259
2021-05-04,285,120,165
2021-05-04,173,73,100
2021-05-04,122,53,69
2021-05-04,114,44,70
2021-05-04,104,57,47
2021-05-04,88,49,39
2021-05-04,99,40,59
2021-05-04,101,41,60
2021-05-04,173,72,101
2021-05-04,160,77,83
2021-05-04,72,30,42
2021-05-04,24,9,15
2021-05-04,8,2,6
2021-05-04,0,0,0
2021-05-04,0,0,0
2021-05-04,1,0,1
2021-05-04,4,3,1
2021-05-03,10,3,7
2021-05-03,10,3,7
2021-05-03,20,8,12
2021-05-03,21,9,12
2021-05-03,55,19,36
2021-05-03,90,23,67
2021-05-03,114,33,81
2021-05-03,84,38,46
2021-05-03,64,28,36
2021-05-03,98,44,54
2021-05-03,68,26,42
2021-05-03,85,37,48
2021-05-03,67,28,39
2021-05-03,62,25,37
2021-05-03,100,44,56
2021-05-03,164,58,106
2021-05-03,112,55,57
2021-05-03,66,23,43
2021-05-03,22,8,14
2021-05-03,9,2,7
2021-05-03,0,0,0
2021-05-03,0,0,0
2021-05-03,1,1,0
2021-05-03,4,1,3
2021-05-02,2,0,2
2021-05-02,18,8,10
2021-05-02,35,13,22
2021-05-02,71,34,37
2021-05-02,114,59,55
2021-05-02,228,111,117
2021-05-02,214,87,127
2021-05-02,344,175,169
2021-05-02,328,164,164
2021-05-02,349,154,195
2021-05-02,306,141,165
2021-05-02,281,138,143
2021-05-02,269,127,142
2021-05-02,173,87,86
2021-05-02,157,78,79
2021-05-02,74,39,35
2021-05-02,47,18,29
2021-05-02,19,10,9
2021-05-02,7,4,3
2021-05-02,1,1,0
2021-05-02,0,0,0
2021-05-02,1,0,1
2021-05-02,4,1,3
2021-05-02,10,6,4
2021-05-01,18,11,7
2021-05-01,35,19,16
2021-05-01,31,18,13
2021-05-01,43,16,27
2021-05-01,72,20,52
2021-05-01,89,45,44
2021-05-01,104,51,53
2021-05-01,147,72,75
2021-05-01,171,88,83
2021-05-01,209,90,119
2021-05-01,177,82,95
2021-05-01,171,78,93
2021-05-01,174,90,84
2021-05-01,153,72,81
2021-05-01,98,48,50
2021-05-01,86,37,49
2021-05-01,36,14,22
2021-05-01,16,5,11
2021-05-01,3,1,2
2021-05-01,3,1,2
2021-05-01,3,1,2
2021-05-01,1,0,1
2021-05-01,9,0,9
2021-05-01,29,15,14
2021-04-30,36,12,24
2021-04-30,34,13,21
2021-04-30,34,14,20
2021-04-30,65,27,38
2021-04-30,139,64,75
2021-04-30,224,94,130
2021-04-30,259,123,136
2021-04-30,218,102,116
2021-04-30,120,56,64
2021-04-30,99,50,49
2021-04-30,64,31,33
2021-04-30,69,30,39
2021-04-30,41,20,21
2021-04-30,55,27,28
2021-04-30,51,19,32
2021-04-30,79,30,49
2021-04-30,92,43,49
2021-04-30,53,21,32
2021-04-30,21,7,14
2021-04-30,8,2,6
2021-04-30,1,0,1
2021-04-30,1,1,0
2021-04-30,2,0,2
2021-04-30,11,5,6
2021-04-29,20,13,7
2021-04-29,33,15,18
2021-04-29,44,22,22
2021-04-29,102,43,59
2021-04-29,208,92,116
2021-04-29,277,108,169
2021-04-29,372,148,224
2021-04-29,304,127,177
2021-04-29,189,84,105
2021-04-29,146,66,80
2021-04-29,116,49,67
2021-04-29,122,57,65
2021-04-29,116,62,54
2021-04-29,79,34,45
2021-04-29,114,46,68
2021-04-29,176,67,109
2021-04-29,149,72,77
2021-04-29,89,43,46
2021-04-29,24,7,17
2021-04-29,9,2,7
2021-04-29,4,2,2
2021-04-29,3,0,3
2021-04-29,2,0,2
2021-04-29,3,0,3
2021-04-28,13,5,8
2021-04-28,24,11,13
2021-04-28,56,28,28
2021-04-28,77,38,39
2021-04-28,164,59,105
2021-04-28,222,61,161
2021-04-28,298,123,175
2021-04-28,234,87,147
2021-04-28,162,74,88
2021-04-28,129,59,70
2021-04-28,102,51,51
2021-04-28,116,46,70
2021-04-28,105,54,51
2021-04-28,96,40,56
2021-04-28,120,53,67
2021-04-28,196,84,112
2021-04-28,154,65,89
2021-04-28,73,22,51
2021-04-28,23,9,14
2021-04-28,8,1,7
2021-04-28,0,0,0
2021-04-28,1,0,1
2021-04-28,2,1,1
2021-04-28,7,3,4
2021-04-27,7,3,4
2021-04-27,14,4,10
2021-04-27,55,23,32
2021-04-27,94,44,50
2021-04-27,160,69,91
2021-04-27,237,93,144
2021-04-27,343,126,217
2021-04-27,203,70,133
2021-04-27,140,59,81
2021-04-27,98,41,57
2021-04-27,100,41,59
2021-04-27,92,43,49
2021-04-27,71,34,37
2021-04-27,64,30,34
2021-04-27,116,39,77
2021-04-27,181,71,110
2021-04-27,147,74,73
2021-04-27,81,32,49
2021-04-27,26,12,14
2021-04-27,6,2,4
2021-04-27,0,0,0
2021-04-27,3,0,3
2021-04-27,3,1,2
2021-04-27,1,0,1
2021-04-26,13,4,9
2021-04-26,15,6,9
2021-04-26,36,15,21
2021-04-26,95,35,60
2021-04-26,202,98,104
2021-04-26,299,105,194
2021-04-26,329,116,213
2021-04-26,257,99,158
2021-04-26,166,68,98
2021-04-26,130,45,85
2021-04-26,116,49,67
2021-04-26,114,46,68
2021-04-26,82,36,46
2021-04-26,77,27,50
2021-04-26,92,36,56
2021-04-26,145,51,94
2021-04-26,134,54,80
2021-04-26,73,28,45
2021-04-26,20,7,13
2021-04-26,8,2,6
2021-04-26,2,0,2
2021-04-26,3,0,3
2021-04-26,1,0,1
2021-04-26,2,2,0
2021-04-25,4,1,3
2021-04-25,11,5,6
2021-04-25,10,5,5
2021-04-25,40,15,25
2021-04-25,92,40,52
2021-04-25,123,49,74
2021-04-25,178,94,84
2021-04-25,183,84,99
2021-04-25,213,100,113
2021-04-25,160,83,77
2021-04-25,176,93,83
2021-04-25,146,68,78
2021-04-25,116,62,54
2021-04-25,91,48,43
2021-04-25,62,23,39
2021-04-25,39,18,21
2021-04-25,21,8,13
2021-04-25,9,4,5
2021-04-25,4,2,2
2021-04-25,0,0,0
2021-04-25,0,0,0
2021-04-25,0,0,0
2021-04-25,0,0,0
2021-04-25,4,2,2
2021-04-24,4,0,4
2021-04-24,3,0,3
2021-04-24,18,5,13
2021-04-24,18,3,15
2021-04-24,20,9,11
2021-04-24,30,7,23
2021-04-24,51,20,31
2021-04-24,39,15,24
2021-04-24,49,16,33
2021-04-24,51,27,24
2021-04-24,49,16,33
2021-04-24,31,10,21
2021-04-24,69,33,36
2021-04-24,43,20,23
2021-04-24,57,19,38
2021-04-24,26,13,13
2021-04-24,21,8,13
2021-04-24,14,3,11
2021-04-24,5,2,3
2021-04-24,1,1,0
2021-04-24,3,0,3
2021-04-24,2,2,0
2021-04-24,1,0,1
2021-04-24,7,2,5
2021-04-23,20,11,9
2021-04-23,26,11,15
2021-04-23,38,12,26
2021-04-23,66,32,34
2021-04-23,138,57,81
2021-04-23,207,91,116
2021-04-23,273,101,172
2021-04-23,245,106,139
2021-04-23,174,78,96
2021-04-23,123,49,74
2021-04-23,122,57,65
2021-04-23,126,53,73
2021-04-23,111,53,58
2021-04-23,111,55,56
2021-04-23,90,31,59
2021-04-23,141,66,75
2021-04-23,122,61,61
2021-04-23,60,23,37
2021-04-23,25,9,16
2021-04-23,3,1,2
2021-04-23,1,1,0
2021-04-23,3,1,2
2021-04-23,4,2,2
2021-04-23,4,0,4
2021-04-22,10,2,8
2021-04-22,38,15,23
2021-04-22,43,20,23
2021-04-22,98,45,53
2021-04-22,188,73,115
2021-04-22,277,109,168
2021-04-22,329,126,203
2021-04-22,260,105,155
2021-04-22,181,74,107
2021-04-22,120,48,72
2021-04-22,88,38,50
2021-04-22,109,39,70
2021-04-22,88,47,41
2021-04-22,82,44,38
2021-04-22,87,27,60
2021-04-22,156,70,86
2021-04-22,155,64,91
2021-04-22,66,28,38
2021-04-22,23,9,14
2021-04-22,9,3,6
2021-04-22,1,1,0
2021-04-22,1,0,1
2021-04-22,1,0,1
2021-04-22,15,5,10
2021-04-21,12,1,11
2021-04-21,24,12,12
2021-04-21,51,15,36
2021-04-21,122,53,69
2021-04-21,212,89,123
2021-04-21,331,150,181
2021-04-21,435,172,263
2021-04-21,308,137,171
2021-04-21,225,93,132
2021-04-21,199,102,97
2021-04-21,136,67,69
2021-04-21,136,68,68
2021-04-21,107,43,64
2021-04-21,110,41,69
2021-04-21,137,50,87
2021-04-21,211,82,129
2021-04-21,195,91,104
2021-04-21,70,28,42
2021-04-21,28,11,17
2021-04-21,3,2,1
2021-04-21,1,0,1
2021-04-21,2,2,0
2021-04-21,4,1,3
2021-04-21,6,2,4
2021-04-20,15,5,10
2021-04-20,27,11,16
2021-04-20,57,32,25
2021-04-20,147,71,76
2021-04-20,232,106,126
2021-04-20,343,135,208
2021-04-20,420,154,266
2021-04-20,328,133,195
2021-04-20,211,92,119
2021-04-20,148,54,94
2021-04-20,126,52,74
2021-04-20,142,59,83
2021-04-20,102,40,62
2021-04-20,113,46,67
2021-04-20,138,63,75
2021-04-20,211,92,119
2021-04-20,186,95,91
2021-04-20,80,31,49
2021-04-20,27,9,18
2021-04-20,7,4,3
2021-04-20,5,5,0
2021-04-20,1,0,1
2021-04-20,1,1,0
2021-04-20,10,5,5
2021-04-19,10,3,7
2021-04-19,13,5,8
2021-04-19,36,11,25
2021-04-19,99,46,53
2021-04-19,178,72,106
2021-04-19,285,103,182
2021-04-19,380,129,251
2021-04-19,296,113,183
2021-04-19,198,76,122
2021-04-19,168,80,88
2021-04-19,80,37,43
2021-04-19,116,52,64
2021-04-19,90,37,53
2021-04-19,99,31,68
2021-04-19,113,36,77
2021-04-19,192,70,122
2021-04-19,174,71,103
2021-04-19,61,20,41
2021-04-19,20,11,9
2021-04-19,9,5,4
2021-04-19,1,0,1
2021-04-19,2,0,2
2021-04-19,3,0,3
2021-04-19,2,1,1
2021-04-18,10,1,9
2021-04-18,14,6,8
2021-04-18,36,14,22
2021-04-18,79,32,47
2021-04-18,129,64,65
2021-04-18,235,104,131
2021-04-18,254,127,127
2021-04-18,337,158,179
2021-04-18,314,163,151
2021-04-18,344,163,181
2021-04-18,368,157,211
2021-04-18,317,158,159
2021-04-18,261,119,142
2021-04-18,225,106,119
2021-04-18,166,64,102
2021-04-18,83,44,39
2021-04-18,45,17,28
2021-04-18,15,9,6
2021-04-18,5,3,2
2021-04-18,1,1,0
2021-04-18,1,0,1
2021-04-18,4,1,3
2021-04-18,7,1,6
2021-04-18,17,4,13
2021-04-17,25,9,16
2021-04-17,22,7,15
2021-04-17,57,22,35
2021-04-17,118,50,68
2021-04-17,174,63,111
2021-04-17,228,106,122
2021-04-17,296,128,168
2021-04-17,332,153,179
2021-04-17,339,154,185
2021-04-17,414,196,218
2021-04-17,334,178,156
2021-04-17,327,133,194
2021-04-17,330,118,212
2021-04-17,243,123,120
2021-04-17,185,81,104
2021-04-17,100,47,53
2021-04-17,68,27,41
2021-04-17,19,7,12
2021-04-17,5,2,3
2021-04-17,2,0,2
2021-04-17,3,3,0
2021-04-17,4,3,1
2021-04-17,2,1,1
2021-04-17,16,9,7
2021-04-16,19,8,11
2021-04-16,50,27,23
2021-04-16,72,29,43
2021-04-16,122,57,65
2021-04-16,185,87,98
2021-04-16,259,100,159
2021-04-16,382,150,232
2021-04-16,286,110,176
2021-04-16,254,120,134
2021-04-16,192,87,105
2021-04-16,151,62,89
2021-04-16,157,76,81
2021-04-16,125,55,70
2021-04-16,132,45,87
2021-04-16,114,38,76
2021-04-16,161,60,101
2021-04-16,117,48,69
2021-04-16,50,21,29
2021-04-16,16,4,12
2021-04-16,5,2,3
2021-04-16,1,1,0
2021-04-16,0,0,0
2021-04-16,6,2,4
2021-04-16,7,1,6
2021-04-15,11,4,7
2021-04-15,27,13,14
2021-04-15,40,15,25
2021-04-15,106,54,52
2021-04-15,219,91,128
2021-04-15,314,131,183
2021-04-15,412,174,238
2021-04-15,323,151,172
2021-04-15,201,96,105
2021-04-15,177,86,91
2021-04-15,142,56,86
2021-04-15,135,56,79
2021-04-15,100,42,58
2021-04-15,99,37,62
2021-04-15,112,39,73
2021-04-15,144,62,82
2021-04-15,146,61,85
2021-04-15,66,28,38
2021-04-15,21,10,11
2021-04-15,9,4,5
2021-04-15,0,0,0
2021-04-15,2,1,1
2021-04-15,4,0,4
2021-04-15,4,2,2
2021-04-14,26,9,17
2021-04-14,25,12,13
2021-04-14,38,13,25
2021-04-14,97,36,61
2021-04-14,191,78,113
2021-04-14,278,111,167
2021-04-14,376,150,226
2021-04-14,263,115,148
2021-04-14,190,95,95
2021-04-14,167,64,103
2021-04-14,125,53,72
2021-04-14,112,56,56
2021-04-14,115,48,67
2021-04-14,103,41,62
2021-04-14,99,39,60
2021-04-14,158,70,88
2021-04-14,136,69,67
2021-04-14,67,30,37
2021-04-14,27,14,13
2021-04-14,8,4,4
2021-04-14,0,0,0
2021-04-14,0,0,0
2021-04-14,1,0,1
2021-04-14,3,1,2
2021-04-13,13,4,9
2021-04-13,13,4,9
2021-04-13,28,15,13
2021-04-13,92,32,60
2021-04-13,173,67,106
2021-04-13,274,119,155
2021-04-13,374,152,222
2021-04-13,246,111,135
2021-04-13,167,68,99
2021-04-13,151,63,88
2021-04-13,133,57,76
2021-04-13,125,55,70
2021-04-13,89,43,46
2021-04-13,84,39,45
2021-04-13,107,33,74
2021-04-13,161,62,99
2021-04-13,127,53,74
2021-04-13,70,24,46
2021-04-13,23,13,10
2021-04-13,3,2,1
2021-04-13,2,2,0
2021-04-13,1,0,1
2021-04-13,1,0,1
2021-04-13,2,0,2
2021-04-12,10,2,8
2021-04-12,10,4,6
2021-04-12,22,7,15
2021-04-12,80,38,42
2021-04-12,154,47,107
2021-04-12,206,80,126
2021-04-12,271,88,183
2021-04-12,204,81,123
2021-04-12,140,59,81
2021-04-12,117,39,78
2021-04-12,110,42,68
2021-04-12,97,45,52
2021-04-12,77,29,48
2021-04-12,86,47,39
2021-04-12,97,44,53
2021-04-12,129,50,79
2021-04-12,112,50,62
2021-04-12,52,24,28
2021-04-12,20,10,10
2021-04-12,7,4,3
2021-04-12,0,0,0
2021-04-12,1,1,0
2021-04-12,2,1,1
2021-04-12,3,0,3
2021-04-11,9,2,7
2021-04-11,14,8,6
2021-04-11,11,5,6
2021-04-11,40,15,25
2021-04-11,68,29,39
2021-04-11,135,59,76
2021-04-11,219,106,113
2021-04-11,294,143,151
2021-04-11,295,125,170
2021-04-11,343,156,187
2021-04-11,282,120,162
2021-04-11,246,113,133
2021-04-11,272,106,166
2021-04-11,192,98,94
2021-04-11,105,41,64
2021-04-11,49,17,32
2021-04-11,26,10,16
2021-04-11,20,9,11
2021-04-11,4,3,1
2021-04-11,1,1,0
2021-04-11,1,1,0
2021-04-11,1,0,1
2021-04-11,2,2,0
2021-04-11,15,5,10
2021-04-10,13,9,4
2021-04-10,12,5,7
2021-04-10,21,10,11
2021-04-10,41,17,24
2021-04-10,57,20,37
2021-04-10,112,42,70
2021-04-10,145,74,71
2021-04-10,228,97,131
2021-04-10,259,127,132
2021-04-10,227,108,119
2021-04-10,178,80,98
2021-04-10,184,87,97
2021-04-10,165,78,87
2021-04-10,128,56,72
2021-04-10,90,37,53
2021-04-10,48,17,31
2021-04-10,30,12,18
2021-04-10,11,4,7
2021-04-10,5,3,2
2021-04-10,1,0,1
2021-04-10,1,0,1
2021-04-10,0,0,0
2021-04-10,3,1,2
2021-04-10,2,0,2
2021-04-09,14,6,8
2021-04-09,16,8,8
2021-04-09,20,9,11
2021-04-09,36,17,19
2021-04-09,86,33,53
2021-04-09,125,45,80
2021-04-09,183,68,115
2021-04-09,157,69,88
2021-04-09,121,52,69
2021-04-09,96,28,68
2021-04-09,91,41,50
2021-04-09,80,30,50
2021-04-09,67,20,47
2021-04-09,77,32,45
2021-04-09,88,23,65
2021-04-09,143,63,80
2021-04-09,130,53,77
2021-04-09,48,24,24
2021-04-09,18,10,8
2021-04-09,2,0,2
2021-04-09,2,0,2
2021-04-09,1,0,1
2021-04-09,1,0,1
2021-04-09,12,5,7
2021-04-08,7,3,4
2021-04-08,25,7,18
2021-04-08,30,15,15
2021-04-08,72,38,34
2021-04-08,138,55,83
2021-04-08,257,87,170
2021-04-08,324,129,195
2021-04-08,234,94,140
2021-04-08,187,88,99
2021-04-08,128,56,72
2021-04-08,122,49,73
2021-04-08,100,49,51
2021-04-08,70,34,36
2021-04-08,76,32,44
2021-04-08,85,31,54
2021-04-08,141,52,89
2021-04-08,107,54,53
2021-04-08,72,31,41
2021-04-08,15,8,7
2021-04-08,6,2,4
2021-04-08,0,0,0
2021-04-08,0,0,0
2021-04-08,1,0,1
2021-04-08,0,0,0
2021-04-07,7,2,5
2021-04-07,14,6,8
2021-04-07,26,13,13
2021-04-07,26,9,17
2021-04-07,76,22,54
2021-04-07,127,55,72
2021-04-07,168,52,116
2021-04-07,106,40,66
2021-04-07,59,29,30
2021-04-07,46,17,29
2021-04-07,58,31,27
2021-04-07,55,19,36
2021-04-07,50,36,14
2021-04-07,52,18,34
2021-04-07,72,24,48
2021-04-07,124,57,67
2021-04-07,127,63,64
2021-04-07,59,25,34
2021-04-07,12,7,5
2021-04-07,4,2,2
2021-04-07,1,0,1
2021-04-07,3,1,2
2021-04-07,1,0,1
2021-04-07,3,2,1
2021-04-06,7,1,6
2021-04-06,15,8,7
2021-04-06,40,18,22
2021-04-06,85,29,56
2021-04-06,169,78,91
2021-04-06,264,111,153
2021-04-06,392,126,266
2021-04-06,333,130,203
2021-04-06,209,103,106
2021-04-06,157,68,89
2021-04-06,159,78,81
2021-04-06,121,51,70
2021-04-06,94,42,52
2021-04-06,72,48,24
2021-04-06,103,45,58
2021-04-06,172,68,104
2021-04-06,150,72,78
2021-04-06,56,22,34
2021-04-06,19,10,9
2021-04-06,4,2,2
2021-04-06,1,0,1
2021-04-06,6,4,2
2021-04-06,6,3,3
2021-04-06,3,1,2
2021-04-05,16,1,15
2021-04-05,21,10,11
2021-04-05,26,8,18
2021-04-05,68,28,40
2021-04-05,131,48,83
2021-04-05,284,103,181
2021-04-05,378,149,229
2021-04-05,260,102,158
2021-04-05,203,103,100
2021-04-05,146,67,79
2021-04-05,123,54,69
2021-04-05,131,74,57
2021-04-05,76,29,47
2021-04-05,71,33,38
2021-04-05,88,36,52
2021-04-05,144,45,99
2021-04-05,129,54,75
2021-04-05,54,21,33
2021-04-05,23,10,13
2021-04-05,6,3,3
2021-04-05,0,0,0
2021-04-05,0,0,0
2021-04-05,5,2,3
2021-04-05,3,2,1
2021-04-04,4,1,3
2021-04-04,14,3,11
2021-04-04,16,6,10
2021-04-04,25,15,10
2021-04-04,50,25,25
2021-04-04,78,26,52
2021-04-04,74,35,39
2021-04-04,92,63,29
2021-04-04,114,57,57
2021-04-04,142,70,72
2021-04-04,107,34,73
2021-04-04,68,34,34
2021-04-04,75,33,42
2021-04-04,71,42,29
2021-04-04,52,18,34
2021-04-04,27,13,14
2021-04-04,10,5,5
2021-04-04,4,2,2
2021-04-04,2,1,1
2021-04-04,1,0,1
2021-04-04,1,1,0
2021-04-04,5,2,3
2021-04-04,1,0,1
2021-04-04,5,1,4
2021-04-03,8,1,7
2021-04-03,19,5,14
2021-04-03,27,10,17
2021-04-03,27,10,17
2021-04-03,71,40,31
2021-04-03,145,65,80
2021-04-03,203,75,128
2021-04-03,268,139,129
2021-04-03,337,169,168
2021-04-03,281,131,150
2021-04-03,257,125,132
2021-04-03,266,115,151
2021-04-03,190,91,99
2021-04-03,186,90,96
2021-04-03,108,51,57
2021-04-03,72,31,41
2021-04-03,41,20,21
2021-04-03,17,7,10
2021-04-03,4,2,2
2021-04-03,2,0,2
2021-04-03,1,0,1
2021-04-03,4,3,1
2021-04-03,3,0,3
2021-04-03,15,3,12
2021-04-02,28,8,20
2021-04-02,23,13,10
2021-04-02,35,13,22
2021-04-02,50,22,28
2021-04-02,97,45,52
2021-04-02,204,84,120
2021-04-02,289,124,165
2021-04-02,222,79,143
2021-04-02,177,79,98
2021-04-02,157,63,94
2021-04-02,96,45,51
2021-04-02,99,46,53
2021-04-02,80,37,43
2021-04-02,72,38,34
2021-04-02,107,45,62
2021-04-02,136,51,85
2021-04-02,116,44,72
2021-04-02,56,20,36
2021-04-02,24,11,13
2021-04-02,3,2,1
2021-04-02,0,0,0
2021-04-02,0,0,0
2021-04-02,6,1,5
2021-04-02,1,0,1
2021-04-01,17,3,14
2021-04-01,27,13,14
2021-04-01,27,11,16
2021-04-01,71,36,35
2021-04-01,93,33,60
2021-04-01,216,93,123
2021-04-01,283,111,172
2021-04-01,198,70,128
2021-04-01,181,69,112
2021-04-01,122,52,70
2021-04-01,104,48,56
2021-04-01,104,48,56
2021-04-01,92,42,50
2021-04-01,73,30,43
2021-04-01,85,27,58
2021-04-01,159,65,94
2021-04-01,123,50,73
2021-04-01,65,29,36
2021-04-01,18,12,6
2021-04-01,5,1,4
2021-04-01,0,0,0
2021-04-01,2,1,1
2021-04-01,3,1,2
2021-04-01,5,1,4
2021-03-31,10,3,7
2021-03-31,30,10,20
2021-03-31,42,25,17
2021-03-31,74,37,37
2021-03-31,194,84,110
2021-03-31,282,111,171
2021-03-31,400,151,249
2021-03-31,286,130,156
2021-03-31,219,86,133
2021-03-31,144,71,73
2021-03-31,170,80,90
2021-03-31,132,57,75
2021-03-31,101,50,51
2021-03-31,85,39,46
2021-03-31,103,47,56
2021-03-31,163,71,92
2021-03-31,140,58,82
2021-03-31,53,23,30
2021-03-31,16,10,6
2021-03-31,6,2,4
2021-03-31,0,0,0
2021-03-31,2,0,2
2021-03-31,2,0,2
2021-03-31,6,1,5
2021-03-30,14,4,10
2021-03-30,17,5,12
2021-03-30,29,15,14
2021-03-30,55,27,28
2021-03-30,164,66,98
2021-03-30,266,101,165
2021-03-30,352,129,223
2021-03-30,233,108,125
2021-03-30,208,102,106
2021-03-30,142,67,75
2021-03-30,125,61,64
2021-03-30,119,40,79
2021-03-30,87,41,46
2021-03-30,70,30,40
2021-03-30,86,30,56
2021-03-30,159,69,90
2021-03-30,129,58,71
2021-03-30,63,24,39
2021-03-30,17,10,7
2021-03-30,2,1,1
2021-03-30,2,1,1
2021-03-30,0,0,0
2021-03-30,1,0,1
2021-03-30,2,0,2
2021-03-29,11,3,8
2021-03-29,16,7,9
2021-03-29,13,5,8
2021-03-29,47,13,34
2021-03-29,120,59,61
2021-03-29,211,75,136
2021-03-29,280,103,177
2021-03-29,184,76,108
2021-03-29,147,70,77
2021-03-29,102,33,69
2021-03-29,97,41,56
2021-03-29,81,41,40
2021-03-29,72,25,47
2021-03-29,81,36,45
2021-03-29,97,30,67
2021-03-29,137,46,91
2021-03-29,90,40,50
2021-03-29,58,20,38
2021-03-29,14,6,8
2021-03-29,7,3,4
2021-03-29,0,0,0
2021-03-29,0,0,0
2021-03-29,1,0,1
2021-03-29,2,0,2
2021-03-28,3,2,1
2021-03-28,6,3,3
2021-03-28,9,3,6
2021-03-28,20,5,15
2021-03-28,28,9,19
2021-03-28,30,15,15
2021-03-28,30,12,18
2021-03-28,22,8,14
2021-03-28,12,4,8
2021-03-28,6,4,2
2021-03-28,13,7,6
2021-03-28,31,16,15
2021-03-28,29,21,8
2021-03-28,35,19,16
2021-03-28,37,22,15
2021-03-28,23,15,8
2021-03-28,19,9,10
2021-03-28,13,5,8
2021-03-28,6,3,3
2021-03-28,3,1,2
2021-03-28,2,1,1
2021-03-28,1,0,1
2021-03-28,1,0,1
2021-03-28,10,5,5
2021-03-27,11,6,5
2021-03-27,15,8,7
2021-03-27,22,6,16
2021-03-27,48,23,25
2021-03-27,84,44,40
2021-03-27,161,69,92
2021-03-27,200,80,120
2021-03-27,295,124,171
2021-03-27,353,172,181
2021-03-27,304,147,157
2021-03-27,254,110,144
2021-03-27,218,102,116
2021-03-27,203,90,113
2021-03-27,155,57,98
2021-03-27,127,56,71
2021-03-27,65,34,31
2021-03-27,41,12,29
2021-03-27,15,4,11
2021-03-27,10,5,5
2021-03-27,5,2,3
2021-03-27,1,0,1
2021-03-27,0,0,0
2021-03-27,0,0,0
2021-03-27,11,7,4
2021-03-26,20,8,12
2021-03-26,22,7,15
2021-03-26,28,13,15
2021-03-26,37,10,27
2021-03-26,94,31,63
2021-03-26,187,75,112
2021-03-26,223,81,142
2021-03-26,190,79,111
2021-03-26,132,61,71
2021-03-26,101,52,49
2021-03-26,97,46,51
2021-03-26,112,49,63
2021-03-26,70,31,39
2021-03-26,62,28,34
2021-03-26,86,38,48
2021-03-26,126,39,87
2021-03-26,110,49,61
2021-03-26,49,15,34
2021-03-26,20,6,14
2021-03-26,4,2,2
2021-03-26,2,1,1
2021-03-26,1,0,1
2021-03-26,4,2,2
2021-03-26,4,1,3
2021-03-25,11,4,7
2021-03-25,14,4,10
2021-03-25,32,12,20
2021-03-25,49,26,23
2021-03-25,123,58,65
2021-03-25,225,88,137
2021-03-25,278,108,170
2021-03-25,217,92,125
2021-03-25,126,50,76
2021-03-25,83,36,47
2021-03-25,74,28,46
2021-03-25,59,35,24
2021-03-25,44,20,24
2021-03-25,44,18,26
2021-03-25,73,20,53
2021-03-25,98,33,65
2021-03-25,76,32,44
2021-03-25,34,10,24
2021-03-25,17,8,9
2021-03-25,3,0,3
2021-03-25,1,0,1
2021-03-25,2,1,1
2021-03-25,0,0,0
2021-03-25,0,0,0
2021-03-24,7,2,5
2021-03-24,10,4,6
2021-03-24,13,4,9
2021-03-24,26,12,14
2021-03-24,48,11,37
2021-03-24,60,24,36
2021-03-24,96,32,64
2021-03-24,80,35,45
2021-03-24,60,27,33
2021-03-24,50,20,30
2021-03-24,49,23,26
2021-03-24,62,25,37
2021-03-24,23,5,18
2021-03-24,34,15,19
2021-03-24,52,21,31
2021-03-24,98,42,56
2021-03-24,71,29,42
2021-03-24,43,14,29
2021-03-24,14,8,6
2021-03-24,1,0,1
2021-03-24,0,0,0
2021-03-24,0,0,0
2021-03-24,3,2,1
2021-03-24,4,1,3
2021-03-23,7,4,3
2021-03-23,16,3,13
2021-03-23,24,15,9
2021-03-23,54,29,25
2021-03-23,132,47,85
2021-03-23,220,91,129
2021-03-23,299,103,196
2021-03-23,254,92,162
2021-03-23,194,83,111
2021-03-23,144,41,103
2021-03-23,102,48,54
2021-03-23,99,45,54
2021-03-23,79,27,52
2021-03-23,91,38,53
2021-03-23,113,39,74
2021-03-23,140,57,83
2021-03-23,125,53,72
2021-03-23,53,17,36
2021-03-23,15,8,7
2021-03-23,2,2,0
2021-03-23,0,0,0
2021-03-23,2,2,0
2021-03-23,3,1,2
2021-03-23,2,1,1
2021-03-22,4,2,2
2021-03-22,14,3,11
2021-03-22,13,6,7
2021-03-22,44,15,29
2021-03-22,107,38,69
2021-03-22,155,65,90
2021-03-22,197,72,125
2021-03-22,120,50,70
2021-03-22,59,23,36
2021-03-22,41,22,19
2021-03-22,66,28,38
2021-03-22,59,26,33
2021-03-22,62,26,36
2021-03-22,34,16,18
2021-03-22,55,22,33
2021-03-22,80,29,51
2021-03-22,76,28,48
2021-03-22,36,14,22
2021-03-22,11,6,5
2021-03-22,3,2,1
2021-03-22,0,0,0
2021-03-22,1,0,1
2021-03-22,1,0,1
2021-03-22,4,1,3
2021-03-21,3,1,2
2021-03-21,6,5,1
2021-03-21,9,6,3
2021-03-21,14,5,9
2021-03-21,23,10,13
2021-03-21,27,13,14
2021-03-21,40,20,20
2021-03-21,48,27,21
2021-03-21,87,50,37
2021-03-21,54,24,30
2021-03-21,76,44,32
2021-03-21,54,24,30
2021-03-21,49,28,21
2021-03-21,84,41,43
2021-03-21,62,29,33
2021-03-21,43,15,28
2021-03-21,24,5,19
2021-03-21,13,2,11
2021-03-21,3,1,2
2021-03-21,1,1,0
2021-03-21,1,1,0
2021-03-21,2,0,2
2021-03-21,1,1,0
2021-03-21,3,0,3
2021-03-20,14,7,7
2021-03-20,6,2,4
2021-03-20,7,4,3
2021-03-20,25,9,16
2021-03-20,27,9,18
2021-03-20,36,12,24
2021-03-20,100,52,48
2021-03-20,148,74,74
2021-03-20,139,62,77
2021-03-20,142,59,83
2021-03-20,106,51,55
2021-03-20,103,50,53
2021-03-20,91,36,55
2021-03-20,59,26,33
2021-03-20,55,22,33
2021-03-20,38,12,26
2021-03-20,21,11,10
2021-03-20,8,2,6
2021-03-20,7,4,3
2021-03-20,0,0,0
2021-03-20,5,5,0
2021-03-20,0,0,0
2021-03-20,0,0,0
2021-03-20,5,2,3
2021-03-19,12,3,9
2021-03-19,14,6,8
2021-03-19,13,7,6
2021-03-19,20,7,13
2021-03-19,41,18,23
2021-03-19,79,31,48
2021-03-19,161,52,109
2021-03-19,128,52,76
2021-03-19,144,64,80
2021-03-19,102,48,54
2021-03-19,109,43,66
2021-03-19,87,37,50
2021-03-19,60,26,34
2021-03-19,46,17,29
2021-03-19,71,24,47
2021-03-19,87,33,54
2021-03-19,80,38,42
2021-03-19,38,12,26
2021-03-19,8,2,6
2021-03-19,5,2,3
2021-03-19,0,0,0
2021-03-19,0,0,0
2021-03-19,1,0,1
2021-03-19,4,2,2
2021-03-18,2,1,1
2021-03-18,11,5,6
2021-03-18,15,7,8
2021-03-18,30,8,22
2021-03-18,45,18,27
2021-03-18,71,36,35
2021-03-18,112,27,85
2021-03-18,67,25,42
2021-03-18,63,22,41
2021-03-18,43,21,22
2021-03-18,37,17,20
2021-03-18,35,25,10
2021-03-18,23,12,11
2021-03-18,56,17,39
2021-03-18,66,24,42
2021-03-18,109,40,69
2021-03-18,86,36,50
2021-03-18,42,15,27
2021-03-18,15,8,7
2021-03-18,7,3,4
2021-03-18,1,1,0
2021-03-18,1,0,1
2021-03-18,2,1,1
2021-03-18,4,3,1
2021-03-17,13,1,12
2021-03-17,20,5,15
2021-03-17,32,10,22
2021-03-17,46,23,23
2021-03-17,135,55,80
2021-03-17,232,111,121
2021-03-17,356,127,229
2021-03-17,246,99,147
2021-03-17,161,83,78
2021-03-17,117,61,56
2021-03-17,117,52,65
2021-03-17,110,60,50
2021-03-17,68,25,43
2021-03-17,72,25,47
2021-03-17,87,28,59
2021-03-17,138,43,95
2021-03-17,111,53,58
2021-03-17,37,12,25
2021-03-17,14,8,6
2021-03-17,4,2,2
2021-03-17,0,0,0
2021-03-17,1,1,0
2021-03-17,0,0,0
2021-03-17,2,1,1
2021-03-16,7,2,5
2021-03-16,14,5,9
2021-03-16,32,11,21
2021-03-16,56,23,33
2021-03-16,106,45,61
2021-03-16,221,85,136
2021-03-16,287,126,161
2021-03-16,259,110,149
2021-03-16,169,63,106
2021-03-16,125,53,72
2021-03-16,98,46,52
2021-03-16,110,46,64
2021-03-16,86,31,55
2021-03-16,75,34,41
2021-03-16,90,33,57
2021-03-16,118,45,73
2021-03-16,107,52,55
2021-03-16,61,18,43
2021-03-16,16,8,8
2021-03-16,3,2,1
2021-03-16,0,0,0
2021-03-16,1,1,0
2021-03-16,2,0,2
2021-03-16,1,0,1
2021-03-15,6,3,3
2021-03-15,7,6,1
2021-03-15,20,5,15
2021-03-15,45,25,20
2021-03-15,92,35,57
2021-03-15,148,59,89
2021-03-15,256,99,157
2021-03-15,178,79,99
2021-03-15,109,41,68
2021-03-15,90,30,60
2021-03-15,64,32,32
2021-03-15,50,19,31
2021-03-15,41,17,24
2021-03-15,66,28,38
2021-03-15,64,24,40
2021-03-15,101,31,70
2021-03-15,90,40,50
2021-03-15,42,12,30
2021-03-15,13,7,6
2021-03-15,5,1,4
2021-03-15,0,0,0
2021-03-15,0,0,0
2021-03-15,0,0,0
2021-03-15,2,1,1
2021-03-14,1,1,0
2021-03-14,5,3,2
2021-03-14,7,7,0
2021-03-14,8,6,2
2021-03-14,16,11,5
2021-03-14,19,9,10
2021-03-14,13,4,9
2021-03-14,35,22,13
2021-03-14,40,14,26
2021-03-14,23,12,11
2021-03-14,24,12,12
2021-03-14,31,14,17
2021-03-14,29,11,18
2021-03-14,60,28,32
2021-03-14,54,20,34
2021-03-14,47,25,22
2021-03-14,12,6,6
2021-03-14,8,2,6
2021-03-14,3,1,2
2021-03-14,1,1,0
2021-03-14,4,1,3
2021-03-14,,,
2021-03-14,3,1,2
2021-03-14,4,1,3
2021-03-13,15,8,7
2021-03-13,25,6,19
2021-03-13,30,17,13
2021-03-13,36,13,23
2021-03-13,50,23,27
2021-03-13,146,58,88
2021-03-13,212,89,123
2021-03-13,348,149,199
2021-03-13,350,165,185
2021-03-13,405,166,239
2021-03-13,313,130,183
2021-03-13,290,125,165
2021-03-13,316,158,158
2021-03-13,167,78,89
2021-03-13,133,64,69
2021-03-13,65,35,30
2021-03-13,56,27,29
2021-03-13,16,6,10
2021-03-13,5,2,3
2021-03-13,2,1,1
2021-03-13,0,0,0
2021-03-13,1,1,0
2021-03-13,2,0,2
2021-03-13,5,4,1
2021-03-12,14,6,8
2021-03-12,18,7,11
2021-03-12,30,11,19
2021-03-12,47,22,25
2021-03-12,86,35,51
2021-03-12,162,67,95
2021-03-12,318,142,176
2021-03-12,295,136,159
2021-03-12,194,93,101
2021-03-12,179,82,97
2021-03-12,133,57,76
2021-03-12,96,51,45
2021-03-12,129,59,70
2021-03-12,71,26,45
2021-03-12,117,44,73
2021-03-12,142,59,83
2021-03-12,123,63,60
2021-03-12,57,27,30
2021-03-12,18,10,8
2021-03-12,3,2,1
2021-03-12,0,0,0
2021-03-12,0,0,0
2021-03-12,4,0,4
2021-03-12,5,1,4
2021-03-11,13,6,7
2021-03-11,22,11,11
2021-03-11,33,9,24
2021-03-11,51,17,34
2021-03-11,64,27,37
2021-03-11,171,67,104
2021-03-11,283,107,176
2021-03-11,262,100,162
2021-03-11,191,83,108
2021-03-11,156,68,88
2021-03-11,138,60,78
2021-03-11,107,48,59
2021-03-11,98,45,53
2021-03-11,78,33,45
2021-03-11,86,26,60
2021-03-11,149,52,97
2021-03-11,122,56,66
2021-03-11,62,21,41
2021-03-11,15,9,6
2021-03-11,9,3,6
2021-03-11,0,0,0
2021-03-11,0,0,0
2021-03-11,0,0,0
2021-03-11,4,2,2
2021-03-10,9,2,7
2021-03-10,13,2,11
2021-03-10,18,7,11
2021-03-10,35,15,20
2021-03-10,60,31,29
2021-03-10,169,51,118
2021-03-10,282,105,177
2021-03-10,275,109,166
2021-03-10,180,88,92
2021-03-10,140,59,81
2021-03-10,111,47,64
2021-03-10,117,54,63
2021-03-10,92,43,49
2021-03-10,110,44,66
2021-03-10,87,26,61
2021-03-10,140,59,81
2021-03-10,126,56,70
2021-03-10,49,20,29
2021-03-10,14,7,7
2021-03-10,7,5,2
2021-03-10,1,1,0
2021-03-10,0,0,0
2021-03-10,0,0,0
2021-03-10,2,1,1
2021-03-09,10,7,3
2021-03-09,9,3,6
2021-03-09,22,9,13
2021-03-09,39,16,23
2021-03-09,55,16,39
2021-03-09,136,55,81
2021-03-09,221,81,140
2021-03-09,206,79,127
2021-03-09,139,58,81
2021-03-09,98,37,61
2021-03-09,86,45,41
2021-03-09,70,30,40
2021-03-09,59,19,40
2021-03-09,45,17,28
2021-03-09,75,24,51
2021-03-09,143,51,92
2021-03-09,117,60,57
2021-03-09,57,23,34
2021-03-09,20,13,7
2021-03-09,5,3,2
2021-03-09,2,1,1
2021-03-09,1,0,1
2021-03-09,3,0,3
2021-03-09,5,3,2
2021-03-08,7,3,4
2021-03-08,8,2,6
2021-03-08,25,11,14
2021-03-08,27,16,11
2021-03-08,55,15,40
2021-03-08,104,36,68
2021-03-08,222,68,154
2021-03-08,176,79,97
2021-03-08,157,77,80
2021-03-08,98,43,55
2021-03-08,131,55,76
2021-03-08,107,56,51
2021-03-08,73,36,37
2021-03-08,60,28,32
2021-03-08,82,21,61
2021-03-08,100,35,65
2021-03-08,94,44,50
2021-03-08,39,19,20
2021-03-08,15,7,8
2021-03-08,4,1,3
2021-03-08,1,1,0
2021-03-08,1,1,0
2021-03-08,0,0,0
2021-03-08,2,1,1
2021-03-07,0,0,0
2021-03-07,4,3,1
2021-03-07,9,6,3
2021-03-07,16,8,8
2021-03-07,16,8,8
2021-03-07,22,7,15
2021-03-07,37,13,24
2021-03-07,61,33,28
2021-03-07,100,51,49
2021-03-07,87,39,48
2021-03-07,68,43,25
2021-03-07,41,17,24
2021-03-07,66,25,41
2021-03-07,62,26,36
2021-03-07,37,14,23
2021-03-07,33,15,18
2021-03-07,14,8,6
2021-03-07,7,0,7
2021-03-07,4,2,2
2021-03-07,0,0,0
2021-03-07,0,0,0
2021-03-07,0,0,0
2021-03-07,2,0,2
2021-03-07,4,1,3
2021-03-06,14,5,9
2021-03-06,7,4,3
2021-03-06,13,7,6
2021-03-06,23,5,18
2021-03-06,37,14,23
2021-03-06,52,19,33
2021-03-06,74,33,41
2021-03-06,133,63,70
2021-03-06,166,91,75
2021-03-06,234,105,129
2021-03-06,253,103,150
2021-03-06,217,102,115
2021-03-06,178,80,98
2021-03-06,149,73,76
2021-03-06,116,57,59
2021-03-06,64,28,36
2021-03-06,28,11,17
2021-03-06,15,3,12
2021-03-06,4,2,2
2021-03-06,0,0,0
2021-03-06,2,1,1
2021-03-06,1,0,1
2021-03-06,1,1,0
2021-03-06,5,3,2
2021-03-05,13,7,6
2021-03-05,8,3,5
2021-03-05,22,10,12
2021-03-05,24,9,15
2021-03-05,35,13,22
2021-03-05,68,28,40
2021-03-05,118,48,70
2021-03-05,91,39,52
2021-03-05,78,34,44
2021-03-05,48,17,31
2021-03-05,36,12,24
2021-03-05,23,11,12
2021-03-05,23,10,13
2021-03-05,30,15,15
2021-03-05,46,14,32
2021-03-05,74,29,45
2021-03-05,75,31,44
2021-03-05,23,8,15
2021-03-05,17,6,11
2021-03-05,2,0,2
2021-03-05,0,0,0
2021-03-05,0,0,0
2021-03-05,0,0,0
2021-03-05,3,0,3
2021-03-04,7,2,5
2021-03-04,7,1,6
2021-03-04,12,4,8
2021-03-04,32,9,23
2021-03-04,32,13,19
2021-03-04,61,21,40
2021-03-04,117,35,82
2021-03-04,76,24,52
2021-03-04,57,26,31
2021-03-04,48,22,26
2021-03-04,73,40,33
2021-03-04,102,42,60
2021-03-04,77,40,37
2021-03-04,61,20,41
2021-03-04,53,18,35
2021-03-04,130,46,84
2021-03-04,103,46,57
2021-03-04,43,16,27
2021-03-04,19,13,6
2021-03-04,5,3,2
2021-03-04,0,0,0
2021-03-04,1,1,0
2021-03-04,1,1,0
2021-03-04,5,0,5
2021-03-03,10,4,6
2021-03-03,12,7,5
2021-03-03,27,13,14
2021-03-03,36,15,21
2021-03-03,71,26,45
2021-03-03,209,93,116
2021-03-03,314,121,193
2021-03-03,305,135,170
2021-03-03,226,100,126
2021-03-03,180,76,104
2021-03-03,141,70,71
2021-03-03,131,48,83
2021-03-03,127,50,77
2021-03-03,86,34,52
2021-03-03,102,39,63
2021-03-03,144,51,93
2021-03-03,113,54,59
2021-03-03,48,21,27
2021-03-03,17,8,9
2021-03-03,5,2,3
2021-03-03,0,0,0
2021-03-03,0,0,0
2021-03-03,1,0,1
2021-03-03,2,0,2
2021-03-02,3,1,2
2021-03-02,15,3,12
2021-03-02,23,8,15
2021-03-02,31,14,17
2021-03-02,60,16,44
2021-03-02,116,37,79
2021-03-02,235,79,156
2021-03-02,160,66,94
2021-03-02,107,50,57
2021-03-02,81,31,50
2021-03-02,66,34,32
2021-03-02,44,23,21
2021-03-02,47,25,22
2021-03-02,43,14,29
2021-03-02,77,28,49
2021-03-02,126,51,75
2021-03-02,105,45,60
2021-03-02,44,15,29
2021-03-02,19,9,10
2021-03-02,2,1,1
2021-03-02,1,1,0
2021-03-02,2,1,1
2021-03-02,1,1,0
2021-03-02,0,0,0
2021-03-01,6,3,3
2021-03-01,7,3,4
2021-03-01,22,6,16
2021-03-01,28,12,16
2021-03-01,61,23,38
2021-03-01,115,43,72
2021-03-01,225,84,141
2021-03-01,198,81,117
2021-03-01,171,73,98
2021-03-01,105,49,56
2021-03-01,89,43,46
2021-03-01,68,35,33
2021-03-01,69,29,40
2021-03-01,48,21,27
2021-03-01,72,21,51
2021-03-01,130,47,83
2021-03-01,104,41,63
2021-03-01,40,17,23
2021-03-01,16,9,7
2021-03-01,6,1,5
2021-03-01,1,1,0
2021-03-01,0,0,0
2021-03-01,0,0,0
2021-03-01,0,0,0
2021-02-28,5,3,2
2021-02-28,8,4,4
2021-02-28,18,10,8
2021-02-28,21,13,8
2021-02-28,17,3,14
2021-02-28,45,18,27
2021-02-28,98,42,56
2021-02-28,178,84,94
2021-02-28,190,99,91
2021-02-28,177,93,84
2021-02-28,176,90,86
2021-02-28,137,66,71
2021-02-28,161,88,73
2021-02-28,105,53,52
2021-02-28,65,24,41
2021-02-28,42,15,27
2021-02-28,30,17,13
2021-02-28,6,1,5
2021-02-28,6,4,2
2021-02-28,1,1,0
2021-02-28,1,1,0
2021-02-28,1,1,0
2021-02-28,3,0,3
2021-02-28,5,2,3
2021-02-27,16,9,7
2021-02-27,4,2,2
2021-02-27,12,5,7
2021-02-27,27,18,9
2021-02-27,39,10,29
2021-02-27,91,41,50
2021-02-27,148,54,94
2021-02-27,225,113,112
2021-02-27,259,132,127
2021-02-27,260,154,106
2021-02-27,258,126,132
2021-02-27,222,107,115
2021-02-27,219,111,108
2021-02-27,139,47,92
2021-02-27,86,32,54
2021-02-27,73,34,39
2021-02-27,30,17,13
2021-02-27,14,6,8
2021-02-27,7,3,4
2021-02-27,1,0,1
2021-02-27,0,0,0
2021-02-27,1,0,1
2021-02-27,2,1,1
2021-02-27,3,0,3
2021-02-26,6,3,3
2021-02-26,10,6,4
2021-02-26,11,5,6
2021-02-26,23,8,15
2021-02-26,65,23,42
2021-02-26,95,39,56
2021-02-26,147,48,99
2021-02-26,153,65,88
2021-02-26,115,61,54
2021-02-26,128,51,77
2021-02-26,133,56,77
2021-02-26,97,51,46
2021-02-26,80,44,36
2021-02-26,54,16,38
2021-02-26,73,28,45
2021-02-26,91,37,54
2021-02-26,69,25,44
2021-02-26,50,21,29
2021-02-26,12,6,6
2021-02-26,3,1,2
2021-02-26,1,1,0
2021-02-26,2,0,2
2021-02-26,0,0,0
2021-02-26,4,0,4
2021-02-25,12,7,5
2021-02-25,17,9,8
2021-02-25,15,11,4
2021-02-25,19,8,11
2021-02-25,53,21,32
2021-02-25,82,25,57
2021-02-25,138,50,88
2021-02-25,79,27,52
2021-02-25,55,21,34
2021-02-25,52,21,31
2021-02-25,60,28,32
2021-02-25,52,30,22
2021-02-25,34,14,20
2021-02-25,42,17,25
2021-02-25,54,17,37
2021-02-25,96,33,63
2021-02-25,82,37,45
2021-02-25,25,6,19
2021-02-25,9,4,5
2021-02-25,4,3,1
2021-02-25,1,1,0
2021-02-25,0,0,0
2021-02-25,2,2,0
2021-02-25,5,0,5
2021-02-24,6,2,4
2021-02-24,17,6,11
2021-02-24,23,7,16
2021-02-24,48,12,36
2021-02-24,46,15,31
2021-02-24,119,48,71
2021-02-24,243,91,152
2021-02-24,171,70,101
2021-02-24,131,58,73
2021-02-24,112,48,64
2021-02-24,90,27,63
2021-02-24,93,38,55
2021-02-24,64,31,33
2021-02-24,60,25,35
2021-02-24,80,19,61
2021-02-24,109,41,68
2021-02-24,100,47,53
2021-02-24,39,12,27
2021-02-24,13,6,7
2021-02-24,4,1,3
2021-02-24,0,0,0
2021-02-24,0,0,0
2021-02-24,2,1,1
2021-02-24,2,1,1
2021-02-23,9,4,5
2021-02-23,9,3,6
2021-02-23,9,3,6
2021-02-23,15,8,7
2021-02-23,39,10,29
2021-02-23,88,25,63
2021-02-23,159,61,98
2021-02-23,150,52,98
2021-02-23,114,49,65
2021-02-23,76,33,43
2021-02-23,97,45,52
2021-02-23,93,53,40
2021-02-23,68,36,32
2021-02-23,68,35,33
2021-02-23,67,22,45
2021-02-23,111,37,74
2021-02-23,91,44,47
2021-02-23,38,6,32
2021-02-23,18,11,7
2021-02-23,0,0,0
2021-02-23,0,0,0
2021-02-23,0,0,0
2021-02-23,2,2,0
2021-02-23,2,0,2
2021-02-22,4,1,3
2021-02-22,13,5,8
2021-02-22,17,8,9
2021-02-22,22,5,17
2021-02-22,37,14,23
2021-02-22,103,35,68
2021-02-22,159,61,98
2021-02-22,108,39,69
2021-02-22,86,37,49
2021-02-22,42,14,28
2021-02-22,29,14,15
2021-02-22,16,8,8
2021-02-22,37,10,27
2021-02-22,26,7,19
2021-02-22,37,11,26
2021-02-22,80,29,51
2021-02-22,89,42,47
2021-02-22,33,10,23
2021-02-22,14,7,7
2021-02-22,3,2,1
2021-02-22,0,0,0
2021-02-22,0,0,0
2021-02-22,0,0,0
2021-02-22,1,1,0
2021-02-21,2,2,0
2021-02-21,6,1,5
2021-02-21,6,5,1
2021-02-21,8,4,4
2021-02-21,13,5,8
2021-02-21,39,16,23
2021-02-21,60,34,26
2021-02-21,103,53,50
2021-02-21,119,60,59
2021-02-21,164,72,92
2021-02-21,138,50,88
2021-02-21,105,50,55
2021-02-21,79,49,30
2021-02-21,42,21,21
2021-02-21,35,13,22
2021-02-21,30,12,18
2021-02-21,18,9,9
2021-02-21,7,3,4
2021-02-21,5,3,2
2021-02-21,2,1,1
2021-02-21,2,2,0
2021-02-21,3,2,1
2021-02-21,5,0,5
2021-02-21,5,1,4
2021-02-20,7,2,5
2021-02-20,7,4,3
2021-02-20,13,4,9
2021-02-20,9,6,3
2021-02-20,23,12,11
2021-02-20,65,32,33
2021-02-20,82,43,39
2021-02-20,162,72,90
2021-02-20,275,136,139
2021-02-20,250,122,128
2021-02-20,286,134,152
2021-02-20,202,102,100
2021-02-20,149,81,68
2021-02-20,112,53,59
2021-02-20,81,38,43
2021-02-20,32,16,16
2021-02-20,20,12,8
2021-02-20,13,7,6
2021-02-20,5,2,3
2021-02-20,0,0,0
2021-02-20,4,4,0
2021-02-20,2,2,0
2021-02-20,3,1,2
2021-02-20,5,2,3
2021-02-19,12,3,9
2021-02-19,16,5,11
2021-02-19,16,9,7
2021-02-19,21,7,14
2021-02-19,28,11,17
2021-02-19,67,26,41
2021-02-19,115,35,80
2021-02-19,115,46,69
2021-02-19,88,39,49
2021-02-19,97,40,57
2021-02-19,91,48,43
2021-02-19,81,46,35
2021-02-19,50,20,30
2021-02-19,40,19,21
2021-02-19,73,23,50
2021-02-19,82,32,50
2021-02-19,69,27,42
2021-02-19,38,16,22
2021-02-19,12,8,4
2021-02-19,3,2,1
2021-02-19,1,0,1
2021-02-19,0,0,0
2021-02-19,1,0,1
2021-02-19,2,1,1
2021-02-18,6,2,4
2021-02-18,9,4,5
2021-02-18,11,6,5
2021-02-18,22,7,15
2021-02-18,24,7,17
2021-02-18,57,19,38
2021-02-18,111,32,79
2021-02-18,82,26,56
2021-02-18,35,12,23
2021-02-18,33,11,22
2021-02-18,29,14,15
2021-02-18,24,12,12
2021-02-18,33,15,18
2021-02-18,30,11,19
2021-02-18,52,14,38
2021-02-18,85,25,60
2021-02-18,70,32,38
2021-02-18,39,12,27
2021-02-18,13,5,8
2021-02-18,3,1,2
2021-02-18,0,0,0
2021-02-18,0,0,0
2021-02-18,2,2,0
2021-02-18,3,0,3
2021-02-17,8,2,6
2021-02-17,13,5,8
2021-02-17,18,9,9
2021-02-17,23,8,15
2021-02-17,48,15,33
2021-02-17,95,34,61
2021-02-17,167,66,101
2021-02-17,152,58,94
2021-02-17,127,50,77
2021-02-17,96,34,62
2021-02-17,90,37,53
2021-02-17,72,38,34
2021-02-17,52,26,26
2021-02-17,43,14,29
2021-02-17,60,16,44
2021-02-17,66,25,41
2021-02-17,78,37,41
2021-02-17,31,12,19
2021-02-17,15,7,8
2021-02-17,1,0,1
2021-02-17,2,2,0
2021-02-17,0,0,0
2021-02-17,0,0,0
2021-02-17,2,1,1
2021-02-16,7,2,5
2021-02-16,6,0,6
2021-02-16,14,5,9
2021-02-16,28,13,15
2021-02-16,35,13,22
2021-02-16,60,20,40
2021-02-16,89,32,57
2021-02-16,80,38,42
2021-02-16,65,24,41
2021-02-16,39,19,20
2021-02-16,41,17,24
2021-02-16,34,15,19
2021-02-16,22,9,13
2021-02-16,18,7,11
2021-02-16,27,10,17
2021-02-16,46,6,40
2021-02-16,31,16,15
2021-02-16,20,8,12
2021-02-16,5,2,3
2021-02-16,0,0,0
2021-02-16,0,0,0
2021-02-16,0,0,0
2021-02-16,0,0,0
2021-02-16,1,0,1
2021-02-15,2,1,1
2021-02-15,2,0,2
2021-02-15,3,0,3
2021-02-15,6,2,4
2021-02-15,6,1,5
2021-02-15,5,1,4
2021-02-15,10,4,6
2021-02-15,11,4,7
2021-02-15,8,4,4
2021-02-15,10,3,7
2021-02-15,7,5,2
2021-02-15,2,1,1
2021-02-15,1,1,0
2021-02-15,16,0,16
2021-02-15,3,1,2
2021-02-15,2,0,2
2021-02-15,2,1,1
2021-02-15,3,1,2
2021-02-15,1,0,1
2021-02-15,4,0,4
2021-02-15,0,0,0
2021-02-15,0,0,0
2021-02-15,1,0,1
2021-02-15,1,0,1
2021-02-14,0,0,0
2021-02-14,0,0,0
2021-02-14,0,0,0
2021-02-14,0,0,0
2021-02-14,0,0,0
2021-02-14,0,0,0
2021-02-14,0,0,0
2021-02-14,2,2,0
2021-02-14,2,1,1
2021-02-14,0,0,0
2021-02-14,1,1,0
2021-02-14,2,2,0
2021-02-14,3,2,1
2021-02-14,0,0,0
2021-02-14,0,0,0
2021-02-14,0,0,0
2021-02-14,0,0,0
2021-02-14,0,0,0
2021-02-14,0,0,0
2021-02-14,0,0,0
2021-02-14,0,0,0
2021-02-14,0,0,0
2021-02-14,0,0,0
2021-02-14,1,1,0
2021-02-13,0,0,0
2021-02-13,0,0,0
2021-02-13,0,0,0
2021-02-13,0,0,0
2021-02-13,0,0,0
2021-02-13,1,1,0
2021-02-13,6,3,3
2021-02-13,3,1,2
2021-02-13,4,1,3
2021-02-13,2,1,1
2021-02-13,4,3,1
2021-02-13,3,0,3
2021-02-13,2,1,1
2021-02-13,3,1,2
2021-02-13,2,2,0
2021-02-13,3,2,1
2021-02-13,0,0,0
2021-02-13,0,0,0
2021-02-13,5,0,5
2021-02-13,0,0,0
2021-02-13,1,1,0
2021-02-13,0,0,0
2021-02-13,2,0,2
2021-02-13,1,1,0
2021-02-12,2,0,2
2021-02-12,2,1,1
2021-02-12,5,1,4
2021-02-12,9,2,7
2021-02-12,15,8,7
2021-02-12,31,9,22
2021-02-12,50,17,33
2021-02-12,46,18,28
2021-02-12,29,10,19
2021-02-12,24,8,16
2021-02-12,19,9,10
2021-02-12,10,4,6
2021-02-12,15,4,11
2021-02-12,21,6,15
2021-02-12,14,2,12
2021-02-12,32,10,22
2021-02-12,30,14,16
2021-02-12,5,0,5
2021-02-12,9,6,3
2021-02-12,5,2,3
2021-02-12,1,0,1
2021-02-12,0,0,0
2021-02-12,0,0,0
2021-02-12,1,1,0
2021-02-11,1,1,0
2021-02-11,5,1,4
2021-02-11,2,0,2
2021-02-11,13,6,7
2021-02-11,20,9,11
2021-02-11,42,19,23
2021-02-11,93,31,62
2021-02-11,66,21,45
2021-02-11,46,18,28
2021-02-11,44,18,26
2021-02-11,32,17,15
2021-02-11,42,24,18
2021-02-11,37,14,23
2021-02-11,33,10,23
2021-02-11,47,19,28
2021-02-11,82,27,55
2021-02-11,58,26,32
2021-02-11,32,13,19
2021-02-11,10,4,6
2021-02-11,6,3,3
2021-02-11,1,1,0
2021-02-11,0,0,0
2021-02-11,1,1,0
2021-02-11,2,1,1
2021-02-10,6,4,2
2021-02-10,6,2,4
2021-02-10,17,7,10
2021-02-10,16,5,11
2021-02-10,33,12,21
2021-02-10,67,28,39
2021-02-10,139,49,90
2021-02-10,138,57,81
2021-02-10,136,55,81
2021-02-10,89,37,52
2021-02-10,77,34,43
2021-02-10,69,35,34
2021-02-10,46,20,26
2021-02-10,55,20,35
2021-02-10,66,21,45
2021-02-10,79,29,50
2021-02-10,71,30,41
2021-02-10,37,14,23
2021-02-10,12,6,6
2021-02-10,2,0,2
2021-02-10,0,0,0
2021-02-10,3,3,0
2021-02-10,1,0,1
2021-02-10,2,0,2
2021-02-09,12,5,7
2021-02-09,6,3,3
2021-02-09,25,5,20
2021-02-09,22,9,13
2021-02-09,52,21,31
2021-02-09,95,31,64
2021-02-09,161,62,99
2021-02-09,183,78,105
2021-02-09,136,70,66
2021-02-09,111,52,59
2021-02-09,101,48,53
2021-02-09,69,34,35
2021-02-09,52,21,31
2021-02-09,49,23,26
2021-02-09,63,21,42
2021-02-09,99,43,56
2021-02-09,84,41,43
2021-02-09,47,19,28
2021-02-09,16,9,7
2021-02-09,1,0,1
2021-02-09,0,0,0
2021-02-09,0,0,0
2021-02-09,2,1,1
2021-02-09,4,1,3
2021-02-08,3,2,1
2021-02-08,9,3,6
2021-02-08,16,8,8
2021-02-08,13,2,11
2021-02-08,37,16,21
2021-02-08,87,31,56
2021-02-08,152,51,101
2021-02-08,134,53,81
2021-02-08,112,55,57
2021-02-08,72,28,44
2021-02-08,55,23,32
2021-02-08,47,21,26
2021-02-08,43,11,32
2021-02-08,36,16,20
2021-02-08,61,16,45
2021-02-08,88,32,56
2021-02-08,82,41,41
2021-02-08,44,21,23
2021-02-08,18,11,7
2021-02-08,3,0,3
2021-02-08,0,0,0
2021-02-08,1,0,1
2021-02-08,1,0,1
2021-02-08,5,2,3
2021-02-07,4,3,1
2021-02-07,7,6,1
2021-02-07,11,3,8
2021-02-07,6,4,2
2021-02-07,13,4,9
2021-02-07,26,12,14
2021-02-07,41,21,20
2021-02-07,64,25,39
2021-02-07,115,52,63
2021-02-07,190,90,100
2021-02-07,265,135,130
2021-02-07,250,117,133
2021-02-07,223,112,111
2021-02-07,141,74,67
2021-02-07,67,26,41
2021-02-07,44,22,22
2021-02-07,27,12,15
2021-02-07,10,5,5
2021-02-07,4,3,1
2021-02-07,3,1,2
2021-02-07,0,0,0
2021-02-07,1,0,1
2021-02-07,10,7,3
2021-02-07,11,5,6
2021-02-06,7,4,3
2021-02-06,12,5,7
2021-02-06,17,5,12
2021-02-06,17,9,8
2021-02-06,12,6,6
2021-02-06,44,21,23
2021-02-06,85,36,49
2021-02-06,100,47,53
2021-02-06,96,59,37
2021-02-06,130,48,82
2021-02-06,137,67,70
2021-02-06,133,84,49
2021-02-06,96,42,54
2021-02-06,74,33,41
2021-02-06,59,29,30
2021-02-06,33,13,20
2021-02-06,19,9,10
2021-02-06,16,8,8
2021-02-06,8,2,6
2021-02-06,1,1,0
2021-02-06,0,0,0
2021-02-06,4,3,1
2021-02-06,3,0,3
2021-02-06,13,5,8
2021-02-05,11,5,6
2021-02-05,14,5,9
2021-02-05,19,5,14
2021-02-05,16,9,7
2021-02-05,48,20,28
2021-02-05,82,40,42
2021-02-05,152,61,91
2021-02-05,175,77,98
2021-02-05,101,52,49
2021-02-05,91,34,57
2021-02-05,66,35,31
2021-02-05,55,28,27
2021-02-05,60,32,28
2021-02-05,69,28,41
2021-02-05,66,22,44
2021-02-05,110,49,61
2021-02-05,85,35,50
2021-02-05,39,16,23
2021-02-05,15,5,10
2021-02-05,4,1,3
2021-02-05,1,1,0
2021-02-05,0,0,0
2021-02-05,2,0,2
2021-02-05,32,31,1
2021-02-04,2,0,2
2021-02-04,8,2,6
2021-02-04,13,7,6
2021-02-04,17,8,9
2021-02-04,46,17,29
2021-02-04,80,32,48
2021-02-04,110,37,73
2021-02-04,91,42,49
2021-02-04,63,29,34
2021-02-04,51,19,32
2021-02-04,44,20,24
2021-02-04,32,15,17
2021-02-04,31,12,19
2021-02-04,44,12,32
2021-02-04,44,14,30
2021-02-04,88,36,52
2021-02-04,76,29,47
2021-02-04,40,19,21
2021-02-04,21,11,10
2021-02-04,5,1,4
2021-02-04,1,0,1
2021-02-04,0,0,0
2021-02-04,0,0,0
2021-02-04,4,1,3
2021-02-03,4,2,2
2021-02-03,15,4,11
2021-02-03,27,7,20
2021-02-03,37,12,25
2021-02-03,51,22,29
2021-02-03,92,43,49
2021-02-03,200,58,142
2021-02-03,249,113,136
2021-02-03,180,68,112
2021-02-03,125,56,69
2021-02-03,116,51,65
2021-02-03,102,56,46
2021-02-03,71,25,46
2021-02-03,75,31,44
2021-02-03,96,35,61
2021-02-03,110,45,65
2021-02-03,93,43,50
2021-02-03,54,24,30
2021-02-03,14,8,6
2021-02-03,5,1,4
2021-02-03,0,0,0
2021-02-03,0,0,0
2021-02-03,0,0,0
2021-02-03,2,1,1
2021-02-02,5,3,2
2021-02-02,7,4,3
2021-02-02,13,2,11
2021-02-02,14,4,10
2021-02-02,18,7,11
2021-02-02,65,19,46
2021-02-02,98,36,62
2021-02-02,98,44,54
2021-02-02,65,20,45
2021-02-02,42,18,24
2021-02-02,31,15,16
2021-02-02,39,19,20
2021-02-02,19,8,11
2021-02-02,22,6,16
2021-02-02,60,20,40
2021-02-02,66,25,41
2021-02-02,71,39,32
2021-02-02,34,16,18
2021-02-02,13,6,7
2021-02-02,3,2,1
2021-02-02,0,0,0
2021-02-02,0,0,0
2021-02-02,0,0,0
2021-02-02,3,1,2
2021-02-01,5,2,3
2021-02-01,1,0,1
2021-02-01,9,5,4
2021-02-01,12,3,9
2021-02-01,25,9,16
2021-02-01,51,24,27
2021-02-01,73,25,48
2021-02-01,72,26,46
2021-02-01,38,19,19
2021-02-01,26,10,16
2021-02-01,26,13,13
2021-02-01,35,11,24
2021-02-01,25,9,16
2021-02-01,19,10,9
2021-02-01,44,12,32
2021-02-01,66,20,46
2021-02-01,70,33,37
2021-02-01,45,19,26
2021-02-01,14,9,5
2021-02-01,4,1,3
2021-02-01,0,0,0
2021-02-01,1,0,1
2021-02-01,1,0,1
2021-02-01,1,1,0
2021-01-31,6,1,5
2021-01-31,2,0,2
2021-01-31,11,7,4
2021-01-31,8,5,3
2021-01-31,12,6,6
2021-01-31,17,6,11
2021-01-31,26,15,11
2021-01-31,36,17,19
2021-01-31,39,19,20
2021-01-31,37,12,25
2021-01-31,39,15,24
2021-01-31,51,13,38
2021-01-31,47,22,25
2021-01-31,60,27,33
2021-01-31,41,20,21
2021-01-31,12,7,5
2021-01-31,22,12,10
2021-01-31,8,6,2
2021-01-31,3,2,1
2021-01-31,1,1,0
2021-01-31,1,1,0
2021-01-31,2,1,1
2021-01-31,1,0,1
2021-01-31,3,0,3
2021-01-30,4,1,3
2021-01-30,7,6,1
2021-01-30,0,0,0
2021-01-30,13,3,10
2021-01-30,22,12,10
2021-01-30,26,8,18
2021-01-30,42,19,23
2021-01-30,99,48,51
2021-01-30,86,40,46
2021-01-30,97,52,45
2021-01-30,95,48,47
2021-01-30,76,36,40
2021-01-30,84,48,36
2021-01-30,76,31,45
2021-01-30,59,28,31
2021-01-30,36,15,21
2021-01-30,19,12,7
2021-01-30,16,5,11
2021-01-30,7,2,5
2021-01-30,0,0,0
2021-01-30,0,0,0
2021-01-30,0,0,0
2021-01-30,1,1,0
2021-01-30,6,1,5
2021-01-29,9,3,6
2021-01-29,8,2,6
2021-01-29,21,8,13
2021-01-29,18,5,13
2021-01-29,23,5,18
2021-01-29,82,37,45
2021-01-29,122,39,83
2021-01-29,160,67,93
2021-01-29,161,76,85
2021-01-29,126,54,72
2021-01-29,108,60,48
2021-01-29,62,35,27
2021-01-29,51,28,23
2021-01-29,61,26,35
2021-01-29,67,22,45
2021-01-29,88,33,55
2021-01-29,78,30,48
2021-01-29,42,11,31
2021-01-29,15,10,5
2021-01-29,5,2,3
2021-01-29,0,0,0
2021-01-29,1,0,1
2021-01-29,0,0,0
2021-01-29,2,0,2
2021-01-28,9,5,4
2021-01-28,11,5,6
2021-01-28,17,5,12
2021-01-28,23,13,10
2021-01-28,44,19,25
2021-01-28,93,38,55
2021-01-28,133,41,92
2021-01-28,119,51,68
2021-01-28,103,37,66
2021-01-28,66,26,40
2021-01-28,44,12,32
2021-01-28,58,37,21
2021-01-28,42,19,23
2021-01-28,29,8,21
2021-01-28,37,13,24
2021-01-28,67,27,40
2021-01-28,79,31,48
2021-01-28,39,20,19
2021-01-28,12,5,7
2021-01-28,5,2,3
2021-01-28,0,0,0
2021-01-28,2,0,2
2021-01-28,1,1,0
2021-01-28,3,2,1
2021-01-27,11,7,4
2021-01-27,7,1,6
2021-01-27,11,5,6
2021-01-27,20,9,11
2021-01-27,24,7,17
2021-01-27,77,29,48
2021-01-27,129,39,90
2021-01-27,128,51,77
2021-01-27,122,54,68
2021-01-27,93,40,53
2021-01-27,71,29,42
2021-01-27,68,27,41
2021-01-27,52,26,26
2021-01-27,40,16,24
2021-01-27,41,14,27
2021-01-27,71,28,43
2021-01-27,67,33,34
2021-01-27,39,15,24
2021-01-27,16,7,9
2021-01-27,3,1,2
2021-01-27,0,0,0
2021-01-27,0,0,0
2021-01-27,1,0,1
2021-01-27,4,2,2
2021-01-26,8,3,5
2021-01-26,11,10,1
2021-01-26,17,4,13
2021-01-26,16,6,10
2021-01-26,46,21,25
2021-01-26,88,32,56
2021-01-26,140,58,82
2021-01-26,140,60,80
2021-01-26,121,53,68
2021-01-26,88,36,52
2021-01-26,82,40,42
2021-01-26,75,40,35
2021-01-26,62,28,34
2021-01-26,60,26,34
2021-01-26,68,29,39
2021-01-26,115,42,73
2021-01-26,97,31,66
2021-01-26,35,11,24
2021-01-26,12,7,5
2021-01-26,2,1,1
2021-01-26,2,2,0
2021-01-26,0,0,0
2021-01-26,0,0,0
2021-01-26,4,3,1
2021-01-25,4,2,2
2021-01-25,13,5,8
2021-01-25,18,7,11
2021-01-25,20,8,12
2021-01-25,43,19,24
2021-01-25,88,38,50
2021-01-25,143,48,95
2021-01-25,182,65,117
2021-01-25,127,65,62
2021-01-25,98,41,57
2021-01-25,81,29,52
2021-01-25,67,31,36
2021-01-25,60,25,35
2021-01-25,36,17,19
2021-01-25,64,20,44
2021-01-25,99,35,64
2021-01-25,84,36,48
2021-01-25,48,18,30
2021-01-25,22,10,12
2021-01-25,8,4,4
2021-01-25,0,0,0
2021-01-25,1,0,1
2021-01-25,0,0,0
2021-01-25,3,0,3
2021-01-24,0,0,0
2021-01-24,5,2,3
2021-01-24,6,3,3
2021-01-24,4,2,2
2021-01-24,8,4,4
2021-01-24,11,0,11
2021-01-24,12,5,7
2021-01-24,30,15,15
2021-01-24,35,15,20
2021-01-24,19,9,10
2021-01-24,35,16,19
2021-01-24,32,13,19
2021-01-24,41,21,20
2021-01-24,20,11,9
2021-01-24,24,6,18
2021-01-24,12,4,8
2021-01-24,8,4,4
2021-01-24,7,3,4
2021-01-24,4,3,1
2021-01-24,2,1,1
2021-01-24,0,0,0
2021-01-24,1,0,1
2021-01-24,3,0,3
2021-01-24,8,0,8
2021-01-23,11,2,9
2021-01-23,11,9,2
2021-01-23,16,6,10
2021-01-23,15,3,12
2021-01-23,37,13,24
2021-01-23,52,33,19
2021-01-23,104,50,54
2021-01-23,231,99,132
2021-01-23,287,140,147
2021-01-23,329,154,175
2021-01-23,253,121,132
2021-01-23,182,83,99
2021-01-23,163,89,74
2021-01-23,101,34,67
2021-01-23,42,21,21
2021-01-23,40,14,26
2021-01-23,25,12,13
2021-01-23,10,2,8
2021-01-23,6,2,4
2021-01-23,2,1,1
2021-01-23,0,0,0
2021-01-23,0,0,0
2021-01-23,2,0,2
2021-01-23,2,1,1
2021-01-22,21,14,7
2021-01-22,9,6,3
2021-01-22,11,2,9
2021-01-22,27,7,20
2021-01-22,45,12,33
2021-01-22,90,32,58
2021-01-22,149,57,92
2021-01-22,211,89,122
2021-01-22,200,82,118
2021-01-22,123,55,68
2021-01-22,146,84,62
2021-01-22,97,46,51
2021-01-22,80,34,46
2021-01-22,53,24,29
2021-01-22,78,24,54
2021-01-22,102,35,67
2021-01-22,78,36,42
2021-01-22,36,8,28
2021-01-22,12,6,6
2021-01-22,4,2,2
2021-01-22,1,1,0
2021-01-22,2,0,2
2021-01-22,6,2,4
2021-01-22,7,5,2
2021-01-21,8,4,4
2021-01-21,7,2,5
2021-01-21,20,12,8
2021-01-21,26,11,15
2021-01-21,40,12,28
2021-01-21,78,29,49
2021-01-21,121,34,87
2021-01-21,109,43,66
2021-01-21,87,33,54
2021-01-21,65,20,45
2021-01-21,53,25,28
2021-01-21,38,18,20
2021-01-21,57,27,30
2021-01-21,45,18,27
2021-01-21,74,31,43
2021-01-21,81,33,48
2021-01-21,64,29,35
2021-01-21,54,18,36
2021-01-21,17,8,9
2021-01-21,9,3,6
2021-01-21,0,0,0
2021-01-21,0,0,0
2021-01-21,0,0,0
2021-01-21,5,0,5
2021-01-20,12,10,2
2021-01-20,11,4,7
2021-01-20,25,8,17
2021-01-20,31,12,19
2021-01-20,48,17,31
2021-01-20,91,43,48
2021-01-20,142,44,98
2021-01-20,141,58,83
2021-01-20,123,53,70
2021-01-20,79,42,37
2021-01-20,75,41,34
2021-01-20,59,29,30
2021-01-20,52,25,27
2021-01-20,60,23,37
2021-01-20,76,27,49
2021-01-20,86,34,52
2021-01-20,101,42,59
2021-01-20,52,25,27
2021-01-20,11,4,7
2021-01-20,4,2,2
2021-01-20,1,0,1
2021-01-20,0,0,0
2021-01-20,0,0,0
2021-01-20,2,1,1
2021-01-19,4,1,3
2021-01-19,10,3,7
2021-01-19,18,10,8
2021-01-19,26,7,19
2021-01-19,51,22,29
2021-01-19,93,30,63
2021-01-19,142,42,100
2021-01-19,153,64,89
2021-01-19,124,44,80
2021-01-19,107,46,61
2021-01-19,82,38,44
2021-01-19,57,29,28
2021-01-19,44,21,23
2021-01-19,58,18,40
2021-01-19,88,24,64
2021-01-19,106,46,60
2021-01-19,87,42,45
2021-01-19,45,16,29
2021-01-19,16,8,8
2021-01-19,2,0,2
2021-01-19,2,0,2
2021-01-19,1,0,1
2021-01-19,1,0,1
2021-01-19,5,3,2
2021-01-18,7,3,4
2021-01-18,8,0,8
2021-01-18,13,5,8
2021-01-18,19,4,15
2021-01-18,30,12,18
2021-01-18,56,29,27
2021-01-18,131,56,75
2021-01-18,171,81,90
2021-01-18,271,118,153
2021-01-18,238,109,129
2021-01-18,249,108,141
2021-01-18,232,96,136
2021-01-18,149,77,72
2021-01-18,93,40,53
2021-01-18,83,27,56
2021-01-18,65,20,45
2021-01-18,41,21,20
2021-01-18,33,10,23
2021-01-18,13,8,5
2021-01-18,4,0,4
2021-01-18,0,0,0
2021-01-18,0,0,0
2021-01-18,3,1,2
2021-01-18,1,0,1
2021-01-17,3,1,2
2021-01-17,10,3,7
2021-01-17,15,6,9
2021-01-17,16,9,7
2021-01-17,35,18,17
2021-01-17,51,20,31
2021-01-17,67,30,37
2021-01-17,134,62,72
2021-01-17,205,97,108
2021-01-17,210,102,108
2021-01-17,252,107,145
2021-01-17,188,93,95
2021-01-17,141,67,74
2021-01-17,119,57,62
2021-01-17,80,40,40
2021-01-17,45,21,24
2021-01-17,15,4,11
2021-01-17,6,3,3
2021-01-17,4,2,2
2021-01-17,1,0,1
2021-01-17,0,0,0
2021-01-17,1,1,0
2021-01-17,2,2,0
2021-01-17,9,1,8
2021-01-16,6,4,2
2021-01-16,7,1,6
2021-01-16,10,6,4
2021-01-16,19,9,10
2021-01-16,23,6,17
2021-01-16,38,15,23
2021-01-16,92,43,49
2021-01-16,131,66,65
2021-01-16,171,68,103
2021-01-16,209,103,106
2021-01-16,156,91,65
2021-01-16,172,90,82
2021-01-16,172,83,89
2021-01-16,113,46,67
2021-01-16,82,38,44
2021-01-16,42,21,21
2021-01-16,18,9,9
2021-01-16,12,4,8
2021-01-16,11,2,9
2021-01-16,0,0,0
2021-01-16,3,1,2
2021-01-16,2,0,2
2021-01-16,3,1,2
2021-01-16,6,3,3
2021-01-15,11,4,7
2021-01-15,9,3,6
2021-01-15,18,2,16
2021-01-15,19,7,12
2021-01-15,46,14,32
2021-01-15,81,21,60
2021-01-15,159,58,101
2021-01-15,185,73,112
2021-01-15,190,91,99
2021-01-15,143,61,82
2021-01-15,86,28,58
2021-01-15,84,48,36
2021-01-15,66,24,42
2021-01-15,58,19,39
2021-01-15,77,30,47
2021-01-15,102,38,64
2021-01-15,78,30,48
2021-01-15,40,12,28
2021-01-15,9,3,6
2021-01-15,4,1,3
2021-01-15,1,0,1
2021-01-15,1,0,1
2021-01-15,1,1,0
2021-01-15,5,1,4
2021-01-14,7,4,3
2021-01-14,16,6,10
2021-01-14,17,7,10
2021-01-14,25,12,13
2021-01-14,57,12,45
2021-01-14,101,40,61
2021-01-14,156,46,110
2021-01-14,182,69,113
2021-01-14,144,73,71
2021-01-14,130,60,70
2021-01-14,151,74,77
2021-01-14,96,42,54
2021-01-14,88,33,55
2021-01-14,71,34,37
2021-01-14,103,27,76
2021-01-14,105,38,67
2021-01-14,95,42,53
2021-01-14,46,20,26
2021-01-14,20,12,8
2021-01-14,4,1,3
2021-01-14,0,0,0
2021-01-14,3,2,1
2021-01-14,5,1,4
2021-01-14,5,2,3
2021-01-13,10,2,8
2021-01-13,13,3,10
2021-01-13,12,6,6
2021-01-13,28,9,19
2021-01-13,53,19,34
2021-01-13,109,34,75
2021-01-13,168,57,111
2021-01-13,197,84,113
2021-01-13,198,101,97
2021-01-13,172,73,99
2021-01-13,138,67,71
2021-01-13,141,72,69
2021-01-13,89,41,48
2021-01-13,69,29,40
2021-01-13,76,25,51
2021-01-13,102,40,62
2021-01-13,75,33,42
2021-01-13,47,19,28
2021-01-13,11,8,3
2021-01-13,2,1,1
2021-01-13,0,0,0
2021-01-13,1,0,1
2021-01-13,0,0,0
2021-01-13,2,0,2
2021-01-12,3,1,2
2021-01-12,2,0,2
2021-01-12,5,1,4
2021-01-12,27,16,11
2021-01-12,33,8,25
2021-01-12,50,14,36
2021-01-12,65,14,51
2021-01-12,74,31,43
2021-01-12,50,18,32
2021-01-12,58,24,34
2021-01-12,30,17,13
2021-01-12,36,16,20
2021-01-12,22,7,15
2021-01-12,26,10,16
2021-01-12,53,19,34
2021-01-12,65,24,41
2021-01-12,47,12,35
2021-01-12,25,10,15
2021-01-12,8,5,3
2021-01-12,2,1,1
2021-01-12,0,0,0
2021-01-12,0,0,0
2021-01-12,0,0,0
2021-01-12,3,1,2
2021-01-11,4,2,2
2021-01-11,6,0,6
2021-01-11,8,2,6
2021-01-11,11,2,9
2021-01-11,25,8,17
2021-01-11,47,16,31
2021-01-11,74,19,55
2021-01-11,56,16,40
2021-01-11,44,18,26
2021-01-11,33,18,15
2021-01-11,22,10,12
2021-01-11,22,10,12
2021-01-11,12,4,8
2021-01-11,22,8,14
2021-01-11,49,16,33
2021-01-11,68,20,48
2021-01-11,70,32,38
2021-01-11,51,18,33
2021-01-11,16,10,6
2021-01-11,7,1,6
2021-01-11,2,0,2
2021-01-11,1,0,1
2021-01-11,2,0,2
2021-01-11,2,2,0
2021-01-10,2,0,2
2021-01-10,11,4,7
2021-01-10,10,2,8
2021-01-10,9,1,8
2021-01-10,18,6,12
2021-01-10,22,10,12
2021-01-10,72,33,39
2021-01-10,109,45,64
2021-01-10,183,83,100
2021-01-10,195,88,107
2021-01-10,194,83,111
2021-01-10,164,59,105
2021-01-10,120,63,57
2021-01-10,70,37,33
2021-01-10,44,22,22
2021-01-10,11,5,6
2021-01-10,11,4,7
2021-01-10,5,1,4
2021-01-10,2,1,1
2021-01-10,1,0,1
2021-01-10,0,0,0
2021-01-10,2,1,1
2021-01-10,3,2,1
2021-01-10,9,3,6
2021-01-09,8,2,6
2021-01-09,14,5,9
2021-01-09,5,1,4
2021-01-09,20,6,14
2021-01-09,20,7,13
2021-01-09,46,23,23
2021-01-09,59,24,35
2021-01-09,131,63,68
2021-01-09,230,104,126
2021-01-09,242,122,120
2021-01-09,211,98,113
2021-01-09,187,104,83
2021-01-09,176,88,88
2021-01-09,79,43,36
2021-01-09,57,20,37
2021-01-09,40,19,21
2021-01-09,21,10,11
2021-01-09,7,2,5
2021-01-09,10,3,7
2021-01-09,0,0,0
2021-01-09,1,0,1
2021-01-09,1,0,1
2021-01-09,3,1,2
2021-01-09,3,1,2
2021-01-08,13,7,6
2021-01-08,24,5,19
2021-01-08,11,4,7
2021-01-08,29,10,19
2021-01-08,40,17,23
2021-01-08,67,21,46
2021-01-08,103,45,58
2021-01-08,96,40,56
2021-01-08,60,30,30
2021-01-08,22,11,11
2021-01-08,38,17,21
2021-01-08,24,13,11
2021-01-08,45,22,23
2021-01-08,30,8,22
2021-01-08,35,9,26
2021-01-08,72,28,44
2021-01-08,59,20,39
2021-01-08,31,8,23
2021-01-08,13,4,9
2021-01-08,3,2,1
2021-01-08,0,0,0
2021-01-08,0,0,0
2021-01-08,3,0,3
2021-01-08,2,2,0
2021-01-07,17,6,11
2021-01-07,11,4,7
2021-01-07,16,5,11
2021-01-07,24,11,13
2021-01-07,61,20,41
2021-01-07,109,45,64
2021-01-07,169,57,112
2021-01-07,164,70,94
2021-01-07,141,65,76
2021-01-07,136,50,86
2021-01-07,104,43,61
2021-01-07,107,43,64
2021-01-07,79,32,47
2021-01-07,47,16,31
2021-01-07,82,31,51
2021-01-07,126,43,83
2021-01-07,85,36,49
2021-01-07,49,19,30
2021-01-07,17,9,8
2021-01-07,6,1,5
2021-01-07,0,0,0
2021-01-07,1,1,0
2021-01-07,4,1,3
2021-01-07,3,2,1
2021-01-06,6,3,3
2021-01-06,8,2,6
2021-01-06,18,5,13
2021-01-06,19,10,9
2021-01-06,55,19,36
2021-01-06,87,37,50
2021-01-06,138,48,90
2021-01-06,139,59,80
2021-01-06,158,72,86
2021-01-06,117,59,58
2021-01-06,106,49,57
2021-01-06,71,26,45
2021-01-06,65,32,33
2021-01-06,51,23,28
2021-01-06,58,19,39
2021-01-06,82,38,44
2021-01-06,68,29,39
2021-01-06,38,16,22
2021-01-06,14,6,8
2021-01-06,4,0,4
2021-01-06,0,0,0
2021-01-06,3,1,2
2021-01-06,1,0,1
2021-01-06,2,1,1
2021-01-05,4,0,4
2021-01-05,5,0,5
2021-01-05,7,1,6
2021-01-05,12,5,7
2021-01-05,20,10,10
2021-01-05,54,14,40
2021-01-05,89,25,64
2021-01-05,54,22,32
2021-01-05,54,20,34
2021-01-05,15,6,9
2021-01-05,18,7,11
2021-01-05,44,27,17
2021-01-05,48,22,26
2021-01-05,53,18,35
2021-01-05,75,24,51
2021-01-05,98,38,60
2021-01-05,66,29,37
2021-01-05,39,12,27
2021-01-05,16,8,8
2021-01-05,4,0,4
2021-01-05,1,1,0
2021-01-05,1,0,1
2021-01-05,0,0,0
2021-01-05,5,1,4
2021-01-04,9,4,5
2021-01-04,7,1,6
2021-01-04,12,4,8
2021-01-04,19,5,14
2021-01-04,26,7,19
2021-01-04,55,23,32
2021-01-04,77,26,51
2021-01-04,59,18,41
2021-01-04,65,23,42
2021-01-04,26,8,18
2021-01-04,20,10,10
2021-01-04,26,8,18
2021-01-04,14,7,7
2021-01-04,34,12,22
2021-01-04,36,8,28
2021-01-04,48,17,31
2021-01-04,54,21,33
2021-01-04,26,10,16
2021-01-04,15,8,7
2021-01-04,6,2,4
2021-01-04,0,0,0
2021-01-04,0,0,0
2021-01-04,0,0,0
2021-01-04,0,0,0
2021-01-03,3,0,3
2021-01-03,10,4,6
2021-01-03,10,6,4
2021-01-03,19,10,9
2021-01-03,14,7,7
2021-01-03,22,10,12
2021-01-03,32,16,16
2021-01-03,118,56,62
2021-01-03,164,80,84
2021-01-03,173,94,79
2021-01-03,133,63,70
2021-01-03,97,44,53
2021-01-03,34,12,22
2021-01-03,16,8,8
2021-01-03,23,11,12
2021-01-03,16,5,11
2021-01-03,14,7,7
2021-01-03,9,3,6
2021-01-03,3,2,1
2021-01-03,0,0,0
2021-01-03,0,0,0
2021-01-03,0,0,0
2021-01-03,1,0,1
2021-01-03,3,1,2
2021-01-02,3,0,3
2021-01-02,3,2,1
2021-01-02,2,1,1
2021-01-02,5,2,3
2021-01-02,5,3,2
2021-01-02,7,1,6
2021-01-02,19,9,10
2021-01-02,9,4,5
2021-01-02,17,7,10
2021-01-02,27,16,11
2021-01-02,21,11,10
2021-01-02,25,10,15
2021-01-02,27,19,8
2021-01-02,29,12,17
2021-01-02,16,7,9
2021-01-02,13,5,8
2021-01-02,9,4,5
2021-01-02,6,4,2
2021-01-02,5,1,4
2021-01-02,3,2,1
2021-01-02,0,0,0
2021-01-02,0,0,0
2021-01-02,0,0,0
2021-01-02,2,0,2
2021-01-01,6,0,6
2021-01-01,3,2,1
2021-01-01,6,1,5
2021-01-01,7,3,4
2021-01-01,4,2,2
2021-01-01,13,4,9
2021-01-01,20,4,16
2021-01-01,15,8,7
2021-01-01,38,16,22
2021-01-01,46,27,19
2021-01-01,60,30,30
2021-01-01,60,33,27
2021-01-01,65,30,35
2021-01-01,47,20,27
2021-01-01,12,6,6
2021-01-01,12,4,8
2021-01-01,8,2,6
2021-01-01,6,1,5
2021-01-01,3,2,1
2021-01-01,3,1,2
2021-01-01,4,1,3
2021-01-01,3,2,1
2021-01-01,7,2,5
2021-01-01,0,0,0
2020-12-31,8,3,5
2020-12-31,9,3,6
2020-12-31,18,9,9
2020-12-31,18,9,9
2020-12-31,27,11,16
2020-12-31,34,14,20
2020-12-31,58,29,29
2020-12-31,106,54,52
2020-12-31,159,53,106
2020-12-31,165,66,99
2020-12-31,141,66,75
2020-12-31,130,59,71
2020-12-31,85,41,44
2020-12-31,57,26,31
2020-12-31,34,11,23
2020-12-31,52,24,28
2020-12-31,37,14,23
2020-12-31,22,5,17
2020-12-31,12,6,6
2020-12-31,5,1,4
2020-12-31,0,0,0
2020-12-31,0,0,0
2020-12-31,1,1,0
2020-12-31,1,0,1
2020-12-30,4,1,3
2020-12-30,7,1,6
2020-12-30,8,3,5
2020-12-30,13,7,6
2020-12-30,14,6,8
2020-12-30,32,9,23
2020-12-30,61,31,30
2020-12-30,67,22,45
2020-12-30,46,26,20
2020-12-30,42,14,28
2020-12-30,39,22,17
2020-12-30,30,16,14
2020-12-30,18,9,9
2020-12-30,21,11,10
2020-12-30,24,11,13
2020-12-30,33,11,22
2020-12-30,41,14,27
2020-12-30,25,10,15
2020-12-30,8,4,4
2020-12-30,2,1,1
2020-12-30,1,0,1
2020-12-30,0,0,0
2020-12-30,1,1,0
2020-12-30,3,1,2
2020-12-29,3,3,0
2020-12-29,13,8,5
2020-12-29,8,2,6
2020-12-29,7,4,3
2020-12-29,7,3,4
2020-12-29,55,20,35
2020-12-29,66,20,46
2020-12-29,99,38,61
2020-12-29,119,60,59
2020-12-29,133,54,79
2020-12-29,115,55,60
2020-12-29,88,41,47
2020-12-29,61,25,36
2020-12-29,50,22,28
2020-12-29,35,20,15
2020-12-29,61,23,38
2020-12-29,66,31,35
2020-12-29,29,6,23
2020-12-29,17,9,8
2020-12-29,2,1,1
2020-12-29,0,0,0
2020-12-29,0,0,0
2020-12-29,6,2,4
2020-12-29,2,1,1
2020-12-28,5,2,3
2020-12-28,6,2,4
2020-12-28,16,2,14
2020-12-28,14,6,8
2020-12-28,36,15,21
2020-12-28,59,21,38
2020-12-28,96,37,59
2020-12-28,164,76,88
2020-12-28,239,104,135
2020-12-28,249,111,138
2020-12-28,242,110,132
2020-12-28,194,106,88
2020-12-28,113,42,71
2020-12-28,89,38,51
2020-12-28,57,24,33
2020-12-28,72,24,48
2020-12-28,58,20,38
2020-12-28,30,14,16
2020-12-28,12,5,7
2020-12-28,5,1,4
2020-12-28,1,1,0
2020-12-28,0,0,0
2020-12-28,0,0,0
2020-12-28,1,0,1
2020-12-27,0,0,0
2020-12-27,5,1,4
2020-12-27,5,1,4
2020-12-27,9,2,7
2020-12-27,19,6,13
2020-12-27,24,8,16
2020-12-27,39,18,21
2020-12-27,108,46,62
2020-12-27,147,70,77
2020-12-27,176,71,105
2020-12-27,109,58,51
2020-12-27,87,41,46
2020-12-27,43,25,18
2020-12-27,34,21,13
2020-12-27,18,10,8
2020-12-27,13,5,8
2020-12-27,12,5,7
2020-12-27,11,6,5
2020-12-27,1,0,1
2020-12-27,3,0,3
2020-12-27,1,1,0
2020-12-27,2,1,1
2020-12-27,0,0,0
2020-12-27,10,2,8
2020-12-26,0,0,0
2020-12-26,7,4,3
2020-12-26,2,1,1
2020-12-26,8,3,5
2020-12-26,22,10,12
2020-12-26,20,5,15
2020-12-26,34,20,14
2020-12-26,73,37,36
2020-12-26,137,51,86
2020-12-26,145,96,49
2020-12-26,99,60,39
2020-12-26,76,46,30
2020-12-26,58,28,30
2020-12-26,30,11,19
2020-12-26,28,10,18
2020-12-26,19,7,12
2020-12-26,8,4,4
2020-12-26,6,6,0
2020-12-26,4,1,3
2020-12-26,1,1,0
2020-12-26,0,0,0
2020-12-26,1,0,1
2020-12-26,2,0,2
2020-12-26,0,0,0
2020-12-25,0,0,0
2020-12-25,0,0,0
2020-12-25,0,0,0
2020-12-25,2,1,1
2020-12-25,2,2,0
2020-12-25,4,1,3
2020-12-25,6,3,3
2020-12-25,15,10,5
2020-12-25,28,12,16
2020-12-25,42,16,26
2020-12-25,40,15,25
2020-12-25,24,9,15
2020-12-25,35,19,16
2020-12-25,24,9,15
2020-12-25,6,3,3
2020-12-25,11,4,7
2020-12-25,3,1,2
2020-12-25,2,0,2
2020-12-25,2,1,1
2020-12-25,1,1,0
2020-12-25,0,0,0
2020-12-25,4,1,3
2020-12-25,1,1,0
2020-12-25,0,0,0
2020-12-24,1,0,1
2020-12-24,5,1,4
2020-12-24,2,1,1
2020-12-24,3,2,1
2020-12-24,12,4,8
2020-12-24,17,5,12
2020-12-24,43,19,24
2020-12-24,82,32,50
2020-12-24,183,92,91
2020-12-24,145,72,73
2020-12-24,166,76,90
2020-12-24,131,80,51
2020-12-24,92,42,50
2020-12-24,58,27,31
2020-12-24,34,12,22
2020-12-24,43,16,27
2020-12-24,30,16,14
2020-12-24,15,4,11
2020-12-24,8,4,4
2020-12-24,6,3,3
2020-12-24,0,0,0
2020-12-24,0,0,0
2020-12-24,0,0,0
2020-12-24,6,5,1
2020-12-23,6,0,6
2020-12-23,7,2,5
2020-12-23,14,8,6
2020-12-23,18,11,7
2020-12-23,34,9,25
2020-12-23,58,32,26
2020-12-23,63,27,36
2020-12-23,120,59,61
2020-12-23,167,82,85
2020-12-23,162,75,87
2020-12-23,129,68,61
2020-12-23,103,43,60
2020-12-23,65,36,29
2020-12-23,62,26,36
2020-12-23,47,17,30
2020-12-23,49,13,36
2020-12-23,43,16,27
2020-12-23,35,14,21
2020-12-23,13,7,6
2020-12-23,3,0,3
2020-12-23,0,0,0
2020-12-23,1,0,1
2020-12-23,0,0,0
2020-12-23,2,1,1
2020-12-22,5,3,2
2020-12-22,8,3,5
2020-12-22,16,6,10
2020-12-22,26,9,17
2020-12-22,37,17,20
2020-12-22,60,21,39
2020-12-22,95,43,52
2020-12-22,150,68,82
2020-12-22,165,80,85
2020-12-22,139,62,77
2020-12-22,129,61,68
2020-12-22,98,40,58
2020-12-22,101,33,68
2020-12-22,63,25,38
2020-12-22,48,12,36
2020-12-22,59,27,32
2020-12-22,57,25,32
2020-12-22,33,11,22
2020-12-22,18,8,10
2020-12-22,1,0,1
2020-12-22,0,0,0
2020-12-22,0,0,0
2020-12-22,0,0,0
2020-12-22,3,0,3
2020-12-21,4,4,0
2020-12-21,4,3,1
2020-12-21,3,1,2
2020-12-21,8,2,6
2020-12-21,10,4,6
2020-12-21,18,6,12
2020-12-21,29,4,25
2020-12-21,31,9,22
2020-12-21,28,12,16
2020-12-21,13,4,9
2020-12-21,24,6,18
2020-12-21,20,9,11
2020-12-21,36,15,21
2020-12-21,35,10,25
2020-12-21,28,7,21
2020-12-21,33,10,23
2020-12-21,41,17,24
2020-12-21,32,11,21
2020-12-21,13,8,5
2020-12-21,3,1,2
2020-12-21,0,0,0
2020-12-21,0,0,0
2020-12-21,0,0,0
2020-12-21,4,2,2
2020-12-20,7,1,6
2020-12-20,9,5,4
2020-12-20,13,7,6
2020-12-20,21,13,8
2020-12-20,34,24,10
2020-12-20,31,11,20
2020-12-20,36,15,21
2020-12-20,93,45,48
2020-12-20,155,80,75
2020-12-20,228,107,121
2020-12-20,173,75,98
2020-12-20,112,63,49
2020-12-20,99,46,53
2020-12-20,62,28,34
2020-12-20,48,20,28
2020-12-20,24,10,14
2020-12-20,11,6,5
2020-12-20,10,5,5
2020-12-20,5,2,3
2020-12-20,2,2,0
2020-12-20,1,0,1
2020-12-20,3,1,2
2020-12-20,2,0,2
2020-12-20,1,0,1
2020-12-19,2,0,2
2020-12-19,8,3,5
2020-12-19,2,2,0
2020-12-19,23,5,18
2020-12-19,9,4,5
2020-12-19,24,12,12
2020-12-19,24,9,15
2020-12-19,30,12,18
2020-12-19,47,23,24
2020-12-19,39,17,22
2020-12-19,70,40,30
2020-12-19,102,44,58
2020-12-19,158,93,65
2020-12-19,121,63,58
2020-12-19,79,36,43
2020-12-19,35,17,18
2020-12-19,16,4,12
2020-12-19,14,5,9
2020-12-19,6,3,3
2020-12-19,0,0,0
2020-12-19,0,0,0
2020-12-19,0,0,0
2020-12-19,2,0,2
2020-12-19,3,0,3
2020-12-18,7,3,4
2020-12-18,15,6,9
2020-12-18,9,4,5
2020-12-18,8,4,4
2020-12-18,21,8,13
2020-12-18,50,23,27
2020-12-18,74,24,50
2020-12-18,97,33,64
2020-12-18,74,27,47
2020-12-18,69,28,41
2020-12-18,46,25,21
2020-12-18,31,10,21
2020-12-18,24,12,12
2020-12-18,31,12,19
2020-12-18,53,21,32
2020-12-18,72,30,42
2020-12-18,61,24,37
2020-12-18,28,10,18
2020-12-18,13,7,6
2020-12-18,2,1,1
2020-12-18,0,0,0
2020-12-18,1,0,1
2020-12-18,5,2,3
2020-12-18,4,2,2
2020-12-17,10,3,7
2020-12-17,15,5,10
2020-12-17,11,5,6
2020-12-17,34,15,19
2020-12-17,51,22,29
2020-12-17,73,32,41
2020-12-17,132,41,91
2020-12-17,143,59,84
2020-12-17,155,71,84
2020-12-17,168,79,89
2020-12-17,111,48,63
2020-12-17,93,43,50
2020-12-17,80,35,45
2020-12-17,53,27,26
2020-12-17,55,19,36
2020-12-17,77,32,45
2020-12-17,76,37,39
2020-12-17,32,15,17
2020-12-17,16,5,11
2020-12-17,4,3,1
2020-12-17,3,2,1
2020-12-17,0,0,0
2020-12-17,2,2,0
2020-12-17,2,1,1
2020-12-16,4,0,4
2020-12-16,2,1,1
2020-12-16,8,2,6
2020-12-16,15,6,9
2020-12-16,42,9,33
2020-12-16,49,16,33
2020-12-16,78,14,64
2020-12-16,56,19,37
2020-12-16,51,21,30
2020-12-16,26,10,16
2020-12-16,36,9,27
2020-12-16,64,33,31
2020-12-16,52,23,29
2020-12-16,68,33,35
2020-12-16,65,18,47
2020-12-16,75,27,48
2020-12-16,82,41,41
2020-12-16,44,20,24
2020-12-16,16,9,7
2020-12-16,4,2,2
2020-12-16,0,0,0
2020-12-16,1,0,1
2020-12-16,0,0,0
2020-12-16,3,1,2
2020-12-15,6,4,2
2020-12-15,9,3,6
2020-12-15,11,5,6
2020-12-15,15,3,12
2020-12-15,50,24,26
2020-12-15,66,22,44
2020-12-15,97,31,66
2020-12-15,84,36,48
2020-12-15,82,35,47
2020-12-15,41,22,19
2020-12-15,31,13,18
2020-12-15,35,13,22
2020-12-15,24,10,14
2020-12-15,28,9,19
2020-12-15,41,17,24
2020-12-15,61,20,41
2020-12-15,67,34,33
2020-12-15,33,12,21
2020-12-15,21,10,11
2020-12-15,2,0,2
2020-12-15,0,0,0
2020-12-15,2,2,0
2020-12-15,0,0,0
2020-12-15,3,0,3
2020-12-14,6,4,2
2020-12-14,4,1,3
2020-12-14,14,7,7
2020-12-14,30,11,19
2020-12-14,43,13,30
2020-12-14,63,21,42
2020-12-14,104,29,75
2020-12-14,107,38,69
2020-12-14,127,60,67
2020-12-14,108,57,51
2020-12-14,66,28,38
2020-12-14,50,21,29
2020-12-14,43,24,19
2020-12-14,44,20,24
2020-12-14,50,14,36
2020-12-14,82,25,57
2020-12-14,75,36,39
2020-12-14,45,17,28
2020-12-14,17,10,7
2020-12-14,8,1,7
2020-12-14,2,2,0
2020-12-14,1,0,1
2020-12-14,0,0,0
2020-12-14,3,3,0
2020-12-13,4,1,3
2020-12-13,6,3,3
2020-12-13,7,3,4
2020-12-13,10,2,8
2020-12-13,14,5,9
2020-12-13,21,8,13
2020-12-13,26,10,16
2020-12-13,66,20,46
2020-12-13,95,57,38
2020-12-13,81,25,56
2020-12-13,35,20,15
2020-12-13,34,13,21
2020-12-13,25,13,12
2020-12-13,19,7,12
2020-12-13,20,9,11
2020-12-13,24,10,14
2020-12-13,12,6,6
2020-12-13,9,6,3
2020-12-13,5,2,3
2020-12-13,0,0,0
2020-12-13,0,0,0
2020-12-13,0,0,0
2020-12-13,4,0,4
2020-12-13,3,1,2
2020-12-12,9,7,2
2020-12-12,8,3,5
2020-12-12,7,2,5
2020-12-12,17,8,9
2020-12-12,18,11,7
2020-12-12,37,14,23
2020-12-12,70,29,41
2020-12-12,151,69,82
2020-12-12,277,134,143
2020-12-12,300,148,152
2020-12-12,271,142,129
2020-12-12,172,74,98
2020-12-12,150,85,65
2020-12-12,89,47,42
2020-12-12,71,24,47
2020-12-12,26,15,11
2020-12-12,31,18,13
2020-12-12,15,5,10
2020-12-12,5,2,3
2020-12-12,1,0,1
2020-12-12,1,1,0
2020-12-12,3,0,3
2020-12-12,4,0,4
2020-12-12,3,0,3
2020-12-11,13,4,9
2020-12-11,10,9,1
2020-12-11,13,2,11
2020-12-11,22,9,13
2020-12-11,42,19,23
2020-12-11,73,28,45
2020-12-11,123,35,88
2020-12-11,143,61,82
2020-12-11,179,81,98
2020-12-11,115,61,54
2020-12-11,118,46,72
2020-12-11,55,27,28
2020-12-11,52,24,28
2020-12-11,46,20,26
2020-12-11,60,25,35
2020-12-11,101,36,65
2020-12-11,83,40,43
2020-12-11,34,9,25
2020-12-11,17,8,9
2020-12-11,5,1,4
2020-12-11,2,1,1
2020-12-11,1,0,1
2020-12-11,0,0,0
2020-12-11,8,2,6
2020-12-10,3,0,3
2020-12-10,10,5,5
2020-12-10,25,13,12
2020-12-10,20,8,12
2020-12-10,58,23,35
2020-12-10,70,28,42
2020-12-10,125,48,77
2020-12-10,126,45,81
2020-12-10,133,63,70
2020-12-10,101,36,65
2020-12-10,81,37,44
2020-12-10,61,24,37
2020-12-10,56,26,30
2020-12-10,55,20,35
2020-12-10,68,32,36
2020-12-10,102,41,61
2020-12-10,88,44,44
2020-12-10,63,25,38
2020-12-10,16,7,9
2020-12-10,9,3,6
2020-12-10,0,0,0
2020-12-10,0,0,0
2020-12-10,3,1,2
2020-12-10,2,1,1
2020-12-09,6,2,4
2020-12-09,13,3,10
2020-12-09,10,6,4
2020-12-09,20,3,17
2020-12-09,53,26,27
2020-12-09,94,37,57
2020-12-09,115,38,77
2020-12-09,148,57,91
2020-12-09,139,62,77
2020-12-09,112,46,66
2020-12-09,67,34,33
2020-12-09,80,42,38
2020-12-09,49,22,27
2020-12-09,45,20,25
2020-12-09,54,26,28
2020-12-09,83,39,44
2020-12-09,78,37,41
2020-12-09,56,16,40
2020-12-09,19,8,11
2020-12-09,4,2,2
2020-12-09,0,0,0
2020-12-09,1,1,0
2020-12-09,5,0,5
2020-12-09,2,0,2
2020-12-08,5,3,2
2020-12-08,9,5,4
2020-12-08,13,2,11
2020-12-08,17,6,11
2020-12-08,36,12,24
2020-12-08,57,22,35
2020-12-08,85,18,67
2020-12-08,80,37,43
2020-12-08,50,23,27
2020-12-08,38,18,20
2020-12-08,38,19,19
2020-12-08,33,10,23
2020-12-08,36,20,16
2020-12-08,40,17,23
2020-12-08,65,23,42
2020-12-08,86,34,52
2020-12-08,98,49,49
2020-12-08,43,13,30
2020-12-08,20,14,6
2020-12-08,4,2,2
2020-12-08,0,0,0
2020-12-08,0,0,0
2020-12-08,0,0,0
2020-12-08,2,0,2
2020-12-07,12,5,7
2020-12-07,11,3,8
2020-12-07,17,4,13
2020-12-07,29,13,16
2020-12-07,38,13,25
2020-12-07,85,26,59
2020-12-07,135,37,98
2020-12-07,144,50,94
2020-12-07,134,61,73
2020-12-07,110,46,64
2020-12-07,82,43,39
2020-12-07,75,37,38
2020-12-07,55,23,32
2020-12-07,64,30,34
2020-12-07,82,24,58
2020-12-07,115,39,76
2020-12-07,90,43,47
2020-12-07,57,20,37
2020-12-07,17,10,7
2020-12-07,9,3,6
2020-12-07,0,0,0
2020-12-07,1,1,0
2020-12-07,1,0,1
2020-12-07,0,0,0
2020-12-06,5,1,4
2020-12-06,9,2,7
2020-12-06,6,4,2
2020-12-06,22,4,18
2020-12-06,24,13,11
2020-12-06,24,7,17
2020-12-06,47,21,26
2020-12-06,116,58,58
2020-12-06,194,100,94
2020-12-06,213,108,105
2020-12-06,196,95,101
2020-12-06,193,84,109
2020-12-06,150,91,59
2020-12-06,86,38,48
2020-12-06,81,38,43
2020-12-06,21,10,11
2020-12-06,23,13,10
2020-12-06,11,3,8
2020-12-06,9,5,4
2020-12-06,2,1,1
2020-12-06,1,0,1
2020-12-06,3,1,2
2020-12-06,1,0,1
2020-12-06,4,0,4
2020-12-05,5,1,4
2020-12-05,7,3,4
2020-12-05,16,8,8
2020-12-05,25,13,12
2020-12-05,20,10,10
2020-12-05,44,21,23
2020-12-05,81,32,49
2020-12-05,208,104,104
2020-12-05,350,171,179
2020-12-05,434,202,232
2020-12-05,374,171,203
2020-12-05,315,137,178
2020-12-05,247,109,138
2020-12-05,185,85,100
2020-12-05,97,51,46
2020-12-05,55,29,26
2020-12-05,25,12,13
2020-12-05,17,7,10
2020-12-05,8,5,3
2020-12-05,1,0,1
2020-12-05,3,3,0
2020-12-05,0,0,0
2020-12-05,4,1,3
2020-12-05,1,0,1
2020-12-04,3,0,3
2020-12-04,26,10,16
2020-12-04,19,9,10
2020-12-04,51,26,25
2020-12-04,50,18,32
2020-12-04,98,39,59
2020-12-04,154,46,108
2020-12-04,186,69,117
2020-12-04,244,111,133
2020-12-04,191,96,95
2020-12-04,152,70,82
2020-12-04,124,65,59
2020-12-04,109,54,55
2020-12-04,76,32,44
2020-12-04,85,34,51
2020-12-04,124,46,78
2020-12-04,84,35,49
2020-12-04,45,17,28
2020-12-04,21,10,11
2020-12-04,6,1,5
2020-12-04,3,0,3
2020-12-04,4,0,4
2020-12-04,5,2,3
2020-12-04,4,2,2
2020-12-03,2,0,2
2020-12-03,8,3,5
2020-12-03,16,3,13
2020-12-03,19,7,12
2020-12-03,43,16,27
2020-12-03,99,39,60
2020-12-03,126,34,92
2020-12-03,128,48,80
2020-12-03,123,61,62
2020-12-03,95,44,51
2020-12-03,90,46,44
2020-12-03,86,47,39
2020-12-03,75,41,34
2020-12-03,68,33,35
2020-12-03,78,26,52
2020-12-03,117,44,73
2020-12-03,98,46,52
2020-12-03,49,19,30
2020-12-03,26,11,15
2020-12-03,6,2,4
2020-12-03,0,0,0
2020-12-03,2,1,1
2020-12-03,2,0,2
2020-12-03,4,1,3
2020-12-02,5,1,4
2020-12-02,15,4,11
2020-12-02,15,4,11
2020-12-02,24,8,16
2020-12-02,44,19,25
2020-12-02,86,25,61
2020-12-02,135,40,95
2020-12-02,208,81,127
2020-12-02,204,95,109
2020-12-02,162,91,71
2020-12-02,149,68,81
2020-12-02,145,71,74
2020-12-02,99,57,42
2020-12-02,80,31,49
2020-12-02,76,28,48
2020-12-02,104,43,61
2020-12-02,93,40,53
2020-12-02,53,17,36
2020-12-02,15,9,6
2020-12-02,5,3,2
2020-12-02,0,0,0
2020-12-02,0,0,0
2020-12-02,0,0,0
2020-12-02,3,0,3
2020-12-01,5,1,4
2020-12-01,14,5,9
2020-12-01,22,5,17
2020-12-01,19,4,15
2020-12-01,50,19,31
2020-12-01,80,29,51
2020-12-01,131,28,103
2020-12-01,165,63,102
2020-12-01,169,84,85
2020-12-01,127,60,67
2020-12-01,92,45,47
2020-12-01,92,35,57
2020-12-01,84,40,44
2020-12-01,60,30,30
2020-12-01,76,27,49
2020-12-01,116,35,81
2020-12-01,108,52,56
2020-12-01,46,17,29
2020-12-01,26,14,12
2020-12-01,4,0,4
2020-12-01,0,0,0
2020-12-01,1,0,1
2020-12-01,1,1,0
2020-12-01,0,0,0
2020-11-30,5,0,5
2020-11-30,11,5,6
2020-11-30,11,6,5
2020-11-30,22,12,10
2020-11-30,35,17,18
2020-11-30,81,16,65
2020-11-30,91,31,60
2020-11-30,141,54,87
2020-11-30,154,73,81
2020-11-30,111,56,55
2020-11-30,99,52,47
2020-11-30,87,38,49
2020-11-30,69,34,35
2020-11-30,49,21,28
2020-11-30,78,32,46
2020-11-30,86,32,54
2020-11-30,68,30,38
2020-11-30,27,16,11
2020-11-30,10,5,5
2020-11-30,1,1,0
2020-11-30,0,0,0
2020-11-30,0,0,0
2020-11-30,0,0,0
2020-11-30,0,0,0
2020-11-29,2,1,1
2020-11-29,7,0,7
2020-11-29,6,1,5
2020-11-29,18,11,7
2020-11-29,20,10,10
2020-11-29,22,6,16
2020-11-29,76,36,40
2020-11-29,159,71,88
2020-11-29,373,153,220
2020-11-29,316,167,149
2020-11-29,263,119,144
2020-11-29,200,103,97
2020-11-29,139,73,66
2020-11-29,98,47,51
2020-11-29,65,32,33
2020-11-29,26,12,14
2020-11-29,24,13,11
2020-11-29,10,6,4
2020-11-29,8,2,6
2020-11-29,2,0,2
2020-11-29,2,1,1
2020-11-29,2,1,1
2020-11-29,0,0,0
2020-11-29,4,0,4
2020-11-28,2,0,2
2020-11-28,5,4,1
2020-11-28,28,6,22
2020-11-28,15,6,9
2020-11-28,17,9,8
2020-11-28,26,13,13
2020-11-28,48,19,29
2020-11-28,81,25,56
2020-11-28,129,63,66
2020-11-28,107,50,57
2020-11-28,67,27,40
2020-11-28,57,17,40
2020-11-28,74,27,47
2020-11-28,48,29,19
2020-11-28,54,20,34
2020-11-28,41,18,23
2020-11-28,28,12,16
2020-11-28,10,6,4
2020-11-28,4,2,2
2020-11-28,1,0,1
2020-11-28,2,1,1
2020-11-28,1,1,0
2020-11-28,2,1,1
2020-11-28,2,1,1
2020-11-27,2,0,2
2020-11-27,4,1,3
2020-11-27,9,2,7
2020-11-27,11,4,7
2020-11-27,16,6,10
2020-11-27,28,10,18
2020-11-27,65,27,38
2020-11-27,170,78,92
2020-11-27,272,116,156
2020-11-27,254,126,128
2020-11-27,291,132,159
2020-11-27,237,104,133
2020-11-27,183,102,81
2020-11-27,133,67,66
2020-11-27,80,25,55
2020-11-27,47,21,26
2020-11-27,24,8,16
2020-11-27,16,9,7
2020-11-27,3,1,2
2020-11-27,2,0,2
2020-11-27,0,0,0
2020-11-27,1,1,0
2020-11-27,5,3,2
2020-11-27,1,0,1
2020-11-26,4,2,2
2020-11-26,4,1,3
2020-11-26,6,2,4
2020-11-26,5,3,2
2020-11-26,11,7,4
2020-11-26,12,3,9
2020-11-26,10,3,7
2020-11-26,34,19,15
2020-11-26,56,16,40
2020-11-26,95,37,58
2020-11-26,79,38,41
2020-11-26,72,35,37
2020-11-26,77,42,35
2020-11-26,66,30,36
2020-11-26,71,28,43
2020-11-26,38,23,15
2020-11-26,19,9,10
2020-11-26,5,3,2
2020-11-26,3,0,3
2020-11-26,1,0,1
2020-11-26,0,0,0
2020-11-26,4,0,4
2020-11-26,0,0,0
2020-11-26,4,1,3
2020-11-25,13,8,5
2020-11-25,16,9,7
2020-11-25,12,2,10
2020-11-25,21,9,12
2020-11-25,27,8,19
2020-11-25,44,21,23
2020-11-25,89,32,57
2020-11-25,179,82,97
2020-11-25,185,81,104
2020-11-25,161,70,91
2020-11-25,130,54,76
2020-11-25,108,43,65
2020-11-25,91,49,42
2020-11-25,70,26,44
2020-11-25,76,23,53
2020-11-25,96,35,61
2020-11-25,68,28,40
2020-11-25,43,19,24
2020-11-25,9,7,2
2020-11-25,6,0,6
2020-11-25,1,1,0
2020-11-25,2,1,1
2020-11-25,3,1,2
2020-11-25,2,1,1
2020-11-24,7,2,5
2020-11-24,7,3,4
2020-11-24,7,2,5
2020-11-24,18,5,13
2020-11-24,36,18,18
2020-11-24,49,21,28
2020-11-24,89,21,68
2020-11-24,69,32,37
2020-11-24,56,25,31
2020-11-24,39,20,19
2020-11-24,41,15,26
2020-11-24,38,17,21
2020-11-24,49,25,24
2020-11-24,44,18,26
2020-11-24,67,18,49
2020-11-24,93,31,62
2020-11-24,72,34,38
2020-11-24,35,15,20
2020-11-24,14,8,6
2020-11-24,1,0,1
2020-11-24,2,0,2
2020-11-24,1,1,0
2020-11-24,1,0,1
2020-11-24,2,1,1
2020-11-23,3,3,0
2020-11-23,7,0,7
2020-11-23,9,2,7
2020-11-23,21,10,11
2020-11-23,44,13,31
2020-11-23,77,27,50
2020-11-23,101,27,74
2020-11-23,99,40,59
2020-11-23,110,50,60
2020-11-23,82,32,50
2020-11-23,50,25,25
2020-11-23,45,16,29
2020-11-23,32,16,16
2020-11-23,28,15,13
2020-11-23,42,18,24
2020-11-23,91,31,60
2020-11-23,76,35,41
2020-11-23,41,17,24
2020-11-23,14,7,7
2020-11-23,4,1,3
2020-11-23,0,0,0
2020-11-23,1,0,1
2020-11-23,2,1,1
2020-11-23,1,1,0
2020-11-22,4,1,3
2020-11-22,5,2,3
2020-11-22,8,5,3
2020-11-22,9,5,4
2020-11-22,12,6,6
2020-11-22,20,11,9
2020-11-22,21,10,11
2020-11-22,34,14,20
2020-11-22,44,19,25
2020-11-22,83,36,47
2020-11-22,108,51,57
2020-11-22,121,72,49
2020-11-22,130,59,71
2020-11-22,127,67,60
2020-11-22,83,28,55
2020-11-22,55,32,23
2020-11-22,22,5,17
2020-11-22,6,2,4
2020-11-22,7,3,4
2020-11-22,1,1,0
2020-11-22,5,4,1
2020-11-22,1,1,0
2020-11-22,4,0,4
2020-11-22,6,4,2
2020-11-21,10,3,7
2020-11-21,9,1,8
2020-11-21,6,1,5
2020-11-21,13,2,11
2020-11-21,19,10,9
2020-11-21,53,25,28
2020-11-21,82,27,55
2020-11-21,271,154,117
2020-11-21,299,143,156
2020-11-21,376,192,184
2020-11-21,366,189,177
2020-11-21,343,180,163
2020-11-21,253,129,124
2020-11-21,175,83,92
2020-11-21,113,54,59
2020-11-21,67,38,29
2020-11-21,33,16,17
2020-11-21,13,3,10
2020-11-21,8,3,5
2020-11-21,2,1,1
2020-11-21,1,0,1
2020-11-21,5,2,3
2020-11-21,2,0,2
2020-11-21,12,4,8
2020-11-20,9,5,4
2020-11-20,16,6,10
2020-11-20,21,6,15
2020-11-20,27,11,16
2020-11-20,35,14,21
2020-11-20,59,24,35
2020-11-20,126,38,88
2020-11-20,134,50,84
2020-11-20,126,58,68
2020-11-20,81,30,51
2020-11-20,58,34,24
2020-11-20,45,16,29
2020-11-20,51,26,25
2020-11-20,39,13,26
2020-11-20,73,20,53
2020-11-20,100,43,57
2020-11-20,73,38,35
2020-11-20,48,16,32
2020-11-20,16,9,7
2020-11-20,5,1,4
2020-11-20,0,0,0
2020-11-20,1,1,0
2020-11-20,5,3,2
2020-11-20,2,1,1
2020-11-19,7,3,4
2020-11-19,16,9,7
2020-11-19,16,3,13
2020-11-19,31,7,24
2020-11-19,41,15,26
2020-11-19,82,31,51
2020-11-19,120,38,82
2020-11-19,176,79,97
2020-11-19,121,54,67
2020-11-19,92,41,51
2020-11-19,84,47,37
2020-11-19,83,41,42
2020-11-19,70,36,34
2020-11-19,60,24,36
2020-11-19,69,24,45
2020-11-19,113,43,70
2020-11-19,93,38,55
2020-11-19,46,16,30
2020-11-19,14,6,8
2020-11-19,10,1,9
2020-11-19,0,0,0
2020-11-19,0,0,0
2020-11-19,1,1,0
2020-11-19,3,2,1
2020-11-18,5,1,4
2020-11-18,9,0,9
2020-11-18,20,6,14
2020-11-18,23,9,14
2020-11-18,23,11,12
2020-11-18,47,16,31
2020-11-18,103,29,74
2020-11-18,92,35,57
2020-11-18,60,24,36
2020-11-18,34,8,26
2020-11-18,47,21,26
2020-11-18,37,19,18
2020-11-18,27,11,16
2020-11-18,30,10,20
2020-11-18,61,22,39
2020-11-18,80,33,47
2020-11-18,72,30,42
2020-11-18,39,10,29
2020-11-18,12,5,7
2020-11-18,3,0,3
2020-11-18,0,0,0
2020-11-18,2,1,1
2020-11-18,2,1,1
2020-11-18,1,0,1
2020-11-17,1,0,1
2020-11-17,6,3,3
2020-11-17,10,5,5
2020-11-17,12,6,6
2020-11-17,38,17,21
2020-11-17,55,16,39
2020-11-17,76,20,56
2020-11-17,105,39,66
2020-11-17,93,43,50
2020-11-17,45,17,28
2020-11-17,33,18,15
2020-11-17,25,13,12
2020-11-17,52,20,32
2020-11-17,38,17,21
2020-11-17,69,25,44
2020-11-17,96,33,63
2020-11-17,103,38,65
2020-11-17,41,17,24
2020-11-17,23,11,12
2020-11-17,4,1,3
2020-11-17,4,3,1
2020-11-17,2,0,2
2020-11-17,3,1,2
2020-11-17,1,1,0
2020-11-16,2,0,2
2020-11-16,4,2,2
2020-11-16,19,7,12
2020-11-16,17,6,11
2020-11-16,24,5,19
2020-11-16,59,19,40
2020-11-16,84,28,56
2020-11-16,67,21,46
2020-11-16,42,14,28
2020-11-16,14,4,10
2020-11-16,24,13,11
2020-11-16,28,11,17
2020-11-16,23,10,13
2020-11-16,17,6,11
2020-11-16,58,20,38
2020-11-16,103,44,59
2020-11-16,78,30,48
2020-11-16,47,15,32
2020-11-16,15,7,8
2020-11-16,6,2,4
2020-11-16,2,2,0
2020-11-16,3,3,0
2020-11-16,1,0,1
2020-11-16,6,3,3
2020-11-15,3,0,3
2020-11-15,11,6,5
2020-11-15,13,8,5
2020-11-15,13,8,5
2020-11-15,25,6,19
2020-11-15,32,20,12
2020-11-15,52,24,28
2020-11-15,149,74,75
2020-11-15,204,108,96
2020-11-15,197,85,112
2020-11-15,152,81,71
2020-11-15,131,66,65
2020-11-15,157,74,83
2020-11-15,101,52,49
2020-11-15,76,39,37
2020-11-15,23,13,10
2020-11-15,17,5,12
2020-11-15,8,8,0
2020-11-15,3,2,1
2020-11-15,1,0,1
2020-11-15,2,1,1
2020-11-15,1,1,0
2020-11-15,0,0,0
2020-11-15,5,3,2
2020-11-14,4,0,4
2020-11-14,4,4,0
2020-11-14,3,2,1
2020-11-14,3,1,2
2020-11-14,7,3,4
2020-11-14,20,8,12
2020-11-14,25,14,11
2020-11-14,40,12,28
2020-11-14,55,30,25
2020-11-14,100,41,59
2020-11-14,123,72,51
2020-11-14,177,86,91
2020-11-14,207,105,102
2020-11-14,132,65,67
2020-11-14,96,37,59
2020-11-14,70,37,33
2020-11-14,38,16,22
2020-11-14,8,1,7
2020-11-14,6,2,4
2020-11-14,0,0,0
2020-11-14,2,1,1
2020-11-14,1,0,1
2020-11-14,13,8,5
2020-11-14,4,1,3
2020-11-13,9,4,5
2020-11-13,26,2,24
2020-11-13,25,9,16
2020-11-13,18,10,8
2020-11-13,48,24,24
2020-11-13,95,37,58
2020-11-13,142,36,106
2020-11-13,179,83,96
2020-11-13,141,64,77
2020-11-13,114,43,71
2020-11-13,106,59,47
2020-11-13,89,46,43
2020-11-13,63,31,32
2020-11-13,39,16,23
2020-11-13,70,26,44
2020-11-13,74,32,42
2020-11-13,68,24,44
2020-11-13,29,9,20
2020-11-13,7,2,5
2020-11-13,3,1,2
2020-11-13,1,0,1
2020-11-13,0,0,0
2020-11-13,0,0,0
2020-11-13,2,0,2
2020-11-12,7,3,4
2020-11-12,11,5,6
2020-11-12,15,4,11
2020-11-12,19,7,12
2020-11-12,47,13,34
2020-11-12,87,38,49
2020-11-12,116,26,90
2020-11-12,96,31,65
2020-11-12,78,32,46
2020-11-12,84,31,53
2020-11-12,77,34,43
2020-11-12,71,37,34
2020-11-12,65,28,37
2020-11-12,56,24,32
2020-11-12,69,27,42
2020-11-12,137,58,79
2020-11-12,104,42,62
2020-11-12,56,22,34
2020-11-12,12,6,6
2020-11-12,4,2,2
2020-11-12,0,0,0
2020-11-12,2,1,1
2020-11-12,2,1,1
2020-11-12,4,1,3
2020-11-11,9,1,8
2020-11-11,15,6,9
2020-11-11,13,3,10
2020-11-11,44,19,25
2020-11-11,63,15,48
2020-11-11,84,37,47
2020-11-11,137,44,93
2020-11-11,186,73,113
2020-11-11,188,88,100
2020-11-11,157,80,77
2020-11-11,139,52,87
2020-11-11,115,59,56
2020-11-11,92,51,41
2020-11-11,79,32,47
2020-11-11,90,45,45
2020-11-11,128,55,73
2020-11-11,94,41,53
2020-11-11,44,15,29
2020-11-11,22,13,9
2020-11-11,2,1,1
2020-11-11,0,0,0
2020-11-11,2,2,0
2020-11-11,1,0,1
2020-11-11,3,0,3
2020-11-10,9,1,8
2020-11-10,8,3,5
2020-11-10,25,9,16
2020-11-10,23,6,17
2020-11-10,61,27,34
2020-11-10,92,45,47
2020-11-10,148,40,108
2020-11-10,114,38,76
2020-11-10,81,31,50
2020-11-10,66,33,33
2020-11-10,56,27,29
2020-11-10,72,39,33
2020-11-10,81,36,45
2020-11-10,50,25,25
2020-11-10,80,29,51
2020-11-10,120,45,75
2020-11-10,111,49,62
2020-11-10,48,15,33
2020-11-10,20,9,11
2020-11-10,5,1,4
2020-11-10,1,0,1
2020-11-10,0,0,0
2020-11-10,1,1,0
2020-11-10,1,1,0
2020-11-09,2,0,2
2020-11-09,7,2,5
2020-11-09,11,4,7
2020-11-09,24,11,13
2020-11-09,31,8,23
2020-11-09,64,26,38
2020-11-09,121,30,91
2020-11-09,124,30,94
2020-11-09,108,35,73
2020-11-09,68,24,44
2020-11-09,79,35,44
2020-11-09,61,27,34
2020-11-09,57,29,28
2020-11-09,43,23,20
2020-11-09,85,28,57
2020-11-09,149,60,89
2020-11-09,100,44,56
2020-11-09,46,14,32
2020-11-09,22,9,13
2020-11-09,5,1,4
2020-11-09,1,1,0
2020-11-09,0,0,0
2020-11-09,1,0,1
2020-11-09,0,0,0
2020-11-08,4,2,2
2020-11-08,11,4,7
2020-11-08,7,3,4
2020-11-08,17,9,8
2020-11-08,21,10,11
2020-11-08,35,12,23
2020-11-08,85,37,48
2020-11-08,187,104,83
2020-11-08,279,127,152
2020-11-08,315,170,145
2020-11-08,241,127,114
2020-11-08,203,82,121
2020-11-08,151,69,82
2020-11-08,113,49,64
2020-11-08,81,29,52
2020-11-08,30,13,17
2020-11-08,34,11,23
2020-11-08,13,6,7
2020-11-08,10,4,6
2020-11-08,0,0,0
2020-11-08,1,0,1
2020-11-08,4,4,0
2020-11-08,4,2,2
2020-11-08,10,5,5
2020-11-07,7,3,4
2020-11-07,10,3,7
2020-11-07,12,7,5
2020-11-07,28,8,20
2020-11-07,20,9,11
2020-11-07,51,13,38
2020-11-07,66,33,33
2020-11-07,143,57,86
2020-11-07,168,73,95
2020-11-07,192,82,110
2020-11-07,132,63,69
2020-11-07,138,42,96
2020-11-07,180,99,81
2020-11-07,139,63,76
2020-11-07,100,36,64
2020-11-07,57,19,38
2020-11-07,31,11,20
2020-11-07,20,7,13
2020-11-07,12,4,8
2020-11-07,0,0,0
2020-11-07,2,0,2
2020-11-07,0,0,0
2020-11-07,2,0,2
2020-11-07,11,5,6
2020-11-06,22,13,9
2020-11-06,16,7,9
2020-11-06,23,9,14
2020-11-06,31,18,13
2020-11-06,50,17,33
2020-11-06,95,38,57
2020-11-06,169,55,114
2020-11-06,201,85,116
2020-11-06,179,76,103
2020-11-06,106,55,51
2020-11-06,121,51,70
2020-11-06,78,40,38
2020-11-06,79,39,40
2020-11-06,75,25,50
2020-11-06,92,32,60
2020-11-06,100,37,63
2020-11-06,111,51,60
2020-11-06,44,16,28
2020-11-06,11,4,7
2020-11-06,5,2,3
2020-11-06,0,0,0
2020-11-06,0,0,0
2020-11-06,1,0,1
2020-11-06,5,2,3
2020-11-05,8,3,5
2020-11-05,11,7,4
2020-11-05,27,11,16
2020-11-05,29,12,17
2020-11-05,52,20,32
2020-11-05,77,32,45
2020-11-05,135,47,88
2020-11-05,85,28,57
2020-11-05,68,26,42
2020-11-05,35,12,23
2020-11-05,39,19,20
2020-11-05,39,24,15
2020-11-05,40,17,23
2020-11-05,50,15,35
2020-11-05,54,16,38
2020-11-05,121,49,72
2020-11-05,90,39,51
2020-11-05,51,22,29
2020-11-05,17,6,11
2020-11-05,6,3,3
2020-11-05,3,3,0
2020-11-05,0,0,0
2020-11-05,3,0,3
2020-11-05,3,1,2
2020-11-04,4,2,2
2020-11-04,10,2,8
2020-11-04,19,11,8
2020-11-04,31,3,28
2020-11-04,33,10,23
2020-11-04,83,31,52
2020-11-04,87,31,56
2020-11-04,123,48,75
2020-11-04,87,36,51
2020-11-04,70,20,50
2020-11-04,69,21,48
2020-11-04,79,33,46
2020-11-04,57,35,22
2020-11-04,45,22,23
2020-11-04,68,21,47
2020-11-04,93,39,54
2020-11-04,80,35,45
2020-11-04,43,16,27
2020-11-04,15,6,9
2020-11-04,5,2,3
2020-11-04,1,0,1
2020-11-04,1,0,1
2020-11-04,1,1,0
2020-11-04,4,1,3
2020-11-03,3,1,2
2020-11-03,6,3,3
2020-11-03,10,3,7
2020-11-03,17,7,10
2020-11-03,23,5,18
2020-11-03,49,17,32
2020-11-03,117,41,76
2020-11-03,114,36,78
2020-11-03,67,25,42
2020-11-03,33,17,16
2020-11-03,21,10,11
2020-11-03,35,18,17
2020-11-03,14,6,8
2020-11-03,25,13,12
2020-11-03,40,15,25
2020-11-03,77,30,47
2020-11-03,84,37,47
2020-11-03,54,23,31
2020-11-03,21,8,13
2020-11-03,5,2,3
2020-11-03,0,0,0
2020-11-03,2,2,0
2020-11-03,4,0,4
2020-11-03,4,2,2
2020-11-02,4,3,1
2020-11-02,19,10,9
2020-11-02,16,4,12
2020-11-02,47,17,30
2020-11-02,66,17,49
2020-11-02,116,46,70
2020-11-02,279,93,186
2020-11-02,269,119,150
2020-11-02,244,113,131
2020-11-02,162,68,94
2020-11-02,135,69,66
2020-11-02,132,66,66
2020-11-02,92,39,53
2020-11-02,79,32,47
2020-11-02,97,38,59
2020-11-02,167,58,109
2020-11-02,158,69,89
2020-11-02,62,20,42
2020-11-02,23,10,13
2020-11-02,0,0,0
2020-11-02,0,0,0
2020-11-02,1,1,0
2020-11-02,1,0,1
2020-11-02,3,1,2
2020-11-01,4,2,2
2020-11-01,9,3,6
2020-11-01,12,2,10
2020-11-01,13,5,8
2020-11-01,42,23,19
2020-11-01,41,13,28
2020-11-01,105,50,55
2020-11-01,217,106,111
2020-11-01,260,104,156
2020-11-01,316,165,151
2020-11-01,334,159,175
2020-11-01,287,162,125
2020-11-01,272,120,152
2020-11-01,161,72,89
2020-11-01,110,38,72
2020-11-01,59,36,23
2020-11-01,44,17,27
2020-11-01,12,8,4
2020-11-01,9,4,5
2020-11-01,0,0,0
2020-11-01,1,1,0
2020-11-01,0,0,0
2020-11-01,15,8,7
2020-11-01,14,4,10
2020-10-31,15,10,5
2020-10-31,23,7,16
2020-10-31,18,5,13
2020-10-31,36,14,22
2020-10-31,54,20,34
2020-10-31,81,45,36
2020-10-31,167,93,74
2020-10-31,439,151,288
2020-10-31,305,148,157
2020-10-31,381,196,185
2020-10-31,309,128,181
2020-10-31,251,127,124
2020-10-31,229,114,115
2020-10-31,153,72,81
2020-10-31,106,55,51
2020-10-31,57,23,34
2020-10-31,27,10,17
2020-10-31,7,3,4
2020-10-31,7,2,5
2020-10-31,3,2,1
2020-10-31,1,0,1
2020-10-31,3,2,1
2020-10-31,6,1,5
2020-10-31,12,1,11
2020-10-30,16,7,9
2020-10-30,17,6,11
2020-10-30,36,11,25
2020-10-30,37,15,22
2020-10-30,69,21,48
2020-10-30,141,46,95
2020-10-30,236,133,103
2020-10-30,214,103,111
2020-10-30,190,79,111
2020-10-30,159,74,85
2020-10-30,125,69,56
2020-10-30,106,54,52
2020-10-30,91,43,48
2020-10-30,69,23,46
2020-10-30,84,29,55
2020-10-30,105,37,68
2020-10-30,86,37,49
2020-10-30,41,18,23
2020-10-30,13,3,10
2020-10-30,4,1,3
2020-10-30,1,0,1
2020-10-30,2,1,1
2020-10-30,1,0,1
2020-10-30,1,0,1
2020-10-29,11,1,10
2020-10-29,21,12,9
2020-10-29,47,16,31
2020-10-29,51,21,30
2020-10-29,83,26,57
2020-10-29,226,84,142
2020-10-29,358,125,233
2020-10-29,276,111,165
2020-10-29,173,78,95
2020-10-29,114,49,65
2020-10-29,95,38,57
2020-10-29,76,37,39
2020-10-29,85,36,49
2020-10-29,66,33,33
2020-10-29,95,35,60
2020-10-29,150,49,101
2020-10-29,129,59,70
2020-10-29,58,24,34
2020-10-29,19,7,12
2020-10-29,5,1,4
2020-10-29,2,1,1
2020-10-29,2,1,1
2020-10-29,6,2,4
2020-10-29,6,1,5
2020-10-28,12,4,8
2020-10-28,26,9,17
2020-10-28,32,16,16
2020-10-28,50,15,35
2020-10-28,72,21,51
2020-10-28,188,65,123
2020-10-28,249,91,158
2020-10-28,183,67,116
2020-10-28,134,56,78
2020-10-28,120,48,72
2020-10-28,95,38,57
2020-10-28,90,44,46
2020-10-28,86,38,48
2020-10-28,75,35,40
2020-10-28,115,41,74
2020-10-28,153,69,84
2020-10-28,134,57,77
2020-10-28,73,30,43
2020-10-28,18,9,9
2020-10-28,6,1,5
2020-10-28,1,0,1
2020-10-28,2,0,2
2020-10-28,5,1,4
2020-10-28,5,0,5
2020-10-27,11,8,3
2020-10-27,19,9,10
2020-10-27,26,12,14
2020-10-27,32,16,16
2020-10-27,80,29,51
2020-10-27,160,61,99
2020-10-27,319,109,210
2020-10-27,250,104,146
2020-10-27,211,74,137
2020-10-27,124,68,56
2020-10-27,109,46,63
2020-10-27,94,44,50
2020-10-27,83,53,30
2020-10-27,62,30,32
2020-10-27,97,35,62
2020-10-27,149,54,95
2020-10-27,124,49,75
2020-10-27,63,25,38
2020-10-27,18,9,9
2020-10-27,8,1,7
2020-10-27,0,0,0
2020-10-27,0,0,0
2020-10-27,2,0,2
2020-10-27,4,4,0
2020-10-26,7,3,4
2020-10-26,9,3,6
2020-10-26,17,4,13
2020-10-26,34,12,22
2020-10-26,49,17,32
2020-10-26,126,42,84
2020-10-26,226,68,158
2020-10-26,172,56,116
2020-10-26,121,44,77
2020-10-26,74,27,47
2020-10-26,71,32,39
2020-10-26,89,40,49
2020-10-26,58,26,32
2020-10-26,58,25,33
2020-10-26,71,33,38
2020-10-26,124,45,79
2020-10-26,100,51,49
2020-10-26,43,22,21
2020-10-26,18,8,10
2020-10-26,6,3,3
2020-10-26,1,1,0
2020-10-26,0,0,0
2020-10-26,1,0,1
2020-10-26,2,2,0
2020-10-25,4,2,2
2020-10-25,19,11,8
2020-10-25,12,6,6
2020-10-25,19,8,11
2020-10-25,37,18,19
2020-10-25,63,25,38
2020-10-25,131,57,74
2020-10-25,198,108,90
2020-10-25,200,87,113
2020-10-25,254,101,153
2020-10-25,174,68,106
2020-10-25,204,95,109
2020-10-25,122,63,59
2020-10-25,112,51,61
2020-10-25,59,25,34
2020-10-25,38,16,22
2020-10-25,22,14,8
2020-10-25,8,4,4
2020-10-25,5,4,1
2020-10-25,3,2,1
2020-10-25,1,0,1
2020-10-25,2,0,2
2020-10-25,3,2,1
2020-10-25,4,1,3
2020-10-24,12,3,9
2020-10-24,7,5,2
2020-10-24,9,2,7
2020-10-24,31,7,24
2020-10-24,36,11,25
2020-10-24,93,45,48
2020-10-24,144,57,87
2020-10-24,164,69,95
2020-10-24,178,80,98
2020-10-24,185,74,111
2020-10-24,192,72,120
2020-10-24,147,60,87
2020-10-24,136,63,73
2020-10-24,108,39,69
2020-10-24,95,42,53
2020-10-24,67,26,41
2020-10-24,30,12,18
2020-10-24,8,2,6
2020-10-24,9,4,5
2020-10-24,0,0,0
2020-10-24,1,0,1
2020-10-24,1,0,1
2020-10-24,3,1,2
2020-10-24,7,3,4
2020-10-23,5,0,5
2020-10-23,17,6,11
2020-10-23,14,7,7
2020-10-23,18,9,9
2020-10-23,37,13,24
2020-10-23,80,27,53
2020-10-23,106,43,63
2020-10-23,107,47,60
2020-10-23,71,28,43
2020-10-23,67,27,40
2020-10-23,70,35,35
2020-10-23,37,17,20
2020-10-23,46,24,22
2020-10-23,33,14,19
2020-10-23,48,14,34
2020-10-23,78,31,47
2020-10-23,74,27,47
2020-10-23,37,18,19
2020-10-23,19,7,12
2020-10-23,4,1,3
2020-10-23,1,0,1
2020-10-23,0,0,0
2020-10-23,0,0,0
2020-10-23,3,1,2
2020-10-22,8,2,6
2020-10-22,30,11,19
2020-10-22,31,5,26
2020-10-22,36,16,20
2020-10-22,69,23,46
2020-10-22,170,73,97
2020-10-22,288,98,190
2020-10-22,269,101,168
2020-10-22,198,78,120
2020-10-22,129,48,81
2020-10-22,107,54,53
2020-10-22,102,44,58
2020-10-22,71,26,45
2020-10-22,68,29,39
2020-10-22,100,37,63
2020-10-22,162,59,103
2020-10-22,127,46,81
2020-10-22,49,24,25
2020-10-22,25,12,13
2020-10-22,8,3,5
2020-10-22,4,4,0
2020-10-22,0,0,0
2020-10-22,3,2,1
2020-10-22,7,1,6
2020-10-21,10,3,7
2020-10-21,12,6,6
2020-10-21,20,8,12
2020-10-21,29,9,20
2020-10-21,78,30,48
2020-10-21,167,68,99
2020-10-21,265,84,181
2020-10-21,155,54,101
2020-10-21,120,52,68
2020-10-21,72,29,43
2020-10-21,66,33,33
2020-10-21,51,20,31
2020-10-21,33,16,17
2020-10-21,41,15,26
2020-10-21,73,25,48
2020-10-21,134,59,75
2020-10-21,136,45,91
2020-10-21,37,18,19
2020-10-21,19,9,10
2020-10-21,5,2,3
2020-10-21,0,0,0
2020-10-21,0,0,0
2020-10-21,0,0,0
2020-10-21,7,1,6
2020-10-20,11,4,7
2020-10-20,13,3,10
2020-10-20,31,12,19
2020-10-20,54,18,36
2020-10-20,61,25,36
2020-10-20,231,81,150
2020-10-20,385,133,252
2020-10-20,284,120,164
2020-10-20,221,90,131
2020-10-20,130,57,73
2020-10-20,98,42,56
2020-10-20,89,49,40
2020-10-20,76,46,30
2020-10-20,75,28,47
2020-10-20,98,38,60
2020-10-20,157,47,110
2020-10-20,142,64,78
2020-10-20,55,18,37
2020-10-20,19,12,7
2020-10-20,6,3,3
2020-10-20,1,0,1
2020-10-20,0,0,0
2020-10-20,2,1,1
2020-10-20,6,4,2
2020-10-19,7,4,3
2020-10-19,13,7,6
2020-10-19,12,4,8
2020-10-19,27,13,14
2020-10-19,45,17,28
2020-10-19,93,28,65
2020-10-19,158,42,116
2020-10-19,132,38,94
2020-10-19,95,37,58
2020-10-19,65,24,41
2020-10-19,83,34,49
2020-10-19,73,31,42
2020-10-19,79,34,45
2020-10-19,90,29,61
2020-10-19,111,38,73
2020-10-19,149,56,93
2020-10-19,124,48,76
2020-10-19,56,18,38
2020-10-19,19,10,9
2020-10-19,8,5,3
2020-10-19,0,0,0
2020-10-19,3,2,1
2020-10-19,1,0,1
2020-10-19,0,0,0
2020-10-18,5,2,3
2020-10-18,9,1,8
2020-10-18,15,7,8
2020-10-18,16,7,9
2020-10-18,31,17,14
2020-10-18,48,14,34
2020-10-18,97,41,56
2020-10-18,90,28,62
2020-10-18,69,35,34
2020-10-18,54,27,27
2020-10-18,49,21,28
2020-10-18,60,29,31
2020-10-18,63,38,25
2020-10-18,61,31,30
2020-10-18,52,16,36
2020-10-18,43,18,25
2020-10-18,24,11,13
2020-10-18,11,4,7
2020-10-18,8,3,5
2020-10-18,1,1,0
2020-10-18,4,3,1
2020-10-18,4,3,1
2020-10-18,3,1,2
2020-10-18,3,0,3
2020-10-17,5,3,2
2020-10-17,11,2,9
2020-10-17,27,14,13
2020-10-17,42,17,25
2020-10-17,49,20,29
2020-10-17,114,41,73
2020-10-17,167,79,88
2020-10-17,177,69,108
2020-10-17,186,80,106
2020-10-17,172,92,80
2020-10-17,182,85,97
2020-10-17,176,81,95
2020-10-17,131,66,65
2020-10-17,120,54,66
2020-10-17,88,37,51
2020-10-17,65,30,35
2020-10-17,38,10,28
2020-10-17,13,5,8
2020-10-17,8,3,5
2020-10-17,2,1,1
2020-10-17,3,1,2
2020-10-17,1,0,1
2020-10-17,4,1,3
2020-10-17,6,2,4
2020-10-16,23,6,17
2020-10-16,15,5,10
2020-10-16,26,11,15
2020-10-16,35,18,17
2020-10-16,70,32,38
2020-10-16,132,53,79
2020-10-16,151,52,99
2020-10-16,154,63,91
2020-10-16,113,51,62
2020-10-16,111,48,63
2020-10-16,87,35,52
2020-10-16,93,54,39
2020-10-16,83,36,47
2020-10-16,64,27,37
2020-10-16,108,37,71
2020-10-16,143,62,81
2020-10-16,120,51,69
2020-10-16,46,17,29
2020-10-16,24,8,16
2020-10-16,8,5,3
2020-10-16,2,2,0
2020-10-16,4,3,1
2020-10-16,1,1,0
2020-10-16,8,3,5
2020-10-15,11,1,10
2020-10-15,27,13,14
2020-10-15,31,16,15
2020-10-15,52,20,32
2020-10-15,100,37,63
2020-10-15,281,123,158
2020-10-15,367,117,250
2020-10-15,258,115,143
2020-10-15,181,60,121
2020-10-15,154,73,81
2020-10-15,132,60,72
2020-10-15,107,54,53
2020-10-15,95,37,58
2020-10-15,87,32,55
2020-10-15,137,56,81
2020-10-15,188,66,122
2020-10-15,148,70,78
2020-10-15,66,26,40
2020-10-15,23,10,13
2020-10-15,7,3,4
2020-10-15,1,1,0
2020-10-15,0,0,0
2020-10-15,3,1,2
2020-10-15,3,0,3
2020-10-14,10,3,7
2020-10-14,21,11,10
2020-10-14,23,10,13
2020-10-14,52,19,33
2020-10-14,117,53,64
2020-10-14,250,99,151
2020-10-14,344,147,197
2020-10-14,296,118,178
2020-10-14,209,89,120
2020-10-14,153,65,88
2020-10-14,136,56,80
2020-10-14,124,60,64
2020-10-14,130,55,75
2020-10-14,93,33,60
2020-10-14,129,40,89
2020-10-14,165,61,104
2020-10-14,164,81,83
2020-10-14,76,34,42
2020-10-14,22,11,11
2020-10-14,9,2,7
2020-10-14,2,2,0
2020-10-14,2,2,0
2020-10-14,4,1,3
2020-10-14,4,0,4
2020-10-13,6,2,4
2020-10-13,21,4,17
2020-10-13,15,8,7
2020-10-13,31,10,21
2020-10-13,66,22,44
2020-10-13,183,65,118
2020-10-13,225,81,144
2020-10-13,143,59,84
2020-10-13,113,43,70
2020-10-13,68,32,36
2020-10-13,46,24,22
2020-10-13,45,21,24
2020-10-13,39,23,16
2020-10-13,34,9,25
2020-10-13,62,20,42
2020-10-13,79,34,45
2020-10-13,79,34,45
2020-10-13,27,15,12
2020-10-13,14,6,8
2020-10-13,5,1,4
2020-10-13,2,2,0
2020-10-13,6,3,3
2020-10-13,1,0,1
2020-10-13,0,0,0
2020-10-12,6,3,3
2020-10-12,18,5,13
2020-10-12,29,16,13
2020-10-12,43,15,28
2020-10-12,106,45,61
2020-10-12,244,87,157
2020-10-12,326,120,206
2020-10-12,232,107,125
2020-10-12,183,82,101
2020-10-12,114,39,75
2020-10-12,96,44,52
2020-10-12,76,41,35
2020-10-12,55,26,29
2020-10-12,56,23,33
2020-10-12,80,29,51
2020-10-12,144,53,91
2020-10-12,95,46,49
2020-10-12,41,19,22
2020-10-12,17,5,12
2020-10-12,4,3,1
2020-10-12,1,0,1
2020-10-12,0,0,0
2020-10-12,3,1,2
2020-10-12,1,0,1
2020-10-11,6,2,4
2020-10-11,13,5,8
2020-10-11,11,4,7
2020-10-11,10,5,5
2020-10-11,10,3,7
2020-10-11,21,7,14
2020-10-11,34,10,24
2020-10-11,27,16,11
2020-10-11,38,15,23
2020-10-11,31,18,13
2020-10-11,43,23,20
2020-10-11,55,28,27
2020-10-11,81,43,38
2020-10-11,87,45,42
2020-10-11,86,33,53
2020-10-11,48,29,19
2020-10-11,29,14,15
2020-10-11,18,8,10
2020-10-11,10,4,6
2020-10-11,1,1,0
2020-10-11,4,3,1
2020-10-11,3,2,1
2020-10-11,4,1,3
2020-10-11,10,2,8
2020-10-10,15,8,7
2020-10-10,10,6,4
2020-10-10,22,6,16
2020-10-10,26,9,17
2020-10-10,60,22,38
2020-10-10,101,48,53
2020-10-10,156,69,87
2020-10-10,192,68,124
2020-10-10,267,164,103
2020-10-10,173,81,92
2020-10-10,117,66,51
2020-10-10,107,58,49
2020-10-10,75,27,48
2020-10-10,49,24,25
2020-10-10,53,16,37
2020-10-10,28,13,15
2020-10-10,11,5,6
2020-10-10,6,0,6
2020-10-10,6,2,4
2020-10-10,1,0,1
2020-10-10,0,0,0
2020-10-10,2,2,0
2020-10-10,3,2,1
2020-10-10,4,0,4
2020-10-09,12,9,3
2020-10-09,11,1,10
2020-10-09,25,10,15
2020-10-09,50,20,30
2020-10-09,87,37,50
2020-10-09,194,75,119
2020-10-09,303,122,181
2020-10-09,233,86,147
2020-10-09,196,76,120
2020-10-09,145,66,79
2020-10-09,136,61,75
2020-10-09,129,49,80
2020-10-09,86,39,47
2020-10-09,88,30,58
2020-10-09,115,39,76
2020-10-09,182,72,110
2020-10-09,140,59,81
2020-10-09,60,24,36
2020-10-09,22,9,13
2020-10-09,7,4,3
2020-10-09,4,0,4
2020-10-09,2,0,2
2020-10-09,5,2,3
2020-10-09,6,1,5
2020-10-08,12,5,7
2020-10-08,28,20,8
2020-10-08,27,12,15
2020-10-08,54,19,35
2020-10-08,96,32,64
2020-10-08,264,115,149
2020-10-08,376,142,234
2020-10-08,238,99,139
2020-10-08,183,75,108
2020-10-08,120,50,70
2020-10-08,122,58,64
2020-10-08,116,47,69
2020-10-08,70,36,34
2020-10-08,103,40,63
2020-10-08,113,31,82
2020-10-08,184,66,118
2020-10-08,141,61,80
2020-10-08,68,22,46
2020-10-08,27,7,20
2020-10-08,8,4,4
2020-10-08,1,0,1
2020-10-08,3,1,2
2020-10-08,1,0,1
2020-10-08,6,0,6
2020-10-07,10,0,10
2020-10-07,26,4,22
2020-10-07,36,19,17
2020-10-07,57,20,37
2020-10-07,97,26,71
2020-10-07,253,78,175
2020-10-07,342,115,227
2020-10-07,235,101,134
2020-10-07,173,80,93
2020-10-07,94,31,63
2020-10-07,120,49,71
2020-10-07,99,46,53
2020-10-07,85,46,39
2020-10-07,72,30,42
2020-10-07,123,41,82
2020-10-07,193,74,119
2020-10-07,174,88,86
2020-10-07,62,26,36
2020-10-07,29,12,17
2020-10-07,2,1,1
2020-10-07,2,0,2
2020-10-07,0,0,0
2020-10-07,1,0,1
2020-10-07,1,0,1
2020-10-06,19,10,9
2020-10-06,21,9,12
2020-10-06,48,23,25
2020-10-06,82,25,57
2020-10-06,150,61,89
2020-10-06,303,118,185
2020-10-06,447,169,278
2020-10-06,333,110,223
2020-10-06,190,74,116
2020-10-06,151,70,81
2020-10-06,127,65,62
2020-10-06,138,62,76
2020-10-06,87,30,57
2020-10-06,76,35,41
2020-10-06,100,37,63
2020-10-06,179,78,101
2020-10-06,187,83,104
2020-10-06,78,32,46
2020-10-06,23,11,12
2020-10-06,8,5,3
2020-10-06,2,1,1
2020-10-06,2,1,1
2020-10-06,1,0,1
2020-10-06,10,7,3
2020-10-05,8,1,7
2020-10-05,19,6,13
2020-10-05,37,15,22
2020-10-05,48,21,27
2020-10-05,137,60,77
2020-10-05,264,117,147
2020-10-05,402,152,250
2020-10-05,266,110,156
2020-10-05,187,79,108
2020-10-05,134,62,72
2020-10-05,124,62,62
2020-10-05,96,42,54
2020-10-05,77,34,43
2020-10-05,66,25,41
2020-10-05,113,45,68
2020-10-05,188,65,123
2020-10-05,135,57,78
2020-10-05,64,25,39
2020-10-05,21,8,13
2020-10-05,10,4,6
2020-10-05,0,0,0
2020-10-05,3,0,3
2020-10-05,1,1,0
2020-10-05,5,3,2
2020-10-04,7,3,4
2020-10-04,12,6,6
2020-10-04,14,5,9
2020-10-04,37,11,26
2020-10-04,36,11,25
2020-10-04,114,44,70
2020-10-04,146,54,92
2020-10-04,178,78,100
2020-10-04,204,103,101
2020-10-04,183,81,102
2020-10-04,128,49,79
2020-10-04,105,41,64
2020-10-04,98,38,60
2020-10-04,88,41,47
2020-10-04,59,28,31
2020-10-04,45,19,26
2020-10-04,27,9,18
2020-10-04,15,5,10
2020-10-04,8,4,4
2020-10-04,1,1,0
2020-10-04,0,0,0
2020-10-04,2,0,2
2020-10-04,6,5,1
2020-10-04,15,4,11
2020-10-03,7,2,5
2020-10-03,19,11,8
2020-10-03,31,9,22
2020-10-03,31,11,20
2020-10-03,76,42,34
2020-10-03,123,59,64
2020-10-03,158,68,90
2020-10-03,193,76,117
2020-10-03,227,113,114
2020-10-03,217,87,130
2020-10-03,142,68,74
2020-10-03,161,66,95
2020-10-03,218,94,124
2020-10-03,148,66,82
2020-10-03,107,40,67
2020-10-03,81,40,41
2020-10-03,41,25,16
2020-10-03,10,7,3
2020-10-03,11,6,5
2020-10-03,2,1,1
2020-10-03,2,1,1
2020-10-03,0,0,0
2020-10-03,8,3,5
2020-10-03,7,3,4
2020-10-02,18,2,16
2020-10-02,37,18,19
2020-10-02,35,10,25
2020-10-02,68,39,29
2020-10-02,155,82,73
2020-10-02,258,100,158
2020-10-02,366,147,219
2020-10-02,287,118,169
2020-10-02,195,82,113
2020-10-02,181,78,103
2020-10-02,141,68,73
2020-10-02,110,43,67
2020-10-02,73,30,43
2020-10-02,88,36,52
2020-10-02,105,36,69
2020-10-02,150,60,90
2020-10-02,123,55,68
2020-10-02,56,19,37
2020-10-02,22,12,10
2020-10-02,3,1,2
2020-10-02,1,1,0
2020-10-02,4,1,3
2020-10-02,2,0,2
2020-10-02,8,1,7
2020-10-01,11,2,9
2020-10-01,31,11,20
2020-10-01,38,10,28
2020-10-01,61,30,31
2020-10-01,143,62,81
2020-10-01,257,112,145
2020-10-01,340,127,213
2020-10-01,227,84,143
2020-10-01,152,54,98
2020-10-01,129,50,79
2020-10-01,110,50,60
2020-10-01,89,36,53
2020-10-01,72,35,37
2020-10-01,66,25,41
2020-10-01,114,56,58
2020-10-01,153,53,100
2020-10-01,147,62,85
2020-10-01,67,27,40
2020-10-01,30,10,20
2020-10-01,5,1,4
2020-10-01,1,0,1
2020-10-01,2,1,1
2020-10-01,4,1,3
2020-10-01,8,4,4
2020-09-30,17,4,13
2020-09-30,23,10,13
2020-09-30,40,17,23
2020-09-30,70,27,43
2020-09-30,156,51,105
2020-09-30,266,99,167
2020-09-30,348,129,219
2020-09-30,248,89,159
2020-09-30,169,63,106
2020-09-30,146,67,79
2020-09-30,127,58,69
2020-09-30,107,45,62
2020-09-30,89,50,39
2020-09-30,89,45,44
2020-09-30,137,69,68
2020-09-30,193,88,105
2020-09-30,196,84,112
2020-09-30,69,35,34
2020-09-30,22,13,9
2020-09-30,6,5,1
2020-09-30,0,0,0
2020-09-30,1,0,1
2020-09-30,5,3,2
2020-09-30,6,2,4
2020-09-29,14,5,9
2020-09-29,22,3,19
2020-09-29,40,20,20
2020-09-29,71,34,37
2020-09-29,154,52,102
2020-09-29,268,110,158
2020-09-29,482,179,303
2020-09-29,339,134,205
2020-09-29,197,88,109
2020-09-29,150,75,75
2020-09-29,161,72,89
2020-09-29,175,89,86
2020-09-29,129,67,62
2020-09-29,86,34,52
2020-09-29,145,51,94
2020-09-29,215,96,119
2020-09-29,188,88,100
2020-09-29,71,29,42
2020-09-29,20,8,12
2020-09-29,5,2,3
2020-09-29,1,0,1
2020-09-29,1,1,0
2020-09-29,0,0,0
2020-09-29,5,2,3
2020-09-28,6,2,4
2020-09-28,21,10,11
2020-09-28,40,16,24
2020-09-28,57,26,31
2020-09-28,155,54,101
2020-09-28,324,133,191
2020-09-28,405,150,255
2020-09-28,284,97,187
2020-09-28,205,82,123
2020-09-28,175,80,95
2020-09-28,130,76,54
2020-09-28,140,70,70
2020-09-28,97,48,49
2020-09-28,83,34,49
2020-09-28,137,45,92
2020-09-28,175,70,105
2020-09-28,165,73,92
2020-09-28,57,22,35
2020-09-28,27,8,19
2020-09-28,3,2,1
2020-09-28,0,0,0
2020-09-28,2,1,1
2020-09-28,0,0,0
2020-09-28,4,2,2
2020-09-27,11,7,4
2020-09-27,11,3,8
2020-09-27,36,15,21
2020-09-27,0,0,0
2020-09-27,88,42,46
2020-09-27,193,90,103
2020-09-27,250,101,149
2020-09-27,307,124,183
2020-09-27,329,145,184
2020-09-27,297,138,159
2020-09-27,305,135,170
2020-09-27,287,135,152
2020-09-27,261,131,130
2020-09-27,190,90,100
2020-09-27,145,62,83
2020-09-27,92,45,47
2020-09-27,45,15,30
2020-09-27,18,6,12
2020-09-27,14,6,8
2020-09-27,0,0,0
2020-09-27,2,0,2
2020-09-27,6,3,3
2020-09-27,4,0,4
2020-09-27,7,0,7
2020-09-26,15,7,8
2020-09-26,20,7,13
2020-09-26,32,6,26
2020-09-26,55,28,27
2020-09-26,65,36,29
2020-09-26,104,49,55
2020-09-26,163,71,92
2020-09-26,185,91,94
2020-09-26,189,78,111
2020-09-26,204,91,113
2020-09-26,237,123,114
2020-09-26,211,92,119
2020-09-26,233,120,113
2020-09-26,144,79,65
2020-09-26,110,46,64
2020-09-26,86,32,54
2020-09-26,36,11,25
2020-09-26,24,11,13
2020-09-26,6,2,4
2020-09-26,2,1,1
2020-09-26,1,1,0
2020-09-26,1,1,0
2020-09-26,6,2,4
2020-09-26,4,2,2
2020-09-25,15,6,9
2020-09-25,27,7,20
2020-09-25,34,14,20
2020-09-25,35,14,21
2020-09-25,102,51,51
2020-09-25,160,67,93
2020-09-25,187,67,120
2020-09-25,140,53,87
2020-09-25,51,22,29
2020-09-25,46,24,22
2020-09-25,27,9,18
2020-09-25,27,11,16
2020-09-25,24,10,14
2020-09-25,23,7,16
2020-09-25,34,16,18
2020-09-25,57,25,32
2020-09-25,45,26,19
2020-09-25,27,14,13
2020-09-25,14,5,9
2020-09-25,5,1,4
2020-09-25,2,2,0
2020-09-25,0,0,0
2020-09-25,2,1,1
2020-09-25,11,2,9
2020-09-24,6,2,4
2020-09-24,24,12,12
2020-09-24,18,7,11
2020-09-24,44,13,31
2020-09-24,87,35,52
2020-09-24,179,71,108
2020-09-24,223,74,149
2020-09-24,123,44,79
2020-09-24,107,54,53
2020-09-24,64,36,28
2020-09-24,41,14,27
2020-09-24,28,13,15
2020-09-24,23,9,14
2020-09-24,24,9,15
2020-09-24,51,19,32
2020-09-24,100,45,55
2020-09-24,76,33,43
2020-09-24,38,17,21
2020-09-24,15,7,8
2020-09-24,2,1,1
2020-09-24,1,1,0
2020-09-24,0,0,0
2020-09-24,0,0,0
2020-09-24,9,5,4
2020-09-23,6,5,1
2020-09-23,12,2,10
2020-09-23,19,10,9
2020-09-23,20,7,13
2020-09-23,39,17,22
2020-09-23,58,13,45
2020-09-23,89,25,64
2020-09-23,68,19,49
2020-09-23,74,54,20
2020-09-23,40,20,20
2020-09-23,30,12,18
2020-09-23,17,5,12
2020-09-23,33,17,16
2020-09-23,37,8,29
2020-09-23,53,21,32
2020-09-23,118,43,75
2020-09-23,91,40,51
2020-09-23,46,17,29
2020-09-23,17,6,11
2020-09-23,6,3,3
2020-09-23,2,0,2
2020-09-23,2,1,1
2020-09-23,2,0,2
2020-09-23,5,1,4
2020-09-22,22,7,15
2020-09-22,16,6,10
2020-09-22,48,18,30
2020-09-22,80,29,51
2020-09-22,150,65,85
2020-09-22,376,141,235
2020-09-22,454,177,277
2020-09-22,330,139,191
2020-09-22,252,121,131
2020-09-22,166,74,92
2020-09-22,162,76,86
2020-09-22,140,67,73
2020-09-22,120,54,66
2020-09-22,75,30,45
2020-09-22,125,46,79
2020-09-22,183,81,102
2020-09-22,177,76,101
2020-09-22,66,34,32
2020-09-22,32,13,19
2020-09-22,4,2,2
2020-09-22,1,0,1
2020-09-22,2,1,1
2020-09-22,6,3,3
2020-09-22,14,9,5
2020-09-21,11,6,5
2020-09-21,41,18,23
2020-09-21,37,16,21
2020-09-21,45,16,29
2020-09-21,148,57,91
2020-09-21,286,107,179
2020-09-21,342,113,229
2020-09-21,235,93,142
2020-09-21,170,71,99
2020-09-21,132,60,72
2020-09-21,112,58,54
2020-09-21,110,54,56
2020-09-21,67,31,36
2020-09-21,83,39,44
2020-09-21,121,46,75
2020-09-21,186,80,106
2020-09-21,147,70,77
2020-09-21,59,26,33
2020-09-21,24,10,14
2020-09-21,8,4,4
2020-09-21,3,3,0
2020-09-21,5,3,2
2020-09-21,0,0,0
2020-09-21,1,1,0
2020-09-20,6,1,5
2020-09-20,14,3,11
2020-09-20,34,12,22
2020-09-20,55,29,26
2020-09-20,97,40,57
2020-09-20,170,67,103
2020-09-20,244,107,137
2020-09-20,323,137,186
2020-09-20,395,186,209
2020-09-20,348,170,178
2020-09-20,272,121,151
2020-09-20,237,94,143
2020-09-20,189,79,110
2020-09-20,151,80,71
2020-09-20,117,58,59
2020-09-20,70,38,32
2020-09-20,47,16,31
2020-09-20,15,9,6
2020-09-20,12,7,5
2020-09-20,1,1,0
2020-09-20,5,1,4
2020-09-20,3,0,3
2020-09-20,6,6,0
2020-09-20,3,0,3
2020-09-19,11,2,9
2020-09-19,21,8,13
2020-09-19,21,9,12
2020-09-19,34,14,20
2020-09-19,48,26,22
2020-09-19,86,44,42
2020-09-19,127,50,77
2020-09-19,190,75,115
2020-09-19,191,86,105
2020-09-19,214,104,110
2020-09-19,167,80,87
2020-09-19,144,64,80
2020-09-19,163,65,98
2020-09-19,114,56,58
2020-09-19,87,36,51
2020-09-19,42,18,24
2020-09-19,29,11,18
2020-09-19,10,6,4
2020-09-19,6,1,5
2020-09-19,1,1,0
2020-09-19,2,1,1
2020-09-19,1,1,0
2020-09-19,5,2,3
2020-09-19,8,3,5
2020-09-18,12,0,12
2020-09-18,13,6,7
2020-09-18,17,6,11
2020-09-18,30,15,15
2020-09-18,37,19,18
2020-09-18,89,30,59
2020-09-18,73,39,34
2020-09-18,54,23,31
2020-09-18,25,10,15
2020-09-18,30,11,19
2020-09-18,37,10,27
2020-09-18,34,22,12
2020-09-18,41,20,21
2020-09-18,32,10,22
2020-09-18,57,20,37
2020-09-18,53,18,35
2020-09-18,58,31,27
2020-09-18,32,14,18
2020-09-18,16,9,7
2020-09-18,3,1,2
2020-09-18,1,1,0
2020-09-18,1,0,1
2020-09-18,1,0,1
2020-09-18,3,1,2
2020-09-17,6,3,3
2020-09-17,13,5,8
2020-09-17,20,9,11
2020-09-17,38,16,22
2020-09-17,49,21,28
2020-09-17,112,37,75
2020-09-17,119,48,71
2020-09-17,98,39,59
2020-09-17,70,36,34
2020-09-17,53,26,27
2020-09-17,47,21,26
2020-09-17,31,14,17
2020-09-17,44,24,20
2020-09-17,31,9,22
2020-09-17,36,11,25
2020-09-17,51,19,32
2020-09-17,62,26,36
2020-09-17,21,4,17
2020-09-17,21,8,13
2020-09-17,6,3,3
2020-09-17,1,0,1
2020-09-17,1,1,0
2020-09-17,4,4,0
2020-09-17,3,2,1
2020-09-16,5,4,1
2020-09-16,10,2,8
2020-09-16,12,5,7
2020-09-16,40,16,24
2020-09-16,40,20,20
2020-09-16,66,33,33
2020-09-16,97,39,58
2020-09-16,78,27,51
2020-09-16,55,24,31
2020-09-16,39,20,19
2020-09-16,29,10,19
2020-09-16,22,11,11
2020-09-16,28,15,13
2020-09-16,22,6,16
2020-09-16,39,15,24
2020-09-16,45,17,28
2020-09-16,52,18,34
2020-09-16,21,7,14
2020-09-16,16,7,9
2020-09-16,2,2,0
2020-09-16,4,1,3
2020-09-16,0,0,0
2020-09-16,3,0,3
2020-09-16,1,0,1
2020-09-15,3,0,3
2020-09-15,7,2,5
2020-09-15,7,0,7
2020-09-15,15,4,11
2020-09-15,39,17,22
2020-09-15,89,28,61
2020-09-15,89,36,53
2020-09-15,44,16,28
2020-09-15,52,17,35
2020-09-15,34,17,17
2020-09-15,18,4,14
2020-09-15,36,14,22
2020-09-15,32,11,21
2020-09-15,28,9,19
2020-09-15,32,14,18
2020-09-15,44,21,23
2020-09-15,45,18,27
2020-09-15,14,6,8
2020-09-15,10,4,6
2020-09-15,3,2,1
2020-09-15,3,0,3
2020-09-15,0,0,0
2020-09-15,1,0,1
2020-09-15,1,0,1
2020-09-14,3,2,1
2020-09-14,4,3,1
2020-09-14,12,6,6
2020-09-14,18,4,14
2020-09-14,23,13,10
2020-09-14,65,24,41
2020-09-14,71,22,49
2020-09-14,45,14,31
2020-09-14,41,7,34
2020-09-14,25,11,14
2020-09-14,18,6,12
2020-09-14,13,7,6
2020-09-14,28,14,14
2020-09-14,23,5,18
2020-09-14,24,7,17
2020-09-14,55,20,35
2020-09-14,48,17,31
2020-09-14,26,12,14
2020-09-14,16,7,9
2020-09-14,3,2,1
2020-09-14,0,0,0
2020-09-14,1,0,1
2020-09-14,1,0,1
2020-09-14,1,1,0
2020-09-13,3,1,2
2020-09-13,7,4,3
2020-09-13,9,6,3
2020-09-13,9,5,4
2020-09-13,20,10,10
2020-09-13,30,15,15
2020-09-13,29,14,15
2020-09-13,34,19,15
2020-09-13,35,21,14
2020-09-13,34,13,21
2020-09-13,35,15,20
2020-09-13,30,8,22
2020-09-13,24,12,12
2020-09-13,17,8,9
2020-09-13,17,3,14
2020-09-13,12,4,8
2020-09-13,9,4,5
2020-09-13,2,1,1
2020-09-13,7,3,4
2020-09-13,2,2,0
2020-09-13,1,1,0
2020-09-13,2,2,0
2020-09-13,1,0,1
2020-09-13,5,5,0
2020-09-12,0,0,0
2020-09-12,6,1,5
2020-09-12,8,4,4
2020-09-12,17,7,10
2020-09-12,22,11,11
2020-09-12,39,20,19
2020-09-12,22,11,11
2020-09-12,15,10,5
2020-09-12,19,6,13
2020-09-12,31,9,22
2020-09-12,24,12,12
2020-09-12,25,14,11
2020-09-12,19,13,6
2020-09-12,19,9,10
2020-09-12,16,6,10
2020-09-12,19,8,11
2020-09-12,12,8,4
2020-09-12,8,3,5
2020-09-12,5,1,4
2020-09-12,3,3,0
2020-09-12,3,1,2
2020-09-12,1,1,0
2020-09-12,6,5,1
2020-09-12,4,1,3
2020-09-11,3,0,3
2020-09-11,9,3,6
2020-09-11,13,5,8
2020-09-11,30,12,18
2020-09-11,29,10,19
2020-09-11,71,27,44
2020-09-11,92,35,57
2020-09-11,81,30,51
2020-09-11,68,28,40
2020-09-11,53,27,26
2020-09-11,35,9,26
2020-09-11,50,22,28
2020-09-11,38,22,16
2020-09-11,42,15,27
2020-09-11,76,27,49
2020-09-11,82,28,54
2020-09-11,64,30,34
2020-09-11,35,14,21
2020-09-11,11,5,6
2020-09-11,5,3,2
2020-09-11,1,1,0
2020-09-11,1,1,0
2020-09-11,2,2,0
2020-09-11,6,2,4
2020-09-10,13,1,12
2020-09-10,30,13,17
2020-09-10,53,23,30
2020-09-10,79,40,39
2020-09-10,139,51,88
2020-09-10,214,81,133
2020-09-10,258,85,173
2020-09-10,183,63,120
2020-09-10,130,50,80
2020-09-10,100,40,60
2020-09-10,107,50,57
2020-09-10,89,44,45
2020-09-10,99,42,57
2020-09-10,89,41,48
2020-09-10,160,38,122
2020-09-10,148,61,87
2020-09-10,132,52,80
2020-09-10,72,34,38
2020-09-10,26,12,14
2020-09-10,8,3,5
2020-09-10,3,3,0
2020-09-10,1,0,1
2020-09-10,3,2,1
2020-09-10,3,1,2
2020-09-09,17,6,11
2020-09-09,17,5,12
2020-09-09,38,13,25
2020-09-09,91,45,46
2020-09-09,166,63,103
2020-09-09,231,84,147
2020-09-09,286,105,181
2020-09-09,194,74,120
2020-09-09,135,60,75
2020-09-09,93,40,53
2020-09-09,89,42,47
2020-09-09,76,42,34
2020-09-09,83,40,43
2020-09-09,68,35,33
2020-09-09,84,34,50
2020-09-09,153,64,89
2020-09-09,114,47,67
2020-09-09,70,33,37
2020-09-09,31,17,14
2020-09-09,2,1,1
2020-09-09,2,0,2
2020-09-09,1,0,1
2020-09-09,2,1,1
2020-09-09,3,0,3
2020-09-08,5,2,3
2020-09-08,12,2,10
2020-09-08,29,15,14
2020-09-08,56,19,37
2020-09-08,131,60,71
2020-09-08,181,53,128
2020-09-08,203,70,133
2020-09-08,137,58,79
2020-09-08,108,45,63
2020-09-08,82,32,50
2020-09-08,76,36,40
2020-09-08,49,15,34
2020-09-08,59,24,35
2020-09-08,53,23,30
2020-09-08,82,31,51
2020-09-08,117,45,72
2020-09-08,120,62,58
2020-09-08,52,23,29
2020-09-08,25,12,13
2020-09-08,6,4,2
2020-09-08,1,0,1
2020-09-08,2,0,2
2020-09-08,1,0,1
2020-09-08,1,1,0
2020-09-07,5,1,4
2020-09-07,29,11,18
2020-09-07,48,18,30
2020-09-07,55,27,28
2020-09-07,102,43,59
2020-09-07,159,64,95
2020-09-07,189,84,105
2020-09-07,266,112,154
2020-09-07,261,129,132
2020-09-07,294,139,155
2020-09-07,251,104,147
2020-09-07,275,132,143
2020-09-07,183,84,99
2020-09-07,157,75,82
2020-09-07,169,72,97
2020-09-07,79,34,45
2020-09-07,54,17,37
2020-09-07,24,14,10
2020-09-07,7,2,5
2020-09-07,7,4,3
2020-09-07,0,0,0
2020-09-07,0,0,0
2020-09-07,1,0,1
2020-09-07,6,2,4
2020-09-06,7,3,4
2020-09-06,38,13,25
2020-09-06,41,13,28
2020-09-06,85,35,50
2020-09-06,145,68,77
2020-09-06,168,79,89
2020-09-06,236,103,133
2020-09-06,317,121,196
2020-09-06,278,123,155
2020-09-06,297,129,168
2020-09-06,320,163,157
2020-09-06,257,130,127
2020-09-06,245,122,123
2020-09-06,238,113,125
2020-09-06,173,74,99
2020-09-06,91,56,35
2020-09-06,43,18,25
2020-09-06,19,8,11
2020-09-06,9,4,5
2020-09-06,1,1,0
2020-09-06,1,0,1
2020-09-06,1,1,0
2020-09-06,2,1,1
2020-09-06,9,4,5
2020-09-05,42,9,33
2020-09-05,39,12,27
2020-09-05,38,13,25
2020-09-05,124,54,70
2020-09-05,403,312,91
2020-09-05,216,78,138
2020-09-05,229,118,111
2020-09-05,255,132,123
2020-09-05,291,145,146
2020-09-05,269,104,165
2020-09-05,234,91,143
2020-09-05,208,100,108
2020-09-05,201,89,112
2020-09-05,191,80,111
2020-09-05,148,64,84
2020-09-05,105,52,53
2020-09-05,50,23,27
2020-09-05,20,11,9
2020-09-05,10,3,7
2020-09-05,4,2,2
2020-09-05,4,3,1
2020-09-05,6,1,5
2020-09-05,8,6,2
2020-09-05,16,9,7
2020-09-04,27,9,18
2020-09-04,31,14,17
2020-09-04,36,18,18
2020-09-04,104,48,56
2020-09-04,175,67,108
2020-09-04,231,102,129
2020-09-04,290,89,201
2020-09-04,258,99,159
2020-09-04,238,110,128
2020-09-04,189,95,94
2020-09-04,187,73,114
2020-09-04,161,77,84
2020-09-04,152,79,73
2020-09-04,118,46,72
2020-09-04,133,52,81
2020-09-04,178,69,109
2020-09-04,147,63,84
2020-09-04,68,35,33
2020-09-04,27,9,18
2020-09-04,5,3,2
2020-09-04,3,1,2
2020-09-04,2,2,0
2020-09-04,3,1,2
2020-09-04,8,4,4
2020-09-03,21,8,13
2020-09-03,41,17,24
2020-09-03,41,21,20
2020-09-03,116,44,72
2020-09-03,260,119,141
2020-09-03,351,144,207
2020-09-03,407,148,259
2020-09-03,253,109,144
2020-09-03,217,91,126
2020-09-03,135,51,84
2020-09-03,143,49,94
2020-09-03,129,55,74
2020-09-03,117,49,68
2020-09-03,116,52,64
2020-09-03,121,50,71
2020-09-03,216,79,137
2020-09-03,200,89,111
2020-09-03,94,47,47
2020-09-03,33,16,17
2020-09-03,6,3,3
2020-09-03,2,1,1
2020-09-03,1,0,1
2020-09-03,2,1,1
2020-09-03,3,0,3
2020-09-02,25,12,13
2020-09-02,47,13,34
2020-09-02,62,28,34
2020-09-02,93,44,49
2020-09-02,227,92,135
2020-09-02,317,125,192
2020-09-02,409,146,263
2020-09-02,315,117,198
2020-09-02,193,84,109
2020-09-02,183,89,94
2020-09-02,164,72,92
2020-09-02,154,63,91
2020-09-02,135,52,83
2020-09-02,129,59,70
2020-09-02,136,49,87
2020-09-02,201,79,122
2020-09-02,186,82,104
2020-09-02,104,43,61
2020-09-02,37,14,23
2020-09-02,7,4,3
2020-09-02,3,1,2
2020-09-02,4,2,2
2020-09-02,1,1,0
2020-09-02,5,0,5
2020-09-01,18,6,12
2020-09-01,23,10,13
2020-09-01,49,18,31
2020-09-01,122,58,64
2020-09-01,257,106,151
2020-09-01,372,148,224
2020-09-01,427,149,278
2020-09-01,263,91,172
2020-09-01,216,97,119
2020-09-01,151,67,84
2020-09-01,138,67,71
2020-09-01,138,54,84
2020-09-01,120,48,72
2020-09-01,100,34,66
2020-09-01,124,43,81
2020-09-01,215,86,129
2020-09-01,192,83,109
2020-09-01,102,43,59
2020-09-01,35,16,19
2020-09-01,6,5,1
2020-09-01,1,0,1
2020-09-01,7,2,5
2020-09-01,6,5,1
2020-09-01,2,1,1
2020-08-31,8,2,6
2020-08-31,36,14,22
2020-08-31,33,11,22
2020-08-31,108,58,50
2020-08-31,190,79,111
2020-08-31,306,134,172
2020-08-31,306,114,192
2020-08-31,228,93,135
2020-08-31,138,62,76
2020-08-31,124,51,73
2020-08-31,141,70,71
2020-08-31,105,43,62
2020-08-31,83,43,40
2020-08-31,94,34,60
2020-08-31,94,38,56
2020-08-31,159,52,107
2020-08-31,150,71,79
2020-08-31,61,29,32
2020-08-31,25,9,16
2020-08-31,9,5,4
2020-08-31,0,0,0
2020-08-31,9,0,9
2020-08-31,1,1,0
2020-08-31,4,0,4
2020-08-30,5,2,3
2020-08-30,13,4,9
2020-08-30,10,2,8
2020-08-30,39,10,29
2020-08-30,128,67,61
2020-08-30,182,64,118
2020-08-30,227,107,120
2020-08-30,293,121,172
2020-08-30,321,116,205
2020-08-30,354,170,184
2020-08-30,296,128,168
2020-08-30,283,127,156
2020-08-30,277,107,170
2020-08-30,219,91,128
2020-08-30,161,74,87
2020-08-30,103,51,52
2020-08-30,47,21,26
2020-08-30,24,7,17
2020-08-30,8,3,5
2020-08-30,1,0,1
2020-08-30,1,0,1
2020-08-30,2,0,2
2020-08-30,2,0,2
2020-08-30,7,3,4
2020-08-29,18,8,10
2020-08-29,26,14,12
2020-08-29,50,24,26
2020-08-29,106,34,72
2020-08-29,137,61,76
2020-08-29,176,86,90
2020-08-29,207,96,111
2020-08-29,244,104,140
2020-08-29,307,148,159
2020-08-29,266,123,143
2020-08-29,231,103,128
2020-08-29,244,96,148
2020-08-29,245,126,119
2020-08-29,188,75,113
2020-08-29,145,59,86
2020-08-29,74,33,41
2020-08-29,59,22,37
2020-08-29,26,14,12
2020-08-29,9,5,4
2020-08-29,2,0,2
2020-08-29,4,3,1
2020-08-29,3,0,3
2020-08-29,5,4,1
2020-08-29,12,4,8
2020-08-28,26,3,23
2020-08-28,54,17,37
2020-08-28,80,33,47
2020-08-28,114,47,67
2020-08-28,222,94,128
2020-08-28,234,69,165
2020-08-28,320,136,184
2020-08-28,267,112,155
2020-08-28,221,82,139
2020-08-28,174,74,100
2020-08-28,176,80,96
2020-08-28,193,81,112
2020-08-28,161,65,96
2020-08-28,126,59,67
2020-08-28,148,44,104
2020-08-28,180,72,108
2020-08-28,126,56,70
2020-08-28,89,41,48
2020-08-28,23,10,13
2020-08-28,6,4,2
2020-08-28,1,1,0
2020-08-28,1,0,1
2020-08-28,2,2,0
2020-08-28,5,1,4
2020-08-27,8,3,5
2020-08-27,27,9,18
2020-08-27,63,30,33
2020-08-27,152,77,75
2020-08-27,253,110,143
2020-08-27,318,134,184
2020-08-27,380,154,226
2020-08-27,282,103,179
2020-08-27,229,94,135
2020-08-27,158,64,94
2020-08-27,149,68,81
2020-08-27,115,58,57
2020-08-27,128,63,65
2020-08-27,104,42,62
2020-08-27,146,65,81
2020-08-27,197,85,112
2020-08-27,188,86,102
2020-08-27,93,40,53
2020-08-27,25,12,13
2020-08-27,6,3,3
2020-08-27,1,1,0
2020-08-27,3,2,1
2020-08-27,1,1,0
2020-08-27,5,3,2
2020-08-26,14,3,11
2020-08-26,32,11,21
2020-08-26,61,27,34
2020-08-26,148,60,88
2020-08-26,232,95,137
2020-08-26,308,131,177
2020-08-26,368,144,224
2020-08-26,286,118,168
2020-08-26,182,73,109
2020-08-26,160,64,96
2020-08-26,150,72,78
2020-08-26,159,70,89
2020-08-26,126,55,71
2020-08-26,136,66,70
2020-08-26,155,65,90
2020-08-26,195,92,103
2020-08-26,175,80,95
2020-08-26,82,33,49
2020-08-26,31,13,18
2020-08-26,5,4,1
2020-08-26,3,2,1
2020-08-26,2,1,1
2020-08-26,1,1,0
2020-08-26,7,2,5
2020-08-25,10,2,8
2020-08-25,21,7,14
2020-08-25,68,22,46
2020-08-25,147,53,94
2020-08-25,216,95,121
2020-08-25,299,105,194
2020-08-25,410,169,241
2020-08-25,284,111,173
2020-08-25,208,90,118
2020-08-25,184,80,104
2020-08-25,155,68,87
2020-08-25,148,70,78
2020-08-25,146,58,88
2020-08-25,131,68,63
2020-08-25,159,57,102
2020-08-25,191,76,115
2020-08-25,180,85,95
2020-08-25,92,38,54
2020-08-25,34,16,18
2020-08-25,6,3,3
2020-08-25,2,1,1
2020-08-25,2,1,1
2020-08-25,1,0,1
2020-08-25,3,1,2
2020-08-24,15,9,6
2020-08-24,15,8,7
2020-08-24,44,15,29
2020-08-24,105,60,45
2020-08-24,205,93,112
2020-08-24,308,124,184
2020-08-24,357,128,229
2020-08-24,238,91,147
2020-08-24,191,83,108
2020-08-24,152,75,77
2020-08-24,155,69,86
2020-08-24,130,58,72
2020-08-24,108,42,66
2020-08-24,111,52,59
2020-08-24,111,40,71
2020-08-24,181,71,110
2020-08-24,152,76,76
2020-08-24,83,38,45
2020-08-24,29,15,14
2020-08-24,8,5,3
2020-08-24,1,1,0
2020-08-24,2,2,0
2020-08-24,1,0,1
2020-08-24,5,1,4
2020-08-23,15,9,6
2020-08-23,24,10,14
2020-08-23,33,10,23
2020-08-23,89,41,48
2020-08-23,146,59,87
2020-08-23,223,93,130
2020-08-23,256,125,131
2020-08-23,326,156,170
2020-08-23,356,168,188
2020-08-23,305,146,159
2020-08-23,324,150,174
2020-08-23,286,128,158
2020-08-23,268,122,146
2020-08-23,183,72,111
2020-08-23,157,76,81
2020-08-23,121,51,70
2020-08-23,52,16,36
2020-08-23,21,11,10
2020-08-23,13,6,7
2020-08-23,3,1,2
2020-08-23,6,5,1
2020-08-23,1,0,1
2020-08-23,4,2,2
2020-08-23,9,1,8
2020-08-22,20,9,11
2020-08-22,28,10,18
2020-08-22,40,18,22
2020-08-22,105,46,59
2020-08-22,213,104,109
2020-08-22,271,139,132
2020-08-22,298,145,153
2020-08-22,274,114,160
2020-08-22,409,191,218
2020-08-22,333,146,187
2020-08-22,301,149,152
2020-08-22,293,129,164
2020-08-22,244,99,145
2020-08-22,185,80,105
2020-08-22,130,56,74
2020-08-22,81,35,46
2020-08-22,40,10,30
2020-08-22,25,6,19
2020-08-22,7,2,5
2020-08-22,3,2,1
2020-08-22,7,5,2
2020-08-22,3,2,1
2020-08-22,5,3,2
2020-08-22,10,3,7
2020-08-21,15,4,11
2020-08-21,33,13,20
2020-08-21,49,19,30
2020-08-21,101,46,55
2020-08-21,120,53,67
2020-08-21,167,69,98
2020-08-21,157,71,86
2020-08-21,178,74,104
2020-08-21,127,44,83
2020-08-21,100,41,59
2020-08-21,88,33,55
2020-08-21,78,36,42
2020-08-21,77,29,48
2020-08-21,76,23,53
2020-08-21,106,48,58
2020-08-21,129,45,84
2020-08-21,101,43,58
2020-08-21,43,13,30
2020-08-21,16,6,10
2020-08-21,8,4,4
2020-08-21,1,1,0
2020-08-21,1,1,0
2020-08-21,6,3,3
2020-08-21,3,1,2
2020-08-20,15,3,12
2020-08-20,23,5,18
2020-08-20,47,20,27
2020-08-20,111,62,49
2020-08-20,173,65,108
2020-08-20,278,132,146
2020-08-20,315,125,190
2020-08-20,229,93,136
2020-08-20,145,54,91
2020-08-20,151,60,91
2020-08-20,139,64,75
2020-08-20,116,55,61
2020-08-20,98,46,52
2020-08-20,79,32,47
2020-08-20,120,52,68
2020-08-20,157,56,101
2020-08-20,121,56,65
2020-08-20,40,20,20
2020-08-20,22,8,14
2020-08-20,1,1,0
2020-08-20,1,1,0
2020-08-20,4,2,2
2020-08-20,5,1,4
2020-08-20,10,5,5
2020-08-19,9,2,7
2020-08-19,34,13,21
2020-08-19,67,23,44
2020-08-19,141,49,92
2020-08-19,259,115,144
2020-08-19,318,111,207
2020-08-19,409,158,251
2020-08-19,313,120,193
2020-08-19,191,91,100
2020-08-19,168,75,93
2020-08-19,142,64,78
2020-08-19,125,60,65
2020-08-19,108,54,54
2020-08-19,108,48,60
2020-08-19,159,61,98
2020-08-19,214,87,127
2020-08-19,191,86,105
2020-08-19,116,46,70
2020-08-19,33,14,19
2020-08-19,7,5,2
2020-08-19,1,1,0
2020-08-19,3,3,0
2020-08-19,3,1,2
2020-08-19,4,1,3
2020-08-18,7,1,6
2020-08-18,31,10,21
2020-08-18,60,29,31
2020-08-18,160,66,94
2020-08-18,218,88,130
2020-08-18,293,129,164
2020-08-18,386,112,274
2020-08-18,257,88,169
2020-08-18,181,69,112
2020-08-18,121,53,68
2020-08-18,130,52,78
2020-08-18,136,75,61
2020-08-18,120,45,75
2020-08-18,106,45,61
2020-08-18,130,58,72
2020-08-18,199,87,112
2020-08-18,203,89,114
2020-08-18,102,57,45
2020-08-18,35,16,19
2020-08-18,3,1,2
2020-08-18,3,1,2
2020-08-18,1,1,0
2020-08-18,2,0,2
2020-08-18,7,0,7
2020-08-17,17,5,12
2020-08-17,22,10,12
2020-08-17,70,36,34
2020-08-17,155,51,104
2020-08-17,207,76,131
2020-08-17,240,104,136
2020-08-17,252,81,171
2020-08-17,215,75,140
2020-08-17,143,46,97
2020-08-17,130,59,71
2020-08-17,118,55,63
2020-08-17,117,68,49
2020-08-17,114,38,76
2020-08-17,91,48,43
2020-08-17,127,51,76
2020-08-17,168,66,102
2020-08-17,147,67,80
2020-08-17,74,37,37
2020-08-17,35,13,22
2020-08-17,7,4,3
2020-08-17,2,1,1
2020-08-17,1,0,1
2020-08-17,3,1,2
2020-08-17,4,0,4
2020-08-16,5,2,3
2020-08-16,17,5,12
2020-08-16,36,15,21
2020-08-16,82,32,50
2020-08-16,82,33,49
2020-08-16,133,59,74
2020-08-16,165,68,97
2020-08-16,123,55,68
2020-08-16,177,71,106
2020-08-16,161,82,79
2020-08-16,211,93,118
2020-08-16,231,93,138
2020-08-16,213,81,132
2020-08-16,259,112,147
2020-08-16,198,98,100
2020-08-16,134,66,68
2020-08-16,80,23,57
2020-08-16,26,13,13
2020-08-16,14,5,9
2020-08-16,0,0,0
2020-08-16,1,1,0
2020-08-16,5,3,2
2020-08-16,13,7,6
2020-08-16,9,2,7
2020-08-15,25,4,21
2020-08-15,30,9,21
2020-08-15,71,37,34
2020-08-15,119,58,61
2020-08-15,151,63,88
2020-08-15,181,84,97
2020-08-15,204,85,119
2020-08-15,260,128,132
2020-08-15,270,146,124
2020-08-15,267,119,148
2020-08-15,271,133,138
2020-08-15,289,154,135
2020-08-15,283,126,157
2020-08-15,225,90,135
2020-08-15,168,75,93
2020-08-15,122,47,75
2020-08-15,63,22,41
2020-08-15,31,15,16
2020-08-15,11,5,6
2020-08-15,1,1,0
2020-08-15,3,1,2
2020-08-15,2,0,2
2020-08-15,5,0,5
2020-08-15,17,4,13
2020-08-14,23,8,15
2020-08-14,37,16,21
2020-08-14,88,37,51
2020-08-14,150,70,80
2020-08-14,227,88,139
2020-08-14,279,109,170
2020-08-14,318,115,203
2020-08-14,293,109,184
2020-08-14,193,65,128
2020-08-14,197,76,121
2020-08-14,149,70,79
2020-08-14,150,71,79
2020-08-14,134,68,66
2020-08-14,470,381,89
2020-08-14,188,106,82
2020-08-14,282,173,109
2020-08-14,201,115,86
2020-08-14,94,55,39
2020-08-14,40,25,15
2020-08-14,1,0,1
2020-08-14,0,0,0
2020-08-14,0,0,0
2020-08-14,2,1,1
2020-08-14,20,16,4
2020-08-13,12,4,8
2020-08-13,34,15,19
2020-08-13,86,41,45
2020-08-13,156,67,89
2020-08-13,259,90,169
2020-08-13,312,138,174
2020-08-13,378,131,247
2020-08-13,268,93,175
2020-08-13,245,119,126
2020-08-13,181,76,105
2020-08-13,139,64,75
2020-08-13,157,65,92
2020-08-13,117,68,49
2020-08-13,103,40,63
2020-08-13,153,76,77
2020-08-13,177,64,113
2020-08-13,170,66,104
2020-08-13,93,45,48
2020-08-13,28,12,16
2020-08-13,7,5,2
2020-08-13,1,1,0
2020-08-13,0,0,0
2020-08-13,1,0,1
2020-08-13,2,0,2
2020-08-12,27,6,21
2020-08-12,23,8,15
2020-08-12,80,40,40
2020-08-12,123,44,79
2020-08-12,200,74,126
2020-08-12,300,119,181
2020-08-12,393,148,245
2020-08-12,272,109,163
2020-08-12,199,88,111
2020-08-12,141,69,72
2020-08-12,119,55,64
2020-08-12,126,67,59
2020-08-12,93,48,45
2020-08-12,111,48,63
2020-08-12,138,48,90
2020-08-12,202,87,115
2020-08-12,177,87,90
2020-08-12,90,41,49
2020-08-12,26,9,17
2020-08-12,3,1,2
2020-08-12,0,0,0
2020-08-12,2,2,0
2020-08-12,2,0,2
2020-08-12,4,1,3
2020-08-11,17,6,11
2020-08-11,26,13,13
2020-08-11,81,30,51
2020-08-11,149,61,88
2020-08-11,259,97,162
2020-08-11,327,135,192
2020-08-11,378,135,243
2020-08-11,272,114,158
2020-08-11,196,75,121
2020-08-11,156,62,94
2020-08-11,155,66,89
2020-08-11,142,60,82
2020-08-11,112,44,68
2020-08-11,100,41,59
2020-08-11,122,48,74
2020-08-11,214,89,125
2020-08-11,183,70,113
2020-08-11,70,31,39
2020-08-11,23,12,11
2020-08-11,9,5,4
2020-08-11,1,0,1
2020-08-11,1,1,0
2020-08-11,3,1,2
2020-08-11,3,1,2
2020-08-10,10,3,7
2020-08-10,16,8,8
2020-08-10,64,34,30
2020-08-10,122,52,70
2020-08-10,204,97,107
2020-08-10,337,127,210
2020-08-10,95,31,64
2020-08-10,108,39,69
2020-08-10,187,73,114
2020-08-10,143,77,66
2020-08-10,165,79,86
2020-08-10,153,69,84
2020-08-10,126,56,70
2020-08-10,97,37,60
2020-08-10,139,63,76
2020-08-10,189,76,113
2020-08-10,157,75,82
2020-08-10,87,44,43
2020-08-10,29,10,19
2020-08-10,6,2,4
2020-08-10,3,1,2
2020-08-10,3,2,1
2020-08-10,1,1,0
2020-08-10,4,2,2
2020-08-09,10,4,6
2020-08-09,26,16,10
2020-08-09,54,17,37
2020-08-09,120,60,60
2020-08-09,212,76,136
2020-08-09,238,115,123
2020-08-09,254,111,143
2020-08-09,286,146,140
2020-08-09,332,164,168
2020-08-09,358,152,206
2020-08-09,355,175,180
2020-08-09,364,176,188
2020-08-09,265,133,132
2020-08-09,246,118,128
2020-08-09,165,69,96
2020-08-09,85,35,50
2020-08-09,58,22,36
2020-08-09,18,5,13
2020-08-09,11,3,8
2020-08-09,2,2,0
2020-08-09,4,1,3
2020-08-09,6,4,2
2020-08-09,6,3,3
2020-08-09,15,8,7
2020-08-08,21,5,16
2020-08-08,29,9,20
2020-08-08,51,24,27
2020-08-08,96,57,39
2020-08-08,147,63,84
2020-08-08,168,61,107
2020-08-08,219,100,119
2020-08-08,232,124,108
2020-08-08,229,114,115
2020-08-08,248,116,132
2020-08-08,212,101,111
2020-08-08,160,60,100
2020-08-08,157,64,93
2020-08-08,115,54,61
2020-08-08,87,42,45
2020-08-08,47,18,29
2020-08-08,46,21,25
2020-08-08,18,11,7
2020-08-08,11,4,7
2020-08-08,3,1,2
2020-08-08,3,1,2
2020-08-08,1,0,1
2020-08-08,3,2,1
2020-08-08,15,0,15
2020-08-07,5,3,2
2020-08-07,28,15,13
2020-08-07,47,18,29
2020-08-07,102,42,60
2020-08-07,164,72,92
2020-08-07,322,126,196
2020-08-07,310,117,193
2020-08-07,296,113,183
2020-08-07,219,87,132
2020-08-07,209,81,128
2020-08-07,202,71,131
2020-08-07,174,80,94
2020-08-07,146,53,93
2020-08-07,132,55,77
2020-08-07,151,53,98
2020-08-07,201,87,114
2020-08-07,134,65,69
2020-08-07,81,37,44
2020-08-07,25,9,16
2020-08-07,3,1,2
2020-08-07,2,1,1
2020-08-07,1,1,0
2020-08-07,3,2,1
2020-08-07,2,2,0
2020-08-06,4,2,2
2020-08-06,17,9,8
2020-08-06,39,20,19
2020-08-06,49,18,31
2020-08-06,92,28,64
2020-08-06,138,61,77
2020-08-06,152,41,111
2020-08-06,104,44,60
2020-08-06,82,28,54
2020-08-06,64,23,41
2020-08-06,58,30,28
2020-08-06,44,21,23
2020-08-06,19,6,13
2020-08-06,27,9,18
2020-08-06,39,15,24
2020-08-06,86,39,47
2020-08-06,102,47,55
2020-08-06,68,36,32
2020-08-06,18,9,9
2020-08-06,6,3,3
2020-08-06,1,1,0
2020-08-06,1,0,1
2020-08-06,5,2,3
2020-08-06,9,3,6
2020-08-05,19,3,16
2020-08-05,28,8,20
2020-08-05,78,25,53
2020-08-05,165,82,83
2020-08-05,256,110,146
2020-08-05,342,134,208
2020-08-05,414,140,274
2020-08-05,338,126,212
2020-08-05,230,86,144
2020-08-05,164,69,95
2020-08-05,153,62,91
2020-08-05,156,70,86
2020-08-05,135,57,78
2020-08-05,145,72,73
2020-08-05,154,68,86
2020-08-05,225,93,132
2020-08-05,189,91,98
2020-08-05,100,48,52
2020-08-05,30,17,13
2020-08-05,6,3,3
2020-08-05,3,1,2
2020-08-05,2,1,1
2020-08-05,5,1,4
2020-08-05,6,3,3
2020-08-04,9,2,7
2020-08-04,25,9,16
2020-08-04,81,35,46
2020-08-04,154,57,97
2020-08-04,229,97,132
2020-08-04,386,163,223
2020-08-04,414,154,260
2020-08-04,289,110,179
2020-08-04,211,74,137
2020-08-04,172,69,103
2020-08-04,170,81,89
2020-08-04,152,64,88
2020-08-04,128,50,78
2020-08-04,127,42,85
2020-08-04,167,60,107
2020-08-04,223,84,139
2020-08-04,185,89,96
2020-08-04,87,46,41
2020-08-04,32,15,17
2020-08-04,7,4,3
2020-08-04,2,1,1
2020-08-04,1,1,0
2020-08-04,5,1,4
2020-08-04,5,1,4
2020-08-03,19,7,12
2020-08-03,27,15,12
2020-08-03,76,34,42
2020-08-03,136,63,73
2020-08-03,222,85,137
2020-08-03,310,115,195
2020-08-03,327,101,226
2020-08-03,251,99,152
2020-08-03,164,63,101
2020-08-03,188,84,104
2020-08-03,121,47,74
2020-08-03,122,69,53
2020-08-03,100,36,64
2020-08-03,76,33,43
2020-08-03,156,59,97
2020-08-03,209,78,131
2020-08-03,182,79,103
2020-08-03,73,29,44
2020-08-03,31,14,17
2020-08-03,5,3,2
2020-08-03,1,0,1
2020-08-03,1,1,0
2020-08-03,3,2,1
2020-08-03,4,2,2
2020-08-02,8,5,3
2020-08-02,17,10,7
2020-08-02,55,23,32
2020-08-02,118,45,73
2020-08-02,126,48,78
2020-08-02,206,87,119
2020-08-02,220,104,116
2020-08-02,255,102,153
2020-08-02,326,157,169
2020-08-02,342,154,188
2020-08-02,318,143,175
2020-08-02,336,161,175
2020-08-02,279,128,151
2020-08-02,235,114,121
2020-08-02,202,95,107
2020-08-02,111,44,67
2020-08-02,60,24,36
2020-08-02,32,17,15
2020-08-02,11,4,7
2020-08-02,2,2,0
2020-08-02,4,0,4
2020-08-02,7,0,7
2020-08-02,2,1,1
2020-08-02,16,2,14
2020-08-01,18,11,7
2020-08-01,39,21,18
2020-08-01,88,38,50
2020-08-01,116,64,52
2020-08-01,192,95,97
2020-08-01,204,103,101
2020-08-01,256,115,141
2020-08-01,305,130,175
2020-08-01,273,134,139
2020-08-01,309,154,155
2020-08-01,276,134,142
2020-08-01,197,113,84
2020-08-01,219,90,129
2020-08-01,216,96,120
2020-08-01,171,84,87
2020-08-01,109,48,61
2020-08-01,64,27,37
2020-08-01,22,9,13
2020-08-01,11,5,6
2020-08-01,4,1,3
2020-08-01,4,2,2
2020-08-01,1,1,0
2020-08-01,6,2,4
2020-08-01,10,4,6
2020-07-31,12,7,5
2020-07-31,34,18,16
2020-07-31,75,29,46
2020-07-31,141,54,87
2020-07-31,191,87,104
2020-07-31,285,125,160
2020-07-31,358,145,213
2020-07-31,254,106,148
2020-07-31,206,89,117
2020-07-31,165,74,91
2020-07-31,160,73,87
2020-07-31,141,62,79
2020-07-31,162,69,93
2020-07-31,110,52,58
2020-07-31,172,70,102
2020-07-31,191,68,123
2020-07-31,173,86,87
2020-07-31,83,36,47
2020-07-31,30,16,14
2020-07-31,6,2,4
2020-07-31,2,2,0
2020-07-31,2,2,0
2020-07-31,1,0,1
2020-07-31,10,8,2
2020-07-30,14,6,8
2020-07-30,49,20,29
2020-07-30,84,41,43
2020-07-30,166,63,103
2020-07-30,251,111,140
2020-07-30,343,149,194
2020-07-30,324,113,211
2020-07-30,268,103,165
2020-07-30,178,75,103
2020-07-30,131,64,67
2020-07-30,116,46,70
2020-07-30,123,49,74
2020-07-30,130,57,73
2020-07-30,104,29,75
2020-07-30,157,67,90
2020-07-30,213,91,122
2020-07-30,200,102,98
2020-07-30,93,42,51
2020-07-30,34,21,13
2020-07-30,6,1,5
2020-07-30,2,1,1
2020-07-30,1,0,1
2020-07-30,4,2,2
2020-07-30,4,0,4
2020-07-29,24,11,13
2020-07-29,35,13,22
2020-07-29,117,53,64
2020-07-29,197,92,105
2020-07-29,257,96,161
2020-07-29,373,140,233
2020-07-29,355,153,202
2020-07-29,273,113,160
2020-07-29,224,90,134
2020-07-29,160,73,87
2020-07-29,106,45,61
2020-07-29,120,61,59
2020-07-29,103,50,53
2020-07-29,116,47,69
2020-07-29,147,65,82
2020-07-29,228,92,136
2020-07-29,206,102,104
2020-07-29,98,51,47
2020-07-29,32,17,15
2020-07-29,6,4,2
2020-07-29,1,1,0
2020-07-29,1,1,0
2020-07-29,4,2,2
2020-07-29,6,1,5
2020-07-28,17,6,11
2020-07-28,34,13,21
2020-07-28,95,35,60
2020-07-28,186,68,118
2020-07-28,246,107,139
2020-07-28,324,143,181
2020-07-28,401,142,259
2020-07-28,288,128,160
2020-07-28,164,75,89
2020-07-28,149,71,78
2020-07-28,125,69,56
2020-07-28,136,50,86
2020-07-28,113,47,66
2020-07-28,104,47,57
2020-07-28,134,46,88
2020-07-28,229,88,141
2020-07-28,194,91,103
2020-07-28,103,51,52
2020-07-28,25,15,10
2020-07-28,10,4,6
2020-07-28,2,0,2
2020-07-28,2,1,1
2020-07-28,2,1,1
2020-07-28,2,0,2
2020-07-27,9,5,4
2020-07-27,30,11,19
2020-07-27,88,40,48
2020-07-27,128,72,56
2020-07-27,200,86,114
2020-07-27,240,79,161
2020-07-27,297,81,216
2020-07-27,211,83,128
2020-07-27,142,54,88
2020-07-27,133,41,92
2020-07-27,113,49,64
2020-07-27,115,55,60
2020-07-27,90,36,54
2020-07-27,116,48,68
2020-07-27,153,55,98
2020-07-27,175,66,109
2020-07-27,158,76,82
2020-07-27,65,25,40
2020-07-27,23,11,12
2020-07-27,9,6,3
2020-07-27,2,1,1
2020-07-27,1,1,0
2020-07-27,1,0,1
2020-07-27,2,1,1
2020-07-26,16,7,9
2020-07-26,17,9,8
2020-07-26,78,45,33
2020-07-26,107,57,50
2020-07-26,157,68,89
2020-07-26,197,79,118
2020-07-26,240,89,151
2020-07-26,227,100,127
2020-07-26,307,145,162
2020-07-26,298,144,154
2020-07-26,306,147,159
2020-07-26,306,138,168
2020-07-26,269,122,147
2020-07-26,218,103,115
2020-07-26,179,90,89
2020-07-26,92,39,53
2020-07-26,63,33,30
2020-07-26,28,19,9
2020-07-26,9,5,4
2020-07-26,1,0,1
2020-07-26,3,1,2
2020-07-26,3,0,3
2020-07-26,3,2,1
2020-07-26,16,2,14
2020-07-25,27,8,19
2020-07-25,29,14,15
2020-07-25,88,39,49
2020-07-25,150,71,79
2020-07-25,147,75,72
2020-07-25,236,106,130
2020-07-25,315,161,154
2020-07-25,262,116,146
2020-07-25,328,165,163
2020-07-25,329,134,195
2020-07-25,345,169,176
2020-07-25,270,115,155
2020-07-25,268,116,152
2020-07-25,221,93,128
2020-07-25,177,91,86
2020-07-25,135,66,69
2020-07-25,60,22,38
2020-07-25,35,13,22
2020-07-25,13,5,8
2020-07-25,1,0,1
2020-07-25,2,2,0
2020-07-25,0,0,0
2020-07-25,2,0,2
2020-07-25,15,5,10
2020-07-24,20,11,9
2020-07-24,31,11,20
2020-07-24,73,34,39
2020-07-24,100,45,55
2020-07-24,144,60,84
2020-07-24,233,85,148
2020-07-24,306,107,199
2020-07-24,249,106,143
2020-07-24,251,108,143
2020-07-24,167,87,80
2020-07-24,151,64,87
2020-07-24,148,56,92
2020-07-24,117,50,67
2020-07-24,120,56,64
2020-07-24,125,55,70
2020-07-24,167,64,103
2020-07-24,137,63,74
2020-07-24,71,27,44
2020-07-24,26,9,17
2020-07-24,4,1,3
2020-07-24,3,1,2
2020-07-24,4,2,2
2020-07-24,3,2,1
2020-07-24,8,3,5
2020-07-23,11,6,5
2020-07-23,27,17,10
2020-07-23,62,28,34
2020-07-23,179,88,91
2020-07-23,285,114,171
2020-07-23,284,134,150
2020-07-23,323,115,208
2020-07-23,270,119,151
2020-07-23,197,93,104
2020-07-23,145,80,65
2020-07-23,137,63,74
2020-07-23,158,82,76
2020-07-23,106,62,44
2020-07-23,115,51,64
2020-07-23,114,44,70
2020-07-23,159,61,98
2020-07-23,169,82,87
2020-07-23,71,31,40
2020-07-23,23,14,9
2020-07-23,6,2,4
2020-07-23,6,2,4
2020-07-23,0,0,0
2020-07-23,5,1,4
2020-07-23,8,5,3
2020-07-22,15,5,10
2020-07-22,33,18,15
2020-07-22,95,39,56
2020-07-22,152,67,85
2020-07-22,199,86,113
2020-07-22,299,106,193
2020-07-22,347,121,226
2020-07-22,228,88,140
2020-07-22,195,87,108
2020-07-22,141,64,77
2020-07-22,111,41,70
2020-07-22,96,38,58
2020-07-22,94,42,52
2020-07-22,97,33,64
2020-07-22,118,48,70
2020-07-22,195,79,116
2020-07-22,167,80,87
2020-07-22,83,41,42
2020-07-22,29,15,14
2020-07-22,10,5,5
2020-07-22,4,2,2
2020-07-22,7,5,2
2020-07-22,3,1,2
2020-07-22,7,6,1
2020-07-21,19,10,9
2020-07-21,26,7,19
2020-07-21,107,43,64
2020-07-21,168,79,89
2020-07-21,270,116,154
2020-07-21,304,138,166
2020-07-21,419,140,279
2020-07-21,253,97,156
2020-07-21,201,89,112
2020-07-21,145,68,77
2020-07-21,144,63,81
2020-07-21,129,44,85
2020-07-21,149,62,87
2020-07-21,128,64,64
2020-07-21,123,55,68
2020-07-21,218,109,109
2020-07-21,187,83,104
2020-07-21,107,51,56
2020-07-21,34,16,18
2020-07-21,7,5,2
2020-07-21,1,1,0
2020-07-21,8,1,7
2020-07-21,4,0,4
2020-07-21,7,4,3
2020-07-20,21,12,9
2020-07-20,25,8,17
2020-07-20,95,33,62
2020-07-20,186,77,109
2020-07-20,253,94,159
2020-07-20,269,90,179
2020-07-20,358,124,234
2020-07-20,257,80,177
2020-07-20,187,78,109
2020-07-20,143,62,81
2020-07-20,115,47,68
2020-07-20,139,64,75
2020-07-20,105,46,59
2020-07-20,106,54,52
2020-07-20,133,51,82
2020-07-20,170,61,109
2020-07-20,187,87,100
2020-07-20,87,44,43
2020-07-20,28,11,17
2020-07-20,8,4,4
2020-07-20,2,1,1
2020-07-20,5,4,1
2020-07-20,0,0,0
2020-07-20,6,3,3
2020-07-19,10,7,3
2020-07-19,23,13,10
2020-07-19,60,21,39
2020-07-19,107,58,49
2020-07-19,133,61,72
2020-07-19,169,85,84
2020-07-19,233,111,122
2020-07-19,227,101,126
2020-07-19,252,134,118
2020-07-19,300,141,159
2020-07-19,278,109,169
2020-07-19,322,127,195
2020-07-19,254,132,122
2020-07-19,216,96,120
2020-07-19,162,74,88
2020-07-19,104,48,56
2020-07-19,62,31,31
2020-07-19,17,7,10
2020-07-19,8,2,6
2020-07-19,1,1,0
2020-07-19,0,0,0
2020-07-19,3,2,1
2020-07-19,16,14,2
2020-07-19,11,10,1
2020-07-18,12,8,4
2020-07-18,57,33,24
2020-07-18,109,53,56
2020-07-18,137,57,80
2020-07-18,182,94,88
2020-07-18,269,83,186
2020-07-18,288,121,167
2020-07-18,297,143,154
2020-07-18,300,120,180
2020-07-18,331,161,170
2020-07-18,338,145,193
2020-07-18,298,116,182
2020-07-18,245,110,135
2020-07-18,211,108,103
2020-07-18,160,80,80
2020-07-18,144,60,84
2020-07-18,79,30,49
2020-07-18,33,12,21
2020-07-18,10,4,6
2020-07-18,3,0,3
2020-07-18,3,1,2
2020-07-18,3,2,1
2020-07-18,5,5,0
2020-07-18,15,10,5
2020-07-17,14,5,9
2020-07-17,41,14,27
2020-07-17,66,39,27
2020-07-17,117,61,56
2020-07-17,177,61,116
2020-07-17,237,97,140
2020-07-17,248,89,159
2020-07-17,220,96,124
2020-07-17,149,63,86
2020-07-17,127,52,75
2020-07-17,98,52,46
2020-07-17,95,51,44
2020-07-17,90,48,42
2020-07-17,64,33,31
2020-07-17,99,39,60
2020-07-17,130,46,84
2020-07-17,113,52,61
2020-07-17,51,28,23
2020-07-17,26,12,14
2020-07-17,3,1,2
2020-07-17,2,1,1
2020-07-17,4,3,1
2020-07-17,2,2,0
2020-07-17,10,4,6
2020-07-16,11,4,7
2020-07-16,32,19,13
2020-07-16,67,28,39
2020-07-16,110,36,74
2020-07-16,204,90,114
2020-07-16,295,116,179
2020-07-16,351,144,207
2020-07-16,274,118,156
2020-07-16,205,83,122
2020-07-16,151,66,85
2020-07-16,133,58,75
2020-07-16,133,67,66
2020-07-16,121,58,63
2020-07-16,133,52,81
2020-07-16,125,46,79
2020-07-16,201,74,127
2020-07-16,186,86,100
2020-07-16,100,53,47
2020-07-16,24,11,13
2020-07-16,7,3,4
2020-07-16,5,3,2
2020-07-16,1,1,0
2020-07-16,5,3,2
2020-07-16,12,9,3
2020-07-15,16,8,8
2020-07-15,36,17,19
2020-07-15,121,59,62
2020-07-15,157,57,100
2020-07-15,291,140,151
2020-07-15,354,133,221
2020-07-15,448,187,261
2020-07-15,323,120,203
2020-07-15,221,79,142
2020-07-15,187,100,87
2020-07-15,170,74,96
2020-07-15,174,88,86
2020-07-15,153,56,97
2020-07-15,120,48,72
2020-07-15,124,55,69
2020-07-15,197,80,117
2020-07-15,178,87,91
2020-07-15,110,58,52
2020-07-15,33,14,19
2020-07-15,7,4,3
2020-07-15,3,2,1
2020-07-15,0,0,0
2020-07-15,4,1,3
2020-07-15,7,3,4
2020-07-14,23,7,16
2020-07-14,41,20,21
2020-07-14,107,52,55
2020-07-14,169,81,88
2020-07-14,250,107,143
2020-07-14,356,156,200
2020-07-14,440,158,282
2020-07-14,315,104,211
2020-07-14,217,83,134
2020-07-14,182,82,100
2020-07-14,158,69,89
2020-07-14,149,74,75
2020-07-14,119,60,59
2020-07-14,156,64,92
2020-07-14,129,64,65
2020-07-14,193,93,100
2020-07-14,196,91,105
2020-07-14,110,56,54
2020-07-14,28,13,15
2020-07-14,5,3,2
2020-07-14,1,0,1
2020-07-14,1,1,0
2020-07-14,6,3,3
2020-07-14,4,2,2
2020-07-13,12,3,9
2020-07-13,20,11,9
2020-07-13,103,51,52
2020-07-13,192,89,103
2020-07-13,236,98,138
2020-07-13,335,138,197
2020-07-13,461,175,286
2020-07-13,323,141,182
2020-07-13,225,96,129
2020-07-13,140,51,89
2020-07-13,120,63,57
2020-07-13,141,60,81
2020-07-13,142,80,62
2020-07-13,114,47,67
2020-07-13,134,49,85
2020-07-13,173,61,112
2020-07-13,161,77,84
2020-07-13,94,52,42
2020-07-13,37,20,17
2020-07-13,4,1,3
2020-07-13,1,0,1
2020-07-13,0,0,0
2020-07-13,2,0,2
2020-07-13,8,5,3
2020-07-12,18,3,15
2020-07-12,20,12,8
2020-07-12,50,19,31
2020-07-12,75,36,39
2020-07-12,156,68,88
2020-07-12,208,83,125
2020-07-12,283,138,145
2020-07-12,278,118,160
2020-07-12,286,132,154
2020-07-12,268,120,148
2020-07-12,201,102,99
2020-07-12,175,65,110
2020-07-12,85,36,49
2020-07-12,43,17,26
2020-07-12,26,12,14
2020-07-12,32,12,20
2020-07-12,25,13,12
2020-07-12,7,4,3
2020-07-12,3,1,2
2020-07-12,3,0,3
2020-07-12,0,0,0
2020-07-12,1,1,0
2020-07-12,3,0,3
2020-07-12,6,1,5
2020-07-11,20,13,7
2020-07-11,25,10,15
2020-07-11,56,22,34
2020-07-11,71,30,41
2020-07-11,84,35,49
2020-07-11,118,43,75
2020-07-11,196,92,104
2020-07-11,242,120,122
2020-07-11,308,145,163
2020-07-11,315,135,180
2020-07-11,291,118,173
2020-07-11,257,110,147
2020-07-11,227,120,107
2020-07-11,234,105,129
2020-07-11,153,67,86
2020-07-11,97,48,49
2020-07-11,55,28,27
2020-07-11,38,19,19
2020-07-11,8,3,5
2020-07-11,4,2,2
2020-07-11,0,0,0
2020-07-11,5,1,4
2020-07-11,4,3,1
2020-07-11,12,6,6
2020-07-10,15,7,8
2020-07-10,40,14,26
2020-07-10,107,44,63
2020-07-10,152,55,97
2020-07-10,265,105,160
2020-07-10,320,101,219
2020-07-10,367,128,239
2020-07-10,321,124,197
2020-07-10,255,108,147
2020-07-10,226,115,111
2020-07-10,150,69,81
2020-07-10,153,59,94
2020-07-10,115,55,60
2020-07-10,87,38,49
2020-07-10,125,50,75
2020-07-10,157,58,99
2020-07-10,149,69,80
2020-07-10,89,37,52
2020-07-10,34,20,14
2020-07-10,4,1,3
2020-07-10,1,1,0
2020-07-10,3,1,2
2020-07-10,4,1,3
2020-07-10,2,1,1
2020-07-09,14,3,11
2020-07-09,25,11,14
2020-07-09,112,57,55
2020-07-09,163,72,91
2020-07-09,213,80,133
2020-07-09,267,108,159
2020-07-09,314,108,206
2020-07-09,205,79,126
2020-07-09,137,54,83
2020-07-09,129,60,69
2020-07-09,96,44,52
2020-07-09,102,43,59
2020-07-09,85,31,54
2020-07-09,82,40,42
2020-07-09,92,35,57
2020-07-09,137,54,83
2020-07-09,119,61,58
2020-07-09,64,32,32
2020-07-09,33,13,20
2020-07-09,6,3,3
2020-07-09,4,2,2
2020-07-09,2,2,0
2020-07-09,3,2,1
2020-07-09,7,0,7
2020-07-08,13,6,7
2020-07-08,32,19,13
2020-07-08,96,47,49
2020-07-08,161,76,85
2020-07-08,325,130,195
2020-07-08,377,156,221
2020-07-08,440,159,281
2020-07-08,335,136,199
2020-07-08,215,96,119
2020-07-08,155,72,83
2020-07-08,138,64,74
2020-07-08,144,61,83
2020-07-08,117,62,55
2020-07-08,102,36,66
2020-07-08,128,52,76
2020-07-08,182,77,105
2020-07-08,172,100,72
2020-07-08,94,41,53
2020-07-08,28,13,15
2020-07-08,5,3,2
2020-07-08,2,2,0
2020-07-08,4,2,2
2020-07-08,4,3,1
2020-07-08,1,0,1
2020-07-07,9,3,6
2020-07-07,16,8,8
2020-07-07,38,18,20
2020-07-07,89,45,44
2020-07-07,157,64,93
2020-07-07,221,89,132
2020-07-07,282,116,166
2020-07-07,228,89,139
2020-07-07,156,58,98
2020-07-07,102,33,69
2020-07-07,108,45,63
2020-07-07,101,51,50
2020-07-07,112,54,58
2020-07-07,83,25,58
2020-07-07,120,40,80
2020-07-07,166,73,93
2020-07-07,138,66,72
2020-07-07,67,30,37
2020-07-07,29,18,11
2020-07-07,6,4,2
2020-07-07,0,0,0
2020-07-07,2,1,1
2020-07-07,4,0,4
2020-07-07,7,3,4
2020-07-06,12,4,8
2020-07-06,20,11,9
2020-07-06,45,18,27
2020-07-06,125,48,77
2020-07-06,178,69,109
2020-07-06,295,118,177
2020-07-06,340,126,214
2020-07-06,301,117,184
2020-07-06,170,65,105
2020-07-06,189,83,106
2020-07-06,123,57,66
2020-07-06,147,66,81
2020-07-06,116,52,64
2020-07-06,105,28,77
2020-07-06,125,48,77
2020-07-06,171,50,121
2020-07-06,153,80,73
2020-07-06,83,34,49
2020-07-06,29,17,12
2020-07-06,8,3,5
2020-07-06,2,0,2
2020-07-06,0,0,0
2020-07-06,2,1,1
2020-07-06,4,1,3
2020-07-05,7,5,2
2020-07-05,16,10,6
2020-07-05,47,17,30
2020-07-05,115,55,60
2020-07-05,154,54,100
2020-07-05,204,93,111
2020-07-05,255,115,140
2020-07-05,260,126,134
2020-07-05,318,144,174
2020-07-05,303,128,175
2020-07-05,276,120,156
2020-07-05,243,92,151
2020-07-05,230,111,119
2020-07-05,144,75,69
2020-07-05,121,57,64
2020-07-05,69,33,36
2020-07-05,38,15,23
2020-07-05,23,5,18
2020-07-05,15,3,12
2020-07-05,0,0,0
2020-07-05,0,0,0
2020-07-05,4,2,2
2020-07-05,8,2,6
2020-07-05,15,6,9
2020-07-04,21,12,9
2020-07-04,47,27,20
2020-07-04,58,24,34
2020-07-04,96,43,53
2020-07-04,126,45,81
2020-07-04,129,62,67
2020-07-04,190,91,99
2020-07-04,251,108,143
2020-07-04,267,118,149
2020-07-04,255,102,153
2020-07-04,273,124,149
2020-07-04,247,108,139
2020-07-04,223,108,115
2020-07-04,106,37,69
2020-07-04,96,38,58
2020-07-04,66,33,33
2020-07-04,41,24,17
2020-07-04,11,6,5
2020-07-04,11,1,10
2020-07-04,1,0,1
2020-07-04,1,1,0
2020-07-04,3,1,2
2020-07-04,4,1,3
2020-07-04,8,3,5
2020-07-03,12,8,4
2020-07-03,25,10,15
2020-07-03,49,25,24
2020-07-03,77,37,40
2020-07-03,139,60,79
2020-07-03,177,68,109
2020-07-03,215,73,142
2020-07-03,231,94,137
2020-07-03,267,135,132
2020-07-03,245,110,135
2020-07-03,254,113,141
2020-07-03,210,90,120
2020-07-03,159,81,78
2020-07-03,106,42,64
2020-07-03,92,32,60
2020-07-03,92,38,54
2020-07-03,57,19,38
2020-07-03,33,17,16
2020-07-03,16,6,10
2020-07-03,3,0,3
2020-07-03,2,1,1
2020-07-03,1,1,0
2020-07-03,6,2,4
2020-07-03,6,1,5
2020-07-02,8,1,7
2020-07-02,31,15,16
2020-07-02,49,16,33
2020-07-02,114,50,64
2020-07-02,154,58,96
2020-07-02,207,95,112
2020-07-02,259,99,160
2020-07-02,237,99,138
2020-07-02,180,69,111
2020-07-02,119,55,64
2020-07-02,95,38,57
2020-07-02,95,42,53
2020-07-02,71,33,38
2020-07-02,105,30,75
2020-07-02,108,35,73
2020-07-02,142,66,76
2020-07-02,133,69,64
2020-07-02,84,44,40
2020-07-02,33,18,15
2020-07-02,2,1,1
2020-07-02,3,2,1
2020-07-02,1,1,0
2020-07-02,3,0,3
2020-07-02,7,2,5
2020-07-01,10,5,5
2020-07-01,30,12,18
2020-07-01,40,23,17
2020-07-01,98,34,64
2020-07-01,148,54,94
2020-07-01,217,73,144
2020-07-01,242,79,163
2020-07-01,259,98,161
2020-07-01,117,44,73
2020-07-01,130,56,74
2020-07-01,110,46,64
2020-07-01,99,49,50
2020-07-01,69,39,30
2020-07-01,57,12,45
2020-07-01,98,43,55
2020-07-01,121,55,66
2020-07-01,104,51,53
2020-07-01,54,26,28
2020-07-01,20,12,8
2020-07-01,6,4,2
2020-07-01,1,1,0
2020-07-01,1,0,1
2020-07-01,1,1,0
2020-07-01,9,7,2
2020-06-30,14,6,8
2020-06-30,12,7,5
2020-06-30,44,14,30
2020-06-30,90,37,53
2020-06-30,110,45,65
2020-06-30,191,66,125
2020-06-30,238,86,152
2020-06-30,158,47,111
2020-06-30,125,45,80
2020-06-30,86,32,54
2020-06-30,80,37,43
2020-06-30,67,33,34
2020-06-30,49,19,30
2020-06-30,51,21,30
2020-06-30,68,23,45
2020-06-30,118,51,67
2020-06-30,109,52,57
2020-06-30,56,25,31
2020-06-30,22,12,10
2020-06-30,5,4,1
2020-06-30,0,0,0
2020-06-30,3,1,2
2020-06-30,3,3,0
2020-06-30,4,4,0
2020-06-29,10,4,6
2020-06-29,18,7,11
2020-06-29,59,33,26
2020-06-29,140,70,70
2020-06-29,230,97,133
2020-06-29,256,91,165
2020-06-29,379,162,217
2020-06-29,290,120,170
2020-06-29,226,102,124
2020-06-29,155,59,96
2020-06-29,134,60,74
2020-06-29,102,44,58
2020-06-29,97,49,48
2020-06-29,98,30,68
2020-06-29,124,49,75
2020-06-29,169,66,103
2020-06-29,142,64,78
2020-06-29,73,34,39
2020-06-29,28,13,15
2020-06-29,9,6,3
2020-06-29,1,1,0
2020-06-29,3,2,1
2020-06-29,2,2,0
2020-06-29,4,2,2
2020-06-28,18,5,13
2020-06-28,32,17,15
2020-06-28,69,39,30
2020-06-28,121,64,57
2020-06-28,190,77,113
2020-06-28,214,107,107
2020-06-28,296,126,170
2020-06-28,347,165,182
2020-06-28,426,162,264
2020-06-28,358,158,200
2020-06-28,272,126,146
2020-06-28,173,77,96
2020-06-28,130,61,69
2020-06-28,64,27,37
2020-06-28,60,27,33
2020-06-28,35,11,24
2020-06-28,11,5,6
2020-06-28,10,6,4
2020-06-28,5,0,5
2020-06-28,0,0,0
2020-06-28,0,0,0
2020-06-28,0,0,0
2020-06-28,0,0,0
2020-06-28,4,0,4
2020-06-27,2,1,1
2020-06-27,17,5,12
2020-06-27,22,8,14
2020-06-27,21,6,15
2020-06-27,53,13,40
2020-06-27,71,35,36
2020-06-27,76,36,40
2020-06-27,67,26,41
2020-06-27,51,15,36
2020-06-27,49,30,19
2020-06-27,46,25,21
2020-06-27,74,30,44
2020-06-27,82,31,51
2020-06-27,110,53,57
2020-06-27,107,50,57
2020-06-27,41,19,22
2020-06-27,31,11,20
2020-06-27,13,6,7
2020-06-27,8,3,5
2020-06-27,7,3,4
2020-06-27,6,3,3
2020-06-27,2,1,1
2020-06-27,2,0,2
2020-06-27,9,2,7
2020-06-26,23,12,11
2020-06-26,34,16,18
2020-06-26,71,33,38
2020-06-26,125,38,87
2020-06-26,144,62,82
2020-06-26,236,95,141
2020-06-26,353,142,211
2020-06-26,359,151,208
2020-06-26,262,118,144
2020-06-26,189,95,94
2020-06-26,199,89,110
2020-06-26,159,78,81
2020-06-26,140,60,80
2020-06-26,113,44,69
2020-06-26,150,60,90
2020-06-26,184,66,118
2020-06-26,162,82,80
2020-06-26,77,27,50
2020-06-26,31,17,14
2020-06-26,8,4,4
2020-06-26,2,1,1
2020-06-26,3,2,1
2020-06-26,1,0,1
2020-06-26,8,2,6
2020-06-25,18,6,12
2020-06-25,50,23,27
2020-06-25,146,59,87
2020-06-25,228,89,139
2020-06-25,273,109,164
2020-06-25,360,167,193
2020-06-25,422,173,249
2020-06-25,372,160,212
2020-06-25,259,112,147
2020-06-25,167,60,107
2020-06-25,143,67,76
2020-06-25,176,91,85
2020-06-25,136,68,68
2020-06-25,120,52,68
2020-06-25,143,60,83
2020-06-25,189,64,125
2020-06-25,164,79,85
2020-06-25,102,56,46
2020-06-25,25,15,10
2020-06-25,4,2,2
2020-06-25,5,4,1
2020-06-25,1,0,1
2020-06-25,2,1,1
2020-06-25,4,1,3
2020-06-24,14,5,9
2020-06-24,35,15,20
2020-06-24,103,43,60
2020-06-24,143,66,77
2020-06-24,263,111,152
2020-06-24,323,131,192
2020-06-24,365,139,226
2020-06-24,232,87,145
2020-06-24,167,66,101
2020-06-24,164,61,103
2020-06-24,121,50,71
2020-06-24,108,47,61
2020-06-24,96,46,50
2020-06-24,100,35,65
2020-06-24,139,57,82
2020-06-24,162,61,101
2020-06-24,170,85,85
2020-06-24,95,47,48
2020-06-24,27,16,11
2020-06-24,11,7,4
2020-06-24,1,1,0
2020-06-24,1,0,1
2020-06-24,2,2,0
2020-06-24,7,3,4
2020-06-23,12,1,11
2020-06-23,28,15,13
2020-06-23,91,33,58
2020-06-23,136,58,78
2020-06-23,244,106,138
2020-06-23,279,125,154
2020-06-23,374,115,259
2020-06-23,302,111,191
2020-06-23,211,88,123
2020-06-23,164,72,92
2020-06-23,134,63,71
2020-06-23,166,82,84
2020-06-23,157,70,87
2020-06-23,112,55,57
2020-06-23,130,45,85
2020-06-23,208,95,113
2020-06-23,177,72,105
2020-06-23,102,55,47
2020-06-23,40,19,21
2020-06-23,6,4,2
2020-06-23,2,1,1
2020-06-23,1,1,0
2020-06-23,6,3,3
2020-06-23,6,2,4
2020-06-22,16,3,13
2020-06-22,26,13,13
2020-06-22,108,44,64
2020-06-22,190,84,106
2020-06-22,309,139,170
2020-06-22,371,161,210
2020-06-22,433,179,254
2020-06-22,338,142,196
2020-06-22,209,74,135
2020-06-22,167,86,81
2020-06-22,148,72,76
2020-06-22,131,53,78
2020-06-22,133,65,68
2020-06-22,110,56,54
2020-06-22,123,51,72
2020-06-22,172,57,115
2020-06-22,150,69,81
2020-06-22,66,30,36
2020-06-22,26,14,12
2020-06-22,7,4,3
2020-06-22,0,0,0
2020-06-22,0,0,0
2020-06-22,3,1,2
2020-06-22,2,1,1
2020-06-21,7,4,3
2020-06-21,26,12,14
2020-06-21,45,20,25
2020-06-21,59,21,38
2020-06-21,152,85,67
2020-06-21,192,86,106
2020-06-21,247,108,139
2020-06-21,285,123,162
2020-06-21,284,140,144
2020-06-21,305,113,192
2020-06-21,283,132,151
2020-06-21,219,93,126
2020-06-21,158,64,94
2020-06-21,181,86,95
2020-06-21,90,34,56
2020-06-21,54,30,24
2020-06-21,42,16,26
2020-06-21,22,11,11
2020-06-21,7,3,4
2020-06-21,0,0,0
2020-06-21,1,0,1
2020-06-21,0,0,0
2020-06-21,4,2,2
2020-06-21,9,5,4
2020-06-20,14,3,11
2020-06-20,32,16,16
2020-06-20,58,26,32
2020-06-20,99,47,52
2020-06-20,135,69,66
2020-06-20,224,106,118
2020-06-20,231,128,103
2020-06-20,253,115,138
2020-06-20,292,142,150
2020-06-20,233,95,138
2020-06-20,166,82,84
2020-06-20,157,51,106
2020-06-20,107,47,60
2020-06-20,77,32,45
2020-06-20,39,18,21
2020-06-20,40,22,18
2020-06-20,23,8,15
2020-06-20,14,9,5
2020-06-20,8,5,3
2020-06-20,3,1,2
2020-06-20,1,1,0
2020-06-20,0,0,0
2020-06-20,7,3,4
2020-06-20,13,8,5
2020-06-19,16,3,13
2020-06-19,28,9,19
2020-06-19,43,15,28
2020-06-19,140,55,85
2020-06-19,165,69,96
2020-06-19,248,109,139
2020-06-19,295,122,173
2020-06-19,301,112,189
2020-06-19,261,106,155
2020-06-19,214,100,114
2020-06-19,225,103,122
2020-06-19,204,99,105
2020-06-19,162,78,84
2020-06-19,140,70,70
2020-06-19,134,63,71
2020-06-19,149,53,96
2020-06-19,164,77,87
2020-06-19,102,50,52
2020-06-19,28,13,15
2020-06-19,7,7,0
2020-06-19,1,1,0
2020-06-19,4,2,2
2020-06-19,1,0,1
2020-06-19,11,1,10
2020-06-18,22,9,13
2020-06-18,43,19,24
2020-06-18,106,54,52
2020-06-18,175,73,102
2020-06-18,257,122,135
2020-06-18,377,166,211
2020-06-18,430,172,258
2020-06-18,331,137,194
2020-06-18,250,116,134
2020-06-18,214,74,140
2020-06-18,165,68,97
2020-06-18,161,88,73
2020-06-18,106,53,53
2020-06-18,109,59,50
2020-06-18,116,44,72
2020-06-18,183,86,97
2020-06-18,175,88,87
2020-06-18,94,38,56
2020-06-18,35,19,16
2020-06-18,5,3,2
2020-06-18,2,2,0
2020-06-18,2,1,1
2020-06-18,2,0,2
2020-06-18,7,1,6
2020-06-17,8,4,4
2020-06-17,37,7,30
2020-06-17,90,40,50
2020-06-17,185,84,101
2020-06-17,285,141,144
2020-06-17,404,163,241
2020-06-17,462,175,287
2020-06-17,301,125,176
2020-06-17,236,112,124
2020-06-17,187,82,105
2020-06-17,175,81,94
2020-06-17,129,62,67
2020-06-17,102,45,57
2020-06-17,125,47,78
2020-06-17,123,51,72
2020-06-17,181,74,107
2020-06-17,158,79,79
2020-06-17,88,42,46
2020-06-17,33,17,16
2020-06-17,8,5,3
2020-06-17,4,2,2
2020-06-17,2,2,0
2020-06-17,1,1,0
2020-06-17,2,0,2
2020-06-16,11,3,8
2020-06-16,25,12,13
2020-06-16,73,36,37
2020-06-16,109,42,67
2020-06-16,255,127,128
2020-06-16,337,149,188
2020-06-16,406,168,238
2020-06-16,323,132,191
2020-06-16,185,74,111
2020-06-16,156,74,82
2020-06-16,115,35,80
2020-06-16,103,50,53
2020-06-16,90,47,43
2020-06-16,74,29,45
2020-06-16,88,35,53
2020-06-16,128,44,84
2020-06-16,135,72,63
2020-06-16,69,35,34
2020-06-16,27,17,10
2020-06-16,2,2,0
2020-06-16,1,0,1
2020-06-16,1,1,0
2020-06-16,2,2,0
2020-06-16,1,1,0
2020-06-15,5,0,5
2020-06-15,13,4,9
2020-06-15,27,11,16
2020-06-15,71,29,42
2020-06-15,130,59,71
2020-06-15,148,57,91
2020-06-15,175,57,118
2020-06-15,123,58,65
2020-06-15,74,26,48
2020-06-15,59,37,22
2020-06-15,51,24,27
2020-06-15,38,20,18
2020-06-15,40,12,28
2020-06-15,37,17,20
2020-06-15,50,15,35
2020-06-15,76,22,54
2020-06-15,68,29,39
2020-06-15,28,15,13
2020-06-15,15,8,7
2020-06-15,3,2,1
2020-06-15,2,1,1
2020-06-15,3,1,2
2020-06-15,1,0,1
2020-06-15,1,0,1
2020-06-14,13,6,7
2020-06-14,29,13,16
2020-06-14,73,31,42
2020-06-14,81,44,37
2020-06-14,112,47,65
2020-06-14,185,84,101
2020-06-14,223,89,134
2020-06-14,312,157,155
2020-06-14,409,172,237
2020-06-14,410,186,224
2020-06-14,424,211,213
2020-06-14,325,159,166
2020-06-14,284,120,164
2020-06-14,175,93,82
2020-06-14,124,51,73
2020-06-14,74,39,35
2020-06-14,34,11,23
2020-06-14,14,5,9
2020-06-14,9,4,5
2020-06-14,0,0,0
2020-06-14,1,0,1
2020-06-14,1,1,0
2020-06-14,5,2,3
2020-06-14,5,3,2
2020-06-13,15,5,10
2020-06-13,15,11,4
2020-06-13,23,8,15
2020-06-13,36,15,21
2020-06-13,96,44,52
2020-06-13,106,47,59
2020-06-13,130,51,79
2020-06-13,137,62,75
2020-06-13,138,54,84
2020-06-13,123,77,46
2020-06-13,167,66,101
2020-06-13,177,89,88
2020-06-13,123,54,69
2020-06-13,78,35,43
2020-06-13,62,31,31
2020-06-13,31,14,17
2020-06-13,28,11,17
2020-06-13,15,10,5
2020-06-13,9,5,4
2020-06-13,1,0,1
2020-06-13,3,1,2
2020-06-13,3,0,3
2020-06-13,2,2,0
2020-06-13,5,1,4
2020-06-12,13,5,8
2020-06-12,16,6,10
2020-06-12,41,14,27
2020-06-12,83,35,48
2020-06-12,116,55,61
2020-06-12,194,66,128
2020-06-12,192,52,140
2020-06-12,103,32,71
2020-06-12,58,16,42
2020-06-12,43,10,33
2020-06-12,114,48,66
2020-06-12,126,56,70
2020-06-12,70,28,42
2020-06-12,55,20,35
2020-06-12,66,21,45
2020-06-12,94,33,61
2020-06-12,81,49,32
2020-06-12,64,30,34
2020-06-12,20,10,10
2020-06-12,5,3,2
2020-06-12,0,0,0
2020-06-12,0,0,0
2020-06-12,5,1,4
2020-06-12,6,2,4
2020-06-11,18,9,9
2020-06-11,28,17,11
2020-06-11,73,40,33
2020-06-11,170,72,98
2020-06-11,225,93,132
2020-06-11,322,150,172
2020-06-11,366,162,204
2020-06-11,263,102,161
2020-06-11,191,83,108
2020-06-11,141,57,84
2020-06-11,87,37,50
2020-06-11,52,21,31
2020-06-11,42,18,24
2020-06-11,37,21,16
2020-06-11,77,31,46
2020-06-11,90,37,53
2020-06-11,119,65,54
2020-06-11,70,36,34
2020-06-11,30,16,14
2020-06-11,7,5,2
2020-06-11,3,3,0
2020-06-11,3,0,3
2020-06-11,3,1,2
2020-06-11,6,3,3
2020-06-10,20,10,10
2020-06-10,43,20,23
2020-06-10,78,40,38
2020-06-10,202,73,129
2020-06-10,268,136,132
2020-06-10,363,146,217
2020-06-10,464,216,248
2020-06-10,358,157,201
2020-06-10,253,122,131
2020-06-10,176,76,100
2020-06-10,161,64,97
2020-06-10,166,79,87
2020-06-10,152,64,88
2020-06-10,110,47,63
2020-06-10,115,57,58
2020-06-10,119,47,72
2020-06-10,134,70,64
2020-06-10,80,40,40
2020-06-10,29,16,13
2020-06-10,13,4,9
2020-06-10,2,2,0
2020-06-10,0,0,0
2020-06-10,2,2,0
2020-06-10,8,1,7
2020-06-09,3,3,0
2020-06-09,21,7,14
2020-06-09,34,16,18
2020-06-09,39,11,28
2020-06-09,69,30,39
2020-06-09,143,56,87
2020-06-09,175,85,90
2020-06-09,123,52,71
2020-06-09,76,36,40
2020-06-09,47,22,25
2020-06-09,45,22,23
2020-06-09,41,18,23
2020-06-09,35,17,18
2020-06-09,28,11,17
2020-06-09,30,11,19
2020-06-09,70,28,42
2020-06-09,73,37,36
2020-06-09,38,19,19
2020-06-09,15,9,6
2020-06-09,4,3,1
2020-06-09,1,1,0
2020-06-09,2,0,2
2020-06-09,1,0,1
2020-06-09,6,4,2
2020-06-08,10,3,7
2020-06-08,19,4,15
2020-06-08,28,6,22
2020-06-08,75,31,44
2020-06-08,165,78,87
2020-06-08,285,108,177
2020-06-08,291,118,173
2020-06-08,201,85,116
2020-06-08,120,55,65
2020-06-08,99,29,70
2020-06-08,117,56,61
2020-06-08,138,62,76
2020-06-08,109,63,46
2020-06-08,74,31,43
2020-06-08,108,49,59
2020-06-08,125,52,73
2020-06-08,120,63,57
2020-06-08,67,37,30
2020-06-08,33,16,17
2020-06-08,3,2,1
2020-06-08,1,0,1
2020-06-08,3,1,2
2020-06-08,4,2,2
2020-06-08,4,2,2
2020-06-07,3,1,2
2020-06-07,16,6,10
2020-06-07,34,17,17
2020-06-07,86,34,52
2020-06-07,120,55,65
2020-06-07,193,99,94
2020-06-07,306,124,182
2020-06-07,274,123,151
2020-06-07,334,161,173
2020-06-07,229,96,133
2020-06-07,178,116,62
2020-06-07,114,53,61
2020-06-07,75,44,31
2020-06-07,68,26,42
2020-06-07,48,20,28
2020-06-07,29,16,13
2020-06-07,37,20,17
2020-06-07,13,8,5
2020-06-07,7,1,6
2020-06-07,1,0,1
2020-06-07,4,0,4
2020-06-07,3,0,3
2020-06-07,4,0,4
2020-06-07,11,0,11
2020-06-06,19,9,10
2020-06-06,15,6,9
2020-06-06,33,16,17
2020-06-06,52,35,17
2020-06-06,101,37,64
2020-06-06,142,49,93
2020-06-06,156,69,87
2020-06-06,140,51,89
2020-06-06,179,93,86
2020-06-06,297,148,149
2020-06-06,349,179,170
2020-06-06,316,138,178
2020-06-06,276,114,162
2020-06-06,176,89,87
2020-06-06,153,71,82
2020-06-06,118,54,64
2020-06-06,60,26,34
2020-06-06,29,13,16
2020-06-06,13,4,9
2020-06-06,4,3,1
2020-06-06,4,2,2
2020-06-06,7,5,2
2020-06-06,7,5,2
2020-06-06,6,0,6
2020-06-05,15,4,11
2020-06-05,24,8,16
2020-06-05,81,26,55
2020-06-05,91,36,55
2020-06-05,175,71,104
2020-06-05,275,116,159
2020-06-05,348,160,188
2020-06-05,309,152,157
2020-06-05,260,107,153
2020-06-05,164,64,100
2020-06-05,149,55,94
2020-06-05,122,60,62
2020-06-05,118,42,76
2020-06-05,105,48,57
2020-06-05,124,54,70
2020-06-05,150,57,93
2020-06-05,153,72,81
2020-06-05,85,41,44
2020-06-05,42,18,24
2020-06-05,5,3,2
2020-06-05,2,1,1
2020-06-05,3,0,3
2020-06-05,3,0,3
2020-06-05,1,0,1
2020-06-04,15,7,8
2020-06-04,37,9,28
2020-06-04,66,23,43
2020-06-04,163,67,96
2020-06-04,253,124,129
2020-06-04,335,158,177
2020-06-04,361,166,195
2020-06-04,274,101,173
2020-06-04,193,90,103
2020-06-04,144,66,78
2020-06-04,128,53,75
2020-06-04,112,47,65
2020-06-04,67,27,40
2020-06-04,79,37,42
2020-06-04,85,32,53
2020-06-04,120,52,68
2020-06-04,127,58,69
2020-06-04,69,35,34
2020-06-04,27,14,13
2020-06-04,4,4,0
2020-06-04,1,0,1
2020-06-04,3,1,2
2020-06-04,2,1,1
2020-06-04,6,1,5
2020-06-03,7,2,5
2020-06-03,16,5,11
2020-06-03,35,12,23
2020-06-03,92,36,56
2020-06-03,181,76,105
2020-06-03,263,110,153
2020-06-03,354,142,212
2020-06-03,291,116,175
2020-06-03,214,100,114
2020-06-03,178,87,91
2020-06-03,159,83,76
2020-06-03,120,60,60
2020-06-03,116,46,70
2020-06-03,84,36,48
2020-06-03,110,42,68
2020-06-03,136,54,82
2020-06-03,147,69,78
2020-06-03,104,52,52
2020-06-03,35,18,17
2020-06-03,3,2,1
2020-06-03,0,0,0
2020-06-03,1,0,1
2020-06-03,2,0,2
2020-06-03,6,0,6
2020-06-02,14,6,8
2020-06-02,22,7,15
2020-06-02,45,13,32
2020-06-02,72,31,41
2020-06-02,138,58,80
2020-06-02,192,78,114
2020-06-02,181,65,116
2020-06-02,170,68,102
2020-06-02,155,74,81
2020-06-02,184,98,86
2020-06-02,120,69,51
2020-06-02,145,65,80
2020-06-02,67,29,38
2020-06-02,96,34,62
2020-06-02,128,43,85
2020-06-02,135,61,74
2020-06-02,145,71,74
2020-06-02,76,39,37
2020-06-02,29,13,16
2020-06-02,4,3,1
2020-06-02,3,3,0
2020-06-02,1,1,0
2020-06-02,0,0,0
2020-06-02,2,0,2
2020-06-01,15,5,10
2020-06-01,18,6,12
2020-06-01,43,15,28
2020-06-01,79,35,44
2020-06-01,150,77,73
2020-06-01,251,111,140
2020-06-01,374,165,209
2020-06-01,308,147,161
2020-06-01,252,122,130
2020-06-01,195,84,111
2020-06-01,159,69,90
2020-06-01,148,60,88
2020-06-01,114,52,62
2020-06-01,87,37,50
2020-06-01,122,43,79
2020-06-01,129,47,82
2020-06-01,118,55,63
2020-06-01,71,40,31
2020-06-01,27,11,16
2020-06-01,3,3,0
2020-06-01,0,0,0
2020-06-01,1,0,1
2020-06-01,0,0,0
2020-06-01,5,2,3
2020-05-31,11,3,8
2020-05-31,16,2,14
2020-05-31,15,7,8
2020-05-31,32,17,15
2020-05-31,56,31,25
2020-05-31,87,42,45
2020-05-31,181,87,94
2020-05-31,246,126,120
2020-05-31,219,103,116
2020-05-31,162,74,88
2020-05-31,149,58,91
2020-05-31,139,56,83
2020-05-31,77,41,36
2020-05-31,62,27,35
2020-05-31,43,20,23
2020-05-31,31,15,16
2020-05-31,12,7,5
2020-05-31,4,4,0
2020-05-31,4,1,3
2020-05-31,0,0,0
2020-05-31,0,0,0
2020-05-31,0,0,0
2020-05-31,1,0,1
2020-05-31,1,0,1
2020-05-30,4,2,2
2020-05-30,6,3,3
2020-05-30,2,2,0
2020-05-30,6,2,4
2020-05-30,10,2,8
2020-05-30,28,4,24
2020-05-30,86,6,80
2020-05-30,76,27,49
2020-05-30,86,46,40
2020-05-30,118,69,49
2020-05-30,62,37,25
2020-05-30,63,30,33
2020-05-30,44,21,23
2020-05-30,14,9,5
2020-05-30,17,14,3
2020-05-30,69,37,32
2020-05-30,62,30,32
2020-05-30,26,10,16
2020-05-30,9,2,7
2020-05-30,5,4,1
2020-05-30,4,1,3
2020-05-30,5,3,2
2020-05-30,6,1,5
2020-05-30,11,1,10
2020-05-29,15,5,10
2020-05-29,30,17,13
2020-05-29,105,48,57
2020-05-29,176,86,90
2020-05-29,259,121,138
2020-05-29,314,148,166
2020-05-29,404,183,221
2020-05-29,384,160,224
2020-05-29,280,119,161
2020-05-29,198,91,107
2020-05-29,205,96,109
2020-05-29,157,67,90
2020-05-29,142,76,66
2020-05-29,113,55,58
2020-05-29,128,60,68
2020-05-29,183,87,96
2020-05-29,159,79,80
2020-05-29,92,31,61
2020-05-29,36,17,19
2020-05-29,4,1,3
2020-05-29,2,1,1
2020-05-29,2,1,1
2020-05-29,4,1,3
2020-05-29,7,4,3
2020-05-28,15,11,4
2020-05-28,39,16,23
2020-05-28,78,44,34
2020-05-28,158,75,83
2020-05-28,245,113,132
2020-05-28,335,147,188
2020-05-28,345,149,196
2020-05-28,284,118,166
2020-05-28,196,84,112
2020-05-28,157,63,94
2020-05-28,134,63,71
2020-05-28,103,43,60
2020-05-28,105,43,62
2020-05-28,113,49,64
2020-05-28,104,43,61
2020-05-28,139,63,76
2020-05-28,127,53,74
2020-05-28,83,35,48
2020-05-28,25,14,11
2020-05-28,7,4,3
2020-05-28,2,1,1
2020-05-28,5,2,3
2020-05-28,1,0,1
2020-05-28,5,1,4
2020-05-27,19,7,12
2020-05-27,19,6,13
2020-05-27,65,31,34
2020-05-27,159,75,84
2020-05-27,314,155,159
2020-05-27,387,192,195
2020-05-27,479,216,263
2020-05-27,342,143,199
2020-05-27,228,108,120
2020-05-27,224,96,128
2020-05-27,182,90,92
2020-05-27,192,80,112
2020-05-27,136,61,75
2020-05-27,124,62,62
2020-05-27,127,55,72
2020-05-27,157,63,94
2020-05-27,158,78,80
2020-05-27,84,43,41
2020-05-27,38,18,20
2020-05-27,4,3,1
2020-05-27,5,1,4
2020-05-27,2,1,1
2020-05-27,0,0,0
2020-05-27,2,1,1
2020-05-26,17,7,10
2020-05-26,15,8,7
2020-05-26,54,22,32
2020-05-26,143,70,73
2020-05-26,238,121,117
2020-05-26,315,140,175
2020-05-26,340,136,204
2020-05-26,253,104,149
2020-05-26,176,76,100
2020-05-26,153,78,75
2020-05-26,112,61,51
2020-05-26,86,45,41
2020-05-26,75,39,36
2020-05-26,70,32,38
2020-05-26,86,34,52
2020-05-26,108,39,69
2020-05-26,94,45,49
2020-05-26,60,28,32
2020-05-26,18,9,9
2020-05-26,3,2,1
2020-05-26,1,1,0
2020-05-26,0,0,0
2020-05-26,2,2,0
2020-05-26,7,2,5
2020-05-25,2,0,2
2020-05-25,6,1,5
2020-05-25,13,5,8
2020-05-25,25,9,16
2020-05-25,44,20,24
2020-05-25,52,23,29
2020-05-25,112,49,63
2020-05-25,77,38,39
2020-05-25,63,36,27
2020-05-25,62,27,35
2020-05-25,62,30,32
2020-05-25,73,45,28
2020-05-25,52,25,27
2020-05-25,35,13,22
2020-05-25,32,11,21
2020-05-25,19,7,12
2020-05-25,12,2,10
2020-05-25,6,2,4
2020-05-25,8,5,3
2020-05-25,5,3,2
2020-05-25,3,0,3
2020-05-25,3,1,2
2020-05-25,2,0,2
2020-05-25,4,2,2
2020-05-24,10,3,7
2020-05-24,6,2,4
2020-05-24,36,20,16
2020-05-24,90,31,59
2020-05-24,138,75,63
2020-05-24,260,117,143
2020-05-24,322,142,180
2020-05-24,374,155,219
2020-05-24,459,212,247
2020-05-24,442,207,235
2020-05-24,334,182,152
2020-05-24,343,156,187
2020-05-24,229,102,127
2020-05-24,173,88,85
2020-05-24,131,57,74
2020-05-24,83,39,44
2020-05-24,42,19,23
2020-05-24,20,7,13
2020-05-24,11,5,6
2020-05-24,1,1,0
2020-05-24,0,0,0
2020-05-24,1,0,1
2020-05-24,4,2,2
2020-05-24,6,2,4
2020-05-23,13,5,8
2020-05-23,18,8,10
2020-05-23,56,32,24
2020-05-23,67,31,36
2020-05-23,172,91,81
2020-05-23,218,105,113
2020-05-23,315,142,173
2020-05-23,295,138,157
2020-05-23,416,200,216
2020-05-23,334,171,163
2020-05-23,318,154,164
2020-05-23,238,128,110
2020-05-23,206,78,128
2020-05-23,155,73,82
2020-05-23,98,53,45
2020-05-23,60,29,31
2020-05-23,42,27,15
2020-05-23,46,20,26
2020-05-23,10,7,3
2020-05-23,2,1,1
2020-05-23,2,2,0
2020-05-23,8,4,4
2020-05-23,1,1,0
2020-05-23,5,1,4
2020-05-22,8,2,6
2020-05-22,9,3,6
2020-05-22,15,4,11
2020-05-22,31,14,17
2020-05-22,54,24,30
2020-05-22,145,64,81
2020-05-22,203,87,116
2020-05-22,223,93,130
2020-05-22,264,109,155
2020-05-22,189,83,106
2020-05-22,208,99,109
2020-05-22,145,64,81
2020-05-22,114,49,65
2020-05-22,99,36,63
2020-05-22,116,48,68
2020-05-22,115,49,66
2020-05-22,130,63,67
2020-05-22,57,25,32
2020-05-22,18,8,10
2020-05-22,4,2,2
2020-05-22,1,0,1
2020-05-22,0,0,0
2020-05-22,3,1,2
2020-05-22,3,1,2
2020-05-21,5,2,3
2020-05-21,13,7,6
2020-05-21,26,13,13
2020-05-21,43,21,22
2020-05-21,76,29,47
2020-05-21,100,42,58
2020-05-21,112,49,63
2020-05-21,100,35,65
2020-05-21,88,42,46
2020-05-21,78,28,50
2020-05-21,85,34,51
2020-05-21,56,29,27
2020-05-21,40,18,22
2020-05-21,18,4,14
2020-05-21,35,13,22
2020-05-21,69,29,40
2020-05-21,59,25,34
2020-05-21,31,12,19
2020-05-21,11,5,6
2020-05-21,2,2,0
2020-05-21,0,0,0
2020-05-21,3,3,0
2020-05-21,1,0,1
2020-05-21,5,1,4
2020-05-20,4,1,3
2020-05-20,13,10,3
2020-05-20,20,14,6
2020-05-20,24,9,15
2020-05-20,49,17,32
2020-05-20,114,47,67
2020-05-20,157,66,91
2020-05-20,150,61,89
2020-05-20,116,48,68
2020-05-20,80,29,51
2020-05-20,92,34,58
2020-05-20,90,44,46
2020-05-20,97,41,56
2020-05-20,65,22,43
2020-05-20,79,39,40
2020-05-20,136,51,85
2020-05-20,130,68,62
2020-05-20,73,35,38
2020-05-20,22,14,8
2020-05-20,6,2,4
2020-05-20,1,1,0
2020-05-20,0,0,0
2020-05-20,3,2,1
2020-05-20,2,1,1
2020-05-19,11,6,5
2020-05-19,16,3,13
2020-05-19,29,16,13
2020-05-19,105,56,49
2020-05-19,214,103,111
2020-05-19,283,126,157
2020-05-19,365,149,216
2020-05-19,273,118,155
2020-05-19,184,90,94
2020-05-19,149,68,81
2020-05-19,134,56,78
2020-05-19,141,70,71
2020-05-19,96,39,57
2020-05-19,79,32,47
2020-05-19,97,39,58
2020-05-19,149,68,81
2020-05-19,119,62,57
2020-05-19,65,28,37
2020-05-19,25,13,12
2020-05-19,4,4,0
2020-05-19,0,0,0
2020-05-19,4,2,2
2020-05-19,1,0,1
2020-05-19,2,1,1
2020-05-18,11,6,5
2020-05-18,19,9,10
2020-05-18,35,16,19
2020-05-18,114,44,70
2020-05-18,214,89,125
2020-05-18,297,135,162
2020-05-18,315,145,170
2020-05-18,252,110,142
2020-05-18,216,114,102
2020-05-18,143,76,67
2020-05-18,114,49,65
2020-05-18,113,63,50
2020-05-18,102,49,53
2020-05-18,64,27,37
2020-05-18,99,40,59
2020-05-18,114,43,71
2020-05-18,111,53,58
2020-05-18,67,37,30
2020-05-18,19,10,9
2020-05-18,4,3,1
2020-05-18,1,1,0
2020-05-18,2,2,0
2020-05-18,2,2,0
2020-05-18,2,0,2
2020-05-17,6,4,2
2020-05-17,13,3,10
2020-05-17,21,5,16
2020-05-17,62,25,37
2020-05-17,139,70,69
2020-05-17,213,108,105
2020-05-17,344,187,157
2020-05-17,373,175,198
2020-05-17,397,215,182
2020-05-17,436,241,195
2020-05-17,379,200,179
2020-05-17,328,145,183
2020-05-17,243,132,111
2020-05-17,176,87,89
2020-05-17,104,39,65
2020-05-17,54,34,20
2020-05-17,38,17,21
2020-05-17,15,6,9
2020-05-17,7,1,6
2020-05-17,2,1,1
2020-05-17,1,0,1
2020-05-17,0,0,0
2020-05-17,1,0,1
2020-05-17,2,0,2
2020-05-16,5,1,4
2020-05-16,3,2,1
2020-05-16,12,6,6
2020-05-16,41,14,27
2020-05-16,48,23,25
2020-05-16,84,34,50
2020-05-16,83,41,42
2020-05-16,75,36,39
2020-05-16,65,31,34
2020-05-16,54,25,29
2020-05-16,88,51,37
2020-05-16,112,62,50
2020-05-16,57,29,28
2020-05-16,77,38,39
2020-05-16,44,28,16
2020-05-16,49,24,25
2020-05-16,30,11,19
2020-05-16,19,7,12
2020-05-16,8,5,3
2020-05-16,2,2,0
2020-05-16,0,0,0
2020-05-16,6,4,2
2020-05-16,4,2,2
2020-05-16,6,3,3
2020-05-15,14,6,8
2020-05-15,19,5,14
2020-05-15,75,38,37
2020-05-15,120,53,67
2020-05-15,193,103,90
2020-05-15,356,161,195
2020-05-15,378,158,220
2020-05-15,425,199,226
2020-05-15,286,152,134
2020-05-15,269,145,124
2020-05-15,217,111,106
2020-05-15,167,86,81
2020-05-15,126,47,79
2020-05-15,108,52,56
2020-05-15,107,42,65
2020-05-15,118,43,75
2020-05-15,123,62,61
2020-05-15,68,31,37
2020-05-15,27,9,18
2020-05-15,6,0,6
2020-05-15,0,0,0
2020-05-15,4,2,2
2020-05-15,2,1,1
2020-05-15,3,1,2
2020-05-14,10,4,6
2020-05-14,15,4,11
2020-05-14,45,17,28
2020-05-14,86,39,47
2020-05-14,217,101,116
2020-05-14,234,85,149
2020-05-14,317,146,171
2020-05-14,237,112,125
2020-05-14,156,75,81
2020-05-14,132,62,70
2020-05-14,106,42,64
2020-05-14,77,32,45
2020-05-14,40,19,21
2020-05-14,43,16,27
2020-05-14,33,8,25
2020-05-14,76,32,44
2020-05-14,79,44,35
2020-05-14,36,16,20
2020-05-14,17,7,10
2020-05-14,4,0,4
2020-05-14,2,2,0
2020-05-14,4,2,2
2020-05-14,3,3,0
2020-05-14,7,1,6
2020-05-13,10,7,3
2020-05-13,7,2,5
2020-05-13,34,17,17
2020-05-13,103,50,53
2020-05-13,192,80,112
2020-05-13,345,162,183
2020-05-13,376,157,219
2020-05-13,290,130,160
2020-05-13,216,95,121
2020-05-13,132,59,73
2020-05-13,111,49,62
2020-05-13,106,52,54
2020-05-13,65,29,36
2020-05-13,71,30,41
2020-05-13,79,30,49
2020-05-13,99,44,55
2020-05-13,82,38,44
2020-05-13,47,19,28
2020-05-13,23,9,14
2020-05-13,5,3,2
2020-05-13,0,0,0
2020-05-13,1,0,1
2020-05-13,4,2,2
2020-05-13,2,1,1
2020-05-12,9,2,7
2020-05-12,13,5,8
2020-05-12,12,7,5
2020-05-12,34,18,16
2020-05-12,113,43,70
2020-05-12,145,65,80
2020-05-12,174,85,89
2020-05-12,232,101,131
2020-05-12,137,55,82
2020-05-12,101,60,41
2020-05-12,52,23,29
2020-05-12,61,31,30
2020-05-12,49,16,33
2020-05-12,62,25,37
2020-05-12,70,35,35
2020-05-12,97,38,59
2020-05-12,99,43,56
2020-05-12,59,30,29
2020-05-12,15,5,10
2020-05-12,2,1,1
2020-05-12,2,1,1
2020-05-12,1,0,1
2020-05-12,1,1,0
2020-05-12,4,1,3
2020-05-11,5,5,0
2020-05-11,7,3,4
2020-05-11,8,2,6
2020-05-11,19,10,9
2020-05-11,46,14,32
2020-05-11,78,29,49
2020-05-11,180,70,110
2020-05-11,185,89,96
2020-05-11,208,98,110
2020-05-11,166,69,97
2020-05-11,155,82,73
2020-05-11,136,76,60
2020-05-11,117,56,61
2020-05-11,73,30,43
2020-05-11,91,39,52
2020-05-11,128,55,73
2020-05-11,120,66,54
2020-05-11,68,32,36
2020-05-11,23,11,12
2020-05-11,3,3,0
2020-05-11,2,1,1
2020-05-11,2,0,2
2020-05-11,0,0,0
2020-05-11,3,2,1
2020-05-10,7,3,4
2020-05-10,14,4,10
2020-05-10,43,18,25
2020-05-10,83,33,50
2020-05-10,139,63,76
2020-05-10,178,73,105
2020-05-10,255,108,147
2020-05-10,247,118,129
2020-05-10,302,140,162
2020-05-10,326,172,154
2020-05-10,259,115,144
2020-05-10,303,152,151
2020-05-10,256,116,140
2020-05-10,227,114,113
2020-05-10,202,103,99
2020-05-10,100,55,45
2020-05-10,58,26,32
2020-05-10,27,12,15
2020-05-10,9,2,7
2020-05-10,2,1,1
2020-05-10,2,1,1
2020-05-10,4,0,4
2020-05-10,3,2,1
2020-05-10,3,3,0
2020-05-09,11,2,9
2020-05-09,20,5,15
2020-05-09,42,24,18
2020-05-09,89,41,48
2020-05-09,151,78,73
2020-05-09,215,110,105
2020-05-09,233,109,124
2020-05-09,327,163,164
2020-05-09,368,212,156
2020-05-09,317,172,145
2020-05-09,341,172,169
2020-05-09,349,176,173
2020-05-09,374,214,160
2020-05-09,255,149,106
2020-05-09,230,117,113
2020-05-09,140,73,67
2020-05-09,83,41,42
2020-05-09,28,14,14
2020-05-09,14,4,10
2020-05-09,1,0,1
2020-05-09,3,2,1
2020-05-09,3,2,1
2020-05-09,0,0,0
2020-05-09,2,2,0
2020-05-08,14,9,5
2020-05-08,29,7,22
2020-05-08,66,35,31
2020-05-08,146,59,87
2020-05-08,206,92,114
2020-05-08,293,118,175
2020-05-08,360,170,190
2020-05-08,358,156,202
2020-05-08,318,147,171
2020-05-08,266,113,153
2020-05-08,208,91,117
2020-05-08,201,96,105
2020-05-08,149,70,79
2020-05-08,112,48,64
2020-05-08,120,58,62
2020-05-08,137,60,77
2020-05-08,138,71,67
2020-05-08,73,34,39
2020-05-08,25,14,11
2020-05-08,2,0,2
2020-05-08,0,0,0
2020-05-08,2,0,2
2020-05-08,0,0,0
2020-05-08,5,5,0
2020-05-07,8,1,7
2020-05-07,22,9,13
2020-05-07,26,11,15
2020-05-07,129,62,67
2020-05-07,207,105,102
2020-05-07,297,140,157
2020-05-07,397,174,223
2020-05-07,326,143,183
2020-05-07,251,115,136
2020-05-07,204,110,94
2020-05-07,153,71,82
2020-05-07,164,77,87
2020-05-07,110,56,54
2020-05-07,90,40,50
2020-05-07,90,39,51
2020-05-07,131,57,74
2020-05-07,132,67,65
2020-05-07,65,31,34
2020-05-07,26,11,15
2020-05-07,6,3,3
2020-05-07,0,0,0
2020-05-07,0,0,0
2020-05-07,2,2,0
2020-05-07,1,1,0
2020-05-06,10,5,5
2020-05-06,8,3,5
2020-05-06,32,15,17
2020-05-06,59,22,37
2020-05-06,109,50,59
2020-05-06,184,96,88
2020-05-06,220,88,132
2020-05-06,158,68,90
2020-05-06,108,52,56
2020-05-06,82,37,45
2020-05-06,69,38,31
2020-05-06,61,30,31
2020-05-06,66,26,40
2020-05-06,38,18,20
2020-05-06,43,13,30
2020-05-06,62,26,36
2020-05-06,85,43,42
2020-05-06,30,13,17
2020-05-06,20,6,14
2020-05-06,0,0,0
2020-05-06,1,0,1
2020-05-06,3,0,3
2020-05-06,1,0,1
2020-05-06,5,3,2
2020-05-05,4,0,4
2020-05-05,18,6,12
2020-05-05,35,11,24
2020-05-05,110,61,49
2020-05-05,189,86,103
2020-05-05,290,131,159
2020-05-05,376,192,184
2020-05-05,355,166,189
2020-05-05,236,119,117
2020-05-05,171,82,89
2020-05-05,158,65,93
2020-05-05,119,56,63
2020-05-05,121,66,55
2020-05-05,69,24,45
2020-05-05,85,35,50
2020-05-05,130,52,78
2020-05-05,118,57,61
2020-05-05,58,25,33
2020-05-05,25,10,15
2020-05-05,2,1,1
2020-05-05,0,0,0
2020-05-05,2,1,1
2020-05-05,1,0,1
2020-05-05,2,0,2
2020-05-04,5,2,3
2020-05-04,6,5,1
2020-05-04,15,8,7
2020-05-04,42,14,28
2020-05-04,126,45,81
2020-05-04,196,95,101
2020-05-04,269,107,162
2020-05-04,214,84,130
2020-05-04,179,72,107
2020-05-04,142,68,74
2020-05-04,116,54,62
2020-05-04,120,55,65
2020-05-04,95,37,58
2020-05-04,68,41,27
2020-05-04,94,35,59
2020-05-04,109,46,63
2020-05-04,103,56,47
2020-05-04,45,20,25
2020-05-04,19,9,10
2020-05-04,2,1,1
2020-05-04,1,0,1
2020-05-04,1,1,0
2020-05-04,2,0,2
2020-05-04,2,0,2
2020-05-03,6,2,4
2020-05-03,13,6,7
2020-05-03,17,5,12
2020-05-03,36,13,23
2020-05-03,60,31,29
2020-05-03,160,65,95
2020-05-03,275,140,135
2020-05-03,299,154,145
2020-05-03,369,166,203
2020-05-03,390,187,203
2020-05-03,386,220,166
2020-05-03,357,177,180
2020-05-03,269,118,151
2020-05-03,163,85,78
2020-05-03,89,44,45
2020-05-03,61,31,30
2020-05-03,36,13,23
2020-05-03,12,8,4
2020-05-03,8,1,7
2020-05-03,1,1,0
2020-05-03,0,0,0
2020-05-03,1,0,1
2020-05-03,2,2,0
2020-05-03,0,0,0
2020-05-02,8,1,7
2020-05-02,12,6,6
2020-05-02,25,15,10
2020-05-02,37,24,13
2020-05-02,89,48,41
2020-05-02,111,51,60
2020-05-02,75,27,48
2020-05-02,37,18,19
2020-05-02,27,16,11
2020-05-02,39,24,15
2020-05-02,45,28,17
2020-05-02,52,16,36
2020-05-02,66,37,29
2020-05-02,78,38,40
2020-05-02,74,40,34
2020-05-02,52,22,30
2020-05-02,27,10,17
2020-05-02,11,5,6
2020-05-02,8,6,2
2020-05-02,0,0,0
2020-05-02,2,0,2
2020-05-02,4,2,2
2020-05-02,1,1,0
2020-05-02,3,2,1
2020-05-01,10,6,4
2020-05-01,29,8,21
2020-05-01,44,25,19
2020-05-01,100,46,54
2020-05-01,190,92,98
2020-05-01,274,131,143
2020-05-01,382,161,221
2020-05-01,334,160,174
2020-05-01,295,142,153
2020-05-01,307,143,164
2020-05-01,248,107,141
2020-05-01,211,107,104
2020-05-01,185,98,87
2020-05-01,138,60,78
2020-05-01,95,52,43
2020-05-01,120,49,71
2020-05-01,109,39,70
2020-05-01,57,27,30
2020-05-01,17,8,9
2020-05-01,0,0,0
2020-05-01,1,0,1
2020-05-01,0,0,0
2020-05-01,2,1,1
2020-05-01,4,3,1
2020-04-30,13,6,7
2020-04-30,15,4,11
2020-04-30,25,17,8
2020-04-30,51,30,21
2020-04-30,156,68,88
2020-04-30,256,121,135
2020-04-30,281,108,173
2020-04-30,221,106,115
2020-04-30,158,73,85
2020-04-30,139,72,67
2020-04-30,97,38,59
2020-04-30,92,49,43
2020-04-30,73,28,45
2020-04-30,61,26,35
2020-04-30,68,29,39
2020-04-30,104,53,51
2020-04-30,110,58,52
2020-04-30,48,26,22
2020-04-30,20,11,9
2020-04-30,2,1,1
2020-04-30,0,0,0
2020-04-30,1,0,1
2020-04-30,0,0,0
2020-04-30,2,1,1
2020-04-29,7,4,3
2020-04-29,5,1,4
2020-04-29,8,5,3
2020-04-29,40,19,21
2020-04-29,136,65,71
2020-04-29,233,120,113
2020-04-29,253,126,127
2020-04-29,256,109,147
2020-04-29,175,79,96
2020-04-29,171,87,84
2020-04-29,146,79,67
2020-04-29,124,56,68
2020-04-29,92,43,49
2020-04-29,69,36,33
2020-04-29,64,25,39
2020-04-29,103,47,56
2020-04-29,85,42,43
2020-04-29,54,20,34
2020-04-29,18,7,11
2020-04-29,1,1,0
2020-04-29,1,0,1
2020-04-29,2,2,0
2020-04-29,4,2,2
2020-04-29,7,4,3
2020-04-28,6,2,4
2020-04-28,7,2,5
2020-04-28,16,6,10
2020-04-28,48,21,27
2020-04-28,90,30,60
2020-04-28,144,65,79
2020-04-28,252,112,140
2020-04-28,213,94,119
2020-04-28,193,99,94
2020-04-28,125,60,65
2020-04-28,125,58,67
2020-04-28,97,48,49
2020-04-28,102,61,41
2020-04-28,77,45,32
2020-04-28,79,38,41
2020-04-28,91,35,56
2020-04-28,115,60,55
2020-04-28,49,21,28
2020-04-28,17,8,9
2020-04-28,2,1,1
2020-04-28,0,0,0
2020-04-28,1,1,0
2020-04-28,0,0,0
2020-04-28,4,1,3
2020-04-27,6,3,3
2020-04-27,10,4,6
2020-04-27,24,13,11
2020-04-27,47,24,23
2020-04-27,142,58,84
2020-04-27,228,97,131
2020-04-27,276,105,171
2020-04-27,208,85,123
2020-04-27,168,75,93
2020-04-27,149,65,84
2020-04-27,128,57,71
2020-04-27,122,57,65
2020-04-27,94,49,45
2020-04-27,55,21,34
2020-04-27,58,29,29
2020-04-27,104,43,61
2020-04-27,71,29,42
2020-04-27,32,19,13
2020-04-27,12,7,5
2020-04-27,0,0,0
2020-04-27,0,0,0
2020-04-27,2,1,1
2020-04-27,0,0,0
2020-04-27,2,2,0
2020-04-26,5,3,2
2020-04-26,4,0,4
2020-04-26,15,9,6
2020-04-26,45,29,16
2020-04-26,95,53,42
2020-04-26,149,50,99
2020-04-26,223,111,112
2020-04-26,329,163,166
2020-04-26,371,184,187
2020-04-26,371,177,194
2020-04-26,374,201,173
2020-04-26,363,202,161
2020-04-26,277,138,139
2020-04-26,238,137,101
2020-04-26,139,66,73
2020-04-26,86,27,59
2020-04-26,48,18,30
2020-04-26,14,9,5
2020-04-26,7,2,5
2020-04-26,3,1,2
2020-04-26,0,0,0
2020-04-26,2,2,0
2020-04-26,6,1,5
2020-04-26,2,2,0
2020-04-25,6,2,4
2020-04-25,23,3,20
2020-04-25,23,9,14
2020-04-25,44,18,26
2020-04-25,115,59,56
2020-04-25,229,131,98
2020-04-25,266,145,121
2020-04-25,351,142,209
2020-04-25,362,184,178
2020-04-25,332,167,165
2020-04-25,174,86,88
2020-04-25,82,40,42
2020-04-25,30,21,9
2020-04-25,17,9,8
2020-04-25,19,7,12
2020-04-25,19,9,10
2020-04-25,9,5,4
2020-04-25,7,3,4
2020-04-25,7,2,5
2020-04-25,1,0,1
2020-04-25,3,2,1
2020-04-25,1,1,0
2020-04-25,0,0,0
2020-04-25,2,2,0
2020-04-24,9,3,6
2020-04-24,9,5,4
2020-04-24,22,14,8
2020-04-24,81,37,44
2020-04-24,144,70,74
2020-04-24,243,112,131
2020-04-24,294,124,170
2020-04-24,246,117,129
2020-04-24,269,123,146
2020-04-24,198,78,120
2020-04-24,166,69,97
2020-04-24,128,57,71
2020-04-24,98,48,50
2020-04-24,82,46,36
2020-04-24,89,31,58
2020-04-24,102,47,55
2020-04-24,112,58,54
2020-04-24,52,19,33
2020-04-24,16,4,12
2020-04-24,2,1,1
2020-04-24,2,1,1
2020-04-24,3,1,2
2020-04-24,0,0,0
2020-04-24,0,0,0
2020-04-23,9,5,4
2020-04-23,8,4,4
2020-04-23,24,15,9
2020-04-23,25,12,13
2020-04-23,45,23,22
2020-04-23,64,24,40
2020-04-23,101,40,61
2020-04-23,138,55,83
2020-04-23,158,73,85
2020-04-23,94,44,50
2020-04-23,77,38,39
2020-04-23,79,36,43
2020-04-23,46,26,20
2020-04-23,47,26,21
2020-04-23,52,21,31
2020-04-23,65,30,35
2020-04-23,78,37,41
2020-04-23,22,12,10
2020-04-23,12,3,9
2020-04-23,2,0,2
2020-04-23,0,0,0
2020-04-23,0,0,0
2020-04-23,0,0,0
2020-04-23,0,0,0
2020-04-22,6,4,2
2020-04-22,4,0,4
2020-04-22,11,3,8
2020-04-22,15,5,10
2020-04-22,33,11,22
2020-04-22,55,19,36
2020-04-22,62,25,37
2020-04-22,41,16,25
2020-04-22,28,8,20
2020-04-22,15,3,12
2020-04-22,16,8,8
2020-04-22,26,17,9
2020-04-22,18,9,9
2020-04-22,15,7,8
2020-04-22,37,13,24
2020-04-22,67,25,42
2020-04-22,42,22,20
2020-04-22,22,10,12
2020-04-22,15,6,9
2020-04-22,3,2,1
2020-04-22,0,0,0
2020-04-22,1,0,1
2020-04-22,1,0,1
2020-04-22,3,0,3
2020-04-21,6,4,2
2020-04-21,11,4,7
2020-04-21,15,7,8
2020-04-21,34,13,21
2020-04-21,80,30,50
2020-04-21,148,65,83
2020-04-21,208,89,119
2020-04-21,207,102,105
2020-04-21,121,62,59
2020-04-21,117,57,60
2020-04-21,87,37,50
2020-04-21,93,47,46
2020-04-21,59,33,26
2020-04-21,45,15,30
2020-04-21,72,26,46
2020-04-21,97,45,52
2020-04-21,118,59,59
2020-04-21,49,20,29
2020-04-21,18,7,11
2020-04-21,4,2,2
2020-04-21,2,1,1
2020-04-21,1,1,0
2020-04-21,3,3,0
2020-04-21,4,2,2
2020-04-20,4,2,2
2020-04-20,12,2,10
2020-04-20,20,8,12
2020-04-20,51,25,26
2020-04-20,215,94,121
2020-04-20,288,151,137
2020-04-20,372,164,208
2020-04-20,364,155,209
2020-04-20,251,121,130
2020-04-20,234,112,122
2020-04-20,193,80,113
2020-04-20,146,72,74
2020-04-20,117,63,54
2020-04-20,69,29,40
2020-04-20,92,36,56
2020-04-20,110,41,69
2020-04-20,111,51,60
2020-04-20,49,21,28
2020-04-20,14,5,9
2020-04-20,4,1,3
2020-04-20,4,3,1
2020-04-20,4,3,1
2020-04-20,6,2,4
2020-04-20,6,2,4
2020-04-19,4,2,2
2020-04-19,7,3,4
2020-04-19,24,9,15
2020-04-19,44,20,24
2020-04-19,124,73,51
2020-04-19,217,107,110
2020-04-19,280,138,142
2020-04-19,450,213,237
2020-04-19,430,224,206
2020-04-19,483,263,220
2020-04-19,411,209,202
2020-04-19,401,211,190
2020-04-19,259,131,128
2020-04-19,218,109,109
2020-04-19,131,75,56
2020-04-19,76,37,39
2020-04-19,36,13,23
2020-04-19,12,5,7
2020-04-19,5,2,3
2020-04-19,4,1,3
2020-04-19,0,0,0
2020-04-19,2,2,0
2020-04-19,4,2,2
2020-04-19,5,2,3
2020-04-18,2,1,1
2020-04-18,16,10,6
2020-04-18,21,15,6
2020-04-18,51,26,25
2020-04-18,109,62,47
2020-04-18,164,74,90
2020-04-18,202,97,105
2020-04-18,259,138,121
2020-04-18,229,127,102
2020-04-18,203,88,115
2020-04-18,176,94,82
2020-04-18,88,35,53
2020-04-18,51,31,20
2020-04-18,36,10,26
2020-04-18,17,5,12
2020-04-18,12,5,7
2020-04-18,16,7,9
2020-04-18,14,6,8
2020-04-18,9,3,6
2020-04-18,2,1,1
2020-04-18,1,0,1
2020-04-18,4,2,2
2020-04-18,3,2,1
2020-04-18,1,1,0
2020-04-17,8,4,4
2020-04-17,16,7,9
2020-04-17,28,13,15
2020-04-17,53,26,27
2020-04-17,126,62,64
2020-04-17,216,87,129
2020-04-17,238,119,119
2020-04-17,297,143,154
2020-04-17,253,140,113
2020-04-17,214,101,113
2020-04-17,197,90,107
2020-04-17,174,89,85
2020-04-17,125,57,68
2020-04-17,134,47,87
2020-04-17,69,36,33
2020-04-17,111,44,67
2020-04-17,92,43,49
2020-04-17,44,16,28
2020-04-17,21,9,12
2020-04-17,5,3,2
2020-04-17,2,0,2
2020-04-17,2,1,1
2020-04-17,1,0,1
2020-04-17,5,2,3
2020-04-16,10,3,7
2020-04-16,11,6,5
2020-04-16,32,12,20
2020-04-16,65,30,35
2020-04-16,194,94,100
2020-04-16,353,190,163
2020-04-16,403,175,228
2020-04-16,343,162,181
2020-04-16,257,122,135
2020-04-16,238,131,107
2020-04-16,203,106,97
2020-04-16,174,84,90
2020-04-16,126,76,50
2020-04-16,93,48,45
2020-04-16,87,46,41
2020-04-16,110,57,53
2020-04-16,116,58,58
2020-04-16,50,20,30
2020-04-16,15,4,11
2020-04-16,5,4,1
2020-04-16,0,0,0
2020-04-16,1,0,1
2020-04-16,1,1,0
2020-04-16,6,6,0
2020-04-15,5,3,2
2020-04-15,11,5,6
2020-04-15,30,12,18
2020-04-15,55,18,37
2020-04-15,137,76,61
2020-04-15,265,117,148
2020-04-15,312,138,174
2020-04-15,269,106,163
2020-04-15,185,89,96
2020-04-15,208,101,107
2020-04-15,124,55,69
2020-04-15,104,50,54
2020-04-15,91,39,52
2020-04-15,69,34,35
2020-04-15,76,35,41
2020-04-15,86,36,50
2020-04-15,89,42,47
2020-04-15,53,25,28
2020-04-15,15,7,8
2020-04-15,4,3,1
2020-04-15,1,1,0
2020-04-15,1,0,1
2020-04-15,3,0,3
2020-04-15,1,0,1
2020-04-14,7,4,3
2020-04-14,10,7,3
2020-04-14,19,9,10
2020-04-14,50,23,27
2020-04-14,170,78,92
2020-04-14,268,133,135
2020-04-14,334,142,192
2020-04-14,292,143,149
2020-04-14,254,113,141
2020-04-14,146,70,76
2020-04-14,161,70,91
2020-04-14,133,67,66
2020-04-14,96,44,52
2020-04-14,86,35,51
2020-04-14,72,37,35
2020-04-14,95,40,55
2020-04-14,98,57,41
2020-04-14,55,28,27
2020-04-14,12,5,7
2020-04-14,8,5,3
2020-04-14,3,3,0
2020-04-14,2,1,1
2020-04-14,3,1,2
2020-04-14,0,0,0
2020-04-13,7,4,3
2020-04-13,7,4,3
2020-04-13,18,9,9
2020-04-13,38,16,22
2020-04-13,122,56,66
2020-04-13,222,108,114
2020-04-13,297,132,165
2020-04-13,240,120,120
2020-04-13,216,96,120
2020-04-13,198,80,118
2020-04-13,154,81,73
2020-04-13,123,66,57
2020-04-13,103,52,51
2020-04-13,64,31,33
2020-04-13,67,27,40
2020-04-13,77,34,43
2020-04-13,75,40,35
2020-04-13,51,23,28
2020-04-13,22,14,8
2020-04-13,0,0,0
2020-04-13,0,0,0
2020-04-13,3,1,2
2020-04-13,0,0,0
2020-04-13,1,0,1
2020-04-12,2,1,1
2020-04-12,9,3,6
2020-04-12,12,6,6
2020-04-12,20,7,13
2020-04-12,63,25,38
2020-04-12,119,43,76
2020-04-12,256,123,133
2020-04-12,315,165,150
2020-04-12,453,246,207
2020-04-12,406,171,235
2020-04-12,402,208,194
2020-04-12,304,144,160
2020-04-12,250,129,121
2020-04-12,190,97,93
2020-04-12,108,64,44
2020-04-12,53,16,37
2020-04-12,27,9,18
2020-04-12,11,6,5
2020-04-12,7,2,5
2020-04-12,4,2,2
2020-04-12,1,1,0
2020-04-12,1,1,0
2020-04-12,3,2,1
2020-04-12,2,2,0
2020-04-11,8,4,4
2020-04-11,7,6,1
2020-04-11,16,7,9
2020-04-11,41,17,24
2020-04-11,99,37,62
2020-04-11,206,86,120
2020-04-11,285,150,135
2020-04-11,357,171,186
2020-04-11,319,158,161
2020-04-11,261,143,118
2020-04-11,230,131,99
2020-04-11,212,104,108
2020-04-11,176,86,90
2020-04-11,94,56,38
2020-04-11,82,42,40
2020-04-11,60,21,39
2020-04-11,28,10,18
2020-04-11,10,4,6
2020-04-11,5,1,4
2020-04-11,0,0,0
2020-04-11,1,0,1
2020-04-11,3,1,2
2020-04-11,1,0,1
2020-04-11,5,3,2
2020-04-10,6,1,5
2020-04-10,8,2,6
2020-04-10,15,9,6
2020-04-10,52,22,30
2020-04-10,125,59,66
2020-04-10,245,125,120
2020-04-10,347,151,196
2020-04-10,349,184,165
2020-04-10,271,132,139
2020-04-10,249,120,129
2020-04-10,219,97,122
2020-04-10,150,72,78
2020-04-10,111,64,47
2020-04-10,94,43,51
2020-04-10,73,37,36
2020-04-10,112,42,70
2020-04-10,79,35,44
2020-04-10,50,27,23
2020-04-10,12,5,7
2020-04-10,5,2,3
2020-04-10,1,0,1
2020-04-10,2,1,1
2020-04-10,0,0,0
2020-04-10,0,0,0
2020-04-09,7,4,3
2020-04-09,12,6,6
2020-04-09,18,10,8
2020-04-09,76,46,30
2020-04-09,187,76,111
2020-04-09,327,151,176
2020-04-09,453,188,265
2020-04-09,360,169,191
2020-04-09,269,122,147
2020-04-09,259,120,139
2020-04-09,200,81,119
2020-04-09,179,72,107
2020-04-09,85,49,36
2020-04-09,78,35,43
2020-04-09,52,20,32
2020-04-09,76,30,46
2020-04-09,87,44,43
2020-04-09,36,20,16
2020-04-09,9,2,7
2020-04-09,1,1,0
2020-04-09,3,0,3
2020-04-09,1,0,1
2020-04-09,0,0,0
2020-04-09,3,1,2
2020-04-08,10,3,7
2020-04-08,6,2,4
2020-04-08,26,15,11
2020-04-08,50,22,28
2020-04-08,154,75,79
2020-04-08,279,136,143
2020-04-08,340,163,177
2020-04-08,259,129,130
2020-04-08,236,120,116
2020-04-08,169,84,85
2020-04-08,147,68,79
2020-04-08,117,51,66
2020-04-08,97,49,48
2020-04-08,72,33,39
2020-04-08,53,27,26
2020-04-08,81,30,51
2020-04-08,82,38,44
2020-04-08,43,19,24
2020-04-08,12,7,5
2020-04-08,4,4,0
2020-04-08,0,0,0
2020-04-08,3,0,3
2020-04-08,0,0,0
2020-04-08,3,1,2
2020-04-07,6,2,4
2020-04-07,9,3,6
2020-04-07,14,8,6
2020-04-07,49,26,23
2020-04-07,136,75,61
2020-04-07,236,92,144
2020-04-07,335,147,188
2020-04-07,222,115,107
2020-04-07,162,80,82
2020-04-07,131,68,63
2020-04-07,115,60,55
2020-04-07,81,32,49
2020-04-07,70,35,35
2020-04-07,33,16,17
2020-04-07,61,29,32
2020-04-07,97,39,58
2020-04-07,77,39,38
2020-04-07,35,12,23
2020-04-07,14,8,6
2020-04-07,4,3,1
2020-04-07,1,0,1
2020-04-07,4,4,0
2020-04-07,1,0,1
2020-04-07,2,1,1
2020-04-06,6,3,3
2020-04-06,6,3,3
2020-04-06,11,3,8
2020-04-06,24,5,19
2020-04-06,124,66,58
2020-04-06,254,120,134
2020-04-06,327,143,184
2020-04-06,269,118,151
2020-04-06,237,118,119
2020-04-06,219,86,133
2020-04-06,166,74,92
2020-04-06,127,70,57
2020-04-06,77,33,44
2020-04-06,77,32,45
2020-04-06,56,31,25
2020-04-06,81,33,48
2020-04-06,81,37,44
2020-04-06,35,14,21
2020-04-06,11,6,5
2020-04-06,4,3,1
2020-04-06,1,1,0
2020-04-06,4,1,3
2020-04-06,2,1,1
2020-04-06,3,1,2
2020-04-05,5,2,3
2020-04-05,6,2,4
2020-04-05,9,4,5
2020-04-05,25,15,10
2020-04-05,40,17,23
2020-04-05,81,43,38
2020-04-05,200,88,112
2020-04-05,272,149,123
2020-04-05,369,180,189
2020-04-05,365,188,177
2020-04-05,342,172,170
2020-04-05,279,132,147
2020-04-05,182,80,102
2020-04-05,94,43,51
2020-04-05,49,14,35
2020-04-05,48,22,26
2020-04-05,17,7,10
2020-04-05,10,2,8
2020-04-05,4,2,2
2020-04-05,1,0,1
2020-04-05,0,0,0
2020-04-05,8,3,5
2020-04-05,0,0,0
2020-04-05,0,0,0
2020-04-04,3,1,2
2020-04-04,13,6,7
2020-04-04,11,3,8
2020-04-04,32,14,18
2020-04-04,51,25,26
2020-04-04,148,59,89
2020-04-04,219,103,116
2020-04-04,321,172,149
2020-04-04,373,195,178
2020-04-04,363,185,178
2020-04-04,387,169,218
2020-04-04,288,136,152
2020-04-04,211,98,113
2020-04-04,168,82,86
2020-04-04,57,25,32
2020-04-04,36,18,18
2020-04-04,19,4,15
2020-04-04,9,2,7
2020-04-04,4,1,3
2020-04-04,1,0,1
2020-04-04,2,1,1
2020-04-04,1,1,0
2020-04-04,2,1,1
2020-04-04,3,1,2
2020-04-03,6,3,3
2020-04-03,6,3,3
2020-04-03,7,0,7
2020-04-03,16,5,11
2020-04-03,39,16,23
2020-04-03,80,32,48
2020-04-03,82,28,54
2020-04-03,62,27,35
2020-04-03,65,25,40
2020-04-03,85,41,44
2020-04-03,104,53,51
2020-04-03,92,42,50
2020-04-03,68,30,38
2020-04-03,61,31,30
2020-04-03,34,13,21
2020-04-03,54,22,32
2020-04-03,76,35,41
2020-04-03,28,11,17
2020-04-03,13,6,7
2020-04-03,6,4,2
2020-04-03,4,2,2
2020-04-03,3,3,0
2020-04-03,0,0,0
2020-04-03,3,0,3
2020-04-02,5,3,2
2020-04-02,7,6,1
2020-04-02,11,3,8
2020-04-02,30,8,22
2020-04-02,82,36,46
2020-04-02,161,77,84
2020-04-02,194,85,109
2020-04-02,185,81,104
2020-04-02,134,61,73
2020-04-02,129,65,64
2020-04-02,100,40,60
2020-04-02,70,30,40
2020-04-02,53,32,21
2020-04-02,42,22,20
2020-04-02,44,22,22
2020-04-02,60,23,37
2020-04-02,80,38,42
2020-04-02,32,19,13
2020-04-02,14,4,10
2020-04-02,3,2,1
2020-04-02,1,0,1
2020-04-02,1,0,1
2020-04-02,1,1,0
2020-04-02,1,1,0
2020-04-01,6,1,5
2020-04-01,8,3,5
2020-04-01,4,1,3
2020-04-01,32,10,22
2020-04-01,113,53,60
2020-04-01,243,127,116
2020-04-01,318,139,179
2020-04-01,280,127,153
2020-04-01,174,80,94
2020-04-01,149,71,78
2020-04-01,106,57,49
2020-04-01,78,37,41
2020-04-01,46,20,26
2020-04-01,32,19,13
2020-04-01,33,12,21
2020-04-01,52,23,29
2020-04-01,58,24,34
2020-04-01,29,15,14
2020-04-01,5,1,4
2020-04-01,4,3,1
2020-04-01,0,0,0
2020-04-01,0,0,0
2020-04-01,1,1,0
2020-04-01,5,3,2
2020-03-31,4,3,1
2020-03-31,7,3,4
2020-03-31,7,2,5
2020-03-31,22,6,16
2020-03-31,18,9,9
2020-03-31,47,19,28
2020-03-31,109,45,64
2020-03-31,77,27,50
2020-03-31,85,43,42
2020-03-31,149,66,83
2020-03-31,122,59,63
2020-03-31,107,57,50
2020-03-31,66,23,43
2020-03-31,39,20,19
2020-03-31,53,30,23
2020-03-31,54,21,33
2020-03-31,59,20,39
2020-03-31,26,10,16
2020-03-31,6,2,4
2020-03-31,4,4,0
2020-03-31,1,0,1
2020-03-31,1,1,0
2020-03-31,0,0,0
2020-03-31,1,1,0
2020-03-30,0,0,0
2020-03-30,2,2,0
2020-03-30,3,2,1
2020-03-30,19,7,12
2020-03-30,40,14,26
2020-03-30,82,46,36
2020-03-30,88,33,55
2020-03-30,59,29,30
2020-03-30,50,23,27
2020-03-30,25,19,6
2020-03-30,25,14,11
2020-03-30,54,26,28
2020-03-30,63,33,30
2020-03-30,40,12,28
2020-03-30,45,22,23
2020-03-30,56,26,30
2020-03-30,40,18,22
2020-03-30,14,5,9
2020-03-30,7,1,6
2020-03-30,2,2,0
2020-03-30,0,0,0
2020-03-30,0,0,0
2020-03-30,1,0,1
2020-03-30,1,1,0
2020-03-29,4,1,3
2020-03-29,12,6,6
2020-03-29,13,6,7
2020-03-29,22,8,14
2020-03-29,45,17,28
2020-03-29,127,71,56
2020-03-29,196,94,102
2020-03-29,372,176,196
2020-03-29,444,240,204
2020-03-29,489,235,254
2020-03-29,370,185,185
2020-03-29,332,175,157
2020-03-29,234,133,101
2020-03-29,103,48,55
2020-03-29,54,22,32
2020-03-29,19,7,12
2020-03-29,17,10,7
2020-03-29,4,2,2
2020-03-29,3,1,2
2020-03-29,2,0,2
2020-03-29,1,0,1
2020-03-29,2,1,1
2020-03-29,0,0,0
2020-03-29,2,0,2
2020-03-28,1,0,1
2020-03-28,4,2,2
2020-03-28,10,6,4
2020-03-28,16,4,12
2020-03-28,17,9,8
2020-03-28,45,22,23
2020-03-28,100,43,57
2020-03-28,161,76,85
2020-03-28,149,72,77
2020-03-28,159,73,86
2020-03-28,183,90,93
2020-03-28,172,85,87
2020-03-28,189,106,83
2020-03-28,113,66,47
2020-03-28,70,31,39
2020-03-28,31,11,20
2020-03-28,15,5,10
2020-03-28,7,5,2
2020-03-28,1,0,1
2020-03-28,1,1,0
2020-03-28,3,0,3
2020-03-28,4,0,4
2020-03-28,1,0,1
2020-03-28,6,3,3
2020-03-27,7,1,6
2020-03-27,8,6,2
2020-03-27,15,7,8
2020-03-27,26,10,16
2020-03-27,65,32,33
2020-03-27,97,40,57
2020-03-27,115,46,69
2020-03-27,118,53,65
2020-03-27,97,50,47
2020-03-27,84,37,47
2020-03-27,67,34,33
2020-03-27,64,38,26
2020-03-27,31,14,17
2020-03-27,21,7,14
2020-03-27,26,8,18
2020-03-27,44,26,18
2020-03-27,47,21,26
2020-03-27,31,13,18
2020-03-27,12,5,7
2020-03-27,3,1,2
2020-03-27,0,0,0
2020-03-27,3,2,1
2020-03-27,2,0,2
2020-03-27,2,1,1
2020-03-26,10,3,7
2020-03-26,5,3,2
2020-03-26,9,3,6
2020-03-26,22,7,15
2020-03-26,68,27,41
2020-03-26,128,66,62
2020-03-26,166,69,97
2020-03-26,96,44,52
2020-03-26,73,47,26
2020-03-26,92,47,45
2020-03-26,86,45,41
2020-03-26,70,28,42
2020-03-26,56,36,20
2020-03-26,41,26,15
2020-03-26,47,25,22
2020-03-26,67,30,37
2020-03-26,78,31,47
2020-03-26,37,13,24
2020-03-26,10,5,5
2020-03-26,6,6,0
2020-03-26,4,3,1
2020-03-26,4,1,3
2020-03-26,2,1,1
2020-03-26,1,0,1
2020-03-25,2,1,1
2020-03-25,9,2,7
2020-03-25,16,2,14
2020-03-25,24,8,16
2020-03-25,92,43,49
2020-03-25,191,89,102
2020-03-25,289,148,141
2020-03-25,220,93,127
2020-03-25,143,52,91
2020-03-25,78,37,41
2020-03-25,53,23,30
2020-03-25,37,20,17
2020-03-25,26,12,14
2020-03-25,49,17,32
2020-03-25,23,10,13
2020-03-25,50,21,29
2020-03-25,46,18,28
2020-03-25,17,8,9
2020-03-25,14,7,7
2020-03-25,3,3,0
2020-03-25,2,0,2
2020-03-25,1,0,1
2020-03-25,3,0,3
2020-03-25,2,0,2
2020-03-24,1,0,1
2020-03-24,8,3,5
2020-03-24,13,7,6
2020-03-24,17,7,10
2020-03-24,55,28,27
2020-03-24,109,48,61
2020-03-24,160,70,90
2020-03-24,137,62,75
2020-03-24,94,42,52
2020-03-24,123,51,72
2020-03-24,79,38,41
2020-03-24,54,25,29
2020-03-24,31,13,18
2020-03-24,29,12,17
2020-03-24,50,24,26
2020-03-24,70,31,39
2020-03-24,67,25,42
2020-03-24,34,15,19
2020-03-24,9,3,6
2020-03-24,3,3,0
2020-03-24,0,0,0
2020-03-24,1,0,1
2020-03-24,1,0,1
2020-03-24,3,2,1
2020-03-23,8,0,8
2020-03-23,6,1,5
2020-03-23,8,2,6
2020-03-23,18,10,8
2020-03-23,60,22,38
2020-03-23,143,50,93
2020-03-23,176,67,109
2020-03-23,142,56,86
2020-03-23,91,38,53
2020-03-23,87,37,50
2020-03-23,90,34,56
2020-03-23,74,43,31
2020-03-23,64,23,41
2020-03-23,43,19,24
2020-03-23,49,16,33
2020-03-23,98,32,66
2020-03-23,69,26,43
2020-03-23,40,11,29
2020-03-23,19,7,12
2020-03-23,2,1,1
2020-03-23,2,1,1
2020-03-23,0,0,0
2020-03-23,2,0,2
2020-03-23,3,1,2
2020-03-22,8,4,4
2020-03-22,15,9,6
2020-03-22,9,3,6
2020-03-22,19,9,10
2020-03-22,33,22,11
2020-03-22,71,30,41
2020-03-22,124,55,69
2020-03-22,209,99,110
2020-03-22,329,135,194
2020-03-22,336,156,180
2020-03-22,292,127,165
2020-03-22,253,126,127
2020-03-22,161,78,83
2020-03-22,131,64,67
2020-03-22,65,37,28
2020-03-22,17,4,13
2020-03-22,19,7,12
2020-03-22,4,1,3
2020-03-22,4,1,3
2020-03-22,0,0,0
2020-03-22,1,0,1
2020-03-22,3,0,3
2020-03-22,2,1,1
2020-03-22,5,2,3
2020-03-21,8,4,4
2020-03-21,7,1,6
2020-03-21,21,11,10
2020-03-21,24,12,12
2020-03-21,72,38,34
2020-03-21,209,102,107
2020-03-21,297,149,148
2020-03-21,400,162,238
2020-03-21,431,228,203
2020-03-21,357,183,174
2020-03-21,267,123,144
2020-03-21,171,93,78
2020-03-21,148,85,63
2020-03-21,101,54,47
2020-03-21,77,33,44
2020-03-21,50,26,24
2020-03-21,14,6,8
2020-03-21,5,2,3
2020-03-21,4,2,2
2020-03-21,4,3,1
2020-03-21,2,0,2
2020-03-21,1,0,1
2020-03-21,3,1,2
2020-03-21,5,2,3
2020-03-20,10,4,6
2020-03-20,15,2,13
2020-03-20,25,12,13
2020-03-20,44,15,29
2020-03-20,123,55,68
2020-03-20,263,103,160
2020-03-20,344,149,195
2020-03-20,344,157,187
2020-03-20,265,121,144
2020-03-20,194,94,100
2020-03-20,176,88,88
2020-03-20,129,60,69
2020-03-20,91,56,35
2020-03-20,82,40,42
2020-03-20,79,30,49
2020-03-20,107,47,60
2020-03-20,94,45,49
2020-03-20,47,22,25
2020-03-20,13,5,8
2020-03-20,5,3,2
2020-03-20,2,0,2
2020-03-20,1,0,1
2020-03-20,1,1,0
2020-03-20,3,1,2
2020-03-19,8,2,6
2020-03-19,12,4,8
2020-03-19,15,10,5
2020-03-19,29,13,16
2020-03-19,140,58,82
2020-03-19,296,127,169
2020-03-19,393,167,226
2020-03-19,292,115,177
2020-03-19,210,83,127
2020-03-19,188,89,99
2020-03-19,158,68,90
2020-03-19,134,63,71
2020-03-19,75,35,40
2020-03-19,65,27,38
2020-03-19,70,28,42
2020-03-19,97,49,48
2020-03-19,99,49,50
2020-03-19,40,18,22
2020-03-19,16,6,10
2020-03-19,2,1,1
2020-03-19,1,1,0
2020-03-19,1,0,1
2020-03-19,0,0,0
2020-03-19,6,3,3
2020-03-18,6,1,5
2020-03-18,12,2,10
2020-03-18,19,9,10
2020-03-18,46,19,27
2020-03-18,134,63,71
2020-03-18,313,132,181
2020-03-18,413,159,254
2020-03-18,272,119,153
2020-03-18,183,89,94
2020-03-18,185,101,84
2020-03-18,153,60,93
2020-03-18,107,43,64
2020-03-18,90,44,46
2020-03-18,58,29,29
2020-03-18,75,24,51
2020-03-18,123,46,77
2020-03-18,104,54,50
2020-03-18,47,27,20
2020-03-18,10,4,6
2020-03-18,3,2,1
2020-03-18,0,0,0
2020-03-18,0,0,0
2020-03-18,3,2,1
2020-03-18,1,0,1
2020-03-17,5,3,2
2020-03-17,13,3,10
2020-03-17,15,9,6
2020-03-17,38,10,28
2020-03-17,84,38,46
2020-03-17,262,100,162
2020-03-17,285,112,173
2020-03-17,234,90,144
2020-03-17,148,54,94
2020-03-17,122,61,61
2020-03-17,121,61,60
2020-03-17,79,36,43
2020-03-17,64,33,31
2020-03-17,65,24,41
2020-03-17,90,34,56
2020-03-17,136,60,76
2020-03-17,112,44,68
2020-03-17,52,32,20
2020-03-17,11,3,8
2020-03-17,2,1,1
2020-03-17,1,0,1
2020-03-17,0,0,0
2020-03-17,0,0,0
2020-03-17,3,2,1
2020-03-16,14,5,9
2020-03-16,6,2,4
2020-03-16,9,4,5
2020-03-16,39,12,27
2020-03-16,96,35,61
2020-03-16,237,84,153
2020-03-16,299,117,182
2020-03-16,214,85,129
2020-03-16,142,56,86
2020-03-16,128,58,70
2020-03-16,124,44,80
2020-03-16,89,39,50
2020-03-16,61,30,31
2020-03-16,62,18,44
2020-03-16,101,33,68
2020-03-16,141,64,77
2020-03-16,102,53,49
2020-03-16,41,23,18
2020-03-16,17,4,13
2020-03-16,3,2,1
2020-03-16,4,1,3
2020-03-16,4,3,1
2020-03-16,0,0,0
2020-03-16,2,1,1
2020-03-15,8,5,3
2020-03-15,8,1,7
2020-03-15,7,3,4
2020-03-15,30,13,17
2020-03-15,34,11,23
2020-03-15,56,26,30
2020-03-15,95,43,52
2020-03-15,177,93,84
2020-03-15,173,73,100
2020-03-15,166,81,85
2020-03-15,132,57,75
2020-03-15,147,77,70
2020-03-15,83,35,48
2020-03-15,68,26,42
2020-03-15,30,13,17
2020-03-15,20,4,16
2020-03-15,13,7,6
2020-03-15,5,3,2
2020-03-15,3,2,1
2020-03-15,2,1,1
2020-03-15,3,0,3
2020-03-15,0,0,0
2020-03-15,1,1,0
2020-03-15,2,0,2
2020-03-14,12,4,8
2020-03-14,8,2,6
2020-03-14,14,6,8
2020-03-14,23,13,10
2020-03-14,39,9,30
2020-03-14,55,18,37
2020-03-14,84,32,52
2020-03-14,123,55,68
2020-03-14,148,68,80
2020-03-14,120,63,57
2020-03-14,98,37,61
2020-03-14,84,31,53
2020-03-14,60,26,34
2020-03-14,57,27,30
2020-03-14,54,21,33
2020-03-14,36,14,22
2020-03-14,12,6,6
2020-03-14,7,3,4
2020-03-14,3,1,2
2020-03-14,0,0,0
2020-03-14,1,0,1
2020-03-14,0,0,0
2020-03-14,1,1,0
2020-03-14,5,0,5
2020-03-13,5,2,3
2020-03-13,9,6,3
2020-03-13,13,8,5
2020-03-13,12,3,9
2020-03-13,29,10,19
2020-03-13,60,12,48
2020-03-13,109,32,77
2020-03-13,73,17,56
2020-03-13,44,11,33
2020-03-13,35,14,21
2020-03-13,35,12,23
2020-03-13,25,15,10
2020-03-13,34,14,20
2020-03-13,43,22,21
2020-03-13,65,21,44
2020-03-13,97,46,51
2020-03-13,76,38,38
2020-03-13,49,20,29
2020-03-13,11,5,6
2020-03-13,5,4,1
2020-03-13,2,0,2
2020-03-13,3,0,3
2020-03-13,1,0,1
2020-03-13,3,1,2
2020-03-12,16,12,4
2020-03-12,10,4,6
2020-03-12,33,14,19
2020-03-12,55,26,29
2020-03-12,110,30,80
2020-03-12,231,83,148
2020-03-12,288,87,201
2020-03-12,185,56,129
2020-03-12,125,50,75
2020-03-12,84,35,49
2020-03-12,72,24,48
2020-03-12,73,36,37
2020-03-12,39,17,22
2020-03-12,73,24,49
2020-03-12,132,49,83
2020-03-12,169,66,103
2020-03-12,142,66,76
2020-03-12,71,28,43
2020-03-12,20,8,12
2020-03-12,5,2,3
2020-03-12,2,0,2
2020-03-12,0,0,0
2020-03-12,0,0,0
2020-03-12,2,1,1
2020-03-11,17,5,12
2020-03-11,22,4,18
2020-03-11,42,19,23
2020-03-11,52,17,35
2020-03-11,107,35,72
2020-03-11,271,84,187
2020-03-11,329,103,226
2020-03-11,207,62,145
2020-03-11,120,35,85
2020-03-11,74,26,48
2020-03-11,75,27,48
2020-03-11,74,29,45
2020-03-11,79,27,52
2020-03-11,88,38,50
2020-03-11,152,66,86
2020-03-11,263,127,136
2020-03-11,194,95,99
2020-03-11,73,30,43
2020-03-11,19,12,7
2020-03-11,5,3,2
2020-03-11,0,0,0
2020-03-11,0,0,0
2020-03-11,2,1,1
2020-03-11,5,1,4
2020-03-10,16,5,11
2020-03-10,24,5,19
2020-03-10,29,11,18
2020-03-10,38,8,30
2020-03-10,103,32,71
2020-03-10,211,63,148
2020-03-10,308,76,232
2020-03-10,207,60,147
2020-03-10,114,55,59
2020-03-10,80,29,51
2020-03-10,89,35,54
2020-03-10,67,27,40
2020-03-10,76,24,52
2020-03-10,88,34,54
2020-03-10,154,68,86
2020-03-10,255,115,140
2020-03-10,182,90,92
2020-03-10,91,48,43
2020-03-10,20,9,11
2020-03-10,7,4,3
2020-03-10,3,1,2
2020-03-10,0,0,0
2020-03-10,4,1,3
2020-03-10,7,4,3
2020-03-09,13,4,9
2020-03-09,22,6,16
2020-03-09,38,13,25
2020-03-09,48,21,27
2020-03-09,122,49,73
2020-03-09,280,91,189
2020-03-09,407,126,281
2020-03-09,286,97,189
2020-03-09,162,71,91
2020-03-09,102,39,63
2020-03-09,100,46,54
2020-03-09,111,52,59
2020-03-09,59,30,29
2020-03-09,75,36,39
2020-03-09,121,42,79
2020-03-09,270,125,145
2020-03-09,166,88,78
2020-03-09,69,37,32
2020-03-09,17,5,12
2020-03-09,4,2,2
2020-03-09,2,0,2
2020-03-09,0,0,0
2020-03-09,2,0,2
2020-03-09,3,0,3
2020-03-08,4,1,3
2020-03-08,10,3,7
2020-03-08,23,12,11
2020-03-08,21,10,11
2020-03-08,32,15,17
2020-03-08,80,36,44
2020-03-08,106,39,67
2020-03-08,181,81,100
2020-03-08,177,82,95
2020-03-08,176,81,95
2020-03-08,139,64,75
2020-03-08,109,51,58
2020-03-08,79,42,37
2020-03-08,50,26,24
2020-03-08,44,15,29
2020-03-08,21,13,8
2020-03-08,18,9,9
2020-03-08,6,4,2
2020-03-08,3,2,1
2020-03-08,4,2,2
2020-03-08,0,0,0
2020-03-08,,,
2020-03-08,4,2,2
2020-03-08,7,3,4
2020-03-07,19,11,8
2020-03-07,10,2,8
2020-03-07,17,5,12
2020-03-07,15,7,8
2020-03-07,39,15,24
2020-03-07,50,16,34
2020-03-07,89,40,49
2020-03-07,127,58,69
2020-03-07,93,42,51
2020-03-07,89,48,41
2020-03-07,50,31,19
2020-03-07,68,30,38
2020-03-07,73,37,36
2020-03-07,92,52,40
2020-03-07,58,22,36
2020-03-07,49,23,26
2020-03-07,29,13,16
2020-03-07,11,2,9
2020-03-07,3,1,2
2020-03-07,1,1,0
2020-03-07,1,0,1
2020-03-07,1,0,1
2020-03-07,7,5,2
2020-03-07,18,8,10
2020-03-06,9,4,5
2020-03-06,20,7,13
2020-03-06,21,5,16
2020-03-06,35,18,17
2020-03-06,62,13,49
2020-03-06,137,47,90
2020-03-06,212,60,152
2020-03-06,124,43,81
2020-03-06,84,24,60
2020-03-06,59,19,40
2020-03-06,60,23,37
2020-03-06,50,17,33
2020-03-06,44,18,26
2020-03-06,47,18,29
2020-03-06,91,43,48
2020-03-06,187,88,99
2020-03-06,132,67,65
2020-03-06,56,20,36
2020-03-06,13,8,5
2020-03-06,5,4,1
2020-03-06,1,0,1
2020-03-06,1,0,1
2020-03-06,0,0,0
2020-03-06,1,0,1
2020-03-05,14,4,10
2020-03-05,13,9,4
2020-03-05,26,14,12
2020-03-05,39,7,32
2020-03-05,103,24,79
2020-03-05,224,61,163
2020-03-05,413,101,312
2020-03-05,236,60,176
2020-03-05,148,45,103
2020-03-05,119,41,78
2020-03-05,90,33,57
2020-03-05,86,34,52
2020-03-05,82,37,45
2020-03-05,72,28,44
2020-03-05,201,77,124
2020-03-05,360,151,209
2020-03-05,257,129,128
2020-03-05,117,53,64
2020-03-05,22,13,9
2020-03-05,7,4,3
2020-03-05,0,0,0
2020-03-05,1,1,0
2020-03-05,3,1,2
2020-03-05,1,1,0
2020-03-04,15,2,13
2020-03-04,22,4,18
2020-03-04,64,17,47
2020-03-04,61,14,47
2020-03-04,135,33,102
2020-03-04,391,87,304
2020-03-04,633,158,475
2020-03-04,365,99,266
2020-03-04,146,56,90
2020-03-04,135,42,93
2020-03-04,99,45,54
2020-03-04,93,31,62
2020-03-04,74,33,41
2020-03-04,113,44,69
2020-03-04,263,100,163
2020-03-04,543,216,327
2020-03-04,371,166,205
2020-03-04,151,74,77
2020-03-04,23,16,7
2020-03-04,9,3,6
2020-03-04,1,1,0
2020-03-04,0,0,0
2020-03-04,1,0,1
2020-03-04,7,3,4
2020-03-03,13,6,7
2020-03-03,30,7,23
2020-03-03,31,7,24
2020-03-03,52,17,35
2020-03-03,145,29,116
2020-03-03,376,75,301
2020-03-03,650,125,525
2020-03-03,322,70,252
2020-03-03,151,48,103
2020-03-03,71,24,47
2020-03-03,66,24,42
2020-03-03,77,33,44
2020-03-03,96,33,63
2020-03-03,117,41,76
2020-03-03,286,114,172
2020-03-03,568,222,346
2020-03-03,360,152,208
2020-03-03,131,61,70
2020-03-03,25,12,13
2020-03-03,9,4,5
2020-03-03,1,1,0
2020-03-03,1,1,0
2020-03-03,0,0,0
2020-03-03,4,1,3
2020-03-02,4,1,3
2020-03-02,21,5,16
2020-03-02,43,13,30
2020-03-02,39,9,30
2020-03-02,135,25,110
2020-03-02,329,84,245
2020-03-02,525,94,431
2020-03-02,270,63,207
2020-03-02,104,29,75
2020-03-02,45,12,33
2020-03-02,39,11,28
2020-03-02,39,19,20
2020-03-02,48,21,27
2020-03-02,69,25,44
2020-03-02,276,98,178
2020-03-02,470,182,288
2020-03-02,349,149,200
2020-03-02,123,68,55
2020-03-02,31,17,14
2020-03-02,9,2,7
2020-03-02,0,0,0
2020-03-02,0,0,0
2020-03-02,1,0,1
2020-03-02,3,2,1
2020-03-01,9,1,8
2020-03-01,11,6,5
2020-03-01,15,2,13
2020-03-01,14,5,9
2020-03-01,31,16,15
2020-03-01,42,13,29
2020-03-01,88,34,54
2020-03-01,93,41,52
2020-03-01,137,65,72
2020-03-01,179,95,84
2020-03-01,139,63,76
2020-03-01,150,63,87
2020-03-01,128,69,59
2020-03-01,104,42,62
2020-03-01,71,28,43
2020-03-01,33,15,18
2020-03-01,31,18,13
2020-03-01,12,5,7
2020-03-01,2,1,1
2020-03-01,4,2,2
2020-03-01,1,1,0
2020-03-01,1,0,1
2020-03-01,5,4,1
2020-03-01,10,5,5
2020-02-29,27,8,19
2020-02-29,15,7,8
2020-02-29,20,9,11
2020-02-29,27,7,20
2020-02-29,29,11,18
2020-02-29,54,25,29
2020-02-29,79,27,52
2020-02-29,101,36,65
2020-02-29,117,39,78
2020-02-29,119,47,72
2020-02-29,110,49,61
2020-02-29,100,41,59
2020-02-29,90,43,47
2020-02-29,89,37,52
2020-02-29,54,17,37
2020-02-29,50,19,31
2020-02-29,29,7,22
2020-02-29,16,4,12
2020-02-29,4,3,1
2020-02-29,1,1,0
2020-02-29,2,0,2
2020-02-29,5,2,3
2020-02-29,1,1,0
2020-02-29,9,3,6
2020-02-28,14,5,9
2020-02-28,13,7,6
2020-02-28,29,9,20
2020-02-28,45,12,33
2020-02-28,71,16,55
2020-02-28,211,42,169
2020-02-28,409,75,334
2020-02-28,297,55,242
2020-02-28,156,53,103
2020-02-28,98,35,63
2020-02-28,79,25,54
2020-02-28,72,28,44
2020-02-28,82,33,49
2020-02-28,93,33,60
2020-02-28,234,97,137
2020-02-28,453,188,265
2020-02-28,282,136,146
2020-02-28,105,43,62
2020-02-28,18,11,7
2020-02-28,8,6,2
2020-02-28,0,0,0
2020-02-28,1,0,1
2020-02-28,5,1,4
2020-02-28,8,2,6
2020-02-27,14,4,10
2020-02-27,41,17,24
2020-02-27,77,19,58
2020-02-27,75,17,58
2020-02-27,144,37,107
2020-02-27,396,97,299
2020-02-27,676,153,523
2020-02-27,445,113,332
2020-02-27,235,80,155
2020-02-27,147,59,88
2020-02-27,105,42,63
2020-02-27,119,48,71
2020-02-27,77,37,40
2020-02-27,145,64,81
2020-02-27,300,118,182
2020-02-27,625,250,375
2020-02-27,422,195,227
2020-02-27,153,80,73
2020-02-27,18,12,6
2020-02-27,3,2,1
2020-02-27,0,0,0
2020-02-27,4,1,3
2020-02-27,1,0,1
2020-02-27,8,1,7
2020-02-26,15,2,13
2020-02-26,26,9,17
2020-02-26,63,15,48
2020-02-26,73,28,45
2020-02-26,137,31,106
2020-02-26,387,58,329
2020-02-26,639,145,494
2020-02-26,393,80,313
2020-02-26,135,52,83
2020-02-26,105,34,71
2020-02-26,72,25,47
2020-02-26,71,27,44
2020-02-26,69,25,44
2020-02-26,108,36,72
2020-02-26,270,90,180
2020-02-26,609,253,356
2020-02-26,413,201,212
2020-02-26,146,70,76
2020-02-26,24,17,7
2020-02-26,10,6,4
2020-02-26,1,1,0
2020-02-26,3,1,2
2020-02-26,4,1,3
2020-02-26,7,2,5
2020-02-25,13,3,10
2020-02-25,21,9,12
2020-02-25,52,14,38
2020-02-25,67,22,45
2020-02-25,126,26,100
2020-02-25,385,80,305
2020-02-25,674,133,541
2020-02-25,391,88,303
2020-02-25,153,44,109
2020-02-25,76,31,45
2020-02-25,48,18,30
2020-02-25,82,43,39
2020-02-25,80,40,40
2020-02-25,104,43,61
2020-02-25,287,110,177
2020-02-25,594,229,365
2020-02-25,386,175,211
2020-02-25,169,80,89
2020-02-25,25,15,10
2020-02-25,7,5,2
2020-02-25,2,1,1
2020-02-25,1,0,1
2020-02-25,1,0,1
2020-02-25,3,1,2
2020-02-24,14,3,11
2020-02-24,24,7,17
2020-02-24,48,17,31
2020-02-24,62,16,46
2020-02-24,154,42,112
2020-02-24,385,77,308
2020-02-24,663,137,526
2020-02-24,313,61,252
2020-02-24,136,43,93
2020-02-24,83,30,53
2020-02-24,78,29,49
2020-02-24,80,33,47
2020-02-24,72,31,41
2020-02-24,101,31,70
2020-02-24,317,117,200
2020-02-24,624,265,359
2020-02-24,412,188,224
2020-02-24,137,62,75
2020-02-24,18,8,10
2020-02-24,6,2,4
2020-02-24,0,0,0
2020-02-24,0,0,0
2020-02-24,2,2,0
2020-02-24,0,0,0
2020-02-23,7,0,7
2020-02-23,11,6,5
2020-02-23,19,7,12
2020-02-23,21,11,10
2020-02-23,31,8,23
2020-02-23,37,18,19
2020-02-23,67,35,32
2020-02-23,86,48,38
2020-02-23,98,41,57
2020-02-23,88,34,54
2020-02-23,126,48,78
2020-02-23,69,21,48
2020-02-23,56,30,26
2020-02-23,47,15,32
2020-02-23,31,21,10
2020-02-23,34,22,12
2020-02-23,39,29,10
2020-02-23,13,9,4
2020-02-23,6,4,2
2020-02-23,0,0,0
2020-02-23,1,0,1
2020-02-23,5,3,2
2020-02-23,8,1,7
2020-02-23,3,2,1
2020-02-22,10,6,4
2020-02-22,17,6,11
2020-02-22,27,11,16
2020-02-22,29,6,23
2020-02-22,33,12,21
2020-02-22,35,11,24
2020-02-22,76,27,49
2020-02-22,83,35,48
2020-02-22,111,54,57
2020-02-22,120,45,75
2020-02-22,111,61,50
2020-02-22,94,28,66
2020-02-22,107,49,58
2020-02-22,110,49,61
2020-02-22,66,19,47
2020-02-22,56,16,40
2020-02-22,20,9,11
2020-02-22,11,3,8
2020-02-22,4,3,1
2020-02-22,3,0,3
2020-02-22,0,0,0
2020-02-22,2,2,0
2020-02-22,5,2,3
2020-02-22,11,4,7
2020-02-21,18,7,11
2020-02-21,38,16,22
2020-02-21,38,9,29
2020-02-21,68,29,39
2020-02-21,101,25,76
2020-02-21,227,62,165
2020-02-21,478,106,372
2020-02-21,352,96,256
2020-02-21,214,77,137
2020-02-21,152,51,101
2020-02-21,107,48,59
2020-02-21,100,26,74
2020-02-21,71,29,42
2020-02-21,113,44,69
2020-02-21,259,103,156
2020-02-21,421,159,262
2020-02-21,275,112,163
2020-02-21,104,47,57
2020-02-21,14,6,8
2020-02-21,5,4,1
2020-02-21,0,0,0
2020-02-21,0,0,0
2020-02-21,5,0,5
2020-02-21,8,3,5
2020-02-20,10,2,8
2020-02-20,23,9,14
2020-02-20,45,13,32
2020-02-20,79,17,62
2020-02-20,165,47,118
2020-02-20,300,69,231
2020-02-20,555,130,425
2020-02-20,384,85,299
2020-02-20,154,64,90
2020-02-20,101,38,63
2020-02-20,103,47,56
2020-02-20,78,32,46
2020-02-20,95,53,42
2020-02-20,125,43,82
2020-02-20,286,93,193
2020-02-20,500,194,306
2020-02-20,313,127,186
2020-02-20,124,55,69
2020-02-20,27,15,12
2020-02-20,5,5,0
2020-02-20,3,3,0
2020-02-20,1,1,0
2020-02-20,1,1,0
2020-02-20,6,1,5
2020-02-19,11,4,7
2020-02-19,31,9,22
2020-02-19,48,11,37
2020-02-19,88,31,57
2020-02-19,147,38,109
2020-02-19,324,65,259
2020-02-19,595,129,466
2020-02-19,359,87,272
2020-02-19,160,51,109
2020-02-19,105,41,64
2020-02-19,74,34,40
2020-02-19,75,31,44
2020-02-19,103,46,57
2020-02-19,110,30,80
2020-02-19,256,83,173
2020-02-19,501,201,300
2020-02-19,331,151,180
2020-02-19,119,51,68
2020-02-19,30,15,15
2020-02-19,3,1,2
2020-02-19,0,0,0
2020-02-19,1,1,0
2020-02-19,0,0,0
2020-02-19,2,0,2
2020-02-18,11,0,11
2020-02-18,17,4,13
2020-02-18,47,19,28
2020-02-18,72,27,45
2020-02-18,139,33,106
2020-02-18,289,72,217
2020-02-18,619,116,503
2020-02-18,329,75,254
2020-02-18,149,47,102
2020-02-18,81,27,54
2020-02-18,92,31,61
2020-02-18,73,30,43
2020-02-18,77,34,43
2020-02-18,96,30,66
2020-02-18,258,102,156
2020-02-18,520,200,320
2020-02-18,326,142,184
2020-02-18,120,53,67
2020-02-18,26,11,15
2020-02-18,7,3,4
2020-02-18,2,1,1
2020-02-18,4,1,3
2020-02-18,5,5,0
2020-02-18,6,4,2
2020-02-17,20,9,11
2020-02-17,15,4,11
2020-02-17,24,6,18
2020-02-17,50,18,32
2020-02-17,82,26,56
2020-02-17,160,42,118
2020-02-17,327,75,252
2020-02-17,209,62,147
2020-02-17,175,77,98
2020-02-17,152,54,98
2020-02-17,133,57,76
2020-02-17,134,60,74
2020-02-17,112,47,65
2020-02-17,115,57,58
2020-02-17,156,57,99
2020-02-17,249,100,149
2020-02-17,150,69,81
2020-02-17,49,16,33
2020-02-17,8,6,2
2020-02-17,7,1,6
2020-02-17,2,0,2
2020-02-17,1,0,1
2020-02-17,3,2,1
2020-02-17,8,5,3
2020-02-16,5,1,4
2020-02-16,9,4,5
2020-02-16,13,7,6
2020-02-16,13,5,8
2020-02-16,19,9,10
2020-02-16,39,13,26
2020-02-16,50,19,31
2020-02-16,56,31,25
2020-02-16,90,40,50
2020-02-16,116,47,69
2020-02-16,87,36,51
2020-02-16,103,49,54
2020-02-16,96,40,56
2020-02-16,62,25,37
2020-02-16,48,18,30
2020-02-16,31,13,18
2020-02-16,17,7,10
2020-02-16,11,3,8
2020-02-16,1,0,1
2020-02-16,1,1,0
2020-02-16,0,0,0
2020-02-16,3,0,3
2020-02-16,5,2,3
2020-02-16,12,5,7
2020-02-15,6,0,6
2020-02-15,5,4,1
2020-02-15,9,7,2
2020-02-15,29,3,26
2020-02-15,28,15,13
2020-02-15,29,12,17
2020-02-15,48,15,33
2020-02-15,58,29,29
2020-02-15,58,30,28
2020-02-15,48,19,29
2020-02-15,44,29,15
2020-02-15,93,27,66
2020-02-15,53,36,17
2020-02-15,51,24,27
2020-02-15,49,24,25
2020-02-15,41,14,27
2020-02-15,18,10,8
2020-02-15,10,5,5
2020-02-15,2,2,0
2020-02-15,1,0,1
2020-02-15,0,0,0
2020-02-15,2,0,2
2020-02-15,7,3,4
2020-02-15,8,4,4
2020-02-14,15,5,10
2020-02-14,18,8,10
2020-02-14,19,9,10
2020-02-14,44,13,31
2020-02-14,83,27,56
2020-02-14,217,51,166
2020-02-14,433,87,346
2020-02-14,339,68,271
2020-02-14,203,63,140
2020-02-14,111,35,76
2020-02-14,125,45,80
2020-02-14,67,29,38
2020-02-14,89,40,49
2020-02-14,102,42,60
2020-02-14,223,80,143
2020-02-14,452,196,256
2020-02-14,296,136,160
2020-02-14,85,46,39
2020-02-14,25,12,13
2020-02-14,10,6,4
2020-02-14,1,0,1
2020-02-14,0,0,0
2020-02-14,0,0,0
2020-02-14,4,0,4
2020-02-13,14,7,7
2020-02-13,17,4,13
2020-02-13,32,11,21
2020-02-13,49,13,36
2020-02-13,98,26,72
2020-02-13,279,61,218
2020-02-13,438,82,356
2020-02-13,232,52,180
2020-02-13,142,40,102
2020-02-13,55,22,33
2020-02-13,55,31,24
2020-02-13,51,22,29
2020-02-13,59,32,27
2020-02-13,82,25,57
2020-02-13,197,73,124
2020-02-13,455,179,276
2020-02-13,330,157,173
2020-02-13,109,53,56
2020-02-13,27,11,16
2020-02-13,10,6,4
2020-02-13,0,0,0
2020-02-13,1,0,1
2020-02-13,0,0,0
2020-02-13,2,2,0
2020-02-12,16,5,11
2020-02-12,34,7,27
2020-02-12,52,10,42
2020-02-12,92,33,59
2020-02-12,160,38,122
2020-02-12,378,71,307
2020-02-12,622,122,500
2020-02-12,327,73,254
2020-02-12,141,48,93
2020-02-12,97,32,65
2020-02-12,72,31,41
2020-02-12,58,16,42
2020-02-12,74,30,44
2020-02-12,112,40,72
2020-02-12,260,101,159
2020-02-12,552,229,323
2020-02-12,424,198,226
2020-02-12,148,63,85
2020-02-12,21,11,10
2020-02-12,13,3,10
2020-02-12,1,0,1
2020-02-12,2,0,2
2020-02-12,9,0,9
2020-02-12,2,1,1
2020-02-11,13,6,7
2020-02-11,20,8,12
2020-02-11,48,15,33
2020-02-11,77,26,51
2020-02-11,118,30,88
2020-02-11,334,79,255
2020-02-11,618,101,517
2020-02-11,340,81,259
2020-02-11,143,50,93
2020-02-11,73,26,47
2020-02-11,61,20,41
2020-02-11,64,23,41
2020-02-11,71,28,43
2020-02-11,98,40,58
2020-02-11,268,92,176
2020-02-11,569,247,322
2020-02-11,380,183,197
2020-02-11,139,60,79
2020-02-11,21,11,10
2020-02-11,11,4,7
2020-02-11,2,0,2
2020-02-11,0,0,0
2020-02-11,4,0,4
2020-02-11,2,1,1
2020-02-10,9,4,5
2020-02-10,27,7,20
2020-02-10,41,16,25
2020-02-10,72,21,51
2020-02-10,129,27,102
2020-02-10,382,106,276
2020-02-10,730,158,572
2020-02-10,375,84,291
2020-02-10,155,58,97
2020-02-10,99,34,65
2020-02-10,70,22,48
2020-02-10,57,31,26
2020-02-10,64,24,40
2020-02-10,137,45,92
2020-02-10,266,96,170
2020-02-10,654,279,375
2020-02-10,408,180,228
2020-02-10,131,68,63
2020-02-10,25,12,13
2020-02-10,9,4,5
2020-02-10,0,0,0
2020-02-10,1,0,1
2020-02-10,1,0,1
2020-02-10,7,3,4
2020-02-09,9,4,5
2020-02-09,10,8,2
2020-02-09,13,6,7
2020-02-09,18,9,9
2020-02-09,35,14,21
2020-02-09,44,16,28
2020-02-09,89,43,46
2020-02-09,159,71,88
2020-02-09,222,95,127
2020-02-09,231,115,116
2020-02-09,186,90,96
2020-02-09,174,82,92
2020-02-09,125,57,68
2020-02-09,122,55,67
2020-02-09,71,29,42
2020-02-09,45,21,24
2020-02-09,13,7,6
2020-02-09,6,3,3
2020-02-09,4,1,3
2020-02-09,3,2,1
2020-02-09,0,0,0
2020-02-09,4,2,2
2020-02-09,7,3,4
2020-02-09,7,4,3
2020-02-08,4,2,2
2020-02-08,12,5,7
2020-02-08,16,5,11
2020-02-08,15,7,8
2020-02-08,18,11,7
2020-02-08,42,14,28
2020-02-08,75,26,49
2020-02-08,95,38,57
2020-02-08,99,37,62
2020-02-08,92,42,50
2020-02-08,100,32,68
2020-02-08,136,70,66
2020-02-08,98,58,40
2020-02-08,79,23,56
2020-02-08,31,25,6
2020-02-08,35,13,22
2020-02-08,15,7,8
2020-02-08,10,3,7
2020-02-08,4,3,1
2020-02-08,2,0,2
2020-02-08,0,0,0
2020-02-08,2,1,1
2020-02-08,4,1,3
2020-02-08,8,6,2
2020-02-07,13,2,11
2020-02-07,11,6,5
2020-02-07,30,13,17
2020-02-07,26,3,23
2020-02-07,74,19,55
2020-02-07,172,46,126
2020-02-07,335,66,269
2020-02-07,251,56,195
2020-02-07,127,50,77
2020-02-07,71,20,51
2020-02-07,53,16,37
2020-02-07,50,20,30
2020-02-07,58,26,32
2020-02-07,84,27,57
2020-02-07,201,83,118
2020-02-07,351,150,201
2020-02-07,214,102,112
2020-02-07,88,36,52
2020-02-07,19,11,8
2020-02-07,7,4,3
2020-02-07,1,1,0
2020-02-07,1,0,1
2020-02-07,4,0,4
2020-02-07,3,2,1
2020-02-06,12,4,8
2020-02-06,24,7,17
2020-02-06,29,14,15
2020-02-06,54,13,41
2020-02-06,94,24,70
2020-02-06,232,63,169
2020-02-06,361,63,298
2020-02-06,188,52,136
2020-02-06,81,17,64
2020-02-06,41,15,26
2020-02-06,24,7,17
2020-02-06,29,11,18
2020-02-06,49,23,26
2020-02-06,61,18,43
2020-02-06,182,73,109
2020-02-06,339,135,204
2020-02-06,203,98,105
2020-02-06,91,46,45
2020-02-06,16,8,8
2020-02-06,6,4,2
2020-02-06,1,1,0
2020-02-06,1,1,0
2020-02-06,0,0,0
2020-02-06,3,1,2
2020-02-05,3,1,2
2020-02-05,12,4,8
2020-02-05,21,3,18
2020-02-05,31,7,24
2020-02-05,99,34,65
2020-02-05,209,49,160
2020-02-05,382,74,308
2020-02-05,204,43,161
2020-02-05,64,14,50
2020-02-05,28,9,19
2020-02-05,28,9,19
2020-02-05,17,6,11
2020-02-05,30,16,14
2020-02-05,87,25,62
2020-02-05,171,61,110
2020-02-05,388,151,237
2020-02-05,227,105,122
2020-02-05,100,47,53
2020-02-05,13,5,8
2020-02-05,8,5,3
2020-02-05,3,1,2
2020-02-05,0,0,0
2020-02-05,1,0,1
2020-02-05,1,0,1
2020-02-04,3,1,2
2020-02-04,15,7,8
2020-02-04,38,11,27
2020-02-04,52,15,37
2020-02-04,99,19,80
2020-02-04,247,62,185
2020-02-04,439,81,358
2020-02-04,256,54,202
2020-02-04,92,35,57
2020-02-04,44,10,34
2020-02-04,42,12,30
2020-02-04,23,7,16
2020-02-04,46,20,26
2020-02-04,87,38,49
2020-02-04,249,100,149
2020-02-04,454,194,260
2020-02-04,291,133,158
2020-02-04,107,53,54
2020-02-04,17,7,10
2020-02-04,9,5,4
2020-02-04,1,1,0
2020-02-04,4,0,4
2020-02-04,2,0,2
2020-02-04,4,3,1
2020-02-03,7,3,4
2020-02-03,19,7,12
2020-02-03,38,12,26
2020-02-03,57,16,41
2020-02-03,150,30,120
2020-02-03,314,70,244
2020-02-03,587,121,466
2020-02-03,306,57,249
2020-02-03,153,55,98
2020-02-03,83,38,45
2020-02-03,66,30,36
2020-02-03,58,19,39
2020-02-03,85,35,50
2020-02-03,107,38,69
2020-02-03,308,114,194
2020-02-03,580,246,334
2020-02-03,305,153,152
2020-02-03,127,62,65
2020-02-03,25,12,13
2020-02-03,7,2,5
2020-02-03,1,1,0
2020-02-03,0,0,0
2020-02-03,1,0,1
2020-02-03,3,0,3
2020-02-02,6,1,5
2020-02-02,10,4,6
2020-02-02,15,8,7
2020-02-02,31,16,15
2020-02-02,39,19,20
2020-02-02,23,9,14
2020-02-02,63,31,32
2020-02-02,81,39,42
2020-02-02,166,62,104
2020-02-02,151,65,86
2020-02-02,138,61,77
2020-02-02,157,63,94
2020-02-02,127,66,61
2020-02-02,92,44,48
2020-02-02,47,19,28
2020-02-02,33,16,17
2020-02-02,17,4,13
2020-02-02,10,6,4
2020-02-02,3,1,2
2020-02-02,1,1,0
2020-02-02,1,0,1
2020-02-02,2,1,1
2020-02-02,2,2,0
2020-02-02,5,1,4
2020-02-01,10,6,4
2020-02-01,17,8,9
2020-02-01,13,8,5
2020-02-01,16,7,9
2020-02-01,34,8,26
2020-02-01,33,9,24
2020-02-01,42,13,29
2020-02-01,65,28,37
2020-02-01,64,30,34
2020-02-01,52,20,32
2020-02-01,63,25,38
2020-02-01,46,19,27
2020-02-01,3,1,2
2020-02-01,31,26,5
2020-02-01,39,16,23
2020-02-01,33,15,18
2020-02-01,10,3,7
2020-02-01,7,2,5
2020-02-01,2,1,1
2020-02-01,3,2,1
2020-02-01,0,0,0
2020-02-01,2,1,1
2020-02-01,2,0,2
2020-02-01,1,0,1
2020-01-31,13,6,7
2020-01-31,13,4,9
2020-01-31,20,2,18
2020-01-31,42,7,35
2020-01-31,64,12,52
2020-01-31,196,46,150
2020-01-31,343,62,281
2020-01-31,176,29,147
2020-01-31,85,28,57
2020-01-31,42,13,29
2020-01-31,32,13,19
2020-01-31,32,14,18
2020-01-31,44,20,24
2020-01-31,72,23,49
2020-01-31,205,80,125
2020-01-31,323,137,186
2020-01-31,227,113,114
2020-01-31,76,36,40
2020-01-31,14,7,7
2020-01-31,8,6,2
2020-01-31,0,0,0
2020-01-31,0,0,0
2020-01-31,1,0,1
2020-01-31,12,1,11
2020-01-30,9,5,4
2020-01-30,24,9,15
2020-01-30,35,9,26
2020-01-30,52,16,36
2020-01-30,97,29,68
2020-01-30,295,71,224
2020-01-30,486,93,393
2020-01-30,285,57,228
2020-01-30,149,42,107
2020-01-30,71,21,50
2020-01-30,75,30,45
2020-01-30,79,37,42
2020-01-30,75,37,38
2020-01-30,101,44,57
2020-01-30,249,88,161
2020-01-30,478,201,277
2020-01-30,315,142,173
2020-01-30,113,64,49
2020-01-30,25,9,16
2020-01-30,5,4,1
2020-01-30,1,1,0
2020-01-30,0,0,0
2020-01-30,0,0,0
2020-01-30,6,3,3
2020-01-29,15,7,8
2020-01-29,24,8,16
2020-01-29,49,17,32
2020-01-29,51,13,38
2020-01-29,125,37,88
2020-01-29,284,64,220
2020-01-29,473,77,396
2020-01-29,266,72,194
2020-01-29,110,36,74
2020-01-29,63,21,42
2020-01-29,40,13,27
2020-01-29,47,21,26
2020-01-29,34,20,14
2020-01-29,84,36,48
2020-01-29,233,80,153
2020-01-29,467,190,277
2020-01-29,308,157,151
2020-01-29,111,45,66
2020-01-29,24,13,11
2020-01-29,9,4,5
2020-01-29,3,1,2
2020-01-29,5,5,0
2020-01-29,1,0,1
2020-01-29,6,1,5
2020-01-28,10,5,5
2020-01-28,24,13,11
2020-01-28,47,12,35
2020-01-28,58,10,48
2020-01-28,133,33,100
2020-01-28,284,89,195
2020-01-28,464,95,369
2020-01-28,253,55,198
2020-01-28,135,42,93
2020-01-28,64,25,39
2020-01-28,76,31,45
2020-01-28,50,21,29
2020-01-28,46,14,32
2020-01-28,81,32,49
2020-01-28,230,94,136
2020-01-28,426,176,250
2020-01-28,230,109,121
2020-01-28,87,40,47
2020-01-28,16,8,8
2020-01-28,5,3,2
2020-01-28,2,1,1
2020-01-28,4,0,4
2020-01-28,1,0,1
2020-01-28,3,0,3
2020-01-27,7,4,3
2020-01-27,16,6,10
2020-01-27,34,9,25
2020-01-27,49,12,37
2020-01-27,107,23,84
2020-01-27,312,67,245
2020-01-27,490,94,396
2020-01-27,280,58,222
2020-01-27,117,36,81
2020-01-27,66,23,43
2020-01-27,57,20,37
2020-01-27,67,26,41
2020-01-27,92,42,50
2020-01-27,118,47,71
2020-01-27,277,97,180
2020-01-27,592,254,338
2020-01-27,331,169,162
2020-01-27,116,56,60
2020-01-27,24,11,13
2020-01-27,8,3,5
2020-01-27,0,0,0
2020-01-27,1,1,0
2020-01-27,1,0,1
2020-01-27,1,0,1
2020-01-26,6,2,4
2020-01-26,8,2,6
2020-01-26,6,3,3
2020-01-26,15,5,10
2020-01-26,27,16,11
2020-01-26,33,8,25
2020-01-26,44,25,19
2020-01-26,90,44,46
2020-01-26,143,73,70
2020-01-26,134,55,79
2020-01-26,155,61,94
2020-01-26,123,55,68
2020-01-26,118,52,66
2020-01-26,75,42,33
2020-01-26,47,16,31
2020-01-26,26,10,16
2020-01-26,14,5,9
2020-01-26,7,2,5
2020-01-26,4,3,1
2020-01-26,1,0,1
2020-01-26,1,1,0
2020-01-26,1,0,1
2020-01-26,4,3,1
2020-01-26,7,4,3
2020-01-25,12,5,7
2020-01-25,21,10,11
2020-01-25,16,7,9
2020-01-25,19,9,10
2020-01-25,40,25,15
2020-01-25,42,15,27
2020-01-25,67,24,43
2020-01-25,98,49,49
2020-01-25,146,56,90
2020-01-25,93,42,51
2020-01-25,85,41,44
2020-01-25,104,53,51
2020-01-25,73,31,42
2020-01-25,56,26,30
2020-01-25,35,13,22
2020-01-25,41,14,27
2020-01-25,22,11,11
2020-01-25,6,3,3
2020-01-25,2,1,1
2020-01-25,0,0,0
2020-01-25,3,0,3
2020-01-25,13,1,12
2020-01-25,4,0,4
2020-01-25,5,0,5
2020-01-24,16,2,14
2020-01-24,16,7,9
2020-01-24,28,6,22
2020-01-24,55,23,32
2020-01-24,87,33,54
2020-01-24,196,48,148
2020-01-24,438,95,343
2020-01-24,315,73,242
2020-01-24,125,29,96
2020-01-24,51,15,36
2020-01-24,47,20,27
2020-01-24,46,20,26
2020-01-24,47,20,27
2020-01-24,76,32,44
2020-01-24,231,76,155
2020-01-24,413,178,235
2020-01-24,240,103,137
2020-01-24,90,42,48
2020-01-24,18,8,10
2020-01-24,7,3,4
2020-01-24,1,0,1
2020-01-24,0,0,0
2020-01-24,2,0,2
2020-01-24,7,3,4
2020-01-23,10,2,8
2020-01-23,15,5,10
2020-01-23,26,9,17
2020-01-23,54,12,42
2020-01-23,106,25,81
2020-01-23,234,59,175
2020-01-23,398,84,314
2020-01-23,198,40,158
2020-01-23,89,31,58
2020-01-23,38,11,27
2020-01-23,30,15,15
2020-01-23,29,15,14
2020-01-23,37,17,20
2020-01-23,70,30,40
2020-01-23,192,71,121
2020-01-23,366,149,217
2020-01-23,243,114,129
2020-01-23,91,41,50
2020-01-23,24,12,12
2020-01-23,5,3,2
2020-01-23,1,0,1
2020-01-23,0,0,0
2020-01-23,1,0,1
2020-01-23,2,1,1
2020-01-22,8,1,7
2020-01-22,17,6,11
2020-01-22,35,12,23
2020-01-22,43,8,35
2020-01-22,126,28,98
2020-01-22,302,64,238
2020-01-22,460,85,375
2020-01-22,242,55,187
2020-01-22,100,28,72
2020-01-22,40,10,30
2020-01-22,31,13,18
2020-01-22,32,12,20
2020-01-22,31,16,15
2020-01-22,71,31,40
2020-01-22,201,78,123
2020-01-22,418,166,252
2020-01-22,269,112,157
2020-01-22,113,55,58
2020-01-22,24,14,10
2020-01-22,4,2,2
2020-01-22,0,0,0
2020-01-22,0,0,0
2020-01-22,1,0,1
2020-01-22,2,2,0
2020-01-21,3,0,3
2020-01-21,15,4,11
2020-01-21,30,8,22
2020-01-21,47,12,35
2020-01-21,96,17,79
2020-01-21,251,54,197
2020-01-21,487,86,401
2020-01-21,241,67,174
2020-01-21,95,25,70
2020-01-21,41,8,33
2020-01-21,42,19,23
2020-01-21,44,19,25
2020-01-21,47,17,30
2020-01-21,95,31,64
2020-01-21,268,106,162
2020-01-21,467,180,287
2020-01-21,296,134,162
2020-01-21,109,57,52
2020-01-21,21,12,9
2020-01-21,6,5,1
2020-01-21,2,1,1
2020-01-21,3,1,2
2020-01-21,0,0,0
2020-01-21,2,1,1
2020-01-20,10,1,9
2020-01-20,17,8,9
2020-01-20,24,9,15
2020-01-20,34,13,21
2020-01-20,75,14,61
2020-01-20,147,31,116
2020-01-20,274,50,224
2020-01-20,193,60,133
2020-01-20,107,40,67
2020-01-20,72,27,45
2020-01-20,61,31,30
2020-01-20,68,23,45
2020-01-20,54,26,28
2020-01-20,65,26,39
2020-01-20,106,40,66
2020-01-20,240,92,148
2020-01-20,139,66,73
2020-01-20,58,23,35
2020-01-20,7,5,2
2020-01-20,9,4,5
2020-01-20,0,0,0
2020-01-20,2,0,2
2020-01-20,1,0,1
2020-01-20,2,1,1
2020-01-19,4,2,2
2020-01-19,9,3,6
2020-01-19,12,7,5
2020-01-19,23,7,16
2020-01-19,21,6,15
2020-01-19,33,11,22
2020-01-19,71,19,52
2020-01-19,69,36,33
2020-01-19,92,43,49
2020-01-19,91,41,50
2020-01-19,98,36,62
2020-01-19,56,23,33
2020-01-19,44,26,18
2020-01-19,57,25,32
2020-01-19,65,33,32
2020-01-19,31,12,19
2020-01-19,13,3,10
2020-01-19,9,5,4
2020-01-19,3,1,2
2020-01-19,2,2,0
2020-01-19,0,0,0
2020-01-19,8,0,8
2020-01-19,5,3,2
2020-01-19,7,3,4
2020-01-18,13,8,5
2020-01-18,9,4,5
2020-01-18,15,7,8
2020-01-18,17,6,11
2020-01-18,23,13,10
2020-01-18,32,18,14
2020-01-18,37,14,23
2020-01-18,73,34,39
2020-01-18,80,43,37
2020-01-18,67,35,32
2020-01-18,52,23,29
2020-01-18,41,21,20
2020-01-18,53,19,34
2020-01-18,32,18,14
2020-01-18,37,20,17
2020-01-18,29,16,13
2020-01-18,7,4,3
2020-01-18,9,2,7
2020-01-18,1,1,0
2020-01-18,0,0,0
2020-01-18,0,0,0
2020-01-18,1,0,1
2020-01-18,6,2,4
2020-01-18,8,6,2
2020-01-17,11,3,8
2020-01-17,12,6,6
2020-01-17,34,6,28
2020-01-17,32,10,22
2020-01-17,79,25,54
2020-01-17,206,62,144
2020-01-17,360,74,286
2020-01-17,227,45,182
2020-01-17,130,33,97
2020-01-17,64,28,36
2020-01-17,66,29,37
2020-01-17,54,17,37
2020-01-17,59,31,28
2020-01-17,74,32,42
2020-01-17,202,79,123
2020-01-17,375,142,233
2020-01-17,201,98,103
2020-01-17,67,34,33
2020-01-17,17,12,5
2020-01-17,4,2,2
2020-01-17,1,0,1
2020-01-17,1,1,0
2020-01-17,3,1,2
2020-01-17,7,2,5
2020-01-16,18,9,9
2020-01-16,16,7,9
2020-01-16,29,11,18
2020-01-16,39,7,32
2020-01-16,88,20,68
2020-01-16,208,52,156
2020-01-16,397,87,310
2020-01-16,251,65,186
2020-01-16,102,36,66
2020-01-16,65,30,35
2020-01-16,72,33,39
2020-01-16,54,26,28
2020-01-16,70,26,44
2020-01-16,87,32,55
2020-01-16,196,74,122
2020-01-16,392,168,224
2020-01-16,179,75,104
2020-01-16,78,37,41
2020-01-16,8,5,3
2020-01-16,4,3,1
2020-01-16,0,0,0
2020-01-16,2,1,1
2020-01-16,0,0,0
2020-01-16,2,2,0
2020-01-15,7,4,3
2020-01-15,17,6,11
2020-01-15,11,3,8
2020-01-15,21,6,15
2020-01-15,45,10,35
2020-01-15,89,21,68
2020-01-15,165,35,130
2020-01-15,81,16,65
2020-01-15,56,22,34
2020-01-15,31,11,20
2020-01-15,21,12,9
2020-01-15,19,11,8
2020-01-15,34,14,20
2020-01-15,49,20,29
2020-01-15,104,30,74
2020-01-15,154,62,92
2020-01-15,80,38,42
2020-01-15,18,10,8
2020-01-15,6,3,3
2020-01-15,4,2,2
2020-01-15,0,0,0
2020-01-15,1,0,1
2020-01-15,1,0,1
2020-01-15,1,0,1
2020-01-14,2,1,1
2020-01-14,5,1,4
2020-01-14,13,4,9
2020-01-14,22,10,12
2020-01-14,36,11,25
2020-01-14,68,16,52
2020-01-14,136,31,105
2020-01-14,85,23,62
2020-01-14,39,10,29
2020-01-14,29,12,17
2020-01-14,25,11,14
2020-01-14,17,8,9
2020-01-14,19,11,8
2020-01-14,58,15,43
2020-01-14,70,19,51
2020-01-14,108,41,67
2020-01-14,59,27,32
2020-01-14,27,11,16
2020-01-14,7,5,2
2020-01-14,3,2,1
2020-01-14,0,0,0
2020-01-14,0,0,0
2020-01-14,1,0,1
2020-01-14,4,0,4
2020-01-13,4,0,4
2020-01-13,10,2,8
2020-01-13,12,4,8
2020-01-13,20,7,13
2020-01-13,50,12,38
2020-01-13,100,25,75
2020-01-13,192,48,144
2020-01-13,128,36,92
2020-01-13,58,17,41
2020-01-13,31,11,20
2020-01-13,22,8,14
2020-01-13,20,8,12
2020-01-13,37,17,20
2020-01-13,59,17,42
2020-01-13,124,43,81
2020-01-13,165,66,99
2020-01-13,98,44,54
2020-01-13,23,12,11
2020-01-13,6,3,3
2020-01-13,4,2,2
2020-01-13,1,1,0
2020-01-13,0,0,0
2020-01-13,0,0,0
2020-01-13,3,2,1
2020-01-12,1,1,0
2020-01-12,4,1,3
2020-01-12,10,8,2
2020-01-12,9,5,4
2020-01-12,20,11,9
2020-01-12,17,8,9
2020-01-12,32,14,18
2020-01-12,38,15,23
2020-01-12,66,29,37
2020-01-12,59,26,33
2020-01-12,63,32,31
2020-01-12,45,21,24
2020-01-12,52,29,23
2020-01-12,41,23,18
2020-01-12,36,17,19
2020-01-12,18,5,13
2020-01-12,12,6,6
2020-01-12,8,4,4
2020-01-12,3,2,1
2020-01-12,3,2,1
2020-01-12,1,0,1
2020-01-12,2,1,1
2020-01-12,1,0,1
2020-01-12,9,1,8
2020-01-11,9,3,6
2020-01-11,14,7,7
2020-01-11,12,6,6
2020-01-11,17,3,14
2020-01-11,15,9,6
2020-01-11,30,10,20
2020-01-11,34,13,21
2020-01-11,55,20,35
2020-01-11,63,38,25
2020-01-11,54,19,35
2020-01-11,48,23,25
2020-01-11,52,19,33
2020-01-11,49,25,24
2020-01-11,51,26,25
2020-01-11,51,27,24
2020-01-11,30,12,18
2020-01-11,18,8,10
2020-01-11,10,3,7
2020-01-11,1,0,1
2020-01-11,0,0,0
2020-01-11,0,0,0
2020-01-11,1,0,1
2020-01-11,5,3,2
2020-01-11,5,0,5
2020-01-10,7,1,6
2020-01-10,17,4,13
2020-01-10,19,4,15
2020-01-10,28,9,19
2020-01-10,59,14,45
2020-01-10,162,35,127
2020-01-10,343,56,287
2020-01-10,200,40,160
2020-01-10,97,30,67
2020-01-10,49,12,37
2020-01-10,38,19,19
2020-01-10,25,17,8
2020-01-10,35,17,18
2020-01-10,68,22,46
2020-01-10,212,67,145
2020-01-10,320,129,191
2020-01-10,201,83,118
2020-01-10,72,31,41
2020-01-10,17,10,7
2020-01-10,3,1,2
2020-01-10,0,0,0
2020-01-10,2,0,2
2020-01-10,7,4,3
2020-01-10,6,4,2
2020-01-09,23,9,14
2020-01-09,23,14,9
2020-01-09,38,12,26
2020-01-09,50,14,36
2020-01-09,107,20,87
2020-01-09,278,77,201
2020-01-09,481,99,382
2020-01-09,271,72,199
2020-01-09,112,31,81
2020-01-09,63,19,44
2020-01-09,47,23,24
2020-01-09,52,23,29
2020-01-09,55,27,28
2020-01-09,89,28,61
2020-01-09,233,78,155
2020-01-09,426,181,245
2020-01-09,262,117,145
2020-01-09,111,52,59
2020-01-09,29,17,12
2020-01-09,7,6,1
2020-01-09,0,0,0
2020-01-09,1,0,1
2020-01-09,2,2,0
2020-01-09,4,1,3
2020-01-08,7,2,5
2020-01-08,22,9,13
2020-01-08,39,15,24
2020-01-08,59,10,49
2020-01-08,120,26,94
2020-01-08,343,93,250
2020-01-08,593,106,487
2020-01-08,316,81,235
2020-01-08,138,44,94
2020-01-08,74,21,53
2020-01-08,62,26,36
2020-01-08,60,26,34
2020-01-08,68,26,42
2020-01-08,117,39,78
2020-01-08,276,97,179
2020-01-08,565,242,323
2020-01-08,356,170,186
2020-01-08,121,61,60
2020-01-08,28,15,13
2020-01-08,5,3,2
2020-01-08,1,0,1
2020-01-08,1,0,1
2020-01-08,2,0,2
2020-01-08,5,2,3
2020-01-07,9,6,3
2020-01-07,23,6,17
2020-01-07,39,17,22
2020-01-07,60,17,43
2020-01-07,96,20,76
2020-01-07,283,65,218
2020-01-07,548,99,449
2020-01-07,257,63,194
2020-01-07,120,34,86
2020-01-07,68,18,50
2020-01-07,47,20,27
2020-01-07,50,32,18
2020-01-07,62,28,34
2020-01-07,87,33,54
2020-01-07,267,105,162
2020-01-07,514,229,285
2020-01-07,316,148,168
2020-01-07,101,49,52
2020-01-07,27,12,15
2020-01-07,4,2,2
2020-01-07,0,0,0
2020-01-07,1,0,1
2020-01-07,2,2,0
2020-01-07,3,1,2
2020-01-06,4,2,2
2020-01-06,23,9,14
2020-01-06,23,8,15
2020-01-06,36,13,23
2020-01-06,102,25,77
2020-01-06,294,85,209
2020-01-06,530,92,438
2020-01-06,276,59,217
2020-01-06,114,33,81
2020-01-06,28,8,20
2020-01-06,33,14,19
2020-01-06,38,14,24
2020-01-06,30,14,16
2020-01-06,77,23,54
2020-01-06,209,70,139
2020-01-06,528,228,300
2020-01-06,337,166,171
2020-01-06,124,74,50
2020-01-06,29,13,16
2020-01-06,5,4,1
2020-01-06,0,0,0
2020-01-06,0,0,0
2020-01-06,1,0,1
2020-01-06,4,1,3
2020-01-05,4,1,3
2020-01-05,7,6,1
2020-01-05,12,2,10
2020-01-05,17,6,11
2020-01-05,15,7,8
2020-01-05,31,15,16
2020-01-05,45,15,30
2020-01-05,58,20,38
2020-01-05,77,41,36
2020-01-05,61,23,38
2020-01-05,45,25,20
2020-01-05,41,19,22
2020-01-05,34,18,16
2020-01-05,36,16,20
2020-01-05,29,14,15
2020-01-05,19,11,8
2020-01-05,13,6,7
2020-01-05,12,2,10
2020-01-05,1,0,1
2020-01-05,0,0,0
2020-01-05,2,1,1
2020-01-05,2,2,0
2020-01-05,1,0,1
2020-01-05,7,2,5
2020-01-04,5,2,3
2020-01-04,12,5,7
2020-01-04,16,5,11
2020-01-04,16,9,7
2020-01-04,21,12,9
2020-01-04,34,13,21
2020-01-04,37,18,19
2020-01-04,54,22,32
2020-01-04,89,38,51
2020-01-04,104,44,60
2020-01-04,118,53,65
2020-01-04,111,59,52
2020-01-04,89,45,44
2020-01-04,74,33,41
2020-01-04,56,20,36
2020-01-04,44,17,27
2020-01-04,21,6,15
2020-01-04,10,4,6
2020-01-04,2,1,1
2020-01-04,0,0,0
2020-01-04,2,0,2
2020-01-04,3,1,2
2020-01-04,2,1,1
2020-01-04,6,1,5
2020-01-03,4,0,4
2020-01-03,11,9,2
2020-01-03,23,6,17
2020-01-03,32,5,27
2020-01-03,57,19,38
2020-01-03,177,58,119
2020-01-03,371,82,289
2020-01-03,311,75,236
2020-01-03,165,55,110
2020-01-03,104,37,67
2020-01-03,89,42,47
2020-01-03,112,43,69
2020-01-03,83,32,51
2020-01-03,90,36,54
2020-01-03,220,77,143
2020-01-03,342,154,188
2020-01-03,197,90,107
2020-01-03,72,28,44
2020-01-03,17,13,4
2020-01-03,6,2,4
2020-01-03,2,1,1
2020-01-03,1,0,1
2020-01-03,0,0,0
2020-01-03,2,0,2
2020-01-02,7,3,4
2020-01-02,8,4,4
2020-01-02,23,6,17
2020-01-02,35,5,30
2020-01-02,73,18,55
2020-01-02,196,40,156
2020-01-02,345,56,289
2020-01-02,220,37,183
2020-01-02,98,25,73
2020-01-02,51,18,33
2020-01-02,30,14,16
2020-01-02,41,15,26
2020-01-02,35,12,23
2020-01-02,89,36,53
2020-01-02,211,73,138
2020-01-02,390,158,232
2020-01-02,215,93,122
2020-01-02,67,38,29
2020-01-02,19,12,7
2020-01-02,2,1,1
2020-01-02,1,0,1
2020-01-02,1,0,1
2020-01-02,1,0,1
2020-01-02,2,0,2
2020-01-01,2,0,2
2020-01-01,4,1,3
2020-01-01,10,4,6
2020-01-01,9,3,6
2020-01-01,14,9,5
2020-01-01,17,4,13
2020-01-01,38,24,14
2020-01-01,64,30,34
2020-01-01,103,47,56
2020-01-01,119,54,65
2020-01-01,102,49,53
2020-01-01,90,49,41
2020-01-01,86,36,50
2020-01-01,66,35,31
2020-01-01,30,16,14
2020-01-01,18,6,12
2020-01-01,4,2,2
2020-01-01,9,3,6
2020-01-01,3,1,2
2020-01-01,1,0,1
2020-01-01,4,0,4
2020-01-01,16,5,11
2020-01-01,33,9,24
2020-01-01,11,4,7
2019-12-31,16,7,9
2019-12-31,15,5,10
2019-12-31,15,8,7
2019-12-31,13,6,7
2019-12-31,19,8,11
2019-12-31,41,10,31
2019-12-31,101,22,79
2019-12-31,124,28,96
2019-12-31,107,28,79
2019-12-31,61,23,38
2019-12-31,56,15,41
2019-12-31,35,18,17
2019-12-31,52,28,24
2019-12-31,40,19,21
2019-12-31,97,38,59
2019-12-31,149,62,87
2019-12-31,125,60,65
2019-12-31,45,22,23
2019-12-31,15,8,7
2019-12-31,5,3,2
2019-12-31,1,0,1
2019-12-31,1,0,1
2019-12-31,1,1,0
2019-12-31,8,3,5
2019-12-30,6,1,5
2019-12-30,6,4,2
2019-12-30,13,3,10
2019-12-30,29,11,18
2019-12-30,57,18,39
2019-12-30,152,47,105
2019-12-30,263,55,208
2019-12-30,209,45,164
2019-12-30,131,37,94
2019-12-30,65,24,41
2019-12-30,48,15,33
2019-12-30,42,15,27
2019-12-30,48,25,23
2019-12-30,70,18,52
2019-12-30,143,54,89
2019-12-30,254,104,150
2019-12-30,165,73,92
2019-12-30,67,32,35
2019-12-30,18,8,10
2019-12-30,7,3,4
2019-12-30,2,0,2
2019-12-30,1,0,1
2019-12-30,2,1,1
2019-12-30,5,2,3
2019-12-29,4,3,1
2019-12-29,11,8,3
2019-12-29,22,5,17
2019-12-29,18,8,10
2019-12-29,22,10,12
2019-12-29,26,11,15
2019-12-29,33,14,19
2019-12-29,82,37,45
2019-12-29,118,53,65
2019-12-29,148,70,78
2019-12-29,101,42,59
2019-12-29,108,58,50
2019-12-29,70,26,44
2019-12-29,68,26,42
2019-12-29,25,5,20
2019-12-29,31,16,15
2019-12-29,9,4,5
2019-12-29,9,5,4
2019-12-29,2,0,2
2019-12-29,2,2,0
2019-12-29,3,0,3
2019-12-29,3,0,3
2019-12-29,4,4,0
2019-12-29,4,1,3
2019-12-28,6,1,5
2019-12-28,7,3,4
2019-12-28,9,5,4
2019-12-28,13,3,10
2019-12-28,13,9,4
2019-12-28,13,1,12
2019-12-28,38,13,25
2019-12-28,60,27,33
2019-12-28,72,26,46
2019-12-28,129,60,69
2019-12-28,112,45,67
2019-12-28,101,57,44
2019-12-28,103,55,48
2019-12-28,62,31,31
2019-12-28,24,12,12
2019-12-28,33,12,21
2019-12-28,18,7,11
2019-12-28,7,5,2
2019-12-28,4,2,2
2019-12-28,0,0,0
2019-12-28,1,1,0
2019-12-28,1,1,0
2019-12-28,6,3,3
2019-12-28,6,3,3
2019-12-27,7,1,6
2019-12-27,17,5,12
2019-12-27,24,4,20
2019-12-27,17,4,13
2019-12-27,20,8,12
2019-12-27,79,18,61
2019-12-27,137,37,100
2019-12-27,120,32,88
2019-12-27,109,34,75
2019-12-27,60,26,34
2019-12-27,58,30,28
2019-12-27,52,22,30
2019-12-27,44,19,25
2019-12-27,50,20,30
2019-12-27,73,25,48
2019-12-27,120,42,78
2019-12-27,86,36,50
2019-12-27,44,23,21
2019-12-27,10,6,4
2019-12-27,2,2,0
2019-12-27,1,0,1
2019-12-27,2,1,1
2019-12-27,4,2,2
2019-12-27,2,1,1
2019-12-26,2,0,2
2019-12-26,9,5,4
2019-12-26,6,3,3
2019-12-26,19,9,10
2019-12-26,38,10,28
2019-12-26,59,17,42
2019-12-26,108,22,86
2019-12-26,126,26,100
2019-12-26,125,45,80
2019-12-26,78,41,37
2019-12-26,80,30,50
2019-12-26,55,25,30
2019-12-26,46,16,30
2019-12-26,51,21,30
2019-12-26,79,27,52
2019-12-26,93,36,57
2019-12-26,55,22,33
2019-12-26,20,7,13
2019-12-26,12,1,11
2019-12-26,2,2,0
2019-12-26,0,0,0
2019-12-26,1,0,1
2019-12-26,0,0,0
2019-12-26,3,1,2
2019-12-25,5,2,3
2019-12-25,3,1,2
2019-12-25,6,5,1
2019-12-25,8,3,5
2019-12-25,4,1,3
2019-12-25,4,3,1
2019-12-25,10,4,6
2019-12-25,25,10,15
2019-12-25,55,26,29
2019-12-25,76,27,49
2019-12-25,58,33,25
2019-12-25,45,26,19
2019-12-25,28,8,20
2019-12-25,36,20,16
2019-12-25,22,8,14
2019-12-25,12,1,11
2019-12-25,6,4,2
2019-12-25,2,1,1
2019-12-25,2,0,2
2019-12-25,1,0,1
2019-12-25,0,0,0
2019-12-25,1,0,1
2019-12-25,3,1,2
2019-12-25,1,0,1
2019-12-24,4,0,4
2019-12-24,4,2,2
2019-12-24,4,3,1
2019-12-24,8,3,5
2019-12-24,21,8,13
2019-12-24,17,3,14
2019-12-24,32,7,25
2019-12-24,64,21,43
2019-12-24,76,23,53
2019-12-24,81,36,45
2019-12-24,68,21,47
2019-12-24,74,31,43
2019-12-24,87,42,45
2019-12-24,51,21,30
2019-12-24,52,18,34
2019-12-24,89,34,55
2019-12-24,58,17,41
2019-12-24,32,12,20
2019-12-24,15,6,9
2019-12-24,3,2,1
2019-12-24,1,0,1
2019-12-24,1,0,1
2019-12-24,2,1,1
2019-12-24,8,4,4
2019-12-23,9,2,7
2019-12-23,11,4,7
2019-12-23,19,7,12
2019-12-23,30,10,20
2019-12-23,55,15,40
2019-12-23,94,22,72
2019-12-23,191,28,163
2019-12-23,168,44,124
2019-12-23,122,32,90
2019-12-23,70,28,42
2019-12-23,74,33,41
2019-12-23,53,27,26
2019-12-23,48,18,30
2019-12-23,67,18,49
2019-12-23,125,47,78
2019-12-23,174,79,95
2019-12-23,116,47,69
2019-12-23,43,29,14
2019-12-23,14,6,8
2019-12-23,2,2,0
2019-12-23,0,0,0
2019-12-23,1,0,1
2019-12-23,2,0,2
2019-12-23,2,1,1
2019-12-22,9,6,3
2019-12-22,13,5,8
2019-12-22,10,4,6
2019-12-22,8,1,7
2019-12-22,12,5,7
2019-12-22,12,3,9
2019-12-22,34,16,18
2019-12-22,45,27,18
2019-12-22,84,39,45
2019-12-22,72,50,22
2019-12-22,98,52,46
2019-12-22,83,37,46
2019-12-22,72,28,44
2019-12-22,51,25,26
2019-12-22,36,19,17
2019-12-22,24,11,13
2019-12-22,18,4,14
2019-12-22,3,1,2
2019-12-22,3,0,3
2019-12-22,0,0,0
2019-12-22,4,3,1
2019-12-22,2,1,1
2019-12-22,4,0,4
2019-12-22,6,2,4
2019-12-21,13,5,8
2019-12-21,11,5,6
2019-12-21,8,6,2
2019-12-21,8,3,5
2019-12-21,17,6,11
2019-12-21,12,7,5
2019-12-21,25,10,15
2019-12-21,29,9,20
2019-12-21,25,12,13
2019-12-21,21,8,13
2019-12-21,12,7,5
2019-12-21,28,18,10
2019-12-21,22,16,6
2019-12-21,8,4,4
2019-12-21,19,8,11
2019-12-21,14,7,7
2019-12-21,5,1,4
2019-12-21,5,1,4
2019-12-21,4,2,2
2019-12-21,0,0,0
2019-12-21,0,0,0
2019-12-21,0,0,0
2019-12-21,2,1,1
2019-12-21,4,1,3
2019-12-20,11,4,7
2019-12-20,7,4,3
2019-12-20,11,4,7
2019-12-20,16,6,10
2019-12-20,25,8,17
2019-12-20,80,21,59
2019-12-20,158,22,136
2019-12-20,145,26,119
2019-12-20,61,11,50
2019-12-20,30,10,20
2019-12-20,23,8,15
2019-12-20,18,6,12
2019-12-20,20,8,12
2019-12-20,35,14,21
2019-12-20,85,32,53
2019-12-20,206,90,116
2019-12-20,128,46,82
2019-12-20,55,29,26
2019-12-20,9,5,4
2019-12-20,7,3,4
2019-12-20,0,0,0
2019-12-20,0,0,0
2019-12-20,0,0,0
2019-12-20,8,2,6
2019-12-19,7,2,5
2019-12-19,16,7,9
2019-12-19,13,3,10
2019-12-19,37,10,27
2019-12-19,77,16,61
2019-12-19,179,50,129
2019-12-19,351,67,284
2019-12-19,206,35,171
2019-12-19,68,20,48
2019-12-19,56,15,41
2019-12-19,40,19,21
2019-12-19,67,26,41
2019-12-19,58,28,30
2019-12-19,88,36,52
2019-12-19,218,79,139
2019-12-19,369,148,221
2019-12-19,254,118,136
2019-12-19,81,44,37
2019-12-19,17,8,9
2019-12-19,4,2,2
2019-12-19,1,0,1
2019-12-19,0,0,0
2019-12-19,1,1,0
2019-12-19,7,2,5
2019-12-18,11,3,8
2019-12-18,21,7,14
2019-12-18,20,5,15
2019-12-18,52,15,37
2019-12-18,90,31,59
2019-12-18,255,44,211
2019-12-18,513,99,414
2019-12-18,317,54,263
2019-12-18,153,54,99
2019-12-18,97,33,64
2019-12-18,66,26,40
2019-12-18,82,24,58
2019-12-18,69,23,46
2019-12-18,102,33,69
2019-12-18,276,94,182
2019-12-18,514,222,292
2019-12-18,320,134,186
2019-12-18,105,53,52
2019-12-18,34,18,16
2019-12-18,8,5,3
2019-12-18,1,0,1
2019-12-18,3,1,2
2019-12-18,5,2,3
2019-12-18,13,4,9
2019-12-17,14,6,8
2019-12-17,21,9,12
2019-12-17,60,21,39
2019-12-17,95,21,74
2019-12-17,133,37,96
2019-12-17,354,78,276
2019-12-17,577,116,461
2019-12-17,383,76,307
2019-12-17,147,36,111
2019-12-17,98,37,61
2019-12-17,67,32,35
2019-12-17,82,35,47
2019-12-17,91,30,61
2019-12-17,135,52,83
2019-12-17,292,118,174
2019-12-17,569,242,327
2019-12-17,402,188,214
2019-12-17,121,56,65
2019-12-17,32,17,15
2019-12-17,5,3,2
2019-12-17,0,0,0
2019-12-17,2,1,1
2019-12-17,4,3,1
2019-12-17,15,9,6
2019-12-16,12,4,8
2019-12-16,15,6,9
2019-12-16,41,14,27
2019-12-16,69,16,53
2019-12-16,152,32,120
2019-12-16,363,76,287
2019-12-16,590,101,489
2019-12-16,342,74,268
2019-12-16,144,42,102
2019-12-16,86,36,50
2019-12-16,81,31,50
2019-12-16,75,25,50
2019-12-16,77,30,47
2019-12-16,110,38,72
2019-12-16,305,109,196
2019-12-16,590,258,332
2019-12-16,326,165,161
2019-12-16,118,62,56
2019-12-16,34,21,13
2019-12-16,6,3,3
2019-12-16,0,0,0
2019-12-16,0,0,0
2019-12-16,5,3,2
2019-12-16,8,4,4
2019-12-15,7,3,4
2019-12-15,7,2,5
2019-12-15,17,10,7
2019-12-15,21,12,9
2019-12-15,15,6,9
2019-12-15,22,9,13
2019-12-15,50,21,29
2019-12-15,47,21,26
2019-12-15,64,29,35
2019-12-15,58,25,33
2019-12-15,53,32,21
2019-12-15,66,32,34
2019-12-15,70,33,37
2019-12-15,50,25,25
2019-12-15,55,29,26
2019-12-15,24,12,12
2019-12-15,16,5,11
2019-12-15,11,3,8
2019-12-15,3,2,1
2019-12-15,2,0,2
2019-12-15,2,2,0
2019-12-15,3,0,3
2019-12-15,2,1,1
2019-12-15,12,5,7
2019-12-14,10,5,5
2019-12-14,10,7,3
2019-12-14,13,6,7
2019-12-14,10,3,7
2019-12-14,18,9,9
2019-12-14,24,12,12
2019-12-14,41,11,30
2019-12-14,67,29,38
2019-12-14,48,26,22
2019-12-14,62,20,42
2019-12-14,68,36,32
2019-12-14,84,49,35
2019-12-14,61,26,35
2019-12-14,52,22,30
2019-12-14,42,18,24
2019-12-14,45,15,30
2019-12-14,28,18,10
2019-12-14,6,0,6
2019-12-14,5,1,4
2019-12-14,2,1,1
2019-12-14,0,0,0
2019-12-14,4,2,2
2019-12-14,10,3,7
2019-12-14,16,4,12
2019-12-13,25,10,15
2019-12-13,20,13,7
2019-12-13,58,18,40
2019-12-13,66,34,32
2019-12-13,96,25,71
2019-12-13,214,66,148
2019-12-13,413,91,322
2019-12-13,307,63,244
2019-12-13,182,51,131
2019-12-13,98,31,67
2019-12-13,79,30,49
2019-12-13,85,39,46
2019-12-13,79,36,43
2019-12-13,107,40,67
2019-12-13,248,92,156
2019-12-13,451,188,263
2019-12-13,252,119,133
2019-12-13,96,47,49
2019-12-13,20,13,7
2019-12-13,4,2,2
2019-12-13,2,1,1
2019-12-13,1,1,0
2019-12-13,4,0,4
2019-12-13,6,2,4
2019-12-12,16,6,10
2019-12-12,40,18,22
2019-12-12,43,10,33
2019-12-12,60,22,38
2019-12-12,120,31,89
2019-12-12,290,65,225
2019-12-12,422,89,333
2019-12-12,260,55,205
2019-12-12,113,29,84
2019-12-12,54,18,36
2019-12-12,62,29,33
2019-12-12,58,24,34
2019-12-12,41,17,24
2019-12-12,97,37,60
2019-12-12,229,95,134
2019-12-12,420,175,245
2019-12-12,244,111,133
2019-12-12,93,41,52
2019-12-12,20,10,10
2019-12-12,8,6,2
2019-12-12,0,0,0
2019-12-12,1,0,1
2019-12-12,2,1,1
2019-12-12,2,1,1
2019-12-11,16,7,9
2019-12-11,23,9,14
2019-12-11,22,8,14
2019-12-11,50,18,32
2019-12-11,116,28,88
2019-12-11,262,63,199
2019-12-11,465,104,361
2019-12-11,275,58,217
2019-12-11,118,35,83
2019-12-11,58,18,40
2019-12-11,41,14,27
2019-12-11,50,19,31
2019-12-11,49,17,32
2019-12-11,111,46,65
2019-12-11,254,94,160
2019-12-11,469,196,273
2019-12-11,314,141,173
2019-12-11,122,58,64
2019-12-11,28,15,13
2019-12-11,6,4,2
2019-12-11,1,0,1
2019-12-11,0,0,0
2019-12-11,4,2,2
2019-12-11,13,2,11
2019-12-10,12,6,6
2019-12-10,38,20,18
2019-12-10,52,18,34
2019-12-10,56,15,41
2019-12-10,135,41,94
2019-12-10,337,76,261
2019-12-10,549,98,451
2019-12-10,296,63,233
2019-12-10,119,38,81
2019-12-10,76,22,54
2019-12-10,38,7,31
2019-12-10,54,22,32
2019-12-10,60,28,32
2019-12-10,126,49,77
2019-12-10,292,107,185
2019-12-10,554,227,327
2019-12-10,341,168,173
2019-12-10,123,67,56
2019-12-10,30,11,19
2019-12-10,10,4,6
2019-12-10,0,0,0
2019-12-10,3,2,1
2019-12-10,6,1,5
2019-12-10,5,2,3
2019-12-09,6,1,5
2019-12-09,25,7,18
2019-12-09,71,26,45
2019-12-09,95,20,75
2019-12-09,185,41,144
2019-12-09,407,87,320
2019-12-09,658,103,555
2019-12-09,363,88,275
2019-12-09,153,59,94
2019-12-09,82,31,51
2019-12-09,81,41,40
2019-12-09,67,34,33
2019-12-09,80,29,51
2019-12-09,132,43,89
2019-12-09,364,139,225
2019-12-09,666,267,399
2019-12-09,392,184,208
2019-12-09,136,72,64
2019-12-09,31,16,15
2019-12-09,9,4,5
2019-12-09,0,0,0
2019-12-09,5,2,3
2019-12-09,3,2,1
2019-12-09,6,2,4
2019-12-08,8,4,4
2019-12-08,9,7,2
2019-12-08,28,12,16
2019-12-08,24,10,14
2019-12-08,24,10,14
2019-12-08,29,11,18
2019-12-08,49,21,28
2019-12-08,111,50,61
2019-12-08,141,70,71
2019-12-08,125,65,60
2019-12-08,118,60,58
2019-12-08,114,61,53
2019-12-08,112,51,61
2019-12-08,104,57,47
2019-12-08,70,28,42
2019-12-08,25,10,15
2019-12-08,28,11,17
2019-12-08,6,2,4
2019-12-08,4,1,3
2019-12-08,2,0,2
2019-12-08,3,0,3
2019-12-08,5,0,5
2019-12-08,3,0,3
2019-12-08,7,4,3
2019-12-07,13,5,8
2019-12-07,22,12,10
2019-12-07,17,5,12
2019-12-07,22,9,13
2019-12-07,26,15,11
2019-12-07,27,9,18
2019-12-07,30,12,18
2019-12-07,53,20,33
2019-12-07,52,21,31
2019-12-07,54,20,34
2019-12-07,38,18,20
2019-12-07,46,20,26
2019-12-07,57,31,26
2019-12-07,36,17,19
2019-12-07,65,25,40
2019-12-07,46,21,25
2019-12-07,13,5,8
2019-12-07,6,2,4
2019-12-07,4,1,3
2019-12-07,4,1,3
2019-12-07,0,0,0
2019-12-07,7,1,6
2019-12-07,7,4,3
2019-12-07,15,10,5
2019-12-06,24,8,16
2019-12-06,24,10,14
2019-12-06,49,17,32
2019-12-06,42,15,27
2019-12-06,92,15,77
2019-12-06,249,49,200
2019-12-06,459,87,372
2019-12-06,345,70,275
2019-12-06,210,67,143
2019-12-06,121,41,80
2019-12-06,128,52,76
2019-12-06,104,33,71
2019-12-06,104,40,64
2019-12-06,134,48,86
2019-12-06,262,87,175
2019-12-06,500,189,311
2019-12-06,322,143,179
2019-12-06,92,42,50
2019-12-06,25,12,13
2019-12-06,6,4,2
2019-12-06,0,0,0
2019-12-06,1,0,1
2019-12-06,4,1,3
2019-12-06,11,2,9
2019-12-05,24,7,17
2019-12-05,48,14,34
2019-12-05,56,19,37
2019-12-05,86,24,62
2019-12-05,145,33,112
2019-12-05,321,61,260
2019-12-05,593,133,460
2019-12-05,353,88,265
2019-12-05,159,51,108
2019-12-05,109,38,71
2019-12-05,113,40,73
2019-12-05,80,32,48
2019-12-05,84,39,45
2019-12-05,120,40,80
2019-12-05,300,107,193
2019-12-05,569,243,326
2019-12-05,373,157,216
2019-12-05,101,48,53
2019-12-05,27,15,12
2019-12-05,6,4,2
2019-12-05,0,0,0
2019-12-05,0,0,0
2019-12-05,0,0,0
2019-12-05,10,5,5
2019-12-04,11,2,9
2019-12-04,27,6,21
2019-12-04,40,19,21
2019-12-04,79,26,53
2019-12-04,124,28,96
2019-12-04,350,88,262
2019-12-04,537,112,425
2019-12-04,360,84,276
2019-12-04,128,45,83
2019-12-04,81,32,49
2019-12-04,49,15,34
2019-12-04,54,23,31
2019-12-04,73,25,48
2019-12-04,100,25,75
2019-12-04,274,108,166
2019-12-04,519,213,306
2019-12-04,362,169,193
2019-12-04,126,55,71
2019-12-04,22,12,10
2019-12-04,11,6,5
2019-12-04,2,0,2
2019-12-04,1,0,1
2019-12-04,4,2,2
2019-12-04,5,1,4
2019-12-03,13,6,7
2019-12-03,33,11,22
2019-12-03,48,11,37
2019-12-03,83,24,59
2019-12-03,150,31,119
2019-12-03,374,87,287
2019-12-03,626,106,520
2019-12-03,381,87,294
2019-12-03,168,63,105
2019-12-03,94,34,60
2019-12-03,90,36,54
2019-12-03,88,27,61
2019-12-03,96,44,52
2019-12-03,133,44,89
2019-12-03,314,117,197
2019-12-03,639,260,379
2019-12-03,44,19,25
2019-12-03,0,0,0
2019-12-03,0,0,0
2019-12-03,0,0,0
2019-12-03,0,0,0
2019-12-03,0,0,0
2019-12-03,0,0,0
2019-12-03,0,0,0
2019-12-02,12,4,8
2019-12-02,24,10,14
2019-12-02,51,19,32
2019-12-02,66,22,44
2019-12-02,120,35,85
2019-12-02,309,82,227
2019-12-02,575,122,453
2019-12-02,293,76,217
2019-12-02,132,51,81
2019-12-02,83,36,47
2019-12-02,77,38,39
2019-12-02,68,34,34
2019-12-02,60,28,32
2019-12-02,90,40,50
2019-12-02,239,118,121
2019-12-02,498,267,231
2019-12-02,387,224,163
2019-12-02,129,75,54
2019-12-02,37,24,13
2019-12-02,0,0,0
2019-12-02,1,0,1
2019-12-02,1,0,1
2019-12-02,2,1,1
2019-12-02,5,3,2
2019-12-01,11,6,5
2019-12-01,9,3,6
2019-12-01,15,5,10
2019-12-01,15,6,9
2019-12-01,24,13,11
2019-12-01,34,15,19
2019-12-01,52,28,24
2019-12-01,91,44,47
2019-12-01,104,54,50
2019-12-01,113,52,61
2019-12-01,114,56,58
2019-12-01,91,46,45
2019-12-01,92,49,43
2019-12-01,94,54,40
2019-12-01,68,35,33
2019-12-01,39,19,20
2019-12-01,17,11,6
2019-12-01,9,5,4
2019-12-01,4,2,2
2019-12-01,3,1,2
2019-12-01,2,1,1
2019-12-01,1,0,1
2019-12-01,9,3,6
2019-12-01,4,2,2
2019-11-30,12,6,6
2019-11-30,19,10,9
2019-11-30,13,6,7
2019-11-30,14,8,6
2019-11-30,20,10,10
2019-11-30,19,9,10
2019-11-30,42,21,21
2019-11-30,48,25,23
2019-11-30,40,21,19
2019-11-30,39,20,19
2019-11-30,55,29,26
2019-11-30,57,33,24
2019-11-30,59,34,25
2019-11-30,45,28,17
2019-11-30,37,21,16
2019-11-30,39,20,19
2019-11-30,18,8,10
2019-11-30,11,6,5
2019-11-30,3,1,2
2019-11-30,5,1,4
2019-11-30,4,1,3
2019-11-30,4,2,2
2019-11-30,8,4,4
2019-11-30,17,7,10
2019-11-29,21,9,12
2019-11-29,21,8,13
2019-11-29,34,13,21
2019-11-29,49,17,32
2019-11-29,84,28,56
2019-11-29,247,77,170
2019-11-29,458,109,349
2019-11-29,254,79,175
2019-11-29,136,48,88
2019-11-29,88,43,45
2019-11-29,76,37,39
2019-11-29,73,38,35
2019-11-29,64,30,34
2019-11-29,93,46,47
2019-11-29,18,13,5
2019-11-29,41,16,25
2019-11-29,57,21,36
2019-11-29,22,10,12
2019-11-29,2,0,2
2019-11-29,2,2,0
2019-11-29,0,0,0
2019-11-29,0,0,0
2019-11-29,4,4,0
2019-11-29,13,3,10
2019-11-28,6,2,4
2019-11-28,9,1,8
2019-11-28,8,6,2
2019-11-28,22,5,17
2019-11-28,8,4,4
2019-11-28,10,3,7
2019-11-28,10,4,6
2019-11-28,18,7,11
2019-11-28,37,14,23
2019-11-28,67,35,32
2019-11-28,77,40,37
2019-11-28,81,41,40
2019-11-28,68,38,30
2019-11-28,50,22,28
2019-11-28,40,24,16
2019-11-28,33,14,19
2019-11-28,15,9,6
2019-11-28,6,2,4
2019-11-28,4,2,2
2019-11-28,2,1,1
2019-11-28,0,0,0
2019-11-28,0,0,0
2019-11-28,2,1,1
2019-11-28,6,1,5
2019-11-27,12,1,11
2019-11-27,14,5,9
2019-11-27,27,11,16
2019-11-27,42,17,25
2019-11-27,71,21,50
2019-11-27,132,45,87
2019-11-27,277,64,213
2019-11-27,295,67,228
2019-11-27,214,55,159
2019-11-27,158,56,102
2019-11-27,119,36,83
2019-11-27,89,29,60
2019-11-27,82,39,43
2019-11-27,94,38,56
2019-11-27,229,95,134
2019-11-27,342,135,207
2019-11-27,243,109,134
2019-11-27,102,48,54
2019-11-27,17,8,9
2019-11-27,6,6,0
2019-11-27,1,0,1
2019-11-27,0,0,0
2019-11-27,4,2,2
2019-11-27,6,3,3
2019-11-26,14,5,9
2019-11-26,35,14,21
2019-11-26,49,19,30
2019-11-26,61,21,40
2019-11-26,121,32,89
2019-11-26,327,67,260
2019-11-26,511,98,413
2019-11-26,334,72,262
2019-11-26,149,53,96
2019-11-26,107,44,63
2019-11-26,74,29,45
2019-11-26,81,30,51
2019-11-26,92,48,44
2019-11-26,93,32,61
2019-11-26,274,108,166
2019-11-26,503,215,288
2019-11-26,332,146,186
2019-11-26,130,57,73
2019-11-26,29,20,9
2019-11-26,3,2,1
2019-11-26,3,2,1
2019-11-26,0,0,0
2019-11-26,1,0,1
2019-11-26,6,4,2
2019-11-25,9,3,6
2019-11-25,11,5,6
2019-11-25,30,12,18
2019-11-25,60,19,41
2019-11-25,129,31,98
2019-11-25,328,79,249
2019-11-25,530,91,439
2019-11-25,315,63,252
2019-11-25,123,42,81
2019-11-25,72,25,47
2019-11-25,48,18,30
2019-11-25,43,21,22
2019-11-25,59,34,25
2019-11-25,117,37,80
2019-11-25,301,98,203
2019-11-25,552,251,301
2019-11-25,348,155,193
2019-11-25,125,62,63
2019-11-25,26,15,11
2019-11-25,4,3,1
2019-11-25,1,1,0
2019-11-25,1,0,1
2019-11-25,4,2,2
2019-11-25,7,4,3
2019-11-24,9,3,6
2019-11-24,15,7,8
2019-11-24,17,9,8
2019-11-24,19,7,12
2019-11-24,25,10,15
2019-11-24,40,20,20
2019-11-24,55,25,30
2019-11-24,97,38,59
2019-11-24,140,51,89
2019-11-24,167,89,78
2019-11-24,156,76,80
2019-11-24,160,71,89
2019-11-24,108,55,53
2019-11-24,76,39,37
2019-11-24,75,36,39
2019-11-24,50,22,28
2019-11-24,21,10,11
2019-11-24,7,1,6
2019-11-24,4,2,2
2019-11-24,1,1,0
2019-11-24,2,2,0
2019-11-24,2,0,2
2019-11-24,8,2,6
2019-11-24,6,2,4
2019-11-23,14,9,5
2019-11-23,23,5,18
2019-11-23,30,17,13
2019-11-23,28,14,14
2019-11-23,27,12,15
2019-11-23,48,20,28
2019-11-23,77,32,45
2019-11-23,113,51,62
2019-11-23,148,60,88
2019-11-23,113,45,68
2019-11-23,132,63,69
2019-11-23,107,53,54
2019-11-23,107,58,49
2019-11-23,72,34,38
2019-11-23,95,45,50
2019-11-23,77,38,39
2019-11-23,24,12,12
2019-11-23,11,6,5
2019-11-23,3,2,1
2019-11-23,5,1,4
2019-11-23,5,1,4
2019-11-23,10,4,6
2019-11-23,9,3,6
2019-11-23,6,4,2
2019-11-22,26,8,18
2019-11-22,31,8,23
2019-11-22,33,17,16
2019-11-22,64,21,43
2019-11-22,93,25,68
2019-11-22,267,56,211
2019-11-22,486,92,394
2019-11-22,409,88,321
2019-11-22,160,48,112
2019-11-22,118,48,70
2019-11-22,95,36,59
2019-11-22,97,30,67
2019-11-22,71,31,40
2019-11-22,119,37,82
2019-11-22,271,108,163
2019-11-22,521,214,307
2019-11-22,317,148,169
2019-11-22,101,42,59
2019-11-22,26,13,13
2019-11-22,2,1,1
2019-11-22,3,2,1
2019-11-22,1,0,1
2019-11-22,6,3,3
2019-11-22,15,4,11
2019-11-21,15,5,10
2019-11-21,35,13,22
2019-11-21,44,12,32
2019-11-21,84,26,58
2019-11-21,177,47,130
2019-11-21,367,84,283
2019-11-21,629,116,513
2019-11-21,405,91,314
2019-11-21,183,57,126
2019-11-21,115,48,67
2019-11-21,111,44,67
2019-11-21,111,51,60
2019-11-21,120,51,69
2019-11-21,139,52,87
2019-11-21,349,137,212
2019-11-21,584,226,358
2019-11-21,369,165,204
2019-11-21,137,67,70
2019-11-21,32,18,14
2019-11-21,9,7,2
2019-11-21,1,1,0
2019-11-21,1,0,1
2019-11-21,3,1,2
2019-11-21,6,1,5
2019-11-20,21,8,13
2019-11-20,40,17,23
2019-11-20,71,25,46
2019-11-20,99,28,71
2019-11-20,176,53,123
2019-11-20,422,88,334
2019-11-20,709,152,557
2019-11-20,462,118,344
2019-11-20,209,83,126
2019-11-20,117,53,64
2019-11-20,110,55,55
2019-11-20,114,43,71
2019-11-20,110,42,68
2019-11-20,163,64,99
2019-11-20,330,123,207
2019-11-20,672,278,394
2019-11-20,464,203,261
2019-11-20,176,87,89
2019-11-20,32,12,20
2019-11-20,10,8,2
2019-11-20,3,2,1
2019-11-20,1,1,0
2019-11-20,7,3,4
2019-11-20,9,5,4
2019-11-19,20,12,8
2019-11-19,32,14,18
2019-11-19,64,18,46
2019-11-19,103,26,77
2019-11-19,154,37,117
2019-11-19,388,71,317
2019-11-19,588,128,460
2019-11-19,370,71,299
2019-11-19,143,33,110
2019-11-19,80,29,51
2019-11-19,71,24,47
2019-11-19,58,27,31
2019-11-19,84,46,38
2019-11-19,101,34,67
2019-11-19,316,127,189
2019-11-19,526,235,291
2019-11-19,360,159,201
2019-11-19,136,60,76
2019-11-19,36,18,18
2019-11-19,6,3,3
2019-11-19,3,2,1
2019-11-19,0,0,0
2019-11-19,2,0,2
2019-11-19,4,1,3
2019-11-18,6,2,4
2019-11-18,28,6,22
2019-11-18,26,8,18
2019-11-18,50,11,39
2019-11-18,128,27,101
2019-11-18,290,55,235
2019-11-18,534,90,444
2019-11-18,303,48,255
2019-11-18,94,29,65
2019-11-18,52,22,30
2019-11-18,46,15,31
2019-11-18,68,32,36
2019-11-18,59,16,43
2019-11-18,101,35,66
2019-11-18,297,116,181
2019-11-18,606,261,345
2019-11-18,347,153,194
2019-11-18,137,76,61
2019-11-18,33,14,19
2019-11-18,7,4,3
2019-11-18,1,1,0
2019-11-18,1,1,0
2019-11-18,2,1,1
2019-11-18,3,2,1
2019-11-17,6,4,2
2019-11-17,8,6,2
2019-11-17,10,6,4
2019-11-17,11,2,9
2019-11-17,12,8,4
2019-11-17,20,11,9
2019-11-17,44,18,26
2019-11-17,46,16,30
2019-11-17,36,14,22
2019-11-17,75,36,39
2019-11-17,88,39,49
2019-11-17,98,39,59
2019-11-17,65,38,27
2019-11-17,49,20,29
2019-11-17,40,17,23
2019-11-17,33,10,23
2019-11-17,14,6,8
2019-11-17,12,6,6
2019-11-17,7,4,3
2019-11-17,0,0,0
2019-11-17,2,1,1
2019-11-17,6,1,5
2019-11-17,13,11,2
2019-11-17,15,6,9
2019-11-16,16,7,9
2019-11-16,25,11,14
2019-11-16,20,12,8
2019-11-16,27,11,16
2019-11-16,32,13,19
2019-11-16,43,23,20
2019-11-16,52,18,34
2019-11-16,68,29,39
2019-11-16,101,44,57
2019-11-16,87,37,50
2019-11-16,125,58,67
2019-11-16,140,60,80
2019-11-16,140,80,60
2019-11-16,81,48,33
2019-11-16,86,43,43
2019-11-16,70,33,37
2019-11-16,33,12,21
2019-11-16,10,1,9
2019-11-16,4,2,2
2019-11-16,1,0,1
2019-11-16,0,0,0
2019-11-16,7,2,5
2019-11-16,19,13,6
2019-11-16,23,10,13
2019-11-15,32,11,21
2019-11-15,27,14,13
2019-11-15,43,15,28
2019-11-15,70,30,40
2019-11-15,87,26,61
2019-11-15,235,45,190
2019-11-15,487,94,393
2019-11-15,355,81,274
2019-11-15,191,57,134
2019-11-15,94,31,63
2019-11-15,116,37,79
2019-11-15,85,34,51
2019-11-15,101,43,58
2019-11-15,98,38,60
2019-11-15,261,88,173
2019-11-15,516,220,296
2019-11-15,295,120,175
2019-11-15,86,41,45
2019-11-15,17,9,8
2019-11-15,7,4,3
2019-11-15,4,0,4
2019-11-15,3,2,1
2019-11-15,1,0,1
2019-11-15,7,4,3
2019-11-14,25,11,14
2019-11-14,48,16,32
2019-11-14,58,14,44
2019-11-14,93,26,67
2019-11-14,157,41,116
2019-11-14,373,87,286
2019-11-14,635,119,516
2019-11-14,420,104,316
2019-11-14,163,44,119
2019-11-14,109,44,65
2019-11-14,100,42,58
2019-11-14,83,27,56
2019-11-14,23,9,14
2019-11-14,0,0,0
2019-11-14,120,47,73
2019-11-14,643,270,373
2019-11-14,415,181,234
2019-11-14,159,78,81
2019-11-14,37,20,17
2019-11-14,9,6,3
2019-11-14,5,5,0
2019-11-14,2,1,1
2019-11-14,4,2,2
2019-11-14,6,2,4
2019-11-13,21,5,16
2019-11-13,45,18,27
2019-11-13,60,20,40
2019-11-13,100,32,68
2019-11-13,201,56,145
2019-11-13,400,85,315
2019-11-13,720,154,566
2019-11-13,446,102,344
2019-11-13,181,52,129
2019-11-13,121,44,77
2019-11-13,118,44,74
2019-11-13,96,42,54
2019-11-13,99,37,62
2019-11-13,143,61,82
2019-11-13,336,138,198
2019-11-13,666,288,378
2019-11-13,475,218,257
2019-11-13,173,83,90
2019-11-13,37,16,21
2019-11-13,12,5,7
2019-11-13,5,4,1
2019-11-13,3,1,2
2019-11-13,1,0,1
2019-11-13,8,1,7
2019-11-12,15,8,7
2019-11-12,24,8,16
2019-11-12,61,20,41
2019-11-12,95,25,70
2019-11-12,143,37,106
2019-11-12,349,78,271
2019-11-12,543,106,437
2019-11-12,305,57,248
2019-11-12,130,54,76
2019-11-12,87,36,51
2019-11-12,74,30,44
2019-11-12,70,29,41
2019-11-12,73,27,46
2019-11-12,132,55,77
2019-11-12,241,80,161
2019-11-12,488,207,281
2019-11-12,315,140,175
2019-11-12,132,61,71
2019-11-12,27,14,13
2019-11-12,10,6,4
2019-11-12,4,3,1
2019-11-12,3,2,1
2019-11-12,5,0,5
2019-11-12,3,1,2
2019-11-11,15,2,13
2019-11-11,28,14,14
2019-11-11,50,15,35
2019-11-11,55,24,31
2019-11-11,116,30,86
2019-11-11,277,66,211
2019-11-11,564,123,441
2019-11-11,407,77,330
2019-11-11,231,91,140
2019-11-11,152,70,82
2019-11-11,157,49,108
2019-11-11,143,60,83
2019-11-11,112,46,66
2019-11-11,137,58,79
2019-11-11,275,93,182
2019-11-11,498,209,289
2019-11-11,328,137,191
2019-11-11,106,55,51
2019-11-11,26,16,10
2019-11-11,6,1,5
2019-11-11,1,1,0
2019-11-11,1,0,1
2019-11-11,4,3,1
2019-11-11,5,1,4
2019-11-10,7,3,4
2019-11-10,12,5,7
2019-11-10,24,6,18
2019-11-10,36,20,16
2019-11-10,26,10,16
2019-11-10,41,14,27
2019-11-10,85,34,51
2019-11-10,146,62,84
2019-11-10,163,58,105
2019-11-10,134,54,80
2019-11-10,121,57,64
2019-11-10,115,49,66
2019-11-10,109,56,53
2019-11-10,87,50,37
2019-11-10,83,48,35
2019-11-10,55,21,34
2019-11-10,25,9,16
2019-11-10,18,9,9
2019-11-10,4,2,2
2019-11-10,2,1,1
2019-11-10,0,0,0
2019-11-10,4,3,1
2019-11-10,4,0,4
2019-11-10,7,3,4
2019-11-09,15,9,6
2019-11-09,14,8,6
2019-11-09,9,3,6
2019-11-09,11,6,5
2019-11-09,23,12,11
2019-11-09,25,9,16
2019-11-09,45,22,23
2019-11-09,53,25,28
2019-11-09,66,31,35
2019-11-09,56,20,36
2019-11-09,78,45,33
2019-11-09,51,19,32
2019-11-09,37,18,19
2019-11-09,34,25,9
2019-11-09,43,16,27
2019-11-09,47,17,30
2019-11-09,15,11,4
2019-11-09,15,6,9
2019-11-09,5,0,5
2019-11-09,1,0,1
2019-11-09,2,0,2
2019-11-09,4,1,3
2019-11-09,11,5,6
2019-11-09,21,11,10
2019-11-08,25,10,15
2019-11-08,46,20,26
2019-11-08,38,24,14
2019-11-08,58,20,38
2019-11-08,118,35,83
2019-11-08,287,67,220
2019-11-08,518,108,410
2019-11-08,440,106,334
2019-11-08,273,85,188
2019-11-08,186,71,115
2019-11-08,140,48,92
2019-11-08,113,62,51
2019-11-08,102,40,62
2019-11-08,153,69,84
2019-11-08,261,86,175
2019-11-08,543,254,289
2019-11-08,346,142,204
2019-11-08,125,69,56
2019-11-08,33,18,15
2019-11-08,6,3,3
2019-11-08,3,2,1
2019-11-08,2,0,2
2019-11-08,7,3,4
2019-11-08,13,2,11
2019-11-07,26,11,15
2019-11-07,37,10,27
2019-11-07,55,18,37
2019-11-07,86,23,63
2019-11-07,157,46,111
2019-11-07,399,88,311
2019-11-07,671,129,542
2019-11-07,436,99,337
2019-11-07,205,75,130
2019-11-07,161,59,102
2019-11-07,108,42,66
2019-11-07,101,44,57
2019-11-07,81,28,53
2019-11-07,137,55,82
2019-11-07,323,117,206
2019-11-07,654,269,385
2019-11-07,442,194,248
2019-11-07,154,68,86
2019-11-07,34,19,15
2019-11-07,8,4,4
2019-11-07,1,1,0
2019-11-07,3,0,3
2019-11-07,7,3,4
2019-11-07,4,1,3
2019-11-06,17,1,16
2019-11-06,44,8,36
2019-11-06,68,20,48
2019-11-06,99,29,70
2019-11-06,161,41,120
2019-11-06,384,83,301
2019-11-06,715,161,554
2019-11-06,444,93,351
2019-11-06,195,68,127
2019-11-06,150,62,88
2019-11-06,116,41,75
2019-11-06,91,39,52
2019-11-06,104,47,57
2019-11-06,145,52,93
2019-11-06,294,116,178
2019-11-06,669,283,386
2019-11-06,486,212,274
2019-11-06,177,82,95
2019-11-06,39,18,21
2019-11-06,9,5,4
2019-11-06,4,2,2
2019-11-06,1,0,1
2019-11-06,4,0,4
2019-11-06,1,0,1
2019-11-05,14,3,11
2019-11-05,37,14,23
2019-11-05,64,18,46
2019-11-05,86,26,60
2019-11-05,176,47,129
2019-11-05,423,94,329
2019-11-05,772,145,627
2019-11-05,496,124,372
2019-11-05,177,68,109
2019-11-05,156,56,100
2019-11-05,107,41,66
2019-11-05,102,41,61
2019-11-05,74,28,46
2019-11-05,131,50,81
2019-11-05,313,123,190
2019-11-05,653,275,378
2019-11-05,537,255,282
2019-11-05,174,89,85
2019-11-05,34,19,15
2019-11-05,9,4,5
2019-11-05,6,4,2
2019-11-05,1,0,1
2019-11-05,2,1,1
2019-11-05,10,4,6
2019-11-04,19,8,11
2019-11-04,28,7,21
2019-11-04,45,14,31
2019-11-04,67,21,46
2019-11-04,138,42,96
2019-11-04,421,81,340
2019-11-04,790,137,653
2019-11-04,489,102,387
2019-11-04,191,54,137
2019-11-04,99,39,60
2019-11-04,105,48,57
2019-11-04,83,45,38
2019-11-04,97,32,65
2019-11-04,152,55,97
2019-11-04,341,141,200
2019-11-04,754,322,432
2019-11-04,566,258,308
2019-11-04,174,96,78
2019-11-04,31,12,19
2019-11-04,0,0,0
2019-11-04,1,1,0
2019-11-04,0,0,0
2019-11-04,3,3,0
2019-11-04,2,0,2
2019-11-03,13,3,10
2019-11-03,17,4,13
2019-11-03,20,10,10
2019-11-03,24,12,12
2019-11-03,39,11,28
2019-11-03,66,30,36
2019-11-03,92,44,48
2019-11-03,127,58,69
2019-11-03,179,80,99
2019-11-03,206,97,109
2019-11-03,195,91,104
2019-11-03,193,92,101
2019-11-03,189,91,98
2019-11-03,139,64,75
2019-11-03,101,36,65
2019-11-03,64,26,38
2019-11-03,26,12,14
2019-11-03,19,7,12
2019-11-03,3,0,3
2019-11-03,5,1,4
2019-11-03,2,0,2
2019-11-03,3,1,2
2019-11-03,2,0,2
2019-11-03,11,1,10
2019-11-02,27,12,15
2019-11-02,18,11,7
2019-11-02,22,8,14
2019-11-02,35,18,17
2019-11-02,62,21,41
2019-11-02,113,47,66
2019-11-02,182,96,86
2019-11-02,218,111,107
2019-11-02,203,109,94
2019-11-02,206,86,120
2019-11-02,177,75,102
2019-11-02,199,96,103
2019-11-02,188,98,90
2019-11-02,101,51,50
2019-11-02,74,39,35
2019-11-02,56,27,29
2019-11-02,27,5,22
2019-11-02,9,2,7
2019-11-02,7,5,2
2019-11-02,3,1,2
2019-11-02,8,5,3
2019-11-02,1,0,1
2019-11-02,7,1,6
2019-11-02,21,11,10
2019-11-01,21,6,15
2019-11-01,31,19,12
2019-11-01,35,9,26
2019-11-01,43,21,22
2019-11-01,115,38,77
2019-11-01,320,84,236
2019-11-01,637,137,500
2019-11-01,420,92,328
2019-11-01,214,55,159
2019-11-01,131,46,85
2019-11-01,110,46,64
2019-11-01,104,40,64
2019-11-01,94,46,48
2019-11-01,124,56,68
2019-11-01,332,130,202
2019-11-01,583,261,322
2019-11-01,299,120,179
2019-11-01,97,43,54
2019-11-01,20,9,11
2019-11-01,6,5,1
2019-11-01,6,6,0
2019-11-01,1,0,1
2019-11-01,7,0,7
2019-11-01,12,7,5
2019-10-31,18,6,12
2019-10-31,32,14,18
2019-10-31,41,16,25
2019-10-31,52,17,35
2019-10-31,111,44,67
2019-10-31,305,77,228
2019-10-31,592,124,468
2019-10-31,496,94,402
2019-10-31,199,56,143
2019-10-31,120,38,82
2019-10-31,97,38,59
2019-10-31,99,48,51
2019-10-31,102,46,56
2019-10-31,157,58,99
2019-10-31,314,122,192
2019-10-31,575,228,347
2019-10-31,348,149,199
2019-10-31,110,57,53
2019-10-31,31,18,13
2019-10-31,13,5,8
2019-10-31,5,3,2
2019-10-31,2,0,2
2019-10-31,3,0,3
2019-10-31,5,2,3
2019-10-30,17,4,13
2019-10-30,27,12,15
2019-10-30,59,13,46
2019-10-30,62,27,35
2019-10-30,142,42,100
2019-10-30,441,118,323
2019-10-30,707,167,540
2019-10-30,363,92,271
2019-10-30,202,68,134
2019-10-30,117,45,72
2019-10-30,84,36,48
2019-10-30,114,41,73
2019-10-30,108,41,67
2019-10-30,110,41,69
2019-10-30,342,149,193
2019-10-30,616,258,358
2019-10-30,401,170,231
2019-10-30,131,57,74
2019-10-30,33,17,16
2019-10-30,7,3,4
2019-10-30,1,0,1
2019-10-30,1,0,1
2019-10-30,4,4,0
2019-10-30,5,2,3
2019-10-29,12,7,5
2019-10-29,27,6,21
2019-10-29,57,22,35
2019-10-29,85,19,66
2019-10-29,170,41,129
2019-10-29,463,96,367
2019-10-29,751,173,578
2019-10-29,435,103,332
2019-10-29,211,65,146
2019-10-29,132,54,78
2019-10-29,103,40,63
2019-10-29,103,40,63
2019-10-29,97,46,51
2019-10-29,153,61,92
2019-10-29,346,139,207
2019-10-29,570,242,328
2019-10-29,409,194,215
2019-10-29,139,62,77
2019-10-29,35,19,16
2019-10-29,12,4,8
2019-10-29,3,2,1
2019-10-29,0,0,0
2019-10-29,7,1,6
2019-10-29,3,1,2
2019-10-28,12,6,6
2019-10-28,28,10,18
2019-10-28,36,9,27
2019-10-28,65,21,44
2019-10-28,171,43,128
2019-10-28,416,113,303
2019-10-28,827,175,652
2019-10-28,448,99,349
2019-10-28,172,61,111
2019-10-28,114,44,70
2019-10-28,79,33,46
2019-10-28,104,41,63
2019-10-28,74,32,42
2019-10-28,142,62,80
2019-10-28,350,139,211
2019-10-28,683,309,374
2019-10-28,410,193,217
2019-10-28,138,62,76
2019-10-28,37,22,15
2019-10-28,6,2,4
2019-10-28,5,1,4
2019-10-28,0,0,0
2019-10-28,0,0,0
2019-10-28,5,2,3
2019-10-27,12,6,6
2019-10-27,14,7,7
2019-10-27,17,8,9
2019-10-27,28,10,18
2019-10-27,31,14,17
2019-10-27,70,25,45
2019-10-27,132,53,79
2019-10-27,230,94,136
2019-10-27,225,105,120
2019-10-27,258,120,138
2019-10-27,162,91,71
2019-10-27,162,58,104
2019-10-27,126,60,66
2019-10-27,95,53,42
2019-10-27,62,28,34
2019-10-27,43,22,21
2019-10-27,32,16,16
2019-10-27,14,7,7
2019-10-27,3,2,1
2019-10-27,0,0,0
2019-10-27,5,4,1
2019-10-27,12,3,9
2019-10-27,11,6,5
2019-10-27,11,2,9
2019-10-26,20,8,12
2019-10-26,19,9,10
2019-10-26,20,7,13
2019-10-26,25,11,14
2019-10-26,24,15,9
2019-10-26,70,33,37
2019-10-26,122,45,77
2019-10-26,174,80,94
2019-10-26,154,66,88
2019-10-26,145,58,87
2019-10-26,144,70,74
2019-10-26,113,56,57
2019-10-26,92,47,45
2019-10-26,85,33,52
2019-10-26,103,56,47
2019-10-26,57,14,43
2019-10-26,32,11,21
2019-10-26,16,7,9
2019-10-26,9,4,5
2019-10-26,8,1,7
2019-10-26,1,0,1
2019-10-26,5,2,3
2019-10-26,4,2,2
2019-10-26,16,4,12
2019-10-25,22,10,12
2019-10-25,27,8,19
2019-10-25,35,16,19
2019-10-25,51,14,37
2019-10-25,117,27,90
2019-10-25,303,100,203
2019-10-25,580,113,467
2019-10-25,366,72,294
2019-10-25,165,46,119
2019-10-25,83,25,58
2019-10-25,76,30,46
2019-10-25,49,21,28
2019-10-25,71,30,41
2019-10-25,124,44,80
2019-10-25,305,118,187
2019-10-25,563,236,327
2019-10-25,335,159,176
2019-10-25,123,53,70
2019-10-25,28,16,12
2019-10-25,10,5,5
2019-10-25,2,1,1
2019-10-25,0,0,0
2019-10-25,4,3,1
2019-10-25,14,4,10
2019-10-24,32,14,18
2019-10-24,38,14,24
2019-10-24,55,24,31
2019-10-24,78,21,57
2019-10-24,195,61,134
2019-10-24,488,136,352
2019-10-24,796,199,597
2019-10-24,454,109,345
2019-10-24,202,56,146
2019-10-24,127,53,74
2019-10-24,147,61,86
2019-10-24,131,53,78
2019-10-24,103,42,61
2019-10-24,163,73,90
2019-10-24,348,127,221
2019-10-24,690,292,398
2019-10-24,411,179,232
2019-10-24,144,68,76
2019-10-24,43,17,26
2019-10-24,11,9,2
2019-10-24,2,2,0
2019-10-24,1,0,1
2019-10-24,2,1,1
2019-10-24,6,0,6
2019-10-23,21,4,17
2019-10-23,41,19,22
2019-10-23,83,21,62
2019-10-23,90,19,71
2019-10-23,160,36,124
2019-10-23,427,100,327
2019-10-23,798,188,610
2019-10-23,468,125,343
2019-10-23,208,81,127
2019-10-23,153,58,95
2019-10-23,143,59,84
2019-10-23,90,31,59
2019-10-23,114,44,70
2019-10-23,143,44,99
2019-10-23,363,149,214
2019-10-23,709,302,407
2019-10-23,407,180,227
2019-10-23,142,68,74
2019-10-23,41,19,22
2019-10-23,14,6,8
2019-10-23,5,3,2
2019-10-23,3,3,0
2019-10-23,3,2,1
2019-10-23,9,1,8
2019-10-22,21,8,13
2019-10-22,33,13,20
2019-10-22,51,12,39
2019-10-22,61,20,41
2019-10-22,146,36,110
2019-10-22,397,88,309
2019-10-22,686,150,536
2019-10-22,332,78,254
2019-10-22,136,43,93
2019-10-22,76,27,49
2019-10-22,72,21,51
2019-10-22,67,31,36
2019-10-22,81,34,47
2019-10-22,123,40,83
2019-10-22,332,126,206
2019-10-22,577,252,325
2019-10-22,377,175,202
2019-10-22,113,66,47
2019-10-22,20,11,9
2019-10-22,6,2,4
2019-10-22,5,4,1
2019-10-22,2,1,1
2019-10-22,5,4,1
2019-10-22,4,2,2
2019-10-21,8,1,7
2019-10-21,9,2,7
2019-10-21,30,12,18
2019-10-21,44,8,36
2019-10-21,118,27,91
2019-10-21,300,73,227
2019-10-21,572,131,441
2019-10-21,294,59,235
2019-10-21,106,21,85
2019-10-21,62,25,37
2019-10-21,44,18,26
2019-10-21,56,26,30
2019-10-21,52,23,29
2019-10-21,92,33,59
2019-10-21,287,109,178
2019-10-21,569,272,297
2019-10-21,343,167,176
2019-10-21,119,59,60
2019-10-21,30,16,14
2019-10-21,7,3,4
2019-10-21,3,1,2
2019-10-21,0,0,0
2019-10-21,0,0,0
2019-10-21,5,2,3
2019-10-20,8,3,5
2019-10-20,7,2,5
2019-10-20,10,6,4
2019-10-20,12,4,8
2019-10-20,14,7,7
2019-10-20,31,12,19
2019-10-20,49,19,30
2019-10-20,36,14,22
2019-10-20,35,15,20
2019-10-20,29,18,11
2019-10-20,54,20,34
2019-10-20,70,39,31
2019-10-20,63,32,31
2019-10-20,55,28,27
2019-10-20,50,29,21
2019-10-20,32,18,14
2019-10-20,24,8,16
2019-10-20,8,3,5
2019-10-20,3,1,2
2019-10-20,3,0,3
2019-10-20,0,0,0
2019-10-20,10,4,6
2019-10-20,10,2,8
2019-10-20,17,5,12
2019-10-19,15,5,10
2019-10-19,15,7,8
2019-10-19,19,9,10
2019-10-19,30,16,14
2019-10-19,33,10,23
2019-10-19,65,28,37
2019-10-19,81,37,44
2019-10-19,108,64,44
2019-10-19,86,35,51
2019-10-19,60,14,46
2019-10-19,50,18,32
2019-10-19,40,23,17
2019-10-19,52,31,21
2019-10-19,51,13,38
2019-10-19,39,13,26
2019-10-19,36,15,21
2019-10-19,16,8,8
2019-10-19,8,2,6
2019-10-19,0,0,0
2019-10-19,1,1,0
2019-10-19,1,0,1
2019-10-19,3,3,0
2019-10-19,7,4,3
2019-10-19,10,6,4
2019-10-18,20,7,13
2019-10-18,16,11,5
2019-10-18,31,9,22
2019-10-18,32,6,26
2019-10-18,81,22,59
2019-10-18,212,56,156
2019-10-18,406,90,316
2019-10-18,276,63,213
2019-10-18,148,43,105
2019-10-18,77,26,51
2019-10-18,70,24,46
2019-10-18,63,25,38
2019-10-18,74,32,42
2019-10-18,92,37,55
2019-10-18,244,91,153
2019-10-18,452,191,261
2019-10-18,261,111,150
2019-10-18,107,44,63
2019-10-18,24,17,7
2019-10-18,7,3,4
2019-10-18,3,0,3
2019-10-18,5,4,1
2019-10-18,5,2,3
2019-10-18,8,0,8
2019-10-17,20,4,16
2019-10-17,25,12,13
2019-10-17,47,21,26
2019-10-17,61,19,42
2019-10-17,111,29,82
2019-10-17,300,60,240
2019-10-17,478,110,368
2019-10-17,274,64,210
2019-10-17,113,35,78
2019-10-17,76,25,51
2019-10-17,69,30,39
2019-10-17,69,33,36
2019-10-17,70,30,40
2019-10-17,86,27,59
2019-10-17,254,104,150
2019-10-17,472,211,261
2019-10-17,302,132,170
2019-10-17,90,49,41
2019-10-17,28,12,16
2019-10-17,9,6,3
2019-10-17,4,4,0
2019-10-17,1,0,1
2019-10-17,3,0,3
2019-10-17,6,3,3
2019-10-16,16,2,14
2019-10-16,24,5,19
2019-10-16,31,14,17
2019-10-16,67,20,47
2019-10-16,122,28,94
2019-10-16,274,58,216
2019-10-16,474,106,368
2019-10-16,279,79,200
2019-10-16,120,28,92
2019-10-16,66,22,44
2019-10-16,50,18,32
2019-10-16,61,25,36
2019-10-16,51,22,29
2019-10-16,89,22,67
2019-10-16,259,107,152
2019-10-16,441,198,243
2019-10-16,290,129,161
2019-10-16,101,59,42
2019-10-16,26,14,12
2019-10-16,3,2,1
2019-10-16,6,2,4
2019-10-16,2,1,1
2019-10-16,6,1,5
2019-10-16,4,0,4
2019-10-15,20,8,12
2019-10-15,33,14,19
2019-10-15,54,17,37
2019-10-15,84,24,60
2019-10-15,175,56,119
2019-10-15,473,116,357
2019-10-15,849,192,657
2019-10-15,448,122,326
2019-10-15,178,68,110
2019-10-15,115,39,76
2019-10-15,113,47,66
2019-10-15,68,22,46
2019-10-15,119,40,79
2019-10-15,151,45,106
2019-10-15,356,128,228
2019-10-15,731,339,392
2019-10-15,459,205,254
2019-10-15,157,82,75
2019-10-15,33,16,17
2019-10-15,7,3,4
2019-10-15,3,2,1
2019-10-15,5,4,1
2019-10-15,7,3,4
2019-10-15,10,4,6
2019-10-14,18,7,11
2019-10-14,21,6,15
2019-10-14,53,20,33
2019-10-14,77,31,46
2019-10-14,186,76,110
2019-10-14,525,151,374
2019-10-14,807,177,630
2019-10-14,472,151,321
2019-10-14,195,73,122
2019-10-14,143,56,87
2019-10-14,114,42,72
2019-10-14,100,49,51
2019-10-14,104,58,46
2019-10-14,147,64,83
2019-10-14,376,141,235
2019-10-14,743,314,429
2019-10-14,415,189,226
2019-10-14,141,63,78
2019-10-14,26,14,12
2019-10-14,4,2,2
2019-10-14,1,0,1
2019-10-14,3,2,1
2019-10-14,4,2,2
2019-10-14,9,4,5
2019-10-13,13,3,10
2019-10-13,19,8,11
2019-10-13,20,9,11
2019-10-13,29,11,18
2019-10-13,41,22,19
2019-10-13,84,42,42
2019-10-13,121,56,65
2019-10-13,166,76,90
2019-10-13,209,96,113
2019-10-13,164,88,76
2019-10-13,156,75,81
2019-10-13,119,57,62
2019-10-13,133,56,77
2019-10-13,89,38,51
2019-10-13,85,39,46
2019-10-13,62,30,32
2019-10-13,26,14,12
2019-10-13,15,4,11
2019-10-13,2,0,2
2019-10-13,10,1,9
2019-10-13,3,1,2
2019-10-13,2,0,2
2019-10-13,7,0,7
2019-10-13,22,5,17
2019-10-12,35,18,17
2019-10-12,14,4,10
2019-10-12,21,12,9
2019-10-12,30,10,20
2019-10-12,44,16,28
2019-10-12,78,29,49
2019-10-12,138,60,78
2019-10-12,153,68,85
2019-10-12,151,54,97
2019-10-12,150,66,84
2019-10-12,167,80,87
2019-10-12,129,53,76
2019-10-12,128,46,82
2019-10-12,108,56,52
2019-10-12,80,34,46
2019-10-12,56,19,37
2019-10-12,30,13,17
2019-10-12,19,7,12
2019-10-12,3,3,0
2019-10-12,1,0,1
2019-10-12,5,4,1
2019-10-12,5,0,5
2019-10-12,9,6,3
2019-10-12,21,8,13
2019-10-11,29,8,21
2019-10-11,26,7,19
2019-10-11,44,18,26
2019-10-11,67,26,41
2019-10-11,132,50,82
2019-10-11,316,99,217
2019-10-11,637,156,481
2019-10-11,443,128,315
2019-10-11,262,106,156
2019-10-11,180,65,115
2019-10-11,166,51,115
2019-10-11,143,45,98
2019-10-11,120,59,61
2019-10-11,132,61,71
2019-10-11,329,119,210
2019-10-11,505,201,304
2019-10-11,340,146,194
2019-10-11,117,51,66
2019-10-11,24,12,12
2019-10-11,3,0,3
2019-10-11,10,9,1
2019-10-11,0,0,0
2019-10-11,1,0,1
2019-10-11,18,11,7
2019-10-10,26,6,20
2019-10-10,34,12,22
2019-10-10,53,16,37
2019-10-10,82,31,51
2019-10-10,155,50,105
2019-10-10,454,130,324
2019-10-10,691,163,528
2019-10-10,422,120,302
2019-10-10,181,63,118
2019-10-10,109,40,69
2019-10-10,140,57,83
2019-10-10,98,37,61
2019-10-10,109,58,51
2019-10-10,131,45,86
2019-10-10,360,118,242
2019-10-10,587,258,329
2019-10-10,377,173,204
2019-10-10,121,74,47
2019-10-10,45,26,19
2019-10-10,6,4,2
2019-10-10,2,2,0
2019-10-10,1,0,1
2019-10-10,4,1,3
2019-10-10,5,2,3
2019-10-09,14,4,10
2019-10-09,33,15,18
2019-10-09,64,22,42
2019-10-09,96,36,60
2019-10-09,170,41,129
2019-10-09,489,152,337
2019-10-09,759,170,589
2019-10-09,438,112,326
2019-10-09,177,67,110
2019-10-09,141,61,80
2019-10-09,96,37,59
2019-10-09,113,40,73
2019-10-09,95,38,57
2019-10-09,158,58,100
2019-10-09,355,123,232
2019-10-09,630,285,345
2019-10-09,421,192,229
2019-10-09,158,83,75
2019-10-09,42,20,22
2019-10-09,9,6,3
2019-10-09,3,2,1
2019-10-09,2,1,1
2019-10-09,6,3,3
2019-10-09,6,1,5
2019-10-08,14,6,8
2019-10-08,25,10,15
2019-10-08,48,15,33
2019-10-08,74,19,55
2019-10-08,152,43,109
2019-10-08,412,116,296
2019-10-08,670,139,531
2019-10-08,339,89,250
2019-10-08,115,36,79
2019-10-08,82,30,52
2019-10-08,56,18,38
2019-10-08,51,23,28
2019-10-08,63,22,41
2019-10-08,108,39,69
2019-10-08,244,87,157
2019-10-08,616,278,338
2019-10-08,432,202,230
2019-10-08,154,85,69
2019-10-08,33,20,13
2019-10-08,6,4,2
2019-10-08,2,1,1
2019-10-08,2,0,2
2019-10-08,5,0,5
2019-10-08,4,1,3
2019-10-07,17,7,10
2019-10-07,23,6,17
2019-10-07,43,18,25
2019-10-07,78,29,49
2019-10-07,157,55,102
2019-10-07,401,115,286
2019-10-07,675,161,514
2019-10-07,382,81,301
2019-10-07,127,36,91
2019-10-07,108,46,62
2019-10-07,62,28,34
2019-10-07,86,40,46
2019-10-07,70,27,43
2019-10-07,128,41,87
2019-10-07,313,112,201
2019-10-07,650,288,362
2019-10-07,400,191,209
2019-10-07,123,67,56
2019-10-07,40,23,17
2019-10-07,9,5,4
2019-10-07,3,1,2
2019-10-07,1,1,0
2019-10-07,4,1,3
2019-10-07,4,1,3
2019-10-06,7,1,6
2019-10-06,15,7,8
2019-10-06,14,5,9
2019-10-06,20,7,13
2019-10-06,52,26,26
2019-10-06,117,44,73
2019-10-06,174,72,102
2019-10-06,195,86,109
2019-10-06,257,111,146
2019-10-06,265,122,143
2019-10-06,228,93,135
2019-10-06,261,108,153
2019-10-06,219,112,107
2019-10-06,136,62,74
2019-10-06,97,40,57
2019-10-06,72,30,42
2019-10-06,38,12,26
2019-10-06,21,6,15
2019-10-06,10,7,3
2019-10-06,3,0,3
2019-10-06,3,0,3
2019-10-06,9,3,6
2019-10-06,14,6,8
2019-10-06,14,4,10
2019-10-05,22,11,11
2019-10-05,30,8,22
2019-10-05,27,14,13
2019-10-05,46,13,33
2019-10-05,61,20,41
2019-10-05,130,73,57
2019-10-05,193,85,108
2019-10-05,202,80,122
2019-10-05,164,68,96
2019-10-05,171,73,98
2019-10-05,219,92,127
2019-10-05,173,77,96
2019-10-05,155,71,84
2019-10-05,135,50,85
2019-10-05,126,69,57
2019-10-05,80,27,53
2019-10-05,43,17,26
2019-10-05,18,7,11
2019-10-05,7,6,1
2019-10-05,2,0,2
2019-10-05,5,1,4
2019-10-05,11,5,6
2019-10-05,14,5,9
2019-10-05,29,9,20
2019-10-04,32,9,23
2019-10-04,40,14,26
2019-10-04,45,18,27
2019-10-04,55,11,44
2019-10-04,124,32,92
2019-10-04,304,90,214
2019-10-04,568,131,437
2019-10-04,426,111,315
2019-10-04,198,65,133
2019-10-04,131,48,83
2019-10-04,116,60,56
2019-10-04,88,36,52
2019-10-04,105,41,64
2019-10-04,135,55,80
2019-10-04,355,125,230
2019-10-04,515,223,292
2019-10-04,287,138,149
2019-10-04,110,59,51
2019-10-04,25,10,15
2019-10-04,3,1,2
2019-10-04,2,2,0
2019-10-04,7,3,4
2019-10-04,5,2,3
2019-10-04,10,5,5
2019-10-03,31,15,16
2019-10-03,54,21,33
2019-10-03,99,38,61
2019-10-03,63,18,45
2019-10-03,167,53,114
2019-10-03,368,102,266
2019-10-03,687,166,521
2019-10-03,406,100,306
2019-10-03,207,85,122
2019-10-03,137,56,81
2019-10-03,122,39,83
2019-10-03,131,55,76
2019-10-03,115,55,60
2019-10-03,135,51,84
2019-10-03,342,107,235
2019-10-03,629,264,365
2019-10-03,374,169,205
2019-10-03,137,75,62
2019-10-03,32,17,15
2019-10-03,4,2,2
2019-10-03,2,2,0
2019-10-03,4,2,2
2019-10-03,5,0,5
2019-10-03,7,3,4
2019-10-02,21,6,15
2019-10-02,44,12,32
2019-10-02,78,38,40
2019-10-02,84,22,62
2019-10-02,181,63,118
2019-10-02,483,122,361
2019-10-02,810,178,632
2019-10-02,485,118,367
2019-10-02,183,72,111
2019-10-02,140,52,88
2019-10-02,122,44,78
2019-10-02,93,40,53
2019-10-02,129,48,81
2019-10-02,172,75,97
2019-10-02,420,159,261
2019-10-02,700,279,421
2019-10-02,438,195,243
2019-10-02,147,80,67
2019-10-02,41,21,20
2019-10-02,7,1,6
2019-10-02,3,3,0
2019-10-02,4,1,3
2019-10-02,2,0,2
2019-10-02,8,0,8
2019-10-01,20,6,14
2019-10-01,37,15,22
2019-10-01,83,37,46
2019-10-01,90,33,57
2019-10-01,208,62,146
2019-10-01,580,142,438
2019-10-01,901,199,702
2019-10-01,519,124,395
2019-10-01,225,72,153
2019-10-01,155,65,90
2019-10-01,115,40,75
2019-10-01,130,64,66
2019-10-01,109,46,63
2019-10-01,156,58,98
2019-10-01,381,140,241
2019-10-01,781,369,412
2019-10-01,513,227,286
2019-10-01,160,80,80
2019-10-01,37,15,22
2019-10-01,7,4,3
2019-10-01,3,1,2
2019-10-01,1,0,1
2019-10-01,0,0,0
2019-10-01,10,2,8
2019-09-30,18,8,10
2019-09-30,22,8,14
2019-09-30,60,19,41
2019-09-30,82,31,51
2019-09-30,215,60,155
2019-09-30,581,155,426
2019-09-30,861,212,649
2019-09-30,494,117,377
2019-09-30,223,83,140
2019-09-30,135,58,77
2019-09-30,102,39,63
2019-09-30,99,41,58
2019-09-30,116,44,72
2019-09-30,153,55,98
2019-09-30,391,142,249
2019-09-30,792,344,448
2019-09-30,445,201,244
2019-09-30,160,79,81
2019-09-30,41,22,19
2019-09-30,7,5,2
2019-09-30,5,2,3
2019-09-30,1,0,1
2019-09-30,0,0,0
2019-09-30,3,1,2
2019-09-29,18,8,10
2019-09-29,11,3,8
2019-09-29,19,13,6
2019-09-29,36,15,21
2019-09-29,33,10,23
2019-09-29,71,27,44
2019-09-29,103,36,67
2019-09-29,104,44,60
2019-09-29,130,66,64
2019-09-29,149,72,77
2019-09-29,150,64,86
2019-09-29,147,57,90
2019-09-29,128,55,73
2019-09-29,93,41,52
2019-09-29,87,44,43
2019-09-29,57,17,40
2019-09-29,29,14,15
2019-09-29,7,2,5
2019-09-29,4,1,3
2019-09-29,3,1,2
2019-09-29,8,7,1
2019-09-29,8,2,6
2019-09-29,10,6,4
2019-09-29,19,1,18
2019-09-28,20,11,9
2019-09-28,36,11,25
2019-09-28,34,16,18
2019-09-28,60,24,36
2019-09-28,61,31,30
2019-09-28,139,51,88
2019-09-28,191,94,97
2019-09-28,262,130,132
2019-09-28,178,58,120
2019-09-28,201,95,106
2019-09-28,137,64,73
2019-09-28,139,70,69
2019-09-28,130,63,67
2019-09-28,90,36,54
2019-09-28,66,41,25
2019-09-28,51,31,20
2019-09-28,15,6,9
2019-09-28,8,0,8
2019-09-28,8,3,5
2019-09-28,2,0,2
2019-09-28,3,2,1
2019-09-28,4,1,3
2019-09-28,10,2,8
2019-09-28,14,8,6
2019-09-27,20,4,16
2019-09-27,31,16,15
2019-09-27,30,8,22
2019-09-27,41,23,18
2019-09-27,95,37,58
2019-09-27,234,76,158
2019-09-27,511,124,387
2019-09-27,386,88,298
2019-09-27,176,58,118
2019-09-27,112,44,68
2019-09-27,126,51,75
2019-09-27,94,35,59
2019-09-27,109,50,59
2019-09-27,136,47,89
2019-09-27,303,109,194
2019-09-27,536,227,309
2019-09-27,302,114,188
2019-09-27,121,59,62
2019-09-27,24,17,7
2019-09-27,4,1,3
2019-09-27,2,1,1
2019-09-27,4,1,3
2019-09-27,4,3,1
2019-09-27,12,6,6
2019-09-26,29,7,22
2019-09-26,43,19,24
2019-09-26,67,25,42
2019-09-26,104,32,72
2019-09-26,176,58,118
2019-09-26,410,120,290
2019-09-26,679,189,490
2019-09-26,392,102,290
2019-09-26,194,79,115
2019-09-26,145,67,78
2019-09-26,120,52,68
2019-09-26,111,38,73
2019-09-26,125,57,68
2019-09-26,147,57,90
2019-09-26,297,106,191
2019-09-26,537,217,320
2019-09-26,357,171,186
2019-09-26,126,62,64
2019-09-26,34,19,15
2019-09-26,9,5,4
2019-09-26,4,4,0
2019-09-26,5,3,2
2019-09-26,6,0,6
2019-09-26,13,5,8
2019-09-25,26,9,17
2019-09-25,50,23,27
2019-09-25,91,42,49
2019-09-25,110,38,72
2019-09-25,204,67,137
2019-09-25,520,150,370
2019-09-25,966,241,725
2019-09-25,521,140,381
2019-09-25,230,83,147
2019-09-25,172,61,111
2019-09-25,118,53,65
2019-09-25,135,51,84
2019-09-25,128,45,83
2019-09-25,185,61,124
2019-09-25,417,164,253
2019-09-25,785,333,452
2019-09-25,502,236,266
2019-09-25,195,97,98
2019-09-25,41,22,19
2019-09-25,10,5,5
2019-09-25,5,4,1
2019-09-25,5,2,3
2019-09-25,8,2,6
2019-09-25,5,1,4
2019-09-24,26,16,10
2019-09-24,53,25,28
2019-09-24,84,29,55
2019-09-24,122,46,76
2019-09-24,245,77,168
2019-09-24,547,152,395
2019-09-24,780,179,601
2019-09-24,408,101,307
2019-09-24,212,87,125
2019-09-24,124,39,85
2019-09-24,124,49,75
2019-09-24,108,53,55
2019-09-24,76,37,39
2019-09-24,114,28,86
2019-09-24,349,132,217
2019-09-24,664,274,390
2019-09-24,421,210,211
2019-09-24,146,64,82
2019-09-24,42,21,21
2019-09-24,11,5,6
2019-09-24,4,3,1
2019-09-24,3,2,1
2019-09-24,3,2,1
2019-09-24,8,3,5
2019-09-23,20,8,12
2019-09-23,21,6,15
2019-09-23,42,15,27
2019-09-23,59,22,37
2019-09-23,171,45,126
2019-09-23,454,115,339
2019-09-23,775,153,622
2019-09-23,346,69,277
2019-09-23,116,41,75
2019-09-23,76,33,43
2019-09-23,65,26,39
2019-09-23,52,18,34
2019-09-23,86,35,51
2019-09-23,132,57,75
2019-09-23,365,118,247
2019-09-23,752,316,436
2019-09-23,471,215,256
2019-09-23,139,68,71
2019-09-23,44,18,26
2019-09-23,6,3,3
2019-09-23,2,1,1
2019-09-23,0,0,0
2019-09-23,2,1,1
2019-09-23,3,0,3
2019-09-22,4,2,2
2019-09-22,13,8,5
2019-09-22,7,0,7
2019-09-22,31,11,20
2019-09-22,31,18,13
2019-09-22,63,26,37
2019-09-22,46,23,23
2019-09-22,35,20,15
2019-09-22,36,22,14
2019-09-22,39,18,21
2019-09-22,30,18,12
2019-09-22,39,21,18
2019-09-22,35,19,16
2019-09-22,27,7,20
2019-09-22,26,12,14
2019-09-22,16,6,10
2019-09-22,18,6,12
2019-09-22,10,4,6
2019-09-22,2,1,1
2019-09-22,3,3,0
2019-09-22,3,2,1
2019-09-22,8,3,5
2019-09-22,16,7,9
2019-09-22,21,9,12
2019-09-21,34,23,11
2019-09-21,56,28,28
2019-09-21,45,28,17
2019-09-21,77,32,45
2019-09-21,116,56,60
2019-09-21,168,96,72
2019-09-21,228,117,111
2019-09-21,218,87,131
2019-09-21,240,119,121
2019-09-21,254,112,142
2019-09-21,235,94,141
2019-09-21,263,120,143
2019-09-21,202,90,112
2019-09-21,137,71,66
2019-09-21,133,62,71
2019-09-21,96,37,59
2019-09-21,55,26,29
2019-09-21,22,7,15
2019-09-21,5,2,3
2019-09-21,10,5,5
2019-09-21,8,3,5
2019-09-21,8,3,5
2019-09-21,17,8,9
2019-09-21,21,10,11
2019-09-20,40,22,18
2019-09-20,41,25,16
2019-09-20,57,17,40
2019-09-20,90,38,52
2019-09-20,166,45,121
2019-09-20,384,105,279
2019-09-20,635,147,488
2019-09-20,456,118,338
2019-09-20,277,75,202
2019-09-20,200,58,142
2019-09-20,180,64,116
2019-09-20,133,44,89
2019-09-20,198,73,125
2019-09-20,150,52,98
2019-09-20,326,102,224
2019-09-20,586,228,358
2019-09-20,382,170,212
2019-09-20,156,76,80
2019-09-20,29,11,18
2019-09-20,3,1,2
2019-09-20,2,0,2
2019-09-20,3,1,2
2019-09-20,5,2,3
2019-09-20,9,3,6
2019-09-19,26,10,16
2019-09-19,42,18,24
2019-09-19,61,12,49
2019-09-19,95,24,71
2019-09-19,238,75,163
2019-09-19,477,125,352
2019-09-19,864,178,686
2019-09-19,481,143,338
2019-09-19,211,82,129
2019-09-19,141,39,102
2019-09-19,133,58,75
2019-09-19,129,58,71
2019-09-19,122,53,69
2019-09-19,169,60,109
2019-09-19,364,132,232
2019-09-19,688,310,378
2019-09-19,489,208,281
2019-09-19,158,86,72
2019-09-19,45,23,22
2019-09-19,8,4,4
2019-09-19,3,2,1
2019-09-19,7,5,2
2019-09-19,9,3,6
2019-09-19,10,3,7
2019-09-18,28,10,18
2019-09-18,66,25,41
2019-09-18,69,33,36
2019-09-18,113,36,77
2019-09-18,224,77,147
2019-09-18,527,134,393
2019-09-18,779,203,576
2019-09-18,443,118,325
2019-09-18,202,68,134
2019-09-18,133,55,78
2019-09-18,94,42,52
2019-09-18,104,44,60
2019-09-18,99,35,64
2019-09-18,143,58,85
2019-09-18,310,128,182
2019-09-18,657,283,374
2019-09-18,427,187,240
2019-09-18,142,74,68
2019-09-18,19,9,10
2019-09-18,7,4,3
2019-09-18,0,0,0
2019-09-18,3,1,2
2019-09-18,3,1,2
2019-09-18,6,2,4
2019-09-17,14,6,8
2019-09-17,20,5,15
2019-09-17,43,17,26
2019-09-17,55,12,43
2019-09-17,132,44,88
2019-09-17,290,86,204
2019-09-17,548,97,451
2019-09-17,300,73,227
2019-09-17,132,44,88
2019-09-17,62,24,38
2019-09-17,62,27,35
2019-09-17,56,30,26
2019-09-17,35,18,17
2019-09-17,76,28,48
2019-09-17,189,72,117
2019-09-17,489,210,279
2019-09-17,359,168,191
2019-09-17,135,71,64
2019-09-17,27,14,13
2019-09-17,4,4,0
2019-09-17,8,4,4
2019-09-17,4,2,2
2019-09-17,5,1,4
2019-09-17,9,0,9
2019-09-16,20,10,10
2019-09-16,29,12,17
2019-09-16,70,27,43
2019-09-16,106,37,69
2019-09-16,213,63,150
2019-09-16,542,128,414
2019-09-16,837,207,630
2019-09-16,480,134,346
2019-09-16,197,84,113
2019-09-16,140,58,82
2019-09-16,121,47,74
2019-09-16,113,42,71
2019-09-16,109,48,61
2019-09-16,165,66,99
2019-09-16,358,144,214
2019-09-16,683,291,392
2019-09-16,459,207,252
2019-09-16,154,77,77
2019-09-16,44,27,17
2019-09-16,6,4,2
2019-09-16,0,0,0
2019-09-16,7,5,2
2019-09-16,3,0,3
2019-09-16,6,4,2
2019-09-15,15,7,8
2019-09-15,14,7,7
2019-09-15,17,9,8
2019-09-15,33,15,18
2019-09-15,42,14,28
2019-09-15,73,23,50
2019-09-15,51,21,30
2019-09-15,58,32,26
2019-09-15,61,37,24
2019-09-15,63,35,28
2019-09-15,37,13,24
2019-09-15,34,19,15
2019-09-15,31,18,13
2019-09-15,25,10,15
2019-09-15,33,24,9
2019-09-15,17,8,9
2019-09-15,14,7,7
2019-09-15,17,10,7
2019-09-15,5,2,3
2019-09-15,3,1,2
2019-09-15,2,1,1
2019-09-15,1,0,1
2019-09-15,9,2,7
2019-09-15,13,6,7
2019-09-14,14,1,13
2019-09-14,13,6,7
2019-09-14,27,19,8
2019-09-14,53,30,23
2019-09-14,108,46,62
2019-09-14,93,29,64
2019-09-14,184,82,102
2019-09-14,156,62,94
2019-09-14,181,78,103
2019-09-14,218,119,99
2019-09-14,205,66,139
2019-09-14,194,75,119
2019-09-14,176,76,100
2019-09-14,153,70,83
2019-09-14,138,80,58
2019-09-14,93,35,58
2019-09-14,58,27,31
2019-09-14,27,9,18
2019-09-14,12,6,6
2019-09-14,5,1,4
2019-09-14,6,4,2
2019-09-14,11,8,3
2019-09-14,12,7,5
2019-09-14,27,13,14
2019-09-13,27,8,19
2019-09-13,42,18,24
2019-09-13,40,14,26
2019-09-13,66,20,46
2019-09-13,153,53,100
2019-09-13,345,88,257
2019-09-13,714,166,548
2019-09-13,459,122,337
2019-09-13,222,78,144
2019-09-13,130,41,89
2019-09-13,112,46,66
2019-09-13,127,57,70
2019-09-13,110,46,64
2019-09-13,134,44,90
2019-09-13,305,129,176
2019-09-13,584,234,350
2019-09-13,393,185,208
2019-09-13,141,73,68
2019-09-13,26,17,9
2019-09-13,6,2,4
2019-09-13,2,0,2
2019-09-13,3,2,1
2019-09-13,5,1,4
2019-09-13,12,7,5
2019-09-12,29,10,19
2019-09-12,30,11,19
2019-09-12,49,17,32
2019-09-12,86,35,51
2019-09-12,260,79,181
2019-09-12,504,152,352
2019-09-12,871,210,661
2019-09-12,548,148,400
2019-09-12,219,94,125
2019-09-12,155,60,95
2019-09-12,130,60,70
2019-09-12,142,60,82
2019-09-12,167,67,100
2019-09-12,198,70,128
2019-09-12,385,147,238
2019-09-12,786,368,418
2019-09-12,543,254,289
2019-09-12,198,108,90
2019-09-12,37,18,19
2019-09-12,6,3,3
2019-09-12,7,5,2
2019-09-12,11,3,8
2019-09-12,9,3,6
2019-09-12,13,4,9
2019-09-11,22,8,14
2019-09-11,57,21,36
2019-09-11,80,38,42
2019-09-11,122,36,86
2019-09-11,297,113,184
2019-09-11,603,192,411
2019-09-11,983,215,768
2019-09-11,470,136,334
2019-09-11,232,64,168
2019-09-11,145,59,86
2019-09-11,138,51,87
2019-09-11,123,51,72
2019-09-11,127,59,68
2019-09-11,140,57,83
2019-09-11,409,161,248
2019-09-11,831,372,459
2019-09-11,529,249,280
2019-09-11,193,109,84
2019-09-11,41,19,22
2019-09-11,7,3,4
2019-09-11,1,0,1
2019-09-11,2,1,1
2019-09-11,5,3,2
2019-09-11,15,8,7
2019-09-10,25,6,19
2019-09-10,49,21,28
2019-09-10,80,21,59
2019-09-10,103,39,64
2019-09-10,258,89,169
2019-09-10,484,138,346
2019-09-10,753,188,565
2019-09-10,373,108,265
2019-09-10,190,67,123
2019-09-10,114,54,60
2019-09-10,110,42,68
2019-09-10,97,45,52
2019-09-10,84,40,44
2019-09-10,135,47,88
2019-09-10,291,114,177
2019-09-10,515,226,289
2019-09-10,296,135,161
2019-09-10,136,66,70
2019-09-10,47,27,20
2019-09-10,11,5,6
2019-09-10,8,4,4
2019-09-10,6,5,1
2019-09-10,0,0,0
2019-09-10,8,3,5
2019-09-09,19,3,16
2019-09-09,28,11,17
2019-09-09,51,20,31
2019-09-09,80,30,50
2019-09-09,176,59,117
2019-09-09,381,92,289
2019-09-09,629,116,513
2019-09-09,289,67,222
2019-09-09,137,45,92
2019-09-09,85,39,46
2019-09-09,64,21,43
2019-09-09,52,23,29
2019-09-09,86,35,51
2019-09-09,132,49,83
2019-09-09,327,122,205
2019-09-09,600,255,345
2019-09-09,382,184,198
2019-09-09,142,70,72
2019-09-09,35,17,18
2019-09-09,10,4,6
2019-09-09,2,1,1
2019-09-09,2,2,0
2019-09-09,0,0,0
2019-09-09,6,2,4
2019-09-08,7,4,3
2019-09-08,6,1,5
2019-09-08,20,9,11
2019-09-08,29,10,19
2019-09-08,56,16,40
2019-09-08,89,45,44
2019-09-08,110,52,58
2019-09-08,111,58,53
2019-09-08,80,45,35
2019-09-08,171,63,108
2019-09-08,123,59,64
2019-09-08,101,47,54
2019-09-08,114,61,53
2019-09-08,69,40,29
2019-09-08,67,41,26
2019-09-08,39,18,21
2019-09-08,17,11,6
2019-09-08,10,5,5
2019-09-08,6,3,3
2019-09-08,2,1,1
2019-09-08,0,0,0
2019-09-08,9,4,5
2019-09-08,11,7,4
2019-09-08,9,7,2
2019-09-07,17,11,6
2019-09-07,19,14,5
2019-09-07,21,11,10
2019-09-07,26,15,11
2019-09-07,67,31,36
2019-09-07,130,70,60
2019-09-07,170,64,106
2019-09-07,150,75,75
2019-09-07,183,89,94
2019-09-07,257,119,138
2019-09-07,177,73,104
2019-09-07,211,85,126
2019-09-07,151,72,79
2019-09-07,185,98,87
2019-09-07,127,63,64
2019-09-07,116,58,58
2019-09-07,55,20,35
2019-09-07,25,11,14
2019-09-07,10,3,7
2019-09-07,3,1,2
2019-09-07,8,2,6
2019-09-07,7,4,3
2019-09-07,18,9,9
2019-09-07,21,7,14
2019-09-06,37,11,26
2019-09-06,62,30,32
2019-09-06,87,18,69
2019-09-06,121,57,64
2019-09-06,240,77,163
2019-09-06,414,128,286
2019-09-06,785,172,613
2019-09-06,543,136,407
2019-09-06,296,87,209
2019-09-06,197,77,120
2019-09-06,177,60,117
2019-09-06,137,57,80
2019-09-06,141,68,73
2019-09-06,185,68,117
2019-09-06,384,152,232
2019-09-06,661,288,373
2019-09-06,472,226,246
2019-09-06,172,77,95
2019-09-06,43,19,24
2019-09-06,6,4,2
2019-09-06,3,0,3
2019-09-06,4,1,3
2019-09-06,14,7,7
2019-09-06,10,3,7
2019-09-05,25,7,18
2019-09-05,55,25,30
2019-09-05,83,36,47
2019-09-05,144,54,90
2019-09-05,301,85,216
2019-09-05,572,150,422
2019-09-05,891,210,681
2019-09-05,529,151,378
2019-09-05,238,82,156
2019-09-05,178,63,115
2019-09-05,139,63,76
2019-09-05,140,67,73
2019-09-05,165,85,80
2019-09-05,186,83,103
2019-09-05,427,173,254
2019-09-05,786,328,458
2019-09-05,569,258,311
2019-09-05,205,100,105
2019-09-05,46,24,22
2019-09-05,13,4,9
2019-09-05,7,1,6
2019-09-05,1,1,0
2019-09-05,9,3,6
2019-09-05,9,3,6
2019-09-04,34,15,19
2019-09-04,48,21,27
2019-09-04,73,35,38
2019-09-04,145,53,92
2019-09-04,307,99,208
2019-09-04,549,177,372
2019-09-04,997,207,790
2019-09-04,534,147,387
2019-09-04,283,100,183
2019-09-04,135,62,73
2019-09-04,120,56,64
2019-09-04,122,52,70
2019-09-04,98,55,43
2019-09-04,204,59,145
2019-09-04,433,162,271
2019-09-04,826,383,443
2019-09-04,572,271,301
2019-09-04,214,104,110
2019-09-04,47,17,30
2019-09-04,11,7,4
2019-09-04,2,0,2
2019-09-04,4,2,2
2019-09-04,5,2,3
2019-09-04,17,6,11
2019-09-03,29,8,21
2019-09-03,61,17,44
2019-09-03,69,30,39
2019-09-03,124,55,69
2019-09-03,261,93,168
2019-09-03,555,155,400
2019-09-03,972,217,755
2019-09-03,519,133,386
2019-09-03,219,81,138
2019-09-03,122,53,69
2019-09-03,164,70,94
2019-09-03,130,62,68
2019-09-03,107,47,60
2019-09-03,165,61,104
2019-09-03,415,169,246
2019-09-03,846,364,482
2019-09-03,573,268,305
2019-09-03,182,73,109
2019-09-03,52,21,31
2019-09-03,13,3,10
2019-09-03,3,0,3
2019-09-03,7,1,6
2019-09-03,4,1,3
2019-09-03,11,6,5
2019-09-02,21,9,12
2019-09-02,24,14,10
2019-09-02,41,22,19
2019-09-02,65,37,28
2019-09-02,136,67,69
2019-09-02,155,69,86
2019-09-02,299,171,128
2019-09-02,250,117,133
2019-09-02,275,121,154
2019-09-02,292,136,156
2019-09-02,276,117,159
2019-09-02,244,114,130
2019-09-02,196,98,98
2019-09-02,177,89,88
2019-09-02,162,78,84
2019-09-02,84,31,53
2019-09-02,59,25,34
2019-09-02,28,12,16
2019-09-02,12,8,4
2019-09-02,7,2,5
2019-09-02,7,3,4
2019-09-02,6,2,4
2019-09-02,12,11,1
2019-09-02,24,8,16
2019-09-01,23,10,13
2019-09-01,42,18,24
2019-09-01,44,19,25
2019-09-01,84,43,41
2019-09-01,124,69,55
2019-09-01,150,59,91
2019-09-01,195,89,106
2019-09-01,202,82,120
2019-09-01,233,120,113
2019-09-01,260,113,147
2019-09-01,231,119,112
2019-09-01,208,85,123
2019-09-01,172,68,104
2019-09-01,172,68,104
2019-09-01,121,60,61
2019-09-01,76,42,34
2019-09-01,39,14,25
2019-09-01,17,8,9
2019-09-01,13,2,11
2019-09-01,4,1,3
2019-09-01,9,1,8
2019-09-01,10,6,4
2019-09-01,5,3,2
2019-09-01,20,13,7
2019-08-31,47,9,38
2019-08-31,43,20,23
2019-08-31,73,35,38
2019-08-31,79,30,49
2019-08-31,116,60,56
2019-08-31,136,60,76
2019-08-31,148,56,92
2019-08-31,218,100,118
2019-08-31,268,143,125
2019-08-31,214,111,103
2019-08-31,199,90,109
2019-08-31,228,105,123
2019-08-31,200,95,105
2019-08-31,157,60,97
2019-08-31,130,58,72
2019-08-31,82,33,49
2019-08-31,49,19,30
2019-08-31,23,7,16
2019-08-31,14,8,6
2019-08-31,5,0,5
2019-08-31,6,2,4
2019-08-31,9,6,3
2019-08-31,14,7,7
2019-08-31,27,5,22
2019-08-30,42,10,32
2019-08-30,46,12,34
2019-08-30,57,21,36
2019-08-30,113,44,69
2019-08-30,189,73,116
2019-08-30,317,92,225
2019-08-30,514,127,387
2019-08-30,462,121,341
2019-08-30,319,88,231
2019-08-30,194,76,118
2019-08-30,174,58,116
2019-08-30,162,68,94
2019-08-30,119,45,74
2019-08-30,148,49,99
2019-08-30,306,129,177
2019-08-30,481,177,304
2019-08-30,311,155,156
2019-08-30,115,52,63
2019-08-30,34,18,16
2019-08-30,9,4,5
2019-08-30,3,0,3
2019-08-30,0,0,0
2019-08-30,10,2,8
2019-08-30,5,2,3
2019-08-29,23,5,18
2019-08-29,36,15,21
2019-08-29,48,10,38
2019-08-29,77,22,55
2019-08-29,149,52,97
2019-08-29,424,132,292
2019-08-29,814,164,650
2019-08-29,516,147,369
2019-08-29,215,67,148
2019-08-29,136,57,79
2019-08-29,127,36,91
2019-08-29,107,39,68
2019-08-29,140,71,69
2019-08-29,189,81,108
2019-08-29,388,153,235
2019-08-29,733,296,437
2019-08-29,489,223,266
2019-08-29,174,83,91
2019-08-29,46,25,21
2019-08-29,9,4,5
2019-08-29,5,3,2
2019-08-29,7,2,5
2019-08-29,8,1,7
2019-08-29,16,4,12
2019-08-28,39,11,28
2019-08-28,63,35,28
2019-08-28,103,42,61
2019-08-28,205,76,129
2019-08-28,286,100,186
2019-08-28,591,178,413
2019-08-28,925,223,702
2019-08-28,505,146,359
2019-08-28,254,71,183
2019-08-28,149,50,99
2019-08-28,142,53,89
2019-08-28,143,49,94
2019-08-28,142,52,90
2019-08-28,166,67,99
2019-08-28,408,160,248
2019-08-28,726,309,417
2019-08-28,573,279,294
2019-08-28,195,76,119
2019-08-28,42,28,14
2019-08-28,8,5,3
2019-08-28,6,1,5
2019-08-28,5,2,3
2019-08-28,9,1,8
2019-08-28,10,5,5
2019-08-27,32,10,22
2019-08-27,52,18,34
2019-08-27,87,38,49
2019-08-27,163,56,107
2019-08-27,348,120,228
2019-08-27,654,201,453
2019-08-27,1071,245,826
2019-08-27,523,134,389
2019-08-27,246,81,165
2019-08-27,161,59,102
2019-08-27,165,70,95
2019-08-27,172,84,88
2019-08-27,127,57,70
2019-08-27,196,84,112
2019-08-27,421,173,248
2019-08-27,886,354,532
2019-08-27,602,284,318
2019-08-27,203,90,113
2019-08-27,52,27,25
2019-08-27,13,8,5
2019-08-27,5,0,5
2019-08-27,8,2,6
2019-08-27,7,3,4
2019-08-27,16,9,7
2019-08-26,29,15,14
2019-08-26,49,15,34
2019-08-26,70,26,44
2019-08-26,152,54,98
2019-08-26,275,84,191
2019-08-26,560,153,407
2019-08-26,926,199,727
2019-08-26,495,138,357
2019-08-26,238,89,149
2019-08-26,142,49,93
2019-08-26,145,60,85
2019-08-26,151,63,88
2019-08-26,133,49,84
2019-08-26,179,66,113
2019-08-26,421,151,270
2019-08-26,833,372,461
2019-08-26,510,231,279
2019-08-26,159,79,80
2019-08-26,40,20,20
2019-08-26,12,7,5
2019-08-26,4,2,2
2019-08-26,6,5,1
2019-08-26,7,3,4
2019-08-26,8,0,8
2019-08-25,13,3,10
2019-08-25,31,18,13
2019-08-25,57,19,38
2019-08-25,90,35,55
2019-08-25,119,41,78
2019-08-25,194,67,127
2019-08-25,223,81,142
2019-08-25,317,119,198
2019-08-25,288,116,172
2019-08-25,297,134,163
2019-08-25,319,150,169
2019-08-25,306,161,145
2019-08-25,176,84,92
2019-08-25,174,73,101
2019-08-25,108,54,54
2019-08-25,71,27,44
2019-08-25,28,13,15
2019-08-25,19,7,12
2019-08-25,7,2,5
2019-08-25,2,1,1
2019-08-25,10,4,6
2019-08-25,11,4,7
2019-08-25,13,6,7
2019-08-25,29,15,14
2019-08-24,33,10,23
2019-08-24,40,27,13
2019-08-24,62,22,40
2019-08-24,68,32,36
2019-08-24,81,34,47
2019-08-24,127,59,68
2019-08-24,171,74,97
2019-08-24,259,104,155
2019-08-24,259,136,123
2019-08-24,234,115,119
2019-08-24,252,115,137
2019-08-24,244,88,156
2019-08-24,159,70,89
2019-08-24,139,65,74
2019-08-24,131,64,67
2019-08-24,96,46,50
2019-08-24,55,25,30
2019-08-24,18,8,10
2019-08-24,13,9,4
2019-08-24,5,0,5
2019-08-24,6,0,6
2019-08-24,13,11,2
2019-08-24,12,4,8
2019-08-24,27,12,15
2019-08-23,42,12,30
2019-08-23,46,20,26
2019-08-23,66,18,48
2019-08-23,102,43,59
2019-08-23,187,76,111
2019-08-23,388,112,276
2019-08-23,611,141,470
2019-08-23,433,112,321
2019-08-23,233,82,151
2019-08-23,218,72,146
2019-08-23,161,67,94
2019-08-23,151,57,94
2019-08-23,116,64,52
2019-08-23,165,64,101
2019-08-23,353,125,228
2019-08-23,563,234,329
2019-08-23,368,167,201
2019-08-23,157,52,105
2019-08-23,70,25,45
2019-08-23,10,3,7
2019-08-23,3,1,2
2019-08-23,8,4,4
2019-08-23,9,1,8
2019-08-23,17,3,14
2019-08-22,34,15,19
2019-08-22,72,30,42
2019-08-22,80,36,44
2019-08-22,212,83,129
2019-08-22,293,93,200
2019-08-22,584,196,388
2019-08-22,825,210,615
2019-08-22,484,142,342
2019-08-22,231,78,153
2019-08-22,148,54,94
2019-08-22,137,55,82
2019-08-22,137,66,71
2019-08-22,115,47,68
2019-08-22,164,67,97
2019-08-22,382,149,233
2019-08-22,699,279,420
2019-08-22,478,226,252
2019-08-22,159,68,91
2019-08-22,43,18,25
2019-08-22,11,5,6
2019-08-22,4,2,2
2019-08-22,0,0,0
2019-08-22,5,1,4
2019-08-22,7,2,5
2019-08-21,15,1,14
2019-08-21,29,14,15
2019-08-21,56,17,39
2019-08-21,66,21,45
2019-08-21,134,46,88
2019-08-21,286,92,194
2019-08-21,524,174,350
2019-08-21,278,89,189
2019-08-21,140,39,101
2019-08-21,78,22,56
2019-08-21,69,31,38
2019-08-21,81,37,44
2019-08-21,66,26,40
2019-08-21,88,35,53
2019-08-21,185,68,117
2019-08-21,377,161,216
2019-08-21,261,107,154
2019-08-21,117,50,67
2019-08-21,39,15,24
2019-08-21,11,6,5
2019-08-21,4,3,1
2019-08-21,8,5,3
2019-08-21,6,1,5
2019-08-21,15,3,12
2019-08-20,59,14,45
2019-08-20,53,18,35
2019-08-20,81,34,47
2019-08-20,145,56,89
2019-08-20,280,99,181
2019-08-20,555,167,388
2019-08-20,919,221,698
2019-08-20,516,155,361
2019-08-20,227,63,164
2019-08-20,200,73,127
2019-08-20,151,57,94
2019-08-20,167,66,101
2019-08-20,137,72,65
2019-08-20,177,67,110
2019-08-20,414,151,263
2019-08-20,813,337,476
2019-08-20,529,242,287
2019-08-20,190,79,111
2019-08-20,46,24,22
2019-08-20,11,5,6
2019-08-20,8,3,5
2019-08-20,7,5,2
2019-08-20,6,1,5
2019-08-20,20,10,10
2019-08-19,18,11,7
2019-08-19,43,21,22
2019-08-19,76,43,33
2019-08-19,160,54,106
2019-08-19,312,77,235
2019-08-19,624,177,447
2019-08-19,895,193,702
2019-08-19,484,119,365
2019-08-19,220,84,136
2019-08-19,130,47,83
2019-08-19,112,47,65
2019-08-19,122,56,66
2019-08-19,116,43,73
2019-08-19,109,41,68
2019-08-19,412,163,249
2019-08-19,730,300,430
2019-08-19,484,200,284
2019-08-19,186,94,92
2019-08-19,41,21,20
2019-08-19,15,5,10
2019-08-19,4,2,2
2019-08-19,6,4,2
2019-08-19,5,1,4
2019-08-19,17,7,10
2019-08-18,14,2,12
2019-08-18,31,15,16
2019-08-18,29,15,14
2019-08-18,94,39,55
2019-08-18,133,58,75
2019-08-18,191,88,103
2019-08-18,193,81,112
2019-08-18,253,123,130
2019-08-18,220,87,133
2019-08-18,246,104,142
2019-08-18,247,108,139
2019-08-18,259,138,121
2019-08-18,220,107,113
2019-08-18,161,80,81
2019-08-18,145,59,86
2019-08-18,86,33,53
2019-08-18,38,11,27
2019-08-18,26,13,13
2019-08-18,7,3,4
2019-08-18,8,4,4
2019-08-18,6,4,2
2019-08-18,6,4,2
2019-08-18,11,4,7
2019-08-18,18,7,11
2019-08-17,35,17,18
2019-08-17,34,11,23
2019-08-17,61,31,30
2019-08-17,103,48,55
2019-08-17,124,54,70
2019-08-17,158,76,82
2019-08-17,219,97,122
2019-08-17,228,98,130
2019-08-17,234,95,139
2019-08-17,202,96,106
2019-08-17,249,93,156
2019-08-17,213,108,105
2019-08-17,190,98,92
2019-08-17,182,80,102
2019-08-17,152,58,94
2019-08-17,134,70,64
2019-08-17,43,25,18
2019-08-17,40,14,26
2019-08-17,17,12,5
2019-08-17,6,2,4
2019-08-17,4,3,1
2019-08-17,14,6,8
2019-08-17,12,5,7
2019-08-17,26,10,16
2019-08-16,46,18,28
2019-08-16,66,28,38
2019-08-16,78,20,58
2019-08-16,156,56,100
2019-08-16,164,49,115
2019-08-16,398,128,270
2019-08-16,681,162,519
2019-08-16,492,127,365
2019-08-16,279,98,181
2019-08-16,173,57,116
2019-08-16,161,72,89
2019-08-16,140,53,87
2019-08-16,136,63,73
2019-08-16,194,70,124
2019-08-16,378,149,229
2019-08-16,571,239,332
2019-08-16,392,182,210
2019-08-16,136,65,71
2019-08-16,23,11,12
2019-08-16,9,4,5
2019-08-16,4,3,1
2019-08-16,9,4,5
2019-08-16,12,1,11
2019-08-16,22,7,15
2019-08-15,39,11,28
2019-08-15,71,37,34
2019-08-15,135,52,83
2019-08-15,213,95,118
2019-08-15,340,111,229
2019-08-15,574,170,404
2019-08-15,954,247,707
2019-08-15,500,129,371
2019-08-15,233,71,162
2019-08-15,170,51,119
2019-08-15,151,71,80
2019-08-15,155,68,87
2019-08-15,126,56,70
2019-08-15,181,71,110
2019-08-15,412,157,255
2019-08-15,762,321,441
2019-08-15,528,245,283
2019-08-15,189,86,103
2019-08-15,46,21,25
2019-08-15,8,3,5
2019-08-15,7,2,5
2019-08-15,2,0,2
2019-08-15,8,1,7
2019-08-15,19,5,14
2019-08-14,44,15,29
2019-08-14,42,14,28
2019-08-14,126,42,84
2019-08-14,211,83,128
2019-08-14,341,103,238
2019-08-14,659,190,469
2019-08-14,989,252,737
2019-08-14,546,147,399
2019-08-14,261,105,156
2019-08-14,176,69,107
2019-08-14,151,63,88
2019-08-14,151,63,88
2019-08-14,160,65,95
2019-08-14,194,86,108
2019-08-14,431,175,256
2019-08-14,833,359,474
2019-08-14,570,254,316
2019-08-14,197,77,120
2019-08-14,45,18,27
2019-08-14,12,6,6
2019-08-14,6,3,3
2019-08-14,0,0,0
2019-08-14,10,5,5
2019-08-14,18,5,13
2019-08-13,35,12,23
2019-08-13,78,44,34
2019-08-13,105,38,67
2019-08-13,197,70,127
2019-08-13,324,119,205
2019-08-13,659,184,475
2019-08-13,998,218,780
2019-08-13,522,156,366
2019-08-13,268,94,174
2019-08-13,154,61,93
2019-08-13,152,66,86
2019-08-13,141,69,72
2019-08-13,123,56,67
2019-08-13,187,66,121
2019-08-13,447,174,273
2019-08-13,849,361,488
2019-08-13,595,262,333
2019-08-13,232,103,129
2019-08-13,54,19,35
2019-08-13,9,5,4
2019-08-13,4,1,3
2019-08-13,5,2,3
2019-08-13,6,4,2
2019-08-13,7,4,3
2019-08-12,29,9,20
2019-08-12,67,34,33
2019-08-12,106,48,58
2019-08-12,200,101,99
2019-08-12,320,108,212
2019-08-12,650,181,469
2019-08-12,916,189,727
2019-08-12,500,144,356
2019-08-12,226,80,146
2019-08-12,154,73,81
2019-08-12,141,71,70
2019-08-12,132,67,65
2019-08-12,122,64,58
2019-08-12,181,66,115
2019-08-12,421,163,258
2019-08-12,739,313,426
2019-08-12,512,236,276
2019-08-12,181,86,95
2019-08-12,47,25,22
2019-08-12,8,3,5
2019-08-12,4,2,2
2019-08-12,1,0,1
2019-08-12,4,3,1
2019-08-12,14,1,13
2019-08-11,13,6,7
2019-08-11,33,11,22
2019-08-11,32,13,19
2019-08-11,63,37,26
2019-08-11,79,39,40
2019-08-11,119,53,66
2019-08-11,128,45,83
2019-08-11,282,184,98
2019-08-11,211,106,105
2019-08-11,233,94,139
2019-08-11,237,121,116
2019-08-11,210,105,105
2019-08-11,182,77,105
2019-08-11,186,92,94
2019-08-11,134,49,85
2019-08-11,101,39,62
2019-08-11,63,34,29
2019-08-11,29,7,22
2019-08-11,7,2,5
2019-08-11,1,0,1
2019-08-11,9,3,6
2019-08-11,9,3,6
2019-08-11,16,8,8
2019-08-11,34,19,15
2019-08-10,46,13,33
2019-08-10,51,20,31
2019-08-10,51,34,17
2019-08-10,75,30,45
2019-08-10,126,59,67
2019-08-10,168,67,101
2019-08-10,243,116,127
2019-08-10,239,101,138
2019-08-10,285,92,193
2019-08-10,392,94,298
2019-08-10,468,88,380
2019-08-10,542,82,460
2019-08-10,524,59,465
2019-08-10,111,22,89
2019-08-10,28,12,16
2019-08-10,22,10,12
2019-08-10,22,5,17
2019-08-10,19,6,13
2019-08-10,17,5,12
2019-08-10,3,2,1
2019-08-10,7,2,5
2019-08-10,19,6,13
2019-08-10,15,8,7
2019-08-10,24,6,18
2019-08-09,55,18,37
2019-08-09,80,40,40
2019-08-09,111,37,74
2019-08-09,145,47,98
2019-08-09,263,99,164
2019-08-09,414,139,275
2019-08-09,782,190,592
2019-08-09,514,131,383
2019-08-09,327,105,222
2019-08-09,182,74,108
2019-08-09,171,67,104
2019-08-09,154,58,96
2019-08-09,128,54,74
2019-08-09,173,74,99
2019-08-09,379,157,222
2019-08-09,604,253,351
2019-08-09,347,151,196
2019-08-09,128,62,66
2019-08-09,31,14,17
2019-08-09,12,6,6
2019-08-09,7,4,3
2019-08-09,8,4,4
2019-08-09,12,4,8
2019-08-09,14,7,7
2019-08-08,36,9,27
2019-08-08,55,19,36
2019-08-08,96,36,60
2019-08-08,147,56,91
2019-08-08,301,88,213
2019-08-08,600,199,401
2019-08-08,851,200,651
2019-08-08,471,136,335
2019-08-08,203,79,124
2019-08-08,147,67,80
2019-08-08,157,69,88
2019-08-08,151,54,97
2019-08-08,136,69,67
2019-08-08,177,60,117
2019-08-08,410,151,259
2019-08-08,706,329,377
2019-08-08,458,207,251
2019-08-08,193,90,103
2019-08-08,56,26,30
2019-08-08,7,3,4
2019-08-08,5,3,2
2019-08-08,9,2,7
2019-08-08,38,2,36
2019-08-08,65,14,51
2019-08-07,33,16,17
2019-08-07,67,34,33
2019-08-07,131,57,74
2019-08-07,205,74,131
2019-08-07,330,133,197
2019-08-07,600,207,393
2019-08-07,921,220,701
2019-08-07,493,140,353
2019-08-07,255,101,154
2019-08-07,142,63,79
2019-08-07,105,50,55
2019-08-07,112,40,72
2019-08-07,138,59,79
2019-08-07,176,63,113
2019-08-07,413,157,256
2019-08-07,708,286,422
2019-08-07,502,230,272
2019-08-07,210,96,114
2019-08-07,38,16,22
2019-08-07,10,3,7
2019-08-07,5,3,2
2019-08-07,0,0,0
2019-08-07,10,3,7
2019-08-07,30,0,30
2019-08-06,31,4,27
2019-08-06,81,28,53
2019-08-06,119,59,60
2019-08-06,218,89,129
2019-08-06,309,95,214
2019-08-06,575,190,385
2019-08-06,962,204,758
2019-08-06,529,129,400
2019-08-06,196,64,132
2019-08-06,147,54,93
2019-08-06,119,37,82
2019-08-06,131,59,72
2019-08-06,130,55,75
2019-08-06,180,61,119
2019-08-06,408,181,227
2019-08-06,834,357,477
2019-08-06,558,251,307
2019-08-06,228,95,133
2019-08-06,47,20,27
2019-08-06,17,7,10
2019-08-06,2,2,0
2019-08-06,4,1,3
2019-08-06,5,1,4
2019-08-06,15,7,8
2019-08-05,25,12,13
2019-08-05,70,32,38
2019-08-05,110,47,63
2019-08-05,191,72,119
2019-08-05,311,118,193
2019-08-05,590,179,411
2019-08-05,972,222,750
2019-08-05,506,147,359
2019-08-05,221,83,138
2019-08-05,142,55,87
2019-08-05,126,50,76
2019-08-05,146,65,81
2019-08-05,141,74,67
2019-08-05,180,84,96
2019-08-05,434,162,272
2019-08-05,872,334,538
2019-08-05,472,215,257
2019-08-05,187,88,99
2019-08-05,60,36,24
2019-08-05,14,5,9
2019-08-05,4,1,3
2019-08-05,2,2,0
2019-08-05,7,2,5
2019-08-05,24,14,10
2019-08-04,27,11,16
2019-08-04,33,16,17
2019-08-04,86,39,47
2019-08-04,108,43,65
2019-08-04,115,56,59
2019-08-04,160,73,87
2019-08-04,256,147,109
2019-08-04,267,146,121
2019-08-04,249,127,122
2019-08-04,254,137,117
2019-08-04,267,134,133
2019-08-04,244,112,132
2019-08-04,232,126,106
2019-08-04,185,81,104
2019-08-04,152,52,100
2019-08-04,117,58,59
2019-08-04,50,20,30
2019-08-04,27,10,17
2019-08-04,11,7,4
2019-08-04,5,3,2
2019-08-04,2,1,1
2019-08-04,18,9,9
2019-08-04,20,4,16
2019-08-04,48,16,32
2019-08-03,55,19,36
2019-08-03,49,18,31
2019-08-03,96,40,56
2019-08-03,74,40,34
2019-08-03,122,56,66
2019-08-03,160,77,83
2019-08-03,199,94,105
2019-08-03,313,152,161
2019-08-03,264,92,172
2019-08-03,302,110,192
2019-08-03,255,111,144
2019-08-03,268,108,160
2019-08-03,253,112,141
2019-08-03,207,100,107
2019-08-03,185,73,112
2019-08-03,141,66,75
2019-08-03,60,26,34
2019-08-03,39,11,28
2019-08-03,18,9,9
2019-08-03,7,2,5
2019-08-03,3,1,2
2019-08-03,4,2,2
2019-08-03,11,5,6
2019-08-03,27,6,21
2019-08-02,48,23,25
2019-08-02,85,34,51
2019-08-02,108,30,78
2019-08-02,163,56,107
2019-08-02,223,85,138
2019-08-02,425,150,275
2019-08-02,636,169,467
2019-08-02,494,142,352
2019-08-02,263,108,155
2019-08-02,160,65,95
2019-08-02,143,55,88
2019-08-02,164,69,95
2019-08-02,147,59,88
2019-08-02,160,58,102
2019-08-02,343,136,207
2019-08-02,579,239,340
2019-08-02,331,156,175
2019-08-02,110,49,61
2019-08-02,33,14,19
2019-08-02,3,2,1
2019-08-02,4,2,2
2019-08-02,6,3,3
2019-08-02,10,3,7
2019-08-02,14,5,9
2019-08-01,43,22,21
2019-08-01,61,30,31
2019-08-01,129,58,71
2019-08-01,242,91,151
2019-08-01,310,99,211
2019-08-01,611,175,436
2019-08-01,961,232,729
2019-08-01,528,157,371
2019-08-01,258,81,177
2019-08-01,206,74,132
2019-08-01,182,75,107
2019-08-01,155,74,81
2019-08-01,132,50,82
2019-08-01,196,85,111
2019-08-01,419,175,244
2019-08-01,773,318,455
2019-08-01,526,254,272
2019-08-01,206,106,100
2019-08-01,65,28,37
2019-08-01,15,7,8
2019-08-01,4,1,3
2019-08-01,8,2,6
2019-08-01,6,1,5
2019-08-01,15,8,7
2019-07-31,49,22,27
2019-07-31,60,32,28
2019-07-31,156,70,86
2019-07-31,209,85,124
2019-07-31,315,115,200
2019-07-31,621,195,426
2019-07-31,967,230,737
2019-07-31,534,163,371
2019-07-31,262,102,160
2019-07-31,197,80,117
2019-07-31,163,83,80
2019-07-31,156,70,86
2019-07-31,149,63,86
2019-07-31,196,75,121
2019-07-31,458,185,273
2019-07-31,780,337,443
2019-07-31,565,274,291
2019-07-31,201,100,101
2019-07-31,63,28,35
2019-07-31,20,10,10
2019-07-31,1,1,0
2019-07-31,4,2,2
2019-07-31,18,10,8
2019-07-31,10,4,6
2019-07-30,35,15,20
2019-07-30,75,23,52
2019-07-30,114,49,65
2019-07-30,170,76,94
2019-07-30,323,111,212
2019-07-30,597,187,410
2019-07-30,967,217,750
2019-07-30,530,133,397
2019-07-30,205,82,123
2019-07-30,168,71,97
2019-07-30,126,59,67
2019-07-30,112,52,60
2019-07-30,115,48,67
2019-07-30,160,62,98
2019-07-30,438,178,260
2019-07-30,750,317,433
2019-07-30,557,262,295
2019-07-30,232,123,109
2019-07-30,51,23,28
2019-07-30,22,10,12
2019-07-30,2,2,0
2019-07-30,2,0,2
2019-07-30,2,1,1
2019-07-30,16,4,12
2019-07-29,34,15,19
2019-07-29,39,16,23
2019-07-29,89,25,64
2019-07-29,151,66,85
2019-07-29,301,91,210
2019-07-29,618,177,441
2019-07-29,964,203,761
2019-07-29,539,157,382
2019-07-29,244,99,145
2019-07-29,170,70,100
2019-07-29,143,71,72
2019-07-29,145,60,85
2019-07-29,146,69,77
2019-07-29,215,90,125
2019-07-29,437,189,248
2019-07-29,778,342,436
2019-07-29,571,270,301
2019-07-29,188,83,105
2019-07-29,55,25,30
2019-07-29,14,9,5
2019-07-29,5,4,1
2019-07-29,0,0,0
2019-07-29,6,3,3
2019-07-29,7,1,6
2019-07-28,22,10,12
2019-07-28,43,26,17
2019-07-28,65,31,34
2019-07-28,135,54,81
2019-07-28,147,69,78
2019-07-28,191,85,106
2019-07-28,259,132,127
2019-07-28,310,145,165
2019-07-28,270,121,149
2019-07-28,297,160,137
2019-07-28,280,135,145
2019-07-28,287,133,154
2019-07-28,255,126,129
2019-07-28,194,93,101
2019-07-28,138,69,69
2019-07-28,103,51,52
2019-07-28,47,19,28
2019-07-28,21,12,9
2019-07-28,9,3,6
2019-07-28,0,0,0
2019-07-28,2,2,0
2019-07-28,14,5,9
2019-07-28,10,2,8
2019-07-28,17,7,10
2019-07-27,43,12,31
2019-07-27,43,21,22
2019-07-27,62,22,40
2019-07-27,119,52,67
2019-07-27,107,46,61
2019-07-27,143,69,74
2019-07-27,180,75,105
2019-07-27,223,106,117
2019-07-27,166,65,101
2019-07-27,203,100,103
2019-07-27,197,85,112
2019-07-27,185,79,106
2019-07-27,173,91,82
2019-07-27,130,69,61
2019-07-27,126,66,60
2019-07-27,83,37,46
2019-07-27,48,25,23
2019-07-27,22,11,11
2019-07-27,10,4,6
2019-07-27,6,0,6
2019-07-27,8,3,5
2019-07-27,10,0,10
2019-07-27,28,18,10
2019-07-27,51,18,33
2019-07-26,135,32,103
2019-07-26,523,41,482
2019-07-26,620,541,79
2019-07-26,182,80,102
2019-07-26,290,107,183
2019-07-26,434,146,288
2019-07-26,719,169,550
2019-07-26,555,140,415
2019-07-26,296,89,207
2019-07-26,241,91,150
2019-07-26,167,65,102
2019-07-26,194,74,120
2019-07-26,142,65,77
2019-07-26,195,77,118
2019-07-26,362,147,215
2019-07-26,641,255,386
2019-07-26,437,213,224
2019-07-26,165,72,93
2019-07-26,34,15,19
2019-07-26,12,6,6
2019-07-26,4,1,3
2019-07-26,1,1,0
2019-07-26,7,1,6
2019-07-26,13,4,9
2019-07-25,42,15,27
2019-07-25,56,28,28
2019-07-25,132,50,82
2019-07-25,272,117,155
2019-07-25,301,97,204
2019-07-25,557,171,386
2019-07-25,909,228,681
2019-07-25,544,187,357
2019-07-25,272,83,189
2019-07-25,135,60,75
2019-07-25,167,90,77
2019-07-25,151,68,83
2019-07-25,156,69,87
2019-07-25,197,81,116
2019-07-25,418,169,249
2019-07-25,727,307,420
2019-07-25,496,248,248
2019-07-25,182,88,94
2019-07-25,61,29,32
2019-07-25,7,7,0
2019-07-25,8,3,5
2019-07-25,9,3,6
2019-07-25,14,6,8
2019-07-25,21,16,5
2019-07-24,39,17,22
2019-07-24,61,28,33
2019-07-24,116,58,58
2019-07-24,192,82,110
2019-07-24,328,112,216
2019-07-24,650,182,468
2019-07-24,920,220,700
2019-07-24,561,167,394
2019-07-24,206,73,133
2019-07-24,160,55,105
2019-07-24,153,73,80
2019-07-24,135,63,72
2019-07-24,150,56,94
2019-07-24,167,66,101
2019-07-24,420,171,249
2019-07-24,752,326,426
2019-07-24,534,238,296
2019-07-24,214,115,99
2019-07-24,54,31,23
2019-07-24,14,7,7
2019-07-24,6,1,5
2019-07-24,3,0,3
2019-07-24,9,4,5
2019-07-24,13,3,10
2019-07-23,27,15,12
2019-07-23,51,22,29
2019-07-23,107,49,58
2019-07-23,187,74,113
2019-07-23,271,83,188
2019-07-23,659,196,463
2019-07-23,900,224,676
2019-07-23,508,137,371
2019-07-23,208,69,139
2019-07-23,123,41,82
2019-07-23,117,50,67
2019-07-23,147,55,92
2019-07-23,129,65,64
2019-07-23,205,80,125
2019-07-23,442,187,255
2019-07-23,774,350,424
2019-07-23,594,264,330
2019-07-23,191,90,101
2019-07-23,55,22,33
2019-07-23,15,5,10
2019-07-23,3,2,1
2019-07-23,7,3,4
2019-07-23,9,2,7
2019-07-23,10,4,6
2019-07-22,26,14,12
2019-07-22,48,17,31
2019-07-22,100,38,62
2019-07-22,176,62,114
2019-07-22,330,116,214
2019-07-22,613,150,463
2019-07-22,877,177,700
2019-07-22,547,153,394
2019-07-22,249,99,150
2019-07-22,153,52,101
2019-07-22,135,56,79
2019-07-22,136,66,70
2019-07-22,106,43,63
2019-07-22,193,81,112
2019-07-22,415,173,242
2019-07-22,776,343,433
2019-07-22,563,274,289
2019-07-22,195,89,106
2019-07-22,53,27,26
2019-07-22,15,6,9
2019-07-22,9,3,6
2019-07-22,2,0,2
2019-07-22,2,2,0
2019-07-22,10,3,7
2019-07-21,25,6,19
2019-07-21,37,15,22
2019-07-21,90,30,60
2019-07-21,99,44,55
2019-07-21,119,55,64
2019-07-21,164,81,83
2019-07-21,186,91,95
2019-07-21,251,132,119
2019-07-21,306,149,157
2019-07-21,288,133,155
2019-07-21,287,124,163
2019-07-21,258,128,130
2019-07-21,298,154,144
2019-07-21,222,113,109
2019-07-21,142,66,76
2019-07-21,110,51,59
2019-07-21,61,32,29
2019-07-21,25,9,16
2019-07-21,9,4,5
2019-07-21,4,1,3
2019-07-21,5,2,3
2019-07-21,7,1,6
2019-07-21,18,5,13
2019-07-21,22,7,15
2019-07-20,63,20,43
2019-07-20,60,27,33
2019-07-20,66,30,36
2019-07-20,117,43,74
2019-07-20,173,89,84
2019-07-20,195,86,109
2019-07-20,218,85,133
2019-07-20,293,139,154
2019-07-20,281,131,150
2019-07-20,259,124,135
2019-07-20,342,121,221
2019-07-20,318,153,165
2019-07-20,235,111,124
2019-07-20,188,73,115
2019-07-20,168,73,95
2019-07-20,107,45,62
2019-07-20,61,26,35
2019-07-20,27,10,17
2019-07-20,10,6,4
2019-07-20,4,0,4
2019-07-20,4,4,0
2019-07-20,11,4,7
2019-07-20,26,13,13
2019-07-20,26,8,18
2019-07-19,40,17,23
2019-07-19,73,20,53
2019-07-19,98,44,54
2019-07-19,150,54,96
2019-07-19,249,107,142
2019-07-19,400,117,283
2019-07-19,640,158,482
2019-07-19,500,155,345
2019-07-19,303,109,194
2019-07-19,235,110,125
2019-07-19,157,64,93
2019-07-19,151,50,101
2019-07-19,143,57,86
2019-07-19,134,55,79
2019-07-19,319,126,193
2019-07-19,543,218,325
2019-07-19,363,177,186
2019-07-19,155,71,84
2019-07-19,34,13,21
2019-07-19,6,3,3
2019-07-19,6,3,3
2019-07-19,1,0,1
2019-07-19,7,2,5
2019-07-19,6,1,5
2019-07-18,13,5,8
2019-07-18,17,8,9
2019-07-18,51,14,37
2019-07-18,105,35,70
2019-07-18,192,78,114
2019-07-18,450,123,327
2019-07-18,774,178,596
2019-07-18,429,130,299
2019-07-18,220,98,122
2019-07-18,166,66,100
2019-07-18,154,73,81
2019-07-18,128,59,69
2019-07-18,150,62,88
2019-07-18,159,66,93
2019-07-18,379,159,220
2019-07-18,649,277,372
2019-07-18,407,200,207
2019-07-18,157,74,83
2019-07-18,47,18,29
2019-07-18,10,5,5
2019-07-18,3,1,2
2019-07-18,1,0,1
2019-07-18,8,6,2
2019-07-18,9,3,6
2019-07-17,18,7,11
2019-07-17,39,16,23
2019-07-17,71,34,37
2019-07-17,128,54,74
2019-07-17,208,83,125
2019-07-17,433,122,311
2019-07-17,672,172,500
2019-07-17,350,109,241
2019-07-17,141,48,93
2019-07-17,88,24,64
2019-07-17,78,24,54
2019-07-17,93,54,39
2019-07-17,100,51,49
2019-07-17,142,61,81
2019-07-17,332,133,199
2019-07-17,511,212,299
2019-07-17,340,171,169
2019-07-17,122,64,58
2019-07-17,43,19,24
2019-07-17,15,10,5
2019-07-17,4,2,2
2019-07-17,7,4,3
2019-07-17,6,2,4
2019-07-17,13,7,6
2019-07-16,26,10,16
2019-07-16,51,21,30
2019-07-16,111,50,61
2019-07-16,214,74,140
2019-07-16,338,117,221
2019-07-16,597,185,412
2019-07-16,914,232,682
2019-07-16,537,162,375
2019-07-16,216,68,148
2019-07-16,158,69,89
2019-07-16,144,55,89
2019-07-16,120,63,57
2019-07-16,147,58,89
2019-07-16,163,77,86
2019-07-16,386,158,228
2019-07-16,792,349,443
2019-07-16,567,284,283
2019-07-16,190,89,101
2019-07-16,44,17,27
2019-07-16,9,4,5
2019-07-16,3,3,0
2019-07-16,3,1,2
2019-07-16,3,3,0
2019-07-16,4,2,2
2019-07-15,29,16,13
2019-07-15,39,19,20
2019-07-15,68,22,46
2019-07-15,140,43,97
2019-07-15,242,91,151
2019-07-15,518,147,371
2019-07-15,815,175,640
2019-07-15,423,115,308
2019-07-15,173,56,117
2019-07-15,101,42,59
2019-07-15,78,37,41
2019-07-15,76,35,41
2019-07-15,90,42,48
2019-07-15,126,42,84
2019-07-15,385,161,224
2019-07-15,708,325,383
2019-07-15,475,236,239
2019-07-15,172,78,94
2019-07-15,67,33,34
2019-07-15,10,4,6
2019-07-15,1,1,0
2019-07-15,5,4,1
2019-07-15,11,4,7
2019-07-15,8,7,1
2019-07-14,24,8,16
2019-07-14,46,16,30
2019-07-14,72,42,30
2019-07-14,110,46,64
2019-07-14,162,86,76
2019-07-14,179,75,104
2019-07-14,236,105,131
2019-07-14,328,150,178
2019-07-14,286,123,163
2019-07-14,297,139,158
2019-07-14,295,120,175
2019-07-14,292,114,178
2019-07-14,237,97,140
2019-07-14,159,82,77
2019-07-14,147,62,85
2019-07-14,114,44,70
2019-07-14,52,21,31
2019-07-14,27,8,19
2019-07-14,8,1,7
2019-07-14,4,1,3
2019-07-14,3,0,3
2019-07-14,7,2,5
2019-07-14,16,6,10
2019-07-14,21,11,10
2019-07-13,42,14,28
2019-07-13,60,30,30
2019-07-13,63,29,34
2019-07-13,103,54,49
2019-07-13,150,66,84
2019-07-13,176,81,95
2019-07-13,222,102,120
2019-07-13,273,128,145
2019-07-13,241,122,119
2019-07-13,310,145,165
2019-07-13,284,130,154
2019-07-13,259,124,135
2019-07-13,205,84,121
2019-07-13,195,97,98
2019-07-13,144,62,82
2019-07-13,91,47,44
2019-07-13,63,24,39
2019-07-13,46,11,35
2019-07-13,56,17,39
2019-07-13,35,6,29
2019-07-13,9,3,6
2019-07-13,9,3,6
2019-07-13,17,7,10
2019-07-13,33,17,16
2019-07-12,38,15,23
2019-07-12,83,30,53
2019-07-12,124,52,72
2019-07-12,161,64,97
2019-07-12,280,110,170
2019-07-12,449,153,296
2019-07-12,730,213,517
2019-07-12,545,139,406
2019-07-12,338,132,206
2019-07-12,211,77,134
2019-07-12,191,86,105
2019-07-12,154,62,92
2019-07-12,142,68,74
2019-07-12,126,58,68
2019-07-12,373,156,217
2019-07-12,590,256,334
2019-07-12,411,189,222
2019-07-12,165,69,96
2019-07-12,24,11,13
2019-07-12,12,4,8
2019-07-12,2,2,0
2019-07-12,4,2,2
2019-07-12,11,5,6
2019-07-12,14,4,10
2019-07-11,25,6,19
2019-07-11,69,30,39
2019-07-11,125,56,69
2019-07-11,217,87,130
2019-07-11,327,120,207
2019-07-11,551,196,355
2019-07-11,871,220,651
2019-07-11,522,137,385
2019-07-11,211,73,138
2019-07-11,152,64,88
2019-07-11,155,67,88
2019-07-11,151,64,87
2019-07-11,123,64,59
2019-07-11,178,67,111
2019-07-11,392,163,229
2019-07-11,735,312,423
2019-07-11,506,230,276
2019-07-11,171,83,88
2019-07-11,50,16,34
2019-07-11,8,6,2
2019-07-11,5,3,2
2019-07-11,5,2,3
2019-07-11,6,1,5
2019-07-11,10,6,4
2019-07-10,24,7,17
2019-07-10,39,26,13
2019-07-10,76,29,47
2019-07-10,129,43,86
2019-07-10,217,78,139
2019-07-10,406,117,289
2019-07-10,550,139,411
2019-07-10,244,73,171
2019-07-10,70,26,44
2019-07-10,59,24,35
2019-07-10,50,23,27
2019-07-10,75,26,49
2019-07-10,62,38,24
2019-07-10,102,37,65
2019-07-10,221,94,127
2019-07-10,383,168,215
2019-07-10,308,145,163
2019-07-10,94,46,48
2019-07-10,32,12,20
2019-07-10,8,5,3
2019-07-10,3,3,0
2019-07-10,1,1,0
2019-07-10,3,0,3
2019-07-10,10,3,7
2019-07-09,16,3,13
2019-07-09,26,4,22
2019-07-09,58,29,29
2019-07-09,127,43,84
2019-07-09,209,50,159
2019-07-09,499,148,351
2019-07-09,888,217,671
2019-07-09,455,127,328
2019-07-09,210,81,129
2019-07-09,126,39,87
2019-07-09,145,65,80
2019-07-09,116,44,72
2019-07-09,114,58,56
2019-07-09,138,60,78
2019-07-09,402,157,245
2019-07-09,675,317,358
2019-07-09,554,258,296
2019-07-09,211,108,103
2019-07-09,54,21,33
2019-07-09,9,6,3
2019-07-09,2,0,2
2019-07-09,4,0,4
2019-07-09,4,2,2
2019-07-09,9,4,5
2019-07-08,21,6,15
2019-07-08,63,19,44
2019-07-08,93,38,55
2019-07-08,186,63,123
2019-07-08,273,102,171
2019-07-08,543,171,372
2019-07-08,807,194,613
2019-07-08,437,140,297
2019-07-08,184,66,118
2019-07-08,115,56,59
2019-07-08,132,58,74
2019-07-08,86,34,52
2019-07-08,92,40,52
2019-07-08,136,52,84
2019-07-08,323,131,192
2019-07-08,609,288,321
2019-07-08,427,199,228
2019-07-08,130,61,69
2019-07-08,43,23,20
2019-07-08,5,3,2
2019-07-08,0,0,0
2019-07-08,1,1,0
2019-07-08,3,1,2
2019-07-08,5,2,3
2019-07-07,12,5,7
2019-07-07,15,9,6
2019-07-07,20,6,14
2019-07-07,17,9,8
2019-07-07,52,25,27
2019-07-07,103,43,60
2019-07-07,115,54,61
2019-07-07,192,100,92
2019-07-07,203,111,92
2019-07-07,251,114,137
2019-07-07,233,96,137
2019-07-07,239,91,148
2019-07-07,199,111,88
2019-07-07,154,79,75
2019-07-07,88,42,46
2019-07-07,56,27,29
2019-07-07,43,16,27
2019-07-07,16,3,13
2019-07-07,4,1,3
2019-07-07,4,2,2
2019-07-07,1,0,1
2019-07-07,10,6,4
2019-07-07,13,5,8
2019-07-07,24,4,20
2019-07-06,35,19,16
2019-07-06,48,14,34
2019-07-06,73,26,47
2019-07-06,84,34,50
2019-07-06,140,61,79
2019-07-06,198,76,122
2019-07-06,231,114,117
2019-07-06,302,145,157
2019-07-06,305,134,171
2019-07-06,304,127,177
2019-07-06,242,117,125
2019-07-06,256,123,133
2019-07-06,214,85,129
2019-07-06,220,119,101
2019-07-06,104,51,53
2019-07-06,72,31,41
2019-07-06,55,18,37
2019-07-06,37,14,23
2019-07-06,14,5,9
2019-07-06,8,6,2
2019-07-06,7,2,5
2019-07-06,5,1,4
2019-07-06,3,1,2
2019-07-06,17,5,12
2019-07-05,26,13,13
2019-07-05,36,16,20
2019-07-05,58,29,29
2019-07-05,65,24,41
2019-07-05,112,52,60
2019-07-05,202,61,141
2019-07-05,292,100,192
2019-07-05,263,80,183
2019-07-05,249,85,164
2019-07-05,167,59,108
2019-07-05,159,69,90
2019-07-05,155,59,96
2019-07-05,139,60,79
2019-07-05,112,56,56
2019-07-05,169,55,114
2019-07-05,187,77,110
2019-07-05,128,64,64
2019-07-05,68,31,37
2019-07-05,30,20,10
2019-07-05,5,1,4
2019-07-05,5,3,2
2019-07-05,10,4,6
2019-07-05,18,6,12
2019-07-05,60,28,32
2019-07-04,320,120,200
2019-07-04,113,44,69
2019-07-04,173,91,82
2019-07-04,210,85,125
2019-07-04,272,108,164
2019-07-04,281,119,162
2019-07-04,295,138,157
2019-07-04,310,115,195
2019-07-04,289,118,171
2019-07-04,351,144,207
2019-07-04,307,109,198
2019-07-04,257,130,127
2019-07-04,215,93,122
2019-07-04,174,82,92
2019-07-04,140,68,72
2019-07-04,115,50,65
2019-07-04,52,24,28
2019-07-04,40,17,23
2019-07-04,8,3,5
2019-07-04,4,1,3
2019-07-04,4,1,3
2019-07-04,7,5,2
2019-07-04,11,6,5
2019-07-04,14,5,9
2019-07-03,36,18,18
2019-07-03,61,24,37
2019-07-03,91,42,49
2019-07-03,113,44,69
2019-07-03,204,73,131
2019-07-03,385,136,249
2019-07-03,586,151,435
2019-07-03,427,128,299
2019-07-03,282,98,184
2019-07-03,134,42,92
2019-07-03,134,65,69
2019-07-03,90,31,59
2019-07-03,95,39,56
2019-07-03,96,43,53
2019-07-03,287,118,169
2019-07-03,445,189,256
2019-07-03,336,147,189
2019-07-03,133,64,69
2019-07-03,47,28,19
2019-07-03,7,5,2
2019-07-03,1,0,1
2019-07-03,0,0,0
2019-07-03,3,1,2
2019-07-03,5,2,3
2019-07-02,16,10,6
2019-07-02,19,6,13
2019-07-02,39,15,24
2019-07-02,58,18,40
2019-07-02,114,33,81
2019-07-02,347,80,267
2019-07-02,571,129,442
2019-07-02,255,57,198
2019-07-02,96,30,66
2019-07-02,88,30,58
2019-07-02,71,26,45
2019-07-02,97,36,61
2019-07-02,91,38,53
2019-07-02,101,38,63
2019-07-02,313,133,180
2019-07-02,567,238,329
2019-07-02,398,203,195
2019-07-02,178,89,89
2019-07-02,42,22,20
2019-07-02,12,6,6
2019-07-02,4,1,3
2019-07-02,7,0,7
2019-07-02,2,1,1
2019-07-02,9,4,5
2019-07-01,32,11,21
2019-07-01,61,23,38
2019-07-01,118,58,60
2019-07-01,186,78,108
2019-07-01,302,109,193
2019-07-01,598,190,408
2019-07-01,900,196,704
2019-07-01,532,141,391
2019-07-01,234,100,134
2019-07-01,166,56,110
2019-07-01,160,70,90
2019-07-01,144,61,83
2019-07-01,157,76,81
2019-07-01,192,75,117
2019-07-01,415,178,237
2019-07-01,752,323,429
2019-07-01,498,246,252
2019-07-01,170,78,92
2019-07-01,55,30,25
2019-07-01,12,2,10
2019-07-01,2,1,1
2019-07-01,3,1,2
2019-07-01,6,3,3
2019-07-01,10,5,5
2019-06-30,22,7,15
2019-06-30,50,20,30
2019-06-30,63,31,32
2019-06-30,130,72,58
2019-06-30,135,58,77
2019-06-30,207,68,139
2019-06-30,232,84,148
2019-06-30,331,148,183
2019-06-30,361,145,216
2019-06-30,315,116,199
2019-06-30,338,148,190
2019-06-30,336,149,187
2019-06-30,330,182,148
2019-06-30,258,117,141
2019-06-30,169,77,92
2019-06-30,110,54,56
2019-06-30,44,19,25
2019-06-30,26,10,16
2019-06-30,9,5,4
2019-06-30,3,1,2
2019-06-30,2,2,0
2019-06-30,15,8,7
2019-06-30,21,11,10
2019-06-30,27,9,18
2019-06-29,37,12,25
2019-06-29,57,17,40
2019-06-29,86,41,45
2019-06-29,114,51,63
2019-06-29,130,57,73
2019-06-29,210,107,103
2019-06-29,252,122,130
2019-06-29,308,134,174
2019-06-29,282,137,145
2019-06-29,308,145,163
2019-06-29,293,137,156
2019-06-29,272,114,158
2019-06-29,253,105,148
2019-06-29,165,75,90
2019-06-29,149,65,84
2019-06-29,112,51,61
2019-06-29,57,26,31
2019-06-29,31,9,22
2019-06-29,19,9,10
2019-06-29,1,0,1
2019-06-29,5,3,2
2019-06-29,3,2,1
2019-06-29,11,5,6
2019-06-29,28,11,17
2019-06-28,35,13,22
2019-06-28,51,21,30
2019-06-28,100,36,64
2019-06-28,164,66,98
2019-06-28,223,65,158
2019-06-28,421,138,283
2019-06-28,653,176,477
2019-06-28,519,137,382
2019-06-28,261,87,174
2019-06-28,171,61,110
2019-06-28,177,62,115
2019-06-28,136,47,89
2019-06-28,153,68,85
2019-06-28,189,69,120
2019-06-28,368,141,227
2019-06-28,551,241,310
2019-06-28,399,214,185
2019-06-28,153,77,76
2019-06-28,40,17,23
2019-06-28,8,3,5
2019-06-28,3,1,2
2019-06-28,1,1,0
2019-06-28,6,3,3
2019-06-28,15,9,6
2019-06-27,31,15,16
2019-06-27,36,16,20
2019-06-27,82,39,43
2019-06-27,142,53,89
2019-06-27,207,72,135
2019-06-27,455,121,334
2019-06-27,632,162,470
2019-06-27,361,110,251
2019-06-27,186,81,105
2019-06-27,119,47,72
2019-06-27,112,53,59
2019-06-27,104,39,65
2019-06-27,118,48,70
2019-06-27,130,46,84
2019-06-27,266,108,158
2019-06-27,474,192,282
2019-06-27,304,149,155
2019-06-27,130,53,77
2019-06-27,47,24,23
2019-06-27,6,4,2
2019-06-27,3,2,1
2019-06-27,4,2,2
2019-06-27,5,1,4
2019-06-27,15,9,6
2019-06-26,22,5,17
2019-06-26,48,27,21
2019-06-26,104,44,60
2019-06-26,140,49,91
2019-06-26,219,56,163
2019-06-26,491,134,357
2019-06-26,770,179,591
2019-06-26,391,111,280
2019-06-26,240,94,146
2019-06-26,161,59,102
2019-06-26,138,51,87
2019-06-26,129,61,68
2019-06-26,138,70,68
2019-06-26,167,75,92
2019-06-26,358,156,202
2019-06-26,698,310,388
2019-06-26,540,272,268
2019-06-26,186,97,89
2019-06-26,54,27,27
2019-06-26,10,3,7
2019-06-26,5,4,1
2019-06-26,2,0,2
2019-06-26,8,3,5
2019-06-26,13,4,9
2019-06-25,35,11,24
2019-06-25,73,29,44
2019-06-25,110,58,52
2019-06-25,137,59,78
2019-06-25,351,119,232
2019-06-25,644,189,455
2019-06-25,1052,257,795
2019-06-25,506,152,354
2019-06-25,262,87,175
2019-06-25,160,69,91
2019-06-25,136,55,81
2019-06-25,150,61,89
2019-06-25,140,62,78
2019-06-25,186,88,98
2019-06-25,423,190,233
2019-06-25,838,389,449
2019-06-25,560,275,285
2019-06-25,206,97,109
2019-06-25,66,34,32
2019-06-25,9,6,3
2019-06-25,4,1,3
2019-06-25,3,2,1
2019-06-25,0,0,0
2019-06-25,9,4,5
2019-06-24,30,12,18
2019-06-24,60,25,35
2019-06-24,99,43,56
2019-06-24,194,93,101
2019-06-24,276,108,168
2019-06-24,572,169,403
2019-06-24,844,190,654
2019-06-24,448,131,317
2019-06-24,188,76,112
2019-06-24,142,68,74
2019-06-24,119,49,70
2019-06-24,90,49,41
2019-06-24,90,31,59
2019-06-24,118,47,71
2019-06-24,329,133,196
2019-06-24,686,323,363
2019-06-24,424,200,224
2019-06-24,168,82,86
2019-06-24,50,26,24
2019-06-24,6,2,4
2019-06-24,0,0,0
2019-06-24,6,1,5
2019-06-24,2,1,1
2019-06-24,7,3,4
2019-06-23,19,8,11
2019-06-23,16,6,10
2019-06-23,26,11,15
2019-06-23,53,29,24
2019-06-23,54,27,27
2019-06-23,110,51,59
2019-06-23,140,68,72
2019-06-23,185,75,110
2019-06-23,205,88,117
2019-06-23,153,56,97
2019-06-23,169,63,106
2019-06-23,151,75,76
2019-06-23,136,67,69
2019-06-23,86,35,51
2019-06-23,75,39,36
2019-06-23,37,26,11
2019-06-23,37,18,19
2019-06-23,20,7,13
2019-06-23,8,2,6
2019-06-23,5,1,4
2019-06-23,2,1,1
2019-06-23,5,0,5
2019-06-23,14,5,9
2019-06-23,45,26,19
2019-06-22,44,19,25
2019-06-22,65,43,22
2019-06-22,86,46,40
2019-06-22,98,51,47
2019-06-22,178,89,89
2019-06-22,232,115,117
2019-06-22,265,128,137
2019-06-22,253,113,140
2019-06-22,226,104,122
2019-06-22,43,20,23
2019-06-22,108,67,41
2019-06-22,192,83,109
2019-06-22,255,84,171
2019-06-22,239,91,148
2019-06-22,174,62,112
2019-06-22,112,54,58
2019-06-22,74,29,45
2019-06-22,36,11,25
2019-06-22,17,9,8
2019-06-22,15,3,12
2019-06-22,3,0,3
2019-06-22,2,1,1
2019-06-22,22,11,11
2019-06-22,39,14,25
2019-06-21,49,22,27
2019-06-21,55,28,27
2019-06-21,100,40,60
2019-06-21,179,86,93
2019-06-21,276,93,183
2019-06-21,339,113,226
2019-06-21,659,156,503
2019-06-21,479,133,346
2019-06-21,255,96,159
2019-06-21,189,63,126
2019-06-21,154,73,81
2019-06-21,147,64,83
2019-06-21,143,41,102
2019-06-21,162,61,101
2019-06-21,313,124,189
2019-06-21,547,232,315
2019-06-21,382,202,180
2019-06-21,140,65,75
2019-06-21,44,27,17
2019-06-21,7,3,4
2019-06-21,2,1,1
2019-06-21,5,2,3
2019-06-21,12,7,5
2019-06-21,10,2,8
2019-06-20,30,10,20
2019-06-20,45,24,21
2019-06-20,117,46,71
2019-06-20,203,87,116
2019-06-20,278,92,186
2019-06-20,530,144,386
2019-06-20,767,180,587
2019-06-20,420,143,277
2019-06-20,196,70,126
2019-06-20,136,50,86
2019-06-20,136,64,72
2019-06-20,125,51,74
2019-06-20,136,59,77
2019-06-20,165,62,103
2019-06-20,369,146,223
2019-06-20,628,284,344
2019-06-20,399,195,204
2019-06-20,160,75,85
2019-06-20,48,26,22
2019-06-20,4,4,0
2019-06-20,2,0,2
2019-06-20,2,0,2
2019-06-20,6,2,4
2019-06-20,6,3,3
2019-06-19,23,8,15
2019-06-19,32,15,17
2019-06-19,80,27,53
2019-06-19,168,59,109
2019-06-19,339,105,234
2019-06-19,554,174,380
2019-06-19,893,232,661
2019-06-19,509,156,353
2019-06-19,204,83,121
2019-06-19,140,65,75
2019-06-19,139,82,57
2019-06-19,127,52,75
2019-06-19,131,64,67
2019-06-19,167,65,102
2019-06-19,375,136,239
2019-06-19,695,314,381
2019-06-19,524,262,262
2019-06-19,187,87,100
2019-06-19,54,26,28
2019-06-19,9,5,4
2019-06-19,2,2,0
2019-06-19,3,1,2
2019-06-19,6,3,3
2019-06-19,11,6,5
2019-06-18,17,5,12
2019-06-18,52,20,32
2019-06-18,64,25,39
2019-06-18,123,40,83
2019-06-18,186,67,119
2019-06-18,416,110,306
2019-06-18,714,191,523
2019-06-18,335,89,246
2019-06-18,137,54,83
2019-06-18,123,39,84
2019-06-18,73,31,42
2019-06-18,104,47,57
2019-06-18,69,43,26
2019-06-18,101,49,52
2019-06-18,291,120,171
2019-06-18,532,233,299
2019-06-18,382,198,184
2019-06-18,133,70,63
2019-06-18,45,20,25
2019-06-18,6,1,5
2019-06-18,3,1,2
2019-06-18,3,2,1
2019-06-18,13,6,7
2019-06-18,14,8,6
2019-06-17,16,3,13
2019-06-17,53,25,28
2019-06-17,95,45,50
2019-06-17,171,82,89
2019-06-17,297,110,187
2019-06-17,583,180,403
2019-06-17,865,206,659
2019-06-17,486,118,368
2019-06-17,224,99,125
2019-06-17,139,53,86
2019-06-17,110,37,73
2019-06-17,111,47,64
2019-06-17,112,45,67
2019-06-17,165,74,91
2019-06-17,399,167,232
2019-06-17,750,352,398
2019-06-17,534,259,275
2019-06-17,168,85,83
2019-06-17,70,45,25
2019-06-17,6,3,3
2019-06-17,5,3,2
2019-06-17,6,3,3
2019-06-17,9,4,5
2019-06-17,9,5,4
2019-06-16,20,5,15
2019-06-16,32,12,20
2019-06-16,71,31,40
2019-06-16,104,46,58
2019-06-16,130,69,61
2019-06-16,203,87,116
2019-06-16,191,89,102
2019-06-16,299,154,145
2019-06-16,366,145,221
2019-06-16,364,131,233
2019-06-16,293,140,153
2019-06-16,354,151,203
2019-06-16,282,119,163
2019-06-16,174,80,94
2019-06-16,140,66,74
2019-06-16,117,56,61
2019-06-16,53,22,31
2019-06-16,21,9,12
2019-06-16,9,2,7
2019-06-16,4,1,3
2019-06-16,2,1,1
2019-06-16,1,0,1
2019-06-16,14,8,6
2019-06-16,26,10,16
2019-06-15,43,17,26
2019-06-15,84,46,38
2019-06-15,105,62,43
2019-06-15,171,79,92
2019-06-15,157,77,80
2019-06-15,255,141,114
2019-06-15,309,152,157
2019-06-15,294,126,168
2019-06-15,369,159,210
2019-06-15,274,127,147
2019-06-15,276,114,162
2019-06-15,198,79,119
2019-06-15,169,67,102
2019-06-15,146,78,68
2019-06-15,163,68,95
2019-06-15,157,95,62
2019-06-15,56,21,35
2019-06-15,30,9,21
2019-06-15,17,9,8
2019-06-15,1,1,0
2019-06-15,4,4,0
2019-06-15,3,2,1
2019-06-15,20,10,10
2019-06-15,34,13,21
2019-06-14,37,12,25
2019-06-14,66,39,27
2019-06-14,99,32,67
2019-06-14,130,53,77
2019-06-14,249,87,162
2019-06-14,414,135,279
2019-06-14,702,185,517
2019-06-14,525,146,379
2019-06-14,263,85,178
2019-06-14,226,86,140
2019-06-14,167,63,104
2019-06-14,136,59,77
2019-06-14,136,47,89
2019-06-14,152,60,92
2019-06-14,326,144,182
2019-06-14,620,276,344
2019-06-14,425,200,225
2019-06-14,152,82,70
2019-06-14,44,21,23
2019-06-14,9,3,6
2019-06-14,2,1,1
2019-06-14,2,0,2
2019-06-14,8,1,7
2019-06-14,21,8,13
2019-06-13,30,12,18
2019-06-13,64,27,37
2019-06-13,136,58,78
2019-06-13,195,81,114
2019-06-13,349,110,239
2019-06-13,639,218,421
2019-06-13,910,215,695
2019-06-13,532,154,378
2019-06-13,264,84,180
2019-06-13,158,78,80
2019-06-13,127,50,77
2019-06-13,151,63,88
2019-06-13,126,53,73
2019-06-13,222,96,126
2019-06-13,430,180,250
2019-06-13,768,333,435
2019-06-13,572,262,310
2019-06-13,207,108,99
2019-06-13,66,27,39
2019-06-13,14,7,7
2019-06-13,4,2,2
2019-06-13,1,0,1
2019-06-13,13,2,11
2019-06-13,17,9,8
2019-06-12,38,22,16
2019-06-12,84,30,54
2019-06-12,136,58,78
2019-06-12,216,71,145
2019-06-12,289,107,182
2019-06-12,584,161,423
2019-06-12,924,227,697
2019-06-12,571,152,419
2019-06-12,241,81,160
2019-06-12,158,54,104
2019-06-12,143,70,73
2019-06-12,143,64,79
2019-06-12,115,43,72
2019-06-12,200,87,113
2019-06-12,393,164,229
2019-06-12,807,366,441
2019-06-12,625,301,324
2019-06-12,242,123,119
2019-06-12,69,32,37
2019-06-12,19,11,8
2019-06-12,3,1,2
2019-06-12,5,1,4
2019-06-12,9,5,4
2019-06-12,12,7,5
2019-06-11,33,17,16
2019-06-11,76,29,47
2019-06-11,142,67,75
2019-06-11,207,63,144
2019-06-11,360,127,233
2019-06-11,608,171,437
2019-06-11,1097,247,850
2019-06-11,555,148,407
2019-06-11,243,83,160
2019-06-11,177,72,105
2019-06-11,151,64,87
2019-06-11,140,66,74
2019-06-11,138,63,75
2019-06-11,187,86,101
2019-06-11,426,178,248
2019-06-11,892,423,469
2019-06-11,639,304,335
2019-06-11,263,124,139
2019-06-11,65,37,28
2019-06-11,9,3,6
2019-06-11,0,0,0
2019-06-11,5,0,5
2019-06-11,5,1,4
2019-06-11,10,5,5
2019-06-10,21,5,16
2019-06-10,48,15,33
2019-06-10,108,57,51
2019-06-10,151,52,99
2019-06-10,296,77,219
2019-06-10,604,165,439
2019-06-10,993,228,765
2019-06-10,508,143,365
2019-06-10,240,94,146
2019-06-10,138,59,79
2019-06-10,133,57,76
2019-06-10,150,69,81
2019-06-10,150,53,97
2019-06-10,187,81,106
2019-06-10,401,169,232
2019-06-10,815,349,466
2019-06-10,528,259,269
2019-06-10,160,84,76
2019-06-10,62,30,32
2019-06-10,11,5,6
2019-06-10,2,1,1
2019-06-10,0,0,0
2019-06-10,4,3,1
2019-06-10,9,5,4
2019-06-09,22,9,13
2019-06-09,30,21,9
2019-06-09,55,23,32
2019-06-09,97,44,53
2019-06-09,76,34,42
2019-06-09,198,79,119
2019-06-09,210,99,111
2019-06-09,273,115,158
2019-06-09,302,150,152
2019-06-09,239,127,112
2019-06-09,284,134,150
2019-06-09,264,100,164
2019-06-09,226,107,119
2019-06-09,184,87,97
2019-06-09,158,71,87
2019-06-09,138,57,81
2019-06-09,127,60,67
2019-06-09,30,11,19
2019-06-09,19,8,11
2019-06-09,3,0,3
2019-06-09,1,1,0
2019-06-09,7,4,3
2019-06-09,19,7,12
2019-06-09,27,13,14
2019-06-08,57,22,35
2019-06-08,28,15,13
2019-06-08,57,25,32
2019-06-08,107,42,65
2019-06-08,131,55,76
2019-06-08,212,106,106
2019-06-08,264,129,135
2019-06-08,332,155,177
2019-06-08,272,122,150
2019-06-08,302,133,169
2019-06-08,255,109,146
2019-06-08,213,87,126
2019-06-08,216,105,111
2019-06-08,151,83,68
2019-06-08,106,57,49
2019-06-08,116,51,65
2019-06-08,58,28,30
2019-06-08,28,14,14
2019-06-08,15,9,6
2019-06-08,6,4,2
2019-06-08,5,1,4
2019-06-08,7,3,4
2019-06-08,19,9,10
2019-06-08,16,7,9
2019-06-07,25,11,14
2019-06-07,30,17,13
2019-06-07,51,24,27
2019-06-07,79,30,49
2019-06-07,113,30,83
2019-06-07,222,50,172
2019-06-07,464,110,354
2019-06-07,337,80,257
2019-06-07,177,62,115
2019-06-07,77,30,47
2019-06-07,97,46,51
2019-06-07,97,50,47
2019-06-07,103,41,62
2019-06-07,132,64,68
2019-06-07,268,106,162
2019-06-07,527,239,288
2019-06-07,312,158,154
2019-06-07,113,56,57
2019-06-07,28,19,9
2019-06-07,10,5,5
2019-06-07,1,1,0
2019-06-07,3,2,1
2019-06-07,7,4,3
2019-06-07,14,6,8
2019-06-06,25,8,17
2019-06-06,53,33,20
2019-06-06,91,39,52
2019-06-06,171,68,103
2019-06-06,245,90,155
2019-06-06,500,137,363
2019-06-06,732,177,555
2019-06-06,354,104,250
2019-06-06,150,55,95
2019-06-06,173,71,102
2019-06-06,126,53,73
2019-06-06,128,52,76
2019-06-06,132,49,83
2019-06-06,158,80,78
2019-06-06,341,152,189
2019-06-06,623,305,318
2019-06-06,451,225,226
2019-06-06,160,85,75
2019-06-06,55,29,26
2019-06-06,16,11,5
2019-06-06,7,0,7
2019-06-06,5,0,5
2019-06-06,10,5,5
2019-06-06,8,3,5
2019-06-05,15,6,9
2019-06-05,50,16,34
2019-06-05,110,53,57
2019-06-05,142,41,101
2019-06-05,268,99,169
2019-06-05,525,143,382
2019-06-05,855,188,667
2019-06-05,499,139,360
2019-06-05,195,70,125
2019-06-05,124,42,82
2019-06-05,114,50,64
2019-06-05,115,55,60
2019-06-05,126,54,72
2019-06-05,195,61,134
2019-06-05,401,169,232
2019-06-05,735,341,394
2019-06-05,578,286,292
2019-06-05,231,120,111
2019-06-05,57,34,23
2019-06-05,10,4,6
2019-06-05,4,2,2
2019-06-05,1,0,1
2019-06-05,14,3,11
2019-06-05,13,3,10
2019-06-04,31,8,23
2019-06-04,55,22,33
2019-06-04,110,51,59
2019-06-04,186,71,115
2019-06-04,303,112,191
2019-06-04,620,189,431
2019-06-04,995,253,742
2019-06-04,519,168,351
2019-06-04,242,99,143
2019-06-04,137,58,79
2019-06-04,146,68,78
2019-06-04,121,60,61
2019-06-04,115,56,59
2019-06-04,182,78,104
2019-06-04,366,133,233
2019-06-04,791,386,405
2019-06-04,527,270,257
2019-06-04,238,96,142
2019-06-04,68,36,32
2019-06-04,11,3,8
2019-06-04,4,1,3
2019-06-04,7,3,4
2019-06-04,8,4,4
2019-06-04,9,6,3
2019-06-03,23,8,15
2019-06-03,49,21,28
2019-06-03,98,43,55
2019-06-03,161,56,105
2019-06-03,295,90,205
2019-06-03,603,182,421
2019-06-03,870,186,684
2019-06-03,492,147,345
2019-06-03,212,92,120
2019-06-03,111,49,62
2019-06-03,101,41,60
2019-06-03,86,38,48
2019-06-03,101,38,63
2019-06-03,157,65,92
2019-06-03,406,165,241
2019-06-03,774,379,395
2019-06-03,533,269,264
2019-06-03,213,116,97
2019-06-03,59,33,26
2019-06-03,14,9,5
2019-06-03,4,1,3
2019-06-03,2,2,0
2019-06-03,6,4,2
2019-06-03,6,1,5
2019-06-02,15,5,10
2019-06-02,30,13,17
2019-06-02,54,26,28
2019-06-02,69,35,34
2019-06-02,104,42,62
2019-06-02,173,89,84
2019-06-02,257,130,127
2019-06-02,221,112,109
2019-06-02,299,133,166
2019-06-02,328,158,170
2019-06-02,257,146,111
2019-06-02,321,151,170
2019-06-02,245,119,126
2019-06-02,190,87,103
2019-06-02,167,89,78
2019-06-02,92,45,47
2019-06-02,60,27,33
2019-06-02,27,8,19
2019-06-02,8,3,5
2019-06-02,1,0,1
2019-06-02,2,1,1
2019-06-02,11,5,6
2019-06-02,11,3,8
2019-06-02,21,11,10
2019-06-01,29,16,13
2019-06-01,65,26,39
2019-06-01,94,49,45
2019-06-01,124,44,80
2019-06-01,145,66,79
2019-06-01,212,104,108
2019-06-01,271,139,132
2019-06-01,304,144,160
2019-06-01,270,97,173
2019-06-01,249,115,134
2019-06-01,266,131,135
2019-06-01,191,89,102
2019-06-01,217,109,108
2019-06-01,202,106,96
2019-06-01,134,60,74
2019-06-01,115,55,60
2019-06-01,64,24,40
2019-06-01,31,9,22
2019-06-01,19,9,10
2019-06-01,5,1,4
2019-06-01,5,2,3
2019-06-01,13,7,6
2019-06-01,12,5,7
2019-06-01,22,10,12
2019-05-31,57,22,35
2019-05-31,81,29,52
2019-05-31,103,46,57
2019-05-31,140,48,92
2019-05-31,248,97,151
2019-05-31,492,169,323
2019-05-31,768,186,582
2019-05-31,588,179,409
2019-05-31,326,118,208
2019-05-31,181,102,79
2019-05-31,164,72,92
2019-05-31,135,63,72
2019-05-31,114,56,58
2019-05-31,134,65,69
2019-05-31,346,146,200
2019-05-31,677,305,372
2019-05-31,459,216,243
2019-05-31,201,108,93
2019-05-31,46,27,19
2019-05-31,13,8,5
2019-05-31,6,4,2
2019-05-31,2,0,2
2019-05-31,13,8,5
2019-05-31,23,8,15
2019-05-30,31,9,22
2019-05-30,57,22,35
2019-05-30,112,49,63
2019-05-30,183,69,114
2019-05-30,314,126,188
2019-05-30,558,152,406
2019-05-30,944,227,717
2019-05-30,504,151,353
2019-05-30,258,99,159
2019-05-30,179,89,90
2019-05-30,127,55,72
2019-05-30,120,48,72
2019-05-30,146,71,75
2019-05-30,153,72,81
2019-05-30,366,150,216
2019-05-30,742,346,396
2019-05-30,584,280,304
2019-05-30,229,118,111
2019-05-30,60,33,27
2019-05-30,12,8,4
2019-05-30,3,2,1
2019-05-30,4,2,2
2019-05-30,6,2,4
2019-05-30,16,8,8
2019-05-29,21,7,14
2019-05-29,45,16,29
2019-05-29,129,63,66
2019-05-29,155,54,101
2019-05-29,301,104,197
2019-05-29,529,169,360
2019-05-29,957,223,734
2019-05-29,530,126,404
2019-05-29,216,89,127
2019-05-29,141,66,75
2019-05-29,120,52,68
2019-05-29,117,75,42
2019-05-29,129,58,71
2019-05-29,155,74,81
2019-05-29,389,171,218
2019-05-29,801,387,414
2019-05-29,618,299,319
2019-05-29,219,119,100
2019-05-29,65,33,32
2019-05-29,16,8,8
2019-05-29,3,3,0
2019-05-29,5,1,4
2019-05-29,4,0,4
2019-05-29,8,1,7
2019-05-28,29,7,22
2019-05-28,58,20,38
2019-05-28,101,46,55
2019-05-28,164,66,98
2019-05-28,285,97,188
2019-05-28,564,149,415
2019-05-28,894,202,692
2019-05-28,451,118,333
2019-05-28,203,61,142
2019-05-28,122,57,65
2019-05-28,113,55,58
2019-05-28,105,41,64
2019-05-28,127,57,70
2019-05-28,144,70,74
2019-05-28,389,179,210
2019-05-28,734,361,373
2019-05-28,540,280,260
2019-05-28,224,111,113
2019-05-28,48,20,28
2019-05-28,9,4,5
2019-05-28,4,1,3
2019-05-28,6,1,5
2019-05-28,6,4,2
2019-05-28,7,4,3
2019-05-27,24,7,17
2019-05-27,36,20,16
2019-05-27,60,27,33
2019-05-27,127,63,64
2019-05-27,157,72,85
2019-05-27,262,133,129
2019-05-27,264,121,143
2019-05-27,337,199,138
2019-05-27,425,171,254
2019-05-27,417,163,254
2019-05-27,387,172,215
2019-05-27,323,154,169
2019-05-27,330,146,184
2019-05-27,244,124,120
2019-05-27,172,73,99
2019-05-27,87,45,42
2019-05-27,52,32,20
2019-05-27,29,10,19
2019-05-27,14,6,8
2019-05-27,1,0,1
2019-05-27,5,0,5
2019-05-27,9,5,4
2019-05-27,9,8,1
2019-05-27,20,13,7
2019-05-26,33,12,21
2019-05-26,30,13,17
2019-05-26,64,23,41
2019-05-26,110,42,68
2019-05-26,147,70,77
2019-05-26,211,106,105
2019-05-26,246,103,143
2019-05-26,252,108,144
2019-05-26,282,132,150
2019-05-26,306,142,164
2019-05-26,277,144,133
2019-05-26,210,118,92
2019-05-26,238,88,150
2019-05-26,166,61,105
2019-05-26,133,61,72
2019-05-26,79,35,44
2019-05-26,105,62,43
2019-05-26,49,27,22
2019-05-26,11,5,6
2019-05-26,6,4,2
2019-05-26,0,0,0
2019-05-26,1,1,0
2019-05-26,4,2,2
2019-05-26,26,15,11
2019-05-25,10,5,5
2019-05-25,18,10,8
2019-05-25,26,8,18
2019-05-25,40,14,26
2019-05-25,43,16,27
2019-05-25,30,10,20
2019-05-25,35,17,18
2019-05-25,40,22,18
2019-05-25,38,20,18
2019-05-25,40,19,21
2019-05-25,60,30,30
2019-05-25,94,45,49
2019-05-25,138,65,73
2019-05-25,101,52,49
2019-05-25,106,49,57
2019-05-25,70,41,29
2019-05-25,51,30,21
2019-05-25,25,12,13
2019-05-25,15,11,4
2019-05-25,5,2,3
2019-05-25,5,1,4
2019-05-25,10,3,7
2019-05-25,13,5,8
2019-05-25,23,5,18
2019-05-24,30,15,15
2019-05-24,50,21,29
2019-05-24,50,15,35
2019-05-24,80,36,44
2019-05-24,142,51,91
2019-05-24,255,72,183
2019-05-24,493,126,367
2019-05-24,382,95,287
2019-05-24,239,73,166
2019-05-24,142,48,94
2019-05-24,119,42,77
2019-05-24,80,39,41
2019-05-24,95,48,47
2019-05-24,89,39,50
2019-05-24,245,127,118
2019-05-24,463,226,237
2019-05-24,323,171,152
2019-05-24,156,82,74
2019-05-24,45,24,21
2019-05-24,7,3,4
2019-05-24,4,1,3
2019-05-24,2,1,1
2019-05-24,5,1,4
2019-05-24,23,5,18
2019-05-23,29,13,16
2019-05-23,73,37,36
2019-05-23,148,72,76
2019-05-23,188,80,108
2019-05-23,358,138,220
2019-05-23,636,210,426
2019-05-23,939,249,690
2019-05-23,559,153,406
2019-05-23,268,115,153
2019-05-23,161,60,101
2019-05-23,185,66,119
2019-05-23,157,76,81
2019-05-23,173,83,90
2019-05-23,197,88,109
2019-05-23,388,158,230
2019-05-23,825,382,443
2019-05-23,590,302,288
2019-05-23,218,107,111
2019-05-23,54,28,26
2019-05-23,15,7,8
2019-05-23,1,0,1
2019-05-23,5,1,4
2019-05-23,6,2,4
2019-05-23,10,4,6
2019-05-22,40,13,27
2019-05-22,53,17,36
2019-05-22,121,53,68
2019-05-22,197,67,130
2019-05-22,327,102,225
2019-05-22,642,186,456
2019-05-22,1004,259,745
2019-05-22,577,157,420
2019-05-22,244,98,146
2019-05-22,143,55,88
2019-05-22,141,52,89
2019-05-22,133,52,81
2019-05-22,114,49,65
2019-05-22,144,68,76
2019-05-22,345,147,198
2019-05-22,749,355,394
2019-05-22,546,265,281
2019-05-22,205,104,101
2019-05-22,53,26,27
2019-05-22,14,11,3
2019-05-22,4,1,3
2019-05-22,6,4,2
2019-05-22,11,3,8
2019-05-22,3,0,3
2019-05-21,29,10,19
2019-05-21,55,22,33
2019-05-21,72,27,45
2019-05-21,105,47,58
2019-05-21,210,76,134
2019-05-21,421,127,294
2019-05-21,728,175,553
2019-05-21,353,98,255
2019-05-21,170,53,117
2019-05-21,97,40,57
2019-05-21,93,40,53
2019-05-21,91,49,42
2019-05-21,87,47,40
2019-05-21,112,49,63
2019-05-21,285,123,162
2019-05-21,618,300,318
2019-05-21,436,215,221
2019-05-21,151,74,77
2019-05-21,47,24,23
2019-05-21,6,6,0
2019-05-21,2,1,1
2019-05-21,3,3,0
2019-05-21,5,4,1
2019-05-21,3,2,1
2019-05-20,21,4,17
2019-05-20,28,13,15
2019-05-20,38,12,26
2019-05-20,64,20,44
2019-05-20,123,21,102
2019-05-20,325,73,252
2019-05-20,569,119,450
2019-05-20,266,61,205
2019-05-20,131,55,76
2019-05-20,70,34,36
2019-05-20,68,28,40
2019-05-20,61,26,35
2019-05-20,49,20,29
2019-05-20,100,46,54
2019-05-20,224,99,125
2019-05-20,548,262,286
2019-05-20,373,178,195
2019-05-20,144,74,70
2019-05-20,44,26,18
2019-05-20,10,6,4
2019-05-20,4,2,2
2019-05-20,3,0,3
2019-05-20,5,3,2
2019-05-20,7,4,3
2019-05-19,24,7,17
2019-05-19,15,9,6
2019-05-19,37,24,13
2019-05-19,61,35,26
2019-05-19,102,49,53
2019-05-19,145,48,97
2019-05-19,191,90,101
2019-05-19,226,108,118
2019-05-19,202,105,97
2019-05-19,225,103,122
2019-05-19,213,88,125
2019-05-19,160,79,81
2019-05-19,154,71,83
2019-05-19,111,45,66
2019-05-19,91,47,44
2019-05-19,70,32,38
2019-05-19,53,26,27
2019-05-19,12,4,8
2019-05-19,6,2,4
2019-05-19,1,0,1
2019-05-19,0,0,0
2019-05-19,6,3,3
2019-05-19,26,19,7
2019-05-19,20,10,10
2019-05-18,36,12,24
2019-05-18,47,18,29
2019-05-18,65,31,34
2019-05-18,91,43,48
2019-05-18,139,61,78
2019-05-18,196,85,111
2019-05-18,244,116,128
2019-05-18,324,186,138
2019-05-18,299,139,160
2019-05-18,322,146,176
2019-05-18,303,150,153
2019-05-18,249,123,126
2019-05-18,265,115,150
2019-05-18,211,101,110
2019-05-18,170,93,77
2019-05-18,114,52,62
2019-05-18,86,38,48
2019-05-18,39,18,21
2019-05-18,16,10,6
2019-05-18,5,2,3
2019-05-18,3,2,1
2019-05-18,4,1,3
2019-05-18,14,4,10
2019-05-18,21,13,8
2019-05-17,32,21,11
2019-05-17,45,16,29
2019-05-17,63,30,33
2019-05-17,108,39,69
2019-05-17,220,71,149
2019-05-17,409,104,305
2019-05-17,658,176,482
2019-05-17,466,135,331
2019-05-17,238,71,167
2019-05-17,119,42,77
2019-05-17,109,42,67
2019-05-17,79,38,41
2019-05-17,99,41,58
2019-05-17,118,52,66
2019-05-17,311,149,162
2019-05-17,693,413,280
2019-05-17,609,375,234
2019-05-17,167,96,71
2019-05-17,44,26,18
2019-05-17,4,3,1
2019-05-17,1,0,1
2019-05-17,1,0,1
2019-05-17,5,1,4
2019-05-17,5,1,4
2019-05-16,10,4,6
2019-05-16,31,8,23
2019-05-16,52,23,29
2019-05-16,96,35,61
2019-05-16,159,50,109
2019-05-16,357,97,260
2019-05-16,587,125,462
2019-05-16,301,79,222
2019-05-16,115,37,78
2019-05-16,76,25,51
2019-05-16,57,33,24
2019-05-16,67,29,38
2019-05-16,76,29,47
2019-05-16,104,55,49
2019-05-16,280,128,152
2019-05-16,532,241,291
2019-05-16,432,219,213
2019-05-16,137,61,76
2019-05-16,49,32,17
2019-05-16,9,6,3
2019-05-16,3,1,2
2019-05-16,1,1,0
2019-05-16,3,0,3
2019-05-16,10,4,6
2019-05-15,19,7,12
2019-05-15,44,11,33
2019-05-15,48,14,34
2019-05-15,72,18,54
2019-05-15,148,46,102
2019-05-15,382,106,276
2019-05-15,647,143,504
2019-05-15,413,105,308
2019-05-15,180,59,121
2019-05-15,132,54,78
2019-05-15,126,55,71
2019-05-15,151,56,95
2019-05-15,124,47,77
2019-05-15,145,54,91
2019-05-15,307,135,172
2019-05-15,622,291,331
2019-05-15,494,229,265
2019-05-15,182,83,99
2019-05-15,53,25,28
2019-05-15,14,9,5
2019-05-15,3,3,0
2019-05-15,5,5,0
2019-05-15,5,1,4
2019-05-15,4,0,4
2019-05-14,17,7,10
2019-05-14,28,11,17
2019-05-14,53,24,29
2019-05-14,81,30,51
2019-05-14,153,48,105
2019-05-14,443,97,346
2019-05-14,554,136,418
2019-05-14,292,81,211
2019-05-14,107,37,70
2019-05-14,69,20,49
2019-05-14,43,20,23
2019-05-14,47,30,17
2019-05-14,45,24,21
2019-05-14,63,32,31
2019-05-14,204,90,114
2019-05-14,478,227,251
2019-05-14,396,201,195
2019-05-14,171,85,86
2019-05-14,37,20,17
2019-05-14,10,7,3
2019-05-14,1,1,0
2019-05-14,1,1,0
2019-05-14,4,3,1
2019-05-14,11,5,6
2019-05-13,22,4,18
2019-05-13,20,5,15
2019-05-13,82,43,39
2019-05-13,131,47,84
2019-05-13,205,76,129
2019-05-13,467,135,332
2019-05-13,827,199,628
2019-05-13,431,99,332
2019-05-13,192,72,120
2019-05-13,117,51,66
2019-05-13,103,43,60
2019-05-13,109,35,74
2019-05-13,90,46,44
2019-05-13,136,69,67
2019-05-13,330,132,198
2019-05-13,720,341,379
2019-05-13,461,235,226
2019-05-13,197,99,98
2019-05-13,48,29,19
2019-05-13,13,6,7
2019-05-13,3,2,1
2019-05-13,2,0,2
2019-05-13,2,0,2
2019-05-13,4,1,3
2019-05-12,18,7,11
2019-05-12,30,15,15
2019-05-12,27,16,11
2019-05-12,71,27,44
2019-05-12,104,43,61
2019-05-12,106,53,53
2019-05-12,149,82,67
2019-05-12,180,93,87
2019-05-12,162,81,81
2019-05-12,189,85,104
2019-05-12,136,65,71
2019-05-12,132,62,70
2019-05-12,123,50,73
2019-05-12,114,57,57
2019-05-12,70,37,33
2019-05-12,67,35,32
2019-05-12,40,17,23
2019-05-12,27,8,19
2019-05-12,7,3,4
2019-05-12,4,1,3
2019-05-12,5,2,3
2019-05-12,4,2,2
2019-05-12,10,3,7
2019-05-12,23,5,18
2019-05-11,29,11,18
2019-05-11,43,19,24
2019-05-11,71,27,44
2019-05-11,101,46,55
2019-05-11,123,56,67
2019-05-11,167,82,85
2019-05-11,184,75,109
2019-05-11,219,107,112
2019-05-11,280,126,154
2019-05-11,251,142,109
2019-05-11,278,126,152
2019-05-11,217,108,109
2019-05-11,244,113,131
2019-05-11,195,104,91
2019-05-11,178,108,70
2019-05-11,139,69,70
2019-05-11,71,32,39
2019-05-11,32,12,20
2019-05-11,25,11,14
2019-05-11,8,2,6
2019-05-11,4,3,1
2019-05-11,9,7,2
2019-05-11,8,5,3
2019-05-11,29,13,16
2019-05-10,38,17,21
2019-05-10,54,20,34
2019-05-10,94,48,46
2019-05-10,123,55,68
2019-05-10,224,87,137
2019-05-10,401,128,273
2019-05-10,768,195,573
2019-05-10,540,158,382
2019-05-10,321,116,205
2019-05-10,191,82,109
2019-05-10,158,74,84
2019-05-10,149,65,84
2019-05-10,130,60,70
2019-05-10,140,68,72
2019-05-10,345,159,186
2019-05-10,699,315,384
2019-05-10,468,221,247
2019-05-10,191,97,94
2019-05-10,41,26,15
2019-05-10,13,7,6
2019-05-10,3,0,3
2019-05-10,4,2,2
2019-05-10,15,6,9
2019-05-10,19,7,12
2019-05-09,33,17,16
2019-05-09,45,19,26
2019-05-09,102,44,58
2019-05-09,187,79,108
2019-05-09,245,85,160
2019-05-09,516,158,358
2019-05-09,849,217,632
2019-05-09,510,137,373
2019-05-09,216,75,141
2019-05-09,160,54,106
2019-05-09,160,82,78
2019-05-09,161,76,85
2019-05-09,148,69,79
2019-05-09,141,62,79
2019-05-09,381,169,212
2019-05-09,697,332,365
2019-05-09,606,304,302
2019-05-09,212,112,100
2019-05-09,52,32,20
2019-05-09,7,5,2
2019-05-09,2,2,0
2019-05-09,3,1,2
2019-05-09,4,0,4
2019-05-09,14,4,10
2019-05-08,35,11,24
2019-05-08,57,14,43
2019-05-08,93,41,52
2019-05-08,146,63,83
2019-05-08,299,116,183
2019-05-08,585,171,414
2019-05-08,866,231,635
2019-05-08,521,144,377
2019-05-08,189,81,108
2019-05-08,139,49,90
2019-05-08,127,55,72
2019-05-08,146,66,80
2019-05-08,104,48,56
2019-05-08,148,74,74
2019-05-08,341,142,199
2019-05-08,760,370,390
2019-05-08,608,290,318
2019-05-08,217,112,105
2019-05-08,57,30,27
2019-05-08,16,7,9
2019-05-08,4,2,2
2019-05-08,4,2,2
2019-05-08,2,1,1
2019-05-08,5,2,3
2019-05-07,30,7,23
2019-05-07,43,16,27
2019-05-07,94,40,54
2019-05-07,178,71,107
2019-05-07,293,105,188
2019-05-07,601,176,425
2019-05-07,916,211,705
2019-05-07,508,133,375
2019-05-07,197,93,104
2019-05-07,134,57,77
2019-05-07,132,47,85
2019-05-07,136,55,81
2019-05-07,108,41,67
2019-05-07,159,79,80
2019-05-07,391,159,232
2019-05-07,757,357,400
2019-05-07,619,310,309
2019-05-07,270,168,102
2019-05-07,57,33,24
2019-05-07,11,7,4
2019-05-07,1,1,0
2019-05-07,3,2,1
2019-05-07,3,1,2
2019-05-07,3,1,2
2019-05-06,28,12,16
2019-05-06,50,26,24
2019-05-06,72,31,41
2019-05-06,138,51,87
2019-05-06,295,90,205
2019-05-06,554,142,412
2019-05-06,874,214,660
2019-05-06,478,112,366
2019-05-06,211,84,127
2019-05-06,145,70,75
2019-05-06,131,60,71
2019-05-06,114,39,75
2019-05-06,81,33,48
2019-05-06,151,64,87
2019-05-06,351,158,193
2019-05-06,769,347,422
2019-05-06,519,260,259
2019-05-06,206,102,104
2019-05-06,56,30,26
2019-05-06,10,5,5
2019-05-06,1,0,1
2019-05-06,0,0,0
2019-05-06,2,0,2
2019-05-06,10,1,9
2019-05-05,18,5,13
2019-05-05,12,7,5
2019-05-05,28,13,15
2019-05-05,60,36,24
2019-05-05,83,48,35
2019-05-05,145,69,76
2019-05-05,148,77,71
2019-05-05,260,126,134
2019-05-05,286,125,161
2019-05-05,313,144,169
2019-05-05,269,118,151
2019-05-05,253,118,135
2019-05-05,205,94,111
2019-05-05,152,80,72
2019-05-05,115,61,54
2019-05-05,96,50,46
2019-05-05,47,19,28
2019-05-05,18,7,11
2019-05-05,7,3,4
2019-05-05,4,0,4
2019-05-05,7,1,6
2019-05-05,8,1,7
2019-05-05,9,4,5
2019-05-05,22,6,16
2019-05-04,27,13,14
2019-05-04,28,8,20
2019-05-04,47,25,22
2019-05-04,83,45,38
2019-05-04,115,53,62
2019-05-04,154,68,86
2019-05-04,201,100,101
2019-05-04,221,112,109
2019-05-04,243,122,121
2019-05-04,229,109,120
2019-05-04,269,134,135
2019-05-04,291,128,163
2019-05-04,184,82,102
2019-05-04,191,94,97
2019-05-04,142,66,76
2019-05-04,107,41,66
2019-05-04,61,29,32
2019-05-04,26,9,17
2019-05-04,7,5,2
2019-05-04,5,1,4
2019-05-04,4,2,2
2019-05-04,5,3,2
2019-05-04,13,10,3
2019-05-04,19,5,14
2019-05-03,38,15,23
2019-05-03,46,23,23
2019-05-03,56,29,27
2019-05-03,104,45,59
2019-05-03,201,84,117
2019-05-03,367,113,254
2019-05-03,601,173,428
2019-05-03,470,125,345
2019-05-03,225,74,151
2019-05-03,129,39,90
2019-05-03,115,58,57
2019-05-03,108,43,65
2019-05-03,116,71,45
2019-05-03,106,43,63
2019-05-03,279,136,143
2019-05-03,536,263,273
2019-05-03,383,183,200
2019-05-03,155,78,77
2019-05-03,37,17,20
2019-05-03,7,5,2
2019-05-03,2,1,1
2019-05-03,4,1,3
2019-05-03,8,4,4
2019-05-03,17,3,14
2019-05-02,20,8,12
2019-05-02,30,14,16
2019-05-02,62,24,38
2019-05-02,117,40,77
2019-05-02,211,82,129
2019-05-02,423,104,319
2019-05-02,741,169,572
2019-05-02,374,114,260
2019-05-02,205,83,122
2019-05-02,106,47,59
2019-05-02,113,51,62
2019-05-02,88,42,46
2019-05-02,114,53,61
2019-05-02,119,45,74
2019-05-02,306,124,182
2019-05-02,635,303,332
2019-05-02,456,222,234
2019-05-02,164,82,82
2019-05-02,54,34,20
2019-05-02,7,5,2
2019-05-02,6,4,2
2019-05-02,3,1,2
2019-05-02,1,0,1
2019-05-02,7,2,5
2019-05-01,22,5,17
2019-05-01,52,15,37
2019-05-01,85,42,43
2019-05-01,122,49,73
2019-05-01,259,90,169
2019-05-01,454,119,335
2019-05-01,812,199,613
2019-05-01,496,134,362
2019-05-01,225,97,128
2019-05-01,154,50,104
2019-05-01,122,56,66
2019-05-01,121,47,74
2019-05-01,102,46,56
2019-05-01,149,75,74
2019-05-01,359,165,194
2019-05-01,719,329,390
2019-05-01,540,277,263
2019-05-01,192,95,97
2019-05-01,50,25,25
2019-05-01,14,9,5
2019-05-01,2,0,2
2019-05-01,4,0,4
2019-05-01,2,2,0
2019-05-01,4,2,2
2019-04-30,24,8,16
2019-04-30,44,15,29
2019-04-30,71,17,54
2019-04-30,149,58,91
2019-04-30,281,106,175
2019-04-30,513,142,371
2019-04-30,801,214,587
2019-04-30,459,113,346
2019-04-30,181,68,113
2019-04-30,147,59,88
2019-04-30,117,39,78
2019-04-30,99,52,47
2019-04-30,102,49,53
2019-04-30,138,64,74
2019-04-30,343,148,195
2019-04-30,717,318,399
2019-04-30,488,234,254
2019-04-30,178,96,82
2019-04-30,52,31,21
2019-04-30,10,7,3
2019-04-30,3,1,2
2019-04-30,1,1,0
2019-04-30,4,2,2
2019-04-30,6,2,4
2019-04-29,21,9,12
2019-04-29,22,12,10
2019-04-29,48,22,26
2019-04-29,86,32,54
2019-04-29,229,71,158
2019-04-29,482,133,349
2019-04-29,801,179,622
2019-04-29,392,99,293
2019-04-29,189,63,126
2019-04-29,141,58,83
2019-04-29,95,49,46
2019-04-29,82,27,55
2019-04-29,94,37,57
2019-04-29,131,60,71
2019-04-29,327,145,182
2019-04-29,709,325,384
2019-04-29,441,219,222
2019-04-29,159,80,79
2019-04-29,47,27,20
2019-04-29,10,7,3
2019-04-29,4,1,3
2019-04-29,2,2,0
2019-04-29,1,0,1
2019-04-29,3,1,2
2019-04-28,10,3,7
2019-04-28,16,7,9
2019-04-28,35,20,15
2019-04-28,43,16,27
2019-04-28,65,25,40
2019-04-28,142,75,67
2019-04-28,191,85,106
2019-04-28,210,107,103
2019-04-28,258,138,120
2019-04-28,250,128,122
2019-04-28,230,91,139
2019-04-28,230,100,130
2019-04-28,192,103,89
2019-04-28,133,71,62
2019-04-28,93,43,50
2019-04-28,66,33,33
2019-04-28,37,17,20
2019-04-28,17,10,7
2019-04-28,9,5,4
2019-04-28,7,0,7
2019-04-28,1,0,1
2019-04-28,3,2,1
2019-04-28,4,0,4
2019-04-28,7,2,5
2019-04-27,24,10,14
2019-04-27,31,11,20
2019-04-27,25,13,12
2019-04-27,46,19,27
2019-04-27,86,36,50
2019-04-27,88,39,49
2019-04-27,76,34,42
2019-04-27,95,42,53
2019-04-27,112,56,56
2019-04-27,130,69,61
2019-04-27,112,56,56
2019-04-27,140,45,95
2019-04-27,144,62,82
2019-04-27,113,58,55
2019-04-27,93,45,48
2019-04-27,91,36,55
2019-04-27,43,23,20
2019-04-27,18,9,9
2019-04-27,12,8,4
2019-04-27,1,0,1
2019-04-27,4,4,0
2019-04-27,3,1,2
2019-04-27,6,4,2
2019-04-27,26,6,20
2019-04-26,29,12,17
2019-04-26,51,20,31
2019-04-26,46,14,32
2019-04-26,75,22,53
2019-04-26,149,56,93
2019-04-26,328,94,234
2019-04-26,594,151,443
2019-04-26,427,128,299
2019-04-26,214,88,126
2019-04-26,125,49,76
2019-04-26,112,52,60
2019-04-26,117,41,76
2019-04-26,105,52,53
2019-04-26,116,52,64
2019-04-26,291,131,160
2019-04-26,505,225,280
2019-04-26,356,182,174
2019-04-26,131,63,68
2019-04-26,34,22,12
2019-04-26,12,8,4
2019-04-26,5,1,4
2019-04-26,1,0,1
2019-04-26,7,0,7
2019-04-26,9,2,7
2019-04-25,24,7,17
2019-04-25,38,15,23
2019-04-25,63,26,37
2019-04-25,99,27,72
2019-04-25,163,53,110
2019-04-25,381,105,276
2019-04-25,633,148,485
2019-04-25,325,93,232
2019-04-25,196,71,125
2019-04-25,105,38,67
2019-04-25,111,53,58
2019-04-25,87,35,52
2019-04-25,91,41,50
2019-04-25,114,51,63
2019-04-25,294,136,158
2019-04-25,594,270,324
2019-04-25,438,215,223
2019-04-25,143,82,61
2019-04-25,34,25,9
2019-04-25,12,8,4
2019-04-25,4,4,0
2019-04-25,5,1,4
2019-04-25,4,1,3
2019-04-25,12,5,7
2019-04-24,25,13,12
2019-04-24,58,18,40
2019-04-24,68,30,38
2019-04-24,113,33,80
2019-04-24,262,94,168
2019-04-24,456,148,308
2019-04-24,710,171,539
2019-04-24,387,114,273
2019-04-24,182,80,102
2019-04-24,121,46,75
2019-04-24,110,47,63
2019-04-24,111,62,49
2019-04-24,94,53,41
2019-04-24,130,58,72
2019-04-24,315,148,167
2019-04-24,576,260,316
2019-04-24,470,237,233
2019-04-24,170,83,87
2019-04-24,45,29,16
2019-04-24,14,10,4
2019-04-24,4,2,2
2019-04-24,1,1,0
2019-04-24,0,0,0
2019-04-24,9,4,5
2019-04-23,15,4,11
2019-04-23,26,8,18
2019-04-23,46,18,28
2019-04-23,95,32,63
2019-04-23,198,60,138
2019-04-23,436,113,323
2019-04-23,616,128,488
2019-04-23,355,94,261
2019-04-23,165,66,99
2019-04-23,78,29,49
2019-04-23,77,31,46
2019-04-23,68,26,42
2019-04-23,86,37,49
2019-04-23,95,43,52
2019-04-23,258,117,141
2019-04-23,573,277,296
2019-04-23,420,209,211
2019-04-23,144,77,67
2019-04-23,34,23,11
2019-04-23,9,4,5
2019-04-23,6,2,4
2019-04-23,2,0,2
2019-04-23,8,3,5
2019-04-23,2,1,1
2019-04-22,12,5,7
2019-04-22,25,12,13
2019-04-22,38,16,22
2019-04-22,47,18,29
2019-04-22,126,36,90
2019-04-22,302,61,241
2019-04-22,467,106,361
2019-04-22,253,58,195
2019-04-22,119,41,78
2019-04-22,74,28,46
2019-04-22,66,30,36
2019-04-22,67,26,41
2019-04-22,62,29,33
2019-04-22,91,52,39
2019-04-22,249,107,142
2019-04-22,469,220,249
2019-04-22,321,157,164
2019-04-22,137,74,63
2019-04-22,32,21,11
2019-04-22,5,2,3
2019-04-22,2,1,1
2019-04-22,2,0,2
2019-04-22,2,0,2
2019-04-22,7,5,2
2019-04-21,13,5,8
2019-04-21,12,8,4
2019-04-21,12,3,9
2019-04-21,31,13,18
2019-04-21,53,26,27
2019-04-21,114,47,67
2019-04-21,126,61,65
2019-04-21,146,69,77
2019-04-21,168,84,84
2019-04-21,153,62,91
2019-04-21,150,71,79
2019-04-21,173,81,92
2019-04-21,109,44,65
2019-04-21,100,51,49
2019-04-21,77,26,51
2019-04-21,40,17,23
2019-04-21,26,9,17
2019-04-21,14,8,6
2019-04-21,2,0,2
2019-04-21,2,0,2
2019-04-21,7,3,4
2019-04-21,6,2,4
2019-04-21,8,1,7
2019-04-21,18,7,11
2019-04-20,25,11,14
2019-04-20,22,12,10
2019-04-20,43,17,26
2019-04-20,44,22,22
2019-04-20,100,51,49
2019-04-20,128,59,69
2019-04-20,144,72,72
2019-04-20,206,111,95
2019-04-20,215,82,133
2019-04-20,203,92,111
2019-04-20,190,82,108
2019-04-20,150,63,87
2019-04-20,125,49,76
2019-04-20,147,67,80
2019-04-20,81,64,17
2019-04-20,85,36,49
2019-04-20,58,21,37
2019-04-20,21,10,11
2019-04-20,3,2,1
2019-04-20,4,2,2
2019-04-20,5,1,4
2019-04-20,4,2,2
2019-04-20,17,6,11
2019-04-20,16,9,7
2019-04-19,17,5,12
2019-04-19,18,4,14
2019-04-19,20,5,15
2019-04-19,40,5,35
2019-04-19,65,13,52
2019-04-19,178,57,121
2019-04-19,310,57,253
2019-04-19,221,43,178
2019-04-19,103,40,63
2019-04-19,78,28,50
2019-04-19,60,21,39
2019-04-19,50,24,26
2019-04-19,76,35,41
2019-04-19,89,38,51
2019-04-19,182,76,106
2019-04-19,341,158,183
2019-04-19,236,115,121
2019-04-19,88,40,48
2019-04-19,29,18,11
2019-04-19,4,2,2
2019-04-19,1,0,1
2019-04-19,4,1,3
2019-04-19,4,1,3
2019-04-19,7,4,3
2019-04-18,14,6,8
2019-04-18,21,13,8
2019-04-18,42,13,29
2019-04-18,56,21,35
2019-04-18,106,32,74
2019-04-18,260,66,194
2019-04-18,440,101,339
2019-04-18,234,66,168
2019-04-18,131,60,71
2019-04-18,79,27,52
2019-04-18,75,39,36
2019-04-18,57,26,31
2019-04-18,64,32,32
2019-04-18,87,37,50
2019-04-18,189,90,99
2019-04-18,397,180,217
2019-04-18,252,118,134
2019-04-18,105,60,45
2019-04-18,36,22,14
2019-04-18,7,3,4
2019-04-18,4,1,3
2019-04-18,3,2,1
2019-04-18,2,1,1
2019-04-18,6,3,3
2019-04-17,15,4,11
2019-04-17,39,20,19
2019-04-17,59,26,33
2019-04-17,96,30,66
2019-04-17,184,61,123
2019-04-17,437,138,299
2019-04-17,598,147,451
2019-04-17,355,90,265
2019-04-17,118,53,65
2019-04-17,95,40,55
2019-04-17,77,36,41
2019-04-17,82,40,42
2019-04-17,58,24,34
2019-04-17,89,42,47
2019-04-17,274,130,144
2019-04-17,533,241,292
2019-04-17,396,183,213
2019-04-17,124,66,58
2019-04-17,32,14,18
2019-04-17,12,5,7
2019-04-17,3,0,3
2019-04-17,2,1,1
2019-04-17,5,2,3
2019-04-17,5,2,3
2019-04-16,12,3,9
2019-04-16,10,5,5
2019-04-16,33,10,23
2019-04-16,64,19,45
2019-04-16,105,29,76
2019-04-16,348,95,253
2019-04-16,616,143,473
2019-04-16,325,86,239
2019-04-16,164,65,99
2019-04-16,81,27,54
2019-04-16,82,35,47
2019-04-16,71,40,31
2019-04-16,68,26,42
2019-04-16,120,62,58
2019-04-16,303,134,169
2019-04-16,574,279,295
2019-04-16,402,206,196
2019-04-16,164,87,77
2019-04-16,35,19,16
2019-04-16,9,3,6
2019-04-16,4,1,3
2019-04-16,3,3,0
2019-04-16,2,1,1
2019-04-16,4,0,4
2019-04-15,18,8,10
2019-04-15,21,8,13
2019-04-15,38,20,18
2019-04-15,68,28,40
2019-04-15,165,47,118
2019-04-15,403,119,284
2019-04-15,685,150,535
2019-04-15,333,94,239
2019-04-15,152,57,95
2019-04-15,91,37,54
2019-04-15,88,40,48
2019-04-15,96,47,49
2019-04-15,87,36,51
2019-04-15,105,58,47
2019-04-15,286,127,159
2019-04-15,576,283,293
2019-04-15,371,188,183
2019-04-15,130,72,58
2019-04-15,34,21,13
2019-04-15,8,5,3
2019-04-15,4,2,2
2019-04-15,1,1,0
2019-04-15,0,0,0
2019-04-15,2,2,0
2019-04-14,7,1,6
2019-04-14,12,8,4
2019-04-14,16,7,9
2019-04-14,10,5,5
2019-04-14,29,14,15
2019-04-14,36,16,20
2019-04-14,60,30,30
2019-04-14,62,25,37
2019-04-14,87,46,41
2019-04-14,95,46,49
2019-04-14,120,66,54
2019-04-14,99,47,52
2019-04-14,105,56,49
2019-04-14,87,45,42
2019-04-14,59,24,35
2019-04-14,42,10,32
2019-04-14,17,9,8
2019-04-14,11,2,9
2019-04-14,3,2,1
2019-04-14,2,0,2
2019-04-14,2,1,1
2019-04-14,5,4,1
2019-04-14,8,5,3
2019-04-14,11,6,5
2019-04-13,13,5,8
2019-04-13,21,11,10
2019-04-13,25,6,19
2019-04-13,18,11,7
2019-04-13,51,17,34
2019-04-13,67,32,35
2019-04-13,72,33,39
2019-04-13,41,16,25
2019-04-13,80,32,48
2019-04-13,79,35,44
2019-04-13,40,20,20
2019-04-13,58,31,27
2019-04-13,53,29,24
2019-04-13,45,22,23
2019-04-13,31,16,15
2019-04-13,23,9,14
2019-04-13,22,11,11
2019-04-13,8,4,4
2019-04-13,5,1,4
2019-04-13,4,2,2
2019-04-13,3,1,2
2019-04-13,9,3,6
2019-04-13,12,4,8
2019-04-13,17,10,7
2019-04-12,31,10,21
2019-04-12,22,11,11
2019-04-12,44,14,30
2019-04-12,74,27,47
2019-04-12,124,54,70
2019-04-12,295,86,209
2019-04-12,470,138,332
2019-04-12,309,117,192
2019-04-12,193,69,124
2019-04-12,117,49,68
2019-04-12,87,36,51
2019-04-12,69,37,32
2019-04-12,82,37,45
2019-04-12,97,55,42
2019-04-12,221,104,117
2019-04-12,340,160,180
2019-04-12,256,129,127
2019-04-12,77,45,32
2019-04-12,17,8,9
2019-04-12,9,5,4
2019-04-12,1,0,1
2019-04-12,2,0,2
2019-04-12,1,0,1
2019-04-12,3,2,1
2019-04-11,30,23,7
2019-04-11,25,9,16
2019-04-11,31,9,22
2019-04-11,64,19,45
2019-04-11,115,46,69
2019-04-11,273,76,197
2019-04-11,366,91,275
2019-04-11,200,53,147
2019-04-11,99,40,59
2019-04-11,43,21,22
2019-04-11,42,21,21
2019-04-11,51,28,23
2019-04-11,48,17,31
2019-04-11,71,35,36
2019-04-11,193,86,107
2019-04-11,335,154,181
2019-04-11,220,108,112
2019-04-11,70,39,31
2019-04-11,22,11,11
2019-04-11,10,7,3
2019-04-11,1,0,1
2019-04-11,1,0,1
2019-04-11,3,2,1
2019-04-11,4,2,2
2019-04-10,5,2,3
2019-04-10,24,11,13
2019-04-10,30,9,21
2019-04-10,61,26,35
2019-04-10,105,38,67
2019-04-10,288,72,216
2019-04-10,461,117,344
2019-04-10,230,46,184
2019-04-10,102,36,66
2019-04-10,42,16,26
2019-04-10,64,35,29
2019-04-10,63,36,27
2019-04-10,50,16,34
2019-04-10,85,38,47
2019-04-10,255,101,154
2019-04-10,422,202,220
2019-04-10,301,155,146
2019-04-10,98,51,47
2019-04-10,29,12,17
2019-04-10,9,3,6
2019-04-10,5,2,3
2019-04-10,2,2,0
2019-04-10,2,1,1
2019-04-10,6,5,1
2019-04-09,14,6,8
2019-04-09,30,14,16
2019-04-09,51,20,31
2019-04-09,73,26,47
2019-04-09,191,69,122
2019-04-09,368,76,292
2019-04-09,560,167,393
2019-04-09,290,71,219
2019-04-09,172,60,112
2019-04-09,64,31,33
2019-04-09,69,25,44
2019-04-09,65,28,37
2019-04-09,64,27,37
2019-04-09,92,31,61
2019-04-09,277,136,141
2019-04-09,461,220,241
2019-04-09,351,164,187
2019-04-09,108,58,50
2019-04-09,24,14,10
2019-04-09,11,4,7
2019-04-09,1,0,1
2019-04-09,3,1,2
2019-04-09,3,1,2
2019-04-09,5,3,2
2019-04-08,11,6,5
2019-04-08,18,10,8
2019-04-08,42,19,23
2019-04-08,57,18,39
2019-04-08,134,37,97
2019-04-08,261,60,201
2019-04-08,462,118,344
2019-04-08,247,63,184
2019-04-08,113,47,66
2019-04-08,65,35,30
2019-04-08,56,28,28
2019-04-08,45,19,26
2019-04-08,50,22,28
2019-04-08,72,28,44
2019-04-08,213,91,122
2019-04-08,422,203,219
2019-04-08,291,135,156
2019-04-08,95,54,41
2019-04-08,30,17,13
2019-04-08,9,4,5
2019-04-08,2,1,1
2019-04-08,0,0,0
2019-04-08,1,1,0
2019-04-08,3,2,1
2019-04-07,15,6,9
2019-04-07,10,5,5
2019-04-07,11,6,5
2019-04-07,24,13,11
2019-04-07,41,18,23
2019-04-07,74,26,48
2019-04-07,87,40,47
2019-04-07,154,80,74
2019-04-07,114,71,43
2019-04-07,116,59,57
2019-04-07,117,45,72
2019-04-07,114,53,61
2019-04-07,94,42,52
2019-04-07,57,24,33
2019-04-07,70,33,37
2019-04-07,58,19,39
2019-04-07,19,8,11
2019-04-07,10,6,4
2019-04-07,2,1,1
2019-04-07,7,1,6
2019-04-07,1,0,1
2019-04-07,1,0,1
2019-04-07,5,3,2
2019-04-07,5,3,2
2019-04-06,10,6,4
2019-04-06,13,4,9
2019-04-06,20,11,9
2019-04-06,22,12,10
2019-04-06,32,18,14
2019-04-06,43,22,21
2019-04-06,48,21,27
2019-04-06,63,23,40
2019-04-06,51,21,30
2019-04-06,53,27,26
2019-04-06,64,28,36
2019-04-06,76,35,41
2019-04-06,57,36,21
2019-04-06,37,13,24
2019-04-06,26,14,12
2019-04-06,33,13,20
2019-04-06,16,7,9
2019-04-06,10,5,5
2019-04-06,2,0,2
2019-04-06,4,1,3
2019-04-06,2,0,2
2019-04-06,5,3,2
2019-04-06,15,6,9
2019-04-06,9,6,3
2019-04-05,13,6,7
2019-04-05,21,11,10
2019-04-05,24,12,12
2019-04-05,41,17,24
2019-04-05,108,33,75
2019-04-05,227,60,167
2019-04-05,416,99,317
2019-04-05,229,47,182
2019-04-05,81,23,58
2019-04-05,34,13,21
2019-04-05,34,15,19
2019-04-05,37,16,21
2019-04-05,69,28,41
2019-04-05,82,29,53
2019-04-05,223,100,123
2019-04-05,366,168,198
2019-04-05,269,129,140
2019-04-05,72,31,41
2019-04-05,25,11,14
2019-04-05,6,4,2
2019-04-05,3,0,3
2019-04-05,1,0,1
2019-04-05,2,1,1
2019-04-05,3,2,1
2019-04-04,21,7,14
2019-04-04,28,14,14
2019-04-04,51,19,32
2019-04-04,71,15,56
2019-04-04,174,55,119
2019-04-04,449,123,326
2019-04-04,661,160,501
2019-04-04,378,117,261
2019-04-04,168,67,101
2019-04-04,109,51,58
2019-04-04,104,51,53
2019-04-04,114,54,60
2019-04-04,107,56,51
2019-04-04,131,54,77
2019-04-04,280,120,160
2019-04-04,614,275,339
2019-04-04,407,224,183
2019-04-04,129,74,55
2019-04-04,39,21,18
2019-04-04,8,5,3
2019-04-04,3,2,1
2019-04-04,2,1,1
2019-04-04,3,0,3
2019-04-04,5,3,2
2019-04-03,15,6,9
2019-04-03,21,9,12
2019-04-03,51,20,31
2019-04-03,75,32,43
2019-04-03,136,54,82
2019-04-03,322,66,256
2019-04-03,560,142,418
2019-04-03,258,61,197
2019-04-03,140,52,88
2019-04-03,70,21,49
2019-04-03,72,40,32
2019-04-03,53,25,28
2019-04-03,58,27,31
2019-04-03,81,35,46
2019-04-03,216,96,120
2019-04-03,490,219,271
2019-04-03,381,191,190
2019-04-03,119,65,54
2019-04-03,30,11,19
2019-04-03,14,9,5
2019-04-03,3,1,2
2019-04-03,3,2,1
2019-04-03,5,3,2
2019-04-03,11,5,6
2019-04-02,14,7,7
2019-04-02,37,11,26
2019-04-02,63,28,35
2019-04-02,98,29,69
2019-04-02,173,64,109
2019-04-02,494,111,383
2019-04-02,737,181,556
2019-04-02,405,98,307
2019-04-02,189,78,111
2019-04-02,103,49,54
2019-04-02,122,59,63
2019-04-02,96,42,54
2019-04-02,96,51,45
2019-04-02,150,66,84
2019-04-02,311,140,171
2019-04-02,666,310,356
2019-04-02,484,248,236
2019-04-02,146,80,66
2019-04-02,39,18,21
2019-04-02,15,7,8
2019-04-02,5,3,2
2019-04-02,4,3,1
2019-04-02,7,6,1
2019-04-02,7,6,1
2019-04-01,16,5,11
2019-04-01,34,15,19
2019-04-01,52,26,26
2019-04-01,93,38,55
2019-04-01,190,64,126
2019-04-01,497,140,357
2019-04-01,750,174,576
2019-04-01,380,91,289
2019-04-01,186,73,113
2019-04-01,99,45,54
2019-04-01,102,45,57
2019-04-01,98,37,61
2019-04-01,99,46,53
2019-04-01,121,46,75
2019-04-01,307,131,176
2019-04-01,645,312,333
2019-04-01,452,234,218
2019-04-01,143,67,76
2019-04-01,35,23,12
2019-04-01,11,4,7
2019-04-01,3,1,2
2019-04-01,4,3,1
2019-04-01,6,4,2
2019-04-01,8,5,3
2019-03-31,16,6,10
2019-03-31,21,7,14
2019-03-31,33,18,15
2019-03-31,57,26,31
2019-03-31,88,30,58
2019-03-31,162,73,89
2019-03-31,205,99,106
2019-03-31,211,106,105
2019-03-31,251,130,121
2019-03-31,238,110,128
2019-03-31,251,129,122
2019-03-31,241,115,126
2019-03-31,188,98,90
2019-03-31,149,72,77
2019-03-31,98,50,48
2019-03-31,67,35,32
2019-03-31,29,8,21
2019-03-31,15,5,10
2019-03-31,3,0,3
2019-03-31,5,1,4
2019-03-31,4,2,2
2019-03-31,6,2,4
2019-03-31,10,5,5
2019-03-31,16,7,9
2019-03-30,19,2,17
2019-03-30,28,14,14
2019-03-30,44,21,23
2019-03-30,48,23,25
2019-03-30,101,48,53
2019-03-30,145,71,74
2019-03-30,210,108,102
2019-03-30,253,128,125
2019-03-30,290,144,146
2019-03-30,245,127,118
2019-03-30,300,144,156
2019-03-30,226,121,105
2019-03-30,175,87,88
2019-03-30,143,73,70
2019-03-30,117,49,68
2019-03-30,76,31,45
2019-03-30,36,15,21
2019-03-30,25,10,15
2019-03-30,3,0,3
2019-03-30,8,2,6
2019-03-30,7,3,4
2019-03-30,7,4,3
2019-03-30,11,8,3
2019-03-30,20,6,14
2019-03-29,38,11,27
2019-03-29,31,14,17
2019-03-29,44,18,26
2019-03-29,87,37,50
2019-03-29,158,57,101
2019-03-29,292,89,203
2019-03-29,558,117,441
2019-03-29,339,85,254
2019-03-29,189,81,108
2019-03-29,124,53,71
2019-03-29,116,58,58
2019-03-29,121,51,70
2019-03-29,110,62,48
2019-03-29,126,67,59
2019-03-29,266,117,149
2019-03-29,485,257,228
2019-03-29,348,170,178
2019-03-29,96,52,44
2019-03-29,29,15,14
2019-03-29,10,2,8
2019-03-29,3,0,3
2019-03-29,3,1,2
2019-03-29,4,1,3
2019-03-29,11,5,6
2019-03-28,24,8,16
2019-03-28,33,12,21
2019-03-28,58,19,39
2019-03-28,92,28,64
2019-03-28,182,55,127
2019-03-28,372,115,257
2019-03-28,617,161,456
2019-03-28,358,97,261
2019-03-28,183,67,116
2019-03-28,124,58,66
2019-03-28,94,45,49
2019-03-28,94,41,53
2019-03-28,105,53,52
2019-03-28,115,49,66
2019-03-28,261,120,141
2019-03-28,539,252,287
2019-03-28,352,186,166
2019-03-28,129,64,65
2019-03-28,40,17,23
2019-03-28,6,3,3
2019-03-28,4,2,2
2019-03-28,2,1,1
2019-03-28,2,0,2
2019-03-28,4,2,2
2019-03-27,15,7,8
2019-03-27,23,8,15
2019-03-27,62,22,40
2019-03-27,71,30,41
2019-03-27,191,49,142
2019-03-27,375,96,279
2019-03-27,693,182,511
2019-03-27,301,76,225
2019-03-27,130,55,75
2019-03-27,95,25,70
2019-03-27,86,38,48
2019-03-27,95,48,47
2019-03-27,98,44,54
2019-03-27,116,55,61
2019-03-27,299,139,160
2019-03-27,552,282,270
2019-03-27,385,196,189
2019-03-27,139,70,69
2019-03-27,35,20,15
2019-03-27,10,4,6
2019-03-27,4,2,2
2019-03-27,1,0,1
2019-03-27,5,0,5
2019-03-27,9,3,6
2019-03-26,21,8,13
2019-03-26,18,7,11
2019-03-26,64,30,34
2019-03-26,84,29,55
2019-03-26,177,67,110
2019-03-26,427,118,309
2019-03-26,625,150,475
2019-03-26,353,108,245
2019-03-26,178,73,105
2019-03-26,105,47,58
2019-03-26,96,40,56
2019-03-26,86,39,47
2019-03-26,63,31,32
2019-03-26,102,51,51
2019-03-26,292,128,164
2019-03-26,532,258,274
2019-03-26,358,172,186
2019-03-26,114,60,54
2019-03-26,30,17,13
2019-03-26,8,5,3
2019-03-26,1,0,1
2019-03-26,2,1,1
2019-03-26,4,1,3
2019-03-26,2,0,2
2019-03-25,11,3,8
2019-03-25,11,6,5
2019-03-25,28,8,20
2019-03-25,30,14,16
2019-03-25,96,26,70
2019-03-25,258,47,211
2019-03-25,465,103,362
2019-03-25,293,69,224
2019-03-25,135,51,84
2019-03-25,75,26,49
2019-03-25,76,35,41
2019-03-25,81,43,38
2019-03-25,71,36,35
2019-03-25,97,45,52
2019-03-25,234,111,123
2019-03-25,508,251,257
2019-03-25,320,150,170
2019-03-25,112,59,53
2019-03-25,34,21,13
2019-03-25,11,7,4
2019-03-25,1,0,1
2019-03-25,3,1,2
2019-03-25,1,0,1
2019-03-25,6,2,4
2019-03-24,4,1,3
2019-03-24,11,5,6
2019-03-24,27,11,16
2019-03-24,34,16,18
2019-03-24,56,25,31
2019-03-24,96,43,53
2019-03-24,118,55,63
2019-03-24,153,90,63
2019-03-24,178,85,93
2019-03-24,188,79,109
2019-03-24,186,84,102
2019-03-24,167,82,85
2019-03-24,158,81,77
2019-03-24,108,61,47
2019-03-24,91,37,54
2019-03-24,58,27,31
2019-03-24,23,12,11
2019-03-24,11,6,5
2019-03-24,4,1,3
2019-03-24,2,0,2
2019-03-24,0,0,0
2019-03-24,9,6,3
2019-03-24,7,2,5
2019-03-24,17,8,9
2019-03-23,30,5,25
2019-03-23,32,18,14
2019-03-23,33,20,13
2019-03-23,39,20,19
2019-03-23,79,41,38
2019-03-23,131,77,54
2019-03-23,152,72,80
2019-03-23,182,92,90
2019-03-23,194,82,112
2019-03-23,179,87,92
2019-03-23,168,62,106
2019-03-23,178,62,116
2019-03-23,138,64,74
2019-03-23,78,48,30
2019-03-23,83,40,43
2019-03-23,48,23,25
2019-03-23,30,11,19
2019-03-23,21,10,11
2019-03-23,2,1,1
2019-03-23,1,0,1
2019-03-23,0,0,0
2019-03-23,2,1,1
2019-03-23,6,5,1
2019-03-23,13,4,9
2019-03-22,16,7,9
2019-03-22,32,3,29
2019-03-22,32,8,24
2019-03-22,53,12,41
2019-03-22,86,23,63
2019-03-22,249,81,168
2019-03-22,428,93,335
2019-03-22,290,73,217
2019-03-22,196,67,129
2019-03-22,127,69,58
2019-03-22,102,46,56
2019-03-22,102,44,58
2019-03-22,113,48,65
2019-03-22,104,54,50
2019-03-22,257,119,138
2019-03-22,421,208,213
2019-03-22,304,151,153
2019-03-22,99,50,49
2019-03-22,23,13,10
2019-03-22,5,2,3
2019-03-22,1,1,0
2019-03-22,5,3,2
2019-03-22,2,0,2
2019-03-22,8,4,4
2019-03-21,19,6,13
2019-03-21,33,8,25
2019-03-21,69,22,47
2019-03-21,88,36,52
2019-03-21,182,59,123
2019-03-21,441,124,317
2019-03-21,668,153,515
2019-03-21,333,84,249
2019-03-21,161,46,115
2019-03-21,112,39,73
2019-03-21,92,39,53
2019-03-21,78,31,47
2019-03-21,104,49,55
2019-03-21,111,45,66
2019-03-21,312,137,175
2019-03-21,578,270,308
2019-03-21,408,198,210
2019-03-21,129,71,58
2019-03-21,38,19,19
2019-03-21,9,7,2
2019-03-21,2,0,2
2019-03-21,1,0,1
2019-03-21,3,0,3
2019-03-21,8,1,7
2019-03-20,24,4,20
2019-03-20,40,16,24
2019-03-20,67,26,41
2019-03-20,124,47,77
2019-03-20,226,85,141
2019-03-20,576,173,403
2019-03-20,811,176,635
2019-03-20,453,104,349
2019-03-20,208,79,129
2019-03-20,120,51,69
2019-03-20,122,54,68
2019-03-20,136,61,75
2019-03-20,107,62,45
2019-03-20,137,73,64
2019-03-20,322,129,193
2019-03-20,669,317,352
2019-03-20,458,243,215
2019-03-20,155,80,75
2019-03-20,46,23,23
2019-03-20,7,6,1
2019-03-20,6,0,6
2019-03-20,4,1,3
2019-03-20,4,1,3
2019-03-20,9,6,3
2019-03-19,15,6,9
2019-03-19,50,15,35
2019-03-19,72,21,51
2019-03-19,133,56,77
2019-03-19,251,102,149
2019-03-19,543,175,368
2019-03-19,826,207,619
2019-03-19,456,115,341
2019-03-19,234,86,148
2019-03-19,159,58,101
2019-03-19,133,71,62
2019-03-19,116,48,68
2019-03-19,126,60,66
2019-03-19,134,51,83
2019-03-19,350,162,188
2019-03-19,693,341,352
2019-03-19,447,219,228
2019-03-19,148,77,71
2019-03-19,45,20,25
2019-03-19,9,5,4
2019-03-19,1,1,0
2019-03-19,3,0,3
2019-03-19,1,0,1
2019-03-19,5,1,4
2019-03-18,13,4,9
2019-03-18,14,2,12
2019-03-18,47,24,23
2019-03-18,95,43,52
2019-03-18,225,66,159
2019-03-18,460,134,326
2019-03-18,782,180,602
2019-03-18,434,118,316
2019-03-18,180,68,112
2019-03-18,132,62,70
2019-03-18,108,43,65
2019-03-18,103,48,55
2019-03-18,81,35,46
2019-03-18,144,54,90
2019-03-18,307,144,163
2019-03-18,620,289,331
2019-03-18,365,197,168
2019-03-18,137,73,64
2019-03-18,47,25,22
2019-03-18,10,5,5
2019-03-18,3,1,2
2019-03-18,1,0,1
2019-03-18,0,0,0
2019-03-18,8,3,5
2019-03-17,11,3,8
2019-03-17,5,2,3
2019-03-17,25,10,15
2019-03-17,25,11,14
2019-03-17,62,28,34
2019-03-17,112,47,65
2019-03-17,164,85,79
2019-03-17,228,117,111
2019-03-17,240,109,131
2019-03-17,272,115,157
2019-03-17,297,121,176
2019-03-17,219,96,123
2019-03-17,200,101,99
2019-03-17,125,61,64
2019-03-17,116,62,54
2019-03-17,54,31,23
2019-03-17,27,12,15
2019-03-17,9,5,4
2019-03-17,7,1,6
2019-03-17,4,1,3
2019-03-17,1,1,0
2019-03-17,8,5,3
2019-03-17,10,7,3
2019-03-17,13,5,8
2019-03-16,18,6,12
2019-03-16,32,7,25
2019-03-16,24,16,8
2019-03-16,49,15,34
2019-03-16,72,34,38
2019-03-16,104,49,55
2019-03-16,142,58,84
2019-03-16,187,85,102
2019-03-16,222,79,143
2019-03-16,210,92,118
2019-03-16,178,76,102
2019-03-16,167,92,75
2019-03-16,121,59,62
2019-03-16,90,47,43
2019-03-16,86,38,48
2019-03-16,56,26,30
2019-03-16,35,15,20
2019-03-16,10,5,5
2019-03-16,10,2,8
2019-03-16,2,1,1
2019-03-16,1,1,0
2019-03-16,5,3,2
2019-03-16,7,1,6
2019-03-16,12,3,9
2019-03-15,24,8,16
2019-03-15,33,16,17
2019-03-15,34,21,13
2019-03-15,62,24,38
2019-03-15,102,34,68
2019-03-15,260,65,195
2019-03-15,503,129,374
2019-03-15,308,87,221
2019-03-15,174,70,104
2019-03-15,126,54,72
2019-03-15,102,42,60
2019-03-15,82,30,52
2019-03-15,86,43,43
2019-03-15,96,41,55
2019-03-15,238,119,119
2019-03-15,408,204,204
2019-03-15,247,128,119
2019-03-15,86,51,35
2019-03-15,34,15,19
2019-03-15,6,2,4
2019-03-15,2,0,2
2019-03-15,2,1,1
2019-03-15,2,0,2
2019-03-15,4,0,4
2019-03-14,26,10,16
2019-03-14,34,17,17
2019-03-14,38,17,21
2019-03-14,83,37,46
2019-03-14,146,39,107
2019-03-14,307,82,225
2019-03-14,496,116,380
2019-03-14,268,81,187
2019-03-14,134,48,86
2019-03-14,93,45,48
2019-03-14,78,33,45
2019-03-14,58,28,30
2019-03-14,83,36,47
2019-03-14,93,39,54
2019-03-14,248,109,139
2019-03-14,466,227,239
2019-03-14,270,143,127
2019-03-14,95,47,48
2019-03-14,42,23,19
2019-03-14,9,6,3
2019-03-14,5,2,3
2019-03-14,2,0,2
2019-03-14,2,0,2
2019-03-14,4,1,3
2019-03-13,12,6,6
2019-03-13,30,12,18
2019-03-13,46,13,33
2019-03-13,79,32,47
2019-03-13,164,48,116
2019-03-13,354,106,248
2019-03-13,514,139,375
2019-03-13,285,66,219
2019-03-13,126,44,82
2019-03-13,69,34,35
2019-03-13,62,25,37
2019-03-13,80,41,39
2019-03-13,60,25,35
2019-03-13,93,39,54
2019-03-13,228,103,125
2019-03-13,407,185,222
2019-03-13,270,135,135
2019-03-13,111,60,51
2019-03-13,36,14,22
2019-03-13,6,3,3
2019-03-13,2,1,1
2019-03-13,1,1,0
2019-03-13,0,0,0
2019-03-13,4,1,3
2019-03-12,7,3,4
2019-03-12,21,7,14
2019-03-12,31,11,20
2019-03-12,59,16,43
2019-03-12,118,37,81
2019-03-12,303,89,214
2019-03-12,368,95,273
2019-03-12,173,37,136
2019-03-12,69,27,42
2019-03-12,41,16,25
2019-03-12,31,14,17
2019-03-12,29,13,16
2019-03-12,40,13,27
2019-03-12,66,29,37
2019-03-12,193,81,112
2019-03-12,343,175,168
2019-03-12,223,116,107
2019-03-12,68,39,29
2019-03-12,18,8,10
2019-03-12,8,3,5
2019-03-12,0,0,0
2019-03-12,0,0,0
2019-03-12,0,0,0
2019-03-12,0,0,0
2019-03-11,11,1,10
2019-03-11,8,5,3
2019-03-11,20,10,10
2019-03-11,47,11,36
2019-03-11,111,30,81
2019-03-11,276,70,206
2019-03-11,494,126,368
2019-03-11,252,60,192
2019-03-11,114,46,68
2019-03-11,47,20,27
2019-03-11,64,30,34
2019-03-11,50,29,21
2019-03-11,67,31,36
2019-03-11,91,39,52
2019-03-11,241,100,141
2019-03-11,463,241,222
2019-03-11,268,150,118
2019-03-11,95,55,40
2019-03-11,30,16,14
2019-03-11,5,2,3
2019-03-11,2,0,2
2019-03-11,0,0,0
2019-03-11,6,4,2
2019-03-11,5,2,3
2019-03-10,4,1,3
2019-03-10,6,1,5
2019-03-10,9,5,4
2019-03-10,33,20,13
2019-03-10,39,20,19
2019-03-10,71,38,33
2019-03-10,132,61,71
2019-03-10,156,78,78
2019-03-10,227,105,122
2019-03-10,187,105,82
2019-03-10,167,90,77
2019-03-10,147,73,74
2019-03-10,115,50,65
2019-03-10,65,39,26
2019-03-10,44,20,24
2019-03-10,29,17,12
2019-03-10,15,7,8
2019-03-10,4,2,2
2019-03-10,3,2,1
2019-03-10,2,1,1
2019-03-10,1,0,1
2019-03-10,,,
2019-03-10,2,2,0
2019-03-10,10,1,9
2019-03-09,12,4,8
2019-03-09,13,2,11
2019-03-09,23,6,17
2019-03-09,20,7,13
2019-03-09,40,25,15
2019-03-09,52,21,31
2019-03-09,92,49,43
2019-03-09,144,69,75
2019-03-09,169,84,85
2019-03-09,161,71,90
2019-03-09,156,74,82
2019-03-09,123,80,43
2019-03-09,102,56,46
2019-03-09,68,47,21
2019-03-09,63,27,36
2019-03-09,39,12,27
2019-03-09,13,4,9
2019-03-09,10,5,5
2019-03-09,4,2,2
2019-03-09,5,0,5
2019-03-09,1,0,1
2019-03-09,5,1,4
2019-03-09,6,5,1
2019-03-09,8,1,7
2019-03-08,11,7,4
2019-03-08,18,7,11
2019-03-08,18,5,13
2019-03-08,30,9,21
2019-03-08,79,22,57
2019-03-08,164,50,114
2019-03-08,355,75,280
2019-03-08,191,43,148
2019-03-08,88,41,47
2019-03-08,60,18,42
2019-03-08,42,20,22
2019-03-08,33,13,20
2019-03-08,32,15,17
2019-03-08,53,23,30
2019-03-08,121,50,71
2019-03-08,252,128,124
2019-03-08,217,114,103
2019-03-08,74,38,36
2019-03-08,22,11,11
2019-03-08,4,3,1
2019-03-08,2,0,2
2019-03-08,3,0,3
2019-03-08,2,1,1
2019-03-08,5,0,5
2019-03-07,8,3,5
2019-03-07,24,6,18
2019-03-07,27,7,20
2019-03-07,44,15,29
2019-03-07,69,15,54
2019-03-07,158,46,112
2019-03-07,240,66,174
2019-03-07,131,33,98
2019-03-07,57,22,35
2019-03-07,51,24,27
2019-03-07,35,17,18
2019-03-07,27,13,14
2019-03-07,46,18,28
2019-03-07,46,25,21
2019-03-07,128,60,68
2019-03-07,206,74,132
2019-03-07,115,62,53
2019-03-07,56,33,23
2019-03-07,18,7,11
2019-03-07,9,5,4
2019-03-07,3,1,2
2019-03-07,0,0,0
2019-03-07,5,2,3
2019-03-07,2,1,1
2019-03-06,5,1,4
2019-03-06,18,6,12
2019-03-06,32,11,21
2019-03-06,39,16,23
2019-03-06,102,27,75
2019-03-06,217,50,167
2019-03-06,381,90,291
2019-03-06,166,40,126
2019-03-06,66,20,46
2019-03-06,33,11,22
2019-03-06,40,19,21
2019-03-06,50,27,23
2019-03-06,49,19,30
2019-03-06,71,26,45
2019-03-06,200,85,115
2019-03-06,353,156,197
2019-03-06,295,155,140
2019-03-06,94,54,40
2019-03-06,20,9,11
2019-03-06,11,7,4
2019-03-06,0,0,0
2019-03-06,3,0,3
2019-03-06,1,0,1
2019-03-06,1,0,1
2019-03-05,11,4,7
2019-03-05,31,14,17
2019-03-05,25,12,13
2019-03-05,61,19,42
2019-03-05,125,34,91
2019-03-05,325,88,237
2019-03-05,516,118,398
2019-03-05,268,72,196
2019-03-05,136,55,81
2019-03-05,97,48,49
2019-03-05,76,31,45
2019-03-05,73,35,38
2019-03-05,86,42,44
2019-03-05,108,56,52
2019-03-05,231,100,131
2019-03-05,429,214,215
2019-03-05,305,158,147
2019-03-05,113,65,48
2019-03-05,25,14,11
2019-03-05,9,4,5
2019-03-05,1,1,0
2019-03-05,2,1,1
2019-03-05,0,0,0
2019-03-05,1,0,1
2019-03-04,7,4,3
2019-03-04,14,6,8
2019-03-04,36,12,24
2019-03-04,48,15,33
2019-03-04,122,41,81
2019-03-04,301,85,216
2019-03-04,532,137,395
2019-03-04,258,61,197
2019-03-04,130,49,81
2019-03-04,69,28,41
2019-03-04,69,33,36
2019-03-04,60,25,35
2019-03-04,73,37,36
2019-03-04,90,37,53
2019-03-04,229,101,128
2019-03-04,484,225,259
2019-03-04,282,152,130
2019-03-04,109,70,39
2019-03-04,26,12,14
2019-03-04,8,4,4
2019-03-04,1,1,0
2019-03-04,3,3,0
2019-03-04,1,0,1
2019-03-04,1,0,1
2019-03-03,4,1,3
2019-03-03,5,1,4
2019-03-03,7,2,5
2019-03-03,14,9,5
2019-03-03,23,10,13
2019-03-03,40,20,20
2019-03-03,89,46,43
2019-03-03,141,69,72
2019-03-03,147,73,74
2019-03-03,154,72,82
2019-03-03,154,79,75
2019-03-03,158,85,73
2019-03-03,121,56,65
2019-03-03,80,39,41
2019-03-03,63,26,37
2019-03-03,33,21,12
2019-03-03,17,8,9
2019-03-03,11,5,6
2019-03-03,1,0,1
2019-03-03,1,0,1
2019-03-03,2,0,2
2019-03-03,2,0,2
2019-03-03,1,1,0
2019-03-03,5,1,4
2019-03-02,15,3,12
2019-03-02,16,1,15
2019-03-02,27,7,20
2019-03-02,15,8,7
2019-03-02,30,16,14
2019-03-02,47,29,18
2019-03-02,122,67,55
2019-03-02,125,60,65
2019-03-02,150,74,76
2019-03-02,178,87,91
2019-03-02,179,88,91
2019-03-02,131,62,69
2019-03-02,153,99,54
2019-03-02,106,56,50
2019-03-02,67,40,27
2019-03-02,53,29,24
2019-03-02,28,19,9
2019-03-02,10,3,7
2019-03-02,5,2,3
2019-03-02,3,0,3
2019-03-02,1,0,1
2019-03-02,4,0,4
2019-03-02,7,3,4
2019-03-02,9,4,5
2019-03-01,25,13,12
2019-03-01,27,7,20
2019-03-01,34,13,21
2019-03-01,42,12,30
2019-03-01,87,26,61
2019-03-01,234,66,168
2019-03-01,445,111,334
2019-03-01,254,68,186
2019-03-01,120,41,79
2019-03-01,89,41,48
2019-03-01,81,38,43
2019-03-01,95,50,45
2019-03-01,64,29,35
2019-03-01,93,44,49
2019-03-01,206,84,122
2019-03-01,406,189,217
2019-03-01,247,130,117
2019-03-01,78,42,36
2019-03-01,16,6,10
2019-03-01,8,3,5
2019-03-01,0,0,0
2019-03-01,3,1,2
2019-03-01,2,2,0
2019-03-01,1,1,0
2019-02-28,11,5,6
2019-02-28,31,4,27
2019-02-28,48,16,32
2019-02-28,66,16,50
2019-02-28,98,39,59
2019-02-28,268,70,198
2019-02-28,491,128,363
2019-02-28,227,68,159
2019-02-28,132,48,84
2019-02-28,69,29,40
2019-02-28,68,42,26
2019-02-28,78,43,35
2019-02-28,69,40,29
2019-02-28,65,30,35
2019-02-28,207,79,128
2019-02-28,393,182,211
2019-02-28,282,148,134
2019-02-28,82,43,39
2019-02-28,33,17,16
2019-02-28,7,5,2
2019-02-28,2,1,1
2019-02-28,4,1,3
2019-02-28,4,1,3
2019-02-28,6,1,5
2019-02-27,5,1,4
2019-02-27,28,6,22
2019-02-27,39,18,21
2019-02-27,52,20,32
2019-02-27,110,27,83
2019-02-27,236,62,174
2019-02-27,404,103,301
2019-02-27,217,53,164
2019-02-27,82,29,53
2019-02-27,60,27,33
2019-02-27,40,16,24
2019-02-27,55,27,28
2019-02-27,47,22,25
2019-02-27,75,39,36
2019-02-27,196,93,103
2019-02-27,378,170,208
2019-02-27,261,134,127
2019-02-27,84,46,38
2019-02-27,28,12,16
2019-02-27,6,3,3
2019-02-27,4,3,1
2019-02-27,1,1,0
2019-02-27,3,0,3
2019-02-27,4,0,4
2019-02-26,6,1,5
2019-02-26,18,7,11
2019-02-26,36,17,19
2019-02-26,62,25,37
2019-02-26,115,32,83
2019-02-26,301,70,231
2019-02-26,444,90,354
2019-02-26,226,58,168
2019-02-26,118,54,64
2019-02-26,78,31,47
2019-02-26,56,21,35
2019-02-26,66,30,36
2019-02-26,71,42,29
2019-02-26,91,41,50
2019-02-26,203,89,114
2019-02-26,458,211,247
2019-02-26,318,168,150
2019-02-26,90,50,40
2019-02-26,27,10,17
2019-02-26,9,7,2
2019-02-26,4,4,0
2019-02-26,1,0,1
2019-02-26,0,0,0
2019-02-26,5,1,4
2019-02-25,10,3,7
2019-02-25,17,5,12
2019-02-25,34,21,13
2019-02-25,60,23,37
2019-02-25,110,30,80
2019-02-25,279,85,194
2019-02-25,447,104,343
2019-02-25,233,64,169
2019-02-25,108,45,63
2019-02-25,63,23,40
2019-02-25,60,33,27
2019-02-25,53,28,25
2019-02-25,61,24,37
2019-02-25,87,49,38
2019-02-25,208,94,114
2019-02-25,409,184,225
2019-02-25,281,154,127
2019-02-25,81,50,31
2019-02-25,24,8,16
2019-02-25,10,4,6
2019-02-25,3,1,2
2019-02-25,1,0,1
2019-02-25,2,1,1
2019-02-25,2,0,2
2019-02-24,9,1,8
2019-02-24,11,4,7
2019-02-24,12,5,7
2019-02-24,10,4,6
2019-02-24,27,16,11
2019-02-24,30,12,18
2019-02-24,63,26,37
2019-02-24,80,41,39
2019-02-24,87,24,63
2019-02-24,98,47,51
2019-02-24,126,61,65
2019-02-24,81,37,44
2019-02-24,60,33,27
2019-02-24,32,19,13
2019-02-24,55,31,24
2019-02-24,69,35,34
2019-02-24,38,20,18
2019-02-24,20,13,7
2019-02-24,3,2,1
2019-02-24,1,0,1
2019-02-24,0,0,0
2019-02-24,6,5,1
2019-02-24,6,1,5
2019-02-24,9,6,3
2019-02-23,9,4,5
2019-02-23,10,6,4
2019-02-23,4,3,1
2019-02-23,11,2,9
2019-02-23,11,5,6
2019-02-23,18,8,10
2019-02-23,48,19,29
2019-02-23,60,29,31
2019-02-23,43,22,21
2019-02-23,59,21,38
2019-02-23,62,30,32
2019-02-23,67,31,36
2019-02-23,68,34,34
2019-02-23,48,19,29
2019-02-23,36,14,22
2019-02-23,34,12,22
2019-02-23,23,9,14
2019-02-23,9,7,2
2019-02-23,0,0,0
2019-02-23,5,1,4
2019-02-23,0,0,0
2019-02-23,4,1,3
2019-02-23,5,4,1
2019-02-23,9,6,3
2019-02-22,10,5,5
2019-02-22,23,10,13
2019-02-22,31,11,20
2019-02-22,29,11,18
2019-02-22,73,17,56
2019-02-22,148,46,102
2019-02-22,282,73,209
2019-02-22,139,34,105
2019-02-22,65,17,48
2019-02-22,29,6,23
2019-02-22,30,11,19
2019-02-22,21,6,15
2019-02-22,28,13,15
2019-02-22,49,17,32
2019-02-22,163,78,85
2019-02-22,264,126,138
2019-02-22,177,89,88
2019-02-22,56,35,21
2019-02-22,18,4,14
2019-02-22,9,4,5
2019-02-22,3,3,0
2019-02-22,1,0,1
2019-02-22,1,0,1
2019-02-22,4,2,2
2019-02-21,14,4,10
2019-02-21,36,8,28
2019-02-21,31,15,16
2019-02-21,62,12,50
2019-02-21,94,23,71
2019-02-21,257,74,183
2019-02-21,388,111,277
2019-02-21,227,55,172
2019-02-21,128,49,79
2019-02-21,77,33,44
2019-02-21,73,41,32
2019-02-21,81,30,51
2019-02-21,77,35,42
2019-02-21,95,49,46
2019-02-21,169,70,99
2019-02-21,348,157,191
2019-02-21,223,119,104
2019-02-21,67,35,32
2019-02-21,29,16,13
2019-02-21,7,7,0
2019-02-21,3,1,2
2019-02-21,1,0,1
2019-02-21,3,0,3
2019-02-21,4,1,3
2019-02-20,6,2,4
2019-02-20,26,8,18
2019-02-20,27,11,16
2019-02-20,47,17,30
2019-02-20,82,30,52
2019-02-20,236,65,171
2019-02-20,340,88,252
2019-02-20,179,57,122
2019-02-20,80,32,48
2019-02-20,49,20,29
2019-02-20,35,13,22
2019-02-20,47,23,24
2019-02-20,58,29,29
2019-02-20,60,24,36
2019-02-20,139,61,78
2019-02-20,330,155,175
2019-02-20,221,109,112
2019-02-20,72,37,35
2019-02-20,28,13,15
2019-02-20,5,4,1
2019-02-20,1,1,0
2019-02-20,1,1,0
2019-02-20,1,0,1
2019-02-20,1,0,1
2019-02-19,5,2,3
2019-02-19,9,5,4
2019-02-19,27,13,14
2019-02-19,31,11,20
2019-02-19,88,26,62
2019-02-19,221,52,169
2019-02-19,307,63,244
2019-02-19,176,45,131
2019-02-19,72,20,52
2019-02-19,32,18,14
2019-02-19,38,13,25
2019-02-19,42,20,22
2019-02-19,40,15,25
2019-02-19,59,31,28
2019-02-19,159,62,97
2019-02-19,290,132,158
2019-02-19,229,118,111
2019-02-19,79,43,36
2019-02-19,29,14,15
2019-02-19,6,4,2
2019-02-19,2,1,1
2019-02-19,2,0,2
2019-02-19,0,0,0
2019-02-19,3,0,3
2019-02-18,6,4,2
2019-02-18,13,5,8
2019-02-18,13,6,7
2019-02-18,24,10,14
2019-02-18,50,10,40
2019-02-18,122,30,92
2019-02-18,195,51,144
2019-02-18,110,36,74
2019-02-18,83,35,48
2019-02-18,80,33,47
2019-02-18,50,28,22
2019-02-18,40,21,19
2019-02-18,41,20,21
2019-02-18,56,18,38
2019-02-18,106,40,66
2019-02-18,158,69,89
2019-02-18,91,41,50
2019-02-18,29,15,14
2019-02-18,11,7,4
2019-02-18,5,2,3
2019-02-18,4,4,0
2019-02-18,2,1,1
2019-02-18,2,1,1
2019-02-18,1,1,0
2019-02-17,6,1,5
2019-02-17,9,3,6
2019-02-17,4,2,2
2019-02-17,6,2,4
2019-02-17,19,8,11
2019-02-17,28,14,14
2019-02-17,49,20,29
2019-02-17,79,38,41
2019-02-17,62,32,30
2019-02-17,59,33,26
2019-02-17,77,31,46
2019-02-17,64,30,34
2019-02-17,62,34,28
2019-02-17,51,31,20
2019-02-17,33,14,19
2019-02-17,22,8,14
2019-02-17,13,6,7
2019-02-17,4,1,3
2019-02-17,1,0,1
2019-02-17,2,0,2
2019-02-17,2,0,2
2019-02-17,1,0,1
2019-02-17,1,0,1
2019-02-17,4,0,4
2019-02-16,6,3,3
2019-02-16,14,3,11
2019-02-16,5,2,3
2019-02-16,6,2,4
2019-02-16,5,2,3
2019-02-16,18,5,13
2019-02-16,12,6,6
2019-02-16,24,6,18
2019-02-16,36,19,17
2019-02-16,38,18,20
2019-02-16,36,13,23
2019-02-16,38,16,22
2019-02-16,42,28,14
2019-02-16,33,17,16
2019-02-16,29,13,16
2019-02-16,30,16,14
2019-02-16,16,6,10
2019-02-16,9,7,2
2019-02-16,2,0,2
2019-02-16,1,0,1
2019-02-16,1,1,0
2019-02-16,3,1,2
2019-02-16,5,2,3
2019-02-16,11,4,7
2019-02-15,11,7,4
2019-02-15,20,8,12
2019-02-15,20,9,11
2019-02-15,20,5,15
2019-02-15,45,13,32
2019-02-15,122,30,92
2019-02-15,227,57,170
2019-02-15,132,32,100
2019-02-15,78,32,46
2019-02-15,41,20,21
2019-02-15,34,15,19
2019-02-15,36,19,17
2019-02-15,28,13,15
2019-02-15,50,21,29
2019-02-15,97,25,72
2019-02-15,193,99,94
2019-02-15,126,63,63
2019-02-15,29,17,12
2019-02-15,12,5,7
2019-02-15,6,1,5
2019-02-15,0,0,0
2019-02-15,2,0,2
2019-02-15,3,2,1
2019-02-15,7,1,6
2019-02-14,6,1,5
2019-02-14,6,3,3
2019-02-14,8,3,5
2019-02-14,17,8,9
2019-02-14,36,8,28
2019-02-14,97,27,70
2019-02-14,155,31,124
2019-02-14,76,23,53
2019-02-14,31,13,18
2019-02-14,18,8,10
2019-02-14,13,7,6
2019-02-14,22,8,14
2019-02-14,32,15,17
2019-02-14,40,17,23
2019-02-14,74,26,48
2019-02-14,133,63,70
2019-02-14,74,36,38
2019-02-14,24,18,6
2019-02-14,8,5,3
2019-02-14,3,2,1
2019-02-14,1,0,1
2019-02-14,0,0,0
2019-02-14,2,0,2
2019-02-14,5,3,2
2019-02-13,4,0,4
2019-02-13,4,0,4
2019-02-13,7,1,6
2019-02-13,20,8,12
2019-02-13,28,9,19
2019-02-13,73,14,59
2019-02-13,111,28,83
2019-02-13,43,9,34
2019-02-13,23,8,15
2019-02-13,13,9,4
2019-02-13,17,6,11
2019-02-13,11,2,9
2019-02-13,17,6,11
2019-02-13,34,11,23
2019-02-13,58,26,32
2019-02-13,76,32,44
2019-02-13,40,18,22
2019-02-13,13,6,7
2019-02-13,3,2,1
2019-02-13,3,2,1
2019-02-13,0,0,0
2019-02-13,0,0,0
2019-02-13,1,0,1
2019-02-13,1,1,0
2019-02-12,0,0,0
2019-02-12,0,0,0
2019-02-12,3,1,2
2019-02-12,4,2,2
2019-02-12,12,4,8
2019-02-12,17,6,11
2019-02-12,19,3,16
2019-02-12,12,3,9
2019-02-12,7,2,5
2019-02-12,5,0,5
2019-02-12,3,1,2
2019-02-12,5,2,3
2019-02-12,4,2,2
2019-02-12,5,4,1
2019-02-12,7,2,5
2019-02-12,15,8,7
2019-02-12,5,4,1
2019-02-12,0,0,0
2019-02-12,0,0,0
2019-02-12,0,0,0
2019-02-12,0,0,0
2019-02-12,0,0,0
2019-02-12,0,0,0
2019-02-12,0,0,0
2019-02-11,0,0,0
2019-02-11,0,0,0
2019-02-11,0,0,0
2019-02-11,0,0,0
2019-02-11,0,0,0
2019-02-11,7,1,6
2019-02-11,20,4,16
2019-02-11,12,4,8
2019-02-11,6,1,5
2019-02-11,6,2,4
2019-02-11,4,1,3
2019-02-11,4,1,3
2019-02-11,2,0,2
2019-02-11,7,1,6
2019-02-11,6,3,3
2019-02-11,9,4,5
2019-02-11,13,6,7
2019-02-11,2,1,1
2019-02-11,2,2,0
2019-02-11,0,0,0
2019-02-11,0,0,0
2019-02-11,0,0,0
2019-02-11,1,1,0
2019-02-11,0,0,0
2019-02-10,1,1,0
2019-02-10,4,3,1
2019-02-10,1,0,1
2019-02-10,2,2,0
2019-02-10,2,2,0
2019-02-10,1,0,1
2019-02-10,3,0,3
2019-02-10,4,3,1
2019-02-10,2,1,1
2019-02-10,5,5,0
2019-02-10,3,2,1
2019-02-10,0,0,0
2019-02-10,4,3,1
2019-02-10,3,1,2
2019-02-10,0,0,0
2019-02-10,2,2,0
2019-02-10,0,0,0
2019-02-10,0,0,0
2019-02-10,1,1,0
2019-02-10,0,0,0
2019-02-10,0,0,0
2019-02-10,0,0,0
2019-02-10,0,0,0
2019-02-10,0,0,0
2019-02-09,2,2,0
2019-02-09,2,2,0
2019-02-09,3,1,2
2019-02-09,1,0,1
2019-02-09,0,0,0
2019-02-09,3,1,2
2019-02-09,6,1,5
2019-02-09,8,3,5
2019-02-09,2,0,2
2019-02-09,6,0,6
2019-02-09,4,2,2
2019-02-09,9,0,9
2019-02-09,3,0,3
2019-02-09,3,2,1
2019-02-09,2,1,1
2019-02-09,2,0,2
2019-02-09,2,1,1
2019-02-09,1,0,1
2019-02-09,0,0,0
2019-02-09,1,0,1
2019-02-09,4,3,1
2019-02-09,1,0,1
2019-02-09,0,0,0
2019-02-09,2,0,2
2019-02-08,4,4,0
2019-02-08,1,1,0
2019-02-08,5,2,3
2019-02-08,5,2,3
2019-02-08,6,2,4
2019-02-08,12,1,11
2019-02-08,34,10,24
2019-02-08,28,7,21
2019-02-08,48,14,34
2019-02-08,46,9,37
2019-02-08,107,25,82
2019-02-08,65,15,50
2019-02-08,27,9,18
2019-02-08,34,18,16
2019-02-08,59,24,35
2019-02-08,103,39,64
2019-02-08,74,35,39
2019-02-08,24,16,8
2019-02-08,9,4,5
2019-02-08,3,1,2
2019-02-08,2,2,0
2019-02-08,0,0,0
2019-02-08,0,0,0
2019-02-08,7,2,5
2019-02-07,8,4,4
2019-02-07,14,10,4
2019-02-07,18,10,8
2019-02-07,37,20,17
2019-02-07,49,16,33
2019-02-07,120,21,99
2019-02-07,186,41,145
2019-02-07,97,28,69
2019-02-07,55,24,31
2019-02-07,32,12,20
2019-02-07,29,14,15
2019-02-07,33,20,13
2019-02-07,30,12,18
2019-02-07,39,16,23
2019-02-07,93,43,50
2019-02-07,165,72,93
2019-02-07,111,58,53
2019-02-07,31,23,8
2019-02-07,12,5,7
2019-02-07,3,3,0
2019-02-07,2,1,1
2019-02-07,1,0,1
2019-02-07,0,0,0
2019-02-07,0,0,0
2019-02-06,3,1,2
2019-02-06,8,6,2
2019-02-06,10,4,6
2019-02-06,19,9,10
2019-02-06,31,5,26
2019-02-06,85,19,66
2019-02-06,129,24,105
2019-02-06,78,27,51
2019-02-06,42,21,21
2019-02-06,30,13,17
2019-02-06,19,13,6
2019-02-06,22,12,10
2019-02-06,28,9,19
2019-02-06,32,12,20
2019-02-06,65,29,36
2019-02-06,103,49,54
2019-02-06,63,25,38
2019-02-06,17,13,4
2019-02-06,12,5,7
2019-02-06,4,3,1
2019-02-06,0,0,0
2019-02-06,0,0,0
2019-02-06,0,0,0
2019-02-06,2,2,0
2019-02-05,0,0,0
2019-02-05,3,2,1
2019-02-05,6,2,4
2019-02-05,7,2,5
2019-02-05,17,6,11
2019-02-05,30,11,19
2019-02-05,50,10,40
2019-02-05,38,14,24
2019-02-05,32,18,14
2019-02-05,19,8,11
2019-02-05,8,6,2
2019-02-05,8,2,6
2019-02-05,18,3,15
2019-02-05,13,7,6
2019-02-05,30,14,16
2019-02-05,33,12,21
2019-02-05,20,9,11
2019-02-05,8,7,1
2019-02-05,3,1,2
2019-02-05,1,1,0
2019-02-05,0,0,0
2019-02-05,0,0,0
2019-02-05,0,0,0
2019-02-05,0,0,0
2019-02-04,1,1,0
2019-02-04,0,0,0
2019-02-04,3,3,0
2019-02-04,3,3,0
2019-02-04,11,4,7
2019-02-04,17,4,13
2019-02-04,29,6,23
2019-02-04,35,11,24
2019-02-04,25,8,17
2019-02-04,14,5,9
2019-02-04,4,2,2
2019-02-04,7,3,4
2019-02-04,13,5,8
2019-02-04,9,3,6
2019-02-04,17,6,11
2019-02-04,29,13,16
2019-02-04,22,7,15
2019-02-04,9,3,6
2019-02-04,7,4,3
2019-02-04,0,0,0
2019-02-04,1,1,0
2019-02-04,0,0,0
2019-02-04,2,1,1
2019-02-04,2,2,0
2019-02-03,3,2,1
2019-02-03,2,1,1
2019-02-03,4,3,1
2019-02-03,10,4,6
2019-02-03,8,4,4
2019-02-03,3,2,1
2019-02-03,12,6,6
2019-02-03,24,11,13
2019-02-03,23,13,10
2019-02-03,69,33,36
2019-02-03,108,37,71
2019-02-03,221,56,165
2019-02-03,679,60,619
2019-02-03,668,48,620
2019-02-03,547,190,357
2019-02-03,869,537,332
2019-02-03,509,325,184
2019-02-03,21,14,7
2019-02-03,5,2,3
2019-02-03,4,0,4
2019-02-03,0,0,0
2019-02-03,1,0,1
2019-02-03,5,1,4
2019-02-03,10,4,6
2019-02-02,6,2,4
2019-02-02,6,3,3
2019-02-02,21,9,12
2019-02-02,24,13,11
2019-02-02,19,4,15
2019-02-02,62,17,45
2019-02-02,86,26,60
2019-02-02,130,54,76
2019-02-02,132,62,70
2019-02-02,118,50,68
2019-02-02,123,63,60
2019-02-02,140,72,68
2019-02-02,105,58,47
2019-02-02,119,54,65
2019-02-02,87,30,57
2019-02-02,65,28,37
2019-02-02,83,36,47
2019-02-02,37,21,16
2019-02-02,9,4,5
2019-02-02,2,0,2
2019-02-02,3,0,3
2019-02-02,6,6,0
2019-02-02,7,3,4
2019-02-02,13,5,8
2019-02-01,10,3,7
2019-02-01,15,8,7
2019-02-01,18,7,11
2019-02-01,45,11,34
2019-02-01,88,22,66
2019-02-01,170,43,127
2019-02-01,327,75,252
2019-02-01,162,40,122
2019-02-01,72,25,47
2019-02-01,29,12,17
2019-02-01,39,23,16
2019-02-01,26,12,14
2019-02-01,26,12,14
2019-02-01,56,23,33
2019-02-01,127,55,72
2019-02-01,273,128,145
2019-02-01,176,90,86
2019-02-01,52,24,28
2019-02-01,26,13,13
2019-02-01,7,3,4
2019-02-01,2,0,2
2019-02-01,0,0,0
2019-02-01,8,3,5
2019-02-01,2,0,2
2019-01-31,13,7,6
2019-01-31,29,13,16
2019-01-31,45,18,27
2019-01-31,65,32,33
2019-01-31,134,40,94
2019-01-31,314,68,246
2019-01-31,505,106,399
2019-01-31,303,84,219
2019-01-31,157,60,97
2019-01-31,72,28,44
2019-01-31,78,43,35
2019-01-31,82,44,38
2019-01-31,95,46,49
2019-01-31,77,31,46
2019-01-31,225,97,128
2019-01-31,474,212,262
2019-01-31,325,170,155
2019-01-31,93,48,45
2019-01-31,55,27,28
2019-01-31,10,8,2
2019-01-31,3,0,3
2019-01-31,0,0,0
2019-01-31,4,1,3
2019-01-31,2,1,1
2019-01-30,7,3,4
2019-01-30,38,13,25
2019-01-30,75,23,52
2019-01-30,64,25,39
2019-01-30,127,42,85
2019-01-30,337,98,239
2019-01-30,540,116,424
2019-01-30,292,86,206
2019-01-30,134,41,93
2019-01-30,86,31,55
2019-01-30,64,31,33
2019-01-30,73,21,52
2019-01-30,63,27,36
2019-01-30,97,41,56
2019-01-30,243,107,136
2019-01-30,467,216,251
2019-01-30,358,181,177
2019-01-30,107,65,42
2019-01-30,38,14,24
2019-01-30,11,7,4
2019-01-30,1,0,1
2019-01-30,2,1,1
2019-01-30,1,0,1
2019-01-30,4,2,2
2019-01-29,18,10,8
2019-01-29,28,11,17
2019-01-29,33,15,18
2019-01-29,74,30,44
2019-01-29,135,42,93
2019-01-29,365,81,284
2019-01-29,585,114,471
2019-01-29,328,79,249
2019-01-29,143,53,90
2019-01-29,103,37,66
2019-01-29,79,36,43
2019-01-29,103,56,47
2019-01-29,92,44,48
2019-01-29,105,47,58
2019-01-29,262,113,149
2019-01-29,527,254,273
2019-01-29,357,202,155
2019-01-29,136,82,54
2019-01-29,44,20,24
2019-01-29,12,5,7
2019-01-29,3,2,1
2019-01-29,1,0,1
2019-01-29,3,1,2
2019-01-29,4,1,3
2019-01-28,11,6,5
2019-01-28,19,8,11
2019-01-28,39,15,24
2019-01-28,57,25,32
2019-01-28,146,36,110
2019-01-28,364,85,279
2019-01-28,583,150,433
2019-01-28,320,85,235
2019-01-28,152,68,84
2019-01-28,104,40,64
2019-01-28,75,29,46
2019-01-28,73,39,34
2019-01-28,77,33,44
2019-01-28,112,58,54
2019-01-28,272,120,152
2019-01-28,529,252,277
2019-01-28,360,175,185
2019-01-28,124,73,51
2019-01-28,44,21,23
2019-01-28,9,6,3
2019-01-28,0,0,0
2019-01-28,2,2,0
2019-01-28,2,0,2
2019-01-28,4,3,1
2019-01-27,7,4,3
2019-01-27,6,2,4
2019-01-27,19,6,13
2019-01-27,15,10,5
2019-01-27,22,15,7
2019-01-27,38,20,18
2019-01-27,68,36,32
2019-01-27,69,32,37
2019-01-27,91,40,51
2019-01-27,111,67,44
2019-01-27,103,48,55
2019-01-27,95,53,42
2019-01-27,78,53,25
2019-01-27,67,20,47
2019-01-27,65,40,25
2019-01-27,42,22,20
2019-01-27,16,11,5
2019-01-27,6,3,3
2019-01-27,1,1,0
2019-01-27,2,0,2
2019-01-27,3,2,1
2019-01-27,3,1,2
2019-01-27,3,0,3
2019-01-27,9,2,7
2019-01-26,12,4,8
2019-01-26,21,8,13
2019-01-26,15,6,9
2019-01-26,16,8,8
2019-01-26,25,12,13
2019-01-26,41,16,25
2019-01-26,76,47,29
2019-01-26,166,78,88
2019-01-26,192,117,75
2019-01-26,160,90,70
2019-01-26,193,100,93
2019-01-26,139,53,86
2019-01-26,140,69,71
2019-01-26,125,59,66
2019-01-26,71,36,35
2019-01-26,69,36,33
2019-01-26,23,8,15
2019-01-26,13,9,4
2019-01-26,2,0,2
2019-01-26,3,1,2
2019-01-26,6,1,5
2019-01-26,3,0,3
2019-01-26,6,2,4
2019-01-26,13,6,7
2019-01-25,20,9,11
2019-01-25,36,17,19
2019-01-25,30,5,25
2019-01-25,54,14,40
2019-01-25,110,32,78
2019-01-25,248,70,178
2019-01-25,493,120,373
2019-01-25,308,82,226
2019-01-25,154,44,110
2019-01-25,112,54,58
2019-01-25,88,39,49
2019-01-25,91,38,53
2019-01-25,81,42,39
2019-01-25,117,51,66
2019-01-25,222,106,116
2019-01-25,464,226,238
2019-01-25,280,142,138
2019-01-25,98,52,46
2019-01-25,41,23,18
2019-01-25,14,8,6
2019-01-25,0,0,0
2019-01-25,4,3,1
2019-01-25,7,3,4
2019-01-25,5,2,3
2019-01-24,6,5,1
2019-01-24,29,10,19
2019-01-24,44,18,26
2019-01-24,77,22,55
2019-01-24,134,42,92
2019-01-24,356,74,282
2019-01-24,458,111,347
2019-01-24,293,82,211
2019-01-24,143,53,90
2019-01-24,78,38,40
2019-01-24,58,28,30
2019-01-24,68,27,41
2019-01-24,74,33,41
2019-01-24,105,51,54
2019-01-24,228,90,138
2019-01-24,482,236,246
2019-01-24,330,181,149
2019-01-24,120,64,56
2019-01-24,40,25,15
2019-01-24,8,5,3
2019-01-24,3,2,1
2019-01-24,0,0,0
2019-01-24,1,0,1
2019-01-24,9,2,7
2019-01-23,16,4,12
2019-01-23,31,10,21
2019-01-23,39,17,22
2019-01-23,73,24,49
2019-01-23,130,34,96
2019-01-23,305,78,227
2019-01-23,469,107,362
2019-01-23,288,81,207
2019-01-23,118,52,66
2019-01-23,59,33,26
2019-01-23,48,29,19
2019-01-23,43,14,29
2019-01-23,48,26,22
2019-01-23,89,32,57
2019-01-23,192,75,117
2019-01-23,393,175,218
2019-01-23,273,142,131
2019-01-23,106,67,39
2019-01-23,43,23,20
2019-01-23,9,5,4
2019-01-23,1,0,1
2019-01-23,1,0,1
2019-01-23,6,2,4
2019-01-23,1,0,1
2019-01-22,7,2,5
2019-01-22,13,1,12
2019-01-22,34,15,19
2019-01-22,46,18,28
2019-01-22,96,29,67
2019-01-22,311,62,249
2019-01-22,426,86,340
2019-01-22,203,42,161
2019-01-22,99,28,71
2019-01-22,60,23,37
2019-01-22,41,24,17
2019-01-22,50,22,28
2019-01-22,58,32,26
2019-01-22,88,43,45
2019-01-22,244,98,146
2019-01-22,447,211,236
2019-01-22,306,156,150
2019-01-22,105,58,47
2019-01-22,40,22,18
2019-01-22,9,5,4
2019-01-22,0,0,0
2019-01-22,1,1,0
2019-01-22,4,3,1
2019-01-22,3,2,1
2019-01-21,3,1,2
2019-01-21,21,9,12
2019-01-21,24,8,16
2019-01-21,33,17,16
2019-01-21,63,14,49
2019-01-21,179,38,141
2019-01-21,276,51,225
2019-01-21,217,70,147
2019-01-21,128,50,78
2019-01-21,92,40,52
2019-01-21,100,53,47
2019-01-21,101,45,56
2019-01-21,79,43,36
2019-01-21,85,38,47
2019-01-21,139,68,71
2019-01-21,263,131,132
2019-01-21,146,72,74
2019-01-21,67,37,30
2019-01-21,16,9,7
2019-01-21,6,4,2
2019-01-21,0,0,0
2019-01-21,1,1,0
2019-01-21,1,1,0
2019-01-21,1,0,1
2019-01-20,9,4,5
2019-01-20,9,4,5
2019-01-20,15,8,7
2019-01-20,15,3,12
2019-01-20,20,8,12
2019-01-20,26,13,13
2019-01-20,46,27,19
2019-01-20,59,32,27
2019-01-20,90,45,45
2019-01-20,96,52,44
2019-01-20,74,35,39
2019-01-20,96,40,56
2019-01-20,63,36,27
2019-01-20,65,48,17
2019-01-20,57,23,34
2019-01-20,43,18,25
2019-01-20,15,8,7
2019-01-20,9,3,6
2019-01-20,1,1,0
2019-01-20,2,0,2
2019-01-20,2,2,0
2019-01-20,3,2,1
2019-01-20,7,4,3
2019-01-20,7,1,6
2019-01-19,11,7,4
2019-01-19,9,5,4
2019-01-19,12,3,9
2019-01-19,21,6,15
2019-01-19,21,9,12
2019-01-19,22,9,13
2019-01-19,61,34,27
2019-01-19,83,36,47
2019-01-19,92,43,49
2019-01-19,89,44,45
2019-01-19,115,52,63
2019-01-19,101,47,54
2019-01-19,94,48,46
2019-01-19,82,40,42
2019-01-19,55,29,26
2019-01-19,52,21,31
2019-01-19,23,8,15
2019-01-19,11,6,5
2019-01-19,6,2,4
2019-01-19,3,1,2
2019-01-19,1,0,1
2019-01-19,1,1,0
2019-01-19,5,1,4
2019-01-19,6,2,4
2019-01-18,14,4,10
2019-01-18,17,4,13
2019-01-18,24,9,15
2019-01-18,33,10,23
2019-01-18,73,19,54
2019-01-18,193,38,155
2019-01-18,401,78,323
2019-01-18,237,62,175
2019-01-18,129,41,88
2019-01-18,77,33,44
2019-01-18,69,32,37
2019-01-18,72,34,38
2019-01-18,59,34,25
2019-01-18,85,35,50
2019-01-18,198,87,111
2019-01-18,403,194,209
2019-01-18,253,122,131
2019-01-18,84,54,30
2019-01-18,27,15,12
2019-01-18,6,3,3
2019-01-18,2,1,1
2019-01-18,1,1,0
2019-01-18,2,1,1
2019-01-18,5,2,3
2019-01-17,10,2,8
2019-01-17,29,8,21
2019-01-17,41,13,28
2019-01-17,62,25,37
2019-01-17,122,35,87
2019-01-17,290,62,228
2019-01-17,423,103,320
2019-01-17,242,66,176
2019-01-17,94,27,67
2019-01-17,63,29,34
2019-01-17,49,26,23
2019-01-17,56,23,33
2019-01-17,53,22,31
2019-01-17,81,37,44
2019-01-17,223,103,120
2019-01-17,423,197,226
2019-01-17,266,130,136
2019-01-17,109,63,46
2019-01-17,34,21,13
2019-01-17,5,3,2
2019-01-17,5,2,3
2019-01-17,1,0,1
2019-01-17,0,0,0
2019-01-17,3,1,2
2019-01-16,9,2,7
2019-01-16,29,11,18
2019-01-16,57,21,36
2019-01-16,73,32,41
2019-01-16,151,56,95
2019-01-16,320,84,236
2019-01-16,590,111,479
2019-01-16,296,79,217
2019-01-16,148,64,84
2019-01-16,80,36,44
2019-01-16,90,37,53
2019-01-16,73,36,37
2019-01-16,68,34,34
2019-01-16,102,47,55
2019-01-16,235,100,135
2019-01-16,520,259,261
2019-01-16,337,169,168
2019-01-16,129,72,57
2019-01-16,35,18,17
2019-01-16,9,7,2
2019-01-16,2,1,1
2019-01-16,2,1,1
2019-01-16,0,0,0
2019-01-16,5,0,5
2019-01-15,8,0,8
2019-01-15,20,5,15
2019-01-15,50,24,26
2019-01-15,65,19,46
2019-01-15,132,44,88
2019-01-15,371,78,293
2019-01-15,541,102,439
2019-01-15,304,80,224
2019-01-15,136,47,89
2019-01-15,89,40,49
2019-01-15,87,40,47
2019-01-15,80,42,38
2019-01-15,67,37,30
2019-01-15,110,49,61
2019-01-15,259,118,141
2019-01-15,542,268,274
2019-01-15,351,194,157
2019-01-15,125,65,60
2019-01-15,35,20,15
2019-01-15,6,2,4
2019-01-15,2,2,0
2019-01-15,1,0,1
2019-01-15,0,0,0
2019-01-15,2,2,0
2019-01-14,7,2,5
2019-01-14,13,4,9
2019-01-14,45,17,28
2019-01-14,52,15,37
2019-01-14,144,41,103
2019-01-14,381,72,309
2019-01-14,637,128,509
2019-01-14,432,110,322
2019-01-14,196,77,119
2019-01-14,124,58,66
2019-01-14,93,51,42
2019-01-14,86,43,43
2019-01-14,68,32,36
2019-01-14,123,57,66
2019-01-14,326,155,171
2019-01-14,644,312,332
2019-01-14,408,217,191
2019-01-14,150,83,67
2019-01-14,43,24,19
2019-01-14,7,4,3
2019-01-14,0,0,0
2019-01-14,0,0,0
2019-01-14,3,0,3
2019-01-14,5,0,5
2019-01-13,9,5,4
2019-01-13,6,2,4
2019-01-13,13,7,6
2019-01-13,17,13,4
2019-01-13,24,13,11
2019-01-13,41,16,25
2019-01-13,79,45,34
2019-01-13,154,64,90
2019-01-13,241,123,118
2019-01-13,237,148,89
2019-01-13,196,102,94
2019-01-13,194,101,93
2019-01-13,129,71,58
2019-01-13,77,36,41
2019-01-13,59,32,27
2019-01-13,45,22,23
2019-01-13,18,8,10
2019-01-13,8,1,7
2019-01-13,5,3,2
2019-01-13,2,0,2
2019-01-13,1,0,1
2019-01-13,4,1,3
2019-01-13,4,1,3
2019-01-13,10,8,2
2019-01-12,21,15,6
2019-01-12,17,8,9
2019-01-12,21,7,14
2019-01-12,14,11,3
2019-01-12,28,14,14
2019-01-12,45,15,30
2019-01-12,96,48,48
2019-01-12,157,80,77
2019-01-12,204,101,103
2019-01-12,225,122,103
2019-01-12,176,98,78
2019-01-12,197,90,107
2019-01-12,116,50,66
2019-01-12,103,56,47
2019-01-12,93,52,41
2019-01-12,70,31,39
2019-01-12,29,12,17
2019-01-12,17,7,10
2019-01-12,5,1,4
2019-01-12,4,1,3
2019-01-12,3,0,3
2019-01-12,7,2,5
2019-01-12,11,2,9
2019-01-12,12,5,7
2019-01-11,13,6,7
2019-01-11,29,13,16
2019-01-11,41,14,27
2019-01-11,71,23,48
2019-01-11,100,26,74
2019-01-11,247,69,178
2019-01-11,468,90,378
2019-01-11,324,83,241
2019-01-11,157,55,102
2019-01-11,93,36,57
2019-01-11,89,48,41
2019-01-11,80,36,44
2019-01-11,66,31,35
2019-01-11,101,56,45
2019-01-11,247,111,136
2019-01-11,472,213,259
2019-01-11,255,123,132
2019-01-11,106,62,44
2019-01-11,21,9,12
2019-01-11,10,5,5
2019-01-11,2,1,1
2019-01-11,2,0,2
2019-01-11,5,4,1
2019-01-11,19,15,4
2019-01-10,23,12,11
2019-01-10,30,12,18
2019-01-10,47,15,32
2019-01-10,70,19,51
2019-01-10,144,42,102
2019-01-10,310,78,232
2019-01-10,489,118,371
2019-01-10,243,71,172
2019-01-10,114,46,68
2019-01-10,63,31,32
2019-01-10,57,33,24
2019-01-10,47,29,18
2019-01-10,63,25,38
2019-01-10,89,39,50
2019-01-10,224,112,112
2019-01-10,458,210,248
2019-01-10,270,139,131
2019-01-10,103,61,42
2019-01-10,33,16,17
2019-01-10,12,6,6
2019-01-10,1,0,1
2019-01-10,5,2,3
2019-01-10,0,0,0
2019-01-10,3,1,2
2019-01-09,6,3,3
2019-01-09,12,1,11
2019-01-09,25,8,17
2019-01-09,54,18,36
2019-01-09,93,32,61
2019-01-09,275,65,210
2019-01-09,396,106,290
2019-01-09,195,48,147
2019-01-09,97,37,60
2019-01-09,41,17,24
2019-01-09,35,17,18
2019-01-09,41,18,23
2019-01-09,46,17,29
2019-01-09,83,36,47
2019-01-09,212,100,112
2019-01-09,372,180,192
2019-01-09,255,136,119
2019-01-09,91,50,41
2019-01-09,28,14,14
2019-01-09,10,8,2
2019-01-09,2,1,1
2019-01-09,1,1,0
2019-01-09,1,0,1
2019-01-09,4,2,2
2019-01-08,7,3,4
2019-01-08,13,6,7
2019-01-08,31,12,19
2019-01-08,34,11,23
2019-01-08,90,21,69
2019-01-08,255,62,193
2019-01-08,448,90,358
2019-01-08,205,55,150
2019-01-08,76,30,46
2019-01-08,40,14,26
2019-01-08,24,12,12
2019-01-08,39,16,23
2019-01-08,39,18,21
2019-01-08,66,28,38
2019-01-08,172,76,96
2019-01-08,421,214,207
2019-01-08,286,152,134
2019-01-08,116,71,45
2019-01-08,31,18,13
2019-01-08,8,3,5
2019-01-08,2,2,0
2019-01-08,0,0,0
2019-01-08,0,0,0
2019-01-08,1,1,0
2019-01-07,9,4,5
2019-01-07,16,6,10
2019-01-07,40,16,24
2019-01-07,41,9,32
2019-01-07,122,33,89
2019-01-07,323,89,234
2019-01-07,542,128,414
2019-01-07,293,70,223
2019-01-07,135,49,86
2019-01-07,66,28,38
2019-01-07,56,35,21
2019-01-07,60,34,26
2019-01-07,56,31,25
2019-01-07,92,45,47
2019-01-07,224,91,133
2019-01-07,476,235,241
2019-01-07,343,178,165
2019-01-07,122,69,53
2019-01-07,34,19,15
2019-01-07,6,4,2
2019-01-07,3,2,1
2019-01-07,1,1,0
2019-01-07,1,1,0
2019-01-07,0,0,0
2019-01-06,2,1,1
2019-01-06,4,1,3
2019-01-06,8,5,3
2019-01-06,7,2,5
2019-01-06,7,2,5
2019-01-06,21,5,16
2019-01-06,40,19,21
2019-01-06,33,15,18
2019-01-06,59,27,32
2019-01-06,60,28,32
2019-01-06,73,38,35
2019-01-06,82,42,40
2019-01-06,73,48,25
2019-01-06,60,34,26
2019-01-06,36,19,17
2019-01-06,20,11,9
2019-01-06,6,4,2
2019-01-06,5,2,3
2019-01-06,4,2,2
2019-01-06,1,0,1
2019-01-06,0,0,0
2019-01-06,0,0,0
2019-01-06,2,1,1
2019-01-06,10,2,8
2019-01-05,10,3,7
2019-01-05,11,6,5
2019-01-05,15,6,9
2019-01-05,18,9,9
2019-01-05,12,5,7
2019-01-05,30,12,18
2019-01-05,32,16,16
2019-01-05,62,25,37
2019-01-05,99,50,49
2019-01-05,95,39,56
2019-01-05,120,70,50
2019-01-05,110,64,46
2019-01-05,104,62,42
2019-01-05,91,50,41
2019-01-05,38,21,17
2019-01-05,55,18,37
2019-01-05,22,8,14
2019-01-05,11,3,8
2019-01-05,11,3,8
2019-01-05,6,3,3
2019-01-05,2,0,2
2019-01-05,3,0,3
2019-01-05,3,1,2
2019-01-05,15,8,7
2019-01-04,19,4,15
2019-01-04,11,7,4
2019-01-04,24,5,19
2019-01-04,31,11,20
2019-01-04,69,26,43
2019-01-04,192,50,142
2019-01-04,359,86,273
2019-01-04,221,63,158
2019-01-04,118,52,66
2019-01-04,67,20,47
2019-01-04,58,28,30
2019-01-04,51,23,28
2019-01-04,69,33,36
2019-01-04,86,42,44
2019-01-04,196,84,112
2019-01-04,322,140,182
2019-01-04,183,88,95
2019-01-04,67,31,36
2019-01-04,23,10,13
2019-01-04,2,1,1
2019-01-04,4,2,2
2019-01-04,1,0,1
2019-01-04,3,2,1
2019-01-04,3,1,2
2019-01-03,7,5,2
2019-01-03,7,6,1
2019-01-03,13,5,8
2019-01-03,41,14,27
2019-01-03,72,21,51
2019-01-03,159,40,119
2019-01-03,324,75,249
2019-01-03,132,32,100
2019-01-03,63,20,43
2019-01-03,40,19,21
2019-01-03,33,15,18
2019-01-03,46,19,27
2019-01-03,33,17,16
2019-01-03,68,29,39
2019-01-03,148,63,85
2019-01-03,297,138,159
2019-01-03,152,70,82
2019-01-03,65,40,25
2019-01-03,32,13,19
2019-01-03,6,5,1
2019-01-03,3,2,1
2019-01-03,1,0,1
2019-01-03,0,0,0
2019-01-03,1,1,0
2019-01-02,6,4,2
2019-01-02,14,5,9
2019-01-02,23,5,18
2019-01-02,31,11,20
2019-01-02,85,32,53
2019-01-02,241,54,187
2019-01-02,443,97,346
2019-01-02,232,60,172
2019-01-02,103,42,61
2019-01-02,63,20,43
2019-01-02,45,22,23
2019-01-02,52,24,28
2019-01-02,51,22,29
2019-01-02,77,43,34
2019-01-02,174,72,102
2019-01-02,368,168,200
2019-01-02,250,140,110
2019-01-02,94,52,42
2019-01-02,28,14,14
2019-01-02,7,5,2
2019-01-02,4,2,2
2019-01-02,1,0,1
2019-01-02,0,0,0
2019-01-02,1,1,0
2019-01-01,2,0,2
2019-01-01,3,1,2
2019-01-01,4,1,3
2019-01-01,7,4,3
2019-01-01,15,8,7
2019-01-01,20,9,11
2019-01-01,26,9,17
2019-01-01,58,30,28
2019-01-01,68,31,37
2019-01-01,113,61,52
2019-01-01,103,55,48
2019-01-01,60,31,29
2019-01-01,42,31,11
2019-01-01,61,37,24
2019-01-01,19,5,14
2019-01-01,17,8,9
2019-01-01,3,1,2
2019-01-01,11,4,7
2019-01-01,4,3,1
2019-01-01,3,2,1
2019-01-01,3,1,2
2019-01-01,12,1,11
2019-01-01,24,2,22
2019-01-01,9,0,9
2018-12-31,13,7,6
2018-12-31,7,3,4
2018-12-31,14,7,7
2018-12-31,26,12,14
2018-12-31,14,9,5
2018-12-31,46,17,29
2018-12-31,81,29,52
2018-12-31,112,35,77
2018-12-31,113,35,78
2018-12-31,107,54,53
2018-12-31,91,38,53
2018-12-31,69,34,35
2018-12-31,38,27,11
2018-12-31,42,24,18
2018-12-31,57,31,26
2018-12-31,91,43,48
2018-12-31,60,30,30
2018-12-31,34,22,12
2018-12-31,26,13,13
2018-12-31,5,0,5
2018-12-31,0,0,0
2018-12-31,2,2,0
2018-12-31,3,0,3
2018-12-31,8,3,5
2018-12-30,7,2,5
2018-12-30,5,4,1
2018-12-30,9,5,4
2018-12-30,16,9,7
2018-12-30,15,8,7
2018-12-30,14,5,9
2018-12-30,40,11,29
2018-12-30,60,28,32
2018-12-30,87,39,48
2018-12-30,84,36,48
2018-12-30,114,53,61
2018-12-30,86,51,35
2018-12-30,78,41,37
2018-12-30,36,19,17
2018-12-30,24,14,10
2018-12-30,31,16,15
2018-12-30,13,4,9
2018-12-30,8,4,4
2018-12-30,4,1,3
2018-12-30,5,0,5
2018-12-30,0,0,0
2018-12-30,3,0,3
2018-12-30,4,3,1
2018-12-30,5,1,4
2018-12-29,8,2,6
2018-12-29,4,3,1
2018-12-29,7,3,4
2018-12-29,10,4,6
2018-12-29,5,2,3
2018-12-29,17,10,7
2018-12-29,14,8,6
2018-12-29,8,3,5
2018-12-29,18,6,12
2018-12-29,21,11,10
2018-12-29,26,12,14
2018-12-29,22,11,11
2018-12-29,34,21,13
2018-12-29,24,13,11
2018-12-29,28,15,13
2018-12-29,16,7,9
2018-12-29,15,8,7
2018-12-29,12,8,4
2018-12-29,7,4,3
2018-12-29,6,3,3
2018-12-29,2,0,2
2018-12-29,7,4,3
2018-12-29,2,0,2
2018-12-29,6,0,6
2018-12-28,7,3,4
2018-12-28,9,3,6
2018-12-28,14,4,10
2018-12-28,9,5,4
2018-12-28,24,4,20
2018-12-28,50,25,25
2018-12-28,117,25,92
2018-12-28,94,34,60
2018-12-28,53,19,34
2018-12-28,28,8,20
2018-12-28,20,8,12
2018-12-28,26,14,12
2018-12-28,24,10,14
2018-12-28,40,19,21
2018-12-28,53,23,30
2018-12-28,118,55,63
2018-12-28,69,38,31
2018-12-28,35,16,19
2018-12-28,19,10,9
2018-12-28,4,1,3
2018-12-28,2,1,1
2018-12-28,5,5,0
2018-12-28,0,0,0
2018-12-28,2,1,1
2018-12-27,3,2,1
2018-12-27,12,5,7
2018-12-27,22,6,16
2018-12-27,24,10,14
2018-12-27,44,15,29
2018-12-27,89,31,58
2018-12-27,186,49,137
2018-12-27,132,36,96
2018-12-27,101,22,79
2018-12-27,65,23,42
2018-12-27,67,39,28
2018-12-27,53,24,29
2018-12-27,46,19,27
2018-12-27,52,20,32
2018-12-27,110,47,63
2018-12-27,158,72,86
2018-12-27,102,51,51
2018-12-27,43,21,22
2018-12-27,19,11,8
2018-12-27,1,1,0
2018-12-27,4,1,3
2018-12-27,0,0,0
2018-12-27,1,0,1
2018-12-27,5,2,3
2018-12-26,2,0,2
2018-12-26,7,4,3
2018-12-26,10,8,2
2018-12-26,14,7,7
2018-12-26,20,4,16
2018-12-26,50,17,33
2018-12-26,105,25,80
2018-12-26,101,33,68
2018-12-26,43,21,22
2018-12-26,41,17,24
2018-12-26,34,17,17
2018-12-26,34,17,17
2018-12-26,21,11,10
2018-12-26,28,16,12
2018-12-26,42,21,21
2018-12-26,107,53,54
2018-12-26,71,35,36
2018-12-26,35,21,14
2018-12-26,21,10,11
2018-12-26,3,0,3
2018-12-26,3,0,3
2018-12-26,2,0,2
2018-12-26,0,0,0
2018-12-26,1,1,0
2018-12-25,4,4,0
2018-12-25,5,3,2
2018-12-25,5,2,3
2018-12-25,6,1,5
2018-12-25,5,1,4
2018-12-25,5,2,3
2018-12-25,14,7,7
2018-12-25,19,13,6
2018-12-25,37,12,25
2018-12-25,45,15,30
2018-12-25,33,17,16
2018-12-25,29,16,13
2018-12-25,23,14,9
2018-12-25,31,27,4
2018-12-25,13,6,7
2018-12-25,7,6,1
2018-12-25,4,2,2
2018-12-25,2,2,0
2018-12-25,2,1,1
2018-12-25,3,3,0
2018-12-25,0,0,0
2018-12-25,2,2,0
2018-12-25,0,0,0
2018-12-25,4,1,3
2018-12-24,2,1,1
2018-12-24,2,1,1
2018-12-24,6,5,1
2018-12-24,9,6,3
2018-12-24,4,3,1
2018-12-24,19,15,4
2018-12-24,33,16,17
2018-12-24,55,20,35
2018-12-24,78,27,51
2018-12-24,97,38,59
2018-12-24,106,59,47
2018-12-24,68,31,37
2018-12-24,58,25,33
2018-12-24,43,25,18
2018-12-24,32,13,19
2018-12-24,72,35,37
2018-12-24,38,20,18
2018-12-24,25,16,9
2018-12-24,15,9,6
2018-12-24,8,3,5
2018-12-24,1,1,0
2018-12-24,0,0,0
2018-12-24,2,1,1
2018-12-24,2,0,2
2018-12-23,8,4,4
2018-12-23,5,1,4
2018-12-23,4,3,1
2018-12-23,12,7,5
2018-12-23,7,4,3
2018-12-23,11,6,5
2018-12-23,16,2,14
2018-12-23,32,16,16
2018-12-23,19,8,11
2018-12-23,44,21,23
2018-12-23,33,19,14
2018-12-23,49,26,23
2018-12-23,34,18,16
2018-12-23,19,9,10
2018-12-23,15,9,6
2018-12-23,5,2,3
2018-12-23,6,3,3
2018-12-23,2,0,2
2018-12-23,5,1,4
2018-12-23,2,0,2
2018-12-23,0,0,0
2018-12-23,1,0,1
2018-12-23,2,0,2
2018-12-23,7,2,5
2018-12-22,2,0,2
2018-12-22,10,5,5
2018-12-22,4,2,2
2018-12-22,9,4,5
2018-12-22,10,7,3
2018-12-22,16,9,7
2018-12-22,46,20,26
2018-12-22,47,24,23
2018-12-22,54,28,26
2018-12-22,60,31,29
2018-12-22,53,29,24
2018-12-22,57,30,27
2018-12-22,52,31,21
2018-12-22,38,22,16
2018-12-22,43,24,19
2018-12-22,28,8,20
2018-12-22,17,4,13
2018-12-22,17,3,14
2018-12-22,7,2,5
2018-12-22,4,1,3
2018-12-22,2,0,2
2018-12-22,1,0,1
2018-12-22,4,2,2
2018-12-22,10,1,9
2018-12-21,10,3,7
2018-12-21,11,6,5
2018-12-21,16,10,6
2018-12-21,34,14,20
2018-12-21,39,8,31
2018-12-21,123,33,90
2018-12-21,234,57,177
2018-12-21,234,70,164
2018-12-21,159,64,95
2018-12-21,93,27,66
2018-12-21,94,37,57
2018-12-21,56,27,29
2018-12-21,55,19,36
2018-12-21,80,41,39
2018-12-21,139,53,86
2018-12-21,266,141,125
2018-12-21,152,82,70
2018-12-21,74,47,27
2018-12-21,23,14,9
2018-12-21,10,4,6
2018-12-21,2,1,1
2018-12-21,1,0,1
2018-12-21,3,2,1
2018-12-21,4,3,1
2018-12-20,10,4,6
2018-12-20,16,11,5
2018-12-20,26,10,16
2018-12-20,30,11,19
2018-12-20,69,19,50
2018-12-20,165,40,125
2018-12-20,250,64,186
2018-12-20,125,36,89
2018-12-20,62,18,44
2018-12-20,37,10,27
2018-12-20,30,20,10
2018-12-20,28,11,17
2018-12-20,30,11,19
2018-12-20,45,13,32
2018-12-20,109,53,56
2018-12-20,212,101,111
2018-12-20,148,70,78
2018-12-20,60,36,24
2018-12-20,23,12,11
2018-12-20,7,5,2
2018-12-20,1,1,0
2018-12-20,1,0,1
2018-12-20,6,0,6
2018-12-20,5,1,4
2018-12-19,4,1,3
2018-12-19,14,4,10
2018-12-19,40,15,25
2018-12-19,50,15,35
2018-12-19,85,27,58
2018-12-19,241,58,183
2018-12-19,384,90,294
2018-12-19,197,52,145
2018-12-19,100,40,60
2018-12-19,52,21,31
2018-12-19,56,31,25
2018-12-19,48,25,23
2018-12-19,39,13,26
2018-12-19,67,26,41
2018-12-19,169,90,79
2018-12-19,384,172,212
2018-12-19,247,122,125
2018-12-19,100,60,40
2018-12-19,27,14,13
2018-12-19,8,2,6
2018-12-19,4,2,2
2018-12-19,2,2,0
2018-12-19,5,3,2
2018-12-19,2,0,2
2018-12-18,6,1,5
2018-12-18,15,8,7
2018-12-18,23,5,18
2018-12-18,44,16,28
2018-12-18,79,20,59
2018-12-18,215,36,179
2018-12-18,287,57,230
2018-12-18,182,47,135
2018-12-18,72,23,49
2018-12-18,25,9,16
2018-12-18,30,13,17
2018-12-18,43,21,22
2018-12-18,49,26,23
2018-12-18,65,36,29
2018-12-18,181,71,110
2018-12-18,347,162,185
2018-12-18,187,90,97
2018-12-18,80,45,35
2018-12-18,21,9,12
2018-12-18,8,4,4
2018-12-18,0,0,0
2018-12-18,1,1,0
2018-12-18,3,1,2
2018-12-18,3,0,3
2018-12-17,1,0,1
2018-12-17,16,12,4
2018-12-17,13,4,9
2018-12-17,40,14,26
2018-12-17,90,17,73
2018-12-17,240,43,197
2018-12-17,387,82,305
2018-12-17,191,41,150
2018-12-17,100,30,70
2018-12-17,66,27,39
2018-12-17,65,30,35
2018-12-17,39,23,16
2018-12-17,68,32,36
2018-12-17,80,38,42
2018-12-17,208,90,118
2018-12-17,383,186,197
2018-12-17,250,134,116
2018-12-17,98,51,47
2018-12-17,25,15,10
2018-12-17,7,3,4
2018-12-17,2,1,1
2018-12-17,1,1,0
2018-12-17,2,0,2
2018-12-17,3,0,3
2018-12-16,6,1,5
2018-12-16,4,2,2
2018-12-16,5,5,0
2018-12-16,9,3,6
2018-12-16,4,1,3
2018-12-16,10,3,7
2018-12-16,15,6,9
2018-12-16,20,10,10
2018-12-16,17,9,8
2018-12-16,31,14,17
2018-12-16,42,19,23
2018-12-16,37,15,22
2018-12-16,43,26,17
2018-12-16,32,19,13
2018-12-16,21,10,11
2018-12-16,23,13,10
2018-12-16,6,4,2
2018-12-16,7,4,3
2018-12-16,3,1,2
2018-12-16,2,0,2
2018-12-16,5,2,3
2018-12-16,0,0,0
2018-12-16,4,0,4
2018-12-16,6,1,5
2018-12-15,10,3,7
2018-12-15,10,7,3
2018-12-15,23,10,13
2018-12-15,22,8,14
2018-12-15,21,6,15
2018-12-15,50,20,30
2018-12-15,46,25,21
2018-12-15,94,46,48
2018-12-15,86,43,43
2018-12-15,133,68,65
2018-12-15,113,59,54
2018-12-15,129,59,70
2018-12-15,105,52,53
2018-12-15,73,48,25
2018-12-15,62,26,36
2018-12-15,55,22,33
2018-12-15,20,8,12
2018-12-15,7,2,5
2018-12-15,4,3,1
2018-12-15,8,2,6
2018-12-15,3,1,2
2018-12-15,4,1,3
2018-12-15,3,2,1
2018-12-15,12,5,7
2018-12-14,15,6,9
2018-12-14,14,6,8
2018-12-14,25,7,18
2018-12-14,37,21,16
2018-12-14,62,14,48
2018-12-14,165,54,111
2018-12-14,328,62,266
2018-12-14,254,68,186
2018-12-14,116,47,69
2018-12-14,84,42,42
2018-12-14,70,34,36
2018-12-14,62,38,24
2018-12-14,60,22,38
2018-12-14,71,27,44
2018-12-14,196,84,112
2018-12-14,330,154,176
2018-12-14,221,109,112
2018-12-14,94,53,41
2018-12-14,25,12,13
2018-12-14,8,3,5
2018-12-14,7,3,4
2018-12-14,3,0,3
2018-12-14,3,2,1
2018-12-14,4,2,2
2018-12-13,11,3,8
2018-12-13,25,10,15
2018-12-13,34,9,25
2018-12-13,61,17,44
2018-12-13,107,31,76
2018-12-13,218,53,165
2018-12-13,350,71,279
2018-12-13,149,34,115
2018-12-13,92,31,61
2018-12-13,33,14,19
2018-12-13,41,17,24
2018-12-13,32,15,17
2018-12-13,44,19,25
2018-12-13,70,32,38
2018-12-13,172,71,101
2018-12-13,388,193,195
2018-12-13,221,113,108
2018-12-13,86,49,37
2018-12-13,28,15,13
2018-12-13,10,5,5
2018-12-13,4,1,3
2018-12-13,2,1,1
2018-12-13,0,0,0
2018-12-13,4,0,4
2018-12-12,5,1,4
2018-12-12,21,6,15
2018-12-12,29,10,19
2018-12-12,56,21,35
2018-12-12,109,35,74
2018-12-12,241,64,177
2018-12-12,400,98,302
2018-12-12,229,69,160
2018-12-12,105,28,77
2018-12-12,86,26,60
2018-12-12,62,29,33
2018-12-12,54,25,29
2018-12-12,57,28,29
2018-12-12,88,36,52
2018-12-12,188,83,105
2018-12-12,400,204,196
2018-12-12,307,145,162
2018-12-12,108,66,42
2018-12-12,31,19,12
2018-12-12,14,7,7
2018-12-12,3,1,2
2018-12-12,1,0,1
2018-12-12,6,4,2
2018-12-12,4,2,2
2018-12-11,14,3,11
2018-12-11,11,0,11
2018-12-11,28,12,16
2018-12-11,55,21,34
2018-12-11,82,20,62
2018-12-11,235,69,166
2018-12-11,350,75,275
2018-12-11,202,44,158
2018-12-11,76,25,51
2018-12-11,29,13,16
2018-12-11,31,18,13
2018-12-11,20,14,6
2018-12-11,32,18,14
2018-12-11,76,36,40
2018-12-11,180,76,104
2018-12-11,349,165,184
2018-12-11,220,111,109
2018-12-11,105,58,47
2018-12-11,26,13,13
2018-12-11,12,5,7
2018-12-11,2,2,0
2018-12-11,2,0,2
2018-12-11,3,1,2
2018-12-11,6,1,5
2018-12-10,4,1,3
2018-12-10,15,3,12
2018-12-10,34,12,22
2018-12-10,58,22,36
2018-12-10,102,32,70
2018-12-10,290,53,237
2018-12-10,481,113,368
2018-12-10,275,71,204
2018-12-10,120,43,77
2018-12-10,83,34,49
2018-12-10,70,36,34
2018-12-10,55,30,25
2018-12-10,44,21,23
2018-12-10,79,38,41
2018-12-10,230,98,132
2018-12-10,465,236,229
2018-12-10,262,131,131
2018-12-10,115,67,48
2018-12-10,38,22,16
2018-12-10,7,3,4
2018-12-10,2,2,0
2018-12-10,0,0,0
2018-12-10,1,1,0
2018-12-10,3,1,2
2018-12-09,3,2,1
2018-12-09,3,1,2
2018-12-09,6,5,1
2018-12-09,13,3,10
2018-12-09,12,9,3
2018-12-09,9,4,5
2018-12-09,11,5,6
2018-12-09,24,14,10
2018-12-09,14,11,3
2018-12-09,21,11,10
2018-12-09,21,12,9
2018-12-09,18,4,14
2018-12-09,22,17,5
2018-12-09,25,14,11
2018-12-09,21,12,9
2018-12-09,19,6,13
2018-12-09,14,7,7
2018-12-09,12,6,6
2018-12-09,4,0,4
2018-12-09,4,1,3
2018-12-09,0,0,0
2018-12-09,6,1,5
2018-12-09,3,0,3
2018-12-09,7,2,5
2018-12-08,11,5,6
2018-12-08,8,4,4
2018-12-08,12,3,9
2018-12-08,17,11,6
2018-12-08,20,8,12
2018-12-08,28,13,15
2018-12-08,34,19,15
2018-12-08,78,36,42
2018-12-08,84,38,46
2018-12-08,99,55,44
2018-12-08,83,43,40
2018-12-08,86,38,48
2018-12-08,85,41,44
2018-12-08,37,20,17
2018-12-08,40,25,15
2018-12-08,48,17,31
2018-12-08,19,6,13
2018-12-08,10,5,5
2018-12-08,3,0,3
2018-12-08,6,0,6
2018-12-08,2,0,2
2018-12-08,6,3,3
2018-12-08,5,1,4
2018-12-08,5,2,3
2018-12-07,22,8,14
2018-12-07,27,13,14
2018-12-07,15,2,13
2018-12-07,38,19,19
2018-12-07,80,28,52
2018-12-07,169,49,120
2018-12-07,381,90,291
2018-12-07,262,64,198
2018-12-07,120,37,83
2018-12-07,103,46,57
2018-12-07,64,25,39
2018-12-07,60,33,27
2018-12-07,78,39,39
2018-12-07,87,43,44
2018-12-07,223,92,131
2018-12-07,366,159,207
2018-12-07,207,101,106
2018-12-07,86,35,51
2018-12-07,18,10,8
2018-12-07,8,3,5
2018-12-07,3,2,1
2018-12-07,4,1,3
2018-12-07,3,1,2
2018-12-07,6,2,4
2018-12-06,8,3,5
2018-12-06,21,4,17
2018-12-06,35,8,27
2018-12-06,66,22,44
2018-12-06,126,33,93
2018-12-06,252,72,180
2018-12-06,381,84,297
2018-12-06,229,67,162
2018-12-06,135,55,80
2018-12-06,73,30,43
2018-12-06,67,32,35
2018-12-06,48,23,25
2018-12-06,62,26,36
2018-12-06,89,37,52
2018-12-06,232,102,130
2018-12-06,392,172,220
2018-12-06,233,108,125
2018-12-06,100,55,45
2018-12-06,30,20,10
2018-12-06,7,4,3
2018-12-06,1,1,0
2018-12-06,2,0,2
2018-12-06,1,1,0
2018-12-06,2,0,2
2018-12-05,14,4,10
2018-12-05,38,11,27
2018-12-05,38,13,25
2018-12-05,77,24,53
2018-12-05,108,27,81
2018-12-05,258,80,178
2018-12-05,436,113,323
2018-12-05,235,59,176
2018-12-05,118,45,73
2018-12-05,95,39,56
2018-12-05,62,26,36
2018-12-05,79,37,42
2018-12-05,66,43,23
2018-12-05,84,35,49
2018-12-05,203,81,122
2018-12-05,378,173,205
2018-12-05,283,135,148
2018-12-05,110,56,54
2018-12-05,23,15,8
2018-12-05,4,2,2
2018-12-05,3,1,2
2018-12-05,1,0,1
2018-12-05,2,1,1
2018-12-05,2,1,1
2018-12-04,10,2,8
2018-12-04,21,8,13
2018-12-04,33,8,25
2018-12-04,58,18,40
2018-12-04,126,30,96
2018-12-04,282,73,209
2018-12-04,460,96,364
2018-12-04,278,81,197
2018-12-04,105,42,63
2018-12-04,80,41,39
2018-12-04,64,27,37
2018-12-04,68,37,31
2018-12-04,73,29,44
2018-12-04,101,54,47
2018-12-04,258,106,152
2018-12-04,428,202,226
2018-12-04,286,156,130
2018-12-04,116,59,57
2018-12-04,26,12,14
2018-12-04,9,3,6
2018-12-04,3,2,1
2018-12-04,2,1,1
2018-12-04,0,0,0
2018-12-04,6,2,4
2018-12-03,10,6,4
2018-12-03,14,4,10
2018-12-03,37,12,25
2018-12-03,63,27,36
2018-12-03,131,41,90
2018-12-03,340,79,261
2018-12-03,508,115,393
2018-12-03,261,61,200
2018-12-03,141,54,87
2018-12-03,85,38,47
2018-12-03,71,37,34
2018-12-03,71,33,38
2018-12-03,54,32,22
2018-12-03,80,28,52
2018-12-03,246,95,151
2018-12-03,524,251,273
2018-12-03,281,149,132
2018-12-03,130,69,61
2018-12-03,32,19,13
2018-12-03,8,4,4
2018-12-03,0,0,0
2018-12-03,1,1,0
2018-12-03,1,1,0
2018-12-03,2,0,2
2018-12-02,4,0,4
2018-12-02,7,3,4
2018-12-02,9,3,6
2018-12-02,16,8,8
2018-12-02,20,8,12
2018-12-02,27,12,15
2018-12-02,40,17,23
2018-12-02,61,30,31
2018-12-02,68,31,37
2018-12-02,74,31,43
2018-12-02,57,33,24
2018-12-02,61,36,25
2018-12-02,52,37,15
2018-12-02,56,25,31
2018-12-02,47,23,24
2018-12-02,47,25,22
2018-12-02,26,12,14
2018-12-02,9,2,7
2018-12-02,4,1,3
2018-12-02,4,2,2
2018-12-02,1,0,1
2018-12-02,4,0,4
2018-12-02,6,1,5
2018-12-02,5,0,5
2018-12-01,10,4,6
2018-12-01,19,11,8
2018-12-01,17,8,9
2018-12-01,18,8,10
2018-12-01,14,9,5
2018-12-01,31,16,15
2018-12-01,48,23,25
2018-12-01,52,18,34
2018-12-01,67,34,33
2018-12-01,54,22,32
2018-12-01,74,43,31
2018-12-01,65,20,45
2018-12-01,66,33,33
2018-12-01,58,31,27
2018-12-01,57,34,23
2018-12-01,46,26,20
2018-12-01,26,12,14
2018-12-01,18,7,11
2018-12-01,3,1,2
2018-12-01,4,2,2
2018-12-01,4,0,4
2018-12-01,2,1,1
2018-12-01,9,8,1
2018-12-01,12,3,9
2018-11-30,14,5,9
2018-11-30,19,10,9
2018-11-30,28,11,17
2018-11-30,35,12,23
2018-11-30,75,22,53
2018-11-30,199,53,146
2018-11-30,433,86,347
2018-11-30,280,79,201
2018-11-30,138,51,87
2018-11-30,71,23,48
2018-11-30,76,34,42
2018-11-30,56,23,33
2018-11-30,71,33,38
2018-11-30,92,48,44
2018-11-30,210,91,119
2018-11-30,435,201,234
2018-11-30,235,110,125
2018-11-30,102,55,47
2018-11-30,20,9,11
2018-11-30,7,1,6
2018-11-30,3,1,2
2018-11-30,0,0,0
2018-11-30,3,0,3
2018-11-30,9,4,5
2018-11-29,19,3,16
2018-11-29,17,8,9
2018-11-29,51,15,36
2018-11-29,68,25,43
2018-11-29,141,41,100
2018-11-29,318,81,237
2018-11-29,523,122,401
2018-11-29,293,88,205
2018-11-29,151,64,87
2018-11-29,86,34,52
2018-11-29,74,35,39
2018-11-29,82,44,38
2018-11-29,83,40,43
2018-11-29,103,47,56
2018-11-29,241,104,137
2018-11-29,487,229,258
2018-11-29,310,155,155
2018-11-29,135,77,58
2018-11-29,36,21,15
2018-11-29,5,0,5
2018-11-29,4,1,3
2018-11-29,4,0,4
2018-11-29,3,1,2
2018-11-29,2,0,2
2018-11-28,13,5,8
2018-11-28,20,9,11
2018-11-28,31,10,21
2018-11-28,52,22,30
2018-11-28,121,29,92
2018-11-28,263,72,191
2018-11-28,398,99,299
2018-11-28,206,55,151
2018-11-28,71,28,43
2018-11-28,55,20,35
2018-11-28,41,19,22
2018-11-28,30,11,19
2018-11-28,35,14,21
2018-11-28,63,30,33
2018-11-28,187,82,105
2018-11-28,369,174,195
2018-11-28,266,139,127
2018-11-28,89,47,42
2018-11-28,28,15,13
2018-11-28,4,2,2
2018-11-28,2,1,1
2018-11-28,2,0,2
2018-11-28,4,1,3
2018-11-28,1,1,0
2018-11-27,9,0,9
2018-11-27,17,4,13
2018-11-27,26,10,16
2018-11-27,47,16,31
2018-11-27,96,30,66
2018-11-27,259,60,199
2018-11-27,427,93,334
2018-11-27,223,62,161
2018-11-27,96,44,52
2018-11-27,61,30,31
2018-11-27,73,31,42
2018-11-27,55,25,30
2018-11-27,60,31,29
2018-11-27,78,36,42
2018-11-27,240,113,127
2018-11-27,432,214,218
2018-11-27,251,129,122
2018-11-27,90,54,36
2018-11-27,24,11,13
2018-11-27,3,1,2
2018-11-27,2,1,1
2018-11-27,0,0,0
2018-11-27,1,0,1
2018-11-27,4,0,4
2018-11-26,5,1,4
2018-11-26,7,4,3
2018-11-26,20,2,18
2018-11-26,25,6,19
2018-11-26,87,24,63
2018-11-26,194,34,160
2018-11-26,340,68,272
2018-11-26,169,35,134
2018-11-26,68,23,45
2018-11-26,31,10,21
2018-11-26,29,15,14
2018-11-26,21,9,12
2018-11-26,24,10,14
2018-11-26,54,22,32
2018-11-26,146,62,84
2018-11-26,359,166,193
2018-11-26,221,101,120
2018-11-26,102,58,44
2018-11-26,34,21,13
2018-11-26,5,2,3
2018-11-26,0,0,0
2018-11-26,2,0,2
2018-11-26,3,1,2
2018-11-26,3,0,3
2018-11-25,10,6,4
2018-11-25,9,4,5
2018-11-25,8,6,2
2018-11-25,10,3,7
2018-11-25,18,8,10
2018-11-25,26,16,10
2018-11-25,34,17,17
2018-11-25,77,38,39
2018-11-25,83,47,36
2018-11-25,87,49,38
2018-11-25,87,42,45
2018-11-25,89,43,46
2018-11-25,110,66,44
2018-11-25,94,43,51
2018-11-25,80,42,38
2018-11-25,56,10,46
2018-11-25,18,10,8
2018-11-25,17,10,7
2018-11-25,1,0,1
2018-11-25,6,1,5
2018-11-25,0,0,0
2018-11-25,1,0,1
2018-11-25,5,1,4
2018-11-25,5,1,4
2018-11-24,13,2,11
2018-11-24,15,8,7
2018-11-24,15,6,9
2018-11-24,12,5,7
2018-11-24,25,10,15
2018-11-24,26,13,13
2018-11-24,41,11,30
2018-11-24,87,36,51
2018-11-24,121,61,60
2018-11-24,113,58,55
2018-11-24,118,55,63
2018-11-24,99,42,57
2018-11-24,110,40,70
2018-11-24,77,47,30
2018-11-24,51,27,24
2018-11-24,32,12,20
2018-11-24,24,12,12
2018-11-24,15,5,10
2018-11-24,3,1,2
2018-11-24,3,1,2
2018-11-24,4,2,2
2018-11-24,1,1,0
2018-11-24,5,2,3
2018-11-24,3,2,1
2018-11-23,8,1,7
2018-11-23,12,4,8
2018-11-23,7,2,5
2018-11-23,13,5,8
2018-11-23,20,6,14
2018-11-23,33,14,19
2018-11-23,39,16,23
2018-11-23,42,15,27
2018-11-23,35,18,17
2018-11-23,53,31,22
2018-11-23,76,40,36
2018-11-23,62,22,40
2018-11-23,41,17,24
2018-11-23,37,18,19
2018-11-23,37,22,15
2018-11-23,43,22,21
2018-11-23,23,10,13
2018-11-23,10,4,6
2018-11-23,4,1,3
2018-11-23,3,0,3
2018-11-23,0,0,0
2018-11-23,0,0,0
2018-11-23,0,0,0
2018-11-23,1,0,1
2018-11-22,3,2,1
2018-11-22,9,2,7
2018-11-22,3,1,2
2018-11-22,1,1,0
2018-11-22,7,4,3
2018-11-22,4,3,1
2018-11-22,4,0,4
2018-11-22,2,1,1
2018-11-22,8,3,5
2018-11-22,15,7,8
2018-11-22,20,4,16
2018-11-22,47,23,24
2018-11-22,43,18,25
2018-11-22,49,24,25
2018-11-22,51,27,24
2018-11-22,26,15,11
2018-11-22,13,4,9
2018-11-22,6,4,2
2018-11-22,3,1,2
2018-11-22,3,0,3
2018-11-22,2,2,0
2018-11-22,1,1,0
2018-11-22,2,1,1
2018-11-22,3,1,2
2018-11-21,7,4,3
2018-11-21,11,3,8
2018-11-21,23,15,8
2018-11-21,27,13,14
2018-11-21,43,13,30
2018-11-21,124,43,81
2018-11-21,226,50,176
2018-11-21,225,53,172
2018-11-21,157,55,102
2018-11-21,113,30,83
2018-11-21,67,22,45
2018-11-21,37,14,23
2018-11-21,34,15,19
2018-11-21,47,17,30
2018-11-21,125,57,68
2018-11-21,289,126,163
2018-11-21,197,87,110
2018-11-21,76,32,44
2018-11-21,33,19,14
2018-11-21,6,2,4
2018-11-21,4,2,2
2018-11-21,1,0,1
2018-11-21,0,0,0
2018-11-21,7,1,6
2018-11-20,22,7,15
2018-11-20,13,10,3
2018-11-20,38,14,24
2018-11-20,53,15,38
2018-11-20,100,27,73
2018-11-20,291,64,227
2018-11-20,480,87,393
2018-11-20,319,83,236
2018-11-20,138,55,83
2018-11-20,98,44,54
2018-11-20,81,38,43
2018-11-20,78,35,43
2018-11-20,81,33,48
2018-11-20,105,44,61
2018-11-20,245,110,135
2018-11-20,431,205,226
2018-11-20,298,147,151
2018-11-20,126,61,65
2018-11-20,31,16,15
2018-11-20,9,4,5
2018-11-20,5,2,3
2018-11-20,2,1,1
2018-11-20,0,0,0
2018-11-20,6,1,5
2018-11-19,12,5,7
2018-11-19,19,8,11
2018-11-19,50,13,37
2018-11-19,76,21,55
2018-11-19,120,42,78
2018-11-19,291,75,216
2018-11-19,505,109,396
2018-11-19,339,74,265
2018-11-19,163,66,97
2018-11-19,98,48,50
2018-11-19,89,35,54
2018-11-19,90,43,47
2018-11-19,85,37,48
2018-11-19,115,50,65
2018-11-19,281,118,163
2018-11-19,480,216,264
2018-11-19,338,163,175
2018-11-19,114,54,60
2018-11-19,35,23,12
2018-11-19,13,8,5
2018-11-19,0,0,0
2018-11-19,0,0,0
2018-11-19,0,0,0
2018-11-19,6,1,5
2018-11-18,7,6,1
2018-11-18,5,5,0
2018-11-18,11,6,5
2018-11-18,28,9,19
2018-11-18,19,8,11
2018-11-18,43,21,22
2018-11-18,69,45,24
2018-11-18,104,55,49
2018-11-18,140,81,59
2018-11-18,168,85,83
2018-11-18,186,85,101
2018-11-18,160,77,83
2018-11-18,128,67,61
2018-11-18,112,51,61
2018-11-18,76,32,44
2018-11-18,76,35,41
2018-11-18,21,14,7
2018-11-18,17,8,9
2018-11-18,6,2,4
2018-11-18,3,0,3
2018-11-18,2,1,1
2018-11-18,0,0,0
2018-11-18,9,5,4
2018-11-18,11,4,7
2018-11-17,15,8,7
2018-11-17,23,11,12
2018-11-17,17,8,9
2018-11-17,31,12,19
2018-11-17,29,19,10
2018-11-17,48,24,24
2018-11-17,80,35,45
2018-11-17,154,75,79
2018-11-17,186,111,75
2018-11-17,200,107,93
2018-11-17,178,84,94
2018-11-17,144,71,73
2018-11-17,175,83,92
2018-11-17,125,66,59
2018-11-17,73,39,34
2018-11-17,77,34,43
2018-11-17,37,16,21
2018-11-17,21,9,12
2018-11-17,5,2,3
2018-11-17,3,0,3
2018-11-17,7,2,5
2018-11-17,3,1,2
2018-11-17,14,8,6
2018-11-17,28,12,16
2018-11-16,27,12,15
2018-11-16,27,11,16
2018-11-16,40,17,23
2018-11-16,69,22,47
2018-11-16,86,22,64
2018-11-16,255,74,181
2018-11-16,434,110,324
2018-11-16,325,79,246
2018-11-16,162,51,111
2018-11-16,85,34,51
2018-11-16,73,31,42
2018-11-16,71,23,48
2018-11-16,70,33,37
2018-11-16,86,32,54
2018-11-16,224,101,123
2018-11-16,452,227,225
2018-11-16,258,128,130
2018-11-16,122,65,57
2018-11-16,28,14,14
2018-11-16,9,3,6
2018-11-16,1,1,0
2018-11-16,3,2,1
2018-11-16,5,2,3
2018-11-16,6,1,5
2018-11-15,18,4,14
2018-11-15,31,8,23
2018-11-15,56,15,41
2018-11-15,85,19,66
2018-11-15,149,41,108
2018-11-15,307,81,226
2018-11-15,508,115,393
2018-11-15,305,79,226
2018-11-15,147,56,91
2018-11-15,87,30,57
2018-11-15,83,34,49
2018-11-15,82,42,40
2018-11-15,71,27,44
2018-11-15,101,43,58
2018-11-15,245,127,118
2018-11-15,483,243,240
2018-11-15,304,148,156
2018-11-15,119,65,54
2018-11-15,33,14,19
2018-11-15,10,7,3
2018-11-15,1,1,0
2018-11-15,5,1,4
2018-11-15,1,0,1
2018-11-15,4,3,1
2018-11-14,14,7,7
2018-11-14,25,8,17
2018-11-14,50,19,31
2018-11-14,63,32,31
2018-11-14,104,23,81
2018-11-14,305,87,218
2018-11-14,428,95,333
2018-11-14,248,65,183
2018-11-14,113,42,71
2018-11-14,60,28,32
2018-11-14,65,22,43
2018-11-14,48,25,23
2018-11-14,54,27,27
2018-11-14,81,40,41
2018-11-14,228,104,124
2018-11-14,395,170,225
2018-11-14,284,141,143
2018-11-14,129,72,57
2018-11-14,27,14,13
2018-11-14,5,4,1
2018-11-14,3,1,2
2018-11-14,3,0,3
2018-11-14,1,0,1
2018-11-14,5,1,4
2018-11-13,10,3,7
2018-11-13,21,7,14
2018-11-13,36,12,24
2018-11-13,81,27,54
2018-11-13,153,43,110
2018-11-13,338,86,252
2018-11-13,525,117,408
2018-11-13,331,93,238
2018-11-13,168,66,102
2018-11-13,102,38,64
2018-11-13,75,24,51
2018-11-13,68,35,33
2018-11-13,75,33,42
2018-11-13,108,37,71
2018-11-13,282,137,145
2018-11-13,550,269,281
2018-11-13,331,159,172
2018-11-13,151,77,74
2018-11-13,35,19,16
2018-11-13,10,5,5
2018-11-13,2,1,1
2018-11-13,3,2,1
2018-11-13,0,0,0
2018-11-13,2,0,2
2018-11-12,10,2,8
2018-11-12,19,8,11
2018-11-12,28,6,22
2018-11-12,49,20,29
2018-11-12,85,21,64
2018-11-12,285,69,216
2018-11-12,425,96,329
2018-11-12,283,71,212
2018-11-12,171,74,97
2018-11-12,113,55,58
2018-11-12,100,52,48
2018-11-12,69,34,35
2018-11-12,90,44,46
2018-11-12,106,41,65
2018-11-12,235,97,138
2018-11-12,410,204,206
2018-11-12,248,113,135
2018-11-12,92,51,41
2018-11-12,31,14,17
2018-11-12,10,5,5
2018-11-12,1,1,0
2018-11-12,0,0,0
2018-11-12,5,2,3
2018-11-12,7,3,4
2018-11-11,10,2,8
2018-11-11,10,6,4
2018-11-11,15,9,6
2018-11-11,20,9,11
2018-11-11,19,10,9
2018-11-11,40,15,25
2018-11-11,48,16,32
2018-11-11,82,44,38
2018-11-11,115,63,52
2018-11-11,121,62,59
2018-11-11,141,73,68
2018-11-11,135,63,72
2018-11-11,120,62,58
2018-11-11,88,48,40
2018-11-11,42,26,16
2018-11-11,55,22,33
2018-11-11,24,13,11
2018-11-11,9,4,5
2018-11-11,5,2,3
2018-11-11,4,1,3
2018-11-11,0,0,0
2018-11-11,4,0,4
2018-11-11,6,3,3
2018-11-11,7,2,5
2018-11-10,23,6,17
2018-11-10,11,7,4
2018-11-10,27,4,23
2018-11-10,19,7,12
2018-11-10,18,4,14
2018-11-10,46,20,26
2018-11-10,55,20,35
2018-11-10,120,55,65
2018-11-10,121,60,61
2018-11-10,123,62,61
2018-11-10,124,64,60
2018-11-10,100,46,54
2018-11-10,98,50,48
2018-11-10,71,42,29
2018-11-10,69,37,32
2018-11-10,57,33,24
2018-11-10,29,14,15
2018-11-10,17,7,10
2018-11-10,9,2,7
2018-11-10,4,1,3
2018-11-10,2,1,1
2018-11-10,4,3,1
2018-11-10,7,3,4
2018-11-10,10,5,5
2018-11-09,15,4,11
2018-11-09,27,11,16
2018-11-09,26,6,20
2018-11-09,35,12,23
2018-11-09,94,32,62
2018-11-09,228,44,184
2018-11-09,389,100,289
2018-11-09,262,58,204
2018-11-09,133,51,82
2018-11-09,77,17,60
2018-11-09,65,24,41
2018-11-09,37,20,17
2018-11-09,35,11,24
2018-11-09,69,28,41
2018-11-09,178,79,99
2018-11-09,406,197,209
2018-11-09,268,133,135
2018-11-09,98,52,46
2018-11-09,25,16,9
2018-11-09,13,5,8
2018-11-09,3,1,2
2018-11-09,1,0,1
2018-11-09,3,1,2
2018-11-09,12,2,10
2018-11-08,32,8,24
2018-11-08,26,12,14
2018-11-08,64,26,38
2018-11-08,68,14,54
2018-11-08,134,34,100
2018-11-08,292,72,220
2018-11-08,525,130,395
2018-11-08,317,93,224
2018-11-08,177,83,94
2018-11-08,111,36,75
2018-11-08,95,38,57
2018-11-08,71,37,34
2018-11-08,91,39,52
2018-11-08,82,29,53
2018-11-08,241,102,139
2018-11-08,471,241,230
2018-11-08,332,166,166
2018-11-08,131,70,61
2018-11-08,41,21,20
2018-11-08,10,5,5
2018-11-08,4,2,2
2018-11-08,1,1,0
2018-11-08,8,2,6
2018-11-08,3,2,1
2018-11-07,15,3,12
2018-11-07,32,9,23
2018-11-07,41,8,33
2018-11-07,62,12,50
2018-11-07,136,49,87
2018-11-07,366,90,276
2018-11-07,556,133,423
2018-11-07,346,98,248
2018-11-07,139,59,80
2018-11-07,86,42,44
2018-11-07,91,38,53
2018-11-07,75,34,41
2018-11-07,79,29,50
2018-11-07,111,53,58
2018-11-07,277,132,145
2018-11-07,532,251,281
2018-11-07,383,191,192
2018-11-07,149,82,67
2018-11-07,41,23,18
2018-11-07,10,7,3
2018-11-07,2,1,1
2018-11-07,1,0,1
2018-11-07,2,0,2
2018-11-07,6,3,3
2018-11-06,12,1,11
2018-11-06,36,13,23
2018-11-06,47,13,34
2018-11-06,79,35,44
2018-11-06,115,35,80
2018-11-06,351,84,267
2018-11-06,596,134,462
2018-11-06,347,93,254
2018-11-06,143,65,78
2018-11-06,92,45,47
2018-11-06,73,29,44
2018-11-06,87,42,45
2018-11-06,64,28,36
2018-11-06,91,42,49
2018-11-06,213,107,106
2018-11-06,539,256,283
2018-11-06,449,222,227
2018-11-06,150,77,73
2018-11-06,38,19,19
2018-11-06,9,6,3
2018-11-06,3,1,2
2018-11-06,1,1,0
2018-11-06,1,0,1
2018-11-06,3,0,3
2018-11-05,12,4,8
2018-11-05,24,11,13
2018-11-05,50,26,24
2018-11-05,68,26,42
2018-11-05,117,34,83
2018-11-05,315,67,248
2018-11-05,571,141,430
2018-11-05,297,79,218
2018-11-05,133,54,79
2018-11-05,88,31,57
2018-11-05,66,30,36
2018-11-05,75,32,43
2018-11-05,53,24,29
2018-11-05,95,43,52
2018-11-05,242,108,134
2018-11-05,536,262,274
2018-11-05,366,179,187
2018-11-05,142,81,61
2018-11-05,45,26,19
2018-11-05,0,0,0
2018-11-05,3,1,2
2018-11-05,1,1,0
2018-11-05,1,0,1
2018-11-05,7,4,3
2018-11-04,12,9,3
2018-11-04,11,3,8
2018-11-04,13,2,11
2018-11-04,9,5,4
2018-11-04,23,12,11
2018-11-04,40,18,22
2018-11-04,60,25,35
2018-11-04,115,53,62
2018-11-04,115,62,53
2018-11-04,136,61,75
2018-11-04,150,77,73
2018-11-04,110,54,56
2018-11-04,124,70,54
2018-11-04,106,53,53
2018-11-04,83,44,39
2018-11-04,55,28,27
2018-11-04,22,15,7
2018-11-04,11,8,3
2018-11-04,7,3,4
2018-11-04,5,1,4
2018-11-04,1,0,1
2018-11-04,0,0,0
2018-11-04,9,5,4
2018-11-04,3,1,2
2018-11-03,13,7,6
2018-11-03,24,14,10
2018-11-03,16,6,10
2018-11-03,17,8,9
2018-11-03,20,11,9
2018-11-03,21,9,12
2018-11-03,59,31,28
2018-11-03,49,22,27
2018-11-03,48,18,30
2018-11-03,36,19,17
2018-11-03,40,22,18
2018-11-03,58,33,25
2018-11-03,57,33,24
2018-11-03,48,30,18
2018-11-03,49,24,25
2018-11-03,39,22,17
2018-11-03,25,10,15
2018-11-03,14,5,9
2018-11-03,3,1,2
2018-11-03,8,1,7
2018-11-03,4,2,2
2018-11-03,6,4,2
2018-11-03,7,1,6
2018-11-03,20,9,11
2018-11-02,23,8,15
2018-11-02,23,6,17
2018-11-02,28,9,19
2018-11-02,46,14,32
2018-11-02,89,25,64
2018-11-02,264,77,187
2018-11-02,492,120,372
2018-11-02,287,71,216
2018-11-02,137,44,93
2018-11-02,97,37,60
2018-11-02,54,19,35
2018-11-02,73,38,35
2018-11-02,52,24,28
2018-11-02,83,36,47
2018-11-02,211,100,111
2018-11-02,458,211,247
2018-11-02,270,127,143
2018-11-02,86,40,46
2018-11-02,25,15,10
2018-11-02,10,4,6
2018-11-02,1,1,0
2018-11-02,1,0,1
2018-11-02,4,1,3
2018-11-02,3,2,1
2018-11-01,13,4,9
2018-11-01,29,8,21
2018-11-01,40,17,23
2018-11-01,68,23,45
2018-11-01,165,44,121
2018-11-01,325,84,241
2018-11-01,500,130,370
2018-11-01,261,70,191
2018-11-01,116,46,70
2018-11-01,72,19,53
2018-11-01,47,24,23
2018-11-01,69,37,32
2018-11-01,64,35,29
2018-11-01,85,39,46
2018-11-01,251,122,129
2018-11-01,503,240,263
2018-11-01,306,146,160
2018-11-01,119,57,62
2018-11-01,28,11,17
2018-11-01,11,5,6
2018-11-01,4,3,1
2018-11-01,3,2,1
2018-11-01,2,0,2
2018-11-01,7,1,6
2018-10-31,20,9,11
2018-10-31,27,12,15
2018-10-31,34,15,19
2018-10-31,47,16,31
2018-10-31,81,23,58
2018-10-31,253,77,176
2018-10-31,481,116,365
2018-10-31,347,79,268
2018-10-31,156,56,100
2018-10-31,87,32,55
2018-10-31,76,28,48
2018-10-31,55,25,30
2018-10-31,62,30,32
2018-10-31,97,40,57
2018-10-31,228,101,127
2018-10-31,465,210,255
2018-10-31,326,163,163
2018-10-31,117,62,55
2018-10-31,33,18,15
2018-10-31,10,4,6
2018-10-31,2,2,0
2018-10-31,2,0,2
2018-10-31,4,2,2
2018-10-31,8,2,6
2018-10-30,16,7,9
2018-10-30,31,15,16
2018-10-30,35,13,22
2018-10-30,77,26,51
2018-10-30,150,46,104
2018-10-30,390,86,304
2018-10-30,606,163,443
2018-10-30,298,85,213
2018-10-30,137,44,93
2018-10-30,75,36,39
2018-10-30,86,32,54
2018-10-30,72,35,37
2018-10-30,71,41,30
2018-10-30,104,47,57
2018-10-30,264,121,143
2018-10-30,546,256,290
2018-10-30,345,164,181
2018-10-30,147,73,74
2018-10-30,30,16,14
2018-10-30,16,9,7
2018-10-30,1,1,0
2018-10-30,4,3,1
2018-10-30,4,1,3
2018-10-30,10,8,2
2018-10-29,17,8,9
2018-10-29,21,11,10
2018-10-29,33,12,21
2018-10-29,69,27,42
2018-10-29,145,40,105
2018-10-29,302,80,222
2018-10-29,551,138,413
2018-10-29,273,70,203
2018-10-29,110,38,72
2018-10-29,55,24,31
2018-10-29,73,39,34
2018-10-29,66,31,35
2018-10-29,60,26,34
2018-10-29,115,59,56
2018-10-29,274,140,134
2018-10-29,510,248,262
2018-10-29,304,149,155
2018-10-29,140,70,70
2018-10-29,32,20,12
2018-10-29,18,9,9
2018-10-29,1,0,1
2018-10-29,3,3,0
2018-10-29,1,0,1
2018-10-29,0,0,0
2018-10-28,8,3,5
2018-10-28,9,5,4
2018-10-28,10,1,9
2018-10-28,13,9,4
2018-10-28,9,3,6
2018-10-28,17,10,7
2018-10-28,33,20,13
2018-10-28,58,26,32
2018-10-28,58,27,31
2018-10-28,73,38,35
2018-10-28,88,37,51
2018-10-28,66,36,30
2018-10-28,42,19,23
2018-10-28,42,20,22
2018-10-28,37,14,23
2018-10-28,29,11,18
2018-10-28,8,4,4
2018-10-28,6,4,2
2018-10-28,3,1,2
2018-10-28,2,0,2
2018-10-28,4,2,2
2018-10-28,2,1,1
2018-10-28,8,2,6
2018-10-28,8,4,4
2018-10-27,7,1,6
2018-10-27,7,4,3
2018-10-27,8,3,5
2018-10-27,6,6,0
2018-10-27,16,7,9
2018-10-27,26,11,15
2018-10-27,44,25,19
2018-10-27,69,26,43
2018-10-27,93,46,47
2018-10-27,138,82,56
2018-10-27,146,84,62
2018-10-27,131,66,65
2018-10-27,87,50,37
2018-10-27,89,55,34
2018-10-27,61,26,35
2018-10-27,69,35,34
2018-10-27,24,9,15
2018-10-27,15,5,10
2018-10-27,16,4,12
2018-10-27,7,2,5
2018-10-27,4,1,3
2018-10-27,7,3,4
2018-10-27,8,3,5
2018-10-27,19,7,12
2018-10-26,16,6,10
2018-10-26,29,12,17
2018-10-26,36,19,17
2018-10-26,39,15,24
2018-10-26,91,27,64
2018-10-26,216,67,149
2018-10-26,442,121,321
2018-10-26,283,80,203
2018-10-26,143,65,78
2018-10-26,104,45,59
2018-10-26,97,32,65
2018-10-26,59,27,32
2018-10-26,50,23,27
2018-10-26,77,39,38
2018-10-26,205,104,101
2018-10-26,391,168,223
2018-10-26,252,121,131
2018-10-26,101,57,44
2018-10-26,21,11,10
2018-10-26,11,5,6
2018-10-26,1,1,0
2018-10-26,0,0,0
2018-10-26,5,1,4
2018-10-26,4,4,0
2018-10-25,12,4,8
2018-10-25,17,8,9
2018-10-25,49,8,41
2018-10-25,48,11,37
2018-10-25,117,35,82
2018-10-25,239,62,177
2018-10-25,439,110,329
2018-10-25,221,64,157
2018-10-25,98,34,64
2018-10-25,59,25,34
2018-10-25,37,18,19
2018-10-25,38,18,20
2018-10-25,38,22,16
2018-10-25,75,32,43
2018-10-25,189,80,109
2018-10-25,377,178,199
2018-10-25,295,149,146
2018-10-25,124,68,56
2018-10-25,31,18,13
2018-10-25,9,8,1
2018-10-25,5,2,3
2018-10-25,5,2,3
2018-10-25,4,0,4
2018-10-25,7,5,2
2018-10-24,19,9,10
2018-10-24,25,12,13
2018-10-24,77,33,44
2018-10-24,100,37,63
2018-10-24,154,49,105
2018-10-24,346,100,246
2018-10-24,631,168,463
2018-10-24,350,124,226
2018-10-24,159,67,92
2018-10-24,93,47,46
2018-10-24,88,46,42
2018-10-24,83,30,53
2018-10-24,82,36,46
2018-10-24,103,43,60
2018-10-24,246,112,134
2018-10-24,526,252,274
2018-10-24,360,186,174
2018-10-24,136,66,70
2018-10-24,39,23,16
2018-10-24,10,5,5
2018-10-24,3,1,2
2018-10-24,1,0,1
2018-10-24,6,2,4
2018-10-24,5,1,4
2018-10-23,9,2,7
2018-10-23,25,6,19
2018-10-23,41,18,23
2018-10-23,66,21,45
2018-10-23,122,30,92
2018-10-23,318,75,243
2018-10-23,636,150,486
2018-10-23,297,88,209
2018-10-23,142,53,89
2018-10-23,79,29,50
2018-10-23,79,35,44
2018-10-23,95,52,43
2018-10-23,79,43,36
2018-10-23,92,43,49
2018-10-23,271,115,156
2018-10-23,567,259,308
2018-10-23,350,181,169
2018-10-23,161,77,84
2018-10-23,29,13,16
2018-10-23,9,4,5
2018-10-23,3,2,1
2018-10-23,4,2,2
2018-10-23,1,0,1
2018-10-23,4,0,4
2018-10-22,14,6,8
2018-10-22,20,5,15
2018-10-22,30,12,18
2018-10-22,66,27,39
2018-10-22,148,51,97
2018-10-22,372,94,278
2018-10-22,601,155,446
2018-10-22,317,89,228
2018-10-22,153,51,102
2018-10-22,66,24,42
2018-10-22,76,33,43
2018-10-22,69,29,40
2018-10-22,72,32,40
2018-10-22,102,45,57
2018-10-22,267,124,143
2018-10-22,554,253,301
2018-10-22,336,170,166
2018-10-22,130,58,72
2018-10-22,32,26,6
2018-10-22,7,3,4
2018-10-22,4,2,2
2018-10-22,0,0,0
2018-10-22,4,0,4
2018-10-22,5,2,3
2018-10-21,6,4,2
2018-10-21,18,4,14
2018-10-21,13,5,8
2018-10-21,14,7,7
2018-10-21,28,13,15
2018-10-21,76,37,39
2018-10-21,125,62,63
2018-10-21,152,83,69
2018-10-21,135,61,74
2018-10-21,135,67,68
2018-10-21,104,45,59
2018-10-21,85,36,49
2018-10-21,77,48,29
2018-10-21,74,36,38
2018-10-21,70,40,30
2018-10-21,49,25,24
2018-10-21,18,10,8
2018-10-21,12,5,7
2018-10-21,6,2,4
2018-10-21,4,1,3
2018-10-21,1,1,0
2018-10-21,7,1,6
2018-10-21,7,5,2
2018-10-21,16,7,9
2018-10-20,24,7,17
2018-10-20,23,9,14
2018-10-20,32,13,19
2018-10-20,40,18,22
2018-10-20,53,31,22
2018-10-20,85,46,39
2018-10-20,142,74,68
2018-10-20,206,102,104
2018-10-20,169,81,88
2018-10-20,124,53,71
2018-10-20,84,46,38
2018-10-20,105,58,47
2018-10-20,132,64,68
2018-10-20,104,49,55
2018-10-20,86,40,46
2018-10-20,72,30,42
2018-10-20,33,11,22
2018-10-20,20,6,14
2018-10-20,2,2,0
2018-10-20,5,0,5
2018-10-20,6,3,3
2018-10-20,3,1,2
2018-10-20,10,5,5
2018-10-20,18,7,11
2018-10-19,19,7,12
2018-10-19,23,9,14
2018-10-19,28,13,15
2018-10-19,58,27,31
2018-10-19,122,36,86
2018-10-19,314,86,228
2018-10-19,580,128,452
2018-10-19,386,116,270
2018-10-19,205,67,138
2018-10-19,110,50,60
2018-10-19,110,47,63
2018-10-19,89,37,52
2018-10-19,80,37,43
2018-10-19,124,58,66
2018-10-19,290,133,157
2018-10-19,487,239,248
2018-10-19,305,150,155
2018-10-19,125,66,59
2018-10-19,39,20,19
2018-10-19,7,3,4
2018-10-19,4,3,1
2018-10-19,4,3,1
2018-10-19,3,2,1
2018-10-19,15,6,9
2018-10-18,30,9,21
2018-10-18,40,13,27
2018-10-18,61,20,41
2018-10-18,69,19,50
2018-10-18,144,42,102
2018-10-18,431,121,310
2018-10-18,692,158,534
2018-10-18,396,136,260
2018-10-18,194,76,118
2018-10-18,125,64,61
2018-10-18,112,58,54
2018-10-18,106,43,63
2018-10-18,101,45,56
2018-10-18,120,53,67
2018-10-18,292,132,160
2018-10-18,592,278,314
2018-10-18,391,187,204
2018-10-18,129,77,52
2018-10-18,40,21,19
2018-10-18,11,4,7
2018-10-18,3,1,2
2018-10-18,2,0,2
2018-10-18,3,0,3
2018-10-18,6,1,5
2018-10-17,22,6,16
2018-10-17,32,9,23
2018-10-17,68,23,45
2018-10-17,97,38,59
2018-10-17,203,73,130
2018-10-17,419,140,279
2018-10-17,761,200,561
2018-10-17,398,115,283
2018-10-17,209,91,118
2018-10-17,111,59,52
2018-10-17,108,44,64
2018-10-17,85,37,48
2018-10-17,104,47,57
2018-10-17,130,57,73
2018-10-17,302,131,171
2018-10-17,576,281,295
2018-10-17,425,197,228
2018-10-17,156,81,75
2018-10-17,44,24,20
2018-10-17,14,6,8
2018-10-17,5,3,2
2018-10-17,4,1,3
2018-10-17,11,2,9
2018-10-17,10,3,7
2018-10-16,16,4,12
2018-10-16,38,17,21
2018-10-16,74,36,38
2018-10-16,91,31,60
2018-10-16,162,47,115
2018-10-16,448,149,299
2018-10-16,764,190,574
2018-10-16,410,120,290
2018-10-16,189,65,124
2018-10-16,146,68,78
2018-10-16,113,50,63
2018-10-16,87,45,42
2018-10-16,113,57,56
2018-10-16,118,54,64
2018-10-16,330,144,186
2018-10-16,659,334,325
2018-10-16,408,189,219
2018-10-16,174,99,75
2018-10-16,44,24,20
2018-10-16,18,10,8
2018-10-16,0,0,0
2018-10-16,2,1,1
2018-10-16,0,0,0
2018-10-16,11,5,6
2018-10-15,16,5,11
2018-10-15,17,4,13
2018-10-15,55,18,37
2018-10-15,86,36,50
2018-10-15,172,46,126
2018-10-15,394,114,280
2018-10-15,731,187,544
2018-10-15,370,96,274
2018-10-15,174,66,108
2018-10-15,111,46,65
2018-10-15,79,37,42
2018-10-15,80,40,40
2018-10-15,67,27,40
2018-10-15,98,43,55
2018-10-15,310,142,168
2018-10-15,660,315,345
2018-10-15,382,193,189
2018-10-15,153,75,78
2018-10-15,41,22,19
2018-10-15,18,9,9
2018-10-15,4,2,2
2018-10-15,2,1,1
2018-10-15,1,0,1
2018-10-15,9,1,8
2018-10-14,13,3,10
2018-10-14,15,3,12
2018-10-14,26,10,16
2018-10-14,51,13,38
2018-10-14,56,23,33
2018-10-14,122,71,51
2018-10-14,129,70,59
2018-10-14,178,97,81
2018-10-14,200,103,97
2018-10-14,206,86,120
2018-10-14,178,65,113
2018-10-14,164,83,81
2018-10-14,131,60,71
2018-10-14,99,49,50
2018-10-14,68,38,30
2018-10-14,59,27,32
2018-10-14,33,20,13
2018-10-14,12,4,8
2018-10-14,4,3,1
2018-10-14,5,1,4
2018-10-14,1,0,1
2018-10-14,10,4,6
2018-10-14,6,1,5
2018-10-14,13,6,7
2018-10-13,18,6,12
2018-10-13,15,4,11
2018-10-13,27,11,16
2018-10-13,40,14,26
2018-10-13,50,26,24
2018-10-13,115,60,55
2018-10-13,138,75,63
2018-10-13,160,85,75
2018-10-13,170,77,93
2018-10-13,164,96,68
2018-10-13,171,99,72
2018-10-13,140,66,74
2018-10-13,146,75,71
2018-10-13,131,58,73
2018-10-13,108,64,44
2018-10-13,61,26,35
2018-10-13,24,6,18
2018-10-13,18,8,10
2018-10-13,4,1,3
2018-10-13,6,0,6
2018-10-13,4,1,3
2018-10-13,3,2,1
2018-10-13,15,4,11
2018-10-13,16,4,12
2018-10-12,37,11,26
2018-10-12,42,14,28
2018-10-12,48,15,33
2018-10-12,70,24,46
2018-10-12,121,33,88
2018-10-12,296,106,190
2018-10-12,547,145,402
2018-10-12,410,99,311
2018-10-12,200,70,130
2018-10-12,128,53,75
2018-10-12,106,55,51
2018-10-12,129,47,82
2018-10-12,122,56,66
2018-10-12,115,50,65
2018-10-12,293,128,165
2018-10-12,437,205,232
2018-10-12,299,146,153
2018-10-12,94,43,51
2018-10-12,32,13,19
2018-10-12,6,3,3
2018-10-12,3,1,2
2018-10-12,3,1,2
2018-10-12,4,2,2
2018-10-12,11,3,8
2018-10-11,27,12,15
2018-10-11,54,21,33
2018-10-11,67,16,51
2018-10-11,98,35,63
2018-10-11,178,62,116
2018-10-11,442,127,315
2018-10-11,633,163,470
2018-10-11,401,120,281
2018-10-11,159,69,90
2018-10-11,119,63,56
2018-10-11,96,50,46
2018-10-11,76,37,39
2018-10-11,81,38,43
2018-10-11,88,40,48
2018-10-11,289,126,163
2018-10-11,593,299,294
2018-10-11,373,182,191
2018-10-11,134,81,53
2018-10-11,30,20,10
2018-10-11,14,9,5
2018-10-11,4,2,2
2018-10-11,1,1,0
2018-10-11,1,0,1
2018-10-11,15,2,13
2018-10-10,20,6,14
2018-10-10,32,18,14
2018-10-10,73,30,43
2018-10-10,104,35,69
2018-10-10,166,48,118
2018-10-10,402,130,272
2018-10-10,725,167,558
2018-10-10,346,106,240
2018-10-10,168,57,111
2018-10-10,112,43,69
2018-10-10,92,50,42
2018-10-10,92,52,40
2018-10-10,84,36,48
2018-10-10,119,54,65
2018-10-10,282,128,154
2018-10-10,567,294,273
2018-10-10,436,224,212
2018-10-10,147,80,67
2018-10-10,37,21,16
2018-10-10,17,8,9
2018-10-10,5,3,2
2018-10-10,1,0,1
2018-10-10,2,2,0
2018-10-10,9,4,5
2018-10-09,21,8,13
2018-10-09,24,8,16
2018-10-09,46,18,28
2018-10-09,91,28,63
2018-10-09,160,60,100
2018-10-09,378,122,256
2018-10-09,584,163,421
2018-10-09,308,68,240
2018-10-09,121,43,78
2018-10-09,94,35,59
2018-10-09,81,46,35
2018-10-09,85,49,36
2018-10-09,73,34,39
2018-10-09,103,48,55
2018-10-09,288,119,169
2018-10-09,487,229,258
2018-10-09,306,158,148
2018-10-09,138,72,66
2018-10-09,40,19,21
2018-10-09,9,5,4
2018-10-09,4,2,2
2018-10-09,0,0,0
2018-10-09,2,2,0
2018-10-09,2,1,1
2018-10-08,9,3,6
2018-10-08,22,5,17
2018-10-08,27,7,20
2018-10-08,53,16,37
2018-10-08,106,28,78
2018-10-08,304,80,224
2018-10-08,433,112,321
2018-10-08,225,70,155
2018-10-08,96,43,53
2018-10-08,65,26,39
2018-10-08,51,30,21
2018-10-08,35,17,18
2018-10-08,34,18,16
2018-10-08,74,29,45
2018-10-08,254,131,123
2018-10-08,432,202,230
2018-10-08,264,134,130
2018-10-08,97,47,50
2018-10-08,31,16,15
2018-10-08,10,5,5
2018-10-08,6,4,2
2018-10-08,1,0,1
2018-10-08,2,2,0
2018-10-08,6,1,5
2018-10-07,9,4,5
2018-10-07,9,5,4
2018-10-07,8,3,5
2018-10-07,24,10,14
2018-10-07,26,12,14
2018-10-07,66,32,34
2018-10-07,59,23,36
2018-10-07,57,27,30
2018-10-07,71,43,28
2018-10-07,54,34,20
2018-10-07,67,46,21
2018-10-07,71,35,36
2018-10-07,63,29,34
2018-10-07,78,41,37
2018-10-07,54,29,25
2018-10-07,50,21,29
2018-10-07,31,18,13
2018-10-07,20,9,11
2018-10-07,4,1,3
2018-10-07,6,4,2
2018-10-07,5,1,4
2018-10-07,6,6,0
2018-10-07,8,4,4
2018-10-07,17,5,12
2018-10-06,14,4,10
2018-10-06,20,8,12
2018-10-06,25,9,16
2018-10-06,41,21,20
2018-10-06,43,22,21
2018-10-06,96,39,57
2018-10-06,139,63,76
2018-10-06,173,63,110
2018-10-06,131,66,65
2018-10-06,165,65,100
2018-10-06,139,67,72
2018-10-06,105,46,59
2018-10-06,97,51,46
2018-10-06,66,30,36
2018-10-06,63,31,32
2018-10-06,86,40,46
2018-10-06,33,11,22
2018-10-06,19,7,12
2018-10-06,3,1,2
2018-10-06,3,1,2
2018-10-06,2,1,1
2018-10-06,1,0,1
2018-10-06,9,5,4
2018-10-06,11,8,3
2018-10-05,15,7,8
2018-10-05,19,6,13
2018-10-05,26,6,20
2018-10-05,44,17,27
2018-10-05,80,27,53
2018-10-05,187,54,133
2018-10-05,352,83,269
2018-10-05,212,54,158
2018-10-05,92,30,62
2018-10-05,60,18,42
2018-10-05,46,26,20
2018-10-05,31,15,16
2018-10-05,30,13,17
2018-10-05,72,28,44
2018-10-05,195,92,103
2018-10-05,371,181,190
2018-10-05,233,115,118
2018-10-05,101,45,56
2018-10-05,30,16,14
2018-10-05,17,5,12
2018-10-05,6,4,2
2018-10-05,3,1,2
2018-10-05,9,1,8
2018-10-05,16,6,10
2018-10-04,19,6,13
2018-10-04,41,15,26
2018-10-04,69,20,49
2018-10-04,99,33,66
2018-10-04,148,50,98
2018-10-04,415,127,288
2018-10-04,643,157,486
2018-10-04,347,104,243
2018-10-04,181,68,113
2018-10-04,125,49,76
2018-10-04,108,39,69
2018-10-04,94,53,41
2018-10-04,86,47,39
2018-10-04,140,63,77
2018-10-04,267,115,152
2018-10-04,552,262,290
2018-10-04,347,169,178
2018-10-04,147,73,74
2018-10-04,45,23,22
2018-10-04,14,5,9
2018-10-04,3,1,2
2018-10-04,7,6,1
2018-10-04,5,3,2
2018-10-04,4,1,3
2018-10-03,16,4,12
2018-10-03,33,14,19
2018-10-03,56,22,34
2018-10-03,83,22,61
2018-10-03,168,49,119
2018-10-03,432,125,307
2018-10-03,625,152,473
2018-10-03,329,96,233
2018-10-03,150,54,96
2018-10-03,96,39,57
2018-10-03,84,47,37
2018-10-03,85,37,48
2018-10-03,112,53,59
2018-10-03,105,47,58
2018-10-03,294,134,160
2018-10-03,581,274,307
2018-10-03,418,207,211
2018-10-03,138,76,62
2018-10-03,48,28,20
2018-10-03,16,7,9
2018-10-03,3,3,0
2018-10-03,3,2,1
2018-10-03,0,0,0
2018-10-03,6,4,2
2018-10-02,23,9,14
2018-10-02,23,12,11
2018-10-02,38,16,22
2018-10-02,76,18,58
2018-10-02,154,46,108
2018-10-02,404,107,297
2018-10-02,627,147,480
2018-10-02,304,75,229
2018-10-02,168,67,101
2018-10-02,112,48,64
2018-10-02,101,47,54
2018-10-02,106,56,50
2018-10-02,93,37,56
2018-10-02,113,52,61
2018-10-02,289,146,143
2018-10-02,588,267,321
2018-10-02,385,189,196
2018-10-02,161,78,83
2018-10-02,39,18,21
2018-10-02,15,4,11
2018-10-02,3,2,1
2018-10-02,4,3,1
2018-10-02,7,4,3
2018-10-02,6,4,2
2018-10-01,11,3,8
2018-10-01,28,9,19
2018-10-01,34,10,24
2018-10-01,65,20,45
2018-10-01,120,29,91
2018-10-01,315,101,214
2018-10-01,561,124,437
2018-10-01,265,67,198
2018-10-01,121,43,78
2018-10-01,63,20,43
2018-10-01,76,36,40
2018-10-01,39,16,23
2018-10-01,56,26,30
2018-10-01,74,43,31
2018-10-01,247,119,128
2018-10-01,578,276,302
2018-10-01,352,170,182
2018-10-01,137,71,66
2018-10-01,48,28,20
2018-10-01,12,5,7
2018-10-01,0,0,0
2018-10-01,2,2,0
2018-10-01,4,3,1
2018-10-01,11,4,7
2018-09-30,10,6,4
2018-09-30,9,2,7
2018-09-30,7,3,4
2018-09-30,24,8,16
2018-09-30,35,18,17
2018-09-30,58,25,33
2018-09-30,119,61,58
2018-09-30,106,46,60
2018-09-30,120,55,65
2018-09-30,111,53,58
2018-09-30,148,67,81
2018-09-30,129,64,65
2018-09-30,136,55,81
2018-09-30,108,51,57
2018-09-30,81,45,36
2018-09-30,45,32,13
2018-09-30,28,13,15
2018-09-30,9,3,6
2018-09-30,6,1,5
2018-09-30,5,0,5
2018-09-30,1,1,0
2018-09-30,9,5,4
2018-09-30,6,4,2
2018-09-30,9,2,7
2018-09-29,14,6,8
2018-09-29,19,6,13
2018-09-29,35,15,20
2018-09-29,60,45,15
2018-09-29,63,32,31
2018-09-29,115,63,52
2018-09-29,124,49,75
2018-09-29,172,73,99
2018-09-29,209,83,126
2018-09-29,175,89,86
2018-09-29,151,61,90
2018-09-29,192,106,86
2018-09-29,162,62,100
2018-09-29,130,74,56
2018-09-29,126,59,67
2018-09-29,83,40,43
2018-09-29,32,14,18
2018-09-29,18,7,11
2018-09-29,10,2,8
2018-09-29,9,1,8
2018-09-29,2,2,0
2018-09-29,7,5,2
2018-09-29,12,6,6
2018-09-29,18,8,10
2018-09-28,41,8,33
2018-09-28,38,22,16
2018-09-28,43,20,23
2018-09-28,81,18,63
2018-09-28,171,75,96
2018-09-28,353,146,207
2018-09-28,675,199,476
2018-09-28,413,110,303
2018-09-28,228,84,144
2018-09-28,175,63,112
2018-09-28,125,53,72
2018-09-28,114,58,56
2018-09-28,111,47,64
2018-09-28,146,62,84
2018-09-28,288,145,143
2018-09-28,538,247,291
2018-09-28,362,182,180
2018-09-28,137,65,72
2018-09-28,35,18,17
2018-09-28,15,5,10
2018-09-28,5,1,4
2018-09-28,0,0,0
2018-09-28,6,3,3
2018-09-28,15,1,14
2018-09-27,24,12,12
2018-09-27,44,17,27
2018-09-27,80,31,49
2018-09-27,95,31,64
2018-09-27,176,52,124
2018-09-27,414,145,269
2018-09-27,713,199,514
2018-09-27,384,110,274
2018-09-27,171,67,104
2018-09-27,129,58,71
2018-09-27,115,50,65
2018-09-27,120,50,70
2018-09-27,124,59,65
2018-09-27,136,58,78
2018-09-27,312,140,172
2018-09-27,621,302,319
2018-09-27,404,192,212
2018-09-27,149,73,76
2018-09-27,41,19,22
2018-09-27,15,11,4
2018-09-27,9,3,6
2018-09-27,5,4,1
2018-09-27,6,4,2
2018-09-27,11,4,7
2018-09-26,16,7,9
2018-09-26,39,12,27
2018-09-26,70,31,39
2018-09-26,89,33,56
2018-09-26,222,74,148
2018-09-26,529,158,371
2018-09-26,760,201,559
2018-09-26,428,113,315
2018-09-26,188,67,121
2018-09-26,105,51,54
2018-09-26,86,39,47
2018-09-26,79,33,46
2018-09-26,86,38,48
2018-09-26,144,70,74
2018-09-26,328,149,179
2018-09-26,623,296,327
2018-09-26,496,257,239
2018-09-26,152,72,80
2018-09-26,46,23,23
2018-09-26,12,7,5
2018-09-26,4,2,2
2018-09-26,1,0,1
2018-09-26,2,0,2
2018-09-26,14,5,9
2018-09-25,17,7,10
2018-09-25,32,7,25
2018-09-25,63,29,34
2018-09-25,105,32,73
2018-09-25,208,74,134
2018-09-25,468,127,341
2018-09-25,778,189,589
2018-09-25,422,118,304
2018-09-25,177,71,106
2018-09-25,136,54,82
2018-09-25,96,46,50
2018-09-25,108,49,59
2018-09-25,93,38,55
2018-09-25,124,56,68
2018-09-25,342,161,181
2018-09-25,678,316,362
2018-09-25,482,223,259
2018-09-25,174,89,85
2018-09-25,47,21,26
2018-09-25,14,6,8
2018-09-25,3,1,2
2018-09-25,2,0,2
2018-09-25,2,0,2
2018-09-25,7,3,4
2018-09-24,14,1,13
2018-09-24,22,6,16
2018-09-24,58,23,35
2018-09-24,78,23,55
2018-09-24,182,57,125
2018-09-24,494,144,350
2018-09-24,776,199,577
2018-09-24,408,121,287
2018-09-24,180,74,106
2018-09-24,123,49,74
2018-09-24,104,45,59
2018-09-24,102,53,49
2018-09-24,94,49,45
2018-09-24,140,66,74
2018-09-24,324,165,159
2018-09-24,722,360,362
2018-09-24,441,212,229
2018-09-24,145,72,73
2018-09-24,38,21,17
2018-09-24,18,8,10
2018-09-24,2,1,1
2018-09-24,1,0,1
2018-09-24,3,3,0
2018-09-24,9,2,7
2018-09-23,11,0,11
2018-09-23,12,9,3
2018-09-23,25,10,15
2018-09-23,33,19,14
2018-09-23,67,34,33
2018-09-23,119,68,51
2018-09-23,142,89,53
2018-09-23,162,91,71
2018-09-23,178,99,79
2018-09-23,178,88,90
2018-09-23,179,82,97
2018-09-23,159,70,89
2018-09-23,137,71,66
2018-09-23,100,45,55
2018-09-23,74,36,38
2018-09-23,70,29,41
2018-09-23,21,9,12
2018-09-23,22,10,12
2018-09-23,5,4,1
2018-09-23,6,1,5
2018-09-23,3,1,2
2018-09-23,5,3,2
2018-09-23,11,6,5
2018-09-23,16,10,6
2018-09-22,47,29,18
2018-09-22,28,21,7
2018-09-22,38,25,13
2018-09-22,30,13,17
2018-09-22,68,30,38
2018-09-22,83,43,40
2018-09-22,159,76,83
2018-09-22,152,65,87
2018-09-22,125,67,58
2018-09-22,133,54,79
2018-09-22,115,40,75
2018-09-22,104,46,58
2018-09-22,98,61,37
2018-09-22,93,44,49
2018-09-22,88,38,50
2018-09-22,76,36,40
2018-09-22,22,6,16
2018-09-22,19,7,12
2018-09-22,8,4,4
2018-09-22,3,0,3
2018-09-22,5,2,3
2018-09-22,1,0,1
2018-09-22,7,3,4
2018-09-22,23,10,13
2018-09-21,30,18,12
2018-09-21,34,13,21
2018-09-21,41,17,24
2018-09-21,62,21,41
2018-09-21,138,48,90
2018-09-21,306,83,223
2018-09-21,522,119,403
2018-09-21,352,92,260
2018-09-21,160,66,94
2018-09-21,134,47,87
2018-09-21,87,43,44
2018-09-21,93,39,54
2018-09-21,100,47,53
2018-09-21,113,55,58
2018-09-21,244,119,125
2018-09-21,491,245,246
2018-09-21,322,159,163
2018-09-21,106,56,50
2018-09-21,32,18,14
2018-09-21,9,3,6
2018-09-21,4,1,3
2018-09-21,7,5,2
2018-09-21,3,0,3
2018-09-21,15,4,11
2018-09-20,31,8,23
2018-09-20,27,15,12
2018-09-20,53,25,28
2018-09-20,86,29,57
2018-09-20,152,47,105
2018-09-20,346,102,244
2018-09-20,580,150,430
2018-09-20,288,83,205
2018-09-20,153,65,88
2018-09-20,100,38,62
2018-09-20,81,43,38
2018-09-20,84,33,51
2018-09-20,74,33,41
2018-09-20,117,56,61
2018-09-20,234,105,129
2018-09-20,497,242,255
2018-09-20,318,170,148
2018-09-20,148,68,80
2018-09-20,34,18,16
2018-09-20,10,3,7
2018-09-20,7,4,3
2018-09-20,1,1,0
2018-09-20,4,1,3
2018-09-20,10,4,6
2018-09-19,20,9,11
2018-09-19,41,8,33
2018-09-19,44,18,26
2018-09-19,98,40,58
2018-09-19,190,59,131
2018-09-19,453,146,307
2018-09-19,673,173,500
2018-09-19,365,104,261
2018-09-19,185,82,103
2018-09-19,131,54,77
2018-09-19,97,40,57
2018-09-19,81,38,43
2018-09-19,89,33,56
2018-09-19,120,47,73
2018-09-19,304,135,169
2018-09-19,600,282,318
2018-09-19,418,225,193
2018-09-19,145,70,75
2018-09-19,40,22,18
2018-09-19,10,5,5
2018-09-19,7,3,4
2018-09-19,3,0,3
2018-09-19,5,0,5
2018-09-19,8,1,7
2018-09-18,19,11,8
2018-09-18,32,10,22
2018-09-18,56,21,35
2018-09-18,94,35,59
2018-09-18,226,75,151
2018-09-18,490,157,333
2018-09-18,770,178,592
2018-09-18,378,102,276
2018-09-18,187,65,122
2018-09-18,131,51,80
2018-09-18,108,46,62
2018-09-18,77,34,43
2018-09-18,89,39,50
2018-09-18,132,59,73
2018-09-18,292,147,145
2018-09-18,659,328,331
2018-09-18,490,228,262
2018-09-18,154,67,87
2018-09-18,43,24,19
2018-09-18,10,5,5
2018-09-18,5,1,4
2018-09-18,2,1,1
2018-09-18,5,5,0
2018-09-18,18,10,8
2018-09-17,10,1,9
2018-09-17,25,12,13
2018-09-17,59,26,33
2018-09-17,93,36,57
2018-09-17,178,66,112
2018-09-17,467,140,327
2018-09-17,765,212,553
2018-09-17,434,130,304
2018-09-17,161,59,102
2018-09-17,122,53,69
2018-09-17,110,54,56
2018-09-17,111,45,66
2018-09-17,90,48,42
2018-09-17,113,42,71
2018-09-17,258,113,145
2018-09-17,679,309,370
2018-09-17,465,217,248
2018-09-17,146,67,79
2018-09-17,46,29,17
2018-09-17,12,5,7
2018-09-17,2,0,2
2018-09-17,1,0,1
2018-09-17,0,0,0
2018-09-17,4,1,3
2018-09-16,10,2,8
2018-09-16,9,2,7
2018-09-16,20,12,8
2018-09-16,16,8,8
2018-09-16,67,35,32
2018-09-16,97,54,43
2018-09-16,110,55,55
2018-09-16,124,70,54
2018-09-16,121,67,54
2018-09-16,140,79,61
2018-09-16,109,59,50
2018-09-16,132,62,70
2018-09-16,74,37,37
2018-09-16,48,20,28
2018-09-16,26,18,8
2018-09-16,16,7,9
2018-09-16,19,6,13
2018-09-16,9,4,5
2018-09-16,5,1,4
2018-09-16,2,0,2
2018-09-16,0,0,0
2018-09-16,0,0,0
2018-09-16,9,6,3
2018-09-16,7,2,5
2018-09-15,19,3,16
2018-09-15,12,6,6
2018-09-15,29,10,19
2018-09-15,26,18,8
2018-09-15,34,21,13
2018-09-15,37,22,15
2018-09-15,77,30,47
2018-09-15,118,56,62
2018-09-15,133,71,62
2018-09-15,90,39,51
2018-09-15,108,56,52
2018-09-15,152,82,70
2018-09-15,117,51,66
2018-09-15,106,49,57
2018-09-15,97,46,51
2018-09-15,60,28,32
2018-09-15,42,17,25
2018-09-15,21,13,8
2018-09-15,10,5,5
2018-09-15,8,2,6
2018-09-15,5,2,3
2018-09-15,4,0,4
2018-09-15,9,3,6
2018-09-15,14,6,8
2018-09-14,34,6,28
2018-09-14,35,10,25
2018-09-14,43,19,24
2018-09-14,55,23,32
2018-09-14,123,46,77
2018-09-14,249,81,168
2018-09-14,432,110,322
2018-09-14,230,69,161
2018-09-14,137,50,87
2018-09-14,90,37,53
2018-09-14,96,43,53
2018-09-14,57,24,33
2018-09-14,65,38,27
2018-09-14,88,46,42
2018-09-14,184,90,94
2018-09-14,372,165,207
2018-09-14,205,112,93
2018-09-14,104,57,47
2018-09-14,16,6,10
2018-09-14,15,6,9
2018-09-14,8,4,4
2018-09-14,3,3,0
2018-09-14,2,1,1
2018-09-14,13,5,8
2018-09-13,21,5,16
2018-09-13,26,8,18
2018-09-13,58,23,35
2018-09-13,102,50,52
2018-09-13,173,60,113
2018-09-13,413,115,298
2018-09-13,585,147,438
2018-09-13,355,113,242
2018-09-13,156,58,98
2018-09-13,102,39,63
2018-09-13,96,44,52
2018-09-13,75,39,36
2018-09-13,102,46,56
2018-09-13,126,53,73
2018-09-13,277,108,169
2018-09-13,552,265,287
2018-09-13,368,186,182
2018-09-13,135,71,64
2018-09-13,35,20,15
2018-09-13,7,4,3
2018-09-13,6,1,5
2018-09-13,3,2,1
2018-09-13,5,3,2
2018-09-13,8,3,5
2018-09-12,27,8,19
2018-09-12,32,12,20
2018-09-12,54,26,28
2018-09-12,96,36,60
2018-09-12,188,56,132
2018-09-12,419,118,301
2018-09-12,608,149,459
2018-09-12,343,99,244
2018-09-12,149,49,100
2018-09-12,88,37,51
2018-09-12,86,36,50
2018-09-12,76,32,44
2018-09-12,72,28,44
2018-09-12,109,46,63
2018-09-12,288,127,161
2018-09-12,612,271,341
2018-09-12,391,220,171
2018-09-12,148,73,75
2018-09-12,46,27,19
2018-09-12,10,6,4
2018-09-12,2,1,1
2018-09-12,3,2,1
2018-09-12,2,0,2
2018-09-12,7,4,3
2018-09-11,20,13,7
2018-09-11,36,14,22
2018-09-11,45,13,32
2018-09-11,92,38,54
2018-09-11,228,72,156
2018-09-11,417,125,292
2018-09-11,655,171,484
2018-09-11,317,79,238
2018-09-11,141,47,94
2018-09-11,79,36,43
2018-09-11,90,44,46
2018-09-11,76,34,42
2018-09-11,65,32,33
2018-09-11,99,51,48
2018-09-11,279,134,145
2018-09-11,580,293,287
2018-09-11,400,208,192
2018-09-11,155,78,77
2018-09-11,39,22,17
2018-09-11,7,3,4
2018-09-11,3,1,2
2018-09-11,4,3,1
2018-09-11,3,1,2
2018-09-11,11,3,8
2018-09-10,18,0,18
2018-09-10,17,4,13
2018-09-10,55,20,35
2018-09-10,76,27,49
2018-09-10,171,59,112
2018-09-10,451,133,318
2018-09-10,605,137,468
2018-09-10,315,84,231
2018-09-10,134,50,84
2018-09-10,77,27,50
2018-09-10,79,37,42
2018-09-10,79,37,42
2018-09-10,66,27,39
2018-09-10,108,58,50
2018-09-10,268,113,155
2018-09-10,582,277,305
2018-09-10,379,201,178
2018-09-10,152,75,77
2018-09-10,40,21,19
2018-09-10,13,9,4
2018-09-10,1,0,1
2018-09-10,0,0,0
2018-09-10,0,0,0
2018-09-10,4,0,4
2018-09-09,6,1,5
2018-09-09,14,5,9
2018-09-09,9,2,7
2018-09-09,28,13,15
2018-09-09,52,26,26
2018-09-09,88,42,46
2018-09-09,155,62,93
2018-09-09,154,62,92
2018-09-09,177,77,100
2018-09-09,152,68,84
2018-09-09,183,79,104
2018-09-09,176,81,95
2018-09-09,172,84,88
2018-09-09,119,59,60
2018-09-09,97,46,51
2018-09-09,69,46,23
2018-09-09,39,18,21
2018-09-09,24,11,13
2018-09-09,3,1,2
2018-09-09,5,2,3
2018-09-09,3,1,2
2018-09-09,4,2,2
2018-09-09,10,8,2
2018-09-09,12,5,7
2018-09-08,30,12,18
2018-09-08,32,11,21
2018-09-08,33,11,22
2018-09-08,48,18,30
2018-09-08,57,28,29
2018-09-08,102,52,50
2018-09-08,194,107,87
2018-09-08,163,78,85
2018-09-08,159,72,87
2018-09-08,153,68,85
2018-09-08,156,66,90
2018-09-08,152,64,88
2018-09-08,157,68,89
2018-09-08,97,43,54
2018-09-08,75,32,43
2018-09-08,60,31,29
2018-09-08,31,14,17
2018-09-08,27,18,9
2018-09-08,5,2,3
2018-09-08,3,0,3
2018-09-08,1,1,0
2018-09-08,5,1,4
2018-09-08,3,2,1
2018-09-08,7,0,7
2018-09-07,27,11,16
2018-09-07,37,19,18
2018-09-07,51,29,22
2018-09-07,71,20,51
2018-09-07,123,37,86
2018-09-07,345,108,237
2018-09-07,605,145,460
2018-09-07,392,115,277
2018-09-07,219,77,142
2018-09-07,141,54,87
2018-09-07,107,48,59
2018-09-07,94,43,51
2018-09-07,115,49,66
2018-09-07,119,62,57
2018-09-07,284,124,160
2018-09-07,578,292,286
2018-09-07,392,203,189
2018-09-07,149,75,74
2018-09-07,29,15,14
2018-09-07,11,4,7
2018-09-07,4,1,3
2018-09-07,1,0,1
2018-09-07,3,3,0
2018-09-07,15,6,9
2018-09-06,36,5,31
2018-09-06,58,25,33
2018-09-06,80,23,57
2018-09-06,138,49,89
2018-09-06,266,76,190
2018-09-06,487,139,348
2018-09-06,773,220,553
2018-09-06,418,113,305
2018-09-06,193,69,124
2018-09-06,138,63,75
2018-09-06,108,52,56
2018-09-06,94,38,56
2018-09-06,119,59,60
2018-09-06,145,65,80
2018-09-06,332,134,198
2018-09-06,721,342,379
2018-09-06,512,256,256
2018-09-06,187,105,82
2018-09-06,47,26,21
2018-09-06,18,7,11
2018-09-06,2,1,1
2018-09-06,1,1,0
2018-09-06,3,1,2
2018-09-06,6,2,4
2018-09-05,20,4,16
2018-09-05,39,20,19
2018-09-05,52,21,31
2018-09-05,125,47,78
2018-09-05,269,103,166
2018-09-05,537,168,369
2018-09-05,792,179,613
2018-09-05,424,122,302
2018-09-05,181,70,111
2018-09-05,139,54,85
2018-09-05,101,39,62
2018-09-05,86,35,51
2018-09-05,110,57,53
2018-09-05,136,57,79
2018-09-05,318,142,176
2018-09-05,748,370,378
2018-09-05,498,239,259
2018-09-05,192,100,92
2018-09-05,48,27,21
2018-09-05,20,9,11
2018-09-05,2,1,1
2018-09-05,5,2,3
2018-09-05,3,2,1
2018-09-05,5,1,4
2018-09-04,14,4,10
2018-09-04,37,13,24
2018-09-04,62,25,37
2018-09-04,103,44,59
2018-09-04,243,75,168
2018-09-04,480,125,355
2018-09-04,730,145,585
2018-09-04,377,102,275
2018-09-04,155,51,104
2018-09-04,109,42,67
2018-09-04,93,39,54
2018-09-04,103,41,62
2018-09-04,106,49,57
2018-09-04,124,49,75
2018-09-04,275,94,181
2018-09-04,600,253,347
2018-09-04,466,222,244
2018-09-04,181,72,109
2018-09-04,39,22,17
2018-09-04,14,5,9
2018-09-04,1,1,0
2018-09-04,1,1,0
2018-09-04,5,1,4
2018-09-04,4,1,3
2018-09-03,19,7,12
2018-09-03,15,9,6
2018-09-03,27,12,15
2018-09-03,54,23,31
2018-09-03,118,60,58
2018-09-03,153,57,96
2018-09-03,177,90,87
2018-09-03,242,126,116
2018-09-03,209,101,108
2018-09-03,226,113,113
2018-09-03,229,108,121
2018-09-03,174,63,111
2018-09-03,178,101,77
2018-09-03,128,68,60
2018-09-03,121,61,60
2018-09-03,69,29,40
2018-09-03,28,12,16
2018-09-03,29,9,20
2018-09-03,8,5,3
2018-09-03,4,0,4
2018-09-03,2,0,2
2018-09-03,2,2,0
2018-09-03,3,1,2
2018-09-03,10,2,8
2018-09-02,22,8,14
2018-09-02,22,5,17
2018-09-02,41,20,21
2018-09-02,62,30,32
2018-09-02,74,33,41
2018-09-02,137,58,79
2018-09-02,153,71,82
2018-09-02,191,99,92
2018-09-02,225,132,93
2018-09-02,228,115,113
2018-09-02,180,82,98
2018-09-02,181,98,83
2018-09-02,212,103,109
2018-09-02,136,69,67
2018-09-02,107,49,58
2018-09-02,71,30,41
2018-09-02,37,22,15
2018-09-02,12,3,9
2018-09-02,9,3,6
2018-09-02,3,1,2
2018-09-02,3,2,1
2018-09-02,3,2,1
2018-09-02,10,6,4
2018-09-02,19,3,16
2018-09-01,23,7,16
2018-09-01,28,10,18
2018-09-01,23,9,14
2018-09-01,56,30,26
2018-09-01,64,31,33
2018-09-01,113,58,55
2018-09-01,151,97,54
2018-09-01,218,113,105
2018-09-01,140,52,88
2018-09-01,142,79,63
2018-09-01,153,79,74
2018-09-01,132,78,54
2018-09-01,161,83,78
2018-09-01,100,58,42
2018-09-01,94,35,59
2018-09-01,84,43,41
2018-09-01,53,20,33
2018-09-01,15,4,11
2018-09-01,2,0,2
2018-09-01,6,2,4
2018-09-01,4,1,3
2018-09-01,9,4,5
2018-09-01,10,1,9
2018-09-01,14,8,6
2018-08-31,23,6,17
2018-08-31,31,9,22
2018-08-31,35,11,24
2018-08-31,81,21,60
2018-08-31,128,50,78
2018-08-31,286,84,202
2018-08-31,453,123,330
2018-08-31,346,100,246
2018-08-31,238,79,159
2018-08-31,157,52,105
2018-08-31,128,51,77
2018-08-31,125,53,72
2018-08-31,123,56,67
2018-08-31,108,44,64
2018-08-31,229,108,121
2018-08-31,364,164,200
2018-08-31,237,116,121
2018-08-31,99,47,52
2018-08-31,25,11,14
2018-08-31,9,3,6
2018-08-31,2,1,1
2018-08-31,3,0,3
2018-08-31,6,2,4
2018-08-31,15,3,12
2018-08-30,20,5,15
2018-08-30,40,18,22
2018-08-30,58,20,38
2018-08-30,120,49,71
2018-08-30,192,54,138
2018-08-30,373,101,272
2018-08-30,569,139,430
2018-08-30,339,105,234
2018-08-30,147,48,99
2018-08-30,95,37,58
2018-08-30,88,45,43
2018-08-30,68,32,36
2018-08-30,88,47,41
2018-08-30,136,64,72
2018-08-30,270,128,142
2018-08-30,493,226,267
2018-08-30,366,180,186
2018-08-30,143,61,82
2018-08-30,44,21,23
2018-08-30,9,5,4
2018-08-30,3,1,2
2018-08-30,6,2,4
2018-08-30,3,1,2
2018-08-30,6,0,6
2018-08-29,23,7,16
2018-08-29,32,13,19
2018-08-29,56,24,32
2018-08-29,118,46,72
2018-08-29,284,102,182
2018-08-29,444,132,312
2018-08-29,726,185,541
2018-08-29,399,119,280
2018-08-29,190,67,123
2018-08-29,109,49,60
2018-08-29,115,57,58
2018-08-29,105,53,52
2018-08-29,100,49,51
2018-08-29,128,51,77
2018-08-29,290,137,153
2018-08-29,596,283,313
2018-08-29,489,258,231
2018-08-29,192,85,107
2018-08-29,48,25,23
2018-08-29,18,7,11
2018-08-29,3,3,0
2018-08-29,2,0,2
2018-08-29,4,3,1
2018-08-29,14,6,8
2018-08-28,22,13,9
2018-08-28,45,16,29
2018-08-28,84,33,51
2018-08-28,162,67,95
2018-08-28,272,77,195
2018-08-28,540,189,351
2018-08-28,855,225,630
2018-08-28,456,139,317
2018-08-28,191,88,103
2018-08-28,132,62,70
2018-08-28,103,47,56
2018-08-28,129,62,67
2018-08-28,96,45,51
2018-08-28,160,83,77
2018-08-28,317,139,178
2018-08-28,690,305,385
2018-08-28,526,276,250
2018-08-28,176,75,101
2018-08-28,58,30,28
2018-08-28,13,6,7
2018-08-28,6,3,3
2018-08-28,4,3,1
2018-08-28,2,1,1
2018-08-28,5,1,4
2018-08-27,22,4,18
2018-08-27,37,14,23
2018-08-27,50,16,34
2018-08-27,112,50,62
2018-08-27,257,100,157
2018-08-27,479,135,344
2018-08-27,685,180,505
2018-08-27,369,100,269
2018-08-27,196,73,123
2018-08-27,125,53,72
2018-08-27,104,47,57
2018-08-27,93,35,58
2018-08-27,82,43,39
2018-08-27,115,52,63
2018-08-27,290,131,159
2018-08-27,569,277,292
2018-08-27,409,202,207
2018-08-27,136,58,78
2018-08-27,48,21,27
2018-08-27,13,5,8
2018-08-27,3,1,2
2018-08-27,0,0,0
2018-08-27,2,1,1
2018-08-27,7,2,5
2018-08-26,9,2,7
2018-08-26,9,6,3
2018-08-26,7,2,5
2018-08-26,31,10,21
2018-08-26,39,19,20
2018-08-26,73,31,42
2018-08-26,112,57,55
2018-08-26,117,61,56
2018-08-26,147,78,69
2018-08-26,143,91,52
2018-08-26,143,74,69
2018-08-26,125,59,66
2018-08-26,168,84,84
2018-08-26,109,61,48
2018-08-26,68,42,26
2018-08-26,51,23,28
2018-08-26,28,15,13
2018-08-26,8,4,4
2018-08-26,5,1,4
2018-08-26,4,1,3
2018-08-26,7,5,2
2018-08-26,4,2,2
2018-08-26,10,4,6
2018-08-26,11,3,8
2018-08-25,23,10,13
2018-08-25,21,4,17
2018-08-25,29,13,16
2018-08-25,35,20,15
2018-08-25,55,26,29
2018-08-25,72,27,45
2018-08-25,101,47,54
2018-08-25,123,55,68
2018-08-25,104,51,53
2018-08-25,107,41,66
2018-08-25,130,49,81
2018-08-25,105,55,50
2018-08-25,78,41,37
2018-08-25,92,49,43
2018-08-25,99,50,49
2018-08-25,50,19,31
2018-08-25,35,17,18
2018-08-25,16,3,13
2018-08-25,5,2,3
2018-08-25,6,2,4
2018-08-25,3,1,2
2018-08-25,5,2,3
2018-08-25,19,7,12
2018-08-25,19,6,13
2018-08-24,19,4,15
2018-08-24,39,15,24
2018-08-24,67,27,40
2018-08-24,102,34,68
2018-08-24,150,59,91
2018-08-24,284,99,185
2018-08-24,536,147,389
2018-08-24,360,92,268
2018-08-24,209,76,133
2018-08-24,134,55,79
2018-08-24,95,52,43
2018-08-24,89,43,46
2018-08-24,95,47,48
2018-08-24,130,67,63
2018-08-24,268,117,151
2018-08-24,465,207,258
2018-08-24,334,176,158
2018-08-24,118,55,63
2018-08-24,29,13,16
2018-08-24,10,7,3
2018-08-24,8,1,7
2018-08-24,2,1,1
2018-08-24,4,1,3
2018-08-24,13,2,11
2018-08-23,14,8,6
2018-08-23,50,14,36
2018-08-23,67,35,32
2018-08-23,142,57,85
2018-08-23,229,90,139
2018-08-23,351,108,243
2018-08-23,524,129,395
2018-08-23,274,85,189
2018-08-23,124,53,71
2018-08-23,98,36,62
2018-08-23,92,41,51
2018-08-23,61,30,31
2018-08-23,79,46,33
2018-08-23,85,33,52
2018-08-23,211,93,118
2018-08-23,389,190,199
2018-08-23,247,115,132
2018-08-23,97,40,57
2018-08-23,31,11,20
2018-08-23,12,10,2
2018-08-23,7,3,4
2018-08-23,9,3,6
2018-08-23,3,0,3
2018-08-23,5,4,1
2018-08-22,18,7,11
2018-08-22,24,10,14
2018-08-22,42,18,24
2018-08-22,84,29,55
2018-08-22,125,38,87
2018-08-22,234,73,161
2018-08-22,373,78,295
2018-08-22,181,46,135
2018-08-22,79,25,54
2018-08-22,78,25,53
2018-08-22,61,21,40
2018-08-22,51,23,28
2018-08-22,70,30,40
2018-08-22,80,36,44
2018-08-22,156,71,85
2018-08-22,326,151,175
2018-08-22,220,97,123
2018-08-22,89,40,49
2018-08-22,34,13,21
2018-08-22,16,9,7
2018-08-22,8,2,6
2018-08-22,2,0,2
2018-08-22,6,3,3
2018-08-22,4,3,1
2018-08-21,17,6,11
2018-08-21,31,10,21
2018-08-21,41,20,21
2018-08-21,81,35,46
2018-08-21,116,34,82
2018-08-21,210,79,131
2018-08-21,387,86,301
2018-08-21,188,57,131
2018-08-21,94,38,56
2018-08-21,67,25,42
2018-08-21,51,29,22
2018-08-21,62,29,33
2018-08-21,70,25,45
2018-08-21,65,20,45
2018-08-21,158,70,88
2018-08-21,311,139,172
2018-08-21,238,111,127
2018-08-21,111,57,54
2018-08-21,34,19,15
2018-08-21,11,6,5
2018-08-21,4,3,1
2018-08-21,6,0,6
2018-08-21,3,0,3
2018-08-21,5,1,4
2018-08-20,18,5,13
2018-08-20,23,6,17
2018-08-20,49,13,36
2018-08-20,79,24,55
2018-08-20,132,41,91
2018-08-20,286,77,209
2018-08-20,461,97,364
2018-08-20,244,72,172
2018-08-20,119,34,85
2018-08-20,68,20,48
2018-08-20,66,37,29
2018-08-20,68,26,42
2018-08-20,74,27,47
2018-08-20,113,39,74
2018-08-20,221,94,127
2018-08-20,448,206,242
2018-08-20,330,161,169
2018-08-20,113,54,59
2018-08-20,45,25,20
2018-08-20,11,7,4
2018-08-20,5,1,4
2018-08-20,3,1,2
2018-08-20,2,0,2
2018-08-20,2,1,1
2018-08-19,13,3,10
2018-08-19,26,12,14
2018-08-19,19,12,7
2018-08-19,44,22,22
2018-08-19,79,43,36
2018-08-19,75,37,38
2018-08-19,143,67,76
2018-08-19,169,82,87
2018-08-19,184,99,85
2018-08-19,212,104,108
2018-08-19,193,83,110
2018-08-19,189,79,110
2018-08-19,185,99,86
2018-08-19,142,64,78
2018-08-19,102,50,52
2018-08-19,76,42,34
2018-08-19,33,20,13
2018-08-19,14,9,5
2018-08-19,5,3,2
2018-08-19,3,0,3
2018-08-19,4,2,2
2018-08-19,10,4,6
2018-08-19,5,2,3
2018-08-19,20,3,17
2018-08-18,39,11,28
2018-08-18,39,19,20
2018-08-18,50,19,31
2018-08-18,64,28,36
2018-08-18,101,42,59
2018-08-18,191,77,114
2018-08-18,162,83,79
2018-08-18,225,98,127
2018-08-18,156,66,90
2018-08-18,168,73,95
2018-08-18,203,94,109
2018-08-18,182,97,85
2018-08-18,187,100,87
2018-08-18,177,92,85
2018-08-18,120,55,65
2018-08-18,76,36,40
2018-08-18,29,15,14
2018-08-18,24,13,11
2018-08-18,5,3,2
2018-08-18,12,4,8
2018-08-18,4,4,0
2018-08-18,4,4,0
2018-08-18,14,4,10
2018-08-18,11,7,4
2018-08-17,36,10,26
2018-08-17,64,27,37
2018-08-17,105,34,71
2018-08-17,128,60,68
2018-08-17,211,88,123
2018-08-17,342,136,206
2018-08-17,571,154,417
2018-08-17,429,136,293
2018-08-17,192,62,130
2018-08-17,138,61,77
2018-08-17,138,68,70
2018-08-17,123,58,65
2018-08-17,106,58,48
2018-08-17,116,53,63
2018-08-17,277,119,158
2018-08-17,504,250,254
2018-08-17,338,148,190
2018-08-17,161,60,101
2018-08-17,47,25,22
2018-08-17,9,4,5
2018-08-17,6,3,3
2018-08-17,0,0,0
2018-08-17,7,4,3
2018-08-17,13,6,7
2018-08-16,22,14,8
2018-08-16,56,16,40
2018-08-16,86,35,51
2018-08-16,169,66,103
2018-08-16,233,85,148
2018-08-16,484,177,307
2018-08-16,650,160,490
2018-08-16,336,85,251
2018-08-16,186,62,124
2018-08-16,85,28,57
2018-08-16,93,41,52
2018-08-16,91,38,53
2018-08-16,98,48,50
2018-08-16,126,56,70
2018-08-16,269,120,149
2018-08-16,554,249,305
2018-08-16,376,186,190
2018-08-16,135,72,63
2018-08-16,58,29,29
2018-08-16,12,6,6
2018-08-16,5,4,1
2018-08-16,3,1,2
2018-08-16,6,6,0
2018-08-16,12,3,9
2018-08-15,35,11,24
2018-08-15,57,23,34
2018-08-15,74,28,46
2018-08-15,139,49,90
2018-08-15,248,89,159
2018-08-15,395,154,241
2018-08-15,650,175,475
2018-08-15,348,102,246
2018-08-15,173,55,118
2018-08-15,124,48,76
2018-08-15,98,45,53
2018-08-15,85,47,38
2018-08-15,99,59,40
2018-08-15,143,73,70
2018-08-15,303,121,182
2018-08-15,538,256,282
2018-08-15,443,210,233
2018-08-15,174,79,95
2018-08-15,55,30,25
2018-08-15,21,10,11
2018-08-15,1,1,0
2018-08-15,4,3,1
2018-08-15,5,2,3
2018-08-15,12,3,9
2018-08-14,27,12,15
2018-08-14,51,19,32
2018-08-14,76,26,50
2018-08-14,144,54,90
2018-08-14,232,89,143
2018-08-14,439,140,299
2018-08-14,766,165,601
2018-08-14,395,110,285
2018-08-14,161,52,109
2018-08-14,98,42,56
2018-08-14,106,42,64
2018-08-14,95,41,54
2018-08-14,88,43,45
2018-08-14,126,58,68
2018-08-14,340,151,189
2018-08-14,636,312,324
2018-08-14,480,225,255
2018-08-14,188,106,82
2018-08-14,53,26,27
2018-08-14,12,7,5
2018-08-14,6,2,4
2018-08-14,5,4,1
2018-08-14,5,3,2
2018-08-14,23,6,17
2018-08-13,22,5,17
2018-08-13,34,15,19
2018-08-13,62,28,34
2018-08-13,151,52,99
2018-08-13,258,82,176
2018-08-13,544,159,385
2018-08-13,795,174,621
2018-08-13,410,105,305
2018-08-13,209,75,134
2018-08-13,121,61,60
2018-08-13,135,52,83
2018-08-13,115,59,56
2018-08-13,88,39,49
2018-08-13,146,62,84
2018-08-13,344,149,195
2018-08-13,695,345,350
2018-08-13,478,214,264
2018-08-13,171,91,80
2018-08-13,54,28,26
2018-08-13,9,3,6
2018-08-13,2,2,0
2018-08-13,3,1,2
2018-08-13,8,8,0
2018-08-13,15,7,8
2018-08-12,17,7,10
2018-08-12,44,17,27
2018-08-12,56,29,27
2018-08-12,56,26,30
2018-08-12,113,43,70
2018-08-12,114,58,56
2018-08-12,159,89,70
2018-08-12,179,75,104
2018-08-12,179,78,101
2018-08-12,175,91,84
2018-08-12,175,84,91
2018-08-12,209,103,106
2018-08-12,174,87,87
2018-08-12,146,74,72
2018-08-12,101,41,60
2018-08-12,111,72,39
2018-08-12,34,17,17
2018-08-12,23,10,13
2018-08-12,7,3,4
2018-08-12,4,2,2
2018-08-12,7,1,6
2018-08-12,6,1,5
2018-08-12,12,6,6
2018-08-12,19,4,15
2018-08-11,41,11,30
2018-08-11,51,23,28
2018-08-11,38,15,23
2018-08-11,53,22,31
2018-08-11,75,34,41
2018-08-11,127,74,53
2018-08-11,169,80,89
2018-08-11,260,106,154
2018-08-11,237,71,166
2018-08-11,254,91,163
2018-08-11,254,71,183
2018-08-11,496,86,410
2018-08-11,474,64,410
2018-08-11,155,53,102
2018-08-11,100,47,53
2018-08-11,78,32,46
2018-08-11,80,28,52
2018-08-11,35,10,25
2018-08-11,9,5,4
2018-08-11,9,7,2
2018-08-11,10,5,5
2018-08-11,12,3,9
2018-08-11,19,4,15
2018-08-11,44,24,20
2018-08-10,79,18,61
2018-08-10,70,21,49
2018-08-10,100,28,72
2018-08-10,154,63,91
2018-08-10,232,89,143
2018-08-10,411,132,279
2018-08-10,658,162,496
2018-08-10,453,139,314
2018-08-10,232,90,142
2018-08-10,174,79,95
2018-08-10,131,56,75
2018-08-10,97,32,65
2018-08-10,122,56,66
2018-08-10,162,67,95
2018-08-10,303,134,169
2018-08-10,550,276,274
2018-08-10,406,200,206
2018-08-10,133,63,70
2018-08-10,48,22,26
2018-08-10,12,3,9
2018-08-10,4,1,3
2018-08-10,3,1,2
2018-08-10,5,1,4
2018-08-10,17,5,12
2018-08-09,58,28,30
2018-08-09,62,27,35
2018-08-09,105,41,64
2018-08-09,166,61,105
2018-08-09,267,95,172
2018-08-09,488,141,347
2018-08-09,782,195,587
2018-08-09,412,135,277
2018-08-09,173,62,111
2018-08-09,103,49,54
2018-08-09,123,53,70
2018-08-09,113,49,64
2018-08-09,120,64,56
2018-08-09,145,61,84
2018-08-09,332,162,170
2018-08-09,681,322,359
2018-08-09,444,216,228
2018-08-09,174,85,89
2018-08-09,46,23,23
2018-08-09,13,6,7
2018-08-09,4,1,3
2018-08-09,3,3,0
2018-08-09,12,3,9
2018-08-09,24,8,16
2018-08-08,47,20,27
2018-08-08,55,16,39
2018-08-08,102,49,53
2018-08-08,190,65,125
2018-08-08,311,127,184
2018-08-08,518,177,341
2018-08-08,814,192,622
2018-08-08,473,129,344
2018-08-08,180,66,114
2018-08-08,105,50,55
2018-08-08,115,48,67
2018-08-08,133,68,65
2018-08-08,131,80,51
2018-08-08,158,80,78
2018-08-08,357,161,196
2018-08-08,728,359,369
2018-08-08,502,255,247
2018-08-08,179,96,83
2018-08-08,65,31,34
2018-08-08,19,11,8
2018-08-08,5,2,3
2018-08-08,5,1,4
2018-08-08,3,1,2
2018-08-08,17,11,6
2018-08-07,26,7,19
2018-08-07,65,18,47
2018-08-07,110,48,62
2018-08-07,190,74,116
2018-08-07,260,100,160
2018-08-07,548,154,394
2018-08-07,906,203,703
2018-08-07,459,120,339
2018-08-07,200,67,133
2018-08-07,119,50,69
2018-08-07,104,46,58
2018-08-07,121,45,76
2018-08-07,116,51,65
2018-08-07,141,68,73
2018-08-07,381,156,225
2018-08-07,746,359,387
2018-08-07,594,317,277
2018-08-07,198,97,101
2018-08-07,59,31,28
2018-08-07,17,8,9
2018-08-07,6,3,3
2018-08-07,0,0,0
2018-08-07,6,0,6
2018-08-07,11,5,6
2018-08-06,22,8,14
2018-08-06,51,25,26
2018-08-06,88,38,50
2018-08-06,165,68,97
2018-08-06,259,97,162
2018-08-06,519,157,362
2018-08-06,828,176,652
2018-08-06,434,106,328
2018-08-06,187,61,126
2018-08-06,123,55,68
2018-08-06,133,65,68
2018-08-06,108,48,60
2018-08-06,118,47,71
2018-08-06,173,74,99
2018-08-06,339,168,171
2018-08-06,701,337,364
2018-08-06,520,247,273
2018-08-06,187,92,95
2018-08-06,43,21,22
2018-08-06,14,6,8
2018-08-06,2,1,1
2018-08-06,6,4,2
2018-08-06,4,2,2
2018-08-06,6,3,3
2018-08-05,17,3,14
2018-08-05,32,15,17
2018-08-05,39,22,17
2018-08-05,83,38,45
2018-08-05,122,56,66
2018-08-05,115,56,59
2018-08-05,135,62,73
2018-08-05,191,86,105
2018-08-05,182,99,83
2018-08-05,212,119,93
2018-08-05,214,106,108
2018-08-05,201,101,100
2018-08-05,204,90,114
2018-08-05,150,70,80
2018-08-05,113,55,58
2018-08-05,92,50,42
2018-08-05,57,23,34
2018-08-05,28,9,19
2018-08-05,7,1,6
2018-08-05,3,1,2
2018-08-05,8,2,6
2018-08-05,18,3,15
2018-08-05,18,6,12
2018-08-05,33,7,26
2018-08-04,32,8,24
2018-08-04,42,23,19
2018-08-04,64,21,43
2018-08-04,106,51,55
2018-08-04,94,53,41
2018-08-04,139,65,74
2018-08-04,177,97,80
2018-08-04,196,103,93
2018-08-04,263,129,134
2018-08-04,228,114,114
2018-08-04,198,98,100
2018-08-04,220,120,100
2018-08-04,194,94,100
2018-08-04,114,56,58
2018-08-04,97,53,44
2018-08-04,92,44,48
2018-08-04,40,11,29
2018-08-04,40,18,22
2018-08-04,12,6,6
2018-08-04,7,2,5
2018-08-04,3,2,1
2018-08-04,11,7,4
2018-08-04,10,6,4
2018-08-04,18,4,14
2018-08-03,43,19,24
2018-08-03,52,27,25
2018-08-03,75,26,49
2018-08-03,125,57,68
2018-08-03,206,64,142
2018-08-03,314,93,221
2018-08-03,528,155,373
2018-08-03,372,86,286
2018-08-03,193,90,103
2018-08-03,127,59,68
2018-08-03,127,68,59
2018-08-03,117,56,61
2018-08-03,110,42,68
2018-08-03,110,41,69
2018-08-03,246,114,132
2018-08-03,448,228,220
2018-08-03,287,142,145
2018-08-03,116,62,54
2018-08-03,37,21,16
2018-08-03,17,9,8
2018-08-03,9,6,3
2018-08-03,1,1,0
2018-08-03,6,3,3
2018-08-03,9,3,6
2018-08-02,21,12,9
2018-08-02,54,21,33
2018-08-02,95,44,51
2018-08-02,129,46,83
2018-08-02,234,83,151
2018-08-02,440,132,308
2018-08-02,689,160,529
2018-08-02,395,105,290
2018-08-02,154,55,99
2018-08-02,121,50,71
2018-08-02,64,31,33
2018-08-02,76,35,41
2018-08-02,107,51,56
2018-08-02,131,45,86
2018-08-02,331,141,190
2018-08-02,575,273,302
2018-08-02,389,202,187
2018-08-02,159,88,71
2018-08-02,55,30,25
2018-08-02,10,4,6
2018-08-02,3,1,2
2018-08-02,3,0,3
2018-08-02,8,3,5
2018-08-02,10,4,6
2018-08-01,29,14,15
2018-08-01,41,15,26
2018-08-01,99,35,64
2018-08-01,170,71,99
2018-08-01,351,119,232
2018-08-01,551,159,392
2018-08-01,835,187,648
2018-08-01,451,122,329
2018-08-01,202,68,134
2018-08-01,97,44,53
2018-08-01,88,44,44
2018-08-01,85,36,49
2018-08-01,97,42,55
2018-08-01,152,52,100
2018-08-01,322,158,164
2018-08-01,701,351,350
2018-08-01,490,250,240
2018-08-01,198,97,101
2018-08-01,52,29,23
2018-08-01,14,9,5
2018-08-01,7,5,2
2018-08-01,5,4,1
2018-08-01,8,2,6
2018-08-01,13,4,9
2018-07-31,29,10,19
2018-07-31,81,39,42
2018-07-31,111,47,64
2018-07-31,176,79,97
2018-07-31,277,100,177
2018-07-31,509,156,353
2018-07-31,811,213,598
2018-07-31,480,135,345
2018-07-31,192,71,121
2018-07-31,123,51,72
2018-07-31,107,50,57
2018-07-31,85,42,43
2018-07-31,89,36,53
2018-07-31,188,74,114
2018-07-31,343,142,201
2018-07-31,718,381,337
2018-07-31,507,254,253
2018-07-31,200,93,107
2018-07-31,60,35,25
2018-07-31,16,7,9
2018-07-31,6,3,3
2018-07-31,3,2,1
2018-07-31,8,3,5
2018-07-31,8,4,4
2018-07-30,33,15,18
2018-07-30,50,20,30
2018-07-30,86,45,41
2018-07-30,177,70,107
2018-07-30,232,70,162
2018-07-30,519,140,379
2018-07-30,735,156,579
2018-07-30,370,98,272
2018-07-30,191,57,134
2018-07-30,133,51,82
2018-07-30,103,49,54
2018-07-30,103,48,55
2018-07-30,119,59,60
2018-07-30,126,53,73
2018-07-30,375,164,211
2018-07-30,682,357,325
2018-07-30,511,257,254
2018-07-30,172,79,93
2018-07-30,48,33,15
2018-07-30,15,5,10
2018-07-30,3,2,1
2018-07-30,4,2,2
2018-07-30,9,5,4
2018-07-30,5,1,4
2018-07-29,19,5,14
2018-07-29,22,11,11
2018-07-29,48,25,23
2018-07-29,95,41,54
2018-07-29,108,45,63
2018-07-29,140,69,71
2018-07-29,133,66,67
2018-07-29,171,59,112
2018-07-29,165,75,90
2018-07-29,157,56,101
2018-07-29,215,103,112
2018-07-29,199,115,84
2018-07-29,204,98,106
2018-07-29,173,84,89
2018-07-29,134,64,70
2018-07-29,101,52,49
2018-07-29,70,38,32
2018-07-29,21,7,14
2018-07-29,14,8,6
2018-07-29,12,6,6
2018-07-29,8,3,5
2018-07-29,14,9,5
2018-07-29,16,11,5
2018-07-29,27,20,7
2018-07-28,26,14,12
2018-07-28,59,28,31
2018-07-28,74,33,41
2018-07-28,78,39,39
2018-07-28,125,64,61
2018-07-28,134,65,69
2018-07-28,183,96,87
2018-07-28,190,86,104
2018-07-28,170,90,80
2018-07-28,200,90,110
2018-07-28,215,106,109
2018-07-28,229,118,111
2018-07-28,232,100,132
2018-07-28,170,89,81
2018-07-28,151,72,79
2018-07-28,111,46,65
2018-07-28,67,36,31
2018-07-28,41,22,19
2018-07-28,20,10,10
2018-07-28,6,2,4
2018-07-28,8,4,4
2018-07-28,4,2,2
2018-07-28,21,4,17
2018-07-28,21,12,9
2018-07-27,35,15,20
2018-07-27,56,29,27
2018-07-27,86,34,52
2018-07-27,154,61,93
2018-07-27,178,66,112
2018-07-27,372,117,255
2018-07-27,645,145,500
2018-07-27,447,138,309
2018-07-27,257,86,171
2018-07-27,191,76,115
2018-07-27,147,66,81
2018-07-27,115,52,63
2018-07-27,104,54,50
2018-07-27,150,69,81
2018-07-27,325,163,162
2018-07-27,590,260,330
2018-07-27,413,207,206
2018-07-27,155,75,80
2018-07-27,42,23,19
2018-07-27,12,4,8
2018-07-27,6,3,3
2018-07-27,5,2,3
2018-07-27,13,5,8
2018-07-27,11,4,7
2018-07-26,37,20,17
2018-07-26,83,35,48
2018-07-26,85,35,50
2018-07-26,180,69,111
2018-07-26,308,94,214
2018-07-26,479,152,327
2018-07-26,823,184,639
2018-07-26,432,110,322
2018-07-26,196,72,124
2018-07-26,133,53,80
2018-07-26,112,53,59
2018-07-26,126,60,66
2018-07-26,119,61,58
2018-07-26,153,84,69
2018-07-26,360,173,187
2018-07-26,718,337,381
2018-07-26,510,253,257
2018-07-26,197,91,106
2018-07-26,57,33,24
2018-07-26,13,5,8
2018-07-26,3,1,2
2018-07-26,3,2,1
2018-07-26,6,5,1
2018-07-26,7,1,6
2018-07-25,29,14,15
2018-07-25,63,28,35
2018-07-25,110,43,67
2018-07-25,198,73,125
2018-07-25,317,116,201
2018-07-25,557,162,395
2018-07-25,773,167,606
2018-07-25,422,114,308
2018-07-25,212,71,141
2018-07-25,110,41,69
2018-07-25,103,43,60
2018-07-25,107,56,51
2018-07-25,121,55,66
2018-07-25,148,65,83
2018-07-25,363,182,181
2018-07-25,714,367,347
2018-07-25,514,249,265
2018-07-25,197,88,109
2018-07-25,59,28,31
2018-07-25,17,5,12
2018-07-25,5,4,1
2018-07-25,10,3,7
2018-07-25,5,2,3
2018-07-25,17,7,10
2018-07-24,37,11,26
2018-07-24,67,26,41
2018-07-24,97,40,57
2018-07-24,205,76,129
2018-07-24,276,106,170
2018-07-24,543,152,391
2018-07-24,891,200,691
2018-07-24,455,124,331
2018-07-24,219,72,147
2018-07-24,124,53,71
2018-07-24,125,67,58
2018-07-24,112,57,55
2018-07-24,125,65,60
2018-07-24,155,70,85
2018-07-24,382,178,204
2018-07-24,745,355,390
2018-07-24,583,293,290
2018-07-24,208,97,111
2018-07-24,69,43,26
2018-07-24,15,4,11
2018-07-24,4,1,3
2018-07-24,3,1,2
2018-07-24,4,3,1
2018-07-24,6,3,3
2018-07-23,29,9,20
2018-07-23,43,20,23
2018-07-23,83,31,52
2018-07-23,182,66,116
2018-07-23,234,86,148
2018-07-23,505,147,358
2018-07-23,871,198,673
2018-07-23,407,120,287
2018-07-23,190,63,127
2018-07-23,117,48,69
2018-07-23,113,48,65
2018-07-23,121,57,64
2018-07-23,94,40,54
2018-07-23,182,89,93
2018-07-23,348,169,179
2018-07-23,673,334,339
2018-07-23,493,236,257
2018-07-23,172,82,90
2018-07-23,57,33,24
2018-07-23,14,3,11
2018-07-23,4,0,4
2018-07-23,5,2,3
2018-07-23,9,1,8
2018-07-23,5,2,3
2018-07-22,21,10,11
2018-07-22,22,11,11
2018-07-22,60,35,25
2018-07-22,77,39,38
2018-07-22,122,59,63
2018-07-22,121,55,66
2018-07-22,160,79,81
2018-07-22,176,77,99
2018-07-22,164,86,78
2018-07-22,190,99,91
2018-07-22,231,112,119
2018-07-22,229,119,110
2018-07-22,188,93,95
2018-07-22,210,113,97
2018-07-22,124,54,70
2018-07-22,109,49,60
2018-07-22,48,26,22
2018-07-22,29,14,15
2018-07-22,7,4,3
2018-07-22,10,4,6
2018-07-22,4,0,4
2018-07-22,3,1,2
2018-07-22,11,6,5
2018-07-22,20,10,10
2018-07-21,34,13,21
2018-07-21,35,19,16
2018-07-21,69,33,36
2018-07-21,89,44,45
2018-07-21,104,60,44
2018-07-21,168,71,97
2018-07-21,202,81,121
2018-07-21,194,81,113
2018-07-21,246,116,130
2018-07-21,241,109,132
2018-07-21,226,110,116
2018-07-21,231,109,122
2018-07-21,239,127,112
2018-07-21,137,67,70
2018-07-21,173,109,64
2018-07-21,118,55,63
2018-07-21,53,20,33
2018-07-21,30,15,15
2018-07-21,12,7,5
2018-07-21,9,2,7
2018-07-21,7,2,5
2018-07-21,8,2,6
2018-07-21,17,7,10
2018-07-21,27,16,11
2018-07-20,31,11,20
2018-07-20,60,26,34
2018-07-20,73,38,35
2018-07-20,141,41,100
2018-07-20,204,73,131
2018-07-20,391,131,260
2018-07-20,567,135,432
2018-07-20,418,127,291
2018-07-20,271,103,168
2018-07-20,191,68,123
2018-07-20,120,58,62
2018-07-20,106,45,61
2018-07-20,111,49,62
2018-07-20,133,61,72
2018-07-20,278,140,138
2018-07-20,527,278,249
2018-07-20,377,169,208
2018-07-20,145,79,66
2018-07-20,44,24,20
2018-07-20,18,11,7
2018-07-20,4,3,1
2018-07-20,8,2,6
2018-07-20,7,4,3
2018-07-20,24,7,17
2018-07-19,25,10,15
2018-07-19,66,32,34
2018-07-19,93,37,56
2018-07-19,152,67,85
2018-07-19,256,93,163
2018-07-19,475,123,352
2018-07-19,752,193,559
2018-07-19,442,128,314
2018-07-19,181,67,114
2018-07-19,136,66,70
2018-07-19,142,60,82
2018-07-19,90,47,43
2018-07-19,114,55,59
2018-07-19,156,72,84
2018-07-19,336,158,178
2018-07-19,632,317,315
2018-07-19,443,208,235
2018-07-19,169,93,76
2018-07-19,57,37,20
2018-07-19,14,5,9
2018-07-19,6,2,4
2018-07-19,1,0,1
2018-07-19,7,4,3
2018-07-19,14,5,9
2018-07-18,24,7,17
2018-07-18,60,26,34
2018-07-18,134,74,60
2018-07-18,198,79,119
2018-07-18,363,137,226
2018-07-18,567,157,410
2018-07-18,824,236,588
2018-07-18,409,122,287
2018-07-18,207,74,133
2018-07-18,125,53,72
2018-07-18,114,41,73
2018-07-18,118,69,49
2018-07-18,122,57,65
2018-07-18,173,70,103
2018-07-18,391,171,220
2018-07-18,646,334,312
2018-07-18,521,257,264
2018-07-18,197,102,95
2018-07-18,61,37,24
2018-07-18,17,10,7
2018-07-18,2,1,1
2018-07-18,3,1,2
2018-07-18,2,0,2
2018-07-18,8,2,6
2018-07-17,23,9,14
2018-07-17,63,25,38
2018-07-17,113,38,75
2018-07-17,173,64,109
2018-07-17,281,104,177
2018-07-17,527,177,350
2018-07-17,889,240,649
2018-07-17,461,113,348
2018-07-17,195,74,121
2018-07-17,132,50,82
2018-07-17,121,42,79
2018-07-17,120,65,55
2018-07-17,103,47,56
2018-07-17,157,75,82
2018-07-17,401,170,231
2018-07-17,736,361,375
2018-07-17,522,261,261
2018-07-17,239,119,120
2018-07-17,61,32,29
2018-07-17,20,7,13
2018-07-17,1,1,0
2018-07-17,4,1,3
2018-07-17,3,2,1
2018-07-17,14,8,6
2018-07-16,28,7,21
2018-07-16,49,25,24
2018-07-16,120,42,78
2018-07-16,127,39,88
2018-07-16,284,112,172
2018-07-16,542,139,403
2018-07-16,789,188,601
2018-07-16,387,102,285
2018-07-16,201,76,125
2018-07-16,109,45,64
2018-07-16,108,45,63
2018-07-16,115,52,63
2018-07-16,102,52,50
2018-07-16,154,67,87
2018-07-16,342,152,190
2018-07-16,647,295,352
2018-07-16,494,246,248
2018-07-16,180,97,83
2018-07-16,53,33,20
2018-07-16,15,6,9
2018-07-16,5,1,4
2018-07-16,7,3,4
2018-07-16,0,0,0
2018-07-16,6,3,3
2018-07-15,21,12,9
2018-07-15,41,28,13
2018-07-15,68,38,30
2018-07-15,79,34,45
2018-07-15,83,37,46
2018-07-15,105,44,61
2018-07-15,142,75,67
2018-07-15,126,66,60
2018-07-15,182,102,80
2018-07-15,196,102,94
2018-07-15,183,88,95
2018-07-15,190,95,95
2018-07-15,208,94,114
2018-07-15,175,97,78
2018-07-15,106,45,61
2018-07-15,101,46,55
2018-07-15,80,34,46
2018-07-15,33,13,20
2018-07-15,14,7,7
2018-07-15,6,3,3
2018-07-15,6,1,5
2018-07-15,7,4,3
2018-07-15,12,3,9
2018-07-15,29,19,10
2018-07-14,43,14,29
2018-07-14,46,30,16
2018-07-14,91,53,38
2018-07-14,128,59,69
2018-07-14,123,61,62
2018-07-14,164,87,77
2018-07-14,165,95,70
2018-07-14,207,92,115
2018-07-14,224,108,116
2018-07-14,205,113,92
2018-07-14,201,98,103
2018-07-14,202,83,119
2018-07-14,192,91,101
2018-07-14,151,80,71
2018-07-14,130,59,71
2018-07-14,107,54,53
2018-07-14,52,29,23
2018-07-14,63,26,37
2018-07-14,31,13,18
2018-07-14,48,11,37
2018-07-14,15,4,11
2018-07-14,7,4,3
2018-07-14,11,3,8
2018-07-14,25,16,9
2018-07-13,42,18,24
2018-07-13,61,30,31
2018-07-13,87,43,44
2018-07-13,183,68,115
2018-07-13,236,82,154
2018-07-13,401,138,263
2018-07-13,647,152,495
2018-07-13,402,126,276
2018-07-13,241,91,150
2018-07-13,191,56,135
2018-07-13,109,48,61
2018-07-13,110,53,57
2018-07-13,117,57,60
2018-07-13,154,70,84
2018-07-13,322,134,188
2018-07-13,539,284,255
2018-07-13,433,207,226
2018-07-13,154,69,85
2018-07-13,37,19,18
2018-07-13,12,5,7
2018-07-13,6,4,2
2018-07-13,4,1,3
2018-07-13,9,4,5
2018-07-13,16,7,9
2018-07-12,49,16,33
2018-07-12,80,33,47
2018-07-12,153,84,69
2018-07-12,225,98,127
2018-07-12,309,103,206
2018-07-12,534,187,347
2018-07-12,830,198,632
2018-07-12,436,125,311
2018-07-12,212,60,152
2018-07-12,139,52,87
2018-07-12,99,52,47
2018-07-12,108,51,57
2018-07-12,122,57,65
2018-07-12,179,76,103
2018-07-12,412,181,231
2018-07-12,653,326,327
2018-07-12,495,245,250
2018-07-12,192,101,91
2018-07-12,61,31,30
2018-07-12,19,7,12
2018-07-12,4,2,2
2018-07-12,3,1,2
2018-07-12,7,2,5
2018-07-12,11,6,5
2018-07-11,36,15,21
2018-07-11,65,22,43
2018-07-11,131,53,78
2018-07-11,222,96,126
2018-07-11,324,106,218
2018-07-11,591,197,394
2018-07-11,839,210,629
2018-07-11,437,113,324
2018-07-11,201,83,118
2018-07-11,164,75,89
2018-07-11,113,60,53
2018-07-11,111,56,55
2018-07-11,141,82,59
2018-07-11,181,93,88
2018-07-11,386,182,204
2018-07-11,656,319,337
2018-07-11,525,247,278
2018-07-11,182,93,89
2018-07-11,54,29,25
2018-07-11,18,7,11
2018-07-11,5,2,3
2018-07-11,8,5,3
2018-07-11,5,3,2
2018-07-11,8,5,3
2018-07-10,23,16,7
2018-07-10,50,21,29
2018-07-10,131,56,75
2018-07-10,204,58,146
2018-07-10,321,126,195
2018-07-10,560,196,364
2018-07-10,813,202,611
2018-07-10,404,112,292
2018-07-10,185,73,112
2018-07-10,121,57,64
2018-07-10,129,69,60
2018-07-10,99,50,49
2018-07-10,91,53,38
2018-07-10,141,56,85
2018-07-10,360,163,197
2018-07-10,674,322,352
2018-07-10,492,242,250
2018-07-10,205,99,106
2018-07-10,64,33,31
2018-07-10,13,7,6
2018-07-10,3,1,2
2018-07-10,4,3,1
2018-07-10,2,1,1
2018-07-10,13,6,7
2018-07-09,27,11,16
2018-07-09,46,23,23
2018-07-09,69,21,48
2018-07-09,119,38,81
2018-07-09,209,68,141
2018-07-09,509,145,364
2018-07-09,793,174,619
2018-07-09,416,114,302
2018-07-09,166,56,110
2018-07-09,145,64,81
2018-07-09,110,53,57
2018-07-09,129,67,62
2018-07-09,111,48,63
2018-07-09,139,66,73
2018-07-09,346,153,193
2018-07-09,657,328,329
2018-07-09,529,248,281
2018-07-09,193,95,98
2018-07-09,57,32,25
2018-07-09,10,4,6
2018-07-09,2,1,1
2018-07-09,3,2,1
2018-07-09,2,2,0
2018-07-09,11,4,7
2018-07-08,15,5,10
2018-07-08,24,10,14
2018-07-08,54,26,28
2018-07-08,96,46,50
2018-07-08,104,54,50
2018-07-08,155,84,71
2018-07-08,170,97,73
2018-07-08,263,120,143
2018-07-08,257,141,116
2018-07-08,284,144,140
2018-07-08,299,155,144
2018-07-08,246,129,117
2018-07-08,242,142,100
2018-07-08,177,77,100
2018-07-08,157,67,90
2018-07-08,87,51,36
2018-07-08,49,18,31
2018-07-08,23,9,14
2018-07-08,9,4,5
2018-07-08,4,1,3
2018-07-08,2,1,1
2018-07-08,8,4,4
2018-07-08,8,2,6
2018-07-08,24,12,12
2018-07-07,41,21,20
2018-07-07,54,19,35
2018-07-07,107,36,71
2018-07-07,124,56,68
2018-07-07,100,37,63
2018-07-07,225,104,121
2018-07-07,237,109,128
2018-07-07,239,117,122
2018-07-07,193,85,108
2018-07-07,235,102,133
2018-07-07,186,98,88
2018-07-07,187,93,94
2018-07-07,171,62,109
2018-07-07,160,77,83
2018-07-07,128,53,75
2018-07-07,99,41,58
2018-07-07,42,17,25
2018-07-07,24,8,16
2018-07-07,20,11,9
2018-07-07,6,1,5
2018-07-07,4,4,0
2018-07-07,9,2,7
2018-07-07,12,4,8
2018-07-07,23,10,13
2018-07-06,46,25,21
2018-07-06,55,27,28
2018-07-06,88,45,43
2018-07-06,161,68,93
2018-07-06,197,75,122
2018-07-06,374,126,248
2018-07-06,526,132,394
2018-07-06,392,131,261
2018-07-06,236,74,162
2018-07-06,180,65,115
2018-07-06,130,51,79
2018-07-06,126,63,63
2018-07-06,127,60,67
2018-07-06,140,67,73
2018-07-06,304,144,160
2018-07-06,488,266,222
2018-07-06,334,166,168
2018-07-06,121,61,60
2018-07-06,36,17,19
2018-07-06,15,7,8
2018-07-06,2,1,1
2018-07-06,3,2,1
2018-07-06,7,1,6
2018-07-06,4,2,2
2018-07-05,41,18,23
2018-07-05,66,27,39
2018-07-05,82,38,44
2018-07-05,136,41,95
2018-07-05,237,94,143
2018-07-05,448,140,308
2018-07-05,634,155,479
2018-07-05,352,88,264
2018-07-05,196,72,124
2018-07-05,163,64,99
2018-07-05,150,72,78
2018-07-05,123,54,69
2018-07-05,141,81,60
2018-07-05,169,77,92
2018-07-05,302,133,169
2018-07-05,475,216,259
2018-07-05,327,153,174
2018-07-05,124,65,59
2018-07-05,44,20,24
2018-07-05,20,11,9
2018-07-05,6,3,3
2018-07-05,7,2,5
2018-07-05,15,6,9
2018-07-05,53,14,39
2018-07-04,264,114,150
2018-07-04,129,58,71
2018-07-04,183,99,84
2018-07-04,201,92,109
2018-07-04,236,104,132
2018-07-04,265,133,132
2018-07-04,246,138,108
2018-07-04,226,91,135
2018-07-04,284,146,138
2018-07-04,295,126,169
2018-07-04,319,146,173
2018-07-04,248,120,128
2018-07-04,236,117,119
2018-07-04,176,91,85
2018-07-04,130,59,71
2018-07-04,161,98,63
2018-07-04,73,32,41
2018-07-04,35,13,22
2018-07-04,18,8,10
2018-07-04,7,4,3
2018-07-04,4,1,3
2018-07-04,5,3,2
2018-07-04,9,4,5
2018-07-04,29,6,23
2018-07-03,41,20,21
2018-07-03,55,19,36
2018-07-03,117,60,57
2018-07-03,156,64,92
2018-07-03,281,109,172
2018-07-03,444,136,308
2018-07-03,701,186,515
2018-07-03,493,137,356
2018-07-03,263,83,180
2018-07-03,179,74,105
2018-07-03,146,52,94
2018-07-03,113,48,65
2018-07-03,140,66,74
2018-07-03,157,76,81
2018-07-03,361,168,193
2018-07-03,578,298,280
2018-07-03,433,209,224
2018-07-03,177,91,86
2018-07-03,52,27,25
2018-07-03,13,7,6
2018-07-03,7,2,5
2018-07-03,5,3,2
2018-07-03,8,7,1
2018-07-03,12,5,7
2018-07-02,24,7,17
2018-07-02,22,15,7
2018-07-02,75,36,39
2018-07-02,152,55,97
2018-07-02,245,82,163
2018-07-02,471,131,340
2018-07-02,745,176,569
2018-07-02,367,99,268
2018-07-02,178,76,102
2018-07-02,121,63,58
2018-07-02,106,42,64
2018-07-02,93,49,44
2018-07-02,106,48,58
2018-07-02,130,58,72
2018-07-02,314,143,171
2018-07-02,577,295,282
2018-07-02,394,185,209
2018-07-02,150,74,76
2018-07-02,42,18,24
2018-07-02,17,7,10
2018-07-02,1,0,1
2018-07-02,4,2,2
2018-07-02,2,1,1
2018-07-02,8,4,4
2018-07-01,11,1,10
2018-07-01,12,3,9
2018-07-01,42,13,29
2018-07-01,65,26,39
2018-07-01,78,30,48
2018-07-01,122,62,60
2018-07-01,127,67,60
2018-07-01,148,65,83
2018-07-01,177,92,85
2018-07-01,166,71,95
2018-07-01,140,58,82
2018-07-01,126,52,74
2018-07-01,127,68,59
2018-07-01,121,54,67
2018-07-01,84,30,54
2018-07-01,78,37,41
2018-07-01,47,25,22
2018-07-01,18,6,12
2018-07-01,8,6,2
2018-07-01,4,0,4
2018-07-01,6,2,4
2018-07-01,8,5,3
2018-07-01,5,2,3
2018-07-01,13,7,6
2018-06-30,26,14,12
2018-06-30,21,10,11
2018-06-30,34,13,21
2018-06-30,43,13,30
2018-06-30,70,31,39
2018-06-30,88,43,45
2018-06-30,103,39,64
2018-06-30,118,48,70
2018-06-30,98,34,64
2018-06-30,119,63,56
2018-06-30,166,97,69
2018-06-30,177,74,103
2018-06-30,126,58,68
2018-06-30,133,48,85
2018-06-30,143,56,87
2018-06-30,95,40,55
2018-06-30,53,26,27
2018-06-30,25,9,16
2018-06-30,14,11,3
2018-06-30,5,2,3
2018-06-30,6,2,4
2018-06-30,6,3,3
2018-06-30,17,10,7
2018-06-30,45,21,24
2018-06-29,216,24,192
2018-06-29,460,32,428
2018-06-29,565,521,44
2018-06-29,135,45,90
2018-06-29,192,54,138
2018-06-29,296,82,214
2018-06-29,550,121,429
2018-06-29,368,97,271
2018-06-29,191,64,127
2018-06-29,172,70,102
2018-06-29,127,48,79
2018-06-29,111,49,62
2018-06-29,102,60,42
2018-06-29,137,52,85
2018-06-29,269,129,140
2018-06-29,474,207,267
2018-06-29,349,173,176
2018-06-29,121,62,59
2018-06-29,48,22,26
2018-06-29,11,6,5
2018-06-29,4,2,2
2018-06-29,6,3,3
2018-06-29,6,2,4
2018-06-29,9,3,6
2018-06-28,27,10,17
2018-06-28,41,18,23
2018-06-28,75,36,39
2018-06-28,129,47,82
2018-06-28,222,67,155
2018-06-28,502,162,340
2018-06-28,710,169,541
2018-06-28,403,102,301
2018-06-28,149,65,84
2018-06-28,102,43,59
2018-06-28,113,47,66
2018-06-28,78,31,47
2018-06-28,99,50,49
2018-06-28,139,69,70
2018-06-28,327,153,174
2018-06-28,565,272,293
2018-06-28,444,202,242
2018-06-28,179,97,82
2018-06-28,56,27,29
2018-06-28,10,5,5
2018-06-28,4,2,2
2018-06-28,1,1,0
2018-06-28,1,0,1
2018-06-28,11,5,6
2018-06-27,29,15,14
2018-06-27,63,34,29
2018-06-27,84,38,46
2018-06-27,148,59,89
2018-06-27,300,101,199
2018-06-27,492,151,341
2018-06-27,804,181,623
2018-06-27,399,99,300
2018-06-27,180,64,116
2018-06-27,127,56,71
2018-06-27,113,46,67
2018-06-27,105,55,50
2018-06-27,125,63,62
2018-06-27,138,61,77
2018-06-27,376,163,213
2018-06-27,626,312,314
2018-06-27,528,262,266
2018-06-27,184,98,86
2018-06-27,77,43,34
2018-06-27,22,11,11
2018-06-27,5,4,1
2018-06-27,3,1,2
2018-06-27,3,2,1
2018-06-27,11,4,7
2018-06-26,32,10,22
2018-06-26,66,26,40
2018-06-26,104,30,74
2018-06-26,229,92,137
2018-06-26,316,111,205
2018-06-26,487,161,326
2018-06-26,807,180,627
2018-06-26,361,114,247
2018-06-26,182,74,108
2018-06-26,113,55,58
2018-06-26,109,45,64
2018-06-26,109,55,54
2018-06-26,110,58,52
2018-06-26,125,56,69
2018-06-26,371,152,219
2018-06-26,599,289,310
2018-06-26,389,203,186
2018-06-26,165,90,75
2018-06-26,56,31,25
2018-06-26,13,7,6
2018-06-26,2,2,0
2018-06-26,3,1,2
2018-06-26,2,2,0
2018-06-26,21,13,8
2018-06-25,19,7,12
2018-06-25,40,21,19
2018-06-25,64,29,35
2018-06-25,100,33,67
2018-06-25,235,83,152
2018-06-25,386,124,262
2018-06-25,570,129,441
2018-06-25,304,84,220
2018-06-25,145,54,91
2018-06-25,82,41,41
2018-06-25,70,36,34
2018-06-25,66,29,37
2018-06-25,69,24,45
2018-06-25,96,44,52
2018-06-25,306,144,162
2018-06-25,498,234,264
2018-06-25,304,151,153
2018-06-25,139,75,64
2018-06-25,41,24,17
2018-06-25,8,3,5
2018-06-25,3,1,2
2018-06-25,3,0,3
2018-06-25,4,3,1
2018-06-25,6,3,3
2018-06-24,18,5,13
2018-06-24,24,10,14
2018-06-24,39,11,28
2018-06-24,82,42,40
2018-06-24,133,58,75
2018-06-24,164,64,100
2018-06-24,212,90,122
2018-06-24,225,104,121
2018-06-24,285,138,147
2018-06-24,250,106,144
2018-06-24,258,107,151
2018-06-24,238,114,124
2018-06-24,219,95,124
2018-06-24,178,87,91
2018-06-24,88,47,41
2018-06-24,86,37,49
2018-06-24,45,19,26
2018-06-24,20,12,8
2018-06-24,17,13,4
2018-06-24,6,1,5
2018-06-24,4,2,2
2018-06-24,5,2,3
2018-06-24,8,3,5
2018-06-24,19,11,8
2018-06-23,38,13,25
2018-06-23,43,20,23
2018-06-23,95,33,62
2018-06-23,102,55,47
2018-06-23,150,70,80
2018-06-23,173,80,93
2018-06-23,174,85,89
2018-06-23,214,84,130
2018-06-23,203,87,116
2018-06-23,150,63,87
2018-06-23,200,104,96
2018-06-23,183,103,80
2018-06-23,138,62,76
2018-06-23,139,63,76
2018-06-23,91,53,38
2018-06-23,110,64,46
2018-06-23,46,18,28
2018-06-23,15,9,6
2018-06-23,14,6,8
2018-06-23,8,4,4
2018-06-23,5,4,1
2018-06-23,4,3,1
2018-06-23,7,3,4
2018-06-23,9,4,5
2018-06-22,13,8,5
2018-06-22,41,17,24
2018-06-22,69,26,43
2018-06-22,103,35,68
2018-06-22,163,70,93
2018-06-22,328,105,223
2018-06-22,581,142,439
2018-06-22,421,128,293
2018-06-22,194,80,114
2018-06-22,151,72,79
2018-06-22,117,50,67
2018-06-22,104,51,53
2018-06-22,102,44,58
2018-06-22,128,53,75
2018-06-22,310,140,170
2018-06-22,542,255,287
2018-06-22,353,187,166
2018-06-22,151,86,65
2018-06-22,34,18,16
2018-06-22,12,6,6
2018-06-22,5,1,4
2018-06-22,8,6,2
2018-06-22,13,6,7
2018-06-22,23,9,14
2018-06-21,49,22,27
2018-06-21,92,38,54
2018-06-21,126,68,58
2018-06-21,157,55,102
2018-06-21,258,103,155
2018-06-21,529,144,385
2018-06-21,806,190,616
2018-06-21,435,123,312
2018-06-21,167,65,102
2018-06-21,123,54,69
2018-06-21,100,45,55
2018-06-21,91,47,44
2018-06-21,113,59,54
2018-06-21,138,66,72
2018-06-21,349,165,184
2018-06-21,620,288,332
2018-06-21,478,229,249
2018-06-21,177,100,77
2018-06-21,56,30,26
2018-06-21,9,4,5
2018-06-21,4,2,2
2018-06-21,3,2,1
2018-06-21,7,2,5
2018-06-21,21,9,12
2018-06-20,33,10,23
2018-06-20,62,34,28
2018-06-20,126,67,59
2018-06-20,209,90,119
2018-06-20,281,84,197
2018-06-20,570,169,401
2018-06-20,852,203,649
2018-06-20,412,108,304
2018-06-20,194,74,120
2018-06-20,117,37,80
2018-06-20,115,52,63
2018-06-20,105,59,46
2018-06-20,117,58,59
2018-06-20,144,63,81
2018-06-20,387,190,197
2018-06-20,662,303,359
2018-06-20,556,294,262
2018-06-20,220,110,110
2018-06-20,47,23,24
2018-06-20,14,5,9
2018-06-20,3,2,1
2018-06-20,3,2,1
2018-06-20,8,3,5
2018-06-20,10,5,5
2018-06-19,39,25,14
2018-06-19,59,28,31
2018-06-19,112,51,61
2018-06-19,193,64,129
2018-06-19,276,107,169
2018-06-19,554,163,391
2018-06-19,873,188,685
2018-06-19,475,112,363
2018-06-19,226,74,152
2018-06-19,148,67,81
2018-06-19,133,55,78
2018-06-19,125,65,60
2018-06-19,110,53,57
2018-06-19,164,79,85
2018-06-19,390,180,210
2018-06-19,751,364,387
2018-06-19,541,275,266
2018-06-19,221,111,110
2018-06-19,60,35,25
2018-06-19,10,4,6
2018-06-19,2,1,1
2018-06-19,3,1,2
2018-06-19,7,4,3
2018-06-19,11,5,6
2018-06-18,19,8,11
2018-06-18,57,24,33
2018-06-18,111,34,77
2018-06-18,165,67,98
2018-06-18,295,101,194
2018-06-18,561,166,395
2018-06-18,852,180,672
2018-06-18,437,100,337
2018-06-18,187,73,114
2018-06-18,131,55,76
2018-06-18,109,56,53
2018-06-18,104,54,50
2018-06-18,105,46,59
2018-06-18,132,68,64
2018-06-18,351,165,186
2018-06-18,725,352,373
2018-06-18,527,266,261
2018-06-18,196,102,94
2018-06-18,48,26,22
2018-06-18,13,9,4
2018-06-18,3,0,3
2018-06-18,3,1,2
2018-06-18,3,2,1
2018-06-18,7,5,2
2018-06-17,15,9,6
2018-06-17,35,14,21
2018-06-17,43,20,23
2018-06-17,92,55,37
2018-06-17,117,61,56
2018-06-17,177,91,86
2018-06-17,223,97,126
2018-06-17,230,101,129
2018-06-17,198,94,104
2018-06-17,217,111,106
2018-06-17,278,120,158
2018-06-17,235,113,122
2018-06-17,224,88,136
2018-06-17,178,80,98
2018-06-17,144,64,80
2018-06-17,115,60,55
2018-06-17,60,26,34
2018-06-17,25,9,16
2018-06-17,11,5,6
2018-06-17,6,3,3
2018-06-17,6,2,4
2018-06-17,8,3,5
2018-06-17,16,10,6
2018-06-17,20,7,13
2018-06-16,53,26,27
2018-06-16,85,48,37
2018-06-16,90,34,56
2018-06-16,140,63,77
2018-06-16,155,73,82
2018-06-16,198,105,93
2018-06-16,286,116,170
2018-06-16,266,133,133
2018-06-16,175,71,104
2018-06-16,57,23,34
2018-06-16,38,16,22
2018-06-16,53,18,35
2018-06-16,248,87,161
2018-06-16,228,88,140
2018-06-16,171,71,100
2018-06-16,115,56,59
2018-06-16,56,24,32
2018-06-16,38,11,27
2018-06-16,17,6,11
2018-06-16,4,2,2
2018-06-16,5,1,4
2018-06-16,9,2,7
2018-06-16,12,8,4
2018-06-16,20,8,12
2018-06-15,47,17,30
2018-06-15,58,19,39
2018-06-15,67,34,33
2018-06-15,124,52,72
2018-06-15,205,64,141
2018-06-15,376,122,254
2018-06-15,703,193,510
2018-06-15,458,122,336
2018-06-15,231,88,143
2018-06-15,182,91,91
2018-06-15,118,56,62
2018-06-15,127,60,67
2018-06-15,106,47,59
2018-06-15,127,49,78
2018-06-15,291,137,154
2018-06-15,547,293,254
2018-06-15,382,197,185
2018-06-15,148,67,81
2018-06-15,44,23,21
2018-06-15,14,8,6
2018-06-15,5,2,3
2018-06-15,2,1,1
2018-06-15,7,3,4
2018-06-15,9,2,7
2018-06-14,33,10,23
2018-06-14,55,18,37
2018-06-14,91,36,55
2018-06-14,130,37,93
2018-06-14,236,87,149
2018-06-14,467,144,323
2018-06-14,648,173,475
2018-06-14,365,104,261
2018-06-14,137,52,85
2018-06-14,102,51,51
2018-06-14,102,53,49
2018-06-14,91,45,46
2018-06-14,74,27,47
2018-06-14,129,55,74
2018-06-14,273,122,151
2018-06-14,544,255,289
2018-06-14,371,192,179
2018-06-14,141,61,80
2018-06-14,48,25,23
2018-06-14,12,7,5
2018-06-14,8,5,3
2018-06-14,6,4,2
2018-06-14,2,1,1
2018-06-14,10,3,7
2018-06-13,22,7,15
2018-06-13,21,11,10
2018-06-13,37,8,29
2018-06-13,64,26,38
2018-06-13,116,32,84
2018-06-13,290,79,211
2018-06-13,440,89,351
2018-06-13,225,62,163
2018-06-13,108,52,56
2018-06-13,68,31,37
2018-06-13,89,37,52
2018-06-13,85,48,37
2018-06-13,65,31,34
2018-06-13,98,39,59
2018-06-13,247,118,129
2018-06-13,387,195,192
2018-06-13,235,122,113
2018-06-13,92,46,46
2018-06-13,48,27,21
2018-06-13,13,12,1
2018-06-13,6,3,3
2018-06-13,6,1,5
2018-06-13,2,1,1
2018-06-13,6,3,3
2018-06-12,28,6,22
2018-06-12,49,24,25
2018-06-12,72,36,36
2018-06-12,139,37,102
2018-06-12,253,78,175
2018-06-12,510,148,362
2018-06-12,836,200,636
2018-06-12,441,118,323
2018-06-12,186,76,110
2018-06-12,127,47,80
2018-06-12,114,53,61
2018-06-12,91,45,46
2018-06-12,91,47,44
2018-06-12,135,69,66
2018-06-12,356,149,207
2018-06-12,705,375,330
2018-06-12,556,275,281
2018-06-12,208,101,107
2018-06-12,56,35,21
2018-06-12,5,3,2
2018-06-12,5,3,2
2018-06-12,5,3,2
2018-06-12,4,3,1
2018-06-12,8,3,5
2018-06-11,20,8,12
2018-06-11,38,15,23
2018-06-11,85,29,56
2018-06-11,155,59,96
2018-06-11,279,101,178
2018-06-11,570,139,431
2018-06-11,857,188,669
2018-06-11,379,111,268
2018-06-11,172,63,109
2018-06-11,146,61,85
2018-06-11,100,41,59
2018-06-11,113,48,65
2018-06-11,88,35,53
2018-06-11,133,66,67
2018-06-11,316,145,171
2018-06-11,617,311,306
2018-06-11,452,229,223
2018-06-11,207,102,105
2018-06-11,64,35,29
2018-06-11,15,8,7
2018-06-11,3,2,1
2018-06-11,0,0,0
2018-06-11,2,2,0
2018-06-11,3,2,1
2018-06-10,11,7,4
2018-06-10,15,7,8
2018-06-10,23,13,10
2018-06-10,23,16,7
2018-06-10,34,19,15
2018-06-10,53,24,29
2018-06-10,74,44,30
2018-06-10,142,60,82
2018-06-10,133,74,59
2018-06-10,153,75,78
2018-06-10,173,83,90
2018-06-10,112,73,39
2018-06-10,89,43,46
2018-06-10,155,81,74
2018-06-10,122,60,62
2018-06-10,93,37,56
2018-06-10,43,20,23
2018-06-10,30,13,17
2018-06-10,23,15,8
2018-06-10,2,1,1
2018-06-10,4,2,2
2018-06-10,4,0,4
2018-06-10,4,1,3
2018-06-10,8,4,4
2018-06-09,15,6,9
2018-06-09,15,8,7
2018-06-09,30,12,18
2018-06-09,35,20,15
2018-06-09,54,26,28
2018-06-09,101,55,46
2018-06-09,109,67,42
2018-06-09,112,70,42
2018-06-09,139,71,68
2018-06-09,118,51,67
2018-06-09,129,60,69
2018-06-09,139,67,72
2018-06-09,113,54,59
2018-06-09,106,63,43
2018-06-09,76,44,32
2018-06-09,54,25,29
2018-06-09,29,11,18
2018-06-09,15,10,5
2018-06-09,10,6,4
2018-06-09,2,1,1
2018-06-09,3,2,1
2018-06-09,4,1,3
2018-06-09,6,4,2
2018-06-09,9,3,6
2018-06-08,10,4,6
2018-06-08,16,6,10
2018-06-08,28,9,19
2018-06-08,46,16,30
2018-06-08,73,17,56
2018-06-08,234,69,165
2018-06-08,414,89,325
2018-06-08,269,66,203
2018-06-08,114,42,72
2018-06-08,72,20,52
2018-06-08,65,31,34
2018-06-08,61,26,35
2018-06-08,97,41,56
2018-06-08,123,49,74
2018-06-08,235,105,130
2018-06-08,467,250,217
2018-06-08,291,133,158
2018-06-08,115,54,61
2018-06-08,42,22,20
2018-06-08,8,2,6
2018-06-08,1,1,0
2018-06-08,4,1,3
2018-06-08,7,1,6
2018-06-08,14,5,9
2018-06-07,34,12,22
2018-06-07,59,22,37
2018-06-07,82,32,50
2018-06-07,160,57,103
2018-06-07,278,99,179
2018-06-07,474,158,316
2018-06-07,766,190,576
2018-06-07,404,114,290
2018-06-07,187,50,137
2018-06-07,118,61,57
2018-06-07,97,43,54
2018-06-07,110,46,64
2018-06-07,115,52,63
2018-06-07,149,83,66
2018-06-07,335,161,174
2018-06-07,597,299,298
2018-06-07,454,230,224
2018-06-07,196,91,105
2018-06-07,55,33,22
2018-06-07,12,6,6
2018-06-07,5,3,2
2018-06-07,3,0,3
2018-06-07,5,4,1
2018-06-07,20,5,15
2018-06-06,47,21,26
2018-06-06,57,21,36
2018-06-06,107,37,70
2018-06-06,143,61,82
2018-06-06,275,107,168
2018-06-06,542,175,367
2018-06-06,837,192,645
2018-06-06,479,147,332
2018-06-06,203,66,137
2018-06-06,142,65,77
2018-06-06,123,58,65
2018-06-06,118,61,57
2018-06-06,126,70,56
2018-06-06,166,67,99
2018-06-06,370,183,187
2018-06-06,638,330,308
2018-06-06,544,277,267
2018-06-06,213,110,103
2018-06-06,55,34,21
2018-06-06,12,6,6
2018-06-06,5,4,1
2018-06-06,2,0,2
2018-06-06,7,2,5
2018-06-06,9,4,5
2018-06-05,21,11,10
2018-06-05,45,12,33
2018-06-05,86,36,50
2018-06-05,172,70,102
2018-06-05,281,98,183
2018-06-05,496,161,335
2018-06-05,839,189,650
2018-06-05,415,114,301
2018-06-05,194,75,119
2018-06-05,121,62,59
2018-06-05,133,74,59
2018-06-05,86,38,48
2018-06-05,113,53,60
2018-06-05,134,67,67
2018-06-05,359,163,196
2018-06-05,695,357,338
2018-06-05,538,282,256
2018-06-05,202,93,109
2018-06-05,60,33,27
2018-06-05,8,5,3
2018-06-05,5,3,2
2018-06-05,3,0,3
2018-06-05,6,3,3
2018-06-05,11,7,4
2018-06-04,10,7,3
2018-06-04,35,17,18
2018-06-04,67,34,33
2018-06-04,109,44,65
2018-06-04,206,82,124
2018-06-04,416,135,281
2018-06-04,688,149,539
2018-06-04,329,91,238
2018-06-04,149,46,103
2018-06-04,89,47,42
2018-06-04,85,40,45
2018-06-04,63,30,33
2018-06-04,59,26,33
2018-06-04,76,36,40
2018-06-04,243,119,124
2018-06-04,570,295,275
2018-06-04,409,197,212
2018-06-04,144,82,62
2018-06-04,46,25,21
2018-06-04,14,7,7
2018-06-04,1,0,1
2018-06-04,5,2,3
2018-06-04,1,0,1
2018-06-04,3,3,0
2018-06-03,6,1,5
2018-06-03,14,7,7
2018-06-03,19,11,8
2018-06-03,28,18,10
2018-06-03,38,20,18
2018-06-03,43,23,20
2018-06-03,47,16,31
2018-06-03,63,27,36
2018-06-03,68,31,37
2018-06-03,84,35,49
2018-06-03,134,51,83
2018-06-03,154,93,61
2018-06-03,160,88,72
2018-06-03,148,79,69
2018-06-03,102,57,45
2018-06-03,82,41,41
2018-06-03,57,38,19
2018-06-03,24,13,11
2018-06-03,7,4,3
2018-06-03,7,2,5
2018-06-03,4,2,2
2018-06-03,12,5,7
2018-06-03,27,9,18
2018-06-03,16,4,12
2018-06-02,28,7,21
2018-06-02,54,23,31
2018-06-02,65,33,32
2018-06-02,125,53,72
2018-06-02,112,48,64
2018-06-02,194,101,93
2018-06-02,221,97,124
2018-06-02,245,131,114
2018-06-02,253,130,123
2018-06-02,271,140,131
2018-06-02,250,128,122
2018-06-02,236,112,124
2018-06-02,231,117,114
2018-06-02,180,87,93
2018-06-02,160,91,69
2018-06-02,88,44,44
2018-06-02,62,32,30
2018-06-02,31,13,18
2018-06-02,16,10,6
2018-06-02,8,4,4
2018-06-02,7,3,4
2018-06-02,12,6,6
2018-06-02,24,11,13
2018-06-02,38,10,28
2018-06-01,30,13,17
2018-06-01,48,21,27
2018-06-01,88,51,37
2018-06-01,120,49,71
2018-06-01,223,99,124
2018-06-01,423,142,281
2018-06-01,639,139,500
2018-06-01,387,109,278
2018-06-01,222,76,146
2018-06-01,143,60,83
2018-06-01,104,44,60
2018-06-01,92,38,54
2018-06-01,102,49,53
2018-06-01,137,73,64
2018-06-01,276,130,146
2018-06-01,555,284,271
2018-06-01,373,187,186
2018-06-01,132,62,70
2018-06-01,43,22,21
2018-06-01,8,4,4
2018-06-01,11,8,3
2018-06-01,0,0,0
2018-06-01,4,1,3
2018-06-01,7,4,3
2018-05-31,30,14,16
2018-05-31,51,21,30
2018-05-31,99,36,63
2018-05-31,120,27,93
2018-05-31,248,84,164
2018-05-31,500,156,344
2018-05-31,753,202,551
2018-05-31,379,97,282
2018-05-31,179,70,109
2018-05-31,108,42,66
2018-05-31,90,46,44
2018-05-31,75,27,48
2018-05-31,90,53,37
2018-05-31,96,48,48
2018-05-31,310,145,165
2018-05-31,659,345,314
2018-05-31,520,271,249
2018-05-31,178,92,86
2018-05-31,59,39,20
2018-05-31,13,10,3
2018-05-31,4,3,1
2018-05-31,4,4,0
2018-05-31,6,3,3
2018-05-31,9,7,2
2018-05-30,23,6,17
2018-05-30,46,22,24
2018-05-30,87,35,52
2018-05-30,167,60,107
2018-05-30,274,104,170
2018-05-30,660,203,457
2018-05-30,804,189,615
2018-05-30,462,121,341
2018-05-30,187,66,121
2018-05-30,115,45,70
2018-05-30,103,45,58
2018-05-30,95,45,50
2018-05-30,78,43,35
2018-05-30,146,70,76
2018-05-30,285,135,150
2018-05-30,687,364,323
2018-05-30,545,297,248
2018-05-30,204,114,90
2018-05-30,75,44,31
2018-05-30,13,7,6
2018-05-30,7,4,3
2018-05-30,1,0,1
2018-05-30,8,5,3
2018-05-30,5,0,5
2018-05-29,16,6,10
2018-05-29,25,9,16
2018-05-29,60,21,39
2018-05-29,127,44,83
2018-05-29,218,69,149
2018-05-29,455,142,313
2018-05-29,779,185,594
2018-05-29,383,103,280
2018-05-29,159,56,103
2018-05-29,97,52,45
2018-05-29,97,42,55
2018-05-29,70,30,40
2018-05-29,95,39,56
2018-05-29,132,49,83
2018-05-29,304,133,171
2018-05-29,679,355,324
2018-05-29,491,264,227
2018-05-29,190,93,97
2018-05-29,40,21,19
2018-05-29,10,4,6
2018-05-29,6,4,2
2018-05-29,0,0,0
2018-05-29,3,3,0
2018-05-29,12,7,5
2018-05-28,13,6,7
2018-05-28,28,9,19
2018-05-28,28,10,18
2018-05-28,68,27,41
2018-05-28,107,51,56
2018-05-28,122,57,65
2018-05-28,172,73,99
2018-05-28,255,135,120
2018-05-28,257,114,143
2018-05-28,263,119,144
2018-05-28,234,104,130
2018-05-28,195,81,114
2018-05-28,199,92,107
2018-05-28,167,85,82
2018-05-28,110,51,59
2018-05-28,85,43,42
2018-05-28,52,26,26
2018-05-28,29,13,16
2018-05-28,9,7,2
2018-05-28,3,0,3
2018-05-28,0,0,0
2018-05-28,4,4,0
2018-05-28,6,3,3
2018-05-28,18,11,7
2018-05-27,13,3,10
2018-05-27,45,14,31
2018-05-27,71,22,49
2018-05-27,98,36,62
2018-05-27,123,51,72
2018-05-27,195,102,93
2018-05-27,214,91,123
2018-05-27,231,115,116
2018-05-27,245,121,124
2018-05-27,271,127,144
2018-05-27,250,148,102
2018-05-27,236,109,127
2018-05-27,181,92,89
2018-05-27,149,66,83
2018-05-27,122,57,65
2018-05-27,83,43,40
2018-05-27,45,20,25
2018-05-27,17,8,9
2018-05-27,9,3,6
2018-05-27,2,1,1
2018-05-27,4,0,4
2018-05-27,7,4,3
2018-05-27,10,5,5
2018-05-27,5,2,3
2018-05-26,29,13,16
2018-05-26,50,20,30
2018-05-26,55,11,44
2018-05-26,66,21,45
2018-05-26,95,39,56
2018-05-26,119,52,67
2018-05-26,139,59,80
2018-05-26,192,89,103
2018-05-26,186,100,86
2018-05-26,179,90,89
2018-05-26,208,113,95
2018-05-26,206,123,83
2018-05-26,196,98,98
2018-05-26,130,57,73
2018-05-26,103,51,52
2018-05-26,79,37,42
2018-05-26,63,26,37
2018-05-26,23,9,14
2018-05-26,10,3,7
2018-05-26,6,3,3
2018-05-26,1,0,1
2018-05-26,8,5,3
2018-05-26,17,8,9
2018-05-26,18,9,9
2018-05-25,43,13,30
2018-05-25,68,31,37
2018-05-25,84,29,55
2018-05-25,84,41,43
2018-05-25,132,60,72
2018-05-25,285,85,200
2018-05-25,555,147,408
2018-05-25,393,95,298
2018-05-25,250,75,175
2018-05-25,169,52,117
2018-05-25,140,54,86
2018-05-25,133,52,81
2018-05-25,85,32,53
2018-05-25,137,60,77
2018-05-25,322,146,176
2018-05-25,534,273,261
2018-05-25,384,199,185
2018-05-25,157,69,88
2018-05-25,55,27,28
2018-05-25,14,10,4
2018-05-25,1,1,0
2018-05-25,2,0,2
2018-05-25,6,2,4
2018-05-25,12,5,7
2018-05-24,25,12,13
2018-05-24,46,22,24
2018-05-24,97,26,71
2018-05-24,149,63,86
2018-05-24,240,94,146
2018-05-24,533,170,363
2018-05-24,775,199,576
2018-05-24,418,125,293
2018-05-24,189,66,123
2018-05-24,129,51,78
2018-05-24,116,55,61
2018-05-24,112,68,44
2018-05-24,91,47,44
2018-05-24,135,63,72
2018-05-24,333,150,183
2018-05-24,696,374,322
2018-05-24,467,251,216
2018-05-24,182,94,88
2018-05-24,69,39,30
2018-05-24,12,10,2
2018-05-24,6,2,4
2018-05-24,4,2,2
2018-05-24,1,1,0
2018-05-24,20,6,14
2018-05-23,32,17,15
2018-05-23,60,21,39
2018-05-23,103,42,61
2018-05-23,210,90,120
2018-05-23,302,104,198
2018-05-23,561,177,384
2018-05-23,924,215,709
2018-05-23,502,146,356
2018-05-23,233,102,131
2018-05-23,172,81,91
2018-05-23,160,83,77
2018-05-23,115,58,57
2018-05-23,142,66,76
2018-05-23,132,57,75
2018-05-23,350,168,182
2018-05-23,714,376,338
2018-05-23,585,294,291
2018-05-23,215,111,104
2018-05-23,72,32,40
2018-05-23,18,9,9
2018-05-23,6,4,2
2018-05-23,3,0,3
2018-05-23,8,3,5
2018-05-23,13,8,5
2018-05-22,41,12,29
2018-05-22,60,28,32
2018-05-22,95,45,50
2018-05-22,187,65,122
2018-05-22,348,102,246
2018-05-22,567,193,374
2018-05-22,868,211,657
2018-05-22,528,148,380
2018-05-22,240,81,159
2018-05-22,158,79,79
2018-05-22,126,48,78
2018-05-22,134,58,76
2018-05-22,129,63,66
2018-05-22,157,75,82
2018-05-22,404,174,230
2018-05-22,748,400,348
2018-05-22,640,338,302
2018-05-22,249,132,117
2018-05-22,68,36,32
2018-05-22,17,9,8
2018-05-22,3,2,1
2018-05-22,3,3,0
2018-05-22,8,5,3
2018-05-22,9,5,4
2018-05-21,14,5,9
2018-05-21,46,25,21
2018-05-21,86,33,53
2018-05-21,165,66,99
2018-05-21,245,85,160
2018-05-21,606,177,429
2018-05-21,837,186,651
2018-05-21,438,117,321
2018-05-21,202,75,127
2018-05-21,116,52,64
2018-05-21,100,45,55
2018-05-21,108,45,63
2018-05-21,129,72,57
2018-05-21,149,78,71
2018-05-21,379,176,203
2018-05-21,685,354,331
2018-05-21,529,286,243
2018-05-21,189,102,87
2018-05-21,51,30,21
2018-05-21,12,3,9
2018-05-21,6,4,2
2018-05-21,3,1,2
2018-05-21,3,0,3
2018-05-21,7,1,6
2018-05-20,13,3,10
2018-05-20,22,11,11
2018-05-20,42,24,18
2018-05-20,51,17,34
2018-05-20,89,34,55
2018-05-20,110,68,42
2018-05-20,164,85,79
2018-05-20,172,98,74
2018-05-20,169,85,84
2018-05-20,175,91,84
2018-05-20,169,89,80
2018-05-20,159,73,86
2018-05-20,133,68,65
2018-05-20,119,68,51
2018-05-20,79,36,43
2018-05-20,74,33,41
2018-05-20,33,14,19
2018-05-20,14,7,7
2018-05-20,7,5,2
2018-05-20,2,0,2
2018-05-20,2,1,1
2018-05-20,6,2,4
2018-05-20,7,3,4
2018-05-20,14,3,11
2018-05-19,25,12,13
2018-05-19,35,18,17
2018-05-19,43,19,24
2018-05-19,36,10,26
2018-05-19,66,41,25
2018-05-19,151,81,70
2018-05-19,214,118,96
2018-05-19,210,98,112
2018-05-19,219,111,108
2018-05-19,212,93,119
2018-05-19,223,110,113
2018-05-19,228,102,126
2018-05-19,187,84,103
2018-05-19,153,85,68
2018-05-19,179,108,71
2018-05-19,106,47,59
2018-05-19,75,41,34
2018-05-19,23,8,15
2018-05-19,15,4,11
2018-05-19,4,1,3
2018-05-19,3,3,0
2018-05-19,4,1,3
2018-05-19,15,8,7
2018-05-19,23,8,15
2018-05-18,30,9,21
2018-05-18,47,15,32
2018-05-18,61,29,32
2018-05-18,109,53,56
2018-05-18,181,70,111
2018-05-18,397,131,266
2018-05-18,734,161,573
2018-05-18,543,137,406
2018-05-18,222,71,151
2018-05-18,133,55,78
2018-05-18,120,55,65
2018-05-18,135,60,75
2018-05-18,101,46,55
2018-05-18,141,55,86
2018-05-18,364,187,177
2018-05-18,822,495,327
2018-05-18,745,470,275
2018-05-18,265,158,107
2018-05-18,55,37,18
2018-05-18,9,3,6
2018-05-18,4,2,2
2018-05-18,0,0,0
2018-05-18,7,3,4
2018-05-18,13,5,8
2018-05-17,25,9,16
2018-05-17,53,23,30
2018-05-17,78,35,43
2018-05-17,162,79,83
2018-05-17,262,81,181
2018-05-17,510,153,357
2018-05-17,767,190,577
2018-05-17,407,123,284
2018-05-17,227,106,121
2018-05-17,117,53,64
2018-05-17,128,58,70
2018-05-17,91,46,45
2018-05-17,109,56,53
2018-05-17,145,69,76
2018-05-17,323,154,169
2018-05-17,668,346,322
2018-05-17,496,269,227
2018-05-17,196,112,84
2018-05-17,53,31,22
2018-05-17,11,7,4
2018-05-17,4,2,2
2018-05-17,3,0,3
2018-05-17,3,3,0
2018-05-17,12,3,9
2018-05-16,39,16,23
2018-05-16,54,24,30
2018-05-16,96,44,52
2018-05-16,168,79,89
2018-05-16,285,102,183
2018-05-16,531,146,385
2018-05-16,828,196,632
2018-05-16,500,139,361
2018-05-16,197,70,127
2018-05-16,117,56,61
2018-05-16,123,53,70
2018-05-16,95,48,47
2018-05-16,110,74,36
2018-05-16,144,76,68
2018-05-16,365,169,196
2018-05-16,704,357,347
2018-05-16,571,319,252
2018-05-16,230,124,106
2018-05-16,48,31,17
2018-05-16,14,8,6
2018-05-16,0,0,0
2018-05-16,1,1,0
2018-05-16,10,5,5
2018-05-16,10,1,9
2018-05-15,26,13,13
2018-05-15,50,16,34
2018-05-15,104,46,58
2018-05-15,150,50,100
2018-05-15,308,118,190
2018-05-15,619,198,421
2018-05-15,907,213,694
2018-05-15,474,128,346
2018-05-15,196,84,112
2018-05-15,166,65,101
2018-05-15,98,47,51
2018-05-15,88,58,30
2018-05-15,116,51,65
2018-05-15,141,56,85
2018-05-15,376,175,201
2018-05-15,730,368,362
2018-05-15,568,313,255
2018-05-15,267,144,123
2018-05-15,61,37,24
2018-05-15,12,5,7
2018-05-15,4,0,4
2018-05-15,2,2,0
2018-05-15,5,3,2
2018-05-15,11,4,7
2018-05-14,22,8,14
2018-05-14,40,19,21
2018-05-14,102,33,69
2018-05-14,162,60,102
2018-05-14,249,95,154
2018-05-14,567,181,386
2018-05-14,903,205,698
2018-05-14,495,111,384
2018-05-14,219,92,127
2018-05-14,115,39,76
2018-05-14,111,44,67
2018-05-14,127,64,63
2018-05-14,127,59,68
2018-05-14,138,66,72
2018-05-14,390,181,209
2018-05-14,811,438,373
2018-05-14,588,337,251
2018-05-14,191,102,89
2018-05-14,65,39,26
2018-05-14,9,4,5
2018-05-14,5,4,1
2018-05-14,2,0,2
2018-05-14,3,2,1
2018-05-14,2,1,1
2018-05-13,28,10,18
2018-05-13,28,11,17
2018-05-13,36,14,22
2018-05-13,90,35,55
2018-05-13,100,49,51
2018-05-13,150,93,57
2018-05-13,186,108,78
2018-05-13,232,93,139
2018-05-13,253,124,129
2018-05-13,247,134,113
2018-05-13,278,146,132
2018-05-13,258,128,130
2018-05-13,170,86,84
2018-05-13,172,82,90
2018-05-13,140,65,75
2018-05-13,84,52,32
2018-05-13,51,25,26
2018-05-13,35,13,22
2018-05-13,6,6,0
2018-05-13,5,2,3
2018-05-13,5,2,3
2018-05-13,3,0,3
2018-05-13,12,4,8
2018-05-13,24,10,14
2018-05-12,24,9,15
2018-05-12,62,28,34
2018-05-12,66,35,31
2018-05-12,107,54,53
2018-05-12,119,63,56
2018-05-12,217,115,102
2018-05-12,233,132,101
2018-05-12,242,101,141
2018-05-12,268,127,141
2018-05-12,235,117,118
2018-05-12,326,170,156
2018-05-12,199,97,102
2018-05-12,225,123,102
2018-05-12,163,71,92
2018-05-12,165,85,80
2018-05-12,104,53,51
2018-05-12,64,24,40
2018-05-12,38,15,23
2018-05-12,7,2,5
2018-05-12,6,2,4
2018-05-12,4,4,0
2018-05-12,5,2,3
2018-05-12,18,12,6
2018-05-12,35,17,18
2018-05-11,31,13,18
2018-05-11,46,26,20
2018-05-11,83,27,56
2018-05-11,142,57,85
2018-05-11,225,88,137
2018-05-11,393,143,250
2018-05-11,684,156,528
2018-05-11,447,108,339
2018-05-11,242,94,148
2018-05-11,165,57,108
2018-05-11,111,56,55
2018-05-11,90,35,55
2018-05-11,94,38,56
2018-05-11,115,50,65
2018-05-11,266,123,143
2018-05-11,573,310,263
2018-05-11,417,224,193
2018-05-11,180,96,84
2018-05-11,62,35,27
2018-05-11,9,4,5
2018-05-11,6,5,1
2018-05-11,6,1,5
2018-05-11,5,2,3
2018-05-11,11,3,8
2018-05-10,18,9,9
2018-05-10,28,10,18
2018-05-10,65,29,36
2018-05-10,125,46,79
2018-05-10,209,78,131
2018-05-10,441,139,302
2018-05-10,623,166,457
2018-05-10,298,81,217
2018-05-10,149,61,88
2018-05-10,85,32,53
2018-05-10,81,46,35
2018-05-10,73,34,39
2018-05-10,67,30,37
2018-05-10,91,38,53
2018-05-10,255,118,137
2018-05-10,550,297,253
2018-05-10,381,196,185
2018-05-10,143,77,66
2018-05-10,56,35,21
2018-05-10,9,3,6
2018-05-10,4,3,1
2018-05-10,5,0,5
2018-05-10,5,3,2
2018-05-10,12,4,8
2018-05-09,24,9,15
2018-05-09,44,17,27
2018-05-09,82,26,56
2018-05-09,172,65,107
2018-05-09,293,101,192
2018-05-09,520,143,377
2018-05-09,812,231,581
2018-05-09,386,95,291
2018-05-09,198,85,113
2018-05-09,116,46,70
2018-05-09,85,40,45
2018-05-09,86,44,42
2018-05-09,86,39,47
2018-05-09,140,65,75
2018-05-09,336,158,178
2018-05-09,669,355,314
2018-05-09,508,274,234
2018-05-09,199,113,86
2018-05-09,46,26,20
2018-05-09,7,4,3
2018-05-09,4,3,1
2018-05-09,2,0,2
2018-05-09,3,1,2
2018-05-09,15,8,7
2018-05-08,16,5,11
2018-05-08,44,12,32
2018-05-08,69,26,43
2018-05-08,96,33,63
2018-05-08,227,85,142
2018-05-08,485,144,341
2018-05-08,869,196,673
2018-05-08,459,121,338
2018-05-08,228,98,130
2018-05-08,136,65,71
2018-05-08,119,59,60
2018-05-08,121,59,62
2018-05-08,123,61,62
2018-05-08,142,62,80
2018-05-08,354,154,200
2018-05-08,731,405,326
2018-05-08,628,341,287
2018-05-08,225,129,96
2018-05-08,48,23,25
2018-05-08,11,4,7
2018-05-08,2,2,0
2018-05-08,0,0,0
2018-05-08,3,2,1
2018-05-08,7,3,4
2018-05-07,18,7,11
2018-05-07,30,11,19
2018-05-07,83,38,45
2018-05-07,146,62,84
2018-05-07,272,88,184
2018-05-07,540,169,371
2018-05-07,831,170,661
2018-05-07,408,104,304
2018-05-07,192,62,130
2018-05-07,108,39,69
2018-05-07,95,48,47
2018-05-07,85,40,45
2018-05-07,98,51,47
2018-05-07,118,46,72
2018-05-07,296,137,159
2018-05-07,719,381,338
2018-05-07,512,268,244
2018-05-07,195,104,91
2018-05-07,45,24,21
2018-05-07,11,6,5
2018-05-07,3,2,1
2018-05-07,0,0,0
2018-05-07,1,0,1
2018-05-07,10,6,4
2018-05-06,17,10,7
2018-05-06,19,7,12
2018-05-06,44,18,26
2018-05-06,48,23,25
2018-05-06,93,53,40
2018-05-06,123,69,54
2018-05-06,181,99,82
2018-05-06,232,112,120
2018-05-06,227,102,125
2018-05-06,280,139,141
2018-05-06,266,131,135
2018-05-06,209,115,94
2018-05-06,211,115,96
2018-05-06,164,88,76
2018-05-06,88,42,46
2018-05-06,85,43,42
2018-05-06,45,19,26
2018-05-06,22,8,14
2018-05-06,6,3,3
2018-05-06,3,1,2
2018-05-06,0,0,0
2018-05-06,3,2,1
2018-05-06,8,5,3
2018-05-06,11,6,5
2018-05-05,25,7,18
2018-05-05,26,11,15
2018-05-05,23,8,15
2018-05-05,43,22,21
2018-05-05,84,42,42
2018-05-05,125,74,51
2018-05-05,180,82,98
2018-05-05,197,93,104
2018-05-05,235,115,120
2018-05-05,214,112,102
2018-05-05,253,137,116
2018-05-05,249,139,110
2018-05-05,230,126,104
2018-05-05,186,104,82
2018-05-05,155,71,84
2018-05-05,123,60,63
2018-05-05,71,33,38
2018-05-05,26,16,10
2018-05-05,6,0,6
2018-05-05,3,1,2
2018-05-05,7,5,2
2018-05-05,5,3,2
2018-05-05,14,6,8
2018-05-05,15,7,8
2018-05-04,29,11,18
2018-05-04,51,21,30
2018-05-04,73,28,45
2018-05-04,89,37,52
2018-05-04,200,63,137
2018-05-04,387,102,285
2018-05-04,604,130,474
2018-05-04,395,104,291
2018-05-04,196,78,118
2018-05-04,142,52,90
2018-05-04,126,58,68
2018-05-04,114,59,55
2018-05-04,84,38,46
2018-05-04,99,37,62
2018-05-04,299,143,156
2018-05-04,550,283,267
2018-05-04,405,225,180
2018-05-04,151,83,68
2018-05-04,50,30,20
2018-05-04,9,4,5
2018-05-04,4,2,2
2018-05-04,5,2,3
2018-05-04,12,4,8
2018-05-04,14,2,12
2018-05-03,24,9,15
2018-05-03,45,15,30
2018-05-03,88,39,49
2018-05-03,138,54,84
2018-05-03,292,99,193
2018-05-03,487,172,315
2018-05-03,865,217,648
2018-05-03,474,151,323
2018-05-03,186,73,113
2018-05-03,114,41,73
2018-05-03,139,69,70
2018-05-03,114,54,60
2018-05-03,101,43,58
2018-05-03,108,55,53
2018-05-03,335,135,200
2018-05-03,715,367,348
2018-05-03,502,274,228
2018-05-03,170,98,72
2018-05-03,50,29,21
2018-05-03,13,7,6
2018-05-03,2,1,1
2018-05-03,5,4,1
2018-05-03,4,1,3
2018-05-03,7,4,3
2018-05-02,30,10,20
2018-05-02,50,20,30
2018-05-02,90,43,47
2018-05-02,138,47,91
2018-05-02,316,106,210
2018-05-02,606,191,415
2018-05-02,871,205,666
2018-05-02,450,130,320
2018-05-02,206,80,126
2018-05-02,150,71,79
2018-05-02,143,68,75
2018-05-02,102,44,58
2018-05-02,110,55,55
2018-05-02,149,66,83
2018-05-02,313,153,160
2018-05-02,766,399,367
2018-05-02,553,309,244
2018-05-02,214,114,100
2018-05-02,48,31,17
2018-05-02,7,4,3
2018-05-02,3,3,0
2018-05-02,2,1,1
2018-05-02,4,3,1
2018-05-02,11,4,7
2018-05-01,21,8,13
2018-05-01,57,23,34
2018-05-01,66,26,40
2018-05-01,149,60,89
2018-05-01,263,96,167
2018-05-01,489,141,348
2018-05-01,820,207,613
2018-05-01,414,102,312
2018-05-01,187,58,129
2018-05-01,118,46,72
2018-05-01,106,43,63
2018-05-01,91,53,38
2018-05-01,97,50,47
2018-05-01,123,54,69
2018-05-01,327,150,177
2018-05-01,660,345,315
2018-05-01,502,288,214
2018-05-01,209,122,87
2018-05-01,43,25,18
2018-05-01,9,3,6
2018-05-01,6,2,4
2018-05-01,4,2,2
2018-05-01,3,2,1
2018-05-01,7,4,3
2018-04-30,8,2,6
2018-04-30,23,9,14
2018-04-30,46,21,25
2018-04-30,98,34,64
2018-04-30,196,49,147
2018-04-30,410,115,295
2018-04-30,621,130,491
2018-04-30,288,81,207
2018-04-30,118,39,79
2018-04-30,81,33,48
2018-04-30,63,31,32
2018-04-30,55,27,28
2018-04-30,66,28,38
2018-04-30,94,38,56
2018-04-30,259,121,138
2018-04-30,541,272,269
2018-04-30,389,224,165
2018-04-30,145,80,65
2018-04-30,31,17,14
2018-04-30,7,1,6
2018-04-30,2,1,1
2018-04-30,4,4,0
2018-04-30,2,1,1
2018-04-30,2,1,1
2018-04-29,11,3,8
2018-04-29,15,3,12
2018-04-29,23,16,7
2018-04-29,52,23,29
2018-04-29,57,27,30
2018-04-29,61,25,36
2018-04-29,81,41,40
2018-04-29,118,64,54
2018-04-29,151,73,78
2018-04-29,124,69,55
2018-04-29,166,87,79
2018-04-29,181,89,92
2018-04-29,136,70,66
2018-04-29,96,57,39
2018-04-29,78,38,40
2018-04-29,52,24,28
2018-04-29,35,13,22
2018-04-29,21,9,12
2018-04-29,3,2,1
2018-04-29,3,2,1
2018-04-29,1,0,1
2018-04-29,7,5,2
2018-04-29,8,5,3
2018-04-29,20,5,15
2018-04-28,13,5,8
2018-04-28,14,7,7
2018-04-28,10,7,3
2018-04-28,35,13,22
2018-04-28,16,7,9
2018-04-28,44,21,23
2018-04-28,54,20,34
2018-04-28,67,36,31
2018-04-28,67,21,46
2018-04-28,55,26,29
2018-04-28,54,23,31
2018-04-28,49,24,25
2018-04-28,42,24,18
2018-04-28,18,12,6
2018-04-28,18,12,6
2018-04-28,25,10,15
2018-04-28,14,5,9
2018-04-28,7,4,3
2018-04-28,2,0,2
2018-04-28,2,1,1
2018-04-28,2,2,0
2018-04-28,3,1,2
2018-04-28,6,1,5
2018-04-28,16,6,10
2018-04-27,24,14,10
2018-04-27,25,10,15
2018-04-27,38,13,25
2018-04-27,78,28,50
2018-04-27,139,45,94
2018-04-27,341,95,246
2018-04-27,542,136,406
2018-04-27,329,78,251
2018-04-27,168,61,107
2018-04-27,97,47,50
2018-04-27,83,43,40
2018-04-27,78,38,40
2018-04-27,84,30,54
2018-04-27,95,46,49
2018-04-27,263,139,124
2018-04-27,485,250,235
2018-04-27,339,178,161
2018-04-27,131,70,61
2018-04-27,41,24,17
2018-04-27,9,4,5
2018-04-27,4,4,0
2018-04-27,0,0,0
2018-04-27,10,5,5
2018-04-27,18,2,16
2018-04-26,22,12,10
2018-04-26,50,23,27
2018-04-26,111,47,64
2018-04-26,185,71,114
2018-04-26,294,119,175
2018-04-26,573,201,372
2018-04-26,804,202,602
2018-04-26,450,114,336
2018-04-26,204,79,125
2018-04-26,164,88,76
2018-04-26,127,77,50
2018-04-26,125,52,73
2018-04-26,134,60,74
2018-04-26,168,76,92
2018-04-26,319,141,178
2018-04-26,679,354,325
2018-04-26,500,268,232
2018-04-26,195,103,92
2018-04-26,42,25,17
2018-04-26,8,3,5
2018-04-26,2,2,0
2018-04-26,1,1,0
2018-04-26,5,2,3
2018-04-26,12,8,4
2018-04-25,19,8,11
2018-04-25,45,16,29
2018-04-25,84,36,48
2018-04-25,170,67,103
2018-04-25,274,106,168
2018-04-25,528,175,353
2018-04-25,805,182,623
2018-04-25,452,146,306
2018-04-25,192,78,114
2018-04-25,153,71,82
2018-04-25,125,59,66
2018-04-25,142,61,81
2018-04-25,103,51,52
2018-04-25,146,68,78
2018-04-25,338,160,178
2018-04-25,646,328,318
2018-04-25,573,329,244
2018-04-25,190,101,89
2018-04-25,49,29,20
2018-04-25,10,4,6
2018-04-25,3,1,2
2018-04-25,4,2,2
2018-04-25,2,2,0
2018-04-25,7,5,2
2018-04-24,20,6,14
2018-04-24,66,37,29
2018-04-24,74,36,38
2018-04-24,165,65,100
2018-04-24,266,100,166
2018-04-24,610,190,420
2018-04-24,874,211,663
2018-04-24,444,124,320
2018-04-24,213,93,120
2018-04-24,129,54,75
2018-04-24,133,61,72
2018-04-24,84,44,40
2018-04-24,121,63,58
2018-04-24,134,67,67
2018-04-24,334,149,185
2018-04-24,697,356,341
2018-04-24,535,286,249
2018-04-24,230,135,95
2018-04-24,38,24,14
2018-04-24,9,4,5
2018-04-24,2,1,1
2018-04-24,2,0,2
2018-04-24,3,2,1
2018-04-24,5,3,2
2018-04-23,11,4,7
2018-04-23,24,11,13
2018-04-23,59,14,45
2018-04-23,102,35,67
2018-04-23,265,80,185
2018-04-23,467,161,306
2018-04-23,770,172,598
2018-04-23,401,117,284
2018-04-23,188,85,103
2018-04-23,139,67,72
2018-04-23,88,44,44
2018-04-23,121,60,61
2018-04-23,105,45,60
2018-04-23,115,49,66
2018-04-23,325,157,168
2018-04-23,612,336,276
2018-04-23,444,245,199
2018-04-23,167,91,76
2018-04-23,26,15,11
2018-04-23,13,5,8
2018-04-23,1,0,1
2018-04-23,2,2,0
2018-04-23,4,2,2
2018-04-23,7,2,5
2018-04-22,9,2,7
2018-04-22,15,8,7
2018-04-22,28,16,12
2018-04-22,56,26,30
2018-04-22,83,43,40
2018-04-22,115,54,61
2018-04-22,207,95,112
2018-04-22,199,85,114
2018-04-22,225,103,122
2018-04-22,231,123,108
2018-04-22,196,95,101
2018-04-22,202,117,85
2018-04-22,142,84,58
2018-04-22,118,71,47
2018-04-22,97,42,55
2018-04-22,56,31,25
2018-04-22,43,26,17
2018-04-22,23,13,10
2018-04-22,7,4,3
2018-04-22,1,0,1
2018-04-22,1,1,0
2018-04-22,7,3,4
2018-04-22,5,3,2
2018-04-22,19,3,16
2018-04-21,9,2,7
2018-04-21,22,12,10
2018-04-21,25,11,14
2018-04-21,50,25,25
2018-04-21,51,26,25
2018-04-21,81,40,41
2018-04-21,99,39,60
2018-04-21,98,56,42
2018-04-21,105,66,39
2018-04-21,139,78,61
2018-04-21,174,96,78
2018-04-21,176,80,96
2018-04-21,158,75,83
2018-04-21,140,62,78
2018-04-21,71,49,22
2018-04-21,80,36,44
2018-04-21,40,21,19
2018-04-21,20,12,8
2018-04-21,7,4,3
2018-04-21,4,2,2
2018-04-21,4,1,3
2018-04-21,3,1,2
2018-04-21,6,0,6
2018-04-21,18,7,11
2018-04-20,36,12,24
2018-04-20,52,19,33
2018-04-20,53,15,38
2018-04-20,88,20,68
2018-04-20,129,47,82
2018-04-20,305,94,211
2018-04-20,460,96,364
2018-04-20,332,87,245
2018-04-20,181,65,116
2018-04-20,118,54,64
2018-04-20,100,52,48
2018-04-20,81,32,49
2018-04-20,94,39,55
2018-04-20,104,53,51
2018-04-20,222,113,109
2018-04-20,468,246,222
2018-04-20,316,167,149
2018-04-20,118,66,52
2018-04-20,30,18,12
2018-04-20,8,4,4
2018-04-20,2,1,1
2018-04-20,2,1,1
2018-04-20,5,2,3
2018-04-20,10,1,9
2018-04-19,16,6,10
2018-04-19,39,17,22
2018-04-19,69,31,38
2018-04-19,135,55,80
2018-04-19,247,96,151
2018-04-19,441,153,288
2018-04-19,657,181,476
2018-04-19,348,90,258
2018-04-19,195,76,119
2018-04-19,116,56,60
2018-04-19,111,56,55
2018-04-19,95,53,42
2018-04-19,119,48,71
2018-04-19,110,50,60
2018-04-19,296,137,159
2018-04-19,538,293,245
2018-04-19,382,198,184
2018-04-19,146,81,65
2018-04-19,43,25,18
2018-04-19,9,4,5
2018-04-19,6,4,2
2018-04-19,3,0,3
2018-04-19,4,1,3
2018-04-19,8,3,5
2018-04-18,26,9,17
2018-04-18,43,23,20
2018-04-18,65,29,36
2018-04-18,107,36,71
2018-04-18,195,63,132
2018-04-18,485,163,322
2018-04-18,608,140,468
2018-04-18,282,85,197
2018-04-18,125,41,84
2018-04-18,84,45,39
2018-04-18,73,43,30
2018-04-18,70,36,34
2018-04-18,81,32,49
2018-04-18,91,31,60
2018-04-18,245,113,132
2018-04-18,545,282,263
2018-04-18,373,207,166
2018-04-18,145,85,60
2018-04-18,29,15,14
2018-04-18,11,5,6
2018-04-18,5,1,4
2018-04-18,3,0,3
2018-04-18,2,1,1
2018-04-18,7,6,1
2018-04-17,17,3,14
2018-04-17,32,10,22
2018-04-17,58,16,42
2018-04-17,93,45,48
2018-04-17,171,52,119
2018-04-17,385,114,271
2018-04-17,528,116,412
2018-04-17,275,65,210
2018-04-17,134,47,87
2018-04-17,82,35,47
2018-04-17,79,39,40
2018-04-17,83,49,34
2018-04-17,80,35,45
2018-04-17,78,29,49
2018-04-17,244,110,134
2018-04-17,453,239,214
2018-04-17,357,195,162
2018-04-17,131,63,68
2018-04-17,33,18,15
2018-04-17,9,3,6
2018-04-17,4,2,2
2018-04-17,4,0,4
2018-04-17,5,3,2
2018-04-17,2,2,0
2018-04-16,9,3,6
2018-04-16,17,9,8
2018-04-16,28,10,18
2018-04-16,46,17,29
2018-04-16,105,40,65
2018-04-16,234,58,176
2018-04-16,377,81,296
2018-04-16,176,37,139
2018-04-16,74,27,47
2018-04-16,41,26,15
2018-04-16,32,14,18
2018-04-16,30,17,13
2018-04-16,30,14,16
2018-04-16,42,12,30
2018-04-16,173,69,104
2018-04-16,330,173,157
2018-04-16,244,141,103
2018-04-16,103,52,51
2018-04-16,26,17,9
2018-04-16,9,3,6
2018-04-16,0,0,0
2018-04-16,3,3,0
2018-04-16,2,0,2
2018-04-16,3,1,2
2018-04-15,4,0,4
2018-04-15,9,4,5
2018-04-15,10,3,7
2018-04-15,22,13,9
2018-04-15,26,10,16
2018-04-15,34,20,14
2018-04-15,43,23,20
2018-04-15,72,38,34
2018-04-15,102,51,51
2018-04-15,82,35,47
2018-04-15,106,46,60
2018-04-15,118,72,46
2018-04-15,109,52,57
2018-04-15,66,33,33
2018-04-15,69,35,34
2018-04-15,47,28,19
2018-04-15,14,8,6
2018-04-15,6,1,5
2018-04-15,1,0,1
2018-04-15,2,0,2
2018-04-15,1,1,0
2018-04-15,1,0,1
2018-04-15,3,1,2
2018-04-15,4,2,2
2018-04-14,13,5,8
2018-04-14,3,1,2
2018-04-14,1,1,0
2018-04-14,12,6,6
2018-04-14,13,5,8
2018-04-14,14,7,7
2018-04-14,18,6,12
2018-04-14,23,12,11
2018-04-14,35,23,12
2018-04-14,31,11,20
2018-04-14,38,21,17
2018-04-14,40,14,26
2018-04-14,40,20,20
2018-04-14,34,17,17
2018-04-14,42,15,27
2018-04-14,35,18,17
2018-04-14,22,12,10
2018-04-14,12,1,11
2018-04-14,1,0,1
2018-04-14,3,1,2
2018-04-14,2,1,1
2018-04-14,2,1,1
2018-04-14,3,1,2
2018-04-14,2,0,2
2018-04-13,13,3,10
2018-04-13,21,8,13
2018-04-13,16,3,13
2018-04-13,35,8,27
2018-04-13,53,15,38
2018-04-13,146,45,101
2018-04-13,235,49,186
2018-04-13,152,31,121
2018-04-13,69,29,40
2018-04-13,41,19,22
2018-04-13,45,21,24
2018-04-13,40,26,14
2018-04-13,42,22,20
2018-04-13,57,19,38
2018-04-13,140,69,71
2018-04-13,249,141,108
2018-04-13,165,78,87
2018-04-13,75,44,31
2018-04-13,18,13,5
2018-04-13,5,1,4
2018-04-13,3,3,0
2018-04-13,1,0,1
2018-04-13,2,1,1
2018-04-13,5,1,4
2018-04-12,20,5,15
2018-04-12,25,11,14
2018-04-12,41,13,28
2018-04-12,80,26,54
2018-04-12,115,36,79
2018-04-12,274,71,203
2018-04-12,408,97,311
2018-04-12,182,49,133
2018-04-12,81,32,49
2018-04-12,42,20,22
2018-04-12,36,16,20
2018-04-12,31,17,14
2018-04-12,46,25,21
2018-04-12,73,37,36
2018-04-12,215,94,121
2018-04-12,349,191,158
2018-04-12,241,140,101
2018-04-12,100,46,54
2018-04-12,21,14,7
2018-04-12,7,4,3
2018-04-12,3,1,2
2018-04-12,0,0,0
2018-04-12,3,1,2
2018-04-12,2,1,1
2018-04-11,3,0,3
2018-04-11,16,8,8
2018-04-11,29,13,16
2018-04-11,65,15,50
2018-04-11,120,41,79
2018-04-11,271,75,196
2018-04-11,387,90,297
2018-04-11,166,34,132
2018-04-11,59,18,41
2018-04-11,46,25,21
2018-04-11,27,13,14
2018-04-11,42,13,29
2018-04-11,54,29,25
2018-04-11,109,54,55
2018-04-11,217,89,128
2018-04-11,390,199,191
2018-04-11,277,150,127
2018-04-11,103,59,44
2018-04-11,28,16,12
2018-04-11,7,4,3
2018-04-11,0,0,0
2018-04-11,4,1,3
2018-04-11,5,2,3
2018-04-11,2,0,2
2018-04-10,19,8,11
2018-04-10,34,10,24
2018-04-10,44,17,27
2018-04-10,92,47,45
2018-04-10,139,51,88
2018-04-10,319,106,213
2018-04-10,426,112,314
2018-04-10,189,66,123
2018-04-10,98,41,57
2018-04-10,81,34,47
2018-04-10,52,19,33
2018-04-10,45,17,28
2018-04-10,32,13,19
2018-04-10,55,27,28
2018-04-10,125,63,62
2018-04-10,260,128,132
2018-04-10,196,108,88
2018-04-10,93,43,50
2018-04-10,39,22,17
2018-04-10,7,3,4
2018-04-10,2,0,2
2018-04-10,0,0,0
2018-04-10,1,1,0
2018-04-10,9,4,5
2018-04-09,18,11,7
2018-04-09,41,18,23
2018-04-09,47,16,31
2018-04-09,94,42,52
2018-04-09,192,72,120
2018-04-09,442,119,323
2018-04-09,644,173,471
2018-04-09,332,106,226
2018-04-09,138,54,84
2018-04-09,116,51,65
2018-04-09,100,44,56
2018-04-09,102,59,43
2018-04-09,77,29,48
2018-04-09,124,49,75
2018-04-09,274,133,141
2018-04-09,477,250,227
2018-04-09,331,182,149
2018-04-09,133,66,67
2018-04-09,32,17,15
2018-04-09,8,5,3
2018-04-09,2,0,2
2018-04-09,2,1,1
2018-04-09,2,0,2
2018-04-09,3,1,2
2018-04-08,6,2,4
2018-04-08,11,5,6
2018-04-08,18,10,8
2018-04-08,15,9,6
2018-04-08,38,18,20
2018-04-08,37,24,13
2018-04-08,55,28,27
2018-04-08,48,19,29
2018-04-08,78,45,33
2018-04-08,50,23,27
2018-04-08,65,29,36
2018-04-08,53,22,31
2018-04-08,80,26,54
2018-04-08,126,43,83
2018-04-08,81,26,55
2018-04-08,43,26,17
2018-04-08,141,93,48
2018-04-08,112,84,28
2018-04-08,6,2,4
2018-04-08,5,3,2
2018-04-08,3,2,1
2018-04-08,6,1,5
2018-04-08,1,0,1
2018-04-08,3,2,1
2018-04-07,15,4,11
2018-04-07,14,10,4
2018-04-07,14,3,11
2018-04-07,18,11,7
2018-04-07,21,10,11
2018-04-07,33,14,19
2018-04-07,36,25,11
2018-04-07,53,28,25
2018-04-07,31,15,16
2018-04-07,62,28,34
2018-04-07,57,21,36
2018-04-07,75,35,40
2018-04-07,75,39,36
2018-04-07,51,30,21
2018-04-07,25,15,10
2018-04-07,28,13,15
2018-04-07,8,4,4
2018-04-07,9,2,7
2018-04-07,1,1,0
2018-04-07,4,2,2
2018-04-07,4,1,3
2018-04-07,4,1,3
2018-04-07,11,4,7
2018-04-07,15,6,9
2018-04-06,35,20,15
2018-04-06,32,22,10
2018-04-06,62,30,32
2018-04-06,91,38,53
2018-04-06,171,54,117
2018-04-06,336,116,220
2018-04-06,509,133,376
2018-04-06,322,83,239
2018-04-06,146,54,92
2018-04-06,101,49,52
2018-04-06,67,34,33
2018-04-06,69,30,39
2018-04-06,56,23,33
2018-04-06,83,33,50
2018-04-06,243,119,124
2018-04-06,362,209,153
2018-04-06,244,129,115
2018-04-06,94,50,44
2018-04-06,25,15,10
2018-04-06,10,2,8
2018-04-06,3,3,0
2018-04-06,0,0,0
2018-04-06,1,0,1
2018-04-06,10,5,5
2018-04-05,15,6,9
2018-04-05,26,10,16
2018-04-05,44,15,29
2018-04-05,57,16,41
2018-04-05,113,33,80
2018-04-05,217,56,161
2018-04-05,370,90,280
2018-04-05,156,45,111
2018-04-05,87,32,55
2018-04-05,32,13,19
2018-04-05,34,9,25
2018-04-05,38,16,22
2018-04-05,43,22,21
2018-04-05,75,34,41
2018-04-05,200,102,98
2018-04-05,362,192,170
2018-04-05,237,136,101
2018-04-05,91,49,42
2018-04-05,40,27,13
2018-04-05,2,1,1
2018-04-05,2,1,1
2018-04-05,0,0,0
2018-04-05,7,3,4
2018-04-05,7,3,4
2018-04-04,9,4,5
2018-04-04,15,7,8
2018-04-04,30,13,17
2018-04-04,56,14,42
2018-04-04,109,35,74
2018-04-04,237,73,164
2018-04-04,392,97,295
2018-04-04,162,43,119
2018-04-04,76,22,54
2018-04-04,39,22,17
2018-04-04,37,14,23
2018-04-04,27,14,13
2018-04-04,33,15,18
2018-04-04,77,43,34
2018-04-04,204,94,110
2018-04-04,362,193,169
2018-04-04,236,141,95
2018-04-04,98,62,36
2018-04-04,23,12,11
2018-04-04,8,4,4
2018-04-04,3,1,2
2018-04-04,0,0,0
2018-04-04,1,1,0
2018-04-04,11,3,8
2018-04-03,16,7,9
2018-04-03,32,10,22
2018-04-03,42,18,24
2018-04-03,80,28,52
2018-04-03,168,54,114
2018-04-03,391,113,278
2018-04-03,567,137,430
2018-04-03,283,81,202
2018-04-03,127,42,85
2018-04-03,84,40,44
2018-04-03,68,31,37
2018-04-03,76,39,37
2018-04-03,88,40,48
2018-04-03,106,48,58
2018-04-03,273,129,144
2018-04-03,459,231,228
2018-04-03,339,188,151
2018-04-03,131,68,63
2018-04-03,48,36,12
2018-04-03,4,2,2
2018-04-03,1,1,0
2018-04-03,3,0,3
2018-04-03,3,1,2
2018-04-03,4,1,3
2018-04-02,11,2,9
2018-04-02,20,9,11
2018-04-02,43,15,28
2018-04-02,73,20,53
2018-04-02,157,65,92
2018-04-02,389,116,273
2018-04-02,644,145,499
2018-04-02,253,79,174
2018-04-02,135,48,87
2018-04-02,87,37,50
2018-04-02,81,42,39
2018-04-02,87,48,39
2018-04-02,72,32,40
2018-04-02,118,54,64
2018-04-02,270,125,145
2018-04-02,513,267,246
2018-04-02,298,164,134
2018-04-02,120,70,50
2018-04-02,37,26,11
2018-04-02,9,5,4
2018-04-02,1,1,0
2018-04-02,1,1,0
2018-04-02,1,0,1
2018-04-02,3,1,2
2018-04-01,2,1,1
2018-04-01,4,1,3
2018-04-01,14,6,8
2018-04-01,14,4,10
2018-04-01,14,8,6
2018-04-01,45,18,27
2018-04-01,43,15,28
2018-04-01,40,19,21
2018-04-01,47,26,21
2018-04-01,60,31,29
2018-04-01,51,30,21
2018-04-01,48,29,19
2018-04-01,55,30,25
2018-04-01,41,25,16
2018-04-01,52,29,23
2018-04-01,31,15,16
2018-04-01,17,10,7
2018-04-01,14,5,9
2018-04-01,4,2,2
2018-04-01,1,0,1
2018-04-01,2,0,2
2018-04-01,6,4,2
2018-04-01,7,2,5
2018-04-01,10,4,6
2018-03-31,21,10,11
2018-03-31,32,15,17
2018-03-31,33,13,20
2018-03-31,35,23,12
2018-03-31,76,41,35
2018-03-31,160,72,88
2018-03-31,173,73,100
2018-03-31,208,103,105
2018-03-31,222,98,124
2018-03-31,202,87,115
2018-03-31,180,90,90
2018-03-31,164,100,64
2018-03-31,124,62,62
2018-03-31,123,63,60
2018-03-31,90,45,45
2018-03-31,58,27,31
2018-03-31,27,10,17
2018-03-31,21,9,12
2018-03-31,9,1,8
2018-03-31,2,1,1
2018-03-31,6,3,3
2018-03-31,7,3,4
2018-03-31,6,3,3
2018-03-31,21,6,15
2018-03-30,20,10,10
2018-03-30,27,14,13
2018-03-30,50,25,25
2018-03-30,73,30,43
2018-03-30,105,37,68
2018-03-30,262,89,173
2018-03-30,422,101,321
2018-03-30,288,84,204
2018-03-30,161,65,96
2018-03-30,121,52,69
2018-03-30,104,51,53
2018-03-30,94,43,51
2018-03-30,84,31,53
2018-03-30,106,46,60
2018-03-30,201,88,113
2018-03-30,354,187,167
2018-03-30,243,110,133
2018-03-30,70,48,22
2018-03-30,26,17,9
2018-03-30,12,6,6
2018-03-30,2,2,0
2018-03-30,3,1,2
2018-03-30,4,1,3
2018-03-30,9,4,5
2018-03-29,15,9,6
2018-03-29,45,11,34
2018-03-29,58,21,37
2018-03-29,106,28,78
2018-03-29,147,44,103
2018-03-29,368,112,256
2018-03-29,496,111,385
2018-03-29,276,69,207
2018-03-29,142,60,82
2018-03-29,86,40,46
2018-03-29,70,31,39
2018-03-29,78,39,39
2018-03-29,82,41,41
2018-03-29,116,63,53
2018-03-29,201,103,98
2018-03-29,444,230,214
2018-03-29,322,177,145
2018-03-29,110,61,49
2018-03-29,44,28,16
2018-03-29,7,5,2
2018-03-29,2,0,2
2018-03-29,3,1,2
2018-03-29,3,0,3
2018-03-29,10,4,6
2018-03-28,19,9,10
2018-03-28,37,22,15
2018-03-28,67,33,34
2018-03-28,84,28,56
2018-03-28,155,48,107
2018-03-28,347,92,255
2018-03-28,566,134,432
2018-03-28,304,87,217
2018-03-28,97,34,63
2018-03-28,104,39,65
2018-03-28,83,41,42
2018-03-28,75,32,43
2018-03-28,66,32,34
2018-03-28,111,52,59
2018-03-28,235,115,120
2018-03-28,462,245,217
2018-03-28,325,191,134
2018-03-28,127,67,60
2018-03-28,45,23,22
2018-03-28,7,4,3
2018-03-28,3,1,2
2018-03-28,0,0,0
2018-03-28,0,0,0
2018-03-28,6,3,3
2018-03-27,11,4,7
2018-03-27,26,13,13
2018-03-27,41,18,23
2018-03-27,55,19,36
2018-03-27,124,36,88
2018-03-27,302,79,223
2018-03-27,399,75,324
2018-03-27,219,72,147
2018-03-27,94,30,64
2018-03-27,58,25,33
2018-03-27,46,23,23
2018-03-27,42,22,20
2018-03-27,44,15,29
2018-03-27,73,38,35
2018-03-27,190,77,113
2018-03-27,370,199,171
2018-03-27,281,159,122
2018-03-27,96,52,44
2018-03-27,31,20,11
2018-03-27,8,5,3
2018-03-27,2,2,0
2018-03-27,3,2,1
2018-03-27,2,2,0
2018-03-27,3,3,0
2018-03-26,11,3,8
2018-03-26,15,5,10
2018-03-26,24,7,17
2018-03-26,45,10,35
2018-03-26,93,26,67
2018-03-26,259,81,178
2018-03-26,424,94,330
2018-03-26,203,62,141
2018-03-26,76,21,55
2018-03-26,48,21,27
2018-03-26,35,15,20
2018-03-26,34,15,19
2018-03-26,37,22,15
2018-03-26,78,39,39
2018-03-26,201,89,112
2018-03-26,382,212,170
2018-03-26,246,132,114
2018-03-26,70,35,35
2018-03-26,33,18,15
2018-03-26,8,4,4
2018-03-26,1,0,1
2018-03-26,0,0,0
2018-03-26,5,1,4
2018-03-26,4,1,3
2018-03-25,7,3,4
2018-03-25,7,3,4
2018-03-25,21,3,18
2018-03-25,24,17,7
2018-03-25,55,25,30
2018-03-25,92,51,41
2018-03-25,140,81,59
2018-03-25,149,63,86
2018-03-25,171,82,89
2018-03-25,168,79,89
2018-03-25,146,79,67
2018-03-25,132,69,63
2018-03-25,106,62,44
2018-03-25,99,38,61
2018-03-25,60,27,33
2018-03-25,38,20,18
2018-03-25,17,10,7
2018-03-25,10,6,4
2018-03-25,3,2,1
2018-03-25,1,0,1
2018-03-25,3,1,2
2018-03-25,3,1,2
2018-03-25,6,2,4
2018-03-25,12,3,9
2018-03-24,19,11,8
2018-03-24,16,8,8
2018-03-24,28,8,20
2018-03-24,23,13,10
2018-03-24,55,25,30
2018-03-24,72,33,39
2018-03-24,100,45,55
2018-03-24,138,60,78
2018-03-24,128,58,70
2018-03-24,137,52,85
2018-03-24,137,45,92
2018-03-24,136,55,81
2018-03-24,86,42,44
2018-03-24,69,36,33
2018-03-24,47,27,20
2018-03-24,30,15,15
2018-03-24,11,5,6
2018-03-24,7,3,4
2018-03-24,1,0,1
2018-03-24,4,4,0
2018-03-24,3,1,2
2018-03-24,2,2,0
2018-03-24,1,1,0
2018-03-24,11,4,7
2018-03-23,12,6,6
2018-03-23,26,11,15
2018-03-23,22,5,17
2018-03-23,41,14,27
2018-03-23,73,21,52
2018-03-23,181,48,133
2018-03-23,279,66,213
2018-03-23,161,32,129
2018-03-23,90,22,68
2018-03-23,57,27,30
2018-03-23,31,12,19
2018-03-23,24,10,14
2018-03-23,21,10,11
2018-03-23,38,18,20
2018-03-23,138,56,82
2018-03-23,240,125,115
2018-03-23,177,86,91
2018-03-23,67,32,35
2018-03-23,29,13,16
2018-03-23,3,2,1
2018-03-23,3,3,0
2018-03-23,0,0,0
2018-03-23,3,2,1
2018-03-23,12,3,9
2018-03-22,8,4,4
2018-03-22,14,4,10
2018-03-22,26,10,16
2018-03-22,48,18,30
2018-03-22,93,32,61
2018-03-22,221,65,156
2018-03-22,314,71,243
2018-03-22,155,41,114
2018-03-22,67,20,47
2018-03-22,31,14,17
2018-03-22,27,13,14
2018-03-22,32,16,16
2018-03-22,27,9,18
2018-03-22,51,19,32
2018-03-22,136,72,64
2018-03-22,273,133,140
2018-03-22,188,104,84
2018-03-22,86,48,38
2018-03-22,28,13,15
2018-03-22,9,7,2
2018-03-22,3,2,1
2018-03-22,3,0,3
2018-03-22,4,1,3
2018-03-22,3,2,1
2018-03-21,10,5,5
2018-03-21,22,8,14
2018-03-21,35,8,27
2018-03-21,85,23,62
2018-03-21,136,43,93
2018-03-21,353,90,263
2018-03-21,542,131,411
2018-03-21,331,104,227
2018-03-21,132,42,90
2018-03-21,96,45,51
2018-03-21,86,27,59
2018-03-21,73,33,40
2018-03-21,72,41,31
2018-03-21,102,46,56
2018-03-21,237,115,122
2018-03-21,475,257,218
2018-03-21,323,175,148
2018-03-21,115,65,50
2018-03-21,35,22,13
2018-03-21,10,6,4
2018-03-21,2,1,1
2018-03-21,2,1,1
2018-03-21,2,0,2
2018-03-21,4,1,3
2018-03-20,18,8,10
2018-03-20,26,10,16
2018-03-20,53,21,32
2018-03-20,64,21,43
2018-03-20,192,88,104
2018-03-20,428,131,297
2018-03-20,631,129,502
2018-03-20,331,118,213
2018-03-20,160,65,95
2018-03-20,103,39,64
2018-03-20,77,34,43
2018-03-20,89,48,41
2018-03-20,76,34,42
2018-03-20,101,46,55
2018-03-20,267,120,147
2018-03-20,489,259,230
2018-03-20,369,193,176
2018-03-20,127,73,54
2018-03-20,33,19,14
2018-03-20,10,5,5
2018-03-20,1,1,0
2018-03-20,0,0,0
2018-03-20,2,2,0
2018-03-20,6,2,4
2018-03-19,14,8,6
2018-03-19,25,9,16
2018-03-19,46,17,29
2018-03-19,68,15,53
2018-03-19,147,46,101
2018-03-19,419,127,292
2018-03-19,617,142,475
2018-03-19,281,83,198
2018-03-19,153,53,100
2018-03-19,90,35,55
2018-03-19,82,40,42
2018-03-19,79,35,44
2018-03-19,64,35,29
2018-03-19,83,39,44
2018-03-19,265,121,144
2018-03-19,492,277,215
2018-03-19,308,171,137
2018-03-19,135,80,55
2018-03-19,38,21,17
2018-03-19,12,6,6
2018-03-19,2,2,0
2018-03-19,1,1,0
2018-03-19,0,0,0
2018-03-19,5,2,3
2018-03-18,6,0,6
2018-03-18,14,7,7
2018-03-18,21,13,8
2018-03-18,21,7,14
2018-03-18,37,21,16
2018-03-18,108,46,62
2018-03-18,150,67,83
2018-03-18,193,93,100
2018-03-18,175,88,87
2018-03-18,189,103,86
2018-03-18,166,86,80
2018-03-18,155,71,84
2018-03-18,120,66,54
2018-03-18,96,47,49
2018-03-18,60,28,32
2018-03-18,40,22,18
2018-03-18,12,4,8
2018-03-18,4,3,1
2018-03-18,6,4,2
2018-03-18,5,2,3
2018-03-18,2,0,2
2018-03-18,1,0,1
2018-03-18,2,2,0
2018-03-18,14,11,3
2018-03-17,16,8,8
2018-03-17,25,12,13
2018-03-17,19,7,12
2018-03-17,35,15,20
2018-03-17,51,27,24
2018-03-17,64,31,33
2018-03-17,95,43,52
2018-03-17,124,68,56
2018-03-17,126,70,56
2018-03-17,118,52,66
2018-03-17,131,77,54
2018-03-17,131,58,73
2018-03-17,111,45,66
2018-03-17,121,51,70
2018-03-17,92,51,41
2018-03-17,53,23,30
2018-03-17,26,11,15
2018-03-17,20,13,7
2018-03-17,7,4,3
2018-03-17,2,1,1
2018-03-17,7,3,4
2018-03-17,8,7,1
2018-03-17,5,2,3
2018-03-17,16,6,10
2018-03-16,21,8,13
2018-03-16,32,15,17
2018-03-16,44,9,35
2018-03-16,64,16,48
2018-03-16,111,44,67
2018-03-16,319,103,216
2018-03-16,493,126,367
2018-03-16,336,97,239
2018-03-16,161,54,107
2018-03-16,152,60,92
2018-03-16,98,47,51
2018-03-16,87,35,52
2018-03-16,71,33,38
2018-03-16,98,41,57
2018-03-16,264,120,144
2018-03-16,436,225,211
2018-03-16,266,148,118
2018-03-16,95,47,48
2018-03-16,26,15,11
2018-03-16,9,5,4
2018-03-16,6,4,2
2018-03-16,5,0,5
2018-03-16,6,0,6
2018-03-16,11,5,6
2018-03-15,22,16,6
2018-03-15,25,8,17
2018-03-15,58,26,32
2018-03-15,91,33,58
2018-03-15,162,49,113
2018-03-15,432,131,301
2018-03-15,604,154,450
2018-03-15,299,84,215
2018-03-15,129,47,82
2018-03-15,114,55,59
2018-03-15,76,36,40
2018-03-15,99,57,42
2018-03-15,75,39,36
2018-03-15,95,57,38
2018-03-15,265,114,151
2018-03-15,482,266,216
2018-03-15,293,158,135
2018-03-15,119,67,52
2018-03-15,40,21,19
2018-03-15,9,6,3
2018-03-15,2,1,1
2018-03-15,2,1,1
2018-03-15,4,3,1
2018-03-15,3,1,2
2018-03-14,18,6,12
2018-03-14,30,15,15
2018-03-14,45,17,28
2018-03-14,90,27,63
2018-03-14,173,55,118
2018-03-14,388,116,272
2018-03-14,492,113,379
2018-03-14,259,74,185
2018-03-14,109,48,61
2018-03-14,85,39,46
2018-03-14,80,36,44
2018-03-14,72,36,36
2018-03-14,57,30,27
2018-03-14,73,25,48
2018-03-14,212,89,123
2018-03-14,396,210,186
2018-03-14,293,162,131
2018-03-14,106,59,47
2018-03-14,37,25,12
2018-03-14,13,6,7
2018-03-14,2,2,0
2018-03-14,0,0,0
2018-03-14,4,2,2
2018-03-14,8,4,4
2018-03-13,6,2,4
2018-03-13,17,7,10
2018-03-13,40,17,23
2018-03-13,51,17,34
2018-03-13,76,29,47
2018-03-13,263,64,199
2018-03-13,369,72,297
2018-03-13,188,44,144
2018-03-13,75,32,43
2018-03-13,46,19,27
2018-03-13,41,18,23
2018-03-13,41,21,20
2018-03-13,46,23,23
2018-03-13,78,30,48
2018-03-13,211,96,115
2018-03-13,372,194,178
2018-03-13,265,124,141
2018-03-13,103,52,51
2018-03-13,32,23,9
2018-03-13,6,4,2
2018-03-13,1,1,0
2018-03-13,5,2,3
2018-03-13,5,2,3
2018-03-13,9,4,5
2018-03-12,16,6,10
2018-03-12,21,8,13
2018-03-12,74,32,42
2018-03-12,83,25,58
2018-03-12,147,43,104
2018-03-12,480,172,308
2018-03-12,776,191,585
2018-03-12,453,125,328
2018-03-12,216,106,110
2018-03-12,142,75,67
2018-03-12,135,71,64
2018-03-12,120,60,60
2018-03-12,84,42,42
2018-03-12,142,71,71
2018-03-12,332,152,180
2018-03-12,539,303,236
2018-03-12,302,162,140
2018-03-12,123,65,58
2018-03-12,40,27,13
2018-03-12,13,6,7
2018-03-12,3,1,2
2018-03-12,1,0,1
2018-03-12,2,1,1
2018-03-12,7,2,5
2018-03-11,15,7,8
2018-03-11,21,9,12
2018-03-11,18,10,8
2018-03-11,35,18,17
2018-03-11,85,44,41
2018-03-11,141,70,71
2018-03-11,208,131,77
2018-03-11,282,148,134
2018-03-11,296,138,158
2018-03-11,333,178,155
2018-03-11,294,141,153
2018-03-11,251,132,119
2018-03-11,171,75,96
2018-03-11,84,35,49
2018-03-11,55,25,30
2018-03-11,35,19,16
2018-03-11,10,6,4
2018-03-11,5,0,5
2018-03-11,4,3,1
2018-03-11,4,2,2
2018-03-11,9,2,7
2018-03-11,,,
2018-03-11,9,2,7
2018-03-11,6,4,2
2018-03-10,19,5,14
2018-03-10,19,7,12
2018-03-10,39,18,21
2018-03-10,35,14,21
2018-03-10,50,30,20
2018-03-10,89,53,36
2018-03-10,130,65,65
2018-03-10,229,116,113
2018-03-10,201,99,102
2018-03-10,260,131,129
2018-03-10,209,116,93
2018-03-10,180,85,95
2018-03-10,139,68,71
2018-03-10,115,63,52
2018-03-10,91,35,56
2018-03-10,65,32,33
2018-03-10,30,14,16
2018-03-10,17,7,10
2018-03-10,5,3,2
2018-03-10,4,3,1
2018-03-10,4,2,2
2018-03-10,13,3,10
2018-03-10,4,3,1
2018-03-10,10,6,4
2018-03-09,23,9,14
2018-03-09,29,7,22
2018-03-09,41,15,26
2018-03-09,56,14,42
2018-03-09,90,23,67
2018-03-09,224,72,152
2018-03-09,407,84,323
2018-03-09,269,89,180
2018-03-09,151,52,99
2018-03-09,96,46,50
2018-03-09,69,30,39
2018-03-09,64,25,39
2018-03-09,56,20,36
2018-03-09,70,34,36
2018-03-09,208,109,99
2018-03-09,357,190,167
2018-03-09,243,141,102
2018-03-09,84,46,38
2018-03-09,30,18,12
2018-03-09,6,3,3
2018-03-09,5,3,2
2018-03-09,5,0,5
2018-03-09,8,3,5
2018-03-09,7,5,2
2018-03-08,8,2,6
2018-03-08,15,8,7
2018-03-08,20,10,10
2018-03-08,40,16,24
2018-03-08,91,28,63
2018-03-08,215,57,158
2018-03-08,291,63,228
2018-03-08,117,29,88
2018-03-08,52,18,34
2018-03-08,29,18,11
2018-03-08,21,13,8
2018-03-08,21,14,7
2018-03-08,24,16,8
2018-03-08,43,17,26
2018-03-08,151,72,79
2018-03-08,287,159,128
2018-03-08,180,97,83
2018-03-08,81,41,40
2018-03-08,30,18,12
2018-03-08,7,4,3
2018-03-08,3,1,2
2018-03-08,3,0,3
2018-03-08,2,1,1
2018-03-08,6,1,5
2018-03-07,13,4,9
2018-03-07,26,11,15
2018-03-07,57,21,36
2018-03-07,83,33,50
2018-03-07,152,43,109
2018-03-07,295,78,217
2018-03-07,478,117,361
2018-03-07,234,63,171
2018-03-07,111,41,70
2018-03-07,68,29,39
2018-03-07,72,33,39
2018-03-07,50,25,25
2018-03-07,65,32,33
2018-03-07,98,41,57
2018-03-07,242,109,133
2018-03-07,457,256,201
2018-03-07,298,157,141
2018-03-07,122,70,52
2018-03-07,30,16,14
2018-03-07,9,5,4
2018-03-07,2,1,1
2018-03-07,1,0,1
2018-03-07,2,0,2
2018-03-07,8,1,7
2018-03-06,15,6,9
2018-03-06,25,11,14
2018-03-06,36,19,17
2018-03-06,77,29,48
2018-03-06,134,37,97
2018-03-06,374,104,270
2018-03-06,556,112,444
2018-03-06,273,75,198
2018-03-06,166,80,86
2018-03-06,86,36,50
2018-03-06,114,57,57
2018-03-06,79,35,44
2018-03-06,70,31,39
2018-03-06,99,46,53
2018-03-06,241,109,132
2018-03-06,492,266,226
2018-03-06,361,192,169
2018-03-06,119,70,49
2018-03-06,33,17,16
2018-03-06,8,6,2
2018-03-06,1,1,0
2018-03-06,2,0,2
2018-03-06,4,2,2
2018-03-06,1,0,1
2018-03-05,10,4,6
2018-03-05,18,7,11
2018-03-05,38,15,23
2018-03-05,64,18,46
2018-03-05,118,31,87
2018-03-05,306,71,235
2018-03-05,493,117,376
2018-03-05,219,53,166
2018-03-05,78,30,48
2018-03-05,69,29,40
2018-03-05,69,37,32
2018-03-05,39,17,22
2018-03-05,52,30,22
2018-03-05,76,37,39
2018-03-05,245,113,132
2018-03-05,393,210,183
2018-03-05,306,164,142
2018-03-05,98,60,38
2018-03-05,38,17,21
2018-03-05,6,2,4
2018-03-05,2,0,2
2018-03-05,2,0,2
2018-03-05,3,1,2
2018-03-05,0,0,0
2018-03-04,5,2,3
2018-03-04,5,0,5
2018-03-04,13,5,8
2018-03-04,14,5,9
2018-03-04,23,7,16
2018-03-04,28,17,11
2018-03-04,43,24,19
2018-03-04,45,23,22
2018-03-04,47,26,21
2018-03-04,51,24,27
2018-03-04,89,46,43
2018-03-04,105,60,45
2018-03-04,99,50,49
2018-03-04,71,36,35
2018-03-04,42,17,25
2018-03-04,37,11,26
2018-03-04,18,12,6
2018-03-04,9,5,4
2018-03-04,5,4,1
2018-03-04,2,0,2
2018-03-04,4,3,1
2018-03-04,3,1,2
2018-03-04,9,4,5
2018-03-04,10,4,6
2018-03-03,17,4,13
2018-03-03,17,7,10
2018-03-03,16,6,10
2018-03-03,20,6,14
2018-03-03,13,6,7
2018-03-03,73,37,36
2018-03-03,93,44,49
2018-03-03,141,72,69
2018-03-03,226,128,98
2018-03-03,173,89,84
2018-03-03,174,87,87
2018-03-03,172,96,76
2018-03-03,107,64,43
2018-03-03,97,54,43
2018-03-03,65,29,36
2018-03-03,42,18,24
2018-03-03,26,13,13
2018-03-03,8,4,4
2018-03-03,5,4,1
2018-03-03,3,1,2
2018-03-03,2,2,0
2018-03-03,6,2,4
2018-03-03,5,3,2
2018-03-03,7,2,5
2018-03-02,15,5,10
2018-03-02,18,8,10
2018-03-02,34,10,24
2018-03-02,36,8,28
2018-03-02,83,16,67
2018-03-02,186,60,126
2018-03-02,378,93,285
2018-03-02,176,43,133
2018-03-02,112,39,73
2018-03-02,51,18,33
2018-03-02,65,33,32
2018-03-02,58,16,42
2018-03-02,64,32,32
2018-03-02,75,40,35
2018-03-02,192,87,105
2018-03-02,304,160,144
2018-03-02,212,108,104
2018-03-02,77,38,39
2018-03-02,22,15,7
2018-03-02,6,1,5
2018-03-02,4,2,2
2018-03-02,2,0,2
2018-03-02,2,1,1
2018-03-02,9,2,7
2018-03-01,9,4,5
2018-03-01,27,15,12
2018-03-01,35,14,21
2018-03-01,60,21,39
2018-03-01,127,41,86
2018-03-01,261,80,181
2018-03-01,492,114,378
2018-03-01,241,71,170
2018-03-01,137,52,85
2018-03-01,82,37,45
2018-03-01,72,34,38
2018-03-01,72,34,38
2018-03-01,69,34,35
2018-03-01,77,47,30
2018-03-01,197,80,117
2018-03-01,425,228,197
2018-03-01,275,139,136
2018-03-01,95,51,44
2018-03-01,33,17,16
2018-03-01,13,6,7
2018-03-01,1,1,0
2018-03-01,4,1,3
2018-03-01,2,0,2
2018-03-01,4,0,4
2018-02-28,9,3,6
2018-02-28,13,2,11
2018-02-28,32,14,18
2018-02-28,35,7,28
2018-02-28,77,17,60
2018-02-28,192,46,146
2018-02-28,334,78,256
2018-02-28,149,38,111
2018-02-28,50,15,35
2018-02-28,43,19,24
2018-02-28,35,14,21
2018-02-28,16,7,9
2018-02-28,40,15,25
2018-02-28,68,23,45
2018-02-28,179,86,93
2018-02-28,329,178,151
2018-02-28,240,123,117
2018-02-28,89,45,44
2018-02-28,25,11,14
2018-02-28,8,3,5
2018-02-28,4,2,2
2018-02-28,0,0,0
2018-02-28,1,0,1
2018-02-28,4,0,4
2018-02-27,11,4,7
2018-02-27,22,12,10
2018-02-27,33,10,23
2018-02-27,48,16,32
2018-02-27,83,21,62
2018-02-27,255,63,192
2018-02-27,339,69,270
2018-02-27,173,49,124
2018-02-27,82,30,52
2018-02-27,50,20,30
2018-02-27,49,17,32
2018-02-27,42,25,17
2018-02-27,43,15,28
2018-02-27,64,26,38
2018-02-27,189,92,97
2018-02-27,367,214,153
2018-02-27,258,149,109
2018-02-27,93,52,41
2018-02-27,26,14,12
2018-02-27,7,2,5
2018-02-27,3,3,0
2018-02-27,2,0,2
2018-02-27,1,1,0
2018-02-27,7,2,5
2018-02-26,10,3,7
2018-02-26,23,9,14
2018-02-26,37,11,26
2018-02-26,49,19,30
2018-02-26,118,31,87
2018-02-26,265,69,196
2018-02-26,377,99,278
2018-02-26,203,68,135
2018-02-26,99,43,56
2018-02-26,72,33,39
2018-02-26,59,25,34
2018-02-26,40,16,24
2018-02-26,41,16,25
2018-02-26,68,35,33
2018-02-26,180,81,99
2018-02-26,307,159,148
2018-02-26,205,118,87
2018-02-26,82,43,39
2018-02-26,22,15,7
2018-02-26,11,7,4
2018-02-26,5,3,2
2018-02-26,0,0,0
2018-02-26,3,0,3
2018-02-26,2,1,1
2018-02-25,4,2,2
2018-02-25,8,1,7
2018-02-25,17,13,4
2018-02-25,7,3,4
2018-02-25,20,5,15
2018-02-25,19,11,8
2018-02-25,29,8,21
2018-02-25,77,37,40
2018-02-25,62,33,29
2018-02-25,86,48,38
2018-02-25,66,28,38
2018-02-25,57,23,34
2018-02-25,41,20,21
2018-02-25,36,17,19
2018-02-25,34,23,11
2018-02-25,51,40,11
2018-02-25,47,31,16
2018-02-25,15,2,13
2018-02-25,2,1,1
2018-02-25,4,0,4
2018-02-25,1,0,1
2018-02-25,2,1,1
2018-02-25,8,4,4
2018-02-25,5,1,4
2018-02-24,7,0,7
2018-02-24,20,7,13
2018-02-24,9,4,5
2018-02-24,19,5,14
2018-02-24,18,8,10
2018-02-24,36,21,15
2018-02-24,57,26,31
2018-02-24,75,38,37
2018-02-24,84,32,52
2018-02-24,63,38,25
2018-02-24,87,42,45
2018-02-24,63,39,24
2018-02-24,36,21,15
2018-02-24,25,15,10
2018-02-24,28,13,15
2018-02-24,22,11,11
2018-02-24,9,4,5
2018-02-24,4,3,1
2018-02-24,3,1,2
2018-02-24,6,4,2
2018-02-24,5,1,4
2018-02-24,3,0,3
2018-02-24,2,1,1
2018-02-24,5,2,3
2018-02-23,14,7,7
2018-02-23,10,4,6
2018-02-23,23,8,15
2018-02-23,25,8,17
2018-02-23,37,10,27
2018-02-23,91,22,69
2018-02-23,170,40,130
2018-02-23,118,38,80
2018-02-23,61,13,48
2018-02-23,35,12,23
2018-02-23,25,10,15
2018-02-23,24,8,16
2018-02-23,26,10,16
2018-02-23,39,17,22
2018-02-23,107,47,60
2018-02-23,159,84,75
2018-02-23,100,57,43
2018-02-23,36,16,20
2018-02-23,11,6,5
2018-02-23,5,1,4
2018-02-23,3,2,1
2018-02-23,2,1,1
2018-02-23,1,1,0
2018-02-23,4,2,2
2018-02-22,10,6,4
2018-02-22,22,15,7
2018-02-22,29,10,19
2018-02-22,23,7,16
2018-02-22,48,17,31
2018-02-22,107,24,83
2018-02-22,160,38,122
2018-02-22,80,24,56
2018-02-22,41,16,25
2018-02-22,30,16,14
2018-02-22,30,11,19
2018-02-22,31,9,22
2018-02-22,32,16,16
2018-02-22,48,15,33
2018-02-22,86,42,44
2018-02-22,113,50,63
2018-02-22,65,29,36
2018-02-22,35,15,20
2018-02-22,13,6,7
2018-02-22,7,4,3
2018-02-22,3,2,1
2018-02-22,1,0,1
2018-02-22,4,1,3
2018-02-22,4,0,4
2018-02-21,5,3,2
2018-02-21,12,4,8
2018-02-21,22,11,11
2018-02-21,45,12,33
2018-02-21,75,18,57
2018-02-21,187,48,139
2018-02-21,295,61,234
2018-02-21,134,49,85
2018-02-21,83,31,52
2018-02-21,42,18,24
2018-02-21,34,15,19
2018-02-21,39,20,19
2018-02-21,42,22,20
2018-02-21,65,27,38
2018-02-21,159,82,77
2018-02-21,286,137,149
2018-02-21,179,83,96
2018-02-21,63,34,29
2018-02-21,32,20,12
2018-02-21,7,4,3
2018-02-21,2,1,1
2018-02-21,4,2,2
2018-02-21,4,3,1
2018-02-21,6,1,5
2018-02-20,11,6,5
2018-02-20,22,11,11
2018-02-20,25,6,19
2018-02-20,34,12,22
2018-02-20,107,33,74
2018-02-20,216,58,158
2018-02-20,316,78,238
2018-02-20,149,44,105
2018-02-20,62,22,40
2018-02-20,46,22,24
2018-02-20,36,13,23
2018-02-20,33,13,20
2018-02-20,37,15,22
2018-02-20,66,26,40
2018-02-20,154,73,81
2018-02-20,268,128,140
2018-02-20,186,103,83
2018-02-20,69,39,30
2018-02-20,24,14,10
2018-02-20,8,5,3
2018-02-20,2,1,1
2018-02-20,1,0,1
2018-02-20,6,3,3
2018-02-20,7,3,4
2018-02-19,5,3,2
2018-02-19,15,4,11
2018-02-19,9,1,8
2018-02-19,25,9,16
2018-02-19,36,8,28
2018-02-19,101,20,81
2018-02-19,186,44,142
2018-02-19,97,36,61
2018-02-19,86,38,48
2018-02-19,78,32,46
2018-02-19,73,33,40
2018-02-19,53,21,32
2018-02-19,50,21,29
2018-02-19,50,22,28
2018-02-19,99,47,52
2018-02-19,115,54,61
2018-02-19,73,34,39
2018-02-19,25,11,14
2018-02-19,16,12,4
2018-02-19,5,2,3
2018-02-19,0,0,0
2018-02-19,1,0,1
2018-02-19,3,1,2
2018-02-19,5,5,0
2018-02-18,6,3,3
2018-02-18,6,4,2
2018-02-18,7,3,4
2018-02-18,8,5,3
2018-02-18,13,7,6
2018-02-18,23,12,11
2018-02-18,24,8,16
2018-02-18,46,21,25
2018-02-18,42,23,19
2018-02-18,32,12,20
2018-02-18,19,11,8
2018-02-18,43,18,25
2018-02-18,39,13,26
2018-02-18,29,18,11
2018-02-18,28,14,14
2018-02-18,20,10,10
2018-02-18,6,2,4
2018-02-18,5,1,4
2018-02-18,4,4,0
2018-02-18,1,0,1
2018-02-18,3,3,0
2018-02-18,5,1,4
2018-02-18,5,0,5
2018-02-18,12,5,7
2018-02-17,6,4,2
2018-02-17,21,7,14
2018-02-17,16,8,8
2018-02-17,18,7,11
2018-02-17,21,12,9
2018-02-17,38,17,21
2018-02-17,72,38,34
2018-02-17,82,43,39
2018-02-17,107,53,54
2018-02-17,91,40,51
2018-02-17,78,37,41
2018-02-17,56,29,27
2018-02-17,38,21,17
2018-02-17,24,15,9
2018-02-17,22,10,12
2018-02-17,35,19,16
2018-02-17,8,3,5
2018-02-17,4,0,4
2018-02-17,3,0,3
2018-02-17,3,2,1
2018-02-17,1,1,0
2018-02-17,6,3,3
2018-02-17,6,5,1
2018-02-17,12,7,5
2018-02-16,12,6,6
2018-02-16,23,10,13
2018-02-16,22,10,12
2018-02-16,50,19,31
2018-02-16,63,16,47
2018-02-16,168,40,128
2018-02-16,312,75,237
2018-02-16,178,46,132
2018-02-16,78,27,51
2018-02-16,74,30,44
2018-02-16,38,14,24
2018-02-16,44,21,23
2018-02-16,42,22,20
2018-02-16,60,25,35
2018-02-16,150,74,76
2018-02-16,256,134,122
2018-02-16,189,107,82
2018-02-16,57,32,25
2018-02-16,21,13,8
2018-02-16,7,2,5
2018-02-16,3,1,2
2018-02-16,3,0,3
2018-02-16,3,1,2
2018-02-16,7,1,6
2018-02-15,12,6,6
2018-02-15,21,8,13
2018-02-15,47,16,31
2018-02-15,58,18,40
2018-02-15,115,38,77
2018-02-15,263,75,188
2018-02-15,419,95,324
2018-02-15,243,68,175
2018-02-15,106,44,62
2018-02-15,62,28,34
2018-02-15,66,31,35
2018-02-15,59,27,32
2018-02-15,70,34,36
2018-02-15,74,32,42
2018-02-15,193,99,94
2018-02-15,416,227,189
2018-02-15,269,139,130
2018-02-15,95,59,36
2018-02-15,30,16,14
2018-02-15,13,9,4
2018-02-15,3,1,2
2018-02-15,2,0,2
2018-02-15,3,1,2
2018-02-15,5,1,4
2018-02-14,13,7,6
2018-02-14,9,3,6
2018-02-14,31,13,18
2018-02-14,52,29,23
2018-02-14,87,30,57
2018-02-14,200,54,146
2018-02-14,433,90,343
2018-02-14,209,64,145
2018-02-14,70,28,42
2018-02-14,64,28,36
2018-02-14,52,27,25
2018-02-14,33,19,14
2018-02-14,31,16,15
2018-02-14,59,33,26
2018-02-14,184,93,91
2018-02-14,363,195,168
2018-02-14,227,128,99
2018-02-14,108,68,40
2018-02-14,39,17,22
2018-02-14,8,4,4
2018-02-14,1,0,1
2018-02-14,0,0,0
2018-02-14,5,2,3
2018-02-14,2,2,0
2018-02-13,4,1,3
2018-02-13,24,9,15
2018-02-13,45,13,32
2018-02-13,55,21,34
2018-02-13,133,33,100
2018-02-13,293,77,216
2018-02-13,471,91,380
2018-02-13,250,75,175
2018-02-13,110,37,73
2018-02-13,81,44,37
2018-02-13,74,38,36
2018-02-13,50,22,28
2018-02-13,61,25,36
2018-02-13,69,28,41
2018-02-13,224,99,125
2018-02-13,416,229,187
2018-02-13,280,141,139
2018-02-13,97,60,37
2018-02-13,27,13,14
2018-02-13,9,5,4
2018-02-13,3,2,1
2018-02-13,1,0,1
2018-02-13,2,2,0
2018-02-13,3,1,2
2018-02-12,7,4,3
2018-02-12,30,10,20
2018-02-12,37,12,25
2018-02-12,61,16,45
2018-02-12,139,37,102
2018-02-12,319,85,234
2018-02-12,499,118,381
2018-02-12,266,72,194
2018-02-12,120,58,62
2018-02-12,79,39,40
2018-02-12,65,34,31
2018-02-12,76,44,32
2018-02-12,62,32,30
2018-02-12,75,34,41
2018-02-12,252,120,132
2018-02-12,468,241,227
2018-02-12,284,154,130
2018-02-12,114,68,46
2018-02-12,34,18,16
2018-02-12,10,6,4
2018-02-12,1,1,0
2018-02-12,3,2,1
2018-02-12,2,1,1
2018-02-12,8,3,5
2018-02-11,13,7,6
2018-02-11,7,3,4
2018-02-11,12,8,4
2018-02-11,7,2,5
2018-02-11,18,9,9
2018-02-11,29,13,16
2018-02-11,80,41,39
2018-02-11,127,56,71
2018-02-11,124,69,55
2018-02-11,120,51,69
2018-02-11,140,71,69
2018-02-11,115,62,53
2018-02-11,109,50,59
2018-02-11,44,25,19
2018-02-11,50,25,25
2018-02-11,40,21,19
2018-02-11,18,10,8
2018-02-11,10,4,6
2018-02-11,2,2,0
2018-02-11,1,0,1
2018-02-11,1,1,0
2018-02-11,3,0,3
2018-02-11,6,4,2
2018-02-11,12,4,8
2018-02-10,14,5,9
2018-02-10,8,4,4
2018-02-10,24,16,8
2018-02-10,12,6,6
2018-02-10,37,17,20
2018-02-10,48,19,29
2018-02-10,89,45,44
2018-02-10,154,89,65
2018-02-10,174,89,85
2018-02-10,190,92,98
2018-02-10,182,111,71
2018-02-10,129,63,66
2018-02-10,141,67,74
2018-02-10,88,49,39
2018-02-10,68,38,30
2018-02-10,54,24,30
2018-02-10,29,15,14
2018-02-10,24,15,9
2018-02-10,4,1,3
2018-02-10,5,3,2
2018-02-10,2,0,2
2018-02-10,5,3,2
2018-02-10,1,1,0
2018-02-10,13,1,12
2018-02-09,17,7,10
2018-02-09,24,9,15
2018-02-09,31,11,20
2018-02-09,43,11,32
2018-02-09,84,38,46
2018-02-09,222,56,166
2018-02-09,374,87,287
2018-02-09,251,71,180
2018-02-09,138,51,87
2018-02-09,73,31,42
2018-02-09,78,41,37
2018-02-09,67,28,39
2018-02-09,54,23,31
2018-02-09,77,33,44
2018-02-09,187,83,104
2018-02-09,349,185,164
2018-02-09,213,118,95
2018-02-09,85,44,41
2018-02-09,28,11,17
2018-02-09,11,6,5
2018-02-09,4,2,2
2018-02-09,4,0,4
2018-02-09,0,0,0
2018-02-09,10,3,7
2018-02-08,10,2,8
2018-02-08,15,6,9
2018-02-08,44,17,27
2018-02-08,80,43,37
2018-02-08,98,28,70
2018-02-08,268,77,191
2018-02-08,371,88,283
2018-02-08,207,55,152
2018-02-08,87,37,50
2018-02-08,52,22,30
2018-02-08,62,27,35
2018-02-08,66,24,42
2018-02-08,59,21,38
2018-02-08,86,44,42
2018-02-08,219,112,107
2018-02-08,407,204,203
2018-02-08,266,156,110
2018-02-08,102,56,46
2018-02-08,32,20,12
2018-02-08,9,5,4
2018-02-08,2,1,1
2018-02-08,1,1,0
2018-02-08,4,2,2
2018-02-08,6,3,3
2018-02-07,12,3,9
2018-02-07,24,10,14
2018-02-07,48,19,29
2018-02-07,65,19,46
2018-02-07,129,50,79
2018-02-07,310,81,229
2018-02-07,420,94,326
2018-02-07,252,75,177
2018-02-07,110,47,63
2018-02-07,58,28,30
2018-02-07,67,39,28
2018-02-07,53,24,29
2018-02-07,69,41,28
2018-02-07,75,31,44
2018-02-07,219,97,122
2018-02-07,434,237,197
2018-02-07,302,155,147
2018-02-07,121,74,47
2018-02-07,35,20,15
2018-02-07,9,5,4
2018-02-07,4,2,2
2018-02-07,0,0,0
2018-02-07,0,0,0
2018-02-07,2,1,1
2018-02-06,10,2,8
2018-02-06,28,11,17
2018-02-06,47,17,30
2018-02-06,64,15,49
2018-02-06,119,43,76
2018-02-06,320,78,242
2018-02-06,455,89,366
2018-02-06,245,66,179
2018-02-06,97,40,57
2018-02-06,66,31,35
2018-02-06,65,28,37
2018-02-06,48,17,31
2018-02-06,52,23,29
2018-02-06,83,38,45
2018-02-06,200,92,108
2018-02-06,430,228,202
2018-02-06,322,176,146
2018-02-06,117,68,49
2018-02-06,37,17,20
2018-02-06,8,4,4
2018-02-06,2,1,1
2018-02-06,4,3,1
2018-02-06,6,5,1
2018-02-06,5,3,2
2018-02-05,10,4,6
2018-02-05,18,4,14
2018-02-05,35,13,22
2018-02-05,65,17,48
2018-02-05,122,30,92
2018-02-05,312,71,241
2018-02-05,502,102,400
2018-02-05,218,66,152
2018-02-05,94,39,55
2018-02-05,45,16,29
2018-02-05,50,24,26
2018-02-05,42,16,26
2018-02-05,50,22,28
2018-02-05,75,40,35
2018-02-05,218,96,122
2018-02-05,453,245,208
2018-02-05,293,159,134
2018-02-05,103,59,44
2018-02-05,42,26,16
2018-02-05,13,5,8
2018-02-05,0,0,0
2018-02-05,2,0,2
2018-02-05,2,0,2
2018-02-05,3,1,2
2018-02-04,4,2,2
2018-02-04,14,12,2
2018-02-04,15,9,6
2018-02-04,30,12,18
2018-02-04,27,11,16
2018-02-04,33,18,15
2018-02-04,45,27,18
2018-02-04,80,45,35
2018-02-04,150,66,84
2018-02-04,133,69,64
2018-02-04,112,64,48
2018-02-04,77,45,32
2018-02-04,62,33,29
2018-02-04,41,21,20
2018-02-04,42,23,19
2018-02-04,26,14,12
2018-02-04,8,5,3
2018-02-04,12,4,8
2018-02-04,5,4,1
2018-02-04,2,1,1
2018-02-04,0,0,0
2018-02-04,6,3,3
2018-02-04,4,1,3
2018-02-04,10,6,4
2018-02-03,11,4,7
2018-02-03,5,3,2
2018-02-03,12,5,7
2018-02-03,9,4,5
2018-02-03,15,9,6
2018-02-03,17,11,6
2018-02-03,41,14,27
2018-02-03,37,21,16
2018-02-03,53,22,31
2018-02-03,56,27,29
2018-02-03,73,36,37
2018-02-03,66,36,30
2018-02-03,71,35,36
2018-02-03,49,33,16
2018-02-03,52,25,27
2018-02-03,51,19,32
2018-02-03,21,8,13
2018-02-03,11,6,5
2018-02-03,4,2,2
2018-02-03,5,3,2
2018-02-03,3,0,3
2018-02-03,5,2,3
2018-02-03,11,10,1
2018-02-03,18,9,9
2018-02-02,20,12,8
2018-02-02,15,6,9
2018-02-02,32,14,18
2018-02-02,46,16,30
2018-02-02,71,24,47
2018-02-02,213,54,159
2018-02-02,371,96,275
2018-02-02,186,50,136
2018-02-02,110,47,63
2018-02-02,56,18,38
2018-02-02,84,39,45
2018-02-02,43,23,20
2018-02-02,54,30,24
2018-02-02,39,21,18
2018-02-02,148,69,79
2018-02-02,292,167,125
2018-02-02,216,124,92
2018-02-02,76,37,39
2018-02-02,33,19,14
2018-02-02,9,3,6
2018-02-02,6,2,4
2018-02-02,2,0,2
2018-02-02,1,0,1
2018-02-02,5,1,4
2018-02-01,9,4,5
2018-02-01,21,10,11
2018-02-01,25,10,15
2018-02-01,47,14,33
2018-02-01,99,18,81
2018-02-01,216,52,164
2018-02-01,390,71,319
2018-02-01,154,44,110
2018-02-01,68,23,45
2018-02-01,37,17,20
2018-02-01,43,20,23
2018-02-01,43,17,26
2018-02-01,45,19,26
2018-02-01,79,37,42
2018-02-01,196,98,98
2018-02-01,359,172,187
2018-02-01,233,124,109
2018-02-01,102,61,41
2018-02-01,36,21,15
2018-02-01,8,5,3
2018-02-01,6,3,3
2018-02-01,0,0,0
2018-02-01,3,2,1
2018-02-01,8,2,6
2018-01-31,6,2,4
2018-01-31,29,12,17
2018-01-31,37,15,22
2018-01-31,69,24,45
2018-01-31,113,36,77
2018-01-31,263,65,198
2018-01-31,412,88,324
2018-01-31,209,60,149
2018-01-31,78,31,47
2018-01-31,77,36,41
2018-01-31,51,26,25
2018-01-31,42,19,23
2018-01-31,53,24,29
2018-01-31,65,24,41
2018-01-31,199,99,100
2018-01-31,381,196,185
2018-01-31,270,144,126
2018-01-31,115,61,54
2018-01-31,36,19,17
2018-01-31,9,4,5
2018-01-31,4,1,3
2018-01-31,2,0,2
2018-01-31,2,0,2
2018-01-31,14,7,7
2018-01-30,10,5,5
2018-01-30,23,10,13
2018-01-30,50,20,30
2018-01-30,62,20,42
2018-01-30,120,32,88
2018-01-30,292,85,207
2018-01-30,495,107,388
2018-01-30,271,85,186
2018-01-30,128,60,68
2018-01-30,68,21,47
2018-01-30,59,30,29
2018-01-30,53,23,30
2018-01-30,58,29,29
2018-01-30,80,37,43
2018-01-30,219,111,108
2018-01-30,406,213,193
2018-01-30,294,172,122
2018-01-30,130,72,58
2018-01-30,39,20,19
2018-01-30,9,6,3
2018-01-30,3,1,2
2018-01-30,2,1,1
2018-01-30,1,1,0
2018-01-30,6,1,5
2018-01-29,15,8,7
2018-01-29,18,6,12
2018-01-29,25,11,14
2018-01-29,39,12,27
2018-01-29,103,26,77
2018-01-29,232,43,189
2018-01-29,362,70,292
2018-01-29,119,26,93
2018-01-29,42,15,27
2018-01-29,29,13,16
2018-01-29,19,8,11
2018-01-29,31,12,19
2018-01-29,28,14,14
2018-01-29,52,29,23
2018-01-29,167,94,73
2018-01-29,349,198,151
2018-01-29,195,110,85
2018-01-29,94,58,36
2018-01-29,34,22,12
2018-01-29,7,4,3
2018-01-29,3,2,1
2018-01-29,0,0,0
2018-01-29,4,0,4
2018-01-29,5,2,3
2018-01-28,5,2,3
2018-01-28,4,1,3
2018-01-28,4,3,1
2018-01-28,21,8,13
2018-01-28,15,8,7
2018-01-28,44,20,24
2018-01-28,41,20,21
2018-01-28,69,32,37
2018-01-28,80,36,44
2018-01-28,76,44,32
2018-01-28,83,44,39
2018-01-28,51,27,24
2018-01-28,52,29,23
2018-01-28,39,19,20
2018-01-28,30,16,14
2018-01-28,29,21,8
2018-01-28,14,9,5
2018-01-28,2,1,1
2018-01-28,1,1,0
2018-01-28,3,2,1
2018-01-28,2,2,0
2018-01-28,1,0,1
2018-01-28,6,1,5
2018-01-28,6,3,3
2018-01-27,11,3,8
2018-01-27,14,7,7
2018-01-27,12,5,7
2018-01-27,12,5,7
2018-01-27,14,7,7
2018-01-27,29,16,13
2018-01-27,41,18,23
2018-01-27,61,23,38
2018-01-27,50,21,29
2018-01-27,44,21,23
2018-01-27,52,23,29
2018-01-27,42,17,25
2018-01-27,41,24,17
2018-01-27,32,22,10
2018-01-27,32,16,16
2018-01-27,34,14,20
2018-01-27,20,5,15
2018-01-27,4,2,2
2018-01-27,1,0,1
2018-01-27,4,2,2
2018-01-27,4,1,3
2018-01-27,2,1,1
2018-01-27,2,1,1
2018-01-27,7,3,4
2018-01-26,16,5,11
2018-01-26,9,5,4
2018-01-26,20,4,16
2018-01-26,29,3,26
2018-01-26,65,17,48
2018-01-26,165,51,114
2018-01-26,329,68,261
2018-01-26,233,61,172
2018-01-26,87,32,55
2018-01-26,70,28,42
2018-01-26,51,25,26
2018-01-26,39,19,20
2018-01-26,43,19,24
2018-01-26,59,30,29
2018-01-26,179,89,90
2018-01-26,305,164,141
2018-01-26,194,111,83
2018-01-26,87,50,37
2018-01-26,27,17,10
2018-01-26,8,4,4
2018-01-26,3,2,1
2018-01-26,5,0,5
2018-01-26,9,4,5
2018-01-26,13,8,5
2018-01-25,19,11,8
2018-01-25,21,10,11
2018-01-25,28,9,19
2018-01-25,58,28,30
2018-01-25,138,32,106
2018-01-25,231,54,177
2018-01-25,399,86,313
2018-01-25,197,54,143
2018-01-25,89,33,56
2018-01-25,46,23,23
2018-01-25,27,13,14
2018-01-25,42,22,20
2018-01-25,29,16,13
2018-01-25,51,27,24
2018-01-25,168,77,91
2018-01-25,357,191,166
2018-01-25,224,114,110
2018-01-25,101,53,48
2018-01-25,35,23,12
2018-01-25,6,4,2
2018-01-25,3,1,2
2018-01-25,2,0,2
2018-01-25,2,2,0
2018-01-25,2,0,2
2018-01-24,15,5,10
2018-01-24,12,6,6
2018-01-24,27,9,18
2018-01-24,46,12,34
2018-01-24,87,25,62
2018-01-24,211,55,156
2018-01-24,344,62,282
2018-01-24,179,54,125
2018-01-24,50,19,31
2018-01-24,57,26,31
2018-01-24,34,18,16
2018-01-24,27,13,14
2018-01-24,27,13,14
2018-01-24,65,25,40
2018-01-24,181,87,94
2018-01-24,306,163,143
2018-01-24,238,135,103
2018-01-24,88,55,33
2018-01-24,32,21,11
2018-01-24,10,6,4
2018-01-24,4,2,2
2018-01-24,0,0,0
2018-01-24,2,1,1
2018-01-24,5,0,5
2018-01-23,9,6,3
2018-01-23,21,8,13
2018-01-23,24,8,16
2018-01-23,43,12,31
2018-01-23,76,23,53
2018-01-23,212,62,150
2018-01-23,329,52,277
2018-01-23,168,30,138
2018-01-23,53,24,29
2018-01-23,31,13,18
2018-01-23,23,9,14
2018-01-23,30,10,20
2018-01-23,33,14,19
2018-01-23,56,29,27
2018-01-23,158,81,77
2018-01-23,330,176,154
2018-01-23,227,126,101
2018-01-23,105,57,48
2018-01-23,28,19,9
2018-01-23,8,4,4
2018-01-23,0,0,0
2018-01-23,4,2,2
2018-01-23,1,1,0
2018-01-23,7,3,4
2018-01-22,8,3,5
2018-01-22,17,8,9
2018-01-22,36,10,26
2018-01-22,56,16,40
2018-01-22,122,31,91
2018-01-22,319,78,241
2018-01-22,486,113,373
2018-01-22,221,52,169
2018-01-22,113,48,65
2018-01-22,92,43,49
2018-01-22,61,26,35
2018-01-22,63,32,31
2018-01-22,70,32,38
2018-01-22,69,32,37
2018-01-22,245,118,127
2018-01-22,419,219,200
2018-01-22,260,149,111
2018-01-22,111,52,59
2018-01-22,26,14,12
2018-01-22,9,4,5
2018-01-22,0,0,0
2018-01-22,3,0,3
2018-01-22,2,1,1
2018-01-22,3,2,1
2018-01-21,8,5,3
2018-01-21,4,2,2
2018-01-21,8,3,5
2018-01-21,9,4,5
2018-01-21,16,6,10
2018-01-21,14,4,10
2018-01-21,24,7,17
2018-01-21,26,12,14
2018-01-21,34,20,14
2018-01-21,50,24,26
2018-01-21,51,24,27
2018-01-21,35,14,21
2018-01-21,19,14,5
2018-01-21,25,18,7
2018-01-21,18,8,10
2018-01-21,13,10,3
2018-01-21,12,10,2
2018-01-21,4,1,3
2018-01-21,2,0,2
2018-01-21,5,2,3
2018-01-21,4,1,3
2018-01-21,4,3,1
2018-01-21,6,5,1
2018-01-21,11,6,5
2018-01-20,12,4,8
2018-01-20,19,8,11
2018-01-20,15,8,7
2018-01-20,10,6,4
2018-01-20,16,10,6
2018-01-20,29,14,15
2018-01-20,44,18,26
2018-01-20,67,33,34
2018-01-20,99,41,58
2018-01-20,118,25,93
2018-01-20,107,41,66
2018-01-20,77,37,40
2018-01-20,86,45,41
2018-01-20,72,41,31
2018-01-20,57,37,20
2018-01-20,48,27,21
2018-01-20,20,6,14
2018-01-20,10,4,6
2018-01-20,8,4,4
2018-01-20,3,2,1
2018-01-20,1,0,1
2018-01-20,6,2,4
2018-01-20,6,2,4
2018-01-20,14,7,7
2018-01-19,17,11,6
2018-01-19,23,7,16
2018-01-19,33,18,15
2018-01-19,34,11,23
2018-01-19,72,22,50
2018-01-19,205,56,149
2018-01-19,381,93,288
2018-01-19,199,49,150
2018-01-19,90,29,61
2018-01-19,70,28,42
2018-01-19,60,28,32
2018-01-19,57,23,34
2018-01-19,48,20,28
2018-01-19,90,39,51
2018-01-19,180,83,97
2018-01-19,343,175,168
2018-01-19,214,124,90
2018-01-19,88,51,37
2018-01-19,26,13,13
2018-01-19,6,1,5
2018-01-19,2,1,1
2018-01-19,2,1,1
2018-01-19,4,1,3
2018-01-19,7,4,3
2018-01-18,10,2,8
2018-01-18,21,12,9
2018-01-18,45,11,34
2018-01-18,43,10,33
2018-01-18,81,29,52
2018-01-18,252,68,184
2018-01-18,373,79,294
2018-01-18,167,41,126
2018-01-18,60,22,38
2018-01-18,43,17,26
2018-01-18,46,22,24
2018-01-18,45,19,26
2018-01-18,53,26,27
2018-01-18,80,36,44
2018-01-18,201,95,106
2018-01-18,389,208,181
2018-01-18,216,119,97
2018-01-18,98,51,47
2018-01-18,27,17,10
2018-01-18,9,3,6
2018-01-18,3,3,0
2018-01-18,0,0,0
2018-01-18,1,0,1
2018-01-18,6,2,4
2018-01-17,11,4,7
2018-01-17,15,9,6
2018-01-17,24,11,13
2018-01-17,48,15,33
2018-01-17,95,28,67
2018-01-17,242,58,184
2018-01-17,371,76,295
2018-01-17,166,40,126
2018-01-17,71,25,46
2018-01-17,66,32,34
2018-01-17,42,14,28
2018-01-17,58,31,27
2018-01-17,43,17,26
2018-01-17,84,42,42
2018-01-17,214,101,113
2018-01-17,350,187,163
2018-01-17,255,138,117
2018-01-17,104,60,44
2018-01-17,31,15,16
2018-01-17,11,4,7
2018-01-17,2,0,2
2018-01-17,1,0,1
2018-01-17,2,0,2
2018-01-17,7,3,4
2018-01-16,12,7,5
2018-01-16,18,10,8
2018-01-16,38,19,19
2018-01-16,51,20,31
2018-01-16,129,28,101
2018-01-16,298,79,219
2018-01-16,462,88,374
2018-01-16,222,60,162
2018-01-16,118,53,65
2018-01-16,64,22,42
2018-01-16,64,34,30
2018-01-16,75,35,40
2018-01-16,53,25,28
2018-01-16,81,39,42
2018-01-16,244,117,127
2018-01-16,413,210,203
2018-01-16,287,157,130
2018-01-16,108,58,50
2018-01-16,28,17,11
2018-01-16,10,4,6
2018-01-16,3,3,0
2018-01-16,0,0,0
2018-01-16,1,0,1
2018-01-16,3,1,2
2018-01-15,15,7,8
2018-01-15,7,1,6
2018-01-15,22,8,14
2018-01-15,48,18,30
2018-01-15,74,20,54
2018-01-15,188,44,144
2018-01-15,271,58,213
2018-01-15,234,69,165
2018-01-15,143,79,64
2018-01-15,179,96,83
2018-01-15,129,55,74
2018-01-15,92,54,38
2018-01-15,108,62,46
2018-01-15,84,54,30
2018-01-15,173,74,99
2018-01-15,238,128,110
2018-01-15,122,55,67
2018-01-15,54,26,28
2018-01-15,21,10,11
2018-01-15,7,3,4
2018-01-15,0,0,0
2018-01-15,0,0,0
2018-01-15,4,1,3
2018-01-15,7,5,2
2018-01-14,15,4,11
2018-01-14,12,8,4
2018-01-14,18,7,11
2018-01-14,21,10,11
2018-01-14,28,17,11
2018-01-14,42,25,17
2018-01-14,68,33,35
2018-01-14,134,75,59
2018-01-14,200,101,99
2018-01-14,241,143,98
2018-01-14,238,129,109
2018-01-14,147,70,77
2018-01-14,153,81,72
2018-01-14,88,48,40
2018-01-14,74,33,41
2018-01-14,41,19,22
2018-01-14,20,12,8
2018-01-14,11,6,5
2018-01-14,3,2,1
2018-01-14,3,2,1
2018-01-14,2,1,1
2018-01-14,3,3,0
2018-01-14,6,3,3
2018-01-14,11,3,8
2018-01-13,16,7,9
2018-01-13,21,8,13
2018-01-13,21,7,14
2018-01-13,14,6,8
2018-01-13,27,18,9
2018-01-13,37,17,20
2018-01-13,69,34,35
2018-01-13,112,65,47
2018-01-13,137,76,61
2018-01-13,99,55,44
2018-01-13,108,53,55
2018-01-13,76,25,51
2018-01-13,90,54,36
2018-01-13,65,25,40
2018-01-13,56,26,30
2018-01-13,52,26,26
2018-01-13,31,12,19
2018-01-13,6,2,4
2018-01-13,2,2,0
2018-01-13,4,3,1
2018-01-13,1,0,1
2018-01-13,2,1,1
2018-01-13,6,4,2
2018-01-13,6,4,2
2018-01-12,20,7,13
2018-01-12,16,8,8
2018-01-12,14,3,11
2018-01-12,37,13,24
2018-01-12,63,21,42
2018-01-12,199,56,143
2018-01-12,335,71,264
2018-01-12,206,56,150
2018-01-12,102,29,73
2018-01-12,67,27,40
2018-01-12,67,25,42
2018-01-12,35,19,16
2018-01-12,60,30,30
2018-01-12,79,34,45
2018-01-12,180,93,87
2018-01-12,325,165,160
2018-01-12,206,107,99
2018-01-12,75,44,31
2018-01-12,23,10,13
2018-01-12,3,1,2
2018-01-12,10,6,4
2018-01-12,3,1,2
2018-01-12,4,1,3
2018-01-12,11,6,5
2018-01-11,22,6,16
2018-01-11,26,9,17
2018-01-11,18,5,13
2018-01-11,55,12,43
2018-01-11,115,31,84
2018-01-11,220,67,153
2018-01-11,281,48,233
2018-01-11,160,50,110
2018-01-11,69,25,44
2018-01-11,35,20,15
2018-01-11,24,13,11
2018-01-11,17,7,10
2018-01-11,23,9,14
2018-01-11,35,18,17
2018-01-11,145,62,83
2018-01-11,229,132,97
2018-01-11,180,99,81
2018-01-11,62,33,29
2018-01-11,25,17,8
2018-01-11,6,5,1
2018-01-11,1,1,0
2018-01-11,2,1,1
2018-01-11,2,0,2
2018-01-11,4,0,4
2018-01-10,8,2,6
2018-01-10,11,4,7
2018-01-10,33,17,16
2018-01-10,61,15,46
2018-01-10,104,33,71
2018-01-10,263,74,189
2018-01-10,426,96,330
2018-01-10,204,62,142
2018-01-10,80,30,50
2018-01-10,58,23,35
2018-01-10,47,22,25
2018-01-10,41,17,24
2018-01-10,37,21,16
2018-01-10,84,36,48
2018-01-10,191,93,98
2018-01-10,386,218,168
2018-01-10,270,155,115
2018-01-10,95,63,32
2018-01-10,32,18,14
2018-01-10,6,4,2
2018-01-10,3,2,1
2018-01-10,2,1,1
2018-01-10,1,1,0
2018-01-10,7,1,6
2018-01-09,2,1,1
2018-01-09,27,13,14
2018-01-09,22,7,15
2018-01-09,51,20,31
2018-01-09,86,28,58
2018-01-09,223,46,177
2018-01-09,404,73,331
2018-01-09,172,47,125
2018-01-09,75,31,44
2018-01-09,36,21,15
2018-01-09,24,9,15
2018-01-09,41,15,26
2018-01-09,43,24,19
2018-01-09,71,30,41
2018-01-09,179,91,88
2018-01-09,348,191,157
2018-01-09,251,136,115
2018-01-09,115,67,48
2018-01-09,31,19,12
2018-01-09,5,3,2
2018-01-09,2,2,0
2018-01-09,1,0,1
2018-01-09,2,1,1
2018-01-09,4,0,4
2018-01-08,14,4,10
2018-01-08,15,7,8
2018-01-08,50,15,35
2018-01-08,48,21,27
2018-01-08,118,38,80
2018-01-08,340,106,234
2018-01-08,497,106,391
2018-01-08,261,70,191
2018-01-08,96,39,57
2018-01-08,79,31,48
2018-01-08,57,25,32
2018-01-08,52,26,26
2018-01-08,65,39,26
2018-01-08,84,43,41
2018-01-08,245,124,121
2018-01-08,419,227,192
2018-01-08,300,145,155
2018-01-08,119,67,52
2018-01-08,36,19,17
2018-01-08,9,2,7
2018-01-08,0,0,0
2018-01-08,1,0,1
2018-01-08,4,3,1
2018-01-08,0,0,0
2018-01-07,8,3,5
2018-01-07,5,2,3
2018-01-07,4,3,1
2018-01-07,5,2,3
2018-01-07,14,6,8
2018-01-07,19,9,10
2018-01-07,19,8,11
2018-01-07,31,18,13
2018-01-07,38,18,20
2018-01-07,40,19,21
2018-01-07,54,22,32
2018-01-07,44,25,19
2018-01-07,60,38,22
2018-01-07,34,18,16
2018-01-07,19,10,9
2018-01-07,17,7,10
2018-01-07,6,4,2
2018-01-07,2,2,0
2018-01-07,4,1,3
2018-01-07,3,2,1
2018-01-07,1,1,0
2018-01-07,5,2,3
2018-01-07,8,1,7
2018-01-07,8,3,5
2018-01-06,19,8,11
2018-01-06,6,2,4
2018-01-06,12,6,6
2018-01-06,22,6,16
2018-01-06,28,12,16
2018-01-06,39,24,15
2018-01-06,31,15,16
2018-01-06,69,25,44
2018-01-06,60,30,30
2018-01-06,57,34,23
2018-01-06,53,27,26
2018-01-06,38,25,13
2018-01-06,36,22,14
2018-01-06,29,15,14
2018-01-06,38,19,19
2018-01-06,39,12,27
2018-01-06,13,6,7
2018-01-06,11,8,3
2018-01-06,3,2,1
2018-01-06,3,2,1
2018-01-06,2,1,1
2018-01-06,5,1,4
2018-01-06,5,2,3
2018-01-06,11,9,2
2018-01-05,12,7,5
2018-01-05,18,10,8
2018-01-05,22,10,12
2018-01-05,32,11,21
2018-01-05,66,20,46
2018-01-05,188,42,146
2018-01-05,311,73,238
2018-01-05,178,40,138
2018-01-05,77,28,49
2018-01-05,40,20,20
2018-01-05,26,14,12
2018-01-05,34,18,16
2018-01-05,25,11,14
2018-01-05,47,28,19
2018-01-05,159,72,87
2018-01-05,327,175,152
2018-01-05,186,103,83
2018-01-05,66,39,27
2018-01-05,23,13,10
2018-01-05,10,4,6
2018-01-05,2,1,1
2018-01-05,3,2,1
2018-01-05,4,3,1
2018-01-05,10,5,5
2018-01-04,6,3,3
2018-01-04,17,9,8
2018-01-04,29,8,21
2018-01-04,53,12,41
2018-01-04,108,35,73
2018-01-04,264,83,181
2018-01-04,501,108,393
2018-01-04,210,58,152
2018-01-04,72,27,45
2018-01-04,62,26,36
2018-01-04,55,29,26
2018-01-04,58,28,30
2018-01-04,44,21,23
2018-01-04,78,40,38
2018-01-04,235,116,119
2018-01-04,388,213,175
2018-01-04,251,128,123
2018-01-04,91,53,38
2018-01-04,33,21,12
2018-01-04,7,5,2
2018-01-04,3,2,1
2018-01-04,2,2,0
2018-01-04,5,4,1
2018-01-04,6,2,4
2018-01-03,12,8,4
2018-01-03,18,7,11
2018-01-03,32,12,20
2018-01-03,64,19,45
2018-01-03,99,23,76
2018-01-03,262,75,187
2018-01-03,485,98,387
2018-01-03,265,76,189
2018-01-03,115,51,64
2018-01-03,78,36,42
2018-01-03,74,38,36
2018-01-03,61,36,25
2018-01-03,59,23,36
2018-01-03,87,45,42
2018-01-03,250,128,122
2018-01-03,406,233,173
2018-01-03,291,163,128
2018-01-03,116,68,48
2018-01-03,34,17,17
2018-01-03,6,3,3
2018-01-03,2,1,1
2018-01-03,2,1,1
2018-01-03,2,1,1
2018-01-03,7,3,4
2018-01-02,5,3,2
2018-01-02,14,5,9
2018-01-02,33,11,22
2018-01-02,32,10,22
2018-01-02,102,28,74
2018-01-02,240,57,183
2018-01-02,487,101,386
2018-01-02,230,59,171
2018-01-02,84,27,57
2018-01-02,51,22,29
2018-01-02,53,26,27
2018-01-02,68,37,31
2018-01-02,51,20,31
2018-01-02,56,22,34
2018-01-02,189,91,98
2018-01-02,409,222,187
2018-01-02,250,130,120
2018-01-02,94,60,34
2018-01-02,35,21,14
2018-01-02,10,4,6
2018-01-02,1,1,0
2018-01-02,1,1,0
2018-01-02,1,0,1
2018-01-02,2,1,1
2018-01-01,4,2,2
2018-01-01,9,1,8
2018-01-01,13,7,6
2018-01-01,13,5,8
2018-01-01,17,6,11
2018-01-01,12,7,5
2018-01-01,15,4,11
2018-01-01,62,26,36
2018-01-01,85,34,51
2018-01-01,95,46,49
2018-01-01,95,38,57
2018-01-01,50,24,26
2018-01-01,53,26,27
2018-01-01,48,19,29
2018-01-01,21,11,10
2018-01-01,11,6,5
2018-01-01,9,6,3
2018-01-01,6,2,4
2018-01-01,2,1,1
2018-01-01,0,0,0
2018-01-01,2,2,0
2018-01-01,8,4,4
2018-01-01,16,2,14
2018-01-01,28,14,14
2017-12-31,16,7,9
2017-12-31,13,7,6
2017-12-31,13,3,10
2017-12-31,14,6,8
2017-12-31,21,9,12
2017-12-31,20,3,17
2017-12-31,33,12,21
2017-12-31,57,32,25
2017-12-31,69,38,31
2017-12-31,90,54,36
2017-12-31,93,54,39
2017-12-31,86,41,45
2017-12-31,65,41,24
2017-12-31,47,27,20
2017-12-31,30,23,7
2017-12-31,22,13,9
2017-12-31,10,7,3
2017-12-31,6,0,6
2017-12-31,3,2,1
2017-12-31,5,3,2
2017-12-31,2,2,0
2017-12-31,2,0,2
2017-12-31,5,4,1
2017-12-31,12,3,9
2017-12-30,8,3,5
2017-12-30,12,9,3
2017-12-30,14,4,10
2017-12-30,26,5,21
2017-12-30,13,8,5
2017-12-30,26,17,9
2017-12-30,27,12,15
2017-12-30,89,41,48
2017-12-30,69,26,43
2017-12-30,75,43,32
2017-12-30,76,36,40
2017-12-30,78,40,38
2017-12-30,48,18,30
2017-12-30,60,29,31
2017-12-30,33,16,17
2017-12-30,29,17,12
2017-12-30,17,9,8
2017-12-30,9,2,7
2017-12-30,5,2,3
2017-12-30,3,2,1
2017-12-30,2,1,1
2017-12-30,1,1,0
2017-12-30,2,1,1
2017-12-30,3,1,2
2017-12-29,4,1,3
2017-12-29,6,3,3
2017-12-29,7,3,4
2017-12-29,10,5,5
2017-12-29,24,7,17
2017-12-29,29,15,14
2017-12-29,66,15,51
2017-12-29,60,23,37
2017-12-29,40,14,26
2017-12-29,35,16,19
2017-12-29,20,6,14
2017-12-29,15,6,9
2017-12-29,11,5,6
2017-12-29,27,14,13
2017-12-29,39,17,22
2017-12-29,70,36,34
2017-12-29,56,33,23
2017-12-29,35,24,11
2017-12-29,15,6,9
2017-12-29,5,2,3
2017-12-29,2,1,1
2017-12-29,2,1,1
2017-12-29,2,1,1
2017-12-29,11,3,8
2017-12-28,3,2,1
2017-12-28,14,6,8
2017-12-28,15,6,9
2017-12-28,18,8,10
2017-12-28,51,16,35
2017-12-28,51,15,36
2017-12-28,133,42,91
2017-12-28,101,30,71
2017-12-28,62,23,39
2017-12-28,30,9,21
2017-12-28,28,12,16
2017-12-28,37,15,22
2017-12-28,31,13,18
2017-12-28,37,18,19
2017-12-28,83,48,35
2017-12-28,117,65,52
2017-12-28,83,44,39
2017-12-28,43,21,22
2017-12-28,21,11,10
2017-12-28,8,4,4
2017-12-28,2,1,1
2017-12-28,2,1,1
2017-12-28,0,0,0
2017-12-28,2,1,1
2017-12-27,7,3,4
2017-12-27,10,6,4
2017-12-27,21,6,15
2017-12-27,27,3,24
2017-12-27,34,15,19
2017-12-27,62,23,39
2017-12-27,111,28,83
2017-12-27,133,47,86
2017-12-27,73,22,51
2017-12-27,45,20,25
2017-12-27,50,22,28
2017-12-27,41,25,16
2017-12-27,41,20,21
2017-12-27,33,15,18
2017-12-27,63,28,35
2017-12-27,118,60,58
2017-12-27,58,31,27
2017-12-27,42,25,17
2017-12-27,17,10,7
2017-12-27,4,3,1
2017-12-27,1,1,0
2017-12-27,0,0,0
2017-12-27,2,2,0
2017-12-27,4,3,1
2017-12-26,7,4,3
2017-12-26,4,1,3
2017-12-26,5,3,2
2017-12-26,19,12,7
2017-12-26,22,6,16
2017-12-26,24,5,19
2017-12-26,63,15,48
2017-12-26,67,28,39
2017-12-26,50,23,27
2017-12-26,38,18,20
2017-12-26,36,12,24
2017-12-26,22,11,11
2017-12-26,26,13,13
2017-12-26,34,14,20
2017-12-26,38,12,26
2017-12-26,41,23,18
2017-12-26,24,9,15
2017-12-26,12,5,7
2017-12-26,12,6,6
2017-12-26,8,4,4
2017-12-26,0,0,0
2017-12-26,0,0,0
2017-12-26,0,0,0
2017-12-26,2,0,2
2017-12-25,2,1,1
2017-12-25,1,0,1
2017-12-25,1,1,0
2017-12-25,3,3,0
2017-12-25,6,2,4
2017-12-25,5,1,4
2017-12-25,0,0,0
2017-12-25,2,1,1
2017-12-25,3,1,2
2017-12-25,6,2,4
2017-12-25,0,0,0
2017-12-25,5,3,2
2017-12-25,3,1,2
2017-12-25,4,3,1
2017-12-25,1,0,1
2017-12-25,1,0,1
2017-12-25,2,1,1
2017-12-25,0,0,0
2017-12-25,1,0,1
2017-12-25,0,0,0
2017-12-25,0,0,0
2017-12-25,0,0,0
2017-12-25,0,0,0
2017-12-25,2,0,2
2017-12-24,2,2,0
2017-12-24,1,0,1
2017-12-24,4,1,3
2017-12-24,0,0,0
2017-12-24,4,2,2
2017-12-24,6,3,3
2017-12-24,3,2,1
2017-12-24,10,6,4
2017-12-24,18,10,8
2017-12-24,27,16,11
2017-12-24,32,14,18
2017-12-24,24,12,12
2017-12-24,30,17,13
2017-12-24,23,12,11
2017-12-24,19,11,8
2017-12-24,21,10,11
2017-12-24,6,5,1
2017-12-24,4,3,1
2017-12-24,2,2,0
2017-12-24,4,2,2
2017-12-24,0,0,0
2017-12-24,1,1,0
2017-12-24,2,1,1
2017-12-24,5,2,3
2017-12-23,8,2,6
2017-12-23,5,1,4
2017-12-23,6,1,5
2017-12-23,8,3,5
2017-12-23,12,5,7
2017-12-23,21,6,15
2017-12-23,41,27,14
2017-12-23,28,16,12
2017-12-23,65,35,30
2017-12-23,87,48,39
2017-12-23,75,30,45
2017-12-23,59,29,30
2017-12-23,54,24,30
2017-12-23,28,16,12
2017-12-23,29,13,16
2017-12-23,25,12,13
2017-12-23,10,6,4
2017-12-23,7,4,3
2017-12-23,5,4,1
2017-12-23,2,1,1
2017-12-23,1,1,0
2017-12-23,3,2,1
2017-12-23,3,3,0
2017-12-23,4,3,1
2017-12-22,4,2,2
2017-12-22,17,9,8
2017-12-22,17,7,10
2017-12-22,21,5,16
2017-12-22,35,12,23
2017-12-22,63,23,40
2017-12-22,109,31,78
2017-12-22,130,41,89
2017-12-22,96,42,54
2017-12-22,89,36,53
2017-12-22,63,20,43
2017-12-22,36,14,22
2017-12-22,32,13,19
2017-12-22,49,22,27
2017-12-22,81,36,45
2017-12-22,120,61,59
2017-12-22,102,49,53
2017-12-22,54,38,16
2017-12-22,20,12,8
2017-12-22,6,4,2
2017-12-22,3,1,2
2017-12-22,0,0,0
2017-12-22,0,0,0
2017-12-22,12,4,8
2017-12-21,8,6,2
2017-12-21,14,6,8
2017-12-21,18,11,7
2017-12-21,35,10,25
2017-12-21,48,17,31
2017-12-21,129,47,82
2017-12-21,265,73,192
2017-12-21,204,60,144
2017-12-21,108,37,71
2017-12-21,69,31,38
2017-12-21,55,21,34
2017-12-21,48,19,29
2017-12-21,46,27,19
2017-12-21,66,28,38
2017-12-21,140,73,67
2017-12-21,239,122,117
2017-12-21,128,67,61
2017-12-21,67,35,32
2017-12-21,28,15,13
2017-12-21,4,2,2
2017-12-21,4,4,0
2017-12-21,3,3,0
2017-12-21,1,0,1
2017-12-21,9,3,6
2017-12-20,16,9,7
2017-12-20,17,7,10
2017-12-20,20,8,12
2017-12-20,45,16,29
2017-12-20,96,22,74
2017-12-20,166,50,116
2017-12-20,320,76,244
2017-12-20,201,52,149
2017-12-20,116,46,70
2017-12-20,81,32,49
2017-12-20,53,25,28
2017-12-20,58,19,39
2017-12-20,60,34,26
2017-12-20,93,41,52
2017-12-20,163,69,94
2017-12-20,282,153,129
2017-12-20,204,111,93
2017-12-20,87,47,40
2017-12-20,32,18,14
2017-12-20,8,2,6
2017-12-20,4,1,3
2017-12-20,0,0,0
2017-12-20,4,1,3
2017-12-20,7,3,4
2017-12-19,4,3,1
2017-12-19,14,5,9
2017-12-19,24,10,14
2017-12-19,37,19,18
2017-12-19,51,10,41
2017-12-19,157,46,111
2017-12-19,244,55,189
2017-12-19,137,30,107
2017-12-19,45,28,17
2017-12-19,26,9,17
2017-12-19,22,10,12
2017-12-19,23,8,15
2017-12-19,23,10,13
2017-12-19,46,16,30
2017-12-19,122,57,65
2017-12-19,175,100,75
2017-12-19,132,75,57
2017-12-19,65,38,27
2017-12-19,23,14,9
2017-12-19,8,4,4
2017-12-19,2,2,0
2017-12-19,3,0,3
2017-12-19,2,1,1
2017-12-19,2,0,2
2017-12-18,4,1,3
2017-12-18,14,3,11
2017-12-18,20,4,16
2017-12-18,37,16,21
2017-12-18,71,17,54
2017-12-18,201,48,153
2017-12-18,287,61,226
2017-12-18,149,33,116
2017-12-18,69,22,47
2017-12-18,34,15,19
2017-12-18,32,8,24
2017-12-18,31,17,14
2017-12-18,34,14,20
2017-12-18,45,16,29
2017-12-18,169,73,96
2017-12-18,278,153,125
2017-12-18,177,97,80
2017-12-18,83,50,33
2017-12-18,20,14,6
2017-12-18,6,2,4
2017-12-18,3,1,2
2017-12-18,1,1,0
2017-12-18,2,1,1
2017-12-18,1,1,0
2017-12-17,5,0,5
2017-12-17,5,2,3
2017-12-17,10,4,6
2017-12-17,8,3,5
2017-12-17,19,10,9
2017-12-17,22,8,14
2017-12-17,30,12,18
2017-12-17,32,16,16
2017-12-17,30,14,16
2017-12-17,46,25,21
2017-12-17,52,27,25
2017-12-17,44,23,21
2017-12-17,43,26,17
2017-12-17,43,27,16
2017-12-17,27,16,11
2017-12-17,18,11,7
2017-12-17,7,4,3
2017-12-17,4,2,2
2017-12-17,5,4,1
2017-12-17,3,2,1
2017-12-17,1,1,0
2017-12-17,10,8,2
2017-12-17,2,1,1
2017-12-17,3,0,3
2017-12-16,13,6,7
2017-12-16,2,2,0
2017-12-16,14,5,9
2017-12-16,21,6,15
2017-12-16,30,13,17
2017-12-16,33,19,14
2017-12-16,53,28,25
2017-12-16,57,25,32
2017-12-16,67,35,32
2017-12-16,91,39,52
2017-12-16,78,41,37
2017-12-16,79,48,31
2017-12-16,83,46,37
2017-12-16,44,24,20
2017-12-16,38,19,19
2017-12-16,40,14,26
2017-12-16,20,11,9
2017-12-16,10,6,4
2017-12-16,8,5,3
2017-12-16,4,2,2
2017-12-16,1,0,1
2017-12-16,6,4,2
2017-12-16,6,3,3
2017-12-16,8,5,3
2017-12-15,19,11,8
2017-12-15,19,12,7
2017-12-15,28,14,14
2017-12-15,13,9,4
2017-12-15,70,20,50
2017-12-15,152,49,103
2017-12-15,296,68,228
2017-12-15,189,46,143
2017-12-15,80,31,49
2017-12-15,62,20,42
2017-12-15,52,18,34
2017-12-15,55,27,28
2017-12-15,56,24,32
2017-12-15,87,38,49
2017-12-15,154,78,76
2017-12-15,298,164,134
2017-12-15,191,106,85
2017-12-15,62,39,23
2017-12-15,27,14,13
2017-12-15,6,2,4
2017-12-15,4,0,4
2017-12-15,3,2,1
2017-12-15,10,3,7
2017-12-15,9,5,4
2017-12-14,16,8,8
2017-12-14,29,9,20
2017-12-14,44,13,31
2017-12-14,52,13,39
2017-12-14,104,36,68
2017-12-14,239,61,178
2017-12-14,406,105,301
2017-12-14,238,64,174
2017-12-14,110,45,65
2017-12-14,85,41,44
2017-12-14,64,26,38
2017-12-14,44,20,24
2017-12-14,58,28,30
2017-12-14,97,52,45
2017-12-14,204,92,112
2017-12-14,373,194,179
2017-12-14,253,147,106
2017-12-14,97,51,46
2017-12-14,36,18,18
2017-12-14,3,1,2
2017-12-14,3,2,1
2017-12-14,3,2,1
2017-12-14,4,4,0
2017-12-14,7,0,7
2017-12-13,17,4,13
2017-12-13,21,9,12
2017-12-13,49,13,36
2017-12-13,62,13,49
2017-12-13,130,33,97
2017-12-13,280,85,195
2017-12-13,419,89,330
2017-12-13,219,63,156
2017-12-13,115,39,76
2017-12-13,100,40,60
2017-12-13,69,24,45
2017-12-13,60,29,31
2017-12-13,54,32,22
2017-12-13,95,41,54
2017-12-13,240,102,138
2017-12-13,392,226,166
2017-12-13,274,147,127
2017-12-13,92,50,42
2017-12-13,32,22,10
2017-12-13,7,3,4
2017-12-13,3,1,2
2017-12-13,3,2,1
2017-12-13,3,1,2
2017-12-13,5,0,5
2017-12-12,8,3,5
2017-12-12,23,10,13
2017-12-12,35,13,22
2017-12-12,67,27,40
2017-12-12,148,37,111
2017-12-12,280,85,195
2017-12-12,400,69,331
2017-12-12,217,66,151
2017-12-12,118,48,70
2017-12-12,48,15,33
2017-12-12,71,35,36
2017-12-12,55,30,25
2017-12-12,56,29,27
2017-12-12,107,44,63
2017-12-12,214,106,108
2017-12-12,391,209,182
2017-12-12,254,141,113
2017-12-12,98,55,43
2017-12-12,32,20,12
2017-12-12,12,5,7
2017-12-12,4,2,2
2017-12-12,2,0,2
2017-12-12,2,1,1
2017-12-12,3,1,2
2017-12-11,10,5,5
2017-12-11,21,4,17
2017-12-11,39,10,29
2017-12-11,51,15,36
2017-12-11,103,28,75
2017-12-11,250,62,188
2017-12-11,400,81,319
2017-12-11,220,57,163
2017-12-11,96,34,62
2017-12-11,68,26,42
2017-12-11,47,25,22
2017-12-11,64,29,35
2017-12-11,50,23,27
2017-12-11,68,26,42
2017-12-11,207,91,116
2017-12-11,363,197,166
2017-12-11,219,114,105
2017-12-11,91,47,44
2017-12-11,28,15,13
2017-12-11,8,3,5
2017-12-11,1,0,1
2017-12-11,1,1,0
2017-12-11,0,0,0
2017-12-11,5,0,5
2017-12-10,6,2,4
2017-12-10,9,2,7
2017-12-10,17,11,6
2017-12-10,11,4,7
2017-12-10,22,8,14
2017-12-10,41,19,22
2017-12-10,35,15,20
2017-12-10,71,37,34
2017-12-10,125,64,61
2017-12-10,121,64,57
2017-12-10,115,66,49
2017-12-10,78,41,37
2017-12-10,91,49,42
2017-12-10,46,22,24
2017-12-10,28,9,19
2017-12-10,24,14,10
2017-12-10,18,10,8
2017-12-10,4,1,3
2017-12-10,4,3,1
2017-12-10,5,2,3
2017-12-10,0,0,0
2017-12-10,3,2,1
2017-12-10,12,5,7
2017-12-10,11,5,6
2017-12-09,16,3,13
2017-12-09,19,6,13
2017-12-09,12,6,6
2017-12-09,12,4,8
2017-12-09,23,7,16
2017-12-09,27,10,17
2017-12-09,39,17,22
2017-12-09,66,28,38
2017-12-09,101,56,45
2017-12-09,95,44,51
2017-12-09,80,37,43
2017-12-09,85,45,40
2017-12-09,61,31,30
2017-12-09,44,21,23
2017-12-09,37,23,14
2017-12-09,30,15,15
2017-12-09,15,9,6
2017-12-09,7,4,3
2017-12-09,5,3,2
2017-12-09,6,4,2
2017-12-09,6,2,4
2017-12-09,3,2,1
2017-12-09,3,2,1
2017-12-09,18,5,13
2017-12-08,21,9,12
2017-12-08,13,3,10
2017-12-08,25,8,17
2017-12-08,41,16,25
2017-12-08,62,15,47
2017-12-08,187,39,148
2017-12-08,310,73,237
2017-12-08,224,61,163
2017-12-08,106,38,68
2017-12-08,80,39,41
2017-12-08,67,32,35
2017-12-08,54,22,32
2017-12-08,68,30,38
2017-12-08,88,42,46
2017-12-08,164,66,98
2017-12-08,296,158,138
2017-12-08,170,96,74
2017-12-08,56,28,28
2017-12-08,25,14,11
2017-12-08,7,3,4
2017-12-08,4,1,3
2017-12-08,4,3,1
2017-12-08,1,1,0
2017-12-08,7,3,4
2017-12-07,17,4,13
2017-12-07,31,8,23
2017-12-07,51,15,36
2017-12-07,60,15,45
2017-12-07,121,31,90
2017-12-07,271,62,209
2017-12-07,385,94,291
2017-12-07,243,87,156
2017-12-07,124,46,78
2017-12-07,78,40,38
2017-12-07,89,46,43
2017-12-07,64,30,34
2017-12-07,73,45,28
2017-12-07,95,47,48
2017-12-07,194,85,109
2017-12-07,389,193,196
2017-12-07,254,145,109
2017-12-07,87,55,32
2017-12-07,32,19,13
2017-12-07,7,3,4
2017-12-07,2,2,0
2017-12-07,3,2,1
2017-12-07,9,4,5
2017-12-07,11,5,6
2017-12-06,12,3,9
2017-12-06,31,10,21
2017-12-06,54,14,40
2017-12-06,75,17,58
2017-12-06,122,23,99
2017-12-06,287,81,206
2017-12-06,420,103,317
2017-12-06,258,77,181
2017-12-06,120,51,69
2017-12-06,87,41,46
2017-12-06,95,50,45
2017-12-06,70,34,36
2017-12-06,61,28,33
2017-12-06,113,54,59
2017-12-06,230,110,120
2017-12-06,396,206,190
2017-12-06,319,170,149
2017-12-06,98,58,40
2017-12-06,35,22,13
2017-12-06,7,3,4
2017-12-06,2,1,1
2017-12-06,3,1,2
2017-12-06,1,0,1
2017-12-06,6,1,5
2017-12-05,15,4,11
2017-12-05,33,15,18
2017-12-05,48,14,34
2017-12-05,68,22,46
2017-12-05,119,38,81
2017-12-05,323,92,231
2017-12-05,485,109,376
2017-12-05,239,70,169
2017-12-05,125,58,67
2017-12-05,91,41,50
2017-12-05,61,36,25
2017-12-05,63,34,29
2017-12-05,64,40,24
2017-12-05,93,47,46
2017-12-05,248,122,126
2017-12-05,414,215,199
2017-12-05,285,161,124
2017-12-05,116,65,51
2017-12-05,34,21,13
2017-12-05,9,3,6
2017-12-05,3,2,1
2017-12-05,4,2,2
2017-12-05,6,2,4
2017-12-05,3,1,2
2017-12-04,11,3,8
2017-12-04,27,9,18
2017-12-04,30,12,18
2017-12-04,57,16,41
2017-12-04,158,40,118
2017-12-04,334,89,245
2017-12-04,501,110,391
2017-12-04,228,56,172
2017-12-04,112,40,72
2017-12-04,71,23,48
2017-12-04,69,33,36
2017-12-04,59,28,31
2017-12-04,52,25,27
2017-12-04,90,43,47
2017-12-04,247,122,125
2017-12-04,441,245,196
2017-12-04,269,157,112
2017-12-04,96,55,41
2017-12-04,45,26,19
2017-12-04,9,3,6
2017-12-04,2,0,2
2017-12-04,0,0,0
2017-12-04,1,0,1
2017-12-04,4,0,4
2017-12-03,8,6,2
2017-12-03,11,5,6
2017-12-03,9,0,9
2017-12-03,11,1,10
2017-12-03,22,10,12
2017-12-03,18,6,12
2017-12-03,27,12,15
2017-12-03,56,26,30
2017-12-03,81,36,45
2017-12-03,84,48,36
2017-12-03,97,49,48
2017-12-03,68,37,31
2017-12-03,103,56,47
2017-12-03,72,41,31
2017-12-03,40,21,19
2017-12-03,44,26,18
2017-12-03,14,7,7
2017-12-03,8,5,3
2017-12-03,3,1,2
2017-12-03,4,2,2
2017-12-03,6,4,2
2017-12-03,3,3,0
2017-12-03,3,2,1
2017-12-03,5,1,4
2017-12-02,8,3,5
2017-12-02,10,3,7
2017-12-02,6,3,3
2017-12-02,5,3,2
2017-12-02,13,5,8
2017-12-02,27,20,7
2017-12-02,22,5,17
2017-12-02,16,7,9
2017-12-02,26,16,10
2017-12-02,20,6,14
2017-12-02,28,13,15
2017-12-02,27,17,10
2017-12-02,29,18,11
2017-12-02,23,16,7
2017-12-02,31,15,16
2017-12-02,34,16,18
2017-12-02,10,5,5
2017-12-02,11,10,1
2017-12-02,2,1,1
2017-12-02,1,0,1
2017-12-02,2,2,0
2017-12-02,2,1,1
2017-12-02,15,3,12
2017-12-02,15,5,10
2017-12-01,15,9,6
2017-12-01,20,9,11
2017-12-01,30,11,19
2017-12-01,30,7,23
2017-12-01,73,20,53
2017-12-01,178,44,134
2017-12-01,400,85,315
2017-12-01,188,49,139
2017-12-01,78,26,52
2017-12-01,45,13,32
2017-12-01,63,26,37
2017-12-01,53,21,32
2017-12-01,72,33,39
2017-12-01,83,43,40
2017-12-01,202,96,106
2017-12-01,344,193,151
2017-12-01,212,118,94
2017-12-01,74,38,36
2017-12-01,30,20,10
2017-12-01,4,2,2
2017-12-01,4,3,1
2017-12-01,6,1,5
2017-12-01,6,3,3
2017-12-01,11,4,7
2017-11-30,9,5,4
2017-11-30,28,12,16
2017-11-30,39,14,25
2017-11-30,47,16,31
2017-11-30,98,28,70
2017-11-30,200,50,150
2017-11-30,328,74,254
2017-11-30,189,58,131
2017-11-30,80,36,44
2017-11-30,49,26,23
2017-11-30,45,23,22
2017-11-30,36,17,19
2017-11-30,37,19,18
2017-11-30,55,28,27
2017-11-30,158,84,74
2017-11-30,286,162,124
2017-11-30,229,123,106
2017-11-30,97,53,44
2017-11-30,36,24,12
2017-11-30,9,4,5
2017-11-30,2,2,0
2017-11-30,2,1,1
2017-11-30,2,1,1
2017-11-30,13,2,11
2017-11-29,19,8,11
2017-11-29,19,5,14
2017-11-29,40,19,21
2017-11-29,91,35,56
2017-11-29,122,32,90
2017-11-29,311,88,223
2017-11-29,496,113,383
2017-11-29,277,81,196
2017-11-29,149,63,86
2017-11-29,84,40,44
2017-11-29,83,35,48
2017-11-29,65,21,44
2017-11-29,59,34,25
2017-11-29,86,35,51
2017-11-29,260,123,137
2017-11-29,431,239,192
2017-11-29,328,187,141
2017-11-29,134,78,56
2017-11-29,37,20,17
2017-11-29,8,2,6
2017-11-29,4,2,2
2017-11-29,5,2,3
2017-11-29,4,2,2
2017-11-29,7,2,5
2017-11-28,6,1,5
2017-11-28,22,8,14
2017-11-28,41,10,31
2017-11-28,52,14,38
2017-11-28,90,27,63
2017-11-28,284,60,224
2017-11-28,405,86,319
2017-11-28,184,49,135
2017-11-28,75,33,42
2017-11-28,39,21,18
2017-11-28,31,9,22
2017-11-28,36,18,18
2017-11-28,26,12,14
2017-11-28,61,26,35
2017-11-28,184,89,95
2017-11-28,361,183,178
2017-11-28,290,157,133
2017-11-28,96,48,48
2017-11-28,26,13,13
2017-11-28,9,5,4
2017-11-28,2,1,1
2017-11-28,4,1,3
2017-11-28,2,0,2
2017-11-28,5,0,5
2017-11-27,19,8,11
2017-11-27,20,5,15
2017-11-27,47,20,27
2017-11-27,66,21,45
2017-11-27,143,45,98
2017-11-27,339,93,246
2017-11-27,529,104,425
2017-11-27,288,73,215
2017-11-27,112,42,70
2017-11-27,74,27,47
2017-11-27,58,26,32
2017-11-27,57,27,30
2017-11-27,38,17,21
2017-11-27,98,45,53
2017-11-27,199,90,109
2017-11-27,493,258,235
2017-11-27,342,200,142
2017-11-27,124,65,59
2017-11-27,41,28,13
2017-11-27,8,3,5
2017-11-27,0,0,0
2017-11-27,1,0,1
2017-11-27,1,0,1
2017-11-27,1,0,1
2017-11-26,5,1,4
2017-11-26,4,2,2
2017-11-26,8,5,3
2017-11-26,10,5,5
2017-11-26,16,6,10
2017-11-26,17,9,8
2017-11-26,25,9,16
2017-11-26,33,16,17
2017-11-26,22,16,6
2017-11-26,32,15,17
2017-11-26,19,8,11
2017-11-26,50,25,25
2017-11-26,70,34,36
2017-11-26,55,26,29
2017-11-26,28,16,12
2017-11-26,17,9,8
2017-11-26,9,7,2
2017-11-26,9,2,7
2017-11-26,2,2,0
2017-11-26,3,1,2
2017-11-26,2,2,0
2017-11-26,1,1,0
2017-11-26,0,0,0
2017-11-26,5,2,3
2017-11-25,18,4,14
2017-11-25,15,6,9
2017-11-25,21,6,15
2017-11-25,25,12,13
2017-11-25,11,4,7
2017-11-25,17,7,10
2017-11-25,34,18,16
2017-11-25,42,14,28
2017-11-25,73,33,40
2017-11-25,74,36,38
2017-11-25,104,45,59
2017-11-25,101,60,41
2017-11-25,79,38,41
2017-11-25,82,49,33
2017-11-25,53,29,24
2017-11-25,49,24,25
2017-11-25,17,12,5
2017-11-25,11,4,7
2017-11-25,10,3,7
2017-11-25,3,2,1
2017-11-25,1,1,0
2017-11-25,0,0,0
2017-11-25,10,7,3
2017-11-25,8,6,2
2017-11-24,10,2,8
2017-11-24,5,2,3
2017-11-24,29,15,14
2017-11-24,14,6,8
2017-11-24,17,8,9
2017-11-24,37,15,22
2017-11-24,32,10,22
2017-11-24,67,27,40
2017-11-24,74,30,44
2017-11-24,71,34,37
2017-11-24,88,58,30
2017-11-24,69,41,28
2017-11-24,96,58,38
2017-11-24,65,34,31
2017-11-24,56,26,30
2017-11-24,52,27,25
2017-11-24,29,12,17
2017-11-24,23,8,15
2017-11-24,9,6,3
2017-11-24,5,2,3
2017-11-24,0,0,0
2017-11-24,4,0,4
2017-11-24,2,1,1
2017-11-24,9,4,5
2017-11-23,5,1,4
2017-11-23,8,3,5
2017-11-23,14,4,10
2017-11-23,40,7,33
2017-11-23,8,1,7
2017-11-23,12,5,7
2017-11-23,20,9,11
2017-11-23,11,4,7
2017-11-23,29,17,12
2017-11-23,40,25,15
2017-11-23,18,12,6
2017-11-23,16,6,10
2017-11-23,35,14,21
2017-11-23,26,14,12
2017-11-23,25,13,12
2017-11-23,23,10,13
2017-11-23,11,8,3
2017-11-23,7,3,4
2017-11-23,2,1,1
2017-11-23,1,0,1
2017-11-23,4,3,1
2017-11-23,8,5,3
2017-11-23,4,2,2
2017-11-23,3,1,2
2017-11-22,6,4,2
2017-11-22,6,1,5
2017-11-22,17,4,13
2017-11-22,34,16,18
2017-11-22,57,25,32
2017-11-22,115,46,69
2017-11-22,229,59,170
2017-11-22,215,67,148
2017-11-22,151,46,105
2017-11-22,114,42,72
2017-11-22,73,28,45
2017-11-22,58,18,40
2017-11-22,55,27,28
2017-11-22,77,45,32
2017-11-22,152,71,81
2017-11-22,255,138,117
2017-11-22,200,103,97
2017-11-22,69,41,28
2017-11-22,23,11,12
2017-11-22,5,2,3
2017-11-22,3,2,1
2017-11-22,3,1,2
2017-11-22,2,1,1
2017-11-22,3,0,3
2017-11-21,4,2,2
2017-11-21,12,6,6
2017-11-21,20,10,10
2017-11-21,33,11,22
2017-11-21,84,26,58
2017-11-21,188,49,139
2017-11-21,310,48,262
2017-11-21,139,43,96
2017-11-21,54,22,32
2017-11-21,35,18,17
2017-11-21,35,13,22
2017-11-21,24,11,13
2017-11-21,30,11,19
2017-11-21,37,15,22
2017-11-21,146,65,81
2017-11-21,253,137,116
2017-11-21,184,95,89
2017-11-21,68,33,35
2017-11-21,28,17,11
2017-11-21,10,3,7
2017-11-21,2,2,0
2017-11-21,1,0,1
2017-11-21,3,3,0
2017-11-21,7,1,6
2017-11-20,6,1,5
2017-11-20,24,11,13
2017-11-20,28,9,19
2017-11-20,37,13,24
2017-11-20,107,32,75
2017-11-20,217,47,170
2017-11-20,339,67,272
2017-11-20,162,41,121
2017-11-20,73,21,52
2017-11-20,39,19,20
2017-11-20,51,28,23
2017-11-20,49,24,25
2017-11-20,43,17,26
2017-11-20,65,27,38
2017-11-20,164,83,81
2017-11-20,263,146,117
2017-11-20,191,110,81
2017-11-20,89,51,38
2017-11-20,26,15,11
2017-11-20,8,5,3
2017-11-20,1,1,0
2017-11-20,1,0,1
2017-11-20,2,1,1
2017-11-20,3,1,2
2017-11-19,5,3,2
2017-11-19,6,5,1
2017-11-19,8,5,3
2017-11-19,7,4,3
2017-11-19,16,8,8
2017-11-19,19,10,9
2017-11-19,17,11,6
2017-11-19,27,14,13
2017-11-19,39,17,22
2017-11-19,61,24,37
2017-11-19,79,41,38
2017-11-19,77,47,30
2017-11-19,77,53,24
2017-11-19,75,43,32
2017-11-19,60,19,41
2017-11-19,53,26,27
2017-11-19,20,10,10
2017-11-19,8,3,5
2017-11-19,4,4,0
2017-11-19,3,1,2
2017-11-19,1,1,0
2017-11-19,9,6,3
2017-11-19,11,7,4
2017-11-19,22,10,12
2017-11-18,37,18,19
2017-11-18,19,6,13
2017-11-18,31,12,19
2017-11-18,21,5,16
2017-11-18,30,10,20
2017-11-18,62,28,34
2017-11-18,78,33,45
2017-11-18,114,61,53
2017-11-18,148,73,75
2017-11-18,188,88,100
2017-11-18,167,76,91
2017-11-18,132,61,71
2017-11-18,91,52,39
2017-11-18,89,53,36
2017-11-18,97,53,44
2017-11-18,77,35,42
2017-11-18,28,11,17
2017-11-18,13,7,6
2017-11-18,6,2,4
2017-11-18,7,4,3
2017-11-18,1,1,0
2017-11-18,7,5,2
2017-11-18,10,5,5
2017-11-18,27,10,17
2017-11-17,20,10,10
2017-11-17,36,13,23
2017-11-17,38,15,23
2017-11-17,52,15,37
2017-11-17,102,22,80
2017-11-17,230,57,173
2017-11-17,423,100,323
2017-11-17,247,58,189
2017-11-17,126,52,74
2017-11-17,107,46,61
2017-11-17,94,45,49
2017-11-17,83,36,47
2017-11-17,74,39,35
2017-11-17,99,49,50
2017-11-17,207,102,105
2017-11-17,389,205,184
2017-11-17,279,150,129
2017-11-17,106,46,60
2017-11-17,24,17,7
2017-11-17,9,5,4
2017-11-17,4,3,1
2017-11-17,1,0,1
2017-11-17,2,1,1
2017-11-17,9,1,8
2017-11-16,16,7,9
2017-11-16,26,12,14
2017-11-16,49,19,30
2017-11-16,59,20,39
2017-11-16,122,28,94
2017-11-16,278,72,206
2017-11-16,429,81,348
2017-11-16,209,59,150
2017-11-16,78,27,51
2017-11-16,57,23,34
2017-11-16,37,16,21
2017-11-16,28,12,16
2017-11-16,47,22,25
2017-11-16,73,33,40
2017-11-16,207,103,104
2017-11-16,371,194,177
2017-11-16,316,162,154
2017-11-16,99,52,47
2017-11-16,34,22,12
2017-11-16,6,2,4
2017-11-16,3,2,1
2017-11-16,2,0,2
2017-11-16,1,0,1
2017-11-16,7,0,7
2017-11-15,15,4,11
2017-11-15,21,9,12
2017-11-15,33,13,20
2017-11-15,75,21,54
2017-11-15,105,36,69
2017-11-15,250,68,182
2017-11-15,391,94,297
2017-11-15,187,56,131
2017-11-15,84,34,50
2017-11-15,49,26,23
2017-11-15,41,19,22
2017-11-15,45,23,22
2017-11-15,28,15,13
2017-11-15,82,41,41
2017-11-15,171,80,91
2017-11-15,277,138,139
2017-11-15,229,123,106
2017-11-15,87,48,39
2017-11-15,28,19,9
2017-11-15,8,4,4
2017-11-15,1,1,0
2017-11-15,3,2,1
2017-11-15,0,0,0
2017-11-15,5,1,4
2017-11-14,10,4,6
2017-11-14,26,16,10
2017-11-14,43,18,25
2017-11-14,73,22,51
2017-11-14,128,40,88
2017-11-14,261,67,194
2017-11-14,422,95,327
2017-11-14,199,52,147
2017-11-14,89,30,59
2017-11-14,51,24,27
2017-11-14,47,15,32
2017-11-14,50,25,25
2017-11-14,44,22,22
2017-11-14,73,38,35
2017-11-14,181,79,102
2017-11-14,397,210,187
2017-11-14,260,129,131
2017-11-14,88,47,41
2017-11-14,20,16,4
2017-11-14,7,3,4
2017-11-14,3,0,3
2017-11-14,3,1,2
2017-11-14,2,0,2
2017-11-14,5,1,4
2017-11-13,9,4,5
2017-11-13,14,6,8
2017-11-13,27,12,15
2017-11-13,41,11,30
2017-11-13,66,16,50
2017-11-13,188,53,135
2017-11-13,322,48,274
2017-11-13,140,33,107
2017-11-13,83,21,62
2017-11-13,52,30,22
2017-11-13,48,24,24
2017-11-13,42,21,21
2017-11-13,41,20,21
2017-11-13,70,30,40
2017-11-13,184,92,92
2017-11-13,386,211,175
2017-11-13,246,126,120
2017-11-13,87,56,31
2017-11-13,24,12,12
2017-11-13,3,1,2
2017-11-13,1,0,1
2017-11-13,0,0,0
2017-11-13,2,0,2
2017-11-13,1,1,0
2017-11-12,9,1,8
2017-11-12,4,2,2
2017-11-12,7,3,4
2017-11-12,13,6,7
2017-11-12,14,5,9
2017-11-12,18,8,10
2017-11-12,31,14,17
2017-11-12,35,18,17
2017-11-12,32,18,14
2017-11-12,47,27,20
2017-11-12,82,42,40
2017-11-12,64,35,29
2017-11-12,83,43,40
2017-11-12,45,23,22
2017-11-12,33,21,12
2017-11-12,21,12,9
2017-11-12,5,1,4
2017-11-12,5,3,2
2017-11-12,3,3,0
2017-11-12,3,2,1
2017-11-12,0,0,0
2017-11-12,3,1,2
2017-11-12,5,4,1
2017-11-12,17,9,8
2017-11-11,13,7,6
2017-11-11,20,4,16
2017-11-11,13,5,8
2017-11-11,27,11,16
2017-11-11,18,11,7
2017-11-11,41,22,19
2017-11-11,26,11,15
2017-11-11,41,20,21
2017-11-11,72,28,44
2017-11-11,38,13,25
2017-11-11,30,14,16
2017-11-11,39,19,20
2017-11-11,53,33,20
2017-11-11,47,26,21
2017-11-11,53,27,26
2017-11-11,60,25,35
2017-11-11,23,12,11
2017-11-11,8,4,4
2017-11-11,2,0,2
2017-11-11,3,2,1
2017-11-11,0,0,0
2017-11-11,4,2,2
2017-11-11,10,5,5
2017-11-11,10,2,8
2017-11-10,23,10,13
2017-11-10,23,8,15
2017-11-10,31,6,25
2017-11-10,35,13,22
2017-11-10,85,26,59
2017-11-10,186,45,141
2017-11-10,326,79,247
2017-11-10,239,64,175
2017-11-10,173,73,100
2017-11-10,119,56,63
2017-11-10,116,57,59
2017-11-10,77,31,46
2017-11-10,78,40,38
2017-11-10,86,39,47
2017-11-10,176,82,94
2017-11-10,320,172,148
2017-11-10,204,105,99
2017-11-10,63,34,29
2017-11-10,16,12,4
2017-11-10,7,2,5
2017-11-10,4,3,1
2017-11-10,6,2,4
2017-11-10,3,2,1
2017-11-10,12,6,6
2017-11-09,19,4,15
2017-11-09,33,7,26
2017-11-09,45,17,28
2017-11-09,58,25,33
2017-11-09,125,39,86
2017-11-09,224,51,173
2017-11-09,404,83,321
2017-11-09,187,49,138
2017-11-09,77,32,45
2017-11-09,39,21,18
2017-11-09,34,12,22
2017-11-09,25,16,9
2017-11-09,37,17,20
2017-11-09,69,36,33
2017-11-09,211,111,100
2017-11-09,335,197,138
2017-11-09,263,140,123
2017-11-09,95,50,45
2017-11-09,28,19,9
2017-11-09,3,2,1
2017-11-09,3,1,2
2017-11-09,0,0,0
2017-11-09,2,2,0
2017-11-09,10,4,6
2017-11-08,15,4,11
2017-11-08,17,3,14
2017-11-08,41,15,26
2017-11-08,78,18,60
2017-11-08,127,28,99
2017-11-08,274,79,195
2017-11-08,442,94,348
2017-11-08,228,58,170
2017-11-08,114,48,66
2017-11-08,76,32,44
2017-11-08,67,35,32
2017-11-08,72,42,30
2017-11-08,51,28,23
2017-11-08,88,38,50
2017-11-08,215,99,116
2017-11-08,438,226,212
2017-11-08,357,194,163
2017-11-08,123,71,52
2017-11-08,32,20,12
2017-11-08,5,3,2
2017-11-08,6,3,3
2017-11-08,2,0,2
2017-11-08,2,0,2
2017-11-08,9,4,5
2017-11-07,11,4,7
2017-11-07,27,8,19
2017-11-07,53,20,33
2017-11-07,73,20,53
2017-11-07,151,47,104
2017-11-07,341,92,249
2017-11-07,539,115,424
2017-11-07,293,80,213
2017-11-07,115,44,71
2017-11-07,73,34,39
2017-11-07,65,30,35
2017-11-07,62,32,30
2017-11-07,71,31,40
2017-11-07,94,43,51
2017-11-07,241,115,126
2017-11-07,477,267,210
2017-11-07,372,201,171
2017-11-07,154,77,77
2017-11-07,36,21,15
2017-11-07,9,4,5
2017-11-07,1,0,1
2017-11-07,2,0,2
2017-11-07,3,0,3
2017-11-07,5,3,2
2017-11-06,11,5,6
2017-11-06,23,11,12
2017-11-06,43,16,27
2017-11-06,60,14,46
2017-11-06,122,35,87
2017-11-06,346,100,246
2017-11-06,557,104,453
2017-11-06,263,69,194
2017-11-06,138,49,89
2017-11-06,81,42,39
2017-11-06,101,46,55
2017-11-06,68,30,38
2017-11-06,65,26,39
2017-11-06,86,37,49
2017-11-06,250,120,130
2017-11-06,480,259,221
2017-11-06,377,210,167
2017-11-06,119,69,50
2017-11-06,29,19,10
2017-11-06,0,0,0
2017-11-06,0,0,0
2017-11-06,1,0,1
2017-11-06,0,0,0
2017-11-06,2,2,0
2017-11-05,8,4,4
2017-11-05,8,3,5
2017-11-05,14,8,6
2017-11-05,9,2,7
2017-11-05,9,4,5
2017-11-05,21,12,9
2017-11-05,29,16,13
2017-11-05,26,14,12
2017-11-05,15,8,7
2017-11-05,25,11,14
2017-11-05,22,6,16
2017-11-05,20,10,10
2017-11-05,21,12,9
2017-11-05,20,8,12
2017-11-05,25,14,11
2017-11-05,13,7,6
2017-11-05,8,4,4
2017-11-05,4,2,2
2017-11-05,4,2,2
2017-11-05,3,2,1
2017-11-05,3,1,2
2017-11-05,1,1,0
2017-11-05,4,3,1
2017-11-05,3,0,3
2017-11-04,12,7,5
2017-11-04,17,8,9
2017-11-04,15,6,9
2017-11-04,17,11,6
2017-11-04,17,7,10
2017-11-04,19,8,11
2017-11-04,41,20,21
2017-11-04,60,31,29
2017-11-04,51,30,21
2017-11-04,59,30,29
2017-11-04,87,48,39
2017-11-04,89,51,38
2017-11-04,82,40,42
2017-11-04,62,39,23
2017-11-04,43,25,18
2017-11-04,42,21,21
2017-11-04,16,7,9
2017-11-04,11,6,5
2017-11-04,1,1,0
2017-11-04,3,2,1
2017-11-04,2,1,1
2017-11-04,2,0,2
2017-11-04,4,2,2
2017-11-04,13,6,7
2017-11-03,14,8,6
2017-11-03,10,6,4
2017-11-03,22,10,12
2017-11-03,42,17,25
2017-11-03,59,16,43
2017-11-03,189,56,133
2017-11-03,350,76,274
2017-11-03,163,49,114
2017-11-03,81,25,56
2017-11-03,43,25,18
2017-11-03,42,17,25
2017-11-03,40,20,20
2017-11-03,44,20,24
2017-11-03,71,32,39
2017-11-03,188,93,95
2017-11-03,332,170,162
2017-11-03,209,120,89
2017-11-03,67,38,29
2017-11-03,16,8,8
2017-11-03,5,2,3
2017-11-03,1,1,0
2017-11-03,2,1,1
2017-11-03,4,1,3
2017-11-03,5,2,3
2017-11-02,14,5,9
2017-11-02,39,10,29
2017-11-02,42,8,34
2017-11-02,56,23,33
2017-11-02,139,43,96
2017-11-02,293,72,221
2017-11-02,498,124,374
2017-11-02,222,63,159
2017-11-02,103,36,67
2017-11-02,56,20,36
2017-11-02,39,16,23
2017-11-02,37,18,19
2017-11-02,58,26,32
2017-11-02,79,31,48
2017-11-02,239,115,124
2017-11-02,475,257,218
2017-11-02,294,150,144
2017-11-02,122,58,64
2017-11-02,29,20,9
2017-11-02,8,4,4
2017-11-02,4,2,2
2017-11-02,5,2,3
2017-11-02,7,1,6
2017-11-02,11,3,8
2017-11-01,16,4,12
2017-11-01,34,17,17
2017-11-01,66,30,36
2017-11-01,88,26,62
2017-11-01,131,40,91
2017-11-01,356,107,249
2017-11-01,566,131,435
2017-11-01,289,88,201
2017-11-01,118,47,71
2017-11-01,77,36,41
2017-11-01,64,25,39
2017-11-01,55,21,34
2017-11-01,57,28,29
2017-11-01,104,40,64
2017-11-01,257,126,131
2017-11-01,516,276,240
2017-11-01,370,193,177
2017-11-01,126,66,60
2017-11-01,32,19,13
2017-11-01,10,4,6
2017-11-01,3,0,3
2017-11-01,3,0,3
2017-11-01,14,6,8
2017-11-01,6,1,5
2017-10-31,23,8,15
2017-10-31,40,17,23
2017-10-31,32,13,19
2017-10-31,72,31,41
2017-10-31,116,39,77
2017-10-31,324,102,222
2017-10-31,679,148,531
2017-10-31,407,110,297
2017-10-31,179,63,116
2017-10-31,101,45,56
2017-10-31,134,62,72
2017-10-31,96,50,46
2017-10-31,79,41,38
2017-10-31,117,60,57
2017-10-31,278,134,144
2017-10-31,581,292,289
2017-10-31,404,222,182
2017-10-31,131,74,57
2017-10-31,39,22,17
2017-10-31,12,4,8
2017-10-31,5,2,3
2017-10-31,1,1,0
2017-10-31,7,2,5
2017-10-31,7,3,4
2017-10-30,15,5,10
2017-10-30,28,10,18
2017-10-30,61,18,43
2017-10-30,72,30,42
2017-10-30,173,46,127
2017-10-30,415,118,297
2017-10-30,709,156,553
2017-10-30,327,108,219
2017-10-30,170,68,102
2017-10-30,83,34,49
2017-10-30,102,53,49
2017-10-30,84,36,48
2017-10-30,79,39,40
2017-10-30,122,57,65
2017-10-30,337,159,178
2017-10-30,595,312,283
2017-10-30,377,199,178
2017-10-30,142,82,60
2017-10-30,35,18,17
2017-10-30,8,2,6
2017-10-30,2,1,1
2017-10-30,2,0,2
2017-10-30,1,0,1
2017-10-30,5,1,4
2017-10-29,9,2,7
2017-10-29,10,4,6
2017-10-29,17,5,12
2017-10-29,27,7,20
2017-10-29,25,13,12
2017-10-29,62,30,32
2017-10-29,123,59,64
2017-10-29,124,50,74
2017-10-29,152,84,68
2017-10-29,152,80,72
2017-10-29,100,57,43
2017-10-29,89,46,43
2017-10-29,80,37,43
2017-10-29,79,41,38
2017-10-29,55,28,27
2017-10-29,47,20,27
2017-10-29,22,16,6
2017-10-29,10,5,5
2017-10-29,5,5,0
2017-10-29,3,2,1
2017-10-29,3,1,2
2017-10-29,9,4,5
2017-10-29,7,5,2
2017-10-29,8,5,3
2017-10-28,22,7,15
2017-10-28,20,10,10
2017-10-28,27,12,15
2017-10-28,28,9,19
2017-10-28,39,19,20
2017-10-28,91,58,33
2017-10-28,146,90,56
2017-10-28,206,107,99
2017-10-28,213,121,92
2017-10-28,161,79,82
2017-10-28,176,84,92
2017-10-28,161,83,78
2017-10-28,138,51,87
2017-10-28,117,58,59
2017-10-28,99,54,45
2017-10-28,62,20,42
2017-10-28,36,10,26
2017-10-28,17,11,6
2017-10-28,11,3,8
2017-10-28,4,3,1
2017-10-28,8,4,4
2017-10-28,7,0,7
2017-10-28,9,5,4
2017-10-28,16,8,8
2017-10-27,29,12,17
2017-10-27,27,12,15
2017-10-27,50,24,26
2017-10-27,65,23,42
2017-10-27,103,25,78
2017-10-27,308,85,223
2017-10-27,567,141,426
2017-10-27,369,109,260
2017-10-27,204,79,125
2017-10-27,141,62,79
2017-10-27,121,65,56
2017-10-27,102,55,47
2017-10-27,75,34,41
2017-10-27,138,65,73
2017-10-27,234,109,125
2017-10-27,491,265,226
2017-10-27,323,167,156
2017-10-27,115,65,50
2017-10-27,30,17,13
2017-10-27,10,3,7
2017-10-27,2,1,1
2017-10-27,1,0,1
2017-10-27,7,3,4
2017-10-27,8,3,5
2017-10-26,32,11,21
2017-10-26,34,14,20
2017-10-26,66,19,47
2017-10-26,93,33,60
2017-10-26,143,40,103
2017-10-26,395,120,275
2017-10-26,595,140,455
2017-10-26,293,95,198
2017-10-26,152,60,92
2017-10-26,84,31,53
2017-10-26,74,41,33
2017-10-26,66,34,32
2017-10-26,84,38,46
2017-10-26,96,54,42
2017-10-26,292,140,152
2017-10-26,503,289,214
2017-10-26,347,196,151
2017-10-26,139,74,65
2017-10-26,27,17,10
2017-10-26,11,7,4
2017-10-26,2,1,1
2017-10-26,1,0,1
2017-10-26,8,6,2
2017-10-26,12,6,6
2017-10-25,16,3,13
2017-10-25,31,7,24
2017-10-25,59,19,40
2017-10-25,95,38,57
2017-10-25,149,46,103
2017-10-25,358,99,259
2017-10-25,602,128,474
2017-10-25,284,74,210
2017-10-25,104,37,67
2017-10-25,89,37,52
2017-10-25,54,27,27
2017-10-25,65,38,27
2017-10-25,70,27,43
2017-10-25,87,38,49
2017-10-25,282,149,133
2017-10-25,495,266,229
2017-10-25,396,206,190
2017-10-25,134,76,58
2017-10-25,36,24,12
2017-10-25,9,3,6
2017-10-25,3,2,1
2017-10-25,2,1,1
2017-10-25,2,1,1
2017-10-25,10,2,8
2017-10-24,16,9,7
2017-10-24,43,20,23
2017-10-24,62,31,31
2017-10-24,81,23,58
2017-10-24,178,54,124
2017-10-24,445,149,296
2017-10-24,711,141,570
2017-10-24,356,112,244
2017-10-24,179,61,118
2017-10-24,125,56,69
2017-10-24,100,42,58
2017-10-24,109,60,49
2017-10-24,83,33,50
2017-10-24,122,52,70
2017-10-24,311,150,161
2017-10-24,609,328,281
2017-10-24,421,216,205
2017-10-24,138,81,57
2017-10-24,33,21,12
2017-10-24,13,5,8
2017-10-24,3,2,1
2017-10-24,4,2,2
2017-10-24,1,1,0
2017-10-24,8,1,7
2017-10-23,56,42,14
2017-10-23,30,11,19
2017-10-23,46,15,31
2017-10-23,81,32,49
2017-10-23,144,46,98
2017-10-23,407,115,292
2017-10-23,689,155,534
2017-10-23,368,108,260
2017-10-23,152,67,85
2017-10-23,119,60,59
2017-10-23,87,45,42
2017-10-23,85,42,43
2017-10-23,79,36,43
2017-10-23,130,62,68
2017-10-23,295,140,155
2017-10-23,560,296,264
2017-10-23,404,219,185
2017-10-23,155,88,67
2017-10-23,37,22,15
2017-10-23,8,5,3
2017-10-23,0,0,0
2017-10-23,1,0,1
2017-10-23,2,1,1
2017-10-23,5,3,2
2017-10-22,17,3,14
2017-10-22,19,10,9
2017-10-22,15,5,10
2017-10-22,28,12,16
2017-10-22,33,15,18
2017-10-22,69,37,32
2017-10-22,95,45,50
2017-10-22,122,64,58
2017-10-22,120,67,53
2017-10-22,121,69,52
2017-10-22,123,67,56
2017-10-22,160,76,84
2017-10-22,114,58,56
2017-10-22,120,66,54
2017-10-22,52,32,20
2017-10-22,32,17,15
2017-10-22,13,6,7
2017-10-22,9,5,4
2017-10-22,4,4,0
2017-10-22,5,4,1
2017-10-22,0,0,0
2017-10-22,3,2,1
2017-10-22,3,2,1
2017-10-22,8,2,6
2017-10-21,14,7,7
2017-10-21,10,4,6
2017-10-21,10,2,8
2017-10-21,14,5,9
2017-10-21,17,9,8
2017-10-21,16,12,4
2017-10-21,26,11,15
2017-10-21,32,18,14
2017-10-21,30,15,15
2017-10-21,34,13,21
2017-10-21,35,21,14
2017-10-21,37,23,14
2017-10-21,33,17,16
2017-10-21,29,16,13
2017-10-21,51,27,24
2017-10-21,23,10,13
2017-10-21,7,1,6
2017-10-21,7,3,4
2017-10-21,4,3,1
2017-10-21,3,2,1
2017-10-21,2,1,1
2017-10-21,3,0,3
2017-10-21,6,3,3
2017-10-21,9,3,6
2017-10-20,19,7,12
2017-10-20,27,11,16
2017-10-20,27,7,20
2017-10-20,45,15,30
2017-10-20,98,37,61
2017-10-20,205,77,128
2017-10-20,418,98,320
2017-10-20,222,74,148
2017-10-20,115,51,64
2017-10-20,59,22,37
2017-10-20,44,24,20
2017-10-20,36,16,20
2017-10-20,45,23,22
2017-10-20,66,30,36
2017-10-20,168,70,98
2017-10-20,336,182,154
2017-10-20,233,136,97
2017-10-20,81,42,39
2017-10-20,29,15,14
2017-10-20,8,5,3
2017-10-20,3,0,3
2017-10-20,3,0,3
2017-10-20,2,0,2
2017-10-20,2,1,1
2017-10-19,17,7,10
2017-10-19,23,10,13
2017-10-19,36,13,23
2017-10-19,44,15,29
2017-10-19,71,25,46
2017-10-19,217,70,147
2017-10-19,389,74,315
2017-10-19,166,37,129
2017-10-19,80,31,49
2017-10-19,62,25,37
2017-10-19,58,27,31
2017-10-19,40,22,18
2017-10-19,32,18,14
2017-10-19,57,26,31
2017-10-19,174,87,87
2017-10-19,332,182,150
2017-10-19,243,128,115
2017-10-19,91,51,40
2017-10-19,20,13,7
2017-10-19,6,2,4
2017-10-19,0,0,0
2017-10-19,2,0,2
2017-10-19,5,1,4
2017-10-19,2,0,2
2017-10-18,10,3,7
2017-10-18,9,3,6
2017-10-18,16,6,10
2017-10-18,32,9,23
2017-10-18,80,24,56
2017-10-18,212,59,153
2017-10-18,380,67,313
2017-10-18,197,49,148
2017-10-18,83,33,50
2017-10-18,54,16,38
2017-10-18,36,19,17
2017-10-18,26,13,13
2017-10-18,39,17,22
2017-10-18,61,20,41
2017-10-18,201,94,107
2017-10-18,393,217,176
2017-10-18,291,159,132
2017-10-18,122,73,49
2017-10-18,37,21,16
2017-10-18,6,3,3
2017-10-18,4,1,3
2017-10-18,3,0,3
2017-10-18,3,0,3
2017-10-18,6,2,4
2017-10-17,16,7,9
2017-10-17,39,22,17
2017-10-17,48,24,24
2017-10-17,58,24,34
2017-10-17,109,31,78
2017-10-17,332,95,237
2017-10-17,481,114,367
2017-10-17,224,67,157
2017-10-17,89,35,54
2017-10-17,57,27,30
2017-10-17,52,26,26
2017-10-17,43,22,21
2017-10-17,36,21,15
2017-10-17,85,38,47
2017-10-17,199,94,105
2017-10-17,405,218,187
2017-10-17,298,150,148
2017-10-17,119,58,61
2017-10-17,32,19,13
2017-10-17,11,6,5
2017-10-17,0,0,0
2017-10-17,3,2,1
2017-10-17,4,2,2
2017-10-17,6,2,4
2017-10-16,23,7,16
2017-10-16,27,12,15
2017-10-16,61,24,37
2017-10-16,83,27,56
2017-10-16,160,61,99
2017-10-16,401,118,283
2017-10-16,687,145,542
2017-10-16,297,87,210
2017-10-16,165,65,100
2017-10-16,126,52,74
2017-10-16,95,48,47
2017-10-16,70,36,34
2017-10-16,82,48,34
2017-10-16,111,47,64
2017-10-16,295,135,160
2017-10-16,587,315,272
2017-10-16,436,229,207
2017-10-16,158,88,70
2017-10-16,31,17,14
2017-10-16,16,6,10
2017-10-16,2,1,1
2017-10-16,4,3,1
2017-10-16,0,0,0
2017-10-16,4,0,4
2017-10-15,19,6,13
2017-10-15,19,7,12
2017-10-15,23,9,14
2017-10-15,37,16,21
2017-10-15,55,23,32
2017-10-15,93,51,42
2017-10-15,142,75,67
2017-10-15,171,80,91
2017-10-15,172,93,79
2017-10-15,219,116,103
2017-10-15,190,107,83
2017-10-15,162,83,79
2017-10-15,143,64,79
2017-10-15,118,58,60
2017-10-15,73,37,36
2017-10-15,53,29,24
2017-10-15,25,9,16
2017-10-15,12,7,5
2017-10-15,7,3,4
2017-10-15,5,3,2
2017-10-15,2,1,1
2017-10-15,10,4,6
2017-10-15,6,2,4
2017-10-15,5,1,4
2017-10-14,31,16,15
2017-10-14,34,20,14
2017-10-14,17,3,14
2017-10-14,46,12,34
2017-10-14,56,25,31
2017-10-14,79,38,41
2017-10-14,99,45,54
2017-10-14,114,57,57
2017-10-14,122,45,77
2017-10-14,139,57,82
2017-10-14,108,57,51
2017-10-14,100,48,52
2017-10-14,114,48,66
2017-10-14,90,38,52
2017-10-14,69,35,34
2017-10-14,59,30,29
2017-10-14,22,6,16
2017-10-14,15,9,6
2017-10-14,6,2,4
2017-10-14,5,2,3
2017-10-14,3,2,1
2017-10-14,9,4,5
2017-10-14,14,7,7
2017-10-14,15,9,6
2017-10-13,27,16,11
2017-10-13,31,10,21
2017-10-13,25,14,11
2017-10-13,57,15,42
2017-10-13,92,29,63
2017-10-13,268,79,189
2017-10-13,431,105,326
2017-10-13,310,96,214
2017-10-13,151,53,98
2017-10-13,89,42,47
2017-10-13,69,39,30
2017-10-13,67,31,36
2017-10-13,58,20,38
2017-10-13,89,46,43
2017-10-13,236,108,128
2017-10-13,360,181,179
2017-10-13,244,134,110
2017-10-13,89,54,35
2017-10-13,28,17,11
2017-10-13,9,4,5
2017-10-13,2,0,2
2017-10-13,0,0,0
2017-10-13,5,1,4
2017-10-13,5,1,4
2017-10-12,13,5,8
2017-10-12,26,14,12
2017-10-12,56,22,34
2017-10-12,69,24,45
2017-10-12,132,45,87
2017-10-12,282,76,206
2017-10-12,460,106,354
2017-10-12,219,55,164
2017-10-12,108,38,70
2017-10-12,51,20,31
2017-10-12,52,28,24
2017-10-12,36,22,14
2017-10-12,42,17,25
2017-10-12,76,35,41
2017-10-12,229,104,125
2017-10-12,420,228,192
2017-10-12,274,138,136
2017-10-12,117,62,55
2017-10-12,28,19,9
2017-10-12,8,5,3
2017-10-12,1,0,1
2017-10-12,0,0,0
2017-10-12,4,3,1
2017-10-12,9,2,7
2017-10-11,24,12,12
2017-10-11,36,14,22
2017-10-11,68,22,46
2017-10-11,73,25,48
2017-10-11,137,42,95
2017-10-11,388,105,283
2017-10-11,519,108,411
2017-10-11,277,83,194
2017-10-11,136,52,84
2017-10-11,110,53,57
2017-10-11,95,40,55
2017-10-11,62,31,31
2017-10-11,76,40,36
2017-10-11,108,53,55
2017-10-11,247,122,125
2017-10-11,441,243,198
2017-10-11,349,183,166
2017-10-11,132,65,67
2017-10-11,40,25,15
2017-10-11,12,6,6
2017-10-11,1,0,1
2017-10-11,0,0,0
2017-10-11,3,0,3
2017-10-11,5,2,3
2017-10-10,15,6,9
2017-10-10,23,11,12
2017-10-10,44,14,30
2017-10-10,65,16,49
2017-10-10,136,49,87
2017-10-10,350,94,256
2017-10-10,571,127,444
2017-10-10,283,73,210
2017-10-10,127,52,75
2017-10-10,64,28,36
2017-10-10,49,23,26
2017-10-10,70,40,30
2017-10-10,56,30,26
2017-10-10,113,50,63
2017-10-10,249,124,125
2017-10-10,515,272,243
2017-10-10,398,212,186
2017-10-10,122,69,53
2017-10-10,44,29,15
2017-10-10,14,5,9
2017-10-10,0,0,0
2017-10-10,5,0,5
2017-10-10,3,2,1
2017-10-10,2,1,1
2017-10-09,21,8,13
2017-10-09,25,9,16
2017-10-09,57,25,32
2017-10-09,78,26,52
2017-10-09,193,57,136
2017-10-09,427,130,297
2017-10-09,690,156,534
2017-10-09,339,100,239
2017-10-09,193,77,116
2017-10-09,128,51,77
2017-10-09,87,41,46
2017-10-09,83,38,45
2017-10-09,82,48,34
2017-10-09,102,44,58
2017-10-09,303,151,152
2017-10-09,563,297,266
2017-10-09,401,214,187
2017-10-09,126,65,61
2017-10-09,36,19,17
2017-10-09,13,6,7
2017-10-09,2,2,0
2017-10-09,0,0,0
2017-10-09,2,0,2
2017-10-09,6,2,4
2017-10-08,10,4,6
2017-10-08,13,4,9
2017-10-08,19,9,10
2017-10-08,21,9,12
2017-10-08,37,20,17
2017-10-08,73,41,32
2017-10-08,138,71,67
2017-10-08,138,72,66
2017-10-08,138,76,62
2017-10-08,131,62,69
2017-10-08,167,70,97
2017-10-08,126,61,65
2017-10-08,128,84,44
2017-10-08,98,49,49
2017-10-08,47,27,20
2017-10-08,39,21,18
2017-10-08,24,8,16
2017-10-08,10,4,6
2017-10-08,5,3,2
2017-10-08,4,2,2
2017-10-08,3,3,0
2017-10-08,4,2,2
2017-10-08,6,3,3
2017-10-08,10,1,9
2017-10-07,29,20,9
2017-10-07,19,12,7
2017-10-07,16,3,13
2017-10-07,11,5,6
2017-10-07,38,25,13
2017-10-07,58,22,36
2017-10-07,105,56,49
2017-10-07,89,49,40
2017-10-07,95,44,51
2017-10-07,122,66,56
2017-10-07,125,52,73
2017-10-07,130,65,65
2017-10-07,106,37,69
2017-10-07,90,48,42
2017-10-07,85,49,36
2017-10-07,47,17,30
2017-10-07,23,12,11
2017-10-07,14,10,4
2017-10-07,9,5,4
2017-10-07,4,2,2
2017-10-07,0,0,0
2017-10-07,3,1,2
2017-10-07,9,5,4
2017-10-07,24,12,12
2017-10-06,34,15,19
2017-10-06,27,10,17
2017-10-06,46,19,27
2017-10-06,70,30,40
2017-10-06,139,58,81
2017-10-06,286,73,213
2017-10-06,564,138,426
2017-10-06,378,107,271
2017-10-06,179,67,112
2017-10-06,109,51,58
2017-10-06,99,49,50
2017-10-06,95,32,63
2017-10-06,87,36,51
2017-10-06,122,59,63
2017-10-06,290,137,153
2017-10-06,527,296,231
2017-10-06,351,193,158
2017-10-06,115,70,45
2017-10-06,33,21,12
2017-10-06,9,4,5
2017-10-06,2,1,1
2017-10-06,1,0,1
2017-10-06,3,1,2
2017-10-06,8,3,5
2017-10-05,32,9,23
2017-10-05,43,23,20
2017-10-05,90,38,52
2017-10-05,85,26,59
2017-10-05,195,67,128
2017-10-05,469,134,335
2017-10-05,663,151,512
2017-10-05,350,105,245
2017-10-05,166,76,90
2017-10-05,134,48,86
2017-10-05,94,44,50
2017-10-05,104,44,60
2017-10-05,85,45,40
2017-10-05,136,69,67
2017-10-05,306,146,160
2017-10-05,593,323,270
2017-10-05,418,220,198
2017-10-05,150,76,74
2017-10-05,35,22,13
2017-10-05,8,4,4
2017-10-05,1,1,0
2017-10-05,1,0,1
2017-10-05,5,1,4
2017-10-05,10,4,6
2017-10-04,13,5,8
2017-10-04,46,19,27
2017-10-04,71,33,38
2017-10-04,96,36,60
2017-10-04,181,56,125
2017-10-04,467,138,329
2017-10-04,712,178,534
2017-10-04,364,95,269
2017-10-04,172,73,99
2017-10-04,138,60,78
2017-10-04,95,56,39
2017-10-04,90,41,49
2017-10-04,94,46,48
2017-10-04,136,54,82
2017-10-04,296,141,155
2017-10-04,582,315,267
2017-10-04,461,240,221
2017-10-04,158,77,81
2017-10-04,38,26,12
2017-10-04,13,7,6
2017-10-04,3,0,3
2017-10-04,4,1,3
2017-10-04,2,1,1
2017-10-04,7,0,7
2017-10-03,18,5,13
2017-10-03,40,23,17
2017-10-03,67,20,47
2017-10-03,110,39,71
2017-10-03,198,62,136
2017-10-03,491,136,355
2017-10-03,742,176,566
2017-10-03,371,118,253
2017-10-03,173,65,108
2017-10-03,137,55,82
2017-10-03,103,54,49
2017-10-03,94,45,49
2017-10-03,89,43,46
2017-10-03,133,59,74
2017-10-03,295,138,157
2017-10-03,676,350,326
2017-10-03,447,237,210
2017-10-03,167,94,73
2017-10-03,33,21,12
2017-10-03,9,5,4
2017-10-03,1,0,1
2017-10-03,10,7,3
2017-10-03,4,2,2
2017-10-03,9,3,6
2017-10-02,16,7,9
2017-10-02,23,12,11
2017-10-02,62,25,37
2017-10-02,95,29,66
2017-10-02,182,56,126
2017-10-02,431,110,321
2017-10-02,710,159,551
2017-10-02,305,86,219
2017-10-02,165,76,89
2017-10-02,85,37,48
2017-10-02,64,29,35
2017-10-02,71,36,35
2017-10-02,74,47,27
2017-10-02,122,53,69
2017-10-02,321,158,163
2017-10-02,581,295,286
2017-10-02,404,215,189
2017-10-02,157,85,72
2017-10-02,44,26,18
2017-10-02,11,7,4
2017-10-02,2,1,1
2017-10-02,1,0,1
2017-10-02,1,0,1
2017-10-02,5,2,3
2017-10-01,9,5,4
2017-10-01,13,5,8
2017-10-01,30,10,20
2017-10-01,33,18,15
2017-10-01,42,23,19
2017-10-01,77,47,30
2017-10-01,102,50,52
2017-10-01,144,79,65
2017-10-01,156,73,83
2017-10-01,138,66,72
2017-10-01,132,70,62
2017-10-01,120,58,62
2017-10-01,105,56,49
2017-10-01,94,51,43
2017-10-01,76,39,37
2017-10-01,43,18,25
2017-10-01,18,7,11
2017-10-01,6,3,3
2017-10-01,4,3,1
2017-10-01,4,4,0
2017-10-01,2,0,2
2017-10-01,4,2,2
2017-10-01,7,4,3
2017-10-01,19,2,17
2017-09-30,18,5,13
2017-09-30,15,5,10
2017-09-30,39,10,29
2017-09-30,37,12,25
2017-09-30,39,16,23
2017-09-30,59,33,26
2017-09-30,58,32,26
2017-09-30,64,29,35
2017-09-30,96,48,48
2017-09-30,128,67,61
2017-09-30,139,68,71
2017-09-30,132,69,63
2017-09-30,145,84,61
2017-09-30,90,58,32
2017-09-30,79,42,37
2017-09-30,57,28,29
2017-09-30,30,10,20
2017-09-30,13,6,7
2017-09-30,8,3,5
2017-09-30,2,2,0
2017-09-30,3,2,1
2017-09-30,7,5,2
2017-09-30,7,3,4
2017-09-30,19,7,12
2017-09-29,33,16,17
2017-09-29,39,15,24
2017-09-29,34,11,23
2017-09-29,73,32,41
2017-09-29,156,52,104
2017-09-29,247,77,170
2017-09-29,488,138,350
2017-09-29,295,96,199
2017-09-29,137,52,85
2017-09-29,85,38,47
2017-09-29,74,33,41
2017-09-29,54,24,30
2017-09-29,57,34,23
2017-09-29,77,37,40
2017-09-29,178,87,91
2017-09-29,417,229,188
2017-09-29,339,182,157
2017-09-29,119,61,58
2017-09-29,29,12,17
2017-09-29,6,4,2
2017-09-29,6,1,5
2017-09-29,2,0,2
2017-09-29,13,5,8
2017-09-29,12,4,8
2017-09-28,25,9,16
2017-09-28,55,22,33
2017-09-28,87,33,54
2017-09-28,118,47,71
2017-09-28,248,93,155
2017-09-28,441,167,274
2017-09-28,851,240,611
2017-09-28,477,171,306
2017-09-28,244,98,146
2017-09-28,141,62,79
2017-09-28,128,59,69
2017-09-28,117,51,66
2017-09-28,126,68,58
2017-09-28,141,70,71
2017-09-28,344,167,177
2017-09-28,646,343,303
2017-09-28,477,250,227
2017-09-28,171,97,74
2017-09-28,40,24,16
2017-09-28,13,8,5
2017-09-28,0,0,0
2017-09-28,3,0,3
2017-09-28,5,3,2
2017-09-28,15,7,8
2017-09-27,33,13,20
2017-09-27,75,31,44
2017-09-27,71,17,54
2017-09-27,116,51,65
2017-09-27,234,80,154
2017-09-27,517,168,349
2017-09-27,760,191,569
2017-09-27,429,130,299
2017-09-27,200,82,118
2017-09-27,132,61,71
2017-09-27,115,58,57
2017-09-27,102,52,50
2017-09-27,105,60,45
2017-09-27,156,70,86
2017-09-27,352,168,184
2017-09-27,645,340,305
2017-09-27,477,255,222
2017-09-27,171,102,69
2017-09-27,37,23,14
2017-09-27,12,8,4
2017-09-27,3,2,1
2017-09-27,2,0,2
2017-09-27,4,2,2
2017-09-27,10,4,6
2017-09-26,18,3,15
2017-09-26,43,21,22
2017-09-26,71,30,41
2017-09-26,115,35,80
2017-09-26,234,84,150
2017-09-26,532,151,381
2017-09-26,792,207,585
2017-09-26,367,110,257
2017-09-26,204,87,117
2017-09-26,102,49,53
2017-09-26,114,63,51
2017-09-26,119,51,68
2017-09-26,102,51,51
2017-09-26,148,82,66
2017-09-26,323,158,165
2017-09-26,651,353,298
2017-09-26,483,255,228
2017-09-26,159,86,73
2017-09-26,40,25,15
2017-09-26,14,8,6
2017-09-26,3,3,0
2017-09-26,2,0,2
2017-09-26,6,1,5
2017-09-26,7,3,4
2017-09-25,21,9,12
2017-09-25,32,10,22
2017-09-25,51,21,30
2017-09-25,66,20,46
2017-09-25,143,42,101
2017-09-25,372,99,273
2017-09-25,574,121,453
2017-09-25,308,94,214
2017-09-25,146,58,88
2017-09-25,71,32,39
2017-09-25,66,33,33
2017-09-25,77,34,43
2017-09-25,67,41,26
2017-09-25,95,48,47
2017-09-25,260,126,134
2017-09-25,545,296,249
2017-09-25,324,177,147
2017-09-25,144,78,66
2017-09-25,28,18,10
2017-09-25,16,8,8
2017-09-25,4,3,1
2017-09-25,3,2,1
2017-09-25,3,1,2
2017-09-25,15,8,7
2017-09-24,14,9,5
2017-09-24,13,6,7
2017-09-24,25,11,14
2017-09-24,47,25,22
2017-09-24,86,41,45
2017-09-24,139,70,69
2017-09-24,193,85,108
2017-09-24,215,111,104
2017-09-24,175,85,90
2017-09-24,216,104,112
2017-09-24,174,93,81
2017-09-24,182,99,83
2017-09-24,146,69,77
2017-09-24,86,45,41
2017-09-24,87,45,42
2017-09-24,63,27,36
2017-09-24,39,20,19
2017-09-24,16,3,13
2017-09-24,5,5,0
2017-09-24,5,3,2
2017-09-24,3,1,2
2017-09-24,6,2,4
2017-09-24,11,5,6
2017-09-24,22,13,9
2017-09-23,33,20,13
2017-09-23,32,19,13
2017-09-23,37,25,12
2017-09-23,62,18,44
2017-09-23,85,55,30
2017-09-23,166,80,86
2017-09-23,164,73,91
2017-09-23,187,106,81
2017-09-23,228,89,139
2017-09-23,199,84,115
2017-09-23,201,97,104
2017-09-23,174,93,81
2017-09-23,182,87,95
2017-09-23,151,84,67
2017-09-23,102,58,44
2017-09-23,84,38,46
2017-09-23,38,19,19
2017-09-23,19,10,9
2017-09-23,8,4,4
2017-09-23,4,3,1
2017-09-23,2,2,0
2017-09-23,6,1,5
2017-09-23,14,6,8
2017-09-23,29,11,18
2017-09-22,32,16,16
2017-09-22,44,21,23
2017-09-22,54,18,36
2017-09-22,69,23,46
2017-09-22,166,54,112
2017-09-22,335,111,224
2017-09-22,599,167,432
2017-09-22,408,109,299
2017-09-22,201,87,114
2017-09-22,144,59,85
2017-09-22,125,62,63
2017-09-22,117,50,67
2017-09-22,118,53,65
2017-09-22,127,64,63
2017-09-22,292,149,143
2017-09-22,496,276,220
2017-09-22,329,185,144
2017-09-22,116,62,54
2017-09-22,41,28,13
2017-09-22,6,1,5
2017-09-22,2,1,1
2017-09-22,6,4,2
2017-09-22,6,1,5
2017-09-22,7,3,4
2017-09-21,20,7,13
2017-09-21,42,21,21
2017-09-21,52,24,28
2017-09-21,89,28,61
2017-09-21,155,55,100
2017-09-21,365,113,252
2017-09-21,577,145,432
2017-09-21,289,93,196
2017-09-21,145,59,86
2017-09-21,108,46,62
2017-09-21,81,35,46
2017-09-21,59,33,26
2017-09-21,65,30,35
2017-09-21,106,45,61
2017-09-21,251,121,130
2017-09-21,467,249,218
2017-09-21,326,176,150
2017-09-21,106,55,51
2017-09-21,40,24,16
2017-09-21,12,10,2
2017-09-21,1,1,0
2017-09-21,1,0,1
2017-09-21,5,5,0
2017-09-21,8,2,6
2017-09-20,21,9,12
2017-09-20,25,7,18
2017-09-20,49,19,30
2017-09-20,87,30,57
2017-09-20,151,51,100
2017-09-20,384,135,249
2017-09-20,535,128,407
2017-09-20,318,100,218
2017-09-20,125,49,76
2017-09-20,94,52,42
2017-09-20,81,37,44
2017-09-20,58,22,36
2017-09-20,72,35,37
2017-09-20,102,46,56
2017-09-20,241,118,123
2017-09-20,483,273,210
2017-09-20,320,163,157
2017-09-20,131,69,62
2017-09-20,36,21,15
2017-09-20,11,7,4
2017-09-20,2,1,1
2017-09-20,2,1,1
2017-09-20,0,0,0
2017-09-20,3,2,1
2017-09-19,18,3,15
2017-09-19,13,5,8
2017-09-19,24,5,19
2017-09-19,59,19,40
2017-09-19,113,28,85
2017-09-19,269,84,185
2017-09-19,408,67,341
2017-09-19,198,54,144
2017-09-19,89,33,56
2017-09-19,58,29,29
2017-09-19,39,21,18
2017-09-19,53,28,25
2017-09-19,51,22,29
2017-09-19,79,34,45
2017-09-19,215,101,114
2017-09-19,440,249,191
2017-09-19,301,150,151
2017-09-19,99,57,42
2017-09-19,30,21,9
2017-09-19,10,5,5
2017-09-19,2,0,2
2017-09-19,2,0,2
2017-09-19,2,1,1
2017-09-19,8,1,7
2017-09-18,27,14,13
2017-09-18,27,9,18
2017-09-18,36,11,25
2017-09-18,46,12,34
2017-09-18,117,30,87
2017-09-18,324,63,261
2017-09-18,527,107,420
2017-09-18,212,52,160
2017-09-18,128,51,77
2017-09-18,83,33,50
2017-09-18,70,34,36
2017-09-18,79,45,34
2017-09-18,61,32,29
2017-09-18,85,44,41
2017-09-18,226,102,124
2017-09-18,471,251,220
2017-09-18,320,169,151
2017-09-18,122,71,51
2017-09-18,29,13,16
2017-09-18,8,5,3
2017-09-18,2,2,0
2017-09-18,4,3,1
2017-09-18,2,0,2
2017-09-18,5,1,4
2017-09-17,5,2,3
2017-09-17,10,3,7
2017-09-17,17,9,8
2017-09-17,24,9,15
2017-09-17,38,13,25
2017-09-17,28,10,18
2017-09-17,45,23,22
2017-09-17,36,10,26
2017-09-17,42,28,14
2017-09-17,51,19,32
2017-09-17,91,47,44
2017-09-17,127,73,54
2017-09-17,143,68,75
2017-09-17,109,49,60
2017-09-17,111,54,57
2017-09-17,58,35,23
2017-09-17,34,15,19
2017-09-17,16,6,10
2017-09-17,7,4,3
2017-09-17,6,2,4
2017-09-17,3,0,3
2017-09-17,6,2,4
2017-09-17,8,3,5
2017-09-17,18,7,11
2017-09-16,37,14,23
2017-09-16,51,24,27
2017-09-16,50,32,18
2017-09-16,71,32,39
2017-09-16,103,35,68
2017-09-16,123,73,50
2017-09-16,168,80,88
2017-09-16,170,92,78
2017-09-16,185,76,109
2017-09-16,198,95,103
2017-09-16,176,82,94
2017-09-16,151,89,62
2017-09-16,137,62,75
2017-09-16,158,71,87
2017-09-16,123,68,55
2017-09-16,117,57,60
2017-09-16,43,20,23
2017-09-16,28,15,13
2017-09-16,12,9,3
2017-09-16,5,2,3
2017-09-16,7,2,5
2017-09-16,6,3,3
2017-09-16,11,5,6
2017-09-16,23,11,12
2017-09-15,26,9,17
2017-09-15,39,27,12
2017-09-15,64,23,41
2017-09-15,104,37,67
2017-09-15,183,74,109
2017-09-15,374,107,267
2017-09-15,607,161,446
2017-09-15,440,126,314
2017-09-15,214,84,130
2017-09-15,149,73,76
2017-09-15,136,73,63
2017-09-15,97,56,41
2017-09-15,124,50,74
2017-09-15,132,62,70
2017-09-15,284,137,147
2017-09-15,553,298,255
2017-09-15,396,221,175
2017-09-15,112,59,53
2017-09-15,38,28,10
2017-09-15,11,5,6
2017-09-15,2,1,1
2017-09-15,5,3,2
2017-09-15,7,1,6
2017-09-15,19,5,14
2017-09-14,29,9,20
2017-09-14,50,20,30
2017-09-14,76,38,38
2017-09-14,110,37,73
2017-09-14,253,79,174
2017-09-14,533,157,376
2017-09-14,726,195,531
2017-09-14,352,108,244
2017-09-14,162,53,109
2017-09-14,105,44,61
2017-09-14,110,59,51
2017-09-14,96,38,58
2017-09-14,95,52,43
2017-09-14,116,62,54
2017-09-14,310,132,178
2017-09-14,644,328,316
2017-09-14,438,237,201
2017-09-14,178,92,86
2017-09-14,34,26,8
2017-09-14,13,6,7
2017-09-14,3,1,2
2017-09-14,3,2,1
2017-09-14,7,3,4
2017-09-14,8,3,5
2017-09-13,26,13,13
2017-09-13,40,13,27
2017-09-13,74,22,52
2017-09-13,129,48,81
2017-09-13,267,87,180
2017-09-13,511,151,360
2017-09-13,732,175,557
2017-09-13,363,100,263
2017-09-13,178,64,114
2017-09-13,110,47,63
2017-09-13,106,40,66
2017-09-13,89,48,41
2017-09-13,85,41,44
2017-09-13,139,67,72
2017-09-13,304,136,168
2017-09-13,651,350,301
2017-09-13,506,253,253
2017-09-13,172,82,90
2017-09-13,47,32,15
2017-09-13,9,5,4
2017-09-13,3,0,3
2017-09-13,5,1,4
2017-09-13,3,2,1
2017-09-13,6,3,3
2017-09-12,17,4,13
2017-09-12,40,16,24
2017-09-12,64,18,46
2017-09-12,126,51,75
2017-09-12,258,99,159
2017-09-12,550,160,390
2017-09-12,792,193,599
2017-09-12,371,106,265
2017-09-12,192,79,113
2017-09-12,128,57,71
2017-09-12,106,45,61
2017-09-12,105,61,44
2017-09-12,100,42,58
2017-09-12,153,61,92
2017-09-12,340,176,164
2017-09-12,664,343,321
2017-09-12,544,297,247
2017-09-12,178,97,81
2017-09-12,55,40,15
2017-09-12,11,7,4
2017-09-12,1,1,0
2017-09-12,3,2,1
2017-09-12,5,1,4
2017-09-12,9,3,6
2017-09-11,32,17,15
2017-09-11,37,16,21
2017-09-11,73,23,50
2017-09-11,117,39,78
2017-09-11,273,73,200
2017-09-11,556,162,394
2017-09-11,780,181,599
2017-09-11,355,85,270
2017-09-11,199,79,120
2017-09-11,132,65,67
2017-09-11,93,55,38
2017-09-11,97,53,44
2017-09-11,97,46,51
2017-09-11,131,74,57
2017-09-11,303,129,174
2017-09-11,704,359,345
2017-09-11,468,265,203
2017-09-11,163,84,79
2017-09-11,48,32,16
2017-09-11,12,3,9
2017-09-11,1,1,0
2017-09-11,1,0,1
2017-09-11,2,0,2
2017-09-11,6,4,2
2017-09-10,20,2,18
2017-09-10,16,2,14
2017-09-10,39,11,28
2017-09-10,72,36,36
2017-09-10,82,37,45
2017-09-10,128,60,68
2017-09-10,149,72,77
2017-09-10,164,71,93
2017-09-10,156,77,79
2017-09-10,191,102,89
2017-09-10,239,130,109
2017-09-10,201,100,101
2017-09-10,199,95,104
2017-09-10,144,67,77
2017-09-10,121,66,55
2017-09-10,76,36,40
2017-09-10,48,26,22
2017-09-10,18,7,11
2017-09-10,3,2,1
2017-09-10,7,2,5
2017-09-10,3,2,1
2017-09-10,4,2,2
2017-09-10,11,5,6
2017-09-10,25,9,16
2017-09-09,30,11,19
2017-09-09,29,9,20
2017-09-09,35,16,19
2017-09-09,55,22,33
2017-09-09,73,45,28
2017-09-09,94,44,50
2017-09-09,124,54,70
2017-09-09,114,52,62
2017-09-09,140,66,74
2017-09-09,122,58,64
2017-09-09,147,76,71
2017-09-09,127,58,69
2017-09-09,115,57,58
2017-09-09,114,60,54
2017-09-09,95,47,48
2017-09-09,72,34,38
2017-09-09,33,16,17
2017-09-09,31,13,18
2017-09-09,5,4,1
2017-09-09,8,4,4
2017-09-09,4,2,2
2017-09-09,8,4,4
2017-09-09,5,2,3
2017-09-09,21,14,7
2017-09-08,33,14,19
2017-09-08,35,11,24
2017-09-08,59,18,41
2017-09-08,104,37,67
2017-09-08,188,71,117
2017-09-08,337,114,223
2017-09-08,523,127,396
2017-09-08,355,101,254
2017-09-08,173,69,104
2017-09-08,104,42,62
2017-09-08,96,50,46
2017-09-08,87,45,42
2017-09-08,98,50,48
2017-09-08,100,49,51
2017-09-08,250,118,132
2017-09-08,539,285,254
2017-09-08,341,186,155
2017-09-08,137,73,64
2017-09-08,41,31,10
2017-09-08,12,5,7
2017-09-08,5,2,3
2017-09-08,7,3,4
2017-09-08,5,2,3
2017-09-08,8,5,3
2017-09-07,26,9,17
2017-09-07,46,17,29
2017-09-07,70,24,46
2017-09-07,129,46,83
2017-09-07,210,60,150
2017-09-07,399,129,270
2017-09-07,648,151,497
2017-09-07,316,100,216
2017-09-07,147,53,94
2017-09-07,95,39,56
2017-09-07,82,46,36
2017-09-07,59,28,31
2017-09-07,88,33,55
2017-09-07,95,52,43
2017-09-07,258,112,146
2017-09-07,589,326,263
2017-09-07,404,212,192
2017-09-07,153,84,69
2017-09-07,38,27,11
2017-09-07,9,3,6
2017-09-07,2,1,1
2017-09-07,3,1,2
2017-09-07,4,3,1
2017-09-07,9,3,6
2017-09-06,26,11,15
2017-09-06,39,15,24
2017-09-06,53,20,33
2017-09-06,89,30,59
2017-09-06,208,55,153
2017-09-06,392,132,260
2017-09-06,603,144,459
2017-09-06,285,73,212
2017-09-06,135,59,76
2017-09-06,105,45,60
2017-09-06,50,26,24
2017-09-06,91,48,43
2017-09-06,68,32,36
2017-09-06,99,49,50
2017-09-06,269,121,148
2017-09-06,539,277,262
2017-09-06,393,210,183
2017-09-06,149,80,69
2017-09-06,43,26,17
2017-09-06,9,2,7
2017-09-06,6,4,2
2017-09-06,2,0,2
2017-09-06,3,1,2
2017-09-06,8,3,5
2017-09-05,22,11,11
2017-09-05,33,17,16
2017-09-05,51,22,29
2017-09-05,83,32,51
2017-09-05,168,66,102
2017-09-05,399,105,294
2017-09-05,588,151,437
2017-09-05,270,69,201
2017-09-05,125,47,78
2017-09-05,69,37,32
2017-09-05,64,24,40
2017-09-05,62,31,31
2017-09-05,70,37,33
2017-09-05,108,58,50
2017-09-05,237,96,141
2017-09-05,537,276,261
2017-09-05,438,228,210
2017-09-05,150,75,75
2017-09-05,47,32,15
2017-09-05,8,3,5
2017-09-05,3,3,0
2017-09-05,5,2,3
2017-09-05,5,3,2
2017-09-05,8,3,5
2017-09-04,26,17,9
2017-09-04,31,11,20
2017-09-04,33,10,23
2017-09-04,57,25,32
2017-09-04,96,54,42
2017-09-04,108,59,49
2017-09-04,139,64,75
2017-09-04,159,84,75
2017-09-04,161,77,84
2017-09-04,199,116,83
2017-09-04,213,124,89
2017-09-04,168,94,74
2017-09-04,185,101,84
2017-09-04,157,71,86
2017-09-04,153,66,87
2017-09-04,93,48,45
2017-09-04,49,26,23
2017-09-04,30,17,13
2017-09-04,14,12,2
2017-09-04,5,2,3
2017-09-04,3,1,2
2017-09-04,8,3,5
2017-09-04,6,1,5
2017-09-04,28,6,22
2017-09-03,24,8,16
2017-09-03,23,4,19
2017-09-03,44,19,25
2017-09-03,45,20,25
2017-09-03,69,34,35
2017-09-03,123,73,50
2017-09-03,129,59,70
2017-09-03,127,55,72
2017-09-03,164,75,89
2017-09-03,162,87,75
2017-09-03,182,93,89
2017-09-03,158,88,70
2017-09-03,168,92,76
2017-09-03,148,82,66
2017-09-03,126,56,70
2017-09-03,85,42,43
2017-09-03,29,16,13
2017-09-03,20,14,6
2017-09-03,9,8,1
2017-09-03,5,2,3
2017-09-03,1,1,0
2017-09-03,5,1,4
2017-09-03,9,5,4
2017-09-03,24,14,10
2017-09-02,44,6,38
2017-09-02,39,18,21
2017-09-02,23,10,13
2017-09-02,68,26,42
2017-09-02,102,43,59
2017-09-02,108,59,49
2017-09-02,173,89,84
2017-09-02,194,105,89
2017-09-02,193,100,93
2017-09-02,212,89,123
2017-09-02,194,110,84
2017-09-02,146,70,76
2017-09-02,165,84,81
2017-09-02,126,73,53
2017-09-02,121,71,50
2017-09-02,91,35,56
2017-09-02,70,34,36
2017-09-02,22,15,7
2017-09-02,12,6,6
2017-09-02,1,0,1
2017-09-02,9,3,6
2017-09-02,5,1,4
2017-09-02,15,5,10
2017-09-02,20,7,13
2017-09-01,31,14,17
2017-09-01,44,18,26
2017-09-01,61,32,29
2017-09-01,118,60,58
2017-09-01,174,65,109
2017-09-01,282,79,203
2017-09-01,463,133,330
2017-09-01,392,110,282
2017-09-01,264,95,169
2017-09-01,153,60,93
2017-09-01,137,62,75
2017-09-01,147,65,82
2017-09-01,112,58,54
2017-09-01,127,51,76
2017-09-01,229,98,131
2017-09-01,481,261,220
2017-09-01,356,212,144
2017-09-01,126,67,59
2017-09-01,48,27,21
2017-09-01,8,2,6
2017-09-01,2,0,2
2017-09-01,4,3,1
2017-09-01,10,2,8
2017-09-01,17,4,13
2017-08-31,21,14,7
2017-08-31,50,25,25
2017-08-31,75,35,40
2017-08-31,157,62,95
2017-08-31,221,81,140
2017-08-31,440,141,299
2017-08-31,627,154,473
2017-08-31,365,126,239
2017-08-31,142,59,83
2017-08-31,80,37,43
2017-08-31,67,33,34
2017-08-31,80,34,46
2017-08-31,54,23,31
2017-08-31,80,40,40
2017-08-31,234,121,113
2017-08-31,573,311,262
2017-08-31,413,225,188
2017-08-31,141,78,63
2017-08-31,46,32,14
2017-08-31,11,5,6
2017-08-31,7,5,2
2017-08-31,5,3,2
2017-08-31,8,5,3
2017-08-31,11,4,7
2017-08-30,30,11,19
2017-08-30,57,23,34
2017-08-30,57,17,40
2017-08-30,162,48,114
2017-08-30,322,114,208
2017-08-30,520,165,355
2017-08-30,749,191,558
2017-08-30,358,96,262
2017-08-30,172,80,92
2017-08-30,100,43,57
2017-08-30,97,49,48
2017-08-30,95,47,48
2017-08-30,98,45,53
2017-08-30,135,66,69
2017-08-30,319,165,154
2017-08-30,591,303,288
2017-08-30,472,246,226
2017-08-30,174,103,71
2017-08-30,45,21,24
2017-08-30,5,3,2
2017-08-30,3,0,3
2017-08-30,5,4,1
2017-08-30,5,1,4
2017-08-30,11,5,6
2017-08-29,23,11,12
2017-08-29,48,16,32
2017-08-29,68,31,37
2017-08-29,141,55,86
2017-08-29,297,117,180
2017-08-29,516,174,342
2017-08-29,751,177,574
2017-08-29,440,116,324
2017-08-29,179,76,103
2017-08-29,107,54,53
2017-08-29,94,41,53
2017-08-29,107,45,62
2017-08-29,114,62,52
2017-08-29,162,83,79
2017-08-29,307,149,158
2017-08-29,630,314,316
2017-08-29,532,275,257
2017-08-29,197,120,77
2017-08-29,44,28,16
2017-08-29,9,6,3
2017-08-29,2,1,1
2017-08-29,5,3,2
2017-08-29,6,1,5
2017-08-29,14,4,10
2017-08-28,20,11,9
2017-08-28,44,20,24
2017-08-28,60,16,44
2017-08-28,124,41,83
2017-08-28,246,95,151
2017-08-28,516,114,402
2017-08-28,726,166,560
2017-08-28,345,97,248
2017-08-28,155,55,100
2017-08-28,103,51,52
2017-08-28,103,54,49
2017-08-28,101,56,45
2017-08-28,118,55,63
2017-08-28,113,57,56
2017-08-28,324,145,179
2017-08-28,584,308,276
2017-08-28,479,247,232
2017-08-28,145,79,66
2017-08-28,44,28,16
2017-08-28,5,2,3
2017-08-28,3,1,2
2017-08-28,2,2,0
2017-08-28,1,0,1
2017-08-28,9,2,7
2017-08-27,10,4,6
2017-08-27,29,14,15
2017-08-27,60,20,40
2017-08-27,70,31,39
2017-08-27,73,36,37
2017-08-27,129,74,55
2017-08-27,154,78,76
2017-08-27,183,96,87
2017-08-27,191,80,111
2017-08-27,184,94,90
2017-08-27,176,94,82
2017-08-27,199,91,108
2017-08-27,205,105,100
2017-08-27,154,76,78
2017-08-27,124,70,54
2017-08-27,58,29,29
2017-08-27,40,23,17
2017-08-27,19,10,9
2017-08-27,6,4,2
2017-08-27,4,1,3
2017-08-27,7,1,6
2017-08-27,8,7,1
2017-08-27,11,6,5
2017-08-27,12,8,4
2017-08-26,21,5,16
2017-08-26,38,12,26
2017-08-26,49,24,25
2017-08-26,80,39,41
2017-08-26,127,59,68
2017-08-26,140,69,71
2017-08-26,193,86,107
2017-08-26,185,89,96
2017-08-26,174,70,104
2017-08-26,181,97,84
2017-08-26,198,101,97
2017-08-26,197,97,100
2017-08-26,170,73,97
2017-08-26,149,77,72
2017-08-26,115,65,50
2017-08-26,90,33,57
2017-08-26,40,17,23
2017-08-26,22,9,13
2017-08-26,14,7,7
2017-08-26,16,7,9
2017-08-26,4,2,2
2017-08-26,5,2,3
2017-08-26,13,4,9
2017-08-26,20,8,12
2017-08-25,36,17,19
2017-08-25,43,20,23
2017-08-25,65,25,40
2017-08-25,144,64,80
2017-08-25,187,66,121
2017-08-25,371,112,259
2017-08-25,608,151,457
2017-08-25,395,88,307
2017-08-25,220,79,141
2017-08-25,164,65,99
2017-08-25,94,48,46
2017-08-25,105,51,54
2017-08-25,107,53,54
2017-08-25,131,56,75
2017-08-25,297,138,159
2017-08-25,497,246,251
2017-08-25,376,196,180
2017-08-25,129,68,61
2017-08-25,49,31,18
2017-08-25,6,1,5
2017-08-25,8,5,3
2017-08-25,9,6,3
2017-08-25,10,7,3
2017-08-25,21,5,16
2017-08-24,42,27,15
2017-08-24,61,22,39
2017-08-24,68,34,34
2017-08-24,146,63,83
2017-08-24,285,104,181
2017-08-24,538,171,367
2017-08-24,620,162,458
2017-08-24,355,113,242
2017-08-24,188,75,113
2017-08-24,128,61,67
2017-08-24,121,69,52
2017-08-24,100,42,58
2017-08-24,108,48,60
2017-08-24,129,61,68
2017-08-24,293,151,142
2017-08-24,546,305,241
2017-08-24,388,193,195
2017-08-24,141,88,53
2017-08-24,42,23,19
2017-08-24,10,7,3
2017-08-24,1,1,0
2017-08-24,1,0,1
2017-08-24,4,1,3
2017-08-24,18,5,13
2017-08-23,24,8,16
2017-08-23,53,28,25
2017-08-23,64,29,35
2017-08-23,130,48,82
2017-08-23,296,102,194
2017-08-23,546,175,371
2017-08-23,768,175,593
2017-08-23,409,115,294
2017-08-23,160,68,92
2017-08-23,120,56,64
2017-08-23,98,52,46
2017-08-23,92,40,52
2017-08-23,100,42,58
2017-08-23,132,50,82
2017-08-23,347,170,177
2017-08-23,624,326,298
2017-08-23,466,240,226
2017-08-23,172,91,81
2017-08-23,42,27,15
2017-08-23,11,5,6
2017-08-23,9,6,3
2017-08-23,4,2,2
2017-08-23,3,0,3
2017-08-23,8,2,6
2017-08-22,20,9,11
2017-08-22,48,21,27
2017-08-22,70,32,38
2017-08-22,142,59,83
2017-08-22,269,88,181
2017-08-22,458,145,313
2017-08-22,752,190,562
2017-08-22,391,109,282
2017-08-22,163,67,96
2017-08-22,123,41,82
2017-08-22,99,54,45
2017-08-22,95,48,47
2017-08-22,118,61,57
2017-08-22,138,66,72
2017-08-22,331,158,173
2017-08-22,608,328,280
2017-08-22,442,232,210
2017-08-22,147,85,62
2017-08-22,39,28,11
2017-08-22,7,2,5
2017-08-22,4,1,3
2017-08-22,2,0,2
2017-08-22,6,2,4
2017-08-22,17,5,12
2017-08-21,19,12,7
2017-08-21,28,16,12
2017-08-21,51,18,33
2017-08-21,104,39,65
2017-08-21,235,84,151
2017-08-21,402,125,277
2017-08-21,597,136,461
2017-08-21,318,83,235
2017-08-21,149,62,87
2017-08-21,95,43,52
2017-08-21,102,50,52
2017-08-21,100,52,48
2017-08-21,135,72,63
2017-08-21,174,102,72
2017-08-21,253,120,133
2017-08-21,476,236,240
2017-08-21,358,175,183
2017-08-21,118,72,46
2017-08-21,31,20,11
2017-08-21,9,3,6
2017-08-21,2,1,1
2017-08-21,3,0,3
2017-08-21,2,0,2
2017-08-21,7,2,5
2017-08-20,14,6,8
2017-08-20,18,8,10
2017-08-20,42,16,26
2017-08-20,66,35,31
2017-08-20,76,39,37
2017-08-20,111,47,64
2017-08-20,124,46,78
2017-08-20,163,90,73
2017-08-20,152,76,76
2017-08-20,197,90,107
2017-08-20,200,106,94
2017-08-20,191,100,91
2017-08-20,159,80,79
2017-08-20,99,43,56
2017-08-20,78,43,35
2017-08-20,61,22,39
2017-08-20,25,17,8
2017-08-20,13,5,8
2017-08-20,1,0,1
2017-08-20,2,2,0
2017-08-20,5,3,2
2017-08-20,9,6,3
2017-08-20,13,9,4
2017-08-20,19,9,10
2017-08-19,28,7,21
2017-08-19,21,10,11
2017-08-19,46,18,28
2017-08-19,87,42,45
2017-08-19,113,47,66
2017-08-19,132,75,57
2017-08-19,170,81,89
2017-08-19,184,68,116
2017-08-19,187,102,85
2017-08-19,216,122,94
2017-08-19,167,67,100
2017-08-19,190,84,106
2017-08-19,162,80,82
2017-08-19,124,61,63
2017-08-19,101,57,44
2017-08-19,88,41,47
2017-08-19,57,22,35
2017-08-19,25,9,16
2017-08-19,8,5,3
2017-08-19,2,1,1
2017-08-19,5,2,3
2017-08-19,14,5,9
2017-08-19,16,5,11
2017-08-19,27,11,16
2017-08-18,30,14,16
2017-08-18,59,22,37
2017-08-18,82,27,55
2017-08-18,98,44,54
2017-08-18,173,61,112
2017-08-18,348,126,222
2017-08-18,578,158,420
2017-08-18,382,100,282
2017-08-18,206,70,136
2017-08-18,172,64,108
2017-08-18,116,68,48
2017-08-18,109,39,70
2017-08-18,101,46,55
2017-08-18,116,48,68
2017-08-18,276,133,143
2017-08-18,454,228,226
2017-08-18,388,194,194
2017-08-18,155,81,74
2017-08-18,63,27,36
2017-08-18,5,1,4
2017-08-18,5,4,1
2017-08-18,5,2,3
2017-08-18,10,4,6
2017-08-18,12,6,6
2017-08-17,27,15,12
2017-08-17,60,23,37
2017-08-17,98,36,62
2017-08-17,173,63,110
2017-08-17,256,101,155
2017-08-17,556,178,378
2017-08-17,741,165,576
2017-08-17,380,108,272
2017-08-17,182,64,118
2017-08-17,137,67,70
2017-08-17,146,68,78
2017-08-17,94,50,44
2017-08-17,102,53,49
2017-08-17,150,74,76
2017-08-17,315,154,161
2017-08-17,612,342,270
2017-08-17,440,221,219
2017-08-17,153,96,57
2017-08-17,45,32,13
2017-08-17,16,12,4
2017-08-17,6,4,2
2017-08-17,2,2,0
2017-08-17,8,5,3
2017-08-17,16,6,10
2017-08-16,30,11,19
2017-08-16,56,20,36
2017-08-16,99,41,58
2017-08-16,180,77,103
2017-08-16,320,110,210
2017-08-16,523,167,356
2017-08-16,779,192,587
2017-08-16,426,137,289
2017-08-16,178,71,107
2017-08-16,129,64,65
2017-08-16,128,66,62
2017-08-16,123,62,61
2017-08-16,125,60,65
2017-08-16,139,74,65
2017-08-16,369,180,189
2017-08-16,656,345,311
2017-08-16,479,271,208
2017-08-16,186,109,77
2017-08-16,44,24,20
2017-08-16,11,7,4
2017-08-16,2,1,1
2017-08-16,5,1,4
2017-08-16,5,5,0
2017-08-16,18,6,12
2017-08-15,31,19,12
2017-08-15,65,31,34
2017-08-15,113,59,54
2017-08-15,158,81,77
2017-08-15,286,86,200
2017-08-15,487,160,327
2017-08-15,812,174,638
2017-08-15,392,102,290
2017-08-15,185,76,109
2017-08-15,112,44,68
2017-08-15,122,70,52
2017-08-15,110,60,50
2017-08-15,114,53,61
2017-08-15,150,73,77
2017-08-15,319,155,164
2017-08-15,688,372,316
2017-08-15,499,274,225
2017-08-15,189,115,74
2017-08-15,51,40,11
2017-08-15,6,4,2
2017-08-15,0,0,0
2017-08-15,4,0,4
2017-08-15,7,1,6
2017-08-15,15,7,8
2017-08-14,18,9,9
2017-08-14,36,17,19
2017-08-14,75,32,43
2017-08-14,134,52,82
2017-08-14,222,79,143
2017-08-14,506,153,353
2017-08-14,769,186,583
2017-08-14,342,101,241
2017-08-14,161,61,100
2017-08-14,125,50,75
2017-08-14,101,51,50
2017-08-14,93,51,42
2017-08-14,96,55,41
2017-08-14,138,63,75
2017-08-14,329,161,168
2017-08-14,595,305,290
2017-08-14,432,237,195
2017-08-14,172,98,74
2017-08-14,44,30,14
2017-08-14,16,11,5
2017-08-14,2,1,1
2017-08-14,2,2,0
2017-08-14,5,5,0
2017-08-14,10,4,6
2017-08-13,11,4,7
2017-08-13,23,12,11
2017-08-13,33,14,19
2017-08-13,42,21,21
2017-08-13,67,36,31
2017-08-13,113,63,50
2017-08-13,162,72,90
2017-08-13,273,99,174
2017-08-13,375,142,233
2017-08-13,334,113,221
2017-08-13,545,89,456
2017-08-13,637,71,566
2017-08-13,203,38,165
2017-08-13,112,56,56
2017-08-13,92,42,50
2017-08-13,82,42,40
2017-08-13,55,33,22
2017-08-13,66,21,45
2017-08-13,5,3,2
2017-08-13,1,0,1
2017-08-13,2,1,1
2017-08-13,9,4,5
2017-08-13,10,4,6
2017-08-13,16,10,6
2017-08-12,21,7,14
2017-08-12,28,17,11
2017-08-12,45,19,26
2017-08-12,79,37,42
2017-08-12,103,54,49
2017-08-12,145,69,76
2017-08-12,182,75,107
2017-08-12,189,79,110
2017-08-12,208,102,106
2017-08-12,184,114,70
2017-08-12,189,95,94
2017-08-12,211,119,92
2017-08-12,134,55,79
2017-08-12,127,66,61
2017-08-12,90,41,49
2017-08-12,100,60,40
2017-08-12,56,25,31
2017-08-12,36,18,18
2017-08-12,10,5,5
2017-08-12,5,2,3
2017-08-12,3,1,2
2017-08-12,11,5,6
2017-08-12,16,5,11
2017-08-12,33,16,17
2017-08-11,36,12,24
2017-08-11,52,22,30
2017-08-11,59,20,39
2017-08-11,148,62,86
2017-08-11,221,88,133
2017-08-11,365,123,242
2017-08-11,620,169,451
2017-08-11,360,107,253
2017-08-11,236,75,161
2017-08-11,133,56,77
2017-08-11,127,60,67
2017-08-11,118,56,62
2017-08-11,109,50,59
2017-08-11,123,56,67
2017-08-11,252,120,132
2017-08-11,512,262,250
2017-08-11,352,190,162
2017-08-11,128,71,57
2017-08-11,47,25,22
2017-08-11,10,7,3
2017-08-11,2,1,1
2017-08-11,6,1,5
2017-08-11,4,3,1
2017-08-11,22,7,15
2017-08-10,33,14,19
2017-08-10,56,23,33
2017-08-10,78,32,46
2017-08-10,186,69,117
2017-08-10,280,94,186
2017-08-10,440,148,292
2017-08-10,684,180,504
2017-08-10,391,103,288
2017-08-10,170,78,92
2017-08-10,123,61,62
2017-08-10,106,48,58
2017-08-10,94,46,48
2017-08-10,93,49,44
2017-08-10,137,70,67
2017-08-10,307,152,155
2017-08-10,559,283,276
2017-08-10,451,252,199
2017-08-10,144,81,63
2017-08-10,47,28,19
2017-08-10,11,5,6
2017-08-10,4,1,3
2017-08-10,5,3,2
2017-08-10,8,2,6
2017-08-10,29,18,11
2017-08-09,29,12,17
2017-08-09,54,26,28
2017-08-09,111,56,55
2017-08-09,155,65,90
2017-08-09,260,95,165
2017-08-09,554,152,402
2017-08-09,737,171,566
2017-08-09,362,120,242
2017-08-09,160,56,104
2017-08-09,111,47,64
2017-08-09,129,68,61
2017-08-09,96,47,49
2017-08-09,118,61,57
2017-08-09,143,66,77
2017-08-09,316,150,166
2017-08-09,637,324,313
2017-08-09,460,249,211
2017-08-09,174,95,79
2017-08-09,47,32,15
2017-08-09,17,7,10
2017-08-09,2,1,1
2017-08-09,7,4,3
2017-08-09,5,1,4
2017-08-09,15,10,5
2017-08-08,32,6,26
2017-08-08,43,19,24
2017-08-08,111,51,60
2017-08-08,169,74,95
2017-08-08,311,98,213
2017-08-08,486,169,317
2017-08-08,790,180,610
2017-08-08,395,107,288
2017-08-08,158,57,101
2017-08-08,109,45,64
2017-08-08,92,47,45
2017-08-08,103,63,40
2017-08-08,102,50,52
2017-08-08,125,52,73
2017-08-08,352,170,182
2017-08-08,640,332,308
2017-08-08,492,272,220
2017-08-08,208,109,99
2017-08-08,54,42,12
2017-08-08,16,11,5
2017-08-08,4,1,3
2017-08-08,4,3,1
2017-08-08,10,5,5
2017-08-08,14,7,7
2017-08-07,18,9,9
2017-08-07,52,23,29
2017-08-07,75,28,47
2017-08-07,152,66,86
2017-08-07,257,87,170
2017-08-07,494,145,349
2017-08-07,735,185,550
2017-08-07,368,101,267
2017-08-07,164,73,91
2017-08-07,123,61,62
2017-08-07,89,42,47
2017-08-07,103,45,58
2017-08-07,106,49,57
2017-08-07,127,58,69
2017-08-07,295,147,148
2017-08-07,613,298,315
2017-08-07,429,224,205
2017-08-07,169,96,73
2017-08-07,55,32,23
2017-08-07,10,4,6
2017-08-07,2,2,0
2017-08-07,3,3,0
2017-08-07,2,2,0
2017-08-07,7,1,6
2017-08-06,20,10,10
2017-08-06,27,12,15
2017-08-06,35,15,20
2017-08-06,76,28,48
2017-08-06,98,49,49
2017-08-06,127,50,77
2017-08-06,158,74,84
2017-08-06,183,100,83
2017-08-06,175,86,89
2017-08-06,147,89,58
2017-08-06,196,92,104
2017-08-06,195,95,100
2017-08-06,181,79,102
2017-08-06,159,81,78
2017-08-06,121,59,62
2017-08-06,107,46,61
2017-08-06,56,27,29
2017-08-06,13,9,4
2017-08-06,10,6,4
2017-08-06,5,2,3
2017-08-06,8,4,4
2017-08-06,14,4,10
2017-08-06,29,7,22
2017-08-06,32,9,23
2017-08-05,37,8,29
2017-08-05,49,19,30
2017-08-05,57,24,33
2017-08-05,62,26,36
2017-08-05,116,56,60
2017-08-05,106,48,58
2017-08-05,150,70,80
2017-08-05,176,77,99
2017-08-05,169,88,81
2017-08-05,160,85,75
2017-08-05,159,83,76
2017-08-05,161,80,81
2017-08-05,123,68,55
2017-08-05,128,75,53
2017-08-05,142,83,59
2017-08-05,88,46,42
2017-08-05,53,22,31
2017-08-05,19,8,11
2017-08-05,12,7,5
2017-08-05,4,2,2
2017-08-05,5,2,3
2017-08-05,13,6,7
2017-08-05,15,9,6
2017-08-05,22,8,14
2017-08-04,26,12,14
2017-08-04,65,27,38
2017-08-04,88,33,55
2017-08-04,110,41,69
2017-08-04,211,72,139
2017-08-04,306,110,196
2017-08-04,475,104,371
2017-08-04,358,99,259
2017-08-04,161,54,107
2017-08-04,116,35,81
2017-08-04,119,66,53
2017-08-04,117,55,62
2017-08-04,110,47,63
2017-08-04,149,73,76
2017-08-04,268,127,141
2017-08-04,481,242,239
2017-08-04,346,191,155
2017-08-04,126,66,60
2017-08-04,46,33,13
2017-08-04,13,6,7
2017-08-04,1,0,1
2017-08-04,13,6,7
2017-08-04,17,7,10
2017-08-04,13,3,10
2017-08-03,43,15,28
2017-08-03,55,24,31
2017-08-03,110,46,64
2017-08-03,143,53,90
2017-08-03,255,86,169
2017-08-03,445,163,282
2017-08-03,602,142,460
2017-08-03,322,94,228
2017-08-03,134,48,86
2017-08-03,102,40,62
2017-08-03,112,46,66
2017-08-03,90,45,45
2017-08-03,93,45,48
2017-08-03,121,50,71
2017-08-03,317,164,153
2017-08-03,563,274,289
2017-08-03,387,198,189
2017-08-03,130,84,46
2017-08-03,39,23,16
2017-08-03,12,6,6
2017-08-03,2,2,0
2017-08-03,0,0,0
2017-08-03,6,3,3
2017-08-03,14,9,5
2017-08-02,24,9,15
2017-08-02,60,16,44
2017-08-02,107,51,56
2017-08-02,158,66,92
2017-08-02,271,95,176
2017-08-02,471,135,336
2017-08-02,750,174,576
2017-08-02,389,117,272
2017-08-02,164,52,112
2017-08-02,115,47,68
2017-08-02,107,44,63
2017-08-02,112,54,58
2017-08-02,106,42,64
2017-08-02,143,73,70
2017-08-02,373,170,203
2017-08-02,606,325,281
2017-08-02,483,281,202
2017-08-02,189,109,80
2017-08-02,52,35,17
2017-08-02,11,5,6
2017-08-02,2,1,1
2017-08-02,6,3,3
2017-08-02,5,2,3
2017-08-02,16,5,11
2017-08-01,40,18,22
2017-08-01,50,24,26
2017-08-01,104,41,63
2017-08-01,188,72,116
2017-08-01,311,103,208
2017-08-01,508,137,371
2017-08-01,835,214,621
2017-08-01,436,111,325
2017-08-01,194,76,118
2017-08-01,105,46,59
2017-08-01,119,56,63
2017-08-01,112,64,48
2017-08-01,109,55,54
2017-08-01,160,84,76
2017-08-01,343,192,151
2017-08-01,734,395,339
2017-08-01,513,281,232
2017-08-01,209,114,95
2017-08-01,51,30,21
2017-08-01,12,7,5
2017-08-01,2,1,1
2017-08-01,5,1,4
2017-08-01,8,3,5
2017-08-01,18,8,10
2017-07-31,38,12,26
2017-07-31,41,13,28
2017-07-31,106,53,53
2017-07-31,154,56,98
2017-07-31,270,88,182
2017-07-31,555,162,393
2017-07-31,840,199,641
2017-07-31,365,104,261
2017-07-31,167,74,93
2017-07-31,145,68,77
2017-07-31,107,44,63
2017-07-31,107,56,51
2017-07-31,119,58,61
2017-07-31,148,73,75
2017-07-31,364,172,192
2017-07-31,660,348,312
2017-07-31,492,269,223
2017-07-31,166,99,67
2017-07-31,52,32,20
2017-07-31,11,6,5
2017-07-31,2,2,0
2017-07-31,1,1,0
2017-07-31,7,5,2
2017-07-31,5,2,3
2017-07-30,24,12,12
2017-07-30,34,21,13
2017-07-30,52,18,34
2017-07-30,96,49,47
2017-07-30,116,46,70
2017-07-30,152,60,92
2017-07-30,203,103,100
2017-07-30,179,82,97
2017-07-30,177,82,95
2017-07-30,199,89,110
2017-07-30,193,89,104
2017-07-30,189,105,84
2017-07-30,156,70,86
2017-07-30,128,48,80
2017-07-30,93,54,39
2017-07-30,76,40,36
2017-07-30,37,26,11
2017-07-30,28,13,15
2017-07-30,13,10,3
2017-07-30,7,5,2
2017-07-30,4,1,3
2017-07-30,8,3,5
2017-07-30,22,8,14
2017-07-30,33,11,22
2017-07-29,40,16,24
2017-07-29,49,20,29
2017-07-29,69,32,37
2017-07-29,90,49,41
2017-07-29,99,52,47
2017-07-29,158,76,82
2017-07-29,161,71,90
2017-07-29,181,91,90
2017-07-29,199,93,106
2017-07-29,208,117,91
2017-07-29,224,102,122
2017-07-29,182,101,81
2017-07-29,206,108,98
2017-07-29,168,89,79
2017-07-29,134,59,75
2017-07-29,88,44,44
2017-07-29,65,23,42
2017-07-29,33,15,18
2017-07-29,12,6,6
2017-07-29,5,3,2
2017-07-29,4,1,3
2017-07-29,12,9,3
2017-07-29,18,6,12
2017-07-29,30,11,19
2017-07-28,45,15,30
2017-07-28,67,30,37
2017-07-28,106,49,57
2017-07-28,128,45,83
2017-07-28,209,82,127
2017-07-28,398,110,288
2017-07-28,652,196,456
2017-07-28,385,91,294
2017-07-28,232,83,149
2017-07-28,173,72,101
2017-07-28,114,47,67
2017-07-28,119,61,58
2017-07-28,117,58,59
2017-07-28,150,64,86
2017-07-28,297,143,154
2017-07-28,533,285,248
2017-07-28,353,192,161
2017-07-28,150,79,71
2017-07-28,45,30,15
2017-07-28,11,6,5
2017-07-28,2,0,2
2017-07-28,2,1,1
2017-07-28,8,4,4
2017-07-28,15,7,8
2017-07-27,29,10,19
2017-07-27,48,19,29
2017-07-27,105,48,57
2017-07-27,169,72,97
2017-07-27,252,77,175
2017-07-27,417,127,290
2017-07-27,613,169,444
2017-07-27,325,96,229
2017-07-27,163,55,108
2017-07-27,112,59,53
2017-07-27,84,46,38
2017-07-27,71,44,27
2017-07-27,85,41,44
2017-07-27,128,63,65
2017-07-27,256,130,126
2017-07-27,499,257,242
2017-07-27,335,184,151
2017-07-27,175,101,74
2017-07-27,59,35,24
2017-07-27,17,10,7
2017-07-27,4,2,2
2017-07-27,6,3,3
2017-07-27,14,7,7
2017-07-27,14,7,7
2017-07-26,34,11,23
2017-07-26,85,38,47
2017-07-26,115,52,63
2017-07-26,205,67,138
2017-07-26,297,93,204
2017-07-26,551,167,384
2017-07-26,788,217,571
2017-07-26,402,110,292
2017-07-26,194,75,119
2017-07-26,134,42,92
2017-07-26,106,44,62
2017-07-26,106,62,44
2017-07-26,110,61,49
2017-07-26,163,72,91
2017-07-26,348,167,181
2017-07-26,650,357,293
2017-07-26,507,276,231
2017-07-26,205,119,86
2017-07-26,46,28,18
2017-07-26,14,6,8
2017-07-26,1,0,1
2017-07-26,4,2,2
2017-07-26,5,5,0
2017-07-26,17,6,11
2017-07-25,31,15,16
2017-07-25,61,27,34
2017-07-25,110,49,61
2017-07-25,185,72,113
2017-07-25,333,107,226
2017-07-25,529,160,369
2017-07-25,798,205,593
2017-07-25,404,107,297
2017-07-25,170,77,93
2017-07-25,150,69,81
2017-07-25,96,60,36
2017-07-25,108,49,59
2017-07-25,115,58,57
2017-07-25,133,64,69
2017-07-25,343,155,188
2017-07-25,707,398,309
2017-07-25,534,274,260
2017-07-25,196,106,90
2017-07-25,52,33,19
2017-07-25,12,6,6
2017-07-25,5,2,3
2017-07-25,2,1,1
2017-07-25,9,7,2
2017-07-25,11,3,8
2017-07-24,36,11,25
2017-07-24,60,32,28
2017-07-24,104,41,63
2017-07-24,159,63,96
2017-07-24,259,91,168
2017-07-24,541,173,368
2017-07-24,783,185,598
2017-07-24,431,115,316
2017-07-24,174,71,103
2017-07-24,144,55,89
2017-07-24,105,59,46
2017-07-24,101,46,55
2017-07-24,118,55,63
2017-07-24,132,61,71
2017-07-24,348,163,185
2017-07-24,667,362,305
2017-07-24,462,260,202
2017-07-24,193,114,79
2017-07-24,48,34,14
2017-07-24,11,3,8
2017-07-24,6,3,3
2017-07-24,5,2,3
2017-07-24,7,6,1
2017-07-24,13,4,9
2017-07-23,23,13,10
2017-07-23,36,17,19
2017-07-23,51,12,39
2017-07-23,76,26,50
2017-07-23,111,51,60
2017-07-23,122,54,68
2017-07-23,157,69,88
2017-07-23,168,87,81
2017-07-23,226,102,124
2017-07-23,187,99,88
2017-07-23,218,116,102
2017-07-23,163,80,83
2017-07-23,167,74,93
2017-07-23,134,71,63
2017-07-23,95,50,45
2017-07-23,76,40,36
2017-07-23,51,23,28
2017-07-23,25,12,13
2017-07-23,11,5,6
2017-07-23,5,2,3
2017-07-23,2,0,2
2017-07-23,4,3,1
2017-07-23,14,2,12
2017-07-23,33,12,21
2017-07-22,30,10,20
2017-07-22,29,9,20
2017-07-22,58,26,32
2017-07-22,75,32,43
2017-07-22,94,44,50
2017-07-22,139,73,66
2017-07-22,159,86,73
2017-07-22,194,105,89
2017-07-22,197,85,112
2017-07-22,229,110,119
2017-07-22,178,103,75
2017-07-22,200,103,97
2017-07-22,202,91,111
2017-07-22,149,67,82
2017-07-22,125,71,54
2017-07-22,104,54,50
2017-07-22,61,31,30
2017-07-22,30,14,16
2017-07-22,13,9,4
2017-07-22,4,2,2
2017-07-22,13,6,7
2017-07-22,4,2,2
2017-07-22,17,9,8
2017-07-22,34,11,23
2017-07-21,34,9,25
2017-07-21,25,8,17
2017-07-21,71,35,36
2017-07-21,112,44,68
2017-07-21,182,63,119
2017-07-21,348,94,254
2017-07-21,595,156,439
2017-07-21,376,111,265
2017-07-21,230,76,154
2017-07-21,157,69,88
2017-07-21,121,52,69
2017-07-21,98,43,55
2017-07-21,105,47,58
2017-07-21,124,56,68
2017-07-21,318,160,158
2017-07-21,519,289,230
2017-07-21,377,216,161
2017-07-21,149,88,61
2017-07-21,39,28,11
2017-07-21,7,3,4
2017-07-21,3,1,2
2017-07-21,3,0,3
2017-07-21,9,2,7
2017-07-21,11,5,6
2017-07-20,34,13,21
2017-07-20,65,24,41
2017-07-20,116,42,74
2017-07-20,173,79,94
2017-07-20,266,88,178
2017-07-20,509,168,341
2017-07-20,688,186,502
2017-07-20,378,114,264
2017-07-20,176,70,106
2017-07-20,112,43,69
2017-07-20,107,49,58
2017-07-20,93,48,45
2017-07-20,97,41,56
2017-07-20,138,75,63
2017-07-20,323,152,171
2017-07-20,653,323,330
2017-07-20,437,243,194
2017-07-20,160,86,74
2017-07-20,56,39,17
2017-07-20,8,6,2
2017-07-20,3,1,2
2017-07-20,2,0,2
2017-07-20,4,3,1
2017-07-20,17,6,11
2017-07-19,22,6,16
2017-07-19,64,30,34
2017-07-19,102,35,67
2017-07-19,157,63,94
2017-07-19,294,108,186
2017-07-19,558,175,383
2017-07-19,771,182,589
2017-07-19,412,110,302
2017-07-19,216,69,147
2017-07-19,132,57,75
2017-07-19,126,57,69
2017-07-19,108,50,58
2017-07-19,132,64,68
2017-07-19,191,111,80
2017-07-19,329,148,181
2017-07-19,695,364,331
2017-07-19,491,273,218
2017-07-19,203,111,92
2017-07-19,53,37,16
2017-07-19,9,3,6
2017-07-19,1,1,0
2017-07-19,3,0,3
2017-07-19,8,2,6
2017-07-19,11,5,6
2017-07-18,45,23,22
2017-07-18,67,24,43
2017-07-18,111,47,64
2017-07-18,232,83,149
2017-07-18,287,97,190
2017-07-18,552,167,385
2017-07-18,815,198,617
2017-07-18,437,138,299
2017-07-18,201,71,130
2017-07-18,150,67,83
2017-07-18,99,49,50
2017-07-18,112,46,66
2017-07-18,107,63,44
2017-07-18,141,64,77
2017-07-18,345,178,167
2017-07-18,731,394,337
2017-07-18,518,309,209
2017-07-18,198,111,87
2017-07-18,61,37,24
2017-07-18,9,6,3
2017-07-18,2,1,1
2017-07-18,6,4,2
2017-07-18,3,1,2
2017-07-18,9,2,7
2017-07-17,24,15,9
2017-07-17,50,20,30
2017-07-17,84,28,56
2017-07-17,168,59,109
2017-07-17,276,98,178
2017-07-17,563,150,413
2017-07-17,763,177,586
2017-07-17,399,119,280
2017-07-17,171,69,102
2017-07-17,127,44,83
2017-07-17,109,59,50
2017-07-17,99,47,52
2017-07-17,95,54,41
2017-07-17,134,62,72
2017-07-17,331,152,179
2017-07-17,648,339,309
2017-07-17,482,263,219
2017-07-17,179,88,91
2017-07-17,63,42,21
2017-07-17,10,5,5
2017-07-17,4,2,2
2017-07-17,2,1,1
2017-07-17,3,0,3
2017-07-17,7,3,4
2017-07-16,16,8,8
2017-07-16,31,14,17
2017-07-16,35,12,23
2017-07-16,68,28,40
2017-07-16,112,59,53
2017-07-16,159,84,75
2017-07-16,148,78,70
2017-07-16,163,68,95
2017-07-16,190,100,90
2017-07-16,227,102,125
2017-07-16,182,93,89
2017-07-16,197,100,97
2017-07-16,152,84,68
2017-07-16,145,75,70
2017-07-16,98,46,52
2017-07-16,82,43,39
2017-07-16,40,19,21
2017-07-16,23,10,13
2017-07-16,12,9,3
2017-07-16,8,4,4
2017-07-16,2,1,1
2017-07-16,5,0,5
2017-07-16,10,2,8
2017-07-16,26,4,22
2017-07-15,19,6,13
2017-07-15,35,12,23
2017-07-15,69,34,35
2017-07-15,89,40,49
2017-07-15,154,63,91
2017-07-15,129,67,62
2017-07-15,193,92,101
2017-07-15,153,72,81
2017-07-15,186,74,112
2017-07-15,189,84,105
2017-07-15,211,114,97
2017-07-15,220,110,110
2017-07-15,170,83,87
2017-07-15,153,76,77
2017-07-15,129,65,64
2017-07-15,112,61,51
2017-07-15,61,36,25
2017-07-15,36,13,23
2017-07-15,36,11,25
2017-07-15,30,10,20
2017-07-15,9,3,6
2017-07-15,4,3,1
2017-07-15,12,5,7
2017-07-15,27,11,16
2017-07-14,37,15,22
2017-07-14,48,20,28
2017-07-14,92,34,58
2017-07-14,137,51,86
2017-07-14,221,91,130
2017-07-14,395,105,290
2017-07-14,634,170,464
2017-07-14,413,130,283
2017-07-14,229,80,149
2017-07-14,135,50,85
2017-07-14,127,61,66
2017-07-14,135,65,70
2017-07-14,111,53,58
2017-07-14,157,73,84
2017-07-14,300,159,141
2017-07-14,522,278,244
2017-07-14,397,237,160
2017-07-14,156,86,70
2017-07-14,47,29,18
2017-07-14,10,5,5
2017-07-14,3,1,2
2017-07-14,2,2,0
2017-07-14,6,3,3
2017-07-14,15,5,10
2017-07-13,22,9,13
2017-07-13,69,25,44
2017-07-13,107,62,45
2017-07-13,212,66,146
2017-07-13,197,72,125
2017-07-13,69,52,17
2017-07-13,663,162,501
2017-07-13,360,101,259
2017-07-13,163,64,99
2017-07-13,114,40,74
2017-07-13,86,40,46
2017-07-13,81,34,47
2017-07-13,98,54,44
2017-07-13,127,64,63
2017-07-13,312,174,138
2017-07-13,599,317,282
2017-07-13,433,255,178
2017-07-13,170,103,67
2017-07-13,50,36,14
2017-07-13,12,6,6
2017-07-13,2,2,0
2017-07-13,2,1,1
2017-07-13,2,1,1
2017-07-13,18,9,9
2017-07-12,21,12,9
2017-07-12,75,39,36
2017-07-12,111,52,59
2017-07-12,236,83,153
2017-07-12,311,102,209
2017-07-12,612,199,413
2017-07-12,773,185,588
2017-07-12,417,124,293
2017-07-12,197,88,109
2017-07-12,134,56,78
2017-07-12,142,64,78
2017-07-12,115,63,52
2017-07-12,120,70,50
2017-07-12,145,59,86
2017-07-12,325,169,156
2017-07-12,699,373,326
2017-07-12,519,307,212
2017-07-12,199,114,85
2017-07-12,61,42,19
2017-07-12,11,4,7
2017-07-12,4,2,2
2017-07-12,3,1,2
2017-07-12,7,6,1
2017-07-12,13,3,10
2017-07-11,29,13,16
2017-07-11,52,25,27
2017-07-11,103,47,56
2017-07-11,162,64,98
2017-07-11,314,117,197
2017-07-11,558,172,386
2017-07-11,834,194,640
2017-07-11,404,131,273
2017-07-11,190,72,118
2017-07-11,123,67,56
2017-07-11,108,51,57
2017-07-11,90,42,48
2017-07-11,115,41,74
2017-07-11,144,82,62
2017-07-11,371,177,194
2017-07-11,595,320,275
2017-07-11,481,273,208
2017-07-11,228,117,111
2017-07-11,55,36,19
2017-07-11,15,8,7
2017-07-11,4,2,2
2017-07-11,3,1,2
2017-07-11,4,2,2
2017-07-11,6,4,2
2017-07-10,17,4,13
2017-07-10,44,21,23
2017-07-10,79,45,34
2017-07-10,165,63,102
2017-07-10,259,84,175
2017-07-10,580,178,402
2017-07-10,792,183,609
2017-07-10,390,126,264
2017-07-10,170,61,109
2017-07-10,112,45,67
2017-07-10,99,57,42
2017-07-10,98,50,48
2017-07-10,85,43,42
2017-07-10,142,59,83
2017-07-10,342,180,162
2017-07-10,665,347,318
2017-07-10,478,288,190
2017-07-10,210,126,84
2017-07-10,54,30,24
2017-07-10,8,3,5
2017-07-10,1,1,0
2017-07-10,0,0,0
2017-07-10,8,6,2
2017-07-10,8,4,4
2017-07-09,25,12,13
2017-07-09,28,6,22
2017-07-09,65,27,38
2017-07-09,85,41,44
2017-07-09,107,54,53
2017-07-09,152,74,78
2017-07-09,171,82,89
2017-07-09,167,68,99
2017-07-09,161,74,87
2017-07-09,228,104,124
2017-07-09,195,101,94
2017-07-09,242,117,125
2017-07-09,189,101,88
2017-07-09,140,80,60
2017-07-09,112,55,57
2017-07-09,87,49,38
2017-07-09,43,21,22
2017-07-09,22,16,6
2017-07-09,6,6,0
2017-07-09,3,2,1
2017-07-09,5,1,4
2017-07-09,9,3,6
2017-07-09,13,7,6
2017-07-09,19,8,11
2017-07-08,34,6,28
2017-07-08,43,18,25
2017-07-08,90,41,49
2017-07-08,103,47,56
2017-07-08,130,71,59
2017-07-08,147,77,70
2017-07-08,191,93,98
2017-07-08,201,100,101
2017-07-08,236,122,114
2017-07-08,229,111,118
2017-07-08,195,109,86
2017-07-08,174,87,87
2017-07-08,217,108,109
2017-07-08,156,71,85
2017-07-08,156,84,72
2017-07-08,135,65,70
2017-07-08,57,25,32
2017-07-08,39,23,16
2017-07-08,11,6,5
2017-07-08,4,1,3
2017-07-08,5,5,0
2017-07-08,6,4,2
2017-07-08,20,17,3
2017-07-08,43,17,26
2017-07-07,288,37,251
2017-07-07,277,64,213
2017-07-07,99,38,61
2017-07-07,155,74,81
2017-07-07,216,83,133
2017-07-07,413,150,263
2017-07-07,634,155,479
2017-07-07,393,106,287
2017-07-07,229,69,160
2017-07-07,128,53,75
2017-07-07,105,67,38
2017-07-07,135,59,76
2017-07-07,109,52,57
2017-07-07,111,50,61
2017-07-07,315,160,155
2017-07-07,542,284,258
2017-07-07,397,219,178
2017-07-07,164,93,71
2017-07-07,43,28,15
2017-07-07,5,2,3
2017-07-07,4,2,2
2017-07-07,7,2,5
2017-07-07,8,3,5
2017-07-07,23,11,12
2017-07-06,33,14,19
2017-07-06,68,36,32
2017-07-06,125,59,66
2017-07-06,160,57,103
2017-07-06,317,109,208
2017-07-06,569,179,390
2017-07-06,764,176,588
2017-07-06,374,111,263
2017-07-06,186,72,114
2017-07-06,117,48,69
2017-07-06,130,51,79
2017-07-06,107,56,51
2017-07-06,121,60,61
2017-07-06,142,58,84
2017-07-06,346,177,169
2017-07-06,656,356,300
2017-07-06,486,288,198
2017-07-06,196,111,85
2017-07-06,49,31,18
2017-07-06,11,6,5
2017-07-06,3,1,2
2017-07-06,2,1,1
2017-07-06,7,1,6
2017-07-06,11,5,6
2017-07-05,28,8,20
2017-07-05,60,33,27
2017-07-05,94,39,55
2017-07-05,170,66,104
2017-07-05,282,89,193
2017-07-05,514,178,336
2017-07-05,709,161,548
2017-07-05,369,116,253
2017-07-05,147,54,93
2017-07-05,126,44,82
2017-07-05,120,57,63
2017-07-05,94,54,40
2017-07-05,99,42,57
2017-07-05,132,69,63
2017-07-05,321,155,166
2017-07-05,578,322,256
2017-07-05,391,231,160
2017-07-05,170,104,66
2017-07-05,43,27,16
2017-07-05,5,2,3
2017-07-05,3,3,0
2017-07-05,6,1,5
2017-07-05,22,10,12
2017-07-05,42,23,19
2017-07-04,155,45,110
2017-07-04,104,58,46
2017-07-04,146,86,60
2017-07-04,149,63,86
2017-07-04,173,90,83
2017-07-04,207,86,121
2017-07-04,213,89,124
2017-07-04,240,118,122
2017-07-04,221,95,126
2017-07-04,243,110,133
2017-07-04,224,103,121
2017-07-04,204,105,99
2017-07-04,207,120,87
2017-07-04,176,94,82
2017-07-04,198,116,82
2017-07-04,99,52,47
2017-07-04,64,33,31
2017-07-04,31,16,15
2017-07-04,12,11,1
2017-07-04,8,2,6
2017-07-04,3,1,2
2017-07-04,1,1,0
2017-07-04,11,9,2
2017-07-04,10,5,5
2017-07-03,34,19,15
2017-07-03,38,24,14
2017-07-03,65,30,35
2017-07-03,120,53,67
2017-07-03,174,69,105
2017-07-03,243,92,151
2017-07-03,374,123,251
2017-07-03,294,105,189
2017-07-03,245,76,169
2017-07-03,175,62,113
2017-07-03,115,53,62
2017-07-03,122,59,63
2017-07-03,106,35,71
2017-07-03,125,57,68
2017-07-03,199,96,103
2017-07-03,285,150,135
2017-07-03,214,128,86
2017-07-03,103,55,48
2017-07-03,38,29,9
2017-07-03,12,5,7
2017-07-03,4,2,2
2017-07-03,1,0,1
2017-07-03,6,2,4
2017-07-03,8,4,4
2017-07-02,22,8,14
2017-07-02,34,13,21
2017-07-02,43,25,18
2017-07-02,75,39,36
2017-07-02,130,59,71
2017-07-02,135,71,64
2017-07-02,181,76,105
2017-07-02,191,91,100
2017-07-02,244,132,112
2017-07-02,166,94,72
2017-07-02,229,110,119
2017-07-02,183,107,76
2017-07-02,138,73,65
2017-07-02,144,71,73
2017-07-02,119,53,66
2017-07-02,100,65,35
2017-07-02,29,13,16
2017-07-02,31,13,18
2017-07-02,8,3,5
2017-07-02,5,4,1
2017-07-02,2,1,1
2017-07-02,8,5,3
2017-07-02,5,0,5
2017-07-02,33,21,12
2017-07-01,41,14,27
2017-07-01,42,16,26
2017-07-01,71,30,41
2017-07-01,69,36,33
2017-07-01,97,44,53
2017-07-01,123,70,53
2017-07-01,191,85,106
2017-07-01,199,86,113
2017-07-01,189,85,104
2017-07-01,173,87,86
2017-07-01,168,82,86
2017-07-01,141,70,71
2017-07-01,159,87,72
2017-07-01,118,47,71
2017-07-01,115,68,47
2017-07-01,109,60,49
2017-07-01,64,30,34
2017-07-01,30,14,16
2017-07-01,15,11,4
2017-07-01,2,2,0
2017-07-01,5,3,2
2017-07-01,10,4,6
2017-07-01,8,3,5
2017-07-01,19,7,12
2017-06-30,36,13,23
2017-06-30,58,22,36
2017-06-30,87,38,49
2017-06-30,119,43,76
2017-06-30,225,82,143
2017-06-30,361,112,249
2017-06-30,591,151,440
2017-06-30,417,115,302
2017-06-30,253,79,174
2017-06-30,183,75,108
2017-06-30,124,46,78
2017-06-30,155,81,74
2017-06-30,135,74,61
2017-06-30,157,76,81
2017-06-30,295,135,160
2017-06-30,540,302,238
2017-06-30,378,218,160
2017-06-30,162,105,57
2017-06-30,47,31,16
2017-06-30,6,3,3
2017-06-30,2,0,2
2017-06-30,4,2,2
2017-06-30,14,7,7
2017-06-30,16,4,12
2017-06-29,26,14,12
2017-06-29,63,35,28
2017-06-29,136,72,64
2017-06-29,162,64,98
2017-06-29,285,96,189
2017-06-29,498,143,355
2017-06-29,749,173,576
2017-06-29,373,117,256
2017-06-29,221,94,127
2017-06-29,122,59,63
2017-06-29,140,63,77
2017-06-29,110,50,60
2017-06-29,104,43,61
2017-06-29,143,58,85
2017-06-29,358,185,173
2017-06-29,583,328,255
2017-06-29,430,250,180
2017-06-29,172,102,70
2017-06-29,53,36,17
2017-06-29,4,2,2
2017-06-29,2,1,1
2017-06-29,1,0,1
2017-06-29,1,1,0
2017-06-29,7,2,5
2017-06-28,18,7,11
2017-06-28,52,23,29
2017-06-28,114,53,61
2017-06-28,190,72,118
2017-06-28,290,100,190
2017-06-28,527,173,354
2017-06-28,707,163,544
2017-06-28,353,112,241
2017-06-28,151,64,87
2017-06-28,91,44,47
2017-06-28,85,41,44
2017-06-28,94,49,45
2017-06-28,92,35,57
2017-06-28,141,66,75
2017-06-28,304,144,160
2017-06-28,599,343,256
2017-06-28,473,275,198
2017-06-28,190,116,74
2017-06-28,57,41,16
2017-06-28,9,4,5
2017-06-28,3,1,2
2017-06-28,2,0,2
2017-06-28,5,2,3
2017-06-28,12,4,8
2017-06-27,26,10,16
2017-06-27,55,27,28
2017-06-27,98,48,50
2017-06-27,160,60,100
2017-06-27,267,95,172
2017-06-27,502,142,360
2017-06-27,771,199,572
2017-06-27,433,134,299
2017-06-27,157,69,88
2017-06-27,110,48,62
2017-06-27,94,49,45
2017-06-27,82,37,45
2017-06-27,88,43,45
2017-06-27,139,74,65
2017-06-27,338,171,167
2017-06-27,606,327,279
2017-06-27,515,292,223
2017-06-27,175,106,69
2017-06-27,52,35,17
2017-06-27,5,2,3
2017-06-27,3,1,2
2017-06-27,6,2,4
2017-06-27,7,6,1
2017-06-27,13,4,9
2017-06-26,20,10,10
2017-06-26,47,26,21
2017-06-26,97,43,54
2017-06-26,137,51,86
2017-06-26,292,105,187
2017-06-26,471,151,320
2017-06-26,729,170,559
2017-06-26,328,86,242
2017-06-26,162,61,101
2017-06-26,101,48,53
2017-06-26,81,46,35
2017-06-26,80,35,45
2017-06-26,81,40,41
2017-06-26,110,55,55
2017-06-26,317,153,164
2017-06-26,597,334,263
2017-06-26,492,299,193
2017-06-26,160,94,66
2017-06-26,48,33,15
2017-06-26,2,1,1
2017-06-26,2,0,2
2017-06-26,2,1,1
2017-06-26,4,2,2
2017-06-26,10,3,7
2017-06-25,20,9,11
2017-06-25,27,9,18
2017-06-25,59,32,27
2017-06-25,69,22,47
2017-06-25,113,43,70
2017-06-25,95,50,45
2017-06-25,122,70,52
2017-06-25,210,82,128
2017-06-25,145,83,62
2017-06-25,141,72,69
2017-06-25,166,71,95
2017-06-25,209,105,104
2017-06-25,212,114,98
2017-06-25,184,99,85
2017-06-25,146,74,72
2017-06-25,106,67,39
2017-06-25,73,39,34
2017-06-25,12,5,7
2017-06-25,12,9,3
2017-06-25,3,3,0
2017-06-25,3,1,2
2017-06-25,8,4,4
2017-06-25,10,3,7
2017-06-25,19,4,15
2017-06-24,32,11,21
2017-06-24,39,19,20
2017-06-24,69,27,42
2017-06-24,110,43,67
2017-06-24,101,41,60
2017-06-24,138,69,69
2017-06-24,142,67,75
2017-06-24,144,60,84
2017-06-24,202,80,122
2017-06-24,189,87,102
2017-06-24,173,88,85
2017-06-24,200,95,105
2017-06-24,207,113,94
2017-06-24,182,101,81
2017-06-24,177,101,76
2017-06-24,151,93,58
2017-06-24,88,41,47
2017-06-24,31,13,18
2017-06-24,17,11,6
2017-06-24,5,2,3
2017-06-24,4,3,1
2017-06-24,14,9,5
2017-06-24,10,2,8
2017-06-24,21,7,14
2017-06-23,36,15,21
2017-06-23,46,18,28
2017-06-23,74,29,45
2017-06-23,114,55,59
2017-06-23,182,57,125
2017-06-23,333,116,217
2017-06-23,621,170,451
2017-06-23,460,127,333
2017-06-23,253,103,150
2017-06-23,148,56,92
2017-06-23,131,57,74
2017-06-23,128,70,58
2017-06-23,120,56,64
2017-06-23,140,81,59
2017-06-23,297,161,136
2017-06-23,594,332,262
2017-06-23,394,215,179
2017-06-23,153,90,63
2017-06-23,40,28,12
2017-06-23,10,5,5
2017-06-23,3,2,1
2017-06-23,5,2,3
2017-06-23,6,0,6
2017-06-23,15,10,5
2017-06-22,32,14,18
2017-06-22,88,46,42
2017-06-22,102,43,59
2017-06-22,198,82,116
2017-06-22,304,100,204
2017-06-22,569,185,384
2017-06-22,743,178,565
2017-06-22,398,118,280
2017-06-22,200,81,119
2017-06-22,130,47,83
2017-06-22,99,54,45
2017-06-22,113,53,60
2017-06-22,122,68,54
2017-06-22,149,71,78
2017-06-22,336,177,159
2017-06-22,628,344,284
2017-06-22,483,266,217
2017-06-22,230,139,91
2017-06-22,51,38,13
2017-06-22,11,6,5
2017-06-22,3,1,2
2017-06-22,3,0,3
2017-06-22,9,6,3
2017-06-22,10,4,6
2017-06-21,32,17,15
2017-06-21,81,31,50
2017-06-21,103,50,53
2017-06-21,179,69,110
2017-06-21,263,88,175
2017-06-21,483,134,349
2017-06-21,766,206,560
2017-06-21,393,103,290
2017-06-21,182,68,114
2017-06-21,122,54,68
2017-06-21,78,35,43
2017-06-21,101,48,53
2017-06-21,76,30,46
2017-06-21,118,60,58
2017-06-21,340,177,163
2017-06-21,609,337,272
2017-06-21,467,291,176
2017-06-21,188,101,87
2017-06-21,50,33,17
2017-06-21,4,2,2
2017-06-21,2,2,0
2017-06-21,3,2,1
2017-06-21,5,2,3
2017-06-21,5,2,3
2017-06-20,23,6,17
2017-06-20,36,20,16
2017-06-20,51,23,28
2017-06-20,117,54,63
2017-06-20,240,80,160
2017-06-20,433,114,319
2017-06-20,621,141,480
2017-06-20,315,87,228
2017-06-20,278,202,76
2017-06-20,76,22,54
2017-06-20,71,39,32
2017-06-20,74,33,41
2017-06-20,79,31,48
2017-06-20,100,47,53
2017-06-20,282,148,134
2017-06-20,501,282,219
2017-06-20,403,238,165
2017-06-20,161,101,60
2017-06-20,44,30,14
2017-06-20,12,8,4
2017-06-20,3,2,1
2017-06-20,3,1,2
2017-06-20,0,0,0
2017-06-20,12,7,5
2017-06-19,24,7,17
2017-06-19,49,13,36
2017-06-19,86,48,38
2017-06-19,161,63,98
2017-06-19,208,69,139
2017-06-19,488,139,349
2017-06-19,714,158,556
2017-06-19,349,87,262
2017-06-19,130,63,67
2017-06-19,98,46,52
2017-06-19,90,43,47
2017-06-19,92,47,45
2017-06-19,75,39,36
2017-06-19,111,49,62
2017-06-19,284,130,154
2017-06-19,608,327,281
2017-06-19,441,268,173
2017-06-19,159,101,58
2017-06-19,40,30,10
2017-06-19,7,3,4
2017-06-19,3,1,2
2017-06-19,1,0,1
2017-06-19,0,0,0
2017-06-19,3,2,1
2017-06-18,21,5,16
2017-06-18,26,12,14
2017-06-18,40,14,26
2017-06-18,51,22,29
2017-06-18,85,52,33
2017-06-18,93,51,42
2017-06-18,142,75,67
2017-06-18,110,58,52
2017-06-18,136,70,66
2017-06-18,164,81,83
2017-06-18,142,69,73
2017-06-18,130,55,75
2017-06-18,136,75,61
2017-06-18,103,48,55
2017-06-18,109,48,61
2017-06-18,72,35,37
2017-06-18,34,23,11
2017-06-18,25,15,10
2017-06-18,11,5,6
2017-06-18,5,5,0
2017-06-18,3,1,2
2017-06-18,6,3,3
2017-06-18,7,2,5
2017-06-18,22,11,11
2017-06-17,16,7,9
2017-06-17,30,16,14
2017-06-17,51,21,30
2017-06-17,48,19,29
2017-06-17,87,43,44
2017-06-17,85,33,52
2017-06-17,147,89,58
2017-06-17,160,63,97
2017-06-17,108,53,55
2017-06-17,91,52,39
2017-06-17,30,16,14
2017-06-17,48,22,26
2017-06-17,213,91,122
2017-06-17,182,74,108
2017-06-17,159,77,82
2017-06-17,101,52,49
2017-06-17,60,26,34
2017-06-17,32,15,17
2017-06-17,14,9,5
2017-06-17,1,0,1
2017-06-17,2,1,1
2017-06-17,10,7,3
2017-06-17,9,6,3
2017-06-17,25,7,18
2017-06-16,40,25,15
2017-06-16,42,16,26
2017-06-16,70,30,40
2017-06-16,116,46,70
2017-06-16,172,71,101
2017-06-16,384,113,271
2017-06-16,526,135,391
2017-06-16,374,108,266
2017-06-16,181,70,111
2017-06-16,139,49,90
2017-06-16,123,62,61
2017-06-16,93,51,42
2017-06-16,97,41,56
2017-06-16,110,63,47
2017-06-16,243,126,117
2017-06-16,446,256,190
2017-06-16,338,201,137
2017-06-16,120,73,47
2017-06-16,39,26,13
2017-06-16,3,2,1
2017-06-16,2,0,2
2017-06-16,2,0,2
2017-06-16,1,0,1
2017-06-16,4,3,1
2017-06-15,5,1,4
2017-06-15,20,7,13
2017-06-15,24,7,17
2017-06-15,45,12,33
2017-06-15,93,25,68
2017-06-15,254,78,176
2017-06-15,358,78,280
2017-06-15,169,49,120
2017-06-15,65,19,46
2017-06-15,29,12,17
2017-06-15,24,8,16
2017-06-15,23,11,12
2017-06-15,37,16,21
2017-06-15,53,28,25
2017-06-15,180,100,80
2017-06-15,410,237,173
2017-06-15,241,128,113
2017-06-15,97,55,42
2017-06-15,39,26,13
2017-06-15,5,3,2
2017-06-15,4,3,1
2017-06-15,0,0,0
2017-06-15,5,1,4
2017-06-15,6,1,5
2017-06-14,29,18,11
2017-06-14,41,15,26
2017-06-14,80,32,48
2017-06-14,161,74,87
2017-06-14,256,88,168
2017-06-14,463,143,320
2017-06-14,754,184,570
2017-06-14,318,88,230
2017-06-14,168,65,103
2017-06-14,124,48,76
2017-06-14,98,48,50
2017-06-14,92,47,45
2017-06-14,87,39,48
2017-06-14,137,57,80
2017-06-14,293,131,162
2017-06-14,545,318,227
2017-06-14,487,286,201
2017-06-14,186,111,75
2017-06-14,55,36,19
2017-06-14,10,6,4
2017-06-14,2,2,0
2017-06-14,3,2,1
2017-06-14,2,1,1
2017-06-14,8,3,5
2017-06-13,18,5,13
2017-06-13,37,11,26
2017-06-13,57,25,32
2017-06-13,98,33,65
2017-06-13,208,71,137
2017-06-13,382,106,276
2017-06-13,568,124,444
2017-06-13,278,95,183
2017-06-13,123,46,77
2017-06-13,90,35,55
2017-06-13,67,32,35
2017-06-13,67,32,35
2017-06-13,53,23,30
2017-06-13,103,50,53
2017-06-13,229,122,107
2017-06-13,501,279,222
2017-06-13,333,186,147
2017-06-13,149,85,64
2017-06-13,43,29,14
2017-06-13,9,5,4
2017-06-13,3,1,2
2017-06-13,2,0,2
2017-06-13,3,2,1
2017-06-13,6,1,5
2017-06-12,20,11,9
2017-06-12,42,25,17
2017-06-12,54,12,42
2017-06-12,109,51,58
2017-06-12,205,78,127
2017-06-12,462,122,340
2017-06-12,667,137,530
2017-06-12,320,81,239
2017-06-12,129,47,82
2017-06-12,88,34,54
2017-06-12,62,31,31
2017-06-12,74,37,37
2017-06-12,84,43,41
2017-06-12,139,79,60
2017-06-12,272,141,131
2017-06-12,594,330,264
2017-06-12,436,273,163
2017-06-12,175,108,67
2017-06-12,54,32,22
2017-06-12,10,7,3
2017-06-12,2,0,2
2017-06-12,3,2,1
2017-06-12,3,1,2
2017-06-12,2,1,1
2017-06-11,16,9,7
2017-06-11,29,10,19
2017-06-11,44,25,19
2017-06-11,74,34,40
2017-06-11,106,57,49
2017-06-11,122,65,57
2017-06-11,173,67,106
2017-06-11,181,87,94
2017-06-11,187,83,104
2017-06-11,208,101,107
2017-06-11,237,136,101
2017-06-11,165,84,81
2017-06-11,168,82,86
2017-06-11,124,60,64
2017-06-11,103,53,50
2017-06-11,66,44,22
2017-06-11,43,20,23
2017-06-11,22,12,10
2017-06-11,5,2,3
2017-06-11,2,2,0
2017-06-11,3,1,2
2017-06-11,2,2,0
2017-06-11,6,3,3
2017-06-11,31,7,24
2017-06-10,20,8,12
2017-06-10,48,23,25
2017-06-10,57,35,22
2017-06-10,102,50,52
2017-06-10,108,59,49
2017-06-10,214,108,106
2017-06-10,278,134,144
2017-06-10,230,148,82
2017-06-10,243,142,101
2017-06-10,237,126,111
2017-06-10,195,100,95
2017-06-10,185,84,101
2017-06-10,160,75,85
2017-06-10,143,78,65
2017-06-10,134,83,51
2017-06-10,99,51,48
2017-06-10,69,38,31
2017-06-10,26,13,13
2017-06-10,14,5,9
2017-06-10,6,2,4
2017-06-10,5,0,5
2017-06-10,10,4,6
2017-06-10,6,4,2
2017-06-10,18,9,9
2017-06-09,38,14,24
2017-06-09,33,9,24
2017-06-09,45,24,21
2017-06-09,69,22,47
2017-06-09,149,56,93
2017-06-09,293,76,217
2017-06-09,537,136,401
2017-06-09,349,83,266
2017-06-09,125,41,84
2017-06-09,79,30,49
2017-06-09,98,56,42
2017-06-09,75,36,39
2017-06-09,78,37,41
2017-06-09,115,61,54
2017-06-09,282,152,130
2017-06-09,493,279,214
2017-06-09,327,192,135
2017-06-09,117,61,56
2017-06-09,39,28,11
2017-06-09,5,3,2
2017-06-09,4,0,4
2017-06-09,0,0,0
2017-06-09,6,2,4
2017-06-09,11,4,7
2017-06-08,20,4,16
2017-06-08,44,19,25
2017-06-08,51,26,25
2017-06-08,103,45,58
2017-06-08,137,42,95
2017-06-08,279,74,205
2017-06-08,467,123,344
2017-06-08,203,61,142
2017-06-08,84,41,43
2017-06-08,50,18,32
2017-06-08,32,17,15
2017-06-08,37,21,16
2017-06-08,43,23,20
2017-06-08,65,35,30
2017-06-08,173,85,88
2017-06-08,300,173,127
2017-06-08,243,157,86
2017-06-08,93,53,40
2017-06-08,32,22,10
2017-06-08,6,3,3
2017-06-08,1,0,1
2017-06-08,0,0,0
2017-06-08,5,3,2
2017-06-08,12,6,6
2017-06-07,24,12,12
2017-06-07,70,37,33
2017-06-07,99,49,50
2017-06-07,172,85,87
2017-06-07,315,113,202
2017-06-07,510,177,333
2017-06-07,822,181,641
2017-06-07,385,98,287
2017-06-07,194,92,102
2017-06-07,124,55,69
2017-06-07,108,51,57
2017-06-07,97,49,48
2017-06-07,106,51,55
2017-06-07,159,73,86
2017-06-07,350,190,160
2017-06-07,704,411,293
2017-06-07,540,328,212
2017-06-07,199,116,83
2017-06-07,57,39,18
2017-06-07,9,5,4
2017-06-07,3,3,0
2017-06-07,5,3,2
2017-06-07,10,4,6
2017-06-07,10,5,5
2017-06-06,21,9,12
2017-06-06,52,18,34
2017-06-06,84,46,38
2017-06-06,160,67,93
2017-06-06,328,102,226
2017-06-06,506,151,355
2017-06-06,854,209,645
2017-06-06,407,117,290
2017-06-06,198,87,111
2017-06-06,125,56,69
2017-06-06,128,73,55
2017-06-06,110,53,57
2017-06-06,121,58,63
2017-06-06,136,68,68
2017-06-06,327,160,167
2017-06-06,747,418,329
2017-06-06,529,299,230
2017-06-06,218,133,85
2017-06-06,58,36,22
2017-06-06,14,10,4
2017-06-06,2,1,1
2017-06-06,2,0,2
2017-06-06,2,0,2
2017-06-06,11,3,8
2017-06-05,31,16,15
2017-06-05,32,15,17
2017-06-05,88,31,57
2017-06-05,137,56,81
2017-06-05,276,92,184
2017-06-05,497,136,361
2017-06-05,819,176,643
2017-06-05,400,116,284
2017-06-05,177,76,101
2017-06-05,109,56,53
2017-06-05,97,50,47
2017-06-05,87,47,40
2017-06-05,96,56,40
2017-06-05,117,64,53
2017-06-05,313,165,148
2017-06-05,646,361,285
2017-06-05,460,282,178
2017-06-05,198,114,84
2017-06-05,55,39,16
2017-06-05,10,7,3
2017-06-05,2,1,1
2017-06-05,1,0,1
2017-06-05,4,3,1
2017-06-05,5,3,2
2017-06-04,9,3,6
2017-06-04,27,7,20
2017-06-04,28,10,18
2017-06-04,48,31,17
2017-06-04,71,37,34
2017-06-04,133,65,68
2017-06-04,146,61,85
2017-06-04,220,126,94
2017-06-04,176,73,103
2017-06-04,188,88,100
2017-06-04,210,104,106
2017-06-04,180,93,87
2017-06-04,148,74,74
2017-06-04,117,62,55
2017-06-04,134,70,64
2017-06-04,105,60,45
2017-06-04,51,29,22
2017-06-04,13,5,8
2017-06-04,7,4,3
2017-06-04,8,4,4
2017-06-04,8,6,2
2017-06-04,4,1,3
2017-06-04,4,2,2
2017-06-04,15,9,6
2017-06-03,21,11,10
2017-06-03,48,27,21
2017-06-03,43,19,24
2017-06-03,95,42,53
2017-06-03,85,45,40
2017-06-03,92,42,50
2017-06-03,157,78,79
2017-06-03,144,76,68
2017-06-03,163,85,78
2017-06-03,141,72,69
2017-06-03,141,71,70
2017-06-03,150,79,71
2017-06-03,154,78,76
2017-06-03,120,64,56
2017-06-03,94,59,35
2017-06-03,113,64,49
2017-06-03,49,23,26
2017-06-03,27,11,16
2017-06-03,12,8,4
2017-06-03,6,3,3
2017-06-03,0,0,0
2017-06-03,7,5,2
2017-06-03,7,1,6
2017-06-03,22,5,17
2017-06-02,28,11,17
2017-06-02,45,22,23
2017-06-02,84,29,55
2017-06-02,123,57,66
2017-06-02,197,84,113
2017-06-02,375,124,251
2017-06-02,610,151,459
2017-06-02,402,113,289
2017-06-02,205,71,134
2017-06-02,143,67,76
2017-06-02,117,47,70
2017-06-02,101,45,56
2017-06-02,96,48,48
2017-06-02,120,63,57
2017-06-02,275,141,134
2017-06-02,522,296,226
2017-06-02,352,217,135
2017-06-02,161,98,63
2017-06-02,50,40,10
2017-06-02,4,0,4
2017-06-02,7,4,3
2017-06-02,6,2,4
2017-06-02,4,3,1
2017-06-02,13,5,8
2017-06-01,16,10,6
2017-06-01,49,28,21
2017-06-01,91,42,49
2017-06-01,142,60,82
2017-06-01,204,75,129
2017-06-01,416,128,288
2017-06-01,630,164,466
2017-06-01,351,94,257
2017-06-01,148,65,83
2017-06-01,110,51,59
2017-06-01,102,46,56
2017-06-01,59,25,34
2017-06-01,77,37,40
2017-06-01,103,55,48
2017-06-01,257,131,126
2017-06-01,467,257,210
2017-06-01,375,222,153
2017-06-01,162,96,66
2017-06-01,51,34,17
2017-06-01,9,6,3
2017-06-01,2,1,1
2017-06-01,3,2,1
2017-06-01,5,2,3
2017-06-01,17,10,7
2017-05-31,48,32,16
2017-05-31,49,26,23
2017-05-31,67,27,40
2017-05-31,140,57,83
2017-05-31,212,83,129
2017-05-31,501,156,345
2017-05-31,721,178,543
2017-05-31,369,106,263
2017-05-31,199,69,130
2017-05-31,119,45,74
2017-05-31,127,61,66
2017-05-31,88,48,40
2017-05-31,102,51,51
2017-05-31,111,58,53
2017-05-31,296,154,142
2017-05-31,592,325,267
2017-05-31,488,293,195
2017-05-31,201,122,79
2017-05-31,45,30,15
2017-05-31,8,5,3
2017-05-31,1,0,1
2017-05-31,1,0,1
2017-05-31,2,1,1
2017-05-31,6,3,3
2017-05-30,5,2,3
2017-05-30,26,11,15
2017-05-30,42,15,27
2017-05-30,96,36,60
2017-05-30,160,52,108
2017-05-30,394,128,266
2017-05-30,621,128,493
2017-05-30,269,65,204
2017-05-30,123,51,72
2017-05-30,61,18,43
2017-05-30,63,28,35
2017-05-30,64,37,27
2017-05-30,62,30,32
2017-05-30,85,46,39
2017-05-30,262,138,124
2017-05-30,553,316,237
2017-05-30,387,223,164
2017-05-30,158,94,64
2017-05-30,39,28,11
2017-05-30,7,3,4
2017-05-30,2,1,1
2017-05-30,2,0,2
2017-05-30,0,0,0
2017-05-30,10,3,7
2017-05-29,15,8,7
2017-05-29,26,12,14
2017-05-29,48,18,30
2017-05-29,90,40,50
2017-05-29,126,56,70
2017-05-29,148,80,68
2017-05-29,237,100,137
2017-05-29,209,91,118
2017-05-29,236,120,116
2017-05-29,217,112,105
2017-05-29,255,113,142
2017-05-29,188,85,103
2017-05-29,147,76,71
2017-05-29,147,65,82
2017-05-29,120,63,57
2017-05-29,83,41,42
2017-05-29,40,24,16
2017-05-29,29,15,14
2017-05-29,15,12,3
2017-05-29,3,1,2
2017-05-29,1,1,0
2017-05-29,1,1,0
2017-05-29,3,0,3
2017-05-29,12,2,10
2017-05-28,16,6,10
2017-05-28,37,12,25
2017-05-28,45,18,27
2017-05-28,90,32,58
2017-05-28,104,45,59
2017-05-28,134,54,80
2017-05-28,134,61,73
2017-05-28,179,97,82
2017-05-28,184,89,95
2017-05-28,198,81,117
2017-05-28,226,96,130
2017-05-28,273,127,146
2017-05-28,203,86,117
2017-05-28,221,89,132
2017-05-28,157,64,93
2017-05-28,91,30,61
2017-05-28,53,29,24
2017-05-28,171,103,68
2017-05-28,99,68,31
2017-05-28,10,7,3
2017-05-28,2,0,2
2017-05-28,8,3,5
2017-05-28,8,2,6
2017-05-28,28,9,19
2017-05-27,50,18,32
2017-05-27,47,18,29
2017-05-27,60,21,39
2017-05-27,74,27,47
2017-05-27,113,40,73
2017-05-27,153,70,83
2017-05-27,162,72,90
2017-05-27,208,106,102
2017-05-27,181,84,97
2017-05-27,204,103,101
2017-05-27,192,94,98
2017-05-27,172,97,75
2017-05-27,204,109,95
2017-05-27,153,91,62
2017-05-27,155,78,77
2017-05-27,110,51,59
2017-05-27,65,33,32
2017-05-27,37,20,17
2017-05-27,11,7,4
2017-05-27,6,2,4
2017-05-27,4,2,2
2017-05-27,8,2,6
2017-05-27,11,2,9
2017-05-27,25,16,9
2017-05-26,37,16,21
2017-05-26,36,16,20
2017-05-26,92,40,52
2017-05-26,115,54,61
2017-05-26,165,57,108
2017-05-26,378,123,255
2017-05-26,508,144,364
2017-05-26,484,123,361
2017-05-26,318,123,195
2017-05-26,219,83,136
2017-05-26,162,65,97
2017-05-26,160,77,83
2017-05-26,127,67,60
2017-05-26,180,86,94
2017-05-26,281,146,135
2017-05-26,587,317,270
2017-05-26,414,264,150
2017-05-26,159,90,69
2017-05-26,58,36,22
2017-05-26,11,3,8
2017-05-26,4,3,1
2017-05-26,1,1,0
2017-05-26,11,2,9
2017-05-26,36,27,9
2017-05-25,21,12,9
2017-05-25,74,33,41
2017-05-25,97,52,45
2017-05-25,164,73,91
2017-05-25,271,103,168
2017-05-25,550,163,387
2017-05-25,792,185,607
2017-05-25,390,109,281
2017-05-25,168,63,105
2017-05-25,141,56,85
2017-05-25,104,53,51
2017-05-25,109,61,48
2017-05-25,108,56,52
2017-05-25,143,71,72
2017-05-25,353,172,181
2017-05-25,668,382,286
2017-05-25,489,301,188
2017-05-25,205,126,79
2017-05-25,61,45,16
2017-05-25,9,6,3
2017-05-25,4,3,1
2017-05-25,5,1,4
2017-05-25,1,1,0
2017-05-25,15,9,6
2017-05-24,24,9,15
2017-05-24,45,24,21
2017-05-24,94,39,55
2017-05-24,154,61,93
2017-05-24,221,88,133
2017-05-24,527,161,366
2017-05-24,713,173,540
2017-05-24,381,109,272
2017-05-24,152,67,85
2017-05-24,90,35,55
2017-05-24,90,33,57
2017-05-24,82,41,41
2017-05-24,81,40,41
2017-05-24,129,64,65
2017-05-24,352,162,190
2017-05-24,636,369,267
2017-05-24,503,311,192
2017-05-24,194,121,73
2017-05-24,44,30,14
2017-05-24,8,4,4
2017-05-24,2,2,0
2017-05-24,1,0,1
2017-05-24,8,4,4
2017-05-24,4,2,2
2017-05-23,20,12,8
2017-05-23,48,26,22
2017-05-23,94,40,54
2017-05-23,158,79,79
2017-05-23,282,88,194
2017-05-23,574,177,397
2017-05-23,874,210,664
2017-05-23,457,122,335
2017-05-23,208,66,142
2017-05-23,138,61,77
2017-05-23,118,53,65
2017-05-23,130,67,63
2017-05-23,108,47,61
2017-05-23,150,64,86
2017-05-23,350,177,173
2017-05-23,763,431,332
2017-05-23,666,400,266
2017-05-23,241,154,87
2017-05-23,62,37,25
2017-05-23,14,7,7
2017-05-23,2,2,0
2017-05-23,4,1,3
2017-05-23,6,5,1
2017-05-23,11,3,8
2017-05-22,19,11,8
2017-05-22,37,18,19
2017-05-22,97,53,44
2017-05-22,169,73,96
2017-05-22,290,114,176
2017-05-22,563,194,369
2017-05-22,913,217,696
2017-05-22,442,116,326
2017-05-22,206,77,129
2017-05-22,123,65,58
2017-05-22,89,45,44
2017-05-22,104,49,55
2017-05-22,94,52,42
2017-05-22,136,56,80
2017-05-22,379,181,198
2017-05-22,711,399,312
2017-05-22,545,351,194
2017-05-22,232,137,95
2017-05-22,58,41,17
2017-05-22,9,6,3
2017-05-22,2,0,2
2017-05-22,2,1,1
2017-05-22,4,2,2
2017-05-22,5,3,2
2017-05-21,14,4,10
2017-05-21,23,12,11
2017-05-21,41,16,25
2017-05-21,44,24,20
2017-05-21,116,66,50
2017-05-21,150,80,70
2017-05-21,226,140,86
2017-05-21,220,129,91
2017-05-21,251,143,108
2017-05-21,234,118,116
2017-05-21,208,111,97
2017-05-21,226,129,97
2017-05-21,208,95,113
2017-05-21,182,92,90
2017-05-21,111,52,59
2017-05-21,80,41,39
2017-05-21,45,17,28
2017-05-21,24,10,14
2017-05-21,4,4,0
2017-05-21,4,2,2
2017-05-21,1,0,1
2017-05-21,3,2,1
2017-05-21,4,2,2
2017-05-21,12,4,8
2017-05-20,28,15,13
2017-05-20,57,28,29
2017-05-20,48,26,22
2017-05-20,83,38,45
2017-05-20,100,62,38
2017-05-20,176,86,90
2017-05-20,189,77,112
2017-05-20,198,98,100
2017-05-20,249,121,128
2017-05-20,217,106,111
2017-05-20,231,114,117
2017-05-20,216,93,123
2017-05-20,193,100,93
2017-05-20,169,87,82
2017-05-20,133,65,68
2017-05-20,116,56,60
2017-05-20,57,24,33
2017-05-20,26,15,11
2017-05-20,10,7,3
2017-05-20,2,2,0
2017-05-20,7,3,4
2017-05-20,5,2,3
2017-05-20,14,7,7
2017-05-20,26,10,16
2017-05-19,38,10,28
2017-05-19,42,14,28
2017-05-19,72,23,49
2017-05-19,95,40,55
2017-05-19,189,70,119
2017-05-19,434,123,311
2017-05-19,743,190,553
2017-05-19,514,114,400
2017-05-19,306,111,195
2017-05-19,200,88,112
2017-05-19,132,59,73
2017-05-19,119,43,76
2017-05-19,114,54,60
2017-05-19,144,69,75
2017-05-19,354,178,176
2017-05-19,789,513,276
2017-05-19,719,517,202
2017-05-19,279,216,63
2017-05-19,70,48,22
2017-05-19,9,3,6
2017-05-19,6,3,3
2017-05-19,3,3,0
2017-05-19,6,3,3
2017-05-19,15,6,9
2017-05-18,20,2,18
2017-05-18,72,31,41
2017-05-18,82,38,44
2017-05-18,156,59,97
2017-05-18,245,97,148
2017-05-18,450,130,320
2017-05-18,671,186,485
2017-05-18,407,118,289
2017-05-18,170,55,115
2017-05-18,123,52,71
2017-05-18,93,35,58
2017-05-18,77,40,37
2017-05-18,81,40,41
2017-05-18,132,50,82
2017-05-18,289,150,139
2017-05-18,628,359,269
2017-05-18,434,265,169
2017-05-18,201,137,64
2017-05-18,47,31,16
2017-05-18,4,3,1
2017-05-18,4,2,2
2017-05-18,0,0,0
2017-05-18,3,1,2
2017-05-18,8,3,5
2017-05-17,25,12,13
2017-05-17,50,17,33
2017-05-17,64,26,38
2017-05-17,130,53,77
2017-05-17,209,69,140
2017-05-17,438,132,306
2017-05-17,732,169,563
2017-05-17,332,94,238
2017-05-17,152,53,99
2017-05-17,100,47,53
2017-05-17,76,46,30
2017-05-17,95,47,48
2017-05-17,67,30,37
2017-05-17,105,39,66
2017-05-17,285,162,123
2017-05-17,548,327,221
2017-05-17,475,278,197
2017-05-17,179,111,68
2017-05-17,45,25,20
2017-05-17,7,5,2
2017-05-17,2,1,1
2017-05-17,5,3,2
2017-05-17,2,1,1
2017-05-17,2,0,2
2017-05-16,21,6,15
2017-05-16,35,15,20
2017-05-16,35,10,25
2017-05-16,66,23,43
2017-05-16,133,46,87
2017-05-16,296,114,182
2017-05-16,405,93,312
2017-05-16,207,52,155
2017-05-16,104,48,56
2017-05-16,62,30,32
2017-05-16,53,23,30
2017-05-16,30,15,15
2017-05-16,36,12,24
2017-05-16,42,22,20
2017-05-16,156,75,81
2017-05-16,335,180,155
2017-05-16,228,142,86
2017-05-16,87,49,38
2017-05-16,26,19,7
2017-05-16,7,3,4
2017-05-16,1,0,1
2017-05-16,1,0,1
2017-05-16,3,1,2
2017-05-16,3,3,0
2017-05-15,4,0,4
2017-05-15,23,11,12
2017-05-15,32,8,24
2017-05-15,54,28,26
2017-05-15,120,39,81
2017-05-15,311,68,243
2017-05-15,493,103,390
2017-05-15,197,44,153
2017-05-15,89,31,58
2017-05-15,56,18,38
2017-05-15,49,27,22
2017-05-15,48,21,27
2017-05-15,52,24,28
2017-05-15,90,44,46
2017-05-15,201,107,94
2017-05-15,511,305,206
2017-05-15,373,232,141
2017-05-15,151,94,57
2017-05-15,42,30,12
2017-05-15,9,4,5
2017-05-15,1,1,0
2017-05-15,0,0,0
2017-05-15,6,2,4
2017-05-15,6,1,5
2017-05-14,12,5,7
2017-05-14,19,14,5
2017-05-14,22,11,11
2017-05-14,40,12,28
2017-05-14,40,18,22
2017-05-14,65,35,30
2017-05-14,77,36,41
2017-05-14,81,42,39
2017-05-14,105,56,49
2017-05-14,97,56,41
2017-05-14,89,50,39
2017-05-14,104,55,49
2017-05-14,69,37,32
2017-05-14,46,21,25
2017-05-14,52,37,15
2017-05-14,37,23,14
2017-05-14,20,12,8
2017-05-14,10,5,5
2017-05-14,4,2,2
2017-05-14,1,0,1
2017-05-14,3,1,2
2017-05-14,1,1,0
2017-05-14,6,3,3
2017-05-14,16,6,10
2017-05-13,24,8,16
2017-05-13,10,6,4
2017-05-13,21,12,9
2017-05-13,22,12,10
2017-05-13,42,15,27
2017-05-13,78,30,48
2017-05-13,113,58,55
2017-05-13,116,60,56
2017-05-13,160,85,75
2017-05-13,99,50,49
2017-05-13,94,43,51
2017-05-13,112,61,51
2017-05-13,121,56,65
2017-05-13,95,59,36
2017-05-13,84,46,38
2017-05-13,59,30,29
2017-05-13,31,15,16
2017-05-13,18,7,11
2017-05-13,6,2,4
2017-05-13,2,2,0
2017-05-13,5,0,5
2017-05-13,8,5,3
2017-05-13,2,1,1
2017-05-13,11,6,5
2017-05-12,18,6,12
2017-05-12,20,9,11
2017-05-12,38,12,26
2017-05-12,50,22,28
2017-05-12,132,50,82
2017-05-12,277,59,218
2017-05-12,485,122,363
2017-05-12,256,60,196
2017-05-12,125,51,74
2017-05-12,88,37,51
2017-05-12,51,22,29
2017-05-12,60,23,37
2017-05-12,75,28,47
2017-05-12,100,47,53
2017-05-12,223,109,114
2017-05-12,475,265,210
2017-05-12,386,216,170
2017-05-12,127,71,56
2017-05-12,38,28,10
2017-05-12,5,3,2
2017-05-12,2,0,2
2017-05-12,5,5,0
2017-05-12,3,2,1
2017-05-12,11,3,8
2017-05-11,18,1,17
2017-05-11,15,5,10
2017-05-11,39,15,24
2017-05-11,143,32,111
2017-05-11,147,44,103
2017-05-11,275,75,200
2017-05-11,524,110,414
2017-05-11,196,59,137
2017-05-11,94,45,49
2017-05-11,44,18,26
2017-05-11,35,16,19
2017-05-11,41,20,21
2017-05-11,35,19,16
2017-05-11,102,43,59
2017-05-11,232,132,100
2017-05-11,454,259,195
2017-05-11,345,194,151
2017-05-11,117,71,46
2017-05-11,33,19,14
2017-05-11,7,4,3
2017-05-11,3,2,1
2017-05-11,2,1,1
2017-05-11,5,3,2
2017-05-11,12,9,3
2017-05-10,27,8,19
2017-05-10,55,28,27
2017-05-10,85,30,55
2017-05-10,160,56,104
2017-05-10,249,100,149
2017-05-10,598,212,386
2017-05-10,812,189,623
2017-05-10,456,148,308
2017-05-10,197,75,122
2017-05-10,134,58,76
2017-05-10,136,73,63
2017-05-10,90,33,57
2017-05-10,101,51,50
2017-05-10,134,63,71
2017-05-10,289,131,158
2017-05-10,645,380,265
2017-05-10,519,318,201
2017-05-10,234,143,91
2017-05-10,52,33,19
2017-05-10,7,3,4
2017-05-10,2,0,2
2017-05-10,1,1,0
2017-05-10,4,2,2
2017-05-10,12,8,4
2017-05-09,28,10,18
2017-05-09,59,23,36
2017-05-09,86,33,53
2017-05-09,153,65,88
2017-05-09,284,106,178
2017-05-09,571,188,383
2017-05-09,827,204,623
2017-05-09,433,140,293
2017-05-09,183,80,103
2017-05-09,143,63,80
2017-05-09,113,65,48
2017-05-09,107,53,54
2017-05-09,90,42,48
2017-05-09,126,70,56
2017-05-09,323,152,171
2017-05-09,696,421,275
2017-05-09,570,363,207
2017-05-09,213,133,80
2017-05-09,48,35,13
2017-05-09,8,2,6
2017-05-09,1,1,0
2017-05-09,0,0,0
2017-05-09,4,2,2
2017-05-09,5,2,3
2017-05-08,21,7,14
2017-05-08,29,7,22
2017-05-08,66,25,41
2017-05-08,135,68,67
2017-05-08,215,86,129
2017-05-08,545,157,388
2017-05-08,788,180,608
2017-05-08,387,129,258
2017-05-08,160,61,99
2017-05-08,104,40,64
2017-05-08,63,35,28
2017-05-08,51,22,29
2017-05-08,60,22,38
2017-05-08,114,58,56
2017-05-08,276,145,131
2017-05-08,661,387,274
2017-05-08,477,303,174
2017-05-08,168,98,70
2017-05-08,51,31,20
2017-05-08,6,3,3
2017-05-08,1,1,0
2017-05-08,1,0,1
2017-05-08,5,0,5
2017-05-08,3,0,3
2017-05-07,13,5,8
2017-05-07,11,4,7
2017-05-07,28,13,15
2017-05-07,34,16,18
2017-05-07,75,44,31
2017-05-07,149,96,53
2017-05-07,215,120,95
2017-05-07,228,115,113
2017-05-07,209,118,91
2017-05-07,193,89,104
2017-05-07,218,130,88
2017-05-07,198,106,92
2017-05-07,168,80,88
2017-05-07,129,74,55
2017-05-07,76,46,30
2017-05-07,74,44,30
2017-05-07,38,21,17
2017-05-07,13,10,3
2017-05-07,1,1,0
2017-05-07,2,0,2
2017-05-07,1,0,1
2017-05-07,4,1,3
2017-05-07,7,1,6
2017-05-07,14,8,6
2017-05-06,19,10,9
2017-05-06,27,11,16
2017-05-06,32,11,21
2017-05-06,47,23,24
2017-05-06,87,47,40
2017-05-06,123,49,74
2017-05-06,142,76,66
2017-05-06,193,98,95
2017-05-06,167,89,78
2017-05-06,190,104,86
2017-05-06,184,101,83
2017-05-06,184,119,65
2017-05-06,169,84,85
2017-05-06,123,53,70
2017-05-06,163,99,64
2017-05-06,89,47,42
2017-05-06,50,19,31
2017-05-06,17,11,6
2017-05-06,3,2,1
2017-05-06,2,2,0
2017-05-06,6,2,4
2017-05-06,4,1,3
2017-05-06,5,3,2
2017-05-06,12,2,10
2017-05-05,29,5,24
2017-05-05,28,10,18
2017-05-05,28,12,16
2017-05-05,58,20,38
2017-05-05,132,43,89
2017-05-05,245,69,176
2017-05-05,483,128,355
2017-05-05,299,68,231
2017-05-05,97,43,54
2017-05-05,61,27,34
2017-05-05,64,28,36
2017-05-05,50,27,23
2017-05-05,48,23,25
2017-05-05,67,30,37
2017-05-05,189,90,99
2017-05-05,400,219,181
2017-05-05,292,192,100
2017-05-05,110,62,48
2017-05-05,36,22,14
2017-05-05,3,0,3
2017-05-05,2,2,0
2017-05-05,4,2,2
2017-05-05,5,3,2
2017-05-05,3,2,1
2017-05-04,14,7,7
2017-05-04,26,6,20
2017-05-04,29,15,14
2017-05-04,73,28,45
2017-05-04,136,41,95
2017-05-04,241,74,167
2017-05-04,436,99,337
2017-05-04,343,94,249
2017-05-04,185,82,103
2017-05-04,128,61,67
2017-05-04,116,57,59
2017-05-04,98,48,50
2017-05-04,92,51,41
2017-05-04,118,57,61
2017-05-04,257,131,126
2017-05-04,525,300,225
2017-05-04,405,235,170
2017-05-04,167,112,55
2017-05-04,46,26,20
2017-05-04,10,7,3
2017-05-04,2,1,1
2017-05-04,10,7,3
2017-05-04,7,4,3
2017-05-04,12,4,8
2017-05-03,23,8,15
2017-05-03,48,23,25
2017-05-03,85,38,47
2017-05-03,186,82,104
2017-05-03,274,111,163
2017-05-03,565,218,347
2017-05-03,829,211,618
2017-05-03,403,135,268
2017-05-03,171,68,103
2017-05-03,95,39,56
2017-05-03,84,44,40
2017-05-03,74,42,32
2017-05-03,67,35,32
2017-05-03,86,37,49
2017-05-03,291,142,149
2017-05-03,579,341,238
2017-05-03,444,286,158
2017-05-03,184,117,67
2017-05-03,35,23,12
2017-05-03,4,2,2
2017-05-03,2,1,1
2017-05-03,4,2,2
2017-05-03,4,1,3
2017-05-03,6,3,3
2017-05-02,17,5,12
2017-05-02,32,12,20
2017-05-02,48,13,35
2017-05-02,82,25,57
2017-05-02,164,55,109
2017-05-02,372,100,272
2017-05-02,628,149,479
2017-05-02,305,81,224
2017-05-02,130,58,72
2017-05-02,98,44,54
2017-05-02,73,42,31
2017-05-02,77,42,35
2017-05-02,83,47,36
2017-05-02,88,48,40
2017-05-02,261,139,122
2017-05-02,527,324,203
2017-05-02,435,274,161
2017-05-02,201,126,75
2017-05-02,46,32,14
2017-05-02,10,4,6
2017-05-02,2,1,1
2017-05-02,5,2,3
2017-05-02,7,0,7
2017-05-02,5,1,4
2017-05-01,10,4,6
2017-05-01,27,7,20
2017-05-01,49,19,30
2017-05-01,78,29,49
2017-05-01,151,70,81
2017-05-01,352,102,250
2017-05-01,593,134,459
2017-05-01,326,75,251
2017-05-01,123,48,75
2017-05-01,78,31,47
2017-05-01,38,21,17
2017-05-01,47,26,21
2017-05-01,44,15,29
2017-05-01,54,22,32
2017-05-01,228,119,109
2017-05-01,525,301,224
2017-05-01,393,246,147
2017-05-01,182,117,65
2017-05-01,42,26,16
2017-05-01,10,4,6
2017-05-01,2,1,1
2017-05-01,1,1,0
2017-05-01,4,3,1
2017-05-01,6,5,1
2017-04-30,11,4,7
2017-04-30,11,5,6
2017-04-30,14,3,11
2017-04-30,28,18,10
2017-04-30,35,24,11
2017-04-30,82,48,34
2017-04-30,73,27,46
2017-04-30,125,65,60
2017-04-30,128,63,65
2017-04-30,123,66,57
2017-04-30,171,87,84
2017-04-30,122,70,52
2017-04-30,75,34,41
2017-04-30,72,36,36
2017-04-30,43,19,24
2017-04-30,47,23,24
2017-04-30,15,8,7
2017-04-30,13,9,4
2017-04-30,2,1,1
2017-04-30,2,1,1
2017-04-30,2,1,1
2017-04-30,4,0,4
2017-04-30,5,3,2
2017-04-30,12,3,9
2017-04-29,9,2,7
2017-04-29,18,7,11
2017-04-29,27,5,22
2017-04-29,25,14,11
2017-04-29,36,22,14
2017-04-29,52,21,31
2017-04-29,86,39,47
2017-04-29,80,41,39
2017-04-29,105,57,48
2017-04-29,138,64,74
2017-04-29,120,68,52
2017-04-29,121,60,61
2017-04-29,137,84,53
2017-04-29,103,66,37
2017-04-29,126,70,56
2017-04-29,85,48,37
2017-04-29,39,21,18
2017-04-29,13,9,4
2017-04-29,6,1,5
2017-04-29,2,2,0
2017-04-29,4,3,1
2017-04-29,5,2,3
2017-04-29,7,3,4
2017-04-29,14,8,6
2017-04-28,32,9,23
2017-04-28,39,20,19
2017-04-28,42,16,26
2017-04-28,96,47,49
2017-04-28,170,78,92
2017-04-28,357,115,242
2017-04-28,507,143,364
2017-04-28,345,106,239
2017-04-28,157,59,98
2017-04-28,118,52,66
2017-04-28,85,44,41
2017-04-28,76,47,29
2017-04-28,68,24,44
2017-04-28,98,50,48
2017-04-28,222,118,104
2017-04-28,433,234,199
2017-04-28,306,199,107
2017-04-28,115,67,48
2017-04-28,30,21,9
2017-04-28,1,0,1
2017-04-28,4,1,3
2017-04-28,4,1,3
2017-04-28,3,1,2
2017-04-28,7,2,5
2017-04-27,18,8,10
2017-04-27,35,15,20
2017-04-27,48,17,31
2017-04-27,89,39,50
2017-04-27,161,41,120
2017-04-27,302,88,214
2017-04-27,483,117,366
2017-04-27,244,83,161
2017-04-27,121,54,67
2017-04-27,91,40,51
2017-04-27,63,23,40
2017-04-27,71,32,39
2017-04-27,64,30,34
2017-04-27,91,41,50
2017-04-27,201,106,95
2017-04-27,414,231,183
2017-04-27,293,186,107
2017-04-27,120,72,48
2017-04-27,38,30,8
2017-04-27,7,3,4
2017-04-27,0,0,0
2017-04-27,1,1,0
2017-04-27,1,0,1
2017-04-27,5,2,3
2017-04-26,11,5,6
2017-04-26,19,10,9
2017-04-26,41,10,31
2017-04-26,61,20,41
2017-04-26,123,31,92
2017-04-26,278,81,197
2017-04-26,425,96,329
2017-04-26,176,50,126
2017-04-26,80,28,52
2017-04-26,51,24,27
2017-04-26,42,20,22
2017-04-26,51,26,25
2017-04-26,55,25,30
2017-04-26,81,36,45
2017-04-26,168,88,80
2017-04-26,407,243,164
2017-04-26,302,170,132
2017-04-26,121,72,49
2017-04-26,30,18,12
2017-04-26,6,3,3
2017-04-26,2,1,1
2017-04-26,0,0,0
2017-04-26,3,3,0
2017-04-26,6,3,3
2017-04-25,21,5,16
2017-04-25,22,9,13
2017-04-25,27,10,17
2017-04-25,80,27,53
2017-04-25,136,36,100
2017-04-25,335,87,248
2017-04-25,532,142,390
2017-04-25,290,85,205
2017-04-25,124,51,73
2017-04-25,72,32,40
2017-04-25,82,34,48
2017-04-25,64,23,41
2017-04-25,52,29,23
2017-04-25,111,45,66
2017-04-25,264,138,126
2017-04-25,493,286,207
2017-04-25,360,226,134
2017-04-25,219,137,82
2017-04-25,40,25,15
2017-04-25,8,5,3
2017-04-25,0,0,0
2017-04-25,3,1,2
2017-04-25,10,3,7
2017-04-25,11,5,6
2017-04-24,18,4,14
2017-04-24,31,15,16
2017-04-24,44,22,22
2017-04-24,98,36,62
2017-04-24,206,61,145
2017-04-24,346,119,227
2017-04-24,529,131,398
2017-04-24,232,76,156
2017-04-24,106,47,59
2017-04-24,67,33,34
2017-04-24,64,31,33
2017-04-24,51,21,30
2017-04-24,49,23,26
2017-04-24,66,34,32
2017-04-24,220,107,113
2017-04-24,455,270,185
2017-04-24,329,203,126
2017-04-24,110,63,47
2017-04-24,28,18,10
2017-04-24,5,3,2
2017-04-24,1,0,1
2017-04-24,2,0,2
2017-04-24,2,1,1
2017-04-24,6,4,2
2017-04-23,6,1,5
2017-04-23,10,5,5
2017-04-23,8,5,3
2017-04-23,11,2,9
2017-04-23,22,9,13
2017-04-23,25,14,11
2017-04-23,23,8,15
2017-04-23,23,10,13
2017-04-23,34,17,17
2017-04-23,39,20,19
2017-04-23,54,25,29
2017-04-23,38,21,17
2017-04-23,74,35,39
2017-04-23,88,45,43
2017-04-23,78,50,28
2017-04-23,64,26,38
2017-04-23,24,12,12
2017-04-23,12,7,5
2017-04-23,1,1,0
2017-04-23,2,0,2
2017-04-23,3,1,2
2017-04-23,5,1,4
2017-04-23,5,2,3
2017-04-23,10,3,7
2017-04-22,13,4,9
2017-04-22,16,5,11
2017-04-22,22,15,7
2017-04-22,30,12,18
2017-04-22,59,33,26
2017-04-22,62,35,27
2017-04-22,56,24,32
2017-04-22,66,32,34
2017-04-22,57,19,38
2017-04-22,41,21,20
2017-04-22,94,33,61
2017-04-22,46,25,21
2017-04-22,90,52,38
2017-04-22,85,31,54
2017-04-22,101,63,38
2017-04-22,83,46,37
2017-04-22,48,24,24
2017-04-22,20,14,6
2017-04-22,4,2,2
2017-04-22,4,1,3
2017-04-22,2,0,2
2017-04-22,3,2,1
2017-04-22,9,3,6
2017-04-22,14,5,9
2017-04-21,22,9,13
2017-04-21,45,21,24
2017-04-21,48,25,23
2017-04-21,107,46,61
2017-04-21,176,69,107
2017-04-21,374,128,246
2017-04-21,630,197,433
2017-04-21,424,154,270
2017-04-21,267,99,168
2017-04-21,155,67,88
2017-04-21,150,83,67
2017-04-21,129,56,73
2017-04-21,112,55,57
2017-04-21,132,66,66
2017-04-21,276,151,125
2017-04-21,506,293,213
2017-04-21,341,227,114
2017-04-21,142,80,62
2017-04-21,33,24,9
2017-04-21,5,2,3
2017-04-21,1,0,1
2017-04-21,5,3,2
2017-04-21,5,2,3
2017-04-21,24,10,14
2017-04-20,13,4,9
2017-04-20,42,16,26
2017-04-20,57,20,37
2017-04-20,111,36,75
2017-04-20,172,54,118
2017-04-20,357,113,244
2017-04-20,502,149,353
2017-04-20,239,73,166
2017-04-20,127,53,74
2017-04-20,87,36,51
2017-04-20,68,29,39
2017-04-20,58,36,22
2017-04-20,57,28,29
2017-04-20,70,31,39
2017-04-20,231,113,118
2017-04-20,445,252,193
2017-04-20,272,164,108
2017-04-20,120,66,54
2017-04-20,40,28,12
2017-04-20,6,4,2
2017-04-20,1,0,1
2017-04-20,2,2,0
2017-04-20,3,0,3
2017-04-20,5,3,2
2017-04-19,8,4,4
2017-04-19,16,8,8
2017-04-19,36,17,19
2017-04-19,78,28,50
2017-04-19,158,36,122
2017-04-19,328,103,225
2017-04-19,421,112,309
2017-04-19,189,55,134
2017-04-19,83,34,49
2017-04-19,40,19,21
2017-04-19,30,12,18
2017-04-19,37,13,24
2017-04-19,39,18,21
2017-04-19,70,28,42
2017-04-19,188,93,95
2017-04-19,392,215,177
2017-04-19,300,183,117
2017-04-19,112,68,44
2017-04-19,34,22,12
2017-04-19,7,4,3
2017-04-19,0,0,0
2017-04-19,1,1,0
2017-04-19,0,0,0
2017-04-19,8,6,2
2017-04-18,15,9,6
2017-04-18,23,13,10
2017-04-18,53,22,31
2017-04-18,58,19,39
2017-04-18,121,41,80
2017-04-18,347,82,265
2017-04-18,462,135,327
2017-04-18,234,68,166
2017-04-18,89,31,58
2017-04-18,70,36,34
2017-04-18,47,26,21
2017-04-18,72,38,34
2017-04-18,57,21,36
2017-04-18,61,34,27
2017-04-18,215,112,103
2017-04-18,421,238,183
2017-04-18,282,180,102
2017-04-18,104,65,39
2017-04-18,30,21,9
2017-04-18,6,4,2
2017-04-18,3,2,1
2017-04-18,2,2,0
2017-04-18,3,1,2
2017-04-18,7,3,4
2017-04-17,9,5,4
2017-04-17,21,8,13
2017-04-17,32,14,18
2017-04-17,44,13,31
2017-04-17,127,39,88
2017-04-17,307,80,227
2017-04-17,402,84,318
2017-04-17,195,59,136
2017-04-17,89,43,46
2017-04-17,53,22,31
2017-04-17,63,31,32
2017-04-17,49,21,28
2017-04-17,65,30,35
2017-04-17,100,52,48
2017-04-17,236,110,126
2017-04-17,427,238,189
2017-04-17,278,178,100
2017-04-17,104,64,40
2017-04-17,29,18,11
2017-04-17,7,3,4
2017-04-17,1,0,1
2017-04-17,4,4,0
2017-04-17,2,0,2
2017-04-17,9,4,5
2017-04-16,10,4,6
2017-04-16,8,6,2
2017-04-16,19,11,8
2017-04-16,36,16,20
2017-04-16,66,35,31
2017-04-16,81,43,38
2017-04-16,104,48,56
2017-04-16,156,92,64
2017-04-16,168,81,87
2017-04-16,136,70,66
2017-04-16,190,99,91
2017-04-16,162,81,81
2017-04-16,115,56,59
2017-04-16,98,37,61
2017-04-16,80,38,42
2017-04-16,47,17,30
2017-04-16,31,15,16
2017-04-16,10,2,8
2017-04-16,4,1,3
2017-04-16,4,1,3
2017-04-16,4,2,2
2017-04-16,4,2,2
2017-04-16,12,7,5
2017-04-16,17,4,13
2017-04-15,20,3,17
2017-04-15,17,5,12
2017-04-15,30,9,21
2017-04-15,47,25,22
2017-04-15,69,38,31
2017-04-15,124,58,66
2017-04-15,167,78,89
2017-04-15,167,91,76
2017-04-15,219,96,123
2017-04-15,137,89,48
2017-04-15,164,82,82
2017-04-15,141,86,55
2017-04-15,129,70,59
2017-04-15,121,64,57
2017-04-15,112,57,55
2017-04-15,56,27,29
2017-04-15,37,18,19
2017-04-15,16,10,6
2017-04-15,8,4,4
2017-04-15,2,0,2
2017-04-15,3,2,1
2017-04-15,2,2,0
2017-04-15,11,7,4
2017-04-15,7,2,5
2017-04-14,18,4,14
2017-04-14,26,8,18
2017-04-14,41,13,28
2017-04-14,56,28,28
2017-04-14,101,37,64
2017-04-14,225,64,161
2017-04-14,326,83,243
2017-04-14,228,61,167
2017-04-14,113,41,72
2017-04-14,68,34,34
2017-04-14,63,33,30
2017-04-14,49,21,28
2017-04-14,70,30,40
2017-04-14,83,46,37
2017-04-14,169,80,89
2017-04-14,317,182,135
2017-04-14,220,130,90
2017-04-14,76,41,35
2017-04-14,25,16,9
2017-04-14,7,3,4
2017-04-14,1,0,1
2017-04-14,2,1,1
2017-04-14,0,0,0
2017-04-14,13,4,9
2017-04-13,10,4,6
2017-04-13,30,12,18
2017-04-13,41,15,26
2017-04-13,105,59,46
2017-04-13,136,38,98
2017-04-13,258,86,172
2017-04-13,396,108,288
2017-04-13,202,54,148
2017-04-13,86,28,58
2017-04-13,45,19,26
2017-04-13,50,18,32
2017-04-13,46,27,19
2017-04-13,56,22,34
2017-04-13,71,23,48
2017-04-13,183,92,91
2017-04-13,374,202,172
2017-04-13,253,153,100
2017-04-13,99,64,35
2017-04-13,20,13,7
2017-04-13,9,5,4
2017-04-13,3,1,2
2017-04-13,6,4,2
2017-04-13,2,0,2
2017-04-13,6,2,4
2017-04-12,16,6,10
2017-04-12,23,8,15
2017-04-12,33,13,20
2017-04-12,47,19,28
2017-04-12,111,45,66
2017-04-12,206,69,137
2017-04-12,309,77,232
2017-04-12,154,43,111
2017-04-12,59,34,25
2017-04-12,49,20,29
2017-04-12,34,16,18
2017-04-12,36,20,16
2017-04-12,27,12,15
2017-04-12,43,23,20
2017-04-12,149,71,78
2017-04-12,272,164,108
2017-04-12,155,91,64
2017-04-12,66,46,20
2017-04-12,14,8,6
2017-04-12,2,0,2
2017-04-12,2,2,0
2017-04-12,0,0,0
2017-04-12,3,2,1
2017-04-12,9,3,6
2017-04-11,17,4,13
2017-04-11,36,12,24
2017-04-11,50,26,24
2017-04-11,76,26,50
2017-04-11,172,50,122
2017-04-11,371,109,262
2017-04-11,566,149,417
2017-04-11,266,69,197
2017-04-11,115,49,66
2017-04-11,85,33,52
2017-04-11,96,47,49
2017-04-11,94,48,46
2017-04-11,85,47,38
2017-04-11,120,54,66
2017-04-11,221,117,104
2017-04-11,472,283,189
2017-04-11,330,191,139
2017-04-11,122,78,44
2017-04-11,30,20,10
2017-04-11,5,4,1
2017-04-11,1,0,1
2017-04-11,2,1,1
2017-04-11,2,0,2
2017-04-11,3,1,2
2017-04-10,11,5,6
2017-04-10,20,9,11
2017-04-10,37,15,22
2017-04-10,58,22,36
2017-04-10,119,35,84
2017-04-10,279,82,197
2017-04-10,367,75,292
2017-04-10,154,36,118
2017-04-10,68,27,41
2017-04-10,36,13,23
2017-04-10,36,18,18
2017-04-10,43,23,20
2017-04-10,49,17,32
2017-04-10,77,31,46
2017-04-10,223,108,115
2017-04-10,382,228,154
2017-04-10,267,159,108
2017-04-10,78,50,28
2017-04-10,28,20,8
2017-04-10,4,2,2
2017-04-10,0,0,0
2017-04-10,1,0,1
2017-04-10,2,1,1
2017-04-10,1,0,1
2017-04-09,9,3,6
2017-04-09,11,5,6
2017-04-09,22,9,13
2017-04-09,24,14,10
2017-04-09,59,23,36
2017-04-09,86,41,45
2017-04-09,106,53,53
2017-04-09,159,93,66
2017-04-09,159,93,66
2017-04-09,181,103,78
2017-04-09,185,96,89
2017-04-09,186,92,94
2017-04-09,173,97,76
2017-04-09,100,46,54
2017-04-09,91,53,38
2017-04-09,45,22,23
2017-04-09,24,17,7
2017-04-09,16,10,6
2017-04-09,5,4,1
2017-04-09,2,1,1
2017-04-09,0,0,0
2017-04-09,4,2,2
2017-04-09,1,0,1
2017-04-09,7,2,5
2017-04-08,21,7,14
2017-04-08,17,6,11
2017-04-08,17,5,12
2017-04-08,29,13,16
2017-04-08,51,23,28
2017-04-08,65,36,29
2017-04-08,58,33,25
2017-04-08,79,46,33
2017-04-08,60,30,30
2017-04-08,71,35,36
2017-04-08,81,43,38
2017-04-08,84,34,50
2017-04-08,74,39,35
2017-04-08,92,49,43
2017-04-08,72,39,33
2017-04-08,63,23,40
2017-04-08,17,9,8
2017-04-08,8,3,5
2017-04-08,4,4,0
2017-04-08,3,0,3
2017-04-08,1,1,0
2017-04-08,1,1,0
2017-04-08,1,1,0
2017-04-08,6,0,6
2017-04-07,11,3,8
2017-04-07,14,7,7
2017-04-07,14,5,9
2017-04-07,25,7,18
2017-04-07,54,24,30
2017-04-07,158,35,123
2017-04-07,270,71,199
2017-04-07,153,42,111
2017-04-07,72,23,49
2017-04-07,42,14,28
2017-04-07,49,16,33
2017-04-07,31,10,21
2017-04-07,31,12,19
2017-04-07,55,32,23
2017-04-07,132,72,60
2017-04-07,276,153,123
2017-04-07,218,133,85
2017-04-07,76,49,27
2017-04-07,20,14,6
2017-04-07,3,2,1
2017-04-07,2,0,2
2017-04-07,3,3,0
2017-04-07,4,3,1
2017-04-07,9,5,4
2017-04-06,11,3,8
2017-04-06,32,17,15
2017-04-06,46,19,27
2017-04-06,90,42,48
2017-04-06,148,64,84
2017-04-06,325,109,216
2017-04-06,379,101,278
2017-04-06,219,79,140
2017-04-06,105,55,50
2017-04-06,59,26,33
2017-04-06,43,21,22
2017-04-06,43,26,17
2017-04-06,27,8,19
2017-04-06,63,31,32
2017-04-06,157,88,69
2017-04-06,292,171,121
2017-04-06,207,127,80
2017-04-06,78,48,30
2017-04-06,23,13,10
2017-04-06,4,4,0
2017-04-06,2,0,2
2017-04-06,4,3,1
2017-04-06,1,0,1
2017-04-06,6,4,2
2017-04-05,11,3,8
2017-04-05,27,13,14
2017-04-05,24,7,17
2017-04-05,43,15,28
2017-04-05,92,28,64
2017-04-05,239,75,164
2017-04-05,316,73,243
2017-04-05,138,44,94
2017-04-05,71,23,48
2017-04-05,27,8,19
2017-04-05,26,12,14
2017-04-05,41,15,26
2017-04-05,18,8,10
2017-04-05,55,23,32
2017-04-05,151,78,73
2017-04-05,302,156,146
2017-04-05,203,130,73
2017-04-05,78,47,31
2017-04-05,24,19,5
2017-04-05,4,2,2
2017-04-05,3,2,1
2017-04-05,2,0,2
2017-04-05,3,1,2
2017-04-05,6,3,3
2017-04-04,14,6,8
2017-04-04,32,16,16
2017-04-04,31,15,16
2017-04-04,70,25,45
2017-04-04,158,50,108
2017-04-04,369,99,270
2017-04-04,532,135,397
2017-04-04,283,82,201
2017-04-04,120,54,66
2017-04-04,65,29,36
2017-04-04,76,40,36
2017-04-04,75,37,38
2017-04-04,45,23,22
2017-04-04,81,36,45
2017-04-04,241,121,120
2017-04-04,496,293,203
2017-04-04,349,206,143
2017-04-04,140,86,54
2017-04-04,30,22,8
2017-04-04,5,3,2
2017-04-04,1,0,1
2017-04-04,5,2,3
2017-04-04,2,1,1
2017-04-04,7,4,3
2017-04-03,10,4,6
2017-04-03,43,16,27
2017-04-03,54,27,27
2017-04-03,87,32,55
2017-04-03,161,60,101
2017-04-03,401,116,285
2017-04-03,619,174,445
2017-04-03,294,92,202
2017-04-03,141,50,91
2017-04-03,98,45,53
2017-04-03,78,36,42
2017-04-03,72,39,33
2017-04-03,55,23,32
2017-04-03,94,44,50
2017-04-03,243,127,116
2017-04-03,520,285,235
2017-04-03,365,228,137
2017-04-03,127,74,53
2017-04-03,38,28,10
2017-04-03,4,2,2
2017-04-03,3,1,2
2017-04-03,0,0,0
2017-04-03,2,0,2
2017-04-03,4,2,2
2017-04-02,5,1,4
2017-04-02,9,2,7
2017-04-02,22,11,11
2017-04-02,22,9,13
2017-04-02,38,18,20
2017-04-02,64,39,25
2017-04-02,112,51,61
2017-04-02,104,53,51
2017-04-02,155,82,73
2017-04-02,153,76,77
2017-04-02,168,90,78
2017-04-02,160,80,80
2017-04-02,154,84,70
2017-04-02,101,44,57
2017-04-02,86,37,49
2017-04-02,55,20,35
2017-04-02,31,16,15
2017-04-02,18,9,9
2017-04-02,3,2,1
2017-04-02,0,0,0
2017-04-02,1,1,0
2017-04-02,0,0,0
2017-04-02,2,0,2
2017-04-02,8,5,3
2017-04-01,12,2,10
2017-04-01,22,9,13
2017-04-01,27,9,18
2017-04-01,29,8,21
2017-04-01,37,26,11
2017-04-01,80,33,47
2017-04-01,94,36,58
2017-04-01,136,70,66
2017-04-01,116,66,50
2017-04-01,120,70,50
2017-04-01,92,49,43
2017-04-01,93,49,44
2017-04-01,87,36,51
2017-04-01,91,52,39
2017-04-01,60,29,31
2017-04-01,58,31,27
2017-04-01,24,13,11
2017-04-01,14,8,6
2017-04-01,4,2,2
2017-04-01,1,0,1
2017-04-01,5,0,5
2017-04-01,4,4,0
2017-04-01,10,5,5
2017-04-01,21,8,13
2017-03-31,20,5,15
2017-03-31,34,12,22
2017-03-31,56,16,40
2017-03-31,62,26,36
2017-03-31,134,50,84
2017-03-31,323,117,206
2017-03-31,478,145,333
2017-03-31,306,83,223
2017-03-31,161,74,87
2017-03-31,100,45,55
2017-03-31,86,52,34
2017-03-31,74,37,37
2017-03-31,70,39,31
2017-03-31,90,52,38
2017-03-31,160,90,70
2017-03-31,412,250,162
2017-03-31,262,163,99
2017-03-31,106,57,49
2017-03-31,37,23,14
2017-03-31,6,3,3
2017-03-31,1,1,0
2017-03-31,1,1,0
2017-03-31,2,2,0
2017-03-31,6,2,4
2017-03-30,16,11,5
2017-03-30,30,10,20
2017-03-30,36,15,21
2017-03-30,83,25,58
2017-03-30,175,50,125
2017-03-30,317,104,213
2017-03-30,437,101,336
2017-03-30,247,74,173
2017-03-30,84,46,38
2017-03-30,61,31,30
2017-03-30,76,31,45
2017-03-30,62,33,29
2017-03-30,63,26,37
2017-03-30,86,40,46
2017-03-30,226,114,112
2017-03-30,429,259,170
2017-03-30,274,169,105
2017-03-30,94,60,34
2017-03-30,34,19,15
2017-03-30,9,6,3
2017-03-30,1,0,1
2017-03-30,3,3,0
2017-03-30,0,0,0
2017-03-30,6,1,5
2017-03-29,14,6,8
2017-03-29,23,11,12
2017-03-29,35,13,22
2017-03-29,56,29,27
2017-03-29,153,48,105
2017-03-29,273,101,172
2017-03-29,375,91,284
2017-03-29,170,61,109
2017-03-29,75,35,40
2017-03-29,39,19,20
2017-03-29,36,16,20
2017-03-29,42,19,23
2017-03-29,40,18,22
2017-03-29,48,23,25
2017-03-29,150,81,69
2017-03-29,280,160,120
2017-03-29,195,123,72
2017-03-29,69,40,29
2017-03-29,19,12,7
2017-03-29,4,3,1
2017-03-29,1,0,1
2017-03-29,1,0,1
2017-03-29,4,4,0
2017-03-29,6,3,3
2017-03-28,6,1,5
2017-03-28,16,11,5
2017-03-28,29,13,16
2017-03-28,56,18,38
2017-03-28,125,39,86
2017-03-28,272,76,196
2017-03-28,408,105,303
2017-03-28,157,40,117
2017-03-28,68,26,42
2017-03-28,42,18,24
2017-03-28,47,18,29
2017-03-28,53,24,29
2017-03-28,37,14,23
2017-03-28,64,33,31
2017-03-28,199,109,90
2017-03-28,361,210,151
2017-03-28,234,135,99
2017-03-28,107,59,48
2017-03-28,33,20,13
2017-03-28,5,3,2
2017-03-28,2,0,2
2017-03-28,0,0,0
2017-03-28,2,1,1
2017-03-28,6,2,4
2017-03-27,9,2,7
2017-03-27,22,7,15
2017-03-27,33,9,24
2017-03-27,60,26,34
2017-03-27,135,53,82
2017-03-27,294,85,209
2017-03-27,485,119,366
2017-03-27,188,57,131
2017-03-27,84,32,52
2017-03-27,57,29,28
2017-03-27,55,31,24
2017-03-27,55,25,30
2017-03-27,52,30,22
2017-03-27,75,37,38
2017-03-27,207,105,102
2017-03-27,396,231,165
2017-03-27,245,158,87
2017-03-27,104,60,44
2017-03-27,30,20,10
2017-03-27,4,3,1
2017-03-27,2,1,1
2017-03-27,0,0,0
2017-03-27,3,1,2
2017-03-27,2,1,1
2017-03-26,10,6,4
2017-03-26,6,3,3
2017-03-26,8,6,2
2017-03-26,9,6,3
2017-03-26,25,15,10
2017-03-26,30,19,11
2017-03-26,31,20,11
2017-03-26,41,25,16
2017-03-26,27,11,16
2017-03-26,36,21,15
2017-03-26,38,17,21
2017-03-26,48,26,22
2017-03-26,16,7,9
2017-03-26,37,15,22
2017-03-26,25,15,10
2017-03-26,29,15,14
2017-03-26,16,7,9
2017-03-26,10,3,7
2017-03-26,3,2,1
2017-03-26,1,0,1
2017-03-26,0,0,0
2017-03-26,3,1,2
2017-03-26,6,1,5
2017-03-26,11,10,1
2017-03-25,19,9,10
2017-03-25,18,4,14
2017-03-25,27,12,15
2017-03-25,27,12,15
2017-03-25,42,22,20
2017-03-25,79,42,37
2017-03-25,131,68,63
2017-03-25,147,68,79
2017-03-25,165,81,84
2017-03-25,164,70,94
2017-03-25,138,59,79
2017-03-25,171,73,98
2017-03-25,135,75,60
2017-03-25,85,38,47
2017-03-25,101,61,40
2017-03-25,67,38,29
2017-03-25,39,18,21
2017-03-25,9,4,5
2017-03-25,4,0,4
2017-03-25,2,1,1
2017-03-25,2,0,2
2017-03-25,3,2,1
2017-03-25,5,2,3
2017-03-25,13,5,8
2017-03-24,8,3,5
2017-03-24,24,13,11
2017-03-24,22,6,16
2017-03-24,22,7,15
2017-03-24,60,21,39
2017-03-24,167,46,121
2017-03-24,249,68,181
2017-03-24,153,45,108
2017-03-24,72,17,55
2017-03-24,27,13,14
2017-03-24,46,22,24
2017-03-24,41,20,21
2017-03-24,35,18,17
2017-03-24,55,26,29
2017-03-24,104,62,42
2017-03-24,229,130,99
2017-03-24,165,98,67
2017-03-24,61,33,28
2017-03-24,24,13,11
2017-03-24,3,2,1
2017-03-24,1,1,0
2017-03-24,4,2,2
2017-03-24,3,2,1
2017-03-24,10,2,8
2017-03-23,19,6,13
2017-03-23,28,11,17
2017-03-23,35,12,23
2017-03-23,61,16,45
2017-03-23,124,32,92
2017-03-23,334,108,226
2017-03-23,479,135,344
2017-03-23,224,64,160
2017-03-23,110,45,65
2017-03-23,63,22,41
2017-03-23,75,31,44
2017-03-23,57,26,31
2017-03-23,58,28,30
2017-03-23,94,44,50
2017-03-23,222,124,98
2017-03-23,420,241,179
2017-03-23,286,172,114
2017-03-23,111,68,43
2017-03-23,35,17,18
2017-03-23,6,3,3
2017-03-23,2,0,2
2017-03-23,0,0,0
2017-03-23,4,2,2
2017-03-23,6,1,5
2017-03-22,14,5,9
2017-03-22,28,15,13
2017-03-22,49,16,33
2017-03-22,73,20,53
2017-03-22,140,49,91
2017-03-22,296,99,197
2017-03-22,440,113,327
2017-03-22,216,49,167
2017-03-22,102,49,53
2017-03-22,61,25,36
2017-03-22,53,37,16
2017-03-22,57,33,24
2017-03-22,49,31,18
2017-03-22,89,34,55
2017-03-22,199,102,97
2017-03-22,366,227,139
2017-03-22,263,152,111
2017-03-22,105,68,37
2017-03-22,30,19,11
2017-03-22,7,4,3
2017-03-22,0,0,0
2017-03-22,1,0,1
2017-03-22,2,1,1
2017-03-22,7,5,2
2017-03-21,15,5,10
2017-03-21,14,5,9
2017-03-21,38,15,23
2017-03-21,52,15,37
2017-03-21,125,43,82
2017-03-21,269,100,169
2017-03-21,391,83,308
2017-03-21,147,40,107
2017-03-21,76,26,50
2017-03-21,41,17,24
2017-03-21,34,19,15
2017-03-21,39,15,24
2017-03-21,37,24,13
2017-03-21,62,23,39
2017-03-21,173,87,86
2017-03-21,328,195,133
2017-03-21,199,121,78
2017-03-21,83,52,31
2017-03-21,28,17,11
2017-03-21,4,3,1
2017-03-21,1,1,0
2017-03-21,1,0,1
2017-03-21,0,0,0
2017-03-21,6,3,3
2017-03-20,9,3,6
2017-03-20,27,16,11
2017-03-20,36,12,24
2017-03-20,52,12,40
2017-03-20,137,42,95
2017-03-20,297,92,205
2017-03-20,480,96,384
2017-03-20,203,53,150
2017-03-20,102,46,56
2017-03-20,75,37,38
2017-03-20,72,37,35
2017-03-20,47,26,21
2017-03-20,39,21,18
2017-03-20,83,32,51
2017-03-20,191,102,89
2017-03-20,431,251,180
2017-03-20,260,161,99
2017-03-20,121,71,50
2017-03-20,40,23,17
2017-03-20,7,2,5
2017-03-20,1,1,0
2017-03-20,1,0,1
2017-03-20,1,0,1
2017-03-20,6,2,4
2017-03-19,5,2,3
2017-03-19,17,9,8
2017-03-19,23,8,15
2017-03-19,43,20,23
2017-03-19,63,29,34
2017-03-19,89,43,46
2017-03-19,121,60,61
2017-03-19,175,104,71
2017-03-19,227,117,110
2017-03-19,240,135,105
2017-03-19,243,124,119
2017-03-19,194,119,75
2017-03-19,178,97,81
2017-03-19,98,39,59
2017-03-19,70,39,31
2017-03-19,35,20,15
2017-03-19,32,21,11
2017-03-19,3,2,1
2017-03-19,4,2,2
2017-03-19,1,0,1
2017-03-19,4,1,3
2017-03-19,4,2,2
2017-03-19,9,4,5
2017-03-19,9,6,3
2017-03-18,17,9,8
2017-03-18,24,12,12
2017-03-18,14,2,12
2017-03-18,19,5,14
2017-03-18,31,16,15
2017-03-18,58,23,35
2017-03-18,70,27,43
2017-03-18,83,42,41
2017-03-18,61,29,32
2017-03-18,38,17,21
2017-03-18,31,17,14
2017-03-18,16,8,8
2017-03-18,27,17,10
2017-03-18,26,16,10
2017-03-18,22,14,8
2017-03-18,24,15,9
2017-03-18,12,8,4
2017-03-18,5,2,3
2017-03-18,8,2,6
2017-03-18,2,1,1
2017-03-18,1,1,0
2017-03-18,2,1,1
2017-03-18,2,0,2
2017-03-18,4,1,3
2017-03-17,8,3,5
2017-03-17,12,6,6
2017-03-17,20,8,12
2017-03-17,29,11,18
2017-03-17,70,21,49
2017-03-17,160,43,117
2017-03-17,281,54,227
2017-03-17,128,31,97
2017-03-17,57,28,29
2017-03-17,28,10,18
2017-03-17,29,9,20
2017-03-17,57,30,27
2017-03-17,53,32,21
2017-03-17,64,32,32
2017-03-17,176,88,88
2017-03-17,301,170,131
2017-03-17,200,135,65
2017-03-17,77,48,29
2017-03-17,26,14,12
2017-03-17,5,4,1
2017-03-17,1,0,1
2017-03-17,1,1,0
2017-03-17,9,4,5
2017-03-17,8,2,6
2017-03-16,18,11,7
2017-03-16,26,15,11
2017-03-16,51,19,32
2017-03-16,59,28,31
2017-03-16,151,43,108
2017-03-16,325,87,238
2017-03-16,454,110,344
2017-03-16,230,75,155
2017-03-16,89,42,47
2017-03-16,65,28,37
2017-03-16,82,43,39
2017-03-16,70,37,33
2017-03-16,63,25,38
2017-03-16,91,46,45
2017-03-16,249,135,114
2017-03-16,383,234,149
2017-03-16,281,184,97
2017-03-16,99,56,43
2017-03-16,29,19,10
2017-03-16,5,4,1
2017-03-16,1,0,1
2017-03-16,0,0,0
2017-03-16,3,1,2
2017-03-16,4,1,3
2017-03-15,13,4,9
2017-03-15,16,4,12
2017-03-15,35,14,21
2017-03-15,48,12,36
2017-03-15,94,35,59
2017-03-15,213,54,159
2017-03-15,320,88,232
2017-03-15,145,54,91
2017-03-15,67,32,35
2017-03-15,34,9,25
2017-03-15,24,14,10
2017-03-15,19,11,8
2017-03-15,28,12,16
2017-03-15,45,25,20
2017-03-15,141,70,71
2017-03-15,270,161,109
2017-03-15,186,109,77
2017-03-15,83,54,29
2017-03-15,24,12,12
2017-03-15,8,6,2
2017-03-15,2,2,0
2017-03-15,3,3,0
2017-03-15,1,1,0
2017-03-15,2,0,2
2017-03-14,9,4,5
2017-03-14,18,6,12
2017-03-14,19,11,8
2017-03-14,47,17,30
2017-03-14,122,37,85
2017-03-14,243,59,184
2017-03-14,321,68,253
2017-03-14,146,36,110
2017-03-14,58,22,36
2017-03-14,25,10,15
2017-03-14,27,12,15
2017-03-14,23,10,13
2017-03-14,36,13,23
2017-03-14,55,24,31
2017-03-14,191,95,96
2017-03-14,307,175,132
2017-03-14,191,130,61
2017-03-14,77,51,26
2017-03-14,28,18,10
2017-03-14,3,2,1
2017-03-14,2,1,1
2017-03-14,1,0,1
2017-03-14,3,1,2
2017-03-14,3,2,1
2017-03-13,7,4,3
2017-03-13,18,8,10
2017-03-13,25,10,15
2017-03-13,51,11,40
2017-03-13,93,24,69
2017-03-13,249,55,194
2017-03-13,320,66,254
2017-03-13,114,31,83
2017-03-13,45,19,26
2017-03-13,19,8,11
2017-03-13,22,10,12
2017-03-13,21,15,6
2017-03-13,26,9,17
2017-03-13,70,33,37
2017-03-13,167,89,78
2017-03-13,296,171,125
2017-03-13,182,117,65
2017-03-13,84,52,32
2017-03-13,24,13,11
2017-03-13,6,2,4
2017-03-13,3,1,2
2017-03-13,4,3,1
2017-03-13,4,0,4
2017-03-13,4,0,4
2017-03-12,12,4,8
2017-03-12,12,9,3
2017-03-12,14,10,4
2017-03-12,33,22,11
2017-03-12,24,12,12
2017-03-12,55,32,23
2017-03-12,57,33,24
2017-03-12,67,39,28
2017-03-12,61,34,27
2017-03-12,60,30,30
2017-03-12,65,33,32
2017-03-12,76,44,32
2017-03-12,66,41,25
2017-03-12,46,23,23
2017-03-12,37,20,17
2017-03-12,28,11,17
2017-03-12,6,3,3
2017-03-12,5,3,2
2017-03-12,2,2,0
2017-03-12,1,0,1
2017-03-12,2,1,1
2017-03-12,,,
2017-03-12,2,2,0
2017-03-12,5,2,3
2017-03-11,12,3,9
2017-03-11,10,5,5
2017-03-11,9,1,8
2017-03-11,13,4,9
2017-03-11,15,6,9
2017-03-11,30,14,16
2017-03-11,29,12,17
2017-03-11,33,15,18
2017-03-11,42,27,15
2017-03-11,26,15,11
2017-03-11,21,12,9
2017-03-11,16,6,10
2017-03-11,23,15,8
2017-03-11,21,17,4
2017-03-11,42,23,19
2017-03-11,53,28,25
2017-03-11,26,12,14
2017-03-11,15,9,6
2017-03-11,4,2,2
2017-03-11,2,1,1
2017-03-11,4,1,3
2017-03-11,1,1,0
2017-03-11,15,7,8
2017-03-11,12,2,10
2017-03-10,14,10,4
2017-03-10,25,8,17
2017-03-10,31,9,22
2017-03-10,33,11,22
2017-03-10,79,28,51
2017-03-10,227,74,153
2017-03-10,336,98,238
2017-03-10,188,74,114
2017-03-10,121,54,67
2017-03-10,48,26,22
2017-03-10,55,25,30
2017-03-10,46,19,27
2017-03-10,44,23,21
2017-03-10,60,35,25
2017-03-10,156,76,80
2017-03-10,257,141,116
2017-03-10,158,91,67
2017-03-10,51,29,22
2017-03-10,21,12,9
2017-03-10,8,5,3
2017-03-10,2,0,2
2017-03-10,2,1,1
2017-03-10,2,1,1
2017-03-10,7,2,5
2017-03-09,9,5,4
2017-03-09,20,4,16
2017-03-09,21,7,14
2017-03-09,51,9,42
2017-03-09,85,21,64
2017-03-09,188,43,145
2017-03-09,295,60,235
2017-03-09,123,28,95
2017-03-09,37,11,26
2017-03-09,21,11,10
2017-03-09,32,18,14
2017-03-09,23,14,9
2017-03-09,30,11,19
2017-03-09,61,32,29
2017-03-09,146,75,71
2017-03-09,282,153,129
2017-03-09,202,131,71
2017-03-09,76,48,28
2017-03-09,25,14,11
2017-03-09,5,3,2
2017-03-09,2,1,1
2017-03-09,0,0,0
2017-03-09,2,1,1
2017-03-09,12,6,6
2017-03-08,8,2,6
2017-03-08,20,8,12
2017-03-08,25,8,17
2017-03-08,48,14,34
2017-03-08,87,19,68
2017-03-08,229,64,165
2017-03-08,362,85,277
2017-03-08,167,44,123
2017-03-08,85,42,43
2017-03-08,44,29,15
2017-03-08,51,25,26
2017-03-08,45,25,20
2017-03-08,46,23,23
2017-03-08,86,50,36
2017-03-08,171,88,83
2017-03-08,325,192,133
2017-03-08,249,153,96
2017-03-08,106,64,42
2017-03-08,21,11,10
2017-03-08,7,6,1
2017-03-08,1,0,1
2017-03-08,1,0,1
2017-03-08,3,3,0
2017-03-08,1,0,1
2017-03-07,7,3,4
2017-03-07,16,3,13
2017-03-07,19,7,12
2017-03-07,40,15,25
2017-03-07,92,27,65
2017-03-07,206,59,147
2017-03-07,294,62,232
2017-03-07,125,33,92
2017-03-07,49,20,29
2017-03-07,29,13,16
2017-03-07,19,7,12
2017-03-07,30,14,16
2017-03-07,29,13,16
2017-03-07,30,11,19
2017-03-07,134,75,59
2017-03-07,252,147,105
2017-03-07,218,135,83
2017-03-07,86,51,35
2017-03-07,29,15,14
2017-03-07,8,5,3
2017-03-07,5,2,3
2017-03-07,1,0,1
2017-03-07,3,2,1
2017-03-07,6,4,2
2017-03-06,6,4,2
2017-03-06,15,6,9
2017-03-06,32,10,22
2017-03-06,49,18,31
2017-03-06,105,34,71
2017-03-06,296,95,201
2017-03-06,422,96,326
2017-03-06,173,56,117
2017-03-06,77,31,46
2017-03-06,51,20,31
2017-03-06,46,25,21
2017-03-06,37,15,22
2017-03-06,40,18,22
2017-03-06,61,25,36
2017-03-06,177,102,75
2017-03-06,370,206,164
2017-03-06,240,155,85
2017-03-06,105,58,47
2017-03-06,26,15,11
2017-03-06,6,5,1
2017-03-06,3,0,3
2017-03-06,1,1,0
2017-03-06,3,1,2
2017-03-06,4,4,0
2017-03-05,10,2,8
2017-03-05,5,3,2
2017-03-05,11,3,8
2017-03-05,28,8,20
2017-03-05,22,9,13
2017-03-05,21,11,10
2017-03-05,44,17,27
2017-03-05,38,23,15
2017-03-05,54,20,34
2017-03-05,50,20,30
2017-03-05,38,23,15
2017-03-05,60,30,30
2017-03-05,72,35,37
2017-03-05,74,34,40
2017-03-05,58,34,24
2017-03-05,36,21,15
2017-03-05,24,10,14
2017-03-05,8,2,6
2017-03-05,6,5,1
2017-03-05,0,0,0
2017-03-05,1,0,1
2017-03-05,2,0,2
2017-03-05,6,4,2
2017-03-05,7,5,2
2017-03-04,12,4,8
2017-03-04,17,10,7
2017-03-04,20,14,6
2017-03-04,22,10,12
2017-03-04,35,8,27
2017-03-04,52,27,25
2017-03-04,66,32,34
2017-03-04,82,46,36
2017-03-04,106,54,52
2017-03-04,122,53,69
2017-03-04,95,52,43
2017-03-04,124,68,56
2017-03-04,101,54,47
2017-03-04,91,32,59
2017-03-04,75,46,29
2017-03-04,49,26,23
2017-03-04,24,8,16
2017-03-04,9,3,6
2017-03-04,8,3,5
2017-03-04,4,1,3
2017-03-04,0,0,0
2017-03-04,0,0,0
2017-03-04,4,3,1
2017-03-04,7,2,5
2017-03-03,12,5,7
2017-03-03,18,5,13
2017-03-03,19,8,11
2017-03-03,26,7,19
2017-03-03,77,22,55
2017-03-03,159,55,104
2017-03-03,248,54,194
2017-03-03,113,32,81
2017-03-03,57,22,35
2017-03-03,43,17,26
2017-03-03,41,15,26
2017-03-03,29,13,16
2017-03-03,30,14,16
2017-03-03,51,22,29
2017-03-03,114,58,56
2017-03-03,269,154,115
2017-03-03,158,93,65
2017-03-03,63,38,25
2017-03-03,20,11,9
2017-03-03,3,2,1
2017-03-03,0,0,0
2017-03-03,0,0,0
2017-03-03,4,2,2
2017-03-03,9,3,6
2017-03-02,10,4,6
2017-03-02,21,6,15
2017-03-02,38,12,26
2017-03-02,68,12,56
2017-03-02,85,23,62
2017-03-02,241,76,165
2017-03-02,334,81,253
2017-03-02,186,49,137
2017-03-02,69,33,36
2017-03-02,45,19,26
2017-03-02,35,17,18
2017-03-02,40,23,17
2017-03-02,43,17,26
2017-03-02,74,40,34
2017-03-02,177,98,79
2017-03-02,351,194,157
2017-03-02,255,146,109
2017-03-02,83,50,33
2017-03-02,27,18,9
2017-03-02,9,6,3
2017-03-02,1,0,1
2017-03-02,2,1,1
2017-03-02,2,2,0
2017-03-02,2,1,1
2017-03-01,20,9,11
2017-03-01,28,11,17
2017-03-01,45,11,34
2017-03-01,75,27,48
2017-03-01,117,36,81
2017-03-01,265,97,168
2017-03-01,406,102,304
2017-03-01,160,45,115
2017-03-01,78,41,37
2017-03-01,59,19,40
2017-03-01,53,29,24
2017-03-01,44,29,15
2017-03-01,37,19,18
2017-03-01,70,36,34
2017-03-01,181,87,94
2017-03-01,339,194,145
2017-03-01,247,153,94
2017-03-01,96,63,33
2017-03-01,24,13,11
2017-03-01,6,3,3
2017-03-01,1,1,0
2017-03-01,2,1,1
2017-03-01,4,2,2
2017-03-01,3,1,2
2017-02-28,7,6,1
2017-02-28,12,7,5
2017-02-28,30,9,21
2017-02-28,60,21,39
2017-02-28,95,23,72
2017-02-28,208,68,140
2017-02-28,331,85,246
2017-02-28,163,52,111
2017-02-28,89,47,42
2017-02-28,44,15,29
2017-02-28,58,30,28
2017-02-28,44,16,28
2017-02-28,36,23,13
2017-02-28,63,30,33
2017-02-28,165,81,84
2017-02-28,272,161,111
2017-02-28,175,98,77
2017-02-28,76,56,20
2017-02-28,23,12,11
2017-02-28,3,2,1
2017-02-28,1,1,0
2017-02-28,0,0,0
2017-02-28,1,0,1
2017-02-28,2,2,0
2017-02-27,3,1,2
2017-02-27,14,7,7
2017-02-27,14,3,11
2017-02-27,22,6,16
2017-02-27,42,18,24
2017-02-27,104,35,69
2017-02-27,177,38,139
2017-02-27,82,28,54
2017-02-27,43,23,20
2017-02-27,27,12,15
2017-02-27,27,15,12
2017-02-27,23,9,14
2017-02-27,25,13,12
2017-02-27,31,12,19
2017-02-27,84,45,39
2017-02-27,161,80,81
2017-02-27,85,50,35
2017-02-27,51,29,22
2017-02-27,21,12,9
2017-02-27,4,4,0
2017-02-27,1,1,0
2017-02-27,0,0,0
2017-02-27,1,0,1
2017-02-27,5,4,1
2017-02-26,3,1,2
2017-02-26,6,2,4
2017-02-26,9,2,7
2017-02-26,14,4,10
2017-02-26,16,5,11
2017-02-26,30,15,15
2017-02-26,31,18,13
2017-02-26,47,23,24
2017-02-26,34,15,19
2017-02-26,38,15,23
2017-02-26,34,18,16
2017-02-26,34,13,21
2017-02-26,21,12,9
2017-02-26,27,16,11
2017-02-26,24,13,11
2017-02-26,38,29,9
2017-02-26,35,24,11
2017-02-26,12,9,3
2017-02-26,3,2,1
2017-02-26,2,1,1
2017-02-26,0,0,0
2017-02-26,2,1,1
2017-02-26,6,2,4
2017-02-26,8,4,4
2017-02-25,7,3,4
2017-02-25,10,4,6
2017-02-25,13,5,8
2017-02-25,22,8,14
2017-02-25,25,11,14
2017-02-25,30,14,16
2017-02-25,56,18,38
2017-02-25,70,40,30
2017-02-25,100,42,58
2017-02-25,111,55,56
2017-02-25,95,42,53
2017-02-25,99,52,47
2017-02-25,85,43,42
2017-02-25,75,36,39
2017-02-25,80,49,31
2017-02-25,47,26,21
2017-02-25,22,12,10
2017-02-25,6,4,2
2017-02-25,11,7,4
2017-02-25,1,0,1
2017-02-25,1,0,1
2017-02-25,1,1,0
2017-02-25,6,3,3
2017-02-25,8,2,6
2017-02-24,10,4,6
2017-02-24,17,9,8
2017-02-24,35,15,20
2017-02-24,45,13,32
2017-02-24,74,22,52
2017-02-24,185,63,122
2017-02-24,282,86,196
2017-02-24,196,72,124
2017-02-24,116,55,61
2017-02-24,52,29,23
2017-02-24,50,24,26
2017-02-24,38,20,18
2017-02-24,43,19,24
2017-02-24,65,35,30
2017-02-24,133,67,66
2017-02-24,252,141,111
2017-02-24,168,102,66
2017-02-24,62,35,27
2017-02-24,19,11,8
2017-02-24,6,4,2
2017-02-24,2,1,1
2017-02-24,3,2,1
2017-02-24,3,1,2
2017-02-24,4,2,2
2017-02-23,9,4,5
2017-02-23,20,7,13
2017-02-23,35,7,28
2017-02-23,65,22,43
2017-02-23,95,39,56
2017-02-23,218,62,156
2017-02-23,346,77,269
2017-02-23,152,36,116
2017-02-23,74,26,48
2017-02-23,47,22,25
2017-02-23,55,25,30
2017-02-23,49,21,28
2017-02-23,53,34,19
2017-02-23,70,25,45
2017-02-23,159,70,89
2017-02-23,306,177,129
2017-02-23,216,131,85
2017-02-23,97,62,35
2017-02-23,31,17,14
2017-02-23,7,4,3
2017-02-23,3,1,2
2017-02-23,1,0,1
2017-02-23,2,1,1
2017-02-23,7,1,6
2017-02-22,13,7,6
2017-02-22,24,12,12
2017-02-22,38,13,25
2017-02-22,50,18,32
2017-02-22,125,36,89
2017-02-22,208,57,151
2017-02-22,374,97,277
2017-02-22,192,69,123
2017-02-22,102,43,59
2017-02-22,66,38,28
2017-02-22,49,22,27
2017-02-22,39,21,18
2017-02-22,32,12,20
2017-02-22,63,26,37
2017-02-22,142,75,67
2017-02-22,322,182,140
2017-02-22,213,134,79
2017-02-22,84,52,32
2017-02-22,28,19,9
2017-02-22,6,4,2
2017-02-22,3,2,1
2017-02-22,0,0,0
2017-02-22,1,1,0
2017-02-22,2,2,0
2017-02-21,6,2,4
2017-02-21,10,2,8
2017-02-21,22,9,13
2017-02-21,38,12,26
2017-02-21,87,30,57
2017-02-21,224,54,170
2017-02-21,335,73,262
2017-02-21,157,58,99
2017-02-21,64,22,42
2017-02-21,40,24,16
2017-02-21,43,21,22
2017-02-21,38,10,28
2017-02-21,38,25,13
2017-02-21,61,28,33
2017-02-21,147,71,76
2017-02-21,282,171,111
2017-02-21,208,116,92
2017-02-21,92,60,32
2017-02-21,27,17,10
2017-02-21,3,1,2
2017-02-21,3,2,1
2017-02-21,4,4,0
2017-02-21,2,0,2
2017-02-21,6,5,1
2017-02-20,8,2,6
2017-02-20,10,3,7
2017-02-20,14,6,8
2017-02-20,23,8,15
2017-02-20,54,19,35
2017-02-20,110,18,92
2017-02-20,146,26,120
2017-02-20,59,22,37
2017-02-20,25,11,14
2017-02-20,21,8,13
2017-02-20,25,10,15
2017-02-20,28,13,15
2017-02-20,28,12,16
2017-02-20,37,25,12
2017-02-20,81,39,42
2017-02-20,145,83,62
2017-02-20,91,53,38
2017-02-20,30,22,8
2017-02-20,20,15,5
2017-02-20,3,2,1
2017-02-20,1,1,0
2017-02-20,4,1,3
2017-02-20,4,0,4
2017-02-20,2,2,0
2017-02-19,6,5,1
2017-02-19,7,3,4
2017-02-19,7,4,3
2017-02-19,6,2,4
2017-02-19,21,6,15
2017-02-19,17,11,6
2017-02-19,27,15,12
2017-02-19,33,16,17
2017-02-19,40,13,27
2017-02-19,44,22,22
2017-02-19,61,31,30
2017-02-19,91,40,51
2017-02-19,71,39,32
2017-02-19,56,28,28
2017-02-19,27,11,16
2017-02-19,20,11,9
2017-02-19,3,2,1
2017-02-19,5,2,3
2017-02-19,1,0,1
2017-02-19,3,1,2
2017-02-19,2,1,1
2017-02-19,3,0,3
2017-02-19,3,1,2
2017-02-19,10,5,5
2017-02-18,6,1,5
2017-02-18,13,4,9
2017-02-18,15,7,8
2017-02-18,10,6,4
2017-02-18,17,3,14
2017-02-18,38,19,19
2017-02-18,33,14,19
2017-02-18,37,20,17
2017-02-18,38,23,15
2017-02-18,44,24,20
2017-02-18,34,13,21
2017-02-18,48,17,31
2017-02-18,35,16,19
2017-02-18,56,31,25
2017-02-18,47,20,27
2017-02-18,42,26,16
2017-02-18,15,9,6
2017-02-18,7,3,4
2017-02-18,3,2,1
2017-02-18,6,5,1
2017-02-18,0,0,0
2017-02-18,0,0,0
2017-02-18,5,2,3
2017-02-18,10,3,7
2017-02-17,22,10,12
2017-02-17,24,7,17
2017-02-17,31,13,18
2017-02-17,46,11,35
2017-02-17,80,28,52
2017-02-17,232,64,168
2017-02-17,411,122,289
2017-02-17,263,94,169
2017-02-17,175,77,98
2017-02-17,86,42,44
2017-02-17,71,28,43
2017-02-17,92,49,43
2017-02-17,68,39,29
2017-02-17,71,31,40
2017-02-17,205,115,90
2017-02-17,347,203,144
2017-02-17,260,168,92
2017-02-17,92,53,39
2017-02-17,17,8,9
2017-02-17,8,5,3
2017-02-17,3,2,1
2017-02-17,2,0,2
2017-02-17,2,2,0
2017-02-17,11,6,5
2017-02-16,15,5,10
2017-02-16,15,5,10
2017-02-16,37,12,25
2017-02-16,65,15,50
2017-02-16,99,35,64
2017-02-16,252,75,177
2017-02-16,391,94,297
2017-02-16,176,56,120
2017-02-16,86,37,49
2017-02-16,58,26,32
2017-02-16,55,27,28
2017-02-16,56,29,27
2017-02-16,58,31,27
2017-02-16,72,39,33
2017-02-16,180,102,78
2017-02-16,326,201,125
2017-02-16,241,150,91
2017-02-16,96,56,40
2017-02-16,18,11,7
2017-02-16,5,4,1
2017-02-16,2,1,1
2017-02-16,3,2,1
2017-02-16,1,0,1
2017-02-16,1,0,1
2017-02-15,3,1,2
2017-02-15,16,6,10
2017-02-15,15,5,10
2017-02-15,43,14,29
2017-02-15,76,16,60
2017-02-15,181,48,133
2017-02-15,272,54,218
2017-02-15,99,29,70
2017-02-15,47,22,25
2017-02-15,17,2,15
2017-02-15,22,9,13
2017-02-15,12,7,5
2017-02-15,23,13,10
2017-02-15,49,25,24
2017-02-15,147,68,79
2017-02-15,262,152,110
2017-02-15,188,117,71
2017-02-15,60,45,15
2017-02-15,18,8,10
2017-02-15,2,1,1
2017-02-15,2,0,2
2017-02-15,0,0,0
2017-02-15,3,1,2
2017-02-15,4,3,1
2017-02-14,1,0,1
2017-02-14,12,3,9
2017-02-14,32,18,14
2017-02-14,47,21,26
2017-02-14,122,39,83
2017-02-14,266,71,195
2017-02-14,525,120,405
2017-02-14,261,75,186
2017-02-14,120,43,77
2017-02-14,74,29,45
2017-02-14,64,33,31
2017-02-14,64,35,29
2017-02-14,56,32,24
2017-02-14,86,35,51
2017-02-14,202,108,94
2017-02-14,449,274,175
2017-02-14,346,218,128
2017-02-14,124,80,44
2017-02-14,32,18,14
2017-02-14,4,3,1
2017-02-14,2,1,1
2017-02-14,5,3,2
2017-02-14,5,2,3
2017-02-14,5,2,3
2017-02-13,8,3,5
2017-02-13,21,11,10
2017-02-13,34,10,24
2017-02-13,64,23,41
2017-02-13,134,45,89
2017-02-13,331,116,215
2017-02-13,535,118,417
2017-02-13,242,85,157
2017-02-13,137,57,80
2017-02-13,95,44,51
2017-02-13,81,42,39
2017-02-13,67,24,43
2017-02-13,57,28,29
2017-02-13,112,57,55
2017-02-13,233,131,102
2017-02-13,436,250,186
2017-02-13,290,186,104
2017-02-13,112,67,45
2017-02-13,29,20,9
2017-02-13,4,3,1
2017-02-13,0,0,0
2017-02-13,0,0,0
2017-02-13,3,0,3
2017-02-13,2,0,2
2017-02-12,5,2,3
2017-02-12,11,7,4
2017-02-12,13,7,6
2017-02-12,23,5,18
2017-02-12,38,14,24
2017-02-12,41,14,27
2017-02-12,67,36,31
2017-02-12,155,76,79
2017-02-12,162,75,87
2017-02-12,191,102,89
2017-02-12,127,68,59
2017-02-12,118,67,51
2017-02-12,84,46,38
2017-02-12,74,44,30
2017-02-12,43,23,20
2017-02-12,36,19,17
2017-02-12,16,11,5
2017-02-12,5,1,4
2017-02-12,0,0,0
2017-02-12,3,3,0
2017-02-12,2,2,0
2017-02-12,4,2,2
2017-02-12,7,3,4
2017-02-12,6,1,5
2017-02-11,13,5,8
2017-02-11,24,11,13
2017-02-11,37,6,31
2017-02-11,20,10,10
2017-02-11,31,11,20
2017-02-11,33,10,23
2017-02-11,72,37,35
2017-02-11,82,41,41
2017-02-11,109,46,63
2017-02-11,125,56,69
2017-02-11,99,55,44
2017-02-11,88,51,37
2017-02-11,86,52,34
2017-02-11,64,36,28
2017-02-11,53,27,26
2017-02-11,42,25,17
2017-02-11,17,8,9
2017-02-11,10,2,8
2017-02-11,3,3,0
2017-02-11,2,1,1
2017-02-11,1,0,1
2017-02-11,3,2,1
2017-02-11,3,3,0
2017-02-11,6,4,2
2017-02-10,16,8,8
2017-02-10,15,4,11
2017-02-10,16,7,9
2017-02-10,41,8,33
2017-02-10,76,20,56
2017-02-10,173,40,133
2017-02-10,296,75,221
2017-02-10,139,50,89
2017-02-10,66,25,41
2017-02-10,26,13,13
2017-02-10,34,21,13
2017-02-10,31,14,17
2017-02-10,38,18,20
2017-02-10,52,22,30
2017-02-10,146,71,75
2017-02-10,258,153,105
2017-02-10,183,123,60
2017-02-10,62,43,19
2017-02-10,23,11,12
2017-02-10,7,5,2
2017-02-10,1,1,0
2017-02-10,3,2,1
2017-02-10,1,0,1
2017-02-10,4,2,2
2017-02-09,6,1,5
2017-02-09,9,1,8
2017-02-09,22,10,12
2017-02-09,29,11,18
2017-02-09,58,15,43
2017-02-09,151,54,97
2017-02-09,207,57,150
2017-02-09,101,42,59
2017-02-09,43,18,25
2017-02-09,30,17,13
2017-02-09,14,10,4
2017-02-09,24,9,15
2017-02-09,29,11,18
2017-02-09,38,15,23
2017-02-09,97,46,51
2017-02-09,166,87,79
2017-02-09,136,92,44
2017-02-09,60,40,20
2017-02-09,17,9,8
2017-02-09,5,2,3
2017-02-09,1,1,0
2017-02-09,1,1,0
2017-02-09,1,1,0
2017-02-09,1,0,1
2017-02-08,3,2,1
2017-02-08,13,0,13
2017-02-08,12,4,8
2017-02-08,25,6,19
2017-02-08,70,18,52
2017-02-08,166,58,108
2017-02-08,238,57,181
2017-02-08,96,20,76
2017-02-08,45,16,29
2017-02-08,20,7,13
2017-02-08,24,14,10
2017-02-08,15,6,9
2017-02-08,24,10,14
2017-02-08,42,25,17
2017-02-08,117,59,58
2017-02-08,264,138,126
2017-02-08,152,101,51
2017-02-08,70,49,21
2017-02-08,23,17,6
2017-02-08,7,5,2
2017-02-08,1,0,1
2017-02-08,4,1,3
2017-02-08,1,0,1
2017-02-08,4,3,1
2017-02-07,7,1,6
2017-02-07,9,3,6
2017-02-07,26,9,17
2017-02-07,42,19,23
2017-02-07,66,20,46
2017-02-07,179,58,121
2017-02-07,249,61,188
2017-02-07,96,30,66
2017-02-07,56,17,39
2017-02-07,21,9,12
2017-02-07,36,14,22
2017-02-07,25,14,11
2017-02-07,28,16,12
2017-02-07,46,27,19
2017-02-07,113,62,51
2017-02-07,219,130,89
2017-02-07,119,71,48
2017-02-07,43,25,18
2017-02-07,18,9,9
2017-02-07,3,1,2
2017-02-07,0,0,0
2017-02-07,0,0,0
2017-02-07,1,0,1
2017-02-07,1,1,0
2017-02-06,2,2,0
2017-02-06,4,0,4
2017-02-06,8,5,3
2017-02-06,14,6,8
2017-02-06,17,3,14
2017-02-06,26,6,20
2017-02-06,61,17,44
2017-02-06,29,9,20
2017-02-06,20,10,10
2017-02-06,14,6,8
2017-02-06,14,6,8
2017-02-06,9,1,8
2017-02-06,11,3,8
2017-02-06,25,11,14
2017-02-06,29,12,17
2017-02-06,43,26,17
2017-02-06,22,9,13
2017-02-06,9,5,4
2017-02-06,4,2,2
2017-02-06,2,2,0
2017-02-06,0,0,0
2017-02-06,0,0,0
2017-02-06,1,1,0
2017-02-06,4,1,3
2017-02-05,2,1,1
2017-02-05,1,1,0
2017-02-05,2,1,1
2017-02-05,13,7,6
2017-02-05,11,4,7
2017-02-05,10,5,5
2017-02-05,14,7,7
2017-02-05,13,7,6
2017-02-05,16,8,8
2017-02-05,26,16,10
2017-02-05,21,11,10
2017-02-05,28,14,14
2017-02-05,24,16,8
2017-02-05,29,14,15
2017-02-05,28,18,10
2017-02-05,22,12,10
2017-02-05,13,10,3
2017-02-05,8,3,5
2017-02-05,2,1,1
2017-02-05,1,1,0
2017-02-05,0,0,0
2017-02-05,0,0,0
2017-02-05,1,0,1
2017-02-05,7,2,5
2017-02-04,5,3,2
2017-02-04,4,2,2
2017-02-04,10,3,7
2017-02-04,7,4,3
2017-02-04,20,12,8
2017-02-04,18,7,11
2017-02-04,28,15,13
2017-02-04,18,11,7
2017-02-04,24,13,11
2017-02-04,18,9,9
2017-02-04,20,12,8
2017-02-04,31,16,15
2017-02-04,33,23,10
2017-02-04,25,20,5
2017-02-04,26,15,11
2017-02-04,33,19,14
2017-02-04,7,3,4
2017-02-04,8,4,4
2017-02-04,4,3,1
2017-02-04,2,0,2
2017-02-04,1,0,1
2017-02-04,4,0,4
2017-02-04,0,0,0
2017-02-04,7,4,3
2017-02-03,14,6,8
2017-02-03,11,1,10
2017-02-03,16,2,14
2017-02-03,21,5,16
2017-02-03,46,16,30
2017-02-03,129,34,95
2017-02-03,176,39,137
2017-02-03,82,25,57
2017-02-03,36,18,18
2017-02-03,32,13,19
2017-02-03,16,7,9
2017-02-03,23,13,10
2017-02-03,33,15,18
2017-02-03,49,25,24
2017-02-03,113,63,50
2017-02-03,165,83,82
2017-02-03,93,61,32
2017-02-03,35,24,11
2017-02-03,21,12,9
2017-02-03,4,2,2
2017-02-03,0,0,0
2017-02-03,1,0,1
2017-02-03,3,1,2
2017-02-03,2,0,2
2017-02-02,8,5,3
2017-02-02,20,5,15
2017-02-02,43,16,27
2017-02-02,67,19,48
2017-02-02,114,28,86
2017-02-02,258,86,172
2017-02-02,365,91,274
2017-02-02,198,76,122
2017-02-02,91,40,51
2017-02-02,63,25,38
2017-02-02,51,32,19
2017-02-02,42,25,17
2017-02-02,54,27,27
2017-02-02,68,31,37
2017-02-02,194,106,88
2017-02-02,367,228,139
2017-02-02,216,136,80
2017-02-02,88,51,37
2017-02-02,34,21,13
2017-02-02,5,3,2
2017-02-02,1,1,0
2017-02-02,0,0,0
2017-02-02,2,2,0
2017-02-02,5,2,3
2017-02-01,14,8,6
2017-02-01,18,3,15
2017-02-01,41,15,26
2017-02-01,70,23,47
2017-02-01,113,32,81
2017-02-01,276,85,191
2017-02-01,365,85,280
2017-02-01,182,70,112
2017-02-01,120,58,62
2017-02-01,56,25,31
2017-02-01,56,29,27
2017-02-01,48,27,21
2017-02-01,48,24,24
2017-02-01,71,39,32
2017-02-01,201,106,95
2017-02-01,355,216,139
2017-02-01,244,154,90
2017-02-01,87,54,33
2017-02-01,28,18,10
2017-02-01,4,3,1
2017-02-01,1,0,1
2017-02-01,1,0,1
2017-02-01,0,0,0
2017-02-01,7,3,4
2017-01-31,15,6,9
2017-01-31,19,4,15
2017-01-31,32,19,13
2017-01-31,64,25,39
2017-01-31,116,27,89
2017-01-31,283,89,194
2017-01-31,434,93,341
2017-01-31,208,73,135
2017-01-31,110,52,58
2017-01-31,44,18,26
2017-01-31,51,24,27
2017-01-31,47,29,18
2017-01-31,47,24,23
2017-01-31,83,43,40
2017-01-31,198,98,100
2017-01-31,405,237,168
2017-01-31,304,195,109
2017-01-31,103,67,36
2017-01-31,33,17,16
2017-01-31,6,3,3
2017-01-31,1,1,0
2017-01-31,0,0,0
2017-01-31,2,1,1
2017-01-31,3,1,2
2017-01-30,9,5,4
2017-01-30,15,6,9
2017-01-30,37,9,28
2017-01-30,55,19,36
2017-01-30,114,28,86
2017-01-30,302,74,228
2017-01-30,454,100,354
2017-01-30,200,64,136
2017-01-30,103,39,64
2017-01-30,68,30,38
2017-01-30,60,26,34
2017-01-30,46,12,34
2017-01-30,50,28,22
2017-01-30,79,39,40
2017-01-30,189,102,87
2017-01-30,410,256,154
2017-01-30,306,206,100
2017-01-30,103,62,41
2017-01-30,32,19,13
2017-01-30,6,2,4
2017-01-30,2,1,1
2017-01-30,2,1,1
2017-01-30,2,0,2
2017-01-30,1,0,1
2017-01-29,8,1,7
2017-01-29,13,6,7
2017-01-29,13,6,7
2017-01-29,26,5,21
2017-01-29,44,2,42
2017-01-29,38,15,23
2017-01-29,62,32,30
2017-01-29,59,23,36
2017-01-29,57,36,21
2017-01-29,58,38,20
2017-01-29,63,28,35
2017-01-29,88,50,38
2017-01-29,74,41,33
2017-01-29,60,23,37
2017-01-29,52,30,22
2017-01-29,41,19,22
2017-01-29,12,5,7
2017-01-29,8,4,4
2017-01-29,7,4,3
2017-01-29,1,0,1
2017-01-29,3,1,2
2017-01-29,4,1,3
2017-01-29,6,2,4
2017-01-29,17,6,11
2017-01-28,13,3,10
2017-01-28,17,3,14
2017-01-28,25,12,13
2017-01-28,26,7,19
2017-01-28,31,11,20
2017-01-28,59,28,31
2017-01-28,70,29,41
2017-01-28,136,78,58
2017-01-28,126,55,71
2017-01-28,109,75,34
2017-01-28,131,77,54
2017-01-28,102,56,46
2017-01-28,107,60,47
2017-01-28,99,63,36
2017-01-28,54,29,25
2017-01-28,54,33,21
2017-01-28,23,9,14
2017-01-28,6,2,4
2017-01-28,3,1,2
2017-01-28,3,1,2
2017-01-28,0,0,0
2017-01-28,3,1,2
2017-01-28,5,3,2
2017-01-28,13,5,8
2017-01-27,18,8,10
2017-01-27,29,6,23
2017-01-27,23,5,18
2017-01-27,37,11,26
2017-01-27,78,29,49
2017-01-27,214,60,154
2017-01-27,381,97,284
2017-01-27,260,81,179
2017-01-27,115,54,61
2017-01-27,87,47,40
2017-01-27,80,35,45
2017-01-27,57,29,28
2017-01-27,77,38,39
2017-01-27,82,41,41
2017-01-27,161,76,85
2017-01-27,342,194,148
2017-01-27,231,155,76
2017-01-27,67,45,22
2017-01-27,25,13,12
2017-01-27,7,4,3
2017-01-27,1,1,0
2017-01-27,1,1,0
2017-01-27,4,1,3
2017-01-27,6,1,5
2017-01-26,13,4,9
2017-01-26,27,12,15
2017-01-26,33,12,21
2017-01-26,55,14,41
2017-01-26,134,38,96
2017-01-26,273,89,184
2017-01-26,387,78,309
2017-01-26,210,72,138
2017-01-26,94,42,52
2017-01-26,65,29,36
2017-01-26,53,28,25
2017-01-26,51,20,31
2017-01-26,61,28,33
2017-01-26,57,22,35
2017-01-26,205,118,87
2017-01-26,401,247,154
2017-01-26,242,164,78
2017-01-26,103,63,40
2017-01-26,34,23,11
2017-01-26,7,5,2
2017-01-26,3,0,3
2017-01-26,5,3,2
2017-01-26,0,0,0
2017-01-26,5,3,2
2017-01-25,8,5,3
2017-01-25,12,3,9
2017-01-25,43,14,29
2017-01-25,49,22,27
2017-01-25,114,37,77
2017-01-25,259,83,176
2017-01-25,384,87,297
2017-01-25,167,62,105
2017-01-25,75,28,47
2017-01-25,40,17,23
2017-01-25,44,17,27
2017-01-25,52,31,21
2017-01-25,60,35,25
2017-01-25,68,28,40
2017-01-25,187,113,74
2017-01-25,385,233,152
2017-01-25,245,163,82
2017-01-25,100,59,41
2017-01-25,28,15,13
2017-01-25,7,7,0
2017-01-25,0,0,0
2017-01-25,1,1,0
2017-01-25,3,0,3
2017-01-25,11,6,5
2017-01-24,15,9,6
2017-01-24,18,5,13
2017-01-24,38,14,24
2017-01-24,62,18,44
2017-01-24,131,41,90
2017-01-24,279,86,193
2017-01-24,414,108,306
2017-01-24,181,50,131
2017-01-24,99,39,60
2017-01-24,47,22,25
2017-01-24,70,42,28
2017-01-24,48,28,20
2017-01-24,64,31,33
2017-01-24,83,38,45
2017-01-24,217,121,96
2017-01-24,371,232,139
2017-01-24,292,188,104
2017-01-24,94,58,36
2017-01-24,31,16,15
2017-01-24,5,3,2
2017-01-24,1,1,0
2017-01-24,3,2,1
2017-01-24,6,3,3
2017-01-24,5,3,2
2017-01-23,11,3,8
2017-01-23,17,6,11
2017-01-23,33,11,22
2017-01-23,67,22,45
2017-01-23,118,37,81
2017-01-23,277,90,187
2017-01-23,449,104,345
2017-01-23,209,81,128
2017-01-23,108,45,63
2017-01-23,73,25,48
2017-01-23,71,31,40
2017-01-23,64,25,39
2017-01-23,54,25,29
2017-01-23,89,44,45
2017-01-23,191,106,85
2017-01-23,406,256,150
2017-01-23,269,175,94
2017-01-23,94,59,35
2017-01-23,24,12,12
2017-01-23,3,1,2
2017-01-23,2,1,1
2017-01-23,2,1,1
2017-01-23,3,2,1
2017-01-23,1,0,1
2017-01-22,7,2,5
2017-01-22,5,2,3
2017-01-22,9,5,4
2017-01-22,15,7,8
2017-01-22,16,7,9
2017-01-22,28,14,14
2017-01-22,31,14,17
2017-01-22,52,32,20
2017-01-22,46,20,26
2017-01-22,40,22,18
2017-01-22,34,16,18
2017-01-22,28,13,15
2017-01-22,26,15,11
2017-01-22,17,9,8
2017-01-22,21,12,9
2017-01-22,21,9,12
2017-01-22,12,8,4
2017-01-22,2,2,0
2017-01-22,5,4,1
2017-01-22,0,0,0
2017-01-22,1,1,0
2017-01-22,3,2,1
2017-01-22,6,0,6
2017-01-22,8,3,5
2017-01-21,15,3,12
2017-01-21,15,10,5
2017-01-21,24,13,11
2017-01-21,10,3,7
2017-01-21,23,6,17
2017-01-21,39,8,31
2017-01-21,52,24,28
2017-01-21,118,49,69
2017-01-21,180,55,125
2017-01-21,187,59,128
2017-01-21,146,62,84
2017-01-21,129,75,54
2017-01-21,94,51,43
2017-01-21,120,78,42
2017-01-21,82,49,33
2017-01-21,64,30,34
2017-01-21,21,12,9
2017-01-21,10,7,3
2017-01-21,11,7,4
2017-01-21,2,1,1
2017-01-21,1,1,0
2017-01-21,2,1,1
2017-01-21,4,0,4
2017-01-21,14,3,11
2017-01-20,20,7,13
2017-01-20,26,10,16
2017-01-20,33,13,20
2017-01-20,49,13,36
2017-01-20,87,24,63
2017-01-20,196,59,137
2017-01-20,342,88,254
2017-01-20,217,57,160
2017-01-20,93,40,53
2017-01-20,65,23,42
2017-01-20,77,43,34
2017-01-20,48,25,23
2017-01-20,52,33,19
2017-01-20,56,30,26
2017-01-20,183,101,82
2017-01-20,346,180,166
2017-01-20,227,149,78
2017-01-20,69,42,27
2017-01-20,19,13,6
2017-01-20,9,6,3
2017-01-20,1,1,0
2017-01-20,0,0,0
2017-01-20,3,3,0
2017-01-20,2,1,1
2017-01-19,11,4,7
2017-01-19,19,7,12
2017-01-19,31,12,19
2017-01-19,51,15,36
2017-01-19,93,29,64
2017-01-19,213,54,159
2017-01-19,303,70,233
2017-01-19,161,51,110
2017-01-19,54,18,36
2017-01-19,44,20,24
2017-01-19,49,32,17
2017-01-19,46,30,16
2017-01-19,39,17,22
2017-01-19,63,31,32
2017-01-19,155,83,72
2017-01-19,328,193,135
2017-01-19,195,123,72
2017-01-19,62,43,19
2017-01-19,21,12,9
2017-01-19,4,3,1
2017-01-19,0,0,0
2017-01-19,1,0,1
2017-01-19,2,1,1
2017-01-19,0,0,0
2017-01-18,9,6,3
2017-01-18,14,5,9
2017-01-18,21,6,15
2017-01-18,34,14,20
2017-01-18,65,21,44
2017-01-18,164,49,115
2017-01-18,222,47,175
2017-01-18,136,46,90
2017-01-18,52,23,29
2017-01-18,24,13,11
2017-01-18,36,18,18
2017-01-18,31,17,14
2017-01-18,29,12,17
2017-01-18,32,12,20
2017-01-18,88,51,37
2017-01-18,185,114,71
2017-01-18,168,104,64
2017-01-18,70,47,23
2017-01-18,16,11,5
2017-01-18,6,5,1
2017-01-18,1,0,1
2017-01-18,0,0,0
2017-01-18,0,0,0
2017-01-18,3,2,1
2017-01-17,3,1,2
2017-01-17,4,2,2
2017-01-17,12,3,9
2017-01-17,28,6,22
2017-01-17,78,14,64
2017-01-17,191,48,143
2017-01-17,276,59,217
2017-01-17,132,43,89
2017-01-17,51,18,33
2017-01-17,23,10,13
2017-01-17,28,13,15
2017-01-17,29,11,18
2017-01-17,36,23,13
2017-01-17,55,27,28
2017-01-17,160,75,85
2017-01-17,298,180,118
2017-01-17,227,149,78
2017-01-17,77,51,26
2017-01-17,20,12,8
2017-01-17,6,4,2
2017-01-17,1,0,1
2017-01-17,1,0,1
2017-01-17,4,1,3
2017-01-17,5,4,1
2017-01-16,8,3,5
2017-01-16,9,6,3
2017-01-16,16,6,10
2017-01-16,23,7,16
2017-01-16,64,22,42
2017-01-16,121,39,82
2017-01-16,199,53,146
2017-01-16,91,24,67
2017-01-16,99,40,59
2017-01-16,83,44,39
2017-01-16,72,39,33
2017-01-16,93,40,53
2017-01-16,58,31,27
2017-01-16,78,41,37
2017-01-16,102,53,49
2017-01-16,158,93,65
2017-01-16,105,69,36
2017-01-16,44,21,23
2017-01-16,10,8,2
2017-01-16,3,1,2
2017-01-16,0,0,0
2017-01-16,1,0,1
2017-01-16,2,2,0
2017-01-16,3,1,2
2017-01-15,4,2,2
2017-01-15,12,5,7
2017-01-15,9,4,5
2017-01-15,13,6,7
2017-01-15,29,13,16
2017-01-15,28,14,14
2017-01-15,39,21,18
2017-01-15,62,32,30
2017-01-15,99,55,44
2017-01-15,105,46,59
2017-01-15,122,69,53
2017-01-15,91,46,45
2017-01-15,75,41,34
2017-01-15,39,24,15
2017-01-15,30,17,13
2017-01-15,24,13,11
2017-01-15,8,5,3
2017-01-15,7,2,5
2017-01-15,4,3,1
2017-01-15,0,0,0
2017-01-15,1,0,1
2017-01-15,2,1,1
2017-01-15,4,3,1
2017-01-15,6,4,2
2017-01-14,4,1,3
2017-01-14,10,6,4
2017-01-14,9,2,7
2017-01-14,17,13,4
2017-01-14,19,6,13
2017-01-14,31,15,16
2017-01-14,47,22,25
2017-01-14,56,34,22
2017-01-14,61,31,30
2017-01-14,76,45,31
2017-01-14,91,57,34
2017-01-14,79,41,38
2017-01-14,57,38,19
2017-01-14,65,37,28
2017-01-14,43,20,23
2017-01-14,27,14,13
2017-01-14,13,7,6
2017-01-14,9,6,3
2017-01-14,4,3,1
2017-01-14,0,0,0
2017-01-14,2,0,2
2017-01-14,2,2,0
2017-01-14,7,1,6
2017-01-14,2,1,1
2017-01-13,9,3,6
2017-01-13,12,3,9
2017-01-13,26,14,12
2017-01-13,29,8,21
2017-01-13,64,24,40
2017-01-13,167,44,123
2017-01-13,258,65,193
2017-01-13,166,51,115
2017-01-13,93,40,53
2017-01-13,50,19,31
2017-01-13,48,26,22
2017-01-13,40,23,17
2017-01-13,42,22,20
2017-01-13,61,30,31
2017-01-13,139,69,70
2017-01-13,236,139,97
2017-01-13,169,112,57
2017-01-13,62,39,23
2017-01-13,20,12,8
2017-01-13,3,2,1
2017-01-13,0,0,0
2017-01-13,1,1,0
2017-01-13,5,4,1
2017-01-13,4,2,2
2017-01-12,17,13,4
2017-01-12,30,17,13
2017-01-12,29,9,20
2017-01-12,47,12,35
2017-01-12,84,23,61
2017-01-12,211,68,143
2017-01-12,262,68,194
2017-01-12,141,54,87
2017-01-12,75,33,42
2017-01-12,54,30,24
2017-01-12,47,27,20
2017-01-12,37,20,17
2017-01-12,61,26,35
2017-01-12,67,39,28
2017-01-12,143,80,63
2017-01-12,271,158,113
2017-01-12,163,105,58
2017-01-12,60,37,23
2017-01-12,27,15,12
2017-01-12,2,1,1
2017-01-12,1,1,0
2017-01-12,2,1,1
2017-01-12,1,1,0
2017-01-12,6,2,4
2017-01-11,5,2,3
2017-01-11,20,9,11
2017-01-11,24,13,11
2017-01-11,36,14,22
2017-01-11,94,29,65
2017-01-11,225,62,163
2017-01-11,295,70,225
2017-01-11,159,56,103
2017-01-11,54,20,34
2017-01-11,37,15,22
2017-01-11,54,21,33
2017-01-11,36,22,14
2017-01-11,38,25,13
2017-01-11,82,35,47
2017-01-11,155,80,75
2017-01-11,268,162,106
2017-01-11,185,130,55
2017-01-11,72,51,21
2017-01-11,25,16,9
2017-01-11,6,4,2
2017-01-11,0,0,0
2017-01-11,0,0,0
2017-01-11,0,0,0
2017-01-11,3,2,1
2017-01-10,5,3,2
2017-01-10,13,4,9
2017-01-10,18,6,12
2017-01-10,41,9,32
2017-01-10,89,28,61
2017-01-10,200,59,141
2017-01-10,283,80,203
2017-01-10,140,53,87
2017-01-10,78,27,51
2017-01-10,46,19,27
2017-01-10,35,20,15
2017-01-10,40,21,19
2017-01-10,37,17,20
2017-01-10,53,25,28
2017-01-10,150,83,67
2017-01-10,270,158,112
2017-01-10,194,114,80
2017-01-10,85,53,32
2017-01-10,31,17,14
2017-01-10,6,5,1
2017-01-10,0,0,0
2017-01-10,1,1,0
2017-01-10,0,0,0
2017-01-10,5,2,3
2017-01-09,7,4,3
2017-01-09,12,6,6
2017-01-09,10,4,6
2017-01-09,41,13,28
2017-01-09,88,24,64
2017-01-09,236,48,188
2017-01-09,374,91,283
2017-01-09,159,52,107
2017-01-09,58,27,31
2017-01-09,23,10,13
2017-01-09,34,16,18
2017-01-09,29,19,10
2017-01-09,39,20,19
2017-01-09,64,30,34
2017-01-09,165,82,83
2017-01-09,333,202,131
2017-01-09,228,157,71
2017-01-09,83,55,28
2017-01-09,21,12,9
2017-01-09,7,5,2
2017-01-09,0,0,0
2017-01-09,0,0,0
2017-01-09,0,0,0
2017-01-09,3,2,1
2017-01-08,4,2,2
2017-01-08,5,2,3
2017-01-08,7,5,2
2017-01-08,7,1,6
2017-01-08,5,3,2
2017-01-08,8,4,4
2017-01-08,11,5,6
2017-01-08,13,5,8
2017-01-08,16,8,8
2017-01-08,16,10,6
2017-01-08,17,6,11
2017-01-08,25,14,11
2017-01-08,25,17,8
2017-01-08,36,19,17
2017-01-08,22,11,11
2017-01-08,17,8,9
2017-01-08,8,5,3
2017-01-08,6,1,5
2017-01-08,2,1,1
2017-01-08,0,0,0
2017-01-08,2,1,1
2017-01-08,1,1,0
2017-01-08,4,1,3
2017-01-08,11,4,7
2017-01-07,8,3,5
2017-01-07,6,2,4
2017-01-07,8,3,5
2017-01-07,13,4,9
2017-01-07,14,6,8
2017-01-07,29,14,15
2017-01-07,26,12,14
2017-01-07,49,27,22
2017-01-07,55,25,30
2017-01-07,48,25,23
2017-01-07,51,23,28
2017-01-07,47,27,20
2017-01-07,54,32,22
2017-01-07,30,18,12
2017-01-07,37,22,15
2017-01-07,29,17,12
2017-01-07,9,4,5
2017-01-07,6,4,2
2017-01-07,4,4,0
2017-01-07,0,0,0
2017-01-07,0,0,0
2017-01-07,3,1,2
2017-01-07,1,0,1
2017-01-07,11,5,6
2017-01-06,11,3,8
2017-01-06,12,3,9
2017-01-06,13,9,4
2017-01-06,33,13,20
2017-01-06,64,15,49
2017-01-06,163,41,122
2017-01-06,232,64,168
2017-01-06,154,40,114
2017-01-06,82,30,52
2017-01-06,41,17,24
2017-01-06,54,25,29
2017-01-06,51,27,24
2017-01-06,37,15,22
2017-01-06,71,40,31
2017-01-06,142,84,58
2017-01-06,254,161,93
2017-01-06,137,90,47
2017-01-06,65,34,31
2017-01-06,24,11,13
2017-01-06,3,2,1
2017-01-06,0,0,0
2017-01-06,0,0,0
2017-01-06,1,0,1
2017-01-06,4,3,1
2017-01-05,8,3,5
2017-01-05,11,5,6
2017-01-05,24,6,18
2017-01-05,26,6,20
2017-01-05,78,18,60
2017-01-05,185,58,127
2017-01-05,272,61,211
2017-01-05,162,48,114
2017-01-05,80,33,47
2017-01-05,50,20,30
2017-01-05,42,22,20
2017-01-05,42,23,19
2017-01-05,56,31,25
2017-01-05,57,30,27
2017-01-05,142,83,59
2017-01-05,269,162,107
2017-01-05,180,122,58
2017-01-05,61,36,25
2017-01-05,25,17,8
2017-01-05,4,3,1
2017-01-05,0,0,0
2017-01-05,1,0,1
2017-01-05,1,0,1
2017-01-05,1,0,1
2017-01-04,8,6,2
2017-01-04,12,8,4
2017-01-04,24,9,15
2017-01-04,29,10,19
2017-01-04,77,16,61
2017-01-04,198,60,138
2017-01-04,304,73,231
2017-01-04,155,54,101
2017-01-04,76,28,48
2017-01-04,44,17,27
2017-01-04,37,19,18
2017-01-04,35,14,21
2017-01-04,29,14,15
2017-01-04,57,26,31
2017-01-04,180,106,74
2017-01-04,278,175,103
2017-01-04,161,111,50
2017-01-04,68,36,32
2017-01-04,26,19,7
2017-01-04,5,3,2
2017-01-04,1,1,0
2017-01-04,0,0,0
2017-01-04,1,0,1
2017-01-04,3,2,1
2017-01-03,3,1,2
2017-01-03,8,1,7
2017-01-03,9,5,4
2017-01-03,24,8,16
2017-01-03,73,26,47
2017-01-03,180,48,132
2017-01-03,321,76,245
2017-01-03,160,49,111
2017-01-03,67,25,42
2017-01-03,31,13,18
2017-01-03,27,10,17
2017-01-03,34,16,18
2017-01-03,42,17,25
2017-01-03,58,31,27
2017-01-03,130,70,60
2017-01-03,272,175,97
2017-01-03,184,120,64
2017-01-03,75,46,29
2017-01-03,22,11,11
2017-01-03,9,7,2
2017-01-03,0,0,0
2017-01-03,2,2,0
2017-01-03,2,1,1
2017-01-03,3,0,3
2017-01-02,5,3,2
2017-01-02,4,3,1
2017-01-02,15,8,7
2017-01-02,12,6,6
2017-01-02,17,4,13
2017-01-02,31,16,15
2017-01-02,45,19,26
2017-01-02,54,25,29
2017-01-02,66,37,29
2017-01-02,73,36,37
2017-01-02,58,27,31
2017-01-02,55,27,28
2017-01-02,47,21,26
2017-01-02,43,20,23
2017-01-02,32,21,11
2017-01-02,29,17,12
2017-01-02,17,13,4
2017-01-02,11,7,4
2017-01-02,4,2,2
2017-01-02,1,0,1
2017-01-02,1,1,0
2017-01-02,1,1,0
2017-01-02,1,0,1
2017-01-02,1,0,1
2017-01-01,5,2,3
2017-01-01,6,2,4
2017-01-01,8,3,5
2017-01-01,3,1,2
2017-01-01,3,1,2
2017-01-01,16,7,9
2017-01-01,27,10,17
2017-01-01,32,21,11
2017-01-01,40,29,11
2017-01-01,42,16,26
2017-01-01,35,19,16
2017-01-01,25,17,8
2017-01-01,21,9,12
2017-01-01,13,7,6
2017-01-01,11,7,4
2017-01-01,5,2,3
2017-01-01,2,1,1
2017-01-01,4,2,2
2017-01-01,0,0,0
2017-01-01,1,0,1
2017-01-01,2,0,2
2017-01-01,1,1,0
2017-01-01,19,5,14
2017-01-01,5,0,5
2016-12-31,8,4,4
2016-12-31,15,7,8
2016-12-31,10,4,6
2016-12-31,9,3,6
2016-12-31,10,6,4
2016-12-31,15,4,11
2016-12-31,18,9,9
2016-12-31,38,16,22
2016-12-31,33,19,14
2016-12-31,29,14,15
2016-12-31,43,15,28
2016-12-31,40,27,13
2016-12-31,51,29,22
2016-12-31,43,27,16
2016-12-31,35,15,20
2016-12-31,36,21,15
2016-12-31,14,6,8
2016-12-31,6,4,2
2016-12-31,3,1,2
2016-12-31,4,3,1
2016-12-31,0,0,0
2016-12-31,2,0,2
2016-12-31,6,1,5
2016-12-31,4,3,1
2016-12-30,14,7,7
2016-12-30,13,6,7
2016-12-30,8,4,4
2016-12-30,16,7,9
2016-12-30,24,8,16
2016-12-30,58,20,38
2016-12-30,110,39,71
2016-12-30,131,50,81
2016-12-30,90,34,56
2016-12-30,74,30,44
2016-12-30,80,46,34
2016-12-30,59,33,26
2016-12-30,53,24,29
2016-12-30,67,30,37
2016-12-30,75,38,37
2016-12-30,107,56,51
2016-12-30,58,38,20
2016-12-30,31,15,16
2016-12-30,11,6,5
2016-12-30,3,0,3
2016-12-30,1,1,0
2016-12-30,0,0,0
2016-12-30,3,3,0
2016-12-30,5,1,4
2016-12-29,5,3,2
2016-12-29,11,4,7
2016-12-29,13,5,8
2016-12-29,19,7,12
2016-12-29,39,16,23
2016-12-29,87,28,59
2016-12-29,148,27,121
2016-12-29,106,36,70
2016-12-29,71,22,49
2016-12-29,43,18,25
2016-12-29,32,21,11
2016-12-29,25,13,12
2016-12-29,46,19,27
2016-12-29,55,27,28
2016-12-29,108,65,43
2016-12-29,149,86,63
2016-12-29,108,73,35
2016-12-29,40,24,16
2016-12-29,16,7,9
2016-12-29,3,3,0
2016-12-29,0,0,0
2016-12-29,0,0,0
2016-12-29,1,1,0
2016-12-29,9,6,3
2016-12-28,9,5,4
2016-12-28,21,10,11
2016-12-28,24,11,13
2016-12-28,27,11,16
2016-12-28,50,11,39
2016-12-28,122,35,87
2016-12-28,203,48,155
2016-12-28,126,47,79
2016-12-28,100,51,49
2016-12-28,72,29,43
2016-12-28,65,27,38
2016-12-28,70,40,30
2016-12-28,57,31,26
2016-12-28,56,24,32
2016-12-28,115,55,60
2016-12-28,162,92,70
2016-12-28,108,73,35
2016-12-28,55,28,27
2016-12-28,20,13,7
2016-12-28,7,2,5
2016-12-28,0,0,0
2016-12-28,0,0,0
2016-12-28,1,0,1
2016-12-28,2,1,1
2016-12-27,12,7,5
2016-12-27,7,3,4
2016-12-27,14,7,7
2016-12-27,21,9,12
2016-12-27,41,11,30
2016-12-27,99,40,59
2016-12-27,152,46,106
2016-12-27,107,31,76
2016-12-27,71,30,41
2016-12-27,41,20,21
2016-12-27,44,21,23
2016-12-27,42,18,24
2016-12-27,27,15,12
2016-12-27,56,28,28
2016-12-27,90,56,34
2016-12-27,109,55,54
2016-12-27,95,59,36
2016-12-27,55,29,26
2016-12-27,11,6,5
2016-12-27,6,3,3
2016-12-27,0,0,0
2016-12-27,0,0,0
2016-12-27,1,0,1
2016-12-27,4,3,1
2016-12-26,4,1,3
2016-12-26,4,2,2
2016-12-26,5,2,3
2016-12-26,9,3,6
2016-12-26,3,1,2
2016-12-26,21,9,12
2016-12-26,16,8,8
2016-12-26,18,6,12
2016-12-26,27,13,14
2016-12-26,41,24,17
2016-12-26,44,23,21
2016-12-26,38,17,21
2016-12-26,43,25,18
2016-12-26,20,10,10
2016-12-26,27,16,11
2016-12-26,11,8,3
2016-12-26,24,15,9
2016-12-26,10,6,4
2016-12-26,5,4,1
2016-12-26,4,3,1
2016-12-26,0,0,0
2016-12-26,4,2,2
2016-12-26,1,1,0
2016-12-26,4,2,2
2016-12-25,5,3,2
2016-12-25,2,1,1
2016-12-25,4,3,1
2016-12-25,7,2,5
2016-12-25,8,3,5
2016-12-25,11,3,8
2016-12-25,15,10,5
2016-12-25,17,6,11
2016-12-25,23,8,15
2016-12-25,38,19,19
2016-12-25,23,12,11
2016-12-25,25,13,12
2016-12-25,24,18,6
2016-12-25,21,12,9
2016-12-25,19,12,7
2016-12-25,3,2,1
2016-12-25,5,2,3
2016-12-25,2,1,1
2016-12-25,2,2,0
2016-12-25,0,0,0
2016-12-25,1,1,0
2016-12-25,1,0,1
2016-12-25,0,0,0
2016-12-25,4,2,2
2016-12-24,3,0,3
2016-12-24,1,1,0
2016-12-24,4,3,1
2016-12-24,8,5,3
2016-12-24,6,3,3
2016-12-24,10,1,9
2016-12-24,19,9,10
2016-12-24,20,8,12
2016-12-24,48,23,25
2016-12-24,33,19,14
2016-12-24,42,23,19
2016-12-24,44,26,18
2016-12-24,37,21,16
2016-12-24,21,13,8
2016-12-24,25,9,16
2016-12-24,32,18,14
2016-12-24,7,4,3
2016-12-24,10,6,4
2016-12-24,8,5,3
2016-12-24,1,0,1
2016-12-24,0,0,0
2016-12-24,0,0,0
2016-12-24,4,3,1
2016-12-24,2,2,0
2016-12-23,8,2,6
2016-12-23,7,4,3
2016-12-23,12,4,8
2016-12-23,13,4,9
2016-12-23,13,7,6
2016-12-23,44,15,29
2016-12-23,51,20,31
2016-12-23,50,13,37
2016-12-23,42,14,28
2016-12-23,25,13,12
2016-12-23,24,14,10
2016-12-23,19,8,11
2016-12-23,19,9,10
2016-12-23,24,9,15
2016-12-23,45,24,21
2016-12-23,63,31,32
2016-12-23,45,32,13
2016-12-23,26,16,10
2016-12-23,15,9,6
2016-12-23,2,1,1
2016-12-23,1,1,0
2016-12-23,1,1,0
2016-12-23,0,0,0
2016-12-23,6,2,4
2016-12-22,7,3,4
2016-12-22,19,8,11
2016-12-22,19,12,7
2016-12-22,27,7,20
2016-12-22,44,13,31
2016-12-22,129,43,86
2016-12-22,201,47,154
2016-12-22,144,46,98
2016-12-22,75,30,45
2016-12-22,38,11,27
2016-12-22,37,22,15
2016-12-22,30,15,15
2016-12-22,18,10,8
2016-12-22,69,40,29
2016-12-22,116,64,52
2016-12-22,199,113,86
2016-12-22,129,78,51
2016-12-22,67,42,25
2016-12-22,24,15,9
2016-12-22,4,1,3
2016-12-22,0,0,0
2016-12-22,1,0,1
2016-12-22,2,2,0
2016-12-22,9,4,5
2016-12-21,17,4,13
2016-12-21,22,10,12
2016-12-21,27,15,12
2016-12-21,44,11,33
2016-12-21,83,35,48
2016-12-21,196,60,136
2016-12-21,315,72,243
2016-12-21,171,50,121
2016-12-21,102,47,55
2016-12-21,69,32,37
2016-12-21,67,37,30
2016-12-21,56,35,21
2016-12-21,48,28,20
2016-12-21,74,35,39
2016-12-21,136,74,62
2016-12-21,258,154,104
2016-12-21,199,125,74
2016-12-21,73,40,33
2016-12-21,31,18,13
2016-12-21,3,2,1
2016-12-21,0,0,0
2016-12-21,0,0,0
2016-12-21,1,0,1
2016-12-21,6,3,3
2016-12-20,7,2,5
2016-12-20,13,7,6
2016-12-20,24,11,13
2016-12-20,33,12,21
2016-12-20,80,18,62
2016-12-20,194,52,142
2016-12-20,272,70,202
2016-12-20,174,49,125
2016-12-20,84,33,51
2016-12-20,61,33,28
2016-12-20,59,30,29
2016-12-20,46,23,23
2016-12-20,50,28,22
2016-12-20,78,44,34
2016-12-20,160,82,78
2016-12-20,229,133,96
2016-12-20,176,105,71
2016-12-20,62,39,23
2016-12-20,18,9,9
2016-12-20,5,2,3
2016-12-20,1,0,1
2016-12-20,0,0,0
2016-12-20,1,0,1
2016-12-20,3,1,2
2016-12-19,7,2,5
2016-12-19,6,2,4
2016-12-19,13,4,9
2016-12-19,32,11,21
2016-12-19,55,12,43
2016-12-19,172,49,123
2016-12-19,229,51,178
2016-12-19,139,47,92
2016-12-19,62,24,38
2016-12-19,34,16,18
2016-12-19,25,11,14
2016-12-19,18,7,11
2016-12-19,31,16,15
2016-12-19,54,30,24
2016-12-19,130,70,60
2016-12-19,194,121,73
2016-12-19,140,85,55
2016-12-19,56,38,18
2016-12-19,18,11,7
2016-12-19,3,2,1
2016-12-19,0,0,0
2016-12-19,1,1,0
2016-12-19,6,1,5
2016-12-19,2,1,1
2016-12-18,8,0,8
2016-12-18,5,3,2
2016-12-18,20,14,6
2016-12-18,6,4,2
2016-12-18,12,3,9
2016-12-18,20,13,7
2016-12-18,22,11,11
2016-12-18,33,16,17
2016-12-18,43,17,26
2016-12-18,51,25,26
2016-12-18,50,27,23
2016-12-18,49,27,22
2016-12-18,48,26,22
2016-12-18,26,14,12
2016-12-18,17,8,9
2016-12-18,15,9,6
2016-12-18,4,3,1
2016-12-18,4,2,2
2016-12-18,1,0,1
2016-12-18,1,1,0
2016-12-18,0,0,0
2016-12-18,3,2,1
2016-12-18,8,4,4
2016-12-18,10,2,8
2016-12-17,20,9,11
2016-12-17,14,4,10
2016-12-17,9,3,6
2016-12-17,8,3,5
2016-12-17,12,2,10
2016-12-17,32,18,14
2016-12-17,36,15,21
2016-12-17,46,19,27
2016-12-17,57,22,35
2016-12-17,47,20,27
2016-12-17,47,25,22
2016-12-17,34,17,17
2016-12-17,40,21,19
2016-12-17,31,18,13
2016-12-17,25,14,11
2016-12-17,18,10,8
2016-12-17,8,2,6
2016-12-17,11,7,4
2016-12-17,5,2,3
2016-12-17,0,0,0
2016-12-17,3,0,3
2016-12-17,3,1,2
2016-12-17,3,0,3
2016-12-17,9,4,5
2016-12-16,16,5,11
2016-12-16,18,3,15
2016-12-16,30,13,17
2016-12-16,31,7,24
2016-12-16,46,11,35
2016-12-16,134,44,90
2016-12-16,228,58,170
2016-12-16,163,42,121
2016-12-16,82,26,56
2016-12-16,44,15,29
2016-12-16,34,17,17
2016-12-16,38,20,18
2016-12-16,41,17,24
2016-12-16,63,30,33
2016-12-16,127,68,59
2016-12-16,205,132,73
2016-12-16,138,79,59
2016-12-16,47,31,16
2016-12-16,16,11,5
2016-12-16,1,0,1
2016-12-16,1,0,1
2016-12-16,0,0,0
2016-12-16,1,1,0
2016-12-16,4,0,4
2016-12-15,7,4,3
2016-12-15,22,9,13
2016-12-15,23,8,15
2016-12-15,36,9,27
2016-12-15,83,22,61
2016-12-15,173,59,114
2016-12-15,326,86,240
2016-12-15,177,51,126
2016-12-15,83,32,51
2016-12-15,40,19,21
2016-12-15,57,28,29
2016-12-15,39,17,22
2016-12-15,35,21,14
2016-12-15,69,32,37
2016-12-15,159,89,70
2016-12-15,252,147,105
2016-12-15,199,131,68
2016-12-15,63,32,31
2016-12-15,20,11,9
2016-12-15,3,1,2
2016-12-15,0,0,0
2016-12-15,1,0,1
2016-12-15,4,1,3
2016-12-15,4,2,2
2016-12-14,8,5,3
2016-12-14,22,4,18
2016-12-14,31,12,19
2016-12-14,50,18,32
2016-12-14,88,25,63
2016-12-14,206,46,160
2016-12-14,299,82,217
2016-12-14,145,50,95
2016-12-14,86,26,60
2016-12-14,58,26,32
2016-12-14,45,20,25
2016-12-14,50,23,27
2016-12-14,41,24,17
2016-12-14,79,38,41
2016-12-14,191,93,98
2016-12-14,295,174,121
2016-12-14,190,118,72
2016-12-14,83,44,39
2016-12-14,21,14,7
2016-12-14,4,2,2
2016-12-14,0,0,0
2016-12-14,0,0,0
2016-12-14,2,1,1
2016-12-14,11,4,7
2016-12-13,12,5,7
2016-12-13,23,7,16
2016-12-13,37,13,24
2016-12-13,52,18,34
2016-12-13,93,29,64
2016-12-13,242,66,176
2016-12-13,344,80,264
2016-12-13,181,51,130
2016-12-13,92,34,58
2016-12-13,49,25,24
2016-12-13,60,28,32
2016-12-13,55,24,31
2016-12-13,44,19,25
2016-12-13,79,35,44
2016-12-13,192,120,72
2016-12-13,344,201,143
2016-12-13,246,164,82
2016-12-13,89,51,38
2016-12-13,26,19,7
2016-12-13,6,3,3
2016-12-13,0,0,0
2016-12-13,0,0,0
2016-12-13,2,1,1
2016-12-13,6,2,4
2016-12-12,13,6,7
2016-12-12,10,4,6
2016-12-12,30,10,20
2016-12-12,53,14,39
2016-12-12,103,34,69
2016-12-12,227,61,166
2016-12-12,338,79,259
2016-12-12,166,50,116
2016-12-12,66,25,41
2016-12-12,26,13,13
2016-12-12,42,26,16
2016-12-12,33,16,17
2016-12-12,29,12,17
2016-12-12,57,21,36
2016-12-12,181,100,81
2016-12-12,293,172,121
2016-12-12,214,134,80
2016-12-12,84,53,31
2016-12-12,24,16,8
2016-12-12,9,5,4
2016-12-12,0,0,0
2016-12-12,2,2,0
2016-12-12,3,0,3
2016-12-12,5,3,2
2016-12-11,3,2,1
2016-12-11,5,1,4
2016-12-11,10,5,5
2016-12-11,10,4,6
2016-12-11,21,9,12
2016-12-11,26,18,8
2016-12-11,17,9,8
2016-12-11,39,19,20
2016-12-11,43,18,25
2016-12-11,46,19,27
2016-12-11,44,17,27
2016-12-11,39,23,16
2016-12-11,42,24,18
2016-12-11,39,25,14
2016-12-11,22,10,12
2016-12-11,20,10,10
2016-12-11,8,5,3
2016-12-11,7,3,4
2016-12-11,1,0,1
2016-12-11,2,1,1
2016-12-11,0,0,0
2016-12-11,1,1,0
2016-12-11,2,1,1
2016-12-11,9,5,4
2016-12-10,12,5,7
2016-12-10,8,3,5
2016-12-10,11,6,5
2016-12-10,17,8,9
2016-12-10,13,5,8
2016-12-10,31,14,17
2016-12-10,19,5,14
2016-12-10,24,10,14
2016-12-10,29,15,14
2016-12-10,23,9,14
2016-12-10,15,9,6
2016-12-10,23,11,12
2016-12-10,47,23,24
2016-12-10,44,28,16
2016-12-10,37,25,12
2016-12-10,37,19,18
2016-12-10,9,3,6
2016-12-10,7,2,5
2016-12-10,7,3,4
2016-12-10,1,1,0
2016-12-10,0,0,0
2016-12-10,2,1,1
2016-12-10,2,0,2
2016-12-10,3,2,1
2016-12-09,5,3,2
2016-12-09,12,3,9
2016-12-09,6,2,4
2016-12-09,15,3,12
2016-12-09,29,10,19
2016-12-09,45,15,30
2016-12-09,83,17,66
2016-12-09,46,15,31
2016-12-09,27,9,18
2016-12-09,21,9,12
2016-12-09,17,11,6
2016-12-09,14,4,10
2016-12-09,19,7,12
2016-12-09,36,18,18
2016-12-09,45,16,29
2016-12-09,55,28,27
2016-12-09,50,22,28
2016-12-09,13,6,7
2016-12-09,18,12,6
2016-12-09,5,0,5
2016-12-09,1,0,1
2016-12-09,1,1,0
2016-12-09,2,0,2
2016-12-09,1,0,1
2016-12-08,4,3,1
2016-12-08,11,6,5
2016-12-08,32,7,25
2016-12-08,34,15,19
2016-12-08,63,26,37
2016-12-08,126,39,87
2016-12-08,257,67,190
2016-12-08,160,49,111
2016-12-08,90,36,54
2016-12-08,42,23,19
2016-12-08,32,20,12
2016-12-08,34,14,20
2016-12-08,32,15,17
2016-12-08,53,26,27
2016-12-08,152,91,61
2016-12-08,232,130,102
2016-12-08,152,90,62
2016-12-08,53,35,18
2016-12-08,30,16,14
2016-12-08,7,6,1
2016-12-08,0,0,0
2016-12-08,1,1,0
2016-12-08,2,1,1
2016-12-08,5,3,2
2016-12-07,7,3,4
2016-12-07,27,10,17
2016-12-07,24,8,16
2016-12-07,48,12,36
2016-12-07,90,31,59
2016-12-07,200,64,136
2016-12-07,278,59,219
2016-12-07,157,55,102
2016-12-07,84,27,57
2016-12-07,47,19,28
2016-12-07,60,28,32
2016-12-07,46,25,21
2016-12-07,35,21,14
2016-12-07,76,36,40
2016-12-07,166,97,69
2016-12-07,278,164,114
2016-12-07,196,120,76
2016-12-07,73,41,32
2016-12-07,30,18,12
2016-12-07,5,4,1
2016-12-07,2,2,0
2016-12-07,0,0,0
2016-12-07,5,2,3
2016-12-07,6,3,3
2016-12-06,11,3,8
2016-12-06,16,6,10
2016-12-06,30,11,19
2016-12-06,49,17,32
2016-12-06,77,20,57
2016-12-06,217,67,150
2016-12-06,308,78,230
2016-12-06,181,57,124
2016-12-06,89,34,55
2016-12-06,48,23,25
2016-12-06,49,25,24
2016-12-06,48,28,20
2016-12-06,49,26,23
2016-12-06,58,32,26
2016-12-06,179,93,86
2016-12-06,274,149,125
2016-12-06,197,126,71
2016-12-06,66,39,27
2016-12-06,14,7,7
2016-12-06,4,3,1
2016-12-06,0,0,0
2016-12-06,1,0,1
2016-12-06,1,1,0
2016-12-06,6,3,3
2016-12-05,8,3,5
2016-12-05,12,4,8
2016-12-05,13,7,6
2016-12-05,38,19,19
2016-12-05,66,18,48
2016-12-05,163,39,124
2016-12-05,266,58,208
2016-12-05,110,34,76
2016-12-05,61,26,35
2016-12-05,35,15,20
2016-12-05,28,14,14
2016-12-05,22,11,11
2016-12-05,27,11,16
2016-12-05,41,20,21
2016-12-05,114,63,51
2016-12-05,220,138,82
2016-12-05,169,104,65
2016-12-05,77,46,31
2016-12-05,31,23,8
2016-12-05,7,4,3
2016-12-05,1,1,0
2016-12-05,0,0,0
2016-12-05,2,1,1
2016-12-05,2,1,1
2016-12-04,12,3,9
2016-12-04,10,3,7
2016-12-04,11,4,7
2016-12-04,13,5,8
2016-12-04,20,10,10
2016-12-04,42,24,18
2016-12-04,48,24,24
2016-12-04,76,38,38
2016-12-04,112,62,50
2016-12-04,107,59,48
2016-12-04,119,56,63
2016-12-04,104,63,41
2016-12-04,91,56,35
2016-12-04,48,21,27
2016-12-04,43,29,14
2016-12-04,20,11,9
2016-12-04,11,5,6
2016-12-04,3,1,2
2016-12-04,2,1,1
2016-12-04,3,2,1
2016-12-04,0,0,0
2016-12-04,2,0,2
2016-12-04,7,3,4
2016-12-04,12,6,6
2016-12-03,10,5,5
2016-12-03,9,2,7
2016-12-03,21,17,4
2016-12-03,17,8,9
2016-12-03,19,12,7
2016-12-03,30,11,19
2016-12-03,49,17,32
2016-12-03,74,49,25
2016-12-03,69,29,40
2016-12-03,76,44,32
2016-12-03,60,30,30
2016-12-03,91,59,32
2016-12-03,76,38,38
2016-12-03,58,28,30
2016-12-03,72,42,30
2016-12-03,58,33,25
2016-12-03,16,9,7
2016-12-03,17,9,8
2016-12-03,7,2,5
2016-12-03,3,0,3
2016-12-03,2,2,0
2016-12-03,2,1,1
2016-12-03,2,0,2
2016-12-03,9,6,3
2016-12-02,11,6,5
2016-12-02,30,11,19
2016-12-02,20,7,13
2016-12-02,29,13,16
2016-12-02,55,17,38
2016-12-02,153,40,113
2016-12-02,295,70,225
2016-12-02,139,38,101
2016-12-02,67,25,42
2016-12-02,37,19,18
2016-12-02,56,27,29
2016-12-02,45,23,22
2016-12-02,35,19,16
2016-12-02,59,31,28
2016-12-02,144,77,67
2016-12-02,240,153,87
2016-12-02,209,137,72
2016-12-02,65,40,25
2016-12-02,21,12,9
2016-12-02,8,6,2
2016-12-02,0,0,0
2016-12-02,0,0,0
2016-12-02,7,5,2
2016-12-02,7,0,7
2016-12-01,8,3,5
2016-12-01,33,10,23
2016-12-01,48,19,29
2016-12-01,74,24,50
2016-12-01,141,48,93
2016-12-01,306,87,219
2016-12-01,454,114,340
2016-12-01,227,76,151
2016-12-01,94,39,55
2016-12-01,56,23,33
2016-12-01,67,34,33
2016-12-01,53,28,25
2016-12-01,66,41,25
2016-12-01,98,53,45
2016-12-01,197,101,96
2016-12-01,414,243,171
2016-12-01,295,204,91
2016-12-01,119,70,49
2016-12-01,35,27,8
2016-12-01,5,1,4
2016-12-01,0,0,0
2016-12-01,2,0,2
2016-12-01,3,2,1
2016-12-01,11,7,4
2016-11-30,13,3,10
2016-11-30,28,12,16
2016-11-30,38,22,16
2016-11-30,76,30,46
2016-11-30,109,45,64
2016-11-30,254,80,174
2016-11-30,365,89,276
2016-11-30,198,56,142
2016-11-30,87,34,53
2016-11-30,56,31,25
2016-11-30,50,24,26
2016-11-30,45,19,26
2016-11-30,39,25,14
2016-11-30,76,29,47
2016-11-30,193,100,93
2016-11-30,365,221,144
2016-11-30,247,154,93
2016-11-30,108,68,40
2016-11-30,28,22,6
2016-11-30,8,6,2
2016-11-30,0,0,0
2016-11-30,3,2,1
2016-11-30,2,1,1
2016-11-30,3,3,0
2016-11-29,5,3,2
2016-11-29,26,15,11
2016-11-29,45,19,26
2016-11-29,62,22,40
2016-11-29,128,42,86
2016-11-29,307,97,210
2016-11-29,509,129,380
2016-11-29,258,82,176
2016-11-29,122,46,76
2016-11-29,78,37,41
2016-11-29,81,42,39
2016-11-29,49,24,25
2016-11-29,59,34,25
2016-11-29,116,68,48
2016-11-29,231,122,109
2016-11-29,462,270,192
2016-11-29,307,196,111
2016-11-29,120,71,49
2016-11-29,43,28,15
2016-11-29,7,5,2
2016-11-29,1,0,1
2016-11-29,0,0,0
2016-11-29,3,1,2
2016-11-29,7,3,4
2016-11-28,9,3,6
2016-11-28,19,4,15
2016-11-28,44,18,26
2016-11-28,63,21,42
2016-11-28,135,46,89
2016-11-28,291,86,205
2016-11-28,474,101,373
2016-11-28,232,79,153
2016-11-28,112,45,67
2016-11-28,68,30,38
2016-11-28,56,28,28
2016-11-28,51,23,28
2016-11-28,62,31,31
2016-11-28,88,44,44
2016-11-28,222,120,102
2016-11-28,388,244,144
2016-11-28,312,208,104
2016-11-28,104,61,43
2016-11-28,40,26,14
2016-11-28,6,2,4
2016-11-28,2,1,1
2016-11-28,0,0,0
2016-11-28,0,0,0
2016-11-28,3,1,2
2016-11-27,3,0,3
2016-11-27,8,3,5
2016-11-27,8,4,4
2016-11-27,10,4,6
2016-11-27,20,8,12
2016-11-27,14,5,9
2016-11-27,19,13,6
2016-11-27,30,13,17
2016-11-27,24,13,11
2016-11-27,25,14,11
2016-11-27,31,19,12
2016-11-27,61,31,30
2016-11-27,61,33,28
2016-11-27,61,34,27
2016-11-27,51,20,31
2016-11-27,29,18,11
2016-11-27,7,7,0
2016-11-27,6,2,4
2016-11-27,5,3,2
2016-11-27,1,1,0
2016-11-27,0,0,0
2016-11-27,2,1,1
2016-11-27,5,3,2
2016-11-27,9,5,4
2016-11-26,7,5,2
2016-11-26,6,2,4
2016-11-26,14,5,9
2016-11-26,13,7,6
2016-11-26,22,11,11
2016-11-26,31,12,19
2016-11-26,29,12,17
2016-11-26,27,13,14
2016-11-26,43,15,28
2016-11-26,42,17,25
2016-11-26,47,27,20
2016-11-26,39,25,14
2016-11-26,24,12,12
2016-11-26,14,9,5
2016-11-26,20,8,12
2016-11-26,20,6,14
2016-11-26,7,4,3
2016-11-26,6,3,3
2016-11-26,4,1,3
2016-11-26,2,2,0
2016-11-26,0,0,0
2016-11-26,1,1,0
2016-11-26,0,0,0
2016-11-26,10,5,5
2016-11-25,12,6,6
2016-11-25,9,4,5
2016-11-25,13,6,7
2016-11-25,26,15,11
2016-11-25,21,3,18
2016-11-25,49,17,32
2016-11-25,49,14,35
2016-11-25,62,27,35
2016-11-25,93,37,56
2016-11-25,91,37,54
2016-11-25,104,51,53
2016-11-25,111,63,48
2016-11-25,95,41,54
2016-11-25,77,44,33
2016-11-25,49,28,21
2016-11-25,45,25,20
2016-11-25,27,14,13
2016-11-25,13,7,6
2016-11-25,8,5,3
2016-11-25,7,4,3
2016-11-25,1,0,1
2016-11-25,2,1,1
2016-11-25,0,0,0
2016-11-25,3,2,1
2016-11-24,6,1,5
2016-11-24,4,2,2
2016-11-24,4,2,2
2016-11-24,25,2,23
2016-11-24,3,3,0
2016-11-24,0,0,0
2016-11-24,5,4,1
2016-11-24,3,1,2
2016-11-24,9,4,5
2016-11-24,10,7,3
2016-11-24,13,6,7
2016-11-24,24,3,21
2016-11-24,11,4,7
2016-11-24,17,11,6
2016-11-24,16,9,7
2016-11-24,12,4,8
2016-11-24,7,3,4
2016-11-24,3,2,1
2016-11-24,0,0,0
2016-11-24,1,0,1
2016-11-24,1,0,1
2016-11-24,1,0,1
2016-11-24,2,1,1
2016-11-24,2,0,2
2016-11-23,3,0,3
2016-11-23,8,3,5
2016-11-23,13,6,7
2016-11-23,37,14,23
2016-11-23,51,22,29
2016-11-23,133,33,100
2016-11-23,191,62,129
2016-11-23,210,59,151
2016-11-23,131,36,95
2016-11-23,91,28,63
2016-11-23,65,26,39
2016-11-23,55,26,29
2016-11-23,50,29,21
2016-11-23,80,32,48
2016-11-23,147,84,63
2016-11-23,255,158,97
2016-11-23,159,98,61
2016-11-23,67,40,27
2016-11-23,32,18,14
2016-11-23,3,1,2
2016-11-23,0,0,0
2016-11-23,2,0,2
2016-11-23,4,2,2
2016-11-23,7,3,4
2016-11-22,10,5,5
2016-11-22,22,6,16
2016-11-22,22,8,14
2016-11-22,49,16,33
2016-11-22,90,22,68
2016-11-22,185,39,146
2016-11-22,306,66,240
2016-11-22,174,62,112
2016-11-22,92,39,53
2016-11-22,55,21,34
2016-11-22,54,23,31
2016-11-22,55,35,20
2016-11-22,50,34,16
2016-11-22,81,41,40
2016-11-22,172,91,81
2016-11-22,332,196,136
2016-11-22,231,136,95
2016-11-22,108,67,41
2016-11-22,28,17,11
2016-11-22,8,5,3
2016-11-22,1,1,0
2016-11-22,1,0,1
2016-11-22,1,0,1
2016-11-22,9,4,5
2016-11-21,9,4,5
2016-11-21,30,12,18
2016-11-21,32,11,21
2016-11-21,88,34,54
2016-11-21,108,43,65
2016-11-21,312,85,227
2016-11-21,456,98,358
2016-11-21,278,91,187
2016-11-21,135,56,79
2016-11-21,116,55,61
2016-11-21,71,38,33
2016-11-21,74,34,40
2016-11-21,44,20,24
2016-11-21,106,70,36
2016-11-21,238,132,106
2016-11-21,392,226,166
2016-11-21,302,194,108
2016-11-21,127,74,53
2016-11-21,28,19,9
2016-11-21,7,6,1
2016-11-21,1,1,0
2016-11-21,0,0,0
2016-11-21,2,0,2
2016-11-21,0,0,0
2016-11-20,9,4,5
2016-11-20,15,9,6
2016-11-20,18,12,6
2016-11-20,16,7,9
2016-11-20,21,7,14
2016-11-20,36,12,24
2016-11-20,44,24,20
2016-11-20,35,18,17
2016-11-20,54,26,28
2016-11-20,40,20,20
2016-11-20,48,23,25
2016-11-20,48,27,21
2016-11-20,36,17,19
2016-11-20,34,16,18
2016-11-20,24,18,6
2016-11-20,20,12,8
2016-11-20,11,6,5
2016-11-20,3,0,3
2016-11-20,3,3,0
2016-11-20,2,1,1
2016-11-20,0,0,0
2016-11-20,3,3,0
2016-11-20,7,3,4
2016-11-20,17,7,10
2016-11-19,16,4,12
2016-11-19,28,9,19
2016-11-19,32,8,24
2016-11-19,29,17,12
2016-11-19,40,17,23
2016-11-19,36,19,17
2016-11-19,42,23,19
2016-11-19,68,35,33
2016-11-19,82,41,41
2016-11-19,70,24,46
2016-11-19,58,33,25
2016-11-19,88,50,38
2016-11-19,54,24,30
2016-11-19,47,21,26
2016-11-19,42,29,13
2016-11-19,42,22,20
2016-11-19,20,13,7
2016-11-19,11,5,6
2016-11-19,6,3,3
2016-11-19,0,0,0
2016-11-19,2,1,1
2016-11-19,6,1,5
2016-11-19,6,2,4
2016-11-19,14,2,12
2016-11-18,18,6,12
2016-11-18,30,14,16
2016-11-18,44,14,30
2016-11-18,42,15,27
2016-11-18,98,28,70
2016-11-18,230,63,167
2016-11-18,408,99,309
2016-11-18,270,82,188
2016-11-18,119,40,79
2016-11-18,86,35,51
2016-11-18,83,50,33
2016-11-18,64,26,38
2016-11-18,83,43,40
2016-11-18,109,60,49
2016-11-18,215,116,99
2016-11-18,415,248,167
2016-11-18,246,161,85
2016-11-18,105,62,43
2016-11-18,29,18,11
2016-11-18,5,1,4
2016-11-18,2,0,2
2016-11-18,4,2,2
2016-11-18,9,2,7
2016-11-18,5,1,4
2016-11-17,27,11,16
2016-11-17,45,15,30
2016-11-17,64,18,46
2016-11-17,89,24,65
2016-11-17,149,47,102
2016-11-17,307,95,212
2016-11-17,448,109,339
2016-11-17,261,86,175
2016-11-17,123,55,68
2016-11-17,86,33,53
2016-11-17,71,28,43
2016-11-17,78,48,30
2016-11-17,69,39,30
2016-11-17,110,52,58
2016-11-17,223,121,102
2016-11-17,426,249,177
2016-11-17,320,201,119
2016-11-17,116,62,54
2016-11-17,24,15,9
2016-11-17,4,3,1
2016-11-17,1,1,0
2016-11-17,7,5,2
2016-11-17,5,4,1
2016-11-17,4,4,0
2016-11-16,11,4,7
2016-11-16,35,12,23
2016-11-16,54,18,36
2016-11-16,68,22,46
2016-11-16,142,38,104
2016-11-16,288,85,203
2016-11-16,480,106,374
2016-11-16,241,77,164
2016-11-16,143,53,90
2016-11-16,59,23,36
2016-11-16,66,30,36
2016-11-16,62,35,27
2016-11-16,50,27,23
2016-11-16,93,48,45
2016-11-16,230,121,109
2016-11-16,414,260,154
2016-11-16,304,194,110
2016-11-16,131,68,63
2016-11-16,37,21,16
2016-11-16,12,8,4
2016-11-16,1,0,1
2016-11-16,2,1,1
2016-11-16,2,2,0
2016-11-16,5,2,3
2016-11-15,6,0,6
2016-11-15,22,4,18
2016-11-15,29,10,19
2016-11-15,44,16,28
2016-11-15,122,45,77
2016-11-15,237,64,173
2016-11-15,425,96,329
2016-11-15,205,57,148
2016-11-15,96,35,61
2016-11-15,53,24,29
2016-11-15,48,31,17
2016-11-15,49,20,29
2016-11-15,41,29,12
2016-11-15,89,46,43
2016-11-15,212,113,99
2016-11-15,373,237,136
2016-11-15,278,170,108
2016-11-15,99,60,39
2016-11-15,27,17,10
2016-11-15,9,5,4
2016-11-15,1,1,0
2016-11-15,2,1,1
2016-11-15,3,1,2
2016-11-15,5,2,3
2016-11-14,14,4,10
2016-11-14,30,11,19
2016-11-14,37,10,27
2016-11-14,89,28,61
2016-11-14,134,42,92
2016-11-14,356,86,270
2016-11-14,497,122,375
2016-11-14,250,80,170
2016-11-14,140,63,77
2016-11-14,82,45,37
2016-11-14,62,28,34
2016-11-14,67,34,33
2016-11-14,74,37,37
2016-11-14,78,43,35
2016-11-14,228,123,105
2016-11-14,481,271,210
2016-11-14,318,205,113
2016-11-14,103,56,47
2016-11-14,31,21,10
2016-11-14,5,5,0
2016-11-14,0,0,0
2016-11-14,0,0,0
2016-11-14,0,0,0
2016-11-14,8,3,5
2016-11-13,5,3,2
2016-11-13,14,3,11
2016-11-13,17,6,11
2016-11-13,17,6,11
2016-11-13,15,4,11
2016-11-13,25,11,14
2016-11-13,35,17,18
2016-11-13,55,31,24
2016-11-13,47,23,24
2016-11-13,59,37,22
2016-11-13,59,37,22
2016-11-13,54,29,25
2016-11-13,51,29,22
2016-11-13,39,19,20
2016-11-13,29,11,18
2016-11-13,25,12,13
2016-11-13,18,5,13
2016-11-13,8,3,5
2016-11-13,2,1,1
2016-11-13,2,1,1
2016-11-13,4,3,1
2016-11-13,4,3,1
2016-11-13,6,2,4
2016-11-13,16,5,11
2016-11-12,21,10,11
2016-11-12,21,7,14
2016-11-12,35,11,24
2016-11-12,41,24,17
2016-11-12,38,17,21
2016-11-12,64,41,23
2016-11-12,55,17,38
2016-11-12,73,31,42
2016-11-12,83,46,37
2016-11-12,65,24,41
2016-11-12,67,37,30
2016-11-12,67,28,39
2016-11-12,43,21,22
2016-11-12,49,31,18
2016-11-12,39,25,14
2016-11-12,51,25,26
2016-11-12,17,9,8
2016-11-12,8,5,3
2016-11-12,8,3,5
2016-11-12,1,1,0
2016-11-12,4,3,1
2016-11-12,4,1,3
2016-11-12,7,2,5
2016-11-12,20,12,8
2016-11-11,27,13,14
2016-11-11,18,8,10
2016-11-11,35,11,24
2016-11-11,42,13,29
2016-11-11,93,40,53
2016-11-11,191,47,144
2016-11-11,361,84,277
2016-11-11,247,73,174
2016-11-11,146,60,86
2016-11-11,107,42,65
2016-11-11,88,43,45
2016-11-11,95,43,52
2016-11-11,93,45,48
2016-11-11,83,49,34
2016-11-11,182,94,88
2016-11-11,348,211,137
2016-11-11,216,133,83
2016-11-11,81,49,32
2016-11-11,25,16,9
2016-11-11,7,3,4
2016-11-11,2,1,1
2016-11-11,4,1,3
2016-11-11,4,2,2
2016-11-11,13,8,5
2016-11-10,14,5,9
2016-11-10,50,14,36
2016-11-10,55,20,35
2016-11-10,96,37,59
2016-11-10,150,51,99
2016-11-10,329,103,226
2016-11-10,538,148,390
2016-11-10,308,99,209
2016-11-10,171,68,103
2016-11-10,129,69,60
2016-11-10,96,55,41
2016-11-10,70,30,40
2016-11-10,90,53,37
2016-11-10,91,47,44
2016-11-10,255,136,119
2016-11-10,485,290,195
2016-11-10,378,228,150
2016-11-10,119,76,43
2016-11-10,32,24,8
2016-11-10,5,2,3
2016-11-10,4,3,1
2016-11-10,2,0,2
2016-11-10,3,2,1
2016-11-10,10,6,4
2016-11-09,12,2,10
2016-11-09,35,10,25
2016-11-09,55,28,27
2016-11-09,92,35,57
2016-11-09,123,39,84
2016-11-09,292,81,211
2016-11-09,471,110,361
2016-11-09,261,93,168
2016-11-09,123,56,67
2016-11-09,68,32,36
2016-11-09,67,31,36
2016-11-09,48,18,30
2016-11-09,47,27,20
2016-11-09,64,33,31
2016-11-09,180,103,77
2016-11-09,397,240,157
2016-11-09,286,195,91
2016-11-09,105,68,37
2016-11-09,29,19,10
2016-11-09,9,5,4
2016-11-09,3,3,0
2016-11-09,1,0,1
2016-11-09,5,1,4
2016-11-09,9,5,4
2016-11-08,22,11,11
2016-11-08,40,17,23
2016-11-08,47,16,31
2016-11-08,80,18,62
2016-11-08,107,44,63
2016-11-08,316,110,206
2016-11-08,604,148,456
2016-11-08,458,121,337
2016-11-08,204,89,115
2016-11-08,124,54,70
2016-11-08,111,64,47
2016-11-08,121,68,53
2016-11-08,100,52,48
2016-11-08,113,63,50
2016-11-08,252,145,107
2016-11-08,538,322,216
2016-11-08,474,313,161
2016-11-08,163,98,65
2016-11-08,49,28,21
2016-11-08,11,7,4
2016-11-08,3,3,0
2016-11-08,1,0,1
2016-11-08,4,1,3
2016-11-08,5,1,4
2016-11-07,13,3,10
2016-11-07,24,8,16
2016-11-07,59,15,44
2016-11-07,72,27,45
2016-11-07,119,35,84
2016-11-07,267,79,188
2016-11-07,595,120,475
2016-11-07,318,80,238
2016-11-07,126,50,76
2016-11-07,78,34,44
2016-11-07,64,38,26
2016-11-07,61,39,22
2016-11-07,61,34,27
2016-11-07,89,41,48
2016-11-07,227,127,100
2016-11-07,479,281,198
2016-11-07,417,282,135
2016-11-07,126,76,50
2016-11-07,38,27,11
2016-11-07,0,0,0
2016-11-07,0,0,0
2016-11-07,1,0,1
2016-11-07,5,2,3
2016-11-07,4,2,2
2016-11-06,12,4,8
2016-11-06,10,4,6
2016-11-06,19,5,14
2016-11-06,26,11,15
2016-11-06,40,22,18
2016-11-06,43,16,27
2016-11-06,67,42,25
2016-11-06,130,64,66
2016-11-06,182,91,91
2016-11-06,178,84,94
2016-11-06,172,86,86
2016-11-06,142,73,69
2016-11-06,129,64,65
2016-11-06,155,101,54
2016-11-06,94,46,48
2016-11-06,50,23,27
2016-11-06,21,15,6
2016-11-06,11,5,6
2016-11-06,2,1,1
2016-11-06,1,0,1
2016-11-06,1,1,0
2016-11-06,3,0,3
2016-11-06,14,2,12
2016-11-06,7,5,2
2016-11-05,9,3,6
2016-11-05,14,7,7
2016-11-05,10,7,3
2016-11-05,8,4,4
2016-11-05,24,13,11
2016-11-05,18,11,7
2016-11-05,27,13,14
2016-11-05,36,23,13
2016-11-05,19,14,5
2016-11-05,22,11,11
2016-11-05,37,16,21
2016-11-05,25,16,9
2016-11-05,38,28,10
2016-11-05,24,15,9
2016-11-05,19,13,6
2016-11-05,37,18,19
2016-11-05,13,8,5
2016-11-05,9,8,1
2016-11-05,5,1,4
2016-11-05,4,0,4
2016-11-05,6,0,6
2016-11-05,4,1,3
2016-11-05,13,8,5
2016-11-05,18,7,11
2016-11-04,26,10,16
2016-11-04,30,12,18
2016-11-04,52,19,33
2016-11-04,58,19,39
2016-11-04,102,42,60
2016-11-04,287,97,190
2016-11-04,530,130,400
2016-11-04,314,118,196
2016-11-04,192,76,116
2016-11-04,123,67,56
2016-11-04,131,75,56
2016-11-04,106,55,51
2016-11-04,96,47,49
2016-11-04,123,69,54
2016-11-04,247,145,102
2016-11-04,423,253,170
2016-11-04,288,193,95
2016-11-04,116,72,44
2016-11-04,38,24,14
2016-11-04,9,5,4
2016-11-04,2,0,2
2016-11-04,1,0,1
2016-11-04,8,5,3
2016-11-04,16,8,8
2016-11-03,22,9,13
2016-11-03,35,14,21
2016-11-03,55,18,37
2016-11-03,106,41,65
2016-11-03,137,39,98
2016-11-03,362,117,245
2016-11-03,609,144,465
2016-11-03,329,116,213
2016-11-03,148,64,84
2016-11-03,112,50,62
2016-11-03,97,56,41
2016-11-03,87,44,43
2016-11-03,96,47,49
2016-11-03,110,57,53
2016-11-03,261,129,132
2016-11-03,534,304,230
2016-11-03,366,218,148
2016-11-03,123,77,46
2016-11-03,32,19,13
2016-11-03,2,1,1
2016-11-03,3,2,1
2016-11-03,2,0,2
2016-11-03,4,2,2
2016-11-03,3,2,1
2016-11-02,9,2,7
2016-11-02,22,8,14
2016-11-02,40,14,26
2016-11-02,68,25,43
2016-11-02,107,46,61
2016-11-02,270,85,185
2016-11-02,442,119,323
2016-11-02,232,68,164
2016-11-02,91,37,54
2016-11-02,48,25,23
2016-11-02,41,22,19
2016-11-02,26,11,15
2016-11-02,42,20,22
2016-11-02,60,36,24
2016-11-02,200,100,100
2016-11-02,330,197,133
2016-11-02,249,152,97
2016-11-02,127,69,58
2016-11-02,33,19,14
2016-11-02,9,3,6
2016-11-02,0,0,0
2016-11-02,1,1,0
2016-11-02,2,2,0
2016-11-02,4,2,2
2016-11-01,9,5,4
2016-11-01,22,8,14
2016-11-01,46,12,34
2016-11-01,62,22,40
2016-11-01,128,39,89
2016-11-01,272,82,190
2016-11-01,433,104,329
2016-11-01,226,72,154
2016-11-01,95,53,42
2016-11-01,49,23,26
2016-11-01,49,28,21
2016-11-01,42,27,15
2016-11-01,35,20,15
2016-11-01,64,27,37
2016-11-01,185,101,84
2016-11-01,354,219,135
2016-11-01,267,175,92
2016-11-01,107,67,40
2016-11-01,32,20,12
2016-11-01,7,5,2
2016-11-01,1,0,1
2016-11-01,1,0,1
2016-11-01,6,3,3
2016-11-01,8,2,6
2016-10-31,13,5,8
2016-10-31,10,5,5
2016-10-31,21,8,13
2016-10-31,44,15,29
2016-10-31,72,23,49
2016-10-31,202,73,129
2016-10-31,401,91,310
2016-10-31,248,69,179
2016-10-31,99,33,66
2016-10-31,50,24,26
2016-10-31,46,23,23
2016-10-31,29,11,18
2016-10-31,37,18,19
2016-10-31,60,31,29
2016-10-31,131,73,58
2016-10-31,330,189,141
2016-10-31,269,172,97
2016-10-31,89,54,35
2016-10-31,33,20,13
2016-10-31,4,3,1
2016-10-31,2,1,1
2016-10-31,1,0,1
2016-10-31,3,0,3
2016-10-31,4,1,3
2016-10-30,9,3,6
2016-10-30,9,5,4
2016-10-30,14,5,9
2016-10-30,19,5,14
2016-10-30,22,9,13
2016-10-30,33,16,17
2016-10-30,48,25,23
2016-10-30,55,30,25
2016-10-30,57,32,25
2016-10-30,65,31,34
2016-10-30,86,47,39
2016-10-30,98,39,59
2016-10-30,87,40,47
2016-10-30,69,37,32
2016-10-30,74,38,36
2016-10-30,47,23,24
2016-10-30,14,10,4
2016-10-30,10,7,3
2016-10-30,6,2,4
2016-10-30,2,1,1
2016-10-30,3,1,2
2016-10-30,7,2,5
2016-10-30,15,5,10
2016-10-30,10,4,6
2016-10-29,13,8,5
2016-10-29,19,8,11
2016-10-29,41,23,18
2016-10-29,25,9,16
2016-10-29,49,11,38
2016-10-29,59,27,32
2016-10-29,95,44,51
2016-10-29,68,39,29
2016-10-29,85,52,33
2016-10-29,46,20,26
2016-10-29,33,16,17
2016-10-29,23,11,12
2016-10-29,37,20,17
2016-10-29,38,17,21
2016-10-29,29,16,13
2016-10-29,38,18,20
2016-10-29,21,9,12
2016-10-29,17,9,8
2016-10-29,5,3,2
2016-10-29,4,2,2
2016-10-29,3,1,2
2016-10-29,12,5,7
2016-10-29,10,4,6
2016-10-29,18,9,9
2016-10-28,32,20,12
2016-10-28,26,14,12
2016-10-28,35,15,20
2016-10-28,78,24,54
2016-10-28,119,44,75
2016-10-28,307,103,204
2016-10-28,507,158,349
2016-10-28,317,120,197
2016-10-28,204,93,111
2016-10-28,98,49,49
2016-10-28,99,44,55
2016-10-28,87,45,42
2016-10-28,95,57,38
2016-10-28,115,73,42
2016-10-28,245,128,117
2016-10-28,399,238,161
2016-10-28,274,171,103
2016-10-28,104,62,42
2016-10-28,33,22,11
2016-10-28,7,5,2
2016-10-28,2,1,1
2016-10-28,9,8,1
2016-10-28,5,3,2
2016-10-28,5,3,2
2016-10-27,11,5,6
2016-10-27,44,17,27
2016-10-27,44,17,27
2016-10-27,85,51,34
2016-10-27,121,43,78
2016-10-27,281,86,195
2016-10-27,466,115,351
2016-10-27,220,79,141
2016-10-27,123,47,76
2016-10-27,77,34,43
2016-10-27,69,37,32
2016-10-27,58,34,24
2016-10-27,57,28,29
2016-10-27,96,50,46
2016-10-27,204,109,95
2016-10-27,432,255,177
2016-10-27,274,169,105
2016-10-27,100,57,43
2016-10-27,34,22,12
2016-10-27,11,7,4
2016-10-27,1,0,1
2016-10-27,1,1,0
2016-10-27,3,1,2
2016-10-27,5,1,4
2016-10-26,9,4,5
2016-10-26,9,2,7
2016-10-26,21,5,16
2016-10-26,55,15,40
2016-10-26,87,32,55
2016-10-26,234,59,175
2016-10-26,303,67,236
2016-10-26,148,47,101
2016-10-26,61,21,40
2016-10-26,27,14,13
2016-10-26,29,15,14
2016-10-26,23,12,11
2016-10-26,36,20,16
2016-10-26,56,30,26
2016-10-26,163,83,80
2016-10-26,294,170,124
2016-10-26,218,139,79
2016-10-26,102,66,36
2016-10-26,33,23,10
2016-10-26,7,5,2
2016-10-26,1,1,0
2016-10-26,1,1,0
2016-10-26,7,5,2
2016-10-26,11,6,5
2016-10-25,16,5,11
2016-10-25,43,18,25
2016-10-25,53,12,41
2016-10-25,74,25,49
2016-10-25,151,50,101
2016-10-25,370,116,254
2016-10-25,570,149,421
2016-10-25,287,97,190
2016-10-25,126,53,73
2016-10-25,87,43,44
2016-10-25,83,47,36
2016-10-25,80,38,42
2016-10-25,66,41,25
2016-10-25,119,59,60
2016-10-25,243,137,106
2016-10-25,474,288,186
2016-10-25,341,220,121
2016-10-25,130,81,49
2016-10-25,50,35,15
2016-10-25,7,6,1
2016-10-25,0,0,0
2016-10-25,2,1,1
2016-10-25,5,2,3
2016-10-25,3,2,1
2016-10-24,12,6,6
2016-10-24,12,4,8
2016-10-24,33,20,13
2016-10-24,59,16,43
2016-10-24,118,35,83
2016-10-24,306,93,213
2016-10-24,454,110,344
2016-10-24,238,75,163
2016-10-24,119,48,71
2016-10-24,64,30,34
2016-10-24,72,35,37
2016-10-24,78,34,44
2016-10-24,67,29,38
2016-10-24,102,52,50
2016-10-24,259,131,128
2016-10-24,488,300,188
2016-10-24,344,215,129
2016-10-24,110,72,38
2016-10-24,38,25,13
2016-10-24,9,5,4
2016-10-24,0,0,0
2016-10-24,2,0,2
2016-10-24,3,2,1
2016-10-24,9,6,3
2016-10-23,11,5,6
2016-10-23,14,6,8
2016-10-23,26,12,14
2016-10-23,23,14,9
2016-10-23,30,10,20
2016-10-23,47,19,28
2016-10-23,89,47,42
2016-10-23,104,54,50
2016-10-23,118,55,63
2016-10-23,124,71,53
2016-10-23,117,66,51
2016-10-23,121,50,71
2016-10-23,94,47,47
2016-10-23,59,32,27
2016-10-23,43,21,22
2016-10-23,39,14,25
2016-10-23,19,12,7
2016-10-23,5,1,4
2016-10-23,3,0,3
2016-10-23,0,0,0
2016-10-23,0,0,0
2016-10-23,5,2,3
2016-10-23,9,2,7
2016-10-23,9,5,4
2016-10-22,23,7,16
2016-10-22,22,10,12
2016-10-22,31,17,14
2016-10-22,29,14,15
2016-10-22,58,31,27
2016-10-22,84,42,42
2016-10-22,132,60,72
2016-10-22,121,63,58
2016-10-22,163,86,77
2016-10-22,153,70,83
2016-10-22,138,70,68
2016-10-22,135,54,81
2016-10-22,129,75,54
2016-10-22,86,50,36
2016-10-22,75,40,35
2016-10-22,66,36,30
2016-10-22,24,15,9
2016-10-22,7,2,5
2016-10-22,4,2,2
2016-10-22,1,0,1
2016-10-22,3,1,2
2016-10-22,8,4,4
2016-10-22,9,5,4
2016-10-22,9,5,4
2016-10-21,21,6,15
2016-10-21,16,6,10
2016-10-21,35,13,22
2016-10-21,72,26,46
2016-10-21,93,29,64
2016-10-21,244,63,181
2016-10-21,395,115,280
2016-10-21,259,73,186
2016-10-21,129,57,72
2016-10-21,95,45,50
2016-10-21,103,40,63
2016-10-21,85,47,38
2016-10-21,79,52,27
2016-10-21,101,66,35
2016-10-21,223,119,104
2016-10-21,388,228,160
2016-10-21,270,177,93
2016-10-21,98,52,46
2016-10-21,25,17,8
2016-10-21,9,4,5
2016-10-21,0,0,0
2016-10-21,5,1,4
2016-10-21,6,4,2
2016-10-21,8,3,5
2016-10-20,8,2,6
2016-10-20,27,13,14
2016-10-20,38,13,25
2016-10-20,51,26,25
2016-10-20,113,34,79
2016-10-20,244,78,166
2016-10-20,340,91,249
2016-10-20,172,62,110
2016-10-20,85,32,53
2016-10-20,37,15,22
2016-10-20,44,22,22
2016-10-20,38,21,17
2016-10-20,29,18,11
2016-10-20,48,33,15
2016-10-20,136,85,51
2016-10-20,284,169,115
2016-10-20,218,147,71
2016-10-20,63,34,29
2016-10-20,22,13,9
2016-10-20,3,2,1
2016-10-20,0,0,0
2016-10-20,3,2,1
2016-10-20,3,0,3
2016-10-20,4,1,3
2016-10-19,6,2,4
2016-10-19,22,10,12
2016-10-19,45,13,32
2016-10-19,56,24,32
2016-10-19,131,52,79
2016-10-19,320,108,212
2016-10-19,601,155,446
2016-10-19,319,103,216
2016-10-19,159,75,84
2016-10-19,90,36,54
2016-10-19,97,45,52
2016-10-19,75,45,30
2016-10-19,83,49,34
2016-10-19,125,56,69
2016-10-19,276,157,119
2016-10-19,521,312,209
2016-10-19,351,214,137
2016-10-19,136,81,55
2016-10-19,41,23,18
2016-10-19,11,7,4
2016-10-19,3,2,1
2016-10-19,4,3,1
2016-10-19,9,6,3
2016-10-19,5,3,2
2016-10-18,16,8,8
2016-10-18,26,11,15
2016-10-18,41,18,23
2016-10-18,93,32,61
2016-10-18,132,52,80
2016-10-18,340,107,233
2016-10-18,500,137,363
2016-10-18,267,106,161
2016-10-18,138,57,81
2016-10-18,52,28,24
2016-10-18,59,28,31
2016-10-18,65,39,26
2016-10-18,63,36,27
2016-10-18,70,33,37
2016-10-18,234,129,105
2016-10-18,413,259,154
2016-10-18,314,202,112
2016-10-18,118,76,42
2016-10-18,28,15,13
2016-10-18,4,3,1
2016-10-18,2,2,0
2016-10-18,5,5,0
2016-10-18,4,0,4
2016-10-18,5,3,2
2016-10-17,8,2,6
2016-10-17,14,6,8
2016-10-17,39,16,23
2016-10-17,78,26,52
2016-10-17,132,60,72
2016-10-17,346,85,261
2016-10-17,491,129,362
2016-10-17,219,83,136
2016-10-17,106,37,69
2016-10-17,58,25,33
2016-10-17,42,23,19
2016-10-17,51,26,25
2016-10-17,45,24,21
2016-10-17,95,45,50
2016-10-17,219,116,103
2016-10-17,422,266,156
2016-10-17,297,188,109
2016-10-17,95,57,38
2016-10-17,31,19,12
2016-10-17,6,4,2
2016-10-17,0,0,0
2016-10-17,1,1,0
2016-10-17,1,0,1
2016-10-17,2,2,0
2016-10-16,2,1,1
2016-10-16,11,7,4
2016-10-16,10,4,6
2016-10-16,20,7,13
2016-10-16,29,10,19
2016-10-16,28,14,14
2016-10-16,49,31,18
2016-10-16,42,21,21
2016-10-16,47,20,27
2016-10-16,43,27,16
2016-10-16,48,32,16
2016-10-16,34,16,18
2016-10-16,39,25,14
2016-10-16,30,12,18
2016-10-16,24,12,12
2016-10-16,10,3,7
2016-10-16,2,1,1
2016-10-16,5,1,4
2016-10-16,1,0,1
2016-10-16,0,0,0
2016-10-16,2,2,0
2016-10-16,1,1,0
2016-10-16,4,3,1
2016-10-16,8,5,3
2016-10-15,2,2,0
2016-10-15,3,1,2
2016-10-15,13,5,8
2016-10-15,8,2,6
2016-10-15,10,4,6
2016-10-15,17,6,11
2016-10-15,14,5,9
2016-10-15,17,13,4
2016-10-15,26,14,12
2016-10-15,18,9,9
2016-10-15,17,6,11
2016-10-15,22,10,12
2016-10-15,26,11,15
2016-10-15,27,12,15
2016-10-15,13,7,6
2016-10-15,26,12,14
2016-10-15,12,8,4
2016-10-15,8,4,4
2016-10-15,1,0,1
2016-10-15,1,0,1
2016-10-15,2,1,1
2016-10-15,1,1,0
2016-10-15,5,5,0
2016-10-15,3,3,0
2016-10-14,3,1,2
2016-10-14,16,8,8
2016-10-14,11,5,6
2016-10-14,19,3,16
2016-10-14,38,14,24
2016-10-14,91,36,55
2016-10-14,165,56,109
2016-10-14,91,38,53
2016-10-14,43,19,24
2016-10-14,18,7,11
2016-10-14,15,6,9
2016-10-14,16,6,10
2016-10-14,20,8,12
2016-10-14,42,24,18
2016-10-14,75,46,29
2016-10-14,130,87,43
2016-10-14,77,48,29
2016-10-14,40,26,14
2016-10-14,18,11,7
2016-10-14,4,1,3
2016-10-14,3,2,1
2016-10-14,2,2,0
2016-10-14,2,1,1
2016-10-14,3,2,1
2016-10-13,12,8,4
2016-10-13,12,6,6
2016-10-13,17,5,12
2016-10-13,32,17,15
2016-10-13,66,24,42
2016-10-13,162,50,112
2016-10-13,236,54,182
2016-10-13,99,30,69
2016-10-13,55,25,30
2016-10-13,34,10,24
2016-10-13,19,9,10
2016-10-13,23,10,13
2016-10-13,23,10,13
2016-10-13,44,23,21
2016-10-13,129,79,50
2016-10-13,235,142,93
2016-10-13,174,108,66
2016-10-13,64,39,25
2016-10-13,28,20,8
2016-10-13,3,1,2
2016-10-13,0,0,0
2016-10-13,2,0,2
2016-10-13,3,2,1
2016-10-13,5,3,2
2016-10-12,12,6,6
2016-10-12,50,13,37
2016-10-12,41,15,26
2016-10-12,76,24,52
2016-10-12,158,58,100
2016-10-12,391,134,257
2016-10-12,702,187,515
2016-10-12,363,133,230
2016-10-12,164,68,96
2016-10-12,122,48,74
2016-10-12,103,59,44
2016-10-12,98,42,56
2016-10-12,77,36,41
2016-10-12,114,61,53
2016-10-12,282,135,147
2016-10-12,554,333,221
2016-10-12,387,243,144
2016-10-12,127,74,53
2016-10-12,31,18,13
2016-10-12,7,3,4
2016-10-12,1,1,0
2016-10-12,0,0,0
2016-10-12,5,2,3
2016-10-12,15,9,6
2016-10-11,21,6,15
2016-10-11,29,12,17
2016-10-11,69,23,46
2016-10-11,95,33,62
2016-10-11,176,57,119
2016-10-11,447,133,314
2016-10-11,659,184,475
2016-10-11,340,102,238
2016-10-11,168,83,85
2016-10-11,117,55,62
2016-10-11,96,39,57
2016-10-11,92,48,44
2016-10-11,99,50,49
2016-10-11,112,59,53
2016-10-11,295,171,124
2016-10-11,560,352,208
2016-10-11,390,239,151
2016-10-11,159,107,52
2016-10-11,44,28,16
2016-10-11,13,9,4
2016-10-11,1,1,0
2016-10-11,4,1,3
2016-10-11,2,2,0
2016-10-11,11,2,9
2016-10-10,15,5,10
2016-10-10,23,6,17
2016-10-10,44,9,35
2016-10-10,78,36,42
2016-10-10,153,59,94
2016-10-10,393,119,274
2016-10-10,674,171,503
2016-10-10,290,94,196
2016-10-10,134,59,75
2016-10-10,98,50,48
2016-10-10,77,36,41
2016-10-10,75,34,41
2016-10-10,68,33,35
2016-10-10,125,61,64
2016-10-10,263,133,130
2016-10-10,539,337,202
2016-10-10,375,246,129
2016-10-10,126,90,36
2016-10-10,30,20,10
2016-10-10,5,2,3
2016-10-10,5,3,2
2016-10-10,0,0,0
2016-10-10,5,4,1
2016-10-10,3,1,2
2016-10-09,10,5,5
2016-10-09,20,9,11
2016-10-09,17,8,9
2016-10-09,23,10,13
2016-10-09,15,8,7
2016-10-09,48,24,24
2016-10-09,94,45,49
2016-10-09,129,61,68
2016-10-09,112,63,49
2016-10-09,134,65,69
2016-10-09,105,53,52
2016-10-09,102,49,53
2016-10-09,76,31,45
2016-10-09,63,35,28
2016-10-09,57,24,33
2016-10-09,30,15,15
2016-10-09,18,11,7
2016-10-09,6,3,3
2016-10-09,5,4,1
2016-10-09,1,1,0
2016-10-09,2,1,1
2016-10-09,1,1,0
2016-10-09,4,2,2
2016-10-09,5,2,3
2016-10-08,10,7,3
2016-10-08,7,0,7
2016-10-08,22,8,14
2016-10-08,22,11,11
2016-10-08,20,13,7
2016-10-08,30,7,23
2016-10-08,26,15,11
2016-10-08,37,14,23
2016-10-08,48,22,26
2016-10-08,51,25,26
2016-10-08,55,28,27
2016-10-08,87,54,33
2016-10-08,65,36,29
2016-10-08,66,42,24
2016-10-08,51,34,17
2016-10-08,41,24,17
2016-10-08,17,10,7
2016-10-08,8,5,3
2016-10-08,4,1,3
2016-10-08,2,0,2
2016-10-08,1,0,1
2016-10-08,3,3,0
2016-10-08,15,7,8
2016-10-08,12,6,6
2016-10-07,20,7,13
2016-10-07,21,5,16
2016-10-07,22,6,16
2016-10-07,44,15,29
2016-10-07,82,27,55
2016-10-07,250,79,171
2016-10-07,439,129,310
2016-10-07,224,75,149
2016-10-07,136,46,90
2016-10-07,70,34,36
2016-10-07,64,30,34
2016-10-07,54,29,25
2016-10-07,63,37,26
2016-10-07,89,49,40
2016-10-07,189,102,87
2016-10-07,351,208,143
2016-10-07,241,158,83
2016-10-07,92,49,43
2016-10-07,28,13,15
2016-10-07,8,2,6
2016-10-07,3,2,1
2016-10-07,0,0,0
2016-10-07,3,2,1
2016-10-07,2,1,1
2016-10-06,10,4,6
2016-10-06,33,11,22
2016-10-06,52,22,30
2016-10-06,66,21,45
2016-10-06,136,53,83
2016-10-06,314,85,229
2016-10-06,532,136,396
2016-10-06,254,82,172
2016-10-06,140,50,90
2016-10-06,84,41,43
2016-10-06,84,38,46
2016-10-06,85,42,43
2016-10-06,87,42,45
2016-10-06,113,52,61
2016-10-06,250,124,126
2016-10-06,503,306,197
2016-10-06,337,210,127
2016-10-06,128,83,45
2016-10-06,33,21,12
2016-10-06,12,6,6
2016-10-06,2,0,2
2016-10-06,5,5,0
2016-10-06,6,3,3
2016-10-06,14,7,7
2016-10-05,21,9,12
2016-10-05,44,18,26
2016-10-05,63,26,37
2016-10-05,94,29,65
2016-10-05,199,75,124
2016-10-05,399,140,259
2016-10-05,580,162,418
2016-10-05,294,100,194
2016-10-05,157,68,89
2016-10-05,72,25,47
2016-10-05,83,32,51
2016-10-05,62,27,35
2016-10-05,55,32,23
2016-10-05,107,46,61
2016-10-05,234,135,99
2016-10-05,480,293,187
2016-10-05,323,204,119
2016-10-05,117,69,48
2016-10-05,43,24,19
2016-10-05,13,8,5
2016-10-05,0,0,0
2016-10-05,4,4,0
2016-10-05,4,3,1
2016-10-05,12,9,3
2016-10-04,6,1,5
2016-10-04,23,15,8
2016-10-04,35,17,18
2016-10-04,80,21,59
2016-10-04,141,60,81
2016-10-04,285,89,196
2016-10-04,503,137,366
2016-10-04,244,69,175
2016-10-04,107,39,68
2016-10-04,55,25,30
2016-10-04,61,30,31
2016-10-04,67,37,30
2016-10-04,59,33,26
2016-10-04,89,42,47
2016-10-04,221,123,98
2016-10-04,497,331,166
2016-10-04,321,205,116
2016-10-04,122,79,43
2016-10-04,37,20,17
2016-10-04,9,7,2
2016-10-04,5,3,2
2016-10-04,5,2,3
2016-10-04,6,5,1
2016-10-04,3,1,2
2016-10-03,10,5,5
2016-10-03,16,6,10
2016-10-03,41,15,26
2016-10-03,84,32,52
2016-10-03,156,41,115
2016-10-03,417,137,280
2016-10-03,687,163,524
2016-10-03,322,101,221
2016-10-03,142,63,79
2016-10-03,83,42,41
2016-10-03,65,32,33
2016-10-03,83,34,49
2016-10-03,74,38,36
2016-10-03,113,59,54
2016-10-03,248,144,104
2016-10-03,565,342,223
2016-10-03,378,244,134
2016-10-03,163,103,60
2016-10-03,33,18,15
2016-10-03,12,7,5
2016-10-03,2,0,2
2016-10-03,5,4,1
2016-10-03,5,2,3
2016-10-03,11,5,6
2016-10-02,15,7,8
2016-10-02,13,7,6
2016-10-02,15,6,9
2016-10-02,33,10,23
2016-10-02,47,28,19
2016-10-02,95,56,39
2016-10-02,135,66,69
2016-10-02,222,118,104
2016-10-02,150,60,90
2016-10-02,200,87,113
2016-10-02,156,83,73
2016-10-02,118,60,58
2016-10-02,119,62,57
2016-10-02,79,44,35
2016-10-02,72,38,34
2016-10-02,66,31,35
2016-10-02,17,7,10
2016-10-02,10,4,6
2016-10-02,7,6,1
2016-10-02,2,1,1
2016-10-02,2,0,2
2016-10-02,1,0,1
2016-10-02,2,0,2
2016-10-02,10,4,6
2016-10-01,15,5,10
2016-10-01,19,6,13
2016-10-01,15,9,6
2016-10-01,19,5,14
2016-10-01,36,15,21
2016-10-01,72,39,33
2016-10-01,73,32,41
2016-10-01,91,49,42
2016-10-01,55,21,34
2016-10-01,58,25,33
2016-10-01,67,32,35
2016-10-01,107,59,48
2016-10-01,92,42,50
2016-10-01,99,60,39
2016-10-01,88,40,48
2016-10-01,62,42,20
2016-10-01,32,23,9
2016-10-01,23,14,9
2016-10-01,7,5,2
2016-10-01,2,1,1
2016-10-01,5,1,4
2016-10-01,7,3,4
2016-10-01,7,5,2
2016-10-01,25,11,14
2016-09-30,36,11,25
2016-09-30,69,29,40
2016-09-30,70,39,31
2016-09-30,71,24,47
2016-09-30,141,48,93
2016-09-30,334,125,209
2016-09-30,531,166,365
2016-09-30,398,122,276
2016-09-30,233,91,142
2016-09-30,136,66,70
2016-09-30,117,49,68
2016-09-30,97,44,53
2016-09-30,82,36,46
2016-09-30,137,81,56
2016-09-30,286,173,113
2016-09-30,485,300,185
2016-09-30,327,207,120
2016-09-30,115,69,46
2016-09-30,42,24,18
2016-09-30,8,5,3
2016-09-30,4,3,1
2016-09-30,4,1,3
2016-09-30,7,4,3
2016-09-30,15,8,7
2016-09-29,18,6,12
2016-09-29,39,16,23
2016-09-29,63,27,36
2016-09-29,80,27,53
2016-09-29,161,53,108
2016-09-29,448,157,291
2016-09-29,651,151,500
2016-09-29,339,117,222
2016-09-29,169,65,104
2016-09-29,107,44,63
2016-09-29,109,55,54
2016-09-29,113,46,67
2016-09-29,88,47,41
2016-09-29,119,58,61
2016-09-29,311,172,139
2016-09-29,566,338,228
2016-09-29,386,257,129
2016-09-29,154,93,61
2016-09-29,38,23,15
2016-09-29,11,9,2
2016-09-29,3,2,1
2016-09-29,1,1,0
2016-09-29,5,2,3
2016-09-29,14,10,4
2016-09-28,26,10,16
2016-09-28,64,20,44
2016-09-28,72,25,47
2016-09-28,113,40,73
2016-09-28,179,72,107
2016-09-28,534,174,360
2016-09-28,651,196,455
2016-09-28,385,120,265
2016-09-28,165,78,87
2016-09-28,140,60,80
2016-09-28,104,53,51
2016-09-28,87,35,52
2016-09-28,107,71,36
2016-09-28,140,80,60
2016-09-28,298,154,144
2016-09-28,591,349,242
2016-09-28,429,279,150
2016-09-28,151,92,59
2016-09-28,41,26,15
2016-09-28,10,5,5
2016-09-28,4,2,2
2016-09-28,2,1,1
2016-09-28,9,7,2
2016-09-28,11,3,8
2016-09-27,23,15,8
2016-09-27,32,12,20
2016-09-27,56,26,30
2016-09-27,89,37,52
2016-09-27,205,69,136
2016-09-27,463,138,325
2016-09-27,735,191,544
2016-09-27,368,127,241
2016-09-27,158,64,94
2016-09-27,129,53,76
2016-09-27,101,57,44
2016-09-27,63,30,33
2016-09-27,96,55,41
2016-09-27,114,54,60
2016-09-27,265,138,127
2016-09-27,604,373,231
2016-09-27,441,298,143
2016-09-27,170,108,62
2016-09-27,45,30,15
2016-09-27,4,3,1
2016-09-27,1,0,1
2016-09-27,3,2,1
2016-09-27,9,4,5
2016-09-27,8,3,5
2016-09-26,12,8,4
2016-09-26,27,8,19
2016-09-26,66,26,40
2016-09-26,114,44,70
2016-09-26,139,47,92
2016-09-26,388,139,249
2016-09-26,868,220,648
2016-09-26,424,159,265
2016-09-26,197,79,118
2016-09-26,136,55,81
2016-09-26,113,68,45
2016-09-26,119,58,61
2016-09-26,93,48,45
2016-09-26,121,69,52
2016-09-26,305,159,146
2016-09-26,615,381,234
2016-09-26,423,290,133
2016-09-26,173,112,61
2016-09-26,33,23,10
2016-09-26,8,4,4
2016-09-26,0,0,0
2016-09-26,1,0,1
2016-09-26,1,0,1
2016-09-26,6,1,5
2016-09-25,9,2,7
2016-09-25,19,2,17
2016-09-25,35,18,17
2016-09-25,34,13,21
2016-09-25,61,34,27
2016-09-25,118,61,57
2016-09-25,158,90,68
2016-09-25,169,82,87
2016-09-25,179,83,96
2016-09-25,154,72,82
2016-09-25,147,68,79
2016-09-25,139,59,80
2016-09-25,123,62,61
2016-09-25,107,49,58
2016-09-25,81,34,47
2016-09-25,58,32,26
2016-09-25,34,21,13
2016-09-25,10,5,5
2016-09-25,3,1,2
2016-09-25,1,1,0
2016-09-25,1,0,1
2016-09-25,5,4,1
2016-09-25,12,7,5
2016-09-25,16,8,8
2016-09-24,37,25,12
2016-09-24,19,9,10
2016-09-24,31,18,13
2016-09-24,30,20,10
2016-09-24,59,24,35
2016-09-24,81,33,48
2016-09-24,144,71,73
2016-09-24,172,86,86
2016-09-24,161,70,91
2016-09-24,161,80,81
2016-09-24,149,81,68
2016-09-24,172,95,77
2016-09-24,125,80,45
2016-09-24,114,72,42
2016-09-24,81,49,32
2016-09-24,70,47,23
2016-09-24,31,15,16
2016-09-24,17,12,5
2016-09-24,10,3,7
2016-09-24,1,0,1
2016-09-24,8,8,0
2016-09-24,10,3,7
2016-09-24,13,7,6
2016-09-24,14,7,7
2016-09-23,22,8,14
2016-09-23,63,23,40
2016-09-23,39,17,22
2016-09-23,48,16,32
2016-09-23,125,45,80
2016-09-23,260,69,191
2016-09-23,414,108,306
2016-09-23,251,96,155
2016-09-23,114,35,79
2016-09-23,65,25,40
2016-09-23,45,21,24
2016-09-23,62,21,41
2016-09-23,71,41,30
2016-09-23,87,45,42
2016-09-23,210,111,99
2016-09-23,402,249,153
2016-09-23,276,175,101
2016-09-23,84,47,37
2016-09-23,41,28,13
2016-09-23,9,5,4
2016-09-23,3,2,1
2016-09-23,3,1,2
2016-09-23,9,5,4
2016-09-23,16,7,9
2016-09-22,30,18,12
2016-09-22,57,22,35
2016-09-22,66,32,34
2016-09-22,100,34,66
2016-09-22,222,79,143
2016-09-22,455,144,311
2016-09-22,699,206,493
2016-09-22,384,125,259
2016-09-22,164,63,101
2016-09-22,115,53,62
2016-09-22,118,62,56
2016-09-22,108,55,53
2016-09-22,93,45,48
2016-09-22,135,72,63
2016-09-22,295,156,139
2016-09-22,609,360,249
2016-09-22,422,257,165
2016-09-22,150,95,55
2016-09-22,37,23,14
2016-09-22,11,8,3
2016-09-22,6,4,2
2016-09-22,2,1,1
2016-09-22,7,0,7
2016-09-22,7,3,4
2016-09-21,22,6,16
2016-09-21,49,18,31
2016-09-21,65,19,46
2016-09-21,81,35,46
2016-09-21,247,93,154
2016-09-21,415,148,267
2016-09-21,709,177,532
2016-09-21,349,124,225
2016-09-21,172,66,106
2016-09-21,91,42,49
2016-09-21,98,43,55
2016-09-21,76,43,33
2016-09-21,79,47,32
2016-09-21,124,67,57
2016-09-21,274,138,136
2016-09-21,568,334,234
2016-09-21,427,271,156
2016-09-21,169,111,58
2016-09-21,40,22,18
2016-09-21,10,5,5
2016-09-21,3,3,0
2016-09-21,3,0,3
2016-09-21,3,3,0
2016-09-21,15,5,10
2016-09-20,23,10,13
2016-09-20,17,7,10
2016-09-20,52,20,32
2016-09-20,113,45,68
2016-09-20,224,62,162
2016-09-20,506,141,365
2016-09-20,731,172,559
2016-09-20,349,130,219
2016-09-20,186,78,108
2016-09-20,130,72,58
2016-09-20,102,57,45
2016-09-20,89,46,43
2016-09-20,95,52,43
2016-09-20,122,57,65
2016-09-20,284,160,124
2016-09-20,568,349,219
2016-09-20,459,302,157
2016-09-20,159,96,63
2016-09-20,43,24,19
2016-09-20,5,4,1
2016-09-20,3,2,1
2016-09-20,4,1,3
2016-09-20,5,3,2
2016-09-20,10,3,7
2016-09-19,16,5,11
2016-09-19,35,13,22
2016-09-19,50,15,35
2016-09-19,91,45,46
2016-09-19,167,68,99
2016-09-19,344,134,210
2016-09-19,527,155,372
2016-09-19,245,79,166
2016-09-19,125,55,70
2016-09-19,76,29,47
2016-09-19,93,60,33
2016-09-19,64,34,30
2016-09-19,67,31,36
2016-09-19,90,46,44
2016-09-19,236,136,100
2016-09-19,438,260,178
2016-09-19,238,152,86
2016-09-19,115,74,41
2016-09-19,34,22,12
2016-09-19,5,2,3
2016-09-19,4,1,3
2016-09-19,2,1,1
2016-09-19,4,2,2
2016-09-19,7,4,3
2016-09-18,12,5,7
2016-09-18,25,10,15
2016-09-18,25,14,11
2016-09-18,44,22,22
2016-09-18,64,32,32
2016-09-18,123,67,56
2016-09-18,148,93,55
2016-09-18,142,79,63
2016-09-18,157,70,87
2016-09-18,171,86,85
2016-09-18,164,84,80
2016-09-18,181,65,116
2016-09-18,136,75,61
2016-09-18,97,45,52
2016-09-18,81,34,47
2016-09-18,46,21,25
2016-09-18,30,20,10
2016-09-18,14,4,10
2016-09-18,3,2,1
2016-09-18,1,1,0
2016-09-18,1,0,1
2016-09-18,6,5,1
2016-09-18,7,4,3
2016-09-18,15,12,3
2016-09-17,24,16,8
2016-09-17,30,20,10
2016-09-17,30,15,15
2016-09-17,29,14,15
2016-09-17,43,19,24
2016-09-17,50,24,26
2016-09-17,82,35,47
2016-09-17,124,65,59
2016-09-17,72,38,34
2016-09-17,70,36,34
2016-09-17,56,29,27
2016-09-17,54,23,31
2016-09-17,63,27,36
2016-09-17,38,22,16
2016-09-17,46,26,20
2016-09-17,38,20,18
2016-09-17,15,9,6
2016-09-17,15,8,7
2016-09-17,6,1,5
2016-09-17,0,0,0
2016-09-17,3,0,3
2016-09-17,7,5,2
2016-09-17,5,2,3
2016-09-17,21,5,16
2016-09-16,28,12,16
2016-09-16,32,10,22
2016-09-16,41,15,26
2016-09-16,62,22,40
2016-09-16,136,51,85
2016-09-16,325,105,220
2016-09-16,602,164,438
2016-09-16,362,92,270
2016-09-16,189,74,115
2016-09-16,130,63,67
2016-09-16,116,52,64
2016-09-16,112,56,56
2016-09-16,108,50,58
2016-09-16,125,70,55
2016-09-16,248,132,116
2016-09-16,506,305,201
2016-09-16,387,278,109
2016-09-16,145,96,49
2016-09-16,39,24,15
2016-09-16,10,5,5
2016-09-16,4,0,4
2016-09-16,3,0,3
2016-09-16,4,2,2
2016-09-16,18,5,13
2016-09-15,31,13,18
2016-09-15,49,18,31
2016-09-15,65,25,40
2016-09-15,108,48,60
2016-09-15,232,82,150
2016-09-15,485,149,336
2016-09-15,695,195,500
2016-09-15,354,121,233
2016-09-15,182,69,113
2016-09-15,112,49,63
2016-09-15,116,54,62
2016-09-15,103,52,51
2016-09-15,73,35,38
2016-09-15,139,65,74
2016-09-15,291,154,137
2016-09-15,536,316,220
2016-09-15,407,266,141
2016-09-15,164,110,54
2016-09-15,47,29,18
2016-09-15,4,1,3
2016-09-15,2,2,0
2016-09-15,6,1,5
2016-09-15,6,4,2
2016-09-15,10,5,5
2016-09-14,25,7,18
2016-09-14,56,29,27
2016-09-14,82,27,55
2016-09-14,97,36,61
2016-09-14,244,99,145
2016-09-14,512,174,338
2016-09-14,783,194,589
2016-09-14,351,120,231
2016-09-14,177,86,91
2016-09-14,111,47,64
2016-09-14,92,43,49
2016-09-14,83,45,38
2016-09-14,108,52,56
2016-09-14,141,83,58
2016-09-14,321,177,144
2016-09-14,618,369,249
2016-09-14,456,291,165
2016-09-14,164,106,58
2016-09-14,39,23,16
2016-09-14,9,5,4
2016-09-14,1,1,0
2016-09-14,4,0,4
2016-09-14,5,2,3
2016-09-14,17,8,9
2016-09-13,27,8,19
2016-09-13,48,15,33
2016-09-13,73,25,48
2016-09-13,118,41,77
2016-09-13,238,78,160
2016-09-13,506,172,334
2016-09-13,796,209,587
2016-09-13,381,122,259
2016-09-13,181,76,105
2016-09-13,103,53,50
2016-09-13,112,56,56
2016-09-13,105,55,50
2016-09-13,98,45,53
2016-09-13,116,56,60
2016-09-13,300,159,141
2016-09-13,620,395,225
2016-09-13,468,303,165
2016-09-13,190,118,72
2016-09-13,52,29,23
2016-09-13,8,7,1
2016-09-13,3,1,2
2016-09-13,3,1,2
2016-09-13,4,2,2
2016-09-13,11,4,7
2016-09-12,19,5,14
2016-09-12,37,14,23
2016-09-12,62,27,35
2016-09-12,110,40,70
2016-09-12,239,81,158
2016-09-12,443,173,270
2016-09-12,740,200,540
2016-09-12,325,109,216
2016-09-12,170,68,102
2016-09-12,115,45,70
2016-09-12,106,50,56
2016-09-12,91,48,43
2016-09-12,94,45,49
2016-09-12,118,55,63
2016-09-12,293,155,138
2016-09-12,624,383,241
2016-09-12,430,282,148
2016-09-12,150,94,56
2016-09-12,49,33,16
2016-09-12,8,5,3
2016-09-12,2,1,1
2016-09-12,1,0,1
2016-09-12,5,2,3
2016-09-12,12,3,9
2016-09-11,15,6,9
2016-09-11,22,10,12
2016-09-11,38,13,25
2016-09-11,32,17,15
2016-09-11,72,38,34
2016-09-11,119,71,48
2016-09-11,138,58,80
2016-09-11,162,80,82
2016-09-11,166,66,100
2016-09-11,170,80,90
2016-09-11,149,80,69
2016-09-11,140,77,63
2016-09-11,123,54,69
2016-09-11,98,47,51
2016-09-11,86,39,47
2016-09-11,63,25,38
2016-09-11,37,26,11
2016-09-11,12,4,8
2016-09-11,4,3,1
2016-09-11,3,2,1
2016-09-11,2,0,2
2016-09-11,8,6,2
2016-09-11,11,5,6
2016-09-11,17,5,12
2016-09-10,30,10,20
2016-09-10,32,21,11
2016-09-10,39,20,19
2016-09-10,56,22,34
2016-09-10,76,40,36
2016-09-10,155,61,94
2016-09-10,191,94,97
2016-09-10,200,99,101
2016-09-10,220,108,112
2016-09-10,173,103,70
2016-09-10,219,93,126
2016-09-10,155,80,75
2016-09-10,175,100,75
2016-09-10,132,65,67
2016-09-10,120,67,53
2016-09-10,85,44,41
2016-09-10,58,30,28
2016-09-10,14,11,3
2016-09-10,8,4,4
2016-09-10,6,2,4
2016-09-10,4,0,4
2016-09-10,13,6,7
2016-09-10,10,5,5
2016-09-10,26,12,14
2016-09-09,25,10,15
2016-09-09,53,19,34
2016-09-09,71,29,42
2016-09-09,111,49,62
2016-09-09,202,70,132
2016-09-09,314,106,208
2016-09-09,625,174,451
2016-09-09,367,123,244
2016-09-09,196,86,110
2016-09-09,173,76,97
2016-09-09,114,67,47
2016-09-09,100,57,43
2016-09-09,99,46,53
2016-09-09,128,56,72
2016-09-09,268,159,109
2016-09-09,515,307,208
2016-09-09,374,237,137
2016-09-09,132,92,40
2016-09-09,32,21,11
2016-09-09,11,7,4
2016-09-09,4,3,1
2016-09-09,3,1,2
2016-09-09,5,3,2
2016-09-09,16,4,12
2016-09-08,21,7,14
2016-09-08,36,11,25
2016-09-08,50,24,26
2016-09-08,107,38,69
2016-09-08,193,76,117
2016-09-08,443,151,292
2016-09-08,623,170,453
2016-09-08,327,107,220
2016-09-08,128,50,78
2016-09-08,81,36,45
2016-09-08,87,44,43
2016-09-08,82,44,38
2016-09-08,81,47,34
2016-09-08,102,55,47
2016-09-08,279,159,120
2016-09-08,482,296,186
2016-09-08,357,242,115
2016-09-08,160,105,55
2016-09-08,38,22,16
2016-09-08,13,8,5
2016-09-08,4,4,0
2016-09-08,4,1,3
2016-09-08,3,1,2
2016-09-08,9,2,7
2016-09-07,18,5,13
2016-09-07,37,11,26
2016-09-07,45,19,26
2016-09-07,76,28,48
2016-09-07,160,45,115
2016-09-07,374,123,251
2016-09-07,524,134,390
2016-09-07,245,70,175
2016-09-07,130,49,81
2016-09-07,75,33,42
2016-09-07,70,37,33
2016-09-07,60,31,29
2016-09-07,76,47,29
2016-09-07,94,48,46
2016-09-07,262,170,92
2016-09-07,511,317,194
2016-09-07,337,220,117
2016-09-07,144,87,57
2016-09-07,38,23,15
2016-09-07,7,4,3
2016-09-07,2,2,0
2016-09-07,1,0,1
2016-09-07,3,1,2
2016-09-07,10,5,5
2016-09-06,13,8,5
2016-09-06,20,5,15
2016-09-06,37,21,16
2016-09-06,103,51,52
2016-09-06,175,59,116
2016-09-06,278,103,175
2016-09-06,487,121,366
2016-09-06,264,81,183
2016-09-06,109,50,59
2016-09-06,61,34,27
2016-09-06,55,30,25
2016-09-06,63,31,32
2016-09-06,72,34,38
2016-09-06,109,55,54
2016-09-06,205,120,85
2016-09-06,431,269,162
2016-09-06,272,190,82
2016-09-06,88,50,38
2016-09-06,34,18,16
2016-09-06,3,1,2
2016-09-06,1,1,0
2016-09-06,2,2,0
2016-09-06,8,4,4
2016-09-06,5,2,3
2016-09-05,5,3,2
2016-09-05,17,5,12
2016-09-05,18,5,13
2016-09-05,41,17,24
2016-09-05,55,27,28
2016-09-05,71,38,33
2016-09-05,118,58,60
2016-09-05,145,65,80
2016-09-05,165,89,76
2016-09-05,151,86,65
2016-09-05,138,60,78
2016-09-05,140,86,54
2016-09-05,119,64,55
2016-09-05,94,58,36
2016-09-05,91,50,41
2016-09-05,55,37,18
2016-09-05,33,13,20
2016-09-05,12,5,7
2016-09-05,11,10,1
2016-09-05,8,3,5
2016-09-05,4,0,4
2016-09-05,2,0,2
2016-09-05,3,0,3
2016-09-05,20,9,11
2016-09-04,25,8,17
2016-09-04,34,13,21
2016-09-04,42,14,28
2016-09-04,41,15,26
2016-09-04,98,56,42
2016-09-04,101,61,40
2016-09-04,149,85,64
2016-09-04,201,118,83
2016-09-04,181,84,97
2016-09-04,192,117,75
2016-09-04,182,99,83
2016-09-04,129,69,60
2016-09-04,126,71,55
2016-09-04,91,56,35
2016-09-04,79,41,38
2016-09-04,37,20,17
2016-09-04,19,13,6
2016-09-04,18,11,7
2016-09-04,7,5,2
2016-09-04,4,2,2
2016-09-04,4,3,1
2016-09-04,5,0,5
2016-09-04,6,2,4
2016-09-04,13,4,9
2016-09-03,36,13,23
2016-09-03,24,9,15
2016-09-03,26,12,14
2016-09-03,58,21,37
2016-09-03,75,43,32
2016-09-03,142,77,65
2016-09-03,154,92,62
2016-09-03,164,86,78
2016-09-03,120,52,68
2016-09-03,103,63,40
2016-09-03,84,44,40
2016-09-03,59,39,20
2016-09-03,65,23,42
2016-09-03,53,21,32
2016-09-03,59,46,13
2016-09-03,49,23,26
2016-09-03,29,19,10
2016-09-03,18,10,8
2016-09-03,13,7,6
2016-09-03,0,0,0
2016-09-03,0,0,0
2016-09-03,3,3,0
2016-09-03,7,3,4
2016-09-03,17,8,9
2016-09-02,25,10,15
2016-09-02,32,17,15
2016-09-02,22,6,16
2016-09-02,38,19,19
2016-09-02,84,26,58
2016-09-02,168,49,119
2016-09-02,314,81,233
2016-09-02,217,61,156
2016-09-02,118,48,70
2016-09-02,101,46,55
2016-09-02,53,21,32
2016-09-02,43,19,24
2016-09-02,43,24,19
2016-09-02,34,19,15
2016-09-02,136,70,66
2016-09-02,308,197,111
2016-09-02,233,150,83
2016-09-02,87,59,28
2016-09-02,31,16,15
2016-09-02,12,6,6
2016-09-02,1,0,1
2016-09-02,3,1,2
2016-09-02,4,1,3
2016-09-02,13,3,10
2016-09-01,13,5,8
2016-09-01,30,16,14
2016-09-01,37,15,22
2016-09-01,90,37,53
2016-09-01,139,32,107
2016-09-01,369,125,244
2016-09-01,528,128,400
2016-09-01,290,78,212
2016-09-01,124,32,92
2016-09-01,89,36,53
2016-09-01,77,27,50
2016-09-01,84,43,41
2016-09-01,84,36,48
2016-09-01,99,55,44
2016-09-01,247,141,106
2016-09-01,481,304,177
2016-09-01,341,222,119
2016-09-01,143,90,53
2016-09-01,39,26,13
2016-09-01,9,5,4
2016-09-01,1,0,1
2016-09-01,6,2,4
2016-09-01,4,2,2
2016-09-01,16,5,11
2016-08-31,17,11,6
2016-08-31,37,14,23
2016-08-31,71,29,42
2016-08-31,78,31,47
2016-08-31,208,78,130
2016-08-31,430,127,303
2016-08-31,566,142,424
2016-08-31,299,98,201
2016-08-31,101,38,63
2016-08-31,72,30,42
2016-08-31,60,27,33
2016-08-31,54,18,36
2016-08-31,62,36,26
2016-08-31,119,70,49
2016-08-31,301,149,152
2016-08-31,491,311,180
2016-08-31,391,268,123
2016-08-31,165,99,66
2016-08-31,45,27,18
2016-08-31,17,12,5
2016-08-31,2,0,2
2016-08-31,1,1,0
2016-08-31,7,4,3
2016-08-31,12,5,7
2016-08-30,30,12,18
2016-08-30,46,15,31
2016-08-30,64,27,37
2016-08-30,121,53,68
2016-08-30,237,88,149
2016-08-30,443,161,282
2016-08-30,758,209,549
2016-08-30,369,94,275
2016-08-30,170,78,92
2016-08-30,96,35,61
2016-08-30,101,44,57
2016-08-30,81,40,41
2016-08-30,90,50,40
2016-08-30,134,62,72
2016-08-30,325,202,123
2016-08-30,593,383,210
2016-08-30,496,323,173
2016-08-30,152,96,56
2016-08-30,53,31,22
2016-08-30,16,7,9
2016-08-30,1,1,0
2016-08-30,0,0,0
2016-08-30,4,2,2
2016-08-30,12,4,8
2016-08-29,23,8,15
2016-08-29,40,15,25
2016-08-29,54,16,38
2016-08-29,134,61,73
2016-08-29,259,105,154
2016-08-29,507,164,343
2016-08-29,748,205,543
2016-08-29,341,111,230
2016-08-29,172,78,94
2016-08-29,135,64,71
2016-08-29,95,49,46
2016-08-29,93,52,41
2016-08-29,102,54,48
2016-08-29,127,72,55
2016-08-29,316,186,130
2016-08-29,535,328,207
2016-08-29,412,280,132
2016-08-29,163,99,64
2016-08-29,39,20,19
2016-08-29,11,9,2
2016-08-29,4,3,1
2016-08-29,2,1,1
2016-08-29,3,0,3
2016-08-29,8,5,3
2016-08-28,12,5,7
2016-08-28,29,17,12
2016-08-28,26,12,14
2016-08-28,56,16,40
2016-08-28,64,25,39
2016-08-28,74,39,35
2016-08-28,95,44,51
2016-08-28,141,76,65
2016-08-28,122,69,53
2016-08-28,155,85,70
2016-08-28,153,77,76
2016-08-28,118,53,65
2016-08-28,133,68,65
2016-08-28,106,59,47
2016-08-28,86,49,37
2016-08-28,81,44,37
2016-08-28,34,13,21
2016-08-28,12,4,8
2016-08-28,5,5,0
2016-08-28,5,1,4
2016-08-28,2,1,1
2016-08-28,4,2,2
2016-08-28,7,4,3
2016-08-28,15,7,8
2016-08-27,24,8,16
2016-08-27,28,13,15
2016-08-27,22,10,12
2016-08-27,53,27,26
2016-08-27,66,29,37
2016-08-27,116,51,65
2016-08-27,129,50,79
2016-08-27,140,56,84
2016-08-27,154,88,66
2016-08-27,122,52,70
2016-08-27,151,87,64
2016-08-27,158,96,62
2016-08-27,120,56,64
2016-08-27,128,57,71
2016-08-27,116,65,51
2016-08-27,70,46,24
2016-08-27,51,25,26
2016-08-27,23,10,13
2016-08-27,12,9,3
2016-08-27,2,1,1
2016-08-27,6,1,5
2016-08-27,8,4,4
2016-08-27,13,7,6
2016-08-27,21,9,12
2016-08-26,30,8,22
2016-08-26,51,17,34
2016-08-26,90,32,58
2016-08-26,140,57,83
2016-08-26,192,81,111
2016-08-26,349,126,223
2016-08-26,569,166,403
2016-08-26,347,101,246
2016-08-26,184,90,94
2016-08-26,137,62,75
2016-08-26,130,59,71
2016-08-26,110,46,64
2016-08-26,112,53,59
2016-08-26,137,76,61
2016-08-26,258,150,108
2016-08-26,489,299,190
2016-08-26,359,221,138
2016-08-26,125,73,52
2016-08-26,33,18,15
2016-08-26,12,7,5
2016-08-26,4,3,1
2016-08-26,9,6,3
2016-08-26,7,4,3
2016-08-26,22,11,11
2016-08-25,41,15,26
2016-08-25,61,30,31
2016-08-25,85,32,53
2016-08-25,151,75,76
2016-08-25,231,80,151
2016-08-25,462,153,309
2016-08-25,666,179,487
2016-08-25,329,90,239
2016-08-25,175,82,93
2016-08-25,116,50,66
2016-08-25,103,51,52
2016-08-25,117,53,64
2016-08-25,111,55,56
2016-08-25,145,82,63
2016-08-25,324,185,139
2016-08-25,576,353,223
2016-08-25,434,287,147
2016-08-25,170,110,60
2016-08-25,42,29,13
2016-08-25,8,3,5
2016-08-25,4,4,0
2016-08-25,4,1,3
2016-08-25,7,3,4
2016-08-25,20,9,11
2016-08-24,29,14,15
2016-08-24,45,16,29
2016-08-24,79,35,44
2016-08-24,144,57,87
2016-08-24,289,110,179
2016-08-24,502,156,346
2016-08-24,753,194,559
2016-08-24,358,102,256
2016-08-24,171,65,106
2016-08-24,101,40,61
2016-08-24,100,54,46
2016-08-24,99,55,44
2016-08-24,105,55,50
2016-08-24,160,84,76
2016-08-24,299,162,137
2016-08-24,633,398,235
2016-08-24,462,309,153
2016-08-24,201,108,93
2016-08-24,48,29,19
2016-08-24,13,7,6
2016-08-24,5,2,3
2016-08-24,2,0,2
2016-08-24,9,4,5
2016-08-24,16,5,11
2016-08-23,36,13,23
2016-08-23,46,20,26
2016-08-23,84,32,52
2016-08-23,140,58,82
2016-08-23,258,97,161
2016-08-23,528,195,333
2016-08-23,753,212,541
2016-08-23,398,124,274
2016-08-23,162,72,90
2016-08-23,119,54,65
2016-08-23,117,54,63
2016-08-23,120,44,76
2016-08-23,91,41,50
2016-08-23,133,69,64
2016-08-23,306,181,125
2016-08-23,667,401,266
2016-08-23,456,295,161
2016-08-23,188,111,77
2016-08-23,49,35,14
2016-08-23,10,6,4
2016-08-23,3,2,1
2016-08-23,7,2,5
2016-08-23,5,4,1
2016-08-23,9,3,6
2016-08-22,24,12,12
2016-08-22,41,15,26
2016-08-22,69,28,41
2016-08-22,136,61,75
2016-08-22,250,89,161
2016-08-22,511,143,368
2016-08-22,713,176,537
2016-08-22,368,107,261
2016-08-22,144,50,94
2016-08-22,93,45,48
2016-08-22,91,48,43
2016-08-22,84,44,40
2016-08-22,78,35,43
2016-08-22,122,66,56
2016-08-22,330,202,128
2016-08-22,604,378,226
2016-08-22,415,270,145
2016-08-22,153,91,62
2016-08-22,39,29,10
2016-08-22,8,5,3
2016-08-22,2,0,2
2016-08-22,2,1,1
2016-08-22,7,2,5
2016-08-22,8,3,5
2016-08-21,16,6,10
2016-08-21,30,6,24
2016-08-21,58,16,42
2016-08-21,50,35,15
2016-08-21,70,32,38
2016-08-21,126,53,73
2016-08-21,134,74,60
2016-08-21,156,78,78
2016-08-21,175,91,84
2016-08-21,142,74,68
2016-08-21,138,66,72
2016-08-21,160,90,70
2016-08-21,137,73,64
2016-08-21,95,56,39
2016-08-21,87,45,42
2016-08-21,61,29,32
2016-08-21,39,22,17
2016-08-21,18,9,9
2016-08-21,9,6,3
2016-08-21,2,0,2
2016-08-21,0,0,0
2016-08-21,11,4,7
2016-08-21,11,2,9
2016-08-21,19,7,12
2016-08-20,19,7,12
2016-08-20,35,10,25
2016-08-20,35,20,15
2016-08-20,82,26,56
2016-08-20,70,30,40
2016-08-20,108,42,66
2016-08-20,119,54,65
2016-08-20,117,46,71
2016-08-20,144,75,69
2016-08-20,171,80,91
2016-08-20,164,65,99
2016-08-20,160,85,75
2016-08-20,119,55,64
2016-08-20,207,143,64
2016-08-20,132,71,61
2016-08-20,111,59,52
2016-08-20,60,28,32
2016-08-20,26,13,13
2016-08-20,8,3,5
2016-08-20,2,0,2
2016-08-20,10,3,7
2016-08-20,12,4,8
2016-08-20,15,9,6
2016-08-20,25,14,11
2016-08-19,48,13,35
2016-08-19,60,23,37
2016-08-19,72,28,44
2016-08-19,108,39,69
2016-08-19,181,60,121
2016-08-19,325,103,222
2016-08-19,547,155,392
2016-08-19,340,103,237
2016-08-19,186,67,119
2016-08-19,107,43,64
2016-08-19,102,45,57
2016-08-19,100,38,62
2016-08-19,110,61,49
2016-08-19,130,67,63
2016-08-19,239,124,115
2016-08-19,518,309,209
2016-08-19,330,226,104
2016-08-19,134,85,49
2016-08-19,38,26,12
2016-08-19,15,7,8
2016-08-19,5,2,3
2016-08-19,1,1,0
2016-08-19,8,3,5
2016-08-19,20,8,12
2016-08-18,33,18,15
2016-08-18,61,17,44
2016-08-18,84,37,47
2016-08-18,133,54,79
2016-08-18,248,106,142
2016-08-18,467,180,287
2016-08-18,684,196,488
2016-08-18,362,107,255
2016-08-18,177,70,107
2016-08-18,140,65,75
2016-08-18,115,62,53
2016-08-18,107,55,52
2016-08-18,111,56,55
2016-08-18,141,77,64
2016-08-18,315,178,137
2016-08-18,575,365,210
2016-08-18,430,269,161
2016-08-18,158,100,58
2016-08-18,53,37,16
2016-08-18,15,8,7
2016-08-18,3,1,2
2016-08-18,3,2,1
2016-08-18,12,3,9
2016-08-18,14,2,12
2016-08-17,30,11,19
2016-08-17,47,14,33
2016-08-17,84,34,50
2016-08-17,148,59,89
2016-08-17,249,90,159
2016-08-17,465,162,303
2016-08-17,785,221,564
2016-08-17,359,97,262
2016-08-17,176,73,103
2016-08-17,111,53,58
2016-08-17,106,54,52
2016-08-17,97,46,51
2016-08-17,110,50,60
2016-08-17,135,64,71
2016-08-17,328,178,150
2016-08-17,659,423,236
2016-08-17,438,291,147
2016-08-17,196,124,72
2016-08-17,47,32,15
2016-08-17,11,7,4
2016-08-17,6,4,2
2016-08-17,6,2,4
2016-08-17,3,1,2
2016-08-17,15,6,9
2016-08-16,21,7,14
2016-08-16,49,20,29
2016-08-16,81,44,37
2016-08-16,140,51,89
2016-08-16,285,104,181
2016-08-16,514,186,328
2016-08-16,762,206,556
2016-08-16,360,103,257
2016-08-16,168,73,95
2016-08-16,127,58,69
2016-08-16,120,64,56
2016-08-16,90,46,44
2016-08-16,113,56,57
2016-08-16,121,65,56
2016-08-16,326,183,143
2016-08-16,669,414,255
2016-08-16,456,326,130
2016-08-16,185,111,74
2016-08-16,48,31,17
2016-08-16,9,6,3
2016-08-16,3,2,1
2016-08-16,4,0,4
2016-08-16,8,4,4
2016-08-16,11,2,9
2016-08-15,34,12,22
2016-08-15,34,13,21
2016-08-15,81,34,47
2016-08-15,156,62,94
2016-08-15,282,105,177
2016-08-15,461,160,301
2016-08-15,704,179,525
2016-08-15,371,127,244
2016-08-15,154,70,84
2016-08-15,95,57,38
2016-08-15,108,56,52
2016-08-15,91,44,47
2016-08-15,83,35,48
2016-08-15,118,61,57
2016-08-15,323,178,145
2016-08-15,607,373,234
2016-08-15,445,297,148
2016-08-15,147,93,54
2016-08-15,42,29,13
2016-08-15,12,6,6
2016-08-15,2,1,1
2016-08-15,5,1,4
2016-08-15,4,1,3
2016-08-15,7,2,5
2016-08-14,15,4,11
2016-08-14,28,17,11
2016-08-14,46,22,24
2016-08-14,77,38,39
2016-08-14,83,52,31
2016-08-14,141,74,67
2016-08-14,131,62,69
2016-08-14,175,86,89
2016-08-14,243,111,132
2016-08-14,283,122,161
2016-08-14,246,97,149
2016-08-14,328,104,224
2016-08-14,268,105,163
2016-08-14,156,76,80
2016-08-14,127,65,62
2016-08-14,105,60,45
2016-08-14,63,39,24
2016-08-14,30,16,14
2016-08-14,4,0,4
2016-08-14,2,1,1
2016-08-14,5,3,2
2016-08-14,5,0,5
2016-08-14,18,3,15
2016-08-14,23,6,17
2016-08-13,26,10,16
2016-08-13,20,5,15
2016-08-13,48,32,16
2016-08-13,87,39,48
2016-08-13,82,40,42
2016-08-13,112,59,53
2016-08-13,142,75,67
2016-08-13,117,47,70
2016-08-13,153,76,77
2016-08-13,132,60,72
2016-08-13,139,68,71
2016-08-13,152,71,81
2016-08-13,164,79,85
2016-08-13,150,90,60
2016-08-13,127,76,51
2016-08-13,91,52,39
2016-08-13,45,25,20
2016-08-13,43,23,20
2016-08-13,15,5,10
2016-08-13,4,0,4
2016-08-13,1,1,0
2016-08-13,11,3,8
2016-08-13,14,5,9
2016-08-13,16,6,10
2016-08-12,52,14,38
2016-08-12,47,25,22
2016-08-12,85,42,43
2016-08-12,136,48,88
2016-08-12,178,59,119
2016-08-12,336,120,216
2016-08-12,550,151,399
2016-08-12,342,101,241
2016-08-12,214,87,127
2016-08-12,130,54,76
2016-08-12,105,58,47
2016-08-12,136,58,78
2016-08-12,106,46,60
2016-08-12,135,72,63
2016-08-12,265,144,121
2016-08-12,492,302,190
2016-08-12,337,218,119
2016-08-12,154,88,66
2016-08-12,37,20,17
2016-08-12,11,5,6
2016-08-12,2,1,1
2016-08-12,5,3,2
2016-08-12,11,4,7
2016-08-12,7,2,5
2016-08-11,26,9,17
2016-08-11,59,24,35
2016-08-11,107,49,58
2016-08-11,172,81,91
2016-08-11,233,100,133
2016-08-11,492,182,310
2016-08-11,744,194,550
2016-08-11,360,129,231
2016-08-11,169,62,107
2016-08-11,128,59,69
2016-08-11,110,52,58
2016-08-11,115,57,58
2016-08-11,98,61,37
2016-08-11,121,60,61
2016-08-11,328,197,131
2016-08-11,615,368,247
2016-08-11,417,275,142
2016-08-11,176,111,65
2016-08-11,51,33,18
2016-08-11,16,10,6
2016-08-11,1,1,0
2016-08-11,4,0,4
2016-08-11,8,4,4
2016-08-11,19,8,11
2016-08-10,36,7,29
2016-08-10,53,20,33
2016-08-10,88,37,51
2016-08-10,151,50,101
2016-08-10,255,111,144
2016-08-10,488,181,307
2016-08-10,767,217,550
2016-08-10,331,105,226
2016-08-10,180,69,111
2016-08-10,128,63,65
2016-08-10,109,54,55
2016-08-10,97,48,49
2016-08-10,105,51,54
2016-08-10,119,67,52
2016-08-10,336,204,132
2016-08-10,595,368,227
2016-08-10,429,272,157
2016-08-10,170,114,56
2016-08-10,43,28,15
2016-08-10,12,8,4
2016-08-10,0,0,0
2016-08-10,2,0,2
2016-08-10,5,2,3
2016-08-10,11,4,7
2016-08-09,30,8,22
2016-08-09,46,24,22
2016-08-09,66,34,32
2016-08-09,122,49,73
2016-08-09,200,83,117
2016-08-09,471,183,288
2016-08-09,678,172,506
2016-08-09,365,118,247
2016-08-09,197,79,118
2016-08-09,86,45,41
2016-08-09,83,48,35
2016-08-09,97,45,52
2016-08-09,78,47,31
2016-08-09,118,66,52
2016-08-09,299,185,114
2016-08-09,583,351,232
2016-08-09,392,258,134
2016-08-09,168,104,64
2016-08-09,42,30,12
2016-08-09,9,5,4
2016-08-09,1,1,0
2016-08-09,1,0,1
2016-08-09,10,6,4
2016-08-09,19,6,13
2016-08-08,20,7,13
2016-08-08,33,15,18
2016-08-08,48,23,25
2016-08-08,101,43,58
2016-08-08,208,74,134
2016-08-08,415,129,286
2016-08-08,588,164,424
2016-08-08,295,79,216
2016-08-08,112,38,74
2016-08-08,93,43,50
2016-08-08,82,41,41
2016-08-08,79,44,35
2016-08-08,82,35,47
2016-08-08,101,55,46
2016-08-08,271,149,122
2016-08-08,449,277,172
2016-08-08,358,243,115
2016-08-08,116,78,38
2016-08-08,29,22,7
2016-08-08,12,5,7
2016-08-08,2,2,0
2016-08-08,4,1,3
2016-08-08,5,1,4
2016-08-08,10,2,8
2016-08-07,11,4,7
2016-08-07,14,3,11
2016-08-07,11,4,7
2016-08-07,36,21,15
2016-08-07,67,34,33
2016-08-07,102,50,52
2016-08-07,95,46,49
2016-08-07,121,65,56
2016-08-07,155,76,79
2016-08-07,134,70,64
2016-08-07,180,93,87
2016-08-07,108,48,60
2016-08-07,140,81,59
2016-08-07,120,65,55
2016-08-07,98,58,40
2016-08-07,68,45,23
2016-08-07,39,21,18
2016-08-07,16,11,5
2016-08-07,8,2,6
2016-08-07,1,0,1
2016-08-07,5,1,4
2016-08-07,16,3,13
2016-08-07,25,8,17
2016-08-07,34,8,26
2016-08-06,39,12,27
2016-08-06,28,8,20
2016-08-06,32,12,20
2016-08-06,79,36,43
2016-08-06,111,49,62
2016-08-06,138,77,61
2016-08-06,198,100,98
2016-08-06,182,84,98
2016-08-06,159,77,82
2016-08-06,127,59,68
2016-08-06,138,67,71
2016-08-06,130,67,63
2016-08-06,151,73,78
2016-08-06,120,60,60
2016-08-06,106,49,57
2016-08-06,85,47,38
2016-08-06,56,32,24
2016-08-06,27,12,15
2016-08-06,10,4,6
2016-08-06,8,5,3
2016-08-06,7,3,4
2016-08-06,8,3,5
2016-08-06,16,6,10
2016-08-06,23,9,14
2016-08-05,29,10,19
2016-08-05,42,13,29
2016-08-05,73,32,41
2016-08-05,130,46,84
2016-08-05,177,82,95
2016-08-05,349,113,236
2016-08-05,562,182,380
2016-08-05,374,122,252
2016-08-05,200,78,122
2016-08-05,115,54,61
2016-08-05,103,49,54
2016-08-05,118,69,49
2016-08-05,113,63,50
2016-08-05,137,79,58
2016-08-05,278,150,128
2016-08-05,466,287,179
2016-08-05,348,242,106
2016-08-05,138,98,40
2016-08-05,45,34,11
2016-08-05,11,5,6
2016-08-05,7,1,6
2016-08-05,6,0,6
2016-08-05,8,3,5
2016-08-05,26,10,16
2016-08-04,33,12,21
2016-08-04,64,33,31
2016-08-04,86,43,43
2016-08-04,169,61,108
2016-08-04,245,92,153
2016-08-04,512,172,340
2016-08-04,661,194,467
2016-08-04,416,149,267
2016-08-04,152,62,90
2016-08-04,112,48,64
2016-08-04,113,68,45
2016-08-04,120,65,55
2016-08-04,106,53,53
2016-08-04,143,80,63
2016-08-04,324,176,148
2016-08-04,575,378,197
2016-08-04,432,292,140
2016-08-04,174,115,59
2016-08-04,49,29,20
2016-08-04,7,2,5
2016-08-04,5,3,2
2016-08-04,2,0,2
2016-08-04,3,0,3
2016-08-04,20,9,11
2016-08-03,19,7,12
2016-08-03,52,27,25
2016-08-03,96,49,47
2016-08-03,167,56,111
2016-08-03,260,94,166
2016-08-03,546,206,340
2016-08-03,705,198,507
2016-08-03,396,109,287
2016-08-03,161,68,93
2016-08-03,114,47,67
2016-08-03,98,58,40
2016-08-03,97,49,48
2016-08-03,92,50,42
2016-08-03,133,77,56
2016-08-03,323,195,128
2016-08-03,605,389,216
2016-08-03,399,275,124
2016-08-03,179,108,71
2016-08-03,46,32,14
2016-08-03,13,9,4
2016-08-03,1,0,1
2016-08-03,2,0,2
2016-08-03,6,2,4
2016-08-03,11,3,8
2016-08-02,25,12,13
2016-08-02,42,13,29
2016-08-02,76,50,26
2016-08-02,93,49,44
2016-08-02,191,63,128
2016-08-02,416,144,272
2016-08-02,573,167,406
2016-08-02,303,93,210
2016-08-02,135,57,78
2016-08-02,84,36,48
2016-08-02,72,38,34
2016-08-02,79,47,32
2016-08-02,61,40,21
2016-08-02,98,59,39
2016-08-02,248,151,97
2016-08-02,512,320,192
2016-08-02,333,235,98
2016-08-02,153,97,56
2016-08-02,39,24,15
2016-08-02,10,6,4
2016-08-02,1,0,1
2016-08-02,1,0,1
2016-08-02,5,3,2
2016-08-02,7,1,6
2016-08-01,19,11,8
2016-08-01,43,8,35
2016-08-01,76,27,49
2016-08-01,133,56,77
2016-08-01,228,99,129
2016-08-01,558,185,373
2016-08-01,635,173,462
2016-08-01,323,102,221
2016-08-01,168,70,98
2016-08-01,119,61,58
2016-08-01,93,49,44
2016-08-01,82,41,41
2016-08-01,74,46,28
2016-08-01,100,51,49
2016-08-01,325,197,128
2016-08-01,609,382,227
2016-08-01,394,274,120
2016-08-01,178,121,57
2016-08-01,52,32,20
2016-08-01,10,4,6
2016-08-01,3,2,1
2016-08-01,6,2,4
2016-08-01,10,3,7
2016-08-01,11,3,8
2016-07-31,14,8,6
2016-07-31,25,14,11
2016-07-31,44,23,21
2016-07-31,73,31,42
2016-07-31,95,49,46
2016-07-31,129,66,63
2016-07-31,169,84,85
2016-07-31,215,114,101
2016-07-31,217,122,95
2016-07-31,190,99,91
2016-07-31,142,66,76
2016-07-31,198,116,82
2016-07-31,166,87,79
2016-07-31,135,68,67
2016-07-31,104,59,45
2016-07-31,71,38,33
2016-07-31,32,17,15
2016-07-31,25,14,11
2016-07-31,6,2,4
2016-07-31,5,2,3
2016-07-31,4,0,4
2016-07-31,8,1,7
2016-07-31,13,2,11
2016-07-31,25,12,13
2016-07-30,43,12,31
2016-07-30,31,15,16
2016-07-30,50,19,31
2016-07-30,70,37,33
2016-07-30,97,32,65
2016-07-30,118,60,58
2016-07-30,185,84,101
2016-07-30,172,102,70
2016-07-30,194,96,98
2016-07-30,166,80,86
2016-07-30,200,100,100
2016-07-30,161,79,82
2016-07-30,134,75,59
2016-07-30,124,58,66
2016-07-30,127,72,55
2016-07-30,92,55,37
2016-07-30,58,27,31
2016-07-30,22,14,8
2016-07-30,11,6,5
2016-07-30,6,2,4
2016-07-30,4,1,3
2016-07-30,7,6,1
2016-07-30,15,9,6
2016-07-30,44,18,26
2016-07-29,53,33,20
2016-07-29,56,28,28
2016-07-29,66,28,38
2016-07-29,150,60,90
2016-07-29,182,58,124
2016-07-29,345,121,224
2016-07-29,535,146,389
2016-07-29,349,119,230
2016-07-29,215,83,132
2016-07-29,134,53,81
2016-07-29,98,56,42
2016-07-29,128,62,66
2016-07-29,115,59,56
2016-07-29,134,71,63
2016-07-29,307,186,121
2016-07-29,477,295,182
2016-07-29,371,254,117
2016-07-29,139,93,46
2016-07-29,39,25,14
2016-07-29,9,4,5
2016-07-29,5,3,2
2016-07-29,6,3,3
2016-07-29,13,6,7
2016-07-29,12,2,10
2016-07-28,30,15,15
2016-07-28,58,27,31
2016-07-28,112,60,52
2016-07-28,175,63,112
2016-07-28,231,84,147
2016-07-28,485,166,319
2016-07-28,714,215,499
2016-07-28,318,104,214
2016-07-28,182,59,123
2016-07-28,108,61,47
2016-07-28,120,55,65
2016-07-28,105,67,38
2016-07-28,111,57,54
2016-07-28,138,85,53
2016-07-28,314,186,128
2016-07-28,570,364,206
2016-07-28,455,310,145
2016-07-28,172,115,57
2016-07-28,47,28,19
2016-07-28,9,7,2
2016-07-28,2,0,2
2016-07-28,3,1,2
2016-07-28,7,2,5
2016-07-28,17,6,11
2016-07-27,31,14,17
2016-07-27,72,34,38
2016-07-27,103,30,73
2016-07-27,174,91,83
2016-07-27,296,120,176
2016-07-27,510,178,332
2016-07-27,783,215,568
2016-07-27,415,151,264
2016-07-27,181,71,110
2016-07-27,119,45,74
2016-07-27,95,48,47
2016-07-27,118,52,66
2016-07-27,94,46,48
2016-07-27,125,76,49
2016-07-27,332,191,141
2016-07-27,549,336,213
2016-07-27,505,328,177
2016-07-27,197,130,67
2016-07-27,56,35,21
2016-07-27,11,8,3
2016-07-27,2,2,0
2016-07-27,7,0,7
2016-07-27,6,1,5
2016-07-27,13,6,7
2016-07-26,24,13,11
2016-07-26,47,24,23
2016-07-26,107,52,55
2016-07-26,193,92,101
2016-07-26,312,124,188
2016-07-26,474,163,311
2016-07-26,780,219,561
2016-07-26,366,124,242
2016-07-26,213,93,120
2016-07-26,119,49,70
2016-07-26,111,59,52
2016-07-26,104,51,53
2016-07-26,90,50,40
2016-07-26,122,73,49
2016-07-26,336,196,140
2016-07-26,584,353,231
2016-07-26,486,332,154
2016-07-26,185,122,63
2016-07-26,50,31,19
2016-07-26,16,10,6
2016-07-26,5,3,2
2016-07-26,5,1,4
2016-07-26,6,2,4
2016-07-26,9,3,6
2016-07-25,16,6,10
2016-07-25,40,16,24
2016-07-25,91,51,40
2016-07-25,145,70,75
2016-07-25,264,96,168
2016-07-25,483,162,321
2016-07-25,719,188,531
2016-07-25,354,116,238
2016-07-25,149,48,101
2016-07-25,93,50,43
2016-07-25,99,58,41
2016-07-25,99,52,47
2016-07-25,92,49,43
2016-07-25,106,65,41
2016-07-25,342,191,151
2016-07-25,579,366,213
2016-07-25,459,301,158
2016-07-25,161,100,61
2016-07-25,46,33,13
2016-07-25,10,6,4
2016-07-25,7,2,5
2016-07-25,1,1,0
2016-07-25,5,2,3
2016-07-25,15,4,11
2016-07-24,20,7,13
2016-07-24,36,18,18
2016-07-24,47,24,23
2016-07-24,66,34,32
2016-07-24,104,47,57
2016-07-24,123,61,62
2016-07-24,176,89,87
2016-07-24,171,73,98
2016-07-24,198,108,90
2016-07-24,210,124,86
2016-07-24,207,104,103
2016-07-24,182,95,87
2016-07-24,214,113,101
2016-07-24,134,78,56
2016-07-24,101,59,42
2016-07-24,59,32,27
2016-07-24,39,26,13
2016-07-24,16,7,9
2016-07-24,9,4,5
2016-07-24,2,1,1
2016-07-24,6,3,3
2016-07-24,10,4,6
2016-07-24,18,11,7
2016-07-24,22,14,8
2016-07-23,56,20,36
2016-07-23,48,23,25
2016-07-23,62,35,27
2016-07-23,68,30,38
2016-07-23,99,47,52
2016-07-23,192,100,92
2016-07-23,151,72,79
2016-07-23,179,93,86
2016-07-23,172,93,79
2016-07-23,193,105,88
2016-07-23,172,84,88
2016-07-23,152,76,76
2016-07-23,136,66,70
2016-07-23,116,61,55
2016-07-23,110,66,44
2016-07-23,67,30,37
2016-07-23,53,25,28
2016-07-23,25,14,11
2016-07-23,13,6,7
2016-07-23,3,1,2
2016-07-23,4,3,1
2016-07-23,9,5,4
2016-07-23,11,6,5
2016-07-23,16,6,10
2016-07-22,27,12,15
2016-07-22,28,9,19
2016-07-22,36,18,18
2016-07-22,58,29,29
2016-07-22,112,44,68
2016-07-22,231,87,144
2016-07-22,271,77,194
2016-07-22,198,58,140
2016-07-22,115,43,72
2016-07-22,86,42,44
2016-07-22,86,50,36
2016-07-22,54,24,30
2016-07-22,41,21,20
2016-07-22,64,36,28
2016-07-22,148,78,70
2016-07-22,217,143,74
2016-07-22,143,98,45
2016-07-22,85,60,25
2016-07-22,27,16,11
2016-07-22,8,5,3
2016-07-22,6,4,2
2016-07-22,4,3,1
2016-07-22,8,4,4
2016-07-22,25,14,11
2016-07-21,41,20,21
2016-07-21,49,22,27
2016-07-21,89,35,54
2016-07-21,137,46,91
2016-07-21,259,88,171
2016-07-21,491,163,328
2016-07-21,695,194,501
2016-07-21,370,132,238
2016-07-21,196,78,118
2016-07-21,128,55,73
2016-07-21,129,67,62
2016-07-21,116,55,61
2016-07-21,113,58,55
2016-07-21,145,86,59
2016-07-21,302,190,112
2016-07-21,578,376,202
2016-07-21,448,294,154
2016-07-21,175,114,61
2016-07-21,42,25,17
2016-07-21,9,6,3
2016-07-21,7,1,6
2016-07-21,10,4,6
2016-07-21,9,5,4
2016-07-21,13,6,7
2016-07-20,32,10,22
2016-07-20,34,17,17
2016-07-20,95,57,38
2016-07-20,207,90,117
2016-07-20,246,108,138
2016-07-20,489,176,313
2016-07-20,760,207,553
2016-07-20,354,111,243
2016-07-20,176,89,87
2016-07-20,129,64,65
2016-07-20,107,56,51
2016-07-20,97,44,53
2016-07-20,115,64,51
2016-07-20,123,75,48
2016-07-20,315,199,116
2016-07-20,615,370,245
2016-07-20,471,306,165
2016-07-20,199,124,75
2016-07-20,51,33,18
2016-07-20,13,9,4
2016-07-20,1,1,0
2016-07-20,5,2,3
2016-07-20,2,1,1
2016-07-20,12,7,5
2016-07-19,30,10,20
2016-07-19,60,32,28
2016-07-19,90,51,39
2016-07-19,155,69,86
2016-07-19,246,96,150
2016-07-19,442,153,289
2016-07-19,719,182,537
2016-07-19,362,116,246
2016-07-19,165,62,103
2016-07-19,114,61,53
2016-07-19,136,85,51
2016-07-19,107,71,36
2016-07-19,85,48,37
2016-07-19,130,70,60
2016-07-19,306,192,114
2016-07-19,612,386,226
2016-07-19,459,317,142
2016-07-19,181,119,62
2016-07-19,52,29,23
2016-07-19,9,7,2
2016-07-19,2,2,0
2016-07-19,5,2,3
2016-07-19,2,0,2
2016-07-19,9,3,6
2016-07-18,21,9,12
2016-07-18,40,16,24
2016-07-18,73,34,39
2016-07-18,113,38,75
2016-07-18,233,79,154
2016-07-18,400,149,251
2016-07-18,634,152,482
2016-07-18,287,80,207
2016-07-18,117,49,68
2016-07-18,87,33,54
2016-07-18,80,51,29
2016-07-18,87,43,44
2016-07-18,92,48,44
2016-07-18,133,66,67
2016-07-18,298,186,112
2016-07-18,523,345,178
2016-07-18,427,292,135
2016-07-18,161,106,55
2016-07-18,52,32,20
2016-07-18,10,7,3
2016-07-18,0,0,0
2016-07-18,4,1,3
2016-07-18,3,0,3
2016-07-18,22,9,13
2016-07-17,15,6,9
2016-07-17,32,15,17
2016-07-17,47,25,22
2016-07-17,81,33,48
2016-07-17,88,37,51
2016-07-17,136,63,73
2016-07-17,150,77,73
2016-07-17,168,75,93
2016-07-17,201,115,86
2016-07-17,211,103,108
2016-07-17,176,97,79
2016-07-17,174,93,81
2016-07-17,177,93,84
2016-07-17,116,55,61
2016-07-17,93,54,39
2016-07-17,73,38,35
2016-07-17,29,11,18
2016-07-17,21,10,11
2016-07-17,9,7,2
2016-07-17,1,0,1
2016-07-17,5,3,2
2016-07-17,4,2,2
2016-07-17,13,3,10
2016-07-17,17,10,7
2016-07-16,38,14,24
2016-07-16,36,17,19
2016-07-16,42,22,20
2016-07-16,82,44,38
2016-07-16,72,35,37
2016-07-16,110,43,67
2016-07-16,171,72,99
2016-07-16,172,100,72
2016-07-16,162,88,74
2016-07-16,158,99,59
2016-07-16,134,63,71
2016-07-16,185,105,80
2016-07-16,143,84,59
2016-07-16,125,63,62
2016-07-16,110,46,64
2016-07-16,82,42,40
2016-07-16,52,23,29
2016-07-16,63,18,45
2016-07-16,49,17,32
2016-07-16,39,10,29
2016-07-16,7,3,4
2016-07-16,6,3,3
2016-07-16,13,7,6
2016-07-16,18,8,10
2016-07-15,39,17,22
2016-07-15,56,25,31
2016-07-15,62,38,24
2016-07-15,109,40,69
2016-07-15,182,75,107
2016-07-15,349,132,217
2016-07-15,544,163,381
2016-07-15,376,123,253
2016-07-15,221,94,127
2016-07-15,139,59,80
2016-07-15,132,53,79
2016-07-15,121,52,69
2016-07-15,105,60,45
2016-07-15,108,54,54
2016-07-15,250,131,119
2016-07-15,482,302,180
2016-07-15,360,240,120
2016-07-15,125,76,49
2016-07-15,35,21,14
2016-07-15,8,4,4
2016-07-15,3,2,1
2016-07-15,9,4,5
2016-07-15,7,3,4
2016-07-15,14,4,10
2016-07-14,20,6,14
2016-07-14,41,20,21
2016-07-14,94,50,44
2016-07-14,164,73,91
2016-07-14,247,94,153
2016-07-14,507,164,343
2016-07-14,704,201,503
2016-07-14,392,132,260
2016-07-14,195,84,111
2016-07-14,137,66,71
2016-07-14,108,61,47
2016-07-14,125,74,51
2016-07-14,104,63,41
2016-07-14,127,71,56
2016-07-14,324,183,141
2016-07-14,598,394,204
2016-07-14,439,288,151
2016-07-14,197,124,73
2016-07-14,54,34,20
2016-07-14,11,8,3
2016-07-14,2,0,2
2016-07-14,6,2,4
2016-07-14,9,5,4
2016-07-14,16,6,10
2016-07-13,27,11,16
2016-07-13,78,26,52
2016-07-13,91,44,47
2016-07-13,141,57,84
2016-07-13,277,115,162
2016-07-13,488,179,309
2016-07-13,787,220,567
2016-07-13,358,133,225
2016-07-13,207,76,131
2016-07-13,120,68,52
2016-07-13,89,42,47
2016-07-13,110,61,49
2016-07-13,89,51,38
2016-07-13,134,75,59
2016-07-13,304,185,119
2016-07-13,626,399,227
2016-07-13,475,321,154
2016-07-13,193,122,71
2016-07-13,63,39,24
2016-07-13,8,6,2
2016-07-13,4,1,3
2016-07-13,3,0,3
2016-07-13,6,4,2
2016-07-13,18,7,11
2016-07-12,25,12,13
2016-07-12,27,10,17
2016-07-12,98,45,53
2016-07-12,178,74,104
2016-07-12,268,118,150
2016-07-12,531,172,359
2016-07-12,677,180,497
2016-07-12,326,112,214
2016-07-12,167,75,92
2016-07-12,110,54,56
2016-07-12,110,64,46
2016-07-12,100,63,37
2016-07-12,96,49,47
2016-07-12,113,60,53
2016-07-12,297,174,123
2016-07-12,533,347,186
2016-07-12,462,304,158
2016-07-12,187,113,74
2016-07-12,42,29,13
2016-07-12,9,5,4
2016-07-12,3,2,1
2016-07-12,8,5,3
2016-07-12,4,2,2
2016-07-12,13,5,8
2016-07-11,19,8,11
2016-07-11,34,15,19
2016-07-11,79,34,45
2016-07-11,144,52,92
2016-07-11,223,91,132
2016-07-11,508,144,364
2016-07-11,653,174,479
2016-07-11,357,119,238
2016-07-11,146,60,86
2016-07-11,105,52,53
2016-07-11,92,45,47
2016-07-11,86,42,44
2016-07-11,71,36,35
2016-07-11,124,64,60
2016-07-11,292,175,117
2016-07-11,551,358,193
2016-07-11,423,279,144
2016-07-11,171,102,69
2016-07-11,41,29,12
2016-07-11,4,3,1
2016-07-11,1,0,1
2016-07-11,3,0,3
2016-07-11,2,2,0
2016-07-11,16,9,7
2016-07-10,21,10,11
2016-07-10,36,20,16
2016-07-10,60,31,29
2016-07-10,64,30,34
2016-07-10,93,52,41
2016-07-10,129,79,50
2016-07-10,170,88,82
2016-07-10,153,66,87
2016-07-10,237,109,128
2016-07-10,233,135,98
2016-07-10,222,121,101
2016-07-10,188,97,91
2016-07-10,207,127,80
2016-07-10,119,65,54
2016-07-10,121,70,51
2016-07-10,62,35,27
2016-07-10,46,27,19
2016-07-10,20,9,11
2016-07-10,6,3,3
2016-07-10,7,2,5
2016-07-10,5,1,4
2016-07-10,7,3,4
2016-07-10,12,4,8
2016-07-10,11,4,7
2016-07-09,33,13,20
2016-07-09,28,13,15
2016-07-09,48,18,30
2016-07-09,55,31,24
2016-07-09,79,43,36
2016-07-09,111,52,59
2016-07-09,132,61,71
2016-07-09,183,83,100
2016-07-09,148,71,77
2016-07-09,192,114,78
2016-07-09,143,84,59
2016-07-09,173,70,103
2016-07-09,192,101,91
2016-07-09,166,93,73
2016-07-09,127,70,57
2016-07-09,101,47,54
2016-07-09,53,31,22
2016-07-09,24,11,13
2016-07-09,5,2,3
2016-07-09,6,1,5
2016-07-09,1,0,1
2016-07-09,6,3,3
2016-07-09,5,2,3
2016-07-09,18,11,7
2016-07-08,208,68,140
2016-07-08,261,172,89
2016-07-08,469,62,407
2016-07-08,123,56,67
2016-07-08,186,68,118
2016-07-08,283,95,188
2016-07-08,512,133,379
2016-07-08,314,102,212
2016-07-08,121,37,84
2016-07-08,115,52,63
2016-07-08,85,47,38
2016-07-08,81,36,45
2016-07-08,76,44,32
2016-07-08,61,32,29
2016-07-08,219,135,84
2016-07-08,392,239,153
2016-07-08,306,211,95
2016-07-08,122,76,46
2016-07-08,20,11,9
2016-07-08,4,2,2
2016-07-08,3,1,2
2016-07-08,3,2,1
2016-07-08,2,0,2
2016-07-08,8,2,6
2016-07-07,19,8,11
2016-07-07,38,12,26
2016-07-07,55,21,34
2016-07-07,86,26,60
2016-07-07,134,38,96
2016-07-07,333,92,241
2016-07-07,521,144,377
2016-07-07,296,93,203
2016-07-07,133,56,77
2016-07-07,113,36,77
2016-07-07,86,35,51
2016-07-07,84,35,49
2016-07-07,76,46,30
2016-07-07,94,51,43
2016-07-07,285,175,110
2016-07-07,467,305,162
2016-07-07,379,257,122
2016-07-07,147,94,53
2016-07-07,52,28,24
2016-07-07,7,3,4
2016-07-07,3,1,2
2016-07-07,2,1,1
2016-07-07,2,1,1
2016-07-07,14,5,9
2016-07-06,22,4,18
2016-07-06,42,19,23
2016-07-06,108,51,57
2016-07-06,173,74,99
2016-07-06,302,114,188
2016-07-06,562,210,352
2016-07-06,778,229,549
2016-07-06,387,153,234
2016-07-06,167,70,97
2016-07-06,120,55,65
2016-07-06,100,68,32
2016-07-06,108,61,47
2016-07-06,135,65,70
2016-07-06,125,65,60
2016-07-06,331,201,130
2016-07-06,589,375,214
2016-07-06,490,324,166
2016-07-06,189,118,71
2016-07-06,51,26,25
2016-07-06,16,14,2
2016-07-06,3,3,0
2016-07-06,4,1,3
2016-07-06,2,0,2
2016-07-06,12,6,6
2016-07-05,22,7,15
2016-07-05,34,11,23
2016-07-05,64,34,30
2016-07-05,112,41,71
2016-07-05,177,65,112
2016-07-05,386,142,244
2016-07-05,475,124,351
2016-07-05,241,76,165
2016-07-05,119,44,75
2016-07-05,92,48,44
2016-07-05,73,46,27
2016-07-05,63,40,23
2016-07-05,58,23,35
2016-07-05,123,60,63
2016-07-05,216,124,92
2016-07-05,459,304,155
2016-07-05,300,200,100
2016-07-05,112,80,32
2016-07-05,37,24,13
2016-07-05,8,7,1
2016-07-05,4,2,2
2016-07-05,5,1,4
2016-07-05,9,4,5
2016-07-05,32,17,15
2016-07-04,172,48,124
2016-07-04,83,39,44
2016-07-04,109,56,53
2016-07-04,110,53,57
2016-07-04,104,59,45
2016-07-04,126,56,70
2016-07-04,142,64,78
2016-07-04,177,93,84
2016-07-04,197,91,106
2016-07-04,165,85,80
2016-07-04,183,67,116
2016-07-04,144,82,62
2016-07-04,143,80,63
2016-07-04,108,58,50
2016-07-04,87,55,32
2016-07-04,59,31,28
2016-07-04,30,12,18
2016-07-04,30,11,19
2016-07-04,9,5,4
2016-07-04,3,0,3
2016-07-04,0,0,0
2016-07-04,3,2,1
2016-07-04,6,3,3
2016-07-04,18,8,10
2016-07-03,29,11,18
2016-07-03,32,15,17
2016-07-03,48,27,21
2016-07-03,51,25,26
2016-07-03,80,45,35
2016-07-03,121,60,61
2016-07-03,158,56,102
2016-07-03,178,86,92
2016-07-03,170,74,96
2016-07-03,169,77,92
2016-07-03,173,87,86
2016-07-03,127,64,63
2016-07-03,149,60,89
2016-07-03,76,35,41
2016-07-03,69,36,33
2016-07-03,58,32,26
2016-07-03,24,11,13
2016-07-03,15,4,11
2016-07-03,10,3,7
2016-07-03,5,0,5
2016-07-03,4,1,3
2016-07-03,8,7,1
2016-07-03,5,1,4
2016-07-03,22,7,15
2016-07-02,29,9,20
2016-07-02,30,13,17
2016-07-02,35,16,19
2016-07-02,68,30,38
2016-07-02,111,60,51
2016-07-02,135,80,55
2016-07-02,165,89,76
2016-07-02,139,76,63
2016-07-02,216,117,99
2016-07-02,159,87,72
2016-07-02,162,88,74
2016-07-02,139,67,72
2016-07-02,182,101,81
2016-07-02,112,71,41
2016-07-02,114,61,53
2016-07-02,76,34,42
2016-07-02,58,32,26
2016-07-02,22,10,12
2016-07-02,11,8,3
2016-07-02,5,3,2
2016-07-02,3,0,3
2016-07-02,5,4,1
2016-07-02,15,7,8
2016-07-02,23,10,13
2016-07-01,39,24,15
2016-07-01,51,29,22
2016-07-01,79,38,41
2016-07-01,114,43,71
2016-07-01,148,63,85
2016-07-01,273,117,156
2016-07-01,492,156,336
2016-07-01,385,119,266
2016-07-01,232,86,146
2016-07-01,144,63,81
2016-07-01,112,54,58
2016-07-01,116,55,61
2016-07-01,109,54,55
2016-07-01,155,76,79
2016-07-01,263,147,116
2016-07-01,436,280,156
2016-07-01,326,222,104
2016-07-01,125,85,40
2016-07-01,42,29,13
2016-07-01,13,8,5
2016-07-01,5,2,3
2016-07-01,5,4,1
2016-07-01,12,8,4
2016-07-01,22,8,14
2016-06-30,23,8,15
2016-06-30,60,27,33
2016-06-30,91,41,50
2016-06-30,156,58,98
2016-06-30,248,102,146
2016-06-30,475,174,301
2016-06-30,671,170,501
2016-06-30,380,117,263
2016-06-30,164,62,102
2016-06-30,137,75,62
2016-06-30,97,58,39
2016-06-30,93,57,36
2016-06-30,71,43,28
2016-06-30,129,64,65
2016-06-30,301,179,122
2016-06-30,565,359,206
2016-06-30,399,264,135
2016-06-30,160,116,44
2016-06-30,59,38,21
2016-06-30,9,6,3
2016-06-30,1,0,1
2016-06-30,2,0,2
2016-06-30,5,1,4
2016-06-30,18,11,7
2016-06-29,28,15,13
2016-06-29,70,36,34
2016-06-29,104,43,61
2016-06-29,160,64,96
2016-06-29,284,136,148
2016-06-29,504,165,339
2016-06-29,724,199,525
2016-06-29,354,105,249
2016-06-29,187,84,103
2016-06-29,94,42,52
2016-06-29,86,43,43
2016-06-29,93,44,49
2016-06-29,80,42,38
2016-06-29,136,79,57
2016-06-29,298,185,113
2016-06-29,584,367,217
2016-06-29,436,300,136
2016-06-29,185,119,66
2016-06-29,46,26,20
2016-06-29,13,12,1
2016-06-29,4,1,3
2016-06-29,1,0,1
2016-06-29,3,1,2
2016-06-29,10,5,5
2016-06-28,44,15,29
2016-06-28,49,27,22
2016-06-28,80,40,40
2016-06-28,168,66,102
2016-06-28,277,112,165
2016-06-28,549,201,348
2016-06-28,735,188,547
2016-06-28,432,142,290
2016-06-28,194,78,116
2016-06-28,125,55,70
2016-06-28,102,49,53
2016-06-28,94,45,49
2016-06-28,85,44,41
2016-06-28,116,73,43
2016-06-28,309,181,128
2016-06-28,630,394,236
2016-06-28,477,319,158
2016-06-28,193,121,72
2016-06-28,54,31,23
2016-06-28,9,5,4
2016-06-28,3,2,1
2016-06-28,3,1,2
2016-06-28,5,2,3
2016-06-28,12,6,6
2016-06-27,19,11,8
2016-06-27,60,35,25
2016-06-27,105,48,57
2016-06-27,178,69,109
2016-06-27,285,109,176
2016-06-27,500,152,348
2016-06-27,743,208,535
2016-06-27,361,118,243
2016-06-27,180,65,115
2016-06-27,82,36,46
2016-06-27,116,64,52
2016-06-27,97,61,36
2016-06-27,83,42,41
2016-06-27,108,66,42
2016-06-27,311,200,111
2016-06-27,589,391,198
2016-06-27,464,295,169
2016-06-27,174,101,73
2016-06-27,55,38,17
2016-06-27,10,8,2
2016-06-27,4,4,0
2016-06-27,4,0,4
2016-06-27,8,4,4
2016-06-27,10,2,8
2016-06-26,22,8,14
2016-06-26,30,10,20
2016-06-26,36,19,17
2016-06-26,102,45,57
2016-06-26,81,36,45
2016-06-26,147,84,63
2016-06-26,165,74,91
2016-06-26,247,101,146
2016-06-26,236,103,133
2016-06-26,229,115,114
2016-06-26,252,145,107
2016-06-26,208,117,91
2016-06-26,214,118,96
2016-06-26,176,92,84
2016-06-26,141,79,62
2016-06-26,92,48,44
2016-06-26,41,19,22
2016-06-26,19,10,9
2016-06-26,10,6,4
2016-06-26,1,0,1
2016-06-26,8,4,4
2016-06-26,5,2,3
2016-06-26,11,4,7
2016-06-26,27,4,23
2016-06-25,32,12,20
2016-06-25,42,23,19
2016-06-25,45,26,19
2016-06-25,61,30,31
2016-06-25,117,61,56
2016-06-25,172,88,84
2016-06-25,172,86,86
2016-06-25,218,112,106
2016-06-25,211,113,98
2016-06-25,168,81,87
2016-06-25,188,108,80
2016-06-25,161,95,66
2016-06-25,138,89,49
2016-06-25,135,69,66
2016-06-25,101,42,59
2016-06-25,126,74,52
2016-06-25,51,35,16
2016-06-25,35,8,27
2016-06-25,8,3,5
2016-06-25,7,4,3
2016-06-25,5,2,3
2016-06-25,9,5,4
2016-06-25,9,1,8
2016-06-25,12,3,9
2016-06-24,18,7,11
2016-06-24,33,10,23
2016-06-24,39,14,25
2016-06-24,58,19,39
2016-06-24,98,33,65
2016-06-24,243,79,164
2016-06-24,415,112,303
2016-06-24,216,71,145
2016-06-24,140,54,86
2016-06-24,103,43,60
2016-06-24,90,47,43
2016-06-24,73,39,34
2016-06-24,58,27,31
2016-06-24,92,47,45
2016-06-24,181,100,81
2016-06-24,359,222,137
2016-06-24,249,167,82
2016-06-24,95,56,39
2016-06-24,29,21,8
2016-06-24,8,3,5
2016-06-24,1,0,1
2016-06-24,0,0,0
2016-06-24,8,3,5
2016-06-24,9,6,3
2016-06-23,12,6,6
2016-06-23,26,12,14
2016-06-23,45,23,22
2016-06-23,62,18,44
2016-06-23,137,50,87
2016-06-23,271,86,185
2016-06-23,399,111,288
2016-06-23,187,49,138
2016-06-23,87,31,56
2016-06-23,66,32,34
2016-06-23,94,38,56
2016-06-23,68,37,31
2016-06-23,55,30,25
2016-06-23,94,51,43
2016-06-23,205,135,70
2016-06-23,363,253,110
2016-06-23,242,162,80
2016-06-23,88,56,32
2016-06-23,40,24,16
2016-06-23,4,4,0
2016-06-23,2,0,2
2016-06-23,2,0,2
2016-06-23,6,5,1
2016-06-23,17,10,7
2016-06-22,23,10,13
2016-06-22,46,25,21
2016-06-22,72,28,44
2016-06-22,156,62,94
2016-06-22,253,86,167
2016-06-22,520,178,342
2016-06-22,789,234,555
2016-06-22,362,126,236
2016-06-22,189,80,109
2016-06-22,102,40,62
2016-06-22,114,58,56
2016-06-22,111,60,51
2016-06-22,108,64,44
2016-06-22,160,98,62
2016-06-22,347,217,130
2016-06-22,606,367,239
2016-06-22,470,294,176
2016-06-22,204,140,64
2016-06-22,45,25,20
2016-06-22,11,9,2
2016-06-22,3,2,1
2016-06-22,4,0,4
2016-06-22,8,5,3
2016-06-22,21,5,16
2016-06-21,28,10,18
2016-06-21,41,17,24
2016-06-21,130,58,72
2016-06-21,155,82,73
2016-06-21,244,107,137
2016-06-21,450,143,307
2016-06-21,784,221,563
2016-06-21,362,116,246
2016-06-21,140,66,74
2016-06-21,120,41,79
2016-06-21,90,45,45
2016-06-21,104,48,56
2016-06-21,88,47,41
2016-06-21,129,61,68
2016-06-21,275,176,99
2016-06-21,620,408,212
2016-06-21,429,291,138
2016-06-21,179,114,65
2016-06-21,43,34,9
2016-06-21,7,2,5
2016-06-21,2,1,1
2016-06-21,1,0,1
2016-06-21,2,2,0
2016-06-21,2,0,2
2016-06-20,16,2,14
2016-06-20,49,26,23
2016-06-20,109,61,48
2016-06-20,160,68,92
2016-06-20,249,100,149
2016-06-20,512,167,345
2016-06-20,719,180,539
2016-06-20,340,122,218
2016-06-20,151,56,95
2016-06-20,89,43,46
2016-06-20,87,44,43
2016-06-20,87,42,45
2016-06-20,58,34,24
2016-06-20,114,59,55
2016-06-20,334,206,128
2016-06-20,588,394,194
2016-06-20,428,288,140
2016-06-20,184,121,63
2016-06-20,54,33,21
2016-06-20,10,6,4
2016-06-20,2,0,2
2016-06-20,1,0,1
2016-06-20,2,0,2
2016-06-20,5,1,4
2016-06-19,21,8,13
2016-06-19,21,10,11
2016-06-19,43,28,15
2016-06-19,68,33,35
2016-06-19,72,42,30
2016-06-19,124,69,55
2016-06-19,200,108,92
2016-06-19,210,93,117
2016-06-19,229,105,124
2016-06-19,244,118,126
2016-06-19,196,85,111
2016-06-19,201,115,86
2016-06-19,145,65,80
2016-06-19,189,105,84
2016-06-19,123,56,67
2016-06-19,70,30,40
2016-06-19,53,32,21
2016-06-19,17,3,14
2016-06-19,6,5,1
2016-06-19,2,1,1
2016-06-19,1,1,0
2016-06-19,6,4,2
2016-06-19,17,9,8
2016-06-19,15,6,9
2016-06-18,39,21,18
2016-06-18,39,24,15
2016-06-18,51,23,28
2016-06-18,39,21,18
2016-06-18,70,32,38
2016-06-18,101,59,42
2016-06-18,80,31,49
2016-06-18,25,11,14
2016-06-18,15,6,9
2016-06-18,42,20,22
2016-06-18,115,49,66
2016-06-18,89,37,52
2016-06-18,101,45,56
2016-06-18,69,33,36
2016-06-18,83,34,49
2016-06-18,52,29,23
2016-06-18,43,20,23
2016-06-18,28,15,13
2016-06-18,11,9,2
2016-06-18,1,0,1
2016-06-18,2,0,2
2016-06-18,3,1,2
2016-06-18,7,2,5
2016-06-18,12,9,3
2016-06-17,27,10,17
2016-06-17,28,12,16
2016-06-17,57,26,31
2016-06-17,53,19,34
2016-06-17,139,39,100
2016-06-17,272,103,169
2016-06-17,494,119,375
2016-06-17,337,118,219
2016-06-17,188,72,116
2016-06-17,107,42,65
2016-06-17,108,56,52
2016-06-17,104,47,57
2016-06-17,107,56,51
2016-06-17,143,87,56
2016-06-17,271,149,122
2016-06-17,520,338,182
2016-06-17,387,268,119
2016-06-17,129,78,51
2016-06-17,39,24,15
2016-06-17,6,2,4
2016-06-17,3,2,1
2016-06-17,4,1,3
2016-06-17,8,4,4
2016-06-17,22,7,15
2016-06-16,35,13,22
2016-06-16,59,22,37
2016-06-16,116,41,75
2016-06-16,120,55,65
2016-06-16,198,72,126
2016-06-16,469,155,314
2016-06-16,702,207,495
2016-06-16,376,140,236
2016-06-16,179,82,97
2016-06-16,115,41,74
2016-06-16,98,52,46
2016-06-16,96,46,50
2016-06-16,89,42,47
2016-06-16,108,67,41
2016-06-16,304,189,115
2016-06-16,599,394,205
2016-06-16,427,279,148
2016-06-16,156,103,53
2016-06-16,41,27,14
2016-06-16,7,6,1
2016-06-16,1,1,0
2016-06-16,5,1,4
2016-06-16,6,4,2
2016-06-16,13,5,8
2016-06-15,28,12,16
2016-06-15,42,16,26
2016-06-15,80,31,49
2016-06-15,150,65,85
2016-06-15,241,91,150
2016-06-15,501,158,343
2016-06-15,761,238,523
2016-06-15,352,110,242
2016-06-15,167,84,83
2016-06-15,122,58,64
2016-06-15,93,51,42
2016-06-15,95,46,49
2016-06-15,91,48,43
2016-06-15,141,79,62
2016-06-15,281,174,107
2016-06-15,553,371,182
2016-06-15,424,277,147
2016-06-15,182,119,63
2016-06-15,52,31,21
2016-06-15,7,3,4
2016-06-15,3,1,2
2016-06-15,1,0,1
2016-06-15,7,3,4
2016-06-15,14,7,7
2016-06-14,17,4,13
2016-06-14,33,13,20
2016-06-14,56,21,35
2016-06-14,79,37,42
2016-06-14,172,60,112
2016-06-14,321,105,216
2016-06-14,541,136,405
2016-06-14,245,78,167
2016-06-14,120,48,72
2016-06-14,63,33,30
2016-06-14,67,38,29
2016-06-14,84,41,43
2016-06-14,60,37,23
2016-06-14,74,45,29
2016-06-14,235,145,90
2016-06-14,500,335,165
2016-06-14,351,214,137
2016-06-14,126,84,42
2016-06-14,39,22,17
2016-06-14,7,6,1
2016-06-14,3,1,2
2016-06-14,6,4,2
2016-06-14,8,2,6
2016-06-14,7,2,5
2016-06-13,14,3,11
2016-06-13,38,18,20
2016-06-13,61,20,41
2016-06-13,96,41,55
2016-06-13,190,75,115
2016-06-13,401,127,274
2016-06-13,614,162,452
2016-06-13,305,93,212
2016-06-13,135,62,73
2016-06-13,86,39,47
2016-06-13,54,27,27
2016-06-13,42,17,25
2016-06-13,72,40,32
2016-06-13,83,41,42
2016-06-13,220,149,71
2016-06-13,545,359,186
2016-06-13,375,244,131
2016-06-13,144,79,65
2016-06-13,58,35,23
2016-06-13,6,4,2
2016-06-13,3,2,1
2016-06-13,3,1,2
2016-06-13,3,1,2
2016-06-13,13,5,8
2016-06-12,19,8,11
2016-06-12,23,9,14
2016-06-12,39,16,23
2016-06-12,66,33,33
2016-06-12,103,48,55
2016-06-12,131,61,70
2016-06-12,211,98,113
2016-06-12,197,102,95
2016-06-12,202,106,96
2016-06-12,250,125,125
2016-06-12,182,95,87
2016-06-12,175,92,83
2016-06-12,166,95,71
2016-06-12,116,67,49
2016-06-12,98,48,50
2016-06-12,74,29,45
2016-06-12,49,19,30
2016-06-12,18,8,10
2016-06-12,11,5,6
2016-06-12,3,0,3
2016-06-12,1,0,1
2016-06-12,11,3,8
2016-06-12,9,2,7
2016-06-12,20,9,11
2016-06-11,25,16,9
2016-06-11,28,14,14
2016-06-11,80,53,27
2016-06-11,66,37,29
2016-06-11,93,40,53
2016-06-11,93,53,40
2016-06-11,94,50,44
2016-06-11,96,50,46
2016-06-11,131,74,57
2016-06-11,162,86,76
2016-06-11,123,70,53
2016-06-11,129,67,62
2016-06-11,128,82,46
2016-06-11,116,66,50
2016-06-11,96,46,50
2016-06-11,74,31,43
2016-06-11,39,22,17
2016-06-11,24,12,12
2016-06-11,16,11,5
2016-06-11,4,2,2
2016-06-11,1,1,0
2016-06-11,5,2,3
2016-06-11,12,9,3
2016-06-11,25,7,18
2016-06-10,23,7,16
2016-06-10,45,17,28
2016-06-10,43,17,26
2016-06-10,65,28,37
2016-06-10,128,44,84
2016-06-10,267,87,180
2016-06-10,520,159,361
2016-06-10,293,90,203
2016-06-10,130,52,78
2016-06-10,113,54,59
2016-06-10,112,58,54
2016-06-10,96,53,43
2016-06-10,79,38,41
2016-06-10,106,61,45
2016-06-10,250,148,102
2016-06-10,458,295,163
2016-06-10,349,221,128
2016-06-10,117,79,38
2016-06-10,47,28,19
2016-06-10,6,0,6
2016-06-10,3,0,3
2016-06-10,2,2,0
2016-06-10,9,6,3
2016-06-10,17,6,11
2016-06-09,31,13,18
2016-06-09,43,15,28
2016-06-09,53,24,29
2016-06-09,143,55,88
2016-06-09,190,72,118
2016-06-09,447,138,309
2016-06-09,625,169,456
2016-06-09,324,99,225
2016-06-09,152,74,78
2016-06-09,88,46,42
2016-06-09,101,45,56
2016-06-09,86,36,50
2016-06-09,66,34,32
2016-06-09,122,80,42
2016-06-09,277,162,115
2016-06-09,562,392,170
2016-06-09,412,280,132
2016-06-09,170,109,61
2016-06-09,45,29,16
2016-06-09,9,5,4
2016-06-09,2,1,1
2016-06-09,0,0,0
2016-06-09,9,4,5
2016-06-09,13,3,10
2016-06-08,33,17,16
2016-06-08,44,21,23
2016-06-08,71,38,33
2016-06-08,140,48,92
2016-06-08,239,95,144
2016-06-08,487,161,326
2016-06-08,788,229,559
2016-06-08,353,106,247
2016-06-08,165,65,100
2016-06-08,116,51,65
2016-06-08,80,38,42
2016-06-08,91,56,35
2016-06-08,84,48,36
2016-06-08,140,79,61
2016-06-08,353,217,136
2016-06-08,641,430,211
2016-06-08,495,343,152
2016-06-08,202,137,65
2016-06-08,63,35,28
2016-06-08,8,5,3
2016-06-08,4,2,2
2016-06-08,6,2,4
2016-06-08,10,4,6
2016-06-08,14,8,6
2016-06-07,24,11,13
2016-06-07,56,20,36
2016-06-07,98,40,58
2016-06-07,150,65,85
2016-06-07,296,116,180
2016-06-07,558,186,372
2016-06-07,825,214,611
2016-06-07,394,135,259
2016-06-07,168,69,99
2016-06-07,114,54,60
2016-06-07,125,56,69
2016-06-07,110,55,55
2016-06-07,127,83,44
2016-06-07,152,90,62
2016-06-07,329,183,146
2016-06-07,709,477,232
2016-06-07,540,372,168
2016-06-07,230,155,75
2016-06-07,49,34,15
2016-06-07,7,5,2
2016-06-07,4,2,2
2016-06-07,4,0,4
2016-06-07,5,0,5
2016-06-07,13,6,7
2016-06-06,25,13,12
2016-06-06,46,21,25
2016-06-06,85,29,56
2016-06-06,163,78,85
2016-06-06,243,92,151
2016-06-06,556,185,371
2016-06-06,784,186,598
2016-06-06,376,119,257
2016-06-06,187,78,109
2016-06-06,112,60,52
2016-06-06,122,61,61
2016-06-06,87,54,33
2016-06-06,111,51,60
2016-06-06,126,81,45
2016-06-06,328,208,120
2016-06-06,645,432,213
2016-06-06,494,344,150
2016-06-06,194,126,68
2016-06-06,52,34,18
2016-06-06,14,9,5
2016-06-06,1,0,1
2016-06-06,3,0,3
2016-06-06,3,1,2
2016-06-06,7,1,6
2016-06-05,24,7,17
2016-06-05,24,14,10
2016-06-05,45,24,21
2016-06-05,64,36,28
2016-06-05,80,37,43
2016-06-05,113,57,56
2016-06-05,116,54,62
2016-06-05,134,77,57
2016-06-05,203,112,91
2016-06-05,219,116,103
2016-06-05,203,110,93
2016-06-05,173,107,66
2016-06-05,192,100,92
2016-06-05,177,93,84
2016-06-05,121,62,59
2016-06-05,107,61,46
2016-06-05,55,33,22
2016-06-05,24,7,17
2016-06-05,12,6,6
2016-06-05,4,2,2
2016-06-05,5,2,3
2016-06-05,2,0,2
2016-06-05,13,6,7
2016-06-05,23,9,14
2016-06-04,37,22,15
2016-06-04,42,23,19
2016-06-04,95,43,52
2016-06-04,69,25,44
2016-06-04,121,64,57
2016-06-04,163,84,79
2016-06-04,157,83,74
2016-06-04,200,107,93
2016-06-04,219,111,108
2016-06-04,234,129,105
2016-06-04,227,121,106
2016-06-04,190,94,96
2016-06-04,209,104,105
2016-06-04,157,90,67
2016-06-04,197,119,78
2016-06-04,143,66,77
2016-06-04,75,36,39
2016-06-04,30,13,17
2016-06-04,12,9,3
2016-06-04,4,0,4
2016-06-04,6,3,3
2016-06-04,8,3,5
2016-06-04,18,5,13
2016-06-04,26,7,19
2016-06-03,38,12,26
2016-06-03,55,27,28
2016-06-03,95,43,52
2016-06-03,132,68,64
2016-06-03,185,72,113
2016-06-03,405,146,259
2016-06-03,650,185,465
2016-06-03,481,158,323
2016-06-03,218,95,123
2016-06-03,146,62,84
2016-06-03,112,55,57
2016-06-03,116,61,55
2016-06-03,119,68,51
2016-06-03,118,65,53
2016-06-03,297,183,114
2016-06-03,599,393,206
2016-06-03,461,324,137
2016-06-03,158,114,44
2016-06-03,46,28,18
2016-06-03,11,7,4
2016-06-03,3,1,2
2016-06-03,3,3,0
2016-06-03,3,2,1
2016-06-03,19,9,10
2016-06-02,30,17,13
2016-06-02,55,25,30
2016-06-02,84,37,47
2016-06-02,124,54,70
2016-06-02,217,74,143
2016-06-02,456,145,311
2016-06-02,682,195,487
2016-06-02,333,122,211
2016-06-02,155,67,88
2016-06-02,107,33,74
2016-06-02,79,34,45
2016-06-02,82,38,44
2016-06-02,81,48,33
2016-06-02,112,70,42
2016-06-02,281,180,101
2016-06-02,559,384,175
2016-06-02,414,261,153
2016-06-02,152,104,48
2016-06-02,48,27,21
2016-06-02,12,6,6
2016-06-02,1,0,1
2016-06-02,3,1,2
2016-06-02,4,3,1
2016-06-02,14,6,8
2016-06-01,20,7,13
2016-06-01,55,22,33
2016-06-01,62,28,34
2016-06-01,171,76,95
2016-06-01,249,98,151
2016-06-01,524,189,335
2016-06-01,751,191,560
2016-06-01,391,130,261
2016-06-01,173,67,106
2016-06-01,142,76,66
2016-06-01,111,64,47
2016-06-01,107,55,52
2016-06-01,105,60,45
2016-06-01,161,88,73
2016-06-01,308,204,104
2016-06-01,635,420,215
2016-06-01,544,375,169
2016-06-01,217,150,67
2016-06-01,56,38,18
2016-06-01,7,5,2
2016-06-01,3,3,0
2016-06-01,1,0,1
2016-06-01,3,1,2
2016-06-01,13,7,6
2016-05-31,20,9,11
2016-05-31,41,18,23
2016-05-31,79,47,32
2016-05-31,124,59,65
2016-05-31,291,124,167
2016-05-31,505,210,295
2016-05-31,841,210,631
2016-05-31,381,118,263
2016-05-31,179,89,90
2016-05-31,126,61,65
2016-05-31,109,60,49
2016-05-31,112,62,50
2016-05-31,95,44,51
2016-05-31,140,84,56
2016-05-31,345,206,139
2016-05-31,681,467,214
2016-05-31,556,390,166
2016-05-31,203,145,58
2016-05-31,51,37,14
2016-05-31,8,5,3
2016-05-31,3,1,2
2016-05-31,1,1,0
2016-05-31,1,1,0
2016-05-31,7,2,5
2016-05-30,21,13,8
2016-05-30,25,16,9
2016-05-30,67,23,44
2016-05-30,80,41,39
2016-05-30,112,51,61
2016-05-30,174,82,92
2016-05-30,257,127,130
2016-05-30,265,123,142
2016-05-30,254,125,129
2016-05-30,344,196,148
2016-05-30,284,159,125
2016-05-30,278,155,123
2016-05-30,226,127,99
2016-05-30,205,126,79
2016-05-30,167,75,92
2016-05-30,89,36,53
2016-05-30,48,23,25
2016-05-30,32,15,17
2016-05-30,11,7,4
2016-05-30,5,1,4
2016-05-30,3,2,1
2016-05-30,3,0,3
2016-05-30,5,3,2
2016-05-30,10,8,2
2016-05-29,17,6,11
2016-05-29,29,8,21
2016-05-29,26,10,16
2016-05-29,56,20,36
2016-05-29,42,22,20
2016-05-29,72,36,36
2016-05-29,83,37,46
2016-05-29,112,65,47
2016-05-29,78,41,37
2016-05-29,68,32,36
2016-05-29,52,30,22
2016-05-29,67,36,31
2016-05-29,37,18,19
2016-05-29,37,21,16
2016-05-29,26,11,15
2016-05-29,38,14,24
2016-05-29,18,8,10
2016-05-29,11,5,6
2016-05-29,3,1,2
2016-05-29,0,0,0
2016-05-29,5,1,4
2016-05-29,4,2,2
2016-05-29,7,0,7
2016-05-29,11,3,8
2016-05-28,13,1,12
2016-05-28,16,4,12
2016-05-28,37,9,28
2016-05-28,29,7,22
2016-05-28,35,11,24
2016-05-28,67,38,29
2016-05-28,93,43,50
2016-05-28,100,52,48
2016-05-28,117,54,63
2016-05-28,90,45,45
2016-05-28,94,56,38
2016-05-28,116,55,61
2016-05-28,106,67,39
2016-05-28,77,42,35
2016-05-28,59,27,32
2016-05-28,53,32,21
2016-05-28,24,12,12
2016-05-28,17,8,9
2016-05-28,7,4,3
2016-05-28,2,1,1
2016-05-28,2,0,2
2016-05-28,11,4,7
2016-05-28,6,2,4
2016-05-28,14,7,7
2016-05-27,21,11,10
2016-05-27,40,14,26
2016-05-27,47,19,28
2016-05-27,61,26,35
2016-05-27,94,36,58
2016-05-27,199,66,133
2016-05-27,404,131,273
2016-05-27,282,95,187
2016-05-27,175,70,105
2016-05-27,124,54,70
2016-05-27,120,49,71
2016-05-27,86,50,36
2016-05-27,77,37,40
2016-05-27,95,54,41
2016-05-27,222,134,88
2016-05-27,412,278,134
2016-05-27,267,184,83
2016-05-27,85,58,27
2016-05-27,30,21,9
2016-05-27,4,1,3
2016-05-27,1,0,1
2016-05-27,2,2,0
2016-05-27,7,5,2
2016-05-27,8,6,2
2016-05-26,31,10,21
2016-05-26,31,8,23
2016-05-26,76,34,42
2016-05-26,112,36,76
2016-05-26,182,71,111
2016-05-26,422,141,281
2016-05-26,636,183,453
2016-05-26,312,108,204
2016-05-26,143,61,82
2016-05-26,91,39,52
2016-05-26,94,46,48
2016-05-26,100,38,62
2016-05-26,72,43,29
2016-05-26,113,68,45
2016-05-26,278,171,107
2016-05-26,603,406,197
2016-05-26,437,301,136
2016-05-26,164,117,47
2016-05-26,43,26,17
2016-05-26,10,8,2
2016-05-26,3,0,3
2016-05-26,2,2,0
2016-05-26,7,5,2
2016-05-26,8,5,3
2016-05-25,37,20,17
2016-05-25,50,19,31
2016-05-25,76,33,43
2016-05-25,127,49,78
2016-05-25,223,78,145
2016-05-25,455,157,298
2016-05-25,695,208,487
2016-05-25,362,113,249
2016-05-25,173,77,96
2016-05-25,123,53,70
2016-05-25,154,86,68
2016-05-25,146,50,96
2016-05-25,73,43,30
2016-05-25,126,73,53
2016-05-25,307,190,117
2016-05-25,605,408,197
2016-05-25,482,325,157
2016-05-25,197,128,69
2016-05-25,54,37,17
2016-05-25,9,3,6
2016-05-25,4,3,1
2016-05-25,2,0,2
2016-05-25,7,5,2
2016-05-25,16,10,6
2016-05-24,24,11,13
2016-05-24,55,16,39
2016-05-24,70,29,41
2016-05-24,167,81,86
2016-05-24,273,104,169
2016-05-24,505,168,337
2016-05-24,734,204,530
2016-05-24,401,132,269
2016-05-24,177,79,98
2016-05-24,119,58,61
2016-05-24,90,42,48
2016-05-24,88,52,36
2016-05-24,98,55,43
2016-05-24,103,64,39
2016-05-24,292,173,119
2016-05-24,663,433,230
2016-05-24,501,351,150
2016-05-24,223,143,80
2016-05-24,49,32,17
2016-05-24,9,5,4
2016-05-24,3,2,1
2016-05-24,0,0,0
2016-05-24,1,0,1
2016-05-24,6,4,2
2016-05-23,20,6,14
2016-05-23,49,19,30
2016-05-23,77,32,45
2016-05-23,114,49,65
2016-05-23,209,71,138
2016-05-23,496,169,327
2016-05-23,734,172,562
2016-05-23,336,112,224
2016-05-23,120,56,64
2016-05-23,83,41,42
2016-05-23,80,33,47
2016-05-23,80,43,37
2016-05-23,84,43,41
2016-05-23,99,61,38
2016-05-23,321,188,133
2016-05-23,607,404,203
2016-05-23,471,327,144
2016-05-23,162,109,53
2016-05-23,43,30,13
2016-05-23,8,4,4
2016-05-23,3,3,0
2016-05-23,3,1,2
2016-05-23,3,1,2
2016-05-23,5,1,4
2016-05-22,13,4,9
2016-05-22,26,11,15
2016-05-22,29,17,12
2016-05-22,37,19,18
2016-05-22,78,36,42
2016-05-22,137,68,69
2016-05-22,158,78,80
2016-05-22,181,80,101
2016-05-22,197,99,98
2016-05-22,205,108,97
2016-05-22,208,105,103
2016-05-22,173,89,84
2016-05-22,171,94,77
2016-05-22,119,74,45
2016-05-22,77,49,28
2016-05-22,52,24,28
2016-05-22,33,14,19
2016-05-22,24,10,14
2016-05-22,6,4,2
2016-05-22,6,1,5
2016-05-22,2,0,2
2016-05-22,5,3,2
2016-05-22,12,4,8
2016-05-22,9,5,4
2016-05-21,14,5,9
2016-05-21,17,8,9
2016-05-21,23,6,17
2016-05-21,28,9,19
2016-05-21,40,15,25
2016-05-21,50,22,28
2016-05-21,67,31,36
2016-05-21,61,36,25
2016-05-21,63,32,31
2016-05-21,56,30,26
2016-05-21,46,22,24
2016-05-21,51,31,20
2016-05-21,31,14,17
2016-05-21,30,12,18
2016-05-21,31,22,9
2016-05-21,48,28,20
2016-05-21,22,16,6
2016-05-21,15,6,9
2016-05-21,4,2,2
2016-05-21,6,3,3
2016-05-21,4,2,2
2016-05-21,6,1,5
2016-05-21,12,5,7
2016-05-21,16,7,9
2016-05-20,31,8,23
2016-05-20,35,16,19
2016-05-20,56,25,31
2016-05-20,104,37,67
2016-05-20,200,81,119
2016-05-20,439,127,312
2016-05-20,672,216,456
2016-05-20,423,156,267
2016-05-20,218,78,140
2016-05-20,148,72,76
2016-05-20,111,57,54
2016-05-20,110,59,51
2016-05-20,79,43,36
2016-05-20,129,72,57
2016-05-20,333,215,118
2016-05-20,699,504,195
2016-05-20,615,487,128
2016-05-20,232,169,63
2016-05-20,51,34,17
2016-05-20,7,3,4
2016-05-20,0,0,0
2016-05-20,6,1,5
2016-05-20,4,1,3
2016-05-20,9,3,6
2016-05-19,14,6,8
2016-05-19,30,12,18
2016-05-19,38,20,18
2016-05-19,70,27,43
2016-05-19,173,57,116
2016-05-19,368,109,259
2016-05-19,543,170,373
2016-05-19,251,88,163
2016-05-19,120,43,77
2016-05-19,87,31,56
2016-05-19,93,38,55
2016-05-19,69,30,39
2016-05-19,51,33,18
2016-05-19,76,44,32
2016-05-19,226,138,88
2016-05-19,446,320,126
2016-05-19,392,283,109
2016-05-19,157,106,51
2016-05-19,33,24,9
2016-05-19,7,4,3
2016-05-19,0,0,0
2016-05-19,3,2,1
2016-05-19,2,2,0
2016-05-19,10,2,8
2016-05-18,18,6,12
2016-05-18,41,24,17
2016-05-18,78,36,42
2016-05-18,141,51,90
2016-05-18,200,75,125
2016-05-18,466,180,286
2016-05-18,763,203,560
2016-05-18,358,110,248
2016-05-18,153,73,80
2016-05-18,116,44,72
2016-05-18,96,51,45
2016-05-18,85,49,36
2016-05-18,84,46,38
2016-05-18,123,66,57
2016-05-18,336,204,132
2016-05-18,630,437,193
2016-05-18,534,383,151
2016-05-18,227,160,67
2016-05-18,66,42,24
2016-05-18,10,4,6
2016-05-18,4,1,3
2016-05-18,4,1,3
2016-05-18,7,4,3
2016-05-18,15,8,7
2016-05-17,38,16,22
2016-05-17,63,31,32
2016-05-17,100,47,53
2016-05-17,153,67,86
2016-05-17,266,111,155
2016-05-17,558,184,374
2016-05-17,889,243,646
2016-05-17,426,135,291
2016-05-17,214,85,129
2016-05-17,134,52,82
2016-05-17,106,64,42
2016-05-17,95,35,60
2016-05-17,89,52,37
2016-05-17,147,79,68
2016-05-17,324,201,123
2016-05-17,699,462,237
2016-05-17,563,415,148
2016-05-17,216,144,72
2016-05-17,56,42,14
2016-05-17,8,4,4
2016-05-17,3,2,1
2016-05-17,2,1,1
2016-05-17,6,1,5
2016-05-17,10,5,5
2016-05-16,14,7,7
2016-05-16,30,17,13
2016-05-16,74,30,44
2016-05-16,96,34,62
2016-05-16,204,59,145
2016-05-16,427,144,283
2016-05-16,678,160,518
2016-05-16,305,102,203
2016-05-16,147,63,84
2016-05-16,73,37,36
2016-05-16,56,25,31
2016-05-16,50,27,23
2016-05-16,71,33,38
2016-05-16,100,58,42
2016-05-16,261,162,99
2016-05-16,563,384,179
2016-05-16,434,304,130
2016-05-16,162,110,52
2016-05-16,43,28,15
2016-05-16,5,2,3
2016-05-16,3,2,1
2016-05-16,2,0,2
2016-05-16,2,2,0
2016-05-16,3,1,2
2016-05-15,13,6,7
2016-05-15,20,6,14
2016-05-15,17,8,9
2016-05-15,19,15,4
2016-05-15,35,17,18
2016-05-15,52,21,31
2016-05-15,76,40,36
2016-05-15,107,47,60
2016-05-15,89,38,51
2016-05-15,91,46,45
2016-05-15,100,53,47
2016-05-15,106,73,33
2016-05-15,78,46,32
2016-05-15,59,32,27
2016-05-15,71,34,37
2016-05-15,34,22,12
2016-05-15,34,15,19
2016-05-15,14,11,3
2016-05-15,4,3,1
2016-05-15,0,0,0
2016-05-15,3,2,1
2016-05-15,3,0,3
2016-05-15,5,3,2
2016-05-15,10,4,6
2016-05-14,21,13,8
2016-05-14,22,10,12
2016-05-14,27,8,19
2016-05-14,31,18,13
2016-05-14,47,31,16
2016-05-14,71,25,46
2016-05-14,58,28,30
2016-05-14,91,55,36
2016-05-14,171,75,96
2016-05-14,186,98,88
2016-05-14,86,54,32
2016-05-14,120,72,48
2016-05-14,133,67,66
2016-05-14,146,81,65
2016-05-14,132,84,48
2016-05-14,93,53,40
2016-05-14,55,25,30
2016-05-14,34,17,17
2016-05-14,18,13,5
2016-05-14,4,2,2
2016-05-14,3,0,3
2016-05-14,13,7,6
2016-05-14,21,6,15
2016-05-14,14,8,6
2016-05-13,55,23,32
2016-05-13,72,33,39
2016-05-13,70,40,30
2016-05-13,136,72,64
2016-05-13,213,86,127
2016-05-13,432,169,263
2016-05-13,779,223,556
2016-05-13,465,157,308
2016-05-13,279,108,171
2016-05-13,148,66,82
2016-05-13,141,65,76
2016-05-13,109,53,56
2016-05-13,121,69,52
2016-05-13,161,86,75
2016-05-13,362,207,155
2016-05-13,618,433,185
2016-05-13,506,354,152
2016-05-13,194,134,60
2016-05-13,46,28,18
2016-05-13,9,4,5
2016-05-13,4,2,2
2016-05-13,11,1,10
2016-05-13,12,8,4
2016-05-13,22,4,18
2016-05-12,35,16,19
2016-05-12,70,32,38
2016-05-12,105,51,54
2016-05-12,181,72,109
2016-05-12,325,148,177
2016-05-12,535,190,345
2016-05-12,799,210,589
2016-05-12,424,140,284
2016-05-12,194,86,108
2016-05-12,147,62,85
2016-05-12,123,59,64
2016-05-12,106,56,50
2016-05-12,107,60,47
2016-05-12,134,82,52
2016-05-12,327,195,132
2016-05-12,674,462,212
2016-05-12,565,402,163
2016-05-12,227,150,77
2016-05-12,50,36,14
2016-05-12,10,8,2
2016-05-12,1,0,1
2016-05-12,2,0,2
2016-05-12,4,2,2
2016-05-12,14,5,9
2016-05-11,36,17,19
2016-05-11,69,30,39
2016-05-11,103,51,52
2016-05-11,183,82,101
2016-05-11,307,108,199
2016-05-11,593,228,365
2016-05-11,873,256,617
2016-05-11,421,139,282
2016-05-11,228,100,128
2016-05-11,142,67,75
2016-05-11,134,59,75
2016-05-11,120,58,62
2016-05-11,101,52,49
2016-05-11,165,104,61
2016-05-11,341,213,128
2016-05-11,741,490,251
2016-05-11,600,435,165
2016-05-11,244,170,74
2016-05-11,45,30,15
2016-05-11,12,9,3
2016-05-11,4,3,1
2016-05-11,5,1,4
2016-05-11,6,5,1
2016-05-11,21,10,11
2016-05-10,30,18,12
2016-05-10,55,21,34
2016-05-10,86,39,47
2016-05-10,189,90,99
2016-05-10,323,143,180
2016-05-10,597,235,362
2016-05-10,957,240,717
2016-05-10,430,144,286
2016-05-10,218,96,122
2016-05-10,118,63,55
2016-05-10,132,65,67
2016-05-10,110,55,55
2016-05-10,83,49,34
2016-05-10,130,73,57
2016-05-10,338,207,131
2016-05-10,766,533,233
2016-05-10,629,465,164
2016-05-10,259,184,75
2016-05-10,59,42,17
2016-05-10,12,7,5
2016-05-10,5,2,3
2016-05-10,5,3,2
2016-05-10,7,3,4
2016-05-10,11,4,7
2016-05-09,33,10,23
2016-05-09,44,24,20
2016-05-09,67,24,43
2016-05-09,158,57,101
2016-05-09,258,106,152
2016-05-09,560,178,382
2016-05-09,864,235,629
2016-05-09,369,124,245
2016-05-09,196,97,99
2016-05-09,117,63,54
2016-05-09,103,56,47
2016-05-09,98,52,46
2016-05-09,82,47,35
2016-05-09,101,67,34
2016-05-09,330,208,122
2016-05-09,669,458,211
2016-05-09,534,392,142
2016-05-09,190,125,65
2016-05-09,53,33,20
2016-05-09,6,4,2
2016-05-09,4,2,2
2016-05-09,7,0,7
2016-05-09,3,2,1
2016-05-09,6,3,3
2016-05-08,3,3,0
2016-05-08,18,6,12
2016-05-08,26,13,13
2016-05-08,35,27,8
2016-05-08,52,22,30
2016-05-08,81,39,42
2016-05-08,129,74,55
2016-05-08,133,69,64
2016-05-08,97,59,38
2016-05-08,109,56,53
2016-05-08,101,58,43
2016-05-08,101,66,35
2016-05-08,92,48,44
2016-05-08,52,34,18
2016-05-08,51,25,26
2016-05-08,23,16,7
2016-05-08,16,8,8
2016-05-08,5,2,3
2016-05-08,9,5,4
2016-05-08,2,2,0
2016-05-08,1,1,0
2016-05-08,13,5,8
2016-05-08,12,1,11
2016-05-08,17,9,8
2016-05-07,30,9,21
2016-05-07,49,25,24
2016-05-07,92,42,50
2016-05-07,70,43,27
2016-05-07,115,51,64
2016-05-07,174,86,88
2016-05-07,172,94,78
2016-05-07,183,107,76
2016-05-07,219,125,94
2016-05-07,251,154,97
2016-05-07,241,151,90
2016-05-07,318,180,138
2016-05-07,208,120,88
2016-05-07,192,113,79
2016-05-07,166,97,69
2016-05-07,109,50,59
2016-05-07,78,44,34
2016-05-07,31,15,16
2016-05-07,13,7,6
2016-05-07,4,1,3
2016-05-07,1,0,1
2016-05-07,12,5,7
2016-05-07,16,8,8
2016-05-07,26,9,17
2016-05-06,42,11,31
2016-05-06,68,24,44
2016-05-06,72,36,36
2016-05-06,118,55,63
2016-05-06,226,106,120
2016-05-06,414,158,256
2016-05-06,680,208,472
2016-05-06,479,149,330
2016-05-06,224,103,121
2016-05-06,160,70,90
2016-05-06,124,75,49
2016-05-06,131,60,71
2016-05-06,115,75,40
2016-05-06,131,77,54
2016-05-06,315,198,117
2016-05-06,592,421,171
2016-05-06,533,390,143
2016-05-06,192,125,67
2016-05-06,53,38,15
2016-05-06,13,6,7
2016-05-06,1,0,1
2016-05-06,4,2,2
2016-05-06,9,6,3
2016-05-06,21,12,9
2016-05-05,32,10,22
2016-05-05,55,19,36
2016-05-05,111,40,71
2016-05-05,166,74,92
2016-05-05,265,102,163
2016-05-05,525,166,359
2016-05-05,779,223,556
2016-05-05,403,142,261
2016-05-05,189,89,100
2016-05-05,103,46,57
2016-05-05,109,57,52
2016-05-05,102,60,42
2016-05-05,97,58,39
2016-05-05,162,91,71
2016-05-05,347,213,134
2016-05-05,679,458,221
2016-05-05,552,388,164
2016-05-05,208,146,62
2016-05-05,46,33,13
2016-05-05,10,9,1
2016-05-05,5,4,1
2016-05-05,3,0,3
2016-05-05,0,0,0
2016-05-05,10,7,3
2016-05-04,21,5,16
2016-05-04,38,16,22
2016-05-04,57,29,28
2016-05-04,119,46,73
2016-05-04,230,91,139
2016-05-04,444,137,307
2016-05-04,718,201,517
2016-05-04,310,98,212
2016-05-04,134,55,79
2016-05-04,89,48,41
2016-05-04,83,43,40
2016-05-04,64,39,25
2016-05-04,63,37,26
2016-05-04,113,70,43
2016-05-04,295,182,113
2016-05-04,552,391,161
2016-05-04,442,323,119
2016-05-04,208,150,58
2016-05-04,65,45,20
2016-05-04,10,4,6
2016-05-04,3,2,1
2016-05-04,4,2,2
2016-05-04,7,3,4
2016-05-04,20,6,14
2016-05-03,20,13,7
2016-05-03,42,16,26
2016-05-03,73,32,41
2016-05-03,116,50,66
2016-05-03,288,95,193
2016-05-03,592,191,401
2016-05-03,921,255,666
2016-05-03,419,142,277
2016-05-03,204,90,114
2016-05-03,132,57,75
2016-05-03,105,61,44
2016-05-03,128,56,72
2016-05-03,86,50,36
2016-05-03,167,94,73
2016-05-03,325,186,139
2016-05-03,731,521,210
2016-05-03,606,453,153
2016-05-03,254,173,81
2016-05-03,63,50,13
2016-05-03,12,6,6
2016-05-03,4,2,2
2016-05-03,2,0,2
2016-05-03,6,4,2
2016-05-03,17,2,15
2016-05-02,34,18,16
2016-05-02,59,23,36
2016-05-02,77,35,42
2016-05-02,170,84,86
2016-05-02,292,120,172
2016-05-02,609,203,406
2016-05-02,952,261,691
2016-05-02,470,159,311
2016-05-02,223,103,120
2016-05-02,135,64,71
2016-05-02,132,53,79
2016-05-02,102,54,48
2016-05-02,112,50,62
2016-05-02,146,79,67
2016-05-02,377,232,145
2016-05-02,819,560,259
2016-05-02,622,461,161
2016-05-02,227,165,62
2016-05-02,59,38,21
2016-05-02,11,7,4
2016-05-02,3,2,1
2016-05-02,6,2,4
2016-05-02,6,0,6
2016-05-02,13,5,8
2016-05-01,15,5,10
2016-05-01,38,20,18
2016-05-01,39,21,18
2016-05-01,67,40,27
2016-05-01,96,53,43
2016-05-01,133,65,68
2016-05-01,185,96,89
2016-05-01,243,135,108
2016-05-01,229,128,101
2016-05-01,249,111,138
2016-05-01,258,125,133
2016-05-01,226,132,94
2016-05-01,194,95,99
2016-05-01,207,125,82
2016-05-01,112,62,50
2016-05-01,85,47,38
2016-05-01,40,24,16
2016-05-01,16,9,7
2016-05-01,8,6,2
2016-05-01,2,1,1
2016-05-01,6,0,6
2016-05-01,5,3,2
2016-05-01,16,12,4
2016-05-01,19,8,11
2016-04-30,27,10,17
2016-04-30,24,12,12
2016-04-30,43,27,16
2016-04-30,54,27,27
2016-04-30,102,51,51
2016-04-30,144,77,67
2016-04-30,204,98,106
2016-04-30,208,112,96
2016-04-30,218,105,113
2016-04-30,200,102,98
2016-04-30,168,88,80
2016-04-30,194,117,77
2016-04-30,191,108,83
2016-04-30,139,86,53
2016-04-30,118,61,57
2016-04-30,93,42,51
2016-04-30,56,24,32
2016-04-30,16,7,9
2016-04-30,12,8,4
2016-04-30,2,0,2
2016-04-30,3,1,2
2016-04-30,8,4,4
2016-04-30,8,4,4
2016-04-30,13,6,7
2016-04-29,25,8,17
2016-04-29,43,12,31
2016-04-29,51,26,25
2016-04-29,77,38,39
2016-04-29,145,59,86
2016-04-29,276,91,185
2016-04-29,493,144,349
2016-04-29,268,89,179
2016-04-29,161,76,85
2016-04-29,74,38,36
2016-04-29,60,22,38
2016-04-29,50,28,22
2016-04-29,59,33,26
2016-04-29,82,40,42
2016-04-29,209,128,81
2016-04-29,370,246,124
2016-04-29,307,225,82
2016-04-29,124,89,35
2016-04-29,33,21,12
2016-04-29,8,4,4
2016-04-29,3,0,3
2016-04-29,2,1,1
2016-04-29,5,4,1
2016-04-29,16,5,11
2016-04-28,29,15,14
2016-04-28,33,15,18
2016-04-28,61,28,33
2016-04-28,95,35,60
2016-04-28,204,65,139
2016-04-28,426,143,283
2016-04-28,637,173,464
2016-04-28,338,118,220
2016-04-28,145,62,83
2016-04-28,109,43,66
2016-04-28,84,45,39
2016-04-28,81,33,48
2016-04-28,82,34,48
2016-04-28,129,80,49
2016-04-28,261,154,107
2016-04-28,526,365,161
2016-04-28,404,291,113
2016-04-28,159,106,53
2016-04-28,33,21,12
2016-04-28,8,4,4
2016-04-28,2,2,0
2016-04-28,4,1,3
2016-04-28,4,3,1
2016-04-28,16,13,3
2016-04-27,19,13,6
2016-04-27,39,19,20
2016-04-27,71,28,43
2016-04-27,109,46,63
2016-04-27,193,74,119
2016-04-27,466,175,291
2016-04-27,599,193,406
2016-04-27,310,114,196
2016-04-27,127,61,66
2016-04-27,99,43,56
2016-04-27,81,40,41
2016-04-27,70,31,39
2016-04-27,82,43,39
2016-04-27,110,77,33
2016-04-27,256,158,98
2016-04-27,537,351,186
2016-04-27,392,278,114
2016-04-27,168,112,56
2016-04-27,37,25,12
2016-04-27,10,8,2
2016-04-27,1,1,0
2016-04-27,4,3,1
2016-04-27,3,2,1
2016-04-27,10,4,6
2016-04-26,18,8,10
2016-04-26,49,23,26
2016-04-26,56,24,32
2016-04-26,119,49,70
2016-04-26,227,86,141
2016-04-26,476,148,328
2016-04-26,703,195,508
2016-04-26,324,112,212
2016-04-26,158,75,83
2016-04-26,109,53,56
2016-04-26,72,37,35
2016-04-26,92,49,43
2016-04-26,83,41,42
2016-04-26,115,61,54
2016-04-26,268,162,106
2016-04-26,571,396,175
2016-04-26,444,317,127
2016-04-26,167,114,53
2016-04-26,36,26,10
2016-04-26,8,5,3
2016-04-26,3,2,1
2016-04-26,4,3,1
2016-04-26,5,1,4
2016-04-26,11,6,5
2016-04-25,26,15,11
2016-04-25,33,19,14
2016-04-25,31,14,17
2016-04-25,74,35,39
2016-04-25,161,70,91
2016-04-25,355,138,217
2016-04-25,516,166,350
2016-04-25,229,90,139
2016-04-25,135,68,67
2016-04-25,63,28,35
2016-04-25,69,40,29
2016-04-25,61,39,22
2016-04-25,40,20,20
2016-04-25,81,45,36
2016-04-25,234,157,77
2016-04-25,395,275,120
2016-04-25,267,184,83
2016-04-25,109,74,35
2016-04-25,36,25,11
2016-04-25,7,5,2
2016-04-25,0,0,0
2016-04-25,1,0,1
2016-04-25,1,0,1
2016-04-25,5,2,3
2016-04-24,5,3,2
2016-04-24,13,7,6
2016-04-24,8,2,6
2016-04-24,16,9,7
2016-04-24,16,6,10
2016-04-24,31,18,13
2016-04-24,46,26,20
2016-04-24,38,25,13
2016-04-24,38,17,21
2016-04-24,39,25,14
2016-04-24,21,12,9
2016-04-24,22,10,12
2016-04-24,26,15,11
2016-04-24,18,10,8
2016-04-24,28,13,15
2016-04-24,39,20,19
2016-04-24,22,15,7
2016-04-24,11,4,7
2016-04-24,2,1,1
2016-04-24,5,0,5
2016-04-24,0,0,0
2016-04-24,5,3,2
2016-04-24,6,2,4
2016-04-24,8,6,2
2016-04-23,25,10,15
2016-04-23,23,15,8
2016-04-23,19,8,11
2016-04-23,39,18,21
2016-04-23,54,33,21
2016-04-23,71,26,45
2016-04-23,108,60,48
2016-04-23,135,71,64
2016-04-23,143,67,76
2016-04-23,154,92,62
2016-04-23,169,88,81
2016-04-23,146,81,65
2016-04-23,119,75,44
2016-04-23,135,85,50
2016-04-23,166,122,44
2016-04-23,81,39,42
2016-04-23,37,21,16
2016-04-23,8,2,6
2016-04-23,8,6,2
2016-04-23,2,0,2
2016-04-23,5,1,4
2016-04-23,6,3,3
2016-04-23,1,0,1
2016-04-23,17,12,5
2016-04-22,16,6,10
2016-04-22,21,8,13
2016-04-22,47,23,24
2016-04-22,48,17,31
2016-04-22,125,43,82
2016-04-22,236,84,152
2016-04-22,411,125,286
2016-04-22,222,72,150
2016-04-22,120,49,71
2016-04-22,77,36,41
2016-04-22,65,35,30
2016-04-22,64,28,36
2016-04-22,66,35,31
2016-04-22,114,57,57
2016-04-22,207,135,72
2016-04-22,408,290,118
2016-04-22,292,211,81
2016-04-22,110,74,36
2016-04-22,31,18,13
2016-04-22,7,3,4
2016-04-22,2,0,2
2016-04-22,2,0,2
2016-04-22,9,7,2
2016-04-22,18,11,7
2016-04-21,26,16,10
2016-04-21,57,27,30
2016-04-21,79,38,41
2016-04-21,124,49,75
2016-04-21,216,92,124
2016-04-21,498,179,319
2016-04-21,687,226,461
2016-04-21,356,133,223
2016-04-21,180,73,107
2016-04-21,114,58,56
2016-04-21,94,50,44
2016-04-21,88,49,39
2016-04-21,92,53,39
2016-04-21,113,68,45
2016-04-21,284,172,112
2016-04-21,552,387,165
2016-04-21,493,352,141
2016-04-21,146,96,50
2016-04-21,47,28,19
2016-04-21,7,5,2
2016-04-21,0,0,0
2016-04-21,4,1,3
2016-04-21,5,1,4
2016-04-21,14,6,8
2016-04-20,22,9,13
2016-04-20,57,23,34
2016-04-20,85,44,41
2016-04-20,152,75,77
2016-04-20,271,115,156
2016-04-20,512,189,323
2016-04-20,783,259,524
2016-04-20,378,128,250
2016-04-20,181,82,99
2016-04-20,136,72,64
2016-04-20,103,49,54
2016-04-20,112,54,58
2016-04-20,99,51,48
2016-04-20,121,61,60
2016-04-20,327,184,143
2016-04-20,601,396,205
2016-04-20,486,343,143
2016-04-20,272,202,70
2016-04-20,53,38,15
2016-04-20,9,5,4
2016-04-20,4,3,1
2016-04-20,5,2,3
2016-04-20,8,5,3
2016-04-20,9,2,7
2016-04-19,27,13,14
2016-04-19,45,14,31
2016-04-19,90,46,44
2016-04-19,183,85,98
2016-04-19,251,114,137
2016-04-19,523,180,343
2016-04-19,816,248,568
2016-04-19,382,126,256
2016-04-19,206,100,106
2016-04-19,132,59,73
2016-04-19,112,52,60
2016-04-19,114,53,61
2016-04-19,98,58,40
2016-04-19,128,83,45
2016-04-19,317,188,129
2016-04-19,656,455,201
2016-04-19,539,396,143
2016-04-19,179,124,55
2016-04-19,49,32,17
2016-04-19,8,4,4
2016-04-19,3,0,3
2016-04-19,4,1,3
2016-04-19,5,2,3
2016-04-19,10,2,8
2016-04-18,15,7,8
2016-04-18,48,29,19
2016-04-18,64,23,41
2016-04-18,135,71,64
2016-04-18,265,89,176
2016-04-18,594,209,385
2016-04-18,813,220,593
2016-04-18,371,131,240
2016-04-18,182,95,87
2016-04-18,118,63,55
2016-04-18,110,40,70
2016-04-18,103,50,53
2016-04-18,95,48,47
2016-04-18,135,75,60
2016-04-18,271,170,101
2016-04-18,632,447,185
2016-04-18,496,363,133
2016-04-18,169,113,56
2016-04-18,38,22,16
2016-04-18,5,4,1
2016-04-18,1,1,0
2016-04-18,4,0,4
2016-04-18,5,1,4
2016-04-18,9,0,9
2016-04-17,17,9,8
2016-04-17,17,8,9
2016-04-17,32,19,13
2016-04-17,72,40,32
2016-04-17,83,56,27
2016-04-17,141,78,63
2016-04-17,172,76,96
2016-04-17,203,112,91
2016-04-17,200,116,84
2016-04-17,231,124,107
2016-04-17,269,155,114
2016-04-17,174,83,91
2016-04-17,217,115,102
2016-04-17,120,54,66
2016-04-17,102,49,53
2016-04-17,76,50,26
2016-04-17,37,21,16
2016-04-17,11,7,4
2016-04-17,7,3,4
2016-04-17,2,0,2
2016-04-17,5,3,2
2016-04-17,10,6,4
2016-04-17,8,4,4
2016-04-17,17,5,12
2016-04-16,12,4,8
2016-04-16,38,14,24
2016-04-16,56,21,35
2016-04-16,67,34,33
2016-04-16,86,36,50
2016-04-16,161,84,77
2016-04-16,172,92,80
2016-04-16,175,85,90
2016-04-16,207,119,88
2016-04-16,209,121,88
2016-04-16,195,114,81
2016-04-16,213,126,87
2016-04-16,207,112,95
2016-04-16,154,88,66
2016-04-16,109,49,60
2016-04-16,111,59,52
2016-04-16,49,22,27
2016-04-16,16,12,4
2016-04-16,17,10,7
2016-04-16,4,0,4
2016-04-16,2,0,2
2016-04-16,2,2,0
2016-04-16,6,3,3
2016-04-16,13,10,3
2016-04-15,26,9,17
2016-04-15,30,16,14
2016-04-15,46,25,21
2016-04-15,60,26,34
2016-04-15,147,58,89
2016-04-15,243,76,167
2016-04-15,438,125,313
2016-04-15,255,95,160
2016-04-15,151,68,83
2016-04-15,98,41,57
2016-04-15,79,39,40
2016-04-15,78,43,35
2016-04-15,96,44,52
2016-04-15,101,60,41
2016-04-15,217,138,79
2016-04-15,361,242,119
2016-04-15,281,191,90
2016-04-15,102,71,31
2016-04-15,34,24,10
2016-04-15,6,3,3
2016-04-15,0,0,0
2016-04-15,3,1,2
2016-04-15,7,2,5
2016-04-15,9,5,4
2016-04-14,24,17,7
2016-04-14,28,10,18
2016-04-14,52,23,29
2016-04-14,98,38,60
2016-04-14,169,61,108
2016-04-14,375,154,221
2016-04-14,531,166,365
2016-04-14,275,92,183
2016-04-14,150,73,77
2016-04-14,87,46,41
2016-04-14,81,42,39
2016-04-14,76,39,37
2016-04-14,77,35,42
2016-04-14,100,59,41
2016-04-14,227,136,91
2016-04-14,425,305,120
2016-04-14,305,221,84
2016-04-14,109,76,33
2016-04-14,33,22,11
2016-04-14,3,2,1
2016-04-14,0,0,0
2016-04-14,3,1,2
2016-04-14,3,1,2
2016-04-14,10,3,7
2016-04-13,16,7,9
2016-04-13,26,8,18
2016-04-13,60,23,37
2016-04-13,106,45,61
2016-04-13,176,62,114
2016-04-13,359,130,229
2016-04-13,505,136,369
2016-04-13,229,78,151
2016-04-13,99,39,60
2016-04-13,63,33,30
2016-04-13,77,40,37
2016-04-13,66,37,29
2016-04-13,74,37,37
2016-04-13,78,43,35
2016-04-13,212,121,91
2016-04-13,369,263,106
2016-04-13,271,189,82
2016-04-13,112,68,44
2016-04-13,26,18,8
2016-04-13,3,2,1
2016-04-13,1,1,0
2016-04-13,1,1,0
2016-04-13,4,3,1
2016-04-13,5,3,2
2016-04-12,6,2,4
2016-04-12,17,7,10
2016-04-12,32,15,17
2016-04-12,65,21,44
2016-04-12,112,30,82
2016-04-12,275,75,200
2016-04-12,325,88,237
2016-04-12,143,50,93
2016-04-12,88,43,45
2016-04-12,57,17,40
2016-04-12,64,36,28
2016-04-12,75,46,29
2016-04-12,68,35,33
2016-04-12,98,57,41
2016-04-12,219,125,94
2016-04-12,402,282,120
2016-04-12,288,192,96
2016-04-12,112,72,40
2016-04-12,34,26,8
2016-04-12,7,3,4
2016-04-12,2,1,1
2016-04-12,3,3,0
2016-04-12,3,2,1
2016-04-12,8,3,5
2016-04-11,21,10,11
2016-04-11,30,13,17
2016-04-11,38,13,25
2016-04-11,81,22,59
2016-04-11,162,73,89
2016-04-11,363,109,254
2016-04-11,543,158,385
2016-04-11,260,100,160
2016-04-11,127,59,68
2016-04-11,83,49,34
2016-04-11,64,26,38
2016-04-11,60,40,20
2016-04-11,58,28,30
2016-04-11,91,47,44
2016-04-11,264,158,106
2016-04-11,480,307,173
2016-04-11,335,233,102
2016-04-11,116,79,37
2016-04-11,35,25,10
2016-04-11,3,2,1
2016-04-11,1,1,0
2016-04-11,3,1,2
2016-04-11,3,1,2
2016-04-11,4,0,4
2016-04-10,5,2,3
2016-04-10,22,11,11
2016-04-10,19,11,8
2016-04-10,27,18,9
2016-04-10,64,31,33
2016-04-10,103,49,54
2016-04-10,147,80,67
2016-04-10,145,72,73
2016-04-10,136,79,57
2016-04-10,147,83,64
2016-04-10,150,77,73
2016-04-10,146,90,56
2016-04-10,156,74,82
2016-04-10,103,54,49
2016-04-10,82,39,43
2016-04-10,55,27,28
2016-04-10,28,16,12
2016-04-10,8,3,5
2016-04-10,7,5,2
2016-04-10,3,1,2
2016-04-10,2,0,2
2016-04-10,10,1,9
2016-04-10,13,5,8
2016-04-10,25,10,15
2016-04-09,28,12,16
2016-04-09,30,13,17
2016-04-09,60,34,26
2016-04-09,51,24,27
2016-04-09,106,60,46
2016-04-09,150,82,68
2016-04-09,177,83,94
2016-04-09,239,147,92
2016-04-09,215,128,87
2016-04-09,215,118,97
2016-04-09,210,109,101
2016-04-09,218,131,87
2016-04-09,146,78,68
2016-04-09,139,66,73
2016-04-09,129,73,56
2016-04-09,97,50,47
2016-04-09,59,27,32
2016-04-09,17,9,8
2016-04-09,8,5,3
2016-04-09,4,0,4
2016-04-09,1,1,0
2016-04-09,7,5,2
2016-04-09,18,7,11
2016-04-09,23,8,15
2016-04-08,29,17,12
2016-04-08,36,13,23
2016-04-08,55,26,29
2016-04-08,117,59,58
2016-04-08,172,71,101
2016-04-08,344,121,223
2016-04-08,622,187,435
2016-04-08,375,133,242
2016-04-08,184,74,110
2016-04-08,125,66,59
2016-04-08,113,53,60
2016-04-08,107,55,52
2016-04-08,96,52,44
2016-04-08,136,71,65
2016-04-08,298,175,123
2016-04-08,483,335,148
2016-04-08,377,265,112
2016-04-08,129,91,38
2016-04-08,44,34,10
2016-04-08,10,5,5
2016-04-08,1,1,0
2016-04-08,5,5,0
2016-04-08,7,1,6
2016-04-08,18,11,7
2016-04-07,35,16,19
2016-04-07,41,21,20
2016-04-07,80,38,42
2016-04-07,127,56,71
2016-04-07,256,93,163
2016-04-07,504,184,320
2016-04-07,724,224,500
2016-04-07,444,157,287
2016-04-07,208,93,115
2016-04-07,139,70,69
2016-04-07,119,65,54
2016-04-07,124,68,56
2016-04-07,121,65,56
2016-04-07,128,70,58
2016-04-07,262,153,109
2016-04-07,581,413,168
2016-04-07,446,332,114
2016-04-07,171,123,48
2016-04-07,48,32,16
2016-04-07,8,4,4
2016-04-07,2,1,1
2016-04-07,2,1,1
2016-04-07,6,3,3
2016-04-07,7,3,4
2016-04-06,25,13,12
2016-04-06,32,18,14
2016-04-06,66,38,28
2016-04-06,111,51,60
2016-04-06,225,80,145
2016-04-06,503,180,323
2016-04-06,730,228,502
2016-04-06,367,143,224
2016-04-06,182,83,99
2016-04-06,110,59,51
2016-04-06,77,36,41
2016-04-06,105,57,48
2016-04-06,87,49,38
2016-04-06,143,77,66
2016-04-06,255,141,114
2016-04-06,541,380,161
2016-04-06,457,330,127
2016-04-06,136,100,36
2016-04-06,42,29,13
2016-04-06,9,5,4
2016-04-06,2,1,1
2016-04-06,3,0,3
2016-04-06,6,2,4
2016-04-06,6,0,6
2016-04-05,12,6,6
2016-04-05,23,7,16
2016-04-05,42,24,18
2016-04-05,94,31,63
2016-04-05,192,69,123
2016-04-05,386,126,260
2016-04-05,600,167,433
2016-04-05,291,104,187
2016-04-05,122,56,66
2016-04-05,83,38,45
2016-04-05,61,28,33
2016-04-05,67,34,33
2016-04-05,77,42,35
2016-04-05,96,56,40
2016-04-05,257,150,107
2016-04-05,527,368,159
2016-04-05,413,295,118
2016-04-05,137,95,42
2016-04-05,42,30,12
2016-04-05,8,5,3
2016-04-05,1,0,1
2016-04-05,3,2,1
2016-04-05,4,1,3
2016-04-05,6,3,3
2016-04-04,11,3,8
2016-04-04,31,18,13
2016-04-04,46,20,26
2016-04-04,70,33,37
2016-04-04,152,51,101
2016-04-04,304,109,195
2016-04-04,497,131,366
2016-04-04,199,66,133
2016-04-04,81,35,46
2016-04-04,55,26,29
2016-04-04,52,31,21
2016-04-04,57,34,23
2016-04-04,49,24,25
2016-04-04,98,47,51
2016-04-04,216,132,84
2016-04-04,439,312,127
2016-04-04,300,221,79
2016-04-04,110,68,42
2016-04-04,30,22,8
2016-04-04,4,3,1
2016-04-04,0,0,0
2016-04-04,1,0,1
2016-04-04,1,0,1
2016-04-04,1,1,0
2016-04-03,4,4,0
2016-04-03,14,4,10
2016-04-03,17,9,8
2016-04-03,52,26,26
2016-04-03,63,32,31
2016-04-03,90,51,39
2016-04-03,153,81,72
2016-04-03,173,96,77
2016-04-03,201,102,99
2016-04-03,178,96,82
2016-04-03,231,125,106
2016-04-03,171,113,58
2016-04-03,183,112,71
2016-04-03,185,121,64
2016-04-03,111,69,42
2016-04-03,62,40,22
2016-04-03,101,32,69
2016-04-03,93,26,67
2016-04-03,11,3,8
2016-04-03,2,1,1
2016-04-03,4,2,2
2016-04-03,7,3,4
2016-04-03,5,3,2
2016-04-03,16,7,9
2016-04-02,27,7,20
2016-04-02,27,12,15
2016-04-02,39,22,17
2016-04-02,62,29,33
2016-04-02,79,30,49
2016-04-02,135,87,48
2016-04-02,169,76,93
2016-04-02,168,91,77
2016-04-02,239,118,121
2016-04-02,174,97,77
2016-04-02,159,91,68
2016-04-02,172,99,73
2016-04-02,133,58,75
2016-04-02,115,56,59
2016-04-02,95,50,45
2016-04-02,61,36,25
2016-04-02,34,16,18
2016-04-02,30,13,17
2016-04-02,8,5,3
2016-04-02,2,1,1
2016-04-02,1,0,1
2016-04-02,5,2,3
2016-04-02,11,7,4
2016-04-02,23,11,12
2016-04-01,40,17,23
2016-04-01,37,22,15
2016-04-01,51,22,29
2016-04-01,80,28,52
2016-04-01,181,74,107
2016-04-01,316,113,203
2016-04-01,602,178,424
2016-04-01,431,158,273
2016-04-01,210,96,114
2016-04-01,173,83,90
2016-04-01,117,49,68
2016-04-01,130,72,58
2016-04-01,98,54,44
2016-04-01,140,77,63
2016-04-01,243,150,93
2016-04-01,499,346,153
2016-04-01,362,256,106
2016-04-01,137,94,43
2016-04-01,35,22,13
2016-04-01,2,0,2
2016-04-01,5,2,3
2016-04-01,6,4,2
2016-04-01,8,5,3
2016-04-01,13,6,7
2016-03-31,26,10,16
2016-03-31,41,21,20
2016-03-31,65,31,34
2016-03-31,105,49,56
2016-03-31,225,102,123
2016-03-31,486,180,306
2016-03-31,658,198,460
2016-03-31,369,120,249
2016-03-31,170,84,86
2016-03-31,125,63,62
2016-03-31,105,53,52
2016-03-31,114,64,50
2016-03-31,97,61,36
2016-03-31,144,76,68
2016-03-31,298,174,124
2016-03-31,527,359,168
2016-03-31,438,323,115
2016-03-31,139,95,44
2016-03-31,40,30,10
2016-03-31,6,3,3
2016-03-31,2,1,1
2016-03-31,1,0,1
2016-03-31,3,2,1
2016-03-31,14,5,9
2016-03-30,27,12,15
2016-03-30,46,19,27
2016-03-30,86,42,44
2016-03-30,120,59,61
2016-03-30,249,94,155
2016-03-30,530,193,337
2016-03-30,726,262,464
2016-03-30,353,124,229
2016-03-30,170,79,91
2016-03-30,114,55,59
2016-03-30,95,49,46
2016-03-30,97,51,46
2016-03-30,121,64,57
2016-03-30,103,60,43
2016-03-30,297,172,125
2016-03-30,518,365,153
2016-03-30,432,315,117
2016-03-30,151,102,49
2016-03-30,38,24,14
2016-03-30,8,6,2
2016-03-30,3,2,1
2016-03-30,6,3,3
2016-03-30,4,1,3
2016-03-30,7,5,2
2016-03-29,12,4,8
2016-03-29,31,11,20
2016-03-29,61,25,36
2016-03-29,108,36,72
2016-03-29,224,101,123
2016-03-29,447,147,300
2016-03-29,649,194,455
2016-03-29,323,119,204
2016-03-29,175,86,89
2016-03-29,89,45,44
2016-03-29,94,58,36
2016-03-29,100,53,47
2016-03-29,81,47,34
2016-03-29,109,52,57
2016-03-29,273,156,117
2016-03-29,544,372,172
2016-03-29,395,286,109
2016-03-29,152,100,52
2016-03-29,36,23,13
2016-03-29,8,3,5
2016-03-29,2,0,2
2016-03-29,2,2,0
2016-03-29,5,2,3
2016-03-29,6,2,4
2016-03-28,11,4,7
2016-03-28,24,13,11
2016-03-28,51,20,31
2016-03-28,79,31,48
2016-03-28,198,77,121
2016-03-28,390,135,255
2016-03-28,541,145,396
2016-03-28,242,85,157
2016-03-28,101,43,58
2016-03-28,56,28,28
2016-03-28,55,22,33
2016-03-28,42,26,16
2016-03-28,42,24,18
2016-03-28,66,31,35
2016-03-28,216,135,81
2016-03-28,488,339,149
2016-03-28,330,242,88
2016-03-28,131,87,44
2016-03-28,35,24,11
2016-03-28,7,5,2
2016-03-28,1,1,0
2016-03-28,2,0,2
2016-03-28,1,1,0
2016-03-28,2,0,2
2016-03-27,2,1,1
2016-03-27,9,4,5
2016-03-27,12,7,5
2016-03-27,10,5,5
2016-03-27,15,5,10
2016-03-27,19,8,11
2016-03-27,24,9,15
2016-03-27,40,17,23
2016-03-27,39,24,15
2016-03-27,48,25,23
2016-03-27,35,19,16
2016-03-27,25,18,7
2016-03-27,30,20,10
2016-03-27,33,15,18
2016-03-27,34,23,11
2016-03-27,30,17,13
2016-03-27,8,5,3
2016-03-27,6,2,4
2016-03-27,1,1,0
2016-03-27,2,1,1
2016-03-27,3,1,2
2016-03-27,5,2,3
2016-03-27,8,3,5
2016-03-27,8,4,4
2016-03-26,19,6,13
2016-03-26,17,8,9
2016-03-26,18,9,9
2016-03-26,29,14,15
2016-03-26,73,45,28
2016-03-26,113,48,65
2016-03-26,120,61,59
2016-03-26,151,78,73
2016-03-26,186,95,91
2016-03-26,223,110,113
2016-03-26,221,119,102
2016-03-26,187,86,101
2016-03-26,140,96,44
2016-03-26,84,43,41
2016-03-26,87,43,44
2016-03-26,45,22,23
2016-03-26,36,20,16
2016-03-26,18,9,9
2016-03-26,8,4,4
2016-03-26,3,0,3
2016-03-26,2,0,2
2016-03-26,12,5,7
2016-03-26,4,1,3
2016-03-26,9,5,4
2016-03-25,16,6,10
2016-03-25,28,14,14
2016-03-25,54,12,42
2016-03-25,47,16,31
2016-03-25,128,46,82
2016-03-25,257,96,161
2016-03-25,424,112,312
2016-03-25,234,87,147
2016-03-25,144,60,84
2016-03-25,108,50,58
2016-03-25,75,38,37
2016-03-25,79,35,44
2016-03-25,52,30,22
2016-03-25,96,50,46
2016-03-25,191,127,64
2016-03-25,361,226,135
2016-03-25,248,183,65
2016-03-25,95,65,30
2016-03-25,29,17,12
2016-03-25,7,5,2
2016-03-25,1,1,0
2016-03-25,2,0,2
2016-03-25,4,2,2
2016-03-25,11,2,9
2016-03-24,11,8,3
2016-03-24,27,15,12
2016-03-24,30,8,22
2016-03-24,79,25,54
2016-03-24,122,46,76
2016-03-24,290,103,187
2016-03-24,443,140,303
2016-03-24,219,78,141
2016-03-24,109,53,56
2016-03-24,65,29,36
2016-03-24,59,31,28
2016-03-24,74,39,35
2016-03-24,64,41,23
2016-03-24,104,61,43
2016-03-24,185,117,68
2016-03-24,385,259,126
2016-03-24,250,180,70
2016-03-24,113,83,30
2016-03-24,25,17,8
2016-03-24,3,2,1
2016-03-24,1,1,0
2016-03-24,2,1,1
2016-03-24,2,1,1
2016-03-24,7,2,5
2016-03-23,9,5,4
2016-03-23,13,7,6
2016-03-23,22,10,12
2016-03-23,53,18,35
2016-03-23,108,29,79
2016-03-23,287,63,224
2016-03-23,401,110,291
2016-03-23,168,59,109
2016-03-23,84,28,56
2016-03-23,36,20,16
2016-03-23,42,16,26
2016-03-23,33,20,13
2016-03-23,47,20,27
2016-03-23,72,42,30
2016-03-23,209,122,87
2016-03-23,350,238,112
2016-03-23,250,177,73
2016-03-23,104,68,36
2016-03-23,28,19,9
2016-03-23,4,3,1
2016-03-23,4,1,3
2016-03-23,3,1,2
2016-03-23,3,1,2
2016-03-23,6,3,3
2016-03-22,9,2,7
2016-03-22,20,9,11
2016-03-22,36,17,19
2016-03-22,74,30,44
2016-03-22,114,33,81
2016-03-22,300,98,202
2016-03-22,419,119,300
2016-03-22,221,79,142
2016-03-22,102,43,59
2016-03-22,74,31,43
2016-03-22,67,31,36
2016-03-22,63,30,33
2016-03-22,43,27,16
2016-03-22,67,34,33
2016-03-22,183,115,68
2016-03-22,366,259,107
2016-03-22,298,208,90
2016-03-22,112,70,42
2016-03-22,31,19,12
2016-03-22,5,3,2
2016-03-22,3,3,0
2016-03-22,1,1,0
2016-03-22,1,0,1
2016-03-22,2,1,1
2016-03-21,6,1,5
2016-03-21,18,5,13
2016-03-21,22,6,16
2016-03-21,42,20,22
2016-03-21,87,25,62
2016-03-21,268,68,200
2016-03-21,391,102,289
2016-03-21,138,42,96
2016-03-21,67,27,40
2016-03-21,36,13,23
2016-03-21,39,20,19
2016-03-21,29,19,10
2016-03-21,26,13,13
2016-03-21,43,25,18
2016-03-21,151,92,59
2016-03-21,315,218,97
2016-03-21,233,166,67
2016-03-21,105,66,39
2016-03-21,21,13,8
2016-03-21,3,1,2
2016-03-21,0,0,0
2016-03-21,1,1,0
2016-03-21,5,3,2
2016-03-21,2,1,1
2016-03-20,4,3,1
2016-03-20,7,4,3
2016-03-20,11,8,3
2016-03-20,19,6,13
2016-03-20,20,4,16
2016-03-20,19,6,13
2016-03-20,35,14,21
2016-03-20,32,10,22
2016-03-20,46,18,28
2016-03-20,42,23,19
2016-03-20,37,19,18
2016-03-20,32,25,7
2016-03-20,59,38,21
2016-03-20,55,29,26
2016-03-20,53,28,25
2016-03-20,32,19,13
2016-03-20,13,6,7
2016-03-20,4,3,1
2016-03-20,5,4,1
2016-03-20,2,2,0
2016-03-20,0,0,0
2016-03-20,3,2,1
2016-03-20,6,3,3
2016-03-20,5,3,2
2016-03-19,14,2,12
2016-03-19,24,19,5
2016-03-19,38,24,14
2016-03-19,33,19,14
2016-03-19,51,18,33
2016-03-19,73,37,36
2016-03-19,123,65,58
2016-03-19,123,79,44
2016-03-19,132,66,66
2016-03-19,121,76,45
2016-03-19,153,71,82
2016-03-19,100,60,40
2016-03-19,120,70,50
2016-03-19,140,88,52
2016-03-19,101,53,48
2016-03-19,57,25,32
2016-03-19,36,20,16
2016-03-19,15,8,7
2016-03-19,8,2,6
2016-03-19,3,0,3
2016-03-19,3,2,1
2016-03-19,6,2,4
2016-03-19,7,2,5
2016-03-19,13,7,6
2016-03-18,13,8,5
2016-03-18,29,13,16
2016-03-18,37,15,22
2016-03-18,63,28,35
2016-03-18,106,32,74
2016-03-18,292,97,195
2016-03-18,411,135,276
2016-03-18,252,90,162
2016-03-18,161,66,95
2016-03-18,115,48,67
2016-03-18,84,47,37
2016-03-18,96,54,42
2016-03-18,70,41,29
2016-03-18,117,59,58
2016-03-18,219,132,87
2016-03-18,359,255,104
2016-03-18,249,180,69
2016-03-18,85,62,23
2016-03-18,30,17,13
2016-03-18,7,2,5
2016-03-18,0,0,0
2016-03-18,0,0,0
2016-03-18,5,1,4
2016-03-18,11,6,5
2016-03-17,31,17,14
2016-03-17,46,24,22
2016-03-17,50,23,27
2016-03-17,83,27,56
2016-03-17,157,62,95
2016-03-17,393,143,250
2016-03-17,526,167,359
2016-03-17,244,92,152
2016-03-17,147,79,68
2016-03-17,104,48,56
2016-03-17,82,40,42
2016-03-17,93,45,48
2016-03-17,64,32,32
2016-03-17,105,52,53
2016-03-17,236,149,87
2016-03-17,427,304,123
2016-03-17,291,212,79
2016-03-17,127,84,43
2016-03-17,29,16,13
2016-03-17,2,0,2
2016-03-17,1,1,0
2016-03-17,1,0,1
2016-03-17,2,0,2
2016-03-17,7,4,3
2016-03-16,5,4,1
2016-03-16,30,14,16
2016-03-16,48,26,22
2016-03-16,92,32,60
2016-03-16,148,56,92
2016-03-16,400,136,264
2016-03-16,514,149,365
2016-03-16,243,83,160
2016-03-16,109,51,58
2016-03-16,68,29,39
2016-03-16,78,38,40
2016-03-16,64,31,33
2016-03-16,63,32,31
2016-03-16,110,63,47
2016-03-16,234,139,95
2016-03-16,443,311,132
2016-03-16,304,222,82
2016-03-16,104,68,36
2016-03-16,31,21,10
2016-03-16,4,2,2
2016-03-16,1,1,0
2016-03-16,5,2,3
2016-03-16,4,0,4
2016-03-16,12,6,6
2016-03-15,15,6,9
2016-03-15,30,20,10
2016-03-15,41,24,17
2016-03-15,64,23,41
2016-03-15,127,45,82
2016-03-15,313,90,223
2016-03-15,434,123,311
2016-03-15,179,72,107
2016-03-15,104,49,55
2016-03-15,56,25,31
2016-03-15,50,25,25
2016-03-15,34,15,19
2016-03-15,60,32,28
2016-03-15,76,33,43
2016-03-15,193,133,60
2016-03-15,354,240,114
2016-03-15,252,195,57
2016-03-15,116,80,36
2016-03-15,30,18,12
2016-03-15,3,2,1
2016-03-15,0,0,0
2016-03-15,3,0,3
2016-03-15,1,0,1
2016-03-15,4,1,3
2016-03-14,10,5,5
2016-03-14,11,6,5
2016-03-14,18,5,13
2016-03-14,56,25,31
2016-03-14,99,20,79
2016-03-14,270,95,175
2016-03-14,353,89,264
2016-03-14,145,62,83
2016-03-14,103,48,55
2016-03-14,58,27,31
2016-03-14,45,26,19
2016-03-14,40,22,18
2016-03-14,41,20,21
2016-03-14,53,26,27
2016-03-14,181,113,68
2016-03-14,324,226,98
2016-03-14,218,161,57
2016-03-14,86,56,30
2016-03-14,23,16,7
2016-03-14,6,4,2
2016-03-14,1,1,0
2016-03-14,2,0,2
2016-03-14,2,1,1
2016-03-14,2,0,2
2016-03-13,3,2,1
2016-03-13,10,7,3
2016-03-13,9,2,7
2016-03-13,13,9,4
2016-03-13,11,6,5
2016-03-13,30,14,16
2016-03-13,22,14,8
2016-03-13,24,12,12
2016-03-13,36,17,19
2016-03-13,28,13,15
2016-03-13,29,21,8
2016-03-13,19,7,12
2016-03-13,16,6,10
2016-03-13,16,7,9
2016-03-13,23,9,14
2016-03-13,21,11,10
2016-03-13,8,4,4
2016-03-13,5,3,2
2016-03-13,2,0,2
2016-03-13,0,0,0
2016-03-13,1,1,0
2016-03-13,,,
2016-03-13,4,3,1
2016-03-13,4,2,2
2016-03-12,7,3,4
2016-03-12,15,10,5
2016-03-12,11,5,6
2016-03-12,21,13,8
2016-03-12,18,7,11
2016-03-12,25,13,12
2016-03-12,26,13,13
2016-03-12,60,30,30
2016-03-12,61,33,28
2016-03-12,63,39,24
2016-03-12,64,35,29
2016-03-12,88,48,40
2016-03-12,73,43,30
2016-03-12,62,25,37
2016-03-12,21,8,13
2016-03-12,24,13,11
2016-03-12,21,11,10
2016-03-12,7,5,2
2016-03-12,10,7,3
2016-03-12,6,1,5
2016-03-12,0,0,0
2016-03-12,5,2,3
2016-03-12,2,0,2
2016-03-12,6,3,3
2016-03-11,10,4,6
2016-03-11,19,7,12
2016-03-11,28,10,18
2016-03-11,42,15,27
2016-03-11,87,30,57
2016-03-11,173,57,116
2016-03-11,337,81,256
2016-03-11,180,61,119
2016-03-11,78,31,47
2016-03-11,39,17,22
2016-03-11,55,28,27
2016-03-11,97,57,40
2016-03-11,61,33,28
2016-03-11,79,51,28
2016-03-11,187,115,72
2016-03-11,364,254,110
2016-03-11,255,180,75
2016-03-11,75,47,28
2016-03-11,35,23,12
2016-03-11,7,2,5
2016-03-11,2,2,0
2016-03-11,4,1,3
2016-03-11,5,3,2
2016-03-11,7,5,2
2016-03-10,11,7,4
2016-03-10,25,8,17
2016-03-10,55,24,31
2016-03-10,57,16,41
2016-03-10,106,38,68
2016-03-10,214,74,140
2016-03-10,368,106,262
2016-03-10,152,60,92
2016-03-10,82,27,55
2016-03-10,47,15,32
2016-03-10,44,22,22
2016-03-10,42,19,23
2016-03-10,51,32,19
2016-03-10,65,38,27
2016-03-10,146,89,57
2016-03-10,256,181,75
2016-03-10,203,136,67
2016-03-10,76,45,31
2016-03-10,25,15,10
2016-03-10,7,3,4
2016-03-10,2,1,1
2016-03-10,4,2,2
2016-03-10,1,1,0
2016-03-10,3,3,0
2016-03-09,6,1,5
2016-03-09,14,7,7
2016-03-09,18,5,13
2016-03-09,50,17,33
2016-03-09,84,26,58
2016-03-09,205,41,164
2016-03-09,311,80,231
2016-03-09,139,47,92
2016-03-09,52,14,38
2016-03-09,37,19,18
2016-03-09,29,18,11
2016-03-09,41,15,26
2016-03-09,46,24,22
2016-03-09,63,37,26
2016-03-09,177,115,62
2016-03-09,335,235,100
2016-03-09,252,181,71
2016-03-09,118,70,48
2016-03-09,32,19,13
2016-03-09,6,3,3
2016-03-09,2,1,1
2016-03-09,1,0,1
2016-03-09,4,1,3
2016-03-09,2,1,1
2016-03-08,14,7,7
2016-03-08,23,9,14
2016-03-08,36,20,16
2016-03-08,70,29,41
2016-03-08,136,36,100
2016-03-08,312,109,203
2016-03-08,483,143,340
2016-03-08,237,87,150
2016-03-08,82,26,56
2016-03-08,69,32,37
2016-03-08,81,45,36
2016-03-08,58,24,34
2016-03-08,69,39,30
2016-03-08,78,33,45
2016-03-08,202,127,75
2016-03-08,443,301,142
2016-03-08,331,240,91
2016-03-08,129,83,46
2016-03-08,30,19,11
2016-03-08,8,4,4
2016-03-08,0,0,0
2016-03-08,2,1,1
2016-03-08,4,2,2
2016-03-08,4,1,3
2016-03-07,13,11,2
2016-03-07,24,13,11
2016-03-07,28,11,17
2016-03-07,58,27,31
2016-03-07,105,34,71
2016-03-07,222,69,153
2016-03-07,375,109,266
2016-03-07,177,62,115
2016-03-07,72,26,46
2016-03-07,55,29,26
2016-03-07,39,16,23
2016-03-07,32,15,17
2016-03-07,26,16,10
2016-03-07,30,12,18
2016-03-07,133,85,48
2016-03-07,275,196,79
2016-03-07,212,146,66
2016-03-07,107,68,39
2016-03-07,24,16,8
2016-03-07,7,4,3
2016-03-07,2,1,1
2016-03-07,2,0,2
2016-03-07,2,0,2
2016-03-07,2,0,2
2016-03-06,5,2,3
2016-03-06,10,4,6
2016-03-06,12,7,5
2016-03-06,18,10,8
2016-03-06,19,6,13
2016-03-06,32,18,14
2016-03-06,53,35,18
2016-03-06,62,29,33
2016-03-06,57,30,27
2016-03-06,83,57,26
2016-03-06,42,24,18
2016-03-06,39,19,20
2016-03-06,56,32,24
2016-03-06,53,32,21
2016-03-06,42,25,17
2016-03-06,37,23,14
2016-03-06,17,9,8
2016-03-06,18,12,6
2016-03-06,2,1,1
2016-03-06,5,2,3
2016-03-06,1,0,1
2016-03-06,4,2,2
2016-03-06,5,3,2
2016-03-06,10,2,8
2016-03-05,20,7,13
2016-03-05,17,6,11
2016-03-05,17,7,10
2016-03-05,23,13,10
2016-03-05,30,12,18
2016-03-05,66,35,31
2016-03-05,94,47,47
2016-03-05,135,63,72
2016-03-05,187,96,91
2016-03-05,230,121,109
2016-03-05,181,102,79
2016-03-05,172,86,86
2016-03-05,156,84,72
2016-03-05,124,77,47
2016-03-05,109,58,51
2016-03-05,73,39,34
2016-03-05,28,17,11
2016-03-05,6,2,4
2016-03-05,7,3,4
2016-03-05,4,1,3
2016-03-05,2,1,1
2016-03-05,2,1,1
2016-03-05,5,1,4
2016-03-05,12,5,7
2016-03-04,15,4,11
2016-03-04,21,14,7
2016-03-04,25,9,16
2016-03-04,43,11,32
2016-03-04,78,28,50
2016-03-04,184,64,120
2016-03-04,331,76,255
2016-03-04,173,58,115
2016-03-04,81,27,54
2016-03-04,61,28,33
2016-03-04,51,24,27
2016-03-04,64,33,31
2016-03-04,58,27,31
2016-03-04,77,38,39
2016-03-04,199,124,75
2016-03-04,362,247,115
2016-03-04,289,195,94
2016-03-04,85,57,28
2016-03-04,31,21,10
2016-03-04,10,2,8
2016-03-04,1,1,0
2016-03-04,6,2,4
2016-03-04,2,1,1
2016-03-04,8,4,4
2016-03-03,15,8,7
2016-03-03,27,13,14
2016-03-03,37,14,23
2016-03-03,70,26,44
2016-03-03,125,34,91
2016-03-03,269,84,185
2016-03-03,422,122,300
2016-03-03,198,68,130
2016-03-03,79,31,48
2016-03-03,50,22,28
2016-03-03,44,15,29
2016-03-03,38,18,20
2016-03-03,51,28,23
2016-03-03,65,33,32
2016-03-03,195,131,64
2016-03-03,373,256,117
2016-03-03,266,191,75
2016-03-03,111,68,43
2016-03-03,34,23,11
2016-03-03,10,5,5
2016-03-03,0,0,0
2016-03-03,2,1,1
2016-03-03,6,5,1
2016-03-03,8,7,1
2016-03-02,7,4,3
2016-03-02,20,10,10
2016-03-02,23,13,10
2016-03-02,64,28,36
2016-03-02,107,33,74
2016-03-02,232,71,161
2016-03-02,426,121,305
2016-03-02,213,77,136
2016-03-02,99,41,58
2016-03-02,71,36,35
2016-03-02,59,27,32
2016-03-02,64,36,28
2016-03-02,55,25,30
2016-03-02,68,34,34
2016-03-02,204,134,70
2016-03-02,391,270,121
2016-03-02,271,190,81
2016-03-02,113,72,41
2016-03-02,37,24,13
2016-03-02,4,3,1
2016-03-02,1,1,0
2016-03-02,2,2,0
2016-03-02,1,1,0
2016-03-02,0,0,0
2016-03-01,8,3,5
2016-03-01,13,8,5
2016-03-01,17,9,8
2016-03-01,31,11,20
2016-03-01,70,22,48
2016-03-01,231,62,169
2016-03-01,339,92,247
2016-03-01,135,37,98
2016-03-01,57,25,32
2016-03-01,30,12,18
2016-03-01,26,11,15
2016-03-01,27,16,11
2016-03-01,22,12,10
2016-03-01,43,21,22
2016-03-01,144,93,51
2016-03-01,332,224,108
2016-03-01,218,146,72
2016-03-01,76,55,21
2016-03-01,24,17,7
2016-03-01,9,6,3
2016-03-01,0,0,0
2016-03-01,3,2,1
2016-03-01,0,0,0
2016-03-01,4,3,1
2016-02-29,12,3,9
2016-02-29,15,5,10
2016-02-29,32,16,16
2016-02-29,57,25,32
2016-02-29,109,46,63
2016-02-29,276,85,191
2016-02-29,446,130,316
2016-02-29,217,72,145
2016-02-29,95,33,62
2016-02-29,78,30,48
2016-02-29,64,37,27
2016-02-29,65,33,32
2016-02-29,58,29,29
2016-02-29,63,39,24
2016-02-29,179,97,82
2016-02-29,352,235,117
2016-02-29,263,189,74
2016-02-29,109,77,32
2016-02-29,30,24,6
2016-02-29,4,3,1
2016-02-29,1,1,0
2016-02-29,0,0,0
2016-02-29,0,0,0
2016-02-29,4,2,2
2016-02-28,7,4,3
2016-02-28,9,5,4
2016-02-28,15,12,3
2016-02-28,11,5,6
2016-02-28,12,7,5
2016-02-28,29,16,13
2016-02-28,34,13,21
2016-02-28,53,21,32
2016-02-28,55,21,34
2016-02-28,56,20,36
2016-02-28,47,22,25
2016-02-28,46,24,22
2016-02-28,46,30,16
2016-02-28,29,20,9
2016-02-28,37,31,6
2016-02-28,54,39,15
2016-02-28,57,51,6
2016-02-28,25,19,6
2016-02-28,7,5,2
2016-02-28,2,0,2
2016-02-28,1,1,0
2016-02-28,5,3,2
2016-02-28,14,7,7
2016-02-28,13,11,2
2016-02-27,17,10,7
2016-02-27,23,12,11
2016-02-27,15,4,11
2016-02-27,38,17,21
2016-02-27,40,17,23
2016-02-27,56,29,27
2016-02-27,119,63,56
2016-02-27,138,70,68
2016-02-27,145,92,53
2016-02-27,113,69,44
2016-02-27,107,55,52
2016-02-27,117,47,70
2016-02-27,101,60,41
2016-02-27,72,38,34
2016-02-27,47,22,25
2016-02-27,48,25,23
2016-02-27,33,19,14
2016-02-27,5,4,1
2016-02-27,7,6,1
2016-02-27,5,2,3
2016-02-27,2,2,0
2016-02-27,0,0,0
2016-02-27,3,3,0
2016-02-27,6,4,2
2016-02-26,14,6,8
2016-02-26,21,12,9
2016-02-26,27,15,12
2016-02-26,29,9,20
2016-02-26,79,28,51
2016-02-26,175,51,124
2016-02-26,331,90,241
2016-02-26,201,69,132
2016-02-26,116,52,64
2016-02-26,85,34,51
2016-02-26,68,30,38
2016-02-26,81,38,43
2016-02-26,83,40,43
2016-02-26,112,59,53
2016-02-26,189,122,67
2016-02-26,366,242,124
2016-02-26,278,194,84
2016-02-26,88,60,28
2016-02-26,29,19,10
2016-02-26,5,4,1
2016-02-26,0,0,0
2016-02-26,2,1,1
2016-02-26,6,5,1
2016-02-26,10,6,4
2016-02-25,21,14,7
2016-02-25,41,14,27
2016-02-25,43,20,23
2016-02-25,89,39,50
2016-02-25,137,46,91
2016-02-25,327,120,207
2016-02-25,560,159,401
2016-02-25,286,90,196
2016-02-25,142,65,77
2016-02-25,95,42,53
2016-02-25,99,45,54
2016-02-25,78,39,39
2016-02-25,64,33,31
2016-02-25,116,70,46
2016-02-25,214,133,81
2016-02-25,470,338,132
2016-02-25,352,256,96
2016-02-25,132,81,51
2016-02-25,37,22,15
2016-02-25,8,6,2
2016-02-25,2,2,0
2016-02-25,2,0,2
2016-02-25,1,1,0
2016-02-25,6,3,3
2016-02-24,15,6,9
2016-02-24,30,15,15
2016-02-24,45,19,26
2016-02-24,67,22,45
2016-02-24,130,39,91
2016-02-24,304,103,201
2016-02-24,522,145,377
2016-02-24,254,92,162
2016-02-24,114,43,71
2016-02-24,54,22,32
2016-02-24,68,27,41
2016-02-24,58,29,29
2016-02-24,64,39,25
2016-02-24,108,61,47
2016-02-24,210,136,74
2016-02-24,431,300,131
2016-02-24,311,217,94
2016-02-24,139,91,48
2016-02-24,36,26,10
2016-02-24,11,8,3
2016-02-24,1,1,0
2016-02-24,0,0,0
2016-02-24,1,1,0
2016-02-24,9,3,6
2016-02-23,14,6,8
2016-02-23,35,15,20
2016-02-23,51,16,35
2016-02-23,86,33,53
2016-02-23,117,37,80
2016-02-23,321,99,222
2016-02-23,549,147,402
2016-02-23,286,111,175
2016-02-23,134,62,72
2016-02-23,113,53,60
2016-02-23,80,43,37
2016-02-23,69,34,35
2016-02-23,88,49,39
2016-02-23,102,56,46
2016-02-23,226,135,91
2016-02-23,442,315,127
2016-02-23,384,292,92
2016-02-23,123,79,44
2016-02-23,43,31,12
2016-02-23,8,4,4
2016-02-23,2,1,1
2016-02-23,3,2,1
2016-02-23,1,0,1
2016-02-23,9,6,3
2016-02-22,7,5,2
2016-02-22,16,9,7
2016-02-22,37,15,22
2016-02-22,69,18,51
2016-02-22,116,47,69
2016-02-22,301,81,220
2016-02-22,514,125,389
2016-02-22,224,87,137
2016-02-22,113,47,66
2016-02-22,69,32,37
2016-02-22,52,29,23
2016-02-22,31,14,17
2016-02-22,53,30,23
2016-02-22,67,32,35
2016-02-22,216,132,84
2016-02-22,406,272,134
2016-02-22,321,235,86
2016-02-22,109,67,42
2016-02-22,33,24,9
2016-02-22,4,3,1
2016-02-22,1,1,0
2016-02-22,2,1,1
2016-02-22,1,1,0
2016-02-22,7,1,6
2016-02-21,3,1,2
2016-02-21,12,3,9
2016-02-21,20,11,9
2016-02-21,28,4,24
2016-02-21,18,9,9
2016-02-21,28,11,17
2016-02-21,44,16,28
2016-02-21,67,27,40
2016-02-21,57,35,22
2016-02-21,57,27,30
2016-02-21,23,11,12
2016-02-21,38,25,13
2016-02-21,76,44,32
2016-02-21,52,28,24
2016-02-21,54,30,24
2016-02-21,46,32,14
2016-02-21,14,10,4
2016-02-21,2,1,1
2016-02-21,3,3,0
2016-02-21,4,3,1
2016-02-21,2,1,1
2016-02-21,1,1,0
2016-02-21,9,5,4
2016-02-21,13,7,6
2016-02-20,18,13,5
2016-02-20,20,10,10
2016-02-20,15,7,8
2016-02-20,35,16,19
2016-02-20,23,11,12
2016-02-20,81,49,32
2016-02-20,112,66,46
2016-02-20,168,96,72
2016-02-20,147,83,64
2016-02-20,187,121,66
2016-02-20,223,86,137
2016-02-20,170,103,67
2016-02-20,135,71,64
2016-02-20,111,61,50
2016-02-20,108,61,47
2016-02-20,62,36,26
2016-02-20,37,18,19
2016-02-20,11,7,4
2016-02-20,9,7,2
2016-02-20,4,2,2
2016-02-20,3,2,1
2016-02-20,5,2,3
2016-02-20,4,1,3
2016-02-20,4,0,4
2016-02-19,7,4,3
2016-02-19,14,9,5
2016-02-19,27,11,16
2016-02-19,33,13,20
2016-02-19,78,25,53
2016-02-19,135,43,92
2016-02-19,245,69,176
2016-02-19,121,44,77
2016-02-19,70,32,38
2016-02-19,42,12,30
2016-02-19,22,12,10
2016-02-19,32,17,15
2016-02-19,23,9,14
2016-02-19,44,27,17
2016-02-19,109,61,48
2016-02-19,237,158,79
2016-02-19,199,134,65
2016-02-19,75,50,25
2016-02-19,26,15,11
2016-02-19,6,3,3
2016-02-19,1,0,1
2016-02-19,4,0,4
2016-02-19,5,2,3
2016-02-19,12,2,10
2016-02-18,14,4,10
2016-02-18,26,8,18
2016-02-18,33,13,20
2016-02-18,63,19,44
2016-02-18,110,34,76
2016-02-18,263,95,168
2016-02-18,389,127,262
2016-02-18,183,49,134
2016-02-18,83,37,46
2016-02-18,60,27,33
2016-02-18,54,23,31
2016-02-18,40,19,21
2016-02-18,38,20,18
2016-02-18,78,48,30
2016-02-18,189,116,73
2016-02-18,306,211,95
2016-02-18,261,175,86
2016-02-18,101,68,33
2016-02-18,25,15,10
2016-02-18,4,2,2
2016-02-18,2,1,1
2016-02-18,2,0,2
2016-02-18,1,0,1
2016-02-18,8,6,2
2016-02-17,9,4,5
2016-02-17,13,7,6
2016-02-17,28,16,12
2016-02-17,56,17,39
2016-02-17,102,31,71
2016-02-17,270,92,178
2016-02-17,410,96,314
2016-02-17,164,61,103
2016-02-17,73,29,44
2016-02-17,53,27,26
2016-02-17,52,25,27
2016-02-17,58,36,22
2016-02-17,51,24,27
2016-02-17,78,52,26
2016-02-17,207,137,70
2016-02-17,361,241,120
2016-02-17,315,220,95
2016-02-17,99,69,30
2016-02-17,28,21,7
2016-02-17,6,4,2
2016-02-17,2,1,1
2016-02-17,0,0,0
2016-02-17,2,1,1
2016-02-17,5,2,3
2016-02-16,10,6,4
2016-02-16,19,7,12
2016-02-16,43,19,24
2016-02-16,63,22,41
2016-02-16,131,40,91
2016-02-16,297,95,202
2016-02-16,387,106,281
2016-02-16,193,69,124
2016-02-16,96,52,44
2016-02-16,66,30,36
2016-02-16,73,39,34
2016-02-16,50,29,21
2016-02-16,58,24,34
2016-02-16,81,53,28
2016-02-16,172,111,61
2016-02-16,345,225,120
2016-02-16,248,170,78
2016-02-16,93,62,31
2016-02-16,26,13,13
2016-02-16,5,3,2
2016-02-16,2,1,1
2016-02-16,5,1,4
2016-02-16,2,0,2
2016-02-16,4,3,1
2016-02-15,3,2,1
2016-02-15,12,4,8
2016-02-15,16,7,9
2016-02-15,23,12,11
2016-02-15,49,15,34
2016-02-15,96,26,70
2016-02-15,131,31,100
2016-02-15,73,21,52
2016-02-15,45,19,26
2016-02-15,37,16,21
2016-02-15,27,12,15
2016-02-15,27,10,17
2016-02-15,29,13,16
2016-02-15,35,21,14
2016-02-15,86,47,39
2016-02-15,138,96,42
2016-02-15,85,57,28
2016-02-15,40,25,15
2016-02-15,11,8,3
2016-02-15,3,3,0
2016-02-15,2,1,1
2016-02-15,2,1,1
2016-02-15,1,1,0
2016-02-15,6,3,3
2016-02-14,3,1,2
2016-02-14,11,3,8
2016-02-14,13,6,7
2016-02-14,19,5,14
2016-02-14,18,10,8
2016-02-14,30,16,14
2016-02-14,29,15,14
2016-02-14,52,17,35
2016-02-14,61,30,31
2016-02-14,70,26,44
2016-02-14,54,25,29
2016-02-14,60,25,35
2016-02-14,59,29,30
2016-02-14,41,24,17
2016-02-14,24,20,4
2016-02-14,26,17,9
2016-02-14,13,7,6
2016-02-14,7,3,4
2016-02-14,7,4,3
2016-02-14,1,1,0
2016-02-14,0,0,0
2016-02-14,2,1,1
2016-02-14,3,1,2
2016-02-14,3,1,2
2016-02-13,16,9,7
2016-02-13,12,5,7
2016-02-13,15,7,8
2016-02-13,22,9,13
2016-02-13,11,4,7
2016-02-13,22,11,11
2016-02-13,26,8,18
2016-02-13,26,18,8
2016-02-13,32,20,12
2016-02-13,46,24,22
2016-02-13,38,20,18
2016-02-13,72,38,34
2016-02-13,65,39,26
2016-02-13,95,53,42
2016-02-13,47,22,25
2016-02-13,58,29,29
2016-02-13,23,15,8
2016-02-13,11,5,6
2016-02-13,12,7,5
2016-02-13,1,0,1
2016-02-13,0,0,0
2016-02-13,3,2,1
2016-02-13,6,2,4
2016-02-13,14,6,8
2016-02-12,17,9,8
2016-02-12,19,11,8
2016-02-12,23,9,14
2016-02-12,40,20,20
2016-02-12,84,31,53
2016-02-12,165,53,112
2016-02-12,323,98,225
2016-02-12,197,67,130
2016-02-12,102,46,56
2016-02-12,72,31,41
2016-02-12,49,26,23
2016-02-12,41,17,24
2016-02-12,18,3,15
2016-02-12,35,23,12
2016-02-12,105,64,41
2016-02-12,297,196,101
2016-02-12,213,151,62
2016-02-12,76,50,26
2016-02-12,26,19,7
2016-02-12,7,2,5
2016-02-12,0,0,0
2016-02-12,5,2,3
2016-02-12,1,0,1
2016-02-12,5,1,4
2016-02-11,14,7,7
2016-02-11,23,9,14
2016-02-11,33,8,25
2016-02-11,49,10,39
2016-02-11,100,32,68
2016-02-11,238,66,172
2016-02-11,348,101,247
2016-02-11,159,62,97
2016-02-11,83,34,49
2016-02-11,53,21,32
2016-02-11,44,25,19
2016-02-11,46,16,30
2016-02-11,42,18,24
2016-02-11,56,25,31
2016-02-11,170,108,62
2016-02-11,340,239,101
2016-02-11,290,206,84
2016-02-11,106,67,39
2016-02-11,30,14,16
2016-02-11,9,3,6
2016-02-11,4,1,3
2016-02-11,5,2,3
2016-02-11,4,2,2
2016-02-11,7,5,2
2016-02-10,12,7,5
2016-02-10,22,10,12
2016-02-10,37,16,21
2016-02-10,47,16,31
2016-02-10,98,26,72
2016-02-10,275,84,191
2016-02-10,422,116,306
2016-02-10,174,64,110
2016-02-10,77,31,46
2016-02-10,57,27,30
2016-02-10,34,19,15
2016-02-10,26,13,13
2016-02-10,29,19,10
2016-02-10,74,45,29
2016-02-10,197,117,80
2016-02-10,419,290,129
2016-02-10,313,226,87
2016-02-10,130,88,42
2016-02-10,30,19,11
2016-02-10,6,4,2
2016-02-10,2,1,1
2016-02-10,5,1,4
2016-02-10,4,2,2
2016-02-10,5,2,3
2016-02-09,15,6,9
2016-02-09,20,6,14
2016-02-09,41,21,20
2016-02-09,79,30,49
2016-02-09,141,44,97
2016-02-09,332,109,223
2016-02-09,598,176,422
2016-02-09,341,131,210
2016-02-09,158,75,83
2016-02-09,115,41,74
2016-02-09,93,45,48
2016-02-09,90,48,42
2016-02-09,56,26,30
2016-02-09,80,40,40
2016-02-09,228,159,69
2016-02-09,502,342,160
2016-02-09,374,266,108
2016-02-09,133,92,41
2016-02-09,33,26,7
2016-02-09,6,3,3
2016-02-09,1,1,0
2016-02-09,4,2,2
2016-02-09,5,0,5
2016-02-09,10,4,6
2016-02-08,9,4,5
2016-02-08,27,11,16
2016-02-08,28,11,17
2016-02-08,67,18,49
2016-02-08,143,44,99
2016-02-08,334,92,242
2016-02-08,535,151,384
2016-02-08,272,117,155
2016-02-08,153,69,84
2016-02-08,107,47,60
2016-02-08,89,40,49
2016-02-08,72,39,33
2016-02-08,62,35,27
2016-02-08,68,33,35
2016-02-08,236,172,64
2016-02-08,454,315,139
2016-02-08,332,232,100
2016-02-08,121,83,38
2016-02-08,39,27,12
2016-02-08,2,1,1
2016-02-08,2,2,0
2016-02-08,4,3,1
2016-02-08,0,0,0
2016-02-08,4,1,3
2016-02-07,9,4,5
2016-02-07,13,5,8
2016-02-07,12,8,4
2016-02-07,24,10,14
2016-02-07,30,17,13
2016-02-07,33,15,18
2016-02-07,45,24,21
2016-02-07,48,23,25
2016-02-07,91,43,48
2016-02-07,133,69,64
2016-02-07,119,70,49
2016-02-07,128,64,64
2016-02-07,89,45,44
2016-02-07,80,44,36
2016-02-07,64,31,33
2016-02-07,32,19,13
2016-02-07,20,12,8
2016-02-07,7,1,6
2016-02-07,5,5,0
2016-02-07,2,1,1
2016-02-07,4,2,2
2016-02-07,2,2,0
2016-02-07,8,3,5
2016-02-07,12,7,5
2016-02-06,19,10,9
2016-02-06,19,6,13
2016-02-06,16,5,11
2016-02-06,24,11,13
2016-02-06,29,15,14
2016-02-06,47,21,26
2016-02-06,56,29,27
2016-02-06,74,40,34
2016-02-06,80,40,40
2016-02-06,81,41,40
2016-02-06,87,56,31
2016-02-06,68,45,23
2016-02-06,73,31,42
2016-02-06,53,33,20
2016-02-06,46,35,11
2016-02-06,43,27,16
2016-02-06,26,13,13
2016-02-06,12,4,8
2016-02-06,11,6,5
2016-02-06,2,1,1
2016-02-06,0,0,0
2016-02-06,3,3,0
2016-02-06,6,4,2
2016-02-06,9,5,4
2016-02-05,7,3,4
2016-02-05,22,11,11
2016-02-05,18,6,12
2016-02-05,31,11,20
2016-02-05,79,28,51
2016-02-05,178,47,131
2016-02-05,293,73,220
2016-02-05,160,54,106
2016-02-05,89,37,52
2016-02-05,62,25,37
2016-02-05,61,29,32
2016-02-05,63,41,22
2016-02-05,59,34,25
2016-02-05,76,48,28
2016-02-05,191,121,70
2016-02-05,320,208,112
2016-02-05,245,172,73
2016-02-05,99,71,28
2016-02-05,28,15,13
2016-02-05,5,2,3
2016-02-05,2,0,2
2016-02-05,2,1,1
2016-02-05,4,3,1
2016-02-05,7,5,2
2016-02-04,13,8,5
2016-02-04,34,14,20
2016-02-04,43,9,34
2016-02-04,54,16,38
2016-02-04,106,31,75
2016-02-04,247,79,168
2016-02-04,370,110,260
2016-02-04,188,55,133
2016-02-04,88,39,49
2016-02-04,55,23,32
2016-02-04,46,23,23
2016-02-04,41,25,16
2016-02-04,36,17,19
2016-02-04,62,39,23
2016-02-04,192,124,68
2016-02-04,334,226,108
2016-02-04,242,172,70
2016-02-04,124,84,40
2016-02-04,30,17,13
2016-02-04,5,4,1
2016-02-04,2,1,1
2016-02-04,0,0,0
2016-02-04,2,0,2
2016-02-04,7,6,1
2016-02-03,4,1,3
2016-02-03,18,2,16
2016-02-03,29,11,18
2016-02-03,49,15,34
2016-02-03,92,27,65
2016-02-03,216,50,166
2016-02-03,378,97,281
2016-02-03,161,54,107
2016-02-03,73,28,45
2016-02-03,46,15,31
2016-02-03,40,14,26
2016-02-03,36,23,13
2016-02-03,51,30,21
2016-02-03,73,48,25
2016-02-03,202,128,74
2016-02-03,366,244,122
2016-02-03,290,212,78
2016-02-03,115,77,38
2016-02-03,31,19,12
2016-02-03,5,4,1
2016-02-03,2,1,1
2016-02-03,2,0,2
2016-02-03,3,2,1
2016-02-03,5,4,1
2016-02-02,13,4,9
2016-02-02,40,16,24
2016-02-02,43,16,27
2016-02-02,70,30,40
2016-02-02,133,51,82
2016-02-02,324,100,224
2016-02-02,513,117,396
2016-02-02,259,94,165
2016-02-02,140,49,91
2016-02-02,84,41,43
2016-02-02,84,48,36
2016-02-02,84,43,41
2016-02-02,63,38,25
2016-02-02,82,44,38
2016-02-02,234,156,78
2016-02-02,432,286,146
2016-02-02,369,274,95
2016-02-02,115,80,35
2016-02-02,38,22,16
2016-02-02,7,4,3
2016-02-02,3,3,0
2016-02-02,1,0,1
2016-02-02,1,0,1
2016-02-02,2,1,1
2016-02-01,7,5,2
2016-02-01,21,13,8
2016-02-01,22,10,12
2016-02-01,58,22,36
2016-02-01,132,44,88
2016-02-01,286,81,205
2016-02-01,476,112,364
2016-02-01,222,82,140
2016-02-01,87,40,47
2016-02-01,78,23,55
2016-02-01,66,43,23
2016-02-01,39,18,21
2016-02-01,60,38,22
2016-02-01,94,46,48
2016-02-01,196,124,72
2016-02-01,392,269,123
2016-02-01,321,241,80
2016-02-01,126,86,40
2016-02-01,30,19,11
2016-02-01,4,4,0
2016-02-01,0,0,0
2016-02-01,2,0,2
2016-02-01,2,0,2
2016-02-01,6,1,5
2016-01-31,6,1,5
2016-01-31,5,3,2
2016-01-31,10,6,4
2016-01-31,15,12,3
2016-01-31,21,11,10
2016-01-31,50,25,25
2016-01-31,38,22,16
2016-01-31,63,26,37
2016-01-31,66,36,30
2016-01-31,73,39,34
2016-01-31,92,52,40
2016-01-31,80,44,36
2016-01-31,89,42,47
2016-01-31,74,48,26
2016-01-31,65,34,31
2016-01-31,30,14,16
2016-01-31,12,4,8
2016-01-31,6,3,3
2016-01-31,6,4,2
2016-01-31,0,0,0
2016-01-31,3,0,3
2016-01-31,2,2,0
2016-01-31,4,2,2
2016-01-31,5,1,4
2016-01-30,20,16,4
2016-01-30,21,9,12
2016-01-30,13,5,8
2016-01-30,14,6,8
2016-01-30,30,15,15
2016-01-30,42,18,24
2016-01-30,52,29,23
2016-01-30,92,54,38
2016-01-30,101,49,52
2016-01-30,104,68,36
2016-01-30,92,52,40
2016-01-30,89,53,36
2016-01-30,75,40,35
2016-01-30,84,41,43
2016-01-30,74,44,30
2016-01-30,46,19,27
2016-01-30,29,13,16
2016-01-30,15,8,7
2016-01-30,13,6,7
2016-01-30,5,2,3
2016-01-30,1,0,1
2016-01-30,5,4,1
2016-01-30,1,1,0
2016-01-30,9,6,3
2016-01-29,19,7,12
2016-01-29,23,8,15
2016-01-29,18,7,11
2016-01-29,38,18,20
2016-01-29,76,27,49
2016-01-29,183,63,120
2016-01-29,330,93,237
2016-01-29,196,80,116
2016-01-29,106,52,54
2016-01-29,55,21,34
2016-01-29,46,26,20
2016-01-29,35,19,16
2016-01-29,33,15,18
2016-01-29,50,20,30
2016-01-29,151,97,54
2016-01-29,265,176,89
2016-01-29,234,166,68
2016-01-29,84,64,20
2016-01-29,31,19,12
2016-01-29,4,1,3
2016-01-29,1,0,1
2016-01-29,0,0,0
2016-01-29,3,2,1
2016-01-29,8,4,4
2016-01-28,19,11,8
2016-01-28,33,15,18
2016-01-28,31,8,23
2016-01-28,72,34,38
2016-01-28,114,35,79
2016-01-28,209,61,148
2016-01-28,388,122,266
2016-01-28,174,61,113
2016-01-28,86,38,48
2016-01-28,63,19,44
2016-01-28,41,16,25
2016-01-28,23,8,15
2016-01-28,34,19,15
2016-01-28,58,29,29
2016-01-28,160,101,59
2016-01-28,267,169,98
2016-01-28,209,147,62
2016-01-28,77,61,16
2016-01-28,23,12,11
2016-01-28,3,2,1
2016-01-28,1,1,0
2016-01-28,2,2,0
2016-01-28,3,1,2
2016-01-28,3,3,0
2016-01-27,5,1,4
2016-01-27,13,3,10
2016-01-27,44,18,26
2016-01-27,48,14,34
2016-01-27,95,30,65
2016-01-27,226,53,173
2016-01-27,370,90,280
2016-01-27,191,53,138
2016-01-27,88,41,47
2016-01-27,59,31,28
2016-01-27,53,31,22
2016-01-27,50,30,20
2016-01-27,48,23,25
2016-01-27,76,46,30
2016-01-27,194,124,70
2016-01-27,362,251,111
2016-01-27,283,218,65
2016-01-27,102,64,38
2016-01-27,30,20,10
2016-01-27,3,0,3
2016-01-27,2,2,0
2016-01-27,2,0,2
2016-01-27,2,1,1
2016-01-27,4,3,1
2016-01-26,10,4,6
2016-01-26,14,7,7
2016-01-26,31,16,15
2016-01-26,65,25,40
2016-01-26,95,33,62
2016-01-26,254,80,174
2016-01-26,368,97,271
2016-01-26,162,47,115
2016-01-26,79,36,43
2016-01-26,47,17,30
2016-01-26,33,21,12
2016-01-26,34,14,20
2016-01-26,30,13,17
2016-01-26,55,30,25
2016-01-26,145,90,55
2016-01-26,340,233,107
2016-01-26,267,190,77
2016-01-26,99,71,28
2016-01-26,26,12,14
2016-01-26,3,2,1
2016-01-26,2,1,1
2016-01-26,2,0,2
2016-01-26,4,1,3
2016-01-26,3,2,1
2016-01-25,14,7,7
2016-01-25,28,15,13
2016-01-25,28,15,13
2016-01-25,50,20,30
2016-01-25,132,44,88
2016-01-25,312,121,191
2016-01-25,501,143,358
2016-01-25,245,83,162
2016-01-25,141,65,76
2016-01-25,86,37,49
2016-01-25,74,42,32
2016-01-25,50,34,16
2016-01-25,87,49,38
2016-01-25,86,44,42
2016-01-25,214,138,76
2016-01-25,429,292,137
2016-01-25,329,248,81
2016-01-25,119,87,32
2016-01-25,30,21,9
2016-01-25,5,3,2
2016-01-25,2,1,1
2016-01-25,2,0,2
2016-01-25,1,0,1
2016-01-25,3,2,1
2016-01-24,9,4,5
2016-01-24,8,4,4
2016-01-24,10,4,6
2016-01-24,16,9,7
2016-01-24,11,7,4
2016-01-24,38,26,12
2016-01-24,63,35,28
2016-01-24,108,54,54
2016-01-24,98,49,49
2016-01-24,133,81,52
2016-01-24,123,77,46
2016-01-24,123,74,49
2016-01-24,128,65,63
2016-01-24,65,39,26
2016-01-24,45,27,18
2016-01-24,35,25,10
2016-01-24,13,9,4
2016-01-24,8,5,3
2016-01-24,5,3,2
2016-01-24,1,1,0
2016-01-24,1,0,1
2016-01-24,3,2,1
2016-01-24,4,2,2
2016-01-24,4,3,1
2016-01-23,7,2,5
2016-01-23,14,11,3
2016-01-23,13,5,8
2016-01-23,10,5,5
2016-01-23,12,4,8
2016-01-23,28,9,19
2016-01-23,30,15,15
2016-01-23,18,11,7
2016-01-23,34,19,15
2016-01-23,34,13,21
2016-01-23,26,9,17
2016-01-23,29,15,14
2016-01-23,30,17,13
2016-01-23,27,13,14
2016-01-23,29,14,15
2016-01-23,23,10,13
2016-01-23,13,9,4
2016-01-23,4,0,4
2016-01-23,6,3,3
2016-01-23,3,0,3
2016-01-23,1,1,0
2016-01-23,7,1,6
2016-01-23,11,6,5
2016-01-23,9,5,4
2016-01-22,23,10,13
2016-01-22,25,9,16
2016-01-22,31,12,19
2016-01-22,44,22,22
2016-01-22,92,35,57
2016-01-22,207,58,149
2016-01-22,333,98,235
2016-01-22,212,85,127
2016-01-22,109,57,52
2016-01-22,91,39,52
2016-01-22,52,27,25
2016-01-22,72,39,33
2016-01-22,53,30,23
2016-01-22,65,35,30
2016-01-22,168,104,64
2016-01-22,306,206,100
2016-01-22,185,136,49
2016-01-22,56,36,20
2016-01-22,17,11,6
2016-01-22,4,1,3
2016-01-22,2,1,1
2016-01-22,0,0,0
2016-01-22,2,0,2
2016-01-22,11,4,7
2016-01-21,3,0,3
2016-01-21,16,10,6
2016-01-21,22,6,16
2016-01-21,42,14,28
2016-01-21,49,13,36
2016-01-21,165,51,114
2016-01-21,235,67,168
2016-01-21,96,33,63
2016-01-21,36,11,25
2016-01-21,30,12,18
2016-01-21,15,8,7
2016-01-21,12,6,6
2016-01-21,17,13,4
2016-01-21,38,20,18
2016-01-21,104,70,34
2016-01-21,203,131,72
2016-01-21,181,141,40
2016-01-21,74,51,23
2016-01-21,20,11,9
2016-01-21,4,2,2
2016-01-21,1,1,0
2016-01-21,0,0,0
2016-01-21,0,0,0
2016-01-21,5,3,2
2016-01-20,9,5,4
2016-01-20,19,6,13
2016-01-20,43,20,23
2016-01-20,60,21,39
2016-01-20,124,37,87
2016-01-20,293,88,205
2016-01-20,412,106,306
2016-01-20,236,85,151
2016-01-20,100,38,62
2016-01-20,80,32,48
2016-01-20,48,23,25
2016-01-20,47,25,22
2016-01-20,43,22,21
2016-01-20,70,40,30
2016-01-20,213,140,73
2016-01-20,369,257,112
2016-01-20,276,194,82
2016-01-20,96,62,34
2016-01-20,29,18,11
2016-01-20,9,7,2
2016-01-20,0,0,0
2016-01-20,2,0,2
2016-01-20,4,3,1
2016-01-20,6,4,2
2016-01-19,7,1,6
2016-01-19,15,5,10
2016-01-19,29,9,20
2016-01-19,44,14,30
2016-01-19,114,31,83
2016-01-19,251,68,183
2016-01-19,362,89,273
2016-01-19,170,60,110
2016-01-19,71,30,41
2016-01-19,48,18,30
2016-01-19,33,17,16
2016-01-19,42,17,25
2016-01-19,64,36,28
2016-01-19,53,27,26
2016-01-19,199,125,74
2016-01-19,415,267,148
2016-01-19,288,212,76
2016-01-19,103,68,35
2016-01-19,39,30,9
2016-01-19,4,1,3
2016-01-19,1,1,0
2016-01-19,2,0,2
2016-01-19,0,0,0
2016-01-19,5,4,1
2016-01-18,6,1,5
2016-01-18,13,6,7
2016-01-18,12,5,7
2016-01-18,44,25,19
2016-01-18,56,18,38
2016-01-18,170,55,115
2016-01-18,233,73,160
2016-01-18,125,50,75
2016-01-18,108,49,59
2016-01-18,128,78,50
2016-01-18,92,47,45
2016-01-18,73,44,29
2016-01-18,65,38,27
2016-01-18,66,33,33
2016-01-18,128,83,45
2016-01-18,181,125,56
2016-01-18,132,88,44
2016-01-18,53,34,19
2016-01-18,16,10,6
2016-01-18,4,2,2
2016-01-18,1,0,1
2016-01-18,0,0,0
2016-01-18,0,0,0
2016-01-18,2,0,2
2016-01-17,8,4,4
2016-01-17,12,2,10
2016-01-17,15,3,12
2016-01-17,12,7,5
2016-01-17,18,4,14
2016-01-17,11,3,8
2016-01-17,34,10,24
2016-01-17,36,24,12
2016-01-17,40,24,16
2016-01-17,37,18,19
2016-01-17,29,13,16
2016-01-17,36,20,16
2016-01-17,19,9,10
2016-01-17,21,11,10
2016-01-17,15,8,7
2016-01-17,24,12,12
2016-01-17,7,3,4
2016-01-17,5,2,3
2016-01-17,4,2,2
2016-01-17,1,0,1
2016-01-17,1,0,1
2016-01-17,0,0,0
2016-01-17,7,6,1
2016-01-17,10,1,9
2016-01-16,18,7,11
2016-01-16,15,9,6
2016-01-16,17,6,11
2016-01-16,15,6,9
2016-01-16,22,8,14
2016-01-16,17,7,10
2016-01-16,28,15,13
2016-01-16,33,14,19
2016-01-16,34,19,15
2016-01-16,58,26,32
2016-01-16,73,46,27
2016-01-16,63,37,26
2016-01-16,58,31,27
2016-01-16,33,20,13
2016-01-16,18,6,12
2016-01-16,23,10,13
2016-01-16,14,7,7
2016-01-16,11,6,5
2016-01-16,9,4,5
2016-01-16,2,1,1
2016-01-16,0,0,0
2016-01-16,1,1,0
2016-01-16,5,2,3
2016-01-16,7,2,5
2016-01-15,14,3,11
2016-01-15,17,10,7
2016-01-15,15,8,7
2016-01-15,34,11,23
2016-01-15,78,31,47
2016-01-15,178,53,125
2016-01-15,312,91,221
2016-01-15,167,65,102
2016-01-15,85,37,48
2016-01-15,60,19,41
2016-01-15,46,23,23
2016-01-15,34,17,17
2016-01-15,32,13,19
2016-01-15,54,27,27
2016-01-15,182,117,65
2016-01-15,277,189,88
2016-01-15,207,154,53
2016-01-15,79,50,29
2016-01-15,23,15,8
2016-01-15,3,0,3
2016-01-15,2,2,0
2016-01-15,1,1,0
2016-01-15,1,0,1
2016-01-15,11,5,6
2016-01-14,21,10,11
2016-01-14,27,6,21
2016-01-14,58,29,29
2016-01-14,65,22,43
2016-01-14,108,38,70
2016-01-14,285,102,183
2016-01-14,404,129,275
2016-01-14,211,70,141
2016-01-14,118,53,65
2016-01-14,76,30,46
2016-01-14,72,34,38
2016-01-14,69,39,30
2016-01-14,43,30,13
2016-01-14,105,62,43
2016-01-14,179,113,66
2016-01-14,372,261,111
2016-01-14,268,194,74
2016-01-14,102,70,32
2016-01-14,27,16,11
2016-01-14,4,2,2
2016-01-14,1,1,0
2016-01-14,1,1,0
2016-01-14,4,2,2
2016-01-14,3,2,1
2016-01-13,5,3,2
2016-01-13,22,9,13
2016-01-13,25,7,18
2016-01-13,44,8,36
2016-01-13,63,19,44
2016-01-13,203,53,150
2016-01-13,333,114,219
2016-01-13,140,51,89
2016-01-13,89,34,55
2016-01-13,42,13,29
2016-01-13,30,18,12
2016-01-13,28,17,11
2016-01-13,40,22,18
2016-01-13,49,27,22
2016-01-13,124,76,48
2016-01-13,238,156,82
2016-01-13,194,138,56
2016-01-13,92,63,29
2016-01-13,32,21,11
2016-01-13,3,1,2
2016-01-13,1,1,0
2016-01-13,1,0,1
2016-01-13,5,3,2
2016-01-13,3,2,1
2016-01-12,2,1,1
2016-01-12,16,10,6
2016-01-12,20,10,10
2016-01-12,34,11,23
2016-01-12,74,21,53
2016-01-12,206,46,160
2016-01-12,338,88,250
2016-01-12,157,56,101
2016-01-12,73,29,44
2016-01-12,45,12,33
2016-01-12,25,15,10
2016-01-12,34,16,18
2016-01-12,36,21,15
2016-01-12,56,28,28
2016-01-12,169,106,63
2016-01-12,313,226,87
2016-01-12,254,186,68
2016-01-12,90,57,33
2016-01-12,26,18,8
2016-01-12,5,2,3
2016-01-12,1,1,0
2016-01-12,1,0,1
2016-01-12,1,0,1
2016-01-12,2,1,1
2016-01-11,10,4,6
2016-01-11,17,10,7
2016-01-11,25,7,18
2016-01-11,46,15,31
2016-01-11,93,30,63
2016-01-11,247,72,175
2016-01-11,369,92,277
2016-01-11,177,63,114
2016-01-11,69,28,41
2016-01-11,44,21,23
2016-01-11,30,11,19
2016-01-11,27,15,12
2016-01-11,31,23,8
2016-01-11,60,31,29
2016-01-11,151,100,51
2016-01-11,339,225,114
2016-01-11,284,219,65
2016-01-11,90,63,27
2016-01-11,27,13,14
2016-01-11,9,6,3
2016-01-11,2,2,0
2016-01-11,0,0,0
2016-01-11,4,0,4
2016-01-11,3,0,3
2016-01-10,5,2,3
2016-01-10,12,5,7
2016-01-10,11,6,5
2016-01-10,14,6,8
2016-01-10,19,7,12
2016-01-10,24,15,9
2016-01-10,46,25,21
2016-01-10,110,60,50
2016-01-10,135,84,51
2016-01-10,166,103,63
2016-01-10,125,70,55
2016-01-10,77,40,37
2016-01-10,63,32,31
2016-01-10,60,40,20
2016-01-10,58,27,31
2016-01-10,23,17,6
2016-01-10,18,13,5
2016-01-10,6,3,3
2016-01-10,6,3,3
2016-01-10,0,0,0
2016-01-10,2,1,1
2016-01-10,3,2,1
2016-01-10,4,0,4
2016-01-10,6,1,5
2016-01-09,10,5,5
2016-01-09,17,11,6
2016-01-09,17,6,11
2016-01-09,16,5,11
2016-01-09,35,14,21
2016-01-09,27,12,15
2016-01-09,55,19,36
2016-01-09,70,40,30
2016-01-09,107,65,42
2016-01-09,97,60,37
2016-01-09,104,54,50
2016-01-09,113,63,50
2016-01-09,66,35,31
2016-01-09,74,54,20
2016-01-09,48,23,25
2016-01-09,41,21,20
2016-01-09,18,10,8
2016-01-09,9,4,5
2016-01-09,13,7,6
2016-01-09,1,0,1
2016-01-09,1,1,0
2016-01-09,6,3,3
2016-01-09,7,1,6
2016-01-09,8,4,4
2016-01-08,23,11,12
2016-01-08,24,14,10
2016-01-08,28,14,14
2016-01-08,49,18,31
2016-01-08,79,31,48
2016-01-08,227,78,149
2016-01-08,354,96,258
2016-01-08,227,94,133
2016-01-08,123,56,67
2016-01-08,84,42,42
2016-01-08,67,32,35
2016-01-08,61,30,31
2016-01-08,57,26,31
2016-01-08,64,44,20
2016-01-08,184,100,84
2016-01-08,329,222,107
2016-01-08,264,194,70
2016-01-08,79,52,27
2016-01-08,33,20,13
2016-01-08,5,2,3
2016-01-08,0,0,0
2016-01-08,2,2,0
2016-01-08,9,9,0
2016-01-08,12,8,4
2016-01-07,28,20,8
2016-01-07,29,10,19
2016-01-07,35,13,22
2016-01-07,61,17,44
2016-01-07,170,45,125
2016-01-07,278,106,172
2016-01-07,420,120,300
2016-01-07,178,57,121
2016-01-07,112,49,63
2016-01-07,60,33,27
2016-01-07,40,19,21
2016-01-07,54,23,31
2016-01-07,35,19,16
2016-01-07,69,46,23
2016-01-07,208,130,78
2016-01-07,373,261,112
2016-01-07,271,200,71
2016-01-07,113,82,31
2016-01-07,29,18,11
2016-01-07,5,3,2
2016-01-07,1,1,0
2016-01-07,0,0,0
2016-01-07,3,1,2
2016-01-07,10,7,3
2016-01-06,8,3,5
2016-01-06,35,15,20
2016-01-06,35,11,24
2016-01-06,54,26,28
2016-01-06,120,24,96
2016-01-06,270,105,165
2016-01-06,428,129,299
2016-01-06,240,85,155
2016-01-06,97,43,54
2016-01-06,70,31,39
2016-01-06,66,32,34
2016-01-06,71,44,27
2016-01-06,62,33,29
2016-01-06,71,38,33
2016-01-06,233,146,87
2016-01-06,374,256,118
2016-01-06,300,220,80
2016-01-06,99,67,32
2016-01-06,31,19,12
2016-01-06,7,5,2
2016-01-06,4,2,2
2016-01-06,2,1,1
2016-01-06,2,1,1
2016-01-06,5,4,1
2016-01-05,7,3,4
2016-01-05,16,7,9
2016-01-05,28,9,19
2016-01-05,37,13,24
2016-01-05,87,27,60
2016-01-05,229,64,165
2016-01-05,366,101,265
2016-01-05,179,55,124
2016-01-05,82,23,59
2016-01-05,45,12,33
2016-01-05,36,20,16
2016-01-05,30,15,15
2016-01-05,33,14,19
2016-01-05,72,36,36
2016-01-05,160,103,57
2016-01-05,300,207,93
2016-01-05,248,181,67
2016-01-05,85,58,27
2016-01-05,26,17,9
2016-01-05,6,3,3
2016-01-05,0,0,0
2016-01-05,1,1,0
2016-01-05,1,1,0
2016-01-05,4,4,0
2016-01-04,9,1,8
2016-01-04,13,5,8
2016-01-04,16,9,7
2016-01-04,37,13,24
2016-01-04,65,21,44
2016-01-04,224,69,155
2016-01-04,321,96,225
2016-01-04,148,54,94
2016-01-04,58,19,39
2016-01-04,41,15,26
2016-01-04,33,17,16
2016-01-04,21,9,12
2016-01-04,24,11,13
2016-01-04,54,28,26
2016-01-04,147,94,53
2016-01-04,295,194,101
2016-01-04,195,146,49
2016-01-04,71,42,29
2016-01-04,20,12,8
2016-01-04,5,2,3
2016-01-04,3,2,1
2016-01-04,0,0,0
2016-01-04,1,1,0
2016-01-04,0,0,0
2016-01-03,3,1,2
2016-01-03,3,2,1
2016-01-03,5,2,3
2016-01-03,11,5,6
2016-01-03,10,4,6
2016-01-03,12,7,5
2016-01-03,16,9,7
2016-01-03,28,14,14
2016-01-03,34,16,18
2016-01-03,29,19,10
2016-01-03,51,27,24
2016-01-03,43,21,22
2016-01-03,60,34,26
2016-01-03,47,25,22
2016-01-03,38,19,19
2016-01-03,20,10,10
2016-01-03,11,4,7
2016-01-03,6,1,5
2016-01-03,6,4,2
2016-01-03,0,0,0
2016-01-03,1,0,1
2016-01-03,4,3,1
2016-01-03,4,2,2
2016-01-03,2,2,0
2016-01-02,7,3,4
2016-01-02,14,6,8
2016-01-02,9,0,9
2016-01-02,11,5,6
2016-01-02,20,8,12
2016-01-02,30,7,23
2016-01-02,33,17,16
2016-01-02,59,35,24
2016-01-02,96,48,48
2016-01-02,101,60,41
2016-01-02,100,63,37
2016-01-02,63,26,37
2016-01-02,64,48,16
2016-01-02,45,27,18
2016-01-02,33,18,15
2016-01-02,22,12,10
2016-01-02,11,6,5
2016-01-02,6,2,4
2016-01-02,2,1,1
2016-01-02,3,1,2
2016-01-02,0,0,0
2016-01-02,1,1,0
2016-01-02,0,0,0
2016-01-02,3,2,1
2016-01-01,4,3,1
2016-01-01,11,3,8
2016-01-01,9,6,3
2016-01-01,12,5,7
2016-01-01,12,6,6
2016-01-01,11,8,3
2016-01-01,26,14,12
2016-01-01,57,30,27
2016-01-01,65,36,29
2016-01-01,84,57,27
2016-01-01,78,55,23
2016-01-01,51,31,20
2016-01-01,23,14,9
2016-01-01,24,10,14
2016-01-01,19,10,9
2016-01-01,11,2,9
2016-01-01,3,1,2
2016-01-01,3,2,1
2016-01-01,6,4,2
2016-01-01,2,0,2
2016-01-01,7,1,6
2016-01-01,11,6,5
2016-01-01,15,3,12
2016-01-01,18,9,9
2015-12-31,13,7,6
2015-12-31,12,7,5
2015-12-31,16,8,8
2015-12-31,12,2,10
2015-12-31,23,10,13
2015-12-31,44,14,30
2015-12-31,81,23,58
2015-12-31,109,48,61
2015-12-31,110,46,64
2015-12-31,105,41,64
2015-12-31,80,48,32
2015-12-31,68,41,27
2015-12-31,46,28,18
2015-12-31,43,21,22
2015-12-31,65,38,27
2015-12-31,100,68,32
2015-12-31,74,49,25
2015-12-31,33,17,16
2015-12-31,16,12,4
2015-12-31,5,3,2
2015-12-31,0,0,0
2015-12-31,2,1,1
2015-12-31,3,1,2
2015-12-31,5,3,2
2015-12-30,18,8,10
2015-12-30,9,5,4
2015-12-30,14,4,10
2015-12-30,29,9,20
2015-12-30,41,7,34
2015-12-30,107,26,81
2015-12-30,212,66,146
2015-12-30,150,70,80
2015-12-30,92,47,45
2015-12-30,84,37,47
2015-12-30,66,33,33
2015-12-30,53,34,19
2015-12-30,46,24,22
2015-12-30,64,33,31
2015-12-30,98,65,33
2015-12-30,166,113,53
2015-12-30,134,101,33
2015-12-30,42,25,17
2015-12-30,21,17,4
2015-12-30,5,3,2
2015-12-30,0,0,0
2015-12-30,0,0,0
2015-12-30,2,2,0
2015-12-30,7,2,5
2015-12-29,10,4,6
2015-12-29,16,7,9
2015-12-29,18,4,14
2015-12-29,29,17,12
2015-12-29,49,18,31
2015-12-29,141,50,91
2015-12-29,204,59,145
2015-12-29,149,57,92
2015-12-29,81,34,47
2015-12-29,63,33,30
2015-12-29,74,40,34
2015-12-29,45,24,21
2015-12-29,42,23,19
2015-12-29,72,31,41
2015-12-29,108,65,43
2015-12-29,199,135,64
2015-12-29,134,101,33
2015-12-29,52,29,23
2015-12-29,12,9,3
2015-12-29,6,3,3
2015-12-29,0,0,0
2015-12-29,1,0,1
2015-12-29,0,0,0
2015-12-29,3,1,2
2015-12-28,19,11,8
2015-12-28,13,5,8
2015-12-28,5,2,3
2015-12-28,24,7,17
2015-12-28,30,8,22
2015-12-28,93,32,61
2015-12-28,208,69,139
2015-12-28,115,40,75
2015-12-28,82,33,49
2015-12-28,41,14,27
2015-12-28,43,21,22
2015-12-28,29,14,15
2015-12-28,32,24,8
2015-12-28,43,19,24
2015-12-28,85,56,29
2015-12-28,158,111,47
2015-12-28,118,88,30
2015-12-28,47,30,17
2015-12-28,12,6,6
2015-12-28,3,2,1
2015-12-28,1,1,0
2015-12-28,1,0,1
2015-12-28,0,0,0
2015-12-28,4,1,3
2015-12-27,5,4,1
2015-12-27,7,4,3
2015-12-27,5,1,4
2015-12-27,2,1,1
2015-12-27,6,2,4
2015-12-27,5,3,2
2015-12-27,5,1,4
2015-12-27,14,5,9
2015-12-27,11,5,6
2015-12-27,16,9,7
2015-12-27,14,7,7
2015-12-27,12,5,7
2015-12-27,18,15,3
2015-12-27,20,12,8
2015-12-27,16,4,12
2015-12-27,14,7,7
2015-12-27,5,3,2
2015-12-27,9,5,4
2015-12-27,3,1,2
2015-12-27,1,0,1
2015-12-27,2,1,1
2015-12-27,2,2,0
2015-12-27,5,1,4
2015-12-27,5,2,3
2015-12-26,6,2,4
2015-12-26,7,4,3
2015-12-26,14,6,8
2015-12-26,16,4,12
2015-12-26,7,4,3
2015-12-26,21,8,13
2015-12-26,33,15,18
2015-12-26,37,19,18
2015-12-26,53,26,27
2015-12-26,55,25,30
2015-12-26,50,26,24
2015-12-26,43,22,21
2015-12-26,46,30,16
2015-12-26,42,29,13
2015-12-26,19,6,13
2015-12-26,11,8,3
2015-12-26,9,4,5
2015-12-26,6,3,3
2015-12-26,10,8,2
2015-12-26,1,0,1
2015-12-26,0,0,0
2015-12-26,0,0,0
2015-12-26,0,0,0
2015-12-26,2,1,1
2015-12-25,2,2,0
2015-12-25,4,1,3
2015-12-25,6,4,2
2015-12-25,6,4,2
2015-12-25,10,3,7
2015-12-25,8,5,3
2015-12-25,11,10,1
2015-12-25,20,10,10
2015-12-25,43,26,17
2015-12-25,45,26,19
2015-12-25,24,11,13
2015-12-25,26,13,13
2015-12-25,23,21,2
2015-12-25,11,5,6
2015-12-25,4,4,0
2015-12-25,4,0,4
2015-12-25,6,4,2
2015-12-25,1,0,1
2015-12-25,1,1,0
2015-12-25,1,0,1
2015-12-25,0,0,0
2015-12-25,4,0,4
2015-12-25,3,0,3
2015-12-25,1,0,1
2015-12-24,2,2,0
2015-12-24,5,3,2
2015-12-24,4,4,0
2015-12-24,6,1,5
2015-12-24,10,5,5
2015-12-24,18,8,10
2015-12-24,25,8,17
2015-12-24,30,8,22
2015-12-24,60,26,34
2015-12-24,65,35,30
2015-12-24,62,29,33
2015-12-24,48,26,22
2015-12-24,36,16,20
2015-12-24,28,19,9
2015-12-24,46,27,19
2015-12-24,54,37,17
2015-12-24,52,29,23
2015-12-24,22,17,5
2015-12-24,6,4,2
2015-12-24,2,0,2
2015-12-24,1,0,1
2015-12-24,1,0,1
2015-12-24,3,1,2
2015-12-24,6,1,5
2015-12-23,12,8,4
2015-12-23,8,4,4
2015-12-23,13,7,6
2015-12-23,23,9,14
2015-12-23,41,12,29
2015-12-23,69,28,41
2015-12-23,159,40,119
2015-12-23,131,38,93
2015-12-23,77,30,47
2015-12-23,58,20,38
2015-12-23,41,23,18
2015-12-23,46,24,22
2015-12-23,37,26,11
2015-12-23,37,20,17
2015-12-23,100,66,34
2015-12-23,149,100,49
2015-12-23,121,83,38
2015-12-23,59,38,21
2015-12-23,27,19,8
2015-12-23,3,0,3
2015-12-23,1,1,0
2015-12-23,0,0,0
2015-12-23,4,3,1
2015-12-23,3,3,0
2015-12-22,9,1,8
2015-12-22,12,6,6
2015-12-22,18,9,9
2015-12-22,24,6,18
2015-12-22,54,20,34
2015-12-22,148,34,114
2015-12-22,249,69,180
2015-12-22,158,46,112
2015-12-22,80,33,47
2015-12-22,54,20,34
2015-12-22,39,21,18
2015-12-22,51,23,28
2015-12-22,39,19,20
2015-12-22,62,37,25
2015-12-22,135,95,40
2015-12-22,219,147,72
2015-12-22,177,126,51
2015-12-22,74,44,30
2015-12-22,21,13,8
2015-12-22,2,1,1
2015-12-22,3,3,0
2015-12-22,2,2,0
2015-12-22,4,2,2
2015-12-22,1,0,1
2015-12-21,4,2,2
2015-12-21,14,8,6
2015-12-21,13,6,7
2015-12-21,19,8,11
2015-12-21,52,24,28
2015-12-21,145,38,107
2015-12-21,227,60,167
2015-12-21,97,41,56
2015-12-21,38,11,27
2015-12-21,25,6,19
2015-12-21,19,9,10
2015-12-21,19,10,9
2015-12-21,12,8,4
2015-12-21,30,19,11
2015-12-21,89,52,37
2015-12-21,201,130,71
2015-12-21,167,126,41
2015-12-21,74,41,33
2015-12-21,16,11,5
2015-12-21,4,3,1
2015-12-21,4,1,3
2015-12-21,1,0,1
2015-12-21,0,0,0
2015-12-21,5,2,3
2015-12-20,7,3,4
2015-12-20,5,4,1
2015-12-20,11,6,5
2015-12-20,22,13,9
2015-12-20,8,1,7
2015-12-20,21,7,14
2015-12-20,32,16,16
2015-12-20,40,22,18
2015-12-20,41,17,24
2015-12-20,52,30,22
2015-12-20,48,32,16
2015-12-20,46,28,18
2015-12-20,59,33,26
2015-12-20,42,16,26
2015-12-20,19,11,8
2015-12-20,27,18,9
2015-12-20,6,4,2
2015-12-20,6,0,6
2015-12-20,4,2,2
2015-12-20,4,2,2
2015-12-20,2,2,0
2015-12-20,0,0,0
2015-12-20,6,4,2
2015-12-20,4,2,2
2015-12-19,18,4,14
2015-12-19,17,8,9
2015-12-19,15,7,8
2015-12-19,16,7,9
2015-12-19,9,3,6
2015-12-19,31,16,15
2015-12-19,38,23,15
2015-12-19,46,25,21
2015-12-19,73,36,37
2015-12-19,95,58,37
2015-12-19,80,36,44
2015-12-19,86,50,36
2015-12-19,85,51,34
2015-12-19,56,37,19
2015-12-19,52,34,18
2015-12-19,35,19,16
2015-12-19,21,14,7
2015-12-19,10,4,6
2015-12-19,10,4,6
2015-12-19,0,0,0
2015-12-19,0,0,0
2015-12-19,1,0,1
2015-12-19,7,3,4
2015-12-19,7,3,4
2015-12-18,10,5,5
2015-12-18,17,10,7
2015-12-18,24,7,17
2015-12-18,25,8,17
2015-12-18,60,12,48
2015-12-18,133,44,89
2015-12-18,276,70,206
2015-12-18,159,62,97
2015-12-18,97,40,57
2015-12-18,59,33,26
2015-12-18,43,15,28
2015-12-18,50,24,26
2015-12-18,45,28,17
2015-12-18,65,37,28
2015-12-18,144,92,52
2015-12-18,246,167,79
2015-12-18,169,127,42
2015-12-18,59,44,15
2015-12-18,16,9,7
2015-12-18,3,1,2
2015-12-18,0,0,0
2015-12-18,1,1,0
2015-12-18,4,4,0
2015-12-18,3,2,1
2015-12-17,9,3,6
2015-12-17,17,4,13
2015-12-17,17,5,12
2015-12-17,68,18,50
2015-12-17,78,21,57
2015-12-17,168,48,120
2015-12-17,257,87,170
2015-12-17,118,51,67
2015-12-17,59,23,36
2015-12-17,31,13,18
2015-12-17,27,9,18
2015-12-17,22,11,11
2015-12-17,20,14,6
2015-12-17,49,30,19
2015-12-17,150,90,60
2015-12-17,243,158,85
2015-12-17,202,154,48
2015-12-17,80,55,25
2015-12-17,22,14,8
2015-12-17,4,2,2
2015-12-17,2,2,0
2015-12-17,3,2,1
2015-12-17,4,3,1
2015-12-17,8,4,4
2015-12-16,22,10,12
2015-12-16,23,8,15
2015-12-16,41,12,29
2015-12-16,56,19,37
2015-12-16,103,39,64
2015-12-16,257,84,173
2015-12-16,407,122,285
2015-12-16,167,74,93
2015-12-16,105,48,57
2015-12-16,66,26,40
2015-12-16,60,30,30
2015-12-16,54,24,30
2015-12-16,52,30,22
2015-12-16,85,55,30
2015-12-16,193,124,69
2015-12-16,349,226,123
2015-12-16,244,175,69
2015-12-16,101,66,35
2015-12-16,29,22,7
2015-12-16,7,4,3
2015-12-16,2,2,0
2015-12-16,2,1,1
2015-12-16,1,0,1
2015-12-16,10,7,3
2015-12-15,14,5,9
2015-12-15,21,9,12
2015-12-15,29,8,21
2015-12-15,55,22,33
2015-12-15,94,31,63
2015-12-15,265,83,182
2015-12-15,384,95,289
2015-12-15,195,66,129
2015-12-15,98,46,52
2015-12-15,55,25,30
2015-12-15,53,23,30
2015-12-15,55,33,22
2015-12-15,51,31,20
2015-12-15,68,41,27
2015-12-15,199,133,66
2015-12-15,357,238,119
2015-12-15,279,208,71
2015-12-15,102,61,41
2015-12-15,31,21,10
2015-12-15,6,3,3
2015-12-15,5,3,2
2015-12-15,3,0,3
2015-12-15,2,1,1
2015-12-15,9,5,4
2015-12-14,14,5,9
2015-12-14,23,11,12
2015-12-14,42,14,28
2015-12-14,48,18,30
2015-12-14,102,34,68
2015-12-14,290,93,197
2015-12-14,403,103,300
2015-12-14,191,72,119
2015-12-14,105,51,54
2015-12-14,54,24,30
2015-12-14,58,32,26
2015-12-14,58,28,30
2015-12-14,52,40,12
2015-12-14,72,40,32
2015-12-14,172,104,68
2015-12-14,406,277,129
2015-12-14,288,209,79
2015-12-14,88,55,33
2015-12-14,32,19,13
2015-12-14,11,8,3
2015-12-14,2,2,0
2015-12-14,3,1,2
2015-12-14,2,1,1
2015-12-14,5,2,3
2015-12-13,8,3,5
2015-12-13,9,3,6
2015-12-13,4,3,1
2015-12-13,8,6,2
2015-12-13,14,5,9
2015-12-13,19,9,10
2015-12-13,25,8,17
2015-12-13,23,11,12
2015-12-13,62,31,31
2015-12-13,55,34,21
2015-12-13,42,26,16
2015-12-13,52,25,27
2015-12-13,28,18,10
2015-12-13,34,18,16
2015-12-13,38,18,20
2015-12-13,22,11,11
2015-12-13,13,7,6
2015-12-13,6,2,4
2015-12-13,9,4,5
2015-12-13,1,1,0
2015-12-13,4,3,1
2015-12-13,4,4,0
2015-12-13,1,1,0
2015-12-13,9,5,4
2015-12-12,6,3,3
2015-12-12,10,8,2
2015-12-12,7,4,3
2015-12-12,12,3,9
2015-12-12,13,6,7
2015-12-12,27,13,14
2015-12-12,24,14,10
2015-12-12,36,12,24
2015-12-12,30,15,15
2015-12-12,25,14,11
2015-12-12,19,9,10
2015-12-12,26,13,13
2015-12-12,30,17,13
2015-12-12,41,25,16
2015-12-12,27,15,12
2015-12-12,32,18,14
2015-12-12,18,6,12
2015-12-12,15,7,8
2015-12-12,12,7,5
2015-12-12,5,3,2
2015-12-12,1,0,1
2015-12-12,8,4,4
2015-12-12,10,3,7
2015-12-12,13,6,7
2015-12-11,16,7,9
2015-12-11,25,10,15
2015-12-11,30,13,17
2015-12-11,41,11,30
2015-12-11,68,21,47
2015-12-11,159,43,116
2015-12-11,321,86,235
2015-12-11,189,68,121
2015-12-11,106,45,61
2015-12-11,75,45,30
2015-12-11,47,22,25
2015-12-11,63,27,36
2015-12-11,61,35,26
2015-12-11,73,42,31
2015-12-11,174,109,65
2015-12-11,294,183,111
2015-12-11,207,157,50
2015-12-11,66,46,20
2015-12-11,22,15,7
2015-12-11,7,2,5
2015-12-11,1,1,0
2015-12-11,3,1,2
2015-12-11,2,1,1
2015-12-11,7,2,5
2015-12-10,15,4,11
2015-12-10,20,10,10
2015-12-10,32,9,23
2015-12-10,49,17,32
2015-12-10,77,20,57
2015-12-10,194,59,135
2015-12-10,287,71,216
2015-12-10,155,56,99
2015-12-10,62,30,32
2015-12-10,35,10,25
2015-12-10,21,10,11
2015-12-10,13,8,5
2015-12-10,19,12,7
2015-12-10,53,34,19
2015-12-10,131,72,59
2015-12-10,317,214,103
2015-12-10,239,169,70
2015-12-10,81,53,28
2015-12-10,23,14,9
2015-12-10,5,4,1
2015-12-10,3,2,1
2015-12-10,2,0,2
2015-12-10,5,3,2
2015-12-10,3,0,3
2015-12-09,26,12,14
2015-12-09,26,8,18
2015-12-09,41,14,27
2015-12-09,50,21,29
2015-12-09,96,28,68
2015-12-09,238,82,156
2015-12-09,364,100,264
2015-12-09,167,68,99
2015-12-09,104,56,48
2015-12-09,82,38,44
2015-12-09,54,28,26
2015-12-09,45,25,20
2015-12-09,51,26,25
2015-12-09,80,48,32
2015-12-09,190,117,73
2015-12-09,302,205,97
2015-12-09,200,142,58
2015-12-09,66,43,23
2015-12-09,25,15,10
2015-12-09,4,2,2
2015-12-09,4,4,0
2015-12-09,1,0,1
2015-12-09,0,0,0
2015-12-09,4,3,1
2015-12-08,11,1,10
2015-12-08,13,3,10
2015-12-08,21,6,15
2015-12-08,35,14,21
2015-12-08,85,33,52
2015-12-08,196,55,141
2015-12-08,298,77,221
2015-12-08,110,42,68
2015-12-08,67,30,37
2015-12-08,32,16,16
2015-12-08,20,11,9
2015-12-08,23,9,14
2015-12-08,29,15,14
2015-12-08,43,25,18
2015-12-08,161,99,62
2015-12-08,307,208,99
2015-12-08,194,137,57
2015-12-08,73,50,23
2015-12-08,21,15,6
2015-12-08,4,3,1
2015-12-08,4,4,0
2015-12-08,3,1,2
2015-12-08,3,0,3
2015-12-08,3,1,2
2015-12-07,4,1,3
2015-12-07,28,11,17
2015-12-07,24,10,14
2015-12-07,39,14,25
2015-12-07,78,23,55
2015-12-07,245,74,171
2015-12-07,370,96,274
2015-12-07,142,52,90
2015-12-07,70,26,44
2015-12-07,29,15,14
2015-12-07,18,4,14
2015-12-07,22,11,11
2015-12-07,17,7,10
2015-12-07,46,34,12
2015-12-07,177,115,62
2015-12-07,342,235,107
2015-12-07,252,199,53
2015-12-07,88,50,38
2015-12-07,35,26,9
2015-12-07,5,4,1
2015-12-07,2,2,0
2015-12-07,3,1,2
2015-12-07,2,1,1
2015-12-07,3,2,1
2015-12-06,5,3,2
2015-12-06,5,4,1
2015-12-06,5,2,3
2015-12-06,14,4,10
2015-12-06,13,5,8
2015-12-06,19,8,11
2015-12-06,22,7,15
2015-12-06,25,17,8
2015-12-06,64,29,35
2015-12-06,73,41,32
2015-12-06,61,27,34
2015-12-06,55,31,24
2015-12-06,28,12,16
2015-12-06,22,12,10
2015-12-06,34,16,18
2015-12-06,16,9,7
2015-12-06,4,1,3
2015-12-06,6,4,2
2015-12-06,2,0,2
2015-12-06,0,0,0
2015-12-06,1,0,1
2015-12-06,1,1,0
2015-12-06,4,2,2
2015-12-06,1,1,0
2015-12-05,6,1,5
2015-12-05,8,5,3
2015-12-05,12,3,9
2015-12-05,11,7,4
2015-12-05,10,7,3
2015-12-05,23,9,14
2015-12-05,25,18,7
2015-12-05,21,5,16
2015-12-05,15,8,7
2015-12-05,22,11,11
2015-12-05,24,13,11
2015-12-05,23,11,12
2015-12-05,29,18,11
2015-12-05,25,17,8
2015-12-05,28,21,7
2015-12-05,48,24,24
2015-12-05,18,9,9
2015-12-05,15,12,3
2015-12-05,5,4,1
2015-12-05,5,3,2
2015-12-05,3,0,3
2015-12-05,3,2,1
2015-12-05,10,6,4
2015-12-05,19,7,12
2015-12-04,25,11,14
2015-12-04,23,9,14
2015-12-04,38,11,27
2015-12-04,42,13,29
2015-12-04,83,27,56
2015-12-04,191,65,126
2015-12-04,337,103,234
2015-12-04,216,74,142
2015-12-04,119,53,66
2015-12-04,85,45,40
2015-12-04,62,34,28
2015-12-04,60,36,24
2015-12-04,55,31,24
2015-12-04,70,42,28
2015-12-04,205,122,83
2015-12-04,319,210,109
2015-12-04,221,158,63
2015-12-04,76,49,27
2015-12-04,22,14,8
2015-12-04,5,2,3
2015-12-04,3,2,1
2015-12-04,2,1,1
2015-12-04,2,0,2
2015-12-04,7,1,6
2015-12-03,15,5,10
2015-12-03,7,2,5
2015-12-03,32,8,24
2015-12-03,47,14,33
2015-12-03,86,24,62
2015-12-03,190,66,124
2015-12-03,270,74,196
2015-12-03,152,59,93
2015-12-03,82,30,52
2015-12-03,50,25,25
2015-12-03,49,23,26
2015-12-03,33,17,16
2015-12-03,45,27,18
2015-12-03,81,49,32
2015-12-03,158,86,72
2015-12-03,288,200,88
2015-12-03,178,129,49
2015-12-03,85,51,34
2015-12-03,24,13,11
2015-12-03,2,1,1
2015-12-03,1,1,0
2015-12-03,0,0,0
2015-12-03,4,1,3
2015-12-03,5,5,0
2015-12-02,20,8,12
2015-12-02,23,10,13
2015-12-02,50,18,32
2015-12-02,72,22,50
2015-12-02,98,27,71
2015-12-02,272,83,189
2015-12-02,419,103,316
2015-12-02,196,81,115
2015-12-02,91,32,59
2015-12-02,70,33,37
2015-12-02,47,26,21
2015-12-02,50,26,24
2015-12-02,51,22,29
2015-12-02,80,57,23
2015-12-02,176,111,65
2015-12-02,358,230,128
2015-12-02,274,198,76
2015-12-02,116,77,39
2015-12-02,29,21,8
2015-12-02,8,7,1
2015-12-02,6,5,1
2015-12-02,3,1,2
2015-12-02,1,1,0
2015-12-02,5,1,4
2015-12-01,6,2,4
2015-12-01,13,7,6
2015-12-01,25,5,20
2015-12-01,50,11,39
2015-12-01,103,35,68
2015-12-01,254,73,181
2015-12-01,419,109,310
2015-12-01,231,83,148
2015-12-01,110,42,68
2015-12-01,64,27,37
2015-12-01,63,31,32
2015-12-01,48,20,28
2015-12-01,61,27,34
2015-12-01,76,42,34
2015-12-01,208,127,81
2015-12-01,405,294,111
2015-12-01,310,225,85
2015-12-01,96,66,30
2015-12-01,36,21,15
2015-12-01,5,2,3
2015-12-01,3,3,0
2015-12-01,2,1,1
2015-12-01,2,2,0
2015-12-01,8,4,4
2015-11-30,5,2,3
2015-11-30,13,4,9
2015-11-30,19,6,13
2015-11-30,47,21,26
2015-11-30,82,22,60
2015-11-30,279,69,210
2015-11-30,379,102,277
2015-11-30,185,70,115
2015-11-30,83,36,47
2015-11-30,70,34,36
2015-11-30,65,26,39
2015-11-30,48,31,17
2015-11-30,57,36,21
2015-11-30,52,36,16
2015-11-30,184,115,69
2015-11-30,372,251,121
2015-11-30,264,201,63
2015-11-30,79,45,34
2015-11-30,32,20,12
2015-11-30,3,2,1
2015-11-30,5,3,2
2015-11-30,1,0,1
2015-11-30,3,0,3
2015-11-30,2,0,2
2015-11-29,6,5,1
2015-11-29,8,3,5
2015-11-29,13,6,7
2015-11-29,14,5,9
2015-11-29,14,7,7
2015-11-29,25,12,13
2015-11-29,44,13,31
2015-11-29,41,24,17
2015-11-29,63,33,30
2015-11-29,63,33,30
2015-11-29,74,33,41
2015-11-29,64,29,35
2015-11-29,68,32,36
2015-11-29,41,24,17
2015-11-29,25,13,12
2015-11-29,14,10,4
2015-11-29,11,4,7
2015-11-29,2,1,1
2015-11-29,3,2,1
2015-11-29,0,0,0
2015-11-29,2,1,1
2015-11-29,2,1,1
2015-11-29,4,0,4
2015-11-29,4,2,2
2015-11-28,9,4,5
2015-11-28,11,8,3
2015-11-28,13,10,3
2015-11-28,12,3,9
2015-11-28,21,8,13
2015-11-28,26,9,17
2015-11-28,37,14,23
2015-11-28,74,35,39
2015-11-28,106,55,51
2015-11-28,99,59,40
2015-11-28,93,53,40
2015-11-28,76,57,19
2015-11-28,64,35,29
2015-11-28,53,32,21
2015-11-28,34,23,11
2015-11-28,26,12,14
2015-11-28,15,7,8
2015-11-28,4,2,2
2015-11-28,5,4,1
2015-11-28,5,3,2
2015-11-28,4,4,0
2015-11-28,1,0,1
2015-11-28,5,0,5
2015-11-28,5,2,3
2015-11-27,7,2,5
2015-11-27,18,10,8
2015-11-27,7,3,4
2015-11-27,25,7,18
2015-11-27,23,9,14
2015-11-27,49,19,30
2015-11-27,42,20,22
2015-11-27,78,46,32
2015-11-27,92,45,47
2015-11-27,99,52,47
2015-11-27,63,32,31
2015-11-27,66,28,38
2015-11-27,97,69,28
2015-11-27,65,28,37
2015-11-27,58,35,23
2015-11-27,27,15,12
2015-11-27,20,13,7
2015-11-27,16,9,7
2015-11-27,9,7,2
2015-11-27,4,2,2
2015-11-27,1,0,1
2015-11-27,3,3,0
2015-11-27,4,3,1
2015-11-27,9,4,5
2015-11-26,8,5,3
2015-11-26,4,2,2
2015-11-26,65,5,60
2015-11-26,8,1,7
2015-11-26,9,4,5
2015-11-26,9,5,4
2015-11-26,7,5,2
2015-11-26,21,14,7
2015-11-26,26,14,12
2015-11-26,65,34,31
2015-11-26,61,28,33
2015-11-26,80,46,34
2015-11-26,53,33,20
2015-11-26,38,22,16
2015-11-26,24,12,12
2015-11-26,13,5,8
2015-11-26,10,6,4
2015-11-26,7,5,2
2015-11-26,4,2,2
2015-11-26,1,0,1
2015-11-26,2,1,1
2015-11-26,3,3,0
2015-11-26,7,4,3
2015-11-26,7,3,4
2015-11-25,12,5,7
2015-11-25,9,7,2
2015-11-25,21,10,11
2015-11-25,31,8,23
2015-11-25,46,22,24
2015-11-25,127,34,93
2015-11-25,246,79,167
2015-11-25,226,70,156
2015-11-25,184,72,112
2015-11-25,107,42,65
2015-11-25,76,32,44
2015-11-25,57,30,27
2015-11-25,60,28,32
2015-11-25,61,35,26
2015-11-25,152,91,61
2015-11-25,271,187,84
2015-11-25,210,153,57
2015-11-25,78,46,32
2015-11-25,22,14,8
2015-11-25,6,0,6
2015-11-25,2,1,1
2015-11-25,5,2,3
2015-11-25,1,1,0
2015-11-25,6,3,3
2015-11-24,7,3,4
2015-11-24,20,12,8
2015-11-24,24,15,9
2015-11-24,35,10,25
2015-11-24,77,22,55
2015-11-24,218,53,165
2015-11-24,323,94,229
2015-11-24,166,57,109
2015-11-24,93,33,60
2015-11-24,51,22,29
2015-11-24,45,23,22
2015-11-24,48,17,31
2015-11-24,44,18,26
2015-11-24,68,36,32
2015-11-24,153,99,54
2015-11-24,275,192,83
2015-11-24,191,132,59
2015-11-24,74,47,27
2015-11-24,23,12,11
2015-11-24,5,3,2
2015-11-24,2,0,2
2015-11-24,2,1,1
2015-11-24,4,2,2
2015-11-24,4,2,2
2015-11-23,5,4,1
2015-11-23,18,9,9
2015-11-23,17,9,8
2015-11-23,39,13,26
2015-11-23,93,29,64
2015-11-23,221,60,161
2015-11-23,375,89,286
2015-11-23,190,61,129
2015-11-23,82,34,48
2015-11-23,48,16,32
2015-11-23,42,26,16
2015-11-23,57,30,27
2015-11-23,63,40,23
2015-11-23,61,28,33
2015-11-23,199,127,72
2015-11-23,333,222,111
2015-11-23,294,211,83
2015-11-23,99,64,35
2015-11-23,28,19,9
2015-11-23,5,0,5
2015-11-23,4,3,1
2015-11-23,1,0,1
2015-11-23,1,1,0
2015-11-23,3,1,2
2015-11-22,11,2,9
2015-11-22,9,3,6
2015-11-22,5,2,3
2015-11-22,13,3,10
2015-11-22,20,7,13
2015-11-22,38,21,17
2015-11-22,57,33,24
2015-11-22,67,36,31
2015-11-22,123,81,42
2015-11-22,130,70,60
2015-11-22,97,56,41
2015-11-22,92,48,44
2015-11-22,85,52,33
2015-11-22,64,35,29
2015-11-22,64,29,35
2015-11-22,39,22,17
2015-11-22,15,10,5
2015-11-22,5,2,3
2015-11-22,2,1,1
2015-11-22,1,1,0
2015-11-22,2,1,1
2015-11-22,5,3,2
2015-11-22,3,2,1
2015-11-22,11,5,6
2015-11-21,11,8,3
2015-11-21,24,6,18
2015-11-21,23,12,11
2015-11-21,17,6,11
2015-11-21,32,15,17
2015-11-21,37,20,17
2015-11-21,49,23,26
2015-11-21,78,49,29
2015-11-21,111,65,46
2015-11-21,117,62,55
2015-11-21,119,79,40
2015-11-21,144,73,71
2015-11-21,113,69,44
2015-11-21,82,40,42
2015-11-21,49,26,23
2015-11-21,49,28,21
2015-11-21,25,13,12
2015-11-21,13,9,4
2015-11-21,6,1,5
2015-11-21,4,1,3
2015-11-21,1,0,1
2015-11-21,0,0,0
2015-11-21,5,4,1
2015-11-21,10,8,2
2015-11-20,26,8,18
2015-11-20,26,13,13
2015-11-20,33,9,24
2015-11-20,45,13,32
2015-11-20,102,35,67
2015-11-20,223,69,154
2015-11-20,373,116,257
2015-11-20,233,69,164
2015-11-20,113,52,61
2015-11-20,88,37,51
2015-11-20,75,36,39
2015-11-20,74,41,33
2015-11-20,57,28,29
2015-11-20,73,36,37
2015-11-20,225,142,83
2015-11-20,368,252,116
2015-11-20,238,170,68
2015-11-20,86,58,28
2015-11-20,34,18,16
2015-11-20,9,5,4
2015-11-20,1,1,0
2015-11-20,1,1,0
2015-11-20,7,3,4
2015-11-20,10,5,5
2015-11-19,25,10,15
2015-11-19,32,11,21
2015-11-19,63,17,46
2015-11-19,75,26,49
2015-11-19,144,48,96
2015-11-19,313,98,215
2015-11-19,421,99,322
2015-11-19,237,93,144
2015-11-19,123,50,73
2015-11-19,83,39,44
2015-11-19,67,39,28
2015-11-19,61,27,34
2015-11-19,71,41,30
2015-11-19,100,66,34
2015-11-19,218,120,98
2015-11-19,437,291,146
2015-11-19,307,231,76
2015-11-19,103,74,29
2015-11-19,34,25,9
2015-11-19,7,3,4
2015-11-19,2,2,0
2015-11-19,1,0,1
2015-11-19,4,3,1
2015-11-19,9,7,2
2015-11-18,11,3,8
2015-11-18,22,12,10
2015-11-18,41,21,20
2015-11-18,81,22,59
2015-11-18,116,37,79
2015-11-18,313,90,223
2015-11-18,467,138,329
2015-11-18,240,84,156
2015-11-18,114,53,61
2015-11-18,73,35,38
2015-11-18,84,42,42
2015-11-18,64,29,35
2015-11-18,53,28,25
2015-11-18,93,53,40
2015-11-18,212,136,76
2015-11-18,450,306,144
2015-11-18,322,237,85
2015-11-18,113,67,46
2015-11-18,35,27,8
2015-11-18,8,4,4
2015-11-18,3,2,1
2015-11-18,1,1,0
2015-11-18,4,1,3
2015-11-18,7,3,4
2015-11-17,9,4,5
2015-11-17,13,7,6
2015-11-17,21,9,12
2015-11-17,33,9,24
2015-11-17,70,18,52
2015-11-17,189,59,130
2015-11-17,308,82,226
2015-11-17,161,60,101
2015-11-17,48,17,31
2015-11-17,34,14,20
2015-11-17,32,16,16
2015-11-17,27,11,16
2015-11-17,18,15,3
2015-11-17,45,22,23
2015-11-17,131,85,46
2015-11-17,303,211,92
2015-11-17,234,165,69
2015-11-17,64,46,18
2015-11-17,26,18,8
2015-11-17,6,4,2
2015-11-17,3,3,0
2015-11-17,4,2,2
2015-11-17,6,3,3
2015-11-17,3,3,0
2015-11-16,8,4,4
2015-11-16,19,7,12
2015-11-16,36,14,22
2015-11-16,45,17,28
2015-11-16,90,23,67
2015-11-16,254,72,182
2015-11-16,409,108,301
2015-11-16,191,78,113
2015-11-16,75,27,48
2015-11-16,41,15,26
2015-11-16,40,19,21
2015-11-16,26,14,12
2015-11-16,55,33,22
2015-11-16,56,32,24
2015-11-16,212,137,75
2015-11-16,394,255,139
2015-11-16,307,216,91
2015-11-16,103,67,36
2015-11-16,25,13,12
2015-11-16,4,2,2
2015-11-16,1,1,0
2015-11-16,3,2,1
2015-11-16,1,1,0
2015-11-16,8,4,4
2015-11-15,14,6,8
2015-11-15,21,8,13
2015-11-15,9,5,4
2015-11-15,14,7,7
2015-11-15,14,9,5
2015-11-15,33,14,19
2015-11-15,53,25,28
2015-11-15,92,55,37
2015-11-15,111,61,50
2015-11-15,99,51,48
2015-11-15,108,71,37
2015-11-15,84,44,40
2015-11-15,62,42,20
2015-11-15,38,17,21
2015-11-15,29,16,13
2015-11-15,19,12,7
2015-11-15,8,6,2
2015-11-15,9,6,3
2015-11-15,3,2,1
2015-11-15,1,0,1
2015-11-15,1,0,1
2015-11-15,0,0,0
2015-11-15,6,4,2
2015-11-15,5,2,3
2015-11-14,14,3,11
2015-11-14,5,3,2
2015-11-14,8,2,6
2015-11-14,8,3,5
2015-11-14,17,9,8
2015-11-14,19,10,9
2015-11-14,19,11,8
2015-11-14,24,11,13
2015-11-14,26,12,14
2015-11-14,26,12,14
2015-11-14,31,16,15
2015-11-14,45,27,18
2015-11-14,45,27,18
2015-11-14,20,13,7
2015-11-14,23,10,13
2015-11-14,26,17,9
2015-11-14,19,10,9
2015-11-14,8,3,5
2015-11-14,5,4,1
2015-11-14,2,0,2
2015-11-14,1,0,1
2015-11-14,2,1,1
2015-11-14,6,1,5
2015-11-14,6,2,4
2015-11-13,6,0,6
2015-11-13,24,12,12
2015-11-13,18,7,11
2015-11-13,32,14,18
2015-11-13,58,16,42
2015-11-13,171,46,125
2015-11-13,271,78,193
2015-11-13,135,49,86
2015-11-13,78,30,48
2015-11-13,36,16,20
2015-11-13,35,18,17
2015-11-13,31,15,16
2015-11-13,40,23,17
2015-11-13,57,37,20
2015-11-13,133,90,43
2015-11-13,234,157,77
2015-11-13,171,119,52
2015-11-13,46,34,12
2015-11-13,21,10,11
2015-11-13,4,2,2
2015-11-13,1,1,0
2015-11-13,2,1,1
2015-11-13,2,1,1
2015-11-13,6,3,3
2015-11-12,11,4,7
2015-11-12,19,8,11
2015-11-12,53,34,19
2015-11-12,37,17,20
2015-11-12,114,38,76
2015-11-12,241,72,169
2015-11-12,403,96,307
2015-11-12,189,63,126
2015-11-12,108,41,67
2015-11-12,54,27,27
2015-11-12,48,20,28
2015-11-12,45,19,26
2015-11-12,60,39,21
2015-11-12,86,46,40
2015-11-12,186,121,65
2015-11-12,427,283,144
2015-11-12,318,227,91
2015-11-12,115,75,40
2015-11-12,42,27,15
2015-11-12,5,1,4
2015-11-12,4,2,2
2015-11-12,1,1,0
2015-11-12,5,2,3
2015-11-12,4,2,2
2015-11-11,15,9,6
2015-11-11,36,17,19
2015-11-11,58,19,39
2015-11-11,67,20,47
2015-11-11,100,27,73
2015-11-11,258,98,160
2015-11-11,398,105,293
2015-11-11,211,83,128
2015-11-11,134,54,80
2015-11-11,103,41,62
2015-11-11,93,52,41
2015-11-11,95,46,49
2015-11-11,80,47,33
2015-11-11,81,51,30
2015-11-11,190,117,73
2015-11-11,343,228,115
2015-11-11,245,177,68
2015-11-11,84,47,37
2015-11-11,17,12,5
2015-11-11,6,2,4
2015-11-11,3,3,0
2015-11-11,3,0,3
2015-11-11,3,1,2
2015-11-11,6,2,4
2015-11-10,14,5,9
2015-11-10,33,13,20
2015-11-10,52,26,26
2015-11-10,76,22,54
2015-11-10,132,55,77
2015-11-10,318,97,221
2015-11-10,568,133,435
2015-11-10,298,103,195
2015-11-10,118,43,75
2015-11-10,78,33,45
2015-11-10,79,39,40
2015-11-10,89,46,43
2015-11-10,76,43,33
2015-11-10,88,46,42
2015-11-10,241,143,98
2015-11-10,501,340,161
2015-11-10,413,312,101
2015-11-10,129,78,51
2015-11-10,35,20,15
2015-11-10,6,5,1
2015-11-10,4,2,2
2015-11-10,2,0,2
2015-11-10,0,0,0
2015-11-10,7,4,3
2015-11-09,7,2,5
2015-11-09,18,11,7
2015-11-09,37,14,23
2015-11-09,55,20,35
2015-11-09,97,37,60
2015-11-09,257,89,168
2015-11-09,394,115,279
2015-11-09,222,67,155
2015-11-09,97,36,61
2015-11-09,46,15,31
2015-11-09,50,27,23
2015-11-09,45,26,19
2015-11-09,34,19,15
2015-11-09,67,34,33
2015-11-09,137,82,55
2015-11-09,320,217,103
2015-11-09,260,184,76
2015-11-09,109,69,40
2015-11-09,29,17,12
2015-11-09,5,5,0
2015-11-09,4,2,2
2015-11-09,2,1,1
2015-11-09,4,1,3
2015-11-09,3,1,2
2015-11-08,12,4,8
2015-11-08,6,2,4
2015-11-08,12,6,6
2015-11-08,13,5,8
2015-11-08,21,10,11
2015-11-08,23,15,8
2015-11-08,49,28,21
2015-11-08,110,49,61
2015-11-08,78,49,29
2015-11-08,64,34,30
2015-11-08,44,22,22
2015-11-08,38,23,15
2015-11-08,35,18,17
2015-11-08,45,29,16
2015-11-08,40,21,19
2015-11-08,39,20,19
2015-11-08,19,11,8
2015-11-08,5,2,3
2015-11-08,4,2,2
2015-11-08,0,0,0
2015-11-08,8,6,2
2015-11-08,0,0,0
2015-11-08,10,4,6
2015-11-08,6,3,3
2015-11-07,13,3,10
2015-11-07,18,12,6
2015-11-07,15,2,13
2015-11-07,19,10,9
2015-11-07,17,13,4
2015-11-07,24,12,12
2015-11-07,30,17,13
2015-11-07,44,17,27
2015-11-07,30,11,19
2015-11-07,32,17,15
2015-11-07,40,19,21
2015-11-07,42,24,18
2015-11-07,31,13,18
2015-11-07,36,20,16
2015-11-07,27,15,12
2015-11-07,31,18,13
2015-11-07,22,14,8
2015-11-07,9,1,8
2015-11-07,5,3,2
2015-11-07,3,0,3
2015-11-07,3,2,1
2015-11-07,3,2,1
2015-11-07,18,8,10
2015-11-07,13,7,6
2015-11-06,21,9,12
2015-11-06,32,14,18
2015-11-06,31,13,18
2015-11-06,41,14,27
2015-11-06,120,47,73
2015-11-06,207,64,143
2015-11-06,354,120,234
2015-11-06,242,69,173
2015-11-06,121,45,76
2015-11-06,104,37,67
2015-11-06,73,28,45
2015-11-06,61,34,27
2015-11-06,68,34,34
2015-11-06,76,46,30
2015-11-06,180,105,75
2015-11-06,340,238,102
2015-11-06,270,196,74
2015-11-06,101,68,33
2015-11-06,30,20,10
2015-11-06,7,5,2
2015-11-06,3,2,1
2015-11-06,2,1,1
2015-11-06,8,3,5
2015-11-06,7,1,6
2015-11-05,14,6,8
2015-11-05,40,14,26
2015-11-05,54,18,36
2015-11-05,73,28,45
2015-11-05,117,36,81
2015-11-05,272,89,183
2015-11-05,484,140,344
2015-11-05,259,104,155
2015-11-05,125,52,73
2015-11-05,72,29,43
2015-11-05,58,27,31
2015-11-05,49,22,27
2015-11-05,57,34,23
2015-11-05,94,61,33
2015-11-05,199,126,73
2015-11-05,456,309,147
2015-11-05,335,241,94
2015-11-05,111,76,35
2015-11-05,36,20,16
2015-11-05,4,2,2
2015-11-05,3,2,1
2015-11-05,1,0,1
2015-11-05,6,5,1
2015-11-05,8,4,4
2015-11-04,18,10,8
2015-11-04,41,18,23
2015-11-04,51,21,30
2015-11-04,100,41,59
2015-11-04,128,44,84
2015-11-04,343,120,223
2015-11-04,563,159,404
2015-11-04,279,110,169
2015-11-04,133,54,79
2015-11-04,95,50,45
2015-11-04,83,45,38
2015-11-04,79,33,46
2015-11-04,65,37,28
2015-11-04,102,57,45
2015-11-04,241,156,85
2015-11-04,478,324,154
2015-11-04,420,298,122
2015-11-04,152,93,59
2015-11-04,40,31,9
2015-11-04,6,4,2
2015-11-04,4,3,1
2015-11-04,3,1,2
2015-11-04,4,4,0
2015-11-04,4,1,3
2015-11-03,22,11,11
2015-11-03,23,10,13
2015-11-03,58,23,35
2015-11-03,69,31,38
2015-11-03,131,46,85
2015-11-03,318,100,218
2015-11-03,562,128,434
2015-11-03,296,116,180
2015-11-03,133,48,85
2015-11-03,80,36,44
2015-11-03,70,36,34
2015-11-03,57,30,27
2015-11-03,62,43,19
2015-11-03,83,50,33
2015-11-03,216,126,90
2015-11-03,492,333,159
2015-11-03,411,289,122
2015-11-03,148,99,49
2015-11-03,49,35,14
2015-11-03,5,3,2
2015-11-03,4,3,1
2015-11-03,3,0,3
2015-11-03,2,1,1
2015-11-03,10,9,1
2015-11-02,9,5,4
2015-11-02,28,11,17
2015-11-02,47,19,28
2015-11-02,56,27,29
2015-11-02,99,34,65
2015-11-02,333,102,231
2015-11-02,548,149,399
2015-11-02,269,107,162
2015-11-02,113,48,65
2015-11-02,66,32,34
2015-11-02,57,24,33
2015-11-02,61,30,31
2015-11-02,38,24,14
2015-11-02,74,39,35
2015-11-02,206,117,89
2015-11-02,475,330,145
2015-11-02,359,254,105
2015-11-02,129,86,43
2015-11-02,40,28,12
2015-11-02,4,2,2
2015-11-02,4,2,2
2015-11-02,1,0,1
2015-11-02,1,0,1
2015-11-02,7,2,5
2015-11-01,9,4,5
2015-11-01,8,5,3
2015-11-01,11,2,9
2015-11-01,12,6,6
2015-11-01,9,6,3
2015-11-01,24,11,13
2015-11-01,49,31,18
2015-11-01,43,15,28
2015-11-01,29,18,11
2015-11-01,39,15,24
2015-11-01,37,17,20
2015-11-01,36,17,19
2015-11-01,35,17,18
2015-11-01,38,19,19
2015-11-01,43,30,13
2015-11-01,47,25,22
2015-11-01,15,10,5
2015-11-01,7,2,5
2015-11-01,4,2,2
2015-11-01,3,0,3
2015-11-01,4,3,1
2015-11-01,1,1,0
2015-11-01,11,8,3
2015-11-01,8,3,5
2015-10-31,6,4,2
2015-10-31,17,7,10
2015-10-31,14,6,8
2015-10-31,14,8,6
2015-10-31,19,11,8
2015-10-31,27,14,13
2015-10-31,32,16,16
2015-10-31,42,21,21
2015-10-31,43,20,23
2015-10-31,40,18,22
2015-10-31,35,19,16
2015-10-31,41,21,20
2015-10-31,22,12,10
2015-10-31,32,18,14
2015-10-31,23,13,10
2015-10-31,27,14,13
2015-10-31,12,8,4
2015-10-31,9,5,4
2015-10-31,9,6,3
2015-10-31,1,0,1
2015-10-31,1,1,0
2015-10-31,11,9,2
2015-10-31,6,3,3
2015-10-31,11,6,5
2015-10-30,13,8,5
2015-10-30,21,12,9
2015-10-30,32,17,15
2015-10-30,47,18,29
2015-10-30,63,24,39
2015-10-30,158,43,115
2015-10-30,322,102,220
2015-10-30,174,48,126
2015-10-30,97,44,53
2015-10-30,63,40,23
2015-10-30,65,38,27
2015-10-30,47,24,23
2015-10-30,62,28,34
2015-10-30,78,43,35
2015-10-30,153,89,64
2015-10-30,265,185,80
2015-10-30,193,152,41
2015-10-30,83,55,28
2015-10-30,29,15,14
2015-10-30,6,2,4
2015-10-30,1,1,0
2015-10-30,8,4,4
2015-10-30,6,3,3
2015-10-30,4,4,0
2015-10-29,23,6,17
2015-10-29,30,15,15
2015-10-29,40,18,22
2015-10-29,68,29,39
2015-10-29,119,46,73
2015-10-29,305,91,214
2015-10-29,496,155,341
2015-10-29,252,82,170
2015-10-29,114,48,66
2015-10-29,80,31,49
2015-10-29,73,39,34
2015-10-29,66,33,33
2015-10-29,72,38,34
2015-10-29,98,54,44
2015-10-29,220,133,87
2015-10-29,443,298,145
2015-10-29,336,234,102
2015-10-29,123,80,43
2015-10-29,30,17,13
2015-10-29,6,2,4
2015-10-29,2,2,0
2015-10-29,0,0,0
2015-10-29,6,3,3
2015-10-29,5,2,3
2015-10-28,13,7,6
2015-10-28,43,15,28
2015-10-28,52,23,29
2015-10-28,47,14,33
2015-10-28,110,37,73
2015-10-28,278,84,194
2015-10-28,441,132,309
2015-10-28,193,76,117
2015-10-28,87,40,47
2015-10-28,46,23,23
2015-10-28,47,26,21
2015-10-28,60,25,35
2015-10-28,35,17,18
2015-10-28,72,44,28
2015-10-28,198,130,68
2015-10-28,367,250,117
2015-10-28,291,207,84
2015-10-28,126,78,48
2015-10-28,39,24,15
2015-10-28,7,3,4
2015-10-28,2,2,0
2015-10-28,3,1,2
2015-10-28,5,3,2
2015-10-28,12,8,4
2015-10-27,28,11,17
2015-10-27,39,11,28
2015-10-27,66,33,33
2015-10-27,73,29,44
2015-10-27,155,58,97
2015-10-27,372,114,258
2015-10-27,626,168,458
2015-10-27,313,124,189
2015-10-27,146,69,77
2015-10-27,118,61,57
2015-10-27,106,52,54
2015-10-27,81,36,45
2015-10-27,99,57,42
2015-10-27,97,59,38
2015-10-27,280,179,101
2015-10-27,548,351,197
2015-10-27,395,281,114
2015-10-27,143,98,45
2015-10-27,46,26,20
2015-10-27,8,4,4
2015-10-27,0,0,0
2015-10-27,4,2,2
2015-10-27,2,1,1
2015-10-27,10,2,8
2015-10-26,18,10,8
2015-10-26,25,8,17
2015-10-26,34,11,23
2015-10-26,48,16,32
2015-10-26,91,31,60
2015-10-26,242,66,176
2015-10-26,438,125,313
2015-10-26,188,73,115
2015-10-26,79,40,39
2015-10-26,59,28,31
2015-10-26,43,22,21
2015-10-26,35,16,19
2015-10-26,44,25,19
2015-10-26,49,26,23
2015-10-26,208,128,80
2015-10-26,349,242,107
2015-10-26,261,189,72
2015-10-26,110,72,38
2015-10-26,31,17,14
2015-10-26,3,2,1
2015-10-26,2,2,0
2015-10-26,1,1,0
2015-10-26,2,0,2
2015-10-26,5,3,2
2015-10-25,6,2,4
2015-10-25,10,4,6
2015-10-25,3,2,1
2015-10-25,14,12,2
2015-10-25,27,16,11
2015-10-25,41,18,23
2015-10-25,37,19,18
2015-10-25,55,32,23
2015-10-25,99,56,43
2015-10-25,124,66,58
2015-10-25,96,53,43
2015-10-25,95,49,46
2015-10-25,78,36,42
2015-10-25,61,34,27
2015-10-25,50,30,20
2015-10-25,42,24,18
2015-10-25,18,10,8
2015-10-25,13,11,2
2015-10-25,6,2,4
2015-10-25,3,1,2
2015-10-25,1,1,0
2015-10-25,4,1,3
2015-10-25,9,6,3
2015-10-25,10,4,6
2015-10-24,22,6,16
2015-10-24,25,14,11
2015-10-24,21,7,14
2015-10-24,29,13,16
2015-10-24,37,24,13
2015-10-24,67,37,30
2015-10-24,82,47,35
2015-10-24,125,67,58
2015-10-24,100,46,54
2015-10-24,82,45,37
2015-10-24,73,38,35
2015-10-24,92,47,45
2015-10-24,94,59,35
2015-10-24,81,47,34
2015-10-24,88,60,28
2015-10-24,64,29,35
2015-10-24,33,16,17
2015-10-24,19,7,12
2015-10-24,12,7,5
2015-10-24,6,3,3
2015-10-24,1,0,1
2015-10-24,6,3,3
2015-10-24,14,3,11
2015-10-24,15,7,8
2015-10-23,39,16,23
2015-10-23,34,15,19
2015-10-23,32,9,23
2015-10-23,50,24,26
2015-10-23,116,45,71
2015-10-23,281,94,187
2015-10-23,497,144,353
2015-10-23,293,100,193
2015-10-23,132,44,88
2015-10-23,110,53,57
2015-10-23,81,36,45
2015-10-23,83,49,34
2015-10-23,84,47,37
2015-10-23,96,55,41
2015-10-23,242,142,100
2015-10-23,427,293,134
2015-10-23,321,226,95
2015-10-23,108,69,39
2015-10-23,30,18,12
2015-10-23,5,2,3
2015-10-23,2,2,0
2015-10-23,8,7,1
2015-10-23,7,2,5
2015-10-23,9,5,4
2015-10-22,23,13,10
2015-10-22,39,19,20
2015-10-22,54,22,32
2015-10-22,80,25,55
2015-10-22,123,43,80
2015-10-22,337,105,232
2015-10-22,609,172,437
2015-10-22,317,120,197
2015-10-22,140,60,80
2015-10-22,108,40,68
2015-10-22,112,57,55
2015-10-22,73,30,43
2015-10-22,93,54,39
2015-10-22,110,59,51
2015-10-22,275,170,105
2015-10-22,507,349,158
2015-10-22,396,290,106
2015-10-22,120,85,35
2015-10-22,42,24,18
2015-10-22,12,5,7
2015-10-22,5,5,0
2015-10-22,4,3,1
2015-10-22,5,0,5
2015-10-22,22,16,6
2015-10-21,23,11,12
2015-10-21,38,14,24
2015-10-21,66,27,39
2015-10-21,86,41,45
2015-10-21,136,52,84
2015-10-21,335,117,218
2015-10-21,576,154,422
2015-10-21,275,108,167
2015-10-21,131,59,72
2015-10-21,117,52,65
2015-10-21,111,43,68
2015-10-21,72,37,35
2015-10-21,81,42,39
2015-10-21,101,52,49
2015-10-21,264,162,102
2015-10-21,501,341,160
2015-10-21,381,272,109
2015-10-21,132,89,43
2015-10-21,39,26,13
2015-10-21,8,2,6
2015-10-21,3,1,2
2015-10-21,3,1,2
2015-10-21,2,2,0
2015-10-21,11,6,5
2015-10-20,28,16,12
2015-10-20,36,16,20
2015-10-20,64,32,32
2015-10-20,76,33,43
2015-10-20,159,62,97
2015-10-20,408,111,297
2015-10-20,679,208,471
2015-10-20,299,105,194
2015-10-20,143,61,82
2015-10-20,122,60,62
2015-10-20,80,43,37
2015-10-20,89,52,37
2015-10-20,79,35,44
2015-10-20,107,57,50
2015-10-20,257,147,110
2015-10-20,518,370,148
2015-10-20,427,320,107
2015-10-20,148,101,47
2015-10-20,46,25,21
2015-10-20,4,3,1
2015-10-20,6,5,1
2015-10-20,4,2,2
2015-10-20,7,3,4
2015-10-20,9,4,5
2015-10-19,21,10,11
2015-10-19,25,9,16
2015-10-19,55,20,35
2015-10-19,70,33,37
2015-10-19,131,51,80
2015-10-19,311,89,222
2015-10-19,520,129,391
2015-10-19,222,95,127
2015-10-19,125,48,77
2015-10-19,79,42,37
2015-10-19,74,32,42
2015-10-19,56,33,23
2015-10-19,72,43,29
2015-10-19,86,51,35
2015-10-19,228,143,85
2015-10-19,451,297,154
2015-10-19,325,226,99
2015-10-19,106,73,33
2015-10-19,39,26,13
2015-10-19,6,4,2
2015-10-19,4,3,1
2015-10-19,3,3,0
2015-10-19,5,2,3
2015-10-19,7,1,6
2015-10-18,12,3,9
2015-10-18,23,12,11
2015-10-18,17,10,7
2015-10-18,20,9,11
2015-10-18,34,19,15
2015-10-18,45,27,18
2015-10-18,70,35,35
2015-10-18,64,35,29
2015-10-18,55,28,27
2015-10-18,66,31,35
2015-10-18,57,28,29
2015-10-18,80,50,30
2015-10-18,73,32,41
2015-10-18,62,32,30
2015-10-18,52,27,25
2015-10-18,23,10,13
2015-10-18,22,15,7
2015-10-18,11,4,7
2015-10-18,6,3,3
2015-10-18,4,1,3
2015-10-18,5,4,1
2015-10-18,6,2,4
2015-10-18,9,4,5
2015-10-18,21,10,11
2015-10-17,40,21,19
2015-10-17,42,22,20
2015-10-17,21,6,15
2015-10-17,27,9,18
2015-10-17,28,14,14
2015-10-17,67,34,33
2015-10-17,86,45,41
2015-10-17,134,78,56
2015-10-17,100,46,54
2015-10-17,115,66,49
2015-10-17,135,67,68
2015-10-17,114,64,50
2015-10-17,98,60,38
2015-10-17,85,50,35
2015-10-17,67,42,25
2015-10-17,57,27,30
2015-10-17,49,33,16
2015-10-17,11,6,5
2015-10-17,5,3,2
2015-10-17,4,3,1
2015-10-17,2,0,2
2015-10-17,9,4,5
2015-10-17,10,4,6
2015-10-17,39,13,26
2015-10-16,23,10,13
2015-10-16,29,11,18
2015-10-16,54,26,28
2015-10-16,52,20,32
2015-10-16,107,42,65
2015-10-16,292,92,200
2015-10-16,572,184,388
2015-10-16,326,105,221
2015-10-16,214,113,101
2015-10-16,134,63,71
2015-10-16,113,58,55
2015-10-16,111,73,38
2015-10-16,97,48,49
2015-10-16,124,73,51
2015-10-16,245,157,88
2015-10-16,488,349,139
2015-10-16,303,212,91
2015-10-16,113,77,36
2015-10-16,37,25,12
2015-10-16,6,2,4
2015-10-16,3,3,0
2015-10-16,3,2,1
2015-10-16,2,1,1
2015-10-16,17,10,7
2015-10-15,29,12,17
2015-10-15,39,17,22
2015-10-15,58,34,24
2015-10-15,93,36,57
2015-10-15,144,53,91
2015-10-15,378,137,241
2015-10-15,612,169,443
2015-10-15,313,118,195
2015-10-15,177,77,100
2015-10-15,126,59,67
2015-10-15,100,59,41
2015-10-15,90,43,47
2015-10-15,87,44,43
2015-10-15,131,70,61
2015-10-15,287,176,111
2015-10-15,522,352,170
2015-10-15,356,239,117
2015-10-15,150,105,45
2015-10-15,40,27,13
2015-10-15,11,4,7
2015-10-15,9,8,1
2015-10-15,1,1,0
2015-10-15,5,3,2
2015-10-15,15,9,6
2015-10-14,16,8,8
2015-10-14,44,22,22
2015-10-14,52,21,31
2015-10-14,88,38,50
2015-10-14,138,45,93
2015-10-14,394,124,270
2015-10-14,634,189,445
2015-10-14,294,117,177
2015-10-14,150,68,82
2015-10-14,91,39,52
2015-10-14,71,32,39
2015-10-14,71,39,32
2015-10-14,82,36,46
2015-10-14,111,56,55
2015-10-14,244,152,92
2015-10-14,496,345,151
2015-10-14,397,280,117
2015-10-14,145,96,49
2015-10-14,48,31,17
2015-10-14,14,8,6
2015-10-14,5,5,0
2015-10-14,3,2,1
2015-10-14,5,5,0
2015-10-14,13,10,3
2015-10-13,14,6,8
2015-10-13,39,15,24
2015-10-13,56,28,28
2015-10-13,85,35,50
2015-10-13,154,55,99
2015-10-13,375,142,233
2015-10-13,569,159,410
2015-10-13,308,119,189
2015-10-13,147,68,79
2015-10-13,101,52,49
2015-10-13,75,41,34
2015-10-13,74,37,37
2015-10-13,61,32,29
2015-10-13,94,56,38
2015-10-13,229,141,88
2015-10-13,522,356,166
2015-10-13,363,256,107
2015-10-13,129,86,43
2015-10-13,42,23,19
2015-10-13,5,4,1
2015-10-13,3,2,1
2015-10-13,3,2,1
2015-10-13,3,2,1
2015-10-13,9,4,5
2015-10-12,15,4,11
2015-10-12,18,8,10
2015-10-12,36,14,22
2015-10-12,64,26,38
2015-10-12,125,53,72
2015-10-12,391,124,267
2015-10-12,581,153,428
2015-10-12,249,90,159
2015-10-12,142,57,85
2015-10-12,99,50,49
2015-10-12,89,49,40
2015-10-12,61,32,29
2015-10-12,74,38,36
2015-10-12,113,64,49
2015-10-12,269,166,103
2015-10-12,504,344,160
2015-10-12,377,258,119
2015-10-12,140,90,50
2015-10-12,43,27,16
2015-10-12,6,2,4
2015-10-12,3,3,0
2015-10-12,4,3,1
2015-10-12,6,4,2
2015-10-12,9,5,4
2015-10-11,16,6,10
2015-10-11,22,10,12
2015-10-11,16,11,5
2015-10-11,32,17,15
2015-10-11,46,27,19
2015-10-11,87,54,33
2015-10-11,114,64,50
2015-10-11,130,79,51
2015-10-11,186,102,84
2015-10-11,183,107,76
2015-10-11,130,57,73
2015-10-11,118,58,60
2015-10-11,125,57,68
2015-10-11,64,37,27
2015-10-11,71,36,35
2015-10-11,38,17,21
2015-10-11,20,14,6
2015-10-11,15,12,3
2015-10-11,6,4,2
2015-10-11,4,2,2
2015-10-11,1,0,1
2015-10-11,1,1,0
2015-10-11,8,1,7
2015-10-11,15,12,3
2015-10-10,25,14,11
2015-10-10,14,5,9
2015-10-10,25,18,7
2015-10-10,12,6,6
2015-10-10,17,11,6
2015-10-10,33,18,15
2015-10-10,42,21,21
2015-10-10,39,19,20
2015-10-10,35,18,17
2015-10-10,23,13,10
2015-10-10,32,22,10
2015-10-10,27,13,14
2015-10-10,24,16,8
2015-10-10,30,15,15
2015-10-10,39,27,12
2015-10-10,37,21,16
2015-10-10,13,11,2
2015-10-10,11,6,5
2015-10-10,11,5,6
2015-10-10,3,1,2
2015-10-10,5,3,2
2015-10-10,7,1,6
2015-10-10,15,7,8
2015-10-10,20,10,10
2015-10-09,33,11,22
2015-10-09,35,13,22
2015-10-09,46,26,20
2015-10-09,60,22,38
2015-10-09,118,51,67
2015-10-09,275,90,185
2015-10-09,529,157,372
2015-10-09,265,97,168
2015-10-09,162,63,99
2015-10-09,94,39,55
2015-10-09,93,43,50
2015-10-09,80,43,37
2015-10-09,80,40,40
2015-10-09,106,60,46
2015-10-09,221,138,83
2015-10-09,427,297,130
2015-10-09,299,201,98
2015-10-09,110,78,32
2015-10-09,38,23,15
2015-10-09,4,1,3
2015-10-09,5,0,5
2015-10-09,4,0,4
2015-10-09,11,3,8
2015-10-09,24,7,17
2015-10-08,31,16,15
2015-10-08,31,6,25
2015-10-08,63,23,40
2015-10-08,98,42,56
2015-10-08,144,53,91
2015-10-08,395,148,247
2015-10-08,577,185,392
2015-10-08,264,98,166
2015-10-08,167,80,87
2015-10-08,99,44,55
2015-10-08,79,42,37
2015-10-08,88,34,54
2015-10-08,93,47,46
2015-10-08,112,58,54
2015-10-08,268,168,100
2015-10-08,507,327,180
2015-10-08,364,264,100
2015-10-08,130,87,43
2015-10-08,38,23,15
2015-10-08,12,7,5
2015-10-08,4,2,2
2015-10-08,5,2,3
2015-10-08,5,3,2
2015-10-08,14,10,4
2015-10-07,16,9,7
2015-10-07,30,8,22
2015-10-07,31,10,21
2015-10-07,69,27,42
2015-10-07,107,38,69
2015-10-07,253,84,169
2015-10-07,409,107,302
2015-10-07,166,50,116
2015-10-07,78,26,52
2015-10-07,56,22,34
2015-10-07,47,23,24
2015-10-07,33,16,17
2015-10-07,37,20,17
2015-10-07,57,36,21
2015-10-07,177,121,56
2015-10-07,356,235,121
2015-10-07,267,196,71
2015-10-07,106,65,41
2015-10-07,34,21,13
2015-10-07,7,2,5
2015-10-07,5,4,1
2015-10-07,4,3,1
2015-10-07,3,1,2
2015-10-07,11,7,4
2015-10-06,22,10,12
2015-10-06,33,11,22
2015-10-06,61,23,38
2015-10-06,86,36,50
2015-10-06,159,60,99
2015-10-06,415,148,267
2015-10-06,612,168,444
2015-10-06,340,122,218
2015-10-06,141,68,73
2015-10-06,99,40,59
2015-10-06,85,42,43
2015-10-06,90,49,41
2015-10-06,88,56,32
2015-10-06,125,67,58
2015-10-06,269,165,104
2015-10-06,572,385,187
2015-10-06,457,305,152
2015-10-06,141,94,47
2015-10-06,50,34,16
2015-10-06,10,4,6
2015-10-06,4,4,0
2015-10-06,2,1,1
2015-10-06,10,3,7
2015-10-06,14,7,7
2015-10-05,21,10,11
2015-10-05,32,11,21
2015-10-05,66,31,35
2015-10-05,107,54,53
2015-10-05,151,67,84
2015-10-05,388,133,255
2015-10-05,714,215,499
2015-10-05,351,115,236
2015-10-05,210,89,121
2015-10-05,120,63,57
2015-10-05,93,49,44
2015-10-05,92,44,48
2015-10-05,103,50,53
2015-10-05,109,58,51
2015-10-05,285,167,118
2015-10-05,588,398,190
2015-10-05,420,298,122
2015-10-05,135,89,46
2015-10-05,38,27,11
2015-10-05,10,7,3
2015-10-05,3,2,1
2015-10-05,2,1,1
2015-10-05,3,1,2
2015-10-05,12,7,5
2015-10-04,13,4,9
2015-10-04,26,13,13
2015-10-04,58,22,36
2015-10-04,29,16,13
2015-10-04,43,26,17
2015-10-04,92,56,36
2015-10-04,170,97,73
2015-10-04,179,105,74
2015-10-04,205,111,94
2015-10-04,198,106,92
2015-10-04,195,105,90
2015-10-04,170,101,69
2015-10-04,154,88,66
2015-10-04,147,81,66
2015-10-04,125,68,57
2015-10-04,76,47,29
2015-10-04,30,23,7
2015-10-04,12,7,5
2015-10-04,6,3,3
2015-10-04,4,1,3
2015-10-04,4,2,2
2015-10-04,7,6,1
2015-10-04,14,5,9
2015-10-04,18,7,11
2015-10-03,19,10,9
2015-10-03,33,15,18
2015-10-03,23,10,13
2015-10-03,39,15,24
2015-10-03,77,46,31
2015-10-03,145,81,64
2015-10-03,125,62,63
2015-10-03,145,83,62
2015-10-03,190,96,94
2015-10-03,158,80,78
2015-10-03,162,81,81
2015-10-03,147,81,66
2015-10-03,132,71,61
2015-10-03,90,48,42
2015-10-03,78,43,35
2015-10-03,56,29,27
2015-10-03,37,23,14
2015-10-03,20,11,9
2015-10-03,9,5,4
2015-10-03,5,0,5
2015-10-03,5,3,2
2015-10-03,5,3,2
2015-10-03,14,5,9
2015-10-03,25,10,15
2015-10-02,32,16,16
2015-10-02,40,13,27
2015-10-02,32,12,20
2015-10-02,56,25,31
2015-10-02,125,46,79
2015-10-02,276,125,151
2015-10-02,486,149,337
2015-10-02,255,73,182
2015-10-02,152,50,102
2015-10-02,91,48,43
2015-10-02,97,54,43
2015-10-02,82,37,45
2015-10-02,85,52,33
2015-10-02,97,54,43
2015-10-02,240,153,87
2015-10-02,414,272,142
2015-10-02,300,201,99
2015-10-02,92,61,31
2015-10-02,29,18,11
2015-10-02,10,6,4
2015-10-02,2,0,2
2015-10-02,2,1,1
2015-10-02,9,4,5
2015-10-02,13,7,6
2015-10-01,35,21,14
2015-10-01,43,13,30
2015-10-01,74,41,33
2015-10-01,99,43,56
2015-10-01,196,69,127
2015-10-01,438,140,298
2015-10-01,680,201,479
2015-10-01,345,158,187
2015-10-01,176,73,103
2015-10-01,129,63,66
2015-10-01,110,55,55
2015-10-01,107,56,51
2015-10-01,102,53,49
2015-10-01,136,72,64
2015-10-01,297,187,110
2015-10-01,538,378,160
2015-10-01,378,255,123
2015-10-01,142,100,42
2015-10-01,42,26,16
2015-10-01,10,5,5
2015-10-01,2,1,1
2015-10-01,4,3,1
2015-10-01,3,2,1
2015-10-01,15,7,8
2015-09-30,23,13,10
2015-09-30,44,21,23
2015-09-30,85,34,51
2015-09-30,102,42,60
2015-09-30,216,84,132
2015-09-30,409,139,270
2015-09-30,665,189,476
2015-09-30,363,144,219
2015-09-30,150,66,84
2015-09-30,103,48,55
2015-09-30,96,51,45
2015-09-30,98,48,50
2015-09-30,63,36,27
2015-09-30,111,65,46
2015-09-30,267,167,100
2015-09-30,604,402,202
2015-09-30,417,291,126
2015-09-30,149,92,57
2015-09-30,45,30,15
2015-09-30,12,7,5
2015-09-30,4,3,1
2015-09-30,6,4,2
2015-09-30,9,7,2
2015-09-30,14,9,5
2015-09-29,18,8,10
2015-09-29,44,13,31
2015-09-29,73,37,36
2015-09-29,92,30,62
2015-09-29,190,84,106
2015-09-29,501,158,343
2015-09-29,688,171,517
2015-09-29,382,149,233
2015-09-29,157,70,87
2015-09-29,147,67,80
2015-09-29,121,58,63
2015-09-29,113,56,57
2015-09-29,93,45,48
2015-09-29,116,67,49
2015-09-29,295,178,117
2015-09-29,617,426,191
2015-09-29,447,319,128
2015-09-29,158,117,41
2015-09-29,45,24,21
2015-09-29,12,8,4
2015-09-29,1,1,0
2015-09-29,6,1,5
2015-09-29,4,3,1
2015-09-29,16,7,9
2015-09-28,20,9,11
2015-09-28,28,13,15
2015-09-28,47,21,26
2015-09-28,104,41,63
2015-09-28,150,52,98
2015-09-28,480,152,328
2015-09-28,681,191,490
2015-09-28,305,129,176
2015-09-28,144,66,78
2015-09-28,109,57,52
2015-09-28,109,52,57
2015-09-28,76,49,27
2015-09-28,76,37,39
2015-09-28,101,62,39
2015-09-28,284,177,107
2015-09-28,535,373,162
2015-09-28,414,290,124
2015-09-28,134,97,37
2015-09-28,39,24,15
2015-09-28,12,9,3
2015-09-28,3,2,1
2015-09-28,1,1,0
2015-09-28,4,1,3
2015-09-28,6,2,4
2015-09-27,19,6,13
2015-09-27,14,6,8
2015-09-27,22,16,6
2015-09-27,28,16,12
2015-09-27,46,29,17
2015-09-27,93,54,39
2015-09-27,137,83,54
2015-09-27,128,79,49
2015-09-27,133,76,57
2015-09-27,161,78,83
2015-09-27,177,90,87
2015-09-27,138,88,50
2015-09-27,133,76,57
2015-09-27,87,50,37
2015-09-27,81,51,30
2015-09-27,67,36,31
2015-09-27,33,21,12
2015-09-27,24,12,12
2015-09-27,14,11,3
2015-09-27,7,3,4
2015-09-27,6,4,2
2015-09-27,3,2,1
2015-09-27,12,4,8
2015-09-27,8,4,4
2015-09-26,19,8,11
2015-09-26,18,8,10
2015-09-26,33,14,19
2015-09-26,35,12,23
2015-09-26,79,41,38
2015-09-26,136,70,66
2015-09-26,145,65,80
2015-09-26,127,77,50
2015-09-26,165,95,70
2015-09-26,152,63,89
2015-09-26,125,54,71
2015-09-26,168,101,67
2015-09-26,145,75,70
2015-09-26,129,68,61
2015-09-26,107,59,48
2015-09-26,70,37,33
2015-09-26,46,20,26
2015-09-26,16,9,7
2015-09-26,12,6,6
2015-09-26,5,1,4
2015-09-26,4,1,3
2015-09-26,9,4,5
2015-09-26,6,3,3
2015-09-26,17,8,9
2015-09-25,20,11,9
2015-09-25,30,17,13
2015-09-25,46,23,23
2015-09-25,61,27,34
2015-09-25,110,47,63
2015-09-25,257,84,173
2015-09-25,432,127,305
2015-09-25,212,72,140
2015-09-25,119,46,73
2015-09-25,94,38,56
2015-09-25,64,29,35
2015-09-25,70,35,35
2015-09-25,61,28,33
2015-09-25,80,45,35
2015-09-25,208,119,89
2015-09-25,348,236,112
2015-09-25,287,204,83
2015-09-25,108,80,28
2015-09-25,39,26,13
2015-09-25,9,5,4
2015-09-25,3,3,0
2015-09-25,1,0,1
2015-09-25,7,2,5
2015-09-25,18,10,8
2015-09-24,26,10,16
2015-09-24,58,24,34
2015-09-24,76,31,45
2015-09-24,99,36,63
2015-09-24,218,76,142
2015-09-24,528,167,361
2015-09-24,670,207,463
2015-09-24,368,134,234
2015-09-24,169,69,100
2015-09-24,145,60,85
2015-09-24,134,69,65
2015-09-24,126,73,53
2015-09-24,94,54,40
2015-09-24,122,71,51
2015-09-24,309,203,106
2015-09-24,566,386,180
2015-09-24,370,253,117
2015-09-24,162,115,47
2015-09-24,39,24,15
2015-09-24,14,7,7
2015-09-24,2,2,0
2015-09-24,3,1,2
2015-09-24,8,4,4
2015-09-24,15,10,5
2015-09-23,26,15,11
2015-09-23,57,31,26
2015-09-23,92,34,58
2015-09-23,109,43,66
2015-09-23,206,69,137
2015-09-23,460,154,306
2015-09-23,781,250,531
2015-09-23,398,149,249
2015-09-23,175,83,92
2015-09-23,143,78,65
2015-09-23,113,60,53
2015-09-23,121,69,52
2015-09-23,94,47,47
2015-09-23,116,58,58
2015-09-23,320,210,110
2015-09-23,625,424,201
2015-09-23,486,341,145
2015-09-23,157,97,60
2015-09-23,40,29,11
2015-09-23,17,12,5
2015-09-23,3,3,0
2015-09-23,3,2,1
2015-09-23,6,5,1
2015-09-23,14,7,7
2015-09-22,28,15,13
2015-09-22,43,17,26
2015-09-22,58,24,34
2015-09-22,107,36,71
2015-09-22,243,81,162
2015-09-22,481,154,327
2015-09-22,780,239,541
2015-09-22,370,126,244
2015-09-22,163,67,96
2015-09-22,141,60,81
2015-09-22,100,45,55
2015-09-22,115,71,44
2015-09-22,88,50,38
2015-09-22,128,69,59
2015-09-22,334,210,124
2015-09-22,630,420,210
2015-09-22,499,365,134
2015-09-22,157,97,60
2015-09-22,51,27,24
2015-09-22,6,2,4
2015-09-22,8,5,3
2015-09-22,2,1,1
2015-09-22,9,2,7
2015-09-22,10,7,3
2015-09-21,19,9,10
2015-09-21,33,18,15
2015-09-21,51,21,30
2015-09-21,90,42,48
2015-09-21,170,59,111
2015-09-21,447,161,286
2015-09-21,655,190,465
2015-09-21,309,113,196
2015-09-21,166,67,99
2015-09-21,113,52,61
2015-09-21,96,39,57
2015-09-21,104,54,50
2015-09-21,91,54,37
2015-09-21,92,56,36
2015-09-21,248,159,89
2015-09-21,533,338,195
2015-09-21,387,260,127
2015-09-21,137,92,45
2015-09-21,45,28,17
2015-09-21,9,6,3
2015-09-21,4,4,0
2015-09-21,0,0,0
2015-09-21,3,1,2
2015-09-21,3,1,2
2015-09-20,11,6,5
2015-09-20,16,8,8
2015-09-20,17,9,8
2015-09-20,19,9,10
2015-09-20,38,22,16
2015-09-20,72,38,34
2015-09-20,96,49,47
2015-09-20,112,63,49
2015-09-20,131,71,60
2015-09-20,145,84,61
2015-09-20,132,63,69
2015-09-20,92,44,48
2015-09-20,113,52,61
2015-09-20,96,65,31
2015-09-20,75,44,31
2015-09-20,50,29,21
2015-09-20,14,9,5
2015-09-20,16,11,5
2015-09-20,6,5,1
2015-09-20,4,3,1
2015-09-20,4,3,1
2015-09-20,10,5,5
2015-09-20,14,8,6
2015-09-20,20,12,8
2015-09-19,27,15,12
2015-09-19,27,17,10
2015-09-19,42,22,20
2015-09-19,48,26,22
2015-09-19,80,48,32
2015-09-19,139,71,68
2015-09-19,156,87,69
2015-09-19,181,97,84
2015-09-19,175,89,86
2015-09-19,146,87,59
2015-09-19,135,78,57
2015-09-19,137,62,75
2015-09-19,134,67,67
2015-09-19,117,65,52
2015-09-19,92,52,40
2015-09-19,66,30,36
2015-09-19,46,24,22
2015-09-19,24,14,10
2015-09-19,14,10,4
2015-09-19,4,3,1
2015-09-19,1,0,1
2015-09-19,18,7,11
2015-09-19,7,5,2
2015-09-19,18,5,13
2015-09-18,34,15,19
2015-09-18,41,20,21
2015-09-18,36,14,22
2015-09-18,45,17,28
2015-09-18,135,44,91
2015-09-18,252,79,173
2015-09-18,500,163,337
2015-09-18,282,113,169
2015-09-18,138,60,78
2015-09-18,115,61,54
2015-09-18,76,26,50
2015-09-18,95,49,46
2015-09-18,82,40,42
2015-09-18,87,51,36
2015-09-18,224,133,91
2015-09-18,370,236,134
2015-09-18,308,219,89
2015-09-18,110,78,32
2015-09-18,34,25,9
2015-09-18,9,6,3
2015-09-18,4,4,0
2015-09-18,2,0,2
2015-09-18,1,0,1
2015-09-18,20,8,12
2015-09-17,13,5,8
2015-09-17,20,7,13
2015-09-17,35,16,19
2015-09-17,47,21,26
2015-09-17,120,37,83
2015-09-17,228,69,159
2015-09-17,398,91,307
2015-09-17,161,56,105
2015-09-17,90,34,56
2015-09-17,59,25,34
2015-09-17,64,30,34
2015-09-17,40,22,18
2015-09-17,41,25,16
2015-09-17,96,53,43
2015-09-17,190,116,74
2015-09-17,369,231,138
2015-09-17,307,212,95
2015-09-17,106,71,35
2015-09-17,34,24,10
2015-09-17,10,4,6
2015-09-17,3,3,0
2015-09-17,2,1,1
2015-09-17,9,3,6
2015-09-17,11,4,7
2015-09-16,25,12,13
2015-09-16,39,9,30
2015-09-16,56,23,33
2015-09-16,117,48,69
2015-09-16,167,55,112
2015-09-16,407,133,274
2015-09-16,583,160,423
2015-09-16,339,134,205
2015-09-16,136,59,77
2015-09-16,106,45,61
2015-09-16,115,59,56
2015-09-16,104,50,54
2015-09-16,100,62,38
2015-09-16,98,54,44
2015-09-16,247,155,92
2015-09-16,522,344,178
2015-09-16,375,252,123
2015-09-16,135,92,43
2015-09-16,35,22,13
2015-09-16,8,3,5
2015-09-16,2,2,0
2015-09-16,3,2,1
2015-09-16,1,1,0
2015-09-16,11,6,5
2015-09-15,25,14,11
2015-09-15,42,13,29
2015-09-15,76,33,43
2015-09-15,89,37,52
2015-09-15,182,71,111
2015-09-15,383,130,253
2015-09-15,575,162,413
2015-09-15,328,130,198
2015-09-15,136,55,81
2015-09-15,106,55,51
2015-09-15,100,59,41
2015-09-15,70,37,33
2015-09-15,87,46,41
2015-09-15,95,60,35
2015-09-15,243,144,99
2015-09-15,511,341,170
2015-09-15,387,272,115
2015-09-15,148,100,48
2015-09-15,39,18,21
2015-09-15,9,7,2
2015-09-15,5,2,3
2015-09-15,3,1,2
2015-09-15,5,4,1
2015-09-15,13,4,9
2015-09-14,17,8,9
2015-09-14,26,12,14
2015-09-14,40,19,21
2015-09-14,81,34,47
2015-09-14,162,61,101
2015-09-14,351,122,229
2015-09-14,578,164,414
2015-09-14,275,111,164
2015-09-14,140,54,86
2015-09-14,86,41,45
2015-09-14,64,37,27
2015-09-14,48,25,23
2015-09-14,53,27,26
2015-09-14,99,53,46
2015-09-14,226,141,85
2015-09-14,471,317,154
2015-09-14,373,250,123
2015-09-14,140,102,38
2015-09-14,30,21,9
2015-09-14,6,6,0
2015-09-14,4,2,2
2015-09-14,3,2,1
2015-09-14,3,0,3
2015-09-14,8,6,2
2015-09-13,6,3,3
2015-09-13,12,6,6
2015-09-13,17,6,11
2015-09-13,28,8,20
2015-09-13,43,21,22
2015-09-13,79,43,36
2015-09-13,82,50,32
2015-09-13,102,49,53
2015-09-13,109,63,46
2015-09-13,113,60,53
2015-09-13,103,80,23
2015-09-13,115,92,23
2015-09-13,52,24,28
2015-09-13,95,33,62
2015-09-13,225,41,184
2015-09-13,56,27,29
2015-09-13,21,8,13
2015-09-13,21,13,8
2015-09-13,7,4,3
2015-09-13,2,2,0
2015-09-13,3,2,1
2015-09-13,13,3,10
2015-09-13,6,2,4
2015-09-13,17,8,9
2015-09-12,17,5,12
2015-09-12,26,11,15
2015-09-12,52,22,30
2015-09-12,62,30,32
2015-09-12,95,61,34
2015-09-12,139,83,56
2015-09-12,183,84,99
2015-09-12,155,73,82
2015-09-12,205,117,88
2015-09-12,230,131,99
2015-09-12,187,120,67
2015-09-12,188,102,86
2015-09-12,176,99,77
2015-09-12,117,71,46
2015-09-12,137,73,64
2015-09-12,88,37,51
2015-09-12,61,28,33
2015-09-12,13,5,8
2015-09-12,13,6,7
2015-09-12,6,3,3
2015-09-12,5,2,3
2015-09-12,10,5,5
2015-09-12,8,3,5
2015-09-12,18,7,11
2015-09-11,44,17,27
2015-09-11,36,15,21
2015-09-11,54,23,31
2015-09-11,101,48,53
2015-09-11,170,68,102
2015-09-11,360,134,226
2015-09-11,590,186,404
2015-09-11,351,128,223
2015-09-11,161,74,87
2015-09-11,132,58,74
2015-09-11,90,47,43
2015-09-11,90,43,47
2015-09-11,113,52,61
2015-09-11,123,72,51
2015-09-11,286,168,118
2015-09-11,496,347,149
2015-09-11,379,262,117
2015-09-11,118,79,39
2015-09-11,38,27,11
2015-09-11,5,3,2
2015-09-11,4,3,1
2015-09-11,4,0,4
2015-09-11,3,1,2
2015-09-11,13,8,5
2015-09-10,28,8,20
2015-09-10,39,19,20
2015-09-10,90,41,49
2015-09-10,107,44,63
2015-09-10,240,91,149
2015-09-10,428,151,277
2015-09-10,618,191,427
2015-09-10,330,121,209
2015-09-10,154,78,76
2015-09-10,117,53,64
2015-09-10,109,59,50
2015-09-10,105,51,54
2015-09-10,99,46,53
2015-09-10,113,69,44
2015-09-10,255,146,109
2015-09-10,539,348,191
2015-09-10,413,280,133
2015-09-10,177,123,54
2015-09-10,33,21,12
2015-09-10,7,5,2
2015-09-10,6,4,2
2015-09-10,3,1,2
2015-09-10,6,5,1
2015-09-10,14,6,8
2015-09-09,31,14,17
2015-09-09,62,28,34
2015-09-09,89,37,52
2015-09-09,102,41,61
2015-09-09,258,100,158
2015-09-09,494,178,316
2015-09-09,719,218,501
2015-09-09,330,120,210
2015-09-09,169,72,97
2015-09-09,96,44,52
2015-09-09,91,41,50
2015-09-09,110,50,60
2015-09-09,100,56,44
2015-09-09,109,61,48
2015-09-09,284,160,124
2015-09-09,564,376,188
2015-09-09,453,313,140
2015-09-09,175,119,56
2015-09-09,42,26,16
2015-09-09,13,7,6
2015-09-09,2,2,0
2015-09-09,5,1,4
2015-09-09,6,2,4
2015-09-09,9,4,5
2015-09-08,20,8,12
2015-09-08,31,11,20
2015-09-08,58,29,29
2015-09-08,89,39,50
2015-09-08,187,75,112
2015-09-08,446,144,302
2015-09-08,602,151,451
2015-09-08,283,105,178
2015-09-08,144,68,76
2015-09-08,110,52,58
2015-09-08,77,44,33
2015-09-08,77,49,28
2015-09-08,76,35,41
2015-09-08,94,48,46
2015-09-08,232,144,88
2015-09-08,482,304,178
2015-09-08,410,271,139
2015-09-08,168,113,55
2015-09-08,44,29,15
2015-09-08,8,4,4
2015-09-08,6,4,2
2015-09-08,4,1,3
2015-09-08,5,3,2
2015-09-08,12,2,10
2015-09-07,13,6,7
2015-09-07,37,14,23
2015-09-07,56,23,33
2015-09-07,54,32,22
2015-09-07,99,59,40
2015-09-07,124,69,55
2015-09-07,170,101,69
2015-09-07,235,134,101
2015-09-07,219,123,96
2015-09-07,198,104,94
2015-09-07,181,99,82
2015-09-07,153,93,60
2015-09-07,151,92,59
2015-09-07,92,44,48
2015-09-07,79,37,42
2015-09-07,58,32,26
2015-09-07,32,20,12
2015-09-07,23,9,14
2015-09-07,11,9,2
2015-09-07,3,2,1
2015-09-07,2,1,1
2015-09-07,4,0,4
2015-09-07,5,2,3
2015-09-07,6,2,4
2015-09-06,16,6,10
2015-09-06,25,11,14
2015-09-06,26,13,13
2015-09-06,24,8,16
2015-09-06,46,26,20
2015-09-06,66,38,28
2015-09-06,59,28,31
2015-09-06,87,48,39
2015-09-06,81,33,48
2015-09-06,74,47,27
2015-09-06,65,40,25
2015-09-06,93,50,43
2015-09-06,54,29,25
2015-09-06,61,34,27
2015-09-06,37,19,18
2015-09-06,23,11,12
2015-09-06,10,6,4
2015-09-06,9,5,4
2015-09-06,3,3,0
2015-09-06,3,2,1
2015-09-06,2,0,2
2015-09-06,4,1,3
2015-09-06,11,6,5
2015-09-06,12,2,10
2015-09-05,25,3,22
2015-09-05,16,5,11
2015-09-05,29,8,21
2015-09-05,25,8,17
2015-09-05,38,20,18
2015-09-05,48,20,28
2015-09-05,51,22,29
2015-09-05,141,80,61
2015-09-05,197,99,98
2015-09-05,147,81,66
2015-09-05,172,101,71
2015-09-05,157,88,69
2015-09-05,149,74,75
2015-09-05,102,61,41
2015-09-05,117,62,55
2015-09-05,69,33,36
2015-09-05,36,17,19
2015-09-05,23,15,8
2015-09-05,11,9,2
2015-09-05,3,1,2
2015-09-05,3,3,0
2015-09-05,6,3,3
2015-09-05,11,5,6
2015-09-05,20,8,12
2015-09-04,20,5,15
2015-09-04,27,14,13
2015-09-04,35,18,17
2015-09-04,78,27,51
2015-09-04,130,56,74
2015-09-04,292,105,187
2015-09-04,413,138,275
2015-09-04,282,101,181
2015-09-04,196,60,136
2015-09-04,126,58,68
2015-09-04,71,37,34
2015-09-04,66,30,36
2015-09-04,68,30,38
2015-09-04,79,50,29
2015-09-04,211,121,90
2015-09-04,369,235,134
2015-09-04,301,219,82
2015-09-04,108,80,28
2015-09-04,37,24,13
2015-09-04,5,3,2
2015-09-04,5,3,2
2015-09-04,3,1,2
2015-09-04,4,2,2
2015-09-04,11,8,3
2015-09-03,30,12,18
2015-09-03,45,18,27
2015-09-03,45,19,26
2015-09-03,112,38,74
2015-09-03,167,69,98
2015-09-03,330,120,210
2015-09-03,460,151,309
2015-09-03,286,118,168
2015-09-03,142,48,94
2015-09-03,91,44,47
2015-09-03,72,31,41
2015-09-03,74,35,39
2015-09-03,86,48,38
2015-09-03,92,53,39
2015-09-03,217,136,81
2015-09-03,391,253,138
2015-09-03,327,218,109
2015-09-03,129,89,40
2015-09-03,34,18,16
2015-09-03,7,2,5
2015-09-03,3,2,1
2015-09-03,2,0,2
2015-09-03,9,6,3
2015-09-03,8,4,4
2015-09-02,26,11,15
2015-09-02,30,12,18
2015-09-02,48,23,25
2015-09-02,108,39,69
2015-09-02,193,76,117
2015-09-02,399,133,266
2015-09-02,607,191,416
2015-09-02,322,129,193
2015-09-02,136,56,80
2015-09-02,91,53,38
2015-09-02,88,42,46
2015-09-02,83,48,35
2015-09-02,63,30,33
2015-09-02,92,51,41
2015-09-02,249,155,94
2015-09-02,476,303,173
2015-09-02,369,242,127
2015-09-02,155,104,51
2015-09-02,40,25,15
2015-09-02,12,9,3
2015-09-02,4,3,1
2015-09-02,5,3,2
2015-09-02,3,0,3
2015-09-02,13,7,6
2015-09-01,18,9,9
2015-09-01,35,17,18
2015-09-01,37,17,20
2015-09-01,63,27,36
2015-09-01,148,46,102
2015-09-01,320,106,214
2015-09-01,520,142,378
2015-09-01,218,85,133
2015-09-01,85,35,50
2015-09-01,76,43,33
2015-09-01,64,22,42
2015-09-01,75,45,30
2015-09-01,43,25,18
2015-09-01,64,36,28
2015-09-01,175,115,60
2015-09-01,415,273,142
2015-09-01,330,227,103
2015-09-01,127,88,39
2015-09-01,40,23,17
2015-09-01,5,3,2
2015-09-01,4,1,3
2015-09-01,4,1,3
2015-09-01,2,1,1
2015-09-01,8,6,2
2015-08-31,18,7,11
2015-08-31,31,9,22
2015-08-31,46,22,24
2015-08-31,57,33,24
2015-08-31,171,59,112
2015-08-31,311,101,210
2015-08-31,480,130,350
2015-08-31,216,77,139
2015-08-31,80,29,51
2015-08-31,76,33,43
2015-08-31,57,25,32
2015-08-31,54,28,26
2015-08-31,48,28,20
2015-08-31,79,53,26
2015-08-31,193,109,84
2015-08-31,420,270,150
2015-08-31,309,200,109
2015-08-31,122,71,51
2015-08-31,26,15,11
2015-08-31,7,2,5
2015-08-31,4,3,1
2015-08-31,3,1,2
2015-08-31,5,2,3
2015-08-31,10,3,7
2015-08-30,16,7,9
2015-08-30,18,11,7
2015-08-30,20,15,5
2015-08-30,62,23,39
2015-08-30,70,40,30
2015-08-30,88,41,47
2015-08-30,103,51,52
2015-08-30,129,57,72
2015-08-30,109,65,44
2015-08-30,120,63,57
2015-08-30,128,84,44
2015-08-30,123,80,43
2015-08-30,98,57,41
2015-08-30,43,27,16
2015-08-30,32,19,13
2015-08-30,24,16,8
2015-08-30,6,4,2
2015-08-30,5,3,2
2015-08-30,4,1,3
2015-08-30,4,2,2
2015-08-30,3,2,1
2015-08-30,0,0,0
2015-08-30,4,3,1
2015-08-30,4,1,3
2015-08-29,12,7,5
2015-08-29,5,1,4
2015-08-29,11,8,3
2015-08-29,20,8,12
2015-08-29,28,20,8
2015-08-29,46,20,26
2015-08-29,54,25,29
2015-08-29,72,34,38
2015-08-29,60,32,28
2015-08-29,63,38,25
2015-08-29,53,25,28
2015-08-29,36,19,17
2015-08-29,45,23,22
2015-08-29,52,31,21
2015-08-29,35,22,13
2015-08-29,27,14,13
2015-08-29,13,7,6
2015-08-29,8,4,4
2015-08-29,2,2,0
2015-08-29,6,2,4
2015-08-29,3,2,1
2015-08-29,12,9,3
2015-08-29,15,6,9
2015-08-29,21,6,15
2015-08-28,31,17,14
2015-08-28,25,9,16
2015-08-28,46,24,22
2015-08-28,81,37,44
2015-08-28,105,33,72
2015-08-28,224,84,140
2015-08-28,409,133,276
2015-08-28,256,98,158
2015-08-28,142,59,83
2015-08-28,93,48,45
2015-08-28,73,38,35
2015-08-28,90,33,57
2015-08-28,75,47,28
2015-08-28,94,46,48
2015-08-28,184,101,83
2015-08-28,351,239,112
2015-08-28,221,151,70
2015-08-28,85,63,22
2015-08-28,29,19,10
2015-08-28,11,7,4
2015-08-28,4,2,2
2015-08-28,2,1,1
2015-08-28,4,3,1
2015-08-28,18,8,10
2015-08-27,50,28,22
2015-08-27,49,30,19
2015-08-27,93,48,45
2015-08-27,161,72,89
2015-08-27,220,86,134
2015-08-27,490,173,317
2015-08-27,671,222,449
2015-08-27,353,123,230
2015-08-27,150,64,86
2015-08-27,123,46,77
2015-08-27,137,75,62
2015-08-27,107,49,58
2015-08-27,95,56,39
2015-08-27,131,78,53
2015-08-27,278,174,104
2015-08-27,587,383,204
2015-08-27,416,287,129
2015-08-27,143,104,39
2015-08-27,49,35,14
2015-08-27,4,2,2
2015-08-27,3,1,2
2015-08-27,4,2,2
2015-08-27,4,2,2
2015-08-27,18,9,9
2015-08-26,31,17,14
2015-08-26,41,25,16
2015-08-26,97,48,49
2015-08-26,138,65,73
2015-08-26,211,90,121
2015-08-26,509,181,328
2015-08-26,719,206,513
2015-08-26,375,148,227
2015-08-26,139,58,81
2015-08-26,118,47,71
2015-08-26,103,46,57
2015-08-26,88,44,44
2015-08-26,101,58,43
2015-08-26,120,60,60
2015-08-26,283,174,109
2015-08-26,555,354,201
2015-08-26,436,306,130
2015-08-26,167,110,57
2015-08-26,49,30,19
2015-08-26,15,11,4
2015-08-26,2,1,1
2015-08-26,9,5,4
2015-08-26,7,5,2
2015-08-26,18,7,11
2015-08-25,31,12,19
2015-08-25,42,15,27
2015-08-25,65,35,30
2015-08-25,130,55,75
2015-08-25,262,116,146
2015-08-25,497,195,302
2015-08-25,714,215,499
2015-08-25,373,144,229
2015-08-25,160,71,89
2015-08-25,123,57,66
2015-08-25,109,55,54
2015-08-25,91,42,49
2015-08-25,98,50,48
2015-08-25,174,112,62
2015-08-25,279,161,118
2015-08-25,615,403,212
2015-08-25,459,331,128
2015-08-25,155,108,47
2015-08-25,53,32,21
2015-08-25,8,8,0
2015-08-25,5,0,5
2015-08-25,8,2,6
2015-08-25,5,3,2
2015-08-25,17,6,11
2015-08-24,34,15,19
2015-08-24,38,18,20
2015-08-24,60,24,36
2015-08-24,131,59,72
2015-08-24,216,96,120
2015-08-24,463,167,296
2015-08-24,629,169,460
2015-08-24,339,134,205
2015-08-24,167,71,96
2015-08-24,112,66,46
2015-08-24,106,42,64
2015-08-24,102,49,53
2015-08-24,98,52,46
2015-08-24,105,52,53
2015-08-24,266,153,113
2015-08-24,534,354,180
2015-08-24,447,318,129
2015-08-24,142,95,47
2015-08-24,44,29,15
2015-08-24,10,7,3
2015-08-24,2,2,0
2015-08-24,4,2,2
2015-08-24,10,3,7
2015-08-24,13,2,11
2015-08-23,20,11,9
2015-08-23,44,19,25
2015-08-23,39,23,16
2015-08-23,85,35,50
2015-08-23,71,34,37
2015-08-23,132,63,69
2015-08-23,173,92,81
2015-08-23,155,80,75
2015-08-23,155,98,57
2015-08-23,159,90,69
2015-08-23,191,106,85
2015-08-23,197,85,112
2015-08-23,163,103,60
2015-08-23,123,60,63
2015-08-23,109,63,46
2015-08-23,77,45,32
2015-08-23,40,24,16
2015-08-23,18,7,11
2015-08-23,6,5,1
2015-08-23,5,3,2
2015-08-23,6,4,2
2015-08-23,13,8,5
2015-08-23,8,3,5
2015-08-23,27,12,15
2015-08-22,27,8,19
2015-08-22,39,20,19
2015-08-22,54,32,22
2015-08-22,64,27,37
2015-08-22,85,43,42
2015-08-22,117,63,54
2015-08-22,148,63,85
2015-08-22,160,83,77
2015-08-22,170,86,84
2015-08-22,172,83,89
2015-08-22,177,78,99
2015-08-22,148,79,69
2015-08-22,156,89,67
2015-08-22,190,148,42
2015-08-22,147,87,60
2015-08-22,70,38,32
2015-08-22,65,35,30
2015-08-22,29,16,13
2015-08-22,9,7,2
2015-08-22,4,2,2
2015-08-22,7,5,2
2015-08-22,10,5,5
2015-08-22,24,14,10
2015-08-22,18,5,13
2015-08-21,51,19,32
2015-08-21,65,33,32
2015-08-21,60,30,30
2015-08-21,104,52,52
2015-08-21,166,73,93
2015-08-21,312,120,192
2015-08-21,533,171,362
2015-08-21,337,122,215
2015-08-21,200,88,112
2015-08-21,130,61,69
2015-08-21,120,61,59
2015-08-21,99,43,56
2015-08-21,106,50,56
2015-08-21,91,55,36
2015-08-21,264,173,91
2015-08-21,446,297,149
2015-08-21,341,235,106
2015-08-21,118,81,37
2015-08-21,27,18,9
2015-08-21,9,5,4
2015-08-21,1,1,0
2015-08-21,5,4,1
2015-08-21,5,1,4
2015-08-21,16,4,12
2015-08-20,26,10,16
2015-08-20,49,23,26
2015-08-20,82,38,44
2015-08-20,131,57,74
2015-08-20,254,99,155
2015-08-20,446,169,277
2015-08-20,584,166,418
2015-08-20,301,107,194
2015-08-20,129,52,77
2015-08-20,92,39,53
2015-08-20,110,57,53
2015-08-20,76,38,38
2015-08-20,76,46,30
2015-08-20,110,62,48
2015-08-20,267,161,106
2015-08-20,501,313,188
2015-08-20,390,254,136
2015-08-20,155,101,54
2015-08-20,36,24,12
2015-08-20,9,7,2
2015-08-20,0,0,0
2015-08-20,6,5,1
2015-08-20,5,1,4
2015-08-20,11,4,7
2015-08-19,43,21,22
2015-08-19,62,31,31
2015-08-19,117,50,67
2015-08-19,141,53,88
2015-08-19,279,96,183
2015-08-19,497,165,332
2015-08-19,660,192,468
2015-08-19,345,124,221
2015-08-19,205,82,123
2015-08-19,106,61,45
2015-08-19,117,58,59
2015-08-19,109,46,63
2015-08-19,104,53,51
2015-08-19,141,82,59
2015-08-19,296,186,110
2015-08-19,566,377,189
2015-08-19,485,337,148
2015-08-19,180,118,62
2015-08-19,49,29,20
2015-08-19,9,6,3
2015-08-19,2,1,1
2015-08-19,4,1,3
2015-08-19,12,7,5
2015-08-19,19,9,10
2015-08-18,25,12,13
2015-08-18,64,30,34
2015-08-18,101,52,49
2015-08-18,161,64,97
2015-08-18,269,119,150
2015-08-18,527,174,353
2015-08-18,704,218,486
2015-08-18,359,130,229
2015-08-18,166,66,100
2015-08-18,111,49,62
2015-08-18,98,53,45
2015-08-18,86,44,42
2015-08-18,105,59,46
2015-08-18,126,70,56
2015-08-18,292,165,127
2015-08-18,614,406,208
2015-08-18,457,323,134
2015-08-18,152,100,52
2015-08-18,46,28,18
2015-08-18,15,8,7
2015-08-18,3,3,0
2015-08-18,7,3,4
2015-08-18,3,2,1
2015-08-18,17,5,12
2015-08-17,37,25,12
2015-08-17,41,23,18
2015-08-17,76,40,36
2015-08-17,145,74,71
2015-08-17,238,102,136
2015-08-17,480,164,316
2015-08-17,733,209,524
2015-08-17,343,127,216
2015-08-17,145,59,86
2015-08-17,122,53,69
2015-08-17,102,52,50
2015-08-17,105,59,46
2015-08-17,111,56,55
2015-08-17,131,82,49
2015-08-17,275,161,114
2015-08-17,530,369,161
2015-08-17,452,320,132
2015-08-17,162,118,44
2015-08-17,48,34,14
2015-08-17,11,6,5
2015-08-17,6,6,0
2015-08-17,4,1,3
2015-08-17,4,0,4
2015-08-17,18,6,12
2015-08-16,14,6,8
2015-08-16,30,13,17
2015-08-16,56,30,26
2015-08-16,63,31,32
2015-08-16,114,62,52
2015-08-16,139,74,65
2015-08-16,176,82,94
2015-08-16,245,105,140
2015-08-16,225,114,111
2015-08-16,204,115,89
2015-08-16,253,153,100
2015-08-16,202,110,92
2015-08-16,183,105,78
2015-08-16,150,85,65
2015-08-16,114,49,65
2015-08-16,71,36,35
2015-08-16,23,8,15
2015-08-16,12,6,6
2015-08-16,6,3,3
2015-08-16,8,7,1
2015-08-16,3,0,3
2015-08-16,8,3,5
2015-08-16,14,5,9
2015-08-16,20,11,9
2015-08-15,24,10,14
2015-08-15,34,15,19
2015-08-15,49,14,35
2015-08-15,50,22,28
2015-08-15,70,28,42
2015-08-15,105,54,51
2015-08-15,166,84,82
2015-08-15,135,65,70
2015-08-15,153,90,63
2015-08-15,163,78,85
2015-08-15,148,74,74
2015-08-15,113,63,50
2015-08-15,114,60,54
2015-08-15,112,51,61
2015-08-15,67,32,35
2015-08-15,79,41,38
2015-08-15,31,16,15
2015-08-15,34,9,25
2015-08-15,17,11,6
2015-08-15,5,2,3
2015-08-15,4,4,0
2015-08-15,6,2,4
2015-08-15,6,1,5
2015-08-15,17,4,13
2015-08-14,14,4,10
2015-08-14,20,8,12
2015-08-14,26,12,14
2015-08-14,33,13,20
2015-08-14,63,23,40
2015-08-14,144,45,99
2015-08-14,283,84,199
2015-08-14,133,43,90
2015-08-14,72,19,53
2015-08-14,38,19,19
2015-08-14,39,22,17
2015-08-14,65,26,39
2015-08-14,59,30,29
2015-08-14,98,43,55
2015-08-14,205,127,78
2015-08-14,344,241,103
2015-08-14,240,159,81
2015-08-14,105,68,37
2015-08-14,38,19,19
2015-08-14,12,5,7
2015-08-14,2,0,2
2015-08-14,3,3,0
2015-08-14,9,3,6
2015-08-14,17,9,8
2015-08-13,32,12,20
2015-08-13,76,34,42
2015-08-13,86,49,37
2015-08-13,173,69,104
2015-08-13,231,93,138
2015-08-13,474,175,299
2015-08-13,675,180,495
2015-08-13,357,115,242
2015-08-13,175,89,86
2015-08-13,131,59,72
2015-08-13,133,75,58
2015-08-13,103,58,45
2015-08-13,89,47,42
2015-08-13,143,77,66
2015-08-13,262,155,107
2015-08-13,613,392,221
2015-08-13,434,300,134
2015-08-13,162,108,54
2015-08-13,37,21,16
2015-08-13,10,5,5
2015-08-13,3,1,2
2015-08-13,5,5,0
2015-08-13,7,5,2
2015-08-13,17,9,8
2015-08-12,33,21,12
2015-08-12,46,19,27
2015-08-12,94,44,50
2015-08-12,157,64,93
2015-08-12,246,93,153
2015-08-12,455,151,304
2015-08-12,710,216,494
2015-08-12,398,134,264
2015-08-12,127,56,71
2015-08-12,102,48,54
2015-08-12,88,42,46
2015-08-12,80,43,37
2015-08-12,111,63,48
2015-08-12,118,63,55
2015-08-12,319,205,114
2015-08-12,581,382,199
2015-08-12,477,322,155
2015-08-12,161,113,48
2015-08-12,58,39,19
2015-08-12,12,9,3
2015-08-12,2,1,1
2015-08-12,5,5,0
2015-08-12,10,5,5
2015-08-12,13,5,8
2015-08-11,42,19,23
2015-08-11,52,25,27
2015-08-11,91,41,50
2015-08-11,151,71,80
2015-08-11,256,101,155
2015-08-11,533,178,355
2015-08-11,742,227,515
2015-08-11,318,110,208
2015-08-11,157,61,96
2015-08-11,117,65,52
2015-08-11,126,68,58
2015-08-11,108,57,51
2015-08-11,111,53,58
2015-08-11,123,79,44
2015-08-11,282,171,111
2015-08-11,628,422,206
2015-08-11,455,322,133
2015-08-11,145,95,50
2015-08-11,54,30,24
2015-08-11,13,6,7
2015-08-11,3,1,2
2015-08-11,1,1,0
2015-08-11,7,2,5
2015-08-11,15,6,9
2015-08-10,24,15,9
2015-08-10,43,26,17
2015-08-10,81,35,46
2015-08-10,156,73,83
2015-08-10,212,91,121
2015-08-10,446,167,279
2015-08-10,621,179,442
2015-08-10,318,121,197
2015-08-10,137,54,83
2015-08-10,95,47,48
2015-08-10,105,52,53
2015-08-10,103,60,43
2015-08-10,78,37,41
2015-08-10,117,62,55
2015-08-10,260,146,114
2015-08-10,452,304,148
2015-08-10,396,272,124
2015-08-10,172,114,58
2015-08-10,43,24,19
2015-08-10,13,5,8
2015-08-10,3,2,1
2015-08-10,5,2,3
2015-08-10,7,2,5
2015-08-10,11,1,10
2015-08-09,15,7,8
2015-08-09,29,11,18
2015-08-09,55,32,23
2015-08-09,57,29,28
2015-08-09,86,52,34
2015-08-09,117,54,63
2015-08-09,174,97,77
2015-08-09,210,127,83
2015-08-09,211,101,110
2015-08-09,278,104,174
2015-08-09,450,122,328
2015-08-09,476,95,381
2015-08-09,289,83,206
2015-08-09,136,79,57
2015-08-09,116,56,60
2015-08-09,88,54,34
2015-08-09,60,40,20
2015-08-09,33,18,15
2015-08-09,12,11,1
2015-08-09,3,2,1
2015-08-09,3,2,1
2015-08-09,5,1,4
2015-08-09,18,9,9
2015-08-09,24,9,15
2015-08-08,37,18,19
2015-08-08,31,16,15
2015-08-08,54,39,15
2015-08-08,59,31,28
2015-08-08,66,40,26
2015-08-08,109,46,63
2015-08-08,148,69,79
2015-08-08,146,75,71
2015-08-08,163,75,88
2015-08-08,193,98,95
2015-08-08,157,89,68
2015-08-08,156,81,75
2015-08-08,138,84,54
2015-08-08,142,74,68
2015-08-08,127,64,63
2015-08-08,85,50,35
2015-08-08,67,30,37
2015-08-08,30,14,16
2015-08-08,12,8,4
2015-08-08,6,1,5
2015-08-08,7,2,5
2015-08-08,17,3,14
2015-08-08,29,11,18
2015-08-08,35,8,27
2015-08-07,46,14,32
2015-08-07,69,30,39
2015-08-07,74,38,36
2015-08-07,145,53,92
2015-08-07,212,91,121
2015-08-07,390,165,225
2015-08-07,582,207,375
2015-08-07,405,142,263
2015-08-07,219,99,120
2015-08-07,143,68,75
2015-08-07,138,75,63
2015-08-07,118,57,61
2015-08-07,113,61,52
2015-08-07,143,67,76
2015-08-07,247,140,107
2015-08-07,453,298,155
2015-08-07,364,253,111
2015-08-07,154,105,49
2015-08-07,34,17,17
2015-08-07,7,5,2
2015-08-07,4,3,1
2015-08-07,4,0,4
2015-08-07,11,5,6
2015-08-07,25,7,18
2015-08-06,30,18,12
2015-08-06,64,32,32
2015-08-06,96,57,39
2015-08-06,163,88,75
2015-08-06,243,108,135
2015-08-06,490,181,309
2015-08-06,630,200,430
2015-08-06,336,121,215
2015-08-06,167,75,92
2015-08-06,105,52,53
2015-08-06,119,69,50
2015-08-06,96,56,40
2015-08-06,89,46,43
2015-08-06,122,59,63
2015-08-06,272,163,109
2015-08-06,553,363,190
2015-08-06,488,269,219
2015-08-06,154,96,58
2015-08-06,35,22,13
2015-08-06,8,4,4
2015-08-06,5,2,3
2015-08-06,3,1,2
2015-08-06,4,3,1
2015-08-06,23,5,18
2015-08-05,31,14,17
2015-08-05,40,22,18
2015-08-05,60,30,30
2015-08-05,125,54,71
2015-08-05,193,80,113
2015-08-05,462,177,285
2015-08-05,676,175,501
2015-08-05,376,134,242
2015-08-05,154,67,87
2015-08-05,104,44,60
2015-08-05,77,38,39
2015-08-05,89,47,42
2015-08-05,93,49,44
2015-08-05,102,55,47
2015-08-05,270,158,112
2015-08-05,535,336,199
2015-08-05,450,322,128
2015-08-05,179,117,62
2015-08-05,58,32,26
2015-08-05,8,7,1
2015-08-05,8,3,5
2015-08-05,5,2,3
2015-08-05,3,2,1
2015-08-05,10,6,4
2015-08-04,32,13,19
2015-08-04,51,17,34
2015-08-04,80,43,37
2015-08-04,179,86,93
2015-08-04,253,111,142
2015-08-04,488,191,297
2015-08-04,791,227,564
2015-08-04,397,126,271
2015-08-04,168,79,89
2015-08-04,121,52,69
2015-08-04,89,46,43
2015-08-04,100,59,41
2015-08-04,91,46,45
2015-08-04,132,72,60
2015-08-04,311,200,111
2015-08-04,623,404,219
2015-08-04,473,333,140
2015-08-04,177,126,51
2015-08-04,56,33,23
2015-08-04,11,4,7
2015-08-04,2,1,1
2015-08-04,4,1,3
2015-08-04,12,6,6
2015-08-04,14,7,7
2015-08-03,24,11,13
2015-08-03,56,26,30
2015-08-03,81,40,41
2015-08-03,148,61,87
2015-08-03,225,84,141
2015-08-03,492,189,303
2015-08-03,692,174,518
2015-08-03,350,122,228
2015-08-03,141,65,76
2015-08-03,113,57,56
2015-08-03,99,45,54
2015-08-03,81,39,42
2015-08-03,88,55,33
2015-08-03,98,52,46
2015-08-03,293,188,105
2015-08-03,606,403,203
2015-08-03,408,289,119
2015-08-03,172,114,58
2015-08-03,49,36,13
2015-08-03,10,9,1
2015-08-03,4,2,2
2015-08-03,2,2,0
2015-08-03,5,2,3
2015-08-03,6,3,3
2015-08-02,20,5,15
2015-08-02,34,14,20
2015-08-02,38,16,22
2015-08-02,72,35,37
2015-08-02,76,41,35
2015-08-02,106,51,55
2015-08-02,128,58,70
2015-08-02,157,82,75
2015-08-02,183,83,100
2015-08-02,125,66,59
2015-08-02,158,84,74
2015-08-02,171,88,83
2015-08-02,149,89,60
2015-08-02,109,67,42
2015-08-02,125,70,55
2015-08-02,79,41,38
2015-08-02,57,28,29
2015-08-02,29,14,15
2015-08-02,6,1,5
2015-08-02,6,1,5
2015-08-02,3,2,1
2015-08-02,9,3,6
2015-08-02,17,8,9
2015-08-02,26,6,20
2015-08-01,49,23,26
2015-08-01,59,28,31
2015-08-01,74,33,41
2015-08-01,53,28,25
2015-08-01,90,39,51
2015-08-01,129,68,61
2015-08-01,134,77,57
2015-08-01,154,81,73
2015-08-01,177,101,76
2015-08-01,167,85,82
2015-08-01,164,79,85
2015-08-01,161,76,85
2015-08-01,194,104,90
2015-08-01,163,94,69
2015-08-01,146,77,69
2015-08-01,112,64,48
2015-08-01,81,42,39
2015-08-01,25,11,14
2015-08-01,12,7,5
2015-08-01,4,2,2
2015-08-01,7,0,7
2015-08-01,10,5,5
2015-08-01,14,8,6
2015-08-01,40,21,19
2015-07-31,60,38,22
2015-07-31,73,32,41
2015-07-31,109,45,64
2015-07-31,130,43,87
2015-07-31,191,88,103
2015-07-31,322,115,207
2015-07-31,533,171,362
2015-07-31,350,132,218
2015-07-31,182,84,98
2015-07-31,118,49,69
2015-07-31,104,57,47
2015-07-31,107,54,53
2015-07-31,121,67,54
2015-07-31,124,62,62
2015-07-31,259,166,93
2015-07-31,504,315,189
2015-07-31,363,244,119
2015-07-31,139,95,44
2015-07-31,41,25,16
2015-07-31,9,4,5
2015-07-31,2,2,0
2015-07-31,7,1,6
2015-07-31,15,5,10
2015-07-31,24,11,13
2015-07-30,45,22,23
2015-07-30,75,44,31
2015-07-30,118,54,64
2015-07-30,156,57,99
2015-07-30,278,120,158
2015-07-30,476,165,311
2015-07-30,642,184,458
2015-07-30,331,127,204
2015-07-30,142,72,70
2015-07-30,111,46,65
2015-07-30,101,55,46
2015-07-30,82,43,39
2015-07-30,110,59,51
2015-07-30,130,72,58
2015-07-30,305,193,112
2015-07-30,605,397,208
2015-07-30,416,271,145
2015-07-30,166,107,59
2015-07-30,42,20,22
2015-07-30,10,5,5
2015-07-30,3,0,3
2015-07-30,7,5,2
2015-07-30,10,5,5
2015-07-30,18,8,10
2015-07-29,45,15,30
2015-07-29,72,36,36
2015-07-29,118,63,55
2015-07-29,162,64,98
2015-07-29,277,96,181
2015-07-29,531,183,348
2015-07-29,686,196,490
2015-07-29,407,143,264
2015-07-29,152,76,76
2015-07-29,117,70,47
2015-07-29,120,58,62
2015-07-29,102,48,54
2015-07-29,115,63,52
2015-07-29,143,69,74
2015-07-29,304,191,113
2015-07-29,623,392,231
2015-07-29,482,338,144
2015-07-29,197,127,70
2015-07-29,47,31,16
2015-07-29,10,8,2
2015-07-29,3,2,1
2015-07-29,5,1,4
2015-07-29,5,2,3
2015-07-29,11,5,6
2015-07-28,35,13,22
2015-07-28,75,31,44
2015-07-28,89,39,50
2015-07-28,168,79,89
2015-07-28,306,139,167
2015-07-28,492,174,318
2015-07-28,736,219,517
2015-07-28,354,122,232
2015-07-28,181,72,109
2015-07-28,145,73,72
2015-07-28,122,57,65
2015-07-28,99,45,54
2015-07-28,93,50,43
2015-07-28,140,74,66
2015-07-28,306,184,122
2015-07-28,616,392,224
2015-07-28,480,335,145
2015-07-28,183,123,60
2015-07-28,50,31,19
2015-07-28,11,8,3
2015-07-28,8,3,5
2015-07-28,3,2,1
2015-07-28,10,3,7
2015-07-28,13,6,7
2015-07-27,32,17,15
2015-07-27,33,11,22
2015-07-27,81,35,46
2015-07-27,132,56,76
2015-07-27,219,93,126
2015-07-27,470,143,327
2015-07-27,705,199,506
2015-07-27,349,122,227
2015-07-27,175,74,101
2015-07-27,116,52,64
2015-07-27,95,52,43
2015-07-27,89,51,38
2015-07-27,88,52,36
2015-07-27,106,61,45
2015-07-27,264,155,109
2015-07-27,520,351,169
2015-07-27,425,296,129
2015-07-27,143,98,45
2015-07-27,35,22,13
2015-07-27,4,3,1
2015-07-27,4,4,0
2015-07-27,3,2,1
2015-07-27,4,0,4
2015-07-27,10,4,6
2015-07-26,15,5,10
2015-07-26,23,6,17
2015-07-26,17,11,6
2015-07-26,31,12,19
2015-07-26,43,24,19
2015-07-26,81,35,46
2015-07-26,54,28,26
2015-07-26,102,58,44
2015-07-26,169,92,77
2015-07-26,172,109,63
2015-07-26,121,78,43
2015-07-26,129,62,67
2015-07-26,147,71,76
2015-07-26,104,55,49
2015-07-26,82,47,35
2015-07-26,45,23,22
2015-07-26,38,20,18
2015-07-26,25,12,13
2015-07-26,9,4,5
2015-07-26,3,2,1
2015-07-26,4,2,2
2015-07-26,10,5,5
2015-07-26,9,3,6
2015-07-26,19,6,13
2015-07-25,26,11,15
2015-07-25,27,12,15
2015-07-25,27,11,16
2015-07-25,62,31,31
2015-07-25,79,39,40
2015-07-25,88,54,34
2015-07-25,110,54,56
2015-07-25,111,51,60
2015-07-25,124,68,56
2015-07-25,126,71,55
2015-07-25,115,68,47
2015-07-25,131,64,67
2015-07-25,70,35,35
2015-07-25,52,27,25
2015-07-25,54,29,25
2015-07-25,48,25,23
2015-07-25,47,34,13
2015-07-25,23,13,10
2015-07-25,9,3,6
2015-07-25,4,0,4
2015-07-25,3,3,0
2015-07-25,10,9,1
2015-07-25,15,11,4
2015-07-25,23,8,15
2015-07-24,60,30,30
2015-07-24,322,76,246
2015-07-24,64,29,35
2015-07-24,118,56,62
2015-07-24,142,43,99
2015-07-24,280,95,185
2015-07-24,504,126,378
2015-07-24,317,127,190
2015-07-24,162,68,94
2015-07-24,114,56,58
2015-07-24,89,40,49
2015-07-24,75,41,34
2015-07-24,57,29,28
2015-07-24,109,66,43
2015-07-24,224,127,97
2015-07-24,441,295,146
2015-07-24,342,243,99
2015-07-24,125,76,49
2015-07-24,36,22,14
2015-07-24,11,6,5
2015-07-24,3,1,2
2015-07-24,3,1,2
2015-07-24,8,4,4
2015-07-24,22,7,15
2015-07-23,38,10,28
2015-07-23,47,27,20
2015-07-23,88,37,51
2015-07-23,146,69,77
2015-07-23,248,99,149
2015-07-23,470,179,291
2015-07-23,687,218,469
2015-07-23,337,143,194
2015-07-23,198,95,103
2015-07-23,116,43,73
2015-07-23,122,61,61
2015-07-23,100,44,56
2015-07-23,111,52,59
2015-07-23,127,77,50
2015-07-23,287,167,120
2015-07-23,548,362,186
2015-07-23,429,290,139
2015-07-23,175,117,58
2015-07-23,38,24,14
2015-07-23,13,6,7
2015-07-23,3,2,1
2015-07-23,3,0,3
2015-07-23,6,2,4
2015-07-23,22,10,12
2015-07-22,33,10,23
2015-07-22,45,22,23
2015-07-22,98,38,60
2015-07-22,126,49,77
2015-07-22,296,126,170
2015-07-22,509,174,335
2015-07-22,675,213,462
2015-07-22,412,143,269
2015-07-22,192,81,111
2015-07-22,157,62,95
2015-07-22,94,43,51
2015-07-22,108,53,55
2015-07-22,110,48,62
2015-07-22,143,83,60
2015-07-22,327,189,138
2015-07-22,593,383,210
2015-07-22,483,331,152
2015-07-22,174,117,57
2015-07-22,35,19,16
2015-07-22,15,9,6
2015-07-22,1,1,0
2015-07-22,3,2,1
2015-07-22,6,2,4
2015-07-22,13,7,6
2015-07-21,29,14,15
2015-07-21,41,23,18
2015-07-21,100,43,57
2015-07-21,124,66,58
2015-07-21,254,110,144
2015-07-21,470,168,302
2015-07-21,655,168,487
2015-07-21,335,123,212
2015-07-21,161,71,90
2015-07-21,98,44,54
2015-07-21,101,60,41
2015-07-21,86,42,44
2015-07-21,94,46,48
2015-07-21,98,45,53
2015-07-21,297,174,123
2015-07-21,555,366,189
2015-07-21,492,367,125
2015-07-21,171,118,53
2015-07-21,61,38,23
2015-07-21,9,4,5
2015-07-21,5,1,4
2015-07-21,3,1,2
2015-07-21,12,3,9
2015-07-21,17,7,10
2015-07-20,27,8,19
2015-07-20,39,23,16
2015-07-20,82,43,39
2015-07-20,157,68,89
2015-07-20,256,93,163
2015-07-20,497,161,336
2015-07-20,654,181,473
2015-07-20,335,129,206
2015-07-20,144,57,87
2015-07-20,122,61,61
2015-07-20,103,52,51
2015-07-20,88,39,49
2015-07-20,77,40,37
2015-07-20,125,74,51
2015-07-20,277,159,118
2015-07-20,563,383,180
2015-07-20,423,302,121
2015-07-20,162,103,59
2015-07-20,42,24,18
2015-07-20,9,6,3
2015-07-20,5,3,2
2015-07-20,7,4,3
2015-07-20,10,3,7
2015-07-20,9,1,8
2015-07-19,26,10,16
2015-07-19,37,12,25
2015-07-19,49,26,23
2015-07-19,64,38,26
2015-07-19,103,46,57
2015-07-19,94,44,50
2015-07-19,104,52,52
2015-07-19,114,59,55
2015-07-19,140,80,60
2015-07-19,160,91,69
2015-07-19,184,94,90
2015-07-19,154,74,80
2015-07-19,192,112,80
2015-07-19,136,69,67
2015-07-19,146,81,65
2015-07-19,117,63,54
2015-07-19,52,28,24
2015-07-19,21,6,15
2015-07-19,15,9,6
2015-07-19,4,3,1
2015-07-19,6,6,0
2015-07-19,5,1,4
2015-07-19,10,5,5
2015-07-19,30,8,22
2015-07-18,34,13,21
2015-07-18,56,34,22
2015-07-18,77,36,41
2015-07-18,75,35,40
2015-07-18,88,44,44
2015-07-18,137,64,73
2015-07-18,137,67,70
2015-07-18,160,83,77
2015-07-18,188,104,84
2015-07-18,176,89,87
2015-07-18,193,94,99
2015-07-18,186,107,79
2015-07-18,135,67,68
2015-07-18,163,80,83
2015-07-18,135,81,54
2015-07-18,102,52,50
2015-07-18,55,21,34
2015-07-18,29,12,17
2015-07-18,10,5,5
2015-07-18,11,1,10
2015-07-18,8,3,5
2015-07-18,10,5,5
2015-07-18,9,1,8
2015-07-18,21,9,12
2015-07-17,44,17,27
2015-07-17,56,28,28
2015-07-17,67,30,37
2015-07-17,98,32,66
2015-07-17,173,75,98
2015-07-17,343,113,230
2015-07-17,548,172,376
2015-07-17,376,145,231
2015-07-17,169,72,97
2015-07-17,132,65,67
2015-07-17,117,60,57
2015-07-17,99,47,52
2015-07-17,93,47,46
2015-07-17,141,83,58
2015-07-17,279,157,122
2015-07-17,470,322,148
2015-07-17,352,248,104
2015-07-17,155,106,49
2015-07-17,40,27,13
2015-07-17,9,5,4
2015-07-17,11,4,7
2015-07-17,2,2,0
2015-07-17,13,7,6
2015-07-17,26,13,13
2015-07-16,45,13,32
2015-07-16,57,30,27
2015-07-16,107,49,58
2015-07-16,173,88,85
2015-07-16,255,107,148
2015-07-16,446,147,299
2015-07-16,705,190,515
2015-07-16,377,136,241
2015-07-16,144,59,85
2015-07-16,111,51,60
2015-07-16,111,42,69
2015-07-16,91,41,50
2015-07-16,111,64,47
2015-07-16,120,71,49
2015-07-16,275,172,103
2015-07-16,571,394,177
2015-07-16,429,310,119
2015-07-16,197,139,58
2015-07-16,39,26,13
2015-07-16,11,7,4
2015-07-16,7,5,2
2015-07-16,9,5,4
2015-07-16,14,5,9
2015-07-16,19,11,8
2015-07-15,31,9,22
2015-07-15,69,35,34
2015-07-15,81,31,50
2015-07-15,176,72,104
2015-07-15,269,104,165
2015-07-15,506,170,336
2015-07-15,773,220,553
2015-07-15,355,149,206
2015-07-15,175,87,88
2015-07-15,123,48,75
2015-07-15,97,44,53
2015-07-15,84,44,40
2015-07-15,111,64,47
2015-07-15,129,63,66
2015-07-15,288,175,113
2015-07-15,617,397,220
2015-07-15,508,354,154
2015-07-15,200,147,53
2015-07-15,50,27,23
2015-07-15,12,6,6
2015-07-15,6,4,2
2015-07-15,8,2,6
2015-07-15,10,5,5
2015-07-15,8,3,5
2015-07-14,34,20,14
2015-07-14,56,25,31
2015-07-14,113,56,57
2015-07-14,188,73,115
2015-07-14,307,121,186
2015-07-14,512,172,340
2015-07-14,760,233,527
2015-07-14,388,160,228
2015-07-14,167,85,82
2015-07-14,119,62,57
2015-07-14,122,73,49
2015-07-14,105,55,50
2015-07-14,86,23,63
2015-07-14,73,0,73
2015-07-14,292,160,132
2015-07-14,638,448,190
2015-07-14,536,390,146
2015-07-14,209,146,63
2015-07-14,45,28,17
2015-07-14,11,7,4
2015-07-14,4,3,1
2015-07-14,5,1,4
2015-07-14,9,5,4
2015-07-14,16,3,13
2015-07-13,18,10,8
2015-07-13,60,35,25
2015-07-13,96,42,54
2015-07-13,154,62,92
2015-07-13,216,81,135
2015-07-13,518,171,347
2015-07-13,634,182,452
2015-07-13,334,136,198
2015-07-13,172,73,99
2015-07-13,99,56,43
2015-07-13,90,49,41
2015-07-13,90,49,41
2015-07-13,98,47,51
2015-07-13,92,50,42
2015-07-13,245,139,106
2015-07-13,526,362,164
2015-07-13,398,284,114
2015-07-13,157,102,55
2015-07-13,43,32,11
2015-07-13,6,5,1
2015-07-13,5,1,4
2015-07-13,5,0,5
2015-07-13,2,1,1
2015-07-13,11,4,7
2015-07-12,23,12,11
2015-07-12,23,8,15
2015-07-12,52,30,22
2015-07-12,69,33,36
2015-07-12,94,49,45
2015-07-12,125,66,59
2015-07-12,177,94,83
2015-07-12,186,102,84
2015-07-12,192,116,76
2015-07-12,212,108,104
2015-07-12,169,97,72
2015-07-12,175,91,84
2015-07-12,158,79,79
2015-07-12,104,59,45
2015-07-12,87,46,41
2015-07-12,66,45,21
2015-07-12,37,21,16
2015-07-12,13,6,7
2015-07-12,9,5,4
2015-07-12,7,2,5
2015-07-12,3,1,2
2015-07-12,14,4,10
2015-07-12,17,8,9
2015-07-12,25,14,11
2015-07-11,30,11,19
2015-07-11,50,16,34
2015-07-11,64,37,27
2015-07-11,65,29,36
2015-07-11,75,39,36
2015-07-11,103,62,41
2015-07-11,144,81,63
2015-07-11,147,91,56
2015-07-11,168,94,74
2015-07-11,131,68,63
2015-07-11,150,84,66
2015-07-11,160,90,70
2015-07-11,135,66,69
2015-07-11,126,62,64
2015-07-11,118,77,41
2015-07-11,87,50,37
2015-07-11,65,33,32
2015-07-11,56,22,34
2015-07-11,67,13,54
2015-07-11,51,15,36
2015-07-11,8,2,6
2015-07-11,13,7,6
2015-07-11,13,7,6
2015-07-11,27,12,15
2015-07-10,39,12,27
2015-07-10,47,24,23
2015-07-10,59,32,27
2015-07-10,83,43,40
2015-07-10,184,66,118
2015-07-10,340,119,221
2015-07-10,536,154,382
2015-07-10,367,144,223
2015-07-10,188,103,85
2015-07-10,132,59,73
2015-07-10,120,62,58
2015-07-10,95,50,45
2015-07-10,98,48,50
2015-07-10,121,72,49
2015-07-10,260,154,106
2015-07-10,509,343,166
2015-07-10,357,249,108
2015-07-10,139,89,50
2015-07-10,49,32,17
2015-07-10,12,6,6
2015-07-10,5,2,3
2015-07-10,8,2,6
2015-07-10,13,5,8
2015-07-10,11,6,5
2015-07-09,39,17,22
2015-07-09,65,25,40
2015-07-09,99,51,48
2015-07-09,173,85,88
2015-07-09,280,112,168
2015-07-09,479,173,306
2015-07-09,676,204,472
2015-07-09,350,129,221
2015-07-09,153,75,78
2015-07-09,113,51,62
2015-07-09,110,62,48
2015-07-09,99,58,41
2015-07-09,106,51,55
2015-07-09,118,78,40
2015-07-09,259,157,102
2015-07-09,593,376,217
2015-07-09,472,334,138
2015-07-09,191,140,51
2015-07-09,52,20,32
2015-07-09,10,2,8
2015-07-09,5,2,3
2015-07-09,5,3,2
2015-07-09,6,3,3
2015-07-09,26,13,13
2015-07-08,28,13,15
2015-07-08,65,29,36
2015-07-08,115,55,60
2015-07-08,191,100,91
2015-07-08,306,132,174
2015-07-08,527,201,326
2015-07-08,726,218,508
2015-07-08,399,143,256
2015-07-08,148,71,77
2015-07-08,113,64,49
2015-07-08,119,73,46
2015-07-08,122,71,51
2015-07-08,106,58,48
2015-07-08,142,83,59
2015-07-08,282,174,108
2015-07-08,583,373,210
2015-07-08,487,334,153
2015-07-08,197,145,52
2015-07-08,50,32,18
2015-07-08,8,5,3
2015-07-08,4,3,1
2015-07-08,8,7,1
2015-07-08,15,10,5
2015-07-08,20,9,11
2015-07-07,30,11,19
2015-07-07,61,27,34
2015-07-07,94,48,46
2015-07-07,154,67,87
2015-07-07,263,106,157
2015-07-07,498,197,301
2015-07-07,720,194,526
2015-07-07,357,148,209
2015-07-07,165,69,96
2015-07-07,127,68,59
2015-07-07,107,52,55
2015-07-07,128,64,64
2015-07-07,110,55,55
2015-07-07,152,92,60
2015-07-07,274,176,98
2015-07-07,607,403,204
2015-07-07,502,364,138
2015-07-07,179,113,66
2015-07-07,57,33,24
2015-07-07,9,4,5
2015-07-07,7,3,4
2015-07-07,10,8,2
2015-07-07,5,3,2
2015-07-07,19,9,10
2015-07-06,19,9,10
2015-07-06,46,20,26
2015-07-06,88,46,42
2015-07-06,155,71,84
2015-07-06,218,98,120
2015-07-06,485,158,327
2015-07-06,651,180,471
2015-07-06,281,118,163
2015-07-06,138,54,84
2015-07-06,122,60,62
2015-07-06,101,47,54
2015-07-06,106,49,57
2015-07-06,99,61,38
2015-07-06,110,58,52
2015-07-06,252,148,104
2015-07-06,535,368,167
2015-07-06,404,288,116
2015-07-06,177,117,60
2015-07-06,34,22,12
2015-07-06,9,6,3
2015-07-06,6,4,2
2015-07-06,7,5,2
2015-07-06,7,4,3
2015-07-06,16,8,8
2015-07-05,16,8,8
2015-07-05,31,15,16
2015-07-05,53,31,22
2015-07-05,73,47,26
2015-07-05,107,52,55
2015-07-05,119,67,52
2015-07-05,87,48,39
2015-07-05,137,57,80
2015-07-05,157,92,65
2015-07-05,134,66,68
2015-07-05,153,82,71
2015-07-05,134,80,54
2015-07-05,163,95,68
2015-07-05,133,64,69
2015-07-05,103,51,52
2015-07-05,75,38,37
2015-07-05,70,44,26
2015-07-05,22,12,10
2015-07-05,10,5,5
2015-07-05,6,4,2
2015-07-05,1,0,1
2015-07-05,13,5,8
2015-07-05,30,15,15
2015-07-05,92,30,62
2015-07-04,175,74,101
2015-07-04,91,48,43
2015-07-04,132,71,61
2015-07-04,120,62,58
2015-07-04,114,52,62
2015-07-04,126,75,51
2015-07-04,128,60,68
2015-07-04,152,64,88
2015-07-04,165,83,82
2015-07-04,158,87,71
2015-07-04,154,84,70
2015-07-04,194,91,103
2015-07-04,135,79,56
2015-07-04,142,77,65
2015-07-04,149,74,75
2015-07-04,136,75,61
2015-07-04,73,37,36
2015-07-04,39,23,16
2015-07-04,12,7,5
2015-07-04,3,3,0
2015-07-04,5,3,2
2015-07-04,4,2,2
2015-07-04,14,4,10
2015-07-04,22,12,10
2015-07-03,40,17,23
2015-07-03,69,35,34
2015-07-03,49,25,24
2015-07-03,84,40,44
2015-07-03,107,49,58
2015-07-03,140,68,72
2015-07-03,146,79,67
2015-07-03,177,87,90
2015-07-03,133,77,56
2015-07-03,133,59,74
2015-07-03,198,113,85
2015-07-03,186,100,86
2015-07-03,176,104,72
2015-07-03,153,87,66
2015-07-03,157,89,68
2015-07-03,138,74,64
2015-07-03,90,55,35
2015-07-03,44,23,21
2015-07-03,19,11,8
2015-07-03,7,4,3
2015-07-03,6,3,3
2015-07-03,6,2,4
2015-07-03,19,10,9
2015-07-03,36,12,24
2015-07-02,33,15,18
2015-07-02,73,34,39
2015-07-02,107,55,52
2015-07-02,112,49,63
2015-07-02,179,71,108
2015-07-02,361,129,232
2015-07-02,524,159,365
2015-07-02,356,135,221
2015-07-02,191,75,116
2015-07-02,129,53,76
2015-07-02,95,47,48
2015-07-02,104,59,45
2015-07-02,89,50,39
2015-07-02,126,75,51
2015-07-02,251,152,99
2015-07-02,550,380,170
2015-07-02,396,273,123
2015-07-02,163,111,52
2015-07-02,53,27,26
2015-07-02,10,7,3
2015-07-02,5,2,3
2015-07-02,7,2,5
2015-07-02,9,5,4
2015-07-02,14,5,9
2015-07-01,46,23,23
2015-07-01,59,35,24
2015-07-01,109,48,61
2015-07-01,175,76,99
2015-07-01,282,114,168
2015-07-01,492,163,329
2015-07-01,720,212,508
2015-07-01,336,121,215
2015-07-01,160,75,85
2015-07-01,137,76,61
2015-07-01,105,57,48
2015-07-01,115,56,59
2015-07-01,102,60,42
2015-07-01,133,83,50
2015-07-01,261,160,101
2015-07-01,591,390,201
2015-07-01,519,371,148
2015-07-01,201,132,69
2015-07-01,52,33,19
2015-07-01,13,9,4
2015-07-01,11,4,7
2015-07-01,9,2,7
2015-07-01,9,5,4
2015-07-01,14,7,7
2015-06-30,34,18,16
2015-06-30,69,31,38
2015-06-30,104,42,62
2015-06-30,162,67,95
2015-06-30,282,114,168
2015-06-30,563,184,379
2015-06-30,650,181,469
2015-06-30,388,151,237
2015-06-30,182,73,109
2015-06-30,117,64,53
2015-06-30,90,50,40
2015-06-30,123,65,58
2015-06-30,110,55,55
2015-06-30,130,75,55
2015-06-30,315,200,115
2015-06-30,563,390,173
2015-06-30,460,334,126
2015-06-30,216,147,69
2015-06-30,50,36,14
2015-06-30,5,4,1
2015-06-30,9,3,6
2015-06-30,6,1,5
2015-06-30,10,6,4
2015-06-30,17,8,9
2015-06-29,28,15,13
2015-06-29,52,24,28
2015-06-29,109,64,45
2015-06-29,153,72,81
2015-06-29,265,130,135
2015-06-29,445,164,281
2015-06-29,671,192,479
2015-06-29,347,130,217
2015-06-29,144,68,76
2015-06-29,88,50,38
2015-06-29,92,47,45
2015-06-29,85,55,30
2015-06-29,105,58,47
2015-06-29,92,64,28
2015-06-29,250,157,93
2015-06-29,572,386,186
2015-06-29,422,297,125
2015-06-29,174,121,53
2015-06-29,49,34,15
2015-06-29,8,7,1
2015-06-29,2,1,1
2015-06-29,2,1,1
2015-06-29,8,2,6
2015-06-29,18,9,9
2015-06-28,27,5,22
2015-06-28,26,16,10
2015-06-28,50,23,27
2015-06-28,92,41,51
2015-06-28,93,62,31
2015-06-28,105,52,53
2015-06-28,150,70,80
2015-06-28,187,80,107
2015-06-28,167,76,91
2015-06-28,182,72,110
2015-06-28,148,83,65
2015-06-28,138,85,53
2015-06-28,175,110,65
2015-06-28,182,125,57
2015-06-28,128,63,65
2015-06-28,86,45,41
2015-06-28,68,34,34
2015-06-28,37,18,19
2015-06-28,9,6,3
2015-06-28,5,2,3
2015-06-28,7,3,4
2015-06-28,6,3,3
2015-06-28,13,7,6
2015-06-28,20,9,11
2015-06-27,42,22,20
2015-06-27,59,27,32
2015-06-27,62,46,16
2015-06-27,81,45,36
2015-06-27,88,45,43
2015-06-27,127,61,66
2015-06-27,121,52,69
2015-06-27,136,64,72
2015-06-27,150,73,77
2015-06-27,133,73,60
2015-06-27,160,94,66
2015-06-27,181,92,89
2015-06-27,158,86,72
2015-06-27,168,78,90
2015-06-27,172,98,74
2015-06-27,134,92,42
2015-06-27,88,47,41
2015-06-27,55,23,32
2015-06-27,15,7,8
2015-06-27,6,0,6
2015-06-27,5,3,2
2015-06-27,10,5,5
2015-06-27,25,13,12
2015-06-27,34,17,17
2015-06-26,48,21,27
2015-06-26,52,17,35
2015-06-26,84,45,39
2015-06-26,95,39,56
2015-06-26,177,83,94
2015-06-26,340,116,224
2015-06-26,541,149,392
2015-06-26,342,121,221
2015-06-26,228,97,131
2015-06-26,132,62,70
2015-06-26,107,57,50
2015-06-26,98,52,46
2015-06-26,102,58,44
2015-06-26,124,74,50
2015-06-26,255,154,101
2015-06-26,495,327,168
2015-06-26,407,303,104
2015-06-26,160,113,47
2015-06-26,36,19,17
2015-06-26,5,3,2
2015-06-26,6,3,3
2015-06-26,5,2,3
2015-06-26,12,6,6
2015-06-26,18,8,10
2015-06-25,57,26,31
2015-06-25,74,44,30
2015-06-25,111,54,57
2015-06-25,162,74,88
2015-06-25,276,109,167
2015-06-25,512,175,337
2015-06-25,728,212,516
2015-06-25,389,147,242
2015-06-25,181,89,92
2015-06-25,120,53,67
2015-06-25,110,63,47
2015-06-25,103,47,56
2015-06-25,131,84,47
2015-06-25,135,77,58
2015-06-25,256,148,108
2015-06-25,602,408,194
2015-06-25,474,354,120
2015-06-25,180,121,59
2015-06-25,65,43,22
2015-06-25,6,4,2
2015-06-25,9,4,5
2015-06-25,1,1,0
2015-06-25,9,3,6
2015-06-25,18,6,12
2015-06-24,27,15,12
2015-06-24,72,29,43
2015-06-24,110,53,57
2015-06-24,150,84,66
2015-06-24,260,112,148
2015-06-24,535,182,353
2015-06-24,755,241,514
2015-06-24,373,119,254
2015-06-24,143,67,76
2015-06-24,109,52,57
2015-06-24,105,59,46
2015-06-24,110,72,38
2015-06-24,92,46,46
2015-06-24,130,78,52
2015-06-24,313,193,120
2015-06-24,646,445,201
2015-06-24,496,345,151
2015-06-24,194,143,51
2015-06-24,56,33,23
2015-06-24,12,6,6
2015-06-24,2,1,1
2015-06-24,3,2,1
2015-06-24,10,6,4
2015-06-24,22,10,12
2015-06-23,30,16,14
2015-06-23,65,29,36
2015-06-23,105,43,62
2015-06-23,203,80,123
2015-06-23,278,119,159
2015-06-23,551,211,340
2015-06-23,793,244,549
2015-06-23,407,161,246
2015-06-23,203,91,112
2015-06-23,122,62,60
2015-06-23,120,69,51
2015-06-23,116,59,57
2015-06-23,108,61,47
2015-06-23,144,78,66
2015-06-23,301,192,109
2015-06-23,620,401,219
2015-06-23,516,383,133
2015-06-23,205,139,66
2015-06-23,60,40,20
2015-06-23,15,6,9
2015-06-23,7,2,5
2015-06-23,4,1,3
2015-06-23,10,7,3
2015-06-23,15,7,8
2015-06-22,29,14,15
2015-06-22,47,18,29
2015-06-22,97,53,44
2015-06-22,150,62,88
2015-06-22,245,103,142
2015-06-22,486,202,284
2015-06-22,724,205,519
2015-06-22,386,142,244
2015-06-22,168,79,89
2015-06-22,118,54,64
2015-06-22,107,62,45
2015-06-22,106,53,53
2015-06-22,99,63,36
2015-06-22,140,91,49
2015-06-22,300,177,123
2015-06-22,593,392,201
2015-06-22,418,312,106
2015-06-22,160,107,53
2015-06-22,48,29,19
2015-06-22,7,5,2
2015-06-22,4,3,1
2015-06-22,4,2,2
2015-06-22,8,2,6
2015-06-22,12,4,8
2015-06-21,20,11,9
2015-06-21,46,30,16
2015-06-21,46,27,19
2015-06-21,87,47,40
2015-06-21,113,67,46
2015-06-21,159,91,68
2015-06-21,132,64,68
2015-06-21,193,100,93
2015-06-21,183,85,98
2015-06-21,220,109,111
2015-06-21,181,91,90
2015-06-21,164,86,78
2015-06-21,158,101,57
2015-06-21,115,56,59
2015-06-21,100,50,50
2015-06-21,100,57,43
2015-06-21,40,24,16
2015-06-21,26,15,11
2015-06-21,5,2,3
2015-06-21,6,4,2
2015-06-21,8,8,0
2015-06-21,9,6,3
2015-06-21,21,13,8
2015-06-21,38,25,13
2015-06-20,73,45,28
2015-06-20,70,43,27
2015-06-20,103,67,36
2015-06-20,135,80,55
2015-06-20,152,88,64
2015-06-20,162,80,82
2015-06-20,126,53,73
2015-06-20,48,20,28
2015-06-20,41,21,20
2015-06-20,49,28,21
2015-06-20,241,92,149
2015-06-20,260,117,143
2015-06-20,224,96,128
2015-06-20,191,95,96
2015-06-20,128,74,54
2015-06-20,118,57,61
2015-06-20,80,51,29
2015-06-20,42,21,21
2015-06-20,12,6,6
2015-06-20,6,3,3
2015-06-20,11,4,7
2015-06-20,5,3,2
2015-06-20,12,4,8
2015-06-20,34,17,17
2015-06-19,48,28,20
2015-06-19,56,32,24
2015-06-19,69,38,31
2015-06-19,116,50,66
2015-06-19,164,65,99
2015-06-19,320,104,216
2015-06-19,478,136,342
2015-06-19,332,119,213
2015-06-19,171,83,88
2015-06-19,142,62,80
2015-06-19,100,55,45
2015-06-19,104,55,49
2015-06-19,70,37,33
2015-06-19,125,66,59
2015-06-19,225,127,98
2015-06-19,391,277,114
2015-06-19,303,221,82
2015-06-19,121,85,36
2015-06-19,32,19,13
2015-06-19,10,6,4
2015-06-19,2,1,1
2015-06-19,3,2,1
2015-06-19,9,7,2
2015-06-19,26,8,18
2015-06-18,24,9,15
2015-06-18,43,17,26
2015-06-18,81,40,41
2015-06-18,105,61,44
2015-06-18,224,89,135
2015-06-18,477,173,304
2015-06-18,699,226,473
2015-06-18,342,127,215
2015-06-18,166,70,96
2015-06-18,110,59,51
2015-06-18,109,55,54
2015-06-18,92,48,44
2015-06-18,100,51,49
2015-06-18,118,61,57
2015-06-18,290,188,102
2015-06-18,548,354,194
2015-06-18,469,341,128
2015-06-18,177,122,55
2015-06-18,57,36,21
2015-06-18,14,6,8
2015-06-18,10,4,6
2015-06-18,6,2,4
2015-06-18,2,0,2
2015-06-18,21,9,12
2015-06-17,42,21,21
2015-06-17,75,35,40
2015-06-17,89,44,45
2015-06-17,197,89,108
2015-06-17,254,98,156
2015-06-17,567,189,378
2015-06-17,739,210,529
2015-06-17,368,139,229
2015-06-17,179,79,100
2015-06-17,112,56,56
2015-06-17,113,57,56
2015-06-17,119,74,45
2015-06-17,88,47,41
2015-06-17,137,74,63
2015-06-17,265,168,97
2015-06-17,597,399,198
2015-06-17,485,341,144
2015-06-17,193,126,67
2015-06-17,54,29,25
2015-06-17,6,4,2
2015-06-17,6,3,3
2015-06-17,4,2,2
2015-06-17,9,4,5
2015-06-17,13,7,6
2015-06-16,27,11,16
2015-06-16,45,15,30
2015-06-16,82,34,48
2015-06-16,156,59,97
2015-06-16,256,111,145
2015-06-16,501,165,336
2015-06-16,741,215,526
2015-06-16,382,124,258
2015-06-16,189,76,113
2015-06-16,107,48,59
2015-06-16,100,46,54
2015-06-16,93,40,53
2015-06-16,104,64,40
2015-06-16,106,58,48
2015-06-16,270,149,121
2015-06-16,586,392,194
2015-06-16,515,380,135
2015-06-16,197,133,64
2015-06-16,57,35,22
2015-06-16,5,3,2
2015-06-16,6,3,3
2015-06-16,6,1,5
2015-06-16,3,2,1
2015-06-16,17,6,11
2015-06-15,23,13,10
2015-06-15,45,18,27
2015-06-15,97,45,52
2015-06-15,154,58,96
2015-06-15,247,113,134
2015-06-15,481,161,320
2015-06-15,783,231,552
2015-06-15,391,153,238
2015-06-15,160,69,91
2015-06-15,131,59,72
2015-06-15,130,65,65
2015-06-15,110,61,49
2015-06-15,94,57,37
2015-06-15,133,77,56
2015-06-15,252,149,103
2015-06-15,628,434,194
2015-06-15,463,335,128
2015-06-15,181,126,55
2015-06-15,43,26,17
2015-06-15,6,5,1
2015-06-15,8,6,2
2015-06-15,5,0,5
2015-06-15,5,2,3
2015-06-15,11,3,8
2015-06-14,19,8,11
2015-06-14,44,18,26
2015-06-14,80,55,25
2015-06-14,71,32,39
2015-06-14,90,44,46
2015-06-14,111,57,54
2015-06-14,195,105,90
2015-06-14,227,123,104
2015-06-14,229,125,104
2015-06-14,233,129,104
2015-06-14,223,119,104
2015-06-14,206,113,93
2015-06-14,196,122,74
2015-06-14,195,118,77
2015-06-14,150,84,66
2015-06-14,127,94,33
2015-06-14,50,30,20
2015-06-14,24,9,15
2015-06-14,14,8,6
2015-06-14,3,1,2
2015-06-14,3,0,3
2015-06-14,15,10,5
2015-06-14,19,12,7
2015-06-14,32,14,18
2015-06-13,37,20,17
2015-06-13,53,27,26
2015-06-13,82,35,47
2015-06-13,89,46,43
2015-06-13,115,49,66
2015-06-13,150,86,64
2015-06-13,219,134,85
2015-06-13,226,109,117
2015-06-13,205,112,93
2015-06-13,227,119,108
2015-06-13,208,115,93
2015-06-13,185,89,96
2015-06-13,199,99,100
2015-06-13,182,99,83
2015-06-13,169,96,73
2015-06-13,135,80,55
2015-06-13,75,45,30
2015-06-13,62,29,33
2015-06-13,16,8,8
2015-06-13,3,2,1
2015-06-13,8,2,6
2015-06-13,5,4,1
2015-06-13,11,6,5
2015-06-13,27,13,14
2015-06-12,51,21,30
2015-06-12,56,25,31
2015-06-12,75,38,37
2015-06-12,112,49,63
2015-06-12,215,96,119
2015-06-12,306,121,185
2015-06-12,565,177,388
2015-06-12,357,139,218
2015-06-12,172,75,97
2015-06-12,126,64,62
2015-06-12,114,56,58
2015-06-12,97,49,48
2015-06-12,73,42,31
2015-06-12,143,73,70
2015-06-12,267,169,98
2015-06-12,455,326,129
2015-06-12,359,262,97
2015-06-12,137,96,41
2015-06-12,44,25,19
2015-06-12,6,2,4
2015-06-12,7,2,5
2015-06-12,4,2,2
2015-06-12,6,1,5
2015-06-12,22,11,11
2015-06-11,29,7,22
2015-06-11,66,33,33
2015-06-11,119,58,61
2015-06-11,179,81,98
2015-06-11,280,115,165
2015-06-11,554,211,343
2015-06-11,664,184,480
2015-06-11,352,115,237
2015-06-11,208,90,118
2015-06-11,116,62,54
2015-06-11,115,58,57
2015-06-11,110,51,59
2015-06-11,102,56,46
2015-06-11,144,90,54
2015-06-11,315,196,119
2015-06-11,583,389,194
2015-06-11,475,330,145
2015-06-11,195,132,63
2015-06-11,62,41,21
2015-06-11,8,4,4
2015-06-11,8,5,3
2015-06-11,5,4,1
2015-06-11,9,2,7
2015-06-11,21,4,17
2015-06-10,50,15,35
2015-06-10,63,33,30
2015-06-10,136,59,77
2015-06-10,174,82,92
2015-06-10,310,137,173
2015-06-10,542,210,332
2015-06-10,793,232,561
2015-06-10,392,149,243
2015-06-10,162,70,92
2015-06-10,117,63,54
2015-06-10,115,72,43
2015-06-10,112,54,58
2015-06-10,110,49,61
2015-06-10,146,81,65
2015-06-10,284,164,120
2015-06-10,644,439,205
2015-06-10,517,367,150
2015-06-10,196,138,58
2015-06-10,66,42,24
2015-06-10,13,5,8
2015-06-10,3,1,2
2015-06-10,10,6,4
2015-06-10,5,2,3
2015-06-10,17,7,10
2015-06-09,26,9,17
2015-06-09,45,22,23
2015-06-09,98,44,54
2015-06-09,191,85,106
2015-06-09,279,119,160
2015-06-09,549,172,377
2015-06-09,786,251,535
2015-06-09,417,142,275
2015-06-09,207,97,110
2015-06-09,118,55,63
2015-06-09,109,57,52
2015-06-09,116,65,51
2015-06-09,100,54,46
2015-06-09,111,64,47
2015-06-09,287,171,116
2015-06-09,674,449,225
2015-06-09,515,385,130
2015-06-09,202,144,58
2015-06-09,60,35,25
2015-06-09,15,7,8
2015-06-09,5,5,0
2015-06-09,5,1,4
2015-06-09,14,5,9
2015-06-09,6,1,5
2015-06-08,26,11,15
2015-06-08,57,28,29
2015-06-08,107,58,49
2015-06-08,145,54,91
2015-06-08,255,101,154
2015-06-08,484,175,309
2015-06-08,712,188,524
2015-06-08,357,138,219
2015-06-08,172,70,102
2015-06-08,116,50,66
2015-06-08,104,55,49
2015-06-08,93,46,47
2015-06-08,107,65,42
2015-06-08,110,57,53
2015-06-08,303,188,115
2015-06-08,601,406,195
2015-06-08,457,332,125
2015-06-08,181,127,54
2015-06-08,55,31,24
2015-06-08,10,7,3
2015-06-08,3,3,0
2015-06-08,4,1,3
2015-06-08,3,1,2
2015-06-08,13,3,10
2015-06-07,20,9,11
2015-06-07,36,20,16
2015-06-07,41,20,21
2015-06-07,102,53,49
2015-06-07,80,42,38
2015-06-07,135,68,67
2015-06-07,175,97,78
2015-06-07,195,112,83
2015-06-07,200,110,90
2015-06-07,249,135,114
2015-06-07,185,85,100
2015-06-07,238,145,93
2015-06-07,223,123,100
2015-06-07,153,74,79
2015-06-07,174,95,79
2015-06-07,113,61,52
2015-06-07,63,33,30
2015-06-07,24,12,12
2015-06-07,7,5,2
2015-06-07,6,2,4
2015-06-07,8,6,2
2015-06-07,10,6,4
2015-06-07,17,9,8
2015-06-07,33,15,18
2015-06-06,43,28,15
2015-06-06,47,30,17
2015-06-06,58,32,26
2015-06-06,86,46,40
2015-06-06,95,44,51
2015-06-06,156,77,79
2015-06-06,145,74,71
2015-06-06,169,89,80
2015-06-06,205,117,88
2015-06-06,226,117,109
2015-06-06,228,115,113
2015-06-06,187,80,107
2015-06-06,209,95,114
2015-06-06,176,94,82
2015-06-06,161,91,70
2015-06-06,119,64,55
2015-06-06,71,36,35
2015-06-06,37,12,25
2015-06-06,12,6,6
2015-06-06,5,4,1
2015-06-06,8,5,3
2015-06-06,8,3,5
2015-06-06,9,2,7
2015-06-06,15,7,8
2015-06-05,42,19,23
2015-06-05,47,19,28
2015-06-05,71,31,40
2015-06-05,112,48,64
2015-06-05,192,76,116
2015-06-05,337,118,219
2015-06-05,665,191,474
2015-06-05,429,159,270
2015-06-05,250,99,151
2015-06-05,136,78,58
2015-06-05,143,78,65
2015-06-05,121,55,66
2015-06-05,120,56,64
2015-06-05,138,67,71
2015-06-05,276,169,107
2015-06-05,554,385,169
2015-06-05,432,298,134
2015-06-05,159,106,53
2015-06-05,50,32,18
2015-06-05,8,6,2
2015-06-05,9,6,3
2015-06-05,5,2,3
2015-06-05,17,9,8
2015-06-05,20,8,12
2015-06-04,24,9,15
2015-06-04,70,38,32
2015-06-04,112,52,60
2015-06-04,186,77,109
2015-06-04,258,104,154
2015-06-04,527,174,353
2015-06-04,718,246,472
2015-06-04,360,128,232
2015-06-04,194,76,118
2015-06-04,119,60,59
2015-06-04,105,52,53
2015-06-04,107,63,44
2015-06-04,97,56,41
2015-06-04,121,67,54
2015-06-04,287,179,108
2015-06-04,598,405,193
2015-06-04,471,340,131
2015-06-04,184,141,43
2015-06-04,56,30,26
2015-06-04,7,4,3
2015-06-04,5,4,1
2015-06-04,6,4,2
2015-06-04,6,3,3
2015-06-04,19,12,7
2015-06-03,36,11,25
2015-06-03,58,28,30
2015-06-03,88,36,52
2015-06-03,126,60,66
2015-06-03,243,103,140
2015-06-03,422,170,252
2015-06-03,614,181,433
2015-06-03,313,134,179
2015-06-03,140,55,85
2015-06-03,82,45,37
2015-06-03,53,27,26
2015-06-03,80,45,35
2015-06-03,71,41,30
2015-06-03,83,49,34
2015-06-03,195,111,84
2015-06-03,460,322,138
2015-06-03,360,262,98
2015-06-03,150,98,52
2015-06-03,54,35,19
2015-06-03,4,3,1
2015-06-03,4,2,2
2015-06-03,4,2,2
2015-06-03,4,3,1
2015-06-03,14,4,10
2015-06-02,21,6,15
2015-06-02,38,13,25
2015-06-02,58,24,34
2015-06-02,67,34,33
2015-06-02,156,45,111
2015-06-02,358,113,245
2015-06-02,475,127,348
2015-06-02,237,103,134
2015-06-02,112,47,65
2015-06-02,81,34,47
2015-06-02,57,26,31
2015-06-02,62,35,27
2015-06-02,59,26,33
2015-06-02,79,50,29
2015-06-02,212,133,79
2015-06-02,480,313,167
2015-06-02,325,234,91
2015-06-02,120,83,37
2015-06-02,52,26,26
2015-06-02,8,7,1
2015-06-02,6,2,4
2015-06-02,3,2,1
2015-06-02,2,1,1
2015-06-02,10,3,7
2015-06-01,16,11,5
2015-06-01,38,11,27
2015-06-01,43,21,22
2015-06-01,90,34,56
2015-06-01,135,52,83
2015-06-01,345,155,190
2015-06-01,526,139,387
2015-06-01,232,83,149
2015-06-01,113,41,72
2015-06-01,72,26,46
2015-06-01,38,23,15
2015-06-01,34,16,18
2015-06-01,32,20,12
2015-06-01,44,29,15
2015-06-01,166,106,60
2015-06-01,450,318,132
2015-06-01,376,271,105
2015-06-01,154,106,48
2015-06-01,47,32,15
2015-06-01,11,7,4
2015-06-01,4,2,2
2015-06-01,3,3,0
2015-06-01,6,2,4
2015-06-01,14,7,7
2015-05-31,22,10,12
2015-05-31,23,7,16
2015-05-31,36,18,18
2015-05-31,94,28,66
2015-05-31,107,68,39
2015-05-31,114,53,61
2015-05-31,160,94,66
2015-05-31,211,94,117
2015-05-31,171,90,81
2015-05-31,199,117,82
2015-05-31,174,102,72
2015-05-31,213,114,99
2015-05-31,201,120,81
2015-05-31,165,87,78
2015-05-31,138,64,74
2015-05-31,70,36,34
2015-05-31,47,27,20
2015-05-31,32,16,16
2015-05-31,10,7,3
2015-05-31,4,1,3
2015-05-31,5,0,5
2015-05-31,6,4,2
2015-05-31,20,11,9
2015-05-31,29,12,17
2015-05-30,49,25,24
2015-05-30,37,14,23
2015-05-30,59,22,37
2015-05-30,70,31,39
2015-05-30,115,66,49
2015-05-30,188,111,77
2015-05-30,169,91,78
2015-05-30,181,108,73
2015-05-30,208,117,91
2015-05-30,200,100,100
2015-05-30,208,102,106
2015-05-30,161,95,66
2015-05-30,150,80,70
2015-05-30,137,62,75
2015-05-30,131,86,45
2015-05-30,78,50,28
2015-05-30,50,23,27
2015-05-30,30,15,15
2015-05-30,16,9,7
2015-05-30,9,6,3
2015-05-30,7,2,5
2015-05-30,11,5,6
2015-05-30,18,10,8
2015-05-30,26,8,18
2015-05-29,45,17,28
2015-05-29,52,29,23
2015-05-29,87,50,37
2015-05-29,110,54,56
2015-05-29,236,94,142
2015-05-29,414,165,249
2015-05-29,751,234,517
2015-05-29,434,147,287
2015-05-29,207,89,118
2015-05-29,150,68,82
2015-05-29,111,56,55
2015-05-29,102,48,54
2015-05-29,124,65,59
2015-05-29,133,71,62
2015-05-29,252,161,91
2015-05-29,584,395,189
2015-05-29,482,348,134
2015-05-29,180,136,44
2015-05-29,46,24,22
2015-05-29,14,10,4
2015-05-29,5,2,3
2015-05-29,6,4,2
2015-05-29,5,0,5
2015-05-29,18,6,12
2015-05-28,40,10,30
2015-05-28,65,28,37
2015-05-28,96,50,46
2015-05-28,191,98,93
2015-05-28,302,135,167
2015-05-28,583,221,362
2015-05-28,776,226,550
2015-05-28,438,165,273
2015-05-28,202,94,108
2015-05-28,154,76,78
2015-05-28,123,60,63
2015-05-28,125,64,61
2015-05-28,98,48,50
2015-05-28,132,78,54
2015-05-28,289,182,107
2015-05-28,634,423,211
2015-05-28,559,409,150
2015-05-28,231,162,69
2015-05-28,62,33,29
2015-05-28,11,7,4
2015-05-28,4,3,1
2015-05-28,4,1,3
2015-05-28,7,4,3
2015-05-28,16,5,11
2015-05-27,46,22,24
2015-05-27,57,20,37
2015-05-27,132,48,84
2015-05-27,141,67,74
2015-05-27,264,110,154
2015-05-27,503,195,308
2015-05-27,762,235,527
2015-05-27,425,156,269
2015-05-27,164,63,101
2015-05-27,118,63,55
2015-05-27,130,85,45
2015-05-27,109,52,57
2015-05-27,85,44,41
2015-05-27,116,71,45
2015-05-27,283,182,101
2015-05-27,623,429,194
2015-05-27,509,380,129
2015-05-27,224,155,69
2015-05-27,48,28,20
2015-05-27,10,7,3
2015-05-27,5,5,0
2015-05-27,2,2,0
2015-05-27,7,3,4
2015-05-27,8,3,5
2015-05-26,27,8,19
2015-05-26,41,21,20
2015-05-26,83,33,50
2015-05-26,127,42,85
2015-05-26,223,79,144
2015-05-26,479,158,321
2015-05-26,715,199,516
2015-05-26,337,136,201
2015-05-26,176,79,97
2015-05-26,132,74,58
2015-05-26,87,45,42
2015-05-26,79,47,32
2015-05-26,76,48,28
2015-05-26,101,59,42
2015-05-26,270,156,114
2015-05-26,574,397,177
2015-05-26,465,343,122
2015-05-26,189,131,58
2015-05-26,47,22,25
2015-05-26,7,4,3
2015-05-26,7,5,2
2015-05-26,2,0,2
2015-05-26,5,2,3
2015-05-26,5,2,3
2015-05-25,16,4,12
2015-05-25,29,14,15
2015-05-25,43,14,29
2015-05-25,52,30,22
2015-05-25,63,29,34
2015-05-25,93,52,41
2015-05-25,140,61,79
2015-05-25,166,76,90
2015-05-25,156,102,54
2015-05-25,169,89,80
2015-05-25,142,85,57
2015-05-25,142,73,69
2015-05-25,156,93,63
2015-05-25,112,58,54
2015-05-25,94,55,39
2015-05-25,69,38,31
2015-05-25,30,19,11
2015-05-25,28,17,11
2015-05-25,17,11,6
2015-05-25,2,1,1
2015-05-25,1,1,0
2015-05-25,1,0,1
2015-05-25,6,3,3
2015-05-25,10,5,5
2015-05-24,18,8,10
2015-05-24,47,10,37
2015-05-24,38,14,24
2015-05-24,53,21,32
2015-05-24,77,34,43
2015-05-24,126,59,67
2015-05-24,149,92,57
2015-05-24,168,104,64
2015-05-24,164,85,79
2015-05-24,184,113,71
2015-05-24,132,79,53
2015-05-24,145,86,59
2015-05-24,137,69,68
2015-05-24,123,65,58
2015-05-24,79,41,38
2015-05-24,64,40,24
2015-05-24,17,10,7
2015-05-24,17,6,11
2015-05-24,3,1,2
2015-05-24,3,1,2
2015-05-24,3,2,1
2015-05-24,9,5,4
2015-05-24,7,3,4
2015-05-24,13,1,12
2015-05-23,25,7,18
2015-05-23,47,12,35
2015-05-23,60,12,48
2015-05-23,57,17,40
2015-05-23,62,26,36
2015-05-23,100,57,43
2015-05-23,142,71,71
2015-05-23,122,60,62
2015-05-23,101,57,44
2015-05-23,147,88,59
2015-05-23,122,61,61
2015-05-23,139,87,52
2015-05-23,121,72,49
2015-05-23,107,63,44
2015-05-23,62,39,23
2015-05-23,69,35,34
2015-05-23,33,13,20
2015-05-23,20,9,11
2015-05-23,10,5,5
2015-05-23,3,2,1
2015-05-23,4,2,2
2015-05-23,3,3,0
2015-05-23,9,0,9
2015-05-23,15,6,9
2015-05-22,21,6,15
2015-05-22,47,18,29
2015-05-22,57,20,37
2015-05-22,90,30,60
2015-05-22,157,80,77
2015-05-22,262,90,172
2015-05-22,521,173,348
2015-05-22,366,135,231
2015-05-22,229,74,155
2015-05-22,160,56,104
2015-05-22,121,65,56
2015-05-22,105,49,56
2015-05-22,98,57,41
2015-05-22,115,68,47
2015-05-22,228,145,83
2015-05-22,494,350,144
2015-05-22,367,276,91
2015-05-22,144,99,45
2015-05-22,40,23,17
2015-05-22,9,7,2
2015-05-22,6,3,3
2015-05-22,4,1,3
2015-05-22,8,4,4
2015-05-22,19,6,13
2015-05-21,53,20,33
2015-05-21,57,32,25
2015-05-21,87,44,43
2015-05-21,170,72,98
2015-05-21,271,127,144
2015-05-21,497,186,311
2015-05-21,717,210,507
2015-05-21,409,131,278
2015-05-21,167,69,98
2015-05-21,145,77,68
2015-05-21,120,59,61
2015-05-21,114,70,44
2015-05-21,109,67,42
2015-05-21,118,68,50
2015-05-21,309,203,106
2015-05-21,639,433,206
2015-05-21,486,351,135
2015-05-21,190,131,59
2015-05-21,55,31,24
2015-05-21,14,6,8
2015-05-21,4,2,2
2015-05-21,9,4,5
2015-05-21,5,4,1
2015-05-21,23,18,5
2015-05-20,34,6,28
2015-05-20,61,23,38
2015-05-20,86,32,54
2015-05-20,148,79,69
2015-05-20,264,107,157
2015-05-20,524,199,325
2015-05-20,772,226,546
2015-05-20,351,123,228
2015-05-20,171,76,95
2015-05-20,110,58,52
2015-05-20,97,55,42
2015-05-20,99,51,48
2015-05-20,91,64,27
2015-05-20,124,77,47
2015-05-20,239,135,104
2015-05-20,605,419,186
2015-05-20,503,368,135
2015-05-20,214,144,70
2015-05-20,44,27,17
2015-05-20,12,7,5
2015-05-20,9,7,2
2015-05-20,0,0,0
2015-05-20,8,2,6
2015-05-20,14,8,6
2015-05-19,29,11,18
2015-05-19,66,27,39
2015-05-19,91,43,48
2015-05-19,165,89,76
2015-05-19,258,107,151
2015-05-19,537,194,343
2015-05-19,800,239,561
2015-05-19,425,167,258
2015-05-19,181,68,113
2015-05-19,115,56,59
2015-05-19,107,49,58
2015-05-19,100,53,47
2015-05-19,88,52,36
2015-05-19,136,81,55
2015-05-19,286,167,119
2015-05-19,624,413,211
2015-05-19,536,405,131
2015-05-19,232,153,79
2015-05-19,55,34,21
2015-05-19,11,8,3
2015-05-19,5,3,2
2015-05-19,6,2,4
2015-05-19,8,4,4
2015-05-19,11,3,8
2015-05-18,20,10,10
2015-05-18,52,7,45
2015-05-18,87,39,48
2015-05-18,158,81,77
2015-05-18,254,104,150
2015-05-18,582,188,394
2015-05-18,791,238,553
2015-05-18,413,147,266
2015-05-18,187,91,96
2015-05-18,147,78,69
2015-05-18,130,64,66
2015-05-18,116,64,52
2015-05-18,103,58,45
2015-05-18,126,69,57
2015-05-18,289,173,116
2015-05-18,601,425,176
2015-05-18,506,391,115
2015-05-18,205,134,71
2015-05-18,46,31,15
2015-05-18,10,7,3
2015-05-18,1,1,0
2015-05-18,5,3,2
2015-05-18,5,2,3
2015-05-18,11,5,6
2015-05-17,22,9,13
2015-05-17,28,14,14
2015-05-17,37,22,15
2015-05-17,92,28,64
2015-05-17,98,58,40
2015-05-17,136,72,64
2015-05-17,177,91,86
2015-05-17,174,98,76
2015-05-17,194,103,91
2015-05-17,187,102,85
2015-05-17,180,107,73
2015-05-17,151,84,67
2015-05-17,130,81,49
2015-05-17,142,87,55
2015-05-17,103,52,51
2015-05-17,72,43,29
2015-05-17,28,15,13
2015-05-17,17,11,6
2015-05-17,8,5,3
2015-05-17,1,0,1
2015-05-17,8,6,2
2015-05-17,5,1,4
2015-05-17,8,3,5
2015-05-17,13,3,10
2015-05-16,26,12,14
2015-05-16,26,9,17
2015-05-16,38,20,18
2015-05-16,34,16,18
2015-05-16,64,31,33
2015-05-16,96,48,48
2015-05-16,128,64,64
2015-05-16,116,62,54
2015-05-16,134,77,57
2015-05-16,132,57,75
2015-05-16,117,55,62
2015-05-16,119,80,39
2015-05-16,174,98,76
2015-05-16,94,54,40
2015-05-16,91,44,47
2015-05-16,97,54,43
2015-05-16,78,49,29
2015-05-16,30,19,11
2015-05-16,20,15,5
2015-05-16,3,3,0
2015-05-16,4,1,3
2015-05-16,3,2,1
2015-05-16,12,10,2
2015-05-16,19,8,11
2015-05-15,39,19,20
2015-05-15,54,27,27
2015-05-15,75,29,46
2015-05-15,98,45,53
2015-05-15,190,91,99
2015-05-15,451,150,301
2015-05-15,695,215,480
2015-05-15,474,179,295
2015-05-15,236,91,145
2015-05-15,165,97,68
2015-05-15,115,63,52
2015-05-15,116,65,51
2015-05-15,79,8,71
2015-05-15,118,97,21
2015-05-15,318,243,75
2015-05-15,767,584,183
2015-05-15,680,556,124
2015-05-15,278,192,86
2015-05-15,59,36,23
2015-05-15,14,11,3
2015-05-15,7,4,3
2015-05-15,1,1,0
2015-05-15,8,3,5
2015-05-15,16,9,7
2015-05-14,34,13,21
2015-05-14,70,33,37
2015-05-14,91,47,44
2015-05-14,126,61,65
2015-05-14,208,89,119
2015-05-14,451,168,283
2015-05-14,609,181,428
2015-05-14,352,138,214
2015-05-14,127,61,66
2015-05-14,97,55,42
2015-05-14,73,35,38
2015-05-14,67,33,34
2015-05-14,57,31,26
2015-05-14,87,53,34
2015-05-14,255,151,104
2015-05-14,475,321,154
2015-05-14,396,306,90
2015-05-14,175,120,55
2015-05-14,32,20,12
2015-05-14,14,9,5
2015-05-14,5,2,3
2015-05-14,2,1,1
2015-05-14,2,2,0
2015-05-14,6,3,3
2015-05-13,13,3,10
2015-05-13,33,8,25
2015-05-13,35,10,25
2015-05-13,71,24,47
2015-05-13,136,38,98
2015-05-13,303,95,208
2015-05-13,407,116,291
2015-05-13,216,80,136
2015-05-13,62,27,35
2015-05-13,50,24,26
2015-05-13,32,19,13
2015-05-13,63,36,27
2015-05-13,64,36,28
2015-05-13,79,52,27
2015-05-13,206,134,72
2015-05-13,411,291,120
2015-05-13,349,258,91
2015-05-13,112,77,35
2015-05-13,35,20,15
2015-05-13,9,6,3
2015-05-13,2,1,1
2015-05-13,3,3,0
2015-05-13,4,2,2
2015-05-13,12,6,6
2015-05-12,17,8,9
2015-05-12,32,13,19
2015-05-12,61,29,32
2015-05-12,101,38,63
2015-05-12,207,81,126
2015-05-12,416,121,295
2015-05-12,593,151,442
2015-05-12,300,91,209
2015-05-12,105,36,69
2015-05-12,78,39,39
2015-05-12,69,39,30
2015-05-12,75,42,33
2015-05-12,75,47,28
2015-05-12,94,59,35
2015-05-12,231,145,86
2015-05-12,475,330,145
2015-05-12,467,341,126
2015-05-12,174,120,54
2015-05-12,48,35,13
2015-05-12,12,5,7
2015-05-12,6,3,3
2015-05-12,1,0,1
2015-05-12,7,1,6
2015-05-12,9,3,6
2015-05-11,16,3,13
2015-05-11,30,11,19
2015-05-11,55,25,30
2015-05-11,79,34,45
2015-05-11,181,58,123
2015-05-11,388,127,261
2015-05-11,650,154,496
2015-05-11,273,91,182
2015-05-11,113,41,72
2015-05-11,94,49,45
2015-05-11,65,40,25
2015-05-11,56,28,28
2015-05-11,72,51,21
2015-05-11,103,62,41
2015-05-11,242,151,91
2015-05-11,565,415,150
2015-05-11,464,359,105
2015-05-11,161,110,51
2015-05-11,43,23,20
2015-05-11,11,9,2
2015-05-11,1,1,0
2015-05-11,3,2,1
2015-05-11,4,2,2
2015-05-11,7,3,4
2015-05-10,15,5,10
2015-05-10,22,6,16
2015-05-10,40,13,27
2015-05-10,37,21,16
2015-05-10,80,49,31
2015-05-10,100,52,48
2015-05-10,162,88,74
2015-05-10,157,91,66
2015-05-10,202,117,85
2015-05-10,184,108,76
2015-05-10,187,109,78
2015-05-10,164,90,74
2015-05-10,194,102,92
2015-05-10,128,80,48
2015-05-10,105,67,38
2015-05-10,75,35,40
2015-05-10,42,18,24
2015-05-10,12,8,4
2015-05-10,6,2,4
2015-05-10,2,1,1
2015-05-10,4,1,3
2015-05-10,3,3,0
2015-05-10,6,1,5
2015-05-10,31,15,16
2015-05-09,35,16,19
2015-05-09,53,29,24
2015-05-09,49,18,31
2015-05-09,84,40,44
2015-05-09,110,63,47
2015-05-09,176,92,84
2015-05-09,240,150,90
2015-05-09,337,160,177
2015-05-09,316,131,185
2015-05-09,199,103,96
2015-05-09,214,126,88
2015-05-09,226,127,99
2015-05-09,196,95,101
2015-05-09,139,80,59
2015-05-09,127,71,56
2015-05-09,105,62,43
2015-05-09,69,33,36
2015-05-09,22,14,8
2015-05-09,11,9,2
2015-05-09,3,2,1
2015-05-09,3,1,2
2015-05-09,8,4,4
2015-05-09,7,3,4
2015-05-09,24,6,18
2015-05-08,35,9,26
2015-05-08,59,27,32
2015-05-08,57,25,32
2015-05-08,119,62,57
2015-05-08,189,76,113
2015-05-08,351,139,212
2015-05-08,698,211,487
2015-05-08,475,152,323
2015-05-08,231,88,143
2015-05-08,169,73,96
2015-05-08,111,56,55
2015-05-08,105,54,51
2015-05-08,104,58,46
2015-05-08,120,70,50
2015-05-08,258,154,104
2015-05-08,601,446,155
2015-05-08,483,366,117
2015-05-08,192,134,58
2015-05-08,48,26,22
2015-05-08,10,6,4
2015-05-08,10,6,4
2015-05-08,4,1,3
2015-05-08,4,1,3
2015-05-08,19,8,11
2015-05-07,34,13,21
2015-05-07,63,28,35
2015-05-07,92,42,50
2015-05-07,162,67,95
2015-05-07,247,109,138
2015-05-07,489,157,332
2015-05-07,808,252,556
2015-05-07,383,144,239
2015-05-07,188,84,104
2015-05-07,121,52,69
2015-05-07,123,73,50
2015-05-07,119,63,56
2015-05-07,98,48,50
2015-05-07,137,90,47
2015-05-07,311,195,116
2015-05-07,615,430,185
2015-05-07,530,404,126
2015-05-07,302,222,80
2015-05-07,47,24,23
2015-05-07,12,10,2
2015-05-07,5,3,2
2015-05-07,1,1,0
2015-05-07,10,5,5
2015-05-07,19,9,10
2015-05-06,35,15,20
2015-05-06,47,26,21
2015-05-06,66,23,43
2015-05-06,146,56,90
2015-05-06,224,76,148
2015-05-06,502,175,327
2015-05-06,684,220,464
2015-05-06,332,134,198
2015-05-06,168,73,95
2015-05-06,99,45,54
2015-05-06,90,52,38
2015-05-06,70,45,25
2015-05-06,72,42,30
2015-05-06,112,66,46
2015-05-06,253,150,103
2015-05-06,592,424,168
2015-05-06,498,396,102
2015-05-06,168,115,53
2015-05-06,41,24,17
2015-05-06,12,8,4
2015-05-06,4,2,2
2015-05-06,1,1,0
2015-05-06,9,6,3
2015-05-06,6,2,4
2015-05-05,9,2,7
2015-05-05,28,13,15
2015-05-05,36,15,21
2015-05-05,60,23,37
2015-05-05,92,25,67
2015-05-05,244,67,177
2015-05-05,458,136,322
2015-05-05,185,56,129
2015-05-05,81,40,41
2015-05-05,48,22,26
2015-05-05,42,20,22
2015-05-05,53,29,24
2015-05-05,50,30,20
2015-05-05,84,54,30
2015-05-05,194,122,72
2015-05-05,454,312,142
2015-05-05,329,245,84
2015-05-05,100,73,27
2015-05-05,36,26,10
2015-05-05,6,4,2
2015-05-05,3,2,1
2015-05-05,2,1,1
2015-05-05,5,4,1
2015-05-05,6,2,4
2015-05-04,17,8,9
2015-05-04,35,16,19
2015-05-04,71,23,48
2015-05-04,93,48,45
2015-05-04,217,86,131
2015-05-04,514,163,351
2015-05-04,779,208,571
2015-05-04,401,138,263
2015-05-04,165,75,90
2015-05-04,117,61,56
2015-05-04,90,58,32
2015-05-04,92,40,52
2015-05-04,80,35,45
2015-05-04,111,73,38
2015-05-04,274,173,101
2015-05-04,657,461,196
2015-05-04,509,403,106
2015-05-04,212,139,73
2015-05-04,51,34,17
2015-05-04,11,8,3
2015-05-04,4,2,2
2015-05-04,3,3,0
2015-05-04,5,3,2
2015-05-04,12,8,4
2015-05-03,12,0,12
2015-05-03,27,10,17
2015-05-03,28,20,8
2015-05-03,50,25,25
2015-05-03,78,42,36
2015-05-03,129,78,51
2015-05-03,180,113,67
2015-05-03,212,114,98
2015-05-03,222,131,91
2015-05-03,215,127,88
2015-05-03,221,138,83
2015-05-03,196,100,96
2015-05-03,174,83,91
2015-05-03,192,108,84
2015-05-03,109,72,37
2015-05-03,66,34,32
2015-05-03,52,32,20
2015-05-03,23,9,14
2015-05-03,9,5,4
2015-05-03,2,2,0
2015-05-03,4,1,3
2015-05-03,5,1,4
2015-05-03,8,2,6
2015-05-03,21,10,11
2015-05-02,31,12,19
2015-05-02,41,27,14
2015-05-02,21,8,13
2015-05-02,68,37,31
2015-05-02,77,41,36
2015-05-02,143,93,50
2015-05-02,178,83,95
2015-05-02,186,98,88
2015-05-02,203,100,103
2015-05-02,185,92,93
2015-05-02,182,103,79
2015-05-02,205,127,78
2015-05-02,152,78,74
2015-05-02,137,78,59
2015-05-02,157,95,62
2015-05-02,97,53,44
2015-05-02,69,40,29
2015-05-02,33,18,15
2015-05-02,11,8,3
2015-05-02,4,2,2
2015-05-02,4,2,2
2015-05-02,4,1,3
2015-05-02,11,4,7
2015-05-02,16,9,7
2015-05-01,33,11,22
2015-05-01,32,19,13
2015-05-01,48,18,30
2015-05-01,85,42,43
2015-05-01,175,80,95
2015-05-01,332,126,206
2015-05-01,629,211,418
2015-05-01,475,149,326
2015-05-01,272,89,183
2015-05-01,158,73,85
2015-05-01,123,57,66
2015-05-01,104,57,47
2015-05-01,96,49,47
2015-05-01,113,67,46
2015-05-01,251,151,100
2015-05-01,563,399,164
2015-05-01,484,390,94
2015-05-01,164,110,54
2015-05-01,44,29,15
2015-05-01,8,8,0
2015-05-01,5,3,2
2015-05-01,7,1,6
2015-05-01,4,1,3
2015-05-01,19,5,14
2015-04-30,25,6,19
2015-04-30,49,21,28
2015-04-30,55,21,34
2015-04-30,110,47,63
2015-04-30,181,77,104
2015-04-30,398,134,264
2015-04-30,610,193,417
2015-04-30,299,123,176
2015-04-30,165,68,97
2015-04-30,96,47,49
2015-04-30,86,45,41
2015-04-30,70,42,28
2015-04-30,91,56,35
2015-04-30,87,53,34
2015-04-30,240,139,101
2015-04-30,475,319,156
2015-04-30,349,263,86
2015-04-30,152,94,58
2015-04-30,39,25,14
2015-04-30,11,5,6
2015-04-30,6,4,2
2015-04-30,2,2,0
2015-04-30,5,4,1
2015-04-30,7,6,1
2015-04-29,22,12,10
2015-04-29,36,18,18
2015-04-29,70,30,40
2015-04-29,119,48,71
2015-04-29,214,74,140
2015-04-29,385,146,239
2015-04-29,591,201,390
2015-04-29,262,91,171
2015-04-29,113,50,63
2015-04-29,82,36,46
2015-04-29,106,57,49
2015-04-29,86,56,30
2015-04-29,68,32,36
2015-04-29,96,57,39
2015-04-29,212,129,83
2015-04-29,444,295,149
2015-04-29,346,259,87
2015-04-29,123,75,48
2015-04-29,39,26,13
2015-04-29,7,5,2
2015-04-29,5,4,1
2015-04-29,3,2,1
2015-04-29,4,4,0
2015-04-29,4,2,2
2015-04-28,15,5,10
2015-04-28,28,13,15
2015-04-28,41,19,22
2015-04-28,72,28,44
2015-04-28,111,36,75
2015-04-28,296,96,200
2015-04-28,388,118,270
2015-04-28,222,73,149
2015-04-28,93,37,56
2015-04-28,49,24,25
2015-04-28,53,19,34
2015-04-28,54,31,23
2015-04-28,67,38,29
2015-04-28,79,46,33
2015-04-28,175,112,63
2015-04-28,456,314,142
2015-04-28,334,255,79
2015-04-28,138,93,45
2015-04-28,43,29,14
2015-04-28,6,3,3
2015-04-28,11,10,1
2015-04-28,4,3,1
2015-04-28,2,1,1
2015-04-28,8,2,6
2015-04-27,24,10,14
2015-04-27,56,29,27
2015-04-27,63,31,32
2015-04-27,165,93,72
2015-04-27,274,139,135
2015-04-27,506,190,316
2015-04-27,726,222,504
2015-04-27,370,140,230
2015-04-27,178,84,94
2015-04-27,112,64,48
2015-04-27,104,51,53
2015-04-27,105,42,63
2015-04-27,78,48,30
2015-04-27,82,48,34
2015-04-27,240,153,87
2015-04-27,487,334,153
2015-04-27,337,274,63
2015-04-27,166,126,40
2015-04-27,44,30,14
2015-04-27,9,7,2
2015-04-27,5,5,0
2015-04-27,3,1,2
2015-04-27,2,0,2
2015-04-27,4,4,0
2015-04-26,20,3,17
2015-04-26,12,6,6
2015-04-26,45,10,35
2015-04-26,30,16,14
2015-04-26,40,17,23
2015-04-26,71,38,33
2015-04-26,163,98,65
2015-04-26,147,87,60
2015-04-26,151,84,67
2015-04-26,130,78,52
2015-04-26,143,83,60
2015-04-26,151,80,71
2015-04-26,136,68,68
2015-04-26,103,61,42
2015-04-26,85,41,44
2015-04-26,57,29,28
2015-04-26,33,18,15
2015-04-26,14,8,6
2015-04-26,2,2,0
2015-04-26,3,1,2
2015-04-26,3,1,2
2015-04-26,3,3,0
2015-04-26,9,6,3
2015-04-26,15,5,10
2015-04-25,33,15,18
2015-04-25,19,10,9
2015-04-25,25,11,14
2015-04-25,41,19,22
2015-04-25,57,21,36
2015-04-25,99,58,41
2015-04-25,147,91,56
2015-04-25,135,76,59
2015-04-25,137,67,70
2015-04-25,159,95,64
2015-04-25,142,78,64
2015-04-25,154,88,66
2015-04-25,113,55,58
2015-04-25,105,59,46
2015-04-25,80,45,35
2015-04-25,66,33,33
2015-04-25,38,19,19
2015-04-25,18,8,10
2015-04-25,10,7,3
2015-04-25,3,3,0
2015-04-25,6,2,4
2015-04-25,7,4,3
2015-04-25,9,4,5
2015-04-25,13,8,5
2015-04-24,19,6,13
2015-04-24,22,9,13
2015-04-24,28,8,20
2015-04-24,53,20,33
2015-04-24,116,36,80
2015-04-24,198,75,123
2015-04-24,339,95,244
2015-04-24,180,65,115
2015-04-24,119,42,77
2015-04-24,80,42,38
2015-04-24,70,42,28
2015-04-24,52,26,26
2015-04-24,50,25,25
2015-04-24,60,33,27
2015-04-24,166,107,59
2015-04-24,349,251,98
2015-04-24,232,181,51
2015-04-24,98,70,28
2015-04-24,23,18,5
2015-04-24,5,3,2
2015-04-24,5,1,4
2015-04-24,0,0,0
2015-04-24,7,3,4
2015-04-24,5,0,5
2015-04-23,13,6,7
2015-04-23,21,13,8
2015-04-23,47,19,28
2015-04-23,62,24,38
2015-04-23,124,41,83
2015-04-23,255,69,186
2015-04-23,360,116,244
2015-04-23,159,60,99
2015-04-23,74,32,42
2015-04-23,52,21,31
2015-04-23,38,22,16
2015-04-23,65,32,33
2015-04-23,38,24,14
2015-04-23,84,46,38
2015-04-23,190,114,76
2015-04-23,379,255,124
2015-04-23,300,224,76
2015-04-23,137,92,45
2015-04-23,26,17,9
2015-04-23,8,7,1
2015-04-23,6,2,4
2015-04-23,4,3,1
2015-04-23,1,1,0
2015-04-23,15,7,8
2015-04-22,26,9,17
2015-04-22,31,13,18
2015-04-22,63,29,34
2015-04-22,109,49,60
2015-04-22,168,69,99
2015-04-22,437,165,272
2015-04-22,516,163,353
2015-04-22,245,101,144
2015-04-22,125,63,62
2015-04-22,90,49,41
2015-04-22,73,41,32
2015-04-22,81,42,39
2015-04-22,161,100,61
2015-04-22,80,44,36
2015-04-22,216,132,84
2015-04-22,455,322,133
2015-04-22,296,229,67
2015-04-22,123,77,46
2015-04-22,32,16,16
2015-04-22,6,4,2
2015-04-22,6,2,4
2015-04-22,2,1,1
2015-04-22,4,2,2
2015-04-22,6,2,4
2015-04-21,14,5,9
2015-04-21,14,6,8
2015-04-21,26,12,14
2015-04-21,54,14,40
2015-04-21,137,51,86
2015-04-21,262,78,184
2015-04-21,532,153,379
2015-04-21,309,112,197
2015-04-21,139,63,76
2015-04-21,84,44,40
2015-04-21,,,
2015-04-21,,,
2015-04-21,,,
2015-04-21,116,51,65
2015-04-21,339,132,207
2015-04-21,561,172,389
2015-04-21,388,88,300
2015-04-21,134,44,90
2015-04-21,44,13,31
2015-04-21,7,2,5
2015-04-21,5,2,3
2015-04-21,10,5,5
2015-04-21,3,3,0
2015-04-21,11,7,4
2015-04-20,44,23,21
2015-04-20,43,20,23
2015-04-20,73,38,35
2015-04-20,142,72,70
2015-04-20,280,174,106
2015-04-20,571,350,221
2015-04-20,739,525,214
2015-04-20,326,183,143
2015-04-20,187,104,83
2015-04-20,138,63,75
2015-04-20,140,72,68
2015-04-20,121,51,70
2015-04-20,99,44,55
2015-04-20,136,63,73
2015-04-20,319,104,215
2015-04-20,589,149,440
2015-04-20,398,107,291
2015-04-20,137,48,89
2015-04-20,40,14,26
2015-04-20,9,4,5
2015-04-20,4,1,3
2015-04-20,4,1,3
2015-04-20,7,2,5
2015-04-20,10,2,8
2015-04-19,15,9,6
2015-04-19,19,10,9
2015-04-19,34,15,19
2015-04-19,51,25,26
2015-04-19,106,54,52
2015-04-19,159,86,73
2015-04-19,193,98,95
2015-04-19,255,92,163
2015-04-19,271,118,153
2015-04-19,295,131,164
2015-04-19,294,154,140
2015-04-19,215,101,114
2015-04-19,252,110,142
2015-04-19,169,85,84
2015-04-19,113,62,51
2015-04-19,84,41,43
2015-04-19,30,15,15
2015-04-19,15,7,8
2015-04-19,7,4,3
2015-04-19,4,2,2
2015-04-19,144,6,138
2015-04-19,2,1,1
2015-04-19,11,9,2
2015-04-19,37,21,16
2015-04-18,32,15,17
2015-04-18,46,24,22
2015-04-18,43,26,17
2015-04-18,53,29,24
2015-04-18,117,49,68
2015-04-18,169,90,79
2015-04-18,197,88,109
2015-04-18,209,81,128
2015-04-18,227,94,133
2015-04-18,266,117,149
2015-04-18,208,91,117
2015-04-18,194,92,102
2015-04-18,142,61,81
2015-04-18,167,66,101
2015-04-18,129,50,79
2015-04-18,74,39,35
2015-04-18,46,20,26
2015-04-18,28,11,17
2015-04-18,6,2,4
2015-04-18,4,2,2
2015-04-18,1,1,0
2015-04-18,8,3,5
2015-04-18,11,4,7
2015-04-18,24,18,6
2015-04-17,39,22,17
2015-04-17,50,23,27
2015-04-17,42,27,15
2015-04-17,87,45,42
2015-04-17,185,107,78
2015-04-17,390,234,156
2015-04-17,508,348,160
2015-04-17,280,158,122
2015-04-17,169,78,91
2015-04-17,105,49,56
2015-04-17,119,38,81
2015-04-17,96,53,43
2015-04-17,83,42,41
2015-04-17,118,50,68
2015-04-17,277,106,171
2015-04-17,431,119,312
2015-04-17,297,69,228
2015-04-17,100,34,66
2015-04-17,27,11,16
2015-04-17,5,4,1
2015-04-17,9,5,4
2015-04-17,4,2,2
2015-04-17,10,3,7
2015-04-17,23,12,11
2015-04-16,33,23,10
2015-04-16,60,31,29
2015-04-16,84,41,43
2015-04-16,157,74,83
2015-04-16,264,154,110
2015-04-16,461,290,171
2015-04-16,586,392,194
2015-04-16,306,185,121
2015-04-16,163,82,81
2015-04-16,112,47,65
2015-04-16,100,52,48
2015-04-16,137,61,76
2015-04-16,96,40,56
2015-04-16,128,49,79
2015-04-16,319,119,200
2015-04-16,502,146,356
2015-04-16,308,63,245
2015-04-16,111,37,74
2015-04-16,38,17,21
2015-04-16,6,2,4
2015-04-16,7,2,5
2015-04-16,1,0,1
2015-04-16,9,8,1
2015-04-16,14,7,7
2015-04-15,32,15,17
2015-04-15,48,21,27
2015-04-15,64,43,21
2015-04-15,131,72,59
2015-04-15,221,128,93
2015-04-15,499,314,185
2015-04-15,583,388,195
2015-04-15,277,156,121
2015-04-15,142,76,66
2015-04-15,106,45,61
2015-04-15,98,44,54
2015-04-15,95,46,49
2015-04-15,78,41,37
2015-04-15,115,47,68
2015-04-15,293,109,184
2015-04-15,443,117,326
2015-04-15,297,65,232
2015-04-15,110,37,73
2015-04-15,37,10,27
2015-04-15,4,1,3
2015-04-15,5,4,1
2015-04-15,3,1,2
2015-04-15,7,3,4
2015-04-15,9,6,3
2015-04-14,22,10,12
2015-04-14,29,12,17
2015-04-14,46,32,14
2015-04-14,77,52,25
2015-04-14,133,83,50
2015-04-14,308,200,108
2015-04-14,317,220,97
2015-04-14,153,96,57
2015-04-14,93,53,40
2015-04-14,93,45,48
2015-04-14,76,43,33
2015-04-14,58,26,32
2015-04-14,56,28,28
2015-04-14,91,35,56
2015-04-14,222,76,146
2015-04-14,307,63,244
2015-04-14,232,71,161
2015-04-14,68,20,48
2015-04-14,24,6,18
2015-04-14,4,2,2
2015-04-14,2,1,1
2015-04-14,3,1,2
2015-04-14,1,1,0
2015-04-14,9,6,3
2015-04-13,16,7,9
2015-04-13,11,5,6
2015-04-13,26,14,12
2015-04-13,39,25,14
2015-04-13,91,63,28
2015-04-13,238,168,70
2015-04-13,309,209,100
2015-04-13,140,85,55
2015-04-13,53,34,19
2015-04-13,31,17,14
2015-04-13,48,23,25
2015-04-13,65,30,35
2015-04-13,76,29,47
2015-04-13,88,28,60
2015-04-13,249,84,165
2015-04-13,337,81,256
2015-04-13,214,50,164
2015-04-13,75,27,48
2015-04-13,27,4,23
2015-04-13,5,1,4
2015-04-13,1,0,1
2015-04-13,3,0,3
2015-04-13,3,1,2
2015-04-13,13,8,5
2015-04-12,19,11,8
2015-04-12,14,6,8
2015-04-12,19,9,10
2015-04-12,31,17,14
2015-04-12,62,26,36
2015-04-12,114,65,49
2015-04-12,112,52,60
2015-04-12,116,60,56
2015-04-12,170,81,89
2015-04-12,150,63,87
2015-04-12,201,78,123
2015-04-12,150,64,86
2015-04-12,167,74,93
2015-04-12,134,47,87
2015-04-12,136,36,100
2015-04-12,50,19,31
2015-04-12,16,6,10
2015-04-12,12,7,5
2015-04-12,1,0,1
2015-04-12,4,2,2
2015-04-12,3,3,0
2015-04-12,3,2,1
2015-04-12,8,4,4
2015-04-12,9,5,4
2015-04-11,17,8,9
2015-04-11,14,9,5
2015-04-11,20,10,10
2015-04-11,33,13,20
2015-04-11,76,32,44
2015-04-11,68,24,44
2015-04-11,75,40,35
2015-04-11,74,42,32
2015-04-11,142,56,86
2015-04-11,125,54,71
2015-04-11,119,61,58
2015-04-11,134,56,78
2015-04-11,100,47,53
2015-04-11,93,32,61
2015-04-11,66,32,34
2015-04-11,48,21,27
2015-04-11,25,6,19
2015-04-11,11,5,6
2015-04-11,5,1,4
2015-04-11,0,0,0
2015-04-11,1,1,0
2015-04-11,5,2,3
2015-04-11,5,0,5
2015-04-11,8,5,3
2015-04-10,11,6,5
2015-04-10,16,10,6
2015-04-10,21,6,15
2015-04-10,39,22,17
2015-04-10,86,61,25
2015-04-10,265,166,99
2015-04-10,354,248,106
2015-04-10,261,168,93
2015-04-10,146,90,56
2015-04-10,98,47,51
2015-04-10,68,54,14
2015-04-10,64,63,1
2015-04-10,89,89,0
2015-04-10,113,111,2
2015-04-10,135,135,0
2015-04-10,168,168,0
2015-04-10,119,92,27
2015-04-10,91,32,59
2015-04-10,34,10,24
2015-04-10,6,2,4
2015-04-10,4,2,2
2015-04-10,4,2,2
2015-04-10,14,7,7
2015-04-10,13,3,10
2015-04-09,30,23,7
2015-04-09,38,17,21
2015-04-09,74,38,36
2015-04-09,137,66,71
2015-04-09,252,126,126
2015-04-09,542,314,228
2015-04-09,626,427,199
2015-04-09,331,185,146
2015-04-09,167,101,66
2015-04-09,128,90,38
2015-04-09,108,108,0
2015-04-09,104,103,1
2015-04-09,73,70,3
2015-04-09,95,31,64
2015-04-09,209,2,207
2015-04-09,334,0,334
2015-04-09,226,14,212
2015-04-09,118,48,70
2015-04-09,40,15,25
2015-04-09,7,3,4
2015-04-09,5,3,2
2015-04-09,4,1,3
2015-04-09,6,2,4
2015-04-09,16,10,6
2015-04-08,38,27,11
2015-04-08,55,28,27
2015-04-08,73,32,41
2015-04-08,127,59,68
2015-04-08,197,104,93
2015-04-08,505,312,193
2015-04-08,580,402,178
2015-04-08,246,125,121
2015-04-08,135,73,62
2015-04-08,92,33,59
2015-04-08,83,0,83
2015-04-08,79,0,79
2015-04-08,60,0,60
2015-04-08,97,0,97
2015-04-08,210,2,208
2015-04-08,367,0,367
2015-04-08,219,10,209
2015-04-08,123,44,79
2015-04-08,35,9,26
2015-04-08,5,2,3
2015-04-08,4,0,4
2015-04-08,2,0,2
2015-04-08,7,5,2
2015-04-08,12,7,5
2015-04-07,32,19,13
2015-04-07,24,14,10
2015-04-07,59,34,25
2015-04-07,118,68,50
2015-04-07,199,120,79
2015-04-07,441,292,149
2015-04-07,546,371,175
2015-04-07,254,169,85
2015-04-07,121,54,67
2015-04-07,74,32,42
2015-04-07,34,0,34
2015-04-07,42,0,42
2015-04-07,49,0,49
2015-04-07,95,1,94
2015-04-07,179,0,179
2015-04-07,383,0,383
2015-04-07,228,22,206
2015-04-07,103,28,75
2015-04-07,40,13,27
2015-04-07,5,2,3
2015-04-07,2,0,2
2015-04-07,3,2,1
2015-04-07,3,2,1
2015-04-07,14,5,9
2015-04-06,25,20,5
2015-04-06,35,18,17
2015-04-06,55,28,27
2015-04-06,88,52,36
2015-04-06,188,118,70
2015-04-06,388,245,143
2015-04-06,584,420,164
2015-04-06,253,154,99
2015-04-06,117,64,53
2015-04-06,73,22,51
2015-04-06,82,0,82
2015-04-06,57,0,57
2015-04-06,49,0,49
2015-04-06,67,1,66
2015-04-06,171,0,171
2015-04-06,342,0,342
2015-04-06,203,17,186
2015-04-06,108,44,64
2015-04-06,41,9,32
2015-04-06,6,2,4
2015-04-06,3,0,3
2015-04-06,4,2,2
2015-04-06,2,2,0
2015-04-06,14,6,8
2015-04-05,9,6,3
2015-04-05,16,8,8
2015-04-05,12,6,6
2015-04-05,44,25,19
2015-04-05,70,37,33
2015-04-05,110,64,46
2015-04-05,147,61,86
2015-04-05,150,63,87
2015-04-05,177,76,101
2015-04-05,211,83,128
2015-04-05,151,62,89
2015-04-05,154,84,70
2015-04-05,128,48,80
2015-04-05,131,54,77
2015-04-05,92,47,45
2015-04-05,38,18,20
2015-04-05,21,14,7
2015-04-05,16,9,7
2015-04-05,8,3,5
2015-04-05,3,0,3
2015-04-05,2,0,2
2015-04-05,4,2,2
2015-04-05,12,10,2
2015-04-05,23,15,8
2015-04-04,18,10,8
2015-04-04,28,15,13
2015-04-04,41,18,23
2015-04-04,67,25,42
2015-04-04,70,29,41
2015-04-04,150,71,79
2015-04-04,180,88,92
2015-04-04,175,86,89
2015-04-04,172,62,110
2015-04-04,164,81,83
2015-04-04,190,88,102
2015-04-04,212,73,139
2015-04-04,135,59,76
2015-04-04,110,34,76
2015-04-04,103,45,58
2015-04-04,79,36,43
2015-04-04,36,15,21
2015-04-04,20,9,11
2015-04-04,9,3,6
2015-04-04,4,1,3
2015-04-04,2,2,0
2015-04-04,7,2,5
2015-04-04,2,0,2
2015-04-04,13,6,7
2015-04-03,27,12,15
2015-04-03,29,15,14
2015-04-03,46,34,12
2015-04-03,73,50,23
2015-04-03,117,75,42
2015-04-03,274,162,112
2015-04-03,399,291,108
2015-04-03,208,144,64
2015-04-03,103,61,42
2015-04-03,53,25,28
2015-04-03,52,27,25
2015-04-03,69,30,39
2015-04-03,74,28,46
2015-04-03,150,67,83
2015-04-03,213,73,140
2015-04-03,334,77,257
2015-04-03,239,54,185
2015-04-03,76,28,48
2015-04-03,26,6,20
2015-04-03,4,3,1
2015-04-03,4,1,3
2015-04-03,11,3,8
2015-04-03,9,2,7
2015-04-03,21,12,9
2015-04-02,30,14,16
2015-04-02,31,17,14
2015-04-02,68,32,36
2015-04-02,111,76,35
2015-04-02,190,103,87
2015-04-02,411,260,151
2015-04-02,477,294,183
2015-04-02,256,147,109
2015-04-02,114,60,54
2015-04-02,79,21,58
2015-04-02,62,0,62
2015-04-02,54,0,54
2015-04-02,49,0,49
2015-04-02,73,0,73
2015-04-02,191,0,191
2015-04-02,302,0,302
2015-04-02,179,8,171
2015-04-02,98,26,72
2015-04-02,32,4,28
2015-04-02,5,2,3
2015-04-02,4,3,1
2015-04-02,1,0,1
2015-04-02,5,1,4
2015-04-02,6,5,1
2015-04-01,20,12,8
2015-04-01,28,15,13
2015-04-01,49,27,22
2015-04-01,73,46,27
2015-04-01,131,87,44
2015-04-01,402,259,143
2015-04-01,448,298,150
2015-04-01,224,124,100
2015-04-01,112,50,62
2015-04-01,76,47,29
2015-04-01,63,63,0
2015-04-01,61,61,0
2015-04-01,57,56,1
2015-04-01,74,74,0
2015-04-01,150,150,0
2015-04-01,205,202,3
2015-04-01,131,91,40
2015-04-01,80,25,55
2015-04-01,30,7,23
2015-04-01,4,2,2
2015-04-01,2,0,2
2015-04-01,3,0,3
2015-04-01,1,1,0
2015-04-01,3,0,3
2015-03-31,16,9,7
2015-03-31,12,5,7
2015-03-31,25,13,12
2015-03-31,59,36,23
2015-03-31,114,75,39
2015-03-31,304,208,96
2015-03-31,322,219,103
2015-03-31,159,89,70
2015-03-31,100,56,44
2015-03-31,97,71,26
2015-03-31,35,34,1
2015-03-31,38,38,0
2015-03-31,40,39,1
2015-03-31,38,38,0
2015-03-31,130,125,5
2015-03-31,250,248,2
2015-03-31,128,103,25
2015-03-31,94,29,65
2015-03-31,36,9,27
2015-03-31,4,3,1
2015-03-31,4,3,1
2015-03-31,5,1,4
2015-03-31,3,1,2
2015-03-31,9,7,2
2015-03-30,22,14,8
2015-03-30,37,17,20
2015-03-30,62,35,27
2015-03-30,107,56,51
2015-03-30,221,129,92
2015-03-30,477,313,164
2015-03-30,628,422,206
2015-03-30,284,166,118
2015-03-30,169,74,95
2015-03-30,86,18,68
2015-03-30,82,0,82
2015-03-30,61,0,61
2015-03-30,65,0,65
2015-03-30,87,0,87
2015-03-30,177,0,177
2015-03-30,352,0,352
2015-03-30,225,16,209
2015-03-30,123,36,87
2015-03-30,46,16,30
2015-03-30,6,2,4
2015-03-30,3,2,1
2015-03-30,4,1,3
2015-03-30,4,3,1
2015-03-30,11,5,6
2015-03-29,11,4,7
2015-03-29,25,12,13
2015-03-29,18,7,11
2015-03-29,53,21,32
2015-03-29,50,21,29
2015-03-29,112,45,67
2015-03-29,101,44,57
2015-03-29,138,48,90
2015-03-29,113,48,65
2015-03-29,135,61,74
2015-03-29,118,36,82
2015-03-29,136,52,84
2015-03-29,116,50,66
2015-03-29,97,34,63
2015-03-29,87,35,52
2015-03-29,52,22,30
2015-03-29,18,9,9
2015-03-29,8,4,4
2015-03-29,2,2,0
2015-03-29,5,4,1
2015-03-29,3,3,0
2015-03-29,6,4,2
2015-03-29,2,0,2
2015-03-29,2,0,2
2015-03-28,17,4,13
2015-03-28,26,16,10
2015-03-28,29,12,17
2015-03-28,47,18,29
2015-03-28,60,26,34
2015-03-28,97,46,51
2015-03-28,152,60,92
2015-03-28,168,66,102
2015-03-28,174,90,84
2015-03-28,177,78,99
2015-03-28,177,71,106
2015-03-28,153,73,80
2015-03-28,129,64,65
2015-03-28,125,61,64
2015-03-28,101,54,47
2015-03-28,75,27,48
2015-03-28,39,23,16
2015-03-28,15,7,8
2015-03-28,4,1,3
2015-03-28,1,0,1
2015-03-28,2,1,1
2015-03-28,4,0,4
2015-03-28,11,5,6
2015-03-28,13,7,6
2015-03-27,18,12,6
2015-03-27,28,13,15
2015-03-27,39,24,15
2015-03-27,84,49,35
2015-03-27,172,107,65
2015-03-27,364,229,135
2015-03-27,490,324,166
2015-03-27,320,188,132
2015-03-27,180,103,77
2015-03-27,142,104,38
2015-03-27,71,71,0
2015-03-27,77,75,2
2015-03-27,87,4,83
2015-03-27,91,0,91
2015-03-27,193,1,192
2015-03-27,308,0,308
2015-03-27,185,14,171
2015-03-27,91,26,65
2015-03-27,37,14,23
2015-03-27,4,2,2
2015-03-27,3,3,0
2015-03-27,8,4,4
2015-03-27,6,3,3
2015-03-27,17,11,6
2015-03-26,35,22,13
2015-03-26,45,25,20
2015-03-26,63,27,36
2015-03-26,126,86,40
2015-03-26,253,150,103
2015-03-26,441,258,183
2015-03-26,594,405,189
2015-03-26,315,168,147
2015-03-26,171,84,87
2015-03-26,153,72,81
2015-03-26,115,44,71
2015-03-26,75,14,61
2015-03-26,81,1,80
2015-03-26,100,8,92
2015-03-26,187,0,187
2015-03-26,353,0,353
2015-03-26,224,15,209
2015-03-26,103,34,69
2015-03-26,33,8,25
2015-03-26,7,3,4
2015-03-26,6,4,2
2015-03-26,5,1,4
2015-03-26,5,3,2
2015-03-26,6,5,1
2015-03-25,14,5,9
2015-03-25,34,18,16
2015-03-25,39,18,21
2015-03-25,74,47,27
2015-03-25,125,84,41
2015-03-25,295,190,105
2015-03-25,344,243,101
2015-03-25,152,91,61
2015-03-25,68,38,30
2015-03-25,36,20,16
2015-03-25,40,1,39
2015-03-25,32,0,32
2015-03-25,35,0,35
2015-03-25,54,0,54
2015-03-25,161,0,161
2015-03-25,259,1,258
2015-03-25,148,13,135
2015-03-25,80,25,55
2015-03-25,25,5,20
2015-03-25,5,2,3
2015-03-25,1,1,0
2015-03-25,2,1,1
2015-03-25,5,1,4
2015-03-25,12,11,1
2015-03-24,22,15,7
2015-03-24,34,24,10
2015-03-24,40,28,12
2015-03-24,88,51,37
2015-03-24,144,71,73
2015-03-24,320,205,115
2015-03-24,385,265,120
2015-03-24,156,86,70
2015-03-24,103,49,54
2015-03-24,76,22,54
2015-03-24,47,0,47
2015-03-24,47,3,44
2015-03-24,47,0,47
2015-03-24,65,0,65
2015-03-24,146,3,143
2015-03-24,264,3,261
2015-03-24,146,7,139
2015-03-24,77,27,50
2015-03-24,22,4,18
2015-03-24,8,3,5
2015-03-24,1,1,0
2015-03-24,4,3,1
2015-03-24,1,0,1
2015-03-24,7,3,4
2015-03-23,15,9,6
2015-03-23,23,13,10
2015-03-23,19,11,8
2015-03-23,60,41,19
2015-03-23,108,80,28
2015-03-23,318,223,95
2015-03-23,363,263,100
2015-03-23,154,90,64
2015-03-23,65,41,24
2015-03-23,46,22,24
2015-03-23,45,25,20
2015-03-23,32,11,21
2015-03-23,35,0,35
2015-03-23,56,1,55
2015-03-23,156,0,156
2015-03-23,260,0,260
2015-03-23,129,8,121
2015-03-23,95,28,67
2015-03-23,32,12,20
2015-03-23,5,2,3
2015-03-23,1,1,0
2015-03-23,2,1,1
2015-03-23,1,1,0
2015-03-23,9,6,3
2015-03-22,8,4,4
2015-03-22,14,10,4
2015-03-22,18,12,6
2015-03-22,17,8,9
2015-03-22,39,20,19
2015-03-22,50,27,23
2015-03-22,55,34,21
2015-03-22,49,21,28
2015-03-22,61,26,35
2015-03-22,56,19,37
2015-03-22,98,25,73
2015-03-22,127,50,77
2015-03-22,119,42,77
2015-03-22,112,47,65
2015-03-22,87,45,42
2015-03-22,70,37,33
2015-03-22,24,9,15
2015-03-22,13,5,8
2015-03-22,6,6,0
2015-03-22,2,0,2
2015-03-22,4,2,2
2015-03-22,5,2,3
2015-03-22,11,7,4
2015-03-22,12,11,1
2015-03-21,28,13,15
2015-03-21,22,9,13
2015-03-21,20,10,10
2015-03-21,52,28,24
2015-03-21,70,29,41
2015-03-21,113,53,60
2015-03-21,149,76,73
2015-03-21,116,55,61
2015-03-21,144,62,82
2015-03-21,114,57,57
2015-03-21,109,69,40
2015-03-21,93,48,45
2015-03-21,94,33,61
2015-03-21,77,38,39
2015-03-21,66,22,44
2015-03-21,43,18,25
2015-03-21,25,13,12
2015-03-21,16,8,8
2015-03-21,4,1,3
2015-03-21,4,1,3
2015-03-21,4,2,2
2015-03-21,2,1,1
2015-03-21,7,4,3
2015-03-21,7,4,3
2015-03-20,25,16,9
2015-03-20,11,7,4
2015-03-20,30,14,16
2015-03-20,47,28,19
2015-03-20,86,55,31
2015-03-20,205,139,66
2015-03-20,357,245,112
2015-03-20,176,123,53
2015-03-20,77,39,38
2015-03-20,62,32,30
2015-03-20,60,27,33
2015-03-20,71,11,60
2015-03-20,61,3,58
2015-03-20,94,0,94
2015-03-20,133,0,133
2015-03-20,216,0,216
2015-03-20,165,10,155
2015-03-20,79,29,50
2015-03-20,23,8,15
2015-03-20,8,3,5
2015-03-20,4,3,1
2015-03-20,4,1,3
2015-03-20,6,1,5
2015-03-20,14,9,5
2015-03-19,27,9,18
2015-03-19,24,12,12
2015-03-19,46,28,18
2015-03-19,74,50,24
2015-03-19,162,108,54
2015-03-19,341,236,105
2015-03-19,470,334,136
2015-03-19,197,130,67
2015-03-19,128,71,57
2015-03-19,76,5,71
2015-03-19,61,0,61
2015-03-19,53,0,53
2015-03-19,76,0,76
2015-03-19,101,0,101
2015-03-19,178,0,178
2015-03-19,310,0,310
2015-03-19,209,19,190
2015-03-19,104,32,72
2015-03-19,32,10,22
2015-03-19,9,3,6
2015-03-19,4,3,1
2015-03-19,6,2,4
2015-03-19,6,1,5
2015-03-19,16,7,9
2015-03-18,23,15,8
2015-03-18,37,18,19
2015-03-18,69,35,34
2015-03-18,91,60,31
2015-03-18,208,120,88
2015-03-18,461,306,155
2015-03-18,586,381,205
2015-03-18,245,141,104
2015-03-18,138,84,54
2015-03-18,73,59,14
2015-03-18,70,70,0
2015-03-18,42,42,0
2015-03-18,48,48,0
2015-03-18,76,76,0
2015-03-18,155,155,0
2015-03-18,228,226,2
2015-03-18,155,127,28
2015-03-18,89,33,56
2015-03-18,39,11,28
2015-03-18,9,5,4
2015-03-18,2,1,1
2015-03-18,5,2,3
2015-03-18,6,4,2
2015-03-18,18,8,10
2015-03-17,19,8,11
2015-03-17,28,16,12
2015-03-17,46,24,22
2015-03-17,60,41,19
2015-03-17,129,79,50
2015-03-17,355,220,135
2015-03-17,420,292,128
2015-03-17,216,126,90
2015-03-17,118,75,43
2015-03-17,81,70,11
2015-03-17,57,57,0
2015-03-17,54,54,0
2015-03-17,34,34,0
2015-03-17,69,69,0
2015-03-17,102,102,0
2015-03-17,218,218,0
2015-03-17,154,109,45
2015-03-17,77,23,54
2015-03-17,33,10,23
2015-03-17,8,3,5
2015-03-17,3,2,1
2015-03-17,2,1,1
2015-03-17,6,1,5
2015-03-17,10,8,2
2015-03-16,21,10,11
2015-03-16,22,13,9
2015-03-16,46,29,17
2015-03-16,70,42,28
2015-03-16,160,105,55
2015-03-16,435,294,141
2015-03-16,534,359,175
2015-03-16,218,133,85
2015-03-16,114,82,32
2015-03-16,94,94,0
2015-03-16,59,59,0
2015-03-16,55,55,0
2015-03-16,63,63,0
2015-03-16,54,54,0
2015-03-16,168,168,0
2015-03-16,228,226,2
2015-03-16,160,125,35
2015-03-16,81,30,51
2015-03-16,33,11,22
2015-03-16,4,2,2
2015-03-16,1,1,0
2015-03-16,2,1,1
2015-03-16,2,0,2
2015-03-16,0,0,0
2015-03-15,6,3,3
2015-03-15,5,2,3
2015-03-15,2,0,2
2015-03-15,7,3,4
2015-03-15,12,6,6
2015-03-15,13,6,7
2015-03-15,18,8,10
2015-03-15,17,12,5
2015-03-15,16,3,13
2015-03-15,11,6,5
2015-03-15,13,3,10
2015-03-15,17,8,9
2015-03-15,14,6,8
2015-03-15,12,4,8
2015-03-15,19,8,11
2015-03-15,18,7,11
2015-03-15,6,2,4
2015-03-15,7,3,4
2015-03-15,4,2,2
2015-03-15,0,0,0
2015-03-15,3,2,1
2015-03-15,6,4,2
2015-03-15,6,6,0
2015-03-15,7,3,4
2015-03-14,23,11,12
2015-03-14,18,8,10
2015-03-14,39,20,19
2015-03-14,19,7,12
2015-03-14,32,16,16
2015-03-14,62,25,37
2015-03-14,86,40,46
2015-03-14,96,40,56
2015-03-14,85,37,48
2015-03-14,88,46,42
2015-03-14,62,23,39
2015-03-14,55,28,27
2015-03-14,41,23,18
2015-03-14,33,11,22
2015-03-14,42,21,21
2015-03-14,31,11,20
2015-03-14,12,7,5
2015-03-14,11,4,7
2015-03-14,2,1,1
2015-03-14,2,2,0
2015-03-14,1,1,0
2015-03-14,7,4,3
2015-03-14,9,7,2
2015-03-14,19,9,10
2015-03-13,30,11,19
2015-03-13,37,19,18
2015-03-13,52,24,28
2015-03-13,72,40,32
2015-03-13,157,97,60
2015-03-13,377,228,149
2015-03-13,498,339,159
2015-03-13,282,161,121
2015-03-13,180,98,82
2015-03-13,123,38,85
2015-03-13,84,0,84
2015-03-13,63,0,63
2015-03-13,70,0,70
2015-03-13,102,0,102
2015-03-13,183,0,183
2015-03-13,306,0,306
2015-03-13,181,7,174
2015-03-13,98,29,69
2015-03-13,35,13,22
2015-03-13,8,5,3
2015-03-13,4,3,1
2015-03-13,5,4,1
2015-03-13,8,6,2
2015-03-13,14,8,6
2015-03-12,29,21,8
2015-03-12,34,18,16
2015-03-12,56,29,27
2015-03-12,99,57,42
2015-03-12,205,108,97
2015-03-12,457,293,164
2015-03-12,566,356,210
2015-03-12,234,138,96
2015-03-12,144,72,72
2015-03-12,94,71,23
2015-03-12,63,63,0
2015-03-12,64,64,0
2015-03-12,63,62,1
2015-03-12,63,61,2
2015-03-12,171,170,1
2015-03-12,268,200,68
2015-03-12,143,10,133
2015-03-12,104,33,71
2015-03-12,28,8,20
2015-03-12,9,4,5
2015-03-12,2,2,0
2015-03-12,6,4,2
2015-03-12,5,2,3
2015-03-12,7,3,4
2015-03-11,17,9,8
2015-03-11,19,6,13
2015-03-11,43,21,22
2015-03-11,57,39,18
2015-03-11,134,85,49
2015-03-11,300,208,92
2015-03-11,379,270,109
2015-03-11,166,91,75
2015-03-11,83,41,42
2015-03-11,48,34,14
2015-03-11,38,38,0
2015-03-11,38,38,0
2015-03-11,45,45,0
2015-03-11,59,58,1
2015-03-11,131,130,1
2015-03-11,213,209,4
2015-03-11,143,108,35
2015-03-11,82,30,52
2015-03-11,35,9,26
2015-03-11,5,4,1
2015-03-11,4,2,2
2015-03-11,2,1,1
2015-03-11,4,2,2
2015-03-11,5,1,4
2015-03-10,22,18,4
2015-03-10,34,16,18
2015-03-10,50,32,18
2015-03-10,85,55,30
2015-03-10,195,126,69
2015-03-10,480,316,164
2015-03-10,523,362,161
2015-03-10,237,138,99
2015-03-10,110,64,46
2015-03-10,124,95,29
2015-03-10,62,62,0
2015-03-10,54,54,0
2015-03-10,56,56,0
2015-03-10,67,67,0
2015-03-10,174,174,0
2015-03-10,267,264,3
2015-03-10,144,115,29
2015-03-10,110,41,69
2015-03-10,36,12,24
2015-03-10,5,4,1
2015-03-10,3,3,0
2015-03-10,3,1,2
2015-03-10,3,2,1
2015-03-10,11,8,3
2015-03-09,23,16,7
2015-03-09,20,15,5
2015-03-09,54,34,20
2015-03-09,97,64,33
2015-03-09,183,99,84
2015-03-09,478,340,138
2015-03-09,498,328,170
2015-03-09,257,151,106
2015-03-09,137,73,64
2015-03-09,81,55,26
2015-03-09,87,87,0
2015-03-09,61,61,0
2015-03-09,65,65,0
2015-03-09,82,81,1
2015-03-09,174,172,2
2015-03-09,234,233,1
2015-03-09,136,113,23
2015-03-09,109,40,69
2015-03-09,35,10,25
2015-03-09,4,1,3
2015-03-09,5,2,3
2015-03-09,3,1,2
2015-03-09,5,3,2
2015-03-09,5,3,2
2015-03-08,13,6,7
2015-03-08,21,9,12
2015-03-08,53,35,18
2015-03-08,39,19,20
2015-03-08,43,25,18
2015-03-08,122,60,62
2015-03-08,225,76,149
2015-03-08,255,106,149
2015-03-08,268,132,136
2015-03-08,293,145,148
2015-03-08,178,64,114
2015-03-08,170,83,87
2015-03-08,155,68,87
2015-03-08,115,54,61
2015-03-08,47,33,14
2015-03-08,35,14,21
2015-03-08,21,10,11
2015-03-08,13,9,4
2015-03-08,5,1,4
2015-03-08,3,2,1
2015-03-08,7,2,5
2015-03-08,,,
2015-03-08,3,1,2
2015-03-08,22,15,7
2015-03-07,19,9,10
2015-03-07,24,8,16
2015-03-07,26,14,12
2015-03-07,44,21,23
2015-03-07,59,29,30
2015-03-07,123,54,69
2015-03-07,168,59,109
2015-03-07,242,106,136
2015-03-07,252,117,135
2015-03-07,236,124,112
2015-03-07,277,154,123
2015-03-07,169,76,93
2015-03-07,157,49,108
2015-03-07,172,71,101
2015-03-07,112,54,58
2015-03-07,95,49,46
2015-03-07,35,18,17
2015-03-07,23,15,8
2015-03-07,7,4,3
2015-03-07,3,2,1
2015-03-07,0,0,0
2015-03-07,11,3,8
2015-03-07,6,6,0
2015-03-07,21,16,5
2015-03-06,28,14,14
2015-03-06,31,16,15
2015-03-06,37,19,18
2015-03-06,78,44,34
2015-03-06,119,76,43
2015-03-06,304,198,106
2015-03-06,482,327,155
2015-03-06,272,157,115
2015-03-06,176,97,79
2015-03-06,95,19,76
2015-03-06,165,0,165
2015-03-06,72,0,72
2015-03-06,63,0,63
2015-03-06,80,0,80
2015-03-06,170,0,170
2015-03-06,305,0,305
2015-03-06,158,7,151
2015-03-06,106,40,66
2015-03-06,22,4,18
2015-03-06,5,4,1
2015-03-06,7,4,3
2015-03-06,5,1,4
2015-03-06,4,1,3
2015-03-06,18,8,10
2015-03-05,21,15,6
2015-03-05,44,25,19
2015-03-05,86,58,28
2015-03-05,79,43,36
2015-03-05,133,77,56
2015-03-05,326,213,113
2015-03-05,478,327,151
2015-03-05,261,150,111
2015-03-05,123,65,58
2015-03-05,80,37,43
2015-03-05,74,0,74
2015-03-05,69,2,67
2015-03-05,61,0,61
2015-03-05,85,0,85
2015-03-05,170,0,170
2015-03-05,317,0,317
2015-03-05,199,15,184
2015-03-05,88,28,60
2015-03-05,32,12,20
2015-03-05,5,1,4
2015-03-05,4,1,3
2015-03-05,3,2,1
2015-03-05,4,1,3
2015-03-05,7,5,2
2015-03-04,20,12,8
2015-03-04,35,16,19
2015-03-04,54,21,33
2015-03-04,84,56,28
2015-03-04,144,93,51
2015-03-04,396,263,133
2015-03-04,479,314,165
2015-03-04,239,143,96
2015-03-04,123,81,42
2015-03-04,114,79,35
2015-03-04,59,58,1
2015-03-04,54,53,1
2015-03-04,61,59,2
2015-03-04,77,73,4
2015-03-04,201,13,188
2015-03-04,335,0,335
2015-03-04,194,6,188
2015-03-04,99,34,65
2015-03-04,34,11,23
2015-03-04,3,0,3
2015-03-04,4,3,1
2015-03-04,5,3,2
2015-03-04,3,2,1
2015-03-04,12,5,7
2015-03-03,18,13,5
2015-03-03,27,16,11
2015-03-03,46,26,20
2015-03-03,68,42,26
2015-03-03,164,89,75
2015-03-03,380,250,130
2015-03-03,519,372,147
2015-03-03,240,140,100
2015-03-03,122,57,65
2015-03-03,99,34,65
2015-03-03,72,0,72
2015-03-03,61,0,61
2015-03-03,66,0,66
2015-03-03,86,0,86
2015-03-03,196,0,196
2015-03-03,372,0,372
2015-03-03,238,14,224
2015-03-03,99,31,68
2015-03-03,41,11,30
2015-03-03,4,1,3
2015-03-03,2,2,0
2015-03-03,6,2,4
2015-03-03,7,0,7
2015-03-03,12,1,11
2015-03-02,21,11,10
2015-03-02,23,15,8
2015-03-02,42,27,15
2015-03-02,72,49,23
2015-03-02,155,100,55
2015-03-02,386,272,114
2015-03-02,498,339,159
2015-03-02,235,147,88
2015-03-02,119,59,60
2015-03-02,68,60,8
2015-03-02,58,58,0
2015-03-02,43,42,1
2015-03-02,56,56,0
2015-03-02,91,91,0
2015-03-02,152,151,1
2015-03-02,233,231,2
2015-03-02,140,109,31
2015-03-02,121,46,75
2015-03-02,39,13,26
2015-03-02,4,2,2
2015-03-02,4,2,2
2015-03-02,3,0,3
2015-03-02,4,3,1
2015-03-02,7,3,4
2015-03-01,10,5,5
2015-03-01,15,11,4
2015-03-01,17,10,7
2015-03-01,19,14,5
2015-03-01,36,13,23
2015-03-01,56,20,36
2015-03-01,114,43,71
2015-03-01,151,79,72
2015-03-01,172,76,96
2015-03-01,162,71,91
2015-03-01,205,105,100
2015-03-01,189,86,103
2015-03-01,188,83,105
2015-03-01,164,49,115
2015-03-01,133,45,88
2015-03-01,62,21,41
2015-03-01,13,6,7
2015-03-01,12,8,4
2015-03-01,1,1,0
2015-03-01,1,1,0
2015-03-01,2,0,2
2015-03-01,9,4,5
2015-03-01,4,2,2
2015-03-01,37,16,21
2015-02-28,25,17,8
2015-02-28,24,9,15
2015-02-28,19,5,14
2015-02-28,44,21,23
2015-02-28,50,27,23
2015-02-28,96,49,47
2015-02-28,136,69,67
2015-02-28,187,80,107
2015-02-28,215,102,113
2015-02-28,235,101,134
2015-02-28,215,102,113
2015-02-28,182,90,92
2015-02-28,167,58,109
2015-02-28,135,61,74
2015-02-28,111,50,61
2015-02-28,74,35,39
2015-02-28,37,19,18
2015-02-28,20,12,8
2015-02-28,4,2,2
2015-02-28,1,1,0
2015-02-28,3,1,2
2015-02-28,3,1,2
2015-02-28,12,7,5
2015-02-28,23,10,13
2015-02-27,19,10,9
2015-02-27,25,11,14
2015-02-27,50,17,33
2015-02-27,39,28,11
2015-02-27,99,64,35
2015-02-27,233,151,82
2015-02-27,300,196,104
2015-02-27,166,96,70
2015-02-27,76,46,30
2015-02-27,65,40,25
2015-02-27,32,32,0
2015-02-27,36,36,0
2015-02-27,28,28,0
2015-02-27,65,65,0
2015-02-27,116,113,3
2015-02-27,167,165,2
2015-02-27,103,84,19
2015-02-27,83,19,64
2015-02-27,23,11,12
2015-02-27,3,1,2
2015-02-27,1,1,0
2015-02-27,2,0,2
2015-02-27,2,1,1
2015-02-27,5,4,1
2015-02-26,15,11,4
2015-02-26,29,21,8
2015-02-26,46,25,21
2015-02-26,64,40,24
2015-02-26,135,98,37
2015-02-26,314,212,102
2015-02-26,359,238,121
2015-02-26,172,109,63
2015-02-26,76,39,37
2015-02-26,58,8,50
2015-02-26,48,0,48
2015-02-26,50,0,50
2015-02-26,42,0,42
2015-02-26,69,0,69
2015-02-26,171,0,171
2015-02-26,285,0,285
2015-02-26,198,13,185
2015-02-26,83,23,60
2015-02-26,21,9,12
2015-02-26,7,2,5
2015-02-26,3,2,1
2015-02-26,1,1,0
2015-02-26,3,1,2
2015-02-26,7,2,5
2015-02-25,18,14,4
2015-02-25,23,15,8
2015-02-25,52,29,23
2015-02-25,70,44,26
2015-02-25,119,76,43
2015-02-25,316,215,101
2015-02-25,392,268,124
2015-02-25,167,107,60
2015-02-25,96,23,73
2015-02-25,47,0,47
2015-02-25,40,3,37
2015-02-25,43,0,43
2015-02-25,48,1,47
2015-02-25,65,1,64
2015-02-25,193,0,193
2015-02-25,349,0,349
2015-02-25,190,10,180
2015-02-25,108,40,68
2015-02-25,34,10,24
2015-02-25,7,1,6
2015-02-25,0,0,0
2015-02-25,4,2,2
2015-02-25,4,1,3
2015-02-25,11,9,2
2015-02-24,22,15,7
2015-02-24,33,19,14
2015-02-24,54,30,24
2015-02-24,73,36,37
2015-02-24,153,101,52
2015-02-24,361,235,126
2015-02-24,538,376,162
2015-02-24,261,153,108
2015-02-24,131,77,54
2015-02-24,105,88,17
2015-02-24,90,90,0
2015-02-24,79,79,0
2015-02-24,74,5,69
2015-02-24,75,0,75
2015-02-24,188,0,188
2015-02-24,418,0,418
2015-02-24,245,9,236
2015-02-24,105,32,73
2015-02-24,35,12,23
2015-02-24,4,2,2
2015-02-24,3,3,0
2015-02-24,6,3,3
2015-02-24,5,2,3
2015-02-24,8,6,2
2015-02-23,19,12,7
2015-02-23,26,16,10
2015-02-23,41,21,20
2015-02-23,83,59,24
2015-02-23,173,114,59
2015-02-23,362,255,107
2015-02-23,512,350,162
2015-02-23,262,155,107
2015-02-23,135,69,66
2015-02-23,79,0,79
2015-02-23,66,0,66
2015-02-23,55,0,55
2015-02-23,72,0,72
2015-02-23,80,0,80
2015-02-23,194,0,194
2015-02-23,348,1,347
2015-02-23,226,6,220
2015-02-23,98,33,65
2015-02-23,32,7,25
2015-02-23,7,2,5
2015-02-23,3,2,1
2015-02-23,2,1,1
2015-02-23,3,2,1
2015-02-23,3,1,2
2015-02-22,7,5,2
2015-02-22,10,6,4
2015-02-22,14,9,5
2015-02-22,19,12,7
2015-02-22,29,20,9
2015-02-22,93,48,45
2015-02-22,134,66,68
2015-02-22,152,86,66
2015-02-22,197,108,89
2015-02-22,212,106,106
2015-02-22,167,78,89
2015-02-22,195,74,121
2015-02-22,160,67,93
2015-02-22,101,54,47
2015-02-22,97,41,56
2015-02-22,95,24,71
2015-02-22,83,14,69
2015-02-22,25,9,16
2015-02-22,2,1,1
2015-02-22,4,1,3
2015-02-22,0,0,0
2015-02-22,6,2,4
2015-02-22,3,0,3
2015-02-22,15,9,6
2015-02-21,13,7,6
2015-02-21,14,10,4
2015-02-21,19,11,8
2015-02-21,36,16,20
2015-02-21,44,25,19
2015-02-21,86,45,41
2015-02-21,121,50,71
2015-02-21,160,91,69
2015-02-21,197,111,86
2015-02-21,176,73,103
2015-02-21,168,64,104
2015-02-21,152,52,100
2015-02-21,133,57,76
2015-02-21,108,39,69
2015-02-21,70,27,43
2015-02-21,66,23,43
2015-02-21,21,16,5
2015-02-21,22,12,10
2015-02-21,4,2,2
2015-02-21,2,0,2
2015-02-21,3,2,1
2015-02-21,6,0,6
2015-02-21,10,7,3
2015-02-21,20,13,7
2015-02-20,28,16,12
2015-02-20,28,19,9
2015-02-20,24,17,7
2015-02-20,43,26,17
2015-02-20,102,62,40
2015-02-20,241,165,76
2015-02-20,375,266,109
2015-02-20,183,113,70
2015-02-20,111,55,56
2015-02-20,70,41,29
2015-02-20,60,60,0
2015-02-20,47,45,2
2015-02-20,39,39,0
2015-02-20,70,70,0
2015-02-20,141,141,0
2015-02-20,199,198,1
2015-02-20,128,99,29
2015-02-20,81,24,57
2015-02-20,19,5,14
2015-02-20,5,2,3
2015-02-20,0,0,0
2015-02-20,1,1,0
2015-02-20,8,8,0
2015-02-20,14,6,8
2015-02-19,17,11,6
2015-02-19,35,20,15
2015-02-19,45,25,20
2015-02-19,63,41,22
2015-02-19,129,85,44
2015-02-19,306,205,101
2015-02-19,375,261,114
2015-02-19,166,96,70
2015-02-19,77,43,34
2015-02-19,46,7,39
2015-02-19,32,1,31
2015-02-19,29,0,29
2015-02-19,49,0,49
2015-02-19,81,1,80
2015-02-19,159,0,159
2015-02-19,290,0,290
2015-02-19,175,8,167
2015-02-19,97,33,64
2015-02-19,25,8,17
2015-02-19,9,2,7
2015-02-19,3,1,2
2015-02-19,6,5,1
2015-02-19,3,0,3
2015-02-19,4,2,2
2015-02-18,17,10,7
2015-02-18,58,34,24
2015-02-18,59,32,27
2015-02-18,79,43,36
2015-02-18,159,110,49
2015-02-18,374,261,113
2015-02-18,500,330,170
2015-02-18,221,129,92
2015-02-18,108,53,55
2015-02-18,119,8,111
2015-02-18,154,2,152
2015-02-18,47,0,47
2015-02-18,58,0,58
2015-02-18,84,0,84
2015-02-18,176,1,175
2015-02-18,336,0,336
2015-02-18,211,11,200
2015-02-18,115,32,83
2015-02-18,33,9,24
2015-02-18,5,2,3
2015-02-18,1,0,1
2015-02-18,2,0,2
2015-02-18,5,3,2
2015-02-18,6,3,3
2015-02-17,32,27,5
2015-02-17,31,22,9
2015-02-17,50,30,20
2015-02-17,67,43,24
2015-02-17,151,88,63
2015-02-17,398,262,136
2015-02-17,452,288,164
2015-02-17,278,163,115
2015-02-17,154,81,73
2015-02-17,110,31,79
2015-02-17,95,0,95
2015-02-17,77,0,77
2015-02-17,72,0,72
2015-02-17,91,0,91
2015-02-17,187,0,187
2015-02-17,340,0,340
2015-02-17,195,1,194
2015-02-17,86,22,64
2015-02-17,31,7,24
2015-02-17,8,3,5
2015-02-17,0,0,0
2015-02-17,4,3,1
2015-02-17,1,1,0
2015-02-17,9,8,1
2015-02-16,12,8,4
2015-02-16,16,12,4
2015-02-16,32,21,11
2015-02-16,41,28,13
2015-02-16,71,47,24
2015-02-16,208,123,85
2015-02-16,254,166,88
2015-02-16,204,108,96
2015-02-16,148,76,72
2015-02-16,185,72,113
2015-02-16,166,61,105
2015-02-16,92,41,51
2015-02-16,113,54,59
2015-02-16,116,41,75
2015-02-16,161,57,104
2015-02-16,190,53,137
2015-02-16,105,23,82
2015-02-16,50,17,33
2015-02-16,22,7,15
2015-02-16,5,1,4
2015-02-16,1,1,0
2015-02-16,3,2,1
2015-02-16,5,4,1
2015-02-16,11,8,3
2015-02-15,13,12,1
2015-02-15,13,7,6
2015-02-15,9,5,4
2015-02-15,33,16,17
2015-02-15,34,15,19
2015-02-15,65,33,32
2015-02-15,123,56,67
2015-02-15,181,79,102
2015-02-15,231,116,115
2015-02-15,257,145,112
2015-02-15,201,67,134
2015-02-15,210,86,124
2015-02-15,152,62,90
2015-02-15,115,45,70
2015-02-15,85,39,46
2015-02-15,59,27,32
2015-02-15,13,5,8
2015-02-15,10,5,5
2015-02-15,1,0,1
2015-02-15,1,1,0
2015-02-15,3,1,2
2015-02-15,8,2,6
2015-02-15,5,2,3
2015-02-15,14,9,5
2015-02-14,12,7,5
2015-02-14,18,10,8
2015-02-14,18,12,6
2015-02-14,29,16,13
2015-02-14,40,22,18
2015-02-14,64,34,30
2015-02-14,124,56,68
2015-02-14,150,77,73
2015-02-14,171,76,95
2015-02-14,163,78,85
2015-02-14,149,56,93
2015-02-14,100,54,46
2015-02-14,110,43,67
2015-02-14,96,38,58
2015-02-14,75,25,50
2015-02-14,59,24,35
2015-02-14,18,5,13
2015-02-14,14,8,6
2015-02-14,9,2,7
2015-02-14,5,4,1
2015-02-14,9,3,6
2015-02-14,5,2,3
2015-02-14,12,11,1
2015-02-14,15,8,7
2015-02-13,27,19,8
2015-02-13,26,10,16
2015-02-13,43,24,19
2015-02-13,51,27,24
2015-02-13,118,71,47
2015-02-13,275,178,97
2015-02-13,400,268,132
2015-02-13,225,128,97
2015-02-13,167,92,75
2015-02-13,77,12,65
2015-02-13,67,0,67
2015-02-13,60,0,60
2015-02-13,65,0,65
2015-02-13,80,0,80
2015-02-13,180,0,180
2015-02-13,284,0,284
2015-02-13,183,10,173
2015-02-13,85,33,52
2015-02-13,23,7,16
2015-02-13,4,1,3
2015-02-13,4,3,1
2015-02-13,1,0,1
2015-02-13,3,2,1
2015-02-13,11,7,4
2015-02-12,25,19,6
2015-02-12,41,18,23
2015-02-12,44,20,24
2015-02-12,84,58,26
2015-02-12,175,115,60
2015-02-12,316,220,96
2015-02-12,427,276,151
2015-02-12,221,127,94
2015-02-12,129,73,56
2015-02-12,65,13,52
2015-02-12,60,1,59
2015-02-12,44,3,41
2015-02-12,71,3,68
2015-02-12,76,0,76
2015-02-12,237,3,234
2015-02-12,343,1,342
2015-02-12,198,2,196
2015-02-12,85,37,48
2015-02-12,27,10,17
2015-02-12,7,2,5
2015-02-12,4,3,1
2015-02-12,6,5,1
2015-02-12,2,1,1
2015-02-12,10,8,2
2015-02-11,22,15,7
2015-02-11,36,21,15
2015-02-11,51,32,19
2015-02-11,84,54,30
2015-02-11,166,115,51
2015-02-11,350,253,97
2015-02-11,508,351,157
2015-02-11,225,136,89
2015-02-11,102,41,61
2015-02-11,73,24,49
2015-02-11,66,0,66
2015-02-11,64,0,64
2015-02-11,66,0,66
2015-02-11,79,0,79
2015-02-11,172,0,172
2015-02-11,363,0,363
2015-02-11,216,8,208
2015-02-11,114,42,72
2015-02-11,28,8,20
2015-02-11,4,3,1
2015-02-11,2,1,1
2015-02-11,3,1,2
2015-02-11,2,0,2
2015-02-11,12,9,3
2015-02-10,28,16,12
2015-02-10,21,15,6
2015-02-10,51,28,23
2015-02-10,71,35,36
2015-02-10,161,113,48
2015-02-10,332,219,113
2015-02-10,395,275,120
2015-02-10,221,126,95
2015-02-10,103,65,38
2015-02-10,89,41,48
2015-02-10,77,14,63
2015-02-10,45,0,45
2015-02-10,55,28,27
2015-02-10,66,66,0
2015-02-10,138,137,1
2015-02-10,319,109,210
2015-02-10,190,0,190
2015-02-10,97,31,66
2015-02-10,35,9,26
2015-02-10,5,4,1
2015-02-10,2,1,1
2015-02-10,2,1,1
2015-02-10,6,2,4
2015-02-10,7,5,2
2015-02-09,16,12,4
2015-02-09,17,8,9
2015-02-09,27,19,8
2015-02-09,62,44,18
2015-02-09,103,72,31
2015-02-09,298,200,98
2015-02-09,382,278,104
2015-02-09,182,108,74
2015-02-09,94,50,44
2015-02-09,52,31,21
2015-02-09,28,28,0
2015-02-09,28,28,0
2015-02-09,38,38,0
2015-02-09,55,53,2
2015-02-09,129,128,1
2015-02-09,233,232,1
2015-02-09,209,82,127
2015-02-09,102,39,63
2015-02-09,30,13,17
2015-02-09,11,6,5
2015-02-09,2,1,1
2015-02-09,1,1,0
2015-02-09,4,2,2
2015-02-09,1,0,1
2015-02-08,9,3,6
2015-02-08,9,5,4
2015-02-08,15,11,4
2015-02-08,25,14,11
2015-02-08,33,16,17
2015-02-08,36,16,20
2015-02-08,89,39,50
2015-02-08,120,51,69
2015-02-08,143,74,69
2015-02-08,182,81,101
2015-02-08,180,82,98
2015-02-08,181,86,95
2015-02-08,158,68,90
2015-02-08,136,65,71
2015-02-08,105,35,70
2015-02-08,59,15,44
2015-02-08,14,7,7
2015-02-08,12,6,6
2015-02-08,3,2,1
2015-02-08,3,1,2
2015-02-08,2,0,2
2015-02-08,3,2,1
2015-02-08,3,1,2
2015-02-08,2,2,0
2015-02-07,16,9,7
2015-02-07,7,4,3
2015-02-07,11,5,6
2015-02-07,16,13,3
2015-02-07,19,10,9
2015-02-07,40,20,20
2015-02-07,32,20,12
2015-02-07,42,23,19
2015-02-07,62,25,37
2015-02-07,80,34,46
2015-02-07,39,13,26
2015-02-07,48,21,27
2015-02-07,53,19,34
2015-02-07,32,9,23
2015-02-07,26,15,11
2015-02-07,28,10,18
2015-02-07,18,10,8
2015-02-07,16,11,5
2015-02-07,10,2,8
2015-02-07,1,1,0
2015-02-07,5,2,3
2015-02-07,7,3,4
2015-02-07,8,4,4
2015-02-07,13,7,6
2015-02-06,25,11,14
2015-02-06,22,13,9
2015-02-06,33,18,15
2015-02-06,31,20,11
2015-02-06,84,59,25
2015-02-06,205,134,71
2015-02-06,298,208,90
2015-02-06,134,83,51
2015-02-06,54,26,28
2015-02-06,49,20,29
2015-02-06,38,12,26
2015-02-06,15,1,14
2015-02-06,29,0,29
2015-02-06,52,0,52
2015-02-06,121,3,118
2015-02-06,212,0,212
2015-02-06,111,9,102
2015-02-06,62,24,38
2015-02-06,21,8,13
2015-02-06,5,3,2
2015-02-06,3,2,1
2015-02-06,1,0,1
2015-02-06,1,0,1
2015-02-06,5,3,2
2015-02-05,26,9,17
2015-02-05,18,10,8
2015-02-05,39,24,15
2015-02-05,55,33,22
2015-02-05,112,80,32
2015-02-05,219,146,73
2015-02-05,253,166,87
2015-02-05,130,74,56
2015-02-05,55,30,25
2015-02-05,43,14,29
2015-02-05,27,0,27
2015-02-05,38,0,38
2015-02-05,35,0,35
2015-02-05,39,0,39
2015-02-05,145,0,145
2015-02-05,223,0,223
2015-02-05,135,6,129
2015-02-05,63,24,39
2015-02-05,22,5,17
2015-02-05,4,1,3
2015-02-05,3,2,1
2015-02-05,1,1,0
2015-02-05,5,1,4
2015-02-05,4,2,2
2015-02-04,16,7,9
2015-02-04,17,8,9
2015-02-04,42,21,21
2015-02-04,69,43,26
2015-02-04,112,80,32
2015-02-04,265,191,74
2015-02-04,393,277,116
2015-02-04,164,98,66
2015-02-04,92,38,54
2015-02-04,63,2,61
2015-02-04,57,0,57
2015-02-04,54,0,54
2015-02-04,41,0,41
2015-02-04,60,0,60
2015-02-04,179,0,179
2015-02-04,280,0,280
2015-02-04,195,12,183
2015-02-04,94,28,66
2015-02-04,38,13,25
2015-02-04,6,1,5
2015-02-04,1,1,0
2015-02-04,0,0,0
2015-02-04,6,2,4
2015-02-04,7,5,2
2015-02-03,22,15,7
2015-02-03,25,13,12
2015-02-03,50,26,24
2015-02-03,69,46,23
2015-02-03,125,82,43
2015-02-03,362,261,101
2015-02-03,366,255,111
2015-02-03,172,107,65
2015-02-03,75,34,41
2015-02-03,44,0,44
2015-02-03,37,0,37
2015-02-03,48,0,48
2015-02-03,55,0,55
2015-02-03,58,0,58
2015-02-03,161,1,160
2015-02-03,312,0,312
2015-02-03,194,13,181
2015-02-03,103,33,70
2015-02-03,34,12,22
2015-02-03,3,2,1
2015-02-03,4,2,2
2015-02-03,3,2,1
2015-02-03,6,4,2
2015-02-03,6,4,2
2015-02-02,13,8,5
2015-02-02,11,7,4
2015-02-02,26,20,6
2015-02-02,44,25,19
2015-02-02,90,56,34
2015-02-02,241,164,77
2015-02-02,296,205,91
2015-02-02,167,95,72
2015-02-02,82,43,39
2015-02-02,52,28,24
2015-02-02,50,27,23
2015-02-02,24,9,15
2015-02-02,26,0,26
2015-02-02,77,0,77
2015-02-02,121,0,121
2015-02-02,257,1,256
2015-02-02,185,13,172
2015-02-02,95,33,62
2015-02-02,30,7,23
2015-02-02,5,3,2
2015-02-02,1,1,0
2015-02-02,4,2,2
2015-02-02,2,2,0
2015-02-02,5,2,3
2015-02-01,4,2,2
2015-02-01,11,9,2
2015-02-01,16,6,10
2015-02-01,37,20,17
2015-02-01,33,18,15
2015-02-01,14,10,4
2015-02-01,16,5,11
2015-02-01,23,13,10
2015-02-01,47,24,23
2015-02-01,73,26,47
2015-02-01,56,19,37
2015-02-01,89,45,44
2015-02-01,66,23,43
2015-02-01,64,28,36
2015-02-01,70,30,40
2015-02-01,32,14,18
2015-02-01,22,6,16
2015-02-01,5,2,3
2015-02-01,2,1,1
2015-02-01,3,2,1
2015-02-01,0,0,0
2015-02-01,1,1,0
2015-02-01,6,5,1
2015-02-01,18,9,9
2015-01-31,17,6,11
2015-01-31,20,14,6
2015-01-31,21,13,8
2015-01-31,25,17,8
2015-01-31,18,8,10
2015-01-31,46,20,26
2015-01-31,81,42,39
2015-01-31,137,61,76
2015-01-31,126,58,68
2015-01-31,135,66,69
2015-01-31,148,67,81
2015-01-31,113,48,65
2015-01-31,81,35,46
2015-01-31,72,28,44
2015-01-31,84,38,46
2015-01-31,47,19,28
2015-01-31,19,8,11
2015-01-31,15,10,5
2015-01-31,2,2,0
2015-01-31,3,1,2
2015-01-31,2,0,2
2015-01-31,4,2,2
2015-01-31,3,1,2
2015-01-31,17,9,8
2015-01-30,22,9,13
2015-01-30,22,11,11
2015-01-30,30,18,12
2015-01-30,47,29,18
2015-01-30,87,55,32
2015-01-30,287,196,91
2015-01-30,342,240,102
2015-01-30,245,148,97
2015-01-30,155,83,72
2015-01-30,112,57,55
2015-01-30,83,40,43
2015-01-30,80,33,47
2015-01-30,66,19,47
2015-01-30,90,31,59
2015-01-30,217,84,133
2015-01-30,339,85,254
2015-01-30,238,59,179
2015-01-30,86,27,59
2015-01-30,26,7,19
2015-01-30,4,3,1
2015-01-30,3,1,2
2015-01-30,10,4,6
2015-01-30,10,3,7
2015-01-30,11,7,4
2015-01-29,33,12,21
2015-01-29,29,12,17
2015-01-29,52,26,26
2015-01-29,72,50,22
2015-01-29,138,91,47
2015-01-29,351,232,119
2015-01-29,468,325,143
2015-01-29,251,156,95
2015-01-29,127,61,66
2015-01-29,102,54,48
2015-01-29,98,47,51
2015-01-29,62,27,35
2015-01-29,76,25,51
2015-01-29,100,28,72
2015-01-29,251,78,173
2015-01-29,442,119,323
2015-01-29,263,62,201
2015-01-29,90,28,62
2015-01-29,36,11,25
2015-01-29,5,2,3
2015-01-29,1,0,1
2015-01-29,3,1,2
2015-01-29,5,2,3
2015-01-29,6,5,1
2015-01-28,18,14,4
2015-01-28,32,14,18
2015-01-28,51,32,19
2015-01-28,72,43,29
2015-01-28,144,90,54
2015-01-28,335,232,103
2015-01-28,504,348,156
2015-01-28,219,124,95
2015-01-28,107,54,53
2015-01-28,104,54,50
2015-01-28,80,36,44
2015-01-28,65,26,39
2015-01-28,62,24,38
2015-01-28,95,29,66
2015-01-28,246,74,172
2015-01-28,417,97,320
2015-01-28,268,51,217
2015-01-28,94,31,63
2015-01-28,28,5,23
2015-01-28,3,2,1
2015-01-28,1,0,1
2015-01-28,3,1,2
2015-01-28,5,4,1
2015-01-28,10,6,4
2015-01-27,21,13,8
2015-01-27,22,16,6
2015-01-27,38,21,17
2015-01-27,68,47,21
2015-01-27,134,89,45
2015-01-27,322,232,90
2015-01-27,403,277,126
2015-01-27,208,132,76
2015-01-27,106,54,52
2015-01-27,74,38,36
2015-01-27,39,10,29
2015-01-27,54,0,54
2015-01-27,40,0,40
2015-01-27,62,0,62
2015-01-27,202,0,202
2015-01-27,361,0,361
2015-01-27,239,10,229
2015-01-27,112,44,68
2015-01-27,35,10,25
2015-01-27,6,2,4
2015-01-27,1,0,1
2015-01-27,5,0,5
2015-01-27,4,1,3
2015-01-27,7,6,1
2015-01-26,17,14,3
2015-01-26,35,18,17
2015-01-26,57,34,23
2015-01-26,80,49,31
2015-01-26,163,103,60
2015-01-26,378,247,131
2015-01-26,515,362,153
2015-01-26,293,152,141
2015-01-26,176,78,98
2015-01-26,93,0,93
2015-01-26,92,0,92
2015-01-26,59,0,59
2015-01-26,69,0,69
2015-01-26,95,0,95
2015-01-26,230,0,230
2015-01-26,394,0,394
2015-01-26,239,8,231
2015-01-26,114,35,79
2015-01-26,35,11,24
2015-01-26,8,2,6
2015-01-26,4,1,3
2015-01-26,3,2,1
2015-01-26,0,0,0
2015-01-26,10,5,5
2015-01-25,16,11,5
2015-01-25,17,9,8
2015-01-25,17,7,10
2015-01-25,23,10,13
2015-01-25,34,15,19
2015-01-25,60,32,28
2015-01-25,172,75,97
2015-01-25,217,96,121
2015-01-25,268,133,135
2015-01-25,333,119,214
2015-01-25,272,112,160
2015-01-25,219,83,136
2015-01-25,177,60,117
2015-01-25,127,44,83
2015-01-25,67,37,30
2015-01-25,70,17,53
2015-01-25,15,10,5
2015-01-25,6,2,4
2015-01-25,5,3,2
2015-01-25,5,2,3
2015-01-25,0,0,0
2015-01-25,2,0,2
2015-01-25,11,2,9
2015-01-25,22,14,8
2015-01-24,21,14,7
2015-01-24,30,17,13
2015-01-24,27,18,9
2015-01-24,26,11,15
2015-01-24,47,21,26
2015-01-24,57,28,29
2015-01-24,79,31,48
2015-01-24,115,62,53
2015-01-24,112,40,72
2015-01-24,112,45,67
2015-01-24,106,42,64
2015-01-24,108,50,58
2015-01-24,88,37,51
2015-01-24,74,24,50
2015-01-24,44,14,30
2015-01-24,51,25,26
2015-01-24,16,6,10
2015-01-24,16,9,7
2015-01-24,6,4,2
2015-01-24,2,1,1
2015-01-24,3,1,2
2015-01-24,4,1,3
2015-01-24,5,2,3
2015-01-24,14,8,6
2015-01-23,17,10,7
2015-01-23,24,17,7
2015-01-23,20,13,7
2015-01-23,36,26,10
2015-01-23,85,54,31
2015-01-23,199,139,60
2015-01-23,310,203,107
2015-01-23,137,81,56
2015-01-23,72,38,34
2015-01-23,57,18,39
2015-01-23,35,0,35
2015-01-23,36,0,36
2015-01-23,29,0,29
2015-01-23,62,3,59
2015-01-23,151,0,151
2015-01-23,226,4,222
2015-01-23,142,5,137
2015-01-23,75,20,55
2015-01-23,33,15,18
2015-01-23,6,2,4
2015-01-23,3,1,2
2015-01-23,1,1,0
2015-01-23,7,6,1
2015-01-23,14,7,7
2015-01-22,19,11,8
2015-01-22,44,20,24
2015-01-22,39,20,19
2015-01-22,56,35,21
2015-01-22,125,84,41
2015-01-22,290,191,99
2015-01-22,338,226,112
2015-01-22,165,107,58
2015-01-22,76,35,41
2015-01-22,71,25,46
2015-01-22,38,0,38
2015-01-22,45,0,45
2015-01-22,37,0,37
2015-01-22,60,1,59
2015-01-22,149,0,149
2015-01-22,301,0,301
2015-01-22,189,5,184
2015-01-22,94,34,60
2015-01-22,23,5,18
2015-01-22,5,1,4
2015-01-22,3,2,1
2015-01-22,3,3,0
2015-01-22,1,1,0
2015-01-22,12,9,3
2015-01-21,11,8,3
2015-01-21,30,15,15
2015-01-21,53,31,22
2015-01-21,59,35,24
2015-01-21,140,94,46
2015-01-21,360,242,118
2015-01-21,377,278,99
2015-01-21,224,134,90
2015-01-21,92,41,51
2015-01-21,82,6,76
2015-01-21,61,0,61
2015-01-21,56,1,55
2015-01-21,43,0,43
2015-01-21,72,0,72
2015-01-21,191,0,191
2015-01-21,336,1,335
2015-01-21,205,13,192
2015-01-21,106,34,72
2015-01-21,29,8,21
2015-01-21,5,1,4
2015-01-21,2,0,2
2015-01-21,3,1,2
2015-01-21,1,1,0
2015-01-21,14,6,8
2015-01-20,17,13,4
2015-01-20,21,11,10
2015-01-20,39,19,20
2015-01-20,50,34,16
2015-01-20,146,93,53
2015-01-20,367,255,112
2015-01-20,444,311,133
2015-01-20,223,128,95
2015-01-20,137,77,60
2015-01-20,103,51,52
2015-01-20,89,34,55
2015-01-20,76,32,44
2015-01-20,66,27,39
2015-01-20,99,28,71
2015-01-20,249,79,170
2015-01-20,387,70,317
2015-01-20,254,11,243
2015-01-20,99,38,61
2015-01-20,37,12,25
2015-01-20,6,2,4
2015-01-20,2,1,1
2015-01-20,3,3,0
2015-01-20,2,2,0
2015-01-20,11,8,3
2015-01-19,14,7,7
2015-01-19,11,7,4
2015-01-19,26,11,15
2015-01-19,51,33,18
2015-01-19,83,54,29
2015-01-19,187,137,50
2015-01-19,246,173,73
2015-01-19,168,95,73
2015-01-19,142,74,68
2015-01-19,111,49,62
2015-01-19,89,34,55
2015-01-19,75,35,40
2015-01-19,93,27,66
2015-01-19,81,27,54
2015-01-19,170,52,118
2015-01-19,220,59,161
2015-01-19,118,26,92
2015-01-19,58,20,38
2015-01-19,22,6,16
2015-01-19,3,1,2
2015-01-19,4,1,3
2015-01-19,2,1,1
2015-01-19,2,1,1
2015-01-19,6,3,3
2015-01-18,8,5,3
2015-01-18,6,5,1
2015-01-18,14,11,3
2015-01-18,13,10,3
2015-01-18,24,18,6
2015-01-18,22,9,13
2015-01-18,53,27,26
2015-01-18,47,17,30
2015-01-18,23,13,10
2015-01-18,30,11,19
2015-01-18,28,15,13
2015-01-18,39,20,19
2015-01-18,40,15,25
2015-01-18,26,9,17
2015-01-18,31,7,24
2015-01-18,24,10,14
2015-01-18,11,4,7
2015-01-18,5,3,2
2015-01-18,5,2,3
2015-01-18,2,0,2
2015-01-18,1,0,1
2015-01-18,7,3,4
2015-01-18,3,3,0
2015-01-18,9,5,4
2015-01-17,7,5,2
2015-01-17,5,4,1
2015-01-17,14,9,5
2015-01-17,8,6,2
2015-01-17,12,7,5
2015-01-17,20,13,7
2015-01-17,35,22,13
2015-01-17,43,18,25
2015-01-17,44,17,27
2015-01-17,45,18,27
2015-01-17,57,21,36
2015-01-17,52,27,25
2015-01-17,55,22,33
2015-01-17,45,16,29
2015-01-17,49,18,31
2015-01-17,34,17,17
2015-01-17,12,5,7
2015-01-17,14,6,8
2015-01-17,3,2,1
2015-01-17,3,2,1
2015-01-17,3,1,2
2015-01-17,6,3,3
2015-01-17,9,2,7
2015-01-17,17,13,4
2015-01-16,18,8,10
2015-01-16,25,13,12
2015-01-16,32,15,17
2015-01-16,56,37,19
2015-01-16,101,58,43
2015-01-16,239,156,83
2015-01-16,335,245,90
2015-01-16,219,117,102
2015-01-16,136,73,63
2015-01-16,88,38,50
2015-01-16,76,25,51
2015-01-16,56,4,52
2015-01-16,57,0,57
2015-01-16,61,0,61
2015-01-16,161,0,161
2015-01-16,230,2,228
2015-01-16,141,12,129
2015-01-16,74,22,52
2015-01-16,19,3,16
2015-01-16,4,2,2
2015-01-16,2,1,1
2015-01-16,3,0,3
2015-01-16,4,1,3
2015-01-16,5,4,1
2015-01-15,7,3,4
2015-01-15,15,13,2
2015-01-15,38,17,21
2015-01-15,50,36,14
2015-01-15,98,73,25
2015-01-15,238,138,100
2015-01-15,313,226,87
2015-01-15,144,85,59
2015-01-15,66,33,33
2015-01-15,34,2,32
2015-01-15,39,0,39
2015-01-15,41,0,41
2015-01-15,46,0,46
2015-01-15,64,0,64
2015-01-15,132,0,132
2015-01-15,284,1,283
2015-01-15,163,11,152
2015-01-15,86,33,53
2015-01-15,21,4,17
2015-01-15,5,2,3
2015-01-15,3,1,2
2015-01-15,2,2,0
2015-01-15,2,0,2
2015-01-15,7,5,2
2015-01-14,19,13,6
2015-01-14,21,9,12
2015-01-14,59,35,24
2015-01-14,78,50,28
2015-01-14,149,102,47
2015-01-14,307,225,82
2015-01-14,447,315,132
2015-01-14,211,122,89
2015-01-14,127,52,75
2015-01-14,81,12,69
2015-01-14,67,0,67
2015-01-14,53,0,53
2015-01-14,50,0,50
2015-01-14,79,0,79
2015-01-14,167,1,166
2015-01-14,326,1,325
2015-01-14,222,13,209
2015-01-14,101,37,64
2015-01-14,32,6,26
2015-01-14,8,3,5
2015-01-14,5,3,2
2015-01-14,2,1,1
2015-01-14,5,2,3
2015-01-14,7,4,3
2015-01-13,11,6,5
2015-01-13,16,14,2
2015-01-13,50,31,19
2015-01-13,65,52,13
2015-01-13,164,109,55
2015-01-13,356,258,98
2015-01-13,427,289,138
2015-01-13,219,127,92
2015-01-13,121,55,66
2015-01-13,80,2,78
2015-01-13,55,0,55
2015-01-13,71,0,71
2015-01-13,64,0,64
2015-01-13,89,0,89
2015-01-13,197,0,197
2015-01-13,374,0,374
2015-01-13,230,7,223
2015-01-13,119,39,80
2015-01-13,35,10,25
2015-01-13,2,1,1
2015-01-13,6,3,3
2015-01-13,3,2,1
2015-01-13,7,2,5
2015-01-13,5,2,3
2015-01-12,21,11,10
2015-01-12,25,12,13
2015-01-12,56,41,15
2015-01-12,58,35,23
2015-01-12,134,91,43
2015-01-12,336,218,118
2015-01-12,423,306,117
2015-01-12,224,131,93
2015-01-12,114,64,50
2015-01-12,82,0,82
2015-01-12,70,1,69
2015-01-12,52,0,52
2015-01-12,51,0,51
2015-01-12,76,0,76
2015-01-12,193,1,192
2015-01-12,367,0,367
2015-01-12,234,13,221
2015-01-12,105,37,68
2015-01-12,32,7,25
2015-01-12,2,0,2
2015-01-12,7,2,5
2015-01-12,1,0,1
2015-01-12,1,0,1
2015-01-12,6,2,4
2015-01-11,6,3,3
2015-01-11,10,6,4
2015-01-11,11,5,6
2015-01-11,18,11,7
2015-01-11,24,9,15
2015-01-11,37,21,16
2015-01-11,50,26,24
2015-01-11,72,41,31
2015-01-11,85,32,53
2015-01-11,92,38,54
2015-01-11,85,33,52
2015-01-11,82,36,46
2015-01-11,63,27,36
2015-01-11,51,22,29
2015-01-11,54,24,30
2015-01-11,31,11,20
2015-01-11,14,5,9
2015-01-11,7,5,2
2015-01-11,3,3,0
2015-01-11,2,0,2
2015-01-11,5,0,5
2015-01-11,4,1,3
2015-01-11,3,2,1
2015-01-11,1,1,0
2015-01-10,13,6,7
2015-01-10,18,11,7
2015-01-10,29,15,14
2015-01-10,28,18,10
2015-01-10,28,11,17
2015-01-10,30,12,18
2015-01-10,44,24,20
2015-01-10,63,32,31
2015-01-10,45,24,21
2015-01-10,76,29,47
2015-01-10,60,40,20
2015-01-10,82,43,39
2015-01-10,53,31,22
2015-01-10,51,14,37
2015-01-10,52,19,33
2015-01-10,51,27,24
2015-01-10,12,5,7
2015-01-10,16,11,5
2015-01-10,8,3,5
2015-01-10,0,0,0
2015-01-10,0,0,0
2015-01-10,5,5,0
2015-01-10,3,1,2
2015-01-10,4,1,3
2015-01-09,14,4,10
2015-01-09,35,13,22
2015-01-09,38,23,15
2015-01-09,46,28,18
2015-01-09,106,67,39
2015-01-09,264,173,91
2015-01-09,373,272,101
2015-01-09,223,126,97
2015-01-09,101,56,45
2015-01-09,83,33,50
2015-01-09,56,27,29
2015-01-09,59,28,31
2015-01-09,47,17,30
2015-01-09,93,27,66
2015-01-09,224,75,149
2015-01-09,345,83,262
2015-01-09,218,59,159
2015-01-09,87,29,58
2015-01-09,23,8,15
2015-01-09,9,2,7
2015-01-09,2,1,1
2015-01-09,1,1,0
2015-01-09,16,0,16
2015-01-09,27,12,15
2015-01-08,42,24,18
2015-01-08,41,20,21
2015-01-08,56,27,29
2015-01-08,67,43,24
2015-01-08,165,101,64
2015-01-08,320,215,105
2015-01-08,402,277,125
2015-01-08,182,110,72
2015-01-08,128,65,63
2015-01-08,75,16,59
2015-01-08,75,0,75
2015-01-08,63,0,63
2015-01-08,44,2,42
2015-01-08,73,0,73
2015-01-08,179,1,178
2015-01-08,341,0,341
2015-01-08,192,7,185
2015-01-08,112,34,78
2015-01-08,32,8,24
2015-01-08,7,1,6
2015-01-08,4,2,2
2015-01-08,2,0,2
2015-01-08,3,3,0
2015-01-08,5,3,2
2015-01-07,18,8,10
2015-01-07,30,15,15
2015-01-07,56,35,21
2015-01-07,74,50,24
2015-01-07,153,95,58
2015-01-07,374,244,130
2015-01-07,481,346,135
2015-01-07,188,100,88
2015-01-07,102,55,47
2015-01-07,73,2,71
2015-01-07,60,0,60
2015-01-07,61,1,60
2015-01-07,52,0,52
2015-01-07,73,0,73
2015-01-07,254,0,254
2015-01-07,376,0,376
2015-01-07,241,13,228
2015-01-07,106,30,76
2015-01-07,26,6,20
2015-01-07,4,1,3
2015-01-07,3,2,1
2015-01-07,6,0,6
2015-01-07,5,1,4
2015-01-07,9,4,5
2015-01-06,9,5,4
2015-01-06,27,15,12
2015-01-06,43,24,19
2015-01-06,64,41,23
2015-01-06,152,100,52
2015-01-06,354,245,109
2015-01-06,420,287,133
2015-01-06,228,137,91
2015-01-06,127,76,51
2015-01-06,62,0,62
2015-01-06,49,0,49
2015-01-06,64,0,64
2015-01-06,44,0,44
2015-01-06,106,1,105
2015-01-06,207,1,206
2015-01-06,368,0,368
2015-01-06,245,11,234
2015-01-06,102,30,72
2015-01-06,34,11,23
2015-01-06,5,3,2
2015-01-06,7,3,4
2015-01-06,1,0,1
2015-01-06,5,3,2
2015-01-06,2,1,1
2015-01-05,10,3,7
2015-01-05,11,4,7
2015-01-05,18,11,7
2015-01-05,44,27,17
2015-01-05,90,54,36
2015-01-05,250,179,71
2015-01-05,320,221,99
2015-01-05,138,75,63
2015-01-05,61,29,32
2015-01-05,33,2,31
2015-01-05,36,0,36
2015-01-05,28,1,27
2015-01-05,27,0,27
2015-01-05,51,0,51
2015-01-05,146,0,146
2015-01-05,257,1,256
2015-01-05,179,25,154
2015-01-05,82,34,48
2015-01-05,29,9,20
2015-01-05,4,1,3
2015-01-05,7,1,6
2015-01-05,0,0,0
2015-01-05,0,0,0
2015-01-05,2,1,1
2015-01-04,1,1,0
2015-01-04,8,5,3
2015-01-04,3,1,2
2015-01-04,6,4,2
2015-01-04,8,5,3
2015-01-04,25,11,14
2015-01-04,15,5,10
2015-01-04,28,19,9
2015-01-04,33,21,12
2015-01-04,27,14,13
2015-01-04,31,15,16
2015-01-04,33,16,17
2015-01-04,20,10,10
2015-01-04,28,10,18
2015-01-04,18,8,10
2015-01-04,18,8,10
2015-01-04,9,5,4
2015-01-04,4,3,1
2015-01-04,3,2,1
2015-01-04,1,0,1
2015-01-04,2,1,1
2015-01-04,4,3,1
2015-01-04,8,3,5
2015-01-04,6,4,2
2015-01-03,9,5,4
2015-01-03,12,10,2
2015-01-03,17,7,10
2015-01-03,10,6,4
2015-01-03,19,8,11
2015-01-03,38,16,22
2015-01-03,42,17,25
2015-01-03,80,38,42
2015-01-03,81,30,51
2015-01-03,91,36,55
2015-01-03,110,51,59
2015-01-03,71,30,41
2015-01-03,65,31,34
2015-01-03,43,17,26
2015-01-03,33,19,14
2015-01-03,36,18,18
2015-01-03,14,7,7
2015-01-03,12,5,7
2015-01-03,8,2,6
2015-01-03,4,1,3
2015-01-03,4,2,2
2015-01-03,1,1,0
2015-01-03,8,4,4
2015-01-03,9,4,5
2015-01-02,8,7,1
2015-01-02,11,4,7
2015-01-02,18,5,13
2015-01-02,24,16,8
2015-01-02,38,21,17
2015-01-02,76,55,21
2015-01-02,136,96,40
2015-01-02,130,78,52
2015-01-02,75,39,36
2015-01-02,51,33,18
2015-01-02,56,25,31
2015-01-02,58,33,25
2015-01-02,50,17,33
2015-01-02,67,23,44
2015-01-02,120,36,84
2015-01-02,135,42,93
2015-01-02,96,23,73
2015-01-02,36,10,26
2015-01-02,17,3,14
2015-01-02,2,1,1
2015-01-02,3,1,2
2015-01-02,0,0,0
2015-01-02,3,1,2
2015-01-02,4,2,2
2015-01-01,3,3,0
2015-01-01,5,4,1
2015-01-01,12,5,7
2015-01-01,13,8,5
2015-01-01,19,11,8
2015-01-01,21,11,10
2015-01-01,29,16,13
2015-01-01,78,34,44
2015-01-01,72,27,45
2015-01-01,119,53,66
2015-01-01,88,23,65
2015-01-01,58,25,33
2015-01-01,46,20,26
2015-01-01,30,7,23
2015-01-01,23,11,12
2015-01-01,8,3,5
2015-01-01,4,0,4
2015-01-01,4,0,4
2015-01-01,9,5,4
2015-01-01,5,3,2
2015-01-01,6,6,0
2015-01-01,19,14,5
2015-01-01,27,23,4
2015-01-01,13,9,4
2014-12-31,23,11,12
2014-12-31,19,9,10
2014-12-31,17,8,9
2014-12-31,20,8,12
2014-12-31,38,20,18
2014-12-31,61,35,26
2014-12-31,122,82,40
2014-12-31,133,75,58
2014-12-31,141,73,68
2014-12-31,102,55,47
2014-12-31,91,36,55
2014-12-31,58,26,32
2014-12-31,48,16,32
2014-12-31,46,17,29
2014-12-31,113,47,66
2014-12-31,149,43,106
2014-12-31,81,30,51
2014-12-31,36,15,21
2014-12-31,16,3,13
2014-12-31,4,2,2
2014-12-31,0,0,0
2014-12-31,3,1,2
2014-12-31,2,1,1
2014-12-31,8,5,3
2014-12-30,5,4,1
2014-12-30,14,6,8
2014-12-30,21,13,8
2014-12-30,24,16,8
2014-12-30,62,41,21
2014-12-30,155,109,46
2014-12-30,230,154,76
2014-12-30,122,78,44
2014-12-30,76,46,30
2014-12-30,80,35,45
2014-12-30,66,32,34
2014-12-30,39,16,23
2014-12-30,43,19,24
2014-12-30,60,26,34
2014-12-30,120,42,78
2014-12-30,194,52,142
2014-12-30,114,22,92
2014-12-30,46,16,30
2014-12-30,11,7,4
2014-12-30,2,1,1
2014-12-30,3,2,1
2014-12-30,1,1,0
2014-12-30,4,3,1
2014-12-30,8,3,5
2014-12-29,10,4,6
2014-12-29,14,8,6
2014-12-29,16,13,3
2014-12-29,38,21,17
2014-12-29,47,31,16
2014-12-29,160,108,52
2014-12-29,263,189,74
2014-12-29,134,76,58
2014-12-29,97,64,33
2014-12-29,63,28,35
2014-12-29,64,33,31
2014-12-29,57,28,29
2014-12-29,48,21,27
2014-12-29,57,23,34
2014-12-29,137,42,95
2014-12-29,205,57,148
2014-12-29,144,36,108
2014-12-29,54,23,31
2014-12-29,20,9,11
2014-12-29,7,2,5
2014-12-29,1,1,0
2014-12-29,1,0,1
2014-12-29,0,0,0
2014-12-29,4,3,1
2014-12-28,7,4,3
2014-12-28,12,9,3
2014-12-28,11,5,6
2014-12-28,11,7,4
2014-12-28,17,6,11
2014-12-28,24,11,13
2014-12-28,35,21,14
2014-12-28,36,18,18
2014-12-28,39,18,21
2014-12-28,43,16,27
2014-12-28,70,32,38
2014-12-28,73,35,38
2014-12-28,77,39,38
2014-12-28,75,21,54
2014-12-28,56,24,32
2014-12-28,26,7,19
2014-12-28,9,2,7
2014-12-28,5,5,0
2014-12-28,6,5,1
2014-12-28,2,0,2
2014-12-28,1,1,0
2014-12-28,0,0,0
2014-12-28,3,1,2
2014-12-28,6,5,1
2014-12-27,11,7,4
2014-12-27,9,7,2
2014-12-27,18,10,8
2014-12-27,16,6,10
2014-12-27,15,9,6
2014-12-27,21,12,9
2014-12-27,40,20,20
2014-12-27,31,19,12
2014-12-27,35,18,17
2014-12-27,52,16,36
2014-12-27,52,24,28
2014-12-27,74,40,34
2014-12-27,32,13,19
2014-12-27,40,12,28
2014-12-27,22,12,10
2014-12-27,29,17,12
2014-12-27,7,2,5
2014-12-27,19,8,11
2014-12-27,5,3,2
2014-12-27,0,0,0
2014-12-27,1,0,1
2014-12-27,2,0,2
2014-12-27,5,1,4
2014-12-27,7,6,1
2014-12-26,10,7,3
2014-12-26,15,9,6
2014-12-26,17,12,5
2014-12-26,8,6,2
2014-12-26,25,11,14
2014-12-26,49,37,12
2014-12-26,73,47,26
2014-12-26,102,55,47
2014-12-26,112,69,43
2014-12-26,105,58,47
2014-12-26,88,41,47
2014-12-26,73,35,38
2014-12-26,48,18,30
2014-12-26,51,20,31
2014-12-26,76,31,45
2014-12-26,52,20,32
2014-12-26,50,19,31
2014-12-26,21,11,10
2014-12-26,11,4,7
2014-12-26,1,1,0
2014-12-26,1,0,1
2014-12-26,1,0,1
2014-12-26,4,1,3
2014-12-26,6,2,4
2014-12-25,7,2,5
2014-12-25,11,6,5
2014-12-25,5,3,2
2014-12-25,8,6,2
2014-12-25,18,7,11
2014-12-25,13,9,4
2014-12-25,12,7,5
2014-12-25,26,15,11
2014-12-25,64,23,41
2014-12-25,74,38,36
2014-12-25,77,32,45
2014-12-25,34,10,24
2014-12-25,27,13,14
2014-12-25,31,8,23
2014-12-25,20,4,16
2014-12-25,7,5,2
2014-12-25,4,3,1
2014-12-25,4,2,2
2014-12-25,3,0,3
2014-12-25,1,1,0
2014-12-25,0,0,0
2014-12-25,1,1,0
2014-12-25,3,2,1
2014-12-25,1,1,0
2014-12-24,5,2,3
2014-12-24,7,2,5
2014-12-24,6,4,2
2014-12-24,8,5,3
2014-12-24,12,9,3
2014-12-24,16,10,6
2014-12-24,45,28,17
2014-12-24,72,40,32
2014-12-24,105,56,49
2014-12-24,70,44,26
2014-12-24,63,33,30
2014-12-24,59,30,29
2014-12-24,50,26,24
2014-12-24,44,14,30
2014-12-24,62,22,40
2014-12-24,77,26,51
2014-12-24,61,15,46
2014-12-24,27,8,19
2014-12-24,6,0,6
2014-12-24,2,0,2
2014-12-24,4,3,1
2014-12-24,1,0,1
2014-12-24,6,2,4
2014-12-24,5,4,1
2014-12-23,13,3,10
2014-12-23,12,6,6
2014-12-23,8,4,4
2014-12-23,24,21,3
2014-12-23,31,20,11
2014-12-23,106,67,39
2014-12-23,167,124,43
2014-12-23,109,72,37
2014-12-23,69,45,24
2014-12-23,53,30,23
2014-12-23,66,19,47
2014-12-23,63,28,35
2014-12-23,46,20,26
2014-12-23,72,36,36
2014-12-23,117,45,72
2014-12-23,193,50,143
2014-12-23,147,46,101
2014-12-23,53,13,40
2014-12-23,19,4,15
2014-12-23,4,1,3
2014-12-23,2,0,2
2014-12-23,5,1,4
2014-12-23,8,5,3
2014-12-23,13,10,3
2014-12-22,16,7,9
2014-12-22,28,12,16
2014-12-22,35,18,17
2014-12-22,39,21,18
2014-12-22,100,64,36
2014-12-22,219,160,59
2014-12-22,346,243,103
2014-12-22,182,126,56
2014-12-22,113,61,52
2014-12-22,104,46,58
2014-12-22,69,31,38
2014-12-22,49,20,29
2014-12-22,86,40,46
2014-12-22,81,34,47
2014-12-22,163,51,112
2014-12-22,299,88,211
2014-12-22,204,59,145
2014-12-22,76,29,47
2014-12-22,29,8,21
2014-12-22,3,0,3
2014-12-22,3,0,3
2014-12-22,3,1,2
2014-12-22,1,1,0
2014-12-22,8,4,4
2014-12-21,15,8,7
2014-12-21,25,16,9
2014-12-21,16,6,10
2014-12-21,11,3,8
2014-12-21,16,9,7
2014-12-21,31,13,18
2014-12-21,52,34,18
2014-12-21,54,31,23
2014-12-21,95,44,51
2014-12-21,71,21,50
2014-12-21,93,38,55
2014-12-21,79,40,39
2014-12-21,78,28,50
2014-12-21,58,27,31
2014-12-21,50,20,30
2014-12-21,29,11,18
2014-12-21,15,7,8
2014-12-21,9,7,2
2014-12-21,4,1,3
2014-12-21,4,1,3
2014-12-21,5,1,4
2014-12-21,12,10,2
2014-12-21,8,7,1
2014-12-21,14,7,7
2014-12-20,6,4,2
2014-12-20,7,5,2
2014-12-20,6,3,3
2014-12-20,17,6,11
2014-12-20,9,5,4
2014-12-20,25,11,14
2014-12-20,21,11,10
2014-12-20,37,14,23
2014-12-20,25,10,15
2014-12-20,31,13,18
2014-12-20,31,14,17
2014-12-20,29,17,12
2014-12-20,21,9,12
2014-12-20,31,15,16
2014-12-20,14,8,6
2014-12-20,29,11,18
2014-12-20,12,5,7
2014-12-20,12,7,5
2014-12-20,6,2,4
2014-12-20,1,0,1
2014-12-20,2,2,0
2014-12-20,6,1,5
2014-12-20,12,6,6
2014-12-20,14,9,5
2014-12-19,16,10,6
2014-12-19,21,10,11
2014-12-19,32,23,9
2014-12-19,48,25,23
2014-12-19,84,57,27
2014-12-19,167,104,63
2014-12-19,238,153,85
2014-12-19,178,117,61
2014-12-19,89,47,42
2014-12-19,66,38,28
2014-12-19,74,34,40
2014-12-19,70,32,38
2014-12-19,69,31,38
2014-12-19,70,20,50
2014-12-19,190,61,129
2014-12-19,223,79,144
2014-12-19,139,44,95
2014-12-19,66,20,46
2014-12-19,14,4,10
2014-12-19,4,0,4
2014-12-19,1,0,1
2014-12-19,1,0,1
2014-12-19,3,3,0
2014-12-19,7,5,2
2014-12-18,11,9,2
2014-12-18,17,12,5
2014-12-18,34,25,9
2014-12-18,49,38,11
2014-12-18,101,66,35
2014-12-18,238,175,63
2014-12-18,288,204,84
2014-12-18,137,88,49
2014-12-18,66,34,32
2014-12-18,44,5,39
2014-12-18,50,0,50
2014-12-18,41,3,38
2014-12-18,39,0,39
2014-12-18,76,0,76
2014-12-18,143,0,143
2014-12-18,308,3,305
2014-12-18,176,11,165
2014-12-18,78,20,58
2014-12-18,23,5,18
2014-12-18,4,2,2
2014-12-18,2,2,0
2014-12-18,3,1,2
2014-12-18,4,2,2
2014-12-18,9,7,2
2014-12-17,25,19,6
2014-12-17,22,13,9
2014-12-17,32,15,17
2014-12-17,61,43,18
2014-12-17,122,78,44
2014-12-17,289,211,78
2014-12-17,319,226,93
2014-12-17,146,92,54
2014-12-17,80,44,36
2014-12-17,51,7,44
2014-12-17,36,0,36
2014-12-17,33,2,31
2014-12-17,38,38,0
2014-12-17,59,58,1
2014-12-17,135,135,0
2014-12-17,246,240,6
2014-12-17,168,143,25
2014-12-17,71,17,54
2014-12-17,23,3,20
2014-12-17,5,1,4
2014-12-17,3,1,2
2014-12-17,3,1,2
2014-12-17,5,2,3
2014-12-17,7,3,4
2014-12-16,19,15,4
2014-12-16,23,15,8
2014-12-16,30,20,10
2014-12-16,62,39,23
2014-12-16,127,78,49
2014-12-16,329,230,99
2014-12-16,365,259,106
2014-12-16,183,111,72
2014-12-16,111,60,51
2014-12-16,67,62,5
2014-12-16,50,50,0
2014-12-16,62,2,60
2014-12-16,63,0,63
2014-12-16,64,0,64
2014-12-16,170,1,169
2014-12-16,319,0,319
2014-12-16,235,15,220
2014-12-16,93,28,65
2014-12-16,24,3,21
2014-12-16,4,0,4
2014-12-16,7,4,3
2014-12-16,3,2,1
2014-12-16,4,3,1
2014-12-16,10,7,3
2014-12-15,15,8,7
2014-12-15,23,14,9
2014-12-15,49,28,21
2014-12-15,59,44,15
2014-12-15,125,82,43
2014-12-15,310,235,75
2014-12-15,392,278,114
2014-12-15,200,123,77
2014-12-15,119,65,54
2014-12-15,61,59,2
2014-12-15,56,56,0
2014-12-15,44,43,1
2014-12-15,56,54,2
2014-12-15,53,53,0
2014-12-15,155,155,0
2014-12-15,242,242,0
2014-12-15,177,151,26
2014-12-15,99,33,66
2014-12-15,35,7,28
2014-12-15,2,0,2
2014-12-15,4,1,3
2014-12-15,1,0,1
2014-12-15,2,2,0
2014-12-15,4,2,2
2014-12-14,9,6,3
2014-12-14,11,3,8
2014-12-14,20,12,8
2014-12-14,24,15,9
2014-12-14,37,22,15
2014-12-14,43,22,21
2014-12-14,60,31,29
2014-12-14,107,49,58
2014-12-14,108,53,55
2014-12-14,134,48,86
2014-12-14,158,85,73
2014-12-14,125,41,84
2014-12-14,109,43,66
2014-12-14,92,34,58
2014-12-14,83,35,48
2014-12-14,47,22,25
2014-12-14,11,3,8
2014-12-14,10,8,2
2014-12-14,3,1,2
2014-12-14,3,1,2
2014-12-14,3,2,1
2014-12-14,6,5,1
2014-12-14,13,4,9
2014-12-14,16,10,6
2014-12-13,23,14,9
2014-12-13,16,7,9
2014-12-13,28,22,6
2014-12-13,20,13,7
2014-12-13,22,14,8
2014-12-13,43,19,24
2014-12-13,45,13,32
2014-12-13,97,51,46
2014-12-13,165,72,93
2014-12-13,146,70,76
2014-12-13,104,46,58
2014-12-13,110,41,69
2014-12-13,108,43,65
2014-12-13,85,34,51
2014-12-13,60,33,27
2014-12-13,50,28,22
2014-12-13,24,12,12
2014-12-13,16,7,9
2014-12-13,6,1,5
2014-12-13,2,2,0
2014-12-13,6,4,2
2014-12-13,9,3,6
2014-12-13,5,2,3
2014-12-13,13,11,2
2014-12-12,26,20,6
2014-12-12,27,12,15
2014-12-12,41,18,23
2014-12-12,71,45,26
2014-12-12,94,68,26
2014-12-12,223,148,75
2014-12-12,365,269,96
2014-12-12,200,127,73
2014-12-12,117,66,51
2014-12-12,91,41,50
2014-12-12,74,39,35
2014-12-12,60,31,29
2014-12-12,75,24,51
2014-12-12,66,0,66
2014-12-12,155,7,148
2014-12-12,319,98,221
2014-12-12,189,63,126
2014-12-12,74,30,44
2014-12-12,18,5,13
2014-12-12,4,1,3
2014-12-12,2,1,1
2014-12-12,3,3,0
2014-12-12,3,1,2
2014-12-12,4,3,1
2014-12-11,15,12,3
2014-12-11,22,11,11
2014-12-11,38,26,12
2014-12-11,29,20,9
2014-12-11,92,58,34
2014-12-11,208,150,58
2014-12-11,263,193,70
2014-12-11,146,82,64
2014-12-11,76,43,33
2014-12-11,42,22,20
2014-12-11,35,33,2
2014-12-11,18,18,0
2014-12-11,33,33,0
2014-12-11,55,55,0
2014-12-11,110,110,0
2014-12-11,194,194,0
2014-12-11,141,104,37
2014-12-11,64,17,47
2014-12-11,21,7,14
2014-12-11,4,1,3
2014-12-11,1,1,0
2014-12-11,4,2,2
2014-12-11,3,2,1
2014-12-11,7,5,2
2014-12-10,21,15,6
2014-12-10,18,9,9
2014-12-10,40,24,16
2014-12-10,67,42,25
2014-12-10,100,71,29
2014-12-10,241,174,67
2014-12-10,297,192,105
2014-12-10,136,93,43
2014-12-10,59,28,31
2014-12-10,31,13,18
2014-12-10,37,8,29
2014-12-10,37,0,37
2014-12-10,34,0,34
2014-12-10,75,0,75
2014-12-10,155,0,155
2014-12-10,298,0,298
2014-12-10,199,42,157
2014-12-10,80,28,52
2014-12-10,15,3,12
2014-12-10,2,1,1
2014-12-10,2,1,1
2014-12-10,3,0,3
2014-12-10,5,3,2
2014-12-10,5,2,3
2014-12-09,11,8,3
2014-12-09,21,13,8
2014-12-09,33,22,11
2014-12-09,58,35,23
2014-12-09,113,72,41
2014-12-09,280,185,95
2014-12-09,327,224,103
2014-12-09,182,95,87
2014-12-09,88,44,44
2014-12-09,51,0,51
2014-12-09,35,0,35
2014-12-09,28,0,28
2014-12-09,43,0,43
2014-12-09,48,0,48
2014-12-09,120,5,115
2014-12-09,327,110,217
2014-12-09,227,71,156
2014-12-09,85,26,59
2014-12-09,28,6,22
2014-12-09,1,0,1
2014-12-09,5,3,2
2014-12-09,2,0,2
2014-12-09,3,0,3
2014-12-09,3,0,3
2014-12-08,7,6,1
2014-12-08,16,12,4
2014-12-08,19,13,6
2014-12-08,43,27,16
2014-12-08,86,51,35
2014-12-08,303,219,84
2014-12-08,380,268,112
2014-12-08,161,96,65
2014-12-08,78,40,38
2014-12-08,66,55,11
2014-12-08,49,47,2
2014-12-08,44,41,3
2014-12-08,56,55,1
2014-12-08,65,65,0
2014-12-08,193,168,25
2014-12-08,390,115,275
2014-12-08,285,58,227
2014-12-08,102,38,64
2014-12-08,33,11,22
2014-12-08,2,0,2
2014-12-08,2,2,0
2014-12-08,3,0,3
2014-12-08,2,1,1
2014-12-08,4,2,2
2014-12-07,16,7,9
2014-12-07,17,8,9
2014-12-07,15,13,2
2014-12-07,21,11,10
2014-12-07,31,17,14
2014-12-07,42,26,16
2014-12-07,68,27,41
2014-12-07,90,51,39
2014-12-07,125,61,64
2014-12-07,101,36,65
2014-12-07,118,54,64
2014-12-07,130,75,55
2014-12-07,105,44,61
2014-12-07,135,62,73
2014-12-07,70,29,41
2014-12-07,57,21,36
2014-12-07,10,3,7
2014-12-07,6,4,2
2014-12-07,6,3,3
2014-12-07,2,1,1
2014-12-07,6,2,4
2014-12-07,6,6,0
2014-12-07,9,3,6
2014-12-07,8,2,6
2014-12-06,22,11,11
2014-12-06,14,8,6
2014-12-06,16,13,3
2014-12-06,27,13,14
2014-12-06,24,10,14
2014-12-06,34,19,15
2014-12-06,56,22,34
2014-12-06,71,42,29
2014-12-06,86,43,43
2014-12-06,81,30,51
2014-12-06,73,32,41
2014-12-06,77,31,46
2014-12-06,58,26,32
2014-12-06,63,29,34
2014-12-06,75,36,39
2014-12-06,44,15,29
2014-12-06,22,9,13
2014-12-06,13,9,4
2014-12-06,6,1,5
2014-12-06,4,2,2
2014-12-06,0,0,0
2014-12-06,8,4,4
2014-12-06,11,8,3
2014-12-06,17,11,6
2014-12-05,17,12,5
2014-12-05,39,20,19
2014-12-05,28,20,8
2014-12-05,41,26,15
2014-12-05,104,63,41
2014-12-05,210,153,57
2014-12-05,274,193,81
2014-12-05,152,88,64
2014-12-05,77,39,38
2014-12-05,53,26,27
2014-12-05,49,29,20
2014-12-05,40,14,26
2014-12-05,54,25,29
2014-12-05,61,28,33
2014-12-05,177,60,117
2014-12-05,280,106,174
2014-12-05,163,46,117
2014-12-05,70,25,45
2014-12-05,21,4,17
2014-12-05,3,0,3
2014-12-05,4,1,3
2014-12-05,1,0,1
2014-12-05,2,0,2
2014-12-05,8,6,2
2014-12-04,11,8,3
2014-12-04,19,13,6
2014-12-04,44,31,13
2014-12-04,60,43,17
2014-12-04,120,79,41
2014-12-04,239,172,67
2014-12-04,300,205,95
2014-12-04,137,77,60
2014-12-04,72,43,29
2014-12-04,51,51,0
2014-12-04,44,44,0
2014-12-04,33,33,0
2014-12-04,35,35,0
2014-12-04,63,50,13
2014-12-04,192,56,136
2014-12-04,339,105,234
2014-12-04,212,62,150
2014-12-04,80,22,58
2014-12-04,23,4,19
2014-12-04,3,3,0
2014-12-04,3,2,1
2014-12-04,3,0,3
2014-12-04,3,1,2
2014-12-04,10,6,4
2014-12-03,19,12,7
2014-12-03,25,14,11
2014-12-03,49,23,26
2014-12-03,68,47,21
2014-12-03,123,80,43
2014-12-03,280,196,84
2014-12-03,349,230,119
2014-12-03,147,81,66
2014-12-03,81,59,22
2014-12-03,69,67,2
2014-12-03,37,37,0
2014-12-03,54,54,0
2014-12-03,46,46,0
2014-12-03,70,61,9
2014-12-03,209,69,140
2014-12-03,346,110,236
2014-12-03,223,61,162
2014-12-03,61,21,40
2014-12-03,23,2,21
2014-12-03,3,0,3
2014-12-03,3,1,2
2014-12-03,2,0,2
2014-12-03,3,1,2
2014-12-03,4,3,1
2014-12-02,12,9,3
2014-12-02,19,7,12
2014-12-02,39,18,21
2014-12-02,58,36,22
2014-12-02,113,74,39
2014-12-02,262,182,80
2014-12-02,304,213,91
2014-12-02,163,90,73
2014-12-02,80,49,31
2014-12-02,58,55,3
2014-12-02,45,45,0
2014-12-02,58,58,0
2014-12-02,29,29,0
2014-12-02,63,16,47
2014-12-02,162,13,149
2014-12-02,340,108,232
2014-12-02,207,58,149
2014-12-02,83,28,55
2014-12-02,26,6,20
2014-12-02,2,1,1
2014-12-02,6,3,3
2014-12-02,1,0,1
2014-12-02,5,3,2
2014-12-02,4,1,3
2014-12-01,16,13,3
2014-12-01,15,8,7
2014-12-01,25,16,9
2014-12-01,49,26,23
2014-12-01,90,55,35
2014-12-01,217,148,69
2014-12-01,278,195,83
2014-12-01,110,66,44
2014-12-01,64,38,26
2014-12-01,52,26,26
2014-12-01,39,26,13
2014-12-01,36,17,19
2014-12-01,47,23,24
2014-12-01,60,23,37
2014-12-01,160,50,110
2014-12-01,287,74,213
2014-12-01,176,32,144
2014-12-01,53,21,32
2014-12-01,24,4,20
2014-12-01,1,1,0
2014-12-01,2,1,1
2014-12-01,3,1,2
2014-12-01,0,0,0
2014-12-01,5,1,4
2014-11-30,7,5,2
2014-11-30,13,8,5
2014-11-30,16,13,3
2014-11-30,11,8,3
2014-11-30,10,5,5
2014-11-30,24,13,11
2014-11-30,35,17,18
2014-11-30,52,25,27
2014-11-30,40,19,21
2014-11-30,61,24,37
2014-11-30,54,25,29
2014-11-30,38,21,17
2014-11-30,28,10,18
2014-11-30,28,18,10
2014-11-30,27,12,15
2014-11-30,24,12,12
2014-11-30,5,2,3
2014-11-30,3,1,2
2014-11-30,3,2,1
2014-11-30,2,1,1
2014-11-30,1,0,1
2014-11-30,4,3,1
2014-11-30,1,1,0
2014-11-30,6,5,1
2014-11-29,4,3,1
2014-11-29,9,5,4
2014-11-29,8,5,3
2014-11-29,16,11,5
2014-11-29,14,11,3
2014-11-29,14,6,8
2014-11-29,23,11,12
2014-11-29,24,14,10
2014-11-29,26,15,11
2014-11-29,29,15,14
2014-11-29,29,10,19
2014-11-29,26,16,10
2014-11-29,18,8,10
2014-11-29,20,9,11
2014-11-29,33,8,25
2014-11-29,19,13,6
2014-11-29,8,4,4
2014-11-29,7,4,3
2014-11-29,5,2,3
2014-11-29,1,1,0
2014-11-29,1,0,1
2014-11-29,4,2,2
2014-11-29,2,0,2
2014-11-29,5,3,2
2014-11-28,11,7,4
2014-11-28,9,6,3
2014-11-28,6,3,3
2014-11-28,14,10,4
2014-11-28,17,10,7
2014-11-28,15,8,7
2014-11-28,20,10,10
2014-11-28,25,16,9
2014-11-28,16,11,5
2014-11-28,25,12,13
2014-11-28,19,7,12
2014-11-28,15,3,12
2014-11-28,9,6,3
2014-11-28,12,6,6
2014-11-28,19,7,12
2014-11-28,26,7,19
2014-11-28,17,5,12
2014-11-28,13,7,6
2014-11-28,8,3,5
2014-11-28,13,4,9
2014-11-28,5,4,1
2014-11-28,2,0,2
2014-11-28,0,0,0
2014-11-28,8,1,7
2014-11-27,15,11,4
2014-11-27,9,4,5
2014-11-27,19,10,9
2014-11-27,13,4,9
2014-11-27,5,2,3
2014-11-27,4,4,0
2014-11-27,11,10,1
2014-11-27,17,7,10
2014-11-27,30,13,17
2014-11-27,23,8,15
2014-11-27,59,16,43
2014-11-27,61,25,36
2014-11-27,73,28,45
2014-11-27,48,18,30
2014-11-27,40,21,19
2014-11-27,30,10,20
2014-11-27,9,3,6
2014-11-27,14,2,12
2014-11-27,2,1,1
2014-11-27,1,0,1
2014-11-27,2,0,2
2014-11-27,2,1,1
2014-11-27,3,1,2
2014-11-27,10,6,4
2014-11-26,21,11,10
2014-11-26,15,10,5
2014-11-26,25,11,14
2014-11-26,58,37,21
2014-11-26,59,33,26
2014-11-26,160,97,63
2014-11-26,245,153,92
2014-11-26,230,141,89
2014-11-26,184,113,71
2014-11-26,117,59,58
2014-11-26,120,61,59
2014-11-26,87,36,51
2014-11-26,65,25,40
2014-11-26,91,29,62
2014-11-26,193,80,113
2014-11-26,292,101,191
2014-11-26,179,49,130
2014-11-26,57,20,37
2014-11-26,25,3,22
2014-11-26,2,0,2
2014-11-26,1,1,0
2014-11-26,0,0,0
2014-11-26,3,1,2
2014-11-26,10,6,4
2014-11-25,17,11,6
2014-11-25,19,9,10
2014-11-25,27,15,12
2014-11-25,50,28,22
2014-11-25,116,74,42
2014-11-25,239,169,70
2014-11-25,283,200,83
2014-11-25,145,83,62
2014-11-25,57,38,19
2014-11-25,60,34,26
2014-11-25,47,20,27
2014-11-25,30,0,30
2014-11-25,34,1,33
2014-11-25,69,1,68
2014-11-25,153,19,134
2014-11-25,290,90,200
2014-11-25,195,43,152
2014-11-25,74,24,50
2014-11-25,22,7,15
2014-11-25,8,2,6
2014-11-25,2,1,1
2014-11-25,5,1,4
2014-11-25,1,1,0
2014-11-25,8,2,6
2014-11-24,13,8,5
2014-11-24,26,12,14
2014-11-24,40,23,17
2014-11-24,56,37,19
2014-11-24,117,77,40
2014-11-24,287,218,69
2014-11-24,390,273,117
2014-11-24,177,101,76
2014-11-24,78,42,36
2014-11-24,49,4,45
2014-11-24,47,0,47
2014-11-24,39,0,39
2014-11-24,49,0,49
2014-11-24,73,1,72
2014-11-24,173,18,155
2014-11-24,407,129,278
2014-11-24,260,64,196
2014-11-24,95,29,66
2014-11-24,26,9,17
2014-11-24,8,2,6
2014-11-24,2,0,2
2014-11-24,2,1,1
2014-11-24,2,1,1
2014-11-24,2,2,0
2014-11-23,9,2,7
2014-11-23,12,7,5
2014-11-23,10,7,3
2014-11-23,23,13,10
2014-11-23,26,12,14
2014-11-23,35,21,14
2014-11-23,58,29,29
2014-11-23,81,39,42
2014-11-23,96,43,53
2014-11-23,95,45,50
2014-11-23,80,37,43
2014-11-23,63,23,40
2014-11-23,60,25,35
2014-11-23,31,13,18
2014-11-23,39,10,29
2014-11-23,20,14,6
2014-11-23,8,3,5
2014-11-23,6,2,4
2014-11-23,3,2,1
2014-11-23,3,1,2
2014-11-23,3,1,2
2014-11-23,8,1,7
2014-11-23,6,3,3
2014-11-23,12,9,3
2014-11-22,16,6,10
2014-11-22,21,10,11
2014-11-22,21,14,7
2014-11-22,23,11,12
2014-11-22,34,14,20
2014-11-22,60,37,23
2014-11-22,62,29,33
2014-11-22,97,48,49
2014-11-22,116,50,66
2014-11-22,97,48,49
2014-11-22,84,40,44
2014-11-22,76,31,45
2014-11-22,94,35,59
2014-11-22,85,47,38
2014-11-22,64,31,33
2014-11-22,44,17,27
2014-11-22,18,8,10
2014-11-22,11,8,3
2014-11-22,7,3,4
2014-11-22,2,2,0
2014-11-22,2,2,0
2014-11-22,5,2,3
2014-11-22,8,6,2
2014-11-22,7,5,2
2014-11-21,13,5,8
2014-11-21,25,9,16
2014-11-21,32,18,14
2014-11-21,34,27,7
2014-11-21,76,49,27
2014-11-21,181,123,58
2014-11-21,273,186,87
2014-11-21,128,81,47
2014-11-21,39,25,14
2014-11-21,35,19,16
2014-11-21,33,17,16
2014-11-21,28,16,12
2014-11-21,35,13,22
2014-11-21,66,30,36
2014-11-21,166,54,112
2014-11-21,267,90,177
2014-11-21,196,57,139
2014-11-21,78,26,52
2014-11-21,26,2,24
2014-11-21,7,1,6
2014-11-21,2,1,1
2014-11-21,8,4,4
2014-11-21,0,0,0
2014-11-21,10,6,4
2014-11-20,26,16,10
2014-11-20,37,21,16
2014-11-20,44,31,13
2014-11-20,125,96,29
2014-11-20,145,99,46
2014-11-20,295,208,87
2014-11-20,386,261,125
2014-11-20,179,109,70
2014-11-20,111,60,51
2014-11-20,71,57,14
2014-11-20,48,47,1
2014-11-20,47,44,3
2014-11-20,54,53,1
2014-11-20,101,93,8
2014-11-20,238,81,157
2014-11-20,415,128,287
2014-11-20,253,64,189
2014-11-20,102,32,70
2014-11-20,24,7,17
2014-11-20,4,2,2
2014-11-20,1,0,1
2014-11-20,2,1,1
2014-11-20,2,0,2
2014-11-20,15,7,8
2014-11-19,16,10,6
2014-11-19,29,17,12
2014-11-19,64,36,28
2014-11-19,82,56,26
2014-11-19,155,106,49
2014-11-19,348,244,104
2014-11-19,429,293,136
2014-11-19,201,108,93
2014-11-19,99,54,45
2014-11-19,86,81,5
2014-11-19,56,56,0
2014-11-19,49,49,0
2014-11-19,52,52,0
2014-11-19,82,69,13
2014-11-19,229,83,146
2014-11-19,432,139,293
2014-11-19,292,79,213
2014-11-19,83,29,54
2014-11-19,33,9,24
2014-11-19,5,3,2
2014-11-19,1,0,1
2014-11-19,2,0,2
2014-11-19,5,0,5
2014-11-19,5,2,3
2014-11-18,23,14,9
2014-11-18,26,19,7
2014-11-18,54,35,19
2014-11-18,64,45,19
2014-11-18,151,99,52
2014-11-18,368,266,102
2014-11-18,422,293,129
2014-11-18,218,134,84
2014-11-18,120,73,47
2014-11-18,66,64,2
2014-11-18,63,63,0
2014-11-18,56,44,12
2014-11-18,57,5,52
2014-11-18,82,9,73
2014-11-18,211,29,182
2014-11-18,419,121,298
2014-11-18,294,79,215
2014-11-18,95,25,70
2014-11-18,26,8,18
2014-11-18,7,1,6
2014-11-18,1,0,1
2014-11-18,4,2,2
2014-11-18,2,0,2
2014-11-18,4,1,3
2014-11-17,13,10,3
2014-11-17,31,17,14
2014-11-17,34,22,12
2014-11-17,53,36,17
2014-11-17,130,90,40
2014-11-17,333,238,95
2014-11-17,430,301,129
2014-11-17,211,125,86
2014-11-17,93,47,46
2014-11-17,70,4,66
2014-11-17,66,4,62
2014-11-17,60,7,53
2014-11-17,50,3,47
2014-11-17,85,9,76
2014-11-17,206,26,180
2014-11-17,423,122,301
2014-11-17,274,61,213
2014-11-17,89,35,54
2014-11-17,29,11,18
2014-11-17,6,1,5
2014-11-17,2,0,2
2014-11-17,1,0,1
2014-11-17,3,2,1
2014-11-17,6,3,3
2014-11-16,9,5,4
2014-11-16,11,6,5
2014-11-16,8,6,2
2014-11-16,18,11,7
2014-11-16,14,10,4
2014-11-16,44,29,15
2014-11-16,57,27,30
2014-11-16,94,39,55
2014-11-16,127,57,70
2014-11-16,116,46,70
2014-11-16,150,72,78
2014-11-16,97,47,50
2014-11-16,71,30,41
2014-11-16,52,25,27
2014-11-16,67,25,42
2014-11-16,28,17,11
2014-11-16,11,4,7
2014-11-16,8,6,2
2014-11-16,1,1,0
2014-11-16,4,2,2
2014-11-16,0,0,0
2014-11-16,3,0,3
2014-11-16,3,1,2
2014-11-16,11,8,3
2014-11-15,16,8,8
2014-11-15,15,7,8
2014-11-15,14,8,6
2014-11-15,14,10,4
2014-11-15,18,15,3
2014-11-15,59,32,27
2014-11-15,69,35,34
2014-11-15,112,36,76
2014-11-15,114,55,59
2014-11-15,115,54,61
2014-11-15,119,53,66
2014-11-15,96,41,55
2014-11-15,71,32,39
2014-11-15,79,26,53
2014-11-15,57,23,34
2014-11-15,49,23,26
2014-11-15,15,6,9
2014-11-15,19,11,8
2014-11-15,2,1,1
2014-11-15,1,0,1
2014-11-15,1,1,0
2014-11-15,9,5,4
2014-11-15,9,5,4
2014-11-15,10,6,4
2014-11-14,25,15,10
2014-11-14,27,19,8
2014-11-14,30,22,8
2014-11-14,49,35,14
2014-11-14,83,48,35
2014-11-14,221,155,66
2014-11-14,351,247,104
2014-11-14,200,122,78
2014-11-14,100,63,37
2014-11-14,51,4,47
2014-11-14,33,7,26
2014-11-14,27,3,24
2014-11-14,27,3,24
2014-11-14,93,2,91
2014-11-14,204,26,178
2014-11-14,319,96,223
2014-11-14,202,51,151
2014-11-14,80,32,48
2014-11-14,27,10,17
2014-11-14,5,0,5
2014-11-14,3,2,1
2014-11-14,3,1,2
2014-11-14,5,2,3
2014-11-14,12,6,6
2014-11-13,20,11,9
2014-11-13,26,17,9
2014-11-13,47,34,13
2014-11-13,57,36,21
2014-11-13,143,84,59
2014-11-13,268,178,90
2014-11-13,357,228,129
2014-11-13,198,127,71
2014-11-13,104,61,43
2014-11-13,94,76,18
2014-11-13,64,49,15
2014-11-13,64,54,10
2014-11-13,53,44,9
2014-11-13,108,80,28
2014-11-13,223,74,149
2014-11-13,388,107,281
2014-11-13,267,72,195
2014-11-13,82,23,59
2014-11-13,30,7,23
2014-11-13,6,2,4
2014-11-13,3,1,2
2014-11-13,3,2,1
2014-11-13,3,1,2
2014-11-13,8,4,4
2014-11-12,19,13,6
2014-11-12,29,16,13
2014-11-12,43,29,14
2014-11-12,70,38,32
2014-11-12,136,88,48
2014-11-12,327,221,106
2014-11-12,397,271,126
2014-11-12,204,113,91
2014-11-12,96,50,46
2014-11-12,95,76,19
2014-11-12,71,60,11
2014-11-12,68,58,10
2014-11-12,66,54,12
2014-11-12,104,75,29
2014-11-12,224,78,146
2014-11-12,403,132,271
2014-11-12,250,70,180
2014-11-12,91,25,66
2014-11-12,24,6,18
2014-11-12,7,1,6
2014-11-12,2,0,2
2014-11-12,3,2,1
2014-11-12,6,4,2
2014-11-12,7,4,3
2014-11-11,14,8,6
2014-11-11,28,18,10
2014-11-11,42,28,14
2014-11-11,60,42,18
2014-11-11,121,76,45
2014-11-11,296,210,86
2014-11-11,370,242,128
2014-11-11,217,133,84
2014-11-11,117,68,49
2014-11-11,130,110,20
2014-11-11,92,68,24
2014-11-11,120,105,15
2014-11-11,93,76,17
2014-11-11,114,80,34
2014-11-11,209,82,127
2014-11-11,354,106,248
2014-11-11,266,65,201
2014-11-11,87,26,61
2014-11-11,22,5,17
2014-11-11,5,1,4
2014-11-11,3,1,2
2014-11-11,10,9,1
2014-11-11,5,2,3
2014-11-11,16,12,4
2014-11-10,17,8,9
2014-11-10,49,33,16
2014-11-10,53,41,12
2014-11-10,62,36,26
2014-11-10,130,77,53
2014-11-10,328,232,96
2014-11-10,482,328,154
2014-11-10,275,177,98
2014-11-10,122,79,43
2014-11-10,111,82,29
2014-11-10,112,95,17
2014-11-10,80,65,15
2014-11-10,95,81,14
2014-11-10,126,87,39
2014-11-10,250,95,155
2014-11-10,477,141,336
2014-11-10,320,70,250
2014-11-10,108,36,72
2014-11-10,32,12,20
2014-11-10,6,1,5
2014-11-10,3,0,3
2014-11-10,5,4,1
2014-11-10,4,0,4
2014-11-10,7,1,6
2014-11-09,11,5,6
2014-11-09,11,3,8
2014-11-09,9,3,6
2014-11-09,15,8,7
2014-11-09,25,16,9
2014-11-09,32,10,22
2014-11-09,42,19,23
2014-11-09,51,24,27
2014-11-09,57,19,38
2014-11-09,72,21,51
2014-11-09,77,25,52
2014-11-09,73,28,45
2014-11-09,64,24,40
2014-11-09,60,30,30
2014-11-09,55,21,34
2014-11-09,29,15,14
2014-11-09,12,3,9
2014-11-09,10,5,5
2014-11-09,6,4,2
2014-11-09,3,2,1
2014-11-09,4,1,3
2014-11-09,6,3,3
2014-11-09,6,2,4
2014-11-09,22,17,5
2014-11-08,27,19,8
2014-11-08,28,19,9
2014-11-08,25,17,8
2014-11-08,48,43,5
2014-11-08,35,20,15
2014-11-08,57,39,18
2014-11-08,95,55,40
2014-11-08,129,78,51
2014-11-08,153,84,69
2014-11-08,247,187,60
2014-11-08,238,177,61
2014-11-08,183,128,55
2014-11-08,174,114,60
2014-11-08,126,78,48
2014-11-08,110,71,39
2014-11-08,81,58,23
2014-11-08,41,29,12
2014-11-08,13,8,5
2014-11-08,6,4,2
2014-11-08,3,0,3
2014-11-08,7,5,2
2014-11-08,6,3,3
2014-11-08,8,3,5
2014-11-08,14,7,7
2014-11-07,26,10,16
2014-11-07,28,18,10
2014-11-07,33,17,16
2014-11-07,60,43,17
2014-11-07,118,81,37
2014-11-07,278,197,81
2014-11-07,460,329,131
2014-11-07,273,173,100
2014-11-07,135,88,47
2014-11-07,146,127,19
2014-11-07,124,110,14
2014-11-07,96,83,13
2014-11-07,90,77,13
2014-11-07,149,120,29
2014-11-07,247,87,160
2014-11-07,381,145,236
2014-11-07,278,66,212
2014-11-07,93,33,60
2014-11-07,32,6,26
2014-11-07,6,3,3
2014-11-07,3,1,2
2014-11-07,4,2,2
2014-11-07,5,2,3
2014-11-07,13,8,5
2014-11-06,27,16,11
2014-11-06,21,15,6
2014-11-06,36,28,8
2014-11-06,49,27,22
2014-11-06,136,85,51
2014-11-06,235,162,73
2014-11-06,346,234,112
2014-11-06,162,97,65
2014-11-06,97,44,53
2014-11-06,55,23,32
2014-11-06,49,26,23
2014-11-06,55,27,28
2014-11-06,54,25,29
2014-11-06,80,27,53
2014-11-06,161,55,106
2014-11-06,276,82,194
2014-11-06,261,78,183
2014-11-06,87,24,63
2014-11-06,31,9,22
2014-11-06,5,1,4
2014-11-06,4,1,3
2014-11-06,3,1,2
2014-11-06,6,1,5
2014-11-06,12,7,5
2014-11-05,19,10,9
2014-11-05,26,14,12
2014-11-05,34,24,10
2014-11-05,70,42,28
2014-11-05,144,87,57
2014-11-05,317,213,104
2014-11-05,404,279,125
2014-11-05,196,115,81
2014-11-05,101,64,37
2014-11-05,69,61,8
2014-11-05,67,67,0
2014-11-05,65,65,0
2014-11-05,69,68,1
2014-11-05,85,73,12
2014-11-05,211,99,112
2014-11-05,396,135,261
2014-11-05,319,77,242
2014-11-05,128,44,84
2014-11-05,32,6,26
2014-11-05,2,1,1
2014-11-05,9,3,6
2014-11-05,3,2,1
2014-11-05,2,1,1
2014-11-05,4,3,1
2014-11-04,25,12,13
2014-11-04,32,16,16
2014-11-04,53,34,19
2014-11-04,61,33,28
2014-11-04,160,100,60
2014-11-04,328,208,120
2014-11-04,450,296,154
2014-11-04,189,116,73
2014-11-04,92,58,34
2014-11-04,57,28,29
2014-11-04,60,27,33
2014-11-04,66,39,27
2014-11-04,53,24,29
2014-11-04,66,30,36
2014-11-04,208,80,128
2014-11-04,444,133,311
2014-11-04,294,86,208
2014-11-04,94,26,68
2014-11-04,32,6,26
2014-11-04,10,7,3
2014-11-04,4,1,3
2014-11-04,1,1,0
2014-11-04,4,1,3
2014-11-04,7,3,4
2014-11-03,12,5,7
2014-11-03,20,12,8
2014-11-03,26,21,5
2014-11-03,51,41,10
2014-11-03,115,75,40
2014-11-03,292,202,90
2014-11-03,426,285,141
2014-11-03,156,89,67
2014-11-03,78,42,36
2014-11-03,64,24,40
2014-11-03,43,22,21
2014-11-03,47,32,15
2014-11-03,42,17,25
2014-11-03,63,24,39
2014-11-03,160,51,109
2014-11-03,409,128,281
2014-11-03,328,94,234
2014-11-03,117,37,80
2014-11-03,36,12,24
2014-11-03,8,3,5
2014-11-03,0,0,0
2014-11-03,2,1,1
2014-11-03,6,1,5
2014-11-03,2,1,1
2014-11-02,14,8,6
2014-11-02,18,13,5
2014-11-02,8,4,4
2014-11-02,22,12,10
2014-11-02,18,10,8
2014-11-02,38,14,24
2014-11-02,50,34,16
2014-11-02,49,24,25
2014-11-02,40,15,25
2014-11-02,69,29,40
2014-11-02,121,58,63
2014-11-02,143,54,89
2014-11-02,136,54,82
2014-11-02,106,38,68
2014-11-02,95,49,46
2014-11-02,60,25,35
2014-11-02,31,13,18
2014-11-02,15,5,10
2014-11-02,4,3,1
2014-11-02,6,1,5
2014-11-02,0,0,0
2014-11-02,2,2,0
2014-11-02,14,8,6
2014-11-02,13,8,5
2014-11-01,18,6,12
2014-11-01,23,9,14
2014-11-01,25,16,9
2014-11-01,34,26,8
2014-11-01,36,21,15
2014-11-01,73,31,42
2014-11-01,90,36,54
2014-11-01,104,51,53
2014-11-01,126,53,73
2014-11-01,139,68,71
2014-11-01,126,52,74
2014-11-01,90,31,59
2014-11-01,87,38,49
2014-11-01,113,35,78
2014-11-01,78,35,43
2014-11-01,47,31,16
2014-11-01,19,7,12
2014-11-01,14,5,9
2014-11-01,5,3,2
2014-11-01,4,2,2
2014-11-01,6,3,3
2014-11-01,11,7,4
2014-11-01,13,8,5
2014-11-01,13,7,6
2014-10-31,18,6,12
2014-10-31,24,13,11
2014-10-31,32,20,12
2014-10-31,31,22,9
2014-10-31,65,44,21
2014-10-31,181,106,75
2014-10-31,328,228,100
2014-10-31,215,134,81
2014-10-31,120,76,44
2014-10-31,52,25,27
2014-10-31,41,16,25
2014-10-31,33,17,16
2014-10-31,36,14,22
2014-10-31,52,18,34
2014-10-31,136,42,94
2014-10-31,269,66,203
2014-10-31,180,52,128
2014-10-31,75,18,57
2014-10-31,29,7,22
2014-10-31,4,1,3
2014-10-31,3,1,2
2014-10-31,3,1,2
2014-10-31,2,2,0
2014-10-31,9,3,6
2014-10-30,19,13,6
2014-10-30,23,17,6
2014-10-30,31,19,12
2014-10-30,59,40,19
2014-10-30,102,69,33
2014-10-30,277,181,96
2014-10-30,356,244,112
2014-10-30,160,108,52
2014-10-30,74,41,33
2014-10-30,46,19,27
2014-10-30,37,16,21
2014-10-30,38,13,25
2014-10-30,64,31,33
2014-10-30,67,28,39
2014-10-30,226,79,147
2014-10-30,400,130,270
2014-10-30,262,71,191
2014-10-30,95,26,69
2014-10-30,27,5,22
2014-10-30,6,2,4
2014-10-30,2,1,1
2014-10-30,6,4,2
2014-10-30,7,3,4
2014-10-30,8,6,2
2014-10-29,23,14,9
2014-10-29,47,30,17
2014-10-29,70,44,26
2014-10-29,79,45,34
2014-10-29,138,82,56
2014-10-29,388,246,142
2014-10-29,562,385,177
2014-10-29,287,166,121
2014-10-29,140,84,56
2014-10-29,118,116,2
2014-10-29,87,85,2
2014-10-29,73,71,2
2014-10-29,76,74,2
2014-10-29,106,92,14
2014-10-29,281,93,188
2014-10-29,472,150,322
2014-10-29,309,86,223
2014-10-29,91,29,62
2014-10-29,31,5,26
2014-10-29,5,1,4
2014-10-29,1,0,1
2014-10-29,1,0,1
2014-10-29,4,2,2
2014-10-29,7,5,2
2014-10-28,10,7,3
2014-10-28,26,8,18
2014-10-28,31,20,11
2014-10-28,59,37,22
2014-10-28,107,73,34
2014-10-28,294,185,109
2014-10-28,383,261,122
2014-10-28,146,95,51
2014-10-28,82,51,31
2014-10-28,57,30,27
2014-10-28,43,20,23
2014-10-28,34,14,20
2014-10-28,21,10,11
2014-10-28,46,13,33
2014-10-28,197,65,132
2014-10-28,353,117,236
2014-10-28,236,72,164
2014-10-28,96,28,68
2014-10-28,24,7,17
2014-10-28,4,2,2
2014-10-28,0,0,0
2014-10-28,1,0,1
2014-10-28,2,1,1
2014-10-28,9,2,7
2014-10-27,16,9,7
2014-10-27,26,16,10
2014-10-27,51,33,18
2014-10-27,71,54,17
2014-10-27,152,99,53
2014-10-27,430,285,145
2014-10-27,512,350,162
2014-10-27,256,147,109
2014-10-27,144,80,64
2014-10-27,94,85,9
2014-10-27,93,92,1
2014-10-27,74,73,1
2014-10-27,69,69,0
2014-10-27,76,76,0
2014-10-27,301,107,194
2014-10-27,470,156,314
2014-10-27,307,79,228
2014-10-27,117,42,75
2014-10-27,45,15,30
2014-10-27,8,3,5
2014-10-27,5,3,2
2014-10-27,5,2,3
2014-10-27,2,1,1
2014-10-27,6,1,5
2014-10-26,12,7,5
2014-10-26,13,6,7
2014-10-26,23,19,4
2014-10-26,20,12,8
2014-10-26,45,26,19
2014-10-26,65,36,29
2014-10-26,76,30,46
2014-10-26,88,30,58
2014-10-26,61,23,38
2014-10-26,77,36,41
2014-10-26,80,43,37
2014-10-26,56,24,32
2014-10-26,64,27,37
2014-10-26,79,21,58
2014-10-26,71,33,38
2014-10-26,35,13,22
2014-10-26,15,7,8
2014-10-26,10,4,6
2014-10-26,5,4,1
2014-10-26,4,0,4
2014-10-26,1,0,1
2014-10-26,5,3,2
2014-10-26,3,0,3
2014-10-26,8,5,3
2014-10-25,18,6,12
2014-10-25,9,7,2
2014-10-25,11,7,4
2014-10-25,5,4,1
2014-10-25,11,7,4
2014-10-25,40,18,22
2014-10-25,42,24,18
2014-10-25,50,28,22
2014-10-25,57,33,24
2014-10-25,43,27,16
2014-10-25,60,26,34
2014-10-25,68,32,36
2014-10-25,78,37,41
2014-10-25,78,33,45
2014-10-25,41,21,20
2014-10-25,49,21,28
2014-10-25,15,9,6
2014-10-25,10,6,4
2014-10-25,5,2,3
2014-10-25,3,0,3
2014-10-25,7,2,5
2014-10-25,14,7,7
2014-10-25,7,3,4
2014-10-25,19,8,11
2014-10-24,21,9,12
2014-10-24,18,12,6
2014-10-24,32,21,11
2014-10-24,53,32,21
2014-10-24,110,68,42
2014-10-24,302,207,95
2014-10-24,421,292,129
2014-10-24,234,151,83
2014-10-24,133,83,50
2014-10-24,81,81,0
2014-10-24,70,69,1
2014-10-24,73,73,0
2014-10-24,62,61,1
2014-10-24,103,91,12
2014-10-24,241,88,153
2014-10-24,413,119,294
2014-10-24,246,57,189
2014-10-24,91,31,60
2014-10-24,23,8,15
2014-10-24,9,4,5
2014-10-24,4,2,2
2014-10-24,5,3,2
2014-10-24,7,1,6
2014-10-24,26,7,19
2014-10-23,20,11,9
2014-10-23,29,15,14
2014-10-23,50,30,20
2014-10-23,83,58,25
2014-10-23,115,77,38
2014-10-23,300,183,117
2014-10-23,384,268,116
2014-10-23,116,67,49
2014-10-23,99,48,51
2014-10-23,52,28,24
2014-10-23,54,31,23
2014-10-23,58,23,35
2014-10-23,63,27,36
2014-10-23,60,26,34
2014-10-23,188,65,123
2014-10-23,338,115,223
2014-10-23,209,60,149
2014-10-23,106,37,69
2014-10-23,23,7,16
2014-10-23,13,4,9
2014-10-23,4,2,2
2014-10-23,5,1,4
2014-10-23,3,3,0
2014-10-23,9,3,6
2014-10-22,14,7,7
2014-10-22,19,13,6
2014-10-22,36,16,20
2014-10-22,48,34,14
2014-10-22,113,68,45
2014-10-22,260,173,87
2014-10-22,332,224,108
2014-10-22,119,64,55
2014-10-22,50,28,22
2014-10-22,41,18,23
2014-10-22,33,13,20
2014-10-22,21,10,11
2014-10-22,47,23,24
2014-10-22,48,14,34
2014-10-22,214,66,148
2014-10-22,367,103,264
2014-10-22,199,59,140
2014-10-22,71,19,52
2014-10-22,26,8,18
2014-10-22,5,2,3
2014-10-22,2,1,1
2014-10-22,4,2,2
2014-10-22,8,5,3
2014-10-22,10,4,6
2014-10-21,21,13,8
2014-10-21,22,13,9
2014-10-21,50,29,21
2014-10-21,74,48,26
2014-10-21,124,79,45
2014-10-21,353,227,126
2014-10-21,482,335,147
2014-10-21,221,133,88
2014-10-21,119,63,56
2014-10-21,72,66,6
2014-10-21,70,70,0
2014-10-21,59,59,0
2014-10-21,66,66,0
2014-10-21,81,74,7
2014-10-21,252,84,168
2014-10-21,467,155,312
2014-10-21,255,70,185
2014-10-21,123,34,89
2014-10-21,28,7,21
2014-10-21,8,2,6
2014-10-21,2,0,2
2014-10-21,1,0,1
2014-10-21,7,2,5
2014-10-21,7,4,3
2014-10-20,10,7,3
2014-10-20,22,14,8
2014-10-20,50,23,27
2014-10-20,82,62,20
2014-10-20,129,86,43
2014-10-20,374,253,121
2014-10-20,460,314,146
2014-10-20,235,144,91
2014-10-20,106,53,53
2014-10-20,84,66,18
2014-10-20,48,48,0
2014-10-20,37,37,0
2014-10-20,45,45,0
2014-10-20,83,66,17
2014-10-20,223,69,154
2014-10-20,413,122,291
2014-10-20,286,78,208
2014-10-20,109,35,74
2014-10-20,29,9,20
2014-10-20,5,2,3
2014-10-20,2,0,2
2014-10-20,5,2,3
2014-10-20,8,4,4
2014-10-20,13,5,8
2014-10-19,16,8,8
2014-10-19,20,11,9
2014-10-19,27,16,11
2014-10-19,38,15,23
2014-10-19,43,18,25
2014-10-19,114,57,57
2014-10-19,222,101,121
2014-10-19,222,93,129
2014-10-19,266,106,160
2014-10-19,291,142,149
2014-10-19,219,104,115
2014-10-19,204,77,127
2014-10-19,156,69,87
2014-10-19,120,36,84
2014-10-19,112,53,59
2014-10-19,67,31,36
2014-10-19,22,4,18
2014-10-19,21,10,11
2014-10-19,0,0,0
2014-10-19,3,1,2
2014-10-19,5,4,1
2014-10-19,19,11,8
2014-10-19,9,3,6
2014-10-19,32,24,8
2014-10-18,22,15,7
2014-10-18,33,17,16
2014-10-18,39,20,19
2014-10-18,35,15,20
2014-10-18,78,37,41
2014-10-18,95,44,51
2014-10-18,108,43,65
2014-10-18,120,48,72
2014-10-18,116,48,68
2014-10-18,108,58,50
2014-10-18,132,55,77
2014-10-18,96,38,58
2014-10-18,89,37,52
2014-10-18,68,17,51
2014-10-18,103,35,68
2014-10-18,53,24,29
2014-10-18,31,10,21
2014-10-18,19,7,12
2014-10-18,6,1,5
2014-10-18,0,0,0
2014-10-18,2,0,2
2014-10-18,5,3,2
2014-10-18,12,5,7
2014-10-18,8,6,2
2014-10-17,19,12,7
2014-10-17,23,16,7
2014-10-17,30,16,14
2014-10-17,41,19,22
2014-10-17,88,57,31
2014-10-17,258,167,91
2014-10-17,338,235,103
2014-10-17,187,129,58
2014-10-17,62,36,26
2014-10-17,50,22,28
2014-10-17,52,24,28
2014-10-17,36,7,29
2014-10-17,61,4,57
2014-10-17,79,3,76
2014-10-17,186,27,159
2014-10-17,353,96,257
2014-10-17,194,56,138
2014-10-17,86,24,62
2014-10-17,24,6,18
2014-10-17,9,5,4
2014-10-17,1,0,1
2014-10-17,4,2,2
2014-10-17,10,3,7
2014-10-17,18,7,11
2014-10-16,22,10,12
2014-10-16,40,18,22
2014-10-16,72,40,32
2014-10-16,92,55,37
2014-10-16,171,101,70
2014-10-16,463,279,184
2014-10-16,585,386,199
2014-10-16,299,180,119
2014-10-16,183,103,80
2014-10-16,113,10,103
2014-10-16,71,1,70
2014-10-16,65,1,64
2014-10-16,69,2,67
2014-10-16,99,1,98
2014-10-16,279,19,260
2014-10-16,510,152,358
2014-10-16,312,79,233
2014-10-16,123,41,82
2014-10-16,32,12,20
2014-10-16,7,1,6
2014-10-16,1,0,1
2014-10-16,3,0,3
2014-10-16,4,3,1
2014-10-16,14,9,5
2014-10-15,18,10,8
2014-10-15,35,10,25
2014-10-15,60,29,31
2014-10-15,63,45,18
2014-10-15,130,88,42
2014-10-15,319,191,128
2014-10-15,426,300,126
2014-10-15,200,125,75
2014-10-15,81,46,35
2014-10-15,58,25,33
2014-10-15,43,2,41
2014-10-15,33,0,33
2014-10-15,52,2,50
2014-10-15,76,0,76
2014-10-15,165,26,139
2014-10-15,336,99,237
2014-10-15,295,87,208
2014-10-15,97,28,69
2014-10-15,34,11,23
2014-10-15,8,2,6
2014-10-15,4,2,2
2014-10-15,5,3,2
2014-10-15,8,5,3
2014-10-15,9,4,5
2014-10-14,22,16,6
2014-10-14,30,14,16
2014-10-14,65,38,27
2014-10-14,61,38,23
2014-10-14,159,107,52
2014-10-14,414,257,157
2014-10-14,521,365,156
2014-10-14,231,138,93
2014-10-14,130,74,56
2014-10-14,80,34,46
2014-10-14,78,34,44
2014-10-14,63,23,40
2014-10-14,67,23,44
2014-10-14,87,25,62
2014-10-14,235,77,158
2014-10-14,482,154,328
2014-10-14,313,82,231
2014-10-14,114,37,77
2014-10-14,26,7,19
2014-10-14,6,1,5
2014-10-14,2,1,1
2014-10-14,2,1,1
2014-10-14,3,0,3
2014-10-14,6,4,2
2014-10-13,13,6,7
2014-10-13,26,13,13
2014-10-13,39,24,15
2014-10-13,69,47,22
2014-10-13,135,83,52
2014-10-13,364,248,116
2014-10-13,536,380,156
2014-10-13,303,188,115
2014-10-13,126,57,69
2014-10-13,117,7,110
2014-10-13,81,4,77
2014-10-13,91,0,91
2014-10-13,82,3,79
2014-10-13,108,0,108
2014-10-13,255,21,234
2014-10-13,498,154,344
2014-10-13,327,81,246
2014-10-13,115,43,72
2014-10-13,37,14,23
2014-10-13,9,4,5
2014-10-13,4,1,3
2014-10-13,4,4,0
2014-10-13,3,1,2
2014-10-13,13,5,8
2014-10-12,16,11,5
2014-10-12,26,17,9
2014-10-12,14,8,6
2014-10-12,30,23,7
2014-10-12,44,29,15
2014-10-12,71,32,39
2014-10-12,117,52,65
2014-10-12,127,62,65
2014-10-12,134,67,67
2014-10-12,136,71,65
2014-10-12,132,46,86
2014-10-12,152,72,80
2014-10-12,140,45,95
2014-10-12,134,56,78
2014-10-12,137,59,78
2014-10-12,67,33,34
2014-10-12,22,6,16
2014-10-12,8,4,4
2014-10-12,3,1,2
2014-10-12,7,3,4
2014-10-12,4,0,4
2014-10-12,11,3,8
2014-10-12,5,5,0
2014-10-12,22,15,7
2014-10-11,17,11,6
2014-10-11,20,11,9
2014-10-11,30,14,16
2014-10-11,26,16,10
2014-10-11,41,23,18
2014-10-11,58,23,35
2014-10-11,102,44,58
2014-10-11,92,33,59
2014-10-11,99,47,52
2014-10-11,82,35,47
2014-10-11,62,35,27
2014-10-11,78,27,51
2014-10-11,84,31,53
2014-10-11,68,34,34
2014-10-11,91,28,63
2014-10-11,81,28,53
2014-10-11,26,8,18
2014-10-11,18,8,10
2014-10-11,12,3,9
2014-10-11,5,1,4
2014-10-11,3,0,3
2014-10-11,7,2,5
2014-10-11,15,10,5
2014-10-11,14,11,3
2014-10-10,35,14,21
2014-10-10,53,39,14
2014-10-10,40,26,14
2014-10-10,59,38,21
2014-10-10,129,89,40
2014-10-10,294,171,123
2014-10-10,466,302,164
2014-10-10,265,159,106
2014-10-10,134,67,67
2014-10-10,89,7,82
2014-10-10,76,3,73
2014-10-10,59,3,56
2014-10-10,74,2,72
2014-10-10,88,4,84
2014-10-10,196,24,172
2014-10-10,441,121,320
2014-10-10,278,81,197
2014-10-10,91,31,60
2014-10-10,30,11,19
2014-10-10,6,1,5
2014-10-10,4,2,2
2014-10-10,11,5,6
2014-10-10,7,1,6
2014-10-10,32,14,18
2014-10-09,27,13,14
2014-10-09,52,29,23
2014-10-09,58,31,27
2014-10-09,107,73,34
2014-10-09,169,109,60
2014-10-09,470,303,167
2014-10-09,576,388,188
2014-10-09,277,164,113
2014-10-09,142,74,68
2014-10-09,75,3,72
2014-10-09,91,0,91
2014-10-09,82,3,79
2014-10-09,86,1,85
2014-10-09,90,1,89
2014-10-09,256,17,239
2014-10-09,526,165,361
2014-10-09,377,104,273
2014-10-09,126,49,77
2014-10-09,39,15,24
2014-10-09,11,2,9
2014-10-09,0,0,0
2014-10-09,3,0,3
2014-10-09,8,7,1
2014-10-09,15,6,9
2014-10-08,20,9,11
2014-10-08,38,14,24
2014-10-08,71,48,23
2014-10-08,87,66,21
2014-10-08,167,105,62
2014-10-08,490,306,184
2014-10-08,626,431,195
2014-10-08,307,181,126
2014-10-08,147,79,68
2014-10-08,111,15,96
2014-10-08,77,2,75
2014-10-08,68,5,63
2014-10-08,61,4,57
2014-10-08,82,0,82
2014-10-08,247,28,219
2014-10-08,584,164,420
2014-10-08,386,94,292
2014-10-08,139,44,95
2014-10-08,33,11,22
2014-10-08,12,7,5
2014-10-08,4,1,3
2014-10-08,10,3,7
2014-10-08,5,4,1
2014-10-08,8,1,7
2014-10-07,27,15,12
2014-10-07,36,18,18
2014-10-07,65,35,30
2014-10-07,80,48,32
2014-10-07,229,142,87
2014-10-07,462,319,143
2014-10-07,639,426,213
2014-10-07,289,176,113
2014-10-07,142,78,64
2014-10-07,99,19,80
2014-10-07,73,2,71
2014-10-07,80,3,77
2014-10-07,84,1,83
2014-10-07,110,2,108
2014-10-07,237,21,216
2014-10-07,580,172,408
2014-10-07,416,101,315
2014-10-07,136,40,96
2014-10-07,44,19,25
2014-10-07,7,3,4
2014-10-07,3,2,1
2014-10-07,4,0,4
2014-10-07,7,3,4
2014-10-07,15,8,7
2014-10-06,34,19,15
2014-10-06,36,18,18
2014-10-06,96,60,36
2014-10-06,93,59,34
2014-10-06,202,123,79
2014-10-06,427,274,153
2014-10-06,733,512,221
2014-10-06,361,217,144
2014-10-06,170,96,74
2014-10-06,103,23,80
2014-10-06,80,0,80
2014-10-06,78,0,78
2014-10-06,94,0,94
2014-10-06,105,0,105
2014-10-06,267,10,257
2014-10-06,593,201,392
2014-10-06,400,108,292
2014-10-06,134,46,88
2014-10-06,37,13,24
2014-10-06,10,6,4
2014-10-06,7,2,5
2014-10-06,0,0,0
2014-10-06,5,1,4
2014-10-06,9,5,4
2014-10-05,11,4,7
2014-10-05,24,10,14
2014-10-05,27,14,13
2014-10-05,43,21,22
2014-10-05,59,30,29
2014-10-05,110,41,69
2014-10-05,172,89,83
2014-10-05,245,89,156
2014-10-05,228,104,124
2014-10-05,206,85,121
2014-10-05,201,83,118
2014-10-05,214,98,116
2014-10-05,168,72,96
2014-10-05,146,71,75
2014-10-05,117,44,73
2014-10-05,90,38,52
2014-10-05,35,17,18
2014-10-05,14,7,7
2014-10-05,10,5,5
2014-10-05,5,4,1
2014-10-05,0,0,0
2014-10-05,8,5,3
2014-10-05,10,7,3
2014-10-05,19,12,7
2014-10-04,26,13,13
2014-10-04,27,15,12
2014-10-04,31,19,12
2014-10-04,49,31,18
2014-10-04,64,31,33
2014-10-04,109,60,49
2014-10-04,153,65,88
2014-10-04,163,79,84
2014-10-04,161,74,87
2014-10-04,178,90,88
2014-10-04,192,85,107
2014-10-04,163,53,110
2014-10-04,163,69,94
2014-10-04,119,49,70
2014-10-04,128,46,82
2014-10-04,83,39,44
2014-10-04,49,23,26
2014-10-04,20,10,10
2014-10-04,6,2,4
2014-10-04,5,2,3
2014-10-04,5,2,3
2014-10-04,6,4,2
2014-10-04,12,5,7
2014-10-04,28,14,14
2014-10-03,31,10,21
2014-10-03,54,25,29
2014-10-03,48,30,18
2014-10-03,86,43,43
2014-10-03,166,91,75
2014-10-03,409,258,151
2014-10-03,565,381,184
2014-10-03,356,212,144
2014-10-03,191,99,92
2014-10-03,148,14,134
2014-10-03,94,0,94
2014-10-03,97,1,96
2014-10-03,84,1,83
2014-10-03,114,0,114
2014-10-03,253,23,230
2014-10-03,480,146,334
2014-10-03,336,87,249
2014-10-03,120,42,78
2014-10-03,31,8,23
2014-10-03,7,2,5
2014-10-03,3,0,3
2014-10-03,8,6,2
2014-10-03,16,9,7
2014-10-03,12,3,9
2014-10-02,33,20,13
2014-10-02,39,20,19
2014-10-02,75,50,25
2014-10-02,106,69,37
2014-10-02,217,138,79
2014-10-02,457,287,170
2014-10-02,611,423,188
2014-10-02,300,181,119
2014-10-02,164,91,73
2014-10-02,101,9,92
2014-10-02,77,0,77
2014-10-02,101,0,101
2014-10-02,94,1,93
2014-10-02,112,0,112
2014-10-02,259,23,236
2014-10-02,577,180,397
2014-10-02,394,110,284
2014-10-02,108,37,71
2014-10-02,33,10,23
2014-10-02,8,3,5
2014-10-02,3,0,3
2014-10-02,5,3,2
2014-10-02,1,1,0
2014-10-02,21,8,13
2014-10-01,22,12,10
2014-10-01,49,22,27
2014-10-01,60,36,24
2014-10-01,94,49,45
2014-10-01,185,107,78
2014-10-01,478,309,169
2014-10-01,639,439,200
2014-10-01,326,203,123
2014-10-01,166,84,82
2014-10-01,110,35,75
2014-10-01,71,0,71
2014-10-01,71,1,70
2014-10-01,77,0,77
2014-10-01,109,0,109
2014-10-01,235,17,218
2014-10-01,550,170,380
2014-10-01,391,108,283
2014-10-01,132,39,93
2014-10-01,37,14,23
2014-10-01,10,3,7
2014-10-01,4,3,1
2014-10-01,4,4,0
2014-10-01,6,2,4
2014-10-01,11,6,5
2014-09-30,20,11,9
2014-09-30,34,21,13
2014-09-30,69,48,21
2014-09-30,95,64,31
2014-09-30,202,106,96
2014-09-30,443,292,151
2014-09-30,570,379,191
2014-09-30,255,165,90
2014-09-30,158,73,85
2014-09-30,89,14,75
2014-09-30,86,0,86
2014-09-30,75,0,75
2014-09-30,79,0,79
2014-09-30,115,0,115
2014-09-30,242,21,221
2014-09-30,515,161,354
2014-09-30,356,106,250
2014-09-30,109,35,74
2014-09-30,30,10,20
2014-09-30,5,2,3
2014-09-30,2,1,1
2014-09-30,5,0,5
2014-09-30,4,2,2
2014-09-30,4,2,2
2014-09-29,14,6,8
2014-09-29,17,9,8
2014-09-29,39,26,13
2014-09-29,56,38,18
2014-09-29,144,93,51
2014-09-29,300,203,97
2014-09-29,509,351,158
2014-09-29,244,142,102
2014-09-29,106,51,55
2014-09-29,79,35,44
2014-09-29,79,40,39
2014-09-29,58,29,29
2014-09-29,60,31,29
2014-09-29,100,39,61
2014-09-29,240,86,154
2014-09-29,489,152,337
2014-09-29,324,85,239
2014-09-29,119,39,80
2014-09-29,32,8,24
2014-09-29,11,4,7
2014-09-29,5,2,3
2014-09-29,3,1,2
2014-09-29,3,1,2
2014-09-29,4,3,1
2014-09-28,19,11,8
2014-09-28,24,16,8
2014-09-28,25,13,12
2014-09-28,41,23,18
2014-09-28,71,39,32
2014-09-28,128,59,69
2014-09-28,184,83,101
2014-09-28,178,88,90
2014-09-28,163,66,97
2014-09-28,148,49,99
2014-09-28,143,61,82
2014-09-28,178,93,85
2014-09-28,125,56,69
2014-09-28,123,44,79
2014-09-28,91,47,44
2014-09-28,65,30,35
2014-09-28,38,13,25
2014-09-28,18,9,9
2014-09-28,4,2,2
2014-09-28,4,1,3
2014-09-28,7,1,6
2014-09-28,13,6,7
2014-09-28,10,5,5
2014-09-28,18,10,8
2014-09-27,24,15,9
2014-09-27,33,20,13
2014-09-27,33,16,17
2014-09-27,53,24,29
2014-09-27,87,42,45
2014-09-27,150,65,85
2014-09-27,221,104,117
2014-09-27,216,110,106
2014-09-27,217,107,110
2014-09-27,184,81,103
2014-09-27,199,102,97
2014-09-27,233,99,134
2014-09-27,184,81,103
2014-09-27,150,62,88
2014-09-27,132,48,84
2014-09-27,78,28,50
2014-09-27,44,19,25
2014-09-27,23,12,11
2014-09-27,8,3,5
2014-09-27,2,1,1
2014-09-27,5,3,2
2014-09-27,12,6,6
2014-09-27,15,7,8
2014-09-27,22,11,11
2014-09-26,29,20,9
2014-09-26,28,10,18
2014-09-26,35,21,14
2014-09-26,60,39,21
2014-09-26,108,64,44
2014-09-26,269,143,126
2014-09-26,366,239,127
2014-09-26,242,150,92
2014-09-26,141,70,71
2014-09-26,114,56,58
2014-09-26,69,31,38
2014-09-26,67,30,37
2014-09-26,59,27,32
2014-09-26,75,36,39
2014-09-26,168,56,112
2014-09-26,377,90,287
2014-09-26,189,48,141
2014-09-26,58,19,39
2014-09-26,27,7,20
2014-09-26,7,3,4
2014-09-26,1,1,0
2014-09-26,5,4,1
2014-09-26,7,4,3
2014-09-26,10,7,3
2014-09-25,25,15,10
2014-09-25,34,21,13
2014-09-25,47,23,24
2014-09-25,73,41,32
2014-09-25,149,92,57
2014-09-25,354,221,133
2014-09-25,479,323,156
2014-09-25,268,160,108
2014-09-25,135,68,67
2014-09-25,91,39,52
2014-09-25,67,37,30
2014-09-25,45,21,24
2014-09-25,43,23,20
2014-09-25,96,32,64
2014-09-25,217,78,139
2014-09-25,419,140,279
2014-09-25,268,73,195
2014-09-25,94,31,63
2014-09-25,23,5,18
2014-09-25,9,4,5
2014-09-25,9,3,6
2014-09-25,4,2,2
2014-09-25,8,6,2
2014-09-25,5,0,5
2014-09-24,26,13,13
2014-09-24,32,21,11
2014-09-24,40,16,24
2014-09-24,64,40,24
2014-09-24,119,70,49
2014-09-24,268,170,98
2014-09-24,362,246,116
2014-09-24,152,87,65
2014-09-24,99,51,48
2014-09-24,57,23,34
2014-09-24,61,29,32
2014-09-24,38,18,20
2014-09-24,34,13,21
2014-09-24,56,21,35
2014-09-24,149,47,102
2014-09-24,278,85,193
2014-09-24,209,55,154
2014-09-24,86,29,57
2014-09-24,19,7,12
2014-09-24,3,1,2
2014-09-24,2,1,1
2014-09-24,1,0,1
2014-09-24,2,1,1
2014-09-24,9,5,4
2014-09-23,15,6,9
2014-09-23,58,15,43
2014-09-23,41,27,14
2014-09-23,54,37,17
2014-09-23,149,92,57
2014-09-23,382,261,121
2014-09-23,551,411,140
2014-09-23,239,150,89
2014-09-23,126,72,54
2014-09-23,68,42,26
2014-09-23,70,21,49
2014-09-23,60,3,57
2014-09-23,75,0,75
2014-09-23,98,2,96
2014-09-23,264,27,237
2014-09-23,545,170,375
2014-09-23,398,113,285
2014-09-23,150,41,109
2014-09-23,32,8,24
2014-09-23,6,2,4
2014-09-23,4,3,1
2014-09-23,4,1,3
2014-09-23,6,3,3
2014-09-23,21,8,13
2014-09-22,27,15,12
2014-09-22,34,12,22
2014-09-22,56,29,27
2014-09-22,101,58,43
2014-09-22,195,123,72
2014-09-22,480,305,175
2014-09-22,659,458,201
2014-09-22,287,174,113
2014-09-22,142,67,75
2014-09-22,93,21,72
2014-09-22,71,2,69
2014-09-22,53,1,52
2014-09-22,94,6,88
2014-09-22,93,4,89
2014-09-22,261,23,238
2014-09-22,537,176,361
2014-09-22,399,118,281
2014-09-22,128,43,85
2014-09-22,44,16,28
2014-09-22,12,5,7
2014-09-22,5,3,2
2014-09-22,4,3,1
2014-09-22,1,0,1
2014-09-22,10,8,2
2014-09-21,14,8,6
2014-09-21,32,15,17
2014-09-21,45,26,19
2014-09-21,52,33,19
2014-09-21,79,37,42
2014-09-21,160,85,75
2014-09-21,185,94,91
2014-09-21,189,91,98
2014-09-21,163,69,94
2014-09-21,199,96,103
2014-09-21,193,84,109
2014-09-21,229,92,137
2014-09-21,214,100,114
2014-09-21,141,68,73
2014-09-21,119,59,60
2014-09-21,83,34,49
2014-09-21,44,19,25
2014-09-21,16,10,6
2014-09-21,4,1,3
2014-09-21,1,1,0
2014-09-21,5,2,3
2014-09-21,13,6,7
2014-09-21,12,8,4
2014-09-21,25,14,11
2014-09-20,24,11,13
2014-09-20,53,27,26
2014-09-20,55,25,30
2014-09-20,70,42,28
2014-09-20,109,55,54
2014-09-20,185,92,93
2014-09-20,226,97,129
2014-09-20,190,86,104
2014-09-20,196,98,98
2014-09-20,177,99,78
2014-09-20,190,99,91
2014-09-20,188,89,99
2014-09-20,142,59,83
2014-09-20,106,50,56
2014-09-20,99,38,61
2014-09-20,82,39,43
2014-09-20,49,23,26
2014-09-20,15,8,7
2014-09-20,14,6,8
2014-09-20,0,0,0
2014-09-20,5,1,4
2014-09-20,11,7,4
2014-09-20,10,7,3
2014-09-20,29,13,16
2014-09-19,29,17,12
2014-09-19,58,30,28
2014-09-19,48,29,19
2014-09-19,78,46,32
2014-09-19,217,130,87
2014-09-19,350,224,126
2014-09-19,545,367,178
2014-09-19,346,212,134
2014-09-19,194,107,87
2014-09-19,148,73,75
2014-09-19,107,54,53
2014-09-19,98,50,48
2014-09-19,93,35,58
2014-09-19,137,49,88
2014-09-19,252,83,169
2014-09-19,477,155,322
2014-09-19,360,107,253
2014-09-19,111,38,73
2014-09-19,35,11,24
2014-09-19,11,6,5
2014-09-19,8,2,6
2014-09-19,3,1,2
2014-09-19,8,4,4
2014-09-19,21,11,10
2014-09-18,23,15,8
2014-09-18,42,26,16
2014-09-18,62,43,19
2014-09-18,88,55,33
2014-09-18,161,104,57
2014-09-18,382,244,138
2014-09-18,546,377,169
2014-09-18,242,163,79
2014-09-18,130,69,61
2014-09-18,94,53,41
2014-09-18,94,44,50
2014-09-18,74,33,41
2014-09-18,63,31,32
2014-09-18,97,42,55
2014-09-18,240,76,164
2014-09-18,435,127,308
2014-09-18,313,88,225
2014-09-18,123,39,84
2014-09-18,29,11,18
2014-09-18,9,4,5
2014-09-18,6,4,2
2014-09-18,5,0,5
2014-09-18,9,3,6
2014-09-18,5,5,0
2014-09-17,22,13,9
2014-09-17,48,25,23
2014-09-17,67,41,26
2014-09-17,93,63,30
2014-09-17,181,121,60
2014-09-17,442,288,154
2014-09-17,619,441,178
2014-09-17,293,187,106
2014-09-17,138,77,61
2014-09-17,121,89,32
2014-09-17,60,60,0
2014-09-17,61,61,0
2014-09-17,70,49,21
2014-09-17,83,1,82
2014-09-17,235,13,222
2014-09-17,556,142,414
2014-09-17,419,117,302
2014-09-17,147,52,95
2014-09-17,38,9,29
2014-09-17,7,3,4
2014-09-17,7,4,3
2014-09-17,2,0,2
2014-09-17,4,3,1
2014-09-17,12,5,7
2014-09-16,22,14,8
2014-09-16,39,21,18
2014-09-16,81,42,39
2014-09-16,120,71,49
2014-09-16,251,145,106
2014-09-16,546,370,176
2014-09-16,678,474,204
2014-09-16,355,209,146
2014-09-16,157,91,66
2014-09-16,132,112,20
2014-09-16,86,86,0
2014-09-16,75,72,3
2014-09-16,102,7,95
2014-09-16,111,0,111
2014-09-16,290,3,287
2014-09-16,587,174,413
2014-09-16,463,123,340
2014-09-16,160,45,115
2014-09-16,38,14,24
2014-09-16,9,2,7
2014-09-16,4,2,2
2014-09-16,8,2,6
2014-09-16,10,7,3
2014-09-16,14,5,9
2014-09-15,28,14,14
2014-09-15,43,27,16
2014-09-15,79,42,37
2014-09-15,95,65,30
2014-09-15,250,141,109
2014-09-15,563,359,204
2014-09-15,727,489,238
2014-09-15,353,211,142
2014-09-15,186,89,97
2014-09-15,96,15,81
2014-09-15,99,0,99
2014-09-15,87,0,87
2014-09-15,107,0,107
2014-09-15,120,0,120
2014-09-15,314,12,302
2014-09-15,634,184,450
2014-09-15,466,124,342
2014-09-15,132,43,89
2014-09-15,41,9,32
2014-09-15,8,2,6
2014-09-15,7,5,2
2014-09-15,3,0,3
2014-09-15,3,1,2
2014-09-15,9,4,5
2014-09-14,18,10,8
2014-09-14,24,12,12
2014-09-14,37,19,18
2014-09-14,57,28,29
2014-09-14,108,47,61
2014-09-14,144,55,89
2014-09-14,175,79,96
2014-09-14,217,116,101
2014-09-14,203,72,131
2014-09-14,160,80,80
2014-09-14,228,126,102
2014-09-14,203,96,107
2014-09-14,179,80,99
2014-09-14,129,65,64
2014-09-14,117,56,61
2014-09-14,68,21,47
2014-09-14,40,18,22
2014-09-14,19,10,9
2014-09-14,0,0,0
2014-09-14,3,3,0
2014-09-14,4,4,0
2014-09-14,8,8,0
2014-09-14,12,12,0
2014-09-14,28,22,6
2014-09-13,28,17,11
2014-09-13,44,29,15
2014-09-13,34,18,16
2014-09-13,65,25,40
2014-09-13,73,34,39
2014-09-13,138,57,81
2014-09-13,247,132,115
2014-09-13,219,95,124
2014-09-13,227,92,135
2014-09-13,156,73,83
2014-09-13,174,78,96
2014-09-13,218,90,128
2014-09-13,163,85,78
2014-09-13,151,73,78
2014-09-13,132,55,77
2014-09-13,95,57,38
2014-09-13,57,29,28
2014-09-13,14,9,5
2014-09-13,15,15,0
2014-09-13,5,5,0
2014-09-13,1,1,0
2014-09-13,7,7,0
2014-09-13,86,86,0
2014-09-13,18,15,3
2014-09-12,59,41,18
2014-09-12,76,47,29
2014-09-12,52,34,18
2014-09-12,89,53,36
2014-09-12,178,107,71
2014-09-12,379,220,159
2014-09-12,557,388,169
2014-09-12,349,213,136
2014-09-12,162,90,72
2014-09-12,124,55,69
2014-09-12,143,61,82
2014-09-12,108,48,60
2014-09-12,109,48,61
2014-09-12,138,61,77
2014-09-12,299,117,182
2014-09-12,520,161,359
2014-09-12,371,102,269
2014-09-12,110,32,78
2014-09-12,40,19,21
2014-09-12,10,4,6
2014-09-12,4,3,1
2014-09-12,7,4,3
2014-09-12,9,5,4
2014-09-12,10,4,6
2014-09-11,33,15,18
2014-09-11,54,29,25
2014-09-11,75,47,28
2014-09-11,131,68,63
2014-09-11,218,122,96
2014-09-11,495,332,163
2014-09-11,663,465,198
2014-09-11,339,210,129
2014-09-11,156,70,86
2014-09-11,100,0,100
2014-09-11,98,7,91
2014-09-11,95,43,52
2014-09-11,72,66,6
2014-09-11,88,87,1
2014-09-11,232,196,36
2014-09-11,596,169,427
2014-09-11,386,119,267
2014-09-11,137,48,89
2014-09-11,38,15,23
2014-09-11,7,2,5
2014-09-11,6,4,2
2014-09-11,3,0,3
2014-09-11,5,2,3
2014-09-11,15,10,5
2014-09-10,29,17,12
2014-09-10,61,40,21
2014-09-10,62,36,26
2014-09-10,102,57,45
2014-09-10,261,176,85
2014-09-10,510,306,204
2014-09-10,658,454,204
2014-09-10,308,188,120
2014-09-10,184,100,84
2014-09-10,88,86,2
2014-09-10,69,68,1
2014-09-10,83,83,0
2014-09-10,62,62,0
2014-09-10,104,100,4
2014-09-10,202,170,32
2014-09-10,588,177,411
2014-09-10,405,113,292
2014-09-10,141,51,90
2014-09-10,42,12,30
2014-09-10,9,5,4
2014-09-10,7,2,5
2014-09-10,15,3,12
2014-09-10,9,6,3
2014-09-10,16,8,8
2014-09-09,31,22,9
2014-09-09,53,29,24
2014-09-09,78,48,30
2014-09-09,119,66,53
2014-09-09,237,145,92
2014-09-09,513,314,199
2014-09-09,641,445,196
2014-09-09,314,199,115
2014-09-09,169,72,97
2014-09-09,85,0,85
2014-09-09,66,0,66
2014-09-09,55,1,54
2014-09-09,72,0,72
2014-09-09,94,0,94
2014-09-09,238,13,225
2014-09-09,572,163,409
2014-09-09,426,115,311
2014-09-09,143,43,100
2014-09-09,44,17,27
2014-09-09,11,2,9
2014-09-09,6,3,3
2014-09-09,5,1,4
2014-09-09,8,4,4
2014-09-09,8,4,4
2014-09-08,17,9,8
2014-09-08,40,23,17
2014-09-08,51,25,26
2014-09-08,83,45,38
2014-09-08,183,116,67
2014-09-08,446,301,145
2014-09-08,665,464,201
2014-09-08,313,192,121
2014-09-08,125,71,54
2014-09-08,90,10,80
2014-09-08,58,0,58
2014-09-08,62,0,62
2014-09-08,86,0,86
2014-09-08,102,0,102
2014-09-08,262,24,238
2014-09-08,569,183,386
2014-09-08,423,113,310
2014-09-08,150,54,96
2014-09-08,47,12,35
2014-09-08,14,4,10
2014-09-08,6,2,4
2014-09-08,1,0,1
2014-09-08,5,1,4
2014-09-08,11,9,2
2014-09-07,25,14,11
2014-09-07,30,17,13
2014-09-07,37,20,17
2014-09-07,91,43,48
2014-09-07,117,44,73
2014-09-07,129,61,68
2014-09-07,172,78,94
2014-09-07,205,98,107
2014-09-07,189,85,104
2014-09-07,203,84,119
2014-09-07,226,117,109
2014-09-07,205,86,119
2014-09-07,167,53,114
2014-09-07,131,72,59
2014-09-07,132,64,68
2014-09-07,77,34,43
2014-09-07,43,25,18
2014-09-07,15,7,8
2014-09-07,4,1,3
2014-09-07,0,0,0
2014-09-07,3,1,2
2014-09-07,3,3,0
2014-09-07,0,0,0
2014-09-07,10,3,7
2014-09-06,40,34,6
2014-09-06,57,14,43
2014-09-06,67,28,39
2014-09-06,51,24,27
2014-09-06,125,69,56
2014-09-06,139,67,72
2014-09-06,191,70,121
2014-09-06,229,116,113
2014-09-06,211,96,115
2014-09-06,190,86,104
2014-09-06,197,95,102
2014-09-06,194,79,115
2014-09-06,203,112,91
2014-09-06,149,77,72
2014-09-06,124,46,78
2014-09-06,99,37,62
2014-09-06,73,36,37
2014-09-06,20,13,7
2014-09-06,17,15,2
2014-09-06,0,0,0
2014-09-06,0,0,0
2014-09-06,2,1,1
2014-09-06,14,14,0
2014-09-06,8,4,4
2014-09-05,27,16,11
2014-09-05,48,28,20
2014-09-05,53,19,34
2014-09-05,112,73,39
2014-09-05,239,141,98
2014-09-05,432,259,173
2014-09-05,592,405,187
2014-09-05,372,225,147
2014-09-05,240,132,108
2014-09-05,164,88,76
2014-09-05,129,70,59
2014-09-05,108,50,58
2014-09-05,111,43,68
2014-09-05,141,70,71
2014-09-05,271,119,152
2014-09-05,559,149,410
2014-09-05,361,95,266
2014-09-05,143,52,91
2014-09-05,27,8,19
2014-09-05,18,5,13
2014-09-05,6,2,4
2014-09-05,6,1,5
2014-09-05,5,2,3
2014-09-05,23,13,10
2014-09-04,31,18,13
2014-09-04,74,49,25
2014-09-04,99,68,31
2014-09-04,123,60,63
2014-09-04,227,146,81
2014-09-04,470,324,146
2014-09-04,778,538,240
2014-09-04,438,286,152
2014-09-04,225,125,100
2014-09-04,164,87,77
2014-09-04,138,70,68
2014-09-04,135,63,72
2014-09-04,115,55,60
2014-09-04,126,50,76
2014-09-04,335,130,205
2014-09-04,645,170,475
2014-09-04,548,134,414
2014-09-04,160,40,120
2014-09-04,49,15,34
2014-09-04,12,2,10
2014-09-04,4,3,1
2014-09-04,10,6,4
2014-09-04,10,6,4
2014-09-04,24,17,7
2014-09-03,12,9,3
2014-09-03,52,17,35
2014-09-03,66,36,30
2014-09-03,143,69,74
2014-09-03,276,161,115
2014-09-03,554,343,211
2014-09-03,635,459,176
2014-09-03,300,184,116
2014-09-03,168,84,84
2014-09-03,128,62,66
2014-09-03,96,44,52
2014-09-03,72,69,3
2014-09-03,78,78,0
2014-09-03,137,9,128
2014-09-03,251,19,232
2014-09-03,535,146,389
2014-09-03,406,99,307
2014-09-03,153,48,105
2014-09-03,32,7,25
2014-09-03,9,4,5
2014-09-03,6,5,1
2014-09-03,2,1,1
2014-09-03,3,2,1
2014-09-03,7,2,5
2014-09-02,11,8,3
2014-09-02,25,13,12
2014-09-02,30,19,11
2014-09-02,92,57,35
2014-09-02,161,104,57
2014-09-02,415,250,165
2014-09-02,533,370,163
2014-09-02,271,161,110
2014-09-02,130,74,56
2014-09-02,103,68,35
2014-09-02,87,47,40
2014-09-02,82,35,47
2014-09-02,87,41,46
2014-09-02,113,48,65
2014-09-02,258,96,162
2014-09-02,512,136,376
2014-09-02,366,84,282
2014-09-02,133,42,91
2014-09-02,41,13,28
2014-09-02,12,6,6
2014-09-02,4,0,4
2014-09-02,2,0,2
2014-09-02,7,6,1
2014-09-02,18,11,7
2014-09-01,29,22,7
2014-09-01,39,26,13
2014-09-01,49,27,22
2014-09-01,75,42,33
2014-09-01,101,46,55
2014-09-01,133,67,66
2014-09-01,223,107,116
2014-09-01,242,109,133
2014-09-01,259,117,142
2014-09-01,229,98,131
2014-09-01,251,112,139
2014-09-01,197,82,115
2014-09-01,160,71,89
2014-09-01,85,32,53
2014-09-01,114,54,60
2014-09-01,66,31,35
2014-09-01,36,14,22
2014-09-01,14,7,7
2014-09-01,8,4,4
2014-09-01,5,3,2
2014-09-01,2,1,1
2014-09-01,9,4,5
2014-09-01,4,2,2
2014-09-01,26,22,4
2014-08-31,41,30,11
2014-08-31,44,30,14
2014-08-31,43,30,13
2014-08-31,55,23,32
2014-08-31,104,57,47
2014-08-31,117,64,53
2014-08-31,150,71,79
2014-08-31,161,68,93
2014-08-31,202,98,104
2014-08-31,167,68,99
2014-08-31,155,74,81
2014-08-31,179,80,99
2014-08-31,117,51,66
2014-08-31,95,39,56
2014-08-31,80,35,45
2014-08-31,44,16,28
2014-08-31,23,15,8
2014-08-31,10,3,7
2014-08-31,10,4,6
2014-08-31,7,3,4
2014-08-31,2,0,2
2014-08-31,3,3,0
2014-08-31,5,3,2
2014-08-31,6,4,2
2014-08-30,21,16,5
2014-08-30,31,16,15
2014-08-30,32,15,17
2014-08-30,28,17,11
2014-08-30,44,17,27
2014-08-30,63,39,24
2014-08-30,73,31,42
2014-08-30,77,37,40
2014-08-30,52,26,26
2014-08-30,54,21,33
2014-08-30,53,25,28
2014-08-30,58,20,38
2014-08-30,39,20,19
2014-08-30,33,17,16
2014-08-30,54,21,33
2014-08-30,46,20,26
2014-08-30,35,15,20
2014-08-30,20,8,12
2014-08-30,6,4,2
2014-08-30,2,1,1
2014-08-30,6,2,4
2014-08-30,5,1,4
2014-08-30,11,7,4
2014-08-30,16,7,9
2014-08-29,33,24,9
2014-08-29,38,27,11
2014-08-29,46,24,22
2014-08-29,94,58,36
2014-08-29,154,82,72
2014-08-29,316,214,102
2014-08-29,414,284,130
2014-08-29,305,202,103
2014-08-29,156,94,62
2014-08-29,114,59,55
2014-08-29,107,58,49
2014-08-29,83,35,48
2014-08-29,93,54,39
2014-08-29,119,46,73
2014-08-29,239,93,146
2014-08-29,414,129,285
2014-08-29,288,85,203
2014-08-29,105,35,70
2014-08-29,30,15,15
2014-08-29,12,6,6
2014-08-29,5,4,1
2014-08-29,4,1,3
2014-08-29,7,5,2
2014-08-29,12,8,4
2014-08-28,38,16,22
2014-08-28,49,26,23
2014-08-28,98,60,38
2014-08-28,153,91,62
2014-08-28,252,166,86
2014-08-28,509,325,184
2014-08-28,661,453,208
2014-08-28,346,221,125
2014-08-28,158,75,83
2014-08-28,113,58,55
2014-08-28,97,48,49
2014-08-28,110,55,55
2014-08-28,122,60,62
2014-08-28,112,52,60
2014-08-28,339,128,211
2014-08-28,561,158,403
2014-08-28,426,112,314
2014-08-28,172,63,109
2014-08-28,40,11,29
2014-08-28,13,5,8
2014-08-28,7,3,4
2014-08-28,3,2,1
2014-08-28,10,3,7
2014-08-28,20,10,10
2014-08-27,42,24,18
2014-08-27,62,36,26
2014-08-27,105,48,57
2014-08-27,183,114,69
2014-08-27,326,202,124
2014-08-27,610,381,229
2014-08-27,743,531,212
2014-08-27,394,244,150
2014-08-27,173,98,75
2014-08-27,148,91,57
2014-08-27,93,46,47
2014-08-27,110,57,53
2014-08-27,147,68,79
2014-08-27,118,55,63
2014-08-27,326,128,198
2014-08-27,677,200,477
2014-08-27,511,127,384
2014-08-27,178,53,125
2014-08-27,40,15,25
2014-08-27,16,2,14
2014-08-27,8,5,3
2014-08-27,5,3,2
2014-08-27,9,3,6
2014-08-27,22,14,8
2014-08-26,41,27,14
2014-08-26,72,33,39
2014-08-26,95,54,41
2014-08-26,193,101,92
2014-08-26,369,242,127
2014-08-26,629,427,202
2014-08-26,877,639,238
2014-08-26,408,273,135
2014-08-26,194,116,78
2014-08-26,111,55,56
2014-08-26,126,72,54
2014-08-26,143,72,71
2014-08-26,108,49,59
2014-08-26,163,81,82
2014-08-26,363,133,230
2014-08-26,758,226,532
2014-08-26,595,124,471
2014-08-26,210,58,152
2014-08-26,46,13,33
2014-08-26,13,5,8
2014-08-26,3,1,2
2014-08-26,10,5,5
2014-08-26,6,4,2
2014-08-26,18,14,4
2014-08-25,31,17,14
2014-08-25,58,33,25
2014-08-25,73,39,34
2014-08-25,146,86,60
2014-08-25,324,195,129
2014-08-25,637,423,214
2014-08-25,769,577,192
2014-08-25,356,226,130
2014-08-25,179,101,78
2014-08-25,127,73,54
2014-08-25,131,70,61
2014-08-25,99,44,55
2014-08-25,114,41,73
2014-08-25,121,58,63
2014-08-25,366,137,229
2014-08-25,686,167,519
2014-08-25,490,113,377
2014-08-25,187,63,124
2014-08-25,56,21,35
2014-08-25,7,2,5
2014-08-25,4,2,2
2014-08-25,6,5,1
2014-08-25,7,5,2
2014-08-25,9,6,3
2014-08-24,14,8,6
2014-08-24,37,23,14
2014-08-24,53,19,34
2014-08-24,77,39,38
2014-08-24,128,57,71
2014-08-24,177,88,89
2014-08-24,176,88,88
2014-08-24,252,123,129
2014-08-24,196,93,103
2014-08-24,197,92,105
2014-08-24,211,96,115
2014-08-24,192,100,92
2014-08-24,188,78,110
2014-08-24,190,86,104
2014-08-24,109,48,61
2014-08-24,84,37,47
2014-08-24,42,18,24
2014-08-24,21,12,9
2014-08-24,14,4,10
2014-08-24,5,1,4
2014-08-24,8,2,6
2014-08-24,10,2,8
2014-08-24,20,10,10
2014-08-24,18,14,4
2014-08-23,32,17,15
2014-08-23,20,10,10
2014-08-23,56,36,20
2014-08-23,76,40,36
2014-08-23,107,50,57
2014-08-23,173,90,83
2014-08-23,166,63,103
2014-08-23,220,111,109
2014-08-23,202,108,94
2014-08-23,185,101,84
2014-08-23,197,111,86
2014-08-23,201,78,123
2014-08-23,143,66,77
2014-08-23,239,61,178
2014-08-23,132,53,79
2014-08-23,107,44,63
2014-08-23,61,25,36
2014-08-23,26,13,13
2014-08-23,15,7,8
2014-08-23,4,2,2
2014-08-23,3,2,1
2014-08-23,13,4,9
2014-08-23,21,13,8
2014-08-23,31,22,9
2014-08-22,32,19,13
2014-08-22,64,37,27
2014-08-22,57,34,23
2014-08-22,105,73,32
2014-08-22,164,94,70
2014-08-22,380,240,140
2014-08-22,534,363,171
2014-08-22,337,220,117
2014-08-22,185,92,93
2014-08-22,138,71,67
2014-08-22,144,77,67
2014-08-22,133,63,70
2014-08-22,101,51,50
2014-08-22,129,58,71
2014-08-22,301,133,168
2014-08-22,463,155,308
2014-08-22,355,99,256
2014-08-22,132,41,91
2014-08-22,33,15,18
2014-08-22,10,2,8
2014-08-22,3,3,0
2014-08-22,13,11,2
2014-08-22,7,3,4
2014-08-22,15,8,7
2014-08-21,32,16,16
2014-08-21,55,27,28
2014-08-21,78,46,32
2014-08-21,184,99,85
2014-08-21,286,155,131
2014-08-21,560,337,223
2014-08-21,617,420,197
2014-08-21,310,191,119
2014-08-21,182,108,74
2014-08-21,135,74,61
2014-08-21,111,62,49
2014-08-21,81,32,49
2014-08-21,97,45,52
2014-08-21,137,60,77
2014-08-21,293,116,177
2014-08-21,529,170,359
2014-08-21,418,115,303
2014-08-21,152,50,102
2014-08-21,30,12,18
2014-08-21,12,4,8
2014-08-21,5,2,3
2014-08-21,8,2,6
2014-08-21,2,0,2
2014-08-21,10,5,5
2014-08-20,28,16,12
2014-08-20,66,44,22
2014-08-20,125,77,48
2014-08-20,164,101,63
2014-08-20,241,135,106
2014-08-20,320,200,120
2014-08-20,646,456,190
2014-08-20,354,220,134
2014-08-20,182,102,80
2014-08-20,118,61,57
2014-08-20,90,48,42
2014-08-20,94,50,44
2014-08-20,102,39,63
2014-08-20,115,55,60
2014-08-20,311,134,177
2014-08-20,512,162,350
2014-08-20,463,134,329
2014-08-20,170,59,111
2014-08-20,39,12,27
2014-08-20,10,4,6
2014-08-20,5,3,2
2014-08-20,6,2,4
2014-08-20,11,8,3
2014-08-20,17,6,11
2014-08-19,35,24,11
2014-08-19,51,28,23
2014-08-19,102,55,47
2014-08-19,150,98,52
2014-08-19,294,172,122
2014-08-19,565,365,200
2014-08-19,749,520,229
2014-08-19,357,225,132
2014-08-19,194,107,87
2014-08-19,122,72,50
2014-08-19,124,62,62
2014-08-19,128,68,60
2014-08-19,143,61,82
2014-08-19,150,70,80
2014-08-19,343,143,200
2014-08-19,612,200,412
2014-08-19,472,131,341
2014-08-19,247,62,185
2014-08-19,44,12,32
2014-08-19,8,3,5
2014-08-19,7,3,4
2014-08-19,4,2,2
2014-08-19,7,3,4
2014-08-19,26,13,13
2014-08-18,24,15,9
2014-08-18,46,28,18
2014-08-18,71,39,32
2014-08-18,150,86,64
2014-08-18,257,160,97
2014-08-18,536,343,193
2014-08-18,716,515,201
2014-08-18,306,191,115
2014-08-18,172,92,80
2014-08-18,147,79,68
2014-08-18,136,76,60
2014-08-18,100,37,63
2014-08-18,105,59,46
2014-08-18,128,53,75
2014-08-18,449,248,201
2014-08-18,587,180,407
2014-08-18,461,130,331
2014-08-18,170,57,113
2014-08-18,40,15,25
2014-08-18,9,2,7
2014-08-18,5,3,2
2014-08-18,4,4,0
2014-08-18,5,1,4
2014-08-18,12,9,3
2014-08-17,26,12,14
2014-08-17,26,14,12
2014-08-17,49,29,20
2014-08-17,107,46,61
2014-08-17,99,57,42
2014-08-17,139,57,82
2014-08-17,207,91,116
2014-08-17,217,120,97
2014-08-17,236,93,143
2014-08-17,254,123,131
2014-08-17,216,87,129
2014-08-17,229,106,123
2014-08-17,196,85,111
2014-08-17,126,52,74
2014-08-17,113,64,49
2014-08-17,77,40,37
2014-08-17,46,26,20
2014-08-17,18,6,12
2014-08-17,7,3,4
2014-08-17,7,6,1
2014-08-17,4,1,3
2014-08-17,8,7,1
2014-08-17,12,9,3
2014-08-17,27,19,8
2014-08-16,18,9,9
2014-08-16,39,21,18
2014-08-16,36,24,12
2014-08-16,82,43,39
2014-08-16,118,66,52
2014-08-16,154,96,58
2014-08-16,172,95,77
2014-08-16,206,93,113
2014-08-16,221,98,123
2014-08-16,210,98,112
2014-08-16,197,84,113
2014-08-16,172,72,100
2014-08-16,190,96,94
2014-08-16,150,60,90
2014-08-16,148,66,82
2014-08-16,96,51,45
2014-08-16,61,31,30
2014-08-16,41,27,14
2014-08-16,13,7,6
2014-08-16,5,4,1
2014-08-16,11,2,9
2014-08-16,14,6,8
2014-08-16,10,7,3
2014-08-16,20,10,10
2014-08-15,38,26,12
2014-08-15,43,20,23
2014-08-15,49,32,17
2014-08-15,86,56,30
2014-08-15,138,80,58
2014-08-15,318,209,109
2014-08-15,480,326,154
2014-08-15,276,183,93
2014-08-15,166,95,71
2014-08-15,102,52,50
2014-08-15,93,52,41
2014-08-15,87,47,40
2014-08-15,70,25,45
2014-08-15,89,36,53
2014-08-15,183,78,105
2014-08-15,372,118,254
2014-08-15,290,88,202
2014-08-15,141,54,87
2014-08-15,52,21,31
2014-08-15,13,8,5
2014-08-15,3,3,0
2014-08-15,6,4,2
2014-08-15,11,7,4
2014-08-15,16,12,4
2014-08-14,31,15,16
2014-08-14,64,31,33
2014-08-14,84,48,36
2014-08-14,146,82,64
2014-08-14,229,140,89
2014-08-14,479,303,176
2014-08-14,597,420,177
2014-08-14,251,152,99
2014-08-14,149,84,65
2014-08-14,114,60,54
2014-08-14,113,57,56
2014-08-14,120,64,56
2014-08-14,82,37,45
2014-08-14,127,60,67
2014-08-14,310,114,196
2014-08-14,516,157,359
2014-08-14,381,108,273
2014-08-14,158,53,105
2014-08-14,36,13,23
2014-08-14,8,2,6
2014-08-14,4,3,1
2014-08-14,6,3,3
2014-08-14,9,6,3
2014-08-14,15,8,7
2014-08-13,16,11,5
2014-08-13,56,26,30
2014-08-13,69,36,33
2014-08-13,129,77,52
2014-08-13,190,114,76
2014-08-13,430,277,153
2014-08-13,499,352,147
2014-08-13,258,155,103
2014-08-13,133,73,60
2014-08-13,85,46,39
2014-08-13,82,33,49
2014-08-13,71,30,41
2014-08-13,75,27,48
2014-08-13,99,47,52
2014-08-13,225,90,135
2014-08-13,434,135,299
2014-08-13,277,85,192
2014-08-13,103,38,65
2014-08-13,26,5,21
2014-08-13,1,1,0
2014-08-13,8,3,5
2014-08-13,1,1,0
2014-08-13,5,3,2
2014-08-13,14,8,6
2014-08-12,28,14,14
2014-08-12,40,25,15
2014-08-12,57,32,25
2014-08-12,116,69,47
2014-08-12,229,132,97
2014-08-12,460,301,159
2014-08-12,580,394,186
2014-08-12,322,211,111
2014-08-12,134,70,64
2014-08-12,95,49,46
2014-08-12,89,41,48
2014-08-12,63,30,33
2014-08-12,80,34,46
2014-08-12,92,41,51
2014-08-12,257,107,150
2014-08-12,480,153,327
2014-08-12,414,98,316
2014-08-12,154,49,105
2014-08-12,39,9,30
2014-08-12,10,4,6
2014-08-12,4,3,1
2014-08-12,7,2,5
2014-08-12,4,2,2
2014-08-12,13,8,5
2014-08-11,35,18,17
2014-08-11,51,37,14
2014-08-11,68,36,32
2014-08-11,200,127,73
2014-08-11,233,133,100
2014-08-11,510,320,190
2014-08-11,621,463,158
2014-08-11,312,213,99
2014-08-11,165,108,57
2014-08-11,127,61,66
2014-08-11,106,57,49
2014-08-11,103,53,50
2014-08-11,104,45,59
2014-08-11,139,59,80
2014-08-11,276,97,179
2014-08-11,602,188,414
2014-08-11,415,103,312
2014-08-11,160,53,107
2014-08-11,52,19,33
2014-08-11,9,4,5
2014-08-11,6,4,2
2014-08-11,1,0,1
2014-08-11,16,8,8
2014-08-11,14,9,5
2014-08-10,30,13,17
2014-08-10,55,30,25
2014-08-10,81,34,47
2014-08-10,135,42,93
2014-08-10,152,85,67
2014-08-10,149,59,90
2014-08-10,154,78,76
2014-08-10,194,95,99
2014-08-10,208,101,107
2014-08-10,215,92,123
2014-08-10,232,98,134
2014-08-10,184,84,100
2014-08-10,175,72,103
2014-08-10,174,72,102
2014-08-10,139,75,64
2014-08-10,109,59,50
2014-08-10,67,27,40
2014-08-10,31,15,16
2014-08-10,6,4,2
2014-08-10,5,3,2
2014-08-10,6,1,5
2014-08-10,6,5,1
2014-08-10,18,8,10
2014-08-10,25,18,7
2014-08-09,29,15,14
2014-08-09,43,25,18
2014-08-09,54,21,33
2014-08-09,86,43,43
2014-08-09,117,71,46
2014-08-09,155,72,83
2014-08-09,139,59,80
2014-08-09,185,92,93
2014-08-09,199,85,114
2014-08-09,210,108,102
2014-08-09,214,103,111
2014-08-09,195,98,97
2014-08-09,180,79,101
2014-08-09,166,69,97
2014-08-09,174,60,114
2014-08-09,123,52,71
2014-08-09,57,28,29
2014-08-09,29,14,15
2014-08-09,11,6,5
2014-08-09,4,4,0
2014-08-09,6,1,5
2014-08-09,10,8,2
2014-08-09,18,8,10
2014-08-09,25,19,6
2014-08-08,54,35,19
2014-08-08,67,46,21
2014-08-08,93,45,48
2014-08-08,133,66,67
2014-08-08,209,109,100
2014-08-08,406,232,174
2014-08-08,586,397,189
2014-08-08,358,210,148
2014-08-08,201,101,100
2014-08-08,156,95,61
2014-08-08,159,75,84
2014-08-08,133,64,69
2014-08-08,106,63,43
2014-08-08,107,63,44
2014-08-08,259,105,154
2014-08-08,400,145,255
2014-08-08,295,102,193
2014-08-08,137,52,85
2014-08-08,43,16,27
2014-08-08,8,5,3
2014-08-08,6,6,0
2014-08-08,4,1,3
2014-08-08,11,6,5
2014-08-08,25,16,9
2014-08-07,49,35,14
2014-08-07,63,32,31
2014-08-07,100,63,37
2014-08-07,183,95,88
2014-08-07,275,167,108
2014-08-07,539,320,219
2014-08-07,697,472,225
2014-08-07,337,213,124
2014-08-07,194,101,93
2014-08-07,118,65,53
2014-08-07,97,56,41
2014-08-07,108,61,47
2014-08-07,74,44,30
2014-08-07,132,56,76
2014-08-07,323,124,199
2014-08-07,593,183,410
2014-08-07,415,110,305
2014-08-07,156,55,101
2014-08-07,53,16,37
2014-08-07,11,6,5
2014-08-07,6,4,2
2014-08-07,5,3,2
2014-08-07,4,1,3
2014-08-07,21,10,11
2014-08-06,39,21,18
2014-08-06,67,38,29
2014-08-06,117,54,63
2014-08-06,160,96,64
2014-08-06,295,163,132
2014-08-06,545,361,184
2014-08-06,727,499,228
2014-08-06,382,223,159
2014-08-06,188,103,85
2014-08-06,140,78,62
2014-08-06,134,77,57
2014-08-06,127,50,77
2014-08-06,125,61,64
2014-08-06,131,52,79
2014-08-06,320,116,204
2014-08-06,579,187,392
2014-08-06,418,116,302
2014-08-06,177,61,116
2014-08-06,41,17,24
2014-08-06,14,7,7
2014-08-06,5,3,2
2014-08-06,3,3,0
2014-08-06,11,7,4
2014-08-06,33,18,15
2014-08-05,46,23,23
2014-08-05,57,30,27
2014-08-05,95,45,50
2014-08-05,177,91,86
2014-08-05,332,220,112
2014-08-05,493,297,196
2014-08-05,743,533,210
2014-08-05,378,237,141
2014-08-05,170,89,81
2014-08-05,130,58,72
2014-08-05,124,59,65
2014-08-05,121,61,60
2014-08-05,138,69,69
2014-08-05,120,63,57
2014-08-05,308,129,179
2014-08-05,637,197,440
2014-08-05,463,119,344
2014-08-05,186,61,125
2014-08-05,55,17,38
2014-08-05,6,5,1
2014-08-05,6,4,2
2014-08-05,3,1,2
2014-08-05,7,3,4
2014-08-05,24,16,8
2014-08-04,41,30,11
2014-08-04,67,41,26
2014-08-04,99,50,49
2014-08-04,156,97,59
2014-08-04,303,182,121
2014-08-04,531,350,181
2014-08-04,748,539,209
2014-08-04,357,226,131
2014-08-04,178,98,80
2014-08-04,146,56,90
2014-08-04,107,46,61
2014-08-04,96,42,54
2014-08-04,88,41,47
2014-08-04,139,60,79
2014-08-04,326,122,204
2014-08-04,606,185,421
2014-08-04,439,124,315
2014-08-04,165,54,111
2014-08-04,52,24,28
2014-08-04,10,3,7
2014-08-04,6,3,3
2014-08-04,4,3,1
2014-08-04,9,5,4
2014-08-04,17,10,7
2014-08-03,17,11,6
2014-08-03,42,20,22
2014-08-03,52,30,22
2014-08-03,70,28,42
2014-08-03,100,53,47
2014-08-03,159,76,83
2014-08-03,193,92,101
2014-08-03,210,111,99
2014-08-03,223,106,117
2014-08-03,218,91,127
2014-08-03,212,84,128
2014-08-03,249,122,127
2014-08-03,197,76,121
2014-08-03,197,102,95
2014-08-03,147,66,81
2014-08-03,100,47,53
2014-08-03,53,25,28
2014-08-03,24,13,11
2014-08-03,7,5,2
2014-08-03,7,4,3
2014-08-03,4,1,3
2014-08-03,8,6,2
2014-08-03,8,6,2
2014-08-03,20,12,8
2014-08-02,38,16,22
2014-08-02,49,25,24
2014-08-02,41,15,26
2014-08-02,84,43,41
2014-08-02,120,57,63
2014-08-02,148,72,76
2014-08-02,112,52,60
2014-08-02,166,79,87
2014-08-02,166,79,87
2014-08-02,156,61,95
2014-08-02,151,66,85
2014-08-02,156,66,90
2014-08-02,129,53,76
2014-08-02,98,38,60
2014-08-02,138,57,81
2014-08-02,142,70,72
2014-08-02,71,27,44
2014-08-02,42,24,18
2014-08-02,12,7,5
2014-08-02,3,2,1
2014-08-02,6,3,3
2014-08-02,12,5,7
2014-08-02,47,41,6
2014-08-02,23,16,7
2014-08-01,45,36,9
2014-08-01,77,51,26
2014-08-01,87,50,37
2014-08-01,143,81,62
2014-08-01,202,109,93
2014-08-01,373,234,139
2014-08-01,537,336,201
2014-08-01,373,248,125
2014-08-01,190,101,89
2014-08-01,146,80,66
2014-08-01,131,73,58
2014-08-01,122,66,56
2014-08-01,138,69,69
2014-08-01,147,61,86
2014-08-01,306,114,192
2014-08-01,511,156,355
2014-08-01,338,97,241
2014-08-01,144,43,101
2014-08-01,41,17,24
2014-08-01,11,5,6
2014-08-01,3,1,2
2014-08-01,8,7,1
2014-08-01,8,5,3
2014-08-01,25,14,11
2014-07-31,40,25,15
2014-07-31,102,39,63
2014-07-31,123,51,72
2014-07-31,189,108,81
2014-07-31,289,184,105
2014-07-31,544,377,167
2014-07-31,670,466,204
2014-07-31,353,223,130
2014-07-31,180,96,84
2014-07-31,133,70,63
2014-07-31,121,66,55
2014-07-31,133,69,64
2014-07-31,116,46,70
2014-07-31,170,76,94
2014-07-31,314,122,192
2014-07-31,612,197,415
2014-07-31,483,114,369
2014-07-31,174,68,106
2014-07-31,42,13,29
2014-07-31,12,3,9
2014-07-31,4,3,1
2014-07-31,6,4,2
2014-07-31,10,3,7
2014-07-31,15,7,8
2014-07-30,40,25,15
2014-07-30,73,41,32
2014-07-30,126,58,68
2014-07-30,209,118,91
2014-07-30,279,174,105
2014-07-30,583,378,205
2014-07-30,755,528,227
2014-07-30,382,233,149
2014-07-30,199,111,88
2014-07-30,129,76,53
2014-07-30,137,83,54
2014-07-30,106,60,46
2014-07-30,118,50,68
2014-07-30,166,57,109
2014-07-30,337,132,205
2014-07-30,632,213,419
2014-07-30,482,132,350
2014-07-30,211,66,145
2014-07-30,54,16,38
2014-07-30,6,1,5
2014-07-30,3,2,1
2014-07-30,9,7,2
2014-07-30,10,2,8
2014-07-30,13,11,2
2014-07-29,45,24,21
2014-07-29,74,37,37
2014-07-29,155,77,78
2014-07-29,191,116,75
2014-07-29,333,177,156
2014-07-29,586,377,209
2014-07-29,801,571,230
2014-07-29,370,232,138
2014-07-29,168,103,65
2014-07-29,118,71,47
2014-07-29,134,74,60
2014-07-29,143,66,77
2014-07-29,117,57,60
2014-07-29,158,62,96
2014-07-29,338,136,202
2014-07-29,670,200,470
2014-07-29,532,150,382
2014-07-29,214,71,143
2014-07-29,58,19,39
2014-07-29,11,4,7
2014-07-29,2,2,0
2014-07-29,4,0,4
2014-07-29,9,6,3
2014-07-29,17,10,7
2014-07-28,31,16,15
2014-07-28,69,43,26
2014-07-28,119,76,43
2014-07-28,203,112,91
2014-07-28,293,184,109
2014-07-28,577,349,228
2014-07-28,679,469,210
2014-07-28,346,203,143
2014-07-28,176,86,90
2014-07-28,135,60,75
2014-07-28,104,62,42
2014-07-28,105,41,64
2014-07-28,138,61,77
2014-07-28,171,79,92
2014-07-28,284,100,184
2014-07-28,629,198,431
2014-07-28,455,121,334
2014-07-28,170,65,105
2014-07-28,65,23,42
2014-07-28,13,4,9
2014-07-28,5,1,4
2014-07-28,6,1,5
2014-07-28,14,5,9
2014-07-28,9,6,3
2014-07-27,14,11,3
2014-07-27,31,15,16
2014-07-27,73,32,41
2014-07-27,81,37,44
2014-07-27,130,53,77
2014-07-27,157,68,89
2014-07-27,194,79,115
2014-07-27,228,119,109
2014-07-27,238,100,138
2014-07-27,262,117,145
2014-07-27,231,104,127
2014-07-27,233,95,138
2014-07-27,211,97,114
2014-07-27,177,102,75
2014-07-27,130,67,63
2014-07-27,96,39,57
2014-07-27,41,21,20
2014-07-27,18,11,7
2014-07-27,7,1,6
2014-07-27,7,3,4
2014-07-27,6,2,4
2014-07-27,10,6,4
2014-07-27,17,7,10
2014-07-27,35,22,13
2014-07-26,40,22,18
2014-07-26,44,32,12
2014-07-26,58,32,26
2014-07-26,89,41,48
2014-07-26,141,62,79
2014-07-26,154,68,86
2014-07-26,219,101,118
2014-07-26,192,87,105
2014-07-26,252,113,139
2014-07-26,239,109,130
2014-07-26,192,56,136
2014-07-26,247,95,152
2014-07-26,235,111,124
2014-07-26,142,65,77
2014-07-26,150,80,70
2014-07-26,119,54,65
2014-07-26,74,40,34
2014-07-26,37,18,19
2014-07-26,15,3,12
2014-07-26,5,3,2
2014-07-26,5,0,5
2014-07-26,16,7,9
2014-07-26,18,8,10
2014-07-26,27,15,12
2014-07-25,51,33,18
2014-07-25,50,20,30
2014-07-25,96,36,60
2014-07-25,130,88,42
2014-07-25,200,124,76
2014-07-25,405,251,154
2014-07-25,562,384,178
2014-07-25,367,213,154
2014-07-25,168,89,79
2014-07-25,168,88,80
2014-07-25,165,81,84
2014-07-25,186,76,110
2014-07-25,116,43,73
2014-07-25,138,50,88
2014-07-25,261,91,170
2014-07-25,501,147,354
2014-07-25,308,90,218
2014-07-25,113,32,81
2014-07-25,43,15,28
2014-07-25,10,6,4
2014-07-25,2,1,1
2014-07-25,11,4,7
2014-07-25,6,2,4
2014-07-25,15,8,7
2014-07-24,21,12,9
2014-07-24,39,19,20
2014-07-24,52,38,14
2014-07-24,99,50,49
2014-07-24,207,126,81
2014-07-24,346,212,134
2014-07-24,461,327,134
2014-07-24,192,118,74
2014-07-24,116,74,42
2014-07-24,74,37,37
2014-07-24,80,39,41
2014-07-24,90,42,48
2014-07-24,70,34,36
2014-07-24,83,35,48
2014-07-24,231,80,151
2014-07-24,374,121,253
2014-07-24,282,68,214
2014-07-24,112,32,80
2014-07-24,38,9,29
2014-07-24,7,3,4
2014-07-24,2,1,1
2014-07-24,4,3,1
2014-07-24,8,1,7
2014-07-24,14,5,9
2014-07-23,17,11,6
2014-07-23,32,15,17
2014-07-23,45,25,20
2014-07-23,84,49,35
2014-07-23,122,79,43
2014-07-23,249,160,89
2014-07-23,280,192,88
2014-07-23,141,95,46
2014-07-23,42,26,16
2014-07-23,39,19,20
2014-07-23,38,16,22
2014-07-23,22,14,8
2014-07-23,38,19,19
2014-07-23,60,28,32
2014-07-23,140,54,86
2014-07-23,275,84,191
2014-07-23,197,53,144
2014-07-23,96,32,64
2014-07-23,38,8,30
2014-07-23,4,1,3
2014-07-23,3,2,1
2014-07-23,4,2,2
2014-07-23,5,2,3
2014-07-23,18,10,8
2014-07-22,28,18,10
2014-07-22,67,38,29
2014-07-22,86,45,41
2014-07-22,183,116,67
2014-07-22,299,179,120
2014-07-22,562,349,213
2014-07-22,702,491,211
2014-07-22,344,227,117
2014-07-22,186,100,86
2014-07-22,97,47,50
2014-07-22,108,59,49
2014-07-22,110,48,62
2014-07-22,107,52,55
2014-07-22,135,48,87
2014-07-22,313,113,200
2014-07-22,594,194,400
2014-07-22,542,137,405
2014-07-22,218,68,150
2014-07-22,62,15,47
2014-07-22,11,7,4
2014-07-22,3,2,1
2014-07-22,9,3,6
2014-07-22,4,0,4
2014-07-22,8,6,2
2014-07-21,25,14,11
2014-07-21,57,31,26
2014-07-21,78,50,28
2014-07-21,200,109,91
2014-07-21,303,179,124
2014-07-21,492,297,195
2014-07-21,715,490,225
2014-07-21,372,208,164
2014-07-21,176,92,84
2014-07-21,143,78,65
2014-07-21,93,51,42
2014-07-21,142,59,83
2014-07-21,97,49,48
2014-07-21,136,51,85
2014-07-21,303,111,192
2014-07-21,528,174,354
2014-07-21,422,119,303
2014-07-21,164,54,110
2014-07-21,45,11,34
2014-07-21,13,4,9
2014-07-21,7,2,5
2014-07-21,3,1,2
2014-07-21,1,0,1
2014-07-21,10,6,4
2014-07-20,18,16,2
2014-07-20,19,12,7
2014-07-20,39,22,17
2014-07-20,40,24,16
2014-07-20,71,47,24
2014-07-20,74,36,38
2014-07-20,79,40,39
2014-07-20,171,87,84
2014-07-20,174,97,77
2014-07-20,153,61,92
2014-07-20,172,67,105
2014-07-20,108,47,61
2014-07-20,102,39,63
2014-07-20,96,36,60
2014-07-20,68,34,34
2014-07-20,53,19,34
2014-07-20,30,11,19
2014-07-20,12,4,8
2014-07-20,4,1,3
2014-07-20,5,2,3
2014-07-20,5,1,4
2014-07-20,7,3,4
2014-07-20,14,7,7
2014-07-20,21,13,8
2014-07-19,34,17,17
2014-07-19,33,12,21
2014-07-19,53,27,26
2014-07-19,55,32,23
2014-07-19,89,53,36
2014-07-19,150,72,78
2014-07-19,145,70,75
2014-07-19,181,90,91
2014-07-19,206,119,87
2014-07-19,164,77,87
2014-07-19,181,103,78
2014-07-19,193,84,109
2014-07-19,129,50,79
2014-07-19,127,64,63
2014-07-19,129,69,60
2014-07-19,95,45,50
2014-07-19,56,24,32
2014-07-19,25,12,13
2014-07-19,10,4,6
2014-07-19,3,2,1
2014-07-19,0,0,0
2014-07-19,9,5,4
2014-07-19,19,13,6
2014-07-19,34,17,17
2014-07-18,29,16,13
2014-07-18,52,27,25
2014-07-18,70,26,44
2014-07-18,112,70,42
2014-07-18,202,124,78
2014-07-18,439,263,176
2014-07-18,635,423,212
2014-07-18,383,250,133
2014-07-18,220,118,102
2014-07-18,142,62,80
2014-07-18,126,71,55
2014-07-18,145,62,83
2014-07-18,108,60,48
2014-07-18,136,48,88
2014-07-18,273,93,180
2014-07-18,475,147,328
2014-07-18,349,87,262
2014-07-18,152,55,97
2014-07-18,35,13,22
2014-07-18,13,5,8
2014-07-18,4,1,3
2014-07-18,5,3,2
2014-07-18,8,4,4
2014-07-18,22,8,14
2014-07-17,54,36,18
2014-07-17,81,36,45
2014-07-17,140,81,59
2014-07-17,197,94,103
2014-07-17,320,176,144
2014-07-17,454,277,177
2014-07-17,682,477,205
2014-07-17,347,225,122
2014-07-17,143,81,62
2014-07-17,132,61,71
2014-07-17,110,59,51
2014-07-17,111,52,59
2014-07-17,122,51,71
2014-07-17,130,50,80
2014-07-17,298,105,193
2014-07-17,543,178,365
2014-07-17,424,106,318
2014-07-17,144,42,102
2014-07-17,45,17,28
2014-07-17,9,2,7
2014-07-17,2,1,1
2014-07-17,6,1,5
2014-07-17,9,3,6
2014-07-17,32,14,18
2014-07-16,36,21,15
2014-07-16,50,28,22
2014-07-16,133,75,58
2014-07-16,239,142,97
2014-07-16,285,166,119
2014-07-16,580,367,213
2014-07-16,706,515,191
2014-07-16,359,226,133
2014-07-16,192,118,74
2014-07-16,141,81,60
2014-07-16,142,64,78
2014-07-16,145,79,66
2014-07-16,109,44,65
2014-07-16,176,67,109
2014-07-16,302,114,188
2014-07-16,589,181,408
2014-07-16,507,135,372
2014-07-16,214,71,143
2014-07-16,58,16,42
2014-07-16,10,3,7
2014-07-16,4,1,3
2014-07-16,3,1,2
2014-07-16,17,7,10
2014-07-16,12,5,7
2014-07-15,29,18,11
2014-07-15,83,39,44
2014-07-15,118,58,60
2014-07-15,203,113,90
2014-07-15,339,200,139
2014-07-15,598,405,193
2014-07-15,732,513,219
2014-07-15,379,243,136
2014-07-15,151,74,77
2014-07-15,92,50,42
2014-07-15,97,49,48
2014-07-15,144,49,95
2014-07-15,97,40,57
2014-07-15,146,73,73
2014-07-15,316,112,204
2014-07-15,624,208,416
2014-07-15,501,123,378
2014-07-15,199,62,137
2014-07-15,53,17,36
2014-07-15,9,2,7
2014-07-15,4,1,3
2014-07-15,4,1,3
2014-07-15,7,3,4
2014-07-15,16,12,4
2014-07-14,16,10,6
2014-07-14,45,25,20
2014-07-14,96,55,41
2014-07-14,200,106,94
2014-07-14,244,153,91
2014-07-14,562,357,205
2014-07-14,658,460,198
2014-07-14,343,224,119
2014-07-14,149,76,73
2014-07-14,128,71,57
2014-07-14,109,33,76
2014-07-14,82,39,43
2014-07-14,104,45,59
2014-07-14,134,59,75
2014-07-14,312,117,195
2014-07-14,550,157,393
2014-07-14,435,120,315
2014-07-14,162,50,112
2014-07-14,49,19,30
2014-07-14,7,5,2
2014-07-14,7,3,4
2014-07-14,1,0,1
2014-07-14,7,4,3
2014-07-14,11,7,4
2014-07-13,28,11,17
2014-07-13,86,61,25
2014-07-13,58,30,28
2014-07-13,84,37,47
2014-07-13,146,51,95
2014-07-13,126,62,64
2014-07-13,161,77,84
2014-07-13,169,89,80
2014-07-13,194,81,113
2014-07-13,136,62,74
2014-07-13,112,49,63
2014-07-13,192,73,119
2014-07-13,197,93,104
2014-07-13,177,79,98
2014-07-13,146,66,80
2014-07-13,114,43,71
2014-07-13,64,23,41
2014-07-13,28,14,14
2014-07-13,9,4,5
2014-07-13,4,2,2
2014-07-13,4,1,3
2014-07-13,11,2,9
2014-07-13,23,11,12
2014-07-13,29,13,16
2014-07-12,67,32,35
2014-07-12,46,15,31
2014-07-12,76,36,40
2014-07-12,139,74,65
2014-07-12,113,71,42
2014-07-12,109,55,54
2014-07-12,146,80,66
2014-07-12,142,74,68
2014-07-12,215,117,98
2014-07-12,142,53,89
2014-07-12,170,76,94
2014-07-12,169,89,80
2014-07-12,162,69,93
2014-07-12,198,82,116
2014-07-12,152,78,74
2014-07-12,114,47,67
2014-07-12,94,37,57
2014-07-12,57,36,21
2014-07-12,57,40,17
2014-07-12,50,36,14
2014-07-12,6,5,1
2014-07-12,11,6,5
2014-07-12,21,13,8
2014-07-12,24,15,9
2014-07-11,40,14,26
2014-07-11,73,38,35
2014-07-11,107,41,66
2014-07-11,112,52,60
2014-07-11,178,104,74
2014-07-11,346,220,126
2014-07-11,612,414,198
2014-07-11,371,241,130
2014-07-11,193,108,85
2014-07-11,142,72,70
2014-07-11,119,47,72
2014-07-11,115,46,69
2014-07-11,148,64,84
2014-07-11,150,66,84
2014-07-11,308,105,203
2014-07-11,514,172,342
2014-07-11,376,95,281
2014-07-11,143,39,104
2014-07-11,35,12,23
2014-07-11,15,8,7
2014-07-11,2,1,1
2014-07-11,12,7,5
2014-07-11,26,4,22
2014-07-11,31,12,19
2014-07-10,44,29,15
2014-07-10,65,36,29
2014-07-10,143,77,66
2014-07-10,203,109,94
2014-07-10,338,205,133
2014-07-10,514,327,187
2014-07-10,701,453,248
2014-07-10,346,212,134
2014-07-10,182,92,90
2014-07-10,137,69,68
2014-07-10,104,50,54
2014-07-10,124,60,64
2014-07-10,116,42,74
2014-07-10,123,60,63
2014-07-10,286,100,186
2014-07-10,621,195,426
2014-07-10,455,112,343
2014-07-10,200,56,144
2014-07-10,49,17,32
2014-07-10,9,1,8
2014-07-10,6,3,3
2014-07-10,6,1,5
2014-07-10,9,8,1
2014-07-10,19,8,11
2014-07-09,35,22,13
2014-07-09,62,29,33
2014-07-09,137,69,68
2014-07-09,192,111,81
2014-07-09,312,181,131
2014-07-09,608,408,200
2014-07-09,738,519,219
2014-07-09,410,258,152
2014-07-09,183,91,92
2014-07-09,118,58,60
2014-07-09,129,73,56
2014-07-09,130,61,69
2014-07-09,141,53,88
2014-07-09,145,57,88
2014-07-09,320,118,202
2014-07-09,633,181,452
2014-07-09,504,131,373
2014-07-09,228,68,160
2014-07-09,56,24,32
2014-07-09,13,8,5
2014-07-09,5,2,3
2014-07-09,5,1,4
2014-07-09,14,9,5
2014-07-09,17,12,5
2014-07-08,38,15,23
2014-07-08,71,43,28
2014-07-08,163,78,85
2014-07-08,209,124,85
2014-07-08,300,179,121
2014-07-08,574,395,179
2014-07-08,795,553,242
2014-07-08,391,231,160
2014-07-08,220,124,96
2014-07-08,114,65,49
2014-07-08,129,59,70
2014-07-08,155,70,85
2014-07-08,131,50,81
2014-07-08,181,76,105
2014-07-08,295,124,171
2014-07-08,594,165,429
2014-07-08,506,131,375
2014-07-08,233,73,160
2014-07-08,58,21,37
2014-07-08,13,5,8
2014-07-08,3,1,2
2014-07-08,8,5,3
2014-07-08,7,3,4
2014-07-08,27,16,11
2014-07-07,31,16,15
2014-07-07,64,39,25
2014-07-07,104,36,68
2014-07-07,152,89,63
2014-07-07,299,177,122
2014-07-07,494,317,177
2014-07-07,668,477,191
2014-07-07,315,187,128
2014-07-07,197,108,89
2014-07-07,136,62,74
2014-07-07,134,67,67
2014-07-07,107,51,56
2014-07-07,95,40,55
2014-07-07,128,55,73
2014-07-07,285,109,176
2014-07-07,531,164,367
2014-07-07,464,109,355
2014-07-07,161,57,104
2014-07-07,44,16,28
2014-07-07,16,8,8
2014-07-07,6,3,3
2014-07-07,6,2,4
2014-07-07,6,4,2
2014-07-07,13,9,4
2014-07-06,21,10,11
2014-07-06,48,23,25
2014-07-06,66,33,33
2014-07-06,115,42,73
2014-07-06,153,89,64
2014-07-06,170,87,83
2014-07-06,228,108,120
2014-07-06,233,91,142
2014-07-06,291,118,173
2014-07-06,306,136,170
2014-07-06,302,154,148
2014-07-06,249,116,133
2014-07-06,215,86,129
2014-07-06,151,83,68
2014-07-06,125,54,71
2014-07-06,113,29,84
2014-07-06,33,14,19
2014-07-06,15,10,5
2014-07-06,7,3,4
2014-07-06,2,1,1
2014-07-06,5,2,3
2014-07-06,4,3,1
2014-07-06,11,4,7
2014-07-06,19,9,10
2014-07-05,25,18,7
2014-07-05,34,12,22
2014-07-05,44,32,12
2014-07-05,72,41,31
2014-07-05,95,55,40
2014-07-05,138,79,59
2014-07-05,151,72,79
2014-07-05,149,67,82
2014-07-05,120,51,69
2014-07-05,126,59,67
2014-07-05,167,82,85
2014-07-05,169,87,82
2014-07-05,155,61,94
2014-07-05,142,65,77
2014-07-05,98,49,49
2014-07-05,76,34,42
2014-07-05,59,21,38
2014-07-05,19,7,12
2014-07-05,9,3,6
2014-07-05,7,3,4
2014-07-05,2,2,0
2014-07-05,12,3,9
2014-07-05,34,20,14
2014-07-05,73,49,24
2014-07-04,275,199,76
2014-07-04,75,32,43
2014-07-04,127,70,57
2014-07-04,131,72,59
2014-07-04,149,77,72
2014-07-04,191,95,96
2014-07-04,236,129,107
2014-07-04,290,143,147
2014-07-04,282,152,130
2014-07-04,214,104,110
2014-07-04,244,138,106
2014-07-04,240,125,115
2014-07-04,208,97,111
2014-07-04,177,94,83
2014-07-04,155,76,79
2014-07-04,126,60,66
2014-07-04,61,23,38
2014-07-04,27,12,15
2014-07-04,20,7,13
2014-07-04,9,4,5
2014-07-04,6,5,1
2014-07-04,6,2,4
2014-07-04,15,8,7
2014-07-04,20,15,5
2014-07-03,39,28,11
2014-07-03,52,29,23
2014-07-03,62,38,24
2014-07-03,140,78,62
2014-07-03,153,81,72
2014-07-03,321,191,130
2014-07-03,491,333,158
2014-07-03,382,255,127
2014-07-03,214,104,110
2014-07-03,148,97,51
2014-07-03,132,54,78
2014-07-03,127,61,66
2014-07-03,86,46,40
2014-07-03,138,67,71
2014-07-03,233,91,142
2014-07-03,455,142,313
2014-07-03,357,110,247
2014-07-03,135,42,93
2014-07-03,48,21,27
2014-07-03,4,1,3
2014-07-03,5,3,2
2014-07-03,2,2,0
2014-07-03,8,5,3
2014-07-03,27,16,11
2014-07-02,45,26,19
2014-07-02,53,31,22
2014-07-02,122,61,61
2014-07-02,200,121,79
2014-07-02,269,166,103
2014-07-02,560,373,187
2014-07-02,691,495,196
2014-07-02,375,230,145
2014-07-02,166,82,84
2014-07-02,134,78,56
2014-07-02,123,61,62
2014-07-02,110,47,63
2014-07-02,79,37,42
2014-07-02,148,58,90
2014-07-02,316,138,178
2014-07-02,618,196,422
2014-07-02,424,122,302
2014-07-02,191,51,140
2014-07-02,62,25,37
2014-07-02,6,1,5
2014-07-02,4,2,2
2014-07-02,5,3,2
2014-07-02,17,11,6
2014-07-02,24,14,10
2014-07-01,42,22,20
2014-07-01,86,45,41
2014-07-01,145,58,87
2014-07-01,179,92,87
2014-07-01,341,191,150
2014-07-01,593,393,200
2014-07-01,736,489,247
2014-07-01,402,242,160
2014-07-01,182,91,91
2014-07-01,112,66,46
2014-07-01,145,64,81
2014-07-01,147,75,72
2014-07-01,119,61,58
2014-07-01,148,64,84
2014-07-01,303,115,188
2014-07-01,608,187,421
2014-07-01,525,131,394
2014-07-01,227,69,158
2014-07-01,61,23,38
2014-07-01,14,3,11
2014-07-01,4,2,2
2014-07-01,4,3,1
2014-07-01,7,3,4
2014-07-01,17,12,5
2014-06-30,28,15,13
2014-06-30,58,30,28
2014-06-30,92,48,44
2014-06-30,165,92,73
2014-06-30,333,191,142
2014-06-30,590,360,230
2014-06-30,744,527,217
2014-06-30,378,233,145
2014-06-30,195,115,80
2014-06-30,137,64,73
2014-06-30,131,66,65
2014-06-30,113,46,67
2014-06-30,112,43,69
2014-06-30,125,50,75
2014-06-30,295,124,171
2014-06-30,609,188,421
2014-06-30,417,108,309
2014-06-30,183,58,125
2014-06-30,56,17,39
2014-06-30,15,8,7
2014-06-30,6,4,2
2014-06-30,4,4,0
2014-06-30,4,2,2
2014-06-30,12,6,6
2014-06-29,17,10,7
2014-06-29,26,9,17
2014-06-29,44,28,16
2014-06-29,72,29,43
2014-06-29,100,56,44
2014-06-29,165,85,80
2014-06-29,203,93,110
2014-06-29,197,93,104
2014-06-29,227,124,103
2014-06-29,191,83,108
2014-06-29,197,86,111
2014-06-29,192,74,118
2014-06-29,198,78,120
2014-06-29,157,62,95
2014-06-29,94,40,54
2014-06-29,89,40,49
2014-06-29,56,24,32
2014-06-29,23,13,10
2014-06-29,10,4,6
2014-06-29,6,2,4
2014-06-29,3,0,3
2014-06-29,15,3,12
2014-06-29,6,2,4
2014-06-29,24,12,12
2014-06-28,32,15,17
2014-06-28,26,11,15
2014-06-28,56,34,22
2014-06-28,73,39,34
2014-06-28,90,38,52
2014-06-28,123,61,62
2014-06-28,149,79,70
2014-06-28,123,53,70
2014-06-28,126,53,73
2014-06-28,116,60,56
2014-06-28,131,61,70
2014-06-28,154,66,88
2014-06-28,106,56,50
2014-06-28,138,77,61
2014-06-28,108,49,59
2014-06-28,77,33,44
2014-06-28,62,27,35
2014-06-28,40,22,18
2014-06-28,9,4,5
2014-06-28,4,1,3
2014-06-28,2,0,2
2014-06-28,9,6,3
2014-06-28,16,6,10
2014-06-28,10,6,4
2014-06-27,33,18,15
2014-06-27,48,27,21
2014-06-27,60,30,30
2014-06-27,72,42,30
2014-06-27,161,101,60
2014-06-27,280,190,90
2014-06-27,425,274,151
2014-06-27,272,163,109
2014-06-27,126,68,58
2014-06-27,96,46,50
2014-06-27,65,27,38
2014-06-27,59,28,31
2014-06-27,71,25,46
2014-06-27,95,39,56
2014-06-27,197,79,118
2014-06-27,364,109,255
2014-06-27,245,65,180
2014-06-27,119,40,79
2014-06-27,31,8,23
2014-06-27,8,5,3
2014-06-27,5,5,0
2014-06-27,5,3,2
2014-06-27,14,10,4
2014-06-27,20,13,7
2014-06-26,25,16,9
2014-06-26,42,20,22
2014-06-26,98,49,49
2014-06-26,115,77,38
2014-06-26,221,122,99
2014-06-26,437,293,144
2014-06-26,524,373,151
2014-06-26,285,159,126
2014-06-26,157,81,76
2014-06-26,116,66,50
2014-06-26,109,47,62
2014-06-26,126,58,68
2014-06-26,136,62,74
2014-06-26,110,47,63
2014-06-26,217,82,135
2014-06-26,515,175,340
2014-06-26,354,90,264
2014-06-26,162,46,116
2014-06-26,51,16,35
2014-06-26,8,2,6
2014-06-26,5,2,3
2014-06-26,10,7,3
2014-06-26,8,6,2
2014-06-26,26,13,13
2014-06-25,39,19,20
2014-06-25,67,39,28
2014-06-25,100,52,48
2014-06-25,152,82,70
2014-06-25,264,163,101
2014-06-25,529,349,180
2014-06-25,707,507,200
2014-06-25,352,225,127
2014-06-25,167,97,70
2014-06-25,125,68,57
2014-06-25,111,54,57
2014-06-25,126,67,59
2014-06-25,84,36,48
2014-06-25,141,54,87
2014-06-25,282,123,159
2014-06-25,552,174,378
2014-06-25,457,125,332
2014-06-25,178,59,119
2014-06-25,45,17,28
2014-06-25,8,7,1
2014-06-25,9,6,3
2014-06-25,7,4,3
2014-06-25,11,7,4
2014-06-25,19,10,9
2014-06-24,39,25,14
2014-06-24,76,42,34
2014-06-24,90,41,49
2014-06-24,181,93,88
2014-06-24,294,171,123
2014-06-24,523,313,210
2014-06-24,642,441,201
2014-06-24,342,205,137
2014-06-24,169,84,85
2014-06-24,116,52,64
2014-06-24,114,60,54
2014-06-24,94,46,48
2014-06-24,96,38,58
2014-06-24,107,43,64
2014-06-24,280,124,156
2014-06-24,525,163,362
2014-06-24,407,101,306
2014-06-24,159,49,110
2014-06-24,48,21,27
2014-06-24,10,3,7
2014-06-24,4,3,1
2014-06-24,3,0,3
2014-06-24,5,4,1
2014-06-24,18,14,4
2014-06-23,24,14,10
2014-06-23,43,26,17
2014-06-23,71,46,25
2014-06-23,108,63,45
2014-06-23,228,119,109
2014-06-23,490,341,149
2014-06-23,716,510,206
2014-06-23,356,218,138
2014-06-23,175,86,89
2014-06-23,128,61,67
2014-06-23,117,50,67
2014-06-23,123,52,71
2014-06-23,125,63,62
2014-06-23,144,68,76
2014-06-23,344,160,184
2014-06-23,592,188,404
2014-06-23,433,112,321
2014-06-23,174,54,120
2014-06-23,47,17,30
2014-06-23,10,3,7
2014-06-23,6,3,3
2014-06-23,6,2,4
2014-06-23,7,4,3
2014-06-23,10,6,4
2014-06-22,15,10,5
2014-06-22,24,14,10
2014-06-22,75,28,47
2014-06-22,85,51,34
2014-06-22,141,89,52
2014-06-22,179,82,97
2014-06-22,188,83,105
2014-06-22,194,77,117
2014-06-22,212,99,113
2014-06-22,271,144,127
2014-06-22,301,171,130
2014-06-22,271,138,133
2014-06-22,206,91,115
2014-06-22,116,57,59
2014-06-22,157,64,93
2014-06-22,87,42,45
2014-06-22,76,26,50
2014-06-22,24,13,11
2014-06-22,17,5,12
2014-06-22,4,3,1
2014-06-22,7,3,4
2014-06-22,9,1,8
2014-06-22,25,6,19
2014-06-22,30,6,24
2014-06-21,88,40,48
2014-06-21,105,52,53
2014-06-21,151,67,84
2014-06-21,177,102,75
2014-06-21,237,117,120
2014-06-21,277,125,152
2014-06-21,187,109,78
2014-06-21,92,62,30
2014-06-21,81,46,35
2014-06-21,223,139,84
2014-06-21,259,174,85
2014-06-21,290,187,103
2014-06-21,267,142,125
2014-06-21,225,99,126
2014-06-21,178,82,96
2014-06-21,145,51,94
2014-06-21,70,29,41
2014-06-21,53,19,34
2014-06-21,20,4,16
2014-06-21,11,7,4
2014-06-21,3,2,1
2014-06-21,15,5,10
2014-06-21,23,17,6
2014-06-21,27,17,10
2014-06-20,67,26,41
2014-06-20,66,28,38
2014-06-20,77,36,41
2014-06-20,138,77,61
2014-06-20,223,138,85
2014-06-20,342,243,99
2014-06-20,560,382,178
2014-06-20,322,204,118
2014-06-20,174,93,81
2014-06-20,129,60,69
2014-06-20,134,72,62
2014-06-20,103,35,68
2014-06-20,96,40,56
2014-06-20,108,40,68
2014-06-20,252,103,149
2014-06-20,430,133,297
2014-06-20,359,112,247
2014-06-20,151,43,108
2014-06-20,27,5,22
2014-06-20,8,3,5
2014-06-20,1,1,0
2014-06-20,3,0,3
2014-06-20,7,4,3
2014-06-20,13,10,3
2014-06-19,22,12,10
2014-06-19,55,28,27
2014-06-19,69,43,26
2014-06-19,142,81,61
2014-06-19,247,151,96
2014-06-19,482,312,170
2014-06-19,691,487,204
2014-06-19,348,199,149
2014-06-19,196,98,98
2014-06-19,134,64,70
2014-06-19,129,69,60
2014-06-19,105,53,52
2014-06-19,119,46,73
2014-06-19,127,47,80
2014-06-19,282,110,172
2014-06-19,534,160,374
2014-06-19,452,111,341
2014-06-19,192,56,136
2014-06-19,42,17,25
2014-06-19,11,3,8
2014-06-19,5,1,4
2014-06-19,6,1,5
2014-06-19,12,10,2
2014-06-19,10,5,5
2014-06-18,33,15,18
2014-06-18,61,32,29
2014-06-18,121,53,68
2014-06-18,155,77,78
2014-06-18,291,174,117
2014-06-18,535,349,186
2014-06-18,717,500,217
2014-06-18,389,237,152
2014-06-18,171,92,79
2014-06-18,110,49,61
2014-06-18,101,46,55
2014-06-18,108,53,55
2014-06-18,104,39,65
2014-06-18,115,48,67
2014-06-18,284,111,173
2014-06-18,619,185,434
2014-06-18,442,120,322
2014-06-18,198,57,141
2014-06-18,58,17,41
2014-06-18,8,5,3
2014-06-18,5,2,3
2014-06-18,5,0,5
2014-06-18,5,4,1
2014-06-18,15,5,10
2014-06-17,32,17,15
2014-06-17,48,26,22
2014-06-17,72,42,30
2014-06-17,153,90,63
2014-06-17,272,154,118
2014-06-17,448,294,154
2014-06-17,639,448,191
2014-06-17,286,185,101
2014-06-17,140,69,71
2014-06-17,106,53,53
2014-06-17,97,51,46
2014-06-17,70,28,42
2014-06-17,100,47,53
2014-06-17,124,57,67
2014-06-17,285,119,166
2014-06-17,551,161,390
2014-06-17,438,102,336
2014-06-17,170,56,114
2014-06-17,42,12,30
2014-06-17,6,4,2
2014-06-17,5,1,4
2014-06-17,1,1,0
2014-06-17,6,1,5
2014-06-17,16,14,2
2014-06-16,26,20,6
2014-06-16,56,22,34
2014-06-16,85,49,36
2014-06-16,128,68,60
2014-06-16,243,148,95
2014-06-16,377,247,130
2014-06-16,538,354,184
2014-06-16,221,134,87
2014-06-16,133,75,58
2014-06-16,110,54,56
2014-06-16,81,42,39
2014-06-16,62,30,32
2014-06-16,86,25,61
2014-06-16,59,26,33
2014-06-16,161,69,92
2014-06-16,448,140,308
2014-06-16,333,85,248
2014-06-16,145,55,90
2014-06-16,40,15,25
2014-06-16,12,6,6
2014-06-16,4,2,2
2014-06-16,2,0,2
2014-06-16,7,5,2
2014-06-16,4,1,3
2014-06-15,9,4,5
2014-06-15,15,10,5
2014-06-15,15,10,5
2014-06-15,17,8,9
2014-06-15,34,21,13
2014-06-15,62,20,42
2014-06-15,90,41,49
2014-06-15,124,69,55
2014-06-15,119,53,66
2014-06-15,136,55,81
2014-06-15,129,49,80
2014-06-15,133,51,82
2014-06-15,118,43,75
2014-06-15,87,45,42
2014-06-15,70,18,52
2014-06-15,42,14,28
2014-06-15,19,7,12
2014-06-15,12,6,6
2014-06-15,5,3,2
2014-06-15,3,2,1
2014-06-15,3,1,2
2014-06-15,5,4,1
2014-06-15,9,6,3
2014-06-15,11,7,4
2014-06-14,27,14,13
2014-06-14,43,27,16
2014-06-14,28,16,12
2014-06-14,61,37,24
2014-06-14,79,33,46
2014-06-14,120,56,64
2014-06-14,135,52,83
2014-06-14,140,62,78
2014-06-14,127,53,74
2014-06-14,162,79,83
2014-06-14,124,52,72
2014-06-14,136,75,61
2014-06-14,125,39,86
2014-06-14,106,51,55
2014-06-14,126,61,65
2014-06-14,76,34,42
2014-06-14,58,28,30
2014-06-14,28,15,13
2014-06-14,7,3,4
2014-06-14,10,2,8
2014-06-14,6,2,4
2014-06-14,6,4,2
2014-06-14,20,8,12
2014-06-14,23,15,8
2014-06-13,32,16,16
2014-06-13,26,12,14
2014-06-13,39,24,15
2014-06-13,69,41,28
2014-06-13,107,71,36
2014-06-13,194,138,56
2014-06-13,324,223,101
2014-06-13,195,126,69
2014-06-13,116,61,55
2014-06-13,75,45,30
2014-06-13,63,32,31
2014-06-13,53,28,25
2014-06-13,59,22,37
2014-06-13,82,39,43
2014-06-13,171,62,109
2014-06-13,297,81,216
2014-06-13,205,55,150
2014-06-13,85,23,62
2014-06-13,27,8,19
2014-06-13,12,6,6
2014-06-13,7,5,2
2014-06-13,6,4,2
2014-06-13,7,2,5
2014-06-13,15,11,4
2014-06-12,33,23,10
2014-06-12,32,21,11
2014-06-12,72,37,35
2014-06-12,118,64,54
2014-06-12,215,133,82
2014-06-12,444,298,146
2014-06-12,634,437,197
2014-06-12,290,181,109
2014-06-12,166,85,81
2014-06-12,127,68,59
2014-06-12,114,46,68
2014-06-12,112,50,62
2014-06-12,87,39,48
2014-06-12,122,53,69
2014-06-12,284,91,193
2014-06-12,515,143,372
2014-06-12,423,103,320
2014-06-12,178,53,125
2014-06-12,49,24,25
2014-06-12,17,8,9
2014-06-12,5,3,2
2014-06-12,5,1,4
2014-06-12,9,5,4
2014-06-12,26,13,13
2014-06-11,26,17,9
2014-06-11,70,38,32
2014-06-11,89,41,48
2014-06-11,173,88,85
2014-06-11,297,155,142
2014-06-11,619,397,222
2014-06-11,803,565,238
2014-06-11,385,231,154
2014-06-11,227,115,112
2014-06-11,167,77,90
2014-06-11,147,69,78
2014-06-11,123,60,63
2014-06-11,121,60,61
2014-06-11,147,68,79
2014-06-11,335,130,205
2014-06-11,631,185,446
2014-06-11,506,133,373
2014-06-11,222,60,162
2014-06-11,55,24,31
2014-06-11,13,5,8
2014-06-11,5,2,3
2014-06-11,3,2,1
2014-06-11,6,4,2
2014-06-11,26,16,10
2014-06-10,34,21,13
2014-06-10,70,41,29
2014-06-10,86,49,37
2014-06-10,157,92,65
2014-06-10,271,156,115
2014-06-10,525,358,167
2014-06-10,645,446,199
2014-06-10,347,227,120
2014-06-10,164,87,77
2014-06-10,140,75,65
2014-06-10,99,40,59
2014-06-10,107,51,56
2014-06-10,96,49,47
2014-06-10,125,55,70
2014-06-10,319,143,176
2014-06-10,600,175,425
2014-06-10,453,116,337
2014-06-10,201,59,142
2014-06-10,47,16,31
2014-06-10,14,6,8
2014-06-10,3,0,3
2014-06-10,8,3,5
2014-06-10,7,5,2
2014-06-10,12,7,5
2014-06-09,32,22,10
2014-06-09,46,26,20
2014-06-09,56,28,28
2014-06-09,110,64,46
2014-06-09,215,126,89
2014-06-09,500,349,151
2014-06-09,663,483,180
2014-06-09,307,184,123
2014-06-09,155,80,75
2014-06-09,106,56,50
2014-06-09,101,52,49
2014-06-09,83,40,43
2014-06-09,97,45,52
2014-06-09,109,49,60
2014-06-09,293,101,192
2014-06-09,592,192,400
2014-06-09,407,106,301
2014-06-09,175,48,127
2014-06-09,36,14,22
2014-06-09,13,5,8
2014-06-09,4,1,3
2014-06-09,4,2,2
2014-06-09,9,5,4
2014-06-09,15,10,5
2014-06-08,22,14,8
2014-06-08,31,14,17
2014-06-08,46,14,32
2014-06-08,80,37,43
2014-06-08,100,42,58
2014-06-08,168,64,104
2014-06-08,198,96,102
2014-06-08,256,107,149
2014-06-08,276,116,160
2014-06-08,296,122,174
2014-06-08,432,120,312
2014-06-08,396,91,305
2014-06-08,201,77,124
2014-06-08,358,269,89
2014-06-08,413,330,83
2014-06-08,110,47,63
2014-06-08,51,22,29
2014-06-08,29,11,18
2014-06-08,13,3,10
2014-06-08,5,3,2
2014-06-08,3,1,2
2014-06-08,15,11,4
2014-06-08,12,8,4
2014-06-08,36,28,8
2014-06-07,37,18,19
2014-06-07,37,17,20
2014-06-07,82,49,33
2014-06-07,89,38,51
2014-06-07,121,53,68
2014-06-07,160,73,87
2014-06-07,187,79,108
2014-06-07,243,122,121
2014-06-07,247,124,123
2014-06-07,252,98,154
2014-06-07,288,127,161
2014-06-07,202,81,121
2014-06-07,230,103,127
2014-06-07,169,74,95
2014-06-07,150,71,79
2014-06-07,110,58,52
2014-06-07,98,39,59
2014-06-07,34,17,17
2014-06-07,12,5,7
2014-06-07,2,0,2
2014-06-07,4,2,2
2014-06-07,14,8,6
2014-06-07,19,9,10
2014-06-07,20,13,7
2014-06-06,33,17,16
2014-06-06,65,37,28
2014-06-06,84,46,38
2014-06-06,125,65,60
2014-06-06,252,152,100
2014-06-06,385,235,150
2014-06-06,625,452,173
2014-06-06,370,246,124
2014-06-06,223,121,102
2014-06-06,186,90,96
2014-06-06,160,82,78
2014-06-06,143,68,75
2014-06-06,126,58,68
2014-06-06,132,58,74
2014-06-06,286,108,178
2014-06-06,532,144,388
2014-06-06,383,110,273
2014-06-06,167,49,118
2014-06-06,40,14,26
2014-06-06,13,4,9
2014-06-06,7,2,5
2014-06-06,6,5,1
2014-06-06,17,9,8
2014-06-06,22,10,12
2014-06-05,36,25,11
2014-06-05,69,39,30
2014-06-05,116,68,48
2014-06-05,170,96,74
2014-06-05,278,170,108
2014-06-05,519,352,167
2014-06-05,649,479,170
2014-06-05,308,199,109
2014-06-05,196,109,87
2014-06-05,145,68,77
2014-06-05,146,66,80
2014-06-05,119,61,58
2014-06-05,94,37,57
2014-06-05,139,63,76
2014-06-05,299,123,176
2014-06-05,608,199,409
2014-06-05,494,108,386
2014-06-05,188,57,131
2014-06-05,49,14,35
2014-06-05,13,6,7
2014-06-05,4,1,3
2014-06-05,10,1,9
2014-06-05,7,4,3
2014-06-05,19,8,11
2014-06-04,31,17,14
2014-06-04,66,27,39
2014-06-04,99,40,59
2014-06-04,171,103,68
2014-06-04,302,179,123
2014-06-04,555,362,193
2014-06-04,743,501,242
2014-06-04,380,251,129
2014-06-04,193,106,87
2014-06-04,113,60,53
2014-06-04,139,69,70
2014-06-04,128,62,66
2014-06-04,104,50,54
2014-06-04,124,54,70
2014-06-04,313,120,193
2014-06-04,625,190,435
2014-06-04,482,103,379
2014-06-04,195,68,127
2014-06-04,50,13,37
2014-06-04,12,6,6
2014-06-04,5,2,3
2014-06-04,5,2,3
2014-06-04,7,6,1
2014-06-04,21,9,12
2014-06-03,31,19,12
2014-06-03,64,29,35
2014-06-03,102,51,51
2014-06-03,144,85,59
2014-06-03,269,152,117
2014-06-03,580,381,199
2014-06-03,701,503,198
2014-06-03,345,211,134
2014-06-03,156,83,73
2014-06-03,123,59,64
2014-06-03,92,46,46
2014-06-03,122,48,74
2014-06-03,109,55,54
2014-06-03,112,47,65
2014-06-03,329,136,193
2014-06-03,606,183,423
2014-06-03,486,110,376
2014-06-03,208,68,140
2014-06-03,55,16,39
2014-06-03,11,6,5
2014-06-03,3,1,2
2014-06-03,1,0,1
2014-06-03,7,3,4
2014-06-03,14,7,7
2014-06-02,35,21,14
2014-06-02,48,26,22
2014-06-02,85,52,33
2014-06-02,168,94,74
2014-06-02,292,189,103
2014-06-02,592,380,212
2014-06-02,774,543,231
2014-06-02,381,251,130
2014-06-02,179,92,87
2014-06-02,155,83,72
2014-06-02,139,72,67
2014-06-02,108,56,52
2014-06-02,109,54,55
2014-06-02,123,44,79
2014-06-02,334,137,197
2014-06-02,643,189,454
2014-06-02,461,109,352
2014-06-02,200,55,145
2014-06-02,61,23,38
2014-06-02,10,5,5
2014-06-02,5,2,3
2014-06-02,1,0,1
2014-06-02,5,4,1
2014-06-02,6,6,0
2014-06-01,15,6,9
2014-06-01,29,19,10
2014-06-01,53,29,24
2014-06-01,94,44,50
2014-06-01,141,49,92
2014-06-01,183,89,94
2014-06-01,169,81,88
2014-06-01,281,136,145
2014-06-01,248,104,144
2014-06-01,259,98,161
2014-06-01,228,113,115
2014-06-01,217,101,116
2014-06-01,191,81,110
2014-06-01,142,66,76
2014-06-01,129,50,79
2014-06-01,78,33,45
2014-06-01,47,19,28
2014-06-01,26,8,18
2014-06-01,7,3,4
2014-06-01,4,3,1
2014-06-01,3,0,3
2014-06-01,19,5,14
2014-06-01,16,9,7
2014-06-01,22,17,5
2014-05-31,53,27,26
2014-05-31,40,15,25
2014-05-31,54,27,27
2014-05-31,104,43,61
2014-05-31,134,69,65
2014-05-31,180,81,99
2014-05-31,196,100,96
2014-05-31,267,120,147
2014-05-31,266,128,138
2014-05-31,252,126,126
2014-05-31,230,92,138
2014-05-31,258,108,150
2014-05-31,206,64,142
2014-05-31,203,79,124
2014-05-31,146,71,75
2014-05-31,109,49,60
2014-05-31,93,38,55
2014-05-31,31,12,19
2014-05-31,9,2,7
2014-05-31,4,1,3
2014-05-31,4,1,3
2014-05-31,10,2,8
2014-05-31,11,5,6
2014-05-31,27,18,9
2014-05-30,46,27,19
2014-05-30,66,42,24
2014-05-30,95,40,55
2014-05-30,126,67,59
2014-05-30,242,154,88
2014-05-30,484,314,170
2014-05-30,705,482,223
2014-05-30,416,279,137
2014-05-30,257,151,106
2014-05-30,184,93,91
2014-05-30,138,67,71
2014-05-30,125,58,67
2014-05-30,115,52,63
2014-05-30,125,52,73
2014-05-30,300,122,178
2014-05-30,622,188,434
2014-05-30,504,127,377
2014-05-30,198,72,126
2014-05-30,52,14,38
2014-05-30,12,7,5
2014-05-30,9,4,5
2014-05-30,6,1,5
2014-05-30,7,3,4
2014-05-30,35,16,19
2014-05-29,31,20,11
2014-05-29,51,30,21
2014-05-29,79,46,33
2014-05-29,161,81,80
2014-05-29,257,147,110
2014-05-29,546,354,192
2014-05-29,720,534,186
2014-05-29,366,231,135
2014-05-29,161,83,78
2014-05-29,114,62,52
2014-05-29,104,51,53
2014-05-29,113,55,58
2014-05-29,100,40,60
2014-05-29,128,49,79
2014-05-29,341,143,198
2014-05-29,573,166,407
2014-05-29,478,118,360
2014-05-29,194,50,144
2014-05-29,48,17,31
2014-05-29,9,4,5
2014-05-29,4,0,4
2014-05-29,3,2,1
2014-05-29,4,3,1
2014-05-29,2,1,1
2014-05-28,20,15,5
2014-05-28,37,19,18
2014-05-28,62,30,32
2014-05-28,105,53,52
2014-05-28,206,128,78
2014-05-28,414,269,145
2014-05-28,597,428,169
2014-05-28,328,211,117
2014-05-28,131,73,58
2014-05-28,147,70,77
2014-05-28,104,40,64
2014-05-28,96,45,51
2014-05-28,94,38,56
2014-05-28,137,52,85
2014-05-28,291,102,189
2014-05-28,553,170,383
2014-05-28,436,101,335
2014-05-28,183,60,123
2014-05-28,42,13,29
2014-05-28,5,1,4
2014-05-28,2,1,1
2014-05-28,4,2,2
2014-05-28,5,3,2
2014-05-28,9,6,3
2014-05-27,22,13,9
2014-05-27,56,39,17
2014-05-27,81,46,35
2014-05-27,159,102,57
2014-05-27,307,172,135
2014-05-27,588,385,203
2014-05-27,799,567,232
2014-05-27,387,236,151
2014-05-27,174,84,90
2014-05-27,144,68,76
2014-05-27,112,61,51
2014-05-27,117,54,63
2014-05-27,102,39,63
2014-05-27,153,63,90
2014-05-27,330,140,190
2014-05-27,657,186,471
2014-05-27,535,129,406
2014-05-27,215,57,158
2014-05-27,61,19,42
2014-05-27,13,4,9
2014-05-27,3,1,2
2014-05-27,2,1,1
2014-05-27,6,1,5
2014-05-27,9,3,6
2014-05-26,17,9,8
2014-05-26,26,11,15
2014-05-26,78,53,25
2014-05-26,84,42,42
2014-05-26,93,50,43
2014-05-26,137,65,72
2014-05-26,179,77,102
2014-05-26,215,114,101
2014-05-26,196,83,113
2014-05-26,269,111,158
2014-05-26,235,95,140
2014-05-26,251,102,149
2014-05-26,194,70,124
2014-05-26,97,44,53
2014-05-26,82,38,44
2014-05-26,56,25,31
2014-05-26,34,11,23
2014-05-26,14,9,5
2014-05-26,13,10,3
2014-05-26,4,2,2
2014-05-26,1,0,1
2014-05-26,2,2,0
2014-05-26,5,4,1
2014-05-26,7,2,5
2014-05-25,8,6,2
2014-05-25,8,5,3
2014-05-25,21,14,7
2014-05-25,26,17,9
2014-05-25,41,27,14
2014-05-25,31,14,17
2014-05-25,55,28,27
2014-05-25,71,35,36
2014-05-25,98,49,49
2014-05-25,96,34,62
2014-05-25,98,47,51
2014-05-25,150,59,91
2014-05-25,167,74,93
2014-05-25,103,37,66
2014-05-25,85,41,44
2014-05-25,67,29,38
2014-05-25,38,17,21
2014-05-25,13,5,8
2014-05-25,7,3,4
2014-05-25,8,3,5
2014-05-25,3,1,2
2014-05-25,10,5,5
2014-05-25,8,3,5
2014-05-25,22,11,11
2014-05-24,27,17,10
2014-05-24,47,32,15
2014-05-24,55,36,19
2014-05-24,79,42,37
2014-05-24,87,50,37
2014-05-24,115,43,72
2014-05-24,164,67,97
2014-05-24,205,92,113
2014-05-24,201,104,97
2014-05-24,177,72,105
2014-05-24,207,99,108
2014-05-24,172,77,95
2014-05-24,185,104,81
2014-05-24,105,41,64
2014-05-24,116,67,49
2014-05-24,88,38,50
2014-05-24,50,20,30
2014-05-24,30,11,19
2014-05-24,6,3,3
2014-05-24,4,1,3
2014-05-24,1,0,1
2014-05-24,4,2,2
2014-05-24,13,6,7
2014-05-24,17,7,10
2014-05-23,20,14,6
2014-05-23,45,22,23
2014-05-23,46,17,29
2014-05-23,75,48,27
2014-05-23,119,63,56
2014-05-23,247,145,102
2014-05-23,366,253,113
2014-05-23,227,148,79
2014-05-23,143,86,57
2014-05-23,110,66,44
2014-05-23,61,38,23
2014-05-23,59,23,36
2014-05-23,46,23,23
2014-05-23,69,21,48
2014-05-23,152,64,88
2014-05-23,294,84,210
2014-05-23,265,59,206
2014-05-23,148,42,106
2014-05-23,39,15,24
2014-05-23,6,3,3
2014-05-23,1,1,0
2014-05-23,0,0,0
2014-05-23,8,6,2
2014-05-23,10,7,3
2014-05-22,28,23,5
2014-05-22,44,25,19
2014-05-22,108,64,44
2014-05-22,144,87,57
2014-05-22,255,165,90
2014-05-22,535,347,188
2014-05-22,716,516,200
2014-05-22,396,236,160
2014-05-22,206,130,76
2014-05-22,152,69,83
2014-05-22,142,58,84
2014-05-22,144,80,64
2014-05-22,106,53,53
2014-05-22,119,44,75
2014-05-22,301,123,178
2014-05-22,640,189,451
2014-05-22,559,140,419
2014-05-22,225,54,171
2014-05-22,53,18,35
2014-05-22,9,3,6
2014-05-22,2,2,0
2014-05-22,4,1,3
2014-05-22,5,2,3
2014-05-22,17,8,9
2014-05-21,40,22,18
2014-05-21,63,22,41
2014-05-21,116,56,60
2014-05-21,171,92,79
2014-05-21,318,178,140
2014-05-21,583,378,205
2014-05-21,836,585,251
2014-05-21,408,267,141
2014-05-21,206,110,96
2014-05-21,120,62,58
2014-05-21,131,49,82
2014-05-21,106,49,57
2014-05-21,83,33,50
2014-05-21,122,61,61
2014-05-21,339,140,199
2014-05-21,630,198,432
2014-05-21,599,146,453
2014-05-21,254,77,177
2014-05-21,63,16,47
2014-05-21,10,6,4
2014-05-21,4,1,3
2014-05-21,0,0,0
2014-05-21,11,5,6
2014-05-21,16,10,6
2014-05-20,35,18,17
2014-05-20,72,38,34
2014-05-20,109,62,47
2014-05-20,181,114,67
2014-05-20,310,183,127
2014-05-20,587,379,208
2014-05-20,946,667,279
2014-05-20,425,278,147
2014-05-20,209,113,96
2014-05-20,164,85,79
2014-05-20,153,68,85
2014-05-20,129,69,60
2014-05-20,136,64,72
2014-05-20,150,55,95
2014-05-20,368,154,214
2014-05-20,696,224,472
2014-05-20,641,153,488
2014-05-20,246,72,174
2014-05-20,77,20,57
2014-05-20,10,2,8
2014-05-20,6,2,4
2014-05-20,6,2,4
2014-05-20,5,4,1
2014-05-20,17,9,8
2014-05-19,31,20,11
2014-05-19,39,23,16
2014-05-19,87,49,38
2014-05-19,151,83,68
2014-05-19,257,161,96
2014-05-19,601,382,219
2014-05-19,745,524,221
2014-05-19,373,229,144
2014-05-19,174,94,80
2014-05-19,113,58,55
2014-05-19,119,57,62
2014-05-19,95,41,54
2014-05-19,119,58,61
2014-05-19,131,48,83
2014-05-19,292,121,171
2014-05-19,606,174,432
2014-05-19,483,110,373
2014-05-19,197,57,140
2014-05-19,57,22,35
2014-05-19,12,3,9
2014-05-19,1,0,1
2014-05-19,8,4,4
2014-05-19,4,1,3
2014-05-19,7,3,4
2014-05-18,15,6,9
2014-05-18,17,10,7
2014-05-18,26,14,12
2014-05-18,27,14,13
2014-05-18,46,21,25
2014-05-18,106,44,62
2014-05-18,121,52,69
2014-05-18,161,70,91
2014-05-18,243,95,148
2014-05-18,224,111,113
2014-05-18,201,82,119
2014-05-18,169,80,89
2014-05-18,155,67,88
2014-05-18,128,53,75
2014-05-18,101,44,57
2014-05-18,72,21,51
2014-05-18,44,16,28
2014-05-18,16,8,8
2014-05-18,13,4,9
2014-05-18,2,2,0
2014-05-18,2,1,1
2014-05-18,11,7,4
2014-05-18,20,13,7
2014-05-18,17,13,4
2014-05-17,30,17,13
2014-05-17,41,23,18
2014-05-17,57,33,24
2014-05-17,72,27,45
2014-05-17,94,35,59
2014-05-17,107,38,69
2014-05-17,146,63,83
2014-05-17,161,75,86
2014-05-17,163,79,84
2014-05-17,179,90,89
2014-05-17,182,82,100
2014-05-17,167,62,105
2014-05-17,181,81,100
2014-05-17,138,56,82
2014-05-17,100,55,45
2014-05-17,73,37,36
2014-05-17,66,25,41
2014-05-17,24,12,12
2014-05-17,12,7,5
2014-05-17,3,1,2
2014-05-17,7,4,3
2014-05-17,11,9,2
2014-05-17,8,5,3
2014-05-17,19,9,10
2014-05-16,35,21,14
2014-05-16,49,27,22
2014-05-16,71,41,30
2014-05-16,107,68,39
2014-05-16,214,125,89
2014-05-16,513,358,155
2014-05-16,795,564,231
2014-05-16,457,308,149
2014-05-16,245,140,105
2014-05-16,162,88,74
2014-05-16,150,87,63
2014-05-16,122,58,64
2014-05-16,101,53,48
2014-05-16,150,58,92
2014-05-16,389,155,234
2014-05-16,879,189,690
2014-05-16,841,143,698
2014-05-16,333,71,262
2014-05-16,70,19,51
2014-05-16,11,8,3
2014-05-16,3,1,2
2014-05-16,8,1,7
2014-05-16,13,7,6
2014-05-16,24,9,15
2014-05-15,32,15,17
2014-05-15,47,18,29
2014-05-15,117,61,56
2014-05-15,190,104,86
2014-05-15,270,170,100
2014-05-15,601,406,195
2014-05-15,784,574,210
2014-05-15,383,256,127
2014-05-15,253,153,100
2014-05-15,140,56,84
2014-05-15,115,57,58
2014-05-15,120,64,56
2014-05-15,133,60,73
2014-05-15,152,59,93
2014-05-15,338,123,215
2014-05-15,681,224,457
2014-05-15,600,137,463
2014-05-15,241,65,176
2014-05-15,53,19,34
2014-05-15,7,2,5
2014-05-15,9,2,7
2014-05-15,9,7,2
2014-05-15,7,4,3
2014-05-15,18,7,11
2014-05-14,27,14,13
2014-05-14,57,32,25
2014-05-14,153,89,64
2014-05-14,222,116,106
2014-05-14,330,192,138
2014-05-14,683,412,271
2014-05-14,923,635,288
2014-05-14,510,320,190
2014-05-14,220,118,102
2014-05-14,161,69,92
2014-05-14,142,71,71
2014-05-14,134,53,81
2014-05-14,131,50,81
2014-05-14,164,74,90
2014-05-14,340,144,196
2014-05-14,692,201,491
2014-05-14,619,145,474
2014-05-14,272,80,192
2014-05-14,67,19,48
2014-05-14,9,5,4
2014-05-14,4,2,2
2014-05-14,3,1,2
2014-05-14,7,2,5
2014-05-14,17,8,9
2014-05-13,44,19,25
2014-05-13,68,42,26
2014-05-13,120,63,57
2014-05-13,246,125,121
2014-05-13,337,205,132
2014-05-13,735,485,250
2014-05-13,925,654,271
2014-05-13,480,310,170
2014-05-13,228,128,100
2014-05-13,185,73,112
2014-05-13,136,65,71
2014-05-13,127,59,68
2014-05-13,136,55,81
2014-05-13,143,47,96
2014-05-13,373,157,216
2014-05-13,719,220,499
2014-05-13,698,172,526
2014-05-13,282,84,198
2014-05-13,58,21,37
2014-05-13,9,3,6
2014-05-13,3,1,2
2014-05-13,5,1,4
2014-05-13,6,5,1
2014-05-13,25,14,11
2014-05-12,23,14,9
2014-05-12,44,27,17
2014-05-12,93,57,36
2014-05-12,157,88,69
2014-05-12,306,191,115
2014-05-12,674,430,244
2014-05-12,876,587,289
2014-05-12,475,315,160
2014-05-12,188,103,85
2014-05-12,147,91,56
2014-05-12,149,71,78
2014-05-12,139,63,76
2014-05-12,138,61,77
2014-05-12,131,57,74
2014-05-12,319,127,192
2014-05-12,677,192,485
2014-05-12,581,139,442
2014-05-12,228,64,164
2014-05-12,65,21,44
2014-05-12,4,3,1
2014-05-12,4,0,4
2014-05-12,4,0,4
2014-05-12,2,0,2
2014-05-12,8,4,4
2014-05-11,14,9,5
2014-05-11,37,24,13
2014-05-11,55,31,24
2014-05-11,52,21,31
2014-05-11,118,47,71
2014-05-11,166,77,89
2014-05-11,194,89,105
2014-05-11,215,102,113
2014-05-11,238,109,129
2014-05-11,231,128,103
2014-05-11,219,88,131
2014-05-11,197,69,128
2014-05-11,162,62,100
2014-05-11,156,68,88
2014-05-11,113,54,59
2014-05-11,94,42,52
2014-05-11,38,15,23
2014-05-11,27,12,15
2014-05-11,9,4,5
2014-05-11,2,1,1
2014-05-11,0,0,0
2014-05-11,7,4,3
2014-05-11,8,7,1
2014-05-11,24,13,11
2014-05-10,28,17,11
2014-05-10,39,24,15
2014-05-10,33,15,18
2014-05-10,50,16,34
2014-05-10,91,43,48
2014-05-10,90,40,50
2014-05-10,106,34,72
2014-05-10,131,64,67
2014-05-10,118,57,61
2014-05-10,125,64,61
2014-05-10,153,67,86
2014-05-10,175,66,109
2014-05-10,129,64,65
2014-05-10,109,43,66
2014-05-10,144,43,101
2014-05-10,75,33,42
2014-05-10,44,18,26
2014-05-10,19,10,9
2014-05-10,9,6,3
2014-05-10,4,3,1
2014-05-10,1,0,1
2014-05-10,15,12,3
2014-05-10,15,9,6
2014-05-10,22,10,12
2014-05-09,36,18,18
2014-05-09,36,21,15
2014-05-09,31,16,15
2014-05-09,68,52,16
2014-05-09,128,71,57
2014-05-09,277,176,101
2014-05-09,474,332,142
2014-05-09,282,194,88
2014-05-09,141,82,59
2014-05-09,86,53,33
2014-05-09,62,44,18
2014-05-09,67,24,43
2014-05-09,91,33,58
2014-05-09,103,39,64
2014-05-09,211,77,134
2014-05-09,427,114,313
2014-05-09,337,84,253
2014-05-09,124,28,96
2014-05-09,29,12,17
2014-05-09,7,4,3
2014-05-09,2,0,2
2014-05-09,4,0,4
2014-05-09,5,2,3
2014-05-09,8,4,4
2014-05-08,19,9,10
2014-05-08,28,12,16
2014-05-08,33,17,16
2014-05-08,79,56,23
2014-05-08,160,113,47
2014-05-08,323,228,95
2014-05-08,425,302,123
2014-05-08,201,144,57
2014-05-08,100,52,48
2014-05-08,50,29,21
2014-05-08,67,39,28
2014-05-08,68,32,36
2014-05-08,91,49,42
2014-05-08,114,42,72
2014-05-08,294,108,186
2014-05-08,489,164,325
2014-05-08,427,102,325
2014-05-08,192,45,147
2014-05-08,33,11,22
2014-05-08,7,4,3
2014-05-08,4,1,3
2014-05-08,5,3,2
2014-05-08,5,4,1
2014-05-08,16,11,5
2014-05-07,37,23,14
2014-05-07,75,38,37
2014-05-07,141,88,53
2014-05-07,161,90,71
2014-05-07,272,168,104
2014-05-07,636,384,252
2014-05-07,858,573,285
2014-05-07,434,250,184
2014-05-07,195,95,100
2014-05-07,142,70,72
2014-05-07,148,77,71
2014-05-07,126,53,73
2014-05-07,109,53,56
2014-05-07,150,48,102
2014-05-07,362,140,222
2014-05-07,716,205,511
2014-05-07,593,141,452
2014-05-07,209,56,153
2014-05-07,55,19,36
2014-05-07,10,4,6
2014-05-07,4,0,4
2014-05-07,5,1,4
2014-05-07,7,3,4
2014-05-07,10,8,2
2014-05-06,30,18,12
2014-05-06,38,23,15
2014-05-06,94,54,40
2014-05-06,134,76,58
2014-05-06,220,131,89
2014-05-06,539,347,192
2014-05-06,799,557,242
2014-05-06,354,225,129
2014-05-06,142,69,73
2014-05-06,114,46,68
2014-05-06,104,52,52
2014-05-06,98,50,48
2014-05-06,102,55,47
2014-05-06,149,68,81
2014-05-06,211,42,169
2014-05-06,580,175,405
2014-05-06,531,112,419
2014-05-06,310,82,228
2014-05-06,56,20,36
2014-05-06,9,4,5
2014-05-06,3,0,3
2014-05-06,5,2,3
2014-05-06,4,1,3
2014-05-06,10,6,4
2014-05-05,17,5,12
2014-05-05,49,23,26
2014-05-05,53,27,26
2014-05-05,113,58,55
2014-05-05,171,105,66
2014-05-05,399,265,134
2014-05-05,554,394,160
2014-05-05,239,160,79
2014-05-05,106,55,51
2014-05-05,70,31,39
2014-05-05,74,34,40
2014-05-05,54,22,32
2014-05-05,47,15,32
2014-05-05,91,32,59
2014-05-05,232,84,148
2014-05-05,453,127,326
2014-05-05,386,88,298
2014-05-05,139,41,98
2014-05-05,37,11,26
2014-05-05,5,1,4
2014-05-05,2,1,1
2014-05-05,1,0,1
2014-05-05,2,1,1
2014-05-05,7,3,4
2014-05-04,5,2,3
2014-05-04,11,3,8
2014-05-04,15,9,6
2014-05-04,27,14,13
2014-05-04,18,8,10
2014-05-04,28,18,10
2014-05-04,33,17,16
2014-05-04,41,13,28
2014-05-04,68,32,36
2014-05-04,51,25,26
2014-05-04,52,22,30
2014-05-04,75,48,27
2014-05-04,44,15,29
2014-05-04,30,17,13
2014-05-04,34,13,21
2014-05-04,34,9,25
2014-05-04,23,8,15
2014-05-04,11,5,6
2014-05-04,5,2,3
2014-05-04,2,1,1
2014-05-04,0,0,0
2014-05-04,3,3,0
2014-05-04,8,4,4
2014-05-04,2,1,1
2014-05-03,11,5,6
2014-05-03,16,5,11
2014-05-03,12,7,5
2014-05-03,22,14,8
2014-05-03,15,9,6
2014-05-03,27,17,10
2014-05-03,38,21,17
2014-05-03,84,40,44
2014-05-03,72,35,37
2014-05-03,69,18,51
2014-05-03,95,46,49
2014-05-03,120,50,70
2014-05-03,118,60,58
2014-05-03,113,55,58
2014-05-03,114,49,65
2014-05-03,99,47,52
2014-05-03,57,15,42
2014-05-03,23,12,11
2014-05-03,12,5,7
2014-05-03,0,0,0
2014-05-03,2,0,2
2014-05-03,5,3,2
2014-05-03,14,6,8
2014-05-03,19,12,7
2014-05-02,42,14,28
2014-05-02,37,17,20
2014-05-02,55,24,31
2014-05-02,83,52,31
2014-05-02,161,94,67
2014-05-02,376,240,136
2014-05-02,681,491,190
2014-05-02,427,274,153
2014-05-02,237,141,96
2014-05-02,192,81,111
2014-05-02,145,73,72
2014-05-02,121,55,66
2014-05-02,153,64,89
2014-05-02,170,63,107
2014-05-02,407,139,268
2014-05-02,621,161,460
2014-05-02,450,132,318
2014-05-02,157,45,112
2014-05-02,36,17,19
2014-05-02,8,5,3
2014-05-02,5,1,4
2014-05-02,10,4,6
2014-05-02,13,6,7
2014-05-02,21,13,8
2014-05-01,48,22,26
2014-05-01,96,46,50
2014-05-01,138,71,67
2014-05-01,214,111,103
2014-05-01,386,226,160
2014-05-01,661,415,246
2014-05-01,830,580,250
2014-05-01,478,298,180
2014-05-01,256,150,106
2014-05-01,194,104,90
2014-05-01,172,91,81
2014-05-01,164,73,91
2014-05-01,123,47,76
2014-05-01,189,74,115
2014-05-01,421,127,294
2014-05-01,722,209,513
2014-05-01,570,150,420
2014-05-01,184,53,131
2014-05-01,42,13,29
2014-05-01,9,2,7
2014-05-01,5,2,3
2014-05-01,7,2,5
2014-05-01,9,5,4
2014-05-01,19,3,16
2014-04-30,36,17,19
2014-04-30,80,45,35
2014-04-30,103,52,51
2014-04-30,215,97,118
2014-04-30,332,181,151
2014-04-30,652,396,256
2014-04-30,742,527,215
2014-04-30,396,244,152
2014-04-30,215,115,100
2014-04-30,147,55,92
2014-04-30,151,71,80
2014-04-30,138,66,72
2014-04-30,133,56,77
2014-04-30,158,54,104
2014-04-30,391,143,248
2014-04-30,644,174,470
2014-04-30,418,106,312
2014-04-30,138,47,91
2014-04-30,36,12,24
2014-04-30,7,4,3
2014-04-30,2,0,2
2014-04-30,6,2,4
2014-04-30,9,4,5
2014-04-30,18,11,7
2014-04-29,37,16,21
2014-04-29,46,21,25
2014-04-29,90,43,47
2014-04-29,197,103,94
2014-04-29,340,187,153
2014-04-29,669,408,261
2014-04-29,703,496,207
2014-04-29,326,203,123
2014-04-29,180,95,85
2014-04-29,154,73,81
2014-04-29,124,43,81
2014-04-29,117,51,66
2014-04-29,109,51,58
2014-04-29,150,61,89
2014-04-29,345,123,222
2014-04-29,595,174,421
2014-04-29,409,113,296
2014-04-29,141,38,103
2014-04-29,42,14,28
2014-04-29,6,2,4
2014-04-29,0,0,0
2014-04-29,4,1,3
2014-04-29,3,2,1
2014-04-29,16,13,3
2014-04-28,21,9,12
2014-04-28,45,19,26
2014-04-28,53,30,23
2014-04-28,129,70,59
2014-04-28,281,162,119
2014-04-28,544,339,205
2014-04-28,581,413,168
2014-04-28,268,161,107
2014-04-28,163,86,77
2014-04-28,118,66,52
2014-04-28,96,47,49
2014-04-28,76,38,38
2014-04-28,86,29,57
2014-04-28,97,39,58
2014-04-28,294,103,191
2014-04-28,403,47,356
2014-04-28,271,16,255
2014-04-28,94,23,71
2014-04-28,54,35,19
2014-04-28,73,70,3
2014-04-28,2,0,2
2014-04-28,0,0,0
2014-04-28,3,1,2
2014-04-28,6,5,1
2014-04-27,7,0,7
2014-04-27,20,12,8
2014-04-27,21,10,11
2014-04-27,34,17,17
2014-04-27,40,16,24
2014-04-27,78,31,47
2014-04-27,112,49,63
2014-04-27,130,49,81
2014-04-27,118,60,58
2014-04-27,119,50,69
2014-04-27,104,47,57
2014-04-27,100,49,51
2014-04-27,85,39,46
2014-04-27,77,35,42
2014-04-27,81,32,49
2014-04-27,62,37,25
2014-04-27,63,61,2
2014-04-27,34,27,7
2014-04-27,37,34,3
2014-04-27,58,58,0
2014-04-27,0,0,0
2014-04-27,2,1,1
2014-04-27,9,5,4
2014-04-27,11,7,4
2014-04-26,9,1,8
2014-04-26,18,11,7
2014-04-26,23,10,13
2014-04-26,34,13,21
2014-04-26,51,22,29
2014-04-26,118,52,66
2014-04-26,156,68,88
2014-04-26,193,89,104
2014-04-26,172,88,84
2014-04-26,149,67,82
2014-04-26,146,67,79
2014-04-26,207,88,119
2014-04-26,155,68,87
2014-04-26,169,74,95
2014-04-26,117,45,72
2014-04-26,109,67,42
2014-04-26,74,53,21
2014-04-26,57,47,10
2014-04-26,50,47,3
2014-04-26,4,2,2
2014-04-26,3,2,1
2014-04-26,8,4,4
2014-04-26,10,6,4
2014-04-26,17,10,7
2014-04-25,38,17,21
2014-04-25,30,17,13
2014-04-25,56,30,26
2014-04-25,86,47,39
2014-04-25,159,92,67
2014-04-25,363,228,135
2014-04-25,460,297,163
2014-04-25,263,150,113
2014-04-25,155,84,71
2014-04-25,116,56,60
2014-04-25,113,61,52
2014-04-25,127,62,65
2014-04-25,97,27,70
2014-04-25,137,53,84
2014-04-25,268,101,167
2014-04-25,355,61,294
2014-04-25,182,20,162
2014-04-25,79,15,64
2014-04-25,54,39,15
2014-04-25,39,38,1
2014-04-25,1,0,1
2014-04-25,3,2,1
2014-04-25,6,3,3
2014-04-25,7,6,1
2014-04-24,21,10,11
2014-04-24,48,26,22
2014-04-24,52,34,18
2014-04-24,82,48,34
2014-04-24,196,124,72
2014-04-24,321,202,119
2014-04-24,377,270,107
2014-04-24,152,85,67
2014-04-24,80,38,42
2014-04-24,57,27,30
2014-04-24,35,21,14
2014-04-24,49,22,27
2014-04-24,59,28,31
2014-04-24,104,38,66
2014-04-24,225,69,156
2014-04-24,334,97,237
2014-04-24,212,61,151
2014-04-24,72,27,45
2014-04-24,18,8,10
2014-04-24,5,2,3
2014-04-24,1,0,1
2014-04-24,2,0,2
2014-04-24,3,1,2
2014-04-24,6,3,3
2014-04-23,11,7,4
2014-04-23,31,16,15
2014-04-23,35,22,13
2014-04-23,60,43,17
2014-04-23,157,111,46
2014-04-23,310,203,107
2014-04-23,415,294,121
2014-04-23,178,114,64
2014-04-23,113,54,59
2014-04-23,72,32,40
2014-04-23,77,31,46
2014-04-23,66,19,47
2014-04-23,87,40,47
2014-04-23,126,54,72
2014-04-23,279,101,178
2014-04-23,352,25,327
2014-04-23,213,22,191
2014-04-23,80,32,48
2014-04-23,52,35,17
2014-04-23,21,19,2
2014-04-23,21,20,1
2014-04-23,22,22,0
2014-04-23,52,50,2
2014-04-23,2,1,1
2014-04-22,22,10,12
2014-04-22,23,13,10
2014-04-22,40,23,17
2014-04-22,73,45,28
2014-04-22,160,91,69
2014-04-22,338,213,125
2014-04-22,343,224,119
2014-04-22,159,93,66
2014-04-22,104,51,53
2014-04-22,78,43,35
2014-04-22,79,37,42
2014-04-22,117,28,89
2014-04-22,105,80,25
2014-04-22,106,45,61
2014-04-22,201,73,128
2014-04-22,220,26,194
2014-04-22,156,28,128
2014-04-22,71,39,32
2014-04-22,17,6,11
2014-04-22,2,1,1
2014-04-22,1,0,1
2014-04-22,3,0,3
2014-04-22,2,2,0
2014-04-22,3,2,1
2014-04-21,17,12,5
2014-04-21,31,14,17
2014-04-21,44,22,22
2014-04-21,68,44,24
2014-04-21,178,107,71
2014-04-21,440,294,146
2014-04-21,531,366,165
2014-04-21,254,147,107
2014-04-21,138,78,60
2014-04-21,101,50,51
2014-04-21,99,48,51
2014-04-21,95,40,55
2014-04-21,87,30,57
2014-04-21,118,45,73
2014-04-21,309,121,188
2014-04-21,455,114,341
2014-04-21,285,70,215
2014-04-21,96,36,60
2014-04-21,33,16,17
2014-04-21,4,1,3
2014-04-21,2,0,2
2014-04-21,4,3,1
2014-04-21,6,1,5
2014-04-21,6,2,4
2014-04-20,20,8,12
2014-04-20,18,13,5
2014-04-20,24,15,9
2014-04-20,44,24,20
2014-04-20,84,37,47
2014-04-20,111,48,63
2014-04-20,127,56,71
2014-04-20,183,79,104
2014-04-20,194,92,102
2014-04-20,186,89,97
2014-04-20,201,107,94
2014-04-20,142,60,82
2014-04-20,129,69,60
2014-04-20,81,40,41
2014-04-20,70,29,41
2014-04-20,38,19,19
2014-04-20,21,10,11
2014-04-20,20,8,12
2014-04-20,6,1,5
2014-04-20,4,1,3
2014-04-20,6,6,0
2014-04-20,4,2,2
2014-04-20,6,5,1
2014-04-20,15,8,7
2014-04-19,13,4,9
2014-04-19,17,11,6
2014-04-19,25,11,14
2014-04-19,36,17,19
2014-04-19,32,20,12
2014-04-19,50,19,31
2014-04-19,29,12,17
2014-04-19,47,27,20
2014-04-19,29,15,14
2014-04-19,32,21,11
2014-04-19,47,32,15
2014-04-19,52,19,33
2014-04-19,102,41,61
2014-04-19,116,39,77
2014-04-19,106,52,54
2014-04-19,58,22,36
2014-04-19,48,25,23
2014-04-19,15,10,5
2014-04-19,6,3,3
2014-04-19,1,0,1
2014-04-19,5,3,2
2014-04-19,6,3,3
2014-04-19,16,5,11
2014-04-19,18,6,12
2014-04-18,23,17,6
2014-04-18,32,16,16
2014-04-18,39,27,12
2014-04-18,98,45,53
2014-04-18,188,97,91
2014-04-18,350,221,129
2014-04-18,393,270,123
2014-04-18,223,135,88
2014-04-18,126,69,57
2014-04-18,126,72,54
2014-04-18,107,46,61
2014-04-18,99,50,49
2014-04-18,105,39,66
2014-04-18,115,46,69
2014-04-18,247,105,142
2014-04-18,353,112,241
2014-04-18,205,57,148
2014-04-18,67,26,41
2014-04-18,20,8,12
2014-04-18,3,2,1
2014-04-18,2,2,0
2014-04-18,2,1,1
2014-04-18,3,2,1
2014-04-18,4,3,1
2014-04-17,13,7,6
2014-04-17,21,7,14
2014-04-17,31,19,12
2014-04-17,58,40,18
2014-04-17,113,70,43
2014-04-17,211,151,60
2014-04-17,237,166,71
2014-04-17,95,56,39
2014-04-17,56,27,29
2014-04-17,44,26,18
2014-04-17,35,19,16
2014-04-17,44,22,22
2014-04-17,30,12,18
2014-04-17,70,24,46
2014-04-17,162,64,98
2014-04-17,244,66,178
2014-04-17,194,59,135
2014-04-17,64,22,42
2014-04-17,17,6,11
2014-04-17,1,0,1
2014-04-17,1,0,1
2014-04-17,0,0,0
2014-04-17,5,2,3
2014-04-17,4,2,2
2014-04-16,14,7,7
2014-04-16,22,10,12
2014-04-16,50,32,18
2014-04-16,51,46,5
2014-04-16,124,61,63
2014-04-16,260,182,78
2014-04-16,321,223,98
2014-04-16,110,66,44
2014-04-16,66,38,28
2014-04-16,58,31,27
2014-04-16,57,22,35
2014-04-16,47,22,25
2014-04-16,48,27,21
2014-04-16,78,29,49
2014-04-16,204,79,125
2014-04-16,289,83,206
2014-04-16,218,66,152
2014-04-16,67,21,46
2014-04-16,21,8,13
2014-04-16,3,3,0
2014-04-16,2,0,2
2014-04-16,7,3,4
2014-04-16,3,1,2
2014-04-16,13,5,8
2014-04-15,27,13,14
2014-04-15,31,19,12
2014-04-15,66,27,39
2014-04-15,100,59,41
2014-04-15,196,114,82
2014-04-15,393,257,136
2014-04-15,455,318,137
2014-04-15,193,115,78
2014-04-15,126,64,62
2014-04-15,94,42,52
2014-04-15,88,36,52
2014-04-15,88,37,51
2014-04-15,91,52,39
2014-04-15,117,61,56
2014-04-15,293,97,196
2014-04-15,430,128,302
2014-04-15,269,58,211
2014-04-15,90,26,64
2014-04-15,29,15,14
2014-04-15,4,0,4
2014-04-15,4,2,2
2014-04-15,5,0,5
2014-04-15,3,1,2
2014-04-15,14,8,6
2014-04-14,22,11,11
2014-04-14,29,21,8
2014-04-14,75,48,27
2014-04-14,96,52,44
2014-04-14,248,133,115
2014-04-14,547,338,209
2014-04-14,601,411,190
2014-04-14,289,183,106
2014-04-14,173,89,84
2014-04-14,135,62,73
2014-04-14,112,58,54
2014-04-14,114,57,57
2014-04-14,112,40,72
2014-04-14,138,56,82
2014-04-14,305,108,197
2014-04-14,518,160,358
2014-04-14,326,69,257
2014-04-14,109,36,73
2014-04-14,33,11,22
2014-04-14,3,0,3
2014-04-14,2,0,2
2014-04-14,3,3,0
2014-04-14,5,2,3
2014-04-14,11,9,2
2014-04-13,16,5,11
2014-04-13,23,17,6
2014-04-13,42,16,26
2014-04-13,66,30,36
2014-04-13,101,46,55
2014-04-13,164,82,82
2014-04-13,221,91,130
2014-04-13,279,123,156
2014-04-13,321,123,198
2014-04-13,304,139,165
2014-04-13,263,132,131
2014-04-13,223,95,128
2014-04-13,180,67,113
2014-04-13,157,57,100
2014-04-13,123,60,63
2014-04-13,66,30,36
2014-04-13,24,10,14
2014-04-13,13,8,5
2014-04-13,5,2,3
2014-04-13,2,2,0
2014-04-13,7,3,4
2014-04-13,14,6,8
2014-04-13,14,9,5
2014-04-13,19,8,11
2014-04-12,37,17,20
2014-04-12,60,28,32
2014-04-12,42,21,21
2014-04-12,48,19,29
2014-04-12,119,56,63
2014-04-12,146,77,69
2014-04-12,189,86,103
2014-04-12,186,88,98
2014-04-12,204,100,104
2014-04-12,183,90,93
2014-04-12,205,84,121
2014-04-12,160,60,100
2014-04-12,121,59,62
2014-04-12,163,72,91
2014-04-12,121,67,54
2014-04-12,89,37,52
2014-04-12,45,18,27
2014-04-12,15,11,4
2014-04-12,6,1,5
2014-04-12,1,1,0
2014-04-12,4,2,2
2014-04-12,13,7,6
2014-04-12,13,5,8
2014-04-12,15,9,6
2014-04-11,25,14,11
2014-04-11,38,24,14
2014-04-11,38,21,17
2014-04-11,73,42,31
2014-04-11,187,114,73
2014-04-11,395,250,145
2014-04-11,524,336,188
2014-04-11,297,186,111
2014-04-11,172,88,84
2014-04-11,120,62,58
2014-04-11,103,45,58
2014-04-11,94,40,54
2014-04-11,102,44,58
2014-04-11,133,63,70
2014-04-11,274,97,177
2014-04-11,438,119,319
2014-04-11,262,68,194
2014-04-11,84,28,56
2014-04-11,30,11,19
2014-04-11,5,1,4
2014-04-11,5,3,2
2014-04-11,8,5,3
2014-04-11,10,6,4
2014-04-11,18,13,5
2014-04-10,38,23,15
2014-04-10,43,29,14
2014-04-10,75,44,31
2014-04-10,118,62,56
2014-04-10,253,150,103
2014-04-10,517,317,200
2014-04-10,502,339,163
2014-04-10,261,160,101
2014-04-10,162,82,80
2014-04-10,127,61,66
2014-04-10,109,51,58
2014-04-10,151,78,73
2014-04-10,113,42,71
2014-04-10,150,54,96
2014-04-10,349,129,220
2014-04-10,502,150,352
2014-04-10,301,69,232
2014-04-10,102,33,69
2014-04-10,29,11,18
2014-04-10,2,1,1
2014-04-10,2,1,1
2014-04-10,5,3,2
2014-04-10,11,8,3
2014-04-10,18,10,8
2014-04-09,21,16,5
2014-04-09,41,22,19
2014-04-09,69,31,38
2014-04-09,116,64,52
2014-04-09,266,165,101
2014-04-09,512,334,178
2014-04-09,583,419,164
2014-04-09,270,159,111
2014-04-09,162,90,72
2014-04-09,91,35,56
2014-04-09,113,53,60
2014-04-09,96,39,57
2014-04-09,97,41,56
2014-04-09,163,61,102
2014-04-09,303,110,193
2014-04-09,472,144,328
2014-04-09,289,83,206
2014-04-09,113,26,87
2014-04-09,26,8,18
2014-04-09,6,2,4
2014-04-09,3,1,2
2014-04-09,1,0,1
2014-04-09,8,5,3
2014-04-09,7,6,1
2014-04-08,17,7,10
2014-04-08,26,15,11
2014-04-08,65,42,23
2014-04-08,71,40,31
2014-04-08,136,91,45
2014-04-08,296,213,83
2014-04-08,341,244,97
2014-04-08,157,103,54
2014-04-08,101,53,48
2014-04-08,67,36,31
2014-04-08,73,35,38
2014-04-08,70,28,42
2014-04-08,68,19,49
2014-04-08,112,50,62
2014-04-08,305,117,188
2014-04-08,451,128,323
2014-04-08,306,94,212
2014-04-08,87,26,61
2014-04-08,27,8,19
2014-04-08,2,1,1
2014-04-08,4,1,3
2014-04-08,2,1,1
2014-04-08,7,5,2
2014-04-08,15,8,7
2014-04-07,21,6,15
2014-04-07,40,24,16
2014-04-07,82,37,45
2014-04-07,125,61,64
2014-04-07,234,129,105
2014-04-07,591,380,211
2014-04-07,705,473,232
2014-04-07,345,205,140
2014-04-07,199,104,95
2014-04-07,145,74,71
2014-04-07,122,60,62
2014-04-07,111,38,73
2014-04-07,120,49,71
2014-04-07,129,54,75
2014-04-07,351,116,235
2014-04-07,506,164,342
2014-04-07,330,79,251
2014-04-07,109,36,73
2014-04-07,32,10,22
2014-04-07,3,0,3
2014-04-07,4,2,2
2014-04-07,1,0,1
2014-04-07,3,2,1
2014-04-07,11,8,3
2014-04-06,7,1,6
2014-04-06,13,6,7
2014-04-06,22,14,8
2014-04-06,27,9,18
2014-04-06,50,26,24
2014-04-06,93,40,53
2014-04-06,104,48,56
2014-04-06,128,60,68
2014-04-06,171,59,112
2014-04-06,194,65,129
2014-04-06,167,80,87
2014-04-06,158,72,86
2014-04-06,113,53,60
2014-04-06,100,35,65
2014-04-06,73,35,38
2014-04-06,51,15,36
2014-04-06,26,7,19
2014-04-06,12,5,7
2014-04-06,8,4,4
2014-04-06,4,1,3
2014-04-06,5,4,1
2014-04-06,2,1,1
2014-04-06,8,4,4
2014-04-06,7,3,4
2014-04-05,16,7,9
2014-04-05,13,7,6
2014-04-05,15,7,8
2014-04-05,24,10,14
2014-04-05,41,18,23
2014-04-05,37,17,20
2014-04-05,44,25,19
2014-04-05,56,30,26
2014-04-05,76,32,44
2014-04-05,81,36,45
2014-04-05,82,35,47
2014-04-05,83,37,46
2014-04-05,85,39,46
2014-04-05,140,56,84
2014-04-05,95,51,44
2014-04-05,58,24,34
2014-04-05,18,10,8
2014-04-05,21,8,13
2014-04-05,8,2,6
2014-04-05,1,0,1
2014-04-05,6,5,1
2014-04-05,14,7,7
2014-04-05,11,4,7
2014-04-05,19,8,11
2014-04-04,32,19,13
2014-04-04,42,27,15
2014-04-04,50,27,23
2014-04-04,78,46,32
2014-04-04,176,103,73
2014-04-04,307,190,117
2014-04-04,414,286,128
2014-04-04,210,119,91
2014-04-04,139,78,61
2014-04-04,108,54,54
2014-04-04,76,36,40
2014-04-04,73,38,35
2014-04-04,81,34,47
2014-04-04,104,49,55
2014-04-04,258,99,159
2014-04-04,356,99,257
2014-04-04,199,56,143
2014-04-04,73,22,51
2014-04-04,18,7,11
2014-04-04,5,4,1
2014-04-04,3,1,2
2014-04-04,3,1,2
2014-04-04,4,2,2
2014-04-04,8,5,3
2014-04-03,21,10,11
2014-04-03,30,19,11
2014-04-03,54,33,21
2014-04-03,67,37,30
2014-04-03,153,95,58
2014-04-03,304,217,87
2014-04-03,295,214,81
2014-04-03,185,119,66
2014-04-03,78,34,44
2014-04-03,77,34,43
2014-04-03,71,32,39
2014-04-03,76,33,43
2014-04-03,87,37,50
2014-04-03,118,54,64
2014-04-03,260,94,166
2014-04-03,344,111,233
2014-04-03,263,74,189
2014-04-03,87,21,66
2014-04-03,18,8,10
2014-04-03,2,1,1
2014-04-03,2,1,1
2014-04-03,2,1,1
2014-04-03,7,4,3
2014-04-03,22,14,8
2014-04-02,17,4,13
2014-04-02,51,31,20
2014-04-02,81,43,38
2014-04-02,133,66,67
2014-04-02,202,117,85
2014-04-02,474,287,187
2014-04-02,576,373,203
2014-04-02,259,159,100
2014-04-02,138,68,70
2014-04-02,113,53,60
2014-04-02,100,43,57
2014-04-02,91,48,43
2014-04-02,66,26,40
2014-04-02,128,53,75
2014-04-02,295,96,199
2014-04-02,474,132,342
2014-04-02,306,83,223
2014-04-02,112,26,86
2014-04-02,25,7,18
2014-04-02,7,2,5
2014-04-02,2,0,2
2014-04-02,3,2,1
2014-04-02,11,3,8
2014-04-02,8,3,5
2014-04-01,34,16,18
2014-04-01,42,24,18
2014-04-01,70,35,35
2014-04-01,124,65,59
2014-04-01,241,142,99
2014-04-01,509,330,179
2014-04-01,601,395,206
2014-04-01,261,168,93
2014-04-01,170,90,80
2014-04-01,105,51,54
2014-04-01,89,41,48
2014-04-01,68,27,41
2014-04-01,80,32,48
2014-04-01,118,56,62
2014-04-01,294,100,194
2014-04-01,478,134,344
2014-04-01,330,85,245
2014-04-01,122,30,92
2014-04-01,23,9,14
2014-04-01,2,1,1
2014-04-01,1,0,1
2014-04-01,8,8,0
2014-04-01,3,3,0
2014-04-01,18,13,5
2014-03-31,22,12,10
2014-03-31,29,17,12
2014-03-31,50,25,25
2014-03-31,96,58,38
2014-03-31,229,131,98
2014-03-31,427,282,145
2014-03-31,559,359,200
2014-03-31,246,152,94
2014-03-31,129,77,52
2014-03-31,100,61,39
2014-03-31,100,47,53
2014-03-31,99,52,47
2014-03-31,76,31,45
2014-03-31,97,40,57
2014-03-31,296,103,193
2014-03-31,469,150,319
2014-03-31,276,79,197
2014-03-31,99,34,65
2014-03-31,20,5,15
2014-03-31,4,2,2
2014-03-31,2,1,1
2014-03-31,3,1,2
2014-03-31,3,2,1
2014-03-31,5,3,2
2014-03-30,11,7,4
2014-03-30,17,10,7
2014-03-30,14,7,7
2014-03-30,29,15,14
2014-03-30,35,12,23
2014-03-30,77,37,40
2014-03-30,107,40,67
2014-03-30,198,96,102
2014-03-30,164,67,97
2014-03-30,149,65,84
2014-03-30,128,45,83
2014-03-30,102,29,73
2014-03-30,81,32,49
2014-03-30,65,20,45
2014-03-30,52,21,31
2014-03-30,41,16,25
2014-03-30,18,9,9
2014-03-30,7,2,5
2014-03-30,5,3,2
2014-03-30,4,2,2
2014-03-30,1,1,0
2014-03-30,3,1,2
2014-03-30,5,4,1
2014-03-30,7,1,6
2014-03-29,15,3,12
2014-03-29,11,4,7
2014-03-29,14,10,4
2014-03-29,18,11,7
2014-03-29,19,7,12
2014-03-29,24,12,12
2014-03-29,34,9,25
2014-03-29,46,22,24
2014-03-29,51,22,29
2014-03-29,46,20,26
2014-03-29,50,32,18
2014-03-29,56,21,35
2014-03-29,44,21,23
2014-03-29,31,12,19
2014-03-29,31,14,17
2014-03-29,25,11,14
2014-03-29,9,3,6
2014-03-29,16,6,10
2014-03-29,7,4,3
2014-03-29,2,2,0
2014-03-29,2,1,1
2014-03-29,2,1,1
2014-03-29,7,6,1
2014-03-29,11,4,7
2014-03-28,16,9,7
2014-03-28,23,13,10
2014-03-28,20,12,8
2014-03-28,48,26,22
2014-03-28,85,51,34
2014-03-28,163,109,54
2014-03-28,222,147,75
2014-03-28,114,69,45
2014-03-28,53,30,23
2014-03-28,39,22,17
2014-03-28,37,15,22
2014-03-28,29,14,15
2014-03-28,38,14,24
2014-03-28,51,14,37
2014-03-28,159,64,95
2014-03-28,170,47,123
2014-03-28,129,33,96
2014-03-28,70,23,47
2014-03-28,20,7,13
2014-03-28,6,4,2
2014-03-28,5,3,2
2014-03-28,5,4,1
2014-03-28,12,8,4
2014-03-28,11,8,3
2014-03-27,28,17,11
2014-03-27,46,30,16
2014-03-27,49,26,23
2014-03-27,85,46,39
2014-03-27,152,95,57
2014-03-27,282,183,99
2014-03-27,366,228,138
2014-03-27,179,113,66
2014-03-27,60,25,35
2014-03-27,81,37,44
2014-03-27,57,25,32
2014-03-27,44,23,21
2014-03-27,53,22,31
2014-03-27,75,27,48
2014-03-27,180,69,111
2014-03-27,314,74,240
2014-03-27,180,38,142
2014-03-27,73,19,54
2014-03-27,24,4,20
2014-03-27,5,2,3
2014-03-27,4,2,2
2014-03-27,3,1,2
2014-03-27,8,7,1
2014-03-27,9,5,4
2014-03-26,32,12,20
2014-03-26,28,17,11
2014-03-26,27,14,13
2014-03-26,58,40,18
2014-03-26,128,80,48
2014-03-26,291,205,86
2014-03-26,332,255,77
2014-03-26,138,78,60
2014-03-26,88,48,40
2014-03-26,65,33,32
2014-03-26,60,23,37
2014-03-26,45,28,17
2014-03-26,47,20,27
2014-03-26,80,29,51
2014-03-26,239,89,150
2014-03-26,358,109,249
2014-03-26,214,61,153
2014-03-26,75,18,57
2014-03-26,17,6,11
2014-03-26,2,1,1
2014-03-26,3,2,1
2014-03-26,3,2,1
2014-03-26,7,2,5
2014-03-26,9,7,2
2014-03-25,21,12,9
2014-03-25,21,10,11
2014-03-25,34,20,14
2014-03-25,60,39,21
2014-03-25,93,62,31
2014-03-25,263,172,91
2014-03-25,327,224,103
2014-03-25,116,75,41
2014-03-25,71,44,27
2014-03-25,42,27,15
2014-03-25,34,16,18
2014-03-25,34,20,14
2014-03-25,37,20,17
2014-03-25,80,31,49
2014-03-25,190,68,122
2014-03-25,298,91,207
2014-03-25,222,67,155
2014-03-25,89,32,57
2014-03-25,21,6,15
2014-03-25,6,3,3
2014-03-25,1,1,0
2014-03-25,6,3,3
2014-03-25,11,8,3
2014-03-25,10,5,5
2014-03-24,34,19,15
2014-03-24,43,25,18
2014-03-24,55,36,19
2014-03-24,75,37,38
2014-03-24,227,136,91
2014-03-24,476,310,166
2014-03-24,585,399,186
2014-03-24,261,146,115
2014-03-24,148,69,79
2014-03-24,108,52,56
2014-03-24,112,46,66
2014-03-24,106,42,64
2014-03-24,91,43,48
2014-03-24,121,46,75
2014-03-24,299,111,188
2014-03-24,485,152,333
2014-03-24,258,59,199
2014-03-24,104,40,64
2014-03-24,23,9,14
2014-03-24,6,3,3
2014-03-24,1,0,1
2014-03-24,0,0,0
2014-03-24,3,1,2
2014-03-24,15,12,3
2014-03-23,14,8,6
2014-03-23,19,10,9
2014-03-23,19,11,8
2014-03-23,31,19,12
2014-03-23,61,24,37
2014-03-23,106,45,61
2014-03-23,178,95,83
2014-03-23,232,100,132
2014-03-23,259,119,140
2014-03-23,191,84,107
2014-03-23,204,81,123
2014-03-23,220,97,123
2014-03-23,147,59,88
2014-03-23,90,43,47
2014-03-23,72,29,43
2014-03-23,54,26,28
2014-03-23,23,9,14
2014-03-23,8,6,2
2014-03-23,5,3,2
2014-03-23,2,2,0
2014-03-23,4,3,1
2014-03-23,5,4,1
2014-03-23,6,4,2
2014-03-23,13,7,6
2014-03-22,14,4,10
2014-03-22,18,11,7
2014-03-22,19,14,5
2014-03-22,34,21,13
2014-03-22,53,25,28
2014-03-22,83,37,46
2014-03-22,100,57,43
2014-03-22,133,69,64
2014-03-22,126,59,67
2014-03-22,137,59,78
2014-03-22,125,52,73
2014-03-22,156,78,78
2014-03-22,147,57,90
2014-03-22,112,35,77
2014-03-22,89,45,44
2014-03-22,59,38,21
2014-03-22,45,22,23
2014-03-22,14,5,9
2014-03-22,7,5,2
2014-03-22,1,0,1
2014-03-22,3,1,2
2014-03-22,4,1,3
2014-03-22,9,4,5
2014-03-22,16,11,5
2014-03-21,31,21,10
2014-03-21,24,15,9
2014-03-21,25,15,10
2014-03-21,70,43,27
2014-03-21,134,87,47
2014-03-21,283,180,103
2014-03-21,389,261,128
2014-03-21,207,128,79
2014-03-21,139,77,62
2014-03-21,116,52,64
2014-03-21,98,53,45
2014-03-21,71,23,48
2014-03-21,62,23,39
2014-03-21,110,46,64
2014-03-21,229,87,142
2014-03-21,340,87,253
2014-03-21,202,64,138
2014-03-21,70,23,47
2014-03-21,15,5,10
2014-03-21,6,3,3
2014-03-21,4,2,2
2014-03-21,4,3,1
2014-03-21,7,4,3
2014-03-21,16,5,11
2014-03-20,27,14,13
2014-03-20,40,25,15
2014-03-20,51,32,19
2014-03-20,82,44,38
2014-03-20,165,105,60
2014-03-20,339,212,127
2014-03-20,400,267,133
2014-03-20,190,86,104
2014-03-20,137,64,73
2014-03-20,104,41,63
2014-03-20,66,27,39
2014-03-20,57,24,33
2014-03-20,70,28,42
2014-03-20,101,33,68
2014-03-20,241,81,160
2014-03-20,306,81,225
2014-03-20,205,55,150
2014-03-20,80,24,56
2014-03-20,19,7,12
2014-03-20,5,2,3
2014-03-20,2,0,2
2014-03-20,0,0,0
2014-03-20,3,1,2
2014-03-20,1,1,0
2014-03-19,17,7,10
2014-03-19,21,14,7
2014-03-19,38,20,18
2014-03-19,56,37,19
2014-03-19,126,76,50
2014-03-19,302,217,85
2014-03-19,310,202,108
2014-03-19,134,80,54
2014-03-19,72,38,34
2014-03-19,55,26,29
2014-03-19,46,20,26
2014-03-19,57,26,31
2014-03-19,55,20,35
2014-03-19,98,39,59
2014-03-19,226,89,137
2014-03-19,293,88,205
2014-03-19,171,49,122
2014-03-19,81,24,57
2014-03-19,14,2,12
2014-03-19,4,1,3
2014-03-19,2,1,1
2014-03-19,2,0,2
2014-03-19,6,6,0
2014-03-19,6,1,5
2014-03-18,18,9,9
2014-03-18,36,20,16
2014-03-18,43,17,26
2014-03-18,71,48,23
2014-03-18,178,117,61
2014-03-18,388,266,122
2014-03-18,383,270,113
2014-03-18,172,92,80
2014-03-18,114,69,45
2014-03-18,80,32,48
2014-03-18,57,24,33
2014-03-18,63,29,34
2014-03-18,50,23,27
2014-03-18,128,43,85
2014-03-18,245,90,155
2014-03-18,391,118,273
2014-03-18,232,72,160
2014-03-18,112,31,81
2014-03-18,19,4,15
2014-03-18,5,1,4
2014-03-18,1,1,0
2014-03-18,2,1,1
2014-03-18,8,2,6
2014-03-18,6,4,2
2014-03-17,22,12,10
2014-03-17,30,18,12
2014-03-17,40,25,15
2014-03-17,72,42,30
2014-03-17,136,88,48
2014-03-17,380,253,127
2014-03-17,404,288,116
2014-03-17,171,116,55
2014-03-17,116,62,54
2014-03-17,80,41,39
2014-03-17,99,52,47
2014-03-17,92,41,51
2014-03-17,94,42,52
2014-03-17,112,46,66
2014-03-17,269,88,181
2014-03-17,377,110,267
2014-03-17,198,48,150
2014-03-17,84,32,52
2014-03-17,17,3,14
2014-03-17,3,1,2
2014-03-17,3,0,3
2014-03-17,1,0,1
2014-03-17,5,2,3
2014-03-17,4,4,0
2014-03-16,3,1,2
2014-03-16,6,5,1
2014-03-16,7,0,7
2014-03-16,16,12,4
2014-03-16,7,3,4
2014-03-16,14,4,10
2014-03-16,27,14,13
2014-03-16,45,17,28
2014-03-16,30,13,17
2014-03-16,14,3,11
2014-03-16,31,14,17
2014-03-16,27,10,17
2014-03-16,26,10,16
2014-03-16,28,11,17
2014-03-16,24,8,16
2014-03-16,14,6,8
2014-03-16,12,6,6
2014-03-16,8,4,4
2014-03-16,6,2,4
2014-03-16,1,0,1
2014-03-16,2,1,1
2014-03-16,5,3,2
2014-03-16,8,4,4
2014-03-16,14,9,5
2014-03-15,16,7,9
2014-03-15,13,6,7
2014-03-15,12,7,5
2014-03-15,27,17,10
2014-03-15,28,13,15
2014-03-15,57,27,30
2014-03-15,93,39,54
2014-03-15,126,62,64
2014-03-15,97,55,42
2014-03-15,129,57,72
2014-03-15,90,37,53
2014-03-15,86,39,47
2014-03-15,91,38,53
2014-03-15,96,39,57
2014-03-15,80,33,47
2014-03-15,49,20,29
2014-03-15,29,15,14
2014-03-15,16,9,7
2014-03-15,5,2,3
2014-03-15,2,1,1
2014-03-15,4,3,1
2014-03-15,9,5,4
2014-03-15,11,6,5
2014-03-15,11,6,5
2014-03-14,28,16,12
2014-03-14,25,14,11
2014-03-14,31,18,13
2014-03-14,60,45,15
2014-03-14,150,94,56
2014-03-14,232,144,88
2014-03-14,331,218,113
2014-03-14,167,97,70
2014-03-14,117,54,63
2014-03-14,89,41,48
2014-03-14,80,40,40
2014-03-14,59,26,33
2014-03-14,55,15,40
2014-03-14,83,33,50
2014-03-14,189,64,125
2014-03-14,270,79,191
2014-03-14,129,41,88
2014-03-14,74,25,49
2014-03-14,21,5,16
2014-03-14,4,2,2
2014-03-14,4,2,2
2014-03-14,3,2,1
2014-03-14,10,8,2
2014-03-14,5,4,1
2014-03-13,21,12,9
2014-03-13,33,19,14
2014-03-13,65,42,23
2014-03-13,85,55,30
2014-03-13,184,92,92
2014-03-13,479,306,173
2014-03-13,431,287,144
2014-03-13,255,159,96
2014-03-13,157,76,81
2014-03-13,98,46,52
2014-03-13,101,53,48
2014-03-13,104,35,69
2014-03-13,85,35,50
2014-03-13,105,55,50
2014-03-13,287,105,182
2014-03-13,423,120,303
2014-03-13,253,75,178
2014-03-13,94,31,63
2014-03-13,25,5,20
2014-03-13,9,3,6
2014-03-13,1,0,1
2014-03-13,6,3,3
2014-03-13,2,2,0
2014-03-13,10,3,7
2014-03-12,16,6,10
2014-03-12,56,27,29
2014-03-12,63,36,27
2014-03-12,128,70,58
2014-03-12,244,135,109
2014-03-12,476,292,184
2014-03-12,562,383,179
2014-03-12,251,137,114
2014-03-12,157,77,80
2014-03-12,127,60,67
2014-03-12,116,53,63
2014-03-12,96,38,58
2014-03-12,88,32,56
2014-03-12,131,61,70
2014-03-12,338,116,222
2014-03-12,425,122,303
2014-03-12,254,61,193
2014-03-12,95,29,66
2014-03-12,23,7,16
2014-03-12,3,3,0
2014-03-12,1,1,0
2014-03-12,4,1,3
2014-03-12,3,2,1
2014-03-12,8,4,4
2014-03-11,18,10,8
2014-03-11,38,22,16
2014-03-11,56,35,21
2014-03-11,107,60,47
2014-03-11,213,117,96
2014-03-11,474,310,164
2014-03-11,507,348,159
2014-03-11,254,156,98
2014-03-11,159,77,82
2014-03-11,100,40,60
2014-03-11,92,40,52
2014-03-11,107,41,66
2014-03-11,59,24,35
2014-03-11,109,37,72
2014-03-11,309,108,201
2014-03-11,417,119,298
2014-03-11,266,73,193
2014-03-11,99,31,68
2014-03-11,20,4,16
2014-03-11,3,1,2
2014-03-11,0,0,0
2014-03-11,1,0,1
2014-03-11,3,2,1
2014-03-11,5,2,3
2014-03-10,17,11,6
2014-03-10,21,13,8
2014-03-10,38,19,19
2014-03-10,55,30,25
2014-03-10,116,80,36
2014-03-10,285,184,101
2014-03-10,325,235,90
2014-03-10,143,85,58
2014-03-10,73,41,32
2014-03-10,52,28,24
2014-03-10,37,16,21
2014-03-10,50,24,26
2014-03-10,45,19,26
2014-03-10,103,40,63
2014-03-10,220,83,137
2014-03-10,279,84,195
2014-03-10,193,56,137
2014-03-10,68,20,48
2014-03-10,13,3,10
2014-03-10,1,1,0
2014-03-10,2,1,1
2014-03-10,0,0,0
2014-03-10,2,1,1
2014-03-10,7,4,3
2014-03-09,5,2,3
2014-03-09,12,11,1
2014-03-09,15,6,9
2014-03-09,31,16,15
2014-03-09,36,12,24
2014-03-09,78,28,50
2014-03-09,136,63,73
2014-03-09,171,74,97
2014-03-09,186,80,106
2014-03-09,145,62,83
2014-03-09,101,41,60
2014-03-09,68,28,40
2014-03-09,51,33,18
2014-03-09,37,8,29
2014-03-09,31,11,20
2014-03-09,15,6,9
2014-03-09,7,3,4
2014-03-09,4,1,3
2014-03-09,3,2,1
2014-03-09,4,2,2
2014-03-09,0,0,0
2014-03-09,,,
2014-03-09,0,0,0
2014-03-09,6,5,1
2014-03-08,10,4,6
2014-03-08,6,3,3
2014-03-08,8,3,5
2014-03-08,19,12,7
2014-03-08,12,7,5
2014-03-08,21,9,12
2014-03-08,22,8,14
2014-03-08,26,15,11
2014-03-08,29,12,17
2014-03-08,35,21,14
2014-03-08,35,19,16
2014-03-08,51,27,24
2014-03-08,79,30,49
2014-03-08,99,39,60
2014-03-08,91,39,52
2014-03-08,78,41,37
2014-03-08,31,19,12
2014-03-08,20,9,11
2014-03-08,4,1,3
2014-03-08,3,3,0
2014-03-08,2,1,1
2014-03-08,6,5,1
2014-03-08,17,7,10
2014-03-08,22,12,10
2014-03-07,31,16,15
2014-03-07,36,22,14
2014-03-07,42,28,14
2014-03-07,60,37,23
2014-03-07,112,57,55
2014-03-07,258,162,96
2014-03-07,370,256,114
2014-03-07,220,127,93
2014-03-07,147,78,69
2014-03-07,105,58,47
2014-03-07,101,44,57
2014-03-07,74,39,35
2014-03-07,63,25,38
2014-03-07,89,34,55
2014-03-07,210,74,136
2014-03-07,332,88,244
2014-03-07,173,53,120
2014-03-07,89,34,55
2014-03-07,19,6,13
2014-03-07,4,0,4
2014-03-07,4,3,1
2014-03-07,1,1,0
2014-03-07,7,3,4
2014-03-07,13,4,9
2014-03-06,27,19,8
2014-03-06,28,18,10
2014-03-06,34,17,17
2014-03-06,53,36,17
2014-03-06,117,73,44
2014-03-06,200,124,76
2014-03-06,254,179,75
2014-03-06,126,73,53
2014-03-06,81,40,41
2014-03-06,43,25,18
2014-03-06,39,19,20
2014-03-06,41,19,22
2014-03-06,46,19,27
2014-03-06,87,28,59
2014-03-06,153,53,100
2014-03-06,245,67,178
2014-03-06,142,47,95
2014-03-06,56,18,38
2014-03-06,14,2,12
2014-03-06,5,0,5
2014-03-06,1,0,1
2014-03-06,2,1,1
2014-03-06,2,1,1
2014-03-06,5,2,3
2014-03-05,21,11,10
2014-03-05,29,18,11
2014-03-05,27,13,14
2014-03-05,46,31,15
2014-03-05,87,62,25
2014-03-05,211,151,60
2014-03-05,257,173,84
2014-03-05,117,71,46
2014-03-05,64,34,30
2014-03-05,80,39,41
2014-03-05,71,27,44
2014-03-05,62,20,42
2014-03-05,66,30,36
2014-03-05,63,27,36
2014-03-05,188,65,123
2014-03-05,259,77,182
2014-03-05,141,42,99
2014-03-05,53,14,39
2014-03-05,8,2,6
2014-03-05,4,2,2
2014-03-05,3,1,2
2014-03-05,5,2,3
2014-03-05,3,1,2
2014-03-05,9,7,2
2014-03-04,17,10,7
2014-03-04,14,10,4
2014-03-04,26,16,10
2014-03-04,43,32,11
2014-03-04,91,60,31
2014-03-04,235,157,78
2014-03-04,326,235,91
2014-03-04,139,80,59
2014-03-04,80,45,35
2014-03-04,54,24,30
2014-03-04,39,18,21
2014-03-04,54,19,35
2014-03-04,44,16,28
2014-03-04,60,18,42
2014-03-04,186,69,117
2014-03-04,339,99,240
2014-03-04,191,54,137
2014-03-04,81,26,55
2014-03-04,21,5,16
2014-03-04,2,2,0
2014-03-04,2,0,2
2014-03-04,3,1,2
2014-03-04,2,0,2
2014-03-04,4,2,2
2014-03-03,16,11,5
2014-03-03,35,19,16
2014-03-03,26,14,12
2014-03-03,46,29,17
2014-03-03,105,63,42
2014-03-03,238,145,93
2014-03-03,263,164,99
2014-03-03,137,75,62
2014-03-03,73,29,44
2014-03-03,57,32,25
2014-03-03,50,22,28
2014-03-03,29,8,21
2014-03-03,21,9,12
2014-03-03,55,23,32
2014-03-03,130,36,94
2014-03-03,205,66,139
2014-03-03,152,48,104
2014-03-03,61,20,41
2014-03-03,15,2,13
2014-03-03,2,1,1
2014-03-03,2,0,2
2014-03-03,0,0,0
2014-03-03,0,0,0
2014-03-03,2,1,1
2014-03-02,4,2,2
2014-03-02,5,4,1
2014-03-02,3,2,1
2014-03-02,10,5,5
2014-03-02,9,5,4
2014-03-02,13,7,6
2014-03-02,22,11,11
2014-03-02,33,17,16
2014-03-02,34,14,20
2014-03-02,23,4,19
2014-03-02,28,22,6
2014-03-02,34,8,26
2014-03-02,41,14,27
2014-03-02,57,16,41
2014-03-02,54,25,29
2014-03-02,19,10,9
2014-03-02,8,5,3
2014-03-02,12,5,7
2014-03-02,3,1,2
2014-03-02,1,0,1
2014-03-02,3,2,1
2014-03-02,5,4,1
2014-03-02,2,1,1
2014-03-02,8,3,5
2014-03-01,15,3,12
2014-03-01,19,9,10
2014-03-01,17,14,3
2014-03-01,23,20,3
2014-03-01,32,25,7
2014-03-01,43,22,21
2014-03-01,41,15,26
2014-03-01,72,37,35
2014-03-01,56,22,34
2014-03-01,83,40,43
2014-03-01,57,13,44
2014-03-01,99,40,59
2014-03-01,114,31,83
2014-03-01,111,26,85
2014-03-01,86,30,56
2014-03-01,58,24,34
2014-03-01,16,3,13
2014-03-01,13,9,4
2014-03-01,3,0,3
2014-03-01,1,0,1
2014-03-01,1,1,0
2014-03-01,2,2,0
2014-03-01,6,4,2
2014-03-01,21,11,10
2014-02-28,28,18,10
2014-02-28,34,17,17
2014-02-28,35,20,15
2014-02-28,65,47,18
2014-02-28,108,63,45
2014-02-28,314,203,111
2014-02-28,395,252,143
2014-02-28,237,133,104
2014-02-28,149,70,79
2014-02-28,119,59,60
2014-02-28,101,50,51
2014-02-28,109,55,54
2014-02-28,101,39,62
2014-02-28,113,53,60
2014-02-28,245,89,156
2014-02-28,354,96,258
2014-02-28,187,49,138
2014-02-28,78,31,47
2014-02-28,16,1,15
2014-02-28,7,1,6
2014-02-28,1,1,0
2014-02-28,7,3,4
2014-02-28,5,3,2
2014-02-28,21,8,13
2014-02-27,44,14,30
2014-02-27,31,19,12
2014-02-27,56,29,27
2014-02-27,75,47,28
2014-02-27,144,92,52
2014-02-27,300,198,102
2014-02-27,355,237,118
2014-02-27,200,102,98
2014-02-27,127,70,57
2014-02-27,85,44,41
2014-02-27,91,36,55
2014-02-27,90,30,60
2014-02-27,76,37,39
2014-02-27,113,42,71
2014-02-27,216,79,137
2014-02-27,347,101,246
2014-02-27,231,61,170
2014-02-27,91,24,67
2014-02-27,26,5,21
2014-02-27,3,1,2
2014-02-27,3,0,3
2014-02-27,1,1,0
2014-02-27,5,4,1
2014-02-27,11,4,7
2014-02-26,24,16,8
2014-02-26,40,18,22
2014-02-26,49,31,18
2014-02-26,83,57,26
2014-02-26,153,101,52
2014-02-26,319,204,115
2014-02-26,451,294,157
2014-02-26,223,124,99
2014-02-26,140,60,80
2014-02-26,98,47,51
2014-02-26,100,53,47
2014-02-26,110,48,62
2014-02-26,77,34,43
2014-02-26,90,32,58
2014-02-26,263,104,159
2014-02-26,375,124,251
2014-02-26,250,66,184
2014-02-26,79,21,58
2014-02-26,17,6,11
2014-02-26,4,1,3
2014-02-26,3,2,1
2014-02-26,6,4,2
2014-02-26,1,0,1
2014-02-26,5,3,2
2014-02-25,16,11,5
2014-02-25,30,21,9
2014-02-25,43,21,22
2014-02-25,68,41,27
2014-02-25,135,79,56
2014-02-25,313,198,115
2014-02-25,396,262,134
2014-02-25,176,101,75
2014-02-25,128,64,64
2014-02-25,72,40,32
2014-02-25,62,30,32
2014-02-25,66,29,37
2014-02-25,51,32,19
2014-02-25,87,28,59
2014-02-25,216,77,139
2014-02-25,367,111,256
2014-02-25,229,62,167
2014-02-25,73,27,46
2014-02-25,24,5,19
2014-02-25,2,1,1
2014-02-25,1,0,1
2014-02-25,2,0,2
2014-02-25,0,0,0
2014-02-25,6,2,4
2014-02-24,10,6,4
2014-02-24,22,11,11
2014-02-24,19,9,10
2014-02-24,43,28,15
2014-02-24,90,58,32
2014-02-24,191,124,67
2014-02-24,242,170,72
2014-02-24,95,64,31
2014-02-24,53,27,26
2014-02-24,32,17,15
2014-02-24,25,9,16
2014-02-24,19,9,10
2014-02-24,28,9,19
2014-02-24,44,21,23
2014-02-24,146,60,86
2014-02-24,240,57,183
2014-02-24,160,40,120
2014-02-24,72,27,45
2014-02-24,17,3,14
2014-02-24,3,1,2
2014-02-24,1,0,1
2014-02-24,1,1,0
2014-02-24,0,0,0
2014-02-24,4,2,2
2014-02-23,13,6,7
2014-02-23,12,6,6
2014-02-23,12,7,5
2014-02-23,17,9,8
2014-02-23,13,6,7
2014-02-23,10,5,5
2014-02-23,28,12,16
2014-02-23,31,21,10
2014-02-23,43,22,21
2014-02-23,69,40,29
2014-02-23,65,41,24
2014-02-23,73,35,38
2014-02-23,42,18,24
2014-02-23,67,25,42
2014-02-23,48,16,32
2014-02-23,55,13,42
2014-02-23,44,5,39
2014-02-23,19,5,14
2014-02-23,4,2,2
2014-02-23,2,1,1
2014-02-23,2,2,0
2014-02-23,8,6,2
2014-02-23,5,1,4
2014-02-23,9,6,3
2014-02-22,16,8,8
2014-02-22,22,9,13
2014-02-22,19,11,8
2014-02-22,14,11,3
2014-02-22,18,10,8
2014-02-22,36,16,20
2014-02-22,37,19,18
2014-02-22,59,27,32
2014-02-22,57,27,30
2014-02-22,47,18,29
2014-02-22,41,16,25
2014-02-22,34,18,16
2014-02-22,42,13,29
2014-02-22,32,9,23
2014-02-22,41,24,17
2014-02-22,39,15,24
2014-02-22,17,9,8
2014-02-22,15,6,9
2014-02-22,3,1,2
2014-02-22,1,1,0
2014-02-22,5,2,3
2014-02-22,6,2,4
2014-02-22,13,6,7
2014-02-22,10,3,7
2014-02-21,21,12,9
2014-02-21,24,9,15
2014-02-21,15,13,2
2014-02-21,33,24,9
2014-02-21,103,72,31
2014-02-21,187,128,59
2014-02-21,262,178,84
2014-02-21,133,88,45
2014-02-21,81,46,35
2014-02-21,49,27,22
2014-02-21,61,34,27
2014-02-21,51,24,27
2014-02-21,53,26,27
2014-02-21,84,35,49
2014-02-21,179,68,111
2014-02-21,275,85,190
2014-02-21,175,53,122
2014-02-21,64,19,45
2014-02-21,14,5,9
2014-02-21,5,3,2
2014-02-21,3,2,1
2014-02-21,2,1,1
2014-02-21,5,2,3
2014-02-21,10,6,4
2014-02-20,22,14,8
2014-02-20,28,13,15
2014-02-20,51,30,21
2014-02-20,55,34,21
2014-02-20,132,80,52
2014-02-20,233,145,88
2014-02-20,305,205,100
2014-02-20,177,110,67
2014-02-20,103,50,53
2014-02-20,76,33,43
2014-02-20,79,32,47
2014-02-20,55,24,31
2014-02-20,47,23,24
2014-02-20,85,34,51
2014-02-20,187,74,113
2014-02-20,298,110,188
2014-02-20,184,51,133
2014-02-20,69,24,45
2014-02-20,14,3,11
2014-02-20,5,2,3
2014-02-20,1,0,1
2014-02-20,2,0,2
2014-02-20,4,3,1
2014-02-20,2,0,2
2014-02-19,10,6,4
2014-02-19,32,18,14
2014-02-19,36,20,16
2014-02-19,70,41,29
2014-02-19,129,83,46
2014-02-19,222,146,76
2014-02-19,309,220,89
2014-02-19,157,94,63
2014-02-19,105,60,45
2014-02-19,59,30,29
2014-02-19,81,37,44
2014-02-19,68,31,37
2014-02-19,52,19,33
2014-02-19,90,43,47
2014-02-19,205,73,132
2014-02-19,273,84,189
2014-02-19,170,38,132
2014-02-19,69,21,48
2014-02-19,18,7,11
2014-02-19,2,0,2
2014-02-19,2,0,2
2014-02-19,2,1,1
2014-02-19,1,0,1
2014-02-19,5,3,2
2014-02-18,11,5,6
2014-02-18,25,16,9
2014-02-18,25,15,10
2014-02-18,36,22,14
2014-02-18,74,50,24
2014-02-18,215,150,65
2014-02-18,246,166,80
2014-02-18,91,59,32
2014-02-18,52,37,15
2014-02-18,27,13,14
2014-02-18,19,6,13
2014-02-18,25,14,11
2014-02-18,20,11,9
2014-02-18,46,14,32
2014-02-18,154,56,98
2014-02-18,229,63,166
2014-02-18,140,46,94
2014-02-18,67,23,44
2014-02-18,10,2,8
2014-02-18,4,2,2
2014-02-18,1,1,0
2014-02-18,4,2,2
2014-02-18,0,0,0
2014-02-18,4,3,1
2014-02-17,10,4,6
2014-02-17,15,8,7
2014-02-17,28,17,11
2014-02-17,23,9,14
2014-02-17,54,35,19
2014-02-17,113,77,36
2014-02-17,119,86,33
2014-02-17,104,57,47
2014-02-17,59,28,31
2014-02-17,68,34,34
2014-02-17,45,18,27
2014-02-17,38,17,21
2014-02-17,41,12,29
2014-02-17,40,21,19
2014-02-17,87,40,47
2014-02-17,93,25,68
2014-02-17,52,23,29
2014-02-17,25,17,8
2014-02-17,4,1,3
2014-02-17,2,1,1
2014-02-17,2,0,2
2014-02-17,2,1,1
2014-02-17,0,0,0
2014-02-17,4,2,2
2014-02-16,5,3,2
2014-02-16,2,2,0
2014-02-16,6,3,3
2014-02-16,12,6,6
2014-02-16,11,8,3
2014-02-16,12,4,8
2014-02-16,12,6,6
2014-02-16,24,12,12
2014-02-16,35,12,23
2014-02-16,41,14,27
2014-02-16,40,16,24
2014-02-16,46,27,19
2014-02-16,58,27,31
2014-02-16,62,25,37
2014-02-16,58,20,38
2014-02-16,24,12,12
2014-02-16,3,1,2
2014-02-16,9,4,5
2014-02-16,1,1,0
2014-02-16,3,1,2
2014-02-16,2,2,0
2014-02-16,2,0,2
2014-02-16,2,0,2
2014-02-16,15,5,10
2014-02-15,11,4,7
2014-02-15,9,2,7
2014-02-15,8,5,3
2014-02-15,15,4,11
2014-02-15,17,8,9
2014-02-15,19,8,11
2014-02-15,16,6,10
2014-02-15,36,16,20
2014-02-15,23,13,10
2014-02-15,32,13,19
2014-02-15,68,29,39
2014-02-15,84,37,47
2014-02-15,74,33,41
2014-02-15,62,24,38
2014-02-15,67,31,36
2014-02-15,47,18,29
2014-02-15,13,7,6
2014-02-15,16,7,9
2014-02-15,2,1,1
2014-02-15,6,5,1
2014-02-15,2,2,0
2014-02-15,7,4,3
2014-02-15,5,2,3
2014-02-15,19,15,4
2014-02-14,16,8,8
2014-02-14,24,13,11
2014-02-14,27,13,14
2014-02-14,43,27,16
2014-02-14,79,51,28
2014-02-14,199,131,68
2014-02-14,266,182,84
2014-02-14,138,86,52
2014-02-14,102,49,53
2014-02-14,57,31,26
2014-02-14,48,18,30
2014-02-14,43,15,28
2014-02-14,37,16,21
2014-02-14,55,25,30
2014-02-14,155,55,100
2014-02-14,244,75,169
2014-02-14,155,46,109
2014-02-14,62,17,45
2014-02-14,8,3,5
2014-02-14,5,3,2
2014-02-14,3,1,2
2014-02-14,3,2,1
2014-02-14,6,6,0
2014-02-14,11,7,4
2014-02-13,24,19,5
2014-02-13,33,21,12
2014-02-13,44,33,11
2014-02-13,68,44,24
2014-02-13,112,68,44
2014-02-13,288,193,95
2014-02-13,340,230,110
2014-02-13,174,102,72
2014-02-13,99,55,44
2014-02-13,61,36,25
2014-02-13,68,27,41
2014-02-13,63,22,41
2014-02-13,75,30,45
2014-02-13,90,33,57
2014-02-13,207,77,130
2014-02-13,321,94,227
2014-02-13,191,47,144
2014-02-13,91,34,57
2014-02-13,23,4,19
2014-02-13,2,1,1
2014-02-13,1,0,1
2014-02-13,2,2,0
2014-02-13,5,3,2
2014-02-13,7,3,4
2014-02-12,19,12,7
2014-02-12,22,15,7
2014-02-12,44,23,21
2014-02-12,59,34,25
2014-02-12,119,74,45
2014-02-12,275,192,83
2014-02-12,295,203,92
2014-02-12,156,96,60
2014-02-12,122,64,58
2014-02-12,57,29,28
2014-02-12,71,33,38
2014-02-12,69,29,40
2014-02-12,59,23,36
2014-02-12,85,41,44
2014-02-12,187,58,129
2014-02-12,267,85,182
2014-02-12,137,40,97
2014-02-12,66,20,46
2014-02-12,10,3,7
2014-02-12,7,2,5
2014-02-12,1,0,1
2014-02-12,1,0,1
2014-02-12,3,1,2
2014-02-12,8,6,2
2014-02-11,9,3,6
2014-02-11,16,8,8
2014-02-11,24,16,8
2014-02-11,53,29,24
2014-02-11,89,67,22
2014-02-11,212,137,75
2014-02-11,271,197,74
2014-02-11,119,74,45
2014-02-11,77,46,31
2014-02-11,68,32,36
2014-02-11,63,31,32
2014-02-11,56,36,20
2014-02-11,52,20,32
2014-02-11,89,31,58
2014-02-11,207,84,123
2014-02-11,304,79,225
2014-02-11,196,61,135
2014-02-11,85,30,55
2014-02-11,20,6,14
2014-02-11,2,1,1
2014-02-11,3,0,3
2014-02-11,1,0,1
2014-02-11,1,0,1
2014-02-11,7,5,2
2014-02-10,16,8,8
2014-02-10,14,11,3
2014-02-10,23,11,12
2014-02-10,44,30,14
2014-02-10,72,43,29
2014-02-10,165,112,53
2014-02-10,212,147,65
2014-02-10,100,58,42
2014-02-10,50,24,26
2014-02-10,35,20,15
2014-02-10,42,18,24
2014-02-10,49,22,27
2014-02-10,47,14,33
2014-02-10,53,22,31
2014-02-10,151,55,96
2014-02-10,180,47,133
2014-02-10,101,35,66
2014-02-10,53,16,37
2014-02-10,11,4,7
2014-02-10,3,1,2
2014-02-10,1,0,1
2014-02-10,1,1,0
2014-02-10,0,0,0
2014-02-10,5,2,3
2014-02-09,7,2,5
2014-02-09,7,7,0
2014-02-09,9,6,3
2014-02-09,5,0,5
2014-02-09,8,4,4
2014-02-09,12,8,4
2014-02-09,11,7,4
2014-02-09,19,10,9
2014-02-09,17,8,9
2014-02-09,17,7,10
2014-02-09,16,8,8
2014-02-09,18,9,9
2014-02-09,16,10,6
2014-02-09,21,10,11
2014-02-09,12,7,5
2014-02-09,9,4,5
2014-02-09,4,1,3
2014-02-09,3,1,2
2014-02-09,0,0,0
2014-02-09,0,0,0
2014-02-09,1,1,0
2014-02-09,4,2,2
2014-02-09,0,0,0
2014-02-09,5,4,1
2014-02-08,6,3,3
2014-02-08,8,6,2
2014-02-08,10,3,7
2014-02-08,19,14,5
2014-02-08,13,8,5
2014-02-08,34,14,20
2014-02-08,49,23,26
2014-02-08,73,40,33
2014-02-08,69,31,38
2014-02-08,90,30,60
2014-02-08,75,29,46
2014-02-08,76,27,49
2014-02-08,61,23,38
2014-02-08,67,23,44
2014-02-08,44,14,30
2014-02-08,26,13,13
2014-02-08,11,5,6
2014-02-08,11,6,5
2014-02-08,6,4,2
2014-02-08,0,0,0
2014-02-08,4,3,1
2014-02-08,2,2,0
2014-02-08,7,3,4
2014-02-08,34,31,3
2014-02-07,24,10,14
2014-02-07,21,9,12
2014-02-07,28,13,15
2014-02-07,45,30,15
2014-02-07,74,52,22
2014-02-07,154,106,48
2014-02-07,220,132,88
2014-02-07,124,68,56
2014-02-07,79,46,33
2014-02-07,67,28,39
2014-02-07,35,15,20
2014-02-07,54,27,27
2014-02-07,45,23,22
2014-02-07,71,32,39
2014-02-07,150,46,104
2014-02-07,194,52,142
2014-02-07,110,30,80
2014-02-07,46,16,30
2014-02-07,12,4,8
2014-02-07,4,2,2
2014-02-07,1,0,1
2014-02-07,1,1,0
2014-02-07,6,4,2
2014-02-07,7,4,3
2014-02-06,21,13,8
2014-02-06,16,11,5
2014-02-06,28,19,9
2014-02-06,45,30,15
2014-02-06,84,51,33
2014-02-06,172,113,59
2014-02-06,199,141,58
2014-02-06,102,63,39
2014-02-06,58,32,26
2014-02-06,41,17,24
2014-02-06,40,19,21
2014-02-06,44,17,27
2014-02-06,54,26,28
2014-02-06,69,29,40
2014-02-06,164,54,110
2014-02-06,229,66,163
2014-02-06,117,27,90
2014-02-06,52,19,33
2014-02-06,15,3,12
2014-02-06,2,1,1
2014-02-06,2,0,2
2014-02-06,0,0,0
2014-02-06,3,2,1
2014-02-06,5,2,3
2014-02-05,19,11,8
2014-02-05,16,10,6
2014-02-05,26,15,11
2014-02-05,56,39,17
2014-02-05,109,66,43
2014-02-05,226,152,74
2014-02-05,307,237,70
2014-02-05,161,105,56
2014-02-05,120,83,37
2014-02-05,99,72,27
2014-02-05,157,127,30
2014-02-05,100,55,45
2014-02-05,114,33,81
2014-02-05,245,74,171
2014-02-05,248,92,156
2014-02-05,317,88,229
2014-02-05,183,44,139
2014-02-05,55,17,38
2014-02-05,13,2,11
2014-02-05,3,2,1
2014-02-05,2,0,2
2014-02-05,1,1,0
2014-02-05,2,1,1
2014-02-05,9,5,4
2014-02-04,15,9,6
2014-02-04,23,12,11
2014-02-04,45,23,22
2014-02-04,38,22,16
2014-02-04,130,91,39
2014-02-04,266,189,77
2014-02-04,294,218,76
2014-02-04,143,84,59
2014-02-04,61,33,28
2014-02-04,61,27,34
2014-02-04,46,21,25
2014-02-04,52,20,32
2014-02-04,42,24,18
2014-02-04,74,34,40
2014-02-04,176,62,114
2014-02-04,312,94,218
2014-02-04,200,49,151
2014-02-04,78,28,50
2014-02-04,22,7,15
2014-02-04,4,0,4
2014-02-04,2,0,2
2014-02-04,1,0,1
2014-02-04,2,0,2
2014-02-04,4,2,2
2014-02-03,13,7,6
2014-02-03,24,16,8
2014-02-03,38,23,15
2014-02-03,53,33,20
2014-02-03,113,84,29
2014-02-03,260,178,82
2014-02-03,370,270,100
2014-02-03,186,111,75
2014-02-03,89,43,46
2014-02-03,72,29,43
2014-02-03,52,21,31
2014-02-03,50,22,28
2014-02-03,57,24,33
2014-02-03,91,46,45
2014-02-03,216,80,136
2014-02-03,309,74,235
2014-02-03,196,53,143
2014-02-03,66,24,42
2014-02-03,20,7,13
2014-02-03,6,3,3
2014-02-03,2,2,0
2014-02-03,1,0,1
2014-02-03,1,0,1
2014-02-03,5,2,3
2014-02-02,17,14,3
2014-02-02,24,18,6
2014-02-02,29,17,12
2014-02-02,44,20,24
2014-02-02,41,15,26
2014-02-02,23,7,16
2014-02-02,41,19,22
2014-02-02,47,28,19
2014-02-02,77,26,51
2014-02-02,135,63,72
2014-02-02,156,78,78
2014-02-02,121,46,75
2014-02-02,108,47,61
2014-02-02,93,28,65
2014-02-02,36,14,22
2014-02-02,37,17,20
2014-02-02,11,4,7
2014-02-02,9,4,5
2014-02-02,3,1,2
2014-02-02,6,4,2
2014-02-02,5,4,1
2014-02-02,5,5,0
2014-02-02,8,6,2
2014-02-02,19,10,9
2014-02-01,17,6,11
2014-02-01,16,6,10
2014-02-01,18,8,10
2014-02-01,21,12,9
2014-02-01,35,14,21
2014-02-01,47,16,31
2014-02-01,52,26,26
2014-02-01,110,46,64
2014-02-01,111,41,70
2014-02-01,122,53,69
2014-02-01,86,43,43
2014-02-01,111,41,70
2014-02-01,81,41,40
2014-02-01,91,35,56
2014-02-01,71,33,38
2014-02-01,60,18,42
2014-02-01,26,11,15
2014-02-01,11,6,5
2014-02-01,6,1,5
2014-02-01,1,1,0
2014-02-01,2,1,1
2014-02-01,4,3,1
2014-02-01,14,6,8
2014-02-01,21,16,5
2014-01-31,20,8,12
2014-01-31,30,14,16
2014-01-31,36,23,13
2014-01-31,54,37,17
2014-01-31,93,62,31
2014-01-31,216,139,77
2014-01-31,286,189,97
2014-01-31,157,96,61
2014-01-31,91,43,48
2014-01-31,85,39,46
2014-01-31,62,24,38
2014-01-31,69,27,42
2014-01-31,61,28,33
2014-01-31,93,48,45
2014-01-31,166,52,114
2014-01-31,252,73,179
2014-01-31,159,45,114
2014-01-31,60,21,39
2014-01-31,17,2,15
2014-01-31,3,1,2
2014-01-31,5,3,2
2014-01-31,2,0,2
2014-01-31,10,8,2
2014-01-31,8,5,3
2014-01-30,10,8,2
2014-01-30,30,20,10
2014-01-30,48,26,22
2014-01-30,60,38,22
2014-01-30,124,84,40
2014-01-30,252,178,74
2014-01-30,307,223,84
2014-01-30,161,103,58
2014-01-30,93,41,52
2014-01-30,55,24,31
2014-01-30,46,21,25
2014-01-30,52,24,28
2014-01-30,66,32,34
2014-01-30,95,42,53
2014-01-30,217,77,140
2014-01-30,310,95,215
2014-01-30,182,54,128
2014-01-30,81,24,57
2014-01-30,19,1,18
2014-01-30,7,2,5
2014-01-30,1,0,1
2014-01-30,4,2,2
2014-01-30,3,2,1
2014-01-30,6,4,2
2014-01-29,17,7,10
2014-01-29,26,14,12
2014-01-29,31,12,19
2014-01-29,48,34,14
2014-01-29,121,66,55
2014-01-29,231,159,72
2014-01-29,271,187,84
2014-01-29,126,74,52
2014-01-29,60,30,30
2014-01-29,41,29,12
2014-01-29,33,15,18
2014-01-29,38,25,13
2014-01-29,36,12,24
2014-01-29,71,27,44
2014-01-29,202,71,131
2014-01-29,277,71,206
2014-01-29,177,48,129
2014-01-29,61,11,50
2014-01-29,19,4,15
2014-01-29,3,1,2
2014-01-29,0,0,0
2014-01-29,1,0,1
2014-01-29,3,2,1
2014-01-29,6,2,4
2014-01-28,12,6,6
2014-01-28,31,18,13
2014-01-28,40,23,17
2014-01-28,63,36,27
2014-01-28,147,93,54
2014-01-28,277,184,93
2014-01-28,391,278,113
2014-01-28,162,101,61
2014-01-28,103,53,50
2014-01-28,55,28,27
2014-01-28,48,25,23
2014-01-28,61,23,38
2014-01-28,48,15,33
2014-01-28,80,32,48
2014-01-28,237,79,158
2014-01-28,354,108,246
2014-01-28,226,71,155
2014-01-28,93,26,67
2014-01-28,19,5,14
2014-01-28,4,0,4
2014-01-28,0,0,0
2014-01-28,4,2,2
2014-01-28,3,2,1
2014-01-28,8,4,4
2014-01-27,20,11,9
2014-01-27,27,13,14
2014-01-27,39,25,14
2014-01-27,61,42,19
2014-01-27,122,82,40
2014-01-27,294,204,90
2014-01-27,400,286,114
2014-01-27,180,112,68
2014-01-27,96,37,59
2014-01-27,74,39,35
2014-01-27,63,28,35
2014-01-27,53,19,34
2014-01-27,59,18,41
2014-01-27,83,35,48
2014-01-27,224,77,147
2014-01-27,357,103,254
2014-01-27,218,65,153
2014-01-27,94,33,61
2014-01-27,18,7,11
2014-01-27,1,0,1
2014-01-27,1,1,0
2014-01-27,3,1,2
2014-01-27,4,0,4
2014-01-27,8,6,2
2014-01-26,9,6,3
2014-01-26,9,3,6
2014-01-26,19,10,9
2014-01-26,20,9,11
2014-01-26,24,5,19
2014-01-26,44,18,26
2014-01-26,110,47,63
2014-01-26,131,57,74
2014-01-26,172,92,80
2014-01-26,296,180,116
2014-01-26,161,76,85
2014-01-26,123,55,68
2014-01-26,88,39,49
2014-01-26,73,17,56
2014-01-26,44,24,20
2014-01-26,35,9,26
2014-01-26,8,3,5
2014-01-26,14,8,6
2014-01-26,5,1,4
2014-01-26,3,1,2
2014-01-26,8,3,5
2014-01-26,6,3,3
2014-01-26,8,6,2
2014-01-26,19,9,10
2014-01-25,17,10,7
2014-01-25,24,8,16
2014-01-25,14,5,9
2014-01-25,31,21,10
2014-01-25,30,16,14
2014-01-25,68,29,39
2014-01-25,80,39,41
2014-01-25,164,67,97
2014-01-25,231,104,127
2014-01-25,165,71,94
2014-01-25,137,53,84
2014-01-25,135,68,67
2014-01-25,94,40,54
2014-01-25,62,24,38
2014-01-25,71,26,45
2014-01-25,42,21,21
2014-01-25,21,10,11
2014-01-25,12,7,5
2014-01-25,4,3,1
2014-01-25,3,1,2
2014-01-25,2,2,0
2014-01-25,6,2,4
2014-01-25,10,4,6
2014-01-25,18,10,8
2014-01-24,34,16,18
2014-01-24,37,12,25
2014-01-24,43,26,17
2014-01-24,59,37,22
2014-01-24,90,55,35
2014-01-24,224,161,63
2014-01-24,336,242,94
2014-01-24,201,111,90
2014-01-24,146,77,69
2014-01-24,110,49,61
2014-01-24,91,41,50
2014-01-24,82,30,52
2014-01-24,79,26,53
2014-01-24,126,42,84
2014-01-24,221,71,150
2014-01-24,314,87,227
2014-01-24,192,54,138
2014-01-24,75,27,48
2014-01-24,20,3,17
2014-01-24,8,3,5
2014-01-24,2,1,1
2014-01-24,4,2,2
2014-01-24,8,6,2
2014-01-24,19,9,10
2014-01-23,21,12,9
2014-01-23,44,21,23
2014-01-23,36,20,16
2014-01-23,87,48,39
2014-01-23,131,86,45
2014-01-23,287,182,105
2014-01-23,371,258,113
2014-01-23,191,121,70
2014-01-23,127,66,61
2014-01-23,81,42,39
2014-01-23,69,34,35
2014-01-23,73,23,50
2014-01-23,69,34,35
2014-01-23,103,39,64
2014-01-23,233,86,147
2014-01-23,366,122,244
2014-01-23,223,67,156
2014-01-23,90,28,62
2014-01-23,26,2,24
2014-01-23,3,2,1
2014-01-23,3,2,1
2014-01-23,6,4,2
2014-01-23,4,2,2
2014-01-23,5,1,4
2014-01-22,13,10,3
2014-01-22,32,16,16
2014-01-22,49,30,19
2014-01-22,68,43,25
2014-01-22,143,90,53
2014-01-22,328,230,98
2014-01-22,398,266,132
2014-01-22,188,109,79
2014-01-22,102,51,51
2014-01-22,74,31,43
2014-01-22,73,33,40
2014-01-22,63,27,36
2014-01-22,56,24,32
2014-01-22,105,45,60
2014-01-22,253,90,163
2014-01-22,375,107,268
2014-01-22,233,65,168
2014-01-22,88,24,64
2014-01-22,20,5,15
2014-01-22,6,4,2
2014-01-22,3,2,1
2014-01-22,3,2,1
2014-01-22,6,1,5
2014-01-22,13,6,7
2014-01-21,16,10,6
2014-01-21,33,16,17
2014-01-21,46,31,15
2014-01-21,55,24,31
2014-01-21,162,114,48
2014-01-21,335,222,113
2014-01-21,408,269,139
2014-01-21,192,116,76
2014-01-21,110,57,53
2014-01-21,63,34,29
2014-01-21,50,25,25
2014-01-21,76,35,41
2014-01-21,64,31,33
2014-01-21,114,42,72
2014-01-21,222,87,135
2014-01-21,376,104,272
2014-01-21,218,64,154
2014-01-21,101,32,69
2014-01-21,18,5,13
2014-01-21,5,2,3
2014-01-21,2,2,0
2014-01-21,2,1,1
2014-01-21,4,2,2
2014-01-21,8,3,5
2014-01-20,14,12,2
2014-01-20,24,14,10
2014-01-20,32,18,14
2014-01-20,44,24,20
2014-01-20,98,65,33
2014-01-20,159,107,52
2014-01-20,210,142,68
2014-01-20,167,96,71
2014-01-20,140,55,85
2014-01-20,138,73,65
2014-01-20,110,41,69
2014-01-20,86,31,55
2014-01-20,71,39,32
2014-01-20,77,31,46
2014-01-20,139,54,85
2014-01-20,157,50,107
2014-01-20,134,45,89
2014-01-20,43,17,26
2014-01-20,13,3,10
2014-01-20,2,1,1
2014-01-20,1,1,0
2014-01-20,2,1,1
2014-01-20,5,1,4
2014-01-20,8,4,4
2014-01-19,17,10,7
2014-01-19,13,8,5
2014-01-19,28,17,11
2014-01-19,37,21,16
2014-01-19,35,18,17
2014-01-19,22,12,10
2014-01-19,34,21,13
2014-01-19,35,15,20
2014-01-19,71,29,42
2014-01-19,69,17,52
2014-01-19,93,46,47
2014-01-19,97,43,54
2014-01-19,64,31,33
2014-01-19,69,29,40
2014-01-19,53,18,35
2014-01-19,34,13,21
2014-01-19,9,6,3
2014-01-19,9,6,3
2014-01-19,6,2,4
2014-01-19,0,0,0
2014-01-19,2,1,1
2014-01-19,3,1,2
2014-01-19,8,6,2
2014-01-19,14,8,6
2014-01-18,19,9,10
2014-01-18,14,7,7
2014-01-18,26,12,14
2014-01-18,20,13,7
2014-01-18,31,16,15
2014-01-18,55,23,32
2014-01-18,62,32,30
2014-01-18,117,62,55
2014-01-18,124,51,73
2014-01-18,104,44,60
2014-01-18,116,37,79
2014-01-18,93,31,62
2014-01-18,75,31,44
2014-01-18,77,31,46
2014-01-18,61,30,31
2014-01-18,58,21,37
2014-01-18,18,8,10
2014-01-18,17,10,7
2014-01-18,6,1,5
2014-01-18,5,5,0
2014-01-18,6,4,2
2014-01-18,5,1,4
2014-01-18,11,3,8
2014-01-18,15,9,6
2014-01-17,22,11,11
2014-01-17,26,14,12
2014-01-17,37,17,20
2014-01-17,41,24,17
2014-01-17,106,80,26
2014-01-17,208,137,71
2014-01-17,337,231,106
2014-01-17,199,113,86
2014-01-17,102,50,52
2014-01-17,73,36,37
2014-01-17,70,27,43
2014-01-17,66,31,35
2014-01-17,59,22,37
2014-01-17,103,33,70
2014-01-17,211,71,140
2014-01-17,333,84,249
2014-01-17,194,59,135
2014-01-17,76,26,50
2014-01-17,20,7,13
2014-01-17,3,2,1
2014-01-17,3,2,1
2014-01-17,5,3,2
2014-01-17,6,3,3
2014-01-17,10,9,1
2014-01-16,16,9,7
2014-01-16,35,19,16
2014-01-16,56,28,28
2014-01-16,72,44,28
2014-01-16,147,99,48
2014-01-16,305,206,99
2014-01-16,357,244,113
2014-01-16,170,109,61
2014-01-16,97,40,57
2014-01-16,82,41,41
2014-01-16,60,23,37
2014-01-16,72,32,40
2014-01-16,59,29,30
2014-01-16,116,56,60
2014-01-16,234,80,154
2014-01-16,382,113,269
2014-01-16,226,65,161
2014-01-16,102,30,72
2014-01-16,24,7,17
2014-01-16,2,1,1
2014-01-16,2,1,1
2014-01-16,5,2,3
2014-01-16,7,4,3
2014-01-16,13,8,5
2014-01-15,14,11,3
2014-01-15,49,32,17
2014-01-15,60,32,28
2014-01-15,86,60,26
2014-01-15,153,104,49
2014-01-15,361,224,137
2014-01-15,365,254,111
2014-01-15,192,119,73
2014-01-15,95,44,51
2014-01-15,93,41,52
2014-01-15,76,39,37
2014-01-15,88,45,43
2014-01-15,66,26,40
2014-01-15,96,44,52
2014-01-15,244,86,158
2014-01-15,371,110,261
2014-01-15,226,62,164
2014-01-15,96,23,73
2014-01-15,18,8,10
2014-01-15,8,5,3
2014-01-15,2,1,1
2014-01-15,2,0,2
2014-01-15,4,2,2
2014-01-15,7,0,7
2014-01-14,17,11,6
2014-01-14,36,21,15
2014-01-14,60,43,17
2014-01-14,65,37,28
2014-01-14,142,81,61
2014-01-14,319,215,104
2014-01-14,405,303,102
2014-01-14,199,115,84
2014-01-14,107,50,57
2014-01-14,76,36,40
2014-01-14,75,38,37
2014-01-14,67,29,38
2014-01-14,55,26,29
2014-01-14,105,37,68
2014-01-14,290,115,175
2014-01-14,385,110,275
2014-01-14,254,74,180
2014-01-14,99,27,72
2014-01-14,24,11,13
2014-01-14,11,3,8
2014-01-14,1,0,1
2014-01-14,1,1,0
2014-01-14,1,1,0
2014-01-14,14,5,9
2014-01-13,25,11,14
2014-01-13,27,14,13
2014-01-13,57,39,18
2014-01-13,82,51,31
2014-01-13,125,83,42
2014-01-13,317,219,98
2014-01-13,378,275,103
2014-01-13,165,87,78
2014-01-13,91,44,47
2014-01-13,67,30,37
2014-01-13,68,39,29
2014-01-13,53,18,35
2014-01-13,63,30,33
2014-01-13,95,41,54
2014-01-13,234,83,151
2014-01-13,359,85,274
2014-01-13,202,60,142
2014-01-13,84,29,55
2014-01-13,16,4,12
2014-01-13,4,2,2
2014-01-13,4,1,3
2014-01-13,2,1,1
2014-01-13,4,0,4
2014-01-13,8,5,3
2014-01-12,11,6,5
2014-01-12,9,6,3
2014-01-12,16,10,6
2014-01-12,16,7,9
2014-01-12,35,7,28
2014-01-12,36,11,25
2014-01-12,37,15,22
2014-01-12,62,22,40
2014-01-12,65,35,30
2014-01-12,68,28,40
2014-01-12,56,26,30
2014-01-12,64,30,34
2014-01-12,42,22,20
2014-01-12,41,17,24
2014-01-12,33,12,21
2014-01-12,21,10,11
2014-01-12,2,1,1
2014-01-12,10,8,2
2014-01-12,6,2,4
2014-01-12,3,0,3
2014-01-12,4,3,1
2014-01-12,2,0,2
2014-01-12,5,1,4
2014-01-12,11,6,5
2014-01-11,6,2,4
2014-01-11,11,8,3
2014-01-11,10,6,4
2014-01-11,12,5,7
2014-01-11,17,7,10
2014-01-11,32,15,17
2014-01-11,18,9,9
2014-01-11,21,11,10
2014-01-11,13,4,9
2014-01-11,18,6,12
2014-01-11,29,14,15
2014-01-11,21,8,13
2014-01-11,27,8,19
2014-01-11,57,27,30
2014-01-11,50,22,28
2014-01-11,33,12,21
2014-01-11,14,7,7
2014-01-11,10,6,4
2014-01-11,4,1,3
2014-01-11,0,0,0
2014-01-11,3,2,1
2014-01-11,3,2,1
2014-01-11,4,1,3
2014-01-11,10,5,5
2014-01-10,18,10,8
2014-01-10,14,6,8
2014-01-10,17,11,6
2014-01-10,36,22,14
2014-01-10,64,46,18
2014-01-10,192,124,68
2014-01-10,242,163,79
2014-01-10,130,75,55
2014-01-10,88,36,52
2014-01-10,66,26,40
2014-01-10,52,26,26
2014-01-10,45,15,30
2014-01-10,43,20,23
2014-01-10,86,31,55
2014-01-10,177,66,111
2014-01-10,253,56,197
2014-01-10,147,43,104
2014-01-10,68,22,46
2014-01-10,14,5,9
2014-01-10,5,3,2
2014-01-10,3,2,1
2014-01-10,2,1,1
2014-01-10,10,2,8
2014-01-10,8,5,3
2014-01-09,16,8,8
2014-01-09,27,17,10
2014-01-09,36,21,15
2014-01-09,103,85,18
2014-01-09,126,82,44
2014-01-09,253,170,83
2014-01-09,293,209,84
2014-01-09,140,94,46
2014-01-09,73,31,42
2014-01-09,57,25,32
2014-01-09,27,10,17
2014-01-09,31,16,15
2014-01-09,64,33,31
2014-01-09,89,31,58
2014-01-09,194,74,120
2014-01-09,306,98,208
2014-01-09,183,54,129
2014-01-09,68,21,47
2014-01-09,16,5,11
2014-01-09,3,2,1
2014-01-09,3,1,2
2014-01-09,2,1,1
2014-01-09,4,2,2
2014-01-09,6,3,3
2014-01-08,18,7,11
2014-01-08,21,14,7
2014-01-08,27,18,9
2014-01-08,62,35,27
2014-01-08,91,62,29
2014-01-08,247,176,71
2014-01-08,255,182,73
2014-01-08,111,72,39
2014-01-08,55,27,28
2014-01-08,31,12,19
2014-01-08,36,17,19
2014-01-08,30,15,15
2014-01-08,43,20,23
2014-01-08,75,31,44
2014-01-08,223,82,141
2014-01-08,329,88,241
2014-01-08,192,62,130
2014-01-08,63,17,46
2014-01-08,20,5,15
2014-01-08,5,1,4
2014-01-08,3,2,1
2014-01-08,1,0,1
2014-01-08,3,2,1
2014-01-08,7,3,4
2014-01-07,12,7,5
2014-01-07,21,12,9
2014-01-07,29,17,12
2014-01-07,44,27,17
2014-01-07,99,68,31
2014-01-07,263,175,88
2014-01-07,323,233,90
2014-01-07,134,82,52
2014-01-07,71,39,32
2014-01-07,54,25,29
2014-01-07,41,17,24
2014-01-07,32,12,20
2014-01-07,35,17,18
2014-01-07,79,28,51
2014-01-07,202,60,142
2014-01-07,321,93,228
2014-01-07,195,55,140
2014-01-07,87,30,57
2014-01-07,21,5,16
2014-01-07,5,3,2
2014-01-07,1,1,0
2014-01-07,4,1,3
2014-01-07,3,2,1
2014-01-07,6,2,4
2014-01-06,16,10,6
2014-01-06,22,11,11
2014-01-06,32,21,11
2014-01-06,54,37,17
2014-01-06,105,66,39
2014-01-06,258,183,75
2014-01-06,358,258,100
2014-01-06,172,97,75
2014-01-06,82,39,43
2014-01-06,81,40,41
2014-01-06,53,22,31
2014-01-06,58,35,23
2014-01-06,57,22,35
2014-01-06,92,32,60
2014-01-06,232,89,143
2014-01-06,306,86,220
2014-01-06,201,55,146
2014-01-06,81,30,51
2014-01-06,26,6,20
2014-01-06,2,1,1
2014-01-06,3,3,0
2014-01-06,3,0,3
2014-01-06,3,1,2
2014-01-06,7,5,2
2014-01-05,13,9,4
2014-01-05,14,12,2
2014-01-05,14,8,6
2014-01-05,12,5,7
2014-01-05,26,15,11
2014-01-05,40,20,20
2014-01-05,54,24,30
2014-01-05,104,42,62
2014-01-05,153,61,92
2014-01-05,170,77,93
2014-01-05,129,57,72
2014-01-05,139,41,98
2014-01-05,77,36,41
2014-01-05,69,24,45
2014-01-05,43,16,27
2014-01-05,42,21,21
2014-01-05,10,3,7
2014-01-05,5,2,3
2014-01-05,6,0,6
2014-01-05,7,4,3
2014-01-05,3,0,3
2014-01-05,5,4,1
2014-01-05,4,1,3
2014-01-05,12,4,8
2014-01-04,16,9,7
2014-01-04,11,7,4
2014-01-04,20,12,8
2014-01-04,26,14,12
2014-01-04,36,16,20
2014-01-04,32,13,19
2014-01-04,67,35,32
2014-01-04,92,43,49
2014-01-04,133,53,80
2014-01-04,163,61,102
2014-01-04,151,75,76
2014-01-04,125,52,73
2014-01-04,91,35,56
2014-01-04,63,24,39
2014-01-04,60,25,35
2014-01-04,41,22,19
2014-01-04,8,3,5
2014-01-04,11,2,9
2014-01-04,2,0,2
2014-01-04,5,4,1
2014-01-04,0,0,0
2014-01-04,2,2,0
2014-01-04,8,3,5
2014-01-04,9,5,4
2014-01-03,12,6,6
2014-01-03,20,6,14
2014-01-03,32,18,14
2014-01-03,30,20,10
2014-01-03,77,44,33
2014-01-03,175,117,58
2014-01-03,282,202,80
2014-01-03,193,129,64
2014-01-03,109,46,63
2014-01-03,95,36,59
2014-01-03,86,29,57
2014-01-03,72,27,45
2014-01-03,65,32,33
2014-01-03,85,36,49
2014-01-03,192,66,126
2014-01-03,231,57,174
2014-01-03,169,43,126
2014-01-03,64,18,46
2014-01-03,15,4,11
2014-01-03,6,2,4
2014-01-03,1,1,0
2014-01-03,1,0,1
2014-01-03,5,3,2
2014-01-03,10,6,4
2014-01-02,13,7,6
2014-01-02,8,6,2
2014-01-02,12,5,7
2014-01-02,44,32,12
2014-01-02,76,44,32
2014-01-02,205,147,58
2014-01-02,281,211,70
2014-01-02,145,89,56
2014-01-02,67,37,30
2014-01-02,53,32,21
2014-01-02,51,22,29
2014-01-02,74,33,41
2014-01-02,60,31,29
2014-01-02,75,27,48
2014-01-02,182,64,118
2014-01-02,248,82,166
2014-01-02,165,39,126
2014-01-02,74,18,56
2014-01-02,20,3,17
2014-01-02,2,1,1
2014-01-02,4,2,2
2014-01-02,0,0,0
2014-01-02,3,1,2
2014-01-02,3,1,2
2014-01-01,9,5,4
2014-01-01,15,6,9
2014-01-01,9,6,3
2014-01-01,14,7,7
2014-01-01,20,9,11
2014-01-01,20,10,10
2014-01-01,37,22,15
2014-01-01,105,46,59
2014-01-01,77,35,42
2014-01-01,140,58,82
2014-01-01,103,32,71
2014-01-01,90,41,49
2014-01-01,74,37,37
2014-01-01,47,15,32
2014-01-01,27,13,14
2014-01-01,22,8,14
2014-01-01,9,3,6
2014-01-01,2,1,1
2014-01-01,6,2,4
2014-01-01,6,3,3
2014-01-01,13,8,5
2014-01-01,19,12,7
2014-01-01,27,19,8
2014-01-01,23,18,5
2013-12-31,22,5,17
2013-12-31,14,4,10
2013-12-31,11,6,5
2013-12-31,36,23,13
2013-12-31,38,17,21
2013-12-31,64,39,25
2013-12-31,172,117,55
2013-12-31,166,114,52
2013-12-31,124,64,60
2013-12-31,72,45,27
2013-12-31,54,26,28
2013-12-31,49,19,30
2013-12-31,47,22,25
2013-12-31,57,29,28
2013-12-31,127,50,77
2013-12-31,160,49,111
2013-12-31,107,39,68
2013-12-31,60,27,33
2013-12-31,15,3,12
2013-12-31,4,3,1
2013-12-31,1,0,1
2013-12-31,1,0,1
2013-12-31,6,4,2
2013-12-31,12,4,8
2013-12-30,24,15,9
2013-12-30,23,9,14
2013-12-30,24,12,12
2013-12-30,43,17,26
2013-12-30,64,39,25
2013-12-30,146,102,44
2013-12-30,258,190,68
2013-12-30,150,91,59
2013-12-30,99,55,44
2013-12-30,48,26,22
2013-12-30,74,48,26
2013-12-30,55,16,39
2013-12-30,54,23,31
2013-12-30,62,18,44
2013-12-30,142,52,90
2013-12-30,208,66,142
2013-12-30,137,43,94
2013-12-30,72,23,49
2013-12-30,19,2,17
2013-12-30,4,3,1
2013-12-30,2,1,1
2013-12-30,2,2,0
2013-12-30,8,4,4
2013-12-30,4,0,4
2013-12-29,15,6,9
2013-12-29,14,7,7
2013-12-29,6,4,2
2013-12-29,16,8,8
2013-12-29,16,5,11
2013-12-29,35,15,20
2013-12-29,51,27,24
2013-12-29,44,15,29
2013-12-29,57,32,25
2013-12-29,73,30,43
2013-12-29,66,30,36
2013-12-29,67,32,35
2013-12-29,68,26,42
2013-12-29,48,16,32
2013-12-29,36,14,22
2013-12-29,21,11,10
2013-12-29,10,3,7
2013-12-29,8,3,5
2013-12-29,3,1,2
2013-12-29,3,1,2
2013-12-29,7,2,5
2013-12-29,7,4,3
2013-12-29,4,1,3
2013-12-29,9,3,6
2013-12-28,17,6,11
2013-12-28,11,8,3
2013-12-28,16,10,6
2013-12-28,28,17,11
2013-12-28,28,12,16
2013-12-28,31,14,17
2013-12-28,46,20,26
2013-12-28,119,45,74
2013-12-28,92,32,60
2013-12-28,90,43,47
2013-12-28,86,37,49
2013-12-28,73,44,29
2013-12-28,75,33,42
2013-12-28,49,19,30
2013-12-28,43,22,21
2013-12-28,24,9,15
2013-12-28,11,4,7
2013-12-28,15,8,7
2013-12-28,3,2,1
2013-12-28,1,0,1
2013-12-28,4,2,2
2013-12-28,3,1,2
2013-12-28,4,3,1
2013-12-28,6,1,5
2013-12-27,11,6,5
2013-12-27,13,8,5
2013-12-27,14,10,4
2013-12-27,28,16,12
2013-12-27,38,24,14
2013-12-27,73,48,25
2013-12-27,127,87,40
2013-12-27,101,57,44
2013-12-27,63,33,30
2013-12-27,47,22,25
2013-12-27,49,23,26
2013-12-27,41,18,23
2013-12-27,34,13,21
2013-12-27,81,35,46
2013-12-27,88,36,52
2013-12-27,109,27,82
2013-12-27,75,19,56
2013-12-27,44,16,28
2013-12-27,10,2,8
2013-12-27,3,2,1
2013-12-27,2,1,1
2013-12-27,3,1,2
2013-12-27,7,3,4
2013-12-27,5,3,2
2013-12-26,7,4,3
2013-12-26,20,14,6
2013-12-26,15,10,5
2013-12-26,27,18,9
2013-12-26,51,33,18
2013-12-26,87,58,29
2013-12-26,147,88,59
2013-12-26,111,60,51
2013-12-26,87,44,43
2013-12-26,78,42,36
2013-12-26,61,22,39
2013-12-26,62,30,32
2013-12-26,46,17,29
2013-12-26,63,19,44
2013-12-26,83,36,47
2013-12-26,118,40,78
2013-12-26,77,31,46
2013-12-26,31,11,20
2013-12-26,14,2,12
2013-12-26,2,2,0
2013-12-26,1,1,0
2013-12-26,0,0,0
2013-12-26,0,0,0
2013-12-26,2,1,1
2013-12-25,5,2,3
2013-12-25,4,2,2
2013-12-25,7,3,4
2013-12-25,8,5,3
2013-12-25,17,8,9
2013-12-25,8,2,6
2013-12-25,13,5,8
2013-12-25,33,17,16
2013-12-25,52,18,34
2013-12-25,76,29,47
2013-12-25,48,21,27
2013-12-25,19,4,15
2013-12-25,31,10,21
2013-12-25,13,8,5
2013-12-25,11,4,7
2013-12-25,6,4,2
2013-12-25,2,2,0
2013-12-25,3,1,2
2013-12-25,3,1,2
2013-12-25,1,1,0
2013-12-25,0,0,0
2013-12-25,0,0,0
2013-12-25,4,1,3
2013-12-25,7,2,5
2013-12-24,2,1,1
2013-12-24,14,5,9
2013-12-24,4,1,3
2013-12-24,12,7,5
2013-12-24,19,10,9
2013-12-24,25,16,9
2013-12-24,52,31,21
2013-12-24,91,42,49
2013-12-24,128,73,55
2013-12-24,121,57,64
2013-12-24,87,42,45
2013-12-24,89,39,50
2013-12-24,52,20,32
2013-12-24,60,19,41
2013-12-24,80,34,46
2013-12-24,95,33,62
2013-12-24,82,21,61
2013-12-24,35,10,25
2013-12-24,12,3,9
2013-12-24,6,3,3
2013-12-24,1,0,1
2013-12-24,2,2,0
2013-12-24,5,4,1
2013-12-24,8,6,2
2013-12-23,11,7,4
2013-12-23,23,11,12
2013-12-23,24,12,12
2013-12-23,44,26,18
2013-12-23,63,35,28
2013-12-23,95,66,29
2013-12-23,197,142,55
2013-12-23,148,88,60
2013-12-23,94,52,42
2013-12-23,64,33,31
2013-12-23,53,24,29
2013-12-23,48,25,23
2013-12-23,52,28,24
2013-12-23,64,28,36
2013-12-23,98,29,69
2013-12-23,150,47,103
2013-12-23,98,23,75
2013-12-23,53,22,31
2013-12-23,17,5,12
2013-12-23,4,2,2
2013-12-23,1,0,1
2013-12-23,1,1,0
2013-12-23,3,0,3
2013-12-23,12,2,10
2013-12-22,12,7,5
2013-12-22,8,4,4
2013-12-22,17,13,4
2013-12-22,10,7,3
2013-12-22,10,4,6
2013-12-22,14,9,5
2013-12-22,22,12,10
2013-12-22,16,9,7
2013-12-22,28,15,13
2013-12-22,33,12,21
2013-12-22,32,16,16
2013-12-22,38,15,23
2013-12-22,36,18,18
2013-12-22,29,10,19
2013-12-22,25,13,12
2013-12-22,23,5,18
2013-12-22,9,2,7
2013-12-22,6,5,1
2013-12-22,6,1,5
2013-12-22,3,2,1
2013-12-22,2,1,1
2013-12-22,6,3,3
2013-12-22,10,5,5
2013-12-22,5,4,1
2013-12-21,11,3,8
2013-12-21,9,5,4
2013-12-21,11,5,6
2013-12-21,18,12,6
2013-12-21,25,13,12
2013-12-21,19,12,7
2013-12-21,28,11,17
2013-12-21,38,17,21
2013-12-21,48,17,31
2013-12-21,44,13,31
2013-12-21,48,18,30
2013-12-21,30,13,17
2013-12-21,32,10,22
2013-12-21,37,11,26
2013-12-21,44,16,28
2013-12-21,25,10,15
2013-12-21,19,6,13
2013-12-21,11,6,5
2013-12-21,3,0,3
2013-12-21,4,3,1
2013-12-21,3,3,0
2013-12-21,6,2,4
2013-12-21,2,2,0
2013-12-21,5,2,3
2013-12-20,8,6,2
2013-12-20,15,4,11
2013-12-20,15,10,5
2013-12-20,33,19,14
2013-12-20,35,23,12
2013-12-20,62,41,21
2013-12-20,84,54,30
2013-12-20,73,46,27
2013-12-20,43,20,23
2013-12-20,25,15,10
2013-12-20,27,10,17
2013-12-20,24,13,11
2013-12-20,27,7,20
2013-12-20,43,12,31
2013-12-20,64,26,38
2013-12-20,67,23,44
2013-12-20,36,16,20
2013-12-20,18,6,12
2013-12-20,13,2,11
2013-12-20,2,0,2
2013-12-20,1,1,0
2013-12-20,4,2,2
2013-12-20,8,7,1
2013-12-20,12,7,5
2013-12-19,20,10,10
2013-12-19,16,9,7
2013-12-19,44,24,20
2013-12-19,49,28,21
2013-12-19,108,77,31
2013-12-19,253,179,74
2013-12-19,293,207,86
2013-12-19,131,77,54
2013-12-19,94,43,51
2013-12-19,61,25,36
2013-12-19,64,32,32
2013-12-19,46,16,30
2013-12-19,48,21,27
2013-12-19,90,35,55
2013-12-19,193,61,132
2013-12-19,284,88,196
2013-12-19,169,48,121
2013-12-19,73,19,54
2013-12-19,22,4,18
2013-12-19,1,0,1
2013-12-19,2,1,1
2013-12-19,3,1,2
2013-12-19,6,5,1
2013-12-19,5,2,3
2013-12-18,16,5,11
2013-12-18,27,14,13
2013-12-18,32,20,12
2013-12-18,70,55,15
2013-12-18,107,77,30
2013-12-18,268,197,71
2013-12-18,306,210,96
2013-12-18,150,94,56
2013-12-18,85,44,41
2013-12-18,62,26,36
2013-12-18,60,28,32
2013-12-18,49,18,31
2013-12-18,43,27,16
2013-12-18,87,34,53
2013-12-18,193,67,126
2013-12-18,314,94,220
2013-12-18,178,50,128
2013-12-18,81,22,59
2013-12-18,24,6,18
2013-12-18,5,0,5
2013-12-18,1,0,1
2013-12-18,6,2,4
2013-12-18,2,1,1
2013-12-18,5,1,4
2013-12-17,21,16,5
2013-12-17,22,9,13
2013-12-17,41,21,20
2013-12-17,37,19,18
2013-12-17,134,88,46
2013-12-17,282,193,89
2013-12-17,314,215,99
2013-12-17,157,100,57
2013-12-17,75,34,41
2013-12-17,63,30,33
2013-12-17,47,19,28
2013-12-17,42,14,28
2013-12-17,39,22,17
2013-12-17,67,26,41
2013-12-17,217,80,137
2013-12-17,342,109,233
2013-12-17,207,58,149
2013-12-17,71,24,47
2013-12-17,23,3,20
2013-12-17,7,3,4
2013-12-17,2,0,2
2013-12-17,5,2,3
2013-12-17,5,3,2
2013-12-17,12,6,6
2013-12-16,15,10,5
2013-12-16,23,15,8
2013-12-16,50,26,24
2013-12-16,61,40,21
2013-12-16,134,92,42
2013-12-16,267,196,71
2013-12-16,350,241,109
2013-12-16,178,91,87
2013-12-16,132,64,68
2013-12-16,96,42,54
2013-12-16,67,30,37
2013-12-16,66,31,35
2013-12-16,58,27,31
2013-12-16,86,31,55
2013-12-16,217,91,126
2013-12-16,344,82,262
2013-12-16,210,56,154
2013-12-16,92,29,63
2013-12-16,28,8,20
2013-12-16,7,4,3
2013-12-16,7,3,4
2013-12-16,3,1,2
2013-12-16,3,0,3
2013-12-16,6,2,4
2013-12-15,16,10,6
2013-12-15,13,8,5
2013-12-15,11,7,4
2013-12-15,16,9,7
2013-12-15,24,13,11
2013-12-15,26,15,11
2013-12-15,37,12,25
2013-12-15,51,27,24
2013-12-15,89,33,56
2013-12-15,77,27,50
2013-12-15,80,32,48
2013-12-15,60,25,35
2013-12-15,53,18,35
2013-12-15,53,22,31
2013-12-15,57,21,36
2013-12-15,28,5,23
2013-12-15,7,2,5
2013-12-15,8,4,4
2013-12-15,5,0,5
2013-12-15,2,1,1
2013-12-15,4,3,1
2013-12-15,11,8,3
2013-12-15,8,6,2
2013-12-15,19,11,8
2013-12-14,17,7,10
2013-12-14,17,7,10
2013-12-14,23,16,7
2013-12-14,27,14,13
2013-12-14,20,9,11
2013-12-14,34,11,23
2013-12-14,47,24,23
2013-12-14,58,31,27
2013-12-14,89,33,56
2013-12-14,86,44,42
2013-12-14,76,35,41
2013-12-14,66,23,43
2013-12-14,59,26,33
2013-12-14,96,35,61
2013-12-14,63,29,34
2013-12-14,36,16,20
2013-12-14,17,6,11
2013-12-14,10,7,3
2013-12-14,2,0,2
2013-12-14,4,3,1
2013-12-14,1,0,1
2013-12-14,6,3,3
2013-12-14,11,6,5
2013-12-14,19,8,11
2013-12-13,24,12,12
2013-12-13,16,11,5
2013-12-13,32,16,16
2013-12-13,51,34,17
2013-12-13,88,63,25
2013-12-13,179,129,50
2013-12-13,235,168,67
2013-12-13,150,86,64
2013-12-13,82,44,38
2013-12-13,54,20,34
2013-12-13,48,18,30
2013-12-13,54,29,25
2013-12-13,46,21,25
2013-12-13,54,20,34
2013-12-13,164,54,110
2013-12-13,229,63,166
2013-12-13,150,53,97
2013-12-13,56,19,37
2013-12-13,21,6,15
2013-12-13,6,2,4
2013-12-13,3,2,1
2013-12-13,4,2,2
2013-12-13,6,6,0
2013-12-13,17,13,4
2013-12-12,18,9,9
2013-12-12,26,14,12
2013-12-12,35,20,15
2013-12-12,50,35,15
2013-12-12,136,90,46
2013-12-12,201,134,67
2013-12-12,254,188,66
2013-12-12,110,59,51
2013-12-12,63,31,32
2013-12-12,25,10,15
2013-12-12,59,35,24
2013-12-12,52,22,30
2013-12-12,51,22,29
2013-12-12,92,34,58
2013-12-12,205,80,125
2013-12-12,273,72,201
2013-12-12,164,55,109
2013-12-12,74,21,53
2013-12-12,24,3,21
2013-12-12,3,1,2
2013-12-12,2,2,0
2013-12-12,3,1,2
2013-12-12,4,3,1
2013-12-12,10,5,5
2013-12-11,17,9,8
2013-12-11,24,15,9
2013-12-11,39,23,16
2013-12-11,48,35,13
2013-12-11,112,74,38
2013-12-11,261,176,85
2013-12-11,280,195,85
2013-12-11,157,97,60
2013-12-11,84,32,52
2013-12-11,69,28,41
2013-12-11,49,26,23
2013-12-11,47,19,28
2013-12-11,47,23,24
2013-12-11,71,29,42
2013-12-11,219,90,129
2013-12-11,310,76,234
2013-12-11,176,55,121
2013-12-11,75,18,57
2013-12-11,17,7,10
2013-12-11,7,3,4
2013-12-11,2,2,0
2013-12-11,7,2,5
2013-12-11,10,4,6
2013-12-11,8,4,4
2013-12-10,21,15,6
2013-12-10,17,8,9
2013-12-10,32,17,15
2013-12-10,51,36,15
2013-12-10,93,64,29
2013-12-10,234,153,81
2013-12-10,234,166,68
2013-12-10,126,74,52
2013-12-10,72,41,31
2013-12-10,57,22,35
2013-12-10,53,24,29
2013-12-10,54,20,34
2013-12-10,49,23,26
2013-12-10,77,31,46
2013-12-10,176,56,120
2013-12-10,272,76,196
2013-12-10,163,41,122
2013-12-10,51,20,31
2013-12-10,16,4,12
2013-12-10,2,2,0
2013-12-10,3,2,1
2013-12-10,6,2,4
2013-12-10,2,0,2
2013-12-10,9,6,3
2013-12-09,10,5,5
2013-12-09,19,12,7
2013-12-09,24,14,10
2013-12-09,47,31,16
2013-12-09,98,72,26
2013-12-09,203,129,74
2013-12-09,271,188,83
2013-12-09,122,78,44
2013-12-09,56,28,28
2013-12-09,56,36,20
2013-12-09,32,16,16
2013-12-09,54,32,22
2013-12-09,46,17,29
2013-12-09,62,19,43
2013-12-09,187,74,113
2013-12-09,256,58,198
2013-12-09,154,46,108
2013-12-09,67,20,47
2013-12-09,11,1,10
2013-12-09,5,3,2
2013-12-09,1,1,0
2013-12-09,1,0,1
2013-12-09,4,2,2
2013-12-09,7,5,2
2013-12-08,9,6,3
2013-12-08,12,8,4
2013-12-08,14,8,6
2013-12-08,14,6,8
2013-12-08,22,14,8
2013-12-08,22,10,12
2013-12-08,31,21,10
2013-12-08,32,14,18
2013-12-08,48,24,24
2013-12-08,52,27,25
2013-12-08,56,16,40
2013-12-08,37,15,22
2013-12-08,29,14,15
2013-12-08,35,14,21
2013-12-08,16,9,7
2013-12-08,13,5,8
2013-12-08,9,4,5
2013-12-08,3,2,1
2013-12-08,5,3,2
2013-12-08,1,1,0
2013-12-08,2,1,1
2013-12-08,1,1,0
2013-12-08,4,4,0
2013-12-08,6,3,3
2013-12-07,8,5,3
2013-12-07,13,6,7
2013-12-07,15,6,9
2013-12-07,18,9,9
2013-12-07,14,7,7
2013-12-07,18,10,8
2013-12-07,25,11,14
2013-12-07,43,25,18
2013-12-07,55,26,29
2013-12-07,59,25,34
2013-12-07,63,21,42
2013-12-07,67,33,34
2013-12-07,38,14,24
2013-12-07,32,17,15
2013-12-07,42,21,21
2013-12-07,18,5,13
2013-12-07,20,7,13
2013-12-07,10,5,5
2013-12-07,4,1,3
2013-12-07,1,1,0
2013-12-07,4,3,1
2013-12-07,5,3,2
2013-12-07,11,4,7
2013-12-07,8,5,3
2013-12-06,21,10,11
2013-12-06,29,18,11
2013-12-06,20,12,8
2013-12-06,44,30,14
2013-12-06,57,38,19
2013-12-06,162,112,50
2013-12-06,225,143,82
2013-12-06,134,85,49
2013-12-06,74,40,34
2013-12-06,79,41,38
2013-12-06,46,25,21
2013-12-06,47,19,28
2013-12-06,69,25,44
2013-12-06,90,45,45
2013-12-06,158,53,105
2013-12-06,220,59,161
2013-12-06,124,36,88
2013-12-06,48,18,30
2013-12-06,11,1,10
2013-12-06,5,2,3
2013-12-06,4,2,2
2013-12-06,4,4,0
2013-12-06,14,9,5
2013-12-06,9,6,3
2013-12-05,21,11,10
2013-12-05,24,18,6
2013-12-05,33,20,13
2013-12-05,55,38,17
2013-12-05,103,66,37
2013-12-05,222,136,86
2013-12-05,268,178,90
2013-12-05,130,74,56
2013-12-05,86,44,42
2013-12-05,49,20,29
2013-12-05,55,27,28
2013-12-05,46,24,22
2013-12-05,38,13,25
2013-12-05,84,39,45
2013-12-05,188,65,123
2013-12-05,267,90,177
2013-12-05,171,58,113
2013-12-05,59,16,43
2013-12-05,18,2,16
2013-12-05,4,2,2
2013-12-05,3,1,2
2013-12-05,2,1,1
2013-12-05,2,1,1
2013-12-05,10,6,4
2013-12-04,26,13,13
2013-12-04,23,14,9
2013-12-04,42,25,17
2013-12-04,47,27,20
2013-12-04,82,52,30
2013-12-04,261,174,87
2013-12-04,301,208,93
2013-12-04,138,84,54
2013-12-04,85,35,50
2013-12-04,59,20,39
2013-12-04,53,22,31
2013-12-04,56,23,33
2013-12-04,61,24,37
2013-12-04,85,41,44
2013-12-04,206,60,146
2013-12-04,290,89,201
2013-12-04,156,36,120
2013-12-04,60,10,50
2013-12-04,22,8,14
2013-12-04,5,2,3
2013-12-04,1,0,1
2013-12-04,4,1,3
2013-12-04,1,1,0
2013-12-04,14,10,4
2013-12-03,20,10,10
2013-12-03,38,21,17
2013-12-03,48,33,15
2013-12-03,47,28,19
2013-12-03,114,70,44
2013-12-03,249,167,82
2013-12-03,296,205,91
2013-12-03,155,92,63
2013-12-03,83,41,42
2013-12-03,71,34,37
2013-12-03,57,24,33
2013-12-03,54,18,36
2013-12-03,63,36,27
2013-12-03,84,32,52
2013-12-03,219,85,134
2013-12-03,309,92,217
2013-12-03,190,60,130
2013-12-03,70,25,45
2013-12-03,19,3,16
2013-12-03,5,2,3
2013-12-03,3,0,3
2013-12-03,3,1,2
2013-12-03,3,2,1
2013-12-03,11,5,6
2013-12-02,10,6,4
2013-12-02,21,11,10
2013-12-02,38,21,17
2013-12-02,49,30,19
2013-12-02,87,54,33
2013-12-02,246,154,92
2013-12-02,338,240,98
2013-12-02,181,107,74
2013-12-02,104,47,57
2013-12-02,82,40,42
2013-12-02,62,27,35
2013-12-02,73,32,41
2013-12-02,70,38,32
2013-12-02,65,24,41
2013-12-02,209,67,142
2013-12-02,308,97,211
2013-12-02,218,55,163
2013-12-02,73,23,50
2013-12-02,28,6,22
2013-12-02,4,2,2
2013-12-02,4,0,4
2013-12-02,2,1,1
2013-12-02,2,0,2
2013-12-02,9,2,7
2013-12-01,13,10,3
2013-12-01,20,15,5
2013-12-01,10,2,8
2013-12-01,16,6,10
2013-12-01,20,9,11
2013-12-01,19,9,10
2013-12-01,40,14,26
2013-12-01,56,13,43
2013-12-01,60,30,30
2013-12-01,68,27,41
2013-12-01,61,18,43
2013-12-01,69,35,34
2013-12-01,57,29,28
2013-12-01,53,24,29
2013-12-01,33,15,18
2013-12-01,28,16,12
2013-12-01,20,6,14
2013-12-01,8,2,6
2013-12-01,2,0,2
2013-12-01,3,2,1
2013-12-01,1,0,1
2013-12-01,5,4,1
2013-12-01,7,4,3
2013-12-01,12,8,4
2013-11-30,18,10,8
2013-11-30,11,8,3
2013-11-30,17,11,6
2013-11-30,27,17,10
2013-11-30,25,16,9
2013-11-30,29,13,16
2013-11-30,51,30,21
2013-11-30,61,34,27
2013-11-30,72,36,36
2013-11-30,81,35,46
2013-11-30,108,56,52
2013-11-30,69,28,41
2013-11-30,79,40,39
2013-11-30,57,20,37
2013-11-30,60,25,35
2013-11-30,53,24,29
2013-11-30,12,3,9
2013-11-30,13,7,6
2013-11-30,5,1,4
2013-11-30,3,2,1
2013-11-30,3,0,3
2013-11-30,2,1,1
2013-11-30,3,2,1
2013-11-30,6,4,2
2013-11-29,18,11,7
2013-11-29,12,7,5
2013-11-29,18,6,12
2013-11-29,20,10,10
2013-11-29,45,28,17
2013-11-29,64,40,24
2013-11-29,81,50,31
2013-11-29,103,41,62
2013-11-29,72,44,28
2013-11-29,81,32,49
2013-11-29,73,39,34
2013-11-29,86,42,44
2013-11-29,76,30,46
2013-11-29,67,32,35
2013-11-29,54,17,37
2013-11-29,31,13,18
2013-11-29,36,14,22
2013-11-29,28,10,18
2013-11-29,7,1,6
2013-11-29,5,2,3
2013-11-29,2,0,2
2013-11-29,5,3,2
2013-11-29,9,0,9
2013-11-29,11,9,2
2013-11-28,9,3,6
2013-11-28,8,4,4
2013-11-28,8,4,4
2013-11-28,11,4,7
2013-11-28,10,7,3
2013-11-28,11,4,7
2013-11-28,15,5,10
2013-11-28,26,9,17
2013-11-28,45,16,29
2013-11-28,58,21,37
2013-11-28,74,31,43
2013-11-28,68,39,29
2013-11-28,59,26,33
2013-11-28,57,32,25
2013-11-28,45,28,17
2013-11-28,20,9,11
2013-11-28,22,12,10
2013-11-28,5,2,3
2013-11-28,3,1,2
2013-11-28,4,1,3
2013-11-28,2,2,0
2013-11-28,4,2,2
2013-11-28,6,3,3
2013-11-28,12,6,6
2013-11-27,12,4,8
2013-11-27,23,14,9
2013-11-27,28,13,15
2013-11-27,42,29,13
2013-11-27,87,44,43
2013-11-27,158,88,70
2013-11-27,225,161,64
2013-11-27,238,157,81
2013-11-27,192,114,78
2013-11-27,146,84,62
2013-11-27,89,45,44
2013-11-27,75,26,49
2013-11-27,69,31,38
2013-11-27,101,46,55
2013-11-27,188,53,135
2013-11-27,274,86,188
2013-11-27,183,53,130
2013-11-27,79,18,61
2013-11-27,16,4,12
2013-11-27,6,2,4
2013-11-27,4,3,1
2013-11-27,4,2,2
2013-11-27,6,3,3
2013-11-27,6,2,4
2013-11-26,16,8,8
2013-11-26,39,21,18
2013-11-26,30,18,12
2013-11-26,68,41,27
2013-11-26,126,82,44
2013-11-26,270,168,102
2013-11-26,344,244,100
2013-11-26,198,118,80
2013-11-26,126,70,56
2013-11-26,98,39,59
2013-11-26,77,40,37
2013-11-26,83,24,59
2013-11-26,65,38,27
2013-11-26,87,32,55
2013-11-26,210,85,125
2013-11-26,346,93,253
2013-11-26,225,58,167
2013-11-26,87,28,59
2013-11-26,23,6,17
2013-11-26,6,4,2
2013-11-26,0,0,0
2013-11-26,2,0,2
2013-11-26,5,3,2
2013-11-26,10,4,6
2013-11-25,18,14,4
2013-11-25,33,21,12
2013-11-25,34,17,17
2013-11-25,67,43,24
2013-11-25,109,71,38
2013-11-25,314,206,108
2013-11-25,398,278,120
2013-11-25,193,123,70
2013-11-25,117,51,66
2013-11-25,79,40,39
2013-11-25,78,45,33
2013-11-25,68,26,42
2013-11-25,61,27,34
2013-11-25,95,33,62
2013-11-25,219,76,143
2013-11-25,342,103,239
2013-11-25,236,54,182
2013-11-25,85,28,57
2013-11-25,36,8,28
2013-11-25,8,4,4
2013-11-25,2,1,1
2013-11-25,4,1,3
2013-11-25,5,1,4
2013-11-25,8,3,5
2013-11-24,9,7,2
2013-11-24,17,12,5
2013-11-24,9,5,4
2013-11-24,36,20,16
2013-11-24,21,15,6
2013-11-24,40,14,26
2013-11-24,68,41,27
2013-11-24,117,54,63
2013-11-24,149,55,94
2013-11-24,135,55,80
2013-11-24,128,55,73
2013-11-24,104,42,62
2013-11-24,92,31,61
2013-11-24,80,36,44
2013-11-24,50,20,30
2013-11-24,35,12,23
2013-11-24,15,9,6
2013-11-24,3,2,1
2013-11-24,4,0,4
2013-11-24,4,2,2
2013-11-24,4,2,2
2013-11-24,5,1,4
2013-11-24,6,5,1
2013-11-24,10,2,8
2013-11-23,19,15,4
2013-11-23,16,11,5
2013-11-23,24,12,12
2013-11-23,31,13,18
2013-11-23,33,16,17
2013-11-23,39,20,19
2013-11-23,60,32,28
2013-11-23,85,37,48
2013-11-23,106,47,59
2013-11-23,135,64,71
2013-11-23,134,47,87
2013-11-23,101,39,62
2013-11-23,151,32,119
2013-11-23,91,48,43
2013-11-23,56,26,30
2013-11-23,41,21,20
2013-11-23,21,9,12
2013-11-23,16,6,10
2013-11-23,9,5,4
2013-11-23,3,2,1
2013-11-23,4,1,3
2013-11-23,11,5,6
2013-11-23,3,1,2
2013-11-23,21,15,6
2013-11-22,28,14,14
2013-11-22,28,13,15
2013-11-22,30,15,15
2013-11-22,39,26,13
2013-11-22,120,56,64
2013-11-22,219,153,66
2013-11-22,311,221,90
2013-11-22,201,114,87
2013-11-22,145,80,65
2013-11-22,87,33,54
2013-11-22,76,30,46
2013-11-22,86,38,48
2013-11-22,57,26,31
2013-11-22,90,35,55
2013-11-22,220,68,152
2013-11-22,288,80,208
2013-11-22,193,54,139
2013-11-22,63,19,44
2013-11-22,15,2,13
2013-11-22,4,2,2
2013-11-22,3,0,3
2013-11-22,5,1,4
2013-11-22,6,4,2
2013-11-22,16,10,6
2013-11-21,28,7,21
2013-11-21,29,20,9
2013-11-21,35,16,19
2013-11-21,69,46,23
2013-11-21,132,91,41
2013-11-21,283,199,84
2013-11-21,303,210,93
2013-11-21,180,106,74
2013-11-21,120,66,54
2013-11-21,87,38,49
2013-11-21,79,32,47
2013-11-21,78,43,35
2013-11-21,76,37,39
2013-11-21,103,40,63
2013-11-21,226,81,145
2013-11-21,342,97,245
2013-11-21,211,60,151
2013-11-21,66,17,49
2013-11-21,23,3,20
2013-11-21,12,11,1
2013-11-21,4,1,3
2013-11-21,3,0,3
2013-11-21,3,2,1
2013-11-21,13,7,6
2013-11-20,35,9,26
2013-11-20,32,18,14
2013-11-20,56,32,24
2013-11-20,58,41,17
2013-11-20,130,88,42
2013-11-20,323,206,117
2013-11-20,406,285,121
2013-11-20,220,127,93
2013-11-20,129,61,68
2013-11-20,93,48,45
2013-11-20,91,41,50
2013-11-20,72,31,41
2013-11-20,87,34,53
2013-11-20,81,37,44
2013-11-20,292,114,178
2013-11-20,374,112,262
2013-11-20,231,70,161
2013-11-20,78,22,56
2013-11-20,24,5,19
2013-11-20,4,2,2
2013-11-20,4,0,4
2013-11-20,4,2,2
2013-11-20,4,2,2
2013-11-20,6,2,4
2013-11-19,18,11,7
2013-11-19,28,18,10
2013-11-19,44,21,23
2013-11-19,85,42,43
2013-11-19,104,78,26
2013-11-19,275,200,75
2013-11-19,357,252,105
2013-11-19,148,86,62
2013-11-19,96,49,47
2013-11-19,66,30,36
2013-11-19,45,23,22
2013-11-19,50,20,30
2013-11-19,46,14,32
2013-11-19,92,37,55
2013-11-19,194,70,124
2013-11-19,319,91,228
2013-11-19,220,59,161
2013-11-19,78,27,51
2013-11-19,20,3,17
2013-11-19,4,2,2
2013-11-19,1,0,1
2013-11-19,5,1,4
2013-11-19,5,3,2
2013-11-19,9,6,3
2013-11-18,11,4,7
2013-11-18,19,11,8
2013-11-18,27,16,11
2013-11-18,49,28,21
2013-11-18,103,72,31
2013-11-18,241,169,72
2013-11-18,321,234,87
2013-11-18,137,90,47
2013-11-18,64,35,29
2013-11-18,41,24,17
2013-11-18,39,23,16
2013-11-18,27,12,15
2013-11-18,48,17,31
2013-11-18,69,26,43
2013-11-18,228,81,147
2013-11-18,339,103,236
2013-11-18,228,61,167
2013-11-18,80,25,55
2013-11-18,25,9,16
2013-11-18,2,1,1
2013-11-18,2,0,2
2013-11-18,1,0,1
2013-11-18,3,1,2
2013-11-18,8,4,4
2013-11-17,12,6,6
2013-11-17,14,10,4
2013-11-17,22,8,14
2013-11-17,26,13,13
2013-11-17,51,20,31
2013-11-17,49,23,26
2013-11-17,68,32,36
2013-11-17,56,26,30
2013-11-17,88,36,52
2013-11-17,88,28,60
2013-11-17,82,45,37
2013-11-17,88,36,52
2013-11-17,92,43,49
2013-11-17,68,25,43
2013-11-17,65,27,38
2013-11-17,36,20,16
2013-11-17,16,5,11
2013-11-17,8,6,2
2013-11-17,4,3,1
2013-11-17,5,4,1
2013-11-17,6,1,5
2013-11-17,2,1,1
2013-11-17,6,2,4
2013-11-17,14,7,7
2013-11-16,15,11,4
2013-11-16,16,10,6
2013-11-16,24,15,9
2013-11-16,28,20,8
2013-11-16,36,12,24
2013-11-16,41,22,19
2013-11-16,73,33,40
2013-11-16,93,47,46
2013-11-16,90,48,42
2013-11-16,91,34,57
2013-11-16,106,50,56
2013-11-16,142,46,96
2013-11-16,114,59,55
2013-11-16,74,24,50
2013-11-16,72,38,34
2013-11-16,42,16,26
2013-11-16,16,6,10
2013-11-16,14,4,10
2013-11-16,5,4,1
2013-11-16,3,1,2
2013-11-16,0,0,0
2013-11-16,7,5,2
2013-11-16,6,3,3
2013-11-16,13,8,5
2013-11-15,15,9,6
2013-11-15,22,14,8
2013-11-15,26,12,14
2013-11-15,52,30,22
2013-11-15,92,62,30
2013-11-15,189,138,51
2013-11-15,309,220,89
2013-11-15,166,110,56
2013-11-15,98,57,41
2013-11-15,42,15,27
2013-11-15,45,20,25
2013-11-15,39,19,20
2013-11-15,56,23,33
2013-11-15,92,32,60
2013-11-15,219,79,140
2013-11-15,283,93,190
2013-11-15,195,52,143
2013-11-15,81,33,48
2013-11-15,17,3,14
2013-11-15,5,2,3
2013-11-15,1,0,1
2013-11-15,5,2,3
2013-11-15,7,4,3
2013-11-15,7,5,2
2013-11-14,22,10,12
2013-11-14,41,27,14
2013-11-14,45,28,17
2013-11-14,74,47,27
2013-11-14,131,83,48
2013-11-14,278,199,79
2013-11-14,371,244,127
2013-11-14,189,116,73
2013-11-14,94,50,44
2013-11-14,53,27,26
2013-11-14,67,33,34
2013-11-14,62,19,43
2013-11-14,64,36,28
2013-11-14,102,52,50
2013-11-14,235,77,158
2013-11-14,368,104,264
2013-11-14,247,72,175
2013-11-14,100,31,69
2013-11-14,21,6,15
2013-11-14,5,3,2
2013-11-14,1,0,1
2013-11-14,6,2,4
2013-11-14,6,2,4
2013-11-14,9,5,4
2013-11-13,21,11,10
2013-11-13,46,21,25
2013-11-13,66,32,34
2013-11-13,88,44,44
2013-11-13,144,97,47
2013-11-13,342,229,113
2013-11-13,445,305,140
2013-11-13,229,134,95
2013-11-13,122,58,64
2013-11-13,79,42,37
2013-11-13,77,35,42
2013-11-13,80,28,52
2013-11-13,72,40,32
2013-11-13,132,63,69
2013-11-13,281,88,193
2013-11-13,416,133,283
2013-11-13,263,71,192
2013-11-13,101,35,66
2013-11-13,32,7,25
2013-11-13,10,5,5
2013-11-13,2,0,2
2013-11-13,5,2,3
2013-11-13,7,4,3
2013-11-13,7,5,2
2013-11-12,18,6,12
2013-11-12,41,23,18
2013-11-12,48,31,17
2013-11-12,77,46,31
2013-11-12,126,79,47
2013-11-12,267,178,89
2013-11-12,353,228,125
2013-11-12,176,108,68
2013-11-12,106,51,55
2013-11-12,66,32,34
2013-11-12,55,23,32
2013-11-12,60,31,29
2013-11-12,56,24,32
2013-11-12,85,39,46
2013-11-12,251,100,151
2013-11-12,305,93,212
2013-11-12,187,53,134
2013-11-12,91,28,63
2013-11-12,19,3,16
2013-11-12,6,4,2
2013-11-12,2,0,2
2013-11-12,2,0,2
2013-11-12,6,0,6
2013-11-12,13,8,5
2013-11-11,20,12,8
2013-11-11,32,14,18
2013-11-11,55,41,14
2013-11-11,63,44,19
2013-11-11,117,81,36
2013-11-11,285,205,80
2013-11-11,376,272,104
2013-11-11,223,131,92
2013-11-11,133,60,73
2013-11-11,126,60,66
2013-11-11,103,53,50
2013-11-11,94,45,49
2013-11-11,86,38,48
2013-11-11,99,42,57
2013-11-11,227,86,141
2013-11-11,300,83,217
2013-11-11,203,54,149
2013-11-11,82,29,53
2013-11-11,17,4,13
2013-11-11,6,3,3
2013-11-11,1,0,1
2013-11-11,3,1,2
2013-11-11,4,3,1
2013-11-11,6,2,4
2013-11-10,16,12,4
2013-11-10,16,10,6
2013-11-10,23,10,13
2013-11-10,28,13,15
2013-11-10,25,14,11
2013-11-10,33,11,22
2013-11-10,75,33,42
2013-11-10,89,43,46
2013-11-10,108,58,50
2013-11-10,98,41,57
2013-11-10,87,41,46
2013-11-10,85,39,46
2013-11-10,64,33,31
2013-11-10,73,39,34
2013-11-10,64,40,24
2013-11-10,32,14,18
2013-11-10,19,5,14
2013-11-10,11,7,4
2013-11-10,4,2,2
2013-11-10,1,1,0
2013-11-10,4,0,4
2013-11-10,7,3,4
2013-11-10,9,7,2
2013-11-10,19,9,10
2013-11-09,14,9,5
2013-11-09,15,10,5
2013-11-09,34,27,7
2013-11-09,28,15,13
2013-11-09,24,12,12
2013-11-09,34,22,12
2013-11-09,56,28,28
2013-11-09,99,41,58
2013-11-09,105,48,57
2013-11-09,104,47,57
2013-11-09,137,65,72
2013-11-09,106,33,73
2013-11-09,117,54,63
2013-11-09,105,41,64
2013-11-09,82,39,43
2013-11-09,54,26,28
2013-11-09,19,8,11
2013-11-09,15,7,8
2013-11-09,7,2,5
2013-11-09,0,0,0
2013-11-09,3,1,2
2013-11-09,14,6,8
2013-11-09,9,2,7
2013-11-09,12,6,6
2013-11-08,25,11,14
2013-11-08,31,11,20
2013-11-08,29,14,15
2013-11-08,55,37,18
2013-11-08,105,67,38
2013-11-08,223,141,82
2013-11-08,414,301,113
2013-11-08,238,144,94
2013-11-08,117,55,62
2013-11-08,111,42,69
2013-11-08,101,46,55
2013-11-08,80,32,48
2013-11-08,69,26,43
2013-11-08,112,47,65
2013-11-08,249,89,160
2013-11-08,340,98,242
2013-11-08,204,56,148
2013-11-08,90,36,54
2013-11-08,13,3,10
2013-11-08,8,5,3
2013-11-08,1,1,0
2013-11-08,4,4,0
2013-11-08,3,2,1
2013-11-08,10,3,7
2013-11-07,19,14,5
2013-11-07,29,11,18
2013-11-07,23,11,12
2013-11-07,51,34,17
2013-11-07,98,62,36
2013-11-07,185,135,50
2013-11-07,244,163,81
2013-11-07,119,68,51
2013-11-07,57,29,28
2013-11-07,47,23,24
2013-11-07,35,14,21
2013-11-07,52,22,30
2013-11-07,47,23,24
2013-11-07,46,22,24
2013-11-07,154,50,104
2013-11-07,251,96,155
2013-11-07,160,48,112
2013-11-07,55,16,39
2013-11-07,18,5,13
2013-11-07,5,4,1
2013-11-07,3,0,3
2013-11-07,0,0,0
2013-11-07,6,5,1
2013-11-07,5,1,4
2013-11-06,25,18,7
2013-11-06,40,23,17
2013-11-06,53,33,20
2013-11-06,66,44,22
2013-11-06,115,69,46
2013-11-06,335,227,108
2013-11-06,464,322,142
2013-11-06,193,111,82
2013-11-06,105,56,49
2013-11-06,88,44,44
2013-11-06,87,38,49
2013-11-06,91,37,54
2013-11-06,53,27,26
2013-11-06,110,51,59
2013-11-06,267,101,166
2013-11-06,409,131,278
2013-11-06,266,62,204
2013-11-06,97,27,70
2013-11-06,24,6,18
2013-11-06,8,5,3
2013-11-06,2,1,1
2013-11-06,4,1,3
2013-11-06,2,1,1
2013-11-06,14,10,4
2013-11-05,19,9,10
2013-11-05,23,12,11
2013-11-05,44,17,27
2013-11-05,71,39,32
2013-11-05,151,96,55
2013-11-05,317,210,107
2013-11-05,419,303,116
2013-11-05,208,132,76
2013-11-05,115,61,54
2013-11-05,89,42,47
2013-11-05,59,25,34
2013-11-05,69,26,43
2013-11-05,67,26,41
2013-11-05,111,45,66
2013-11-05,229,88,141
2013-11-05,376,126,250
2013-11-05,283,78,205
2013-11-05,97,31,66
2013-11-05,22,5,17
2013-11-05,4,2,2
2013-11-05,1,0,1
2013-11-05,4,0,4
2013-11-05,3,2,1
2013-11-05,8,2,6
2013-11-04,19,14,5
2013-11-04,29,18,11
2013-11-04,65,32,33
2013-11-04,62,39,23
2013-11-04,136,80,56
2013-11-04,313,206,107
2013-11-04,499,362,137
2013-11-04,237,146,91
2013-11-04,123,71,52
2013-11-04,97,45,52
2013-11-04,77,29,48
2013-11-04,84,39,45
2013-11-04,84,36,48
2013-11-04,96,34,62
2013-11-04,233,91,142
2013-11-04,424,138,286
2013-11-04,317,81,236
2013-11-04,115,38,77
2013-11-04,23,5,18
2013-11-04,6,2,4
2013-11-04,3,1,2
2013-11-04,2,0,2
2013-11-04,4,0,4
2013-11-04,10,7,3
2013-11-03,13,10,3
2013-11-03,17,14,3
2013-11-03,20,9,11
2013-11-03,22,11,11
2013-11-03,26,17,9
2013-11-03,42,23,19
2013-11-03,95,54,41
2013-11-03,113,45,68
2013-11-03,113,55,58
2013-11-03,168,53,115
2013-11-03,137,60,77
2013-11-03,132,60,72
2013-11-03,125,75,50
2013-11-03,97,35,62
2013-11-03,86,38,48
2013-11-03,50,23,27
2013-11-03,28,8,20
2013-11-03,10,5,5
2013-11-03,5,3,2
2013-11-03,1,1,0
2013-11-03,2,1,1
2013-11-03,1,0,1
2013-11-03,3,2,1
2013-11-03,15,11,4
2013-11-02,20,14,6
2013-11-02,34,24,10
2013-11-02,18,8,10
2013-11-02,25,16,9
2013-11-02,29,16,13
2013-11-02,48,20,28
2013-11-02,55,24,31
2013-11-02,63,29,34
2013-11-02,41,17,24
2013-11-02,38,26,12
2013-11-02,42,20,22
2013-11-02,53,18,35
2013-11-02,29,9,20
2013-11-02,33,12,21
2013-11-02,35,17,18
2013-11-02,28,17,11
2013-11-02,14,6,8
2013-11-02,11,7,4
2013-11-02,9,3,6
2013-11-02,8,4,4
2013-11-02,3,0,3
2013-11-02,8,3,5
2013-11-02,9,4,5
2013-11-02,17,12,5
2013-11-01,21,8,13
2013-11-01,45,18,27
2013-11-01,31,18,13
2013-11-01,50,27,23
2013-11-01,113,65,48
2013-11-01,271,184,87
2013-11-01,453,307,146
2013-11-01,235,147,88
2013-11-01,110,49,61
2013-11-01,111,66,45
2013-11-01,112,54,58
2013-11-01,90,46,44
2013-11-01,62,27,35
2013-11-01,110,48,62
2013-11-01,247,78,169
2013-11-01,342,100,242
2013-11-01,211,53,158
2013-11-01,99,27,72
2013-11-01,21,5,16
2013-11-01,11,4,7
2013-11-01,4,4,0
2013-11-01,9,4,5
2013-11-01,28,7,21
2013-11-01,26,9,17
2013-10-31,25,12,13
2013-10-31,37,17,20
2013-10-31,36,22,14
2013-10-31,57,30,27
2013-10-31,118,70,48
2013-10-31,246,158,88
2013-10-31,398,282,116
2013-10-31,222,143,79
2013-10-31,115,56,59
2013-10-31,80,41,39
2013-10-31,70,34,36
2013-10-31,64,32,32
2013-10-31,71,32,39
2013-10-31,97,42,55
2013-10-31,242,85,157
2013-10-31,325,103,222
2013-10-31,218,54,164
2013-10-31,96,31,65
2013-10-31,21,6,15
2013-10-31,8,3,5
2013-10-31,2,0,2
2013-10-31,3,1,2
2013-10-31,9,7,2
2013-10-31,13,5,8
2013-10-30,19,12,7
2013-10-30,44,29,15
2013-10-30,54,38,16
2013-10-30,83,44,39
2013-10-30,157,97,60
2013-10-30,354,214,140
2013-10-30,454,312,142
2013-10-30,205,132,73
2013-10-30,122,66,56
2013-10-30,56,21,35
2013-10-30,79,44,35
2013-10-30,72,28,44
2013-10-30,73,35,38
2013-10-30,107,47,60
2013-10-30,261,95,166
2013-10-30,407,128,279
2013-10-30,252,60,192
2013-10-30,103,32,71
2013-10-30,28,5,23
2013-10-30,5,3,2
2013-10-30,2,2,0
2013-10-30,4,3,1
2013-10-30,9,5,4
2013-10-30,4,2,2
2013-10-29,42,21,21
2013-10-29,28,15,13
2013-10-29,64,40,24
2013-10-29,95,64,31
2013-10-29,152,85,67
2013-10-29,344,224,120
2013-10-29,517,367,150
2013-10-29,262,159,103
2013-10-29,134,70,64
2013-10-29,123,52,71
2013-10-29,116,18,98
2013-10-29,93,18,75
2013-10-29,85,5,80
2013-10-29,133,30,103
2013-10-29,268,22,246
2013-10-29,444,130,314
2013-10-29,284,72,212
2013-10-29,110,37,73
2013-10-29,26,6,20
2013-10-29,5,2,3
2013-10-29,1,0,1
2013-10-29,5,1,4
2013-10-29,9,4,5
2013-10-29,12,4,8
2013-10-28,30,20,10
2013-10-28,23,15,8
2013-10-28,67,34,33
2013-10-28,72,42,30
2013-10-28,137,85,52
2013-10-28,378,253,125
2013-10-28,587,407,180
2013-10-28,268,159,109
2013-10-28,160,92,68
2013-10-28,96,45,51
2013-10-28,86,43,43
2013-10-28,81,31,50
2013-10-28,63,26,37
2013-10-28,122,32,90
2013-10-28,302,124,178
2013-10-28,423,113,310
2013-10-28,285,85,200
2013-10-28,109,31,78
2013-10-28,25,6,19
2013-10-28,4,3,1
2013-10-28,2,1,1
2013-10-28,1,0,1
2013-10-28,3,1,2
2013-10-28,4,1,3
2013-10-27,15,9,6
2013-10-27,13,8,5
2013-10-27,24,14,10
2013-10-27,26,18,8
2013-10-27,33,17,16
2013-10-27,40,18,22
2013-10-27,101,42,59
2013-10-27,83,30,53
2013-10-27,92,44,48
2013-10-27,53,27,26
2013-10-27,61,34,27
2013-10-27,34,15,19
2013-10-27,25,12,13
2013-10-27,39,17,22
2013-10-27,45,20,25
2013-10-27,14,3,11
2013-10-27,11,3,8
2013-10-27,9,3,6
2013-10-27,7,1,6
2013-10-27,5,1,4
2013-10-27,7,3,4
2013-10-27,6,3,3
2013-10-27,16,8,8
2013-10-27,19,12,7
2013-10-26,30,18,12
2013-10-26,19,13,6
2013-10-26,37,20,17
2013-10-26,40,14,26
2013-10-26,42,24,18
2013-10-26,164,73,91
2013-10-26,97,46,51
2013-10-26,81,51,30
2013-10-26,109,55,54
2013-10-26,111,50,61
2013-10-26,139,59,80
2013-10-26,103,47,56
2013-10-26,93,44,49
2013-10-26,96,37,59
2013-10-26,58,25,33
2013-10-26,58,28,30
2013-10-26,17,6,11
2013-10-26,18,7,11
2013-10-26,5,0,5
2013-10-26,8,4,4
2013-10-26,2,2,0
2013-10-26,13,3,10
2013-10-26,12,7,5
2013-10-26,15,7,8
2013-10-25,26,16,10
2013-10-25,24,16,8
2013-10-25,36,14,22
2013-10-25,57,32,25
2013-10-25,123,75,48
2013-10-25,249,171,78
2013-10-25,391,261,130
2013-10-25,178,117,61
2013-10-25,123,57,66
2013-10-25,56,22,34
2013-10-25,64,26,38
2013-10-25,68,31,37
2013-10-25,60,19,41
2013-10-25,87,36,51
2013-10-25,223,72,151
2013-10-25,309,100,209
2013-10-25,228,73,155
2013-10-25,81,19,62
2013-10-25,20,7,13
2013-10-25,2,1,1
2013-10-25,1,0,1
2013-10-25,5,2,3
2013-10-25,8,5,3
2013-10-25,16,11,5
2013-10-24,26,12,14
2013-10-24,79,67,12
2013-10-24,63,40,23
2013-10-24,88,58,30
2013-10-24,134,86,48
2013-10-24,359,232,127
2013-10-24,479,328,151
2013-10-24,217,113,104
2013-10-24,120,63,57
2013-10-24,65,32,33
2013-10-24,81,42,39
2013-10-24,81,15,66
2013-10-24,69,1,68
2013-10-24,80,1,79
2013-10-24,262,58,204
2013-10-24,407,130,277
2013-10-24,257,74,183
2013-10-24,102,25,77
2013-10-24,22,4,18
2013-10-24,4,1,3
2013-10-24,4,2,2
2013-10-24,2,2,0
2013-10-24,3,2,1
2013-10-24,11,3,8
2013-10-23,30,22,8
2013-10-23,52,27,25
2013-10-23,64,41,23
2013-10-23,71,45,26
2013-10-23,142,94,48
2013-10-23,391,244,147
2013-10-23,512,337,175
2013-10-23,239,130,109
2013-10-23,123,66,57
2013-10-23,79,50,29
2013-10-23,61,59,2
2013-10-23,60,60,0
2013-10-23,58,53,5
2013-10-23,103,47,56
2013-10-23,289,112,177
2013-10-23,422,135,287
2013-10-23,248,63,185
2013-10-23,98,21,77
2013-10-23,23,8,15
2013-10-23,3,1,2
2013-10-23,1,1,0
2013-10-23,2,1,1
2013-10-23,4,1,3
2013-10-23,9,4,5
2013-10-22,27,17,10
2013-10-22,34,16,18
2013-10-22,57,33,24
2013-10-22,96,59,37
2013-10-22,147,82,65
2013-10-22,376,246,130
2013-10-22,530,366,164
2013-10-22,213,130,83
2013-10-22,136,67,69
2013-10-22,90,53,37
2013-10-22,67,64,3
2013-10-22,75,73,2
2013-10-22,73,73,0
2013-10-22,81,80,1
2013-10-22,270,116,154
2013-10-22,436,129,307
2013-10-22,300,73,227
2013-10-22,104,28,76
2013-10-22,22,3,19
2013-10-22,3,2,1
2013-10-22,4,1,3
2013-10-22,4,0,4
2013-10-22,10,7,3
2013-10-22,7,2,5
2013-10-21,24,16,8
2013-10-21,26,18,8
2013-10-21,49,26,23
2013-10-21,76,44,32
2013-10-21,137,83,54
2013-10-21,374,253,121
2013-10-21,474,323,151
2013-10-21,207,120,87
2013-10-21,135,79,56
2013-10-21,75,39,36
2013-10-21,65,30,35
2013-10-21,76,36,40
2013-10-21,70,22,48
2013-10-21,110,47,63
2013-10-21,265,102,163
2013-10-21,403,121,282
2013-10-21,275,67,208
2013-10-21,110,31,79
2013-10-21,22,5,17
2013-10-21,6,2,4
2013-10-21,1,0,1
2013-10-21,6,0,6
2013-10-21,5,2,3
2013-10-21,15,8,7
2013-10-20,20,10,10
2013-10-20,25,14,11
2013-10-20,21,8,13
2013-10-20,28,17,11
2013-10-20,33,17,16
2013-10-20,39,17,22
2013-10-20,102,54,48
2013-10-20,87,41,46
2013-10-20,133,62,71
2013-10-20,126,62,64
2013-10-20,84,36,48
2013-10-20,86,33,53
2013-10-20,63,25,38
2013-10-20,79,33,46
2013-10-20,41,21,20
2013-10-20,39,25,14
2013-10-20,24,13,11
2013-10-20,11,4,7
2013-10-20,8,4,4
2013-10-20,6,4,2
2013-10-20,10,9,1
2013-10-20,13,7,6
2013-10-20,13,8,5
2013-10-20,21,12,9
2013-10-19,21,16,5
2013-10-19,25,14,11
2013-10-19,18,6,12
2013-10-19,34,14,20
2013-10-19,46,21,25
2013-10-19,65,36,29
2013-10-19,89,36,53
2013-10-19,85,36,49
2013-10-19,116,51,65
2013-10-19,88,55,33
2013-10-19,85,38,47
2013-10-19,71,32,39
2013-10-19,70,27,43
2013-10-19,89,42,47
2013-10-19,83,31,52
2013-10-19,51,15,36
2013-10-19,26,8,18
2013-10-19,23,12,11
2013-10-19,7,1,6
2013-10-19,5,3,2
2013-10-19,3,0,3
2013-10-19,6,2,4
2013-10-19,9,3,6
2013-10-19,19,11,8
2013-10-18,33,17,16
2013-10-18,20,6,14
2013-10-18,26,14,12
2013-10-18,61,34,27
2013-10-18,121,63,58
2013-10-18,331,221,110
2013-10-18,462,298,164
2013-10-18,283,174,109
2013-10-18,127,63,64
2013-10-18,103,47,56
2013-10-18,86,37,49
2013-10-18,81,39,42
2013-10-18,64,23,41
2013-10-18,126,61,65
2013-10-18,264,90,174
2013-10-18,361,102,259
2013-10-18,228,58,170
2013-10-18,101,33,68
2013-10-18,26,7,19
2013-10-18,6,1,5
2013-10-18,2,0,2
2013-10-18,6,2,4
2013-10-18,10,6,4
2013-10-18,22,16,6
2013-10-17,28,15,13
2013-10-17,48,28,20
2013-10-17,63,33,30
2013-10-17,118,38,80
2013-10-17,145,82,63
2013-10-17,360,238,122
2013-10-17,529,344,185
2013-10-17,253,153,100
2013-10-17,136,74,62
2013-10-17,69,31,38
2013-10-17,80,35,45
2013-10-17,91,41,50
2013-10-17,70,26,44
2013-10-17,123,54,69
2013-10-17,280,96,184
2013-10-17,415,118,297
2013-10-17,272,70,202
2013-10-17,121,33,88
2013-10-17,20,3,17
2013-10-17,4,0,4
2013-10-17,2,0,2
2013-10-17,4,2,2
2013-10-17,2,2,0
2013-10-17,18,13,5
2013-10-16,21,15,6
2013-10-16,38,19,19
2013-10-16,47,30,17
2013-10-16,77,55,22
2013-10-16,170,110,60
2013-10-16,440,264,176
2013-10-16,520,340,180
2013-10-16,232,136,96
2013-10-16,136,72,64
2013-10-16,98,50,48
2013-10-16,78,42,36
2013-10-16,81,31,50
2013-10-16,92,33,59
2013-10-16,124,45,79
2013-10-16,283,92,191
2013-10-16,434,137,297
2013-10-16,301,77,224
2013-10-16,113,30,83
2013-10-16,22,6,16
2013-10-16,12,5,7
2013-10-16,2,1,1
2013-10-16,6,3,3
2013-10-16,7,1,6
2013-10-16,6,3,3
2013-10-15,21,10,11
2013-10-15,32,16,16
2013-10-15,68,40,28
2013-10-15,86,50,36
2013-10-15,184,114,70
2013-10-15,430,268,162
2013-10-15,531,349,182
2013-10-15,225,125,100
2013-10-15,142,78,64
2013-10-15,122,56,66
2013-10-15,93,50,43
2013-10-15,90,41,49
2013-10-15,86,36,50
2013-10-15,121,51,70
2013-10-15,287,102,185
2013-10-15,447,146,301
2013-10-15,306,82,224
2013-10-15,122,44,78
2013-10-15,31,7,24
2013-10-15,8,4,4
2013-10-15,4,3,1
2013-10-15,8,3,5
2013-10-15,5,3,2
2013-10-15,15,9,6
2013-10-14,22,13,9
2013-10-14,44,31,13
2013-10-14,51,26,25
2013-10-14,91,48,43
2013-10-14,159,102,57
2013-10-14,400,250,150
2013-10-14,562,354,208
2013-10-14,241,130,111
2013-10-14,152,68,84
2013-10-14,132,62,70
2013-10-14,99,59,40
2013-10-14,92,43,49
2013-10-14,71,30,41
2013-10-14,105,45,60
2013-10-14,318,108,210
2013-10-14,429,125,304
2013-10-14,269,80,189
2013-10-14,109,27,82
2013-10-14,29,7,22
2013-10-14,6,2,4
2013-10-14,2,0,2
2013-10-14,7,0,7
2013-10-14,2,1,1
2013-10-14,13,7,6
2013-10-13,15,12,3
2013-10-13,25,15,10
2013-10-13,23,14,9
2013-10-13,29,19,10
2013-10-13,49,20,29
2013-10-13,93,46,47
2013-10-13,124,59,65
2013-10-13,163,77,86
2013-10-13,192,69,123
2013-10-13,171,82,89
2013-10-13,111,47,64
2013-10-13,110,43,67
2013-10-13,123,55,68
2013-10-13,85,43,42
2013-10-13,60,29,31
2013-10-13,70,28,42
2013-10-13,19,8,11
2013-10-13,8,3,5
2013-10-13,5,3,2
2013-10-13,5,2,3
2013-10-13,3,2,1
2013-10-13,7,5,2
2013-10-13,8,5,3
2013-10-13,17,10,7
2013-10-12,28,8,20
2013-10-12,40,23,17
2013-10-12,34,15,19
2013-10-12,29,11,18
2013-10-12,57,29,28
2013-10-12,96,48,48
2013-10-12,119,50,69
2013-10-12,130,68,62
2013-10-12,116,61,55
2013-10-12,77,40,37
2013-10-12,77,34,43
2013-10-12,113,50,63
2013-10-12,91,38,53
2013-10-12,62,34,28
2013-10-12,69,35,34
2013-10-12,44,16,28
2013-10-12,23,11,12
2013-10-12,21,7,14
2013-10-12,5,2,3
2013-10-12,3,1,2
2013-10-12,3,2,1
2013-10-12,14,9,5
2013-10-12,8,3,5
2013-10-12,15,7,8
2013-10-11,30,21,9
2013-10-11,48,25,23
2013-10-11,22,10,12
2013-10-11,54,29,25
2013-10-11,115,72,43
2013-10-11,245,159,86
2013-10-11,330,212,118
2013-10-11,226,138,88
2013-10-11,87,40,47
2013-10-11,84,40,44
2013-10-11,54,24,30
2013-10-11,65,32,33
2013-10-11,40,12,28
2013-10-11,84,43,41
2013-10-11,209,70,139
2013-10-11,304,97,207
2013-10-11,184,49,135
2013-10-11,94,26,68
2013-10-11,17,3,14
2013-10-11,6,1,5
2013-10-11,2,0,2
2013-10-11,7,3,4
2013-10-11,6,1,5
2013-10-11,21,11,10
2013-10-10,23,13,10
2013-10-10,40,24,16
2013-10-10,49,28,21
2013-10-10,76,46,30
2013-10-10,158,90,68
2013-10-10,371,244,127
2013-10-10,477,324,153
2013-10-10,196,116,80
2013-10-10,155,64,91
2013-10-10,105,46,59
2013-10-10,108,57,51
2013-10-10,81,31,50
2013-10-10,82,33,49
2013-10-10,123,46,77
2013-10-10,283,104,179
2013-10-10,402,110,292
2013-10-10,275,76,199
2013-10-10,116,39,77
2013-10-10,25,6,19
2013-10-10,4,0,4
2013-10-10,1,1,0
2013-10-10,5,2,3
2013-10-10,6,5,1
2013-10-10,11,8,3
2013-10-09,19,10,9
2013-10-09,42,30,12
2013-10-09,80,51,29
2013-10-09,78,49,29
2013-10-09,155,86,69
2013-10-09,427,273,154
2013-10-09,573,373,200
2013-10-09,279,156,123
2013-10-09,138,71,67
2013-10-09,104,51,53
2013-10-09,90,45,45
2013-10-09,114,49,65
2013-10-09,89,42,47
2013-10-09,126,51,75
2013-10-09,339,136,203
2013-10-09,477,141,336
2013-10-09,288,83,205
2013-10-09,116,33,83
2013-10-09,29,9,20
2013-10-09,5,2,3
2013-10-09,1,1,0
2013-10-09,3,1,2
2013-10-09,5,0,5
2013-10-09,10,5,5
2013-10-08,16,8,8
2013-10-08,26,13,13
2013-10-08,52,28,24
2013-10-08,68,32,36
2013-10-08,168,106,62
2013-10-08,365,245,120
2013-10-08,446,307,139
2013-10-08,200,109,91
2013-10-08,94,49,45
2013-10-08,64,31,33
2013-10-08,55,29,26
2013-10-08,63,25,38
2013-10-08,47,18,29
2013-10-08,104,43,61
2013-10-08,238,92,146
2013-10-08,417,136,281
2013-10-08,289,80,209
2013-10-08,117,37,80
2013-10-08,28,4,24
2013-10-08,9,4,5
2013-10-08,1,0,1
2013-10-08,5,1,4
2013-10-08,3,2,1
2013-10-08,15,7,8
2013-10-07,19,12,7
2013-10-07,29,13,16
2013-10-07,57,30,27
2013-10-07,71,42,29
2013-10-07,137,87,50
2013-10-07,369,239,130
2013-10-07,501,334,167
2013-10-07,209,127,82
2013-10-07,111,62,49
2013-10-07,81,41,40
2013-10-07,63,30,33
2013-10-07,54,32,22
2013-10-07,58,29,29
2013-10-07,111,46,65
2013-10-07,274,111,163
2013-10-07,389,137,252
2013-10-07,252,61,191
2013-10-07,110,37,73
2013-10-07,23,6,17
2013-10-07,6,2,4
2013-10-07,1,1,0
2013-10-07,4,2,2
2013-10-07,2,0,2
2013-10-07,9,6,3
2013-10-06,24,17,7
2013-10-06,21,12,9
2013-10-06,20,11,9
2013-10-06,52,26,26
2013-10-06,61,30,31
2013-10-06,131,57,74
2013-10-06,213,82,131
2013-10-06,255,94,161
2013-10-06,298,132,166
2013-10-06,240,120,120
2013-10-06,193,76,117
2013-10-06,140,63,77
2013-10-06,139,71,68
2013-10-06,132,68,64
2013-10-06,100,31,69
2013-10-06,51,20,31
2013-10-06,26,11,15
2013-10-06,15,6,9
2013-10-06,9,4,5
2013-10-06,1,0,1
2013-10-06,9,3,6
2013-10-06,12,6,6
2013-10-06,10,2,8
2013-10-06,18,12,6
2013-10-05,29,17,12
2013-10-05,31,18,13
2013-10-05,28,16,12
2013-10-05,42,25,17
2013-10-05,74,43,31
2013-10-05,118,46,72
2013-10-05,196,80,116
2013-10-05,175,67,108
2013-10-05,230,109,121
2013-10-05,221,96,125
2013-10-05,229,93,136
2013-10-05,183,79,104
2013-10-05,155,60,95
2013-10-05,108,48,60
2013-10-05,110,52,58
2013-10-05,88,31,57
2013-10-05,36,12,24
2013-10-05,28,9,19
2013-10-05,13,4,9
2013-10-05,6,2,4
2013-10-05,6,4,2
2013-10-05,9,7,2
2013-10-05,6,4,2
2013-10-05,32,20,12
2013-10-04,22,14,8
2013-10-04,35,17,18
2013-10-04,50,25,25
2013-10-04,66,39,27
2013-10-04,157,90,67
2013-10-04,345,197,148
2013-10-04,525,343,182
2013-10-04,262,145,117
2013-10-04,164,87,77
2013-10-04,124,60,64
2013-10-04,117,66,51
2013-10-04,94,38,56
2013-10-04,71,26,45
2013-10-04,116,44,72
2013-10-04,270,103,167
2013-10-04,402,112,290
2013-10-04,227,73,154
2013-10-04,111,33,78
2013-10-04,19,2,17
2013-10-04,3,1,2
2013-10-04,2,0,2
2013-10-04,5,3,2
2013-10-04,16,12,4
2013-10-04,11,5,6
2013-10-03,23,15,8
2013-10-03,29,15,14
2013-10-03,62,32,30
2013-10-03,86,44,42
2013-10-03,190,103,87
2013-10-03,398,255,143
2013-10-03,524,352,172
2013-10-03,230,129,101
2013-10-03,148,75,73
2013-10-03,82,44,38
2013-10-03,91,45,46
2013-10-03,77,35,42
2013-10-03,73,31,42
2013-10-03,119,51,68
2013-10-03,283,108,175
2013-10-03,391,113,278
2013-10-03,283,79,204
2013-10-03,110,36,74
2013-10-03,26,8,18
2013-10-03,6,1,5
2013-10-03,4,3,1
2013-10-03,8,4,4
2013-10-03,3,1,2
2013-10-03,5,2,3
2013-10-02,18,10,8
2013-10-02,31,22,9
2013-10-02,36,21,15
2013-10-02,58,34,24
2013-10-02,128,80,48
2013-10-02,331,202,129
2013-10-02,395,254,141
2013-10-02,158,99,59
2013-10-02,98,47,51
2013-10-02,48,22,26
2013-10-02,39,14,25
2013-10-02,44,17,27
2013-10-02,43,22,21
2013-10-02,77,34,43
2013-10-02,239,76,163
2013-10-02,334,104,230
2013-10-02,206,64,142
2013-10-02,77,27,50
2013-10-02,22,7,15
2013-10-02,8,2,6
2013-10-02,0,0,0
2013-10-02,2,1,1
2013-10-02,8,6,2
2013-10-02,12,4,8
2013-10-01,29,20,9
2013-10-01,29,19,10
2013-10-01,50,28,22
2013-10-01,66,44,22
2013-10-01,132,86,46
2013-10-01,331,220,111
2013-10-01,411,268,143
2013-10-01,187,96,91
2013-10-01,119,58,61
2013-10-01,86,45,41
2013-10-01,67,32,35
2013-10-01,79,32,47
2013-10-01,74,34,40
2013-10-01,80,27,53
2013-10-01,205,74,131
2013-10-01,387,116,271
2013-10-01,264,75,189
2013-10-01,87,26,61
2013-10-01,24,6,18
2013-10-01,5,2,3
2013-10-01,0,0,0
2013-10-01,6,2,4
2013-10-01,3,3,0
2013-10-01,9,4,5
2013-09-30,22,10,12
2013-09-30,33,21,12
2013-09-30,36,22,14
2013-09-30,46,25,21
2013-09-30,120,74,46
2013-09-30,269,193,76
2013-09-30,372,244,128
2013-09-30,165,86,79
2013-09-30,88,45,43
2013-09-30,65,33,32
2013-09-30,55,22,33
2013-09-30,30,14,16
2013-09-30,50,21,29
2013-09-30,64,23,41
2013-09-30,225,86,139
2013-09-30,317,95,222
2013-09-30,172,45,127
2013-09-30,91,26,65
2013-09-30,23,4,19
2013-09-30,6,2,4
2013-09-30,1,1,0
2013-09-30,1,0,1
2013-09-30,4,0,4
2013-09-30,4,2,2
2013-09-29,9,4,5
2013-09-29,6,6,0
2013-09-29,10,5,5
2013-09-29,17,10,7
2013-09-29,18,13,5
2013-09-29,26,15,11
2013-09-29,31,12,19
2013-09-29,40,13,27
2013-09-29,37,19,18
2013-09-29,38,18,20
2013-09-29,36,19,17
2013-09-29,38,14,24
2013-09-29,37,15,22
2013-09-29,48,22,26
2013-09-29,32,20,12
2013-09-29,19,9,10
2013-09-29,11,7,4
2013-09-29,7,3,4
2013-09-29,5,3,2
2013-09-29,4,1,3
2013-09-29,4,2,2
2013-09-29,2,1,1
2013-09-29,8,3,5
2013-09-29,7,3,4
2013-09-28,9,5,4
2013-09-28,7,4,3
2013-09-28,11,4,7
2013-09-28,18,9,9
2013-09-28,23,11,12
2013-09-28,13,7,6
2013-09-28,24,11,13
2013-09-28,28,13,15
2013-09-28,34,13,21
2013-09-28,35,16,19
2013-09-28,24,11,13
2013-09-28,25,10,15
2013-09-28,37,18,19
2013-09-28,39,10,29
2013-09-28,39,16,23
2013-09-28,40,11,29
2013-09-28,14,5,9
2013-09-28,13,8,5
2013-09-28,3,1,2
2013-09-28,5,2,3
2013-09-28,4,3,1
2013-09-28,12,3,9
2013-09-28,6,5,1
2013-09-28,14,8,6
2013-09-27,22,10,12
2013-09-27,34,20,14
2013-09-27,30,16,14
2013-09-27,42,27,15
2013-09-27,86,50,36
2013-09-27,208,136,72
2013-09-27,315,206,109
2013-09-27,186,122,64
2013-09-27,92,54,38
2013-09-27,76,27,49
2013-09-27,62,23,39
2013-09-27,51,22,29
2013-09-27,62,28,34
2013-09-27,87,37,50
2013-09-27,169,67,102
2013-09-27,286,72,214
2013-09-27,184,52,132
2013-09-27,96,38,58
2013-09-27,21,7,14
2013-09-27,6,2,4
2013-09-27,5,4,1
2013-09-27,8,4,4
2013-09-27,10,9,1
2013-09-27,11,9,2
2013-09-26,27,20,7
2013-09-26,40,27,13
2013-09-26,71,35,36
2013-09-26,93,41,52
2013-09-26,191,115,76
2013-09-26,431,272,159
2013-09-26,566,384,182
2013-09-26,282,173,109
2013-09-26,176,85,91
2013-09-26,105,50,55
2013-09-26,98,47,51
2013-09-26,80,37,43
2013-09-26,88,31,57
2013-09-26,101,41,60
2013-09-26,319,121,198
2013-09-26,477,137,340
2013-09-26,299,73,226
2013-09-26,118,33,85
2013-09-26,28,5,23
2013-09-26,4,1,3
2013-09-26,1,0,1
2013-09-26,7,3,4
2013-09-26,5,3,2
2013-09-26,6,5,1
2013-09-25,16,8,8
2013-09-25,40,26,14
2013-09-25,51,26,25
2013-09-25,75,52,23
2013-09-25,170,94,76
2013-09-25,431,258,173
2013-09-25,524,358,166
2013-09-25,223,119,104
2013-09-25,103,59,44
2013-09-25,77,33,44
2013-09-25,86,45,41
2013-09-25,75,37,38
2013-09-25,54,29,25
2013-09-25,100,43,57
2013-09-25,270,95,175
2013-09-25,431,156,275
2013-09-25,249,68,181
2013-09-25,83,21,62
2013-09-25,26,4,22
2013-09-25,7,1,6
2013-09-25,1,0,1
2013-09-25,2,0,2
2013-09-25,3,2,1
2013-09-25,5,1,4
2013-09-24,25,13,12
2013-09-24,34,20,14
2013-09-24,51,32,19
2013-09-24,64,36,28
2013-09-24,177,104,73
2013-09-24,349,234,115
2013-09-24,506,333,173
2013-09-24,222,120,102
2013-09-24,142,80,62
2013-09-24,105,53,52
2013-09-24,101,41,60
2013-09-24,109,61,48
2013-09-24,77,32,45
2013-09-24,105,43,62
2013-09-24,271,99,172
2013-09-24,429,144,285
2013-09-24,273,64,209
2013-09-24,108,33,75
2013-09-24,34,7,27
2013-09-24,6,3,3
2013-09-24,2,0,2
2013-09-24,0,0,0
2013-09-24,3,0,3
2013-09-24,13,4,9
2013-09-23,19,12,7
2013-09-23,31,17,14
2013-09-23,47,21,26
2013-09-23,60,34,26
2013-09-23,113,65,48
2013-09-23,272,162,110
2013-09-23,394,263,131
2013-09-23,151,91,60
2013-09-23,78,37,41
2013-09-23,79,42,37
2013-09-23,72,34,38
2013-09-23,53,27,26
2013-09-23,37,15,22
2013-09-23,64,19,45
2013-09-23,164,58,106
2013-09-23,286,92,194
2013-09-23,207,58,149
2013-09-23,87,27,60
2013-09-23,25,6,19
2013-09-23,4,3,1
2013-09-23,0,0,0
2013-09-23,3,2,1
2013-09-23,1,1,0
2013-09-23,10,4,6
2013-09-22,7,4,3
2013-09-22,16,8,8
2013-09-22,14,6,8
2013-09-22,44,22,22
2013-09-22,34,17,17
2013-09-22,60,30,30
2013-09-22,54,26,28
2013-09-22,70,41,29
2013-09-22,25,12,13
2013-09-22,34,18,16
2013-09-22,29,14,15
2013-09-22,54,19,35
2013-09-22,71,28,43
2013-09-22,86,45,41
2013-09-22,64,30,34
2013-09-22,41,20,21
2013-09-22,19,8,11
2013-09-22,17,7,10
2013-09-22,7,4,3
2013-09-22,6,1,5
2013-09-22,5,2,3
2013-09-22,8,4,4
2013-09-22,10,5,5
2013-09-22,21,10,11
2013-09-21,24,7,17
2013-09-21,31,11,20
2013-09-21,37,20,17
2013-09-21,49,25,24
2013-09-21,92,42,50
2013-09-21,128,70,58
2013-09-21,185,69,116
2013-09-21,202,75,127
2013-09-21,219,92,127
2013-09-21,184,84,100
2013-09-21,133,64,69
2013-09-21,129,66,63
2013-09-21,134,68,66
2013-09-21,100,39,61
2013-09-21,93,44,49
2013-09-21,74,38,36
2013-09-21,26,8,18
2013-09-21,30,11,19
2013-09-21,10,3,7
2013-09-21,6,5,1
2013-09-21,3,1,2
2013-09-21,14,3,11
2013-09-21,15,7,8
2013-09-21,14,6,8
2013-09-20,23,13,10
2013-09-20,28,10,18
2013-09-20,40,23,17
2013-09-20,51,26,25
2013-09-20,113,65,48
2013-09-20,337,219,118
2013-09-20,487,355,132
2013-09-20,309,184,125
2013-09-20,172,86,86
2013-09-20,128,65,63
2013-09-20,110,53,57
2013-09-20,97,50,47
2013-09-20,91,39,52
2013-09-20,157,65,92
2013-09-20,273,99,174
2013-09-20,460,147,313
2013-09-20,270,87,183
2013-09-20,107,32,75
2013-09-20,29,9,20
2013-09-20,8,3,5
2013-09-20,5,3,2
2013-09-20,8,3,5
2013-09-20,9,4,5
2013-09-20,22,10,12
2013-09-19,42,28,14
2013-09-19,55,27,28
2013-09-19,86,34,52
2013-09-19,152,97,55
2013-09-19,247,129,118
2013-09-19,480,295,185
2013-09-19,621,422,199
2013-09-19,281,161,120
2013-09-19,195,100,95
2013-09-19,136,73,63
2013-09-19,116,54,62
2013-09-19,116,53,63
2013-09-19,112,1,111
2013-09-19,116,4,112
2013-09-19,301,86,215
2013-09-19,528,157,371
2013-09-19,345,92,253
2013-09-19,109,32,77
2013-09-19,43,11,32
2013-09-19,5,1,4
2013-09-19,0,0,0
2013-09-19,16,5,11
2013-09-19,3,2,1
2013-09-19,13,6,7
2013-09-18,34,22,12
2013-09-18,50,28,22
2013-09-18,67,27,40
2013-09-18,102,60,42
2013-09-18,239,131,108
2013-09-18,493,315,178
2013-09-18,582,384,198
2013-09-18,290,178,112
2013-09-18,147,84,63
2013-09-18,122,64,58
2013-09-18,121,58,63
2013-09-18,138,62,76
2013-09-18,101,43,58
2013-09-18,132,52,80
2013-09-18,290,102,188
2013-09-18,513,151,362
2013-09-18,308,87,221
2013-09-18,111,30,81
2013-09-18,40,8,32
2013-09-18,6,3,3
2013-09-18,1,0,1
2013-09-18,8,3,5
2013-09-18,4,2,2
2013-09-18,10,6,4
2013-09-17,35,23,12
2013-09-17,29,14,15
2013-09-17,48,29,19
2013-09-17,93,46,47
2013-09-17,180,111,69
2013-09-17,381,247,134
2013-09-17,471,325,146
2013-09-17,214,137,77
2013-09-17,120,66,54
2013-09-17,91,49,42
2013-09-17,101,53,48
2013-09-17,80,35,45
2013-09-17,85,33,52
2013-09-17,115,50,65
2013-09-17,275,118,157
2013-09-17,465,144,321
2013-09-17,326,96,230
2013-09-17,111,32,79
2013-09-17,37,8,29
2013-09-17,7,2,5
2013-09-17,2,0,2
2013-09-17,4,0,4
2013-09-17,4,2,2
2013-09-17,10,5,5
2013-09-16,16,13,3
2013-09-16,28,14,14
2013-09-16,46,22,24
2013-09-16,60,32,28
2013-09-16,168,102,66
2013-09-16,400,278,122
2013-09-16,492,371,121
2013-09-16,213,122,91
2013-09-16,124,71,53
2013-09-16,70,39,31
2013-09-16,75,30,45
2013-09-16,73,41,32
2013-09-16,74,31,43
2013-09-16,102,40,62
2013-09-16,270,81,189
2013-09-16,424,133,291
2013-09-16,275,83,192
2013-09-16,100,34,66
2013-09-16,30,4,26
2013-09-16,5,2,3
2013-09-16,2,2,0
2013-09-16,4,1,3
2013-09-16,4,4,0
2013-09-16,10,4,6
2013-09-15,15,4,11
2013-09-15,21,19,2
2013-09-15,11,6,5
2013-09-15,20,13,7
2013-09-15,27,13,14
2013-09-15,34,18,16
2013-09-15,51,26,25
2013-09-15,75,36,39
2013-09-15,101,40,61
2013-09-15,100,46,54
2013-09-15,96,36,60
2013-09-15,74,26,48
2013-09-15,77,37,40
2013-09-15,72,26,46
2013-09-15,70,37,33
2013-09-15,59,27,32
2013-09-15,42,25,17
2013-09-15,18,7,11
2013-09-15,9,2,7
2013-09-15,5,1,4
2013-09-15,5,1,4
2013-09-15,11,5,6
2013-09-15,11,4,7
2013-09-15,20,8,12
2013-09-14,24,19,5
2013-09-14,30,15,15
2013-09-14,53,23,30
2013-09-14,69,34,35
2013-09-14,96,40,56
2013-09-14,148,67,81
2013-09-14,158,70,88
2013-09-14,135,60,75
2013-09-14,125,64,61
2013-09-14,170,82,88
2013-09-14,143,70,73
2013-09-14,136,64,72
2013-09-14,132,46,86
2013-09-14,81,35,46
2013-09-14,132,60,72
2013-09-14,88,38,50
2013-09-14,33,23,10
2013-09-14,18,6,12
2013-09-14,10,3,7
2013-09-14,8,3,5
2013-09-14,8,4,4
2013-09-14,9,7,2
2013-09-14,8,6,2
2013-09-14,18,11,7
2013-09-13,31,16,15
2013-09-13,52,36,16
2013-09-13,41,22,19
2013-09-13,76,53,23
2013-09-13,147,91,56
2013-09-13,341,221,120
2013-09-13,469,303,166
2013-09-13,279,184,95
2013-09-13,160,102,58
2013-09-13,106,51,55
2013-09-13,106,52,54
2013-09-13,82,45,37
2013-09-13,85,37,48
2013-09-13,128,54,74
2013-09-13,272,98,174
2013-09-13,388,120,268
2013-09-13,288,86,202
2013-09-13,106,36,70
2013-09-13,36,6,30
2013-09-13,4,3,1
2013-09-13,2,1,1
2013-09-13,10,4,6
2013-09-13,5,1,4
2013-09-13,18,7,11
2013-09-12,37,22,15
2013-09-12,43,28,15
2013-09-12,87,40,47
2013-09-12,118,62,56
2013-09-12,260,159,101
2013-09-12,499,325,174
2013-09-12,618,429,189
2013-09-12,287,164,123
2013-09-12,152,78,74
2013-09-12,109,48,61
2013-09-12,112,52,60
2013-09-12,100,44,56
2013-09-12,96,34,62
2013-09-12,118,57,61
2013-09-12,327,110,217
2013-09-12,502,156,346
2013-09-12,367,95,272
2013-09-12,144,45,99
2013-09-12,33,10,23
2013-09-12,3,1,2
2013-09-12,1,1,0
2013-09-12,6,2,4
2013-09-12,10,2,8
2013-09-12,16,11,5
2013-09-11,28,13,15
2013-09-11,75,37,38
2013-09-11,85,46,39
2013-09-11,138,71,67
2013-09-11,286,164,122
2013-09-11,511,312,199
2013-09-11,645,460,185
2013-09-11,304,183,121
2013-09-11,160,80,80
2013-09-11,147,74,73
2013-09-11,138,66,72
2013-09-11,117,61,56
2013-09-11,110,46,64
2013-09-11,128,52,76
2013-09-11,358,152,206
2013-09-11,562,157,405
2013-09-11,397,118,279
2013-09-11,136,40,96
2013-09-11,42,9,33
2013-09-11,8,3,5
2013-09-11,5,1,4
2013-09-11,8,3,5
2013-09-11,3,3,0
2013-09-11,20,10,10
2013-09-10,43,23,20
2013-09-10,44,25,19
2013-09-10,65,36,29
2013-09-10,111,63,48
2013-09-10,264,161,103
2013-09-10,548,360,188
2013-09-10,685,479,206
2013-09-10,287,183,104
2013-09-10,164,85,79
2013-09-10,127,68,59
2013-09-10,102,53,49
2013-09-10,110,51,59
2013-09-10,93,35,58
2013-09-10,140,71,69
2013-09-10,294,101,193
2013-09-10,551,171,380
2013-09-10,398,99,299
2013-09-10,129,36,93
2013-09-10,30,5,25
2013-09-10,8,2,6
2013-09-10,5,0,5
2013-09-10,8,4,4
2013-09-10,4,1,3
2013-09-10,35,21,14
2013-09-09,21,11,10
2013-09-09,51,26,25
2013-09-09,56,29,27
2013-09-09,122,70,52
2013-09-09,239,150,89
2013-09-09,489,338,151
2013-09-09,606,437,169
2013-09-09,299,174,125
2013-09-09,157,81,76
2013-09-09,121,66,55
2013-09-09,112,56,56
2013-09-09,84,42,42
2013-09-09,78,33,45
2013-09-09,114,49,65
2013-09-09,311,127,184
2013-09-09,483,140,343
2013-09-09,344,87,257
2013-09-09,139,44,95
2013-09-09,35,9,26
2013-09-09,5,1,4
2013-09-09,2,1,1
2013-09-09,3,1,2
2013-09-09,8,7,1
2013-09-09,14,7,7
2013-09-08,19,11,8
2013-09-08,25,17,8
2013-09-08,32,17,15
2013-09-08,64,24,40
2013-09-08,110,42,68
2013-09-08,156,62,94
2013-09-08,207,100,107
2013-09-08,208,118,90
2013-09-08,275,89,186
2013-09-08,216,102,114
2013-09-08,236,87,149
2013-09-08,154,69,85
2013-09-08,155,74,81
2013-09-08,153,64,89
2013-09-08,117,70,47
2013-09-08,61,34,27
2013-09-08,41,14,27
2013-09-08,19,5,14
2013-09-08,12,5,7
2013-09-08,6,1,5
2013-09-08,7,1,6
2013-09-08,8,4,4
2013-09-08,18,13,5
2013-09-08,32,20,12
2013-09-07,35,24,11
2013-09-07,50,42,8
2013-09-07,53,34,19
2013-09-07,69,36,33
2013-09-07,86,38,48
2013-09-07,161,65,96
2013-09-07,173,75,98
2013-09-07,165,80,85
2013-09-07,161,73,88
2013-09-07,162,68,94
2013-09-07,139,71,68
2013-09-07,100,43,57
2013-09-07,117,46,71
2013-09-07,99,39,60
2013-09-07,111,48,63
2013-09-07,62,28,34
2013-09-07,38,14,24
2013-09-07,25,10,15
2013-09-07,13,3,10
2013-09-07,7,3,4
2013-09-07,5,2,3
2013-09-07,6,4,2
2013-09-07,20,10,10
2013-09-07,23,11,12
2013-09-06,26,15,11
2013-09-06,29,24,5
2013-09-06,45,30,15
2013-09-06,73,41,32
2013-09-06,131,77,54
2013-09-06,272,167,105
2013-09-06,338,215,123
2013-09-06,181,105,76
2013-09-06,105,55,50
2013-09-06,50,28,22
2013-09-06,65,31,34
2013-09-06,50,26,24
2013-09-06,37,15,22
2013-09-06,72,29,43
2013-09-06,167,58,109
2013-09-06,263,70,193
2013-09-06,175,47,128
2013-09-06,86,27,59
2013-09-06,26,6,20
2013-09-06,8,3,5
2013-09-06,2,0,2
2013-09-06,6,1,5
2013-09-06,4,1,3
2013-09-06,12,7,5
2013-09-05,24,9,15
2013-09-05,34,24,10
2013-09-05,48,24,24
2013-09-05,62,31,31
2013-09-05,171,92,79
2013-09-05,229,130,99
2013-09-05,353,240,113
2013-09-05,160,94,66
2013-09-05,105,44,61
2013-09-05,84,34,50
2013-09-05,62,30,32
2013-09-05,55,33,22
2013-09-05,45,22,23
2013-09-05,73,32,41
2013-09-05,130,51,79
2013-09-05,231,69,162
2013-09-05,192,52,140
2013-09-05,120,33,87
2013-09-05,23,9,14
2013-09-05,7,1,6
2013-09-05,6,1,5
2013-09-05,9,3,6
2013-09-05,12,8,4
2013-09-05,13,4,9
2013-09-04,35,24,11
2013-09-04,46,28,18
2013-09-04,83,55,28
2013-09-04,109,68,41
2013-09-04,237,143,94
2013-09-04,476,322,154
2013-09-04,577,402,175
2013-09-04,256,164,92
2013-09-04,125,62,63
2013-09-04,118,54,64
2013-09-04,91,46,45
2013-09-04,91,48,43
2013-09-04,86,41,45
2013-09-04,150,63,87
2013-09-04,316,116,200
2013-09-04,493,152,341
2013-09-04,331,77,254
2013-09-04,134,43,91
2013-09-04,29,7,22
2013-09-04,8,1,7
2013-09-04,3,0,3
2013-09-04,5,2,3
2013-09-04,11,6,5
2013-09-04,20,13,7
2013-09-03,25,14,11
2013-09-03,56,26,30
2013-09-03,56,27,29
2013-09-03,121,61,60
2013-09-03,223,133,90
2013-09-03,385,242,143
2013-09-03,451,312,139
2013-09-03,183,102,81
2013-09-03,92,51,41
2013-09-03,58,27,31
2013-09-03,68,37,31
2013-09-03,80,38,42
2013-09-03,74,39,35
2013-09-03,85,40,45
2013-09-03,220,78,142
2013-09-03,390,127,263
2013-09-03,212,48,164
2013-09-03,86,30,56
2013-09-03,25,4,21
2013-09-03,8,4,4
2013-09-03,1,0,1
2013-09-03,6,4,2
2013-09-03,7,4,3
2013-09-03,19,8,11
2013-09-02,48,26,22
2013-09-02,47,32,15
2013-09-02,44,24,20
2013-09-02,76,34,42
2013-09-02,127,56,71
2013-09-02,145,71,74
2013-09-02,177,88,89
2013-09-02,203,90,113
2013-09-02,193,86,107
2013-09-02,226,92,134
2013-09-02,198,74,124
2013-09-02,198,97,101
2013-09-02,157,76,81
2013-09-02,152,57,95
2013-09-02,116,53,63
2013-09-02,69,21,48
2013-09-02,55,20,35
2013-09-02,15,6,9
2013-09-02,5,1,4
2013-09-02,7,3,4
2013-09-02,4,2,2
2013-09-02,7,2,5
2013-09-02,18,13,5
2013-09-02,38,23,15
2013-09-01,67,31,36
2013-09-01,49,40,9
2013-09-01,55,30,25
2013-09-01,58,29,29
2013-09-01,137,70,67
2013-09-01,130,56,74
2013-09-01,152,77,75
2013-09-01,187,81,106
2013-09-01,229,85,144
2013-09-01,230,98,132
2013-09-01,218,84,134
2013-09-01,188,88,100
2013-09-01,174,71,103
2013-09-01,128,63,65
2013-09-01,62,28,34
2013-09-01,74,30,44
2013-09-01,37,13,24
2013-09-01,19,8,11
2013-09-01,9,3,6
2013-09-01,3,0,3
2013-09-01,9,5,4
2013-09-01,18,6,12
2013-09-01,14,4,10
2013-09-01,41,25,16
2013-08-31,49,38,11
2013-08-31,59,31,28
2013-08-31,67,45,22
2013-08-31,70,33,37
2013-08-31,101,45,56
2013-08-31,133,63,70
2013-08-31,157,75,82
2013-08-31,189,102,87
2013-08-31,182,86,96
2013-08-31,188,83,105
2013-08-31,195,98,97
2013-08-31,179,79,100
2013-08-31,173,70,103
2013-08-31,178,77,101
2013-08-31,128,57,71
2013-08-31,83,30,53
2013-08-31,56,25,31
2013-08-31,32,13,19
2013-08-31,8,1,7
2013-08-31,4,1,3
2013-08-31,10,5,5
2013-08-31,16,11,5
2013-08-31,11,5,6
2013-08-31,24,15,9
2013-08-30,24,15,9
2013-08-30,43,23,20
2013-08-30,70,41,29
2013-08-30,102,51,51
2013-08-30,185,112,73
2013-08-30,321,191,130
2013-08-30,436,283,153
2013-08-30,342,208,134
2013-08-30,202,122,80
2013-08-30,129,68,61
2013-08-30,132,61,71
2013-08-30,121,56,65
2013-08-30,116,44,72
2013-08-30,134,55,79
2013-08-30,242,98,144
2013-08-30,362,109,253
2013-08-30,265,69,196
2013-08-30,106,33,73
2013-08-30,22,9,13
2013-08-30,4,0,4
2013-08-30,3,3,0
2013-08-30,2,1,1
2013-08-30,7,5,2
2013-08-30,6,5,1
2013-08-29,29,14,15
2013-08-29,20,12,8
2013-08-29,40,26,14
2013-08-29,70,43,27
2013-08-29,117,78,39
2013-08-29,251,160,91
2013-08-29,347,246,101
2013-08-29,164,101,63
2013-08-29,93,45,48
2013-08-29,59,25,34
2013-08-29,53,27,26
2013-08-29,43,15,28
2013-08-29,47,26,21
2013-08-29,87,32,55
2013-08-29,190,71,119
2013-08-29,358,108,250
2013-08-29,241,58,183
2013-08-29,88,27,61
2013-08-29,23,7,16
2013-08-29,6,3,3
2013-08-29,3,2,1
2013-08-29,10,3,7
2013-08-29,16,8,8
2013-08-29,20,8,12
2013-08-28,36,21,15
2013-08-28,42,22,20
2013-08-28,87,34,53
2013-08-28,133,78,55
2013-08-28,241,143,98
2013-08-28,427,283,144
2013-08-28,494,325,169
2013-08-28,232,138,94
2013-08-28,138,72,66
2013-08-28,114,60,54
2013-08-28,103,49,54
2013-08-28,134,56,78
2013-08-28,98,49,49
2013-08-28,122,57,65
2013-08-28,261,88,173
2013-08-28,396,131,265
2013-08-28,271,70,201
2013-08-28,93,31,62
2013-08-28,24,9,15
2013-08-28,5,1,4
2013-08-28,4,1,3
2013-08-28,8,5,3
2013-08-28,6,2,4
2013-08-28,15,8,7
2013-08-27,25,12,13
2013-08-27,43,18,25
2013-08-27,67,33,34
2013-08-27,115,63,52
2013-08-27,220,142,78
2013-08-27,505,337,168
2013-08-27,565,407,158
2013-08-27,292,167,125
2013-08-27,155,73,82
2013-08-27,113,48,65
2013-08-27,121,50,71
2013-08-27,111,49,62
2013-08-27,97,52,45
2013-08-27,117,49,68
2013-08-27,304,109,195
2013-08-27,506,156,350
2013-08-27,335,98,237
2013-08-27,134,47,87
2013-08-27,29,6,23
2013-08-27,7,1,6
2013-08-27,3,3,0
2013-08-27,4,1,3
2013-08-27,9,1,8
2013-08-27,15,7,8
2013-08-26,20,13,7
2013-08-26,33,17,16
2013-08-26,56,29,27
2013-08-26,80,52,28
2013-08-26,144,84,60
2013-08-26,336,243,93
2013-08-26,482,332,150
2013-08-26,256,148,108
2013-08-26,152,79,73
2013-08-26,120,61,59
2013-08-26,96,42,54
2013-08-26,72,41,31
2013-08-26,82,42,40
2013-08-26,122,41,81
2013-08-26,267,102,165
2013-08-26,408,125,283
2013-08-26,293,81,212
2013-08-26,145,44,101
2013-08-26,34,10,24
2013-08-26,8,2,6
2013-08-26,3,3,0
2013-08-26,5,3,2
2013-08-26,7,4,3
2013-08-26,19,9,10
2013-08-25,16,14,2
2013-08-25,45,38,7
2013-08-25,31,23,8
2013-08-25,52,25,27
2013-08-25,47,23,24
2013-08-25,99,50,49
2013-08-25,119,44,75
2013-08-25,195,89,106
2013-08-25,195,76,119
2013-08-25,225,90,135
2013-08-25,222,90,132
2013-08-25,219,118,101
2013-08-25,164,86,78
2013-08-25,173,81,92
2013-08-25,98,39,59
2013-08-25,52,24,28
2013-08-25,20,11,9
2013-08-25,14,8,6
2013-08-25,11,3,8
2013-08-25,7,3,4
2013-08-25,8,4,4
2013-08-25,8,4,4
2013-08-25,13,9,4
2013-08-25,26,16,10
2013-08-24,33,22,11
2013-08-24,41,32,9
2013-08-24,36,19,17
2013-08-24,75,29,46
2013-08-24,81,38,43
2013-08-24,130,50,80
2013-08-24,149,80,69
2013-08-24,192,95,97
2013-08-24,176,83,93
2013-08-24,176,85,91
2013-08-24,190,92,98
2013-08-24,115,52,63
2013-08-24,125,55,70
2013-08-24,121,52,69
2013-08-24,125,58,67
2013-08-24,79,32,47
2013-08-24,60,28,32
2013-08-24,31,21,10
2013-08-24,8,1,7
2013-08-24,8,1,7
2013-08-24,7,2,5
2013-08-24,16,8,8
2013-08-24,22,16,6
2013-08-24,34,18,16
2013-08-23,45,25,20
2013-08-23,46,28,18
2013-08-23,68,42,26
2013-08-23,99,60,39
2013-08-23,180,95,85
2013-08-23,331,207,124
2013-08-23,484,331,153
2013-08-23,270,176,94
2013-08-23,182,105,77
2013-08-23,130,68,62
2013-08-23,122,56,66
2013-08-23,98,48,50
2013-08-23,124,52,72
2013-08-23,153,74,79
2013-08-23,259,90,169
2013-08-23,399,120,279
2013-08-23,257,65,192
2013-08-23,124,46,78
2013-08-23,24,11,13
2013-08-23,7,0,7
2013-08-23,5,1,4
2013-08-23,5,5,0
2013-08-23,13,9,4
2013-08-23,21,7,14
2013-08-22,50,29,21
2013-08-22,50,16,34
2013-08-22,94,40,54
2013-08-22,154,82,72
2013-08-22,257,158,99
2013-08-22,482,309,173
2013-08-22,611,429,182
2013-08-22,316,205,111
2013-08-22,149,92,57
2013-08-22,126,59,67
2013-08-22,133,62,71
2013-08-22,110,40,70
2013-08-22,128,49,79
2013-08-22,155,52,103
2013-08-22,309,102,207
2013-08-22,471,143,328
2013-08-22,354,100,254
2013-08-22,134,35,99
2013-08-22,33,13,20
2013-08-22,10,4,6
2013-08-22,3,1,2
2013-08-22,7,4,3
2013-08-22,10,2,8
2013-08-22,24,16,8
2013-08-21,39,20,19
2013-08-21,48,28,20
2013-08-21,114,72,42
2013-08-21,156,84,72
2013-08-21,268,161,107
2013-08-21,557,367,190
2013-08-21,605,430,175
2013-08-21,326,198,128
2013-08-21,171,104,67
2013-08-21,134,77,57
2013-08-21,143,79,64
2013-08-21,123,50,73
2013-08-21,106,46,60
2013-08-21,152,73,79
2013-08-21,311,102,209
2013-08-21,531,151,380
2013-08-21,368,109,259
2013-08-21,152,47,105
2013-08-21,37,5,32
2013-08-21,5,2,3
2013-08-21,4,1,3
2013-08-21,14,5,9
2013-08-21,5,1,4
2013-08-21,23,11,12
2013-08-20,44,30,14
2013-08-20,70,41,29
2013-08-20,143,102,41
2013-08-20,192,98,94
2013-08-20,301,169,132
2013-08-20,613,387,226
2013-08-20,642,462,180
2013-08-20,303,190,113
2013-08-20,154,82,72
2013-08-20,108,58,50
2013-08-20,131,63,68
2013-08-20,113,52,61
2013-08-20,95,38,57
2013-08-20,154,79,75
2013-08-20,290,115,175
2013-08-20,565,167,398
2013-08-20,382,120,262
2013-08-20,151,46,105
2013-08-20,28,5,23
2013-08-20,9,2,7
2013-08-20,2,1,1
2013-08-20,11,7,4
2013-08-20,10,9,1
2013-08-20,13,6,7
2013-08-19,30,18,12
2013-08-19,53,29,24
2013-08-19,79,46,33
2013-08-19,121,67,54
2013-08-19,228,129,99
2013-08-19,551,380,171
2013-08-19,643,471,172
2013-08-19,290,174,116
2013-08-19,157,86,71
2013-08-19,149,77,72
2013-08-19,133,64,69
2013-08-19,98,52,46
2013-08-19,77,38,39
2013-08-19,143,54,89
2013-08-19,289,100,189
2013-08-19,494,152,342
2013-08-19,366,92,274
2013-08-19,143,42,101
2013-08-19,33,9,24
2013-08-19,6,3,3
2013-08-19,0,0,0
2013-08-19,5,3,2
2013-08-19,6,3,3
2013-08-19,23,16,7
2013-08-18,21,15,6
2013-08-18,32,17,15
2013-08-18,40,20,20
2013-08-18,58,30,28
2013-08-18,115,62,53
2013-08-18,158,60,98
2013-08-18,191,100,91
2013-08-18,211,99,112
2013-08-18,204,81,123
2013-08-18,242,111,131
2013-08-18,182,76,106
2013-08-18,217,92,125
2013-08-18,147,67,80
2013-08-18,184,81,103
2013-08-18,99,46,53
2013-08-18,65,20,45
2013-08-18,45,21,24
2013-08-18,24,11,13
2013-08-18,13,1,12
2013-08-18,6,4,2
2013-08-18,4,1,3
2013-08-18,6,5,1
2013-08-18,16,6,10
2013-08-18,21,11,10
2013-08-17,25,12,13
2013-08-17,59,33,26
2013-08-17,48,33,15
2013-08-17,103,50,53
2013-08-17,104,52,52
2013-08-17,131,67,64
2013-08-17,152,72,80
2013-08-17,197,91,106
2013-08-17,187,78,109
2013-08-17,169,82,87
2013-08-17,159,81,78
2013-08-17,165,76,89
2013-08-17,152,62,90
2013-08-17,144,52,92
2013-08-17,134,81,53
2013-08-17,89,48,41
2013-08-17,45,16,29
2013-08-17,50,29,21
2013-08-17,18,11,7
2013-08-17,8,5,3
2013-08-17,5,4,1
2013-08-17,16,7,9
2013-08-17,31,19,12
2013-08-17,28,16,12
2013-08-16,50,30,20
2013-08-16,46,28,18
2013-08-16,80,48,32
2013-08-16,143,84,59
2013-08-16,209,118,91
2013-08-16,410,242,168
2013-08-16,550,368,182
2013-08-16,310,191,119
2013-08-16,198,111,87
2013-08-16,142,60,82
2013-08-16,136,76,60
2013-08-16,120,59,61
2013-08-16,102,43,59
2013-08-16,142,72,70
2013-08-16,282,102,180
2013-08-16,421,132,289
2013-08-16,269,75,194
2013-08-16,137,52,85
2013-08-16,23,13,10
2013-08-16,5,0,5
2013-08-16,5,3,2
2013-08-16,8,7,1
2013-08-16,10,6,4
2013-08-16,21,13,8
2013-08-15,35,15,20
2013-08-15,41,18,23
2013-08-15,65,28,37
2013-08-15,134,73,61
2013-08-15,199,135,64
2013-08-15,393,250,143
2013-08-15,485,363,122
2013-08-15,215,137,78
2013-08-15,97,47,50
2013-08-15,88,48,40
2013-08-15,71,36,35
2013-08-15,73,33,40
2013-08-15,90,34,56
2013-08-15,129,54,75
2013-08-15,269,88,181
2013-08-15,452,136,316
2013-08-15,287,80,207
2013-08-15,133,45,88
2013-08-15,34,8,26
2013-08-15,4,0,4
2013-08-15,4,2,2
2013-08-15,8,5,3
2013-08-15,9,4,5
2013-08-15,19,6,13
2013-08-14,20,15,5
2013-08-14,37,21,16
2013-08-14,52,26,26
2013-08-14,133,78,55
2013-08-14,250,131,119
2013-08-14,471,314,157
2013-08-14,634,436,198
2013-08-14,282,161,121
2013-08-14,180,97,83
2013-08-14,135,63,72
2013-08-14,116,65,51
2013-08-14,116,60,56
2013-08-14,124,49,75
2013-08-14,147,73,74
2013-08-14,350,130,220
2013-08-14,545,155,390
2013-08-14,368,96,272
2013-08-14,147,47,100
2013-08-14,38,9,29
2013-08-14,4,1,3
2013-08-14,0,0,0
2013-08-14,2,0,2
2013-08-14,7,4,3
2013-08-14,13,6,7
2013-08-13,33,18,15
2013-08-13,60,35,25
2013-08-13,97,47,50
2013-08-13,191,90,101
2013-08-13,296,170,126
2013-08-13,500,339,161
2013-08-13,679,483,196
2013-08-13,337,216,121
2013-08-13,184,90,94
2013-08-13,126,65,61
2013-08-13,110,57,53
2013-08-13,112,46,66
2013-08-13,110,44,66
2013-08-13,154,68,86
2013-08-13,325,134,191
2013-08-13,514,160,354
2013-08-13,407,104,303
2013-08-13,167,42,125
2013-08-13,30,10,20
2013-08-13,8,3,5
2013-08-13,0,0,0
2013-08-13,5,3,2
2013-08-13,8,6,2
2013-08-13,16,10,6
2013-08-12,32,17,15
2013-08-12,48,25,23
2013-08-12,85,47,38
2013-08-12,134,66,68
2013-08-12,250,164,86
2013-08-12,480,306,174
2013-08-12,603,419,184
2013-08-12,322,198,124
2013-08-12,166,74,92
2013-08-12,126,61,65
2013-08-12,96,44,52
2013-08-12,114,70,44
2013-08-12,93,45,48
2013-08-12,114,50,64
2013-08-12,315,107,208
2013-08-12,488,140,348
2013-08-12,345,90,255
2013-08-12,149,47,102
2013-08-12,30,6,24
2013-08-12,13,2,11
2013-08-12,0,0,0
2013-08-12,4,2,2
2013-08-12,9,4,5
2013-08-12,12,5,7
2013-08-11,13,11,2
2013-08-11,35,17,18
2013-08-11,53,30,23
2013-08-11,74,33,41
2013-08-11,117,73,44
2013-08-11,144,57,87
2013-08-11,184,83,101
2013-08-11,216,87,129
2013-08-11,215,99,116
2013-08-11,191,93,98
2013-08-11,178,68,110
2013-08-11,213,97,116
2013-08-11,195,75,120
2013-08-11,161,90,71
2013-08-11,137,54,83
2013-08-11,71,29,42
2013-08-11,42,12,30
2013-08-11,17,8,9
2013-08-11,6,0,6
2013-08-11,4,1,3
2013-08-11,0,0,0
2013-08-11,9,6,3
2013-08-11,13,8,5
2013-08-11,27,15,12
2013-08-10,33,18,15
2013-08-10,43,30,13
2013-08-10,37,20,17
2013-08-10,65,37,28
2013-08-10,86,47,39
2013-08-10,120,63,57
2013-08-10,151,61,90
2013-08-10,169,80,89
2013-08-10,194,103,91
2013-08-10,156,72,84
2013-08-10,140,70,70
2013-08-10,127,55,72
2013-08-10,112,43,69
2013-08-10,132,55,77
2013-08-10,93,45,48
2013-08-10,75,35,40
2013-08-10,41,19,22
2013-08-10,35,19,16
2013-08-10,10,3,7
2013-08-10,4,2,2
2013-08-10,3,1,2
2013-08-10,8,4,4
2013-08-10,27,10,17
2013-08-10,36,20,16
2013-08-09,47,34,13
2013-08-09,67,36,31
2013-08-09,80,45,35
2013-08-09,136,80,56
2013-08-09,199,108,91
2013-08-09,356,207,149
2013-08-09,544,367,177
2013-08-09,316,203,113
2013-08-09,204,119,85
2013-08-09,154,87,67
2013-08-09,126,63,63
2013-08-09,141,74,67
2013-08-09,113,54,59
2013-08-09,141,64,77
2013-08-09,284,113,171
2013-08-09,441,134,307
2013-08-09,266,75,191
2013-08-09,135,39,96
2013-08-09,28,5,23
2013-08-09,5,0,5
2013-08-09,3,1,2
2013-08-09,13,3,10
2013-08-09,18,7,11
2013-08-09,16,6,10
2013-08-08,58,23,35
2013-08-08,82,44,38
2013-08-08,95,36,59
2013-08-08,183,99,84
2013-08-08,291,167,124
2013-08-08,500,334,166
2013-08-08,592,413,179
2013-08-08,329,200,129
2013-08-08,147,77,70
2013-08-08,138,63,75
2013-08-08,114,55,59
2013-08-08,122,52,70
2013-08-08,92,47,45
2013-08-08,144,64,80
2013-08-08,295,100,195
2013-08-08,488,145,343
2013-08-08,353,105,248
2013-08-08,166,47,119
2013-08-08,42,8,34
2013-08-08,4,0,4
2013-08-08,6,4,2
2013-08-08,6,3,3
2013-08-08,11,4,7
2013-08-08,17,10,7
2013-08-07,44,24,20
2013-08-07,60,32,28
2013-08-07,122,54,68
2013-08-07,199,108,91
2013-08-07,312,195,117
2013-08-07,512,335,177
2013-08-07,671,473,198
2013-08-07,324,206,118
2013-08-07,177,81,96
2013-08-07,116,51,65
2013-08-07,129,68,61
2013-08-07,118,55,63
2013-08-07,108,49,59
2013-08-07,139,65,74
2013-08-07,344,131,213
2013-08-07,539,162,377
2013-08-07,365,91,274
2013-08-07,171,59,112
2013-08-07,29,8,21
2013-08-07,14,3,11
2013-08-07,2,0,2
2013-08-07,35,2,33
2013-08-07,4,1,3
2013-08-07,22,13,9
2013-08-06,29,17,12
2013-08-06,51,30,21
2013-08-06,104,52,52
2013-08-06,148,64,84
2013-08-06,293,181,112
2013-08-06,525,326,199
2013-08-06,738,517,221
2013-08-06,343,216,127
2013-08-06,164,88,76
2013-08-06,128,74,54
2013-08-06,148,68,80
2013-08-06,109,56,53
2013-08-06,104,44,60
2013-08-06,142,53,89
2013-08-06,329,112,217
2013-08-06,602,185,417
2013-08-06,390,88,302
2013-08-06,175,55,120
2013-08-06,39,10,29
2013-08-06,9,2,7
2013-08-06,3,3,0
2013-08-06,5,2,3
2013-08-06,8,5,3
2013-08-06,16,9,7
2013-08-05,22,14,8
2013-08-05,54,35,19
2013-08-05,93,37,56
2013-08-05,165,83,82
2013-08-05,263,137,126
2013-08-05,519,352,167
2013-08-05,633,427,206
2013-08-05,340,186,154
2013-08-05,182,105,77
2013-08-05,142,80,62
2013-08-05,132,59,73
2013-08-05,102,59,43
2013-08-05,92,39,53
2013-08-05,155,57,98
2013-08-05,322,124,198
2013-08-05,522,155,367
2013-08-05,335,98,237
2013-08-05,156,48,108
2013-08-05,41,11,30
2013-08-05,7,3,4
2013-08-05,3,3,0
2013-08-05,4,4,0
2013-08-05,6,4,2
2013-08-05,22,8,14
2013-08-04,31,23,8
2013-08-04,45,21,24
2013-08-04,68,36,32
2013-08-04,118,45,73
2013-08-04,130,56,74
2013-08-04,147,59,88
2013-08-04,207,95,112
2013-08-04,198,86,112
2013-08-04,216,98,118
2013-08-04,228,111,117
2013-08-04,244,110,134
2013-08-04,177,78,99
2013-08-04,186,90,96
2013-08-04,151,87,64
2013-08-04,105,43,62
2013-08-04,73,21,52
2013-08-04,50,25,25
2013-08-04,18,8,10
2013-08-04,5,0,5
2013-08-04,11,2,9
2013-08-04,3,1,2
2013-08-04,11,9,2
2013-08-04,19,11,8
2013-08-04,25,13,12
2013-08-03,43,23,20
2013-08-03,53,34,19
2013-08-03,77,35,42
2013-08-03,85,37,48
2013-08-03,120,57,63
2013-08-03,161,67,94
2013-08-03,193,77,116
2013-08-03,196,91,105
2013-08-03,218,109,109
2013-08-03,183,81,102
2013-08-03,168,72,96
2013-08-03,176,56,120
2013-08-03,140,53,87
2013-08-03,114,52,62
2013-08-03,108,58,50
2013-08-03,76,30,46
2013-08-03,46,19,27
2013-08-03,24,11,13
2013-08-03,14,6,8
2013-08-03,2,1,1
2013-08-03,10,10,0
2013-08-03,12,10,2
2013-08-03,18,13,5
2013-08-03,20,17,3
2013-08-02,23,14,9
2013-08-02,22,14,8
2013-08-02,43,24,19
2013-08-02,54,34,20
2013-08-02,101,71,30
2013-08-02,249,147,102
2013-08-02,379,245,134
2013-08-02,187,121,66
2013-08-02,91,51,40
2013-08-02,64,42,22
2013-08-02,67,29,38
2013-08-02,57,29,28
2013-08-02,76,33,43
2013-08-02,127,52,75
2013-08-02,258,108,150
2013-08-02,352,113,239
2013-08-02,250,73,177
2013-08-02,109,31,78
2013-08-02,24,9,15
2013-08-02,10,4,6
2013-08-02,2,2,0
2013-08-02,13,8,5
2013-08-02,10,5,5
2013-08-02,11,10,1
2013-08-01,30,19,11
2013-08-01,52,31,21
2013-08-01,96,53,43
2013-08-01,135,77,58
2013-08-01,207,124,83
2013-08-01,403,240,163
2013-08-01,563,389,174
2013-08-01,245,156,89
2013-08-01,151,83,68
2013-08-01,111,56,55
2013-08-01,111,55,56
2013-08-01,97,41,56
2013-08-01,104,47,57
2013-08-01,136,48,88
2013-08-01,300,111,189
2013-08-01,464,138,326
2013-08-01,301,76,225
2013-08-01,129,49,80
2013-08-01,38,8,30
2013-08-01,5,0,5
2013-08-01,4,0,4
2013-08-01,10,6,4
2013-08-01,9,7,2
2013-08-01,18,8,10
2013-07-31,38,24,14
2013-07-31,46,24,22
2013-07-31,106,51,55
2013-07-31,137,74,63
2013-07-31,272,157,115
2013-07-31,465,307,158
2013-07-31,643,428,215
2013-07-31,291,176,115
2013-07-31,147,79,68
2013-07-31,132,71,61
2013-07-31,101,38,63
2013-07-31,98,55,43
2013-07-31,93,40,53
2013-07-31,131,65,66
2013-07-31,319,125,194
2013-07-31,480,158,322
2013-07-31,377,83,294
2013-07-31,164,51,113
2013-07-31,41,10,31
2013-07-31,6,1,5
2013-07-31,3,2,1
2013-07-31,8,5,3
2013-07-31,6,3,3
2013-07-31,18,5,13
2013-07-30,39,26,13
2013-07-30,71,38,33
2013-07-30,98,51,47
2013-07-30,174,91,83
2013-07-30,289,156,133
2013-07-30,527,351,176
2013-07-30,704,504,200
2013-07-30,332,214,118
2013-07-30,192,91,101
2013-07-30,127,72,55
2013-07-30,132,57,75
2013-07-30,96,43,53
2013-07-30,105,40,65
2013-07-30,146,73,73
2013-07-30,318,125,193
2013-07-30,548,175,373
2013-07-30,397,113,284
2013-07-30,165,63,102
2013-07-30,40,10,30
2013-07-30,11,3,8
2013-07-30,5,3,2
2013-07-30,1,0,1
2013-07-30,3,1,2
2013-07-30,20,14,6
2013-07-29,29,16,13
2013-07-29,43,22,21
2013-07-29,91,48,43
2013-07-29,138,78,60
2013-07-29,276,147,129
2013-07-29,490,312,178
2013-07-29,636,440,196
2013-07-29,299,181,118
2013-07-29,156,78,78
2013-07-29,125,73,52
2013-07-29,115,59,56
2013-07-29,90,42,48
2013-07-29,105,43,62
2013-07-29,114,42,72
2013-07-29,328,131,197
2013-07-29,489,154,335
2013-07-29,344,92,252
2013-07-29,142,49,93
2013-07-29,34,10,24
2013-07-29,9,1,8
2013-07-29,1,1,0
2013-07-29,10,6,4
2013-07-29,10,7,3
2013-07-29,14,8,6
2013-07-28,29,23,6
2013-07-28,61,38,23
2013-07-28,52,24,28
2013-07-28,65,32,33
2013-07-28,94,51,43
2013-07-28,150,49,101
2013-07-28,161,72,89
2013-07-28,174,70,104
2013-07-28,192,74,118
2013-07-28,203,95,108
2013-07-28,125,54,71
2013-07-28,132,58,74
2013-07-28,84,38,46
2013-07-28,170,54,116
2013-07-28,92,54,38
2013-07-28,63,35,28
2013-07-28,34,19,15
2013-07-28,18,10,8
2013-07-28,16,5,11
2013-07-28,1,1,0
2013-07-28,5,3,2
2013-07-28,13,11,2
2013-07-28,13,8,5
2013-07-28,33,24,9
2013-07-27,33,26,7
2013-07-27,41,28,13
2013-07-27,78,40,38
2013-07-27,119,64,55
2013-07-27,128,54,74
2013-07-27,133,74,59
2013-07-27,228,120,108
2013-07-27,186,86,100
2013-07-27,188,98,90
2013-07-27,210,110,100
2013-07-27,189,81,108
2013-07-27,187,77,110
2013-07-27,220,83,137
2013-07-27,161,74,87
2013-07-27,129,67,62
2013-07-27,102,41,61
2013-07-27,51,27,24
2013-07-27,32,17,15
2013-07-27,15,3,12
2013-07-27,7,4,3
2013-07-27,10,7,3
2013-07-27,12,6,6
2013-07-27,12,9,3
2013-07-27,30,16,14
2013-07-26,73,38,35
2013-07-26,45,23,22
2013-07-26,89,46,43
2013-07-26,120,70,50
2013-07-26,239,112,127
2013-07-26,343,191,152
2013-07-26,534,390,144
2013-07-26,349,225,124
2013-07-26,194,102,92
2013-07-26,135,77,58
2013-07-26,149,63,86
2013-07-26,112,49,63
2013-07-26,140,72,68
2013-07-26,155,56,99
2013-07-26,295,127,168
2013-07-26,454,147,307
2013-07-26,316,96,220
2013-07-26,126,38,88
2013-07-26,38,10,28
2013-07-26,4,1,3
2013-07-26,4,1,3
2013-07-26,7,5,2
2013-07-26,17,9,8
2013-07-26,25,16,9
2013-07-25,36,25,11
2013-07-25,65,35,30
2013-07-25,114,58,56
2013-07-25,190,90,100
2013-07-25,286,139,147
2013-07-25,547,345,202
2013-07-25,616,445,171
2013-07-25,298,183,115
2013-07-25,158,101,57
2013-07-25,133,58,75
2013-07-25,137,60,77
2013-07-25,116,64,52
2013-07-25,103,49,54
2013-07-25,161,64,97
2013-07-25,331,122,209
2013-07-25,532,182,350
2013-07-25,407,106,301
2013-07-25,147,52,95
2013-07-25,34,10,24
2013-07-25,5,0,5
2013-07-25,5,0,5
2013-07-25,3,1,2
2013-07-25,30,26,4
2013-07-25,19,12,7
2013-07-24,30,14,16
2013-07-24,67,30,37
2013-07-24,113,57,56
2013-07-24,182,101,81
2013-07-24,327,182,145
2013-07-24,528,350,178
2013-07-24,697,483,214
2013-07-24,317,203,114
2013-07-24,191,101,90
2013-07-24,124,67,57
2013-07-24,135,65,70
2013-07-24,124,72,52
2013-07-24,118,46,72
2013-07-24,165,87,78
2013-07-24,348,119,229
2013-07-24,578,198,380
2013-07-24,398,108,290
2013-07-24,172,54,118
2013-07-24,40,6,34
2013-07-24,7,2,5
2013-07-24,3,0,3
2013-07-24,5,0,5
2013-07-24,7,5,2
2013-07-24,18,13,5
2013-07-23,41,28,13
2013-07-23,58,41,17
2013-07-23,105,52,53
2013-07-23,182,89,93
2013-07-23,281,172,109
2013-07-23,585,388,197
2013-07-23,624,434,190
2013-07-23,320,212,108
2013-07-23,167,88,79
2013-07-23,121,60,61
2013-07-23,126,61,65
2013-07-23,129,55,74
2013-07-23,116,45,71
2013-07-23,175,75,100
2013-07-23,357,125,232
2013-07-23,556,166,390
2013-07-23,415,103,312
2013-07-23,159,52,107
2013-07-23,42,14,28
2013-07-23,9,3,6
2013-07-23,4,0,4
2013-07-23,5,1,4
2013-07-23,8,1,7
2013-07-23,19,13,6
2013-07-22,29,19,10
2013-07-22,58,33,25
2013-07-22,96,54,42
2013-07-22,167,92,75
2013-07-22,290,174,116
2013-07-22,482,314,168
2013-07-22,633,434,199
2013-07-22,295,189,106
2013-07-22,181,91,90
2013-07-22,125,57,68
2013-07-22,122,63,59
2013-07-22,102,47,55
2013-07-22,84,36,48
2013-07-22,153,75,78
2013-07-22,329,115,214
2013-07-22,462,143,319
2013-07-22,342,89,253
2013-07-22,153,46,107
2013-07-22,38,15,23
2013-07-22,9,2,7
2013-07-22,3,2,1
2013-07-22,4,3,1
2013-07-22,3,2,1
2013-07-22,14,6,8
2013-07-21,36,16,20
2013-07-21,35,14,21
2013-07-21,75,51,24
2013-07-21,84,34,50
2013-07-21,109,52,57
2013-07-21,184,77,107
2013-07-21,228,124,104
2013-07-21,240,104,136
2013-07-21,239,115,124
2013-07-21,274,127,147
2013-07-21,194,86,108
2013-07-21,186,88,98
2013-07-21,122,50,72
2013-07-21,117,44,73
2013-07-21,91,34,57
2013-07-21,68,39,29
2013-07-21,40,17,23
2013-07-21,12,5,7
2013-07-21,13,6,7
2013-07-21,9,4,5
2013-07-21,9,2,7
2013-07-21,9,7,2
2013-07-21,24,16,8
2013-07-21,27,20,7
2013-07-20,54,26,28
2013-07-20,49,32,17
2013-07-20,74,29,45
2013-07-20,77,36,41
2013-07-20,122,65,57
2013-07-20,162,75,87
2013-07-20,199,95,104
2013-07-20,233,123,110
2013-07-20,229,119,110
2013-07-20,200,89,111
2013-07-20,200,83,117
2013-07-20,188,56,132
2013-07-20,160,65,95
2013-07-20,115,39,76
2013-07-20,156,69,87
2013-07-20,93,38,55
2013-07-20,75,40,35
2013-07-20,38,16,22
2013-07-20,15,2,13
2013-07-20,9,3,6
2013-07-20,7,5,2
2013-07-20,11,5,6
2013-07-20,16,9,7
2013-07-20,29,14,15
2013-07-19,43,23,20
2013-07-19,66,45,21
2013-07-19,115,52,63
2013-07-19,128,85,43
2013-07-19,198,128,70
2013-07-19,357,222,135
2013-07-19,520,325,195
2013-07-19,312,177,135
2013-07-19,237,140,97
2013-07-19,149,74,75
2013-07-19,127,49,78
2013-07-19,133,70,63
2013-07-19,105,51,54
2013-07-19,166,64,102
2013-07-19,250,89,161
2013-07-19,463,151,312
2013-07-19,315,92,223
2013-07-19,147,60,87
2013-07-19,28,10,18
2013-07-19,9,3,6
2013-07-19,3,0,3
2013-07-19,6,4,2
2013-07-19,14,7,7
2013-07-19,24,12,12
2013-07-18,53,32,21
2013-07-18,71,36,35
2013-07-18,113,50,63
2013-07-18,193,109,84
2013-07-18,286,146,140
2013-07-18,475,288,187
2013-07-18,623,429,194
2013-07-18,306,185,121
2013-07-18,181,97,84
2013-07-18,141,68,73
2013-07-18,139,67,72
2013-07-18,110,44,66
2013-07-18,100,36,64
2013-07-18,128,57,71
2013-07-18,333,120,213
2013-07-18,510,174,336
2013-07-18,392,108,284
2013-07-18,162,49,113
2013-07-18,33,12,21
2013-07-18,7,3,4
2013-07-18,3,2,1
2013-07-18,3,3,0
2013-07-18,8,2,6
2013-07-18,16,6,10
2013-07-17,47,31,16
2013-07-17,65,32,33
2013-07-17,104,49,55
2013-07-17,153,85,68
2013-07-17,284,164,120
2013-07-17,474,313,161
2013-07-17,592,412,180
2013-07-17,288,178,110
2013-07-17,179,91,88
2013-07-17,105,61,44
2013-07-17,121,69,52
2013-07-17,106,41,65
2013-07-17,93,38,55
2013-07-17,127,53,74
2013-07-17,319,115,204
2013-07-17,523,163,360
2013-07-17,362,102,260
2013-07-17,162,54,108
2013-07-17,31,7,24
2013-07-17,9,1,8
2013-07-17,2,0,2
2013-07-17,11,2,9
2013-07-17,2,2,0
2013-07-17,12,6,6
2013-07-16,30,16,14
2013-07-16,62,34,28
2013-07-16,106,51,55
2013-07-16,155,85,70
2013-07-16,267,157,110
2013-07-16,488,311,177
2013-07-16,703,481,222
2013-07-16,323,216,107
2013-07-16,180,93,87
2013-07-16,123,59,64
2013-07-16,143,80,63
2013-07-16,112,51,61
2013-07-16,89,46,43
2013-07-16,169,73,96
2013-07-16,321,130,191
2013-07-16,613,193,420
2013-07-16,442,110,332
2013-07-16,179,66,113
2013-07-16,54,12,42
2013-07-16,13,4,9
2013-07-16,4,1,3
2013-07-16,2,2,0
2013-07-16,5,3,2
2013-07-16,10,5,5
2013-07-15,30,16,14
2013-07-15,73,49,24
2013-07-15,106,48,58
2013-07-15,160,84,76
2013-07-15,277,164,113
2013-07-15,536,345,191
2013-07-15,649,453,196
2013-07-15,300,196,104
2013-07-15,175,83,92
2013-07-15,133,67,66
2013-07-15,127,60,67
2013-07-15,116,50,66
2013-07-15,110,46,64
2013-07-15,154,65,89
2013-07-15,328,129,199
2013-07-15,537,166,371
2013-07-15,382,106,276
2013-07-15,152,55,97
2013-07-15,40,10,30
2013-07-15,7,2,5
2013-07-15,5,2,3
2013-07-15,5,4,1
2013-07-15,3,1,2
2013-07-15,13,10,3
2013-07-14,12,7,5
2013-07-14,38,20,18
2013-07-14,59,30,29
2013-07-14,129,48,81
2013-07-14,136,56,80
2013-07-14,161,53,108
2013-07-14,219,93,126
2013-07-14,222,100,122
2013-07-14,248,111,137
2013-07-14,230,122,108
2013-07-14,242,110,132
2013-07-14,204,93,111
2013-07-14,188,87,101
2013-07-14,188,82,106
2013-07-14,131,47,84
2013-07-14,68,29,39
2013-07-14,53,22,31
2013-07-14,18,7,11
2013-07-14,11,2,9
2013-07-14,4,2,2
2013-07-14,5,2,3
2013-07-14,14,11,3
2013-07-14,18,11,7
2013-07-14,42,31,11
2013-07-13,52,31,21
2013-07-13,70,40,30
2013-07-13,76,42,34
2013-07-13,99,55,44
2013-07-13,89,47,42
2013-07-13,169,69,100
2013-07-13,162,78,84
2013-07-13,179,76,103
2013-07-13,236,116,120
2013-07-13,224,110,114
2013-07-13,221,90,131
2013-07-13,207,93,114
2013-07-13,181,83,98
2013-07-13,178,76,102
2013-07-13,161,71,90
2013-07-13,102,40,62
2013-07-13,57,23,34
2013-07-13,70,46,24
2013-07-13,53,36,17
2013-07-13,44,30,14
2013-07-13,15,7,8
2013-07-13,15,13,2
2013-07-13,13,6,7
2013-07-13,25,10,15
2013-07-12,40,20,20
2013-07-12,64,43,21
2013-07-12,88,42,46
2013-07-12,125,74,51
2013-07-12,180,101,79
2013-07-12,328,205,123
2013-07-12,520,351,169
2013-07-12,310,200,110
2013-07-12,190,114,76
2013-07-12,144,73,71
2013-07-12,99,40,59
2013-07-12,110,53,57
2013-07-12,83,33,50
2013-07-12,167,86,81
2013-07-12,283,107,176
2013-07-12,438,133,305
2013-07-12,316,108,208
2013-07-12,138,46,92
2013-07-12,30,7,23
2013-07-12,4,2,2
2013-07-12,3,2,1
2013-07-12,8,5,3
2013-07-12,13,6,7
2013-07-12,15,7,8
2013-07-11,46,32,14
2013-07-11,60,29,31
2013-07-11,89,45,44
2013-07-11,163,88,75
2013-07-11,239,145,94
2013-07-11,466,309,157
2013-07-11,587,410,177
2013-07-11,323,190,133
2013-07-11,159,66,93
2013-07-11,138,68,70
2013-07-11,115,56,59
2013-07-11,137,55,82
2013-07-11,107,50,57
2013-07-11,132,51,81
2013-07-11,292,100,192
2013-07-11,483,167,316
2013-07-11,333,93,240
2013-07-11,150,48,102
2013-07-11,36,11,25
2013-07-11,7,4,3
2013-07-11,0,0,0
2013-07-11,6,4,2
2013-07-11,11,5,6
2013-07-11,21,9,12
2013-07-10,34,18,16
2013-07-10,55,33,22
2013-07-10,105,49,56
2013-07-10,155,82,73
2013-07-10,312,186,126
2013-07-10,514,346,168
2013-07-10,692,488,204
2013-07-10,342,218,124
2013-07-10,182,92,90
2013-07-10,131,61,70
2013-07-10,139,79,60
2013-07-10,121,42,79
2013-07-10,97,49,48
2013-07-10,133,53,80
2013-07-10,350,135,215
2013-07-10,546,162,384
2013-07-10,402,102,300
2013-07-10,185,58,127
2013-07-10,50,13,37
2013-07-10,7,2,5
2013-07-10,6,3,3
2013-07-10,10,5,5
2013-07-10,9,6,3
2013-07-10,30,21,9
2013-07-09,42,22,20
2013-07-09,81,44,37
2013-07-09,132,72,60
2013-07-09,185,102,83
2013-07-09,304,197,107
2013-07-09,548,373,175
2013-07-09,713,497,216
2013-07-09,342,220,122
2013-07-09,151,76,75
2013-07-09,134,62,72
2013-07-09,150,74,76
2013-07-09,114,49,65
2013-07-09,130,60,70
2013-07-09,153,57,96
2013-07-09,319,117,202
2013-07-09,573,154,419
2013-07-09,452,110,342
2013-07-09,205,69,136
2013-07-09,41,10,31
2013-07-09,9,3,6
2013-07-09,1,0,1
2013-07-09,6,3,3
2013-07-09,9,7,2
2013-07-09,22,13,9
2013-07-08,30,20,10
2013-07-08,52,25,27
2013-07-08,87,40,47
2013-07-08,165,83,82
2013-07-08,271,166,105
2013-07-08,523,339,184
2013-07-08,662,475,187
2013-07-08,326,201,125
2013-07-08,170,100,70
2013-07-08,134,68,66
2013-07-08,137,61,76
2013-07-08,98,48,50
2013-07-08,87,42,45
2013-07-08,108,33,75
2013-07-08,324,110,214
2013-07-08,493,153,340
2013-07-08,423,103,320
2013-07-08,167,52,115
2013-07-08,39,11,28
2013-07-08,9,3,6
2013-07-08,4,3,1
2013-07-08,4,3,1
2013-07-08,11,10,1
2013-07-08,23,18,5
2013-07-07,21,11,10
2013-07-07,42,20,22
2013-07-07,66,29,37
2013-07-07,99,31,68
2013-07-07,135,63,72
2013-07-07,168,74,94
2013-07-07,218,111,107
2013-07-07,234,112,122
2013-07-07,256,101,155
2013-07-07,249,115,134
2013-07-07,238,124,114
2013-07-07,199,99,100
2013-07-07,178,70,108
2013-07-07,142,67,75
2013-07-07,110,37,73
2013-07-07,76,44,32
2013-07-07,44,18,26
2013-07-07,22,12,10
2013-07-07,11,4,7
2013-07-07,6,3,3
2013-07-07,3,1,2
2013-07-07,10,6,4
2013-07-07,19,10,9
2013-07-07,49,19,30
2013-07-06,103,71,32
2013-07-06,87,48,39
2013-07-06,84,45,39
2013-07-06,120,61,59
2013-07-06,111,54,57
2013-07-06,178,83,95
2013-07-06,245,112,133
2013-07-06,246,111,135
2013-07-06,216,105,111
2013-07-06,257,109,148
2013-07-06,236,105,131
2013-07-06,210,85,125
2013-07-06,203,80,123
2013-07-06,162,75,87
2013-07-06,161,68,93
2013-07-06,115,52,63
2013-07-06,72,32,40
2013-07-06,39,23,16
2013-07-06,15,4,11
2013-07-06,8,2,6
2013-07-06,9,5,4
2013-07-06,5,1,4
2013-07-06,9,3,6
2013-07-06,31,12,19
2013-07-05,36,18,18
2013-07-05,64,36,28
2013-07-05,68,28,40
2013-07-05,90,47,43
2013-07-05,182,107,75
2013-07-05,238,129,109
2013-07-05,301,196,105
2013-07-05,265,156,109
2013-07-05,182,103,79
2013-07-05,197,113,84
2013-07-05,154,68,86
2013-07-05,169,61,108
2013-07-05,142,70,72
2013-07-05,143,58,85
2013-07-05,196,72,124
2013-07-05,199,70,129
2013-07-05,189,62,127
2013-07-05,74,31,43
2013-07-05,17,8,9
2013-07-05,8,2,6
2013-07-05,3,2,1
2013-07-05,12,9,3
2013-07-05,35,23,12
2013-07-05,124,81,43
2013-07-04,392,248,144
2013-07-04,98,41,57
2013-07-04,186,78,108
2013-07-04,224,118,106
2013-07-04,242,109,133
2013-07-04,247,145,102
2013-07-04,286,148,138
2013-07-04,266,141,125
2013-07-04,279,155,124
2013-07-04,272,135,137
2013-07-04,236,123,113
2013-07-04,191,91,100
2013-07-04,198,102,96
2013-07-04,171,67,104
2013-07-04,137,76,61
2013-07-04,108,66,42
2013-07-04,59,17,42
2013-07-04,32,13,19
2013-07-04,17,3,14
2013-07-04,4,1,3
2013-07-04,6,5,1
2013-07-04,61,7,54
2013-07-04,14,8,6
2013-07-04,23,14,9
2013-07-03,47,27,20
2013-07-03,86,36,50
2013-07-03,107,55,52
2013-07-03,143,70,73
2013-07-03,190,113,77
2013-07-03,404,241,163
2013-07-03,580,401,179
2013-07-03,394,259,135
2013-07-03,235,140,95
2013-07-03,162,79,83
2013-07-03,112,54,58
2013-07-03,104,50,54
2013-07-03,90,39,51
2013-07-03,143,61,82
2013-07-03,331,132,199
2013-07-03,519,161,358
2013-07-03,366,99,267
2013-07-03,164,56,108
2013-07-03,33,9,24
2013-07-03,10,4,6
2013-07-03,2,2,0
2013-07-03,5,2,3
2013-07-03,8,6,2
2013-07-03,20,10,10
2013-07-02,40,18,22
2013-07-02,71,27,44
2013-07-02,135,61,74
2013-07-02,182,96,86
2013-07-02,275,164,111
2013-07-02,554,336,218
2013-07-02,672,488,184
2013-07-02,332,209,123
2013-07-02,170,99,71
2013-07-02,136,75,61
2013-07-02,139,78,61
2013-07-02,129,61,68
2013-07-02,116,46,70
2013-07-02,136,52,84
2013-07-02,295,115,180
2013-07-02,596,172,424
2013-07-02,444,96,348
2013-07-02,183,60,123
2013-07-02,45,12,33
2013-07-02,12,4,8
2013-07-02,1,1,0
2013-07-02,7,5,2
2013-07-02,11,9,2
2013-07-02,15,11,4
2013-07-01,24,16,8
2013-07-01,67,29,38
2013-07-01,109,49,60
2013-07-01,147,70,77
2013-07-01,261,148,113
2013-07-01,474,310,164
2013-07-01,610,442,168
2013-07-01,307,188,119
2013-07-01,141,74,67
2013-07-01,102,42,60
2013-07-01,107,56,51
2013-07-01,109,41,68
2013-07-01,109,50,59
2013-07-01,160,61,99
2013-07-01,282,96,186
2013-07-01,531,162,369
2013-07-01,413,119,294
2013-07-01,173,56,117
2013-07-01,41,11,30
2013-07-01,10,3,7
2013-07-01,2,2,0
2013-07-01,3,0,3
2013-07-01,9,7,2
2013-07-01,16,9,7
2013-06-30,25,13,12
2013-06-30,44,27,17
2013-06-30,89,37,52
2013-06-30,97,46,51
2013-06-30,121,52,69
2013-06-30,157,75,82
2013-06-30,148,79,69
2013-06-30,205,97,108
2013-06-30,233,121,112
2013-06-30,251,133,118
2013-06-30,256,115,141
2013-06-30,208,96,112
2013-06-30,279,100,179
2013-06-30,236,86,150
2013-06-30,151,58,93
2013-06-30,85,37,48
2013-06-30,52,27,25
2013-06-30,29,15,14
2013-06-30,13,4,9
2013-06-30,9,4,5
2013-06-30,5,4,1
2013-06-30,16,11,5
2013-06-30,12,7,5
2013-06-30,25,14,11
2013-06-29,42,21,21
2013-06-29,51,31,20
2013-06-29,88,45,43
2013-06-29,102,47,55
2013-06-29,143,65,78
2013-06-29,158,85,73
2013-06-29,181,85,96
2013-06-29,187,83,104
2013-06-29,207,111,96
2013-06-29,238,94,144
2013-06-29,208,87,121
2013-06-29,192,104,88
2013-06-29,222,87,135
2013-06-29,202,102,100
2013-06-29,157,71,86
2013-06-29,118,57,61
2013-06-29,89,43,46
2013-06-29,52,30,22
2013-06-29,18,5,13
2013-06-29,6,3,3
2013-06-29,10,1,9
2013-06-29,16,8,8
2013-06-29,14,6,8
2013-06-29,31,21,10
2013-06-28,33,18,15
2013-06-28,51,20,31
2013-06-28,87,42,45
2013-06-28,127,72,55
2013-06-28,239,146,93
2013-06-28,345,217,128
2013-06-28,588,393,195
2013-06-28,357,244,113
2013-06-28,239,129,110
2013-06-28,156,83,73
2013-06-28,132,52,80
2013-06-28,151,66,85
2013-06-28,112,43,69
2013-06-28,168,71,97
2013-06-28,268,100,168
2013-06-28,475,128,347
2013-06-28,349,102,247
2013-06-28,157,49,108
2013-06-28,30,12,18
2013-06-28,2,1,1
2013-06-28,1,0,1
2013-06-28,4,2,2
2013-06-28,6,5,1
2013-06-28,22,9,13
2013-06-27,23,16,7
2013-06-27,47,21,26
2013-06-27,69,35,34
2013-06-27,102,51,51
2013-06-27,161,83,78
2013-06-27,349,218,131
2013-06-27,455,325,130
2013-06-27,249,160,89
2013-06-27,146,82,64
2013-06-27,93,40,53
2013-06-27,71,22,49
2013-06-27,76,33,43
2013-06-27,54,20,34
2013-06-27,65,22,43
2013-06-27,209,77,132
2013-06-27,341,106,235
2013-06-27,243,60,183
2013-06-27,100,29,71
2013-06-27,31,12,19
2013-06-27,4,2,2
2013-06-27,1,0,1
2013-06-27,12,5,7
2013-06-27,8,4,4
2013-06-27,19,6,13
2013-06-26,20,13,7
2013-06-26,60,20,40
2013-06-26,85,49,36
2013-06-26,131,63,68
2013-06-26,203,125,78
2013-06-26,350,226,124
2013-06-26,422,286,136
2013-06-26,215,145,70
2013-06-26,115,61,54
2013-06-26,54,25,29
2013-06-26,64,32,32
2013-06-26,73,32,41
2013-06-26,84,47,37
2013-06-26,89,32,57
2013-06-26,224,95,129
2013-06-26,326,109,217
2013-06-26,238,55,183
2013-06-26,104,36,68
2013-06-26,21,6,15
2013-06-26,7,4,3
2013-06-26,0,0,0
2013-06-26,4,2,2
2013-06-26,4,3,1
2013-06-26,11,8,3
2013-06-25,16,8,8
2013-06-25,18,10,8
2013-06-25,47,22,25
2013-06-25,48,33,15
2013-06-25,124,70,54
2013-06-25,247,171,76
2013-06-25,424,303,121
2013-06-25,232,144,88
2013-06-25,144,71,73
2013-06-25,107,43,64
2013-06-25,100,37,63
2013-06-25,71,22,49
2013-06-25,93,37,56
2013-06-25,110,51,59
2013-06-25,209,78,131
2013-06-25,263,85,178
2013-06-25,220,52,168
2013-06-25,118,34,84
2013-06-25,26,8,18
2013-06-25,6,3,3
2013-06-25,0,0,0
2013-06-25,7,2,5
2013-06-25,8,5,3
2013-06-25,11,7,4
2013-06-24,12,5,7
2013-06-24,41,21,20
2013-06-24,57,25,32
2013-06-24,104,47,57
2013-06-24,207,120,87
2013-06-24,306,183,123
2013-06-24,366,250,116
2013-06-24,177,114,63
2013-06-24,97,61,36
2013-06-24,73,30,43
2013-06-24,63,25,38
2013-06-24,81,31,50
2013-06-24,48,25,23
2013-06-24,69,25,44
2013-06-24,180,62,118
2013-06-24,244,84,160
2013-06-24,177,45,132
2013-06-24,79,23,56
2013-06-24,33,5,28
2013-06-24,7,1,6
2013-06-24,3,1,2
2013-06-24,2,0,2
2013-06-24,0,0,0
2013-06-24,6,2,4
2013-06-23,7,7,0
2013-06-23,20,10,10
2013-06-23,22,13,9
2013-06-23,37,21,16
2013-06-23,52,22,30
2013-06-23,122,51,71
2013-06-23,114,57,57
2013-06-23,136,58,78
2013-06-23,116,45,71
2013-06-23,120,54,66
2013-06-23,154,85,69
2013-06-23,114,41,73
2013-06-23,123,56,67
2013-06-23,140,51,89
2013-06-23,111,46,65
2013-06-23,47,20,27
2013-06-23,25,10,15
2013-06-23,35,10,25
2013-06-23,10,2,8
2013-06-23,19,10,9
2013-06-23,7,4,3
2013-06-23,28,20,8
2013-06-23,35,9,26
2013-06-23,50,30,20
2013-06-22,81,27,54
2013-06-22,110,38,72
2013-06-22,159,65,94
2013-06-22,189,116,73
2013-06-22,185,91,94
2013-06-22,240,124,116
2013-06-22,180,118,62
2013-06-22,61,32,29
2013-06-22,76,37,39
2013-06-22,269,164,105
2013-06-22,317,180,137
2013-06-22,313,172,141
2013-06-22,232,114,118
2013-06-22,230,109,121
2013-06-22,175,85,90
2013-06-22,117,49,68
2013-06-22,76,38,38
2013-06-22,46,15,31
2013-06-22,13,3,10
2013-06-22,5,2,3
2013-06-22,9,4,5
2013-06-22,10,6,4
2013-06-22,19,10,9
2013-06-22,31,18,13
2013-06-21,38,18,20
2013-06-21,57,21,36
2013-06-21,94,45,49
2013-06-21,104,41,63
2013-06-21,170,93,77
2013-06-21,296,189,107
2013-06-21,424,287,137
2013-06-21,263,172,91
2013-06-21,154,98,56
2013-06-21,110,56,54
2013-06-21,130,58,72
2013-06-21,82,41,41
2013-06-21,82,39,43
2013-06-21,115,45,70
2013-06-21,214,73,141
2013-06-21,319,96,223
2013-06-21,210,62,148
2013-06-21,97,30,67
2013-06-21,19,4,15
2013-06-21,1,0,1
2013-06-21,3,3,0
2013-06-21,2,2,0
2013-06-21,1,0,1
2013-06-21,25,9,16
2013-06-20,17,7,10
2013-06-20,21,10,11
2013-06-20,39,20,19
2013-06-20,77,60,17
2013-06-20,121,72,49
2013-06-20,273,185,88
2013-06-20,357,269,88
2013-06-20,140,101,39
2013-06-20,88,44,44
2013-06-20,60,26,34
2013-06-20,44,24,20
2013-06-20,56,24,32
2013-06-20,70,31,39
2013-06-20,87,38,49
2013-06-20,209,78,131
2013-06-20,374,121,253
2013-06-20,264,74,190
2013-06-20,111,38,73
2013-06-20,33,11,22
2013-06-20,6,2,4
2013-06-20,2,0,2
2013-06-20,8,5,3
2013-06-20,2,2,0
2013-06-20,12,8,4
2013-06-19,28,18,10
2013-06-19,42,22,20
2013-06-19,81,49,32
2013-06-19,108,60,48
2013-06-19,201,108,93
2013-06-19,424,272,152
2013-06-19,529,365,164
2013-06-19,266,166,100
2013-06-19,160,101,59
2013-06-19,120,62,58
2013-06-19,102,51,51
2013-06-19,96,41,55
2013-06-19,99,43,56
2013-06-19,123,47,76
2013-06-19,262,85,177
2013-06-19,458,142,316
2013-06-19,345,83,262
2013-06-19,133,53,80
2013-06-19,41,13,28
2013-06-19,4,2,2
2013-06-19,4,3,1
2013-06-19,4,0,4
2013-06-19,3,2,1
2013-06-19,22,14,8
2013-06-18,32,18,14
2013-06-18,89,63,26
2013-06-18,112,62,50
2013-06-18,159,84,75
2013-06-18,259,149,110
2013-06-18,531,355,176
2013-06-18,688,459,229
2013-06-18,336,207,129
2013-06-18,182,100,82
2013-06-18,143,56,87
2013-06-18,109,55,54
2013-06-18,113,52,61
2013-06-18,117,56,61
2013-06-18,118,56,62
2013-06-18,311,115,196
2013-06-18,537,160,377
2013-06-18,434,123,311
2013-06-18,171,58,113
2013-06-18,44,13,31
2013-06-18,5,3,2
2013-06-18,2,0,2
2013-06-18,7,1,6
2013-06-18,9,7,2
2013-06-18,18,8,10
2013-06-17,23,12,11
2013-06-17,51,32,19
2013-06-17,101,45,56
2013-06-17,191,102,89
2013-06-17,257,160,97
2013-06-17,526,313,213
2013-06-17,635,456,179
2013-06-17,324,200,124
2013-06-17,168,89,79
2013-06-17,114,49,65
2013-06-17,108,54,54
2013-06-17,128,51,77
2013-06-17,107,34,73
2013-06-17,132,54,78
2013-06-17,290,118,172
2013-06-17,514,153,361
2013-06-17,353,96,257
2013-06-17,160,49,111
2013-06-17,37,12,25
2013-06-17,7,2,5
2013-06-17,1,1,0
2013-06-17,4,2,2
2013-06-17,5,4,1
2013-06-17,16,11,5
2013-06-16,23,15,8
2013-06-16,44,22,22
2013-06-16,44,23,21
2013-06-16,80,35,45
2013-06-16,85,26,59
2013-06-16,127,52,75
2013-06-16,174,85,89
2013-06-16,194,74,120
2013-06-16,218,110,108
2013-06-16,214,80,134
2013-06-16,198,85,113
2013-06-16,233,94,139
2013-06-16,186,83,103
2013-06-16,137,58,79
2013-06-16,119,48,71
2013-06-16,68,24,44
2013-06-16,55,20,35
2013-06-16,22,13,9
2013-06-16,5,0,5
2013-06-16,5,2,3
2013-06-16,11,7,4
2013-06-16,11,3,8
2013-06-16,21,14,7
2013-06-16,28,13,15
2013-06-15,38,17,21
2013-06-15,45,25,20
2013-06-15,57,27,30
2013-06-15,79,30,49
2013-06-15,117,51,66
2013-06-15,141,56,85
2013-06-15,188,64,124
2013-06-15,202,98,104
2013-06-15,221,103,118
2013-06-15,220,98,122
2013-06-15,219,116,103
2013-06-15,194,88,106
2013-06-15,204,75,129
2013-06-15,171,61,110
2013-06-15,183,84,99
2013-06-15,98,47,51
2013-06-15,69,28,41
2013-06-15,48,24,24
2013-06-15,14,5,9
2013-06-15,5,3,2
2013-06-15,4,2,2
2013-06-15,9,2,7
2013-06-15,14,5,9
2013-06-15,16,11,5
2013-06-14,28,13,15
2013-06-14,47,16,31
2013-06-14,68,27,41
2013-06-14,138,66,72
2013-06-14,148,84,64
2013-06-14,342,222,120
2013-06-14,516,356,160
2013-06-14,296,174,122
2013-06-14,181,108,73
2013-06-14,113,69,44
2013-06-14,108,69,39
2013-06-14,85,35,50
2013-06-14,43,15,28
2013-06-14,,,
2013-06-14,,,
2013-06-14,254,94,160
2013-06-14,417,112,305
2013-06-14,314,89,225
2013-06-14,154,51,103
2013-06-14,33,13,20
2013-06-14,6,1,5
2013-06-14,1,0,1
2013-06-14,14,7,7
2013-06-14,16,11,5
2013-06-13,32,20,12
2013-06-13,71,39,32
2013-06-13,103,52,51
2013-06-13,147,87,60
2013-06-13,230,127,103
2013-06-13,488,277,211
2013-06-13,588,395,193
2013-06-13,279,173,106
2013-06-13,136,78,58
2013-06-13,122,56,66
2013-06-13,118,62,56
2013-06-13,78,34,44
2013-06-13,93,43,50
2013-06-13,123,50,73
2013-06-13,268,100,168
2013-06-13,485,151,334
2013-06-13,343,84,259
2013-06-13,133,49,84
2013-06-13,36,10,26
2013-06-13,8,3,5
2013-06-13,2,2,0
2013-06-13,10,5,5
2013-06-13,5,1,4
2013-06-13,17,6,11
2013-06-12,30,20,10
2013-06-12,50,22,28
2013-06-12,98,49,49
2013-06-12,136,82,54
2013-06-12,219,132,87
2013-06-12,514,317,197
2013-06-12,601,396,205
2013-06-12,298,182,116
2013-06-12,169,90,79
2013-06-12,108,54,54
2013-06-12,112,51,61
2013-06-12,104,46,58
2013-06-12,123,63,60
2013-06-12,130,54,76
2013-06-12,299,112,187
2013-06-12,458,141,317
2013-06-12,350,93,257
2013-06-12,141,39,102
2013-06-12,33,10,23
2013-06-12,6,3,3
2013-06-12,4,2,2
2013-06-12,5,0,5
2013-06-12,4,1,3
2013-06-12,13,8,5
2013-06-11,28,17,11
2013-06-11,58,40,18
2013-06-11,102,44,58
2013-06-11,118,61,57
2013-06-11,216,132,84
2013-06-11,423,272,151
2013-06-11,561,376,185
2013-06-11,279,172,107
2013-06-11,135,80,55
2013-06-11,65,32,33
2013-06-11,67,35,32
2013-06-11,66,29,37
2013-06-11,57,25,32
2013-06-11,125,50,75
2013-06-11,272,86,186
2013-06-11,485,152,333
2013-06-11,384,108,276
2013-06-11,149,47,102
2013-06-11,43,11,32
2013-06-11,12,6,6
2013-06-11,4,1,3
2013-06-11,11,6,5
2013-06-11,4,2,2
2013-06-11,14,11,3
2013-06-10,36,18,18
2013-06-10,61,31,30
2013-06-10,98,38,60
2013-06-10,136,63,73
2013-06-10,235,147,88
2013-06-10,545,353,192
2013-06-10,654,465,189
2013-06-10,353,206,147
2013-06-10,190,115,75
2013-06-10,114,56,58
2013-06-10,139,61,78
2013-06-10,103,58,45
2013-06-10,83,33,50
2013-06-10,114,43,71
2013-06-10,291,95,196
2013-06-10,557,168,389
2013-06-10,411,112,299
2013-06-10,166,54,112
2013-06-10,52,21,31
2013-06-10,8,4,4
2013-06-10,3,3,0
2013-06-10,5,2,3
2013-06-10,6,1,5
2013-06-10,9,7,2
2013-06-09,26,12,14
2013-06-09,28,14,14
2013-06-09,31,13,18
2013-06-09,53,18,35
2013-06-09,95,45,50
2013-06-09,114,51,63
2013-06-09,175,77,98
2013-06-09,209,88,121
2013-06-09,233,89,144
2013-06-09,180,80,100
2013-06-09,228,110,118
2013-06-09,143,68,75
2013-06-09,139,54,85
2013-06-09,151,47,104
2013-06-09,93,43,50
2013-06-09,79,39,40
2013-06-09,25,11,14
2013-06-09,18,9,9
2013-06-09,5,1,4
2013-06-09,5,3,2
2013-06-09,6,2,4
2013-06-09,9,3,6
2013-06-09,10,7,3
2013-06-09,26,14,12
2013-06-08,52,31,21
2013-06-08,75,39,36
2013-06-08,65,26,39
2013-06-08,62,27,35
2013-06-08,122,44,78
2013-06-08,162,79,83
2013-06-08,184,95,89
2013-06-08,175,84,91
2013-06-08,179,66,113
2013-06-08,177,79,98
2013-06-08,186,98,88
2013-06-08,131,69,62
2013-06-08,140,61,79
2013-06-08,134,59,75
2013-06-08,115,44,71
2013-06-08,84,33,51
2013-06-08,42,15,27
2013-06-08,24,14,10
2013-06-08,5,2,3
2013-06-08,3,2,1
2013-06-08,5,0,5
2013-06-08,7,3,4
2013-06-08,19,11,8
2013-06-08,31,24,7
2013-06-07,48,26,22
2013-06-07,45,24,21
2013-06-07,83,46,37
2013-06-07,113,76,37
2013-06-07,156,94,62
2013-06-07,450,280,170
2013-06-07,423,295,128
2013-06-07,327,200,127
2013-06-07,123,64,59
2013-06-07,132,67,65
2013-06-07,116,60,56
2013-06-07,110,51,59
2013-06-07,98,45,53
2013-06-07,120,54,66
2013-06-07,280,86,194
2013-06-07,497,152,345
2013-06-07,325,93,232
2013-06-07,158,49,109
2013-06-07,37,11,26
2013-06-07,6,2,4
2013-06-07,3,3,0
2013-06-07,4,1,3
2013-06-07,7,5,2
2013-06-07,15,8,7
2013-06-06,43,35,8
2013-06-06,106,31,75
2013-06-06,95,44,51
2013-06-06,145,83,62
2013-06-06,297,177,120
2013-06-06,494,310,184
2013-06-06,682,468,214
2013-06-06,367,231,136
2013-06-06,155,80,75
2013-06-06,137,74,63
2013-06-06,158,84,74
2013-06-06,116,47,69
2013-06-06,103,40,63
2013-06-06,140,62,78
2013-06-06,326,113,213
2013-06-06,578,194,384
2013-06-06,424,129,295
2013-06-06,184,62,122
2013-06-06,50,12,38
2013-06-06,7,2,5
2013-06-06,2,1,1
2013-06-06,9,2,7
2013-06-06,10,4,6
2013-06-06,11,5,6
2013-06-05,34,21,13
2013-06-05,86,30,56
2013-06-05,104,51,53
2013-06-05,189,113,76
2013-06-05,301,181,120
2013-06-05,579,364,215
2013-06-05,753,498,255
2013-06-05,366,222,144
2013-06-05,213,110,103
2013-06-05,167,82,85
2013-06-05,128,68,60
2013-06-05,132,61,71
2013-06-05,119,58,61
2013-06-05,155,67,88
2013-06-05,376,131,245
2013-06-05,579,190,389
2013-06-05,445,123,322
2013-06-05,208,60,148
2013-06-05,46,15,31
2013-06-05,11,1,10
2013-06-05,4,1,3
2013-06-05,11,3,8
2013-06-05,10,5,5
2013-06-05,22,11,11
2013-06-04,36,20,16
2013-06-04,69,35,34
2013-06-04,154,71,83
2013-06-04,190,98,92
2013-06-04,323,175,148
2013-06-04,632,400,232
2013-06-04,770,532,238
2013-06-04,382,236,146
2013-06-04,185,95,90
2013-06-04,134,80,54
2013-06-04,141,62,79
2013-06-04,140,61,79
2013-06-04,106,39,67
2013-06-04,135,64,71
2013-06-04,343,99,244
2013-06-04,601,173,428
2013-06-04,498,138,360
2013-06-04,205,60,145
2013-06-04,48,12,36
2013-06-04,8,3,5
2013-06-04,2,1,1
2013-06-04,2,0,2
2013-06-04,8,5,3
2013-06-04,9,7,2
2013-06-03,25,19,6
2013-06-03,59,35,24
2013-06-03,122,48,74
2013-06-03,144,74,70
2013-06-03,249,153,96
2013-06-03,560,348,212
2013-06-03,670,457,213
2013-06-03,325,200,125
2013-06-03,187,104,83
2013-06-03,120,53,67
2013-06-03,99,43,56
2013-06-03,87,43,44
2013-06-03,81,29,52
2013-06-03,111,51,60
2013-06-03,267,91,176
2013-06-03,520,167,353
2013-06-03,409,106,303
2013-06-03,176,51,125
2013-06-03,38,13,25
2013-06-03,5,2,3
2013-06-03,3,0,3
2013-06-03,3,1,2
2013-06-03,9,5,4
2013-06-03,23,13,10
2013-06-02,32,21,11
2013-06-02,36,17,19
2013-06-02,64,18,46
2013-06-02,90,32,58
2013-06-02,98,39,59
2013-06-02,200,87,113
2013-06-02,201,83,118
2013-06-02,233,105,128
2013-06-02,247,118,129
2013-06-02,292,125,167
2013-06-02,224,93,131
2013-06-02,263,114,149
2013-06-02,213,79,134
2013-06-02,166,69,97
2013-06-02,128,43,85
2013-06-02,76,22,54
2013-06-02,27,9,18
2013-06-02,11,4,7
2013-06-02,7,1,6
2013-06-02,8,2,6
2013-06-02,2,0,2
2013-06-02,13,9,4
2013-06-02,22,9,13
2013-06-02,23,9,14
2013-06-01,33,20,13
2013-06-01,53,33,20
2013-06-01,31,13,18
2013-06-01,47,20,27
2013-06-01,103,44,59
2013-06-01,117,43,74
2013-06-01,203,93,110
2013-06-01,171,74,97
2013-06-01,244,111,133
2013-06-01,200,86,114
2013-06-01,194,80,114
2013-06-01,172,62,110
2013-06-01,151,64,87
2013-06-01,130,56,74
2013-06-01,135,64,71
2013-06-01,86,32,54
2013-06-01,53,25,28
2013-06-01,29,12,17
2013-06-01,13,5,8
2013-06-01,8,1,7
2013-06-01,7,2,5
2013-06-01,6,3,3
2013-06-01,22,11,11
2013-06-01,32,18,14
2013-05-31,38,20,18
2013-05-31,59,20,39
2013-05-31,84,41,43
2013-05-31,157,92,65
2013-05-31,239,122,117
2013-05-31,418,259,159
2013-05-31,689,486,203
2013-05-31,382,238,144
2013-05-31,216,114,102
2013-05-31,142,74,68
2013-05-31,138,71,67
2013-05-31,106,48,58
2013-05-31,122,55,67
2013-05-31,150,63,87
2013-05-31,305,108,197
2013-05-31,540,139,401
2013-05-31,389,103,286
2013-05-31,169,44,125
2013-05-31,33,9,24
2013-05-31,2,1,1
2013-05-31,3,0,3
2013-05-31,4,2,2
2013-05-31,12,7,5
2013-05-31,18,3,15
2013-05-30,37,17,20
2013-05-30,57,30,27
2013-05-30,84,50,34
2013-05-30,124,74,50
2013-05-30,220,135,85
2013-05-30,502,335,167
2013-05-30,607,425,182
2013-05-30,269,166,103
2013-05-30,132,73,59
2013-05-30,108,51,57
2013-05-30,95,52,43
2013-05-30,90,43,47
2013-05-30,87,34,53
2013-05-30,142,49,93
2013-05-30,276,92,184
2013-05-30,515,145,370
2013-05-30,375,92,283
2013-05-30,170,50,120
2013-05-30,42,13,29
2013-05-30,8,4,4
2013-05-30,3,0,3
2013-05-30,3,1,2
2013-05-30,6,2,4
2013-05-30,11,8,3
2013-05-29,18,11,7
2013-05-29,37,21,16
2013-05-29,72,33,39
2013-05-29,80,47,33
2013-05-29,186,139,47
2013-05-29,414,270,144
2013-05-29,444,294,150
2013-05-29,224,136,88
2013-05-29,138,76,62
2013-05-29,90,47,43
2013-05-29,65,37,28
2013-05-29,66,27,39
2013-05-29,85,41,44
2013-05-29,98,39,59
2013-05-29,270,76,194
2013-05-29,407,108,299
2013-05-29,277,63,214
2013-05-29,119,39,80
2013-05-29,24,2,22
2013-05-29,5,2,3
2013-05-29,0,0,0
2013-05-29,3,1,2
2013-05-29,3,2,1
2013-05-29,12,8,4
2013-05-28,14,8,6
2013-05-28,41,23,18
2013-05-28,59,26,33
2013-05-28,95,51,44
2013-05-28,169,107,62
2013-05-28,410,264,146
2013-05-28,544,392,152
2013-05-28,230,141,89
2013-05-28,114,66,48
2013-05-28,87,41,46
2013-05-28,97,52,45
2013-05-28,63,21,42
2013-05-28,79,31,48
2013-05-28,102,35,67
2013-05-28,249,86,163
2013-05-28,462,125,337
2013-05-28,347,95,252
2013-05-28,142,36,106
2013-05-28,29,6,23
2013-05-28,4,2,2
2013-05-28,2,0,2
2013-05-28,7,0,7
2013-05-28,4,1,3
2013-05-28,9,6,3
2013-05-27,9,6,3
2013-05-27,18,10,8
2013-05-27,23,13,10
2013-05-27,31,19,12
2013-05-27,24,17,7
2013-05-27,38,20,18
2013-05-27,38,19,19
2013-05-27,44,28,16
2013-05-27,52,31,21
2013-05-27,48,26,22
2013-05-27,43,23,20
2013-05-27,58,29,29
2013-05-27,50,18,32
2013-05-27,65,27,38
2013-05-27,57,22,35
2013-05-27,65,26,39
2013-05-27,42,19,23
2013-05-27,17,11,6
2013-05-27,12,6,6
2013-05-27,2,1,1
2013-05-27,2,1,1
2013-05-27,4,2,2
2013-05-27,12,5,7
2013-05-27,15,5,10
2013-05-26,25,16,9
2013-05-26,31,17,14
2013-05-26,33,24,9
2013-05-26,53,23,30
2013-05-26,82,46,36
2013-05-26,95,51,44
2013-05-26,112,48,64
2013-05-26,137,52,85
2013-05-26,121,46,75
2013-05-26,91,37,54
2013-05-26,91,40,51
2013-05-26,92,45,47
2013-05-26,58,20,38
2013-05-26,53,11,42
2013-05-26,34,9,25
2013-05-26,17,10,7
2013-05-26,17,6,11
2013-05-26,11,6,5
2013-05-26,5,0,5
2013-05-26,4,2,2
2013-05-26,5,3,2
2013-05-26,5,4,1
2013-05-26,5,1,4
2013-05-26,14,9,5
2013-05-25,29,19,10
2013-05-25,41,31,10
2013-05-25,38,24,14
2013-05-25,55,32,23
2013-05-25,79,41,38
2013-05-25,103,52,51
2013-05-25,128,65,63
2013-05-25,141,67,74
2013-05-25,202,85,117
2013-05-25,144,70,74
2013-05-25,145,66,79
2013-05-25,116,53,63
2013-05-25,126,64,62
2013-05-25,108,33,75
2013-05-25,98,30,68
2013-05-25,78,29,49
2013-05-25,50,20,30
2013-05-25,21,9,12
2013-05-25,9,5,4
2013-05-25,3,2,1
2013-05-25,6,3,3
2013-05-25,9,4,5
2013-05-25,15,10,5
2013-05-25,22,14,8
2013-05-24,33,22,11
2013-05-24,56,35,21
2013-05-24,61,42,19
2013-05-24,82,46,36
2013-05-24,146,82,64
2013-05-24,317,198,119
2013-05-24,433,267,166
2013-05-24,350,213,137
2013-05-24,214,117,97
2013-05-24,132,75,57
2013-05-24,131,58,73
2013-05-24,112,58,54
2013-05-24,84,32,52
2013-05-24,137,78,59
2013-05-24,214,84,130
2013-05-24,387,98,289
2013-05-24,288,75,213
2013-05-24,143,36,107
2013-05-24,26,11,15
2013-05-24,4,1,3
2013-05-24,5,2,3
2013-05-24,3,1,2
2013-05-24,3,2,1
2013-05-24,12,8,4
2013-05-23,25,16,9
2013-05-23,41,17,24
2013-05-23,46,24,22
2013-05-23,95,59,36
2013-05-23,175,110,65
2013-05-23,354,234,120
2013-05-23,421,296,125
2013-05-23,204,134,70
2013-05-23,100,58,42
2013-05-23,88,44,44
2013-05-23,75,45,30
2013-05-23,99,42,57
2013-05-23,82,31,51
2013-05-23,113,35,78
2013-05-23,233,88,145
2013-05-23,430,127,303
2013-05-23,274,64,210
2013-05-23,116,26,90
2013-05-23,30,11,19
2013-05-23,2,2,0
2013-05-23,1,0,1
2013-05-23,3,1,2
2013-05-23,10,5,5
2013-05-23,6,4,2
2013-05-22,25,13,12
2013-05-22,43,26,17
2013-05-22,67,35,32
2013-05-22,97,58,39
2013-05-22,155,100,55
2013-05-22,345,231,114
2013-05-22,479,320,159
2013-05-22,198,127,71
2013-05-22,91,45,46
2013-05-22,62,38,24
2013-05-22,44,28,16
2013-05-22,37,12,25
2013-05-22,43,17,26
2013-05-22,85,39,46
2013-05-22,229,78,151
2013-05-22,360,94,266
2013-05-22,320,81,239
2013-05-22,136,37,99
2013-05-22,32,5,27
2013-05-22,2,2,0
2013-05-22,1,0,1
2013-05-22,3,1,2
2013-05-22,3,3,0
2013-05-22,3,3,0
2013-05-21,21,6,15
2013-05-21,18,13,5
2013-05-21,55,28,27
2013-05-21,75,48,27
2013-05-21,109,75,34
2013-05-21,269,199,70
2013-05-21,410,281,129
2013-05-21,175,108,67
2013-05-21,87,51,36
2013-05-21,71,39,32
2013-05-21,65,27,38
2013-05-21,54,22,32
2013-05-21,34,13,21
2013-05-21,65,25,40
2013-05-21,213,79,134
2013-05-21,347,98,249
2013-05-21,264,59,205
2013-05-21,94,28,66
2013-05-21,24,5,19
2013-05-21,4,2,2
2013-05-21,1,0,1
2013-05-21,1,0,1
2013-05-21,6,4,2
2013-05-21,19,7,12
2013-05-20,26,17,9
2013-05-20,39,19,20
2013-05-20,82,43,39
2013-05-20,117,70,47
2013-05-20,245,140,105
2013-05-20,523,360,163
2013-05-20,764,551,213
2013-05-20,384,226,158
2013-05-20,212,108,104
2013-05-20,157,70,87
2013-05-20,104,50,54
2013-05-20,93,28,65
2013-05-20,85,32,53
2013-05-20,115,46,69
2013-05-20,329,113,216
2013-05-20,590,158,432
2013-05-20,501,132,369
2013-05-20,198,51,147
2013-05-20,56,15,41
2013-05-20,4,4,0
2013-05-20,5,3,2
2013-05-20,5,3,2
2013-05-20,3,2,1
2013-05-20,12,6,6
2013-05-19,22,11,11
2013-05-19,26,12,14
2013-05-19,50,26,24
2013-05-19,61,29,32
2013-05-19,113,61,52
2013-05-19,140,58,82
2013-05-19,142,62,80
2013-05-19,174,77,97
2013-05-19,203,93,110
2013-05-19,204,90,114
2013-05-19,210,91,119
2013-05-19,155,67,88
2013-05-19,164,56,108
2013-05-19,137,55,82
2013-05-19,109,52,57
2013-05-19,85,40,45
2013-05-19,45,26,19
2013-05-19,15,9,6
2013-05-19,9,3,6
2013-05-19,5,4,1
2013-05-19,7,3,4
2013-05-19,6,4,2
2013-05-19,21,7,14
2013-05-19,33,14,19
2013-05-18,38,20,18
2013-05-18,57,33,24
2013-05-18,56,24,32
2013-05-18,66,30,36
2013-05-18,91,36,55
2013-05-18,126,52,74
2013-05-18,123,66,57
2013-05-18,109,44,65
2013-05-18,126,54,72
2013-05-18,132,62,70
2013-05-18,144,51,93
2013-05-18,122,52,70
2013-05-18,127,54,73
2013-05-18,123,55,68
2013-05-18,126,63,63
2013-05-18,79,39,40
2013-05-18,53,28,25
2013-05-18,35,13,22
2013-05-18,15,5,10
2013-05-18,4,2,2
2013-05-18,6,3,3
2013-05-18,8,3,5
2013-05-18,14,7,7
2013-05-18,34,18,16
2013-05-17,30,15,15
2013-05-17,51,24,27
2013-05-17,78,38,40
2013-05-17,108,66,42
2013-05-17,168,101,67
2013-05-17,410,289,121
2013-05-17,637,461,176
2013-05-17,376,250,126
2013-05-17,197,121,76
2013-05-17,124,61,63
2013-05-17,101,35,66
2013-05-17,85,45,40
2013-05-17,94,44,50
2013-05-17,126,47,79
2013-05-17,338,87,251
2013-05-17,701,148,553
2013-05-17,741,115,626
2013-05-17,302,66,236
2013-05-17,68,15,53
2013-05-17,8,1,7
2013-05-17,4,2,2
2013-05-17,9,2,7
2013-05-17,7,6,1
2013-05-17,20,9,11
2013-05-16,43,17,26
2013-05-16,46,23,23
2013-05-16,95,56,39
2013-05-16,146,74,72
2013-05-16,270,147,123
2013-05-16,476,312,164
2013-05-16,697,483,214
2013-05-16,315,192,123
2013-05-16,177,95,82
2013-05-16,145,76,69
2013-05-16,94,39,55
2013-05-16,91,41,50
2013-05-16,91,45,46
2013-05-16,118,43,75
2013-05-16,311,128,183
2013-05-16,541,161,380
2013-05-16,375,101,274
2013-05-16,183,58,125
2013-05-16,40,13,27
2013-05-16,3,0,3
2013-05-16,2,2,0
2013-05-16,7,7,0
2013-05-16,3,1,2
2013-05-16,5,3,2
2013-05-15,24,10,14
2013-05-15,43,21,22
2013-05-15,59,31,28
2013-05-15,105,78,27
2013-05-15,166,107,59
2013-05-15,374,267,107
2013-05-15,607,442,165
2013-05-15,264,180,84
2013-05-15,149,80,69
2013-05-15,113,57,56
2013-05-15,110,52,58
2013-05-15,96,43,53
2013-05-15,111,41,70
2013-05-15,135,55,80
2013-05-15,285,88,197
2013-05-15,561,166,395
2013-05-15,417,109,308
2013-05-15,198,54,144
2013-05-15,36,11,25
2013-05-15,4,1,3
2013-05-15,5,3,2
2013-05-15,7,1,6
2013-05-15,6,4,2
2013-05-15,21,11,10
2013-05-14,25,14,11
2013-05-14,60,37,23
2013-05-14,104,51,53
2013-05-14,136,72,64
2013-05-14,299,173,126
2013-05-14,566,354,212
2013-05-14,705,504,201
2013-05-14,347,209,138
2013-05-14,188,107,81
2013-05-14,141,73,68
2013-05-14,97,40,57
2013-05-14,92,39,53
2013-05-14,71,33,38
2013-05-14,113,35,78
2013-05-14,286,109,177
2013-05-14,589,155,434
2013-05-14,468,124,344
2013-05-14,209,66,143
2013-05-14,43,12,31
2013-05-14,6,2,4
2013-05-14,0,0,0
2013-05-14,2,1,1
2013-05-14,5,4,1
2013-05-14,23,16,7
2013-05-13,23,15,8
2013-05-13,38,23,15
2013-05-13,50,21,29
2013-05-13,103,60,43
2013-05-13,175,113,62
2013-05-13,390,279,111
2013-05-13,510,381,129
2013-05-13,225,141,84
2013-05-13,88,54,34
2013-05-13,56,30,26
2013-05-13,73,32,41
2013-05-13,64,26,38
2013-05-13,69,26,43
2013-05-13,116,49,67
2013-05-13,253,95,158
2013-05-13,510,130,380
2013-05-13,372,97,275
2013-05-13,185,54,131
2013-05-13,43,16,27
2013-05-13,5,2,3
2013-05-13,3,3,0
2013-05-13,2,1,1
2013-05-13,5,2,3
2013-05-13,9,4,5
2013-05-12,20,7,13
2013-05-12,22,10,12
2013-05-12,28,16,12
2013-05-12,41,22,19
2013-05-12,59,26,33
2013-05-12,97,43,54
2013-05-12,115,48,67
2013-05-12,109,43,66
2013-05-12,142,59,83
2013-05-12,103,40,63
2013-05-12,106,50,56
2013-05-12,73,26,47
2013-05-12,99,47,52
2013-05-12,51,19,32
2013-05-12,53,26,27
2013-05-12,53,23,30
2013-05-12,14,5,9
2013-05-12,6,4,2
2013-05-12,7,3,4
2013-05-12,4,3,1
2013-05-12,5,3,2
2013-05-12,16,12,4
2013-05-12,11,6,5
2013-05-12,29,16,13
2013-05-11,30,16,14
2013-05-11,42,18,24
2013-05-11,44,20,24
2013-05-11,75,35,40
2013-05-11,101,44,57
2013-05-11,137,58,79
2013-05-11,203,96,107
2013-05-11,223,87,136
2013-05-11,244,113,131
2013-05-11,183,85,98
2013-05-11,208,79,129
2013-05-11,200,73,127
2013-05-11,195,98,97
2013-05-11,186,77,109
2013-05-11,154,72,82
2013-05-11,91,39,52
2013-05-11,56,27,29
2013-05-11,34,17,17
2013-05-11,11,2,9
2013-05-11,3,3,0
2013-05-11,5,1,4
2013-05-11,9,3,6
2013-05-11,15,9,6
2013-05-11,32,21,11
2013-05-10,52,20,32
2013-05-10,56,24,32
2013-05-10,89,51,38
2013-05-10,118,70,48
2013-05-10,225,143,82
2013-05-10,447,275,172
2013-05-10,692,480,212
2013-05-10,433,256,177
2013-05-10,236,141,95
2013-05-10,185,81,104
2013-05-10,146,71,75
2013-05-10,144,70,74
2013-05-10,131,48,83
2013-05-10,157,55,102
2013-05-10,319,118,201
2013-05-10,642,166,476
2013-05-10,481,126,355
2013-05-10,225,57,168
2013-05-10,51,13,38
2013-05-10,7,2,5
2013-05-10,0,0,0
2013-05-10,4,1,3
2013-05-10,2,0,2
2013-05-10,24,12,12
2013-05-09,55,22,33
2013-05-09,51,30,21
2013-05-09,99,60,39
2013-05-09,145,87,58
2013-05-09,282,148,134
2013-05-09,511,338,173
2013-05-09,751,511,240
2013-05-09,345,232,113
2013-05-09,195,114,81
2013-05-09,131,66,65
2013-05-09,120,67,53
2013-05-09,97,52,45
2013-05-09,87,39,48
2013-05-09,129,38,91
2013-05-09,298,99,199
2013-05-09,570,161,409
2013-05-09,496,121,375
2013-05-09,206,56,150
2013-05-09,51,18,33
2013-05-09,6,4,2
2013-05-09,4,4,0
2013-05-09,7,2,5
2013-05-09,17,11,6
2013-05-09,10,5,5
2013-05-08,39,18,21
2013-05-08,45,25,20
2013-05-08,105,61,44
2013-05-08,189,111,78
2013-05-08,341,196,145
2013-05-08,542,355,187
2013-05-08,757,527,230
2013-05-08,367,217,150
2013-05-08,193,109,84
2013-05-08,142,75,67
2013-05-08,108,54,54
2013-05-08,98,44,54
2013-05-08,93,35,58
2013-05-08,130,50,80
2013-05-08,367,121,246
2013-05-08,646,186,460
2013-05-08,503,126,377
2013-05-08,216,69,147
2013-05-08,54,14,40
2013-05-08,6,3,3
2013-05-08,4,3,1
2013-05-08,5,4,1
2013-05-08,8,5,3
2013-05-08,14,6,8
2013-05-07,34,14,20
2013-05-07,59,28,31
2013-05-07,102,50,52
2013-05-07,168,92,76
2013-05-07,314,181,133
2013-05-07,585,372,213
2013-05-07,831,584,247
2013-05-07,412,249,163
2013-05-07,204,98,106
2013-05-07,136,61,75
2013-05-07,109,52,57
2013-05-07,98,40,58
2013-05-07,59,24,35
2013-05-07,126,41,85
2013-05-07,348,135,213
2013-05-07,666,198,468
2013-05-07,524,126,398
2013-05-07,247,75,172
2013-05-07,54,16,38
2013-05-07,5,2,3
2013-05-07,1,0,1
2013-05-07,2,0,2
2013-05-07,5,3,2
2013-05-07,14,9,5
2013-05-06,21,14,7
2013-05-06,64,27,37
2013-05-06,121,73,48
2013-05-06,130,66,64
2013-05-06,319,183,136
2013-05-06,516,343,173
2013-05-06,816,593,223
2013-05-06,425,256,169
2013-05-06,203,107,96
2013-05-06,154,68,86
2013-05-06,165,80,85
2013-05-06,101,39,62
2013-05-06,119,51,68
2013-05-06,119,55,64
2013-05-06,346,107,239
2013-05-06,650,202,448
2013-05-06,517,116,401
2013-05-06,215,64,151
2013-05-06,41,13,28
2013-05-06,5,2,3
2013-05-06,2,2,0
2013-05-06,4,2,2
2013-05-06,1,1,0
2013-05-06,12,8,4
2013-05-05,20,14,6
2013-05-05,43,19,24
2013-05-05,41,14,27
2013-05-05,99,28,71
2013-05-05,119,43,76
2013-05-05,163,69,94
2013-05-05,221,108,113
2013-05-05,252,101,151
2013-05-05,315,155,160
2013-05-05,311,144,167
2013-05-05,350,178,172
2013-05-05,261,124,137
2013-05-05,226,102,124
2013-05-05,184,75,109
2013-05-05,181,74,107
2013-05-05,87,32,55
2013-05-05,32,21,11
2013-05-05,21,7,14
2013-05-05,10,6,4
2013-05-05,4,1,3
2013-05-05,2,1,1
2013-05-05,17,7,10
2013-05-05,21,11,10
2013-05-05,23,11,12
2013-05-04,19,10,9
2013-05-04,48,19,29
2013-05-04,65,29,36
2013-05-04,82,30,52
2013-05-04,99,38,61
2013-05-04,163,47,116
2013-05-04,205,85,120
2013-05-04,253,109,144
2013-05-04,249,109,140
2013-05-04,270,132,138
2013-05-04,303,134,169
2013-05-04,217,93,124
2013-05-04,247,102,145
2013-05-04,210,76,134
2013-05-04,186,90,96
2013-05-04,116,51,65
2013-05-04,81,39,42
2013-05-04,29,12,17
2013-05-04,11,4,7
2013-05-04,1,0,1
2013-05-04,7,3,4
2013-05-04,12,8,4
2013-05-04,13,7,6
2013-05-04,26,19,7
2013-05-03,52,24,28
2013-05-03,63,38,25
2013-05-03,99,46,53
2013-05-03,103,59,44
2013-05-03,243,152,91
2013-05-03,413,260,153
2013-05-03,668,467,201
2013-05-03,432,275,157
2013-05-03,252,122,130
2013-05-03,146,75,71
2013-05-03,134,70,64
2013-05-03,132,70,62
2013-05-03,97,37,60
2013-05-03,160,62,98
2013-05-03,333,117,216
2013-05-03,519,157,362
2013-05-03,418,104,314
2013-05-03,176,56,120
2013-05-03,37,11,26
2013-05-03,5,2,3
2013-05-03,1,1,0
2013-05-03,4,3,1
2013-05-03,16,5,11
2013-05-03,17,10,7
2013-05-02,40,23,17
2013-05-02,51,29,22
2013-05-02,91,36,55
2013-05-02,107,60,47
2013-05-02,243,153,90
2013-05-02,533,336,197
2013-05-02,734,501,233
2013-05-02,340,214,126
2013-05-02,181,98,83
2013-05-02,139,67,72
2013-05-02,145,64,81
2013-05-02,121,48,73
2013-05-02,180,93,87
2013-05-02,152,70,82
2013-05-02,365,169,196
2013-05-02,603,170,433
2013-05-02,508,117,391
2013-05-02,260,63,197
2013-05-02,46,15,31
2013-05-02,6,2,4
2013-05-02,2,0,2
2013-05-02,6,4,2
2013-05-02,4,1,3
2013-05-02,20,9,11
2013-05-01,36,21,15
2013-05-01,46,30,16
2013-05-01,92,46,46
2013-05-01,169,94,75
2013-05-01,271,151,120
2013-05-01,666,409,257
2013-05-01,803,542,261
2013-05-01,361,215,146
2013-05-01,216,131,85
2013-05-01,136,64,72
2013-05-01,122,57,65
2013-05-01,95,38,57
2013-05-01,119,42,77
2013-05-01,149,75,74
2013-05-01,356,112,244
2013-05-01,622,176,446
2013-05-01,471,115,356
2013-05-01,200,53,147
2013-05-01,41,13,28
2013-05-01,7,3,4
2013-05-01,6,0,6
2013-05-01,9,5,4
2013-05-01,9,3,6
2013-05-01,15,7,8
2013-04-30,15,10,5
2013-04-30,32,16,16
2013-04-30,66,35,31
2013-04-30,95,54,41
2013-04-30,218,128,90
2013-04-30,384,237,147
2013-04-30,529,357,172
2013-04-30,267,143,124
2013-04-30,138,70,68
2013-04-30,104,59,45
2013-04-30,81,39,42
2013-04-30,73,35,38
2013-04-30,67,28,39
2013-04-30,106,39,67
2013-04-30,219,83,136
2013-04-30,468,139,329
2013-04-30,367,117,250
2013-04-30,129,39,90
2013-04-30,23,6,17
2013-04-30,4,2,2
2013-04-30,1,0,1
2013-04-30,2,1,1
2013-04-30,6,5,1
2013-04-30,8,3,5
2013-04-29,8,6,2
2013-04-29,30,19,11
2013-04-29,44,27,17
2013-04-29,74,48,26
2013-04-29,131,82,49
2013-04-29,332,224,108
2013-04-29,438,290,148
2013-04-29,207,111,96
2013-04-29,103,52,51
2013-04-29,64,34,30
2013-04-29,79,37,42
2013-04-29,59,27,32
2013-04-29,81,34,47
2013-04-29,91,38,53
2013-04-29,218,72,146
2013-04-29,343,107,236
2013-04-29,252,66,186
2013-04-29,90,27,63
2013-04-29,31,6,25
2013-04-29,4,1,3
2013-04-29,1,0,1
2013-04-29,3,2,1
2013-04-29,2,2,0
2013-04-29,8,5,3
2013-04-28,10,5,5
2013-04-28,22,15,7
2013-04-28,21,9,12
2013-04-28,22,16,6
2013-04-28,38,12,26
2013-04-28,68,36,32
2013-04-28,86,31,55
2013-04-28,111,49,62
2013-04-28,130,59,71
2013-04-28,139,67,72
2013-04-28,126,49,77
2013-04-28,76,18,58
2013-04-28,90,42,48
2013-04-28,69,31,38
2013-04-28,67,26,41
2013-04-28,39,17,22
2013-04-28,17,9,8
2013-04-28,9,6,3
2013-04-28,6,4,2
2013-04-28,3,2,1
2013-04-28,5,5,0
2013-04-28,7,5,2
2013-04-28,11,5,6
2013-04-28,18,8,10
2013-04-27,24,13,11
2013-04-27,16,3,13
2013-04-27,32,16,16
2013-04-27,36,13,23
2013-04-27,47,21,26
2013-04-27,64,21,43
2013-04-27,74,41,33
2013-04-27,73,54,19
2013-04-27,90,38,52
2013-04-27,105,63,42
2013-04-27,95,29,66
2013-04-27,114,45,69
2013-04-27,74,27,47
2013-04-27,90,37,53
2013-04-27,88,45,43
2013-04-27,65,27,38
2013-04-27,37,18,19
2013-04-27,21,10,11
2013-04-27,7,2,5
2013-04-27,1,1,0
2013-04-27,4,3,1
2013-04-27,5,3,2
2013-04-27,20,7,13
2013-04-27,32,14,18
2013-04-26,36,19,17
2013-04-26,45,26,19
2013-04-26,44,20,24
2013-04-26,96,59,37
2013-04-26,164,95,69
2013-04-26,353,212,141
2013-04-26,466,312,154
2013-04-26,303,171,132
2013-04-26,186,104,82
2013-04-26,183,96,87
2013-04-26,124,68,56
2013-04-26,90,47,43
2013-04-26,104,43,61
2013-04-26,97,38,59
2013-04-26,261,87,174
2013-04-26,418,119,299
2013-04-26,268,77,191
2013-04-26,144,53,91
2013-04-26,29,13,16
2013-04-26,5,2,3
2013-04-26,2,0,2
2013-04-26,9,0,9
2013-04-26,11,6,5
2013-04-26,19,6,13
2013-04-25,40,22,18
2013-04-25,56,31,25
2013-04-25,82,48,34
2013-04-25,148,77,71
2013-04-25,270,142,128
2013-04-25,438,252,186
2013-04-25,618,416,202
2013-04-25,335,193,142
2013-04-25,214,113,101
2013-04-25,159,80,79
2013-04-25,133,59,74
2013-04-25,96,42,54
2013-04-25,123,54,69
2013-04-25,125,47,78
2013-04-25,279,111,168
2013-04-25,477,137,340
2013-04-25,357,90,267
2013-04-25,152,46,106
2013-04-25,29,10,19
2013-04-25,8,1,7
2013-04-25,1,1,0
2013-04-25,5,1,4
2013-04-25,13,5,8
2013-04-25,8,3,5
2013-04-24,34,24,10
2013-04-24,46,22,24
2013-04-24,86,46,40
2013-04-24,141,77,64
2013-04-24,280,155,125
2013-04-24,515,312,203
2013-04-24,688,435,253
2013-04-24,389,225,164
2013-04-24,214,114,100
2013-04-24,142,67,75
2013-04-24,123,62,61
2013-04-24,127,62,65
2013-04-24,109,49,60
2013-04-24,121,50,71
2013-04-24,296,98,198
2013-04-24,530,183,347
2013-04-24,395,112,283
2013-04-24,156,49,107
2013-04-24,33,9,24
2013-04-24,7,3,4
2013-04-24,0,0,0
2013-04-24,4,2,2
2013-04-24,7,3,4
2013-04-24,7,4,3
2013-04-23,28,13,15
2013-04-23,46,32,14
2013-04-23,69,38,31
2013-04-23,99,60,39
2013-04-23,249,153,96
2013-04-23,492,311,181
2013-04-23,590,397,193
2013-04-23,324,195,129
2013-04-23,184,103,81
2013-04-23,145,63,82
2013-04-23,110,44,66
2013-04-23,61,25,36
2013-04-23,90,40,50
2013-04-23,119,50,69
2013-04-23,242,94,148
2013-04-23,491,142,349
2013-04-23,368,103,265
2013-04-23,174,50,124
2013-04-23,36,10,26
2013-04-23,6,3,3
2013-04-23,0,0,0
2013-04-23,5,2,3
2013-04-23,3,2,1
2013-04-23,11,9,2
2013-04-22,24,13,11
2013-04-22,26,9,17
2013-04-22,63,38,25
2013-04-22,83,45,38
2013-04-22,210,116,94
2013-04-22,409,277,132
2013-04-22,595,395,200
2013-04-22,290,159,131
2013-04-22,177,80,97
2013-04-22,120,63,57
2013-04-22,105,48,57
2013-04-22,102,48,54
2013-04-22,89,33,56
2013-04-22,107,44,63
2013-04-22,268,84,184
2013-04-22,434,128,306
2013-04-22,334,78,256
2013-04-22,143,35,108
2013-04-22,28,7,21
2013-04-22,6,1,5
2013-04-22,1,1,0
2013-04-22,3,2,1
2013-04-22,4,2,2
2013-04-22,12,7,5
2013-04-21,11,6,5
2013-04-21,25,8,17
2013-04-21,13,6,7
2013-04-21,31,12,19
2013-04-21,61,24,37
2013-04-21,81,31,50
2013-04-21,101,47,54
2013-04-21,112,51,61
2013-04-21,86,38,48
2013-04-21,76,34,42
2013-04-21,60,26,34
2013-04-21,63,20,43
2013-04-21,75,28,47
2013-04-21,55,24,31
2013-04-21,31,14,17
2013-04-21,36,10,26
2013-04-21,15,8,7
2013-04-21,9,6,3
2013-04-21,6,2,4
2013-04-21,1,1,0
2013-04-21,3,1,2
2013-04-21,5,4,1
2013-04-21,6,5,1
2013-04-21,6,3,3
2013-04-20,15,9,6
2013-04-20,18,7,11
2013-04-20,3,2,1
2013-04-20,22,13,9
2013-04-20,18,5,13
2013-04-20,40,16,24
2013-04-20,66,42,24
2013-04-20,69,27,42
2013-04-20,100,40,60
2013-04-20,126,48,78
2013-04-20,103,44,59
2013-04-20,86,36,50
2013-04-20,90,37,53
2013-04-20,82,34,48
2013-04-20,78,37,41
2013-04-20,42,16,26
2013-04-20,27,9,18
2013-04-20,13,9,4
2013-04-20,7,2,5
2013-04-20,3,3,0
2013-04-20,3,1,2
2013-04-20,6,1,5
2013-04-20,9,5,4
2013-04-20,6,2,4
2013-04-19,12,3,9
2013-04-19,23,10,13
2013-04-19,19,12,7
2013-04-19,28,18,10
2013-04-19,65,41,24
2013-04-19,137,90,47
2013-04-19,193,140,53
2013-04-19,123,73,50
2013-04-19,48,32,16
2013-04-19,29,15,14
2013-04-19,40,16,24
2013-04-19,23,10,13
2013-04-19,22,13,9
2013-04-19,43,17,26
2013-04-19,126,54,72
2013-04-19,197,56,141
2013-04-19,138,38,100
2013-04-19,80,27,53
2013-04-19,14,4,10
2013-04-19,5,3,2
2013-04-19,0,0,0
2013-04-19,5,4,1
2013-04-19,4,3,1
2013-04-19,11,6,5
2013-04-18,12,6,6
2013-04-18,23,19,4
2013-04-18,30,21,9
2013-04-18,42,17,25
2013-04-18,89,58,31
2013-04-18,216,137,79
2013-04-18,252,163,89
2013-04-18,130,86,44
2013-04-18,71,35,36
2013-04-18,51,29,22
2013-04-18,56,22,34
2013-04-18,67,28,39
2013-04-18,59,29,30
2013-04-18,94,41,53
2013-04-18,172,71,101
2013-04-18,272,79,193
2013-04-18,188,48,140
2013-04-18,103,44,59
2013-04-18,23,10,13
2013-04-18,4,3,1
2013-04-18,3,0,3
2013-04-18,3,1,2
2013-04-18,6,4,2
2013-04-18,6,2,4
2013-04-17,15,11,4
2013-04-17,29,16,13
2013-04-17,37,21,16
2013-04-17,79,52,27
2013-04-17,199,106,93
2013-04-17,324,183,141
2013-04-17,420,285,135
2013-04-17,215,124,91
2013-04-17,132,60,72
2013-04-17,105,47,58
2013-04-17,102,55,47
2013-04-17,79,36,43
2013-04-17,93,47,46
2013-04-17,91,37,54
2013-04-17,207,83,124
2013-04-17,357,104,253
2013-04-17,274,89,185
2013-04-17,123,38,85
2013-04-17,29,7,22
2013-04-17,7,2,5
2013-04-17,2,1,1
2013-04-17,4,3,1
2013-04-17,5,3,2
2013-04-17,11,6,5
2013-04-16,31,21,10
2013-04-16,40,17,23
2013-04-16,74,40,34
2013-04-16,104,60,44
2013-04-16,196,96,100
2013-04-16,377,247,130
2013-04-16,410,280,130
2013-04-16,234,147,87
2013-04-16,150,78,72
2013-04-16,113,55,58
2013-04-16,82,35,47
2013-04-16,74,31,43
2013-04-16,81,28,53
2013-04-16,71,29,42
2013-04-16,211,87,124
2013-04-16,352,117,235
2013-04-16,298,83,215
2013-04-16,129,42,87
2013-04-16,27,6,21
2013-04-16,6,1,5
2013-04-16,0,0,0
2013-04-16,1,0,1
2013-04-16,3,2,1
2013-04-16,12,8,4
2013-04-15,14,8,6
2013-04-15,28,14,14
2013-04-15,39,22,17
2013-04-15,67,40,27
2013-04-15,127,72,55
2013-04-15,372,234,138
2013-04-15,410,267,143
2013-04-15,217,118,99
2013-04-15,113,50,63
2013-04-15,97,49,48
2013-04-15,69,31,38
2013-04-15,70,21,49
2013-04-15,70,23,47
2013-04-15,90,33,57
2013-04-15,204,78,126
2013-04-15,307,88,219
2013-04-15,224,66,158
2013-04-15,119,31,88
2013-04-15,28,5,23
2013-04-15,7,1,6
2013-04-15,2,0,2
2013-04-15,1,0,1
2013-04-15,4,1,3
2013-04-15,8,2,6
2013-04-14,9,5,4
2013-04-14,14,10,4
2013-04-14,23,9,14
2013-04-14,34,6,28
2013-04-14,64,19,45
2013-04-14,104,46,58
2013-04-14,137,61,76
2013-04-14,151,60,91
2013-04-14,161,80,81
2013-04-14,158,75,83
2013-04-14,143,60,83
2013-04-14,144,71,73
2013-04-14,109,48,61
2013-04-14,78,39,39
2013-04-14,64,22,42
2013-04-14,27,20,7
2013-04-14,18,7,11
2013-04-14,4,3,1
2013-04-14,2,0,2
2013-04-14,3,2,1
2013-04-14,3,2,1
2013-04-14,5,3,2
2013-04-14,2,0,2
2013-04-14,7,4,3
2013-04-13,10,5,5
2013-04-13,16,9,7
2013-04-13,12,6,6
2013-04-13,15,8,7
2013-04-13,14,6,8
2013-04-13,39,25,14
2013-04-13,37,18,19
2013-04-13,48,25,23
2013-04-13,79,31,48
2013-04-13,73,30,43
2013-04-13,71,26,45
2013-04-13,93,31,62
2013-04-13,86,34,52
2013-04-13,68,22,46
2013-04-13,64,28,36
2013-04-13,57,27,30
2013-04-13,24,11,13
2013-04-13,12,5,7
2013-04-13,6,0,6
2013-04-13,1,1,0
2013-04-13,3,0,3
2013-04-13,2,1,1
2013-04-13,7,6,1
2013-04-13,9,5,4
2013-04-12,21,9,12
2013-04-12,16,8,8
2013-04-12,16,9,7
2013-04-12,36,28,8
2013-04-12,60,39,21
2013-04-12,192,136,56
2013-04-12,277,199,78
2013-04-12,157,113,44
2013-04-12,58,36,22
2013-04-12,54,29,25
2013-04-12,70,37,33
2013-04-12,66,29,37
2013-04-12,76,30,46
2013-04-12,90,32,58
2013-04-12,182,64,118
2013-04-12,311,90,221
2013-04-12,223,62,161
2013-04-12,95,33,62
2013-04-12,21,7,14
2013-04-12,3,1,2
2013-04-12,0,0,0
2013-04-12,3,2,1
2013-04-12,15,4,11
2013-04-12,3,1,2
2013-04-11,21,11,10
2013-04-11,38,23,15
2013-04-11,36,22,14
2013-04-11,89,54,35
2013-04-11,124,73,51
2013-04-11,302,208,94
2013-04-11,379,264,115
2013-04-11,202,119,83
2013-04-11,90,36,54
2013-04-11,63,31,32
2013-04-11,61,30,31
2013-04-11,46,17,29
2013-04-11,53,17,36
2013-04-11,59,27,32
2013-04-11,143,45,98
2013-04-11,360,109,251
2013-04-11,231,69,162
2013-04-11,116,33,83
2013-04-11,32,9,23
2013-04-11,3,0,3
2013-04-11,4,4,0
2013-04-11,4,1,3
2013-04-11,14,10,4
2013-04-11,29,3,26
2013-04-10,20,13,7
2013-04-10,27,14,13
2013-04-10,48,23,25
2013-04-10,71,48,23
2013-04-10,120,72,48
2013-04-10,272,165,107
2013-04-10,312,219,93
2013-04-10,164,98,66
2013-04-10,88,41,47
2013-04-10,72,40,32
2013-04-10,65,25,40
2013-04-10,50,22,28
2013-04-10,27,18,9
2013-04-10,49,14,35
2013-04-10,117,36,81
2013-04-10,252,83,169
2013-04-10,194,63,131
2013-04-10,105,37,68
2013-04-10,32,11,21
2013-04-10,9,1,8
2013-04-10,1,1,0
2013-04-10,3,1,2
2013-04-10,4,3,1
2013-04-10,11,6,5
2013-04-09,15,8,7
2013-04-09,31,10,21
2013-04-09,53,33,20
2013-04-09,67,37,30
2013-04-09,143,71,72
2013-04-09,335,213,122
2013-04-09,474,348,126
2013-04-09,232,142,90
2013-04-09,114,56,58
2013-04-09,81,40,41
2013-04-09,65,26,39
2013-04-09,49,27,22
2013-04-09,62,28,34
2013-04-09,107,35,72
2013-04-09,218,79,139
2013-04-09,355,98,257
2013-04-09,321,83,238
2013-04-09,125,43,82
2013-04-09,22,6,16
2013-04-09,7,2,5
2013-04-09,3,0,3
2013-04-09,2,1,1
2013-04-09,5,3,2
2013-04-09,14,7,7
2013-04-08,24,18,6
2013-04-08,26,17,9
2013-04-08,49,27,22
2013-04-08,65,36,29
2013-04-08,156,103,53
2013-04-08,308,212,96
2013-04-08,447,312,135
2013-04-08,199,110,89
2013-04-08,113,63,50
2013-04-08,98,53,45
2013-04-08,80,34,46
2013-04-08,76,44,32
2013-04-08,65,27,38
2013-04-08,88,31,57
2013-04-08,187,62,125
2013-04-08,345,112,233
2013-04-08,233,62,171
2013-04-08,97,25,72
2013-04-08,17,3,14
2013-04-08,7,2,5
2013-04-08,0,0,0
2013-04-08,3,0,3
2013-04-08,2,1,1
2013-04-08,4,1,3
2013-04-07,6,4,2
2013-04-07,13,4,9
2013-04-07,11,4,7
2013-04-07,13,8,5
2013-04-07,28,13,15
2013-04-07,30,19,11
2013-04-07,41,18,23
2013-04-07,44,19,25
2013-04-07,41,21,20
2013-04-07,41,20,21
2013-04-07,34,18,16
2013-04-07,44,16,28
2013-04-07,34,13,21
2013-04-07,63,44,19
2013-04-07,70,7,63
2013-04-07,25,13,12
2013-04-07,8,3,5
2013-04-07,6,4,2
2013-04-07,2,0,2
2013-04-07,3,3,0
2013-04-07,5,4,1
2013-04-07,4,3,1
2013-04-07,7,3,4
2013-04-07,4,2,2
2013-04-06,8,4,4
2013-04-06,13,8,5
2013-04-06,20,13,7
2013-04-06,21,11,10
2013-04-06,31,12,19
2013-04-06,38,16,22
2013-04-06,41,17,24
2013-04-06,68,35,33
2013-04-06,49,28,21
2013-04-06,43,25,18
2013-04-06,21,9,12
2013-04-06,64,26,38
2013-04-06,88,37,51
2013-04-06,103,39,64
2013-04-06,63,27,36
2013-04-06,57,28,29
2013-04-06,20,7,13
2013-04-06,18,9,9
2013-04-06,4,1,3
2013-04-06,2,1,1
2013-04-06,3,0,3
2013-04-06,3,1,2
2013-04-06,3,1,2
2013-04-06,8,5,3
2013-04-05,19,11,8
2013-04-05,20,14,6
2013-04-05,27,17,10
2013-04-05,34,27,7
2013-04-05,69,36,33
2013-04-05,161,106,55
2013-04-05,289,213,76
2013-04-05,156,93,63
2013-04-05,84,46,38
2013-04-05,72,39,33
2013-04-05,53,22,31
2013-04-05,71,29,42
2013-04-05,59,21,38
2013-04-05,73,41,32
2013-04-05,140,41,99
2013-04-05,273,84,189
2013-04-05,148,53,95
2013-04-05,65,22,43
2013-04-05,15,8,7
2013-04-05,2,1,1
2013-04-05,0,0,0
2013-04-05,3,1,2
2013-04-05,3,2,1
2013-04-05,6,1,5
2013-04-04,19,9,10
2013-04-04,18,10,8
2013-04-04,36,26,10
2013-04-04,36,23,13
2013-04-04,76,56,20
2013-04-04,254,161,93
2013-04-04,265,186,79
2013-04-04,131,82,49
2013-04-04,59,37,22
2013-04-04,57,38,19
2013-04-04,40,20,20
2013-04-04,35,15,20
2013-04-04,53,21,32
2013-04-04,86,28,58
2013-04-04,159,66,93
2013-04-04,300,90,210
2013-04-04,220,66,154
2013-04-04,104,31,73
2013-04-04,30,9,21
2013-04-04,4,1,3
2013-04-04,2,2,0
2013-04-04,8,6,2
2013-04-04,5,3,2
2013-04-04,10,5,5
2013-04-03,22,12,10
2013-04-03,35,20,15
2013-04-03,65,40,25
2013-04-03,97,61,36
2013-04-03,210,124,86
2013-04-03,412,263,149
2013-04-03,527,369,158
2013-04-03,288,173,115
2013-04-03,132,66,66
2013-04-03,108,56,52
2013-04-03,105,47,58
2013-04-03,113,54,59
2013-04-03,103,45,58
2013-04-03,108,42,66
2013-04-03,230,88,142
2013-04-03,429,135,294
2013-04-03,333,97,236
2013-04-03,108,32,76
2013-04-03,24,9,15
2013-04-03,9,2,7
2013-04-03,3,2,1
2013-04-03,3,1,2
2013-04-03,9,2,7
2013-04-03,13,7,6
2013-04-02,16,8,8
2013-04-02,32,16,16
2013-04-02,67,36,31
2013-04-02,75,49,26
2013-04-02,156,91,65
2013-04-02,399,255,144
2013-04-02,531,360,171
2013-04-02,241,141,100
2013-04-02,126,68,58
2013-04-02,118,69,49
2013-04-02,90,34,56
2013-04-02,65,31,34
2013-04-02,70,30,40
2013-04-02,81,35,46
2013-04-02,262,111,151
2013-04-02,464,125,339
2013-04-02,312,81,231
2013-04-02,123,40,83
2013-04-02,36,11,25
2013-04-02,3,2,1
2013-04-02,1,1,0
2013-04-02,4,2,2
2013-04-02,5,3,2
2013-04-02,10,3,7
2013-04-01,25,20,5
2013-04-01,21,16,5
2013-04-01,40,17,23
2013-04-01,91,52,39
2013-04-01,182,112,70
2013-04-01,381,249,132
2013-04-01,557,394,163
2013-04-01,248,139,109
2013-04-01,128,58,70
2013-04-01,88,44,44
2013-04-01,85,39,46
2013-04-01,68,31,37
2013-04-01,64,30,34
2013-04-01,83,34,49
2013-04-01,241,74,167
2013-04-01,433,136,297
2013-04-01,345,102,243
2013-04-01,122,30,92
2013-04-01,28,7,21
2013-04-01,6,3,3
2013-04-01,1,1,0
2013-04-01,3,2,1
2013-04-01,2,2,0
2013-04-01,6,2,4
2013-03-31,11,7,4
2013-03-31,18,7,11
2013-03-31,37,16,21
2013-03-31,49,12,37
2013-03-31,89,43,46
2013-03-31,170,69,101
2013-03-31,204,101,103
2013-03-31,217,104,113
2013-03-31,251,123,128
2013-03-31,249,101,148
2013-03-31,282,128,154
2013-03-31,196,97,99
2013-03-31,185,92,93
2013-03-31,163,67,96
2013-03-31,107,56,51
2013-03-31,44,19,25
2013-03-31,26,13,13
2013-03-31,12,7,5
2013-03-31,1,0,1
2013-03-31,7,4,3
2013-03-31,4,1,3
2013-03-31,11,7,4
2013-03-31,11,9,2
2013-03-31,19,5,14
2013-03-30,27,22,5
2013-03-30,40,23,17
2013-03-30,28,16,12
2013-03-30,52,24,28
2013-03-30,89,43,46
2013-03-30,158,86,72
2013-03-30,238,118,120
2013-03-30,219,87,132
2013-03-30,244,98,146
2013-03-30,269,129,140
2013-03-30,228,106,122
2013-03-30,250,101,149
2013-03-30,173,64,109
2013-03-30,168,86,82
2013-03-30,120,50,70
2013-03-30,84,28,56
2013-03-30,41,23,18
2013-03-30,19,8,11
2013-03-30,6,2,4
2013-03-30,1,1,0
2013-03-30,4,2,2
2013-03-30,8,3,5
2013-03-30,10,3,7
2013-03-30,21,9,12
2013-03-29,32,22,10
2013-03-29,47,28,19
2013-03-29,45,29,16
2013-03-29,76,42,34
2013-03-29,138,88,50
2013-03-29,320,182,138
2013-03-29,456,283,173
2013-03-29,302,176,126
2013-03-29,185,89,96
2013-03-29,168,73,95
2013-03-29,137,69,68
2013-03-29,115,55,60
2013-03-29,91,38,53
2013-03-29,129,49,80
2013-03-29,221,77,144
2013-03-29,349,93,256
2013-03-29,243,78,165
2013-03-29,110,37,73
2013-03-29,20,6,14
2013-03-29,2,1,1
2013-03-29,0,0,0
2013-03-29,3,2,1
2013-03-29,4,1,3
2013-03-29,14,8,6
2013-03-28,23,15,8
2013-03-28,55,30,25
2013-03-28,43,24,19
2013-03-28,90,52,38
2013-03-28,156,86,70
2013-03-28,337,208,129
2013-03-28,420,298,122
2013-03-28,236,109,127
2013-03-28,152,73,79
2013-03-28,80,43,37
2013-03-28,70,32,38
2013-03-28,71,22,49
2013-03-28,63,30,33
2013-03-28,78,37,41
2013-03-28,189,64,125
2013-03-28,303,94,209
2013-03-28,207,61,146
2013-03-28,84,30,54
2013-03-28,21,5,16
2013-03-28,9,0,9
2013-03-28,3,2,1
2013-03-28,3,3,0
2013-03-28,3,0,3
2013-03-28,10,4,6
2013-03-27,11,6,5
2013-03-27,30,17,13
2013-03-27,37,20,17
2013-03-27,81,54,27
2013-03-27,136,85,51
2013-03-27,289,189,100
2013-03-27,357,248,109
2013-03-27,167,102,65
2013-03-27,105,54,51
2013-03-27,87,48,39
2013-03-27,75,35,40
2013-03-27,72,35,37
2013-03-27,67,29,38
2013-03-27,97,43,54
2013-03-27,212,75,137
2013-03-27,341,103,238
2013-03-27,280,73,207
2013-03-27,110,26,84
2013-03-27,30,9,21
2013-03-27,10,2,8
2013-03-27,2,2,0
2013-03-27,4,1,3
2013-03-27,5,4,1
2013-03-27,12,4,8
2013-03-26,19,12,7
2013-03-26,26,17,9
2013-03-26,56,30,26
2013-03-26,77,44,33
2013-03-26,174,100,74
2013-03-26,359,227,132
2013-03-26,503,348,155
2013-03-26,219,122,97
2013-03-26,139,76,63
2013-03-26,81,45,36
2013-03-26,81,32,49
2013-03-26,57,20,37
2013-03-26,64,25,39
2013-03-26,74,28,46
2013-03-26,206,71,135
2013-03-26,412,115,297
2013-03-26,290,80,210
2013-03-26,124,37,87
2013-03-26,24,8,16
2013-03-26,8,3,5
2013-03-26,2,2,0
2013-03-26,2,0,2
2013-03-26,5,3,2
2013-03-26,13,7,6
2013-03-25,13,10,3
2013-03-25,35,22,13
2013-03-25,40,26,14
2013-03-25,73,50,23
2013-03-25,180,114,66
2013-03-25,355,230,125
2013-03-25,483,333,150
2013-03-25,276,141,135
2013-03-25,171,86,85
2013-03-25,135,65,70
2013-03-25,106,46,60
2013-03-25,100,42,58
2013-03-25,66,29,37
2013-03-25,86,38,48
2013-03-25,232,92,140
2013-03-25,379,108,271
2013-03-25,267,73,194
2013-03-25,117,35,82
2013-03-25,23,10,13
2013-03-25,8,3,5
2013-03-25,3,2,1
2013-03-25,1,0,1
2013-03-25,2,0,2
2013-03-25,8,5,3
2013-03-24,23,8,15
2013-03-24,13,7,6
2013-03-24,12,4,8
2013-03-24,39,19,20
2013-03-24,45,18,27
2013-03-24,82,33,49
2013-03-24,113,52,61
2013-03-24,172,69,103
2013-03-24,116,46,70
2013-03-24,149,74,75
2013-03-24,127,61,66
2013-03-24,128,68,60
2013-03-24,103,42,61
2013-03-24,91,38,53
2013-03-24,66,31,35
2013-03-24,43,17,26
2013-03-24,20,9,11
2013-03-24,9,6,3
2013-03-24,3,1,2
2013-03-24,2,2,0
2013-03-24,4,1,3
2013-03-24,6,5,1
2013-03-24,7,0,7
2013-03-24,12,8,4
2013-03-23,22,15,7
2013-03-23,29,14,15
2013-03-23,24,13,11
2013-03-23,50,26,24
2013-03-23,56,21,35
2013-03-23,108,48,60
2013-03-23,155,73,82
2013-03-23,164,73,91
2013-03-23,202,88,114
2013-03-23,203,94,109
2013-03-23,162,85,77
2013-03-23,120,38,82
2013-03-23,112,53,59
2013-03-23,105,37,68
2013-03-23,66,27,39
2013-03-23,58,33,25
2013-03-23,38,16,22
2013-03-23,17,7,10
2013-03-23,5,2,3
2013-03-23,4,3,1
2013-03-23,6,3,3
2013-03-23,12,4,8
2013-03-23,5,3,2
2013-03-23,29,5,24
2013-03-22,17,10,7
2013-03-22,30,23,7
2013-03-22,47,33,14
2013-03-22,47,29,18
2013-03-22,95,57,38
2013-03-22,188,118,70
2013-03-22,266,190,76
2013-03-22,174,97,77
2013-03-22,99,47,52
2013-03-22,71,42,29
2013-03-22,67,36,31
2013-03-22,40,18,22
2013-03-22,39,15,24
2013-03-22,52,23,29
2013-03-22,118,38,80
2013-03-22,231,61,170
2013-03-22,148,47,101
2013-03-22,87,26,61
2013-03-22,23,12,11
2013-03-22,5,0,5
2013-03-22,2,1,1
2013-03-22,7,4,3
2013-03-22,3,3,0
2013-03-22,6,4,2
2013-03-21,18,12,6
2013-03-21,23,16,7
2013-03-21,29,16,13
2013-03-21,45,24,21
2013-03-21,84,60,24
2013-03-21,212,151,61
2013-03-21,273,186,87
2013-03-21,112,66,46
2013-03-21,80,47,33
2013-03-21,65,26,39
2013-03-21,63,31,32
2013-03-21,51,16,35
2013-03-21,70,33,37
2013-03-21,106,53,53
2013-03-21,143,48,95
2013-03-21,266,94,172
2013-03-21,173,50,123
2013-03-21,79,22,57
2013-03-21,15,3,12
2013-03-21,5,2,3
2013-03-21,2,2,0
2013-03-21,3,1,2
2013-03-21,5,2,3
2013-03-21,2,0,2
2013-03-20,10,5,5
2013-03-20,27,17,10
2013-03-20,37,21,16
2013-03-20,53,25,28
2013-03-20,100,70,30
2013-03-20,187,120,67
2013-03-20,250,149,101
2013-03-20,116,66,50
2013-03-20,67,35,32
2013-03-20,41,23,18
2013-03-20,26,13,13
2013-03-20,28,11,17
2013-03-20,40,19,21
2013-03-20,38,11,27
2013-03-20,124,38,86
2013-03-20,181,58,123
2013-03-20,113,34,79
2013-03-20,43,14,29
2013-03-20,10,4,6
2013-03-20,6,2,4
2013-03-20,1,1,0
2013-03-20,1,0,1
2013-03-20,3,0,3
2013-03-20,5,4,1
2013-03-19,8,5,3
2013-03-19,18,10,8
2013-03-19,26,14,12
2013-03-19,48,31,17
2013-03-19,104,69,35
2013-03-19,252,175,77
2013-03-19,326,222,104
2013-03-19,166,108,58
2013-03-19,89,54,35
2013-03-19,72,40,32
2013-03-19,64,29,35
2013-03-19,78,31,47
2013-03-19,56,26,30
2013-03-19,76,22,54
2013-03-19,195,71,124
2013-03-19,347,106,241
2013-03-19,235,63,172
2013-03-19,107,26,81
2013-03-19,21,6,15
2013-03-19,3,1,2
2013-03-19,1,1,0
2013-03-19,4,0,4
2013-03-19,5,3,2
2013-03-19,11,7,4
2013-03-18,13,7,6
2013-03-18,32,24,8
2013-03-18,40,19,21
2013-03-18,50,32,18
2013-03-18,119,87,32
2013-03-18,272,179,93
2013-03-18,392,268,124
2013-03-18,167,97,70
2013-03-18,106,57,49
2013-03-18,81,46,35
2013-03-18,75,34,41
2013-03-18,60,23,37
2013-03-18,75,27,48
2013-03-18,64,20,44
2013-03-18,178,71,107
2013-03-18,305,107,198
2013-03-18,210,55,155
2013-03-18,98,30,68
2013-03-18,23,7,16
2013-03-18,6,2,4
2013-03-18,1,1,0
2013-03-18,4,1,3
2013-03-18,4,3,1
2013-03-18,6,3,3
2013-03-17,11,7,4
2013-03-17,11,8,3
2013-03-17,9,3,6
2013-03-17,21,12,9
2013-03-17,23,11,12
2013-03-17,51,19,32
2013-03-17,46,20,26
2013-03-17,102,51,51
2013-03-17,147,57,90
2013-03-17,157,56,101
2013-03-17,143,69,74
2013-03-17,139,60,79
2013-03-17,135,60,75
2013-03-17,102,39,63
2013-03-17,91,40,51
2013-03-17,36,12,24
2013-03-17,28,6,22
2013-03-17,12,7,5
2013-03-17,1,0,1
2013-03-17,4,1,3
2013-03-17,4,1,3
2013-03-17,6,2,4
2013-03-17,8,4,4
2013-03-17,8,5,3
2013-03-16,14,7,7
2013-03-16,19,10,9
2013-03-16,21,8,13
2013-03-16,28,19,9
2013-03-16,34,12,22
2013-03-16,56,34,22
2013-03-16,65,29,36
2013-03-16,83,32,51
2013-03-16,80,39,41
2013-03-16,71,30,41
2013-03-16,78,25,53
2013-03-16,90,30,60
2013-03-16,85,36,49
2013-03-16,82,35,47
2013-03-16,84,35,49
2013-03-16,64,24,40
2013-03-16,37,22,15
2013-03-16,19,9,10
2013-03-16,9,4,5
2013-03-16,3,1,2
2013-03-16,5,3,2
2013-03-16,11,8,3
2013-03-16,10,8,2
2013-03-16,15,8,7
2013-03-15,23,13,10
2013-03-15,26,19,7
2013-03-15,37,24,13
2013-03-15,57,37,20
2013-03-15,100,66,34
2013-03-15,253,171,82
2013-03-15,365,253,112
2013-03-15,215,125,90
2013-03-15,106,51,55
2013-03-15,94,40,54
2013-03-15,88,44,44
2013-03-15,69,28,41
2013-03-15,76,29,47
2013-03-15,78,27,51
2013-03-15,185,71,114
2013-03-15,277,92,185
2013-03-15,172,50,122
2013-03-15,86,22,64
2013-03-15,17,8,9
2013-03-15,3,1,2
2013-03-15,3,1,2
2013-03-15,4,0,4
2013-03-15,9,5,4
2013-03-15,12,6,6
2013-03-14,11,4,7
2013-03-14,23,15,8
2013-03-14,31,20,11
2013-03-14,56,34,22
2013-03-14,107,66,41
2013-03-14,249,164,85
2013-03-14,341,235,106
2013-03-14,161,91,70
2013-03-14,77,39,38
2013-03-14,75,36,39
2013-03-14,63,37,26
2013-03-14,59,28,31
2013-03-14,47,14,33
2013-03-14,78,29,49
2013-03-14,183,51,132
2013-03-14,305,98,207
2013-03-14,208,63,145
2013-03-14,85,24,61
2013-03-14,26,7,19
2013-03-14,5,1,4
2013-03-14,2,1,1
2013-03-14,3,3,0
2013-03-14,3,1,2
2013-03-14,4,2,2
2013-03-13,13,4,9
2013-03-13,29,13,16
2013-03-13,34,27,7
2013-03-13,42,21,21
2013-03-13,123,89,34
2013-03-13,216,146,70
2013-03-13,299,215,84
2013-03-13,128,77,51
2013-03-13,46,25,21
2013-03-13,34,20,14
2013-03-13,40,16,24
2013-03-13,26,13,13
2013-03-13,35,17,18
2013-03-13,65,19,46
2013-03-13,189,74,115
2013-03-13,282,89,193
2013-03-13,182,55,127
2013-03-13,78,27,51
2013-03-13,17,5,12
2013-03-13,6,2,4
2013-03-13,3,1,2
2013-03-13,1,0,1
2013-03-13,1,0,1
2013-03-13,5,4,1
2013-03-12,14,6,8
2013-03-12,19,11,8
2013-03-12,42,32,10
2013-03-12,46,28,18
2013-03-12,102,60,42
2013-03-12,215,146,69
2013-03-12,283,201,82
2013-03-12,134,78,56
2013-03-12,86,53,33
2013-03-12,62,34,28
2013-03-12,54,27,27
2013-03-12,45,20,25
2013-03-12,49,23,26
2013-03-12,69,24,45
2013-03-12,157,53,104
2013-03-12,263,92,171
2013-03-12,199,53,146
2013-03-12,98,29,69
2013-03-12,22,5,17
2013-03-12,6,2,4
2013-03-12,0,0,0
2013-03-12,4,3,1
2013-03-12,2,2,0
2013-03-12,9,4,5
2013-03-11,21,14,7
2013-03-11,30,19,11
2013-03-11,26,13,13
2013-03-11,53,39,14
2013-03-11,94,52,42
2013-03-11,247,167,80
2013-03-11,338,236,102
2013-03-11,196,113,83
2013-03-11,86,53,33
2013-03-11,65,29,36
2013-03-11,64,28,36
2013-03-11,56,23,33
2013-03-11,51,21,30
2013-03-11,75,28,47
2013-03-11,187,72,115
2013-03-11,319,103,216
2013-03-11,185,47,138
2013-03-11,103,31,72
2013-03-11,26,6,20
2013-03-11,8,4,4
2013-03-11,3,2,1
2013-03-11,1,0,1
2013-03-11,6,3,3
2013-03-11,10,3,7
2013-03-10,11,7,4
2013-03-10,25,9,16
2013-03-10,12,5,7
2013-03-10,15,7,8
2013-03-10,17,7,10
2013-03-10,58,31,27
2013-03-10,68,30,38
2013-03-10,122,56,66
2013-03-10,93,48,45
2013-03-10,104,39,65
2013-03-10,105,49,56
2013-03-10,100,40,60
2013-03-10,65,22,43
2013-03-10,88,21,67
2013-03-10,63,25,38
2013-03-10,34,14,20
2013-03-10,18,8,10
2013-03-10,6,5,1
2013-03-10,2,1,1
2013-03-10,0,0,0
2013-03-10,11,9,2
2013-03-10,,,
2013-03-10,18,10,8
2013-03-10,11,9,2
2013-03-09,22,12,10
2013-03-09,22,15,7
2013-03-09,33,15,18
2013-03-09,37,11,26
2013-03-09,66,35,31
2013-03-09,160,80,80
2013-03-09,175,77,98
2013-03-09,277,127,150
2013-03-09,296,142,154
2013-03-09,256,120,136
2013-03-09,250,108,142
2013-03-09,174,69,105
2013-03-09,208,77,131
2013-03-09,143,46,97
2013-03-09,106,39,67
2013-03-09,93,31,62
2013-03-09,40,14,26
2013-03-09,18,9,9
2013-03-09,10,5,5
2013-03-09,2,1,1
2013-03-09,5,3,2
2013-03-09,9,5,4
2013-03-09,6,5,1
2013-03-09,22,12,10
2013-03-08,19,8,11
2013-03-08,30,18,12
2013-03-08,31,16,15
2013-03-08,43,25,18
2013-03-08,93,52,41
2013-03-08,246,155,91
2013-03-08,430,273,157
2013-03-08,278,166,112
2013-03-08,177,87,90
2013-03-08,123,72,51
2013-03-08,113,60,53
2013-03-08,77,26,51
2013-03-08,82,47,35
2013-03-08,88,35,53
2013-03-08,189,73,116
2013-03-08,338,99,239
2013-03-08,237,69,168
2013-03-08,106,33,73
2013-03-08,21,5,16
2013-03-08,2,1,1
2013-03-08,1,1,0
2013-03-08,1,1,0
2013-03-08,7,5,2
2013-03-08,7,3,4
2013-03-07,22,16,6
2013-03-07,34,28,6
2013-03-07,49,29,20
2013-03-07,62,43,19
2013-03-07,144,82,62
2013-03-07,217,132,85
2013-03-07,313,219,94
2013-03-07,197,108,89
2013-03-07,96,48,48
2013-03-07,67,35,32
2013-03-07,72,30,42
2013-03-07,42,19,23
2013-03-07,68,28,40
2013-03-07,74,26,48
2013-03-07,147,66,81
2013-03-07,236,68,168
2013-03-07,193,67,126
2013-03-07,81,27,54
2013-03-07,21,5,16
2013-03-07,4,1,3
2013-03-07,1,0,1
2013-03-07,3,2,1
2013-03-07,2,0,2
2013-03-07,5,3,2
2013-03-06,7,2,5
2013-03-06,16,9,7
2013-03-06,37,20,17
2013-03-06,32,20,12
2013-03-06,90,60,30
2013-03-06,202,131,71
2013-03-06,327,236,91
2013-03-06,129,81,48
2013-03-06,66,33,33
2013-03-06,35,22,13
2013-03-06,33,19,14
2013-03-06,33,16,17
2013-03-06,37,13,24
2013-03-06,49,20,29
2013-03-06,214,99,115
2013-03-06,321,99,222
2013-03-06,251,66,185
2013-03-06,115,35,80
2013-03-06,29,4,25
2013-03-06,7,3,4
2013-03-06,1,1,0
2013-03-06,2,0,2
2013-03-06,4,1,3
2013-03-06,4,2,2
2013-03-05,15,7,8
2013-03-05,23,10,13
2013-03-05,39,19,20
2013-03-05,70,40,30
2013-03-05,109,69,40
2013-03-05,241,154,87
2013-03-05,397,292,105
2013-03-05,178,110,68
2013-03-05,100,57,43
2013-03-05,63,38,25
2013-03-05,59,27,32
2013-03-05,44,16,28
2013-03-05,55,25,30
2013-03-05,65,27,38
2013-03-05,171,65,106
2013-03-05,357,112,245
2013-03-05,257,69,188
2013-03-05,112,39,73
2013-03-05,23,7,16
2013-03-05,5,2,3
2013-03-05,2,2,0
2013-03-05,3,1,2
2013-03-05,5,3,2
2013-03-05,5,2,3
2013-03-04,17,8,9
2013-03-04,34,19,15
2013-03-04,36,23,13
2013-03-04,59,37,22
2013-03-04,104,61,43
2013-03-04,303,207,96
2013-03-04,486,322,164
2013-03-04,212,113,99
2013-03-04,141,69,72
2013-03-04,75,31,44
2013-03-04,96,52,44
2013-03-04,78,33,45
2013-03-04,73,27,46
2013-03-04,65,24,41
2013-03-04,205,74,131
2013-03-04,402,114,288
2013-03-04,259,71,188
2013-03-04,106,32,74
2013-03-04,24,4,20
2013-03-04,6,2,4
2013-03-04,1,1,0
2013-03-04,1,0,1
2013-03-04,2,1,1
2013-03-04,6,2,4
2013-03-03,11,7,4
2013-03-03,20,12,8
2013-03-03,8,6,2
2013-03-03,15,6,9
2013-03-03,35,17,18
2013-03-03,63,30,33
2013-03-03,105,36,69
2013-03-03,143,51,92
2013-03-03,158,67,91
2013-03-03,211,90,121
2013-03-03,238,91,147
2013-03-03,170,76,94
2013-03-03,161,70,91
2013-03-03,142,51,91
2013-03-03,77,28,49
2013-03-03,63,31,32
2013-03-03,22,6,16
2013-03-03,11,7,4
2013-03-03,6,3,3
2013-03-03,2,1,1
2013-03-03,3,2,1
2013-03-03,2,1,1
2013-03-03,9,2,7
2013-03-03,15,10,5
2013-03-02,13,8,5
2013-03-02,23,17,6
2013-03-02,18,6,12
2013-03-02,22,14,8
2013-03-02,25,13,12
2013-03-02,46,24,22
2013-03-02,79,45,34
2013-03-02,81,42,39
2013-03-02,87,37,50
2013-03-02,118,56,62
2013-03-02,133,53,80
2013-03-02,135,48,87
2013-03-02,120,54,66
2013-03-02,93,49,44
2013-03-02,89,44,45
2013-03-02,60,23,37
2013-03-02,32,17,15
2013-03-02,13,6,7
2013-03-02,1,0,1
2013-03-02,3,1,2
2013-03-02,7,2,5
2013-03-02,9,4,5
2013-03-02,6,3,3
2013-03-02,20,10,10
2013-03-01,27,21,6
2013-03-01,17,10,7
2013-03-01,34,24,10
2013-03-01,39,15,24
2013-03-01,91,58,33
2013-03-01,153,103,50
2013-03-01,279,189,90
2013-03-01,170,102,68
2013-03-01,101,54,47
2013-03-01,81,41,40
2013-03-01,62,26,36
2013-03-01,58,26,32
2013-03-01,40,22,18
2013-03-01,56,19,37
2013-03-01,131,54,77
2013-03-01,235,72,163
2013-03-01,147,38,109
2013-03-01,91,30,61
2013-03-01,19,10,9
2013-03-01,2,1,1
2013-03-01,3,1,2
2013-03-01,0,0,0
2013-03-01,4,2,2
2013-03-01,5,3,2
2013-02-28,11,7,4
2013-02-28,21,11,10
2013-02-28,45,24,21
2013-02-28,52,33,19
2013-02-28,66,42,24
2013-02-28,222,141,81
2013-02-28,289,198,91
2013-02-28,118,77,41
2013-02-28,65,39,26
2013-02-28,44,25,19
2013-02-28,37,18,19
2013-02-28,43,17,26
2013-02-28,40,24,16
2013-02-28,52,22,30
2013-02-28,143,50,93
2013-02-28,233,74,159
2013-02-28,166,47,119
2013-02-28,72,20,52
2013-02-28,21,6,15
2013-02-28,4,1,3
2013-02-28,1,1,0
2013-02-28,3,2,1
2013-02-28,4,2,2
2013-02-28,7,4,3
2013-02-27,13,8,5
2013-02-27,20,14,6
2013-02-27,34,21,13
2013-02-27,45,32,13
2013-02-27,96,67,29
2013-02-27,250,180,70
2013-02-27,360,250,110
2013-02-27,169,102,67
2013-02-27,95,56,39
2013-02-27,57,21,36
2013-02-27,61,33,28
2013-02-27,67,24,43
2013-02-27,56,18,38
2013-02-27,84,35,49
2013-02-27,200,79,121
2013-02-27,318,105,213
2013-02-27,240,80,160
2013-02-27,123,32,91
2013-02-27,23,6,17
2013-02-27,9,2,7
2013-02-27,3,1,2
2013-02-27,2,0,2
2013-02-27,3,0,3
2013-02-27,6,5,1
2013-02-26,18,10,8
2013-02-26,24,7,17
2013-02-26,30,20,10
2013-02-26,59,34,25
2013-02-26,117,82,35
2013-02-26,270,176,94
2013-02-26,395,267,128
2013-02-26,197,131,66
2013-02-26,93,55,38
2013-02-26,68,37,31
2013-02-26,78,34,44
2013-02-26,43,18,25
2013-02-26,57,23,34
2013-02-26,76,26,50
2013-02-26,215,81,134
2013-02-26,367,130,237
2013-02-26,235,67,168
2013-02-26,102,27,75
2013-02-26,28,10,18
2013-02-26,5,1,4
2013-02-26,5,2,3
2013-02-26,3,0,3
2013-02-26,4,2,2
2013-02-26,8,4,4
2013-02-25,11,5,6
2013-02-25,21,12,9
2013-02-25,35,19,16
2013-02-25,46,23,23
2013-02-25,100,64,36
2013-02-25,232,159,73
2013-02-25,352,220,132
2013-02-25,176,95,81
2013-02-25,111,48,63
2013-02-25,81,42,39
2013-02-25,51,19,32
2013-02-25,50,23,27
2013-02-25,45,21,24
2013-02-25,56,22,34
2013-02-25,142,53,89
2013-02-25,267,95,172
2013-02-25,189,54,135
2013-02-25,83,26,57
2013-02-25,22,4,18
2013-02-25,5,2,3
2013-02-25,0,0,0
2013-02-25,1,1,0
2013-02-25,3,0,3
2013-02-25,7,2,5
2013-02-24,9,4,5
2013-02-24,16,10,6
2013-02-24,13,6,7
2013-02-24,17,8,9
2013-02-24,32,23,9
2013-02-24,26,10,16
2013-02-24,81,54,27
2013-02-24,87,54,33
2013-02-24,92,41,51
2013-02-24,110,64,46
2013-02-24,98,65,33
2013-02-24,81,37,44
2013-02-24,93,33,60
2013-02-24,66,19,47
2013-02-24,58,26,32
2013-02-24,101,24,77
2013-02-24,78,14,64
2013-02-24,22,5,17
2013-02-24,2,0,2
2013-02-24,6,4,2
2013-02-24,4,3,1
2013-02-24,4,1,3
2013-02-24,4,2,2
2013-02-24,22,10,12
2013-02-23,15,3,12
2013-02-23,13,7,6
2013-02-23,27,12,15
2013-02-23,34,22,12
2013-02-23,36,17,19
2013-02-23,55,24,31
2013-02-23,71,31,40
2013-02-23,100,38,62
2013-02-23,117,47,70
2013-02-23,129,55,74
2013-02-23,101,43,58
2013-02-23,114,63,51
2013-02-23,91,36,55
2013-02-23,61,29,32
2013-02-23,47,29,18
2013-02-23,42,28,14
2013-02-23,30,13,17
2013-02-23,16,12,4
2013-02-23,4,0,4
2013-02-23,1,1,0
2013-02-23,7,2,5
2013-02-23,2,2,0
2013-02-23,3,2,1
2013-02-23,10,7,3
2013-02-22,19,11,8
2013-02-22,14,8,6
2013-02-22,21,15,6
2013-02-22,25,19,6
2013-02-22,66,44,22
2013-02-22,128,89,39
2013-02-22,204,140,64
2013-02-22,117,74,43
2013-02-22,58,31,27
2013-02-22,40,25,15
2013-02-22,29,17,12
2013-02-22,29,18,11
2013-02-22,20,5,15
2013-02-22,35,14,21
2013-02-22,102,34,68
2013-02-22,206,68,138
2013-02-22,131,31,100
2013-02-22,80,30,50
2013-02-22,16,6,10
2013-02-22,5,2,3
2013-02-22,2,1,1
2013-02-22,4,1,3
2013-02-22,3,3,0
2013-02-22,6,4,2
2013-02-21,12,5,7
2013-02-21,35,17,18
2013-02-21,24,16,8
2013-02-21,59,35,24
2013-02-21,93,58,35
2013-02-21,213,129,84
2013-02-21,310,208,102
2013-02-21,138,92,46
2013-02-21,73,41,32
2013-02-21,57,29,28
2013-02-21,44,19,25
2013-02-21,37,20,17
2013-02-21,48,24,24
2013-02-21,55,22,33
2013-02-21,145,53,92
2013-02-21,253,82,171
2013-02-21,171,52,119
2013-02-21,93,26,67
2013-02-21,19,7,12
2013-02-21,5,0,5
2013-02-21,1,0,1
2013-02-21,2,1,1
2013-02-21,0,0,0
2013-02-21,4,3,1
2013-02-20,17,8,9
2013-02-20,26,15,11
2013-02-20,44,24,20
2013-02-20,54,42,12
2013-02-20,77,52,25
2013-02-20,229,163,66
2013-02-20,330,229,101
2013-02-20,153,92,61
2013-02-20,77,46,31
2013-02-20,73,35,38
2013-02-20,60,32,28
2013-02-20,69,31,38
2013-02-20,56,20,36
2013-02-20,73,33,40
2013-02-20,187,57,130
2013-02-20,320,100,220
2013-02-20,220,61,159
2013-02-20,107,25,82
2013-02-20,24,3,21
2013-02-20,9,1,8
2013-02-20,1,1,0
2013-02-20,2,0,2
2013-02-20,1,1,0
2013-02-20,8,4,4
2013-02-19,25,18,7
2013-02-19,28,17,11
2013-02-19,41,24,17
2013-02-19,47,23,24
2013-02-19,120,76,44
2013-02-19,285,190,95
2013-02-19,399,275,124
2013-02-19,220,116,104
2013-02-19,106,56,50
2013-02-19,101,49,52
2013-02-19,89,39,50
2013-02-19,83,30,53
2013-02-19,58,30,28
2013-02-19,79,32,47
2013-02-19,197,70,127
2013-02-19,341,100,241
2013-02-19,234,66,168
2013-02-19,97,25,72
2013-02-19,21,7,14
2013-02-19,5,2,3
2013-02-19,2,2,0
2013-02-19,1,0,1
2013-02-19,3,3,0
2013-02-19,4,3,1
2013-02-18,9,5,4
2013-02-18,20,12,8
2013-02-18,12,6,6
2013-02-18,28,17,11
2013-02-18,67,44,23
2013-02-18,107,67,40
2013-02-18,169,119,50
2013-02-18,139,61,78
2013-02-18,111,61,50
2013-02-18,94,42,52
2013-02-18,83,43,40
2013-02-18,78,31,47
2013-02-18,72,30,42
2013-02-18,76,33,43
2013-02-18,111,52,59
2013-02-18,140,42,98
2013-02-18,95,27,68
2013-02-18,37,17,20
2013-02-18,11,3,8
2013-02-18,4,1,3
2013-02-18,3,1,2
2013-02-18,5,3,2
2013-02-18,3,2,1
2013-02-18,7,4,3
2013-02-17,9,5,4
2013-02-17,15,8,7
2013-02-17,13,6,7
2013-02-17,18,6,12
2013-02-17,28,13,15
2013-02-17,41,17,24
2013-02-17,68,39,29
2013-02-17,92,43,49
2013-02-17,98,38,60
2013-02-17,94,38,56
2013-02-17,83,37,46
2013-02-17,62,25,37
2013-02-17,50,20,30
2013-02-17,50,25,25
2013-02-17,55,24,31
2013-02-17,26,19,7
2013-02-17,20,7,13
2013-02-17,6,5,1
2013-02-17,3,1,2
2013-02-17,2,1,1
2013-02-17,10,7,3
2013-02-17,7,4,3
2013-02-17,5,2,3
2013-02-17,14,8,6
2013-02-16,12,5,7
2013-02-16,5,2,3
2013-02-16,19,8,11
2013-02-16,23,12,11
2013-02-16,19,8,11
2013-02-16,56,27,29
2013-02-16,59,25,34
2013-02-16,67,37,30
2013-02-16,117,44,73
2013-02-16,121,48,73
2013-02-16,120,65,55
2013-02-16,92,47,45
2013-02-16,65,25,40
2013-02-16,55,15,40
2013-02-16,60,21,39
2013-02-16,39,18,21
2013-02-16,28,10,18
2013-02-16,10,3,7
2013-02-16,6,2,4
2013-02-16,3,1,2
2013-02-16,9,3,6
2013-02-16,7,4,3
2013-02-16,4,4,0
2013-02-16,21,10,11
2013-02-15,16,9,7
2013-02-15,19,10,9
2013-02-15,29,20,9
2013-02-15,50,22,28
2013-02-15,71,54,17
2013-02-15,207,123,84
2013-02-15,325,207,118
2013-02-15,249,153,96
2013-02-15,165,75,90
2013-02-15,133,57,76
2013-02-15,100,41,59
2013-02-15,86,41,45
2013-02-15,61,27,34
2013-02-15,84,28,56
2013-02-15,162,59,103
2013-02-15,255,78,177
2013-02-15,170,52,118
2013-02-15,79,26,53
2013-02-15,11,3,8
2013-02-15,5,2,3
2013-02-15,4,2,2
2013-02-15,2,0,2
2013-02-15,10,3,7
2013-02-15,11,6,5
2013-02-14,35,10,25
2013-02-14,29,11,18
2013-02-14,24,12,12
2013-02-14,53,32,21
2013-02-14,83,56,27
2013-02-14,210,136,74
2013-02-14,284,187,97
2013-02-14,142,83,59
2013-02-14,89,33,56
2013-02-14,64,33,31
2013-02-14,48,16,32
2013-02-14,54,24,30
2013-02-14,45,22,23
2013-02-14,46,20,26
2013-02-14,135,56,79
2013-02-14,255,79,176
2013-02-14,160,47,113
2013-02-14,93,35,58
2013-02-14,18,7,11
2013-02-14,6,1,5
2013-02-14,0,0,0
2013-02-14,2,0,2
2013-02-14,4,0,4
2013-02-14,5,4,1
2013-02-13,20,14,6
2013-02-13,24,14,10
2013-02-13,42,26,16
2013-02-13,68,47,21
2013-02-13,91,55,36
2013-02-13,209,140,69
2013-02-13,334,230,104
2013-02-13,166,95,71
2013-02-13,86,44,42
2013-02-13,49,24,25
2013-02-13,40,19,21
2013-02-13,51,16,35
2013-02-13,55,21,34
2013-02-13,59,28,31
2013-02-13,152,57,95
2013-02-13,292,94,198
2013-02-13,204,56,148
2013-02-13,83,22,61
2013-02-13,18,6,12
2013-02-13,11,2,9
2013-02-13,1,0,1
2013-02-13,1,1,0
2013-02-13,3,1,2
2013-02-13,7,4,3
2013-02-12,19,7,12
2013-02-12,25,16,9
2013-02-12,29,16,13
2013-02-12,54,28,26
2013-02-12,114,64,50
2013-02-12,229,146,83
2013-02-12,336,237,99
2013-02-12,153,92,61
2013-02-12,67,38,29
2013-02-12,54,28,26
2013-02-12,45,25,20
2013-02-12,34,17,17
2013-02-12,43,23,20
2013-02-12,56,30,26
2013-02-12,162,57,105
2013-02-12,323,102,221
2013-02-12,220,57,163
2013-02-12,97,28,69
2013-02-12,22,5,17
2013-02-12,8,3,5
2013-02-12,3,1,2
2013-02-12,0,0,0
2013-02-12,4,0,4
2013-02-12,8,3,5
2013-02-11,10,6,4
2013-02-11,22,13,9
2013-02-11,37,25,12
2013-02-11,54,31,23
2013-02-11,87,54,33
2013-02-11,259,172,87
2013-02-11,334,241,93
2013-02-11,179,94,85
2013-02-11,91,47,44
2013-02-11,61,29,32
2013-02-11,42,26,16
2013-02-11,58,24,34
2013-02-11,38,18,20
2013-02-11,64,30,34
2013-02-11,149,47,102
2013-02-11,286,92,194
2013-02-11,237,73,164
2013-02-11,100,37,63
2013-02-11,17,3,14
2013-02-11,10,3,7
2013-02-11,0,0,0
2013-02-11,1,0,1
2013-02-11,3,2,1
2013-02-11,6,2,4
2013-02-10,12,10,2
2013-02-10,11,3,8
2013-02-10,16,9,7
2013-02-10,15,9,6
2013-02-10,21,8,13
2013-02-10,39,20,19
2013-02-10,66,35,31
2013-02-10,106,40,66
2013-02-10,147,67,80
2013-02-10,206,93,113
2013-02-10,164,76,88
2013-02-10,149,52,97
2013-02-10,102,47,55
2013-02-10,83,38,45
2013-02-10,74,26,48
2013-02-10,44,17,27
2013-02-10,18,12,6
2013-02-10,10,5,5
2013-02-10,3,0,3
2013-02-10,4,2,2
2013-02-10,4,1,3
2013-02-10,3,1,2
2013-02-10,2,0,2
2013-02-10,13,6,7
2013-02-09,11,6,5
2013-02-09,18,8,10
2013-02-09,13,5,8
2013-02-09,24,9,15
2013-02-09,32,18,14
2013-02-09,29,17,12
2013-02-09,69,32,37
2013-02-09,76,37,39
2013-02-09,106,45,61
2013-02-09,135,62,73
2013-02-09,113,47,66
2013-02-09,104,43,61
2013-02-09,96,33,63
2013-02-09,87,26,61
2013-02-09,65,27,38
2013-02-09,56,30,26
2013-02-09,24,8,16
2013-02-09,16,10,6
2013-02-09,4,1,3
2013-02-09,3,3,0
2013-02-09,1,0,1
2013-02-09,6,4,2
2013-02-09,9,6,3
2013-02-09,17,10,7
2013-02-08,22,11,11
2013-02-08,20,8,12
2013-02-08,33,20,13
2013-02-08,38,19,19
2013-02-08,67,43,24
2013-02-08,187,128,59
2013-02-08,323,218,105
2013-02-08,196,117,79
2013-02-08,95,51,44
2013-02-08,87,41,46
2013-02-08,90,51,39
2013-02-08,68,30,38
2013-02-08,62,26,36
2013-02-08,68,19,49
2013-02-08,174,67,107
2013-02-08,295,80,215
2013-02-08,205,60,145
2013-02-08,93,30,63
2013-02-08,12,6,6
2013-02-08,4,4,0
2013-02-08,0,0,0
2013-02-08,3,1,2
2013-02-08,6,3,3
2013-02-08,13,9,4
2013-02-07,17,10,7
2013-02-07,32,17,15
2013-02-07,55,41,14
2013-02-07,62,40,22
2013-02-07,96,67,29
2013-02-07,223,144,79
2013-02-07,324,204,120
2013-02-07,179,96,83
2013-02-07,104,55,49
2013-02-07,104,56,48
2013-02-07,69,30,39
2013-02-07,60,23,37
2013-02-07,64,26,38
2013-02-07,59,26,33
2013-02-07,160,60,100
2013-02-07,278,92,186
2013-02-07,196,52,144
2013-02-07,68,21,47
2013-02-07,17,5,12
2013-02-07,6,2,4
2013-02-07,0,0,0
2013-02-07,2,0,2
2013-02-07,6,1,5
2013-02-07,6,4,2
2013-02-06,13,9,4
2013-02-06,20,11,9
2013-02-06,30,18,12
2013-02-06,59,42,17
2013-02-06,87,51,36
2013-02-06,196,122,74
2013-02-06,293,202,91
2013-02-06,155,99,56
2013-02-06,75,43,32
2013-02-06,68,25,43
2013-02-06,48,19,29
2013-02-06,62,31,31
2013-02-06,65,31,34
2013-02-06,54,21,33
2013-02-06,155,55,100
2013-02-06,285,93,192
2013-02-06,192,67,125
2013-02-06,91,24,67
2013-02-06,26,7,19
2013-02-06,7,2,5
2013-02-06,1,0,1
2013-02-06,2,0,2
2013-02-06,4,4,0
2013-02-06,7,3,4
2013-02-05,16,9,7
2013-02-05,23,15,8
2013-02-05,31,16,15
2013-02-05,50,32,18
2013-02-05,86,53,33
2013-02-05,227,160,67
2013-02-05,306,224,82
2013-02-05,126,78,48
2013-02-05,59,31,28
2013-02-05,70,30,40
2013-02-05,56,30,26
2013-02-05,47,19,28
2013-02-05,55,19,36
2013-02-05,62,23,39
2013-02-05,171,63,108
2013-02-05,305,88,217
2013-02-05,192,44,148
2013-02-05,87,30,57
2013-02-05,19,6,13
2013-02-05,6,2,4
2013-02-05,3,1,2
2013-02-05,3,1,2
2013-02-05,4,3,1
2013-02-05,8,5,3
2013-02-04,11,8,3
2013-02-04,17,10,7
2013-02-04,39,23,16
2013-02-04,43,30,13
2013-02-04,107,65,42
2013-02-04,252,169,83
2013-02-04,378,255,123
2013-02-04,170,96,74
2013-02-04,99,43,56
2013-02-04,69,30,39
2013-02-04,46,20,26
2013-02-04,60,31,29
2013-02-04,51,25,26
2013-02-04,67,31,36
2013-02-04,197,74,123
2013-02-04,316,102,214
2013-02-04,210,58,152
2013-02-04,114,32,82
2013-02-04,24,5,19
2013-02-04,6,2,4
2013-02-04,1,0,1
2013-02-04,3,1,2
2013-02-04,4,2,2
2013-02-04,4,2,2
2013-02-03,10,6,4
2013-02-03,13,6,7
2013-02-03,21,10,11
2013-02-03,26,9,17
2013-02-03,18,9,9
2013-02-03,25,13,12
2013-02-03,43,18,25
2013-02-03,53,32,21
2013-02-03,90,28,62
2013-02-03,85,42,43
2013-02-03,94,50,44
2013-02-03,90,42,48
2013-02-03,71,28,43
2013-02-03,92,30,62
2013-02-03,46,22,24
2013-02-03,28,12,16
2013-02-03,14,7,7
2013-02-03,13,6,7
2013-02-03,3,0,3
2013-02-03,3,1,2
2013-02-03,0,0,0
2013-02-03,7,4,3
2013-02-03,9,5,4
2013-02-03,14,11,3
2013-02-02,10,6,4
2013-02-02,9,5,4
2013-02-02,17,8,9
2013-02-02,21,6,15
2013-02-02,27,18,9
2013-02-02,40,19,21
2013-02-02,68,38,30
2013-02-02,119,44,75
2013-02-02,122,52,70
2013-02-02,122,59,63
2013-02-02,104,38,66
2013-02-02,109,40,69
2013-02-02,113,46,67
2013-02-02,58,18,40
2013-02-02,58,26,32
2013-02-02,56,28,28
2013-02-02,24,7,17
2013-02-02,15,8,7
2013-02-02,3,1,2
2013-02-02,1,1,0
2013-02-02,2,0,2
2013-02-02,7,4,3
2013-02-02,12,7,5
2013-02-02,16,9,7
2013-02-01,22,11,11
2013-02-01,27,20,7
2013-02-01,15,10,5
2013-02-01,43,31,12
2013-02-01,82,51,31
2013-02-01,190,118,72
2013-02-01,301,207,94
2013-02-01,182,109,73
2013-02-01,131,59,72
2013-02-01,96,43,53
2013-02-01,74,40,34
2013-02-01,71,35,36
2013-02-01,58,31,27
2013-02-01,92,34,58
2013-02-01,154,58,96
2013-02-01,261,72,189
2013-02-01,195,53,142
2013-02-01,74,21,53
2013-02-01,15,3,12
2013-02-01,6,2,4
2013-02-01,0,0,0
2013-02-01,3,0,3
2013-02-01,4,0,4
2013-02-01,12,8,4
2013-01-31,15,7,8
2013-01-31,24,12,12
2013-01-31,30,22,8
2013-01-31,67,52,15
2013-01-31,114,79,35
2013-01-31,177,110,67
2013-01-31,310,215,95
2013-01-31,141,92,49
2013-01-31,61,29,32
2013-01-31,61,29,32
2013-01-31,54,24,30
2013-01-31,47,15,32
2013-01-31,45,17,28
2013-01-31,39,12,27
2013-01-31,160,56,104
2013-01-31,271,87,184
2013-01-31,177,49,128
2013-01-31,85,26,59
2013-01-31,25,11,14
2013-01-31,7,1,6
2013-01-31,1,0,1
2013-01-31,2,0,2
2013-01-31,3,1,2
2013-01-31,5,1,4
2013-01-30,15,9,6
2013-01-30,17,8,9
2013-01-30,29,22,7
2013-01-30,53,30,23
2013-01-30,87,62,25
2013-01-30,192,143,49
2013-01-30,286,202,84
2013-01-30,127,74,53
2013-01-30,56,26,30
2013-01-30,50,26,24
2013-01-30,31,11,20
2013-01-30,43,23,20
2013-01-30,35,13,22
2013-01-30,56,18,38
2013-01-30,135,52,83
2013-01-30,259,73,186
2013-01-30,174,54,120
2013-01-30,72,30,42
2013-01-30,22,7,15
2013-01-30,11,3,8
2013-01-30,2,0,2
2013-01-30,4,0,4
2013-01-30,0,0,0
2013-01-30,4,1,3
2013-01-29,10,6,4
2013-01-29,18,10,8
2013-01-29,26,17,9
2013-01-29,40,23,17
2013-01-29,88,61,27
2013-01-29,191,138,53
2013-01-29,286,198,88
2013-01-29,133,87,46
2013-01-29,59,35,24
2013-01-29,43,21,22
2013-01-29,41,17,24
2013-01-29,52,24,28
2013-01-29,46,13,33
2013-01-29,48,9,39
2013-01-29,142,53,89
2013-01-29,251,76,175
2013-01-29,189,59,130
2013-01-29,83,21,62
2013-01-29,21,5,16
2013-01-29,8,2,6
2013-01-29,4,2,2
2013-01-29,2,0,2
2013-01-29,2,1,1
2013-01-29,6,1,5
2013-01-28,5,1,4
2013-01-28,15,6,9
2013-01-28,17,12,5
2013-01-28,35,25,10
2013-01-28,70,42,28
2013-01-28,185,124,61
2013-01-28,272,192,80
2013-01-28,151,89,62
2013-01-28,55,33,22
2013-01-28,31,18,13
2013-01-28,34,20,14
2013-01-28,38,19,19
2013-01-28,44,19,25
2013-01-28,44,18,26
2013-01-28,137,53,84
2013-01-28,268,87,181
2013-01-28,177,41,136
2013-01-28,97,26,71
2013-01-28,20,3,17
2013-01-28,3,1,2
2013-01-28,1,1,0
2013-01-28,2,1,1
2013-01-28,2,0,2
2013-01-28,5,0,5
2013-01-27,10,4,6
2013-01-27,9,6,3
2013-01-27,12,5,7
2013-01-27,14,9,5
2013-01-27,18,14,4
2013-01-27,24,12,12
2013-01-27,26,12,14
2013-01-27,52,24,28
2013-01-27,50,24,26
2013-01-27,59,20,39
2013-01-27,43,23,20
2013-01-27,59,20,39
2013-01-27,69,20,49
2013-01-27,66,33,33
2013-01-27,48,21,27
2013-01-27,27,10,17
2013-01-27,17,7,10
2013-01-27,12,9,3
2013-01-27,2,1,1
2013-01-27,1,0,1
2013-01-27,1,1,0
2013-01-27,2,1,1
2013-01-27,12,2,10
2013-01-27,10,7,3
2013-01-26,14,5,9
2013-01-26,9,4,5
2013-01-26,16,10,6
2013-01-26,17,6,11
2013-01-26,15,10,5
2013-01-26,27,14,13
2013-01-26,30,13,17
2013-01-26,47,16,31
2013-01-26,45,22,23
2013-01-26,34,18,16
2013-01-26,46,15,31
2013-01-26,42,22,20
2013-01-26,46,30,16
2013-01-26,35,18,17
2013-01-26,32,17,15
2013-01-26,19,7,12
2013-01-26,11,1,10
2013-01-26,13,8,5
2013-01-26,7,2,5
2013-01-26,2,2,0
2013-01-26,4,0,4
2013-01-26,8,7,1
2013-01-26,7,2,5
2013-01-26,18,9,9
2013-01-25,24,6,18
2013-01-25,22,14,8
2013-01-25,27,12,15
2013-01-25,54,34,20
2013-01-25,67,45,22
2013-01-25,162,109,53
2013-01-25,287,192,95
2013-01-25,194,114,80
2013-01-25,112,64,48
2013-01-25,62,36,26
2013-01-25,53,30,23
2013-01-25,54,20,34
2013-01-25,37,16,21
2013-01-25,54,20,34
2013-01-25,135,53,82
2013-01-25,248,84,164
2013-01-25,144,45,99
2013-01-25,89,31,58
2013-01-25,18,6,12
2013-01-25,5,0,5
2013-01-25,0,0,0
2013-01-25,4,2,2
2013-01-25,3,0,3
2013-01-25,6,3,3
2013-01-24,13,6,7
2013-01-24,20,14,6
2013-01-24,26,14,12
2013-01-24,54,37,17
2013-01-24,93,53,40
2013-01-24,190,123,67
2013-01-24,283,198,85
2013-01-24,125,80,45
2013-01-24,92,46,46
2013-01-24,66,30,36
2013-01-24,54,31,23
2013-01-24,68,25,43
2013-01-24,57,29,28
2013-01-24,72,33,39
2013-01-24,163,62,101
2013-01-24,268,89,179
2013-01-24,173,45,128
2013-01-24,98,26,72
2013-01-24,18,6,12
2013-01-24,7,1,6
2013-01-24,3,1,2
2013-01-24,3,1,2
2013-01-24,4,1,3
2013-01-24,5,1,4
2013-01-23,12,7,5
2013-01-23,18,9,9
2013-01-23,18,12,6
2013-01-23,57,35,22
2013-01-23,75,52,23
2013-01-23,183,125,58
2013-01-23,286,205,81
2013-01-23,112,68,44
2013-01-23,55,31,24
2013-01-23,38,15,23
2013-01-23,35,18,17
2013-01-23,27,12,15
2013-01-23,27,14,13
2013-01-23,56,18,38
2013-01-23,160,59,101
2013-01-23,281,88,193
2013-01-23,190,68,122
2013-01-23,84,21,63
2013-01-23,29,6,23
2013-01-23,10,3,7
2013-01-23,2,1,1
2013-01-23,3,1,2
2013-01-23,3,0,3
2013-01-23,6,3,3
2013-01-22,13,6,7
2013-01-22,19,13,6
2013-01-22,29,12,17
2013-01-22,38,22,16
2013-01-22,82,51,31
2013-01-22,217,155,62
2013-01-22,317,217,100
2013-01-22,146,74,72
2013-01-22,95,58,37
2013-01-22,62,36,26
2013-01-22,59,33,26
2013-01-22,49,22,27
2013-01-22,52,21,31
2013-01-22,62,22,40
2013-01-22,147,63,84
2013-01-22,261,90,171
2013-01-22,195,51,144
2013-01-22,84,21,63
2013-01-22,20,5,15
2013-01-22,5,1,4
2013-01-22,1,1,0
2013-01-22,4,3,1
2013-01-22,2,2,0
2013-01-22,6,2,4
2013-01-21,19,12,7
2013-01-21,27,17,10
2013-01-21,21,12,9
2013-01-21,34,21,13
2013-01-21,71,44,27
2013-01-21,120,81,39
2013-01-21,162,111,51
2013-01-21,113,63,50
2013-01-21,57,16,41
2013-01-21,64,35,29
2013-01-21,48,17,31
2013-01-21,65,29,36
2013-01-21,38,15,23
2013-01-21,48,21,27
2013-01-21,102,39,63
2013-01-21,134,44,90
2013-01-21,90,34,56
2013-01-21,32,10,22
2013-01-21,10,2,8
2013-01-21,5,1,4
2013-01-21,2,1,1
2013-01-21,6,4,2
2013-01-21,1,0,1
2013-01-21,7,3,4
2013-01-20,16,6,10
2013-01-20,17,6,11
2013-01-20,10,6,4
2013-01-20,18,6,12
2013-01-20,24,9,15
2013-01-20,22,11,11
2013-01-20,50,26,24
2013-01-20,87,40,47
2013-01-20,95,41,54
2013-01-20,92,32,60
2013-01-20,79,27,52
2013-01-20,74,24,50
2013-01-20,61,28,33
2013-01-20,40,16,24
2013-01-20,31,16,15
2013-01-20,26,8,18
2013-01-20,16,7,9
2013-01-20,8,5,3
2013-01-20,1,0,1
2013-01-20,5,4,1
2013-01-20,0,0,0
2013-01-20,7,2,5
2013-01-20,11,6,5
2013-01-20,11,8,3
2013-01-19,10,6,4
2013-01-19,14,5,9
2013-01-19,15,9,6
2013-01-19,24,15,9
2013-01-19,21,9,12
2013-01-19,26,17,9
2013-01-19,46,28,18
2013-01-19,79,26,53
2013-01-19,79,28,51
2013-01-19,71,26,45
2013-01-19,77,35,42
2013-01-19,68,31,37
2013-01-19,64,30,34
2013-01-19,37,15,22
2013-01-19,37,17,20
2013-01-19,27,11,16
2013-01-19,19,6,13
2013-01-19,10,6,4
2013-01-19,5,1,4
2013-01-19,1,0,1
2013-01-19,2,0,2
2013-01-19,6,3,3
2013-01-19,8,6,2
2013-01-19,14,9,5
2013-01-18,21,12,9
2013-01-18,21,12,9
2013-01-18,21,8,13
2013-01-18,33,24,9
2013-01-18,70,47,23
2013-01-18,157,97,60
2013-01-18,245,158,87
2013-01-18,119,62,57
2013-01-18,66,37,29
2013-01-18,66,30,36
2013-01-18,55,30,25
2013-01-18,49,25,24
2013-01-18,53,22,31
2013-01-18,55,15,40
2013-01-18,139,58,81
2013-01-18,195,58,137
2013-01-18,137,46,91
2013-01-18,52,16,36
2013-01-18,7,3,4
2013-01-18,4,2,2
2013-01-18,2,0,2
2013-01-18,2,0,2
2013-01-18,6,5,1
2013-01-18,10,8,2
2013-01-17,17,6,11
2013-01-17,27,17,10
2013-01-17,30,16,14
2013-01-17,28,16,12
2013-01-17,88,51,37
2013-01-17,197,133,64
2013-01-17,278,204,74
2013-01-17,117,64,53
2013-01-17,71,45,26
2013-01-17,60,33,27
2013-01-17,55,32,23
2013-01-17,45,21,24
2013-01-17,47,25,22
2013-01-17,65,32,33
2013-01-17,134,50,84
2013-01-17,245,78,167
2013-01-17,164,44,120
2013-01-17,72,16,56
2013-01-17,15,2,13
2013-01-17,11,4,7
2013-01-17,2,1,1
2013-01-17,3,1,2
2013-01-17,3,2,1
2013-01-17,3,1,2
2013-01-16,12,6,6
2013-01-16,24,14,10
2013-01-16,24,18,6
2013-01-16,67,40,27
2013-01-16,85,64,21
2013-01-16,206,128,78
2013-01-16,288,202,86
2013-01-16,160,100,60
2013-01-16,95,40,55
2013-01-16,80,31,49
2013-01-16,55,29,26
2013-01-16,50,23,27
2013-01-16,51,26,25
2013-01-16,64,31,33
2013-01-16,154,56,98
2013-01-16,251,83,168
2013-01-16,165,46,119
2013-01-16,75,26,49
2013-01-16,15,3,12
2013-01-16,13,5,8
2013-01-16,4,2,2
2013-01-16,4,2,2
2013-01-16,2,0,2
2013-01-16,6,5,1
2013-01-15,7,1,6
2013-01-15,16,9,7
2013-01-15,33,17,16
2013-01-15,54,35,19
2013-01-15,90,55,35
2013-01-15,230,158,72
2013-01-15,308,193,115
2013-01-15,163,102,61
2013-01-15,106,59,47
2013-01-15,70,32,38
2013-01-15,63,33,30
2013-01-15,50,28,22
2013-01-15,43,13,30
2013-01-15,65,22,43
2013-01-15,171,62,109
2013-01-15,287,93,194
2013-01-15,202,52,150
2013-01-15,67,19,48
2013-01-15,16,8,8
2013-01-15,6,0,6
2013-01-15,3,1,2
2013-01-15,3,1,2
2013-01-15,1,1,0
2013-01-15,12,7,5
2013-01-14,8,5,3
2013-01-14,23,12,11
2013-01-14,26,14,12
2013-01-14,53,27,26
2013-01-14,91,61,30
2013-01-14,209,149,60
2013-01-14,283,196,87
2013-01-14,146,88,58
2013-01-14,74,46,28
2013-01-14,59,25,34
2013-01-14,41,23,18
2013-01-14,53,23,30
2013-01-14,51,26,25
2013-01-14,57,21,36
2013-01-14,148,48,100
2013-01-14,276,89,187
2013-01-14,152,46,106
2013-01-14,81,23,58
2013-01-14,19,6,13
2013-01-14,5,2,3
2013-01-14,3,1,2
2013-01-14,2,0,2
2013-01-14,2,1,1
2013-01-14,7,3,4
2013-01-13,7,3,4
2013-01-13,4,2,2
2013-01-13,12,8,4
2013-01-13,14,8,6
2013-01-13,16,6,10
2013-01-13,18,6,12
2013-01-13,33,15,18
2013-01-13,48,15,33
2013-01-13,71,24,47
2013-01-13,77,37,40
2013-01-13,59,21,38
2013-01-13,46,14,32
2013-01-13,32,19,13
2013-01-13,39,12,27
2013-01-13,23,6,17
2013-01-13,18,10,8
2013-01-13,12,4,8
2013-01-13,6,5,1
2013-01-13,2,2,0
2013-01-13,1,0,1
2013-01-13,0,0,0
2013-01-13,7,3,4
2013-01-13,6,2,4
2013-01-13,8,2,6
2013-01-12,15,7,8
2013-01-12,14,6,8
2013-01-12,6,3,3
2013-01-12,13,9,4
2013-01-12,25,15,10
2013-01-12,32,16,16
2013-01-12,40,12,28
2013-01-12,59,39,20
2013-01-12,80,38,42
2013-01-12,78,37,41
2013-01-12,80,43,37
2013-01-12,42,15,27
2013-01-12,54,25,29
2013-01-12,35,19,16
2013-01-12,35,16,19
2013-01-12,25,12,13
2013-01-12,12,6,6
2013-01-12,9,4,5
2013-01-12,5,2,3
2013-01-12,4,3,1
2013-01-12,1,0,1
2013-01-12,3,2,1
2013-01-12,5,3,2
2013-01-12,5,4,1
2013-01-11,10,6,4
2013-01-11,31,17,14
2013-01-11,17,7,10
2013-01-11,26,16,10
2013-01-11,65,45,20
2013-01-11,144,102,42
2013-01-11,206,139,67
2013-01-11,148,86,62
2013-01-11,91,49,42
2013-01-11,51,19,32
2013-01-11,54,23,31
2013-01-11,62,35,27
2013-01-11,48,17,31
2013-01-11,52,21,31
2013-01-11,138,50,88
2013-01-11,214,63,151
2013-01-11,113,36,77
2013-01-11,54,17,37
2013-01-11,11,5,6
2013-01-11,7,2,5
2013-01-11,0,0,0
2013-01-11,2,0,2
2013-01-11,12,4,8
2013-01-11,14,7,7
2013-01-10,19,6,13
2013-01-10,26,12,14
2013-01-10,28,20,8
2013-01-10,44,29,15
2013-01-10,83,52,31
2013-01-10,206,138,68
2013-01-10,278,180,98
2013-01-10,136,81,55
2013-01-10,62,34,28
2013-01-10,46,25,21
2013-01-10,38,15,23
2013-01-10,45,19,26
2013-01-10,46,23,23
2013-01-10,42,16,26
2013-01-10,159,57,102
2013-01-10,273,81,192
2013-01-10,163,52,111
2013-01-10,85,26,59
2013-01-10,12,2,10
2013-01-10,7,2,5
2013-01-10,0,0,0
2013-01-10,1,0,1
2013-01-10,5,1,4
2013-01-10,6,4,2
2013-01-09,10,5,5
2013-01-09,13,3,10
2013-01-09,17,10,7
2013-01-09,41,26,15
2013-01-09,74,52,22
2013-01-09,155,107,48
2013-01-09,216,142,74
2013-01-09,120,69,51
2013-01-09,58,31,27
2013-01-09,38,16,22
2013-01-09,27,8,19
2013-01-09,32,15,17
2013-01-09,24,10,14
2013-01-09,40,12,28
2013-01-09,103,40,63
2013-01-09,187,49,138
2013-01-09,105,29,76
2013-01-09,63,19,44
2013-01-09,13,2,11
2013-01-09,5,2,3
2013-01-09,2,1,1
2013-01-09,1,0,1
2013-01-09,0,0,0
2013-01-09,3,2,1
2013-01-08,6,4,2
2013-01-08,14,6,8
2013-01-08,15,7,8
2013-01-08,28,22,6
2013-01-08,48,31,17
2013-01-08,189,133,56
2013-01-08,269,194,75
2013-01-08,116,69,47
2013-01-08,57,33,24
2013-01-08,29,18,11
2013-01-08,30,13,17
2013-01-08,27,10,17
2013-01-08,30,16,14
2013-01-08,32,9,23
2013-01-08,108,50,58
2013-01-08,252,77,175
2013-01-08,200,59,141
2013-01-08,81,28,53
2013-01-08,25,10,15
2013-01-08,6,2,4
2013-01-08,2,1,1
2013-01-08,2,1,1
2013-01-08,2,0,2
2013-01-08,10,4,6
2013-01-07,8,7,1
2013-01-07,22,13,9
2013-01-07,23,12,11
2013-01-07,44,27,17
2013-01-07,89,48,41
2013-01-07,215,153,62
2013-01-07,313,208,105
2013-01-07,149,81,68
2013-01-07,84,52,32
2013-01-07,41,19,22
2013-01-07,42,20,22
2013-01-07,33,21,12
2013-01-07,41,16,25
2013-01-07,49,25,24
2013-01-07,150,50,100
2013-01-07,281,77,204
2013-01-07,188,55,133
2013-01-07,88,29,59
2013-01-07,23,8,15
2013-01-07,4,1,3
2013-01-07,0,0,0
2013-01-07,0,0,0
2013-01-07,3,2,1
2013-01-07,3,1,2
2013-01-06,2,2,0
2013-01-06,6,6,0
2013-01-06,12,6,6
2013-01-06,14,6,8
2013-01-06,15,7,8
2013-01-06,31,22,9
2013-01-06,35,19,16
2013-01-06,32,15,17
2013-01-06,42,14,28
2013-01-06,45,23,22
2013-01-06,96,44,52
2013-01-06,75,34,41
2013-01-06,105,43,62
2013-01-06,59,15,44
2013-01-06,43,18,25
2013-01-06,37,14,23
2013-01-06,13,7,6
2013-01-06,9,2,7
2013-01-06,4,2,2
2013-01-06,3,1,2
2013-01-06,1,0,1
2013-01-06,7,3,4
2013-01-06,9,5,4
2013-01-06,11,6,5
2013-01-05,7,5,2
2013-01-05,8,5,3
2013-01-05,7,1,6
2013-01-05,26,14,12
2013-01-05,16,9,7
2013-01-05,26,13,13
2013-01-05,41,15,26
2013-01-05,59,26,33
2013-01-05,84,40,44
2013-01-05,73,29,44
2013-01-05,73,30,43
2013-01-05,53,19,34
2013-01-05,51,22,29
2013-01-05,44,16,28
2013-01-05,34,16,18
2013-01-05,59,27,32
2013-01-05,13,8,5
2013-01-05,19,8,11
2013-01-05,8,4,4
2013-01-05,3,2,1
2013-01-05,2,0,2
2013-01-05,2,0,2
2013-01-05,1,0,1
2013-01-05,10,7,3
2013-01-04,16,7,9
2013-01-04,12,8,4
2013-01-04,28,14,14
2013-01-04,45,30,15
2013-01-04,79,58,21
2013-01-04,156,108,48
2013-01-04,245,171,74
2013-01-04,158,100,58
2013-01-04,89,50,39
2013-01-04,79,34,45
2013-01-04,63,31,32
2013-01-04,45,30,15
2013-01-04,56,23,33
2013-01-04,55,25,30
2013-01-04,125,40,85
2013-01-04,229,74,155
2013-01-04,138,40,98
2013-01-04,63,20,43
2013-01-04,13,4,9
2013-01-04,5,3,2
2013-01-04,2,1,1
2013-01-04,2,1,1
2013-01-04,2,1,1
2013-01-04,7,3,4
2013-01-03,9,4,5
2013-01-03,14,6,8
2013-01-03,16,10,6
2013-01-03,41,29,12
2013-01-03,69,45,24
2013-01-03,175,122,53
2013-01-03,252,176,76
2013-01-03,151,96,55
2013-01-03,104,60,44
2013-01-03,103,57,46
2013-01-03,59,33,26
2013-01-03,57,24,33
2013-01-03,56,27,29
2013-01-03,70,20,50
2013-01-03,138,54,84
2013-01-03,228,69,159
2013-01-03,149,41,108
2013-01-03,69,22,47
2013-01-03,20,9,11
2013-01-03,6,1,5
2013-01-03,1,1,0
2013-01-03,3,1,2
2013-01-03,3,1,2
2013-01-03,10,5,5
2013-01-02,6,2,4
2013-01-02,11,6,5
2013-01-02,21,18,3
2013-01-02,45,30,15
2013-01-02,72,48,24
2013-01-02,171,127,44
2013-01-02,299,221,78
2013-01-02,164,101,63
2013-01-02,104,48,56
2013-01-02,70,35,35
2013-01-02,45,22,23
2013-01-02,65,29,36
2013-01-02,51,19,32
2013-01-02,63,22,41
2013-01-02,144,48,96
2013-01-02,230,68,162
2013-01-02,157,42,115
2013-01-02,86,32,54
2013-01-02,21,8,13
2013-01-02,5,2,3
2013-01-02,1,1,0
2013-01-02,2,1,1
2013-01-02,1,0,1
2013-01-02,1,1,0
2013-01-01,6,4,2
2013-01-01,5,4,1
2013-01-01,5,3,2
2013-01-01,7,5,2
2013-01-01,12,4,8
2013-01-01,14,8,6
2013-01-01,30,12,18
2013-01-01,57,24,33
2013-01-01,78,32,46
2013-01-01,75,32,43
2013-01-01,112,64,48
2013-01-01,77,33,44
2013-01-01,62,29,33
2013-01-01,46,35,11
2013-01-01,14,5,9
2013-01-01,11,4,7
2013-01-01,3,2,1
2013-01-01,7,1,6
2013-01-01,3,2,1
2013-01-01,4,2,2
2013-01-01,6,4,2
2013-01-01,16,8,8
2013-01-01,21,12,9
2013-01-01,7,5,2
2012-12-31,12,5,7
2012-12-31,11,6,5
2012-12-31,6,1,5
2012-12-31,21,15,6
2012-12-31,28,8,20
2012-12-31,41,27,14
2012-12-31,92,51,41
2012-12-31,138,78,60
2012-12-31,81,43,38
2012-12-31,86,36,50
2012-12-31,48,21,27
2012-12-31,55,15,40
2012-12-31,36,15,21
2012-12-31,39,19,20
2012-12-31,70,32,38
2012-12-31,89,28,61
2012-12-31,64,16,48
2012-12-31,42,16,26
2012-12-31,9,2,7
2012-12-31,5,0,5
2012-12-31,1,1,0
2012-12-31,5,2,3
2012-12-31,6,3,3
2012-12-31,1,0,1
2012-12-30,5,4,1
2012-12-30,11,2,9
2012-12-30,7,5,2
2012-12-30,14,8,6
2012-12-30,17,11,6
2012-12-30,13,5,8
2012-12-30,36,20,16
2012-12-30,58,32,26
2012-12-30,61,33,28
2012-12-30,77,34,43
2012-12-30,100,59,41
2012-12-30,72,32,40
2012-12-30,47,23,24
2012-12-30,72,15,57
2012-12-30,41,10,31
2012-12-30,29,10,19
2012-12-30,10,6,4
2012-12-30,5,3,2
2012-12-30,1,0,1
2012-12-30,5,2,3
2012-12-30,1,0,1
2012-12-30,6,3,3
2012-12-30,2,1,1
2012-12-30,5,2,3
2012-12-29,3,2,1
2012-12-29,8,6,2
2012-12-29,8,4,4
2012-12-29,14,9,5
2012-12-29,18,10,8
2012-12-29,29,15,14
2012-12-29,20,10,10
2012-12-29,37,20,17
2012-12-29,48,17,31
2012-12-29,36,18,18
2012-12-29,26,15,11
2012-12-29,41,17,24
2012-12-29,48,21,27
2012-12-29,23,14,9
2012-12-29,21,10,11
2012-12-29,30,16,14
2012-12-29,23,9,14
2012-12-29,11,7,4
2012-12-29,3,1,2
2012-12-29,7,0,7
2012-12-29,7,1,6
2012-12-29,9,2,7
2012-12-29,5,3,2
2012-12-29,12,11,1
2012-12-28,9,1,8
2012-12-28,24,14,10
2012-12-28,26,20,6
2012-12-28,28,21,7
2012-12-28,29,20,9
2012-12-28,76,48,28
2012-12-28,142,96,46
2012-12-28,129,81,48
2012-12-28,101,47,54
2012-12-28,71,36,35
2012-12-28,81,36,45
2012-12-28,68,25,43
2012-12-28,69,27,42
2012-12-28,45,24,21
2012-12-28,84,30,54
2012-12-28,126,49,77
2012-12-28,71,19,52
2012-12-28,56,19,37
2012-12-28,7,2,5
2012-12-28,4,1,3
2012-12-28,2,1,1
2012-12-28,3,3,0
2012-12-28,1,1,0
2012-12-28,5,5,0
2012-12-27,8,4,4
2012-12-27,18,8,10
2012-12-27,14,8,6
2012-12-27,17,10,7
2012-12-27,65,47,18
2012-12-27,90,55,35
2012-12-27,153,105,48
2012-12-27,114,77,37
2012-12-27,76,45,31
2012-12-27,49,26,23
2012-12-27,42,22,20
2012-12-27,39,12,27
2012-12-27,34,9,25
2012-12-27,53,22,31
2012-12-27,78,21,57
2012-12-27,122,42,80
2012-12-27,95,31,64
2012-12-27,55,17,38
2012-12-27,11,5,6
2012-12-27,8,5,3
2012-12-27,0,0,0
2012-12-27,0,0,0
2012-12-27,2,2,0
2012-12-27,5,2,3
2012-12-26,5,1,4
2012-12-26,11,4,7
2012-12-26,12,8,4
2012-12-26,22,12,10
2012-12-26,20,14,6
2012-12-26,65,52,13
2012-12-26,104,66,38
2012-12-26,73,52,21
2012-12-26,63,36,27
2012-12-26,41,17,24
2012-12-26,34,14,20
2012-12-26,48,23,25
2012-12-26,33,8,25
2012-12-26,33,13,20
2012-12-26,56,20,36
2012-12-26,102,37,65
2012-12-26,69,23,46
2012-12-26,37,10,27
2012-12-26,9,2,7
2012-12-26,4,1,3
2012-12-26,1,1,0
2012-12-26,1,0,1
2012-12-26,0,0,0
2012-12-26,2,1,1
2012-12-25,1,1,0
2012-12-25,3,0,3
2012-12-25,5,3,2
2012-12-25,1,0,1
2012-12-25,2,1,1
2012-12-25,3,1,2
2012-12-25,11,5,6
2012-12-25,7,5,2
2012-12-25,3,1,2
2012-12-25,8,4,4
2012-12-25,11,8,3
2012-12-25,7,3,4
2012-12-25,3,3,0
2012-12-25,6,2,4
2012-12-25,7,5,2
2012-12-25,4,1,3
2012-12-25,4,2,2
2012-12-25,3,1,2
2012-12-25,1,0,1
2012-12-25,1,0,1
2012-12-25,2,1,1
2012-12-25,1,0,1
2012-12-25,2,0,2
2012-12-25,2,1,1
2012-12-24,6,4,2
2012-12-24,9,2,7
2012-12-24,1,0,1
2012-12-24,9,5,4
2012-12-24,18,12,6
2012-12-24,17,15,2
2012-12-24,20,12,8
2012-12-24,54,30,24
2012-12-24,72,38,34
2012-12-24,53,28,25
2012-12-24,57,22,35
2012-12-24,42,19,23
2012-12-24,31,11,20
2012-12-24,36,12,24
2012-12-24,42,16,26
2012-12-24,29,11,18
2012-12-24,37,15,22
2012-12-24,16,8,8
2012-12-24,11,1,10
2012-12-24,4,1,3
2012-12-24,1,1,0
2012-12-24,1,1,0
2012-12-24,2,2,0
2012-12-24,6,4,2
2012-12-23,11,8,3
2012-12-23,15,5,10
2012-12-23,10,6,4
2012-12-23,9,6,3
2012-12-23,10,8,2
2012-12-23,13,5,8
2012-12-23,25,12,13
2012-12-23,33,12,21
2012-12-23,41,17,24
2012-12-23,42,16,26
2012-12-23,49,19,30
2012-12-23,37,10,27
2012-12-23,48,16,32
2012-12-23,23,13,10
2012-12-23,11,5,6
2012-12-23,13,7,6
2012-12-23,15,8,7
2012-12-23,8,6,2
2012-12-23,2,0,2
2012-12-23,4,1,3
2012-12-23,2,0,2
2012-12-23,5,2,3
2012-12-23,7,1,6
2012-12-23,8,5,3
2012-12-22,5,4,1
2012-12-22,7,3,4
2012-12-22,5,3,2
2012-12-22,11,9,2
2012-12-22,18,10,8
2012-12-22,20,9,11
2012-12-22,20,12,8
2012-12-22,33,17,16
2012-12-22,53,29,24
2012-12-22,43,18,25
2012-12-22,56,24,32
2012-12-22,36,17,19
2012-12-22,37,18,19
2012-12-22,32,11,21
2012-12-22,28,12,16
2012-12-22,26,13,13
2012-12-22,20,5,15
2012-12-22,8,5,3
2012-12-22,5,0,5
2012-12-22,3,1,2
2012-12-22,8,3,5
2012-12-22,5,1,4
2012-12-22,6,0,6
2012-12-22,8,6,2
2012-12-21,16,7,9
2012-12-21,17,10,7
2012-12-21,21,11,10
2012-12-21,23,18,5
2012-12-21,38,26,12
2012-12-21,92,69,23
2012-12-21,161,112,49
2012-12-21,111,75,36
2012-12-21,127,61,66
2012-12-21,77,42,35
2012-12-21,38,13,25
2012-12-21,28,14,14
2012-12-21,35,13,22
2012-12-21,34,12,22
2012-12-21,94,36,58
2012-12-21,150,51,99
2012-12-21,103,36,67
2012-12-21,36,12,24
2012-12-21,9,3,6
2012-12-21,6,2,4
2012-12-21,2,1,1
2012-12-21,4,1,3
2012-12-21,2,0,2
2012-12-21,8,2,6
2012-12-20,12,7,5
2012-12-20,22,10,12
2012-12-20,19,12,7
2012-12-20,33,27,6
2012-12-20,49,31,18
2012-12-20,126,81,45
2012-12-20,179,114,65
2012-12-20,83,55,28
2012-12-20,53,27,26
2012-12-20,25,12,13
2012-12-20,24,6,18
2012-12-20,16,3,13
2012-12-20,23,13,10
2012-12-20,27,9,18
2012-12-20,67,27,40
2012-12-20,141,56,85
2012-12-20,103,32,71
2012-12-20,55,23,32
2012-12-20,8,3,5
2012-12-20,5,2,3
2012-12-20,1,1,0
2012-12-20,1,0,1
2012-12-20,1,0,1
2012-12-20,4,0,4
2012-12-19,6,4,2
2012-12-19,16,5,11
2012-12-19,9,6,3
2012-12-19,21,11,10
2012-12-19,53,39,14
2012-12-19,121,86,35
2012-12-19,147,100,47
2012-12-19,76,40,36
2012-12-19,38,25,13
2012-12-19,26,10,16
2012-12-19,29,15,14
2012-12-19,22,11,11
2012-12-19,22,10,12
2012-12-19,37,15,22
2012-12-19,78,29,49
2012-12-19,141,52,89
2012-12-19,98,34,64
2012-12-19,43,18,25
2012-12-19,14,3,11
2012-12-19,6,3,3
2012-12-19,1,1,0
2012-12-19,5,2,3
2012-12-19,5,1,4
2012-12-19,6,4,2
2012-12-18,8,4,4
2012-12-18,24,12,12
2012-12-18,25,13,12
2012-12-18,41,25,16
2012-12-18,76,49,27
2012-12-18,180,118,62
2012-12-18,275,193,82
2012-12-18,101,59,42
2012-12-18,86,52,34
2012-12-18,49,16,33
2012-12-18,51,21,30
2012-12-18,39,17,22
2012-12-18,33,17,16
2012-12-18,47,17,30
2012-12-18,132,44,88
2012-12-18,256,96,160
2012-12-18,162,48,114
2012-12-18,61,15,46
2012-12-18,23,9,14
2012-12-18,6,1,5
2012-12-18,3,2,1
2012-12-18,3,1,2
2012-12-18,9,3,6
2012-12-18,12,8,4
2012-12-17,15,7,8
2012-12-17,26,11,15
2012-12-17,36,19,17
2012-12-17,34,18,16
2012-12-17,85,66,19
2012-12-17,151,109,42
2012-12-17,220,152,68
2012-12-17,131,83,48
2012-12-17,58,31,27
2012-12-17,52,36,16
2012-12-17,42,16,26
2012-12-17,33,14,19
2012-12-17,34,13,21
2012-12-17,53,17,36
2012-12-17,118,36,82
2012-12-17,196,62,134
2012-12-17,123,30,93
2012-12-17,59,13,46
2012-12-17,12,3,9
2012-12-17,4,2,2
2012-12-17,1,1,0
2012-12-17,7,5,2
2012-12-17,1,0,1
2012-12-17,1,1,0
2012-12-16,2,1,1
2012-12-16,11,5,6
2012-12-16,9,3,6
2012-12-16,8,3,5
2012-12-16,12,8,4
2012-12-16,6,2,4
2012-12-16,8,5,3
2012-12-16,19,12,7
2012-12-16,23,9,14
2012-12-16,21,9,12
2012-12-16,25,12,13
2012-12-16,26,8,18
2012-12-16,38,14,24
2012-12-16,39,12,27
2012-12-16,39,12,27
2012-12-16,21,10,11
2012-12-16,12,5,7
2012-12-16,9,6,3
2012-12-16,1,1,0
2012-12-16,2,1,1
2012-12-16,2,2,0
2012-12-16,5,3,2
2012-12-16,4,2,2
2012-12-16,9,4,5
2012-12-15,8,1,7
2012-12-15,6,3,3
2012-12-15,11,6,5
2012-12-15,10,5,5
2012-12-15,15,13,2
2012-12-15,23,9,14
2012-12-15,19,10,9
2012-12-15,22,7,15
2012-12-15,19,12,7
2012-12-15,33,15,18
2012-12-15,16,8,8
2012-12-15,32,10,22
2012-12-15,29,10,19
2012-12-15,42,25,17
2012-12-15,46,15,31
2012-12-15,40,18,22
2012-12-15,17,8,9
2012-12-15,19,10,9
2012-12-15,10,3,7
2012-12-15,3,0,3
2012-12-15,4,1,3
2012-12-15,11,5,6
2012-12-15,6,3,3
2012-12-15,22,8,14
2012-12-14,17,9,8
2012-12-14,14,11,3
2012-12-14,20,12,8
2012-12-14,29,16,13
2012-12-14,77,46,31
2012-12-14,138,97,41
2012-12-14,229,163,66
2012-12-14,165,104,61
2012-12-14,116,55,61
2012-12-14,67,30,37
2012-12-14,66,24,42
2012-12-14,56,21,35
2012-12-14,54,21,33
2012-12-14,53,20,33
2012-12-14,150,48,102
2012-12-14,214,65,149
2012-12-14,149,37,112
2012-12-14,64,19,45
2012-12-14,11,5,6
2012-12-14,5,3,2
2012-12-14,3,2,1
2012-12-14,1,1,0
2012-12-14,3,2,1
2012-12-14,8,4,4
2012-12-13,15,9,6
2012-12-13,20,8,12
2012-12-13,30,22,8
2012-12-13,60,29,31
2012-12-13,107,72,35
2012-12-13,155,97,58
2012-12-13,280,206,74
2012-12-13,171,102,69
2012-12-13,95,46,49
2012-12-13,59,32,27
2012-12-13,58,28,30
2012-12-13,72,24,48
2012-12-13,60,29,31
2012-12-13,71,24,47
2012-12-13,154,48,106
2012-12-13,284,96,188
2012-12-13,175,46,129
2012-12-13,100,27,73
2012-12-13,23,6,17
2012-12-13,5,3,2
2012-12-13,2,1,1
2012-12-13,7,5,2
2012-12-13,4,3,1
2012-12-13,6,3,3
2012-12-12,12,5,7
2012-12-12,33,19,14
2012-12-12,37,27,10
2012-12-12,59,40,19
2012-12-12,81,51,30
2012-12-12,187,137,50
2012-12-12,295,210,85
2012-12-12,138,84,54
2012-12-12,77,48,29
2012-12-12,72,33,39
2012-12-12,38,16,22
2012-12-12,39,15,24
2012-12-12,20,11,9
2012-12-12,50,12,38
2012-12-12,140,60,80
2012-12-12,281,74,207
2012-12-12,160,44,116
2012-12-12,84,28,56
2012-12-12,22,4,18
2012-12-12,5,2,3
2012-12-12,3,1,2
2012-12-12,1,0,1
2012-12-12,5,1,4
2012-12-12,9,7,2
2012-12-11,10,5,5
2012-12-11,20,9,11
2012-12-11,34,23,11
2012-12-11,54,28,26
2012-12-11,75,55,20
2012-12-11,187,133,54
2012-12-11,313,232,81
2012-12-11,136,75,61
2012-12-11,75,40,35
2012-12-11,58,26,32
2012-12-11,53,26,27
2012-12-11,34,15,19
2012-12-11,34,14,20
2012-12-11,57,25,32
2012-12-11,154,46,108
2012-12-11,299,98,201
2012-12-11,208,50,158
2012-12-11,90,30,60
2012-12-11,25,6,19
2012-12-11,8,3,5
2012-12-11,4,3,1
2012-12-11,3,0,3
2012-12-11,2,1,1
2012-12-11,12,8,4
2012-12-10,14,5,9
2012-12-10,20,10,10
2012-12-10,42,31,11
2012-12-10,60,35,25
2012-12-10,90,58,32
2012-12-10,216,161,55
2012-12-10,354,245,109
2012-12-10,164,89,75
2012-12-10,84,48,36
2012-12-10,64,33,31
2012-12-10,53,28,25
2012-12-10,53,20,33
2012-12-10,54,22,32
2012-12-10,66,25,41
2012-12-10,151,51,100
2012-12-10,304,92,212
2012-12-10,228,94,134
2012-12-10,94,26,68
2012-12-10,32,10,22
2012-12-10,4,2,2
2012-12-10,1,1,0
2012-12-10,2,0,2
2012-12-10,6,2,4
2012-12-10,6,4,2
2012-12-09,2,2,0
2012-12-09,3,1,2
2012-12-09,9,6,3
2012-12-09,10,4,6
2012-12-09,13,6,7
2012-12-09,20,11,9
2012-12-09,27,14,13
2012-12-09,27,17,10
2012-12-09,33,18,15
2012-12-09,29,13,16
2012-12-09,39,15,24
2012-12-09,39,15,24
2012-12-09,37,6,31
2012-12-09,29,15,14
2012-12-09,22,14,8
2012-12-09,29,15,14
2012-12-09,16,10,6
2012-12-09,8,5,3
2012-12-09,2,1,1
2012-12-09,3,1,2
2012-12-09,8,5,3
2012-12-09,5,4,1
2012-12-09,6,3,3
2012-12-09,6,4,2
2012-12-08,17,10,7
2012-12-08,19,6,13
2012-12-08,27,15,12
2012-12-08,18,11,7
2012-12-08,22,10,12
2012-12-08,34,21,13
2012-12-08,54,38,16
2012-12-08,58,34,24
2012-12-08,87,47,40
2012-12-08,95,35,60
2012-12-08,83,25,58
2012-12-08,67,33,34
2012-12-08,65,29,36
2012-12-08,66,15,51
2012-12-08,52,23,29
2012-12-08,46,17,29
2012-12-08,21,11,10
2012-12-08,12,7,5
2012-12-08,3,2,1
2012-12-08,2,0,2
2012-12-08,1,0,1
2012-12-08,3,3,0
2012-12-08,5,2,3
2012-12-08,17,9,8
2012-12-07,24,14,10
2012-12-07,33,15,18
2012-12-07,28,16,12
2012-12-07,38,29,9
2012-12-07,74,47,27
2012-12-07,164,108,56
2012-12-07,263,182,81
2012-12-07,171,111,60
2012-12-07,69,36,33
2012-12-07,51,31,20
2012-12-07,46,25,21
2012-12-07,45,23,22
2012-12-07,43,18,25
2012-12-07,81,41,40
2012-12-07,149,53,96
2012-12-07,255,70,185
2012-12-07,162,40,122
2012-12-07,80,29,51
2012-12-07,15,5,10
2012-12-07,7,3,4
2012-12-07,1,1,0
2012-12-07,0,0,0
2012-12-07,8,7,1
2012-12-07,9,6,3
2012-12-06,12,4,8
2012-12-06,26,16,10
2012-12-06,40,21,19
2012-12-06,44,32,12
2012-12-06,92,60,32
2012-12-06,170,108,62
2012-12-06,285,188,97
2012-12-06,177,115,62
2012-12-06,73,37,36
2012-12-06,44,23,21
2012-12-06,40,24,16
2012-12-06,47,20,27
2012-12-06,34,12,22
2012-12-06,57,20,37
2012-12-06,143,60,83
2012-12-06,280,87,193
2012-12-06,165,46,119
2012-12-06,98,31,67
2012-12-06,26,9,17
2012-12-06,13,3,10
2012-12-06,3,2,1
2012-12-06,1,1,0
2012-12-06,5,3,2
2012-12-06,4,2,2
2012-12-05,14,7,7
2012-12-05,26,14,12
2012-12-05,39,21,18
2012-12-05,45,32,13
2012-12-05,122,82,40
2012-12-05,250,175,75
2012-12-05,328,225,103
2012-12-05,174,96,78
2012-12-05,107,52,55
2012-12-05,67,33,34
2012-12-05,84,37,47
2012-12-05,63,30,33
2012-12-05,66,26,40
2012-12-05,77,25,52
2012-12-05,190,69,121
2012-12-05,312,95,217
2012-12-05,210,61,149
2012-12-05,84,25,59
2012-12-05,21,4,17
2012-12-05,6,1,5
2012-12-05,2,2,0
2012-12-05,3,1,2
2012-12-05,1,1,0
2012-12-05,9,6,3
2012-12-04,24,13,11
2012-12-04,21,14,7
2012-12-04,39,20,19
2012-12-04,55,32,23
2012-12-04,78,45,33
2012-12-04,173,124,49
2012-12-04,314,228,86
2012-12-04,147,85,62
2012-12-04,66,36,30
2012-12-04,56,23,33
2012-12-04,52,24,28
2012-12-04,56,26,30
2012-12-04,57,14,43
2012-12-04,68,26,42
2012-12-04,179,66,113
2012-12-04,299,111,188
2012-12-04,189,54,135
2012-12-04,87,27,60
2012-12-04,24,9,15
2012-12-04,7,3,4
2012-12-04,2,1,1
2012-12-04,3,3,0
2012-12-04,4,3,1
2012-12-04,11,3,8
2012-12-03,9,6,3
2012-12-03,15,6,9
2012-12-03,29,15,14
2012-12-03,39,21,18
2012-12-03,97,62,35
2012-12-03,196,140,56
2012-12-03,287,215,72
2012-12-03,139,83,56
2012-12-03,58,33,25
2012-12-03,43,20,23
2012-12-03,41,18,23
2012-12-03,51,22,29
2012-12-03,50,23,27
2012-12-03,62,23,39
2012-12-03,151,46,105
2012-12-03,290,100,190
