date,_39th_ave_ne_greenway_at_ne_62nd_st_total,north,south
2014-01-01,0,0,0
2014-01-01,5,2,3
2014-01-01,0,0,0
2014-01-01,0,0,0
2014-01-01,0,0,0
2014-01-01,0,0,0
2014-01-01,1,0,1
2014-01-01,2,1,1
2014-01-01,0,0,0
2014-01-01,17,1,16
2014-01-01,2,0,2
2014-01-01,6,4,2
2014-01-01,14,11,3
2014-01-01,11,7,4
2014-01-01,6,3,3
2014-01-01,13,7,6
2014-01-01,15,10,5
2014-01-01,9,0,9
2014-01-01,6,0,6
2014-01-01,4,2,2
2014-01-01,2,2,0
2014-01-01,0,0,0
2014-01-01,0,0,0
2014-01-01,0,0,0
2014-01-02,2,0,2
2014-01-02,0,0,0
2014-01-02,0,0,0
2014-01-02,0,0,0
2014-01-02,0,0,0
2014-01-02,2,0,2
2014-01-02,5,1,4
2014-01-02,6,2,4
2014-01-02,14,3,11
2014-01-02,8,3,5
2014-01-02,5,1,4
2014-01-02,9,1,8
2014-01-02,6,1,5
2014-01-02,6,4,2
2014-01-02,17,4,13
2014-01-02,11,6,5
2014-01-02,10,10,0
2014-01-02,13,9,4
2014-01-02,13,6,7
2014-01-02,3,3,0
2014-01-02,4,4,0
2014-01-02,7,1,6
2014-01-02,2,1,1
2014-01-02,0,0,0
2014-01-03,3,0,3
2014-01-03,0,0,0
2014-01-03,0,0,0
2014-01-03,0,0,0
2014-01-03,0,0,0
2014-01-03,2,0,2
2014-01-03,2,0,2
2014-01-03,5,2,3
2014-01-03,9,2,7
2014-01-03,13,2,11
2014-01-03,8,2,6
2014-01-03,19,8,11
2014-01-03,10,6,4
2014-01-03,9,7,2
2014-01-03,4,3,1
2014-01-03,8,6,2
2014-01-03,13,13,0
2014-01-03,20,12,8
2014-01-03,19,14,5
2014-01-03,2,2,0
2014-01-03,2,1,1
2014-01-03,4,0,4
2014-01-03,4,1,3
2014-01-03,5,1,4
2014-01-04,0,0,0
2014-01-04,1,1,0
2014-01-04,1,1,0
2014-01-04,0,0,0
2014-01-04,0,0,0
2014-01-04,1,0,1
2014-01-04,3,0,3
2014-01-04,1,0,1
2014-01-04,5,0,5
2014-01-04,4,1,3
2014-01-04,6,2,4
2014-01-04,13,3,10
2014-01-04,26,8,18
2014-01-04,26,16,10
2014-01-04,18,5,13
2014-01-04,19,13,6
2014-01-04,18,14,4
2014-01-04,10,8,2
2014-01-04,4,1,3
2014-01-04,3,3,0
2014-01-04,3,1,2
2014-01-04,0,0,0
2014-01-04,1,1,0
2014-01-04,4,2,2
2014-01-05,1,0,1
2014-01-05,0,0,0
2014-01-05,0,0,0
2014-01-05,0,0,0
2014-01-05,0,0,0
2014-01-05,0,0,0
2014-01-05,2,0,2
2014-01-05,2,0,2
2014-01-05,1,0,1
2014-01-05,7,4,3
2014-01-05,6,3,3
2014-01-05,11,4,7
2014-01-05,10,5,5
2014-01-05,8,6,2
2014-01-05,15,6,9
2014-01-05,11,6,5
2014-01-05,15,12,3
2014-01-05,9,3,6
2014-01-05,3,0,3
2014-01-05,3,1,2
2014-01-05,4,1,3
2014-01-05,2,0,2
2014-01-05,0,0,0
2014-01-05,0,0,0
2014-01-06,0,0,0
2014-01-06,0,0,0
2014-01-06,0,0,0
2014-01-06,0,0,0
2014-01-06,0,0,0
2014-01-06,5,1,4
2014-01-06,11,1,10
2014-01-06,16,1,15
2014-01-06,25,3,22
2014-01-06,16,1,15
2014-01-06,5,0,5
2014-01-06,5,1,4
2014-01-06,5,4,1
2014-01-06,11,5,6
2014-01-06,7,4,3
2014-01-06,17,9,8
2014-01-06,11,8,3
2014-01-06,32,28,4
2014-01-06,20,12,8
2014-01-06,8,7,1
2014-01-06,9,4,5
2014-01-06,4,2,2
2014-01-06,1,1,0
2014-01-06,2,2,0
2014-01-07,0,0,0
2014-01-07,0,0,0
2014-01-07,1,0,1
2014-01-07,0,0,0
2014-01-07,3,3,0
2014-01-07,4,0,4
2014-01-07,5,0,5
2014-01-07,14,6,8
2014-01-07,14,0,14
2014-01-07,14,0,14
2014-01-07,5,0,5
2014-01-07,3,2,1
2014-01-07,11,3,8
2014-01-07,8,3,5
2014-01-07,3,0,3
2014-01-07,7,6,1
2014-01-07,14,8,6
2014-01-07,32,22,10
2014-01-07,19,15,4
2014-01-07,15,7,8
2014-01-07,9,3,6
2014-01-07,3,2,1
2014-01-07,0,0,0
2014-01-07,1,1,0
2014-01-08,0,0,0
2014-01-08,0,0,0
2014-01-08,0,0,0
2014-01-08,0,0,0
2014-01-08,0,0,0
2014-01-08,4,0,4
2014-01-08,5,1,4
2014-01-08,14,1,13
2014-01-08,26,4,22
2014-01-08,15,0,15
2014-01-08,12,7,5
2014-01-08,4,3,1
2014-01-08,3,3,0
2014-01-08,5,3,2
2014-01-08,2,2,0
2014-01-08,8,5,3
2014-01-08,13,10,3
2014-01-08,17,14,3
2014-01-08,24,18,6
2014-01-08,18,7,11
2014-01-08,5,2,3
2014-01-08,5,1,4
2014-01-08,0,0,0
2014-01-08,0,0,0
2014-01-09,0,0,0
2014-01-09,0,0,0
2014-01-09,0,0,0
2014-01-09,0,0,0
2014-01-09,0,0,0
2014-01-09,2,0,2
2014-01-09,6,1,5
2014-01-09,15,4,11
2014-01-09,19,4,15
2014-01-09,12,0,12
2014-01-09,5,1,4
2014-01-09,1,0,1
2014-01-09,6,4,2
2014-01-09,5,4,1
2014-01-09,0,0,0
2014-01-09,8,5,3
2014-01-09,8,6,2
2014-01-09,20,14,6
2014-01-09,21,15,6
2014-01-09,13,9,4
2014-01-09,4,4,0
2014-01-09,3,3,0
2014-01-09,4,2,2
2014-01-09,0,0,0
2014-01-10,1,0,1
2014-01-10,0,0,0
2014-01-10,0,0,0
2014-01-10,0,0,0
2014-01-10,0,0,0
2014-01-10,3,0,3
2014-01-10,3,0,3
2014-01-10,16,4,12
2014-01-10,14,5,9
2014-01-10,20,1,19
2014-01-10,7,4,3
2014-01-10,4,1,3
2014-01-10,2,2,0
2014-01-10,6,2,4
2014-01-10,4,3,1
2014-01-10,13,3,10
2014-01-10,16,9,7
2014-01-10,17,14,3
2014-01-10,9,7,2
2014-01-10,8,4,4
2014-01-10,12,4,8
2014-01-10,7,5,2
2014-01-10,7,2,5
2014-01-10,4,4,0
2014-01-11,0,0,0
2014-01-11,0,0,0
2014-01-11,0,0,0
2014-01-11,0,0,0
2014-01-11,0,0,0
2014-01-11,0,0,0
2014-01-11,3,0,3
2014-01-11,1,0,1
2014-01-11,6,0,6
2014-01-11,9,5,4
2014-01-11,4,0,4
2014-01-11,11,8,3
2014-01-11,4,3,1
2014-01-11,13,3,10
2014-01-11,5,4,1
2014-01-11,3,1,2
2014-01-11,1,0,1
2014-01-11,4,2,2
2014-01-11,0,0,0
2014-01-11,6,6,0
2014-01-11,2,1,1
2014-01-11,4,0,4
2014-01-11,0,0,0
2014-01-11,2,2,0
2014-01-12,4,4,0
2014-01-12,0,0,0
2014-01-12,0,0,0
2014-01-12,0,0,0
2014-01-12,0,0,0
2014-01-12,0,0,0
2014-01-12,2,0,2
2014-01-12,1,0,1
2014-01-12,3,0,3
2014-01-12,5,1,4
2014-01-12,6,3,3
2014-01-12,5,2,3
2014-01-12,6,2,4
2014-01-12,4,3,1
2014-01-12,9,8,1
2014-01-12,10,4,6
2014-01-12,3,0,3
2014-01-12,4,1,3
2014-01-12,7,2,5
2014-01-12,1,0,1
2014-01-12,3,1,2
2014-01-12,2,0,2
2014-01-12,3,3,0
2014-01-12,1,1,0
2014-01-13,0,0,0
2014-01-13,0,0,0
2014-01-13,0,0,0
2014-01-13,0,0,0
2014-01-13,0,0,0
2014-01-13,3,0,3
2014-01-13,5,0,5
2014-01-13,20,1,19
2014-01-13,22,6,16
2014-01-13,14,2,12
2014-01-13,4,0,4
2014-01-13,4,2,2
2014-01-13,16,13,3
2014-01-13,2,2,0
2014-01-13,12,4,8
2014-01-13,21,11,10
2014-01-13,19,13,6
2014-01-13,24,18,6
2014-01-13,21,16,5
2014-01-13,11,6,5
2014-01-13,8,4,4
2014-01-13,3,3,0
2014-01-13,2,0,2
2014-01-13,1,1,0
2014-01-14,1,1,0
2014-01-14,0,0,0
2014-01-14,1,1,0
2014-01-14,0,0,0
2014-01-14,0,0,0
2014-01-14,10,4,6
2014-01-14,8,1,7
2014-01-14,14,1,13
2014-01-14,28,9,19
2014-01-14,14,0,14
2014-01-14,7,3,4
2014-01-14,3,1,2
2014-01-14,6,4,2
2014-01-14,7,3,4
2014-01-14,3,0,3
2014-01-14,8,7,1
2014-01-14,14,10,4
2014-01-14,24,18,6
2014-01-14,26,16,10
2014-01-14,16,10,6
2014-01-14,13,5,8
2014-01-14,8,5,3
2014-01-14,2,0,2
2014-01-14,0,0,0
2014-01-15,1,1,0
2014-01-15,0,0,0
2014-01-15,0,0,0
2014-01-15,0,0,0
2014-01-15,0,0,0
2014-01-15,6,3,3
2014-01-15,6,1,5
2014-01-15,16,1,15
2014-01-15,27,4,23
2014-01-15,14,1,13
2014-01-15,12,5,7
2014-01-15,12,7,5
2014-01-15,8,5,3
2014-01-15,12,8,4
2014-01-15,7,4,3
2014-01-15,22,8,14
2014-01-15,20,15,5
2014-01-15,37,24,13
2014-01-15,17,15,2
2014-01-15,7,5,2
2014-01-15,12,7,5
2014-01-15,7,7,0
2014-01-15,3,1,2
2014-01-15,0,0,0
2014-01-16,0,0,0
2014-01-16,0,0,0
2014-01-16,0,0,0
2014-01-16,0,0,0
2014-01-16,0,0,0
2014-01-16,6,0,6
2014-01-16,4,1,3
2014-01-16,18,2,16
2014-01-16,18,2,16
2014-01-16,18,5,13
2014-01-16,8,1,7
2014-01-16,10,3,7
2014-01-16,7,3,4
2014-01-16,6,5,1
2014-01-16,9,3,6
2014-01-16,10,5,5
2014-01-16,13,11,2
2014-01-16,21,13,8
2014-01-16,21,19,2
2014-01-16,4,4,0
2014-01-16,8,6,2
2014-01-16,5,2,3
2014-01-16,2,1,1
2014-01-16,0,0,0
2014-01-17,0,0,0
2014-01-17,0,0,0
2014-01-17,0,0,0
2014-01-17,0,0,0
2014-01-17,0,0,0
2014-01-17,5,1,4
2014-01-17,7,0,7
2014-01-17,12,4,8
2014-01-17,20,1,19
2014-01-17,22,2,20
2014-01-17,9,5,4
2014-01-17,5,1,4
2014-01-17,10,4,6
2014-01-17,16,9,7
2014-01-17,11,5,6
2014-01-17,13,11,2
2014-01-17,11,9,2
2014-01-17,26,19,7
2014-01-17,11,11,0
2014-01-17,11,4,7
2014-01-17,5,3,2
2014-01-17,6,2,4
2014-01-17,4,2,2
2014-01-17,0,0,0
2014-01-18,0,0,0
2014-01-18,0,0,0
2014-01-18,1,1,0
2014-01-18,0,0,0
2014-01-18,0,0,0
2014-01-18,0,0,0
2014-01-18,5,0,5
2014-01-18,1,0,1
2014-01-18,2,1,1
2014-01-18,3,2,1
2014-01-18,12,5,7
2014-01-18,10,1,9
2014-01-18,8,4,4
2014-01-18,19,6,13
2014-01-18,9,4,5
2014-01-18,9,2,7
2014-01-18,10,6,4
2014-01-18,5,1,4
2014-01-18,6,2,4
2014-01-18,3,1,2
2014-01-18,0,0,0
2014-01-18,0,0,0
2014-01-18,0,0,0
2014-01-18,1,1,0
2014-01-19,1,1,0
2014-01-19,0,0,0
2014-01-19,0,0,0
2014-01-19,0,0,0
2014-01-19,0,0,0
2014-01-19,0,0,0
2014-01-19,1,1,0
2014-01-19,0,0,0
2014-01-19,3,0,3
2014-01-19,6,2,4
2014-01-19,10,5,5
2014-01-19,11,8,3
2014-01-19,13,5,8
2014-01-19,11,5,6
2014-01-19,11,2,9
2014-01-19,8,6,2
2014-01-19,4,1,3
2014-01-19,0,0,0
2014-01-19,10,3,7
2014-01-19,5,3,2
2014-01-19,4,4,0
2014-01-19,1,1,0
2014-01-19,3,0,3
2014-01-19,0,0,0
2014-01-20,1,1,0
2014-01-20,0,0,0
2014-01-20,0,0,0
2014-01-20,0,0,0
2014-01-20,0,0,0
2014-01-20,1,0,1
2014-01-20,1,1,0
2014-01-20,8,3,5
2014-01-20,12,2,10
2014-01-20,15,8,7
2014-01-20,5,2,3
2014-01-20,7,3,4
2014-01-20,16,1,15
2014-01-20,9,5,4
2014-01-20,12,4,8
2014-01-20,19,7,12
2014-01-20,15,8,7
2014-01-20,19,12,7
2014-01-20,7,5,2
2014-01-20,3,1,2
2014-01-20,4,1,3
2014-01-20,6,4,2
2014-01-20,3,0,3
2014-01-20,0,0,0
2014-01-21,1,1,0
2014-01-21,0,0,0
2014-01-21,0,0,0
2014-01-21,0,0,0
2014-01-21,0,0,0
2014-01-21,6,1,5
2014-01-21,6,1,5
2014-01-21,16,2,14
2014-01-21,17,2,15
2014-01-21,14,1,13
2014-01-21,9,3,6
2014-01-21,8,2,6
2014-01-21,7,4,3
2014-01-21,7,3,4
2014-01-21,13,7,6
2014-01-21,15,10,5
2014-01-21,10,8,2
2014-01-21,18,14,4
2014-01-21,19,14,5
2014-01-21,10,8,2
2014-01-21,5,4,1
2014-01-21,1,1,0
2014-01-21,6,3,3
2014-01-21,0,0,0
2014-01-22,0,0,0
2014-01-22,1,1,0
2014-01-22,0,0,0
2014-01-22,0,0,0
2014-01-22,0,0,0
2014-01-22,4,0,4
2014-01-22,4,1,3
2014-01-22,16,0,16
2014-01-22,18,4,14
2014-01-22,20,0,20
2014-01-22,9,2,7
2014-01-22,5,0,5
2014-01-22,1,0,1
2014-01-22,7,5,2
2014-01-22,14,9,5
2014-01-22,13,9,4
2014-01-22,12,7,5
2014-01-22,36,22,14
2014-01-22,15,14,1
2014-01-22,15,8,7
2014-01-22,5,5,0
2014-01-22,4,4,0
2014-01-22,4,1,3
2014-01-22,1,0,1
2014-01-23,0,0,0
2014-01-23,2,0,2
2014-01-23,0,0,0
2014-01-23,0,0,0
2014-01-23,0,0,0
2014-01-23,5,1,4
2014-01-23,3,1,2
2014-01-23,15,1,14
2014-01-23,16,1,15
2014-01-23,13,2,11
2014-01-23,10,1,9
2014-01-23,6,1,5
2014-01-23,6,3,3
2014-01-23,6,1,5
2014-01-23,4,1,3
2014-01-23,10,4,6
2014-01-23,22,14,8
2014-01-23,31,25,6
2014-01-23,28,20,8
2014-01-23,9,8,1
2014-01-23,10,2,8
2014-01-23,8,3,5
2014-01-23,1,1,0
2014-01-23,0,0,0
2014-01-24,0,0,0
2014-01-24,0,0,0
2014-01-24,0,0,0
2014-01-24,0,0,0
2014-01-24,0,0,0
2014-01-24,2,0,2
2014-01-24,2,0,2
2014-01-24,13,1,12
2014-01-24,17,1,16
2014-01-24,18,1,17
2014-01-24,8,1,7
2014-01-24,10,4,6
2014-01-24,9,3,6
2014-01-24,11,5,6
2014-01-24,7,5,2
2014-01-24,13,8,5
2014-01-24,15,12,3
2014-01-24,31,23,8
2014-01-24,18,11,7
2014-01-24,12,9,3
2014-01-24,14,6,8
2014-01-24,0,0,0
2014-01-24,3,1,2
2014-01-24,2,1,1
2014-01-25,0,0,0
2014-01-25,0,0,0
2014-01-25,0,0,0
2014-01-25,0,0,0
2014-01-25,0,0,0
2014-01-25,0,0,0
2014-01-25,1,1,0
2014-01-25,1,0,1
2014-01-25,8,2,6
2014-01-25,5,2,3
2014-01-25,8,4,4
2014-01-25,10,3,7
2014-01-25,10,1,9
2014-01-25,19,7,12
2014-01-25,19,5,14
2014-01-25,22,10,12
2014-01-25,34,20,14
2014-01-25,15,5,10
2014-01-25,7,1,6
2014-01-25,5,1,4
2014-01-25,0,0,0
2014-01-25,6,1,5
2014-01-25,8,3,5
2014-01-25,3,1,2
2014-01-26,0,0,0
2014-01-26,0,0,0
2014-01-26,2,0,2
2014-01-26,0,0,0
2014-01-26,0,0,0
2014-01-26,0,0,0
2014-01-26,0,0,0
2014-01-26,1,0,1
2014-01-26,2,0,2
2014-01-26,6,1,5
2014-01-26,8,2,6
2014-01-26,17,3,14
2014-01-26,22,8,14
2014-01-26,11,5,6
2014-01-26,23,13,10
2014-01-26,13,8,5
2014-01-26,18,12,6
2014-01-26,13,6,7
2014-01-26,1,1,0
2014-01-26,4,1,3
2014-01-26,5,1,4
2014-01-26,5,1,4
2014-01-26,0,0,0
2014-01-26,2,2,0
2014-01-27,0,0,0
2014-01-27,0,0,0
2014-01-27,0,0,0
2014-01-27,0,0,0
2014-01-27,0,0,0
2014-01-27,1,0,1
2014-01-27,5,0,5
2014-01-27,14,1,13
2014-01-27,17,1,16
2014-01-27,13,0,13
2014-01-27,7,1,6
2014-01-27,6,3,3
2014-01-27,9,3,6
2014-01-27,13,5,8
2014-01-27,10,5,5
2014-01-27,7,1,6
2014-01-27,12,7,5
2014-01-27,26,20,6
2014-01-27,22,13,9
2014-01-27,6,6,0
2014-01-27,4,2,2
2014-01-27,7,4,3
2014-01-27,2,2,0
2014-01-27,1,1,0
2014-01-28,1,1,0
2014-01-28,0,0,0
2014-01-28,0,0,0
2014-01-28,0,0,0
2014-01-28,2,0,2
2014-01-28,0,0,0
2014-01-28,8,1,7
2014-01-28,16,1,15
2014-01-28,16,1,15
2014-01-28,17,3,14
2014-01-28,8,3,5
2014-01-28,8,2,6
2014-01-28,5,0,5
2014-01-28,5,4,1
2014-01-28,12,5,7
2014-01-28,9,6,3
2014-01-28,11,9,2
2014-01-28,23,17,6
2014-01-28,17,15,2
2014-01-28,12,8,4
2014-01-28,10,5,5
2014-01-28,9,5,4
2014-01-28,0,0,0
2014-01-28,1,1,0
2014-01-29,1,1,0
2014-01-29,0,0,0
2014-01-29,0,0,0
2014-01-29,0,0,0
2014-01-29,0,0,0
2014-01-29,1,0,1
2014-01-29,8,0,8
2014-01-29,23,5,18
2014-01-29,22,2,20
2014-01-29,13,0,13
2014-01-29,4,0,4
2014-01-29,3,2,1
2014-01-29,3,2,1
2014-01-29,7,1,6
2014-01-29,7,6,1
2014-01-29,11,9,2
2014-01-29,13,7,6
2014-01-29,27,21,6
2014-01-29,11,6,5
2014-01-29,12,10,2
2014-01-29,7,3,4
2014-01-29,2,1,1
2014-01-29,5,0,5
2014-01-29,0,0,0
2014-01-30,1,0,1
2014-01-30,0,0,0
2014-01-30,0,0,0
2014-01-30,0,0,0
2014-01-30,2,0,2
2014-01-30,0,0,0
2014-01-30,7,3,4
2014-01-30,12,3,9
2014-01-30,18,2,16
2014-01-30,11,0,11
2014-01-30,8,0,8
2014-01-30,7,1,6
2014-01-30,13,4,9
2014-01-30,11,6,5
2014-01-30,5,4,1
2014-01-30,8,6,2
2014-01-30,18,13,5
2014-01-30,26,19,7
2014-01-30,15,7,8
2014-01-30,7,6,1
2014-01-30,6,3,3
2014-01-30,5,5,0
2014-01-30,4,1,3
2014-01-30,0,0,0
2014-01-31,0,0,0
2014-01-31,0,0,0
2014-01-31,0,0,0
2014-01-31,0,0,0
2014-01-31,0,0,0
2014-01-31,2,1,1
2014-01-31,2,0,2
2014-01-31,12,0,12
2014-01-31,15,0,15
2014-01-31,11,0,11
2014-01-31,2,1,1
2014-01-31,2,1,1
2014-01-31,6,0,6
2014-01-31,14,7,7
2014-01-31,6,4,2
2014-01-31,6,2,4
2014-01-31,16,7,9
2014-01-31,19,11,8
2014-01-31,12,4,8
2014-01-31,7,4,3
2014-01-31,7,6,1
2014-01-31,1,1,0
2014-01-31,4,1,3
2014-01-31,4,2,2
2014-02-01,0,0,0
2014-02-01,0,0,0
2014-02-01,0,0,0
2014-02-01,0,0,0
2014-02-01,0,0,0
2014-02-01,2,0,2
2014-02-01,2,1,1
2014-02-01,0,0,0
2014-02-01,8,7,1
2014-02-01,4,3,1
2014-02-01,13,11,2
2014-02-01,7,1,6
2014-02-01,15,9,6
2014-02-01,16,9,7
2014-02-01,12,3,9
2014-02-01,14,6,8
2014-02-01,9,8,1
2014-02-01,11,8,3
2014-02-01,5,3,2
2014-02-01,3,1,2
2014-02-01,3,2,1
2014-02-01,3,2,1
2014-02-01,2,2,0
2014-02-01,1,1,0
2014-02-02,0,0,0
2014-02-02,0,0,0
2014-02-02,0,0,0
2014-02-02,0,0,0
2014-02-02,0,0,0
2014-02-02,0,0,0
2014-02-02,0,0,0
2014-02-02,0,0,0
2014-02-02,0,0,0
2014-02-02,3,2,1
2014-02-02,13,6,7
2014-02-02,6,1,5
2014-02-02,14,4,10
2014-02-02,24,6,18
2014-02-02,9,6,3
2014-02-02,13,3,10
2014-02-02,3,1,2
2014-02-02,0,0,0
2014-02-02,0,0,0
2014-02-02,6,3,3
2014-02-02,7,1,6
2014-02-02,6,2,4
2014-02-02,3,0,3
2014-02-02,0,0,0
2014-02-03,2,0,2
2014-02-03,0,0,0
2014-02-03,0,0,0
2014-02-03,0,0,0
2014-02-03,0,0,0
2014-02-03,0,0,0
2014-02-03,4,0,4
2014-02-03,11,1,10
2014-02-03,25,4,21
2014-02-03,15,1,14
2014-02-03,10,1,9
2014-02-03,8,1,7
2014-02-03,9,5,4
2014-02-03,3,2,1
2014-02-03,7,5,2
2014-02-03,11,5,6
2014-02-03,14,7,7
2014-02-03,28,24,4
2014-02-03,23,13,10
2014-02-03,10,6,4
2014-02-03,9,5,4
2014-02-03,3,1,2
2014-02-03,6,2,4
2014-02-03,0,0,0
2014-02-04,0,0,0
2014-02-04,0,0,0
2014-02-04,0,0,0
2014-02-04,0,0,0
2014-02-04,3,0,3
2014-02-04,1,0,1
2014-02-04,6,0,6
2014-02-04,16,2,14
2014-02-04,21,4,17
2014-02-04,17,2,15
2014-02-04,9,3,6
2014-02-04,2,2,0
2014-02-04,7,0,7
2014-02-04,4,4,0
2014-02-04,10,6,4
2014-02-04,14,6,8
2014-02-04,20,11,9
2014-02-04,22,17,5
2014-02-04,14,8,6
2014-02-04,11,6,5
2014-02-04,12,3,9
2014-02-04,0,0,0
2014-02-04,1,1,0
2014-02-04,0,0,0
2014-02-05,1,1,0
2014-02-05,0,0,0
2014-02-05,0,0,0
2014-02-05,0,0,0
2014-02-05,0,0,0
2014-02-05,0,0,0
2014-02-05,5,0,5
2014-02-05,16,3,13
2014-02-05,15,4,11
2014-02-05,18,1,17
2014-02-05,6,1,5
2014-02-05,5,0,5
2014-02-05,8,6,2
2014-02-05,9,4,5
2014-02-05,9,4,5
2014-02-05,5,5,0
2014-02-05,20,11,9
2014-02-05,25,11,14
2014-02-05,12,11,1
2014-02-05,6,2,4
2014-02-05,5,2,3
2014-02-05,4,3,1
2014-02-05,1,1,0
2014-02-05,0,0,0
2014-02-06,0,0,0
2014-02-06,2,0,2
2014-02-06,0,0,0
2014-02-06,0,0,0
2014-02-06,0,0,0
2014-02-06,2,0,2
2014-02-06,6,3,3
2014-02-06,12,0,12
2014-02-06,9,3,6
2014-02-06,7,0,7
2014-02-06,5,1,4
2014-02-06,4,1,3
2014-02-06,3,1,2
2014-02-06,4,1,3
2014-02-06,3,1,2
2014-02-06,10,6,4
2014-02-06,8,6,2
2014-02-06,18,8,10
2014-02-06,16,11,5
2014-02-06,10,8,2
2014-02-06,7,4,3
2014-02-06,3,1,2
2014-02-06,4,1,3
2014-02-06,2,0,2
2014-02-07,0,0,0
2014-02-07,0,0,0
2014-02-07,0,0,0
2014-02-07,0,0,0
2014-02-07,0,0,0
2014-02-07,2,0,2
2014-02-07,6,2,4
2014-02-07,12,5,7
2014-02-07,10,3,7
2014-02-07,18,3,15
2014-02-07,3,1,2
2014-02-07,3,0,3
2014-02-07,10,0,10
2014-02-07,4,3,1
2014-02-07,11,7,4
2014-02-07,5,3,2
2014-02-07,13,7,6
2014-02-07,19,16,3
2014-02-07,12,8,4
2014-02-07,6,3,3
2014-02-07,2,2,0
2014-02-07,2,0,2
2014-02-07,3,1,2
2014-02-07,3,1,2
2014-02-08,0,0,0
2014-02-08,1,1,0
2014-02-08,0,0,0
2014-02-08,0,0,0
2014-02-08,0,0,0
2014-02-08,0,0,0
2014-02-08,2,0,2
2014-02-08,4,0,4
2014-02-08,8,2,6
2014-02-08,2,1,1
2014-02-08,4,2,2
2014-02-08,6,3,3
2014-02-08,15,10,5
2014-02-08,17,6,11
2014-02-08,10,3,7
2014-02-08,4,3,1
2014-02-08,15,6,9
2014-02-08,5,1,4
2014-02-08,6,5,1
2014-02-08,6,4,2
2014-02-08,3,0,3
2014-02-08,2,2,0
2014-02-08,1,1,0
2014-02-08,1,0,1
2014-02-09,1,1,0
2014-02-09,0,0,0
2014-02-09,0,0,0
2014-02-09,0,0,0
2014-02-09,0,0,0
2014-02-09,0,0,0
2014-02-09,0,0,0
2014-02-09,0,0,0
2014-02-09,1,1,0
2014-02-09,5,5,0
2014-02-09,3,1,2
2014-02-09,3,2,1
2014-02-09,4,2,2
2014-02-09,4,0,4
2014-02-09,6,3,3
2014-02-09,3,3,0
2014-02-09,9,4,5
2014-02-09,2,2,0
2014-02-09,10,3,7
2014-02-09,5,4,1
2014-02-09,3,3,0
2014-02-09,0,0,0
2014-02-09,6,1,5
2014-02-09,2,2,0
2014-02-10,0,0,0
2014-02-10,0,0,0
2014-02-10,0,0,0
2014-02-10,0,0,0
2014-02-10,0,0,0
2014-02-10,2,0,2
2014-02-10,1,0,1
2014-02-10,5,2,3
2014-02-10,8,1,7
2014-02-10,16,1,15
2014-02-10,8,1,7
2014-02-10,6,2,4
2014-02-10,4,2,2
2014-02-10,4,1,3
2014-02-10,7,0,7
2014-02-10,12,5,7
2014-02-10,11,6,5
2014-02-10,15,9,6
2014-02-10,12,7,5
2014-02-10,5,1,4
2014-02-10,4,2,2
2014-02-10,1,1,0
2014-02-10,0,0,0
2014-02-10,0,0,0
2014-02-11,5,2,3
2014-02-11,0,0,0
2014-02-11,0,0,0
2014-02-11,0,0,0
2014-02-11,0,0,0
2014-02-11,7,2,5
2014-02-11,6,2,4
2014-02-11,19,1,18
2014-02-11,16,2,14
2014-02-11,12,1,11
2014-02-11,9,2,7
2014-02-11,14,4,10
2014-02-11,0,0,0
2014-02-11,10,6,4
2014-02-11,5,0,5
2014-02-11,15,13,2
2014-02-11,17,9,8
2014-02-11,22,13,9
2014-02-11,14,13,1
2014-02-11,15,5,10
2014-02-11,6,5,1
2014-02-11,16,4,12
2014-02-11,0,0,0
2014-02-11,1,1,0
2014-02-12,0,0,0
2014-02-12,1,1,0
2014-02-12,1,1,0
2014-02-12,0,0,0
2014-02-12,0,0,0
2014-02-12,3,0,3
2014-02-12,4,1,3
2014-02-12,18,7,11
2014-02-12,20,2,18
2014-02-12,15,4,11
2014-02-12,8,2,6
2014-02-12,5,2,3
2014-02-12,6,1,5
2014-02-12,8,6,2
2014-02-12,15,6,9
2014-02-12,10,7,3
2014-02-12,17,9,8
2014-02-12,22,14,8
2014-02-12,12,8,4
2014-02-12,11,9,2
2014-02-12,6,6,0
2014-02-12,6,3,3
2014-02-12,2,2,0
2014-02-12,5,2,3
2014-02-13,3,3,0
2014-02-13,0,0,0
2014-02-13,0,0,0
2014-02-13,0,0,0
2014-02-13,0,0,0
2014-02-13,2,0,2
2014-02-13,5,3,2
2014-02-13,18,2,16
2014-02-13,19,0,19
2014-02-13,17,4,13
2014-02-13,12,2,10
2014-02-13,6,1,5
2014-02-13,5,4,1
2014-02-13,16,8,8
2014-02-13,9,3,6
2014-02-13,6,2,4
2014-02-13,20,18,2
2014-02-13,23,18,5
2014-02-13,16,10,6
2014-02-13,9,7,2
2014-02-13,6,3,3
2014-02-13,6,2,4
2014-02-13,8,6,2
2014-02-13,1,1,0
2014-02-14,0,0,0
2014-02-14,0,0,0
2014-02-14,0,0,0
2014-02-14,0,0,0
2014-02-14,0,0,0
2014-02-14,2,0,2
2014-02-14,1,0,1
2014-02-14,10,4,6
2014-02-14,15,0,15
2014-02-14,16,2,14
2014-02-14,10,2,8
2014-02-14,8,0,8
2014-02-14,7,5,2
2014-02-14,9,7,2
2014-02-14,5,2,3
2014-02-14,8,6,2
2014-02-14,25,14,11
2014-02-14,20,19,1
2014-02-14,17,9,8
2014-02-14,8,4,4
2014-02-14,0,0,0
2014-02-14,6,2,4
2014-02-14,2,2,0
2014-02-14,0,0,0
2014-02-15,0,0,0
2014-02-15,0,0,0
2014-02-15,0,0,0
2014-02-15,0,0,0
2014-02-15,0,0,0
2014-02-15,0,0,0
2014-02-15,3,1,2
2014-02-15,2,0,2
2014-02-15,6,2,4
2014-02-15,9,2,7
2014-02-15,5,2,3
2014-02-15,9,6,3
2014-02-15,6,5,1
2014-02-15,4,3,1
2014-02-15,1,1,0
2014-02-15,10,1,9
2014-02-15,7,1,6
2014-02-15,8,4,4
2014-02-15,5,3,2
2014-02-15,0,0,0
2014-02-15,3,2,1
2014-02-15,0,0,0
2014-02-15,4,0,4
2014-02-15,1,1,0
2014-02-16,2,2,0
2014-02-16,0,0,0
2014-02-16,0,0,0
2014-02-16,0,0,0
2014-02-16,0,0,0
2014-02-16,0,0,0
2014-02-16,2,0,2
2014-02-16,3,0,3
2014-02-16,2,0,2
2014-02-16,2,1,1
2014-02-16,6,3,3
2014-02-16,9,0,9
2014-02-16,1,1,0
2014-02-16,11,3,8
2014-02-16,11,4,7
2014-02-16,4,0,4
2014-02-16,8,5,3
2014-02-16,14,7,7
2014-02-16,4,1,3
2014-02-16,7,2,5
2014-02-16,4,2,2
2014-02-16,4,1,3
2014-02-16,5,0,5
2014-02-16,0,0,0
2014-02-17,1,1,0
2014-02-17,0,0,0
2014-02-17,0,0,0
2014-02-17,0,0,0
2014-02-17,0,0,0
2014-02-17,0,0,0
2014-02-17,2,0,2
2014-02-17,2,2,0
2014-02-17,5,3,2
2014-02-17,6,2,4
2014-02-17,2,1,1
2014-02-17,3,1,2
2014-02-17,5,1,4
2014-02-17,7,0,7
2014-02-17,10,5,5
2014-02-17,12,3,9
2014-02-17,7,4,3
2014-02-17,5,5,0
2014-02-17,5,1,4
2014-02-17,4,4,0
2014-02-17,5,1,4
2014-02-17,0,0,0
2014-02-17,2,0,2
2014-02-17,0,0,0
2014-02-18,0,0,0
2014-02-18,1,1,0
2014-02-18,0,0,0
2014-02-18,0,0,0
2014-02-18,0,0,0
2014-02-18,4,1,3
2014-02-18,3,0,3
2014-02-18,10,3,7
2014-02-18,10,1,9
2014-02-18,7,2,5
2014-02-18,2,0,2
2014-02-18,8,1,7
2014-02-18,1,1,0
2014-02-18,2,1,1
2014-02-18,8,2,6
2014-02-18,4,3,1
2014-02-18,13,5,8
2014-02-18,20,15,5
2014-02-18,6,6,0
2014-02-18,14,8,6
2014-02-18,6,3,3
2014-02-18,2,0,2
2014-02-18,4,0,4
2014-02-18,3,3,0
2014-02-19,0,0,0
2014-02-19,0,0,0
2014-02-19,2,0,2
2014-02-19,0,0,0
2014-02-19,0,0,0
2014-02-19,3,0,3
2014-02-19,2,0,2
2014-02-19,12,3,9
2014-02-19,15,0,15
2014-02-19,18,6,12
2014-02-19,7,1,6
2014-02-19,9,3,6
2014-02-19,7,4,3
2014-02-19,9,5,4
2014-02-19,10,10,0
2014-02-19,9,4,5
2014-02-19,19,10,9
2014-02-19,21,15,6
2014-02-19,15,12,3
2014-02-19,10,7,3
2014-02-19,4,2,2
2014-02-19,9,4,5
2014-02-19,1,1,0
2014-02-19,0,0,0
2014-02-20,2,0,2
2014-02-20,1,1,0
2014-02-20,1,1,0
2014-02-20,0,0,0
2014-02-20,0,0,0
2014-02-20,4,1,3
2014-02-20,8,1,7
2014-02-20,13,4,9
2014-02-20,15,1,14
2014-02-20,10,0,10
2014-02-20,4,1,3
2014-02-20,5,1,4
2014-02-20,6,2,4
2014-02-20,1,1,0
2014-02-20,2,0,2
2014-02-20,13,4,9
2014-02-20,13,9,4
2014-02-20,20,14,6
2014-02-20,14,12,2
2014-02-20,12,7,5
2014-02-20,1,1,0
2014-02-20,5,3,2
2014-02-20,2,2,0
2014-02-20,0,0,0
2014-02-21,1,1,0
2014-02-21,0,0,0
2014-02-21,1,1,0
2014-02-21,0,0,0
2014-02-21,0,0,0
2014-02-21,2,0,2
2014-02-21,4,1,3
2014-02-21,6,2,4
2014-02-21,17,1,16
2014-02-21,9,0,9
2014-02-21,3,2,1
2014-02-21,7,2,5
2014-02-21,3,1,2
2014-02-21,8,4,4
2014-02-21,7,3,4
2014-02-21,10,4,6
2014-02-21,9,9,0
2014-02-21,17,13,4
2014-02-21,21,14,7
2014-02-21,12,9,3
2014-02-21,6,3,3
2014-02-21,3,3,0
2014-02-21,8,1,7
2014-02-21,1,1,0
2014-02-22,2,0,2
2014-02-22,0,0,0
2014-02-22,0,0,0
2014-02-22,0,0,0
2014-02-22,0,0,0
2014-02-22,0,0,0
2014-02-22,2,0,2
2014-02-22,3,1,2
2014-02-22,5,3,2
2014-02-22,1,0,1
2014-02-22,5,2,3
2014-02-22,7,3,4
2014-02-22,5,3,2
2014-02-22,0,0,0
2014-02-22,2,1,1
2014-02-22,6,2,4
2014-02-22,5,5,0
2014-02-22,6,2,4
2014-02-22,4,2,2
2014-02-22,0,0,0
2014-02-22,1,1,0
2014-02-22,0,0,0
2014-02-22,1,1,0
2014-02-22,0,0,0
2014-02-23,1,1,0
2014-02-23,0,0,0
2014-02-23,0,0,0
2014-02-23,0,0,0
2014-02-23,0,0,0
2014-02-23,0,0,0
2014-02-23,2,0,2
2014-02-23,0,0,0
2014-02-23,4,0,4
2014-02-23,2,0,2
2014-02-23,6,1,5
2014-02-23,6,2,4
2014-02-23,6,4,2
2014-02-23,7,1,6
2014-02-23,7,7,0
2014-02-23,7,3,4
2014-02-23,6,1,5
2014-02-23,2,2,0
2014-02-23,3,0,3
2014-02-23,4,1,3
2014-02-23,4,0,4
2014-02-23,0,0,0
2014-02-23,4,2,2
2014-02-23,1,0,1
2014-02-24,0,0,0
2014-02-24,1,1,0
2014-02-24,0,0,0
2014-02-24,0,0,0
2014-02-24,0,0,0
2014-02-24,4,1,3
2014-02-24,1,0,1
2014-02-24,10,2,8
2014-02-24,18,3,15
2014-02-24,16,0,16
2014-02-24,3,0,3
2014-02-24,3,0,3
2014-02-24,4,0,4
2014-02-24,3,0,3
2014-02-24,4,3,1
2014-02-24,11,5,6
2014-02-24,14,7,7
2014-02-24,17,12,5
2014-02-24,12,7,5
2014-02-24,6,6,0
2014-02-24,3,3,0
2014-02-24,3,3,0
2014-02-24,3,0,3
2014-02-24,0,0,0
2014-02-25,1,1,0
2014-02-25,0,0,0
2014-02-25,0,0,0
2014-02-25,0,0,0
2014-02-25,0,0,0
2014-02-25,5,0,5
2014-02-25,5,2,3
2014-02-25,9,2,7
2014-02-25,18,1,17
2014-02-25,12,3,9
2014-02-25,12,1,11
2014-02-25,4,3,1
2014-02-25,7,2,5
2014-02-25,12,7,5
2014-02-25,9,5,4
2014-02-25,10,2,8
2014-02-25,16,6,10
2014-02-25,22,14,8
2014-02-25,17,8,9
2014-02-25,7,5,2
2014-02-25,12,7,5
2014-02-25,3,1,2
2014-02-25,2,2,0
2014-02-25,0,0,0
2014-02-26,1,1,0
2014-02-26,1,1,0
2014-02-26,0,0,0
2014-02-26,0,0,0
2014-02-26,0,0,0
2014-02-26,5,1,4
2014-02-26,2,1,1
2014-02-26,15,1,14
2014-02-26,20,0,20
2014-02-26,20,1,19
2014-02-26,12,2,10
2014-02-26,8,1,7
2014-02-26,12,8,4
2014-02-26,3,2,1
2014-02-26,13,8,5
2014-02-26,10,6,4
2014-02-26,17,12,5
2014-02-26,22,16,6
2014-02-26,18,12,6
2014-02-26,10,8,2
2014-02-26,6,5,1
2014-02-26,9,4,5
2014-02-26,1,1,0
2014-02-26,2,2,0
2014-02-27,0,0,0
2014-02-27,0,0,0
2014-02-27,0,0,0
2014-02-27,0,0,0
2014-02-27,0,0,0
2014-02-27,5,0,5
2014-02-27,2,1,1
2014-02-27,27,4,23
2014-02-27,29,5,24
2014-02-27,8,0,8
2014-02-27,16,6,10
2014-02-27,11,3,8
2014-02-27,2,1,1
2014-02-27,14,5,9
2014-02-27,5,1,4
2014-02-27,13,6,7
2014-02-27,20,16,4
2014-02-27,27,22,5
2014-02-27,15,13,2
2014-02-27,14,11,3
2014-02-27,5,3,2
2014-02-27,5,2,3
2014-02-27,3,1,2
2014-02-27,3,1,2
2014-02-28,0,0,0
2014-02-28,0,0,0
2014-02-28,0,0,0
2014-02-28,1,0,1
2014-02-28,0,0,0
2014-02-28,8,3,5
2014-02-28,1,0,1
2014-02-28,9,1,8
2014-02-28,21,2,19
2014-02-28,21,2,19
2014-02-28,11,7,4
2014-02-28,7,4,3
2014-02-28,8,2,6
2014-02-28,13,4,9
2014-02-28,6,6,0
2014-02-28,18,9,9
2014-02-28,9,7,2
2014-02-28,26,17,9
2014-02-28,18,12,6
2014-02-28,10,5,5
2014-02-28,3,3,0
2014-02-28,1,1,0
2014-02-28,2,2,0
2014-02-28,1,1,0
2014-03-01,1,1,0
2014-03-01,0,0,0
2014-03-01,0,0,0
2014-03-01,0,0,0
2014-03-01,0,0,0
2014-03-01,1,0,1
2014-03-01,8,0,8
2014-03-01,2,1,1
2014-03-01,6,1,5
2014-03-01,3,2,1
2014-03-01,5,2,3
2014-03-01,13,10,3
2014-03-01,6,4,2
2014-03-01,27,23,4
2014-03-01,4,4,0
2014-03-01,7,6,1
2014-03-01,6,1,5
2014-03-01,8,3,5
2014-03-01,8,6,2
2014-03-01,1,1,0
2014-03-01,3,1,2
2014-03-01,2,1,1
2014-03-01,0,0,0
2014-03-01,2,1,1
2014-03-02,4,1,3
2014-03-02,0,0,0
2014-03-02,0,0,0
2014-03-02,0,0,0
2014-03-02,0,0,0
2014-03-02,0,0,0
2014-03-02,4,0,4
2014-03-02,1,1,0
2014-03-02,3,0,3
2014-03-02,3,2,1
2014-03-02,11,5,6
2014-03-02,0,0,0
2014-03-02,4,2,2
2014-03-02,6,2,4
2014-03-02,3,0,3
2014-03-02,3,0,3
2014-03-02,2,1,1
2014-03-02,3,1,2
2014-03-02,2,0,2
2014-03-02,5,1,4
2014-03-02,5,2,3
2014-03-02,4,0,4
2014-03-02,0,0,0
2014-03-02,0,0,0
2014-03-03,0,0,0
2014-03-03,0,0,0
2014-03-03,0,0,0
2014-03-03,0,0,0
2014-03-03,0,0,0
2014-03-03,3,0,3
2014-03-03,4,0,4
2014-03-03,13,2,11
2014-03-03,14,1,13
2014-03-03,15,1,14
2014-03-03,6,0,6
2014-03-03,5,0,5
2014-03-03,2,2,0
2014-03-03,2,0,2
2014-03-03,10,4,6
2014-03-03,6,1,5
2014-03-03,18,7,11
2014-03-03,31,17,14
2014-03-03,13,10,3
2014-03-03,2,2,0
2014-03-03,8,5,3
2014-03-03,5,1,4
2014-03-03,2,2,0
2014-03-03,1,1,0
2014-03-04,0,0,0
2014-03-04,0,0,0
2014-03-04,0,0,0
2014-03-04,0,0,0
2014-03-04,0,0,0
2014-03-04,5,0,5
2014-03-04,5,0,5
2014-03-04,17,3,14
2014-03-04,20,1,19
2014-03-04,10,0,10
2014-03-04,9,2,7
2014-03-04,13,4,9
2014-03-04,7,2,5
2014-03-04,6,0,6
2014-03-04,11,3,8
2014-03-04,11,6,5
2014-03-04,14,6,8
2014-03-04,30,27,3
2014-03-04,14,5,9
2014-03-04,10,7,3
2014-03-04,9,2,7
2014-03-04,10,8,2
2014-03-04,0,0,0
2014-03-04,0,0,0
2014-03-05,0,0,0
2014-03-05,1,1,0
2014-03-05,0,0,0
2014-03-05,0,0,0
2014-03-05,0,0,0
2014-03-05,4,1,3
2014-03-05,1,0,1
2014-03-05,20,1,19
2014-03-05,12,0,12
2014-03-05,16,6,10
2014-03-05,5,1,4
2014-03-05,9,2,7
2014-03-05,9,3,6
2014-03-05,13,8,5
2014-03-05,12,7,5
2014-03-05,11,5,6
2014-03-05,9,4,5
2014-03-05,22,16,6
2014-03-05,11,8,3
2014-03-05,8,6,2
2014-03-05,6,4,2
2014-03-05,6,3,3
2014-03-05,0,0,0
2014-03-05,2,0,2
2014-03-06,1,1,0
2014-03-06,1,1,0
2014-03-06,0,0,0
2014-03-06,0,0,0
2014-03-06,0,0,0
2014-03-06,4,0,4
2014-03-06,6,1,5
2014-03-06,15,2,13
2014-03-06,7,1,6
2014-03-06,14,6,8
2014-03-06,14,2,12
2014-03-06,10,5,5
2014-03-06,6,4,2
2014-03-06,12,2,10
2014-03-06,0,0,0
2014-03-06,10,5,5
2014-03-06,10,8,2
2014-03-06,22,16,6
2014-03-06,16,11,5
2014-03-06,6,4,2
2014-03-06,6,4,2
2014-03-06,7,3,4
2014-03-06,0,0,0
2014-03-06,0,0,0
2014-03-07,2,2,0
2014-03-07,0,0,0
2014-03-07,0,0,0
2014-03-07,0,0,0
2014-03-07,0,0,0
2014-03-07,6,1,5
2014-03-07,4,1,3
2014-03-07,13,2,11
2014-03-07,15,0,15
2014-03-07,14,2,12
2014-03-07,7,0,7
2014-03-07,3,2,1
2014-03-07,12,7,5
2014-03-07,3,2,1
2014-03-07,8,5,3
2014-03-07,11,3,8
2014-03-07,15,11,4
2014-03-07,25,23,2
2014-03-07,14,8,6
2014-03-07,13,11,2
2014-03-07,4,3,1
2014-03-07,2,0,2
2014-03-07,5,2,3
2014-03-07,1,1,0
2014-03-08,0,0,0
2014-03-08,1,1,0
2014-03-08,0,0,0
2014-03-08,0,0,0
2014-03-08,0,0,0
2014-03-08,0,0,0
2014-03-08,2,0,2
2014-03-08,6,1,5
2014-03-08,4,0,4
2014-03-08,3,3,0
2014-03-08,8,5,3
2014-03-08,9,3,6
2014-03-08,7,4,3
2014-03-08,6,2,4
2014-03-08,9,4,5
2014-03-08,4,2,2
2014-03-08,2,2,0
2014-03-08,8,1,7
2014-03-08,7,1,6
2014-03-08,2,0,2
2014-03-08,0,0,0
2014-03-08,1,1,0
2014-03-08,10,2,8
2014-03-08,0,0,0
2014-03-09,1,1,0
2014-03-09,0,0,0
2014-03-09,,,
2014-03-09,0,0,0
2014-03-09,0,0,0
2014-03-09,0,0,0
2014-03-09,2,0,2
2014-03-09,0,0,0
2014-03-09,5,0,5
2014-03-09,6,2,4
2014-03-09,6,3,3
2014-03-09,6,4,2
2014-03-09,9,4,5
2014-03-09,14,4,10
2014-03-09,22,10,12
2014-03-09,11,1,10
2014-03-09,9,9,0
2014-03-09,14,6,8
2014-03-09,8,2,6
2014-03-09,6,2,4
2014-03-09,2,0,2
2014-03-09,0,0,0
2014-03-09,5,3,2
2014-03-09,1,1,0
2014-03-10,0,0,0
2014-03-10,0,0,0
2014-03-10,0,0,0
2014-03-10,0,0,0
2014-03-10,0,0,0
2014-03-10,7,3,4
2014-03-10,3,0,3
2014-03-10,15,2,13
2014-03-10,17,3,14
2014-03-10,12,1,11
2014-03-10,7,0,7
2014-03-10,6,1,5
2014-03-10,6,3,3
2014-03-10,6,3,3
2014-03-10,6,1,5
2014-03-10,6,2,4
2014-03-10,14,9,5
2014-03-10,14,12,2
2014-03-10,17,11,6
2014-03-10,9,6,3
2014-03-10,7,6,1
2014-03-10,0,0,0
2014-03-10,0,0,0
2014-03-10,3,1,2
2014-03-11,1,1,0
2014-03-11,0,0,0
2014-03-11,1,0,1
2014-03-11,0,0,0
2014-03-11,0,0,0
2014-03-11,5,0,5
2014-03-11,12,5,7
2014-03-11,22,2,20
2014-03-11,14,0,14
2014-03-11,19,2,17
2014-03-11,20,5,15
2014-03-11,12,2,10
2014-03-11,8,1,7
2014-03-11,3,2,1
2014-03-11,13,2,11
2014-03-11,16,10,6
2014-03-11,16,11,5
2014-03-11,26,16,10
2014-03-11,29,24,5
2014-03-11,15,8,7
2014-03-11,7,3,4
2014-03-11,6,4,2
2014-03-11,2,2,0
2014-03-11,0,0,0
2014-03-12,1,1,0
2014-03-12,0,0,0
2014-03-12,0,0,0
2014-03-12,0,0,0
2014-03-12,0,0,0
2014-03-12,5,2,3
2014-03-12,8,0,8
2014-03-12,27,8,19
2014-03-12,15,4,11
2014-03-12,23,3,20
2014-03-12,8,2,6
2014-03-12,6,1,5
2014-03-12,13,6,7
2014-03-12,11,9,2
2014-03-12,10,4,6
2014-03-12,17,9,8
2014-03-12,22,12,10
2014-03-12,27,17,10
2014-03-12,36,26,10
2014-03-12,18,14,4
2014-03-12,6,4,2
2014-03-12,11,7,4
2014-03-12,0,0,0
2014-03-12,2,2,0
2014-03-13,2,2,0
2014-03-13,0,0,0
2014-03-13,0,0,0
2014-03-13,0,0,0
2014-03-13,0,0,0
2014-03-13,6,1,5
2014-03-13,5,1,4
2014-03-13,23,3,20
2014-03-13,18,1,17
2014-03-13,13,4,9
2014-03-13,11,1,10
2014-03-13,4,2,2
2014-03-13,9,4,5
2014-03-13,6,3,3
2014-03-13,9,5,4
2014-03-13,16,5,11
2014-03-13,18,12,6
2014-03-13,37,30,7
2014-03-13,29,22,7
2014-03-13,19,11,8
2014-03-13,5,4,1
2014-03-13,7,2,5
2014-03-13,0,0,0
2014-03-13,0,0,0
2014-03-14,0,0,0
2014-03-14,1,1,0
2014-03-14,0,0,0
2014-03-14,0,0,0
2014-03-14,0,0,0
2014-03-14,4,1,3
2014-03-14,3,0,3
2014-03-14,13,2,11
2014-03-14,16,6,10
2014-03-14,13,0,13
2014-03-14,3,0,3
2014-03-14,4,2,2
2014-03-14,5,2,3
2014-03-14,8,2,6
2014-03-14,6,1,5
2014-03-14,14,7,7
2014-03-14,20,12,8
2014-03-14,20,16,4
2014-03-14,19,9,10
2014-03-14,10,8,2
2014-03-14,5,4,1
2014-03-14,3,2,1
2014-03-14,2,0,2
2014-03-14,2,0,2
2014-03-15,1,1,0
2014-03-15,0,0,0
2014-03-15,0,0,0
2014-03-15,0,0,0
2014-03-15,0,0,0
2014-03-15,0,0,0
2014-03-15,0,0,0
2014-03-15,7,0,7
2014-03-15,2,0,2
2014-03-15,9,4,5
2014-03-15,7,2,5
2014-03-15,16,9,7
2014-03-15,16,7,9
2014-03-15,11,4,7
2014-03-15,5,3,2
2014-03-15,14,8,6
2014-03-15,8,3,5
2014-03-15,8,6,2
2014-03-15,3,3,0
2014-03-15,5,1,4
2014-03-15,4,2,2
2014-03-15,5,3,2
2014-03-15,4,2,2
2014-03-15,0,0,0
2014-03-16,0,0,0
2014-03-16,0,0,0
2014-03-16,0,0,0
2014-03-16,0,0,0
2014-03-16,0,0,0
2014-03-16,0,0,0
2014-03-16,2,0,2
2014-03-16,0,0,0
2014-03-16,2,0,2
2014-03-16,3,1,2
2014-03-16,9,1,8
2014-03-16,8,1,7
2014-03-16,2,1,1
2014-03-16,10,3,7
2014-03-16,6,1,5
2014-03-16,5,1,4
2014-03-16,11,3,8
2014-03-16,7,1,6
2014-03-16,5,3,2
2014-03-16,2,0,2
2014-03-16,6,2,4
2014-03-16,0,0,0
2014-03-16,0,0,0
2014-03-16,0,0,0
2014-03-17,1,1,0
2014-03-17,0,0,0
2014-03-17,0,0,0
2014-03-17,0,0,0
2014-03-17,0,0,0
2014-03-17,5,2,3
2014-03-17,7,0,7
2014-03-17,25,8,17
2014-03-17,15,0,15
2014-03-17,14,3,11
2014-03-17,12,0,12
2014-03-17,6,0,6
2014-03-17,7,4,3
2014-03-17,13,9,4
2014-03-17,7,1,6
2014-03-17,18,3,15
2014-03-17,13,6,7
2014-03-17,31,25,6
2014-03-17,25,15,10
2014-03-17,14,9,5
2014-03-17,7,2,5
2014-03-17,4,4,0
2014-03-17,5,0,5
2014-03-17,0,0,0
2014-03-18,1,1,0
2014-03-18,3,0,3
2014-03-18,0,0,0
2014-03-18,0,0,0
2014-03-18,0,0,0
2014-03-18,4,0,4
2014-03-18,9,3,6
2014-03-18,16,2,14
2014-03-18,18,0,18
2014-03-18,25,8,17
2014-03-18,4,0,4
2014-03-18,6,0,6
2014-03-18,11,3,8
2014-03-18,11,3,8
2014-03-18,15,9,6
2014-03-18,10,3,7
2014-03-18,23,12,11
2014-03-18,42,27,15
2014-03-18,29,25,4
2014-03-18,15,12,3
2014-03-18,7,2,5
2014-03-18,5,3,2
2014-03-18,4,0,4
2014-03-18,2,0,2
2014-03-19,1,1,0
2014-03-19,0,0,0
2014-03-19,0,0,0
2014-03-19,0,0,0
2014-03-19,0,0,0
2014-03-19,6,1,5
2014-03-19,5,0,5
2014-03-19,18,5,13
2014-03-19,14,0,14
2014-03-19,7,1,6
2014-03-19,9,5,4
2014-03-19,2,0,2
2014-03-19,5,2,3
2014-03-19,3,2,1
2014-03-19,14,6,8
2014-03-19,11,2,9
2014-03-19,11,7,4
2014-03-19,33,17,16
2014-03-19,19,14,5
2014-03-19,10,8,2
2014-03-19,7,7,0
2014-03-19,6,1,5
2014-03-19,1,1,0
2014-03-19,0,0,0
2014-03-20,3,2,1
2014-03-20,0,0,0
2014-03-20,0,0,0
2014-03-20,0,0,0
2014-03-20,0,0,0
2014-03-20,3,0,3
2014-03-20,4,0,4
2014-03-20,18,4,14
2014-03-20,17,3,14
2014-03-20,12,4,8
2014-03-20,8,2,6
2014-03-20,8,0,8
2014-03-20,14,3,11
2014-03-20,11,1,10
2014-03-20,14,10,4
2014-03-20,18,12,6
2014-03-20,12,9,3
2014-03-20,23,14,9
2014-03-20,28,19,9
2014-03-20,12,11,1
2014-03-20,6,4,2
2014-03-20,5,4,1
2014-03-20,7,3,4
2014-03-20,1,1,0
2014-03-21,2,2,0
2014-03-21,0,0,0
2014-03-21,2,0,2
2014-03-21,0,0,0
2014-03-21,0,0,0
2014-03-21,4,0,4
2014-03-21,7,1,6
2014-03-21,15,3,12
2014-03-21,15,1,14
2014-03-21,18,2,16
2014-03-21,12,3,9
2014-03-21,5,2,3
2014-03-21,10,5,5
2014-03-21,9,6,3
2014-03-21,7,1,6
2014-03-21,11,4,7
2014-03-21,29,15,14
2014-03-21,29,20,9
2014-03-21,22,18,4
2014-03-21,10,9,1
2014-03-21,5,2,3
2014-03-21,2,2,0
2014-03-21,2,2,0
2014-03-21,5,0,5
2014-03-22,0,0,0
2014-03-22,0,0,0
2014-03-22,0,0,0
2014-03-22,0,0,0
2014-03-22,0,0,0
2014-03-22,0,0,0
2014-03-22,3,0,3
2014-03-22,2,0,2
2014-03-22,2,0,2
2014-03-22,3,0,3
2014-03-22,18,5,13
2014-03-22,18,5,13
2014-03-22,11,6,5
2014-03-22,13,3,10
2014-03-22,17,7,10
2014-03-22,6,3,3
2014-03-22,9,7,2
2014-03-22,12,5,7
2014-03-22,5,2,3
2014-03-22,6,2,4
2014-03-22,5,2,3
2014-03-22,6,1,5
2014-03-22,8,3,5
2014-03-22,0,0,0
2014-03-23,1,1,0
2014-03-23,1,1,0
2014-03-23,2,2,0
2014-03-23,0,0,0
2014-03-23,0,0,0
2014-03-23,0,0,0
2014-03-23,2,0,2
2014-03-23,3,2,1
2014-03-23,4,1,3
2014-03-23,9,2,7
2014-03-23,17,10,7
2014-03-23,15,4,11
2014-03-23,32,14,18
2014-03-23,19,11,8
2014-03-23,20,16,4
2014-03-23,23,8,15
2014-03-23,31,23,8
2014-03-23,10,5,5
2014-03-23,6,3,3
2014-03-23,10,6,4
2014-03-23,9,4,5
2014-03-23,0,0,0
2014-03-23,2,0,2
2014-03-23,0,0,0
2014-03-24,1,1,0
2014-03-24,0,0,0
2014-03-24,0,0,0
2014-03-24,0,0,0
2014-03-24,0,0,0
2014-03-24,6,2,4
2014-03-24,13,3,10
2014-03-24,18,3,15
2014-03-24,18,3,15
2014-03-24,9,0,9
2014-03-24,11,1,10
2014-03-24,12,3,9
2014-03-24,10,4,6
2014-03-24,5,2,3
2014-03-24,14,7,7
2014-03-24,14,7,7
2014-03-24,31,23,8
2014-03-24,42,29,13
2014-03-24,31,19,12
2014-03-24,14,9,5
2014-03-24,6,2,4
2014-03-24,3,1,2
2014-03-24,1,1,0
2014-03-24,4,2,2
2014-03-25,3,1,2
2014-03-25,0,0,0
2014-03-25,0,0,0
2014-03-25,0,0,0
2014-03-25,0,0,0
2014-03-25,4,0,4
2014-03-25,7,1,6
2014-03-25,21,10,11
2014-03-25,18,4,14
2014-03-25,16,2,14
2014-03-25,4,0,4
2014-03-25,2,2,0
2014-03-25,5,1,4
2014-03-25,6,2,4
2014-03-25,4,3,1
2014-03-25,11,5,6
2014-03-25,15,4,11
2014-03-25,30,25,5
2014-03-25,20,14,6
2014-03-25,19,10,9
2014-03-25,7,4,3
2014-03-25,8,4,4
2014-03-25,6,1,5
2014-03-25,0,0,0
2014-03-26,0,0,0
2014-03-26,0,0,0
2014-03-26,0,0,0
2014-03-26,0,0,0
2014-03-26,0,0,0
2014-03-26,3,0,3
2014-03-26,5,0,5
2014-03-26,16,4,12
2014-03-26,22,1,21
2014-03-26,18,2,16
2014-03-26,7,2,5
2014-03-26,6,2,4
2014-03-26,3,3,0
2014-03-26,9,6,3
2014-03-26,9,4,5
2014-03-26,5,3,2
2014-03-26,14,8,6
2014-03-26,30,24,6
2014-03-26,22,16,6
2014-03-26,8,7,1
2014-03-26,5,3,2
2014-03-26,3,2,1
2014-03-26,1,0,1
2014-03-26,2,2,0
2014-03-27,0,0,0
2014-03-27,1,1,0
2014-03-27,0,0,0
2014-03-27,0,0,0
2014-03-27,0,0,0
2014-03-27,4,0,4
2014-03-27,5,1,4
2014-03-27,18,5,13
2014-03-27,14,1,13
2014-03-27,14,2,12
2014-03-27,6,1,5
2014-03-27,4,0,4
2014-03-27,5,4,1
2014-03-27,4,0,4
2014-03-27,4,1,3
2014-03-27,10,4,6
2014-03-27,27,21,6
2014-03-27,23,19,4
2014-03-27,22,16,6
2014-03-27,13,9,4
2014-03-27,12,3,9
2014-03-27,6,6,0
2014-03-27,3,1,2
2014-03-27,2,0,2
2014-03-28,1,1,0
2014-03-28,1,1,0
2014-03-28,0,0,0
2014-03-28,0,0,0
2014-03-28,0,0,0
2014-03-28,7,1,6
2014-03-28,2,0,2
2014-03-28,8,3,5
2014-03-28,9,2,7
2014-03-28,7,1,6
2014-03-28,6,1,5
2014-03-28,5,1,4
2014-03-28,7,1,6
2014-03-28,4,3,1
2014-03-28,8,1,7
2014-03-28,12,7,5
2014-03-28,10,5,5
2014-03-28,16,9,7
2014-03-28,13,6,7
2014-03-28,6,4,2
2014-03-28,5,0,5
2014-03-28,4,2,2
2014-03-28,0,0,0
2014-03-28,4,0,4
2014-03-29,0,0,0
2014-03-29,0,0,0
2014-03-29,0,0,0
2014-03-29,0,0,0
2014-03-29,0,0,0
2014-03-29,0,0,0
2014-03-29,2,2,0
2014-03-29,4,0,4
2014-03-29,5,2,3
2014-03-29,5,1,4
2014-03-29,5,2,3
2014-03-29,11,3,8
2014-03-29,10,1,9
2014-03-29,4,2,2
2014-03-29,7,6,1
2014-03-29,9,4,5
2014-03-29,9,3,6
2014-03-29,5,2,3
2014-03-29,3,1,2
2014-03-29,4,2,2
2014-03-29,1,1,0
2014-03-29,0,0,0
2014-03-29,4,1,3
2014-03-29,0,0,0
2014-03-30,1,1,0
2014-03-30,0,0,0
2014-03-30,0,0,0
2014-03-30,0,0,0
2014-03-30,0,0,0
2014-03-30,0,0,0
2014-03-30,2,0,2
2014-03-30,1,0,1
2014-03-30,4,1,3
2014-03-30,6,2,4
2014-03-30,9,4,5
2014-03-30,6,4,2
2014-03-30,6,3,3
2014-03-30,8,1,7
2014-03-30,15,4,11
2014-03-30,19,11,8
2014-03-30,31,17,14
2014-03-30,13,8,5
2014-03-30,9,5,4
2014-03-30,9,4,5
2014-03-30,4,3,1
2014-03-30,7,5,2
2014-03-30,0,0,0
2014-03-30,3,0,3
2014-03-31,1,1,0
2014-03-31,0,0,0
2014-03-31,0,0,0
2014-03-31,0,0,0
2014-03-31,0,0,0
2014-03-31,4,0,4
2014-03-31,6,3,3
2014-03-31,17,4,13
2014-03-31,23,2,21
2014-03-31,14,2,12
2014-03-31,12,1,11
2014-03-31,6,0,6
2014-03-31,18,4,14
2014-03-31,12,6,6
2014-03-31,8,7,1
2014-03-31,23,15,8
2014-03-31,10,7,3
2014-03-31,46,36,10
2014-03-31,24,18,6
2014-03-31,12,9,3
2014-03-31,9,9,0
2014-03-31,3,2,1
2014-03-31,4,2,2
2014-03-31,3,0,3
2014-04-01,0,0,0
2014-04-01,0,0,0
2014-04-01,0,0,0
2014-04-01,0,0,0
2014-04-01,0,0,0
2014-04-01,8,2,6
2014-04-01,5,0,5
2014-04-01,17,3,14
2014-04-01,24,5,19
2014-04-01,22,1,21
2014-04-01,11,1,10
2014-04-01,5,3,2
2014-04-01,9,6,3
2014-04-01,23,9,14
2014-04-01,21,8,13
2014-04-01,13,5,8
2014-04-01,21,11,10
2014-04-01,36,27,9
2014-04-01,19,13,6
2014-04-01,21,12,9
2014-04-01,9,6,3
2014-04-01,3,1,2
2014-04-01,2,2,0
2014-04-01,0,0,0
2014-04-02,1,1,0
2014-04-02,0,0,0
2014-04-02,0,0,0
2014-04-02,0,0,0
2014-04-02,0,0,0
2014-04-02,6,0,6
2014-04-02,7,2,5
2014-04-02,18,4,14
2014-04-02,28,4,24
2014-04-02,19,2,17
2014-04-02,10,1,9
2014-04-02,5,1,4
2014-04-02,6,4,2
2014-04-02,13,7,6
2014-04-02,17,7,10
2014-04-02,14,7,7
2014-04-02,13,9,4
2014-04-02,48,36,12
2014-04-02,41,33,8
2014-04-02,7,6,1
2014-04-02,6,4,2
2014-04-02,6,6,0
2014-04-02,2,2,0
2014-04-02,1,1,0
2014-04-03,0,0,0
2014-04-03,1,1,0
2014-04-03,0,0,0
2014-04-03,0,0,0
2014-04-03,0,0,0
2014-04-03,7,1,6
2014-04-03,12,2,10
2014-04-03,14,1,13
2014-04-03,21,2,19
2014-04-03,8,0,8
2014-04-03,9,2,7
2014-04-03,7,2,5
2014-04-03,11,3,8
2014-04-03,7,3,4
2014-04-03,8,1,7
2014-04-03,14,8,6
2014-04-03,14,13,1
2014-04-03,26,20,6
2014-04-03,14,12,2
2014-04-03,23,17,6
2014-04-03,2,2,0
2014-04-03,3,2,1
2014-04-03,5,1,4
2014-04-03,0,0,0
2014-04-04,0,0,0
2014-04-04,1,1,0
2014-04-04,1,1,0
2014-04-04,0,0,0
2014-04-04,0,0,0
2014-04-04,6,1,5
2014-04-04,4,0,4
2014-04-04,15,2,13
2014-04-04,27,3,24
2014-04-04,15,6,9
2014-04-04,8,3,5
2014-04-04,10,4,6
2014-04-04,5,5,0
2014-04-04,14,3,11
2014-04-04,13,4,9
2014-04-04,11,6,5
2014-04-04,19,15,4
2014-04-04,33,30,3
2014-04-04,17,11,6
2014-04-04,16,13,3
2014-04-04,5,2,3
2014-04-04,1,1,0
2014-04-04,3,1,2
2014-04-04,0,0,0
2014-04-05,0,0,0
2014-04-05,0,0,0
2014-04-05,2,0,2
2014-04-05,0,0,0
2014-04-05,0,0,0
2014-04-05,1,0,1
2014-04-05,1,0,1
2014-04-05,4,1,3
2014-04-05,7,1,6
2014-04-05,4,2,2
2014-04-05,14,7,7
2014-04-05,5,3,2
2014-04-05,10,4,6
2014-04-05,6,2,4
2014-04-05,8,2,6
2014-04-05,6,3,3
2014-04-05,6,1,5
2014-04-05,5,3,2
2014-04-05,10,4,6
2014-04-05,2,2,0
2014-04-05,8,4,4
2014-04-05,2,0,2
2014-04-05,0,0,0
2014-04-05,1,1,0
2014-04-06,5,1,4
2014-04-06,0,0,0
2014-04-06,0,0,0
2014-04-06,0,0,0
2014-04-06,0,0,0
2014-04-06,0,0,0
2014-04-06,2,0,2
2014-04-06,1,0,1
2014-04-06,5,2,3
2014-04-06,11,6,5
2014-04-06,6,2,4
2014-04-06,6,5,1
2014-04-06,12,5,7
2014-04-06,10,6,4
2014-04-06,15,8,7
2014-04-06,13,10,3
2014-04-06,17,16,1
2014-04-06,6,4,2
2014-04-06,9,4,5
2014-04-06,4,2,2
2014-04-06,3,0,3
2014-04-06,5,2,3
2014-04-06,2,0,2
2014-04-06,0,0,0
2014-04-07,1,1,0
2014-04-07,2,1,1
2014-04-07,0,0,0
2014-04-07,0,0,0
2014-04-07,0,0,0
2014-04-07,5,1,4
2014-04-07,6,0,6
2014-04-07,20,4,16
2014-04-07,23,1,22
2014-04-07,16,2,14
2014-04-07,13,4,9
2014-04-07,9,5,4
2014-04-07,14,6,8
2014-04-07,18,13,5
2014-04-07,16,8,8
2014-04-07,11,8,3
2014-04-07,15,11,4
2014-04-07,41,32,9
2014-04-07,31,26,5
2014-04-07,22,15,7
2014-04-07,8,5,3
2014-04-07,4,2,2
2014-04-07,4,2,2
2014-04-07,1,1,0
2014-04-08,1,1,0
2014-04-08,2,0,2
2014-04-08,0,0,0
2014-04-08,0,0,0
2014-04-08,0,0,0
2014-04-08,3,0,3
2014-04-08,5,1,4
2014-04-08,17,4,13
2014-04-08,24,6,18
2014-04-08,23,2,21
2014-04-08,18,8,10
2014-04-08,12,3,9
2014-04-08,6,2,4
2014-04-08,13,4,9
2014-04-08,8,2,6
2014-04-08,19,8,11
2014-04-08,16,14,2
2014-04-08,28,21,7
2014-04-08,19,14,5
2014-04-08,12,9,3
2014-04-08,11,4,7
2014-04-08,7,3,4
2014-04-08,1,0,1
2014-04-08,1,1,0
2014-04-09,3,2,1
2014-04-09,1,1,0
2014-04-09,0,0,0
2014-04-09,2,0,2
2014-04-09,0,0,0
2014-04-09,4,0,4
2014-04-09,4,0,4
2014-04-09,15,3,12
2014-04-09,22,2,20
2014-04-09,22,2,20
2014-04-09,9,2,7
2014-04-09,5,1,4
2014-04-09,13,2,11
2014-04-09,15,9,6
2014-04-09,13,6,7
2014-04-09,15,12,3
2014-04-09,16,7,9
2014-04-09,48,33,15
2014-04-09,44,33,11
2014-04-09,17,13,4
2014-04-09,7,7,0
2014-04-09,4,1,3
2014-04-09,4,1,3
2014-04-09,1,1,0
2014-04-10,0,0,0
2014-04-10,1,1,0
2014-04-10,0,0,0
2014-04-10,0,0,0
2014-04-10,0,0,0
2014-04-10,6,0,6
2014-04-10,7,1,6
2014-04-10,21,0,21
2014-04-10,21,4,17
2014-04-10,18,3,15
2014-04-10,12,4,8
2014-04-10,9,4,5
2014-04-10,6,2,4
2014-04-10,8,3,5
2014-04-10,10,6,4
2014-04-10,18,9,9
2014-04-10,32,16,16
2014-04-10,35,29,6
2014-04-10,31,24,7
2014-04-10,17,14,3
2014-04-10,9,7,2
2014-04-10,3,3,0
2014-04-10,3,2,1
2014-04-10,1,1,0
2014-04-11,1,1,0
2014-04-11,0,0,0
2014-04-11,0,0,0
2014-04-11,0,0,0
2014-04-11,0,0,0
2014-04-11,9,3,6
2014-04-11,4,2,2
2014-04-11,15,1,14
2014-04-11,34,5,29
2014-04-11,19,4,15
2014-04-11,7,2,5
2014-04-11,11,4,7
2014-04-11,10,6,4
2014-04-11,15,7,8
2014-04-11,10,7,3
2014-04-11,19,9,10
2014-04-11,21,14,7
2014-04-11,27,26,1
2014-04-11,23,14,9
2014-04-11,34,25,9
2014-04-11,10,10,0
2014-04-11,4,2,2
2014-04-11,4,4,0
2014-04-11,0,0,0
2014-04-12,0,0,0
2014-04-12,0,0,0
2014-04-12,0,0,0
2014-04-12,0,0,0
2014-04-12,0,0,0
2014-04-12,2,0,2
2014-04-12,0,0,0
2014-04-12,3,1,2
2014-04-12,10,3,7
2014-04-12,13,9,4
2014-04-12,10,4,6
2014-04-12,20,11,9
2014-04-12,26,7,19
2014-04-12,12,5,7
2014-04-12,17,8,9
2014-04-12,16,8,8
2014-04-12,14,8,6
2014-04-12,9,6,3
2014-04-12,4,2,2
2014-04-12,8,7,1
2014-04-12,8,2,6
2014-04-12,4,2,2
2014-04-12,6,3,3
2014-04-12,1,1,0
2014-04-13,1,1,0
2014-04-13,0,0,0
2014-04-13,4,2,2
2014-04-13,0,0,0
2014-04-13,0,0,0
2014-04-13,0,0,0
2014-04-13,3,0,3
2014-04-13,4,1,3
2014-04-13,11,0,11
2014-04-13,5,3,2
2014-04-13,7,5,2
2014-04-13,14,10,4
2014-04-13,19,11,8
2014-04-13,26,10,16
2014-04-13,31,16,15
2014-04-13,25,15,10
2014-04-13,34,13,21
2014-04-13,17,13,4
2014-04-13,26,16,10
2014-04-13,9,5,4
2014-04-13,4,3,1
2014-04-13,0,0,0
2014-04-13,3,3,0
2014-04-13,1,1,0
2014-04-14,0,0,0
2014-04-14,1,1,0
2014-04-14,2,0,2
2014-04-14,0,0,0
2014-04-14,0,0,0
2014-04-14,7,1,6
2014-04-14,8,1,7
2014-04-14,19,5,14
2014-04-14,16,0,16
2014-04-14,20,3,17
2014-04-14,14,3,11
2014-04-14,5,2,3
2014-04-14,16,4,12
2014-04-14,18,10,8
2014-04-14,12,3,9
2014-04-14,8,5,3
2014-04-14,27,13,14
2014-04-14,38,33,5
2014-04-14,27,22,5
2014-04-14,11,8,3
2014-04-14,7,7,0
2014-04-14,8,5,3
2014-04-14,1,1,0
2014-04-14,2,1,1
2014-04-15,1,1,0
2014-04-15,3,0,3
2014-04-15,0,0,0
2014-04-15,0,0,0
2014-04-15,1,1,0
2014-04-15,5,0,5
2014-04-15,7,1,6
2014-04-15,14,3,11
2014-04-15,19,2,17
2014-04-15,15,1,14
2014-04-15,8,1,7
2014-04-15,7,1,6
2014-04-15,8,2,6
2014-04-15,12,4,8
2014-04-15,9,5,4
2014-04-15,13,5,8
2014-04-15,20,11,9
2014-04-15,41,33,8
2014-04-15,24,17,7
2014-04-15,11,8,3
2014-04-15,6,4,2
2014-04-15,2,1,1
2014-04-15,1,1,0
2014-04-15,0,0,0
2014-04-16,1,1,0
2014-04-16,0,0,0
2014-04-16,0,0,0
2014-04-16,0,0,0
2014-04-16,0,0,0
2014-04-16,3,0,3
2014-04-16,5,2,3
2014-04-16,13,2,11
2014-04-16,14,0,14
2014-04-16,17,2,15
2014-04-16,7,1,6
2014-04-16,7,3,4
2014-04-16,5,2,3
2014-04-16,8,0,8
2014-04-16,6,5,1
2014-04-16,10,4,6
2014-04-16,12,8,4
2014-04-16,22,14,8
2014-04-16,23,15,8
2014-04-16,14,6,8
2014-04-16,7,4,3
2014-04-16,6,4,2
2014-04-16,1,1,0
2014-04-16,1,1,0
2014-04-17,0,0,0
2014-04-17,1,1,0
2014-04-17,0,0,0
2014-04-17,0,0,0
2014-04-17,0,0,0
2014-04-17,3,0,3
2014-04-17,5,0,5
2014-04-17,14,2,12
2014-04-17,16,2,14
2014-04-17,8,3,5
2014-04-17,9,3,6
2014-04-17,7,0,7
2014-04-17,3,2,1
2014-04-17,1,1,0
2014-04-17,4,2,2
2014-04-17,9,3,6
2014-04-17,15,13,2
2014-04-17,14,13,1
2014-04-17,8,5,3
2014-04-17,7,5,2
2014-04-17,7,7,0
2014-04-17,3,1,2
2014-04-17,0,0,0
2014-04-17,0,0,0
2014-04-18,1,1,0
2014-04-18,0,0,0
2014-04-18,1,1,0
2014-04-18,0,0,0
2014-04-18,0,0,0
2014-04-18,5,1,4
2014-04-18,6,1,5
2014-04-18,11,2,9
2014-04-18,21,0,21
2014-04-18,11,2,9
2014-04-18,9,2,7
2014-04-18,8,4,4
2014-04-18,11,3,8
2014-04-18,12,7,5
2014-04-18,8,3,5
2014-04-18,14,10,4
2014-04-18,11,6,5
2014-04-18,33,27,6
2014-04-18,15,12,3
2014-04-18,26,19,7
2014-04-18,10,7,3
2014-04-18,5,2,3
2014-04-18,2,2,0
2014-04-18,1,1,0
2014-04-19,0,0,0
2014-04-19,0,0,0
2014-04-19,0,0,0
2014-04-19,0,0,0
2014-04-19,0,0,0
2014-04-19,0,0,0
2014-04-19,4,0,4
2014-04-19,3,1,2
2014-04-19,12,4,8
2014-04-19,7,5,2
2014-04-19,18,3,15
2014-04-19,17,10,7
2014-04-19,3,2,1
2014-04-19,4,4,0
2014-04-19,7,0,7
2014-04-19,5,3,2
2014-04-19,13,9,4
2014-04-19,4,0,4
2014-04-19,0,0,0
2014-04-19,4,2,2
2014-04-19,2,2,0
2014-04-19,1,1,0
2014-04-19,1,1,0
2014-04-19,0,0,0
2014-04-20,2,2,0
2014-04-20,2,0,2
2014-04-20,0,0,0
2014-04-20,0,0,0
2014-04-20,0,0,0
2014-04-20,0,0,0
2014-04-20,4,1,3
2014-04-20,3,0,3
2014-04-20,5,2,3
2014-04-20,10,7,3
2014-04-20,6,4,2
2014-04-20,11,4,7
2014-04-20,22,12,10
2014-04-20,12,6,6
2014-04-20,20,9,11
2014-04-20,12,5,7
2014-04-20,14,9,5
2014-04-20,9,8,1
2014-04-20,3,1,2
2014-04-20,1,1,0
2014-04-20,4,4,0
2014-04-20,3,3,0
2014-04-20,0,0,0
2014-04-20,0,0,0
2014-04-21,3,1,2
2014-04-21,0,0,0
2014-04-21,0,0,0
2014-04-21,0,0,0
2014-04-21,0,0,0
2014-04-21,8,0,8
2014-04-21,8,2,6
2014-04-21,17,5,12
2014-04-21,30,3,27
2014-04-21,29,0,29
2014-04-21,13,6,7
2014-04-21,14,7,7
2014-04-21,14,7,7
2014-04-21,16,5,11
2014-04-21,14,7,7
2014-04-21,14,6,8
2014-04-21,16,11,5
2014-04-21,42,34,8
2014-04-21,35,24,11
2014-04-21,30,17,13
2014-04-21,11,5,6
2014-04-21,6,6,0
2014-04-21,0,0,0
2014-04-21,1,1,0
2014-04-22,4,1,3
2014-04-22,0,0,0
2014-04-22,0,0,0
2014-04-22,0,0,0
2014-04-22,0,0,0
2014-04-22,4,1,3
2014-04-22,7,3,4
2014-04-22,13,2,11
2014-04-22,14,2,12
2014-04-22,8,2,6
2014-04-22,21,6,15
2014-04-22,15,1,14
2014-04-22,10,3,7
2014-04-22,19,9,10
2014-04-22,10,4,6
2014-04-22,14,8,6
2014-04-22,15,6,9
2014-04-22,33,28,5
2014-04-22,24,19,5
2014-04-22,16,10,6
2014-04-22,5,3,2
2014-04-22,4,2,2
2014-04-22,1,1,0
2014-04-22,1,1,0
2014-04-23,1,1,0
2014-04-23,0,0,0
2014-04-23,0,0,0
2014-04-23,0,0,0
2014-04-23,0,0,0
2014-04-23,4,0,4
2014-04-23,7,2,5
2014-04-23,15,3,12
2014-04-23,20,1,19
2014-04-23,25,2,23
2014-04-23,8,1,7
2014-04-23,3,1,2
2014-04-23,12,7,5
2014-04-23,11,2,9
2014-04-23,13,7,6
2014-04-23,15,6,9
2014-04-23,11,7,4
2014-04-23,34,28,6
2014-04-23,28,20,8
2014-04-23,9,8,1
2014-04-23,6,5,1
2014-04-23,4,2,2
2014-04-23,2,2,0
2014-04-23,0,0,0
2014-04-24,1,1,0
2014-04-24,0,0,0
2014-04-24,0,0,0
2014-04-24,0,0,0
2014-04-24,0,0,0
2014-04-24,6,1,5
2014-04-24,9,4,5
2014-04-24,10,1,9
2014-04-24,25,2,23
2014-04-24,13,2,11
2014-04-24,16,8,8
2014-04-24,12,4,8
2014-04-24,5,4,1
2014-04-24,8,4,4
2014-04-24,6,1,5
2014-04-24,10,7,3
2014-04-24,16,8,8
2014-04-24,27,22,5
2014-04-24,21,14,7
2014-04-24,15,11,4
2014-04-24,7,3,4
2014-04-24,7,4,3
2014-04-24,3,3,0
2014-04-24,2,2,0
2014-04-25,3,1,2
2014-04-25,0,0,0
2014-04-25,0,0,0
2014-04-25,0,0,0
2014-04-25,0,0,0
2014-04-25,7,1,6
2014-04-25,6,0,6
2014-04-25,12,2,10
2014-04-25,27,3,24
2014-04-25,21,3,18
2014-04-25,17,3,14
2014-04-25,19,11,8
2014-04-25,17,6,11
2014-04-25,7,4,3
2014-04-25,17,11,6
2014-04-25,8,6,2
2014-04-25,14,11,3
2014-04-25,34,31,3
2014-04-25,33,26,7
2014-04-25,13,13,0
2014-04-25,12,4,8
2014-04-25,3,1,2
2014-04-25,0,0,0
2014-04-25,0,0,0
2014-04-26,3,0,3
2014-04-26,0,0,0
2014-04-26,1,1,0
2014-04-26,2,0,2
2014-04-26,0,0,0
2014-04-26,4,1,3
2014-04-26,1,0,1
2014-04-26,9,2,7
2014-04-26,5,2,3
2014-04-26,7,4,3
2014-04-26,14,5,9
2014-04-26,3,0,3
2014-04-26,18,7,11
2014-04-26,10,9,1
2014-04-26,12,7,5
2014-04-26,21,8,13
2014-04-26,12,5,7
2014-04-26,14,8,6
2014-04-26,15,11,4
2014-04-26,5,2,3
2014-04-26,5,2,3
2014-04-26,2,2,0
2014-04-26,1,0,1
2014-04-26,4,1,3
2014-04-27,3,1,2
2014-04-27,0,0,0
2014-04-27,0,0,0
2014-04-27,0,0,0
2014-04-27,0,0,0
2014-04-27,0,0,0
2014-04-27,2,0,2
2014-04-27,4,2,2
2014-04-27,4,1,3
2014-04-27,4,1,3
2014-04-27,5,3,2
2014-04-27,12,3,9
2014-04-27,16,11,5
2014-04-27,11,4,7
2014-04-27,22,12,10
2014-04-27,5,0,5
2014-04-27,13,5,8
2014-04-27,16,5,11
2014-04-27,9,7,2
2014-04-27,8,2,6
2014-04-27,3,3,0
2014-04-27,2,1,1
2014-04-27,1,1,0
2014-04-27,0,0,0
2014-04-28,1,1,0
2014-04-28,0,0,0
2014-04-28,0,0,0
2014-04-28,0,0,0
2014-04-28,0,0,0
2014-04-28,7,1,6
2014-04-28,14,2,12
2014-04-28,15,2,13
2014-04-28,23,0,23
2014-04-28,12,1,11
2014-04-28,6,0,6
2014-04-28,17,5,12
2014-04-28,11,5,6
2014-04-28,6,1,5
2014-04-28,10,1,9
2014-04-28,16,9,7
2014-04-28,13,9,4
2014-04-28,45,33,12
2014-04-28,28,22,6
2014-04-28,27,19,8
2014-04-28,15,10,5
2014-04-28,5,4,1
2014-04-28,2,2,0
2014-04-28,0,0,0
2014-04-29,1,1,0
2014-04-29,0,0,0
2014-04-29,0,0,0
2014-04-29,0,0,0
2014-04-29,0,0,0
2014-04-29,9,0,9
2014-04-29,12,1,11
2014-04-29,27,4,23
2014-04-29,30,0,30
2014-04-29,24,7,17
2014-04-29,9,1,8
2014-04-29,14,3,11
2014-04-29,10,2,8
2014-04-29,15,4,11
2014-04-29,8,4,4
2014-04-29,17,11,6
2014-04-29,21,14,7
2014-04-29,60,49,11
2014-04-29,39,27,12
2014-04-29,31,17,14
2014-04-29,9,8,1
2014-04-29,9,5,4
2014-04-29,1,1,0
2014-04-29,0,0,0
2014-04-30,0,0,0
2014-04-30,4,2,2
2014-04-30,0,0,0
2014-04-30,0,0,0
2014-04-30,0,0,0
2014-04-30,5,0,5
2014-04-30,9,1,8
2014-04-30,17,2,15
2014-04-30,31,1,30
2014-04-30,19,2,17
2014-04-30,13,4,9
2014-04-30,8,1,7
2014-04-30,9,5,4
2014-04-30,13,8,5
2014-04-30,9,7,2
2014-04-30,13,3,10
2014-04-30,21,15,6
2014-04-30,57,46,11
2014-04-30,38,25,13
2014-04-30,26,19,7
2014-04-30,17,12,5
2014-04-30,12,10,2
2014-04-30,4,2,2
2014-04-30,1,1,0
2014-05-01,4,1,3
2014-05-01,0,0,0
2014-05-01,0,0,0
2014-05-01,0,0,0
2014-05-01,0,0,0
2014-05-01,5,2,3
2014-05-01,14,2,12
2014-05-01,25,1,24
2014-05-01,36,2,34
2014-05-01,14,5,9
2014-05-01,14,1,13
2014-05-01,14,8,6
2014-05-01,10,5,5
2014-05-01,19,11,8
2014-05-01,16,8,8
2014-05-01,16,10,6
2014-05-01,28,23,5
2014-05-01,42,32,10
2014-05-01,45,31,14
2014-05-01,25,19,6
2014-05-01,15,12,3
2014-05-01,6,3,3
2014-05-01,5,2,3
2014-05-01,3,3,0
2014-05-02,0,0,0
2014-05-02,0,0,0
2014-05-02,0,0,0
2014-05-02,0,0,0
2014-05-02,0,0,0
2014-05-02,5,1,4
2014-05-02,12,3,9
2014-05-02,20,2,18
2014-05-02,36,3,33
2014-05-02,28,0,28
2014-05-02,7,2,5
2014-05-02,14,7,7
2014-05-02,8,4,4
2014-05-02,11,4,7
2014-05-02,16,7,9
2014-05-02,17,13,4
2014-05-02,24,18,6
2014-05-02,56,44,12
2014-05-02,28,19,9
2014-05-02,14,12,2
2014-05-02,9,5,4
2014-05-02,3,3,0
2014-05-02,4,3,1
2014-05-02,0,0,0
2014-05-03,5,0,5
2014-05-03,1,1,0
2014-05-03,0,0,0
2014-05-03,0,0,0
2014-05-03,0,0,0
2014-05-03,0,0,0
2014-05-03,3,0,3
2014-05-03,7,2,5
2014-05-03,8,1,7
2014-05-03,25,7,18
2014-05-03,21,9,12
2014-05-03,21,6,15
2014-05-03,17,7,10
2014-05-03,12,3,9
2014-05-03,10,9,1
2014-05-03,4,1,3
2014-05-03,6,4,2
2014-05-03,4,1,3
2014-05-03,16,5,11
2014-05-03,8,3,5
2014-05-03,2,0,2
2014-05-03,0,0,0
2014-05-03,2,0,2
2014-05-03,2,0,2
2014-05-04,3,1,2
2014-05-04,0,0,0
2014-05-04,0,0,0
2014-05-04,0,0,0
2014-05-04,0,0,0
2014-05-04,0,0,0
2014-05-04,3,1,2
2014-05-04,0,0,0
2014-05-04,1,0,1
2014-05-04,5,2,3
2014-05-04,3,2,1
2014-05-04,2,1,1
2014-05-04,5,1,4
2014-05-04,13,5,8
2014-05-04,2,2,0
2014-05-04,5,1,4
2014-05-04,6,2,4
2014-05-04,7,3,4
2014-05-04,4,2,2
2014-05-04,2,2,0
2014-05-04,2,0,2
2014-05-04,5,2,3
2014-05-04,1,1,0
2014-05-04,3,0,3
2014-05-05,1,1,0
2014-05-05,0,0,0
2014-05-05,0,0,0
2014-05-05,0,0,0
2014-05-05,0,0,0
2014-05-05,5,1,4
2014-05-05,8,2,6
2014-05-05,20,2,18
2014-05-05,24,2,22
2014-05-05,17,1,16
2014-05-05,6,0,6
2014-05-05,4,3,1
2014-05-05,10,4,6
2014-05-05,15,3,12
2014-05-05,10,4,6
2014-05-05,11,4,7
2014-05-05,14,11,3
2014-05-05,50,39,11
2014-05-05,32,24,8
2014-05-05,21,9,12
2014-05-05,6,5,1
2014-05-05,5,5,0
2014-05-05,3,3,0
2014-05-05,1,1,0
2014-05-06,1,1,0
2014-05-06,0,0,0
2014-05-06,0,0,0
2014-05-06,0,0,0
2014-05-06,0,0,0
2014-05-06,8,1,7
2014-05-06,11,1,10
2014-05-06,28,5,23
2014-05-06,25,1,24
2014-05-06,22,0,22
2014-05-06,14,4,10
2014-05-06,9,4,5
2014-05-06,9,4,5
2014-05-06,12,4,8
2014-05-06,7,3,4
2014-05-06,18,7,11
2014-05-06,22,10,12
2014-05-06,52,42,10
2014-05-06,30,27,3
2014-05-06,19,12,7
2014-05-06,14,6,8
2014-05-06,5,4,1
2014-05-06,6,3,3
2014-05-06,2,0,2
2014-05-07,2,2,0
2014-05-07,0,0,0
2014-05-07,0,0,0
2014-05-07,0,0,0
2014-05-07,0,0,0
2014-05-07,6,0,6
2014-05-07,16,3,13
2014-05-07,29,4,25
2014-05-07,44,5,39
2014-05-07,16,2,14
2014-05-07,17,6,11
2014-05-07,20,9,11
2014-05-07,19,10,9
2014-05-07,14,10,4
2014-05-07,14,6,8
2014-05-07,22,9,13
2014-05-07,17,9,8
2014-05-07,68,55,13
2014-05-07,31,20,11
2014-05-07,26,21,5
2014-05-07,15,12,3
2014-05-07,15,14,1
2014-05-07,10,7,3
2014-05-07,2,2,0
2014-05-08,1,1,0
2014-05-08,2,0,2
2014-05-08,2,0,2
2014-05-08,0,0,0
2014-05-08,2,2,0
2014-05-08,5,0,5
2014-05-08,9,1,8
2014-05-08,27,10,17
2014-05-08,32,3,29
2014-05-08,14,3,11
2014-05-08,12,3,9
2014-05-08,6,1,5
2014-05-08,6,3,3
2014-05-08,2,0,2
2014-05-08,8,5,3
2014-05-08,18,6,12
2014-05-08,11,4,7
2014-05-08,39,35,4
2014-05-08,28,23,5
2014-05-08,7,5,2
2014-05-08,14,8,6
2014-05-08,2,2,0
2014-05-08,1,1,0
2014-05-08,4,2,2
2014-05-09,1,1,0
2014-05-09,0,0,0
2014-05-09,0,0,0
2014-05-09,0,0,0
2014-05-09,0,0,0
2014-05-09,5,1,4
2014-05-09,9,1,8
2014-05-09,13,1,12
2014-05-09,20,1,19
2014-05-09,15,1,14
2014-05-09,10,0,10
2014-05-09,10,2,8
2014-05-09,16,5,11
2014-05-09,13,10,3
2014-05-09,10,2,8
2014-05-09,13,8,5
2014-05-09,17,13,4
2014-05-09,27,21,6
2014-05-09,18,15,3
2014-05-09,10,4,6
2014-05-09,6,4,2
2014-05-09,0,0,0
2014-05-09,5,3,2
2014-05-09,2,0,2
2014-05-10,2,0,2
2014-05-10,0,0,0
2014-05-10,0,0,0
2014-05-10,1,1,0
2014-05-10,0,0,0
2014-05-10,0,0,0
2014-05-10,6,0,6
2014-05-10,2,0,2
2014-05-10,7,1,6
2014-05-10,8,3,5
2014-05-10,23,10,13
2014-05-10,11,3,8
2014-05-10,7,2,5
2014-05-10,16,10,6
2014-05-10,17,6,11
2014-05-10,11,6,5
2014-05-10,11,8,3
2014-05-10,10,4,6
2014-05-10,9,5,4
2014-05-10,7,5,2
2014-05-10,6,3,3
2014-05-10,2,0,2
2014-05-10,8,3,5
2014-05-10,10,1,9
2014-05-11,0,0,0
2014-05-11,0,0,0
2014-05-11,0,0,0
2014-05-11,0,0,0
2014-05-11,0,0,0
2014-05-11,0,0,0
2014-05-11,6,0,6
2014-05-11,7,2,5
2014-05-11,8,2,6
2014-05-11,8,2,6
2014-05-11,22,2,20
2014-05-11,20,5,15
2014-05-11,21,14,7
2014-05-11,24,11,13
2014-05-11,24,17,7
2014-05-11,24,7,17
2014-05-11,28,16,12
2014-05-11,20,9,11
2014-05-11,14,8,6
2014-05-11,13,12,1
2014-05-11,1,1,0
2014-05-11,4,1,3
2014-05-11,5,2,3
2014-05-11,1,1,0
2014-05-12,1,1,0
2014-05-12,0,0,0
2014-05-12,0,0,0
2014-05-12,0,0,0
2014-05-12,0,0,0
2014-05-12,8,1,7
2014-05-12,12,6,6
2014-05-12,27,4,23
2014-05-12,43,4,39
2014-05-12,19,0,19
2014-05-12,16,2,14
2014-05-12,2,1,1
2014-05-12,13,7,6
2014-05-12,14,7,7
2014-05-12,12,7,5
2014-05-12,9,5,4
2014-05-12,22,15,7
2014-05-12,57,45,12
2014-05-12,39,30,9
2014-05-12,21,17,4
2014-05-12,14,8,6
2014-05-12,4,4,0
2014-05-12,9,7,2
2014-05-12,4,2,2
2014-05-13,5,1,4
2014-05-13,0,0,0
2014-05-13,0,0,0
2014-05-13,0,0,0
2014-05-13,0,0,0
2014-05-13,8,1,7
2014-05-13,8,2,6
2014-05-13,40,3,37
2014-05-13,26,0,26
2014-05-13,25,4,21
2014-05-13,15,5,10
2014-05-13,12,6,6
2014-05-13,4,3,1
2014-05-13,19,10,9
2014-05-13,10,4,6
2014-05-13,17,10,7
2014-05-13,28,16,12
2014-05-13,52,36,16
2014-05-13,35,31,4
2014-05-13,19,16,3
2014-05-13,25,16,9
2014-05-13,4,4,0
2014-05-13,6,3,3
2014-05-13,2,2,0
2014-05-14,3,3,0
2014-05-14,0,0,0
2014-05-14,0,0,0
2014-05-14,0,0,0
2014-05-14,0,0,0
2014-05-14,7,1,6
2014-05-14,16,3,13
2014-05-14,23,3,20
2014-05-14,33,1,32
2014-05-14,26,7,19
2014-05-14,13,3,10
2014-05-14,4,0,4
2014-05-14,10,5,5
2014-05-14,17,7,10
2014-05-14,10,3,7
2014-05-14,20,5,15
2014-05-14,20,14,6
2014-05-14,57,49,8
2014-05-14,31,29,2
2014-05-14,20,12,8
2014-05-14,19,13,6
2014-05-14,9,7,2
2014-05-14,6,3,3
2014-05-14,4,0,4
2014-05-15,4,4,0
2014-05-15,0,0,0
2014-05-15,0,0,0
2014-05-15,0,0,0
2014-05-15,0,0,0
2014-05-15,5,0,5
2014-05-15,11,0,11
2014-05-15,30,4,26
2014-05-15,27,5,22
2014-05-15,23,1,22
2014-05-15,12,6,6
2014-05-15,17,6,11
2014-05-15,4,0,4
2014-05-15,9,6,3
2014-05-15,13,7,6
2014-05-15,10,7,3
2014-05-15,19,17,2
2014-05-15,51,41,10
2014-05-15,30,23,7
2014-05-15,13,11,2
2014-05-15,13,7,6
2014-05-15,12,7,5
2014-05-15,6,2,4
2014-05-15,5,3,2
2014-05-16,5,2,3
2014-05-16,1,1,0
2014-05-16,0,0,0
2014-05-16,0,0,0
2014-05-16,0,0,0
2014-05-16,8,1,7
2014-05-16,20,4,16
2014-05-16,35,10,25
2014-05-16,36,2,34
2014-05-16,20,2,18
2014-05-16,9,0,9
2014-05-16,7,0,7
2014-05-16,7,4,3
2014-05-16,10,4,6
2014-05-16,9,6,3
2014-05-16,16,5,11
2014-05-16,22,16,6
2014-05-16,61,51,10
2014-05-16,40,25,15
2014-05-16,9,8,1
2014-05-16,10,5,5
2014-05-16,6,4,2
2014-05-16,2,2,0
2014-05-16,2,0,2
2014-05-17,1,1,0
2014-05-17,4,1,3
2014-05-17,0,0,0
2014-05-17,0,0,0
2014-05-17,0,0,0
2014-05-17,1,0,1
2014-05-17,3,0,3
2014-05-17,9,2,7
2014-05-17,8,2,6
2014-05-17,9,3,6
2014-05-17,13,8,5
2014-05-17,16,10,6
2014-05-17,17,14,3
2014-05-17,12,5,7
2014-05-17,14,2,12
2014-05-17,17,8,9
2014-05-17,11,7,4
2014-05-17,11,4,7
2014-05-17,13,9,4
2014-05-17,11,3,8
2014-05-17,9,6,3
2014-05-17,1,1,0
2014-05-17,4,2,2
2014-05-17,3,1,2
2014-05-18,3,0,3
2014-05-18,0,0,0
2014-05-18,0,0,0
2014-05-18,1,1,0
2014-05-18,0,0,0
2014-05-18,0,0,0
2014-05-18,8,2,6
2014-05-18,2,0,2
2014-05-18,8,1,7
2014-05-18,16,11,5
2014-05-18,12,3,9
2014-05-18,11,5,6
2014-05-18,17,9,8
2014-05-18,10,8,2
2014-05-18,25,6,19
2014-05-18,37,14,23
2014-05-18,22,18,4
2014-05-18,17,6,11
2014-05-18,17,8,9
2014-05-18,19,8,11
2014-05-18,2,2,0
2014-05-18,5,5,0
2014-05-18,4,2,2
2014-05-18,1,1,0
2014-05-19,1,1,0
2014-05-19,0,0,0
2014-05-19,0,0,0
2014-05-19,0,0,0
2014-05-19,0,0,0
2014-05-19,8,0,8
2014-05-19,9,0,9
2014-05-19,29,4,25
2014-05-19,29,1,28
2014-05-19,18,0,18
2014-05-19,11,5,6
2014-05-19,7,2,5
2014-05-19,12,10,2
2014-05-19,8,5,3
2014-05-19,10,4,6
2014-05-19,14,8,6
2014-05-19,17,13,4
2014-05-19,43,37,6
2014-05-19,37,29,8
2014-05-19,30,16,14
2014-05-19,15,8,7
2014-05-19,8,6,2
2014-05-19,3,3,0
2014-05-19,2,0,2
2014-05-20,2,2,0
2014-05-20,0,0,0
2014-05-20,1,1,0
2014-05-20,0,0,0
2014-05-20,0,0,0
2014-05-20,7,0,7
2014-05-20,14,1,13
2014-05-20,34,3,31
2014-05-20,33,4,29
2014-05-20,19,0,19
2014-05-20,13,3,10
2014-05-20,13,5,8
2014-05-20,3,1,2
2014-05-20,7,0,7
2014-05-20,15,8,7
2014-05-20,21,14,7
2014-05-20,20,12,8
2014-05-20,49,42,7
2014-05-20,34,28,6
2014-05-20,22,16,6
2014-05-20,10,9,1
2014-05-20,2,2,0
2014-05-20,9,5,4
2014-05-20,0,0,0
2014-05-21,2,2,0
2014-05-21,0,0,0
2014-05-21,0,0,0
2014-05-21,0,0,0
2014-05-21,0,0,0
2014-05-21,9,0,9
2014-05-21,15,3,12
2014-05-21,20,2,18
2014-05-21,34,1,33
2014-05-21,27,3,24
2014-05-21,7,1,6
2014-05-21,6,1,5
2014-05-21,7,4,3
2014-05-21,15,6,9
2014-05-21,12,4,8
2014-05-21,12,11,1
2014-05-21,24,14,10
2014-05-21,51,39,12
2014-05-21,42,30,12
2014-05-21,34,19,15
2014-05-21,7,6,1
2014-05-21,6,6,0
2014-05-21,3,3,0
2014-05-21,1,1,0
2014-05-22,6,2,4
2014-05-22,0,0,0
2014-05-22,0,0,0
2014-05-22,0,0,0
2014-05-22,0,0,0
2014-05-22,10,0,10
2014-05-22,6,0,6
2014-05-22,29,2,27
2014-05-22,32,2,30
2014-05-22,24,4,20
2014-05-22,15,5,10
2014-05-22,9,1,8
2014-05-22,28,7,21
2014-05-22,11,7,4
2014-05-22,12,6,6
2014-05-22,19,10,9
2014-05-22,19,16,3
2014-05-22,35,32,3
2014-05-22,52,44,8
2014-05-22,13,11,2
2014-05-22,12,5,7
2014-05-22,1,1,0
2014-05-22,2,2,0
2014-05-22,2,2,0
2014-05-23,5,3,2
2014-05-23,0,0,0
2014-05-23,0,0,0
2014-05-23,0,0,0
2014-05-23,0,0,0
2014-05-23,8,1,7
2014-05-23,9,1,8
2014-05-23,13,1,12
2014-05-23,16,2,14
2014-05-23,9,1,8
2014-05-23,6,1,5
2014-05-23,3,1,2
2014-05-23,2,1,1
2014-05-23,7,0,7
2014-05-23,5,1,4
2014-05-23,13,11,2
2014-05-23,13,9,4
2014-05-23,27,22,5
2014-05-23,12,11,1
2014-05-23,15,8,7
2014-05-23,8,3,5
2014-05-23,2,2,0
2014-05-23,0,0,0
2014-05-23,0,0,0
2014-05-24,0,0,0
2014-05-24,0,0,0
2014-05-24,1,1,0
2014-05-24,0,0,0
2014-05-24,0,0,0
2014-05-24,1,0,1
2014-05-24,6,2,4
2014-05-24,14,1,13
2014-05-24,8,3,5
2014-05-24,8,3,5
2014-05-24,14,3,11
2014-05-24,17,7,10
2014-05-24,13,10,3
2014-05-24,22,13,9
2014-05-24,14,3,11
2014-05-24,20,14,6
2014-05-24,20,11,9
2014-05-24,12,3,9
2014-05-24,11,10,1
2014-05-24,10,10,0
2014-05-24,1,1,0
2014-05-24,6,4,2
2014-05-24,0,0,0
2014-05-24,4,2,2
2014-05-25,2,2,0
2014-05-25,0,0,0
2014-05-25,0,0,0
2014-05-25,0,0,0
2014-05-25,0,0,0
2014-05-25,0,0,0
2014-05-25,7,1,6
2014-05-25,4,0,4
2014-05-25,2,0,2
2014-05-25,9,2,7
2014-05-25,9,2,7
2014-05-25,16,4,12
2014-05-25,11,4,7
2014-05-25,7,3,4
2014-05-25,20,6,14
2014-05-25,14,7,7
2014-05-25,4,4,0
2014-05-25,7,3,4
2014-05-25,12,7,5
2014-05-25,13,7,6
2014-05-25,4,2,2
2014-05-25,0,0,0
2014-05-25,3,3,0
2014-05-25,1,1,0
2014-05-26,3,1,2
2014-05-26,0,0,0
2014-05-26,0,0,0
2014-05-26,0,0,0
2014-05-26,0,0,0
2014-05-26,2,0,2
2014-05-26,5,2,3
2014-05-26,4,0,4
2014-05-26,4,2,2
2014-05-26,11,4,7
2014-05-26,8,4,4
2014-05-26,18,5,13
2014-05-26,15,2,13
2014-05-26,19,11,8
2014-05-26,27,9,18
2014-05-26,36,17,19
2014-05-26,29,11,18
2014-05-26,9,5,4
2014-05-26,9,5,4
2014-05-26,27,12,15
2014-05-26,5,4,1
2014-05-26,0,0,0
2014-05-26,0,0,0
2014-05-26,0,0,0
2014-05-27,2,2,0
2014-05-27,0,0,0
2014-05-27,0,0,0
2014-05-27,0,0,0
2014-05-27,0,0,0
2014-05-27,11,1,10
2014-05-27,13,3,10
2014-05-27,35,5,30
2014-05-27,47,2,45
2014-05-27,25,1,24
2014-05-27,21,5,16
2014-05-27,7,3,4
2014-05-27,13,4,9
2014-05-27,6,2,4
2014-05-27,13,7,6
2014-05-27,21,11,10
2014-05-27,33,17,16
2014-05-27,62,46,16
2014-05-27,35,26,9
2014-05-27,23,18,5
2014-05-27,12,8,4
2014-05-27,8,5,3
2014-05-27,4,4,0
2014-05-27,2,0,2
2014-05-28,2,2,0
2014-05-28,1,1,0
2014-05-28,0,0,0
2014-05-28,0,0,0
2014-05-28,0,0,0
2014-05-28,5,0,5
2014-05-28,14,2,12
2014-05-28,29,8,21
2014-05-28,41,5,36
2014-05-28,23,2,21
2014-05-28,9,3,6
2014-05-28,7,3,4
2014-05-28,7,4,3
2014-05-28,7,5,2
2014-05-28,14,6,8
2014-05-28,12,10,2
2014-05-28,17,10,7
2014-05-28,36,31,5
2014-05-28,35,27,8
2014-05-28,25,15,10
2014-05-28,11,7,4
2014-05-28,6,6,0
2014-05-28,3,1,2
2014-05-28,2,1,1
2014-05-29,3,3,0
2014-05-29,0,0,0
2014-05-29,0,0,0
2014-05-29,0,0,0
2014-05-29,0,0,0
2014-05-29,7,0,7
2014-05-29,16,2,14
2014-05-29,30,2,28
2014-05-29,36,4,32
2014-05-29,22,1,21
2014-05-29,22,5,17
2014-05-29,3,0,3
2014-05-29,8,5,3
2014-05-29,9,2,7
2014-05-29,6,2,4
2014-05-29,10,3,7
2014-05-29,19,16,3
2014-05-29,29,25,4
2014-05-29,30,23,7
2014-05-29,24,20,4
2014-05-29,16,9,7
2014-05-29,5,4,1
2014-05-29,1,1,0
2014-05-29,1,1,0
2014-05-30,0,0,0
2014-05-30,3,3,0
2014-05-30,0,0,0
2014-05-30,0,0,0
2014-05-30,0,0,0
2014-05-30,7,0,7
2014-05-30,11,2,9
2014-05-30,14,2,12
2014-05-30,63,3,60
2014-05-30,24,1,23
2014-05-30,14,3,11
2014-05-30,13,4,9
2014-05-30,14,9,5
2014-05-30,7,4,3
2014-05-30,12,7,5
2014-05-30,8,4,4
2014-05-30,27,17,10
2014-05-30,47,30,17
2014-05-30,44,28,16
2014-05-30,20,14,6
2014-05-30,12,5,7
2014-05-30,7,3,4
2014-05-30,4,3,1
2014-05-30,1,1,0
2014-05-31,1,1,0
2014-05-31,0,0,0
2014-05-31,0,0,0
2014-05-31,0,0,0
2014-05-31,0,0,0
2014-05-31,2,0,2
2014-05-31,7,2,5
2014-05-31,5,2,3
2014-05-31,12,4,8
2014-05-31,12,5,7
2014-05-31,23,14,9
2014-05-31,19,7,12
2014-05-31,12,1,11
2014-05-31,24,8,16
2014-05-31,20,7,13
2014-05-31,20,7,13
2014-05-31,20,14,6
2014-05-31,18,8,10
2014-05-31,24,11,13
2014-05-31,13,5,8
2014-05-31,11,5,6
2014-05-31,7,2,5
2014-05-31,6,5,1
2014-05-31,1,1,0
2014-06-01,2,2,0
2014-06-01,1,1,0
2014-06-01,1,1,0
2014-06-01,0,0,0
2014-06-01,0,0,0
2014-06-01,4,0,4
2014-06-01,7,0,7
2014-06-01,4,1,3
2014-06-01,5,0,5
2014-06-01,13,4,9
2014-06-01,18,5,13
2014-06-01,18,10,8
2014-06-01,29,18,11
2014-06-01,15,7,8
2014-06-01,27,9,18
2014-06-01,15,10,5
2014-06-01,16,13,3
2014-06-01,9,8,1
2014-06-01,19,9,10
2014-06-01,10,4,6
2014-06-01,8,2,6
2014-06-01,5,1,4
2014-06-01,0,0,0
2014-06-01,0,0,0
2014-06-02,1,1,0
2014-06-02,1,1,0
2014-06-02,1,1,0
2014-06-02,0,0,0
2014-06-02,0,0,0
2014-06-02,9,1,8
2014-06-02,21,2,19
2014-06-02,25,5,20
2014-06-02,48,2,46
2014-06-02,39,4,35
2014-06-02,19,6,13
2014-06-02,0,0,0
2014-06-02,7,5,2
2014-06-02,8,4,4
2014-06-02,21,5,16
2014-06-02,14,10,4
2014-06-02,25,19,6
2014-06-02,50,43,7
2014-06-02,41,32,9
2014-06-02,30,22,8
2014-06-02,10,7,3
2014-06-02,3,3,0
2014-06-02,0,0,0
2014-06-02,1,1,0
2014-06-03,1,1,0
2014-06-03,2,2,0
2014-06-03,0,0,0
2014-06-03,0,0,0
2014-06-03,0,0,0
2014-06-03,6,0,6
2014-06-03,12,4,8
2014-06-03,19,3,16
2014-06-03,27,2,25
2014-06-03,24,0,24
2014-06-03,14,2,12
2014-06-03,12,7,5
2014-06-03,22,8,14
2014-06-03,27,7,20
2014-06-03,17,7,10
2014-06-03,14,12,2
2014-06-03,14,10,4
2014-06-03,45,31,14
2014-06-03,33,28,5
2014-06-03,20,9,11
2014-06-03,8,8,0
2014-06-03,8,8,0
2014-06-03,0,0,0
2014-06-03,1,1,0
2014-06-04,1,1,0
2014-06-04,0,0,0
2014-06-04,0,0,0
2014-06-04,0,0,0
2014-06-04,0,0,0
2014-06-04,5,0,5
2014-06-04,12,3,9
2014-06-04,24,3,21
2014-06-04,50,5,45
2014-06-04,21,2,19
2014-06-04,9,3,6
2014-06-04,13,6,7
2014-06-04,13,9,4
2014-06-04,11,5,6
2014-06-04,8,5,3
2014-06-04,17,11,6
2014-06-04,16,9,7
2014-06-04,44,32,12
2014-06-04,55,36,19
2014-06-04,14,12,2
2014-06-04,15,13,2
2014-06-04,11,5,6
2014-06-04,11,5,6
2014-06-04,2,2,0
2014-06-05,2,2,0
2014-06-05,0,0,0
2014-06-05,0,0,0
2014-06-05,0,0,0
2014-06-05,0,0,0
2014-06-05,11,1,10
2014-06-05,16,1,15
2014-06-05,25,4,21
2014-06-05,49,6,43
2014-06-05,20,3,17
2014-06-05,12,3,9
2014-06-05,7,2,5
2014-06-05,9,0,9
2014-06-05,5,0,5
2014-06-05,9,9,0
2014-06-05,18,6,12
2014-06-05,23,14,9
2014-06-05,60,43,17
2014-06-05,31,24,7
2014-06-05,26,24,2
2014-06-05,14,13,1
2014-06-05,7,4,3
2014-06-05,4,2,2
2014-06-05,3,3,0
2014-06-06,0,0,0
2014-06-06,1,1,0
2014-06-06,0,0,0
2014-06-06,0,0,0
2014-06-06,0,0,0
2014-06-06,9,0,9
2014-06-06,16,4,12
2014-06-06,25,5,20
2014-06-06,31,2,29
2014-06-06,23,2,21
2014-06-06,11,2,9
2014-06-06,17,6,11
2014-06-06,10,4,6
2014-06-06,19,7,12
2014-06-06,11,4,7
2014-06-06,22,16,6
2014-06-06,23,14,9
2014-06-06,39,28,11
2014-06-06,26,19,7
2014-06-06,9,9,0
2014-06-06,13,9,4
2014-06-06,1,1,0
2014-06-06,8,2,6
2014-06-06,3,3,0
2014-06-07,3,1,2
2014-06-07,4,2,2
2014-06-07,2,2,0
2014-06-07,0,0,0
2014-06-07,0,0,0
2014-06-07,0,0,0
2014-06-07,5,0,5
2014-06-07,2,0,2
2014-06-07,6,2,4
2014-06-07,9,5,4
2014-06-07,18,8,10
2014-06-07,15,2,13
2014-06-07,14,7,7
2014-06-07,15,10,5
2014-06-07,15,7,8
2014-06-07,15,5,10
2014-06-07,14,11,3
2014-06-07,14,8,6
2014-06-07,10,6,4
2014-06-07,10,5,5
2014-06-07,7,7,0
2014-06-07,4,2,2
2014-06-07,1,0,1
2014-06-07,1,0,1
2014-06-08,7,5,2
2014-06-08,1,1,0
2014-06-08,0,0,0
2014-06-08,0,0,0
2014-06-08,0,0,0
2014-06-08,0,0,0
2014-06-08,4,0,4
2014-06-08,2,1,1
2014-06-08,5,2,3
2014-06-08,3,0,3
2014-06-08,11,5,6
2014-06-08,18,4,14
2014-06-08,26,13,13
2014-06-08,20,9,11
2014-06-08,14,9,5
2014-06-08,24,12,12
2014-06-08,16,10,6
2014-06-08,14,9,5
2014-06-08,6,5,1
2014-06-08,11,2,9
2014-06-08,3,0,3
2014-06-08,3,3,0
2014-06-08,11,4,7
2014-06-08,2,2,0
2014-06-09,0,0,0
2014-06-09,0,0,0
2014-06-09,0,0,0
2014-06-09,0,0,0
2014-06-09,0,0,0
2014-06-09,10,1,9
2014-06-09,12,2,10
2014-06-09,29,2,27
2014-06-09,35,0,35
2014-06-09,30,0,30
2014-06-09,18,2,16
2014-06-09,12,6,6
2014-06-09,13,2,11
2014-06-09,12,5,7
2014-06-09,13,2,11
2014-06-09,6,5,1
2014-06-09,24,18,6
2014-06-09,28,26,2
2014-06-09,26,17,9
2014-06-09,21,12,9
2014-06-09,6,2,4
2014-06-09,10,7,3
2014-06-09,0,0,0
2014-06-09,5,5,0
2014-06-10,1,1,0
2014-06-10,0,0,0
2014-06-10,0,0,0
2014-06-10,0,0,0
2014-06-10,0,0,0
2014-06-10,6,1,5
2014-06-10,14,3,11
2014-06-10,32,3,29
2014-06-10,35,2,33
2014-06-10,23,4,19
2014-06-10,11,3,8
2014-06-10,13,8,5
2014-06-10,14,2,12
2014-06-10,13,3,10
2014-06-10,15,9,6
2014-06-10,20,7,13
2014-06-10,27,14,13
2014-06-10,47,38,9
2014-06-10,30,24,6
2014-06-10,29,18,11
2014-06-10,9,3,6
2014-06-10,5,5,0
2014-06-10,3,1,2
2014-06-10,6,5,1
2014-06-11,1,1,0
2014-06-11,1,1,0
2014-06-11,0,0,0
2014-06-11,0,0,0
2014-06-11,2,0,2
2014-06-11,4,0,4
2014-06-11,9,3,6
2014-06-11,28,2,26
2014-06-11,42,0,42
2014-06-11,22,2,20
2014-06-11,27,6,21
2014-06-11,10,3,7
2014-06-11,14,6,8
2014-06-11,20,14,6
2014-06-11,18,5,13
2014-06-11,21,12,9
2014-06-11,21,12,9
2014-06-11,48,37,11
2014-06-11,41,35,6
2014-06-11,18,11,7
2014-06-11,7,7,0
2014-06-11,11,5,6
2014-06-11,4,4,0
2014-06-11,3,3,0
2014-06-12,5,1,4
2014-06-12,0,0,0
2014-06-12,0,0,0
2014-06-12,0,0,0
2014-06-12,0,0,0
2014-06-12,6,0,6
2014-06-12,10,2,8
2014-06-12,21,5,16
2014-06-12,33,1,32
2014-06-12,24,6,18
2014-06-12,13,1,12
2014-06-12,4,2,2
2014-06-12,14,4,10
2014-06-12,13,7,6
2014-06-12,7,1,6
2014-06-12,14,9,5
2014-06-12,14,11,3
2014-06-12,33,29,4
2014-06-12,24,18,6
2014-06-12,27,16,11
2014-06-12,6,2,4
2014-06-12,8,8,0
2014-06-12,1,1,0
2014-06-12,4,1,3
2014-06-13,2,2,0
2014-06-13,0,0,0
2014-06-13,0,0,0
2014-06-13,3,0,3
2014-06-13,0,0,0
2014-06-13,6,1,5
2014-06-13,11,3,8
2014-06-13,16,1,15
2014-06-13,18,1,17
2014-06-13,16,1,15
2014-06-13,7,1,6
2014-06-13,8,1,7
2014-06-13,5,0,5
2014-06-13,10,3,7
2014-06-13,10,5,5
2014-06-13,11,7,4
2014-06-13,23,18,5
2014-06-13,16,15,1
2014-06-13,13,7,6
2014-06-13,7,3,4
2014-06-13,5,3,2
2014-06-13,3,2,1
2014-06-13,1,1,0
2014-06-13,5,5,0
2014-06-14,0,0,0
2014-06-14,0,0,0
2014-06-14,0,0,0
2014-06-14,0,0,0
2014-06-14,0,0,0
2014-06-14,2,0,2
2014-06-14,5,2,3
2014-06-14,2,0,2
2014-06-14,7,0,7
2014-06-14,16,8,8
2014-06-14,19,5,14
2014-06-14,13,2,11
2014-06-14,17,7,10
2014-06-14,15,8,7
2014-06-14,11,6,5
2014-06-14,10,1,9
2014-06-14,16,7,9
2014-06-14,13,9,4
2014-06-14,11,3,8
2014-06-14,6,4,2
2014-06-14,7,3,4
2014-06-14,3,1,2
2014-06-14,1,1,0
2014-06-14,3,3,0
2014-06-15,4,1,3
2014-06-15,1,1,0
2014-06-15,0,0,0
2014-06-15,0,0,0
2014-06-15,2,0,2
2014-06-15,2,0,2
2014-06-15,5,0,5
2014-06-15,3,2,1
2014-06-15,4,2,2
2014-06-15,6,2,4
2014-06-15,8,3,5
2014-06-15,16,5,11
2014-06-15,16,8,8
2014-06-15,17,7,10
2014-06-15,19,11,8
2014-06-15,15,10,5
2014-06-15,15,6,9
2014-06-15,15,9,6
2014-06-15,12,8,4
2014-06-15,6,2,4
2014-06-15,1,1,0
2014-06-15,2,0,2
2014-06-15,4,0,4
2014-06-15,0,0,0
2014-06-16,4,1,3
2014-06-16,0,0,0
2014-06-16,0,0,0
2014-06-16,0,0,0
2014-06-16,2,0,2
2014-06-16,6,1,5
2014-06-16,13,2,11
2014-06-16,20,5,15
2014-06-16,22,1,21
2014-06-16,19,3,16
2014-06-16,4,2,2
2014-06-16,14,0,14
2014-06-16,10,5,5
2014-06-16,10,2,8
2014-06-16,8,1,7
2014-06-16,15,7,8
2014-06-16,17,13,4
2014-06-16,35,24,11
2014-06-16,28,18,10
2014-06-16,30,14,16
2014-06-16,20,13,7
2014-06-16,8,5,3
2014-06-16,2,2,0
2014-06-16,7,2,5
2014-06-17,3,3,0
2014-06-17,0,0,0
2014-06-17,0,0,0
2014-06-17,0,0,0
2014-06-17,0,0,0
2014-06-17,9,2,7
2014-06-17,17,1,16
2014-06-17,22,2,20
2014-06-17,27,1,26
2014-06-17,16,1,15
2014-06-17,10,2,8
2014-06-17,8,0,8
2014-06-17,8,4,4
2014-06-17,12,1,11
2014-06-17,10,3,7
2014-06-17,11,6,5
2014-06-17,22,14,8
2014-06-17,36,29,7
2014-06-17,53,37,16
2014-06-17,12,9,3
2014-06-17,21,9,12
2014-06-17,4,1,3
2014-06-17,0,0,0
2014-06-17,2,2,0
2014-06-18,1,1,0
2014-06-18,2,0,2
2014-06-18,0,0,0
2014-06-18,0,0,0
2014-06-18,0,0,0
2014-06-18,9,1,8
2014-06-18,16,2,14
2014-06-18,41,3,38
2014-06-18,25,1,24
2014-06-18,19,2,17
2014-06-18,8,3,5
2014-06-18,9,3,6
2014-06-18,13,6,7
2014-06-18,16,8,8
2014-06-18,13,7,6
2014-06-18,8,6,2
2014-06-18,9,9,0
2014-06-18,41,31,10
2014-06-18,39,25,14
2014-06-18,20,15,5
2014-06-18,22,12,10
2014-06-18,9,7,2
2014-06-18,3,1,2
2014-06-18,1,1,0
2014-06-19,1,1,0
2014-06-19,1,1,0
2014-06-19,0,0,0
2014-06-19,0,0,0
2014-06-19,0,0,0
2014-06-19,6,1,5
2014-06-19,13,1,12
2014-06-19,31,5,26
2014-06-19,27,3,24
2014-06-19,17,1,16
2014-06-19,12,2,10
2014-06-19,17,3,14
2014-06-19,9,4,5
2014-06-19,18,7,11
2014-06-19,16,5,11
2014-06-19,23,8,15
2014-06-19,63,42,21
2014-06-19,34,23,11
2014-06-19,38,29,9
2014-06-19,8,6,2
2014-06-19,12,4,8
2014-06-19,7,6,1
2014-06-19,8,2,6
2014-06-19,2,2,0
2014-06-20,4,0,4
2014-06-20,0,0,0
2014-06-20,0,0,0
2014-06-20,0,0,0
2014-06-20,0,0,0
2014-06-20,5,0,5
2014-06-20,14,1,13
2014-06-20,23,3,20
2014-06-20,34,1,33
2014-06-20,20,4,16
2014-06-20,11,3,8
2014-06-20,15,4,11
2014-06-20,12,1,11
2014-06-20,20,6,14
2014-06-20,14,8,6
2014-06-20,7,5,2
2014-06-20,20,16,4
2014-06-20,42,30,12
2014-06-20,29,22,7
2014-06-20,13,10,3
2014-06-20,10,6,4
2014-06-20,5,3,2
2014-06-20,4,2,2
2014-06-20,2,0,2
2014-06-21,3,3,0
2014-06-21,0,0,0
2014-06-21,0,0,0
2014-06-21,0,0,0
2014-06-21,0,0,0
2014-06-21,0,0,0
2014-06-21,8,0,8
2014-06-21,5,3,2
2014-06-21,7,0,7
2014-06-21,18,3,15
2014-06-21,17,10,7
2014-06-21,34,2,32
2014-06-21,24,10,14
2014-06-21,30,9,21
2014-06-21,31,17,14
2014-06-21,20,6,14
2014-06-21,25,16,9
2014-06-21,16,9,7
2014-06-21,21,18,3
2014-06-21,17,11,6
2014-06-21,23,17,6
2014-06-21,7,4,3
2014-06-21,5,5,0
2014-06-21,6,4,2
2014-06-22,2,2,0
2014-06-22,0,0,0
2014-06-22,0,0,0
2014-06-22,0,0,0
2014-06-22,0,0,0
2014-06-22,0,0,0
2014-06-22,4,0,4
2014-06-22,4,0,4
2014-06-22,4,2,2
2014-06-22,13,4,9
2014-06-22,12,1,11
2014-06-22,18,7,11
2014-06-22,17,7,10
2014-06-22,19,15,4
2014-06-22,25,13,12
2014-06-22,21,17,4
2014-06-22,14,8,6
2014-06-22,14,6,8
2014-06-22,13,3,10
2014-06-22,16,8,8
2014-06-22,16,4,12
2014-06-22,9,6,3
2014-06-22,0,0,0
2014-06-22,2,2,0
2014-06-23,6,2,4
2014-06-23,2,0,2
2014-06-23,0,0,0
2014-06-23,0,0,0
2014-06-23,0,0,0
2014-06-23,8,1,7
2014-06-23,21,0,21
2014-06-23,34,3,31
2014-06-23,54,1,53
2014-06-23,33,2,31
2014-06-23,14,3,11
2014-06-23,21,4,17
2014-06-23,10,5,5
2014-06-23,15,6,9
2014-06-23,6,3,3
2014-06-23,18,9,9
2014-06-23,14,9,5
2014-06-23,60,49,11
2014-06-23,41,29,12
2014-06-23,24,17,7
2014-06-23,8,6,2
2014-06-23,3,3,0
2014-06-23,3,3,0
2014-06-23,3,0,3
2014-06-24,2,2,0
2014-06-24,0,0,0
2014-06-24,2,0,2
2014-06-24,0,0,0
2014-06-24,0,0,0
2014-06-24,3,0,3
2014-06-24,18,2,16
2014-06-24,22,7,15
2014-06-24,50,4,46
2014-06-24,24,0,24
2014-06-24,11,6,5
2014-06-24,16,3,13
2014-06-24,4,1,3
2014-06-24,13,4,9
2014-06-24,16,9,7
2014-06-24,19,12,7
2014-06-24,16,11,5
2014-06-24,42,29,13
2014-06-24,31,28,3
2014-06-24,31,19,12
2014-06-24,12,9,3
2014-06-24,10,1,9
2014-06-24,2,0,2
2014-06-24,7,2,5
2014-06-25,2,2,0
2014-06-25,2,0,2
2014-06-25,0,0,0
2014-06-25,0,0,0
2014-06-25,0,0,0
2014-06-25,6,2,4
2014-06-25,17,2,15
2014-06-25,33,4,29
2014-06-25,38,1,37
2014-06-25,47,5,42
2014-06-25,11,3,8
2014-06-25,10,4,6
2014-06-25,13,4,9
2014-06-25,13,6,7
2014-06-25,11,10,1
2014-06-25,15,10,5
2014-06-25,14,9,5
2014-06-25,38,34,4
2014-06-25,27,16,11
2014-06-25,23,20,3
2014-06-25,16,10,6
2014-06-25,8,8,0
2014-06-25,5,2,3
2014-06-25,7,5,2
2014-06-26,2,2,0
2014-06-26,0,0,0
2014-06-26,0,0,0
2014-06-26,0,0,0
2014-06-26,1,0,1
2014-06-26,6,0,6
2014-06-26,13,3,10
2014-06-26,18,1,17
2014-06-26,44,4,40
2014-06-26,13,1,12
2014-06-26,7,3,4
2014-06-26,12,0,12
2014-06-26,16,3,13
2014-06-26,17,4,13
2014-06-26,16,11,5
2014-06-26,21,7,14
2014-06-26,12,9,3
2014-06-26,34,21,13
2014-06-26,24,16,8
2014-06-26,19,11,8
2014-06-26,10,7,3
2014-06-26,12,5,7
2014-06-26,3,3,0
2014-06-26,3,3,0
2014-06-27,2,2,0
2014-06-27,0,0,0
2014-06-27,4,0,4
2014-06-27,0,0,0
2014-06-27,0,0,0
2014-06-27,4,0,4
2014-06-27,15,1,14
2014-06-27,13,2,11
2014-06-27,43,1,42
2014-06-27,16,0,16
2014-06-27,10,1,9
2014-06-27,10,2,8
2014-06-27,4,3,1
2014-06-27,9,6,3
2014-06-27,12,5,7
2014-06-27,11,5,6
2014-06-27,23,10,13
2014-06-27,31,24,7
2014-06-27,21,10,11
2014-06-27,16,11,5
2014-06-27,11,10,1
2014-06-27,7,3,4
2014-06-27,4,2,2
2014-06-27,4,2,2
2014-06-28,1,1,0
2014-06-28,1,1,0
2014-06-28,0,0,0
2014-06-28,0,0,0
2014-06-28,0,0,0
2014-06-28,0,0,0
2014-06-28,3,0,3
2014-06-28,6,2,4
2014-06-28,8,2,6
2014-06-28,9,3,6
2014-06-28,12,4,8
2014-06-28,11,5,6
2014-06-28,9,1,8
2014-06-28,17,12,5
2014-06-28,14,8,6
2014-06-28,13,6,7
2014-06-28,11,2,9
2014-06-28,11,7,4
2014-06-28,7,1,6
2014-06-28,11,6,5
2014-06-28,7,3,4
2014-06-28,3,3,0
2014-06-28,2,0,2
2014-06-28,0,0,0
2014-06-29,5,3,2
2014-06-29,0,0,0
2014-06-29,0,0,0
2014-06-29,0,0,0
2014-06-29,0,0,0
2014-06-29,1,1,0
2014-06-29,2,0,2
2014-06-29,8,0,8
2014-06-29,4,1,3
2014-06-29,7,3,4
2014-06-29,15,3,12
2014-06-29,16,6,10
2014-06-29,28,12,16
2014-06-29,14,5,9
2014-06-29,22,9,13
2014-06-29,14,9,5
2014-06-29,22,13,9
2014-06-29,18,8,10
2014-06-29,12,2,10
2014-06-29,13,3,10
2014-06-29,5,2,3
2014-06-29,0,0,0
2014-06-29,6,1,5
2014-06-29,1,1,0
2014-06-30,0,0,0
2014-06-30,0,0,0
2014-06-30,0,0,0
2014-06-30,0,0,0
2014-06-30,0,0,0
2014-06-30,12,1,11
2014-06-30,14,3,11
2014-06-30,39,7,32
2014-06-30,39,2,37
2014-06-30,24,4,20
2014-06-30,26,3,23
2014-06-30,23,7,16
2014-06-30,18,8,10
2014-06-30,12,7,5
2014-06-30,13,6,7
2014-06-30,16,2,14
2014-06-30,24,17,7
2014-06-30,37,34,3
2014-06-30,44,30,14
2014-06-30,16,10,6
2014-06-30,11,11,0
2014-06-30,15,9,6
2014-06-30,2,2,0
2014-06-30,1,1,0
2014-07-01,1,1,0
2014-07-01,0,0,0
2014-07-01,0,0,0
2014-07-01,0,0,0
2014-07-01,0,0,0
2014-07-01,4,0,4
2014-07-01,20,1,19
2014-07-01,30,0,30
2014-07-01,41,3,38
2014-07-01,24,4,20
2014-07-01,14,6,8
2014-07-01,15,1,14
2014-07-01,17,9,8
2014-07-01,11,8,3
2014-07-01,5,2,3
2014-07-01,14,7,7
2014-07-01,11,6,5
2014-07-01,35,29,6
2014-07-01,30,27,3
2014-07-01,19,18,1
2014-07-01,7,7,0
2014-07-01,12,11,1
2014-07-01,2,0,2
2014-07-01,4,2,2
2014-07-02,1,1,0
2014-07-02,2,2,0
2014-07-02,0,0,0
2014-07-02,0,0,0
2014-07-02,2,0,2
2014-07-02,7,1,6
2014-07-02,14,4,10
2014-07-02,39,9,30
2014-07-02,50,8,42
2014-07-02,35,6,29
2014-07-02,18,3,15
2014-07-02,15,6,9
2014-07-02,17,10,7
2014-07-02,17,7,10
2014-07-02,8,2,6
2014-07-02,10,7,3
2014-07-02,20,11,9
2014-07-02,26,22,4
2014-07-02,28,21,7
2014-07-02,22,16,6
2014-07-02,19,14,5
2014-07-02,15,11,4
2014-07-02,8,5,3
2014-07-02,0,0,0
2014-07-03,2,2,0
2014-07-03,0,0,0
2014-07-03,0,0,0
2014-07-03,0,0,0
2014-07-03,0,0,0
2014-07-03,6,0,6
2014-07-03,10,2,8
2014-07-03,15,2,13
2014-07-03,31,7,24
2014-07-03,24,1,23
2014-07-03,18,5,13
2014-07-03,9,3,6
2014-07-03,19,4,15
2014-07-03,13,9,4
2014-07-03,14,6,8
2014-07-03,19,7,12
2014-07-03,27,21,6
2014-07-03,24,11,13
2014-07-03,17,15,2
2014-07-03,21,14,7
2014-07-03,17,13,4
2014-07-03,7,1,6
2014-07-03,9,5,4
2014-07-03,1,1,0
2014-07-04,1,1,0
2014-07-04,0,0,0
2014-07-04,0,0,0
2014-07-04,0,0,0
2014-07-04,2,2,0
2014-07-04,0,0,0
2014-07-04,3,0,3
2014-07-04,6,0,6
2014-07-04,7,1,6
2014-07-04,5,3,2
2014-07-04,16,4,12
2014-07-04,11,2,9
2014-07-04,14,7,7
2014-07-04,38,21,17
2014-07-04,22,16,6
2014-07-04,12,6,6
2014-07-04,15,7,8
2014-07-04,20,8,12
2014-07-04,15,6,9
2014-07-04,2,1,1
2014-07-04,10,1,9
2014-07-04,2,0,2
2014-07-04,0,0,0
2014-07-04,10,9,1
2014-07-05,4,2,2
2014-07-05,1,1,0
2014-07-05,1,0,1
2014-07-05,0,0,0
2014-07-05,3,0,3
2014-07-05,0,0,0
2014-07-05,7,0,7
2014-07-05,8,3,5
2014-07-05,17,0,17
2014-07-05,16,3,13
2014-07-05,15,6,9
2014-07-05,15,11,4
2014-07-05,34,8,26
2014-07-05,8,8,0
2014-07-05,22,14,8
2014-07-05,13,10,3
2014-07-05,11,6,5
2014-07-05,20,10,10
2014-07-05,17,15,2
2014-07-05,3,1,2
2014-07-05,7,5,2
2014-07-05,4,2,2
2014-07-05,0,0,0
2014-07-05,1,1,0
2014-07-06,0,0,0
2014-07-06,0,0,0
2014-07-06,0,0,0
2014-07-06,0,0,0
2014-07-06,0,0,0
2014-07-06,2,0,2
2014-07-06,7,2,5
2014-07-06,4,2,2
2014-07-06,9,0,9
2014-07-06,15,3,12
2014-07-06,16,5,11
2014-07-06,24,9,15
2014-07-06,28,13,15
2014-07-06,21,12,9
2014-07-06,30,15,15
2014-07-06,28,8,20
2014-07-06,19,13,6
2014-07-06,16,8,8
2014-07-06,15,5,10
2014-07-06,9,7,2
2014-07-06,9,3,6
2014-07-06,8,4,4
2014-07-06,4,1,3
2014-07-06,3,3,0
2014-07-07,2,2,0
2014-07-07,0,0,0
2014-07-07,0,0,0
2014-07-07,0,0,0
2014-07-07,0,0,0
2014-07-07,9,3,6
2014-07-07,22,1,21
2014-07-07,35,6,29
2014-07-07,25,1,24
2014-07-07,23,3,20
2014-07-07,9,0,9
2014-07-07,6,2,4
2014-07-07,15,9,6
2014-07-07,9,6,3
2014-07-07,9,8,1
2014-07-07,17,6,11
2014-07-07,21,18,3
2014-07-07,28,25,3
2014-07-07,39,20,19
2014-07-07,29,21,8
2014-07-07,15,8,7
2014-07-07,12,3,9
2014-07-07,9,9,0
2014-07-07,0,0,0
2014-07-08,1,1,0
2014-07-08,0,0,0
2014-07-08,0,0,0
2014-07-08,0,0,0
2014-07-08,0,0,0
2014-07-08,8,4,4
2014-07-08,22,4,18
2014-07-08,35,4,31
2014-07-08,48,5,43
2014-07-08,23,4,19
2014-07-08,11,3,8
2014-07-08,11,4,7
2014-07-08,17,6,11
2014-07-08,21,3,18
2014-07-08,14,3,11
2014-07-08,12,11,1
2014-07-08,24,14,10
2014-07-08,38,29,9
2014-07-08,26,17,9
2014-07-08,36,24,12
2014-07-08,17,15,2
2014-07-08,7,6,1
2014-07-08,2,2,0
2014-07-08,1,1,0
2014-07-09,4,2,2
2014-07-09,0,0,0
2014-07-09,0,0,0
2014-07-09,0,0,0
2014-07-09,0,0,0
2014-07-09,7,2,5
2014-07-09,14,1,13
2014-07-09,31,4,27
2014-07-09,36,2,34
2014-07-09,22,0,22
2014-07-09,15,3,12
2014-07-09,22,11,11
2014-07-09,16,9,7
2014-07-09,14,5,9
2014-07-09,13,6,7
2014-07-09,18,10,8
2014-07-09,27,15,12
2014-07-09,38,26,12
2014-07-09,34,21,13
2014-07-09,30,19,11
2014-07-09,23,11,12
2014-07-09,8,7,1
2014-07-09,3,3,0
2014-07-09,4,2,2
2014-07-10,5,2,3
2014-07-10,0,0,0
2014-07-10,0,0,0
2014-07-10,0,0,0
2014-07-10,0,0,0
2014-07-10,10,2,8
2014-07-10,20,1,19
2014-07-10,26,2,24
2014-07-10,42,5,37
2014-07-10,32,6,26
2014-07-10,12,2,10
2014-07-10,8,2,6
2014-07-10,15,9,6
2014-07-10,11,5,6
2014-07-10,12,10,2
2014-07-10,10,3,7
2014-07-10,23,16,7
2014-07-10,33,24,9
2014-07-10,25,15,10
2014-07-10,41,35,6
2014-07-10,18,12,6
2014-07-10,11,9,2
2014-07-10,5,0,5
2014-07-10,0,0,0
2014-07-11,2,2,0
2014-07-11,0,0,0
2014-07-11,0,0,0
2014-07-11,0,0,0
2014-07-11,0,0,0
2014-07-11,8,0,8
2014-07-11,14,3,11
2014-07-11,24,3,21
2014-07-11,38,2,36
2014-07-11,36,4,32
2014-07-11,14,2,12
2014-07-11,26,13,13
2014-07-11,18,2,16
2014-07-11,15,7,8
2014-07-11,11,5,6
2014-07-11,17,12,5
2014-07-11,17,8,9
2014-07-11,39,29,10
2014-07-11,20,13,7
2014-07-11,12,7,5
2014-07-11,27,6,21
2014-07-11,7,6,1
2014-07-11,7,6,1
2014-07-11,1,1,0
2014-07-12,2,0,2
2014-07-12,0,0,0
2014-07-12,2,0,2
2014-07-12,1,0,1
2014-07-12,12,0,12
2014-07-12,7,0,7
2014-07-12,9,1,8
2014-07-12,6,2,4
2014-07-12,7,1,6
2014-07-12,11,2,9
2014-07-12,18,5,13
2014-07-12,19,2,17
2014-07-12,23,7,16
2014-07-12,7,7,0
2014-07-12,11,5,6
2014-07-12,15,4,11
2014-07-12,11,5,6
2014-07-12,12,7,5
2014-07-12,12,12,0
2014-07-12,4,3,1
2014-07-12,7,5,2
2014-07-12,8,8,0
2014-07-12,3,2,1
2014-07-12,2,1,1
2014-07-13,4,3,1
2014-07-13,1,1,0
2014-07-13,0,0,0
2014-07-13,0,0,0
2014-07-13,2,0,2
2014-07-13,0,0,0
2014-07-13,5,1,4
2014-07-13,10,0,10
2014-07-13,9,5,4
2014-07-13,17,5,12
2014-07-13,16,8,8
2014-07-13,38,17,21
2014-07-13,14,10,4
2014-07-13,8,3,5
2014-07-13,9,5,4
2014-07-13,10,4,6
2014-07-13,12,4,8
2014-07-13,20,11,9
2014-07-13,6,2,4
2014-07-13,18,4,14
2014-07-13,6,4,2
2014-07-13,3,3,0
2014-07-13,2,0,2
2014-07-13,1,1,0
2014-07-14,0,0,0
2014-07-14,2,2,0
2014-07-14,0,0,0
2014-07-14,0,0,0
2014-07-14,0,0,0
2014-07-14,8,1,7
2014-07-14,19,1,18
2014-07-14,33,6,27
2014-07-14,41,4,37
2014-07-14,23,1,22
2014-07-14,18,8,10
2014-07-14,9,3,6
2014-07-14,8,3,5
2014-07-14,6,1,5
2014-07-14,16,5,11
2014-07-14,8,5,3
2014-07-14,12,8,4
2014-07-14,39,28,11
2014-07-14,26,18,8
2014-07-14,19,13,6
2014-07-14,11,7,4
2014-07-14,4,4,0
2014-07-14,2,2,0
2014-07-14,4,4,0
2014-07-15,1,1,0
2014-07-15,0,0,0
2014-07-15,0,0,0
2014-07-15,0,0,0
2014-07-15,0,0,0
2014-07-15,8,1,7
2014-07-15,9,2,7
2014-07-15,32,6,26
2014-07-15,46,3,43
2014-07-15,23,1,22
2014-07-15,17,7,10
2014-07-15,13,2,11
2014-07-15,9,3,6
2014-07-15,19,2,17
2014-07-15,28,17,11
2014-07-15,19,12,7
2014-07-15,30,11,19
2014-07-15,30,23,7
2014-07-15,33,25,8
2014-07-15,32,15,17
2014-07-15,17,11,6
2014-07-15,8,8,0
2014-07-15,3,3,0
2014-07-15,2,2,0
2014-07-16,4,1,3
2014-07-16,1,1,0
2014-07-16,0,0,0
2014-07-16,0,0,0
2014-07-16,0,0,0
2014-07-16,10,3,7
2014-07-16,14,1,13
2014-07-16,34,5,29
2014-07-16,57,3,54
2014-07-16,23,5,18
2014-07-16,9,3,6
2014-07-16,19,6,13
2014-07-16,9,5,4
2014-07-16,10,4,6
2014-07-16,23,12,11
2014-07-16,9,5,4
2014-07-16,25,15,10
2014-07-16,39,29,10
2014-07-16,36,28,8
2014-07-16,26,16,10
2014-07-16,18,5,13
2014-07-16,19,10,9
2014-07-16,2,2,0
2014-07-16,3,3,0
2014-07-17,1,1,0
2014-07-17,0,0,0
2014-07-17,0,0,0
2014-07-17,0,0,0
2014-07-17,0,0,0
2014-07-17,9,2,7
2014-07-17,17,4,13
2014-07-17,22,3,19
2014-07-17,40,4,36
2014-07-17,21,6,15
2014-07-17,19,8,11
2014-07-17,9,6,3
2014-07-17,8,1,7
2014-07-17,21,11,10
2014-07-17,8,3,5
2014-07-17,15,8,7
2014-07-17,17,7,10
2014-07-17,45,35,10
2014-07-17,36,23,13
2014-07-17,15,11,4
2014-07-17,12,9,3
2014-07-17,8,5,3
2014-07-17,6,6,0
2014-07-17,7,3,4
2014-07-18,3,3,0
2014-07-18,1,1,0
2014-07-18,0,0,0
2014-07-18,0,0,0
2014-07-18,3,0,3
2014-07-18,8,0,8
2014-07-18,36,2,34
2014-07-18,31,8,23
2014-07-18,39,2,37
2014-07-18,19,2,17
2014-07-18,20,1,19
2014-07-18,10,3,7
2014-07-18,18,4,14
2014-07-18,16,10,6
2014-07-18,19,11,8
2014-07-18,19,12,7
2014-07-18,22,12,10
2014-07-18,41,31,10
2014-07-18,31,21,10
2014-07-18,15,11,4
2014-07-18,21,12,9
2014-07-18,5,5,0
2014-07-18,5,5,0
2014-07-18,4,0,4
2014-07-19,0,0,0
2014-07-19,3,3,0
2014-07-19,0,0,0
2014-07-19,0,0,0
2014-07-19,0,0,0
2014-07-19,0,0,0
2014-07-19,8,0,8
2014-07-19,6,1,5
2014-07-19,10,1,9
2014-07-19,7,2,5
2014-07-19,14,7,7
2014-07-19,26,10,16
2014-07-19,17,8,9
2014-07-19,16,11,5
2014-07-19,11,6,5
2014-07-19,11,3,8
2014-07-19,14,7,7
2014-07-19,19,12,7
2014-07-19,17,5,12
2014-07-19,8,7,1
2014-07-19,12,7,5
2014-07-19,4,4,0
2014-07-19,1,1,0
2014-07-19,4,1,3
2014-07-20,0,0,0
2014-07-20,0,0,0
2014-07-20,1,1,0
2014-07-20,0,0,0
2014-07-20,0,0,0
2014-07-20,0,0,0
2014-07-20,5,0,5
2014-07-20,5,3,2
2014-07-20,12,2,10
2014-07-20,16,5,11
2014-07-20,14,6,8
2014-07-20,10,8,2
2014-07-20,10,1,9
2014-07-20,13,2,11
2014-07-20,21,13,8
2014-07-20,11,7,4
2014-07-20,10,6,4
2014-07-20,9,7,2
2014-07-20,13,6,7
2014-07-20,4,4,0
2014-07-20,6,2,4
2014-07-20,0,0,0
2014-07-20,2,2,0
2014-07-20,1,0,1
2014-07-21,0,0,0
2014-07-21,0,0,0
2014-07-21,0,0,0
2014-07-21,0,0,0
2014-07-21,0,0,0
2014-07-21,10,3,7
2014-07-21,22,0,22
2014-07-21,20,2,18
2014-07-21,41,2,39
2014-07-21,32,2,30
2014-07-21,27,2,25
2014-07-21,16,6,10
2014-07-21,9,4,5
2014-07-21,16,5,11
2014-07-21,13,4,9
2014-07-21,26,13,13
2014-07-21,10,7,3
2014-07-21,48,29,19
2014-07-21,37,29,8
2014-07-21,21,9,12
2014-07-21,12,12,0
2014-07-21,9,7,2
2014-07-21,3,3,0
2014-07-21,3,3,0
2014-07-22,1,1,0
2014-07-22,2,0,2
2014-07-22,0,0,0
2014-07-22,0,0,0
2014-07-22,2,0,2
2014-07-22,9,0,9
2014-07-22,20,2,18
2014-07-22,29,5,24
2014-07-22,31,4,27
2014-07-22,43,6,37
2014-07-22,18,6,12
2014-07-22,17,2,15
2014-07-22,14,10,4
2014-07-22,10,7,3
2014-07-22,18,9,9
2014-07-22,19,11,8
2014-07-22,33,16,17
2014-07-22,37,26,11
2014-07-22,25,20,5
2014-07-22,25,12,13
2014-07-22,12,8,4
2014-07-22,7,5,2
2014-07-22,5,5,0
2014-07-22,3,1,2
2014-07-23,1,1,0
2014-07-23,0,0,0
2014-07-23,0,0,0
2014-07-23,0,0,0
2014-07-23,0,0,0
2014-07-23,8,1,7
2014-07-23,10,0,10
2014-07-23,14,3,11
2014-07-23,22,2,20
2014-07-23,19,0,19
2014-07-23,5,0,5
2014-07-23,9,2,7
2014-07-23,4,2,2
2014-07-23,1,1,0
2014-07-23,8,5,3
2014-07-23,8,3,5
2014-07-23,6,2,4
2014-07-23,28,17,11
2014-07-23,19,10,9
2014-07-23,8,3,5
2014-07-23,6,2,4
2014-07-23,5,5,0
2014-07-23,0,0,0
2014-07-23,0,0,0
2014-07-24,2,0,2
2014-07-24,1,1,0
2014-07-24,0,0,0
2014-07-24,0,0,0
2014-07-24,0,0,0
2014-07-24,8,0,8
2014-07-24,19,4,15
2014-07-24,15,2,13
2014-07-24,26,0,26
2014-07-24,17,3,14
2014-07-24,9,3,6
2014-07-24,4,0,4
2014-07-24,8,1,7
2014-07-24,10,3,7
2014-07-24,10,3,7
2014-07-24,15,8,7
2014-07-24,7,5,2
2014-07-24,22,15,7
2014-07-24,26,18,8
2014-07-24,11,7,4
2014-07-24,3,3,0
2014-07-24,8,3,5
2014-07-24,0,0,0
2014-07-24,1,1,0
2014-07-25,5,2,3
2014-07-25,0,0,0
2014-07-25,0,0,0
2014-07-25,0,0,0
2014-07-25,0,0,0
2014-07-25,8,1,7
2014-07-25,24,1,23
2014-07-25,22,4,18
2014-07-25,29,2,27
2014-07-25,21,1,20
2014-07-25,13,3,10
2014-07-25,14,2,12
2014-07-25,18,3,15
2014-07-25,13,8,5
2014-07-25,15,9,6
2014-07-25,15,7,8
2014-07-25,21,17,4
2014-07-25,35,28,7
2014-07-25,28,21,7
2014-07-25,20,11,9
2014-07-25,15,11,4
2014-07-25,6,4,2
2014-07-25,1,1,0
2014-07-25,0,0,0
2014-07-26,2,2,0
2014-07-26,0,0,0
2014-07-26,0,0,0
2014-07-26,0,0,0
2014-07-26,0,0,0
2014-07-26,2,0,2
2014-07-26,9,1,8
2014-07-26,5,2,3
2014-07-26,14,2,12
2014-07-26,26,3,23
2014-07-26,33,9,24
2014-07-26,22,9,13
2014-07-26,17,10,7
2014-07-26,16,9,7
2014-07-26,11,8,3
2014-07-26,20,5,15
2014-07-26,27,15,12
2014-07-26,24,9,15
2014-07-26,51,21,30
2014-07-26,5,2,3
2014-07-26,10,4,6
2014-07-26,2,2,0
2014-07-26,4,2,2
2014-07-26,4,4,0
2014-07-27,5,5,0
2014-07-27,0,0,0
2014-07-27,0,0,0
2014-07-27,0,0,0
2014-07-27,5,0,5
2014-07-27,1,0,1
2014-07-27,8,4,4
2014-07-27,6,2,4
2014-07-27,16,0,16
2014-07-27,17,6,11
2014-07-27,18,9,9
2014-07-27,19,8,11
2014-07-27,25,11,14
2014-07-27,10,6,4
2014-07-27,15,5,10
2014-07-27,20,9,11
2014-07-27,15,5,10
2014-07-27,18,8,10
2014-07-27,14,10,4
2014-07-27,3,2,1
2014-07-27,9,4,5
2014-07-27,2,1,1
2014-07-27,2,2,0
2014-07-27,0,0,0
2014-07-28,2,2,0
2014-07-28,0,0,0
2014-07-28,0,0,0
2014-07-28,0,0,0
2014-07-28,0,0,0
2014-07-28,6,1,5
2014-07-28,17,1,16
2014-07-28,42,4,38
2014-07-28,44,3,41
2014-07-28,34,4,30
2014-07-28,12,6,6
2014-07-28,16,3,13
2014-07-28,10,4,6
2014-07-28,7,4,3
2014-07-28,7,4,3
2014-07-28,20,13,7
2014-07-28,11,5,6
2014-07-28,51,42,9
2014-07-28,28,18,10
2014-07-28,22,14,8
2014-07-28,16,10,6
2014-07-28,9,4,5
2014-07-28,1,1,0
2014-07-28,4,4,0
2014-07-29,2,2,0
2014-07-29,0,0,0
2014-07-29,0,0,0
2014-07-29,0,0,0
2014-07-29,0,0,0
2014-07-29,14,2,12
2014-07-29,9,0,9
2014-07-29,27,2,25
2014-07-29,61,2,59
2014-07-29,30,0,30
2014-07-29,18,8,10
2014-07-29,14,2,12
2014-07-29,13,8,5
2014-07-29,14,4,10
2014-07-29,15,6,9
2014-07-29,21,17,4
2014-07-29,18,15,3
2014-07-29,44,32,12
2014-07-29,30,28,2
2014-07-29,24,17,7
2014-07-29,21,15,6
2014-07-29,3,2,1
2014-07-29,5,4,1
2014-07-29,3,0,3
2014-07-30,0,0,0
2014-07-30,0,0,0
2014-07-30,0,0,0
2014-07-30,0,0,0
2014-07-30,0,0,0
2014-07-30,10,0,10
2014-07-30,12,0,12
2014-07-30,28,4,24
2014-07-30,35,1,34
2014-07-30,37,2,35
2014-07-30,20,4,16
2014-07-30,14,4,10
2014-07-30,12,7,5
2014-07-30,8,7,1
2014-07-30,6,2,4
2014-07-30,20,7,13
2014-07-30,23,13,10
2014-07-30,48,33,15
2014-07-30,24,17,7
2014-07-30,29,25,4
2014-07-30,22,15,7
2014-07-30,17,14,3
2014-07-30,6,5,1
2014-07-30,4,4,0
2014-07-31,1,1,0
2014-07-31,1,1,0
2014-07-31,0,0,0
2014-07-31,0,0,0
2014-07-31,0,0,0
2014-07-31,4,0,4
2014-07-31,17,2,15
2014-07-31,36,2,34
2014-07-31,37,4,33
2014-07-31,44,3,41
2014-07-31,17,2,15
2014-07-31,9,2,7
2014-07-31,14,8,6
2014-07-31,11,5,6
2014-07-31,11,6,5
2014-07-31,16,10,6
2014-07-31,22,17,5
2014-07-31,42,34,8
2014-07-31,36,20,16
2014-07-31,24,17,7
2014-07-31,16,9,7
2014-07-31,11,9,2
2014-07-31,10,5,5
2014-07-31,6,4,2
2014-08-01,1,1,0
2014-08-01,0,0,0
2014-08-01,0,0,0
2014-08-01,4,0,4
2014-08-01,0,0,0
2014-08-01,6,2,4
2014-08-01,27,0,27
2014-08-01,30,7,23
2014-08-01,43,5,38
2014-08-01,23,2,21
2014-08-01,20,4,16
2014-08-01,6,1,5
2014-08-01,18,4,14
2014-08-01,12,1,11
2014-08-01,9,7,2
2014-08-01,18,10,8
2014-08-01,23,19,4
2014-08-01,38,23,15
2014-08-01,37,24,13
2014-08-01,15,14,1
2014-08-01,10,8,2
2014-08-01,3,1,2
2014-08-01,9,6,3
2014-08-01,1,1,0
2014-08-02,2,0,2
2014-08-02,1,1,0
2014-08-02,0,0,0
2014-08-02,0,0,0
2014-08-02,0,0,0
2014-08-02,1,0,1
2014-08-02,6,0,6
2014-08-02,7,2,5
2014-08-02,11,2,9
2014-08-02,23,4,19
2014-08-02,18,5,13
2014-08-02,17,9,8
2014-08-02,17,11,6
2014-08-02,19,6,13
2014-08-02,21,10,11
2014-08-02,23,13,10
2014-08-02,19,9,10
2014-08-02,9,1,8
2014-08-02,18,10,8
2014-08-02,7,3,4
2014-08-02,8,6,2
2014-08-02,3,3,0
2014-08-02,11,9,2
2014-08-02,1,1,0
2014-08-03,2,2,0
2014-08-03,0,0,0
2014-08-03,0,0,0
2014-08-03,0,0,0
2014-08-03,0,0,0
2014-08-03,2,0,2
2014-08-03,3,0,3
2014-08-03,6,3,3
2014-08-03,7,3,4
2014-08-03,18,4,14
2014-08-03,15,4,11
2014-08-03,18,6,12
2014-08-03,21,11,10
2014-08-03,14,2,12
2014-08-03,14,5,9
2014-08-03,31,19,12
2014-08-03,7,7,0
2014-08-03,18,7,11
2014-08-03,18,9,9
2014-08-03,11,6,5
2014-08-03,7,4,3
2014-08-03,0,0,0
2014-08-03,4,4,0
2014-08-03,4,0,4
2014-08-04,0,0,0
2014-08-04,0,0,0
2014-08-04,0,0,0
2014-08-04,0,0,0
2014-08-04,0,0,0
2014-08-04,6,0,6
2014-08-04,14,2,12
2014-08-04,24,4,20
2014-08-04,37,3,34
2014-08-04,42,7,35
2014-08-04,12,3,9
2014-08-04,10,4,6
2014-08-04,10,4,6
2014-08-04,18,7,11
2014-08-04,13,6,7
2014-08-04,20,15,5
2014-08-04,13,11,2
2014-08-04,45,33,12
2014-08-04,36,27,9
2014-08-04,20,7,13
2014-08-04,10,6,4
2014-08-04,11,5,6
2014-08-04,4,4,0
2014-08-04,0,0,0
2014-08-05,1,1,0
2014-08-05,0,0,0
2014-08-05,0,0,0
2014-08-05,0,0,0
2014-08-05,1,0,1
2014-08-05,8,1,7
2014-08-05,13,3,10
2014-08-05,29,2,27
2014-08-05,48,5,43
2014-08-05,23,1,22
2014-08-05,19,12,7
2014-08-05,15,1,14
2014-08-05,14,5,9
2014-08-05,11,6,5
2014-08-05,14,7,7
2014-08-05,22,16,6
2014-08-05,21,13,8
2014-08-05,49,32,17
2014-08-05,19,14,5
2014-08-05,9,7,2
2014-08-05,28,14,14
2014-08-05,7,6,1
2014-08-05,1,1,0
2014-08-05,8,6,2
2014-08-06,1,1,0
2014-08-06,2,0,2
2014-08-06,1,1,0
2014-08-06,0,0,0
2014-08-06,0,0,0
2014-08-06,6,0,6
2014-08-06,18,3,15
2014-08-06,27,4,23
2014-08-06,43,8,35
2014-08-06,23,3,20
2014-08-06,13,2,11
2014-08-06,14,8,6
2014-08-06,14,4,10
2014-08-06,11,5,6
2014-08-06,14,4,10
2014-08-06,18,8,10
2014-08-06,18,12,6
2014-08-06,47,34,13
2014-08-06,56,23,33
2014-08-06,20,14,6
2014-08-06,24,18,6
2014-08-06,10,10,0
2014-08-06,2,2,0
2014-08-06,2,2,0
2014-08-07,3,1,2
2014-08-07,0,0,0
2014-08-07,0,0,0
2014-08-07,0,0,0
2014-08-07,0,0,0
2014-08-07,7,2,5
2014-08-07,16,3,13
2014-08-07,33,4,29
2014-08-07,54,3,51
2014-08-07,24,5,19
2014-08-07,14,2,12
2014-08-07,20,4,16
2014-08-07,12,4,8
2014-08-07,12,4,8
2014-08-07,30,8,22
2014-08-07,17,11,6
2014-08-07,24,17,7
2014-08-07,44,34,10
2014-08-07,28,13,15
2014-08-07,19,13,6
2014-08-07,17,11,6
2014-08-07,11,3,8
2014-08-07,4,1,3
2014-08-07,1,1,0
2014-08-08,1,1,0
2014-08-08,0,0,0
2014-08-08,0,0,0
2014-08-08,2,0,2
2014-08-08,0,0,0
2014-08-08,2,0,2
2014-08-08,16,1,15
2014-08-08,33,3,30
2014-08-08,40,3,37
2014-08-08,18,1,17
2014-08-08,21,3,18
2014-08-08,16,3,13
2014-08-08,10,6,4
2014-08-08,11,6,5
2014-08-08,22,13,9
2014-08-08,18,11,7
2014-08-08,24,16,8
2014-08-08,32,25,7
2014-08-08,32,19,13
2014-08-08,13,9,4
2014-08-08,9,6,3
2014-08-08,8,6,2
2014-08-08,6,4,2
2014-08-08,4,4,0
2014-08-09,1,1,0
2014-08-09,3,0,3
2014-08-09,0,0,0
2014-08-09,0,0,0
2014-08-09,0,0,0
2014-08-09,1,0,1
2014-08-09,5,0,5
2014-08-09,10,1,9
2014-08-09,14,6,8
2014-08-09,21,7,14
2014-08-09,20,7,13
2014-08-09,13,6,7
2014-08-09,26,15,11
2014-08-09,14,7,7
2014-08-09,20,10,10
2014-08-09,18,11,7
2014-08-09,14,10,4
2014-08-09,24,3,21
2014-08-09,17,6,11
2014-08-09,19,7,12
2014-08-09,10,3,7
2014-08-09,8,4,4
2014-08-09,1,1,0
2014-08-09,2,0,2
2014-08-10,9,3,6
2014-08-10,0,0,0
2014-08-10,0,0,0
2014-08-10,0,0,0
2014-08-10,0,0,0
2014-08-10,0,0,0
2014-08-10,7,0,7
2014-08-10,4,0,4
2014-08-10,5,2,3
2014-08-10,10,6,4
2014-08-10,9,3,6
2014-08-10,18,5,13
2014-08-10,17,4,13
2014-08-10,23,8,15
2014-08-10,13,10,3
2014-08-10,25,11,14
2014-08-10,15,8,7
2014-08-10,10,6,4
2014-08-10,12,7,5
2014-08-10,16,9,7
2014-08-10,0,0,0
2014-08-10,4,1,3
2014-08-10,1,1,0
2014-08-10,3,3,0
2014-08-11,1,0,1
2014-08-11,0,0,0
2014-08-11,0,0,0
2014-08-11,0,0,0
2014-08-11,0,0,0
2014-08-11,7,1,6
2014-08-11,11,2,9
2014-08-11,35,4,31
2014-08-11,40,2,38
2014-08-11,28,2,26
2014-08-11,20,3,17
2014-08-11,6,2,4
2014-08-11,10,4,6
2014-08-11,5,4,1
2014-08-11,7,2,5
2014-08-11,9,6,3
2014-08-11,24,10,14
2014-08-11,40,30,10
2014-08-11,29,20,9
2014-08-11,13,9,4
2014-08-11,9,4,5
2014-08-11,6,4,2
2014-08-11,0,0,0
2014-08-11,1,1,0
2014-08-12,1,1,0
2014-08-12,0,0,0
2014-08-12,0,0,0
2014-08-12,0,0,0
2014-08-12,0,0,0
2014-08-12,6,0,6
2014-08-12,14,2,12
2014-08-12,27,7,20
2014-08-12,42,1,41
2014-08-12,14,1,13
2014-08-12,14,2,12
2014-08-12,5,0,5
2014-08-12,17,8,9
2014-08-12,8,4,4
2014-08-12,7,1,6
2014-08-12,24,16,8
2014-08-12,19,6,13
2014-08-12,41,32,9
2014-08-12,35,25,10
2014-08-12,20,11,9
2014-08-12,7,4,3
2014-08-12,7,2,5
2014-08-12,4,2,2
2014-08-12,0,0,0
2014-08-13,0,0,0
2014-08-13,0,0,0
2014-08-13,0,0,0
2014-08-13,0,0,0
2014-08-13,0,0,0
2014-08-13,4,1,3
2014-08-13,12,1,11
2014-08-13,16,4,12
2014-08-13,40,3,37
2014-08-13,14,0,14
2014-08-13,18,3,15
2014-08-13,12,3,9
2014-08-13,11,4,7
2014-08-13,7,5,2
2014-08-13,4,4,0
2014-08-13,18,12,6
2014-08-13,13,10,3
2014-08-13,30,21,9
2014-08-13,41,25,16
2014-08-13,19,11,8
2014-08-13,12,8,4
2014-08-13,5,5,0
2014-08-13,5,3,2
2014-08-13,3,0,3
2014-08-14,1,1,0
2014-08-14,1,1,0
2014-08-14,0,0,0
2014-08-14,0,0,0
2014-08-14,0,0,0
2014-08-14,2,0,2
2014-08-14,24,4,20
2014-08-14,33,1,32
2014-08-14,29,3,26
2014-08-14,28,0,28
2014-08-14,16,3,13
2014-08-14,14,4,10
2014-08-14,16,8,8
2014-08-14,10,5,5
2014-08-14,14,5,9
2014-08-14,14,8,6
2014-08-14,10,8,2
2014-08-14,26,21,5
2014-08-14,31,22,9
2014-08-14,28,20,8
2014-08-14,4,2,2
2014-08-14,14,6,8
2014-08-14,8,0,8
2014-08-14,2,0,2
2014-08-15,2,2,0
2014-08-15,1,1,0
2014-08-15,0,0,0
2014-08-15,0,0,0
2014-08-15,0,0,0
2014-08-15,6,0,6
2014-08-15,19,2,17
2014-08-15,23,4,19
2014-08-15,24,7,17
2014-08-15,27,1,26
2014-08-15,5,1,4
2014-08-15,10,2,8
2014-08-15,10,4,6
2014-08-15,11,5,6
2014-08-15,8,7,1
2014-08-15,21,8,13
2014-08-15,21,15,6
2014-08-15,31,18,13
2014-08-15,28,16,12
2014-08-15,9,9,0
2014-08-15,4,2,2
2014-08-15,4,2,2
2014-08-15,2,2,0
2014-08-15,1,1,0
2014-08-16,0,0,0
2014-08-16,0,0,0
2014-08-16,0,0,0
2014-08-16,0,0,0
2014-08-16,0,0,0
2014-08-16,0,0,0
2014-08-16,8,0,8
2014-08-16,6,0,6
2014-08-16,15,3,12
2014-08-16,15,3,12
2014-08-16,15,1,14
2014-08-16,30,12,18
2014-08-16,24,13,11
2014-08-16,14,7,7
2014-08-16,17,7,10
2014-08-16,19,7,12
2014-08-16,12,6,6
2014-08-16,16,4,12
2014-08-16,24,10,14
2014-08-16,15,4,11
2014-08-16,12,6,6
2014-08-16,4,2,2
2014-08-16,6,3,3
2014-08-16,7,2,5
2014-08-17,1,1,0
2014-08-17,0,0,0
2014-08-17,0,0,0
2014-08-17,0,0,0
2014-08-17,0,0,0
2014-08-17,0,0,0
2014-08-17,3,1,2
2014-08-17,0,0,0
2014-08-17,12,0,12
2014-08-17,13,7,6
2014-08-17,19,6,13
2014-08-17,10,4,6
2014-08-17,15,2,13
2014-08-17,39,14,25
2014-08-17,15,5,10
2014-08-17,14,7,7
2014-08-17,21,11,10
2014-08-17,14,5,9
2014-08-17,14,9,5
2014-08-17,6,3,3
2014-08-17,6,5,1
2014-08-17,2,2,0
2014-08-17,4,1,3
2014-08-17,2,0,2
2014-08-18,1,1,0
2014-08-18,0,0,0
2014-08-18,0,0,0
2014-08-18,0,0,0
2014-08-18,0,0,0
2014-08-18,6,1,5
2014-08-18,15,3,12
2014-08-18,27,4,23
2014-08-18,36,1,35
2014-08-18,45,8,37
2014-08-18,26,8,18
2014-08-18,8,5,3
2014-08-18,6,1,5
2014-08-18,16,6,10
2014-08-18,9,5,4
2014-08-18,15,7,8
2014-08-18,20,12,8
2014-08-18,42,34,8
2014-08-18,30,19,11
2014-08-18,23,16,7
2014-08-18,17,10,7
2014-08-18,3,1,2
2014-08-18,3,3,0
2014-08-18,1,1,0
2014-08-19,1,1,0
2014-08-19,0,0,0
2014-08-19,0,0,0
2014-08-19,0,0,0
2014-08-19,0,0,0
2014-08-19,10,1,9
2014-08-19,26,3,23
2014-08-19,42,10,32
2014-08-19,39,1,38
2014-08-19,13,3,10
2014-08-19,25,10,15
2014-08-19,9,1,8
2014-08-19,8,2,6
2014-08-19,10,6,4
2014-08-19,12,4,8
2014-08-19,17,8,9
2014-08-19,9,6,3
2014-08-19,52,44,8
2014-08-19,26,21,5
2014-08-19,18,13,5
2014-08-19,7,5,2
2014-08-19,5,3,2
2014-08-19,2,2,0
2014-08-19,0,0,0
2014-08-20,4,1,3
2014-08-20,0,0,0
2014-08-20,1,1,0
2014-08-20,0,0,0
2014-08-20,0,0,0
2014-08-20,4,0,4
2014-08-20,20,2,18
2014-08-20,26,2,24
2014-08-20,32,5,27
2014-08-20,24,8,16
2014-08-20,9,2,7
2014-08-20,5,2,3
2014-08-20,8,3,5
2014-08-20,9,3,6
2014-08-20,10,2,8
2014-08-20,11,6,5
2014-08-20,9,7,2
2014-08-20,49,33,16
2014-08-20,47,38,9
2014-08-20,29,17,12
2014-08-20,17,12,5
2014-08-20,4,2,2
2014-08-20,7,2,5
2014-08-20,0,0,0
2014-08-21,3,1,2
2014-08-21,0,0,0
2014-08-21,0,0,0
2014-08-21,0,0,0
2014-08-21,0,0,0
2014-08-21,7,1,6
2014-08-21,10,3,7
2014-08-21,24,2,22
2014-08-21,40,2,38
2014-08-21,23,3,20
2014-08-21,21,4,17
2014-08-21,14,0,14
2014-08-21,19,7,12
2014-08-21,5,2,3
2014-08-21,11,6,5
2014-08-21,13,6,7
2014-08-21,16,10,6
2014-08-21,31,25,6
2014-08-21,39,30,9
2014-08-21,22,20,2
2014-08-21,12,4,8
2014-08-21,9,6,3
2014-08-21,4,4,0
2014-08-21,2,0,2
2014-08-22,2,2,0
2014-08-22,0,0,0
2014-08-22,1,1,0
2014-08-22,0,0,0
2014-08-22,0,0,0
2014-08-22,5,0,5
2014-08-22,22,3,19
2014-08-22,44,6,38
2014-08-22,27,6,21
2014-08-22,26,1,25
2014-08-22,16,4,12
2014-08-22,15,4,11
2014-08-22,14,7,7
2014-08-22,19,8,11
2014-08-22,16,12,4
2014-08-22,11,10,1
2014-08-22,24,7,17
2014-08-22,32,24,8
2014-08-22,24,23,1
2014-08-22,19,12,7
2014-08-22,10,10,0
2014-08-22,1,1,0
2014-08-22,0,0,0
2014-08-22,7,0,7
2014-08-23,0,0,0
2014-08-23,2,2,0
2014-08-23,2,1,1
2014-08-23,0,0,0
2014-08-23,0,0,0
2014-08-23,0,0,0
2014-08-23,9,0,9
2014-08-23,10,2,8
2014-08-23,7,1,6
2014-08-23,10,2,8
2014-08-23,18,3,15
2014-08-23,22,9,13
2014-08-23,21,7,14
2014-08-23,16,7,9
2014-08-23,18,15,3
2014-08-23,10,6,4
2014-08-23,20,8,12
2014-08-23,13,9,4
2014-08-23,14,5,9
2014-08-23,18,8,10
2014-08-23,5,0,5
2014-08-23,1,1,0
2014-08-23,1,1,0
2014-08-23,1,1,0
2014-08-24,2,2,0
2014-08-24,4,0,4
2014-08-24,0,0,0
2014-08-24,0,0,0
2014-08-24,0,0,0
2014-08-24,0,0,0
2014-08-24,1,0,1
2014-08-24,2,0,2
2014-08-24,6,2,4
2014-08-24,7,1,6
2014-08-24,19,8,11
2014-08-24,18,8,10
2014-08-24,25,17,8
2014-08-24,32,12,20
2014-08-24,19,10,9
2014-08-24,29,15,14
2014-08-24,30,18,12
2014-08-24,12,8,4
2014-08-24,6,6,0
2014-08-24,11,6,5
2014-08-24,9,9,0
2014-08-24,1,1,0
2014-08-24,1,1,0
2014-08-24,0,0,0
2014-08-25,3,1,2
2014-08-25,0,0,0
2014-08-25,0,0,0
2014-08-25,0,0,0
2014-08-25,0,0,0
2014-08-25,4,1,3
2014-08-25,19,0,19
2014-08-25,22,4,18
2014-08-25,43,5,38
2014-08-25,27,1,26
2014-08-25,17,6,11
2014-08-25,16,4,12
2014-08-25,8,2,6
2014-08-25,3,2,1
2014-08-25,19,10,9
2014-08-25,14,13,1
2014-08-25,19,14,5
2014-08-25,40,25,15
2014-08-25,38,26,12
2014-08-25,17,14,3
2014-08-25,9,6,3
2014-08-25,7,5,2
2014-08-25,2,0,2
2014-08-25,1,1,0
2014-08-26,1,1,0
2014-08-26,0,0,0
2014-08-26,0,0,0
2014-08-26,0,0,0
2014-08-26,0,0,0
2014-08-26,3,0,3
2014-08-26,17,0,17
2014-08-26,19,2,17
2014-08-26,42,2,40
2014-08-26,30,0,30
2014-08-26,18,5,13
2014-08-26,16,8,8
2014-08-26,12,4,8
2014-08-26,14,9,5
2014-08-26,21,9,12
2014-08-26,21,10,11
2014-08-26,24,12,12
2014-08-26,39,32,7
2014-08-26,37,23,14
2014-08-26,23,16,7
2014-08-26,6,1,5
2014-08-26,7,2,5
2014-08-26,2,0,2
2014-08-26,0,0,0
2014-08-27,1,1,0
2014-08-27,0,0,0
2014-08-27,0,0,0
2014-08-27,0,0,0
2014-08-27,0,0,0
2014-08-27,5,0,5
2014-08-27,21,2,19
2014-08-27,43,7,36
2014-08-27,34,2,32
2014-08-27,39,1,38
2014-08-27,16,4,12
2014-08-27,10,5,5
2014-08-27,25,7,18
2014-08-27,12,7,5
2014-08-27,8,4,4
2014-08-27,10,9,1
2014-08-27,20,14,6
2014-08-27,40,36,4
2014-08-27,32,25,7
2014-08-27,16,11,5
2014-08-27,10,2,8
2014-08-27,7,6,1
2014-08-27,8,5,3
2014-08-27,2,2,0
2014-08-28,0,0,0
2014-08-28,1,1,0
2014-08-28,0,0,0
2014-08-28,0,0,0
2014-08-28,0,0,0
2014-08-28,7,0,7
2014-08-28,18,3,15
2014-08-28,46,3,43
2014-08-28,33,4,29
2014-08-28,29,2,27
2014-08-28,20,4,16
2014-08-28,13,8,5
2014-08-28,18,5,13
2014-08-28,23,11,12
2014-08-28,19,10,9
2014-08-28,16,10,6
2014-08-28,23,10,13
2014-08-28,52,31,21
2014-08-28,27,25,2
2014-08-28,19,15,4
2014-08-28,9,6,3
2014-08-28,5,3,2
2014-08-28,3,3,0
2014-08-28,0,0,0
2014-08-29,2,0,2
2014-08-29,0,0,0
2014-08-29,0,0,0
2014-08-29,0,0,0
2014-08-29,0,0,0
2014-08-29,7,0,7
2014-08-29,18,2,16
2014-08-29,23,5,18
2014-08-29,31,2,29
2014-08-29,33,2,31
2014-08-29,18,5,13
2014-08-29,21,4,17
2014-08-29,14,2,12
2014-08-29,18,10,8
2014-08-29,17,7,10
2014-08-29,19,13,6
2014-08-29,31,24,7
2014-08-29,32,25,7
2014-08-29,31,24,7
2014-08-29,6,6,0
2014-08-29,7,7,0
2014-08-29,3,1,2
2014-08-29,0,0,0
2014-08-29,5,1,4
2014-08-30,0,0,0
2014-08-30,1,1,0
2014-08-30,2,0,2
2014-08-30,0,0,0
2014-08-30,0,0,0
2014-08-30,0,0,0
2014-08-30,7,3,4
2014-08-30,7,2,5
2014-08-30,11,2,9
2014-08-30,19,9,10
2014-08-30,4,2,2
2014-08-30,5,5,0
2014-08-30,9,4,5
2014-08-30,8,0,8
2014-08-30,11,3,8
2014-08-30,17,10,7
2014-08-30,8,4,4
2014-08-30,10,7,3
2014-08-30,5,2,3
2014-08-30,7,4,3
2014-08-30,5,3,2
2014-08-30,3,0,3
2014-08-30,0,0,0
2014-08-30,0,0,0
2014-08-31,3,1,2
2014-08-31,0,0,0
2014-08-31,0,0,0
2014-08-31,0,0,0
2014-08-31,1,0,1
2014-08-31,0,0,0
2014-08-31,4,0,4
2014-08-31,6,2,4
2014-08-31,12,3,9
2014-08-31,6,0,6
2014-08-31,6,3,3
2014-08-31,15,5,10
2014-08-31,15,8,7
2014-08-31,11,8,3
2014-08-31,8,4,4
2014-08-31,12,10,2
2014-08-31,14,6,8
2014-08-31,18,4,14
2014-08-31,13,7,6
2014-08-31,9,4,5
2014-08-31,12,5,7
2014-08-31,4,0,4
2014-08-31,1,1,0
2014-08-31,2,0,2
2014-09-01,3,3,0
2014-09-01,3,1,2
2014-09-01,0,0,0
2014-09-01,0,0,0
2014-09-01,0,0,0
2014-09-01,2,0,2
2014-09-01,4,0,4
2014-09-01,0,0,0
2014-09-01,6,3,3
2014-09-01,16,8,8
2014-09-01,31,6,25
2014-09-01,20,6,14
2014-09-01,19,7,12
2014-09-01,21,4,17
2014-09-01,13,12,1
2014-09-01,27,9,18
2014-09-01,14,8,6
2014-09-01,15,8,7
2014-09-01,17,4,13
2014-09-01,17,5,12
2014-09-01,6,3,3
2014-09-01,5,3,2
2014-09-01,2,2,0
2014-09-01,2,0,2
2014-09-02,2,2,0
2014-09-02,0,0,0
2014-09-02,0,0,0
2014-09-02,0,0,0
2014-09-02,0,0,0
2014-09-02,9,1,8
2014-09-02,14,1,13
2014-09-02,34,5,29
2014-09-02,71,13,58
2014-09-02,32,3,29
2014-09-02,28,3,25
2014-09-02,18,11,7
2014-09-02,12,2,10
2014-09-02,15,11,4
2014-09-02,15,7,8
2014-09-02,7,6,1
2014-09-02,26,16,10
2014-09-02,50,35,15
2014-09-02,25,21,4
2014-09-02,11,6,5
2014-09-02,10,4,6
2014-09-02,7,5,2
2014-09-02,1,0,1
2014-09-02,0,0,0
2014-09-03,1,1,0
2014-09-03,0,0,0
2014-09-03,0,0,0
2014-09-03,0,0,0
2014-09-03,2,0,2
2014-09-03,6,1,5
2014-09-03,24,0,24
2014-09-03,46,5,41
2014-09-03,47,6,41
2014-09-03,37,5,32
2014-09-03,18,3,15
2014-09-03,6,1,5
2014-09-03,13,5,8
2014-09-03,8,1,7
2014-09-03,21,7,14
2014-09-03,17,9,8
2014-09-03,20,12,8
2014-09-03,55,41,14
2014-09-03,36,25,11
2014-09-03,20,17,3
2014-09-03,11,7,4
2014-09-03,9,9,0
2014-09-03,1,1,0
2014-09-03,0,0,0
2014-09-04,1,1,0
2014-09-04,0,0,0
2014-09-04,0,0,0
2014-09-04,0,0,0
2014-09-04,0,0,0
2014-09-04,19,1,18
2014-09-04,26,4,22
2014-09-04,36,3,33
2014-09-04,60,12,48
2014-09-04,34,5,29
2014-09-04,25,5,20
2014-09-04,16,8,8
2014-09-04,10,4,6
2014-09-04,9,4,5
2014-09-04,11,9,2
2014-09-04,26,16,10
2014-09-04,32,14,18
2014-09-04,35,30,5
2014-09-04,25,22,3
2014-09-04,21,19,2
2014-09-04,10,6,4
2014-09-04,9,3,6
2014-09-04,1,1,0
2014-09-04,3,1,2
2014-09-05,1,1,0
2014-09-05,0,0,0
2014-09-05,0,0,0
2014-09-05,0,0,0
2014-09-05,0,0,0
2014-09-05,11,0,11
2014-09-05,19,4,15
2014-09-05,40,2,38
2014-09-05,44,1,43
2014-09-05,38,4,34
2014-09-05,5,0,5
2014-09-05,9,1,8
2014-09-05,27,8,19
2014-09-05,16,4,12
2014-09-05,14,7,7
2014-09-05,18,7,11
2014-09-05,46,27,19
2014-09-05,51,36,15
2014-09-05,43,28,15
2014-09-05,24,16,8
2014-09-05,3,3,0
2014-09-05,7,4,3
2014-09-05,1,1,0
2014-09-05,2,2,0
2014-09-06,2,0,2
2014-09-06,0,0,0
2014-09-06,0,0,0
2014-09-06,0,0,0
2014-09-06,0,0,0
2014-09-06,4,0,4
2014-09-06,11,1,10
2014-09-06,18,5,13
2014-09-06,14,2,12
2014-09-06,20,3,17
2014-09-06,23,5,18
2014-09-06,30,15,15
2014-09-06,30,18,12
2014-09-06,15,10,5
2014-09-06,22,9,13
2014-09-06,17,10,7
2014-09-06,18,13,5
2014-09-06,21,5,16
2014-09-06,5,2,3
2014-09-06,10,5,5
2014-09-06,6,6,0
2014-09-06,2,2,0
2014-09-06,0,0,0
2014-09-06,1,1,0
2014-09-07,0,0,0
2014-09-07,2,0,2
2014-09-07,0,0,0
2014-09-07,2,0,2
2014-09-07,0,0,0
2014-09-07,1,1,0
2014-09-07,4,0,4
2014-09-07,4,0,4
2014-09-07,11,4,7
2014-09-07,24,5,19
2014-09-07,22,6,16
2014-09-07,21,7,14
2014-09-07,24,14,10
2014-09-07,17,10,7
2014-09-07,19,6,13
2014-09-07,23,7,16
2014-09-07,29,14,15
2014-09-07,13,8,5
2014-09-07,18,8,10
2014-09-07,19,10,9
2014-09-07,0,0,0
2014-09-07,1,1,0
2014-09-07,3,0,3
2014-09-07,2,0,2
2014-09-08,0,0,0
2014-09-08,0,0,0
2014-09-08,0,0,0
2014-09-08,0,0,0
2014-09-08,0,0,0
2014-09-08,11,2,9
2014-09-08,19,1,18
2014-09-08,42,7,35
2014-09-08,54,4,50
2014-09-08,28,3,25
2014-09-08,14,5,9
2014-09-08,13,2,11
2014-09-08,14,7,7
2014-09-08,16,6,10
2014-09-08,21,6,15
2014-09-08,17,9,8
2014-09-08,22,10,12
2014-09-08,49,39,10
2014-09-08,44,28,16
2014-09-08,19,8,11
2014-09-08,11,8,3
2014-09-08,2,2,0
2014-09-08,2,2,0
2014-09-08,1,1,0
2014-09-09,1,1,0
2014-09-09,0,0,0
2014-09-09,0,0,0
2014-09-09,0,0,0
2014-09-09,0,0,0
2014-09-09,10,0,10
2014-09-09,18,2,16
2014-09-09,48,7,41
2014-09-09,50,3,47
2014-09-09,32,4,28
2014-09-09,23,5,18
2014-09-09,16,9,7
2014-09-09,69,39,30
2014-09-09,21,5,16
2014-09-09,18,5,13
2014-09-09,9,4,5
2014-09-09,25,18,7
2014-09-09,41,34,7
2014-09-09,29,19,10
2014-09-09,24,14,10
2014-09-09,5,5,0
2014-09-09,0,0,0
2014-09-09,0,0,0
2014-09-09,0,0,0
2014-09-10,3,1,2
2014-09-10,1,1,0
2014-09-10,0,0,0
2014-09-10,0,0,0
2014-09-10,0,0,0
2014-09-10,11,1,10
2014-09-10,23,3,20
2014-09-10,35,2,33
2014-09-10,46,5,41
2014-09-10,30,11,19
2014-09-10,27,8,19
2014-09-10,21,9,12
2014-09-10,13,11,2
2014-09-10,13,7,6
2014-09-10,25,14,11
2014-09-10,22,11,11
2014-09-10,25,11,14
2014-09-10,56,38,18
2014-09-10,38,24,14
2014-09-10,15,9,6
2014-09-10,15,5,10
2014-09-10,18,9,9
2014-09-10,2,2,0
2014-09-10,0,0,0
2014-09-11,0,0,0
2014-09-11,2,2,0
2014-09-11,0,0,0
2014-09-11,0,0,0
2014-09-11,2,2,0
2014-09-11,16,1,15
2014-09-11,21,2,19
2014-09-11,42,7,35
2014-09-11,46,11,35
2014-09-11,41,4,37
2014-09-11,17,7,10
2014-09-11,10,3,7
2014-09-11,14,1,13
2014-09-11,19,6,13
2014-09-11,12,7,5
2014-09-11,22,12,10
2014-09-11,31,19,12
2014-09-11,41,32,9
2014-09-11,40,30,10
2014-09-11,27,15,12
2014-09-11,14,12,2
2014-09-11,10,2,8
2014-09-11,7,4,3
2014-09-11,3,3,0
2014-09-12,1,1,0
2014-09-12,1,1,0
2014-09-12,0,0,0
2014-09-12,0,0,0
2014-09-12,0,0,0
2014-09-12,10,1,9
2014-09-12,19,0,19
2014-09-12,40,0,40
2014-09-12,52,1,51
2014-09-12,33,1,32
2014-09-12,26,3,23
2014-09-12,14,7,7
2014-09-12,12,5,7
2014-09-12,22,5,17
2014-09-12,25,10,15
2014-09-12,31,20,11
2014-09-12,34,26,8
2014-09-12,60,49,11
2014-09-12,30,16,14
2014-09-12,29,13,16
2014-09-12,13,5,8
2014-09-12,7,4,3
2014-09-12,7,2,5
2014-09-12,9,4,5
2014-09-13,8,1,7
2014-09-13,0,0,0
2014-09-13,4,1,3
2014-09-13,0,0,0
2014-09-13,0,0,0
2014-09-13,0,0,0
2014-09-13,4,2,2
2014-09-13,9,4,5
2014-09-13,18,3,15
2014-09-13,22,4,18
2014-09-13,41,14,27
2014-09-13,21,10,11
2014-09-13,28,5,23
2014-09-13,20,10,10
2014-09-13,17,6,11
2014-09-13,15,7,8
2014-09-13,29,26,3
2014-09-13,8,3,5
2014-09-13,31,11,20
2014-09-13,5,3,2
2014-09-13,8,2,6
2014-09-13,3,1,2
2014-09-13,12,5,7
2014-09-13,3,0,3
2014-09-14,1,1,0
2014-09-14,5,1,4
2014-09-14,0,0,0
2014-09-14,2,0,2
2014-09-14,0,0,0
2014-09-14,0,0,0
2014-09-14,2,0,2
2014-09-14,8,2,6
2014-09-14,10,3,7
2014-09-14,17,7,10
2014-09-14,16,8,8
2014-09-14,20,5,15
2014-09-14,33,16,17
2014-09-14,27,10,17
2014-09-14,21,14,7
2014-09-14,26,11,15
2014-09-14,13,12,1
2014-09-14,20,5,15
2014-09-14,10,5,5
2014-09-14,9,2,7
2014-09-14,8,3,5
2014-09-14,2,0,2
2014-09-14,9,5,4
2014-09-14,0,0,0
2014-09-15,0,0,0
2014-09-15,0,0,0
2014-09-15,0,0,0
2014-09-15,0,0,0
2014-09-15,0,0,0
2014-09-15,7,1,6
2014-09-15,19,1,18
2014-09-15,45,6,39
2014-09-15,46,8,38
2014-09-15,23,1,22
2014-09-15,23,1,22
2014-09-15,13,1,12
2014-09-15,15,3,12
2014-09-15,17,8,9
2014-09-15,28,10,18
2014-09-15,17,14,3
2014-09-15,43,22,21
2014-09-15,59,34,25
2014-09-15,53,39,14
2014-09-15,29,18,11
2014-09-15,15,11,4
2014-09-15,4,2,2
2014-09-15,3,3,0
2014-09-15,5,0,5
2014-09-16,1,1,0
2014-09-16,0,0,0
2014-09-16,0,0,0
2014-09-16,0,0,0
2014-09-16,0,0,0
2014-09-16,10,2,8
2014-09-16,22,1,21
2014-09-16,43,7,36
2014-09-16,50,3,47
2014-09-16,28,5,23
2014-09-16,27,7,20
2014-09-16,11,2,9
2014-09-16,12,5,7
2014-09-16,15,8,7
2014-09-16,20,6,14
2014-09-16,34,17,17
2014-09-16,21,13,8
2014-09-16,68,41,27
2014-09-16,31,17,14
2014-09-16,20,8,12
2014-09-16,15,12,3
2014-09-16,7,3,4
2014-09-16,0,0,0
2014-09-16,5,2,3
2014-09-17,1,1,0
2014-09-17,0,0,0
2014-09-17,0,0,0
2014-09-17,1,0,1
2014-09-17,0,0,0
2014-09-17,8,0,8
2014-09-17,15,3,12
2014-09-17,35,3,32
2014-09-17,47,5,42
2014-09-17,36,4,32
2014-09-17,17,6,11
2014-09-17,17,6,11
2014-09-17,28,11,17
2014-09-17,12,3,9
2014-09-17,12,8,4
2014-09-17,23,9,14
2014-09-17,21,17,4
2014-09-17,41,35,6
2014-09-17,40,23,17
2014-09-17,18,10,8
2014-09-17,15,6,9
2014-09-17,2,2,0
2014-09-17,1,1,0
2014-09-17,1,1,0
2014-09-18,1,1,0
2014-09-18,0,0,0
2014-09-18,0,0,0
2014-09-18,4,1,3
2014-09-18,0,0,0
2014-09-18,7,1,6
2014-09-18,16,0,16
2014-09-18,31,1,30
2014-09-18,41,3,38
2014-09-18,22,6,16
2014-09-18,13,4,9
2014-09-18,11,0,11
2014-09-18,22,9,13
2014-09-18,8,2,6
2014-09-18,13,7,6
2014-09-18,13,6,7
2014-09-18,31,19,12
2014-09-18,32,22,10
2014-09-18,34,15,19
2014-09-18,13,9,4
2014-09-18,6,3,3
2014-09-18,14,1,13
2014-09-18,0,0,0
2014-09-18,0,0,0
2014-09-19,3,0,3
2014-09-19,0,0,0
2014-09-19,0,0,0
2014-09-19,0,0,0
2014-09-19,2,0,2
2014-09-19,2,0,2
2014-09-19,10,0,10
2014-09-19,37,6,31
2014-09-19,48,16,32
2014-09-19,31,5,26
2014-09-19,37,12,25
2014-09-19,15,3,12
2014-09-19,29,10,19
2014-09-19,17,5,12
2014-09-19,34,9,25
2014-09-19,17,8,9
2014-09-19,18,13,5
2014-09-19,43,38,5
2014-09-19,25,19,6
2014-09-19,15,8,7
2014-09-19,7,4,3
2014-09-19,9,2,7
2014-09-19,4,0,4
2014-09-19,1,1,0
2014-09-20,0,0,0
2014-09-20,0,0,0
2014-09-20,1,1,0
2014-09-20,0,0,0
2014-09-20,0,0,0
2014-09-20,0,0,0
2014-09-20,2,0,2
2014-09-20,8,2,6
2014-09-20,6,0,6
2014-09-20,13,3,10
2014-09-20,8,1,7
2014-09-20,15,5,10
2014-09-20,16,3,13
2014-09-20,12,6,6
2014-09-20,20,9,11
2014-09-20,8,2,6
2014-09-20,12,8,4
2014-09-20,18,10,8
2014-09-20,22,13,9
2014-09-20,21,11,10
2014-09-20,4,2,2
2014-09-20,7,5,2
2014-09-20,2,2,0
2014-09-20,3,1,2
2014-09-21,1,1,0
2014-09-21,3,3,0
2014-09-21,0,0,0
2014-09-21,0,0,0
2014-09-21,0,0,0
2014-09-21,0,0,0
2014-09-21,2,0,2
2014-09-21,1,0,1
2014-09-21,10,1,9
2014-09-21,8,5,3
2014-09-21,15,4,11
2014-09-21,24,4,20
2014-09-21,27,15,12
2014-09-21,17,11,6
2014-09-21,20,5,15
2014-09-21,29,20,9
2014-09-21,13,5,8
2014-09-21,7,7,0
2014-09-21,9,7,2
2014-09-21,7,2,5
2014-09-21,12,6,6
2014-09-21,2,1,1
2014-09-21,1,1,0
2014-09-21,2,0,2
2014-09-22,3,3,0
2014-09-22,0,0,0
2014-09-22,0,0,0
2014-09-22,0,0,0
2014-09-22,0,0,0
2014-09-22,7,1,6
2014-09-22,9,1,8
2014-09-22,53,5,48
2014-09-22,41,2,39
2014-09-22,32,1,31
2014-09-22,16,2,14
2014-09-22,14,2,12
2014-09-22,12,6,6
2014-09-22,7,2,5
2014-09-22,29,7,22
2014-09-22,9,4,5
2014-09-22,20,14,6
2014-09-22,56,44,12
2014-09-22,34,28,6
2014-09-22,14,8,6
2014-09-22,6,5,1
2014-09-22,0,0,0
2014-09-22,4,3,1
2014-09-22,0,0,0
2014-09-23,1,0,1
2014-09-23,1,1,0
2014-09-23,0,0,0
2014-09-23,0,0,0
2014-09-23,0,0,0
2014-09-23,8,0,8
2014-09-23,25,1,24
2014-09-23,32,2,30
2014-09-23,44,7,37
2014-09-23,38,10,28
2014-09-23,21,3,18
2014-09-23,13,4,9
2014-09-23,20,5,15
2014-09-23,11,3,8
2014-09-23,15,7,8
2014-09-23,19,14,5
2014-09-23,19,13,6
2014-09-23,45,29,16
2014-09-23,32,19,13
2014-09-23,10,6,4
2014-09-23,5,5,0
2014-09-23,4,1,3
2014-09-23,0,0,0
2014-09-23,1,1,0
2014-09-24,1,1,0
2014-09-24,0,0,0
2014-09-24,0,0,0
2014-09-24,0,0,0
2014-09-24,0,0,0
2014-09-24,11,1,10
2014-09-24,9,0,9
2014-09-24,23,4,19
2014-09-24,19,0,19
2014-09-24,31,2,29
2014-09-24,5,1,4
2014-09-24,12,1,11
2014-09-24,21,8,13
2014-09-24,22,4,18
2014-09-24,15,8,7
2014-09-24,11,8,3
2014-09-24,17,10,7
2014-09-24,28,18,10
2014-09-24,37,22,15
2014-09-24,11,6,5
2014-09-24,10,3,7
2014-09-24,9,5,4
2014-09-24,1,1,0
2014-09-24,2,2,0
2014-09-25,1,1,0
2014-09-25,0,0,0
2014-09-25,0,0,0
2014-09-25,0,0,0
2014-09-25,2,0,2
2014-09-25,7,1,6
2014-09-25,9,1,8
2014-09-25,20,4,16
2014-09-25,41,3,38
2014-09-25,22,3,19
2014-09-25,19,2,17
2014-09-25,4,0,4
2014-09-25,7,0,7
2014-09-25,13,6,7
2014-09-25,10,0,10
2014-09-25,17,12,5
2014-09-25,24,13,11
2014-09-25,45,32,13
2014-09-25,33,22,11
2014-09-25,10,6,4
2014-09-25,5,4,1
2014-09-25,8,3,5
2014-09-25,3,3,0
2014-09-25,2,0,2
2014-09-26,1,1,0
2014-09-26,0,0,0
2014-09-26,0,0,0
2014-09-26,0,0,0
2014-09-26,0,0,0
2014-09-26,11,1,10
2014-09-26,13,0,13
2014-09-26,28,1,27
2014-09-26,26,4,22
2014-09-26,40,1,39
2014-09-26,5,1,4
2014-09-26,10,0,10
2014-09-26,12,4,8
2014-09-26,18,7,11
2014-09-26,15,6,9
2014-09-26,23,8,15
2014-09-26,34,16,18
2014-09-26,39,28,11
2014-09-26,16,16,0
2014-09-26,8,6,2
2014-09-26,7,4,3
2014-09-26,3,1,2
2014-09-26,4,2,2
2014-09-26,1,1,0
2014-09-27,3,0,3
2014-09-27,0,0,0
2014-09-27,0,0,0
2014-09-27,0,0,0
2014-09-27,0,0,0
2014-09-27,0,0,0
2014-09-27,7,2,5
2014-09-27,5,0,5
2014-09-27,14,3,11
2014-09-27,17,6,11
2014-09-27,17,6,11
2014-09-27,13,4,9
2014-09-27,21,7,14
2014-09-27,14,7,7
2014-09-27,9,2,7
2014-09-27,19,12,7
2014-09-27,15,4,11
2014-09-27,18,14,4
2014-09-27,11,3,8
2014-09-27,12,8,4
2014-09-27,0,0,0
2014-09-27,3,3,0
2014-09-27,0,0,0
2014-09-27,0,0,0
2014-09-28,2,2,0
2014-09-28,1,1,0
2014-09-28,2,0,2
2014-09-28,0,0,0
2014-09-28,0,0,0
2014-09-28,0,0,0
2014-09-28,2,0,2
2014-09-28,4,2,2
2014-09-28,3,1,2
2014-09-28,13,4,9
2014-09-28,14,4,10
2014-09-28,13,2,11
2014-09-28,7,6,1
2014-09-28,17,6,11
2014-09-28,11,4,7
2014-09-28,20,6,14
2014-09-28,11,1,10
2014-09-28,11,8,3
2014-09-28,21,5,16
2014-09-28,10,7,3
2014-09-28,5,0,5
2014-09-28,4,1,3
2014-09-28,0,0,0
2014-09-28,1,1,0
2014-09-29,1,1,0
2014-09-29,0,0,0
2014-09-29,0,0,0
2014-09-29,0,0,0
2014-09-29,0,0,0
2014-09-29,10,2,8
2014-09-29,17,0,17
2014-09-29,44,2,42
2014-09-29,45,1,44
2014-09-29,27,0,27
2014-09-29,22,4,18
2014-09-29,14,3,11
2014-09-29,3,2,1
2014-09-29,15,2,13
2014-09-29,12,7,5
2014-09-29,11,5,6
2014-09-29,17,7,10
2014-09-29,36,30,6
2014-09-29,26,20,6
2014-09-29,26,22,4
2014-09-29,7,4,3
2014-09-29,5,2,3
2014-09-29,4,4,0
2014-09-29,0,0,0
2014-09-30,1,1,0
2014-09-30,0,0,0
2014-09-30,0,0,0
2014-09-30,0,0,0
2014-09-30,0,0,0
2014-09-30,6,0,6
2014-09-30,19,5,14
2014-09-30,40,3,37
2014-09-30,43,1,42
2014-09-30,25,2,23
2014-09-30,19,5,14
2014-09-30,23,8,15
2014-09-30,7,3,4
2014-09-30,15,5,10
2014-09-30,20,7,13
2014-09-30,17,8,9
2014-09-30,31,15,16
2014-09-30,51,38,13
2014-09-30,30,19,11
2014-09-30,19,14,5
2014-09-30,10,5,5
2014-09-30,12,4,8
2014-09-30,1,1,0
2014-09-30,1,1,0
2014-10-01,2,1,1
2014-10-01,0,0,0
2014-10-01,0,0,0
2014-10-01,0,0,0
2014-10-01,1,0,1
2014-10-01,12,1,11
2014-10-01,28,2,26
2014-10-01,49,8,41
2014-10-01,46,1,45
2014-10-01,37,1,36
2014-10-01,17,1,16
2014-10-01,13,4,9
2014-10-01,4,0,4
2014-10-01,14,3,11
2014-10-01,15,10,5
2014-10-01,34,13,21
2014-10-01,15,13,2
2014-10-01,46,31,15
2014-10-01,40,31,9
2014-10-01,19,16,3
2014-10-01,12,7,5
2014-10-01,4,2,2
2014-10-01,0,0,0
2014-10-01,0,0,0
2014-10-02,2,2,0
2014-10-02,0,0,0
2014-10-02,0,0,0
2014-10-02,0,0,0
2014-10-02,2,0,2
2014-10-02,9,0,9
2014-10-02,25,0,25
2014-10-02,42,4,38
2014-10-02,56,4,52
2014-10-02,52,8,44
2014-10-02,16,2,14
2014-10-02,15,3,12
2014-10-02,11,4,7
2014-10-02,12,4,8
2014-10-02,18,11,7
2014-10-02,26,14,12
2014-10-02,34,17,17
2014-10-02,40,33,7
2014-10-02,49,36,13
2014-10-02,12,10,2
2014-10-02,8,8,0
2014-10-02,9,3,6
2014-10-02,4,1,3
2014-10-02,1,1,0
2014-10-03,3,0,3
2014-10-03,0,0,0
2014-10-03,0,0,0
2014-10-03,0,0,0
2014-10-03,2,0,2
2014-10-03,5,1,4
2014-10-03,29,2,27
2014-10-03,34,2,32
2014-10-03,36,2,34
2014-10-03,33,3,30
2014-10-03,17,1,16
2014-10-03,15,1,14
2014-10-03,13,6,7
2014-10-03,14,6,8
2014-10-03,11,5,6
2014-10-03,22,14,8
2014-10-03,33,23,10
2014-10-03,31,24,7
2014-10-03,28,15,13
2014-10-03,10,10,0
2014-10-03,12,5,7
2014-10-03,8,5,3
2014-10-03,4,2,2
2014-10-03,1,0,1
2014-10-04,2,0,2
2014-10-04,0,0,0
2014-10-04,0,0,0
2014-10-04,0,0,0
2014-10-04,0,0,0
2014-10-04,0,0,0
2014-10-04,10,0,10
2014-10-04,3,0,3
2014-10-04,15,1,14
2014-10-04,11,5,6
2014-10-04,10,1,9
2014-10-04,12,0,12
2014-10-04,17,10,7
2014-10-04,25,10,15
2014-10-04,17,7,10
2014-10-04,11,6,5
2014-10-04,16,5,11
2014-10-04,7,5,2
2014-10-04,9,3,6
2014-10-04,1,0,1
2014-10-04,2,0,2
2014-10-04,5,3,2
2014-10-04,0,0,0
2014-10-04,4,2,2
2014-10-05,1,1,0
2014-10-05,3,0,3
2014-10-05,0,0,0
2014-10-05,0,0,0
2014-10-05,0,0,0
2014-10-05,0,0,0
2014-10-05,2,0,2
2014-10-05,5,1,4
2014-10-05,13,4,9
2014-10-05,12,2,10
2014-10-05,18,7,11
2014-10-05,17,6,11
2014-10-05,12,5,7
2014-10-05,25,15,10
2014-10-05,25,8,17
2014-10-05,17,12,5
2014-10-05,19,7,12
2014-10-05,6,4,2
2014-10-05,10,8,2
2014-10-05,14,9,5
2014-10-05,2,2,0
2014-10-05,0,0,0
2014-10-05,2,2,0
2014-10-05,0,0,0
2014-10-06,1,1,0
2014-10-06,2,0,2
2014-10-06,0,0,0
2014-10-06,0,0,0
2014-10-06,0,0,0
2014-10-06,6,1,5
2014-10-06,12,2,10
2014-10-06,32,1,31
2014-10-06,39,2,37
2014-10-06,24,5,19
2014-10-06,17,2,15
2014-10-06,22,2,20
2014-10-06,8,3,5
2014-10-06,8,5,3
2014-10-06,13,6,7
2014-10-06,17,15,2
2014-10-06,21,19,2
2014-10-06,48,34,14
2014-10-06,34,27,7
2014-10-06,15,10,5
2014-10-06,8,6,2
2014-10-06,4,4,0
2014-10-06,8,6,2
2014-10-06,4,2,2
2014-10-07,2,2,0
2014-10-07,0,0,0
2014-10-07,0,0,0
2014-10-07,0,0,0
2014-10-07,0,0,0
2014-10-07,9,0,9
2014-10-07,15,3,12
2014-10-07,51,5,46
2014-10-07,36,9,27
2014-10-07,27,2,25
2014-10-07,13,1,12
2014-10-07,5,2,3
2014-10-07,8,2,6
2014-10-07,15,7,8
2014-10-07,17,13,4
2014-10-07,19,6,13
2014-10-07,29,19,10
2014-10-07,47,38,9
2014-10-07,29,26,3
2014-10-07,21,16,5
2014-10-07,8,5,3
2014-10-07,4,3,1
2014-10-07,1,1,0
2014-10-07,1,1,0
2014-10-08,3,3,0
2014-10-08,0,0,0
2014-10-08,0,0,0
2014-10-08,0,0,0
2014-10-08,0,0,0
2014-10-08,6,2,4
2014-10-08,8,1,7
2014-10-08,39,2,37
2014-10-08,55,4,51
2014-10-08,24,5,19
2014-10-08,22,10,12
2014-10-08,23,4,19
2014-10-08,7,4,3
2014-10-08,13,3,10
2014-10-08,24,10,14
2014-10-08,21,12,9
2014-10-08,29,16,13
2014-10-08,39,35,4
2014-10-08,29,22,7
2014-10-08,33,19,14
2014-10-08,4,2,2
2014-10-08,13,7,6
2014-10-08,1,1,0
2014-10-08,1,1,0
2014-10-09,1,1,0
2014-10-09,0,0,0
2014-10-09,0,0,0
2014-10-09,0,0,0
2014-10-09,0,0,0
2014-10-09,6,0,6
2014-10-09,13,2,11
2014-10-09,35,4,31
2014-10-09,48,2,46
2014-10-09,34,4,30
2014-10-09,8,0,8
2014-10-09,15,8,7
2014-10-09,9,3,6
2014-10-09,3,1,2
2014-10-09,16,9,7
2014-10-09,20,11,9
2014-10-09,28,22,6
2014-10-09,32,22,10
2014-10-09,28,25,3
2014-10-09,15,12,3
2014-10-09,7,4,3
2014-10-09,2,2,0
2014-10-09,6,6,0
2014-10-09,2,2,0
2014-10-10,0,0,0
2014-10-10,0,0,0
2014-10-10,0,0,0
2014-10-10,0,0,0
2014-10-10,2,0,2
2014-10-10,6,1,5
2014-10-10,10,0,10
2014-10-10,29,2,27
2014-10-10,30,3,27
2014-10-10,29,2,27
2014-10-10,20,2,18
2014-10-10,15,6,9
2014-10-10,17,3,14
2014-10-10,10,5,5
2014-10-10,18,4,14
2014-10-10,10,6,4
2014-10-10,24,15,9
2014-10-10,30,25,5
2014-10-10,16,10,6
2014-10-10,16,13,3
2014-10-10,12,6,6
2014-10-10,6,0,6
2014-10-10,4,2,2
2014-10-10,0,0,0
2014-10-11,3,1,2
2014-10-11,0,0,0
2014-10-11,0,0,0
2014-10-11,0,0,0
2014-10-11,0,0,0
2014-10-11,0,0,0
2014-10-11,2,0,2
2014-10-11,1,1,0
2014-10-11,11,1,10
2014-10-11,16,4,12
2014-10-11,21,7,14
2014-10-11,18,2,16
2014-10-11,9,1,8
2014-10-11,11,7,4
2014-10-11,11,3,8
2014-10-11,12,5,7
2014-10-11,7,7,0
2014-10-11,16,10,6
2014-10-11,2,0,2
2014-10-11,4,2,2
2014-10-11,1,1,0
2014-10-11,3,1,2
2014-10-11,3,1,2
2014-10-11,0,0,0
2014-10-12,3,0,3
2014-10-12,0,0,0
2014-10-12,0,0,0
2014-10-12,0,0,0
2014-10-12,0,0,0
2014-10-12,0,0,0
2014-10-12,4,0,4
2014-10-12,4,0,4
2014-10-12,13,4,9
2014-10-12,11,3,8
2014-10-12,14,4,10
2014-10-12,18,3,15
2014-10-12,15,9,6
2014-10-12,25,8,17
2014-10-12,9,5,4
2014-10-12,8,5,3
2014-10-12,12,3,9
2014-10-12,20,8,12
2014-10-12,12,6,6
2014-10-12,4,2,2
2014-10-12,3,1,2
2014-10-12,1,1,0
2014-10-12,2,2,0
2014-10-12,0,0,0
2014-10-13,2,2,0
2014-10-13,0,0,0
2014-10-13,2,0,2
2014-10-13,0,0,0
2014-10-13,0,0,0
2014-10-13,4,0,4
2014-10-13,12,1,11
2014-10-13,36,5,31
2014-10-13,38,3,35
2014-10-13,22,0,22
2014-10-13,23,2,21
2014-10-13,13,2,11
2014-10-13,12,6,6
2014-10-13,13,10,3
2014-10-13,15,4,11
2014-10-13,19,13,6
2014-10-13,15,9,6
2014-10-13,48,36,12
2014-10-13,23,20,3
2014-10-13,13,8,5
2014-10-13,6,6,0
2014-10-13,4,4,0
2014-10-13,2,2,0
2014-10-13,2,0,2
2014-10-14,1,1,0
2014-10-14,0,0,0
2014-10-14,0,0,0
2014-10-14,0,0,0
2014-10-14,0,0,0
2014-10-14,7,0,7
2014-10-14,12,2,10
2014-10-14,33,6,27
2014-10-14,47,4,43
2014-10-14,27,1,26
2014-10-14,15,2,13
2014-10-14,14,5,9
2014-10-14,11,5,6
2014-10-14,9,2,7
2014-10-14,9,4,5
2014-10-14,13,8,5
2014-10-14,20,16,4
2014-10-14,38,28,10
2014-10-14,21,18,3
2014-10-14,13,10,3
2014-10-14,7,1,6
2014-10-14,7,3,4
2014-10-14,0,0,0
2014-10-14,1,1,0
2014-10-15,0,0,0
2014-10-15,0,0,0
2014-10-15,0,0,0
2014-10-15,0,0,0
2014-10-15,0,0,0
2014-10-15,11,1,10
2014-10-15,10,0,10
2014-10-15,23,2,21
2014-10-15,20,0,20
2014-10-15,26,1,25
2014-10-15,12,1,11
2014-10-15,12,1,11
2014-10-15,10,3,7
2014-10-15,6,2,4
2014-10-15,10,5,5
2014-10-15,18,12,6
2014-10-15,15,6,9
2014-10-15,34,21,13
2014-10-15,22,12,10
2014-10-15,14,9,5
2014-10-15,9,2,7
2014-10-15,4,4,0
2014-10-15,2,2,0
2014-10-15,0,0,0
2014-10-16,0,0,0
2014-10-16,0,0,0
2014-10-16,0,0,0
2014-10-16,0,0,0
2014-10-16,2,0,2
2014-10-16,7,1,6
2014-10-16,11,3,8
2014-10-16,52,5,47
2014-10-16,47,1,46
2014-10-16,36,1,35
2014-10-16,13,1,12
2014-10-16,12,2,10
2014-10-16,9,3,6
2014-10-16,22,7,15
2014-10-16,7,4,3
2014-10-16,23,8,15
2014-10-16,46,29,17
2014-10-16,40,32,8
2014-10-16,18,14,4
2014-10-16,13,11,2
2014-10-16,6,4,2
2014-10-16,7,4,3
2014-10-16,4,2,2
2014-10-16,1,1,0
2014-10-17,0,0,0
2014-10-17,3,0,3
2014-10-17,0,0,0
2014-10-17,0,0,0
2014-10-17,0,0,0
2014-10-17,4,0,4
2014-10-17,13,1,12
2014-10-17,32,0,32
2014-10-17,32,1,31
2014-10-17,45,2,43
2014-10-17,12,2,10
2014-10-17,3,1,2
2014-10-17,7,3,4
2014-10-17,14,2,12
2014-10-17,6,2,4
2014-10-17,9,7,2
2014-10-17,18,12,6
2014-10-17,36,21,15
2014-10-17,24,13,11
2014-10-17,12,7,5
2014-10-17,4,3,1
2014-10-17,2,0,2
2014-10-17,5,2,3
2014-10-17,1,1,0
2014-10-18,0,0,0
2014-10-18,3,1,2
2014-10-18,2,2,0
2014-10-18,0,0,0
2014-10-18,0,0,0
2014-10-18,2,0,2
2014-10-18,4,0,4
2014-10-18,10,2,8
2014-10-18,0,0,0
2014-10-18,5,0,5
2014-10-18,7,3,4
2014-10-18,18,2,16
2014-10-18,7,3,4
2014-10-18,7,4,3
2014-10-18,16,7,9
2014-10-18,11,6,5
2014-10-18,10,3,7
2014-10-18,11,5,6
2014-10-18,16,9,7
2014-10-18,5,2,3
2014-10-18,9,5,4
2014-10-18,1,1,0
2014-10-18,0,0,0
2014-10-18,2,0,2
2014-10-19,0,0,0
2014-10-19,0,0,0
2014-10-19,4,2,2
2014-10-19,0,0,0
2014-10-19,0,0,0
2014-10-19,0,0,0
2014-10-19,3,1,2
2014-10-19,5,1,4
2014-10-19,5,0,5
2014-10-19,9,3,6
2014-10-19,7,3,4
2014-10-19,18,6,12
2014-10-19,8,3,5
2014-10-19,31,2,29
2014-10-19,17,6,11
2014-10-19,24,6,18
2014-10-19,23,13,10
2014-10-19,17,8,9
2014-10-19,9,9,0
2014-10-19,3,0,3
2014-10-19,3,1,2
2014-10-19,3,1,2
2014-10-19,0,0,0
2014-10-19,3,3,0
2014-10-20,0,0,0
2014-10-20,2,0,2
2014-10-20,0,0,0
2014-10-20,0,0,0
2014-10-20,0,0,0
2014-10-20,6,0,6
2014-10-20,8,2,6
2014-10-20,24,3,21
2014-10-20,23,1,22
2014-10-20,24,1,23
2014-10-20,5,0,5
2014-10-20,6,0,6
2014-10-20,4,2,2
2014-10-20,19,6,13
2014-10-20,15,8,7
2014-10-20,12,6,6
2014-10-20,29,12,17
2014-10-20,40,25,15
2014-10-20,17,13,4
2014-10-20,13,7,6
2014-10-20,3,3,0
2014-10-20,0,0,0
2014-10-20,1,1,0
2014-10-20,5,2,3
2014-10-21,0,0,0
2014-10-21,0,0,0
2014-10-21,0,0,0
2014-10-21,0,0,0
2014-10-21,0,0,0
2014-10-21,4,0,4
2014-10-21,10,0,10
2014-10-21,28,4,24
2014-10-21,28,3,25
2014-10-21,26,0,26
2014-10-21,24,3,21
2014-10-21,16,1,15
2014-10-21,17,3,14
2014-10-21,6,2,4
2014-10-21,7,5,2
2014-10-21,7,5,2
2014-10-21,14,11,3
2014-10-21,34,26,8
2014-10-21,27,21,6
2014-10-21,15,10,5
2014-10-21,11,6,5
2014-10-21,6,3,3
2014-10-21,1,1,0
2014-10-21,0,0,0
2014-10-22,0,0,0
2014-10-22,0,0,0
2014-10-22,0,0,0
2014-10-22,0,0,0
2014-10-22,0,0,0
2014-10-22,10,0,10
2014-10-22,2,0,2
2014-10-22,20,1,19
2014-10-22,29,2,27
2014-10-22,22,0,22
2014-10-22,5,1,4
2014-10-22,5,1,4
2014-10-22,17,3,14
2014-10-22,11,1,10
2014-10-22,18,6,12
2014-10-22,10,4,6
2014-10-22,10,4,6
2014-10-22,22,16,6
2014-10-22,21,14,7
2014-10-22,15,10,5
2014-10-22,5,5,0
2014-10-22,6,1,5
2014-10-22,1,1,0
2014-10-22,2,2,0
2014-10-23,0,0,0
2014-10-23,2,0,2
2014-10-23,0,0,0
2014-10-23,0,0,0
2014-10-23,0,0,0
2014-10-23,6,0,6
2014-10-23,12,1,11
2014-10-23,25,3,22
2014-10-23,23,1,22
2014-10-23,27,3,24
2014-10-23,9,1,8
2014-10-23,9,3,6
2014-10-23,12,1,11
2014-10-23,7,1,6
2014-10-23,12,3,9
2014-10-23,15,8,7
2014-10-23,25,11,14
2014-10-23,36,24,12
2014-10-23,15,13,2
2014-10-23,15,10,5
2014-10-23,5,0,5
2014-10-23,9,5,4
2014-10-23,6,2,4
2014-10-23,0,0,0
2014-10-24,0,0,0
2014-10-24,2,2,0
2014-10-24,0,0,0
2014-10-24,0,0,0
2014-10-24,0,0,0
2014-10-24,8,1,7
2014-10-24,12,0,12
2014-10-24,35,3,32
2014-10-24,25,1,24
2014-10-24,30,2,28
2014-10-24,11,5,6
2014-10-24,16,5,11
2014-10-24,18,6,12
2014-10-24,10,1,9
2014-10-24,21,14,7
2014-10-24,15,13,2
2014-10-24,19,16,3
2014-10-24,22,17,5
2014-10-24,27,18,9
2014-10-24,14,10,4
2014-10-24,1,1,0
2014-10-24,6,0,6
2014-10-24,3,2,1
2014-10-24,2,0,2
2014-10-25,1,1,0
2014-10-25,0,0,0
2014-10-25,0,0,0
2014-10-25,0,0,0
2014-10-25,0,0,0
2014-10-25,2,0,2
2014-10-25,3,1,2
2014-10-25,1,1,0
2014-10-25,4,1,3
2014-10-25,5,2,3
2014-10-25,7,1,6
2014-10-25,9,2,7
2014-10-25,17,8,9
2014-10-25,3,1,2
2014-10-25,13,8,5
2014-10-25,5,1,4
2014-10-25,9,2,7
2014-10-25,7,1,6
2014-10-25,9,4,5
2014-10-25,8,5,3
2014-10-25,5,1,4
2014-10-25,4,0,4
2014-10-25,0,0,0
2014-10-25,8,5,3
2014-10-26,1,1,0
2014-10-26,1,1,0
2014-10-26,0,0,0
2014-10-26,0,0,0
2014-10-26,0,0,0
2014-10-26,0,0,0
2014-10-26,3,0,3
2014-10-26,3,1,2
2014-10-26,4,0,4
2014-10-26,16,4,12
2014-10-26,11,6,5
2014-10-26,14,6,8
2014-10-26,9,3,6
2014-10-26,10,5,5
2014-10-26,11,10,1
2014-10-26,20,6,14
2014-10-26,17,4,13
2014-10-26,6,4,2
2014-10-26,12,4,8
2014-10-26,8,3,5
2014-10-26,5,2,3
2014-10-26,0,0,0
2014-10-26,0,0,0
2014-10-26,0,0,0
2014-10-27,0,0,0
2014-10-27,1,1,0
2014-10-27,0,0,0
2014-10-27,0,0,0
2014-10-27,0,0,0
2014-10-27,8,0,8
2014-10-27,14,2,12
2014-10-27,39,8,31
2014-10-27,46,4,42
2014-10-27,34,0,34
2014-10-27,10,2,8
2014-10-27,18,0,18
2014-10-27,13,2,11
2014-10-27,17,10,7
2014-10-27,18,8,10
2014-10-27,19,13,6
2014-10-27,36,19,17
2014-10-27,40,35,5
2014-10-27,25,15,10
2014-10-27,15,8,7
2014-10-27,10,7,3
2014-10-27,6,3,3
2014-10-27,5,3,2
2014-10-27,0,0,0
2014-10-28,1,1,0
2014-10-28,0,0,0
2014-10-28,0,0,0
2014-10-28,0,0,0
2014-10-28,0,0,0
2014-10-28,8,2,6
2014-10-28,13,0,13
2014-10-28,29,4,25
2014-10-28,24,0,24
2014-10-28,25,0,25
2014-10-28,20,4,16
2014-10-28,13,1,12
2014-10-28,8,4,4
2014-10-28,5,1,4
2014-10-28,10,5,5
2014-10-28,21,11,10
2014-10-28,20,12,8
2014-10-28,34,30,4
2014-10-28,28,16,12
2014-10-28,16,6,10
2014-10-28,13,3,10
2014-10-28,1,0,1
2014-10-28,4,2,2
2014-10-28,0,0,0
2014-10-29,1,1,0
2014-10-29,0,0,0
2014-10-29,0,0,0
2014-10-29,0,0,0
2014-10-29,0,0,0
2014-10-29,7,0,7
2014-10-29,13,0,13
2014-10-29,45,7,38
2014-10-29,34,4,30
2014-10-29,34,0,34
2014-10-29,18,4,14
2014-10-29,9,3,6
2014-10-29,14,8,6
2014-10-29,13,6,7
2014-10-29,23,11,12
2014-10-29,8,8,0
2014-10-29,27,20,7
2014-10-29,44,32,12
2014-10-29,32,21,11
2014-10-29,12,8,4
2014-10-29,6,4,2
2014-10-29,6,6,0
2014-10-29,3,3,0
2014-10-29,4,2,2
2014-10-30,1,1,0
2014-10-30,1,1,0
2014-10-30,0,0,0
2014-10-30,0,0,0
2014-10-30,0,0,0
2014-10-30,6,0,6
2014-10-30,15,2,13
2014-10-30,31,6,25
2014-10-30,40,2,38
2014-10-30,23,2,21
2014-10-30,16,1,15
2014-10-30,9,1,8
2014-10-30,9,6,3
2014-10-30,8,4,4
2014-10-30,9,5,4
2014-10-30,13,9,4
2014-10-30,24,16,8
2014-10-30,28,21,7
2014-10-30,18,14,4
2014-10-30,19,8,11
2014-10-30,9,5,4
2014-10-30,3,0,3
2014-10-30,2,2,0
2014-10-30,0,0,0
2014-10-31,0,0,0
2014-10-31,0,0,0
2014-10-31,0,0,0
2014-10-31,0,0,0
2014-10-31,0,0,0
2014-10-31,6,0,6
2014-10-31,12,2,10
2014-10-31,22,1,21
2014-10-31,36,1,35
2014-10-31,14,0,14
2014-10-31,14,0,14
2014-10-31,6,2,4
2014-10-31,4,1,3
2014-10-31,14,2,12
2014-10-31,8,0,8
2014-10-31,23,12,11
2014-10-31,23,11,12
2014-10-31,28,18,10
2014-10-31,15,11,4
2014-10-31,6,4,2
2014-10-31,12,4,8
2014-10-31,3,1,2
2014-10-31,8,2,6
2014-10-31,2,0,2
2014-11-01,1,1,0
2014-11-01,1,1,0
2014-11-01,0,0,0
2014-11-01,0,0,0
2014-11-01,2,0,2
2014-11-01,0,0,0
2014-11-01,4,0,4
2014-11-01,3,2,1
2014-11-01,11,2,9
2014-11-01,9,1,8
2014-11-01,21,6,15
2014-11-01,12,3,9
2014-11-01,25,5,20
2014-11-01,13,5,8
2014-11-01,12,7,5
2014-11-01,10,7,3
2014-11-01,9,8,1
2014-11-01,8,2,6
2014-11-01,9,4,5
2014-11-01,3,3,0
2014-11-01,8,2,6
2014-11-01,2,0,2
2014-11-01,4,2,2
2014-11-01,6,1,5
2014-11-02,1,1,0
2014-11-02,0,0,0
2014-11-02,0,0,0
2014-11-02,0,0,0
2014-11-02,0,0,0
2014-11-02,0,0,0
2014-11-02,0,0,0
2014-11-02,5,0,5
2014-11-02,13,2,11
2014-11-02,17,9,8
2014-11-02,18,6,12
2014-11-02,22,8,14
2014-11-02,19,11,8
2014-11-02,18,9,9
2014-11-02,10,7,3
2014-11-02,12,6,6
2014-11-02,8,3,5
2014-11-02,4,2,2
2014-11-02,7,7,0
2014-11-02,2,0,2
2014-11-02,4,2,2
2014-11-02,2,2,0
2014-11-02,1,1,0
2014-11-02,1,1,0
2014-11-03,1,1,0
2014-11-03,0,0,0
2014-11-03,3,0,3
2014-11-03,0,0,0
2014-11-03,0,0,0
2014-11-03,7,0,7
2014-11-03,11,3,8
2014-11-03,38,3,35
2014-11-03,39,1,38
2014-11-03,22,0,22
2014-11-03,18,2,16
2014-11-03,14,4,10
2014-11-03,9,1,8
2014-11-03,17,1,16
2014-11-03,8,5,3
2014-11-03,18,13,5
2014-11-03,26,16,10
2014-11-03,34,27,7
2014-11-03,14,12,2
2014-11-03,6,4,2
2014-11-03,11,4,7
2014-11-03,4,2,2
2014-11-03,2,1,1
2014-11-03,1,1,0
2014-11-04,2,2,0
2014-11-04,0,0,0
2014-11-04,0,0,0
2014-11-04,0,0,0
2014-11-04,1,0,1
2014-11-04,6,0,6
2014-11-04,12,0,12
2014-11-04,34,3,31
2014-11-04,50,0,50
2014-11-04,28,1,27
2014-11-04,20,5,15
2014-11-04,14,5,9
2014-11-04,14,2,12
2014-11-04,9,2,7
2014-11-04,9,6,3
2014-11-04,17,12,5
2014-11-04,25,12,13
2014-11-04,34,24,10
2014-11-04,19,16,3
2014-11-04,14,7,7
2014-11-04,7,3,4
2014-11-04,4,4,0
2014-11-04,3,3,0
2014-11-04,1,1,0
2014-11-05,1,1,0
2014-11-05,0,0,0
2014-11-05,0,0,0
2014-11-05,0,0,0
2014-11-05,2,0,2
2014-11-05,5,1,4
2014-11-05,11,0,11
2014-11-05,31,5,26
2014-11-05,42,3,39
2014-11-05,37,3,34
2014-11-05,14,5,9
2014-11-05,15,6,9
2014-11-05,2,2,0
2014-11-05,7,5,2
2014-11-05,5,2,3
2014-11-05,11,8,3
2014-11-05,21,15,6
2014-11-05,35,27,8
2014-11-05,18,13,5
2014-11-05,15,11,4
2014-11-05,10,4,6
2014-11-05,3,3,0
2014-11-05,2,2,0
2014-11-05,0,0,0
2014-11-06,1,1,0
2014-11-06,1,1,0
2014-11-06,0,0,0
2014-11-06,0,0,0
2014-11-06,2,0,2
2014-11-06,2,0,2
2014-11-06,11,1,10
2014-11-06,27,6,21
2014-11-06,20,0,20
2014-11-06,21,2,19
2014-11-06,13,2,11
2014-11-06,5,0,5
2014-11-06,9,4,5
2014-11-06,14,5,9
2014-11-06,12,5,7
2014-11-06,15,6,9
2014-11-06,17,9,8
2014-11-06,26,21,5
2014-11-06,22,12,10
2014-11-06,7,6,1
2014-11-06,6,6,0
2014-11-06,9,4,5
2014-11-06,3,3,0
2014-11-06,8,1,7
2014-11-07,0,0,0
2014-11-07,0,0,0
2014-11-07,0,0,0
2014-11-07,0,0,0
2014-11-07,0,0,0
2014-11-07,6,0,6
2014-11-07,10,1,9
2014-11-07,35,0,35
2014-11-07,27,2,25
2014-11-07,42,1,41
2014-11-07,18,3,15
2014-11-07,7,1,6
2014-11-07,14,4,10
2014-11-07,6,2,4
2014-11-07,16,7,9
2014-11-07,23,13,10
2014-11-07,30,19,11
2014-11-07,38,25,13
2014-11-07,29,20,9
2014-11-07,12,4,8
2014-11-07,13,8,5
2014-11-07,12,5,7
2014-11-07,1,0,1
2014-11-07,5,3,2
2014-11-08,4,0,4
2014-11-08,0,0,0
2014-11-08,1,1,0
2014-11-08,0,0,0
2014-11-08,0,0,0
2014-11-08,1,0,1
2014-11-08,6,1,5
2014-11-08,5,2,3
2014-11-08,9,3,6
2014-11-08,12,3,9
2014-11-08,13,6,7
2014-11-08,36,12,24
2014-11-08,11,4,7
2014-11-08,21,14,7
2014-11-08,16,8,8
2014-11-08,17,6,11
2014-11-08,16,5,11
2014-11-08,7,5,2
2014-11-08,6,2,4
2014-11-08,4,2,2
2014-11-08,5,4,1
2014-11-08,4,2,2
2014-11-08,2,0,2
2014-11-08,0,0,0
2014-11-09,4,1,3
2014-11-09,0,0,0
2014-11-09,0,0,0
2014-11-09,0,0,0
2014-11-09,0,0,0
2014-11-09,2,0,2
2014-11-09,2,0,2
2014-11-09,0,0,0
2014-11-09,7,1,6
2014-11-09,3,0,3
2014-11-09,1,1,0
2014-11-09,11,2,9
2014-11-09,1,1,0
2014-11-09,11,6,5
2014-11-09,8,4,4
2014-11-09,10,2,8
2014-11-09,7,4,3
2014-11-09,2,2,0
2014-11-09,10,3,7
2014-11-09,7,2,5
2014-11-09,2,1,1
2014-11-09,0,0,0
2014-11-09,4,1,3
2014-11-09,0,0,0
2014-11-10,1,1,0
2014-11-10,0,0,0
2014-11-10,0,0,0
2014-11-10,0,0,0
2014-11-10,0,0,0
2014-11-10,6,1,5
2014-11-10,18,1,17
2014-11-10,37,2,35
2014-11-10,39,5,34
2014-11-10,31,0,31
2014-11-10,19,1,18
2014-11-10,13,4,9
2014-11-10,7,4,3
2014-11-10,14,5,9
2014-11-10,16,9,7
2014-11-10,11,8,3
2014-11-10,31,19,12
2014-11-10,44,31,13
2014-11-10,20,18,2
2014-11-10,12,11,1
2014-11-10,7,5,2
2014-11-10,4,3,1
2014-11-10,2,1,1
2014-11-10,0,0,0
2014-11-11,2,2,0
2014-11-11,4,0,4
2014-11-11,0,0,0
2014-11-11,0,0,0
2014-11-11,0,0,0
2014-11-11,4,0,4
2014-11-11,11,3,8
2014-11-11,33,5,28
2014-11-11,18,1,17
2014-11-11,18,4,14
2014-11-11,14,3,11
2014-11-11,17,5,12
2014-11-11,9,4,5
2014-11-11,17,3,14
2014-11-11,18,6,12
2014-11-11,15,7,8
2014-11-11,16,9,7
2014-11-11,21,19,2
2014-11-11,13,11,2
2014-11-11,7,7,0
2014-11-11,2,2,0
2014-11-11,0,0,0
2014-11-11,0,0,0
2014-11-11,2,2,0
2014-11-12,0,0,0
2014-11-12,1,1,0
2014-11-12,0,0,0
2014-11-12,0,0,0
2014-11-12,2,0,2
2014-11-12,4,0,4
2014-11-12,9,3,6
2014-11-12,22,3,19
2014-11-12,37,3,34
2014-11-12,44,3,41
2014-11-12,13,3,10
2014-11-12,13,4,9
2014-11-12,13,5,8
2014-11-12,10,4,6
2014-11-12,7,6,1
2014-11-12,17,3,14
2014-11-12,22,15,7
2014-11-12,33,25,8
2014-11-12,31,24,7
2014-11-12,14,14,0
2014-11-12,10,6,4
2014-11-12,7,3,4
2014-11-12,2,2,0
2014-11-12,0,0,0
2014-11-13,1,1,0
2014-11-13,0,0,0
2014-11-13,0,0,0
2014-11-13,0,0,0
2014-11-13,0,0,0
2014-11-13,6,1,5
2014-11-13,13,2,11
2014-11-13,32,1,31
2014-11-13,33,2,31
2014-11-13,39,3,36
2014-11-13,18,2,16
2014-11-13,2,2,0
2014-11-13,9,3,6
2014-11-13,7,3,4
2014-11-13,6,1,5
2014-11-13,22,14,8
2014-11-13,20,12,8
2014-11-13,31,24,7
2014-11-13,16,16,0
2014-11-13,13,7,6
2014-11-13,5,5,0
2014-11-13,8,5,3
2014-11-13,2,2,0
2014-11-13,3,0,3
2014-11-14,3,0,3
2014-11-14,0,0,0
2014-11-14,0,0,0
2014-11-14,0,0,0
2014-11-14,0,0,0
2014-11-14,5,2,3
2014-11-14,8,1,7
2014-11-14,22,1,21
2014-11-14,31,1,30
2014-11-14,33,5,28
2014-11-14,13,0,13
2014-11-14,12,3,9
2014-11-14,10,3,7
2014-11-14,11,7,4
2014-11-14,17,9,8
2014-11-14,22,7,15
2014-11-14,13,12,1
2014-11-14,27,21,6
2014-11-14,15,11,4
2014-11-14,6,6,0
2014-11-14,5,2,3
2014-11-14,2,0,2
2014-11-14,2,2,0
2014-11-14,0,0,0
2014-11-15,3,0,3
2014-11-15,0,0,0
2014-11-15,0,0,0
2014-11-15,0,0,0
2014-11-15,0,0,0
2014-11-15,1,0,1
2014-11-15,1,0,1
2014-11-15,2,2,0
2014-11-15,3,0,3
2014-11-15,10,7,3
2014-11-15,17,5,12
2014-11-15,15,6,9
2014-11-15,13,11,2
2014-11-15,9,5,4
2014-11-15,14,5,9
2014-11-15,16,10,6
2014-11-15,13,5,8
2014-11-15,9,4,5
2014-11-15,3,1,2
2014-11-15,4,2,2
2014-11-15,4,0,4
2014-11-15,2,2,0
2014-11-15,0,0,0
2014-11-15,3,1,2
2014-11-16,0,0,0
2014-11-16,0,0,0
2014-11-16,0,0,0
2014-11-16,0,0,0
2014-11-16,0,0,0
2014-11-16,0,0,0
2014-11-16,2,0,2
2014-11-16,0,0,0
2014-11-16,2,0,2
2014-11-16,8,3,5
2014-11-16,10,2,8
2014-11-16,9,3,6
2014-11-16,12,4,8
2014-11-16,18,7,11
2014-11-16,7,2,5
2014-11-16,11,7,4
2014-11-16,12,10,2
2014-11-16,14,6,8
2014-11-16,4,2,2
2014-11-16,3,1,2
2014-11-16,3,2,1
2014-11-16,2,0,2
2014-11-16,1,1,0
2014-11-16,0,0,0
2014-11-17,1,1,0
2014-11-17,3,0,3
2014-11-17,0,0,0
2014-11-17,0,0,0
2014-11-17,0,0,0
2014-11-17,4,0,4
2014-11-17,13,1,12
2014-11-17,27,4,23
2014-11-17,32,2,30
2014-11-17,30,4,26
2014-11-17,18,5,13
2014-11-17,10,2,8
2014-11-17,13,1,12
2014-11-17,12,6,6
2014-11-17,24,8,16
2014-11-17,20,10,10
2014-11-17,20,13,7
2014-11-17,42,29,13
2014-11-17,28,22,6
2014-11-17,14,10,4
2014-11-17,9,4,5
2014-11-17,4,2,2
2014-11-17,4,4,0
2014-11-17,0,0,0
2014-11-18,2,2,0
2014-11-18,0,0,0
2014-11-18,0,0,0
2014-11-18,0,0,0
2014-11-18,0,0,0
2014-11-18,10,0,10
2014-11-18,17,6,11
2014-11-18,34,1,33
2014-11-18,31,1,30
2014-11-18,23,4,19
2014-11-18,23,2,21
2014-11-18,11,2,9
2014-11-18,9,3,6
2014-11-18,8,1,7
2014-11-18,11,9,2
2014-11-18,18,7,11
2014-11-18,17,14,3
2014-11-18,37,29,8
2014-11-18,16,15,1
2014-11-18,12,11,1
2014-11-18,8,6,2
2014-11-18,6,2,4
2014-11-18,5,2,3
2014-11-18,1,1,0
2014-11-19,2,2,0
2014-11-19,0,0,0
2014-11-19,0,0,0
2014-11-19,0,0,0
2014-11-19,0,0,0
2014-11-19,7,0,7
2014-11-19,14,1,13
2014-11-19,29,1,28
2014-11-19,34,0,34
2014-11-19,28,1,27
2014-11-19,9,2,7
2014-11-19,11,2,9
2014-11-19,9,3,6
2014-11-19,10,4,6
2014-11-19,14,4,10
2014-11-19,11,5,6
2014-11-19,12,9,3
2014-11-19,31,22,9
2014-11-19,22,18,4
2014-11-19,14,12,2
2014-11-19,8,4,4
2014-11-19,10,6,4
2014-11-19,2,2,0
2014-11-19,0,0,0
2014-11-20,4,1,3
2014-11-20,0,0,0
2014-11-20,0,0,0
2014-11-20,0,0,0
2014-11-20,0,0,0
2014-11-20,8,3,5
2014-11-20,22,4,18
2014-11-20,36,4,32
2014-11-20,39,3,36
2014-11-20,35,3,32
2014-11-20,20,1,19
2014-11-20,5,3,2
2014-11-20,7,0,7
2014-11-20,12,9,3
2014-11-20,12,6,6
2014-11-20,14,10,4
2014-11-20,23,20,3
2014-11-20,22,18,4
2014-11-20,26,19,7
2014-11-20,17,12,5
2014-11-20,7,3,4
2014-11-20,14,5,9
2014-11-20,1,1,0
2014-11-20,3,3,0
2014-11-21,4,0,4
2014-11-21,2,0,2
2014-11-21,0,0,0
2014-11-21,0,0,0
2014-11-21,2,0,2
2014-11-21,2,0,2
2014-11-21,6,2,4
2014-11-21,19,1,18
2014-11-21,26,3,23
2014-11-21,22,2,20
2014-11-21,19,2,17
2014-11-21,13,4,9
2014-11-21,12,3,9
2014-11-21,6,1,5
2014-11-21,7,3,4
2014-11-21,7,4,3
2014-11-21,12,8,4
2014-11-21,17,13,4
2014-11-21,16,13,3
2014-11-21,13,8,5
2014-11-21,5,5,0
2014-11-21,11,7,4
2014-11-21,2,2,0
2014-11-21,6,0,6
2014-11-22,0,0,0
2014-11-22,0,0,0
2014-11-22,0,0,0
2014-11-22,0,0,0
2014-11-22,0,0,0
2014-11-22,2,0,2
2014-11-22,4,0,4
2014-11-22,0,0,0
2014-11-22,6,1,5
2014-11-22,10,6,4
2014-11-22,16,3,13
2014-11-22,17,2,15
2014-11-22,8,5,3
2014-11-22,11,5,6
2014-11-22,25,4,21
2014-11-22,11,4,7
2014-11-22,12,5,7
2014-11-22,8,4,4
2014-11-22,10,6,4
2014-11-22,10,6,4
2014-11-22,3,1,2
2014-11-22,1,1,0
2014-11-22,2,0,2
2014-11-22,3,1,2
2014-11-23,1,1,0
2014-11-23,4,0,4
2014-11-23,0,0,0
2014-11-23,2,2,0
2014-11-23,0,0,0
2014-11-23,0,0,0
2014-11-23,4,0,4
2014-11-23,1,1,0
2014-11-23,3,0,3
2014-11-23,1,1,0
2014-11-23,11,4,7
2014-11-23,16,4,12
2014-11-23,14,3,11
2014-11-23,22,4,18
2014-11-23,10,4,6
2014-11-23,14,8,6
2014-11-23,8,3,5
2014-11-23,8,5,3
2014-11-23,8,4,4
2014-11-23,4,2,2
2014-11-23,3,1,2
2014-11-23,0,0,0
2014-11-23,0,0,0
2014-11-23,1,1,0
2014-11-24,1,1,0
2014-11-24,0,0,0
2014-11-24,0,0,0
2014-11-24,0,0,0
2014-11-24,0,0,0
2014-11-24,3,2,1
2014-11-24,14,3,11
2014-11-24,28,5,23
2014-11-24,30,3,27
2014-11-24,33,7,26
2014-11-24,11,0,11
2014-11-24,13,2,11
2014-11-24,2,0,2
2014-11-24,12,3,9
2014-11-24,12,0,12
2014-11-24,11,5,6
2014-11-24,28,18,10
2014-11-24,22,17,5
2014-11-24,20,13,7
2014-11-24,11,11,0
2014-11-24,6,4,2
2014-11-24,4,3,1
2014-11-24,3,3,0
2014-11-24,3,0,3
2014-11-25,1,1,0
2014-11-25,0,0,0
2014-11-25,0,0,0
2014-11-25,0,0,0
2014-11-25,0,0,0
2014-11-25,8,1,7
2014-11-25,17,2,15
2014-11-25,22,4,18
2014-11-25,14,0,14
2014-11-25,12,1,11
2014-11-25,16,1,15
2014-11-25,16,5,11
2014-11-25,9,5,4
2014-11-25,9,0,9
2014-11-25,10,3,7
2014-11-25,17,7,10
2014-11-25,12,9,3
2014-11-25,17,11,6
2014-11-25,16,16,0
2014-11-25,18,10,8
2014-11-25,6,3,3
2014-11-25,5,1,4
2014-11-25,2,2,0
2014-11-25,0,0,0
2014-11-26,1,1,0
2014-11-26,0,0,0
2014-11-26,0,0,0
2014-11-26,0,0,0
2014-11-26,0,0,0
2014-11-26,8,2,6
2014-11-26,7,1,6
2014-11-26,14,1,13
2014-11-26,22,0,22
2014-11-26,19,6,13
2014-11-26,9,3,6
2014-11-26,12,2,10
2014-11-26,14,1,13
2014-11-26,10,7,3
2014-11-26,5,1,4
2014-11-26,7,4,3
2014-11-26,20,12,8
2014-11-26,14,12,2
2014-11-26,13,12,1
2014-11-26,7,4,3
2014-11-26,6,2,4
2014-11-26,2,2,0
2014-11-26,3,3,0
2014-11-26,0,0,0
2014-11-27,1,1,0
2014-11-27,0,0,0
2014-11-27,0,0,0
2014-11-27,0,0,0
2014-11-27,0,0,0
2014-11-27,4,0,4
2014-11-27,4,0,4
2014-11-27,1,1,0
2014-11-27,2,0,2
2014-11-27,13,1,12
2014-11-27,8,5,3
2014-11-27,9,7,2
2014-11-27,5,2,3
2014-11-27,12,5,7
2014-11-27,8,3,5
2014-11-27,10,1,9
2014-11-27,4,0,4
2014-11-27,2,0,2
2014-11-27,1,0,1
2014-11-27,1,1,0
2014-11-27,4,4,0
2014-11-27,4,2,2
2014-11-27,10,3,7
2014-11-27,3,0,3
2014-11-28,0,0,0
2014-11-28,0,0,0
2014-11-28,0,0,0
2014-11-28,0,0,0
2014-11-28,0,0,0
2014-11-28,1,0,1
2014-11-28,2,0,2
2014-11-28,4,0,4
2014-11-28,0,0,0
2014-11-28,6,1,5
2014-11-28,2,1,1
2014-11-28,7,1,6
2014-11-28,3,0,3
2014-11-28,5,2,3
2014-11-28,8,4,4
2014-11-28,7,4,3
2014-11-28,4,1,3
2014-11-28,2,0,2
2014-11-28,0,0,0
2014-11-28,4,1,3
2014-11-28,2,0,2
2014-11-28,7,2,5
2014-11-28,3,0,3
2014-11-28,4,0,4
2014-11-29,0,0,0
2014-11-29,0,0,0
2014-11-29,0,0,0
2014-11-29,3,0,3
2014-11-29,0,0,0
2014-11-29,0,0,0
2014-11-29,2,0,2
2014-11-29,0,0,0
2014-11-29,4,1,3
2014-11-29,5,3,2
2014-11-29,6,1,5
2014-11-29,10,2,8
2014-11-29,6,2,4
2014-11-29,5,3,2
2014-11-29,2,1,1
2014-11-29,12,3,9
2014-11-29,8,4,4
2014-11-29,4,2,2
2014-11-29,1,1,0
2014-11-29,5,3,2
2014-11-29,0,0,0
2014-11-29,6,2,4
2014-11-29,2,0,2
2014-11-29,4,0,4
2014-11-30,4,1,3
2014-11-30,0,0,0
2014-11-30,1,1,0
2014-11-30,0,0,0
2014-11-30,0,0,0
2014-11-30,2,0,2
2014-11-30,5,5,0
2014-11-30,2,2,0
2014-11-30,5,2,3
2014-11-30,8,0,8
2014-11-30,6,2,4
2014-11-30,9,4,5
2014-11-30,10,2,8
2014-11-30,24,9,15
2014-11-30,14,7,7
2014-11-30,11,7,4
2014-11-30,10,4,6
2014-11-30,2,2,0
2014-11-30,12,0,12
2014-11-30,2,2,0
2014-11-30,6,0,6
2014-11-30,2,2,0
2014-11-30,0,0,0
2014-11-30,0,0,0
2014-12-01,2,2,0
2014-12-01,0,0,0
2014-12-01,0,0,0
2014-12-01,0,0,0
2014-12-01,0,0,0
2014-12-01,4,0,4
2014-12-01,17,3,14
2014-12-01,19,3,16
2014-12-01,23,1,22
2014-12-01,19,2,17
2014-12-01,19,2,17
2014-12-01,13,3,10
2014-12-01,13,1,12
2014-12-01,9,5,4
2014-12-01,17,10,7
2014-12-01,16,8,8
2014-12-01,22,14,8
2014-12-01,19,15,4
2014-12-01,19,19,0
2014-12-01,15,8,7
2014-12-01,4,2,2
2014-12-01,2,2,0
2014-12-01,1,1,0
2014-12-01,0,0,0
2014-12-02,1,1,0
2014-12-02,2,0,2
2014-12-02,0,0,0
2014-12-02,0,0,0
2014-12-02,0,0,0
2014-12-02,3,0,3
2014-12-02,12,0,12
2014-12-02,22,5,17
2014-12-02,20,2,18
2014-12-02,26,4,22
2014-12-02,6,0,6
2014-12-02,14,2,12
2014-12-02,9,1,8
2014-12-02,3,2,1
2014-12-02,12,6,6
2014-12-02,17,5,12
2014-12-02,29,18,11
2014-12-02,36,20,16
2014-12-02,20,14,6
2014-12-02,11,10,1
2014-12-02,6,1,5
2014-12-02,5,2,3
2014-12-02,4,2,2
2014-12-02,0,0,0
2014-12-03,2,2,0
2014-12-03,0,0,0
2014-12-03,0,0,0
2014-12-03,0,0,0
2014-12-03,0,0,0
2014-12-03,8,1,7
2014-12-03,5,1,4
2014-12-03,24,2,22
2014-12-03,43,8,35
2014-12-03,30,1,29
2014-12-03,20,4,16
2014-12-03,6,1,5
2014-12-03,10,0,10
2014-12-03,7,2,5
2014-12-03,12,1,11
2014-12-03,17,9,8
2014-12-03,23,14,9
2014-12-03,26,17,9
2014-12-03,22,15,7
2014-12-03,15,12,3
2014-12-03,7,5,2
2014-12-03,8,6,2
2014-12-03,3,1,2
2014-12-03,0,0,0
2014-12-04,5,2,3
2014-12-04,3,0,3
2014-12-04,0,0,0
2014-12-04,0,0,0
2014-12-04,0,0,0
2014-12-04,10,1,9
2014-12-04,19,3,16
2014-12-04,27,5,22
2014-12-04,37,4,33
2014-12-04,26,0,26
2014-12-04,17,0,17
2014-12-04,12,3,9
2014-12-04,8,0,8
2014-12-04,7,5,2
2014-12-04,18,5,13
2014-12-04,9,5,4
2014-12-04,24,13,11
2014-12-04,32,25,7
2014-12-04,13,10,3
2014-12-04,8,5,3
2014-12-04,10,4,6
2014-12-04,8,4,4
2014-12-04,2,2,0
2014-12-04,5,2,3
2014-12-05,1,1,0
2014-12-05,1,1,0
2014-12-05,0,0,0
2014-12-05,0,0,0
2014-12-05,0,0,0
2014-12-05,7,0,7
2014-12-05,15,5,10
2014-12-05,26,3,23
2014-12-05,21,1,20
2014-12-05,17,1,16
2014-12-05,8,3,5
2014-12-05,10,2,8
2014-12-05,10,1,9
2014-12-05,14,4,10
2014-12-05,12,8,4
2014-12-05,20,13,7
2014-12-05,14,11,3
2014-12-05,27,15,12
2014-12-05,16,13,3
2014-12-05,7,7,0
2014-12-05,2,1,1
2014-12-05,4,4,0
2014-12-05,1,1,0
2014-12-05,5,2,3
2014-12-06,3,1,2
2014-12-06,0,0,0
2014-12-06,1,1,0
2014-12-06,0,0,0
2014-12-06,0,0,0
2014-12-06,0,0,0
2014-12-06,3,1,2
2014-12-06,0,0,0
2014-12-06,9,1,8
2014-12-06,12,6,6
2014-12-06,10,0,10
2014-12-06,10,1,9
2014-12-06,10,3,7
2014-12-06,16,4,12
2014-12-06,12,4,8
2014-12-06,13,5,8
2014-12-06,12,5,7
2014-12-06,9,5,4
2014-12-06,12,3,9
2014-12-06,12,6,6
2014-12-06,7,1,6
2014-12-06,6,0,6
2014-12-06,5,5,0
2014-12-06,4,2,2
2014-12-07,5,3,2
2014-12-07,1,1,0
2014-12-07,3,1,2
2014-12-07,2,0,2
2014-12-07,0,0,0
2014-12-07,2,0,2
2014-12-07,3,0,3
2014-12-07,3,0,3
2014-12-07,4,2,2
2014-12-07,7,1,6
2014-12-07,6,3,3
2014-12-07,16,7,9
2014-12-07,22,8,14
2014-12-07,9,2,7
2014-12-07,8,2,6
2014-12-07,12,2,10
2014-12-07,10,6,4
2014-12-07,5,3,2
2014-12-07,9,0,9
2014-12-07,4,2,2
2014-12-07,2,0,2
2014-12-07,3,1,2
2014-12-07,0,0,0
2014-12-07,1,1,0
2014-12-08,1,1,0
2014-12-08,0,0,0
2014-12-08,0,0,0
2014-12-08,0,0,0
2014-12-08,0,0,0
2014-12-08,5,1,4
2014-12-08,14,2,12
2014-12-08,28,3,25
2014-12-08,43,1,42
2014-12-08,29,2,27
2014-12-08,13,1,12
2014-12-08,10,1,9
2014-12-08,3,3,0
2014-12-08,11,2,9
2014-12-08,8,3,5
2014-12-08,9,4,5
2014-12-08,15,12,3
2014-12-08,37,23,14
2014-12-08,22,13,9
2014-12-08,4,4,0
2014-12-08,7,4,3
2014-12-08,2,2,0
2014-12-08,3,3,0
2014-12-08,5,2,3
2014-12-09,3,1,2
2014-12-09,0,0,0
2014-12-09,0,0,0
2014-12-09,0,0,0
2014-12-09,0,0,0
2014-12-09,6,0,6
2014-12-09,14,3,11
2014-12-09,19,1,18
2014-12-09,23,3,20
2014-12-09,18,0,18
2014-12-09,18,4,14
2014-12-09,11,2,9
2014-12-09,5,1,4
2014-12-09,10,3,7
2014-12-09,7,3,4
2014-12-09,10,7,3
2014-12-09,12,10,2
2014-12-09,42,32,10
2014-12-09,15,12,3
2014-12-09,17,10,7
2014-12-09,11,7,4
2014-12-09,11,4,7
2014-12-09,3,3,0
2014-12-09,1,1,0
2014-12-10,0,0,0
2014-12-10,0,0,0
2014-12-10,0,0,0
2014-12-10,0,0,0
2014-12-10,0,0,0
2014-12-10,10,1,9
2014-12-10,10,1,9
2014-12-10,26,7,19
2014-12-10,38,2,36
2014-12-10,22,2,20
2014-12-10,8,1,7
2014-12-10,10,4,6
2014-12-10,8,1,7
2014-12-10,7,2,5
2014-12-10,10,6,4
2014-12-10,15,8,7
2014-12-10,15,10,5
2014-12-10,24,15,9
2014-12-10,21,17,4
2014-12-10,8,8,0
2014-12-10,6,4,2
2014-12-10,8,3,5
2014-12-10,0,0,0
2014-12-10,2,2,0
2014-12-11,0,0,0
2014-12-11,1,1,0
2014-12-11,0,0,0
2014-12-11,0,0,0
2014-12-11,0,0,0
2014-12-11,5,0,5
2014-12-11,13,3,10
2014-12-11,14,0,14
2014-12-11,28,1,27
2014-12-11,24,0,24
2014-12-11,11,4,7
2014-12-11,8,4,4
2014-12-11,18,4,14
2014-12-11,14,3,11
2014-12-11,3,1,2
2014-12-11,9,9,0
2014-12-11,19,13,6
2014-12-11,20,16,4
2014-12-11,18,13,5
2014-12-11,13,9,4
2014-12-11,1,1,0
2014-12-11,10,3,7
2014-12-11,2,2,0
2014-12-11,2,2,0
2014-12-12,2,2,0
2014-12-12,0,0,0
2014-12-12,0,0,0
2014-12-12,1,0,1
2014-12-12,0,0,0
2014-12-12,9,2,7
2014-12-12,6,0,6
2014-12-12,22,0,22
2014-12-12,19,0,19
2014-12-12,23,0,23
2014-12-12,2,0,2
2014-12-12,7,4,3
2014-12-12,19,11,8
2014-12-12,9,4,5
2014-12-12,13,5,8
2014-12-12,22,15,7
2014-12-12,21,11,10
2014-12-12,25,12,13
2014-12-12,17,12,5
2014-12-12,18,7,11
2014-12-12,2,2,0
2014-12-12,5,5,0
2014-12-12,2,2,0
2014-12-12,0,0,0
2014-12-13,2,0,2
2014-12-13,0,0,0
2014-12-13,0,0,0
2014-12-13,2,0,2
2014-12-13,0,0,0
2014-12-13,0,0,0
2014-12-13,4,2,2
2014-12-13,2,0,2
2014-12-13,8,1,7
2014-12-13,9,1,8
2014-12-13,15,3,12
2014-12-13,12,2,10
2014-12-13,20,6,14
2014-12-13,15,8,7
2014-12-13,20,7,13
2014-12-13,9,4,5
2014-12-13,16,5,11
2014-12-13,12,3,9
2014-12-13,9,3,6
2014-12-13,4,1,3
2014-12-13,4,2,2
2014-12-13,0,0,0
2014-12-13,1,0,1
2014-12-13,2,2,0
2014-12-14,2,0,2
2014-12-14,2,1,1
2014-12-14,0,0,0
2014-12-14,0,0,0
2014-12-14,0,0,0
2014-12-14,4,0,4
2014-12-14,2,0,2
2014-12-14,7,0,7
2014-12-14,8,2,6
2014-12-14,5,3,2
2014-12-14,11,2,9
2014-12-14,12,10,2
2014-12-14,12,0,12
2014-12-14,9,5,4
2014-12-14,20,8,12
2014-12-14,8,0,8
2014-12-14,13,6,7
2014-12-14,11,3,8
2014-12-14,9,2,7
2014-12-14,9,1,8
2014-12-14,2,0,2
2014-12-14,2,0,2
2014-12-14,1,1,0
2014-12-14,0,0,0
2014-12-15,3,0,3
2014-12-15,0,0,0
2014-12-15,0,0,0
2014-12-15,1,1,0
2014-12-15,0,0,0
2014-12-15,2,1,1
2014-12-15,16,2,14
2014-12-15,27,5,22
2014-12-15,38,8,30
2014-12-15,25,3,22
2014-12-15,12,2,10
2014-12-15,20,7,13
2014-12-15,3,2,1
2014-12-15,13,3,10
2014-12-15,12,4,8
2014-12-15,12,7,5
2014-12-15,31,15,16
2014-12-15,35,26,9
2014-12-15,23,18,5
2014-12-15,12,9,3
2014-12-15,12,5,7
2014-12-15,3,3,0
2014-12-15,4,1,3
2014-12-15,2,0,2
2014-12-16,0,0,0
2014-12-16,0,0,0
2014-12-16,0,0,0
2014-12-16,0,0,0
2014-12-16,0,0,0
2014-12-16,4,1,3
2014-12-16,11,2,9
2014-12-16,36,4,32
2014-12-16,32,4,28
2014-12-16,20,0,20
2014-12-16,16,0,16
2014-12-16,18,7,11
2014-12-16,8,3,5
2014-12-16,14,3,11
2014-12-16,3,1,2
2014-12-16,21,12,9
2014-12-16,26,20,6
2014-12-16,23,19,4
2014-12-16,18,13,5
2014-12-16,7,6,1
2014-12-16,7,2,5
2014-12-16,11,2,9
2014-12-16,2,2,0
2014-12-16,0,0,0
2014-12-17,0,0,0
2014-12-17,0,0,0
2014-12-17,0,0,0
2014-12-17,2,0,2
2014-12-17,0,0,0
2014-12-17,10,3,7
2014-12-17,13,1,12
2014-12-17,16,2,14
2014-12-17,30,6,24
2014-12-17,26,1,25
2014-12-17,4,1,3
2014-12-17,7,2,5
2014-12-17,12,3,9
2014-12-17,16,3,13
2014-12-17,3,1,2
2014-12-17,26,10,16
2014-12-17,17,9,8
2014-12-17,19,15,4
2014-12-17,10,4,6
2014-12-17,17,10,7
2014-12-17,10,2,8
2014-12-17,3,1,2
2014-12-17,9,2,7
2014-12-17,1,1,0
2014-12-18,2,0,2
2014-12-18,0,0,0
2014-12-18,1,1,0
2014-12-18,1,1,0
2014-12-18,0,0,0
2014-12-18,7,0,7
2014-12-18,6,0,6
2014-12-18,21,1,20
2014-12-18,24,1,23
2014-12-18,17,0,17
2014-12-18,7,0,7
2014-12-18,6,1,5
2014-12-18,12,2,10
2014-12-18,10,2,8
2014-12-18,16,3,13
2014-12-18,20,12,8
2014-12-18,22,16,6
2014-12-18,20,15,5
2014-12-18,19,14,5
2014-12-18,15,10,5
2014-12-18,6,1,5
2014-12-18,2,2,0
2014-12-18,3,0,3
2014-12-18,0,0,0
2014-12-19,2,2,0
2014-12-19,0,0,0
2014-12-19,0,0,0
2014-12-19,0,0,0
2014-12-19,0,0,0
2014-12-19,4,0,4
2014-12-19,7,1,6
2014-12-19,12,3,9
2014-12-19,25,3,22
2014-12-19,31,3,28
2014-12-19,8,0,8
2014-12-19,18,6,12
2014-12-19,7,2,5
2014-12-19,10,3,7
2014-12-19,15,6,9
2014-12-19,15,10,5
2014-12-19,24,17,7
2014-12-19,18,9,9
2014-12-19,17,12,5
2014-12-19,12,6,6
2014-12-19,1,0,1
2014-12-19,7,3,4
2014-12-19,3,3,0
2014-12-19,5,3,2
2014-12-20,4,1,3
2014-12-20,0,0,0
2014-12-20,0,0,0
2014-12-20,0,0,0
2014-12-20,0,0,0
2014-12-20,0,0,0
2014-12-20,5,1,4
2014-12-20,2,2,0
2014-12-20,2,0,2
2014-12-20,14,4,10
2014-12-20,11,2,9
2014-12-20,13,2,11
2014-12-20,6,2,4
2014-12-20,15,5,10
2014-12-20,7,2,5
2014-12-20,6,3,3
2014-12-20,11,1,10
2014-12-20,3,3,0
2014-12-20,12,3,9
2014-12-20,0,0,0
2014-12-20,9,1,8
2014-12-20,6,6,0
2014-12-20,7,5,2
2014-12-20,0,0,0
2014-12-21,1,1,0
2014-12-21,2,0,2
2014-12-21,2,0,2
2014-12-21,0,0,0
2014-12-21,0,0,0
2014-12-21,2,0,2
2014-12-21,3,1,2
2014-12-21,0,0,0
2014-12-21,7,3,4
2014-12-21,2,2,0
2014-12-21,4,2,2
2014-12-21,6,4,2
2014-12-21,15,4,11
2014-12-21,13,6,7
2014-12-21,10,3,7
2014-12-21,22,15,7
2014-12-21,8,6,2
2014-12-21,14,11,3
2014-12-21,3,3,0
2014-12-21,8,1,7
2014-12-21,2,0,2
2014-12-21,9,4,5
2014-12-21,1,1,0
2014-12-21,4,1,3
2014-12-22,0,0,0
2014-12-22,0,0,0
2014-12-22,0,0,0
2014-12-22,0,0,0
2014-12-22,0,0,0
2014-12-22,3,1,2
2014-12-22,14,0,14
2014-12-22,31,7,24
2014-12-22,24,2,22
2014-12-22,20,1,19
2014-12-22,11,3,8
2014-12-22,13,3,10
2014-12-22,15,1,14
2014-12-22,12,3,9
2014-12-22,16,9,7
2014-12-22,9,5,4
2014-12-22,18,12,6
2014-12-22,32,22,10
2014-12-22,15,11,4
2014-12-22,15,5,10
2014-12-22,5,3,2
2014-12-22,5,3,2
2014-12-22,7,3,4
2014-12-22,1,1,0
2014-12-23,3,1,2
2014-12-23,0,0,0
2014-12-23,0,0,0
2014-12-23,0,0,0
2014-12-23,0,0,0
2014-12-23,2,0,2
2014-12-23,17,1,16
2014-12-23,14,10,4
2014-12-23,23,1,22
2014-12-23,18,1,17
2014-12-23,21,3,18
2014-12-23,5,3,2
2014-12-23,15,5,10
2014-12-23,17,5,12
2014-12-23,17,6,11
2014-12-23,13,6,7
2014-12-23,24,12,12
2014-12-23,13,11,2
2014-12-23,13,10,3
2014-12-23,3,0,3
2014-12-23,7,4,3
2014-12-23,6,2,4
2014-12-23,2,0,2
2014-12-23,4,2,2
2014-12-24,0,0,0
2014-12-24,0,0,0
2014-12-24,2,0,2
2014-12-24,0,0,0
2014-12-24,0,0,0
2014-12-24,2,0,2
2014-12-24,5,0,5
2014-12-24,7,2,5
2014-12-24,4,0,4
2014-12-24,16,4,12
2014-12-24,10,1,9
2014-12-24,13,5,8
2014-12-24,8,3,5
2014-12-24,7,2,5
2014-12-24,13,8,5
2014-12-24,11,6,5
2014-12-24,12,4,8
2014-12-24,6,4,2
2014-12-24,5,3,2
2014-12-24,0,0,0
2014-12-24,4,0,4
2014-12-24,6,2,4
2014-12-24,7,0,7
2014-12-24,0,0,0
2014-12-25,0,0,0
2014-12-25,0,0,0
2014-12-25,2,0,2
2014-12-25,0,0,0
2014-12-25,0,0,0
2014-12-25,0,0,0
2014-12-25,2,0,2
2014-12-25,4,0,4
2014-12-25,1,0,1
2014-12-25,5,2,3
2014-12-25,2,2,0
2014-12-25,2,2,0
2014-12-25,8,4,4
2014-12-25,9,7,2
2014-12-25,14,10,4
2014-12-25,9,7,2
2014-12-25,6,2,4
2014-12-25,6,3,3
2014-12-25,0,0,0
2014-12-25,0,0,0
2014-12-25,0,0,0
2014-12-25,6,0,6
2014-12-25,0,0,0
2014-12-25,0,0,0
2014-12-26,0,0,0
2014-12-26,3,0,3
2014-12-26,1,1,0
2014-12-26,0,0,0
2014-12-26,0,0,0
2014-12-26,2,0,2
2014-12-26,7,2,5
2014-12-26,6,0,6
2014-12-26,7,2,5
2014-12-26,13,3,10
2014-12-26,14,3,11
2014-12-26,10,4,6
2014-12-26,9,6,3
2014-12-26,20,3,17
2014-12-26,7,4,3
2014-12-26,20,8,12
2014-12-26,9,5,4
2014-12-26,14,6,8
2014-12-26,4,0,4
2014-12-26,5,2,3
2014-12-26,4,0,4
2014-12-26,6,0,6
2014-12-26,0,0,0
2014-12-26,0,0,0
2014-12-27,0,0,0
2014-12-27,1,1,0
2014-12-27,0,0,0
2014-12-27,0,0,0
2014-12-27,0,0,0
2014-12-27,2,0,2
2014-12-27,4,0,4
2014-12-27,4,4,0
2014-12-27,4,1,3
2014-12-27,5,1,4
2014-12-27,5,3,2
2014-12-27,0,0,0
2014-12-27,9,0,9
2014-12-27,9,1,8
2014-12-27,4,2,2
2014-12-27,4,1,3
2014-12-27,1,1,0
2014-12-27,7,2,5
2014-12-27,1,0,1
2014-12-27,0,0,0
2014-12-27,2,0,2
2014-12-27,2,0,2
2014-12-27,0,0,0
2014-12-27,0,0,0
2014-12-28,0,0,0
2014-12-28,0,0,0
2014-12-28,3,0,3
2014-12-28,0,0,0
2014-12-28,0,0,0
2014-12-28,0,0,0
2014-12-28,5,0,5
2014-12-28,0,0,0
2014-12-28,9,2,7
2014-12-28,7,0,7
2014-12-28,11,5,6
2014-12-28,7,5,2
2014-12-28,10,6,4
2014-12-28,16,6,10
2014-12-28,7,4,3
2014-12-28,2,2,0
2014-12-28,5,3,2
2014-12-28,5,3,2
2014-12-28,5,1,4
2014-12-28,13,6,7
2014-12-28,1,1,0
2014-12-28,3,0,3
2014-12-28,4,2,2
2014-12-28,0,0,0
2014-12-29,0,0,0
2014-12-29,0,0,0
2014-12-29,0,0,0
2014-12-29,0,0,0
2014-12-29,0,0,0
2014-12-29,4,0,4
2014-12-29,8,0,8
2014-12-29,12,0,12
2014-12-29,15,0,15
2014-12-29,15,1,14
2014-12-29,14,0,14
2014-12-29,13,5,8
2014-12-29,17,4,13
2014-12-29,11,3,8
2014-12-29,8,4,4
2014-12-29,11,7,4
2014-12-29,12,10,2
2014-12-29,22,18,4
2014-12-29,18,8,10
2014-12-29,5,3,2
2014-12-29,8,5,3
2014-12-29,2,2,0
2014-12-29,4,2,2
2014-12-29,0,0,0
2014-12-30,0,0,0
2014-12-30,0,0,0
2014-12-30,0,0,0
2014-12-30,0,0,0
2014-12-30,0,0,0
2014-12-30,4,0,4
2014-12-30,13,0,13
2014-12-30,15,5,10
2014-12-30,11,1,10
2014-12-30,19,2,17
2014-12-30,20,3,17
2014-12-30,18,2,16
2014-12-30,7,1,6
2014-12-30,19,3,16
2014-12-30,12,4,8
2014-12-30,18,7,11
2014-12-30,21,17,4
2014-12-30,25,15,10
2014-12-30,14,9,5
2014-12-30,3,3,0
2014-12-30,2,2,0
2014-12-30,0,0,0
2014-12-30,2,0,2
2014-12-30,3,0,3
2014-12-31,8,2,6
2014-12-31,1,1,0
2014-12-31,0,0,0
2014-12-31,0,0,0
2014-12-31,0,0,0
2014-12-31,4,0,4
2014-12-31,0,0,0
2014-12-31,13,2,11
2014-12-31,10,1,9
2014-12-31,10,3,7
2014-12-31,7,3,4
2014-12-31,11,3,8
2014-12-31,11,5,6
2014-12-31,7,2,5
2014-12-31,10,6,4
2014-12-31,11,5,6
2014-12-31,16,8,8
2014-12-31,20,5,15
2014-12-31,9,9,0
2014-12-31,4,4,0
2014-12-31,2,0,2
2014-12-31,5,2,3
2014-12-31,2,2,0
2014-12-31,3,1,2
2015-01-01,2,0,2
2015-01-01,1,1,0
2015-01-01,3,1,2
2015-01-01,0,0,0
2015-01-01,0,0,0
2015-01-01,0,0,0
2015-01-01,2,0,2
2015-01-01,4,2,2
2015-01-01,2,1,1
2015-01-01,10,0,10
2015-01-01,7,1,6
2015-01-01,14,8,6
2015-01-01,7,5,2
2015-01-01,9,4,5
2015-01-01,19,9,10
2015-01-01,10,4,6
2015-01-01,11,5,6
2015-01-01,2,2,0
2015-01-01,11,5,6
2015-01-01,7,3,4
2015-01-01,0,0,0
2015-01-01,2,0,2
2015-01-01,0,0,0
2015-01-01,0,0,0
2015-01-02,0,0,0
2015-01-02,0,0,0
2015-01-02,0,0,0
2015-01-02,0,0,0
2015-01-02,0,0,0
2015-01-02,3,1,2
2015-01-02,12,0,12
2015-01-02,8,0,8
2015-01-02,14,1,13
2015-01-02,14,2,12
2015-01-02,9,3,6
2015-01-02,8,1,7
2015-01-02,13,2,11
2015-01-02,10,4,6
2015-01-02,7,2,5
2015-01-02,8,7,1
2015-01-02,13,7,6
2015-01-02,12,8,4
2015-01-02,14,7,7
2015-01-02,6,4,2
2015-01-02,5,1,4
2015-01-02,3,1,2
2015-01-02,0,0,0
2015-01-02,3,1,2
2015-01-03,2,0,2
2015-01-03,0,0,0
2015-01-03,3,0,3
2015-01-03,0,0,0
2015-01-03,0,0,0
2015-01-03,0,0,0
2015-01-03,2,0,2
2015-01-03,2,0,2
2015-01-03,5,1,4
2015-01-03,2,0,2
2015-01-03,14,4,10
2015-01-03,17,3,14
2015-01-03,8,2,6
2015-01-03,11,8,3
2015-01-03,10,6,4
2015-01-03,8,6,2
2015-01-03,14,7,7
2015-01-03,13,8,5
2015-01-03,4,2,2
2015-01-03,3,1,2
2015-01-03,4,2,2
2015-01-03,1,1,0
2015-01-03,5,2,3
2015-01-03,0,0,0
2015-01-04,0,0,0
2015-01-04,6,0,6
2015-01-04,0,0,0
2015-01-04,0,0,0
2015-01-04,0,0,0
2015-01-04,0,0,0
2015-01-04,3,0,3
2015-01-04,0,0,0
2015-01-04,3,2,1
2015-01-04,8,3,5
2015-01-04,8,4,4
2015-01-04,7,1,6
2015-01-04,5,4,1
2015-01-04,9,2,7
2015-01-04,9,2,7
2015-01-04,4,1,3
2015-01-04,5,1,4
2015-01-04,6,1,5
2015-01-04,5,3,2
2015-01-04,4,0,4
2015-01-04,0,0,0
2015-01-04,0,0,0
2015-01-04,1,1,0
2015-01-04,3,1,2
2015-01-05,0,0,0
2015-01-05,0,0,0
2015-01-05,0,0,0
2015-01-05,0,0,0
2015-01-05,0,0,0
2015-01-05,7,0,7
2015-01-05,11,2,9
2015-01-05,28,5,23
2015-01-05,38,1,37
2015-01-05,19,3,16
2015-01-05,12,0,12
2015-01-05,7,0,7
2015-01-05,7,2,5
2015-01-05,9,2,7
2015-01-05,11,4,7
2015-01-05,12,10,2
2015-01-05,19,7,12
2015-01-05,37,21,16
2015-01-05,25,18,7
2015-01-05,4,4,0
2015-01-05,5,3,2
2015-01-05,6,3,3
2015-01-05,0,0,0
2015-01-05,2,2,0
2015-01-06,0,0,0
2015-01-06,0,0,0
2015-01-06,0,0,0
2015-01-06,0,0,0
2015-01-06,0,0,0
2015-01-06,6,0,6
2015-01-06,18,2,16
2015-01-06,41,3,38
2015-01-06,45,3,42
2015-01-06,50,2,48
2015-01-06,12,3,9
2015-01-06,8,4,4
2015-01-06,11,3,8
2015-01-06,7,2,5
2015-01-06,11,0,11
2015-01-06,22,14,8
2015-01-06,26,19,7
2015-01-06,42,33,9
2015-01-06,27,19,8
2015-01-06,13,9,4
2015-01-06,3,2,1
2015-01-06,4,1,3
2015-01-06,5,3,2
2015-01-06,1,1,0
2015-01-07,1,1,0
2015-01-07,0,0,0
2015-01-07,2,0,2
2015-01-07,0,0,0
2015-01-07,0,0,0
2015-01-07,12,1,11
2015-01-07,10,0,10
2015-01-07,41,7,34
2015-01-07,54,4,50
2015-01-07,37,1,36
2015-01-07,7,0,7
2015-01-07,6,1,5
2015-01-07,1,0,1
2015-01-07,7,5,2
2015-01-07,8,5,3
2015-01-07,23,9,14
2015-01-07,31,21,10
2015-01-07,42,26,16
2015-01-07,20,16,4
2015-01-07,14,12,2
2015-01-07,12,6,6
2015-01-07,7,5,2
2015-01-07,4,4,0
2015-01-07,0,0,0
2015-01-08,2,0,2
2015-01-08,1,1,0
2015-01-08,0,0,0
2015-01-08,0,0,0
2015-01-08,0,0,0
2015-01-08,7,0,7
2015-01-08,17,1,16
2015-01-08,36,1,35
2015-01-08,45,7,38
2015-01-08,30,0,30
2015-01-08,7,0,7
2015-01-08,8,2,6
2015-01-08,10,2,8
2015-01-08,19,2,17
2015-01-08,4,2,2
2015-01-08,27,15,12
2015-01-08,26,11,15
2015-01-08,33,26,7
2015-01-08,19,17,2
2015-01-08,14,9,5
2015-01-08,11,7,4
2015-01-08,14,4,10
2015-01-08,3,3,0
2015-01-08,4,2,2
2015-01-09,1,1,0
2015-01-09,0,0,0
2015-01-09,0,0,0
2015-01-09,0,0,0
2015-01-09,0,0,0
2015-01-09,4,0,4
2015-01-09,15,1,14
2015-01-09,25,2,23
2015-01-09,54,2,52
2015-01-09,26,0,26
2015-01-09,10,0,10
2015-01-09,7,1,6
2015-01-09,5,2,3
2015-01-09,7,3,4
2015-01-09,15,6,9
2015-01-09,23,8,15
2015-01-09,28,11,17
2015-01-09,31,27,4
2015-01-09,30,19,11
2015-01-09,14,8,6
2015-01-09,11,5,6
2015-01-09,3,1,2
2015-01-09,5,3,2
2015-01-09,4,2,2
2015-01-10,1,1,0
2015-01-10,0,0,0
2015-01-10,0,0,0
2015-01-10,0,0,0
2015-01-10,0,0,0
2015-01-10,0,0,0
2015-01-10,2,0,2
2015-01-10,4,2,2
2015-01-10,6,2,4
2015-01-10,10,3,7
2015-01-10,9,0,9
2015-01-10,22,4,18
2015-01-10,14,2,12
2015-01-10,15,3,12
2015-01-10,5,3,2
2015-01-10,14,1,13
2015-01-10,8,0,8
2015-01-10,13,5,8
2015-01-10,5,3,2
2015-01-10,5,3,2
2015-01-10,9,6,3
2015-01-10,4,2,2
2015-01-10,4,2,2
2015-01-10,2,0,2
2015-01-11,0,0,0
2015-01-11,0,0,0
2015-01-11,0,0,0
2015-01-11,1,1,0
2015-01-11,0,0,0
2015-01-11,1,0,1
2015-01-11,3,0,3
2015-01-11,2,2,0
2015-01-11,6,0,6
2015-01-11,4,4,0
2015-01-11,14,5,9
2015-01-11,8,2,6
2015-01-11,9,6,3
2015-01-11,9,1,8
2015-01-11,10,6,4
2015-01-11,24,12,12
2015-01-11,16,8,8
2015-01-11,1,0,1
2015-01-11,7,0,7
2015-01-11,3,3,0
2015-01-11,0,0,0
2015-01-11,2,2,0
2015-01-11,3,1,2
2015-01-11,0,0,0
2015-01-12,0,0,0
2015-01-12,0,0,0
2015-01-12,0,0,0
2015-01-12,0,0,0
2015-01-12,1,1,0
2015-01-12,4,0,4
2015-01-12,14,0,14
2015-01-12,32,1,31
2015-01-12,52,4,48
2015-01-12,28,5,23
2015-01-12,11,1,10
2015-01-12,16,1,15
2015-01-12,4,3,1
2015-01-12,14,6,8
2015-01-12,16,9,7
2015-01-12,19,10,9
2015-01-12,24,18,6
2015-01-12,45,30,15
2015-01-12,24,15,9
2015-01-12,15,11,4
2015-01-12,9,7,2
2015-01-12,8,6,2
2015-01-12,7,1,6
2015-01-12,0,0,0
2015-01-13,3,0,3
2015-01-13,0,0,0
2015-01-13,0,0,0
2015-01-13,0,0,0
2015-01-13,0,0,0
2015-01-13,10,0,10
2015-01-13,15,2,13
2015-01-13,32,5,27
2015-01-13,36,5,31
2015-01-13,43,3,40
2015-01-13,16,5,11
2015-01-13,13,4,9
2015-01-13,8,4,4
2015-01-13,15,4,11
2015-01-13,16,7,9
2015-01-13,26,15,11
2015-01-13,33,20,13
2015-01-13,41,34,7
2015-01-13,25,21,4
2015-01-13,13,9,4
2015-01-13,13,2,11
2015-01-13,7,3,4
2015-01-13,1,1,0
2015-01-13,2,2,0
2015-01-14,0,0,0
2015-01-14,0,0,0
2015-01-14,0,0,0
2015-01-14,0,0,0
2015-01-14,0,0,0
2015-01-14,5,0,5
2015-01-14,10,3,7
2015-01-14,32,2,30
2015-01-14,45,4,41
2015-01-14,33,3,30
2015-01-14,16,2,14
2015-01-14,9,1,8
2015-01-14,4,2,2
2015-01-14,12,6,6
2015-01-14,18,7,11
2015-01-14,14,9,5
2015-01-14,16,11,5
2015-01-14,29,20,9
2015-01-14,23,15,8
2015-01-14,16,14,2
2015-01-14,11,5,6
2015-01-14,2,2,0
2015-01-14,2,0,2
2015-01-14,1,1,0
2015-01-15,1,1,0
2015-01-15,3,1,2
2015-01-15,0,0,0
2015-01-15,0,0,0
2015-01-15,0,0,0
2015-01-15,9,0,9
2015-01-15,12,3,9
2015-01-15,30,3,27
2015-01-15,46,5,41
2015-01-15,22,1,21
2015-01-15,6,0,6
2015-01-15,10,0,10
2015-01-15,6,1,5
2015-01-15,15,6,9
2015-01-15,9,5,4
2015-01-15,8,6,2
2015-01-15,16,11,5
2015-01-15,32,20,12
2015-01-15,14,14,0
2015-01-15,17,10,7
2015-01-15,8,8,0
2015-01-15,6,0,6
2015-01-15,4,1,3
2015-01-15,0,0,0
2015-01-16,0,0,0
2015-01-16,0,0,0
2015-01-16,0,0,0
2015-01-16,0,0,0
2015-01-16,0,0,0
2015-01-16,4,0,4
2015-01-16,19,10,9
2015-01-16,30,4,26
2015-01-16,17,0,17
2015-01-16,25,2,23
2015-01-16,5,1,4
2015-01-16,16,4,12
2015-01-16,15,0,15
2015-01-16,25,6,19
2015-01-16,16,8,8
2015-01-16,14,10,4
2015-01-16,15,13,2
2015-01-16,46,24,22
2015-01-16,19,9,10
2015-01-16,14,14,0
2015-01-16,9,5,4
2015-01-16,5,1,4
2015-01-16,6,2,4
2015-01-16,5,5,0
2015-01-17,0,0,0
2015-01-17,0,0,0
2015-01-17,2,0,2
2015-01-17,0,0,0
2015-01-17,0,0,0
2015-01-17,0,0,0
2015-01-17,3,1,2
2015-01-17,4,0,4
2015-01-17,8,2,6
2015-01-17,8,5,3
2015-01-17,17,5,12
2015-01-17,17,7,10
2015-01-17,8,5,3
2015-01-17,20,8,12
2015-01-17,8,5,3
2015-01-17,5,1,4
2015-01-17,4,2,2
2015-01-17,2,2,0
2015-01-17,1,1,0
2015-01-17,1,1,0
2015-01-17,4,2,2
2015-01-17,4,0,4
2015-01-17,3,0,3
2015-01-17,2,2,0
2015-01-18,0,0,0
2015-01-18,0,0,0
2015-01-18,0,0,0
2015-01-18,0,0,0
2015-01-18,0,0,0
2015-01-18,0,0,0
2015-01-18,2,0,2
2015-01-18,0,0,0
2015-01-18,3,1,2
2015-01-18,2,2,0
2015-01-18,3,3,0
2015-01-18,5,3,2
2015-01-18,9,2,7
2015-01-18,1,0,1
2015-01-18,2,1,1
2015-01-18,2,2,0
2015-01-18,19,7,12
2015-01-18,13,3,10
2015-01-18,2,0,2
2015-01-18,2,2,0
2015-01-18,6,3,3
2015-01-18,0,0,0
2015-01-18,0,0,0
2015-01-18,0,0,0
2015-01-19,0,0,0
2015-01-19,4,0,4
2015-01-19,0,0,0
2015-01-19,0,0,0
2015-01-19,0,0,0
2015-01-19,6,0,6
2015-01-19,21,6,15
2015-01-19,6,1,5
2015-01-19,12,1,11
2015-01-19,26,3,23
2015-01-19,21,5,16
2015-01-19,7,1,6
2015-01-19,4,3,1
2015-01-19,19,6,13
2015-01-19,25,10,15
2015-01-19,11,6,5
2015-01-19,19,13,6
2015-01-19,18,8,10
2015-01-19,14,9,5
2015-01-19,1,1,0
2015-01-19,6,4,2
2015-01-19,5,0,5
2015-01-19,2,2,0
2015-01-19,0,0,0
2015-01-20,1,1,0
2015-01-20,0,0,0
2015-01-20,0,0,0
2015-01-20,0,0,0
2015-01-20,0,0,0
2015-01-20,4,0,4
2015-01-20,15,1,14
2015-01-20,41,7,34
2015-01-20,48,6,42
2015-01-20,37,4,33
2015-01-20,12,3,9
2015-01-20,10,3,7
2015-01-20,5,2,3
2015-01-20,7,2,5
2015-01-20,12,8,4
2015-01-20,18,9,9
2015-01-20,27,18,9
2015-01-20,45,32,13
2015-01-20,23,19,4
2015-01-20,10,8,2
2015-01-20,9,3,6
2015-01-20,11,6,5
2015-01-20,4,3,1
2015-01-20,1,1,0
2015-01-21,3,0,3
2015-01-21,0,0,0
2015-01-21,0,0,0
2015-01-21,1,1,0
2015-01-21,0,0,0
2015-01-21,6,0,6
2015-01-21,7,2,5
2015-01-21,42,6,36
2015-01-21,33,5,28
2015-01-21,34,5,29
2015-01-21,9,1,8
2015-01-21,9,2,7
2015-01-21,13,1,12
2015-01-21,9,5,4
2015-01-21,6,5,1
2015-01-21,12,6,6
2015-01-21,28,15,13
2015-01-21,40,27,13
2015-01-21,21,18,3
2015-01-21,11,7,4
2015-01-21,7,5,2
2015-01-21,5,2,3
2015-01-21,2,2,0
2015-01-21,4,0,4
2015-01-22,0,0,0
2015-01-22,0,0,0
2015-01-22,0,0,0
2015-01-22,0,0,0
2015-01-22,0,0,0
2015-01-22,6,0,6
2015-01-22,18,1,17
2015-01-22,25,3,22
2015-01-22,33,4,29
2015-01-22,29,2,27
2015-01-22,7,0,7
2015-01-22,3,1,2
2015-01-22,8,1,7
2015-01-22,9,0,9
2015-01-22,9,5,4
2015-01-22,11,6,5
2015-01-22,18,14,4
2015-01-22,32,20,12
2015-01-22,19,15,4
2015-01-22,11,5,6
2015-01-22,7,3,4
2015-01-22,5,2,3
2015-01-22,7,4,3
2015-01-22,3,0,3
2015-01-23,2,2,0
2015-01-23,0,0,0
2015-01-23,1,1,0
2015-01-23,0,0,0
2015-01-23,0,0,0
2015-01-23,4,0,4
2015-01-23,16,2,14
2015-01-23,17,5,12
2015-01-23,34,2,32
2015-01-23,25,0,25
2015-01-23,5,1,4
2015-01-23,3,1,2
2015-01-23,2,0,2
2015-01-23,7,2,5
2015-01-23,6,2,4
2015-01-23,12,2,10
2015-01-23,19,12,7
2015-01-23,27,18,9
2015-01-23,30,20,10
2015-01-23,7,7,0
2015-01-23,4,4,0
2015-01-23,2,0,2
2015-01-23,10,1,9
2015-01-23,1,1,0
2015-01-24,1,0,1
2015-01-24,1,1,0
2015-01-24,0,0,0
2015-01-24,0,0,0
2015-01-24,0,0,0
2015-01-24,0,0,0
2015-01-24,2,0,2
2015-01-24,2,0,2
2015-01-24,7,3,4
2015-01-24,15,0,15
2015-01-24,14,6,8
2015-01-24,6,2,4
2015-01-24,18,3,15
2015-01-24,13,3,10
2015-01-24,9,4,5
2015-01-24,16,8,8
2015-01-24,8,5,3
2015-01-24,5,5,0
2015-01-24,8,3,5
2015-01-24,4,2,2
2015-01-24,3,1,2
2015-01-24,0,0,0
2015-01-24,4,0,4
2015-01-24,1,1,0
2015-01-25,1,1,0
2015-01-25,1,1,0
2015-01-25,3,1,2
2015-01-25,0,0,0
2015-01-25,0,0,0
2015-01-25,0,0,0
2015-01-25,2,0,2
2015-01-25,4,0,4
2015-01-25,9,2,7
2015-01-25,11,6,5
2015-01-25,14,3,11
2015-01-25,10,2,8
2015-01-25,28,8,20
2015-01-25,34,9,25
2015-01-25,24,11,13
2015-01-25,33,17,16
2015-01-25,12,7,5
2015-01-25,12,5,7
2015-01-25,3,2,1
2015-01-25,11,6,5
2015-01-25,5,1,4
2015-01-25,4,2,2
2015-01-25,7,2,5
2015-01-25,3,1,2
2015-01-26,0,0,0
2015-01-26,4,0,4
2015-01-26,0,0,0
2015-01-26,0,0,0
2015-01-26,0,0,0
2015-01-26,2,0,2
2015-01-26,17,1,16
2015-01-26,30,4,26
2015-01-26,41,2,39
2015-01-26,9,2,7
2015-01-26,15,0,15
2015-01-26,15,0,15
2015-01-26,14,1,13
2015-01-26,22,5,17
2015-01-26,10,4,6
2015-01-26,12,6,6
2015-01-26,34,23,11
2015-01-26,44,40,4
2015-01-26,21,16,5
2015-01-26,17,12,5
2015-01-26,7,2,5
2015-01-26,4,4,0
2015-01-26,6,3,3
2015-01-26,0,0,0
2015-01-27,0,0,0
2015-01-27,1,1,0
2015-01-27,0,0,0
2015-01-27,0,0,0
2015-01-27,0,0,0
2015-01-27,8,2,6
2015-01-27,19,2,17
2015-01-27,28,9,19
2015-01-27,45,3,42
2015-01-27,23,1,22
2015-01-27,20,1,19
2015-01-27,7,3,4
2015-01-27,5,3,2
2015-01-27,7,2,5
2015-01-27,9,4,5
2015-01-27,19,8,11
2015-01-27,27,23,4
2015-01-27,31,19,12
2015-01-27,26,17,9
2015-01-27,8,6,2
2015-01-27,14,7,7
2015-01-27,1,1,0
2015-01-27,2,0,2
2015-01-27,1,1,0
2015-01-28,2,0,2
2015-01-28,0,0,0
2015-01-28,0,0,0
2015-01-28,0,0,0
2015-01-28,0,0,0
2015-01-28,10,0,10
2015-01-28,21,5,16
2015-01-28,29,1,28
2015-01-28,30,3,27
2015-01-28,28,6,22
2015-01-28,19,5,14
2015-01-28,8,2,6
2015-01-28,8,4,4
2015-01-28,8,4,4
2015-01-28,13,9,4
2015-01-28,26,11,15
2015-01-28,18,12,6
2015-01-28,40,29,11
2015-01-28,29,25,4
2015-01-28,9,6,3
2015-01-28,12,8,4
2015-01-28,1,1,0
2015-01-28,2,2,0
2015-01-28,2,2,0
2015-01-29,0,0,0
2015-01-29,2,0,2
2015-01-29,0,0,0
2015-01-29,0,0,0
2015-01-29,0,0,0
2015-01-29,5,0,5
2015-01-29,18,6,12
2015-01-29,35,2,33
2015-01-29,35,3,32
2015-01-29,21,3,18
2015-01-29,15,2,13
2015-01-29,5,3,2
2015-01-29,7,1,6
2015-01-29,11,4,7
2015-01-29,6,2,4
2015-01-29,17,11,6
2015-01-29,29,22,7
2015-01-29,32,25,7
2015-01-29,22,12,10
2015-01-29,17,12,5
2015-01-29,11,4,7
2015-01-29,5,1,4
2015-01-29,4,0,4
2015-01-29,1,1,0
2015-01-30,0,0,0
2015-01-30,6,2,4
2015-01-30,0,0,0
2015-01-30,0,0,0
2015-01-30,0,0,0
2015-01-30,10,0,10
2015-01-30,17,6,11
2015-01-30,27,0,27
2015-01-30,44,3,41
2015-01-30,33,1,32
2015-01-30,17,8,9
2015-01-30,11,0,11
2015-01-30,15,5,10
2015-01-30,11,4,7
2015-01-30,11,8,3
2015-01-30,20,8,12
2015-01-30,38,24,14
2015-01-30,48,29,19
2015-01-30,23,17,6
2015-01-30,11,4,7
2015-01-30,6,4,2
2015-01-30,8,3,5
2015-01-30,3,1,2
2015-01-30,0,0,0
2015-01-31,1,0,1
2015-01-31,0,0,0
2015-01-31,0,0,0
2015-01-31,0,0,0
2015-01-31,0,0,0
2015-01-31,2,0,2
2015-01-31,2,0,2
2015-01-31,10,4,6
2015-01-31,19,9,10
2015-01-31,19,6,13
2015-01-31,18,1,17
2015-01-31,13,3,10
2015-01-31,17,9,8
2015-01-31,15,9,6
2015-01-31,5,3,2
2015-01-31,6,3,3
2015-01-31,6,4,2
2015-01-31,8,6,2
2015-01-31,7,3,4
2015-01-31,2,2,0
2015-01-31,3,1,2
2015-01-31,3,1,2
2015-01-31,2,0,2
2015-01-31,0,0,0
2015-02-03,0,0,0
2015-02-16,18,2,16
2015-02-28,1,1,0
2015-02-10,10,6,4
2015-02-12,13,9,4
2015-02-02,4,0,4
2015-02-01,0,0,0
2015-02-10,39,35,4
2015-02-13,5,5,0
2015-02-04,0,0,0
2015-02-28,3,0,3
2015-02-03,11,2,9
2015-02-16,9,1,8
2015-02-17,19,8,11
2015-02-15,12,8,4
2015-02-20,1,1,0
2015-02-09,14,1,13
2015-02-18,9,4,5
2015-02-11,4,1,3
2015-02-18,26,16,10
2015-02-28,10,1,9
2015-02-26,5,4,1
2015-02-16,3,1,2
2015-02-15,4,4,0
2015-02-23,39,7,32
2015-02-08,2,0,2
2015-02-23,18,12,6
2015-02-19,0,0,0
2015-02-10,5,5,0
2015-02-13,18,8,10
2015-02-03,0,0,0
2015-02-28,18,14,4
2015-02-16,20,10,10
2015-02-25,51,7,44
2015-02-01,0,0,0
2015-02-16,15,1,14
2015-02-01,14,0,14
2015-02-09,0,0,0
2015-02-09,0,0,0
2015-02-02,9,3,6
2015-02-11,11,6,5
2015-02-17,0,0,0
2015-02-04,44,9,35
2015-02-05,6,0,6
2015-02-26,18,9,9
2015-02-12,7,0,7
2015-02-25,0,0,0
2015-02-08,19,13,6
2015-02-23,20,7,13
2015-02-15,4,2,2
2015-02-22,11,7,4
2015-02-24,9,1,8
2015-02-23,12,10,2
2015-02-26,0,0,0
2015-02-06,0,0,0
2015-02-21,7,3,4
2015-02-22,3,1,2
2015-02-05,19,1,18
2015-02-05,0,0,0
2015-02-06,0,0,0
2015-02-20,1,1,0
2015-02-15,18,6,12
2015-02-13,17,3,14
2015-02-22,5,3,2
2015-02-11,0,0,0
2015-02-21,5,1,4
2015-02-17,10,10,0
2015-02-27,25,17,8
2015-02-17,36,23,13
2015-02-16,0,0,0
2015-02-03,8,4,4
2015-02-12,0,0,0
2015-02-02,28,3,25
2015-02-20,7,1,6
2015-02-19,0,0,0
2015-02-27,5,1,4
2015-02-21,3,1,2
2015-02-08,0,0,0
2015-02-23,29,2,27
2015-02-15,19,10,9
2015-02-09,1,1,0
2015-02-20,16,16,0
2015-02-02,4,0,4
2015-02-02,27,19,8
2015-02-10,3,0,3
2015-02-27,20,4,16
2015-02-25,2,2,0
2015-02-12,6,2,4
2015-02-20,0,0,0
2015-02-04,10,3,7
2015-02-21,20,10,10
2015-02-04,7,3,4
2015-02-05,34,3,31
2015-02-09,36,26,10
2015-02-22,0,0,0
2015-02-28,0,0,0
2015-02-15,0,0,0
2015-02-04,0,0,0
2015-02-25,13,6,7
2015-02-09,0,0,0
2015-02-11,21,11,10
2015-02-11,37,26,11
2015-02-08,19,7,12
2015-02-24,12,3,9
2015-02-27,17,13,4
2015-02-28,14,6,8
2015-02-18,15,13,2
2015-02-27,5,0,5
2015-02-12,9,3,6
2015-02-09,34,1,33
2015-02-16,7,7,0
2015-02-17,0,0,0
2015-02-22,7,1,6
2015-02-05,0,0,0
2015-02-01,17,4,13
2015-02-04,5,1,4
2015-02-07,7,3,4
2015-02-12,1,1,0
2015-02-11,0,0,0
2015-02-21,21,9,12
2015-02-16,20,9,11
2015-02-05,6,0,6
2015-02-02,17,13,4
2015-02-14,2,0,2
2015-02-09,0,0,0
2015-02-17,0,0,0
2015-02-14,0,0,0
2015-02-26,8,2,6
2015-02-27,8,1,7
2015-02-17,9,5,4
2015-02-14,7,3,4
2015-02-28,0,0,0
2015-02-27,17,3,14
2015-02-08,10,2,8
2015-02-01,0,0,0
2015-02-13,4,1,3
2015-02-10,6,0,6
2015-02-27,5,1,4
2015-02-18,0,0,0
2015-02-20,0,0,0
2015-02-24,7,5,2
2015-02-13,5,3,2
2015-02-24,19,9,10
2015-02-18,8,0,8
2015-02-14,0,0,0
2015-02-28,10,2,8
2015-02-10,9,3,6
2015-02-06,6,0,6
2015-02-03,20,1,19
2015-02-22,0,0,0
2015-02-25,0,0,0
2015-02-03,16,8,8
2015-02-05,8,3,5
2015-02-21,0,0,0
2015-02-09,7,0,7
2015-02-14,4,2,2
2015-02-06,17,7,10
2015-02-19,6,2,4
2015-02-18,0,0,0
2015-02-08,13,2,11
2015-02-12,3,3,0
2015-02-23,6,4,2
2015-02-23,8,4,4
2015-02-03,26,16,10
2015-02-13,25,17,8
2015-02-20,0,0,0
2015-02-20,13,5,8
2015-02-09,11,3,8
2015-02-21,11,4,7
2015-02-21,5,2,3
2015-02-21,0,0,0
2015-02-13,15,7,8
2015-02-09,18,2,16
2015-02-18,1,1,0
2015-02-04,2,0,2
2015-02-23,34,1,33
2015-02-13,30,2,28
2015-02-04,32,4,28
2015-02-26,2,0,2
2015-02-26,16,10,6
2015-02-11,31,4,27
2015-02-25,14,4,10
2015-02-04,17,8,9
2015-02-22,20,7,13
2015-02-05,5,3,2
2015-02-25,0,0,0
2015-02-28,17,9,8
2015-02-05,10,4,6
2015-02-18,31,18,13
2015-02-28,22,7,15
2015-02-13,6,1,5
2015-02-22,0,0,0
2015-02-03,11,1,10
2015-02-05,0,0,0
2015-02-24,0,0,0
2015-02-22,16,8,8
2015-02-26,2,0,2
2015-02-26,1,1,0
2015-02-14,8,4,4
2015-02-07,3,1,2
2015-02-23,0,0,0
2015-02-15,9,6,3
2015-02-01,4,4,0
2015-02-17,0,0,0
2015-02-20,10,7,3
2015-02-07,12,2,10
2015-02-27,7,3,4
2015-02-24,3,2,1
2015-02-11,10,6,4
2015-02-19,36,8,28
2015-02-02,9,0,9
2015-02-08,1,0,1
2015-02-26,5,5,0
2015-02-26,40,27,13
2015-02-11,16,6,10
2015-02-05,10,6,4
2015-02-11,3,1,2
2015-02-03,0,0,0
2015-02-19,0,0,0
2015-02-05,16,0,16
2015-02-14,11,3,8
2015-02-21,49,36,13
2015-02-16,3,1,2
2015-02-07,3,1,2
2015-02-16,26,9,17
2015-02-27,7,3,4
2015-02-22,5,1,4
2015-02-23,0,0,0
2015-02-21,0,0,0
2015-02-08,0,0,0
2015-02-13,34,3,31
2015-02-22,14,9,5
2015-02-08,2,0,2
2015-02-15,28,15,13
2015-02-13,9,1,8
2015-02-01,15,8,7
2015-02-09,7,5,2
2015-02-16,10,3,7
2015-02-18,1,1,0
2015-02-23,15,1,14
2015-02-13,4,2,2
2015-02-14,1,1,0
2015-02-07,9,3,6
2015-02-25,14,2,12
2015-02-15,3,0,3
2015-02-02,0,0,0
2015-02-11,0,0,0
2015-02-07,2,0,2
2015-02-06,8,3,5
2015-02-01,0,0,0
2015-02-06,0,0,0
2015-02-24,11,1,10
2015-02-02,18,6,12
2015-02-03,5,1,4
2015-02-06,0,0,0
2015-02-10,10,5,5
2015-02-17,44,35,9
2015-02-14,20,12,8
2015-02-18,0,0,0
2015-02-03,10,4,6
2015-02-27,17,11,6
2015-02-20,14,2,12
2015-02-21,24,8,16
2015-02-27,16,3,13
2015-02-24,19,4,15
2015-02-28,32,9,23
2015-02-24,34,21,13
2015-02-13,0,0,0
2015-02-05,0,0,0
2015-02-08,9,6,3
2015-02-16,8,4,4
2015-02-04,9,6,3
2015-02-12,37,33,4
2015-02-12,21,13,8
2015-02-26,7,2,5
2015-02-26,27,1,26
2015-02-19,3,1,2
2015-02-20,30,1,29
2015-02-26,31,3,28
2015-02-03,16,2,14
2015-02-03,18,12,6
2015-02-24,0,0,0
2015-02-09,4,1,3
2015-02-12,23,11,12
2015-02-19,32,4,28
2015-02-10,14,5,9
2015-02-13,24,15,9
2015-02-25,0,0,0
2015-02-01,0,0,0
2015-02-02,9,5,4
2015-02-25,16,0,16
2015-02-27,11,4,7
2015-02-19,6,0,6
2015-02-01,6,4,2
2015-02-08,19,10,9
2015-02-12,0,0,0
2015-02-16,12,2,10
2015-02-14,1,1,0
2015-02-17,1,1,0
2015-02-14,17,5,12
2015-02-26,26,17,9
2015-02-24,47,4,43
2015-02-04,22,14,8
2015-02-14,16,14,2
2015-02-16,6,0,6
2015-02-22,21,3,18
2015-02-27,1,1,0
2015-02-05,15,10,5
2015-02-24,3,1,2
2015-02-15,2,0,2
2015-02-09,7,7,0
2015-02-20,8,1,7
2015-02-28,0,0,0
2015-02-08,4,4,0
2015-02-10,0,0,0
2015-02-18,11,7,4
2015-02-03,21,4,17
2015-02-25,38,26,12
2015-02-25,6,0,6
2015-02-21,0,0,0
2015-02-03,12,12,0
2015-02-24,29,4,25
2015-02-23,0,0,0
2015-02-08,3,1,2
2015-02-07,6,1,5
2015-02-18,25,2,23
2015-02-26,3,3,0
2015-02-25,23,17,6
2015-02-16,0,0,0
2015-02-03,0,0,0
2015-02-10,1,1,0
2015-02-21,1,1,0
2015-02-18,38,26,12
2015-02-27,0,0,0
2015-02-11,0,0,0
2015-02-10,17,7,10
2015-02-25,0,0,0
2015-02-28,3,0,3
2015-02-03,6,2,4
2015-02-15,21,8,13
2015-02-09,5,5,0
2015-02-07,12,8,4
2015-02-19,22,17,5
2015-02-12,14,1,13
2015-02-28,23,10,13
2015-02-12,4,1,3
2015-02-16,19,6,13
2015-02-10,1,1,0
2015-02-22,6,3,3
2015-02-06,0,0,0
2015-02-02,2,2,0
2015-02-12,31,4,27
2015-02-22,0,0,0
2015-02-27,21,2,19
2015-02-18,3,3,0
2015-02-01,9,1,8
2015-02-06,11,2,9
2015-02-17,24,11,13
2015-02-02,0,0,0
2015-02-23,0,0,0
2015-02-11,30,17,13
2015-02-01,15,3,12
2015-02-25,4,4,0
2015-02-07,2,2,0
2015-02-06,13,1,12
2015-02-01,13,5,8
2015-02-15,1,1,0
2015-02-27,5,2,3
2015-02-15,0,0,0
2015-02-24,12,0,12
2015-02-24,0,0,0
2015-02-06,25,3,22
2015-02-08,0,0,0
2015-02-17,10,4,6
2015-02-17,6,2,4
2015-02-27,0,0,0
2015-02-06,14,4,10
2015-02-26,15,9,6
2015-02-16,0,0,0
2015-02-01,10,1,9
2015-02-19,18,0,18
2015-02-11,15,2,13
2015-02-13,15,7,8
2015-02-06,3,1,2
2015-02-05,0,0,0
2015-02-22,0,0,0
2015-02-28,1,1,0
2015-02-17,3,0,3
2015-02-21,13,4,9
2015-02-26,10,2,8
2015-02-12,7,1,6
2015-02-16,8,1,7
2015-02-11,9,2,7
2015-02-06,24,4,20
2015-02-12,36,2,34
2015-02-19,22,18,4
2015-02-07,3,2,1
2015-02-14,10,5,5
2015-02-05,5,0,5
2015-02-28,0,0,0
2015-02-02,6,5,1
2015-02-05,5,2,3
2015-02-17,22,2,20
2015-02-01,0,0,0
2015-02-07,11,6,5
2015-02-21,9,3,6
2015-02-05,10,3,7
2015-02-24,13,5,8
2015-02-07,14,3,11
2015-02-28,2,2,0
2015-02-08,3,0,3
2015-02-27,9,2,7
2015-02-09,0,0,0
2015-02-10,27,3,24
2015-02-10,14,11,3
2015-02-14,0,0,0
2015-02-18,2,2,0
2015-02-22,0,0,0
2015-02-20,13,7,6
2015-02-12,11,2,9
2015-02-04,12,6,6
2015-02-19,10,1,9
2015-02-24,15,5,10
2015-02-07,1,1,0
2015-02-22,2,0,2
2015-02-07,2,1,1
2015-02-03,2,2,0
2015-02-11,0,0,0
2015-02-12,0,0,0
2015-02-23,2,0,2
2015-02-22,10,6,4
2015-02-05,10,3,7
2015-02-24,3,1,2
2015-02-09,27,4,23
2015-02-25,25,7,18
2015-02-19,0,0,0
2015-02-27,0,0,0
2015-02-11,38,2,36
2015-02-23,7,2,5
2015-02-15,8,4,4
2015-02-17,24,18,6
2015-02-12,30,3,27
2015-02-11,10,1,9
2015-02-07,2,0,2
2015-02-11,7,0,7
2015-02-10,29,19,10
2015-02-16,0,0,0
2015-02-21,4,2,2
2015-02-18,0,0,0
2015-02-22,0,0,0
2015-02-12,0,0,0
2015-02-06,21,2,19
2015-02-01,0,0,0
2015-02-10,45,4,41
2015-02-25,18,9,9
2015-02-09,4,0,4
2015-02-04,0,0,0
2015-02-22,15,8,7
2015-02-03,12,2,10
2015-02-21,0,0,0
2015-02-24,2,2,0
2015-02-13,29,4,25
2015-02-18,37,2,35
2015-02-09,16,7,9
2015-02-07,9,0,9
2015-02-15,15,13,2
2015-02-28,7,3,4
2015-02-26,6,0,6
2015-02-17,21,1,20
2015-02-02,8,3,5
2015-02-19,13,1,12
2015-02-23,40,27,13
2015-02-07,6,3,3
2015-02-16,3,1,2
2015-02-08,0,0,0
2015-02-14,3,3,0
2015-02-09,0,0,0
2015-02-20,5,4,1
2015-02-26,16,2,14
2015-02-06,17,12,5
2015-02-14,3,1,2
2015-02-26,16,0,16
2015-02-15,3,3,0
2015-02-22,18,6,12
2015-02-18,12,0,12
2015-02-23,0,0,0
2015-02-15,1,1,0
2015-02-18,37,4,33
2015-02-04,30,20,10
2015-02-04,34,3,31
2015-02-01,2,0,2
2015-02-16,22,10,12
2015-02-28,22,13,9
2015-02-14,4,0,4
2015-02-14,8,6,2
2015-02-19,24,12,12
2015-02-25,2,2,0
2015-02-21,16,3,13
2015-02-07,2,1,1
2015-02-26,17,5,12
2015-02-25,20,3,17
2015-02-19,13,11,2
2015-02-13,0,0,0
2015-02-07,1,1,0
2015-02-06,18,14,4
2015-02-04,19,10,9
2015-02-17,10,5,5
2015-02-18,6,2,4
2015-02-01,13,9,4
2015-02-24,7,3,4
2015-02-22,27,15,12
2015-02-20,6,2,4
2015-02-21,0,0,0
2015-02-25,11,4,7
2015-02-05,5,2,3
2015-02-11,9,9,0
2015-02-27,2,2,0
2015-02-21,8,2,6
2015-02-27,0,0,0
2015-02-18,20,13,7
2015-02-04,15,6,9
2015-02-08,20,12,8
2015-02-23,5,3,2
2015-02-03,12,6,6
2015-02-06,8,4,4
2015-02-15,9,7,2
2015-02-05,12,2,10
2015-02-10,0,0,0
2015-02-14,1,1,0
2015-02-07,10,1,9
2015-02-10,12,7,5
2015-02-24,19,14,5
2015-02-08,2,0,2
2015-02-23,7,0,7
2015-02-22,4,2,2
2015-02-09,27,19,8
2015-02-21,2,1,1
2015-02-11,3,0,3
2015-02-19,4,0,4
2015-02-19,4,0,4
2015-02-06,6,1,5
2015-02-20,0,0,0
2015-02-20,10,6,4
2015-02-06,5,0,5
2015-02-07,0,0,0
2015-02-20,19,9,10
2015-02-25,4,3,1
2015-02-25,14,6,8
2015-02-15,5,3,2
2015-02-10,33,4,29
2015-02-01,0,0,0
2015-02-02,17,5,12
2015-02-12,10,0,10
2015-02-10,10,2,8
2015-02-20,14,3,11
2015-02-13,15,1,14
2015-02-06,0,0,0
2015-02-05,22,12,10
2015-02-02,0,0,0
2015-02-28,4,0,4
2015-02-20,9,3,6
2015-02-23,9,2,7
2015-02-25,36,6,30
2015-02-17,16,6,10
2015-02-04,0,0,0
2015-02-28,0,0,0
2015-02-13,0,0,0
2015-02-26,0,0,0
2015-02-07,6,4,2
2015-02-08,17,2,15
2015-02-25,0,0,0
2015-02-08,0,0,0
2015-02-16,0,0,0
2015-02-11,13,9,4
2015-02-27,4,3,1
2015-02-18,12,5,7
2015-02-14,7,1,6
2015-02-02,16,1,15
2015-02-02,7,4,3
2015-02-20,17,7,10
2015-02-19,25,17,8
2015-02-28,39,22,17
2015-02-28,16,4,12
2015-02-21,13,7,6
2015-02-26,13,7,6
2015-02-04,0,0,0
2015-02-05,14,7,7
2015-02-23,0,0,0
2015-02-18,7,2,5
2015-02-01,8,5,3
2015-02-14,11,6,5
2015-02-11,16,0,16
2015-02-08,12,3,9
2015-02-10,13,2,11
2015-02-20,37,1,36
2015-02-08,4,1,3
2015-02-05,0,0,0
2015-02-16,21,16,5
2015-02-26,7,2,5
2015-02-13,3,0,3
2015-02-19,4,1,3
2015-02-19,27,5,22
2015-02-04,17,12,5
2015-02-23,35,26,9
2015-02-15,0,0,0
2015-02-15,0,0,0
2015-02-19,16,14,2
2015-02-06,33,19,14
2015-02-07,0,0,0
2015-02-09,14,4,10
2015-02-17,22,5,17
2015-02-12,4,1,3
2015-02-13,4,4,0
2015-02-02,33,6,27
2015-02-22,6,0,6
2015-02-02,0,0,0
2015-02-28,1,1,0
2015-02-13,13,5,8
2015-02-02,0,0,0
2015-02-06,6,5,1
2015-02-07,0,0,0
2015-02-10,10,2,8
2015-02-14,4,1,3
2015-02-14,22,7,15
2015-02-12,15,7,8
2015-02-20,27,2,25
2015-02-08,14,4,10
2015-02-03,32,22,10
2015-02-13,22,14,8
2015-02-14,0,0,0
2015-02-13,3,1,2
2015-02-16,0,0,0
2015-02-03,49,5,44
2015-02-20,31,27,4
2015-02-04,12,2,10
2015-02-15,0,0,0
2015-02-27,18,2,16
2015-02-17,17,9,8
2015-02-08,0,0,0
2015-02-21,7,1,6
2015-02-19,2,2,0
2015-02-03,28,2,26
2015-02-04,4,4,0
2015-02-24,35,6,29
2015-02-04,3,3,0
2015-02-17,0,0,0
2015-02-01,2,2,0
2015-02-18,11,1,10
2015-02-24,49,31,18
2015-02-01,19,11,8
2015-02-02,9,0,9
2015-02-24,15,9,6
2015-02-17,38,3,35
2015-02-11,0,0,0
2015-02-10,0,0,0
2015-02-19,8,5,3
2015-02-09,13,10,3
2015-02-15,0,0,0
2015-02-02,21,17,4
2015-02-23,30,8,22
2015-02-17,13,4,9
2015-02-06,2,1,1
2015-02-02,16,4,12
2015-02-03,0,0,0
2015-02-12,5,1,4
2015-02-15,10,5,5
2015-02-23,13,0,13
2015-02-04,29,16,13
2015-02-09,11,4,7
2015-02-01,5,3,2
2015-02-01,1,0,1
2015-02-10,9,9,0
2015-03-17,22,2,20
2015-03-24,25,21,4
2015-03-20,0,0,0
2015-03-05,15,0,15
2015-03-28,5,3,2
2015-03-18,33,23,10
2015-03-23,0,0,0
2015-03-12,22,14,8
2015-03-23,12,12,0
2015-03-15,0,0,0
2015-03-27,3,0,3
2015-03-24,10,5,5
2015-03-03,0,0,0
2015-03-18,0,0,0
2015-03-06,27,22,5
2015-03-19,3,3,0
2015-03-25,15,4,11
2015-03-17,10,6,4
2015-03-02,12,2,10
2015-03-20,3,1,2
2015-03-27,9,3,6
2015-03-23,4,3,1
2015-03-18,0,0,0
2015-03-21,0,0,0
2015-03-22,2,1,1
2015-03-14,2,0,2
2015-03-03,30,22,8
2015-03-28,17,2,15
2015-03-09,14,4,10
2015-03-11,10,2,8
2015-03-08,19,11,8
2015-03-03,6,0,6
2015-03-10,12,5,7
2015-03-23,0,0,0
2015-03-20,7,2,5
2015-03-07,0,0,0
2015-03-17,2,0,2
2015-03-28,0,0,0
2015-03-30,27,0,27
2015-03-11,8,2,6
2015-03-05,5,1,4
2015-03-02,8,1,7
2015-03-26,16,7,9
2015-03-03,6,4,2
2015-03-16,3,0,3
2015-03-02,30,4,26
2015-03-22,7,1,6
2015-03-05,0,0,0
2015-03-18,27,16,11
2015-03-10,0,0,0
2015-03-16,5,3,2
2015-03-05,16,11,5
2015-03-05,3,1,2
2015-03-03,14,1,13
2015-03-28,1,1,0
2015-03-05,22,19,3
2015-03-15,4,0,4
2015-03-24,0,0,0
2015-03-10,11,6,5
2015-03-12,10,4,6
2015-03-16,27,4,23
2015-03-26,33,25,8
2015-03-11,0,0,0
2015-03-29,28,5,23
2015-03-02,3,1,2
2015-03-20,29,21,8
2015-03-02,0,0,0
2015-03-07,0,0,0
2015-03-30,14,7,7
2015-03-07,2,2,0
2015-03-19,17,10,7
2015-03-30,31,19,12
2015-03-30,2,2,0
2015-03-24,25,13,12
2015-03-04,15,7,8
2015-03-07,22,8,14
2015-03-24,11,2,9
2015-03-15,5,4,1
2015-03-19,21,4,17
2015-03-04,0,0,0
2015-03-29,8,0,8
2015-03-22,5,1,4
2015-03-08,13,5,8
2015-03-16,11,6,5
2015-03-01,8,4,4
2015-03-19,0,0,0
2015-03-27,15,5,10
2015-03-21,0,0,0
2015-03-30,7,5,2
2015-03-10,52,41,11
2015-03-16,0,0,0
2015-03-05,16,2,14
2015-03-14,0,0,0
2015-03-08,2,2,0
2015-03-07,21,7,14
2015-03-15,4,0,4
2015-03-27,21,6,15
2015-03-08,6,0,6
2015-03-03,26,3,23
2015-03-09,37,23,14
2015-03-27,0,0,0
2015-03-07,7,4,3
2015-03-01,6,0,6
2015-03-29,1,1,0
2015-03-17,6,0,6
2015-03-31,11,11,0
2015-03-27,5,3,2
2015-03-06,24,15,9
2015-03-05,6,4,2
2015-03-18,24,5,19
2015-03-11,29,4,25
2015-03-11,0,0,0
2015-03-16,31,26,5
2015-03-02,7,4,3
2015-03-04,34,4,30
2015-03-05,28,4,24
2015-03-04,14,2,12
2015-03-31,5,1,4
2015-03-25,7,2,5
2015-03-22,2,0,2
2015-03-21,4,0,4
2015-03-01,8,4,4
2015-03-15,0,0,0
2015-03-24,0,0,0
2015-03-07,6,3,3
2015-03-27,0,0,0
2015-03-15,0,0,0
2015-03-25,3,1,2
2015-03-21,6,4,2
2015-03-18,0,0,0
2015-03-27,18,7,11
2015-03-07,3,2,1
2015-03-22,5,2,3
2015-03-13,6,0,6
2015-03-04,34,25,9
2015-03-02,7,6,1
2015-03-19,0,0,0
2015-03-26,8,8,0
2015-03-06,33,2,31
2015-03-30,18,9,9
2015-03-30,40,29,11
2015-03-04,1,1,0
2015-03-14,0,0,0
2015-03-11,0,0,0
2015-03-24,15,1,14
2015-03-06,0,0,0
2015-03-22,2,0,2
2015-03-03,9,3,6
2015-03-13,3,0,3
2015-03-28,12,2,10
2015-03-08,4,3,1
2015-03-09,9,3,6
2015-03-04,7,2,5
2015-03-03,32,0,32
2015-03-15,3,0,3
2015-03-10,0,0,0
2015-03-29,0,0,0
2015-03-30,5,2,3
2015-03-16,38,4,34
2015-03-10,4,1,3
2015-03-15,11,0,11
2015-03-07,5,0,5
2015-03-22,13,7,6
2015-03-26,6,4,2
2015-03-15,2,0,2
2015-03-22,0,0,0
2015-03-18,18,4,14
2015-03-31,19,1,18
2015-03-06,0,0,0
2015-03-25,0,0,0
2015-03-02,39,34,5
2015-03-20,4,4,0
2015-03-28,0,0,0
2015-03-01,38,19,19
2015-03-14,1,1,0
2015-03-15,0,0,0
2015-03-01,0,0,0
2015-03-28,13,5,8
2015-03-21,9,4,5
2015-03-31,5,3,2
2015-03-01,6,4,2
2015-03-17,9,5,4
2015-03-25,19,1,18
2015-03-31,13,0,13
2015-03-13,9,7,2
2015-03-13,1,1,0
2015-03-09,2,0,2
2015-03-28,16,8,8
2015-03-29,1,1,0
2015-03-29,10,3,7
2015-03-03,0,0,0
2015-03-03,0,0,0
2015-03-01,2,0,2
2015-03-12,1,0,1
2015-03-24,3,0,3
2015-03-27,5,0,5
2015-03-08,9,8,1
2015-03-22,0,0,0
2015-03-13,3,1,2
2015-03-28,12,7,5
2015-03-16,16,1,15
2015-03-01,0,0,0
2015-03-23,1,1,0
2015-03-03,21,17,4
2015-03-21,0,0,0
2015-03-12,32,24,8
2015-03-02,29,16,13
2015-03-09,30,3,27
2015-03-13,31,22,9
2015-03-26,27,19,8
2015-03-24,0,0,0
2015-03-30,0,0,0
2015-03-13,24,17,7
2015-03-03,11,6,5
2015-03-19,6,4,2
2015-03-19,5,0,5
2015-03-08,0,0,0
2015-03-29,10,4,6
2015-03-15,0,0,0
2015-03-01,7,2,5
2015-03-19,19,1,18
2015-03-26,16,2,14
2015-03-21,0,0,0
2015-03-06,14,2,12
2015-03-02,12,4,8
2015-03-31,0,0,0
2015-03-09,20,2,18
2015-03-19,0,0,0
2015-03-23,2,0,2
2015-03-10,0,0,0
2015-03-27,7,3,4
2015-03-23,13,4,9
2015-03-20,3,3,0
2015-03-05,19,7,12
2015-03-12,25,16,9
2015-03-14,1,1,0
2015-03-08,0,0,0
2015-03-01,12,3,9
2015-03-25,8,4,4
2015-03-09,35,24,11
2015-03-01,0,0,0
2015-03-21,14,4,10
2015-03-11,6,1,5
2015-03-04,11,1,10
2015-03-13,23,19,4
2015-03-06,31,22,9
2015-03-26,17,7,10
2015-03-28,2,0,2
2015-03-14,11,2,9
2015-03-18,16,7,9
2015-03-18,4,0,4
2015-03-19,25,4,21
2015-03-17,13,1,12
2015-03-31,25,18,7
2015-03-30,35,4,31
2015-03-30,0,0,0
2015-03-21,11,6,5
2015-03-28,9,4,5
2015-03-02,0,0,0
2015-03-02,12,0,12
2015-03-07,18,6,12
2015-03-10,32,2,30
2015-03-08,2,0,2
2015-03-28,21,8,13
2015-03-28,1,1,0
2015-03-10,0,0,0
2015-03-02,44,27,17
2015-03-06,27,3,24
2015-03-06,25,11,14
2015-03-06,5,3,2
2015-03-13,0,0,0
2015-03-07,0,0,0
2015-03-16,21,8,13
2015-03-30,20,6,14
2015-03-06,6,4,2
2015-03-09,21,3,18
2015-03-17,5,1,4
2015-03-20,3,0,3
2015-03-02,19,11,8
2015-03-21,14,4,10
2015-03-11,11,10,1
2015-03-09,12,7,5
2015-03-14,14,11,3
2015-03-03,14,9,5
2015-03-06,12,0,12
2015-03-12,11,5,6
2015-03-16,2,2,0
2015-03-17,0,0,0
2015-03-22,15,10,5
2015-03-09,9,3,6
2015-03-04,4,1,3
2015-03-23,3,1,2
2015-03-29,2,0,2
2015-03-24,10,5,5
2015-03-11,13,8,5
2015-03-23,4,1,3
2015-03-05,11,3,8
2015-03-17,0,0,0
2015-03-04,21,11,10
2015-03-06,2,2,0
2015-03-11,34,22,12
2015-03-23,29,24,5
2015-03-16,0,0,0
2015-03-20,11,2,9
2015-03-17,1,1,0
2015-03-02,4,0,4
2015-03-31,6,0,6
2015-03-01,2,0,2
2015-03-21,13,7,6
2015-03-17,19,12,7
2015-03-26,0,0,0
2015-03-01,0,0,0
2015-03-05,34,30,4
2015-03-03,0,0,0
2015-03-05,0,0,0
2015-03-28,19,5,14
2015-03-10,26,3,23
2015-03-07,22,14,8
2015-03-01,15,6,9
2015-03-21,12,5,7
2015-03-13,1,1,0
2015-03-18,15,8,7
2015-03-28,0,0,0
2015-03-20,14,9,5
2015-03-25,2,2,0
2015-03-09,36,5,31
2015-03-17,35,3,32
2015-03-12,6,0,6
2015-03-22,1,1,0
2015-03-10,6,0,6
2015-03-13,9,2,7
2015-03-25,41,20,21
2015-03-30,4,4,0
2015-03-25,14,6,8
2015-03-10,39,31,8
2015-03-31,35,3,32
2015-03-21,4,0,4
2015-03-16,24,18,6
2015-03-24,0,0,0
2015-03-11,8,0,8
2015-03-29,0,0,0
2015-03-08,2,2,0
2015-03-23,24,4,20
2015-03-18,0,0,0
2015-03-30,3,1,2
2015-03-25,21,3,18
2015-03-18,20,16,4
2015-03-08,1,1,0
2015-03-24,26,4,22
2015-03-30,0,0,0
2015-03-04,8,4,4
2015-03-14,3,1,2
2015-03-31,24,19,5
2015-03-19,25,15,10
2015-03-24,8,4,4
2015-03-11,25,3,22
2015-03-13,14,2,12
2015-03-07,3,2,1
2015-03-14,7,4,3
2015-03-16,12,4,8
2015-03-15,7,2,5
2015-03-19,2,2,0
2015-03-21,0,0,0
2015-03-11,9,2,7
2015-03-18,1,1,0
2015-03-24,0,0,0
2015-03-13,28,1,27
2015-03-10,7,2,5
2015-03-20,0,0,0
2015-03-19,0,0,0
2015-03-16,1,1,0
2015-03-05,0,0,0
2015-03-20,0,0,0
2015-03-20,0,0,0
2015-03-14,0,0,0
2015-03-23,0,0,0
2015-03-20,21,0,21
2015-03-29,1,1,0
2015-03-26,32,3,29
2015-03-20,26,4,22
2015-03-29,19,11,8
2015-03-31,1,1,0
2015-03-25,19,7,12
2015-03-10,18,13,5
2015-03-12,6,2,4
2015-03-26,2,1,1
2015-03-11,27,1,26
2015-03-03,12,9,3
2015-03-04,4,0,4
2015-03-05,12,6,6
2015-03-16,16,7,9
2015-03-12,40,3,37
2015-03-20,7,1,6
2015-03-04,21,7,14
2015-03-14,8,3,5
2015-03-18,12,0,12
2015-03-25,10,1,9
2015-03-17,32,20,12
2015-03-24,3,0,3
2015-03-24,18,10,8
2015-03-08,1,1,0
2015-03-04,48,4,44
2015-03-06,9,0,9
2015-03-10,8,1,7
2015-03-13,13,11,2
2015-03-26,9,3,6
2015-03-15,8,2,6
2015-03-12,10,5,5
2015-03-30,9,2,7
2015-03-29,0,0,0
2015-03-11,0,0,0
2015-03-23,10,4,6
2015-03-03,27,12,15
2015-03-04,40,29,11
2015-03-25,30,2,28
2015-03-03,17,11,6
2015-03-21,4,0,4
2015-03-28,9,5,4
2015-03-19,34,3,31
2015-03-10,16,2,14
2015-03-30,2,2,0
2015-03-09,0,0,0
2015-03-13,20,3,17
2015-03-25,16,2,14
2015-03-24,16,0,16
2015-03-26,34,21,13
2015-03-19,13,6,7
2015-03-16,0,0,0
2015-03-14,0,0,0
2015-03-30,31,4,27
2015-03-08,14,5,9
2015-03-22,3,1,2
2015-03-09,0,0,0
2015-03-10,0,0,0
2015-03-09,0,0,0
2015-03-06,1,1,0
2015-03-22,25,4,21
2015-03-01,11,7,4
2015-03-07,0,0,0
2015-03-25,0,0,0
2015-03-17,14,6,8
2015-03-27,41,27,14
2015-03-02,22,8,14
2015-03-25,23,14,9
2015-03-11,6,4,2
2015-03-15,7,2,5
2015-03-15,0,0,0
2015-03-12,0,0,0
2015-03-06,20,7,13
2015-03-15,9,3,6
2015-03-19,7,4,3
2015-03-08,18,9,9
2015-03-22,1,1,0
2015-03-08,,,
2015-03-18,32,2,30
2015-03-28,11,7,4
2015-03-20,7,5,2
2015-03-28,0,0,0
2015-03-14,0,0,0
2015-03-29,5,2,3
2015-03-04,18,3,15
2015-03-07,20,5,15
2015-03-29,0,0,0
2015-03-20,0,0,0
2015-03-02,0,0,0
2015-03-13,15,1,14
2015-03-25,0,0,0
2015-03-04,35,22,13
2015-03-10,12,8,4
2015-03-01,0,0,0
2015-03-19,4,1,3
2015-03-29,12,6,6
2015-03-29,7,3,4
2015-03-18,44,5,39
2015-03-07,2,0,2
2015-03-07,1,1,0
2015-03-18,6,4,2
2015-03-10,7,5,2
2015-03-31,0,0,0
2015-03-20,10,5,5
2015-03-07,5,0,5
2015-03-18,13,7,6
2015-03-15,0,0,0
2015-03-25,2,2,0
2015-03-24,10,3,7
2015-03-12,14,2,12
2015-03-18,1,1,0
2015-03-27,5,0,5
2015-03-01,33,17,16
2015-03-20,8,0,8
2015-03-23,14,8,6
2015-03-13,22,0,22
2015-03-09,36,29,7
2015-03-17,0,0,0
2015-03-08,19,7,12
2015-03-22,3,0,3
2015-03-29,16,8,8
2015-03-30,40,31,9
2015-03-31,5,2,3
2015-03-26,1,1,0
2015-03-01,3,1,2
2015-03-03,15,2,13
2015-03-01,3,1,2
2015-03-15,1,1,0
2015-03-27,11,3,8
2015-03-22,1,1,0
2015-03-06,27,19,8
2015-03-11,0,0,0
2015-03-06,17,7,10
2015-03-22,7,0,7
2015-03-27,34,2,32
2015-03-12,4,2,2
2015-03-12,0,0,0
2015-03-03,0,0,0
2015-03-14,6,3,3
2015-03-19,0,0,0
2015-03-26,19,3,16
2015-03-22,2,2,0
2015-03-05,8,2,6
2015-03-09,3,0,3
2015-03-31,4,2,2
2015-03-11,1,1,0
2015-03-25,15,4,11
2015-03-11,19,6,13
2015-03-22,0,0,0
2015-03-04,4,2,2
2015-03-16,17,3,14
2015-03-18,15,5,10
2015-03-21,20,2,18
2015-03-09,0,0,0
2015-03-11,16,14,2
2015-03-02,32,0,32
2015-03-21,6,3,3
2015-03-18,28,3,25
2015-03-23,0,0,0
2015-03-01,9,1,8
2015-03-14,0,0,0
2015-03-20,19,13,6
2015-03-16,11,3,8
2015-03-18,18,9,9
2015-03-02,0,0,0
2015-03-06,3,2,1
2015-03-21,0,0,0
2015-03-27,1,1,0
2015-03-31,15,6,9
2015-03-21,9,3,6
2015-03-05,0,0,0
2015-03-12,0,0,0
2015-03-02,2,2,0
2015-03-01,2,0,2
2015-03-19,5,3,2
2015-03-27,22,1,21
2015-03-11,9,1,8
2015-03-07,3,1,2
2015-03-23,0,0,0
2015-03-30,23,4,19
2015-03-17,17,1,16
2015-03-29,4,1,3
2015-03-12,16,7,9
2015-03-21,7,1,6
2015-03-27,18,12,6
2015-03-09,0,0,0
2015-03-04,0,0,0
2015-03-28,5,0,5
2015-03-15,1,1,0
2015-03-07,12,1,11
2015-03-10,24,3,21
2015-03-24,15,5,10
2015-03-31,17,10,7
2015-03-28,14,6,8
2015-03-18,1,1,0
2015-03-28,10,6,4
2015-03-29,0,0,0
2015-03-31,4,1,3
2015-03-28,7,7,0
2015-03-06,0,0,0
2015-03-14,1,0,1
2015-03-27,31,1,30
2015-03-08,2,0,2
2015-03-17,16,9,7
2015-03-13,0,0,0
2015-03-05,25,5,20
2015-03-27,24,15,9
2015-03-01,0,0,0
2015-03-09,16,8,8
2015-03-14,17,3,14
2015-03-16,0,0,0
2015-03-29,0,0,0
2015-03-21,4,3,1
2015-03-26,14,6,8
2015-03-16,19,16,3
2015-03-26,0,0,0
2015-03-12,5,2,3
2015-03-20,20,2,18
2015-03-19,34,22,12
2015-03-26,29,2,27
2015-03-01,4,0,4
2015-03-25,3,3,0
2015-03-07,18,10,8
2015-03-15,3,3,0
2015-03-13,2,2,0
2015-03-29,11,5,6
2015-03-12,12,7,5
2015-03-31,0,0,0
2015-03-31,0,0,0
2015-03-23,11,5,6
2015-03-30,27,3,24
2015-03-07,0,0,0
2015-03-14,3,0,3
2015-03-09,0,0,0
2015-03-09,7,2,5
2015-03-31,0,0,0
2015-03-06,34,7,27
2015-03-28,0,0,0
2015-03-19,16,3,13
2015-03-25,5,2,3
2015-03-12,19,1,18
2015-03-23,15,2,13
2015-03-14,7,3,4
2015-03-04,4,2,2
2015-03-08,2,1,1
2015-03-03,3,3,0
2015-03-11,16,0,16
2015-03-16,15,12,3
2015-03-04,2,0,2
2015-03-29,9,2,7
2015-03-21,0,0,0
2015-03-24,20,9,11
2015-03-05,9,5,4
2015-03-26,0,0,0
2015-03-12,12,5,7
2015-03-27,28,16,12
2015-03-11,32,23,9
2015-03-16,6,0,6
2015-03-10,18,11,7
2015-03-27,21,7,14
2015-03-05,39,16,23
2015-03-19,15,11,4
2015-03-27,1,1,0
2015-03-20,22,14,8
2015-03-14,16,10,6
2015-03-08,1,0,1
2015-03-10,0,0,0
2015-03-10,1,1,0
2015-03-21,14,7,7
2015-03-23,31,22,9
2015-03-08,16,7,9
2015-03-13,25,1,24
2015-03-31,18,4,14
2015-03-28,12,2,10
2015-03-13,10,6,4
2015-03-12,23,1,22
2015-03-04,0,0,0
2015-03-07,0,0,0
2015-03-06,5,2,3
2015-03-31,9,4,5
2015-03-23,0,0,0
2015-03-13,7,7,0
2015-03-17,1,1,0
2015-03-30,0,0,0
2015-03-24,22,3,19
2015-03-14,0,0,0
2015-03-12,21,17,4
2015-03-02,5,3,2
2015-03-05,50,3,47
2015-03-24,11,2,9
2015-03-16,23,1,22
2015-03-24,4,3,1
2015-03-03,27,16,11
2015-03-26,12,2,10
2015-03-29,0,0,0
2015-03-15,0,0,0
2015-03-25,0,0,0
2015-03-22,4,2,2
2015-03-14,10,2,8
2015-03-17,12,6,6
2015-03-31,26,3,23
2015-03-30,11,1,10
2015-03-10,21,3,18
2015-03-22,3,0,3
2015-03-03,12,4,8
2015-03-02,7,5,2
2015-03-23,24,1,23
2015-03-17,5,2,3
2015-03-08,20,4,16
2015-03-14,5,1,4
2015-03-13,15,4,11
2015-03-06,0,0,0
2015-03-23,25,5,20
2015-03-26,14,0,14
2015-03-05,24,5,19
2015-03-18,34,25,9
2015-03-15,0,0,0
2015-03-08,0,0,0
2015-03-09,15,11,4
2015-03-26,0,0,0
2015-03-20,0,0,0
2015-03-30,24,18,6
2015-03-12,0,0,0
2015-03-25,9,2,7
2015-03-15,0,0,0
2015-03-20,24,4,20
2015-03-04,19,11,8
2015-03-27,2,2,0
2015-03-05,0,0,0
2015-03-05,7,1,6
2015-03-03,0,0,0
2015-03-01,5,1,4
2015-03-22,6,6,0
2015-03-09,11,2,9
2015-03-11,0,0,0
2015-03-14,2,0,2
2015-03-12,22,2,20
2015-03-29,6,5,1
2015-03-25,3,2,1
2015-03-22,12,3,9
2015-03-31,26,21,5
2015-03-08,20,13,7
2015-03-26,0,0,0
2015-03-27,0,0,0
2015-03-23,20,13,7
2015-03-08,16,3,13
2015-03-17,14,2,12
2015-03-21,18,12,6
2015-03-16,0,0,0
2015-03-07,30,19,11
2015-03-26,20,2,18
2015-03-02,36,4,32
2015-03-15,1,1,0
2015-03-23,9,1,8
2015-03-26,2,2,0
2015-03-02,0,0,0
2015-03-17,7,4,3
2015-03-19,13,5,8
2015-03-17,4,4,0
2015-03-17,30,26,4
2015-03-19,9,5,4
2015-03-13,7,4,3
2015-03-03,21,2,19
2015-03-04,16,4,12
2015-03-09,14,6,8
2015-03-22,1,1,0
2015-03-24,0,0,0
2015-03-06,20,5,15
2015-04-24,1,1,0
2015-04-14,1,1,0
2015-04-29,0,0,0
2015-04-01,8,3,5
2015-04-18,6,1,5
2015-04-02,10,2,8
2015-04-22,18,8,10
2015-04-16,13,11,2
2015-04-13,27,4,23
2015-04-09,2,0,2
2015-04-20,12,7,5
2015-04-25,6,4,2
2015-04-29,15,7,8
2015-04-09,7,5,2
2015-04-03,4,2,2
2015-04-24,0,0,0
2015-04-27,45,34,11
2015-04-22,9,1,8
2015-04-07,12,6,6
2015-04-14,0,0,0
2015-04-20,16,8,8
2015-04-07,26,16,10
2015-04-10,7,1,6
2015-04-15,0,0,0
2015-04-03,13,6,7
2015-04-20,35,6,29
2015-04-17,0,0,0
2015-04-30,20,16,4
2015-04-05,4,2,2
2015-04-09,28,3,25
2015-04-06,5,1,4
2015-04-01,4,0,4
2015-04-11,14,10,4
2015-04-14,18,10,8
2015-04-28,5,2,3
2015-04-26,9,9,0
2015-04-20,33,5,28
2015-04-06,18,9,9
2015-04-08,19,13,6
2015-04-11,0,0,0
2015-04-13,13,6,7
2015-04-23,11,7,4
2015-04-04,0,0,0
2015-04-08,2,0,2
2015-04-06,15,13,2
2015-04-29,7,1,6
2015-04-20,28,13,15
2015-04-04,6,4,2
2015-04-03,0,0,0
2015-04-01,2,0,2
2015-04-04,7,2,5
2015-04-19,16,10,6
2015-04-10,5,3,2
2015-04-05,23,10,13
2015-04-24,4,4,0
2015-04-07,7,2,5
2015-04-06,0,0,0
2015-04-23,10,2,8
2015-04-03,8,5,3
2015-04-02,30,21,9
2015-04-29,40,7,33
2015-04-25,21,13,8
2015-04-08,12,7,5
2015-04-20,14,8,6
2015-04-29,34,21,13
2015-04-02,1,1,0
2015-04-20,22,14,8
2015-04-14,5,0,5
2015-04-11,0,0,0
2015-04-21,0,0,0
2015-04-23,25,22,3
2015-04-14,6,1,5
2015-04-08,37,26,11
2015-04-10,21,8,13
2015-04-22,0,0,0
2015-04-05,7,3,4
2015-04-09,0,0,0
2015-04-08,16,1,15
2015-04-06,21,17,4
2015-04-08,0,0,0
2015-04-27,14,8,6
2015-04-08,5,1,4
2015-04-07,6,0,6
2015-04-07,41,34,7
2015-04-02,13,0,13
2015-04-16,28,16,12
2015-04-28,2,0,2
2015-04-22,38,32,6
2015-04-11,0,0,0
2015-04-18,9,4,5
2015-04-04,6,1,5
2015-04-30,21,11,10
2015-04-14,0,0,0
2015-04-23,3,0,3
2015-04-06,5,3,2
2015-04-17,20,11,9
2015-04-18,5,1,4
2015-04-06,27,2,25
2015-04-13,3,0,3
2015-04-15,0,0,0
2015-04-14,18,3,15
2015-04-26,0,0,0
2015-04-20,8,1,7
2015-04-20,26,14,12
2015-04-09,6,4,2
2015-04-05,0,0,0
2015-04-20,0,0,0
2015-04-24,1,0,1
2015-04-11,0,0,0
2015-04-30,15,12,3
2015-04-14,11,9,2
2015-04-01,9,5,4
2015-04-10,8,4,4
2015-04-15,19,11,8
2015-04-24,22,18,4
2015-04-20,29,4,25
2015-04-04,6,0,6
2015-04-03,22,20,2
2015-04-22,3,1,2
2015-04-07,0,0,0
2015-04-04,0,0,0
2015-04-27,0,0,0
2015-04-06,6,0,6
2015-04-15,18,16,2
2015-04-23,18,13,5
2015-04-13,9,7,2
2015-04-19,20,8,12
2015-04-23,5,0,5
2015-04-18,0,0,0
2015-04-29,3,0,3
2015-04-16,0,0,0
2015-04-03,5,2,3
2015-04-01,0,0,0
2015-04-19,16,8,8
2015-04-23,1,1,0
2015-04-15,5,5,0
2015-04-02,0,0,0
2015-04-24,1,1,0
2015-04-16,34,0,34
2015-04-14,13,6,7
2015-04-26,0,0,0
2015-04-19,1,1,0
2015-04-24,19,5,14
2015-04-04,3,1,2
2015-04-29,1,1,0
2015-04-18,0,0,0
2015-04-03,9,7,2
2015-04-21,1,1,0
2015-04-10,7,6,1
2015-04-23,6,5,1
2015-04-03,27,16,11
2015-04-06,17,5,12
2015-04-17,24,19,5
2015-04-18,15,11,4
2015-04-17,0,0,0
2015-04-05,5,0,5
2015-04-15,41,2,39
2015-04-12,0,0,0
2015-04-07,0,0,0
2015-04-05,2,2,0
2015-04-05,0,0,0
2015-04-06,0,0,0
2015-04-05,0,0,0
2015-04-09,30,22,8
2015-04-03,1,1,0
2015-04-21,8,1,7
2015-04-23,3,0,3
2015-04-01,2,0,2
2015-04-27,12,5,7
2015-04-19,0,0,0
2015-04-25,12,6,6
2015-04-15,13,12,1
2015-04-12,12,5,7
2015-04-03,6,0,6
2015-04-26,13,4,9
2015-04-12,14,6,8
2015-04-06,2,0,2
2015-04-05,12,8,4
2015-04-09,10,2,8
2015-04-19,5,5,0
2015-04-19,15,3,12
2015-04-13,0,0,0
2015-04-30,0,0,0
2015-04-08,27,8,19
2015-04-16,0,0,0
2015-04-28,9,1,8
2015-04-28,0,0,0
2015-04-04,17,4,13
2015-04-28,14,2,12
2015-04-14,0,0,0
2015-04-12,12,4,8
2015-04-18,13,8,5
2015-04-29,7,4,3
2015-04-04,2,2,0
2015-04-27,0,0,0
2015-04-27,7,2,5
2015-04-26,9,8,1
2015-04-05,1,0,1
2015-04-06,37,4,33
2015-04-19,23,7,16
2015-04-19,0,0,0
2015-04-18,14,9,5
2015-04-04,2,0,2
2015-04-17,14,10,4
2015-04-30,14,14,0
2015-04-09,0,0,0
2015-04-17,4,2,2
2015-04-07,22,2,20
2015-04-07,24,22,2
2015-04-23,35,24,11
2015-04-25,5,3,2
2015-04-09,42,29,13
2015-04-15,11,5,6
2015-04-29,4,2,2
2015-04-27,21,0,21
2015-04-09,47,7,40
2015-04-28,1,1,0
2015-04-01,7,3,4
2015-04-09,11,1,10
2015-04-11,9,6,3
2015-04-26,0,0,0
2015-04-10,2,0,2
2015-04-10,0,0,0
2015-04-10,2,2,0
2015-04-15,18,8,10
2015-04-14,20,4,16
2015-04-17,13,0,13
2015-04-03,9,8,1
2015-04-04,21,12,9
2015-04-24,24,1,23
2015-04-25,0,0,0
2015-04-23,4,3,1
2015-04-14,6,1,5
2015-04-28,12,9,3
2015-04-27,21,14,7
2015-04-13,5,3,2
2015-04-30,36,4,32
2015-04-07,10,4,6
2015-04-24,14,8,6
2015-04-08,4,1,3
2015-04-09,7,3,4
2015-04-23,2,0,2
2015-04-10,8,4,4
2015-04-25,11,5,6
2015-04-02,10,2,8
2015-04-30,0,0,0
2015-04-08,23,15,8
2015-04-02,23,3,20
2015-04-17,18,11,7
2015-04-23,8,1,7
2015-04-21,12,3,9
2015-04-19,9,4,5
2015-04-08,1,1,0
2015-04-25,14,6,8
2015-04-09,11,9,2
2015-04-18,2,0,2
2015-04-27,14,11,3
2015-04-27,22,12,10
2015-04-27,4,3,1
2015-04-18,18,8,10
2015-04-10,0,0,0
2015-04-26,0,0,0
2015-04-10,0,0,0
2015-04-26,6,4,2
2015-04-26,3,0,3
2015-04-20,5,1,4
2015-04-11,0,0,0
2015-04-21,17,8,9
2015-04-08,4,4,0
2015-04-13,0,0,0
2015-04-24,10,4,6
2015-04-17,3,2,1
2015-04-26,3,1,2
2015-04-29,1,1,0
2015-04-24,6,4,2
2015-04-15,8,6,2
2015-04-20,12,2,10
2015-04-03,0,0,0
2015-04-28,9,4,5
2015-04-19,0,0,0
2015-04-05,24,7,17
2015-04-05,20,9,11
2015-04-28,11,4,7
2015-04-09,1,1,0
2015-04-29,38,34,4
2015-04-22,0,0,0
2015-04-19,8,2,6
2015-04-24,0,0,0
2015-04-26,6,6,0
2015-04-08,0,0,0
2015-04-13,3,1,2
2015-04-02,0,0,0
2015-04-08,23,2,21
2015-04-04,3,1,2
2015-04-25,3,0,3
2015-04-29,28,17,11
2015-04-01,17,13,4
2015-04-22,0,0,0
2015-04-10,6,2,4
2015-04-11,11,6,5
2015-04-06,0,0,0
2015-04-02,12,3,9
2015-04-22,14,3,11
2015-04-10,0,0,0
2015-04-17,5,0,5
2015-04-13,24,19,5
2015-04-21,3,1,2
2015-04-02,31,21,10
2015-04-21,38,28,10
2015-04-22,0,0,0
2015-04-14,0,0,0
2015-04-21,1,1,0
2015-04-22,2,1,1
2015-04-13,0,0,0
2015-04-14,20,1,19
2015-04-05,0,0,0
2015-04-01,3,3,0
2015-04-25,0,0,0
2015-04-30,17,4,13
2015-04-01,20,1,19
2015-04-27,15,4,11
2015-04-25,0,0,0
2015-04-12,0,0,0
2015-04-11,14,6,8
2015-04-21,23,14,9
2015-04-19,1,1,0
2015-04-16,23,7,16
2015-04-30,9,2,7
2015-04-05,4,0,4
2015-04-03,2,2,0
2015-04-23,7,2,5
2015-04-21,26,23,3
2015-04-23,38,6,32
2015-04-25,12,4,8
2015-04-01,0,0,0
2015-04-12,2,0,2
2015-04-30,2,0,2
2015-04-29,5,2,3
2015-04-28,6,1,5
2015-04-08,34,2,32
2015-04-13,20,10,10
2015-04-07,23,7,16
2015-04-17,1,1,0
2015-04-30,0,0,0
2015-04-11,12,4,8
2015-04-30,10,2,8
2015-04-16,18,0,18
2015-04-03,34,1,33
2015-04-14,5,3,2
2015-04-26,2,0,2
2015-04-03,10,5,5
2015-04-08,6,6,0
2015-04-02,27,1,26
2015-04-26,0,0,0
2015-04-18,0,0,0
2015-04-30,0,0,0
2015-04-01,8,6,2
2015-04-18,14,6,8
2015-04-02,4,4,0
2015-04-26,3,1,2
2015-04-06,25,13,12
2015-04-11,0,0,0
2015-04-18,5,0,5
2015-04-11,7,0,7
2015-04-20,48,35,13
2015-04-07,2,2,0
2015-04-13,4,3,1
2015-04-15,16,1,15
2015-04-25,1,1,0
2015-04-28,4,1,3
2015-04-03,10,0,10
2015-04-24,0,0,0
2015-04-21,0,0,0
2015-04-19,29,12,17
2015-04-14,17,2,15
2015-04-02,12,1,11
2015-04-25,12,8,4
2015-04-10,17,12,5
2015-04-29,2,2,0
2015-04-05,12,8,4
2015-04-21,41,2,39
2015-04-04,21,9,12
2015-04-18,15,6,9
2015-04-03,0,0,0
2015-04-04,0,0,0
2015-04-26,7,1,6
2015-04-07,5,2,3
2015-04-15,1,1,0
2015-04-12,12,1,11
2015-04-01,22,0,22
2015-04-21,9,2,7
2015-04-12,0,0,0
2015-04-20,0,0,0
2015-04-25,4,0,4
2015-04-28,2,0,2
2015-04-06,14,4,10
2015-04-12,27,7,20
2015-04-06,0,0,0
2015-04-05,3,0,3
2015-04-18,2,2,0
2015-04-04,15,4,11
2015-04-20,0,0,0
2015-04-24,16,6,10
2015-04-17,25,6,19
2015-04-06,22,12,10
2015-04-19,19,6,13
2015-04-04,3,0,3
2015-04-16,5,1,4
2015-04-21,8,5,3
2015-04-17,30,6,24
2015-04-23,0,0,0
2015-04-30,44,37,7
2015-04-25,0,0,0
2015-04-26,0,0,0
2015-04-11,5,0,5
2015-04-07,23,17,6
2015-04-19,2,0,2
2015-04-10,18,8,10
2015-04-01,36,23,13
2015-04-19,0,0,0
2015-04-23,9,1,8
2015-04-06,43,35,8
2015-04-08,43,5,38
2015-04-22,9,4,5
2015-04-27,44,31,13
2015-04-28,15,1,14
2015-04-26,18,2,16
2015-04-09,0,0,0
2015-04-29,8,5,3
2015-04-09,1,1,0
2015-04-22,5,0,5
2015-04-10,0,0,0
2015-04-07,42,3,39
2015-04-12,14,6,8
2015-04-18,6,4,2
2015-04-16,1,1,0
2015-04-03,32,2,30
2015-04-15,0,0,0
2015-04-03,27,0,27
2015-04-19,27,18,9
2015-04-11,5,2,3
2015-04-09,41,4,37
2015-04-15,7,2,5
2015-04-11,12,8,4
2015-04-22,3,0,3
2015-04-11,16,10,6
2015-04-04,17,7,10
2015-04-19,0,0,0
2015-04-25,8,0,8
2015-04-30,5,3,2
2015-04-18,3,3,0
2015-04-15,12,11,1
2015-04-27,13,0,13
2015-04-10,19,1,18
2015-04-13,24,6,18
2015-04-27,0,0,0
2015-04-25,13,2,11
2015-04-20,0,0,0
2015-04-17,0,0,0
2015-04-07,1,1,0
2015-04-25,4,2,2
2015-04-11,0,0,0
2015-04-02,35,5,30
2015-04-17,0,0,0
2015-04-05,12,7,5
2015-04-06,0,0,0
2015-04-11,10,8,2
2015-04-29,29,2,27
2015-04-13,18,10,8
2015-04-15,14,1,13
2015-04-22,21,13,8
2015-04-01,0,0,0
2015-04-24,6,0,6
2015-04-07,7,4,3
2015-04-13,10,1,9
2015-04-16,2,2,0
2015-04-05,7,4,3
2015-04-30,5,3,2
2015-04-09,18,14,4
2015-04-26,14,8,6
2015-04-27,0,0,0
2015-04-15,17,4,13
2015-04-06,17,3,14
2015-04-09,5,0,5
2015-04-18,3,1,2
2015-04-21,10,2,8
2015-04-16,0,0,0
2015-04-09,40,31,9
2015-04-07,0,0,0
2015-04-03,2,2,0
2015-04-19,13,8,5
2015-04-14,12,8,4
2015-04-08,12,8,4
2015-04-12,13,9,4
2015-04-14,10,10,0
2015-04-16,42,34,8
2015-04-08,23,17,6
2015-04-24,0,0,0
2015-04-01,2,2,0
2015-04-12,16,8,8
2015-04-14,0,0,0
2015-04-13,2,0,2
2015-04-10,26,22,4
2015-04-21,7,2,5
2015-04-15,28,3,25
2015-04-03,7,4,3
2015-04-26,11,6,5
2015-04-26,0,0,0
2015-04-26,16,11,5
2015-04-13,30,4,26
2015-04-15,39,34,5
2015-04-09,0,0,0
2015-04-10,6,6,0
2015-04-04,0,0,0
2015-04-11,4,1,3
2015-04-08,0,0,0
2015-04-05,6,4,2
2015-04-21,0,0,0
2015-04-12,2,1,1
2015-04-28,7,4,3
2015-04-22,27,2,25
2015-04-16,21,5,16
2015-04-24,17,1,16
2015-04-30,4,0,4
2015-04-02,29,18,11
2015-04-16,5,1,4
2015-04-01,9,1,8
2015-04-11,8,4,4
2015-04-07,13,1,12
2015-04-02,5,0,5
2015-04-30,5,2,3
2015-04-28,0,0,0
2015-04-06,12,0,12
2015-04-12,2,0,2
2015-04-10,1,1,0
2015-04-16,7,4,3
2015-04-07,0,0,0
2015-04-20,51,33,18
2015-04-19,0,0,0
2015-04-30,40,6,34
2015-04-28,27,2,25
2015-04-10,14,12,2
2015-04-16,23,16,7
2015-04-12,8,8,0
2015-04-03,17,11,6
2015-04-17,33,5,28
2015-04-13,0,0,0
2015-04-03,0,0,0
2015-04-30,8,4,4
2015-04-27,8,7,1
2015-04-22,17,4,13
2015-04-23,6,3,3
2015-04-14,20,17,3
2015-04-21,14,6,8
2015-04-12,14,11,3
2015-04-21,0,0,0
2015-04-17,24,13,11
2015-04-05,2,0,2
2015-04-24,26,19,7
2015-04-21,27,2,25
2015-04-25,12,9,3
2015-04-21,7,5,2
2015-04-17,0,0,0
2015-04-17,39,32,7
2015-04-22,32,19,13
2015-04-02,0,0,0
2015-04-09,11,2,9
2015-04-23,10,1,9
2015-04-19,2,0,2
2015-04-11,0,0,0
2015-04-29,0,0,0
2015-04-11,5,4,1
2015-04-20,49,6,43
2015-04-01,40,3,37
2015-04-17,9,3,6
2015-04-24,1,1,0
2015-04-29,0,0,0
2015-04-07,40,5,35
2015-04-13,5,1,4
2015-04-29,13,7,6
2015-04-28,30,3,27
2015-04-17,16,11,5
2015-04-25,12,5,7
2015-04-08,9,0,9
2015-04-14,12,8,4
2015-04-28,26,22,4
2015-04-02,21,15,6
2015-04-29,0,0,0
2015-04-25,1,0,1
2015-04-26,5,4,1
2015-04-01,21,13,8
2015-04-04,14,6,8
2015-04-23,4,4,0
2015-04-02,0,0,0
2015-04-13,18,0,18
2015-04-13,0,0,0
2015-04-27,17,14,3
2015-04-05,1,1,0
2015-04-08,0,0,0
2015-04-04,17,7,10
2015-04-12,0,0,0
2015-04-27,4,1,3
2015-04-17,20,10,10
2015-04-13,1,1,0
2015-04-06,4,4,0
2015-04-23,29,5,24
2015-04-04,19,4,15
2015-04-12,3,1,2
2015-04-12,5,2,3
2015-04-18,0,0,0
2015-04-16,14,11,3
2015-04-05,19,5,14
2015-04-17,29,5,24
2015-04-24,8,3,5
2015-04-28,0,0,0
2015-04-10,28,2,26
2015-04-04,2,0,2
2015-04-20,0,0,0
2015-04-16,34,5,29
2015-04-26,1,0,1
2015-04-06,1,1,0
2015-04-16,17,8,9
2015-04-03,2,0,2
2015-04-29,25,2,23
2015-04-24,29,3,26
2015-04-04,7,2,5
2015-04-21,21,2,19
2015-04-30,28,5,23
2015-04-20,13,7,6
2015-04-09,14,7,7
2015-04-01,30,5,25
2015-04-24,11,3,8
2015-04-23,0,0,0
2015-04-11,18,13,5
2015-04-22,10,3,7
2015-04-01,0,0,0
2015-04-14,23,5,18
2015-04-14,33,23,10
2015-04-05,10,7,3
2015-04-01,22,17,5
2015-04-12,0,0,0
2015-04-07,9,3,6
2015-04-22,10,4,6
2015-04-07,28,7,21
2015-04-27,33,3,30
2015-04-14,27,3,24
2015-04-10,22,0,22
2015-04-24,0,0,0
2015-04-25,13,6,7
2015-04-29,10,0,10
2015-04-22,1,1,0
2015-04-22,13,7,6
2015-04-17,1,1,0
2015-04-05,15,4,11
2015-04-16,0,0,0
2015-04-02,14,3,11
2015-04-29,32,18,14
2015-04-02,0,0,0
2015-04-02,6,4,2
2015-04-21,12,4,8
2015-04-30,3,0,3
2015-04-15,0,0,0
2015-04-13,1,1,0
2015-04-18,0,0,0
2015-04-18,12,8,4
2015-04-16,14,1,13
2015-04-23,12,3,9
2015-04-25,0,0,0
2015-04-06,24,2,22
2015-04-15,31,23,8
2015-04-28,25,3,22
2015-04-18,21,7,14
2015-04-16,2,2,0
2015-04-27,36,4,32
2015-04-08,9,6,3
2015-04-29,18,10,8
2015-04-12,11,6,5
2015-04-21,0,0,0
2015-04-18,13,7,6
2015-04-08,15,9,6
2015-04-20,4,4,0
2015-04-02,32,14,18
2015-04-15,35,4,31
2015-04-16,5,5,0
2015-04-28,28,21,7
2015-04-20,3,0,3
2015-04-15,0,0,0
2015-04-12,5,1,4
2015-04-28,20,13,7
2015-04-12,3,1,2
2015-04-23,0,0,0
2015-04-01,8,2,6
2015-04-22,39,3,36
2015-04-09,18,9,9
2015-04-27,0,0,0
2015-04-13,12,9,3
2015-04-30,36,26,10
2015-04-25,1,1,0
2015-04-22,25,1,24
2015-04-04,13,2,11
2015-04-15,7,5,2
2015-04-16,7,3,4
2015-04-30,11,4,7
2015-04-10,9,2,7
2015-04-20,0,0,0
2015-04-28,8,6,2
2015-04-24,18,11,7
2015-04-26,21,12,9
2015-04-28,0,0,0
2015-04-27,0,0,0
2015-04-19,18,12,6
2015-04-02,0,0,0
2015-04-07,0,0,0
2015-04-11,9,3,6
2015-04-01,19,14,5
2015-04-19,0,0,0
2015-04-27,3,1,2
2015-04-12,0,0,0
2015-04-18,0,0,0
2015-04-22,41,30,11
2015-05-19,0,0,0
2015-05-13,26,21,5
2015-05-04,1,1,0
2015-05-06,17,12,5
2015-05-03,1,1,0
2015-05-29,30,6,24
2015-05-16,11,3,8
2015-05-15,5,2,3
2015-05-14,4,1,3
2015-05-28,16,7,9
2015-05-19,3,0,3
2015-05-03,30,11,19
2015-05-23,0,0,0
2015-05-15,53,40,13
2015-05-16,10,1,9
2015-05-03,0,0,0
2015-05-27,20,4,16
2015-05-14,3,3,0
2015-05-04,34,1,33
2015-05-31,12,6,6
2015-05-12,0,0,0
2015-05-07,0,0,0
2015-05-20,1,1,0
2015-05-19,26,3,23
2015-05-08,22,1,21
2015-05-20,0,0,0
2015-05-24,0,0,0
2015-05-05,0,0,0
2015-05-23,10,5,5
2015-05-18,31,26,5
2015-05-30,0,0,0
2015-05-03,0,0,0
2015-05-21,4,0,4
2015-05-18,17,9,8
2015-05-19,11,5,6
2015-05-27,3,3,0
2015-05-11,1,1,0
2015-05-15,28,21,7
2015-05-25,0,0,0
2015-05-02,22,9,13
2015-05-05,3,3,0
2015-05-14,38,29,9
2015-05-03,1,0,1
2015-05-27,23,21,2
2015-05-13,0,0,0
2015-05-15,1,1,0
2015-05-08,12,0,12
2015-05-26,56,7,49
2015-05-12,2,0,2
2015-05-05,1,1,0
2015-05-25,15,9,6
2015-05-26,0,0,0
2015-05-07,0,0,0
2015-05-30,5,2,3
2015-05-29,24,14,10
2015-05-24,0,0,0
2015-05-21,0,0,0
2015-05-17,9,3,6
2015-05-23,0,0,0
2015-05-15,1,1,0
2015-05-01,0,0,0
2015-05-18,2,2,0
2015-05-07,5,2,3
2015-05-04,16,10,6
2015-05-09,6,1,5
2015-05-05,0,0,0
2015-05-09,23,13,10
2015-05-31,15,12,3
2015-05-06,8,7,1
2015-05-12,13,5,8
2015-05-29,40,5,35
2015-05-29,3,0,3
2015-05-09,8,2,6
2015-05-16,8,1,7
2015-05-13,5,4,1
2015-05-17,12,4,8
2015-05-15,0,0,0
2015-05-30,2,2,0
2015-05-23,6,1,5
2015-05-19,7,7,0
2015-05-17,18,10,8
2015-05-11,12,10,2
2015-05-06,0,0,0
2015-05-27,9,5,4
2015-05-22,0,0,0
2015-05-05,38,4,34
2015-05-15,23,8,15
2015-05-11,39,3,36
2015-05-23,0,0,0
2015-05-02,33,6,27
2015-05-08,27,15,12
2015-05-16,13,2,11
2015-05-05,12,9,3
2015-05-06,20,2,18
2015-05-07,12,5,7
2015-05-22,30,16,14
2015-05-20,34,21,13
2015-05-08,6,3,3
2015-05-31,0,0,0
2015-05-17,0,0,0
2015-05-12,10,5,5
2015-05-01,38,23,15
2015-05-24,3,0,3
2015-05-14,44,36,8
2015-05-11,8,1,7
2015-05-26,11,5,6
2015-05-09,3,1,2
2015-05-18,33,25,8
2015-05-19,0,0,0
2015-05-21,11,3,8
2015-05-03,16,4,12
2015-05-23,6,1,5
2015-05-01,41,3,38
2015-05-07,4,0,4
2015-05-14,5,2,3
2015-05-25,9,1,8
2015-05-05,6,5,1
2015-05-30,19,9,10
2015-05-22,4,2,2
2015-05-14,5,0,5
2015-05-14,7,5,2
2015-05-31,21,7,14
2015-05-14,33,6,27
2015-05-31,13,6,7
2015-05-22,17,8,9
2015-05-17,0,0,0
2015-05-28,35,27,8
2015-05-01,1,1,0
2015-05-09,0,0,0
2015-05-05,7,1,6
2015-05-18,36,1,35
2015-05-03,18,8,10
2015-05-29,10,5,5
2015-05-15,0,0,0
2015-05-11,19,12,7
2015-05-04,10,5,5
2015-05-28,28,18,10
2015-05-05,3,1,2
2015-05-06,17,10,7
2015-05-06,5,2,3
2015-05-21,3,0,3
2015-05-21,48,5,43
2015-05-20,9,4,5
2015-05-04,0,0,0
2015-05-21,1,0,1
2015-05-09,19,11,8
2015-05-26,5,3,2
2015-05-01,21,9,12
2015-05-06,34,27,7
2015-05-04,33,2,31
2015-05-28,0,0,0
2015-05-15,6,2,4
2015-05-18,10,4,6
2015-05-30,10,10,0
2015-05-02,30,18,12
2015-05-10,3,0,3
2015-05-28,2,0,2
2015-05-21,27,6,21
2015-05-14,3,3,0
2015-05-13,20,6,14
2015-05-30,17,13,4
2015-05-17,3,3,0
2015-05-06,45,5,40
2015-05-17,14,5,9
2015-05-02,31,16,15
2015-05-18,18,4,14
2015-05-24,0,0,0
2015-05-16,0,0,0
2015-05-01,29,24,5
2015-05-30,1,1,0
2015-05-12,9,6,3
2015-05-29,3,2,1
2015-05-29,20,5,15
2015-05-21,6,4,2
2015-05-24,0,0,0
2015-05-17,11,11,0
2015-05-08,20,15,5
2015-05-02,0,0,0
2015-05-15,7,4,3
2015-05-04,23,22,1
2015-05-23,0,0,0
2015-05-28,1,1,0
2015-05-18,0,0,0
2015-05-11,7,1,6
2015-05-16,17,13,4
2015-05-18,17,14,3
2015-05-30,28,17,11
2015-05-10,26,7,19
2015-05-11,41,31,10
2015-05-04,25,2,23
2015-05-03,9,4,5
2015-05-07,2,2,0
2015-05-27,48,10,38
2015-05-01,10,4,6
2015-05-13,0,0,0
2015-05-31,2,0,2
2015-05-30,17,9,8
2015-05-26,13,7,6
2015-05-12,0,0,0
2015-05-15,31,17,14
2015-05-10,4,0,4
2015-05-15,24,0,24
2015-05-31,0,0,0
2015-05-24,5,1,4
2015-05-26,18,9,9
2015-05-04,13,7,6
2015-05-12,15,4,11
2015-05-22,11,7,4
2015-05-03,6,3,3
2015-05-26,29,23,6
2015-05-16,11,2,9
2015-05-02,2,2,0
2015-05-29,24,23,1
2015-05-10,0,0,0
2015-05-22,18,13,5
2015-05-26,18,10,8
2015-05-14,6,4,2
2015-05-01,34,1,33
2015-05-09,27,18,9
2015-05-05,9,2,7
2015-05-23,0,0,0
2015-05-19,47,35,12
2015-05-02,2,0,2
2015-05-24,11,4,7
2015-05-13,2,0,2
2015-05-08,0,0,0
2015-05-24,0,0,0
2015-05-12,53,43,10
2015-05-18,26,4,22
2015-05-14,13,2,11
2015-05-25,14,8,6
2015-05-23,4,3,1
2015-05-03,29,17,12
2015-05-31,22,12,10
2015-05-30,39,20,19
2015-05-31,0,0,0
2015-05-13,1,1,0
2015-05-05,1,1,0
2015-05-12,23,18,5
2015-05-21,15,6,9
2015-05-25,0,0,0
2015-05-15,14,8,6
2015-05-12,11,5,6
2015-05-22,3,1,2
2015-05-12,14,2,12
2015-05-31,1,1,0
2015-05-25,28,11,17
2015-05-10,2,2,0
2015-05-13,29,7,22
2015-05-26,17,9,8
2015-05-28,16,8,8
2015-05-25,6,2,4
2015-05-14,0,0,0
2015-05-01,38,34,4
2015-05-28,19,5,14
2015-05-10,5,3,2
2015-05-12,0,0,0
2015-05-15,32,7,25
2015-05-25,15,9,6
2015-05-03,6,2,4
2015-05-21,32,4,28
2015-05-10,27,18,9
2015-05-24,22,7,15
2015-05-21,18,12,6
2015-05-15,34,25,9
2015-05-22,2,2,0
2015-05-26,11,2,9
2015-05-03,0,0,0
2015-05-10,11,4,7
2015-05-26,33,7,26
2015-05-23,11,5,6
2015-05-12,1,1,0
2015-05-27,15,11,4
2015-05-20,21,11,10
2015-05-16,18,5,13
2015-05-22,38,6,32
2015-05-29,0,0,0
2015-05-12,12,7,5
2015-05-11,30,5,25
2015-05-04,10,6,4
2015-05-02,1,0,1
2015-05-23,17,8,9
2015-05-28,0,0,0
2015-05-20,6,5,1
2015-05-07,27,16,11
2015-05-16,27,10,17
2015-05-18,0,0,0
2015-05-11,3,2,1
2015-05-25,21,13,8
2015-05-02,0,0,0
2015-05-25,10,2,8
2015-05-21,0,0,0
2015-05-24,25,11,14
2015-05-27,0,0,0
2015-05-05,0,0,0
2015-05-08,11,7,4
2015-05-22,2,0,2
2015-05-19,36,26,10
2015-05-25,0,0,0
2015-05-04,3,0,3
2015-05-24,3,1,2
2015-05-23,6,1,5
2015-05-07,2,2,0
2015-05-12,18,18,0
2015-05-07,22,11,11
2015-05-20,0,0,0
2015-05-20,23,12,11
2015-05-27,0,0,0
2015-05-25,6,4,2
2015-05-24,6,1,5
2015-05-22,0,0,0
2015-05-02,17,10,7
2015-05-26,12,7,5
2015-05-24,9,5,4
2015-05-16,15,8,7
2015-05-18,1,1,0
2015-05-05,24,3,21
2015-05-01,11,9,2
2015-05-13,11,5,6
2015-05-29,0,0,0
2015-05-16,6,5,1
2015-05-17,0,0,0
2015-05-15,13,9,4
2015-05-10,17,9,8
2015-05-18,15,6,9
2015-05-19,2,2,0
2015-05-21,37,31,6
2015-05-28,52,6,46
2015-05-09,2,1,1
2015-05-30,23,12,11
2015-05-17,12,10,2
2015-05-08,0,0,0
2015-05-09,22,16,6
2015-05-13,12,4,8
2015-05-26,11,8,3
2015-05-06,26,16,10
2015-05-12,28,22,6
2015-05-04,6,0,6
2015-05-02,2,0,2
2015-05-07,31,1,30
2015-05-20,10,4,6
2015-05-10,14,7,7
2015-05-16,0,0,0
2015-05-31,15,10,5
2015-05-10,25,10,15
2015-05-30,0,0,0
2015-05-11,3,0,3
2015-05-01,14,7,7
2015-05-29,19,3,16
2015-05-20,6,3,3
2015-05-29,11,6,5
2015-05-31,8,3,5
2015-05-05,12,3,9
2015-05-22,15,7,8
2015-05-21,10,4,6
2015-05-24,5,1,4
2015-05-20,34,4,30
2015-05-21,37,30,7
2015-05-06,13,4,9
2015-05-21,1,1,0
2015-05-08,8,4,4
2015-05-01,2,2,0
2015-05-29,46,29,17
2015-05-02,30,18,12
2015-05-31,13,6,7
2015-05-11,20,4,16
2015-05-17,0,0,0
2015-05-27,5,5,0
2015-05-12,2,2,0
2015-05-30,19,11,8
2015-05-21,13,8,5
2015-05-28,35,11,24
2015-05-07,17,3,14
2015-05-06,0,0,0
2015-05-23,18,8,10
2015-05-21,11,1,10
2015-05-27,46,3,43
2015-05-12,1,1,0
2015-05-27,1,1,0
2015-05-20,6,0,6
2015-05-31,0,0,0
2015-05-16,0,0,0
2015-05-31,2,2,0
2015-05-01,11,8,3
2015-05-06,16,9,7
2015-05-19,39,2,37
2015-05-20,18,15,3
2015-05-01,0,0,0
2015-05-03,13,8,5
2015-05-22,25,15,10
2015-05-07,8,7,1
2015-05-19,43,31,12
2015-05-23,7,6,1
2015-05-26,22,12,10
2015-05-06,0,0,0
2015-05-30,0,0,0
2015-05-08,12,4,8
2015-05-03,4,3,1
2015-05-12,20,3,17
2015-05-09,13,0,13
2015-05-07,0,0,0
2015-05-23,6,2,4
2015-05-28,16,2,14
2015-05-20,20,5,15
2015-05-27,15,6,9
2015-05-22,9,0,9
2015-05-15,37,17,20
2015-05-10,3,3,0
2015-05-13,30,5,25
2015-05-08,0,0,0
2015-05-26,2,0,2
2015-05-16,0,0,0
2015-05-19,16,9,7
2015-05-18,12,10,2
2015-05-13,9,4,5
2015-05-10,19,11,8
2015-05-02,0,0,0
2015-05-02,11,6,5
2015-05-02,35,20,15
2015-05-29,10,4,6
2015-05-04,15,3,12
2015-05-19,12,5,7
2015-05-27,0,0,0
2015-05-19,0,0,0
2015-05-27,18,1,17
2015-05-21,37,21,16
2015-05-31,21,10,11
2015-05-28,19,10,9
2015-05-08,1,1,0
2015-05-19,19,10,9
2015-05-19,11,3,8
2015-05-15,48,6,42
2015-05-07,21,13,8
2015-05-05,0,0,0
2015-05-23,8,7,1
2015-05-05,33,1,32
2015-05-18,2,0,2
2015-05-25,8,2,6
2015-05-14,28,15,13
2015-05-02,28,12,16
2015-05-28,14,12,2
2015-05-06,0,0,0
2015-05-20,54,44,10
2015-05-25,0,0,0
2015-05-31,18,3,15
2015-05-22,20,6,14
2015-05-24,14,8,6
2015-05-07,27,17,10
2015-05-23,1,0,1
2015-05-08,13,7,6
2015-05-03,0,0,0
2015-05-09,2,1,1
2015-05-17,0,0,0
2015-05-22,1,1,0
2015-05-01,22,13,9
2015-05-10,3,1,2
2015-05-13,22,10,12
2015-05-28,13,8,5
2015-05-29,54,11,43
2015-05-30,19,8,11
2015-05-23,1,1,0
2015-05-05,20,16,4
2015-05-17,12,3,9
2015-05-20,5,2,3
2015-05-04,1,1,0
2015-05-22,8,0,8
2015-05-22,0,0,0
2015-05-28,23,11,12
2015-05-11,0,0,0
2015-05-13,11,2,9
2015-05-13,6,1,5
2015-05-22,35,4,31
2015-05-27,14,11,3
2015-05-10,8,3,5
2015-05-22,0,0,0
2015-05-04,0,0,0
2015-05-13,0,0,0
2015-05-08,10,8,2
2015-05-24,4,2,2
2015-05-14,19,14,5
2015-05-30,0,0,0
2015-05-03,28,22,6
2015-05-20,0,0,0
2015-05-30,1,0,1
2015-05-27,29,15,14
2015-05-18,14,6,8
2015-05-11,46,33,13
2015-05-04,0,0,0
2015-05-23,11,5,6
2015-05-13,10,3,7
2015-05-07,0,0,0
2015-05-14,33,2,31
2015-05-08,0,0,0
2015-05-18,0,0,0
2015-05-02,3,3,0
2015-05-25,0,0,0
2015-05-25,0,0,0
2015-05-11,3,3,0
2015-05-06,6,1,5
2015-05-29,1,1,0
2015-05-26,3,3,0
2015-05-19,16,4,12
2015-05-22,15,2,13
2015-05-21,26,21,5
2015-05-21,0,0,0
2015-05-17,19,7,12
2015-05-15,32,10,22
2015-05-31,5,0,5
2015-05-24,0,0,0
2015-05-27,31,6,25
2015-05-16,9,3,6
2015-05-20,12,7,5
2015-05-21,6,6,0
2015-05-03,2,1,1
2015-05-06,2,2,0
2015-05-20,8,1,7
2015-05-22,0,0,0
2015-05-28,7,6,1
2015-05-09,20,7,13
2015-05-30,18,7,11
2015-05-02,6,1,5
2015-05-07,0,0,0
2015-05-28,5,1,4
2015-05-16,6,0,6
2015-05-29,2,1,1
2015-05-14,0,0,0
2015-05-08,16,9,7
2015-05-28,17,14,3
2015-05-27,0,0,0
2015-05-01,1,1,0
2015-05-10,0,0,0
2015-05-19,16,0,16
2015-05-30,22,8,14
2015-05-01,0,0,0
2015-05-16,0,0,0
2015-05-14,0,0,0
2015-05-07,10,2,8
2015-05-29,19,10,9
2015-05-04,0,0,0
2015-05-10,0,0,0
2015-05-24,1,1,0
2015-05-09,10,6,4
2015-05-18,23,6,17
2015-05-17,27,8,19
2015-05-30,8,0,8
2015-05-05,21,7,14
2015-05-20,0,0,0
2015-05-27,4,0,4
2015-05-21,8,3,5
2015-05-14,13,8,5
2015-05-25,19,9,10
2015-05-10,10,7,3
2015-05-17,20,13,7
2015-05-24,0,0,0
2015-05-01,10,2,8
2015-05-08,0,0,0
2015-05-20,0,0,0
2015-05-25,23,9,14
2015-05-12,53,2,51
2015-05-06,28,4,24
2015-05-25,0,0,0
2015-05-22,34,28,6
2015-05-26,2,1,1
2015-05-27,0,0,0
2015-05-17,2,0,2
2015-05-04,28,23,5
2015-05-29,26,15,11
2015-05-02,39,16,23
2015-05-02,3,2,1
2015-05-16,11,3,8
2015-05-06,1,1,0
2015-05-17,0,0,0
2015-05-11,0,0,0
2015-05-05,3,3,0
2015-05-03,2,1,1
2015-05-02,0,0,0
2015-05-28,2,0,2
2015-05-07,20,13,7
2015-05-04,7,6,1
2015-05-14,16,7,9
2015-05-19,1,1,0
2015-05-07,7,4,3
2015-05-06,9,5,4
2015-05-08,24,21,3
2015-05-04,40,24,16
2015-05-03,24,19,5
2015-05-03,0,0,0
2015-05-13,0,0,0
2015-05-03,1,1,0
2015-05-09,0,0,0
2015-05-15,0,0,0
2015-05-23,6,2,4
2015-05-29,0,0,0
2015-05-11,0,0,0
2015-05-11,12,3,9
2015-05-13,0,0,0
2015-05-07,41,1,40
2015-05-08,20,9,11
2015-05-16,0,0,0
2015-05-06,0,0,0
2015-05-17,28,15,13
2015-05-23,0,0,0
2015-05-03,2,0,2
2015-05-25,2,0,2
2015-05-07,45,36,9
2015-05-10,29,22,7
2015-05-12,0,0,0
2015-05-11,4,0,4
2015-05-08,18,9,9
2015-05-09,23,6,17
2015-05-28,40,4,36
2015-05-08,2,0,2
2015-05-16,4,1,3
2015-05-13,1,1,0
2015-05-18,30,3,27
2015-05-28,39,31,8
2015-05-14,0,0,0
2015-05-23,10,5,5
2015-05-16,1,1,0
2015-05-27,13,4,9
2015-05-10,3,1,2
2015-05-22,34,7,27
2015-05-05,4,0,4
2015-05-18,18,17,1
2015-05-24,5,1,4
2015-05-20,25,6,19
2015-05-06,37,29,8
2015-05-11,14,8,6
2015-05-31,4,2,2
2015-05-10,2,0,2
2015-05-06,37,3,34
2015-05-31,7,3,4
2015-05-25,11,6,5
2015-05-19,13,2,11
2015-05-26,0,0,0
2015-05-17,2,0,2
2015-05-18,59,45,14
2015-05-24,14,6,8
2015-05-01,0,0,0
2015-05-15,7,0,7
2015-05-18,17,8,9
2015-05-14,29,4,25
2015-05-05,28,19,9
2015-05-26,0,0,0
2015-05-09,23,16,7
2015-05-25,19,9,10
2015-05-16,0,0,0
2015-05-17,0,0,0
2015-05-09,1,1,0
2015-05-27,39,27,12
2015-05-01,2,0,2
2015-05-09,3,3,0
2015-05-01,0,0,0
2015-05-23,7,3,4
2015-05-30,6,2,4
2015-05-25,8,5,3
2015-05-24,29,13,16
2015-05-05,0,0,0
2015-05-14,2,2,0
2015-05-26,48,37,11
2015-05-13,27,16,11
2015-05-31,2,0,2
2015-05-12,27,3,24
2015-05-03,1,1,0
2015-05-30,22,9,13
2015-05-18,2,2,0
2015-05-31,13,8,5
2015-05-06,2,2,0
2015-05-25,1,1,0
2015-05-16,14,5,9
2015-05-07,38,4,34
2015-05-11,0,0,0
2015-05-08,28,3,25
2015-05-12,12,7,5
2015-05-30,2,0,2
2015-05-15,47,5,42
2015-05-26,0,0,0
2015-05-15,0,0,0
2015-05-29,10,2,8
2015-05-19,17,15,2
2015-05-19,0,0,0
2015-05-24,25,8,17
2015-05-07,68,52,16
2015-05-26,47,11,36
2015-05-27,20,10,10
2015-05-28,1,1,0
2015-05-27,60,36,24
2015-05-04,11,4,7
2015-05-17,0,0,0
2015-05-04,12,3,9
2015-05-10,0,0,0
2015-05-02,11,1,10
2015-05-29,47,34,13
2015-05-11,19,11,8
2015-05-09,5,0,5
2015-05-09,2,0,2
2015-05-08,23,4,19
2015-05-10,13,7,6
2015-05-29,2,2,0
2015-05-11,0,0,0
2015-05-29,0,0,0
2015-05-01,16,0,16
2015-05-26,12,3,9
2015-05-11,0,0,0
2015-05-26,0,0,0
2015-05-19,16,2,14
2015-05-02,0,0,0
2015-05-04,39,28,11
2015-05-05,8,3,5
2015-05-16,0,0,0
2015-05-14,5,1,4
2015-05-03,8,2,6
2015-05-09,11,6,5
2015-05-02,3,3,0
2015-05-24,0,0,0
2015-05-23,16,4,12
2015-05-08,39,29,10
2015-05-11,25,3,22
2015-05-06,4,0,4
2015-05-05,19,9,10
2015-05-09,0,0,0
2015-05-31,4,1,3
2015-05-21,3,3,0
2015-05-31,0,0,0
2015-05-18,43,1,42
2015-05-04,1,1,0
2015-05-20,32,5,27
2015-05-17,6,2,4
2015-05-09,0,0,0
2015-05-13,4,2,2
2015-05-30,5,3,2
2015-05-13,12,10,2
2015-05-10,0,0,0
2015-05-13,9,7,2
2015-05-15,13,4,9
2015-05-28,0,0,0
2015-05-17,3,3,0
2015-05-19,0,0,0
2015-05-14,17,9,8
2015-05-09,21,10,11
2015-05-01,17,6,11
2015-05-12,4,2,2
2015-05-20,14,6,8
2015-05-01,34,7,27
2015-06-18,21,3,18
2015-06-08,14,5,9
2015-06-20,8,1,7
2015-06-21,2,0,2
2015-06-02,15,11,4
2015-06-18,2,1,1
2015-06-04,46,37,9
2015-06-17,54,25,29
2015-06-10,36,2,34
2015-06-19,0,0,0
2015-06-11,36,24,12
2015-06-18,5,3,2
2015-06-04,18,8,10
2015-06-17,22,3,19
2015-06-07,22,5,17
2015-06-04,40,3,37
2015-06-17,17,11,6
2015-06-17,4,0,4
2015-06-09,0,0,0
2015-06-27,2,2,0
2015-06-30,14,2,12
2015-06-15,20,3,17
2015-06-23,0,0,0
2015-06-24,26,21,5
2015-06-11,43,38,5
2015-06-02,27,2,25
2015-06-13,5,2,3
2015-06-06,21,10,11
2015-06-05,9,6,3
2015-06-16,2,2,0
2015-06-04,0,0,0
2015-06-10,2,2,0
2015-06-25,6,1,5
2015-06-24,15,8,7
2015-06-13,4,1,3
2015-06-06,23,15,8
2015-06-29,6,4,2
2015-06-24,11,6,5
2015-06-17,11,6,5
2015-06-28,16,5,11
2015-06-01,15,3,12
2015-06-05,21,13,8
2015-06-03,20,11,9
2015-06-17,17,3,14
2015-06-27,10,8,2
2015-06-29,18,10,8
2015-06-26,32,31,1
2015-06-11,0,0,0
2015-06-15,22,8,14
2015-06-10,4,2,2
2015-06-11,31,22,9
2015-06-12,3,1,2
2015-06-27,2,2,0
2015-06-20,26,10,16
2015-06-12,12,7,5
2015-06-02,4,0,4
2015-06-09,0,0,0
2015-06-18,9,2,7
2015-06-02,13,8,5
2015-06-29,12,0,12
2015-06-12,22,13,9
2015-06-02,1,1,0
2015-06-09,0,0,0
2015-06-08,40,5,35
2015-06-21,17,12,5
2015-06-03,9,1,8
2015-06-28,1,1,0
2015-06-15,19,17,2
2015-06-15,1,1,0
2015-06-23,0,0,0
2015-06-18,0,0,0
2015-06-04,22,4,18
2015-06-13,21,12,9
2015-06-09,48,36,12
2015-06-04,15,3,12
2015-06-11,2,2,0
2015-06-10,4,4,0
2015-06-12,16,5,11
2015-06-19,0,0,0
2015-06-21,0,0,0
2015-06-07,1,1,0
2015-06-29,37,2,35
2015-06-22,5,1,4
2015-06-16,20,9,11
2015-06-11,1,1,0
2015-06-08,37,2,35
2015-06-06,27,6,21
2015-06-07,0,0,0
2015-06-29,17,13,4
2015-06-26,1,1,0
2015-06-30,9,4,5
2015-06-23,3,3,0
2015-06-27,19,14,5
2015-06-17,21,14,7
2015-06-02,31,28,3
2015-06-16,17,8,9
2015-06-25,0,0,0
2015-06-28,18,5,13
2015-06-10,2,2,0
2015-06-18,0,0,0
2015-06-02,1,1,0
2015-06-16,29,21,8
2015-06-15,0,0,0
2015-06-11,15,10,5
2015-06-13,11,6,5
2015-06-13,3,1,2
2015-06-05,0,0,0
2015-06-24,0,0,0
2015-06-17,2,2,0
2015-06-30,0,0,0
2015-06-18,48,3,45
2015-06-27,0,0,0
2015-06-10,0,0,0
2015-06-11,11,5,6
2015-06-17,13,1,12
2015-06-13,23,9,14
2015-06-21,1,1,0
2015-06-10,9,2,7
2015-06-24,15,4,11
2015-06-27,7,5,2
2015-06-09,8,5,3
2015-06-12,16,1,15
2015-06-11,11,6,5
2015-06-06,0,0,0
2015-06-12,3,1,2
2015-06-26,34,5,29
2015-06-18,31,21,10
2015-06-15,12,7,5
2015-06-24,3,3,0
2015-06-01,46,26,20
2015-06-15,19,10,9
2015-06-25,5,2,3
2015-06-25,31,26,5
2015-06-07,11,3,8
2015-06-14,5,1,4
2015-06-08,4,4,0
2015-06-01,4,2,2
2015-06-20,13,3,10
2015-06-14,13,6,7
2015-06-15,13,8,5
2015-06-28,8,0,8
2015-06-22,32,6,26
2015-06-26,2,2,0
2015-06-04,3,0,3
2015-06-08,39,32,7
2015-06-07,17,9,8
2015-06-22,7,5,2
2015-06-27,2,0,2
2015-06-28,5,4,1
2015-06-04,27,4,23
2015-06-29,34,24,10
2015-06-09,9,2,7
2015-06-23,7,5,2
2015-06-17,0,0,0
2015-06-22,13,1,12
2015-06-29,2,0,2
2015-06-07,18,9,9
2015-06-24,11,4,7
2015-06-02,0,0,0
2015-06-02,15,7,8
2015-06-16,25,21,4
2015-06-29,14,6,8
2015-06-01,2,2,0
2015-06-29,0,0,0
2015-06-17,0,0,0
2015-06-18,0,0,0
2015-06-23,40,4,36
2015-06-26,11,7,4
2015-06-23,11,4,7
2015-06-09,56,9,47
2015-06-29,6,4,2
2015-06-27,11,5,6
2015-06-23,25,6,19
2015-06-22,9,7,2
2015-06-21,18,6,12
2015-06-30,1,1,0
2015-06-02,28,14,14
2015-06-23,0,0,0
2015-06-25,34,5,29
2015-06-08,20,16,4
2015-06-13,0,0,0
2015-06-15,38,2,36
2015-06-28,0,0,0
2015-06-10,13,6,7
2015-06-21,0,0,0
2015-06-05,25,14,11
2015-06-21,9,4,5
2015-06-20,1,1,0
2015-06-28,6,0,6
2015-06-20,4,0,4
2015-06-28,0,0,0
2015-06-28,14,6,8
2015-06-08,0,0,0
2015-06-07,0,0,0
2015-06-08,3,3,0
2015-06-04,1,1,0
2015-06-17,35,2,33
2015-06-15,20,5,15
2015-06-18,3,3,0
2015-06-21,19,8,11
2015-06-10,22,16,6
2015-06-11,20,8,12
2015-06-14,0,0,0
2015-06-17,17,10,7
2015-06-28,0,0,0
2015-06-23,15,8,7
2015-06-23,0,0,0
2015-06-20,10,5,5
2015-06-17,0,0,0
2015-06-14,0,0,0
2015-06-04,11,6,5
2015-06-08,16,11,5
2015-06-17,22,9,13
2015-06-24,22,1,21
2015-06-09,16,11,5
2015-06-01,5,2,3
2015-06-11,1,1,0
2015-06-03,0,0,0
2015-06-27,3,2,1
2015-06-29,11,2,9
2015-06-26,16,7,9
2015-06-30,2,0,2
2015-06-21,7,5,2
2015-06-12,14,10,4
2015-06-13,27,11,16
2015-06-01,13,9,4
2015-06-16,0,0,0
2015-06-16,9,4,5
2015-06-22,8,4,4
2015-06-01,6,3,3
2015-06-08,30,5,25
2015-06-30,9,8,1
2015-06-13,3,1,2
2015-06-18,3,1,2
2015-06-01,19,4,15
2015-06-09,14,7,7
2015-06-30,3,3,0
2015-06-16,16,7,9
2015-06-04,7,5,2
2015-06-10,0,0,0
2015-06-24,11,4,7
2015-06-05,19,16,3
2015-06-19,19,2,17
2015-06-16,8,1,7
2015-06-03,0,0,0
2015-06-13,9,3,6
2015-06-11,6,3,3
2015-06-10,14,6,8
2015-06-05,13,1,12
2015-06-14,1,0,1
2015-06-21,33,16,17
2015-06-21,0,0,0
2015-06-28,4,2,2
2015-06-07,27,18,9
2015-06-23,14,11,3
2015-06-09,13,1,12
2015-06-18,12,7,5
2015-06-26,42,24,18
2015-06-22,19,3,16
2015-06-23,46,34,12
2015-06-16,12,2,10
2015-06-12,29,4,25
2015-06-30,21,5,16
2015-06-20,13,6,7
2015-06-23,33,5,28
2015-06-18,13,3,10
2015-06-24,0,0,0
2015-06-24,1,1,0
2015-06-30,33,20,13
2015-06-23,16,7,9
2015-06-22,2,2,0
2015-06-19,12,3,9
2015-06-19,8,4,4
2015-06-20,3,3,0
2015-06-06,6,2,4
2015-06-05,3,3,0
2015-06-14,25,11,14
2015-06-22,6,4,2
2015-06-14,11,3,8
2015-06-30,16,9,7
2015-06-10,0,0,0
2015-06-24,18,6,12
2015-06-22,2,2,0
2015-06-04,46,34,12
2015-06-26,2,2,0
2015-06-28,15,8,7
2015-06-17,9,9,0
2015-06-25,15,0,15
2015-06-06,13,5,8
2015-06-05,0,0,0
2015-06-02,4,4,0
2015-06-01,6,4,2
2015-06-11,45,5,40
2015-06-23,18,3,15
2015-06-03,10,7,3
2015-06-19,9,9,0
2015-06-30,14,4,10
2015-06-13,14,7,7
2015-06-06,8,6,2
2015-06-29,44,32,12
2015-06-26,11,1,10
2015-06-27,11,4,7
2015-06-28,0,0,0
2015-06-18,27,16,11
2015-06-19,10,4,6
2015-06-01,0,0,0
2015-06-06,30,14,16
2015-06-24,4,0,4
2015-06-19,33,0,33
2015-06-13,8,2,6
2015-06-21,2,1,1
2015-06-07,14,8,6
2015-06-20,0,0,0
2015-06-04,17,10,7
2015-06-20,25,10,15
2015-06-19,6,1,5
2015-06-19,2,0,2
2015-06-09,3,3,0
2015-06-21,11,4,7
2015-06-19,19,9,10
2015-06-29,5,1,4
2015-06-29,4,2,2
2015-06-03,15,13,2
2015-06-26,19,16,3
2015-06-04,19,2,17
2015-06-16,30,6,24
2015-06-28,15,3,12
2015-06-28,0,0,0
2015-06-19,28,15,13
2015-06-24,0,0,0
2015-06-18,0,0,0
2015-06-26,19,0,19
2015-06-13,10,7,3
2015-06-13,0,0,0
2015-06-12,13,5,8
2015-06-25,0,0,0
2015-06-30,45,38,7
2015-06-17,0,0,0
2015-06-01,1,1,0
2015-06-06,7,6,1
2015-06-21,27,12,15
2015-06-02,10,2,8
2015-06-13,21,14,7
2015-06-25,12,8,4
2015-06-11,12,6,6
2015-06-03,21,1,20
2015-06-29,0,0,0
2015-06-09,0,0,0
2015-06-30,4,4,0
2015-06-06,0,0,0
2015-06-15,8,0,8
2015-06-28,0,0,0
2015-06-06,10,7,3
2015-06-04,11,8,3
2015-06-24,26,3,23
2015-06-19,10,2,8
2015-06-03,12,4,8
2015-06-03,2,2,0
2015-06-02,2,0,2
2015-06-24,32,27,5
2015-06-21,1,1,0
2015-06-06,8,4,4
2015-06-15,11,3,8
2015-06-25,10,7,3
2015-06-03,1,1,0
2015-06-18,48,30,18
2015-06-10,16,6,10
2015-06-07,16,3,13
2015-06-07,15,5,10
2015-06-30,11,3,8
2015-06-25,20,18,2
2015-06-02,0,0,0
2015-06-19,1,1,0
2015-06-09,16,10,6
2015-06-29,0,0,0
2015-06-27,0,0,0
2015-06-26,14,3,11
2015-06-30,0,0,0
2015-06-12,0,0,0
2015-06-25,17,7,10
2015-06-05,35,2,33
2015-06-27,20,9,11
2015-06-10,1,1,0
2015-06-05,2,2,0
2015-06-09,15,10,5
2015-06-25,12,9,3
2015-06-19,19,5,14
2015-06-19,0,0,0
2015-06-22,0,0,0
2015-06-25,33,28,5
2015-06-22,37,2,35
2015-06-28,13,9,4
2015-06-03,6,3,3
2015-06-05,44,29,15
2015-06-29,19,9,10
2015-06-22,1,1,0
2015-06-17,20,17,3
2015-06-03,32,23,9
2015-06-07,2,0,2
2015-06-10,0,0,0
2015-06-09,3,0,3
2015-06-08,4,0,4
2015-06-28,18,6,12
2015-06-12,28,22,6
2015-06-10,26,16,10
2015-06-24,0,0,0
2015-06-03,7,1,6
2015-06-25,24,7,17
2015-06-07,6,2,4
2015-06-14,0,0,0
2015-06-10,88,53,35
2015-06-23,21,6,15
2015-06-07,21,10,11
2015-06-08,0,0,0
2015-06-12,5,0,5
2015-06-10,34,7,27
2015-06-22,12,6,6
2015-06-23,15,9,6
2015-06-22,40,25,15
2015-06-03,15,10,5
2015-06-02,0,0,0
2015-06-08,15,5,10
2015-06-03,33,4,29
2015-06-20,3,1,2
2015-06-05,0,0,0
2015-06-09,3,3,0
2015-06-07,0,0,0
2015-06-14,5,2,3
2015-06-21,10,5,5
2015-06-11,0,0,0
2015-06-25,23,11,12
2015-06-08,10,0,10
2015-06-05,36,25,11
2015-06-01,2,0,2
2015-06-27,0,0,0
2015-06-27,2,2,0
2015-06-27,9,2,7
2015-06-21,28,9,19
2015-06-22,15,10,5
2015-06-22,43,25,18
2015-06-17,28,1,27
2015-06-12,12,3,9
2015-06-30,43,5,38
2015-06-30,7,3,4
2015-06-02,3,2,1
2015-06-14,1,1,0
2015-06-18,27,12,15
2015-06-08,21,9,12
2015-06-09,27,21,6
2015-06-27,10,2,8
2015-06-26,15,12,3
2015-06-13,7,5,2
2015-06-08,0,0,0
2015-06-25,26,0,26
2015-06-03,1,1,0
2015-06-09,37,26,11
2015-06-13,6,4,2
2015-06-06,0,0,0
2015-06-05,2,0,2
2015-06-08,17,10,7
2015-06-22,14,13,1
2015-06-13,0,0,0
2015-06-30,24,14,10
2015-06-22,0,0,0
2015-06-09,5,2,3
2015-06-05,10,8,2
2015-06-10,11,6,5
2015-06-12,6,5,1
2015-06-06,0,0,0
2015-06-16,42,4,38
2015-06-10,34,23,11
2015-06-02,32,18,14
2015-06-11,30,6,24
2015-06-28,1,0,1
2015-06-09,40,10,30
2015-06-13,2,1,1
2015-06-16,4,2,2
2015-06-14,3,1,2
2015-06-20,0,0,0
2015-06-23,24,15,9
2015-06-07,0,0,0
2015-06-27,9,2,7
2015-06-15,40,28,12
2015-06-24,5,2,3
2015-06-01,0,0,0
2015-06-22,0,0,0
2015-06-15,4,4,0
2015-06-03,30,16,14
2015-06-27,7,1,6
2015-06-06,10,6,4
2015-06-25,3,3,0
2015-06-21,24,13,11
2015-06-16,0,0,0
2015-06-12,4,2,2
2015-06-18,27,1,26
2015-06-05,0,0,0
2015-06-21,0,0,0
2015-06-29,12,7,5
2015-06-03,0,0,0
2015-06-14,3,1,2
2015-06-02,25,7,18
2015-06-21,0,0,0
2015-06-04,0,0,0
2015-06-26,2,0,2
2015-06-08,9,1,8
2015-06-14,21,19,2
2015-06-19,8,1,7
2015-06-14,26,21,5
2015-06-12,4,0,4
2015-06-24,15,1,14
2015-06-22,15,12,3
2015-06-28,29,16,13
2015-06-27,7,7,0
2015-06-07,0,0,0
2015-06-23,3,3,0
2015-06-15,4,4,0
2015-06-12,31,15,16
2015-06-12,34,24,10
2015-06-25,11,4,7
2015-06-30,29,2,27
2015-06-19,0,0,0
2015-06-10,37,7,30
2015-06-24,9,1,8
2015-06-15,3,2,1
2015-06-19,15,1,14
2015-06-01,24,13,11
2015-06-17,3,3,0
2015-06-03,9,2,7
2015-06-12,0,0,0
2015-06-19,1,1,0
2015-06-28,11,3,8
2015-06-24,19,15,4
2015-06-18,43,11,32
2015-06-27,2,2,0
2015-06-30,0,0,0
2015-06-01,0,0,0
2015-06-14,13,6,7
2015-06-26,0,0,0
2015-06-02,25,15,10
2015-06-25,2,2,0
2015-06-16,48,33,15
2015-06-16,5,5,0
2015-06-20,0,0,0
2015-06-04,0,0,0
2015-06-06,1,1,0
2015-06-20,24,13,11
2015-06-20,2,0,2
2015-06-28,1,1,0
2015-06-25,1,1,0
2015-06-19,26,21,5
2015-06-27,6,4,2
2015-06-22,27,22,5
2015-06-08,0,0,0
2015-06-21,8,4,4
2015-06-20,17,6,11
2015-06-26,0,0,0
2015-06-20,0,0,0
2015-06-25,28,17,11
2015-06-08,1,1,0
2015-06-13,15,10,5
2015-06-14,15,7,8
2015-06-18,14,11,3
2015-06-20,25,11,14
2015-06-01,12,1,11
2015-06-24,3,1,2
2015-06-14,12,4,8
2015-06-26,6,3,3
2015-06-14,1,0,1
2015-06-21,20,11,9
2015-06-12,3,3,0
2015-06-09,24,3,21
2015-06-04,16,4,12
2015-06-26,22,16,6
2015-06-10,7,0,7
2015-06-26,0,0,0
2015-06-17,44,28,16
2015-06-06,10,3,7
2015-06-13,0,0,0
2015-06-26,9,1,8
2015-06-22,13,10,3
2015-06-06,0,0,0
2015-06-15,3,0,3
2015-06-27,1,1,0
2015-06-14,8,0,8
2015-06-07,8,6,2
2015-06-16,53,36,17
2015-06-30,25,9,16
2015-06-07,0,0,0
2015-06-22,29,2,27
2015-06-10,35,20,15
2015-06-15,0,0,0
2015-06-20,1,1,0
2015-06-16,4,2,2
2015-06-28,6,5,1
2015-06-09,1,1,0
2015-06-06,1,1,0
2015-06-06,15,7,8
2015-06-15,33,27,6
2015-06-23,6,6,0
2015-06-03,36,28,8
2015-06-11,16,3,13
2015-06-14,0,0,0
2015-06-23,34,29,5
2015-06-05,16,0,16
2015-06-25,5,1,4
2015-06-05,14,11,3
2015-06-29,14,9,5
2015-06-13,8,2,6
2015-06-05,11,1,10
2015-06-08,21,14,7
2015-06-09,9,5,4
2015-06-23,6,1,5
2015-06-11,24,3,21
2015-06-02,16,2,14
2015-06-14,5,0,5
2015-06-01,0,0,0
2015-06-17,20,4,16
2015-06-08,27,14,13
2015-06-03,0,0,0
2015-06-03,33,4,29
2015-06-05,23,2,21
2015-06-14,22,8,14
2015-06-01,24,16,8
2015-06-23,14,11,3
2015-06-04,3,0,3
2015-06-21,13,5,8
2015-06-12,23,4,19
2015-06-02,48,8,40
2015-06-16,5,3,2
2015-06-01,0,0,0
2015-06-15,0,0,0
2015-06-16,5,3,2
2015-06-14,0,0,0
2015-06-04,15,7,8
2015-06-07,20,9,11
2015-06-11,7,3,4
2015-06-18,27,13,14
2015-06-07,0,0,0
2015-06-12,42,4,38
2015-06-02,11,4,7
2015-06-30,35,2,33
2015-06-20,19,9,10
2015-06-12,23,6,17
2015-06-01,41,7,34
2015-06-02,0,0,0
2015-06-09,0,0,0
2015-06-29,1,1,0
2015-06-16,19,10,9
2015-06-19,38,21,17
2015-06-05,26,4,22
2015-06-27,0,0,0
2015-06-23,12,3,9
2015-06-11,4,0,4
2015-06-11,11,8,3
2015-06-08,0,0,0
2015-06-16,47,2,45
2015-06-25,21,3,18
2015-06-29,31,8,23
2015-06-07,25,16,9
2015-06-03,1,1,0
2015-06-30,0,0,0
2015-06-13,37,22,15
2015-06-11,1,1,0
2015-06-20,9,0,9
2015-06-30,37,25,12
2015-06-07,9,3,6
2015-06-20,19,6,13
2015-06-17,0,0,0
2015-06-29,0,0,0
2015-06-08,9,5,4
2015-06-27,0,0,0
2015-06-01,16,12,4
2015-06-15,8,2,6
2015-06-25,0,0,0
2015-06-18,15,11,4
2015-06-06,0,0,0
2015-06-26,28,5,23
2015-06-28,12,4,8
2015-06-16,0,0,0
2015-06-03,5,0,5
2015-06-10,12,3,9
2015-06-15,27,2,25
2015-06-06,27,14,13
2015-06-12,0,0,0
2015-06-05,24,13,11
2015-06-26,8,4,4
2015-06-11,9,2,7
2015-06-01,0,0,0
2015-06-06,6,3,3
2015-06-26,30,4,26
2015-06-19,16,9,7
2015-06-20,20,12,8
2015-06-02,17,2,15
2015-06-11,0,0,0
2015-06-16,0,0,0
2015-06-15,35,7,28
2015-06-26,0,0,0
2015-06-24,17,14,3
2015-06-21,4,4,0
2015-06-07,17,10,7
2015-06-14,22,9,13
2015-06-05,5,0,5
2015-06-18,10,3,7
2015-06-18,6,0,6
2015-06-19,20,11,9
2015-06-29,27,7,20
2015-06-04,26,12,14
2015-06-04,0,0,0
2015-06-06,4,0,4
2015-06-04,0,0,0
2015-06-24,27,13,14
2015-06-15,9,3,6
2015-06-01,1,1,0
2015-06-04,22,10,12
2015-06-01,14,3,11
2015-06-05,20,13,7
2015-06-17,10,7,3
2015-06-29,18,8,10
2015-06-20,19,5,14
2015-06-13,19,10,9
2015-07-20,41,29,12
2015-07-08,20,5,15
2015-07-05,7,5,2
2015-07-10,0,0,0
2015-07-15,5,0,5
2015-07-15,13,4,9
2015-07-20,1,1,0
2015-07-28,13,6,7
2015-07-12,2,2,0
2015-07-18,16,12,4
2015-07-02,2,0,2
2015-07-27,38,3,35
2015-07-10,16,6,10
2015-07-22,49,4,45
2015-07-07,38,31,7
2015-07-26,4,4,0
2015-07-27,9,9,0
2015-07-27,18,14,4
2015-07-11,7,0,7
2015-07-19,7,5,2
2015-07-10,8,6,2
2015-07-14,0,0,0
2015-07-05,9,1,8
2015-07-18,19,11,8
2015-07-09,26,0,26
2015-07-17,19,13,6
2015-07-14,1,0,1
2015-07-01,3,3,0
2015-07-12,25,13,12
2015-07-04,27,25,2
2015-07-21,24,12,12
2015-07-20,17,13,4
2015-07-23,19,5,14
2015-07-16,1,1,0
2015-07-06,17,14,3
2015-07-19,11,6,5
2015-07-19,0,0,0
2015-07-03,0,0,0
2015-07-31,29,16,13
2015-07-07,29,18,11
2015-07-10,25,17,8
2015-07-06,26,1,25
2015-07-26,3,0,3
2015-07-17,8,7,1
2015-07-08,40,29,11
2015-07-22,6,4,2
2015-07-19,3,0,3
2015-07-29,36,34,2
2015-07-14,44,17,27
2015-07-22,25,19,6
2015-07-08,32,24,8
2015-07-13,31,4,27
2015-07-01,10,8,2
2015-07-12,13,4,9
2015-07-28,12,5,7
2015-07-10,11,4,7
2015-07-25,4,2,2
2015-07-26,13,2,11
2015-07-05,13,7,6
2015-07-11,0,0,0
2015-07-19,17,11,6
2015-07-03,0,0,0
2015-07-29,31,23,8
2015-07-22,0,0,0
2015-07-02,19,14,5
2015-07-02,24,20,4
2015-07-09,30,21,9
2015-07-26,3,1,2
2015-07-23,15,1,14
2015-07-22,24,5,19
2015-07-18,15,9,6
2015-07-30,42,8,34
2015-07-27,20,1,19
2015-07-03,1,1,0
2015-07-26,3,3,0
2015-07-31,15,5,10
2015-07-10,6,4,2
2015-07-09,6,3,3
2015-07-04,3,0,3
2015-07-28,1,0,1
2015-07-26,4,1,3
2015-07-23,2,1,1
2015-07-28,0,0,0
2015-07-20,0,0,0
2015-07-25,15,6,9
2015-07-03,13,8,5
2015-07-08,38,4,34
2015-07-22,11,9,2
2015-07-02,0,0,0
2015-07-06,2,2,0
2015-07-10,7,0,7
2015-07-20,0,0,0
2015-07-04,7,4,3
2015-07-04,27,13,14
2015-07-11,14,9,5
2015-07-02,11,4,7
2015-07-28,0,0,0
2015-07-13,1,1,0
2015-07-30,23,18,5
2015-07-14,42,32,10
2015-07-03,21,7,14
2015-07-19,0,0,0
2015-07-10,1,1,0
2015-07-09,3,1,2
2015-07-29,0,0,0
2015-07-03,7,4,3
2015-07-06,11,1,10
2015-07-27,4,1,3
2015-07-07,5,0,5
2015-07-19,8,6,2
2015-07-29,9,4,5
2015-07-04,2,0,2
2015-07-26,0,0,0
2015-07-27,2,2,0
2015-07-16,25,18,7
2015-07-28,22,4,18
2015-07-04,2,2,0
2015-07-17,13,5,8
2015-07-14,19,6,13
2015-07-31,18,1,17
2015-07-18,7,0,7
2015-07-11,4,4,0
2015-07-24,10,8,2
2015-07-24,0,0,0
2015-07-29,22,0,22
2015-07-15,24,14,10
2015-07-13,6,2,4
2015-07-02,16,14,2
2015-07-26,2,0,2
2015-07-01,28,2,26
2015-07-24,16,8,8
2015-07-12,14,8,6
2015-07-04,3,0,3
2015-07-27,20,15,5
2015-07-02,7,0,7
2015-07-29,22,10,12
2015-07-24,27,24,3
2015-07-07,24,1,23
2015-07-23,4,0,4
2015-07-23,45,32,13
2015-07-16,0,0,0
2015-07-10,8,8,0
2015-07-18,18,7,11
2015-07-16,0,0,0
2015-07-05,19,8,11
2015-07-21,36,32,4
2015-07-20,0,0,0
2015-07-22,8,5,3
2015-07-21,0,0,0
2015-07-28,39,35,4
2015-07-23,45,24,21
2015-07-20,9,4,5
2015-07-17,23,9,14
2015-07-09,38,4,34
2015-07-15,53,39,14
2015-07-09,15,12,3
2015-07-14,0,0,0
2015-07-11,9,7,2
2015-07-10,32,22,10
2015-07-24,10,2,8
2015-07-15,2,2,0
2015-07-11,2,0,2
2015-07-17,26,3,23
2015-07-09,23,19,4
2015-07-21,37,5,32
2015-07-21,5,0,5
2015-07-24,30,2,28
2015-07-08,0,0,0
2015-07-23,17,5,12
2015-07-09,0,0,0
2015-07-13,18,5,13
2015-07-12,0,0,0
2015-07-23,1,1,0
2015-07-16,12,2,10
2015-07-26,19,8,11
2015-07-23,3,1,2
2015-07-19,11,4,7
2015-07-06,9,4,5
2015-07-10,13,10,3
2015-07-30,20,1,19
2015-07-20,32,8,24
2015-07-31,15,13,2
2015-07-01,10,3,7
2015-07-18,6,6,0
2015-07-14,36,32,4
2015-07-27,3,3,0
2015-07-31,2,2,0
2015-07-03,9,5,4
2015-07-14,13,11,2
2015-07-31,0,0,0
2015-07-07,36,24,12
2015-07-13,2,0,2
2015-07-20,23,14,9
2015-07-17,5,2,3
2015-07-31,0,0,0
2015-07-11,3,0,3
2015-07-15,18,1,17
2015-07-08,18,17,1
2015-07-12,1,1,0
2015-07-21,23,3,20
2015-07-23,22,3,19
2015-07-27,15,5,10
2015-07-04,19,3,16
2015-07-15,14,5,9
2015-07-29,52,6,46
2015-07-23,16,14,2
2015-07-26,0,0,0
2015-07-12,5,2,3
2015-07-07,43,4,39
2015-07-19,10,8,2
2015-07-03,5,0,5
2015-07-22,1,1,0
2015-07-02,36,6,30
2015-07-26,0,0,0
2015-07-17,12,5,7
2015-07-01,0,0,0
2015-07-15,0,0,0
2015-07-16,7,0,7
2015-07-12,17,8,9
2015-07-13,21,16,5
2015-07-05,9,8,1
2015-07-29,30,16,14
2015-07-27,14,4,10
2015-07-16,45,4,41
2015-07-12,21,15,6
2015-07-15,30,5,25
2015-07-18,4,4,0
2015-07-31,16,1,15
2015-07-02,28,6,22
2015-07-21,0,0,0
2015-07-28,28,13,15
2015-07-02,3,3,0
2015-07-23,1,1,0
2015-07-22,0,0,0
2015-07-22,30,4,26
2015-07-03,1,0,1
2015-07-17,0,0,0
2015-07-09,2,2,0
2015-07-13,19,4,15
2015-07-13,0,0,0
2015-07-19,15,6,9
2015-07-03,13,8,5
2015-07-13,1,1,0
2015-07-25,11,11,0
2015-07-03,20,18,2
2015-07-22,0,0,0
2015-07-29,4,3,1
2015-07-16,0,0,0
2015-07-01,0,0,0
2015-07-20,18,14,4
2015-07-18,8,6,2
2015-07-03,6,0,6
2015-07-30,21,14,7
2015-07-17,2,2,0
2015-07-30,0,0,0
2015-07-21,7,3,4
2015-07-23,0,0,0
2015-07-27,43,29,14
2015-07-01,3,0,3
2015-07-05,12,4,8
2015-07-20,19,17,2
2015-07-13,48,34,14
2015-07-25,12,7,5
2015-07-28,13,11,2
2015-07-15,1,1,0
2015-07-08,29,4,25
2015-07-03,0,0,0
2015-07-09,29,4,25
2015-07-17,9,9,0
2015-07-17,12,1,11
2015-07-10,0,0,0
2015-07-30,1,1,0
2015-07-16,20,2,18
2015-07-16,30,4,26
2015-07-21,27,14,13
2015-07-16,13,3,10
2015-07-30,0,0,0
2015-07-24,2,2,0
2015-07-17,18,5,13
2015-07-12,4,3,1
2015-07-10,10,0,10
2015-07-06,32,22,10
2015-07-26,0,0,0
2015-07-24,0,0,0
2015-07-07,0,0,0
2015-07-25,5,0,5
2015-07-25,7,5,2
2015-07-30,16,9,7
2015-07-26,15,12,3
2015-07-21,9,7,2
2015-07-08,0,0,0
2015-07-16,0,0,0
2015-07-21,0,0,0
2015-07-18,5,3,2
2015-07-20,10,2,8
2015-07-11,1,0,1
2015-07-01,31,23,8
2015-07-17,16,11,5
2015-07-01,21,16,5
2015-07-31,11,5,6
2015-07-11,13,8,5
2015-07-12,1,1,0
2015-07-27,0,0,0
2015-07-09,0,0,0
2015-07-21,40,6,34
2015-07-24,1,1,0
2015-07-14,12,6,6
2015-07-29,1,1,0
2015-07-23,16,11,5
2015-07-30,3,2,1
2015-07-15,0,0,0
2015-07-08,6,2,4
2015-07-15,15,9,6
2015-07-21,23,4,19
2015-07-16,26,14,12
2015-07-20,32,8,24
2015-07-09,0,0,0
2015-07-09,5,3,2
2015-07-20,31,2,29
2015-07-30,14,5,9
2015-07-13,9,2,7
2015-07-18,0,0,0
2015-07-02,27,5,22
2015-07-05,6,4,2
2015-07-24,0,0,0
2015-07-08,10,2,8
2015-07-23,36,1,35
2015-07-05,0,0,0
2015-07-05,4,4,0
2015-07-12,0,0,0
2015-07-21,10,7,3
2015-07-22,12,6,6
2015-07-02,12,5,7
2015-07-06,13,11,2
2015-07-22,1,0,1
2015-07-27,21,11,10
2015-07-07,18,12,6
2015-07-15,0,0,0
2015-07-03,9,3,6
2015-07-20,0,0,0
2015-07-05,9,3,6
2015-07-27,22,8,14
2015-07-18,8,3,5
2015-07-09,31,21,10
2015-07-04,0,0,0
2015-07-16,24,17,7
2015-07-01,25,6,19
2015-07-04,5,1,4
2015-07-27,17,3,14
2015-07-01,11,7,4
2015-07-11,8,5,3
2015-07-04,20,1,19
2015-07-08,0,0,0
2015-07-15,0,0,0
2015-07-14,13,7,6
2015-07-25,2,2,0
2015-07-06,19,0,19
2015-07-01,39,3,36
2015-07-03,7,5,2
2015-07-21,50,38,12
2015-07-17,4,1,3
2015-07-20,3,2,1
2015-07-14,3,1,2
2015-07-30,21,12,9
2015-07-29,8,5,3
2015-07-16,0,0,0
2015-07-20,2,0,2
2015-07-10,0,0,0
2015-07-26,3,0,3
2015-07-14,2,0,2
2015-07-19,1,1,0
2015-07-11,1,1,0
2015-07-30,0,0,0
2015-07-30,2,0,2
2015-07-01,7,7,0
2015-07-02,0,0,0
2015-07-26,9,4,5
2015-07-02,14,4,10
2015-07-25,17,6,11
2015-07-16,14,3,11
2015-07-24,7,0,7
2015-07-28,11,5,6
2015-07-22,26,25,1
2015-07-18,0,0,0
2015-07-06,30,22,8
2015-07-23,9,7,2
2015-07-13,16,7,9
2015-07-12,0,0,0
2015-07-25,15,7,8
2015-07-26,12,6,6
2015-07-21,0,0,0
2015-07-06,1,1,0
2015-07-18,0,0,0
2015-07-14,7,2,5
2015-07-05,0,0,0
2015-07-20,8,4,4
2015-07-16,13,7,6
2015-07-11,14,7,7
2015-07-04,21,3,18
2015-07-24,35,27,8
2015-07-25,0,0,0
2015-07-08,1,1,0
2015-07-11,3,2,1
2015-07-28,19,6,13
2015-07-10,20,2,18
2015-07-19,0,0,0
2015-07-19,7,3,4
2015-07-07,0,0,0
2015-07-01,20,8,12
2015-07-23,5,2,3
2015-07-12,2,1,1
2015-07-18,5,5,0
2015-07-05,0,0,0
2015-07-28,32,2,30
2015-07-12,5,3,2
2015-07-19,0,0,0
2015-07-03,11,6,5
2015-07-09,4,0,4
2015-07-20,22,5,17
2015-07-27,19,3,16
2015-07-08,12,4,8
2015-07-31,25,25,0
2015-07-27,15,2,13
2015-07-02,39,35,4
2015-07-04,11,2,9
2015-07-26,1,1,0
2015-07-30,15,9,6
2015-07-28,0,0,0
2015-07-23,0,0,0
2015-07-10,36,30,6
2015-07-03,1,1,0
2015-07-24,12,6,6
2015-07-18,7,4,3
2015-07-09,31,20,11
2015-07-07,38,4,34
2015-07-21,20,3,17
2015-07-29,27,16,11
2015-07-10,34,7,27
2015-07-27,4,0,4
2015-07-20,1,1,0
2015-07-09,42,33,9
2015-07-03,10,4,6
2015-07-24,0,0,0
2015-07-31,0,0,0
2015-07-30,17,5,12
2015-07-16,14,7,7
2015-07-16,0,0,0
2015-07-25,10,5,5
2015-07-09,9,3,6
2015-07-31,23,7,16
2015-07-03,15,11,4
2015-07-25,11,4,7
2015-07-02,21,2,19
2015-07-31,0,0,0
2015-07-19,4,2,2
2015-07-03,3,3,0
2015-07-20,21,4,17
2015-07-21,2,2,0
2015-07-17,0,0,0
2015-07-28,32,1,31
2015-07-24,21,15,6
2015-07-21,16,3,13
2015-07-30,0,0,0
2015-07-06,0,0,0
2015-07-15,11,2,9
2015-07-04,10,3,7
2015-07-09,0,0,0
2015-07-04,23,12,11
2015-07-08,28,5,23
2015-07-14,0,0,0
2015-07-17,29,24,5
2015-07-25,10,5,5
2015-07-11,23,8,15
2015-07-07,8,4,4
2015-07-09,11,8,3
2015-07-06,28,14,14
2015-07-04,0,0,0
2015-07-02,25,15,10
2015-07-22,14,3,11
2015-07-25,4,2,2
2015-07-11,0,0,0
2015-07-25,9,4,5
2015-07-27,7,5,2
2015-07-18,15,9,6
2015-07-12,1,0,1
2015-07-04,0,0,0
2015-07-06,0,0,0
2015-07-01,16,11,5
2015-07-25,24,10,14
2015-07-13,8,8,0
2015-07-21,2,0,2
2015-07-01,3,3,0
2015-07-30,23,16,7
2015-07-06,30,6,24
2015-07-14,21,2,19
2015-07-14,0,0,0
2015-07-06,8,6,2
2015-07-06,12,6,6
2015-07-23,0,0,0
2015-07-01,23,8,15
2015-07-18,0,0,0
2015-07-22,5,0,5
2015-07-05,4,4,0
2015-07-24,16,3,13
2015-07-07,0,0,0
2015-07-28,7,6,1
2015-07-15,16,3,13
2015-07-29,29,22,7
2015-07-18,6,6,0
2015-07-31,0,0,0
2015-07-13,0,0,0
2015-07-07,13,6,7
2015-07-25,1,1,0
2015-07-07,0,0,0
2015-07-03,4,3,1
2015-07-30,25,4,21
2015-07-13,13,8,5
2015-07-30,32,25,7
2015-07-28,0,0,0
2015-07-08,54,39,15
2015-07-09,11,4,7
2015-07-05,1,1,0
2015-07-08,18,6,12
2015-07-10,20,14,6
2015-07-07,4,1,3
2015-07-12,14,8,6
2015-07-18,3,2,1
2015-07-05,0,0,0
2015-07-02,16,8,8
2015-07-01,42,30,12
2015-07-17,21,6,15
2015-07-23,13,4,9
2015-07-20,36,29,7
2015-07-20,25,15,10
2015-07-29,4,0,4
2015-07-19,1,1,0
2015-07-26,7,5,2
2015-07-05,5,1,4
2015-07-07,2,0,2
2015-07-28,41,29,12
2015-07-10,3,3,0
2015-07-10,25,14,11
2015-07-18,0,0,0
2015-07-18,0,0,0
2015-07-15,5,5,0
2015-07-25,1,1,0
2015-07-17,1,1,0
2015-07-01,12,6,6
2015-07-03,0,0,0
2015-07-19,9,6,3
2015-07-27,0,0,0
2015-07-22,46,32,14
2015-07-14,16,7,9
2015-07-24,22,14,8
2015-07-01,31,17,14
2015-07-02,0,0,0
2015-07-12,7,1,6
2015-07-12,2,2,0
2015-07-05,9,4,5
2015-07-04,4,2,2
2015-07-22,12,2,10
2015-07-31,5,0,5
2015-07-04,14,8,6
2015-07-09,26,3,23
2015-07-30,1,1,0
2015-07-13,9,7,2
2015-07-25,0,0,0
2015-07-19,7,1,6
2015-07-17,19,12,7
2015-07-17,0,0,0
2015-07-19,15,2,13
2015-07-26,2,0,2
2015-07-02,15,7,8
2015-07-12,0,0,0
2015-07-24,2,2,0
2015-07-30,8,8,0
2015-07-23,30,1,29
2015-07-12,19,10,9
2015-07-07,27,25,2
2015-07-14,24,1,23
2015-07-13,38,27,11
2015-07-13,1,0,1
2015-07-16,13,6,7
2015-07-25,9,7,2
2015-07-31,29,0,29
2015-07-13,6,1,5
2015-07-23,13,7,6
2015-07-19,0,0,0
2015-07-31,16,10,6
2015-07-22,36,5,31
2015-07-07,16,12,4
2015-07-12,1,1,0
2015-07-08,14,8,6
2015-07-17,23,2,21
2015-07-27,0,0,0
2015-07-29,13,8,5
2015-07-24,24,18,6
2015-07-09,16,7,9
2015-07-31,6,1,5
2015-07-13,24,13,11
2015-07-15,33,28,5
2015-07-06,29,10,19
2015-07-30,16,10,6
2015-07-08,4,0,4
2015-07-02,4,3,1
2015-07-04,16,6,10
2015-07-21,9,5,4
2015-07-29,26,15,11
2015-07-26,13,6,7
2015-07-27,25,21,4
2015-07-13,13,10,3
2015-07-28,15,4,11
2015-07-11,0,0,0
2015-07-11,24,15,9
2015-07-07,18,15,3
2015-07-23,5,3,2
2015-07-29,0,0,0
2015-07-28,18,15,3
2015-07-10,0,0,0
2015-07-18,1,1,0
2015-07-06,3,3,0
2015-07-30,33,1,32
2015-07-01,0,0,0
2015-07-11,9,5,4
2015-07-26,0,0,0
2015-07-13,10,5,5
2015-07-24,21,16,5
2015-07-22,2,2,0
2015-07-06,0,0,0
2015-07-04,0,0,0
2015-07-24,28,1,27
2015-07-19,15,7,8
2015-07-01,25,14,11
2015-07-19,7,4,3
2015-07-21,6,4,2
2015-07-15,0,0,0
2015-07-11,17,8,9
2015-07-17,1,0,1
2015-07-08,0,0,0
2015-07-14,33,21,12
2015-07-14,15,9,6
2015-07-15,24,13,11
2015-07-24,3,1,2
2015-07-05,3,0,3
2015-07-29,24,4,20
2015-07-03,12,8,4
2015-07-10,39,5,34
2015-07-17,31,24,7
2015-07-13,2,0,2
2015-07-08,8,5,3
2015-07-15,8,3,5
2015-07-07,18,5,13
2015-07-11,19,8,11
2015-07-07,4,3,1
2015-07-20,0,0,0
2015-07-31,0,0,0
2015-07-16,25,4,21
2015-07-16,7,5,2
2015-07-29,0,0,0
2015-07-04,11,9,2
2015-07-25,0,0,0
2015-07-14,33,19,14
2015-07-05,12,9,3
2015-07-16,49,45,4
2015-07-05,7,1,6
2015-07-11,0,0,0
2015-07-11,2,0,2
2015-07-29,15,6,9
2015-07-08,10,5,5
2015-07-07,18,11,7
2015-07-23,40,32,8
2015-07-10,11,2,9
2015-07-08,11,10,1
2015-07-24,32,2,30
2015-07-31,24,10,14
2015-07-25,7,0,7
2015-07-22,19,13,6
2015-07-15,32,5,27
2015-07-28,26,20,6
2015-07-02,1,1,0
2015-07-06,0,0,0
2015-07-17,2,0,2
2015-07-03,28,15,13
2015-07-24,7,0,7
2015-07-15,16,14,2
2015-07-27,43,31,12
2015-07-05,1,1,0
2015-07-01,0,0,0
2015-07-04,0,0,0
2015-07-27,0,0,0
2015-07-06,40,26,14
2015-07-01,29,8,21
2015-07-31,0,0,0
2015-07-06,12,6,6
2015-07-28,1,1,0
2015-07-22,12,10,2
2015-07-08,13,8,5
2015-07-21,15,5,10
2015-07-11,17,4,13
2015-07-21,2,2,0
2015-07-30,14,6,8
2015-07-13,7,0,7
2015-07-18,22,5,17
2015-07-05,9,3,6
2015-07-07,2,2,0
2015-07-05,18,6,12
2015-07-25,0,0,0
2015-07-28,4,3,1
2015-07-31,30,23,7
2015-07-26,8,6,2
2015-07-02,0,0,0
2015-07-16,38,30,8
2015-07-05,7,3,4
2015-07-10,13,4,9
2015-07-02,9,2,7
2015-07-26,6,6,0
2015-07-18,0,0,0
2015-07-31,13,11,2
2015-07-19,8,5,3
2015-07-19,0,0,0
2015-07-14,41,6,35
2015-07-15,21,4,17
2015-07-29,27,7,20
2015-07-22,7,5,2
2015-07-28,14,3,11
2015-07-14,0,0,0
2015-07-29,15,10,5
2015-07-12,12,4,8
2015-07-22,33,28,5
2015-07-26,1,1,0
2015-07-04,20,17,3
2015-07-14,13,1,12
2015-07-29,0,0,0
2015-07-11,3,1,2
2015-07-12,12,2,10
2015-07-06,11,2,9
2015-07-09,20,14,6
2015-07-07,16,6,10
2015-07-31,26,11,15
2015-07-06,8,3,5
2015-07-29,2,0,2
2015-07-08,0,0,0
2015-07-28,0,0,0
2015-07-25,14,8,6
2015-08-09,4,4,0
2015-08-01,18,9,9
2015-08-07,3,3,0
2015-08-03,11,2,9
2015-08-21,0,0,0
2015-08-21,40,27,13
2015-08-30,6,6,0
2015-08-21,20,11,9
2015-08-20,11,4,7
2015-08-30,0,0,0
2015-08-14,13,0,13
2015-08-18,1,1,0
2015-08-25,0,0,0
2015-08-31,6,2,4
2015-08-10,17,1,16
2015-08-19,1,1,0
2015-08-03,0,0,0
2015-08-23,8,2,6
2015-08-11,0,0,0
2015-08-27,18,14,4
2015-08-29,14,5,9
2015-08-08,6,1,5
2015-08-29,0,0,0
2015-08-26,28,4,24
2015-08-21,20,3,17
2015-08-03,5,2,3
2015-08-13,8,3,5
2015-08-29,5,4,1
2015-08-13,12,4,8
2015-08-11,0,0,0
2015-08-11,18,8,10
2015-08-15,4,3,1
2015-08-27,17,2,15
2015-08-14,9,3,6
2015-08-23,28,12,16
2015-08-07,17,12,5
2015-08-05,0,0,0
2015-08-13,21,18,3
2015-08-11,8,4,4
2015-08-25,13,9,4
2015-08-28,7,4,3
2015-08-18,1,1,0
2015-08-05,13,6,7
2015-08-28,0,0,0
2015-08-30,1,1,0
2015-08-10,29,10,19
2015-08-29,12,7,5
2015-08-31,15,12,3
2015-08-17,1,0,1
2015-08-03,13,9,4
2015-08-05,26,10,16
2015-08-27,19,15,4
2015-08-11,0,0,0
2015-08-05,0,0,0
2015-08-15,2,1,1
2015-08-10,15,4,11
2015-08-25,33,2,31
2015-08-02,31,14,17
2015-08-15,8,1,7
2015-08-05,39,33,6
2015-08-16,2,0,2
2015-08-06,24,11,13
2015-08-22,0,0,0
2015-08-13,10,6,4
2015-08-04,10,5,5
2015-08-19,20,19,1
2015-08-23,1,1,0
2015-08-05,1,1,0
2015-08-24,19,9,10
2015-08-08,16,8,8
2015-08-27,19,14,5
2015-08-22,5,0,5
2015-08-10,31,24,7
2015-08-03,0,0,0
2015-08-06,16,5,11
2015-08-26,16,8,8
2015-08-16,28,16,12
2015-08-28,16,4,12
2015-08-14,18,16,2
2015-08-12,0,0,0
2015-08-29,2,2,0
2015-08-19,7,4,3
2015-08-07,34,21,13
2015-08-19,15,5,10
2015-08-07,5,3,2
2015-08-23,8,2,6
2015-08-09,12,5,7
2015-08-07,22,3,19
2015-08-21,12,8,4
2015-08-01,9,1,8
2015-08-22,6,2,4
2015-08-03,27,19,8
2015-08-03,24,2,22
2015-08-12,10,3,7
2015-08-18,20,16,4
2015-08-11,6,3,3
2015-08-16,2,0,2
2015-08-28,11,7,4
2015-08-28,7,4,3
2015-08-02,19,12,7
2015-08-07,36,34,2
2015-08-01,10,3,7
2015-08-04,1,1,0
2015-08-08,2,0,2
2015-08-10,3,1,2
2015-08-29,0,0,0
2015-08-09,6,1,5
2015-08-11,4,0,4
2015-08-24,5,1,4
2015-08-21,7,5,2
2015-08-20,20,8,12
2015-08-09,3,0,3
2015-08-02,3,3,0
2015-08-20,10,3,7
2015-08-24,17,1,16
2015-08-26,17,12,5
2015-08-26,21,13,8
2015-08-31,8,2,6
2015-08-18,11,1,10
2015-08-03,0,0,0
2015-08-02,13,7,6
2015-08-06,12,2,10
2015-08-26,0,0,0
2015-08-12,15,9,6
2015-08-04,16,10,6
2015-08-08,13,10,3
2015-08-28,10,4,6
2015-08-10,24,16,8
2015-08-03,42,41,1
2015-08-12,0,0,0
2015-08-20,10,5,5
2015-08-25,42,32,10
2015-08-17,17,13,4
2015-08-31,1,1,0
2015-08-07,1,0,1
2015-08-06,22,11,11
2015-08-06,0,0,0
2015-08-25,24,18,6
2015-08-20,2,0,2
2015-08-26,24,9,15
2015-08-02,26,14,12
2015-08-12,4,0,4
2015-08-22,25,8,17
2015-08-12,30,15,15
2015-08-31,12,3,9
2015-08-09,22,14,8
2015-08-01,11,7,4
2015-08-01,5,0,5
2015-08-05,9,2,7
2015-08-13,0,0,0
2015-08-16,7,6,1
2015-08-04,31,27,4
2015-08-06,0,0,0
2015-08-07,12,6,6
2015-08-29,2,2,0
2015-08-23,21,20,1
2015-08-25,13,10,3
2015-08-25,7,4,3
2015-08-01,17,8,9
2015-08-23,21,9,12
2015-08-18,13,2,11
2015-08-20,15,1,14
2015-08-23,0,0,0
2015-08-04,39,8,31
2015-08-02,8,0,8
2015-08-21,24,19,5
2015-08-16,6,0,6
2015-08-10,20,1,19
2015-08-17,18,10,8
2015-08-23,9,6,3
2015-08-23,19,12,7
2015-08-28,25,22,3
2015-08-03,2,0,2
2015-08-16,0,0,0
2015-08-04,20,15,5
2015-08-28,14,1,13
2015-08-02,21,10,11
2015-08-14,5,3,2
2015-08-11,17,9,8
2015-08-27,23,4,19
2015-08-21,8,4,4
2015-08-24,0,0,0
2015-08-15,10,3,7
2015-08-02,5,1,4
2015-08-07,17,1,16
2015-08-31,12,10,2
2015-08-21,10,5,5
2015-08-01,16,7,9
2015-08-23,0,0,0
2015-08-24,1,1,0
2015-08-26,10,8,2
2015-08-18,39,37,2
2015-08-27,0,0,0
2015-08-08,11,4,7
2015-08-10,4,0,4
2015-08-11,32,1,31
2015-08-19,16,11,5
2015-08-24,9,6,3
2015-08-05,11,6,5
2015-08-12,18,7,11
2015-08-31,0,0,0
2015-08-22,1,0,1
2015-08-11,10,6,4
2015-08-08,3,1,2
2015-08-10,1,1,0
2015-08-20,32,26,6
2015-08-03,27,4,23
2015-08-12,6,0,6
2015-08-27,19,9,10
2015-08-01,5,0,5
2015-08-28,2,2,0
2015-08-03,16,10,6
2015-08-19,39,32,7
2015-08-17,15,9,6
2015-08-11,1,1,0
2015-08-22,0,0,0
2015-08-21,20,14,6
2015-08-31,8,6,2
2015-08-29,2,0,2
2015-08-12,0,0,0
2015-08-01,8,4,4
2015-08-22,2,0,2
2015-08-14,32,5,27
2015-08-16,12,4,8
2015-08-06,2,2,0
2015-08-01,8,5,3
2015-08-23,4,0,4
2015-08-17,2,2,0
2015-08-18,2,2,0
2015-08-12,34,2,32
2015-08-04,0,0,0
2015-08-25,21,6,15
2015-08-03,30,1,29
2015-08-27,3,1,2
2015-08-14,0,0,0
2015-08-05,22,3,19
2015-08-19,16,12,4
2015-08-24,0,0,0
2015-08-25,2,0,2
2015-08-14,1,1,0
2015-08-10,17,0,17
2015-08-20,4,4,0
2015-08-23,0,0,0
2015-08-25,0,0,0
2015-08-20,23,20,3
2015-08-17,0,0,0
2015-08-08,0,0,0
2015-08-28,8,6,2
2015-08-28,25,20,5
2015-08-08,6,1,5
2015-08-11,33,4,29
2015-08-24,6,3,3
2015-08-26,44,36,8
2015-08-30,3,1,2
2015-08-09,1,1,0
2015-08-23,1,1,0
2015-08-10,8,7,1
2015-08-19,0,0,0
2015-08-07,2,0,2
2015-08-16,10,2,8
2015-08-15,10,5,5
2015-08-19,40,4,36
2015-08-31,44,35,9
2015-08-19,6,2,4
2015-08-27,19,6,13
2015-08-22,0,0,0
2015-08-27,23,8,15
2015-08-08,0,0,0
2015-08-14,15,4,11
2015-08-24,0,0,0
2015-08-06,3,0,3
2015-08-09,0,0,0
2015-08-11,21,14,7
2015-08-19,1,0,1
2015-08-31,2,0,2
2015-08-16,9,7,2
2015-08-14,15,10,5
2015-08-26,1,1,0
2015-08-02,1,1,0
2015-08-31,27,4,23
2015-08-19,0,0,0
2015-08-19,10,3,7
2015-08-26,0,0,0
2015-08-25,42,31,11
2015-08-05,15,15,0
2015-08-29,4,1,3
2015-08-05,0,0,0
2015-08-09,0,0,0
2015-08-01,15,7,8
2015-08-20,0,0,0
2015-08-21,10,7,3
2015-08-31,7,0,7
2015-08-22,6,1,5
2015-08-30,4,2,2
2015-08-02,6,0,6
2015-08-10,12,3,9
2015-08-14,14,5,9
2015-08-03,4,3,1
2015-08-29,6,2,4
2015-08-17,18,2,16
2015-08-12,15,12,3
2015-08-31,6,1,5
2015-08-02,0,0,0
2015-08-17,11,1,10
2015-08-02,23,7,16
2015-08-04,26,5,21
2015-08-05,13,1,12
2015-08-04,2,0,2
2015-08-31,32,3,29
2015-08-30,19,13,6
2015-08-15,4,2,2
2015-08-30,0,0,0
2015-08-27,19,9,10
2015-08-31,0,0,0
2015-08-08,2,2,0
2015-08-13,23,14,9
2015-08-08,16,5,11
2015-08-28,21,3,18
2015-08-13,45,28,17
2015-08-13,12,5,7
2015-08-12,11,4,7
2015-08-17,2,0,2
2015-08-12,20,5,15
2015-08-22,29,18,11
2015-08-20,16,2,14
2015-08-18,18,8,10
2015-08-04,4,1,3
2015-08-02,2,2,0
2015-08-01,2,0,2
2015-08-03,29,19,10
2015-08-09,14,6,8
2015-08-31,9,6,3
2015-08-29,0,0,0
2015-08-18,13,11,2
2015-08-13,3,1,2
2015-08-27,42,30,12
2015-08-01,6,5,1
2015-08-11,51,37,14
2015-08-25,19,1,18
2015-08-26,9,6,3
2015-08-20,9,4,5
2015-08-09,8,2,6
2015-08-20,2,2,0
2015-08-07,23,1,22
2015-08-06,9,4,5
2015-08-10,32,4,28
2015-08-10,0,0,0
2015-08-29,0,0,0
2015-08-06,36,6,30
2015-08-08,0,0,0
2015-08-28,26,13,13
2015-08-20,9,5,4
2015-08-29,16,9,7
2015-08-09,0,0,0
2015-08-21,0,0,0
2015-08-17,14,3,11
2015-08-20,0,0,0
2015-08-22,16,8,8
2015-08-09,10,3,7
2015-08-29,11,5,6
2015-08-26,6,0,6
2015-08-30,11,3,8
2015-08-26,0,0,0
2015-08-09,10,7,3
2015-08-30,3,0,3
2015-08-11,0,0,0
2015-08-26,20,12,8
2015-08-22,24,12,12
2015-08-22,1,1,0
2015-08-18,0,0,0
2015-08-10,20,15,5
2015-08-24,48,36,12
2015-08-07,26,9,17
2015-08-27,44,36,8
2015-08-27,12,4,8
2015-08-13,13,9,4
2015-08-24,29,8,21
2015-08-13,3,0,3
2015-08-17,3,2,1
2015-08-06,17,10,7
2015-08-27,3,2,1
2015-08-05,2,0,2
2015-08-22,6,3,3
2015-08-04,15,12,3
2015-08-20,12,4,8
2015-08-11,37,28,9
2015-08-15,0,0,0
2015-08-09,0,0,0
2015-08-23,6,1,5
2015-08-20,6,4,2
2015-08-06,13,1,12
2015-08-02,2,0,2
2015-08-21,6,4,2
2015-08-14,0,0,0
2015-08-11,2,2,0
2015-08-16,19,17,2
2015-08-02,16,6,10
2015-08-03,16,0,16
2015-08-18,26,2,24
2015-08-26,49,37,12
2015-08-24,0,0,0
2015-08-16,0,0,0
2015-08-26,8,8,0
2015-08-07,14,0,14
2015-08-24,12,4,8
2015-08-31,15,12,3
2015-08-01,0,0,0
2015-08-26,14,4,10
2015-08-20,1,0,1
2015-08-20,12,10,2
2015-08-16,11,6,5
2015-08-22,10,5,5
2015-08-24,19,13,6
2015-08-08,11,6,5
2015-08-17,12,11,1
2015-08-08,0,0,0
2015-08-08,4,3,1
2015-08-29,4,2,2
2015-08-29,19,3,16
2015-08-25,5,3,2
2015-08-24,19,0,19
2015-08-07,2,2,0
2015-08-07,3,0,3
2015-08-26,0,0,0
2015-08-20,0,0,0
2015-08-29,0,0,0
2015-08-06,45,41,4
2015-08-21,11,0,11
2015-08-08,4,0,4
2015-08-22,22,8,14
2015-08-18,7,4,3
2015-08-17,38,1,37
2015-08-04,2,0,2
2015-08-21,18,5,13
2015-08-17,0,0,0
2015-08-18,9,5,4
2015-08-15,9,2,7
2015-08-02,3,3,0
2015-08-23,0,0,0
2015-08-15,4,3,1
2015-08-06,6,0,6
2015-08-14,4,0,4
2015-08-22,8,8,0
2015-08-04,22,8,14
2015-08-14,5,1,4
2015-08-02,0,0,0
2015-08-09,5,4,1
2015-08-23,0,0,0
2015-08-13,0,0,0
2015-08-15,12,10,2
2015-08-01,1,1,0
2015-08-21,1,1,0
2015-08-04,1,1,0
2015-08-02,9,6,3
2015-08-01,28,13,15
2015-08-30,2,1,1
2015-08-11,16,2,14
2015-08-05,1,1,0
2015-08-12,4,4,0
2015-08-30,7,0,7
2015-08-11,20,3,17
2015-08-28,22,14,8
2015-08-09,11,5,6
2015-08-12,21,2,19
2015-08-15,13,6,7
2015-08-21,9,3,6
2015-08-08,9,1,8
2015-08-17,33,26,7
2015-08-13,2,2,0
2015-08-14,7,5,2
2015-08-21,8,3,5
2015-08-30,13,6,7
2015-08-23,19,12,7
2015-08-03,13,5,8
2015-08-16,0,0,0
2015-08-28,13,3,10
2015-08-22,3,0,3
2015-08-18,0,0,0
2015-08-04,17,7,10
2015-08-27,4,0,4
2015-08-16,12,9,3
2015-08-21,14,11,3
2015-08-12,4,4,0
2015-08-19,26,16,10
2015-08-30,20,5,15
2015-08-08,8,4,4
2015-08-30,14,4,10
2015-08-16,15,5,10
2015-08-15,1,1,0
2015-08-24,0,0,0
2015-08-30,2,0,2
2015-08-16,0,0,0
2015-08-25,8,1,7
2015-08-09,2,0,2
2015-08-18,32,4,28
2015-08-10,2,0,2
2015-08-27,15,7,8
2015-08-19,22,14,8
2015-08-30,13,3,10
2015-08-19,8,1,7
2015-08-20,0,0,0
2015-08-29,0,0,0
2015-08-16,0,0,0
2015-08-01,0,0,0
2015-08-16,24,9,15
2015-08-19,19,6,13
2015-08-12,20,4,16
2015-08-28,12,0,12
2015-08-15,1,0,1
2015-08-27,1,1,0
2015-08-22,25,11,14
2015-08-18,15,10,5
2015-08-05,10,9,1
2015-08-15,0,0,0
2015-08-12,1,0,1
2015-08-08,14,7,7
2015-08-12,2,2,0
2015-08-05,0,0,0
2015-08-11,12,8,4
2015-08-15,5,2,3
2015-08-09,9,4,5
2015-08-18,0,0,0
2015-08-21,0,0,0
2015-08-14,1,0,1
2015-08-17,21,13,8
2015-08-21,3,0,3
2015-08-18,34,11,23
2015-08-19,21,6,15
2015-08-25,9,2,7
2015-08-17,0,0,0
2015-08-05,7,3,4
2015-08-08,7,4,3
2015-08-28,1,1,0
2015-08-04,13,8,5
2015-08-05,0,0,0
2015-08-20,34,23,11
2015-08-24,26,3,23
2015-08-23,2,2,0
2015-08-06,1,1,0
2015-08-15,0,0,0
2015-08-18,5,0,5
2015-08-04,0,0,0
2015-08-11,11,9,2
2015-08-31,2,0,2
2015-08-10,9,5,4
2015-08-02,19,8,11
2015-08-02,0,0,0
2015-08-01,8,6,2
2015-08-17,26,25,1
2015-08-03,9,1,8
2015-08-22,6,4,2
2015-08-15,2,0,2
2015-08-12,41,25,16
2015-08-19,4,4,0
2015-08-27,1,1,0
2015-08-23,0,0,0
2015-08-22,0,0,0
2015-08-14,1,1,0
2015-08-13,42,3,39
2015-08-05,38,30,8
2015-08-13,2,2,0
2015-08-29,11,6,5
2015-08-31,11,0,11
2015-08-26,6,4,2
2015-08-16,1,1,0
2015-08-04,33,1,32
2015-08-06,29,22,7
2015-08-25,16,5,11
2015-08-02,0,0,0
2015-08-05,33,22,11
2015-08-31,3,3,0
2015-08-19,1,1,0
2015-08-17,15,3,12
2015-08-15,14,7,7
2015-08-05,14,4,10
2015-08-31,11,6,5
2015-08-04,21,18,3
2015-08-21,1,1,0
2015-08-19,17,4,13
2015-08-25,5,3,2
2015-08-15,2,0,2
2015-08-13,23,9,14
2015-08-19,3,2,1
2015-08-25,23,2,21
2015-08-13,11,5,6
2015-08-05,48,10,38
2015-08-30,1,1,0
2015-08-13,0,0,0
2015-08-29,14,2,12
2015-08-20,22,16,6
2015-08-06,2,2,0
2015-08-03,3,1,2
2015-08-24,24,7,17
2015-08-13,12,6,6
2015-08-28,5,0,5
2015-08-17,7,3,4
2015-08-24,16,13,3
2015-08-06,30,2,28
2015-08-01,3,3,0
2015-08-17,0,0,0
2015-08-16,12,2,10
2015-08-26,26,4,22
2015-08-18,0,0,0
2015-08-27,36,3,33
2015-08-18,30,20,10
2015-08-21,0,0,0
2015-08-03,0,0,0
2015-08-10,15,6,9
2015-08-01,0,0,0
2015-08-15,12,8,4
2015-08-14,3,3,0
2015-08-08,8,2,6
2015-08-28,4,1,3
2015-08-29,0,0,0
2015-08-24,2,0,2
2015-08-28,18,5,13
2015-08-30,0,0,0
2015-08-17,26,5,21
2015-08-09,0,0,0
2015-08-31,0,0,0
2015-08-14,24,2,22
2015-08-10,0,0,0
2015-08-30,0,0,0
2015-08-25,15,9,6
2015-08-10,2,2,0
2015-08-09,1,1,0
2015-08-04,20,2,18
2015-08-12,32,25,7
2015-08-16,22,16,6
2015-08-11,17,7,10
2015-08-28,0,0,0
2015-08-24,21,8,13
2015-08-26,15,3,12
2015-08-02,14,13,1
2015-08-28,0,0,0
2015-08-12,23,10,13
2015-08-25,1,1,0
2015-08-01,7,3,4
2015-08-25,5,5,0
2015-08-15,0,0,0
2015-08-13,34,5,29
2015-08-10,41,37,4
2015-08-06,8,1,7
2015-08-18,33,27,6
2015-08-16,0,0,0
2015-08-14,0,0,0
2015-08-07,3,0,3
2015-08-03,1,0,1
2015-08-30,0,0,0
2015-08-15,0,0,0
2015-08-30,6,4,2
2015-08-31,11,2,9
2015-08-23,27,14,13
2015-08-05,22,2,20
2015-08-26,0,0,0
2015-08-25,29,17,12
2015-08-23,20,10,10
2015-08-07,21,5,16
2015-08-04,0,0,0
2015-08-07,28,13,15
2015-08-09,30,17,13
2015-08-31,17,3,14
2015-08-10,1,0,1
2015-08-24,19,8,11
2015-08-14,5,4,1
2015-08-03,11,5,6
2015-08-27,2,0,2
2015-08-12,7,3,4
2015-08-19,19,5,14
2015-08-01,0,0,0
2015-08-30,19,8,11
2015-08-16,24,7,17
2015-08-08,5,4,1
2015-08-14,3,3,0
2015-08-19,16,10,6
2015-08-24,38,26,12
2015-08-01,9,6,3
2015-08-11,12,5,7
2015-08-17,6,4,2
2015-08-04,18,11,7
2015-08-03,10,6,4
2015-08-26,11,2,9
2015-08-20,14,2,12
2015-08-14,10,1,9
2015-08-22,0,0,0
2015-08-02,16,3,13
2015-08-15,8,3,5
2015-08-14,10,6,4
2015-08-21,16,4,12
2015-08-08,0,0,0
2015-08-18,19,9,10
2015-08-24,17,10,7
2015-08-09,15,9,6
2015-08-04,7,3,4
2015-08-30,5,2,3
2015-08-10,3,3,0
2015-08-07,0,0,0
2015-08-28,1,1,0
2015-08-06,0,0,0
2015-08-29,1,0,1
2015-08-23,17,4,13
2015-08-07,28,13,15
2015-08-25,0,0,0
2015-08-05,3,3,0
2015-08-12,1,0,1
2015-08-07,24,3,21
2015-08-08,7,7,0
2015-08-13,15,4,11
2015-08-29,13,5,8
2015-08-13,22,4,18
2015-08-10,7,2,5
2015-08-14,1,1,0
2015-08-22,18,10,8
2015-08-18,19,14,5
2015-08-06,28,20,8
2015-08-27,0,0,0
2015-08-07,1,1,0
2015-08-17,17,4,13
2015-08-15,14,6,8
2015-08-23,6,1,5
2015-08-02,3,1,2
2015-08-25,0,0,0
2015-08-26,11,2,9
2015-08-16,22,6,16
2015-08-11,35,9,26
2015-08-13,43,28,15
2015-08-13,24,21,3
2015-08-01,3,3,0
2015-08-27,20,5,15
2015-08-23,10,8,2
2015-08-03,28,21,7
2015-08-09,11,5,6
2015-08-04,36,33,3
2015-08-07,15,9,6
2015-08-06,17,1,16
2015-08-30,12,4,8
2015-08-06,8,0,8
2015-08-07,0,0,0
2015-08-09,13,6,7
2015-08-06,38,37,1
2015-08-29,3,2,1
2015-08-28,11,3,8
2015-08-22,4,4,0
2015-08-27,0,0,0
2015-09-28,0,0,0
2015-09-26,14,11,3
2015-09-06,9,6,3
2015-09-28,20,1,19
2015-09-02,3,3,0
2015-09-20,1,1,0
2015-09-11,50,32,18
2015-09-18,0,0,0
2015-09-11,0,0,0
2015-09-03,11,6,5
2015-09-22,2,2,0
2015-09-02,30,12,18
2015-09-22,13,5,8
2015-09-29,33,5,28
2015-09-12,12,7,5
2015-09-30,0,0,0
2015-09-12,5,3,2
2015-09-15,32,28,4
2015-09-30,1,1,0
2015-09-08,10,1,9
2015-09-08,17,2,15
2015-09-23,2,0,2
2015-09-13,0,0,0
2015-09-17,0,0,0
2015-09-11,25,9,16
2015-09-26,1,1,0
2015-09-10,10,3,7
2015-09-11,35,28,7
2015-09-22,6,3,3
2015-09-21,42,4,38
2015-09-03,11,9,2
2015-09-11,14,3,11
2015-09-28,1,0,1
2015-09-05,0,0,0
2015-09-12,0,0,0
2015-09-04,0,0,0
2015-09-01,6,3,3
2015-09-12,0,0,0
2015-09-29,14,0,14
2015-09-16,1,1,0
2015-09-16,0,0,0
2015-09-22,0,0,0
2015-09-14,18,0,18
2015-09-10,22,14,8
2015-09-20,5,3,2
2015-09-16,11,1,10
2015-09-02,1,0,1
2015-09-25,1,1,0
2015-09-23,28,16,12
2015-09-15,3,0,3
2015-09-25,4,2,2
2015-09-04,11,9,2
2015-09-14,7,5,2
2015-09-01,29,18,11
2015-09-13,18,12,6
2015-09-29,26,4,22
2015-09-08,1,1,0
2015-09-29,19,9,10
2015-09-29,0,0,0
2015-09-10,40,27,13
2015-09-23,15,2,13
2015-09-22,26,4,22
2015-09-30,0,0,0
2015-09-22,0,0,0
2015-09-18,10,6,4
2015-09-09,18,12,6
2015-09-28,3,3,0
2015-09-11,15,7,8
2015-09-06,4,1,3
2015-09-08,19,13,6
2015-09-15,4,3,1
2015-09-12,6,6,0
2015-09-16,10,3,7
2015-09-16,23,18,5
2015-09-21,0,0,0
2015-09-09,24,12,12
2015-09-29,16,14,2
2015-09-20,0,0,0
2015-09-15,20,4,16
2015-09-26,9,3,6
2015-09-21,10,4,6
2015-09-04,3,3,0
2015-09-11,0,0,0
2015-09-27,2,0,2
2015-09-23,11,4,7
2015-09-19,4,3,1
2015-09-16,13,10,3
2015-09-28,31,30,1
2015-09-18,1,0,1
2015-09-03,8,4,4
2015-09-19,1,1,0
2015-09-12,2,0,2
2015-09-20,2,0,2
2015-09-12,14,4,10
2015-09-06,5,1,4
2015-09-13,7,4,3
2015-09-15,1,1,0
2015-09-18,9,4,5
2015-09-27,1,1,0
2015-09-21,3,1,2
2015-09-15,11,3,8
2015-09-20,11,5,6
2015-09-27,0,0,0
2015-09-14,14,5,9
2015-09-20,10,4,6
2015-09-23,12,2,10
2015-09-06,0,0,0
2015-09-05,22,9,13
2015-09-28,13,11,2
2015-09-24,0,0,0
2015-09-01,6,2,4
2015-09-11,0,0,0
2015-09-13,12,8,4
2015-09-19,3,3,0
2015-09-09,16,5,11
2015-09-28,4,0,4
2015-09-16,0,0,0
2015-09-05,17,13,4
2015-09-11,17,13,4
2015-09-04,31,22,9
2015-09-05,15,11,4
2015-09-14,12,2,10
2015-09-03,16,9,7
2015-09-19,1,1,0
2015-09-22,4,4,0
2015-09-07,4,2,2
2015-09-13,4,3,1
2015-09-07,5,2,3
2015-09-27,5,2,3
2015-09-10,37,30,7
2015-09-24,12,5,7
2015-09-10,0,0,0
2015-09-25,2,2,0
2015-09-08,29,3,26
2015-09-23,3,3,0
2015-09-10,9,7,2
2015-09-01,0,0,0
2015-09-17,1,0,1
2015-09-13,0,0,0
2015-09-12,4,4,0
2015-09-16,0,0,0
2015-09-02,3,3,0
2015-09-30,0,0,0
2015-09-17,22,17,5
2015-09-25,1,1,0
2015-09-25,7,7,0
2015-09-09,13,2,11
2015-09-15,15,9,6
2015-09-06,2,2,0
2015-09-26,12,2,10
2015-09-09,2,0,2
2015-09-12,21,11,10
2015-09-28,42,36,6
2015-09-29,3,0,3
2015-09-13,9,4,5
2015-09-26,14,8,6
2015-09-09,31,26,5
2015-09-05,12,8,4
2015-09-20,0,0,0
2015-09-18,26,7,19
2015-09-18,23,18,5
2015-09-15,1,0,1
2015-09-14,1,0,1
2015-09-04,19,12,7
2015-09-16,13,3,10
2015-09-01,14,3,11
2015-09-17,11,4,7
2015-09-25,10,2,8
2015-09-20,0,0,0
2015-09-18,1,0,1
2015-09-08,47,39,8
2015-09-17,27,7,20
2015-09-28,11,6,5
2015-09-20,5,1,4
2015-09-11,3,0,3
2015-09-09,9,0,9
2015-09-15,19,12,7
2015-09-16,1,1,0
2015-09-23,21,8,13
2015-09-28,14,8,6
2015-09-07,1,1,0
2015-09-03,11,1,10
2015-09-12,1,1,0
2015-09-10,16,6,10
2015-09-21,33,22,11
2015-09-01,13,2,11
2015-09-27,16,6,10
2015-09-15,23,3,20
2015-09-26,19,7,12
2015-09-07,7,4,3
2015-09-14,0,0,0
2015-09-17,17,8,9
2015-09-15,42,36,6
2015-09-21,24,6,18
2015-09-19,17,8,9
2015-09-27,9,8,1
2015-09-23,37,10,27
2015-09-06,1,1,0
2015-09-24,30,5,25
2015-09-14,8,7,1
2015-09-03,18,2,16
2015-09-26,13,8,5
2015-09-12,20,9,11
2015-09-28,1,0,1
2015-09-23,8,5,3
2015-09-19,22,9,13
2015-09-20,0,0,0
2015-09-09,3,1,2
2015-09-07,2,2,0
2015-09-08,31,18,13
2015-09-13,0,0,0
2015-09-24,8,4,4
2015-09-07,13,4,9
2015-09-14,33,15,18
2015-09-01,23,19,4
2015-09-21,7,4,3
2015-09-30,3,2,1
2015-09-13,18,10,8
2015-09-14,4,1,3
2015-09-01,36,2,34
2015-09-16,23,19,4
2015-09-25,15,3,12
2015-09-08,4,2,2
2015-09-26,16,4,12
2015-09-06,2,0,2
2015-09-08,7,1,6
2015-09-09,48,34,14
2015-09-08,25,2,23
2015-09-05,0,0,0
2015-09-11,1,0,1
2015-09-25,8,3,5
2015-09-03,18,6,12
2015-09-11,1,1,0
2015-09-02,15,10,5
2015-09-07,40,29,11
2015-09-14,40,31,9
2015-09-17,10,1,9
2015-09-07,32,24,8
2015-09-23,56,47,9
2015-09-02,0,0,0
2015-09-14,25,2,23
2015-09-30,13,7,6
2015-09-18,29,24,5
2015-09-14,1,1,0
2015-09-17,7,6,1
2015-09-05,0,0,0
2015-09-15,21,13,8
2015-09-22,8,4,4
2015-09-22,14,7,7
2015-09-29,12,6,6
2015-09-09,2,0,2
2015-09-27,0,0,0
2015-09-29,3,3,0
2015-09-21,0,0,0
2015-09-05,0,0,0
2015-09-28,25,2,23
2015-09-20,0,0,0
2015-09-03,1,1,0
2015-09-05,0,0,0
2015-09-30,9,5,4
2015-09-21,16,0,16
2015-09-30,1,1,0
2015-09-12,0,0,0
2015-09-11,70,42,28
2015-09-09,35,2,33
2015-09-16,1,1,0
2015-09-16,12,4,8
2015-09-26,11,7,4
2015-09-22,9,6,3
2015-09-12,22,2,20
2015-09-19,0,0,0
2015-09-27,2,2,0
2015-09-07,7,1,6
2015-09-20,10,7,3
2015-09-07,26,9,17
2015-09-04,4,4,0
2015-09-11,13,2,11
2015-09-05,3,0,3
2015-09-19,13,9,4
2015-09-06,8,6,2
2015-09-02,11,8,3
2015-09-13,3,1,2
2015-09-26,3,1,2
2015-09-16,13,6,7
2015-09-28,8,5,3
2015-09-02,13,7,6
2015-09-27,24,10,14
2015-09-30,11,2,9
2015-09-12,30,10,20
2015-09-26,16,9,7
2015-09-28,19,3,16
2015-09-02,32,2,30
2015-09-13,6,4,2
2015-09-23,1,0,1
2015-09-28,1,1,0
2015-09-25,0,0,0
2015-09-11,13,3,10
2015-09-09,0,0,0
2015-09-26,10,8,2
2015-09-03,22,13,9
2015-09-21,18,14,4
2015-09-18,12,3,9
2015-09-16,3,2,1
2015-09-02,21,10,11
2015-09-10,22,18,4
2015-09-23,18,9,9
2015-09-09,3,1,2
2015-09-22,1,1,0
2015-09-25,1,0,1
2015-09-17,9,9,0
2015-09-24,14,3,11
2015-09-08,0,0,0
2015-09-04,3,0,3
2015-09-05,0,0,0
2015-09-02,0,0,0
2015-09-17,0,0,0
2015-09-12,1,0,1
2015-09-17,6,5,1
2015-09-01,17,4,13
2015-09-25,9,1,8
2015-09-09,22,13,9
2015-09-14,9,3,6
2015-09-23,33,6,27
2015-09-27,5,3,2
2015-09-14,0,0,0
2015-09-28,5,2,3
2015-09-23,0,0,0
2015-09-08,18,5,13
2015-09-18,20,3,17
2015-09-04,0,0,0
2015-09-29,37,26,11
2015-09-25,22,17,5
2015-09-28,3,3,0
2015-09-27,13,0,13
2015-09-22,29,3,26
2015-09-12,5,0,5
2015-09-18,30,3,27
2015-09-13,5,1,4
2015-09-30,13,3,10
2015-09-27,23,12,11
2015-09-25,18,4,14
2015-09-01,16,14,2
2015-09-01,12,7,5
2015-09-16,0,0,0
2015-09-20,20,10,10
2015-09-03,5,1,4
2015-09-19,0,0,0
2015-09-07,0,0,0
2015-09-28,2,2,0
2015-09-05,9,4,5
2015-09-26,1,1,0
2015-09-08,40,27,13
2015-09-06,6,2,4
2015-09-04,25,11,14
2015-09-30,45,4,41
2015-09-17,22,6,16
2015-09-23,42,6,36
2015-09-20,24,8,16
2015-09-12,4,1,3
2015-09-01,15,12,3
2015-09-07,0,0,0
2015-09-19,6,2,4
2015-09-02,29,22,7
2015-09-05,2,0,2
2015-09-10,5,3,2
2015-09-03,30,23,7
2015-09-03,34,25,9
2015-09-11,23,6,17
2015-09-24,0,0,0
2015-09-10,2,2,0
2015-09-15,16,7,9
2015-09-20,0,0,0
2015-09-24,33,5,28
2015-09-21,10,10,0
2015-09-19,0,0,0
2015-09-05,1,1,0
2015-09-19,2,2,0
2015-09-05,6,2,4
2015-09-26,8,4,4
2015-09-12,22,13,9
2015-09-11,28,8,20
2015-09-09,0,0,0
2015-09-14,3,2,1
2015-09-19,17,5,12
2015-09-29,19,2,17
2015-09-23,12,3,9
2015-09-27,7,3,4
2015-09-21,9,2,7
2015-09-01,33,28,5
2015-09-08,1,0,1
2015-09-27,0,0,0
2015-09-19,13,5,8
2015-09-21,1,1,0
2015-09-17,32,28,4
2015-09-27,56,26,30
2015-09-25,8,6,2
2015-09-04,14,7,7
2015-09-26,0,0,0
2015-09-07,14,3,11
2015-09-03,16,6,10
2015-09-09,4,1,3
2015-09-27,2,1,1
2015-09-16,20,4,16
2015-09-25,0,0,0
2015-09-15,7,1,6
2015-09-29,0,0,0
2015-09-06,2,2,0
2015-09-16,40,36,4
2015-09-15,1,1,0
2015-09-11,23,3,20
2015-09-18,17,4,13
2015-09-13,4,0,4
2015-09-05,4,2,2
2015-09-04,12,7,5
2015-09-05,0,0,0
2015-09-18,0,0,0
2015-09-17,15,3,12
2015-09-10,21,1,20
2015-09-24,3,0,3
2015-09-26,0,0,0
2015-09-28,11,6,5
2015-09-13,0,0,0
2015-09-05,3,1,2
2015-09-24,47,37,10
2015-09-07,6,4,2
2015-09-13,0,0,0
2015-09-11,27,23,4
2015-09-03,0,0,0
2015-09-06,5,3,2
2015-09-21,22,17,5
2015-09-18,0,0,0
2015-09-09,37,4,33
2015-09-02,15,13,2
2015-09-07,5,0,5
2015-09-15,22,16,6
2015-09-04,5,3,2
2015-09-19,2,0,2
2015-09-25,11,7,4
2015-09-27,9,6,3
2015-09-10,0,0,0
2015-09-22,30,24,6
2015-09-14,18,2,16
2015-09-21,1,0,1
2015-09-01,9,6,3
2015-09-30,36,32,4
2015-09-29,4,3,1
2015-09-25,13,8,5
2015-09-10,2,0,2
2015-09-03,4,4,0
2015-09-26,17,11,6
2015-09-01,1,0,1
2015-09-13,0,0,0
2015-09-01,4,0,4
2015-09-02,17,5,12
2015-09-27,3,2,1
2015-09-04,12,1,11
2015-09-24,20,17,3
2015-09-02,6,2,4
2015-09-11,7,5,2
2015-09-09,10,7,3
2015-09-10,8,4,4
2015-09-12,19,11,8
2015-09-01,0,0,0
2015-09-11,10,3,7
2015-09-04,12,0,12
2015-09-01,0,0,0
2015-09-30,38,25,13
2015-09-14,2,0,2
2015-09-01,12,6,6
2015-09-17,11,8,3
2015-09-05,4,3,1
2015-09-22,0,0,0
2015-09-28,1,0,1
2015-09-08,17,4,13
2015-09-06,0,0,0
2015-09-17,0,0,0
2015-09-03,8,1,7
2015-09-13,2,2,0
2015-09-17,2,0,2
2015-09-26,4,2,2
2015-09-19,6,6,0
2015-09-19,6,0,6
2015-09-06,0,0,0
2015-09-30,12,5,7
2015-09-12,17,9,8
2015-09-25,9,4,5
2015-09-27,0,0,0
2015-09-09,0,0,0
2015-09-13,8,6,2
2015-09-19,15,4,11
2015-09-15,0,0,0
2015-09-02,7,3,4
2015-09-21,0,0,0
2015-09-22,12,10,2
2015-09-03,0,0,0
2015-09-14,2,0,2
2015-09-24,30,20,10
2015-09-13,0,0,0
2015-09-21,13,3,10
2015-09-05,15,14,1
2015-09-08,0,0,0
2015-09-10,13,0,13
2015-09-10,11,5,6
2015-09-15,2,2,0
2015-09-06,3,3,0
2015-09-29,18,14,4
2015-09-04,0,0,0
2015-09-30,12,3,9
2015-09-07,15,9,6
2015-09-14,24,23,1
2015-09-03,0,0,0
2015-09-30,22,16,6
2015-09-20,5,2,3
2015-09-23,21,18,3
2015-09-09,28,5,23
2015-09-24,13,9,4
2015-09-13,4,0,4
2015-09-04,8,2,6
2015-09-14,15,2,13
2015-09-02,0,0,0
2015-09-29,0,0,0
2015-09-17,0,0,0
2015-09-30,32,7,25
2015-09-29,21,10,11
2015-09-07,28,7,21
2015-09-24,13,1,12
2015-09-06,4,2,2
2015-09-21,8,5,3
2015-09-02,1,1,0
2015-09-30,4,4,0
2015-09-23,0,0,0
2015-09-17,3,0,3
2015-09-06,3,0,3
2015-09-07,0,0,0
2015-09-18,7,2,5
2015-09-20,2,0,2
2015-09-06,0,0,0
2015-09-22,3,0,3
2015-09-07,14,9,5
2015-09-10,21,8,13
2015-09-20,9,6,3
2015-09-22,46,41,5
2015-09-19,10,7,3
2015-09-08,8,2,6
2015-09-26,0,0,0
2015-09-20,5,4,1
2015-09-28,26,1,25
2015-09-29,0,0,0
2015-09-06,0,0,0
2015-09-27,0,0,0
2015-09-20,5,1,4
2015-09-11,0,0,0
2015-09-21,2,0,2
2015-09-04,18,8,10
2015-09-10,2,2,0
2015-09-02,25,12,13
2015-09-22,13,3,10
2015-09-26,2,0,2
2015-09-15,29,3,26
2015-09-23,0,0,0
2015-09-06,0,0,0
2015-09-23,28,22,6
2015-09-30,10,3,7
2015-09-11,0,0,0
2015-09-24,22,3,19
2015-09-19,27,15,12
2015-09-05,8,1,7
2015-09-09,14,3,11
2015-09-16,40,3,37
2015-09-10,0,0,0
2015-09-16,8,3,5
2015-09-10,12,10,2
2015-09-27,4,2,2
2015-09-29,0,0,0
2015-09-12,0,0,0
2015-09-07,19,8,11
2015-09-05,30,9,21
2015-09-08,3,1,2
2015-09-12,9,3,6
2015-09-20,5,4,1
2015-09-03,1,0,1
2015-09-29,0,0,0
2015-09-24,6,4,2
2015-09-24,1,1,0
2015-09-18,10,2,8
2015-09-27,9,3,6
2015-09-20,3,1,2
2015-09-01,1,1,0
2015-09-08,0,0,0
2015-09-10,19,1,18
2015-09-08,13,5,8
2015-09-15,20,16,4
2015-09-03,12,2,10
2015-09-30,18,3,15
2015-09-21,2,2,0
2015-09-02,9,3,6
2015-09-21,3,1,2
2015-09-06,6,6,0
2015-09-16,17,1,16
2015-09-26,8,4,4
2015-09-26,2,0,2
2015-09-29,1,1,0
2015-09-24,0,0,0
2015-09-15,16,2,14
2015-09-01,19,1,18
2015-09-22,18,2,16
2015-09-30,1,0,1
2015-09-07,0,0,0
2015-09-27,0,0,0
2015-09-16,4,0,4
2015-09-16,4,1,3
2015-09-20,2,1,1
2015-09-22,6,4,2
2015-09-18,5,3,2
2015-09-23,1,1,0
2015-09-30,11,2,9
2015-09-23,0,0,0
2015-09-10,4,4,0
2015-09-23,19,6,13
2015-09-04,13,5,8
2015-09-24,7,2,5
2015-09-24,1,1,0
2015-09-17,2,0,2
2015-09-02,30,21,9
2015-09-09,49,38,11
2015-09-22,0,0,0
2015-09-04,0,0,0
2015-09-20,0,0,0
2015-09-10,3,0,3
2015-09-18,0,0,0
2015-09-19,25,13,12
2015-09-13,4,4,0
2015-09-14,16,4,12
2015-09-06,4,1,3
2015-09-24,0,0,0
2015-09-29,12,4,8
2015-09-08,0,0,0
2015-09-15,0,0,0
2015-09-13,2,0,2
2015-09-19,2,0,2
2015-09-18,15,7,8
2015-09-17,1,1,0
2015-09-06,0,0,0
2015-09-22,0,0,0
2015-09-19,1,0,1
2015-09-21,11,6,5
2015-09-21,0,0,0
2015-09-01,4,1,3
2015-09-22,34,28,6
2015-09-07,4,0,4
2015-09-02,36,33,3
2015-09-21,50,46,4
2015-09-26,3,2,1
2015-09-24,9,2,7
2015-09-29,22,4,18
2015-09-08,3,0,3
2015-09-06,5,3,2
2015-09-24,2,2,0
2015-09-04,10,5,5
2015-09-03,18,10,8
2015-09-01,0,0,0
2015-09-03,14,9,5
2015-09-14,11,5,6
2015-09-04,32,23,9
2015-09-07,0,0,0
2015-09-17,24,1,23
2015-09-04,17,1,16
2015-09-24,24,23,1
2015-09-05,8,3,5
2015-09-02,2,0,2
2015-09-15,0,0,0
2015-09-25,0,0,0
2015-09-19,28,9,19
2015-09-28,0,0,0
2015-09-25,16,11,5
2015-09-26,0,0,0
2015-09-25,17,2,15
2015-09-29,47,41,6
2015-09-08,21,13,8
2015-09-30,14,9,5
2015-09-28,26,18,8
2015-09-27,5,1,4
2015-09-17,9,2,7
2015-09-28,15,2,13
2015-09-04,0,0,0
2015-09-13,2,0,2
2015-09-03,4,4,0
2015-09-13,0,0,0
2015-09-08,12,7,5
2015-09-17,5,2,3
2015-09-12,0,0,0
2015-09-14,0,0,0
2015-09-11,5,5,0
2015-09-18,34,18,16
2015-09-15,22,4,18
2015-09-04,26,4,22
2015-09-07,0,0,0
2015-09-06,1,0,1
2015-09-09,15,4,11
2015-09-29,41,36,5
2015-09-25,38,29,9
2015-09-12,15,12,3
2015-09-03,1,1,0
2015-09-18,16,10,6
2015-09-18,0,0,0
2015-09-01,3,1,2
2015-09-24,2,2,0
2015-09-18,2,2,0
2015-09-02,25,4,21
2015-09-14,30,16,14
2015-09-09,3,3,0
2015-09-05,0,0,0
2015-09-25,2,0,2
2015-09-22,28,3,25
2015-09-30,3,0,3
2015-09-23,0,0,0
2015-09-18,16,9,7
2015-09-25,14,2,12
2015-09-16,20,14,6
2015-09-10,27,3,24
2015-10-17,13,5,8
2015-10-16,0,0,0
2015-10-27,3,0,3
2015-10-18,5,4,1
2015-10-18,0,0,0
2015-10-31,0,0,0
2015-10-15,7,5,2
2015-10-07,1,0,1
2015-10-13,44,37,7
2015-10-28,32,25,7
2015-10-04,13,10,3
2015-10-04,0,0,0
2015-10-08,26,3,23
2015-10-19,26,24,2
2015-10-25,11,9,2
2015-10-20,1,1,0
2015-10-16,25,5,20
2015-10-01,17,11,6
2015-10-23,11,7,4
2015-10-23,7,6,1
2015-10-18,1,0,1
2015-10-08,11,3,8
2015-10-17,13,9,4
2015-10-14,1,0,1
2015-10-17,10,4,6
2015-10-06,10,6,4
2015-10-30,21,14,7
2015-10-24,0,0,0
2015-10-08,3,0,3
2015-10-07,5,1,4
2015-10-16,25,21,4
2015-10-11,6,3,3
2015-10-15,19,14,5
2015-10-05,16,9,7
2015-10-29,8,2,6
2015-10-27,21,1,20
2015-10-18,11,2,9
2015-10-13,0,0,0
2015-10-01,2,0,2
2015-10-11,16,6,10
2015-10-23,33,15,18
2015-10-03,0,0,0
2015-10-07,7,7,0
2015-10-07,23,15,8
2015-10-18,7,0,7
2015-10-28,6,5,1
2015-10-03,1,0,1
2015-10-02,12,4,8
2015-10-03,16,9,7
2015-10-20,4,2,2
2015-10-05,9,3,6
2015-10-11,13,7,6
2015-10-25,6,2,4
2015-10-25,1,1,0
2015-10-09,14,6,8
2015-10-08,10,9,1
2015-10-25,11,1,10
2015-10-10,2,1,1
2015-10-08,12,4,8
2015-10-06,4,2,2
2015-10-05,11,8,3
2015-10-24,17,11,6
2015-10-04,14,7,7
2015-10-13,19,2,17
2015-10-05,5,3,2
2015-10-11,1,0,1
2015-10-03,14,9,5
2015-10-25,0,0,0
2015-10-03,0,0,0
2015-10-18,9,6,3
2015-10-04,7,2,5
2015-10-16,21,2,19
2015-10-16,13,10,3
2015-10-25,0,0,0
2015-10-07,0,0,0
2015-10-02,8,3,5
2015-10-07,14,12,2
2015-10-03,3,3,0
2015-10-09,0,0,0
2015-10-20,17,4,13
2015-10-22,1,1,0
2015-10-21,0,0,0
2015-10-15,7,5,2
2015-10-04,10,6,4
2015-10-26,1,1,0
2015-10-12,4,4,0
2015-10-26,0,0,0
2015-10-17,2,2,0
2015-10-13,16,12,4
2015-10-09,0,0,0
2015-10-21,32,26,6
2015-10-18,6,3,3
2015-10-19,15,4,11
2015-10-14,25,16,9
2015-10-26,1,0,1
2015-10-18,2,1,1
2015-10-28,16,5,11
2015-10-07,5,5,0
2015-10-27,15,12,3
2015-10-25,1,0,1
2015-10-30,12,8,4
2015-10-14,13,6,7
2015-10-02,0,0,0
2015-10-04,2,0,2
2015-10-20,0,0,0
2015-10-04,3,1,2
2015-10-25,17,10,7
2015-10-14,1,1,0
2015-10-18,2,0,2
2015-10-05,25,19,6
2015-10-01,0,0,0
2015-10-20,1,0,1
2015-10-14,37,12,25
2015-10-10,0,0,0
2015-10-06,15,3,12
2015-10-19,7,4,3
2015-10-10,6,2,4
2015-10-14,34,4,30
2015-10-27,0,0,0
2015-10-10,0,0,0
2015-10-13,5,3,2
2015-10-21,7,5,2
2015-10-14,0,0,0
2015-10-12,0,0,0
2015-10-14,39,34,5
2015-10-14,7,5,2
2015-10-10,4,3,1
2015-10-22,13,10,3
2015-10-06,9,3,6
2015-10-09,1,0,1
2015-10-23,1,1,0
2015-10-12,7,1,6
2015-10-06,33,2,31
2015-10-01,12,10,2
2015-10-16,5,3,2
2015-10-02,30,5,25
2015-10-27,0,0,0
2015-10-05,0,0,0
2015-10-05,9,6,3
2015-10-16,19,7,12
2015-10-28,1,1,0
2015-10-16,1,0,1
2015-10-07,8,4,4
2015-10-11,17,14,3
2015-10-19,2,2,0
2015-10-13,4,0,4
2015-10-31,3,0,3
2015-10-19,3,2,1
2015-10-31,11,8,3
2015-10-22,5,2,3
2015-10-25,0,0,0
2015-10-17,14,9,5
2015-10-05,2,0,2
2015-10-31,4,2,2
2015-10-19,0,0,0
2015-10-28,6,2,4
2015-10-06,12,4,8
2015-10-27,37,25,12
2015-10-06,0,0,0
2015-10-20,22,17,5
2015-10-12,38,5,33
2015-10-12,13,2,11
2015-10-27,5,5,0
2015-10-11,5,4,1
2015-10-02,15,10,5
2015-10-05,14,3,11
2015-10-01,0,0,0
2015-10-21,40,27,13
2015-10-17,7,2,5
2015-10-29,10,0,10
2015-10-24,9,5,4
2015-10-24,1,0,1
2015-10-27,13,6,7
2015-10-26,18,0,18
2015-10-24,21,14,7
2015-10-24,9,9,0
2015-10-24,0,0,0
2015-10-30,7,3,4
2015-10-17,3,3,0
2015-10-10,3,3,0
2015-10-27,1,1,0
2015-10-03,3,2,1
2015-10-16,0,0,0
2015-10-10,3,2,1
2015-10-15,46,36,10
2015-10-20,3,0,3
2015-10-22,14,8,6
2015-10-23,17,4,13
2015-10-28,7,5,2
2015-10-11,0,0,0
2015-10-01,17,9,8
2015-10-02,0,0,0
2015-10-14,19,11,8
2015-10-11,0,0,0
2015-10-26,14,9,5
2015-10-22,15,4,11
2015-10-01,0,0,0
2015-10-02,3,1,2
2015-10-06,0,0,0
2015-10-05,2,2,0
2015-10-10,4,2,2
2015-10-30,0,0,0
2015-10-18,0,0,0
2015-10-16,6,6,0
2015-10-23,0,0,0
2015-10-03,14,5,9
2015-10-30,13,1,12
2015-10-23,0,0,0
2015-10-13,33,8,25
2015-10-24,5,5,0
2015-10-14,17,10,7
2015-10-15,33,27,6
2015-10-08,39,30,9
2015-10-16,40,37,3
2015-10-06,29,1,28
2015-10-24,10,5,5
2015-10-13,8,4,4
2015-10-29,10,5,5
2015-10-16,12,2,10
2015-10-13,9,3,6
2015-10-13,2,2,0
2015-10-02,15,1,14
2015-10-29,1,1,0
2015-10-28,3,1,2
2015-10-24,0,0,0
2015-10-01,2,2,0
2015-10-28,5,5,0
2015-10-21,12,6,6
2015-10-25,10,8,2
2015-10-16,0,0,0
2015-10-17,1,0,1
2015-10-20,18,10,8
2015-10-18,1,0,1
2015-10-25,6,4,2
2015-10-05,3,2,1
2015-10-09,13,4,9
2015-10-12,11,9,2
2015-10-12,0,0,0
2015-10-08,1,0,1
2015-10-03,6,2,4
2015-10-08,9,3,6
2015-10-25,4,0,4
2015-10-26,19,16,3
2015-10-18,7,2,5
2015-10-02,27,23,4
2015-10-30,6,4,2
2015-10-08,16,11,5
2015-10-04,33,12,21
2015-10-14,0,0,0
2015-10-20,8,4,4
2015-10-27,20,7,13
2015-10-31,9,5,4
2015-10-23,1,1,0
2015-10-29,11,1,10
2015-10-20,34,26,8
2015-10-28,4,1,3
2015-10-29,16,1,15
2015-10-05,0,0,0
2015-10-26,10,2,8
2015-10-17,11,5,6
2015-10-23,0,0,0
2015-10-29,38,31,7
2015-10-04,16,6,10
2015-10-31,6,4,2
2015-10-21,39,4,35
2015-10-09,11,6,5
2015-10-07,18,8,10
2015-10-25,17,11,6
2015-10-29,0,0,0
2015-10-07,2,0,2
2015-10-26,0,0,0
2015-10-16,0,0,0
2015-10-16,17,14,3
2015-10-26,0,0,0
2015-10-02,5,1,4
2015-10-11,4,0,4
2015-10-19,13,9,4
2015-10-15,35,3,32
2015-10-16,30,0,30
2015-10-10,0,0,0
2015-10-16,3,3,0
2015-10-13,14,7,7
2015-10-23,24,5,19
2015-10-29,16,12,4
2015-10-03,0,0,0
2015-10-26,8,2,6
2015-10-02,19,6,13
2015-10-27,16,6,10
2015-10-06,0,0,0
2015-10-29,15,13,2
2015-10-19,0,0,0
2015-10-31,7,4,3
2015-10-27,23,4,19
2015-10-22,0,0,0
2015-10-03,0,0,0
2015-10-14,5,1,4
2015-10-20,4,2,2
2015-10-16,33,10,23
2015-10-14,11,9,2
2015-10-21,3,3,0
2015-10-06,3,2,1
2015-10-18,4,1,3
2015-10-16,32,22,10
2015-10-31,6,4,2
2015-10-11,0,0,0
2015-10-18,6,3,3
2015-10-05,8,5,3
2015-10-27,7,5,2
2015-10-27,9,7,2
2015-10-17,0,0,0
2015-10-09,36,26,10
2015-10-09,0,0,0
2015-10-25,6,2,4
2015-10-06,41,27,14
2015-10-11,10,5,5
2015-10-05,4,0,4
2015-10-18,11,4,7
2015-10-07,17,15,2
2015-10-23,0,0,0
2015-10-24,11,5,6
2015-10-06,5,0,5
2015-10-10,0,0,0
2015-10-11,1,1,0
2015-10-07,16,4,12
2015-10-12,0,0,0
2015-10-29,13,10,3
2015-10-07,10,2,8
2015-10-15,0,0,0
2015-10-17,0,0,0
2015-10-25,11,3,8
2015-10-23,16,4,12
2015-10-28,27,20,7
2015-10-22,28,3,25
2015-10-27,7,6,1
2015-10-18,2,2,0
2015-10-28,0,0,0
2015-10-24,2,2,0
2015-10-17,16,7,9
2015-10-09,23,15,8
2015-10-02,0,0,0
2015-10-29,42,6,36
2015-10-26,1,1,0
2015-10-22,40,34,6
2015-10-06,13,2,11
2015-10-10,6,2,4
2015-10-05,19,0,19
2015-10-31,0,0,0
2015-10-15,26,4,22
2015-10-15,1,1,0
2015-10-11,0,0,0
2015-10-04,0,0,0
2015-10-13,10,3,7
2015-10-02,30,28,2
2015-10-12,14,9,5
2015-10-03,0,0,0
2015-10-30,1,0,1
2015-10-30,31,19,12
2015-10-26,15,7,8
2015-10-26,10,3,7
2015-10-22,10,4,6
2015-10-28,4,0,4
2015-10-21,0,0,0
2015-10-31,9,6,3
2015-10-11,0,0,0
2015-10-23,8,2,6
2015-10-23,11,1,10
2015-10-05,0,0,0
2015-10-09,15,10,5
2015-10-30,3,1,2
2015-10-21,17,13,4
2015-10-17,12,10,2
2015-10-28,5,3,2
2015-10-28,8,4,4
2015-10-11,2,0,2
2015-10-12,0,0,0
2015-10-01,12,2,10
2015-10-04,19,8,11
2015-10-09,18,13,5
2015-10-27,44,32,12
2015-10-27,29,21,8
2015-10-02,24,19,5
2015-10-07,20,4,16
2015-10-24,11,1,10
2015-10-09,29,3,26
2015-10-10,0,0,0
2015-10-17,0,0,0
2015-10-12,28,27,1
2015-10-22,46,43,3
2015-10-31,0,0,0
2015-10-29,2,0,2
2015-10-30,17,5,12
2015-10-15,1,0,1
2015-10-10,8,6,2
2015-10-10,6,2,4
2015-10-05,13,3,10
2015-10-26,11,4,7
2015-10-22,39,2,37
2015-10-11,13,8,5
2015-10-29,11,5,6
2015-10-15,12,3,9
2015-10-02,8,1,7
2015-10-02,12,10,2
2015-10-03,2,2,0
2015-10-09,3,1,2
2015-10-21,18,2,16
2015-10-01,15,8,7
2015-10-11,3,1,2
2015-10-04,0,0,0
2015-10-29,14,8,6
2015-10-20,0,0,0
2015-10-27,1,0,1
2015-10-29,1,1,0
2015-10-23,17,4,13
2015-10-25,0,0,0
2015-10-10,2,2,0
2015-10-29,0,0,0
2015-10-15,19,3,16
2015-10-11,0,0,0
2015-10-23,15,10,5
2015-10-16,15,5,10
2015-10-12,3,0,3
2015-10-07,0,0,0
2015-10-07,6,2,4
2015-10-15,5,1,4
2015-10-23,10,3,7
2015-10-06,32,29,3
2015-10-09,21,6,15
2015-10-13,0,0,0
2015-10-31,0,0,0
2015-10-17,3,2,1
2015-10-05,27,1,26
2015-10-14,10,7,3
2015-10-14,28,11,17
2015-10-14,0,0,0
2015-10-21,20,15,5
2015-10-12,17,13,4
2015-10-30,13,4,9
2015-10-15,0,0,0
2015-10-10,1,0,1
2015-10-15,11,8,3
2015-10-11,10,7,3
2015-10-27,7,4,3
2015-10-11,3,1,2
2015-10-28,25,10,15
2015-10-24,0,0,0
2015-10-09,13,2,11
2015-10-31,9,4,5
2015-10-02,4,0,4
2015-10-28,16,8,8
2015-10-14,5,3,2
2015-10-08,9,5,4
2015-10-12,17,3,14
2015-10-04,8,5,3
2015-10-17,7,4,3
2015-10-26,20,13,7
2015-10-14,13,4,9
2015-10-08,12,7,5
2015-10-19,5,4,1
2015-10-31,0,0,0
2015-10-23,32,30,2
2015-10-14,0,0,0
2015-10-24,3,2,1
2015-10-29,9,5,4
2015-10-18,0,0,0
2015-10-22,20,1,19
2015-10-17,0,0,0
2015-10-27,13,4,9
2015-10-04,0,0,0
2015-10-01,35,10,25
2015-10-30,11,1,10
2015-10-31,5,2,3
2015-10-18,11,6,5
2015-10-22,0,0,0
2015-10-22,20,11,9
2015-10-19,13,2,11
2015-10-27,13,2,11
2015-10-01,34,24,10
2015-10-05,17,12,5
2015-10-05,19,14,5
2015-10-31,1,0,1
2015-10-31,13,5,8
2015-10-05,38,30,8
2015-10-17,7,1,6
2015-10-27,34,1,33
2015-10-10,1,1,0
2015-10-04,0,0,0
2015-10-05,33,6,27
2015-10-03,7,2,5
2015-10-09,12,4,8
2015-10-12,16,8,8
2015-10-11,5,3,2
2015-10-03,13,8,5
2015-10-24,8,2,6
2015-10-26,13,1,12
2015-10-21,13,8,5
2015-10-07,1,1,0
2015-10-29,26,21,5
2015-10-03,9,4,5
2015-10-26,12,4,8
2015-10-21,17,6,11
2015-10-17,0,0,0
2015-10-29,1,0,1
2015-10-08,34,29,5
2015-10-06,13,7,6
2015-10-01,4,0,4
2015-10-02,8,6,2
2015-10-03,1,0,1
2015-10-01,44,37,7
2015-10-21,26,2,24
2015-10-27,0,0,0
2015-10-16,11,3,8
2015-10-23,28,16,12
2015-10-15,24,12,12
2015-10-06,46,41,5
2015-10-24,1,1,0
2015-10-11,19,7,12
2015-10-27,0,0,0
2015-10-30,15,10,5
2015-10-13,22,18,4
2015-10-05,12,8,4
2015-10-15,0,0,0
2015-10-22,1,1,0
2015-10-21,1,1,0
2015-10-02,0,0,0
2015-10-25,5,4,1
2015-10-20,2,2,0
2015-10-01,8,3,5
2015-10-03,0,0,0
2015-10-20,18,12,6
2015-10-06,0,0,0
2015-10-15,8,1,7
2015-10-20,7,7,0
2015-10-28,9,4,5
2015-10-04,5,2,3
2015-10-08,17,7,10
2015-10-13,20,15,5
2015-10-19,8,4,4
2015-10-04,6,4,2
2015-10-06,8,5,3
2015-10-17,2,0,2
2015-10-06,18,11,7
2015-10-02,3,0,3
2015-10-08,0,0,0
2015-10-19,12,4,8
2015-10-12,27,1,26
2015-10-25,5,0,5
2015-10-30,0,0,0
2015-10-01,47,3,44
2015-10-01,8,5,3
2015-10-19,12,2,10
2015-10-08,10,4,6
2015-10-26,7,1,6
2015-10-21,4,3,1
2015-10-17,8,2,6
2015-10-18,0,0,0
2015-10-22,0,0,0
2015-10-23,24,2,22
2015-10-30,0,0,0
2015-10-02,25,2,23
2015-10-13,20,5,15
2015-10-10,5,1,4
2015-10-04,1,0,1
2015-10-03,1,1,0
2015-10-22,2,0,2
2015-10-12,1,0,1
2015-10-18,0,0,0
2015-10-07,3,0,3
2015-10-19,1,0,1
2015-10-15,5,1,4
2015-10-09,8,3,5
2015-10-05,0,0,0
2015-10-19,31,1,30
2015-10-31,0,0,0
2015-10-07,3,0,3
2015-10-09,2,2,0
2015-10-31,0,0,0
2015-10-30,8,4,4
2015-10-30,0,0,0
2015-10-14,31,26,5
2015-10-10,0,0,0
2015-10-19,15,10,5
2015-10-02,0,0,0
2015-10-13,3,3,0
2015-10-12,3,1,2
2015-10-02,8,0,8
2015-10-03,7,2,5
2015-10-01,15,9,6
2015-10-13,0,0,0
2015-10-22,14,4,10
2015-10-01,29,26,3
2015-10-08,6,0,6
2015-10-04,0,0,0
2015-10-08,20,13,7
2015-10-28,1,0,1
2015-10-17,1,1,0
2015-10-21,0,0,0
2015-10-06,21,1,20
2015-10-13,37,5,32
2015-10-01,28,7,21
2015-10-25,0,0,0
2015-10-19,16,4,12
2015-10-23,7,6,1
2015-10-20,5,3,2
2015-10-12,2,0,2
2015-10-19,0,0,0
2015-10-22,3,0,3
2015-10-10,5,3,2
2015-10-12,8,4,4
2015-10-09,5,4,1
2015-10-17,7,0,7
2015-10-30,19,7,12
2015-10-08,0,0,0
2015-10-01,2,2,0
2015-10-25,1,1,0
2015-10-08,33,4,29
2015-10-23,0,0,0
2015-10-03,7,6,1
2015-10-03,3,1,2
2015-10-04,13,8,5
2015-10-19,3,0,3
2015-10-21,5,2,3
2015-10-10,2,0,2
2015-10-02,9,5,4
2015-10-09,3,0,3
2015-10-14,1,0,1
2015-10-07,3,0,3
2015-10-10,1,1,0
2015-10-13,0,0,0
2015-10-25,4,0,4
2015-10-12,1,1,0
2015-10-28,1,1,0
2015-10-03,14,3,11
2015-10-19,2,2,0
2015-10-31,6,2,4
2015-10-15,17,4,13
2015-10-20,30,6,24
2015-10-19,38,30,8
2015-10-15,14,3,11
2015-10-16,21,9,12
2015-10-08,0,0,0
2015-10-24,3,0,3
2015-10-19,20,12,8
2015-10-15,7,5,2
2015-10-04,2,0,2
2015-10-26,16,7,9
2015-10-31,8,4,4
2015-10-30,2,2,0
2015-10-23,2,0,2
2015-10-04,3,2,1
2015-10-28,15,4,11
2015-10-07,12,6,6
2015-10-01,1,1,0
2015-10-30,11,2,9
2015-10-16,1,0,1
2015-10-31,4,1,3
2015-10-20,9,7,2
2015-10-04,8,4,4
2015-10-08,0,0,0
2015-10-14,14,11,3
2015-10-26,1,1,0
2015-10-06,7,3,4
2015-10-09,0,0,0
2015-10-22,20,11,9
2015-10-09,20,2,18
2015-10-20,15,2,13
2015-10-31,5,1,4
2015-10-15,1,1,0
2015-10-21,11,10,1
2015-10-08,0,0,0
2015-10-07,21,1,20
2015-10-07,1,1,0
2015-10-23,3,1,2
2015-10-11,25,6,19
2015-10-25,1,0,1
2015-10-15,10,3,7
2015-10-19,28,4,24
2015-10-29,0,0,0
2015-10-16,5,2,3
2015-10-13,0,0,0
2015-10-06,0,0,0
2015-10-09,1,0,1
2015-10-29,23,2,21
2015-10-26,2,0,2
2015-10-28,9,2,7
2015-10-20,32,1,31
2015-10-01,12,4,8
2015-10-19,1,1,0
2015-10-24,10,3,7
2015-10-30,7,2,5
2015-10-10,4,3,1
2015-10-11,4,1,3
2015-10-18,15,4,11
2015-10-25,14,9,5
2015-10-30,0,0,0
2015-10-18,1,1,0
2015-10-09,9,1,8
2015-10-13,6,1,5
2015-10-22,0,0,0
2015-10-06,9,5,4
2015-10-08,0,0,0
2015-10-31,5,2,3
2015-10-29,4,2,2
2015-10-24,0,0,0
2015-10-18,13,11,2
2015-10-20,11,3,8
2015-10-22,1,0,1
2015-10-24,3,2,1
2015-10-24,0,0,0
2015-10-12,45,37,8
2015-10-14,5,1,4
2015-10-01,2,0,2
2015-10-08,13,3,10
2015-10-30,13,2,11
2015-10-12,13,0,13
2015-10-03,4,2,2
2015-10-20,3,0,3
2015-10-18,0,0,0
2015-10-26,32,26,6
2015-10-28,17,0,17
2015-10-21,14,4,10
2015-10-04,4,2,2
2015-10-21,0,0,0
2015-10-21,0,0,0
2015-10-13,29,6,23
2015-10-28,0,0,0
2015-10-17,3,3,0
2015-10-07,10,4,6
2015-10-28,0,0,0
2015-10-26,6,3,3
2015-10-25,19,7,12
2015-10-24,8,3,5
2015-10-20,31,1,30
2015-10-30,0,0,0
2015-10-21,13,2,11
2015-10-29,0,0,0
2015-10-13,43,28,15
2015-10-20,55,51,4
2015-10-26,0,0,0
2015-10-24,9,1,8
2015-10-12,14,6,8
2015-10-22,15,6,9
2015-10-10,5,5,0
2015-10-22,9,3,6
2015-10-21,4,0,4
2015-11-02,6,0,6
2015-11-29,1,0,1
2015-11-16,21,19,2
2015-11-14,0,0,0
2015-11-24,9,8,1
2015-11-25,14,0,14
2015-11-18,20,17,3
2015-11-23,1,1,0
2015-11-02,19,8,11
2015-11-11,1,1,0
2015-11-14,7,3,4
2015-11-23,14,4,10
2015-11-17,17,12,5
2015-11-01,15,15,0
2015-11-06,25,23,2
2015-11-17,13,1,12
2015-11-27,2,0,2
2015-11-02,2,2,0
2015-11-25,0,0,0
2015-11-29,2,0,2
2015-11-07,4,1,3
2015-11-03,7,0,7
2015-11-10,0,0,0
2015-11-28,2,1,1
2015-11-20,19,15,4
2015-11-01,1,1,0
2015-11-02,42,31,11
2015-11-12,23,20,3
2015-11-06,6,4,2
2015-11-06,11,2,9
2015-11-18,31,28,3
2015-11-17,27,20,7
2015-11-21,3,1,2
2015-11-08,12,4,8
2015-11-28,3,3,0
2015-11-08,7,3,4
2015-11-21,11,0,11
2015-11-20,8,4,4
2015-11-19,0,0,0
2015-11-01,6,3,3
2015-11-01,0,0,0
2015-11-10,0,0,0
2015-11-28,4,2,2
2015-11-26,8,3,5
2015-11-01,3,3,0
2015-11-09,4,2,2
2015-11-12,1,1,0
2015-11-24,3,3,0
2015-11-17,6,5,1
2015-11-05,21,14,7
2015-11-20,16,6,10
2015-11-06,1,1,0
2015-11-06,6,4,2
2015-11-28,1,0,1
2015-11-05,2,0,2
2015-11-12,14,10,4
2015-11-19,2,0,2
2015-11-23,19,2,17
2015-11-07,5,0,5
2015-11-21,13,3,10
2015-11-26,2,0,2
2015-11-28,0,0,0
2015-11-12,4,1,3
2015-11-11,2,0,2
2015-11-14,1,1,0
2015-11-09,0,0,0
2015-11-15,12,4,8
2015-11-07,6,4,2
2015-11-03,2,2,0
2015-11-24,0,0,0
2015-11-22,1,1,0
2015-11-15,3,1,2
2015-11-02,8,3,5
2015-11-23,0,0,0
2015-11-30,2,2,0
2015-11-17,12,2,10
2015-11-12,8,3,5
2015-11-28,0,0,0
2015-11-14,5,3,2
2015-11-25,11,6,5
2015-11-11,0,0,0
2015-11-10,0,0,0
2015-11-22,9,5,4
2015-11-26,6,6,0
2015-11-25,18,8,10
2015-11-17,13,1,12
2015-11-16,12,7,5
2015-11-19,32,22,10
2015-11-21,5,1,4
2015-11-01,9,1,8
2015-11-12,23,17,6
2015-11-03,0,0,0
2015-11-20,13,5,8
2015-11-29,9,4,5
2015-11-05,6,3,3
2015-11-10,0,0,0
2015-11-26,1,0,1
2015-11-16,23,3,20
2015-11-15,1,0,1
2015-11-28,2,0,2
2015-11-07,1,0,1
2015-11-22,0,0,0
2015-11-15,6,4,2
2015-11-09,15,9,6
2015-11-22,8,6,2
2015-11-30,23,20,3
2015-11-01,8,5,3
2015-11-19,0,0,0
2015-11-23,1,0,1
2015-11-22,1,0,1
2015-11-19,9,4,5
2015-11-27,1,1,0
2015-11-07,6,6,0
2015-11-06,1,1,0
2015-11-27,0,0,0
2015-11-27,16,4,12
2015-11-29,0,0,0
2015-11-06,1,1,0
2015-11-11,13,6,7
2015-11-25,9,3,6
2015-11-09,15,8,7
2015-11-06,15,2,13
2015-11-02,3,0,3
2015-11-20,0,0,0
2015-11-19,3,3,0
2015-11-18,13,5,8
2015-11-16,3,1,2
2015-11-01,11,6,5
2015-11-24,25,20,5
2015-11-16,8,3,5
2015-11-07,2,0,2
2015-11-14,10,10,0
2015-11-26,11,3,8
2015-11-03,1,0,1
2015-11-30,6,2,4
2015-11-01,2,0,2
2015-11-11,1,0,1
2015-11-22,2,0,2
2015-11-24,20,15,5
2015-11-27,11,7,4
2015-11-26,3,3,0
2015-11-27,0,0,0
2015-11-18,3,3,0
2015-11-06,0,0,0
2015-11-25,0,0,0
2015-11-15,11,4,7
2015-11-04,4,2,2
2015-11-14,2,2,0
2015-11-19,19,12,7
2015-11-17,2,0,2
2015-11-05,4,3,1
2015-11-29,9,3,6
2015-11-03,25,0,25
2015-11-09,20,20,0
2015-11-24,3,0,3
2015-11-22,1,1,0
2015-11-28,6,6,0
2015-11-02,7,1,6
2015-11-09,12,11,1
2015-11-27,4,2,2
2015-11-18,1,1,0
2015-11-13,0,0,0
2015-11-04,22,1,21
2015-11-03,16,7,9
2015-11-11,17,8,9
2015-11-15,5,2,3
2015-11-16,0,0,0
2015-11-12,14,3,11
2015-11-25,0,0,0
2015-11-18,27,26,1
2015-11-26,1,1,0
2015-11-23,0,0,0
2015-11-21,16,8,8
2015-11-30,15,13,2
2015-11-12,25,5,20
2015-11-25,0,0,0
2015-11-12,2,0,2
2015-11-27,16,12,4
2015-11-01,4,1,3
2015-11-19,1,1,0
2015-11-04,11,2,9
2015-11-04,26,22,4
2015-11-04,8,6,2
2015-11-05,26,17,9
2015-11-07,0,0,0
2015-11-27,14,6,8
2015-11-28,10,3,7
2015-11-16,5,5,0
2015-11-09,13,0,13
2015-11-08,11,8,3
2015-11-19,18,10,8
2015-11-21,11,2,9
2015-11-04,1,0,1
2015-11-19,1,0,1
2015-11-13,3,1,2
2015-11-15,0,0,0
2015-11-26,3,2,1
2015-11-17,0,0,0
2015-11-13,23,14,9
2015-11-04,12,12,0
2015-11-16,0,0,0
2015-11-04,1,1,0
2015-11-30,13,2,11
2015-11-17,3,2,1
2015-11-25,1,1,0
2015-11-15,26,15,11
2015-11-02,8,5,3
2015-11-05,23,8,15
2015-11-08,0,0,0
2015-11-03,8,3,5
2015-11-29,5,0,5
2015-11-02,0,0,0
2015-11-04,12,4,8
2015-11-05,7,4,3
2015-11-08,0,0,0
2015-11-18,1,0,1
2015-11-09,0,0,0
2015-11-14,5,2,3
2015-11-26,17,10,7
2015-11-09,16,15,1
2015-11-05,0,0,0
2015-11-13,14,3,11
2015-11-16,0,0,0
2015-11-17,17,6,11
2015-11-02,1,0,1
2015-11-17,4,1,3
2015-11-29,0,0,0
2015-11-20,13,9,4
2015-11-05,5,3,2
2015-11-14,0,0,0
2015-11-08,0,0,0
2015-11-16,6,3,3
2015-11-13,6,5,1
2015-11-21,1,1,0
2015-11-22,2,0,2
2015-11-18,24,1,23
2015-11-27,0,0,0
2015-11-20,11,6,5
2015-11-20,0,0,0
2015-11-13,3,3,0
2015-11-18,20,16,4
2015-11-13,1,1,0
2015-11-19,21,7,14
2015-11-21,21,10,11
2015-11-30,9,1,8
2015-11-16,22,22,0
2015-11-07,0,0,0
2015-11-03,22,19,3
2015-11-01,3,3,0
2015-11-10,0,0,0
2015-11-07,0,0,0
2015-11-21,4,1,3
2015-11-25,11,8,3
2015-11-30,10,8,2
2015-11-07,12,3,9
2015-11-07,10,4,6
2015-11-11,16,4,12
2015-11-10,18,11,7
2015-11-05,11,3,8
2015-11-06,22,18,4
2015-11-08,2,1,1
2015-11-04,1,1,0
2015-11-12,28,22,6
2015-11-26,0,0,0
2015-11-09,0,0,0
2015-11-02,0,0,0
2015-11-05,1,0,1
2015-11-18,23,14,9
2015-11-24,7,4,3
2015-11-24,2,2,0
2015-11-28,2,2,0
2015-11-14,1,0,1
2015-11-28,2,0,2
2015-11-15,0,0,0
2015-11-18,11,7,4
2015-11-11,4,2,2
2015-11-19,9,1,8
2015-11-12,1,0,1
2015-11-07,0,0,0
2015-11-20,0,0,0
2015-11-23,16,9,7
2015-11-11,6,1,5
2015-11-24,0,0,0
2015-11-09,11,0,11
2015-11-05,26,4,22
2015-11-15,7,2,5
2015-11-27,0,0,0
2015-11-14,2,0,2
2015-11-25,15,2,13
2015-11-09,1,0,1
2015-11-29,0,0,0
2015-11-26,3,0,3
2015-11-29,9,5,4
2015-11-14,1,0,1
2015-11-08,4,4,0
2015-11-29,9,7,2
2015-11-28,7,4,3
2015-11-30,6,5,1
2015-11-28,7,4,3
2015-11-07,5,2,3
2015-11-14,0,0,0
2015-11-17,16,4,12
2015-11-14,4,0,4
2015-11-24,23,17,6
2015-11-25,11,3,8
2015-11-26,8,2,6
2015-11-22,5,2,3
2015-11-14,4,2,2
2015-11-11,11,10,1
2015-11-15,9,7,2
2015-11-29,13,3,10
2015-11-22,0,0,0
2015-11-02,1,1,0
2015-11-18,10,9,1
2015-11-17,9,3,6
2015-11-14,5,2,3
2015-11-25,11,1,10
2015-11-14,0,0,0
2015-11-23,10,2,8
2015-11-03,26,3,23
2015-11-04,1,1,0
2015-11-11,13,4,9
2015-11-21,2,0,2
2015-11-30,4,1,3
2015-11-03,3,2,1
2015-11-11,0,0,0
2015-11-30,36,11,25
2015-11-08,10,6,4
2015-11-20,1,1,0
2015-11-11,22,13,9
2015-11-29,1,1,0
2015-11-01,0,0,0
2015-11-12,11,5,6
2015-11-01,0,0,0
2015-11-26,0,0,0
2015-11-30,10,4,6
2015-11-29,1,0,1
2015-11-05,0,0,0
2015-11-23,19,16,3
2015-11-29,1,0,1
2015-11-06,0,0,0
2015-11-14,8,2,6
2015-11-07,0,0,0
2015-11-22,1,1,0
2015-11-09,11,2,9
2015-11-28,3,0,3
2015-11-24,0,0,0
2015-11-25,19,9,10
2015-11-04,10,3,7
2015-11-26,0,0,0
2015-11-16,2,2,0
2015-11-17,2,0,2
2015-11-12,2,0,2
2015-11-20,13,6,7
2015-11-02,34,26,8
2015-11-08,11,4,7
2015-11-27,5,1,4
2015-11-24,18,1,17
2015-11-21,9,2,7
2015-11-11,6,4,2
2015-11-29,0,0,0
2015-11-30,0,0,0
2015-11-15,0,0,0
2015-11-02,12,7,5
2015-11-11,18,16,2
2015-11-04,8,5,3
2015-11-22,0,0,0
2015-11-13,6,4,2
2015-11-20,27,3,24
2015-11-06,1,0,1
2015-11-22,5,1,4
2015-11-22,12,7,5
2015-11-16,1,0,1
2015-11-20,18,3,15
2015-11-03,1,0,1
2015-11-29,8,5,3
2015-11-14,2,2,0
2015-11-08,4,3,1
2015-11-09,1,1,0
2015-11-08,1,1,0
2015-11-25,20,11,9
2015-11-13,2,2,0
2015-11-08,6,3,3
2015-11-24,21,0,21
2015-11-21,16,8,8
2015-11-23,19,2,17
2015-11-15,0,0,0
2015-11-06,17,2,15
2015-11-03,29,3,26
2015-11-17,0,0,0
2015-11-19,11,7,4
2015-11-11,6,1,5
2015-11-30,8,5,3
2015-11-22,0,0,0
2015-11-16,24,4,20
2015-11-09,4,1,3
2015-11-04,20,12,8
2015-11-10,26,23,3
2015-11-08,8,3,5
2015-11-05,8,2,6
2015-11-19,30,6,24
2015-11-03,18,2,16
2015-11-05,0,0,0
2015-11-08,0,0,0
2015-11-16,1,0,1
2015-11-20,1,0,1
2015-11-02,19,4,15
2015-11-14,2,0,2
2015-11-25,0,0,0
2015-11-29,1,1,0
2015-11-21,0,0,0
2015-11-19,16,1,15
2015-11-16,19,4,15
2015-11-23,4,2,2
2015-11-23,4,1,3
2015-11-05,3,1,2
2015-11-20,0,0,0
2015-11-09,5,1,4
2015-11-09,3,3,0
2015-11-28,9,3,6
2015-11-11,2,0,2
2015-11-17,13,6,7
2015-11-01,2,2,0
2015-11-10,0,0,0
2015-11-05,32,31,1
2015-11-30,18,9,9
2015-11-30,12,2,10
2015-11-30,2,0,2
2015-11-10,12,6,6
2015-11-13,23,15,8
2015-11-15,18,5,13
2015-11-26,7,4,3
2015-11-17,2,2,0
2015-11-01,1,0,1
2015-11-02,14,10,4
2015-11-10,0,0,0
2015-11-02,1,1,0
2015-11-11,18,3,15
2015-11-13,10,5,5
2015-11-18,8,6,2
2015-11-06,31,24,7
2015-11-21,17,8,9
2015-11-14,5,1,4
2015-11-13,7,3,4
2015-11-05,17,1,16
2015-11-08,1,0,1
2015-11-08,2,0,2
2015-11-30,26,21,5
2015-11-05,7,3,4
2015-11-08,3,3,0
2015-11-15,1,0,1
2015-11-01,1,1,0
2015-11-20,0,0,0
2015-11-24,0,0,0
2015-11-15,0,0,0
2015-11-19,0,0,0
2015-11-10,40,32,8
2015-11-18,0,0,0
2015-11-12,1,1,0
2015-11-27,1,0,1
2015-11-22,0,0,0
2015-11-08,0,0,0
2015-11-04,0,0,0
2015-11-01,0,0,0
2015-11-06,1,1,0
2015-11-30,2,0,2
2015-11-10,0,0,0
2015-11-15,2,0,2
2015-11-07,3,3,0
2015-11-24,15,7,8
2015-11-20,19,12,7
2015-11-23,0,0,0
2015-11-27,17,6,11
2015-11-15,5,2,3
2015-11-24,1,1,0
2015-11-05,2,0,2
2015-11-09,1,0,1
2015-11-18,17,8,9
2015-11-11,2,0,2
2015-11-22,10,3,7
2015-11-19,10,5,5
2015-11-28,0,0,0
2015-11-12,0,0,0
2015-11-09,8,2,6
2015-11-30,9,1,8
2015-11-01,5,0,5
2015-11-04,1,0,1
2015-11-30,20,1,19
2015-11-04,17,3,14
2015-11-24,14,1,13
2015-11-21,0,0,0
2015-11-21,0,0,0
2015-11-13,9,6,3
2015-11-18,20,4,16
2015-11-25,2,0,2
2015-11-08,4,2,2
2015-11-01,7,2,5
2015-11-26,2,0,2
2015-11-20,0,0,0
2015-11-24,7,3,4
2015-11-27,7,3,4
2015-11-02,2,0,2
2015-11-18,2,0,2
2015-11-30,5,1,4
2015-11-10,14,2,12
2015-11-28,10,7,3
2015-11-25,1,0,1
2015-11-17,5,3,2
2015-11-07,6,3,3
2015-11-04,6,3,3
2015-11-26,12,10,2
2015-11-27,13,10,3
2015-11-26,7,3,4
2015-11-02,17,2,15
2015-11-28,15,4,11
2015-11-13,0,0,0
2015-11-28,0,0,0
2015-11-10,23,23,0
2015-11-25,21,17,4
2015-11-26,4,2,2
2015-11-16,8,3,5
2015-11-30,0,0,0
2015-11-06,3,1,2
2015-11-27,9,5,4
2015-11-06,1,0,1
2015-11-24,14,5,9
2015-11-23,21,11,10
2015-11-13,1,0,1
2015-11-10,8,5,3
2015-11-08,1,1,0
2015-11-15,0,0,0
2015-11-16,8,6,2
2015-11-26,0,0,0
2015-11-29,11,6,5
2015-11-03,0,0,0
2015-11-22,5,3,2
2015-11-28,0,0,0
2015-11-07,10,2,8
2015-11-26,2,0,2
2015-11-12,0,0,0
2015-11-12,13,3,10
2015-11-03,39,35,4
2015-11-30,0,0,0
2015-11-02,3,3,0
2015-11-23,12,0,12
2015-11-19,2,0,2
2015-11-17,0,0,0
2015-11-16,8,0,8
2015-11-02,24,10,14
2015-11-21,3,1,2
2015-11-08,3,1,2
2015-11-25,23,12,11
2015-11-17,4,0,4
2015-11-24,12,5,7
2015-11-28,6,3,3
2015-11-06,19,1,18
2015-11-02,0,0,0
2015-11-26,0,0,0
2015-11-06,14,4,10
2015-11-26,1,1,0
2015-11-12,16,2,14
2015-11-10,15,8,7
2015-11-23,20,5,15
2015-11-22,2,1,1
2015-11-05,1,1,0
2015-11-08,25,10,15
2015-11-16,10,0,10
2015-11-27,3,3,0
2015-11-27,6,3,3
2015-11-16,7,1,6
2015-11-15,8,4,4
2015-11-06,12,6,6
2015-11-19,13,2,11
2015-11-18,15,3,12
2015-11-06,17,1,16
2015-11-27,7,2,5
2015-11-12,9,3,6
2015-11-23,9,5,4
2015-11-23,8,5,3
2015-11-23,0,0,0
2015-11-26,3,3,0
2015-11-16,21,16,5
2015-11-17,6,4,2
2015-11-03,22,18,4
2015-11-15,0,0,0
2015-11-21,15,10,5
2015-11-25,11,10,1
2015-11-12,7,3,4
2015-11-03,11,4,7
2015-11-21,18,6,12
2015-11-24,12,3,9
2015-11-13,4,1,3
2015-11-22,12,8,4
2015-11-13,1,0,1
2015-11-13,12,3,9
2015-11-17,11,3,8
2015-11-22,6,4,2
2015-11-25,2,2,0
2015-11-11,16,5,11
2015-11-02,8,3,5
2015-11-22,7,3,4
2015-11-18,2,0,2
2015-11-04,5,3,2
2015-11-03,1,1,0
2015-11-10,9,5,4
2015-11-07,5,3,2
2015-11-01,1,1,0
2015-11-01,10,3,7
2015-11-03,6,5,1
2015-11-20,12,3,9
2015-11-06,10,5,5
2015-11-05,14,10,4
2015-11-24,19,6,13
2015-11-09,10,8,2
2015-11-04,8,1,7
2015-11-28,4,2,2
2015-11-18,6,2,4
2015-11-10,11,3,8
2015-11-05,9,3,6
2015-11-15,0,0,0
2015-11-18,0,0,0
2015-11-23,5,3,2
2015-11-19,38,25,13
2015-11-13,24,3,21
2015-11-08,3,1,2
2015-11-03,10,4,6
2015-11-28,4,2,2
2015-11-07,5,3,2
2015-11-10,2,2,0
2015-11-29,1,1,0
2015-11-21,0,0,0
2015-11-29,0,0,0
2015-11-12,6,3,3
2015-11-16,0,0,0
2015-11-15,20,3,17
2015-11-21,3,3,0
2015-11-09,0,0,0
2015-11-18,2,0,2
2015-11-27,0,0,0
2015-11-30,0,0,0
2015-11-23,25,10,15
2015-11-29,4,0,4
2015-11-13,22,13,9
2015-11-13,10,4,6
2015-11-21,4,2,2
2015-11-13,0,0,0
2015-11-10,0,0,0
2015-11-20,23,11,12
2015-11-09,15,3,12
2015-11-03,0,0,0
2015-11-14,9,2,7
2015-11-12,4,1,3
2015-11-07,3,1,2
2015-11-11,4,3,1
2015-11-18,18,2,16
2015-11-23,1,0,1
2015-11-06,15,7,8
2015-11-14,10,3,7
2015-11-21,0,0,0
2015-11-11,13,5,8
2015-11-19,0,0,0
2015-11-12,13,9,4
2015-11-29,8,3,5
2015-11-20,39,26,13
2015-11-02,31,1,30
2015-11-11,20,9,11
2015-11-06,0,0,0
2015-11-07,4,1,3
2015-11-25,0,0,0
2015-11-27,13,2,11
2015-11-07,2,1,1
2015-11-17,1,1,0
2015-11-03,12,2,10
2015-11-20,11,5,6
2015-11-29,5,4,1
2015-11-22,4,2,2
2015-11-13,0,0,0
2015-11-27,5,2,3
2015-11-01,0,0,0
2015-11-05,5,1,4
2015-11-22,14,7,7
2015-11-11,1,1,0
2015-11-29,11,7,4
2015-11-23,14,4,10
2015-11-14,8,6,2
2015-11-28,1,0,1
2015-11-13,6,4,2
2015-11-19,22,18,4
2015-11-10,0,0,0
2015-11-20,3,0,3
2015-11-10,14,0,14
2015-11-15,0,0,0
2015-11-17,16,11,5
2015-11-19,10,3,7
2015-11-10,0,0,0
2015-11-01,14,8,6
2015-11-07,3,1,2
2015-11-09,0,0,0
2015-11-27,2,1,1
2015-11-20,6,2,4
2015-11-03,11,4,7
2015-11-04,22,3,19
2015-11-07,0,0,0
2015-11-09,2,0,2
2015-11-03,4,2,2
2015-11-18,15,8,7
2015-11-12,20,1,19
2015-11-14,3,0,3
2015-11-21,5,0,5
2015-11-24,5,1,4
2015-11-01,6,2,4
2015-11-16,0,0,0
2015-11-04,27,24,3
2015-11-04,0,0,0
2015-11-19,16,14,2
2015-11-04,26,17,9
2015-11-23,35,26,9
2015-11-25,16,6,10
2015-11-24,0,0,0
2015-11-10,13,11,2
2015-12-30,1,1,0
2015-12-08,18,2,16
2015-12-09,13,2,11
2015-12-11,0,0,0
2015-12-27,0,0,0
2015-12-09,21,7,14
2015-12-20,0,0,0
2015-12-26,2,2,0
2015-12-11,8,4,4
2015-12-19,2,2,0
2015-12-24,19,5,14
2015-12-21,14,14,0
2015-12-31,6,1,5
2015-12-23,5,3,2
2015-12-18,0,0,0
2015-12-22,12,1,11
2015-12-05,3,2,1
2015-12-26,3,1,2
2015-12-03,0,0,0
2015-12-19,2,0,2
2015-12-23,11,4,7
2015-12-29,11,5,6
2015-12-27,5,2,3
2015-12-31,0,0,0
2015-12-01,14,3,11
2015-12-19,4,1,3
2015-12-03,18,15,3
2015-12-15,0,0,0
2015-12-13,0,0,0
2015-12-08,0,0,0
2015-12-15,13,5,8
2015-12-03,0,0,0
2015-12-13,12,5,7
2015-12-04,12,3,9
2015-12-04,4,3,1
2015-12-21,25,20,5
2015-12-13,7,0,7
2015-12-26,0,0,0
2015-12-03,16,4,12
2015-12-14,4,2,2
2015-12-28,3,1,2
2015-12-18,14,10,4
2015-12-26,4,4,0
2015-12-25,0,0,0
2015-12-08,8,0,8
2015-12-07,0,0,0
2015-12-11,0,0,0
2015-12-12,4,4,0
2015-12-01,42,32,10
2015-12-14,3,1,2
2015-12-17,0,0,0
2015-12-06,0,0,0
2015-12-01,12,0,12
2015-12-22,17,14,3
2015-12-04,1,0,1
2015-12-28,0,0,0
2015-12-09,2,0,2
2015-12-03,8,2,6
2015-12-02,9,2,7
2015-12-14,5,5,0
2015-12-14,25,18,7
2015-12-28,13,2,11
2015-12-13,1,0,1
2015-12-06,0,0,0
2015-12-10,0,0,0
2015-12-25,1,1,0
2015-12-03,2,1,1
2015-12-22,7,5,2
2015-12-25,3,1,2
2015-12-27,4,0,4
2015-12-06,0,0,0
2015-12-19,2,2,0
2015-12-16,6,1,5
2015-12-12,4,2,2
2015-12-03,14,7,7
2015-12-30,10,2,8
2015-12-01,0,0,0
2015-12-25,0,0,0
2015-12-16,0,0,0
2015-12-11,1,0,1
2015-12-01,6,2,4
2015-12-27,0,0,0
2015-12-02,7,4,3
2015-12-21,9,4,5
2015-12-29,16,6,10
2015-12-10,0,0,0
2015-12-11,15,3,12
2015-12-07,0,0,0
2015-12-23,15,3,12
2015-12-05,16,7,9
2015-12-13,0,0,0
2015-12-21,3,3,0
2015-12-26,4,3,1
2015-12-17,8,0,8
2015-12-06,11,0,11
2015-12-27,0,0,0
2015-12-26,0,0,0
2015-12-30,12,5,7
2015-12-21,9,2,7
2015-12-06,0,0,0
2015-12-10,7,2,5
2015-12-09,8,3,5
2015-12-06,4,2,2
2015-12-10,3,3,0
2015-12-30,15,1,14
2015-12-24,2,2,0
2015-12-19,18,5,13
2015-12-24,1,1,0
2015-12-12,1,1,0
2015-12-02,12,7,5
2015-12-11,0,0,0
2015-12-18,0,0,0
2015-12-15,0,0,0
2015-12-05,1,1,0
2015-12-21,2,2,0
2015-12-08,0,0,0
2015-12-16,16,5,11
2015-12-22,7,5,2
2015-12-08,16,13,3
2015-12-15,1,0,1
2015-12-31,3,1,2
2015-12-20,3,1,2
2015-12-09,9,8,1
2015-12-17,1,0,1
2015-12-17,0,0,0
2015-12-07,0,0,0
2015-12-11,10,8,2
2015-12-09,15,4,11
2015-12-21,17,10,7
2015-12-02,1,1,0
2015-12-26,4,0,4
2015-12-10,19,15,4
2015-12-30,19,13,6
2015-12-15,0,0,0
2015-12-16,15,0,15
2015-12-14,8,3,5
2015-12-07,0,0,0
2015-12-30,21,12,9
2015-12-23,19,15,4
2015-12-08,11,3,8
2015-12-10,0,0,0
2015-12-13,9,4,5
2015-12-23,1,0,1
2015-12-19,10,3,7
2015-12-15,0,0,0
2015-12-24,9,2,7
2015-12-17,0,0,0
2015-12-04,27,3,24
2015-12-21,15,3,12
2015-12-22,1,1,0
2015-12-05,6,0,6
2015-12-28,10,7,3
2015-12-28,3,1,2
2015-12-30,1,0,1
2015-12-03,0,0,0
2015-12-07,1,1,0
2015-12-11,8,3,5
2015-12-05,0,0,0
2015-12-14,20,11,9
2015-12-02,0,0,0
2015-12-28,3,0,3
2015-12-16,7,3,4
2015-12-25,0,0,0
2015-12-06,7,4,3
2015-12-01,13,9,4
2015-12-01,4,3,1
2015-12-07,13,6,7
2015-12-31,0,0,0
2015-12-10,13,10,3
2015-12-05,10,3,7
2015-12-19,7,5,2
2015-12-19,16,4,12
2015-12-16,0,0,0
2015-12-17,12,12,0
2015-12-14,0,0,0
2015-12-24,11,4,7
2015-12-18,13,3,10
2015-12-02,22,3,19
2015-12-02,9,6,3
2015-12-19,0,0,0
2015-12-19,3,2,1
2015-12-11,5,1,4
2015-12-06,2,0,2
2015-12-20,5,2,3
2015-12-26,6,2,4
2015-12-16,0,0,0
2015-12-15,22,14,8
2015-12-01,1,1,0
2015-12-09,12,1,11
2015-12-24,5,1,4
2015-12-29,23,12,11
2015-12-02,22,7,15
2015-12-25,2,1,1
2015-12-21,1,0,1
2015-12-16,0,0,0
2015-12-16,10,10,0
2015-12-18,11,6,5
2015-12-11,13,6,7
2015-12-02,9,3,6
2015-12-07,0,0,0
2015-12-19,0,0,0
2015-12-10,1,1,0
2015-12-11,5,5,0
2015-12-07,11,8,3
2015-12-27,0,0,0
2015-12-31,0,0,0
2015-12-26,4,0,4
2015-12-13,1,0,1
2015-12-29,0,0,0
2015-12-20,0,0,0
2015-12-31,17,7,10
2015-12-23,0,0,0
2015-12-28,6,6,0
2015-12-13,1,1,0
2015-12-24,0,0,0
2015-12-04,22,9,13
2015-12-23,16,10,6
2015-12-30,0,0,0
2015-12-02,28,22,6
2015-12-27,4,2,2
2015-12-27,0,0,0
2015-12-28,6,4,2
2015-12-17,4,1,3
2015-12-10,0,0,0
2015-12-01,1,0,1
2015-12-09,0,0,0
2015-12-02,3,2,1
2015-12-18,0,0,0
2015-12-24,2,2,0
2015-12-26,3,0,3
2015-12-07,8,8,0
2015-12-17,5,1,4
2015-12-09,2,0,2
2015-12-08,0,0,0
2015-12-16,1,0,1
2015-12-04,19,3,16
2015-12-08,0,0,0
2015-12-15,26,18,8
2015-12-28,0,0,0
2015-12-15,0,0,0
2015-12-29,0,0,0
2015-12-22,9,3,6
2015-12-24,7,5,2
2015-12-25,2,0,2
2015-12-31,2,0,2
2015-12-11,0,0,0
2015-12-29,1,1,0
2015-12-13,5,4,1
2015-12-26,5,3,2
2015-12-01,0,0,0
2015-12-05,0,0,0
2015-12-25,8,5,3
2015-12-06,3,0,3
2015-12-14,15,3,12
2015-12-20,2,0,2
2015-12-30,14,14,0
2015-12-11,0,0,0
2015-12-20,12,6,6
2015-12-13,7,2,5
2015-12-09,3,1,2
2015-12-07,5,0,5
2015-12-28,0,0,0
2015-12-15,32,7,25
2015-12-21,5,3,2
2015-12-09,0,0,0
2015-12-16,10,5,5
2015-12-20,6,1,5
2015-12-21,1,0,1
2015-12-01,0,0,0
2015-12-10,6,4,2
2015-12-10,0,0,0
2015-12-03,5,1,4
2015-12-27,1,1,0
2015-12-08,18,0,18
2015-12-21,4,4,0
2015-12-02,3,1,2
2015-12-22,0,0,0
2015-12-18,19,11,8
2015-12-09,11,11,0
2015-12-06,12,2,10
2015-12-21,14,4,10
2015-12-31,13,4,9
2015-12-30,0,0,0
2015-12-30,0,0,0
2015-12-27,3,0,3
2015-12-17,4,2,2
2015-12-25,1,1,0
2015-12-04,15,8,7
2015-12-03,4,2,2
2015-12-27,0,0,0
2015-12-22,17,12,5
2015-12-04,7,3,4
2015-12-05,3,2,1
2015-12-04,0,0,0
2015-12-04,9,5,4
2015-12-12,2,0,2
2015-12-09,44,31,13
2015-12-03,11,2,9
2015-12-10,10,5,5
2015-12-26,0,0,0
2015-12-22,18,6,12
2015-12-31,9,2,7
2015-12-15,0,0,0
2015-12-16,2,2,0
2015-12-01,10,6,4
2015-12-13,0,0,0
2015-12-09,2,2,0
2015-12-07,10,5,5
2015-12-11,0,0,0
2015-12-20,8,3,5
2015-12-29,5,5,0
2015-12-14,0,0,0
2015-12-25,0,0,0
2015-12-11,8,8,0
2015-12-15,11,5,6
2015-12-12,9,7,2
2015-12-24,0,0,0
2015-12-28,5,1,4
2015-12-20,6,3,3
2015-12-27,0,0,0
2015-12-05,11,8,3
2015-12-31,0,0,0
2015-12-22,0,0,0
2015-12-30,5,3,2
2015-12-10,20,15,5
2015-12-30,0,0,0
2015-12-04,0,0,0
2015-12-19,1,0,1
2015-12-13,3,2,1
2015-12-30,6,4,2
2015-12-30,2,2,0
2015-12-18,5,3,2
2015-12-08,11,6,5
2015-12-01,6,3,3
2015-12-07,5,2,3
2015-12-03,1,1,0
2015-12-12,2,1,1
2015-12-11,6,5,1
2015-12-02,0,0,0
2015-12-21,0,0,0
2015-12-13,8,2,6
2015-12-14,33,26,7
2015-12-07,9,1,8
2015-12-08,0,0,0
2015-12-05,7,2,5
2015-12-06,2,1,1
2015-12-08,3,2,1
2015-12-18,19,4,15
2015-12-08,5,3,2
2015-12-16,19,4,15
2015-12-05,5,2,3
2015-12-27,3,1,2
2015-12-01,30,16,14
2015-12-07,10,0,10
2015-12-18,11,4,7
2015-12-15,11,3,8
2015-12-15,20,1,19
2015-12-19,2,0,2
2015-12-21,5,0,5
2015-12-04,5,3,2
2015-12-18,6,5,1
2015-12-23,5,2,3
2015-12-06,7,2,5
2015-12-05,9,8,1
2015-12-05,1,0,1
2015-12-06,0,0,0
2015-12-08,16,8,8
2015-12-02,23,17,6
2015-12-12,2,2,0
2015-12-21,0,0,0
2015-12-31,8,6,2
2015-12-23,0,0,0
2015-12-29,10,4,6
2015-12-18,24,19,5
2015-12-20,3,2,1
2015-12-27,6,1,5
2015-12-31,5,1,4
2015-12-23,2,1,1
2015-12-23,20,10,10
2015-12-03,20,14,6
2015-12-10,15,2,13
2015-12-03,7,1,6
2015-12-24,6,1,5
2015-12-28,14,2,12
2015-12-24,0,0,0
2015-12-05,4,2,2
2015-12-20,0,0,0
2015-12-29,10,9,1
2015-12-08,4,0,4
2015-12-05,5,2,3
2015-12-25,8,4,4
2015-12-08,24,14,10
2015-12-23,1,1,0
2015-12-19,13,7,6
2015-12-26,6,1,5
2015-12-21,21,4,17
2015-12-15,14,2,12
2015-12-02,3,1,2
2015-12-04,15,3,12
2015-12-30,10,3,7
2015-12-24,13,7,6
2015-12-21,5,0,5
2015-12-26,0,0,0
2015-12-13,10,5,5
2015-12-27,5,3,2
2015-12-05,0,0,0
2015-12-28,7,1,6
2015-12-22,5,0,5
2015-12-21,11,0,11
2015-12-09,12,3,9
2015-12-31,1,0,1
2015-12-24,3,2,1
2015-12-14,2,0,2
2015-12-23,10,2,8
2015-12-09,7,4,3
2015-12-18,1,0,1
2015-12-31,2,0,2
2015-12-14,17,2,15
2015-12-19,0,0,0
2015-12-10,2,0,2
2015-12-09,0,0,0
2015-12-14,0,0,0
2015-12-17,7,1,6
2015-12-04,7,2,5
2015-12-17,6,4,2
2015-12-26,9,6,3
2015-12-01,3,0,3
2015-12-31,9,6,3
2015-12-15,1,1,0
2015-12-04,0,0,0
2015-12-02,1,0,1
2015-12-26,3,3,0
2015-12-06,7,4,3
2015-12-15,10,6,4
2015-12-27,4,3,1
2015-12-20,11,5,6
2015-12-26,6,5,1
2015-12-20,0,0,0
2015-12-12,0,0,0
2015-12-08,5,3,2
2015-12-21,4,2,2
2015-12-06,0,0,0
2015-12-16,15,1,14
2015-12-22,8,0,8
2015-12-03,0,0,0
2015-12-07,18,15,3
2015-12-12,12,7,5
2015-12-25,0,0,0
2015-12-08,2,0,2
2015-12-23,12,3,9
2015-12-19,1,0,1
2015-12-19,11,7,4
2015-12-12,12,3,9
2015-12-01,13,9,4
2015-12-27,0,0,0
2015-12-27,1,1,0
2015-12-01,0,0,0
2015-12-07,6,1,5
2015-12-24,2,2,0
2015-12-06,6,0,6
2015-12-09,3,2,1
2015-12-05,0,0,0
2015-12-20,3,3,0
2015-12-29,18,9,9
2015-12-07,20,14,6
2015-12-15,7,2,5
2015-12-01,20,14,6
2015-12-16,1,1,0
2015-12-09,5,4,1
2015-12-19,7,4,3
2015-12-11,26,3,23
2015-12-22,0,0,0
2015-12-28,2,2,0
2015-12-28,9,8,1
2015-12-26,7,5,2
2015-12-30,7,6,1
2015-12-02,22,3,19
2015-12-03,1,0,1
2015-12-22,0,0,0
2015-12-23,2,2,0
2015-12-13,4,1,3
2015-12-06,19,9,10
2015-12-27,9,5,4
2015-12-09,3,3,0
2015-12-21,9,3,6
2015-12-17,13,2,11
2015-12-25,0,0,0
2015-12-17,25,14,11
2015-12-18,7,4,3
2015-12-07,2,0,2
2015-12-14,6,0,6
2015-12-19,2,0,2
2015-12-02,10,2,8
2015-12-16,19,9,10
2015-12-29,14,4,10
2015-12-25,0,0,0
2015-12-18,28,20,8
2015-12-18,10,1,9
2015-12-29,10,3,7
2015-12-16,0,0,0
2015-12-20,12,5,7
2015-12-22,12,3,9
2015-12-17,15,8,7
2015-12-28,3,0,3
2015-12-12,9,2,7
2015-12-03,6,2,4
2015-12-12,5,3,2
2015-12-02,1,0,1
2015-12-02,2,0,2
2015-12-06,4,2,2
2015-12-30,7,1,6
2015-12-10,2,0,2
2015-12-30,0,0,0
2015-12-14,7,2,5
2015-12-11,10,3,7
2015-12-03,0,0,0
2015-12-18,4,3,1
2015-12-16,0,0,0
2015-12-08,0,0,0
2015-12-04,3,1,2
2015-12-19,15,8,7
2015-12-29,1,1,0
2015-12-12,4,1,3
2015-12-26,2,0,2
2015-12-23,7,1,6
2015-12-28,0,0,0
2015-12-08,7,1,6
2015-12-08,18,1,17
2015-12-12,8,8,0
2015-12-16,14,12,2
2015-12-07,0,0,0
2015-12-25,4,0,4
2015-12-03,6,1,5
2015-12-03,2,1,1
2015-12-23,11,9,2
2015-12-04,23,17,6
2015-12-15,2,0,2
2015-12-25,9,6,3
2015-12-09,0,0,0
2015-12-31,0,0,0
2015-12-16,10,4,6
2015-12-28,0,0,0
2015-12-26,6,5,1
2015-12-10,10,4,6
2015-12-26,9,5,4
2015-12-07,16,8,8
2015-12-05,6,2,4
2015-12-17,0,0,0
2015-12-08,2,0,2
2015-12-17,12,1,11
2015-12-14,0,0,0
2015-12-12,4,2,2
2015-12-01,0,0,0
2015-12-08,0,0,0
2015-12-17,5,2,3
2015-12-12,6,2,4
2015-12-18,0,0,0
2015-12-05,13,8,5
2015-12-20,0,0,0
2015-12-20,2,1,1
2015-12-29,4,3,1
2015-12-17,8,3,5
2015-12-01,30,2,28
2015-12-04,16,12,4
2015-12-07,3,3,0
2015-12-31,13,10,3
2015-12-25,6,3,3
2015-12-12,0,0,0
2015-12-31,7,5,2
2015-12-14,6,3,3
2015-12-23,4,0,4
2015-12-26,0,0,0
2015-12-01,20,2,18
2015-12-11,13,5,8
2015-12-13,5,0,5
2015-12-23,8,5,3
2015-12-31,22,12,10
2015-12-17,18,3,15
2015-12-20,0,0,0
2015-12-05,0,0,0
2015-12-29,9,5,4
2015-12-07,10,5,5
2015-12-29,0,0,0
2015-12-07,14,3,11
2015-12-24,0,0,0
2015-12-12,0,0,0
2015-12-22,11,6,5
2015-12-20,10,4,6
2015-12-15,14,8,6
2015-12-17,2,0,2
2015-12-28,1,1,0
2015-12-22,3,1,2
2015-12-10,21,7,14
2015-12-02,24,20,4
2015-12-25,0,0,0
2015-12-25,4,0,4
2015-12-24,3,2,1
2015-12-27,4,2,2
2015-12-31,14,10,4
2015-12-22,0,0,0
2015-12-02,5,1,4
2015-12-14,13,3,10
2015-12-13,17,7,10
2015-12-26,0,0,0
2015-12-01,16,5,11
2015-12-30,4,0,4
2015-12-12,0,0,0
2015-12-29,15,9,6
2015-12-16,22,3,19
2015-12-25,0,0,0
2015-12-12,1,1,0
2015-12-29,1,0,1
2015-12-23,16,3,13
2015-12-23,0,0,0
2015-12-07,21,2,19
2015-12-06,3,3,0
2015-12-22,17,15,2
2015-12-23,10,1,9
2015-12-24,11,4,7
2015-12-03,20,2,18
2015-12-29,2,0,2
2015-12-17,18,12,6
2015-12-18,0,0,0
2015-12-04,0,0,0
2015-12-30,3,1,2
2015-12-25,4,0,4
2015-12-15,14,9,5
2015-12-25,2,2,0
2015-12-19,10,4,6
2015-12-24,3,1,2
2015-12-06,1,0,1
2015-12-30,0,0,0
2015-12-21,0,0,0
2015-12-22,9,7,2
2015-12-28,0,0,0
2015-12-29,0,0,0
2015-12-10,16,4,12
2015-12-14,30,3,27
2015-12-14,8,0,8
2015-12-29,23,11,12
2015-12-20,4,2,2
2015-12-20,11,5,6
2015-12-21,20,12,8
2015-12-05,4,3,1
2015-12-04,26,18,8
2015-12-11,19,7,12
2015-12-02,15,9,6
2015-12-10,22,16,6
2015-12-21,0,0,0
2015-12-13,2,0,2
2015-12-09,27,16,11
2015-12-11,22,15,7
2015-12-16,7,1,6
2015-12-10,24,4,20
2015-12-31,1,1,0
2015-12-03,14,11,3
2015-12-11,19,14,5
2015-12-04,4,2,2
2015-12-27,2,0,2
2015-12-15,11,4,7
2015-12-13,0,0,0
2015-12-03,13,7,6
2015-12-05,13,2,11
2015-12-24,5,2,3
2015-12-24,2,0,2
2015-12-09,4,0,4
2015-12-19,2,0,2
2015-12-15,0,0,0
2015-12-18,0,0,0
2015-12-01,12,5,7
2015-12-03,5,1,4
2015-12-31,0,0,0
2015-12-13,16,9,7
2015-12-06,0,0,0
2015-12-17,3,2,1
2015-12-06,3,1,2
2015-12-17,0,0,0
2015-12-05,3,1,2
2015-12-09,6,2,4
2015-12-13,1,0,1
2015-12-10,6,4,2
2015-12-11,18,9,9
2015-12-29,5,1,4
2015-12-28,0,0,0
2015-12-14,0,0,0
2015-12-28,15,13,2
2015-12-20,4,3,1
2015-12-19,0,0,0
2015-12-30,4,2,2
2015-12-16,27,21,6
2015-12-18,9,2,7
2015-12-20,0,0,0
2015-12-19,2,2,0
2015-12-10,5,2,3
2015-12-27,0,0,0
2015-12-27,0,0,0
2015-12-23,9,2,7
2015-12-13,3,0,3
2015-12-10,1,1,0
2015-12-28,7,6,1
2015-12-31,0,0,0
2015-12-14,0,0,0
2015-12-23,0,0,0
2015-12-25,0,0,0
2015-12-06,1,1,0
2015-12-22,5,4,1
2015-12-01,4,2,2
2015-12-18,10,2,8
2015-12-04,5,0,5
2015-12-31,7,7,0
2015-12-13,4,2,2
2015-12-12,0,0,0
2015-12-18,0,0,0
2015-12-24,5,2,3
2015-12-29,0,0,0
2015-12-22,3,0,3
2015-12-14,28,20,8
2015-12-29,4,0,4
2015-12-13,4,3,1
2015-12-22,13,3,10
2015-12-16,14,11,3
2015-12-25,2,0,2
2015-12-17,8,3,5
2015-12-20,9,1,8
2015-12-28,9,5,4
2015-12-12,5,1,4
2015-12-14,11,11,0
2015-12-24,10,7,3
2015-12-04,6,2,4
2015-12-11,1,1,0
2015-12-04,0,0,0
2015-12-05,0,0,0
2015-12-18,18,1,17
2015-12-30,16,5,11
2015-12-24,0,0,0
2015-12-15,21,15,6
2015-12-08,6,6,0
2015-12-27,0,0,0
2015-12-12,4,0,4
2015-12-02,1,1,0
2015-12-12,4,3,1
2015-12-22,1,1,0
2015-12-06,3,1,2
2015-12-26,0,0,0
2016-01-23,5,2,3
2016-01-21,22,3,19
2016-01-20,8,4,4
2016-01-17,2,2,0
2016-01-07,11,3,8
2016-01-08,2,2,0
2016-01-22,9,1,8
2016-01-21,5,2,3
2016-01-25,23,19,4
2016-01-10,7,2,5
2016-01-26,11,5,6
2016-01-12,8,2,6
2016-01-21,0,0,0
2016-01-09,12,6,6
2016-01-12,0,0,0
2016-01-27,14,1,13
2016-01-31,0,0,0
2016-01-29,0,0,0
2016-01-17,7,4,3
2016-01-12,1,1,0
2016-01-23,0,0,0
2016-01-04,3,2,1
2016-01-04,14,1,13
2016-01-28,6,0,6
2016-01-18,0,0,0
2016-01-20,19,2,17
2016-01-24,0,0,0
2016-01-29,0,0,0
2016-01-07,3,0,3
2016-01-18,9,4,5
2016-01-24,1,1,0
2016-01-23,9,5,4
2016-01-28,12,9,3
2016-01-08,28,1,27
2016-01-19,28,23,5
2016-01-05,24,3,21
2016-01-12,6,2,4
2016-01-28,3,2,1
2016-01-11,14,6,8
2016-01-18,0,0,0
2016-01-23,5,3,2
2016-01-14,8,1,7
2016-01-07,17,2,15
2016-01-03,9,7,2
2016-01-28,23,19,4
2016-01-26,4,1,3
2016-01-20,2,2,0
2016-01-16,0,0,0
2016-01-08,20,15,5
2016-01-09,2,1,1
2016-01-01,15,7,8
2016-01-10,0,0,0
2016-01-20,0,0,0
2016-01-30,5,0,5
2016-01-14,27,4,23
2016-01-21,3,0,3
2016-01-10,21,11,10
2016-01-01,2,0,2
2016-01-04,20,18,2
2016-01-26,1,1,0
2016-01-22,20,4,16
2016-01-15,0,0,0
2016-01-09,0,0,0
2016-01-09,15,8,7
2016-01-16,0,0,0
2016-01-09,5,2,3
2016-01-22,0,0,0
2016-01-09,3,1,2
2016-01-22,7,3,4
2016-01-24,5,2,3
2016-01-26,7,3,4
2016-01-18,11,6,5
2016-01-25,2,0,2
2016-01-03,4,1,3
2016-01-29,4,2,2
2016-01-21,1,1,0
2016-01-18,4,0,4
2016-01-31,11,6,5
2016-01-26,30,6,24
2016-01-07,0,0,0
2016-01-10,1,1,0
2016-01-01,4,2,2
2016-01-23,0,0,0
2016-01-13,12,10,2
2016-01-30,12,9,3
2016-01-17,2,0,2
2016-01-10,0,0,0
2016-01-25,0,0,0
2016-01-09,11,3,8
2016-01-22,16,4,12
2016-01-02,0,0,0
2016-01-23,2,1,1
2016-01-15,26,23,3
2016-01-04,16,5,11
2016-01-10,1,1,0
2016-01-04,2,1,1
2016-01-27,1,1,0
2016-01-17,6,2,4
2016-01-16,5,5,0
2016-01-03,11,6,5
2016-01-12,0,0,0
2016-01-16,1,0,1
2016-01-07,0,0,0
2016-01-18,1,1,0
2016-01-07,6,1,5
2016-01-01,1,1,0
2016-01-08,0,0,0
2016-01-01,0,0,0
2016-01-06,0,0,0
2016-01-08,31,14,17
2016-01-15,5,2,3
2016-01-06,2,2,0
2016-01-02,5,1,4
2016-01-07,7,5,2
2016-01-19,1,1,0
2016-01-04,17,10,7
2016-01-11,3,1,2
2016-01-03,17,7,10
2016-01-11,26,23,3
2016-01-02,11,2,9
2016-01-02,0,0,0
2016-01-06,0,0,0
2016-01-11,5,0,5
2016-01-31,1,0,1
2016-01-30,0,0,0
2016-01-04,1,0,1
2016-01-30,12,8,4
2016-01-14,1,1,0
2016-01-19,13,5,8
2016-01-14,4,2,2
2016-01-18,0,0,0
2016-01-25,2,2,0
2016-01-04,0,0,0
2016-01-21,10,0,10
2016-01-24,1,0,1
2016-01-24,15,7,8
2016-01-14,8,2,6
2016-01-23,6,3,3
2016-01-05,4,2,2
2016-01-25,28,6,22
2016-01-17,0,0,0
2016-01-05,15,10,5
2016-01-04,0,0,0
2016-01-19,15,8,7
2016-01-06,0,0,0
2016-01-22,15,12,3
2016-01-08,6,2,4
2016-01-03,3,1,2
2016-01-24,15,3,12
2016-01-23,1,1,0
2016-01-19,7,2,5
2016-01-11,20,2,18
2016-01-22,16,7,9
2016-01-15,7,1,6
2016-01-13,16,1,15
2016-01-06,16,5,11
2016-01-10,5,2,3
2016-01-17,9,4,5
2016-01-06,11,9,2
2016-01-17,9,2,7
2016-01-21,2,2,0
2016-01-08,7,4,3
2016-01-26,10,8,2
2016-01-21,19,15,4
2016-01-15,32,23,9
2016-01-19,23,7,16
2016-01-28,8,8,0
2016-01-03,0,0,0
2016-01-19,9,4,5
2016-01-19,20,14,6
2016-01-12,17,11,6
2016-01-10,16,10,6
2016-01-05,8,1,7
2016-01-25,9,2,7
2016-01-21,3,1,2
2016-01-18,20,12,8
2016-01-09,5,1,4
2016-01-25,5,3,2
2016-01-31,9,2,7
2016-01-10,23,11,12
2016-01-14,11,6,5
2016-01-11,16,7,9
2016-01-17,9,0,9
2016-01-27,7,0,7
2016-01-12,6,4,2
2016-01-20,6,2,4
2016-01-24,1,1,0
2016-01-27,8,6,2
2016-01-03,2,0,2
2016-01-23,2,2,0
2016-01-14,4,4,0
2016-01-27,0,0,0
2016-01-26,11,6,5
2016-01-09,4,2,2
2016-01-14,26,1,25
2016-01-27,1,0,1
2016-01-06,7,4,3
2016-01-02,0,0,0
2016-01-21,2,2,0
2016-01-01,16,11,5
2016-01-10,4,2,2
2016-01-01,8,2,6
2016-01-03,3,2,1
2016-01-12,0,0,0
2016-01-18,11,4,7
2016-01-01,0,0,0
2016-01-25,2,0,2
2016-01-11,8,0,8
2016-01-25,5,2,3
2016-01-25,13,3,10
2016-01-03,0,0,0
2016-01-19,16,10,6
2016-01-29,12,6,6
2016-01-07,2,0,2
2016-01-18,11,3,8
2016-01-21,21,17,4
2016-01-09,9,4,5
2016-01-02,17,7,10
2016-01-07,19,3,16
2016-01-17,2,0,2
2016-01-22,0,0,0
2016-01-23,0,0,0
2016-01-02,2,1,1
2016-01-27,27,20,7
2016-01-19,0,0,0
2016-01-29,2,2,0
2016-01-03,12,0,12
2016-01-03,8,3,5
2016-01-11,0,0,0
2016-01-28,3,2,1
2016-01-27,0,0,0
2016-01-30,4,4,0
2016-01-27,4,2,2
2016-01-07,22,3,19
2016-01-21,1,0,1
2016-01-27,7,1,6
2016-01-23,1,0,1
2016-01-08,31,21,10
2016-01-01,3,1,2
2016-01-29,2,2,0
2016-01-16,0,0,0
2016-01-13,21,11,10
2016-01-23,4,2,2
2016-01-05,18,1,17
2016-01-18,3,1,2
2016-01-30,0,0,0
2016-01-14,19,14,5
2016-01-01,0,0,0
2016-01-04,2,2,0
2016-01-26,0,0,0
2016-01-29,4,2,2
2016-01-08,12,8,4
2016-01-04,15,2,13
2016-01-15,6,5,1
2016-01-10,1,0,1
2016-01-10,8,6,2
2016-01-11,7,4,3
2016-01-24,0,0,0
2016-01-06,31,28,3
2016-01-12,3,1,2
2016-01-16,15,9,6
2016-01-20,0,0,0
2016-01-23,4,3,1
2016-01-23,6,4,2
2016-01-10,6,2,4
2016-01-13,11,3,8
2016-01-30,7,4,3
2016-01-11,0,0,0
2016-01-30,10,8,2
2016-01-21,15,5,10
2016-01-28,9,1,8
2016-01-28,9,2,7
2016-01-10,12,8,4
2016-01-24,12,3,9
2016-01-14,0,0,0
2016-01-22,20,2,18
2016-01-23,0,0,0
2016-01-05,1,0,1
2016-01-12,0,0,0
2016-01-17,1,1,0
2016-01-03,8,4,4
2016-01-13,5,5,0
2016-01-16,9,6,3
2016-01-06,0,0,0
2016-01-02,7,1,6
2016-01-23,6,3,3
2016-01-18,22,6,16
2016-01-05,0,0,0
2016-01-03,6,2,4
2016-01-13,1,0,1
2016-01-17,0,0,0
2016-01-22,2,0,2
2016-01-31,16,4,12
2016-01-29,14,6,8
2016-01-05,0,0,0
2016-01-19,8,2,6
2016-01-15,0,0,0
2016-01-10,0,0,0
2016-01-30,5,4,1
2016-01-10,0,0,0
2016-01-06,15,10,5
2016-01-16,0,0,0
2016-01-15,9,6,3
2016-01-04,0,0,0
2016-01-23,1,1,0
2016-01-29,18,15,3
2016-01-10,14,10,4
2016-01-01,8,2,6
2016-01-01,4,2,2
2016-01-31,1,0,1
2016-01-15,1,0,1
2016-01-20,15,3,12
2016-01-20,32,23,9
2016-01-10,1,1,0
2016-01-20,12,11,1
2016-01-24,16,9,7
2016-01-25,13,1,12
2016-01-11,14,1,13
2016-01-01,7,5,2
2016-01-15,1,1,0
2016-01-24,1,0,1
2016-01-24,9,2,7
2016-01-25,6,5,1
2016-01-24,1,1,0
2016-01-20,18,12,6
2016-01-09,0,0,0
2016-01-22,28,22,6
2016-01-09,9,4,5
2016-01-24,0,0,0
2016-01-20,8,6,2
2016-01-14,0,0,0
2016-01-10,0,0,0
2016-01-08,0,0,0
2016-01-12,0,0,0
2016-01-09,11,6,5
2016-01-10,0,0,0
2016-01-26,2,0,2
2016-01-22,2,0,2
2016-01-09,10,5,5
2016-01-05,12,11,1
2016-01-06,19,2,17
2016-01-25,26,20,6
2016-01-24,8,4,4
2016-01-26,6,0,6
2016-01-16,4,2,2
2016-01-17,0,0,0
2016-01-22,0,0,0
2016-01-15,0,0,0
2016-01-11,13,3,10
2016-01-15,0,0,0
2016-01-14,10,3,7
2016-01-31,0,0,0
2016-01-16,3,1,2
2016-01-03,21,8,13
2016-01-18,2,1,1
2016-01-02,2,1,1
2016-01-08,9,4,5
2016-01-08,0,0,0
2016-01-18,4,1,3
2016-01-04,9,3,6
2016-01-25,28,6,22
2016-01-22,3,1,2
2016-01-08,16,1,15
2016-01-14,2,2,0
2016-01-21,16,8,8
2016-01-30,15,6,9
2016-01-14,24,18,6
2016-01-08,15,5,10
2016-01-20,1,0,1
2016-01-28,0,0,0
2016-01-31,12,3,9
2016-01-10,0,0,0
2016-01-20,0,0,0
2016-01-20,0,0,0
2016-01-29,18,8,10
2016-01-02,0,0,0
2016-01-06,22,9,13
2016-01-13,9,2,7
2016-01-07,7,1,6
2016-01-13,19,10,9
2016-01-19,0,0,0
2016-01-16,6,5,1
2016-01-23,0,0,0
2016-01-09,3,1,2
2016-01-28,1,1,0
2016-01-28,9,3,6
2016-01-13,12,5,7
2016-01-06,9,2,7
2016-01-23,8,3,5
2016-01-30,9,3,6
2016-01-12,25,16,9
2016-01-04,0,0,0
2016-01-22,9,5,4
2016-01-28,26,22,4
2016-01-16,12,7,5
2016-01-05,11,0,11
2016-01-04,4,1,3
2016-01-31,2,2,0
2016-01-30,0,0,0
2016-01-17,0,0,0
2016-01-26,23,23,0
2016-01-29,19,5,14
2016-01-09,1,0,1
2016-01-17,8,5,3
2016-01-15,16,2,14
2016-01-17,11,6,5
2016-01-30,3,2,1
2016-01-16,7,6,1
2016-01-13,6,3,3
2016-01-23,10,3,7
2016-01-12,1,1,0
2016-01-12,10,4,6
2016-01-30,10,4,6
2016-01-02,0,0,0
2016-01-16,4,3,1
2016-01-23,4,1,3
2016-01-28,13,6,7
2016-01-17,3,0,3
2016-01-31,7,2,5
2016-01-02,8,5,3
2016-01-13,12,6,6
2016-01-04,1,1,0
2016-01-08,9,4,5
2016-01-01,5,5,0
2016-01-09,1,1,0
2016-01-09,10,8,2
2016-01-07,25,19,6
2016-01-07,5,3,2
2016-01-20,20,16,4
2016-01-09,0,0,0
2016-01-06,10,6,4
2016-01-27,9,1,8
2016-01-31,5,5,0
2016-01-24,5,5,0
2016-01-04,29,17,12
2016-01-13,0,0,0
2016-01-15,9,7,2
2016-01-05,2,1,1
2016-01-19,0,0,0
2016-01-15,0,0,0
2016-01-12,10,10,0
2016-01-05,0,0,0
2016-01-15,0,0,0
2016-01-25,15,10,5
2016-01-14,0,0,0
2016-01-19,11,2,9
2016-01-25,23,10,13
2016-01-14,0,0,0
2016-01-05,11,5,6
2016-01-11,5,1,4
2016-01-14,0,0,0
2016-01-22,10,8,2
2016-01-13,0,0,0
2016-01-16,2,2,0
2016-01-12,3,0,3
2016-01-31,0,0,0
2016-01-07,8,5,3
2016-01-13,10,7,3
2016-01-07,9,1,8
2016-01-29,1,0,1
2016-01-21,7,3,4
2016-01-02,13,10,3
2016-01-26,20,17,3
2016-01-08,1,1,0
2016-01-02,0,0,0
2016-01-24,20,12,8
2016-01-14,22,6,16
2016-01-11,1,0,1
2016-01-13,7,6,1
2016-01-30,0,0,0
2016-01-31,13,3,10
2016-01-26,13,5,8
2016-01-06,3,0,3
2016-01-28,0,0,0
2016-01-31,0,0,0
2016-01-18,1,1,0
2016-01-24,0,0,0
2016-01-26,0,0,0
2016-01-11,1,1,0
2016-01-30,1,1,0
2016-01-16,0,0,0
2016-01-15,11,11,0
2016-01-14,1,0,1
2016-01-07,25,15,10
2016-01-15,16,3,13
2016-01-22,2,1,1
2016-01-04,17,3,14
2016-01-21,1,1,0
2016-01-29,9,1,8
2016-01-17,0,0,0
2016-01-03,3,2,1
2016-01-01,3,3,0
2016-01-31,5,3,2
2016-01-19,5,5,0
2016-01-14,5,3,2
2016-01-23,4,0,4
2016-01-25,39,33,6
2016-01-06,10,6,4
2016-01-27,0,0,0
2016-01-24,20,12,8
2016-01-18,1,1,0
2016-01-06,0,0,0
2016-01-16,2,0,2
2016-01-27,12,10,2
2016-01-26,25,3,22
2016-01-28,9,9,0
2016-01-02,0,0,0
2016-01-16,0,0,0
2016-01-14,18,16,2
2016-01-08,38,29,9
2016-01-16,6,3,3
2016-01-26,0,0,0
2016-01-05,0,0,0
2016-01-29,23,5,18
2016-01-26,15,11,4
2016-01-21,0,0,0
2016-01-26,3,1,2
2016-01-04,1,1,0
2016-01-31,2,0,2
2016-01-18,0,0,0
2016-01-25,16,3,13
2016-01-19,4,4,0
2016-01-01,6,2,4
2016-01-23,4,0,4
2016-01-15,11,4,7
2016-01-02,0,0,0
2016-01-13,6,0,6
2016-01-29,17,2,15
2016-01-09,0,0,0
2016-01-18,8,6,2
2016-01-19,29,1,28
2016-01-01,1,0,1
2016-01-22,4,4,0
2016-01-05,19,1,18
2016-01-02,0,0,0
2016-01-06,17,17,0
2016-01-05,22,14,8
2016-01-11,3,3,0
2016-01-21,12,8,4
2016-01-24,0,0,0
2016-01-02,6,4,2
2016-01-16,0,0,0
2016-01-06,17,2,15
2016-01-21,6,1,5
2016-01-31,1,1,0
2016-01-04,4,4,0
2016-01-25,2,0,2
2016-01-11,1,0,1
2016-01-20,12,6,6
2016-01-19,24,1,23
2016-01-07,0,0,0
2016-01-11,0,0,0
2016-01-10,6,2,4
2016-01-30,0,0,0
2016-01-25,11,8,3
2016-01-03,0,0,0
2016-01-19,1,1,0
2016-01-31,5,5,0
2016-01-25,0,0,0
2016-01-25,0,0,0
2016-01-20,25,6,19
2016-01-22,12,2,10
2016-01-27,10,4,6
2016-01-13,9,4,5
2016-01-06,1,0,1
2016-01-30,10,3,7
2016-01-16,7,1,6
2016-01-02,11,5,6
2016-01-17,3,1,2
2016-01-02,1,0,1
2016-01-23,0,0,0
2016-01-05,2,2,0
2016-01-13,10,5,5
2016-01-05,6,2,4
2016-01-30,2,2,0
2016-01-05,4,1,3
2016-01-20,11,1,10
2016-01-03,0,0,0
2016-01-03,1,0,1
2016-01-16,6,3,3
2016-01-05,2,2,0
2016-01-29,8,7,1
2016-01-14,26,25,1
2016-01-02,4,1,3
2016-01-26,3,1,2
2016-01-29,12,2,10
2016-01-13,0,0,0
2016-01-19,0,0,0
2016-01-27,1,0,1
2016-01-22,2,0,2
2016-01-02,0,0,0
2016-01-29,0,0,0
2016-01-01,2,1,1
2016-01-18,0,0,0
2016-01-06,14,5,9
2016-01-13,1,0,1
2016-01-07,20,12,8
2016-01-29,21,8,13
2016-01-19,27,23,4
2016-01-03,8,5,3
2016-01-03,0,0,0
2016-01-11,11,9,2
2016-01-17,6,3,3
2016-01-17,11,3,8
2016-01-28,3,0,3
2016-01-30,1,1,0
2016-01-08,18,1,17
2016-01-12,24,1,23
2016-01-06,12,2,10
2016-01-02,14,5,9
2016-01-21,5,2,3
2016-01-13,2,0,2
2016-01-11,0,0,0
2016-01-15,15,8,7
2016-01-24,6,6,0
2016-01-11,22,20,2
2016-01-31,6,1,5
2016-01-06,0,0,0
2016-01-21,4,0,4
2016-01-29,30,24,6
2016-01-30,4,2,2
2016-01-07,1,1,0
2016-01-20,2,2,0
2016-01-18,9,2,7
2016-01-31,3,0,3
2016-01-03,2,2,0
2016-01-27,16,10,6
2016-01-08,15,5,10
2016-01-16,0,0,0
2016-01-09,0,0,0
2016-01-20,0,0,0
2016-01-27,0,0,0
2016-01-27,9,5,4
2016-01-12,7,5,2
2016-01-15,13,7,6
2016-01-17,2,1,1
2016-01-09,0,0,0
2016-01-14,5,3,2
2016-01-11,5,4,1
2016-01-19,0,0,0
2016-01-13,22,11,11
2016-01-28,1,0,1
2016-01-22,10,5,5
2016-01-04,7,1,6
2016-01-16,0,0,0
2016-01-28,12,4,8
2016-01-27,23,6,17
2016-01-26,2,0,2
2016-01-19,1,0,1
2016-01-31,9,7,2
2016-01-08,0,0,0
2016-01-25,28,2,26
2016-01-12,16,1,15
2016-01-01,5,2,3
2016-01-06,26,15,11
2016-01-03,0,0,0
2016-01-10,3,1,2
2016-01-21,2,0,2
2016-01-28,5,0,5
2016-01-14,20,11,9
2016-01-30,4,2,2
2016-01-01,0,0,0
2016-01-26,19,2,17
2016-01-12,11,8,3
2016-01-25,4,2,2
2016-01-09,9,3,6
2016-01-17,4,2,2
2016-01-08,2,0,2
2016-01-27,9,2,7
2016-01-17,0,0,0
2016-01-28,21,4,17
2016-01-31,20,11,9
2016-01-05,3,1,2
2016-01-28,15,13,2
2016-01-28,2,1,1
2016-01-11,24,16,8
2016-01-12,6,3,3
2016-01-03,0,0,0
2016-01-05,21,17,4
2016-01-28,0,0,0
2016-01-24,1,1,0
2016-01-29,18,13,5
2016-01-30,15,7,8
2016-01-05,13,3,10
2016-01-29,0,0,0
2016-01-15,11,3,8
2016-01-12,32,21,11
2016-01-04,1,1,0
2016-01-28,1,0,1
2016-01-03,5,3,2
2016-01-26,11,2,9
2016-01-04,8,5,3
2016-01-19,11,3,8
2016-01-21,10,3,7
2016-01-20,12,5,7
2016-01-05,45,33,12
2016-01-18,12,10,2
2016-01-20,2,1,1
2016-01-15,19,2,17
2016-01-12,5,3,2
2016-01-18,5,0,5
2016-01-18,3,0,3
2016-01-08,8,4,4
2016-01-01,1,0,1
2016-01-24,8,3,5
2016-01-08,18,3,15
2016-01-20,20,2,18
2016-01-29,18,5,13
2016-01-11,9,1,8
2016-01-27,5,1,4
2016-01-27,19,12,7
2016-01-07,15,10,5
2016-01-01,0,0,0
2016-01-22,0,0,0
2016-01-24,21,16,5
2016-01-09,0,0,0
2016-01-10,1,1,0
2016-01-31,22,13,9
2016-01-08,10,3,7
2016-01-26,5,0,5
2016-01-01,10,0,10
2016-01-22,19,12,7
2016-01-27,25,5,20
2016-01-12,22,4,18
2016-01-20,12,9,3
2016-01-13,2,1,1
2016-01-29,12,8,4
2016-01-26,0,0,0
2016-01-13,1,1,0
2016-01-22,21,16,5
2016-01-07,0,0,0
2016-01-27,19,15,4
2016-01-01,1,0,1
2016-01-18,9,6,3
2016-01-02,5,3,2
2016-01-04,20,3,17
2016-01-21,12,3,9
2016-01-07,0,0,0
2016-01-17,2,1,1
2016-01-31,1,0,1
2016-01-07,18,14,4
2016-01-30,11,6,5
2016-01-07,0,0,0
2016-01-15,0,0,0
2016-02-01,20,5,15
2016-02-23,11,0,11
2016-02-09,37,30,7
2016-02-12,2,0,2
2016-02-05,0,0,0
2016-02-12,2,0,2
2016-02-08,16,3,13
2016-02-23,2,2,0
2016-02-08,10,10,0
2016-02-05,5,2,3
2016-02-06,8,5,3
2016-02-21,6,2,4
2016-02-18,1,1,0
2016-02-27,0,0,0
2016-02-26,4,0,4
2016-02-18,7,5,2
2016-02-11,7,3,4
2016-02-20,8,1,7
2016-02-18,28,4,24
2016-02-14,6,2,4
2016-02-01,4,4,0
2016-02-16,10,5,5
2016-02-06,9,4,5
2016-02-14,10,1,9
2016-02-25,1,1,0
2016-02-07,1,0,1
2016-02-01,40,39,1
2016-02-22,5,2,3
2016-02-21,0,0,0
2016-02-18,3,1,2
2016-02-16,21,7,14
2016-02-15,1,0,1
2016-02-13,5,1,4
2016-02-12,0,0,0
2016-02-14,5,4,1
2016-02-16,7,4,3
2016-02-09,9,3,6
2016-02-16,10,3,7
2016-02-12,5,1,4
2016-02-02,26,18,8
2016-02-18,5,3,2
2016-02-18,10,4,6
2016-02-14,0,0,0
2016-02-28,12,4,8
2016-02-26,2,2,0
2016-02-15,0,0,0
2016-02-15,7,1,6
2016-02-12,14,3,11
2016-02-23,0,0,0
2016-02-13,2,0,2
2016-02-07,16,8,8
2016-02-04,10,3,7
2016-02-14,1,1,0
2016-02-02,9,4,5
2016-02-03,5,4,1
2016-02-09,0,0,0
2016-02-20,13,6,7
2016-02-11,3,2,1
2016-02-27,9,4,5
2016-02-28,1,0,1
2016-02-01,0,0,0
2016-02-28,9,0,9
2016-02-17,14,8,6
2016-02-05,3,2,1
2016-02-16,10,0,10
2016-02-13,2,2,0
2016-02-04,9,4,5
2016-02-27,8,2,6
2016-02-02,28,9,19
2016-02-10,15,8,7
2016-02-20,2,2,0
2016-02-22,39,9,30
2016-02-19,11,4,7
2016-02-10,3,2,1
2016-02-11,17,15,2
2016-02-29,24,24,0
2016-02-05,19,15,4
2016-02-18,10,7,3
2016-02-25,21,12,9
2016-02-26,29,19,10
2016-02-02,11,6,5
2016-02-20,0,0,0
2016-02-16,5,3,2
2016-02-25,17,11,6
2016-02-17,21,2,19
2016-02-15,1,1,0
2016-02-28,4,0,4
2016-02-28,1,1,0
2016-02-01,10,3,7
2016-02-08,9,0,9
2016-02-21,17,11,6
2016-02-08,11,4,7
2016-02-24,24,16,8
2016-02-14,0,0,0
2016-02-20,0,0,0
2016-02-17,1,1,0
2016-02-15,3,3,0
2016-02-07,2,2,0
2016-02-19,0,0,0
2016-02-17,0,0,0
2016-02-16,16,5,11
2016-02-06,2,0,2
2016-02-11,9,1,8
2016-02-09,6,2,4
2016-02-10,24,19,5
2016-02-06,7,7,0
2016-02-07,0,0,0
2016-02-24,16,7,9
2016-02-16,0,0,0
2016-02-09,10,1,9
2016-02-15,0,0,0
2016-02-16,24,17,7
2016-02-24,0,0,0
2016-02-22,1,1,0
2016-02-29,18,2,16
2016-02-06,4,3,1
2016-02-25,7,2,5
2016-02-10,27,20,7
2016-02-28,0,0,0
2016-02-09,10,6,4
2016-02-26,22,5,17
2016-02-21,0,0,0
2016-02-06,2,0,2
2016-02-04,0,0,0
2016-02-23,17,9,8
2016-02-27,10,6,4
2016-02-15,14,10,4
2016-02-23,10,1,9
2016-02-17,0,0,0
2016-02-14,0,0,0
2016-02-03,12,11,1
2016-02-21,5,0,5
2016-02-13,9,2,7
2016-02-25,1,1,0
2016-02-20,21,9,12
2016-02-29,18,11,7
2016-02-25,9,3,6
2016-02-11,5,0,5
2016-02-24,9,1,8
2016-02-04,3,0,3
2016-02-05,3,0,3
2016-02-01,1,1,0
2016-02-02,5,5,0
2016-02-19,22,19,3
2016-02-26,0,0,0
2016-02-29,17,6,11
2016-02-18,0,0,0
2016-02-01,15,2,13
2016-02-18,4,0,4
2016-02-29,0,0,0
2016-02-09,4,2,2
2016-02-02,8,4,4
2016-02-19,14,5,9
2016-02-24,6,1,5
2016-02-10,11,1,10
2016-02-18,1,0,1
2016-02-03,20,14,6
2016-02-29,12,7,5
2016-02-07,1,1,0
2016-02-07,0,0,0
2016-02-04,28,6,22
2016-02-11,17,10,7
2016-02-10,1,1,0
2016-02-16,6,3,3
2016-02-24,21,18,3
2016-02-10,0,0,0
2016-02-24,12,11,1
2016-02-18,6,5,1
2016-02-29,0,0,0
2016-02-02,1,0,1
2016-02-18,0,0,0
2016-02-24,5,1,4
2016-02-18,0,0,0
2016-02-10,1,1,0
2016-02-03,26,3,23
2016-02-27,0,0,0
2016-02-15,0,0,0
2016-02-08,0,0,0
2016-02-29,4,0,4
2016-02-17,29,21,8
2016-02-02,5,1,4
2016-02-22,15,6,9
2016-02-05,0,0,0
2016-02-14,0,0,0
2016-02-19,19,5,14
2016-02-21,2,1,1
2016-02-26,8,6,2
2016-02-12,8,8,0
2016-02-02,11,8,3
2016-02-21,1,1,0
2016-02-10,6,4,2
2016-02-20,2,0,2
2016-02-09,1,1,0
2016-02-17,0,0,0
2016-02-23,12,2,10
2016-02-10,1,0,1
2016-02-08,1,0,1
2016-02-17,24,6,18
2016-02-12,13,3,10
2016-02-09,21,3,18
2016-02-11,2,0,2
2016-02-23,35,4,31
2016-02-22,16,3,13
2016-02-27,0,0,0
2016-02-12,12,8,4
2016-02-05,2,0,2
2016-02-12,19,0,19
2016-02-24,10,3,7
2016-02-10,0,0,0
2016-02-20,0,0,0
2016-02-15,7,5,2
2016-02-25,3,0,3
2016-02-24,44,34,10
2016-02-24,22,14,8
2016-02-01,0,0,0
2016-02-14,0,0,0
2016-02-15,2,1,1
2016-02-13,3,0,3
2016-02-17,17,9,8
2016-02-06,1,1,0
2016-02-29,0,0,0
2016-02-28,0,0,0
2016-02-15,3,3,0
2016-02-23,24,2,22
2016-02-22,10,3,7
2016-02-03,0,0,0
2016-02-07,1,0,1
2016-02-29,6,4,2
2016-02-29,9,6,3
2016-02-13,6,1,5
2016-02-27,5,4,1
2016-02-22,20,13,7
2016-02-25,10,7,3
2016-02-03,1,0,1
2016-02-03,18,2,16
2016-02-10,4,1,3
2016-02-01,23,15,8
2016-02-08,1,1,0
2016-02-17,2,0,2
2016-02-03,5,1,4
2016-02-19,18,15,3
2016-02-26,0,0,0
2016-02-08,16,9,7
2016-02-17,15,1,14
2016-02-05,3,3,0
2016-02-19,0,0,0
2016-02-22,24,18,6
2016-02-13,1,0,1
2016-02-15,1,0,1
2016-02-07,12,1,11
2016-02-18,10,8,2
2016-02-13,3,0,3
2016-02-03,2,1,1
2016-02-29,14,2,12
2016-02-15,13,5,8
2016-02-03,8,6,2
2016-02-22,8,3,5
2016-02-03,21,11,10
2016-02-12,0,0,0
2016-02-07,5,0,5
2016-02-12,0,0,0
2016-02-16,1,1,0
2016-02-17,10,2,8
2016-02-19,1,1,0
2016-02-23,4,2,2
2016-02-04,0,0,0
2016-02-20,10,4,6
2016-02-08,21,3,18
2016-02-11,0,0,0
2016-02-12,11,2,9
2016-02-12,20,11,9
2016-02-18,30,24,6
2016-02-10,6,2,4
2016-02-16,5,3,2
2016-02-05,22,14,8
2016-02-23,0,0,0
2016-02-26,0,0,0
2016-02-14,1,1,0
2016-02-22,0,0,0
2016-02-09,16,12,4
2016-02-15,3,1,2
2016-02-16,21,5,16
2016-02-02,2,2,0
2016-02-01,19,5,14
2016-02-04,8,0,8
2016-02-10,1,1,0
2016-02-26,0,0,0
2016-02-09,0,0,0
2016-02-29,2,0,2
2016-02-21,7,4,3
2016-02-04,13,6,7
2016-02-09,1,0,1
2016-02-26,23,15,8
2016-02-19,7,1,6
2016-02-19,0,0,0
2016-02-10,12,1,11
2016-02-21,5,1,4
2016-02-07,9,5,4
2016-02-14,2,1,1
2016-02-18,1,1,0
2016-02-18,7,2,5
2016-02-09,20,12,8
2016-02-17,5,3,2
2016-02-16,0,0,0
2016-02-24,6,1,5
2016-02-21,6,2,4
2016-02-04,7,2,5
2016-02-14,1,0,1
2016-02-07,12,9,3
2016-02-13,2,0,2
2016-02-05,0,0,0
2016-02-08,37,3,34
2016-02-06,9,6,3
2016-02-06,0,0,0
2016-02-25,0,0,0
2016-02-01,1,1,0
2016-02-17,2,0,2
2016-02-27,5,2,3
2016-02-09,0,0,0
2016-02-23,44,38,6
2016-02-06,13,4,9
2016-02-20,1,0,1
2016-02-02,17,6,11
2016-02-22,22,11,11
2016-02-18,6,4,2
2016-02-25,21,17,4
2016-02-17,36,29,7
2016-02-18,18,5,13
2016-02-23,1,1,0
2016-02-22,2,0,2
2016-02-21,2,2,0
2016-02-06,4,2,2
2016-02-06,0,0,0
2016-02-20,17,6,11
2016-02-09,22,14,8
2016-02-29,2,2,0
2016-02-25,10,8,2
2016-02-04,19,3,16
2016-02-28,10,9,1
2016-02-22,21,2,19
2016-02-11,0,0,0
2016-02-28,2,0,2
2016-02-19,5,2,3
2016-02-11,1,1,0
2016-02-10,0,0,0
2016-02-19,6,1,5
2016-02-27,22,15,7
2016-02-29,0,0,0
2016-02-02,0,0,0
2016-02-27,14,5,9
2016-02-29,7,3,4
2016-02-05,0,0,0
2016-02-26,14,1,13
2016-02-16,22,21,1
2016-02-21,0,0,0
2016-02-06,3,2,1
2016-02-03,0,0,0
2016-02-26,17,13,4
2016-02-02,19,2,17
2016-02-27,2,0,2
2016-02-14,8,1,7
2016-02-26,9,1,8
2016-02-02,23,21,2
2016-02-19,14,1,13
2016-02-03,6,1,5
2016-02-22,5,3,2
2016-02-24,0,0,0
2016-02-15,8,5,3
2016-02-24,0,0,0
2016-02-17,5,3,2
2016-02-12,5,3,2
2016-02-11,0,0,0
2016-02-01,0,0,0
2016-02-21,13,7,6
2016-02-19,0,0,0
2016-02-08,0,0,0
2016-02-25,27,18,9
2016-02-04,12,5,7
2016-02-13,0,0,0
2016-02-14,0,0,0
2016-02-22,0,0,0
2016-02-24,5,0,5
2016-02-28,0,0,0
2016-02-20,16,4,12
2016-02-15,1,0,1
2016-02-10,16,2,14
2016-02-14,4,1,3
2016-02-13,6,4,2
2016-02-25,24,3,21
2016-02-28,7,2,5
2016-02-29,27,20,7
2016-02-27,1,1,0
2016-02-27,22,14,8
2016-02-08,1,1,0
2016-02-09,26,5,21
2016-02-12,0,0,0
2016-02-05,11,2,9
2016-02-11,12,3,9
2016-02-13,1,0,1
2016-02-08,0,0,0
2016-02-05,14,2,12
2016-02-04,26,1,25
2016-02-01,2,0,2
2016-02-27,5,2,3
2016-02-20,0,0,0
2016-02-03,5,2,3
2016-02-22,0,0,0
2016-02-07,6,3,3
2016-02-21,3,1,2
2016-02-01,14,5,9
2016-02-17,0,0,0
2016-02-09,6,4,2
2016-02-29,3,1,2
2016-02-12,14,5,9
2016-02-10,30,3,27
2016-02-16,19,7,12
2016-02-28,8,1,7
2016-02-07,19,11,8
2016-02-21,10,7,3
2016-02-03,7,5,2
2016-02-12,0,0,0
2016-02-20,11,5,6
2016-02-25,31,4,27
2016-02-18,10,3,7
2016-02-05,12,3,9
2016-02-07,9,7,2
2016-02-01,12,4,8
2016-02-25,7,1,6
2016-02-12,3,3,0
2016-02-05,3,1,2
2016-02-14,3,2,1
2016-02-27,1,0,1
2016-02-01,10,3,7
2016-02-06,8,2,6
2016-02-19,11,4,7
2016-02-11,14,1,13
2016-02-17,7,1,6
2016-02-28,0,0,0
2016-02-02,18,1,17
2016-02-09,1,0,1
2016-02-14,7,2,5
2016-02-26,12,4,8
2016-02-15,0,0,0
2016-02-06,8,3,5
2016-02-24,29,5,24
2016-02-15,0,0,0
2016-02-17,12,6,6
2016-02-09,4,2,2
2016-02-06,0,0,0
2016-02-04,18,8,10
2016-02-12,0,0,0
2016-02-27,0,0,0
2016-02-24,0,0,0
2016-02-05,1,1,0
2016-02-14,0,0,0
2016-02-07,1,1,0
2016-02-25,33,26,7
2016-02-02,1,0,1
2016-02-27,0,0,0
2016-02-26,1,1,0
2016-02-26,2,0,2
2016-02-11,16,13,3
2016-02-27,0,0,0
2016-02-06,4,4,0
2016-02-06,8,3,5
2016-02-08,36,33,3
2016-02-21,8,3,5
2016-02-23,19,10,9
2016-02-13,2,0,2
2016-02-07,0,0,0
2016-02-12,2,1,1
2016-02-13,0,0,0
2016-02-20,4,0,4
2016-02-06,3,2,1
2016-02-27,20,10,10
2016-02-20,15,7,8
2016-02-04,1,1,0
2016-02-25,27,4,23
2016-02-26,11,7,4
2016-02-24,30,5,25
2016-02-28,5,0,5
2016-02-25,0,0,0
2016-02-08,14,5,9
2016-02-27,6,4,2
2016-02-21,2,1,1
2016-02-08,30,17,13
2016-02-23,10,5,5
2016-02-21,1,1,0
2016-02-26,1,1,0
2016-02-01,0,0,0
2016-02-07,0,0,0
2016-02-05,2,2,0
2016-02-23,0,0,0
2016-02-03,11,3,8
2016-02-11,2,1,1
2016-02-28,0,0,0
2016-02-17,2,1,1
2016-02-01,14,6,8
2016-02-02,10,2,8
2016-02-03,1,1,0
2016-02-22,3,0,3
2016-02-24,5,2,3
2016-02-16,26,16,10
2016-02-11,0,0,0
2016-02-09,10,6,4
2016-02-18,3,1,2
2016-02-03,0,0,0
2016-02-12,7,3,4
2016-02-17,12,4,8
2016-02-14,0,0,0
2016-02-14,0,0,0
2016-02-22,12,5,7
2016-02-15,0,0,0
2016-02-16,5,2,3
2016-02-04,1,0,1
2016-02-20,0,0,0
2016-02-05,8,1,7
2016-02-03,27,21,6
2016-02-06,1,0,1
2016-02-02,9,0,9
2016-02-05,24,2,22
2016-02-21,0,0,0
2016-02-16,0,0,0
2016-02-25,8,2,6
2016-02-14,2,0,2
2016-02-28,16,10,6
2016-02-08,2,2,0
2016-02-28,9,2,7
2016-02-09,13,3,10
2016-02-21,0,0,0
2016-02-20,10,6,4
2016-02-11,6,1,5
2016-02-07,0,0,0
2016-02-15,1,0,1
2016-02-26,14,3,11
2016-02-02,0,0,0
2016-02-03,9,4,5
2016-02-02,21,11,10
2016-02-04,0,0,0
2016-02-22,7,6,1
2016-02-05,15,7,8
2016-02-19,15,1,14
2016-02-11,2,0,2
2016-02-28,3,3,0
2016-02-13,4,3,1
2016-02-21,0,0,0
2016-02-15,7,2,5
2016-02-17,3,1,2
2016-02-04,27,16,11
2016-02-22,11,1,10
2016-02-20,0,0,0
2016-02-07,2,2,0
2016-02-11,8,3,5
2016-02-01,14,8,6
2016-02-16,3,3,0
2016-02-27,1,1,0
2016-02-08,1,0,1
2016-02-26,15,1,14
2016-02-01,3,3,0
2016-02-14,8,1,7
2016-02-11,20,13,7
2016-02-28,9,5,4
2016-02-08,16,9,7
2016-02-22,38,29,9
2016-02-02,1,0,1
2016-02-01,15,8,7
2016-02-07,16,3,13
2016-02-26,19,14,5
2016-02-07,4,4,0
2016-02-22,4,2,2
2016-02-08,2,2,0
2016-02-05,16,11,5
2016-02-24,0,0,0
2016-02-20,16,11,5
2016-02-13,0,0,0
2016-02-29,1,1,0
2016-02-29,18,4,14
2016-02-13,0,0,0
2016-02-13,7,6,1
2016-02-06,5,4,1
2016-02-09,19,1,18
2016-02-13,2,2,0
2016-02-13,0,0,0
2016-02-23,14,3,11
2016-02-04,0,0,0
2016-02-05,13,12,1
2016-02-12,1,0,1
2016-02-27,10,5,5
2016-02-23,5,0,5
2016-02-26,11,5,6
2016-02-04,8,1,7
2016-02-04,29,27,2
2016-02-11,16,6,10
2016-02-25,8,2,6
2016-02-04,5,5,0
2016-02-21,13,7,6
2016-02-20,4,2,2
2016-02-20,5,0,5
2016-02-22,0,0,0
2016-02-21,0,0,0
2016-02-21,0,0,0
2016-02-07,0,0,0
2016-02-27,30,22,8
2016-02-25,1,0,1
2016-02-10,18,13,5
2016-02-28,4,1,3
2016-02-28,3,2,1
2016-02-08,7,4,3
2016-02-10,4,2,2
2016-02-27,2,0,2
2016-02-26,3,3,0
2016-02-19,6,3,3
2016-02-14,2,0,2
2016-02-02,0,0,0
2016-02-23,8,4,4
2016-02-19,3,0,3
2016-02-19,8,3,5
2016-02-19,12,10,2
2016-02-09,10,10,0
2016-02-10,13,7,6
2016-02-17,12,7,5
2016-02-13,7,6,1
2016-02-20,1,1,0
2016-02-11,1,1,0
2016-02-24,1,1,0
2016-02-10,9,1,8
2016-02-09,2,0,2
2016-02-24,4,1,3
2016-02-29,8,3,5
2016-02-16,0,0,0
2016-02-05,0,0,0
2016-02-04,0,0,0
2016-02-25,13,2,11
2016-02-17,12,8,4
2016-02-13,5,0,5
2016-02-01,22,18,4
2016-02-18,11,7,4
2016-02-23,0,0,0
2016-02-16,0,0,0
2016-02-03,1,1,0
2016-02-29,1,1,0
2016-02-15,5,3,2
2016-02-04,19,17,2
2016-02-28,3,1,2
2016-02-19,12,8,4
2016-02-15,13,7,6
2016-02-20,0,0,0
2016-02-24,7,4,3
2016-02-03,21,0,21
2016-02-02,1,1,0
2016-02-06,6,0,6
2016-02-06,17,9,8
2016-02-23,25,3,22
2016-02-11,9,4,5
2016-02-08,12,3,9
2016-02-23,27,15,12
2016-02-02,36,33,3
2016-02-16,2,0,2
2016-02-19,0,0,0
2016-02-07,6,1,5
2016-02-25,2,0,2
2016-02-10,0,0,0
2016-02-15,9,1,8
2016-02-19,17,5,12
2016-02-13,2,1,1
2016-02-28,3,2,1
2016-02-25,15,12,3
2016-02-23,0,0,0
2016-02-06,0,0,0
2016-02-28,0,0,0
2016-02-26,23,3,20
2016-02-01,35,6,29
2016-02-11,18,9,9
2016-02-23,13,11,2
2016-02-05,18,11,7
2016-02-03,12,6,6
2016-02-08,26,20,6
2016-02-29,19,4,15
2016-02-13,0,0,0
2016-02-16,10,7,3
2016-02-14,0,0,0
2016-02-12,21,18,3
2016-02-03,0,0,0
2016-02-29,11,4,7
2016-02-12,14,6,8
2016-02-01,0,0,0
2016-02-22,0,0,0
2016-02-24,18,2,16
2016-02-08,22,5,17
2016-02-10,16,12,4
2016-02-18,18,4,14
2016-02-07,3,0,3
2016-02-23,26,24,2
2016-02-19,2,2,0
2016-02-18,21,15,6
2016-02-04,0,0,0
2016-03-25,21,18,3
2016-03-26,21,15,6
2016-03-14,0,0,0
2016-03-25,15,10,5
2016-03-18,12,6,6
2016-03-19,27,11,16
2016-03-14,9,2,7
2016-03-11,5,3,2
2016-03-25,33,3,30
2016-03-13,0,0,0
2016-03-21,11,4,7
2016-03-31,58,39,19
2016-03-10,7,5,2
2016-03-24,16,2,14
2016-03-26,15,9,6
2016-03-26,10,2,8
2016-03-31,0,0,0
2016-03-18,18,4,14
2016-03-15,0,0,0
2016-03-09,0,0,0
2016-03-20,19,10,9
2016-03-09,8,6,2
2016-03-06,0,0,0
2016-03-15,0,0,0
2016-03-13,8,2,6
2016-03-27,0,0,0
2016-03-08,2,0,2
2016-03-21,2,1,1
2016-03-16,0,0,0
2016-03-03,32,21,11
2016-03-19,0,0,0
2016-03-11,0,0,0
2016-03-28,10,7,3
2016-03-15,14,2,12
2016-03-30,7,3,4
2016-03-17,6,1,5
2016-03-17,24,4,20
2016-03-10,13,7,6
2016-03-24,22,4,18
2016-03-27,11,7,4
2016-03-30,13,3,10
2016-03-06,1,1,0
2016-03-29,4,2,2
2016-03-09,2,0,2
2016-03-25,4,2,2
2016-03-21,30,2,28
2016-03-18,9,2,7
2016-03-05,17,10,7
2016-03-05,4,1,3
2016-03-28,6,3,3
2016-03-02,0,0,0
2016-03-25,7,2,5
2016-03-03,27,20,7
2016-03-14,0,0,0
2016-03-27,10,5,5
2016-03-02,15,3,12
2016-03-13,1,1,0
2016-03-03,7,1,6
2016-03-18,3,3,0
2016-03-08,19,2,17
2016-03-21,1,1,0
2016-03-02,0,0,0
2016-03-27,4,0,4
2016-03-24,16,10,6
2016-03-01,0,0,0
2016-03-01,1,1,0
2016-03-22,7,4,3
2016-03-24,0,0,0
2016-03-28,0,0,0
2016-03-22,0,0,0
2016-03-20,11,9,2
2016-03-18,10,4,6
2016-03-28,9,3,6
2016-03-25,21,15,6
2016-03-25,16,11,5
2016-03-23,16,7,9
2016-03-12,5,3,2
2016-03-19,11,5,6
2016-03-23,8,4,4
2016-03-20,1,0,1
2016-03-31,9,6,3
2016-03-24,7,4,3
2016-03-13,1,0,1
2016-03-07,1,1,0
2016-03-31,14,9,5
2016-03-08,3,2,1
2016-03-26,0,0,0
2016-03-30,1,1,0
2016-03-23,2,0,2
2016-03-03,5,3,2
2016-03-31,3,1,2
2016-03-31,0,0,0
2016-03-25,0,0,0
2016-03-14,10,5,5
2016-03-08,8,8,0
2016-03-03,0,0,0
2016-03-07,6,1,5
2016-03-10,5,1,4
2016-03-10,8,3,5
2016-03-09,3,3,0
2016-03-15,6,4,2
2016-03-27,22,12,10
2016-03-06,0,0,0
2016-03-04,21,1,20
2016-03-07,6,4,2
2016-03-08,8,8,0
2016-03-14,11,4,7
2016-03-25,15,9,6
2016-03-03,19,5,14
2016-03-26,0,0,0
2016-03-05,15,10,5
2016-03-07,20,5,15
2016-03-03,10,2,8
2016-03-24,1,1,0
2016-03-12,0,0,0
2016-03-08,39,34,5
2016-03-20,16,8,8
2016-03-03,4,2,2
2016-03-03,14,8,6
2016-03-28,23,3,20
2016-03-23,10,10,0
2016-03-10,8,1,7
2016-03-15,2,1,1
2016-03-07,0,0,0
2016-03-19,0,0,0
2016-03-27,0,0,0
2016-03-22,36,27,9
2016-03-06,1,1,0
2016-03-02,6,5,1
2016-03-30,46,39,7
2016-03-31,15,4,11
2016-03-09,10,4,6
2016-03-17,24,3,21
2016-03-10,1,1,0
2016-03-13,3,2,1
2016-03-13,0,0,0
2016-03-20,0,0,0
2016-03-02,0,0,0
2016-03-08,7,1,6
2016-03-24,6,2,4
2016-03-18,0,0,0
2016-03-09,6,2,4
2016-03-03,3,0,3
2016-03-28,27,2,25
2016-03-05,25,7,18
2016-03-08,0,0,0
2016-03-08,25,3,22
2016-03-16,18,9,9
2016-03-26,0,0,0
2016-03-03,3,2,1
2016-03-08,21,7,14
2016-03-27,0,0,0
2016-03-30,20,17,3
2016-03-09,0,0,0
2016-03-12,19,10,9
2016-03-19,1,0,1
2016-03-13,7,3,4
2016-03-17,0,0,0
2016-03-25,0,0,0
2016-03-21,18,16,2
2016-03-22,0,0,0
2016-03-09,13,8,5
2016-03-20,0,0,0
2016-03-30,10,8,2
2016-03-12,12,5,7
2016-03-18,18,17,1
2016-03-22,32,27,5
2016-03-04,15,10,5
2016-03-17,8,5,3
2016-03-01,1,0,1
2016-03-24,3,1,2
2016-03-01,27,18,9
2016-03-17,3,1,2
2016-03-09,12,6,6
2016-03-31,23,17,6
2016-03-05,15,4,11
2016-03-19,31,19,12
2016-03-18,0,0,0
2016-03-29,3,1,2
2016-03-15,3,2,1
2016-03-13,11,6,5
2016-03-12,0,0,0
2016-03-12,8,5,3
2016-03-12,1,0,1
2016-03-23,26,21,5
2016-03-09,2,0,2
2016-03-25,5,5,0
2016-03-05,13,10,3
2016-03-30,18,4,14
2016-03-31,8,6,2
2016-03-01,0,0,0
2016-03-13,8,4,4
2016-03-22,16,7,9
2016-03-02,15,0,15
2016-03-30,28,4,24
2016-03-28,0,0,0
2016-03-10,0,0,0
2016-03-14,4,1,3
2016-03-28,25,20,5
2016-03-08,26,20,6
2016-03-23,9,6,3
2016-03-17,11,6,5
2016-03-21,14,12,2
2016-03-31,24,2,22
2016-03-07,13,6,7
2016-03-29,13,9,4
2016-03-26,13,6,7
2016-03-15,2,2,0
2016-03-15,13,4,9
2016-03-29,1,0,1
2016-03-08,2,0,2
2016-03-30,10,8,2
2016-03-23,2,2,0
2016-03-28,13,5,8
2016-03-24,8,3,5
2016-03-10,21,1,20
2016-03-04,0,0,0
2016-03-15,20,3,17
2016-03-17,0,0,0
2016-03-29,4,4,0
2016-03-31,1,1,0
2016-03-19,0,0,0
2016-03-06,10,6,4
2016-03-02,4,3,1
2016-03-15,28,10,18
2016-03-09,0,0,0
2016-03-24,21,4,17
2016-03-07,5,5,0
2016-03-02,20,14,6
2016-03-21,2,2,0
2016-03-02,1,1,0
2016-03-27,6,5,1
2016-03-11,23,14,9
2016-03-11,2,1,1
2016-03-31,4,4,0
2016-03-14,1,1,0
2016-03-09,18,11,7
2016-03-01,0,0,0
2016-03-09,7,2,5
2016-03-26,12,9,3
2016-03-23,23,2,21
2016-03-23,0,0,0
2016-03-01,12,7,5
2016-03-25,10,3,7
2016-03-07,6,0,6
2016-03-21,7,3,4
2016-03-26,9,3,6
2016-03-29,29,3,26
2016-03-04,0,0,0
2016-03-02,5,2,3
2016-03-22,0,0,0
2016-03-17,1,1,0
2016-03-18,0,0,0
2016-03-07,6,1,5
2016-03-08,8,2,6
2016-03-16,0,0,0
2016-03-01,8,5,3
2016-03-30,7,7,0
2016-03-16,0,0,0
2016-03-15,30,2,28
2016-03-11,21,14,7
2016-03-20,9,0,9
2016-03-30,0,0,0
2016-03-29,12,3,9
2016-03-02,29,8,21
2016-03-09,26,19,7
2016-03-27,2,0,2
2016-03-10,0,0,0
2016-03-29,1,1,0
2016-03-05,2,0,2
2016-03-06,9,3,6
2016-03-15,11,4,7
2016-03-15,3,1,2
2016-03-22,17,12,5
2016-03-16,0,0,0
2016-03-07,1,0,1
2016-03-18,19,0,19
2016-03-14,4,2,2
2016-03-31,29,26,3
2016-03-28,9,9,0
2016-03-02,0,0,0
2016-03-06,6,4,2
2016-03-18,4,3,1
2016-03-14,13,7,6
2016-03-10,21,12,9
2016-03-06,0,0,0
2016-03-14,0,0,0
2016-03-22,0,0,0
2016-03-01,0,0,0
2016-03-20,9,2,7
2016-03-27,1,1,0
2016-03-17,16,2,14
2016-03-15,3,1,2
2016-03-19,8,2,6
2016-03-09,15,1,14
2016-03-06,0,0,0
2016-03-04,0,0,0
2016-03-26,23,6,17
2016-03-17,16,0,16
2016-03-08,17,10,7
2016-03-02,36,27,9
2016-03-04,0,0,0
2016-03-09,1,1,0
2016-03-22,19,2,17
2016-03-29,13,7,6
2016-03-17,8,5,3
2016-03-16,8,4,4
2016-03-30,0,0,0
2016-03-24,32,23,9
2016-03-27,3,2,1
2016-03-19,16,5,11
2016-03-06,7,5,2
2016-03-29,11,0,11
2016-03-31,8,5,3
2016-03-16,15,4,11
2016-03-21,0,0,0
2016-03-18,8,1,7
2016-03-15,9,2,7
2016-03-08,0,0,0
2016-03-07,0,0,0
2016-03-16,0,0,0
2016-03-01,0,0,0
2016-03-10,10,5,5
2016-03-10,11,5,6
2016-03-18,8,6,2
2016-03-24,15,8,7
2016-03-05,0,0,0
2016-03-08,8,0,8
2016-03-23,0,0,0
2016-03-27,3,2,1
2016-03-22,2,0,2
2016-03-01,0,0,0
2016-03-23,26,5,21
2016-03-27,1,1,0
2016-03-10,0,0,0
2016-03-10,9,9,0
2016-03-01,19,15,4
2016-03-04,6,4,2
2016-03-16,25,8,17
2016-03-13,0,0,0
2016-03-21,0,0,0
2016-03-30,0,0,0
2016-03-05,0,0,0
2016-03-23,7,5,2
2016-03-16,8,3,5
2016-03-05,2,2,0
2016-03-30,2,2,0
2016-03-20,5,4,1
2016-03-10,1,0,1
2016-03-11,10,6,4
2016-03-05,2,2,0
2016-03-16,7,1,6
2016-03-14,0,0,0
2016-03-27,0,0,0
2016-03-05,3,0,3
2016-03-29,35,2,33
2016-03-27,2,0,2
2016-03-24,2,0,2
2016-03-24,14,12,2
2016-03-01,8,4,4
2016-03-27,11,3,8
2016-03-12,7,2,5
2016-03-23,13,0,13
2016-03-15,36,24,12
2016-03-20,0,0,0
2016-03-05,20,10,10
2016-03-13,5,3,2
2016-03-16,22,13,9
2016-03-06,0,0,0
2016-03-07,30,12,18
2016-03-20,1,1,0
2016-03-14,27,18,9
2016-03-28,19,1,18
2016-03-15,0,0,0
2016-03-01,29,2,27
2016-03-26,0,0,0
2016-03-19,31,12,19
2016-03-28,11,0,11
2016-03-24,0,0,0
2016-03-21,7,4,3
2016-03-16,12,4,8
2016-03-31,31,20,11
2016-03-19,0,0,0
2016-03-19,0,0,0
2016-03-06,3,1,2
2016-03-05,6,3,3
2016-03-21,9,2,7
2016-03-08,0,0,0
2016-03-11,17,5,12
2016-03-16,43,33,10
2016-03-04,14,9,5
2016-03-21,8,4,4
2016-03-04,0,0,0
2016-03-18,2,0,2
2016-03-16,1,1,0
2016-03-28,0,0,0
2016-03-08,10,5,5
2016-03-13,7,5,2
2016-03-20,0,0,0
2016-03-31,0,0,0
2016-03-22,26,4,22
2016-03-22,12,4,8
2016-03-04,6,2,4
2016-03-01,15,4,11
2016-03-29,0,0,0
2016-03-24,6,0,6
2016-03-23,9,3,6
2016-03-02,10,2,8
2016-03-12,3,3,0
2016-03-10,26,19,7
2016-03-14,2,1,1
2016-03-15,2,0,2
2016-03-02,32,3,29
2016-03-03,0,0,0
2016-03-16,23,5,18
2016-03-15,0,0,0
2016-03-01,8,3,5
2016-03-25,16,3,13
2016-03-26,0,0,0
2016-03-11,7,2,5
2016-03-05,6,5,1
2016-03-12,5,2,3
2016-03-25,0,0,0
2016-03-02,17,3,14
2016-03-18,1,1,0
2016-03-07,7,4,3
2016-03-25,12,9,3
2016-03-13,0,0,0
2016-03-01,11,4,7
2016-03-12,10,3,7
2016-03-13,5,1,4
2016-03-09,25,4,21
2016-03-08,0,0,0
2016-03-06,2,0,2
2016-03-26,3,3,0
2016-03-30,6,4,2
2016-03-24,2,0,2
2016-03-19,5,2,3
2016-03-19,0,0,0
2016-03-15,36,33,3
2016-03-18,24,19,5
2016-03-17,0,0,0
2016-03-27,3,1,2
2016-03-29,41,31,10
2016-03-31,13,8,5
2016-03-12,1,1,0
2016-03-19,25,13,12
2016-03-11,0,0,0
2016-03-15,1,1,0
2016-03-09,0,0,0
2016-03-16,30,21,9
2016-03-07,0,0,0
2016-03-07,23,20,3
2016-03-03,11,10,1
2016-03-29,9,5,4
2016-03-28,18,13,5
2016-03-19,16,7,9
2016-03-05,11,3,8
2016-03-04,2,0,2
2016-03-17,13,10,3
2016-03-30,0,0,0
2016-03-12,1,1,0
2016-03-07,0,0,0
2016-03-29,0,0,0
2016-03-02,0,0,0
2016-03-20,10,5,5
2016-03-05,0,0,0
2016-03-04,20,13,7
2016-03-01,9,5,4
2016-03-27,1,0,1
2016-03-04,4,2,2
2016-03-28,33,27,6
2016-03-03,0,0,0
2016-03-30,14,4,10
2016-03-11,5,3,2
2016-03-14,16,4,12
2016-03-16,10,3,7
2016-03-30,43,36,7
2016-03-26,0,0,0
2016-03-13,,,
2016-03-11,7,4,3
2016-03-26,14,6,8
2016-03-23,0,0,0
2016-03-11,27,3,24
2016-03-22,10,10,0
2016-03-05,0,0,0
2016-03-24,6,3,3
2016-03-24,1,1,0
2016-03-21,16,5,11
2016-03-05,10,7,3
2016-03-26,2,1,1
2016-03-06,2,0,2
2016-03-28,9,5,4
2016-03-26,5,3,2
2016-03-12,10,2,8
2016-03-18,22,12,10
2016-03-05,0,0,0
2016-03-04,16,3,13
2016-03-14,19,14,5
2016-03-28,3,1,2
2016-03-22,13,3,10
2016-03-03,2,0,2
2016-03-07,1,1,0
2016-03-12,4,2,2
2016-03-23,23,4,19
2016-03-25,0,0,0
2016-03-29,23,9,14
2016-03-03,14,4,10
2016-03-09,0,0,0
2016-03-05,2,0,2
2016-03-10,0,0,0
2016-03-16,10,4,6
2016-03-25,0,0,0
2016-03-01,16,10,6
2016-03-18,19,13,6
2016-03-14,11,1,10
2016-03-06,5,3,2
2016-03-19,22,18,4
2016-03-06,11,1,10
2016-03-22,14,9,5
2016-03-04,0,0,0
2016-03-21,26,22,4
2016-03-13,0,0,0
2016-03-21,0,0,0
2016-03-19,1,1,0
2016-03-20,11,5,6
2016-03-02,10,6,4
2016-03-18,10,5,5
2016-03-26,6,1,5
2016-03-12,1,0,1
2016-03-19,7,1,6
2016-03-22,34,4,30
2016-03-01,16,1,15
2016-03-22,4,2,2
2016-03-04,36,28,8
2016-03-21,0,0,0
2016-03-17,12,12,0
2016-03-24,1,1,0
2016-03-26,2,0,2
2016-03-11,0,0,0
2016-03-18,0,0,0
2016-03-02,3,0,3
2016-03-07,22,17,5
2016-03-23,1,1,0
2016-03-22,1,1,0
2016-03-21,17,5,12
2016-03-14,12,8,4
2016-03-14,24,19,5
2016-03-04,11,3,8
2016-03-03,7,6,1
2016-03-24,16,15,1
2016-03-18,0,0,0
2016-03-04,23,6,17
2016-03-20,11,5,6
2016-03-09,2,1,1
2016-03-11,10,5,5
2016-03-04,0,0,0
2016-03-26,4,1,3
2016-03-17,24,11,13
2016-03-20,0,0,0
2016-03-04,21,13,8
2016-03-28,2,2,0
2016-03-16,1,1,0
2016-03-03,1,1,0
2016-03-29,5,4,1
2016-03-09,16,3,13
2016-03-04,12,2,10
2016-03-23,35,24,11
2016-03-01,6,2,4
2016-03-21,0,0,0
2016-03-11,20,3,17
2016-03-26,6,2,4
2016-03-31,2,0,2
2016-03-06,0,0,0
2016-03-10,11,3,8
2016-03-13,0,0,0
2016-03-10,8,3,5
2016-03-19,13,9,4
2016-03-19,3,1,2
2016-03-30,7,1,6
2016-03-23,5,2,3
2016-03-13,4,2,2
2016-03-25,2,0,2
2016-03-17,0,0,0
2016-03-26,2,1,1
2016-03-15,20,12,8
2016-03-03,9,5,4
2016-03-17,20,14,6
2016-03-27,0,0,0
2016-03-18,16,3,13
2016-03-19,21,13,8
2016-03-13,7,1,6
2016-03-10,1,0,1
2016-03-15,6,4,2
2016-03-20,8,3,5
2016-03-14,0,0,0
2016-03-17,32,26,6
2016-03-11,24,18,6
2016-03-28,0,0,0
2016-03-18,15,5,10
2016-03-13,6,5,1
2016-03-15,6,3,3
2016-03-30,24,2,22
2016-03-01,0,0,0
2016-03-31,15,12,3
2016-03-11,0,0,0
2016-03-08,21,13,8
2016-03-10,8,6,2
2016-03-11,13,3,10
2016-03-28,8,5,3
2016-03-21,7,2,5
2016-03-06,8,3,5
2016-03-24,16,2,14
2016-03-24,16,5,11
2016-03-21,7,0,7
2016-03-06,3,0,3
2016-03-20,1,1,0
2016-03-28,9,0,9
2016-03-16,10,1,9
2016-03-25,19,6,13
2016-03-06,0,0,0
2016-03-28,3,1,2
2016-03-16,1,0,1
2016-03-29,12,9,3
2016-03-02,11,6,5
2016-03-31,32,1,31
2016-03-19,0,0,0
2016-03-13,1,1,0
2016-03-16,8,6,2
2016-03-30,26,18,8
2016-03-30,13,6,7
2016-03-22,11,5,6
2016-03-13,2,0,2
2016-03-08,3,1,2
2016-03-02,3,3,0
2016-03-23,1,1,0
2016-03-11,3,1,2
2016-03-28,31,21,10
2016-03-17,10,0,10
2016-03-23,24,16,8
2016-03-03,0,0,0
2016-03-09,3,1,2
2016-03-25,18,1,17
2016-03-02,1,1,0
2016-03-25,0,0,0
2016-03-29,0,0,0
2016-03-27,0,0,0
2016-03-26,0,0,0
2016-03-06,1,0,1
2016-03-10,1,1,0
2016-03-20,16,9,7
2016-03-21,24,16,8
2016-03-17,0,0,0
2016-03-23,1,1,0
2016-03-13,4,2,2
2016-03-01,5,1,4
2016-03-23,13,9,4
2016-03-12,0,0,0
2016-03-20,4,2,2
2016-03-06,11,6,5
2016-03-17,46,37,9
2016-03-12,7,3,4
2016-03-11,0,0,0
2016-03-06,18,13,5
2016-03-12,24,11,13
2016-03-31,37,2,35
2016-03-10,9,1,8
2016-03-03,1,0,1
2016-03-13,17,8,9
2016-03-20,0,0,0
2016-03-12,2,2,0
2016-03-03,21,6,15
2016-03-01,21,3,18
2016-03-02,11,8,3
2016-03-21,1,0,1
2016-03-14,9,2,7
2016-03-02,19,15,4
2016-03-16,17,1,16
2016-03-12,0,0,0
2016-03-29,58,46,12
2016-03-25,32,23,9
2016-03-14,11,2,9
2016-03-08,13,6,7
2016-03-17,0,0,0
2016-03-09,1,1,0
2016-03-31,0,0,0
2016-03-07,14,2,12
2016-03-20,1,0,1
2016-03-07,1,0,1
2016-03-04,0,0,0
2016-03-25,21,8,13
2016-03-27,4,1,3
2016-03-20,0,0,0
2016-03-10,16,4,12
2016-03-07,12,1,11
2016-03-18,11,9,2
2016-03-22,10,4,6
2016-03-14,3,1,2
2016-03-03,24,2,22
2016-03-30,15,0,15
2016-03-30,1,1,0
2016-03-14,10,1,9
2016-03-12,0,0,0
2016-03-04,11,2,9
2016-03-11,0,0,0
2016-03-29,0,0,0
2016-03-22,5,2,3
2016-03-03,15,10,5
2016-03-08,0,0,0
2016-03-05,12,6,6
2016-03-29,16,9,7
2016-03-11,9,4,5
2016-03-23,12,2,10
2016-03-27,0,0,0
2016-03-12,0,0,0
2016-03-11,7,5,2
2016-03-19,7,4,3
2016-03-04,4,4,0
2016-03-27,0,0,0
2016-03-28,0,0,0
2016-03-05,3,1,2
2016-03-29,4,1,3
2016-03-31,16,1,15
2016-03-12,1,1,0
2016-03-24,1,1,0
2016-03-05,18,11,7
2016-03-07,6,4,2
2016-03-22,0,0,0
2016-03-09,8,2,6
2016-03-20,9,3,6
2016-03-22,6,5,1
2016-03-25,21,11,10
2016-03-29,19,2,17
2016-03-06,0,0,0
2016-03-26,23,13,10
2016-03-14,0,0,0
2016-03-11,12,1,11
2016-03-07,6,3,3
2016-03-31,18,7,11
2016-03-21,0,0,0
2016-03-27,3,3,0
2016-03-08,14,3,11
2016-03-17,9,4,5
2016-03-07,0,0,0
2016-04-20,2,2,0
2016-04-10,1,1,0
2016-04-21,14,9,5
2016-04-12,30,27,3
2016-04-01,0,0,0
2016-04-11,20,6,14
2016-04-10,0,0,0
2016-04-19,51,49,2
2016-04-02,16,2,14
2016-04-25,1,1,0
2016-04-28,0,0,0
2016-04-19,25,14,11
2016-04-23,22,14,8
2016-04-10,1,0,1
2016-04-09,4,1,3
2016-04-28,5,4,1
2016-04-24,0,0,0
2016-04-28,33,2,31
2016-04-07,30,17,13
2016-04-14,3,1,2
2016-04-06,9,5,4
2016-04-16,21,8,13
2016-04-25,1,0,1
2016-04-26,0,0,0
2016-04-11,2,0,2
2016-04-22,8,6,2
2016-04-16,15,4,11
2016-04-09,7,4,3
2016-04-28,2,0,2
2016-04-25,21,8,13
2016-04-23,23,8,15
2016-04-20,11,8,3
2016-04-08,1,1,0
2016-04-30,4,2,2
2016-04-08,0,0,0
2016-04-16,3,0,3
2016-04-11,0,0,0
2016-04-17,0,0,0
2016-04-15,0,0,0
2016-04-15,0,0,0
2016-04-14,16,14,2
2016-04-29,16,10,6
2016-04-01,26,2,24
2016-04-01,15,8,7
2016-04-20,26,17,9
2016-04-21,0,0,0
2016-04-18,16,6,10
2016-04-05,17,7,10
2016-04-07,19,11,8
2016-04-07,15,1,14
2016-04-11,0,0,0
2016-04-09,57,31,26
2016-04-10,2,1,1
2016-04-21,9,4,5
2016-04-27,0,0,0
2016-04-08,17,2,15
2016-04-14,16,9,7
2016-04-19,1,1,0
2016-04-09,29,11,18
2016-04-10,14,6,8
2016-04-15,6,3,3
2016-04-30,16,8,8
2016-04-01,34,20,14
2016-04-03,28,15,13
2016-04-17,5,5,0
2016-04-16,19,8,11
2016-04-11,41,31,10
2016-04-09,12,6,6
2016-04-08,20,17,3
2016-04-12,16,3,13
2016-04-22,11,8,3
2016-04-25,15,3,12
2016-04-05,10,6,4
2016-04-04,14,5,9
2016-04-17,10,3,7
2016-04-01,20,14,6
2016-04-18,0,0,0
2016-04-11,19,10,9
2016-04-22,9,7,2
2016-04-29,4,2,2
2016-04-30,23,12,11
2016-04-29,7,5,2
2016-04-27,22,8,14
2016-04-19,14,6,8
2016-04-16,9,5,4
2016-04-30,0,0,0
2016-04-27,32,22,10
2016-04-18,11,8,3
2016-04-16,8,5,3
2016-04-13,19,13,6
2016-04-29,19,1,18
2016-04-07,47,7,40
2016-04-26,0,0,0
2016-04-26,1,1,0
2016-04-28,0,0,0
2016-04-28,9,6,3
2016-04-23,3,3,0
2016-04-20,14,0,14
2016-04-03,5,2,3
2016-04-19,0,0,0
2016-04-20,11,2,9
2016-04-08,9,4,5
2016-04-06,27,1,26
2016-04-03,7,1,6
2016-04-20,13,8,5
2016-04-19,41,5,36
2016-04-18,1,1,0
2016-04-15,12,1,11
2016-04-02,0,0,0
2016-04-13,24,19,5
2016-04-22,9,6,3
2016-04-21,2,0,2
2016-04-28,4,3,1
2016-04-22,2,2,0
2016-04-15,22,0,22
2016-04-04,1,1,0
2016-04-08,23,4,19
2016-04-01,0,0,0
2016-04-14,29,18,11
2016-04-07,11,1,10
2016-04-12,1,1,0
2016-04-04,41,33,8
2016-04-01,11,6,5
2016-04-09,17,13,4
2016-04-26,40,38,2
2016-04-17,1,0,1
2016-04-25,0,0,0
2016-04-07,0,0,0
2016-04-26,15,2,13
2016-04-03,0,0,0
2016-04-30,30,20,10
2016-04-03,13,10,3
2016-04-19,0,0,0
2016-04-09,26,6,20
2016-04-06,1,1,0
2016-04-21,46,37,9
2016-04-07,1,0,1
2016-04-05,16,11,5
2016-04-14,13,3,10
2016-04-23,26,5,21
2016-04-21,24,18,6
2016-04-08,16,3,13
2016-04-12,22,9,13
2016-04-12,2,1,1
2016-04-21,0,0,0
2016-04-17,23,9,14
2016-04-21,1,1,0
2016-04-06,11,6,5
2016-04-13,0,0,0
2016-04-04,13,4,9
2016-04-20,3,3,0
2016-04-25,23,3,20
2016-04-02,14,8,6
2016-04-18,6,5,1
2016-04-09,9,6,3
2016-04-30,0,0,0
2016-04-02,3,3,0
2016-04-05,2,0,2
2016-04-15,22,2,20
2016-04-23,14,4,10
2016-04-25,2,0,2
2016-04-09,2,2,0
2016-04-15,2,0,2
2016-04-24,3,0,3
2016-04-26,12,4,8
2016-04-05,7,5,2
2016-04-18,9,2,7
2016-04-01,16,3,13
2016-04-21,8,6,2
2016-04-20,0,0,0
2016-04-15,0,0,0
2016-04-24,6,3,3
2016-04-07,0,0,0
2016-04-30,0,0,0
2016-04-14,37,27,10
2016-04-14,13,4,9
2016-04-24,0,0,0
2016-04-25,12,4,8
2016-04-17,16,13,3
2016-04-30,9,7,2
2016-04-23,2,2,0
2016-04-18,12,6,6
2016-04-16,23,13,10
2016-04-11,1,1,0
2016-04-19,29,18,11
2016-04-05,49,41,8
2016-04-21,33,20,13
2016-04-18,34,2,32
2016-04-15,7,4,3
2016-04-28,1,1,0
2016-04-23,1,0,1
2016-04-21,3,1,2
2016-04-25,2,2,0
2016-04-03,0,0,0
2016-04-15,10,7,3
2016-04-20,46,37,9
2016-04-20,0,0,0
2016-04-25,38,27,11
2016-04-29,0,0,0
2016-04-23,10,1,9
2016-04-29,21,4,17
2016-04-05,7,5,2
2016-04-15,8,0,8
2016-04-25,7,6,1
2016-04-04,18,6,12
2016-04-16,0,0,0
2016-04-01,21,8,13
2016-04-03,44,17,27
2016-04-11,1,1,0
2016-04-01,20,2,18
2016-04-04,4,4,0
2016-04-06,2,1,1
2016-04-30,23,13,10
2016-04-28,4,2,2
2016-04-22,34,28,6
2016-04-27,22,20,2
2016-04-15,13,3,10
2016-04-16,18,13,5
2016-04-21,15,8,7
2016-04-03,2,0,2
2016-04-15,4,2,2
2016-04-09,0,0,0
2016-04-17,23,13,10
2016-04-15,44,37,7
2016-04-18,39,34,5
2016-04-08,16,10,6
2016-04-07,0,0,0
2016-04-08,58,44,14
2016-04-14,0,0,0
2016-04-18,0,0,0
2016-04-21,0,0,0
2016-04-23,16,11,5
2016-04-29,0,0,0
2016-04-27,5,1,4
2016-04-19,29,2,27
2016-04-02,0,0,0
2016-04-17,25,11,14
2016-04-07,32,0,32
2016-04-17,0,0,0
2016-04-13,35,32,3
2016-04-03,21,11,10
2016-04-26,0,0,0
2016-04-20,27,19,8
2016-04-30,12,8,4
2016-04-04,17,10,7
2016-04-29,19,13,6
2016-04-02,19,12,7
2016-04-06,39,34,5
2016-04-14,5,1,4
2016-04-24,4,2,2
2016-04-02,6,5,1
2016-04-15,19,12,7
2016-04-21,40,6,34
2016-04-30,18,9,9
2016-04-24,2,2,0
2016-04-24,2,1,1
2016-04-30,0,0,0
2016-04-08,0,0,0
2016-04-09,4,0,4
2016-04-10,0,0,0
2016-04-16,4,1,3
2016-04-26,32,1,31
2016-04-03,46,15,31
2016-04-25,11,6,5
2016-04-26,0,0,0
2016-04-11,7,3,4
2016-04-06,0,0,0
2016-04-22,12,7,5
2016-04-25,26,2,24
2016-04-24,2,2,0
2016-04-17,7,1,6
2016-04-24,5,1,4
2016-04-22,2,0,2
2016-04-16,1,1,0
2016-04-25,23,17,6
2016-04-05,0,0,0
2016-04-13,1,1,0
2016-04-25,16,7,9
2016-04-25,0,0,0
2016-04-20,10,7,3
2016-04-12,0,0,0
2016-04-13,19,17,2
2016-04-05,12,1,11
2016-04-10,2,2,0
2016-04-26,17,9,8
2016-04-09,6,6,0
2016-04-12,5,3,2
2016-04-20,0,0,0
2016-04-08,10,4,6
2016-04-28,43,4,39
2016-04-23,19,14,5
2016-04-03,16,9,7
2016-04-16,13,7,6
2016-04-18,0,0,0
2016-04-26,46,7,39
2016-04-16,0,0,0
2016-04-17,17,11,6
2016-04-20,7,6,1
2016-04-09,22,10,12
2016-04-23,9,5,4
2016-04-21,34,6,28
2016-04-08,0,0,0
2016-04-15,8,5,3
2016-04-13,7,5,2
2016-04-27,0,0,0
2016-04-25,15,14,1
2016-04-18,0,0,0
2016-04-10,10,7,3
2016-04-19,7,5,2
2016-04-02,0,0,0
2016-04-29,13,3,10
2016-04-12,2,2,0
2016-04-21,18,3,15
2016-04-01,0,0,0
2016-04-07,3,3,0
2016-04-10,1,0,1
2016-04-13,12,0,12
2016-04-27,0,0,0
2016-04-09,15,3,12
2016-04-29,15,11,4
2016-04-23,0,0,0
2016-04-10,12,3,9
2016-04-13,0,0,0
2016-04-23,13,5,8
2016-04-16,13,7,6
2016-04-27,1,1,0
2016-04-22,2,2,0
2016-04-18,51,41,10
2016-04-15,0,0,0
2016-04-11,15,2,13
2016-04-12,2,0,2
2016-04-14,12,0,12
2016-04-22,9,2,7
2016-04-02,0,0,0
2016-04-14,13,3,10
2016-04-18,34,23,11
2016-04-24,5,3,2
2016-04-28,39,33,6
2016-04-22,0,0,0
2016-04-30,19,10,9
2016-04-24,8,5,3
2016-04-14,0,0,0
2016-04-29,13,3,10
2016-04-05,1,1,0
2016-04-04,0,0,0
2016-04-25,16,11,5
2016-04-08,7,5,2
2016-04-06,15,15,0
2016-04-13,9,5,4
2016-04-07,22,15,7
2016-04-26,11,4,7
2016-04-21,43,31,12
2016-04-22,24,0,24
2016-04-12,22,2,20
2016-04-15,15,4,11
2016-04-20,39,8,31
2016-04-08,23,21,2
2016-04-05,17,1,16
2016-04-26,14,8,6
2016-04-25,42,34,8
2016-04-07,14,7,7
2016-04-24,3,1,2
2016-04-21,0,0,0
2016-04-26,16,7,9
2016-04-23,0,0,0
2016-04-30,0,0,0
2016-04-26,21,13,8
2016-04-27,39,5,34
2016-04-07,1,1,0
2016-04-01,15,9,6
2016-04-06,6,6,0
2016-04-07,19,13,6
2016-04-29,1,1,0
2016-04-08,46,32,14
2016-04-17,19,14,5
2016-04-24,2,0,2
2016-04-02,0,0,0
2016-04-09,10,3,7
2016-04-26,8,6,2
2016-04-29,4,2,2
2016-04-15,1,1,0
2016-04-14,28,3,25
2016-04-04,20,0,20
2016-04-22,3,0,3
2016-04-10,14,7,7
2016-04-26,3,3,0
2016-04-14,0,0,0
2016-04-10,5,0,5
2016-04-29,2,1,1
2016-04-26,0,0,0
2016-04-22,0,0,0
2016-04-27,17,13,4
2016-04-27,13,1,12
2016-04-22,13,2,11
2016-04-02,5,0,5
2016-04-17,23,8,15
2016-04-18,27,22,5
2016-04-11,0,0,0
2016-04-01,3,3,0
2016-04-30,0,0,0
2016-04-24,6,3,3
2016-04-08,16,10,6
2016-04-14,17,1,16
2016-04-27,2,2,0
2016-04-24,0,0,0
2016-04-18,2,2,0
2016-04-27,3,0,3
2016-04-10,12,2,10
2016-04-11,10,4,6
2016-04-12,16,2,14
2016-04-12,22,3,19
2016-04-12,0,0,0
2016-04-11,19,0,19
2016-04-10,1,1,0
2016-04-22,14,1,13
2016-04-22,0,0,0
2016-04-27,11,3,8
2016-04-03,25,14,11
2016-04-08,0,0,0
2016-04-18,41,1,40
2016-04-19,12,1,11
2016-04-28,14,0,14
2016-04-02,21,14,7
2016-04-10,5,0,5
2016-04-29,0,0,0
2016-04-24,4,3,1
2016-04-04,0,0,0
2016-04-29,11,3,8
2016-04-21,24,22,2
2016-04-15,17,16,1
2016-04-23,22,11,11
2016-04-18,15,5,10
2016-04-13,1,1,0
2016-04-24,6,3,3
2016-04-27,0,0,0
2016-04-04,30,17,13
2016-04-26,7,5,2
2016-04-19,0,0,0
2016-04-10,0,0,0
2016-04-20,59,45,14
2016-04-16,14,7,7
2016-04-14,10,4,6
2016-04-04,0,0,0
2016-04-05,17,1,16
2016-04-18,23,0,23
2016-04-04,16,3,13
2016-04-04,3,2,1
2016-04-28,16,2,14
2016-04-03,25,16,9
2016-04-09,0,0,0
2016-04-03,4,0,4
2016-04-28,24,16,8
2016-04-03,0,0,0
2016-04-11,7,7,0
2016-04-14,12,7,5
2016-04-03,0,0,0
2016-04-05,9,1,8
2016-04-02,20,10,10
2016-04-02,19,7,12
2016-04-07,57,46,11
2016-04-20,10,5,5
2016-04-26,3,0,3
2016-04-23,20,10,10
2016-04-18,2,0,2
2016-04-28,47,37,10
2016-04-19,29,18,11
2016-04-04,0,0,0
2016-04-13,4,3,1
2016-04-08,5,5,0
2016-04-11,13,12,1
2016-04-09,28,18,10
2016-04-09,30,11,19
2016-04-16,0,0,0
2016-04-07,15,4,11
2016-04-11,11,8,3
2016-04-11,3,1,2
2016-04-27,13,10,3
2016-04-17,12,4,8
2016-04-22,1,1,0
2016-04-01,7,3,4
2016-04-12,26,23,3
2016-04-26,39,5,34
2016-04-22,0,0,0
2016-04-02,24,12,12
2016-04-10,19,13,6
2016-04-30,2,2,0
2016-04-16,11,5,6
2016-04-25,2,1,1
2016-04-06,0,0,0
2016-04-23,2,2,0
2016-04-13,9,5,4
2016-04-22,38,30,8
2016-04-01,15,3,12
2016-04-01,26,20,6
2016-04-07,26,8,18
2016-04-03,38,2,36
2016-04-12,0,0,0
2016-04-22,22,5,17
2016-04-05,0,0,0
2016-04-24,7,2,5
2016-04-12,10,7,3
2016-04-06,0,0,0
2016-04-29,0,0,0
2016-04-28,0,0,0
2016-04-26,33,29,4
2016-04-05,0,0,0
2016-04-04,11,10,1
2016-04-09,1,1,0
2016-04-18,0,0,0
2016-04-28,0,0,0
2016-04-13,13,4,9
2016-04-17,0,0,0
2016-04-11,25,25,0
2016-04-06,22,6,16
2016-04-27,16,8,8
2016-04-02,5,1,4
2016-04-17,2,0,2
2016-04-10,10,7,3
2016-04-08,35,4,31
2016-04-29,10,5,5
2016-04-22,15,11,4
2016-04-01,5,0,5
2016-04-03,0,0,0
2016-04-13,10,5,5
2016-04-20,18,2,16
2016-04-20,21,14,7
2016-04-17,0,0,0
2016-04-05,0,0,0
2016-04-12,14,12,2
2016-04-19,8,1,7
2016-04-05,38,4,34
2016-04-08,18,4,14
2016-04-19,56,40,16
2016-04-13,0,0,0
2016-04-02,13,5,8
2016-04-01,16,0,16
2016-04-05,20,14,6
2016-04-01,17,12,5
2016-04-04,5,3,2
2016-04-27,37,33,4
2016-04-18,9,4,5
2016-04-27,27,7,20
2016-04-02,21,12,9
2016-04-24,2,0,2
2016-04-24,2,2,0
2016-04-15,0,0,0
2016-04-06,51,2,49
2016-04-06,3,3,0
2016-04-20,3,0,3
2016-04-17,15,4,11
2016-04-23,0,0,0
2016-04-28,41,23,18
2016-04-07,1,1,0
2016-04-17,15,5,10
2016-04-29,53,37,16
2016-04-11,7,3,4
2016-04-15,27,1,26
2016-04-22,10,2,8
2016-04-04,34,28,6
2016-04-01,0,0,0
2016-04-25,0,0,0
2016-04-23,0,0,0
2016-04-03,0,0,0
2016-04-05,7,5,2
2016-04-30,3,0,3
2016-04-20,46,4,42
2016-04-30,0,0,0
2016-04-11,26,1,25
2016-04-11,9,4,5
2016-04-12,0,0,0
2016-04-23,14,7,7
2016-04-19,42,5,37
2016-04-06,32,4,28
2016-04-04,19,3,16
2016-04-12,12,3,9
2016-04-17,0,0,0
2016-04-25,15,1,14
2016-04-20,0,0,0
2016-04-03,19,15,4
2016-04-09,5,5,0
2016-04-02,6,2,4
2016-04-05,30,5,25
2016-04-19,10,2,8
2016-04-19,8,5,3
2016-04-15,11,5,6
2016-04-04,1,1,0
2016-04-06,13,0,13
2016-04-23,2,2,0
2016-04-21,7,3,4
2016-04-14,1,1,0
2016-04-01,0,0,0
2016-04-08,0,0,0
2016-04-07,5,4,1
2016-04-24,0,0,0
2016-04-07,20,4,16
2016-04-16,0,0,0
2016-04-25,0,0,0
2016-04-13,0,0,0
2016-04-14,12,11,1
2016-04-29,27,9,18
2016-04-10,10,8,2
2016-04-19,0,0,0
2016-04-11,0,0,0
2016-04-19,0,0,0
2016-04-02,35,25,10
2016-04-10,25,8,17
2016-04-28,26,4,22
2016-04-03,18,14,4
2016-04-04,9,0,9
2016-04-19,11,6,5
2016-04-16,5,1,4
2016-04-08,11,7,4
2016-04-06,27,17,10
2016-04-02,3,2,1
2016-04-13,29,2,27
2016-04-21,48,4,44
2016-04-27,8,2,6
2016-04-17,26,15,11
2016-04-30,18,9,9
2016-04-16,1,0,1
2016-04-13,25,2,23
2016-04-01,0,0,0
2016-04-27,0,0,0
2016-04-01,21,4,17
2016-04-04,29,6,23
2016-04-06,12,3,9
2016-04-26,23,17,6
2016-04-07,26,18,8
2016-04-28,4,2,2
2016-04-21,2,2,0
2016-04-09,3,2,1
2016-04-10,11,6,5
2016-04-25,17,7,10
2016-04-03,12,0,12
2016-04-02,21,9,12
2016-04-30,1,1,0
2016-04-13,9,6,3
2016-04-30,7,3,4
2016-04-18,17,0,17
2016-04-03,1,1,0
2016-04-12,10,4,6
2016-04-12,4,3,1
2016-04-01,48,37,11
2016-04-13,0,0,0
2016-04-07,0,0,0
2016-04-13,17,3,14
2016-04-06,0,0,0
2016-04-20,0,0,0
2016-04-16,2,0,2
2016-04-16,16,5,11
2016-04-02,0,0,0
2016-04-24,0,0,0
2016-04-27,15,4,11
2016-04-05,0,0,0
2016-04-06,68,50,18
2016-04-10,2,0,2
2016-04-29,6,1,5
2016-04-14,0,0,0
2016-04-10,15,7,8
2016-04-02,20,8,12
2016-04-15,0,0,0
2016-04-05,44,32,12
2016-04-30,9,1,8
2016-04-06,0,0,0
2016-04-21,15,9,6
2016-04-20,24,7,17
2016-04-23,8,5,3
2016-04-05,11,4,7
2016-04-28,16,13,3
2016-04-07,46,34,12
2016-04-28,16,1,15
2016-04-13,2,0,2
2016-04-18,15,9,6
2016-04-28,2,0,2
2016-04-19,0,0,0
2016-04-27,32,26,6
2016-04-17,1,1,0
2016-04-12,6,6,0
2016-04-16,12,7,5
2016-04-19,15,12,3
2016-04-21,21,2,19
2016-04-04,0,0,0
2016-04-11,10,4,6
2016-04-28,10,5,5
2016-04-30,18,6,12
2016-04-06,18,7,11
2016-04-17,0,0,0
2016-04-26,21,1,20
2016-04-22,40,8,32
2016-04-08,10,2,8
2016-04-16,8,4,4
2016-04-24,0,0,0
2016-04-11,0,0,0
2016-04-19,17,1,16
2016-04-09,0,0,0
2016-04-14,0,0,0
2016-04-13,8,4,4
2016-04-12,0,0,0
2016-04-14,5,5,0
2016-04-23,0,0,0
2016-04-06,11,5,6
2016-04-09,0,0,0
2016-04-05,1,1,0
2016-04-12,16,5,11
2016-04-17,24,10,14
2016-04-03,17,9,8
2016-04-27,36,2,34
2016-04-14,27,19,8
2016-04-09,19,11,8
2016-04-14,1,0,1
2016-04-08,2,0,2
2016-04-29,10,4,6
2016-04-30,15,6,9
2016-04-04,0,0,0
2016-04-29,14,0,14
2016-04-10,9,4,5
2016-04-29,41,27,14
2016-04-06,11,7,4
2016-04-23,5,1,4
2016-04-24,2,0,2
2016-05-11,28,18,10
2016-05-15,6,0,6
2016-05-14,5,3,2
2016-05-23,15,2,13
2016-05-28,11,8,3
2016-05-30,0,0,0
2016-05-27,4,4,0
2016-05-26,8,5,3
2016-05-10,2,2,0
2016-05-09,18,7,11
2016-05-26,9,1,8
2016-05-07,0,0,0
2016-05-19,7,4,3
2016-05-28,2,0,2
2016-05-24,20,3,17
2016-05-11,0,0,0
2016-05-11,60,9,51
2016-05-22,0,0,0
2016-05-29,2,2,0
2016-05-30,37,23,14
2016-05-11,0,0,0
2016-05-26,0,0,0
2016-05-25,9,1,8
2016-05-10,1,1,0
2016-05-13,10,6,4
2016-05-05,1,1,0
2016-05-26,25,21,4
2016-05-17,20,5,15
2016-05-09,1,1,0
2016-05-24,18,13,5
2016-05-20,0,0,0
2016-05-29,0,0,0
2016-05-25,1,1,0
2016-05-11,36,26,10
2016-05-27,15,11,4
2016-05-23,7,3,4
2016-05-31,1,1,0
2016-05-27,0,0,0
2016-05-10,35,20,15
2016-05-09,32,19,13
2016-05-29,6,3,3
2016-05-22,0,0,0
2016-05-22,29,12,17
2016-05-11,9,7,2
2016-05-07,18,14,4
2016-05-09,15,11,4
2016-05-30,0,0,0
2016-05-18,1,0,1
2016-05-03,13,5,8
2016-05-27,24,21,3
2016-05-23,9,6,3
2016-05-01,3,3,0
2016-05-27,0,0,0
2016-05-01,18,14,4
2016-05-14,14,5,9
2016-05-12,19,2,17
2016-05-22,13,8,5
2016-05-03,21,16,5
2016-05-14,23,6,17
2016-05-14,9,2,7
2016-05-30,0,0,0
2016-05-01,1,0,1
2016-05-01,24,10,14
2016-05-14,0,0,0
2016-05-03,17,1,16
2016-05-01,15,11,4
2016-05-29,8,2,6
2016-05-18,49,35,14
2016-05-08,0,0,0
2016-05-02,0,0,0
2016-05-10,7,2,5
2016-05-30,16,8,8
2016-05-02,26,1,25
2016-05-05,33,25,8
2016-05-24,0,0,0
2016-05-14,15,9,6
2016-05-29,4,0,4
2016-05-03,0,0,0
2016-05-10,23,4,19
2016-05-15,2,0,2
2016-05-11,15,7,8
2016-05-17,25,12,13
2016-05-17,1,0,1
2016-05-04,37,6,31
2016-05-01,2,0,2
2016-05-21,4,3,1
2016-05-04,0,0,0
2016-05-15,5,5,0
2016-05-07,2,2,0
2016-05-07,6,3,3
2016-05-30,4,4,0
2016-05-16,14,0,14
2016-05-26,7,4,3
2016-05-23,0,0,0
2016-05-03,3,3,0
2016-05-02,1,1,0
2016-05-05,18,7,11
2016-05-14,7,0,7
2016-05-22,3,0,3
2016-05-09,57,4,53
2016-05-31,2,0,2
2016-05-16,4,4,0
2016-05-10,22,14,8
2016-05-25,23,16,7
2016-05-25,20,3,17
2016-05-19,0,0,0
2016-05-05,4,1,3
2016-05-18,33,3,30
2016-05-20,29,9,20
2016-05-11,47,41,6
2016-05-31,8,6,2
2016-05-13,5,2,3
2016-05-08,21,12,9
2016-05-26,42,34,8
2016-05-16,3,0,3
2016-05-17,42,1,41
2016-05-02,47,42,5
2016-05-10,9,2,7
2016-05-31,34,22,12
2016-05-02,16,11,5
2016-05-16,11,7,4
2016-05-05,21,17,4
2016-05-27,16,13,3
2016-05-24,25,3,22
2016-05-31,4,2,2
2016-05-25,0,0,0
2016-05-08,12,3,9
2016-05-20,13,11,2
2016-05-21,0,0,0
2016-05-30,3,2,1
2016-05-04,38,17,21
2016-05-01,0,0,0
2016-05-04,0,0,0
2016-05-15,13,7,6
2016-05-15,8,0,8
2016-05-03,12,5,7
2016-05-30,23,8,15
2016-05-18,33,3,30
2016-05-22,3,2,1
2016-05-19,11,0,11
2016-05-22,1,1,0
2016-05-16,18,13,5
2016-05-15,16,9,7
2016-05-19,9,2,7
2016-05-03,20,18,2
2016-05-25,11,4,7
2016-05-24,1,1,0
2016-05-30,23,14,9
2016-05-29,3,0,3
2016-05-12,40,1,39
2016-05-18,7,4,3
2016-05-16,9,3,6
2016-05-14,0,0,0
2016-05-13,24,4,20
2016-05-26,32,2,30
2016-05-10,11,2,9
2016-05-22,32,7,25
2016-05-14,0,0,0
2016-05-29,2,0,2
2016-05-09,0,0,0
2016-05-11,9,5,4
2016-05-20,0,0,0
2016-05-11,9,4,5
2016-05-26,20,2,18
2016-05-25,32,23,9
2016-05-26,1,1,0
2016-05-05,0,0,0
2016-05-04,5,4,1
2016-05-20,8,7,1
2016-05-24,15,8,7
2016-05-16,26,4,22
2016-05-20,42,5,37
2016-05-07,12,1,11
2016-05-17,24,4,20
2016-05-28,0,0,0
2016-05-09,19,9,10
2016-05-13,3,0,3
2016-05-11,44,29,15
2016-05-10,0,0,0
2016-05-18,9,6,3
2016-05-25,8,2,6
2016-05-23,8,6,2
2016-05-29,5,2,3
2016-05-08,2,2,0
2016-05-21,0,0,0
2016-05-26,5,3,2
2016-05-29,0,0,0
2016-05-12,13,7,6
2016-05-24,0,0,0
2016-05-23,41,31,10
2016-05-01,2,2,0
2016-05-05,19,1,18
2016-05-03,37,2,35
2016-05-09,7,3,4
2016-05-04,21,1,20
2016-05-18,15,0,15
2016-05-12,40,6,34
2016-05-19,17,9,8
2016-05-26,6,3,3
2016-05-28,0,0,0
2016-05-30,0,0,0
2016-05-24,2,2,0
2016-05-28,8,4,4
2016-05-24,47,38,9
2016-05-22,0,0,0
2016-05-25,0,0,0
2016-05-13,49,6,43
2016-05-03,2,2,0
2016-05-25,39,4,35
2016-05-06,1,1,0
2016-05-20,20,7,13
2016-05-20,10,5,5
2016-05-13,1,0,1
2016-05-07,1,1,0
2016-05-20,20,4,16
2016-05-30,20,14,6
2016-05-31,9,3,6
2016-05-06,0,0,0
2016-05-22,0,0,0
2016-05-04,6,5,1
2016-05-09,26,0,26
2016-05-13,42,6,36
2016-05-15,18,10,8
2016-05-13,15,10,5
2016-05-27,27,16,11
2016-05-16,0,0,0
2016-05-21,6,1,5
2016-05-26,29,2,27
2016-05-21,0,0,0
2016-05-05,24,5,19
2016-05-21,7,5,2
2016-05-29,4,2,2
2016-05-12,16,10,6
2016-05-28,6,4,2
2016-05-02,12,9,3
2016-05-14,3,3,0
2016-05-09,0,0,0
2016-05-20,10,6,4
2016-05-19,19,14,5
2016-05-15,12,7,5
2016-05-29,21,7,14
2016-05-06,28,19,9
2016-05-16,15,4,11
2016-05-10,0,0,0
2016-05-04,13,5,8
2016-05-09,0,0,0
2016-05-24,14,11,3
2016-05-17,6,4,2
2016-05-24,0,0,0
2016-05-27,4,1,3
2016-05-25,12,0,12
2016-05-26,5,5,0
2016-05-22,2,0,2
2016-05-15,0,0,0
2016-05-01,1,1,0
2016-05-10,47,1,46
2016-05-09,67,55,12
2016-05-16,9,1,8
2016-05-27,21,2,19
2016-05-13,0,0,0
2016-05-07,27,11,16
2016-05-15,0,0,0
2016-05-06,24,3,21
2016-05-02,22,9,13
2016-05-08,1,0,1
2016-05-05,10,1,9
2016-05-02,14,8,6
2016-05-08,0,0,0
2016-05-18,1,1,0
2016-05-19,1,1,0
2016-05-08,10,9,1
2016-05-27,0,0,0
2016-05-26,0,0,0
2016-05-27,0,0,0
2016-05-16,0,0,0
2016-05-27,0,0,0
2016-05-13,35,30,5
2016-05-13,18,10,8
2016-05-13,0,0,0
2016-05-31,0,0,0
2016-05-07,2,2,0
2016-05-22,14,7,7
2016-05-14,11,6,5
2016-05-29,1,1,0
2016-05-24,52,40,12
2016-05-07,20,11,9
2016-05-12,34,4,30
2016-05-23,0,0,0
2016-05-27,17,3,14
2016-05-23,15,12,3
2016-05-06,41,3,38
2016-05-08,0,0,0
2016-05-11,0,0,0
2016-05-03,19,2,17
2016-05-23,34,4,30
2016-05-12,0,0,0
2016-05-05,0,0,0
2016-05-05,53,6,47
2016-05-18,7,7,0
2016-05-04,22,8,14
2016-05-02,21,4,17
2016-05-01,5,5,0
2016-05-05,1,1,0
2016-05-14,0,0,0
2016-05-23,40,29,11
2016-05-06,16,7,9
2016-05-21,1,0,1
2016-05-29,3,2,1
2016-05-01,22,13,9
2016-05-28,0,0,0
2016-05-25,0,0,0
2016-05-15,7,5,2
2016-05-09,52,47,5
2016-05-03,2,0,2
2016-05-01,9,4,5
2016-05-27,0,0,0
2016-05-15,9,6,3
2016-05-06,3,0,3
2016-05-28,0,0,0
2016-05-12,0,0,0
2016-05-26,0,0,0
2016-05-25,41,33,8
2016-05-20,23,15,8
2016-05-23,22,20,2
2016-05-25,9,3,6
2016-05-27,0,0,0
2016-05-06,2,2,0
2016-05-30,19,8,11
2016-05-08,14,8,6
2016-05-13,0,0,0
2016-05-19,0,0,0
2016-05-14,0,0,0
2016-05-31,9,5,4
2016-05-08,10,2,8
2016-05-29,9,2,7
2016-05-16,36,27,9
2016-05-25,2,2,0
2016-05-01,0,0,0
2016-05-03,21,4,17
2016-05-02,21,8,13
2016-05-31,38,6,32
2016-05-20,12,4,8
2016-05-26,12,5,7
2016-05-15,6,2,4
2016-05-13,18,13,5
2016-05-12,49,37,12
2016-05-07,29,6,23
2016-05-02,0,0,0
2016-05-17,7,7,0
2016-05-20,0,0,0
2016-05-19,2,0,2
2016-05-10,0,0,0
2016-05-14,12,5,7
2016-05-24,48,6,42
2016-05-10,1,1,0
2016-05-07,2,2,0
2016-05-14,23,3,20
2016-05-04,8,3,5
2016-05-18,0,0,0
2016-05-28,2,0,2
2016-05-21,2,0,2
2016-05-08,1,1,0
2016-05-13,7,4,3
2016-05-23,0,0,0
2016-05-14,12,1,11
2016-05-05,7,2,5
2016-05-13,40,29,11
2016-05-11,8,3,5
2016-05-08,0,0,0
2016-05-04,1,0,1
2016-05-15,3,0,3
2016-05-05,7,4,3
2016-05-14,13,7,6
2016-05-28,0,0,0
2016-05-30,16,11,5
2016-05-24,15,8,7
2016-05-07,0,0,0
2016-05-09,2,0,2
2016-05-21,7,0,7
2016-05-05,0,0,0
2016-05-28,1,0,1
2016-05-19,14,2,12
2016-05-17,47,38,9
2016-05-07,8,0,8
2016-05-06,8,5,3
2016-05-29,18,16,2
2016-05-21,14,12,2
2016-05-12,3,3,0
2016-05-19,0,0,0
2016-05-07,28,16,12
2016-05-20,40,29,11
2016-05-31,0,0,0
2016-05-02,31,24,7
2016-05-13,16,7,9
2016-05-15,6,3,3
2016-05-24,24,17,7
2016-05-12,42,34,8
2016-05-26,39,6,33
2016-05-01,18,13,5
2016-05-08,9,4,5
2016-05-28,10,5,5
2016-05-04,44,33,11
2016-05-04,0,0,0
2016-05-28,0,0,0
2016-05-10,56,54,2
2016-05-11,1,0,1
2016-05-03,2,2,0
2016-05-07,6,3,3
2016-05-30,4,3,1
2016-05-20,19,14,5
2016-05-27,28,17,11
2016-05-16,36,0,36
2016-05-21,10,3,7
2016-05-16,17,1,16
2016-05-04,1,1,0
2016-05-14,2,0,2
2016-05-11,5,3,2
2016-05-08,12,10,2
2016-05-14,14,8,6
2016-05-21,7,6,1
2016-05-28,10,7,3
2016-05-26,20,15,5
2016-05-29,6,6,0
2016-05-08,13,3,10
2016-05-29,7,4,3
2016-05-18,18,13,5
2016-05-29,4,3,1
2016-05-01,21,14,7
2016-05-25,10,4,6
2016-05-30,0,0,0
2016-05-31,15,1,14
2016-05-08,11,4,7
2016-05-24,31,17,14
2016-05-18,0,0,0
2016-05-14,0,0,0
2016-05-27,25,6,19
2016-05-02,0,0,0
2016-05-22,28,16,12
2016-05-31,16,3,13
2016-05-07,6,2,4
2016-05-12,9,4,5
2016-05-30,21,4,17
2016-05-19,3,1,2
2016-05-07,34,15,19
2016-05-18,22,14,8
2016-05-09,0,0,0
2016-05-31,23,20,3
2016-05-02,46,6,40
2016-05-17,18,14,4
2016-05-25,44,38,6
2016-05-22,5,0,5
2016-05-18,3,3,0
2016-05-29,0,0,0
2016-05-15,15,9,6
2016-05-18,0,0,0
2016-05-03,0,0,0
2016-05-29,7,4,3
2016-05-17,23,21,2
2016-05-24,22,3,19
2016-05-06,0,0,0
2016-05-11,1,1,0
2016-05-02,0,0,0
2016-05-06,0,0,0
2016-05-06,31,9,22
2016-05-13,4,2,2
2016-05-03,15,9,6
2016-05-30,1,1,0
2016-05-25,0,0,0
2016-05-21,3,1,2
2016-05-26,9,6,3
2016-05-12,1,1,0
2016-05-10,4,2,2
2016-05-22,10,4,6
2016-05-28,7,2,5
2016-05-11,28,10,18
2016-05-20,3,2,1
2016-05-02,21,16,5
2016-05-17,17,5,12
2016-05-31,48,35,13
2016-05-05,3,0,3
2016-05-24,6,6,0
2016-05-16,37,27,10
2016-05-15,0,0,0
2016-05-19,4,2,2
2016-05-06,10,5,5
2016-05-09,4,4,0
2016-05-29,4,0,4
2016-05-20,13,4,9
2016-05-27,21,13,8
2016-05-30,1,0,1
2016-05-25,7,4,3
2016-05-19,11,8,3
2016-05-23,3,3,0
2016-05-02,4,4,0
2016-05-16,12,10,2
2016-05-31,10,5,5
2016-05-01,6,6,0
2016-05-18,11,5,6
2016-05-22,14,8,6
2016-05-31,27,7,20
2016-05-17,0,0,0
2016-05-19,30,3,27
2016-05-03,15,12,3
2016-05-03,0,0,0
2016-05-09,0,0,0
2016-05-14,8,4,4
2016-05-12,28,15,13
2016-05-16,44,34,10
2016-05-30,7,0,7
2016-05-27,26,2,24
2016-05-17,2,0,2
2016-05-12,26,24,2
2016-05-12,5,1,4
2016-05-08,0,0,0
2016-05-19,39,35,4
2016-05-20,0,0,0
2016-05-10,3,0,3
2016-05-30,30,17,13
2016-05-23,3,3,0
2016-05-06,0,0,0
2016-05-26,0,0,0
2016-05-18,19,3,16
2016-05-09,22,0,22
2016-05-11,17,10,7
2016-05-29,3,3,0
2016-05-25,20,10,10
2016-05-17,12,10,2
2016-05-08,5,5,0
2016-05-28,13,8,5
2016-05-12,18,1,17
2016-05-16,12,7,5
2016-05-21,13,2,11
2016-05-01,36,16,20
2016-05-04,15,14,1
2016-05-17,25,17,8
2016-05-29,0,0,0
2016-05-17,1,1,0
2016-05-26,4,2,2
2016-05-03,20,9,11
2016-05-13,12,1,11
2016-05-04,18,5,13
2016-05-10,17,12,5
2016-05-22,0,0,0
2016-05-12,0,0,0
2016-05-24,0,0,0
2016-05-27,3,1,2
2016-05-06,17,10,7
2016-05-12,34,19,15
2016-05-21,13,2,11
2016-05-18,10,6,4
2016-05-31,16,11,5
2016-05-01,4,0,4
2016-05-06,33,5,28
2016-05-17,51,5,46
2016-05-10,50,42,8
2016-05-05,46,4,42
2016-05-05,2,0,2
2016-05-07,30,12,18
2016-05-01,16,13,3
2016-05-09,0,0,0
2016-05-23,0,0,0
2016-05-21,2,1,1
2016-05-11,0,0,0
2016-05-18,7,7,0
2016-05-03,36,32,4
2016-05-12,4,1,3
2016-05-12,6,4,2
2016-05-15,1,1,0
2016-05-19,11,2,9
2016-05-09,15,8,7
2016-05-08,10,1,9
2016-05-21,3,2,1
2016-05-09,20,2,18
2016-05-02,0,0,0
2016-05-28,0,0,0
2016-05-23,37,3,34
2016-05-26,0,0,0
2016-05-27,12,3,9
2016-05-15,2,0,2
2016-05-09,6,6,0
2016-05-05,47,39,8
2016-05-25,13,8,5
2016-05-19,0,0,0
2016-05-08,2,0,2
2016-05-15,0,0,0
2016-05-20,41,29,12
2016-05-11,38,2,36
2016-05-18,17,13,4
2016-05-08,0,0,0
2016-05-26,43,41,2
2016-05-06,1,1,0
2016-05-24,10,4,6
2016-05-08,0,0,0
2016-05-05,13,10,3
2016-05-17,19,3,16
2016-05-20,9,3,6
2016-05-04,32,17,15
2016-05-20,0,0,0
2016-05-28,0,0,0
2016-05-06,51,36,15
2016-05-01,32,17,15
2016-05-27,0,0,0
2016-05-06,7,4,3
2016-05-24,46,3,43
2016-05-13,3,3,0
2016-05-11,15,4,11
2016-05-09,14,6,8
2016-05-19,15,13,2
2016-05-31,0,0,0
2016-05-30,26,6,20
2016-05-12,0,0,0
2016-05-11,1,1,0
2016-05-21,4,1,3
2016-05-18,1,1,0
2016-05-09,19,12,7
2016-05-10,47,5,42
2016-05-19,1,1,0
2016-05-03,0,0,0
2016-05-03,13,10,3
2016-05-18,0,0,0
2016-05-23,17,3,14
2016-05-22,26,21,5
2016-05-16,0,0,0
2016-05-07,6,4,2
2016-05-12,10,6,4
2016-05-01,0,0,0
2016-05-25,3,0,3
2016-05-05,25,3,22
2016-05-31,2,2,0
2016-05-05,17,10,7
2016-05-31,5,1,4
2016-05-28,0,0,0
2016-05-20,0,0,0
2016-05-08,2,0,2
2016-05-03,2,0,2
2016-05-21,1,1,0
2016-05-24,3,3,0
2016-05-05,6,3,3
2016-05-15,5,3,2
2016-05-16,25,4,21
2016-05-13,0,0,0
2016-05-25,56,5,51
2016-05-04,11,7,4
2016-05-13,12,8,4
2016-05-17,0,0,0
2016-05-07,28,18,10
2016-05-04,4,1,3
2016-05-10,29,2,27
2016-05-02,47,7,40
2016-05-23,9,6,3
2016-05-11,19,1,18
2016-05-19,40,1,39
2016-05-29,9,3,6
2016-05-02,66,60,6
2016-05-31,0,0,0
2016-05-02,20,11,9
2016-05-06,11,6,5
2016-05-26,0,0,0
2016-05-31,20,12,8
2016-05-20,25,4,21
2016-05-12,14,5,9
2016-05-18,48,40,8
2016-05-07,10,4,6
2016-05-24,3,0,3
2016-05-06,15,1,14
2016-05-20,14,7,7
2016-05-30,1,1,0
2016-05-15,10,5,5
2016-05-04,31,4,27
2016-05-28,3,1,2
2016-05-01,7,7,0
2016-05-28,11,3,8
2016-05-03,37,1,36
2016-05-11,14,10,4
2016-05-19,4,3,1
2016-05-01,17,6,11
2016-05-10,18,11,7
2016-05-07,0,0,0
2016-05-23,0,0,0
2016-05-19,37,32,5
2016-05-02,32,16,16
2016-05-08,8,1,7
2016-05-28,8,2,6
2016-05-27,19,9,10
2016-05-07,0,0,0
2016-05-17,6,2,4
2016-05-02,2,2,0
2016-05-04,1,1,0
2016-05-30,24,13,11
2016-05-10,26,21,5
2016-05-04,1,1,0
2016-05-22,6,1,5
2016-05-14,1,0,1
2016-05-23,16,3,13
2016-05-17,0,0,0
2016-05-17,35,30,5
2016-05-21,13,7,6
2016-05-04,38,32,6
2016-05-04,0,0,0
2016-05-25,0,0,0
2016-05-23,21,1,20
2016-05-03,54,48,6
2016-05-14,0,0,0
2016-05-05,31,27,4
2016-05-06,33,27,6
2016-05-22,2,0,2
2016-05-23,2,1,1
2016-05-21,0,0,0
2016-05-31,48,39,9
2016-05-28,3,0,3
2016-05-22,18,5,13
2016-05-07,24,11,13
2016-05-17,10,5,5
2016-05-16,1,0,1
2016-05-02,4,1,3
2016-05-01,13,3,10
2016-05-24,13,6,7
2016-05-15,6,4,2
2016-05-16,1,1,0
2016-05-10,1,0,1
2016-05-10,7,2,5
2016-05-13,19,5,14
2016-05-14,2,1,1
2016-05-27,8,5,3
2016-05-21,3,0,3
2016-05-22,11,5,6
2016-05-22,20,7,13
2016-05-17,0,0,0
2016-05-21,0,0,0
2016-05-06,12,7,5
2016-05-23,17,3,14
2016-05-13,43,32,11
2016-05-18,21,2,19
2016-05-15,0,0,0
2016-05-16,0,0,0
2016-05-23,17,11,6
2016-05-19,0,0,0
2016-05-06,34,29,5
2016-05-22,0,0,0
2016-05-31,40,2,38
2016-05-30,5,5,0
2016-05-21,4,0,4
2016-05-28,6,2,4
2016-05-16,1,1,0
2016-06-10,15,3,12
2016-06-08,1,1,0
2016-06-12,0,0,0
2016-06-05,21,6,15
2016-06-16,25,4,21
2016-06-12,0,0,0
2016-06-14,11,1,10
2016-06-20,2,0,2
2016-06-02,19,14,5
2016-06-12,13,8,5
2016-06-11,5,1,4
2016-06-07,0,0,0
2016-06-08,19,11,8
2016-06-06,13,8,5
2016-06-15,0,0,0
2016-06-30,18,15,3
2016-06-20,7,2,5
2016-06-19,31,16,15
2016-06-23,6,5,1
2016-06-27,3,3,0
2016-06-13,30,5,25
2016-06-10,12,8,4
2016-06-01,20,9,11
2016-06-24,5,1,4
2016-06-19,9,5,4
2016-06-14,0,0,0
2016-06-30,0,0,0
2016-06-10,0,0,0
2016-06-18,14,9,5
2016-06-12,3,0,3
2016-06-01,46,41,5
2016-06-14,7,4,3
2016-06-03,14,14,0
2016-06-04,19,11,8
2016-06-30,13,6,7
2016-06-03,0,0,0
2016-06-16,7,7,0
2016-06-20,12,2,10
2016-06-05,5,5,0
2016-06-09,12,6,6
2016-06-12,10,5,5
2016-06-16,37,1,36
2016-06-09,10,9,1
2016-06-23,3,1,2
2016-06-27,4,1,3
2016-06-24,8,5,3
2016-06-03,18,12,6
2016-06-14,16,4,12
2016-06-15,33,22,11
2016-06-12,0,0,0
2016-06-05,20,9,11
2016-06-06,3,0,3
2016-06-22,19,4,15
2016-06-25,8,7,1
2016-06-21,1,1,0
2016-06-01,21,5,16
2016-06-05,0,0,0
2016-06-16,13,4,9
2016-06-08,4,0,4
2016-06-21,10,1,9
2016-06-14,6,0,6
2016-06-17,8,2,6
2016-06-23,8,2,6
2016-06-11,11,6,5
2016-06-08,1,1,0
2016-06-13,9,4,5
2016-06-15,1,1,0
2016-06-17,1,1,0
2016-06-28,30,22,8
2016-06-06,2,1,1
2016-06-22,12,7,5
2016-06-19,3,0,3
2016-06-10,33,23,10
2016-06-02,32,25,7
2016-06-07,13,6,7
2016-06-05,10,7,3
2016-06-18,2,0,2
2016-06-02,38,23,15
2016-06-04,14,9,5
2016-06-02,7,5,2
2016-06-29,23,13,10
2016-06-07,39,4,35
2016-06-19,1,1,0
2016-06-26,1,1,0
2016-06-12,15,3,12
2016-06-07,14,9,5
2016-06-27,4,0,4
2016-06-15,0,0,0
2016-06-29,27,23,4
2016-06-03,9,2,7
2016-06-14,0,0,0
2016-06-01,1,1,0
2016-06-02,0,0,0
2016-06-16,47,39,8
2016-06-19,2,2,0
2016-06-11,15,10,5
2016-06-21,2,2,0
2016-06-03,16,14,2
2016-06-11,4,4,0
2016-06-02,5,1,4
2016-06-27,0,0,0
2016-06-08,12,7,5
2016-06-19,0,0,0
2016-06-24,10,10,0
2016-06-18,0,0,0
2016-06-23,0,0,0
2016-06-30,26,7,19
2016-06-03,11,5,6
2016-06-29,2,2,0
2016-06-04,11,7,4
2016-06-12,0,0,0
2016-06-16,17,10,7
2016-06-09,22,3,19
2016-06-26,2,2,0
2016-06-15,18,7,11
2016-06-29,10,0,10
2016-06-27,0,0,0
2016-06-14,2,2,0
2016-06-19,14,11,3
2016-06-07,22,12,10
2016-06-02,1,1,0
2016-06-10,35,22,13
2016-06-07,36,29,7
2016-06-22,26,22,4
2016-06-17,8,6,2
2016-06-12,11,3,8
2016-06-26,13,1,12
2016-06-29,1,1,0
2016-06-12,3,2,1
2016-06-21,27,1,26
2016-06-20,0,0,0
2016-06-25,0,0,0
2016-06-01,23,14,9
2016-06-08,11,6,5
2016-06-26,2,1,1
2016-06-25,19,10,9
2016-06-18,0,0,0
2016-06-14,13,9,4
2016-06-10,0,0,0
2016-06-17,0,0,0
2016-06-06,26,20,6
2016-06-07,2,2,0
2016-06-28,38,3,35
2016-06-06,6,4,2
2016-06-06,0,0,0
2016-06-04,0,0,0
2016-06-30,32,25,7
2016-06-30,29,25,4
2016-06-29,0,0,0
2016-06-14,14,3,11
2016-06-26,0,0,0
2016-06-24,0,0,0
2016-06-06,9,8,1
2016-06-20,18,11,7
2016-06-28,6,4,2
2016-06-16,31,16,15
2016-06-21,8,4,4
2016-06-12,29,14,15
2016-06-23,9,4,5
2016-06-18,5,3,2
2016-06-27,19,0,19
2016-06-19,14,7,7
2016-06-05,27,5,22
2016-06-08,7,4,3
2016-06-15,1,1,0
2016-06-26,0,0,0
2016-06-30,4,4,0
2016-06-22,37,33,4
2016-06-21,32,27,5
2016-06-25,16,4,12
2016-06-27,6,4,2
2016-06-29,18,13,5
2016-06-09,41,33,8
2016-06-28,17,4,13
2016-06-21,16,7,9
2016-06-04,1,0,1
2016-06-02,2,0,2
2016-06-20,2,2,0
2016-06-20,0,0,0
2016-06-20,16,1,15
2016-06-24,0,0,0
2016-06-10,1,0,1
2016-06-13,0,0,0
2016-06-13,0,0,0
2016-06-15,14,1,13
2016-06-21,17,9,8
2016-06-27,32,22,10
2016-06-29,22,5,17
2016-06-09,23,16,7
2016-06-13,0,0,0
2016-06-24,13,11,2
2016-06-09,1,1,0
2016-06-04,22,3,19
2016-06-29,30,0,30
2016-06-07,23,3,20
2016-06-11,12,8,4
2016-06-06,29,16,13
2016-06-16,1,1,0
2016-06-21,0,0,0
2016-06-21,5,3,2
2016-06-01,0,0,0
2016-06-19,2,1,1
2016-06-02,15,4,11
2016-06-28,16,8,8
2016-06-26,3,2,1
2016-06-06,12,8,4
2016-06-11,0,0,0
2016-06-23,0,0,0
2016-06-26,8,2,6
2016-06-17,0,0,0
2016-06-15,3,3,0
2016-06-25,0,0,0
2016-06-30,13,1,12
2016-06-09,1,1,0
2016-06-17,29,2,27
2016-06-13,41,30,11
2016-06-23,9,1,8
2016-06-08,12,10,2
2016-06-29,34,4,30
2016-06-11,0,0,0
2016-06-04,0,0,0
2016-06-10,0,0,0
2016-06-17,0,0,0
2016-06-24,9,0,9
2016-06-03,0,0,0
2016-06-18,16,9,7
2016-06-16,9,6,3
2016-06-08,36,3,33
2016-06-11,7,2,5
2016-06-14,24,14,10
2016-06-23,27,15,12
2016-06-18,8,3,5
2016-06-06,34,5,29
2016-06-26,12,3,9
2016-06-27,12,10,2
2016-06-10,0,0,0
2016-06-04,2,2,0
2016-06-30,28,18,10
2016-06-12,18,14,4
2016-06-08,21,14,7
2016-06-25,13,7,6
2016-06-14,31,9,22
2016-06-04,11,4,7
2016-06-05,8,0,8
2016-06-24,1,0,1
2016-06-11,13,6,7
2016-06-26,13,11,2
2016-06-19,5,5,0
2016-06-27,0,0,0
2016-06-26,10,6,4
2016-06-01,21,17,4
2016-06-28,2,0,2
2016-06-02,43,29,14
2016-06-13,5,0,5
2016-06-15,34,29,5
2016-06-15,14,11,3
2016-06-07,5,4,1
2016-06-04,14,6,8
2016-06-11,0,0,0
2016-06-25,17,7,10
2016-06-12,0,0,0
2016-06-07,21,18,3
2016-06-23,21,8,13
2016-06-30,17,4,13
2016-06-03,2,2,0
2016-06-29,23,6,17
2016-06-26,2,2,0
2016-06-06,13,0,13
2016-06-05,27,19,8
2016-06-03,18,7,11
2016-06-29,5,2,3
2016-06-11,29,8,21
2016-06-09,8,1,7
2016-06-06,37,4,33
2016-06-21,47,4,43
2016-06-07,27,21,6
2016-06-05,5,0,5
2016-06-03,10,1,9
2016-06-17,32,23,9
2016-06-19,9,2,7
2016-06-25,14,7,7
2016-06-25,4,4,0
2016-06-05,0,0,0
2016-06-30,8,1,7
2016-06-26,12,10,2
2016-06-04,6,1,5
2016-06-11,10,5,5
2016-06-12,24,13,11
2016-06-13,18,6,12
2016-06-09,0,0,0
2016-06-21,30,6,24
2016-06-08,38,34,4
2016-06-27,0,0,0
2016-06-26,9,3,6
2016-06-13,13,0,13
2016-06-21,2,0,2
2016-06-03,14,6,8
2016-06-03,0,0,0
2016-06-22,28,12,16
2016-06-05,1,1,0
2016-06-09,0,0,0
2016-06-08,15,11,4
2016-06-15,10,5,5
2016-06-01,25,20,5
2016-06-20,12,4,8
2016-06-02,5,1,4
2016-06-03,0,0,0
2016-06-21,46,36,10
2016-06-30,25,2,23
2016-06-25,0,0,0
2016-06-25,0,0,0
2016-06-17,1,1,0
2016-06-29,13,13,0
2016-06-29,4,0,4
2016-06-10,3,0,3
2016-06-22,26,10,16
2016-06-26,2,2,0
2016-06-07,0,0,0
2016-06-10,14,6,8
2016-06-03,37,26,11
2016-06-11,11,5,6
2016-06-20,34,4,30
2016-06-21,28,17,11
2016-06-23,7,5,2
2016-06-25,7,4,3
2016-06-25,3,2,1
2016-06-24,10,2,8
2016-06-28,11,7,4
2016-06-19,9,3,6
2016-06-17,9,2,7
2016-06-18,0,0,0
2016-06-05,10,7,3
2016-06-17,3,1,2
2016-06-03,30,2,28
2016-06-27,0,0,0
2016-06-16,39,28,11
2016-06-04,16,11,5
2016-06-01,0,0,0
2016-06-06,3,0,3
2016-06-26,0,0,0
2016-06-13,38,32,6
2016-06-04,27,13,14
2016-06-11,4,3,1
2016-06-25,4,0,4
2016-06-09,8,3,5
2016-06-20,12,0,12
2016-06-02,44,7,37
2016-06-08,0,0,0
2016-06-13,20,12,8
2016-06-20,35,26,9
2016-06-30,1,1,0
2016-06-14,21,5,16
2016-06-06,2,0,2
2016-06-08,21,9,12
2016-06-23,0,0,0
2016-06-11,2,2,0
2016-06-12,12,11,1
2016-06-16,3,0,3
2016-06-10,2,2,0
2016-06-08,0,0,0
2016-06-11,4,0,4
2016-06-09,12,5,7
2016-06-13,9,4,5
2016-06-13,5,2,3
2016-06-27,24,5,19
2016-06-11,11,7,4
2016-06-20,9,6,3
2016-06-25,0,0,0
2016-06-25,12,3,9
2016-06-28,0,0,0
2016-06-13,4,2,2
2016-06-02,27,5,22
2016-06-20,46,42,4
2016-06-06,0,0,0
2016-06-04,6,4,2
2016-06-02,19,1,18
2016-06-17,0,0,0
2016-06-24,19,4,15
2016-06-05,2,1,1
2016-06-25,0,0,0
2016-06-08,16,8,8
2016-06-30,2,0,2
2016-06-22,1,1,0
2016-06-28,5,5,0
2016-06-03,50,41,9
2016-06-16,11,4,7
2016-06-15,12,6,6
2016-06-02,15,2,13
2016-06-11,16,5,11
2016-06-14,0,0,0
2016-06-12,40,18,22
2016-06-06,41,31,10
2016-06-22,0,0,0
2016-06-23,7,7,0
2016-06-08,46,36,10
2016-06-28,28,20,8
2016-06-08,0,0,0
2016-06-26,15,3,12
2016-06-15,0,0,0
2016-06-15,25,4,21
2016-06-28,1,1,0
2016-06-19,8,3,5
2016-06-26,1,0,1
2016-06-05,16,8,8
2016-06-30,15,12,3
2016-06-14,26,21,5
2016-06-28,7,3,4
2016-06-19,16,9,7
2016-06-29,21,7,14
2016-06-05,1,1,0
2016-06-06,7,3,4
2016-06-10,13,8,5
2016-06-09,35,4,31
2016-06-27,4,4,0
2016-06-05,4,3,1
2016-06-17,11,6,5
2016-06-24,19,13,6
2016-06-23,19,3,16
2016-06-04,11,6,5
2016-06-28,0,0,0
2016-06-10,0,0,0
2016-06-04,21,9,12
2016-06-02,16,14,2
2016-06-11,1,0,1
2016-06-01,5,2,3
2016-06-13,6,3,3
2016-06-26,18,9,9
2016-06-12,13,2,11
2016-06-29,5,4,1
2016-06-09,21,1,20
2016-06-20,34,0,34
2016-06-30,0,0,0
2016-06-22,3,0,3
2016-06-20,5,4,1
2016-06-27,23,19,4
2016-06-12,7,2,5
2016-06-03,4,4,0
2016-06-25,3,0,3
2016-06-02,18,3,15
2016-06-10,9,2,7
2016-06-09,18,13,5
2016-06-03,4,2,2
2016-06-13,0,0,0
2016-06-15,4,3,1
2016-06-18,14,5,9
2016-06-01,0,0,0
2016-06-07,12,5,7
2016-06-23,0,0,0
2016-06-05,9,2,7
2016-06-09,1,1,0
2016-06-30,8,2,6
2016-06-02,11,1,10
2016-06-29,0,0,0
2016-06-28,17,11,6
2016-06-29,0,0,0
2016-06-04,0,0,0
2016-06-06,0,0,0
2016-06-15,11,7,4
2016-06-12,5,2,3
2016-06-27,11,4,7
2016-06-18,3,2,1
2016-06-28,35,4,31
2016-06-09,8,5,3
2016-06-26,27,12,15
2016-06-22,6,0,6
2016-06-10,8,6,2
2016-06-24,0,0,0
2016-06-04,0,0,0
2016-06-09,34,29,5
2016-06-16,11,11,0
2016-06-17,11,11,0
2016-06-29,8,1,7
2016-06-20,4,3,1
2016-06-14,15,8,7
2016-06-18,5,3,2
2016-06-17,8,2,6
2016-06-22,11,2,9
2016-06-18,2,0,2
2016-06-28,20,4,16
2016-06-30,13,8,5
2016-06-14,2,2,0
2016-06-11,1,1,0
2016-06-16,7,2,5
2016-06-23,0,0,0
2016-06-10,21,4,17
2016-06-09,42,6,36
2016-06-18,12,9,3
2016-06-08,0,0,0
2016-06-01,50,2,48
2016-06-18,7,3,4
2016-06-17,2,0,2
2016-06-03,14,8,6
2016-06-17,16,3,13
2016-06-20,0,0,0
2016-06-26,0,0,0
2016-06-17,24,16,8
2016-06-14,0,0,0
2016-06-15,18,5,13
2016-06-22,4,3,1
2016-06-13,25,16,9
2016-06-17,38,4,34
2016-06-21,8,1,7
2016-06-20,12,9,3
2016-06-07,11,3,8
2016-06-10,18,3,15
2016-06-21,13,13,0
2016-06-20,1,1,0
2016-06-04,6,4,2
2016-06-06,16,9,7
2016-06-03,3,3,0
2016-06-09,2,0,2
2016-06-24,16,10,6
2016-06-23,3,2,1
2016-06-17,11,0,11
2016-06-18,0,0,0
2016-06-01,13,6,7
2016-06-14,25,5,20
2016-06-29,12,5,7
2016-06-25,2,2,0
2016-06-10,14,10,4
2016-06-22,32,2,30
2016-06-05,10,9,1
2016-06-24,28,23,5
2016-06-19,10,7,3
2016-06-30,2,0,2
2016-06-11,1,1,0
2016-06-21,21,18,3
2016-06-11,7,1,6
2016-06-20,0,0,0
2016-06-01,4,1,3
2016-06-13,17,4,13
2016-06-15,31,5,26
2016-06-18,4,4,0
2016-06-01,28,14,14
2016-06-03,39,6,33
2016-06-19,0,0,0
2016-06-23,13,10,3
2016-06-01,11,3,8
2016-06-18,3,1,2
2016-06-30,15,5,10
2016-06-02,0,0,0
2016-06-16,13,2,11
2016-06-12,9,3,6
2016-06-18,8,2,6
2016-06-07,30,4,26
2016-06-26,3,2,1
2016-06-12,7,2,5
2016-06-18,15,3,12
2016-06-28,0,0,0
2016-06-19,23,10,13
2016-06-27,8,2,6
2016-06-15,5,3,2
2016-06-04,8,7,1
2016-06-17,12,10,2
2016-06-06,26,5,21
2016-06-25,9,5,4
2016-06-14,34,19,15
2016-06-21,0,0,0
2016-06-18,0,0,0
2016-06-21,13,2,11
2016-06-19,25,7,18
2016-06-05,8,3,5
2016-06-08,8,2,6
2016-06-05,0,0,0
2016-06-10,29,23,6
2016-06-23,12,8,4
2016-06-14,19,8,11
2016-06-04,4,4,0
2016-06-15,38,25,13
2016-06-29,0,0,0
2016-06-05,25,11,14
2016-06-22,12,6,6
2016-06-27,35,24,11
2016-06-05,0,0,0
2016-06-24,10,0,10
2016-06-07,23,3,20
2016-06-29,7,3,4
2016-06-18,6,3,3
2016-06-01,35,3,32
2016-06-25,4,2,2
2016-06-07,0,0,0
2016-06-19,39,17,22
2016-06-29,15,12,3
2016-06-13,35,8,27
2016-06-12,3,1,2
2016-06-28,21,14,7
2016-06-23,3,0,3
2016-06-15,9,3,6
2016-06-09,18,2,16
2016-06-14,5,0,5
2016-06-16,20,3,17
2016-06-17,36,28,8
2016-06-23,20,2,18
2016-06-01,8,3,5
2016-06-30,3,2,1
2016-06-27,14,4,10
2016-06-02,0,0,0
2016-06-08,18,3,15
2016-06-19,28,17,11
2016-06-16,0,0,0
2016-06-22,20,13,7
2016-06-16,0,0,0
2016-06-19,0,0,0
2016-06-21,3,1,2
2016-06-14,10,0,10
2016-06-26,19,6,13
2016-06-24,16,12,4
2016-06-23,2,2,0
2016-06-16,7,5,2
2016-06-17,0,0,0
2016-06-14,5,1,4
2016-06-24,3,1,2
2016-06-05,9,8,1
2016-06-09,0,0,0
2016-06-10,29,6,23
2016-06-28,22,2,20
2016-06-13,15,11,4
2016-06-18,4,1,3
2016-06-04,13,3,10
2016-06-27,13,6,7
2016-06-21,8,2,6
2016-06-16,26,5,21
2016-06-19,2,0,2
2016-06-19,3,0,3
2016-06-24,7,2,5
2016-06-07,8,7,1
2016-06-25,14,7,7
2016-06-03,11,2,9
2016-06-13,0,0,0
2016-06-27,43,37,6
2016-06-22,30,24,6
2016-06-06,46,38,8
2016-06-03,0,0,0
2016-06-14,0,0,0
2016-06-16,4,0,4
2016-06-15,1,1,0
2016-06-15,30,4,26
2016-06-24,0,0,0
2016-06-21,0,0,0
2016-06-24,0,0,0
2016-06-23,15,1,14
2016-06-05,1,0,1
2016-06-09,10,9,1
2016-06-12,1,1,0
2016-06-16,9,4,5
2016-06-02,0,0,0
2016-06-16,0,0,0
2016-06-22,0,0,0
2016-06-23,13,8,5
2016-06-11,14,10,4
2016-06-28,10,3,7
2016-06-08,30,6,24
2016-06-04,3,2,1
2016-06-19,0,0,0
2016-06-06,6,3,3
2016-06-07,26,18,8
2016-06-12,0,0,0
2016-06-07,48,40,8
2016-06-18,13,6,7
2016-06-22,19,4,15
2016-06-11,13,2,11
2016-06-10,10,2,8
2016-06-15,3,3,0
2016-06-22,0,0,0
2016-06-23,0,0,0
2016-06-20,19,11,8
2016-06-24,0,0,0
2016-06-06,1,1,0
2016-06-20,17,7,10
2016-06-22,38,7,31
2016-06-17,23,13,10
2016-06-29,33,27,6
2016-06-30,4,2,2
2016-06-22,45,34,11
2016-06-06,14,7,7
2016-06-02,14,6,8
2016-06-26,11,7,4
2016-06-24,9,7,2
2016-06-10,31,4,27
2016-06-09,13,6,7
2016-06-25,11,5,6
2016-06-07,0,0,0
2016-06-22,9,5,4
2016-06-01,22,3,19
2016-06-01,0,0,0
2016-06-18,6,3,3
2016-06-27,12,8,4
2016-06-08,30,4,26
2016-06-27,44,6,38
2016-06-22,0,0,0
2016-06-01,18,3,15
2016-06-30,35,3,32
2016-06-28,0,0,0
2016-06-07,2,2,0
2016-06-24,9,1,8
2016-06-10,15,3,12
2016-06-01,1,1,0
2016-06-22,0,0,0
2016-06-01,2,2,0
2016-06-13,11,3,8
2016-06-24,20,2,18
2016-06-02,3,2,1
2016-06-07,5,1,4
2016-06-13,0,0,0
2016-06-04,0,0,0
2016-06-21,0,0,0
2016-06-08,5,0,5
2016-06-01,48,37,11
2016-06-20,12,6,6
2016-06-13,25,3,22
2016-06-28,8,1,7
2016-06-27,29,5,24
2016-06-28,0,0,0
2016-06-07,23,4,19
2016-06-28,40,28,12
2016-06-02,0,0,0
2016-06-30,1,1,0
2016-06-03,8,4,4
2016-06-25,6,3,3
2016-06-16,0,0,0
2016-07-15,27,4,23
2016-07-03,4,4,0
2016-07-22,0,0,0
2016-07-19,14,2,12
2016-07-09,0,0,0
2016-07-25,0,0,0
2016-07-31,26,16,10
2016-07-28,0,0,0
2016-07-21,1,1,0
2016-07-10,2,0,2
2016-07-20,15,2,13
2016-07-05,13,1,12
2016-07-26,0,0,0
2016-07-15,11,5,6
2016-07-16,1,1,0
2016-07-19,33,27,6
2016-07-11,35,26,9
2016-07-11,54,36,18
2016-07-22,16,3,13
2016-07-05,30,26,4
2016-07-10,0,0,0
2016-07-27,0,0,0
2016-07-15,12,6,6
2016-07-07,15,4,11
2016-07-20,9,2,7
2016-07-11,19,15,4
2016-07-19,13,9,4
2016-07-06,0,0,0
2016-07-03,25,16,9
2016-07-13,21,3,18
2016-07-03,4,2,2
2016-07-04,11,10,1
2016-07-10,0,0,0
2016-07-24,19,8,11
2016-07-26,1,1,0
2016-07-26,14,2,12
2016-07-07,0,0,0
2016-07-15,3,2,1
2016-07-16,0,0,0
2016-07-27,21,5,16
2016-07-15,1,1,0
2016-07-13,0,0,0
2016-07-30,6,1,5
2016-07-28,1,1,0
2016-07-05,13,3,10
2016-07-24,19,12,7
2016-07-14,16,7,9
2016-07-11,11,9,2
2016-07-08,23,16,7
2016-07-27,0,0,0
2016-07-06,4,0,4
2016-07-19,0,0,0
2016-07-02,13,12,1
2016-07-07,29,10,19
2016-07-03,1,1,0
2016-07-09,13,7,6
2016-07-10,3,3,0
2016-07-24,3,3,0
2016-07-29,2,0,2
2016-07-11,8,6,2
2016-07-29,5,1,4
2016-07-10,8,4,4
2016-07-14,36,22,14
2016-07-04,3,1,2
2016-07-19,26,8,18
2016-07-08,6,4,2
2016-07-18,20,6,14
2016-07-07,4,1,3
2016-07-01,25,19,6
2016-07-11,14,3,11
2016-07-22,17,14,3
2016-07-06,0,0,0
2016-07-09,23,8,15
2016-07-20,0,0,0
2016-07-02,1,1,0
2016-07-16,15,5,10
2016-07-24,1,1,0
2016-07-31,12,7,5
2016-07-26,17,3,14
2016-07-28,20,11,9
2016-07-15,0,0,0
2016-07-17,1,0,1
2016-07-29,0,0,0
2016-07-06,17,6,11
2016-07-27,1,0,1
2016-07-24,1,0,1
2016-07-22,1,1,0
2016-07-10,1,1,0
2016-07-24,3,3,0
2016-07-28,16,0,16
2016-07-27,32,3,29
2016-07-13,15,1,14
2016-07-13,15,9,6
2016-07-20,31,22,9
2016-07-17,11,0,11
2016-07-12,21,6,15
2016-07-22,6,2,4
2016-07-19,14,5,9
2016-07-28,33,26,7
2016-07-23,0,0,0
2016-07-04,16,5,11
2016-07-12,0,0,0
2016-07-08,19,4,15
2016-07-02,9,4,5
2016-07-23,4,3,1
2016-07-31,0,0,0
2016-07-25,32,4,28
2016-07-24,0,0,0
2016-07-21,0,0,0
2016-07-16,0,0,0
2016-07-12,19,4,15
2016-07-16,0,0,0
2016-07-26,0,0,0
2016-07-16,14,10,4
2016-07-17,16,6,10
2016-07-27,11,0,11
2016-07-20,4,0,4
2016-07-15,12,5,7
2016-07-18,24,15,9
2016-07-21,26,17,9
2016-07-19,12,8,4
2016-07-08,21,11,10
2016-07-09,6,6,0
2016-07-31,4,3,1
2016-07-22,0,0,0
2016-07-13,28,21,7
2016-07-29,4,4,0
2016-07-18,12,3,9
2016-07-21,3,0,3
2016-07-05,0,0,0
2016-07-27,15,5,10
2016-07-15,14,6,8
2016-07-17,33,22,11
2016-07-24,13,5,8
2016-07-17,0,0,0
2016-07-25,24,15,9
2016-07-23,24,15,9
2016-07-19,0,0,0
2016-07-05,0,0,0
2016-07-20,28,2,26
2016-07-28,0,0,0
2016-07-13,1,1,0
2016-07-13,3,3,0
2016-07-04,5,1,4
2016-07-03,2,2,0
2016-07-28,33,7,26
2016-07-16,5,0,5
2016-07-24,4,0,4
2016-07-03,7,3,4
2016-07-05,14,4,10
2016-07-11,10,10,0
2016-07-14,1,0,1
2016-07-02,8,2,6
2016-07-08,0,0,0
2016-07-24,24,13,11
2016-07-30,4,2,2
2016-07-21,10,4,6
2016-07-26,20,6,14
2016-07-25,22,2,20
2016-07-25,19,8,11
2016-07-27,0,0,0
2016-07-10,14,11,3
2016-07-15,35,27,8
2016-07-08,10,4,6
2016-07-03,2,1,1
2016-07-22,1,1,0
2016-07-25,18,4,14
2016-07-04,16,8,8
2016-07-04,7,3,4
2016-07-24,12,7,5
2016-07-29,4,3,1
2016-07-22,19,4,15
2016-07-30,8,4,4
2016-07-25,34,27,7
2016-07-18,16,7,9
2016-07-21,0,0,0
2016-07-04,10,7,3
2016-07-24,27,10,17
2016-07-19,32,7,25
2016-07-01,4,4,0
2016-07-16,29,18,11
2016-07-30,0,0,0
2016-07-10,22,14,8
2016-07-27,20,11,9
2016-07-08,27,24,3
2016-07-06,52,40,12
2016-07-05,25,15,10
2016-07-18,16,2,14
2016-07-14,19,1,18
2016-07-10,3,0,3
2016-07-01,0,0,0
2016-07-09,0,0,0
2016-07-28,26,1,25
2016-07-03,2,2,0
2016-07-01,0,0,0
2016-07-13,20,8,12
2016-07-13,15,7,8
2016-07-28,0,0,0
2016-07-24,12,5,7
2016-07-31,1,1,0
2016-07-06,44,7,37
2016-07-29,9,6,3
2016-07-26,31,4,27
2016-07-22,26,18,8
2016-07-22,11,11,0
2016-07-06,0,0,0
2016-07-17,1,1,0
2016-07-25,24,11,13
2016-07-06,9,9,0
2016-07-18,0,0,0
2016-07-10,10,7,3
2016-07-07,7,3,4
2016-07-21,0,0,0
2016-07-06,37,6,31
2016-07-04,3,2,1
2016-07-25,0,0,0
2016-07-04,24,16,8
2016-07-13,23,14,9
2016-07-12,32,20,12
2016-07-03,9,6,3
2016-07-01,0,0,0
2016-07-04,0,0,0
2016-07-12,11,3,8
2016-07-27,11,8,3
2016-07-29,21,9,12
2016-07-18,3,1,2
2016-07-20,8,2,6
2016-07-31,0,0,0
2016-07-17,17,8,9
2016-07-26,26,19,7
2016-07-08,14,8,6
2016-07-07,0,0,0
2016-07-22,8,4,4
2016-07-05,31,12,19
2016-07-05,37,26,11
2016-07-02,8,3,5
2016-07-09,19,13,6
2016-07-25,28,18,10
2016-07-30,16,8,8
2016-07-03,8,4,4
2016-07-06,14,2,12
2016-07-17,2,2,0
2016-07-22,8,3,5
2016-07-02,14,4,10
2016-07-19,4,0,4
2016-07-25,22,4,18
2016-07-20,3,1,2
2016-07-11,8,3,5
2016-07-02,10,3,7
2016-07-12,24,16,8
2016-07-06,0,0,0
2016-07-28,15,12,3
2016-07-04,0,0,0
2016-07-04,0,0,0
2016-07-12,0,0,0
2016-07-18,3,3,0
2016-07-17,15,5,10
2016-07-15,22,12,10
2016-07-02,6,4,2
2016-07-14,31,4,27
2016-07-17,16,12,4
2016-07-14,0,0,0
2016-07-26,0,0,0
2016-07-18,1,0,1
2016-07-14,0,0,0
2016-07-05,4,4,0
2016-07-25,0,0,0
2016-07-21,40,32,8
2016-07-08,11,5,6
2016-07-28,9,4,5
2016-07-18,14,13,1
2016-07-07,13,2,11
2016-07-21,15,2,13
2016-07-18,0,0,0
2016-07-31,8,3,5
2016-07-11,26,4,22
2016-07-31,14,9,5
2016-07-30,2,2,0
2016-07-12,2,0,2
2016-07-20,0,0,0
2016-07-30,12,6,6
2016-07-26,29,8,21
2016-07-17,20,9,11
2016-07-06,19,13,6
2016-07-21,13,6,7
2016-07-25,1,1,0
2016-07-26,9,4,5
2016-07-15,0,0,0
2016-07-26,1,1,0
2016-07-19,0,0,0
2016-07-23,5,3,2
2016-07-02,1,1,0
2016-07-01,5,3,2
2016-07-28,25,7,18
2016-07-02,0,0,0
2016-07-29,40,32,8
2016-07-08,15,0,15
2016-07-13,1,0,1
2016-07-31,0,0,0
2016-07-01,15,8,7
2016-07-29,27,12,15
2016-07-02,8,4,4
2016-07-03,2,0,2
2016-07-09,0,0,0
2016-07-13,32,11,21
2016-07-15,5,1,4
2016-07-12,10,5,5
2016-07-03,3,0,3
2016-07-13,1,1,0
2016-07-29,28,5,23
2016-07-05,9,8,1
2016-07-14,27,8,19
2016-07-09,6,4,2
2016-07-01,0,0,0
2016-07-28,42,34,8
2016-07-25,11,6,5
2016-07-11,0,0,0
2016-07-14,19,12,7
2016-07-26,0,0,0
2016-07-22,3,3,0
2016-07-11,0,0,0
2016-07-20,3,3,0
2016-07-06,27,21,6
2016-07-04,16,10,6
2016-07-09,21,12,9
2016-07-26,56,43,13
2016-07-27,15,9,6
2016-07-21,14,2,12
2016-07-06,0,0,0
2016-07-19,11,8,3
2016-07-27,18,14,4
2016-07-06,5,1,4
2016-07-05,13,6,7
2016-07-26,2,0,2
2016-07-28,0,0,0
2016-07-07,15,12,3
2016-07-03,0,0,0
2016-07-20,18,7,11
2016-07-22,18,5,13
2016-07-28,9,7,2
2016-07-28,22,10,12
2016-07-20,17,8,9
2016-07-20,17,9,8
2016-07-19,2,2,0
2016-07-09,10,5,5
2016-07-03,11,10,1
2016-07-31,1,1,0
2016-07-05,0,0,0
2016-07-28,36,27,9
2016-07-22,5,1,4
2016-07-28,4,2,2
2016-07-29,1,1,0
2016-07-09,0,0,0
2016-07-15,37,31,6
2016-07-11,0,0,0
2016-07-18,14,3,11
2016-07-01,9,9,0
2016-07-30,6,1,5
2016-07-20,50,10,40
2016-07-08,0,0,0
2016-07-27,2,0,2
2016-07-25,10,4,6
2016-07-23,0,0,0
2016-07-25,2,1,1
2016-07-30,5,3,2
2016-07-16,13,5,8
2016-07-31,5,2,3
2016-07-02,0,0,0
2016-07-23,10,0,10
2016-07-31,0,0,0
2016-07-26,8,0,8
2016-07-01,1,1,0
2016-07-21,0,0,0
2016-07-10,0,0,0
2016-07-07,19,2,17
2016-07-08,12,4,8
2016-07-10,5,1,4
2016-07-13,39,10,29
2016-07-29,8,7,1
2016-07-06,11,9,2
2016-07-11,13,3,10
2016-07-29,5,2,3
2016-07-16,15,7,8
2016-07-02,0,0,0
2016-07-21,15,12,3
2016-07-24,0,0,0
2016-07-17,9,6,3
2016-07-23,7,6,1
2016-07-08,8,2,6
2016-07-11,26,18,8
2016-07-11,4,2,2
2016-07-19,18,9,9
2016-07-25,16,5,11
2016-07-28,14,5,9
2016-07-30,0,0,0
2016-07-04,26,10,16
2016-07-22,0,0,0
2016-07-25,23,2,21
2016-07-27,14,12,2
2016-07-19,7,1,6
2016-07-01,17,5,12
2016-07-10,14,5,9
2016-07-18,16,6,10
2016-07-12,1,0,1
2016-07-15,20,3,17
2016-07-24,5,2,3
2016-07-27,32,25,7
2016-07-21,3,1,2
2016-07-14,41,34,7
2016-07-24,21,14,7
2016-07-11,0,0,0
2016-07-25,2,0,2
2016-07-10,7,3,4
2016-07-09,1,1,0
2016-07-29,3,0,3
2016-07-13,23,10,13
2016-07-20,34,21,13
2016-07-09,15,9,6
2016-07-23,17,8,9
2016-07-23,0,0,0
2016-07-16,2,0,2
2016-07-05,8,6,2
2016-07-27,26,9,17
2016-07-01,0,0,0
2016-07-03,12,4,8
2016-07-30,20,11,9
2016-07-08,10,7,3
2016-07-29,13,6,7
2016-07-23,0,0,0
2016-07-23,7,4,3
2016-07-16,8,3,5
2016-07-01,25,2,23
2016-07-28,19,10,9
2016-07-12,33,6,27
2016-07-05,2,0,2
2016-07-02,0,0,0
2016-07-30,23,12,11
2016-07-08,31,6,25
2016-07-31,3,0,3
2016-07-20,2,2,0
2016-07-27,0,0,0
2016-07-12,16,10,6
2016-07-01,20,3,17
2016-07-23,10,3,7
2016-07-24,0,0,0
2016-07-17,0,0,0
2016-07-07,23,17,6
2016-07-29,13,3,10
2016-07-12,54,44,10
2016-07-30,0,0,0
2016-07-10,27,11,16
2016-07-04,1,1,0
2016-07-13,0,0,0
2016-07-24,21,10,11
2016-07-13,26,23,3
2016-07-06,29,3,26
2016-07-10,6,1,5
2016-07-21,26,11,15
2016-07-10,21,8,13
2016-07-10,9,6,3
2016-07-03,2,0,2
2016-07-13,43,31,12
2016-07-03,12,5,7
2016-07-04,11,5,6
2016-07-24,26,9,17
2016-07-10,0,0,0
2016-07-11,9,8,1
2016-07-18,32,22,10
2016-07-23,0,0,0
2016-07-16,17,3,14
2016-07-18,30,4,26
2016-07-12,14,13,1
2016-07-16,16,7,9
2016-07-21,3,3,0
2016-07-14,13,7,6
2016-07-23,16,8,8
2016-07-27,9,3,6
2016-07-15,0,0,0
2016-07-05,6,3,3
2016-07-18,0,0,0
2016-07-06,9,5,4
2016-07-20,20,11,9
2016-07-12,3,2,1
2016-07-24,0,0,0
2016-07-15,5,4,1
2016-07-23,7,6,1
2016-07-24,4,3,1
2016-07-14,1,1,0
2016-07-04,1,1,0
2016-07-14,16,3,13
2016-07-31,19,10,9
2016-07-29,0,0,0
2016-07-24,0,0,0
2016-07-26,27,21,6
2016-07-13,0,0,0
2016-07-07,39,31,8
2016-07-10,1,0,1
2016-07-15,18,1,17
2016-07-21,3,3,0
2016-07-12,41,5,36
2016-07-09,0,0,0
2016-07-17,7,3,4
2016-07-02,4,1,3
2016-07-08,3,1,2
2016-07-21,39,25,14
2016-07-01,0,0,0
2016-07-05,2,0,2
2016-07-07,8,4,4
2016-07-15,10,4,6
2016-07-12,27,10,17
2016-07-12,0,0,0
2016-07-24,7,2,5
2016-07-03,33,8,25
2016-07-20,2,0,2
2016-07-11,4,4,0
2016-07-09,3,0,3
2016-07-06,39,33,6
2016-07-20,21,16,5
2016-07-09,13,12,1
2016-07-07,0,0,0
2016-07-05,33,6,27
2016-07-18,13,1,12
2016-07-03,1,1,0
2016-07-22,12,5,7
2016-07-27,40,31,9
2016-07-30,2,0,2
2016-07-01,34,28,6
2016-07-04,8,3,5
2016-07-26,6,1,5
2016-07-31,23,8,15
2016-07-14,28,3,25
2016-07-08,18,10,8
2016-07-26,15,15,0
2016-07-05,12,8,4
2016-07-10,3,1,2
2016-07-09,14,8,6
2016-07-08,0,0,0
2016-07-22,10,2,8
2016-07-21,23,18,5
2016-07-29,16,8,8
2016-07-07,16,9,7
2016-07-30,8,6,2
2016-07-23,0,0,0
2016-07-19,29,22,7
2016-07-30,25,9,16
2016-07-15,12,8,4
2016-07-11,2,1,1
2016-07-16,12,12,0
2016-07-09,25,16,9
2016-07-16,4,3,1
2016-07-07,11,0,11
2016-07-09,14,6,8
2016-07-12,22,3,19
2016-07-28,13,0,13
2016-07-16,3,1,2
2016-07-10,10,4,6
2016-07-13,4,2,2
2016-07-22,2,0,2
2016-07-01,13,3,10
2016-07-01,14,8,6
2016-07-30,9,4,5
2016-07-14,9,8,1
2016-07-23,4,1,3
2016-07-02,11,10,1
2016-07-06,18,4,14
2016-07-08,30,19,11
2016-07-22,11,0,11
2016-07-31,10,4,6
2016-07-15,11,6,5
2016-07-05,14,1,13
2016-07-04,0,0,0
2016-07-20,39,33,6
2016-07-19,20,9,11
2016-07-14,6,3,3
2016-07-03,13,2,11
2016-07-31,3,1,2
2016-07-14,1,1,0
2016-07-29,18,13,5
2016-07-09,7,2,5
2016-07-01,7,4,3
2016-07-28,2,2,0
2016-07-10,5,1,4
2016-07-25,2,2,0
2016-07-02,5,1,4
2016-07-14,0,0,0
2016-07-17,3,3,0
2016-07-27,36,4,32
2016-07-16,5,0,5
2016-07-31,30,16,14
2016-07-16,13,7,6
2016-07-11,23,1,22
2016-07-07,0,0,0
2016-07-30,0,0,0
2016-07-11,22,4,18
2016-07-30,20,7,13
2016-07-18,0,0,0
2016-07-03,0,0,0
2016-07-14,6,2,4
2016-07-04,17,8,9
2016-07-22,12,1,11
2016-07-17,13,5,8
2016-07-17,5,5,0
2016-07-13,18,7,11
2016-07-26,2,2,0
2016-07-06,1,1,0
2016-07-21,26,19,7
2016-07-07,0,0,0
2016-07-29,0,0,0
2016-07-30,4,2,2
2016-07-23,7,3,4
2016-07-12,38,29,9
2016-07-25,17,10,7
2016-07-07,18,9,9
2016-07-07,0,0,0
2016-07-04,9,5,4
2016-07-02,0,0,0
2016-07-05,14,0,14
2016-07-08,0,0,0
2016-07-05,15,9,6
2016-07-24,23,12,11
2016-07-14,29,20,9
2016-07-22,18,7,11
2016-07-28,18,15,3
2016-07-08,0,0,0
2016-07-23,2,0,2
2016-07-07,7,7,0
2016-07-11,0,0,0
2016-07-08,17,10,7
2016-07-20,22,4,18
2016-07-11,1,0,1
2016-07-03,3,1,2
2016-07-22,2,0,2
2016-07-31,20,13,7
2016-07-30,0,0,0
2016-07-25,39,35,4
2016-07-06,12,2,10
2016-07-20,10,1,9
2016-07-29,13,1,12
2016-07-04,15,7,8
2016-07-19,17,5,12
2016-07-19,21,3,18
2016-07-30,15,5,10
2016-07-31,8,1,7
2016-07-30,8,3,5
2016-07-13,28,5,23
2016-07-01,15,8,7
2016-07-07,15,2,13
2016-07-04,3,1,2
2016-07-02,10,2,8
2016-07-23,4,3,1
2016-07-31,4,2,2
2016-07-23,15,10,5
2016-07-18,12,0,12
2016-07-17,19,8,11
2016-07-27,14,7,7
2016-07-13,2,2,0
2016-07-25,18,10,8
2016-07-07,15,1,14
2016-07-01,18,16,2
2016-07-26,24,5,19
2016-07-23,17,6,11
2016-07-03,6,3,3
2016-07-19,0,0,0
2016-07-27,0,0,0
2016-07-19,12,10,2
2016-07-16,10,5,5
2016-07-17,2,2,0
2016-07-07,0,0,0
2016-07-15,0,0,0
2016-07-18,2,2,0
2016-07-16,7,0,7
2016-07-18,24,4,20
2016-07-16,31,14,17
2016-07-21,47,8,39
2016-07-09,11,7,4
2016-07-18,1,1,0
2016-07-09,0,0,0
2016-07-02,1,0,1
2016-07-02,12,10,2
2016-07-25,0,0,0
2016-07-12,3,1,2
2016-07-08,0,0,0
2016-07-27,27,21,6
2016-07-19,5,2,3
2016-07-17,0,0,0
2016-07-20,8,5,3
2016-07-15,0,0,0
2016-07-06,17,15,2
2016-07-10,35,17,18
2016-07-09,5,0,5
2016-07-14,1,1,0
2016-07-19,51,37,14
2016-07-20,0,0,0
2016-07-09,2,2,0
2016-07-08,12,0,12
2016-07-05,10,5,5
2016-07-04,0,0,0
2016-07-13,45,37,8
2016-07-01,36,2,34
2016-07-14,19,13,6
2016-07-01,15,8,7
2016-07-27,0,0,0
2016-07-17,2,0,2
2016-07-03,12,6,6
2016-07-29,24,23,1
2016-07-02,4,2,2
2016-07-23,3,0,3
2016-07-11,17,0,17
2016-07-31,0,0,0
2016-07-21,16,4,12
2016-07-31,7,6,1
2016-07-01,20,3,17
2016-07-16,3,3,0
2016-07-15,0,0,0
2016-07-05,3,3,0
2016-07-02,4,2,2
2016-07-06,1,1,0
2016-07-29,24,4,20
2016-07-16,0,0,0
2016-07-07,8,5,3
2016-07-02,20,12,8
2016-07-18,29,26,3
2016-07-14,6,3,3
2016-07-26,22,17,5
2016-07-18,37,31,6
2016-07-17,17,8,9
2016-07-19,16,2,14
2016-07-12,2,2,0
2016-07-12,25,9,16
2016-07-29,33,2,31
2016-07-22,11,4,7
2016-07-17,0,0,0
2016-07-12,1,1,0
2016-07-26,20,7,13
2016-07-26,22,12,10
2016-07-31,24,15,9
2016-07-17,29,19,10
2016-07-30,18,7,11
2016-07-23,12,6,6
2016-07-28,16,2,14
2016-07-14,2,2,0
2016-07-21,10,4,6
2016-07-15,23,4,19
2016-07-21,29,4,25
2016-08-26,9,0,9
2016-08-11,2,1,1
2016-08-21,0,0,0
2016-08-28,0,0,0
2016-08-20,18,5,13
2016-08-19,6,5,1
2016-08-15,8,5,3
2016-08-30,19,1,18
2016-08-08,8,2,6
2016-08-11,36,4,32
2016-08-01,7,2,5
2016-08-03,24,13,11
2016-08-24,12,2,10
2016-08-26,2,2,0
2016-08-10,27,2,25
2016-08-19,24,6,18
2016-08-14,31,17,14
2016-08-19,5,0,5
2016-08-18,0,0,0
2016-08-28,19,14,5
2016-08-08,19,0,19
2016-08-10,14,10,4
2016-08-29,15,9,6
2016-08-07,7,3,4
2016-08-01,17,8,9
2016-08-09,0,0,0
2016-08-24,13,11,2
2016-08-22,8,6,2
2016-08-25,0,0,0
2016-08-04,13,8,5
2016-08-13,0,0,0
2016-08-07,17,7,10
2016-08-11,4,0,4
2016-08-30,9,6,3
2016-08-05,29,3,26
2016-08-24,38,32,6
2016-08-19,0,0,0
2016-08-05,1,0,1
2016-08-17,15,9,6
2016-08-05,9,5,4
2016-08-31,0,0,0
2016-08-06,16,6,10
2016-08-01,0,0,0
2016-08-25,16,11,5
2016-08-30,26,20,6
2016-08-15,7,0,7
2016-08-22,12,5,7
2016-08-03,21,15,6
2016-08-02,12,7,5
2016-08-06,2,2,0
2016-08-12,17,12,5
2016-08-27,2,1,1
2016-08-15,0,0,0
2016-08-15,23,18,5
2016-08-05,5,1,4
2016-08-20,5,1,4
2016-08-21,6,3,3
2016-08-20,4,0,4
2016-08-13,7,7,0
2016-08-10,0,0,0
2016-08-22,22,17,5
2016-08-10,20,16,4
2016-08-07,15,3,12
2016-08-16,14,3,11
2016-08-13,11,7,4
2016-08-09,32,3,29
2016-08-13,2,0,2
2016-08-22,10,5,5
2016-08-03,12,4,8
2016-08-22,0,0,0
2016-08-26,0,0,0
2016-08-16,0,0,0
2016-08-18,14,10,4
2016-08-04,0,0,0
2016-08-15,11,4,7
2016-08-04,46,35,11
2016-08-10,43,33,10
2016-08-05,19,2,17
2016-08-11,10,8,2
2016-08-14,4,1,3
2016-08-13,6,1,5
2016-08-09,36,27,9
2016-08-22,21,1,20
2016-08-08,18,17,1
2016-08-05,12,2,10
2016-08-27,7,0,7
2016-08-24,12,12,0
2016-08-11,16,15,1
2016-08-27,15,4,11
2016-08-01,12,0,12
2016-08-12,10,8,2
2016-08-24,4,0,4
2016-08-26,1,0,1
2016-08-22,0,0,0
2016-08-17,10,7,3
2016-08-06,19,12,7
2016-08-28,7,6,1
2016-08-10,7,3,4
2016-08-06,3,3,0
2016-08-09,0,0,0
2016-08-20,8,1,7
2016-08-06,0,0,0
2016-08-13,0,0,0
2016-08-17,15,8,7
2016-08-14,15,4,11
2016-08-07,13,5,8
2016-08-26,49,34,15
2016-08-29,7,5,2
2016-08-25,28,23,5
2016-08-22,0,0,0
2016-08-21,12,7,5
2016-08-23,56,48,8
2016-08-30,3,2,1
2016-08-30,0,0,0
2016-08-05,17,10,7
2016-08-27,17,7,10
2016-08-20,5,1,4
2016-08-30,20,3,17
2016-08-23,2,1,1
2016-08-22,0,0,0
2016-08-06,7,7,0
2016-08-26,10,6,4
2016-08-11,18,1,17
2016-08-21,0,0,0
2016-08-05,0,0,0
2016-08-19,0,0,0
2016-08-12,2,2,0
2016-08-03,12,0,12
2016-08-09,18,2,16
2016-08-12,7,5,2
2016-08-20,2,0,2
2016-08-30,1,1,0
2016-08-13,0,0,0
2016-08-05,2,0,2
2016-08-17,0,0,0
2016-08-15,5,2,3
2016-08-16,1,1,0
2016-08-03,41,30,11
2016-08-14,16,13,3
2016-08-23,25,16,9
2016-08-15,0,0,0
2016-08-02,22,20,2
2016-08-14,0,0,0
2016-08-07,4,2,2
2016-08-28,4,2,2
2016-08-07,3,2,1
2016-08-29,0,0,0
2016-08-18,27,3,24
2016-08-14,9,2,7
2016-08-25,13,0,13
2016-08-06,5,3,2
2016-08-10,3,2,1
2016-08-08,15,7,8
2016-08-23,36,2,34
2016-08-26,10,6,4
2016-08-07,0,0,0
2016-08-17,24,22,2
2016-08-22,17,1,16
2016-08-24,0,0,0
2016-08-22,52,43,9
2016-08-02,22,2,20
2016-08-31,18,12,6
2016-08-04,2,2,0
2016-08-02,0,0,0
2016-08-28,1,1,0
2016-08-02,19,2,17
2016-08-12,31,10,21
2016-08-04,22,3,19
2016-08-06,2,0,2
2016-08-23,15,12,3
2016-08-04,41,33,8
2016-08-20,9,1,8
2016-08-16,5,1,4
2016-08-28,24,11,13
2016-08-25,18,11,7
2016-08-26,14,4,10
2016-08-23,1,1,0
2016-08-27,16,9,7
2016-08-07,3,3,0
2016-08-22,27,19,8
2016-08-13,0,0,0
2016-08-24,12,8,4
2016-08-03,0,0,0
2016-08-23,7,6,1
2016-08-30,47,40,7
2016-08-30,0,0,0
2016-08-24,7,6,1
2016-08-15,11,3,8
2016-08-31,2,0,2
2016-08-11,24,20,4
2016-08-18,9,7,2
2016-08-15,12,5,7
2016-08-08,0,0,0
2016-08-06,1,0,1
2016-08-03,1,1,0
2016-08-24,0,0,0
2016-08-11,0,0,0
2016-08-29,0,0,0
2016-08-18,0,0,0
2016-08-22,1,0,1
2016-08-05,1,1,0
2016-08-09,24,17,7
2016-08-01,0,0,0
2016-08-06,2,0,2
2016-08-08,1,1,0
2016-08-15,12,1,11
2016-08-27,3,2,1
2016-08-30,38,27,11
2016-08-09,2,1,1
2016-08-29,1,1,0
2016-08-31,7,7,0
2016-08-10,5,0,5
2016-08-15,0,0,0
2016-08-28,32,18,14
2016-08-14,2,0,2
2016-08-05,2,2,0
2016-08-27,5,1,4
2016-08-26,15,0,15
2016-08-11,0,0,0
2016-08-04,32,5,27
2016-08-31,43,4,39
2016-08-30,2,2,0
2016-08-31,35,5,30
2016-08-02,0,0,0
2016-08-25,32,11,21
2016-08-03,17,14,3
2016-08-23,18,10,8
2016-08-29,8,3,5
2016-08-18,14,7,7
2016-08-13,2,1,1
2016-08-26,30,1,29
2016-08-29,15,3,12
2016-08-23,45,2,43
2016-08-27,10,1,9
2016-08-13,6,2,4
2016-08-23,26,22,4
2016-08-20,0,0,0
2016-08-02,4,4,0
2016-08-02,13,9,4
2016-08-29,42,38,4
2016-08-18,17,3,14
2016-08-02,0,0,0
2016-08-09,8,6,2
2016-08-21,8,3,5
2016-08-02,0,0,0
2016-08-16,1,1,0
2016-08-01,4,0,4
2016-08-27,15,10,5
2016-08-10,26,6,20
2016-08-06,4,2,2
2016-08-31,20,0,20
2016-08-28,0,0,0
2016-08-01,0,0,0
2016-08-31,11,5,6
2016-08-23,23,2,21
2016-08-25,8,2,6
2016-08-04,0,0,0
2016-08-26,0,0,0
2016-08-23,22,4,18
2016-08-16,8,4,4
2016-08-16,1,1,0
2016-08-02,1,1,0
2016-08-07,15,7,8
2016-08-18,0,0,0
2016-08-15,18,9,9
2016-08-03,28,17,11
2016-08-03,0,0,0
2016-08-26,27,13,14
2016-08-20,18,10,8
2016-08-16,15,13,2
2016-08-05,2,2,0
2016-08-13,5,1,4
2016-08-27,0,0,0
2016-08-31,20,3,17
2016-08-07,0,0,0
2016-08-02,5,3,2
2016-08-20,5,5,0
2016-08-12,1,1,0
2016-08-07,0,0,0
2016-08-12,12,1,11
2016-08-03,0,0,0
2016-08-14,0,0,0
2016-08-28,0,0,0
2016-08-01,9,3,6
2016-08-23,19,19,0
2016-08-30,8,5,3
2016-08-09,13,7,6
2016-08-19,20,4,16
2016-08-27,0,0,0
2016-08-18,20,14,6
2016-08-20,7,7,0
2016-08-29,0,0,0
2016-08-26,11,5,6
2016-08-08,1,1,0
2016-08-25,4,2,2
2016-08-12,24,23,1
2016-08-27,9,8,1
2016-08-30,43,3,40
2016-08-15,29,7,22
2016-08-09,0,0,0
2016-08-18,8,8,0
2016-08-04,24,5,19
2016-08-28,10,2,8
2016-08-09,0,0,0
2016-08-22,15,2,13
2016-08-05,27,21,6
2016-08-21,0,0,0
2016-08-02,17,2,15
2016-08-13,5,3,2
2016-08-12,0,0,0
2016-08-16,15,12,3
2016-08-06,3,3,0
2016-08-05,7,3,4
2016-08-15,29,6,23
2016-08-29,17,5,12
2016-08-25,42,30,12
2016-08-25,0,0,0
2016-08-30,0,0,0
2016-08-31,1,0,1
2016-08-28,6,2,4
2016-08-04,23,13,10
2016-08-08,36,29,7
2016-08-31,25,8,17
2016-08-16,24,6,18
2016-08-13,20,3,17
2016-08-24,38,8,30
2016-08-10,16,9,7
2016-08-26,30,6,24
2016-08-01,10,1,9
2016-08-21,0,0,0
2016-08-09,4,3,1
2016-08-17,0,0,0
2016-08-12,8,3,5
2016-08-07,0,0,0
2016-08-25,2,2,0
2016-08-19,12,5,7
2016-08-12,0,0,0
2016-08-11,12,7,5
2016-08-28,10,5,5
2016-08-12,0,0,0
2016-08-10,0,0,0
2016-08-19,1,1,0
2016-08-25,25,4,21
2016-08-23,1,1,0
2016-08-08,12,5,7
2016-08-01,1,1,0
2016-08-26,3,2,1
2016-08-05,14,8,6
2016-08-15,31,21,10
2016-08-10,32,3,29
2016-08-17,0,0,0
2016-08-14,0,0,0
2016-08-28,5,5,0
2016-08-03,6,1,5
2016-08-08,28,25,3
2016-08-14,6,1,5
2016-08-02,5,4,1
2016-08-09,16,11,5
2016-08-06,4,2,2
2016-08-09,28,6,22
2016-08-09,19,14,5
2016-08-28,13,4,9
2016-08-30,14,1,13
2016-08-28,0,0,0
2016-08-16,28,19,9
2016-08-12,3,2,1
2016-08-04,0,0,0
2016-08-29,41,35,6
2016-08-27,10,2,8
2016-08-27,7,0,7
2016-08-21,3,0,3
2016-08-13,15,6,9
2016-08-31,2,2,0
2016-08-20,1,0,1
2016-08-27,14,9,5
2016-08-20,7,3,4
2016-08-11,16,10,6
2016-08-06,14,4,10
2016-08-23,0,0,0
2016-08-08,23,0,23
2016-08-17,44,26,18
2016-08-28,3,0,3
2016-08-30,5,0,5
2016-08-08,19,1,18
2016-08-01,26,1,25
2016-08-01,2,1,1
2016-08-17,36,5,31
2016-08-21,8,2,6
2016-08-23,2,1,1
2016-08-19,1,1,0
2016-08-21,0,0,0
2016-08-20,6,5,1
2016-08-28,3,0,3
2016-08-12,7,4,3
2016-08-17,8,3,5
2016-08-11,0,0,0
2016-08-27,9,2,7
2016-08-20,0,0,0
2016-08-07,1,1,0
2016-08-21,0,0,0
2016-08-09,9,6,3
2016-08-10,0,0,0
2016-08-30,14,11,3
2016-08-01,19,15,4
2016-08-17,17,7,10
2016-08-08,3,1,2
2016-08-05,1,0,1
2016-08-06,5,1,4
2016-08-31,24,9,15
2016-08-21,22,15,7
2016-08-22,10,7,3
2016-08-29,24,1,23
2016-08-08,7,6,1
2016-08-20,19,7,12
2016-08-19,13,9,4
2016-08-06,0,0,0
2016-08-26,3,0,3
2016-08-31,0,0,0
2016-08-08,11,3,8
2016-08-16,16,6,10
2016-08-18,9,6,3
2016-08-26,0,0,0
2016-08-13,0,0,0
2016-08-24,0,0,0
2016-08-11,13,6,7
2016-08-05,10,3,7
2016-08-10,13,8,5
2016-08-15,1,1,0
2016-08-24,1,1,0
2016-08-10,13,0,13
2016-08-26,0,0,0
2016-08-04,25,20,5
2016-08-25,16,4,12
2016-08-06,12,10,2
2016-08-14,17,8,9
2016-08-02,8,5,3
2016-08-30,5,3,2
2016-08-06,15,6,9
2016-08-12,19,3,16
2016-08-23,11,5,6
2016-08-22,3,3,0
2016-08-30,31,6,25
2016-08-22,16,6,10
2016-08-04,16,4,12
2016-08-31,8,5,3
2016-08-24,16,5,11
2016-08-03,12,9,3
2016-08-01,18,11,7
2016-08-01,36,32,4
2016-08-28,2,0,2
2016-08-23,2,2,0
2016-08-17,3,1,2
2016-08-12,20,16,4
2016-08-07,4,4,0
2016-08-01,31,4,27
2016-08-18,8,5,3
2016-08-04,13,7,6
2016-08-22,29,3,26
2016-08-25,9,4,5
2016-08-04,0,0,0
2016-08-29,0,0,0
2016-08-21,18,13,5
2016-08-25,5,0,5
2016-08-19,2,2,0
2016-08-04,26,21,5
2016-08-31,9,5,4
2016-08-26,7,6,1
2016-08-09,33,30,3
2016-08-18,13,10,3
2016-08-20,6,3,3
2016-08-24,6,4,2
2016-08-09,21,5,16
2016-08-13,8,5,3
2016-08-26,13,10,3
2016-08-02,12,7,5
2016-08-21,0,0,0
2016-08-01,22,1,21
2016-08-05,22,2,20
2016-08-25,10,5,5
2016-08-07,7,5,2
2016-08-16,16,8,8
2016-08-12,0,0,0
2016-08-05,18,12,6
2016-08-01,29,29,0
2016-08-24,20,4,16
2016-08-03,23,10,13
2016-08-18,38,8,30
2016-08-07,1,0,1
2016-08-02,35,25,10
2016-08-31,0,0,0
2016-08-03,29,3,26
2016-08-20,5,2,3
2016-08-29,9,3,6
2016-08-14,5,3,2
2016-08-13,1,0,1
2016-08-31,47,31,16
2016-08-07,29,22,7
2016-08-11,49,42,7
2016-08-19,0,0,0
2016-08-26,33,28,5
2016-08-30,16,9,7
2016-08-21,0,0,0
2016-08-16,30,5,25
2016-08-28,23,11,12
2016-08-04,2,0,2
2016-08-13,21,17,4
2016-08-11,18,3,15
2016-08-29,19,0,19
2016-08-21,5,3,2
2016-08-14,0,0,0
2016-08-06,17,3,14
2016-08-17,15,8,7
2016-08-27,15,9,6
2016-08-29,17,10,7
2016-08-23,8,4,4
2016-08-15,20,4,16
2016-08-26,0,0,0
2016-08-29,27,19,8
2016-08-25,4,1,3
2016-08-16,60,44,16
2016-08-19,1,1,0
2016-08-27,0,0,0
2016-08-24,0,0,0
2016-08-19,12,7,5
2016-08-14,14,4,10
2016-08-30,2,2,0
2016-08-03,8,2,6
2016-08-17,0,0,0
2016-08-19,6,3,3
2016-08-25,19,14,5
2016-08-23,9,4,5
2016-08-03,13,6,7
2016-08-29,36,2,34
2016-08-06,0,0,0
2016-08-31,0,0,0
2016-08-21,3,0,3
2016-08-04,31,3,28
2016-08-27,5,2,3
2016-08-27,1,1,0
2016-08-04,14,7,7
2016-08-28,0,0,0
2016-08-08,0,0,0
2016-08-25,51,7,44
2016-08-23,0,0,0
2016-08-15,8,4,4
2016-08-24,16,7,9
2016-08-19,16,12,4
2016-08-09,5,2,3
2016-08-04,7,5,2
2016-08-25,23,18,5
2016-08-06,3,2,1
2016-08-11,24,5,19
2016-08-02,15,10,5
2016-08-17,45,34,11
2016-08-13,9,4,5
2016-08-22,2,2,0
2016-08-18,0,0,0
2016-08-05,11,7,4
2016-08-09,0,0,0
2016-08-31,9,3,6
2016-08-08,10,3,7
2016-08-08,3,3,0
2016-08-19,8,4,4
2016-08-13,10,3,7
2016-08-13,9,1,8
2016-08-23,11,8,3
2016-08-31,58,43,15
2016-08-02,14,3,11
2016-08-18,35,30,5
2016-08-19,14,12,2
2016-08-29,0,0,0
2016-08-25,0,0,0
2016-08-10,28,2,26
2016-08-22,33,25,8
2016-08-17,9,3,6
2016-08-14,0,0,0
2016-08-12,0,0,0
2016-08-05,3,3,0
2016-08-04,15,2,13
2016-08-18,1,1,0
2016-08-10,42,29,13
2016-08-02,0,0,0
2016-08-16,33,30,3
2016-08-22,17,8,9
2016-08-11,9,4,5
2016-08-17,1,1,0
2016-08-06,12,4,8
2016-08-13,7,0,7
2016-08-19,15,7,8
2016-08-19,9,7,2
2016-08-29,2,1,1
2016-08-25,19,13,6
2016-08-06,34,14,20
2016-08-05,6,2,4
2016-08-20,0,0,0
2016-08-08,0,0,0
2016-08-03,9,5,4
2016-08-17,0,0,0
2016-08-17,5,0,5
2016-08-16,7,7,0
2016-08-24,1,0,1
2016-08-17,26,0,26
2016-08-16,2,0,2
2016-08-16,25,14,11
2016-08-25,0,0,0
2016-08-31,3,1,2
2016-08-15,2,2,0
2016-08-21,16,7,9
2016-08-24,42,7,35
2016-08-11,2,2,0
2016-08-30,15,4,11
2016-08-12,15,5,10
2016-08-29,15,3,12
2016-08-15,1,1,0
2016-08-12,10,6,4
2016-08-08,15,14,1
2016-08-16,33,7,26
2016-08-20,3,2,1
2016-08-16,0,0,0
2016-08-21,10,9,1
2016-08-19,13,4,9
2016-08-03,41,5,36
2016-08-24,35,23,12
2016-08-15,6,5,1
2016-08-10,12,6,6
2016-08-20,10,7,3
2016-08-09,23,5,18
2016-08-19,29,18,11
2016-08-14,16,6,10
2016-08-11,15,5,10
2016-08-04,17,1,16
2016-08-29,8,3,5
2016-08-11,19,2,17
2016-08-21,21,10,11
2016-08-18,14,4,10
2016-08-10,18,4,14
2016-08-28,1,1,0
2016-08-03,19,4,15
2016-08-17,3,1,2
2016-08-10,5,1,4
2016-08-13,7,7,0
2016-08-05,0,0,0
2016-08-12,17,10,7
2016-08-20,0,0,0
2016-08-28,23,12,11
2016-08-10,0,0,0
2016-08-01,7,5,2
2016-08-25,14,4,10
2016-08-14,3,0,3
2016-08-07,12,10,2
2016-08-29,26,3,23
2016-08-24,42,33,9
2016-08-27,0,0,0
2016-08-21,12,5,7
2016-08-20,7,3,4
2016-08-08,16,10,6
2016-08-01,8,4,4
2016-08-27,2,2,0
2016-08-14,16,12,4
2016-08-11,0,0,0
2016-08-16,25,4,21
2016-08-03,3,0,3
2016-08-01,0,0,0
2016-08-01,0,0,0
2016-08-09,18,4,14
2016-08-28,18,11,7
2016-08-07,8,3,5
2016-08-07,9,2,7
2016-08-07,0,0,0
2016-08-03,51,47,4
2016-08-07,2,0,2
2016-08-20,15,6,9
2016-08-09,6,5,1
2016-08-07,0,0,0
2016-08-03,7,5,2
2016-08-31,4,4,0
2016-08-10,1,1,0
2016-08-04,3,1,2
2016-08-30,35,24,11
2016-08-24,43,23,20
2016-08-17,19,15,4
2016-08-02,12,1,11
2016-08-02,12,8,4
2016-08-18,0,0,0
2016-08-15,0,0,0
2016-08-21,15,9,6
2016-08-26,15,12,3
2016-08-11,0,0,0
2016-08-18,0,0,0
2016-08-12,33,4,29
2016-08-16,0,0,0
2016-08-10,1,1,0
2016-08-01,25,22,3
2016-08-14,19,15,4
2016-08-19,10,4,6
2016-08-12,39,32,7
2016-08-03,0,0,0
2016-08-22,22,3,19
2016-08-18,4,0,4
2016-08-23,0,0,0
2016-08-14,2,0,2
2016-08-14,4,4,0
2016-08-18,8,4,4
2016-08-16,11,7,4
2016-08-14,6,2,4
2016-08-07,16,9,7
2016-08-10,28,21,7
2016-08-12,11,1,10
2016-08-18,37,32,5
2016-08-18,26,8,18
2016-08-05,31,29,2
2016-08-27,3,2,1
2016-08-21,23,6,17
2016-08-06,27,13,14
2016-08-26,9,2,7
2016-08-08,1,1,0
2016-08-24,9,7,2
2016-08-11,1,1,0
2016-08-31,2,0,2
2016-08-19,2,2,0
2016-08-15,32,30,2
2016-08-29,34,20,14
2016-08-21,16,6,10
2016-08-08,18,2,16
2016-08-24,6,1,5
2016-08-27,0,0,0
2016-08-08,4,0,4
2016-08-28,0,0,0
2016-08-30,10,4,6
2016-08-17,9,5,4
2016-08-11,23,18,5
2016-08-17,2,0,2
2016-08-23,22,6,16
2016-08-14,17,11,6
2016-08-01,8,6,2
2016-08-02,1,1,0
2016-08-02,21,19,2
2016-08-04,2,2,0
2016-08-22,16,6,10
2016-08-15,55,46,9
2016-08-22,0,0,0
2016-08-09,20,2,18
2016-08-14,21,10,11
2016-08-13,0,0,0
2016-09-06,17,6,11
2016-09-13,25,7,18
2016-09-23,8,0,8
2016-09-24,21,8,13
2016-09-20,33,32,1
2016-09-02,10,7,3
2016-09-13,1,0,1
2016-09-09,21,10,11
2016-09-26,9,7,2
2016-09-27,9,7,2
2016-09-13,17,9,8
2016-09-13,13,2,11
2016-09-07,0,0,0
2016-09-20,72,13,59
2016-09-26,15,4,11
2016-09-27,19,5,14
2016-09-27,17,4,13
2016-09-11,18,11,7
2016-09-21,23,4,19
2016-09-08,19,9,10
2016-09-14,30,17,13
2016-09-13,6,4,2
2016-09-20,2,2,0
2016-09-12,4,4,0
2016-09-15,29,4,25
2016-09-07,14,2,12
2016-09-29,9,5,4
2016-09-02,0,0,0
2016-09-04,1,1,0
2016-09-03,12,3,9
2016-09-16,5,2,3
2016-09-15,7,6,1
2016-09-14,1,1,0
2016-09-11,2,1,1
2016-09-25,20,12,8
2016-09-21,38,8,30
2016-09-17,11,3,8
2016-09-24,0,0,0
2016-09-11,14,7,7
2016-09-25,15,6,9
2016-09-03,0,0,0
2016-09-26,35,8,27
2016-09-27,37,29,8
2016-09-06,0,0,0
2016-09-28,13,4,9
2016-09-15,50,44,6
2016-09-24,13,12,1
2016-09-10,22,8,14
2016-09-21,3,3,0
2016-09-18,21,7,14
2016-09-15,2,0,2
2016-09-17,10,1,9
2016-09-07,26,23,3
2016-09-05,0,0,0
2016-09-25,2,2,0
2016-09-05,10,3,7
2016-09-15,54,41,13
2016-09-19,4,4,0
2016-09-06,17,11,6
2016-09-16,2,2,0
2016-09-17,0,0,0
2016-09-08,34,2,32
2016-09-27,34,27,7
2016-09-27,17,8,9
2016-09-11,13,6,7
2016-09-14,23,21,2
2016-09-01,14,11,3
2016-09-23,39,28,11
2016-09-30,21,4,17
2016-09-30,0,0,0
2016-09-13,0,0,0
2016-09-09,12,8,4
2016-09-12,45,38,7
2016-09-30,9,8,1
2016-09-23,46,7,39
2016-09-01,0,0,0
2016-09-28,61,49,12
2016-09-26,35,28,7
2016-09-01,11,2,9
2016-09-20,10,4,6
2016-09-28,3,0,3
2016-09-06,0,0,0
2016-09-14,0,0,0
2016-09-03,0,0,0
2016-09-22,16,10,6
2016-09-24,11,5,6
2016-09-14,25,16,9
2016-09-06,25,2,23
2016-09-25,0,0,0
2016-09-24,16,4,12
2016-09-03,12,3,9
2016-09-17,2,2,0
2016-09-11,3,2,1
2016-09-26,2,1,1
2016-09-08,53,34,19
2016-09-17,1,1,0
2016-09-07,2,0,2
2016-09-19,48,34,14
2016-09-04,4,2,2
2016-09-10,1,0,1
2016-09-24,12,10,2
2016-09-09,8,3,5
2016-09-07,6,6,0
2016-09-01,16,8,8
2016-09-19,16,12,4
2016-09-24,0,0,0
2016-09-29,29,23,6
2016-09-04,2,0,2
2016-09-13,46,5,41
2016-09-21,46,39,7
2016-09-10,0,0,0
2016-09-23,20,17,3
2016-09-23,5,5,0
2016-09-17,6,2,4
2016-09-08,17,14,3
2016-09-25,17,11,6
2016-09-28,1,0,1
2016-09-22,10,5,5
2016-09-04,1,0,1
2016-09-03,0,0,0
2016-09-08,0,0,0
2016-09-12,17,10,7
2016-09-28,15,6,9
2016-09-30,0,0,0
2016-09-14,20,5,15
2016-09-19,0,0,0
2016-09-16,19,10,9
2016-09-02,9,3,6
2016-09-11,23,4,19
2016-09-08,0,0,0
2016-09-01,26,2,24
2016-09-08,13,4,9
2016-09-29,21,7,14
2016-09-08,36,35,1
2016-09-19,12,2,10
2016-09-23,8,1,7
2016-09-18,5,2,3
2016-09-06,16,12,4
2016-09-18,6,0,6
2016-09-01,0,0,0
2016-09-11,16,7,9
2016-09-15,0,0,0
2016-09-23,19,3,16
2016-09-17,2,0,2
2016-09-29,0,0,0
2016-09-11,4,2,2
2016-09-20,15,1,14
2016-09-30,32,24,8
2016-09-09,30,20,10
2016-09-09,0,0,0
2016-09-19,14,8,6
2016-09-15,6,2,4
2016-09-05,3,0,3
2016-09-09,2,0,2
2016-09-23,1,0,1
2016-09-28,1,1,0
2016-09-13,29,22,7
2016-09-10,21,7,14
2016-09-21,9,2,7
2016-09-01,0,0,0
2016-09-05,20,10,10
2016-09-22,53,48,5
2016-09-21,38,26,12
2016-09-10,0,0,0
2016-09-04,0,0,0
2016-09-22,5,3,2
2016-09-08,0,0,0
2016-09-08,1,1,0
2016-09-11,0,0,0
2016-09-15,25,11,14
2016-09-24,9,6,3
2016-09-17,1,1,0
2016-09-30,40,4,36
2016-09-03,6,3,3
2016-09-26,17,9,8
2016-09-27,19,16,3
2016-09-01,5,2,3
2016-09-03,0,0,0
2016-09-13,0,0,0
2016-09-19,12,1,11
2016-09-29,37,28,9
2016-09-20,12,8,4
2016-09-28,18,15,3
2016-09-06,1,1,0
2016-09-09,15,7,8
2016-09-11,4,2,2
2016-09-09,45,34,11
2016-09-04,25,14,11
2016-09-23,10,3,7
2016-09-18,18,11,7
2016-09-10,3,2,1
2016-09-07,33,26,7
2016-09-02,9,4,5
2016-09-29,6,2,4
2016-09-17,5,1,4
2016-09-15,1,1,0
2016-09-01,12,7,5
2016-09-29,5,1,4
2016-09-12,15,3,12
2016-09-12,38,28,10
2016-09-26,0,0,0
2016-09-04,3,0,3
2016-09-01,0,0,0
2016-09-08,4,0,4
2016-09-22,38,2,36
2016-09-17,9,0,9
2016-09-01,0,0,0
2016-09-09,35,6,29
2016-09-13,1,1,0
2016-09-26,33,2,31
2016-09-27,4,1,3
2016-09-03,23,11,12
2016-09-13,39,6,33
2016-09-04,2,2,0
2016-09-08,6,4,2
2016-09-19,13,1,12
2016-09-13,42,31,11
2016-09-05,6,2,4
2016-09-24,0,0,0
2016-09-28,11,2,9
2016-09-03,2,0,2
2016-09-18,1,1,0
2016-09-28,2,2,0
2016-09-19,39,33,6
2016-09-03,0,0,0
2016-09-11,0,0,0
2016-09-16,25,17,8
2016-09-15,0,0,0
2016-09-07,3,1,2
2016-09-25,0,0,0
2016-09-01,1,1,0
2016-09-13,21,14,7
2016-09-16,14,11,3
2016-09-29,15,8,7
2016-09-16,12,0,12
2016-09-22,22,8,14
2016-09-30,22,2,20
2016-09-12,4,0,4
2016-09-02,20,9,11
2016-09-05,0,0,0
2016-09-03,19,10,9
2016-09-05,7,5,2
2016-09-24,14,7,7
2016-09-14,11,3,8
2016-09-04,31,14,17
2016-09-27,0,0,0
2016-09-14,2,0,2
2016-09-12,27,4,23
2016-09-19,6,6,0
2016-09-26,0,0,0
2016-09-16,1,1,0
2016-09-09,25,21,4
2016-09-25,9,5,4
2016-09-24,0,0,0
2016-09-15,10,3,7
2016-09-05,15,11,4
2016-09-27,14,9,5
2016-09-27,7,2,5
2016-09-21,0,0,0
2016-09-02,0,0,0
2016-09-29,12,4,8
2016-09-04,5,5,0
2016-09-01,5,3,2
2016-09-03,4,2,2
2016-09-01,23,18,5
2016-09-29,0,0,0
2016-09-06,0,0,0
2016-09-05,17,10,7
2016-09-03,3,3,0
2016-09-29,2,2,0
2016-09-26,0,0,0
2016-09-14,31,7,24
2016-09-23,14,8,6
2016-09-27,5,0,5
2016-09-12,24,15,9
2016-09-03,0,0,0
2016-09-22,47,3,44
2016-09-22,20,7,13
2016-09-01,19,7,12
2016-09-07,4,3,1
2016-09-23,7,1,6
2016-09-02,25,4,21
2016-09-10,6,4,2
2016-09-02,2,1,1
2016-09-09,10,1,9
2016-09-26,18,3,15
2016-09-07,27,1,26
2016-09-29,27,1,26
2016-09-24,4,3,1
2016-09-22,34,9,25
2016-09-15,54,4,50
2016-09-18,13,10,3
2016-09-15,10,6,4
2016-09-05,0,0,0
2016-09-08,4,4,0
2016-09-29,6,4,2
2016-09-17,9,1,8
2016-09-16,36,2,34
2016-09-23,2,0,2
2016-09-14,13,10,3
2016-09-10,11,10,1
2016-09-11,6,3,3
2016-09-28,38,2,36
2016-09-17,16,10,6
2016-09-12,0,0,0
2016-09-19,49,11,38
2016-09-12,29,22,7
2016-09-28,34,22,12
2016-09-25,23,10,13
2016-09-06,5,0,5
2016-09-06,0,0,0
2016-09-05,1,1,0
2016-09-21,11,3,8
2016-09-28,21,3,18
2016-09-26,2,0,2
2016-09-27,36,8,28
2016-09-29,25,19,6
2016-09-29,0,0,0
2016-09-22,13,2,11
2016-09-06,22,18,4
2016-09-29,0,0,0
2016-09-30,41,27,14
2016-09-22,15,8,7
2016-09-21,13,8,5
2016-09-07,3,3,0
2016-09-11,14,8,6
2016-09-30,16,13,3
2016-09-11,2,0,2
2016-09-05,7,4,3
2016-09-25,10,1,9
2016-09-20,1,1,0
2016-09-23,11,7,4
2016-09-25,10,3,7
2016-09-30,14,4,10
2016-09-16,4,1,3
2016-09-18,0,0,0
2016-09-13,0,0,0
2016-09-22,12,6,6
2016-09-20,11,5,6
2016-09-26,44,4,40
2016-09-25,21,9,12
2016-09-24,15,8,7
2016-09-15,18,11,7
2016-09-14,4,2,2
2016-09-02,0,0,0
2016-09-05,0,0,0
2016-09-24,9,6,3
2016-09-14,18,6,12
2016-09-17,2,2,0
2016-09-10,12,6,6
2016-09-05,1,0,1
2016-09-18,0,0,0
2016-09-09,39,24,15
2016-09-04,28,15,13
2016-09-20,0,0,0
2016-09-20,19,14,5
2016-09-25,0,0,0
2016-09-19,21,12,9
2016-09-05,14,4,10
2016-09-19,6,4,2
2016-09-19,0,0,0
2016-09-07,3,0,3
2016-09-22,34,29,5
2016-09-21,12,6,6
2016-09-27,43,3,40
2016-09-28,4,4,0
2016-09-10,0,0,0
2016-09-14,54,5,49
2016-09-11,0,0,0
2016-09-28,7,3,4
2016-09-12,13,8,5
2016-09-29,52,43,9
2016-09-16,28,8,20
2016-09-15,11,0,11
2016-09-25,0,0,0
2016-09-16,6,5,1
2016-09-05,0,0,0
2016-09-16,26,21,5
2016-09-03,14,8,6
2016-09-15,1,0,1
2016-09-15,23,10,13
2016-09-19,5,2,3
2016-09-11,3,1,2
2016-09-10,23,16,7
2016-09-04,16,10,6
2016-09-21,0,0,0
2016-09-04,15,6,9
2016-09-16,1,1,0
2016-09-09,16,6,10
2016-09-14,0,0,0
2016-09-27,58,50,8
2016-09-09,4,2,2
2016-09-28,2,2,0
2016-09-18,1,1,0
2016-09-06,35,9,26
2016-09-03,2,0,2
2016-09-28,15,7,8
2016-09-23,0,0,0
2016-09-04,0,0,0
2016-09-20,2,2,0
2016-09-07,0,0,0
2016-09-12,8,5,3
2016-09-12,49,2,47
2016-09-22,17,12,5
2016-09-03,0,0,0
2016-09-19,15,8,7
2016-09-16,18,1,17
2016-09-02,11,5,6
2016-09-25,9,4,5
2016-09-21,12,1,11
2016-09-12,7,1,6
2016-09-02,23,2,21
2016-09-30,9,8,1
2016-09-28,0,0,0
2016-09-25,14,6,8
2016-09-26,10,8,2
2016-09-13,5,5,0
2016-09-10,45,8,37
2016-09-02,8,2,6
2016-09-08,12,1,11
2016-09-19,0,0,0
2016-09-16,7,7,0
2016-09-02,35,32,3
2016-09-21,5,2,3
2016-09-16,38,28,10
2016-09-07,16,2,14
2016-09-22,1,0,1
2016-09-21,22,14,8
2016-09-10,24,16,8
2016-09-10,22,9,13
2016-09-05,2,0,2
2016-09-19,3,1,2
2016-09-21,0,0,0
2016-09-20,11,8,3
2016-09-22,0,0,0
2016-09-02,6,4,2
2016-09-02,14,7,7
2016-09-20,36,28,8
2016-09-29,12,1,11
2016-09-10,24,11,13
2016-09-24,0,0,0
2016-09-18,2,2,0
2016-09-27,1,1,0
2016-09-07,14,9,5
2016-09-20,3,2,1
2016-09-05,11,4,7
2016-09-08,31,4,27
2016-09-26,7,2,5
2016-09-15,4,4,0
2016-09-18,16,10,6
2016-09-18,0,0,0
2016-09-08,16,8,8
2016-09-02,6,4,2
2016-09-18,2,0,2
2016-09-23,14,9,5
2016-09-25,0,0,0
2016-09-16,5,1,4
2016-09-24,16,2,14
2016-09-04,8,4,4
2016-09-17,0,0,0
2016-09-27,5,1,4
2016-09-14,49,37,12
2016-09-01,19,1,18
2016-09-18,29,7,22
2016-09-14,7,3,4
2016-09-26,65,56,9
2016-09-24,0,0,0
2016-09-24,3,2,1
2016-09-08,39,28,11
2016-09-01,4,0,4
2016-09-03,12,4,8
2016-09-28,0,0,0
2016-09-26,10,1,9
2016-09-12,0,0,0
2016-09-03,13,6,7
2016-09-12,14,9,5
2016-09-14,0,0,0
2016-09-30,10,4,6
2016-09-12,3,1,2
2016-09-06,3,3,0
2016-09-28,39,3,36
2016-09-18,16,11,5
2016-09-07,39,0,39
2016-09-20,7,3,4
2016-09-17,0,0,0
2016-09-03,6,3,3
2016-09-15,13,10,3
2016-09-06,12,6,6
2016-09-06,18,2,16
2016-09-05,20,6,14
2016-09-29,40,3,37
2016-09-21,12,10,2
2016-09-12,2,2,0
2016-09-21,0,0,0
2016-09-27,1,1,0
2016-09-08,0,0,0
2016-09-21,41,7,34
2016-09-10,4,1,3
2016-09-21,15,13,2
2016-09-08,13,3,10
2016-09-06,0,0,0
2016-09-05,23,11,12
2016-09-14,8,6,2
2016-09-21,6,6,0
2016-09-18,1,0,1
2016-09-11,4,4,0
2016-09-16,0,0,0
2016-09-02,0,0,0
2016-09-27,14,1,13
2016-09-27,47,3,44
2016-09-09,0,0,0
2016-09-16,7,5,2
2016-09-10,6,2,4
2016-09-11,0,0,0
2016-09-08,16,11,5
2016-09-27,0,0,0
2016-09-01,34,28,6
2016-09-12,0,0,0
2016-09-10,4,2,2
2016-09-10,0,0,0
2016-09-18,13,8,5
2016-09-09,2,0,2
2016-09-06,18,7,11
2016-09-25,4,4,0
2016-09-06,22,16,6
2016-09-30,21,11,10
2016-09-22,6,4,2
2016-09-26,2,2,0
2016-09-18,0,0,0
2016-09-07,17,13,4
2016-09-20,0,0,0
2016-09-04,0,0,0
2016-09-27,7,4,3
2016-09-22,0,0,0
2016-09-25,5,0,5
2016-09-01,16,8,8
2016-09-26,9,6,3
2016-09-13,45,39,6
2016-09-19,1,0,1
2016-09-29,1,0,1
2016-09-28,0,0,0
2016-09-10,0,0,0
2016-09-22,0,0,0
2016-09-21,5,5,0
2016-09-18,2,1,1
2016-09-07,0,0,0
2016-09-11,14,7,7
2016-09-01,40,33,7
2016-09-14,4,4,0
2016-09-25,0,0,0
2016-09-25,0,0,0
2016-09-13,0,0,0
2016-09-17,1,1,0
2016-09-25,6,0,6
2016-09-06,0,0,0
2016-09-17,0,0,0
2016-09-28,33,26,7
2016-09-21,0,0,0
2016-09-22,40,29,11
2016-09-28,22,6,16
2016-09-09,2,2,0
2016-09-02,13,11,2
2016-09-20,11,3,8
2016-09-11,3,0,3
2016-09-10,17,9,8
2016-09-18,0,0,0
2016-09-07,3,1,2
2016-09-22,0,0,0
2016-09-27,0,0,0
2016-09-17,5,3,2
2016-09-28,4,3,1
2016-09-02,6,2,4
2016-09-25,15,9,6
2016-09-26,8,3,5
2016-09-03,15,5,10
2016-09-23,0,0,0
2016-09-01,11,9,2
2016-09-09,7,3,4
2016-09-19,9,5,4
2016-09-12,0,0,0
2016-09-06,39,32,7
2016-09-04,6,3,3
2016-09-24,2,0,2
2016-09-03,2,0,2
2016-09-28,9,6,3
2016-09-07,23,4,19
2016-09-09,24,0,24
2016-09-15,0,0,0
2016-09-11,0,0,0
2016-09-13,15,7,8
2016-09-15,22,17,5
2016-09-18,17,7,10
2016-09-04,13,0,13
2016-09-14,40,1,39
2016-09-30,0,0,0
2016-09-30,14,2,12
2016-09-26,4,4,0
2016-09-01,10,2,8
2016-09-18,11,7,4
2016-09-24,2,2,0
2016-09-14,10,6,4
2016-09-08,16,4,12
2016-09-19,0,0,0
2016-09-09,0,0,0
2016-09-03,21,8,13
2016-09-04,18,10,8
2016-09-22,9,5,4
2016-09-08,11,7,4
2016-09-07,4,2,2
2016-09-18,6,1,5
2016-09-29,7,4,3
2016-09-17,1,1,0
2016-09-10,12,5,7
2016-09-09,13,8,5
2016-09-24,18,6,12
2016-09-24,3,1,2
2016-09-29,42,3,39
2016-09-12,29,2,27
2016-09-21,9,4,5
2016-09-07,3,2,1
2016-09-25,4,1,3
2016-09-08,15,0,15
2016-09-20,52,40,12
2016-09-26,0,0,0
2016-09-17,9,3,6
2016-09-26,54,42,12
2016-09-06,2,0,2
2016-09-23,2,2,0
2016-09-05,11,2,9
2016-09-30,21,13,8
2016-09-30,3,0,3
2016-09-22,0,0,0
2016-09-13,0,0,0
2016-09-04,2,1,1
2016-09-23,0,0,0
2016-09-16,3,1,2
2016-09-10,4,1,3
2016-09-08,0,0,0
2016-09-12,1,0,1
2016-09-02,1,1,0
2016-09-02,2,0,2
2016-09-30,6,0,6
2016-09-15,23,2,21
2016-09-17,5,3,2
2016-09-06,8,1,7
2016-09-19,5,1,4
2016-09-13,10,4,6
2016-09-06,15,3,12
2016-09-23,14,8,6
2016-09-20,12,6,6
2016-09-22,0,0,0
2016-09-02,10,1,9
2016-09-30,0,0,0
2016-09-30,29,20,9
2016-09-29,19,17,2
2016-09-07,0,0,0
2016-09-05,0,0,0
2016-09-03,5,0,5
2016-09-23,0,0,0
2016-09-13,9,8,1
2016-09-16,23,20,3
2016-09-04,8,1,7
2016-09-07,13,9,4
2016-09-12,9,2,7
2016-09-04,19,10,9
2016-09-24,13,10,3
2016-09-09,0,0,0
2016-09-15,1,1,0
2016-09-20,3,0,3
2016-09-14,52,39,13
2016-09-14,11,0,11
2016-09-11,10,2,8
2016-09-24,9,7,2
2016-09-18,16,7,9
2016-09-15,6,3,3
2016-09-11,3,1,2
2016-09-16,1,1,0
2016-09-19,0,0,0
2016-09-17,0,0,0
2016-09-09,13,4,9
2016-09-23,16,8,8
2016-09-04,5,4,1
2016-09-11,0,0,0
2016-09-20,0,0,0
2016-09-23,31,23,8
2016-09-27,0,0,0
2016-09-10,4,1,3
2016-09-13,14,7,7
2016-09-20,32,3,29
2016-09-23,24,1,23
2016-09-21,1,1,0
2016-09-16,3,0,3
2016-09-14,2,0,2
2016-09-09,27,17,10
2016-09-04,2,1,1
2016-09-01,30,6,24
2016-09-17,0,0,0
2016-09-30,20,3,17
2016-09-20,3,3,0
2016-09-12,0,0,0
2016-09-07,29,20,9
2016-09-16,6,6,0
2016-09-17,9,3,6
2016-09-30,3,3,0
2016-09-19,28,3,25
2016-09-13,6,2,4
2016-09-20,20,1,19
2016-09-02,0,0,0
2016-09-25,8,0,8
2016-09-30,14,7,7
2016-09-23,0,0,0
2016-09-06,18,7,11
2016-09-26,0,0,0
2016-09-05,6,4,2
2016-09-13,0,0,0
2016-09-30,8,8,0
2016-09-29,0,0,0
2016-09-05,11,3,8
2016-09-01,5,0,5
2016-09-02,7,0,7
2016-10-08,1,1,0
2016-10-22,4,2,2
2016-10-01,0,0,0
2016-10-28,4,2,2
2016-10-18,17,17,0
2016-10-22,1,1,0
2016-10-12,20,0,20
2016-10-26,2,2,0
2016-10-27,3,0,3
2016-10-08,1,0,1
2016-10-21,1,1,0
2016-10-07,0,0,0
2016-10-06,14,13,1
2016-10-31,0,0,0
2016-10-29,7,5,2
2016-10-02,7,3,4
2016-10-16,0,0,0
2016-10-02,7,4,3
2016-10-10,2,1,1
2016-10-18,0,0,0
2016-10-12,1,1,0
2016-10-03,42,4,38
2016-10-19,2,0,2
2016-10-03,10,0,10
2016-10-08,2,1,1
2016-10-14,5,4,1
2016-10-21,9,2,7
2016-10-08,3,1,2
2016-10-18,19,18,1
2016-10-13,0,0,0
2016-10-12,5,2,3
2016-10-09,1,0,1
2016-10-28,1,0,1
2016-10-21,0,0,0
2016-10-03,0,0,0
2016-10-08,3,2,1
2016-10-14,0,0,0
2016-10-19,1,1,0
2016-10-03,2,2,0
2016-10-03,3,0,3
2016-10-04,0,0,0
2016-10-24,0,0,0
2016-10-19,0,0,0
2016-10-02,6,3,3
2016-10-17,7,5,2
2016-10-27,0,0,0
2016-10-12,17,17,0
2016-10-09,3,1,2
2016-10-06,4,4,0
2016-10-25,6,6,0
2016-10-13,1,1,0
2016-10-09,6,2,4
2016-10-29,1,1,0
2016-10-21,4,2,2
2016-10-04,9,9,0
2016-10-13,3,2,1
2016-10-31,4,3,1
2016-10-27,0,0,0
2016-10-21,7,2,5
2016-10-30,1,1,0
2016-10-24,0,0,0
2016-10-31,11,0,11
2016-10-05,18,0,18
2016-10-29,1,1,0
2016-10-13,0,0,0
2016-10-11,0,0,0
2016-10-10,0,0,0
2016-10-31,1,1,0
2016-10-16,1,1,0
2016-10-10,26,1,25
2016-10-31,1,0,1
2016-10-22,1,1,0
2016-10-28,5,2,3
2016-10-05,6,4,2
2016-10-19,6,5,1
2016-10-12,5,0,5
2016-10-21,7,5,2
2016-10-23,1,0,1
2016-10-03,1,1,0
2016-10-31,1,0,1
2016-10-29,4,2,2
2016-10-15,1,1,0
2016-10-02,0,0,0
2016-10-03,4,4,0
2016-10-06,1,0,1
2016-10-20,1,0,1
2016-10-13,9,0,9
2016-10-30,0,0,0
2016-10-15,0,0,0
2016-10-20,0,0,0
2016-10-29,5,3,2
2016-10-24,15,15,0
2016-10-23,1,0,1
2016-10-26,4,0,4
2016-10-24,13,0,13
2016-10-02,17,8,9
2016-10-16,0,0,0
2016-10-06,0,0,0
2016-10-22,8,6,2
2016-10-12,10,10,0
2016-10-17,1,1,0
2016-10-28,1,0,1
2016-10-20,0,0,0
2016-10-24,2,2,0
2016-10-06,0,0,0
2016-10-17,7,6,1
2016-10-08,1,1,0
2016-10-08,0,0,0
2016-10-23,9,8,1
2016-10-11,0,0,0
2016-10-30,2,1,1
2016-10-05,10,1,9
2016-10-30,1,0,1
2016-10-13,0,0,0
2016-10-02,24,4,20
2016-10-27,4,1,3
2016-10-04,18,17,1
2016-10-19,2,2,0
2016-10-18,8,8,0
2016-10-26,7,7,0
2016-10-11,3,3,0
2016-10-28,3,3,0
2016-10-23,3,3,0
2016-10-31,0,0,0
2016-10-22,0,0,0
2016-10-23,0,0,0
2016-10-07,0,0,0
2016-10-16,0,0,0
2016-10-10,0,0,0
2016-10-22,2,2,0
2016-10-25,4,0,4
2016-10-26,0,0,0
2016-10-25,0,0,0
2016-10-24,7,5,2
2016-10-29,3,1,2
2016-10-11,41,40,1
2016-10-13,7,7,0
2016-10-08,3,0,3
2016-10-22,8,4,4
2016-10-31,5,5,0
2016-10-24,12,12,0
2016-10-14,4,1,3
2016-10-25,16,0,16
2016-10-17,5,2,3
2016-10-12,0,0,0
2016-10-08,1,0,1
2016-10-03,34,7,27
2016-10-02,0,0,0
2016-10-31,1,1,0
2016-10-29,0,0,0
2016-10-22,0,0,0
2016-10-28,9,1,8
2016-10-14,6,6,0
2016-10-09,1,1,0
2016-10-07,2,2,0
2016-10-01,8,5,3
2016-10-16,0,0,0
2016-10-11,0,0,0
2016-10-24,9,9,0
2016-10-30,0,0,0
2016-10-25,1,1,0
2016-10-11,10,5,5
2016-10-06,10,0,10
2016-10-02,1,1,0
2016-10-28,4,0,4
2016-10-04,17,0,17
2016-10-07,0,0,0
2016-10-30,0,0,0
2016-10-01,2,2,0
2016-10-21,0,0,0
2016-10-11,14,0,14
2016-10-11,16,15,1
2016-10-15,1,1,0
2016-10-28,8,6,2
2016-10-31,0,0,0
2016-10-25,2,0,2
2016-10-29,0,0,0
2016-10-24,2,1,1
2016-10-10,6,4,2
2016-10-23,5,1,4
2016-10-06,4,2,2
2016-10-05,20,18,2
2016-10-26,4,3,1
2016-10-30,0,0,0
2016-10-10,17,14,3
2016-10-28,14,14,0
2016-10-30,2,1,1
2016-10-17,1,1,0
2016-10-18,7,2,5
2016-10-06,7,1,6
2016-10-03,37,2,35
2016-10-01,12,7,5
2016-10-14,0,0,0
2016-10-23,3,3,0
2016-10-12,15,0,15
2016-10-20,19,17,2
2016-10-31,7,4,3
2016-10-26,7,0,7
2016-10-19,12,0,12
2016-10-19,26,1,25
2016-10-04,3,3,0
2016-10-25,0,0,0
2016-10-09,0,0,0
2016-10-13,0,0,0
2016-10-29,6,4,2
2016-10-29,3,2,1
2016-10-26,5,0,5
2016-10-02,29,15,14
2016-10-04,0,0,0
2016-10-26,15,14,1
2016-10-09,1,1,0
2016-10-15,0,0,0
2016-10-25,18,0,18
2016-10-05,7,4,3
2016-10-26,0,0,0
2016-10-09,8,5,3
2016-10-27,8,8,0
2016-10-13,15,0,15
2016-10-15,1,1,0
2016-10-10,10,1,9
2016-10-26,0,0,0
2016-10-12,19,0,19
2016-10-24,4,3,1
2016-10-07,5,1,4
2016-10-05,0,0,0
2016-10-03,0,0,0
2016-10-16,0,0,0
2016-10-13,1,0,1
2016-10-14,1,1,0
2016-10-06,3,2,1
2016-10-06,0,0,0
2016-10-20,14,0,14
2016-10-01,0,0,0
2016-10-05,5,0,5
2016-10-13,5,0,5
2016-10-22,4,4,0
2016-10-17,4,2,2
2016-10-19,13,2,11
2016-10-21,0,0,0
2016-10-02,0,0,0
2016-10-02,22,10,12
2016-10-08,2,1,1
2016-10-02,0,0,0
2016-10-21,6,6,0
2016-10-04,5,5,0
2016-10-19,40,39,1
2016-10-19,5,4,1
2016-10-18,0,0,0
2016-10-17,13,10,3
2016-10-30,7,3,4
2016-10-02,13,4,9
2016-10-27,12,11,1
2016-10-04,0,0,0
2016-10-25,0,0,0
2016-10-31,9,8,1
2016-10-13,2,0,2
2016-10-16,1,1,0
2016-10-05,18,0,18
2016-10-22,0,0,0
2016-10-10,23,23,0
2016-10-31,25,23,2
2016-10-15,0,0,0
2016-10-17,0,0,0
2016-10-31,8,0,8
2016-10-11,20,1,19
2016-10-03,4,3,1
2016-10-28,10,0,10
2016-10-17,1,1,0
2016-10-16,0,0,0
2016-10-14,2,1,1
2016-10-11,1,0,1
2016-10-05,1,1,0
2016-10-20,6,6,0
2016-10-15,0,0,0
2016-10-02,0,0,0
2016-10-10,9,5,4
2016-10-01,18,10,8
2016-10-12,9,3,6
2016-10-22,1,0,1
2016-10-20,20,17,3
2016-10-09,7,4,3
2016-10-01,5,1,4
2016-10-16,2,0,2
2016-10-07,5,1,4
2016-10-14,2,0,2
2016-10-07,0,0,0
2016-10-28,6,0,6
2016-10-29,2,0,2
2016-10-06,1,1,0
2016-10-17,18,18,0
2016-10-16,0,0,0
2016-10-19,0,0,0
2016-10-11,8,0,8
2016-10-10,0,0,0
2016-10-16,0,0,0
2016-10-19,11,11,0
2016-10-09,8,6,2
2016-10-19,0,0,0
2016-10-07,11,1,10
2016-10-26,3,0,3
2016-10-24,4,4,0
2016-10-16,0,0,0
2016-10-01,2,2,0
2016-10-17,19,18,1
2016-10-26,2,2,0
2016-10-02,1,0,1
2016-10-09,5,4,1
2016-10-11,7,4,3
2016-10-06,6,4,2
2016-10-22,5,2,3
2016-10-06,1,1,0
2016-10-04,1,1,0
2016-10-21,15,14,1
2016-10-23,2,0,2
2016-10-07,3,3,0
2016-10-23,4,4,0
2016-10-30,0,0,0
2016-10-31,6,1,5
2016-10-22,0,0,0
2016-10-28,9,9,0
2016-10-12,7,6,1
2016-10-29,0,0,0
2016-10-01,7,3,4
2016-10-28,0,0,0
2016-10-02,4,0,4
2016-10-08,0,0,0
2016-10-15,0,0,0
2016-10-20,4,1,3
2016-10-12,20,19,1
2016-10-31,13,13,0
2016-10-10,6,5,1
2016-10-02,11,5,6
2016-10-21,9,0,9
2016-10-02,18,6,12
2016-10-27,0,0,0
2016-10-15,2,0,2
2016-10-13,0,0,0
2016-10-13,0,0,0
2016-10-16,0,0,0
2016-10-31,0,0,0
2016-10-01,18,4,14
2016-10-30,1,0,1
2016-10-22,4,2,2
2016-10-24,0,0,0
2016-10-07,32,30,2
2016-10-17,0,0,0
2016-10-18,7,4,3
2016-10-20,4,4,0
2016-10-09,0,0,0
2016-10-04,6,2,4
2016-10-25,2,2,0
2016-10-01,11,10,1
2016-10-25,3,0,3
2016-10-11,2,2,0
2016-10-05,3,1,2
2016-10-26,0,0,0
2016-10-13,1,1,0
2016-10-09,5,4,1
2016-10-24,1,0,1
2016-10-22,6,5,1
2016-10-30,1,1,0
2016-10-07,12,0,12
2016-10-19,0,0,0
2016-10-21,5,5,0
2016-10-29,1,0,1
2016-10-28,19,17,2
2016-10-28,0,0,0
2016-10-20,13,1,12
2016-10-10,0,0,0
2016-10-10,37,34,3
2016-10-24,7,2,5
2016-10-08,0,0,0
2016-10-13,1,1,0
2016-10-23,3,1,2
2016-10-18,12,2,10
2016-10-20,1,1,0
2016-10-22,0,0,0
2016-10-03,0,0,0
2016-10-21,0,0,0
2016-10-19,10,4,6
2016-10-04,6,5,1
2016-10-14,4,4,0
2016-10-24,0,0,0
2016-10-04,5,2,3
2016-10-05,1,1,0
2016-10-09,0,0,0
2016-10-22,3,3,0
2016-10-14,2,0,2
2016-10-20,0,0,0
2016-10-30,0,0,0
2016-10-13,1,0,1
2016-10-04,36,32,4
2016-10-14,1,1,0
2016-10-18,1,1,0
2016-10-06,2,0,2
2016-10-18,19,0,19
2016-10-12,0,0,0
2016-10-25,16,15,1
2016-10-20,2,2,0
2016-10-30,1,1,0
2016-10-18,26,25,1
2016-10-12,7,0,7
2016-10-08,2,1,1
2016-10-04,2,2,0
2016-10-20,4,1,3
2016-10-16,2,0,2
2016-10-27,20,20,0
2016-10-24,4,3,1
2016-10-10,5,2,3
2016-10-20,1,1,0
2016-10-23,2,1,1
2016-10-31,1,0,1
2016-10-02,19,10,9
2016-10-23,0,0,0
2016-10-13,6,6,0
2016-10-09,0,0,0
2016-10-07,12,10,2
2016-10-27,3,0,3
2016-10-17,4,2,2
2016-10-07,8,0,8
2016-10-08,5,2,3
2016-10-03,4,3,1
2016-10-01,6,2,4
2016-10-01,2,2,0
2016-10-08,7,4,3
2016-10-04,23,2,21
2016-10-28,11,9,2
2016-10-30,3,2,1
2016-10-22,4,4,0
2016-10-22,0,0,0
2016-10-15,1,1,0
2016-10-15,0,0,0
2016-10-05,0,0,0
2016-10-17,0,0,0
2016-10-08,1,0,1
2016-10-16,4,4,0
2016-10-23,10,3,7
2016-10-23,0,0,0
2016-10-27,11,0,11
2016-10-24,10,0,10
2016-10-28,12,0,12
2016-10-11,1,1,0
2016-10-21,0,0,0
2016-10-25,0,0,0
2016-10-15,0,0,0
2016-10-15,0,0,0
2016-10-18,0,0,0
2016-10-14,3,0,3
2016-10-05,0,0,0
2016-10-15,0,0,0
2016-10-28,0,0,0
2016-10-04,0,0,0
2016-10-21,8,1,7
2016-10-05,0,0,0
2016-10-04,9,8,1
2016-10-05,10,8,2
2016-10-03,3,3,0
2016-10-20,0,0,0
2016-10-04,1,1,0
2016-10-19,16,0,16
2016-10-07,1,1,0
2016-10-25,4,2,2
2016-10-23,0,0,0
2016-10-30,1,1,0
2016-10-23,0,0,0
2016-10-18,0,0,0
2016-10-08,4,4,0
2016-10-14,0,0,0
2016-10-27,13,0,13
2016-10-26,3,1,2
2016-10-25,26,26,0
2016-10-10,2,2,0
2016-10-15,4,3,1
2016-10-02,13,7,6
2016-10-10,7,5,2
2016-10-12,43,40,3
2016-10-08,4,4,0
2016-10-27,24,23,1
2016-10-26,7,7,0
2016-10-05,13,1,12
2016-10-16,3,3,0
2016-10-20,0,0,0
2016-10-07,2,1,1
2016-10-06,9,0,9
2016-10-03,0,0,0
2016-10-12,2,1,1
2016-10-27,1,1,0
2016-10-19,0,0,0
2016-10-20,6,0,6
2016-10-19,6,2,4
2016-10-23,1,1,0
2016-10-04,17,1,16
2016-10-01,14,1,13
2016-10-09,5,0,5
2016-10-01,5,2,3
2016-10-16,4,3,1
2016-10-30,2,0,2
2016-10-20,3,3,0
2016-10-30,14,8,6
2016-10-11,23,1,22
2016-10-29,1,0,1
2016-10-12,9,8,1
2016-10-12,7,3,4
2016-10-27,0,0,0
2016-10-01,0,0,0
2016-10-01,0,0,0
2016-10-09,0,0,0
2016-10-04,5,1,4
2016-10-15,0,0,0
2016-10-01,0,0,0
2016-10-23,1,1,0
2016-10-09,0,0,0
2016-10-11,20,16,4
2016-10-11,8,1,7
2016-10-10,5,3,2
2016-10-18,23,0,23
2016-10-08,0,0,0
2016-10-17,5,4,1
2016-10-09,0,0,0
2016-10-15,0,0,0
2016-10-18,7,2,5
2016-10-09,1,0,1
2016-10-28,0,0,0
2016-10-15,3,2,1
2016-10-11,0,0,0
2016-10-11,14,11,3
2016-10-07,11,3,8
2016-10-28,0,0,0
2016-10-14,2,0,2
2016-10-12,2,2,0
2016-10-20,1,1,0
2016-10-03,18,16,2
2016-10-10,2,2,0
2016-10-07,6,6,0
2016-10-02,0,0,0
2016-10-18,4,4,0
2016-10-17,5,1,4
2016-10-07,4,3,1
2016-10-17,12,2,10
2016-10-06,10,10,0
2016-10-23,0,0,0
2016-10-12,3,3,0
2016-10-26,0,0,0
2016-10-28,11,10,1
2016-10-17,0,0,0
2016-10-23,0,0,0
2016-10-03,0,0,0
2016-10-06,31,30,1
2016-10-15,0,0,0
2016-10-24,6,5,1
2016-10-02,0,0,0
2016-10-04,9,0,9
2016-10-30,1,1,0
2016-10-18,3,2,1
2016-10-14,5,0,5
2016-10-18,10,0,10
2016-10-18,3,3,0
2016-10-27,0,0,0
2016-10-25,14,10,4
2016-10-03,0,0,0
2016-10-21,15,0,15
2016-10-29,3,3,0
2016-10-12,0,0,0
2016-10-24,36,36,0
2016-10-04,3,3,0
2016-10-25,7,2,5
2016-10-13,1,1,0
2016-10-17,0,0,0
2016-10-06,16,15,1
2016-10-25,36,33,3
2016-10-11,2,2,0
2016-10-14,0,0,0
2016-10-27,1,1,0
2016-10-26,7,0,7
2016-10-25,14,3,11
2016-10-12,0,0,0
2016-10-26,1,1,0
2016-10-22,1,0,1
2016-10-03,9,7,2
2016-10-15,0,0,0
2016-10-03,15,14,1
2016-10-15,0,0,0
2016-10-18,3,0,3
2016-10-19,0,0,0
2016-10-05,0,0,0
2016-10-19,13,12,1
2016-10-27,5,3,2
2016-10-14,0,0,0
2016-10-14,9,5,4
2016-10-29,0,0,0
2016-10-21,23,0,23
2016-10-11,4,0,4
2016-10-18,0,0,0
2016-10-01,0,0,0
2016-10-31,0,0,0
2016-10-31,21,0,21
2016-10-01,0,0,0
2016-10-19,2,2,0
2016-10-02,1,1,0
2016-10-10,11,1,10
2016-10-09,1,1,0
2016-10-18,1,1,0
2016-10-27,9,0,9
2016-10-22,5,2,3
2016-10-17,8,7,1
2016-10-29,2,0,2
2016-10-17,19,1,18
2016-10-14,6,6,0
2016-10-19,9,3,6
2016-10-12,0,0,0
2016-10-31,1,1,0
2016-10-28,0,0,0
2016-10-19,15,14,1
2016-10-06,12,0,12
2016-10-29,0,0,0
2016-10-01,0,0,0
2016-10-14,1,0,1
2016-10-13,3,3,0
2016-10-05,2,2,0
2016-10-31,15,13,2
2016-10-05,6,2,4
2016-10-09,0,0,0
2016-10-10,8,1,7
2016-10-01,12,4,8
2016-10-13,14,13,1
2016-10-14,2,0,2
2016-10-06,0,0,0
2016-10-26,24,23,1
2016-10-30,0,0,0
2016-10-15,0,0,0
2016-10-20,1,0,1
2016-10-21,0,0,0
2016-10-25,8,0,8
2016-10-07,3,3,0
2016-10-30,0,0,0
2016-10-03,26,26,0
2016-10-06,6,4,2
2016-10-31,2,2,0
2016-10-01,6,2,4
2016-10-29,0,0,0
2016-10-23,0,0,0
2016-10-18,4,1,3
2016-10-07,0,0,0
2016-10-05,36,36,0
2016-10-16,4,1,3
2016-10-08,0,0,0
2016-10-14,0,0,0
2016-10-23,2,2,0
2016-10-04,0,0,0
2016-10-16,0,0,0
2016-10-07,4,4,0
2016-10-01,11,5,6
2016-10-03,5,3,2
2016-10-10,9,0,9
2016-10-27,1,1,0
2016-10-21,14,12,2
2016-10-16,0,0,0
2016-10-20,7,5,2
2016-10-29,0,0,0
2016-10-27,1,1,0
2016-10-20,2,2,0
2016-10-05,2,0,2
2016-10-26,2,2,0
2016-10-13,0,0,0
2016-10-09,7,2,5
2016-10-28,5,5,0
2016-10-22,0,0,0
2016-10-25,6,5,1
2016-10-23,0,0,0
2016-10-15,0,0,0
2016-10-10,0,0,0
2016-10-03,33,31,2
2016-10-05,18,14,4
2016-10-30,0,0,0
2016-10-26,3,1,2
2016-10-27,2,2,0
2016-10-06,5,4,1
2016-10-30,1,1,0
2016-10-07,0,0,0
2016-10-14,1,0,1
2016-10-26,1,1,0
2016-10-05,3,2,1
2016-10-04,3,0,3
2016-10-29,0,0,0
2016-10-16,1,0,1
2016-10-06,24,2,22
2016-10-25,0,0,0
2016-10-22,8,2,6
2016-10-24,19,0,19
2016-10-18,11,9,2
2016-10-25,0,0,0
2016-10-10,1,1,0
2016-10-27,7,0,7
2016-10-30,0,0,0
2016-10-25,8,8,0
2016-10-26,9,6,3
2016-10-02,11,5,6
2016-10-16,6,5,1
2016-10-07,17,16,1
2016-10-17,13,0,13
2016-10-26,13,0,13
2016-10-09,0,0,0
2016-10-08,0,0,0
2016-10-27,10,8,2
2016-10-20,6,0,6
2016-10-21,1,1,0
2016-10-06,0,0,0
2016-10-15,0,0,0
2016-10-14,0,0,0
2016-10-17,0,0,0
2016-10-21,14,9,5
2016-10-27,1,1,0
2016-10-29,1,0,1
2016-10-29,0,0,0
2016-10-11,22,21,1
2016-10-21,6,5,1
2016-10-12,4,3,1
2016-10-09,1,1,0
2016-10-24,1,0,1
2016-10-13,5,1,4
2016-10-11,6,1,5
2016-10-19,7,0,7
2016-10-24,0,0,0
2016-10-05,4,4,0
2016-10-08,0,0,0
2016-10-21,1,0,1
2016-10-22,5,4,1
2016-10-07,1,0,1
2016-10-24,25,1,24
2016-10-08,1,0,1
2016-10-08,0,0,0
2016-10-28,0,0,0
2016-10-13,0,0,0
2016-10-16,1,1,0
2016-10-03,3,0,3
2016-10-23,2,1,1
2016-10-11,1,1,0
2016-10-24,1,1,0
2016-10-21,23,21,2
2016-10-10,11,9,2
2016-10-29,3,2,1
2016-10-16,2,2,0
2016-10-31,6,2,4
2016-10-17,8,0,8
2016-11-06,1,1,0
2016-11-26,0,0,0
2016-11-15,3,3,0
2016-11-01,0,0,0
2016-11-01,4,0,4
2016-11-06,0,0,0
2016-11-15,26,24,2
2016-11-25,0,0,0
2016-11-25,0,0,0
2016-11-26,2,1,1
2016-11-23,8,8,0
2016-11-11,5,1,4
2016-11-09,5,4,1
2016-11-09,2,0,2
2016-11-23,0,0,0
2016-11-26,0,0,0
2016-11-15,0,0,0
2016-11-02,5,1,4
2016-11-11,3,2,1
2016-11-03,0,0,0
2016-11-17,8,8,0
2016-11-27,1,1,0
2016-11-03,0,0,0
2016-11-26,0,0,0
2016-11-09,1,1,0
2016-11-15,1,0,1
2016-11-24,1,1,0
2016-11-04,0,0,0
2016-11-23,3,2,1
2016-11-07,6,2,4
2016-11-22,16,15,1
2016-11-22,3,2,1
2016-11-17,1,1,0
2016-11-27,1,1,0
2016-11-14,7,7,0
2016-11-05,0,0,0
2016-11-20,0,0,0
2016-11-22,1,1,0
2016-11-01,0,0,0
2016-11-08,3,1,2
2016-11-10,9,2,7
2016-11-13,1,1,0
2016-11-16,3,3,0
2016-11-10,12,0,12
2016-11-02,11,10,1
2016-11-01,6,6,0
2016-11-25,8,6,2
2016-11-30,2,0,2
2016-11-12,3,1,2
2016-11-01,17,15,2
2016-11-17,22,22,0
2016-11-14,8,1,7
2016-11-29,0,0,0
2016-11-21,7,2,5
2016-11-06,1,1,0
2016-11-03,8,8,0
2016-11-06,2,0,2
2016-11-12,0,0,0
2016-11-01,1,1,0
2016-11-18,7,5,2
2016-11-27,0,0,0
2016-11-09,0,0,0
2016-11-20,4,3,1
2016-11-08,1,1,0
2016-11-30,0,0,0
2016-11-11,2,1,1
2016-11-17,1,1,0
2016-11-10,3,1,2
2016-11-12,0,0,0
2016-11-05,0,0,0
2016-11-20,0,0,0
2016-11-24,0,0,0
2016-11-29,1,0,1
2016-11-27,0,0,0
2016-11-05,0,0,0
2016-11-02,10,8,2
2016-11-04,9,8,1
2016-11-28,0,0,0
2016-11-17,3,2,1
2016-11-09,0,0,0
2016-11-13,2,2,0
2016-11-27,4,2,2
2016-11-05,0,0,0
2016-11-30,3,3,0
2016-11-12,2,1,1
2016-11-22,9,0,9
2016-11-30,2,0,2
2016-11-15,0,0,0
2016-11-22,11,2,9
2016-11-28,1,0,1
2016-11-10,1,1,0
2016-11-28,6,0,6
2016-11-04,11,0,11
2016-11-29,0,0,0
2016-11-03,11,11,0
2016-11-07,22,20,2
2016-11-17,4,3,1
2016-11-09,0,0,0
2016-11-10,21,20,1
2016-11-19,0,0,0
2016-11-01,0,0,0
2016-11-10,30,29,1
2016-11-21,1,1,0
2016-11-04,2,0,2
2016-11-23,1,1,0
2016-11-06,0,0,0
2016-11-19,0,0,0
2016-11-13,1,1,0
2016-11-19,0,0,0
2016-11-08,12,3,9
2016-11-26,0,0,0
2016-11-09,2,1,1
2016-11-15,7,2,5
2016-11-28,23,23,0
2016-11-11,8,6,2
2016-11-13,0,0,0
2016-11-29,2,2,0
2016-11-23,4,3,1
2016-11-26,0,0,0
2016-11-24,1,1,0
2016-11-03,5,3,2
2016-11-02,6,6,0
2016-11-04,4,2,2
2016-11-28,10,2,8
2016-11-22,6,0,6
2016-11-18,0,0,0
2016-11-25,1,1,0
2016-11-24,0,0,0
2016-11-19,1,1,0
2016-11-13,0,0,0
2016-11-29,4,2,2
2016-11-04,6,0,6
2016-11-19,0,0,0
2016-11-05,0,0,0
2016-11-29,6,0,6
2016-11-21,6,5,1
2016-11-30,6,0,6
2016-11-24,0,0,0
2016-11-12,0,0,0
2016-11-07,18,1,17
2016-11-29,2,2,0
2016-11-19,2,1,1
2016-11-26,0,0,0
2016-11-01,17,1,16
2016-11-18,1,1,0
2016-11-11,1,1,0
2016-11-21,11,7,4
2016-11-23,0,0,0
2016-11-27,0,0,0
2016-11-27,4,3,1
2016-11-23,10,10,0
2016-11-30,0,0,0
2016-11-08,35,33,2
2016-11-10,0,0,0
2016-11-24,0,0,0
2016-11-04,1,1,0
2016-11-06,0,0,0
2016-11-05,1,0,1
2016-11-16,1,1,0
2016-11-07,6,6,0
2016-11-15,4,4,0
2016-11-18,9,0,9
2016-11-14,1,0,1
2016-11-14,25,25,0
2016-11-13,2,1,1
2016-11-07,3,3,0
2016-11-15,2,1,1
2016-11-26,0,0,0
2016-11-22,1,1,0
2016-11-01,6,0,6
2016-11-19,0,0,0
2016-11-24,0,0,0
2016-11-16,12,11,1
2016-11-21,5,3,2
2016-11-15,5,0,5
2016-11-13,0,0,0
2016-11-17,9,1,8
2016-11-08,9,5,4
2016-11-15,13,12,1
2016-11-05,2,2,0
2016-11-09,7,4,3
2016-11-22,1,1,0
2016-11-28,2,0,2
2016-11-11,4,4,0
2016-11-09,4,1,3
2016-11-27,0,0,0
2016-11-25,4,1,3
2016-11-06,7,3,4
2016-11-29,0,0,0
2016-11-24,1,1,0
2016-11-09,25,25,0
2016-11-23,0,0,0
2016-11-25,0,0,0
2016-11-24,2,1,1
2016-11-11,12,12,0
2016-11-08,0,0,0
2016-11-19,1,0,1
2016-11-16,3,3,0
2016-11-15,6,0,6
2016-11-29,21,21,0
2016-11-06,0,0,0
2016-11-19,0,0,0
2016-11-02,1,1,0
2016-11-12,2,2,0
2016-11-03,13,0,13
2016-11-10,2,2,0
2016-11-11,0,0,0
2016-11-29,5,0,5
2016-11-04,9,7,2
2016-11-02,0,0,0
2016-11-17,0,0,0
2016-11-12,2,1,1
2016-11-17,2,0,2
2016-11-14,4,2,2
2016-11-13,1,0,1
2016-11-29,4,4,0
2016-11-07,1,1,0
2016-11-22,19,19,0
2016-11-08,1,1,0
2016-11-02,2,0,2
2016-11-18,0,0,0
2016-11-17,14,14,0
2016-11-10,11,0,11
2016-11-11,10,9,1
2016-11-24,0,0,0
2016-11-17,0,0,0
2016-11-14,4,0,4
2016-11-30,8,1,7
2016-11-20,1,1,0
2016-11-08,0,0,0
2016-11-06,0,0,0
2016-11-23,0,0,0
2016-11-23,0,0,0
2016-11-30,20,19,1
2016-11-09,0,0,0
2016-11-20,0,0,0
2016-11-26,1,0,1
2016-11-22,3,3,0
2016-11-22,9,1,8
2016-11-01,16,0,16
2016-11-08,17,9,8
2016-11-20,0,0,0
2016-11-30,9,1,8
2016-11-13,0,0,0
2016-11-16,10,2,8
2016-11-03,8,0,8
2016-11-15,7,4,3
2016-11-08,14,13,1
2016-11-12,0,0,0
2016-11-24,0,0,0
2016-11-02,1,1,0
2016-11-25,1,0,1
2016-11-19,4,3,1
2016-11-10,4,0,4
2016-11-22,3,2,1
2016-11-01,25,25,0
2016-11-28,2,2,0
2016-11-03,0,0,0
2016-11-13,5,4,1
2016-11-24,1,1,0
2016-11-20,0,0,0
2016-11-15,5,3,2
2016-11-01,0,0,0
2016-11-11,3,1,2
2016-11-08,11,0,11
2016-11-17,15,1,14
2016-11-19,1,1,0
2016-11-16,1,1,0
2016-11-03,5,5,0
2016-11-19,4,0,4
2016-11-14,5,1,4
2016-11-14,0,0,0
2016-11-25,1,1,0
2016-11-14,7,7,0
2016-11-30,0,0,0
2016-11-30,0,0,0
2016-11-19,3,2,1
2016-11-07,17,17,0
2016-11-12,3,2,1
2016-11-20,0,0,0
2016-11-30,5,4,1
2016-11-06,5,3,2
2016-11-30,4,2,2
2016-11-29,30,30,0
2016-11-04,18,2,16
2016-11-05,2,0,2
2016-11-10,15,15,0
2016-11-28,0,0,0
2016-11-15,1,1,0
2016-11-05,0,0,0
2016-11-04,2,2,0
2016-11-28,14,12,2
2016-11-05,2,2,0
2016-11-20,3,1,2
2016-11-07,4,3,1
2016-11-08,5,5,0
2016-11-15,5,5,0
2016-11-07,1,0,1
2016-11-24,0,0,0
2016-11-02,16,16,0
2016-11-24,0,0,0
2016-11-25,0,0,0
2016-11-10,6,6,0
2016-11-18,0,0,0
2016-11-27,0,0,0
2016-11-09,9,1,8
2016-11-01,1,1,0
2016-11-23,1,1,0
2016-11-08,11,1,10
2016-11-23,11,1,10
2016-11-04,16,15,1
2016-11-23,5,4,1
2016-11-05,1,0,1
2016-11-01,13,0,13
2016-11-19,0,0,0
2016-11-02,21,18,3
2016-11-07,1,1,0
2016-11-01,4,3,1
2016-11-04,0,0,0
2016-11-07,30,26,4
2016-11-21,7,1,6
2016-11-01,3,3,0
2016-11-03,12,0,12
2016-11-02,0,0,0
2016-11-03,5,3,2
2016-11-13,4,1,3
2016-11-14,0,0,0
2016-11-04,14,0,14
2016-11-06,1,1,0
2016-11-01,6,4,2
2016-11-02,2,2,0
2016-11-16,0,0,0
2016-11-30,1,1,0
2016-11-03,0,0,0
2016-11-27,1,0,1
2016-11-12,3,2,1
2016-11-16,9,8,1
2016-11-14,2,2,0
2016-11-17,3,0,3
2016-11-29,0,0,0
2016-11-28,1,1,0
2016-11-18,0,0,0
2016-11-27,0,0,0
2016-11-22,2,1,1
2016-11-06,0,0,0
2016-11-05,0,0,0
2016-11-09,0,0,0
2016-11-21,14,0,14
2016-11-01,20,20,0
2016-11-03,7,2,5
2016-11-28,5,3,2
2016-11-10,8,8,0
2016-11-28,7,7,0
2016-11-28,0,0,0
2016-11-13,1,1,0
2016-11-18,4,0,4
2016-11-16,7,7,0
2016-11-23,21,18,3
2016-11-25,0,0,0
2016-11-26,4,3,1
2016-11-03,1,1,0
2016-11-11,0,0,0
2016-11-02,7,0,7
2016-11-08,1,1,0
2016-11-09,8,0,8
2016-11-18,1,0,1
2016-11-11,8,7,1
2016-11-21,0,0,0
2016-11-27,0,0,0
2016-11-13,2,1,1
2016-11-07,1,1,0
2016-11-21,4,4,0
2016-11-27,1,1,0
2016-11-05,0,0,0
2016-11-27,4,3,1
2016-11-14,1,1,0
2016-11-10,8,2,6
2016-11-04,1,0,1
2016-11-19,0,0,0
2016-11-20,1,0,1
2016-11-26,0,0,0
2016-11-25,0,0,0
2016-11-01,2,0,2
2016-11-24,0,0,0
2016-11-14,7,5,2
2016-11-04,0,0,0
2016-11-13,0,0,0
2016-11-18,0,0,0
2016-11-09,25,23,2
2016-11-18,12,12,0
2016-11-25,0,0,0
2016-11-02,0,0,0
2016-11-13,1,1,0
2016-11-03,33,32,1
2016-11-25,2,2,0
2016-11-29,0,0,0
2016-11-28,2,1,1
2016-11-21,12,0,12
2016-11-23,5,0,5
2016-11-27,1,1,0
2016-11-26,0,0,0
2016-11-06,1,1,0
2016-11-03,7,4,3
2016-11-24,0,0,0
2016-11-20,0,0,0
2016-11-17,1,1,0
2016-11-21,10,0,10
2016-11-16,24,23,1
2016-11-15,1,1,0
2016-11-03,0,0,0
2016-11-22,14,13,1
2016-11-16,6,0,6
2016-11-16,0,0,0
2016-11-14,2,0,2
2016-11-16,0,0,0
2016-11-06,3,2,1
2016-11-09,7,1,6
2016-11-16,4,3,1
2016-11-18,21,21,0
2016-11-04,0,0,0
2016-11-22,0,0,0
2016-11-17,19,18,1
2016-11-27,0,0,0
2016-11-08,13,0,13
2016-11-24,0,0,0
2016-11-29,6,2,4
2016-11-11,4,1,3
2016-11-23,3,3,0
2016-11-21,2,0,2
2016-11-28,1,1,0
2016-11-22,0,0,0
2016-11-14,13,0,13
2016-11-21,7,7,0
2016-11-09,1,1,0
2016-11-14,3,0,3
2016-11-19,0,0,0
2016-11-29,7,3,4
2016-11-07,0,0,0
2016-11-12,0,0,0
2016-11-21,0,0,0
2016-11-10,0,0,0
2016-11-07,4,2,2
2016-11-23,8,3,5
2016-11-27,0,0,0
2016-11-17,9,1,8
2016-11-14,23,22,1
2016-11-20,0,0,0
2016-11-10,2,2,0
2016-11-28,6,5,1
2016-11-15,1,1,0
2016-11-06,0,0,0
2016-11-12,1,0,1
2016-11-10,0,0,0
2016-11-18,10,8,2
2016-11-25,2,2,0
2016-11-15,5,2,3
2016-11-19,0,0,0
2016-11-18,3,0,3
2016-11-20,1,1,0
2016-11-27,2,1,1
2016-11-05,2,1,1
2016-11-29,3,2,1
2016-11-09,5,4,1
2016-11-29,6,6,0
2016-11-12,0,0,0
2016-11-19,1,1,0
2016-11-05,2,2,0
2016-11-15,5,0,5
2016-11-05,0,0,0
2016-11-02,12,0,12
2016-11-02,0,0,0
2016-11-26,1,1,0
2016-11-07,8,4,4
2016-11-19,0,0,0
2016-11-22,6,4,2
2016-11-12,1,0,1
2016-11-20,3,2,1
2016-11-30,4,3,1
2016-11-07,1,1,0
2016-11-05,0,0,0
2016-11-11,1,0,1
2016-11-26,0,0,0
2016-11-21,2,2,0
2016-11-14,0,0,0
2016-11-11,11,11,0
2016-11-05,1,0,1
2016-11-25,0,0,0
2016-11-27,0,0,0
2016-11-30,11,10,1
2016-11-22,0,0,0
2016-11-29,6,4,2
2016-11-10,0,0,0
2016-11-23,9,1,8
2016-11-20,0,0,0
2016-11-08,3,1,2
2016-11-02,17,1,16
2016-11-02,0,0,0
2016-11-02,1,0,1
2016-11-13,6,1,5
2016-11-25,2,0,2
2016-11-17,0,0,0
2016-11-09,4,4,0
2016-11-29,1,1,0
2016-11-16,0,0,0
2016-11-21,0,0,0
2016-11-07,10,0,10
2016-11-18,0,0,0
2016-11-18,2,0,2
2016-11-20,3,3,0
2016-11-25,1,1,0
2016-11-05,0,0,0
2016-11-15,0,0,0
2016-11-22,2,2,0
2016-11-06,2,1,1
2016-11-07,0,0,0
2016-11-07,19,0,19
2016-11-11,2,1,1
2016-11-23,2,2,0
2016-11-18,6,4,2
2016-11-08,17,1,16
2016-11-28,6,6,0
2016-11-13,0,0,0
2016-11-09,1,1,0
2016-11-16,9,1,8
2016-11-08,5,5,0
2016-11-07,0,0,0
2016-11-11,3,0,3
2016-11-18,0,0,0
2016-11-30,4,3,1
2016-11-16,2,1,1
2016-11-12,0,0,0
2016-11-29,20,18,2
2016-11-23,7,6,1
2016-11-19,1,1,0
2016-11-14,8,8,0
2016-11-14,17,15,2
2016-11-16,24,23,1
2016-11-27,0,0,0
2016-11-17,5,2,3
2016-11-05,0,0,0
2016-11-23,1,1,0
2016-11-16,6,0,6
2016-11-26,2,2,0
2016-11-08,20,16,4
2016-11-16,5,3,2
2016-11-12,0,0,0
2016-11-23,7,0,7
2016-11-20,5,3,2
2016-11-24,0,0,0
2016-11-18,0,0,0
2016-11-30,0,0,0
2016-11-18,8,8,0
2016-11-28,0,0,0
2016-11-28,6,1,5
2016-11-30,0,0,0
2016-11-24,0,0,0
2016-11-21,19,19,0
2016-11-13,1,1,0
2016-11-18,3,1,2
2016-11-26,0,0,0
2016-11-13,0,0,0
2016-11-24,0,0,0
2016-11-03,0,0,0
2016-11-12,0,0,0
2016-11-07,0,0,0
2016-11-24,0,0,0
2016-11-25,1,0,1
2016-11-10,0,0,0
2016-11-24,0,0,0
2016-11-16,0,0,0
2016-11-26,0,0,0
2016-11-03,9,1,8
2016-11-28,2,2,0
2016-11-06,4,4,0
2016-11-10,4,4,0
2016-11-25,0,0,0
2016-11-08,23,20,3
2016-11-21,1,1,0
2016-11-25,0,0,0
2016-11-05,2,1,1
2016-11-26,0,0,0
2016-11-04,3,1,2
2016-11-10,6,2,4
2016-11-29,13,10,3
2016-11-17,7,2,5
2016-11-12,0,0,0
2016-11-29,0,0,0
2016-11-07,12,1,11
2016-11-06,8,2,6
2016-11-08,1,0,1
2016-11-11,0,0,0
2016-11-22,3,1,2
2016-11-03,6,1,5
2016-11-23,9,7,2
2016-11-13,1,1,0
2016-11-04,1,1,0
2016-11-16,3,1,2
2016-11-14,0,0,0
2016-11-20,0,0,0
2016-11-25,0,0,0
2016-11-26,0,0,0
2016-11-09,12,0,12
2016-11-21,5,0,5
2016-11-15,13,13,0
2016-11-12,1,1,0
2016-11-13,1,1,0
2016-11-26,0,0,0
2016-11-17,4,3,1
2016-11-19,2,2,0
2016-11-17,5,4,1
2016-11-08,0,0,0
2016-11-12,5,5,0
2016-11-28,23,22,1
2016-11-09,4,1,3
2016-11-10,9,7,2
2016-11-11,0,0,0
2016-11-19,3,2,1
2016-11-20,0,0,0
2016-11-25,7,6,1
2016-11-17,0,0,0
2016-11-19,0,0,0
2016-11-04,5,5,0
2016-11-05,0,0,0
2016-11-16,1,0,1
2016-11-28,4,3,1
2016-11-10,4,4,0
2016-11-05,0,0,0
2016-11-16,3,1,2
2016-11-15,0,0,0
2016-11-11,1,1,0
2016-11-06,7,6,1
2016-11-01,1,1,0
2016-11-09,0,0,0
2016-11-21,1,1,0
2016-11-14,0,0,0
2016-11-30,1,1,0
2016-11-12,0,0,0
2016-11-20,1,1,0
2016-11-20,0,0,0
2016-11-14,6,6,0
2016-11-11,0,0,0
2016-11-02,2,2,0
2016-11-03,1,1,0
2016-11-05,0,0,0
2016-11-18,13,11,2
2016-11-27,0,0,0
2016-11-14,2,2,0
2016-11-06,6,2,4
2016-11-02,8,1,7
2016-11-04,21,21,0
2016-11-21,17,17,0
2016-11-18,3,0,3
2016-11-04,26,26,0
2016-11-06,2,1,1
2016-11-09,13,12,1
2016-11-03,5,2,3
2016-11-20,0,0,0
2016-11-02,0,0,0
2016-11-19,5,5,0
2016-11-26,1,1,0
2016-11-17,0,0,0
2016-11-24,0,0,0
2016-11-22,0,0,0
2016-11-11,5,5,0
2016-11-12,2,1,1
2016-11-26,0,0,0
2016-11-26,2,2,0
2016-11-02,3,3,0
2016-11-08,0,0,0
2016-11-22,2,0,2
2016-11-20,1,0,1
2016-11-13,0,0,0
2016-11-10,2,0,2
2016-11-28,5,1,4
2016-11-06,0,0,0
2016-11-15,0,0,0
2016-11-24,0,0,0
2016-11-07,5,5,0
2016-11-30,20,20,0
2016-11-21,24,23,1
2016-11-03,5,3,2
2016-11-17,5,5,0
2016-11-03,15,15,0
2016-11-15,3,1,2
2016-11-22,0,0,0
2016-11-22,2,2,0
2016-11-13,2,1,1
2016-11-29,6,0,6
2016-11-11,0,0,0
2016-11-26,0,0,0
2016-11-06,0,0,0
2016-11-11,1,1,0
2016-11-01,0,0,0
2016-11-01,5,5,0
2016-11-07,7,5,2
2016-11-12,7,3,4
2016-11-08,1,1,0
2016-11-18,0,0,0
2016-11-30,0,0,0
2016-11-30,10,10,0
2016-11-01,12,0,12
2016-11-04,5,5,0
2016-11-25,4,3,1
2016-11-21,0,0,0
2016-11-27,0,0,0
2016-11-20,4,3,1
2016-11-30,0,0,0
2016-11-01,6,1,5
2016-11-06,1,0,1
2016-11-23,0,0,0
2016-11-27,4,3,1
2016-11-04,0,0,0
2016-11-02,1,1,0
2016-11-25,0,0,0
2016-11-21,5,1,4
2016-11-12,1,1,0
2016-11-27,1,1,0
2016-11-28,0,0,0
2016-11-13,0,0,0
2016-11-04,9,1,8
2016-12-12,0,0,0
2016-12-09,1,0,1
2016-12-15,0,0,0
2016-12-02,2,2,0
2016-12-31,0,0,0
2016-12-13,11,10,1
2016-12-11,0,0,0
2016-12-22,4,1,3
2016-12-26,1,1,0
2016-12-21,4,4,0
2016-12-24,0,0,0
2016-12-21,0,0,0
2016-12-10,1,1,0
2016-12-11,2,1,1
2016-12-12,7,1,6
2016-12-01,5,0,5
2016-12-05,0,0,0
2016-12-31,0,0,0
2016-12-02,1,1,0
2016-12-24,0,0,0
2016-12-28,1,0,1
2016-12-23,2,2,0
2016-12-22,0,0,0
2016-12-18,1,0,1
2016-12-15,1,1,0
2016-12-15,4,4,0
2016-12-25,0,0,0
2016-12-09,0,0,0
2016-12-12,5,5,0
2016-12-09,0,0,0
2016-12-06,0,0,0
2016-12-30,0,0,0
2016-12-27,0,0,0
2016-12-03,0,0,0
2016-12-09,1,1,0
2016-12-10,4,1,3
2016-12-01,5,5,0
2016-12-09,0,0,0
2016-12-04,1,1,0
2016-12-16,0,0,0
2016-12-14,0,0,0
2016-12-13,5,5,0
2016-12-15,6,0,6
2016-12-26,0,0,0
2016-12-18,0,0,0
2016-12-27,0,0,0
2016-12-27,1,1,0
2016-12-21,1,1,0
2016-12-23,1,0,1
2016-12-18,0,0,0
2016-12-27,0,0,0
2016-12-22,0,0,0
2016-12-22,0,0,0
2016-12-18,3,1,2
2016-12-27,2,2,0
2016-12-06,3,1,2
2016-12-25,1,1,0
2016-12-08,0,0,0
2016-12-16,0,0,0
2016-12-23,0,0,0
2016-12-30,11,9,2
2016-12-14,0,0,0
2016-12-22,7,7,0
2016-12-29,4,3,1
2016-12-09,0,0,0
2016-12-20,15,15,0
2016-12-06,1,1,0
2016-12-04,1,1,0
2016-12-20,1,0,1
2016-12-28,0,0,0
2016-12-07,9,7,2
2016-12-07,2,0,2
2016-12-29,4,2,2
2016-12-27,5,5,0
2016-12-17,0,0,0
2016-12-01,0,0,0
2016-12-13,0,0,0
2016-12-17,0,0,0
2016-12-21,1,1,0
2016-12-11,0,0,0
2016-12-27,7,1,6
2016-12-08,0,0,0
2016-12-02,0,0,0
2016-12-21,0,0,0
2016-12-07,0,0,0
2016-12-13,0,0,0
2016-12-29,9,7,2
2016-12-16,1,1,0
2016-12-26,1,0,1
2016-12-15,4,4,0
2016-12-17,0,0,0
2016-12-25,4,1,3
2016-12-30,1,0,1
2016-12-04,0,0,0
2016-12-17,0,0,0
2016-12-25,0,0,0
2016-12-28,0,0,0
2016-12-19,3,1,2
2016-12-12,1,1,0
2016-12-27,2,0,2
2016-12-14,4,2,2
2016-12-04,3,2,1
2016-12-09,1,1,0
2016-12-02,9,7,2
2016-12-07,3,0,3
2016-12-09,2,1,1
2016-12-07,3,3,0
2016-12-20,0,0,0
2016-12-25,0,0,0
2016-12-27,0,0,0
2016-12-14,4,1,3
2016-12-13,0,0,0
2016-12-22,0,0,0
2016-12-17,1,1,0
2016-12-11,3,1,2
2016-12-25,0,0,0
2016-12-07,3,1,2
2016-12-16,3,3,0
2016-12-18,2,1,1
2016-12-14,0,0,0
2016-12-31,5,2,3
2016-12-24,1,1,0
2016-12-17,0,0,0
2016-12-18,0,0,0
2016-12-03,3,2,1
2016-12-31,0,0,0
2016-12-29,0,0,0
2016-12-13,4,4,0
2016-12-10,0,0,0
2016-12-07,7,6,1
2016-12-28,3,1,2
2016-12-17,1,1,0
2016-12-24,0,0,0
2016-12-07,5,5,0
2016-12-03,3,1,2
2016-12-08,3,3,0
2016-12-04,1,1,0
2016-12-08,3,2,1
2016-12-22,1,1,0
2016-12-21,2,2,0
2016-12-21,1,0,1
2016-12-30,0,0,0
2016-12-22,2,0,2
2016-12-26,3,2,1
2016-12-19,1,1,0
2016-12-14,1,1,0
2016-12-21,4,2,2
2016-12-06,6,0,6
2016-12-12,2,1,1
2016-12-21,0,0,0
2016-12-05,0,0,0
2016-12-01,7,7,0
2016-12-19,2,2,0
2016-12-20,1,1,0
2016-12-14,6,1,5
2016-12-18,0,0,0
2016-12-26,0,0,0
2016-12-26,0,0,0
2016-12-02,2,1,1
2016-12-28,4,3,1
2016-12-01,19,19,0
2016-12-03,0,0,0
2016-12-02,1,1,0
2016-12-28,0,0,0
2016-12-31,0,0,0
2016-12-20,1,0,1
2016-12-07,0,0,0
2016-12-26,1,1,0
2016-12-28,4,2,2
2016-12-28,5,5,0
2016-12-10,0,0,0
2016-12-31,0,0,0
2016-12-14,4,3,1
2016-12-25,0,0,0
2016-12-30,8,8,0
2016-12-29,0,0,0
2016-12-27,0,0,0
2016-12-18,0,0,0
2016-12-09,0,0,0
2016-12-20,0,0,0
2016-12-14,0,0,0
2016-12-27,0,0,0
2016-12-19,0,0,0
2016-12-28,0,0,0
2016-12-09,0,0,0
2016-12-27,5,2,3
2016-12-05,4,2,2
2016-12-20,0,0,0
2016-12-10,0,0,0
2016-12-21,0,0,0
2016-12-23,1,1,0
2016-12-31,0,0,0
2016-12-27,2,1,1
2016-12-17,3,3,0
2016-12-23,4,2,2
2016-12-01,5,0,5
2016-12-06,6,1,5
2016-12-08,5,4,1
2016-12-04,0,0,0
2016-12-10,0,0,0
2016-12-02,18,18,0
2016-12-17,0,0,0
2016-12-05,0,0,0
2016-12-20,0,0,0
2016-12-06,2,0,2
2016-12-15,1,0,1
2016-12-15,0,0,0
2016-12-13,6,2,4
2016-12-05,10,1,9
2016-12-16,10,9,1
2016-12-26,0,0,0
2016-12-02,4,1,3
2016-12-11,0,0,0
2016-12-13,1,1,0
2016-12-08,15,15,0
2016-12-04,0,0,0
2016-12-03,0,0,0
2016-12-29,0,0,0
2016-12-29,2,1,1
2016-12-01,2,0,2
2016-12-29,0,0,0
2016-12-22,0,0,0
2016-12-07,1,1,0
2016-12-31,4,4,0
2016-12-02,0,0,0
2016-12-10,0,0,0
2016-12-28,2,1,1
2016-12-01,4,1,3
2016-12-08,0,0,0
2016-12-23,7,7,0
2016-12-22,3,1,2
2016-12-23,1,1,0
2016-12-17,0,0,0
2016-12-25,1,0,1
2016-12-19,0,0,0
2016-12-12,7,6,1
2016-12-19,2,0,2
2016-12-22,9,9,0
2016-12-16,6,6,0
2016-12-26,5,3,2
2016-12-26,0,0,0
2016-12-23,2,2,0
2016-12-04,0,0,0
2016-12-21,1,1,0
2016-12-19,1,0,1
2016-12-31,0,0,0
2016-12-20,2,1,1
2016-12-16,2,2,0
2016-12-18,0,0,0
2016-12-03,0,0,0
2016-12-18,2,2,0
2016-12-05,2,0,2
2016-12-22,0,0,0
2016-12-28,0,0,0
2016-12-02,0,0,0
2016-12-29,5,1,4
2016-12-07,1,1,0
2016-12-28,2,1,1
2016-12-29,10,9,1
2016-12-16,1,1,0
2016-12-10,0,0,0
2016-12-29,0,0,0
2016-12-11,0,0,0
2016-12-09,0,0,0
2016-12-24,7,4,3
2016-12-13,2,2,0
2016-12-04,1,1,0
2016-12-14,0,0,0
2016-12-20,0,0,0
2016-12-30,7,6,1
2016-12-09,2,2,0
2016-12-19,0,0,0
2016-12-09,1,0,1
2016-12-02,8,1,7
2016-12-05,17,17,0
2016-12-01,0,0,0
2016-12-23,1,1,0
2016-12-20,0,0,0
2016-12-01,30,30,0
2016-12-15,0,0,0
2016-12-28,0,0,0
2016-12-10,0,0,0
2016-12-21,1,0,1
2016-12-14,19,18,1
2016-12-15,2,0,2
2016-12-27,0,0,0
2016-12-29,3,1,2
2016-12-10,0,0,0
2016-12-29,0,0,0
2016-12-30,0,0,0
2016-12-12,1,0,1
2016-12-18,1,1,0
2016-12-18,0,0,0
2016-12-17,0,0,0
2016-12-14,0,0,0
2016-12-11,0,0,0
2016-12-30,0,0,0
2016-12-22,0,0,0
2016-12-21,8,7,1
2016-12-21,0,0,0
2016-12-28,8,2,6
2016-12-31,0,0,0
2016-12-02,0,0,0
2016-12-29,1,0,1
2016-12-30,5,3,2
2016-12-28,1,0,1
2016-12-24,0,0,0
2016-12-23,3,3,0
2016-12-01,1,1,0
2016-12-12,0,0,0
2016-12-12,0,0,0
2016-12-06,6,4,2
2016-12-05,4,4,0
2016-12-18,0,0,0
2016-12-01,0,0,0
2016-12-06,5,2,3
2016-12-22,5,5,0
2016-12-05,14,14,0
2016-12-03,0,0,0
2016-12-28,0,0,0
2016-12-10,0,0,0
2016-12-07,1,0,1
2016-12-07,0,0,0
2016-12-31,0,0,0
2016-12-13,0,0,0
2016-12-10,0,0,0
2016-12-14,5,4,1
2016-12-29,23,14,9
2016-12-24,0,0,0
2016-12-18,0,0,0
2016-12-26,0,0,0
2016-12-21,0,0,0
2016-12-25,0,0,0
2016-12-29,2,2,0
2016-12-25,0,0,0
2016-12-24,0,0,0
2016-12-16,5,0,5
2016-12-13,0,0,0
2016-12-30,1,0,1
2016-12-15,4,1,3
2016-12-26,0,0,0
2016-12-04,7,7,0
2016-12-07,0,0,0
2016-12-04,0,0,0
2016-12-19,3,3,0
2016-12-24,0,0,0
2016-12-28,1,0,1
2016-12-17,1,1,0
2016-12-25,0,0,0
2016-12-09,1,1,0
2016-12-16,1,1,0
2016-12-05,6,0,6
2016-12-20,5,4,1
2016-12-09,0,0,0
2016-12-28,7,5,2
2016-12-21,1,0,1
2016-12-11,0,0,0
2016-12-22,0,0,0
2016-12-12,0,0,0
2016-12-17,3,3,0
2016-12-02,0,0,0
2016-12-01,7,4,3
2016-12-05,2,0,2
2016-12-13,0,0,0
2016-12-18,0,0,0
2016-12-28,0,0,0
2016-12-03,1,1,0
2016-12-24,6,3,3
2016-12-31,1,0,1
2016-12-11,3,3,0
2016-12-07,0,0,0
2016-12-23,0,0,0
2016-12-11,0,0,0
2016-12-05,0,0,0
2016-12-25,5,3,2
2016-12-24,0,0,0
2016-12-20,1,1,0
2016-12-12,0,0,0
2016-12-02,3,3,0
2016-12-20,5,3,2
2016-12-06,0,0,0
2016-12-22,3,1,2
2016-12-09,2,1,1
2016-12-17,3,3,0
2016-12-09,1,1,0
2016-12-11,1,1,0
2016-12-14,0,0,0
2016-12-03,5,5,0
2016-12-01,1,1,0
2016-12-19,1,1,0
2016-12-17,1,1,0
2016-12-06,9,9,0
2016-12-01,0,0,0
2016-12-14,0,0,0
2016-12-08,8,5,3
2016-12-20,1,1,0
2016-12-06,1,0,1
2016-12-25,3,2,1
2016-12-06,1,1,0
2016-12-02,1,0,1
2016-12-26,0,0,0
2016-12-10,3,3,0
2016-12-24,1,1,0
2016-12-13,2,1,1
2016-12-09,0,0,0
2016-12-23,0,0,0
2016-12-08,1,1,0
2016-12-11,2,2,0
2016-12-16,7,3,4
2016-12-25,3,3,0
2016-12-15,0,0,0
2016-12-30,6,4,2
2016-12-01,5,0,5
2016-12-25,0,0,0
2016-12-26,1,1,0
2016-12-11,1,0,1
2016-12-23,0,0,0
2016-12-03,1,0,1
2016-12-30,4,4,0
2016-12-16,3,3,0
2016-12-30,0,0,0
2016-12-07,17,17,0
2016-12-01,0,0,0
2016-12-22,1,1,0
2016-12-24,0,0,0
2016-12-05,1,0,1
2016-12-19,0,0,0
2016-12-13,1,1,0
2016-12-04,3,3,0
2016-12-14,0,0,0
2016-12-01,1,1,0
2016-12-22,0,0,0
2016-12-23,0,0,0
2016-12-11,1,0,1
2016-12-06,0,0,0
2016-12-01,3,1,2
2016-12-23,0,0,0
2016-12-16,0,0,0
2016-12-13,1,1,0
2016-12-01,0,0,0
2016-12-22,0,0,0
2016-12-21,4,4,0
2016-12-12,2,0,2
2016-12-03,0,0,0
2016-12-13,1,0,1
2016-12-18,2,2,0
2016-12-31,0,0,0
2016-12-24,0,0,0
2016-12-14,4,4,0
2016-12-25,0,0,0
2016-12-09,0,0,0
2016-12-09,3,3,0
2016-12-15,0,0,0
2016-12-02,3,1,2
2016-12-31,1,0,1
2016-12-17,0,0,0
2016-12-16,0,0,0
2016-12-12,4,4,0
2016-12-26,1,1,0
2016-12-11,2,2,0
2016-12-21,4,3,1
2016-12-11,0,0,0
2016-12-26,0,0,0
2016-12-23,2,2,0
2016-12-26,1,1,0
2016-12-26,0,0,0
2016-12-20,4,0,4
2016-12-05,2,2,0
2016-12-05,1,1,0
2016-12-24,0,0,0
2016-12-11,0,0,0
2016-12-08,4,1,3
2016-12-20,3,2,1
2016-12-24,0,0,0
2016-12-30,6,2,4
2016-12-30,0,0,0
2016-12-05,2,2,0
2016-12-22,4,3,1
2016-12-31,3,2,1
2016-12-19,0,0,0
2016-12-03,2,1,1
2016-12-14,8,7,1
2016-12-17,0,0,0
2016-12-06,11,11,0
2016-12-02,1,1,0
2016-12-06,3,1,2
2016-12-14,0,0,0
2016-12-14,0,0,0
2016-12-02,1,1,0
2016-12-12,1,1,0
2016-12-28,1,1,0
2016-12-15,2,0,2
2016-12-07,0,0,0
2016-12-06,4,4,0
2016-12-10,0,0,0
2016-12-18,3,3,0
2016-12-08,0,0,0
2016-12-11,0,0,0
2016-12-03,1,1,0
2016-12-14,1,0,1
2016-12-29,5,3,2
2016-12-31,0,0,0
2016-12-19,5,1,4
2016-12-21,1,1,0
2016-12-17,1,1,0
2016-12-31,3,2,1
2016-12-19,0,0,0
2016-12-11,0,0,0
2016-12-08,6,5,1
2016-12-18,2,1,1
2016-12-13,4,0,4
2016-12-03,7,7,0
2016-12-29,0,0,0
2016-12-31,0,0,0
2016-12-10,1,1,0
2016-12-08,1,1,0
2016-12-16,0,0,0
2016-12-08,0,0,0
2016-12-04,6,3,3
2016-12-26,0,0,0
2016-12-27,3,1,2
2016-12-30,2,2,0
2016-12-06,0,0,0
2016-12-19,1,1,0
2016-12-10,0,0,0
2016-12-22,5,4,1
2016-12-25,0,0,0
2016-12-06,3,1,2
2016-12-27,0,0,0
2016-12-29,0,0,0
2016-12-25,1,0,1
2016-12-20,1,1,0
2016-12-23,3,3,0
2016-12-23,0,0,0
2016-12-04,2,2,0
2016-12-11,0,0,0
2016-12-01,2,0,2
2016-12-23,2,0,2
2016-12-05,6,5,1
2016-12-30,0,0,0
2016-12-19,0,0,0
2016-12-06,1,1,0
2016-12-10,1,0,1
2016-12-06,3,3,0
2016-12-14,1,1,0
2016-12-12,0,0,0
2016-12-25,0,0,0
2016-12-08,2,2,0
2016-12-27,11,10,1
2016-12-20,0,0,0
2016-12-10,0,0,0
2016-12-22,3,3,0
2016-12-13,0,0,0
2016-12-30,4,3,1
2016-12-15,5,5,0
2016-12-03,1,1,0
2016-12-15,4,4,0
2016-12-04,0,0,0
2016-12-24,0,0,0
2016-12-16,0,0,0
2016-12-09,0,0,0
2016-12-15,0,0,0
2016-12-13,0,0,0
2016-12-04,0,0,0
2016-12-19,10,10,0
2016-12-05,0,0,0
2016-12-03,0,0,0
2016-12-19,0,0,0
2016-12-08,1,0,1
2016-12-10,2,1,1
2016-12-17,1,0,1
2016-12-04,0,0,0
2016-12-30,4,1,3
2016-12-26,3,2,1
2016-12-13,4,4,0
2016-12-18,0,0,0
2016-12-25,0,0,0
2016-12-26,0,0,0
2016-12-22,0,0,0
2016-12-08,0,0,0
2016-12-03,2,1,1
2016-12-27,6,5,1
2016-12-08,1,1,0
2016-12-19,8,8,0
2016-12-14,9,9,0
2016-12-19,7,6,1
2016-12-12,11,11,0
2016-12-13,17,17,0
2016-12-07,3,1,2
2016-12-13,2,0,2
2016-12-12,0,0,0
2016-12-15,13,12,1
2016-12-02,0,0,0
2016-12-06,0,0,0
2016-12-18,0,0,0
2016-12-19,5,5,0
2016-12-28,7,7,0
2016-12-08,7,7,0
2016-12-07,7,6,1
2016-12-31,2,2,0
2016-12-12,0,0,0
2016-12-28,2,2,0
2016-12-17,3,0,3
2016-12-20,0,0,0
2016-12-15,9,9,0
2016-12-10,0,0,0
2016-12-12,1,0,1
2016-12-16,1,1,0
2016-12-19,0,0,0
2016-12-31,0,0,0
2016-12-10,1,1,0
2016-12-30,3,0,3
2016-12-02,0,0,0
2016-12-29,5,2,3
2016-12-04,1,1,0
2016-12-26,6,4,2
2016-12-20,5,1,4
2016-12-07,3,1,2
2016-12-04,2,1,1
2016-12-04,0,0,0
2016-12-29,0,0,0
2016-12-24,2,1,1
2016-12-03,0,0,0
2016-12-21,4,4,0
2016-12-28,1,1,0
2016-12-18,0,0,0
2016-12-27,7,6,1
2016-12-31,5,3,2
2016-12-10,0,0,0
2016-12-15,4,4,0
2016-12-16,2,2,0
2016-12-23,0,0,0
2016-12-17,0,0,0
2016-12-29,0,0,0
2016-12-10,3,2,1
2016-12-23,1,0,1
2016-12-08,1,0,1
2016-12-25,0,0,0
2016-12-27,3,2,1
2016-12-17,0,0,0
2016-12-07,4,3,1
2016-12-04,5,2,3
2016-12-18,0,0,0
2016-12-03,0,0,0
2016-12-30,0,0,0
2016-12-27,4,1,3
2016-12-21,17,16,1
2016-12-12,2,0,2
2016-12-09,1,1,0
2016-12-16,5,3,2
2016-12-21,0,0,0
2016-12-24,0,0,0
2016-12-16,0,0,0
2016-12-24,1,1,0
2016-12-04,0,0,0
2016-12-15,0,0,0
2016-12-20,10,10,0
2016-12-07,2,1,1
2016-12-15,0,0,0
2016-12-01,0,0,0
2016-12-29,1,1,0
2016-12-12,6,5,1
2016-12-20,6,6,0
2016-12-08,2,0,2
2016-12-16,0,0,0
2016-12-27,1,0,1
2016-12-20,4,4,0
2016-12-27,0,0,0
2016-12-04,1,1,0
2016-12-01,4,3,1
2016-12-17,0,0,0
2016-12-14,1,1,0
2016-12-24,0,0,0
2016-12-18,1,1,0
2016-12-11,1,0,1
2016-12-15,0,0,0
2016-12-26,2,0,2
2016-12-30,0,0,0
2016-12-19,2,1,1
2016-12-09,1,0,1
2016-12-24,3,3,0
2016-12-30,2,0,2
2016-12-12,19,19,0
2016-12-13,3,1,2
2016-12-13,9,9,0
2016-12-02,3,3,0
2016-12-06,0,0,0
2016-12-03,1,1,0
2016-12-11,0,0,0
2016-12-30,0,0,0
2016-12-03,0,0,0
2016-12-06,18,17,1
2016-12-31,1,0,1
2016-12-09,2,0,2
2016-12-05,3,2,1
2016-12-25,0,0,0
2016-12-11,0,0,0
2016-12-03,1,1,0
2016-12-03,1,1,0
2016-12-12,0,0,0
2016-12-15,3,2,1
2016-12-07,0,0,0
2016-12-27,0,0,0
2016-12-07,0,0,0
2016-12-16,2,1,1
2016-12-12,1,0,1
2016-12-05,0,0,0
2016-12-28,8,7,1
2016-12-23,1,1,0
2016-12-21,3,3,0
2016-12-04,7,7,0
2016-12-25,0,0,0
2016-12-05,2,2,0
2016-12-31,2,1,1
2016-12-16,0,0,0
2016-12-15,1,1,0
2016-12-18,0,0,0
2016-12-02,3,3,0
2016-12-11,0,0,0
2016-12-08,7,7,0
2016-12-25,1,1,0
2016-12-24,1,1,0
2016-12-05,1,1,0
2016-12-10,4,3,1
2016-12-26,0,0,0
2016-12-05,1,1,0
2016-12-02,7,7,0
2016-12-08,0,0,0
2016-12-29,0,0,0
2016-12-23,1,0,1
2016-12-24,3,1,2
2016-12-08,2,0,2
2016-12-03,0,0,0
2016-12-05,8,8,0
2016-12-17,2,1,1
2016-12-21,4,2,2
2016-12-19,0,0,0
2016-12-22,5,3,2
2016-12-06,0,0,0
2016-12-31,1,1,0
2016-12-02,7,1,6
2016-12-16,1,0,1
2016-12-01,11,11,0
2016-12-23,0,0,0
2017-01-01,0,0,0
2017-01-31,2,0,2
2017-01-07,2,1,1
2017-01-07,2,1,1
2017-01-08,0,0,0
2017-01-06,0,0,0
2017-01-08,2,2,0
2017-01-13,7,4,3
2017-01-11,2,0,2
2017-01-05,0,0,0
2017-01-28,1,1,0
2017-01-10,4,3,1
2017-01-13,0,0,0
2017-01-30,9,0,9
2017-01-21,0,0,0
2017-01-08,1,1,0
2017-01-11,10,9,1
2017-01-11,0,0,0
2017-01-23,6,0,6
2017-01-16,4,2,2
2017-01-02,2,1,1
2017-01-11,5,1,4
2017-01-06,0,0,0
2017-01-14,0,0,0
2017-01-24,0,0,0
2017-01-23,0,0,0
2017-01-25,5,5,0
2017-01-05,14,14,0
2017-01-20,0,0,0
2017-01-16,3,1,2
2017-01-20,7,0,7
2017-01-09,2,2,0
2017-01-17,6,6,0
2017-01-06,0,0,0
2017-01-23,5,2,3
2017-01-19,8,0,8
2017-01-29,4,2,2
2017-01-20,19,19,0
2017-01-21,6,4,2
2017-01-23,0,0,0
2017-01-20,0,0,0
2017-01-22,0,0,0
2017-01-12,3,1,2
2017-01-28,0,0,0
2017-01-16,5,0,5
2017-01-28,0,0,0
2017-01-21,0,0,0
2017-01-08,2,2,0
2017-01-18,0,0,0
2017-01-28,8,3,5
2017-01-12,5,1,4
2017-01-23,6,5,1
2017-01-18,1,1,0
2017-01-18,6,0,6
2017-01-31,0,0,0
2017-01-05,1,0,1
2017-01-07,1,0,1
2017-01-15,1,1,0
2017-01-27,6,5,1
2017-01-14,0,0,0
2017-01-22,1,0,1
2017-01-07,4,3,1
2017-01-26,3,3,0
2017-01-01,2,1,1
2017-01-29,0,0,0
2017-01-27,1,0,1
2017-01-06,0,0,0
2017-01-14,7,6,1
2017-01-06,9,8,1
2017-01-24,2,0,2
2017-01-02,2,2,0
2017-01-05,1,0,1
2017-01-09,12,3,9
2017-01-21,0,0,0
2017-01-27,0,0,0
2017-01-08,0,0,0
2017-01-01,0,0,0
2017-01-19,1,1,0
2017-01-23,17,0,17
2017-01-15,0,0,0
2017-01-20,7,0,7
2017-01-15,4,3,1
2017-01-26,3,0,3
2017-01-14,0,0,0
2017-01-03,5,1,4
2017-01-26,0,0,0
2017-01-28,0,0,0
2017-01-20,6,4,2
2017-01-17,8,6,2
2017-01-19,1,1,0
2017-01-21,1,0,1
2017-01-07,0,0,0
2017-01-12,0,0,0
2017-01-28,1,0,1
2017-01-03,7,3,4
2017-01-30,3,3,0
2017-01-31,0,0,0
2017-01-21,5,1,4
2017-01-10,6,4,2
2017-01-10,14,1,13
2017-01-20,0,0,0
2017-01-13,13,0,13
2017-01-25,0,0,0
2017-01-20,3,3,0
2017-01-10,0,0,0
2017-01-02,1,0,1
2017-01-12,8,7,1
2017-01-31,19,1,18
2017-01-13,2,1,1
2017-01-30,2,2,0
2017-01-08,0,0,0
2017-01-17,5,1,4
2017-01-25,4,3,1
2017-01-17,0,0,0
2017-01-25,0,0,0
2017-01-26,10,0,10
2017-01-02,2,2,0
2017-01-11,0,0,0
2017-01-07,1,1,0
2017-01-27,1,1,0
2017-01-05,7,0,7
2017-01-14,1,1,0
2017-01-10,5,1,4
2017-01-11,0,0,0
2017-01-01,0,0,0
2017-01-05,4,2,2
2017-01-10,3,3,0
2017-01-05,0,0,0
2017-01-25,10,9,1
2017-01-31,14,13,1
2017-01-10,0,0,0
2017-01-18,11,1,10
2017-01-18,1,0,1
2017-01-06,0,0,0
2017-01-09,1,0,1
2017-01-26,0,0,0
2017-01-13,10,9,1
2017-01-09,7,0,7
2017-01-30,0,0,0
2017-01-25,5,1,4
2017-01-25,1,1,0
2017-01-05,0,0,0
2017-01-09,0,0,0
2017-01-14,0,0,0
2017-01-13,0,0,0
2017-01-08,1,1,0
2017-01-07,0,0,0
2017-01-30,6,6,0
2017-01-02,0,0,0
2017-01-29,5,3,2
2017-01-16,8,7,1
2017-01-04,4,0,4
2017-01-11,1,1,0
2017-01-07,0,0,0
2017-01-31,4,1,3
2017-01-28,11,2,9
2017-01-30,4,0,4
2017-01-05,5,0,5
2017-01-13,13,13,0
2017-01-13,3,3,0
2017-01-15,0,0,0
2017-01-26,19,18,1
2017-01-03,0,0,0
2017-01-16,0,0,0
2017-01-22,1,0,1
2017-01-22,0,0,0
2017-01-13,1,0,1
2017-01-03,8,6,2
2017-01-16,6,4,2
2017-01-02,1,1,0
2017-01-07,2,0,2
2017-01-05,1,1,0
2017-01-15,0,0,0
2017-01-10,16,15,1
2017-01-06,1,1,0
2017-01-07,0,0,0
2017-01-15,1,0,1
2017-01-10,0,0,0
2017-01-19,15,15,0
2017-01-04,8,2,6
2017-01-13,0,0,0
2017-01-21,2,1,1
2017-01-24,0,0,0
2017-01-12,12,12,0
2017-01-01,0,0,0
2017-01-08,1,0,1
2017-01-11,4,1,3
2017-01-31,6,1,5
2017-01-17,4,3,1
2017-01-31,0,0,0
2017-01-19,11,2,9
2017-01-29,0,0,0
2017-01-07,0,0,0
2017-01-27,6,4,2
2017-01-03,9,8,1
2017-01-02,5,4,1
2017-01-15,3,1,2
2017-01-21,11,5,6
2017-01-01,0,0,0
2017-01-01,0,0,0
2017-01-21,0,0,0
2017-01-17,6,2,4
2017-01-02,3,1,2
2017-01-05,2,2,0
2017-01-25,0,0,0
2017-01-16,1,0,1
2017-01-14,3,3,0
2017-01-07,0,0,0
2017-01-25,2,2,0
2017-01-13,0,0,0
2017-01-25,1,0,1
2017-01-11,0,0,0
2017-01-21,0,0,0
2017-01-28,1,1,0
2017-01-14,0,0,0
2017-01-19,0,0,0
2017-01-31,2,2,0
2017-01-23,10,1,9
2017-01-12,1,0,1
2017-01-13,0,0,0
2017-01-27,5,0,5
2017-01-15,3,2,1
2017-01-03,0,0,0
2017-01-30,16,1,15
2017-01-18,13,12,1
2017-01-08,0,0,0
2017-01-30,1,1,0
2017-01-07,0,0,0
2017-01-04,3,2,1
2017-01-28,4,3,1
2017-01-23,3,0,3
2017-01-21,0,0,0
2017-01-24,2,2,0
2017-01-10,3,1,2
2017-01-20,8,8,0
2017-01-19,3,0,3
2017-01-24,0,0,0
2017-01-07,0,0,0
2017-01-22,0,0,0
2017-01-30,2,2,0
2017-01-03,12,0,12
2017-01-03,8,7,1
2017-01-01,2,1,1
2017-01-02,0,0,0
2017-01-13,0,0,0
2017-01-12,1,1,0
2017-01-20,5,2,3
2017-01-12,8,7,1
2017-01-17,3,2,1
2017-01-05,7,7,0
2017-01-16,1,0,1
2017-01-04,9,0,9
2017-01-01,1,1,0
2017-01-17,8,0,8
2017-01-23,0,0,0
2017-01-06,0,0,0
2017-01-06,0,0,0
2017-01-08,1,0,1
2017-01-24,3,0,3
2017-01-10,1,1,0
2017-01-03,3,3,0
2017-01-08,1,1,0
2017-01-11,3,2,1
2017-01-10,0,0,0
2017-01-09,0,0,0
2017-01-15,4,1,3
2017-01-23,3,3,0
2017-01-18,0,0,0
2017-01-19,0,0,0
2017-01-31,6,0,6
2017-01-25,0,0,0
2017-01-18,2,2,0
2017-01-30,5,3,2
2017-01-23,1,1,0
2017-01-06,0,0,0
2017-01-21,1,0,1
2017-01-15,0,0,0
2017-01-24,21,19,2
2017-01-10,6,0,6
2017-01-26,9,8,1
2017-01-30,13,11,2
2017-01-29,0,0,0
2017-01-17,0,0,0
2017-01-29,3,1,2
2017-01-24,3,3,0
2017-01-28,9,6,3
2017-01-11,1,1,0
2017-01-24,7,0,7
2017-01-01,1,0,1
2017-01-23,0,0,0
2017-01-26,4,3,1
2017-01-03,6,5,1
2017-01-20,0,0,0
2017-01-25,7,1,6
2017-01-29,2,1,1
2017-01-22,0,0,0
2017-01-17,0,0,0
2017-01-14,0,0,0
2017-01-08,1,0,1
2017-01-05,1,1,0
2017-01-15,0,0,0
2017-01-09,9,9,0
2017-01-09,4,0,4
2017-01-29,0,0,0
2017-01-16,0,0,0
2017-01-28,0,0,0
2017-01-24,4,3,1
2017-01-01,0,0,0
2017-01-06,15,14,1
2017-01-27,3,0,3
2017-01-25,9,0,9
2017-01-28,1,0,1
2017-01-09,3,3,0
2017-01-01,0,0,0
2017-01-23,0,0,0
2017-01-08,0,0,0
2017-01-28,3,3,0
2017-01-30,15,15,0
2017-01-21,3,0,3
2017-01-25,16,16,0
2017-01-25,0,0,0
2017-01-09,5,4,1
2017-01-27,0,0,0
2017-01-27,0,0,0
2017-01-17,0,0,0
2017-01-12,0,0,0
2017-01-03,1,1,0
2017-01-26,1,1,0
2017-01-28,8,4,4
2017-01-14,0,0,0
2017-01-19,0,0,0
2017-01-03,3,1,2
2017-01-06,7,0,7
2017-01-31,4,3,1
2017-01-04,0,0,0
2017-01-12,0,0,0
2017-01-16,1,1,0
2017-01-11,2,2,0
2017-01-17,1,1,0
2017-01-13,8,7,1
2017-01-01,2,2,0
2017-01-06,2,0,2
2017-01-15,4,1,3
2017-01-21,13,8,5
2017-01-30,4,3,1
2017-01-01,0,0,0
2017-01-19,0,0,0
2017-01-21,0,0,0
2017-01-27,9,4,5
2017-01-24,0,0,0
2017-01-27,9,2,7
2017-01-26,4,2,2
2017-01-29,3,2,1
2017-01-15,8,8,0
2017-01-02,1,0,1
2017-01-03,0,0,0
2017-01-23,11,0,11
2017-01-04,1,1,0
2017-01-09,2,2,0
2017-01-10,4,0,4
2017-01-05,0,0,0
2017-01-22,1,1,0
2017-01-14,1,0,1
2017-01-16,5,0,5
2017-01-27,4,0,4
2017-01-22,0,0,0
2017-01-15,0,0,0
2017-01-16,0,0,0
2017-01-17,18,17,1
2017-01-18,5,5,0
2017-01-18,9,7,2
2017-01-20,0,0,0
2017-01-27,14,10,4
2017-01-12,2,1,1
2017-01-28,0,0,0
2017-01-06,4,4,0
2017-01-15,0,0,0
2017-01-20,4,1,3
2017-01-10,9,7,2
2017-01-04,12,12,0
2017-01-12,10,2,8
2017-01-11,9,1,8
2017-01-10,0,0,0
2017-01-02,0,0,0
2017-01-11,20,19,1
2017-01-04,9,8,1
2017-01-02,0,0,0
2017-01-15,0,0,0
2017-01-30,0,0,0
2017-01-14,7,5,2
2017-01-18,0,0,0
2017-01-10,0,0,0
2017-01-04,2,0,2
2017-01-16,3,1,2
2017-01-07,4,3,1
2017-01-07,0,0,0
2017-01-19,3,1,2
2017-01-13,6,0,6
2017-01-04,3,1,2
2017-01-27,1,0,1
2017-01-26,17,16,1
2017-01-19,7,1,6
2017-01-11,5,5,0
2017-01-08,0,0,0
2017-01-29,2,1,1
2017-01-26,10,2,8
2017-01-01,0,0,0
2017-01-19,0,0,0
2017-01-10,4,1,3
2017-01-04,4,4,0
2017-01-03,5,1,4
2017-01-18,1,1,0
2017-01-18,4,0,4
2017-01-24,17,3,14
2017-01-02,4,0,4
2017-01-15,0,0,0
2017-01-31,11,1,10
2017-01-02,3,2,1
2017-01-28,3,2,1
2017-01-23,1,1,0
2017-01-18,2,0,2
2017-01-03,0,0,0
2017-01-19,3,2,1
2017-01-05,0,0,0
2017-01-19,0,0,0
2017-01-12,6,4,2
2017-01-15,0,0,0
2017-01-19,2,2,0
2017-01-26,0,0,0
2017-01-25,15,15,0
2017-01-20,10,10,0
2017-01-30,25,22,3
2017-01-30,5,5,0
2017-01-07,0,0,0
2017-01-24,2,2,0
2017-01-08,0,0,0
2017-01-31,7,7,0
2017-01-11,0,0,0
2017-01-11,1,1,0
2017-01-09,2,2,0
2017-01-06,9,5,4
2017-01-18,5,4,1
2017-01-24,19,19,0
2017-01-30,5,1,4
2017-01-13,0,0,0
2017-01-18,0,0,0
2017-01-24,13,0,13
2017-01-13,0,0,0
2017-01-22,0,0,0
2017-01-09,5,3,2
2017-01-04,2,2,0
2017-01-17,7,0,7
2017-01-24,9,8,1
2017-01-08,0,0,0
2017-01-20,14,1,13
2017-01-14,0,0,0
2017-01-06,8,1,7
2017-01-23,9,8,1
2017-01-15,4,3,1
2017-01-15,0,0,0
2017-01-17,1,1,0
2017-01-23,16,1,15
2017-01-21,0,0,0
2017-01-04,15,14,1
2017-01-08,0,0,0
2017-01-30,0,0,0
2017-01-01,0,0,0
2017-01-27,9,1,8
2017-01-17,3,3,0
2017-01-30,12,1,11
2017-01-25,2,2,0
2017-01-05,2,2,0
2017-01-19,7,1,6
2017-01-16,2,2,0
2017-01-24,0,0,0
2017-01-09,0,0,0
2017-01-31,0,0,0
2017-01-08,1,1,0
2017-01-26,7,6,1
2017-01-11,1,0,1
2017-01-02,6,2,4
2017-01-22,2,1,1
2017-01-01,0,0,0
2017-01-07,0,0,0
2017-01-12,1,1,0
2017-01-09,0,0,0
2017-01-24,0,0,0
2017-01-10,5,4,1
2017-01-17,0,0,0
2017-01-22,5,4,1
2017-01-11,0,0,0
2017-01-22,2,0,2
2017-01-17,0,0,0
2017-01-18,2,2,0
2017-01-31,5,1,4
2017-01-28,1,0,1
2017-01-13,0,0,0
2017-01-05,3,2,1
2017-01-02,0,0,0
2017-01-19,0,0,0
2017-01-26,3,3,0
2017-01-26,0,0,0
2017-01-26,0,0,0
2017-01-25,1,1,0
2017-01-29,0,0,0
2017-01-20,0,0,0
2017-01-21,2,1,1
2017-01-30,0,0,0
2017-01-04,0,0,0
2017-01-15,0,0,0
2017-01-29,1,0,1
2017-01-14,1,0,1
2017-01-10,2,2,0
2017-01-20,5,4,1
2017-01-18,0,0,0
2017-01-04,3,2,1
2017-01-02,5,4,1
2017-01-26,0,0,0
2017-01-18,3,0,3
2017-01-27,5,5,0
2017-01-17,0,0,0
2017-01-04,2,1,1
2017-01-01,0,0,0
2017-01-26,4,0,4
2017-01-29,2,0,2
2017-01-04,6,2,4
2017-01-27,0,0,0
2017-01-23,18,18,0
2017-01-24,4,4,0
2017-01-29,1,1,0
2017-01-06,6,0,6
2017-01-17,12,1,11
2017-01-13,5,3,2
2017-01-19,17,17,0
2017-01-24,8,6,2
2017-01-10,16,15,1
2017-01-19,4,4,0
2017-01-18,0,0,0
2017-01-23,15,13,2
2017-01-28,3,3,0
2017-01-22,0,0,0
2017-01-04,0,0,0
2017-01-12,5,5,0
2017-01-01,0,0,0
2017-01-30,0,0,0
2017-01-22,2,0,2
2017-01-29,0,0,0
2017-01-08,1,1,0
2017-01-27,5,3,2
2017-01-03,14,13,1
2017-01-29,0,0,0
2017-01-21,2,2,0
2017-01-17,2,0,2
2017-01-24,1,1,0
2017-01-08,0,0,0
2017-01-06,10,10,0
2017-01-11,3,1,2
2017-01-03,8,0,8
2017-01-20,7,5,2
2017-01-17,16,16,0
2017-01-04,0,0,0
2017-01-03,0,0,0
2017-01-12,1,0,1
2017-01-13,7,1,6
2017-01-01,1,0,1
2017-01-15,3,1,2
2017-01-31,28,26,2
2017-01-03,0,0,0
2017-01-24,4,1,3
2017-01-29,2,2,0
2017-01-26,1,1,0
2017-01-11,7,1,6
2017-01-12,0,0,0
2017-01-25,6,6,0
2017-01-16,0,0,0
2017-01-23,0,0,0
2017-01-04,0,0,0
2017-01-22,2,1,1
2017-01-02,1,1,0
2017-01-21,0,0,0
2017-01-29,2,1,1
2017-01-13,1,1,0
2017-01-22,0,0,0
2017-01-10,2,2,0
2017-01-14,5,3,2
2017-01-25,3,3,0
2017-01-17,2,0,2
2017-01-11,2,0,2
2017-01-07,2,2,0
2017-01-26,0,0,0
2017-01-04,2,2,0
2017-01-01,3,1,2
2017-01-06,0,0,0
2017-01-22,6,5,1
2017-01-09,19,18,1
2017-01-20,9,9,0
2017-01-23,1,1,0
2017-01-16,0,0,0
2017-01-26,0,0,0
2017-01-12,5,4,1
2017-01-27,8,8,0
2017-01-01,1,1,0
2017-01-06,12,0,12
2017-01-15,1,1,0
2017-01-28,1,1,0
2017-01-22,0,0,0
2017-01-28,0,0,0
2017-01-25,0,0,0
2017-01-03,18,18,0
2017-01-19,4,0,4
2017-01-02,6,5,1
2017-01-11,11,2,9
2017-01-07,0,0,0
2017-01-22,0,0,0
2017-01-21,0,0,0
2017-01-20,0,0,0
2017-01-24,5,0,5
2017-01-26,7,4,3
2017-01-21,4,3,1
2017-01-12,12,11,1
2017-01-31,1,1,0
2017-01-16,0,0,0
2017-01-22,3,2,1
2017-01-30,0,0,0
2017-01-27,0,0,0
2017-01-06,4,3,1
2017-01-14,0,0,0
2017-01-29,0,0,0
2017-01-08,6,3,3
2017-01-27,0,0,0
2017-01-27,12,11,1
2017-01-31,21,21,0
2017-01-16,0,0,0
2017-01-03,0,0,0
2017-01-09,1,1,0
2017-01-12,4,0,4
2017-01-28,1,0,1
2017-01-05,11,11,0
2017-01-11,11,11,0
2017-01-05,19,1,18
2017-01-16,6,4,2
2017-01-16,0,0,0
2017-01-05,5,2,3
2017-01-20,0,0,0
2017-01-18,1,0,1
2017-01-20,0,0,0
2017-01-03,0,0,0
2017-01-07,0,0,0
2017-01-25,4,0,4
2017-01-06,3,1,2
2017-01-22,4,3,1
2017-01-05,3,1,2
2017-01-07,7,5,2
2017-01-21,3,3,0
2017-01-01,0,0,0
2017-01-10,7,2,5
2017-01-08,6,5,1
2017-01-30,10,0,10
2017-01-31,6,1,5
2017-01-17,12,2,10
2017-01-04,5,3,2
2017-01-31,7,2,5
2017-01-09,3,1,2
2017-01-21,4,4,0
2017-01-27,18,18,0
2017-01-18,11,11,0
2017-01-31,0,0,0
2017-01-14,3,2,1
2017-01-14,4,1,3
2017-01-14,0,0,0
2017-01-02,0,0,0
2017-01-10,1,0,1
2017-01-14,1,0,1
2017-01-29,0,0,0
2017-01-02,0,0,0
2017-01-21,0,0,0
2017-01-19,0,0,0
2017-01-28,0,0,0
2017-01-29,1,1,0
2017-01-31,0,0,0
2017-01-08,0,0,0
2017-01-01,0,0,0
2017-01-16,10,4,6
2017-01-18,0,0,0
2017-01-13,3,0,3
2017-01-19,10,10,0
2017-01-27,0,0,0
2017-01-28,0,0,0
2017-01-09,0,0,0
2017-01-14,0,0,0
2017-01-15,1,0,1
2017-01-28,0,0,0
2017-01-03,10,0,10
2017-01-12,0,0,0
2017-01-07,1,1,0
2017-01-22,1,1,0
2017-01-22,0,0,0
2017-01-29,1,1,0
2017-01-14,2,1,1
2017-01-09,0,0,0
2017-01-25,5,0,5
2017-01-20,0,0,0
2017-01-04,9,0,9
2017-01-14,4,4,0
2017-01-05,0,0,0
2017-01-20,8,0,8
2017-01-29,5,1,4
2017-01-09,13,2,11
2017-01-16,2,2,0
2017-01-07,4,3,1
2017-01-23,6,4,2
2017-01-31,10,10,0
2017-01-16,0,0,0
2017-01-12,8,0,8
2017-01-12,3,1,2
2017-01-22,0,0,0
2017-01-30,5,4,1
2017-01-24,1,1,0
2017-01-25,2,2,0
2017-01-05,3,0,3
2017-01-06,4,1,3
2017-01-09,5,2,3
2017-01-13,2,2,0
2017-01-31,0,0,0
2017-01-09,0,0,0
2017-01-04,0,0,0
2017-01-23,5,5,0
2017-01-09,21,17,4
2017-01-26,7,1,6
2017-01-18,0,0,0
2017-01-03,1,1,0
2017-01-14,1,1,0
2017-01-13,1,1,0
2017-01-05,4,2,2
2017-01-23,15,15,0
2017-01-02,0,0,0
2017-01-06,8,7,1
2017-01-16,5,2,3
2017-01-29,0,0,0
2017-01-19,3,3,0
2017-01-02,1,1,0
2017-01-12,1,1,0
2017-01-02,1,1,0
2017-01-08,0,0,0
2017-02-17,5,0,5
2017-02-13,12,1,11
2017-02-25,3,0,3
2017-02-05,0,0,0
2017-02-01,1,1,0
2017-02-20,2,2,0
2017-02-15,8,6,2
2017-02-18,0,0,0
2017-02-01,0,0,0
2017-02-19,0,0,0
2017-02-27,1,1,0
2017-02-05,0,0,0
2017-02-11,0,0,0
2017-02-06,3,0,3
2017-02-19,5,4,1
2017-02-13,23,23,0
2017-02-15,19,18,1
2017-02-08,2,0,2
2017-02-28,16,0,16
2017-02-14,35,34,1
2017-02-10,0,0,0
2017-02-09,1,1,0
2017-02-19,6,3,3
2017-02-25,3,0,3
2017-02-20,1,0,1
2017-02-15,11,1,10
2017-02-26,4,1,3
2017-02-16,18,3,15
2017-02-24,6,5,1
2017-02-24,0,0,0
2017-02-15,0,0,0
2017-02-06,0,0,0
2017-02-09,5,1,4
2017-02-25,0,0,0
2017-02-02,2,2,0
2017-02-11,3,3,0
2017-02-13,3,3,0
2017-02-10,3,2,1
2017-02-07,2,0,2
2017-02-26,1,0,1
2017-02-20,0,0,0
2017-02-09,0,0,0
2017-02-22,7,0,7
2017-02-04,0,0,0
2017-02-19,0,0,0
2017-02-14,19,19,0
2017-02-10,1,1,0
2017-02-12,6,5,1
2017-02-24,7,1,6
2017-02-28,11,6,5
2017-02-23,7,0,7
2017-02-21,8,0,8
2017-02-15,1,1,0
2017-02-04,1,1,0
2017-02-19,1,1,0
2017-02-14,0,0,0
2017-02-07,0,0,0
2017-02-08,0,0,0
2017-02-10,2,2,0
2017-02-09,8,0,8
2017-02-06,0,0,0
2017-02-07,0,0,0
2017-02-26,2,2,0
2017-02-24,9,8,1
2017-02-13,5,1,4
2017-02-13,7,2,5
2017-02-21,15,15,0
2017-02-20,1,0,1
2017-02-21,2,2,0
2017-02-13,0,0,0
2017-02-26,0,0,0
2017-02-09,7,7,0
2017-02-26,3,2,1
2017-02-17,6,6,0
2017-02-17,7,4,3
2017-02-12,3,3,0
2017-02-08,4,4,0
2017-02-06,0,0,0
2017-02-19,3,1,2
2017-02-15,13,1,12
2017-02-21,0,0,0
2017-02-01,1,0,1
2017-02-01,3,0,3
2017-02-03,2,0,2
2017-02-18,3,1,2
2017-02-13,12,10,2
2017-02-21,0,0,0
2017-02-06,0,0,0
2017-02-15,0,0,0
2017-02-01,0,0,0
2017-02-04,2,1,1
2017-02-05,4,2,2
2017-02-10,3,2,1
2017-02-17,8,6,2
2017-02-19,0,0,0
2017-02-11,0,0,0
2017-02-15,4,0,4
2017-02-04,2,1,1
2017-02-15,11,11,0
2017-02-04,3,3,0
2017-02-02,7,7,0
2017-02-07,0,0,0
2017-02-07,0,0,0
2017-02-06,0,0,0
2017-02-21,0,0,0
2017-02-14,13,11,2
2017-02-15,0,0,0
2017-02-03,0,0,0
2017-02-28,1,1,0
2017-02-07,0,0,0
2017-02-03,2,2,0
2017-02-06,0,0,0
2017-02-15,4,3,1
2017-02-12,2,0,2
2017-02-10,5,4,1
2017-02-20,2,0,2
2017-02-14,16,1,15
2017-02-11,1,1,0
2017-02-04,0,0,0
2017-02-07,5,5,0
2017-02-08,5,3,2
2017-02-10,0,0,0
2017-02-02,0,0,0
2017-02-15,0,0,0
2017-02-22,0,0,0
2017-02-06,0,0,0
2017-02-08,4,1,3
2017-02-24,0,0,0
2017-02-22,0,0,0
2017-02-12,0,0,0
2017-02-28,0,0,0
2017-02-14,0,0,0
2017-02-05,0,0,0
2017-02-04,2,0,2
2017-02-13,0,0,0
2017-02-16,16,0,16
2017-02-21,2,0,2
2017-02-09,0,0,0
2017-02-09,2,1,1
2017-02-03,1,1,0
2017-02-26,1,1,0
2017-02-13,1,1,0
2017-02-27,4,1,3
2017-02-05,2,0,2
2017-02-13,13,0,13
2017-02-02,0,0,0
2017-02-11,0,0,0
2017-02-28,7,5,2
2017-02-06,0,0,0
2017-02-07,0,0,0
2017-02-17,1,1,0
2017-02-05,0,0,0
2017-02-03,6,2,4
2017-02-01,4,3,1
2017-02-16,4,4,0
2017-02-28,0,0,0
2017-02-13,2,2,0
2017-02-17,11,1,10
2017-02-21,1,1,0
2017-02-25,3,0,3
2017-02-15,2,0,2
2017-02-23,0,0,0
2017-02-10,9,1,8
2017-02-12,0,0,0
2017-02-23,17,17,0
2017-02-07,7,7,0
2017-02-02,2,0,2
2017-02-14,3,3,0
2017-02-11,7,2,5
2017-02-19,2,1,1
2017-02-14,2,0,2
2017-02-06,1,1,0
2017-02-10,6,0,6
2017-02-03,0,0,0
2017-02-28,9,2,7
2017-02-22,8,1,7
2017-02-23,4,4,0
2017-02-19,2,1,1
2017-02-24,0,0,0
2017-02-16,4,4,0
2017-02-17,0,0,0
2017-02-23,7,1,6
2017-02-10,0,0,0
2017-02-07,2,2,0
2017-02-16,6,1,5
2017-02-26,0,0,0
2017-02-15,1,1,0
2017-02-27,0,0,0
2017-02-27,0,0,0
2017-02-23,16,15,1
2017-02-21,0,0,0
2017-02-13,6,0,6
2017-02-01,3,1,2
2017-02-14,0,0,0
2017-02-16,0,0,0
2017-02-04,0,0,0
2017-02-16,3,0,3
2017-02-06,0,0,0
2017-02-06,1,0,1
2017-02-25,4,3,1
2017-02-27,0,0,0
2017-02-10,15,14,1
2017-02-03,8,8,0
2017-02-23,0,0,0
2017-02-06,0,0,0
2017-02-01,8,8,0
2017-02-21,0,0,0
2017-02-23,0,0,0
2017-02-23,4,2,2
2017-02-23,1,1,0
2017-02-26,0,0,0
2017-02-22,18,2,16
2017-02-05,0,0,0
2017-02-10,16,16,0
2017-02-19,0,0,0
2017-02-24,13,2,11
2017-02-18,1,1,0
2017-02-13,19,1,18
2017-02-18,0,0,0
2017-02-02,0,0,0
2017-02-20,0,0,0
2017-02-13,1,1,0
2017-02-21,0,0,0
2017-02-13,6,6,0
2017-02-25,7,5,2
2017-02-20,2,1,1
2017-02-09,1,1,0
2017-02-15,1,1,0
2017-02-24,0,0,0
2017-02-25,0,0,0
2017-02-09,0,0,0
2017-02-07,3,0,3
2017-02-08,0,0,0
2017-02-20,0,0,0
2017-02-26,0,0,0
2017-02-17,0,0,0
2017-02-06,3,2,1
2017-02-01,6,1,5
2017-02-13,26,26,0
2017-02-24,2,0,2
2017-02-06,1,1,0
2017-02-05,3,1,2
2017-02-09,18,17,1
2017-02-27,1,1,0
2017-02-04,0,0,0
2017-02-22,1,1,0
2017-02-22,0,0,0
2017-02-03,4,3,1
2017-02-11,0,0,0
2017-02-26,1,1,0
2017-02-11,0,0,0
2017-02-06,1,1,0
2017-02-25,0,0,0
2017-02-20,2,0,2
2017-02-28,6,3,3
2017-02-16,8,3,5
2017-02-14,10,8,2
2017-02-21,5,0,5
2017-02-07,4,3,1
2017-02-08,0,0,0
2017-02-08,6,0,6
2017-02-25,7,3,4
2017-02-19,1,1,0
2017-02-12,0,0,0
2017-02-03,1,1,0
2017-02-10,0,0,0
2017-02-10,7,6,1
2017-02-24,3,2,1
2017-02-09,0,0,0
2017-02-14,4,2,2
2017-02-05,0,0,0
2017-02-24,0,0,0
2017-02-21,10,0,10
2017-02-11,3,1,2
2017-02-05,1,1,0
2017-02-21,4,2,2
2017-02-16,6,2,4
2017-02-17,1,0,1
2017-02-19,2,0,2
2017-02-24,9,1,8
2017-02-07,4,1,3
2017-02-09,0,0,0
2017-02-14,7,0,7
2017-02-03,1,1,0
2017-02-18,0,0,0
2017-02-06,1,0,1
2017-02-20,0,0,0
2017-02-16,4,4,0
2017-02-03,8,8,0
2017-02-09,6,5,1
2017-02-10,15,0,15
2017-02-14,5,2,3
2017-02-02,1,0,1
2017-02-24,1,1,0
2017-02-18,0,0,0
2017-02-14,22,0,22
2017-02-04,2,2,0
2017-02-04,0,0,0
2017-02-08,0,0,0
2017-02-18,2,1,1
2017-02-26,2,0,2
2017-02-25,31,31,0
2017-02-16,0,0,0
2017-02-23,1,1,0
2017-02-25,0,0,0
2017-02-25,0,0,0
2017-02-11,0,0,0
2017-02-28,10,1,9
2017-02-01,8,6,2
2017-02-15,3,0,3
2017-02-18,2,0,2
2017-02-05,0,0,0
2017-02-02,21,20,1
2017-02-18,1,0,1
2017-02-26,3,0,3
2017-02-17,23,23,0
2017-02-20,0,0,0
2017-02-08,0,0,0
2017-02-25,0,0,0
2017-02-03,0,0,0
2017-02-28,9,6,3
2017-02-20,4,4,0
2017-02-04,0,0,0
2017-02-04,1,0,1
2017-02-20,0,0,0
2017-02-08,1,1,0
2017-02-19,1,0,1
2017-02-17,10,0,10
2017-02-01,2,1,1
2017-02-11,0,0,0
2017-02-14,1,1,0
2017-02-25,12,8,4
2017-02-05,3,2,1
2017-02-05,0,0,0
2017-02-23,4,1,3
2017-02-14,0,0,0
2017-02-05,0,0,0
2017-02-17,0,0,0
2017-02-20,4,4,0
2017-02-13,6,2,4
2017-02-09,3,0,3
2017-02-01,9,0,9
2017-02-25,0,0,0
2017-02-12,1,1,0
2017-02-26,4,1,3
2017-02-01,12,1,11
2017-02-12,0,0,0
2017-02-26,1,0,1
2017-02-12,1,1,0
2017-02-02,6,0,6
2017-02-19,0,0,0
2017-02-20,0,0,0
2017-02-19,4,2,2
2017-02-16,15,15,0
2017-02-21,18,16,2
2017-02-17,12,11,1
2017-02-16,13,9,4
2017-02-27,1,0,1
2017-02-28,3,0,3
2017-02-24,3,2,1
2017-02-07,0,0,0
2017-02-12,0,0,0
2017-02-09,0,0,0
2017-02-02,15,15,0
2017-02-09,6,1,5
2017-02-04,1,0,1
2017-02-02,5,0,5
2017-02-18,0,0,0
2017-02-04,1,1,0
2017-02-15,6,0,6
2017-02-08,4,3,1
2017-02-16,0,0,0
2017-02-03,0,0,0
2017-02-18,4,3,1
2017-02-16,10,0,10
2017-02-26,0,0,0
2017-02-24,10,0,10
2017-02-23,3,2,1
2017-02-10,13,0,13
2017-02-17,4,1,3
2017-02-27,1,0,1
2017-02-01,16,16,0
2017-02-14,7,0,7
2017-02-04,3,1,2
2017-02-17,16,14,2
2017-02-04,0,0,0
2017-02-19,1,1,0
2017-02-22,3,2,1
2017-02-10,2,0,2
2017-02-09,6,2,4
2017-02-28,0,0,0
2017-02-08,0,0,0
2017-02-08,9,0,9
2017-02-13,6,3,3
2017-02-05,2,1,1
2017-02-07,4,0,4
2017-02-14,1,1,0
2017-02-01,2,2,0
2017-02-18,4,4,0
2017-02-13,0,0,0
2017-02-07,3,3,0
2017-02-16,2,0,2
2017-02-15,0,0,0
2017-02-13,9,5,4
2017-02-27,3,3,0
2017-02-14,0,0,0
2017-02-24,8,6,2
2017-02-05,3,1,2
2017-02-08,0,0,0
2017-02-17,0,0,0
2017-02-03,8,0,8
2017-02-27,2,2,0
2017-02-06,0,0,0
2017-02-08,5,5,0
2017-02-23,0,0,0
2017-02-07,0,0,0
2017-02-11,5,4,1
2017-02-24,0,0,0
2017-02-24,6,2,4
2017-02-22,2,2,0
2017-02-26,2,2,0
2017-02-01,18,17,1
2017-02-05,3,2,1
2017-02-09,1,1,0
2017-02-28,0,0,0
2017-02-22,4,2,2
2017-02-02,6,3,3
2017-02-04,1,1,0
2017-02-15,2,2,0
2017-02-19,0,0,0
2017-02-27,8,7,1
2017-02-27,1,0,1
2017-02-11,0,0,0
2017-02-12,3,1,2
2017-02-23,2,0,2
2017-02-23,11,10,1
2017-02-26,1,1,0
2017-02-04,0,0,0
2017-02-23,3,3,0
2017-02-11,5,1,4
2017-02-27,4,3,1
2017-02-20,4,0,4
2017-02-20,1,0,1
2017-02-05,0,0,0
2017-02-02,5,1,4
2017-02-08,6,6,0
2017-02-28,0,0,0
2017-02-19,0,0,0
2017-02-02,0,0,0
2017-02-02,1,1,0
2017-02-19,1,0,1
2017-02-26,5,3,2
2017-02-25,0,0,0
2017-02-15,0,0,0
2017-02-12,0,0,0
2017-02-05,3,1,2
2017-02-23,0,0,0
2017-02-04,0,0,0
2017-02-08,1,1,0
2017-02-02,11,11,0
2017-02-26,0,0,0
2017-02-01,10,0,10
2017-02-23,3,2,1
2017-02-10,14,14,0
2017-02-18,0,0,0
2017-02-17,1,1,0
2017-02-06,2,2,0
2017-02-18,0,0,0
2017-02-12,0,0,0
2017-02-01,0,0,0
2017-02-21,0,0,0
2017-02-26,0,0,0
2017-02-28,1,1,0
2017-02-21,7,1,6
2017-02-06,6,6,0
2017-02-25,0,0,0
2017-02-24,3,2,1
2017-02-12,4,3,1
2017-02-28,0,0,0
2017-02-12,0,0,0
2017-02-07,4,2,2
2017-02-06,0,0,0
2017-02-01,16,13,3
2017-02-07,0,0,0
2017-02-08,0,0,0
2017-02-25,1,1,0
2017-02-03,1,1,0
2017-02-10,0,0,0
2017-02-19,1,1,0
2017-02-14,0,0,0
2017-02-08,4,3,1
2017-02-20,0,0,0
2017-02-09,0,0,0
2017-02-08,14,13,1
2017-02-25,0,0,0
2017-02-11,0,0,0
2017-02-21,4,4,0
2017-02-02,6,5,1
2017-02-18,1,0,1
2017-02-15,3,1,2
2017-02-12,0,0,0
2017-02-12,0,0,0
2017-02-20,3,3,0
2017-02-15,0,0,0
2017-02-01,2,2,0
2017-02-09,9,1,8
2017-02-22,0,0,0
2017-02-22,0,0,0
2017-02-05,0,0,0
2017-02-21,15,0,15
2017-02-28,21,21,0
2017-02-22,13,13,0
2017-02-22,20,18,2
2017-02-28,8,6,2
2017-02-12,0,0,0
2017-02-18,4,3,1
2017-02-24,19,19,0
2017-02-10,5,2,3
2017-02-16,5,3,2
2017-02-13,0,0,0
2017-02-13,0,0,0
2017-02-06,1,1,0
2017-02-09,6,0,6
2017-02-18,4,2,2
2017-02-16,0,0,0
2017-02-02,15,2,13
2017-02-05,0,0,0
2017-02-16,25,24,1
2017-02-15,1,1,0
2017-02-24,9,9,0
2017-02-20,1,1,0
2017-02-14,8,0,8
2017-02-27,0,0,0
2017-02-22,2,2,0
2017-02-23,0,0,0
2017-02-10,0,0,0
2017-02-26,0,0,0
2017-02-21,17,17,0
2017-02-27,8,8,0
2017-02-21,0,0,0
2017-02-11,1,0,1
2017-02-12,8,4,4
2017-02-03,0,0,0
2017-02-27,0,0,0
2017-02-19,0,0,0
2017-02-05,6,5,1
2017-02-20,1,0,1
2017-02-20,1,1,0
2017-02-14,0,0,0
2017-02-02,10,1,9
2017-02-19,2,1,1
2017-02-23,1,1,0
2017-02-02,0,0,0
2017-02-17,11,1,10
2017-02-17,12,3,9
2017-02-24,6,5,1
2017-02-27,1,1,0
2017-02-22,8,0,8
2017-02-14,8,4,4
2017-02-13,0,0,0
2017-02-01,0,0,0
2017-02-27,1,0,1
2017-02-03,1,1,0
2017-02-05,1,1,0
2017-02-18,2,1,1
2017-02-01,1,1,0
2017-02-11,4,3,1
2017-02-16,0,0,0
2017-02-02,0,0,0
2017-02-23,19,1,18
2017-02-16,1,1,0
2017-02-22,0,0,0
2017-02-12,1,0,1
2017-02-03,0,0,0
2017-02-21,4,2,2
2017-02-03,11,1,10
2017-02-03,0,0,0
2017-02-13,9,7,2
2017-02-20,0,0,0
2017-02-11,2,1,1
2017-02-22,4,1,3
2017-02-03,2,0,2
2017-02-05,3,2,1
2017-02-25,0,0,0
2017-02-22,9,0,9
2017-02-04,1,1,0
2017-02-27,0,0,0
2017-02-21,5,5,0
2017-02-09,3,0,3
2017-02-07,4,1,3
2017-02-18,0,0,0
2017-02-09,4,4,0
2017-02-25,1,0,1
2017-02-10,3,0,3
2017-02-15,3,1,2
2017-02-02,2,2,0
2017-02-25,3,3,0
2017-02-24,0,0,0
2017-02-28,1,0,1
2017-02-26,0,0,0
2017-02-11,0,0,0
2017-02-16,0,0,0
2017-02-02,5,1,4
2017-02-17,7,3,4
2017-02-07,3,1,2
2017-02-07,1,0,1
2017-02-03,0,0,0
2017-02-11,5,3,2
2017-02-17,8,4,4
2017-02-22,11,9,2
2017-02-11,5,4,1
2017-02-14,8,4,4
2017-02-28,5,0,5
2017-02-11,2,1,1
2017-02-12,14,6,8
2017-02-02,0,0,0
2017-02-10,0,0,0
2017-02-08,0,0,0
2017-02-23,1,1,0
2017-02-09,0,0,0
2017-02-18,1,1,0
2017-02-07,2,0,2
2017-02-06,0,0,0
2017-02-03,1,1,0
2017-02-19,0,0,0
2017-02-27,5,1,4
2017-02-07,1,1,0
2017-02-18,0,0,0
2017-02-01,0,0,0
2017-02-17,2,2,0
2017-02-28,6,1,5
2017-02-12,22,14,8
2017-02-27,7,0,7
2017-02-17,0,0,0
2017-02-16,1,1,0
2017-02-22,9,7,2
2017-02-22,6,6,0
2017-02-11,7,4,3
2017-02-04,0,0,0
2017-02-27,2,1,1
2017-02-19,0,0,0
2017-02-06,3,0,3
2017-02-03,3,3,0
2017-02-18,5,3,2
2017-02-01,3,1,2
2017-02-08,6,0,6
2017-02-16,6,0,6
2017-02-25,6,2,4
2017-02-26,2,0,2
2017-02-22,2,2,0
2017-02-27,0,0,0
2017-02-28,1,0,1
2017-02-28,10,9,1
2017-02-08,2,0,2
2017-02-20,3,2,1
2017-02-04,0,0,0
2017-02-12,1,1,0
2017-02-27,0,0,0
2017-02-24,1,1,0
2017-02-17,0,0,0
2017-02-10,0,0,0
2017-02-12,0,0,0
2017-02-25,0,0,0
2017-02-18,1,0,1
2017-02-04,0,0,0
2017-02-23,17,2,15
2017-02-11,3,0,3
2017-02-28,0,0,0
2017-02-22,0,0,0
2017-02-18,1,1,0
2017-02-26,0,0,0
2017-02-21,1,1,0
2017-03-09,2,0,2
2017-03-11,1,0,1
2017-03-09,4,2,2
2017-03-05,5,2,3
2017-03-01,10,1,9
2017-03-21,22,21,1
2017-03-20,6,3,3
2017-03-28,2,1,1
2017-03-20,0,0,0
2017-03-19,5,4,1
2017-03-17,3,2,1
2017-03-26,1,1,0
2017-03-15,0,0,0
2017-03-29,5,0,5
2017-03-14,11,2,9
2017-03-10,6,6,0
2017-03-08,5,1,4
2017-03-15,12,12,0
2017-03-04,2,0,2
2017-03-11,7,2,5
2017-03-21,0,0,0
2017-03-24,11,11,0
2017-03-17,0,0,0
2017-03-05,0,0,0
2017-03-26,2,2,0
2017-03-13,0,0,0
2017-03-29,1,0,1
2017-03-28,0,0,0
2017-03-21,3,1,2
2017-03-03,3,0,3
2017-03-03,0,0,0
2017-03-10,4,3,1
2017-03-02,5,2,3
2017-03-04,6,3,3
2017-03-27,4,0,4
2017-03-14,1,0,1
2017-03-27,13,12,1
2017-03-26,0,0,0
2017-03-15,0,0,0
2017-03-01,10,0,10
2017-03-28,0,0,0
2017-03-06,0,0,0
2017-03-22,7,1,6
2017-03-04,0,0,0
2017-03-19,8,2,6
2017-03-15,9,2,7
2017-03-26,0,0,0
2017-03-10,1,0,1
2017-03-03,3,3,0
2017-03-17,1,1,0
2017-03-08,0,0,0
2017-03-17,5,0,5
2017-03-23,28,26,2
2017-03-28,1,0,1
2017-03-09,1,1,0
2017-03-03,0,0,0
2017-03-15,3,2,1
2017-03-06,1,1,0
2017-03-24,0,0,0
2017-03-31,15,15,0
2017-03-18,0,0,0
2017-03-20,0,0,0
2017-03-04,0,0,0
2017-03-09,7,7,0
2017-03-24,4,4,0
2017-03-02,0,0,0
2017-03-08,9,0,9
2017-03-15,2,0,2
2017-03-06,22,1,21
2017-03-16,7,2,5
2017-03-19,4,3,1
2017-03-15,0,0,0
2017-03-25,0,0,0
2017-03-01,4,0,4
2017-03-09,11,10,1
2017-03-05,3,0,3
2017-03-28,4,0,4
2017-03-26,6,1,5
2017-03-19,0,0,0
2017-03-12,0,0,0
2017-03-10,6,5,1
2017-03-13,19,18,1
2017-03-08,1,0,1
2017-03-13,3,1,2
2017-03-05,0,0,0
2017-03-28,7,1,6
2017-03-14,13,13,0
2017-03-28,1,0,1
2017-03-17,1,1,0
2017-03-23,1,1,0
2017-03-24,1,1,0
2017-03-30,1,0,1
2017-03-10,5,0,5
2017-03-20,0,0,0
2017-03-09,17,2,15
2017-03-07,4,4,0
2017-03-03,0,0,0
2017-03-28,2,0,2
2017-03-04,0,0,0
2017-03-18,0,0,0
2017-03-15,12,0,12
2017-03-04,3,0,3
2017-03-14,6,0,6
2017-03-29,12,1,11
2017-03-05,0,0,0
2017-03-08,0,0,0
2017-03-22,1,1,0
2017-03-25,6,5,1
2017-03-08,1,1,0
2017-03-16,3,3,0
2017-03-11,0,0,0
2017-03-23,2,0,2
2017-03-05,0,0,0
2017-03-24,1,0,1
2017-03-28,23,21,2
2017-03-09,2,2,0
2017-03-15,7,7,0
2017-03-11,3,1,2
2017-03-05,0,0,0
2017-03-25,11,9,2
2017-03-01,30,28,2
2017-03-02,0,0,0
2017-03-02,3,0,3
2017-03-13,0,0,0
2017-03-02,0,0,0
2017-03-21,0,0,0
2017-03-16,1,1,0
2017-03-30,5,2,3
2017-03-07,8,7,1
2017-03-23,7,5,2
2017-03-29,3,0,3
2017-03-20,16,1,15
2017-03-07,4,3,1
2017-03-19,0,0,0
2017-03-03,1,1,0
2017-03-28,3,2,1
2017-03-17,9,9,0
2017-03-22,14,2,12
2017-03-31,20,1,19
2017-03-21,5,0,5
2017-03-29,4,3,1
2017-03-02,2,0,2
2017-03-13,4,3,1
2017-03-22,0,0,0
2017-03-27,10,8,2
2017-03-07,5,1,4
2017-03-29,4,4,0
2017-03-26,0,0,0
2017-03-17,16,16,0
2017-03-31,4,3,1
2017-03-08,13,0,13
2017-03-01,0,0,0
2017-03-05,3,2,1
2017-03-18,0,0,0
2017-03-06,10,8,2
2017-03-19,0,0,0
2017-03-20,9,8,1
2017-03-07,4,4,0
2017-03-13,9,0,9
2017-03-25,0,0,0
2017-03-05,1,0,1
2017-03-19,0,0,0
2017-03-17,4,0,4
2017-03-09,6,0,6
2017-03-17,0,0,0
2017-03-07,0,0,0
2017-03-19,0,0,0
2017-03-28,5,3,2
2017-03-18,2,1,1
2017-03-18,6,2,4
2017-03-16,14,0,14
2017-03-18,5,2,3
2017-03-07,15,0,15
2017-03-18,0,0,0
2017-03-16,21,21,0
2017-03-05,0,0,0
2017-03-17,9,0,9
2017-03-04,0,0,0
2017-03-31,8,2,6
2017-03-11,0,0,0
2017-03-22,19,0,19
2017-03-28,4,0,4
2017-03-01,2,2,0
2017-03-30,0,0,0
2017-03-30,2,0,2
2017-03-01,1,1,0
2017-03-26,1,1,0
2017-03-09,0,0,0
2017-03-20,6,3,3
2017-03-29,3,1,2
2017-03-12,0,0,0
2017-03-03,1,0,1
2017-03-16,5,5,0
2017-03-29,0,0,0
2017-03-25,0,0,0
2017-03-13,1,1,0
2017-03-23,4,0,4
2017-03-10,6,6,0
2017-03-06,10,6,4
2017-03-04,8,5,3
2017-03-13,3,3,0
2017-03-22,4,1,3
2017-03-11,1,0,1
2017-03-15,2,0,2
2017-03-29,1,1,0
2017-03-16,11,2,9
2017-03-07,2,1,1
2017-03-07,4,2,2
2017-03-15,0,0,0
2017-03-25,0,0,0
2017-03-25,5,4,1
2017-03-24,13,13,0
2017-03-14,2,0,2
2017-03-03,5,4,1
2017-03-24,3,3,0
2017-03-26,2,0,2
2017-03-12,2,2,0
2017-03-26,0,0,0
2017-03-15,0,0,0
2017-03-20,2,2,0
2017-03-12,7,4,3
2017-03-21,10,1,9
2017-03-08,6,3,3
2017-03-14,8,5,3
2017-03-30,3,1,2
2017-03-04,1,1,0
2017-03-30,16,16,0
2017-03-14,24,23,1
2017-03-03,0,0,0
2017-03-21,0,0,0
2017-03-13,3,1,2
2017-03-08,9,8,1
2017-03-14,2,2,0
2017-03-22,8,8,0
2017-03-14,0,0,0
2017-03-05,0,0,0
2017-03-01,5,0,5
2017-03-06,1,1,0
2017-03-26,9,6,3
2017-03-25,2,0,2
2017-03-31,0,0,0
2017-03-18,0,0,0
2017-03-30,21,0,21
2017-03-28,18,2,16
2017-03-30,0,0,0
2017-03-27,1,0,1
2017-03-02,6,6,0
2017-03-28,4,4,0
2017-03-12,4,2,2
2017-03-23,1,1,0
2017-03-21,21,18,3
2017-03-25,5,3,2
2017-03-31,9,8,1
2017-03-20,7,7,0
2017-03-22,7,6,1
2017-03-05,1,1,0
2017-03-19,1,0,1
2017-03-02,0,0,0
2017-03-07,4,0,4
2017-03-06,0,0,0
2017-03-12,1,0,1
2017-03-04,4,3,1
2017-03-23,0,0,0
2017-03-06,3,3,0
2017-03-11,2,1,1
2017-03-14,0,0,0
2017-03-18,1,1,0
2017-03-09,2,0,2
2017-03-29,1,1,0
2017-03-26,4,4,0
2017-03-04,6,4,2
2017-03-04,3,1,2
2017-03-04,0,0,0
2017-03-09,0,0,0
2017-03-11,1,0,1
2017-03-25,0,0,0
2017-03-14,2,2,0
2017-03-02,4,3,1
2017-03-29,1,1,0
2017-03-25,1,0,1
2017-03-20,1,1,0
2017-03-18,1,1,0
2017-03-25,1,1,0
2017-03-17,6,6,0
2017-03-23,6,5,1
2017-03-29,2,1,1
2017-03-08,13,13,0
2017-03-14,10,10,0
2017-03-06,5,5,0
2017-03-04,1,0,1
2017-03-06,5,1,4
2017-03-09,0,0,0
2017-03-14,19,19,0
2017-03-02,20,19,1
2017-03-15,1,0,1
2017-03-27,2,2,0
2017-03-31,0,0,0
2017-03-31,5,3,2
2017-03-21,2,1,1
2017-03-04,2,2,0
2017-03-19,0,0,0
2017-03-31,0,0,0
2017-03-16,23,21,2
2017-03-25,0,0,0
2017-03-02,6,0,6
2017-03-21,8,7,1
2017-03-07,0,0,0
2017-03-07,17,16,1
2017-03-08,0,0,0
2017-03-01,5,3,2
2017-03-10,0,0,0
2017-03-25,0,0,0
2017-03-13,3,0,3
2017-03-23,12,0,12
2017-03-01,8,5,3
2017-03-08,0,0,0
2017-03-24,7,6,1
2017-03-27,1,1,0
2017-03-20,1,1,0
2017-03-25,0,0,0
2017-03-10,0,0,0
2017-03-06,11,1,10
2017-03-14,0,0,0
2017-03-31,9,7,2
2017-03-22,2,0,2
2017-03-01,6,5,1
2017-03-10,0,0,0
2017-03-26,0,0,0
2017-03-29,3,0,3
2017-03-01,18,1,17
2017-03-17,0,0,0
2017-03-29,5,5,0
2017-03-06,0,0,0
2017-03-31,5,3,2
2017-03-28,15,0,15
2017-03-25,0,0,0
2017-03-10,4,1,3
2017-03-18,5,3,2
2017-03-20,6,2,4
2017-03-01,19,19,0
2017-03-21,18,2,16
2017-03-13,0,0,0
2017-03-09,3,2,1
2017-03-30,0,0,0
2017-03-08,1,1,0
2017-03-06,4,1,3
2017-03-27,0,0,0
2017-03-08,19,1,18
2017-03-31,14,4,10
2017-03-02,14,14,0
2017-03-24,3,0,3
2017-03-02,1,1,0
2017-03-08,31,31,0
2017-03-16,4,0,4
2017-03-09,0,0,0
2017-03-18,1,0,1
2017-03-14,17,0,17
2017-03-20,19,18,1
2017-03-04,2,0,2
2017-03-06,3,2,1
2017-03-24,3,1,2
2017-03-15,1,1,0
2017-03-30,0,0,0
2017-03-16,0,0,0
2017-03-05,4,2,2
2017-03-24,6,4,2
2017-03-13,2,1,1
2017-03-19,1,0,1
2017-03-14,1,1,0
2017-03-20,13,0,13
2017-03-31,1,1,0
2017-03-20,0,0,0
2017-03-24,3,1,2
2017-03-22,3,1,2
2017-03-11,1,1,0
2017-03-31,0,0,0
2017-03-07,7,7,0
2017-03-13,9,9,0
2017-03-02,1,0,1
2017-03-12,14,10,4
2017-03-23,3,3,0
2017-03-09,0,0,0
2017-03-12,0,0,0
2017-03-23,6,1,5
2017-03-10,5,1,4
2017-03-23,22,1,21
2017-03-09,8,0,8
2017-03-29,23,21,2
2017-03-10,0,0,0
2017-03-10,10,0,10
2017-03-08,7,7,0
2017-03-22,18,17,1
2017-03-02,16,2,14
2017-03-18,0,0,0
2017-03-20,0,0,0
2017-03-17,8,1,7
2017-03-01,7,6,1
2017-03-16,7,1,6
2017-03-02,19,1,18
2017-03-18,4,2,2
2017-03-24,14,1,13
2017-03-10,10,9,1
2017-03-03,15,0,15
2017-03-12,2,2,0
2017-03-16,1,1,0
2017-03-07,8,0,8
2017-03-22,0,0,0
2017-03-24,4,1,3
2017-03-19,13,8,5
2017-03-27,5,3,2
2017-03-10,3,2,1
2017-03-27,8,7,1
2017-03-19,0,0,0
2017-03-12,6,1,5
2017-03-15,11,11,0
2017-03-01,2,2,0
2017-03-24,0,0,0
2017-03-28,0,0,0
2017-03-06,7,0,7
2017-03-25,5,1,4
2017-03-12,2,1,1
2017-03-02,1,1,0
2017-03-16,1,1,0
2017-03-10,16,1,15
2017-03-21,2,2,0
2017-03-29,0,0,0
2017-03-03,1,1,0
2017-03-05,2,1,1
2017-03-03,8,2,6
2017-03-22,0,0,0
2017-03-22,3,0,3
2017-03-11,0,0,0
2017-03-30,0,0,0
2017-03-18,0,0,0
2017-03-26,0,0,0
2017-03-03,4,4,0
2017-03-09,2,2,0
2017-03-24,0,0,0
2017-03-07,13,1,12
2017-03-20,7,0,7
2017-03-31,4,4,0
2017-03-03,4,1,3
2017-03-26,1,1,0
2017-03-08,2,1,1
2017-03-27,6,0,6
2017-03-03,0,0,0
2017-03-11,6,3,3
2017-03-08,6,0,6
2017-03-09,2,1,1
2017-03-16,2,0,2
2017-03-01,2,2,0
2017-03-26,0,0,0
2017-03-19,0,0,0
2017-03-08,5,3,2
2017-03-12,6,0,6
2017-03-17,0,0,0
2017-03-08,0,0,0
2017-03-28,11,8,3
2017-03-10,10,2,8
2017-03-23,14,13,1
2017-03-24,2,1,1
2017-03-21,0,0,0
2017-03-11,4,2,2
2017-03-23,7,0,7
2017-03-01,2,2,0
2017-03-14,0,0,0
2017-03-02,3,1,2
2017-03-30,16,1,15
2017-03-04,0,0,0
2017-03-31,1,1,0
2017-03-24,0,0,0
2017-03-18,0,0,0
2017-03-26,0,0,0
2017-03-20,32,31,1
2017-03-03,8,8,0
2017-03-15,2,1,1
2017-03-12,3,1,2
2017-03-15,6,5,1
2017-03-23,5,4,1
2017-03-23,0,0,0
2017-03-27,0,0,0
2017-03-23,0,0,0
2017-03-11,0,0,0
2017-03-19,9,6,3
2017-03-15,0,0,0
2017-03-23,0,0,0
2017-03-13,0,0,0
2017-03-18,0,0,0
2017-03-23,0,0,0
2017-03-27,19,19,0
2017-03-25,3,1,2
2017-03-30,11,1,10
2017-03-30,37,32,5
2017-03-31,16,2,14
2017-03-16,0,0,0
2017-03-28,2,2,0
2017-03-05,0,0,0
2017-03-30,0,0,0
2017-03-27,2,2,0
2017-03-26,3,0,3
2017-03-18,7,3,4
2017-03-11,0,0,0
2017-03-10,17,17,0
2017-03-21,0,0,0
2017-03-03,8,8,0
2017-03-21,1,1,0
2017-03-24,1,0,1
2017-03-27,21,1,20
2017-03-03,5,5,0
2017-03-05,3,1,2
2017-03-16,3,1,2
2017-03-20,0,0,0
2017-03-11,6,1,5
2017-03-26,1,0,1
2017-03-29,23,22,1
2017-03-15,4,0,4
2017-03-18,4,1,3
2017-03-29,0,0,0
2017-03-31,8,0,8
2017-03-19,0,0,0
2017-03-16,14,11,3
2017-03-27,0,0,0
2017-03-10,9,6,3
2017-03-06,0,0,0
2017-03-02,0,0,0
2017-03-12,0,0,0
2017-03-10,11,9,2
2017-03-05,4,4,0
2017-03-25,3,0,3
2017-03-14,1,0,1
2017-03-03,17,1,16
2017-03-29,0,0,0
2017-03-15,5,0,5
2017-03-23,6,0,6
2017-03-04,1,0,1
2017-03-21,4,0,4
2017-03-22,3,2,1
2017-03-05,0,0,0
2017-03-05,2,1,1
2017-03-15,5,0,5
2017-03-27,3,2,1
2017-03-12,2,2,0
2017-03-29,18,0,18
2017-03-01,15,2,13
2017-03-19,18,10,8
2017-03-27,8,7,1
2017-03-09,17,17,0
2017-03-17,17,2,15
2017-03-25,2,2,0
2017-03-13,0,0,0
2017-03-20,5,3,2
2017-03-12,0,0,0
2017-03-09,0,0,0
2017-03-15,2,2,0
2017-03-05,1,1,0
2017-03-19,2,2,0
2017-03-16,9,1,8
2017-03-20,22,1,21
2017-03-12,0,0,0
2017-03-06,21,21,0
2017-03-07,0,0,0
2017-03-21,2,2,0
2017-03-06,15,0,15
2017-03-30,16,14,2
2017-03-30,9,6,3
2017-03-12,2,0,2
2017-03-24,14,1,13
2017-03-04,4,4,0
2017-03-11,1,1,0
2017-03-16,0,0,0
2017-03-30,8,0,8
2017-03-05,1,1,0
2017-03-17,1,0,1
2017-03-08,0,0,0
2017-03-30,5,4,1
2017-03-11,0,0,0
2017-03-12,2,2,0
2017-03-03,15,14,1
2017-03-22,0,0,0
2017-03-26,0,0,0
2017-03-20,21,19,2
2017-03-07,0,0,0
2017-03-17,0,0,0
2017-03-31,0,0,0
2017-03-22,5,2,3
2017-03-13,10,1,9
2017-03-31,1,1,0
2017-03-29,0,0,0
2017-03-23,14,12,2
2017-03-28,1,1,0
2017-03-18,0,0,0
2017-03-28,30,29,1
2017-03-26,1,0,1
2017-03-16,0,0,0
2017-03-19,0,0,0
2017-03-19,2,1,1
2017-03-27,35,33,2
2017-03-12,0,0,0
2017-03-30,0,0,0
2017-03-16,0,0,0
2017-03-02,0,0,0
2017-03-01,0,0,0
2017-03-17,0,0,0
2017-03-22,0,0,0
2017-03-22,2,1,1
2017-03-22,0,0,0
2017-03-27,0,0,0
2017-03-02,7,7,0
2017-03-01,1,1,0
2017-03-24,0,0,0
2017-03-14,0,0,0
2017-03-07,0,0,0
2017-03-30,7,2,5
2017-03-27,8,1,7
2017-03-27,0,0,0
2017-03-07,3,2,1
2017-03-06,17,15,2
2017-03-06,2,2,0
2017-03-05,0,0,0
2017-03-23,8,5,3
2017-03-17,10,10,0
2017-03-08,0,0,0
2017-03-22,2,2,0
2017-03-29,8,5,3
2017-03-04,1,0,1
2017-03-03,0,0,0
2017-03-01,0,0,0
2017-03-19,0,0,0
2017-03-31,3,0,3
2017-03-25,12,7,5
2017-03-21,2,0,2
2017-03-19,14,8,6
2017-03-12,0,0,0
2017-03-22,0,0,0
2017-03-28,0,0,0
2017-03-01,1,0,1
2017-03-12,0,0,0
2017-03-17,3,3,0
2017-03-15,0,0,0
2017-03-30,14,13,1
2017-03-16,17,1,16
2017-03-11,2,1,1
2017-03-03,0,0,0
2017-03-04,9,9,0
2017-03-27,24,1,23
2017-03-09,12,2,10
2017-03-16,0,0,0
2017-03-19,1,1,0
2017-03-04,0,0,0
2017-03-23,0,0,0
2017-03-30,6,6,0
2017-03-07,1,1,0
2017-03-11,0,0,0
2017-03-21,0,0,0
2017-03-23,0,0,0
2017-03-12,0,0,0
2017-03-06,1,1,0
2017-03-06,6,6,0
2017-03-09,0,0,0
2017-03-13,12,0,12
2017-03-13,1,1,0
2017-03-18,0,0,0
2017-03-21,0,0,0
2017-03-13,0,0,0
2017-03-20,0,0,0
2017-03-27,14,0,14
2017-03-31,33,32,1
2017-03-26,3,2,1
2017-03-04,0,0,0
2017-03-11,12,9,3
2017-03-04,0,0,0
2017-03-13,5,5,0
2017-03-09,1,0,1
2017-03-01,0,0,0
2017-03-18,1,0,1
2017-03-02,1,1,0
2017-03-19,10,4,6
2017-03-11,0,0,0
2017-03-16,6,6,0
2017-03-05,0,0,0
2017-03-09,14,14,0
2017-03-12,7,4,3
2017-03-06,2,0,2
2017-03-14,0,0,0
2017-03-26,2,1,1
2017-03-14,10,0,10
2017-03-05,0,0,0
2017-03-14,0,0,0
2017-03-27,0,0,0
2017-03-08,0,0,0
2017-03-17,0,0,0
2017-03-24,0,0,0
2017-03-15,1,1,0
2017-03-13,6,2,4
2017-03-14,5,3,2
2017-03-07,2,0,2
2017-03-13,2,1,1
2017-03-17,4,4,0
2017-03-17,2,2,0
2017-03-14,12,0,12
2017-03-22,19,19,0
2017-03-03,7,0,7
2017-03-10,0,0,0
2017-03-26,0,0,0
2017-03-03,0,0,0
2017-03-25,0,0,0
2017-03-29,0,0,0
2017-03-30,5,1,4
2017-03-21,1,1,0
2017-03-25,2,1,1
2017-03-13,21,21,0
2017-03-06,1,0,1
2017-03-11,3,3,0
2017-03-18,2,0,2
2017-03-01,0,0,0
2017-03-28,13,12,1
2017-03-11,1,1,0
2017-03-07,2,1,1
2017-03-17,8,2,6
2017-03-26,2,1,1
2017-03-28,1,1,0
2017-03-24,0,0,0
2017-03-08,1,0,1
2017-03-21,6,1,5
2017-03-11,0,0,0
2017-03-18,0,0,0
2017-03-13,2,0,2
2017-03-31,6,3,3
2017-03-25,9,2,7
2017-03-10,1,1,0
2017-03-02,2,2,0
2017-03-21,7,7,0
2017-03-22,2,1,1
2017-03-10,0,0,0
2017-03-21,15,2,13
2017-03-29,0,0,0
2017-03-10,1,0,1
2017-03-02,7,7,0
2017-03-07,1,1,0
2017-03-07,2,2,0
2017-03-28,19,0,19
2017-03-31,17,13,4
2017-03-24,3,2,1
2017-03-20,11,1,10
2017-04-02,0,0,0
2017-04-03,0,0,0
2017-04-09,4,4,0
2017-04-24,0,0,0
2017-04-20,10,9,1
2017-04-15,5,3,2
2017-04-29,0,0,0
2017-04-29,1,1,0
2017-04-30,14,8,6
2017-04-05,4,4,0
2017-04-26,23,2,21
2017-04-17,0,0,0
2017-04-08,4,4,0
2017-04-19,3,0,3
2017-04-22,0,0,0
2017-04-21,26,2,24
2017-04-23,5,4,1
2017-04-03,31,31,0
2017-04-12,2,0,2
2017-04-10,0,0,0
2017-04-28,0,0,0
2017-04-02,7,6,1
2017-04-20,1,1,0
2017-04-27,2,2,0
2017-04-05,16,0,16
2017-04-01,6,5,1
2017-04-08,1,1,0
2017-04-30,0,0,0
2017-04-21,33,27,6
2017-04-20,19,18,1
2017-04-16,2,2,0
2017-04-28,25,3,22
2017-04-03,3,1,2
2017-04-26,1,1,0
2017-04-16,14,9,5
2017-04-17,5,5,0
2017-04-18,3,3,0
2017-04-09,8,8,0
2017-04-07,0,0,0
2017-04-08,2,1,1
2017-04-25,1,1,0
2017-04-02,4,3,1
2017-04-10,15,0,15
2017-04-03,5,1,4
2017-04-04,20,1,19
2017-04-03,1,0,1
2017-04-17,7,3,4
2017-04-24,13,2,11
2017-04-26,16,16,0
2017-04-22,0,0,0
2017-04-26,12,1,11
2017-04-08,1,1,0
2017-04-12,5,0,5
2017-04-22,1,1,0
2017-04-28,16,14,2
2017-04-11,10,10,0
2017-04-26,18,1,17
2017-04-29,0,0,0
2017-04-21,10,0,10
2017-04-15,7,3,4
2017-04-10,2,1,1
2017-04-19,0,0,0
2017-04-19,0,0,0
2017-04-14,0,0,0
2017-04-21,8,4,4
2017-04-08,0,0,0
2017-04-20,25,1,24
2017-04-25,21,1,20
2017-04-28,6,1,5
2017-04-29,3,2,1
2017-04-16,6,5,1
2017-04-10,6,2,4
2017-04-27,19,1,18
2017-04-13,3,0,3
2017-04-29,0,0,0
2017-04-15,0,0,0
2017-04-09,11,9,2
2017-04-04,11,9,2
2017-04-01,4,4,0
2017-04-17,6,6,0
2017-04-08,2,0,2
2017-04-08,0,0,0
2017-04-17,2,2,0
2017-04-14,8,1,7
2017-04-19,5,4,1
2017-04-23,0,0,0
2017-04-25,14,3,11
2017-04-01,0,0,0
2017-04-06,11,11,0
2017-04-07,1,1,0
2017-04-20,3,0,3
2017-04-29,0,0,0
2017-04-22,0,0,0
2017-04-27,0,0,0
2017-04-05,0,0,0
2017-04-21,27,2,25
2017-04-22,1,1,0
2017-04-30,12,8,4
2017-04-10,2,2,0
2017-04-19,3,0,3
2017-04-23,1,1,0
2017-04-14,0,0,0
2017-04-02,4,2,2
2017-04-18,28,25,3
2017-04-30,0,0,0
2017-04-08,0,0,0
2017-04-12,7,7,0
2017-04-01,3,2,1
2017-04-18,0,0,0
2017-04-01,0,0,0
2017-04-01,0,0,0
2017-04-04,1,1,0
2017-04-07,13,1,12
2017-04-19,1,1,0
2017-04-26,0,0,0
2017-04-05,0,0,0
2017-04-25,0,0,0
2017-04-24,26,24,2
2017-04-16,9,7,2
2017-04-24,0,0,0
2017-04-21,9,0,9
2017-04-25,28,25,3
2017-04-12,5,0,5
2017-04-08,0,0,0
2017-04-07,2,2,0
2017-04-23,2,1,1
2017-04-24,0,0,0
2017-04-27,8,0,8
2017-04-24,5,2,3
2017-04-08,0,0,0
2017-04-06,3,3,0
2017-04-05,7,7,0
2017-04-27,2,0,2
2017-04-27,29,27,2
2017-04-14,10,1,9
2017-04-01,5,3,2
2017-04-29,0,0,0
2017-04-28,1,0,1
2017-04-24,0,0,0
2017-04-06,2,1,1
2017-04-13,0,0,0
2017-04-05,4,1,3
2017-04-05,1,0,1
2017-04-15,4,2,2
2017-04-05,0,0,0
2017-04-11,0,0,0
2017-04-24,4,3,1
2017-04-09,10,3,7
2017-04-30,3,3,0
2017-04-23,9,3,6
2017-04-03,4,4,0
2017-04-03,0,0,0
2017-04-08,5,1,4
2017-04-04,16,15,1
2017-04-11,3,3,0
2017-04-03,22,1,21
2017-04-14,0,0,0
2017-04-01,2,2,0
2017-04-18,24,22,2
2017-04-10,4,2,2
2017-04-16,8,3,5
2017-04-18,2,0,2
2017-04-07,8,0,8
2017-04-17,0,0,0
2017-04-25,6,3,3
2017-04-24,0,0,0
2017-04-27,1,0,1
2017-04-13,3,1,2
2017-04-17,15,1,14
2017-04-25,9,6,3
2017-04-29,8,2,6
2017-04-13,4,4,0
2017-04-09,11,6,5
2017-04-07,12,12,0
2017-04-23,6,3,3
2017-04-23,0,0,0
2017-04-02,3,1,2
2017-04-24,7,1,6
2017-04-23,1,1,0
2017-04-19,22,2,20
2017-04-10,4,4,0
2017-04-26,14,1,13
2017-04-07,3,3,0
2017-04-04,1,1,0
2017-04-01,4,1,3
2017-04-28,25,2,23
2017-04-25,2,0,2
2017-04-20,1,1,0
2017-04-30,0,0,0
2017-04-22,7,0,7
2017-04-09,0,0,0
2017-04-25,0,0,0
2017-04-01,0,0,0
2017-04-08,4,1,3
2017-04-09,0,0,0
2017-04-09,24,12,12
2017-04-22,6,5,1
2017-04-07,0,0,0
2017-04-29,0,0,0
2017-04-18,0,0,0
2017-04-25,6,5,1
2017-04-24,1,1,0
2017-04-20,0,0,0
2017-04-26,9,9,0
2017-04-11,11,1,10
2017-04-12,1,1,0
2017-04-27,0,0,0
2017-04-29,0,0,0
2017-04-01,0,0,0
2017-04-29,0,0,0
2017-04-03,14,0,14
2017-04-06,1,1,0
2017-04-17,26,26,0
2017-04-11,11,10,1
2017-04-06,4,2,2
2017-04-10,0,0,0
2017-04-11,21,21,0
2017-04-18,0,0,0
2017-04-05,7,7,0
2017-04-10,0,0,0
2017-04-02,4,3,1
2017-04-06,0,0,0
2017-04-17,3,2,1
2017-04-14,8,7,1
2017-04-14,10,0,10
2017-04-11,9,6,3
2017-04-11,14,1,13
2017-04-06,11,0,11
2017-04-18,2,2,0
2017-04-20,2,1,1
2017-04-10,0,0,0
2017-04-17,0,0,0
2017-04-08,4,4,0
2017-04-27,4,3,1
2017-04-09,4,1,3
2017-04-08,5,4,1
2017-04-06,8,1,7
2017-04-26,2,1,1
2017-04-12,1,1,0
2017-04-08,4,2,2
2017-04-27,10,10,0
2017-04-24,0,0,0
2017-04-28,0,0,0
2017-04-18,4,3,1
2017-04-02,1,0,1
2017-04-27,3,1,2
2017-04-15,1,1,0
2017-04-17,3,1,2
2017-04-20,3,0,3
2017-04-26,4,4,0
2017-04-14,9,0,9
2017-04-27,13,13,0
2017-04-14,1,1,0
2017-04-15,8,7,1
2017-04-22,0,0,0
2017-04-22,3,2,1
2017-04-28,5,3,2
2017-04-04,0,0,0
2017-04-18,1,0,1
2017-04-26,3,3,0
2017-04-24,6,5,1
2017-04-25,36,36,0
2017-04-26,0,0,0
2017-04-01,0,0,0
2017-04-23,1,0,1
2017-04-13,1,1,0
2017-04-22,2,2,0
2017-04-10,1,1,0
2017-04-11,2,1,1
2017-04-03,2,2,0
2017-04-27,16,15,1
2017-04-26,1,0,1
2017-04-10,2,2,0
2017-04-02,0,0,0
2017-04-04,1,1,0
2017-04-16,1,0,1
2017-04-03,0,0,0
2017-04-14,2,1,1
2017-04-14,17,15,2
2017-04-15,1,0,1
2017-04-28,0,0,0
2017-04-14,0,0,0
2017-04-18,19,1,18
2017-04-04,0,0,0
2017-04-01,0,0,0
2017-04-15,2,1,1
2017-04-07,0,0,0
2017-04-13,6,6,0
2017-04-30,2,1,1
2017-04-22,0,0,0
2017-04-19,10,3,7
2017-04-16,2,0,2
2017-04-16,11,7,4
2017-04-09,10,1,9
2017-04-10,12,12,0
2017-04-19,15,15,0
2017-04-27,1,1,0
2017-04-06,0,0,0
2017-04-13,2,2,0
2017-04-30,0,0,0
2017-04-21,10,9,1
2017-04-22,0,0,0
2017-04-18,0,0,0
2017-04-10,11,11,0
2017-04-17,1,0,1
2017-04-05,0,0,0
2017-04-30,6,1,5
2017-04-13,22,20,2
2017-04-10,2,2,0
2017-04-29,3,0,3
2017-04-12,4,2,2
2017-04-22,2,1,1
2017-04-11,2,1,1
2017-04-08,0,0,0
2017-04-09,4,1,3
2017-04-26,27,27,0
2017-04-07,1,1,0
2017-04-15,0,0,0
2017-04-23,3,2,1
2017-04-07,4,1,3
2017-04-13,5,3,2
2017-04-20,2,1,1
2017-04-15,6,1,5
2017-04-12,0,0,0
2017-04-19,17,1,16
2017-04-09,2,1,1
2017-04-14,2,0,2
2017-04-21,14,11,3
2017-04-26,8,6,2
2017-04-19,0,0,0
2017-04-02,9,4,5
2017-04-08,0,0,0
2017-04-02,0,0,0
2017-04-14,22,19,3
2017-04-24,7,5,2
2017-04-02,0,0,0
2017-04-26,4,3,1
2017-04-21,0,0,0
2017-04-23,2,2,0
2017-04-09,0,0,0
2017-04-30,11,7,4
2017-04-01,0,0,0
2017-04-02,0,0,0
2017-04-06,1,1,0
2017-04-18,13,11,2
2017-04-27,10,9,1
2017-04-11,8,0,8
2017-04-08,1,1,0
2017-04-14,15,14,1
2017-04-04,7,0,7
2017-04-09,1,1,0
2017-04-30,0,0,0
2017-04-05,1,1,0
2017-04-29,6,3,3
2017-04-12,0,0,0
2017-04-09,0,0,0
2017-04-22,1,1,0
2017-04-13,0,0,0
2017-04-18,7,0,7
2017-04-17,16,1,15
2017-04-08,4,0,4
2017-04-20,28,28,0
2017-04-15,1,0,1
2017-04-07,8,2,6
2017-04-13,1,1,0
2017-04-13,14,0,14
2017-04-02,5,2,3
2017-04-12,12,10,2
2017-04-13,12,3,9
2017-04-19,0,0,0
2017-04-28,4,1,3
2017-04-01,0,0,0
2017-04-24,10,1,9
2017-04-23,0,0,0
2017-04-20,2,1,1
2017-04-02,0,0,0
2017-04-04,4,3,1
2017-04-13,4,2,2
2017-04-02,0,0,0
2017-04-01,1,1,0
2017-04-11,11,2,9
2017-04-19,9,9,0
2017-04-17,0,0,0
2017-04-08,6,5,1
2017-04-18,4,0,4
2017-04-06,9,0,9
2017-04-13,5,3,2
2017-04-06,17,13,4
2017-04-22,4,3,1
2017-04-07,16,15,1
2017-04-12,4,2,2
2017-04-03,0,0,0
2017-04-16,0,0,0
2017-04-18,3,3,0
2017-04-16,13,7,6
2017-04-16,0,0,0
2017-04-19,34,32,2
2017-04-17,8,8,0
2017-04-04,6,2,4
2017-04-09,19,7,12
2017-04-01,0,0,0
2017-04-06,4,1,3
2017-04-30,8,6,2
2017-04-23,9,5,4
2017-04-10,13,1,12
2017-04-22,7,2,5
2017-04-27,9,1,8
2017-04-06,9,0,9
2017-04-02,6,4,2
2017-04-02,1,1,0
2017-04-23,2,0,2
2017-04-01,0,0,0
2017-04-16,1,1,0
2017-04-29,3,2,1
2017-04-09,0,0,0
2017-04-14,0,0,0
2017-04-03,6,0,6
2017-04-21,0,0,0
2017-04-11,0,0,0
2017-04-21,4,4,0
2017-04-28,0,0,0
2017-04-29,10,5,5
2017-04-18,5,0,5
2017-04-28,15,1,14
2017-04-05,0,0,0
2017-04-20,9,8,1
2017-04-17,1,1,0
2017-04-04,7,1,6
2017-04-01,1,0,1
2017-04-30,6,0,6
2017-04-28,0,0,0
2017-04-06,6,1,5
2017-04-15,5,1,4
2017-04-15,1,1,0
2017-04-02,0,0,0
2017-04-25,5,5,0
2017-04-03,0,0,0
2017-04-15,17,12,5
2017-04-14,5,0,5
2017-04-29,10,9,1
2017-04-04,1,1,0
2017-04-19,0,0,0
2017-04-25,0,0,0
2017-04-16,0,0,0
2017-04-20,0,0,0
2017-04-20,6,3,3
2017-04-14,3,3,0
2017-04-29,1,0,1
2017-04-14,0,0,0
2017-04-20,19,3,16
2017-04-27,0,0,0
2017-04-05,21,20,1
2017-04-29,0,0,0
2017-04-26,0,0,0
2017-04-15,6,6,0
2017-04-20,3,2,1
2017-04-30,9,5,4
2017-04-25,7,0,7
2017-04-05,0,0,0
2017-04-17,0,0,0
2017-04-12,8,1,7
2017-04-29,0,0,0
2017-04-17,23,1,22
2017-04-28,0,0,0
2017-04-20,0,0,0
2017-04-28,17,15,2
2017-04-02,1,1,0
2017-04-12,0,0,0
2017-04-19,3,3,0
2017-04-13,5,0,5
2017-04-26,11,10,1
2017-04-28,1,1,0
2017-04-21,30,28,2
2017-04-20,0,0,0
2017-04-12,1,0,1
2017-04-07,2,2,0
2017-04-06,0,0,0
2017-04-12,0,0,0
2017-04-25,12,12,0
2017-04-11,1,0,1
2017-04-21,0,0,0
2017-04-06,0,0,0
2017-04-10,3,3,0
2017-04-03,6,4,2
2017-04-25,20,0,20
2017-04-13,11,10,1
2017-04-21,2,0,2
2017-04-21,3,3,0
2017-04-04,3,2,1
2017-04-19,18,3,15
2017-04-13,0,0,0
2017-04-03,1,1,0
2017-04-15,10,5,5
2017-04-30,0,0,0
2017-04-14,0,0,0
2017-04-10,24,1,23
2017-04-18,3,3,0
2017-04-21,15,13,2
2017-04-07,3,1,2
2017-04-11,42,40,2
2017-04-16,0,0,0
2017-04-07,4,0,4
2017-04-09,4,3,1
2017-04-02,6,5,1
2017-04-07,0,0,0
2017-04-18,27,2,25
2017-04-01,3,3,0
2017-04-05,4,0,4
2017-04-29,3,1,2
2017-04-23,2,2,0
2017-04-12,0,0,0
2017-04-03,24,18,6
2017-04-10,0,0,0
2017-04-28,8,1,7
2017-04-04,1,0,1
2017-04-02,3,1,2
2017-04-05,13,0,13
2017-04-10,3,1,2
2017-04-03,2,2,0
2017-04-10,1,1,0
2017-04-03,19,1,18
2017-04-15,0,0,0
2017-04-01,8,4,4
2017-04-08,1,0,1
2017-04-30,0,0,0
2017-04-04,14,2,12
2017-04-16,1,1,0
2017-04-29,5,3,2
2017-04-12,4,3,1
2017-04-23,14,9,5
2017-04-16,7,0,7
2017-04-11,0,0,0
2017-04-24,17,2,15
2017-04-25,1,1,0
2017-04-07,0,0,0
2017-04-11,0,0,0
2017-04-22,2,1,1
2017-04-17,0,0,0
2017-04-07,0,0,0
2017-04-09,0,0,0
2017-04-07,2,0,2
2017-04-01,3,0,3
2017-04-30,9,5,4
2017-04-03,5,5,0
2017-04-03,14,11,3
2017-04-20,0,0,0
2017-04-29,16,12,4
2017-04-22,5,3,2
2017-04-07,8,8,0
2017-04-30,0,0,0
2017-04-20,7,5,2
2017-04-13,10,1,9
2017-04-16,0,0,0
2017-04-23,1,0,1
2017-04-21,0,0,0
2017-04-11,5,2,3
2017-04-06,3,2,1
2017-04-25,2,1,1
2017-04-15,1,1,0
2017-04-05,3,2,1
2017-04-24,1,1,0
2017-04-30,2,2,0
2017-04-09,7,5,2
2017-04-06,6,2,4
2017-04-01,11,6,5
2017-04-19,7,1,6
2017-04-04,13,11,2
2017-04-25,1,1,0
2017-04-03,4,1,3
2017-04-26,0,0,0
2017-04-14,20,0,20
2017-04-12,0,0,0
2017-04-05,4,0,4
2017-04-05,16,16,0
2017-04-26,3,2,1
2017-04-17,9,1,8
2017-04-23,0,0,0
2017-04-24,7,7,0
2017-04-11,0,0,0
2017-04-27,16,2,14
2017-04-13,19,18,1
2017-04-27,0,0,0
2017-04-05,6,0,6
2017-04-14,4,3,1
2017-04-20,16,14,2
2017-04-27,1,1,0
2017-04-13,1,0,1
2017-04-28,13,11,2
2017-04-06,1,0,1
2017-04-28,11,8,3
2017-04-22,0,0,0
2017-04-13,1,0,1
2017-04-04,0,0,0
2017-04-03,29,23,6
2017-04-23,0,0,0
2017-04-02,1,1,0
2017-04-09,0,0,0
2017-04-02,2,1,1
2017-04-28,2,2,0
2017-04-09,1,1,0
2017-04-21,10,6,4
2017-04-12,1,1,0
2017-04-06,34,29,5
2017-04-17,3,1,2
2017-04-10,2,0,2
2017-04-12,1,1,0
2017-04-19,0,0,0
2017-04-24,8,7,1
2017-04-29,10,9,1
2017-04-04,0,0,0
2017-04-02,11,7,4
2017-04-04,29,27,2
2017-04-18,0,0,0
2017-04-27,5,0,5
2017-04-22,9,7,2
2017-04-15,5,4,1
2017-04-17,12,1,11
2017-04-15,0,0,0
2017-04-07,0,0,0
2017-04-16,12,10,2
2017-04-04,7,2,5
2017-04-08,5,4,1
2017-04-28,12,10,2
2017-04-15,7,2,5
2017-04-25,6,5,1
2017-04-21,0,0,0
2017-04-23,0,0,0
2017-04-09,1,1,0
2017-04-12,4,4,0
2017-04-30,5,4,1
2017-04-01,3,1,2
2017-04-05,2,2,0
2017-04-17,21,21,0
2017-04-24,31,1,30
2017-04-20,13,0,13
2017-04-19,0,0,0
2017-04-13,10,0,10
2017-04-07,3,3,0
2017-04-19,0,0,0
2017-04-11,1,1,0
2017-04-12,16,0,16
2017-04-16,0,0,0
2017-04-04,17,1,16
2017-04-15,6,4,2
2017-04-07,4,2,2
2017-04-04,34,31,3
2017-04-18,0,0,0
2017-04-18,5,2,3
2017-04-21,3,0,3
2017-04-08,0,0,0
2017-04-30,0,0,0
2017-04-19,2,2,0
2017-04-28,10,2,8
2017-04-14,3,2,1
2017-04-14,1,1,0
2017-04-18,5,5,0
2017-04-16,1,0,1
2017-04-26,7,1,6
2017-04-05,1,1,0
2017-04-11,14,2,12
2017-04-28,6,4,2
2017-04-08,4,1,3
2017-04-16,2,1,1
2017-04-22,3,0,3
2017-04-15,0,0,0
2017-04-27,0,0,0
2017-04-25,2,1,1
2017-04-12,6,1,5
2017-04-25,22,1,21
2017-04-16,0,0,0
2017-04-30,1,1,0
2017-04-21,20,16,4
2017-04-30,1,1,0
2017-04-21,10,2,8
2017-04-11,24,19,5
2017-04-23,1,0,1
2017-04-19,2,2,0
2017-04-22,3,2,1
2017-04-24,4,3,1
2017-04-26,0,0,0
2017-04-24,35,32,3
2017-04-23,1,1,0
2017-04-21,1,1,0
2017-04-19,12,11,1
2017-04-09,6,2,4
2017-04-05,1,1,0
2017-04-05,0,0,0
2017-04-18,12,10,2
2017-04-22,7,6,1
2017-04-23,2,1,1
2017-04-27,1,1,0
2017-04-24,14,13,1
2017-04-06,9,5,4
2017-04-06,0,0,0
2017-04-11,0,0,0
2017-04-20,7,0,7
2017-04-21,6,4,2
2017-04-12,17,15,2
2017-04-25,7,4,3
2017-04-27,3,3,0
2017-04-25,0,0,0
2017-04-30,0,0,0
2017-04-28,26,25,1
2017-04-11,17,0,17
2017-04-17,2,2,0
2017-04-04,4,4,0
2017-04-22,5,2,3
2017-04-13,0,0,0
2017-04-10,7,0,7
2017-04-29,3,1,2
2017-04-26,0,0,0
2017-04-24,3,3,0
2017-04-23,0,0,0
2017-04-16,0,0,0
2017-04-06,19,17,2
2017-04-16,5,1,4
2017-04-03,7,1,6
2017-04-10,25,24,1
2017-04-26,1,1,0
2017-04-15,7,5,2
2017-05-15,42,5,37
2017-05-22,16,15,1
2017-05-03,11,0,11
2017-05-24,21,1,20
2017-05-17,1,1,0
2017-05-12,0,0,0
2017-05-27,16,9,7
2017-05-14,23,12,11
2017-05-21,0,0,0
2017-05-01,3,2,1
2017-05-28,17,14,3
2017-05-09,36,1,35
2017-05-14,8,6,2
2017-05-24,2,2,0
2017-05-03,0,0,0
2017-05-02,2,0,2
2017-05-13,8,3,5
2017-05-21,0,0,0
2017-05-05,18,15,3
2017-05-29,25,13,12
2017-05-04,34,2,32
2017-05-23,0,0,0
2017-05-16,3,2,1
2017-05-19,25,21,4
2017-05-11,24,0,24
2017-05-27,0,0,0
2017-05-09,42,36,6
2017-05-21,7,2,5
2017-05-30,12,1,11
2017-05-21,13,6,7
2017-05-16,0,0,0
2017-05-30,5,0,5
2017-05-08,4,3,1
2017-05-13,0,0,0
2017-05-04,7,6,1
2017-05-05,9,6,3
2017-05-13,11,6,5
2017-05-15,3,2,1
2017-05-17,2,0,2
2017-05-13,0,0,0
2017-05-26,0,0,0
2017-05-29,16,8,8
2017-05-27,10,6,4
2017-05-08,7,5,2
2017-05-21,4,0,4
2017-05-17,34,4,30
2017-05-01,23,0,23
2017-05-11,3,3,0
2017-05-22,13,11,2
2017-05-19,4,0,4
2017-05-02,11,8,3
2017-05-24,4,0,4
2017-05-17,8,1,7
2017-05-22,14,12,2
2017-05-04,0,0,0
2017-05-16,7,5,2
2017-05-06,0,0,0
2017-05-24,15,15,0
2017-05-04,28,27,1
2017-05-18,1,1,0
2017-05-01,8,5,3
2017-05-05,8,7,1
2017-05-10,0,0,0
2017-05-26,21,21,0
2017-05-10,1,1,0
2017-05-26,39,5,34
2017-05-15,16,15,1
2017-05-30,0,0,0
2017-05-25,10,4,6
2017-05-28,9,7,2
2017-05-12,17,2,15
2017-05-14,1,0,1
2017-05-27,8,3,5
2017-05-11,9,8,1
2017-05-17,27,3,24
2017-05-03,1,1,0
2017-05-14,0,0,0
2017-05-03,11,10,1
2017-05-20,6,5,1
2017-05-13,1,1,0
2017-05-06,14,8,6
2017-05-29,7,4,3
2017-05-31,2,0,2
2017-05-11,0,0,0
2017-05-03,6,4,2
2017-05-12,13,10,3
2017-05-08,0,0,0
2017-05-03,1,1,0
2017-05-11,27,24,3
2017-05-30,1,1,0
2017-05-02,2,2,0
2017-05-31,2,2,0
2017-05-04,8,5,3
2017-05-09,13,13,0
2017-05-11,0,0,0
2017-05-25,0,0,0
2017-05-27,7,6,1
2017-05-14,8,4,4
2017-05-29,1,1,0
2017-05-17,16,1,15
2017-05-05,1,1,0
2017-05-14,2,0,2
2017-05-17,0,0,0
2017-05-08,1,0,1
2017-05-19,1,1,0
2017-05-11,0,0,0
2017-05-11,1,1,0
2017-05-19,13,11,2
2017-05-11,7,2,5
2017-05-03,10,5,5
2017-05-02,6,1,5
2017-05-22,0,0,0
2017-05-09,2,1,1
2017-05-26,30,23,7
2017-05-09,41,1,40
2017-05-23,18,17,1
2017-05-19,20,16,4
2017-05-25,0,0,0
2017-05-25,16,13,3
2017-05-23,43,41,2
2017-05-11,20,1,19
2017-05-02,24,20,4
2017-05-20,14,6,8
2017-05-03,45,39,6
2017-05-28,2,1,1
2017-05-20,0,0,0
2017-05-17,0,0,0
2017-05-05,0,0,0
2017-05-17,4,3,1
2017-05-20,8,3,5
2017-05-15,3,2,1
2017-05-16,10,10,0
2017-05-19,3,2,1
2017-05-03,20,18,2
2017-05-03,26,1,25
2017-05-18,37,2,35
2017-05-19,0,0,0
2017-05-23,2,2,0
2017-05-19,10,2,8
2017-05-12,8,0,8
2017-05-31,24,1,23
2017-05-06,1,1,0
2017-05-10,16,1,15
2017-05-27,19,5,14
2017-05-08,41,37,4
2017-05-15,31,31,0
2017-05-22,3,3,0
2017-05-15,7,7,0
2017-05-27,1,1,0
2017-05-25,8,7,1
2017-05-31,3,3,0
2017-05-02,11,8,3
2017-05-25,21,20,1
2017-05-24,38,32,6
2017-05-21,3,0,3
2017-05-25,0,0,0
2017-05-09,11,11,0
2017-05-11,3,2,1
2017-05-01,2,2,0
2017-05-06,6,2,4
2017-05-15,3,3,0
2017-05-09,16,6,10
2017-05-04,13,8,5
2017-05-12,0,0,0
2017-05-13,10,3,7
2017-05-26,8,5,3
2017-05-18,18,16,2
2017-05-11,12,12,0
2017-05-29,12,4,8
2017-05-12,1,1,0
2017-05-30,4,4,0
2017-05-20,11,6,5
2017-05-06,3,1,2
2017-05-28,5,0,5
2017-05-22,0,0,0
2017-05-04,4,1,3
2017-05-07,12,6,6
2017-05-25,32,26,6
2017-05-14,3,2,1
2017-05-16,0,0,0
2017-05-11,5,2,3
2017-05-13,12,7,5
2017-05-10,40,34,6
2017-05-03,0,0,0
2017-05-17,0,0,0
2017-05-08,5,5,0
2017-05-05,4,2,2
2017-05-01,0,0,0
2017-05-29,0,0,0
2017-05-30,3,3,0
2017-05-15,0,0,0
2017-05-07,0,0,0
2017-05-24,0,0,0
2017-05-28,1,1,0
2017-05-17,4,4,0
2017-05-21,20,10,10
2017-05-29,9,7,2
2017-05-19,0,0,0
2017-05-04,0,0,0
2017-05-28,3,1,2
2017-05-31,3,2,1
2017-05-21,5,3,2
2017-05-12,8,1,7
2017-05-05,9,5,4
2017-05-28,5,5,0
2017-05-28,9,4,5
2017-05-29,5,3,2
2017-05-14,8,3,5
2017-05-28,4,0,4
2017-05-10,43,7,36
2017-05-09,3,0,3
2017-05-15,0,0,0
2017-05-28,0,0,0
2017-05-21,3,2,1
2017-05-05,0,0,0
2017-05-10,4,0,4
2017-05-02,9,2,7
2017-05-16,10,1,9
2017-05-20,2,0,2
2017-05-23,21,1,20
2017-05-30,20,0,20
2017-05-02,5,5,0
2017-05-20,13,6,7
2017-05-23,5,5,0
2017-05-31,9,7,2
2017-05-31,1,0,1
2017-05-07,17,8,9
2017-05-05,0,0,0
2017-05-18,14,1,13
2017-05-26,3,3,0
2017-05-24,37,1,36
2017-05-05,0,0,0
2017-05-18,16,0,16
2017-05-18,2,0,2
2017-05-27,1,1,0
2017-05-18,7,5,2
2017-05-13,9,3,6
2017-05-17,9,4,5
2017-05-02,2,2,0
2017-05-29,0,0,0
2017-05-01,0,0,0
2017-05-16,19,18,1
2017-05-10,17,10,7
2017-05-11,22,21,1
2017-05-25,44,1,43
2017-05-06,2,0,2
2017-05-28,0,0,0
2017-05-31,36,20,16
2017-05-06,13,7,6
2017-05-06,12,7,5
2017-05-18,6,6,0
2017-05-16,4,4,0
2017-05-26,1,0,1
2017-05-02,0,0,0
2017-05-25,9,5,4
2017-05-04,0,0,0
2017-05-29,9,6,3
2017-05-09,2,1,1
2017-05-08,9,1,8
2017-05-31,28,27,1
2017-05-23,4,3,1
2017-05-26,18,17,1
2017-05-14,0,0,0
2017-05-23,52,2,50
2017-05-15,4,2,2
2017-05-07,7,3,4
2017-05-04,0,0,0
2017-05-23,52,47,5
2017-05-07,1,1,0
2017-05-27,9,3,6
2017-05-27,2,0,2
2017-05-04,12,9,3
2017-05-27,0,0,0
2017-05-29,11,6,5
2017-05-31,0,0,0
2017-05-12,26,1,25
2017-05-09,0,0,0
2017-05-26,46,41,5
2017-05-02,24,2,22
2017-05-08,1,1,0
2017-05-22,20,1,19
2017-05-19,10,10,0
2017-05-21,1,1,0
2017-05-02,1,1,0
2017-05-19,49,5,44
2017-05-30,2,1,1
2017-05-20,8,7,1
2017-05-04,11,1,10
2017-05-08,5,3,2
2017-05-01,40,40,0
2017-05-29,17,14,3
2017-05-30,10,3,7
2017-05-03,0,0,0
2017-05-26,11,9,2
2017-05-03,7,2,5
2017-05-30,1,0,1
2017-05-01,23,3,20
2017-05-10,15,2,13
2017-05-15,2,1,1
2017-05-07,0,0,0
2017-05-01,7,0,7
2017-05-25,30,28,2
2017-05-22,1,0,1
2017-05-22,43,36,7
2017-05-13,1,1,0
2017-05-04,0,0,0
2017-05-17,0,0,0
2017-05-22,10,5,5
2017-05-27,1,1,0
2017-05-13,0,0,0
2017-05-07,1,1,0
2017-05-20,10,8,2
2017-05-10,0,0,0
2017-05-31,16,14,2
2017-05-05,29,26,3
2017-05-10,3,2,1
2017-05-26,12,0,12
2017-05-03,22,0,22
2017-05-30,15,14,1
2017-05-18,0,0,0
2017-05-22,0,0,0
2017-05-31,11,4,7
2017-05-09,3,3,0
2017-05-22,22,19,3
2017-05-21,0,0,0
2017-05-10,2,2,0
2017-05-24,11,2,9
2017-05-25,12,5,7
2017-05-24,8,8,0
2017-05-07,6,2,4
2017-05-04,17,16,1
2017-05-30,4,4,0
2017-05-24,45,41,4
2017-05-19,23,4,19
2017-05-26,0,0,0
2017-05-01,4,2,2
2017-05-19,29,1,28
2017-05-21,13,11,2
2017-05-31,50,45,5
2017-05-06,0,0,0
2017-05-02,21,2,19
2017-05-11,1,0,1
2017-05-17,11,9,2
2017-05-16,10,1,9
2017-05-17,20,1,19
2017-05-01,0,0,0
2017-05-14,7,4,3
2017-05-20,5,2,3
2017-05-19,27,25,2
2017-05-10,6,3,3
2017-05-12,0,0,0
2017-05-08,3,3,0
2017-05-21,0,0,0
2017-05-16,9,1,8
2017-05-27,9,8,1
2017-05-06,0,0,0
2017-05-07,16,5,11
2017-05-02,6,5,1
2017-05-22,10,6,4
2017-05-03,2,0,2
2017-05-24,1,1,0
2017-05-05,7,0,7
2017-05-12,25,2,23
2017-05-08,1,1,0
2017-05-20,0,0,0
2017-05-13,0,0,0
2017-05-14,4,3,1
2017-05-24,1,1,0
2017-05-12,1,1,0
2017-05-17,2,0,2
2017-05-28,7,3,4
2017-05-25,5,0,5
2017-05-28,19,10,9
2017-05-29,1,1,0
2017-05-10,42,40,2
2017-05-19,18,12,6
2017-05-27,17,7,10
2017-05-13,0,0,0
2017-05-07,0,0,0
2017-05-05,11,1,10
2017-05-28,0,0,0
2017-05-31,5,4,1
2017-05-12,5,3,2
2017-05-09,0,0,0
2017-05-12,3,0,3
2017-05-22,43,40,3
2017-05-27,6,3,3
2017-05-17,13,11,2
2017-05-15,4,4,0
2017-05-02,6,2,4
2017-05-19,21,2,19
2017-05-27,0,0,0
2017-05-05,1,0,1
2017-05-31,6,2,4
2017-05-22,1,0,1
2017-05-20,4,0,4
2017-05-02,0,0,0
2017-05-11,0,0,0
2017-05-21,16,10,6
2017-05-01,11,8,3
2017-05-10,1,1,0
2017-05-15,1,1,0
2017-05-05,0,0,0
2017-05-18,28,2,26
2017-05-01,0,0,0
2017-05-03,5,5,0
2017-05-16,18,0,18
2017-05-28,2,1,1
2017-05-14,1,1,0
2017-05-03,5,4,1
2017-05-19,17,7,10
2017-05-28,4,1,3
2017-05-14,2,1,1
2017-05-08,8,4,4
2017-05-12,4,2,2
2017-05-16,0,0,0
2017-05-30,33,32,1
2017-05-16,8,8,0
2017-05-15,0,0,0
2017-05-13,0,0,0
2017-05-03,9,0,9
2017-05-29,1,1,0
2017-05-25,16,0,16
2017-05-03,2,2,0
2017-05-02,15,0,15
2017-05-08,24,1,23
2017-05-12,0,0,0
2017-05-18,1,1,0
2017-05-24,33,3,30
2017-05-04,8,8,0
2017-05-14,5,2,3
2017-05-03,23,18,5
2017-05-01,12,8,4
2017-05-28,3,0,3
2017-05-16,1,1,0
2017-05-07,2,2,0
2017-05-15,34,32,2
2017-05-23,18,1,17
2017-05-20,1,1,0
2017-05-11,2,1,1
2017-05-26,1,1,0
2017-05-20,13,7,6
2017-05-21,5,4,1
2017-05-07,12,7,5
2017-05-30,30,1,29
2017-05-19,0,0,0
2017-05-01,13,13,0
2017-05-10,9,3,6
2017-05-09,14,12,2
2017-05-27,3,0,3
2017-05-08,0,0,0
2017-05-11,0,0,0
2017-05-19,0,0,0
2017-05-25,9,0,9
2017-05-09,1,1,0
2017-05-09,29,26,3
2017-05-21,1,0,1
2017-05-29,12,1,11
2017-05-31,31,5,26
2017-05-13,10,5,5
2017-05-16,5,1,4
2017-05-16,0,0,0
2017-05-25,18,14,4
2017-05-06,8,6,2
2017-05-07,6,4,2
2017-05-13,3,3,0
2017-05-30,7,5,2
2017-05-04,17,16,1
2017-05-08,7,3,4
2017-05-06,4,1,3
2017-05-12,14,14,0
2017-05-10,41,2,39
2017-05-09,40,35,5
2017-05-18,35,33,2
2017-05-26,39,4,35
2017-05-16,2,2,0
2017-05-15,0,0,0
2017-05-22,38,2,36
2017-05-14,2,2,0
2017-05-18,8,4,4
2017-05-07,7,5,2
2017-05-31,0,0,0
2017-05-19,0,0,0
2017-05-05,5,5,0
2017-05-07,3,2,1
2017-05-24,8,6,2
2017-05-25,3,2,1
2017-05-28,16,10,6
2017-05-29,6,2,4
2017-05-10,0,0,0
2017-05-31,1,1,0
2017-05-10,11,2,9
2017-05-06,0,0,0
2017-05-17,3,3,0
2017-05-05,1,1,0
2017-05-05,7,3,4
2017-05-03,0,0,0
2017-05-20,11,7,4
2017-05-30,0,0,0
2017-05-13,7,3,4
2017-05-15,26,1,25
2017-05-27,9,8,1
2017-05-21,18,11,7
2017-05-03,17,11,6
2017-05-08,25,19,6
2017-05-28,1,1,0
2017-05-26,15,1,14
2017-05-16,2,0,2
2017-05-12,18,17,1
2017-05-01,3,3,0
2017-05-18,0,0,0
2017-05-07,4,3,1
2017-05-01,5,2,3
2017-05-18,0,0,0
2017-05-29,2,0,2
2017-05-08,29,2,27
2017-05-12,1,1,0
2017-05-05,8,1,7
2017-05-20,18,11,7
2017-05-16,8,4,4
2017-05-15,10,3,7
2017-05-30,1,1,0
2017-05-20,15,8,7
2017-05-04,1,1,0
2017-05-24,1,0,1
2017-05-09,11,0,11
2017-05-28,10,8,2
2017-05-06,6,5,1
2017-05-24,1,0,1
2017-05-17,26,23,3
2017-05-29,0,0,0
2017-05-01,45,40,5
2017-05-22,17,0,17
2017-05-07,1,1,0
2017-05-12,37,35,2
2017-05-21,9,2,7
2017-05-03,0,0,0
2017-05-01,8,1,7
2017-05-18,18,15,3
2017-05-20,6,4,2
2017-05-23,6,0,6
2017-05-18,4,3,1
2017-05-12,5,3,2
2017-05-31,10,9,1
2017-05-31,32,1,31
2017-05-06,1,1,0
2017-05-22,7,4,3
2017-05-18,7,6,1
2017-05-13,8,4,4
2017-05-21,12,7,5
2017-05-13,0,0,0
2017-05-18,4,3,1
2017-05-25,3,3,0
2017-05-23,1,0,1
2017-05-22,4,3,1
2017-05-09,7,5,2
2017-05-14,0,0,0
2017-05-19,39,36,3
2017-05-15,1,1,0
2017-05-21,17,7,10
2017-05-18,5,0,5
2017-05-19,0,0,0
2017-05-22,12,8,4
2017-05-28,8,7,1
2017-05-08,51,46,5
2017-05-24,12,0,12
2017-05-12,3,2,1
2017-05-16,0,0,0
2017-05-07,13,7,6
2017-05-27,4,1,3
2017-05-16,4,1,3
2017-05-24,0,0,0
2017-05-29,10,2,8
2017-05-26,6,0,6
2017-05-23,8,4,4
2017-05-14,3,0,3
2017-05-04,8,4,4
2017-05-11,1,1,0
2017-05-30,1,0,1
2017-05-24,5,5,0
2017-05-22,10,2,8
2017-05-11,0,0,0
2017-05-06,9,3,6
2017-05-16,17,17,0
2017-05-20,0,0,0
2017-05-17,1,1,0
2017-05-17,46,44,2
2017-05-29,6,5,1
2017-05-21,1,0,1
2017-05-14,0,0,0
2017-05-13,1,0,1
2017-05-02,1,0,1
2017-05-19,12,7,5
2017-05-23,1,1,0
2017-05-26,16,10,6
2017-05-21,12,8,4
2017-05-09,0,0,0
2017-05-24,10,8,2
2017-05-25,1,1,0
2017-05-25,8,5,3
2017-05-18,0,0,0
2017-05-08,0,0,0
2017-05-07,0,0,0
2017-05-11,10,10,0
2017-05-05,0,0,0
2017-05-10,25,23,2
2017-05-05,11,11,0
2017-05-09,17,1,16
2017-05-30,6,2,4
2017-05-26,13,7,6
2017-05-06,0,0,0
2017-05-15,12,1,11
2017-05-08,21,17,4
2017-05-31,7,4,3
2017-05-13,4,3,1
2017-05-14,0,0,0
2017-05-24,0,0,0
2017-05-17,0,0,0
2017-05-23,27,20,7
2017-05-30,0,0,0
2017-05-06,7,0,7
2017-05-15,1,1,0
2017-05-11,8,0,8
2017-05-02,8,0,8
2017-05-06,8,5,3
2017-05-02,0,0,0
2017-05-09,9,5,4
2017-05-09,11,10,1
2017-05-15,1,0,1
2017-05-27,8,1,7
2017-05-14,4,2,2
2017-05-04,2,2,0
2017-05-23,1,1,0
2017-05-18,9,2,7
2017-05-01,0,0,0
2017-05-14,2,2,0
2017-05-11,11,1,10
2017-05-01,2,2,0
2017-05-22,1,1,0
2017-05-26,0,0,0
2017-05-05,23,2,21
2017-05-22,38,2,36
2017-05-16,0,0,0
2017-05-23,9,8,1
2017-05-10,0,0,0
2017-05-08,7,5,2
2017-05-22,7,7,0
2017-05-20,10,4,6
2017-05-23,0,0,0
2017-05-30,14,0,14
2017-05-07,17,13,4
2017-05-10,10,10,0
2017-05-26,1,0,1
2017-05-28,17,6,11
2017-05-19,1,1,0
2017-05-18,0,0,0
2017-05-06,0,0,0
2017-05-02,33,27,6
2017-05-30,7,1,6
2017-05-06,13,8,5
2017-05-04,1,1,0
2017-05-04,12,0,12
2017-05-06,0,0,0
2017-05-26,0,0,0
2017-05-12,8,7,1
2017-05-27,3,3,0
2017-05-31,0,0,0
2017-05-14,5,3,2
2017-05-29,1,1,0
2017-05-26,3,3,0
2017-05-06,10,7,3
2017-05-06,0,0,0
2017-05-23,42,5,37
2017-05-11,2,1,1
2017-05-14,0,0,0
2017-05-24,18,17,1
2017-05-24,6,2,4
2017-05-27,1,1,0
2017-05-10,8,5,3
2017-05-15,12,0,12
2017-05-20,0,0,0
2017-05-23,13,8,5
2017-05-02,53,50,3
2017-05-31,7,3,4
2017-05-21,0,0,0
2017-05-23,12,5,7
2017-05-30,13,13,0
2017-05-03,39,29,10
2017-05-05,2,2,0
2017-05-12,0,0,0
2017-05-04,0,0,0
2017-05-20,3,1,2
2017-05-08,16,0,16
2017-05-30,36,34,2
2017-05-27,15,11,4
2017-05-26,12,8,4
2017-05-14,6,5,1
2017-05-07,0,0,0
2017-05-25,0,0,0
2017-05-02,0,0,0
2017-05-25,8,6,2
2017-05-07,7,2,5
2017-05-27,1,1,0
2017-05-07,3,3,0
2017-05-28,4,1,3
2017-05-09,0,0,0
2017-05-12,6,5,1
2017-05-09,5,4,1
2017-05-31,9,0,9
2017-05-05,25,1,24
2017-05-29,0,0,0
2017-05-25,31,4,27
2017-05-01,1,1,0
2017-05-04,32,1,31
2017-05-08,1,0,1
2017-05-23,13,5,8
2017-05-23,0,0,0
2017-05-28,2,2,0
2017-05-16,2,0,2
2017-05-18,42,38,4
2017-05-21,1,1,0
2017-05-07,5,1,4
2017-05-13,0,0,0
2017-05-01,0,0,0
2017-05-13,1,1,0
2017-05-20,0,0,0
2017-05-10,25,20,5
2017-05-26,11,9,2
2017-05-17,9,3,6
2017-05-23,22,21,1
2017-05-01,29,1,28
2017-05-13,5,2,3
2017-05-10,11,5,6
2017-05-08,34,1,33
2017-05-25,1,0,1
2017-05-29,3,0,3
2017-05-20,0,0,0
2017-05-17,29,27,2
2017-05-15,3,2,1
2017-05-02,1,1,0
2017-05-29,6,5,1
2017-05-24,5,5,0
2017-05-04,4,0,4
2017-05-13,4,4,0
2017-06-26,9,6,3
2017-06-18,13,9,4
2017-06-28,6,5,1
2017-06-02,26,21,5
2017-06-25,2,0,2
2017-06-09,19,15,4
2017-06-24,0,0,0
2017-06-30,18,2,16
2017-06-22,5,4,1
2017-06-12,0,0,0
2017-06-12,25,23,2
2017-06-12,5,5,0
2017-06-21,3,3,0
2017-06-21,10,0,10
2017-06-01,1,1,0
2017-06-12,4,2,2
2017-06-29,6,1,5
2017-06-15,0,0,0
2017-06-09,7,4,3
2017-06-15,2,1,1
2017-06-28,0,0,0
2017-06-07,0,0,0
2017-06-22,37,35,2
2017-06-25,4,3,1
2017-06-16,5,3,2
2017-06-21,25,24,1
2017-06-01,15,15,0
2017-06-08,0,0,0
2017-06-27,3,3,0
2017-06-19,36,1,35
2017-06-16,0,0,0
2017-06-12,9,6,3
2017-06-04,2,0,2
2017-06-04,3,2,1
2017-06-10,0,0,0
2017-06-24,14,5,9
2017-06-24,0,0,0
2017-06-11,22,15,7
2017-06-28,7,3,4
2017-06-02,0,0,0
2017-06-07,14,11,3
2017-06-17,0,0,0
2017-06-09,24,2,22
2017-06-06,9,7,2
2017-06-19,27,3,24
2017-06-30,8,2,6
2017-06-15,0,0,0
2017-06-30,5,3,2
2017-06-08,28,24,4
2017-06-13,19,19,0
2017-06-10,6,1,5
2017-06-28,27,23,4
2017-06-11,3,1,2
2017-06-16,39,33,6
2017-06-14,45,44,1
2017-06-20,28,21,7
2017-06-06,1,1,0
2017-06-04,11,6,5
2017-06-23,12,8,4
2017-06-03,2,1,1
2017-06-21,7,5,2
2017-06-13,1,0,1
2017-06-14,0,0,0
2017-06-21,0,0,0
2017-06-29,7,3,4
2017-06-14,10,4,6
2017-06-26,39,35,4
2017-06-20,3,3,0
2017-06-22,5,2,3
2017-06-06,1,0,1
2017-06-11,0,0,0
2017-06-08,16,16,0
2017-06-02,7,0,7
2017-06-28,0,0,0
2017-06-27,6,0,6
2017-06-19,48,45,3
2017-06-27,16,0,16
2017-06-12,18,1,17
2017-06-02,7,0,7
2017-06-29,9,5,4
2017-06-18,2,2,0
2017-06-05,3,1,2
2017-06-21,3,1,2
2017-06-07,0,0,0
2017-06-10,0,0,0
2017-06-30,3,1,2
2017-06-07,39,35,4
2017-06-28,18,3,15
2017-06-23,25,21,4
2017-06-23,27,25,2
2017-06-18,8,7,1
2017-06-17,0,0,0
2017-06-05,10,4,6
2017-06-18,3,0,3
2017-06-29,6,4,2
2017-06-11,0,0,0
2017-06-20,17,0,17
2017-06-17,9,3,6
2017-06-05,32,2,30
2017-06-15,0,0,0
2017-06-11,1,1,0
2017-06-26,13,3,10
2017-06-12,30,2,28
2017-06-10,11,6,5
2017-06-25,8,3,5
2017-06-01,9,8,1
2017-06-07,4,1,3
2017-06-07,0,0,0
2017-06-11,13,9,4
2017-06-08,0,0,0
2017-06-03,7,6,1
2017-06-01,0,0,0
2017-06-23,0,0,0
2017-06-18,6,3,3
2017-06-21,34,27,7
2017-06-22,5,0,5
2017-06-08,1,1,0
2017-06-14,30,2,28
2017-06-25,0,0,0
2017-06-02,33,3,30
2017-06-26,1,1,0
2017-06-03,0,0,0
2017-06-21,9,8,1
2017-06-16,11,8,3
2017-06-15,0,0,0
2017-06-07,0,0,0
2017-06-22,28,1,27
2017-06-04,2,2,0
2017-06-20,4,0,4
2017-06-22,27,21,6
2017-06-04,13,9,4
2017-06-15,2,2,0
2017-06-23,0,0,0
2017-06-01,0,0,0
2017-06-06,9,6,3
2017-06-03,1,0,1
2017-06-17,5,2,3
2017-06-20,0,0,0
2017-06-29,0,0,0
2017-06-13,0,0,0
2017-06-05,14,3,11
2017-06-18,7,4,3
2017-06-27,0,0,0
2017-06-04,1,0,1
2017-06-29,0,0,0
2017-06-20,34,32,2
2017-06-25,4,1,3
2017-06-12,11,0,11
2017-06-27,7,3,4
2017-06-03,0,0,0
2017-06-13,8,5,3
2017-06-26,0,0,0
2017-06-27,17,10,7
2017-06-02,43,37,6
2017-06-19,10,7,3
2017-06-13,1,1,0
2017-06-29,0,0,0
2017-06-28,1,0,1
2017-06-01,9,8,1
2017-06-18,6,2,4
2017-06-16,0,0,0
2017-06-07,7,7,0
2017-06-11,7,5,2
2017-06-01,4,0,4
2017-06-24,0,0,0
2017-06-06,15,6,9
2017-06-27,21,15,6
2017-06-24,7,6,1
2017-06-25,2,0,2
2017-06-05,1,0,1
2017-06-03,11,11,0
2017-06-19,3,3,0
2017-06-10,1,1,0
2017-06-02,16,12,4
2017-06-06,15,1,14
2017-06-26,10,5,5
2017-06-13,0,0,0
2017-06-15,17,0,17
2017-06-25,0,0,0
2017-06-17,2,1,1
2017-06-02,5,4,1
2017-06-02,8,8,0
2017-06-30,14,11,3
2017-06-23,10,0,10
2017-06-25,8,3,5
2017-06-27,0,0,0
2017-06-22,0,0,0
2017-06-08,1,1,0
2017-06-14,7,5,2
2017-06-18,1,0,1
2017-06-28,16,1,15
2017-06-25,1,1,0
2017-06-01,10,1,9
2017-06-16,10,0,10
2017-06-27,12,7,5
2017-06-16,13,3,10
2017-06-28,0,0,0
2017-06-08,5,1,4
2017-06-21,1,1,0
2017-06-06,7,3,4
2017-06-12,1,0,1
2017-06-02,9,4,5
2017-06-06,4,3,1
2017-06-17,0,0,0
2017-06-14,13,13,0
2017-06-29,1,0,1
2017-06-20,1,1,0
2017-06-07,1,0,1
2017-06-21,13,3,10
2017-06-05,5,5,0
2017-06-21,0,0,0
2017-06-25,8,5,3
2017-06-16,0,0,0
2017-06-20,16,13,3
2017-06-19,0,0,0
2017-06-10,12,8,4
2017-06-04,6,1,5
2017-06-19,5,2,3
2017-06-21,28,1,27
2017-06-04,1,1,0
2017-06-25,1,1,0
2017-06-19,19,14,5
2017-06-27,37,35,2
2017-06-14,4,1,3
2017-06-30,3,2,1
2017-06-08,5,5,0
2017-06-23,1,1,0
2017-06-27,4,0,4
2017-06-25,7,4,3
2017-06-07,11,7,4
2017-06-26,0,0,0
2017-06-22,27,23,4
2017-06-07,41,39,2
2017-06-20,17,15,2
2017-06-26,28,27,1
2017-06-19,2,2,0
2017-06-04,3,2,1
2017-06-24,0,0,0
2017-06-13,3,2,1
2017-06-09,0,0,0
2017-06-07,20,13,7
2017-06-20,0,0,0
2017-06-16,4,2,2
2017-06-08,6,5,1
2017-06-24,8,2,6
2017-06-07,44,1,43
2017-06-15,8,0,8
2017-06-02,1,1,0
2017-06-05,1,1,0
2017-06-10,14,6,8
2017-06-22,9,7,2
2017-06-23,22,1,21
2017-06-22,8,1,7
2017-06-24,9,7,2
2017-06-16,3,0,3
2017-06-09,12,12,0
2017-06-06,36,32,4
2017-06-20,10,3,7
2017-06-06,24,1,23
2017-06-11,1,0,1
2017-06-12,42,39,3
2017-06-20,3,0,3
2017-06-04,8,3,5
2017-06-17,0,0,0
2017-06-30,4,0,4
2017-06-12,2,0,2
2017-06-29,23,18,5
2017-06-03,8,3,5
2017-06-29,7,4,3
2017-06-22,9,0,9
2017-06-04,8,3,5
2017-06-08,20,0,20
2017-06-11,0,0,0
2017-06-26,9,6,3
2017-06-29,21,0,21
2017-06-09,0,0,0
2017-06-22,7,6,1
2017-06-27,0,0,0
2017-06-05,1,1,0
2017-06-24,2,1,1
2017-06-16,1,0,1
2017-06-11,0,0,0
2017-06-15,4,4,0
2017-06-18,0,0,0
2017-06-08,1,0,1
2017-06-26,9,4,5
2017-06-10,0,0,0
2017-06-10,6,5,1
2017-06-22,17,6,11
2017-06-18,2,2,0
2017-06-03,0,0,0
2017-06-26,31,25,6
2017-06-10,9,5,4
2017-06-02,16,12,4
2017-06-18,1,0,1
2017-06-09,0,0,0
2017-06-04,0,0,0
2017-06-15,1,0,1
2017-06-09,5,0,5
2017-06-22,27,1,26
2017-06-14,0,0,0
2017-06-08,1,0,1
2017-06-23,14,5,9
2017-06-18,0,0,0
2017-06-09,13,4,9
2017-06-19,12,3,9
2017-06-10,24,13,11
2017-06-28,2,2,0
2017-06-19,7,1,6
2017-06-24,0,0,0
2017-06-01,34,31,3
2017-06-14,7,0,7
2017-06-13,10,7,3
2017-06-04,12,8,4
2017-06-11,2,2,0
2017-06-08,9,0,9
2017-06-16,7,4,3
2017-06-26,33,2,31
2017-06-06,31,2,29
2017-06-13,3,0,3
2017-06-09,0,0,0
2017-06-12,5,3,2
2017-06-29,34,32,2
2017-06-11,0,0,0
2017-06-21,7,3,4
2017-06-01,24,1,23
2017-06-17,15,14,1
2017-06-30,1,1,0
2017-06-28,8,5,3
2017-06-04,8,3,5
2017-06-23,17,6,11
2017-06-16,19,2,17
2017-06-26,28,1,27
2017-06-08,5,0,5
2017-06-15,8,8,0
2017-06-21,0,0,0
2017-06-01,29,28,1
2017-06-04,3,2,1
2017-06-03,0,0,0
2017-06-16,23,0,23
2017-06-03,10,4,6
2017-06-11,2,1,1
2017-06-18,12,3,9
2017-06-09,12,2,10
2017-06-27,26,2,24
2017-06-24,1,1,0
2017-06-01,7,2,5
2017-06-18,3,1,2
2017-06-27,0,0,0
2017-06-26,4,4,0
2017-06-04,0,0,0
2017-06-03,4,3,1
2017-06-01,0,0,0
2017-06-14,8,1,7
2017-06-23,2,0,2
2017-06-17,7,2,5
2017-06-05,19,18,1
2017-06-03,9,5,4
2017-06-03,3,1,2
2017-06-10,5,1,4
2017-06-11,0,0,0
2017-06-19,0,0,0
2017-06-23,1,1,0
2017-06-19,0,0,0
2017-06-01,14,14,0
2017-06-06,39,38,1
2017-06-01,9,2,7
2017-06-01,8,6,2
2017-06-15,4,1,3
2017-06-17,5,3,2
2017-06-15,0,0,0
2017-06-10,3,3,0
2017-06-02,16,0,16
2017-06-06,15,11,4
2017-06-14,40,2,38
2017-06-10,4,1,3
2017-06-16,12,3,9
2017-06-21,0,0,0
2017-06-09,10,1,9
2017-06-01,3,2,1
2017-06-23,11,8,3
2017-06-22,7,5,2
2017-06-17,12,6,6
2017-06-17,0,0,0
2017-06-25,8,5,3
2017-06-06,10,9,1
2017-06-11,5,0,5
2017-06-21,0,0,0
2017-06-19,31,31,0
2017-06-05,37,33,4
2017-06-13,16,1,15
2017-06-02,20,15,5
2017-06-28,4,4,0
2017-06-13,6,0,6
2017-06-20,30,5,25
2017-06-30,25,24,1
2017-06-07,10,1,9
2017-06-17,0,0,0
2017-06-27,33,30,3
2017-06-25,0,0,0
2017-06-17,13,5,8
2017-06-30,0,0,0
2017-06-22,1,0,1
2017-06-30,6,5,1
2017-06-06,3,0,3
2017-06-21,2,2,0
2017-06-09,2,1,1
2017-06-06,0,0,0
2017-06-13,0,0,0
2017-06-19,7,0,7
2017-06-08,11,10,1
2017-06-25,13,9,4
2017-06-20,28,3,25
2017-06-23,10,7,3
2017-06-08,4,1,3
2017-06-11,5,2,3
2017-06-16,20,19,1
2017-06-25,8,7,1
2017-06-23,21,18,3
2017-06-30,12,8,4
2017-06-08,9,2,7
2017-06-14,26,23,3
2017-06-05,0,0,0
2017-06-05,32,3,29
2017-06-16,0,0,0
2017-06-09,19,18,1
2017-06-06,0,0,0
2017-06-04,0,0,0
2017-06-15,3,2,1
2017-06-13,0,0,0
2017-06-10,20,12,8
2017-06-18,11,1,10
2017-06-13,0,0,0
2017-06-27,1,1,0
2017-06-03,1,1,0
2017-06-25,7,3,4
2017-06-27,19,16,3
2017-06-26,16,15,1
2017-06-05,27,25,2
2017-06-06,19,16,3
2017-06-20,6,2,4
2017-06-20,6,3,3
2017-06-16,0,0,0
2017-06-07,26,22,4
2017-06-26,11,9,2
2017-06-28,23,1,22
2017-06-15,0,0,0
2017-06-02,1,0,1
2017-06-26,4,4,0
2017-06-13,0,0,0
2017-06-02,4,1,3
2017-06-14,0,0,0
2017-06-24,2,2,0
2017-06-19,0,0,0
2017-06-20,10,6,4
2017-06-27,8,2,6
2017-06-28,6,0,6
2017-06-22,5,2,3
2017-06-11,5,4,1
2017-06-07,12,8,4
2017-06-29,8,6,2
2017-06-21,7,3,4
2017-06-05,9,3,6
2017-06-07,9,5,4
2017-06-30,0,0,0
2017-06-24,11,5,6
2017-06-28,0,0,0
2017-06-16,0,0,0
2017-06-26,3,0,3
2017-06-30,25,22,3
2017-06-28,0,0,0
2017-06-11,13,9,4
2017-06-23,2,2,0
2017-06-07,7,4,3
2017-06-09,30,27,3
2017-06-06,25,1,24
2017-06-18,15,6,9
2017-06-26,10,0,10
2017-06-08,2,0,2
2017-06-13,1,1,0
2017-06-28,3,1,2
2017-06-17,0,0,0
2017-06-07,1,1,0
2017-06-09,1,1,0
2017-06-16,7,6,1
2017-06-02,6,4,2
2017-06-28,11,1,10
2017-06-14,0,0,0
2017-06-16,20,17,3
2017-06-01,1,1,0
2017-06-09,4,4,0
2017-06-11,13,7,6
2017-06-29,0,0,0
2017-06-08,0,0,0
2017-06-22,0,0,0
2017-06-04,14,7,7
2017-06-24,0,0,0
2017-06-13,24,1,23
2017-06-02,3,2,1
2017-06-16,4,4,0
2017-06-30,6,0,6
2017-06-10,2,2,0
2017-06-20,1,1,0
2017-06-08,11,0,11
2017-06-03,0,0,0
2017-06-12,3,3,0
2017-06-06,0,0,0
2017-06-29,0,0,0
2017-06-03,11,5,6
2017-06-28,10,7,3
2017-06-22,0,0,0
2017-06-05,8,6,2
2017-06-05,14,7,7
2017-06-05,0,0,0
2017-06-09,25,2,23
2017-06-04,6,4,2
2017-06-05,14,0,14
2017-06-27,13,7,6
2017-06-05,35,32,3
2017-06-19,14,13,1
2017-06-10,0,0,0
2017-06-01,5,2,3
2017-06-19,2,1,1
2017-06-01,0,0,0
2017-06-30,0,0,0
2017-06-13,4,2,2
2017-06-11,21,8,13
2017-06-30,2,2,0
2017-06-21,17,14,3
2017-06-24,3,0,3
2017-06-13,27,25,2
2017-06-13,16,0,16
2017-06-24,0,0,0
2017-06-06,32,28,4
2017-06-29,19,16,3
2017-06-30,9,1,8
2017-06-12,32,2,30
2017-06-10,3,1,2
2017-06-09,8,7,1
2017-06-23,4,2,2
2017-06-14,9,1,8
2017-06-14,0,0,0
2017-06-12,0,0,0
2017-06-18,0,0,0
2017-06-19,9,8,1
2017-06-13,16,16,0
2017-06-20,0,0,0
2017-06-01,0,0,0
2017-06-14,9,6,3
2017-06-17,9,2,7
2017-06-17,0,0,0
2017-06-30,22,1,21
2017-06-05,4,4,0
2017-06-12,8,0,8
2017-06-24,0,0,0
2017-06-15,14,14,0
2017-06-28,29,23,6
2017-06-03,12,3,9
2017-06-02,0,0,0
2017-06-15,5,4,1
2017-06-08,10,9,1
2017-06-27,2,2,0
2017-06-02,0,0,0
2017-06-03,7,5,2
2017-06-21,0,0,0
2017-06-25,1,1,0
2017-06-07,0,0,0
2017-06-22,0,0,0
2017-06-23,8,5,3
2017-06-09,2,2,0
2017-06-03,4,2,2
2017-06-11,25,10,15
2017-06-18,3,3,0
2017-06-12,13,10,3
2017-06-07,22,2,20
2017-06-19,0,0,0
2017-06-24,4,0,4
2017-06-12,0,0,0
2017-06-27,6,5,1
2017-06-02,25,2,23
2017-06-08,4,3,1
2017-06-21,8,2,6
2017-06-22,2,2,0
2017-06-05,11,9,2
2017-06-21,10,8,2
2017-06-08,1,1,0
2017-06-12,1,1,0
2017-06-06,10,2,8
2017-06-09,1,1,0
2017-06-29,12,0,12
2017-06-01,24,0,24
2017-06-21,26,2,24
2017-06-30,3,1,2
2017-06-25,0,0,0
2017-06-28,13,12,1
2017-06-17,0,0,0
2017-06-04,0,0,0
2017-06-25,12,9,3
2017-06-17,15,10,5
2017-06-29,26,2,24
2017-06-01,10,1,9
2017-06-22,0,0,0
2017-06-29,0,0,0
2017-06-28,17,13,4
2017-06-22,20,19,1
2017-06-01,3,0,3
2017-06-08,4,2,2
2017-06-23,18,12,6
2017-06-07,4,0,4
2017-06-17,0,0,0
2017-06-05,4,4,0
2017-06-03,2,1,1
2017-06-25,3,1,2
2017-06-12,4,4,0
2017-06-24,12,5,7
2017-06-12,1,1,0
2017-06-27,3,3,0
2017-06-12,0,0,0
2017-06-28,21,19,2
2017-06-24,14,10,4
2017-06-24,12,4,8
2017-06-14,14,0,14
2017-06-20,8,7,1
2017-06-18,7,4,3
2017-06-26,1,1,0
2017-06-23,13,5,8
2017-06-29,18,0,18
2017-06-14,44,41,3
2017-06-14,3,2,1
2017-06-05,17,2,15
2017-06-18,0,0,0
2017-06-25,10,3,7
2017-06-04,1,1,0
2017-06-15,0,0,0
2017-06-23,0,0,0
2017-06-22,6,5,1
2017-06-13,9,4,5
2017-06-03,12,6,6
2017-06-06,1,1,0
2017-06-27,24,1,23
2017-06-15,10,1,9
2017-06-16,5,4,1
2017-06-19,5,1,4
2017-06-30,0,0,0
2017-06-17,0,0,0
2017-06-04,17,10,7
2017-06-14,9,8,1
2017-06-26,0,0,0
2017-06-03,6,3,3
2017-06-18,0,0,0
2017-06-29,32,29,3
2017-06-12,25,21,4
2017-06-29,8,4,4
2017-06-20,7,5,2
2017-06-19,6,3,3
2017-06-09,0,0,0
2017-06-10,0,0,0
2017-06-12,8,3,5
2017-06-10,0,0,0
2017-06-30,0,0,0
2017-06-15,1,1,0
2017-06-15,13,1,12
2017-06-27,0,0,0
2017-06-11,12,11,1
2017-06-24,8,5,3
2017-06-16,0,0,0
2017-06-18,1,0,1
2017-06-19,13,8,5
2017-06-11,7,1,6
2017-06-28,13,3,10
2017-06-14,0,0,0
2017-06-30,10,8,2
2017-06-23,32,4,28
2017-06-17,5,5,0
2017-06-26,17,1,16
2017-06-26,0,0,0
2017-06-29,3,3,0
2017-06-24,1,1,0
2017-06-11,0,0,0
2017-06-20,1,1,0
2017-06-25,6,2,4
2017-06-03,2,2,0
2017-06-10,13,6,7
2017-06-30,1,1,0
2017-06-21,8,4,4
2017-06-18,0,0,0
2017-06-23,0,0,0
2017-06-23,0,0,0
2017-06-14,10,7,3
2017-06-09,5,4,1
2017-06-20,0,0,0
2017-06-03,2,2,0
2017-06-19,0,0,0
2017-06-04,0,0,0
2017-06-02,1,1,0
2017-06-17,3,2,1
2017-06-07,13,2,11
2017-06-10,0,0,0
2017-06-29,19,13,6
2017-06-13,13,13,0
2017-06-04,5,3,2
2017-06-24,6,4,2
2017-06-15,22,21,1
2017-06-17,10,5,5
2017-06-10,8,4,4
2017-06-13,9,2,7
2017-06-18,5,2,3
2017-06-15,0,0,0
2017-06-06,2,1,1
2017-06-14,0,0,0
2017-06-07,24,1,23
2017-06-02,0,0,0
2017-06-05,0,0,0
2017-06-02,8,6,2
2017-06-26,0,0,0
2017-06-20,0,0,0
2017-06-09,6,2,4
2017-06-25,0,0,0
2017-06-15,2,0,2
2017-06-10,0,0,0
2017-07-09,20,10,10
2017-07-30,0,0,0
2017-07-20,11,7,4
2017-07-10,26,2,24
2017-07-06,0,0,0
2017-07-02,13,3,10
2017-07-04,0,0,0
2017-07-16,1,1,0
2017-07-25,6,4,2
2017-07-20,14,5,9
2017-07-19,12,7,5
2017-07-07,5,5,0
2017-07-29,0,0,0
2017-07-08,11,2,9
2017-07-17,39,34,5
2017-07-21,8,3,5
2017-07-12,0,0,0
2017-07-08,1,0,1
2017-07-24,18,1,17
2017-07-29,6,2,4
2017-07-15,7,2,5
2017-07-17,0,0,0
2017-07-26,10,4,6
2017-07-16,11,6,5
2017-07-27,19,14,5
2017-07-29,0,0,0
2017-07-05,2,2,0
2017-07-16,0,0,0
2017-07-21,20,0,20
2017-07-16,5,4,1
2017-07-10,3,2,1
2017-07-12,12,0,12
2017-07-22,4,4,0
2017-07-17,0,0,0
2017-07-02,15,7,8
2017-07-22,2,2,0
2017-07-21,5,3,2
2017-07-16,14,11,3
2017-07-15,9,4,5
2017-07-09,0,0,0
2017-07-04,23,16,7
2017-07-10,0,0,0
2017-07-30,4,3,1
2017-07-04,14,6,8
2017-07-07,0,0,0
2017-07-07,24,2,22
2017-07-29,7,4,3
2017-07-04,6,4,2
2017-07-05,5,3,2
2017-07-28,1,0,1
2017-07-02,4,4,0
2017-07-06,0,0,0
2017-07-06,11,2,9
2017-07-30,2,2,0
2017-07-24,10,3,7
2017-07-07,2,2,0
2017-07-06,23,21,2
2017-07-04,19,6,13
2017-07-29,4,2,2
2017-07-26,9,4,5
2017-07-15,14,2,12
2017-07-27,18,1,17
2017-07-02,0,0,0
2017-07-18,12,7,5
2017-07-14,5,1,4
2017-07-17,16,3,13
2017-07-06,28,3,25
2017-07-14,4,4,0
2017-07-31,0,0,0
2017-07-03,8,3,5
2017-07-11,11,8,3
2017-07-21,13,9,4
2017-07-26,0,0,0
2017-07-04,15,5,10
2017-07-01,9,6,3
2017-07-07,26,22,4
2017-07-07,13,11,2
2017-07-25,9,2,7
2017-07-25,7,5,2
2017-07-02,7,6,1
2017-07-27,7,1,6
2017-07-13,1,0,1
2017-07-10,26,24,2
2017-07-03,25,18,7
2017-07-17,30,1,29
2017-07-30,3,2,1
2017-07-29,0,0,0
2017-07-15,0,0,0
2017-07-10,9,3,6
2017-07-18,11,9,2
2017-07-19,17,8,9
2017-07-13,1,1,0
2017-07-07,14,11,3
2017-07-03,0,0,0
2017-07-08,2,0,2
2017-07-03,20,3,17
2017-07-20,34,33,1
2017-07-02,11,1,10
2017-07-02,0,0,0
2017-07-15,9,4,5
2017-07-21,0,0,0
2017-07-09,0,0,0
2017-07-28,23,1,22
2017-07-26,9,8,1
2017-07-12,6,3,3
2017-07-30,0,0,0
2017-07-24,9,4,5
2017-07-13,11,7,4
2017-07-05,0,0,0
2017-07-13,21,17,4
2017-07-01,7,0,7
2017-07-27,14,12,2
2017-07-17,3,2,1
2017-07-05,1,0,1
2017-07-10,13,7,6
2017-07-14,34,32,2
2017-07-18,18,18,0
2017-07-18,1,0,1
2017-07-19,0,0,0
2017-07-06,11,3,8
2017-07-28,23,20,3
2017-07-13,34,1,33
2017-07-15,3,1,2
2017-07-13,8,4,4
2017-07-31,6,3,3
2017-07-22,3,1,2
2017-07-11,0,0,0
2017-07-02,5,0,5
2017-07-22,10,4,6
2017-07-18,0,0,0
2017-07-27,6,5,1
2017-07-26,12,0,12
2017-07-11,0,0,0
2017-07-21,3,2,1
2017-07-08,3,3,0
2017-07-10,10,2,8
2017-07-24,1,1,0
2017-07-10,18,17,1
2017-07-09,13,4,9
2017-07-17,13,12,1
2017-07-08,10,5,5
2017-07-06,6,5,1
2017-07-10,14,11,3
2017-07-20,2,2,0
2017-07-04,16,13,3
2017-07-22,6,3,3
2017-07-05,30,25,5
2017-07-23,3,1,2
2017-07-04,8,2,6
2017-07-28,0,0,0
2017-07-22,1,0,1
2017-07-20,6,2,4
2017-07-24,24,1,23
2017-07-14,10,8,2
2017-07-08,0,0,0
2017-07-09,1,0,1
2017-07-18,38,34,4
2017-07-06,0,0,0
2017-07-21,0,0,0
2017-07-23,13,10,3
2017-07-24,27,1,26
2017-07-03,1,1,0
2017-07-03,14,12,2
2017-07-17,11,2,9
2017-07-20,0,0,0
2017-07-07,22,3,19
2017-07-15,7,6,1
2017-07-10,23,2,21
2017-07-30,9,8,1
2017-07-30,0,0,0
2017-07-25,15,2,13
2017-07-25,10,9,1
2017-07-08,10,7,3
2017-07-21,11,1,10
2017-07-27,0,0,0
2017-07-18,28,25,3
2017-07-31,1,0,1
2017-07-11,8,5,3
2017-07-12,1,1,0
2017-07-26,0,0,0
2017-07-08,0,0,0
2017-07-24,0,0,0
2017-07-26,28,27,1
2017-07-08,0,0,0
2017-07-01,3,3,0
2017-07-25,0,0,0
2017-07-29,3,2,1
2017-07-16,0,0,0
2017-07-14,8,4,4
2017-07-30,6,5,1
2017-07-25,5,5,0
2017-07-21,24,22,2
2017-07-07,28,22,6
2017-07-14,1,1,0
2017-07-17,1,0,1
2017-07-05,7,5,2
2017-07-23,0,0,0
2017-07-28,1,1,0
2017-07-26,0,0,0
2017-07-22,3,2,1
2017-07-29,14,3,11
2017-07-30,12,4,8
2017-07-06,38,4,34
2017-07-29,0,0,0
2017-07-13,19,17,2
2017-07-29,4,4,0
2017-07-02,9,6,3
2017-07-10,27,1,26
2017-07-27,27,24,3
2017-07-08,10,10,0
2017-07-05,2,2,0
2017-07-28,27,26,1
2017-07-24,43,36,7
2017-07-25,12,1,11
2017-07-18,31,1,30
2017-07-29,8,4,4
2017-07-12,7,3,4
2017-07-20,2,0,2
2017-07-15,6,1,5
2017-07-02,21,14,7
2017-07-05,0,0,0
2017-07-20,34,3,31
2017-07-08,3,3,0
2017-07-05,9,0,9
2017-07-05,0,0,0
2017-07-09,5,3,2
2017-07-23,10,3,7
2017-07-04,1,1,0
2017-07-07,1,0,1
2017-07-03,8,3,5
2017-07-04,0,0,0
2017-07-23,2,0,2
2017-07-31,19,1,18
2017-07-31,0,0,0
2017-07-10,0,0,0
2017-07-11,21,21,0
2017-07-28,3,0,3
2017-07-05,9,1,8
2017-07-06,13,13,0
2017-07-14,5,5,0
2017-07-23,1,1,0
2017-07-16,4,0,4
2017-07-26,12,0,12
2017-07-20,4,1,3
2017-07-18,9,6,3
2017-07-03,7,5,2
2017-07-01,7,5,2
2017-07-05,12,0,12
2017-07-09,7,4,3
2017-07-01,12,6,6
2017-07-31,0,0,0
2017-07-07,28,2,26
2017-07-15,0,0,0
2017-07-06,5,3,2
2017-07-17,10,1,9
2017-07-13,14,0,14
2017-07-07,30,29,1
2017-07-04,5,5,0
2017-07-07,7,2,5
2017-07-16,10,8,2
2017-07-08,20,11,9
2017-07-05,7,4,3
2017-07-03,19,13,6
2017-07-07,6,4,2
2017-07-11,24,13,11
2017-07-27,6,0,6
2017-07-05,12,11,1
2017-07-13,0,0,0
2017-07-17,7,4,3
2017-07-21,22,6,16
2017-07-19,16,12,4
2017-07-01,0,0,0
2017-07-11,11,5,6
2017-07-21,19,15,4
2017-07-18,12,7,5
2017-07-31,33,2,31
2017-07-25,36,34,2
2017-07-22,0,0,0
2017-07-20,0,0,0
2017-07-21,8,6,2
2017-07-11,23,21,2
2017-07-14,12,6,6
2017-07-09,1,1,0
2017-07-20,0,0,0
2017-07-30,21,11,10
2017-07-10,0,0,0
2017-07-28,9,1,8
2017-07-01,1,1,0
2017-07-27,0,0,0
2017-07-18,17,4,13
2017-07-12,33,4,29
2017-07-22,6,6,0
2017-07-24,0,0,0
2017-07-22,12,4,8
2017-07-21,1,1,0
2017-07-15,6,2,4
2017-07-28,20,13,7
2017-07-22,0,0,0
2017-07-09,0,0,0
2017-07-27,0,0,0
2017-07-14,4,0,4
2017-07-11,2,2,0
2017-07-20,17,17,0
2017-07-13,47,40,7
2017-07-31,2,2,0
2017-07-26,9,3,6
2017-07-02,2,1,1
2017-07-27,10,6,4
2017-07-30,1,1,0
2017-07-23,1,1,0
2017-07-19,21,19,2
2017-07-18,0,0,0
2017-07-11,11,10,1
2017-07-22,8,7,1
2017-07-15,0,0,0
2017-07-24,0,0,0
2017-07-18,0,0,0
2017-07-06,11,8,3
2017-07-27,8,7,1
2017-07-20,0,0,0
2017-07-02,0,0,0
2017-07-20,15,12,3
2017-07-11,2,1,1
2017-07-29,4,4,0
2017-07-25,4,4,0
2017-07-29,11,4,7
2017-07-23,7,3,4
2017-07-11,25,0,25
2017-07-27,0,0,0
2017-07-09,7,6,1
2017-07-31,8,4,4
2017-07-14,11,2,9
2017-07-11,13,1,12
2017-07-19,1,0,1
2017-07-03,3,2,1
2017-07-21,23,22,1
2017-07-20,2,2,0
2017-07-26,5,4,1
2017-07-19,10,9,1
2017-07-08,6,3,3
2017-07-02,18,8,10
2017-07-16,13,7,6
2017-07-02,0,0,0
2017-07-12,1,1,0
2017-07-12,33,3,30
2017-07-02,2,0,2
2017-07-18,22,1,21
2017-07-09,0,0,0
2017-07-31,30,3,27
2017-07-06,15,0,15
2017-07-05,6,3,3
2017-07-24,5,4,1
2017-07-26,2,1,1
2017-07-05,10,9,1
2017-07-01,0,0,0
2017-07-24,0,0,0
2017-07-26,16,10,6
2017-07-17,40,35,5
2017-07-30,2,0,2
2017-07-16,1,1,0
2017-07-09,14,6,8
2017-07-03,7,2,5
2017-07-01,3,0,3
2017-07-14,9,1,8
2017-07-08,3,2,1
2017-07-03,0,0,0
2017-07-16,2,2,0
2017-07-13,15,2,13
2017-07-05,7,4,3
2017-07-04,10,4,6
2017-07-01,4,0,4
2017-07-12,9,6,3
2017-07-06,10,3,7
2017-07-29,1,1,0
2017-07-15,12,6,6
2017-07-18,26,1,25
2017-07-09,15,11,4
2017-07-01,1,1,0
2017-07-01,5,2,3
2017-07-28,22,4,18
2017-07-17,2,2,0
2017-07-22,18,7,11
2017-07-13,0,0,0
2017-07-03,14,10,4
2017-07-23,9,7,2
2017-07-11,7,3,4
2017-07-05,20,3,17
2017-07-14,0,0,0
2017-07-05,27,1,26
2017-07-15,11,5,6
2017-07-02,0,0,0
2017-07-13,4,0,4
2017-07-26,37,32,5
2017-07-10,5,4,1
2017-07-28,12,1,11
2017-07-04,14,9,5
2017-07-12,0,0,0
2017-07-23,10,5,5
2017-07-02,0,0,0
2017-07-14,7,2,5
2017-07-09,9,3,6
2017-07-24,1,0,1
2017-07-19,31,30,1
2017-07-29,11,1,10
2017-07-02,3,3,0
2017-07-25,22,0,22
2017-07-06,11,7,4
2017-07-01,8,7,1
2017-07-07,1,1,0
2017-07-11,1,0,1
2017-07-27,1,1,0
2017-07-25,2,0,2
2017-07-09,0,0,0
2017-07-08,4,4,0
2017-07-21,0,0,0
2017-07-16,0,0,0
2017-07-30,5,2,3
2017-07-28,7,6,1
2017-07-23,4,0,4
2017-07-02,5,2,3
2017-07-01,2,2,0
2017-07-18,21,2,19
2017-07-24,9,7,2
2017-07-10,11,0,11
2017-07-06,38,37,1
2017-07-20,9,9,0
2017-07-28,4,3,1
2017-07-27,0,0,0
2017-07-19,8,0,8
2017-07-19,34,2,32
2017-07-12,9,5,4
2017-07-16,1,0,1
2017-07-25,1,1,0
2017-07-19,0,0,0
2017-07-24,34,30,4
2017-07-28,6,3,3
2017-07-06,2,2,0
2017-07-19,2,1,1
2017-07-01,0,0,0
2017-07-12,47,43,4
2017-07-26,0,0,0
2017-07-23,1,0,1
2017-07-05,38,34,4
2017-07-03,24,18,6
2017-07-04,4,0,4
2017-07-09,10,4,6
2017-07-26,26,1,25
2017-07-07,1,1,0
2017-07-11,16,2,14
2017-07-27,0,0,0
2017-07-28,9,4,5
2017-07-11,33,1,32
2017-07-18,0,0,0
2017-07-26,7,6,1
2017-07-11,0,0,0
2017-07-18,4,2,2
2017-07-23,0,0,0
2017-07-28,1,1,0
2017-07-12,12,10,2
2017-07-23,1,0,1
2017-07-23,14,9,5
2017-07-27,29,25,4
2017-07-04,9,3,6
2017-07-08,12,9,3
2017-07-26,25,0,25
2017-07-09,0,0,0
2017-07-30,0,0,0
2017-07-13,37,35,2
2017-07-13,12,10,2
2017-07-23,2,2,0
2017-07-08,16,6,10
2017-07-28,0,0,0
2017-07-28,27,22,5
2017-07-23,0,0,0
2017-07-17,4,2,2
2017-07-30,17,13,4
2017-07-19,0,0,0
2017-07-09,3,0,3
2017-07-27,6,0,6
2017-07-09,15,9,6
2017-07-31,25,23,2
2017-07-30,4,0,4
2017-07-14,9,8,1
2017-07-09,4,3,1
2017-07-20,4,1,3
2017-07-03,4,1,3
2017-07-31,7,2,5
2017-07-28,3,0,3
2017-07-25,32,28,4
2017-07-05,1,0,1
2017-07-25,8,6,2
2017-07-12,0,0,0
2017-07-20,10,0,10
2017-07-21,1,0,1
2017-07-12,16,13,3
2017-07-19,2,0,2
2017-07-18,1,0,1
2017-07-31,36,33,3
2017-07-15,2,2,0
2017-07-25,0,0,0
2017-07-08,0,0,0
2017-07-22,1,1,0
2017-07-30,1,0,1
2017-07-16,0,0,0
2017-07-10,8,5,3
2017-07-30,0,0,0
2017-07-10,4,4,0
2017-07-21,18,14,4
2017-07-17,0,0,0
2017-07-04,0,0,0
2017-07-10,2,0,2
2017-07-11,13,1,12
2017-07-29,2,2,0
2017-07-01,3,3,0
2017-07-04,12,9,3
2017-07-28,9,1,8
2017-07-17,15,10,5
2017-07-23,0,0,0
2017-07-15,0,0,0
2017-07-03,25,21,4
2017-07-24,11,6,5
2017-07-14,0,0,0
2017-07-22,0,0,0
2017-07-10,0,0,0
2017-07-19,31,28,3
2017-07-18,0,0,0
2017-07-13,6,2,4
2017-07-20,13,10,3
2017-07-03,0,0,0
2017-07-22,13,6,7
2017-07-17,0,0,0
2017-07-31,0,0,0
2017-07-29,0,0,0
2017-07-28,0,0,0
2017-07-27,18,1,17
2017-07-26,25,22,3
2017-07-16,11,9,2
2017-07-01,3,3,0
2017-07-03,8,0,8
2017-07-31,1,1,0
2017-07-23,8,4,4
2017-07-29,3,1,2
2017-07-05,5,0,5
2017-07-31,24,22,2
2017-07-13,3,1,2
2017-07-23,17,3,14
2017-07-13,4,0,4
2017-07-29,20,9,11
2017-07-10,1,1,0
2017-07-30,8,3,5
2017-07-13,2,2,0
2017-07-14,28,3,25
2017-07-07,5,1,4
2017-07-15,7,3,4
2017-07-23,3,3,0
2017-07-22,5,0,5
2017-07-06,41,37,4
2017-07-29,1,0,1
2017-07-22,0,0,0
2017-07-20,0,0,0
2017-07-16,10,9,1
2017-07-22,3,3,0
2017-07-06,1,0,1
2017-07-06,6,1,5
2017-07-17,19,17,2
2017-07-01,10,6,4
2017-07-24,16,13,3
2017-07-19,21,1,20
2017-07-10,14,10,4
2017-07-24,20,16,4
2017-07-31,41,36,5
2017-07-31,5,3,2
2017-07-25,1,0,1
2017-07-18,1,0,1
2017-07-23,2,1,1
2017-07-02,5,3,2
2017-07-04,1,1,0
2017-07-31,0,0,0
2017-07-29,0,0,0
2017-07-15,5,0,5
2017-07-07,9,4,5
2017-07-19,10,5,5
2017-07-08,0,0,0
2017-07-04,0,0,0
2017-07-09,2,1,1
2017-07-13,13,7,6
2017-07-19,1,1,0
2017-07-04,10,4,6
2017-07-14,27,4,23
2017-07-24,11,9,2
2017-07-12,10,7,3
2017-07-11,6,0,6
2017-07-29,23,17,6
2017-07-08,0,0,0
2017-07-25,0,0,0
2017-07-12,21,19,2
2017-07-16,8,5,3
2017-07-20,32,29,3
2017-07-30,12,7,5
2017-07-18,8,3,5
2017-07-28,0,0,0
2017-07-12,0,0,0
2017-07-08,1,0,1
2017-07-19,0,0,0
2017-07-26,0,0,0
2017-07-13,2,1,1
2017-07-14,0,0,0
2017-07-27,3,1,2
2017-07-20,0,0,0
2017-07-26,1,0,1
2017-07-31,1,1,0
2017-07-30,17,10,7
2017-07-13,36,0,36
2017-07-15,6,3,3
2017-07-25,1,1,0
2017-07-02,1,1,0
2017-07-28,5,5,0
2017-07-16,9,2,7
2017-07-24,0,0,0
2017-07-14,19,15,4
2017-07-22,3,0,3
2017-07-24,2,2,0
2017-07-22,6,1,5
2017-07-16,10,7,3
2017-07-21,6,3,3
2017-07-14,15,14,1
2017-07-19,4,4,0
2017-07-03,4,1,3
2017-07-15,2,0,2
2017-07-31,6,5,1
2017-07-01,0,0,0
2017-07-06,0,0,0
2017-07-12,6,0,6
2017-07-12,1,0,1
2017-07-04,9,6,3
2017-07-31,10,1,9
2017-07-26,0,0,0
2017-07-29,2,2,0
2017-07-20,28,2,26
2017-07-25,15,14,1
2017-07-16,0,0,0
2017-07-22,18,6,12
2017-07-01,1,0,1
2017-07-30,5,5,0
2017-07-04,1,1,0
2017-07-18,14,12,2
2017-07-31,22,1,21
2017-07-14,0,0,0
2017-07-14,2,2,0
2017-07-03,0,0,0
2017-07-06,9,8,1
2017-07-07,18,12,6
2017-07-17,6,6,0
2017-07-17,1,0,1
2017-07-12,18,1,17
2017-07-03,0,0,0
2017-07-27,4,2,2
2017-07-03,20,1,19
2017-07-21,0,0,0
2017-07-12,2,2,0
2017-07-11,0,0,0
2017-07-14,1,0,1
2017-07-21,8,7,1
2017-07-19,5,2,3
2017-07-01,0,0,0
2017-07-25,18,17,1
2017-07-26,3,3,0
2017-07-17,0,0,0
2017-07-07,0,0,0
2017-07-16,0,0,0
2017-07-10,51,46,5
2017-07-24,7,7,0
2017-07-18,36,33,3
2017-07-25,25,4,21
2017-07-23,1,1,0
2017-07-19,18,1,17
2017-07-04,3,1,2
2017-07-04,2,2,0
2017-07-16,0,0,0
2017-07-15,11,2,9
2017-07-07,11,2,9
2017-07-09,0,0,0
2017-07-27,11,0,11
2017-07-09,19,11,8
2017-07-17,3,0,3
2017-07-10,0,0,0
2017-07-15,0,0,0
2017-07-22,17,15,2
2017-07-05,19,18,1
2017-07-30,7,5,2
2017-07-19,18,15,3
2017-07-01,2,2,0
2017-07-28,6,5,1
2017-07-05,0,0,0
2017-07-11,41,37,4
2017-07-14,23,21,2
2017-07-27,5,0,5
2017-07-13,0,0,0
2017-07-10,0,0,0
2017-07-25,34,0,34
2017-07-16,2,0,2
2017-07-21,0,0,0
2017-07-06,1,1,0
2017-07-12,9,3,6
2017-07-25,1,1,0
2017-07-21,0,0,0
2017-07-16,12,4,8
2017-07-15,1,1,0
2017-07-07,0,0,0
2017-07-26,7,3,4
2017-07-08,9,2,7
2017-07-08,3,1,2
2017-07-12,19,16,3
2017-07-29,17,14,3
2017-07-22,1,1,0
2017-07-03,1,0,1
2017-07-08,12,5,7
2017-07-23,7,4,3
2017-07-15,10,6,4
2017-07-07,5,3,2
2017-07-09,4,4,0
2017-07-15,6,3,3
2017-07-27,1,1,0
2017-07-31,8,7,1
2017-07-17,30,0,30
2017-07-01,3,1,2
2017-07-19,18,0,18
2017-07-21,24,3,21
2017-07-06,5,0,5
2017-07-20,21,3,18
2017-07-02,0,0,0
2017-07-02,14,8,6
2017-07-24,16,0,16
2017-07-11,33,29,4
2017-07-07,5,0,5
2017-07-11,11,3,8
2017-07-03,0,0,0
2017-07-01,5,4,1
2017-07-21,1,0,1
2017-07-17,6,1,5
2017-07-02,0,0,0
2017-07-30,5,2,3
2017-07-13,6,0,6
2017-07-24,29,23,6
2017-08-03,5,2,3
2017-08-24,1,0,1
2017-08-08,19,1,18
2017-08-26,13,5,8
2017-08-09,18,15,3
2017-08-10,7,4,3
2017-08-19,0,0,0
2017-08-16,15,2,13
2017-08-14,38,36,2
2017-08-20,5,1,4
2017-08-26,0,0,0
2017-08-31,4,0,4
2017-08-04,6,4,2
2017-08-04,9,7,2
2017-08-11,10,9,1
2017-08-27,1,1,0
2017-08-30,12,1,11
2017-08-18,11,0,11
2017-08-25,4,4,0
2017-08-28,0,0,0
2017-08-31,33,31,2
2017-08-11,14,10,4
2017-08-26,3,0,3
2017-08-12,0,0,0
2017-08-07,1,0,1
2017-08-19,0,0,0
2017-08-29,5,1,4
2017-08-18,27,1,26
2017-08-02,0,0,0
2017-08-15,11,6,5
2017-08-04,10,7,3
2017-08-18,6,2,4
2017-08-19,3,0,3
2017-08-06,6,0,6
2017-08-06,17,12,5
2017-08-17,2,2,0
2017-08-01,32,3,29
2017-08-10,9,4,5
2017-08-15,0,0,0
2017-08-08,0,0,0
2017-08-16,25,2,23
2017-08-31,3,1,2
2017-08-09,6,4,2
2017-08-13,0,0,0
2017-08-03,9,7,2
2017-08-15,1,1,0
2017-08-31,7,5,2
2017-08-26,11,6,5
2017-08-22,17,0,17
2017-08-20,1,1,0
2017-08-11,24,20,4
2017-08-26,9,4,5
2017-08-09,19,1,18
2017-08-23,31,28,3
2017-08-04,28,27,1
2017-08-14,16,15,1
2017-08-01,8,7,1
2017-08-26,4,1,3
2017-08-17,8,7,1
2017-08-11,1,1,0
2017-08-31,1,1,0
2017-08-14,17,0,17
2017-08-22,8,5,3
2017-08-22,11,1,10
2017-08-25,18,0,18
2017-08-14,37,4,33
2017-08-06,0,0,0
2017-08-25,2,2,0
2017-08-09,0,0,0
2017-08-12,5,4,1
2017-08-24,7,3,4
2017-08-18,20,19,1
2017-08-30,4,1,3
2017-08-14,13,7,6
2017-08-29,10,3,7
2017-08-17,13,7,6
2017-08-04,19,18,1
2017-08-14,21,19,2
2017-08-28,32,1,31
2017-08-17,1,1,0
2017-08-18,1,1,0
2017-08-25,25,23,2
2017-08-11,18,1,17
2017-08-11,10,7,3
2017-08-04,6,2,4
2017-08-02,7,4,3
2017-08-15,7,4,3
2017-08-26,7,6,1
2017-08-11,0,0,0
2017-08-03,0,0,0
2017-08-24,11,9,2
2017-08-19,6,3,3
2017-08-12,0,0,0
2017-08-11,0,0,0
2017-08-05,4,1,3
2017-08-18,26,23,3
2017-08-05,0,0,0
2017-08-29,6,2,4
2017-08-03,0,0,0
2017-08-14,0,0,0
2017-08-31,1,0,1
2017-08-02,1,1,0
2017-08-21,10,1,9
2017-08-27,4,3,1
2017-08-31,16,1,15
2017-08-23,41,34,7
2017-08-13,12,10,2
2017-08-02,9,6,3
2017-08-28,5,5,0
2017-08-12,1,1,0
2017-08-20,7,3,4
2017-08-28,11,11,0
2017-08-15,0,0,0
2017-08-07,4,1,3
2017-08-13,2,0,2
2017-08-01,1,1,0
2017-08-02,9,8,1
2017-08-30,19,12,7
2017-08-13,10,6,4
2017-08-25,14,12,2
2017-08-10,13,13,0
2017-08-16,1,1,0
2017-08-09,3,0,3
2017-08-14,1,1,0
2017-08-13,17,14,3
2017-08-29,3,2,1
2017-08-12,6,3,3
2017-08-25,0,0,0
2017-08-26,1,1,0
2017-08-16,19,1,18
2017-08-16,3,1,2
2017-08-08,6,3,3
2017-08-29,1,1,0
2017-08-23,2,2,0
2017-08-11,22,1,21
2017-08-16,22,16,6
2017-08-20,9,2,7
2017-08-15,13,9,4
2017-08-31,2,1,1
2017-08-21,2,2,0
2017-08-05,0,0,0
2017-08-12,4,3,1
2017-08-19,7,7,0
2017-08-22,8,4,4
2017-08-31,19,18,1
2017-08-22,0,0,0
2017-08-02,1,1,0
2017-08-09,10,5,5
2017-08-17,4,4,0
2017-08-23,6,0,6
2017-08-07,25,0,25
2017-08-05,7,7,0
2017-08-12,3,0,3
2017-08-11,31,24,7
2017-08-18,19,18,1
2017-08-26,1,1,0
2017-08-12,1,0,1
2017-08-09,0,0,0
2017-08-17,20,2,18
2017-08-03,14,3,11
2017-08-23,4,0,4
2017-08-18,2,1,1
2017-08-31,0,0,0
2017-08-27,0,0,0
2017-08-01,6,2,4
2017-08-10,0,0,0
2017-08-17,15,0,15
2017-08-03,16,14,2
2017-08-26,0,0,0
2017-08-14,9,6,3
2017-08-08,12,1,11
2017-08-15,11,3,8
2017-08-06,0,0,0
2017-08-20,8,6,2
2017-08-23,4,0,4
2017-08-03,4,3,1
2017-08-16,0,0,0
2017-08-18,0,0,0
2017-08-14,0,0,0
2017-08-16,31,29,2
2017-08-10,0,0,0
2017-08-30,1,1,0
2017-08-24,0,0,0
2017-08-13,0,0,0
2017-08-06,2,2,0
2017-08-13,6,4,2
2017-08-31,0,0,0
2017-08-11,5,2,3
2017-08-17,0,0,0
2017-08-28,1,0,1
2017-08-13,1,1,0
2017-08-27,0,0,0
2017-08-23,10,2,8
2017-08-13,0,0,0
2017-08-20,0,0,0
2017-08-23,10,10,0
2017-08-17,6,0,6
2017-08-26,4,3,1
2017-08-22,0,0,0
2017-08-21,19,0,19
2017-08-15,1,1,0
2017-08-09,0,0,0
2017-08-27,15,7,8
2017-08-17,28,24,4
2017-08-17,14,6,8
2017-08-25,0,0,0
2017-08-01,27,0,27
2017-08-29,21,1,20
2017-08-13,1,1,0
2017-08-28,0,0,0
2017-08-25,7,2,5
2017-08-30,15,1,14
2017-08-30,3,3,0
2017-08-24,9,1,8
2017-08-26,1,1,0
2017-08-29,8,3,5
2017-08-07,16,16,0
2017-08-14,16,14,2
2017-08-23,9,4,5
2017-08-23,14,9,5
2017-08-31,30,26,4
2017-08-23,7,3,4
2017-08-30,12,10,2
2017-08-24,23,0,23
2017-08-19,0,0,0
2017-08-05,7,0,7
2017-08-27,16,8,8
2017-08-10,26,23,3
2017-08-01,3,3,0
2017-08-11,0,0,0
2017-08-29,9,6,3
2017-08-24,3,3,0
2017-08-17,1,0,1
2017-08-27,2,1,1
2017-08-07,0,0,0
2017-08-18,9,6,3
2017-08-05,0,0,0
2017-08-11,3,2,1
2017-08-01,12,3,9
2017-08-27,2,1,1
2017-08-14,0,0,0
2017-08-12,1,0,1
2017-08-25,11,3,8
2017-08-03,28,26,2
2017-08-10,0,0,0
2017-08-21,5,2,3
2017-08-10,9,3,6
2017-08-03,22,19,3
2017-08-31,4,1,3
2017-08-08,0,0,0
2017-08-08,8,7,1
2017-08-13,5,2,3
2017-08-01,29,27,2
2017-08-05,0,0,0
2017-08-31,0,0,0
2017-08-09,14,12,2
2017-08-04,1,0,1
2017-08-14,9,6,3
2017-08-09,9,2,7
2017-08-16,4,0,4
2017-08-23,0,0,0
2017-08-26,0,0,0
2017-08-12,7,6,1
2017-08-06,5,2,3
2017-08-08,6,3,3
2017-08-02,0,0,0
2017-08-14,6,6,0
2017-08-07,22,21,1
2017-08-10,27,27,0
2017-08-02,4,3,1
2017-08-20,5,4,1
2017-08-15,9,0,9
2017-08-06,14,9,5
2017-08-28,9,7,2
2017-08-03,9,7,2
2017-08-14,8,1,7
2017-08-08,0,0,0
2017-08-04,8,0,8
2017-08-29,25,24,1
2017-08-27,0,0,0
2017-08-18,25,2,23
2017-08-10,7,0,7
2017-08-30,0,0,0
2017-08-24,38,31,7
2017-08-03,5,3,2
2017-08-17,7,0,7
2017-08-23,15,12,3
2017-08-11,2,0,2
2017-08-03,0,0,0
2017-08-28,6,2,4
2017-08-11,6,5,1
2017-08-12,1,1,0
2017-08-15,15,1,14
2017-08-25,18,1,17
2017-08-27,0,0,0
2017-08-16,13,6,7
2017-08-23,14,2,12
2017-08-28,12,7,5
2017-08-06,0,0,0
2017-08-22,1,1,0
2017-08-19,5,4,1
2017-08-16,4,4,0
2017-08-07,10,2,8
2017-08-15,4,4,0
2017-08-15,7,6,1
2017-08-13,5,4,1
2017-08-08,20,14,6
2017-08-02,4,1,3
2017-08-04,7,5,2
2017-08-24,0,0,0
2017-08-17,7,2,5
2017-08-04,0,0,0
2017-08-29,14,10,4
2017-08-15,22,1,21
2017-08-23,0,0,0
2017-08-13,3,2,1
2017-08-02,34,31,3
2017-08-07,8,2,6
2017-08-30,5,2,3
2017-08-24,1,1,0
2017-08-15,3,0,3
2017-08-06,8,4,4
2017-08-20,5,1,4
2017-08-19,0,0,0
2017-08-13,0,0,0
2017-08-08,11,1,10
2017-08-31,10,4,6
2017-08-24,7,7,0
2017-08-05,1,1,0
2017-08-14,25,0,25
2017-08-28,17,16,1
2017-08-13,5,0,5
2017-08-10,0,0,0
2017-08-22,18,2,16
2017-08-29,15,3,12
2017-08-01,12,4,8
2017-08-31,6,0,6
2017-08-03,21,0,21
2017-08-25,0,0,0
2017-08-09,0,0,0
2017-08-09,30,28,2
2017-08-24,8,5,3
2017-08-21,9,1,8
2017-08-15,1,1,0
2017-08-15,21,19,2
2017-08-31,5,0,5
2017-08-14,0,0,0
2017-08-11,27,23,4
2017-08-05,1,0,1
2017-08-04,1,0,1
2017-08-17,0,0,0
2017-08-28,31,31,0
2017-08-05,13,6,7
2017-08-20,5,3,2
2017-08-28,20,2,18
2017-08-13,7,3,4
2017-08-31,20,0,20
2017-08-18,0,0,0
2017-08-21,7,3,4
2017-08-14,0,0,0
2017-08-29,1,1,0
2017-08-17,7,4,3
2017-08-11,0,0,0
2017-08-04,7,5,2
2017-08-02,0,0,0
2017-08-12,6,3,3
2017-08-12,0,0,0
2017-08-30,8,5,3
2017-08-06,1,0,1
2017-08-01,1,0,1
2017-08-10,10,8,2
2017-08-03,0,0,0
2017-08-29,28,0,28
2017-08-26,5,1,4
2017-08-01,8,6,2
2017-08-22,30,1,29
2017-08-25,11,10,1
2017-08-07,1,1,0
2017-08-04,14,2,12
2017-08-11,8,4,4
2017-08-03,1,1,0
2017-08-29,0,0,0
2017-08-25,0,0,0
2017-08-10,1,0,1
2017-08-19,7,1,6
2017-08-05,0,0,0
2017-08-12,0,0,0
2017-08-27,3,2,1
2017-08-08,3,3,0
2017-08-30,0,0,0
2017-08-21,0,0,0
2017-08-02,23,21,2
2017-08-13,0,0,0
2017-08-02,5,2,3
2017-08-31,25,24,1
2017-08-23,0,0,0
2017-08-22,1,1,0
2017-08-18,0,0,0
2017-08-25,6,1,5
2017-08-29,15,13,2
2017-08-04,8,2,6
2017-08-06,0,0,0
2017-08-27,9,3,6
2017-08-30,6,2,4
2017-08-26,6,0,6
2017-08-12,7,2,5
2017-08-22,3,3,0
2017-08-04,20,19,1
2017-08-25,4,0,4
2017-08-18,0,0,0
2017-08-07,2,2,0
2017-08-19,2,2,0
2017-08-21,11,9,2
2017-08-24,9,4,5
2017-08-06,6,1,5
2017-08-09,1,1,0
2017-08-11,5,2,3
2017-08-19,9,5,4
2017-08-08,19,17,2
2017-08-26,10,5,5
2017-08-05,8,3,5
2017-08-16,1,0,1
2017-08-09,22,21,1
2017-08-15,1,0,1
2017-08-01,0,0,0
2017-08-03,0,0,0
2017-08-19,12,6,6
2017-08-27,16,6,10
2017-08-16,12,8,4
2017-08-21,21,20,1
2017-08-30,26,26,0
2017-08-21,1,1,0
2017-08-21,18,18,0
2017-08-21,0,0,0
2017-08-10,17,0,17
2017-08-23,0,0,0
2017-08-27,0,0,0
2017-08-05,3,3,0
2017-08-08,31,28,3
2017-08-02,7,7,0
2017-08-27,16,6,10
2017-08-20,0,0,0
2017-08-04,0,0,0
2017-08-09,10,0,10
2017-08-22,12,11,1
2017-08-16,4,1,3
2017-08-10,4,4,0
2017-08-28,0,0,0
2017-08-26,0,0,0
2017-08-16,1,1,0
2017-08-09,3,2,1
2017-08-08,34,5,29
2017-08-20,0,0,0
2017-08-29,0,0,0
2017-08-09,9,1,8
2017-08-07,1,0,1
2017-08-29,1,0,1
2017-08-28,9,0,9
2017-08-25,1,0,1
2017-08-07,13,3,10
2017-08-01,0,0,0
2017-08-24,6,5,1
2017-08-06,1,1,0
2017-08-22,8,0,8
2017-08-15,29,27,2
2017-08-22,1,0,1
2017-08-26,14,5,9
2017-08-04,0,0,0
2017-08-20,12,3,9
2017-08-05,3,2,1
2017-08-18,4,3,1
2017-08-10,3,1,2
2017-08-28,9,6,3
2017-08-17,16,15,1
2017-08-01,2,0,2
2017-08-21,1,0,1
2017-08-16,2,0,2
2017-08-11,4,3,1
2017-08-10,7,7,0
2017-08-02,18,1,17
2017-08-21,5,2,3
2017-08-26,5,3,2
2017-08-03,5,2,3
2017-08-07,8,4,4
2017-08-10,6,4,2
2017-08-30,28,0,28
2017-08-11,0,0,0
2017-08-21,11,10,1
2017-08-28,0,0,0
2017-08-17,1,1,0
2017-08-20,3,3,0
2017-08-23,1,1,0
2017-08-31,1,1,0
2017-08-22,18,15,3
2017-08-12,7,2,5
2017-08-21,5,5,0
2017-08-22,5,3,2
2017-08-11,20,2,18
2017-08-19,4,3,1
2017-08-05,9,5,4
2017-08-01,15,11,4
2017-08-07,6,4,2
2017-08-01,14,1,13
2017-08-12,9,2,7
2017-08-20,12,6,6
2017-08-23,7,1,6
2017-08-21,2,0,2
2017-08-03,12,10,2
2017-08-15,9,7,2
2017-08-18,7,6,1
2017-08-27,0,0,0
2017-08-06,0,0,0
2017-08-20,0,0,0
2017-08-18,15,8,7
2017-08-07,0,0,0
2017-08-26,5,4,1
2017-08-25,8,0,8
2017-08-19,11,4,7
2017-08-16,0,0,0
2017-08-04,7,5,2
2017-08-05,9,5,4
2017-08-22,1,0,1
2017-08-09,19,0,19
2017-08-16,16,14,2
2017-08-04,0,0,0
2017-08-22,26,22,4
2017-08-31,7,5,2
2017-08-04,20,5,15
2017-08-13,0,0,0
2017-08-21,11,7,4
2017-08-14,9,0,9
2017-08-23,0,0,0
2017-08-12,0,0,0
2017-08-02,21,19,2
2017-08-30,2,2,0
2017-08-02,16,0,16
2017-08-14,0,0,0
2017-08-16,0,0,0
2017-08-13,0,0,0
2017-08-30,3,0,3
2017-08-19,4,3,1
2017-08-20,0,0,0
2017-08-19,5,3,2
2017-08-28,2,1,1
2017-08-09,0,0,0
2017-08-01,1,1,0
2017-08-17,33,0,33
2017-08-10,12,0,12
2017-08-09,15,1,14
2017-08-10,10,10,0
2017-08-20,0,0,0
2017-08-18,5,2,3
2017-08-02,0,0,0
2017-08-28,8,5,3
2017-08-09,3,2,1
2017-08-12,0,0,0
2017-08-20,1,1,0
2017-08-01,0,0,0
2017-08-22,0,0,0
2017-08-07,25,1,24
2017-08-30,1,1,0
2017-08-04,7,0,7
2017-08-19,0,0,0
2017-08-19,4,4,0
2017-08-06,1,1,0
2017-08-08,36,32,4
2017-08-27,5,4,1
2017-08-21,5,0,5
2017-08-14,1,0,1
2017-08-29,30,25,5
2017-08-05,6,3,3
2017-08-17,28,26,2
2017-08-08,10,7,3
2017-08-19,1,0,1
2017-08-07,16,15,1
2017-08-10,3,1,2
2017-08-01,30,27,3
2017-08-18,19,1,18
2017-08-12,7,4,3
2017-08-27,1,1,0
2017-08-06,2,2,0
2017-08-05,8,4,4
2017-08-06,10,6,4
2017-08-26,0,0,0
2017-08-07,0,0,0
2017-08-28,20,0,20
2017-08-06,0,0,0
2017-08-12,4,3,1
2017-08-11,1,1,0
2017-08-24,27,25,2
2017-08-24,12,11,1
2017-08-22,7,6,1
2017-08-17,11,7,4
2017-08-02,2,0,2
2017-08-29,2,2,0
2017-08-15,15,5,10
2017-08-14,26,23,3
2017-08-08,1,1,0
2017-08-02,1,1,0
2017-08-25,8,3,5
2017-08-22,16,10,6
2017-08-08,1,1,0
2017-08-30,29,4,25
2017-08-08,4,0,4
2017-08-30,0,0,0
2017-08-31,0,0,0
2017-08-16,9,9,0
2017-08-09,11,7,4
2017-08-13,0,0,0
2017-08-27,5,3,2
2017-08-07,0,0,0
2017-08-25,14,13,1
2017-08-07,45,43,2
2017-08-07,19,1,18
2017-08-05,14,11,3
2017-08-06,14,10,4
2017-08-15,14,10,4
2017-08-19,2,2,0
2017-08-02,10,5,5
2017-08-03,12,2,10
2017-08-02,0,0,0
2017-08-30,5,3,2
2017-08-13,1,1,0
2017-08-25,0,0,0
2017-08-13,3,0,3
2017-08-05,0,0,0
2017-08-21,0,0,0
2017-08-27,16,8,8
2017-08-12,3,2,1
2017-08-18,22,15,7
2017-08-07,1,0,1
2017-08-01,10,8,2
2017-08-13,1,1,0
2017-08-18,5,3,2
2017-08-18,0,0,0
2017-08-18,0,0,0
2017-08-28,28,25,3
2017-08-24,0,0,0
2017-08-20,0,0,0
2017-08-16,35,30,5
2017-08-23,9,9,0
2017-08-20,11,5,6
2017-08-01,2,2,0
2017-08-30,33,30,3
2017-08-23,27,1,26
2017-08-22,31,28,3
2017-08-27,11,6,5
2017-08-20,5,4,1
2017-08-08,0,0,0
2017-08-07,7,6,1
2017-08-26,0,0,0
2017-08-24,3,0,3
2017-08-28,8,2,6
2017-08-21,0,0,0
2017-08-02,11,1,10
2017-08-16,11,0,11
2017-08-25,28,27,1
2017-08-12,0,0,0
2017-08-03,4,0,4
2017-08-25,1,0,1
2017-08-22,0,0,0
2017-08-26,8,5,3
2017-08-27,9,6,3
2017-08-24,0,0,0
2017-08-12,1,1,0
2017-08-18,3,2,1
2017-08-20,2,0,2
2017-08-25,8,7,1
2017-08-29,12,0,12
2017-08-19,0,0,0
2017-08-10,1,1,0
2017-08-24,16,2,14
2017-08-30,20,18,2
2017-08-30,0,0,0
2017-08-24,3,0,3
2017-08-03,36,1,35
2017-08-21,8,3,5
2017-08-05,0,0,0
2017-08-28,9,5,4
2017-08-24,26,1,25
2017-08-04,27,2,25
2017-08-14,1,1,0
2017-08-07,4,3,1
2017-08-10,26,3,23
2017-08-03,1,0,1
2017-08-19,16,9,7
2017-08-24,11,3,8
2017-08-03,5,3,2
2017-08-20,3,2,1
2017-08-06,11,7,4
2017-08-06,4,3,1
2017-08-01,13,10,3
2017-08-30,0,0,0
2017-08-10,15,5,10
2017-08-17,13,11,2
2017-08-21,1,0,1
2017-08-01,1,1,0
2017-08-08,3,0,3
2017-08-29,1,0,1
2017-08-28,2,0,2
2017-08-02,24,2,22
2017-08-25,17,0,17
2017-08-16,1,0,1
2017-08-19,0,0,0
2017-08-17,0,0,0
2017-08-09,7,7,0
2017-08-23,27,1,26
2017-08-05,0,0,0
2017-08-08,18,2,16
2017-08-31,1,1,0
2017-08-22,4,4,0
2017-08-03,10,9,1
2017-08-01,13,0,13
2017-08-17,19,18,1
2017-08-09,4,4,0
2017-08-31,24,0,24
2017-08-15,30,2,28
2017-08-16,27,1,26
2017-08-23,5,5,0
2017-08-27,0,0,0
2017-08-13,6,3,3
2017-08-05,0,0,0
2017-08-06,14,7,7
2017-08-06,12,5,7
2017-08-11,8,1,7
2017-08-28,0,0,0
2017-08-29,0,0,0
2017-08-21,22,5,17
2017-08-04,0,0,0
2017-08-14,11,4,7
2017-08-06,1,0,1
2017-08-19,0,0,0
2017-08-04,2,2,0
2017-08-20,2,0,2
2017-08-15,0,0,0
2017-08-27,6,0,6
2017-08-08,1,0,1
2017-08-24,0,0,0
2017-08-08,5,5,0
2017-08-15,32,28,4
2017-08-29,14,13,1
2017-08-29,11,7,4
2017-08-26,8,7,1
2017-08-05,7,3,4
2017-09-16,0,0,0
2017-09-15,8,7,1
2017-09-17,0,0,0
2017-09-28,9,8,1
2017-09-19,22,19,3
2017-09-20,0,0,0
2017-09-03,8,6,2
2017-09-11,10,6,4
2017-09-16,1,1,0
2017-09-19,10,0,10
2017-09-04,15,4,11
2017-09-13,10,3,7
2017-09-22,8,2,6
2017-09-02,0,0,0
2017-09-15,22,19,3
2017-09-20,23,20,3
2017-09-16,1,0,1
2017-09-23,0,0,0
2017-09-30,0,0,0
2017-09-04,1,1,0
2017-09-03,0,0,0
2017-09-22,5,3,2
2017-09-24,20,10,10
2017-09-28,19,16,3
2017-09-06,0,0,0
2017-09-27,0,0,0
2017-09-05,10,9,1
2017-09-18,0,0,0
2017-09-06,4,4,0
2017-09-21,9,4,5
2017-09-19,1,1,0
2017-09-16,2,0,2
2017-09-06,0,0,0
2017-09-29,4,2,2
2017-09-08,8,3,5
2017-09-16,0,0,0
2017-09-07,2,1,1
2017-09-25,18,14,4
2017-09-17,1,1,0
2017-09-11,0,0,0
2017-09-19,1,0,1
2017-09-30,0,0,0
2017-09-14,33,30,3
2017-09-25,10,0,10
2017-09-14,1,1,0
2017-09-09,4,2,2
2017-09-16,6,5,1
2017-09-29,14,8,6
2017-09-01,9,2,7
2017-09-01,5,5,0
2017-09-05,1,1,0
2017-09-05,2,2,0
2017-09-20,4,2,2
2017-09-16,11,5,6
2017-09-05,0,0,0
2017-09-27,2,2,0
2017-09-03,0,0,0
2017-09-15,18,1,17
2017-09-25,19,0,19
2017-09-03,17,8,9
2017-09-11,0,0,0
2017-09-20,10,2,8
2017-09-14,13,8,5
2017-09-20,3,3,0
2017-09-28,38,1,37
2017-09-08,20,2,18
2017-09-02,16,7,9
2017-09-17,16,9,7
2017-09-02,4,0,4
2017-09-15,0,0,0
2017-09-28,8,0,8
2017-09-07,3,2,1
2017-09-25,16,1,15
2017-09-27,22,11,11
2017-09-28,47,39,8
2017-09-21,3,0,3
2017-09-09,12,6,6
2017-09-27,1,1,0
2017-09-05,5,1,4
2017-09-05,1,1,0
2017-09-13,0,0,0
2017-09-18,0,0,0
2017-09-14,12,9,3
2017-09-08,34,1,33
2017-09-11,34,3,31
2017-09-05,30,3,27
2017-09-07,16,4,12
2017-09-03,0,0,0
2017-09-22,4,1,3
2017-09-16,9,0,9
2017-09-17,0,0,0
2017-09-15,4,2,2
2017-09-11,41,34,7
2017-09-13,0,0,0
2017-09-25,3,3,0
2017-09-19,6,3,3
2017-09-22,0,0,0
2017-09-29,6,0,6
2017-09-24,4,1,3
2017-09-22,2,2,0
2017-09-09,4,1,3
2017-09-04,0,0,0
2017-09-04,1,1,0
2017-09-15,0,0,0
2017-09-27,30,2,28
2017-09-01,17,15,2
2017-09-06,9,1,8
2017-09-26,45,44,1
2017-09-08,4,4,0
2017-09-29,0,0,0
2017-09-11,28,24,4
2017-09-10,4,2,2
2017-09-15,1,0,1
2017-09-28,1,1,0
2017-09-27,4,0,4
2017-09-21,23,19,4
2017-09-02,6,2,4
2017-09-03,1,0,1
2017-09-11,7,1,6
2017-09-04,5,1,4
2017-09-23,1,1,0
2017-09-20,0,0,0
2017-09-14,11,1,10
2017-09-15,0,0,0
2017-09-23,1,0,1
2017-09-18,25,25,0
2017-09-25,5,5,0
2017-09-26,2,2,0
2017-09-24,12,7,5
2017-09-21,10,0,10
2017-09-23,1,1,0
2017-09-17,5,3,2
2017-09-13,10,8,2
2017-09-21,15,10,5
2017-09-07,5,1,4
2017-09-13,19,1,18
2017-09-29,12,0,12
2017-09-13,0,0,0
2017-09-14,20,19,1
2017-09-12,10,4,6
2017-09-13,33,3,30
2017-09-30,10,5,5
2017-09-28,0,0,0
2017-09-13,10,7,3
2017-09-08,12,3,9
2017-09-05,2,2,0
2017-09-25,0,0,0
2017-09-14,0,0,0
2017-09-20,7,2,5
2017-09-03,0,0,0
2017-09-06,10,7,3
2017-09-14,12,5,7
2017-09-27,32,32,0
2017-09-24,0,0,0
2017-09-18,15,14,1
2017-09-24,2,0,2
2017-09-11,2,2,0
2017-09-02,6,5,1
2017-09-14,21,3,18
2017-09-02,0,0,0
2017-09-21,1,1,0
2017-09-04,6,4,2
2017-09-18,2,1,1
2017-09-21,3,1,2
2017-09-07,7,5,2
2017-09-19,0,0,0
2017-09-02,10,4,6
2017-09-25,0,0,0
2017-09-24,7,5,2
2017-09-05,7,4,3
2017-09-06,0,0,0
2017-09-02,3,2,1
2017-09-28,25,1,24
2017-09-04,12,9,3
2017-09-26,8,5,3
2017-09-28,3,0,3
2017-09-05,12,0,12
2017-09-07,0,0,0
2017-09-04,15,14,1
2017-09-18,6,3,3
2017-09-26,2,2,0
2017-09-08,13,7,6
2017-09-25,4,4,0
2017-09-14,13,0,13
2017-09-22,1,1,0
2017-09-20,19,3,16
2017-09-04,0,0,0
2017-09-04,0,0,0
2017-09-13,18,2,16
2017-09-16,6,4,2
2017-09-19,6,0,6
2017-09-13,32,29,3
2017-09-10,6,2,4
2017-09-26,0,0,0
2017-09-24,4,2,2
2017-09-10,2,2,0
2017-09-03,5,2,3
2017-09-26,9,2,7
2017-09-30,5,1,4
2017-09-27,9,0,9
2017-09-17,9,5,4
2017-09-05,19,19,0
2017-09-06,0,0,0
2017-09-14,8,4,4
2017-09-30,0,0,0
2017-09-22,0,0,0
2017-09-29,2,0,2
2017-09-19,19,1,18
2017-09-30,2,0,2
2017-09-08,23,18,5
2017-09-03,23,19,4
2017-09-10,4,3,1
2017-09-24,7,7,0
2017-09-21,3,2,1
2017-09-12,16,0,16
2017-09-10,6,0,6
2017-09-17,5,4,1
2017-09-18,2,2,0
2017-09-24,0,0,0
2017-09-11,0,0,0
2017-09-06,11,10,1
2017-09-28,1,1,0
2017-09-01,0,0,0
2017-09-14,1,1,0
2017-09-03,2,0,2
2017-09-29,5,1,4
2017-09-29,23,23,0
2017-09-28,14,2,12
2017-09-06,0,0,0
2017-09-28,9,6,3
2017-09-30,2,2,0
2017-09-30,0,0,0
2017-09-22,9,9,0
2017-09-05,0,0,0
2017-09-27,0,0,0
2017-09-30,0,0,0
2017-09-19,10,0,10
2017-09-18,13,0,13
2017-09-24,0,0,0
2017-09-29,0,0,0
2017-09-13,1,1,0
2017-09-04,1,1,0
2017-09-03,7,5,2
2017-09-10,0,0,0
2017-09-17,11,4,7
2017-09-22,20,0,20
2017-09-24,0,0,0
2017-09-23,0,0,0
2017-09-09,1,1,0
2017-09-09,12,6,6
2017-09-12,0,0,0
2017-09-09,1,0,1
2017-09-21,12,1,11
2017-09-18,9,4,5
2017-09-25,11,0,11
2017-09-08,0,0,0
2017-09-19,4,1,3
2017-09-06,1,1,0
2017-09-19,0,0,0
2017-09-21,0,0,0
2017-09-01,29,3,26
2017-09-12,35,1,34
2017-09-10,2,0,2
2017-09-22,0,0,0
2017-09-12,31,28,3
2017-09-01,11,8,3
2017-09-14,0,0,0
2017-09-08,11,0,11
2017-09-18,1,1,0
2017-09-22,10,6,4
2017-09-24,0,0,0
2017-09-21,0,0,0
2017-09-10,0,0,0
2017-09-25,6,3,3
2017-09-01,10,8,2
2017-09-14,17,16,1
2017-09-04,0,0,0
2017-09-09,7,7,0
2017-09-26,1,1,0
2017-09-28,3,3,0
2017-09-02,4,4,0
2017-09-13,29,26,3
2017-09-26,1,1,0
2017-09-07,0,0,0
2017-09-29,6,6,0
2017-09-30,4,4,0
2017-09-17,0,0,0
2017-09-24,1,1,0
2017-09-03,4,2,2
2017-09-22,25,1,24
2017-09-10,1,1,0
2017-09-24,7,1,6
2017-09-03,0,0,0
2017-09-02,6,5,1
2017-09-19,0,0,0
2017-09-05,26,24,2
2017-09-07,34,33,1
2017-09-30,0,0,0
2017-09-01,0,0,0
2017-09-12,14,7,7
2017-09-26,43,37,6
2017-09-06,0,0,0
2017-09-11,1,1,0
2017-09-19,19,18,1
2017-09-04,0,0,0
2017-09-05,1,0,1
2017-09-17,0,0,0
2017-09-07,7,3,4
2017-09-23,11,9,2
2017-09-04,6,0,6
2017-09-22,8,5,3
2017-09-09,6,3,3
2017-09-10,1,0,1
2017-09-25,5,0,5
2017-09-11,9,0,9
2017-09-07,22,5,17
2017-09-05,0,0,0
2017-09-29,1,1,0
2017-09-15,14,11,3
2017-09-06,5,2,3
2017-09-30,7,2,5
2017-09-13,1,1,0
2017-09-01,0,0,0
2017-09-14,0,0,0
2017-09-20,1,1,0
2017-09-07,8,1,7
2017-09-07,2,0,2
2017-09-08,6,4,2
2017-09-15,16,1,15
2017-09-11,10,8,2
2017-09-20,0,0,0
2017-09-09,9,6,3
2017-09-11,23,19,4
2017-09-02,0,0,0
2017-09-08,0,0,0
2017-09-11,15,14,1
2017-09-10,1,1,0
2017-09-10,5,2,3
2017-09-14,6,3,3
2017-09-17,0,0,0
2017-09-17,0,0,0
2017-09-24,1,0,1
2017-09-25,0,0,0
2017-09-26,21,0,21
2017-09-12,13,2,11
2017-09-23,7,3,4
2017-09-25,0,0,0
2017-09-05,15,2,13
2017-09-26,0,0,0
2017-09-12,1,0,1
2017-09-26,14,9,5
2017-09-29,8,2,6
2017-09-26,18,3,15
2017-09-11,0,0,0
2017-09-01,21,20,1
2017-09-04,9,3,6
2017-09-18,6,1,5
2017-09-14,2,2,0
2017-09-16,0,0,0
2017-09-08,1,0,1
2017-09-08,27,27,0
2017-09-27,1,1,0
2017-09-27,8,6,2
2017-09-05,10,10,0
2017-09-02,1,1,0
2017-09-13,7,4,3
2017-09-02,4,4,0
2017-09-04,3,0,3
2017-09-14,46,43,3
2017-09-19,2,2,0
2017-09-26,3,0,3
2017-09-02,0,0,0
2017-09-23,16,13,3
2017-09-17,5,5,0
2017-09-23,1,0,1
2017-09-26,0,0,0
2017-09-04,9,7,2
2017-09-19,6,0,6
2017-09-21,4,2,2
2017-09-07,8,7,1
2017-09-09,0,0,0
2017-09-03,0,0,0
2017-09-12,7,2,5
2017-09-01,11,9,2
2017-09-08,0,0,0
2017-09-07,40,3,37
2017-09-07,0,0,0
2017-09-09,3,3,0
2017-09-25,5,3,2
2017-09-20,18,2,16
2017-09-15,4,2,2
2017-09-24,0,0,0
2017-09-06,9,0,9
2017-09-23,0,0,0
2017-09-05,0,0,0
2017-09-22,1,0,1
2017-09-02,1,1,0
2017-09-15,28,3,25
2017-09-07,13,0,13
2017-09-12,11,2,9
2017-09-17,2,1,1
2017-09-18,12,0,12
2017-09-27,2,2,0
2017-09-30,0,0,0
2017-09-09,1,0,1
2017-09-07,21,16,5
2017-09-28,13,3,10
2017-09-28,5,1,4
2017-09-30,1,1,0
2017-09-21,30,27,3
2017-09-07,0,0,0
2017-09-12,49,46,3
2017-09-28,35,35,0
2017-09-03,0,0,0
2017-09-20,2,2,0
2017-09-10,1,0,1
2017-09-22,26,24,2
2017-09-15,4,4,0
2017-09-28,1,1,0
2017-09-17,2,1,1
2017-09-26,0,0,0
2017-09-16,7,2,5
2017-09-16,3,3,0
2017-09-17,0,0,0
2017-09-05,14,1,13
2017-09-09,1,1,0
2017-09-02,6,0,6
2017-09-09,3,0,3
2017-09-01,17,3,14
2017-09-17,4,2,2
2017-09-07,23,22,1
2017-09-01,29,29,0
2017-09-28,0,0,0
2017-09-28,11,6,5
2017-09-14,15,0,15
2017-09-20,7,1,6
2017-09-23,5,2,3
2017-09-20,14,11,3
2017-09-21,12,11,1
2017-09-29,5,3,2
2017-09-20,0,0,0
2017-09-17,1,0,1
2017-09-09,14,2,12
2017-09-03,4,3,1
2017-09-01,9,3,6
2017-09-21,1,1,0
2017-09-29,12,0,12
2017-09-15,0,0,0
2017-09-08,0,0,0
2017-09-10,6,2,4
2017-09-12,6,5,1
2017-09-16,7,5,2
2017-09-18,0,0,0
2017-09-27,12,7,5
2017-09-09,3,2,1
2017-09-22,1,1,0
2017-09-21,0,0,0
2017-09-04,0,0,0
2017-09-10,11,7,4
2017-09-15,2,2,0
2017-09-25,25,24,1
2017-09-05,1,1,0
2017-09-30,13,9,4
2017-09-16,0,0,0
2017-09-02,0,0,0
2017-09-06,14,3,11
2017-09-02,0,0,0
2017-09-18,9,7,2
2017-09-12,1,0,1
2017-09-22,8,6,2
2017-09-21,1,1,0
2017-09-12,1,1,0
2017-09-23,16,4,12
2017-09-06,2,0,2
2017-09-11,7,5,2
2017-09-08,24,24,0
2017-09-25,1,1,0
2017-09-18,0,0,0
2017-09-19,3,3,0
2017-09-24,11,3,8
2017-09-23,0,0,0
2017-09-12,2,1,1
2017-09-30,5,3,2
2017-09-21,35,28,7
2017-09-14,0,0,0
2017-09-19,1,1,0
2017-09-15,1,0,1
2017-09-05,6,4,2
2017-09-10,0,0,0
2017-09-15,0,0,0
2017-09-10,1,1,0
2017-09-04,6,3,3
2017-09-29,26,24,2
2017-09-29,15,12,3
2017-09-18,0,0,0
2017-09-22,8,0,8
2017-09-21,5,0,5
2017-09-20,3,3,0
2017-09-16,20,16,4
2017-09-25,6,3,3
2017-09-25,13,8,5
2017-09-09,0,0,0
2017-09-18,3,2,1
2017-09-27,0,0,0
2017-09-13,6,4,2
2017-09-18,2,1,1
2017-09-10,0,0,0
2017-09-26,1,1,0
2017-09-21,11,0,11
2017-09-30,4,4,0
2017-09-06,16,2,14
2017-09-24,2,1,1
2017-09-13,22,1,21
2017-09-04,13,4,9
2017-09-30,1,0,1
2017-09-16,6,1,5
2017-09-19,6,6,0
2017-09-13,1,1,0
2017-09-12,5,4,1
2017-09-02,1,1,0
2017-09-22,16,1,15
2017-09-27,38,33,5
2017-09-08,3,2,1
2017-09-20,0,0,0
2017-09-17,4,3,1
2017-09-03,1,1,0
2017-09-23,0,0,0
2017-09-06,13,0,13
2017-09-09,1,0,1
2017-09-20,6,3,3
2017-09-23,3,2,1
2017-09-03,5,1,4
2017-09-16,1,1,0
2017-09-23,4,2,2
2017-09-08,0,0,0
2017-09-15,8,0,8
2017-09-14,0,0,0
2017-09-03,11,7,4
2017-09-10,7,5,2
2017-09-16,10,5,5
2017-09-23,0,0,0
2017-09-23,1,1,0
2017-09-30,10,7,3
2017-09-24,4,2,2
2017-09-25,7,3,4
2017-09-25,0,0,0
2017-09-17,0,0,0
2017-09-24,4,0,4
2017-09-20,3,1,2
2017-09-21,2,0,2
2017-09-25,1,0,1
2017-09-17,1,0,1
2017-09-11,0,0,0
2017-09-04,6,4,2
2017-09-12,1,1,0
2017-09-19,0,0,0
2017-09-06,22,22,0
2017-09-13,1,0,1
2017-09-12,18,16,2
2017-09-11,0,0,0
2017-09-15,3,1,2
2017-09-10,5,5,0
2017-09-06,20,1,19
2017-09-11,14,0,14
2017-09-03,6,4,2
2017-09-01,0,0,0
2017-09-28,11,11,0
2017-09-16,8,5,3
2017-09-06,2,2,0
2017-09-22,0,0,0
2017-09-04,13,7,6
2017-09-20,9,6,3
2017-09-12,27,1,26
2017-09-10,1,0,1
2017-09-02,7,5,2
2017-09-07,12,9,3
2017-09-02,9,4,5
2017-09-09,4,2,2
2017-09-28,10,6,4
2017-09-09,4,2,2
2017-09-29,8,7,1
2017-09-26,2,2,0
2017-09-27,8,7,1
2017-09-30,3,3,0
2017-09-10,16,10,6
2017-09-07,0,0,0
2017-09-29,0,0,0
2017-09-01,2,2,0
2017-09-15,19,17,2
2017-09-03,3,3,0
2017-09-09,2,2,0
2017-09-08,15,3,12
2017-09-13,24,22,2
2017-09-12,1,1,0
2017-09-27,4,4,0
2017-09-12,9,9,0
2017-09-26,39,1,38
2017-09-23,6,4,2
2017-09-22,0,0,0
2017-09-14,3,2,1
2017-09-29,0,0,0
2017-09-27,42,1,41
2017-09-13,0,0,0
2017-09-27,25,21,4
2017-09-04,0,0,0
2017-09-18,1,1,0
2017-09-01,5,0,5
2017-09-21,34,1,33
2017-09-08,9,6,3
2017-09-18,6,4,2
2017-09-26,23,18,5
2017-09-07,0,0,0
2017-09-15,29,26,3
2017-09-10,11,2,9
2017-09-23,2,2,0
2017-09-11,6,2,4
2017-09-21,1,1,0
2017-09-18,0,0,0
2017-09-01,12,6,6
2017-09-13,7,2,5
2017-09-13,8,5,3
2017-09-08,1,1,0
2017-09-21,0,0,0
2017-09-03,8,1,7
2017-09-20,7,5,2
2017-09-08,8,4,4
2017-09-23,0,0,0
2017-09-28,6,3,3
2017-09-17,2,1,1
2017-09-16,0,0,0
2017-09-06,29,28,1
2017-09-08,0,0,0
2017-09-29,3,2,1
2017-09-27,1,1,0
2017-09-29,28,2,26
2017-09-20,32,30,2
2017-09-11,1,1,0
2017-09-26,11,0,11
2017-09-03,0,0,0
2017-09-24,0,0,0
2017-09-30,4,3,1
2017-09-29,2,2,0
2017-09-27,10,9,1
2017-09-26,11,2,9
2017-09-05,6,1,5
2017-09-27,27,2,25
2017-09-15,12,2,10
2017-09-01,21,1,20
2017-09-13,3,0,3
2017-09-30,10,7,3
2017-09-22,1,1,0
2017-09-23,6,2,4
2017-09-06,8,6,2
2017-09-24,0,0,0
2017-09-13,1,1,0
2017-09-12,0,0,0
2017-09-02,11,8,3
2017-09-12,0,0,0
2017-09-28,1,0,1
2017-09-01,2,1,1
2017-09-09,0,0,0
2017-09-19,2,2,0
2017-09-23,13,7,6
2017-09-11,26,0,26
2017-09-07,11,9,2
2017-09-15,15,10,5
2017-09-16,1,0,1
2017-09-05,20,4,16
2017-09-19,12,8,4
2017-09-15,1,1,0
2017-09-01,2,1,1
2017-09-28,0,0,0
2017-09-24,14,9,5
2017-09-17,0,0,0
2017-09-16,0,0,0
2017-09-14,4,0,4
2017-09-05,4,1,3
2017-09-09,4,2,2
2017-09-06,12,10,2
2017-09-23,17,7,10
2017-09-26,9,8,1
2017-09-11,5,5,0
2017-09-11,7,0,7
2017-09-18,8,0,8
2017-09-24,0,0,0
2017-09-16,14,6,8
2017-09-01,0,0,0
2017-09-17,0,0,0
2017-09-29,3,2,1
2017-09-12,0,0,0
2017-09-29,0,0,0
2017-09-22,31,31,0
2017-09-16,10,4,6
2017-09-19,0,0,0
2017-09-25,0,0,0
2017-09-02,0,0,0
2017-09-08,1,1,0
2017-09-20,9,1,8
2017-09-09,0,0,0
2017-09-27,7,5,2
2017-09-19,2,2,0
2017-09-03,1,1,0
2017-09-30,0,0,0
2017-09-22,17,13,4
2017-09-07,2,1,1
2017-09-01,1,0,1
2017-09-30,2,2,0
2017-09-27,4,0,4
2017-09-19,9,9,0
2017-09-10,4,2,2
2017-09-06,0,0,0
2017-09-18,14,1,13
2017-09-18,12,9,3
2017-09-01,11,7,4
2017-09-14,36,1,35
2017-09-04,5,1,4
2017-09-25,32,31,1
2017-09-20,6,2,4
2017-09-02,3,0,3
2017-09-26,10,4,6
2017-10-25,2,2,0
2017-10-08,1,0,1
2017-10-31,16,0,16
2017-10-21,7,7,0
2017-10-14,2,1,1
2017-10-17,0,0,0
2017-10-03,0,0,0
2017-10-15,0,0,0
2017-10-06,1,1,0
2017-10-03,47,43,4
2017-10-26,0,0,0
2017-10-12,7,7,0
2017-10-17,6,1,5
2017-10-17,16,1,15
2017-10-29,13,9,4
2017-10-07,3,2,1
2017-10-06,36,35,1
2017-10-26,0,0,0
2017-10-09,22,20,2
2017-10-03,4,0,4
2017-10-04,7,3,4
2017-10-07,2,1,1
2017-10-17,14,1,13
2017-10-06,10,3,7
2017-10-14,0,0,0
2017-10-17,0,0,0
2017-10-19,2,2,0
2017-10-01,4,1,3
2017-10-28,9,3,6
2017-10-15,3,2,1
2017-10-24,0,0,0
2017-10-28,0,0,0
2017-10-29,1,0,1
2017-10-23,42,39,3
2017-10-06,5,4,1
2017-10-27,0,0,0
2017-10-07,6,4,2
2017-10-03,20,1,19
2017-10-01,0,0,0
2017-10-08,0,0,0
2017-10-25,31,2,29
2017-10-20,1,1,0
2017-10-31,0,0,0
2017-10-27,1,1,0
2017-10-01,0,0,0
2017-10-25,0,0,0
2017-10-14,0,0,0
2017-10-09,20,0,20
2017-10-16,30,0,30
2017-10-08,6,5,1
2017-10-24,28,28,0
2017-10-11,2,2,0
2017-10-20,8,5,3
2017-10-18,1,1,0
2017-10-13,3,2,1
2017-10-19,8,0,8
2017-10-28,1,1,0
2017-10-02,7,7,0
2017-10-13,1,1,0
2017-10-12,0,0,0
2017-10-12,4,0,4
2017-10-15,10,7,3
2017-10-09,17,3,14
2017-10-06,8,6,2
2017-10-14,8,7,1
2017-10-04,12,3,9
2017-10-29,4,4,0
2017-10-01,14,7,7
2017-10-20,6,5,1
2017-10-26,0,0,0
2017-10-16,0,0,0
2017-10-14,9,4,5
2017-10-09,4,4,0
2017-10-13,6,4,2
2017-10-12,0,0,0
2017-10-01,12,5,7
2017-10-22,4,4,0
2017-10-25,20,0,20
2017-10-10,4,0,4
2017-10-22,0,0,0
2017-10-28,2,0,2
2017-10-24,19,14,5
2017-10-02,2,1,1
2017-10-20,11,10,1
2017-10-06,0,0,0
2017-10-27,12,10,2
2017-10-01,7,6,1
2017-10-06,1,1,0
2017-10-09,5,2,3
2017-10-20,4,2,2
2017-10-25,0,0,0
2017-10-10,21,1,20
2017-10-01,5,5,0
2017-10-30,5,1,4
2017-10-06,13,0,13
2017-10-21,1,0,1
2017-10-18,3,3,0
2017-10-02,21,20,1
2017-10-27,9,9,0
2017-10-16,0,0,0
2017-10-31,12,7,5
2017-10-03,15,9,6
2017-10-29,0,0,0
2017-10-06,18,12,6
2017-10-11,7,4,3
2017-10-20,4,1,3
2017-10-17,10,1,9
2017-10-18,8,6,2
2017-10-31,7,0,7
2017-10-27,0,0,0
2017-10-20,4,0,4
2017-10-16,24,1,23
2017-10-18,0,0,0
2017-10-01,1,1,0
2017-10-30,0,0,0
2017-10-30,10,0,10
2017-10-31,28,25,3
2017-10-24,1,1,0
2017-10-25,0,0,0
2017-10-17,1,1,0
2017-10-10,10,9,1
2017-10-09,31,1,30
2017-10-24,14,0,14
2017-10-11,5,0,5
2017-10-10,4,2,2
2017-10-22,12,6,6
2017-10-17,9,7,2
2017-10-19,13,13,0
2017-10-16,3,3,0
2017-10-27,10,1,9
2017-10-28,12,7,5
2017-10-25,11,0,11
2017-10-02,0,0,0
2017-10-19,4,3,1
2017-10-30,0,0,0
2017-10-31,32,31,1
2017-10-31,10,0,10
2017-10-02,17,1,16
2017-10-14,0,0,0
2017-10-21,1,0,1
2017-10-11,13,0,13
2017-10-07,2,1,1
2017-10-08,0,0,0
2017-10-28,0,0,0
2017-10-31,1,1,0
2017-10-18,1,1,0
2017-10-02,1,0,1
2017-10-02,5,0,5
2017-10-14,2,0,2
2017-10-30,6,1,5
2017-10-04,2,2,0
2017-10-22,0,0,0
2017-10-27,1,1,0
2017-10-04,1,1,0
2017-10-31,0,0,0
2017-10-21,0,0,0
2017-10-04,2,2,0
2017-10-29,0,0,0
2017-10-08,2,1,1
2017-10-26,6,6,0
2017-10-18,0,0,0
2017-10-05,13,12,1
2017-10-20,1,0,1
2017-10-07,4,1,3
2017-10-09,7,1,6
2017-10-27,29,2,27
2017-10-03,21,18,3
2017-10-16,5,1,4
2017-10-26,4,3,1
2017-10-22,10,8,2
2017-10-18,6,5,1
2017-10-27,7,2,5
2017-10-02,45,43,2
2017-10-14,0,0,0
2017-10-24,2,2,0
2017-10-30,37,2,35
2017-10-14,3,2,1
2017-10-07,4,2,2
2017-10-15,10,4,6
2017-10-26,12,3,9
2017-10-23,8,2,6
2017-10-31,3,3,0
2017-10-01,9,6,3
2017-10-20,0,0,0
2017-10-07,1,0,1
2017-10-04,12,10,2
2017-10-17,11,7,4
2017-10-21,3,1,2
2017-10-23,20,19,1
2017-10-12,5,0,5
2017-10-14,6,5,1
2017-10-08,0,0,0
2017-10-03,0,0,0
2017-10-17,8,1,7
2017-10-23,4,4,0
2017-10-05,34,0,34
2017-10-17,0,0,0
2017-10-28,0,0,0
2017-10-23,12,3,9
2017-10-12,9,2,7
2017-10-12,8,6,2
2017-10-04,2,2,0
2017-10-17,3,2,1
2017-10-07,2,0,2
2017-10-30,13,12,1
2017-10-16,6,6,0
2017-10-01,4,4,0
2017-10-10,15,15,0
2017-10-07,2,1,1
2017-10-25,5,2,3
2017-10-05,0,0,0
2017-10-15,0,0,0
2017-10-07,2,2,0
2017-10-31,8,6,2
2017-10-01,7,4,3
2017-10-06,23,22,1
2017-10-01,4,3,1
2017-10-29,1,0,1
2017-10-14,0,0,0
2017-10-03,12,1,11
2017-10-09,8,5,3
2017-10-23,1,1,0
2017-10-19,2,2,0
2017-10-22,5,3,2
2017-10-27,1,1,0
2017-10-21,0,0,0
2017-10-13,4,2,2
2017-10-05,24,1,23
2017-10-25,33,32,1
2017-10-06,0,0,0
2017-10-12,3,3,0
2017-10-13,13,2,11
2017-10-18,2,2,0
2017-10-10,8,0,8
2017-10-27,19,2,17
2017-10-08,0,0,0
2017-10-30,0,0,0
2017-10-23,17,0,17
2017-10-22,0,0,0
2017-10-01,0,0,0
2017-10-07,1,1,0
2017-10-16,0,0,0
2017-10-14,0,0,0
2017-10-10,0,0,0
2017-10-14,0,0,0
2017-10-29,4,2,2
2017-10-10,4,3,1
2017-10-27,16,1,15
2017-10-20,19,18,1
2017-10-10,0,0,0
2017-10-23,21,18,3
2017-10-06,28,2,26
2017-10-10,0,0,0
2017-10-12,9,3,6
2017-10-30,11,2,9
2017-10-05,10,7,3
2017-10-26,9,6,3
2017-10-08,7,2,5
2017-10-31,30,0,30
2017-10-30,10,5,5
2017-10-21,1,1,0
2017-10-12,0,0,0
2017-10-17,8,7,1
2017-10-20,16,2,14
2017-10-15,11,8,3
2017-10-25,1,1,0
2017-10-12,4,4,0
2017-10-06,0,0,0
2017-10-19,3,1,2
2017-10-07,2,2,0
2017-10-24,3,3,0
2017-10-23,11,1,10
2017-10-22,8,6,2
2017-10-26,28,27,1
2017-10-13,1,1,0
2017-10-18,0,0,0
2017-10-26,0,0,0
2017-10-31,0,0,0
2017-10-21,1,0,1
2017-10-21,0,0,0
2017-10-15,0,0,0
2017-10-31,11,1,10
2017-10-12,20,1,19
2017-10-22,1,1,0
2017-10-25,3,0,3
2017-10-09,11,3,8
2017-10-14,1,0,1
2017-10-14,7,6,1
2017-10-29,8,4,4
2017-10-31,2,2,0
2017-10-11,3,3,0
2017-10-05,3,3,0
2017-10-15,16,5,11
2017-10-13,7,3,4
2017-10-24,8,2,6
2017-10-25,6,5,1
2017-10-23,0,0,0
2017-10-30,3,0,3
2017-10-09,12,12,0
2017-10-11,22,22,0
2017-10-17,27,23,4
2017-10-21,4,1,3
2017-10-11,2,1,1
2017-10-15,3,0,3
2017-10-24,1,0,1
2017-10-15,9,9,0
2017-10-21,1,1,0
2017-10-15,0,0,0
2017-10-21,0,0,0
2017-10-12,20,1,19
2017-10-16,43,40,3
2017-10-24,45,45,0
2017-10-21,0,0,0
2017-10-28,7,2,5
2017-10-27,28,27,1
2017-10-04,16,1,15
2017-10-27,12,5,7
2017-10-05,1,1,0
2017-10-11,4,1,3
2017-10-30,25,3,22
2017-10-16,0,0,0
2017-10-16,3,2,1
2017-10-02,12,3,9
2017-10-29,8,3,5
2017-10-09,27,1,26
2017-10-31,8,8,0
2017-10-20,6,0,6
2017-10-11,3,1,2
2017-10-11,36,34,2
2017-10-15,0,0,0
2017-10-03,2,2,0
2017-10-05,1,1,0
2017-10-04,6,3,3
2017-10-11,10,9,1
2017-10-07,0,0,0
2017-10-05,8,0,8
2017-10-04,14,12,2
2017-10-07,1,1,0
2017-10-30,25,25,0
2017-10-13,15,15,0
2017-10-14,0,0,0
2017-10-19,0,0,0
2017-10-24,36,1,35
2017-10-04,0,0,0
2017-10-17,28,27,1
2017-10-04,32,30,2
2017-10-08,8,6,2
2017-10-04,12,9,3
2017-10-07,0,0,0
2017-10-07,1,1,0
2017-10-25,9,3,6
2017-10-13,5,4,1
2017-10-12,2,0,2
2017-10-19,0,0,0
2017-10-15,12,5,7
2017-10-13,22,20,2
2017-10-30,0,0,0
2017-10-31,1,1,0
2017-10-17,3,3,0
2017-10-19,4,1,3
2017-10-26,3,1,2
2017-10-26,6,2,4
2017-10-16,8,2,6
2017-10-16,0,0,0
2017-10-25,5,1,4
2017-10-19,3,0,3
2017-10-04,0,0,0
2017-10-11,0,0,0
2017-10-07,0,0,0
2017-10-02,3,3,0
2017-10-21,0,0,0
2017-10-08,0,0,0
2017-10-11,1,1,0
2017-10-13,3,3,0
2017-10-13,9,3,6
2017-10-10,4,1,3
2017-10-30,2,2,0
2017-10-16,22,22,0
2017-10-03,38,1,37
2017-10-13,0,0,0
2017-10-01,1,0,1
2017-10-22,0,0,0
2017-10-23,33,2,31
2017-10-12,2,1,1
2017-10-21,0,0,0
2017-10-18,16,16,0
2017-10-03,0,0,0
2017-10-15,2,1,1
2017-10-05,0,0,0
2017-10-09,29,29,0
2017-10-23,13,11,2
2017-10-12,12,0,12
2017-10-29,4,0,4
2017-10-31,14,13,1
2017-10-24,18,1,17
2017-10-01,2,1,1
2017-10-23,7,7,0
2017-10-04,1,0,1
2017-10-06,4,2,2
2017-10-04,8,4,4
2017-10-20,15,15,0
2017-10-22,4,2,2
2017-10-07,0,0,0
2017-10-22,2,0,2
2017-10-20,3,3,0
2017-10-13,0,0,0
2017-10-03,0,0,0
2017-10-03,16,13,3
2017-10-18,2,0,2
2017-10-19,0,0,0
2017-10-04,38,3,35
2017-10-25,16,0,16
2017-10-10,8,6,2
2017-10-13,16,15,1
2017-10-23,0,0,0
2017-10-20,3,3,0
2017-10-05,7,2,5
2017-10-26,4,0,4
2017-10-16,0,0,0
2017-10-02,7,1,6
2017-10-16,4,0,4
2017-10-19,8,1,7
2017-10-23,3,0,3
2017-10-28,0,0,0
2017-10-28,3,3,0
2017-10-02,9,8,1
2017-10-26,26,2,24
2017-10-24,19,13,6
2017-10-05,8,7,1
2017-10-04,1,1,0
2017-10-02,4,1,3
2017-10-16,3,3,0
2017-10-11,20,1,19
2017-10-23,10,5,5
2017-10-30,6,5,1
2017-10-19,8,7,1
2017-10-31,5,3,2
2017-10-17,4,4,0
2017-10-16,35,34,1
2017-10-09,32,30,2
2017-10-15,0,0,0
2017-10-07,6,4,2
2017-10-24,4,3,1
2017-10-18,23,3,20
2017-10-06,0,0,0
2017-10-26,11,3,8
2017-10-03,3,3,0
2017-10-29,0,0,0
2017-10-27,0,0,0
2017-10-19,10,0,10
2017-10-08,10,7,3
2017-10-10,2,2,0
2017-10-24,0,0,0
2017-10-30,0,0,0
2017-10-11,4,3,1
2017-10-05,17,2,15
2017-10-15,15,10,5
2017-10-22,0,0,0
2017-10-29,0,0,0
2017-10-29,0,0,0
2017-10-07,3,3,0
2017-10-09,5,4,1
2017-10-24,0,0,0
2017-10-18,0,0,0
2017-10-26,15,1,14
2017-10-25,12,11,1
2017-10-28,1,1,0
2017-10-29,6,1,5
2017-10-06,3,0,3
2017-10-04,4,0,4
2017-10-25,6,0,6
2017-10-09,2,0,2
2017-10-27,28,26,2
2017-10-23,0,0,0
2017-10-08,6,4,2
2017-10-09,5,5,0
2017-10-27,23,19,4
2017-10-07,0,0,0
2017-10-19,26,25,1
2017-10-02,0,0,0
2017-10-18,18,2,16
2017-10-19,3,2,1
2017-10-19,4,2,2
2017-10-06,18,0,18
2017-10-30,14,11,3
2017-10-14,2,1,1
2017-10-10,0,0,0
2017-10-03,3,3,0
2017-10-04,0,0,0
2017-10-20,10,8,2
2017-10-16,19,1,18
2017-10-11,14,0,14
2017-10-03,0,0,0
2017-10-19,8,7,1
2017-10-25,1,1,0
2017-10-30,16,2,14
2017-10-24,3,3,0
2017-10-27,13,2,11
2017-10-28,1,1,0
2017-10-24,12,0,12
2017-10-21,5,3,2
2017-10-04,17,1,16
2017-10-13,13,0,13
2017-10-08,3,3,0
2017-10-13,2,2,0
2017-10-22,0,0,0
2017-10-10,11,9,2
2017-10-27,0,0,0
2017-10-26,10,7,3
2017-10-03,1,1,0
2017-10-12,0,0,0
2017-10-08,0,0,0
2017-10-11,7,1,6
2017-10-29,0,0,0
2017-10-15,0,0,0
2017-10-18,1,1,0
2017-10-07,1,1,0
2017-10-20,6,4,2
2017-10-15,4,1,3
2017-10-18,18,1,17
2017-10-02,1,1,0
2017-10-08,0,0,0
2017-10-30,47,46,1
2017-10-22,1,1,0
2017-10-06,0,0,0
2017-10-28,12,9,3
2017-10-19,0,0,0
2017-10-21,9,4,5
2017-10-05,31,30,1
2017-10-13,0,0,0
2017-10-31,0,0,0
2017-10-10,2,2,0
2017-10-08,9,3,6
2017-10-28,0,0,0
2017-10-25,9,7,2
2017-10-05,1,1,0
2017-10-10,0,0,0
2017-10-28,9,4,5
2017-10-24,8,3,5
2017-10-10,33,0,33
2017-10-01,1,1,0
2017-10-18,10,0,10
2017-10-19,4,3,1
2017-10-28,0,0,0
2017-10-16,9,0,9
2017-10-22,0,0,0
2017-10-09,0,0,0
2017-10-12,27,26,1
2017-10-29,2,1,1
2017-10-02,9,7,2
2017-10-14,1,1,0
2017-10-28,2,2,0
2017-10-06,11,0,11
2017-10-25,25,23,2
2017-10-19,0,0,0
2017-10-12,0,0,0
2017-10-07,6,2,4
2017-10-09,1,1,0
2017-10-07,0,0,0
2017-10-13,18,0,18
2017-10-15,4,0,4
2017-10-20,3,2,1
2017-10-14,2,2,0
2017-10-23,9,5,4
2017-10-18,0,0,0
2017-10-15,0,0,0
2017-10-19,0,0,0
2017-10-21,1,1,0
2017-10-22,0,0,0
2017-10-18,28,26,2
2017-10-03,7,3,4
2017-10-17,0,0,0
2017-10-05,2,2,0
2017-10-30,4,3,1
2017-10-22,4,2,2
2017-10-06,4,3,1
2017-10-03,16,2,14
2017-10-13,8,0,8
2017-10-16,7,0,7
2017-10-30,8,4,4
2017-10-16,8,5,3
2017-10-05,6,1,5
2017-10-18,3,3,0
2017-10-08,11,6,5
2017-10-05,0,0,0
2017-10-30,3,3,0
2017-10-11,0,0,0
2017-10-09,2,2,0
2017-10-08,17,12,5
2017-10-23,0,0,0
2017-10-21,5,3,2
2017-10-26,1,1,0
2017-10-23,9,0,9
2017-10-23,3,3,0
2017-10-12,0,0,0
2017-10-02,0,0,0
2017-10-05,0,0,0
2017-10-17,3,1,2
2017-10-14,5,2,3
2017-10-08,1,0,1
2017-10-26,19,14,5
2017-10-26,2,2,0
2017-10-27,8,3,5
2017-10-01,11,3,8
2017-10-29,0,0,0
2017-10-21,0,0,0
2017-10-22,12,6,6
2017-10-10,30,25,5
2017-10-31,10,2,8
2017-10-12,13,12,1
2017-10-10,1,1,0
2017-10-28,0,0,0
2017-10-13,2,2,0
2017-10-25,0,0,0
2017-10-22,3,0,3
2017-10-21,2,2,0
2017-10-10,31,31,0
2017-10-31,1,1,0
2017-10-20,1,1,0
2017-10-22,0,0,0
2017-10-11,0,0,0
2017-10-13,10,10,0
2017-10-29,2,1,1
2017-10-24,0,0,0
2017-10-17,4,4,0
2017-10-28,1,1,0
2017-10-08,1,0,1
2017-10-29,5,5,0
2017-10-09,0,0,0
2017-10-14,0,0,0
2017-10-09,0,0,0
2017-10-02,22,0,22
2017-10-18,0,0,0
2017-10-23,0,0,0
2017-10-17,0,0,0
2017-10-13,1,0,1
2017-10-31,12,10,2
2017-10-10,2,2,0
2017-10-25,0,0,0
2017-10-02,38,36,2
2017-10-23,0,0,0
2017-10-06,3,3,0
2017-10-17,2,0,2
2017-10-04,38,34,4
2017-10-20,0,0,0
2017-10-26,3,3,0
2017-10-13,3,0,3
2017-10-02,4,4,0
2017-10-01,2,2,0
2017-10-15,6,4,2
2017-10-14,11,2,9
2017-10-06,1,1,0
2017-10-25,0,0,0
2017-10-29,3,2,1
2017-10-26,0,0,0
2017-10-30,0,0,0
2017-10-27,3,0,3
2017-10-02,8,2,6
2017-10-08,10,4,6
2017-10-27,5,5,0
2017-10-11,12,9,3
2017-10-18,7,6,1
2017-10-15,0,0,0
2017-10-26,21,2,19
2017-10-20,0,0,0
2017-10-03,37,35,2
2017-10-09,16,13,3
2017-10-20,1,1,0
2017-10-01,2,1,1
2017-10-29,0,0,0
2017-10-01,6,4,2
2017-10-14,1,1,0
2017-10-26,5,0,5
2017-10-10,11,1,10
2017-10-17,3,2,1
2017-10-04,9,7,2
2017-10-14,8,2,6
2017-10-29,0,0,0
2017-10-29,0,0,0
2017-10-11,10,0,10
2017-10-15,0,0,0
2017-10-04,12,1,11
2017-10-08,0,0,0
2017-10-28,10,6,4
2017-10-24,8,8,0
2017-10-23,11,0,11
2017-10-12,0,0,0
2017-10-10,8,1,7
2017-10-08,1,1,0
2017-10-28,12,6,6
2017-10-02,36,2,34
2017-10-28,22,17,5
2017-10-01,18,9,9
2017-10-21,0,0,0
2017-10-08,9,4,5
2017-10-05,26,1,25
2017-10-28,1,0,1
2017-10-27,12,8,4
2017-10-03,14,5,9
2017-10-29,2,0,2
2017-10-01,0,0,0
2017-10-11,0,0,0
2017-10-06,8,8,0
2017-10-22,4,1,3
2017-10-20,0,0,0
2017-10-05,3,0,3
2017-10-02,0,0,0
2017-10-19,11,10,1
2017-10-11,0,0,0
2017-10-03,13,2,11
2017-10-12,33,28,5
2017-10-31,4,0,4
2017-10-09,0,0,0
2017-10-24,12,1,11
2017-10-22,1,1,0
2017-10-24,3,0,3
2017-10-01,2,0,2
2017-10-02,0,0,0
2017-10-21,1,0,1
2017-10-05,36,33,3
2017-10-01,0,0,0
2017-10-16,8,5,3
2017-10-12,10,8,2
2017-10-17,27,1,26
2017-10-03,7,2,5
2017-10-24,10,7,3
2017-10-26,31,28,3
2017-10-18,15,14,1
2017-10-05,9,9,0
2017-10-21,0,0,0
2017-10-03,10,5,5
2017-10-25,19,18,1
2017-10-22,1,1,0
2017-10-05,10,6,4
2017-10-28,3,2,1
2017-10-15,18,12,6
2017-10-20,3,1,2
2017-10-06,0,0,0
2017-10-16,8,6,2
2017-10-18,8,0,8
2017-10-19,1,1,0
2017-10-27,0,0,0
2017-10-09,0,0,0
2017-10-11,2,2,0
2017-11-17,1,1,0
2017-11-15,24,24,0
2017-11-22,8,3,5
2017-11-13,25,25,0
2017-11-25,2,2,0
2017-11-27,8,1,7
2017-11-01,6,0,6
2017-11-13,3,1,2
2017-11-28,0,0,0
2017-11-24,1,1,0
2017-11-22,1,0,1
2017-11-18,10,4,6
2017-11-28,10,0,10
2017-11-15,21,20,1
2017-11-30,1,0,1
2017-11-07,4,2,2
2017-11-20,0,0,0
2017-11-22,14,14,0
2017-11-03,2,2,0
2017-11-19,4,3,1
2017-11-28,2,2,0
2017-11-02,2,2,0
2017-11-13,20,1,19
2017-11-14,24,24,0
2017-11-19,0,0,0
2017-11-26,1,1,0
2017-11-26,0,0,0
2017-11-16,1,0,1
2017-11-15,0,0,0
2017-11-07,8,4,4
2017-11-24,10,1,9
2017-11-04,0,0,0
2017-11-03,8,8,0
2017-11-08,7,1,6
2017-11-06,23,3,20
2017-11-19,3,2,1
2017-11-19,0,0,0
2017-11-03,15,0,15
2017-11-03,0,0,0
2017-11-15,1,1,0
2017-11-17,0,0,0
2017-11-16,5,5,0
2017-11-22,0,0,0
2017-11-12,1,0,1
2017-11-18,2,2,0
2017-11-27,4,3,1
2017-11-02,1,1,0
2017-11-06,12,12,0
2017-11-06,1,1,0
2017-11-22,0,0,0
2017-11-09,11,1,10
2017-11-19,4,4,0
2017-11-30,3,3,0
2017-11-16,7,6,1
2017-11-07,20,0,20
2017-11-30,5,1,4
2017-11-16,4,1,3
2017-11-24,0,0,0
2017-11-24,5,3,2
2017-11-04,0,0,0
2017-11-14,1,0,1
2017-11-14,28,24,4
2017-11-28,3,3,0
2017-11-23,0,0,0
2017-11-17,4,3,1
2017-11-08,0,0,0
2017-11-10,5,0,5
2017-11-04,1,0,1
2017-11-07,1,1,0
2017-11-05,1,1,0
2017-11-11,2,2,0
2017-11-05,0,0,0
2017-11-02,0,0,0
2017-11-06,7,1,6
2017-11-10,13,11,2
2017-11-26,0,0,0
2017-11-19,2,2,0
2017-11-24,0,0,0
2017-11-11,2,0,2
2017-11-10,11,7,4
2017-11-13,5,1,4
2017-11-28,1,1,0
2017-11-23,3,2,1
2017-11-26,1,1,0
2017-11-10,2,2,0
2017-11-01,13,12,1
2017-11-05,2,1,1
2017-11-27,2,1,1
2017-11-07,10,8,2
2017-11-13,4,4,0
2017-11-25,1,1,0
2017-11-24,0,0,0
2017-11-05,1,1,0
2017-11-25,9,6,3
2017-11-26,1,1,0
2017-11-06,0,0,0
2017-11-22,7,6,1
2017-11-11,0,0,0
2017-11-01,7,6,1
2017-11-05,0,0,0
2017-11-26,0,0,0
2017-11-29,0,0,0
2017-11-14,5,1,4
2017-11-14,5,2,3
2017-11-01,0,0,0
2017-11-26,0,0,0
2017-11-11,2,0,2
2017-11-20,3,3,0
2017-11-02,1,1,0
2017-11-18,3,3,0
2017-11-13,3,3,0
2017-11-16,3,2,1
2017-11-17,8,3,5
2017-11-10,2,1,1
2017-11-29,0,0,0
2017-11-09,2,0,2
2017-11-08,4,3,1
2017-11-25,0,0,0
2017-11-03,4,0,4
2017-11-04,2,2,0
2017-11-29,18,0,18
2017-11-02,2,2,0
2017-11-18,1,0,1
2017-11-07,4,4,0
2017-11-22,12,0,12
2017-11-15,10,8,2
2017-11-04,5,1,4
2017-11-19,1,0,1
2017-11-02,20,17,3
2017-11-29,17,1,16
2017-11-05,0,0,0
2017-11-08,13,0,13
2017-11-25,2,0,2
2017-11-27,25,0,25
2017-11-26,1,1,0
2017-11-24,1,1,0
2017-11-27,0,0,0
2017-11-12,0,0,0
2017-11-14,14,13,1
2017-11-03,2,2,0
2017-11-22,9,1,8
2017-11-03,2,2,0
2017-11-10,1,0,1
2017-11-21,2,2,0
2017-11-21,2,0,2
2017-11-06,13,9,4
2017-11-17,7,0,7
2017-11-26,1,0,1
2017-11-23,2,0,2
2017-11-30,0,0,0
2017-11-05,4,2,2
2017-11-17,3,2,1
2017-11-09,21,3,18
2017-11-14,9,9,0
2017-11-19,1,0,1
2017-11-14,1,1,0
2017-11-02,1,0,1
2017-11-03,25,24,1
2017-11-22,2,0,2
2017-11-20,1,1,0
2017-11-15,6,2,4
2017-11-15,0,0,0
2017-11-11,0,0,0
2017-11-06,0,0,0
2017-11-04,0,0,0
2017-11-07,13,12,1
2017-11-29,1,0,1
2017-11-21,7,7,0
2017-11-12,0,0,0
2017-11-30,12,1,11
2017-11-30,0,0,0
2017-11-07,0,0,0
2017-11-27,4,4,0
2017-11-04,0,0,0
2017-11-02,13,3,10
2017-11-22,7,0,7
2017-11-18,8,3,5
2017-11-09,27,26,1
2017-11-16,0,0,0
2017-11-25,1,1,0
2017-11-16,0,0,0
2017-11-24,7,7,0
2017-11-02,0,0,0
2017-11-21,5,0,5
2017-11-13,0,0,0
2017-11-04,3,1,2
2017-11-25,10,7,3
2017-11-11,4,4,0
2017-11-24,8,7,1
2017-11-27,25,24,1
2017-11-10,1,1,0
2017-11-15,5,2,3
2017-11-20,5,3,2
2017-11-05,0,0,0
2017-11-12,3,1,2
2017-11-08,0,0,0
2017-11-26,2,1,1
2017-11-25,0,0,0
2017-11-30,1,0,1
2017-11-16,2,1,1
2017-11-15,1,1,0
2017-11-19,0,0,0
2017-11-05,1,0,1
2017-11-29,2,0,2
2017-11-28,4,3,1
2017-11-11,2,1,1
2017-11-19,0,0,0
2017-11-11,5,3,2
2017-11-01,12,2,10
2017-11-04,1,0,1
2017-11-25,0,0,0
2017-11-10,0,0,0
2017-11-11,5,3,2
2017-11-30,13,11,2
2017-11-28,1,1,0
2017-11-18,2,0,2
2017-11-26,0,0,0
2017-11-10,3,2,1
2017-11-09,5,5,0
2017-11-20,20,19,1
2017-11-30,11,9,2
2017-11-13,1,1,0
2017-11-16,23,1,22
2017-11-01,6,3,3
2017-11-17,1,1,0
2017-11-16,27,23,4
2017-11-03,1,1,0
2017-11-01,18,3,15
2017-11-07,6,0,6
2017-11-24,2,1,1
2017-11-04,1,0,1
2017-11-28,0,0,0
2017-11-23,0,0,0
2017-11-07,1,1,0
2017-11-05,0,0,0
2017-11-17,27,27,0
2017-11-29,6,0,6
2017-11-07,10,8,2
2017-11-24,0,0,0
2017-11-05,0,0,0
2017-11-03,3,3,0
2017-11-21,3,1,2
2017-11-26,4,1,3
2017-11-17,24,1,23
2017-11-09,1,1,0
2017-11-05,0,0,0
2017-11-15,1,1,0
2017-11-27,21,21,0
2017-11-14,18,0,18
2017-11-09,2,2,0
2017-11-10,1,0,1
2017-11-11,1,0,1
2017-11-06,0,0,0
2017-11-05,4,0,4
2017-11-22,6,3,3
2017-11-16,0,0,0
2017-11-16,13,3,10
2017-11-22,7,5,2
2017-11-28,20,19,1
2017-11-20,2,2,0
2017-11-10,0,0,0
2017-11-06,5,5,0
2017-11-17,12,0,12
2017-11-11,2,1,1
2017-11-03,13,0,13
2017-11-01,0,0,0
2017-11-07,0,0,0
2017-11-04,0,0,0
2017-11-03,6,4,2
2017-11-05,0,0,0
2017-11-08,5,5,0
2017-11-19,0,0,0
2017-11-22,0,0,0
2017-11-08,1,1,0
2017-11-23,1,1,0
2017-11-28,0,0,0
2017-11-02,8,6,2
2017-11-28,1,1,0
2017-11-11,0,0,0
2017-11-08,1,0,1
2017-11-09,2,2,0
2017-11-12,0,0,0
2017-11-21,0,0,0
2017-11-24,3,2,1
2017-11-13,2,0,2
2017-11-21,2,2,0
2017-11-19,1,1,0
2017-11-08,14,13,1
2017-11-12,1,1,0
2017-11-04,1,1,0
2017-11-25,0,0,0
2017-11-12,2,2,0
2017-11-23,4,3,1
2017-11-08,3,0,3
2017-11-05,1,0,1
2017-11-08,2,2,0
2017-11-23,0,0,0
2017-11-21,4,1,3
2017-11-01,3,1,2
2017-11-06,2,1,1
2017-11-12,0,0,0
2017-11-30,0,0,0
2017-11-29,1,1,0
2017-11-30,4,4,0
2017-11-19,0,0,0
2017-11-27,10,0,10
2017-11-11,0,0,0
2017-11-20,0,0,0
2017-11-27,7,4,3
2017-11-24,7,6,1
2017-11-14,0,0,0
2017-11-22,2,0,2
2017-11-27,0,0,0
2017-11-14,0,0,0
2017-11-17,0,0,0
2017-11-22,0,0,0
2017-11-03,16,0,16
2017-11-30,3,1,2
2017-11-05,4,3,1
2017-11-26,0,0,0
2017-11-26,0,0,0
2017-11-11,0,0,0
2017-11-06,2,2,0
2017-11-12,3,1,2
2017-11-06,19,0,19
2017-11-18,0,0,0
2017-11-09,8,3,5
2017-11-29,0,0,0
2017-11-23,2,1,1
2017-11-06,2,2,0
2017-11-20,5,0,5
2017-11-04,3,2,1
2017-11-30,12,11,1
2017-11-02,2,1,1
2017-11-06,11,8,3
2017-11-28,4,0,4
2017-11-15,9,3,6
2017-11-30,0,0,0
2017-11-21,1,1,0
2017-11-08,22,3,19
2017-11-19,7,2,5
2017-11-20,1,1,0
2017-11-21,4,0,4
2017-11-14,8,0,8
2017-11-27,9,8,1
2017-11-05,0,0,0
2017-11-07,5,0,5
2017-11-06,2,0,2
2017-11-01,0,0,0
2017-11-23,2,2,0
2017-11-19,3,1,2
2017-11-07,0,0,0
2017-11-04,4,3,1
2017-11-25,0,0,0
2017-11-14,9,0,9
2017-11-21,1,1,0
2017-11-28,23,23,0
2017-11-20,0,0,0
2017-11-23,1,0,1
2017-11-16,8,0,8
2017-11-18,1,1,0
2017-11-19,1,0,1
2017-11-03,1,0,1
2017-11-13,6,6,0
2017-11-12,1,1,0
2017-11-12,0,0,0
2017-11-15,1,1,0
2017-11-21,6,1,5
2017-11-01,9,7,2
2017-11-02,4,0,4
2017-11-26,0,0,0
2017-11-29,2,1,1
2017-11-28,19,0,19
2017-11-14,5,4,1
2017-11-17,14,13,1
2017-11-12,6,4,2
2017-11-20,13,0,13
2017-11-30,5,1,4
2017-11-17,2,0,2
2017-11-17,2,2,0
2017-11-29,1,1,0
2017-11-18,0,0,0
2017-11-26,11,7,4
2017-11-09,3,2,1
2017-11-21,0,0,0
2017-11-02,30,27,3
2017-11-04,0,0,0
2017-11-23,0,0,0
2017-11-02,0,0,0
2017-11-10,0,0,0
2017-11-12,1,1,0
2017-11-04,0,0,0
2017-11-14,4,2,2
2017-11-01,4,1,3
2017-11-19,3,1,2
2017-11-18,0,0,0
2017-11-20,17,14,3
2017-11-12,0,0,0
2017-11-26,0,0,0
2017-11-30,1,1,0
2017-11-14,2,0,2
2017-11-20,0,0,0
2017-11-23,0,0,0
2017-11-08,2,1,1
2017-11-09,0,0,0
2017-11-25,0,0,0
2017-11-28,13,13,0
2017-11-18,5,3,2
2017-11-05,0,0,0
2017-11-13,0,0,0
2017-11-03,5,5,0
2017-11-30,1,1,0
2017-11-28,4,0,4
2017-11-16,21,1,20
2017-11-15,4,0,4
2017-11-11,3,1,2
2017-11-16,0,0,0
2017-11-21,20,17,3
2017-11-15,4,2,2
2017-11-29,1,1,0
2017-11-03,0,0,0
2017-11-20,13,13,0
2017-11-15,2,0,2
2017-11-18,11,5,6
2017-11-30,8,1,7
2017-11-23,0,0,0
2017-11-10,3,1,2
2017-11-24,3,0,3
2017-11-02,2,2,0
2017-11-24,0,0,0
2017-11-01,14,0,14
2017-11-02,10,0,10
2017-11-07,4,0,4
2017-11-29,3,2,1
2017-11-17,0,0,0
2017-11-12,2,2,0
2017-11-19,4,4,0
2017-11-30,0,0,0
2017-11-07,0,0,0
2017-11-10,5,3,2
2017-11-19,1,0,1
2017-11-19,7,4,3
2017-11-07,10,5,5
2017-11-02,3,2,1
2017-11-14,0,0,0
2017-11-18,20,13,7
2017-11-24,2,0,2
2017-11-10,14,14,0
2017-11-06,16,15,1
2017-11-08,18,18,0
2017-11-07,6,4,2
2017-11-15,13,0,13
2017-11-14,4,3,1
2017-11-05,1,1,0
2017-11-21,9,9,0
2017-11-10,0,0,0
2017-11-03,7,2,5
2017-11-26,0,0,0
2017-11-06,2,0,2
2017-11-27,0,0,0
2017-11-29,1,1,0
2017-11-07,3,3,0
2017-11-20,8,8,0
2017-11-13,4,2,2
2017-11-27,3,0,3
2017-11-22,13,12,1
2017-11-11,1,1,0
2017-11-26,5,3,2
2017-11-03,9,9,0
2017-11-02,18,1,17
2017-11-27,0,0,0
2017-11-18,8,6,2
2017-11-06,22,22,0
2017-11-08,23,0,23
2017-11-18,0,0,0
2017-11-03,0,0,0
2017-11-25,0,0,0
2017-11-15,5,5,0
2017-11-16,1,1,0
2017-11-22,1,1,0
2017-11-30,0,0,0
2017-11-23,0,0,0
2017-11-04,1,1,0
2017-11-24,0,0,0
2017-11-20,3,2,1
2017-11-04,2,1,1
2017-11-22,0,0,0
2017-11-25,0,0,0
2017-11-26,5,3,2
2017-11-13,9,9,0
2017-11-21,0,0,0
2017-11-07,0,0,0
2017-11-21,3,2,1
2017-11-04,4,4,0
2017-11-08,4,2,2
2017-11-26,0,0,0
2017-11-20,10,9,1
2017-11-12,0,0,0
2017-11-29,6,1,5
2017-11-26,0,0,0
2017-11-17,11,3,8
2017-11-01,0,0,0
2017-11-10,0,0,0
2017-11-09,1,1,0
2017-11-27,1,1,0
2017-11-12,0,0,0
2017-11-22,10,9,1
2017-11-05,0,0,0
2017-11-17,0,0,0
2017-11-26,1,1,0
2017-11-25,0,0,0
2017-11-27,15,0,15
2017-11-25,0,0,0
2017-11-28,12,0,12
2017-11-07,22,20,2
2017-11-14,0,0,0
2017-11-21,19,18,1
2017-11-23,0,0,0
2017-11-12,9,7,2
2017-11-18,8,5,3
2017-11-04,5,4,1
2017-11-22,12,10,2
2017-11-01,1,1,0
2017-11-29,0,0,0
2017-11-01,0,0,0
2017-11-11,0,0,0
2017-11-02,4,3,1
2017-11-23,0,0,0
2017-11-08,5,0,5
2017-11-28,5,2,3
2017-11-17,2,2,0
2017-11-08,8,7,1
2017-11-17,12,12,0
2017-11-16,0,0,0
2017-11-26,0,0,0
2017-11-19,0,0,0
2017-11-21,1,1,0
2017-11-11,1,1,0
2017-11-12,0,0,0
2017-11-20,4,2,2
2017-11-14,0,0,0
2017-11-24,2,1,1
2017-11-29,0,0,0
2017-11-23,0,0,0
2017-11-18,0,0,0
2017-11-09,3,0,3
2017-11-03,9,9,0
2017-11-13,12,3,9
2017-11-30,3,2,1
2017-11-13,0,0,0
2017-11-02,0,0,0
2017-11-15,0,0,0
2017-11-18,2,2,0
2017-11-25,0,0,0
2017-11-29,0,0,0
2017-11-25,1,0,1
2017-11-01,18,0,18
2017-11-01,7,6,1
2017-11-29,0,0,0
2017-11-25,5,4,1
2017-11-06,0,0,0
2017-11-10,8,6,2
2017-11-01,9,7,2
2017-11-13,12,0,12
2017-11-27,1,1,0
2017-11-22,0,0,0
2017-11-06,7,7,0
2017-11-17,10,7,3
2017-11-16,2,2,0
2017-11-09,1,1,0
2017-11-25,9,5,4
2017-11-16,1,1,0
2017-11-03,1,1,0
2017-11-08,0,0,0
2017-11-01,0,0,0
2017-11-29,1,1,0
2017-11-09,1,1,0
2017-11-25,6,1,5
2017-11-14,9,3,6
2017-11-01,5,0,5
2017-11-28,3,0,3
2017-11-27,7,6,1
2017-11-02,8,6,2
2017-11-20,0,0,0
2017-11-16,3,0,3
2017-11-18,4,2,2
2017-11-07,13,1,12
2017-11-27,0,0,0
2017-11-20,4,3,1
2017-11-17,6,6,0
2017-11-16,6,5,1
2017-11-12,0,0,0
2017-11-28,19,17,2
2017-11-21,10,0,10
2017-11-02,26,2,24
2017-11-09,2,0,2
2017-11-18,0,0,0
2017-11-09,7,7,0
2017-11-18,0,0,0
2017-11-07,32,30,2
2017-11-28,3,0,3
2017-11-09,4,1,3
2017-11-27,1,0,1
2017-11-07,26,2,24
2017-11-15,1,1,0
2017-11-08,1,1,0
2017-11-29,1,0,1
2017-11-12,11,6,5
2017-11-18,1,0,1
2017-11-20,12,0,12
2017-11-25,5,0,5
2017-11-25,8,2,6
2017-11-24,0,0,0
2017-11-09,0,0,0
2017-11-11,0,0,0
2017-11-23,3,3,0
2017-11-25,2,2,0
2017-11-29,2,1,1
2017-11-06,7,0,7
2017-11-20,6,1,5
2017-11-09,18,16,2
2017-11-24,2,0,2
2017-11-23,1,1,0
2017-11-05,1,1,0
2017-11-19,0,0,0
2017-11-09,17,14,3
2017-11-23,0,0,0
2017-11-13,0,0,0
2017-11-30,0,0,0
2017-11-01,16,16,0
2017-11-17,0,0,0
2017-11-08,16,12,4
2017-11-13,3,1,2
2017-11-09,0,0,0
2017-11-11,4,3,1
2017-11-16,4,3,1
2017-11-23,3,2,1
2017-11-21,0,0,0
2017-11-23,0,0,0
2017-11-23,1,0,1
2017-11-14,8,0,8
2017-11-24,4,3,1
2017-11-17,12,12,0
2017-11-15,7,6,1
2017-11-15,7,5,2
2017-11-23,0,0,0
2017-11-28,1,1,0
2017-11-19,1,0,1
2017-11-16,27,26,1
2017-11-21,3,1,2
2017-11-11,3,1,2
2017-11-13,0,0,0
2017-11-03,0,0,0
2017-11-08,11,2,9
2017-11-27,13,13,0
2017-11-09,0,0,0
2017-11-19,0,0,0
2017-11-08,27,27,0
2017-11-06,11,1,10
2017-11-24,0,0,0
2017-11-14,1,1,0
2017-11-02,25,23,2
2017-11-01,27,26,1
2017-11-04,2,2,0
2017-11-10,6,0,6
2017-11-28,14,0,14
2017-11-03,3,1,2
2017-11-02,8,1,7
2017-11-13,17,14,3
2017-11-06,4,0,4
2017-11-05,0,0,0
2017-11-28,0,0,0
2017-11-12,1,1,0
2017-11-14,1,1,0
2017-11-18,0,0,0
2017-11-24,3,2,1
2017-11-11,0,0,0
2017-11-15,0,0,0
2017-11-10,0,0,0
2017-11-12,2,1,1
2017-11-20,12,1,11
2017-11-22,1,1,0
2017-11-15,6,0,6
2017-11-10,9,4,5
2017-11-27,20,0,20
2017-11-29,1,1,0
2017-11-09,1,1,0
2017-11-03,5,2,3
2017-11-18,8,3,5
2017-11-30,0,0,0
2017-11-15,14,1,13
2017-11-11,2,1,1
2017-11-21,1,1,0
2017-11-10,5,1,4
2017-11-30,4,0,4
2017-11-01,0,0,0
2017-11-22,9,9,0
2017-11-05,7,4,3
2017-11-06,0,0,0
2017-11-13,2,1,1
2017-11-10,13,12,1
2017-11-16,0,0,0
2017-11-27,4,2,2
2017-11-10,1,1,0
2017-11-04,1,1,0
2017-11-05,0,0,0
2017-11-11,0,0,0
2017-11-17,21,0,21
2017-11-08,1,0,1
2017-11-12,5,1,4
2017-11-22,1,1,0
2017-11-20,0,0,0
2017-11-04,3,0,3
2017-11-29,10,0,10
2017-11-24,0,0,0
2017-11-21,6,6,0
2017-11-04,2,2,0
2017-11-13,2,0,2
2017-11-13,9,0,9
2017-11-13,3,2,1
2017-12-27,0,0,0
2017-12-26,7,7,0
2017-12-11,0,0,0
2017-12-18,0,0,0
2017-12-27,1,0,1
2017-12-09,4,3,1
2017-12-11,0,0,0
2017-12-26,1,1,0
2017-12-03,0,0,0
2017-12-17,1,1,0
2017-12-26,0,0,0
2017-12-10,0,0,0
2017-12-28,1,0,1
2017-12-15,0,0,0
2017-12-09,0,0,0
2017-12-22,1,1,0
2017-12-06,0,0,0
2017-12-27,2,2,0
2017-12-19,0,0,0
2017-12-29,1,1,0
2017-12-28,4,2,2
2017-12-17,2,2,0
2017-12-26,0,0,0
2017-12-17,0,0,0
2017-12-04,0,0,0
2017-12-26,2,1,1
2017-12-02,0,0,0
2017-12-27,3,3,0
2017-12-29,0,0,0
2017-12-29,2,2,0
2017-12-30,0,0,0
2017-12-06,0,0,0
2017-12-11,0,0,0
2017-12-12,3,3,0
2017-12-21,0,0,0
2017-12-02,1,0,1
2017-12-07,0,0,0
2017-12-14,3,3,0
2017-12-30,3,3,0
2017-12-09,0,0,0
2017-12-31,0,0,0
2017-12-29,1,1,0
2017-12-17,2,2,0
2017-12-30,1,0,1
2017-12-02,2,2,0
2017-12-27,0,0,0
2017-12-21,4,4,0
2017-12-25,1,1,0
2017-12-26,0,0,0
2017-12-23,0,0,0
2017-12-22,2,2,0
2017-12-31,3,3,0
2017-12-21,0,0,0
2017-12-31,1,1,0
2017-12-21,0,0,0
2017-12-06,5,5,0
2017-12-29,1,1,0
2017-12-04,0,0,0
2017-12-29,0,0,0
2017-12-16,0,0,0
2017-12-07,0,0,0
2017-12-28,3,3,0
2017-12-31,1,1,0
2017-12-20,0,0,0
2017-12-28,0,0,0
2017-12-03,4,4,0
2017-12-03,1,1,0
2017-12-17,0,0,0
2017-12-31,0,0,0
2017-12-20,1,1,0
2017-12-27,0,0,0
2017-12-04,0,0,0
2017-12-21,0,0,0
2017-12-16,0,0,0
2017-12-14,2,0,2
2017-12-02,4,4,0
2017-12-26,0,0,0
2017-12-20,0,0,0
2017-12-27,0,0,0
2017-12-26,0,0,0
2017-12-24,0,0,0
2017-12-20,6,6,0
2017-12-17,3,3,0
2017-12-24,3,3,0
2017-12-23,0,0,0
2017-12-04,5,3,2
2017-12-08,0,0,0
2017-12-12,0,0,0
2017-12-17,0,0,0
2017-12-18,0,0,0
2017-12-13,1,1,0
2017-12-18,7,6,1
2017-12-03,0,0,0
2017-12-27,6,4,2
2017-12-01,1,1,0
2017-12-09,5,4,1
2017-12-08,3,1,2
2017-12-27,0,0,0
2017-12-13,1,1,0
2017-12-31,1,1,0
2017-12-19,1,1,0
2017-12-21,1,1,0
2017-12-16,3,3,0
2017-12-28,0,0,0
2017-12-02,0,0,0
2017-12-08,1,1,0
2017-12-05,3,3,0
2017-12-01,1,0,1
2017-12-25,0,0,0
2017-12-21,0,0,0
2017-12-21,3,3,0
2017-12-09,0,0,0
2017-12-04,2,2,0
2017-12-28,1,1,0
2017-12-01,0,0,0
2017-12-13,0,0,0
2017-12-19,3,3,0
2017-12-26,1,1,0
2017-12-09,2,2,0
2017-12-20,3,2,1
2017-12-20,0,0,0
2017-12-14,6,4,2
2017-12-06,4,4,0
2017-12-18,1,1,0
2017-12-30,1,1,0
2017-12-15,1,1,0
2017-12-14,0,0,0
2017-12-03,5,4,1
2017-12-01,0,0,0
2017-12-18,0,0,0
2017-12-13,0,0,0
2017-12-12,0,0,0
2017-12-25,0,0,0
2017-12-16,5,3,2
2017-12-09,5,1,4
2017-12-22,0,0,0
2017-12-12,0,0,0
2017-12-21,2,2,0
2017-12-31,2,1,1
2017-12-20,1,1,0
2017-12-13,4,4,0
2017-12-08,0,0,0
2017-12-10,4,3,1
2017-12-17,4,4,0
2017-12-24,0,0,0
2017-12-20,0,0,0
2017-12-02,0,0,0
2017-12-13,5,4,1
2017-12-11,0,0,0
2017-12-18,0,0,0
2017-12-22,2,2,0
2017-12-19,2,0,2
2017-12-10,1,1,0
2017-12-06,0,0,0
2017-12-02,1,1,0
2017-12-11,1,1,0
2017-12-12,0,0,0
2017-12-04,1,1,0
2017-12-22,0,0,0
2017-12-21,0,0,0
2017-12-02,0,0,0
2017-12-23,0,0,0
2017-12-31,0,0,0
2017-12-03,2,2,0
2017-12-23,0,0,0
2017-12-19,2,2,0
2017-12-31,1,1,0
2017-12-15,0,0,0
2017-12-26,0,0,0
2017-12-29,0,0,0
2017-12-27,0,0,0
2017-12-26,0,0,0
2017-12-08,0,0,0
2017-12-05,0,0,0
2017-12-17,2,2,0
2017-12-04,0,0,0
2017-12-13,0,0,0
2017-12-31,0,0,0
2017-12-11,0,0,0
2017-12-06,1,1,0
2017-12-23,0,0,0
2017-12-01,3,2,1
2017-12-05,2,2,0
2017-12-02,0,0,0
2017-12-10,1,1,0
2017-12-31,0,0,0
2017-12-20,1,1,0
2017-12-30,1,1,0
2017-12-23,0,0,0
2017-12-14,2,2,0
2017-12-19,2,2,0
2017-12-24,0,0,0
2017-12-28,1,1,0
2017-12-06,1,1,0
2017-12-29,2,2,0
2017-12-11,2,2,0
2017-12-10,3,3,0
2017-12-16,3,3,0
2017-12-23,0,0,0
2017-12-02,0,0,0
2017-12-07,1,1,0
2017-12-18,5,3,2
2017-12-24,0,0,0
2017-12-06,3,2,1
2017-12-12,2,2,0
2017-12-08,0,0,0
2017-12-22,3,2,1
2017-12-16,1,1,0
2017-12-23,0,0,0
2017-12-03,0,0,0
2017-12-20,0,0,0
2017-12-15,1,1,0
2017-12-05,1,1,0
2017-12-21,0,0,0
2017-12-14,0,0,0
2017-12-19,0,0,0
2017-12-01,8,8,0
2017-12-18,7,7,0
2017-12-29,0,0,0
2017-12-15,2,2,0
2017-12-26,0,0,0
2017-12-04,2,2,0
2017-12-08,1,1,0
2017-12-19,1,0,1
2017-12-06,6,4,2
2017-12-25,0,0,0
2017-12-09,1,0,1
2017-12-31,1,1,0
2017-12-11,2,2,0
2017-12-05,0,0,0
2017-12-10,3,3,0
2017-12-23,0,0,0
2017-12-04,2,2,0
2017-12-29,1,1,0
2017-12-20,5,5,0
2017-12-28,0,0,0
2017-12-22,2,2,0
2017-12-10,0,0,0
2017-12-20,3,3,0
2017-12-29,0,0,0
2017-12-05,2,1,1
2017-12-22,1,1,0
2017-12-09,0,0,0
2017-12-01,1,0,1
2017-12-06,3,3,0
2017-12-23,0,0,0
2017-12-18,1,1,0
2017-12-23,0,0,0
2017-12-31,1,1,0
2017-12-22,5,4,1
2017-12-31,0,0,0
2017-12-10,0,0,0
2017-12-17,1,1,0
2017-12-20,8,6,2
2017-12-31,1,1,0
2017-12-28,0,0,0
2017-12-24,0,0,0
2017-12-06,0,0,0
2017-12-14,0,0,0
2017-12-16,0,0,0
2017-12-27,0,0,0
2017-12-28,0,0,0
2017-12-18,3,3,0
2017-12-13,4,2,2
2017-12-31,0,0,0
2017-12-15,0,0,0
2017-12-28,4,3,1
2017-12-05,0,0,0
2017-12-25,0,0,0
2017-12-24,0,0,0
2017-12-29,2,2,0
2017-12-04,4,2,2
2017-12-08,5,3,2
2017-12-19,0,0,0
2017-12-06,1,0,1
2017-12-15,0,0,0
2017-12-19,4,4,0
2017-12-01,4,0,4
2017-12-11,0,0,0
2017-12-01,3,2,1
2017-12-07,0,0,0
2017-12-25,3,3,0
2017-12-13,2,2,0
2017-12-05,0,0,0
2017-12-25,0,0,0
2017-12-30,0,0,0
2017-12-05,3,3,0
2017-12-12,0,0,0
2017-12-29,1,1,0
2017-12-22,2,2,0
2017-12-15,2,2,0
2017-12-03,0,0,0
2017-12-02,0,0,0
2017-12-29,1,1,0
2017-12-12,3,3,0
2017-12-18,2,2,0
2017-12-21,0,0,0
2017-12-10,0,0,0
2017-12-05,1,0,1
2017-12-16,0,0,0
2017-12-12,5,4,1
2017-12-04,5,3,2
2017-12-02,0,0,0
2017-12-24,0,0,0
2017-12-14,4,4,0
2017-12-29,2,2,0
2017-12-21,0,0,0
2017-12-12,0,0,0
2017-12-24,2,1,1
2017-12-27,3,3,0
2017-12-04,0,0,0
2017-12-16,1,1,0
2017-12-18,2,2,0
2017-12-03,2,2,0
2017-12-12,0,0,0
2017-12-29,0,0,0
2017-12-13,0,0,0
2017-12-17,1,1,0
2017-12-22,1,1,0
2017-12-06,0,0,0
2017-12-24,0,0,0
2017-12-15,5,4,1
2017-12-07,5,2,3
2017-12-07,2,2,0
2017-12-12,3,3,0
2017-12-18,3,3,0
2017-12-25,0,0,0
2017-12-28,1,1,0
2017-12-14,0,0,0
2017-12-09,0,0,0
2017-12-20,5,3,2
2017-12-10,1,1,0
2017-12-24,0,0,0
2017-12-16,0,0,0
2017-12-26,1,1,0
2017-12-16,1,1,0
2017-12-04,2,1,1
2017-12-06,2,2,0
2017-12-14,6,5,1
2017-12-24,1,1,0
2017-12-19,4,4,0
2017-12-07,1,1,0
2017-12-28,0,0,0
2017-12-18,2,2,0
2017-12-12,1,1,0
2017-12-07,3,3,0
2017-12-12,0,0,0
2017-12-07,1,0,1
2017-12-11,0,0,0
2017-12-04,2,2,0
2017-12-29,3,3,0
2017-12-14,5,4,1
2017-12-31,0,0,0
2017-12-30,2,2,0
2017-12-04,0,0,0
2017-12-08,0,0,0
2017-12-25,0,0,0
2017-12-01,9,9,0
2017-12-13,2,0,2
2017-12-23,0,0,0
2017-12-28,1,1,0
2017-12-09,1,1,0
2017-12-11,4,4,0
2017-12-09,0,0,0
2017-12-31,3,3,0
2017-12-20,0,0,0
2017-12-23,0,0,0
2017-12-30,4,4,0
2017-12-30,0,0,0
2017-12-02,0,0,0
2017-12-25,0,0,0
2017-12-30,0,0,0
2017-12-02,0,0,0
2017-12-16,0,0,0
2017-12-13,0,0,0
2017-12-27,0,0,0
2017-12-13,0,0,0
2017-12-25,0,0,0
2017-12-06,0,0,0
2017-12-02,4,4,0
2017-12-03,1,1,0
2017-12-20,3,3,0
2017-12-11,0,0,0
2017-12-04,1,1,0
2017-12-10,0,0,0
2017-12-10,0,0,0
2017-12-07,3,3,0
2017-12-18,2,2,0
2017-12-11,5,3,2
2017-12-14,0,0,0
2017-12-28,0,0,0
2017-12-24,2,2,0
2017-12-14,5,4,1
2017-12-15,1,1,0
2017-12-01,0,0,0
2017-12-06,1,1,0
2017-12-05,1,1,0
2017-12-10,3,3,0
2017-12-19,3,3,0
2017-12-22,2,2,0
2017-12-22,2,2,0
2017-12-03,3,2,1
2017-12-09,2,2,0
2017-12-17,2,0,2
2017-12-05,0,0,0
2017-12-19,0,0,0
2017-12-20,0,0,0
2017-12-24,0,0,0
2017-12-16,3,3,0
2017-12-30,0,0,0
2017-12-15,2,2,0
2017-12-18,1,0,1
2017-12-07,0,0,0
2017-12-11,0,0,0
2017-12-05,2,2,0
2017-12-19,1,1,0
2017-12-02,0,0,0
2017-12-06,1,1,0
2017-12-01,12,10,2
2017-12-02,0,0,0
2017-12-17,0,0,0
2017-12-07,2,1,1
2017-12-22,3,3,0
2017-12-21,0,0,0
2017-12-17,4,2,2
2017-12-28,0,0,0
2017-12-03,3,3,0
2017-12-22,0,0,0
2017-12-30,3,3,0
2017-12-03,4,4,0
2017-12-13,1,1,0
2017-12-14,2,2,0
2017-12-10,0,0,0
2017-12-14,3,3,0
2017-12-14,1,1,0
2017-12-17,0,0,0
2017-12-08,0,0,0
2017-12-25,2,2,0
2017-12-30,1,1,0
2017-12-14,0,0,0
2017-12-07,0,0,0
2017-12-25,0,0,0
2017-12-17,0,0,0
2017-12-31,2,2,0
2017-12-08,0,0,0
2017-12-27,3,1,2
2017-12-02,0,0,0
2017-12-15,4,4,0
2017-12-07,5,4,1
2017-12-15,0,0,0
2017-12-12,0,0,0
2017-12-07,0,0,0
2017-12-11,1,1,0
2017-12-23,0,0,0
2017-12-12,0,0,0
2017-12-20,2,2,0
2017-12-23,0,0,0
2017-12-01,3,1,2
2017-12-11,0,0,0
2017-12-24,0,0,0
2017-12-24,0,0,0
2017-12-11,2,2,0
2017-12-22,0,0,0
2017-12-16,1,1,0
2017-12-02,0,0,0
2017-12-16,2,0,2
2017-12-06,0,0,0
2017-12-21,1,0,1
2017-12-31,1,1,0
2017-12-08,2,1,1
2017-12-01,1,0,1
2017-12-25,1,1,0
2017-12-10,0,0,0
2017-12-20,1,1,0
2017-12-15,7,6,1
2017-12-09,4,3,1
2017-12-03,2,2,0
2017-12-26,0,0,0
2017-12-21,1,1,0
2017-12-07,0,0,0
2017-12-07,3,3,0
2017-12-02,3,3,0
2017-12-27,0,0,0
2017-12-17,4,2,2
2017-12-18,6,6,0
2017-12-17,3,2,1
2017-12-18,1,1,0
2017-12-24,0,0,0
2017-12-29,2,2,0
2017-12-08,0,0,0
2017-12-26,0,0,0
2017-12-06,1,1,0
2017-12-16,5,2,3
2017-12-04,3,2,1
2017-12-11,0,0,0
2017-12-10,1,1,0
2017-12-19,0,0,0
2017-12-08,0,0,0
2017-12-12,1,1,0
2017-12-21,1,1,0
2017-12-12,5,3,2
2017-12-30,1,1,0
2017-12-25,0,0,0
2017-12-13,0,0,0
2017-12-28,2,2,0
2017-12-05,4,4,0
2017-12-14,0,0,0
2017-12-13,4,3,1
2017-12-24,3,2,1
2017-12-06,6,3,3
2017-12-23,0,0,0
2017-12-12,0,0,0
2017-12-23,0,0,0
2017-12-09,0,0,0
2017-12-03,0,0,0
2017-12-01,1,1,0
2017-12-13,4,3,1
2017-12-09,0,0,0
2017-12-15,0,0,0
2017-12-21,0,0,0
2017-12-15,4,4,0
2017-12-08,0,0,0
2017-12-08,0,0,0
2017-12-09,1,1,0
2017-12-03,4,4,0
2017-12-09,4,3,1
2017-12-17,0,0,0
2017-12-08,0,0,0
2017-12-26,2,1,1
2017-12-23,0,0,0
2017-12-15,0,0,0
2017-12-16,2,1,1
2017-12-23,0,0,0
2017-12-08,0,0,0
2017-12-03,0,0,0
2017-12-13,0,0,0
2017-12-04,0,0,0
2017-12-10,1,1,0
2017-12-25,0,0,0
2017-12-12,0,0,0
2017-12-25,0,0,0
2017-12-01,0,0,0
2017-12-31,0,0,0
2017-12-29,0,0,0
2017-12-01,3,0,3
2017-12-17,0,0,0
2017-12-19,2,2,0
2017-12-03,7,4,3
2017-12-09,0,0,0
2017-12-05,1,0,1
2017-12-28,0,0,0
2017-12-15,0,0,0
2017-12-16,0,0,0
2017-12-22,2,1,1
2017-12-07,0,0,0
2017-12-22,3,3,0
2017-12-31,1,1,0
2017-12-14,0,0,0
2017-12-08,0,0,0
2017-12-16,3,3,0
2017-12-08,4,2,2
2017-12-16,5,4,1
2017-12-14,5,3,2
2017-12-07,2,2,0
2017-12-19,1,1,0
2017-12-30,3,3,0
2017-12-01,1,1,0
2017-12-01,2,0,2
2017-12-27,2,1,1
2017-12-11,2,2,0
2017-12-24,0,0,0
2017-12-29,2,2,0
2017-12-14,0,0,0
2017-12-05,0,0,0
2017-12-04,0,0,0
2017-12-12,1,1,0
2017-12-01,0,0,0
2017-12-25,0,0,0
2017-12-02,1,1,0
2017-12-18,1,0,1
2017-12-26,0,0,0
2017-12-19,1,1,0
2017-12-10,4,4,0
2017-12-04,1,1,0
2017-12-18,0,0,0
2017-12-28,1,1,0
2017-12-30,0,0,0
2017-12-06,3,3,0
2017-12-25,0,0,0
2017-12-12,0,0,0
2017-12-03,0,0,0
2017-12-05,2,2,0
2017-12-10,0,0,0
2017-12-27,0,0,0
2017-12-30,1,1,0
2017-12-06,1,1,0
2017-12-27,0,0,0
2017-12-04,3,2,1
2017-12-27,3,3,0
2017-12-16,1,1,0
2017-12-26,0,0,0
2017-12-21,0,0,0
2017-12-08,2,2,0
2017-12-06,1,1,0
2017-12-05,2,1,1
2017-12-10,0,0,0
2017-12-13,5,4,1
2017-12-16,3,3,0
2017-12-18,0,0,0
2017-12-19,0,0,0
2017-12-23,0,0,0
2017-12-01,4,3,1
2017-12-22,4,3,1
2017-12-13,0,0,0
2017-12-20,0,0,0
2017-12-30,2,2,0
2017-12-19,2,2,0
2017-12-24,0,0,0
2017-12-09,1,1,0
2017-12-15,4,4,0
2017-12-24,3,3,0
2017-12-15,1,1,0
2017-12-05,0,0,0
2017-12-06,1,0,1
2017-12-25,0,0,0
2017-12-17,0,0,0
2017-12-07,0,0,0
2017-12-22,4,4,0
2017-12-03,0,0,0
2017-12-03,0,0,0
2017-12-31,6,6,0
2017-12-25,1,1,0
2017-12-26,2,2,0
2017-12-13,2,2,0
2017-12-07,0,0,0
2017-12-21,1,1,0
2017-12-02,0,0,0
2017-12-15,4,4,0
2017-12-15,1,1,0
2017-12-04,1,1,0
2017-12-04,2,2,0
2017-12-30,0,0,0
2017-12-14,5,4,1
2017-12-21,0,0,0
2017-12-19,8,8,0
2017-12-01,0,0,0
2017-12-16,1,1,0
2017-12-20,2,2,0
2017-12-22,0,0,0
2017-12-18,5,5,0
2017-12-17,3,3,0
2017-12-22,0,0,0
2017-12-23,0,0,0
2017-12-28,2,2,0
2017-12-09,6,4,2
2017-12-09,0,0,0
2017-12-25,0,0,0
2017-12-11,0,0,0
2017-12-10,0,0,0
2017-12-21,0,0,0
2017-12-29,3,2,1
2017-12-11,0,0,0
2017-12-12,6,5,1
2017-12-30,2,2,0
2017-12-08,0,0,0
2017-12-14,2,2,0
2017-12-20,1,1,0
2017-12-22,1,1,0
2017-12-25,2,2,0
2017-12-04,0,0,0
2017-12-11,0,0,0
2017-12-08,0,0,0
2017-12-20,2,2,0
2017-12-03,0,0,0
2017-12-13,2,2,0
2017-12-14,2,2,0
2017-12-26,0,0,0
2017-12-26,3,3,0
2017-12-13,6,4,2
2017-12-27,0,0,0
2017-12-23,0,0,0
2017-12-29,2,2,0
2017-12-11,0,0,0
2017-12-28,0,0,0
2017-12-29,1,1,0
2017-12-17,1,1,0
2017-12-22,0,0,0
2017-12-30,5,5,0
2017-12-19,0,0,0
2017-12-26,0,0,0
2017-12-15,9,8,1
2017-12-13,2,2,0
2017-12-24,2,2,0
2017-12-05,2,1,1
2017-12-24,0,0,0
2017-12-07,0,0,0
2017-12-02,0,0,0
2017-12-03,0,0,0
2017-12-18,2,2,0
2017-12-26,5,5,0
2017-12-16,0,0,0
2017-12-10,2,2,0
2017-12-24,1,1,0
2017-12-18,7,6,1
2017-12-03,0,0,0
2017-12-08,0,0,0
2017-12-30,4,3,1
2017-12-30,2,2,0
2017-12-27,2,2,0
2017-12-05,3,3,0
2017-12-15,1,1,0
2017-12-01,2,2,0
2017-12-07,1,0,1
2017-12-27,1,1,0
2017-12-17,0,0,0
2017-12-25,0,0,0
2017-12-26,0,0,0
2017-12-19,0,0,0
2017-12-21,2,2,0
2017-12-23,0,0,0
2017-12-27,1,1,0
2017-12-05,0,0,0
2017-12-07,0,0,0
2017-12-01,2,1,1
2017-12-05,4,4,0
2017-12-31,2,2,0
2017-12-11,2,2,0
2017-12-09,1,1,0
2017-12-10,5,5,0
2017-12-21,0,0,0
2017-12-10,1,1,0
2017-12-29,0,0,0
2017-12-02,0,0,0
2017-12-05,0,0,0
2017-12-30,0,0,0
2017-12-09,0,0,0
2017-12-12,0,0,0
2017-12-28,0,0,0
2017-12-28,1,1,0
2017-12-19,8,8,0
2017-12-23,0,0,0
2017-12-28,1,1,0
2017-12-20,1,1,0
2017-12-27,3,3,0
2018-02-02,4,4,0
2018-01-20,3,3,0
2018-01-09,4,4,0
2018-01-13,2,2,0
2018-01-19,1,1,0
2018-01-02,0,0,0
2018-01-14,0,0,0
2018-01-05,1,1,0
2018-01-05,7,6,1
2018-01-13,3,0,3
2018-01-20,1,1,0
2018-01-29,1,1,0
2018-02-06,5,4,1
2018-02-17,0,0,0
2018-02-21,8,0,8
2018-02-25,4,3,1
2018-02-14,1,0,1
2018-02-15,2,0,2
2018-01-12,0,0,0
2018-02-01,5,4,1
2018-01-07,0,0,0
2018-01-27,0,0,0
2018-02-03,7,4,3
2018-01-06,0,0,0
2018-02-01,1,1,0
2018-02-20,0,0,0
2018-02-08,0,0,0
2018-02-09,24,24,0
2018-02-08,6,0,6
2018-02-11,9,8,1
2018-02-05,8,0,8
2018-02-11,1,1,0
2018-02-22,0,0,0
2018-01-25,1,1,0
2018-02-01,9,0,9
2018-02-27,0,0,0
2018-01-02,1,1,0
2018-01-30,0,0,0
2018-01-08,6,6,0
2018-01-14,4,3,1
2018-01-15,4,4,0
2018-02-11,2,2,0
2018-01-15,0,0,0
2018-02-09,0,0,0
2018-02-08,13,13,0
2018-02-26,0,0,0
2018-01-27,0,0,0
2018-02-24,5,5,0
2018-01-17,2,1,1
2018-02-17,0,0,0
2018-02-28,1,1,0
2018-01-12,3,1,2
2018-02-20,6,3,3
2018-01-14,0,0,0
2018-02-02,3,1,2
2018-02-24,0,0,0
2018-01-12,1,1,0
2018-01-04,3,2,1
2018-02-17,0,0,0
2018-01-13,1,1,0
2018-01-16,6,4,2
2018-01-22,0,0,0
2018-01-26,28,28,0
2018-02-14,0,0,0
2018-01-27,1,1,0
2018-02-23,1,1,0
2018-01-31,1,1,0
2018-02-27,5,4,1
2018-01-24,0,0,0
2018-01-18,0,0,0
2018-01-11,1,1,0
2018-01-20,1,1,0
2018-01-20,4,1,3
2018-01-24,3,2,1
2018-01-02,0,0,0
2018-01-05,2,2,0
2018-01-15,0,0,0
2018-01-18,3,0,3
2018-02-17,0,0,0
2018-01-21,2,2,0
2018-01-14,0,0,0
2018-02-07,4,2,2
2018-01-21,1,1,0
2018-02-21,6,6,0
2018-02-03,0,0,0
2018-01-05,1,1,0
2018-01-14,0,0,0
2018-01-21,0,0,0
2018-01-16,8,2,6
2018-02-11,0,0,0
2018-02-06,0,0,0
2018-02-09,3,1,2
2018-01-18,1,0,1
2018-02-25,0,0,0
2018-01-28,0,0,0
2018-01-10,2,2,0
2018-02-26,0,0,0
2018-01-08,6,6,0
2018-02-13,0,0,0
2018-01-20,6,6,0
2018-02-02,0,0,0
2018-01-15,8,4,4
2018-01-26,0,0,0
2018-02-26,4,1,3
2018-02-08,3,0,3
2018-02-14,7,7,0
2018-01-16,1,1,0
2018-01-18,0,0,0
2018-02-04,0,0,0
2018-02-11,3,2,1
2018-01-15,1,1,0
2018-02-01,0,0,0
2018-01-24,1,1,0
2018-01-19,3,0,3
2018-01-08,6,5,1
2018-01-02,0,0,0
2018-01-11,1,1,0
2018-02-07,1,1,0
2018-01-22,4,0,4
2018-02-07,0,0,0
2018-01-23,26,26,0
2018-02-11,2,1,1
2018-01-21,1,0,1
2018-01-16,0,0,0
2018-01-12,2,0,2
2018-01-07,0,0,0
2018-02-25,0,0,0
2018-02-16,1,1,0
2018-02-23,13,13,0
2018-01-12,0,0,0
2018-01-03,0,0,0
2018-02-11,5,1,4
2018-01-30,13,13,0
2018-01-03,0,0,0
2018-02-11,0,0,0
2018-02-10,11,5,6
2018-01-31,0,0,0
2018-02-22,0,0,0
2018-01-23,0,0,0
2018-02-27,1,1,0
2018-02-16,0,0,0
2018-01-15,1,1,0
2018-01-04,1,1,0
2018-02-19,1,1,0
2018-02-23,0,0,0
2018-02-07,6,4,2
2018-01-26,0,0,0
2018-02-05,17,17,0
2018-01-06,2,1,1
2018-02-09,0,0,0
2018-01-27,1,1,0
2018-02-04,0,0,0
2018-02-11,4,4,0
2018-01-28,0,0,0
2018-02-28,3,3,0
2018-01-31,8,0,8
2018-02-25,2,2,0
2018-01-05,4,4,0
2018-02-07,11,1,10
2018-02-19,6,5,1
2018-02-12,0,0,0
2018-01-15,0,0,0
2018-01-24,3,0,3
2018-01-08,0,0,0
2018-02-06,5,3,2
2018-02-01,0,0,0
2018-01-17,0,0,0
2018-02-22,13,6,7
2018-02-21,1,0,1
2018-01-22,0,0,0
2018-02-02,6,5,1
2018-01-04,2,2,0
2018-02-05,5,5,0
2018-02-12,5,5,0
2018-01-07,1,1,0
2018-02-11,0,0,0
2018-01-18,3,3,0
2018-02-08,4,1,3
2018-02-19,0,0,0
2018-02-28,2,2,0
2018-01-14,0,0,0
2018-01-19,2,0,2
2018-01-15,7,4,3
2018-01-25,2,2,0
2018-01-25,22,21,1
2018-02-27,6,5,1
2018-02-15,3,3,0
2018-01-20,0,0,0
2018-01-19,12,12,0
2018-01-07,0,0,0
2018-02-18,0,0,0
2018-01-08,4,4,0
2018-01-08,4,4,0
2018-02-09,0,0,0
2018-01-06,5,5,0
2018-02-12,5,4,1
2018-01-30,4,1,3
2018-01-26,0,0,0
2018-02-24,0,0,0
2018-01-27,1,1,0
2018-01-04,0,0,0
2018-02-20,6,0,6
2018-01-28,2,2,0
2018-01-12,0,0,0
2018-01-07,3,3,0
2018-01-17,12,12,0
2018-01-10,0,0,0
2018-01-20,0,0,0
2018-02-01,0,0,0
2018-01-25,10,10,0
2018-01-19,0,0,0
2018-01-12,0,0,0
2018-01-19,4,2,2
2018-01-09,6,6,0
2018-01-25,0,0,0
2018-02-22,5,4,1
2018-02-05,1,1,0
2018-01-02,1,1,0
2018-01-03,3,3,0
2018-02-25,5,5,0
2018-01-23,2,2,0
2018-02-03,0,0,0
2018-02-04,0,0,0
2018-02-09,7,7,0
2018-02-22,2,2,0
2018-02-10,0,0,0
2018-02-02,0,0,0
2018-02-21,18,16,2
2018-01-24,2,1,1
2018-01-26,0,0,0
2018-01-29,4,4,0
2018-02-26,0,0,0
2018-01-16,13,12,1
2018-02-18,0,0,0
2018-02-26,8,7,1
2018-01-15,1,1,0
2018-01-09,0,0,0
2018-01-18,0,0,0
2018-02-01,3,2,1
2018-01-31,5,4,1
2018-02-06,11,1,10
2018-01-04,5,5,0
2018-02-04,4,4,0
2018-01-08,0,0,0
2018-02-01,14,14,0
2018-02-28,4,1,3
2018-01-11,12,12,0
2018-02-20,0,0,0
2018-01-09,1,1,0
2018-02-01,5,1,4
2018-02-13,2,0,2
2018-02-07,3,1,2
2018-01-21,4,2,2
2018-02-18,0,0,0
2018-02-17,1,1,0
2018-01-03,0,0,0
2018-02-27,2,1,1
2018-01-12,3,3,0
2018-01-26,5,0,5
2018-01-06,4,4,0
2018-01-15,11,10,1
2018-02-05,1,0,1
2018-02-20,4,0,4
2018-02-04,0,0,0
2018-02-07,0,0,0
2018-01-27,1,1,0
2018-01-09,0,0,0
2018-02-24,0,0,0
2018-02-18,1,1,0
2018-02-02,1,1,0
2018-02-23,1,1,0
2018-02-03,4,4,0
2018-01-16,4,2,2
2018-02-24,1,1,0
2018-02-27,9,9,0
2018-01-19,0,0,0
2018-01-06,0,0,0
2018-01-30,0,0,0
2018-02-12,22,21,1
2018-01-09,0,0,0
2018-02-06,1,1,0
2018-01-27,5,2,3
2018-02-04,0,0,0
2018-02-03,5,4,1
2018-01-18,2,2,0
2018-02-11,0,0,0
2018-01-24,4,0,4
2018-01-08,0,0,0
2018-02-11,0,0,0
2018-01-29,4,1,3
2018-02-03,0,0,0
2018-01-15,4,4,0
2018-01-25,5,0,5
2018-02-15,17,17,0
2018-01-14,10,6,4
2018-01-03,0,0,0
2018-02-21,1,0,1
2018-01-03,0,0,0
2018-01-06,0,0,0
2018-01-18,2,2,0
2018-02-05,1,0,1
2018-02-14,6,6,0
2018-01-20,0,0,0
2018-01-22,11,11,0
2018-01-04,0,0,0
2018-02-17,2,2,0
2018-02-10,1,1,0
2018-01-06,4,4,0
2018-01-27,2,2,0
2018-01-10,2,2,0
2018-02-13,6,5,1
2018-01-18,3,3,0
2018-01-13,6,4,2
2018-02-09,3,0,3
2018-01-12,22,22,0
2018-02-14,3,1,2
2018-02-02,0,0,0
2018-02-19,10,8,2
2018-01-03,0,0,0
2018-01-23,0,0,0
2018-02-24,1,1,0
2018-01-28,4,2,2
2018-02-10,0,0,0
2018-02-13,1,1,0
2018-01-30,6,3,3
2018-02-25,1,0,1
2018-01-21,1,1,0
2018-02-10,8,4,4
2018-02-16,0,0,0
2018-01-13,2,2,0
2018-02-26,0,0,0
2018-01-13,1,1,0
2018-02-04,1,1,0
2018-01-21,0,0,0
2018-02-11,0,0,0
2018-01-21,0,0,0
2018-02-12,1,1,0
2018-02-13,2,0,2
2018-01-05,0,0,0
2018-02-09,3,2,1
2018-01-04,0,0,0
2018-02-24,0,0,0
2018-02-10,0,0,0
2018-02-09,8,1,7
2018-01-10,3,3,0
2018-02-24,10,8,2
2018-02-02,2,0,2
2018-02-08,2,2,0
2018-01-21,0,0,0
2018-01-18,2,1,1
2018-01-13,2,2,0
2018-02-27,15,15,0
2018-02-11,1,1,0
2018-02-01,0,0,0
2018-02-15,1,1,0
2018-01-18,12,12,0
2018-02-08,8,0,8
2018-01-16,1,1,0
2018-01-08,5,5,0
2018-01-05,8,5,3
2018-01-23,15,15,0
2018-02-17,7,4,3
2018-02-12,2,2,0
2018-01-15,0,0,0
2018-02-06,0,0,0
2018-02-02,3,1,2
2018-02-16,5,4,1
2018-01-05,0,0,0
2018-02-14,1,0,1
2018-01-27,2,1,1
2018-01-30,0,0,0
2018-02-15,12,12,0
2018-02-11,2,1,1
2018-01-19,0,0,0
2018-02-14,15,15,0
2018-02-12,0,0,0
2018-01-08,2,2,0
2018-01-15,0,0,0
2018-01-07,3,3,0
2018-01-25,0,0,0
2018-02-17,0,0,0
2018-01-22,0,0,0
2018-02-02,2,2,0
2018-02-22,3,3,0
2018-02-25,2,2,0
2018-02-01,0,0,0
2018-02-20,16,14,2
2018-02-15,0,0,0
2018-01-29,3,3,0
2018-02-14,0,0,0
2018-01-18,1,1,0
2018-01-26,0,0,0
2018-02-13,12,12,0
2018-01-17,1,0,1
2018-01-28,0,0,0
2018-01-02,2,2,0
2018-01-27,2,2,0
2018-02-24,0,0,0
2018-01-05,3,2,1
2018-01-04,2,1,1
2018-02-08,0,0,0
2018-02-14,27,25,2
2018-01-29,0,0,0
2018-02-08,0,0,0
2018-02-23,2,0,2
2018-01-29,15,15,0
2018-02-03,0,0,0
2018-01-26,4,3,1
2018-02-20,0,0,0
2018-01-12,1,0,1
2018-02-19,0,0,0
2018-02-28,0,0,0
2018-02-16,0,0,0
2018-02-28,4,4,0
2018-02-24,2,2,0
2018-02-10,0,0,0
2018-01-02,0,0,0
2018-01-26,0,0,0
2018-01-22,25,25,0
2018-01-06,1,0,1
2018-01-05,3,3,0
2018-02-06,3,3,0
2018-02-16,8,0,8
2018-01-17,3,1,2
2018-01-26,4,1,3
2018-02-01,0,0,0
2018-01-20,0,0,0
2018-02-06,2,1,1
2018-02-20,1,1,0
2018-02-11,9,3,6
2018-02-16,4,4,0
2018-01-02,0,0,0
2018-01-04,2,2,0
2018-01-26,7,7,0
2018-01-22,0,0,0
2018-02-20,0,0,0
2018-01-28,0,0,0
2018-01-14,0,0,0
2018-01-02,0,0,0
2018-01-27,2,2,0
2018-01-14,2,2,0
2018-02-12,27,27,0
2018-02-27,8,1,7
2018-01-23,1,1,0
2018-01-21,0,0,0
2018-02-26,1,1,0
2018-01-18,4,1,3
2018-01-27,3,2,1
2018-01-22,2,1,1
2018-02-24,2,1,1
2018-02-20,0,0,0
2018-01-08,3,3,0
2018-02-28,5,1,4
2018-01-28,2,1,1
2018-01-13,5,4,1
2018-02-02,0,0,0
2018-02-07,7,6,1
2018-02-01,0,0,0
2018-01-29,3,3,0
2018-01-04,0,0,0
2018-01-30,3,3,0
2018-02-26,5,1,4
2018-01-29,2,0,2
2018-02-12,0,0,0
2018-01-15,0,0,0
2018-01-24,1,1,0
2018-02-27,0,0,0
2018-02-07,1,1,0
2018-02-17,0,0,0
2018-02-09,0,0,0
2018-02-04,2,1,1
2018-01-07,0,0,0
2018-02-27,0,0,0
2018-01-17,2,2,0
2018-01-21,3,1,2
2018-02-23,1,1,0
2018-02-03,1,1,0
2018-02-03,0,0,0
2018-02-17,0,0,0
2018-02-16,15,13,2
2018-02-20,2,1,1
2018-02-22,1,0,1
2018-01-30,4,4,0
2018-01-24,18,18,0
2018-02-10,0,0,0
2018-02-12,5,4,1
2018-02-08,2,2,0
2018-02-15,4,0,4
2018-02-06,4,2,2
2018-02-09,7,1,6
2018-01-22,9,0,9
2018-02-28,0,0,0
2018-01-19,3,3,0
2018-02-02,22,22,0
2018-01-26,8,8,0
2018-01-23,0,0,0
2018-01-16,21,21,0
2018-01-17,11,11,0
2018-01-30,0,0,0
2018-01-05,0,0,0
2018-01-23,0,0,0
2018-01-16,0,0,0
2018-02-28,0,0,0
2018-01-21,0,0,0
2018-02-13,8,2,6
2018-01-25,1,1,0
2018-01-29,10,9,1
2018-01-28,0,0,0
2018-02-15,1,1,0
2018-02-22,1,0,1
2018-01-05,0,0,0
2018-01-11,1,1,0
2018-01-09,7,7,0
2018-01-16,1,1,0
2018-01-22,23,23,0
2018-02-07,5,2,3
2018-01-20,6,4,2
2018-01-12,6,5,1
2018-02-10,10,8,2
2018-01-30,29,26,3
2018-01-07,0,0,0
2018-02-22,0,0,0
2018-01-10,1,1,0
2018-01-28,0,0,0
2018-01-05,0,0,0
2018-02-27,1,1,0
2018-02-10,1,0,1
2018-01-18,1,1,0
2018-01-23,2,1,1
2018-01-11,3,3,0
2018-01-16,3,3,0
2018-02-24,2,0,2
2018-01-07,0,0,0
2018-01-08,9,6,3
2018-01-10,11,11,0
2018-01-16,1,1,0
2018-02-13,0,0,0
2018-02-23,3,0,3
2018-01-07,0,0,0
2018-02-19,0,0,0
2018-01-05,5,3,2
2018-02-18,4,3,1
2018-02-06,5,4,1
2018-01-19,1,0,1
2018-01-26,11,11,0
2018-01-26,0,0,0
2018-01-04,7,6,1
2018-02-17,0,0,0
2018-02-23,4,0,4
2018-02-05,2,1,1
2018-01-31,1,1,0
2018-01-10,0,0,0
2018-01-02,0,0,0
2018-01-12,14,14,0
2018-01-14,0,0,0
2018-01-17,5,1,4
2018-01-08,0,0,0
2018-01-09,0,0,0
2018-02-06,0,0,0
2018-02-07,0,0,0
2018-02-25,3,2,1
2018-02-17,0,0,0
2018-01-30,22,21,1
2018-02-03,1,1,0
2018-01-15,1,1,0
2018-02-19,0,0,0
2018-01-13,0,0,0
2018-01-03,0,0,0
2018-02-26,0,0,0
2018-02-26,0,0,0
2018-01-03,0,0,0
2018-01-12,3,1,2
2018-02-04,1,0,1
2018-01-10,29,28,1
2018-01-24,0,0,0
2018-02-07,6,4,2
2018-02-10,11,7,4
2018-01-03,0,0,0
2018-02-19,0,0,0
2018-02-08,11,0,11
2018-02-18,1,0,1
2018-01-21,0,0,0
2018-01-14,5,3,2
2018-01-28,0,0,0
2018-01-06,5,5,0
2018-01-07,5,4,1
2018-01-30,3,2,1
2018-02-18,0,0,0
2018-01-10,5,5,0
2018-02-07,19,18,1
2018-02-24,0,0,0
2018-01-24,5,5,0
2018-02-16,0,0,0
2018-01-23,0,0,0
2018-01-02,0,0,0
2018-01-18,1,1,0
2018-02-17,0,0,0
2018-02-02,7,6,1
2018-01-03,5,5,0
2018-02-16,23,22,1
2018-01-06,0,0,0
2018-02-05,8,1,7
2018-01-19,5,0,5
2018-02-14,0,0,0
2018-01-06,0,0,0
2018-02-16,1,1,0
2018-02-21,1,1,0
2018-02-18,6,5,1
2018-01-14,12,11,1
2018-01-20,4,0,4
2018-02-02,2,0,2
2018-01-10,0,0,0
2018-02-05,5,4,1
2018-01-16,1,0,1
2018-01-14,0,0,0
2018-01-06,0,0,0
2018-02-13,4,4,0
2018-02-21,1,0,1
2018-01-09,5,5,0
2018-02-20,1,1,0
2018-02-06,1,1,0
2018-01-21,0,0,0
2018-01-25,1,0,1
2018-01-17,1,0,1
2018-02-12,0,0,0
2018-02-02,10,10,0
2018-01-24,3,1,2
2018-02-25,0,0,0
2018-02-09,12,10,2
2018-01-16,1,0,1
2018-02-21,0,0,0
2018-01-17,2,2,0
2018-01-04,1,1,0
2018-01-25,0,0,0
2018-02-24,0,0,0
2018-02-08,0,0,0
2018-01-20,0,0,0
2018-02-08,1,1,0
2018-01-26,0,0,0
2018-01-24,1,0,1
2018-01-10,2,2,0
2018-01-08,0,0,0
2018-02-28,0,0,0
2018-02-04,0,0,0
2018-02-16,2,2,0
2018-01-15,0,0,0
2018-02-25,1,1,0
2018-01-06,1,1,0
2018-02-14,1,1,0
2018-01-14,0,0,0
2018-02-03,0,0,0
2018-02-09,0,0,0
2018-01-05,1,1,0
2018-01-13,12,11,1
2018-02-23,1,1,0
2018-01-06,8,6,2
2018-01-15,10,9,1
2018-01-26,4,3,1
2018-02-09,1,0,1
2018-02-23,4,1,3
2018-01-24,23,22,1
2018-01-03,1,1,0
2018-02-09,1,1,0
2018-02-17,5,5,0
2018-02-27,20,18,2
2018-02-10,0,0,0
2018-01-20,1,1,0
2018-01-22,0,0,0
2018-01-14,12,10,2
2018-02-06,35,33,2
2018-01-08,2,1,1
2018-01-29,0,0,0
2018-01-31,8,8,0
2018-02-11,8,5,3
2018-01-11,0,0,0
2018-02-11,0,0,0
2018-01-14,2,0,2
2018-01-31,1,1,0
2018-02-22,0,0,0
2018-02-05,2,1,1
2018-01-20,0,0,0
2018-02-26,8,0,8
2018-02-08,19,19,0
2018-01-11,2,1,1
2018-02-28,7,0,7
2018-01-31,4,1,3
2018-01-12,2,2,0
2018-02-18,0,0,0
2018-02-22,2,2,0
2018-02-19,3,0,3
2018-02-04,4,4,0
2018-02-20,0,0,0
2018-02-07,0,0,0
2018-02-05,2,2,0
2018-01-22,0,0,0
2018-02-28,1,1,0
2018-01-28,3,1,2
2018-01-11,0,0,0
2018-01-12,7,7,0
2018-01-21,1,0,1
2018-01-15,3,2,1
2018-01-29,3,0,3
2018-02-16,0,0,0
2018-01-11,4,4,0
2018-01-19,0,0,0
2018-01-04,1,1,0
2018-02-15,2,2,0
2018-02-27,3,0,3
2018-02-21,5,4,1
2018-01-21,0,0,0
2018-02-11,9,8,1
2018-02-07,4,3,1
2018-01-11,4,1,3
2018-02-13,1,1,0
2018-02-15,2,2,0
2018-01-18,2,2,0
2018-01-30,5,4,1
2018-01-02,0,0,0
2018-02-17,2,1,1
2018-01-27,3,2,1
2018-01-07,0,0,0
2018-02-02,0,0,0
2018-02-04,12,11,1
2018-02-21,0,0,0
2018-02-25,5,3,2
2018-01-31,3,1,2
2018-02-21,0,0,0
2018-02-24,3,1,2
2018-01-13,0,0,0
2018-01-08,7,6,1
2018-01-04,3,3,0
2018-02-10,3,2,1
2018-02-18,0,0,0
2018-02-06,3,0,3
2018-02-23,2,1,1
2018-02-22,0,0,0
2018-02-19,2,0,2
2018-02-08,1,0,1
2018-02-23,0,0,0
2018-01-23,4,0,4
2018-01-29,0,0,0
2018-01-03,5,5,0
2018-01-22,0,0,0
2018-01-19,3,3,0
2018-02-11,1,1,0
2018-01-13,4,2,2
2018-02-16,7,0,7
2018-02-22,0,0,0
2018-01-27,0,0,0
2018-02-14,0,0,0
2018-02-07,0,0,0
2018-01-16,5,5,0
2018-01-04,0,0,0
2018-01-24,0,0,0
2018-01-23,2,0,2
2018-01-15,1,1,0
2018-02-14,2,2,0
2018-01-07,0,0,0
2018-02-23,0,0,0
2018-01-21,2,2,0
2018-02-25,6,5,1
2018-02-06,1,1,0
2018-02-13,1,1,0
2018-01-11,0,0,0
2018-02-16,8,8,0
2018-01-14,16,8,8
2018-01-23,3,0,3
2018-01-13,0,0,0
2018-01-29,1,0,1
2018-01-26,0,0,0
2018-02-26,0,0,0
2018-01-06,5,5,0
2018-02-15,1,1,0
2018-02-13,19,19,0
2018-02-24,5,5,0
2018-01-20,7,6,1
2018-01-24,4,4,0
2018-01-04,3,3,0
2018-01-03,0,0,0
2018-02-12,0,0,0
2018-02-25,0,0,0
2018-02-21,4,4,0
2018-02-26,16,16,0
2018-02-23,0,0,0
2018-01-09,9,9,0
2018-01-12,0,0,0
2018-01-26,0,0,0
2018-02-13,27,26,1
2018-02-22,0,0,0
2018-02-19,0,0,0
2018-01-13,1,1,0
2018-01-05,4,3,1
2018-01-02,3,3,0
2018-02-17,0,0,0
2018-02-18,0,0,0
2018-01-31,0,0,0
2018-02-25,6,3,3
2018-01-22,6,3,3
2018-01-23,1,0,1
2018-01-06,3,3,0
2018-02-07,0,0,0
2018-02-26,1,0,1
2018-01-19,2,1,1
2018-02-13,0,0,0
2018-01-31,31,30,1
2018-02-24,0,0,0
2018-02-13,3,3,0
2018-01-28,0,0,0
2018-02-19,1,1,0
2018-01-02,0,0,0
2018-02-12,6,6,0
2018-02-08,2,2,0
2018-02-23,1,0,1
2018-01-09,1,1,0
2018-02-14,1,1,0
2018-02-21,0,0,0
2018-01-08,7,6,1
2018-01-03,3,3,0
2018-01-22,4,4,0
2018-01-05,1,1,0
2018-02-18,0,0,0
2018-01-20,4,0,4
2018-01-11,2,2,0
2018-02-28,18,18,0
2018-02-25,1,1,0
2018-02-15,1,1,0
2018-02-12,1,0,1
2018-02-08,4,3,1
2018-02-04,0,0,0
2018-02-25,0,0,0
2018-01-12,0,0,0
2018-02-19,2,1,1
2018-02-14,2,0,2
2018-01-06,0,0,0
2018-02-27,4,0,4
2018-01-16,3,3,0
2018-02-03,1,1,0
2018-02-12,4,0,4
2018-02-28,0,0,0
2018-01-16,0,0,0
2018-02-16,0,0,0
2018-01-18,28,27,1
2018-02-26,3,2,1
2018-02-24,2,0,2
2018-02-27,1,1,0
2018-02-05,8,7,1
2018-01-10,1,1,0
2018-01-10,3,3,0
2018-02-25,2,2,0
2018-01-23,0,0,0
2018-01-25,7,2,5
2018-01-12,1,1,0
2018-01-07,1,1,0
2018-01-25,0,0,0
2018-02-26,9,9,0
2018-01-30,0,0,0
2018-02-05,21,21,0
2018-01-30,1,0,1
2018-01-14,0,0,0
2018-02-26,4,4,0
2018-02-18,1,1,0
2018-01-29,1,1,0
2018-01-23,2,2,0
2018-02-08,2,2,0
2018-01-12,8,3,5
2018-01-31,3,0,3
2018-01-25,1,0,1
2018-02-26,2,2,0
2018-01-04,2,1,1
2018-02-13,0,0,0
2018-01-21,0,0,0
2018-01-09,2,1,1
2018-01-25,2,0,2
2018-02-02,14,14,0
2018-02-10,5,3,2
2018-02-14,0,0,0
2018-02-09,14,13,1
2018-01-05,0,0,0
2018-02-27,0,0,0
2018-01-31,2,0,2
2018-01-28,0,0,0
2018-02-28,3,1,2
2018-01-15,3,2,1
2018-02-17,3,2,1
2018-01-14,0,0,0
2018-01-03,5,5,0
2018-01-19,12,12,0
2018-01-22,7,6,1
2018-01-28,1,1,0
2018-01-11,2,0,2
2018-02-01,1,1,0
2018-02-09,6,1,5
2018-02-18,3,2,1
2018-01-23,4,4,0
2018-02-19,1,1,0
2018-02-22,4,4,0
2018-02-04,1,1,0
2018-01-06,1,1,0
2018-02-13,1,0,1
2018-01-28,6,5,1
2018-02-13,1,1,0
2018-01-25,4,0,4
2018-02-26,3,3,0
2018-02-18,0,0,0
2018-02-18,2,2,0
2018-01-21,0,0,0
2018-01-13,0,0,0
2018-02-12,0,0,0
2018-01-28,3,2,1
2018-02-10,3,3,0
2018-01-27,3,2,1
2018-01-15,2,0,2
2018-01-04,0,0,0
2018-01-28,0,0,0
2018-01-16,30,29,1
2018-02-06,10,10,0
2018-02-13,3,1,2
2018-01-13,0,0,0
2018-01-15,1,1,0
2018-02-17,2,2,0
2018-02-16,6,6,0
2018-02-16,0,0,0
2018-01-02,1,1,0
2018-01-17,19,18,1
2018-02-12,4,3,1
2018-02-20,2,0,2
2018-01-31,21,21,0
2018-01-27,0,0,0
2018-01-19,2,2,0
2018-01-17,0,0,0
2018-01-19,1,1,0
2018-01-14,10,1,9
2018-01-22,4,4,0
2018-01-12,0,0,0
2018-01-24,2,1,1
2018-02-20,1,1,0
2018-02-22,0,0,0
2018-01-29,1,0,1
2018-01-02,2,2,0
2018-01-19,0,0,0
2018-01-18,9,9,0
2018-02-20,0,0,0
2018-01-16,5,5,0
2018-01-13,7,5,2
2018-02-22,0,0,0
2018-01-27,0,0,0
2018-01-24,2,2,0
2018-01-17,1,1,0
2018-01-14,2,2,0
2018-02-09,1,1,0
2018-01-20,0,0,0
2018-02-01,1,0,1
2018-02-26,1,0,1
2018-02-03,4,0,4
2018-01-04,2,2,0
2018-02-28,0,0,0
2018-02-27,0,0,0
2018-02-07,1,1,0
2018-01-23,8,3,5
2018-01-21,3,3,0
2018-02-13,0,0,0
2018-01-11,4,4,0
2018-01-31,3,2,1
2018-02-21,2,1,1
2018-02-05,0,0,0
2018-01-02,0,0,0
2018-02-16,1,1,0
2018-02-03,0,0,0
2018-01-19,7,6,1
2018-01-21,3,3,0
2018-01-17,5,5,0
2018-02-15,0,0,0
2018-01-10,20,20,0
2018-01-17,0,0,0
2018-02-19,0,0,0
2018-02-28,1,1,0
2018-02-23,7,7,0
2018-01-11,1,0,1
2018-02-03,3,2,1
2018-02-14,0,0,0
2018-01-10,4,4,0
2018-02-20,3,0,3
2018-02-04,0,0,0
2018-01-10,9,9,0
2018-02-17,3,1,2
2018-02-27,0,0,0
2018-02-01,1,1,0
2018-01-22,6,5,1
2018-01-02,0,0,0
2018-02-19,1,1,0
2018-01-08,2,2,0
2018-02-18,1,0,1
2018-01-10,0,0,0
2018-01-13,2,2,0
2018-01-04,3,3,0
2018-02-09,6,6,0
2018-02-18,0,0,0
2018-01-26,0,0,0
2018-01-07,5,4,1
2018-02-23,0,0,0
2018-02-25,0,0,0
2018-02-04,6,5,1
2018-02-02,4,0,4
2018-02-14,6,5,1
2018-01-18,0,0,0
2018-01-09,5,4,1
2018-02-12,13,11,2
2018-01-11,0,0,0
2018-01-30,9,2,7
2018-01-23,6,6,0
2018-02-04,1,1,0
2018-02-05,14,14,0
2018-02-06,2,2,0
2018-01-10,6,6,0
2018-01-31,0,0,0
2018-02-11,0,0,0
2018-01-09,0,0,0
2018-02-20,4,4,0
2018-02-21,0,0,0
2018-02-20,5,4,1
2018-02-21,0,0,0
2018-01-17,4,4,0
2018-01-26,3,1,2
2018-01-02,2,2,0
2018-01-11,2,2,0
2018-02-16,1,0,1
2018-02-25,0,0,0
2018-02-15,0,0,0
2018-02-21,0,0,0
2018-02-20,12,11,1
2018-02-19,1,1,0
2018-02-04,12,8,4
2018-01-13,2,2,0
2018-02-15,0,0,0
2018-02-17,3,1,2
2018-01-25,0,0,0
2018-01-11,0,0,0
2018-01-07,0,0,0
2018-01-31,1,1,0
2018-01-16,4,4,0
2018-01-02,2,1,1
2018-02-21,2,0,2
2018-02-03,0,0,0
2018-01-22,19,19,0
2018-02-08,4,2,2
2018-01-29,3,3,0
2018-02-27,3,3,0
2018-01-19,10,10,0
2018-02-24,0,0,0
2018-01-22,5,5,0
2018-01-03,1,1,0
2018-01-09,0,0,0
2018-02-23,0,0,0
2018-02-10,0,0,0
2018-01-25,9,9,0
2018-02-03,1,1,0
2018-02-28,5,4,1
2018-02-25,0,0,0
2018-01-20,0,0,0
2018-02-17,0,0,0
2018-01-08,4,4,0
2018-02-23,0,0,0
2018-02-03,4,4,0
2018-01-27,3,2,1
2018-01-12,13,13,0
2018-01-10,4,4,0
2018-02-20,12,12,0
2018-01-13,3,2,1
2018-01-23,1,0,1
2018-02-26,22,22,0
2018-01-05,0,0,0
2018-01-28,8,8,0
2018-01-28,0,0,0
2018-02-03,0,0,0
2018-01-29,0,0,0
2018-01-10,0,0,0
2018-02-06,1,0,1
2018-02-23,4,4,0
2018-01-18,1,0,1
2018-01-24,0,0,0
2018-02-28,2,0,2
2018-01-09,0,0,0
2018-02-05,0,0,0
2018-01-05,6,6,0
2018-02-08,3,2,1
2018-01-21,1,0,1
2018-01-25,3,2,1
2018-02-06,5,4,1
2018-02-03,1,1,0
2018-02-27,9,2,7
2018-01-05,5,3,2
2018-02-21,6,3,3
2018-01-23,9,8,1
2018-01-02,0,0,0
2018-02-04,3,2,1
2018-01-28,1,1,0
2018-01-28,1,0,1
2018-01-19,0,0,0
2018-01-30,1,0,1
2018-01-11,0,0,0
2018-01-17,7,7,0
2018-02-26,0,0,0
2018-02-17,1,1,0
2018-02-27,4,4,0
2018-01-31,7,7,0
2018-02-05,4,2,2
2018-02-01,3,0,3
2018-01-19,2,2,0
2018-02-05,1,0,1
2018-02-27,2,0,2
2018-01-06,2,2,0
2018-01-11,1,0,1
2018-01-17,1,1,0
2018-01-13,0,0,0
2018-01-30,5,3,2
2018-02-01,5,0,5
2018-01-07,0,0,0
2018-01-17,0,0,0
2018-01-03,0,0,0
2018-02-10,2,1,1
2018-02-10,4,2,2
2018-01-17,1,1,0
2018-01-09,0,0,0
2018-01-07,2,2,0
2018-02-28,1,0,1
2018-01-23,0,0,0
2018-02-22,0,0,0
2018-02-19,2,2,0
2018-02-01,0,0,0
2018-02-21,0,0,0
2018-01-16,0,0,0
2018-01-20,0,0,0
2018-01-09,5,4,1
2018-02-02,0,0,0
2018-02-15,32,31,1
2018-02-28,1,1,0
2018-01-07,6,6,0
2018-02-25,4,0,4
2018-02-18,0,0,0
2018-02-04,0,0,0
2018-01-08,4,4,0
2018-01-03,6,5,1
2018-02-01,21,21,0
2018-02-02,10,0,10
2018-01-26,6,0,6
2018-01-10,4,4,0
2018-02-08,0,0,0
2018-01-18,0,0,0
2018-01-31,1,0,1
2018-02-04,5,0,5
2018-01-29,7,5,2
2018-01-07,1,1,0
2018-01-05,0,0,0
2018-01-10,0,0,0
2018-02-03,0,0,0
2018-01-26,0,0,0
2018-02-07,1,0,1
2018-02-13,6,5,1
2018-02-15,2,1,1
2018-02-13,6,2,4
2018-01-02,0,0,0
2018-01-31,0,0,0
2018-02-17,7,4,3
2018-02-13,3,0,3
2018-02-25,0,0,0
2018-01-05,1,1,0
2018-02-21,14,14,0
2018-02-10,0,0,0
2018-02-28,26,25,1
2018-01-27,10,8,2
2018-01-28,4,3,1
2018-01-29,1,1,0
2018-02-09,6,3,3
2018-01-03,0,0,0
2018-02-15,6,6,0
2018-01-27,0,0,0
2018-01-27,1,0,1
2018-01-30,0,0,0
2018-01-30,14,13,1
2018-02-02,0,0,0
2018-02-18,0,0,0
2018-01-21,0,0,0
2018-01-25,0,0,0
2018-02-07,15,15,0
2018-02-16,0,0,0
2018-02-07,8,8,0
2018-01-27,2,1,1
2018-01-17,2,0,2
2018-01-25,0,0,0
2018-01-24,0,0,0
2018-02-16,2,2,0
2018-02-04,2,2,0
2018-01-14,0,0,0
2018-02-03,3,2,1
2018-01-17,0,0,0
2018-01-08,9,9,0
2018-01-25,2,2,0
2018-02-14,1,1,0
2018-02-11,0,0,0
2018-02-12,3,0,3
2018-01-07,2,2,0
2018-02-05,0,0,0
2018-02-19,0,0,0
2018-02-07,0,0,0
2018-01-06,3,3,0
2018-01-22,2,2,0
2018-02-14,8,0,8
2018-02-20,1,1,0
2018-01-06,2,2,0
2018-01-15,8,8,0
2018-02-21,0,0,0
2018-01-10,9,9,0
2018-02-05,0,0,0
2018-02-01,9,9,0
2018-01-24,3,2,1
2018-01-09,6,6,0
2018-02-06,3,0,3
2018-02-01,1,1,0
2018-02-10,4,2,2
2018-02-19,0,0,0
2018-01-15,3,3,0
2018-02-23,1,1,0
2018-02-06,11,11,0
2018-02-23,0,0,0
2018-02-02,0,0,0
2018-01-03,2,1,1
2018-01-09,0,0,0
2018-02-16,4,1,3
2018-01-24,0,0,0
2018-01-14,18,15,3
2018-02-10,0,0,0
2018-02-08,5,5,0
2018-02-18,5,2,3
2018-02-01,5,3,2
2018-01-22,6,1,5
2018-02-26,0,0,0
2018-01-31,6,2,4
2018-01-03,3,3,0
2018-01-22,0,0,0
2018-01-20,0,0,0
2018-02-18,0,0,0
2018-01-08,2,2,0
2018-01-06,0,0,0
2018-01-12,0,0,0
2018-02-15,0,0,0
2018-01-24,6,6,0
2018-01-27,0,0,0
2018-02-13,1,0,1
2018-02-02,0,0,0
2018-01-16,5,0,5
2018-01-20,1,1,0
2018-02-24,0,0,0
2018-01-08,0,0,0
2018-02-12,7,0,7
2018-01-29,21,21,0
2018-02-18,4,1,3
2018-01-25,2,2,0
2018-02-15,5,0,5
2018-01-31,0,0,0
2018-01-19,26,26,0
2018-01-29,2,0,2
2018-02-01,18,18,0
2018-02-12,0,0,0
2018-01-26,3,3,0
2018-01-12,2,2,0
2018-02-22,3,0,3
2018-02-17,0,0,0
2018-01-11,7,7,0
2018-01-09,4,4,0
2018-01-31,0,0,0
2018-01-05,3,3,0
2018-01-24,0,0,0
2018-01-19,0,0,0
2018-02-26,1,1,0
2018-01-30,5,4,1
2018-01-04,2,2,0
2018-02-16,2,1,1
2018-01-28,0,0,0
2018-02-14,6,2,4
2018-02-05,7,7,0
2018-02-06,0,0,0
2018-02-21,4,3,1
2018-01-29,1,1,0
2018-02-19,7,5,2
2018-02-24,9,2,7
2018-01-03,1,1,0
2018-02-27,8,8,0
2018-02-10,1,1,0
2018-02-22,0,0,0
2018-01-30,0,0,0
2018-02-14,0,0,0
2018-02-05,1,1,0
2018-02-05,0,0,0
2018-02-23,2,1,1
2018-02-25,1,1,0
2018-01-18,10,1,9
2018-02-24,6,6,0
2018-01-07,4,4,0
2018-01-18,6,6,0
2018-02-15,6,0,6
2018-02-14,5,5,0
2018-02-24,0,0,0
2018-02-11,7,6,1
2018-02-28,3,3,0
2018-01-07,4,4,0
2018-02-20,2,1,1
2018-02-09,0,0,0
2018-01-30,0,0,0
2018-01-03,7,7,0
2018-02-27,2,0,2
2018-02-09,12,12,0
2018-01-30,4,0,4
2018-01-27,0,0,0
2018-01-11,1,0,1
2018-02-02,0,0,0
2018-01-11,1,1,0
2018-02-12,6,5,1
2018-02-19,1,0,1
2018-02-22,2,1,1
2018-01-06,5,5,0
2018-02-09,1,1,0
2018-01-06,8,7,1
2018-02-19,6,4,2
2018-01-25,2,2,0
2018-01-20,0,0,0
2018-01-26,3,2,1
2018-01-22,3,0,3
2018-01-08,0,0,0
2018-02-28,6,5,1
2018-01-02,2,2,0
2018-02-21,5,5,0
2018-01-04,2,2,0
2018-02-20,1,1,0
2018-02-15,0,0,0
2018-01-12,1,1,0
2018-01-13,0,0,0
2018-01-04,5,4,1
2018-02-05,4,0,4
2018-02-10,5,4,1
2018-02-24,0,0,0
2018-02-03,0,0,0
2018-01-10,1,1,0
2018-01-20,0,0,0
2018-02-04,0,0,0
2018-01-17,4,4,0
2018-02-06,3,2,1
2018-01-16,3,1,2
2018-01-09,4,3,1
2018-02-11,0,0,0
2018-02-08,3,1,2
2018-02-25,0,0,0
2018-02-15,6,2,4
2018-01-18,0,0,0
2018-01-23,8,7,1
2018-02-08,35,34,1
2018-01-29,0,0,0
2018-01-29,0,0,0
2018-02-09,0,0,0
2018-01-07,2,2,0
2018-02-22,0,0,0
2018-01-09,5,5,0
2018-02-14,4,2,2
2018-02-18,1,0,1
2018-02-10,0,0,0
2018-01-21,1,0,1
2018-02-23,1,0,1
2018-01-31,5,5,0
2018-01-09,2,2,0
2018-02-06,20,19,1
2018-02-03,0,0,0
2018-02-07,27,26,1
2018-01-11,14,13,1
2018-02-07,0,0,0
2018-01-17,3,3,0
2018-01-02,2,2,0
2018-01-13,1,1,0
2018-02-15,2,1,1
2018-01-13,0,0,0
2018-01-16,1,1,0
2018-02-19,3,2,1
2018-01-28,5,1,4
2018-02-04,11,5,6
2018-01-04,0,0,0
2018-01-25,18,17,1
2018-02-22,1,0,1
2018-01-20,0,0,0
2018-02-12,2,2,0
2018-01-24,0,0,0
2018-01-14,0,0,0
2018-02-22,2,2,0
2018-01-23,2,1,1
2018-02-12,1,1,0
2018-03-21,1,1,0
2018-03-15,0,0,0
2018-03-16,0,0,0
2018-03-03,5,4,1
2018-03-19,0,0,0
2018-03-18,4,3,1
2018-03-21,5,5,0
2018-03-20,2,2,0
2018-03-08,1,1,0
2018-03-13,0,0,0
2018-03-17,10,7,3
2018-03-20,5,2,3
2018-03-10,5,1,4
2018-03-01,0,0,0
2018-03-26,25,25,0
2018-03-12,35,32,3
2018-03-01,25,25,0
2018-03-14,6,6,0
2018-03-17,2,2,0
2018-03-22,1,1,0
2018-03-01,8,2,6
2018-03-22,1,0,1
2018-03-31,2,2,0
2018-03-01,0,0,0
2018-03-18,0,0,0
2018-03-05,6,5,1
2018-03-03,0,0,0
2018-03-06,7,2,5
2018-03-20,2,2,0
2018-03-10,11,9,2
2018-03-22,3,3,0
2018-03-10,0,0,0
2018-03-27,12,1,11
2018-03-09,0,0,0
2018-03-22,0,0,0
2018-03-12,0,0,0
2018-03-19,0,0,0
2018-03-05,8,8,0
2018-03-16,0,0,0
2018-03-09,6,1,5
2018-03-30,4,4,0
2018-03-16,5,3,2
2018-03-10,0,0,0
2018-03-27,2,1,1
2018-03-19,1,0,1
2018-03-27,28,27,1
2018-03-10,4,4,0
2018-03-05,0,0,0
2018-03-17,0,0,0
2018-03-08,0,0,0
2018-03-29,1,1,0
2018-03-01,3,2,1
2018-03-22,0,0,0
2018-03-13,1,1,0
2018-03-10,0,0,0
2018-03-23,1,1,0
2018-03-16,2,2,0
2018-03-19,7,7,0
2018-03-25,9,4,5
2018-03-12,1,0,1
2018-03-03,5,3,2
2018-03-29,0,0,0
2018-03-29,9,0,9
2018-03-07,0,0,0
2018-03-06,0,0,0
2018-03-18,0,0,0
2018-03-29,2,2,0
2018-03-31,0,0,0
2018-03-01,1,1,0
2018-03-24,0,0,0
2018-03-06,0,0,0
2018-03-03,6,4,2
2018-03-07,9,7,2
2018-03-30,3,0,3
2018-03-16,0,0,0
2018-03-03,1,1,0
2018-03-08,1,1,0
2018-03-23,1,0,1
2018-03-27,2,1,1
2018-03-28,0,0,0
2018-03-22,4,4,0
2018-03-11,0,0,0
2018-03-11,0,0,0
2018-03-16,7,5,2
2018-03-04,0,0,0
2018-03-23,4,0,4
2018-03-25,8,7,1
2018-03-08,2,2,0
2018-03-29,15,14,1
2018-03-24,2,2,0
2018-03-02,0,0,0
2018-03-28,4,3,1
2018-03-18,0,0,0
2018-03-27,0,0,0
2018-03-24,0,0,0
2018-03-19,7,7,0
2018-03-21,0,0,0
2018-03-15,7,1,6
2018-03-27,3,2,1
2018-03-29,3,3,0
2018-03-08,0,0,0
2018-03-04,0,0,0
2018-03-05,3,3,0
2018-03-24,0,0,0
2018-03-14,3,3,0
2018-03-11,0,0,0
2018-03-04,0,0,0
2018-03-15,8,8,0
2018-03-29,0,0,0
2018-03-30,7,0,7
2018-03-13,6,0,6
2018-03-04,0,0,0
2018-03-20,13,13,0
2018-03-24,0,0,0
2018-03-26,1,1,0
2018-03-06,0,0,0
2018-03-25,1,0,1
2018-03-18,6,2,4
2018-03-07,25,25,0
2018-03-06,2,1,1
2018-03-23,13,11,2
2018-03-21,0,0,0
2018-03-31,3,3,0
2018-03-05,3,2,1
2018-03-14,5,3,2
2018-03-21,11,11,0
2018-03-21,3,0,3
2018-03-12,6,2,4
2018-03-01,3,2,1
2018-03-09,1,1,0
2018-03-18,1,1,0
2018-03-19,0,0,0
2018-03-08,9,9,0
2018-03-17,0,0,0
2018-03-12,8,3,5
2018-03-05,21,21,0
2018-03-17,0,0,0
2018-03-10,1,1,0
2018-03-09,5,4,1
2018-03-26,28,26,2
2018-03-22,0,0,0
2018-03-14,0,0,0
2018-03-27,1,1,0
2018-03-28,8,7,1
2018-03-05,0,0,0
2018-03-08,0,0,0
2018-03-25,0,0,0
2018-03-27,1,0,1
2018-03-28,0,0,0
2018-03-19,35,35,0
2018-03-14,9,8,1
2018-03-27,3,3,0
2018-03-12,1,1,0
2018-03-12,0,0,0
2018-03-13,0,0,0
2018-03-24,0,0,0
2018-03-24,3,1,2
2018-03-31,17,14,3
2018-03-24,3,2,1
2018-03-13,7,1,6
2018-03-01,8,1,7
2018-03-29,5,5,0
2018-03-28,33,31,2
2018-03-26,0,0,0
2018-03-26,0,0,0
2018-03-01,0,0,0
2018-03-07,0,0,0
2018-03-31,9,5,4
2018-03-25,2,0,2
2018-03-09,0,0,0
2018-03-29,6,4,2
2018-03-30,3,1,2
2018-03-19,17,13,4
2018-03-24,5,3,2
2018-03-10,0,0,0
2018-03-19,0,0,0
2018-03-23,0,0,0
2018-03-05,0,0,0
2018-03-22,10,0,10
2018-03-26,9,1,8
2018-03-09,0,0,0
2018-03-27,1,1,0
2018-03-02,4,3,1
2018-03-13,0,0,0
2018-03-04,0,0,0
2018-03-12,0,0,0
2018-03-02,1,1,0
2018-03-03,0,0,0
2018-03-21,0,0,0
2018-03-12,1,1,0
2018-03-24,0,0,0
2018-03-26,6,6,0
2018-03-24,11,6,5
2018-03-30,6,0,6
2018-03-18,7,3,4
2018-03-20,0,0,0
2018-03-20,23,23,0
2018-03-15,9,0,9
2018-03-24,1,0,1
2018-03-13,2,0,2
2018-03-03,0,0,0
2018-03-21,10,8,2
2018-03-29,0,0,0
2018-03-21,0,0,0
2018-03-04,0,0,0
2018-03-22,0,0,0
2018-03-04,0,0,0
2018-03-16,1,0,1
2018-03-13,6,5,1
2018-03-27,0,0,0
2018-03-06,2,2,0
2018-03-26,4,4,0
2018-03-05,5,0,5
2018-03-11,0,0,0
2018-03-06,5,5,0
2018-03-28,3,2,1
2018-03-31,0,0,0
2018-03-25,0,0,0
2018-03-21,1,1,0
2018-03-19,7,0,7
2018-03-23,2,1,1
2018-03-20,3,2,1
2018-03-04,5,4,1
2018-03-10,1,0,1
2018-03-17,2,1,1
2018-03-18,2,0,2
2018-03-02,0,0,0
2018-03-14,0,0,0
2018-03-04,3,3,0
2018-03-30,0,0,0
2018-03-02,3,2,1
2018-03-23,0,0,0
2018-03-24,1,1,0
2018-03-05,1,1,0
2018-03-29,0,0,0
2018-03-25,0,0,0
2018-03-24,4,2,2
2018-03-06,1,1,0
2018-03-14,1,1,0
2018-03-05,1,1,0
2018-03-25,9,5,4
2018-03-29,2,0,2
2018-03-02,4,0,4
2018-03-25,3,2,1
2018-03-30,7,7,0
2018-03-04,0,0,0
2018-03-07,1,1,0
2018-03-04,4,2,2
2018-03-07,10,10,0
2018-03-29,0,0,0
2018-03-03,3,1,2
2018-03-08,0,0,0
2018-03-06,0,0,0
2018-03-24,0,0,0
2018-03-26,3,0,3
2018-03-09,6,1,5
2018-03-09,2,1,1
2018-03-04,0,0,0
2018-03-12,12,8,4
2018-03-12,16,16,0
2018-03-06,1,0,1
2018-03-20,5,1,4
2018-03-28,17,17,0
2018-03-21,2,0,2
2018-03-07,0,0,0
2018-03-15,2,2,0
2018-03-08,5,1,4
2018-03-05,4,0,4
2018-03-07,10,10,0
2018-03-11,1,1,0
2018-03-05,34,33,1
2018-03-06,1,0,1
2018-03-13,2,0,2
2018-03-31,8,8,0
2018-03-30,0,0,0
2018-03-07,4,3,1
2018-03-11,1,0,1
2018-03-19,0,0,0
2018-03-16,0,0,0
2018-03-09,0,0,0
2018-03-17,0,0,0
2018-03-28,2,0,2
2018-03-06,5,4,1
2018-03-02,7,7,0
2018-03-05,4,0,4
2018-03-01,1,1,0
2018-03-17,6,1,5
2018-03-07,8,1,7
2018-03-05,3,0,3
2018-03-17,13,7,6
2018-03-11,0,0,0
2018-03-07,1,1,0
2018-03-21,1,1,0
2018-03-26,3,0,3
2018-03-30,20,17,3
2018-03-11,7,7,0
2018-03-13,4,4,0
2018-03-07,2,1,1
2018-03-31,13,10,3
2018-03-14,28,26,2
2018-03-30,3,0,3
2018-03-30,0,0,0
2018-03-11,0,0,0
2018-03-09,12,9,3
2018-03-05,2,0,2
2018-03-18,1,0,1
2018-03-18,0,0,0
2018-03-18,10,8,2
2018-03-09,1,1,0
2018-03-08,18,18,0
2018-03-15,4,4,0
2018-03-09,0,0,0
2018-03-22,0,0,0
2018-03-26,0,0,0
2018-03-13,1,1,0
2018-03-18,4,2,2
2018-03-31,9,6,3
2018-03-31,0,0,0
2018-03-30,21,21,0
2018-03-26,6,5,1
2018-03-23,5,0,5
2018-03-20,0,0,0
2018-03-17,0,0,0
2018-03-14,2,1,1
2018-03-09,4,2,2
2018-03-20,6,0,6
2018-03-02,0,0,0
2018-03-29,24,24,0
2018-03-06,21,21,0
2018-03-08,6,1,5
2018-03-23,0,0,0
2018-03-27,1,1,0
2018-03-14,1,1,0
2018-03-31,9,5,4
2018-03-30,0,0,0
2018-03-28,1,0,1
2018-03-22,3,0,3
2018-03-26,0,0,0
2018-03-03,1,1,0
2018-03-18,0,0,0
2018-03-20,0,0,0
2018-03-23,1,0,1
2018-03-27,0,0,0
2018-03-27,16,14,2
2018-03-19,5,4,1
2018-03-01,13,13,0
2018-03-05,9,1,8
2018-03-10,8,7,1
2018-03-31,10,7,3
2018-03-20,18,15,3
2018-03-11,9,6,3
2018-03-07,0,0,0
2018-03-05,7,7,0
2018-03-09,4,2,2
2018-03-01,0,0,0
2018-03-23,3,3,0
2018-03-29,32,29,3
2018-03-13,32,31,1
2018-03-02,0,0,0
2018-03-31,1,1,0
2018-03-21,0,0,0
2018-03-24,4,3,1
2018-03-14,5,0,5
2018-03-24,0,0,0
2018-03-14,2,0,2
2018-03-03,9,9,0
2018-03-27,0,0,0
2018-03-14,18,16,2
2018-03-02,1,1,0
2018-03-18,0,0,0
2018-03-29,0,0,0
2018-03-17,14,12,2
2018-03-30,1,1,0
2018-03-12,10,0,10
2018-03-25,2,2,0
2018-03-20,0,0,0
2018-03-06,16,16,0
2018-03-29,4,4,0
2018-03-20,3,3,0
2018-03-15,5,2,3
2018-03-11,0,0,0
2018-03-30,3,3,0
2018-03-03,3,2,1
2018-03-22,1,1,0
2018-03-10,0,0,0
2018-03-26,2,0,2
2018-03-30,8,7,1
2018-03-16,27,26,1
2018-03-10,2,2,0
2018-03-09,0,0,0
2018-03-15,0,0,0
2018-03-26,2,2,0
2018-03-19,0,0,0
2018-03-07,0,0,0
2018-03-15,10,9,1
2018-03-02,3,1,2
2018-03-13,1,0,1
2018-03-03,8,6,2
2018-03-06,9,1,8
2018-03-04,2,1,1
2018-03-26,0,0,0
2018-03-20,30,30,0
2018-03-23,1,0,1
2018-03-08,0,0,0
2018-03-02,4,0,4
2018-03-20,0,0,0
2018-03-22,1,1,0
2018-03-18,0,0,0
2018-03-25,0,0,0
2018-03-01,3,3,0
2018-03-01,26,22,4
2018-03-11,1,1,0
2018-03-28,0,0,0
2018-03-16,10,4,6
2018-03-01,3,3,0
2018-03-30,0,0,0
2018-03-31,0,0,0
2018-03-01,0,0,0
2018-03-08,1,0,1
2018-03-23,0,0,0
2018-03-25,0,0,0
2018-03-14,0,0,0
2018-03-07,4,1,3
2018-03-13,4,1,3
2018-03-01,8,8,0
2018-03-07,0,0,0
2018-03-29,4,1,3
2018-03-30,1,1,0
2018-03-19,1,1,0
2018-03-09,0,0,0
2018-03-27,0,0,0
2018-03-22,12,11,1
2018-03-04,1,1,0
2018-03-02,0,0,0
2018-03-06,41,40,1
2018-03-05,0,0,0
2018-03-25,5,3,2
2018-03-22,5,3,2
2018-03-07,13,13,0
2018-03-10,0,0,0
2018-03-23,0,0,0
2018-03-05,0,0,0
2018-03-02,4,1,3
2018-03-28,5,2,3
2018-03-30,1,1,0
2018-03-29,6,0,6
2018-03-23,12,10,2
2018-03-09,14,14,0
2018-03-16,7,4,3
2018-03-24,2,1,1
2018-03-16,7,0,7
2018-03-31,4,4,0
2018-03-20,4,3,1
2018-03-15,0,0,0
2018-03-15,2,2,0
2018-03-13,1,1,0
2018-03-30,0,0,0
2018-03-31,1,1,0
2018-03-07,0,0,0
2018-03-01,3,3,0
2018-03-04,1,0,1
2018-03-24,0,0,0
2018-03-10,10,9,1
2018-03-31,0,0,0
2018-03-08,1,1,0
2018-03-08,0,0,0
2018-03-21,0,0,0
2018-03-22,1,1,0
2018-03-06,1,1,0
2018-03-10,14,8,6
2018-03-16,18,17,1
2018-03-16,0,0,0
2018-03-11,11,9,2
2018-03-02,0,0,0
2018-03-24,0,0,0
2018-03-17,0,0,0
2018-03-15,0,0,0
2018-03-30,3,3,0
2018-03-25,0,0,0
2018-03-13,4,3,1
2018-03-18,3,3,0
2018-03-19,8,1,7
2018-03-31,0,0,0
2018-03-12,13,11,2
2018-03-13,14,14,0
2018-03-12,0,0,0
2018-03-08,3,3,0
2018-03-15,2,0,2
2018-03-03,0,0,0
2018-03-21,6,1,5
2018-03-24,0,0,0
2018-03-04,0,0,0
2018-03-12,13,10,3
2018-03-19,2,0,2
2018-03-01,0,0,0
2018-03-18,1,0,1
2018-03-04,7,7,0
2018-03-07,1,0,1
2018-03-05,3,2,1
2018-03-07,3,1,2
2018-03-11,17,13,4
2018-03-21,5,2,3
2018-03-19,7,0,7
2018-03-07,2,2,0
2018-03-13,11,11,0
2018-03-12,5,5,0
2018-03-28,8,2,6
2018-03-26,1,1,0
2018-03-17,1,0,1
2018-03-24,10,8,2
2018-03-18,6,5,1
2018-03-06,1,1,0
2018-03-28,9,2,7
2018-03-08,0,0,0
2018-03-03,0,0,0
2018-03-19,0,0,0
2018-03-24,0,0,0
2018-03-15,15,14,1
2018-03-20,6,5,1
2018-03-09,5,1,4
2018-03-06,1,1,0
2018-03-29,14,14,0
2018-03-17,0,0,0
2018-03-05,0,0,0
2018-03-18,0,0,0
2018-03-15,0,0,0
2018-03-14,1,1,0
2018-03-26,1,0,1
2018-03-26,0,0,0
2018-03-09,3,0,3
2018-03-17,9,4,5
2018-03-15,1,1,0
2018-03-26,10,10,0
2018-03-11,1,1,0
2018-03-21,6,0,6
2018-03-28,5,3,2
2018-03-28,9,9,0
2018-03-08,2,0,2
2018-03-20,0,0,0
2018-03-19,4,4,0
2018-03-11,26,19,7
2018-03-13,0,0,0
2018-03-17,0,0,0
2018-03-11,1,1,0
2018-03-06,2,2,0
2018-03-26,1,0,1
2018-03-11,0,0,0
2018-03-12,46,43,3
2018-03-31,9,7,2
2018-03-26,2,2,0
2018-03-25,0,0,0
2018-03-22,3,1,2
2018-03-17,0,0,0
2018-03-23,1,0,1
2018-03-27,9,9,0
2018-03-22,5,4,1
2018-03-02,1,0,1
2018-03-15,34,29,5
2018-03-30,6,6,0
2018-03-08,11,11,0
2018-03-27,8,8,0
2018-03-21,14,13,1
2018-03-22,3,1,2
2018-03-08,1,0,1
2018-03-29,1,1,0
2018-03-17,0,0,0
2018-03-01,0,0,0
2018-03-08,4,4,0
2018-03-23,0,0,0
2018-03-31,0,0,0
2018-03-02,2,2,0
2018-03-10,1,1,0
2018-03-02,22,22,0
2018-03-13,2,1,1
2018-03-11,13,8,5
2018-03-12,8,0,8
2018-03-16,7,5,2
2018-03-22,1,1,0
2018-03-14,1,0,1
2018-03-23,0,0,0
2018-03-15,8,6,2
2018-03-23,3,2,1
2018-03-01,3,1,2
2018-03-28,0,0,0
2018-03-26,2,2,0
2018-03-18,1,0,1
2018-03-03,11,9,2
2018-03-02,11,11,0
2018-03-04,0,0,0
2018-03-16,0,0,0
2018-03-30,11,11,0
2018-03-14,0,0,0
2018-03-25,4,2,2
2018-03-10,1,0,1
2018-03-19,0,0,0
2018-03-19,5,0,5
2018-03-07,1,1,0
2018-03-02,5,5,0
2018-03-05,9,9,0
2018-03-07,25,23,2
2018-03-17,4,1,3
2018-03-01,4,1,3
2018-03-04,2,1,1
2018-03-11,14,7,7
2018-03-12,7,0,7
2018-03-15,2,1,1
2018-03-19,1,1,0
2018-03-28,2,2,0
2018-03-15,6,0,6
2018-03-25,5,4,1
2018-03-10,13,4,9
2018-03-08,12,12,0
2018-03-03,3,1,2
2018-03-20,5,4,1
2018-03-02,2,0,2
2018-03-02,15,15,0
2018-03-25,0,0,0
2018-03-07,0,0,0
2018-03-03,0,0,0
2018-03-28,5,0,5
2018-03-03,1,1,0
2018-03-28,1,1,0
2018-03-31,0,0,0
2018-03-25,0,0,0
2018-03-12,0,0,0
2018-03-10,10,8,2
2018-03-21,34,31,3
2018-03-03,7,6,1
2018-03-25,10,8,2
2018-03-09,5,4,1
2018-03-31,0,0,0
2018-03-19,7,7,0
2018-03-15,5,3,2
2018-03-11,22,14,8
2018-03-23,8,7,1
2018-03-21,2,2,0
2018-03-13,1,1,0
2018-03-16,0,0,0
2018-03-16,0,0,0
2018-03-09,2,2,0
2018-03-28,5,4,1
2018-03-06,10,9,1
2018-03-05,11,11,0
2018-03-10,0,0,0
2018-03-14,6,3,3
2018-03-02,4,0,4
2018-03-16,12,9,3
2018-03-09,26,25,1
2018-03-22,16,16,0
2018-03-17,3,1,2
2018-03-18,6,5,1
2018-03-23,5,2,3
2018-03-16,13,13,0
2018-03-14,4,3,1
2018-03-27,5,0,5
2018-03-10,5,2,3
2018-03-25,0,0,0
2018-03-28,1,1,0
2018-03-29,0,0,0
2018-03-14,26,26,0
2018-03-04,1,1,0
2018-03-23,11,11,0
2018-03-12,0,0,0
2018-03-20,4,2,2
2018-03-11,0,0,0
2018-03-08,0,0,0
2018-03-22,0,0,0
2018-03-04,0,0,0
2018-03-20,1,0,1
2018-03-04,2,1,1
2018-03-28,0,0,0
2018-03-13,4,4,0
2018-03-27,3,0,3
2018-03-27,0,0,0
2018-03-19,29,29,0
2018-03-24,2,2,0
2018-03-17,6,5,1
2018-03-14,3,1,2
2018-03-21,4,1,3
2018-03-25,8,5,3
2018-03-08,3,0,3
2018-03-30,0,0,0
2018-03-26,6,2,4
2018-03-14,9,3,6
2018-03-16,8,0,8
2018-03-17,0,0,0
2018-03-31,1,1,0
2018-03-27,20,20,0
2018-03-15,28,26,2
2018-03-14,2,2,0
2018-03-18,0,0,0
2018-03-29,6,3,3
2018-03-04,8,5,3
2018-03-15,0,0,0
2018-03-22,2,1,1
2018-03-06,4,1,3
2018-03-21,22,21,1
2018-03-21,6,0,6
2018-03-23,0,0,0
2018-03-16,2,1,1
2018-03-11,0,0,0
2018-03-27,1,0,1
2018-03-25,4,4,0
2018-03-16,1,1,0
2018-03-01,0,0,0
2018-03-10,0,0,0
2018-03-20,7,2,5
2018-03-23,1,1,0
2018-03-21,5,0,5
2018-03-29,0,0,0
2018-03-01,4,0,4
2018-03-03,0,0,0
2018-03-10,10,4,6
2018-03-27,2,0,2
2018-03-16,5,1,4
2018-03-06,8,3,5
2018-03-03,0,0,0
2018-03-12,8,5,3
2018-03-28,0,0,0
2018-03-03,6,3,3
2018-03-17,5,2,3
2018-03-18,12,8,4
2018-03-13,3,0,3
2018-03-12,1,1,0
2018-03-02,1,1,0
2018-03-10,0,0,0
2018-03-03,0,0,0
2018-03-15,3,1,2
2018-03-17,0,0,0
2018-03-28,9,9,0
2018-03-09,1,0,1
2018-03-03,13,11,2
2018-03-22,8,8,0
2018-03-18,0,0,0
2018-03-31,3,1,2
2018-03-13,1,0,1
2018-03-20,2,0,2
2018-03-25,0,0,0
2018-03-09,1,1,0
2018-03-14,5,0,5
2018-03-12,15,10,5
2018-03-11,3,0,3
2018-03-04,6,3,3
2018-03-06,0,0,0
2018-04-01,5,5,0
2018-04-01,0,0,0
2018-04-02,12,9,3
2018-04-04,0,0,0
2018-04-01,2,1,1
2018-04-26,0,0,0
2018-04-12,0,0,0
2018-04-28,0,0,0
2018-04-18,2,2,0
2018-04-08,1,0,1
2018-04-15,5,4,1
2018-04-27,4,3,1
2018-04-17,4,0,4
2018-04-20,5,4,1
2018-04-21,0,0,0
2018-04-08,1,0,1
2018-04-10,5,5,0
2018-04-01,1,1,0
2018-04-13,7,1,6
2018-04-11,0,0,0
2018-04-16,0,0,0
2018-04-20,6,5,1
2018-04-02,27,27,0
2018-04-21,9,6,3
2018-04-09,5,1,4
2018-04-23,10,1,9
2018-04-13,0,0,0
2018-04-29,7,3,4
2018-04-10,5,2,3
2018-04-15,4,4,0
2018-04-08,0,0,0
2018-04-10,1,0,1
2018-04-02,0,0,0
2018-04-14,0,0,0
2018-04-09,1,1,0
2018-04-11,2,2,0
2018-04-13,0,0,0
2018-04-23,5,3,2
2018-04-13,0,0,0
2018-04-11,2,1,1
2018-04-13,4,4,0
2018-04-26,1,1,0
2018-04-04,3,3,0
2018-04-19,8,7,1
2018-04-17,2,2,0
2018-04-01,0,0,0
2018-04-12,2,2,0
2018-04-04,4,0,4
2018-04-07,0,0,0
2018-04-10,0,0,0
2018-04-17,7,7,0
2018-04-25,7,7,0
2018-04-04,22,22,0
2018-04-29,10,5,5
2018-04-24,2,0,2
2018-04-21,6,5,1
2018-04-01,0,0,0
2018-04-14,0,0,0
2018-04-06,2,2,0
2018-04-28,2,1,1
2018-04-26,43,40,3
2018-04-15,1,1,0
2018-04-11,6,1,5
2018-04-18,4,0,4
2018-04-21,0,0,0
2018-04-03,10,2,8
2018-04-02,,,
2018-04-10,29,27,2
2018-04-16,0,0,0
2018-04-12,1,1,0
2018-04-28,1,1,0
2018-04-24,8,8,0
2018-04-12,4,1,3
2018-04-27,22,21,1
2018-04-29,1,1,0
2018-04-25,0,0,0
2018-04-24,6,5,1
2018-04-30,1,1,0
2018-04-12,8,8,0
2018-04-26,0,0,0
2018-04-14,5,4,1
2018-04-23,8,3,5
2018-04-05,10,10,0
2018-04-10,0,0,0
2018-04-06,0,0,0
2018-04-25,19,16,3
2018-04-24,10,1,9
2018-04-21,8,5,3
2018-04-17,12,11,1
2018-04-29,1,0,1
2018-04-21,6,2,4
2018-04-19,2,1,1
2018-04-01,1,0,1
2018-04-15,0,0,0
2018-04-29,0,0,0
2018-04-02,19,17,2
2018-04-16,0,0,0
2018-04-09,10,8,2
2018-04-22,10,5,5
2018-04-08,5,1,4
2018-04-22,12,12,0
2018-04-07,0,0,0
2018-04-29,9,6,3
2018-04-27,8,6,2
2018-04-04,0,0,0
2018-04-19,4,1,3
2018-04-09,8,7,1
2018-04-16,6,0,6
2018-04-26,2,2,0
2018-04-11,1,0,1
2018-04-18,0,0,0
2018-04-20,0,0,0
2018-04-03,3,0,3
2018-04-01,5,1,4
2018-04-12,6,6,0
2018-04-29,12,9,3
2018-04-29,3,1,2
2018-04-20,1,0,1
2018-04-30,2,2,0
2018-04-16,26,26,0
2018-04-02,0,0,0
2018-04-25,1,1,0
2018-04-13,3,0,3
2018-04-25,7,4,3
2018-04-05,2,1,1
2018-04-09,0,0,0
2018-04-08,7,6,1
2018-04-22,0,0,0
2018-04-11,0,0,0
2018-04-06,3,3,0
2018-04-06,15,14,1
2018-04-07,0,0,0
2018-04-19,3,0,3
2018-04-10,1,0,1
2018-04-08,3,0,3
2018-04-04,0,0,0
2018-04-13,0,0,0
2018-04-21,0,0,0
2018-04-02,0,0,0
2018-04-23,34,33,1
2018-04-09,25,25,0
2018-04-23,0,0,0
2018-04-26,5,5,0
2018-04-30,24,24,0
2018-04-28,3,2,1
2018-04-05,2,0,2
2018-04-22,5,5,0
2018-04-15,1,0,1
2018-04-02,2,1,1
2018-04-13,2,2,0
2018-04-26,7,5,2
2018-04-23,0,0,0
2018-04-14,1,0,1
2018-04-25,2,2,0
2018-04-12,5,1,4
2018-04-25,1,1,0
2018-04-28,0,0,0
2018-04-18,9,9,0
2018-04-27,3,3,0
2018-04-15,10,7,3
2018-04-23,1,1,0
2018-04-27,6,1,5
2018-04-30,0,0,0
2018-04-06,7,7,0
2018-04-02,8,7,1
2018-04-08,0,0,0
2018-04-03,1,1,0
2018-04-25,9,6,3
2018-04-19,0,0,0
2018-04-25,1,1,0
2018-04-19,1,1,0
2018-04-06,5,5,0
2018-04-19,2,2,0
2018-04-20,6,0,6
2018-04-25,7,5,2
2018-04-08,3,2,1
2018-04-04,20,19,1
2018-04-12,0,0,0
2018-04-12,0,0,0
2018-04-20,4,2,2
2018-04-21,8,5,3
2018-04-01,1,0,1
2018-04-13,4,0,4
2018-04-06,2,0,2
2018-04-09,0,0,0
2018-04-05,3,3,0
2018-04-30,0,0,0
2018-04-21,0,0,0
2018-04-14,0,0,0
2018-04-09,4,4,0
2018-04-23,23,22,1
2018-04-16,11,11,0
2018-04-04,0,0,0
2018-04-03,0,0,0
2018-04-21,4,2,2
2018-04-13,17,17,0
2018-04-28,3,2,1
2018-04-27,6,0,6
2018-04-21,7,6,1
2018-04-03,2,2,0
2018-04-27,0,0,0
2018-04-03,3,0,3
2018-04-07,0,0,0
2018-04-08,0,0,0
2018-04-20,7,1,6
2018-04-25,8,8,0
2018-04-04,11,11,0
2018-04-04,1,1,0
2018-04-14,6,2,4
2018-04-25,4,0,4
2018-04-17,29,29,0
2018-04-23,7,3,4
2018-04-10,0,0,0
2018-04-21,0,0,0
2018-04-27,5,4,1
2018-04-11,4,4,0
2018-04-08,3,2,1
2018-04-19,0,0,0
2018-04-06,5,2,3
2018-04-13,2,1,1
2018-04-22,12,10,2
2018-04-23,1,1,0
2018-04-26,4,0,4
2018-04-16,0,0,0
2018-04-12,5,0,5
2018-04-09,7,2,5
2018-04-25,9,1,8
2018-04-19,12,11,1
2018-04-27,6,0,6
2018-04-29,0,0,0
2018-04-01,1,1,0
2018-04-20,19,17,2
2018-04-30,7,1,6
2018-04-12,0,0,0
2018-04-17,5,2,3
2018-04-24,0,0,0
2018-04-06,15,12,3
2018-04-16,2,2,0
2018-04-26,31,30,1
2018-04-06,1,0,1
2018-04-30,0,0,0
2018-04-20,0,0,0
2018-04-08,7,6,1
2018-04-20,0,0,0
2018-04-23,7,5,2
2018-04-25,0,0,0
2018-04-14,0,0,0
2018-04-28,0,0,0
2018-04-18,1,1,0
2018-04-23,6,6,0
2018-04-05,4,0,4
2018-04-03,14,14,0
2018-04-05,0,0,0
2018-04-24,8,4,4
2018-04-25,18,18,0
2018-04-23,6,5,1
2018-04-09,2,2,0
2018-04-07,0,0,0
2018-04-16,0,0,0
2018-04-02,0,0,0
2018-04-24,1,1,0
2018-04-28,4,4,0
2018-04-11,0,0,0
2018-04-28,3,1,2
2018-04-25,0,0,0
2018-04-24,10,4,6
2018-04-14,3,2,1
2018-04-15,0,0,0
2018-04-24,0,0,0
2018-04-30,8,0,8
2018-04-12,5,5,0
2018-04-14,0,0,0
2018-04-19,1,1,0
2018-04-07,0,0,0
2018-04-09,0,0,0
2018-04-17,0,0,0
2018-04-11,3,0,3
2018-04-02,0,0,0
2018-04-30,9,6,3
2018-04-01,0,0,0
2018-04-16,5,3,2
2018-04-04,0,0,0
2018-04-29,0,0,0
2018-04-18,5,5,0
2018-04-20,5,4,1
2018-04-29,7,7,0
2018-04-14,0,0,0
2018-04-03,7,4,3
2018-04-23,12,0,12
2018-04-22,0,0,0
2018-04-06,30,30,0
2018-04-11,1,1,0
2018-04-30,0,0,0
2018-04-21,3,3,0
2018-04-18,1,1,0
2018-04-30,2,0,2
2018-04-01,0,0,0
2018-04-17,9,8,1
2018-04-03,2,2,0
2018-04-23,17,15,2
2018-04-02,0,0,0
2018-04-03,5,4,1
2018-04-04,1,1,0
2018-04-14,1,1,0
2018-04-17,5,0,5
2018-04-10,2,1,1
2018-04-09,5,2,3
2018-04-27,2,2,0
2018-04-18,2,0,2
2018-04-01,0,0,0
2018-04-29,0,0,0
2018-04-12,3,1,2
2018-04-11,19,19,0
2018-04-30,7,1,6
2018-04-01,1,1,0
2018-04-17,0,0,0
2018-04-08,0,0,0
2018-04-05,3,3,0
2018-04-15,7,6,1
2018-04-25,9,1,8
2018-04-24,6,6,0
2018-04-24,5,2,3
2018-04-17,1,1,0
2018-04-13,12,12,0
2018-04-24,39,36,3
2018-04-10,0,0,0
2018-04-03,0,0,0
2018-04-18,4,3,1
2018-04-22,0,0,0
2018-04-04,4,1,3
2018-04-20,6,6,0
2018-04-15,1,1,0
2018-04-08,2,1,1
2018-04-23,2,0,2
2018-04-29,0,0,0
2018-04-06,0,0,0
2018-04-03,3,2,1
2018-04-12,2,2,0
2018-04-16,5,4,1
2018-04-12,1,1,0
2018-04-01,0,0,0
2018-04-26,0,0,0
2018-04-05,1,1,0
2018-04-28,1,1,0
2018-04-14,0,0,0
2018-04-22,8,7,1
2018-04-19,8,0,8
2018-04-27,1,1,0
2018-04-07,0,0,0
2018-04-22,0,0,0
2018-04-13,2,1,1
2018-04-29,0,0,0
2018-04-02,3,0,3
2018-04-15,0,0,0
2018-04-13,0,0,0
2018-04-30,15,15,0
2018-04-12,0,0,0
2018-04-16,4,1,3
2018-04-12,2,1,1
2018-04-10,2,1,1
2018-04-12,1,1,0
2018-04-06,4,0,4
2018-04-02,5,3,2
2018-04-02,7,1,6
2018-04-22,13,6,7
2018-04-01,0,0,0
2018-04-15,4,2,2
2018-04-02,0,0,0
2018-04-11,5,5,0
2018-04-11,6,2,4
2018-04-22,0,0,0
2018-04-10,8,7,1
2018-04-03,4,1,3
2018-04-03,0,0,0
2018-04-11,4,1,3
2018-04-27,0,0,0
2018-04-13,0,0,0
2018-04-01,3,0,3
2018-04-12,2,2,0
2018-04-16,0,0,0
2018-04-15,0,0,0
2018-04-24,3,2,1
2018-04-18,5,1,4
2018-04-26,1,0,1
2018-04-19,0,0,0
2018-04-07,4,4,0
2018-04-06,13,9,4
2018-04-20,19,19,0
2018-04-18,0,0,0
2018-04-12,18,18,0
2018-04-07,1,1,0
2018-04-05,0,0,0
2018-04-14,2,1,1
2018-04-04,4,4,0
2018-04-28,1,1,0
2018-04-04,2,0,2
2018-04-26,7,5,2
2018-04-15,7,7,0
2018-04-09,1,1,0
2018-04-20,2,2,0
2018-04-01,5,5,0
2018-04-23,34,32,2
2018-04-07,1,1,0
2018-04-10,6,1,5
2018-04-14,0,0,0
2018-04-07,1,1,0
2018-04-28,3,2,1
2018-04-12,0,0,0
2018-04-08,4,4,0
2018-04-30,2,0,2
2018-04-03,17,14,3
2018-04-27,12,12,0
2018-04-10,1,1,0
2018-04-10,1,1,0
2018-04-29,8,5,3
2018-04-21,9,7,2
2018-04-19,7,6,1
2018-04-23,14,13,1
2018-04-17,0,0,0
2018-04-18,6,5,1
2018-04-19,0,0,0
2018-04-11,5,4,1
2018-04-29,1,1,0
2018-04-01,0,0,0
2018-04-30,0,0,0
2018-04-09,5,1,4
2018-04-03,2,1,1
2018-04-17,0,0,0
2018-04-20,3,0,3
2018-04-23,2,2,0
2018-04-29,0,0,0
2018-04-01,1,1,0
2018-04-17,7,1,6
2018-04-18,6,3,3
2018-04-28,0,0,0
2018-04-22,1,1,0
2018-04-07,4,4,0
2018-04-11,11,10,1
2018-04-22,0,0,0
2018-04-28,0,0,0
2018-04-19,1,1,0
2018-04-15,2,2,0
2018-04-06,0,0,0
2018-04-20,4,1,3
2018-04-03,4,0,4
2018-04-15,0,0,0
2018-04-05,1,1,0
2018-04-03,0,0,0
2018-04-06,2,2,0
2018-04-09,13,13,0
2018-04-11,5,4,1
2018-04-16,2,1,1
2018-04-03,25,23,2
2018-04-23,0,0,0
2018-04-04,0,0,0
2018-04-07,4,2,2
2018-04-09,0,0,0
2018-04-17,4,3,1
2018-04-11,0,0,0
2018-04-19,27,26,1
2018-04-27,19,19,0
2018-04-08,1,0,1
2018-04-05,8,8,0
2018-04-03,2,2,0
2018-04-28,0,0,0
2018-04-26,5,1,4
2018-04-05,20,19,1
2018-04-09,3,3,0
2018-04-06,3,3,0
2018-04-26,9,4,5
2018-04-05,1,1,0
2018-04-10,2,1,1
2018-04-15,0,0,0
2018-04-08,3,3,0
2018-04-21,5,5,0
2018-04-02,8,6,2
2018-04-06,0,0,0
2018-04-15,5,5,0
2018-04-02,0,0,0
2018-04-17,3,3,0
2018-04-13,10,10,0
2018-04-29,5,4,1
2018-04-12,0,0,0
2018-04-17,5,2,3
2018-04-29,3,3,0
2018-04-01,0,0,0
2018-04-24,1,1,0
2018-04-15,1,1,0
2018-04-06,3,0,3
2018-04-12,25,24,1
2018-04-05,3,3,0
2018-04-29,9,9,0
2018-04-30,1,1,0
2018-04-03,31,31,0
2018-04-22,6,5,1
2018-04-08,0,0,0
2018-04-18,5,1,4
2018-04-11,0,0,0
2018-04-29,0,0,0
2018-04-26,0,0,0
2018-04-02,3,3,0
2018-04-17,34,32,2
2018-04-27,4,0,4
2018-04-19,6,0,6
2018-04-10,0,0,0
2018-04-15,1,0,1
2018-04-07,2,1,1
2018-04-07,0,0,0
2018-04-24,23,22,1
2018-04-10,0,0,0
2018-04-15,0,0,0
2018-04-15,3,3,0
2018-04-26,1,1,0
2018-04-20,5,1,4
2018-04-18,0,0,0
2018-04-27,7,6,1
2018-04-11,0,0,0
2018-04-17,3,1,2
2018-04-07,1,1,0
2018-04-07,2,1,1
2018-04-28,0,0,0
2018-04-09,4,3,1
2018-04-19,4,1,3
2018-04-30,36,35,1
2018-04-22,6,4,2
2018-04-10,2,1,1
2018-04-16,0,0,0
2018-04-17,4,4,0
2018-04-20,27,24,3
2018-04-18,4,0,4
2018-04-26,5,2,3
2018-04-13,4,0,4
2018-04-30,8,2,6
2018-04-02,27,27,0
2018-04-15,0,0,0
2018-04-25,42,40,2
2018-04-08,0,0,0
2018-04-13,0,0,0
2018-04-22,1,1,0
2018-04-28,1,0,1
2018-04-01,0,0,0
2018-04-13,7,7,0
2018-04-04,1,1,0
2018-04-08,0,0,0
2018-04-04,3,1,2
2018-04-22,10,9,1
2018-04-16,0,0,0
2018-04-02,7,3,4
2018-04-14,1,1,0
2018-04-26,21,20,1
2018-04-16,0,0,0
2018-04-25,1,1,0
2018-04-24,6,4,2
2018-04-14,0,0,0
2018-04-04,1,1,0
2018-04-20,0,0,0
2018-04-05,0,0,0
2018-04-04,6,5,1
2018-04-04,0,0,0
2018-04-11,7,7,0
2018-04-18,10,9,1
2018-04-28,0,0,0
2018-04-05,0,0,0
2018-04-14,0,0,0
2018-04-21,0,0,0
2018-04-17,2,2,0
2018-04-05,4,1,3
2018-04-09,15,13,2
2018-04-14,0,0,0
2018-04-02,0,0,0
2018-04-10,20,16,4
2018-04-19,7,7,0
2018-04-24,0,0,0
2018-04-28,2,1,1
2018-04-27,4,2,2
2018-04-14,0,0,0
2018-04-19,1,1,0
2018-04-27,1,1,0
2018-04-18,7,6,1
2018-04-07,5,4,1
2018-04-09,0,0,0
2018-04-28,0,0,0
2018-04-10,1,1,0
2018-04-25,3,3,0
2018-04-23,0,0,0
2018-04-20,3,3,0
2018-04-16,19,19,0
2018-04-01,2,2,0
2018-04-18,3,3,0
2018-04-21,2,1,1
2018-04-25,8,2,6
2018-04-16,6,1,5
2018-04-14,1,0,1
2018-04-24,0,0,0
2018-04-14,1,1,0
2018-04-30,8,5,3
2018-04-10,8,8,0
2018-04-22,0,0,0
2018-04-24,41,38,3
2018-04-16,0,0,0
2018-04-16,9,7,2
2018-04-02,0,0,0
2018-04-11,1,1,0
2018-04-28,1,0,1
2018-04-21,0,0,0
2018-04-05,20,20,0
2018-04-21,8,6,2
2018-04-26,19,19,0
2018-04-13,1,1,0
2018-04-30,16,15,1
2018-04-21,0,0,0
2018-04-27,11,10,1
2018-04-23,0,0,0
2018-04-19,4,4,0
2018-04-09,0,0,0
2018-04-14,0,0,0
2018-04-06,1,1,0
2018-04-30,0,0,0
2018-04-09,3,0,3
2018-04-19,18,17,1
2018-04-07,3,3,0
2018-04-29,0,0,0
2018-04-25,29,29,0
2018-04-17,3,2,1
2018-04-22,0,0,0
2018-04-22,6,4,2
2018-04-22,6,4,2
2018-04-26,9,8,1
2018-04-07,1,1,0
2018-04-05,0,0,0
2018-04-05,2,1,1
2018-04-13,7,4,3
2018-04-16,0,0,0
2018-04-06,1,1,0
2018-04-04,0,0,0
2018-04-29,7,5,2
2018-04-17,2,0,2
2018-04-11,1,0,1
2018-04-24,0,0,0
2018-04-17,0,0,0
2018-04-28,0,0,0
2018-04-03,2,2,0
2018-04-24,13,12,1
2018-04-24,4,0,4
2018-04-25,21,18,3
2018-04-28,1,1,0
2018-04-13,1,0,1
2018-04-20,7,2,5
2018-04-16,4,0,4
2018-04-19,37,37,0
2018-04-27,0,0,0
2018-04-14,3,3,0
2018-04-27,0,0,0
2018-04-07,0,0,0
2018-04-08,2,2,0
2018-04-06,0,0,0
2018-04-04,4,4,0
2018-04-30,0,0,0
2018-04-21,0,0,0
2018-04-28,0,0,0
2018-04-05,4,4,0
2018-04-25,4,1,3
2018-04-08,3,3,0
2018-04-02,4,0,4
2018-04-19,6,6,0
2018-04-07,1,0,1
2018-04-27,1,0,1
2018-04-18,30,30,0
2018-04-01,0,0,0
2018-04-21,6,6,0
2018-04-21,3,3,0
2018-04-26,6,2,4
2018-04-15,4,2,2
2018-04-04,1,0,1
2018-04-21,2,2,0
2018-04-10,8,8,0
2018-04-24,1,1,0
2018-04-12,1,1,0
2018-04-06,3,3,0
2018-04-03,3,2,1
2018-04-20,2,2,0
2018-04-13,1,1,0
2018-04-27,6,1,5
2018-04-07,0,0,0
2018-04-13,5,4,1
2018-04-30,3,2,1
2018-04-26,8,8,0
2018-04-07,1,0,1
2018-04-03,0,0,0
2018-04-09,33,28,5
2018-04-05,1,1,0
2018-04-23,4,0,4
2018-04-22,2,0,2
2018-04-27,1,1,0
2018-04-05,0,0,0
2018-04-14,0,0,0
2018-04-26,0,0,0
2018-04-26,5,1,4
2018-04-08,0,0,0
2018-04-09,8,8,0
2018-04-18,0,0,0
2018-04-24,6,4,2
2018-04-30,4,4,0
2018-04-18,4,4,0
2018-04-20,0,0,0
2018-04-10,7,0,7
2018-04-08,3,3,0
2018-04-22,1,1,0
2018-04-18,32,32,0
2018-04-18,3,1,2
2018-04-15,0,0,0
2018-04-05,4,0,4
2018-04-22,0,0,0
2018-04-16,1,0,1
2018-04-23,4,4,0
2018-04-11,19,19,0
2018-04-29,0,0,0
2018-04-20,1,1,0
2018-04-06,4,0,4
2018-04-08,0,0,0
2018-05-13,17,7,10
2018-05-09,0,0,0
2018-05-28,19,13,6
2018-05-10,0,0,0
2018-05-01,6,6,0
2018-05-17,0,0,0
2018-05-25,1,1,0
2018-05-01,10,10,0
2018-05-29,8,8,0
2018-05-14,4,4,0
2018-05-23,0,0,0
2018-05-01,0,0,0
2018-05-09,0,0,0
2018-05-03,13,10,3
2018-05-28,0,0,0
2018-05-31,0,0,0
2018-05-13,0,0,0
2018-05-05,14,12,2
2018-05-13,4,1,3
2018-05-03,0,0,0
2018-05-07,0,0,0
2018-05-16,7,6,1
2018-05-31,6,0,6
2018-05-16,35,33,2
2018-05-24,0,0,0
2018-05-20,17,6,11
2018-05-14,10,1,9
2018-05-31,14,10,4
2018-05-21,8,6,2
2018-05-10,32,1,31
2018-05-10,0,0,0
2018-05-12,3,2,1
2018-05-14,9,9,0
2018-05-22,0,0,0
2018-05-14,2,0,2
2018-05-14,13,2,11
2018-05-14,0,0,0
2018-05-04,3,3,0
2018-05-12,12,3,9
2018-05-04,0,0,0
2018-05-19,11,8,3
2018-05-31,13,1,12
2018-05-16,3,2,1
2018-05-27,0,0,0
2018-05-21,15,14,1
2018-05-10,0,0,0
2018-05-17,10,10,0
2018-05-01,1,1,0
2018-05-08,0,0,0
2018-05-10,0,0,0
2018-05-14,12,5,7
2018-05-31,0,0,0
2018-05-23,0,0,0
2018-05-02,14,14,0
2018-05-29,15,2,13
2018-05-30,10,5,5
2018-05-28,5,4,1
2018-05-02,1,1,0
2018-05-06,0,0,0
2018-05-09,0,0,0
2018-05-17,10,10,0
2018-05-09,0,0,0
2018-05-03,1,1,0
2018-05-22,0,0,0
2018-05-25,0,0,0
2018-05-09,0,0,0
2018-05-29,38,2,36
2018-05-26,2,0,2
2018-05-25,1,0,1
2018-05-26,9,2,7
2018-05-03,0,0,0
2018-05-23,0,0,0
2018-05-06,0,0,0
2018-05-28,6,2,4
2018-05-16,9,5,4
2018-05-23,0,0,0
2018-05-29,13,10,3
2018-05-18,0,0,0
2018-05-17,5,2,3
2018-05-13,0,0,0
2018-05-15,0,0,0
2018-05-18,6,6,0
2018-05-15,0,0,0
2018-05-31,9,2,7
2018-05-23,0,0,0
2018-05-03,4,4,0
2018-05-22,1,0,1
2018-05-08,0,0,0
2018-05-30,35,35,0
2018-05-15,9,8,1
2018-05-30,0,0,0
2018-05-12,1,0,1
2018-05-20,15,9,6
2018-05-10,0,0,0
2018-05-22,0,0,0
2018-05-10,0,0,0
2018-05-16,22,0,22
2018-05-27,11,5,6
2018-05-02,7,7,0
2018-05-01,1,0,1
2018-05-10,0,0,0
2018-05-19,13,2,11
2018-05-22,0,0,0
2018-05-24,0,0,0
2018-05-05,0,0,0
2018-05-18,3,0,3
2018-05-22,0,0,0
2018-05-24,0,0,0
2018-05-22,0,0,0
2018-05-08,0,0,0
2018-05-20,8,3,5
2018-05-01,1,1,0
2018-05-21,14,10,4
2018-05-04,4,2,2
2018-05-02,1,1,0
2018-05-02,0,0,0
2018-05-14,4,3,1
2018-05-08,0,0,0
2018-05-03,0,0,0
2018-05-01,2,2,0
2018-05-02,10,2,8
2018-05-09,0,0,0
2018-05-20,19,3,16
2018-05-30,14,2,12
2018-05-13,21,14,7
2018-05-16,1,0,1
2018-05-16,6,6,0
2018-05-07,0,0,0
2018-05-28,2,0,2
2018-05-13,1,0,1
2018-05-15,5,4,1
2018-05-25,33,1,32
2018-05-23,1,0,1
2018-05-05,0,0,0
2018-05-26,4,1,3
2018-05-11,10,4,6
2018-05-20,6,5,1
2018-05-02,0,0,0
2018-05-23,0,0,0
2018-05-20,10,4,6
2018-05-17,0,0,0
2018-05-17,6,0,6
2018-05-13,4,3,1
2018-05-09,0,0,0
2018-05-10,1,0,1
2018-05-06,0,0,0
2018-05-23,0,0,0
2018-05-07,0,0,0
2018-05-04,1,1,0
2018-05-19,5,4,1
2018-05-06,1,1,0
2018-05-26,0,0,0
2018-05-24,0,0,0
2018-05-19,0,0,0
2018-05-01,1,1,0
2018-05-28,0,0,0
2018-05-16,13,3,10
2018-05-20,2,1,1
2018-05-25,8,0,8
2018-05-14,16,15,1
2018-05-15,7,5,2
2018-05-27,0,0,0
2018-05-03,3,3,0
2018-05-30,27,12,15
2018-05-15,13,13,0
2018-05-11,2,1,1
2018-05-01,11,4,7
2018-05-25,9,4,5
2018-05-08,0,0,0
2018-05-19,0,0,0
2018-05-07,0,0,0
2018-05-30,1,0,1
2018-05-03,23,22,1
2018-05-14,42,4,38
2018-05-04,11,10,1
2018-05-21,0,0,0
2018-05-29,7,3,4
2018-05-19,1,1,0
2018-05-18,16,16,0
2018-05-05,0,0,0
2018-05-03,47,46,1
2018-05-10,0,0,0
2018-05-04,3,1,2
2018-05-20,0,0,0
2018-05-07,0,0,0
2018-05-30,1,0,1
2018-05-21,1,0,1
2018-05-12,12,4,8
2018-05-18,16,5,11
2018-05-17,28,28,0
2018-05-20,0,0,0
2018-05-31,16,14,2
2018-05-15,7,4,3
2018-05-26,5,3,2
2018-05-17,9,8,1
2018-05-31,35,34,1
2018-05-04,13,12,1
2018-05-26,8,2,6
2018-05-05,2,1,1
2018-05-31,27,26,1
2018-05-11,0,0,0
2018-05-02,24,24,0
2018-05-26,1,0,1
2018-05-17,3,0,3
2018-05-27,4,0,4
2018-05-21,1,0,1
2018-05-31,1,0,1
2018-05-10,0,0,0
2018-05-02,0,0,0
2018-05-08,0,0,0
2018-05-27,0,0,0
2018-05-24,0,0,0
2018-05-11,6,0,6
2018-05-21,0,0,0
2018-05-14,0,0,0
2018-05-10,0,0,0
2018-05-05,0,0,0
2018-05-25,20,2,18
2018-05-09,0,0,0
2018-05-01,0,0,0
2018-05-31,7,0,7
2018-05-02,1,1,0
2018-05-27,0,0,0
2018-05-19,1,0,1
2018-05-17,17,0,17
2018-05-27,8,0,8
2018-05-31,51,4,47
2018-05-04,15,14,1
2018-05-12,4,1,3
2018-05-15,5,0,5
2018-05-30,8,3,5
2018-05-13,0,0,0
2018-05-11,12,2,10
2018-05-14,13,10,3
2018-05-22,1,0,1
2018-05-22,0,0,0
2018-05-18,19,3,16
2018-05-12,0,0,0
2018-05-29,13,6,7
2018-05-22,1,1,0
2018-05-01,40,39,1
2018-05-24,0,0,0
2018-05-26,0,0,0
2018-05-31,8,8,0
2018-05-07,1,1,0
2018-05-28,17,6,11
2018-05-05,5,4,1
2018-05-18,13,8,5
2018-05-05,13,8,5
2018-05-15,12,8,4
2018-05-14,0,0,0
2018-05-12,9,4,5
2018-05-25,0,0,0
2018-05-04,5,2,3
2018-05-01,0,0,0
2018-05-27,16,11,5
2018-05-16,7,4,3
2018-05-02,2,2,0
2018-05-23,0,0,0
2018-05-09,0,0,0
2018-05-30,47,5,42
2018-05-19,11,0,11
2018-05-12,0,0,0
2018-05-05,10,7,3
2018-05-08,0,0,0
2018-05-15,33,1,32
2018-05-11,36,2,34
2018-05-08,0,0,0
2018-05-22,0,0,0
2018-05-02,4,1,3
2018-05-09,0,0,0
2018-05-16,11,10,1
2018-05-05,10,8,2
2018-05-25,8,0,8
2018-05-05,0,0,0
2018-05-02,9,3,6
2018-05-26,2,0,2
2018-05-28,5,0,5
2018-05-14,0,0,0
2018-05-04,9,9,0
2018-05-20,1,0,1
2018-05-31,29,0,29
2018-05-18,28,25,3
2018-05-04,0,0,0
2018-05-20,0,0,0
2018-05-05,0,0,0
2018-05-15,37,34,3
2018-05-06,14,14,0
2018-05-28,2,0,2
2018-05-08,0,0,0
2018-05-29,0,0,0
2018-05-11,0,0,0
2018-05-26,7,4,3
2018-05-20,1,0,1
2018-05-31,19,2,17
2018-05-27,0,0,0
2018-05-14,2,1,1
2018-05-10,0,0,0
2018-05-28,11,8,3
2018-05-18,42,3,39
2018-05-02,5,4,1
2018-05-21,13,7,6
2018-05-02,5,4,1
2018-05-30,9,1,8
2018-05-12,26,11,15
2018-05-24,0,0,0
2018-05-14,37,36,1
2018-05-17,6,3,3
2018-05-10,0,0,0
2018-05-26,5,3,2
2018-05-04,1,1,0
2018-05-04,10,9,1
2018-05-31,1,0,1
2018-05-16,0,0,0
2018-05-15,2,0,2
2018-05-17,20,2,18
2018-05-18,10,1,9
2018-05-08,0,0,0
2018-05-16,0,0,0
2018-05-31,1,0,1
2018-05-06,8,1,7
2018-05-17,48,6,42
2018-05-31,2,1,1
2018-05-05,0,0,0
2018-05-09,0,0,0
2018-05-06,5,3,2
2018-05-05,1,0,1
2018-05-06,2,2,0
2018-05-19,0,0,0
2018-05-18,12,0,12
2018-05-11,0,0,0
2018-05-02,0,0,0
2018-05-17,2,0,2
2018-05-19,9,3,6
2018-05-20,6,3,3
2018-05-29,0,0,0
2018-05-05,12,9,3
2018-05-10,0,0,0
2018-05-29,1,0,1
2018-05-06,0,0,0
2018-05-21,0,0,0
2018-05-07,0,0,0
2018-05-31,0,0,0
2018-05-06,12,9,3
2018-05-21,5,3,2
2018-05-25,9,7,2
2018-05-16,0,0,0
2018-05-06,12,3,9
2018-05-12,16,7,9
2018-05-26,11,7,4
2018-05-20,1,1,0
2018-05-08,0,0,0
2018-05-08,0,0,0
2018-05-14,12,2,10
2018-05-25,0,0,0
2018-05-06,12,11,1
2018-05-19,14,8,6
2018-05-03,0,0,0
2018-05-22,0,0,0
2018-05-17,33,1,32
2018-05-12,0,0,0
2018-05-27,6,2,4
2018-05-29,23,4,19
2018-05-04,10,0,10
2018-05-17,5,4,1
2018-05-16,4,3,1
2018-05-30,1,0,1
2018-05-27,6,4,2
2018-05-17,7,7,0
2018-05-22,0,0,0
2018-05-21,8,5,3
2018-05-19,0,0,0
2018-05-28,22,10,12
2018-05-01,1,1,0
2018-05-03,0,0,0
2018-05-25,26,2,24
2018-05-06,0,0,0
2018-05-12,2,1,1
2018-05-20,3,3,0
2018-05-12,0,0,0
2018-05-21,1,1,0
2018-05-06,13,9,4
2018-05-07,0,0,0
2018-05-23,0,0,0
2018-05-23,0,0,0
2018-05-07,0,0,0
2018-05-02,5,4,1
2018-05-11,9,0,9
2018-05-13,16,7,9
2018-05-27,18,7,11
2018-05-03,4,4,0
2018-05-25,18,3,15
2018-05-30,0,0,0
2018-05-15,13,13,0
2018-05-08,0,0,0
2018-05-29,1,0,1
2018-05-15,0,0,0
2018-05-01,6,2,4
2018-05-28,0,0,0
2018-05-23,1,1,0
2018-05-09,0,0,0
2018-05-18,1,0,1
2018-05-29,31,30,1
2018-05-22,1,1,0
2018-05-26,1,1,0
2018-05-19,2,0,2
2018-05-13,1,0,1
2018-05-09,0,0,0
2018-05-06,1,1,0
2018-05-16,3,1,2
2018-05-21,7,4,3
2018-05-09,0,0,0
2018-05-13,0,0,0
2018-05-22,0,0,0
2018-05-12,5,2,3
2018-05-11,27,26,1
2018-05-24,0,0,0
2018-05-14,36,35,1
2018-05-23,0,0,0
2018-05-18,44,39,5
2018-05-30,16,14,2
2018-05-24,1,1,0
2018-05-07,0,0,0
2018-05-24,0,0,0
2018-05-26,2,0,2
2018-05-27,7,5,2
2018-05-18,4,4,0
2018-05-03,1,1,0
2018-05-09,0,0,0
2018-05-30,32,2,30
2018-05-05,13,13,0
2018-05-18,13,12,1
2018-05-17,33,33,0
2018-05-22,0,0,0
2018-05-05,1,1,0
2018-05-24,0,0,0
2018-05-28,15,2,13
2018-05-14,0,0,0
2018-05-06,5,5,0
2018-05-07,0,0,0
2018-05-15,25,10,15
2018-05-14,33,4,29
2018-05-30,12,11,1
2018-05-20,0,0,0
2018-05-25,9,4,5
2018-05-03,8,4,4
2018-05-07,7,1,6
2018-05-17,1,0,1
2018-05-03,4,4,0
2018-05-22,1,0,1
2018-05-04,4,4,0
2018-05-26,1,0,1
2018-05-22,0,0,0
2018-05-03,13,13,0
2018-05-26,0,0,0
2018-05-09,0,0,0
2018-05-24,0,0,0
2018-05-09,0,0,0
2018-05-20,9,3,6
2018-05-05,6,4,2
2018-05-15,11,0,11
2018-05-23,0,0,0
2018-05-20,0,0,0
2018-05-02,42,41,1
2018-05-03,9,1,8
2018-05-29,12,12,0
2018-05-19,3,2,1
2018-05-10,0,0,0
2018-05-06,6,5,1
2018-05-17,0,0,0
2018-05-25,1,0,1
2018-05-25,1,0,1
2018-05-13,1,0,1
2018-05-09,0,0,0
2018-05-21,5,4,1
2018-05-26,6,2,4
2018-05-24,0,0,0
2018-05-12,1,0,1
2018-05-24,0,0,0
2018-05-23,0,0,0
2018-05-18,7,0,7
2018-05-29,12,6,6
2018-05-31,0,0,0
2018-05-26,0,0,0
2018-05-28,14,0,14
2018-05-12,3,0,3
2018-05-11,5,2,3
2018-05-18,3,1,2
2018-05-10,1,0,1
2018-05-25,8,5,3
2018-05-10,0,0,0
2018-05-29,5,2,3
2018-05-11,4,3,1
2018-05-24,0,0,0
2018-05-16,12,11,1
2018-05-28,2,2,0
2018-05-29,3,0,3
2018-05-16,10,3,7
2018-05-09,0,0,0
2018-05-19,14,8,6
2018-05-29,30,30,0
2018-05-04,1,1,0
2018-05-17,2,0,2
2018-05-31,2,0,2
2018-05-31,13,13,0
2018-05-01,10,2,8
2018-05-11,23,23,0
2018-05-30,27,7,20
2018-05-05,1,1,0
2018-05-19,5,4,1
2018-05-18,0,0,0
2018-05-15,7,1,6
2018-05-20,0,0,0
2018-05-15,52,6,46
2018-05-20,4,4,0
2018-05-09,0,0,0
2018-05-19,0,0,0
2018-05-10,3,0,3
2018-05-22,0,0,0
2018-05-26,5,1,4
2018-05-30,10,3,7
2018-05-01,9,0,9
2018-05-20,0,0,0
2018-05-23,0,0,0
2018-05-07,0,0,0
2018-05-21,3,3,0
2018-05-26,5,4,1
2018-05-23,1,0,1
2018-05-14,23,21,2
2018-05-21,0,0,0
2018-05-09,0,0,0
2018-05-19,4,3,1
2018-05-01,6,0,6
2018-05-27,2,0,2
2018-05-13,18,4,14
2018-05-08,0,0,0
2018-05-10,0,0,0
2018-05-05,1,0,1
2018-05-15,17,5,12
2018-05-03,3,0,3
2018-05-09,0,0,0
2018-05-01,38,36,2
2018-05-28,8,3,5
2018-05-21,0,0,0
2018-05-25,0,0,0
2018-05-26,10,3,7
2018-05-19,12,6,6
2018-05-13,2,2,0
2018-05-05,2,2,0
2018-05-07,0,0,0
2018-05-12,9,9,0
2018-05-21,4,4,0
2018-05-02,5,1,4
2018-05-16,43,3,40
2018-05-07,0,0,0
2018-05-13,14,2,12
2018-05-11,11,1,10
2018-05-02,33,30,3
2018-05-21,6,2,4
2018-05-13,1,0,1
2018-05-08,0,0,0
2018-05-05,18,10,8
2018-05-22,0,0,0
2018-05-06,1,1,0
2018-05-20,3,0,3
2018-05-02,8,2,6
2018-05-19,8,4,4
2018-05-25,0,0,0
2018-05-07,0,0,0
2018-05-29,0,0,0
2018-05-05,8,6,2
2018-05-29,5,0,5
2018-05-30,4,4,0
2018-05-06,7,4,3
2018-05-29,43,2,41
2018-05-04,1,0,1
2018-05-27,11,4,7
2018-05-27,0,0,0
2018-05-23,0,0,0
2018-05-07,5,1,4
2018-05-07,0,0,0
2018-05-19,0,0,0
2018-05-22,0,0,0
2018-05-28,1,1,0
2018-05-27,15,10,5
2018-05-08,0,0,0
2018-05-16,9,3,6
2018-05-10,8,4,4
2018-05-29,3,0,3
2018-05-24,0,0,0
2018-05-26,9,3,6
2018-05-08,0,0,0
2018-05-06,10,8,2
2018-05-06,4,4,0
2018-05-03,29,29,0
2018-05-07,0,0,0
2018-05-20,16,11,5
2018-05-04,0,0,0
2018-05-07,0,0,0
2018-05-12,9,4,5
2018-05-04,0,0,0
2018-05-03,5,2,3
2018-05-24,0,0,0
2018-05-18,7,0,7
2018-05-11,11,6,5
2018-05-19,10,3,7
2018-05-18,1,0,1
2018-05-16,6,0,6
2018-05-23,0,0,0
2018-05-15,2,0,2
2018-05-17,4,1,3
2018-05-01,5,4,1
2018-05-30,0,0,0
2018-05-08,0,0,0
2018-05-13,10,1,9
2018-05-22,0,0,0
2018-05-18,0,0,0
2018-05-23,1,1,0
2018-05-30,25,23,2
2018-05-23,0,0,0
2018-05-28,5,3,2
2018-05-12,17,7,10
2018-05-22,0,0,0
2018-05-05,2,1,1
2018-05-20,9,4,5
2018-05-27,17,10,7
2018-05-07,0,0,0
2018-05-27,13,6,7
2018-05-16,0,0,0
2018-05-15,1,0,1
2018-05-24,0,0,0
2018-05-08,0,0,0
2018-05-13,9,2,7
2018-05-11,9,6,3
2018-05-11,0,0,0
2018-05-18,13,1,12
2018-05-26,3,2,1
2018-05-02,5,4,1
2018-05-25,8,0,8
2018-05-11,26,3,23
2018-05-30,17,15,2
2018-05-01,15,14,1
2018-05-11,18,3,15
2018-05-23,0,0,0
2018-05-16,0,0,0
2018-05-22,0,0,0
2018-05-08,0,0,0
2018-05-06,0,0,0
2018-05-04,7,0,7
2018-05-10,19,0,19
2018-05-16,42,1,41
2018-05-10,15,2,13
2018-05-10,0,0,0
2018-05-29,6,5,1
2018-05-11,25,24,1
2018-05-08,0,0,0
2018-05-28,0,0,0
2018-05-15,39,36,3
2018-05-08,0,0,0
2018-05-21,22,19,3
2018-05-04,37,36,1
2018-05-15,0,0,0
2018-05-13,25,13,12
2018-05-12,13,2,11
2018-05-07,0,0,0
2018-05-16,32,32,0
2018-05-31,14,5,9
2018-05-04,28,26,2
2018-05-08,0,0,0
2018-05-25,0,0,0
2018-05-19,0,0,0
2018-05-29,23,21,2
2018-05-18,0,0,0
2018-05-06,1,1,0
2018-05-27,7,5,2
2018-05-09,0,0,0
2018-05-14,57,7,50
2018-05-03,10,6,4
2018-05-25,0,0,0
2018-05-11,5,5,0
2018-05-27,3,1,2
2018-05-29,6,2,4
2018-05-19,5,1,4
2018-05-03,1,1,0
2018-05-28,19,7,12
2018-05-13,16,13,3
2018-05-24,0,0,0
2018-05-21,6,5,1
2018-05-28,7,7,0
2018-05-30,4,4,0
2018-05-08,0,0,0
2018-05-27,0,0,0
2018-05-21,5,1,4
2018-05-30,0,0,0
2018-05-14,0,0,0
2018-05-07,0,0,0
2018-05-01,1,1,0
2018-05-13,12,8,4
2018-05-30,4,0,4
2018-05-12,1,1,0
2018-05-12,2,1,1
2018-05-25,4,0,4
2018-05-03,10,1,9
2018-05-28,0,0,0
2018-05-23,0,0,0
2018-05-24,0,0,0
2018-05-23,0,0,0
2018-05-11,0,0,0
2018-05-02,16,8,8
2018-05-13,4,2,2
2018-05-21,1,1,0
2018-05-21,3,0,3
2018-05-24,1,1,0
2018-05-28,0,0,0
2018-05-04,2,2,0
2018-05-26,2,0,2
2018-05-12,4,2,2
2018-05-01,0,0,0
2018-05-12,10,9,1
2018-05-24,0,0,0
2018-05-24,0,0,0
2018-05-14,6,0,6
2018-05-24,0,0,0
2018-05-09,0,0,0
2018-05-13,0,0,0
2018-05-01,1,1,0
2018-05-28,21,16,5
2018-05-25,0,0,0
2018-05-11,10,10,0
2018-05-04,2,1,1
2018-05-11,1,0,1
2018-05-01,11,11,0
2018-05-18,0,0,0
2018-05-13,7,5,2
2018-05-06,0,0,0
2018-05-07,10,1,9
2018-05-03,2,1,1
2018-05-31,13,5,8
2018-05-17,6,2,4
2018-05-27,16,7,9
2018-05-27,0,0,0
2018-05-17,0,0,0
2018-05-15,17,5,12
2018-05-02,10,10,0
