date,_2nd_ave_cycletrack,nb,sb
2020-03-01,4,1,3
2020-03-01,4,3,1
2020-03-01,0,0,0
2020-03-01,1,1,0
2020-03-01,0,0,0
2020-03-01,2,1,1
2020-03-01,3,1,2
2020-03-01,6,4,2
2020-03-01,13,9,4
2020-03-01,15,9,6
2020-03-01,24,17,7
2020-03-01,82,70,12
2020-03-01,20,15,5
2020-03-01,31,14,17
2020-03-01,73,19,54
2020-03-01,37,15,22
2020-03-01,36,16,20
2020-03-01,24,13,11
2020-03-01,16,8,8
2020-03-01,4,0,4
2020-03-01,13,7,6
2020-03-01,2,1,1
2020-03-01,10,3,7
2020-03-01,7,4,3
2020-03-02,1,1,0
2020-03-02,0,0,0
2020-03-02,0,0,0
2020-03-02,0,0,0
2020-03-02,3,1,2
2020-03-02,18,3,15
2020-03-02,27,9,18
2020-03-02,109,40,69
2020-03-02,135,57,78
2020-03-02,69,31,38
2020-03-02,27,14,13
2020-03-02,25,13,12
2020-03-02,29,13,16
2020-03-02,30,15,15
2020-03-02,36,21,15
2020-03-02,45,32,13
2020-03-02,142,95,47
2020-03-02,172,125,47
2020-03-02,79,53,26
2020-03-02,25,17,8
2020-03-02,12,7,5
2020-03-02,12,9,3
2020-03-02,2,0,2
2020-03-02,7,4,3
2020-03-03,4,3,1
2020-03-03,3,2,1
2020-03-03,0,0,0
2020-03-03,1,0,1
2020-03-03,1,1,0
2020-03-03,14,5,9
2020-03-03,37,14,23
2020-03-03,98,37,61
2020-03-03,149,65,84
2020-03-03,80,35,45
2020-03-03,35,15,20
2020-03-03,32,13,19
2020-03-03,41,25,16
2020-03-03,36,21,15
2020-03-03,31,19,12
2020-03-03,70,46,24
2020-03-03,157,111,46
2020-03-03,185,109,76
2020-03-03,93,60,33
2020-03-03,39,26,13
2020-03-03,15,8,7
2020-03-03,7,3,4
2020-03-03,11,6,5
2020-03-03,5,2,3
2020-03-04,4,4,0
2020-03-04,1,1,0
2020-03-04,6,4,2
2020-03-04,0,0,0
2020-03-04,1,1,0
2020-03-04,14,4,10
2020-03-04,35,16,19
2020-03-04,101,45,56
2020-03-04,156,75,81
2020-03-04,81,46,35
2020-03-04,39,21,18
2020-03-04,35,18,17
2020-03-04,48,22,26
2020-03-04,45,26,19
2020-03-04,55,28,27
2020-03-04,74,52,22
2020-03-04,150,95,55
2020-03-04,181,112,69
2020-03-04,91,59,32
2020-03-04,30,18,12
2020-03-04,17,8,9
2020-03-04,13,10,3
2020-03-04,10,7,3
2020-03-04,1,0,1
2020-03-05,3,2,1
2020-03-05,2,1,1
2020-03-05,1,1,0
2020-03-05,1,1,0
2020-03-05,4,2,2
2020-03-05,12,4,8
2020-03-05,37,14,23
2020-03-05,87,40,47
2020-03-05,124,58,66
2020-03-05,67,41,26
2020-03-05,36,24,12
2020-03-05,38,18,20
2020-03-05,33,13,20
2020-03-05,50,24,26
2020-03-05,45,26,19
2020-03-05,64,39,25
2020-03-05,109,77,32
2020-03-05,147,85,62
2020-03-05,56,30,26
2020-03-05,18,11,7
2020-03-05,19,7,12
2020-03-05,9,6,3
2020-03-05,4,2,2
2020-03-05,1,1,0
2020-03-06,2,1,1
2020-03-06,5,4,1
2020-03-06,0,0,0
2020-03-06,0,0,0
2020-03-06,1,1,0
2020-03-06,6,2,4
2020-03-06,17,2,15
2020-03-06,37,22,15
2020-03-06,50,27,23
2020-03-06,29,16,13
2020-03-06,19,11,8
2020-03-06,21,9,12
2020-03-06,25,11,14
2020-03-06,32,15,17
2020-03-06,20,12,8
2020-03-06,38,26,12
2020-03-06,69,46,23
2020-03-06,77,37,40
2020-03-06,46,29,17
2020-03-06,18,9,9
2020-03-06,15,9,6
2020-03-06,9,7,2
2020-03-06,11,7,4
2020-03-06,7,2,5
2020-03-07,1,0,1
2020-03-07,3,1,2
2020-03-07,2,1,1
2020-03-07,0,0,0
2020-03-07,0,0,0
2020-03-07,2,1,1
2020-03-07,3,3,0
2020-03-07,10,5,5
2020-03-07,7,1,6
2020-03-07,9,2,7
2020-03-07,12,7,5
2020-03-07,14,6,8
2020-03-07,16,4,12
2020-03-07,16,8,8
2020-03-07,17,8,9
2020-03-07,22,15,7
2020-03-07,32,17,15
2020-03-07,27,22,5
2020-03-07,32,24,8
2020-03-07,9,6,3
2020-03-07,8,4,4
2020-03-07,17,2,15
2020-03-07,4,3,1
2020-03-07,3,2,1
2020-03-08,4,1,3
2020-03-08,3,2,1
2020-03-08,0,0,0
2020-03-08,4,2,2
2020-03-08,2,1,1
2020-03-08,1,1,0
2020-03-08,1,1,0
2020-03-08,4,3,1
2020-03-08,5,1,4
2020-03-08,12,7,5
2020-03-08,8,5,3
2020-03-08,20,15,5
2020-03-08,34,16,18
2020-03-08,30,13,17
2020-03-08,36,20,16
2020-03-08,35,21,14
2020-03-08,26,11,15
2020-03-08,21,11,10
2020-03-08,15,6,9
2020-03-08,9,5,4
2020-03-08,11,5,6
2020-03-08,9,5,4
2020-03-08,4,1,3
2020-03-08,4,1,3
2020-03-09,1,0,1
2020-03-09,2,1,1
2020-03-09,2,2,0
2020-03-09,0,0,0
2020-03-09,1,0,1
2020-03-09,15,4,11
2020-03-09,17,7,10
2020-03-09,57,28,29
2020-03-09,67,34,33
2020-03-09,47,27,20
2020-03-09,27,12,15
2020-03-09,22,13,9
2020-03-09,28,10,18
2020-03-09,32,21,11
2020-03-09,28,16,12
2020-03-09,63,41,22
2020-03-09,82,48,34
2020-03-09,103,61,42
2020-03-09,65,34,31
2020-03-09,25,16,9
2020-03-09,7,2,5
2020-03-09,12,9,3
2020-03-09,15,4,11
2020-03-09,7,2,5
2020-03-10,2,2,0
2020-03-10,2,0,2
2020-03-10,0,0,0
2020-03-10,0,0,0
2020-03-10,2,2,0
2020-03-10,22,4,18
2020-03-10,23,9,14
2020-03-10,53,23,30
2020-03-10,73,37,36
2020-03-10,47,32,15
2020-03-10,21,6,15
2020-03-10,26,19,7
2020-03-10,40,15,25
2020-03-10,42,29,13
2020-03-10,39,23,16
2020-03-10,67,38,29
2020-03-10,91,60,31
2020-03-10,79,42,37
2020-03-10,59,38,21
2020-03-10,27,11,16
2020-03-10,11,5,6
2020-03-10,10,6,4
2020-03-10,6,3,3
2020-03-10,6,3,3
2020-03-11,3,0,3
2020-03-11,2,2,0
2020-03-11,2,1,1
2020-03-11,1,1,0
2020-03-11,2,2,0
2020-03-11,12,1,11
2020-03-11,15,4,11
2020-03-11,50,19,31
2020-03-11,69,38,31
2020-03-11,35,25,10
2020-03-11,27,11,16
2020-03-11,33,18,15
2020-03-11,22,11,11
2020-03-11,33,18,15
2020-03-11,28,17,11
2020-03-11,52,36,16
2020-03-11,69,35,34
2020-03-11,75,45,30
2020-03-11,52,31,21
2020-03-11,17,11,6
2020-03-11,11,3,8
2020-03-11,8,4,4
2020-03-11,9,5,4
2020-03-11,7,7,0
2020-03-12,1,1,0
2020-03-12,2,1,1
2020-03-12,1,0,1
2020-03-12,0,0,0
2020-03-12,2,1,1
2020-03-12,14,4,10
2020-03-12,29,14,15
2020-03-12,46,20,26
2020-03-12,59,28,31
2020-03-12,32,19,13
2020-03-12,15,7,8
2020-03-12,24,16,8
2020-03-12,21,7,14
2020-03-12,22,12,10
2020-03-12,30,22,8
2020-03-12,52,32,20
2020-03-12,63,45,18
2020-03-12,87,52,35
2020-03-12,50,30,20
2020-03-12,14,8,6
2020-03-12,10,5,5
2020-03-12,3,2,1
2020-03-12,6,1,5
2020-03-12,4,1,3
2020-03-13,0,0,0
2020-03-13,2,1,1
2020-03-13,1,0,1
2020-03-13,2,2,0
2020-03-13,1,1,0
2020-03-13,9,2,7
2020-03-13,15,7,8
2020-03-13,20,7,13
2020-03-13,37,18,19
2020-03-13,24,15,9
2020-03-13,13,4,9
2020-03-13,6,4,2
2020-03-13,12,6,6
2020-03-13,14,8,6
2020-03-13,14,11,3
2020-03-13,27,18,9
2020-03-13,35,20,15
2020-03-13,37,25,12
2020-03-13,26,16,10
2020-03-13,9,6,3
2020-03-13,7,4,3
2020-03-13,1,1,0
2020-03-13,2,1,1
2020-03-13,6,2,4
2020-03-14,4,3,1
2020-03-14,1,1,0
2020-03-14,1,0,1
2020-03-14,0,0,0
2020-03-14,0,0,0
2020-03-14,2,2,0
2020-03-14,0,0,0
2020-03-14,7,0,7
2020-03-14,10,7,3
2020-03-14,9,5,4
2020-03-14,9,5,4
2020-03-14,11,4,7
2020-03-14,14,11,3
2020-03-14,15,11,4
2020-03-14,24,15,9
2020-03-14,23,13,10
2020-03-14,15,9,6
2020-03-14,22,10,12
2020-03-14,33,21,12
2020-03-14,10,6,4
2020-03-14,12,8,4
2020-03-14,3,1,2
2020-03-14,4,1,3
2020-03-14,4,2,2
2020-03-15,1,1,0
2020-03-15,5,0,5
2020-03-15,1,1,0
2020-03-15,1,1,0
2020-03-15,0,0,0
2020-03-15,0,0,0
2020-03-15,0,0,0
2020-03-15,3,0,3
2020-03-15,6,3,3
2020-03-15,5,3,2
2020-03-15,18,5,13
2020-03-15,12,9,3
2020-03-15,21,10,11
2020-03-15,17,10,7
2020-03-15,25,13,12
2020-03-15,23,11,12
2020-03-15,26,4,22
2020-03-15,19,11,8
2020-03-15,11,7,4
2020-03-15,7,5,2
2020-03-15,8,3,5
2020-03-15,2,0,2
2020-03-15,7,5,2
2020-03-15,2,1,1
2020-03-16,0,0,0
2020-03-16,0,0,0
2020-03-16,2,1,1
2020-03-16,0,0,0
2020-03-16,1,1,0
2020-03-16,9,1,8
2020-03-16,21,9,12
2020-03-16,31,16,15
2020-03-16,45,22,23
2020-03-16,21,12,9
2020-03-16,12,6,6
2020-03-16,18,7,11
2020-03-16,18,8,10
2020-03-16,24,16,8
2020-03-16,26,14,12
2020-03-16,45,22,23
2020-03-16,44,29,15
2020-03-16,74,44,30
2020-03-16,33,19,14
2020-03-16,21,8,13
2020-03-16,13,7,6
2020-03-16,7,4,3
2020-03-16,4,1,3
2020-03-16,6,4,2
2020-03-17,0,0,0
2020-03-17,3,2,1
2020-03-17,0,0,0
2020-03-17,0,0,0
2020-03-17,2,1,1
2020-03-17,8,0,8
2020-03-17,15,3,12
2020-03-17,21,12,9
2020-03-17,28,14,14
2020-03-17,21,14,7
2020-03-17,11,6,5
2020-03-17,20,12,8
2020-03-17,22,8,14
2020-03-17,28,14,14
2020-03-17,24,18,6
2020-03-17,38,25,13
2020-03-17,44,31,13
2020-03-17,54,29,25
2020-03-17,19,11,8
2020-03-17,15,3,12
2020-03-17,6,5,1
2020-03-17,1,0,1
2020-03-17,5,0,5
2020-03-17,0,0,0
2020-03-18,1,0,1
2020-03-18,0,0,0
2020-03-18,2,1,1
2020-03-18,2,2,0
2020-03-18,1,1,0
2020-03-18,4,1,3
2020-03-18,14,4,10
2020-03-18,23,9,14
2020-03-18,27,12,15
2020-03-18,17,10,7
2020-03-18,14,8,6
2020-03-18,25,13,12
2020-03-18,24,13,11
2020-03-18,29,14,15
2020-03-18,28,15,13
2020-03-18,32,25,7
2020-03-18,44,24,20
2020-03-18,64,32,32
2020-03-18,39,23,16
2020-03-18,29,15,14
2020-03-18,13,6,7
2020-03-18,1,1,0
2020-03-18,7,4,3
2020-03-18,3,0,3
2020-03-19,0,0,0
2020-03-19,2,1,1
2020-03-19,3,2,1
2020-03-19,0,0,0
2020-03-19,1,1,0
2020-03-19,8,4,4
2020-03-19,9,2,7
2020-03-19,22,6,16
2020-03-19,18,9,9
2020-03-19,13,11,2
2020-03-19,12,2,10
2020-03-19,16,10,6
2020-03-19,21,6,15
2020-03-19,29,16,13
2020-03-19,38,21,17
2020-03-19,40,21,19
2020-03-19,40,22,18
2020-03-19,55,28,27
2020-03-19,43,19,24
2020-03-19,15,4,11
2020-03-19,8,4,4
2020-03-19,2,1,1
2020-03-19,4,2,2
2020-03-19,0,0,0
2020-03-20,3,3,0
2020-03-20,1,0,1
2020-03-20,1,1,0
2020-03-20,0,0,0
2020-03-20,0,0,0
2020-03-20,7,2,5
2020-03-20,7,2,5
2020-03-20,20,11,9
2020-03-20,25,14,11
2020-03-20,14,11,3
2020-03-20,10,6,4
2020-03-20,28,9,19
2020-03-20,32,14,18
2020-03-20,25,18,7
2020-03-20,40,25,15
2020-03-20,38,23,15
2020-03-20,35,16,19
2020-03-20,58,28,30
2020-03-20,31,12,19
2020-03-20,18,5,13
2020-03-20,8,4,4
2020-03-20,8,3,5
2020-03-20,5,1,4
2020-03-20,8,3,5
2020-03-21,0,0,0
2020-03-21,1,1,0
2020-03-21,1,1,0
2020-03-21,0,0,0
2020-03-21,0,0,0
2020-03-21,1,1,0
2020-03-21,2,1,1
2020-03-21,1,0,1
2020-03-21,4,4,0
2020-03-21,7,3,4
2020-03-21,15,10,5
2020-03-21,20,13,7
2020-03-21,25,15,10
2020-03-21,25,14,11
2020-03-21,36,14,22
2020-03-21,47,28,19
2020-03-21,40,24,16
2020-03-21,39,14,25
2020-03-21,31,16,15
2020-03-21,12,8,4
2020-03-21,4,3,1
2020-03-21,1,1,0
2020-03-21,1,0,1
2020-03-21,3,1,2
2020-03-22,1,1,0
2020-03-22,1,1,0
2020-03-22,2,0,2
2020-03-22,0,0,0
2020-03-22,0,0,0
2020-03-22,1,1,0
2020-03-22,1,1,0
2020-03-22,1,0,1
2020-03-22,3,2,1
2020-03-22,14,11,3
2020-03-22,15,7,8
2020-03-22,26,15,11
2020-03-22,27,21,6
2020-03-22,31,14,17
2020-03-22,27,17,10
2020-03-22,30,9,21
2020-03-22,19,10,9
2020-03-22,12,5,7
2020-03-22,18,6,12
2020-03-22,12,3,9
2020-03-22,7,5,2
2020-03-22,2,1,1
2020-03-22,1,0,1
2020-03-22,2,2,0
2020-03-23,1,1,0
2020-03-23,0,0,0
2020-03-23,0,0,0
2020-03-23,0,0,0
2020-03-23,2,2,0
2020-03-23,5,0,5
2020-03-23,11,4,7
2020-03-23,18,9,9
2020-03-23,18,9,9
2020-03-23,13,7,6
2020-03-23,13,5,8
2020-03-23,16,10,6
2020-03-23,24,18,6
2020-03-23,18,11,7
2020-03-23,16,5,11
2020-03-23,26,18,8
2020-03-23,17,9,8
2020-03-23,27,17,10
2020-03-23,20,10,10
2020-03-23,15,8,7
2020-03-23,8,4,4
2020-03-23,7,2,5
2020-03-23,3,2,1
2020-03-23,2,1,1
2020-03-24,0,0,0
2020-03-24,1,0,1
2020-03-24,0,0,0
2020-03-24,0,0,0
2020-03-24,2,2,0
2020-03-24,3,0,3
2020-03-24,14,5,9
2020-03-24,16,6,10
2020-03-24,17,12,5
2020-03-24,7,6,1
2020-03-24,9,5,4
2020-03-24,7,2,5
2020-03-24,15,5,10
2020-03-24,18,9,9
2020-03-24,15,9,6
2020-03-24,22,13,9
2020-03-24,24,16,8
2020-03-24,27,17,10
2020-03-24,14,9,5
2020-03-24,13,6,7
2020-03-24,9,3,6
2020-03-24,1,1,0
2020-03-24,1,0,1
2020-03-24,0,0,0
2020-03-25,0,0,0
2020-03-25,0,0,0
2020-03-25,1,1,0
2020-03-25,0,0,0
2020-03-25,2,2,0
2020-03-25,4,2,2
2020-03-25,14,6,8
2020-03-25,12,6,6
2020-03-25,14,8,6
2020-03-25,7,5,2
2020-03-25,9,6,3
2020-03-25,12,5,7
2020-03-25,8,5,3
2020-03-25,14,8,6
2020-03-25,16,10,6
2020-03-25,30,20,10
2020-03-25,29,17,12
2020-03-25,52,26,26
2020-03-25,18,12,6
2020-03-25,13,6,7
2020-03-25,8,2,6
2020-03-25,6,2,4
2020-03-25,2,0,2
2020-03-25,0,0,0
2020-03-26,0,0,0
2020-03-26,1,0,1
2020-03-26,0,0,0
2020-03-26,0,0,0
2020-03-26,2,1,1
2020-03-26,3,1,2
2020-03-26,7,2,5
2020-03-26,12,6,6
2020-03-26,11,6,5
2020-03-26,7,6,1
2020-03-26,8,3,5
2020-03-26,15,6,9
2020-03-26,29,11,18
2020-03-26,7,2,5
2020-03-26,16,12,4
2020-03-26,20,11,9
2020-03-26,20,13,7
2020-03-26,35,26,9
2020-03-26,18,13,5
2020-03-26,14,9,5
2020-03-26,8,5,3
2020-03-26,3,1,2
2020-03-26,0,0,0
2020-03-26,0,0,0
2020-03-27,1,1,0
2020-03-27,2,0,2
2020-03-27,1,1,0
2020-03-27,2,1,1
2020-03-27,0,0,0
2020-03-27,3,2,1
2020-03-27,6,0,6
2020-03-27,5,4,1
2020-03-27,9,5,4
2020-03-27,6,2,4
2020-03-27,8,5,3
2020-03-27,17,5,12
2020-03-27,15,8,7
2020-03-27,18,12,6
2020-03-27,14,7,7
2020-03-27,11,10,1
2020-03-27,15,7,8
2020-03-27,32,19,13
2020-03-27,18,11,7
2020-03-27,14,7,7
2020-03-27,17,10,7
2020-03-27,3,3,0
2020-03-27,4,2,2
2020-03-27,1,1,0
2020-03-28,1,1,0
2020-03-28,0,0,0
2020-03-28,0,0,0
2020-03-28,2,0,2
2020-03-28,0,0,0
2020-03-28,0,0,0
2020-03-28,1,1,0
2020-03-28,4,1,3
2020-03-28,3,2,1
2020-03-28,5,2,3
2020-03-28,12,3,9
2020-03-28,13,9,4
2020-03-28,12,7,5
2020-03-28,21,9,12
2020-03-28,19,5,14
2020-03-28,32,12,20
2020-03-28,23,17,6
2020-03-28,11,6,5
2020-03-28,3,2,1
2020-03-28,5,2,3
2020-03-28,3,2,1
2020-03-28,0,0,0
2020-03-28,2,0,2
2020-03-28,2,2,0
2020-03-29,0,0,0
2020-03-29,0,0,0
2020-03-29,0,0,0
2020-03-29,0,0,0
2020-03-29,1,1,0
2020-03-29,0,0,0
2020-03-29,1,1,0
2020-03-29,1,0,1
2020-03-29,4,1,3
2020-03-29,5,2,3
2020-03-29,14,9,5
2020-03-29,24,12,12
2020-03-29,38,15,23
2020-03-29,47,26,21
2020-03-29,65,39,26
2020-03-29,37,30,7
2020-03-29,55,22,33
2020-03-29,38,13,25
2020-03-29,14,7,7
2020-03-29,5,3,2
2020-03-29,6,3,3
2020-03-29,1,0,1
2020-03-29,2,1,1
2020-03-29,1,0,1
2020-03-30,5,3,2
2020-03-30,0,0,0
2020-03-30,0,0,0
2020-03-30,0,0,0
2020-03-30,0,0,0
2020-03-30,4,1,3
2020-03-30,6,3,3
2020-03-30,10,5,5
2020-03-30,11,8,3
2020-03-30,15,10,5
2020-03-30,6,1,5
2020-03-30,3,1,2
2020-03-30,10,4,6
2020-03-30,7,3,4
2020-03-30,8,6,2
2020-03-30,19,16,3
2020-03-30,13,6,7
2020-03-30,18,12,6
2020-03-30,7,2,5
2020-03-30,7,2,5
2020-03-30,3,1,2
2020-03-30,6,2,4
2020-03-30,5,2,3
2020-03-30,5,4,1
2020-03-31,0,0,0
2020-03-31,0,0,0
2020-03-31,2,1,1
2020-03-31,0,0,0
2020-03-31,1,1,0
2020-03-31,6,3,3
2020-03-31,10,4,6
2020-03-31,8,4,4
2020-03-31,14,8,6
2020-03-31,7,6,1
2020-03-31,9,5,4
2020-03-31,8,4,4
2020-03-31,23,9,14
2020-03-31,18,8,10
2020-03-31,16,9,7
2020-03-31,11,6,5
2020-03-31,13,5,8
2020-03-31,19,11,8
2020-03-31,12,4,8
2020-03-31,2,0,2
2020-03-31,3,1,2
2020-03-31,3,1,2
2020-03-31,4,1,3
2020-03-31,3,1,2
2020-04-06,16,7,9
2020-04-06,19,10,9
2020-04-06,30,19,11
2020-04-06,39,25,14
2020-04-06,33,21,12
2020-04-06,36,21,15
2020-04-06,41,23,18
2020-04-06,20,10,10
2020-04-06,6,3,3
2020-04-06,4,0,4
2020-04-06,5,3,2
2020-04-06,1,1,0
2020-04-07,3,0,3
2020-04-07,0,0,0
2020-04-07,0,0,0
2020-04-07,0,0,0
2020-04-07,1,1,0
2020-04-07,5,3,2
2020-04-07,15,7,8
2020-04-07,19,8,11
2020-04-07,25,9,16
2020-04-07,14,8,6
2020-04-07,12,9,3
2020-04-07,15,9,6
2020-04-07,17,9,8
2020-04-07,12,7,5
2020-04-07,18,10,8
2020-04-07,34,23,11
2020-04-07,33,17,16
2020-04-07,37,15,22
2020-04-07,32,16,16
2020-04-07,13,3,10
2015-01-01,3,3,0
2015-01-01,9,9,0
2015-01-01,2,2,0
2015-01-01,0,0,0
2015-01-01,0,0,0
2015-01-01,0,0,0
2015-01-01,2,1,1
2015-01-01,4,3,1
2015-01-01,2,2,0
2015-01-01,5,5,0
2015-01-01,6,4,2
2015-01-01,8,4,4
2015-01-01,2,2,0
2015-01-01,10,5,5
2015-01-01,10,6,4
2015-01-01,10,4,6
2015-01-01,12,6,6
2015-01-01,4,3,1
2015-01-01,2,1,1
2015-01-01,4,4,0
2015-01-01,0,0,0
2015-01-01,2,2,0
2015-01-01,1,1,0
2015-01-01,2,1,1
2015-01-02,1,0,1
2015-01-02,1,0,1
2015-01-02,5,0,5
2015-01-02,0,0,0
2015-01-02,3,0,3
2015-01-02,2,2,0
2015-01-02,14,7,7
2015-01-02,16,10,6
2015-01-02,31,22,9
2015-01-02,21,15,6
2015-01-02,18,13,5
2015-01-02,15,11,4
2015-01-02,14,8,6
2015-01-02,20,18,2
2015-01-02,16,6,10
2015-01-02,30,23,7
2015-01-02,35,22,13
2015-01-02,43,28,15
2015-01-02,14,7,7
2015-01-02,6,4,2
2015-01-02,3,2,1
2015-01-02,0,0,0
2015-01-02,6,3,3
2015-01-02,3,2,1
2015-01-03,4,4,0
2015-01-03,3,0,3
2015-01-03,2,0,2
2015-01-03,0,0,0
2015-01-03,1,1,0
2015-01-03,1,1,0
2015-01-03,1,1,0
2015-01-03,6,3,3
2015-01-03,5,5,0
2015-01-03,5,3,2
2015-01-03,12,9,3
2015-01-03,10,9,1
2015-01-03,12,10,2
2015-01-03,15,7,8
2015-01-03,18,9,9
2015-01-03,10,5,5
2015-01-03,13,7,6
2015-01-03,11,10,1
2015-01-03,8,5,3
2015-01-03,5,4,1
2015-01-03,7,5,2
2015-01-03,8,7,1
2015-01-03,8,5,3
2015-01-03,2,1,1
2015-01-04,2,2,0
2015-01-04,1,1,0
2015-01-04,1,1,0
2015-01-04,1,1,0
2015-01-04,1,1,0
2015-01-04,1,0,1
2015-01-04,3,2,1
2015-01-04,2,2,0
2015-01-04,3,2,1
2015-01-04,5,2,3
2015-01-04,3,1,2
2015-01-04,1,0,1
2015-01-04,9,6,3
2015-01-04,10,10,0
2015-01-04,8,6,2
2015-01-04,3,2,1
2015-01-04,7,2,5
2015-01-04,25,11,14
2015-01-04,2,2,0
2015-01-04,2,1,1
2015-01-04,1,1,0
2015-01-04,7,4,3
2015-01-04,5,3,2
2015-01-04,0,0,0
2015-01-05,1,0,1
2015-01-05,0,0,0
2015-01-05,1,1,0
2015-01-05,1,0,1
2015-01-05,0,0,0
2015-01-05,9,4,5
2015-01-05,21,11,10
2015-01-05,33,18,15
2015-01-05,68,49,19
2015-01-05,37,23,14
2015-01-05,17,13,4
2015-01-05,14,8,6
2015-01-05,20,12,8
2015-01-05,18,11,7
2015-01-05,15,10,5
2015-01-05,32,23,9
2015-01-05,50,39,11
2015-01-05,93,64,29
2015-01-05,43,31,12
2015-01-05,17,12,5
2015-01-05,9,8,1
2015-01-05,6,6,0
2015-01-05,1,1,0
2015-01-05,1,0,1
2015-01-06,5,1,4
2015-01-06,1,0,1
2015-01-06,0,0,0
2015-01-06,2,1,1
2015-01-06,2,0,2
2015-01-06,10,8,2
2015-01-06,38,21,17
2015-01-06,53,32,21
2015-01-06,102,73,29
2015-01-06,62,39,23
2015-01-06,34,28,6
2015-01-06,26,15,11
2015-01-06,15,7,8
2015-01-06,39,20,19
2015-01-06,31,19,12
2015-01-06,35,22,13
2015-01-06,80,63,17
2015-01-06,99,66,33
2015-01-06,68,37,31
2015-01-06,24,16,8
2015-01-06,10,4,6
2015-01-06,11,8,3
2015-01-06,4,3,1
2015-01-06,8,7,1
2015-01-07,0,0,0
2015-01-07,3,3,0
2015-01-07,0,0,0
2015-01-07,0,0,0
2015-01-07,1,1,0
2015-01-07,6,3,3
2015-01-07,38,21,17
2015-01-07,53,34,19
2015-01-07,108,77,31
2015-01-07,66,45,21
2015-01-07,39,27,12
2015-01-07,29,16,13
2015-01-07,32,21,11
2015-01-07,24,16,8
2015-01-07,27,17,10
2015-01-07,43,31,12
2015-01-07,74,52,22
2015-01-07,134,84,50
2015-01-07,61,41,20
2015-01-07,18,9,9
2015-01-07,10,6,4
2015-01-07,4,3,1
2015-01-07,2,2,0
2015-01-07,3,3,0
2015-01-08,4,4,0
2015-01-08,2,2,0
2015-01-08,1,0,1
2015-01-08,1,1,0
2015-01-08,1,0,1
2015-01-08,7,6,1
2015-01-08,30,19,11
2015-01-08,46,35,11
2015-01-08,103,69,34
2015-01-08,68,49,19
2015-01-08,39,23,16
2015-01-08,37,29,8
2015-01-08,24,19,5
2015-01-08,30,19,11
2015-01-08,24,13,11
2015-01-08,37,25,12
2015-01-08,66,45,21
2015-01-08,113,83,30
2015-01-08,63,37,26
2015-01-08,27,16,11
2015-01-08,12,5,7
2015-01-08,3,2,1
2015-01-08,6,5,1
2015-01-08,4,3,1
2015-01-09,5,5,0
2015-01-09,2,2,0
2015-01-09,2,1,1
2015-01-09,0,0,0
2015-01-09,1,1,0
2015-01-09,6,2,4
2015-01-09,26,15,11
2015-01-09,52,37,15
2015-01-09,83,54,29
2015-01-09,54,39,15
2015-01-09,23,14,9
2015-01-09,23,14,9
2015-01-09,31,16,15
2015-01-09,26,13,13
2015-01-09,25,16,9
2015-01-09,36,26,10
2015-01-09,69,51,18
2015-01-09,119,71,48
2015-01-09,56,36,20
2015-01-09,24,17,7
2015-01-09,8,3,5
2015-01-09,6,6,0
2015-01-09,2,2,0
2015-01-09,6,3,3
2015-01-10,7,6,1
2015-01-10,0,0,0
2015-01-10,1,0,1
2015-01-10,0,0,0
2015-01-10,0,0,0
2015-01-10,0,0,0
2015-01-10,4,3,1
2015-01-10,4,2,2
2015-01-10,11,8,3
2015-01-10,11,10,1
2015-01-10,4,3,1
2015-01-10,17,16,1
2015-01-10,11,9,2
2015-01-10,15,7,8
2015-01-10,18,14,4
2015-01-10,17,11,6
2015-01-10,12,8,4
2015-01-10,17,9,8
2015-01-10,13,4,9
2015-01-10,6,3,3
2015-01-10,9,4,5
2015-01-10,12,4,8
2015-01-10,15,3,12
2015-01-10,0,0,0
2015-01-11,7,4,3
2015-01-11,1,1,0
2015-01-11,0,0,0
2015-01-11,1,1,0
2015-01-11,1,0,1
2015-01-11,1,0,1
2015-01-11,3,1,2
2015-01-11,5,4,1
2015-01-11,8,2,6
2015-01-11,4,4,0
2015-01-11,6,4,2
2015-01-11,7,6,1
2015-01-11,11,6,5
2015-01-11,10,9,1
2015-01-11,15,9,6
2015-01-11,12,9,3
2015-01-11,4,3,1
2015-01-11,7,6,1
2015-01-11,4,3,1
2015-01-11,2,2,0
2015-01-11,3,2,1
2015-01-11,4,4,0
2015-01-11,3,2,1
2015-01-11,0,0,0
2015-01-12,2,2,0
2015-01-12,0,0,0
2015-01-12,0,0,0
2015-01-12,0,0,0
2015-01-12,0,0,0
2015-01-12,13,9,4
2015-01-12,30,15,15
2015-01-12,46,32,14
2015-01-12,81,60,21
2015-01-12,66,44,22
2015-01-12,28,17,11
2015-01-12,25,13,12
2015-01-12,20,9,11
2015-01-12,25,17,8
2015-01-12,22,12,10
2015-01-12,39,29,10
2015-01-12,78,54,24
2015-01-12,106,67,39
2015-01-12,62,35,27
2015-01-12,20,11,9
2015-01-12,10,8,2
2015-01-12,11,9,2
2015-01-12,4,3,1
2015-01-12,3,1,2
2015-01-13,1,1,0
2015-01-13,3,3,0
2015-01-13,1,1,0
2015-01-13,1,1,0
2015-01-13,1,1,0
2015-01-13,8,6,2
2015-01-13,27,18,9
2015-01-13,63,40,23
2015-01-13,96,71,25
2015-01-13,68,51,17
2015-01-13,28,17,11
2015-01-13,33,18,15
2015-01-13,31,17,14
2015-01-13,26,17,9
2015-01-13,19,8,11
2015-01-13,39,26,13
2015-01-13,82,60,22
2015-01-13,109,69,40
2015-01-13,61,30,31
2015-01-13,26,15,11
2015-01-13,13,10,3
2015-01-13,7,5,2
2015-01-13,7,3,4
2015-01-13,3,3,0
2015-01-14,0,0,0
2015-01-14,2,2,0
2015-01-14,1,1,0
2015-01-14,0,0,0
2015-01-14,1,0,1
2015-01-14,9,6,3
2015-01-14,27,14,13
2015-01-14,53,36,17
2015-01-14,92,59,33
2015-01-14,56,40,16
2015-01-14,25,17,8
2015-01-14,28,17,11
2015-01-14,24,14,10
2015-01-14,43,27,16
2015-01-14,25,16,9
2015-01-14,47,35,12
2015-01-14,65,48,17
2015-01-14,121,76,45
2015-01-14,68,40,28
2015-01-14,30,16,14
2015-01-14,12,9,3
2015-01-14,12,7,5
2015-01-14,6,4,2
2015-01-14,0,0,0
2015-01-15,4,2,2
2015-01-15,4,3,1
2015-01-15,0,0,0
2015-01-15,1,1,0
2015-01-15,3,2,1
2015-01-15,0,0,0
2015-01-15,17,7,10
2015-01-15,37,22,15
2015-01-15,77,61,16
2015-01-15,53,39,14
2015-01-15,31,22,9
2015-01-15,20,11,9
2015-01-15,27,15,12
2015-01-15,20,11,9
2015-01-15,11,5,6
2015-01-15,28,20,8
2015-01-15,58,43,15
2015-01-15,79,55,24
2015-01-15,45,24,21
2015-01-15,16,10,6
2015-01-15,7,7,0
2015-01-15,4,2,2
2015-01-15,4,4,0
2015-01-15,2,2,0
2015-01-16,2,2,0
2015-01-16,0,0,0
2015-01-16,0,0,0
2015-01-16,0,0,0
2015-01-16,1,1,0
2015-01-16,6,4,2
2015-01-16,16,10,6
2015-01-16,40,27,13
2015-01-16,57,39,18
2015-01-16,52,35,17
2015-01-16,22,16,6
2015-01-16,30,22,8
2015-01-16,17,4,13
2015-01-16,29,17,12
2015-01-16,32,25,7
2015-01-16,41,29,12
2015-01-16,68,39,29
2015-01-16,83,48,35
2015-01-16,59,42,17
2015-01-16,12,9,3
2015-01-16,8,4,4
2015-01-16,5,1,4
2015-01-16,10,6,4
2015-01-16,7,6,1
2015-01-17,4,4,0
2015-01-17,1,1,0
2015-01-17,2,2,0
2015-01-17,0,0,0
2015-01-17,2,1,1
2015-01-17,4,3,1
2015-01-17,3,1,2
2015-01-17,1,1,0
2015-01-17,4,3,1
2015-01-17,5,3,2
2015-01-17,5,5,0
2015-01-17,5,2,3
2015-01-17,15,8,7
2015-01-17,8,2,6
2015-01-17,13,10,3
2015-01-17,15,6,9
2015-01-17,10,7,3
2015-01-17,10,5,5
2015-01-17,5,4,1
2015-01-17,5,4,1
2015-01-17,5,4,1
2015-01-17,1,1,0
2015-01-17,0,0,0
2015-01-17,8,6,2
2015-01-18,4,3,1
2015-01-18,1,1,0
2015-01-18,1,1,0
2015-01-18,0,0,0
2015-01-18,2,1,1
2015-01-18,5,3,2
2015-01-18,5,3,2
2015-01-18,6,6,0
2015-01-18,2,2,0
2015-01-18,6,4,2
2015-01-18,9,8,1
2015-01-18,11,8,3
2015-01-18,4,3,1
2015-01-18,7,2,5
2015-01-18,5,4,1
2015-01-18,8,6,2
2015-01-18,32,17,15
2015-01-18,9,7,2
2015-01-18,33,2,31
2015-01-18,4,3,1
2015-01-18,5,4,1
2015-01-18,5,3,2
2015-01-18,4,2,2
2015-01-18,4,3,1
2015-01-19,1,1,0
2015-01-19,2,2,0
2015-01-19,2,2,0
2015-01-19,1,1,0
2015-01-19,3,3,0
2015-01-19,7,2,5
2015-01-19,12,8,4
2015-01-19,15,12,3
2015-01-19,43,29,14
2015-01-19,30,24,6
2015-01-19,20,13,7
2015-01-19,14,9,5
2015-01-19,24,16,8
2015-01-19,19,10,9
2015-01-19,24,16,8
2015-01-19,33,21,12
2015-01-19,45,36,9
2015-01-19,51,32,19
2015-01-19,38,26,12
2015-01-19,15,11,4
2015-01-19,3,2,1
2015-01-19,7,5,2
2015-01-19,4,4,0
2015-01-19,4,3,1
2015-01-20,0,0,0
2015-01-20,3,3,0
2015-01-20,1,1,0
2015-01-20,0,0,0
2015-01-20,1,0,1
2015-01-20,7,4,3
2015-01-20,27,15,12
2015-01-20,65,46,19
2015-01-20,103,75,28
2015-01-20,57,37,20
2015-01-20,24,16,8
2015-01-20,30,21,9
2015-01-20,21,11,10
2015-01-20,24,15,9
2015-01-20,32,17,15
2015-01-20,41,31,10
2015-01-20,86,64,22
2015-01-20,116,69,47
2015-01-20,63,40,23
2015-01-20,19,12,7
2015-01-20,14,11,3
2015-01-20,11,7,4
2015-01-20,10,9,1
2015-01-20,3,2,1
2015-01-21,2,2,0
2015-01-21,0,0,0
2015-01-21,1,1,0
2015-01-21,0,0,0
2015-01-21,0,0,0
2015-01-21,4,3,1
2015-01-21,29,16,13
2015-01-21,51,35,16
2015-01-21,97,72,25
2015-01-21,52,35,17
2015-01-21,30,22,8
2015-01-21,26,14,12
2015-01-21,26,16,10
2015-01-21,22,13,9
2015-01-21,33,23,10
2015-01-21,51,36,15
2015-01-21,73,57,16
2015-01-21,98,65,33
2015-01-21,61,41,20
2015-01-21,28,20,8
2015-01-21,8,1,7
2015-01-21,13,11,2
2015-01-21,5,2,3
2015-01-21,3,3,0
2015-01-22,2,2,0
2015-01-22,2,2,0
2015-01-22,1,0,1
2015-01-22,1,1,0
2015-01-22,2,0,2
2015-01-22,4,3,1
2015-01-22,27,13,14
2015-01-22,55,37,18
2015-01-22,72,46,26
2015-01-22,40,31,9
2015-01-22,26,17,9
2015-01-22,28,17,11
2015-01-22,33,23,10
2015-01-22,28,18,10
2015-01-22,34,26,8
2015-01-22,41,27,14
2015-01-22,64,42,22
2015-01-22,85,60,25
2015-01-22,55,33,22
2015-01-22,12,10,2
2015-01-22,11,8,3
2015-01-22,11,7,4
2015-01-22,2,2,0
2015-01-22,6,3,3
2015-01-23,5,5,0
2015-01-23,1,1,0
2015-01-23,1,1,0
2015-01-23,1,1,0
2015-01-23,2,0,2
2015-01-23,6,4,2
2015-01-23,17,9,8
2015-01-23,41,27,14
2015-01-23,71,46,25
2015-01-23,46,29,17
2015-01-23,26,15,11
2015-01-23,20,12,8
2015-01-23,22,12,10
2015-01-23,26,11,15
2015-01-23,22,10,12
2015-01-23,26,19,7
2015-01-23,54,39,15
2015-01-23,79,54,25
2015-01-23,39,25,14
2015-01-23,14,7,7
2015-01-23,9,7,2
2015-01-23,7,4,3
2015-01-23,7,6,1
2015-01-23,4,3,1
2015-01-24,3,2,1
2015-01-24,0,0,0
2015-01-24,1,0,1
2015-01-24,0,0,0
2015-01-24,3,2,1
2015-01-24,0,0,0
2015-01-24,2,1,1
2015-01-24,3,1,2
2015-01-24,8,4,4
2015-01-24,11,6,5
2015-01-24,3,2,1
2015-01-24,16,13,3
2015-01-24,15,10,5
2015-01-24,11,5,6
2015-01-24,21,16,5
2015-01-24,20,17,3
2015-01-24,14,10,4
2015-01-24,20,13,7
2015-01-24,13,8,5
2015-01-24,8,4,4
2015-01-24,3,3,0
2015-01-24,4,3,1
2015-01-24,11,6,5
2015-01-24,5,3,2
2015-01-25,2,2,0
2015-01-25,4,4,0
2015-01-25,2,1,1
2015-01-25,3,3,0
2015-01-25,2,2,0
2015-01-25,1,1,0
2015-01-25,3,2,1
2015-01-25,2,1,1
2015-01-25,4,4,0
2015-01-25,15,6,9
2015-01-25,13,10,3
2015-01-25,15,12,3
2015-01-25,37,32,5
2015-01-25,29,21,8
2015-01-25,34,22,12
2015-01-25,26,16,10
2015-01-25,16,9,7
2015-01-25,18,13,5
2015-01-25,10,4,6
2015-01-25,8,6,2
2015-01-25,6,4,2
2015-01-25,3,3,0
2015-01-25,2,2,0
2015-01-25,0,0,0
2015-01-26,2,2,0
2015-01-26,0,0,0
2015-01-26,0,0,0
2015-01-26,1,1,0
2015-01-26,1,1,0
2015-01-26,12,8,4
2015-01-26,35,22,13
2015-01-26,55,39,16
2015-01-26,92,68,24
2015-01-26,68,54,14
2015-01-26,44,33,11
2015-01-26,28,16,12
2015-01-26,25,19,6
2015-01-26,32,17,15
2015-01-26,35,26,9
2015-01-26,52,38,14
2015-01-26,86,59,27
2015-01-26,123,77,46
2015-01-26,73,43,30
2015-01-26,20,14,6
2015-01-26,12,8,4
2015-01-26,13,10,3
2015-01-26,3,2,1
2015-01-26,3,2,1
2015-01-27,1,0,1
2015-01-27,1,0,1
2015-01-27,1,1,0
2015-01-27,1,1,0
2015-01-27,0,0,0
2015-01-27,8,6,2
2015-01-27,39,20,19
2015-01-27,55,40,15
2015-01-27,106,76,30
2015-01-27,66,51,15
2015-01-27,30,22,8
2015-01-27,23,14,9
2015-01-27,31,21,10
2015-01-27,27,16,11
2015-01-27,27,19,8
2015-01-27,39,30,9
2015-01-27,84,60,24
2015-01-27,90,60,30
2015-01-27,70,41,29
2015-01-27,26,21,5
2015-01-27,9,5,4
2015-01-27,5,4,1
2015-01-27,4,1,3
2015-01-27,3,1,2
2015-01-28,4,3,1
2015-01-28,1,1,0
2015-01-28,2,2,0
2015-01-28,1,1,0
2015-01-28,1,1,0
2015-01-28,12,9,3
2015-01-28,25,12,13
2015-01-28,53,36,17
2015-01-28,95,66,29
2015-01-28,58,38,20
2015-01-28,34,26,8
2015-01-28,25,14,11
2015-01-28,22,15,7
2015-01-28,22,14,8
2015-01-28,23,13,10
2015-01-28,45,29,16
2015-01-28,60,51,9
2015-01-28,120,77,43
2015-01-28,71,49,22
2015-01-28,23,10,13
2015-01-28,12,9,3
2015-01-28,13,8,5
2015-01-28,6,4,2
2015-01-28,3,3,0
2015-01-29,2,1,1
2015-01-29,1,1,0
2015-01-29,1,1,0
2015-01-29,0,0,0
2015-01-29,2,0,2
2015-01-29,12,9,3
2015-01-29,33,11,22
2015-01-29,55,35,20
2015-01-29,103,75,28
2015-01-29,78,48,30
2015-01-29,30,19,11
2015-01-29,22,15,7
2015-01-29,29,19,10
2015-01-29,32,20,12
2015-01-29,33,25,8
2015-01-29,41,29,12
2015-01-29,87,64,23
2015-01-29,106,65,41
2015-01-29,71,47,24
2015-01-29,32,22,10
2015-01-29,12,7,5
2015-01-29,5,5,0
2015-01-29,12,10,2
2015-01-29,4,3,1
2015-01-30,3,2,1
2015-01-30,0,0,0
2015-01-30,0,0,0
2015-01-30,0,0,0
2015-01-30,3,1,2
2015-01-30,12,8,4
2015-01-30,30,17,13
2015-01-30,55,38,17
2015-01-30,90,61,29
2015-01-30,48,36,12
2015-01-30,34,19,15
2015-01-30,25,13,12
2015-01-30,26,13,13
2015-01-30,33,23,10
2015-01-30,34,19,15
2015-01-30,41,27,14
2015-01-30,70,52,18
2015-01-30,93,68,25
2015-01-30,55,31,24
2015-01-30,23,16,7
2015-01-30,12,8,4
2015-01-30,11,7,4
2015-01-30,13,6,7
2015-01-30,6,5,1
2015-01-31,5,4,1
2015-01-31,0,0,0
2015-01-31,0,0,0
2015-01-31,0,0,0
2015-01-31,0,0,0
2015-01-31,2,0,2
2015-01-31,3,2,1
2015-01-31,3,1,2
2015-01-31,15,13,2
2015-01-31,6,4,2
2015-01-31,12,7,5
2015-01-31,25,11,14
2015-01-31,16,9,7
2015-01-31,19,11,8
2015-01-31,24,20,4
2015-01-31,30,17,13
2015-01-31,23,12,11
2015-01-31,16,9,7
2015-01-31,9,7,2
2015-01-31,10,7,3
2015-01-31,0,0,0
2015-01-31,6,1,5
2015-01-31,4,3,1
2015-01-31,10,9,1
2015-02-01,1,1,0
2015-02-01,2,1,1
2015-02-01,10,6,4
2015-02-01,1,1,0
2015-02-01,0,0,0
2015-02-01,2,2,0
2015-02-01,1,1,0
2015-02-01,7,5,2
2015-02-01,6,2,4
2015-02-01,6,5,1
2015-02-01,8,3,5
2015-02-01,7,3,4
2015-02-01,15,10,5
2015-02-01,15,12,3
2015-02-01,15,13,2
2015-02-01,5,4,1
2015-02-01,5,3,2
2015-02-01,2,2,0
2015-02-01,3,3,0
2015-02-01,9,6,3
2015-02-01,18,14,4
2015-02-01,5,4,1
2015-02-01,3,1,2
2015-02-01,5,5,0
2015-02-02,6,2,4
2015-02-02,2,2,0
2015-02-02,0,0,0
2015-02-02,2,2,0
2015-02-02,1,1,0
2015-02-02,10,5,5
2015-02-02,28,14,14
2015-02-02,44,27,17
2015-02-02,62,43,19
2015-02-02,32,22,10
2015-02-02,28,18,10
2015-02-02,13,8,5
2015-02-02,12,5,7
2015-02-02,21,12,9
2015-02-02,16,12,4
2015-02-02,43,30,13
2015-02-02,52,42,10
2015-02-02,92,65,27
2015-02-02,39,24,15
2015-02-02,19,15,4
2015-02-02,14,8,6
2015-02-02,5,4,1
2015-02-02,3,3,0
2015-02-02,4,2,2
2015-02-03,0,0,0
2015-02-03,1,1,0
2015-02-03,0,0,0
2015-02-03,0,0,0
2015-02-03,1,0,1
2015-02-03,9,6,3
2015-02-03,24,13,11
2015-02-03,50,32,18
2015-02-03,96,68,28
2015-02-03,51,33,18
2015-02-03,25,16,9
2015-02-03,25,16,9
2015-02-03,15,8,7
2015-02-03,20,17,3
2015-02-03,22,14,8
2015-02-03,41,24,17
2015-02-03,78,62,16
2015-02-03,104,72,32
2015-02-03,56,32,24
2015-02-03,16,13,3
2015-02-03,12,9,3
2015-02-03,11,6,5
2015-02-03,4,2,2
2015-02-03,3,3,0
2015-02-04,2,2,0
2015-02-04,1,1,0
2015-02-04,0,0,0
2015-02-04,0,0,0
2015-02-04,1,1,0
2015-02-04,7,4,3
2015-02-04,35,17,18
2015-02-04,47,35,12
2015-02-04,93,61,32
2015-02-04,45,32,13
2015-02-04,36,29,7
2015-02-04,20,14,6
2015-02-04,33,22,11
2015-02-04,26,16,10
2015-02-04,22,16,6
2015-02-04,41,32,9
2015-02-04,58,48,10
2015-02-04,90,58,32
2015-02-04,46,33,13
2015-02-04,12,10,2
2015-02-04,7,5,2
2015-02-04,7,2,5
2015-02-04,4,2,2
2015-02-04,3,3,0
2015-02-05,2,0,2
2015-02-05,0,0,0
2015-02-05,2,1,1
2015-02-05,3,3,0
2015-02-05,2,1,1
2015-02-05,4,2,2
2015-02-05,17,8,9
2015-02-05,38,23,15
2015-02-05,54,35,19
2015-02-05,36,21,15
2015-02-05,26,16,10
2015-02-05,24,15,9
2015-02-05,25,15,10
2015-02-05,15,8,7
2015-02-05,16,10,6
2015-02-05,20,16,4
2015-02-05,49,39,10
2015-02-05,86,59,27
2015-02-05,46,32,14
2015-02-05,16,9,7
2015-02-05,7,4,3
2015-02-05,7,4,3
2015-02-05,3,1,2
2015-02-05,4,4,0
2015-02-06,2,1,1
2015-02-06,0,0,0
2015-02-06,1,0,1
2015-02-06,0,0,0
2015-02-06,1,0,1
2015-02-06,7,2,5
2015-02-06,14,6,8
2015-02-06,30,16,14
2015-02-06,68,44,24
2015-02-06,23,14,9
2015-02-06,25,15,10
2015-02-06,10,7,3
2015-02-06,19,7,12
2015-02-06,14,7,7
2015-02-06,23,13,10
2015-02-06,26,20,6
2015-02-06,46,40,6
2015-02-06,61,44,17
2015-02-06,35,27,8
2015-02-06,18,9,9
2015-02-06,5,2,3
2015-02-06,7,5,2
2015-02-06,8,6,2
2015-02-06,7,6,1
2015-02-07,4,1,3
2015-02-07,2,2,0
2015-02-07,1,0,1
2015-02-07,1,1,0
2015-02-07,0,0,0
2015-02-07,3,2,1
2015-02-07,0,0,0
2015-02-07,2,0,2
2015-02-07,3,3,0
2015-02-07,5,2,3
2015-02-07,4,2,2
2015-02-07,14,8,6
2015-02-07,11,7,4
2015-02-07,8,6,2
2015-02-07,9,7,2
2015-02-07,9,6,3
2015-02-07,8,1,7
2015-02-07,3,3,0
2015-02-07,8,7,1
2015-02-07,6,3,3
2015-02-07,4,3,1
2015-02-07,2,2,0
2015-02-07,4,2,2
2015-02-07,4,4,0
2015-02-08,2,2,0
2015-02-08,2,2,0
2015-02-08,0,0,0
2015-02-08,0,0,0
2015-02-08,0,0,0
2015-02-08,2,1,1
2015-02-08,5,4,1
2015-02-08,1,1,0
2015-02-08,4,1,3
2015-02-08,9,4,5
2015-02-08,11,9,2
2015-02-08,19,11,8
2015-02-08,36,25,11
2015-02-08,21,13,8
2015-02-08,12,7,5
2015-02-08,14,8,6
2015-02-08,20,12,8
2015-02-08,12,11,1
2015-02-08,6,6,0
2015-02-08,9,7,2
2015-02-08,3,1,2
2015-02-08,6,4,2
2015-02-08,5,1,4
2015-02-08,3,2,1
2015-02-09,1,1,0
2015-02-09,3,3,0
2015-02-09,2,1,1
2015-02-09,1,1,0
2015-02-09,0,0,0
2015-02-09,13,9,4
2015-02-09,28,17,11
2015-02-09,50,35,15
2015-02-09,76,56,20
2015-02-09,38,28,10
2015-02-09,26,20,6
2015-02-09,19,11,8
2015-02-09,21,11,10
2015-02-09,17,11,6
2015-02-09,20,17,3
2015-02-09,33,24,9
2015-02-09,56,42,14
2015-02-09,88,51,37
2015-02-09,61,41,20
2015-02-09,17,13,4
2015-02-09,8,5,3
2015-02-09,2,2,0
2015-02-09,3,0,3
2015-02-09,4,3,1
2015-02-10,2,2,0
2015-02-10,0,0,0
2015-02-10,4,2,2
2015-02-10,0,0,0
2015-02-10,0,0,0
2015-02-10,4,3,1
2015-02-10,34,18,16
2015-02-10,45,30,15
2015-02-10,95,65,30
2015-02-10,68,50,18
2015-02-10,26,15,11
2015-02-10,27,15,12
2015-02-10,27,16,11
2015-02-10,23,12,11
2015-02-10,32,24,8
2015-02-10,41,32,9
2015-02-10,70,52,18
2015-02-10,95,58,37
2015-02-10,63,41,22
2015-02-10,23,10,13
2015-02-10,9,9,0
2015-02-10,3,2,1
2015-02-10,7,6,1
2015-02-10,5,4,1
2015-02-11,3,2,1
2015-02-11,2,2,0
2015-02-11,1,1,0
2015-02-11,0,0,0
2015-02-11,0,0,0
2015-02-11,12,8,4
2015-02-11,33,13,20
2015-02-11,52,41,11
2015-02-11,96,68,28
2015-02-11,51,40,11
2015-02-11,33,22,11
2015-02-11,22,10,12
2015-02-11,33,22,11
2015-02-11,35,18,17
2015-02-11,31,17,14
2015-02-11,35,30,5
2015-02-11,90,64,26
2015-02-11,96,65,31
2015-02-11,71,47,24
2015-02-11,23,15,8
2015-02-11,16,10,6
2015-02-11,6,3,3
2015-02-11,6,2,4
2015-02-11,2,1,1
2015-02-12,2,2,0
2015-02-12,0,0,0
2015-02-12,1,0,1
2015-02-12,1,1,0
2015-02-12,1,0,1
2015-02-12,7,6,1
2015-02-12,24,12,12
2015-02-12,44,31,13
2015-02-12,83,62,21
2015-02-12,63,46,17
2015-02-12,29,21,8
2015-02-12,25,12,13
2015-02-12,27,16,11
2015-02-12,27,17,10
2015-02-12,22,15,7
2015-02-12,50,34,16
2015-02-12,88,64,24
2015-02-12,100,67,33
2015-02-12,72,48,24
2015-02-12,31,21,10
2015-02-12,15,5,10
2015-02-12,12,9,3
2015-02-12,12,11,1
2015-02-12,3,1,2
2015-02-13,3,2,1
2015-02-13,1,0,1
2015-02-13,4,2,2
2015-02-13,1,1,0
2015-02-13,1,0,1
2015-02-13,9,6,3
2015-02-13,24,11,13
2015-02-13,47,33,14
2015-02-13,86,59,27
2015-02-13,45,32,13
2015-02-13,37,25,12
2015-02-13,23,13,10
2015-02-13,21,13,8
2015-02-13,28,19,9
2015-02-13,37,24,13
2015-02-13,49,38,11
2015-02-13,90,59,31
2015-02-13,103,60,43
2015-02-13,44,25,19
2015-02-13,20,14,6
2015-02-13,9,7,2
2015-02-13,8,3,5
2015-02-13,6,4,2
2015-02-13,0,0,0
2015-02-14,1,1,0
2015-02-14,4,2,2
2015-02-14,3,2,1
2015-02-14,2,1,1
2015-02-14,1,0,1
2015-02-14,1,0,1
2015-02-14,5,4,1
2015-02-14,8,7,1
2015-02-14,7,6,1
2015-02-14,8,5,3
2015-02-14,3,2,1
2015-02-14,8,3,5
2015-02-14,26,12,14
2015-02-14,13,7,6
2015-02-14,20,17,3
2015-02-14,24,19,5
2015-02-14,21,13,8
2015-02-14,13,11,2
2015-02-14,15,8,7
2015-02-14,9,5,4
2015-02-14,10,4,6
2015-02-14,3,1,2
2015-02-14,9,5,4
2015-02-14,2,0,2
2015-02-15,3,1,2
2015-02-15,3,3,0
2015-02-15,1,1,0
2015-02-15,0,0,0
2015-02-15,1,1,0
2015-02-15,2,1,1
2015-02-15,2,1,1
2015-02-15,4,2,2
2015-02-15,5,3,2
2015-02-15,17,15,2
2015-02-15,12,9,3
2015-02-15,28,20,8
2015-02-15,31,21,10
2015-02-15,17,9,8
2015-02-15,22,14,8
2015-02-15,22,15,7
2015-02-15,31,16,15
2015-02-15,11,7,4
2015-02-15,11,7,4
2015-02-15,6,2,4
2015-02-15,7,5,2
2015-02-15,4,1,3
2015-02-15,3,1,2
2015-02-15,6,3,3
2015-02-16,4,3,1
2015-02-16,0,0,0
2015-02-16,2,1,1
2015-02-16,0,0,0
2015-02-16,1,0,1
2015-02-16,4,2,2
2015-02-16,17,9,8
2015-02-16,21,16,5
2015-02-16,46,41,5
2015-02-16,34,23,11
2015-02-16,29,20,9
2015-02-16,26,19,7
2015-02-16,36,23,13
2015-02-16,21,16,5
2015-02-16,27,15,12
2015-02-16,31,24,7
2015-02-16,41,25,16
2015-02-16,49,31,18
2015-02-16,33,24,9
2015-02-16,14,10,4
2015-02-16,9,6,3
2015-02-16,9,5,4
2015-02-16,3,3,0
2015-02-16,1,0,1
2015-02-17,0,0,0
2015-02-17,0,0,0
2015-02-17,1,1,0
2015-02-17,0,0,0
2015-02-17,1,0,1
2015-02-17,12,6,6
2015-02-17,38,20,18
2015-02-17,63,43,20
2015-02-17,98,74,24
2015-02-17,59,39,20
2015-02-17,32,19,13
2015-02-17,24,14,10
2015-02-17,27,20,7
2015-02-17,20,9,11
2015-02-17,29,22,7
2015-02-17,58,44,14
2015-02-17,89,70,19
2015-02-17,106,68,38
2015-02-17,70,44,26
2015-02-17,24,16,8
2015-02-17,18,10,8
2015-02-17,10,8,2
2015-02-17,3,3,0
2015-02-17,4,3,1
2015-02-18,2,2,0
2015-02-18,0,0,0
2015-02-18,0,0,0
2015-02-18,1,1,0
2015-02-18,0,0,0
2015-02-18,10,8,2
2015-02-18,28,14,14
2015-02-18,57,47,10
2015-02-18,102,65,37
2015-02-18,51,33,18
2015-02-18,37,24,13
2015-02-18,23,15,8
2015-02-18,40,24,16
2015-02-18,25,16,9
2015-02-18,23,14,9
2015-02-18,49,37,12
2015-02-18,80,56,24
2015-02-18,132,96,36
2015-02-18,54,34,20
2015-02-18,22,14,8
2015-02-18,21,15,6
2015-02-18,4,3,1
2015-02-18,8,2,6
2015-02-18,6,6,0
2015-02-19,0,0,0
2015-02-19,0,0,0
2015-02-19,0,0,0
2015-02-19,0,0,0
2015-02-19,1,0,1
2015-02-19,6,5,1
2015-02-19,34,18,16
2015-02-19,49,36,13
2015-02-19,75,55,20
2015-02-19,57,36,21
2015-02-19,41,21,20
2015-02-19,23,14,9
2015-02-19,22,13,9
2015-02-19,20,11,9
2015-02-19,14,10,4
2015-02-19,45,34,11
2015-02-19,77,61,16
2015-02-19,102,77,25
2015-02-19,52,33,19
2015-02-19,24,8,16
2015-02-19,13,10,3
2015-02-19,13,10,3
2015-02-19,7,6,1
2015-02-19,6,4,2
2015-02-20,1,1,0
2015-02-20,1,0,1
2015-02-20,0,0,0
2015-02-20,0,0,0
2015-02-20,2,1,1
2015-02-20,7,3,4
2015-02-20,24,12,12
2015-02-20,55,33,22
2015-02-20,67,54,13
2015-02-20,44,29,15
2015-02-20,28,18,10
2015-02-20,24,14,10
2015-02-20,17,8,9
2015-02-20,35,20,15
2015-02-20,29,21,8
2015-02-20,35,27,8
2015-02-20,65,46,19
2015-02-20,109,71,38
2015-02-20,51,28,23
2015-02-20,23,14,9
2015-02-20,6,4,2
2015-02-20,1,1,0
2015-02-20,5,3,2
2015-02-20,4,4,0
2015-02-21,1,1,0
2015-02-21,4,4,0
2015-02-21,6,5,1
2015-02-21,0,0,0
2015-02-21,0,0,0
2015-02-21,1,0,1
2015-02-21,2,1,1
2015-02-21,2,1,1
2015-02-21,8,5,3
2015-02-21,7,5,2
2015-02-21,8,4,4
2015-02-21,16,12,4
2015-02-21,29,20,9
2015-02-21,21,8,13
2015-02-21,20,14,6
2015-02-21,14,13,1
2015-02-21,17,11,6
2015-02-21,28,24,4
2015-02-21,9,5,4
2015-02-21,11,9,2
2015-02-21,9,4,5
2015-02-21,9,4,5
2015-02-21,9,6,3
2015-02-21,10,7,3
2015-02-22,2,2,0
2015-02-22,2,1,1
2015-02-22,3,2,1
2015-02-22,0,0,0
2015-02-22,1,1,0
2015-02-22,1,0,1
2015-02-22,2,2,0
2015-02-22,16,15,1
2015-02-22,12,12,0
2015-02-22,18,12,6
2015-02-22,13,12,1
2015-02-22,18,13,5
2015-02-22,30,16,14
2015-02-22,42,20,22
2015-02-22,31,14,17
2015-02-22,17,6,11
2015-02-22,40,9,31
2015-02-22,24,13,11
2015-02-22,25,8,17
2015-02-22,6,4,2
2015-02-22,6,4,2
2015-02-22,2,1,1
2015-02-22,3,3,0
2015-02-22,1,1,0
2015-02-23,1,1,0
2015-02-23,0,0,0
2015-02-23,1,1,0
2015-02-23,0,0,0
2015-02-23,0,0,0
2015-02-23,12,7,5
2015-02-23,31,19,12
2015-02-23,58,38,20
2015-02-23,103,78,25
2015-02-23,67,43,24
2015-02-23,29,21,8
2015-02-23,20,16,4
2015-02-23,23,19,4
2015-02-23,23,13,10
2015-02-23,27,18,9
2015-02-23,40,27,13
2015-02-23,68,53,15
2015-02-23,139,96,43
2015-02-23,63,39,24
2015-02-23,20,13,7
2015-02-23,16,8,8
2015-02-23,4,4,0
2015-02-23,1,1,0
2015-02-23,5,5,0
2015-02-24,2,2,0
2015-02-24,2,2,0
2015-02-24,1,0,1
2015-02-24,1,1,0
2015-02-24,1,0,1
2015-02-24,7,3,4
2015-02-24,36,20,16
2015-02-24,62,38,24
2015-02-24,114,87,27
2015-02-24,55,32,23
2015-02-24,37,28,9
2015-02-24,19,16,3
2015-02-24,33,20,13
2015-02-24,23,17,6
2015-02-24,38,25,13
2015-02-24,44,30,14
2015-02-24,85,61,24
2015-02-24,123,86,37
2015-02-24,62,38,24
2015-02-24,20,8,12
2015-02-24,10,6,4
2015-02-24,9,8,1
2015-02-24,9,7,2
2015-02-24,3,2,1
2015-02-25,2,1,1
2015-02-25,1,1,0
2015-02-25,0,0,0
2015-02-25,0,0,0
2015-02-25,0,0,0
2015-02-25,5,4,1
2015-02-25,26,14,12
2015-02-25,40,26,14
2015-02-25,90,69,21
2015-02-25,53,33,20
2015-02-25,32,22,10
2015-02-25,26,16,10
2015-02-25,32,23,9
2015-02-25,15,7,8
2015-02-25,21,14,7
2015-02-25,32,22,10
2015-02-25,60,43,17
2015-02-25,107,74,33
2015-02-25,55,41,14
2015-02-25,25,20,5
2015-02-25,8,5,3
2015-02-25,9,5,4
2015-02-25,4,2,2
2015-02-25,4,3,1
2015-02-26,0,0,0
2015-02-26,1,1,0
2015-02-26,1,1,0
2015-02-26,1,1,0
2015-02-26,3,2,1
2015-02-26,11,7,4
2015-02-26,32,16,16
2015-02-26,48,35,13
2015-02-26,80,63,17
2015-02-26,50,38,12
2015-02-26,25,14,11
2015-02-26,23,14,9
2015-02-26,25,15,10
2015-02-26,17,7,10
2015-02-26,27,16,11
2015-02-26,42,30,12
2015-02-26,64,45,19
2015-02-26,96,59,37
2015-02-26,44,27,17
2015-02-26,30,19,11
2015-02-26,10,7,3
2015-02-26,10,6,4
2015-02-26,10,7,3
2015-02-26,5,3,2
2015-02-27,2,2,0
2015-02-27,2,2,0
2015-02-27,0,0,0
2015-02-27,0,0,0
2015-02-27,2,1,1
2015-02-27,7,5,2
2015-02-27,25,13,12
2015-02-27,43,32,11
2015-02-27,54,37,17
2015-02-27,33,19,14
2015-02-27,29,18,11
2015-02-27,13,8,5
2015-02-27,14,11,3
2015-02-27,30,18,12
2015-02-27,27,18,9
2015-02-27,29,23,6
2015-02-27,62,43,19
2015-02-27,75,58,17
2015-02-27,47,35,12
2015-02-27,17,10,7
2015-02-27,9,5,4
2015-02-27,8,6,2
2015-02-27,4,2,2
2015-02-27,3,2,1
2015-02-28,3,2,1
2015-02-28,4,4,0
2015-02-28,1,1,0
2015-02-28,1,0,1
2015-02-28,0,0,0
2015-02-28,0,0,0
2015-02-28,7,4,3
2015-02-28,3,0,3
2015-02-28,9,6,3
2015-02-28,15,11,4
2015-02-28,32,25,7
2015-02-28,27,21,6
2015-02-28,35,19,16
2015-02-28,35,23,12
2015-02-28,36,12,24
2015-02-28,33,17,16
2015-02-28,23,7,16
2015-02-28,21,8,13
2015-02-28,21,16,5
2015-02-28,8,3,5
2015-02-28,7,3,4
2015-02-28,9,7,2
2015-02-28,4,2,2
2015-02-28,8,8,0
2015-03-01,6,5,1
2015-03-01,1,1,0
2015-03-01,0,0,0
2015-03-01,3,1,2
2015-03-01,1,1,0
2015-03-01,0,0,0
2015-03-01,3,2,1
2015-03-01,2,0,2
2015-03-01,8,7,1
2015-03-01,17,16,1
2015-03-01,38,32,6
2015-03-01,37,25,12
2015-03-01,24,17,7
2015-03-01,37,13,24
2015-03-01,34,21,13
2015-03-01,22,11,11
2015-03-01,24,10,14
2015-03-01,29,18,11
2015-03-01,14,8,6
2015-03-01,5,2,3
2015-03-01,7,4,3
2015-03-01,5,5,0
2015-03-01,1,1,0
2015-03-01,1,1,0
2015-03-02,1,1,0
2015-03-02,1,1,0
2015-03-02,0,0,0
2015-03-02,0,0,0
2015-03-02,0,0,0
2015-03-02,6,4,2
2015-03-02,31,15,16
2015-03-02,63,43,20
2015-03-02,101,68,33
2015-03-02,70,51,19
2015-03-02,37,20,17
2015-03-02,21,4,17
2015-03-02,28,16,12
2015-03-02,19,11,8
2015-03-02,26,18,8
2015-03-02,43,35,8
2015-03-02,88,63,25
2015-03-02,128,87,41
2015-03-02,68,44,24
2015-03-02,23,13,10
2015-03-02,7,7,0
2015-03-02,8,7,1
2015-03-02,5,5,0
2015-03-02,2,2,0
2015-03-03,2,2,0
2015-03-03,2,2,0
2015-03-03,1,1,0
2015-03-03,0,0,0
2015-03-03,2,0,2
2015-03-03,11,7,4
2015-03-03,37,19,18
2015-03-03,63,42,21
2015-03-03,108,79,29
2015-03-03,76,54,22
2015-03-03,35,24,11
2015-03-03,25,12,13
2015-03-03,39,19,20
2015-03-03,33,24,9
2015-03-03,27,18,9
2015-03-03,56,40,16
2015-03-03,98,77,21
2015-03-03,145,88,57
2015-03-03,63,40,23
2015-03-03,17,12,5
2015-03-03,22,16,6
2015-03-03,8,6,2
2015-03-03,7,4,3
2015-03-03,4,3,1
2015-03-04,2,2,0
2015-03-04,3,3,0
2015-03-04,0,0,0
2015-03-04,0,0,0
2015-03-04,2,1,1
2015-03-04,10,8,2
2015-03-04,36,22,14
2015-03-04,58,44,14
2015-03-04,94,69,25
2015-03-04,76,49,27
2015-03-04,33,19,14
2015-03-04,20,15,5
2015-03-04,51,34,17
2015-03-04,34,19,15
2015-03-04,23,20,3
2015-03-04,42,32,10
2015-03-04,86,67,19
2015-03-04,140,92,48
2015-03-04,51,30,21
2015-03-04,35,22,13
2015-03-04,12,7,5
2015-03-04,15,13,2
2015-03-04,5,3,2
2015-03-04,6,6,0
2015-03-05,2,1,1
2015-03-05,5,5,0
2015-03-05,0,0,0
2015-03-05,0,0,0
2015-03-05,0,0,0
2015-03-05,8,6,2
2015-03-05,29,13,16
2015-03-05,55,42,13
2015-03-05,113,83,30
2015-03-05,64,40,24
2015-03-05,33,17,16
2015-03-05,27,17,10
2015-03-05,38,22,16
2015-03-05,38,21,17
2015-03-05,52,34,18
2015-03-05,53,33,20
2015-03-05,90,60,30
2015-03-05,126,87,39
2015-03-05,95,71,24
2015-03-05,38,21,17
2015-03-05,21,14,7
2015-03-05,8,7,1
2015-03-05,16,6,10
2015-03-05,1,0,1
2015-03-06,2,2,0
2015-03-06,0,0,0
2015-03-06,0,0,0
2015-03-06,1,1,0
2015-03-06,1,0,1
2015-03-06,8,3,5
2015-03-06,43,24,19
2015-03-06,50,37,13
2015-03-06,102,67,35
2015-03-06,69,53,16
2015-03-06,45,34,11
2015-03-06,32,22,10
2015-03-06,31,17,14
2015-03-06,43,28,15
2015-03-06,30,23,7
2015-03-06,45,34,11
2015-03-06,83,57,26
2015-03-06,134,89,45
2015-03-06,61,41,20
2015-03-06,23,14,9
2015-03-06,10,6,4
2015-03-06,3,3,0
2015-03-06,4,3,1
2015-03-06,8,5,3
2015-03-07,4,4,0
2015-03-07,2,2,0
2015-03-07,2,2,0
2015-03-07,1,1,0
2015-03-07,1,1,0
2015-03-07,0,0,0
2015-03-07,4,3,1
2015-03-07,8,5,3
2015-03-07,10,6,4
2015-03-07,14,10,4
2015-03-07,17,10,7
2015-03-07,19,13,6
2015-03-07,42,37,5
2015-03-07,23,19,4
2015-03-07,28,15,13
2015-03-07,24,19,5
2015-03-07,18,8,10
2015-03-07,22,14,8
2015-03-07,17,15,2
2015-03-07,10,6,4
2015-03-07,9,9,0
2015-03-07,8,6,2
2015-03-07,9,6,3
2015-03-07,3,1,2
2015-03-08,2,1,1
2015-03-08,2,1,1
2015-03-08,0,0,0
2015-03-08,3,1,2
2015-03-08,1,0,1
2015-03-08,2,0,2
2015-03-08,1,0,1
2015-03-08,3,2,1
2015-03-08,8,7,1
2015-03-08,11,9,2
2015-03-08,14,12,2
2015-03-08,27,17,10
2015-03-08,23,16,7
2015-03-08,31,17,14
2015-03-08,38,18,20
2015-03-08,23,15,8
2015-03-08,34,23,11
2015-03-08,44,42,2
2015-03-08,38,28,10
2015-03-08,10,5,5
2015-03-08,35,5,30
2015-03-08,11,5,6
2015-03-08,7,2,5
2015-03-08,1,0,1
2015-03-09,3,3,0
2015-03-09,0,0,0
2015-03-09,1,1,0
2015-03-09,1,0,1
2015-03-09,6,0,6
2015-03-09,13,4,9
2015-03-09,33,19,14
2015-03-09,63,45,18
2015-03-09,113,76,37
2015-03-09,86,61,25
2015-03-09,35,29,6
2015-03-09,32,21,11
2015-03-09,29,14,15
2015-03-09,34,26,8
2015-03-09,29,18,11
2015-03-09,45,31,14
2015-03-09,79,55,24
2015-03-09,152,101,51
2015-03-09,62,41,21
2015-03-09,35,22,13
2015-03-09,7,6,1
2015-03-09,9,5,4
2015-03-09,6,5,1
2015-03-09,1,0,1
2015-03-10,3,1,2
2015-03-10,0,0,0
2015-03-10,0,0,0
2015-03-10,2,2,0
2015-03-10,1,0,1
2015-03-10,14,7,7
2015-03-10,30,17,13
2015-03-10,59,38,21
2015-03-10,125,96,29
2015-03-10,73,49,24
2015-03-10,34,26,8
2015-03-10,25,18,7
2015-03-10,33,18,15
2015-03-10,27,15,12
2015-03-10,28,21,7
2015-03-10,46,34,12
2015-03-10,85,68,17
2015-03-10,129,80,49
2015-03-10,88,55,33
2015-03-10,23,12,11
2015-03-10,9,7,2
2015-03-10,6,6,0
2015-03-10,9,7,2
2015-03-10,3,2,1
2015-03-11,1,1,0
2015-03-11,1,1,0
2015-03-11,0,0,0
2015-03-11,0,0,0
2015-03-11,1,0,1
2015-03-11,8,5,3
2015-03-11,21,10,11
2015-03-11,45,29,16
2015-03-11,75,56,19
2015-03-11,42,27,15
2015-03-11,30,22,8
2015-03-11,15,11,4
2015-03-11,19,10,9
2015-03-11,14,11,3
2015-03-11,30,20,10
2015-03-11,40,28,12
2015-03-11,69,51,18
2015-03-11,86,54,32
2015-03-11,53,33,20
2015-03-11,22,20,2
2015-03-11,10,8,2
2015-03-11,8,7,1
2015-03-11,5,2,3
2015-03-11,0,0,0
2015-03-12,0,0,0
2015-03-12,0,0,0
2015-03-12,0,0,0
2015-03-12,1,1,0
2015-03-12,0,0,0
2015-03-12,12,7,5
2015-03-12,32,17,15
2015-03-12,45,31,14
2015-03-12,88,67,21
2015-03-12,66,47,19
2015-03-12,35,28,7
2015-03-12,25,16,9
2015-03-12,42,24,18
2015-03-12,37,22,15
2015-03-12,41,24,17
2015-03-12,58,38,20
2015-03-12,81,60,21
2015-03-12,115,63,52
2015-03-12,92,55,37
2015-03-12,42,32,10
2015-03-12,15,13,2
2015-03-12,20,9,11
2015-03-12,4,2,2
2015-03-12,3,3,0
2015-03-13,2,1,1
2015-03-13,1,0,1
2015-03-13,2,2,0
2015-03-13,1,0,1
2015-03-13,0,0,0
2015-03-13,11,5,6
2015-03-13,31,16,15
2015-03-13,63,45,18
2015-03-13,103,73,30
2015-03-13,61,42,19
2015-03-13,41,29,12
2015-03-13,30,19,11
2015-03-13,32,17,15
2015-03-13,36,18,18
2015-03-13,41,27,14
2015-03-13,54,38,16
2015-03-13,97,70,27
2015-03-13,110,84,26
2015-03-13,66,40,26
2015-03-13,22,12,10
2015-03-13,14,10,4
2015-03-13,10,4,6
2015-03-13,7,6,1
2015-03-13,2,1,1
2015-03-14,6,4,2
2015-03-14,0,0,0
2015-03-14,0,0,0
2015-03-14,3,1,2
2015-03-14,0,0,0
2015-03-14,0,0,0
2015-03-14,2,2,0
2015-03-14,10,7,3
2015-03-14,2,2,0
2015-03-14,4,4,0
2015-03-14,4,4,0
2015-03-14,5,2,3
2015-03-14,10,5,5
2015-03-14,13,7,6
2015-03-14,12,10,2
2015-03-14,23,15,8
2015-03-14,24,19,5
2015-03-14,25,22,3
2015-03-14,24,24,0
2015-03-14,5,3,2
2015-03-14,6,2,4
2015-03-14,23,3,20
2015-03-14,6,5,1
2015-03-14,4,4,0
2015-03-15,5,5,0
2015-03-15,1,1,0
2015-03-15,0,0,0
2015-03-15,0,0,0
2015-03-15,1,1,0
2015-03-15,1,0,1
2015-03-15,1,0,1
2015-03-15,5,2,3
2015-03-15,0,0,0
2015-03-15,4,4,0
2015-03-15,1,1,0
2015-03-15,1,1,0
2015-03-15,5,2,3
2015-03-15,1,0,1
2015-03-15,3,3,0
2015-03-15,3,3,0
2015-03-15,5,3,2
2015-03-15,4,3,1
2015-03-15,5,4,1
2015-03-15,1,1,0
2015-03-15,1,0,1
2015-03-15,1,1,0
2015-03-15,4,4,0
2015-03-15,2,1,1
2015-03-16,0,0,0
2015-03-16,0,0,0
2015-03-16,0,0,0
2015-03-16,0,0,0
2015-03-16,2,0,2
2015-03-16,7,3,4
2015-03-16,22,13,9
2015-03-16,49,36,13
2015-03-16,100,70,30
2015-03-16,69,44,25
2015-03-16,29,17,12
2015-03-16,31,17,14
2015-03-16,25,11,14
2015-03-16,22,14,8
2015-03-16,25,16,9
2015-03-16,38,32,6
2015-03-16,71,50,21
2015-03-16,113,72,41
2015-03-16,64,46,18
2015-03-16,33,24,9
2015-03-16,14,9,5
2015-03-16,7,5,2
2015-03-16,5,5,0
2015-03-16,2,1,1
2015-03-17,2,0,2
2015-03-17,1,0,1
2015-03-17,1,1,0
2015-03-17,0,0,0
2015-03-17,0,0,0
2015-03-17,9,6,3
2015-03-17,32,18,14
2015-03-17,45,26,19
2015-03-17,114,78,36
2015-03-17,64,43,21
2015-03-17,22,11,11
2015-03-17,17,8,9
2015-03-17,25,17,8
2015-03-17,31,16,15
2015-03-17,23,16,7
2015-03-17,37,29,8
2015-03-17,72,54,18
2015-03-17,116,75,41
2015-03-17,66,41,25
2015-03-17,21,16,5
2015-03-17,9,6,3
2015-03-17,13,8,5
2015-03-17,6,4,2
2015-03-17,4,3,1
2015-03-18,1,1,0
2015-03-18,0,0,0
2015-03-18,1,1,0
2015-03-18,0,0,0
2015-03-18,1,1,0
2015-03-18,8,6,2
2015-03-18,34,18,16
2015-03-18,47,39,8
2015-03-18,114,78,36
2015-03-18,57,37,20
2015-03-18,33,23,10
2015-03-18,34,23,11
2015-03-18,26,17,9
2015-03-18,32,19,13
2015-03-18,30,18,12
2015-03-18,33,22,11
2015-03-18,100,67,33
2015-03-18,119,83,36
2015-03-18,76,55,21
2015-03-18,30,19,11
2015-03-18,18,12,6
2015-03-18,11,8,3
2015-03-18,9,5,4
2015-03-18,5,4,1
2015-03-19,0,0,0
2015-03-19,0,0,0
2015-03-19,1,1,0
2015-03-19,0,0,0
2015-03-19,2,1,1
2015-03-19,9,7,2
2015-03-19,26,15,11
2015-03-19,56,36,20
2015-03-19,117,77,40
2015-03-19,76,52,24
2015-03-19,37,23,14
2015-03-19,26,16,10
2015-03-19,33,21,12
2015-03-19,39,16,23
2015-03-19,33,17,16
2015-03-19,36,22,14
2015-03-19,83,65,18
2015-03-19,129,86,43
2015-03-19,96,65,31
2015-03-19,24,17,7
2015-03-19,19,14,5
2015-03-19,13,11,2
2015-03-19,8,6,2
2015-03-19,5,4,1
2015-03-20,4,4,0
2015-03-20,0,0,0
2015-03-20,0,0,0
2015-03-20,0,0,0
2015-03-20,0,0,0
2015-03-20,5,2,3
2015-03-20,32,20,12
2015-03-20,37,23,14
2015-03-20,72,57,15
2015-03-20,48,29,19
2015-03-20,26,20,6
2015-03-20,33,18,15
2015-03-20,36,18,18
2015-03-20,31,20,11
2015-03-20,20,12,8
2015-03-20,39,31,8
2015-03-20,64,40,24
2015-03-20,77,50,27
2015-03-20,50,36,14
2015-03-20,14,8,6
2015-03-20,8,3,5
2015-03-20,10,7,3
2015-03-20,10,6,4
2015-03-20,7,2,5
2015-03-21,4,4,0
2015-03-21,7,6,1
2015-03-21,3,3,0
2015-03-21,3,2,1
2015-03-21,1,1,0
2015-03-21,3,2,1
2015-03-21,4,4,0
2015-03-21,9,7,2
2015-03-21,7,3,4
2015-03-21,8,8,0
2015-03-21,9,6,3
2015-03-21,12,8,4
2015-03-21,5,3,2
2015-03-21,13,9,4
2015-03-21,25,15,10
2015-03-21,20,13,7
2015-03-21,9,8,1
2015-03-21,16,8,8
2015-03-21,18,14,4
2015-03-21,14,9,5
2015-03-21,7,4,3
2015-03-21,6,6,0
2015-03-21,2,2,0
2015-03-21,3,2,1
2015-03-22,8,7,1
2015-03-22,7,6,1
2015-03-22,1,1,0
2015-03-22,1,1,0
2015-03-22,0,0,0
2015-03-22,2,0,2
2015-03-22,2,1,1
2015-03-22,4,4,0
2015-03-22,4,2,2
2015-03-22,6,4,2
2015-03-22,9,6,3
2015-03-22,15,8,7
2015-03-22,22,8,14
2015-03-22,7,4,3
2015-03-22,13,8,5
2015-03-22,9,8,1
2015-03-22,8,5,3
2015-03-22,8,5,3
2015-03-22,13,9,4
2015-03-22,12,7,5
2015-03-22,10,3,7
2015-03-22,7,4,3
2015-03-22,4,3,1
2015-03-22,4,3,1
2015-03-23,0,0,0
2015-03-23,0,0,0
2015-03-23,1,1,0
2015-03-23,0,0,0
2015-03-23,0,0,0
2015-03-23,8,3,5
2015-03-23,29,14,15
2015-03-23,39,23,16
2015-03-23,90,68,22
2015-03-23,66,44,22
2015-03-23,31,22,9
2015-03-23,27,17,10
2015-03-23,15,8,7
2015-03-23,10,5,5
2015-03-23,20,15,5
2015-03-23,19,14,5
2015-03-23,70,51,19
2015-03-23,102,76,26
2015-03-23,67,40,27
2015-03-23,23,14,9
2015-03-23,10,5,5
2015-03-23,6,6,0
2015-03-23,5,3,2
2015-03-23,1,1,0
2015-03-24,1,1,0
2015-03-24,0,0,0
2015-03-24,0,0,0
2015-03-24,1,1,0
2015-03-24,1,0,1
2015-03-24,4,2,2
2015-03-24,25,14,11
2015-03-24,45,29,16
2015-03-24,70,53,17
2015-03-24,62,40,22
2015-03-24,30,21,9
2015-03-24,20,10,10
2015-03-24,20,8,12
2015-03-24,27,15,12
2015-03-24,32,23,9
2015-03-24,37,24,13
2015-03-24,73,64,9
2015-03-24,117,83,34
2015-03-24,91,70,21
2015-03-24,39,32,7
2015-03-24,15,12,3
2015-03-24,23,13,10
2015-03-24,10,6,4
2015-03-24,6,3,3
2015-03-25,2,1,1
2015-03-25,0,0,0
2015-03-25,0,0,0
2015-03-25,0,0,0
2015-03-25,0,0,0
2015-03-25,5,2,3
2015-03-25,25,14,11
2015-03-25,36,24,12
2015-03-25,88,60,28
2015-03-25,45,30,15
2015-03-25,34,21,13
2015-03-25,28,13,15
2015-03-25,15,9,6
2015-03-25,21,12,9
2015-03-25,25,16,9
2015-03-25,25,20,5
2015-03-25,64,50,14
2015-03-25,94,65,29
2015-03-25,56,37,19
2015-03-25,18,13,5
2015-03-25,11,8,3
2015-03-25,11,10,1
2015-03-25,12,10,2
2015-03-25,1,1,0
2015-03-26,2,2,0
2015-03-26,1,1,0
2015-03-26,0,0,0
2015-03-26,0,0,0
2015-03-26,0,0,0
2015-03-26,8,3,5
2015-03-26,32,18,14
2015-03-26,67,42,25
2015-03-26,134,93,41
2015-03-26,64,46,18
2015-03-26,27,18,9
2015-03-26,38,26,12
2015-03-26,45,26,19
2015-03-26,48,28,20
2015-03-26,40,21,19
2015-03-26,61,45,16
2015-03-26,97,76,21
2015-03-26,150,103,47
2015-03-26,73,43,30
2015-03-26,43,33,10
2015-03-26,30,24,6
2015-03-26,16,12,4
2015-03-26,9,6,3
2015-03-26,5,0,5
2015-03-27,8,6,2
2015-03-27,4,2,2
2015-03-27,0,0,0
2015-03-27,1,1,0
2015-03-27,0,0,0
2015-03-27,5,3,2
2015-03-27,34,16,18
2015-03-27,57,41,16
2015-03-27,107,73,34
2015-03-27,71,45,26
2015-03-27,40,30,10
2015-03-27,33,23,10
2015-03-27,45,29,16
2015-03-27,38,25,13
2015-03-27,46,33,13
2015-03-27,66,53,13
2015-03-27,119,82,37
2015-03-27,112,74,38
2015-03-27,71,49,22
2015-03-27,24,16,8
2015-03-27,19,12,7
2015-03-27,8,6,2
2015-03-27,11,7,4
2015-03-27,4,3,1
2015-03-28,3,2,1
2015-03-28,2,2,0
2015-03-28,0,0,0
2015-03-28,0,0,0
2015-03-28,0,0,0
2015-03-28,3,2,1
2015-03-28,1,0,1
2015-03-28,7,5,2
2015-03-28,13,8,5
2015-03-28,13,8,5
2015-03-28,16,13,3
2015-03-28,24,18,6
2015-03-28,20,11,9
2015-03-28,34,17,17
2015-03-28,29,8,21
2015-03-28,27,15,12
2015-03-28,18,12,6
2015-03-28,35,31,4
2015-03-28,23,17,6
2015-03-28,9,6,3
2015-03-28,3,1,2
2015-03-28,8,4,4
2015-03-28,5,2,3
2015-03-28,7,5,2
2015-03-29,3,3,0
2015-03-29,7,6,1
2015-03-29,0,0,0
2015-03-29,2,1,1
2015-03-29,0,0,0
2015-03-29,2,0,2
2015-03-29,3,2,1
2015-03-29,2,1,1
2015-03-29,8,7,1
2015-03-29,9,8,1
2015-03-29,9,4,5
2015-03-29,11,9,2
2015-03-29,16,8,8
2015-03-29,10,7,3
2015-03-29,18,15,3
2015-03-29,16,9,7
2015-03-29,11,7,4
2015-03-29,15,11,4
2015-03-29,12,5,7
2015-03-29,8,4,4
2015-03-29,1,0,1
2015-03-29,5,4,1
2015-03-29,3,1,2
2015-03-29,3,3,0
2015-03-30,3,3,0
2015-03-30,1,1,0
2015-03-30,0,0,0
2015-03-30,1,1,0
2015-03-30,0,0,0
2015-03-30,11,6,5
2015-03-30,27,13,14
2015-03-30,79,51,28
2015-03-30,117,79,38
2015-03-30,76,54,22
2015-03-30,34,25,9
2015-03-30,18,11,7
2015-03-30,34,24,10
2015-03-30,31,21,10
2015-03-30,30,26,4
2015-03-30,50,36,14
2015-03-30,104,82,22
2015-03-30,157,108,49
2015-03-30,83,53,30
2015-03-30,26,14,12
2015-03-30,13,5,8
2015-03-30,11,8,3
2015-03-30,5,4,1
2015-03-30,0,0,0
2015-03-31,0,0,0
2015-03-31,0,0,0
2015-03-31,0,0,0
2015-03-31,2,2,0
2015-03-31,0,0,0
2015-03-31,8,3,5
2015-03-31,37,20,17
2015-03-31,45,26,19
2015-03-31,99,76,23
2015-03-31,42,26,16
2015-03-31,20,16,4
2015-03-31,15,7,8
2015-03-31,19,10,9
2015-03-31,20,14,6
2015-03-31,26,22,4
2015-03-31,38,28,10
2015-03-31,69,55,14
2015-03-31,86,58,28
2015-03-31,69,40,29
2015-03-31,12,7,5
2015-03-31,9,5,4
2015-03-31,8,6,2
2015-03-31,6,2,4
2015-03-31,1,1,0
2015-04-01,0,0,0
2015-04-01,0,0,0
2015-04-01,1,1,0
2015-04-01,0,0,0
2015-04-01,0,0,0
2015-04-01,6,4,2
2015-04-01,26,13,13
2015-04-01,46,34,12
2015-04-01,94,69,25
2015-04-01,63,42,21
2015-04-01,28,18,10
2015-04-01,31,19,12
2015-04-01,45,26,19
2015-04-01,28,17,11
2015-04-01,24,15,9
2015-04-01,55,43,12
2015-04-01,90,61,29
2015-04-01,110,75,35
2015-04-01,62,46,16
2015-04-01,28,24,4
2015-04-01,3,2,1
2015-04-01,8,4,4
2015-04-01,8,5,3
2015-04-01,2,2,0
2015-04-02,1,1,0
2015-04-02,4,4,0
2015-04-02,0,0,0
2015-04-02,0,0,0
2015-04-02,0,0,0
2015-04-02,10,8,2
2015-04-02,32,16,16
2015-04-02,54,37,17
2015-04-02,81,59,22
2015-04-02,53,40,13
2015-04-02,24,15,9
2015-04-02,33,21,12
2015-04-02,31,16,15
2015-04-02,33,21,12
2015-04-02,30,19,11
2015-04-02,51,37,14
2015-04-02,82,64,18
2015-04-02,157,116,41
2015-04-02,148,112,36
2015-04-02,37,15,22
2015-04-02,29,12,17
2015-04-02,18,9,9
2015-04-02,9,7,2
2015-04-02,6,5,1
2015-04-03,2,2,0
2015-04-03,2,2,0
2015-04-03,1,1,0
2015-04-03,0,0,0
2015-04-03,1,1,0
2015-04-03,9,7,2
2015-04-03,26,14,12
2015-04-03,52,33,19
2015-04-03,95,67,28
2015-04-03,64,38,26
2015-04-03,37,27,10
2015-04-03,38,29,9
2015-04-03,18,7,11
2015-04-03,19,12,7
2015-04-03,27,17,10
2015-04-03,48,33,15
2015-04-03,87,64,23
2015-04-03,92,61,31
2015-04-03,55,42,13
2015-04-03,21,16,5
2015-04-03,9,6,3
2015-04-03,8,6,2
2015-04-03,5,4,1
2015-04-03,7,6,1
2015-04-04,1,0,1
2015-04-04,4,4,0
2015-04-04,1,0,1
2015-04-04,1,1,0
2015-04-04,0,0,0
2015-04-04,4,2,2
2015-04-04,5,3,2
2015-04-04,14,12,2
2015-04-04,12,9,3
2015-04-04,9,3,6
2015-04-04,16,14,2
2015-04-04,21,18,3
2015-04-04,21,11,10
2015-04-04,28,17,11
2015-04-04,23,14,9
2015-04-04,23,11,12
2015-04-04,32,21,11
2015-04-04,27,22,5
2015-04-04,48,41,7
2015-04-04,9,3,6
2015-04-04,5,2,3
2015-04-04,30,6,24
2015-04-04,8,5,3
2015-04-04,8,7,1
2015-04-05,3,1,2
2015-04-05,4,4,0
2015-04-05,1,0,1
2015-04-05,1,1,0
2015-04-05,0,0,0
2015-04-05,4,1,3
2015-04-05,0,0,0
2015-04-05,6,5,1
2015-04-05,6,6,0
2015-04-05,13,9,4
2015-04-05,14,9,5
2015-04-05,13,10,3
2015-04-05,20,11,9
2015-04-05,14,10,4
2015-04-05,22,15,7
2015-04-05,26,17,9
2015-04-05,13,11,2
2015-04-05,12,11,1
2015-04-05,16,12,4
2015-04-05,9,8,1
2015-04-05,6,5,1
2015-04-05,7,4,3
2015-04-05,4,3,1
2015-04-05,2,2,0
2015-04-06,0,0,0
2015-04-06,0,0,0
2015-04-06,2,2,0
2015-04-06,1,1,0
2015-04-06,1,1,0
2015-04-06,10,5,5
2015-04-06,40,25,15
2015-04-06,64,41,23
2015-04-06,117,89,28
2015-04-06,62,44,18
2015-04-06,37,22,15
2015-04-06,36,25,11
2015-04-06,50,37,13
2015-04-06,33,24,9
2015-04-06,19,11,8
2015-04-06,46,33,13
2015-04-06,94,65,29
2015-04-06,139,93,46
2015-04-06,73,46,27
2015-04-06,27,18,9
2015-04-06,18,12,6
2015-04-06,7,7,0
2015-04-06,5,4,1
2015-04-06,8,5,3
2015-04-07,2,2,0
2015-04-07,0,0,0
2015-04-07,1,1,0
2015-04-07,0,0,0
2015-04-07,1,1,0
2015-04-07,11,6,5
2015-04-07,39,24,15
2015-04-07,80,52,28
2015-04-07,157,113,44
2015-04-07,65,47,18
2015-04-07,36,22,14
2015-04-07,29,21,8
2015-04-07,20,8,12
2015-04-07,29,18,11
2015-04-07,26,15,11
2015-04-07,63,43,20
2015-04-07,102,73,29
2015-04-07,161,102,59
2015-04-07,77,50,27
2015-04-07,34,19,15
2015-04-07,16,14,2
2015-04-07,14,6,8
2015-04-07,12,5,7
2015-04-07,6,6,0
2015-04-08,2,2,0
2015-04-08,1,1,0
2015-04-08,1,1,0
2015-04-08,0,0,0
2015-04-08,0,0,0
2015-04-08,8,5,3
2015-04-08,40,24,16
2015-04-08,58,39,19
2015-04-08,112,83,29
2015-04-08,75,52,23
2015-04-08,37,25,12
2015-04-08,29,21,8
2015-04-08,24,11,13
2015-04-08,32,19,13
2015-04-08,37,22,15
2015-04-08,49,39,10
2015-04-08,105,86,19
2015-04-08,165,125,40
2015-04-08,84,61,23
2015-04-08,25,14,11
2015-04-08,17,12,5
2015-04-08,20,17,3
2015-04-08,25,5,20
2015-04-08,4,1,3
2015-04-09,3,2,1
2015-04-09,3,3,0
2015-04-09,0,0,0
2015-04-09,5,5,0
2015-04-09,1,1,0
2015-04-09,9,5,4
2015-04-09,28,17,11
2015-04-09,70,47,23
2015-04-09,124,90,34
2015-04-09,79,58,21
2015-04-09,41,26,15
2015-04-09,32,23,9
2015-04-09,35,25,10
2015-04-09,32,19,13
2015-04-09,27,17,10
2015-04-09,47,31,16
2015-04-09,104,83,21
2015-04-09,147,103,44
2015-04-09,82,54,28
2015-04-09,51,31,20
2015-04-09,18,10,8
2015-04-09,13,8,5
2015-04-09,14,8,6
2015-04-09,4,3,1
2015-04-10,1,1,0
2015-04-10,0,0,0
2015-04-10,1,1,0
2015-04-10,2,2,0
2015-04-10,0,0,0
2015-04-10,9,5,4
2015-04-10,30,16,14
2015-04-10,49,31,18
2015-04-10,103,79,24
2015-04-10,48,35,13
2015-04-10,42,26,16
2015-04-10,17,12,5
2015-04-10,36,23,13
2015-04-10,38,20,18
2015-04-10,37,30,7
2015-04-10,57,35,22
2015-04-10,76,55,21
2015-04-10,92,65,27
2015-04-10,35,27,8
2015-04-10,17,10,7
2015-04-10,9,4,5
2015-04-10,3,2,1
2015-04-10,6,6,0
2015-04-10,1,1,0
2015-04-11,0,0,0
2015-04-11,0,0,0
2015-04-11,2,2,0
2015-04-11,1,1,0
2015-04-11,1,0,1
2015-04-11,3,1,2
2015-04-11,2,0,2
2015-04-11,8,7,1
2015-04-11,11,9,2
2015-04-11,11,9,2
2015-04-11,12,7,5
2015-04-11,9,8,1
2015-04-11,26,19,7
2015-04-11,18,5,13
2015-04-11,18,11,7
2015-04-11,20,11,9
2015-04-11,19,11,8
2015-04-11,17,10,7
2015-04-11,14,9,5
2015-04-11,10,8,2
2015-04-11,2,2,0
2015-04-11,4,1,3
2015-04-11,5,4,1
2015-04-11,3,3,0
2015-04-12,4,3,1
2015-04-12,2,1,1
2015-04-12,0,0,0
2015-04-12,3,3,0
2015-04-12,1,1,0
2015-04-12,4,2,2
2015-04-12,3,1,2
2015-04-12,2,1,1
2015-04-12,6,5,1
2015-04-12,10,5,5
2015-04-12,32,26,6
2015-04-12,15,10,5
2015-04-12,23,12,11
2015-04-12,21,11,10
2015-04-12,14,7,7
2015-04-12,21,13,8
2015-04-12,27,18,9
2015-04-12,21,16,5
2015-04-12,14,10,4
2015-04-12,11,7,4
2015-04-12,6,5,1
2015-04-12,5,4,1
2015-04-12,4,3,1
2015-04-12,2,2,0
2015-04-13,0,0,0
2015-04-13,0,0,0
2015-04-13,1,1,0
2015-04-13,0,0,0
2015-04-13,1,0,1
2015-04-13,7,3,4
2015-04-13,29,17,12
2015-04-13,55,33,22
2015-04-13,90,68,22
2015-04-13,52,33,19
2015-04-13,27,16,11
2015-04-13,27,17,10
2015-04-13,29,13,16
2015-04-13,27,19,8
2015-04-13,19,13,6
2015-04-13,40,27,13
2015-04-13,70,56,14
2015-04-13,96,73,23
2015-04-13,53,37,16
2015-04-13,17,9,8
2015-04-13,3,1,2
2015-04-13,5,3,2
2015-04-13,4,2,2
2015-04-13,0,0,0
2015-04-14,2,1,1
2015-04-14,0,0,0
2015-04-14,0,0,0
2015-04-14,1,1,0
2015-04-14,0,0,0
2015-04-14,3,1,2
2015-04-14,26,17,9
2015-04-14,49,32,17
2015-04-14,85,66,19
2015-04-14,41,31,10
2015-04-14,26,22,4
2015-04-14,27,18,9
2015-04-14,26,17,9
2015-04-14,36,22,14
2015-04-14,29,19,10
2015-04-14,45,32,13
2015-04-14,60,37,23
2015-04-14,93,74,19
2015-04-14,54,35,19
2015-04-14,19,15,4
2015-04-14,15,7,8
2015-04-14,12,7,5
2015-04-14,7,4,3
2015-04-14,3,3,0
2015-04-15,2,2,0
2015-04-15,0,0,0
2015-04-15,1,1,0
2015-04-15,1,1,0
2015-04-15,0,0,0
2015-04-15,9,5,4
2015-04-15,38,25,13
2015-04-15,60,42,18
2015-04-15,101,74,27
2015-04-15,66,49,17
2015-04-15,32,24,8
2015-04-15,40,25,15
2015-04-15,37,17,20
2015-04-15,53,33,20
2015-04-15,37,21,16
2015-04-15,59,41,18
2015-04-15,100,77,23
2015-04-15,157,108,49
2015-04-15,73,48,25
2015-04-15,27,13,14
2015-04-15,16,12,4
2015-04-15,6,3,3
2015-04-15,12,6,6
2015-04-15,3,2,1
2015-04-16,2,1,1
2015-04-16,0,0,0
2015-04-16,1,1,0
2015-04-16,1,0,1
2015-04-16,0,0,0
2015-04-16,9,5,4
2015-04-16,35,22,13
2015-04-16,69,46,23
2015-04-16,122,94,28
2015-04-16,88,66,22
2015-04-16,27,18,9
2015-04-16,46,28,18
2015-04-16,38,22,16
2015-04-16,41,19,22
2015-04-16,29,18,11
2015-04-16,62,45,17
2015-04-16,99,75,24
2015-04-16,167,112,55
2015-04-16,100,71,29
2015-04-16,37,20,17
2015-04-16,23,11,12
2015-04-16,15,11,4
2015-04-16,7,5,2
2015-04-16,8,6,2
2015-04-17,4,3,1
2015-04-17,1,0,1
2015-04-17,1,1,0
2015-04-17,1,1,0
2015-04-17,1,0,1
2015-04-17,11,5,6
2015-04-17,33,17,16
2015-04-17,53,37,16
2015-04-17,121,80,41
2015-04-17,57,38,19
2015-04-17,44,32,12
2015-04-17,40,23,17
2015-04-17,25,15,10
2015-04-17,53,29,24
2015-04-17,48,32,16
2015-04-17,66,56,10
2015-04-17,111,73,38
2015-04-17,143,108,35
2015-04-17,84,56,28
2015-04-17,30,16,14
2015-04-17,13,7,6
2015-04-17,7,3,4
2015-04-17,11,5,6
2015-04-17,5,3,2
2015-04-18,2,1,1
2015-04-18,3,2,1
2015-04-18,0,0,0
2015-04-18,1,1,0
2015-04-18,0,0,0
2015-04-18,3,2,1
2015-04-18,5,4,1
2015-04-18,12,9,3
2015-04-18,26,20,6
2015-04-18,14,9,5
2015-04-18,18,9,9
2015-04-18,28,17,11
2015-04-18,23,9,14
2015-04-18,38,15,23
2015-04-18,24,18,6
2015-04-18,37,27,10
2015-04-18,22,13,9
2015-04-18,36,17,19
2015-04-18,35,17,18
2015-04-18,18,12,6
2015-04-18,10,3,7
2015-04-18,13,4,9
2015-04-18,14,2,12
2015-04-18,7,6,1
2015-04-19,5,4,1
2015-04-19,0,0,0
2015-04-19,0,0,0
2015-04-19,1,1,0
2015-04-19,1,1,0
2015-04-19,1,0,1
2015-04-19,4,2,2
2015-04-19,8,7,1
2015-04-19,9,8,1
2015-04-19,25,16,9
2015-04-19,20,13,7
2015-04-19,26,23,3
2015-04-19,38,29,9
2015-04-19,24,14,10
2015-04-19,32,15,17
2015-04-19,27,13,14
2015-04-19,23,12,11
2015-04-19,41,20,21
2015-04-19,22,14,8
2015-04-19,27,15,12
2015-04-19,12,8,4
2015-04-19,7,4,3
2015-04-19,5,5,0
2015-04-19,5,4,1
2015-04-20,3,3,0
2015-04-20,0,0,0
2015-04-20,2,2,0
2015-04-20,0,0,0
2015-04-20,0,0,0
2015-04-20,13,6,7
2015-04-20,35,22,13
2015-04-20,83,52,31
2015-04-20,146,112,34
2015-04-20,74,55,19
2015-04-20,41,27,14
2015-04-20,27,18,9
2015-04-20,49,26,23
2015-04-20,47,29,18
2015-04-20,45,29,16
2015-04-20,83,49,34
2015-04-20,105,79,26
2015-04-20,184,130,54
2015-04-20,93,61,32
2015-04-20,33,18,15
2015-04-20,32,24,8
2015-04-20,15,13,2
2015-04-20,7,1,6
2015-04-20,16,2,14
2015-04-21,4,1,3
2015-04-21,6,1,5
2015-04-21,0,0,0
2015-04-21,1,1,0
2015-04-21,0,0,0
2015-04-21,9,4,5
2015-04-21,39,20,19
2015-04-21,89,58,31
2015-04-21,163,130,33
2015-04-21,71,48,23
2015-04-21,36,24,12
2015-04-21,41,26,15
2015-04-21,40,25,15
2015-04-21,35,21,14
2015-04-21,31,17,14
2015-04-21,53,36,17
2015-04-21,132,77,55
2015-04-21,145,103,42
2015-04-21,77,48,29
2015-04-21,9,6,3
2015-04-21,5,2,3
2015-04-21,8,4,4
2015-04-21,1,1,0
2015-04-21,1,0,1
2015-04-22,0,0,0
2015-04-22,0,0,0
2015-04-22,0,0,0
2015-04-22,1,1,0
2015-04-22,0,0,0
2015-04-22,5,3,2
2015-04-22,24,11,13
2015-04-22,60,43,17
2015-04-22,88,61,27
2015-04-22,45,30,15
2015-04-22,24,19,5
2015-04-22,31,20,11
2015-04-22,30,17,13
2015-04-22,25,20,5
2015-04-22,31,21,10
2015-04-22,44,31,13
2015-04-22,88,69,19
2015-04-22,106,73,33
2015-04-22,59,42,17
2015-04-22,21,10,11
2015-04-22,24,18,6
2015-04-22,13,6,7
2015-04-22,2,1,1
2015-04-22,5,3,2
2015-04-23,1,0,1
2015-04-23,0,0,0
2015-04-23,0,0,0
2015-04-23,0,0,0
2015-04-23,0,0,0
2015-04-23,7,6,1
2015-04-23,31,15,16
2015-04-23,53,31,22
2015-04-23,85,64,21
2015-04-23,50,30,20
2015-04-23,25,14,11
2015-04-23,22,15,7
2015-04-23,19,12,7
2015-04-23,18,12,6
2015-04-23,17,10,7
2015-04-23,33,26,7
2015-04-23,58,38,20
2015-04-23,85,59,26
2015-04-23,48,40,8
2015-04-23,10,7,3
2015-04-23,6,1,5
2015-04-23,8,6,2
2015-04-23,3,3,0
2015-04-23,3,1,2
2015-04-24,0,0,0
2015-04-24,0,0,0
2015-04-24,0,0,0
2015-04-24,0,0,0
2015-04-24,1,1,0
2015-04-24,6,4,2
2015-04-24,33,19,14
2015-04-24,31,22,9
2015-04-24,72,52,20
2015-04-24,38,27,11
2015-04-24,24,17,7
2015-04-24,15,12,3
2015-04-24,17,8,9
2015-04-24,24,14,10
2015-04-24,26,15,11
2015-04-24,39,28,11
2015-04-24,53,42,11
2015-04-24,85,60,25
2015-04-24,43,24,19
2015-04-24,20,13,7
2015-04-24,2,1,1
2015-04-24,6,2,4
2015-04-24,11,8,3
2015-04-24,6,0,6
2015-04-25,0,0,0
2015-04-25,0,0,0
2015-04-25,2,1,1
2015-04-25,0,0,0
2015-04-25,0,0,0
2015-04-25,3,0,3
2015-04-25,2,2,0
2015-04-25,5,4,1
2015-04-25,8,5,3
2015-04-25,13,9,4
2015-04-25,16,11,5
2015-04-25,13,8,5
2015-04-25,11,8,3
2015-04-25,29,20,9
2015-04-25,28,22,6
2015-04-25,23,12,11
2015-04-25,17,11,6
2015-04-25,27,18,9
2015-04-25,17,6,11
2015-04-25,5,1,4
2015-04-25,14,8,6
2015-04-25,9,4,5
2015-04-25,10,7,3
2015-04-25,2,1,1
2015-04-26,3,2,1
2015-04-26,0,0,0
2015-04-26,1,0,1
2015-04-26,2,1,1
2015-04-26,0,0,0
2015-04-26,3,0,3
2015-04-26,2,1,1
2015-04-26,4,4,0
2015-04-26,6,6,0
2015-04-26,8,5,3
2015-04-26,12,9,3
2015-04-26,9,5,4
2015-04-26,14,10,4
2015-04-26,11,7,4
2015-04-26,21,11,10
2015-04-26,22,19,3
2015-04-26,35,28,7
2015-04-26,31,17,14
2015-04-26,19,10,9
2015-04-26,9,8,1
2015-04-26,23,5,18
2015-04-26,3,2,1
2015-04-26,12,3,9
2015-04-26,1,0,1
2015-04-27,1,1,0
2015-04-27,0,0,0
2015-04-27,1,1,0
2015-04-27,2,1,1
2015-04-27,0,0,0
2015-04-27,8,6,2
2015-04-27,32,22,10
2015-04-27,60,43,17
2015-04-27,105,74,31
2015-04-27,53,40,13
2015-04-27,15,13,2
2015-04-27,21,11,10
2015-04-27,29,17,12
2015-04-27,23,16,7
2015-04-27,20,13,7
2015-04-27,46,25,21
2015-04-27,92,70,22
2015-04-27,139,97,42
2015-04-27,46,24,22
2015-04-27,20,13,7
2015-04-27,17,14,3
2015-04-27,10,5,5
2015-04-27,3,3,0
2015-04-27,2,1,1
2015-04-28,1,0,1
2015-04-28,1,1,0
2015-04-28,0,0,0
2015-04-28,1,1,0
2015-04-28,0,0,0
2015-04-28,4,4,0
2015-04-28,35,20,15
2015-04-28,64,41,23
2015-04-28,96,68,28
2015-04-28,46,31,15
2015-04-28,27,19,8
2015-04-28,22,14,8
2015-04-28,21,9,12
2015-04-28,16,11,5
2015-04-28,26,22,4
2015-04-28,36,26,10
2015-04-28,61,46,15
2015-04-28,83,56,27
2015-04-28,49,29,20
2015-04-28,9,7,2
2015-04-28,12,9,3
2015-04-28,4,3,1
2015-04-28,5,4,1
2015-04-28,1,1,0
2015-04-29,2,2,0
2015-04-29,1,1,0
2015-04-29,0,0,0
2015-04-29,1,1,0
2015-04-29,0,0,0
2015-04-29,8,5,3
2015-04-29,32,18,14
2015-04-29,53,43,10
2015-04-29,87,62,25
2015-04-29,63,45,18
2015-04-29,20,14,6
2015-04-29,20,12,8
2015-04-29,26,11,15
2015-04-29,24,16,8
2015-04-29,25,20,5
2015-04-29,34,23,11
2015-04-29,75,62,13
2015-04-29,123,74,49
2015-04-29,58,37,21
2015-04-29,41,26,15
2015-04-29,11,6,5
2015-04-29,13,11,2
2015-04-29,6,5,1
2015-04-29,5,3,2
2015-04-30,2,2,0
2015-04-30,0,0,0
2015-04-30,0,0,0
2015-04-30,0,0,0
2015-04-30,0,0,0
2015-04-30,14,10,4
2015-04-30,42,24,18
2015-04-30,74,56,18
2015-04-30,91,58,33
2015-04-30,61,40,21
2015-04-30,22,18,4
2015-04-30,31,19,12
2015-04-30,29,17,12
2015-04-30,25,15,10
2015-04-30,36,25,11
2015-04-30,50,34,16
2015-04-30,92,73,19
2015-04-30,112,79,33
2015-04-30,61,38,23
2015-04-30,30,16,14
2015-04-30,13,10,3
2015-04-30,12,10,2
2015-04-30,11,9,2
2015-04-30,7,4,3
2015-05-01,3,1,2
2015-05-01,0,0,0
2015-05-01,0,0,0
2015-05-01,0,0,0
2015-05-01,1,1,0
2015-05-01,12,6,6
2015-05-01,46,25,21
2015-05-01,114,85,29
2015-05-01,118,83,35
2015-05-01,59,45,14
2015-05-01,19,12,7
2015-05-01,26,17,9
2015-05-01,41,23,18
2015-05-01,37,31,6
2015-05-01,40,29,11
2015-05-01,89,60,29
2015-05-01,97,66,31
2015-05-01,111,75,36
2015-05-01,53,32,21
2015-05-01,23,15,8
2015-05-01,11,4,7
2015-05-01,15,11,4
2015-05-01,10,9,1
2015-05-01,3,3,0
2015-05-02,3,2,1
2015-05-02,4,3,1
2015-05-02,0,0,0
2015-05-02,1,1,0
2015-05-02,1,1,0
2015-05-02,2,0,2
2015-05-02,7,6,1
2015-05-02,7,3,4
2015-05-02,23,18,5
2015-05-02,7,7,0
2015-05-02,24,14,10
2015-05-02,19,15,4
2015-05-02,18,11,7
2015-05-02,20,14,6
2015-05-02,32,26,6
2015-05-02,34,19,15
2015-05-02,20,10,10
2015-05-02,15,13,2
2015-05-02,34,21,13
2015-05-02,11,6,5
2015-05-02,11,9,2
2015-05-02,5,1,4
2015-05-02,7,5,2
2015-05-02,2,1,1
2015-05-03,2,1,1
2015-05-03,1,1,0
2015-05-03,0,0,0
2015-05-03,0,0,0
2015-05-03,2,2,0
2015-05-03,1,0,1
2015-05-03,6,4,2
2015-05-03,5,5,0
2015-05-03,21,19,2
2015-05-03,15,12,3
2015-05-03,11,10,1
2015-05-03,14,11,3
2015-05-03,25,18,7
2015-05-03,17,14,3
2015-05-03,33,23,10
2015-05-03,23,14,9
2015-05-03,17,14,3
2015-05-03,31,21,10
2015-05-03,11,6,5
2015-05-03,10,8,2
2015-05-03,7,5,2
2015-05-03,6,5,1
2015-05-03,7,3,4
2015-05-03,3,2,1
2015-05-04,2,2,0
2015-05-04,3,3,0
2015-05-04,0,0,0
2015-05-04,0,0,0
2015-05-04,1,0,1
2015-05-04,7,3,4
2015-05-04,60,38,22
2015-05-04,100,76,24
2015-05-04,134,93,41
2015-05-04,57,39,18
2015-05-04,28,18,10
2015-05-04,27,19,8
2015-05-04,34,16,18
2015-05-04,22,12,10
2015-05-04,37,23,14
2015-05-04,63,50,13
2015-05-04,87,60,27
2015-05-04,154,104,50
2015-05-04,63,40,23
2015-05-04,22,14,8
2015-05-04,14,12,2
2015-05-04,12,8,4
2015-05-04,1,1,0
2015-05-04,5,1,4
2015-05-05,2,1,1
2015-05-05,1,0,1
2015-05-05,0,0,0
2015-05-05,0,0,0
2015-05-05,0,0,0
2015-05-05,2,1,1
2015-05-05,31,17,14
2015-05-05,62,44,18
2015-05-05,104,78,26
2015-05-05,40,27,13
2015-05-05,24,15,9
2015-05-05,17,9,8
2015-05-05,23,13,10
2015-05-05,20,14,6
2015-05-05,25,13,12
2015-05-05,46,30,16
2015-05-05,45,36,9
2015-05-05,100,57,43
2015-05-05,29,16,13
2015-05-05,11,6,5
2015-05-05,16,11,5
2015-05-05,7,4,3
2015-05-05,3,3,0
2015-05-05,6,5,1
2015-05-06,1,1,0
2015-05-06,2,2,0
2015-05-06,0,0,0
2015-05-06,1,1,0
2015-05-06,0,0,0
2015-05-06,8,5,3
2015-05-06,39,22,17
2015-05-06,95,68,27
2015-05-06,135,99,36
2015-05-06,44,26,18
2015-05-06,22,17,5
2015-05-06,23,13,10
2015-05-06,28,17,11
2015-05-06,33,27,6
2015-05-06,30,19,11
2015-05-06,47,31,16
2015-05-06,105,70,35
2015-05-06,138,100,38
2015-05-06,63,36,27
2015-05-06,31,22,9
2015-05-06,22,13,9
2015-05-06,10,7,3
2015-05-06,10,6,4
2015-05-06,3,3,0
2015-05-07,1,1,0
2015-05-07,0,0,0
2015-05-07,0,0,0
2015-05-07,0,0,0
2015-05-07,0,0,0
2015-05-07,11,8,3
2015-05-07,62,25,37
2015-05-07,106,75,31
2015-05-07,162,115,47
2015-05-07,66,54,12
2015-05-07,32,20,12
2015-05-07,35,22,13
2015-05-07,25,16,9
2015-05-07,39,24,15
2015-05-07,42,24,18
2015-05-07,51,37,14
2015-05-07,117,93,24
2015-05-07,187,126,61
2015-05-07,101,69,32
2015-05-07,41,23,18
2015-05-07,40,13,27
2015-05-07,17,10,7
2015-05-07,12,5,7
2015-05-07,10,4,6
2015-05-08,7,3,4
2015-05-08,4,0,4
2015-05-08,0,0,0
2015-05-08,0,0,0
2015-05-08,1,1,0
2015-05-08,10,5,5
2015-05-08,46,23,23
2015-05-08,86,60,26
2015-05-08,155,112,43
2015-05-08,54,42,12
2015-05-08,28,17,11
2015-05-08,39,27,12
2015-05-08,49,27,22
2015-05-08,46,31,15
2015-05-08,32,25,7
2015-05-08,62,46,16
2015-05-08,109,77,32
2015-05-08,148,100,48
2015-05-08,55,45,10
2015-05-08,19,16,3
2015-05-08,13,7,6
2015-05-08,9,4,5
2015-05-08,8,7,1
2015-05-08,8,3,5
2015-05-09,4,2,2
2015-05-09,3,3,0
2015-05-09,3,1,2
2015-05-09,1,1,0
2015-05-09,0,0,0
2015-05-09,3,0,3
2015-05-09,5,3,2
2015-05-09,7,6,1
2015-05-09,22,19,3
2015-05-09,12,7,5
2015-05-09,14,8,6
2015-05-09,24,18,6
2015-05-09,21,14,7
2015-05-09,41,29,12
2015-05-09,26,19,7
2015-05-09,28,11,17
2015-05-09,29,21,8
2015-05-09,24,19,5
2015-05-09,22,13,9
2015-05-09,11,4,7
2015-05-09,12,10,2
2015-05-09,15,8,7
2015-05-09,7,4,3
2015-05-09,8,5,3
2015-05-10,2,0,2
2015-05-10,2,2,0
2015-05-10,2,0,2
2015-05-10,1,1,0
2015-05-10,0,0,0
2015-05-10,2,0,2
2015-05-10,3,2,1
2015-05-10,8,5,3
2015-05-10,3,1,2
2015-05-10,14,5,9
2015-05-10,20,13,7
2015-05-10,17,12,5
2015-05-10,18,14,4
2015-05-10,15,10,5
2015-05-10,18,15,3
2015-05-10,18,10,8
2015-05-10,35,18,17
2015-05-10,18,10,8
2015-05-10,11,5,6
2015-05-10,10,4,6
2015-05-10,9,4,5
2015-05-10,4,3,1
2015-05-10,7,5,2
2015-05-10,1,1,0
2015-05-11,1,1,0
2015-05-11,4,2,2
2015-05-11,1,0,1
2015-05-11,1,0,1
2015-05-11,0,0,0
2015-05-11,9,6,3
2015-05-11,43,26,17
2015-05-11,83,61,22
2015-05-11,128,89,39
2015-05-11,51,37,14
2015-05-11,19,11,8
2015-05-11,26,19,7
2015-05-11,22,11,11
2015-05-11,16,10,6
2015-05-11,23,17,6
2015-05-11,39,28,11
2015-05-11,102,86,16
2015-05-11,136,87,49
2015-05-11,53,35,18
2015-05-11,32,24,8
2015-05-11,17,8,9
2015-05-11,7,4,3
2015-05-11,4,2,2
2015-05-11,1,0,1
2015-05-12,3,2,1
2015-05-12,1,1,0
2015-05-12,0,0,0
2015-05-12,3,3,0
2015-05-12,1,1,0
2015-05-12,5,4,1
2015-05-12,38,18,20
2015-05-12,90,58,32
2015-05-12,117,80,37
2015-05-12,41,31,10
2015-05-12,18,15,3
2015-05-12,34,18,16
2015-05-12,24,12,12
2015-05-12,26,15,11
2015-05-12,30,22,8
2015-05-12,38,29,9
2015-05-12,93,64,29
2015-05-12,158,103,55
2015-05-12,70,45,25
2015-05-12,30,17,13
2015-05-12,14,9,5
2015-05-12,4,2,2
2015-05-12,4,3,1
2015-05-12,1,0,1
2015-05-13,2,2,0
2015-05-13,0,0,0
2015-05-13,0,0,0
2015-05-13,0,0,0
2015-05-13,1,1,0
2015-05-13,6,4,2
2015-05-13,37,17,20
2015-05-13,62,48,14
2015-05-13,94,63,31
2015-05-13,41,26,15
2015-05-13,25,21,4
2015-05-13,22,13,9
2015-05-13,23,11,12
2015-05-13,19,7,12
2015-05-13,25,19,6
2015-05-13,39,26,13
2015-05-13,54,39,15
2015-05-13,103,65,38
2015-05-13,43,25,18
2015-05-13,19,12,7
2015-05-13,12,7,5
2015-05-13,15,10,5
2015-05-13,11,6,5
2015-05-13,0,0,0
2015-05-14,2,1,1
2015-05-14,1,1,0
2015-05-14,0,0,0
2015-05-14,0,0,0
2015-05-14,2,1,1
2015-05-14,9,6,3
2015-05-14,40,17,23
2015-05-14,85,68,17
2015-05-14,100,67,33
2015-05-14,42,30,12
2015-05-14,25,16,9
2015-05-14,30,21,9
2015-05-14,25,15,10
2015-05-14,32,20,12
2015-05-14,32,21,11
2015-05-14,46,37,9
2015-05-14,103,83,20
2015-05-14,160,92,68
2015-05-14,80,55,25
2015-05-14,32,23,9
2015-05-14,18,9,9
2015-05-14,13,12,1
2015-05-14,28,4,24
2015-05-14,5,3,2
2015-05-15,1,0,1
2015-05-15,0,0,0
2015-05-15,0,0,0
2015-05-15,1,1,0
2015-05-15,2,2,0
2015-05-15,5,1,4
2015-05-15,42,18,24
2015-05-15,140,103,37
2015-05-15,258,176,82
2015-05-15,76,48,28
2015-05-15,34,22,12
2015-05-15,33,22,11
2015-05-15,36,23,13
2015-05-15,47,29,18
2015-05-15,63,44,19
2015-05-15,66,44,22
2015-05-15,136,86,50
2015-05-15,159,109,50
2015-05-15,81,71,10
2015-05-15,33,21,12
2015-05-15,21,12,9
2015-05-15,18,12,6
2015-05-15,7,5,2
2015-05-15,9,6,3
2015-05-16,6,4,2
2015-05-16,1,1,0
2015-05-16,3,1,2
2015-05-16,1,1,0
2015-05-16,0,0,0
2015-05-16,3,0,3
2015-05-16,4,3,1
2015-05-16,10,10,0
2015-05-16,15,12,3
2015-05-16,15,12,3
2015-05-16,7,5,2
2015-05-16,20,16,4
2015-05-16,26,13,13
2015-05-16,27,19,8
2015-05-16,20,10,10
2015-05-16,23,16,7
2015-05-16,18,10,8
2015-05-16,19,13,6
2015-05-16,23,18,5
2015-05-16,8,5,3
2015-05-16,13,9,4
2015-05-16,11,6,5
2015-05-16,9,6,3
2015-05-16,3,1,2
2015-05-17,3,0,3
2015-05-17,0,0,0
2015-05-17,2,0,2
2015-05-17,3,3,0
2015-05-17,0,0,0
2015-05-17,3,0,3
2015-05-17,6,3,3
2015-05-17,4,3,1
2015-05-17,9,7,2
2015-05-17,13,9,4
2015-05-17,25,19,6
2015-05-17,19,15,4
2015-05-17,35,27,8
2015-05-17,24,12,12
2015-05-17,23,12,11
2015-05-17,28,21,7
2015-05-17,27,14,13
2015-05-17,22,10,12
2015-05-17,12,3,9
2015-05-17,8,6,2
2015-05-17,8,5,3
2015-05-17,11,9,2
2015-05-17,3,2,1
2015-05-17,2,2,0
2015-05-18,2,0,2
2015-05-18,2,1,1
2015-05-18,1,1,0
2015-05-18,2,2,0
2015-05-18,0,0,0
2015-05-18,9,3,6
2015-05-18,59,35,24
2015-05-18,100,73,27
2015-05-18,118,71,47
2015-05-18,59,37,22
2015-05-18,32,25,7
2015-05-18,26,15,11
2015-05-18,29,15,14
2015-05-18,30,21,9
2015-05-18,30,17,13
2015-05-18,90,56,34
2015-05-18,102,77,25
2015-05-18,156,102,54
2015-05-18,80,53,27
2015-05-18,38,27,11
2015-05-18,16,7,9
2015-05-18,11,9,2
2015-05-18,10,8,2
2015-05-18,2,1,1
2015-05-19,3,1,2
2015-05-19,2,0,2
2015-05-19,0,0,0
2015-05-19,0,0,0
2015-05-19,2,1,1
2015-05-19,6,3,3
2015-05-19,55,29,26
2015-05-19,115,85,30
2015-05-19,143,100,43
2015-05-19,56,38,18
2015-05-19,36,20,16
2015-05-19,26,15,11
2015-05-19,37,27,10
2015-05-19,34,23,11
2015-05-19,26,17,9
2015-05-19,64,50,14
2015-05-19,117,76,41
2015-05-19,191,119,72
2015-05-19,75,41,34
2015-05-19,38,28,10
2015-05-19,15,14,1
2015-05-19,15,9,6
2015-05-19,6,4,2
2015-05-19,4,4,0
2015-05-20,4,4,0
2015-05-20,1,1,0
2015-05-20,2,2,0
2015-05-20,0,0,0
2015-05-20,1,1,0
2015-05-20,16,9,7
2015-05-20,54,28,26
2015-05-20,88,67,21
2015-05-20,126,89,37
2015-05-20,54,37,17
2015-05-20,25,22,3
2015-05-20,22,13,9
2015-05-20,36,22,14
2015-05-20,31,17,14
2015-05-20,22,16,6
2015-05-20,60,40,20
2015-05-20,109,72,37
2015-05-20,161,113,48
2015-05-20,66,41,25
2015-05-20,30,18,12
2015-05-20,26,17,9
2015-05-20,16,12,4
2015-05-20,10,6,4
2015-05-20,4,4,0
2015-05-21,1,0,1
2015-05-21,2,1,1
2015-05-21,1,1,0
2015-05-21,1,1,0
2015-05-21,0,0,0
2015-05-21,7,3,4
2015-05-21,46,22,24
2015-05-21,97,76,21
2015-05-21,115,77,38
2015-05-21,45,30,15
2015-05-21,27,17,10
2015-05-21,37,22,15
2015-05-21,29,21,8
2015-05-21,37,28,9
2015-05-21,36,27,9
2015-05-21,67,48,19
2015-05-21,102,74,28
2015-05-21,140,94,46
2015-05-21,88,64,24
2015-05-21,26,13,13
2015-05-21,19,14,5
2015-05-21,15,14,1
2015-05-21,10,8,2
2015-05-21,9,8,1
2015-05-22,1,0,1
2015-05-22,0,0,0
2015-05-22,0,0,0
2015-05-22,0,0,0
2015-05-22,0,0,0
2015-05-22,6,4,2
2015-05-22,43,22,21
2015-05-22,80,59,21
2015-05-22,103,64,39
2015-05-22,53,38,15
2015-05-22,19,15,4
2015-05-22,29,19,10
2015-05-22,46,27,19
2015-05-22,33,20,13
2015-05-22,44,27,17
2015-05-22,68,48,20
2015-05-22,82,58,24
2015-05-22,91,63,28
2015-05-22,43,25,18
2015-05-22,24,14,10
2015-05-22,17,13,4
2015-05-22,12,7,5
2015-05-22,8,7,1
2015-05-22,12,11,1
2015-05-23,4,4,0
2015-05-23,1,1,0
2015-05-23,0,0,0
2015-05-23,3,3,0
2015-05-23,1,1,0
2015-05-23,3,0,3
2015-05-23,3,3,0
2015-05-23,2,1,1
2015-05-23,12,10,2
2015-05-23,5,4,1
2015-05-23,10,8,2
2015-05-23,11,5,6
2015-05-23,11,7,4
2015-05-23,22,16,6
2015-05-23,29,17,12
2015-05-23,11,6,5
2015-05-23,16,12,4
2015-05-23,27,19,8
2015-05-23,25,24,1
2015-05-23,21,10,11
2015-05-23,6,5,1
2015-05-23,27,7,20
2015-05-23,8,2,6
2015-05-23,6,4,2
2015-05-24,3,2,1
2015-05-24,0,0,0
2015-05-24,2,1,1
2015-05-24,0,0,0
2015-05-24,2,2,0
2015-05-24,3,1,2
2015-05-24,4,2,2
2015-05-24,6,4,2
2015-05-24,3,1,2
2015-05-24,13,10,3
2015-05-24,6,3,3
2015-05-24,8,6,2
2015-05-24,19,13,6
2015-05-24,18,8,10
2015-05-24,21,12,9
2015-05-24,24,12,12
2015-05-24,13,3,10
2015-05-24,22,17,5
2015-05-24,17,14,3
2015-05-24,8,7,1
2015-05-24,9,8,1
2015-05-24,7,5,2
2015-05-24,7,5,2
2015-05-24,4,2,2
2015-05-25,2,1,1
2015-05-25,6,2,4
2015-05-25,3,3,0
2015-05-25,1,1,0
2015-05-25,2,2,0
2015-05-25,3,1,2
2015-05-25,4,2,2
2015-05-25,5,4,1
2015-05-25,11,9,2
2015-05-25,16,11,5
2015-05-25,11,8,3
2015-05-25,19,17,2
2015-05-25,13,11,2
2015-05-25,15,8,7
2015-05-25,23,11,12
2015-05-25,17,9,8
2015-05-25,23,16,7
2015-05-25,19,11,8
2015-05-25,16,9,7
2015-05-25,10,6,4
2015-05-25,9,6,3
2015-05-25,8,8,0
2015-05-25,6,5,1
2015-05-25,2,1,1
2015-05-26,4,4,0
2015-05-26,0,0,0
2015-05-26,1,1,0
2015-05-26,0,0,0
2015-05-26,0,0,0
2015-05-26,10,7,3
2015-05-26,43,20,23
2015-05-26,84,59,25
2015-05-26,131,89,42
2015-05-26,52,34,18
2015-05-26,29,17,12
2015-05-26,17,11,6
2015-05-26,29,13,16
2015-05-26,28,23,5
2015-05-26,42,19,23
2015-05-26,40,23,17
2015-05-26,112,80,32
2015-05-26,145,95,50
2015-05-26,58,35,23
2015-05-26,29,21,8
2015-05-26,15,13,2
2015-05-26,8,6,2
2015-05-26,5,4,1
2015-05-26,3,2,1
2015-05-27,4,3,1
2015-05-27,3,3,0
2015-05-27,0,0,0
2015-05-27,1,1,0
2015-05-27,2,2,0
2015-05-27,14,11,3
2015-05-27,54,36,18
2015-05-27,96,68,28
2015-05-27,127,84,43
2015-05-27,51,38,13
2015-05-27,30,19,11
2015-05-27,37,24,13
2015-05-27,38,18,20
2015-05-27,23,12,11
2015-05-27,36,24,12
2015-05-27,60,43,17
2015-05-27,98,70,28
2015-05-27,229,173,56
2015-05-27,118,100,18
2015-05-27,36,23,13
2015-05-27,11,7,4
2015-05-27,44,7,37
2015-05-27,12,6,6
2015-05-27,5,3,2
2015-05-28,2,2,0
2015-05-28,1,1,0
2015-05-28,2,2,0
2015-05-28,0,0,0
2015-05-28,1,1,0
2015-05-28,16,12,4
2015-05-28,39,24,15
2015-05-28,99,67,32
2015-05-28,135,84,51
2015-05-28,61,38,23
2015-05-28,40,26,14
2015-05-28,35,26,9
2015-05-28,43,22,21
2015-05-28,39,25,14
2015-05-28,44,30,14
2015-05-28,56,38,18
2015-05-28,149,113,36
2015-05-28,169,104,65
2015-05-28,88,59,29
2015-05-28,23,14,9
2015-05-28,16,8,8
2015-05-28,15,12,3
2015-05-28,20,10,10
2015-05-28,5,3,2
2015-05-29,4,2,2
2015-05-29,0,0,0
2015-05-29,0,0,0
2015-05-29,2,2,0
2015-05-29,0,0,0
2015-05-29,16,8,8
2015-05-29,57,35,22
2015-05-29,89,67,22
2015-05-29,144,104,40
2015-05-29,64,43,21
2015-05-29,27,21,6
2015-05-29,35,16,19
2015-05-29,33,21,12
2015-05-29,54,32,22
2015-05-29,39,28,11
2015-05-29,67,48,19
2015-05-29,133,89,44
2015-05-29,150,101,49
2015-05-29,66,43,23
2015-05-29,31,17,14
2015-05-29,17,13,4
2015-05-29,11,8,3
2015-05-29,11,5,6
2015-05-29,4,1,3
2015-05-30,7,5,2
2015-05-30,5,4,1
2015-05-30,0,0,0
2015-05-30,1,0,1
2015-05-30,0,0,0
2015-05-30,6,5,1
2015-05-30,6,4,2
2015-05-30,7,7,0
2015-05-30,13,9,4
2015-05-30,16,12,4
2015-05-30,18,14,4
2015-05-30,28,20,8
2015-05-30,17,15,2
2015-05-30,31,24,7
2015-05-30,31,20,11
2015-05-30,33,22,11
2015-05-30,43,26,17
2015-05-30,28,19,9
2015-05-30,22,15,7
2015-05-30,18,11,7
2015-05-30,16,12,4
2015-05-30,4,3,1
2015-05-30,19,6,13
2015-05-30,9,3,6
2015-05-31,6,5,1
2015-05-31,4,4,0
2015-05-31,0,0,0
2015-05-31,4,4,0
2015-05-31,0,0,0
2015-05-31,5,2,3
2015-05-31,4,4,0
2015-05-31,6,5,1
2015-05-31,5,4,1
2015-05-31,11,8,3
2015-05-31,12,9,3
2015-05-31,30,26,4
2015-05-31,55,53,2
2015-05-31,69,61,8
2015-05-31,20,11,9
2015-05-31,20,11,9
2015-05-31,58,11,47
2015-05-31,19,10,9
2015-05-31,13,6,7
2015-05-31,17,13,4
2015-05-31,7,5,2
2015-05-31,4,3,1
2015-05-31,5,2,3
2015-05-31,7,6,1
2015-06-01,3,2,1
2015-06-01,1,1,0
2015-06-01,0,0,0
2015-06-01,0,0,0
2015-06-01,0,0,0
2015-06-01,14,5,9
2015-06-01,38,24,14
2015-06-01,57,37,20
2015-06-01,82,57,25
2015-06-01,34,18,16
2015-06-01,14,11,3
2015-06-01,14,8,6
2015-06-01,20,10,10
2015-06-01,17,8,9
2015-06-01,31,15,16
2015-06-01,41,25,16
2015-06-01,76,52,24
2015-06-01,121,79,42
2015-06-01,51,40,11
2015-06-01,22,13,9
2015-06-01,9,4,5
2015-06-01,11,8,3
2015-06-01,12,7,5
2015-06-01,0,0,0
2015-06-02,2,1,1
2015-06-02,1,1,0
2015-06-02,1,1,0
2015-06-02,0,0,0
2015-06-02,3,1,2
2015-06-02,11,6,5
2015-06-02,37,19,18
2015-06-02,60,42,18
2015-06-02,108,80,28
2015-06-02,48,35,13
2015-06-02,18,12,6
2015-06-02,14,5,9
2015-06-02,17,12,5
2015-06-02,17,11,6
2015-06-02,29,17,12
2015-06-02,49,36,13
2015-06-02,76,63,13
2015-06-02,131,88,43
2015-06-02,72,47,25
2015-06-02,21,13,8
2015-06-02,14,6,8
2015-06-02,12,7,5
2015-06-02,9,5,4
2015-06-02,5,1,4
2015-06-03,4,4,0
2015-06-03,2,1,1
2015-06-03,1,1,0
2015-06-03,0,0,0
2015-06-03,2,1,1
2015-06-03,7,4,3
2015-06-03,45,25,20
2015-06-03,60,43,17
2015-06-03,104,72,32
2015-06-03,48,30,18
2015-06-03,45,31,14
2015-06-03,32,20,12
2015-06-03,34,27,7
2015-06-03,31,21,10
2015-06-03,25,15,10
2015-06-03,55,40,15
2015-06-03,98,72,26
2015-06-03,143,94,49
2015-06-03,71,46,25
2015-06-03,31,24,7
2015-06-03,25,16,9
2015-06-03,13,10,3
2015-06-03,12,9,3
2015-06-03,3,1,2
2015-06-04,2,2,0
2015-06-04,0,0,0
2015-06-04,0,0,0
2015-06-04,0,0,0
2015-06-04,0,0,0
2015-06-04,15,9,6
2015-06-04,37,22,15
2015-06-04,94,68,26
2015-06-04,116,74,42
2015-06-04,49,30,19
2015-06-04,33,20,13
2015-06-04,32,17,15
2015-06-04,19,10,9
2015-06-04,32,22,10
2015-06-04,26,19,7
2015-06-04,70,53,17
2015-06-04,96,75,21
2015-06-04,166,117,49
2015-06-04,97,69,28
2015-06-04,40,23,17
2015-06-04,42,22,20
2015-06-04,16,9,7
2015-06-04,25,8,17
2015-06-04,9,4,5
2015-06-05,3,3,0
2015-06-05,2,2,0
2015-06-05,1,0,1
2015-06-05,1,1,0
2015-06-05,0,0,0
2015-06-05,11,6,5
2015-06-05,47,28,19
2015-06-05,68,47,21
2015-06-05,128,89,39
2015-06-05,55,40,15
2015-06-05,30,18,12
2015-06-05,41,21,20
2015-06-05,35,20,15
2015-06-05,51,35,16
2015-06-05,62,41,21
2015-06-05,81,52,29
2015-06-05,94,65,29
2015-06-05,135,91,44
2015-06-05,60,48,12
2015-06-05,27,22,5
2015-06-05,8,6,2
2015-06-05,10,2,8
2015-06-05,15,5,10
2015-06-05,9,7,2
2015-06-06,3,3,0
2015-06-06,3,1,2
2015-06-06,1,1,0
2015-06-06,1,1,0
2015-06-06,1,1,0
2015-06-06,2,0,2
2015-06-06,4,2,2
2015-06-06,3,2,1
2015-06-06,3,2,1
2015-06-06,10,8,2
2015-06-06,18,13,5
2015-06-06,22,12,10
2015-06-06,19,13,6
2015-06-06,38,28,10
2015-06-06,42,31,11
2015-06-06,34,25,9
2015-06-06,23,16,7
2015-06-06,26,21,5
2015-06-06,30,16,14
2015-06-06,10,6,4
2015-06-06,5,0,5
2015-06-06,11,10,1
2015-06-06,12,9,3
2015-06-06,10,6,4
2015-06-07,1,1,0
2015-06-07,4,1,3
2015-06-07,4,4,0
2015-06-07,1,1,0
2015-06-07,0,0,0
2015-06-07,2,0,2
2015-06-07,7,6,1
2015-06-07,11,5,6
2015-06-07,5,5,0
2015-06-07,20,12,8
2015-06-07,25,19,6
2015-06-07,19,14,5
2015-06-07,28,21,7
2015-06-07,8,6,2
2015-06-07,24,12,12
2015-06-07,23,13,10
2015-06-07,26,19,7
2015-06-07,22,10,12
2015-06-07,9,6,3
2015-06-07,18,10,8
2015-06-07,7,5,2
2015-06-07,9,5,4
2015-06-07,2,1,1
2015-06-07,0,0,0
2015-06-08,2,2,0
2015-06-08,0,0,0
2015-06-08,1,0,1
2015-06-08,1,1,0
2015-06-08,7,1,6
2015-06-08,14,8,6
2015-06-08,43,21,22
2015-06-08,80,59,21
2015-06-08,135,102,33
2015-06-08,61,42,19
2015-06-08,28,21,7
2015-06-08,24,16,8
2015-06-08,27,17,10
2015-06-08,35,20,15
2015-06-08,23,12,11
2015-06-08,68,53,15
2015-06-08,98,72,26
2015-06-08,158,100,58
2015-06-08,49,31,18
2015-06-08,26,18,8
2015-06-08,23,15,8
2015-06-08,13,8,5
2015-06-08,3,3,0
2015-06-08,3,2,1
2015-06-09,4,3,1
2015-06-09,2,2,0
2015-06-09,1,1,0
2015-06-09,0,0,0
2015-06-09,1,0,1
2015-06-09,16,11,5
2015-06-09,52,22,30
2015-06-09,104,76,28
2015-06-09,131,96,35
2015-06-09,62,40,22
2015-06-09,29,23,6
2015-06-09,26,18,8
2015-06-09,32,14,18
2015-06-09,26,15,11
2015-06-09,40,31,9
2015-06-09,64,53,11
2015-06-09,105,72,33
2015-06-09,169,106,63
2015-06-09,56,30,26
2015-06-09,28,19,9
2015-06-09,16,11,5
2015-06-09,10,7,3
2015-06-09,4,2,2
2015-06-09,2,0,2
2015-06-10,4,4,0
2015-06-10,1,0,1
2015-06-10,1,1,0
2015-06-10,0,0,0
2015-06-10,3,2,1
2015-06-10,17,8,9
2015-06-10,41,24,17
2015-06-10,94,69,25
2015-06-10,135,94,41
2015-06-10,47,40,7
2015-06-10,24,12,12
2015-06-10,31,22,9
2015-06-10,22,13,9
2015-06-10,40,30,10
2015-06-10,49,31,18
2015-06-10,58,42,16
2015-06-10,126,99,27
2015-06-10,154,99,55
2015-06-10,75,53,22
2015-06-10,23,16,7
2015-06-10,17,17,0
2015-06-10,15,8,7
2015-06-10,7,6,1
2015-06-10,4,2,2
2015-06-11,4,3,1
2015-06-11,0,0,0
2015-06-11,1,1,0
2015-06-11,0,0,0
2015-06-11,1,1,0
2015-06-11,15,9,6
2015-06-11,42,25,17
2015-06-11,77,57,20
2015-06-11,114,73,41
2015-06-11,54,37,17
2015-06-11,32,25,7
2015-06-11,29,16,13
2015-06-11,42,29,13
2015-06-11,38,26,12
2015-06-11,28,21,7
2015-06-11,57,46,11
2015-06-11,101,70,31
2015-06-11,171,110,61
2015-06-11,65,40,25
2015-06-11,28,18,10
2015-06-11,12,7,5
2015-06-11,12,12,0
2015-06-11,12,9,3
2015-06-11,0,0,0
2015-06-12,0,0,0
2015-06-12,0,0,0
2015-06-12,0,0,0
2015-06-12,0,0,0
2015-06-12,0,0,0
2015-06-12,0,0,0
2015-06-12,0,0,0
2015-06-12,0,0,0
2015-06-12,0,0,0
2015-06-12,0,0,0
2015-06-12,0,0,0
2015-06-12,0,0,0
2015-06-12,0,0,0
2015-06-12,0,0,0
2015-06-12,0,0,0
2015-06-12,0,0,0
2015-06-12,0,0,0
2015-06-12,0,0,0
2015-06-12,0,0,0
2015-06-12,0,0,0
2015-06-12,0,0,0
2015-06-12,0,0,0
2015-06-12,0,0,0
2015-06-12,0,0,0
2015-06-13,0,0,0
2015-06-13,0,0,0
2015-06-13,0,0,0
2015-06-13,0,0,0
2015-06-13,0,0,0
2015-06-13,0,0,0
2015-06-13,0,0,0
2015-06-13,0,0,0
2015-06-13,0,0,0
2015-06-13,0,0,0
2015-06-13,0,0,0
2015-06-13,0,0,0
2015-06-13,0,0,0
2015-06-13,0,0,0
2015-06-13,0,0,0
2015-06-13,0,0,0
2015-06-13,0,0,0
2015-06-13,0,0,0
2015-06-13,0,0,0
2015-06-13,0,0,0
2015-06-13,0,0,0
2015-06-13,0,0,0
2015-06-13,0,0,0
2015-06-13,0,0,0
2015-06-14,0,0,0
2015-06-14,0,0,0
2015-06-14,0,0,0
2015-06-14,0,0,0
2015-06-14,0,0,0
2015-06-14,0,0,0
2015-06-14,0,0,0
2015-06-14,0,0,0
2015-06-14,0,0,0
2015-06-14,0,0,0
2015-06-14,0,0,0
2015-06-14,0,0,0
2015-06-14,0,0,0
2015-06-14,0,0,0
2015-06-14,0,0,0
2015-06-14,0,0,0
2015-06-14,0,0,0
2015-06-14,0,0,0
2015-06-14,0,0,0
2015-06-14,0,0,0
2015-06-14,0,0,0
2015-06-14,0,0,0
2015-06-14,0,0,0
2015-06-14,0,0,0
2015-06-15,0,0,0
2015-06-15,0,0,0
2015-06-15,0,0,0
2015-06-15,0,0,0
2015-06-15,0,0,0
2015-06-15,0,0,0
2015-06-15,0,0,0
2015-06-15,0,0,0
2015-06-15,0,0,0
2015-06-15,0,0,0
2015-06-15,0,0,0
2015-06-15,0,0,0
2015-06-15,0,0,0
2015-06-15,0,0,0
2015-06-15,0,0,0
2015-06-15,0,0,0
2015-06-15,0,0,0
2015-06-15,0,0,0
2015-06-15,0,0,0
2015-06-15,0,0,0
2015-06-15,0,0,0
2015-06-15,0,0,0
2015-06-15,0,0,0
2015-06-15,0,0,0
2015-06-16,0,0,0
2015-06-16,0,0,0
2015-06-16,0,0,0
2015-06-16,0,0,0
2015-06-16,0,0,0
2015-06-16,0,0,0
2015-06-16,0,0,0
2015-06-16,0,0,0
2015-06-16,0,0,0
2015-06-16,0,0,0
2015-06-16,0,0,0
2015-06-16,0,0,0
2015-06-16,0,0,0
2015-06-16,0,0,0
2015-06-16,0,0,0
2015-06-16,0,0,0
2015-06-16,0,0,0
2015-06-16,0,0,0
2015-06-16,0,0,0
2015-06-16,0,0,0
2015-06-16,0,0,0
2015-06-16,0,0,0
2015-06-16,0,0,0
2015-06-16,0,0,0
2015-06-17,0,0,0
2015-06-17,0,0,0
2015-06-17,0,0,0
2015-06-17,0,0,0
2015-06-17,0,0,0
2015-06-17,0,0,0
2015-06-17,0,0,0
2015-06-17,0,0,0
2015-06-17,0,0,0
2015-06-17,0,0,0
2015-06-17,0,0,0
2015-06-17,0,0,0
2015-06-17,0,0,0
2015-06-17,0,0,0
2015-06-17,0,0,0
2015-06-17,0,0,0
2015-06-17,0,0,0
2015-06-17,0,0,0
2015-06-17,0,0,0
2015-06-17,0,0,0
2015-06-17,0,0,0
2015-06-17,0,0,0
2015-06-17,0,0,0
2015-06-17,0,0,0
2015-06-18,0,0,0
2015-06-18,0,0,0
2015-06-18,0,0,0
2015-06-18,0,0,0
2015-06-18,0,0,0
2015-06-18,0,0,0
2015-06-18,0,0,0
2015-06-18,0,0,0
2015-06-18,0,0,0
2015-06-18,0,0,0
2015-06-18,0,0,0
2015-06-18,21,18,3
2015-06-18,19,11,8
2015-06-18,35,21,14
2015-06-18,27,14,13
2015-06-18,63,47,16
2015-06-18,112,84,28
2015-06-18,159,103,56
2015-06-18,74,51,23
2015-06-18,27,20,7
2015-06-18,15,10,5
2015-06-18,12,8,4
2015-06-18,20,7,13
2015-06-18,15,7,8
2015-06-19,4,4,0
2015-06-19,3,2,1
2015-06-19,1,0,1
2015-06-19,1,1,0
2015-06-19,0,0,0
2015-06-19,9,5,4
2015-06-19,30,14,16
2015-06-19,57,39,18
2015-06-19,99,74,25
2015-06-19,54,37,17
2015-06-19,32,28,4
2015-06-19,27,15,12
2015-06-19,31,18,13
2015-06-19,45,34,11
2015-06-19,37,20,17
2015-06-19,56,41,15
2015-06-19,93,61,32
2015-06-19,101,69,32
2015-06-19,65,42,23
2015-06-19,27,19,8
2015-06-19,18,10,8
2015-06-19,10,7,3
2015-06-19,17,8,9
2015-06-19,14,11,3
2015-06-20,5,3,2
2015-06-20,1,1,0
2015-06-20,1,1,0
2015-06-20,1,1,0
2015-06-20,1,0,1
2015-06-20,1,1,0
2015-06-20,2,1,1
2015-06-20,9,4,5
2015-06-20,14,8,6
2015-06-20,15,15,0
2015-06-20,18,9,9
2015-06-20,51,43,8
2015-06-20,63,50,13
2015-06-20,35,11,24
2015-06-20,28,17,11
2015-06-20,75,29,46
2015-06-20,28,19,9
2015-06-20,15,11,4
2015-06-20,30,24,6
2015-06-20,20,14,6
2015-06-20,21,7,14
2015-06-20,13,9,4
2015-06-20,10,4,6
2015-06-20,10,8,2
2015-06-21,7,4,3
2015-06-21,1,1,0
2015-06-21,0,0,0
2015-06-21,0,0,0
2015-06-21,0,0,0
2015-06-21,3,1,2
2015-06-21,4,3,1
2015-06-21,4,4,0
2015-06-21,8,5,3
2015-06-21,10,8,2
2015-06-21,22,16,6
2015-06-21,19,15,4
2015-06-21,30,22,8
2015-06-21,21,13,8
2015-06-21,18,11,7
2015-06-21,19,10,9
2015-06-21,14,4,10
2015-06-21,26,18,8
2015-06-21,13,9,4
2015-06-21,9,6,3
2015-06-21,11,6,5
2015-06-21,4,1,3
2015-06-21,3,3,0
2015-06-21,2,2,0
2015-06-22,0,0,0
2015-06-22,0,0,0
2015-06-22,2,0,2
2015-06-22,1,1,0
2015-06-22,0,0,0
2015-06-22,8,4,4
2015-06-22,38,24,14
2015-06-22,80,56,24
2015-06-22,117,87,30
2015-06-22,42,28,14
2015-06-22,25,18,7
2015-06-22,30,19,11
2015-06-22,29,19,10
2015-06-22,34,24,10
2015-06-22,33,19,14
2015-06-22,57,38,19
2015-06-22,101,64,37
2015-06-22,156,95,61
2015-06-22,63,43,20
2015-06-22,26,18,8
2015-06-22,23,20,3
2015-06-22,10,5,5
2015-06-22,9,7,2
2015-06-22,3,2,1
2015-06-23,6,5,1
2015-06-23,0,0,0
2015-06-23,2,2,0
2015-06-23,0,0,0
2015-06-23,1,1,0
2015-06-23,13,9,4
2015-06-23,60,36,24
2015-06-23,88,63,25
2015-06-23,144,87,57
2015-06-23,69,54,15
2015-06-23,29,22,7
2015-06-23,37,24,13
2015-06-23,25,17,8
2015-06-23,29,21,8
2015-06-23,33,21,12
2015-06-23,70,50,20
2015-06-23,120,85,35
2015-06-23,183,127,56
2015-06-23,80,54,26
2015-06-23,28,18,10
2015-06-23,12,8,4
2015-06-23,5,2,3
2015-06-23,9,5,4
2015-06-23,2,2,0
2015-06-24,1,1,0
2015-06-24,2,0,2
2015-06-24,1,1,0
2015-06-24,0,0,0
2015-06-24,4,2,2
2015-06-24,9,4,5
2015-06-24,55,36,19
2015-06-24,91,61,30
2015-06-24,154,114,40
2015-06-24,38,27,11
2015-06-24,40,27,13
2015-06-24,33,25,8
2015-06-24,36,18,18
2015-06-24,26,13,13
2015-06-24,34,24,10
2015-06-24,56,43,13
2015-06-24,106,79,27
2015-06-24,135,92,43
2015-06-24,78,42,36
2015-06-24,33,23,10
2015-06-24,17,6,11
2015-06-24,17,10,7
2015-06-24,13,6,7
2015-06-24,9,3,6
2015-06-25,2,1,1
2015-06-25,1,1,0
2015-06-25,1,1,0
2015-06-25,1,1,0
2015-06-25,1,1,0
2015-06-25,18,11,7
2015-06-25,31,16,15
2015-06-25,94,61,33
2015-06-25,125,87,38
2015-06-25,50,34,16
2015-06-25,21,14,7
2015-06-25,40,24,16
2015-06-25,30,18,12
2015-06-25,30,16,14
2015-06-25,32,17,15
2015-06-25,66,51,15
2015-06-25,101,67,34
2015-06-25,153,103,50
2015-06-25,67,38,29
2015-06-25,37,28,9
2015-06-25,21,16,5
2015-06-25,4,4,0
2015-06-25,17,9,8
2015-06-25,4,2,2
2015-06-26,2,1,1
2015-06-26,2,2,0
2015-06-26,0,0,0
2015-06-26,2,2,0
2015-06-26,0,0,0
2015-06-26,11,5,6
2015-06-26,36,20,16
2015-06-26,66,43,23
2015-06-26,112,74,38
2015-06-26,45,29,16
2015-06-26,33,23,10
2015-06-26,40,15,25
2015-06-26,40,28,12
2015-06-26,24,18,6
2015-06-26,32,23,9
2015-06-26,67,48,19
2015-06-26,115,78,37
2015-06-26,106,66,40
2015-06-26,44,28,16
2015-06-26,27,16,11
2015-06-26,7,4,3
2015-06-26,9,6,3
2015-06-26,7,5,2
2015-06-26,2,2,0
2015-06-27,4,3,1
2015-06-27,1,1,0
2015-06-27,0,0,0
2015-06-27,1,1,0
2015-06-27,1,0,1
2015-06-27,3,1,2
2015-06-27,10,8,2
2015-06-27,8,6,2
2015-06-27,17,15,2
2015-06-27,22,14,8
2015-06-27,33,24,9
2015-06-27,36,27,9
2015-06-27,25,21,4
2015-06-27,32,19,13
2015-06-27,12,6,6
2015-06-27,22,11,11
2015-06-27,24,8,16
2015-06-27,17,11,6
2015-06-27,12,10,2
2015-06-27,11,8,3
2015-06-27,6,0,6
2015-06-27,10,8,2
2015-06-27,7,4,3
2015-06-27,12,5,7
2015-06-28,8,5,3
2015-06-28,0,0,0
2015-06-28,0,0,0
2015-06-28,3,2,1
2015-06-28,0,0,0
2015-06-28,2,0,2
2015-06-28,2,2,0
2015-06-28,6,6,0
2015-06-28,5,2,3
2015-06-28,9,6,3
2015-06-28,19,10,9
2015-06-28,21,8,13
2015-06-28,8,2,6
2015-06-28,17,7,10
2015-06-28,19,14,5
2015-06-28,19,18,1
2015-06-28,20,17,3
2015-06-28,19,12,7
2015-06-28,9,8,1
2015-06-28,14,10,4
2015-06-28,19,14,5
2015-06-28,7,4,3
2015-06-28,8,2,6
2015-06-28,6,4,2
2015-06-29,1,1,0
2015-06-29,1,1,0
2015-06-29,0,0,0
2015-06-29,3,2,1
2015-06-29,1,1,0
2015-06-29,12,5,7
2015-06-29,37,19,18
2015-06-29,65,47,18
2015-06-29,113,86,27
2015-06-29,53,40,13
2015-06-29,31,19,12
2015-06-29,34,17,17
2015-06-29,32,19,13
2015-06-29,21,12,9
2015-06-29,23,12,11
2015-06-29,48,29,19
2015-06-29,91,68,23
2015-06-29,144,95,49
2015-06-29,78,53,25
2015-06-29,26,21,5
2015-06-29,13,5,8
2015-06-29,10,8,2
2015-06-29,9,7,2
2015-06-29,5,5,0
2015-06-30,4,3,1
2015-06-30,0,0,0
2015-06-30,1,1,0
2015-06-30,0,0,0
2015-06-30,0,0,0
2015-06-30,12,6,6
2015-06-30,42,25,17
2015-06-30,97,62,35
2015-06-30,117,83,34
2015-06-30,66,42,24
2015-06-30,27,18,9
2015-06-30,33,22,11
2015-06-30,23,10,13
2015-06-30,27,17,10
2015-06-30,31,20,11
2015-06-30,58,42,16
2015-06-30,105,83,22
2015-06-30,149,98,51
2015-06-30,86,50,36
2015-06-30,25,15,10
2015-06-30,28,17,11
2015-06-30,13,8,5
2015-06-30,9,3,6
2015-06-30,3,0,3
2015-07-01,4,4,0
2015-07-01,1,1,0
2015-07-01,0,0,0
2015-07-01,0,0,0
2015-07-01,2,2,0
2015-07-01,12,6,6
2015-07-01,39,25,14
2015-07-01,99,62,37
2015-07-01,133,93,40
2015-07-01,52,33,19
2015-07-01,34,29,5
2015-07-01,26,18,8
2015-07-01,38,21,17
2015-07-01,40,22,18
2015-07-01,35,21,14
2015-07-01,65,49,16
2015-07-01,121,78,43
2015-07-01,149,99,50
2015-07-01,70,47,23
2015-07-01,47,34,13
2015-07-01,18,10,8
2015-07-01,17,10,7
2015-07-01,5,2,3
2015-07-01,5,3,2
2015-07-02,1,1,0
2015-07-02,1,1,0
2015-07-02,0,0,0
2015-07-02,0,0,0
2015-07-02,0,0,0
2015-07-02,9,3,6
2015-07-02,32,19,13
2015-07-02,91,59,32
2015-07-02,122,86,36
2015-07-02,48,27,21
2015-07-02,32,20,12
2015-07-02,37,22,15
2015-07-02,32,19,13
2015-07-02,39,27,12
2015-07-02,48,35,13
2015-07-02,60,51,9
2015-07-02,113,76,37
2015-07-02,118,81,37
2015-07-02,62,44,18
2015-07-02,36,28,8
2015-07-02,32,21,11
2015-07-02,12,6,6
2015-07-02,15,13,2
2015-07-02,3,0,3
2015-07-03,1,1,0
2015-07-03,1,1,0
2015-07-03,1,1,0
2015-07-03,0,0,0
2015-07-03,2,2,0
2015-07-03,4,0,4
2015-07-03,8,4,4
2015-07-03,16,11,5
2015-07-03,22,15,7
2015-07-03,21,13,8
2015-07-03,17,13,4
2015-07-03,42,28,14
2015-07-03,35,25,10
2015-07-03,22,14,8
2015-07-03,16,11,5
2015-07-03,22,10,12
2015-07-03,28,18,10
2015-07-03,33,25,8
2015-07-03,23,19,4
2015-07-03,20,16,4
2015-07-03,10,5,5
2015-07-03,9,6,3
2015-07-03,18,7,11
2015-07-03,10,8,2
2015-07-04,8,7,1
2015-07-04,1,0,1
2015-07-04,3,2,1
2015-07-04,3,2,1
2015-07-04,0,0,0
2015-07-04,3,1,2
2015-07-04,3,3,0
2015-07-04,4,1,3
2015-07-04,14,9,5
2015-07-04,7,6,1
2015-07-04,10,8,2
2015-07-04,19,10,9
2015-07-04,11,8,3
2015-07-04,15,8,7
2015-07-04,15,7,8
2015-07-04,19,12,7
2015-07-04,14,8,6
2015-07-04,14,4,10
2015-07-04,15,14,1
2015-07-04,6,5,1
2015-07-04,5,4,1
2015-07-04,8,6,2
2015-07-04,5,4,1
2015-07-04,20,18,2
2015-07-05,6,6,0
2015-07-05,2,2,0
2015-07-05,0,0,0
2015-07-05,0,0,0
2015-07-05,1,1,0
2015-07-05,0,0,0
2015-07-05,5,4,1
2015-07-05,4,2,2
2015-07-05,8,5,3
2015-07-05,18,13,5
2015-07-05,12,6,6
2015-07-05,20,11,9
2015-07-05,14,6,8
2015-07-05,15,13,2
2015-07-05,17,10,7
2015-07-05,20,13,7
2015-07-05,8,3,5
2015-07-05,20,17,3
2015-07-05,6,3,3
2015-07-05,12,7,5
2015-07-05,6,3,3
2015-07-05,8,4,4
2015-07-05,1,1,0
2015-07-05,1,1,0
2015-07-06,3,3,0
2015-07-06,0,0,0
2015-07-06,3,3,0
2015-07-06,0,0,0
2015-07-06,0,0,0
2015-07-06,10,3,7
2015-07-06,35,23,12
2015-07-06,73,55,18
2015-07-06,110,72,38
2015-07-06,64,40,24
2015-07-06,31,24,7
2015-07-06,25,14,11
2015-07-06,29,23,6
2015-07-06,26,17,9
2015-07-06,26,15,11
2015-07-06,66,51,15
2015-07-06,84,60,24
2015-07-06,141,95,46
2015-07-06,69,55,14
2015-07-06,25,12,13
2015-07-06,15,13,2
2015-07-06,23,13,10
2015-07-06,11,6,5
2015-07-06,1,0,1
2015-07-07,2,1,1
2015-07-07,2,1,1
2015-07-07,2,1,1
2015-07-07,0,0,0
2015-07-07,0,0,0
2015-07-07,13,5,8
2015-07-07,50,33,17
2015-07-07,87,60,27
2015-07-07,138,90,48
2015-07-07,63,39,24
2015-07-07,37,22,15
2015-07-07,42,25,17
2015-07-07,34,20,14
2015-07-07,29,19,10
2015-07-07,35,25,10
2015-07-07,65,43,22
2015-07-07,129,97,32
2015-07-07,170,126,44
2015-07-07,88,59,29
2015-07-07,34,19,15
2015-07-07,18,9,9
2015-07-07,15,7,8
2015-07-07,6,3,3
2015-07-07,6,2,4
2015-07-08,3,3,0
2015-07-08,0,0,0
2015-07-08,0,0,0
2015-07-08,0,0,0
2015-07-08,1,0,1
2015-07-08,12,6,6
2015-07-08,51,30,21
2015-07-08,109,75,34
2015-07-08,149,103,46
2015-07-08,59,38,21
2015-07-08,35,17,18
2015-07-08,32,19,13
2015-07-08,34,26,8
2015-07-08,37,20,17
2015-07-08,38,24,14
2015-07-08,62,41,21
2015-07-08,120,80,40
2015-07-08,160,107,53
2015-07-08,75,56,19
2015-07-08,29,15,14
2015-07-08,24,15,9
2015-07-08,11,6,5
2015-07-08,9,9,0
2015-07-08,5,1,4
2015-07-09,3,2,1
2015-07-09,2,1,1
2015-07-09,0,0,0
2015-07-09,0,0,0
2015-07-09,1,1,0
2015-07-09,15,6,9
2015-07-09,42,26,16
2015-07-09,82,65,17
2015-07-09,119,85,34
2015-07-09,71,43,28
2015-07-09,32,21,11
2015-07-09,34,18,16
2015-07-09,34,17,17
2015-07-09,45,26,19
2015-07-09,31,22,9
2015-07-09,62,50,12
2015-07-09,111,74,37
2015-07-09,166,99,67
2015-07-09,87,64,23
2015-07-09,35,24,11
2015-07-09,32,20,12
2015-07-09,14,9,5
2015-07-09,22,12,10
2015-07-09,8,6,2
2015-07-10,1,1,0
2015-07-10,1,1,0
2015-07-10,2,0,2
2015-07-10,0,0,0
2015-07-10,0,0,0
2015-07-10,9,3,6
2015-07-10,35,22,13
2015-07-10,78,60,18
2015-07-10,108,73,35
2015-07-10,46,34,12
2015-07-10,35,26,9
2015-07-10,37,21,16
2015-07-10,35,16,19
2015-07-10,42,28,14
2015-07-10,48,37,11
2015-07-10,74,60,14
2015-07-10,99,65,34
2015-07-10,129,85,44
2015-07-10,56,35,21
2015-07-10,28,20,8
2015-07-10,18,11,7
2015-07-10,17,10,7
2015-07-10,17,6,11
2015-07-10,10,6,4
2015-07-11,4,3,1
2015-07-11,3,3,0
2015-07-11,0,0,0
2015-07-11,1,1,0
2015-07-11,1,1,0
2015-07-11,5,2,3
2015-07-11,3,3,0
2015-07-11,7,4,3
2015-07-11,18,17,1
2015-07-11,19,10,9
2015-07-11,19,9,10
2015-07-11,15,14,1
2015-07-11,18,9,9
2015-07-11,25,10,15
2015-07-11,32,26,6
2015-07-11,14,12,2
2015-07-11,24,16,8
2015-07-11,25,16,9
2015-07-11,18,11,7
2015-07-11,20,16,4
2015-07-11,10,9,1
2015-07-11,11,9,2
2015-07-11,19,7,12
2015-07-11,10,5,5
2015-07-12,3,1,2
2015-07-12,2,0,2
2015-07-12,0,0,0
2015-07-12,1,1,0
2015-07-12,0,0,0
2015-07-12,0,0,0
2015-07-12,4,3,1
2015-07-12,3,3,0
2015-07-12,12,9,3
2015-07-12,15,12,3
2015-07-12,19,9,10
2015-07-12,18,14,4
2015-07-12,34,29,5
2015-07-12,24,17,7
2015-07-12,14,6,8
2015-07-12,23,19,4
2015-07-12,21,13,8
2015-07-12,24,14,10
2015-07-12,13,7,6
2015-07-12,16,11,5
2015-07-12,13,5,8
2015-07-12,9,7,2
2015-07-12,4,2,2
2015-07-12,2,2,0
2015-07-13,0,0,0
2015-07-13,0,0,0
2015-07-13,0,0,0
2015-07-13,0,0,0
2015-07-13,2,1,1
2015-07-13,13,3,10
2015-07-13,34,20,14
2015-07-13,76,48,28
2015-07-13,110,69,41
2015-07-13,38,27,11
2015-07-13,32,20,12
2015-07-13,34,18,16
2015-07-13,25,18,7
2015-07-13,33,23,10
2015-07-13,24,12,12
2015-07-13,51,37,14
2015-07-13,92,65,27
2015-07-13,129,84,45
2015-07-13,56,39,17
2015-07-13,17,15,2
2015-07-13,11,4,7
2015-07-13,10,10,0
2015-07-13,6,5,1
2015-07-13,2,2,0
2015-07-14,3,2,1
2015-07-14,0,0,0
2015-07-14,1,1,0
2015-07-14,2,2,0
2015-07-14,0,0,0
2015-07-14,12,7,5
2015-07-14,32,22,10
2015-07-14,100,73,27
2015-07-14,135,93,42
2015-07-14,63,43,20
2015-07-14,37,25,12
2015-07-14,32,14,18
2015-07-14,28,15,13
2015-07-14,23,14,9
2015-07-14,49,30,19
2015-07-14,52,38,14
2015-07-14,109,78,31
2015-07-14,165,117,48
2015-07-14,73,45,28
2015-07-14,24,13,11
2015-07-14,22,13,9
2015-07-14,15,9,6
2015-07-14,4,2,2
2015-07-14,2,2,0
2015-07-15,2,1,1
2015-07-15,1,0,1
2015-07-15,3,2,1
2015-07-15,1,1,0
2015-07-15,2,1,1
2015-07-15,13,7,6
2015-07-15,44,30,14
2015-07-15,102,64,38
2015-07-15,116,76,40
2015-07-15,61,39,22
2015-07-15,33,24,9
2015-07-15,38,27,11
2015-07-15,29,17,12
2015-07-15,43,27,16
2015-07-15,37,21,16
2015-07-15,57,40,17
2015-07-15,130,86,44
2015-07-15,163,118,45
2015-07-15,80,53,27
2015-07-15,47,29,18
2015-07-15,23,17,6
2015-07-15,10,4,6
2015-07-15,5,5,0
2015-07-15,10,3,7
2015-07-16,3,2,1
2015-07-16,3,2,1
2015-07-16,2,1,1
2015-07-16,0,0,0
2015-07-16,0,0,0
2015-07-16,11,8,3
2015-07-16,39,26,13
2015-07-16,92,50,42
2015-07-16,120,83,37
2015-07-16,49,32,17
2015-07-16,37,21,16
2015-07-16,27,20,7
2015-07-16,49,30,19
2015-07-16,48,39,9
2015-07-16,46,33,13
2015-07-16,65,35,30
2015-07-16,101,72,29
2015-07-16,154,101,53
2015-07-16,62,38,24
2015-07-16,26,16,10
2015-07-16,23,15,8
2015-07-16,12,10,2
2015-07-16,13,8,5
2015-07-16,8,7,1
2015-07-17,3,2,1
2015-07-17,3,2,1
2015-07-17,1,1,0
2015-07-17,0,0,0
2015-07-17,0,0,0
2015-07-17,10,6,4
2015-07-17,44,26,18
2015-07-17,66,45,21
2015-07-17,103,76,27
2015-07-17,53,32,21
2015-07-17,23,14,9
2015-07-17,27,18,9
2015-07-17,35,24,11
2015-07-17,45,30,15
2015-07-17,45,30,15
2015-07-17,67,49,18
2015-07-17,93,60,33
2015-07-17,123,85,38
2015-07-17,63,43,20
2015-07-17,31,26,5
2015-07-17,17,13,4
2015-07-17,5,3,2
2015-07-17,20,5,15
2015-07-17,11,9,2
2015-07-18,4,3,1
2015-07-18,1,1,0
2015-07-18,1,1,0
2015-07-18,0,0,0
2015-07-18,1,1,0
2015-07-18,1,0,1
2015-07-18,7,4,3
2015-07-18,9,5,4
2015-07-18,22,19,3
2015-07-18,20,9,11
2015-07-18,20,15,5
2015-07-18,22,16,6
2015-07-18,25,14,11
2015-07-18,33,20,13
2015-07-18,32,16,16
2015-07-18,37,26,11
2015-07-18,18,11,7
2015-07-18,28,24,4
2015-07-18,44,35,9
2015-07-18,22,12,10
2015-07-18,10,4,6
2015-07-18,24,7,17
2015-07-18,14,7,7
2015-07-18,9,7,2
2015-07-19,5,3,2
2015-07-19,1,0,1
2015-07-19,0,0,0
2015-07-19,3,3,0
2015-07-19,0,0,0
2015-07-19,2,1,1
2015-07-19,3,2,1
2015-07-19,3,2,1
2015-07-19,12,9,3
2015-07-19,13,5,8
2015-07-19,19,12,7
2015-07-19,21,13,8
2015-07-19,15,13,2
2015-07-19,18,13,5
2015-07-19,24,19,5
2015-07-19,25,13,12
2015-07-19,20,11,9
2015-07-19,23,11,12
2015-07-19,19,16,3
2015-07-19,10,6,4
2015-07-19,17,9,8
2015-07-19,13,5,8
2015-07-19,7,3,4
2015-07-19,5,4,1
2015-07-20,6,3,3
2015-07-20,2,2,0
2015-07-20,1,1,0
2015-07-20,1,1,0
2015-07-20,1,1,0
2015-07-20,11,3,8
2015-07-20,34,22,12
2015-07-20,76,45,31
2015-07-20,121,80,41
2015-07-20,52,33,19
2015-07-20,29,19,10
2015-07-20,31,21,10
2015-07-20,21,10,11
2015-07-20,26,17,9
2015-07-20,33,24,9
2015-07-20,57,38,19
2015-07-20,106,82,24
2015-07-20,145,101,44
2015-07-20,73,48,25
2015-07-20,30,20,10
2015-07-20,22,9,13
2015-07-20,16,13,3
2015-07-20,7,4,3
2015-07-20,4,3,1
2015-07-21,0,0,0
2015-07-21,1,1,0
2015-07-21,1,1,0
2015-07-21,3,3,0
2015-07-21,0,0,0
2015-07-21,13,5,8
2015-07-21,48,35,13
2015-07-21,88,64,24
2015-07-21,108,82,26
2015-07-21,69,45,24
2015-07-21,35,26,9
2015-07-21,28,20,8
2015-07-21,30,23,7
2015-07-21,39,24,15
2015-07-21,39,21,18
2015-07-21,42,27,15
2015-07-21,93,65,28
2015-07-21,132,79,53
2015-07-21,65,46,19
2015-07-21,28,19,9
2015-07-21,21,14,7
2015-07-21,10,8,2
2015-07-21,8,3,5
2015-07-21,2,1,1
2015-07-22,3,3,0
2015-07-22,1,0,1
2015-07-22,0,0,0
2015-07-22,1,1,0
2015-07-22,0,0,0
2015-07-22,11,5,6
2015-07-22,42,31,11
2015-07-22,92,68,24
2015-07-22,129,83,46
2015-07-22,52,31,21
2015-07-22,31,20,11
2015-07-22,27,13,14
2015-07-22,41,28,13
2015-07-22,32,17,15
2015-07-22,40,22,18
2015-07-22,61,39,22
2015-07-22,115,81,34
2015-07-22,160,120,40
2015-07-22,67,47,20
2015-07-22,47,22,25
2015-07-22,21,10,11
2015-07-22,18,10,8
2015-07-22,10,6,4
2015-07-22,6,3,3
2015-07-23,4,3,1
2015-07-23,1,0,1
2015-07-23,1,0,1
2015-07-23,0,0,0
2015-07-23,0,0,0
2015-07-23,12,6,6
2015-07-23,35,23,12
2015-07-23,75,51,24
2015-07-23,109,76,33
2015-07-23,48,26,22
2015-07-23,37,29,8
2015-07-23,49,22,27
2015-07-23,30,16,14
2015-07-23,26,20,6
2015-07-23,29,17,12
2015-07-23,54,42,12
2015-07-23,101,72,29
2015-07-23,164,109,55
2015-07-23,77,54,23
2015-07-23,35,21,14
2015-07-23,20,10,10
2015-07-23,12,7,5
2015-07-23,20,7,13
2015-07-23,5,3,2
2015-07-24,1,1,0
2015-07-24,2,0,2
2015-07-24,2,2,0
2015-07-24,0,0,0
2015-07-24,0,0,0
2015-07-24,8,4,4
2015-07-24,35,20,15
2015-07-24,69,45,24
2015-07-24,96,68,28
2015-07-24,44,28,16
2015-07-24,37,23,14
2015-07-24,18,12,6
2015-07-24,39,23,16
2015-07-24,29,19,10
2015-07-24,29,19,10
2015-07-24,62,46,16
2015-07-24,107,77,30
2015-07-24,132,88,44
2015-07-24,55,44,11
2015-07-24,32,22,10
2015-07-24,16,13,3
2015-07-24,10,6,4
2015-07-24,15,9,6
2015-07-24,4,2,2
2015-07-25,6,5,1
2015-07-25,2,2,0
2015-07-25,2,2,0
2015-07-25,1,1,0
2015-07-25,0,0,0
2015-07-25,1,0,1
2015-07-25,2,2,0
2015-07-25,7,3,4
2015-07-25,20,18,2
2015-07-25,8,7,1
2015-07-25,19,11,8
2015-07-25,8,7,1
2015-07-25,26,19,7
2015-07-25,28,17,11
2015-07-25,23,11,12
2015-07-25,23,13,10
2015-07-25,18,8,10
2015-07-25,7,6,1
2015-07-25,6,1,5
2015-07-25,7,4,3
2015-07-25,15,5,10
2015-07-25,13,5,8
2015-07-25,8,4,4
2015-07-25,7,6,1
2015-07-26,7,5,2
2015-07-26,0,0,0
2015-07-26,1,1,0
2015-07-26,0,0,0
2015-07-26,1,1,0
2015-07-26,4,1,3
2015-07-26,2,0,2
2015-07-26,3,2,1
2015-07-26,7,5,2
2015-07-26,14,12,2
2015-07-26,17,14,3
2015-07-26,8,6,2
2015-07-26,14,9,5
2015-07-26,21,11,10
2015-07-26,18,7,11
2015-07-26,13,8,5
2015-07-26,7,3,4
2015-07-26,7,3,4
2015-07-26,6,6,0
2015-07-26,9,5,4
2015-07-26,5,1,4
2015-07-26,7,4,3
2015-07-26,4,2,2
2015-07-26,3,1,2
2015-07-27,0,0,0
2015-07-27,2,1,1
2015-07-27,0,0,0
2015-07-27,1,1,0
2015-07-27,1,1,0
2015-07-27,12,3,9
2015-07-27,36,21,15
2015-07-27,55,35,20
2015-07-27,122,76,46
2015-07-27,48,31,17
2015-07-27,26,17,9
2015-07-27,23,15,8
2015-07-27,30,16,14
2015-07-27,38,28,10
2015-07-27,45,26,19
2015-07-27,63,50,13
2015-07-27,93,74,19
2015-07-27,129,87,42
2015-07-27,75,46,29
2015-07-27,23,16,7
2015-07-27,17,9,8
2015-07-27,19,15,4
2015-07-27,11,7,4
2015-07-27,6,2,4
2015-07-28,2,2,0
2015-07-28,1,1,0
2015-07-28,1,1,0
2015-07-28,0,0,0
2015-07-28,1,1,0
2015-07-28,9,5,4
2015-07-28,50,36,14
2015-07-28,103,64,39
2015-07-28,133,93,40
2015-07-28,59,36,23
2015-07-28,31,17,14
2015-07-28,46,26,20
2015-07-28,46,31,15
2015-07-28,30,21,9
2015-07-28,27,16,11
2015-07-28,62,39,23
2015-07-28,137,103,34
2015-07-28,163,104,59
2015-07-28,87,69,18
2015-07-28,32,22,10
2015-07-28,12,7,5
2015-07-28,19,7,12
2015-07-28,15,3,12
2015-07-28,5,0,5
2015-07-29,8,6,2
2015-07-29,1,0,1
2015-07-29,0,0,0
2015-07-29,2,2,0
2015-07-29,0,0,0
2015-07-29,13,6,7
2015-07-29,43,31,12
2015-07-29,90,59,31
2015-07-29,142,96,46
2015-07-29,62,32,30
2015-07-29,36,25,11
2015-07-29,40,29,11
2015-07-29,59,44,15
2015-07-29,35,24,11
2015-07-29,33,19,14
2015-07-29,62,45,17
2015-07-29,123,88,35
2015-07-29,155,102,53
2015-07-29,63,38,25
2015-07-29,31,22,9
2015-07-29,17,10,7
2015-07-29,13,9,4
2015-07-29,5,3,2
2015-07-29,6,5,1
2015-07-30,5,1,4
2015-07-30,1,1,0
2015-07-30,0,0,0
2015-07-30,0,0,0
2015-07-30,1,1,0
2015-07-30,10,4,6
2015-07-30,43,26,17
2015-07-30,86,60,26
2015-07-30,136,89,47
2015-07-30,47,26,21
2015-07-30,39,35,4
2015-07-30,22,16,6
2015-07-30,26,13,13
2015-07-30,33,19,14
2015-07-30,31,15,16
2015-07-30,50,36,14
2015-07-30,95,77,18
2015-07-30,118,80,38
2015-07-30,78,53,25
2015-07-30,49,37,12
2015-07-30,11,6,5
2015-07-30,17,12,5
2015-07-30,23,10,13
2015-07-30,2,1,1
2015-07-31,4,4,0
2015-07-31,2,1,1
2015-07-31,0,0,0
2015-07-31,0,0,0
2015-07-31,0,0,0
2015-07-31,7,2,5
2015-07-31,34,22,12
2015-07-31,68,46,22
2015-07-31,108,71,37
2015-07-31,61,44,17
2015-07-31,38,18,20
2015-07-31,46,34,12
2015-07-31,38,21,17
2015-07-31,37,27,10
2015-07-31,44,30,14
2015-07-31,67,51,16
2015-07-31,102,75,27
2015-07-31,145,95,50
2015-07-31,49,35,14
2015-07-31,29,15,14
2015-07-31,12,7,5
2015-07-31,9,6,3
2015-07-31,21,14,7
2015-07-31,9,6,3
2015-08-01,1,1,0
2015-08-01,2,2,0
2015-08-01,0,0,0
2015-08-01,0,0,0
2015-08-01,2,1,1
2015-08-01,1,0,1
2015-08-01,3,1,2
2015-08-01,5,2,3
2015-08-01,20,13,7
2015-08-01,17,8,9
2015-08-01,7,6,1
2015-08-01,26,21,5
2015-08-01,33,21,12
2015-08-01,27,22,5
2015-08-01,31,22,9
2015-08-01,29,17,12
2015-08-01,14,8,6
2015-08-01,33,22,11
2015-08-01,42,36,6
2015-08-01,5,3,2
2015-08-01,13,7,6
2015-08-01,36,3,33
2015-08-01,9,4,5
2015-08-01,5,1,4
2015-08-02,6,3,3
2015-08-02,1,0,1
2015-08-02,2,1,1
2015-08-02,0,0,0
2015-08-02,0,0,0
2015-08-02,3,2,1
2015-08-02,1,1,0
2015-08-02,2,2,0
2015-08-02,4,2,2
2015-08-02,7,3,4
2015-08-02,16,8,8
2015-08-02,15,14,1
2015-08-02,22,19,3
2015-08-02,20,14,6
2015-08-02,22,11,11
2015-08-02,27,17,10
2015-08-02,31,24,7
2015-08-02,27,15,12
2015-08-02,18,9,9
2015-08-02,10,5,5
2015-08-02,11,8,3
2015-08-02,11,9,2
2015-08-02,3,1,2
2015-08-02,5,4,1
2015-08-03,1,1,0
2015-08-03,0,0,0
2015-08-03,1,1,0
2015-08-03,0,0,0
2015-08-03,0,0,0
2015-08-03,9,3,6
2015-08-03,36,24,12
2015-08-03,76,50,26
2015-08-03,106,67,39
2015-08-03,50,28,22
2015-08-03,31,23,8
2015-08-03,31,16,15
2015-08-03,23,15,8
2015-08-03,29,19,10
2015-08-03,31,26,5
2015-08-03,62,43,19
2015-08-03,96,72,24
2015-08-03,158,100,58
2015-08-03,79,56,23
2015-08-03,22,13,9
2015-08-03,17,10,7
2015-08-03,14,9,5
2015-08-03,12,7,5
2015-08-03,5,4,1
2015-08-04,7,7,0
2015-08-04,2,2,0
2015-08-04,0,0,0
2015-08-04,1,1,0
2015-08-04,0,0,0
2015-08-04,8,4,4
2015-08-04,40,29,11
2015-08-04,104,70,34
2015-08-04,123,75,48
2015-08-04,53,34,19
2015-08-04,24,15,9
2015-08-04,24,14,10
2015-08-04,34,23,11
2015-08-04,29,21,8
2015-08-04,23,11,12
2015-08-04,59,43,16
2015-08-04,114,89,25
2015-08-04,170,109,61
2015-08-04,73,45,28
2015-08-04,18,10,8
2015-08-04,19,14,5
2015-08-04,9,7,2
2015-08-04,10,8,2
2015-08-04,3,2,1
2015-08-05,3,3,0
2015-08-05,1,0,1
2015-08-05,1,1,0
2015-08-05,0,0,0
2015-08-05,0,0,0
2015-08-05,8,4,4
2015-08-05,39,27,12
2015-08-05,78,55,23
2015-08-05,135,89,46
2015-08-05,59,38,21
2015-08-05,29,20,9
2015-08-05,34,27,7
2015-08-05,30,23,7
2015-08-05,31,22,9
2015-08-05,44,31,13
2015-08-05,65,44,21
2015-08-05,109,72,37
2015-08-05,177,107,70
2015-08-05,66,42,24
2015-08-05,19,13,6
2015-08-05,14,10,4
2015-08-05,9,7,2
2015-08-05,11,6,5
2015-08-05,11,5,6
2015-08-06,9,8,1
2015-08-06,0,0,0
2015-08-06,0,0,0
2015-08-06,1,1,0
2015-08-06,0,0,0
2015-08-06,15,6,9
2015-08-06,30,15,15
2015-08-06,86,56,30
2015-08-06,131,84,47
2015-08-06,52,31,21
2015-08-06,29,19,10
2015-08-06,33,21,12
2015-08-06,29,19,10
2015-08-06,43,34,9
2015-08-06,33,23,10
2015-08-06,57,46,11
2015-08-06,101,71,30
2015-08-06,163,110,53
2015-08-06,79,55,24
2015-08-06,35,23,12
2015-08-06,25,13,12
2015-08-06,13,7,6
2015-08-06,9,2,7
2015-08-06,6,3,3
2015-08-07,7,4,3
2015-08-07,1,0,1
2015-08-07,1,1,0
2015-08-07,0,0,0
2015-08-07,0,0,0
2015-08-07,6,3,3
2015-08-07,30,18,12
2015-08-07,61,41,20
2015-08-07,108,66,42
2015-08-07,36,25,11
2015-08-07,31,21,10
2015-08-07,31,19,12
2015-08-07,41,33,8
2015-08-07,37,17,20
2015-08-07,46,30,16
2015-08-07,80,50,30
2015-08-07,101,62,39
2015-08-07,134,86,48
2015-08-07,61,43,18
2015-08-07,33,22,11
2015-08-07,19,13,6
2015-08-07,16,7,9
2015-08-07,15,5,10
2015-08-07,15,5,10
2015-08-08,13,6,7
2015-08-08,12,1,11
2015-08-08,1,0,1
2015-08-08,0,0,0
2015-08-08,1,0,1
2015-08-08,3,1,2
2015-08-08,4,3,1
2015-08-08,2,0,2
2015-08-08,18,17,1
2015-08-08,15,9,6
2015-08-08,32,23,9
2015-08-08,17,12,5
2015-08-08,22,13,9
2015-08-08,27,17,10
2015-08-08,12,11,1
2015-08-08,28,16,12
2015-08-08,31,19,12
2015-08-08,24,17,7
2015-08-08,18,13,5
2015-08-08,9,5,4
2015-08-08,15,11,4
2015-08-08,10,3,7
2015-08-08,13,6,7
2015-08-08,14,6,8
2015-08-09,4,0,4
2015-08-09,4,2,2
2015-08-09,1,1,0
2015-08-09,1,1,0
2015-08-09,1,0,1
2015-08-09,2,1,1
2015-08-09,11,10,1
2015-08-09,5,3,2
2015-08-09,6,6,0
2015-08-09,7,2,5
2015-08-09,15,12,3
2015-08-09,21,12,9
2015-08-09,28,24,4
2015-08-09,35,17,18
2015-08-09,17,14,3
2015-08-09,19,10,9
2015-08-09,31,20,11
2015-08-09,16,8,8
2015-08-09,21,6,15
2015-08-09,12,4,8
2015-08-09,5,1,4
2015-08-09,6,3,3
2015-08-09,10,6,4
2015-08-09,3,1,2
2015-08-10,0,0,0
2015-08-10,0,0,0
2015-08-10,0,0,0
2015-08-10,0,0,0
2015-08-10,4,1,3
2015-08-10,14,3,11
2015-08-10,44,28,16
2015-08-10,77,53,24
2015-08-10,112,62,50
2015-08-10,42,27,15
2015-08-10,31,18,13
2015-08-10,37,23,14
2015-08-10,23,16,7
2015-08-10,24,12,12
2015-08-10,25,15,10
2015-08-10,57,45,12
2015-08-10,102,68,34
2015-08-10,142,98,44
2015-08-10,78,55,23
2015-08-10,36,26,10
2015-08-10,10,4,6
2015-08-10,11,6,5
2015-08-10,5,1,4
2015-08-10,4,3,1
2015-08-11,3,3,0
2015-08-11,3,2,1
2015-08-11,1,1,0
2015-08-11,1,1,0
2015-08-11,0,0,0
2015-08-11,11,4,7
2015-08-11,42,25,17
2015-08-11,92,62,30
2015-08-11,144,95,49
2015-08-11,63,36,27
2015-08-11,27,18,9
2015-08-11,36,22,14
2015-08-11,40,27,13
2015-08-11,44,28,16
2015-08-11,32,23,9
2015-08-11,67,48,19
2015-08-11,113,87,26
2015-08-11,181,121,60
2015-08-11,82,48,34
2015-08-11,38,26,12
2015-08-11,17,15,2
2015-08-11,12,7,5
2015-08-11,15,6,9
2015-08-11,6,1,5
2015-08-12,5,5,0
2015-08-12,0,0,0
2015-08-12,1,0,1
2015-08-12,1,1,0
2015-08-12,1,0,1
2015-08-12,13,5,8
2015-08-12,36,20,16
2015-08-12,95,68,27
2015-08-12,121,81,40
2015-08-12,60,40,20
2015-08-12,35,28,7
2015-08-12,29,17,12
2015-08-12,45,32,13
2015-08-12,28,15,13
2015-08-12,24,14,10
2015-08-12,68,41,27
2015-08-12,126,78,48
2015-08-12,172,112,60
2015-08-12,63,38,25
2015-08-12,20,9,11
2015-08-12,14,12,2
2015-08-12,14,11,3
2015-08-12,9,4,5
2015-08-12,5,2,3
2015-08-13,5,3,2
2015-08-13,2,2,0
2015-08-13,3,2,1
2015-08-13,0,0,0
2015-08-13,0,0,0
2015-08-13,10,4,6
2015-08-13,40,21,19
2015-08-13,86,54,32
2015-08-13,131,91,40
2015-08-13,57,36,21
2015-08-13,33,20,13
2015-08-13,28,19,9
2015-08-13,36,17,19
2015-08-13,46,32,14
2015-08-13,36,23,13
2015-08-13,50,37,13
2015-08-13,100,67,33
2015-08-13,173,108,65
2015-08-13,82,51,31
2015-08-13,27,17,10
2015-08-13,19,13,6
2015-08-13,17,14,3
2015-08-13,7,4,3
2015-08-13,9,6,3
2015-08-14,3,2,1
2015-08-14,3,1,2
2015-08-14,2,1,1
2015-08-14,0,0,0
2015-08-14,1,1,0
2015-08-14,3,1,2
2015-08-14,21,11,10
2015-08-14,47,38,9
2015-08-14,79,54,25
2015-08-14,40,27,13
2015-08-14,16,11,5
2015-08-14,27,22,5
2015-08-14,33,20,13
2015-08-14,25,13,12
2015-08-14,21,13,8
2015-08-14,33,24,9
2015-08-14,56,38,18
2015-08-14,53,36,17
2015-08-14,34,24,10
2015-08-14,20,15,5
2015-08-14,11,9,2
2015-08-14,6,4,2
2015-08-14,9,3,6
2015-08-14,4,0,4
2015-08-15,4,4,0
2015-08-15,0,0,0
2015-08-15,0,0,0
2015-08-15,1,1,0
2015-08-15,1,0,1
2015-08-15,1,1,0
2015-08-15,4,2,2
2015-08-15,7,5,2
2015-08-15,20,17,3
2015-08-15,7,5,2
2015-08-15,12,5,7
2015-08-15,19,13,6
2015-08-15,14,11,3
2015-08-15,29,20,9
2015-08-15,28,16,12
2015-08-15,33,14,19
2015-08-15,37,22,15
2015-08-15,14,8,6
2015-08-15,9,5,4
2015-08-15,16,8,8
2015-08-15,15,8,7
2015-08-15,10,6,4
2015-08-15,9,6,3
2015-08-15,5,3,2
2015-08-16,6,5,1
2015-08-16,1,1,0
2015-08-16,2,2,0
2015-08-16,1,1,0
2015-08-16,1,1,0
2015-08-16,3,3,0
2015-08-16,3,2,1
2015-08-16,3,1,2
2015-08-16,11,7,4
2015-08-16,10,6,4
2015-08-16,13,9,4
2015-08-16,30,29,1
2015-08-16,41,36,5
2015-08-16,84,73,11
2015-08-16,29,16,13
2015-08-16,28,20,8
2015-08-16,60,11,49
2015-08-16,32,13,19
2015-08-16,14,8,6
2015-08-16,9,8,1
2015-08-16,12,6,6
2015-08-16,6,3,3
2015-08-16,6,2,4
2015-08-16,4,4,0
2015-08-17,1,0,1
2015-08-17,1,1,0
2015-08-17,2,2,0
2015-08-17,1,1,0
2015-08-17,1,0,1
2015-08-17,6,3,3
2015-08-17,34,19,15
2015-08-17,72,51,21
2015-08-17,114,71,43
2015-08-17,70,49,21
2015-08-17,31,23,8
2015-08-17,27,16,11
2015-08-17,28,18,10
2015-08-17,30,15,15
2015-08-17,36,23,13
2015-08-17,71,50,21
2015-08-17,110,73,37
2015-08-17,148,91,57
2015-08-17,71,48,23
2015-08-17,30,19,11
2015-08-17,11,8,3
2015-08-17,10,9,1
2015-08-17,5,2,3
2015-08-17,7,4,3
2015-08-18,4,3,1
2015-08-18,0,0,0
2015-08-18,2,1,1
2015-08-18,1,1,0
2015-08-18,0,0,0
2015-08-18,14,6,8
2015-08-18,38,25,13
2015-08-18,98,61,37
2015-08-18,119,82,37
2015-08-18,73,44,29
2015-08-18,29,17,12
2015-08-18,42,27,15
2015-08-18,24,13,11
2015-08-18,33,18,15
2015-08-18,46,27,19
2015-08-18,68,44,24
2015-08-18,116,79,37
2015-08-18,186,127,59
2015-08-18,68,41,27
2015-08-18,32,20,12
2015-08-18,25,22,3
2015-08-18,12,6,6
2015-08-18,6,2,4
2015-08-18,5,4,1
2015-08-19,2,1,1
2015-08-19,2,2,0
2015-08-19,1,1,0
2015-08-19,1,1,0
2015-08-19,0,0,0
2015-08-19,14,6,8
2015-08-19,47,33,14
2015-08-19,78,56,22
2015-08-19,134,100,34
2015-08-19,68,47,21
2015-08-19,35,23,12
2015-08-19,27,17,10
2015-08-19,33,19,14
2015-08-19,31,21,10
2015-08-19,36,22,14
2015-08-19,70,43,27
2015-08-19,127,92,35
2015-08-19,173,139,34
2015-08-19,90,67,23
2015-08-19,42,34,8
2015-08-19,24,15,9
2015-08-19,33,8,25
2015-08-19,16,10,6
2015-08-19,9,4,5
2015-08-20,4,4,0
2015-08-20,0,0,0
2015-08-20,2,1,1
2015-08-20,0,0,0
2015-08-20,1,0,1
2015-08-20,15,8,7
2015-08-20,38,23,15
2015-08-20,73,46,27
2015-08-20,116,83,33
2015-08-20,52,38,14
2015-08-20,25,14,11
2015-08-20,38,26,12
2015-08-20,39,22,17
2015-08-20,36,21,15
2015-08-20,27,16,11
2015-08-20,60,37,23
2015-08-20,100,81,19
2015-08-20,171,116,55
2015-08-20,80,49,31
2015-08-20,37,28,9
2015-08-20,24,17,7
2015-08-20,11,9,2
2015-08-20,4,4,0
2015-08-20,5,3,2
2015-08-21,6,2,4
2015-08-21,2,1,1
2015-08-21,1,1,0
2015-08-21,3,1,2
2015-08-21,1,0,1
2015-08-21,3,1,2
2015-08-21,32,19,13
2015-08-21,77,57,20
2015-08-21,91,61,30
2015-08-21,66,33,33
2015-08-21,20,11,9
2015-08-21,45,20,25
2015-08-21,36,14,22
2015-08-21,29,18,11
2015-08-21,35,26,9
2015-08-21,72,49,23
2015-08-21,111,75,36
2015-08-21,139,102,37
2015-08-21,54,34,20
2015-08-21,24,14,10
2015-08-21,10,6,4
2015-08-21,12,8,4
2015-08-21,11,2,9
2015-08-21,9,3,6
2015-08-22,10,8,2
2015-08-22,6,5,1
2015-08-22,0,0,0
2015-08-22,2,1,1
2015-08-22,0,0,0
2015-08-22,4,3,1
2015-08-22,3,2,1
2015-08-22,4,2,2
2015-08-22,11,7,4
2015-08-22,25,18,7
2015-08-22,16,8,8
2015-08-22,10,6,4
2015-08-22,22,6,16
2015-08-22,25,14,11
2015-08-22,18,13,5
2015-08-22,19,12,7
2015-08-22,23,15,8
2015-08-22,17,10,7
2015-08-22,26,16,10
2015-08-22,21,13,8
2015-08-22,6,3,3
2015-08-22,9,4,5
2015-08-22,7,4,3
2015-08-22,11,6,5
2015-08-23,4,3,1
2015-08-23,2,2,0
2015-08-23,2,1,1
2015-08-23,1,1,0
2015-08-23,0,0,0
2015-08-23,1,0,1
2015-08-23,2,2,0
2015-08-23,7,5,2
2015-08-23,8,6,2
2015-08-23,22,14,8
2015-08-23,20,11,9
2015-08-23,10,7,3
2015-08-23,23,16,7
2015-08-23,16,11,5
2015-08-23,21,16,5
2015-08-23,12,9,3
2015-08-23,29,14,15
2015-08-23,23,13,10
2015-08-23,13,5,8
2015-08-23,15,8,7
2015-08-23,9,7,2
2015-08-23,7,5,2
2015-08-23,5,4,1
2015-08-23,3,2,1
2015-08-24,3,2,1
2015-08-24,0,0,0
2015-08-24,1,1,0
2015-08-24,0,0,0
2015-08-24,0,0,0
2015-08-24,12,5,7
2015-08-24,37,25,12
2015-08-24,75,45,30
2015-08-24,133,92,41
2015-08-24,56,34,22
2015-08-24,20,13,7
2015-08-24,44,26,18
2015-08-24,25,14,11
2015-08-24,29,17,12
2015-08-24,45,29,16
2015-08-24,55,41,14
2015-08-24,113,75,38
2015-08-24,153,107,46
2015-08-24,79,48,31
2015-08-24,30,16,14
2015-08-24,13,9,4
2015-08-24,12,7,5
2015-08-24,11,6,5
2015-08-24,4,2,2
2015-08-25,4,4,0
2015-08-25,0,0,0
2015-08-25,2,1,1
2015-08-25,0,0,0
2015-08-25,1,0,1
2015-08-25,11,6,5
2015-08-25,35,23,12
2015-08-25,104,65,39
2015-08-25,137,98,39
2015-08-25,57,36,21
2015-08-25,34,29,5
2015-08-25,32,18,14
2015-08-25,34,21,13
2015-08-25,32,18,14
2015-08-25,39,26,13
2015-08-25,65,49,16
2015-08-25,124,85,39
2015-08-25,172,115,57
2015-08-25,72,48,24
2015-08-25,35,25,10
2015-08-25,20,11,9
2015-08-25,11,8,3
2015-08-25,11,5,6
2015-08-25,4,2,2
2015-08-26,3,3,0
2015-08-26,0,0,0
2015-08-26,0,0,0
2015-08-26,0,0,0
2015-08-26,0,0,0
2015-08-26,12,7,5
2015-08-26,41,24,17
2015-08-26,76,56,20
2015-08-26,144,100,44
2015-08-26,61,40,21
2015-08-26,38,21,17
2015-08-26,26,19,7
2015-08-26,37,27,10
2015-08-26,27,13,14
2015-08-26,45,27,18
2015-08-26,51,37,14
2015-08-26,99,67,32
2015-08-26,138,90,48
2015-08-26,61,37,24
2015-08-26,27,13,14
2015-08-26,19,16,3
2015-08-26,7,6,1
2015-08-26,8,6,2
2015-08-26,7,3,4
2015-08-27,2,2,0
2015-08-27,1,0,1
2015-08-27,0,0,0
2015-08-27,0,0,0
2015-08-27,1,0,1
2015-08-27,7,3,4
2015-08-27,43,31,12
2015-08-27,84,54,30
2015-08-27,112,78,34
2015-08-27,69,41,28
2015-08-27,27,19,8
2015-08-27,26,15,11
2015-08-27,37,18,19
2015-08-27,36,19,17
2015-08-27,31,19,12
2015-08-27,61,37,24
2015-08-27,108,80,28
2015-08-27,146,103,43
2015-08-27,70,44,26
2015-08-27,26,14,12
2015-08-27,22,17,5
2015-08-27,9,8,1
2015-08-27,5,3,2
2015-08-27,2,1,1
2015-08-28,4,4,0
2015-08-28,2,2,0
2015-08-28,0,0,0
2015-08-28,0,0,0
2015-08-28,0,0,0
2015-08-28,5,3,2
2015-08-28,25,14,11
2015-08-28,49,27,22
2015-08-28,74,54,20
2015-08-28,39,18,21
2015-08-28,35,23,12
2015-08-28,26,16,10
2015-08-28,27,16,11
2015-08-28,18,11,7
2015-08-28,40,31,9
2015-08-28,66,45,21
2015-08-28,79,49,30
2015-08-28,87,56,31
2015-08-28,40,24,16
2015-08-28,13,7,6
2015-08-28,10,7,3
2015-08-28,10,6,4
2015-08-28,8,3,5
2015-08-28,7,3,4
2015-08-29,5,4,1
2015-08-29,2,1,1
2015-08-29,3,3,0
2015-08-29,0,0,0
2015-08-29,1,1,0
2015-08-29,3,1,2
2015-08-29,2,1,1
2015-08-29,3,2,1
2015-08-29,4,3,1
2015-08-29,8,5,3
2015-08-29,12,7,5
2015-08-29,9,6,3
2015-08-29,11,9,2
2015-08-29,13,8,5
2015-08-29,10,6,4
2015-08-29,16,10,6
2015-08-29,16,8,8
2015-08-29,12,8,4
2015-08-29,7,6,1
2015-08-29,4,1,3
2015-08-29,4,3,1
2015-08-29,1,0,1
2015-08-29,5,2,3
2015-08-29,0,0,0
2015-08-30,3,3,0
2015-08-30,0,0,0
2015-08-30,1,1,0
2015-08-30,1,1,0
2015-08-30,0,0,0
2015-08-30,2,2,0
2015-08-30,1,0,1
2015-08-30,1,1,0
2015-08-30,8,7,1
2015-08-30,0,0,0
2015-08-30,18,12,6
2015-08-30,16,14,2
2015-08-30,32,28,4
2015-08-30,64,62,2
2015-08-30,11,7,4
2015-08-30,16,6,10
2015-08-30,46,7,39
2015-08-30,10,5,5
2015-08-30,8,3,5
2015-08-30,9,7,2
2015-08-30,5,5,0
2015-08-30,5,3,2
2015-08-30,2,0,2
2015-08-30,6,6,0
2015-08-31,4,2,2
2015-08-31,2,2,0
2015-08-31,1,0,1
2015-08-31,0,0,0
2015-08-31,2,2,0
2015-08-31,8,4,4
2015-08-31,22,14,8
2015-08-31,60,37,23
2015-08-31,94,56,38
2015-08-31,46,32,14
2015-08-31,15,6,9
2015-08-31,24,15,9
2015-08-31,41,28,13
2015-08-31,23,16,7
2015-08-31,24,16,8
2015-08-31,42,29,13
2015-08-31,77,56,21
2015-08-31,100,67,33
2015-08-31,47,29,18
2015-08-31,20,15,5
2015-08-31,8,3,5
2015-08-31,11,5,6
2015-08-31,6,4,2
2015-08-31,11,10,1
2015-09-01,3,3,0
2015-09-01,0,0,0
2015-09-01,1,0,1
2015-09-01,0,0,0
2015-09-01,1,1,0
2015-09-01,10,7,3
2015-09-01,30,23,7
2015-09-01,63,48,15
2015-09-01,100,71,29
2015-09-01,37,21,16
2015-09-01,25,13,12
2015-09-01,23,13,10
2015-09-01,25,14,11
2015-09-01,31,17,14
2015-09-01,27,22,5
2015-09-01,46,33,13
2015-09-01,70,48,22
2015-09-01,122,75,47
2015-09-01,41,20,21
2015-09-01,16,12,4
2015-09-01,12,7,5
2015-09-01,6,5,1
2015-09-01,4,4,0
2015-09-01,3,2,1
2015-09-02,1,1,0
2015-09-02,0,0,0
2015-09-02,1,0,1
2015-09-02,0,0,0
2015-09-02,1,1,0
2015-09-02,9,7,2
2015-09-02,33,16,17
2015-09-02,74,56,18
2015-09-02,105,71,34
2015-09-02,55,34,21
2015-09-02,26,18,8
2015-09-02,24,14,10
2015-09-02,27,11,16
2015-09-02,31,19,12
2015-09-02,36,23,13
2015-09-02,52,31,21
2015-09-02,94,65,29
2015-09-02,146,104,42
2015-09-02,57,30,27
2015-09-02,23,16,7
2015-09-02,15,12,3
2015-09-02,2,0,2
2015-09-02,11,8,3
2015-09-02,3,2,1
2015-09-03,4,4,0
2015-09-03,0,0,0
2015-09-03,1,0,1
2015-09-03,1,1,0
2015-09-03,0,0,0
2015-09-03,8,5,3
2015-09-03,37,23,14
2015-09-03,62,35,27
2015-09-03,94,61,33
2015-09-03,50,29,21
2015-09-03,31,21,10
2015-09-03,31,16,15
2015-09-03,30,13,17
2015-09-03,37,27,10
2015-09-03,35,25,10
2015-09-03,53,27,26
2015-09-03,103,70,33
2015-09-03,147,106,41
2015-09-03,96,68,28
2015-09-03,44,27,17
2015-09-03,22,14,8
2015-09-03,13,10,3
2015-09-03,14,7,7
2015-09-03,5,2,3
2015-09-04,8,3,5
2015-09-04,0,0,0
2015-09-04,1,0,1
2015-09-04,2,2,0
2015-09-04,1,1,0
2015-09-04,6,3,3
2015-09-04,25,9,16
2015-09-04,46,32,14
2015-09-04,78,49,29
2015-09-04,58,34,24
2015-09-04,32,23,9
2015-09-04,24,17,7
2015-09-04,20,12,8
2015-09-04,43,30,13
2015-09-04,47,31,16
2015-09-04,63,41,22
2015-09-04,85,57,28
2015-09-04,96,58,38
2015-09-04,46,27,19
2015-09-04,16,10,6
2015-09-04,16,12,4
2015-09-04,7,6,1
2015-09-04,5,3,2
2015-09-04,3,3,0
2015-09-05,6,4,2
2015-09-05,2,2,0
2015-09-05,0,0,0
2015-09-05,2,1,1
2015-09-05,0,0,0
2015-09-05,1,0,1
2015-09-05,4,4,0
2015-09-05,2,1,1
2015-09-05,16,16,0
2015-09-05,12,7,5
2015-09-05,17,9,8
2015-09-05,16,13,3
2015-09-05,20,16,4
2015-09-05,31,17,14
2015-09-05,25,17,8
2015-09-05,15,12,3
2015-09-05,17,7,10
2015-09-05,12,5,7
2015-09-05,13,9,4
2015-09-05,8,5,3
2015-09-05,3,2,1
2015-09-05,16,4,12
2015-09-05,3,2,1
2015-09-05,3,3,0
2015-09-06,5,1,4
2015-09-06,1,1,0
2015-09-06,2,2,0
2015-09-06,0,0,0
2015-09-06,0,0,0
2015-09-06,0,0,0
2015-09-06,1,1,0
2015-09-06,3,3,0
2015-09-06,3,2,1
2015-09-06,3,2,1
2015-09-06,5,3,2
2015-09-06,7,6,1
2015-09-06,17,12,5
2015-09-06,9,6,3
2015-09-06,16,6,10
2015-09-06,14,8,6
2015-09-06,10,7,3
2015-09-06,16,14,2
2015-09-06,3,1,2
2015-09-06,5,3,2
2015-09-06,5,2,3
2015-09-06,4,4,0
2015-09-06,5,2,3
2015-09-06,4,1,3
2015-09-07,2,2,0
2015-09-07,1,1,0
2015-09-07,3,1,2
2015-09-07,0,0,0
2015-09-07,2,2,0
2015-09-07,0,0,0
2015-09-07,1,1,0
2015-09-07,6,5,1
2015-09-07,6,4,2
2015-09-07,14,8,6
2015-09-07,11,8,3
2015-09-07,13,11,2
2015-09-07,24,18,6
2015-09-07,20,11,9
2015-09-07,27,16,11
2015-09-07,33,23,10
2015-09-07,25,16,9
2015-09-07,27,12,15
2015-09-07,14,9,5
2015-09-07,13,7,6
2015-09-07,8,5,3
2015-09-07,12,10,2
2015-09-07,6,4,2
2015-09-07,2,2,0
2015-09-08,2,2,0
2015-09-08,1,1,0
2015-09-08,2,1,1
2015-09-08,1,1,0
2015-09-08,0,0,0
2015-09-08,8,3,5
2015-09-08,36,26,10
2015-09-08,83,53,30
2015-09-08,134,88,46
2015-09-08,51,33,18
2015-09-08,31,24,7
2015-09-08,28,19,9
2015-09-08,26,13,13
2015-09-08,24,15,9
2015-09-08,36,15,21
2015-09-08,50,35,15
2015-09-08,118,86,32
2015-09-08,135,90,45
2015-09-08,55,27,28
2015-09-08,43,33,10
2015-09-08,16,8,8
2015-09-08,2,1,1
2015-09-08,4,2,2
2015-09-08,3,1,2
2015-09-09,7,7,0
2015-09-09,1,1,0
2015-09-09,1,0,1
2015-09-09,1,1,0
2015-09-09,2,1,1
2015-09-09,8,2,6
2015-09-09,39,23,16
2015-09-09,82,54,28
2015-09-09,117,84,33
2015-09-09,54,28,26
2015-09-09,35,18,17
2015-09-09,23,15,8
2015-09-09,46,31,15
2015-09-09,20,13,7
2015-09-09,38,24,14
2015-09-09,59,40,19
2015-09-09,96,71,25
2015-09-09,160,102,58
2015-09-09,70,51,19
2015-09-09,33,21,12
2015-09-09,17,12,5
2015-09-09,9,6,3
2015-09-09,8,3,5
2015-09-09,6,5,1
2015-09-10,3,2,1
2015-09-10,1,0,1
2015-09-10,2,1,1
2015-09-10,0,0,0
2015-09-10,0,0,0
2015-09-10,11,4,7
2015-09-10,28,19,9
2015-09-10,76,52,24
2015-09-10,106,75,31
2015-09-10,54,28,26
2015-09-10,31,14,17
2015-09-10,35,27,8
2015-09-10,57,36,21
2015-09-10,28,13,15
2015-09-10,35,17,18
2015-09-10,68,42,26
2015-09-10,101,69,32
2015-09-10,148,105,43
2015-09-10,71,42,29
2015-09-10,29,20,9
2015-09-10,23,13,10
2015-09-10,17,10,7
2015-09-10,6,4,2
2015-09-10,3,3,0
2015-09-11,4,4,0
2015-09-11,1,1,0
2015-09-11,2,1,1
2015-09-11,0,0,0
2015-09-11,0,0,0
2015-09-11,7,3,4
2015-09-11,26,15,11
2015-09-11,76,56,20
2015-09-11,105,68,37
2015-09-11,44,31,13
2015-09-11,40,21,19
2015-09-11,26,19,7
2015-09-11,35,18,17
2015-09-11,37,24,13
2015-09-11,51,32,19
2015-09-11,59,38,21
2015-09-11,99,67,32
2015-09-11,127,91,36
2015-09-11,61,40,21
2015-09-11,24,13,11
2015-09-11,12,7,5
2015-09-11,6,4,2
2015-09-11,13,4,9
2015-09-11,5,1,4
2015-09-12,8,5,3
2015-09-12,1,0,1
2015-09-12,0,0,0
2015-09-12,3,2,1
2015-09-12,1,1,0
2015-09-12,1,0,1
2015-09-12,2,1,1
2015-09-12,8,4,4
2015-09-12,13,9,4
2015-09-12,21,14,7
2015-09-12,24,18,6
2015-09-12,18,13,5
2015-09-12,32,23,9
2015-09-12,34,23,11
2015-09-12,35,26,9
2015-09-12,28,15,13
2015-09-12,24,10,14
2015-09-12,30,16,14
2015-09-12,19,14,5
2015-09-12,15,8,7
2015-09-12,13,6,7
2015-09-12,20,9,11
2015-09-12,18,10,8
2015-09-12,11,6,5
2015-09-13,3,2,1
2015-09-13,1,1,0
2015-09-13,3,3,0
2015-09-13,1,0,1
2015-09-13,0,0,0
2015-09-13,2,1,1
2015-09-13,1,1,0
2015-09-13,1,1,0
2015-09-13,8,3,5
2015-09-13,19,15,4
2015-09-13,7,4,3
2015-09-13,10,3,7
2015-09-13,5,2,3
2015-09-13,8,6,2
2015-09-13,13,8,5
2015-09-13,9,6,3
2015-09-13,4,3,1
2015-09-13,13,9,4
2015-09-13,14,11,3
2015-09-13,14,9,5
2015-09-13,3,3,0
2015-09-13,7,7,0
2015-09-13,4,2,2
2015-09-13,5,4,1
2015-09-14,2,1,1
2015-09-14,2,0,2
2015-09-14,1,0,1
2015-09-14,1,0,1
2015-09-14,2,2,0
2015-09-14,10,6,4
2015-09-14,35,21,14
2015-09-14,76,47,29
2015-09-14,99,62,37
2015-09-14,50,29,21
2015-09-14,17,12,5
2015-09-14,26,14,12
2015-09-14,23,15,8
2015-09-14,21,14,7
2015-09-14,33,18,15
2015-09-14,53,36,17
2015-09-14,78,63,15
2015-09-14,145,103,42
2015-09-14,56,36,20
2015-09-14,27,19,8
2015-09-14,12,6,6
2015-09-14,9,7,2
2015-09-14,11,3,8
2015-09-14,1,1,0
2015-09-15,2,2,0
2015-09-15,4,1,3
2015-09-15,2,1,1
2015-09-15,4,4,0
2015-09-15,0,0,0
2015-09-15,6,3,3
2015-09-15,28,18,10
2015-09-15,73,51,22
2015-09-15,111,77,34
2015-09-15,72,46,26
2015-09-15,29,17,12
2015-09-15,20,13,7
2015-09-15,35,22,13
2015-09-15,17,7,10
2015-09-15,30,21,9
2015-09-15,55,43,12
2015-09-15,90,65,25
2015-09-15,154,104,50
2015-09-15,65,39,26
2015-09-15,28,16,12
2015-09-15,8,5,3
2015-09-15,14,9,5
2015-09-15,2,1,1
2015-09-15,3,2,1
2015-09-16,2,2,0
2015-09-16,1,0,1
2015-09-16,2,0,2
2015-09-16,1,1,0
2015-09-16,1,0,1
2015-09-16,6,4,2
2015-09-16,34,22,12
2015-09-16,71,41,30
2015-09-16,120,78,42
2015-09-16,58,37,21
2015-09-16,31,13,18
2015-09-16,29,24,5
2015-09-16,30,16,14
2015-09-16,37,21,16
2015-09-16,37,23,14
2015-09-16,49,39,10
2015-09-16,102,68,34
2015-09-16,140,95,45
2015-09-16,59,39,20
2015-09-16,28,19,9
2015-09-16,14,7,7
2015-09-16,6,4,2
2015-09-16,8,2,6
2015-09-16,5,1,4
2015-09-17,2,0,2
2015-09-17,1,0,1
2015-09-17,1,0,1
2015-09-17,0,0,0
2015-09-17,0,0,0
2015-09-17,7,4,3
2015-09-17,21,14,7
2015-09-17,61,38,23
2015-09-17,103,69,34
2015-09-17,44,27,17
2015-09-17,31,18,13
2015-09-17,31,26,5
2015-09-17,22,18,4
2015-09-17,25,11,14
2015-09-17,26,13,13
2015-09-17,34,20,14
2015-09-17,60,40,20
2015-09-17,99,68,31
2015-09-17,40,31,9
2015-09-17,13,8,5
2015-09-17,11,7,4
2015-09-17,10,8,2
2015-09-17,1,0,1
2015-09-17,1,1,0
2015-09-18,3,1,2
2015-09-18,1,0,1
2015-09-18,1,1,0
2015-09-18,0,0,0
2015-09-18,0,0,0
2015-09-18,3,2,1
2015-09-18,22,12,10
2015-09-18,69,45,24
2015-09-18,103,73,30
2015-09-18,40,21,19
2015-09-18,23,13,10
2015-09-18,19,9,10
2015-09-18,33,20,13
2015-09-18,40,25,15
2015-09-18,42,25,17
2015-09-18,54,36,18
2015-09-18,78,54,24
2015-09-18,92,66,26
2015-09-18,43,33,10
2015-09-18,19,15,4
2015-09-18,8,4,4
2015-09-18,6,4,2
2015-09-18,4,3,1
2015-09-18,3,2,1
2015-09-19,6,6,0
2015-09-19,3,2,1
2015-09-19,0,0,0
2015-09-19,0,0,0
2015-09-19,0,0,0
2015-09-19,4,3,1
2015-09-19,5,3,2
2015-09-19,6,4,2
2015-09-19,14,12,2
2015-09-19,14,10,4
2015-09-19,18,11,7
2015-09-19,17,10,7
2015-09-19,14,10,4
2015-09-19,28,21,7
2015-09-19,11,6,5
2015-09-19,16,10,6
2015-09-19,20,15,5
2015-09-19,14,11,3
2015-09-19,16,7,9
2015-09-19,12,7,5
2015-09-19,8,2,6
2015-09-19,1,0,1
2015-09-19,8,7,1
2015-09-19,5,4,1
2015-09-20,5,5,0
2015-09-20,3,3,0
2015-09-20,2,2,0
2015-09-20,1,1,0
2015-09-20,1,1,0
2015-09-20,0,0,0
2015-09-20,3,2,1
2015-09-20,2,1,1
2015-09-20,8,6,2
2015-09-20,10,4,6
2015-09-20,14,9,5
2015-09-20,7,4,3
2015-09-20,12,7,5
2015-09-20,25,18,7
2015-09-20,10,5,5
2015-09-20,24,15,9
2015-09-20,10,5,5
2015-09-20,11,8,3
2015-09-20,15,7,8
2015-09-20,9,7,2
2015-09-20,7,3,4
2015-09-20,3,3,0
2015-09-20,3,1,2
2015-09-20,3,2,1
2015-09-21,1,0,1
2015-09-21,1,1,0
2015-09-21,1,1,0
2015-09-21,1,1,0
2015-09-21,0,0,0
2015-09-21,21,7,14
2015-09-21,32,20,12
2015-09-21,71,47,24
2015-09-21,117,79,38
2015-09-21,47,28,19
2015-09-21,22,13,9
2015-09-21,29,17,12
2015-09-21,20,7,13
2015-09-21,27,19,8
2015-09-21,32,23,9
2015-09-21,44,33,11
2015-09-21,88,59,29
2015-09-21,161,113,48
2015-09-21,91,60,31
2015-09-21,23,8,15
2015-09-21,19,11,8
2015-09-21,8,7,1
2015-09-21,11,5,6
2015-09-21,0,0,0
2015-09-22,4,4,0
2015-09-22,1,1,0
2015-09-22,2,2,0
2015-09-22,0,0,0
2015-09-22,0,0,0
2015-09-22,10,3,7
2015-09-22,32,21,11
2015-09-22,108,75,33
2015-09-22,157,112,45
2015-09-22,69,48,21
2015-09-22,28,15,13
2015-09-22,26,16,10
2015-09-22,26,16,10
2015-09-22,34,14,20
2015-09-22,47,32,15
2015-09-22,55,41,14
2015-09-22,100,78,22
2015-09-22,164,112,52
2015-09-22,82,40,42
2015-09-22,29,9,20
2015-09-22,12,10,2
2015-09-22,8,7,1
2015-09-22,7,4,3
2015-09-22,4,4,0
2015-09-23,3,3,0
2015-09-23,1,1,0
2015-09-23,2,1,1
2015-09-23,1,0,1
2015-09-23,1,1,0
2015-09-23,11,9,2
2015-09-23,36,22,14
2015-09-23,86,58,28
2015-09-23,142,102,40
2015-09-23,57,39,18
2015-09-23,32,20,12
2015-09-23,35,18,17
2015-09-23,29,17,12
2015-09-23,31,18,13
2015-09-23,33,16,17
2015-09-23,61,44,17
2015-09-23,102,74,28
2015-09-23,194,133,61
2015-09-23,127,96,31
2015-09-23,42,26,16
2015-09-23,10,7,3
2015-09-23,37,8,29
2015-09-23,7,2,5
2015-09-23,5,5,0
2015-09-24,2,1,1
2015-09-24,0,0,0
2015-09-24,4,2,2
2015-09-24,1,1,0
2015-09-24,1,1,0
2015-09-24,6,4,2
2015-09-24,38,19,19
2015-09-24,88,55,33
2015-09-24,123,78,45
2015-09-24,70,41,29
2015-09-24,24,17,7
2015-09-24,33,22,11
2015-09-24,29,19,10
2015-09-24,42,27,15
2015-09-24,39,21,18
2015-09-24,48,34,14
2015-09-24,127,89,38
2015-09-24,177,119,58
2015-09-24,58,37,21
2015-09-24,21,18,3
2015-09-24,19,14,5
2015-09-24,11,8,3
2015-09-24,9,5,4
2015-09-24,11,6,5
2015-09-25,3,1,2
2015-09-25,1,1,0
2015-09-25,1,0,1
2015-09-25,0,0,0
2015-09-25,0,0,0
2015-09-25,2,1,1
2015-09-25,18,10,8
2015-09-25,44,28,16
2015-09-25,78,51,27
2015-09-25,34,16,18
2015-09-25,19,13,6
2015-09-25,20,12,8
2015-09-25,36,21,15
2015-09-25,20,15,5
2015-09-25,28,23,5
2015-09-25,46,28,18
2015-09-25,67,42,25
2015-09-25,89,66,23
2015-09-25,52,35,17
2015-09-25,12,4,8
2015-09-25,11,7,4
2015-09-25,7,5,2
2015-09-25,13,8,5
2015-09-25,3,1,2
2015-09-26,5,5,0
2015-09-26,1,1,0
2015-09-26,2,1,1
2015-09-26,2,1,1
2015-09-26,0,0,0
2015-09-26,0,0,0
2015-09-26,10,8,2
2015-09-26,4,0,4
2015-09-26,15,13,2
2015-09-26,15,9,6
2015-09-26,23,15,8
2015-09-26,25,16,9
2015-09-26,15,9,6
2015-09-26,24,16,8
2015-09-26,25,20,5
2015-09-26,28,17,11
2015-09-26,13,6,7
2015-09-26,19,12,7
2015-09-26,14,9,5
2015-09-26,11,6,5
2015-09-26,2,2,0
2015-09-26,8,7,1
2015-09-26,13,10,3
2015-09-26,11,7,4
2015-09-27,3,2,1
2015-09-27,4,3,1
2015-09-27,1,1,0
2015-09-27,3,2,1
2015-09-27,0,0,0
2015-09-27,1,1,0
2015-09-27,1,1,0
2015-09-27,3,3,0
2015-09-27,12,7,5
2015-09-27,16,13,3
2015-09-27,30,19,11
2015-09-27,22,12,10
2015-09-27,25,19,6
2015-09-27,34,21,13
2015-09-27,24,16,8
2015-09-27,15,10,5
2015-09-27,29,12,17
2015-09-27,23,8,15
2015-09-27,17,10,7
2015-09-27,8,5,3
2015-09-27,13,6,7
2015-09-27,7,5,2
2015-09-27,4,3,1
2015-09-27,3,1,2
2015-09-28,5,3,2
2015-09-28,1,0,1
2015-09-28,0,0,0
2015-09-28,0,0,0
2015-09-28,2,1,1
2015-09-28,8,4,4
2015-09-28,36,21,15
2015-09-28,79,50,29
2015-09-28,122,79,43
2015-09-28,58,43,15
2015-09-28,14,7,7
2015-09-28,25,17,8
2015-09-28,32,20,12
2015-09-28,17,10,7
2015-09-28,34,22,12
2015-09-28,43,28,15
2015-09-28,97,76,21
2015-09-28,144,94,50
2015-09-28,81,54,27
2015-09-28,27,19,8
2015-09-28,5,4,1
2015-09-28,7,4,3
2015-09-28,8,1,7
2015-09-28,5,1,4
2015-09-29,3,2,1
2015-09-29,1,1,0
2015-09-29,1,0,1
2015-09-29,0,0,0
2015-09-29,1,1,0
2015-09-29,3,0,3
2015-09-29,32,22,10
2015-09-29,87,52,35
2015-09-29,135,92,43
2015-09-29,63,36,27
2015-09-29,35,18,17
2015-09-29,28,19,9
2015-09-29,30,20,10
2015-09-29,35,23,12
2015-09-29,19,15,4
2015-09-29,44,29,15
2015-09-29,118,82,36
2015-09-29,199,115,84
2015-09-29,77,46,31
2015-09-29,30,22,8
2015-09-29,12,10,2
2015-09-29,11,7,4
2015-09-29,12,5,7
2015-09-29,1,1,0
2015-09-30,4,4,0
2015-09-30,0,0,0
2015-09-30,1,0,1
2015-09-30,0,0,0
2015-09-30,1,1,0
2015-09-30,10,5,5
2015-09-30,35,14,21
2015-09-30,79,37,42
2015-09-30,139,92,47
2015-09-30,49,29,20
2015-09-30,45,28,17
2015-09-30,33,20,13
2015-09-30,31,16,15
2015-09-30,35,23,12
2015-09-30,32,20,12
2015-09-30,35,28,7
2015-09-30,87,69,18
2015-09-30,159,108,51
2015-09-30,84,60,24
2015-09-30,30,22,8
2015-09-30,18,13,5
2015-09-30,7,5,2
2015-09-30,5,3,2
2015-09-30,4,4,0
2015-10-01,4,2,2
2015-10-01,1,1,0
2015-10-01,1,0,1
2015-10-01,0,0,0
2015-10-01,1,1,0
2015-10-01,8,5,3
2015-10-01,35,16,19
2015-10-01,82,53,29
2015-10-01,110,82,28
2015-10-01,51,27,24
2015-10-01,31,21,10
2015-10-01,22,12,10
2015-10-01,38,17,21
2015-10-01,30,22,8
2015-10-01,41,23,18
2015-10-01,59,45,14
2015-10-01,104,75,29
2015-10-01,146,109,37
2015-10-01,69,45,24
2015-10-01,14,9,5
2015-10-01,21,15,6
2015-10-01,14,10,4
2015-10-01,5,1,4
2015-10-01,2,1,1
2015-10-02,4,3,1
2015-10-02,5,3,2
2015-10-02,2,1,1
2015-10-02,1,1,0
2015-10-02,1,1,0
2015-10-02,5,2,3
2015-10-02,30,15,15
2015-10-02,53,27,26
2015-10-02,84,55,29
2015-10-02,44,23,21
2015-10-02,28,15,13
2015-10-02,21,11,10
2015-10-02,25,15,10
2015-10-02,21,17,4
2015-10-02,45,32,13
2015-10-02,56,35,21
2015-10-02,84,67,17
2015-10-02,91,68,23
2015-10-02,50,30,20
2015-10-02,26,13,13
2015-10-02,9,5,4
2015-10-02,11,9,2
2015-10-02,10,3,7
2015-10-02,4,3,1
2015-10-03,6,4,2
2015-10-03,0,0,0
2015-10-03,0,0,0
2015-10-03,1,0,1
2015-10-03,1,0,1
2015-10-03,0,0,0
2015-10-03,3,2,1
2015-10-03,4,3,1
2015-10-03,17,9,8
2015-10-03,9,6,3
2015-10-03,7,5,2
2015-10-03,15,10,5
2015-10-03,13,8,5
2015-10-03,19,15,4
2015-10-03,22,18,4
2015-10-03,24,13,11
2015-10-03,31,23,8
2015-10-03,12,9,3
2015-10-03,7,6,1
2015-10-03,19,14,5
2015-10-03,5,4,1
2015-10-03,14,9,5
2015-10-03,9,5,4
2015-10-03,5,3,2
2015-10-04,7,4,3
2015-10-04,1,1,0
2015-10-04,2,2,0
2015-10-04,2,2,0
2015-10-04,0,0,0
2015-10-04,3,2,1
2015-10-04,2,1,1
2015-10-04,4,1,3
2015-10-04,4,4,0
2015-10-04,13,7,6
2015-10-04,13,8,5
2015-10-04,29,25,4
2015-10-04,18,15,3
2015-10-04,12,7,5
2015-10-04,26,19,7
2015-10-04,32,17,15
2015-10-04,44,30,14
2015-10-04,43,36,7
2015-10-04,31,29,2
2015-10-04,11,10,1
2015-10-04,42,4,38
2015-10-04,11,4,7
2015-10-04,2,1,1
2015-10-04,6,2,4
2015-10-05,1,0,1
2015-10-05,0,0,0
2015-10-05,1,1,0
2015-10-05,0,0,0
2015-10-05,0,0,0
2015-10-05,11,3,8
2015-10-05,32,16,16
2015-10-05,86,56,30
2015-10-05,117,64,53
2015-10-05,49,31,18
2015-10-05,35,16,19
2015-10-05,35,30,5
2015-10-05,21,11,10
2015-10-05,32,19,13
2015-10-05,54,43,11
2015-10-05,73,56,17
2015-10-05,140,109,31
2015-10-05,158,91,67
2015-10-05,49,25,24
2015-10-05,19,11,8
2015-10-05,32,9,23
2015-10-05,17,9,8
2015-10-05,3,2,1
2015-10-05,6,4,2
2015-10-06,2,1,1
2015-10-06,0,0,0
2015-10-06,1,0,1
2015-10-06,0,0,0
2015-10-06,4,2,2
2015-10-06,14,5,9
2015-10-06,42,29,13
2015-10-06,88,52,36
2015-10-06,122,84,38
2015-10-06,54,42,12
2015-10-06,24,14,10
2015-10-06,26,19,7
2015-10-06,25,13,12
2015-10-06,38,27,11
2015-10-06,40,25,15
2015-10-06,56,41,15
2015-10-06,106,75,31
2015-10-06,152,103,49
2015-10-06,62,37,25
2015-10-06,20,13,7
2015-10-06,8,4,4
2015-10-06,8,6,2
2015-10-06,9,7,2
2015-10-06,2,0,2
2015-10-07,2,2,0
2015-10-07,1,1,0
2015-10-07,2,0,2
2015-10-07,0,0,0
2015-10-07,0,0,0
2015-10-07,10,1,9
2015-10-07,28,16,12
2015-10-07,49,32,17
2015-10-07,66,40,26
2015-10-07,40,23,17
2015-10-07,22,9,13
2015-10-07,19,10,9
2015-10-07,14,8,6
2015-10-07,19,13,6
2015-10-07,16,9,7
2015-10-07,32,25,7
2015-10-07,68,53,15
2015-10-07,102,72,30
2015-10-07,39,23,16
2015-10-07,13,8,5
2015-10-07,4,4,0
2015-10-07,7,4,3
2015-10-07,3,0,3
2015-10-07,3,3,0
2015-10-08,5,4,1
2015-10-08,1,1,0
2015-10-08,1,0,1
2015-10-08,0,0,0
2015-10-08,0,0,0
2015-10-08,9,2,7
2015-10-08,26,12,14
2015-10-08,61,38,23
2015-10-08,110,71,39
2015-10-08,68,36,32
2015-10-08,23,14,9
2015-10-08,30,18,12
2015-10-08,26,17,9
2015-10-08,36,24,12
2015-10-08,39,24,15
2015-10-08,55,36,19
2015-10-08,87,56,31
2015-10-08,134,86,48
2015-10-08,54,33,21
2015-10-08,25,16,9
2015-10-08,18,14,4
2015-10-08,9,9,0
2015-10-08,6,3,3
2015-10-08,8,2,6
2015-10-09,2,1,1
2015-10-09,1,0,1
2015-10-09,1,0,1
2015-10-09,1,0,1
2015-10-09,0,0,0
2015-10-09,8,2,6
2015-10-09,27,12,15
2015-10-09,42,27,15
2015-10-09,94,64,30
2015-10-09,49,27,22
2015-10-09,27,19,8
2015-10-09,28,15,13
2015-10-09,30,16,14
2015-10-09,27,21,6
2015-10-09,40,20,20
2015-10-09,47,31,16
2015-10-09,88,62,26
2015-10-09,101,71,30
2015-10-09,37,28,9
2015-10-09,22,9,13
2015-10-09,11,4,7
2015-10-09,8,6,2
2015-10-09,5,2,3
2015-10-09,5,3,2
2015-10-10,7,6,1
2015-10-10,2,2,0
2015-10-10,1,0,1
2015-10-10,1,0,1
2015-10-10,1,1,0
2015-10-10,0,0,0
2015-10-10,4,2,2
2015-10-10,2,1,1
2015-10-10,8,5,3
2015-10-10,5,1,4
2015-10-10,6,6,0
2015-10-10,1,1,0
2015-10-10,8,4,4
2015-10-10,8,6,2
2015-10-10,13,8,5
2015-10-10,4,3,1
2015-10-10,8,3,5
2015-10-10,7,6,1
2015-10-10,4,3,1
2015-10-10,5,2,3
2015-10-10,4,3,1
2015-10-10,8,6,2
2015-10-10,4,3,1
2015-10-10,4,4,0
2015-10-11,4,3,1
2015-10-11,1,1,0
2015-10-11,0,0,0
2015-10-11,1,1,0
2015-10-11,0,0,0
2015-10-11,0,0,0
2015-10-11,2,1,1
2015-10-11,1,1,0
2015-10-11,4,2,2
2015-10-11,9,7,2
2015-10-11,5,3,2
2015-10-11,21,12,9
2015-10-11,11,10,1
2015-10-11,14,5,9
2015-10-11,25,16,9
2015-10-11,18,14,4
2015-10-11,27,15,12
2015-10-11,10,6,4
2015-10-11,12,7,5
2015-10-11,4,2,2
2015-10-11,7,4,3
2015-10-11,5,2,3
2015-10-11,7,4,3
2015-10-11,3,0,3
2015-10-12,1,1,0
2015-10-12,0,0,0
2015-10-12,1,1,0
2015-10-12,0,0,0
2015-10-12,3,2,1
2015-10-12,11,4,7
2015-10-12,35,18,17
2015-10-12,68,42,26
2015-10-12,121,80,41
2015-10-12,39,24,15
2015-10-12,20,9,11
2015-10-12,16,10,6
2015-10-12,32,18,14
2015-10-12,18,11,7
2015-10-12,33,21,12
2015-10-12,37,25,12
2015-10-12,94,62,32
2015-10-12,164,119,45
2015-10-12,33,21,12
2015-10-12,17,8,9
2015-10-12,11,7,4
2015-10-12,7,5,2
2015-10-12,10,5,5
2015-10-12,2,0,2
2015-10-13,2,2,0
2015-10-13,1,1,0
2015-10-13,3,1,2
2015-10-13,0,0,0
2015-10-13,0,0,0
2015-10-13,9,3,6
2015-10-13,32,17,15
2015-10-13,80,55,25
2015-10-13,109,68,41
2015-10-13,48,26,22
2015-10-13,24,10,14
2015-10-13,26,15,11
2015-10-13,25,13,12
2015-10-13,20,12,8
2015-10-13,33,21,12
2015-10-13,50,34,16
2015-10-13,88,58,30
2015-10-13,135,94,41
2015-10-13,57,34,23
2015-10-13,11,7,4
2015-10-13,13,5,8
2015-10-13,8,6,2
2015-10-13,7,2,5
2015-10-13,1,0,1
2015-10-14,3,3,0
2015-10-14,0,0,0
2015-10-14,2,1,1
2015-10-14,1,1,0
2015-10-14,0,0,0
2015-10-14,13,4,9
2015-10-14,37,19,18
2015-10-14,81,56,25
2015-10-14,110,72,38
2015-10-14,57,31,26
2015-10-14,27,14,13
2015-10-14,32,22,10
2015-10-14,22,11,11
2015-10-14,31,20,11
2015-10-14,35,26,9
2015-10-14,44,35,9
2015-10-14,85,62,23
2015-10-14,160,120,40
2015-10-14,84,53,31
2015-10-14,25,15,10
2015-10-14,15,7,8
2015-10-14,12,9,3
2015-10-14,2,2,0
2015-10-14,3,2,1
2015-10-15,2,0,2
2015-10-15,0,0,0
2015-10-15,1,0,1
2015-10-15,0,0,0
2015-10-15,0,0,0
2015-10-15,9,5,4
2015-10-15,27,15,12
2015-10-15,71,54,17
2015-10-15,108,70,38
2015-10-15,54,32,22
2015-10-15,32,25,7
2015-10-15,29,13,16
2015-10-15,34,21,13
2015-10-15,31,24,7
2015-10-15,34,19,15
2015-10-15,48,38,10
2015-10-15,88,72,16
2015-10-15,139,86,53
2015-10-15,59,37,22
2015-10-15,22,13,9
2015-10-15,16,10,6
2015-10-15,3,3,0
2015-10-15,4,3,1
2015-10-15,1,0,1
2015-10-16,0,0,0
2015-10-16,0,0,0
2015-10-16,1,0,1
2015-10-16,0,0,0
2015-10-16,0,0,0
2015-10-16,6,3,3
2015-10-16,21,9,12
2015-10-16,56,43,13
2015-10-16,102,64,38
2015-10-16,37,22,15
2015-10-16,33,19,14
2015-10-16,26,18,8
2015-10-16,30,14,16
2015-10-16,27,16,11
2015-10-16,51,32,19
2015-10-16,43,25,18
2015-10-16,96,62,34
2015-10-16,114,78,36
2015-10-16,51,30,21
2015-10-16,22,13,9
2015-10-16,8,5,3
2015-10-16,9,6,3
2015-10-16,7,4,3
2015-10-16,7,4,3
2015-10-17,3,3,0
2015-10-17,1,1,0
2015-10-17,0,0,0
2015-10-17,0,0,0
2015-10-17,0,0,0
2015-10-17,2,2,0
2015-10-17,5,0,5
2015-10-17,2,2,0
2015-10-17,10,7,3
2015-10-17,9,8,1
2015-10-17,14,13,1
2015-10-17,11,7,4
2015-10-17,25,24,1
2015-10-17,11,5,6
2015-10-17,9,5,4
2015-10-17,17,10,7
2015-10-17,21,12,9
2015-10-17,8,6,2
2015-10-17,12,7,5
2015-10-17,7,4,3
2015-10-17,2,2,0
2015-10-17,4,1,3
2015-10-17,4,3,1
2015-10-17,3,2,1
2015-10-18,5,4,1
2015-10-18,2,2,0
2015-10-18,0,0,0
2015-10-18,0,0,0
2015-10-18,2,1,1
2015-10-18,2,1,1
2015-10-18,1,0,1
2015-10-18,3,2,1
2015-10-18,9,8,1
2015-10-18,10,10,0
2015-10-18,13,10,3
2015-10-18,14,9,5
2015-10-18,11,9,2
2015-10-18,10,5,5
2015-10-18,7,3,4
2015-10-18,8,7,1
2015-10-18,12,5,7
2015-10-18,12,5,7
2015-10-18,16,8,8
2015-10-18,10,6,4
2015-10-18,4,3,1
2015-10-18,7,6,1
2015-10-18,1,1,0
2015-10-18,1,0,1
2015-10-19,3,1,2
2015-10-19,0,0,0
2015-10-19,2,1,1
2015-10-19,1,1,0
2015-10-19,0,0,0
2015-10-19,13,7,6
2015-10-19,26,14,12
2015-10-19,53,35,18
2015-10-19,96,62,34
2015-10-19,49,31,18
2015-10-19,21,16,5
2015-10-19,20,14,6
2015-10-19,20,13,7
2015-10-19,23,14,9
2015-10-19,28,19,9
2015-10-19,36,26,10
2015-10-19,97,67,30
2015-10-19,114,71,43
2015-10-19,43,23,20
2015-10-19,18,11,7
2015-10-19,2,1,1
2015-10-19,10,7,3
2015-10-19,3,3,0
2015-10-19,4,1,3
2015-10-20,1,1,0
2015-10-20,1,1,0
2015-10-20,4,2,2
2015-10-20,1,1,0
2015-10-20,1,0,1
2015-10-20,8,2,6
2015-10-20,33,19,14
2015-10-20,63,42,21
2015-10-20,131,86,45
2015-10-20,62,35,27
2015-10-20,36,25,11
2015-10-20,22,14,8
2015-10-20,24,12,12
2015-10-20,33,23,10
2015-10-20,34,21,13
2015-10-20,53,38,15
2015-10-20,81,59,22
2015-10-20,136,102,34
2015-10-20,75,37,38
2015-10-20,21,10,11
2015-10-20,12,7,5
2015-10-20,7,2,5
2015-10-20,7,4,3
2015-10-20,3,3,0
2015-10-21,5,4,1
2015-10-21,2,2,0
2015-10-21,2,0,2
2015-10-21,1,1,0
2015-10-21,1,0,1
2015-10-21,11,5,6
2015-10-21,30,17,13
2015-10-21,67,46,21
2015-10-21,111,77,34
2015-10-21,60,32,28
2015-10-21,23,16,7
2015-10-21,21,11,10
2015-10-21,22,16,6
2015-10-21,33,23,10
2015-10-21,38,23,15
2015-10-21,39,25,14
2015-10-21,100,79,21
2015-10-21,164,105,59
2015-10-21,69,55,14
2015-10-21,26,19,7
2015-10-21,12,5,7
2015-10-21,18,4,14
2015-10-21,5,2,3
2015-10-21,2,1,1
2015-10-22,3,2,1
2015-10-22,1,0,1
2015-10-22,2,1,1
2015-10-22,1,1,0
2015-10-22,1,0,1
2015-10-22,6,2,4
2015-10-22,24,11,13
2015-10-22,71,48,23
2015-10-22,113,83,30
2015-10-22,45,26,19
2015-10-22,22,13,9
2015-10-22,28,20,8
2015-10-22,20,11,9
2015-10-22,35,21,14
2015-10-22,39,25,14
2015-10-22,33,21,12
2015-10-22,100,69,31
2015-10-22,125,82,43
2015-10-22,49,34,15
2015-10-22,22,14,8
2015-10-22,14,9,5
2015-10-22,11,10,1
2015-10-22,7,6,1
2015-10-22,4,0,4
2015-10-23,2,1,1
2015-10-23,1,1,0
2015-10-23,2,1,1
2015-10-23,0,0,0
2015-10-23,2,0,2
2015-10-23,5,2,3
2015-10-23,28,14,14
2015-10-23,45,29,16
2015-10-23,99,67,32
2015-10-23,37,25,12
2015-10-23,32,22,10
2015-10-23,30,16,14
2015-10-23,22,12,10
2015-10-23,53,32,21
2015-10-23,30,24,6
2015-10-23,57,42,15
2015-10-23,81,57,24
2015-10-23,101,68,33
2015-10-23,44,30,14
2015-10-23,11,6,5
2015-10-23,8,6,2
2015-10-23,5,3,2
2015-10-23,12,10,2
2015-10-23,4,3,1
2015-10-24,3,2,1
2015-10-24,2,1,1
2015-10-24,1,1,0
2015-10-24,1,1,0
2015-10-24,0,0,0
2015-10-24,1,1,0
2015-10-24,7,4,3
2015-10-24,9,5,4
2015-10-24,11,9,2
2015-10-24,11,7,4
2015-10-24,14,8,6
2015-10-24,10,7,3
2015-10-24,10,5,5
2015-10-24,21,12,9
2015-10-24,9,7,2
2015-10-24,19,11,8
2015-10-24,19,11,8
2015-10-24,6,3,3
2015-10-24,16,12,4
2015-10-24,6,4,2
2015-10-24,4,4,0
2015-10-24,5,2,3
2015-10-24,17,5,12
2015-10-24,2,1,1
2015-10-25,6,3,3
2015-10-25,2,1,1
2015-10-25,0,0,0
2015-10-25,0,0,0
2015-10-25,1,0,1
2015-10-25,1,1,0
2015-10-25,3,2,1
2015-10-25,7,6,1
2015-10-25,4,2,2
2015-10-25,8,5,3
2015-10-25,13,7,6
2015-10-25,13,11,2
2015-10-25,14,7,7
2015-10-25,14,10,4
2015-10-25,29,24,5
2015-10-25,25,19,6
2015-10-25,13,10,3
2015-10-25,9,7,2
2015-10-25,23,2,21
2015-10-25,9,5,4
2015-10-25,6,5,1
2015-10-25,4,3,1
2015-10-25,2,2,0
2015-10-25,3,2,1
2015-10-26,1,1,0
2015-10-26,1,1,0
2015-10-26,2,2,0
2015-10-26,0,0,0
2015-10-26,1,0,1
2015-10-26,8,6,2
2015-10-26,20,10,10
2015-10-26,41,24,17
2015-10-26,80,58,22
2015-10-26,42,23,19
2015-10-26,19,10,9
2015-10-26,18,13,5
2015-10-26,13,6,7
2015-10-26,22,17,5
2015-10-26,20,11,9
2015-10-26,29,17,12
2015-10-26,67,45,22
2015-10-26,101,63,38
2015-10-26,36,17,19
2015-10-26,19,9,10
2015-10-26,6,5,1
2015-10-26,4,4,0
2015-10-26,3,1,2
2015-10-26,4,3,1
2015-10-27,2,1,1
2015-10-27,0,0,0
2015-10-27,2,0,2
2015-10-27,1,0,1
2015-10-27,1,0,1
2015-10-27,7,2,5
2015-10-27,31,19,12
2015-10-27,60,36,24
2015-10-27,113,79,34
2015-10-27,63,37,26
2015-10-27,20,16,4
2015-10-27,28,18,10
2015-10-27,22,17,5
2015-10-27,29,14,15
2015-10-27,35,22,13
2015-10-27,29,19,10
2015-10-27,91,61,30
2015-10-27,159,103,56
2015-10-27,57,29,28
2015-10-27,26,20,6
2015-10-27,12,7,5
2015-10-27,9,4,5
2015-10-27,7,5,2
2015-10-27,9,4,5
2015-10-28,5,4,1
2015-10-28,1,0,1
2015-10-28,1,0,1
2015-10-28,2,2,0
2015-10-28,2,1,1
2015-10-28,5,2,3
2015-10-28,25,11,14
2015-10-28,50,37,13
2015-10-28,100,72,28
2015-10-28,34,22,12
2015-10-28,23,13,10
2015-10-28,15,8,7
2015-10-28,27,16,11
2015-10-28,21,13,8
2015-10-28,25,19,6
2015-10-28,35,22,13
2015-10-28,74,58,16
2015-10-28,125,92,33
2015-10-28,62,46,16
2015-10-28,20,12,8
2015-10-28,5,5,0
2015-10-28,25,3,22
2015-10-28,7,4,3
2015-10-28,4,3,1
2015-10-29,3,1,2
2015-10-29,2,0,2
2015-10-29,3,3,0
2015-10-29,0,0,0
2015-10-29,2,0,2
2015-10-29,6,3,3
2015-10-29,24,11,13
2015-10-29,57,35,22
2015-10-29,101,71,30
2015-10-29,44,31,13
2015-10-29,32,19,13
2015-10-29,25,18,7
2015-10-29,23,15,8
2015-10-29,23,15,8
2015-10-29,20,12,8
2015-10-29,42,28,14
2015-10-29,77,58,19
2015-10-29,130,83,47
2015-10-29,43,21,22
2015-10-29,24,18,6
2015-10-29,4,4,0
2015-10-29,6,5,1
2015-10-29,5,3,2
2015-10-29,2,0,2
2015-10-30,5,3,2
2015-10-30,0,0,0
2015-10-30,1,0,1
2015-10-30,0,0,0
2015-10-30,0,0,0
2015-10-30,3,2,1
2015-10-30,14,8,6
2015-10-30,33,22,11
2015-10-30,58,39,19
2015-10-30,35,17,18
2015-10-30,28,19,9
2015-10-30,23,16,7
2015-10-30,31,15,16
2015-10-30,24,14,10
2015-10-30,21,10,11
2015-10-30,41,30,11
2015-10-30,59,40,19
2015-10-30,68,43,25
2015-10-30,27,19,8
2015-10-30,10,6,4
2015-10-30,6,4,2
2015-10-30,4,3,1
2015-10-30,5,3,2
2015-10-30,4,1,3
2015-10-31,3,3,0
2015-10-31,3,3,0
2015-10-31,0,0,0
2015-10-31,0,0,0
2015-10-31,0,0,0
2015-10-31,1,1,0
2015-10-31,0,0,0
2015-10-31,3,2,1
2015-10-31,2,1,1
2015-10-31,6,3,3
2015-10-31,12,8,4
2015-10-31,4,3,1
2015-10-31,4,4,0
2015-10-31,14,7,7
2015-10-31,3,3,0
2015-10-31,5,3,2
2015-10-31,5,5,0
2015-10-31,9,6,3
2015-10-31,4,2,2
2015-10-31,0,0,0
2015-10-31,2,1,1
2015-10-31,1,1,0
2015-10-31,1,1,0
2015-10-31,3,3,0
2015-11-01,6,5,1
2015-11-01,3,2,1
2015-11-01,4,0,4
2015-11-01,0,0,0
2015-11-01,0,0,0
2015-11-01,0,0,0
2015-11-01,2,1,1
2015-11-01,1,0,1
2015-11-01,2,1,1
2015-11-01,8,7,1
2015-11-01,5,4,1
2015-11-01,2,2,0
2015-11-01,6,3,3
2015-11-01,4,4,0
2015-11-01,4,2,2
2015-11-01,7,5,2
2015-11-01,7,3,4
2015-11-01,28,25,3
2015-11-01,13,11,2
2015-11-01,3,2,1
2015-11-01,20,5,15
2015-11-01,4,2,2
2015-11-01,1,1,0
2015-11-01,0,0,0
2015-11-02,1,0,1
2015-11-02,1,1,0
2015-11-02,0,0,0
2015-11-02,0,0,0
2015-11-02,1,0,1
2015-11-02,7,4,3
2015-11-02,30,14,16
2015-11-02,56,35,21
2015-11-02,94,58,36
2015-11-02,33,17,16
2015-11-02,18,12,6
2015-11-02,20,13,7
2015-11-02,19,10,9
2015-11-02,20,14,6
2015-11-02,21,15,6
2015-11-02,43,30,13
2015-11-02,85,60,25
2015-11-02,127,93,34
2015-11-02,40,26,14
2015-11-02,12,8,4
2015-11-02,10,7,3
2015-11-02,6,5,1
2015-11-02,0,0,0
2015-11-02,1,0,1
2015-11-03,0,0,0
2015-11-03,0,0,0
2015-11-03,2,2,0
2015-11-03,1,1,0
2015-11-03,2,1,1
2015-11-03,8,4,4
2015-11-03,32,21,11
2015-11-03,79,54,25
2015-11-03,107,74,33
2015-11-03,42,23,19
2015-11-03,18,7,11
2015-11-03,19,12,7
2015-11-03,29,17,12
2015-11-03,23,16,7
2015-11-03,24,15,9
2015-11-03,44,30,14
2015-11-03,97,74,23
2015-11-03,109,76,33
2015-11-03,44,24,20
2015-11-03,23,13,10
2015-11-03,4,2,2
2015-11-03,10,6,4
2015-11-03,3,2,1
2015-11-03,4,4,0
2015-11-04,3,3,0
2015-11-04,0,0,0
2015-11-04,2,1,1
2015-11-04,0,0,0
2015-11-04,1,0,1
2015-11-04,6,2,4
2015-11-04,21,9,12
2015-11-04,77,45,32
2015-11-04,116,92,24
2015-11-04,53,36,17
2015-11-04,34,25,9
2015-11-04,23,12,11
2015-11-04,25,13,12
2015-11-04,35,22,13
2015-11-04,25,16,9
2015-11-04,31,18,13
2015-11-04,92,66,26
2015-11-04,129,86,43
2015-11-04,44,27,17
2015-11-04,24,15,9
2015-11-04,8,5,3
2015-11-04,6,5,1
2015-11-04,4,3,1
2015-11-04,0,0,0
2015-11-05,0,0,0
2015-11-05,0,0,0
2015-11-05,1,1,0
2015-11-05,0,0,0
2015-11-05,0,0,0
2015-11-05,9,4,5
2015-11-05,32,18,14
2015-11-05,71,40,31
2015-11-05,114,81,33
2015-11-05,51,34,17
2015-11-05,28,15,13
2015-11-05,23,18,5
2015-11-05,15,8,7
2015-11-05,27,18,9
2015-11-05,31,20,11
2015-11-05,41,26,15
2015-11-05,91,62,29
2015-11-05,128,87,41
2015-11-05,55,36,19
2015-11-05,25,17,8
2015-11-05,22,10,12
2015-11-05,13,9,4
2015-11-05,3,3,0
2015-11-05,2,1,1
2015-11-06,5,2,3
2015-11-06,1,1,0
2015-11-06,1,0,1
2015-11-06,0,0,0
2015-11-06,2,1,1
2015-11-06,5,2,3
2015-11-06,22,11,11
2015-11-06,55,32,23
2015-11-06,93,65,28
2015-11-06,41,27,14
2015-11-06,16,6,10
2015-11-06,22,12,10
2015-11-06,24,12,12
2015-11-06,17,10,7
2015-11-06,23,12,11
2015-11-06,50,34,16
2015-11-06,64,42,22
2015-11-06,87,60,27
2015-11-06,24,16,8
2015-11-06,10,6,4
2015-11-06,7,5,2
2015-11-06,5,5,0
2015-11-06,4,4,0
2015-11-06,8,7,1
2015-11-07,4,3,1
2015-11-07,0,0,0
2015-11-07,0,0,0
2015-11-07,1,0,1
2015-11-07,0,0,0
2015-11-07,0,0,0
2015-11-07,1,1,0
2015-11-07,4,1,3
2015-11-07,10,7,3
2015-11-07,3,3,0
2015-11-07,6,3,3
2015-11-07,6,4,2
2015-11-07,15,8,7
2015-11-07,10,4,6
2015-11-07,8,5,3
2015-11-07,7,4,3
2015-11-07,5,1,4
2015-11-07,4,4,0
2015-11-07,6,5,1
2015-11-07,2,1,1
2015-11-07,0,0,0
2015-11-07,5,4,1
2015-11-07,4,3,1
2015-11-07,0,0,0
2015-11-08,5,4,1
2015-11-08,1,0,1
2015-11-08,0,0,0
2015-11-08,1,0,1
2015-11-08,0,0,0
2015-11-08,0,0,0
2015-11-08,1,1,0
2015-11-08,3,2,1
2015-11-08,8,6,2
2015-11-08,3,1,2
2015-11-08,7,3,4
2015-11-08,3,3,0
2015-11-08,8,6,2
2015-11-08,10,3,7
2015-11-08,9,2,7
2015-11-08,13,9,4
2015-11-08,9,5,4
2015-11-08,9,7,2
2015-11-08,4,3,1
2015-11-08,4,4,0
2015-11-08,1,1,0
2015-11-08,2,1,1
2015-11-08,2,2,0
2015-11-08,5,3,2
2015-11-09,1,1,0
2015-11-09,0,0,0
2015-11-09,0,0,0
2015-11-09,0,0,0
2015-11-09,1,0,1
2015-11-09,10,5,5
2015-11-09,33,19,14
2015-11-09,48,28,20
2015-11-09,84,52,32
2015-11-09,53,28,25
2015-11-09,10,5,5
2015-11-09,16,7,9
2015-11-09,11,5,6
2015-11-09,15,11,4
2015-11-09,24,11,13
2015-11-09,42,33,9
2015-11-09,92,67,25
2015-11-09,99,63,36
2015-11-09,30,15,15
2015-11-09,14,7,7
2015-11-09,10,7,3
2015-11-09,9,5,4
2015-11-09,2,1,1
2015-11-09,3,1,2
2015-11-10,0,0,0
2015-11-10,3,1,2
2015-11-10,2,1,1
2015-11-10,0,0,0
2015-11-10,1,0,1
2015-11-10,7,2,5
2015-11-10,23,11,12
2015-11-10,77,51,26
2015-11-10,126,93,33
2015-11-10,62,30,32
2015-11-10,21,17,4
2015-11-10,27,14,13
2015-11-10,22,13,9
2015-11-10,19,11,8
2015-11-10,34,24,10
2015-11-10,51,34,17
2015-11-10,97,67,30
2015-11-10,133,86,47
2015-11-10,55,28,27
2015-11-10,22,12,10
2015-11-10,8,4,4
2015-11-10,12,9,3
2015-11-10,5,3,2
2015-11-10,2,2,0
2015-11-11,4,3,1
2015-11-11,1,1,0
2015-11-11,3,0,3
2015-11-11,1,1,0
2015-11-11,0,0,0
2015-11-11,11,3,8
2015-11-11,14,7,7
2015-11-11,43,26,17
2015-11-11,84,56,28
2015-11-11,45,29,16
2015-11-11,20,12,8
2015-11-11,33,20,13
2015-11-11,26,19,7
2015-11-11,25,14,11
2015-11-11,26,12,14
2015-11-11,42,27,15
2015-11-11,77,57,20
2015-11-11,91,65,26
2015-11-11,54,36,18
2015-11-11,18,10,8
2015-11-11,10,3,7
2015-11-11,10,4,6
2015-11-11,6,2,4
2015-11-11,5,4,1
2015-11-12,3,2,1
2015-11-12,0,0,0
2015-11-12,1,0,1
2015-11-12,1,1,0
2015-11-12,1,0,1
2015-11-12,6,0,6
2015-11-12,27,17,10
2015-11-12,59,40,19
2015-11-12,81,53,28
2015-11-12,33,17,16
2015-11-12,26,16,10
2015-11-12,27,17,10
2015-11-12,37,21,16
2015-11-12,19,10,9
2015-11-12,19,13,6
2015-11-12,35,25,10
2015-11-12,74,55,19
2015-11-12,88,56,32
2015-11-12,40,21,19
2015-11-12,16,11,5
2015-11-12,7,3,4
2015-11-12,9,7,2
2015-11-12,10,7,3
2015-11-12,4,2,2
2015-11-13,2,2,0
2015-11-13,0,0,0
2015-11-13,0,0,0
2015-11-13,0,0,0
2015-11-13,0,0,0
2015-11-13,2,0,2
2015-11-13,12,5,7
2015-11-13,27,18,9
2015-11-13,61,42,19
2015-11-13,31,21,10
2015-11-13,22,12,10
2015-11-13,26,15,11
2015-11-13,20,12,8
2015-11-13,20,9,11
2015-11-13,14,11,3
2015-11-13,21,17,4
2015-11-13,50,35,15
2015-11-13,63,43,20
2015-11-13,30,19,11
2015-11-13,10,6,4
2015-11-13,4,3,1
2015-11-13,4,2,2
2015-11-13,6,5,1
2015-11-13,2,2,0
2015-11-14,4,2,2
2015-11-14,1,0,1
2015-11-14,0,0,0
2015-11-14,0,0,0
2015-11-14,0,0,0
2015-11-14,0,0,0
2015-11-14,0,0,0
2015-11-14,1,1,0
2015-11-14,1,1,0
2015-11-14,1,0,1
2015-11-14,7,3,4
2015-11-14,8,5,3
2015-11-14,9,7,2
2015-11-14,11,8,3
2015-11-14,11,10,1
2015-11-14,9,6,3
2015-11-14,5,4,1
2015-11-14,10,7,3
2015-11-14,1,0,1
2015-11-14,4,4,0
2015-11-14,0,0,0
2015-11-14,1,1,0
2015-11-14,2,2,0
2015-11-14,2,0,2
2015-11-15,2,2,0
2015-11-15,0,0,0
2015-11-15,1,0,1
2015-11-15,0,0,0
2015-11-15,0,0,0
2015-11-15,0,0,0
2015-11-15,0,0,0
2015-11-15,2,1,1
2015-11-15,3,1,2
2015-11-15,4,3,1
2015-11-15,9,8,1
2015-11-15,9,8,1
2015-11-15,12,7,5
2015-11-15,10,4,6
2015-11-15,12,9,3
2015-11-15,14,11,3
2015-11-15,8,7,1
2015-11-15,11,8,3
2015-11-15,4,2,2
2015-11-15,1,1,0
2015-11-15,6,4,2
2015-11-15,18,5,13
2015-11-15,9,1,8
2015-11-15,4,2,2
2015-11-16,2,1,1
2015-11-16,0,0,0
2015-11-16,0,0,0
2015-11-16,0,0,0
2015-11-16,2,1,1
2015-11-16,6,2,4
2015-11-16,26,13,13
2015-11-16,52,35,17
2015-11-16,82,52,30
2015-11-16,44,22,22
2015-11-16,24,11,13
2015-11-16,26,16,10
2015-11-16,25,12,13
2015-11-16,16,10,6
2015-11-16,18,7,11
2015-11-16,31,20,11
2015-11-16,55,41,14
2015-11-16,97,76,21
2015-11-16,56,28,28
2015-11-16,14,8,6
2015-11-16,7,5,2
2015-11-16,12,9,3
2015-11-16,4,2,2
2015-11-16,0,0,0
2015-11-17,1,1,0
2015-11-17,0,0,0
2015-11-17,1,0,1
2015-11-17,0,0,0
2015-11-17,0,0,0
2015-11-17,5,0,5
2015-11-17,18,7,11
2015-11-17,44,30,14
2015-11-17,61,43,18
2015-11-17,30,14,16
2015-11-17,12,8,4
2015-11-17,13,10,3
2015-11-17,15,10,5
2015-11-17,18,11,7
2015-11-17,11,6,5
2015-11-17,36,27,9
2015-11-17,54,37,17
2015-11-17,70,52,18
2015-11-17,25,11,14
2015-11-17,19,10,9
2015-11-17,2,2,0
2015-11-17,5,2,3
2015-11-17,3,2,1
2015-11-17,1,0,1
2015-11-18,2,2,0
2015-11-18,0,0,0
2015-11-18,3,2,1
2015-11-18,0,0,0
2015-11-18,0,0,0
2015-11-18,8,3,5
2015-11-18,29,14,15
2015-11-18,44,26,18
2015-11-18,99,71,28
2015-11-18,38,27,11
2015-11-18,28,14,14
2015-11-18,29,24,5
2015-11-18,22,10,12
2015-11-18,28,16,12
2015-11-18,28,12,16
2015-11-18,45,36,9
2015-11-18,84,60,24
2015-11-18,114,82,32
2015-11-18,50,32,18
2015-11-18,22,11,11
2015-11-18,10,6,4
2015-11-18,7,5,2
2015-11-18,3,2,1
2015-11-18,0,0,0
2015-11-19,3,1,2
2015-11-19,1,0,1
2015-11-19,15,4,11
2015-11-19,0,0,0
2015-11-19,1,0,1
2015-11-19,7,2,5
2015-11-19,20,6,14
2015-11-19,59,38,21
2015-11-19,96,67,29
2015-11-19,44,25,19
2015-11-19,24,13,11
2015-11-19,24,13,11
2015-11-19,29,20,9
2015-11-19,19,12,7
2015-11-19,28,16,12
2015-11-19,50,29,21
2015-11-19,87,59,28
2015-11-19,129,92,37
2015-11-19,48,31,17
2015-11-19,21,9,12
2015-11-19,11,9,2
2015-11-19,10,9,1
2015-11-19,9,6,3
2015-11-19,3,3,0
2015-11-20,4,2,2
2015-11-20,0,0,0
2015-11-20,1,1,0
2015-11-20,0,0,0
2015-11-20,1,0,1
2015-11-20,6,2,4
2015-11-20,21,9,12
2015-11-20,39,22,17
2015-11-20,76,51,25
2015-11-20,35,18,17
2015-11-20,24,16,8
2015-11-20,27,15,12
2015-11-20,20,11,9
2015-11-20,27,22,5
2015-11-20,29,18,11
2015-11-20,47,32,15
2015-11-20,68,51,17
2015-11-20,84,58,26
2015-11-20,29,21,8
2015-11-20,21,10,11
2015-11-20,12,7,5
2015-11-20,7,2,5
2015-11-20,5,5,0
2015-11-20,1,0,1
2015-11-21,5,4,1
2015-11-21,0,0,0
2015-11-21,0,0,0
2015-11-21,0,0,0
2015-11-21,0,0,0
2015-11-21,0,0,0
2015-11-21,1,1,0
2015-11-21,1,0,1
2015-11-21,6,4,2
2015-11-21,4,3,1
2015-11-21,10,5,5
2015-11-21,12,9,3
2015-11-21,39,28,11
2015-11-21,16,8,8
2015-11-21,13,7,6
2015-11-21,22,10,12
2015-11-21,14,7,7
2015-11-21,7,6,1
2015-11-21,13,7,6
2015-11-21,4,3,1
2015-11-21,3,2,1
2015-11-21,2,1,1
2015-11-21,4,3,1
2015-11-21,2,1,1
2015-11-22,1,1,0
2015-11-22,0,0,0
2015-11-22,0,0,0
2015-11-22,1,1,0
2015-11-22,0,0,0
2015-11-22,0,0,0
2015-11-22,3,2,1
2015-11-22,5,3,2
2015-11-22,7,5,2
2015-11-22,2,2,0
2015-11-22,14,10,4
2015-11-22,14,10,4
2015-11-22,7,5,2
2015-11-22,18,12,6
2015-11-22,14,8,6
2015-11-22,8,4,4
2015-11-22,16,7,9
2015-11-22,13,8,5
2015-11-22,7,3,4
2015-11-22,6,5,1
2015-11-22,6,5,1
2015-11-22,1,1,0
2015-11-22,0,0,0
2015-11-22,3,2,1
2015-11-23,1,0,1
2015-11-23,2,0,2
2015-11-23,0,0,0
2015-11-23,0,0,0
2015-11-23,2,2,0
2015-11-23,3,1,2
2015-11-23,21,9,12
2015-11-23,42,31,11
2015-11-23,86,59,27
2015-11-23,40,22,18
2015-11-23,18,8,10
2015-11-23,16,9,7
2015-11-23,15,8,7
2015-11-23,18,12,6
2015-11-23,24,17,7
2015-11-23,33,22,11
2015-11-23,66,49,17
2015-11-23,91,64,27
2015-11-23,38,17,21
2015-11-23,10,6,4
2015-11-23,8,4,4
2015-11-23,7,5,2
2015-11-23,1,1,0
2015-11-23,2,0,2
2015-11-24,1,1,0
2015-11-24,0,0,0
2015-11-24,1,0,1
2015-11-24,0,0,0
2015-11-24,1,1,0
2015-11-24,3,1,2
2015-11-24,20,10,10
2015-11-24,38,22,16
2015-11-24,58,42,16
2015-11-24,33,20,13
2015-11-24,15,8,7
2015-11-24,25,9,16
2015-11-24,19,11,8
2015-11-24,16,8,8
2015-11-24,17,11,6
2015-11-24,34,28,6
2015-11-24,58,42,16
2015-11-24,86,62,24
2015-11-24,26,13,13
2015-11-24,16,10,6
2015-11-24,5,4,1
2015-11-24,3,3,0
2015-11-24,3,2,1
2015-11-24,1,1,0
2015-11-25,4,2,2
2015-11-25,0,0,0
2015-11-25,2,0,2
2015-11-25,0,0,0
2015-11-25,0,0,0
2015-11-25,4,1,3
2015-11-25,11,6,5
2015-11-25,32,25,7
2015-11-25,54,36,18
2015-11-25,27,14,13
2015-11-25,23,12,11
2015-11-25,19,12,7
2015-11-25,20,11,9
2015-11-25,24,16,8
2015-11-25,55,36,19
2015-11-25,46,31,15
2015-11-25,50,39,11
2015-11-25,41,27,14
2015-11-25,16,12,4
2015-11-25,7,6,1
2015-11-25,5,4,1
2015-11-25,6,2,4
2015-11-25,0,0,0
2015-11-25,3,2,1
2015-11-26,0,0,0
2015-11-26,0,0,0
2015-11-26,1,1,0
2015-11-26,0,0,0
2015-11-26,0,0,0
2015-11-26,1,1,0
2015-11-26,2,2,0
2015-11-26,1,1,0
2015-11-26,0,0,0
2015-11-26,4,2,2
2015-11-26,4,0,4
2015-11-26,2,0,2
2015-11-26,0,0,0
2015-11-26,4,1,3
2015-11-26,2,2,0
2015-11-26,3,1,2
2015-11-26,4,1,3
2015-11-26,0,0,0
2015-11-26,1,0,1
2015-11-26,2,1,1
2015-11-26,0,0,0
2015-11-26,2,0,2
2015-11-26,3,2,1
2015-11-26,2,0,2
2015-11-27,1,1,0
2015-11-27,1,1,0
2015-11-27,1,0,1
2015-11-27,0,0,0
2015-11-27,0,0,0
2015-11-27,3,0,3
2015-11-27,1,1,0
2015-11-27,4,3,1
2015-11-27,7,3,4
2015-11-27,2,2,0
2015-11-27,6,2,4
2015-11-27,4,4,0
2015-11-27,10,6,4
2015-11-27,7,7,0
2015-11-27,10,10,0
2015-11-27,5,5,0
2015-11-27,10,10,0
2015-11-27,6,6,0
2015-11-27,9,9,0
2015-11-27,1,1,0
2015-11-27,1,1,0
2015-11-27,1,1,0
2015-11-27,2,2,0
2015-11-27,0,0,0
2015-11-28,1,1,0
2015-11-28,0,0,0
2015-11-28,0,0,0
2015-11-28,0,0,0
2015-11-28,0,0,0
2015-11-28,0,0,0
2015-11-28,0,0,0
2015-11-28,0,0,0
2015-11-28,2,2,0
2015-11-28,3,3,0
2015-11-28,6,6,0
2015-11-28,3,3,0
2015-11-28,5,5,0
2015-11-28,5,5,0
2015-11-28,6,6,0
2015-11-28,10,10,0
2015-11-28,8,8,0
2015-11-28,3,3,0
2015-11-28,5,5,0
2015-11-28,2,2,0
2015-11-28,1,1,0
2015-11-28,1,1,0
2015-11-28,3,3,0
2015-11-28,0,0,0
2015-11-29,0,0,0
2015-11-29,0,0,0
2015-11-29,2,2,0
2015-11-29,0,0,0
2015-11-29,0,0,0
2015-11-29,0,0,0
2015-11-29,1,1,0
2015-11-29,0,0,0
2015-11-29,5,5,0
2015-11-29,0,0,0
2015-11-29,4,4,0
2015-11-29,7,7,0
2015-11-29,9,9,0
2015-11-29,8,8,0
2015-11-29,3,2,1
2015-11-29,10,10,0
2015-11-29,3,3,0
2015-11-29,9,9,0
2015-11-29,5,5,0
2015-11-29,2,2,0
2015-11-29,1,1,0
2015-11-29,2,2,0
2015-11-29,0,0,0
2015-11-29,0,0,0
2015-11-30,1,1,0
2015-11-30,0,0,0
2015-11-30,0,0,0
2015-11-30,0,0,0
2015-11-30,0,0,0
2015-11-30,0,0,0
2015-11-30,4,4,0
2015-11-30,25,25,0
2015-11-30,40,40,0
2015-11-30,22,21,1
2015-11-30,8,8,0
2015-11-30,13,12,1
2015-11-30,7,5,2
2015-11-30,16,16,0
2015-11-30,10,10,0
2015-11-30,22,21,1
2015-11-30,36,36,0
2015-11-30,45,45,0
2015-11-30,12,12,0
2015-11-30,2,2,0
2015-11-30,0,0,0
2015-11-30,2,2,0
2015-11-30,0,0,0
2015-11-30,1,1,0
2015-12-01,1,1,0
2015-12-01,0,0,0
2015-12-01,0,0,0
2015-12-01,0,0,0
2015-12-01,0,0,0
2015-12-01,1,1,0
2015-12-01,7,7,0
2015-12-01,30,30,0
2015-12-01,39,39,0
2015-12-01,19,18,1
2015-12-01,8,8,0
2015-12-01,10,10,0
2015-12-01,6,6,0
2015-12-01,20,13,7
2015-12-01,28,17,11
2015-12-01,42,32,10
2015-12-01,77,62,15
2015-12-01,101,67,34
2015-12-01,27,16,11
2015-12-01,14,8,6
2015-12-01,5,3,2
2015-12-01,3,2,1
2015-12-01,5,2,3
2015-12-01,0,0,0
2015-12-02,4,3,1
2015-12-02,1,0,1
2015-12-02,1,0,1
2015-12-02,1,0,1
2015-12-02,2,0,2
2015-12-02,4,2,2
2015-12-02,28,15,13
2015-12-02,44,28,16
2015-12-02,84,51,33
2015-12-02,40,27,13
2015-12-02,22,12,10
2015-12-02,14,10,4
2015-12-02,17,8,9
2015-12-02,20,17,3
2015-12-02,19,8,11
2015-12-02,46,30,16
2015-12-02,67,52,15
2015-12-02,101,70,31
2015-12-02,48,27,21
2015-12-02,18,12,6
2015-12-02,14,7,7
2015-12-02,5,4,1
2015-12-02,0,0,0
2015-12-02,3,0,3
2015-12-03,2,2,0
2015-12-03,0,0,0
2015-12-03,1,0,1
2015-12-03,0,0,0
2015-12-03,2,0,2
2015-12-03,9,5,4
2015-12-03,22,13,9
2015-12-03,43,28,15
2015-12-03,55,38,17
2015-12-03,27,11,16
2015-12-03,25,8,17
2015-12-03,19,11,8
2015-12-03,20,11,9
2015-12-03,16,9,7
2015-12-03,28,20,8
2015-12-03,24,19,5
2015-12-03,57,40,17
2015-12-03,78,60,18
2015-12-03,35,24,11
2015-12-03,20,8,12
2015-12-03,8,3,5
2015-12-03,7,5,2
2015-12-03,9,5,4
2015-12-03,4,3,1
2015-12-04,1,1,0
2015-12-04,1,0,1
2015-12-04,1,0,1
2015-12-04,1,1,0
2015-12-04,3,2,1
2015-12-04,4,2,2
2015-12-04,19,11,8
2015-12-04,32,26,6
2015-12-04,68,43,25
2015-12-04,40,23,17
2015-12-04,32,17,15
2015-12-04,18,12,6
2015-12-04,21,11,10
2015-12-04,25,15,10
2015-12-04,25,13,12
2015-12-04,43,31,12
2015-12-04,59,30,29
2015-12-04,87,63,24
2015-12-04,29,22,7
2015-12-04,11,8,3
2015-12-04,6,5,1
2015-12-04,6,3,3
2015-12-04,9,2,7
2015-12-04,4,2,2
2015-12-05,4,3,1
2015-12-05,2,2,0
2015-12-05,3,1,2
2015-12-05,0,0,0
2015-12-05,1,1,0
2015-12-05,0,0,0
2015-12-05,1,0,1
2015-12-05,1,0,1
2015-12-05,5,3,2
2015-12-05,5,4,1
2015-12-05,0,0,0
2015-12-05,3,3,0
2015-12-05,9,6,3
2015-12-05,4,0,4
2015-12-05,4,4,0
2015-12-05,5,2,3
2015-12-05,7,7,0
2015-12-05,6,4,2
2015-12-05,5,4,1
2015-12-05,5,2,3
2015-12-05,3,3,0
2015-12-05,1,1,0
2015-12-05,4,1,3
2015-12-05,1,1,0
2015-12-06,2,2,0
2015-12-06,0,0,0
2015-12-06,0,0,0
2015-12-06,0,0,0
2015-12-06,0,0,0
2015-12-06,0,0,0
2015-12-06,0,0,0
2015-12-06,0,0,0
2015-12-06,2,1,1
2015-12-06,5,4,1
2015-12-06,2,0,2
2015-12-06,7,5,2
2015-12-06,7,5,2
2015-12-06,5,3,2
2015-12-06,5,3,2
2015-12-06,6,3,3
2015-12-06,4,3,1
2015-12-06,6,4,2
2015-12-06,0,0,0
2015-12-06,6,2,4
2015-12-06,0,0,0
2015-12-06,2,2,0
2015-12-06,0,0,0
2015-12-06,1,0,1
2015-12-07,0,0,0
2015-12-07,0,0,0
2015-12-07,0,0,0
2015-12-07,0,0,0
2015-12-07,1,0,1
2015-12-07,5,2,3
2015-12-07,22,11,11
2015-12-07,45,31,14
2015-12-07,68,41,27
2015-12-07,32,17,15
2015-12-07,9,4,5
2015-12-07,12,7,5
2015-12-07,17,10,7
2015-12-07,11,5,6
2015-12-07,18,8,10
2015-12-07,26,21,5
2015-12-07,47,40,7
2015-12-07,90,62,28
2015-12-07,32,20,12
2015-12-07,17,8,9
2015-12-07,10,6,4
2015-12-07,7,6,1
2015-12-07,6,3,3
2015-12-07,1,1,0
2015-12-08,0,0,0
2015-12-08,2,1,1
2015-12-08,1,0,1
2015-12-08,0,0,0
2015-12-08,0,0,0
2015-12-08,4,2,2
2015-12-08,18,6,12
2015-12-08,29,15,14
2015-12-08,67,41,26
2015-12-08,34,19,15
2015-12-08,12,6,6
2015-12-08,7,4,3
2015-12-08,21,7,14
2015-12-08,13,6,7
2015-12-08,16,8,8
2015-12-08,31,24,7
2015-12-08,45,33,12
2015-12-08,74,46,28
2015-12-08,28,21,7
2015-12-08,15,7,8
2015-12-08,8,6,2
2015-12-08,1,0,1
2015-12-08,3,1,2
2015-12-08,1,0,1
2015-12-09,1,1,0
2015-12-09,0,0,0
2015-12-09,1,0,1
2015-12-09,0,0,0
2015-12-09,0,0,0
2015-12-09,2,1,1
2015-12-09,16,5,11
2015-12-09,24,15,9
2015-12-09,62,42,20
2015-12-09,33,20,13
2015-12-09,31,17,14
2015-12-09,22,9,13
2015-12-09,25,11,14
2015-12-09,19,17,2
2015-12-09,28,20,8
2015-12-09,37,24,13
2015-12-09,55,41,14
2015-12-09,83,64,19
2015-12-09,40,23,17
2015-12-09,13,9,4
2015-12-09,7,4,3
2015-12-09,7,5,2
2015-12-09,4,1,3
2015-12-09,1,0,1
2015-12-10,2,1,1
2015-12-10,0,0,0
2015-12-10,2,1,1
2015-12-10,0,0,0
2015-12-10,0,0,0
2015-12-10,3,2,1
2015-12-10,13,7,6
2015-12-10,37,25,12
2015-12-10,63,36,27
2015-12-10,34,22,12
2015-12-10,13,5,8
2015-12-10,13,9,4
2015-12-10,11,3,8
2015-12-10,13,9,4
2015-12-10,17,9,8
2015-12-10,22,13,9
2015-12-10,47,27,20
2015-12-10,69,54,15
2015-12-10,26,15,11
2015-12-10,12,8,4
2015-12-10,6,4,2
2015-12-10,6,5,1
2015-12-10,1,1,0
2015-12-10,2,1,1
2015-12-11,2,1,1
2015-12-11,0,0,0
2015-12-11,3,2,1
2015-12-11,0,0,0
2015-12-11,1,0,1
2015-12-11,2,1,1
2015-12-11,14,8,6
2015-12-11,35,20,15
2015-12-11,58,38,20
2015-12-11,39,23,16
2015-12-11,26,12,14
2015-12-11,16,13,3
2015-12-11,25,18,7
2015-12-11,23,11,12
2015-12-11,23,16,7
2015-12-11,39,29,10
2015-12-11,53,40,13
2015-12-11,68,48,20
2015-12-11,34,24,10
2015-12-11,16,10,6
2015-12-11,3,2,1
2015-12-11,4,3,1
2015-12-11,4,3,1
2015-12-11,4,2,2
2015-12-12,5,5,0
2015-12-12,1,0,1
2015-12-12,1,0,1
2015-12-12,2,1,1
2015-12-12,0,0,0
2015-12-12,0,0,0
2015-12-12,1,0,1
2015-12-12,0,0,0
2015-12-12,5,3,2
2015-12-12,4,2,2
2015-12-12,3,2,1
2015-12-12,2,2,0
2015-12-12,4,4,0
2015-12-12,3,2,1
2015-12-12,3,1,2
2015-12-12,8,3,5
2015-12-12,10,6,4
2015-12-12,4,3,1
2015-12-12,4,3,1
2015-12-12,2,0,2
2015-12-12,3,3,0
2015-12-12,4,4,0
2015-12-12,0,0,0
2015-12-12,2,1,1
2015-12-13,4,4,0
2015-12-13,2,2,0
2015-12-13,1,0,1
2015-12-13,1,0,1
2015-12-13,0,0,0
2015-12-13,1,0,1
2015-12-13,2,0,2
2015-12-13,0,0,0
2015-12-13,2,1,1
2015-12-13,3,2,1
2015-12-13,3,1,2
2015-12-13,0,0,0
2015-12-13,4,3,1
2015-12-13,2,2,0
2015-12-13,5,5,0
2015-12-13,2,1,1
2015-12-13,2,2,0
2015-12-13,5,4,1
2015-12-13,3,2,1
2015-12-13,1,1,0
2015-12-13,1,1,0
2015-12-13,2,2,0
2015-12-13,1,0,1
2015-12-13,1,1,0
2015-12-14,1,0,1
2015-12-14,0,0,0
2015-12-14,0,0,0
2015-12-14,0,0,0
2015-12-14,2,1,1
2015-12-14,6,2,4
2015-12-14,22,12,10
2015-12-14,59,38,21
2015-12-14,79,50,29
2015-12-14,40,25,15
2015-12-14,20,14,6
2015-12-14,21,15,6
2015-12-14,18,9,9
2015-12-14,17,15,2
2015-12-14,23,10,13
2015-12-14,35,24,11
2015-12-14,85,55,30
2015-12-14,87,59,28
2015-12-14,45,26,19
2015-12-14,25,14,11
2015-12-14,5,2,3
2015-12-14,8,7,1
2015-12-14,6,5,1
2015-12-14,1,1,0
2015-12-15,3,3,0
2015-12-15,1,1,0
2015-12-15,2,1,1
2015-12-15,0,0,0
2015-12-15,2,0,2
2015-12-15,7,2,5
2015-12-15,20,9,11
2015-12-15,47,36,11
2015-12-15,73,48,25
2015-12-15,45,24,21
2015-12-15,13,9,4
2015-12-15,22,16,6
2015-12-15,20,11,9
2015-12-15,27,15,12
2015-12-15,24,15,9
2015-12-15,45,32,13
2015-12-15,58,46,12
2015-12-15,109,74,35
2015-12-15,55,41,14
2015-12-15,17,9,8
2015-12-15,5,4,1
2015-12-15,5,2,3
2015-12-15,2,1,1
2015-12-15,0,0,0
2015-12-16,3,3,0
2015-12-16,0,0,0
2015-12-16,1,0,1
2015-12-16,0,0,0
2015-12-16,1,0,1
2015-12-16,6,2,4
2015-12-16,20,10,10
2015-12-16,37,28,9
2015-12-16,71,46,25
2015-12-16,45,29,16
2015-12-16,29,18,11
2015-12-16,17,6,11
2015-12-16,17,8,9
2015-12-16,27,19,8
2015-12-16,20,8,12
2015-12-16,36,25,11
2015-12-16,67,52,15
2015-12-16,91,63,28
2015-12-16,34,23,11
2015-12-16,21,12,9
2015-12-16,13,5,8
2015-12-16,4,2,2
2015-12-16,6,2,4
2015-12-16,2,1,1
2015-12-17,3,3,0
2015-12-17,0,0,0
2015-12-17,2,0,2
2015-12-17,0,0,0
2015-12-17,1,0,1
2015-12-17,7,4,3
2015-12-17,18,8,10
2015-12-17,29,21,8
2015-12-17,50,31,19
2015-12-17,31,22,9
2015-12-17,16,12,4
2015-12-17,8,5,3
2015-12-17,15,7,8
2015-12-17,14,9,5
2015-12-17,15,5,10
2015-12-17,36,24,12
2015-12-17,39,27,12
2015-12-17,82,61,21
2015-12-17,33,22,11
2015-12-17,15,11,4
2015-12-17,5,4,1
2015-12-17,8,6,2
2015-12-17,6,4,2
2015-12-17,1,1,0
2015-12-18,0,0,0
2015-12-18,1,1,0
2015-12-18,1,0,1
2015-12-18,0,0,0
2015-12-18,1,0,1
2015-12-18,3,2,1
2015-12-18,14,5,9
2015-12-18,27,19,8
2015-12-18,53,34,19
2015-12-18,35,20,15
2015-12-18,16,10,6
2015-12-18,18,5,13
2015-12-18,16,9,7
2015-12-18,30,21,9
2015-12-18,26,12,14
2015-12-18,32,23,9
2015-12-18,52,35,17
2015-12-18,54,35,19
2015-12-18,17,13,4
2015-12-18,12,5,7
2015-12-18,12,7,5
2015-12-18,3,3,0
2015-12-18,2,2,0
2015-12-18,3,1,2
2015-12-19,1,1,0
2015-12-19,0,0,0
2015-12-19,1,0,1
2015-12-19,0,0,0
2015-12-19,0,0,0
2015-12-19,0,0,0
2015-12-19,4,1,3
2015-12-19,2,2,0
2015-12-19,2,1,1
2015-12-19,4,2,2
2015-12-19,14,6,8
2015-12-19,9,6,3
2015-12-19,12,10,2
2015-12-19,6,4,2
2015-12-19,23,13,10
2015-12-19,10,5,5
2015-12-19,9,8,1
2015-12-19,7,6,1
2015-12-19,4,1,3
2015-12-19,8,4,4
2015-12-19,4,3,1
2015-12-19,3,3,0
2015-12-19,4,3,1
2015-12-19,1,0,1
2015-12-20,3,3,0
2015-12-20,0,0,0
2015-12-20,3,3,0
2015-12-20,0,0,0
2015-12-20,4,3,1
2015-12-20,1,0,1
2015-12-20,0,0,0
2015-12-20,2,1,1
2015-12-20,4,3,1
2015-12-20,3,2,1
2015-12-20,3,0,3
2015-12-20,12,8,4
2015-12-20,17,10,7
2015-12-20,6,3,3
2015-12-20,16,12,4
2015-12-20,10,4,6
2015-12-20,12,4,8
2015-12-20,14,7,7
2015-12-20,10,5,5
2015-12-20,5,4,1
2015-12-20,5,3,2
2015-12-20,2,2,0
2015-12-20,1,1,0
2015-12-20,3,2,1
2015-12-21,2,1,1
2015-12-21,0,0,0
2015-12-21,0,0,0
2015-12-21,1,0,1
2015-12-21,1,0,1
2015-12-21,5,2,3
2015-12-21,11,5,6
2015-12-21,24,17,7
2015-12-21,44,31,13
2015-12-21,25,10,15
2015-12-21,11,6,5
2015-12-21,21,9,12
2015-12-21,7,4,3
2015-12-21,6,4,2
2015-12-21,16,11,5
2015-12-21,30,21,9
2015-12-21,34,28,6
2015-12-21,58,42,16
2015-12-21,22,14,8
2015-12-21,7,3,4
2015-12-21,7,4,3
2015-12-21,6,6,0
2015-12-21,2,0,2
2015-12-21,1,1,0
2015-12-22,1,1,0
2015-12-22,0,0,0
2015-12-22,1,0,1
2015-12-22,0,0,0
2015-12-22,1,0,1
2015-12-22,6,3,3
2015-12-22,14,9,5
2015-12-22,23,13,10
2015-12-22,51,32,19
2015-12-22,34,19,15
2015-12-22,14,8,6
2015-12-22,16,12,4
2015-12-22,11,5,6
2015-12-22,27,19,8
2015-12-22,23,9,14
2015-12-22,29,20,9
2015-12-22,65,45,20
2015-12-22,73,47,26
2015-12-22,32,19,13
2015-12-22,8,3,5
2015-12-22,3,2,1
2015-12-22,3,1,2
2015-12-22,2,1,1
2015-12-22,0,0,0
2015-12-23,2,2,0
2015-12-23,2,2,0
2015-12-23,1,0,1
2015-12-23,1,1,0
2015-12-23,0,0,0
2015-12-23,7,4,3
2015-12-23,9,4,5
2015-12-23,8,6,2
2015-12-23,33,21,12
2015-12-23,23,14,9
2015-12-23,7,4,3
2015-12-23,13,8,5
2015-12-23,12,11,1
2015-12-23,13,7,6
2015-12-23,14,9,5
2015-12-23,21,16,5
2015-12-23,40,26,14
2015-12-23,45,26,19
2015-12-23,14,8,6
2015-12-23,2,0,2
2015-12-23,1,1,0
2015-12-23,2,2,0
2015-12-23,2,1,1
2015-12-23,1,1,0
2015-12-24,1,1,0
2015-12-24,0,0,0
2015-12-24,1,0,1
2015-12-24,0,0,0
2015-12-24,0,0,0
2015-12-24,4,3,1
2015-12-24,2,0,2
2015-12-24,6,4,2
2015-12-24,11,8,3
2015-12-24,12,6,6
2015-12-24,12,5,7
2015-12-24,11,9,2
2015-12-24,20,10,10
2015-12-24,24,14,10
2015-12-24,8,4,4
2015-12-24,6,3,3
2015-12-24,18,14,4
2015-12-24,4,2,2
2015-12-24,3,1,2
2015-12-24,1,0,1
2015-12-24,1,1,0
2015-12-24,2,2,0
2015-12-24,1,0,1
2015-12-24,1,1,0
2015-12-25,1,0,1
2015-12-25,0,0,0
2015-12-25,0,0,0
2015-12-25,1,1,0
2015-12-25,0,0,0
2015-12-25,0,0,0
2015-12-25,0,0,0
2015-12-25,0,0,0
2015-12-25,0,0,0
2015-12-25,2,1,1
2015-12-25,2,1,1
2015-12-25,1,1,0
2015-12-25,8,6,2
2015-12-25,2,1,1
2015-12-25,6,5,1
2015-12-25,2,2,0
2015-12-25,2,1,1
2015-12-25,1,1,0
2015-12-25,2,2,0
2015-12-25,0,0,0
2015-12-25,0,0,0
2015-12-25,0,0,0
2015-12-25,1,0,1
2015-12-25,1,0,1
2015-12-26,0,0,0
2015-12-26,0,0,0
2015-12-26,1,1,0
2015-12-26,0,0,0
2015-12-26,0,0,0
2015-12-26,0,0,0
2015-12-26,1,0,1
2015-12-26,1,1,0
2015-12-26,1,0,1
2015-12-26,6,4,2
2015-12-26,4,3,1
2015-12-26,7,5,2
2015-12-26,10,8,2
2015-12-26,6,3,3
2015-12-26,10,9,1
2015-12-26,10,8,2
2015-12-26,6,5,1
2015-12-26,6,4,2
2015-12-26,2,1,1
2015-12-26,2,1,1
2015-12-26,1,1,0
2015-12-26,1,1,0
2015-12-26,3,2,1
2015-12-26,2,1,1
2015-12-27,2,2,0
2015-12-27,1,1,0
2015-12-27,0,0,0
2015-12-27,0,0,0
2015-12-27,1,1,0
2015-12-27,0,0,0
2015-12-27,2,2,0
2015-12-27,2,2,0
2015-12-27,3,3,0
2015-12-27,0,0,0
2015-12-27,2,2,0
2015-12-27,7,4,3
2015-12-27,3,3,0
2015-12-27,1,1,0
2015-12-27,3,1,2
2015-12-27,1,0,1
2015-12-27,9,4,5
2015-12-27,6,0,6
2015-12-27,4,3,1
2015-12-27,7,4,3
2015-12-27,0,0,0
2015-12-27,3,2,1
2015-12-27,0,0,0
2015-12-27,0,0,0
2015-12-28,0,0,0
2015-12-28,1,1,0
2015-12-28,0,0,0
2015-12-28,0,0,0
2015-12-28,0,0,0
2015-12-28,2,2,0
2015-12-28,8,3,5
2015-12-28,14,8,6
2015-12-28,40,24,16
2015-12-28,26,12,14
2015-12-28,10,8,2
2015-12-28,10,6,4
2015-12-28,12,7,5
2015-12-28,14,10,4
2015-12-28,16,7,9
2015-12-28,28,20,8
2015-12-28,23,12,11
2015-12-28,41,26,15
2015-12-28,20,8,12
2015-12-28,4,0,4
2015-12-28,1,0,1
2015-12-28,7,5,2
2015-12-28,2,2,0
2015-12-28,1,1,0
2015-12-29,2,2,0
2015-12-29,0,0,0
2015-12-29,1,0,1
2015-12-29,0,0,0
2015-12-29,0,0,0
2015-12-29,8,3,5
2015-12-29,11,5,6
2015-12-29,33,20,13
2015-12-29,48,32,16
2015-12-29,19,9,10
2015-12-29,14,5,9
2015-12-29,16,10,6
2015-12-29,12,6,6
2015-12-29,9,6,3
2015-12-29,11,6,5
2015-12-29,31,23,8
2015-12-29,33,26,7
2015-12-29,57,43,14
2015-12-29,27,14,13
2015-12-29,3,2,1
2015-12-29,3,2,1
2015-12-29,4,4,0
2015-12-29,6,5,1
2015-12-29,2,1,1
2015-12-30,5,3,2
2015-12-30,1,1,0
2015-12-30,1,0,1
2015-12-30,0,0,0
2015-12-30,0,0,0
2015-12-30,5,2,3
2015-12-30,13,7,6
2015-12-30,23,16,7
2015-12-30,29,17,12
2015-12-30,23,12,11
2015-12-30,23,13,10
2015-12-30,15,10,5
2015-12-30,19,5,14
2015-12-30,16,9,7
2015-12-30,14,10,4
2015-12-30,30,24,6
2015-12-30,40,27,13
2015-12-30,63,36,27
2015-12-30,21,10,11
2015-12-30,9,5,4
2015-12-30,3,0,3
2015-12-30,3,3,0
2015-12-30,3,2,1
2015-12-30,3,2,1
2015-12-31,1,0,1
2015-12-31,1,0,1
2015-12-31,1,0,1
2015-12-31,0,0,0
2015-12-31,1,1,0
2015-12-31,2,1,1
2015-12-31,9,3,6
2015-12-31,12,8,4
2015-12-31,29,16,13
2015-12-31,19,11,8
2015-12-31,12,8,4
2015-12-31,15,9,6
2015-12-31,18,11,7
2015-12-31,28,19,9
2015-12-31,27,17,10
2015-12-31,34,23,11
2015-12-31,24,13,11
2015-12-31,18,10,8
2015-12-31,13,5,8
2015-12-31,11,7,4
2015-12-31,2,1,1
2015-12-31,7,4,3
2015-12-31,2,1,1
2015-12-31,0,0,0
2016-01-01,5,5,0
2016-01-01,0,0,0
2016-01-01,6,4,2
2016-01-01,0,0,0
2016-01-01,2,2,0
2016-01-01,0,0,0
2016-01-01,0,0,0
2016-01-01,0,0,0
2016-01-01,2,0,2
2016-01-01,1,1,0
2016-01-01,5,3,2
2016-01-01,4,4,0
2016-01-01,7,4,3
2016-01-01,7,4,3
2016-01-01,19,15,4
2016-01-01,10,8,2
2016-01-01,9,4,5
2016-01-01,4,2,2
2016-01-01,2,1,1
2016-01-01,3,3,0
2016-01-01,1,1,0
2016-01-01,0,0,0
2016-01-01,1,1,0
2016-01-01,0,0,0
2016-01-02,1,0,1
2016-01-02,3,3,0
2016-01-02,1,1,0
2016-01-02,0,0,0
2016-01-02,0,0,0
2016-01-02,0,0,0
2016-01-02,1,0,1
2016-01-02,2,0,2
2016-01-02,2,0,2
2016-01-02,3,3,0
2016-01-02,3,3,0
2016-01-02,12,11,1
2016-01-02,14,10,4
2016-01-02,8,4,4
2016-01-02,6,2,4
2016-01-02,9,4,5
2016-01-02,4,1,3
2016-01-02,12,6,6
2016-01-02,3,2,1
2016-01-02,3,2,1
2016-01-02,5,5,0
2016-01-02,1,1,0
2016-01-02,4,2,2
2016-01-02,0,0,0
2016-01-03,1,1,0
2016-01-03,1,1,0
2016-01-03,0,0,0
2016-01-03,1,1,0
2016-01-03,0,0,0
2016-01-03,0,0,0
2016-01-03,0,0,0
2016-01-03,1,0,1
2016-01-03,0,0,0
2016-01-03,4,2,2
2016-01-03,2,2,0
2016-01-03,7,0,7
2016-01-03,5,3,2
2016-01-03,4,3,1
2016-01-03,6,3,3
2016-01-03,3,1,2
2016-01-03,8,8,0
2016-01-03,5,3,2
2016-01-03,5,5,0
2016-01-03,4,4,0
2016-01-03,0,0,0
2016-01-03,4,2,2
2016-01-03,0,0,0
2016-01-03,1,1,0
2016-01-04,0,0,0
2016-01-04,0,0,0
2016-01-04,0,0,0
2016-01-04,0,0,0
2016-01-04,0,0,0
2016-01-04,4,1,3
2016-01-04,12,4,8
2016-01-04,33,18,15
2016-01-04,61,47,14
2016-01-04,33,16,17
2016-01-04,19,13,6
2016-01-04,12,9,3
2016-01-04,12,8,4
2016-01-04,14,9,5
2016-01-04,11,6,5
2016-01-04,33,25,8
2016-01-04,49,42,7
2016-01-04,83,55,28
2016-01-04,34,17,17
2016-01-04,9,5,4
2016-01-04,2,1,1
2016-01-04,7,3,4
2016-01-04,2,2,0
2016-01-04,0,0,0
2016-01-05,2,1,1
2016-01-05,0,0,0
2016-01-05,2,1,1
2016-01-05,1,1,0
2016-01-05,0,0,0
2016-01-05,9,4,5
2016-01-05,21,9,12
2016-01-05,52,34,18
2016-01-05,66,44,22
2016-01-05,39,21,18
2016-01-05,13,5,8
2016-01-05,15,9,6
2016-01-05,12,9,3
2016-01-05,18,11,7
2016-01-05,19,8,11
2016-01-05,33,23,10
2016-01-05,61,41,20
2016-01-05,87,67,20
2016-01-05,44,24,20
2016-01-05,15,11,4
2016-01-05,4,3,1
2016-01-05,4,3,1
2016-01-05,3,2,1
2016-01-05,0,0,0
2016-01-06,0,0,0
2016-01-06,0,0,0
2016-01-06,1,0,1
2016-01-06,0,0,0
2016-01-06,0,0,0
2016-01-06,10,4,6
2016-01-06,21,8,13
2016-01-06,61,40,21
2016-01-06,93,66,27
2016-01-06,44,26,18
2016-01-06,24,13,11
2016-01-06,15,8,7
2016-01-06,11,3,8
2016-01-06,17,6,11
2016-01-06,19,6,13
2016-01-06,44,28,16
2016-01-06,73,56,17
2016-01-06,104,77,27
2016-01-06,41,23,18
2016-01-06,13,9,4
2016-01-06,8,7,1
2016-01-06,4,2,2
2016-01-06,7,3,4
2016-01-06,1,1,0
2016-01-07,1,1,0
2016-01-07,1,1,0
2016-01-07,1,0,1
2016-01-07,0,0,0
2016-01-07,1,0,1
2016-01-07,5,0,5
2016-01-07,25,15,10
2016-01-07,49,29,20
2016-01-07,81,56,25
2016-01-07,34,18,16
2016-01-07,19,14,5
2016-01-07,21,14,7
2016-01-07,26,14,12
2016-01-07,20,10,10
2016-01-07,19,11,8
2016-01-07,46,30,16
2016-01-07,78,52,26
2016-01-07,111,82,29
2016-01-07,41,26,15
2016-01-07,23,14,9
2016-01-07,11,7,4
2016-01-07,5,4,1
2016-01-07,4,1,3
2016-01-07,2,1,1
2016-01-08,2,2,0
2016-01-08,1,1,0
2016-01-08,1,0,1
2016-01-08,0,0,0
2016-01-08,0,0,0
2016-01-08,6,3,3
2016-01-08,19,8,11
2016-01-08,44,29,15
2016-01-08,70,43,27
2016-01-08,28,14,14
2016-01-08,19,8,11
2016-01-08,20,12,8
2016-01-08,25,12,13
2016-01-08,25,19,6
2016-01-08,18,12,6
2016-01-08,55,46,9
2016-01-08,59,38,21
2016-01-08,84,59,25
2016-01-08,43,18,25
2016-01-08,13,7,6
2016-01-08,9,5,4
2016-01-08,5,5,0
2016-01-08,4,3,1
2016-01-08,3,2,1
2016-01-09,3,2,1
2016-01-09,0,0,0
2016-01-09,3,3,0
2016-01-09,0,0,0
2016-01-09,0,0,0
2016-01-09,1,1,0
2016-01-09,1,1,0
2016-01-09,0,0,0
2016-01-09,4,2,2
2016-01-09,8,3,5
2016-01-09,5,4,1
2016-01-09,7,5,2
2016-01-09,10,6,4
2016-01-09,17,13,4
2016-01-09,23,10,13
2016-01-09,16,5,11
2016-01-09,9,5,4
2016-01-09,6,2,4
2016-01-09,6,3,3
2016-01-09,4,3,1
2016-01-09,3,3,0
2016-01-09,1,1,0
2016-01-09,1,1,0
2016-01-09,2,1,1
2016-01-10,6,3,3
2016-01-10,2,2,0
2016-01-10,2,2,0
2016-01-10,0,0,0
2016-01-10,0,0,0
2016-01-10,0,0,0
2016-01-10,3,0,3
2016-01-10,1,0,1
2016-01-10,5,3,2
2016-01-10,8,7,1
2016-01-10,9,3,6
2016-01-10,20,5,15
2016-01-10,12,7,5
2016-01-10,12,9,3
2016-01-10,19,10,9
2016-01-10,8,5,3
2016-01-10,7,6,1
2016-01-10,8,5,3
2016-01-10,5,4,1
2016-01-10,7,5,2
2016-01-10,1,0,1
2016-01-10,5,3,2
2016-01-10,4,2,2
2016-01-10,1,0,1
2016-01-11,1,1,0
2016-01-11,0,0,0
2016-01-11,0,0,0
2016-01-11,1,1,0
2016-01-11,2,0,2
2016-01-11,6,3,3
2016-01-11,19,11,8
2016-01-11,42,23,19
2016-01-11,64,48,16
2016-01-11,39,17,22
2016-01-11,21,12,9
2016-01-11,14,5,9
2016-01-11,16,8,8
2016-01-11,17,9,8
2016-01-11,23,10,13
2016-01-11,30,24,6
2016-01-11,64,43,21
2016-01-11,107,70,37
2016-01-11,34,19,15
2016-01-11,12,6,6
2016-01-11,6,5,1
2016-01-11,6,3,3
2016-01-11,2,0,2
2016-01-11,1,1,0
2016-01-12,1,1,0
2016-01-12,1,1,0
2016-01-12,2,1,1
2016-01-12,0,0,0
2016-01-12,0,0,0
2016-01-12,6,4,2
2016-01-12,24,13,11
2016-01-12,47,30,17
2016-01-12,65,42,23
2016-01-12,37,24,13
2016-01-12,11,5,6
2016-01-12,17,6,11
2016-01-12,14,8,6
2016-01-12,15,11,4
2016-01-12,23,13,10
2016-01-12,21,17,4
2016-01-12,57,50,7
2016-01-12,102,64,38
2016-01-12,32,20,12
2016-01-12,13,8,5
2016-01-12,4,4,0
2016-01-12,2,1,1
2016-01-12,2,1,1
2016-01-12,1,1,0
2016-01-13,2,2,0
2016-01-13,0,0,0
2016-01-13,0,0,0
2016-01-13,0,0,0
2016-01-13,1,0,1
2016-01-13,5,2,3
2016-01-13,15,8,7
2016-01-13,31,21,10
2016-01-13,47,27,20
2016-01-13,20,10,10
2016-01-13,12,6,6
2016-01-13,16,10,6
2016-01-13,12,6,6
2016-01-13,15,9,6
2016-01-13,12,9,3
2016-01-13,26,16,10
2016-01-13,54,37,17
2016-01-13,87,61,26
2016-01-13,30,17,13
2016-01-13,13,5,8
2016-01-13,7,1,6
2016-01-13,4,3,1
2016-01-13,2,1,1
2016-01-13,0,0,0
2016-01-14,4,4,0
2016-01-14,0,0,0
2016-01-14,1,0,1
2016-01-14,0,0,0
2016-01-14,0,0,0
2016-01-14,3,2,1
2016-01-14,20,11,9
2016-01-14,41,24,17
2016-01-14,85,58,27
2016-01-14,43,28,15
2016-01-14,18,8,10
2016-01-14,25,13,12
2016-01-14,26,16,10
2016-01-14,22,15,7
2016-01-14,21,13,8
2016-01-14,42,28,14
2016-01-14,64,50,14
2016-01-14,117,76,41
2016-01-14,45,27,18
2016-01-14,17,11,6
2016-01-14,11,7,4
2016-01-14,6,5,1
2016-01-14,3,2,1
2016-01-14,2,0,2
2016-01-15,2,2,0
2016-01-15,1,1,0
2016-01-15,1,0,1
2016-01-15,0,0,0
2016-01-15,0,0,0
2016-01-15,2,2,0
2016-01-15,13,6,7
2016-01-15,41,30,11
2016-01-15,67,42,25
2016-01-15,44,26,18
2016-01-15,17,10,7
2016-01-15,14,6,8
2016-01-15,25,13,12
2016-01-15,12,8,4
2016-01-15,21,15,6
2016-01-15,34,23,11
2016-01-15,60,37,23
2016-01-15,67,50,17
2016-01-15,37,17,20
2016-01-15,23,10,13
2016-01-15,6,3,3
2016-01-15,6,5,1
2016-01-15,4,1,3
2016-01-15,7,4,3
2016-01-16,2,2,0
2016-01-16,0,0,0
2016-01-16,0,0,0
2016-01-16,0,0,0
2016-01-16,0,0,0
2016-01-16,1,1,0
2016-01-16,0,0,0
2016-01-16,0,0,0
2016-01-16,4,2,2
2016-01-16,6,1,5
2016-01-16,5,5,0
2016-01-16,9,7,2
2016-01-16,4,0,4
2016-01-16,10,7,3
2016-01-16,9,6,3
2016-01-16,7,1,6
2016-01-16,4,1,3
2016-01-16,5,3,2
2016-01-16,8,5,3
2016-01-16,4,3,1
2016-01-16,4,3,1
2016-01-16,2,1,1
2016-01-16,2,1,1
2016-01-16,2,0,2
2016-01-17,4,3,1
2016-01-17,3,2,1
2016-01-17,1,0,1
2016-01-17,0,0,0
2016-01-17,0,0,0
2016-01-17,0,0,0
2016-01-17,1,0,1
2016-01-17,2,0,2
2016-01-17,2,1,1
2016-01-17,1,1,0
2016-01-17,0,0,0
2016-01-17,8,3,5
2016-01-17,7,4,3
2016-01-17,5,2,3
2016-01-17,13,8,5
2016-01-17,6,3,3
2016-01-17,7,5,2
2016-01-17,6,3,3
2016-01-17,0,0,0
2016-01-17,3,2,1
2016-01-17,1,1,0
2016-01-17,3,2,1
2016-01-17,1,1,0
2016-01-17,2,2,0
2016-01-18,1,1,0
2016-01-18,0,0,0
2016-01-18,0,0,0
2016-01-18,3,3,0
2016-01-18,0,0,0
2016-01-18,2,0,2
2016-01-18,17,7,10
2016-01-18,21,13,8
2016-01-18,40,26,14
2016-01-18,27,14,13
2016-01-18,17,9,8
2016-01-18,13,10,3
2016-01-18,24,14,10
2016-01-18,35,24,11
2016-01-18,25,15,10
2016-01-18,33,22,11
2016-01-18,43,29,14
2016-01-18,54,38,16
2016-01-18,22,13,9
2016-01-18,12,6,6
2016-01-18,4,2,2
2016-01-18,2,1,1
2016-01-18,4,3,1
2016-01-18,3,1,2
2016-01-19,0,0,0
2016-01-19,0,0,0
2016-01-19,5,4,1
2016-01-19,0,0,0
2016-01-19,0,0,0
2016-01-19,7,1,6
2016-01-19,29,14,15
2016-01-19,48,35,13
2016-01-19,91,62,29
2016-01-19,41,20,21
2016-01-19,19,10,9
2016-01-19,30,17,13
2016-01-19,16,6,10
2016-01-19,16,7,9
2016-01-19,22,13,9
2016-01-19,32,25,7
2016-01-19,65,46,19
2016-01-19,98,66,32
2016-01-19,38,20,18
2016-01-19,12,7,5
2016-01-19,5,3,2
2016-01-19,3,2,1
2016-01-19,2,0,2
2016-01-19,0,0,0
2016-01-20,3,3,0
2016-01-20,0,0,0
2016-01-20,1,0,1
2016-01-20,0,0,0
2016-01-20,1,0,1
2016-01-20,8,3,5
2016-01-20,24,10,14
2016-01-20,51,31,20
2016-01-20,73,50,23
2016-01-20,46,26,20
2016-01-20,17,9,8
2016-01-20,17,11,6
2016-01-20,27,14,13
2016-01-20,23,14,9
2016-01-20,16,9,7
2016-01-20,28,23,5
2016-01-20,72,48,24
2016-01-20,118,81,37
2016-01-20,37,20,17
2016-01-20,15,9,6
2016-01-20,5,0,5
2016-01-20,6,4,2
2016-01-20,5,3,2
2016-01-20,0,0,0
2016-01-21,1,1,0
2016-01-21,0,0,0
2016-01-21,2,1,1
2016-01-21,0,0,0
2016-01-21,1,1,0
2016-01-21,4,2,2
2016-01-21,11,5,6
2016-01-21,32,23,9
2016-01-21,50,29,21
2016-01-21,23,12,11
2016-01-21,8,1,7
2016-01-21,10,9,1
2016-01-21,16,9,7
2016-01-21,8,6,2
2016-01-21,16,8,8
2016-01-21,16,13,3
2016-01-21,51,38,13
2016-01-21,67,45,22
2016-01-21,28,19,9
2016-01-21,14,10,4
2016-01-21,10,5,5
2016-01-21,5,4,1
2016-01-21,1,1,0
2016-01-21,2,1,1
2016-01-22,3,2,1
2016-01-22,0,0,0
2016-01-22,1,0,1
2016-01-22,0,0,0
2016-01-22,2,0,2
2016-01-22,4,0,4
2016-01-22,13,2,11
2016-01-22,31,18,13
2016-01-22,56,33,23
2016-01-22,41,25,16
2016-01-22,17,9,8
2016-01-22,19,10,9
2016-01-22,22,12,10
2016-01-22,22,15,7
2016-01-22,18,8,10
2016-01-22,40,30,10
2016-01-22,64,43,21
2016-01-22,67,48,19
2016-01-22,31,18,13
2016-01-22,17,10,7
2016-01-22,9,9,0
2016-01-22,4,2,2
2016-01-22,7,3,4
2016-01-22,1,1,0
2016-01-23,3,1,2
2016-01-23,1,0,1
2016-01-23,0,0,0
2016-01-23,0,0,0
2016-01-23,0,0,0
2016-01-23,0,0,0
2016-01-23,1,0,1
2016-01-23,1,1,0
2016-01-23,4,3,1
2016-01-23,5,3,2
2016-01-23,3,2,1
2016-01-23,3,3,0
2016-01-23,5,2,3
2016-01-23,8,3,5
2016-01-23,3,0,3
2016-01-23,6,4,2
2016-01-23,6,2,4
2016-01-23,9,7,2
2016-01-23,7,5,2
2016-01-23,9,5,4
2016-01-23,4,2,2
2016-01-23,3,1,2
2016-01-23,2,2,0
2016-01-23,1,1,0
2016-01-24,2,1,1
2016-01-24,2,2,0
2016-01-24,2,0,2
2016-01-24,0,0,0
2016-01-24,0,0,0
2016-01-24,0,0,0
2016-01-24,1,0,1
2016-01-24,1,0,1
2016-01-24,1,1,0
2016-01-24,8,6,2
2016-01-24,3,3,0
2016-01-24,12,6,6
2016-01-24,17,9,8
2016-01-24,11,4,7
2016-01-24,20,15,5
2016-01-24,13,6,7
2016-01-24,10,5,5
2016-01-24,14,7,7
2016-01-24,5,4,1
2016-01-24,9,5,4
2016-01-24,4,1,3
2016-01-24,2,1,1
2016-01-24,2,0,2
2016-01-24,1,1,0
2016-01-25,2,2,0
2016-01-25,0,0,0
2016-01-25,0,0,0
2016-01-25,4,3,1
2016-01-25,3,3,0
2016-01-25,6,2,4
2016-01-25,16,8,8
2016-01-25,57,36,21
2016-01-25,91,62,29
2016-01-25,42,21,21
2016-01-25,17,10,7
2016-01-25,19,9,10
2016-01-25,20,10,10
2016-01-25,25,16,9
2016-01-25,25,11,14
2016-01-25,34,19,15
2016-01-25,69,47,22
2016-01-25,132,88,44
2016-01-25,45,27,18
2016-01-25,16,12,4
2016-01-25,7,6,1
2016-01-25,10,8,2
2016-01-25,4,2,2
2016-01-25,3,1,2
2016-01-26,1,1,0
2016-01-26,2,2,0
2016-01-26,1,0,1
2016-01-26,0,0,0
2016-01-26,1,0,1
2016-01-26,9,4,5
2016-01-26,20,12,8
2016-01-26,59,45,14
2016-01-26,59,36,23
2016-01-26,30,19,11
2016-01-26,10,5,5
2016-01-26,19,10,9
2016-01-26,17,11,6
2016-01-26,17,10,7
2016-01-26,23,9,14
2016-01-26,36,26,10
2016-01-26,67,43,24
2016-01-26,83,56,27
2016-01-26,40,28,12
2016-01-26,13,9,4
2016-01-26,15,7,8
2016-01-26,2,2,0
2016-01-26,2,1,1
2016-01-26,2,1,1
2016-01-27,2,2,0
2016-01-27,0,0,0
2016-01-27,1,0,1
2016-01-27,3,3,0
2016-01-27,0,0,0
2016-01-27,3,0,3
2016-01-27,18,11,7
2016-01-27,41,28,13
2016-01-27,77,49,28
2016-01-27,47,25,22
2016-01-27,22,14,8
2016-01-27,18,10,8
2016-01-27,18,13,5
2016-01-27,24,17,7
2016-01-27,19,13,6
2016-01-27,36,27,9
2016-01-27,60,44,16
2016-01-27,97,71,26
2016-01-27,38,26,12
2016-01-27,10,4,6
2016-01-27,5,4,1
2016-01-27,7,4,3
2016-01-27,0,0,0
2016-01-27,3,2,1
2016-01-28,1,0,1
2016-01-28,0,0,0
2016-01-28,2,1,1
2016-01-28,0,0,0
2016-01-28,0,0,0
2016-01-28,1,0,1
2016-01-28,15,7,8
2016-01-28,34,22,12
2016-01-28,55,36,19
2016-01-28,34,22,12
2016-01-28,15,6,9
2016-01-28,15,9,6
2016-01-28,20,9,11
2016-01-28,8,5,3
2016-01-28,17,13,4
2016-01-28,37,27,10
2016-01-28,53,45,8
2016-01-28,88,52,36
2016-01-28,35,24,11
2016-01-28,35,21,14
2016-01-28,10,9,1
2016-01-28,3,2,1
2016-01-28,3,2,1
2016-01-28,6,0,6
2016-01-29,3,3,0
2016-01-29,3,1,2
2016-01-29,0,0,0
2016-01-29,2,0,2
2016-01-29,1,1,0
2016-01-29,3,0,3
2016-01-29,19,9,10
2016-01-29,40,27,13
2016-01-29,48,26,22
2016-01-29,28,19,9
2016-01-29,17,8,9
2016-01-29,19,6,13
2016-01-29,15,6,9
2016-01-29,21,9,12
2016-01-29,29,16,13
2016-01-29,31,23,8
2016-01-29,60,39,21
2016-01-29,72,52,20
2016-01-29,34,16,18
2016-01-29,11,6,5
2016-01-29,9,6,3
2016-01-29,3,1,2
2016-01-29,3,2,1
2016-01-29,3,2,1
2016-01-30,3,2,1
2016-01-30,1,1,0
2016-01-30,0,0,0
2016-01-30,0,0,0
2016-01-30,0,0,0
2016-01-30,1,0,1
2016-01-30,2,2,0
2016-01-30,3,3,0
2016-01-30,4,3,1
2016-01-30,8,7,1
2016-01-30,4,1,3
2016-01-30,7,3,4
2016-01-30,11,7,4
2016-01-30,13,3,10
2016-01-30,18,11,7
2016-01-30,15,7,8
2016-01-30,14,10,4
2016-01-30,8,4,4
2016-01-30,10,8,2
2016-01-30,7,4,3
2016-01-30,5,3,2
2016-01-30,3,3,0
2016-01-30,7,7,0
2016-01-30,6,4,2
2016-01-31,2,1,1
2016-01-31,3,3,0
2016-01-31,3,3,0
2016-01-31,0,0,0
2016-01-31,0,0,0
2016-01-31,0,0,0
2016-01-31,1,0,1
2016-01-31,0,0,0
2016-01-31,3,2,1
2016-01-31,6,2,4
2016-01-31,6,4,2
2016-01-31,11,7,4
2016-01-31,12,8,4
2016-01-31,11,5,6
2016-01-31,8,4,4
2016-01-31,13,10,3
2016-01-31,7,3,4
2016-01-31,11,4,7
2016-01-31,3,3,0
2016-01-31,9,3,6
2016-01-31,4,3,1
2016-01-31,4,3,1
2016-01-31,3,3,0
2016-01-31,1,0,1
2016-02-01,0,0,0
2016-02-01,0,0,0
2016-02-01,0,0,0
2016-02-01,0,0,0
2016-02-01,1,0,1
2016-02-01,6,4,2
2016-02-01,23,14,9
2016-02-01,45,34,11
2016-02-01,74,53,21
2016-02-01,49,29,20
2016-02-01,28,17,11
2016-02-01,19,10,9
2016-02-01,16,10,6
2016-02-01,16,11,5
2016-02-01,21,12,9
2016-02-01,38,27,11
2016-02-01,78,54,24
2016-02-01,105,68,37
2016-02-01,53,35,18
2016-02-01,8,5,3
2016-02-01,13,7,6
2016-02-01,4,4,0
2016-02-01,6,2,4
2016-02-01,0,0,0
2016-02-02,1,1,0
2016-02-02,2,1,1
2016-02-02,0,0,0
2016-02-02,1,1,0
2016-02-02,0,0,0
2016-02-02,13,5,8
2016-02-02,26,12,14
2016-02-02,68,47,21
2016-02-02,95,51,44
2016-02-02,45,26,19
2016-02-02,16,11,5
2016-02-02,21,8,13
2016-02-02,27,14,13
2016-02-02,25,19,6
2016-02-02,20,9,11
2016-02-02,39,32,7
2016-02-02,110,70,40
2016-02-02,125,74,51
2016-02-02,47,32,15
2016-02-02,13,7,6
2016-02-02,14,9,5
2016-02-02,7,5,2
2016-02-02,5,5,0
2016-02-02,1,1,0
2016-02-03,2,2,0
2016-02-03,3,3,0
2016-02-03,1,0,1
2016-02-03,0,0,0
2016-02-03,0,0,0
2016-02-03,12,4,8
2016-02-03,26,13,13
2016-02-03,55,26,29
2016-02-03,75,49,26
2016-02-03,38,27,11
2016-02-03,27,14,13
2016-02-03,12,6,6
2016-02-03,22,13,9
2016-02-03,19,11,8
2016-02-03,20,12,8
2016-02-03,30,20,10
2016-02-03,69,50,19
2016-02-03,98,63,35
2016-02-03,31,21,10
2016-02-03,19,12,7
2016-02-03,6,3,3
2016-02-03,7,5,2
2016-02-03,1,1,0
2016-02-03,0,0,0
2016-02-04,2,2,0
2016-02-04,0,0,0
2016-02-04,1,0,1
2016-02-04,0,0,0
2016-02-04,1,0,1
2016-02-04,5,2,3
2016-02-04,18,10,8
2016-02-04,39,25,14
2016-02-04,74,44,30
2016-02-04,31,21,10
2016-02-04,15,5,10
2016-02-04,23,11,12
2016-02-04,20,9,11
2016-02-04,25,14,11
2016-02-04,14,9,5
2016-02-04,29,22,7
2016-02-04,74,58,16
2016-02-04,123,82,41
2016-02-04,39,24,15
2016-02-04,27,13,14
2016-02-04,21,10,11
2016-02-04,8,6,2
2016-02-04,4,2,2
2016-02-04,1,0,1
2016-02-05,5,4,1
2016-02-05,1,0,1
2016-02-05,2,0,2
2016-02-05,0,0,0
2016-02-05,1,0,1
2016-02-05,1,1,0
2016-02-05,17,5,12
2016-02-05,42,30,12
2016-02-05,66,41,25
2016-02-05,31,16,15
2016-02-05,14,12,2
2016-02-05,21,13,8
2016-02-05,26,13,13
2016-02-05,39,24,15
2016-02-05,23,15,8
2016-02-05,37,21,16
2016-02-05,67,53,14
2016-02-05,77,51,26
2016-02-05,33,18,15
2016-02-05,10,8,2
2016-02-05,5,3,2
2016-02-05,6,3,3
2016-02-05,4,3,1
2016-02-05,2,0,2
2016-02-06,3,3,0
2016-02-06,2,1,1
2016-02-06,0,0,0
2016-02-06,0,0,0
2016-02-06,1,1,0
2016-02-06,1,0,1
2016-02-06,2,2,0
2016-02-06,2,1,1
2016-02-06,5,3,2
2016-02-06,6,3,3
2016-02-06,10,9,1
2016-02-06,7,5,2
2016-02-06,25,15,10
2016-02-06,22,16,6
2016-02-06,21,12,9
2016-02-06,13,9,4
2016-02-06,15,13,2
2016-02-06,12,5,7
2016-02-06,6,5,1
2016-02-06,6,1,5
2016-02-06,3,3,0
2016-02-06,4,1,3
2016-02-06,3,2,1
2016-02-06,2,1,1
2016-02-07,2,1,1
2016-02-07,1,1,0
2016-02-07,2,1,1
2016-02-07,0,0,0
2016-02-07,0,0,0
2016-02-07,0,0,0
2016-02-07,2,1,1
2016-02-07,3,1,2
2016-02-07,5,2,3
2016-02-07,7,6,1
2016-02-07,8,5,3
2016-02-07,13,4,9
2016-02-07,22,16,6
2016-02-07,19,10,9
2016-02-07,10,6,4
2016-02-07,9,8,1
2016-02-07,12,7,5
2016-02-07,3,2,1
2016-02-07,8,5,3
2016-02-07,4,4,0
2016-02-07,3,1,2
2016-02-07,3,1,2
2016-02-07,1,0,1
2016-02-07,1,0,1
2016-02-08,5,4,1
2016-02-08,0,0,0
2016-02-08,2,2,0
2016-02-08,1,1,0
2016-02-08,0,0,0
2016-02-08,8,3,5
2016-02-08,35,21,14
2016-02-08,66,38,28
2016-02-08,86,63,23
2016-02-08,48,25,23
2016-02-08,19,9,10
2016-02-08,21,7,14
2016-02-08,15,8,7
2016-02-08,21,14,7
2016-02-08,23,14,9
2016-02-08,37,25,12
2016-02-08,77,58,19
2016-02-08,112,69,43
2016-02-08,32,20,12
2016-02-08,21,15,6
2016-02-08,12,6,6
2016-02-08,7,4,3
2016-02-08,2,1,1
2016-02-08,1,0,1
2016-02-09,0,0,0
2016-02-09,2,1,1
2016-02-09,3,2,1
2016-02-09,0,0,0
2016-02-09,0,0,0
2016-02-09,6,4,2
2016-02-09,31,20,11
2016-02-09,71,44,27
2016-02-09,116,68,48
2016-02-09,37,21,16
2016-02-09,23,15,8
2016-02-09,27,12,15
2016-02-09,17,12,5
2016-02-09,13,7,6
2016-02-09,37,23,14
2016-02-09,58,49,9
2016-02-09,96,68,28
2016-02-09,128,88,40
2016-02-09,53,33,20
2016-02-09,19,10,9
2016-02-09,16,13,3
2016-02-09,10,4,6
2016-02-09,5,2,3
2016-02-09,0,0,0
2016-02-10,1,1,0
2016-02-10,0,0,0
2016-02-10,2,1,1
2016-02-10,0,0,0
2016-02-10,3,3,0
2016-02-10,4,1,3
2016-02-10,21,15,6
2016-02-10,55,36,19
2016-02-10,87,51,36
2016-02-10,42,28,14
2016-02-10,23,13,10
2016-02-10,15,9,6
2016-02-10,25,17,8
2016-02-10,18,8,10
2016-02-10,27,16,11
2016-02-10,31,24,7
2016-02-10,77,59,18
2016-02-10,100,66,34
2016-02-10,49,32,17
2016-02-10,11,8,3
2016-02-10,4,2,2
2016-02-10,8,4,4
2016-02-10,1,1,0
2016-02-10,1,1,0
2016-02-11,2,1,1
2016-02-11,1,1,0
2016-02-11,2,0,2
2016-02-11,0,0,0
2016-02-11,3,2,1
2016-02-11,5,2,3
2016-02-11,17,9,8
2016-02-11,55,35,20
2016-02-11,74,46,28
2016-02-11,31,15,16
2016-02-11,21,10,11
2016-02-11,15,11,4
2016-02-11,16,11,5
2016-02-11,18,10,8
2016-02-11,16,10,6
2016-02-11,25,19,6
2016-02-11,78,51,27
2016-02-11,104,69,35
2016-02-11,44,27,17
2016-02-11,18,12,6
2016-02-11,4,1,3
2016-02-11,7,5,2
2016-02-11,3,2,1
2016-02-11,3,2,1
2016-02-12,3,2,1
2016-02-12,0,0,0
2016-02-12,0,0,0
2016-02-12,0,0,0
2016-02-12,0,0,0
2016-02-12,1,0,1
2016-02-12,11,4,7
2016-02-12,38,27,11
2016-02-12,52,29,23
2016-02-12,34,15,19
2016-02-12,11,7,4
2016-02-12,12,5,7
2016-02-12,24,15,9
2016-02-12,16,12,4
2016-02-12,20,10,10
2016-02-12,29,20,9
2016-02-12,59,37,22
2016-02-12,71,57,14
2016-02-12,27,19,8
2016-02-12,18,12,6
2016-02-12,9,6,3
2016-02-12,5,3,2
2016-02-12,4,4,0
2016-02-12,2,1,1
2016-02-13,2,2,0
2016-02-13,1,1,0
2016-02-13,1,0,1
2016-02-13,0,0,0
2016-02-13,0,0,0
2016-02-13,1,1,0
2016-02-13,5,4,1
2016-02-13,1,1,0
2016-02-13,3,2,1
2016-02-13,8,4,4
2016-02-13,6,5,1
2016-02-13,11,7,4
2016-02-13,5,4,1
2016-02-13,9,3,6
2016-02-13,11,3,8
2016-02-13,4,3,1
2016-02-13,8,6,2
2016-02-13,7,3,4
2016-02-13,7,4,3
2016-02-13,6,4,2
2016-02-13,4,2,2
2016-02-13,2,0,2
2016-02-13,9,1,8
2016-02-13,0,0,0
2016-02-14,0,0,0
2016-02-14,2,2,0
2016-02-14,0,0,0
2016-02-14,1,1,0
2016-02-14,0,0,0
2016-02-14,1,0,1
2016-02-14,0,0,0
2016-02-14,3,0,3
2016-02-14,1,1,0
2016-02-14,3,1,2
2016-02-14,6,3,3
2016-02-14,6,5,1
2016-02-14,11,5,6
2016-02-14,6,3,3
2016-02-14,13,9,4
2016-02-14,2,2,0
2016-02-14,4,4,0
2016-02-14,10,7,3
2016-02-14,2,2,0
2016-02-14,6,1,5
2016-02-14,5,2,3
2016-02-14,3,0,3
2016-02-14,1,1,0
2016-02-14,0,0,0
2016-02-15,1,1,0
2016-02-15,1,1,0
2016-02-15,0,0,0
2016-02-15,0,0,0
2016-02-15,1,1,0
2016-02-15,1,1,0
2016-02-15,7,4,3
2016-02-15,20,13,7
2016-02-15,25,13,12
2016-02-15,11,3,8
2016-02-15,12,6,6
2016-02-15,13,9,4
2016-02-15,12,5,7
2016-02-15,13,9,4
2016-02-15,10,4,6
2016-02-15,16,13,3
2016-02-15,23,17,6
2016-02-15,36,19,17
2016-02-15,18,10,8
2016-02-15,10,7,3
2016-02-15,4,2,2
2016-02-15,6,2,4
2016-02-15,5,2,3
2016-02-15,1,1,0
2016-02-16,1,1,0
2016-02-16,0,0,0
2016-02-16,1,1,0
2016-02-16,2,2,0
2016-02-16,1,1,0
2016-02-16,4,2,2
2016-02-16,23,15,8
2016-02-16,54,37,17
2016-02-16,78,48,30
2016-02-16,33,13,20
2016-02-16,22,12,10
2016-02-16,15,11,4
2016-02-16,23,10,13
2016-02-16,24,19,5
2016-02-16,21,12,9
2016-02-16,30,25,5
2016-02-16,75,53,22
2016-02-16,84,62,22
2016-02-16,37,24,13
2016-02-16,20,15,5
2016-02-16,15,9,6
2016-02-16,1,0,1
2016-02-16,3,1,2
2016-02-16,2,2,0
2016-02-17,1,1,0
2016-02-17,0,0,0
2016-02-17,1,1,0
2016-02-17,0,0,0
2016-02-17,1,1,0
2016-02-17,6,3,3
2016-02-17,23,13,10
2016-02-17,51,39,12
2016-02-17,81,49,32
2016-02-17,32,15,17
2016-02-17,19,13,6
2016-02-17,17,8,9
2016-02-17,22,9,13
2016-02-17,16,14,2
2016-02-17,20,13,7
2016-02-17,27,22,5
2016-02-17,71,54,17
2016-02-17,93,63,30
2016-02-17,34,19,15
2016-02-17,9,6,3
2016-02-17,4,2,2
2016-02-17,2,2,0
2016-02-17,2,1,1
2016-02-17,2,2,0
2016-02-18,1,1,0
2016-02-18,0,0,0
2016-02-18,0,0,0
2016-02-18,0,0,0
2016-02-18,1,1,0
2016-02-18,7,2,5
2016-02-18,19,10,9
2016-02-18,46,32,14
2016-02-18,65,39,26
2016-02-18,29,13,16
2016-02-18,14,9,5
2016-02-18,19,15,4
2016-02-18,23,17,6
2016-02-18,34,20,14
2016-02-18,13,7,6
2016-02-18,34,25,9
2016-02-18,69,51,18
2016-02-18,92,72,20
2016-02-18,41,22,19
2016-02-18,19,8,11
2016-02-18,4,3,1
2016-02-18,8,4,4
2016-02-18,1,1,0
2016-02-18,5,1,4
2016-02-19,12,10,2
2016-02-19,1,0,1
2016-02-19,1,0,1
2016-02-19,0,0,0
2016-02-19,0,0,0
2016-02-19,0,0,0
2016-02-19,17,9,8
2016-02-19,29,20,9
2016-02-19,42,25,17
2016-02-19,33,19,14
2016-02-19,17,11,6
2016-02-19,11,6,5
2016-02-19,14,9,5
2016-02-19,17,13,4
2016-02-19,11,9,2
2016-02-19,32,23,9
2016-02-19,50,37,13
2016-02-19,56,42,14
2016-02-19,28,23,5
2016-02-19,9,3,6
2016-02-19,5,4,1
2016-02-19,7,2,5
2016-02-19,1,1,0
2016-02-19,0,0,0
2016-02-20,1,1,0
2016-02-20,1,1,0
2016-02-20,0,0,0
2016-02-20,2,1,1
2016-02-20,2,0,2
2016-02-20,0,0,0
2016-02-20,4,4,0
2016-02-20,2,2,0
2016-02-20,9,5,4
2016-02-20,11,6,5
2016-02-20,12,5,7
2016-02-20,13,10,3
2016-02-20,18,12,6
2016-02-20,25,14,11
2016-02-20,21,18,3
2016-02-20,17,7,10
2016-02-20,17,5,12
2016-02-20,22,13,9
2016-02-20,15,11,4
2016-02-20,8,2,6
2016-02-20,4,3,1
2016-02-20,4,2,2
2016-02-20,7,2,5
2016-02-20,0,0,0
2016-02-21,3,3,0
2016-02-21,3,2,1
2016-02-21,0,0,0
2016-02-21,0,0,0
2016-02-21,3,3,0
2016-02-21,1,1,0
2016-02-21,2,1,1
2016-02-21,1,1,0
2016-02-21,2,1,1
2016-02-21,4,3,1
2016-02-21,9,7,2
2016-02-21,5,4,1
2016-02-21,6,5,1
2016-02-21,5,3,2
2016-02-21,10,7,3
2016-02-21,11,6,5
2016-02-21,3,3,0
2016-02-21,8,6,2
2016-02-21,4,3,1
2016-02-21,6,5,1
2016-02-21,6,3,3
2016-02-21,3,3,0
2016-02-21,3,0,3
2016-02-21,4,2,2
2016-02-22,0,0,0
2016-02-22,1,1,0
2016-02-22,1,1,0
2016-02-22,0,0,0
2016-02-22,1,1,0
2016-02-22,7,4,3
2016-02-22,21,12,9
2016-02-22,55,30,25
2016-02-22,82,55,27
2016-02-22,44,27,17
2016-02-22,14,8,6
2016-02-22,14,6,8
2016-02-22,19,10,9
2016-02-22,17,8,9
2016-02-22,24,17,7
2016-02-22,35,25,10
2016-02-22,79,58,21
2016-02-22,97,63,34
2016-02-22,44,30,14
2016-02-22,18,12,6
2016-02-22,7,4,3
2016-02-22,6,2,4
2016-02-22,4,1,3
2016-02-22,2,1,1
2016-02-23,0,0,0
2016-02-23,1,1,0
2016-02-23,1,0,1
2016-02-23,0,0,0
2016-02-23,1,1,0
2016-02-23,8,6,2
2016-02-23,25,17,8
2016-02-23,73,45,28
2016-02-23,101,70,31
2016-02-23,46,27,19
2016-02-23,20,14,6
2016-02-23,23,15,8
2016-02-23,20,12,8
2016-02-23,15,9,6
2016-02-23,29,21,8
2016-02-23,45,31,14
2016-02-23,88,66,22
2016-02-23,141,100,41
2016-02-23,66,42,24
2016-02-23,24,16,8
2016-02-23,14,7,7
2016-02-23,20,4,16
2016-02-23,7,3,4
2016-02-23,2,0,2
2016-02-24,2,1,1
2016-02-24,2,2,0
2016-02-24,2,1,1
2016-02-24,0,0,0
2016-02-24,1,1,0
2016-02-24,7,5,2
2016-02-24,26,18,8
2016-02-24,61,41,20
2016-02-24,95,72,23
2016-02-24,59,29,30
2016-02-24,16,8,8
2016-02-24,17,8,9
2016-02-24,21,14,7
2016-02-24,22,12,10
2016-02-24,24,16,8
2016-02-24,38,26,12
2016-02-24,80,61,19
2016-02-24,131,78,53
2016-02-24,43,24,19
2016-02-24,17,11,6
2016-02-24,15,9,6
2016-02-24,2,2,0
2016-02-24,6,4,2
2016-02-24,2,1,1
2016-02-25,2,1,1
2016-02-25,0,0,0
2016-02-25,3,2,1
2016-02-25,0,0,0
2016-02-25,1,0,1
2016-02-25,7,2,5
2016-02-25,24,14,10
2016-02-25,57,35,22
2016-02-25,109,72,37
2016-02-25,47,25,22
2016-02-25,29,15,14
2016-02-25,27,15,12
2016-02-25,17,5,12
2016-02-25,31,18,13
2016-02-25,23,16,7
2016-02-25,43,32,11
2016-02-25,83,53,30
2016-02-25,133,87,46
2016-02-25,37,23,14
2016-02-25,16,12,4
2016-02-25,21,16,5
2016-02-25,15,9,6
2016-02-25,2,1,1
2016-02-25,2,0,2
2016-02-26,5,4,1
2016-02-26,0,0,0
2016-02-26,0,0,0
2016-02-26,0,0,0
2016-02-26,1,1,0
2016-02-26,3,1,2
2016-02-26,21,8,13
2016-02-26,52,37,15
2016-02-26,79,52,27
2016-02-26,33,18,15
2016-02-26,28,18,10
2016-02-26,26,13,13
2016-02-26,24,11,13
2016-02-26,30,18,12
2016-02-26,24,10,14
2016-02-26,50,36,14
2016-02-26,54,40,14
2016-02-26,64,41,23
2016-02-26,22,9,13
2016-02-26,15,9,6
2016-02-26,5,4,1
2016-02-26,3,2,1
2016-02-26,7,3,4
2016-02-26,7,3,4
2016-02-27,1,1,0
2016-02-27,0,0,0
2016-02-27,0,0,0
2016-02-27,0,0,0
2016-02-27,0,0,0
2016-02-27,1,1,0
2016-02-27,2,1,1
2016-02-27,1,0,1
2016-02-27,6,4,2
2016-02-27,1,0,1
2016-02-27,4,2,2
2016-02-27,5,3,2
2016-02-27,17,12,5
2016-02-27,15,8,7
2016-02-27,17,14,3
2016-02-27,23,18,5
2016-02-27,22,13,9
2016-02-27,18,9,9
2016-02-27,12,9,3
2016-02-27,9,5,4
2016-02-27,7,5,2
2016-02-27,7,5,2
2016-02-27,4,4,0
2016-02-27,4,4,0
2016-02-28,3,2,1
2016-02-28,3,3,0
2016-02-28,8,1,7
2016-02-28,2,2,0
2016-02-28,0,0,0
2016-02-28,0,0,0
2016-02-28,6,5,1
2016-02-28,25,24,1
2016-02-28,24,24,0
2016-02-28,3,2,1
2016-02-28,4,4,0
2016-02-28,8,4,4
2016-02-28,10,3,7
2016-02-28,6,3,3
2016-02-28,27,3,24
2016-02-28,5,4,1
2016-02-28,8,3,5
2016-02-28,4,3,1
2016-02-28,4,2,2
2016-02-28,6,4,2
2016-02-28,3,1,2
2016-02-28,3,3,0
2016-02-28,0,0,0
2016-02-28,1,1,0
2016-02-29,0,0,0
2016-02-29,0,0,0
2016-02-29,0,0,0
2016-02-29,1,0,1
2016-02-29,1,1,0
2016-02-29,6,2,4
2016-02-29,18,9,9
2016-02-29,53,36,17
2016-02-29,70,40,30
2016-02-29,41,21,20
2016-02-29,19,11,8
2016-02-29,21,12,9
2016-02-29,20,15,5
2016-02-29,25,19,6
2016-02-29,28,13,15
2016-02-29,35,22,13
2016-02-29,75,53,22
2016-02-29,120,86,34
2016-02-29,43,21,22
2016-02-29,24,15,9
2016-02-29,9,8,1
2016-02-29,4,3,1
2016-02-29,2,0,2
2016-02-29,2,0,2
2016-03-01,0,0,0
2016-03-01,0,0,0
2016-03-01,2,1,1
2016-03-01,0,0,0
2016-03-01,1,1,0
2016-03-01,4,2,2
2016-03-01,19,11,8
2016-03-01,47,32,15
2016-03-01,65,43,22
2016-03-01,36,18,18
2016-03-01,20,10,10
2016-03-01,7,4,3
2016-03-01,16,8,8
2016-03-01,10,5,5
2016-03-01,17,8,9
2016-03-01,20,15,5
2016-03-01,64,46,18
2016-03-01,77,50,27
2016-03-01,27,13,14
2016-03-01,10,6,4
2016-03-01,7,5,2
2016-03-01,6,3,3
2016-03-01,1,0,1
2016-03-01,0,0,0
2016-03-02,1,0,1
2016-03-02,0,0,0
2016-03-02,1,0,1
2016-03-02,0,0,0
2016-03-02,1,1,0
2016-03-02,6,3,3
2016-03-02,22,10,12
2016-03-02,56,32,24
2016-03-02,89,57,32
2016-03-02,42,23,19
2016-03-02,20,13,7
2016-03-02,13,4,9
2016-03-02,21,17,4
2016-03-02,18,11,7
2016-03-02,21,15,6
2016-03-02,30,25,5
2016-03-02,74,53,21
2016-03-02,102,77,25
2016-03-02,34,23,11
2016-03-02,18,10,8
2016-03-02,6,2,4
2016-03-02,4,2,2
2016-03-02,2,1,1
2016-03-02,1,1,0
2016-03-03,4,3,1
2016-03-03,0,0,0
2016-03-03,1,0,1
2016-03-03,1,1,0
2016-03-03,1,1,0
2016-03-03,7,4,3
2016-03-03,22,11,11
2016-03-03,40,30,10
2016-03-03,74,44,30
2016-03-03,43,25,18
2016-03-03,24,12,12
2016-03-03,13,6,7
2016-03-03,16,11,5
2016-03-03,20,10,10
2016-03-03,19,13,6
2016-03-03,32,19,13
2016-03-03,64,45,19
2016-03-03,111,74,37
2016-03-03,48,28,20
2016-03-03,21,14,7
2016-03-03,7,5,2
2016-03-03,6,5,1
2016-03-03,7,5,2
2016-03-03,2,1,1
2016-03-04,4,4,0
2016-03-04,0,0,0
2016-03-04,1,0,1
2016-03-04,0,0,0
2016-03-04,0,0,0
2016-03-04,5,1,4
2016-03-04,16,8,8
2016-03-04,40,24,16
2016-03-04,76,43,33
2016-03-04,44,23,21
2016-03-04,20,11,9
2016-03-04,26,14,12
2016-03-04,28,16,12
2016-03-04,20,11,9
2016-03-04,19,12,7
2016-03-04,36,27,9
2016-03-04,71,56,15
2016-03-04,72,46,26
2016-03-04,33,22,11
2016-03-04,10,5,5
2016-03-04,6,5,1
2016-03-04,5,3,2
2016-03-04,4,2,2
2016-03-04,3,3,0
2016-03-05,3,3,0
2016-03-05,2,2,0
2016-03-05,0,0,0
2016-03-05,0,0,0
2016-03-05,0,0,0
2016-03-05,3,2,1
2016-03-05,3,2,1
2016-03-05,1,1,0
2016-03-05,11,9,2
2016-03-05,11,7,4
2016-03-05,19,13,6
2016-03-05,14,7,7
2016-03-05,24,13,11
2016-03-05,25,17,8
2016-03-05,24,13,11
2016-03-05,26,8,18
2016-03-05,8,5,3
2016-03-05,15,8,7
2016-03-05,14,7,7
2016-03-05,3,2,1
2016-03-05,3,2,1
2016-03-05,3,2,1
2016-03-05,1,0,1
2016-03-05,3,1,2
2016-03-06,4,4,0
2016-03-06,1,1,0
2016-03-06,2,2,0
2016-03-06,0,0,0
2016-03-06,0,0,0
2016-03-06,0,0,0
2016-03-06,1,1,0
2016-03-06,1,1,0
2016-03-06,3,1,2
2016-03-06,7,6,1
2016-03-06,3,1,2
2016-03-06,6,4,2
2016-03-06,1,1,0
2016-03-06,10,6,4
2016-03-06,9,8,1
2016-03-06,12,11,1
2016-03-06,7,6,1
2016-03-06,5,2,3
2016-03-06,11,2,9
2016-03-06,3,2,1
2016-03-06,4,2,2
2016-03-06,1,1,0
2016-03-06,1,1,0
2016-03-06,2,1,1
2016-03-07,1,1,0
2016-03-07,1,1,0
2016-03-07,0,0,0
2016-03-07,0,0,0
2016-03-07,1,1,0
2016-03-07,7,4,3
2016-03-07,20,12,8
2016-03-07,29,19,10
2016-03-07,50,32,18
2016-03-07,32,16,16
2016-03-07,12,6,6
2016-03-07,15,8,7
2016-03-07,15,8,7
2016-03-07,15,11,4
2016-03-07,8,4,4
2016-03-07,26,20,6
2016-03-07,68,50,18
2016-03-07,91,64,27
2016-03-07,35,25,10
2016-03-07,12,9,3
2016-03-07,4,2,2
2016-03-07,8,3,5
2016-03-07,2,2,0
2016-03-07,2,0,2
2016-03-08,1,0,1
2016-03-08,0,0,0
2016-03-08,2,1,1
2016-03-08,0,0,0
2016-03-08,0,0,0
2016-03-08,7,3,4
2016-03-08,25,16,9
2016-03-08,62,39,23
2016-03-08,78,51,27
2016-03-08,49,32,17
2016-03-08,28,16,12
2016-03-08,23,12,11
2016-03-08,28,15,13
2016-03-08,20,9,11
2016-03-08,16,5,11
2016-03-08,38,23,15
2016-03-08,79,63,16
2016-03-08,102,73,29
2016-03-08,41,26,15
2016-03-08,17,10,7
2016-03-08,8,6,2
2016-03-08,5,3,2
2016-03-08,1,0,1
2016-03-08,0,0,0
2016-03-09,0,0,0
2016-03-09,0,0,0
2016-03-09,3,2,1
2016-03-09,0,0,0
2016-03-09,0,0,0
2016-03-09,5,2,3
2016-03-09,17,12,5
2016-03-09,46,31,15
2016-03-09,58,37,21
2016-03-09,47,32,15
2016-03-09,19,10,9
2016-03-09,14,8,6
2016-03-09,12,7,5
2016-03-09,16,9,7
2016-03-09,12,7,5
2016-03-09,21,18,3
2016-03-09,49,35,14
2016-03-09,67,51,16
2016-03-09,22,11,11
2016-03-09,12,6,6
2016-03-09,7,6,1
2016-03-09,3,2,1
2016-03-09,0,0,0
2016-03-09,1,1,0
2016-03-10,3,2,1
2016-03-10,0,0,0
2016-03-10,1,0,1
2016-03-10,1,1,0
2016-03-10,0,0,0
2016-03-10,5,1,4
2016-03-10,20,8,12
2016-03-10,30,15,15
2016-03-10,58,34,24
2016-03-10,36,25,11
2016-03-10,20,11,9
2016-03-10,10,6,4
2016-03-10,18,11,7
2016-03-10,23,13,10
2016-03-10,18,15,3
2016-03-10,27,20,7
2016-03-10,48,31,17
2016-03-10,71,52,19
2016-03-10,38,26,12
2016-03-10,9,5,4
2016-03-10,8,5,3
2016-03-10,5,3,2
2016-03-10,3,3,0
2016-03-10,1,0,1
2016-03-11,2,1,1
2016-03-11,0,0,0
2016-03-11,1,0,1
2016-03-11,0,0,0
2016-03-11,0,0,0
2016-03-11,2,0,2
2016-03-11,16,7,9
2016-03-11,50,33,17
2016-03-11,72,50,22
2016-03-11,50,26,24
2016-03-11,30,18,12
2016-03-11,18,9,9
2016-03-11,18,9,9
2016-03-11,21,15,6
2016-03-11,14,8,6
2016-03-11,39,31,8
2016-03-11,57,40,17
2016-03-11,76,60,16
2016-03-11,30,18,12
2016-03-11,10,3,7
2016-03-11,12,6,6
2016-03-11,1,1,0
2016-03-11,4,3,1
2016-03-11,2,0,2
2016-03-12,2,2,0
2016-03-12,0,0,0
2016-03-12,0,0,0
2016-03-12,1,1,0
2016-03-12,1,1,0
2016-03-12,0,0,0
2016-03-12,0,0,0
2016-03-12,2,1,1
2016-03-12,7,4,3
2016-03-12,3,2,1
2016-03-12,5,4,1
2016-03-12,9,7,2
2016-03-12,9,3,6
2016-03-12,12,3,9
2016-03-12,18,17,1
2016-03-12,13,9,4
2016-03-12,3,2,1
2016-03-12,9,7,2
2016-03-12,9,8,1
2016-03-12,5,5,0
2016-03-12,7,5,2
2016-03-12,1,1,0
2016-03-12,1,0,1
2016-03-12,4,2,2
2016-03-13,0,0,0
2016-03-13,0,0,0
2016-03-13,0,0,0
2016-03-13,0,0,0
2016-03-13,0,0,0
2016-03-13,0,0,0
2016-03-13,0,0,0
2016-03-13,1,1,0
2016-03-13,2,0,2
2016-03-13,2,0,2
2016-03-13,1,1,0
2016-03-13,5,2,3
2016-03-13,8,4,4
2016-03-13,4,3,1
2016-03-13,5,5,0
2016-03-13,4,2,2
2016-03-13,9,6,3
2016-03-13,4,1,3
2016-03-13,5,2,3
2016-03-13,2,2,0
2016-03-13,3,2,1
2016-03-13,4,2,2
2016-03-13,2,0,2
2016-03-13,3,2,1
2016-03-14,0,0,0
2016-03-14,0,0,0
2016-03-14,0,0,0
2016-03-14,0,0,0
2016-03-14,0,0,0
2016-03-14,5,2,3
2016-03-14,15,8,7
2016-03-14,35,19,16
2016-03-14,58,34,24
2016-03-14,45,23,22
2016-03-14,18,7,11
2016-03-14,14,8,6
2016-03-14,16,10,6
2016-03-14,15,5,10
2016-03-14,17,7,10
2016-03-14,24,15,9
2016-03-14,45,33,12
2016-03-14,85,68,17
2016-03-14,46,24,22
2016-03-14,12,7,5
2016-03-14,4,2,2
2016-03-14,4,3,1
2016-03-14,3,0,3
2016-03-14,3,2,1
2016-03-15,1,0,1
2016-03-15,5,0,5
2016-03-15,2,1,1
2016-03-15,0,0,0
2016-03-15,1,0,1
2016-03-15,5,3,2
2016-03-15,21,11,10
2016-03-15,37,24,13
2016-03-15,73,48,25
2016-03-15,47,26,21
2016-03-15,26,21,5
2016-03-15,9,3,6
2016-03-15,17,9,8
2016-03-15,19,13,6
2016-03-15,21,9,12
2016-03-15,42,27,15
2016-03-15,64,45,19
2016-03-15,109,78,31
2016-03-15,45,25,20
2016-03-15,14,11,3
2016-03-15,6,5,1
2016-03-15,5,1,4
2016-03-15,2,1,1
2016-03-15,0,0,0
2016-03-16,1,1,0
2016-03-16,0,0,0
2016-03-16,2,1,1
2016-03-16,0,0,0
2016-03-16,0,0,0
2016-03-16,4,1,3
2016-03-16,30,16,14
2016-03-16,55,38,17
2016-03-16,90,50,40
2016-03-16,54,28,26
2016-03-16,27,15,12
2016-03-16,27,20,7
2016-03-16,24,11,13
2016-03-16,16,10,6
2016-03-16,17,10,7
2016-03-16,43,28,15
2016-03-16,81,58,23
2016-03-16,135,98,37
2016-03-16,53,31,22
2016-03-16,23,12,11
2016-03-16,6,4,2
2016-03-16,7,4,3
2016-03-16,6,4,2
2016-03-16,0,0,0
2016-03-17,1,1,0
2016-03-17,0,0,0
2016-03-17,2,1,1
2016-03-17,0,0,0
2016-03-17,1,1,0
2016-03-17,4,1,3
2016-03-17,31,21,10
2016-03-17,79,56,23
2016-03-17,95,53,42
2016-03-17,48,27,21
2016-03-17,23,17,6
2016-03-17,13,8,5
2016-03-17,21,9,12
2016-03-17,27,10,17
2016-03-17,29,23,6
2016-03-17,39,27,12
2016-03-17,79,62,17
2016-03-17,138,86,52
2016-03-17,55,34,21
2016-03-17,26,14,12
2016-03-17,5,4,1
2016-03-17,7,6,1
2016-03-17,5,3,2
2016-03-17,3,1,2
2016-03-18,3,2,1
2016-03-18,0,0,0
2016-03-18,2,0,2
2016-03-18,1,1,0
2016-03-18,0,0,0
2016-03-18,4,1,3
2016-03-18,19,10,9
2016-03-18,55,36,19
2016-03-18,84,57,27
2016-03-18,43,27,16
2016-03-18,27,17,10
2016-03-18,23,14,9
2016-03-18,32,22,10
2016-03-18,22,14,8
2016-03-18,31,24,7
2016-03-18,48,25,23
2016-03-18,89,59,30
2016-03-18,88,60,28
2016-03-18,29,20,9
2016-03-18,25,11,14
2016-03-18,7,4,3
2016-03-18,6,4,2
2016-03-18,3,1,2
2016-03-18,7,5,2
2016-03-19,3,2,1
2016-03-19,2,1,1
2016-03-19,0,0,0
2016-03-19,0,0,0
2016-03-19,1,1,0
2016-03-19,0,0,0
2016-03-19,1,0,1
2016-03-19,3,2,1
2016-03-19,11,6,5
2016-03-19,3,2,1
2016-03-19,7,4,3
2016-03-19,18,7,11
2016-03-19,22,6,16
2016-03-19,14,7,7
2016-03-19,16,13,3
2016-03-19,8,2,6
2016-03-19,16,8,8
2016-03-19,20,13,7
2016-03-19,14,13,1
2016-03-19,8,4,4
2016-03-19,3,2,1
2016-03-19,13,1,12
2016-03-19,7,5,2
2016-03-19,4,1,3
2016-03-20,5,4,1
2016-03-20,3,2,1
2016-03-20,0,0,0
2016-03-20,1,1,0
2016-03-20,0,0,0
2016-03-20,0,0,0
2016-03-20,1,1,0
2016-03-20,0,0,0
2016-03-20,6,5,1
2016-03-20,12,6,6
2016-03-20,7,6,1
2016-03-20,9,5,4
2016-03-20,7,4,3
2016-03-20,5,2,3
2016-03-20,8,4,4
2016-03-20,7,5,2
2016-03-20,8,7,1
2016-03-20,4,2,2
2016-03-20,5,5,0
2016-03-20,8,7,1
2016-03-20,7,3,4
2016-03-20,2,1,1
2016-03-20,3,1,2
2016-03-20,2,0,2
2016-03-21,1,1,0
2016-03-21,1,1,0
2016-03-21,1,1,0
2016-03-21,4,0,4
2016-03-21,1,0,1
2016-03-21,3,1,2
2016-03-21,11,6,5
2016-03-21,38,22,16
2016-03-21,67,42,25
2016-03-21,37,20,17
2016-03-21,13,6,7
2016-03-21,6,3,3
2016-03-21,13,7,6
2016-03-21,8,4,4
2016-03-21,17,8,9
2016-03-21,23,16,7
2016-03-21,55,42,13
2016-03-21,79,58,21
2016-03-21,40,19,21
2016-03-21,10,6,4
2016-03-21,4,3,1
2016-03-21,6,4,2
2016-03-21,0,0,0
2016-03-21,3,2,1
2016-03-22,1,1,0
2016-03-22,1,1,0
2016-03-22,0,0,0
2016-03-22,0,0,0
2016-03-22,1,0,1
2016-03-22,2,0,2
2016-03-22,29,21,8
2016-03-22,61,38,23
2016-03-22,75,53,22
2016-03-22,38,22,16
2016-03-22,12,7,5
2016-03-22,17,14,3
2016-03-22,16,7,9
2016-03-22,15,7,8
2016-03-22,22,16,6
2016-03-22,45,29,16
2016-03-22,59,38,21
2016-03-22,116,77,39
2016-03-22,37,27,10
2016-03-22,19,15,4
2016-03-22,9,3,6
2016-03-22,5,5,0
2016-03-22,3,2,1
2016-03-22,0,0,0
2016-03-23,1,1,0
2016-03-23,1,1,0
2016-03-23,3,3,0
2016-03-23,1,1,0
2016-03-23,1,0,1
2016-03-23,5,0,5
2016-03-23,19,13,6
2016-03-23,44,29,15
2016-03-23,70,41,29
2016-03-23,35,26,9
2016-03-23,25,16,9
2016-03-23,13,5,8
2016-03-23,14,9,5
2016-03-23,11,8,3
2016-03-23,24,14,10
2016-03-23,40,26,14
2016-03-23,82,60,22
2016-03-23,106,78,28
2016-03-23,30,23,7
2016-03-23,19,12,7
2016-03-23,9,3,6
2016-03-23,5,4,1
2016-03-23,1,0,1
2016-03-23,1,1,0
2016-03-24,2,2,0
2016-03-24,1,0,1
2016-03-24,0,0,0
2016-03-24,0,0,0
2016-03-24,0,0,0
2016-03-24,3,0,3
2016-03-24,18,12,6
2016-03-24,48,32,16
2016-03-24,77,53,24
2016-03-24,48,29,19
2016-03-24,23,14,9
2016-03-24,15,10,5
2016-03-24,15,9,6
2016-03-24,22,13,9
2016-03-24,24,15,9
2016-03-24,21,11,10
2016-03-24,75,58,17
2016-03-24,85,54,31
2016-03-24,45,26,19
2016-03-24,17,14,3
2016-03-24,8,6,2
2016-03-24,6,4,2
2016-03-24,4,3,1
2016-03-24,4,2,2
2016-03-25,3,2,1
2016-03-25,0,0,0
2016-03-25,0,0,0
2016-03-25,0,0,0
2016-03-25,1,0,1
2016-03-25,0,0,0
2016-03-25,27,15,12
2016-03-25,41,27,14
2016-03-25,69,40,29
2016-03-25,45,26,19
2016-03-25,23,17,6
2016-03-25,30,25,5
2016-03-25,27,20,7
2016-03-25,27,14,13
2016-03-25,29,26,3
2016-03-25,46,34,12
2016-03-25,94,68,26
2016-03-25,83,58,25
2016-03-25,42,30,12
2016-03-25,12,8,4
2016-03-25,19,8,11
2016-03-25,22,6,16
2016-03-25,9,1,8
2016-03-25,6,3,3
2016-03-26,4,4,0
2016-03-26,2,2,0
2016-03-26,1,1,0
2016-03-26,0,0,0
2016-03-26,0,0,0
2016-03-26,0,0,0
2016-03-26,1,1,0
2016-03-26,0,0,0
2016-03-26,5,4,1
2016-03-26,5,1,4
2016-03-26,4,2,2
2016-03-26,12,8,4
2016-03-26,12,7,5
2016-03-26,18,7,11
2016-03-26,13,5,8
2016-03-26,14,6,8
2016-03-26,12,10,2
2016-03-26,2,2,0
2016-03-26,7,3,4
2016-03-26,5,4,1
2016-03-26,0,0,0
2016-03-26,3,2,1
2016-03-26,9,6,3
2016-03-26,4,1,3
2016-03-27,1,1,0
2016-03-27,3,2,1
2016-03-27,4,2,2
2016-03-27,0,0,0
2016-03-27,1,1,0
2016-03-27,0,0,0
2016-03-27,1,1,0
2016-03-27,1,1,0
2016-03-27,2,0,2
2016-03-27,2,2,0
2016-03-27,3,3,0
2016-03-27,2,1,1
2016-03-27,2,1,1
2016-03-27,8,4,4
2016-03-27,3,2,1
2016-03-27,5,4,1
2016-03-27,2,2,0
2016-03-27,9,5,4
2016-03-27,2,1,1
2016-03-27,1,0,1
2016-03-27,1,0,1
2016-03-27,3,2,1
2016-03-27,0,0,0
2016-03-27,0,0,0
2016-03-28,2,2,0
2016-03-28,0,0,0
2016-03-28,2,2,0
2016-03-28,0,0,0
2016-03-28,1,1,0
2016-03-28,5,1,4
2016-03-28,21,14,7
2016-03-28,56,34,22
2016-03-28,86,49,37
2016-03-28,47,26,21
2016-03-28,11,6,5
2016-03-28,10,3,7
2016-03-28,18,11,7
2016-03-28,11,6,5
2016-03-28,21,12,9
2016-03-28,25,16,9
2016-03-28,67,51,16
2016-03-28,105,75,30
2016-03-28,47,33,14
2016-03-28,23,15,8
2016-03-28,11,8,3
2016-03-28,6,5,1
2016-03-28,3,2,1
2016-03-28,1,0,1
2016-03-29,2,2,0
2016-03-29,2,1,1
2016-03-29,2,2,0
2016-03-29,0,0,0
2016-03-29,0,0,0
2016-03-29,9,2,7
2016-03-29,26,18,8
2016-03-29,70,42,28
2016-03-29,106,73,33
2016-03-29,48,22,26
2016-03-29,12,5,7
2016-03-29,29,16,13
2016-03-29,20,13,7
2016-03-29,19,11,8
2016-03-29,31,19,12
2016-03-29,39,31,8
2016-03-29,78,54,24
2016-03-29,118,77,41
2016-03-29,58,31,27
2016-03-29,29,20,9
2016-03-29,12,6,6
2016-03-29,8,2,6
2016-03-29,5,5,0
2016-03-29,3,1,2
2016-03-30,2,1,1
2016-03-30,0,0,0
2016-03-30,0,0,0
2016-03-30,0,0,0
2016-03-30,0,0,0
2016-03-30,8,3,5
2016-03-30,32,21,11
2016-03-30,62,42,20
2016-03-30,132,87,45
2016-03-30,53,35,18
2016-03-30,26,17,9
2016-03-30,14,9,5
2016-03-30,29,13,16
2016-03-30,26,16,10
2016-03-30,33,19,14
2016-03-30,41,26,15
2016-03-30,97,71,26
2016-03-30,150,95,55
2016-03-30,54,38,16
2016-03-30,18,10,8
2016-03-30,16,11,5
2016-03-30,8,6,2
2016-03-30,5,5,0
2016-03-30,3,2,1
2016-03-31,2,2,0
2016-03-31,0,0,0
2016-03-31,0,0,0
2016-03-31,0,0,0
2016-03-31,1,1,0
2016-03-31,7,2,5
2016-03-31,30,16,14
2016-03-31,77,48,29
2016-03-31,94,58,36
2016-03-31,52,28,24
2016-03-31,22,8,14
2016-03-31,19,13,6
2016-03-31,19,10,9
2016-03-31,20,12,8
2016-03-31,30,20,10
2016-03-31,49,37,12
2016-03-31,106,76,30
2016-03-31,137,95,42
2016-03-31,66,39,27
2016-03-31,11,8,3
2016-03-31,17,14,3
2016-03-31,4,3,1
2016-03-31,8,4,4
2016-03-31,5,3,2
2016-04-01,2,2,0
2016-04-01,0,0,0
2016-04-01,2,1,1
2016-04-01,0,0,0
2016-04-01,1,0,1
2016-04-01,3,1,2
2016-04-01,24,13,11
2016-04-01,50,28,22
2016-04-01,85,57,28
2016-04-01,38,30,8
2016-04-01,20,13,7
2016-04-01,12,7,5
2016-04-01,39,29,10
2016-04-01,31,17,14
2016-04-01,29,18,11
2016-04-01,58,44,14
2016-04-01,86,57,29
2016-04-01,106,79,27
2016-04-01,45,24,21
2016-04-01,12,7,5
2016-04-01,13,7,6
2016-04-01,10,4,6
2016-04-01,6,1,5
2016-04-01,1,1,0
2016-04-02,0,0,0
2016-04-02,0,0,0
2016-04-02,0,0,0
2016-04-02,0,0,0
2016-04-02,0,0,0
2016-04-02,0,0,0
2016-04-02,0,0,0
2016-04-02,0,0,0
2016-04-02,0,0,0
2016-04-02,0,0,0
2016-04-02,0,0,0
2016-04-02,0,0,0
2016-04-02,0,0,0
2016-04-02,0,0,0
2016-04-02,0,0,0
2016-04-02,0,0,0
2016-04-02,0,0,0
2016-04-02,0,0,0
2016-04-02,0,0,0
2016-04-02,0,0,0
2016-04-02,1,1,0
2016-04-02,0,0,0
2016-04-02,0,0,0
2016-04-02,0,0,0
2016-04-03,0,0,0
2016-04-03,0,0,0
2016-04-03,0,0,0
2016-04-03,0,0,0
2016-04-03,0,0,0
2016-04-03,0,0,0
2016-04-03,0,0,0
2016-04-03,0,0,0
2016-04-03,1,0,1
2016-04-03,0,0,0
2016-04-03,0,0,0
2016-04-03,0,0,0
2016-04-03,0,0,0
2016-04-03,0,0,0
2016-04-03,0,0,0
2016-04-03,0,0,0
2016-04-03,0,0,0
2016-04-03,0,0,0
2016-04-03,0,0,0
2016-04-03,0,0,0
2016-04-03,0,0,0
2016-04-03,0,0,0
2016-04-03,0,0,0
2016-04-03,0,0,0
2016-04-04,0,0,0
2016-04-04,0,0,0
2016-04-04,0,0,0
2016-04-04,0,0,0
2016-04-04,0,0,0
2016-04-04,0,0,0
2016-04-04,0,0,0
2016-04-04,0,0,0
2016-04-04,0,0,0
2016-04-04,0,0,0
2016-04-04,0,0,0
2016-04-04,9,5,4
2016-04-04,23,7,16
2016-04-04,15,9,6
2016-04-04,20,9,11
2016-04-04,21,17,4
2016-04-04,63,43,20
2016-04-04,97,67,30
2016-04-04,31,22,9
2016-04-04,23,14,9
2016-04-04,9,6,3
2016-04-04,6,5,1
2016-04-04,5,4,1
2016-04-04,3,2,1
2016-04-05,1,1,0
2016-04-05,0,0,0
2016-04-05,2,1,1
2016-04-05,0,0,0
2016-04-05,3,3,0
2016-04-05,14,7,7
2016-04-05,24,12,12
2016-04-05,74,47,27
2016-04-05,82,65,17
2016-04-05,28,15,13
2016-04-05,12,10,2
2016-04-05,9,6,3
2016-04-05,15,6,9
2016-04-05,10,4,6
2016-04-05,10,8,2
2016-04-05,34,21,13
2016-04-05,43,30,13
2016-04-05,91,72,19
2016-04-05,37,23,14
2016-04-05,14,10,4
2016-04-05,11,10,1
2016-04-05,2,0,2
2016-04-05,0,0,0
2016-04-05,1,0,1
2016-04-06,1,1,0
2016-04-06,0,0,0
2016-04-06,0,0,0
2016-04-06,0,0,0
2016-04-06,0,0,0
2016-04-06,5,4,1
2016-04-06,26,14,12
2016-04-06,37,24,13
2016-04-06,70,48,22
2016-04-06,30,17,13
2016-04-06,12,10,2
2016-04-06,11,8,3
2016-04-06,17,7,10
2016-04-06,17,12,5
2016-04-06,14,9,5
2016-04-06,28,21,7
2016-04-06,54,40,14
2016-04-06,92,73,19
2016-04-06,36,28,8
2016-04-06,20,10,10
2016-04-06,2,1,1
2016-04-06,2,2,0
2016-04-06,2,2,0
2016-04-06,2,1,1
2016-04-07,1,1,0
2016-04-07,1,0,1
2016-04-07,2,1,1
2016-04-07,16,8,8
2016-04-07,1,1,0
2016-04-07,5,4,1
2016-04-07,22,13,9
2016-04-07,41,23,18
2016-04-07,27,11,16
2016-04-07,17,1,16
2016-04-07,4,1,3
2016-04-07,8,2,6
2016-04-07,20,4,16
2016-04-07,6,0,6
2016-04-07,6,4,2
2016-04-07,17,7,10
2016-04-07,24,13,11
2016-04-07,33,16,17
2016-04-07,20,9,11
2016-04-07,8,6,2
2016-04-07,5,2,3
2016-04-07,4,1,3
2016-04-07,0,0,0
2016-04-07,2,1,1
2016-04-08,0,0,0
2016-04-08,0,0,0
2016-04-08,0,0,0
2016-04-08,1,0,1
2016-04-08,0,0,0
2016-04-08,1,0,1
2016-04-08,4,0,4
2016-04-08,12,3,9
2016-04-08,48,25,23
2016-04-08,26,10,16
2016-04-08,16,10,6
2016-04-08,17,9,8
2016-04-08,26,9,17
2016-04-08,18,11,7
2016-04-08,19,14,5
2016-04-08,38,24,14
2016-04-08,64,52,12
2016-04-08,111,73,38
2016-04-08,43,34,9
2016-04-08,15,6,9
2016-04-08,12,6,6
2016-04-08,5,0,5
2016-04-08,8,2,6
2016-04-08,8,5,3
2016-04-09,5,4,1
2016-04-09,1,1,0
2016-04-09,1,0,1
2016-04-09,0,0,0
2016-04-09,0,0,0
2016-04-09,1,0,1
2016-04-09,0,0,0
2016-04-09,3,1,2
2016-04-09,23,18,5
2016-04-09,12,6,6
2016-04-09,7,4,3
2016-04-09,10,5,5
2016-04-09,16,11,5
2016-04-09,19,8,11
2016-04-09,24,11,13
2016-04-09,17,8,9
2016-04-09,13,10,3
2016-04-09,22,9,13
2016-04-09,21,13,8
2016-04-09,9,4,5
2016-04-09,14,8,6
2016-04-09,21,10,11
2016-04-09,2,1,1
2016-04-09,2,1,1
2016-04-10,2,2,0
2016-04-10,2,2,0
2016-04-10,0,0,0
2016-04-10,1,1,0
2016-04-10,0,0,0
2016-04-10,1,1,0
2016-04-10,1,0,1
2016-04-10,5,3,2
2016-04-10,4,4,0
2016-04-10,13,9,4
2016-04-10,5,4,1
2016-04-10,14,12,2
2016-04-10,16,15,1
2016-04-10,16,7,9
2016-04-10,16,5,11
2016-04-10,11,7,4
2016-04-10,19,6,13
2016-04-10,7,5,2
2016-04-10,12,4,8
2016-04-10,10,7,3
2016-04-10,5,3,2
2016-04-10,4,4,0
2016-04-10,2,1,1
2016-04-10,1,0,1
2016-04-11,0,0,0
2016-04-11,0,0,0
2016-04-11,0,0,0
2016-04-11,0,0,0
2016-04-11,0,0,0
2016-04-11,3,2,1
2016-04-11,14,5,9
2016-04-11,36,18,18
2016-04-11,68,37,31
2016-04-11,24,7,17
2016-04-11,16,7,9
2016-04-11,10,6,4
2016-04-11,12,9,3
2016-04-11,9,5,4
2016-04-11,13,9,4
2016-04-11,27,17,10
2016-04-11,64,51,13
2016-04-11,108,79,29
2016-04-11,40,27,13
2016-04-11,19,10,9
2016-04-11,5,4,1
2016-04-11,6,4,2
2016-04-11,4,0,4
2016-04-11,4,3,1
2016-04-12,3,0,3
2016-04-12,0,0,0
2016-04-12,1,1,0
2016-04-12,0,0,0
2016-04-12,1,1,0
2016-04-12,6,2,4
2016-04-12,11,5,6
2016-04-12,39,20,19
2016-04-12,52,32,20
2016-04-12,41,19,22
2016-04-12,19,9,10
2016-04-12,17,9,8
2016-04-12,15,7,8
2016-04-12,8,4,4
2016-04-12,20,11,9
2016-04-12,20,10,10
2016-04-12,35,28,7
2016-04-12,64,44,20
2016-04-12,30,17,13
2016-04-12,12,7,5
2016-04-12,5,4,1
2016-04-12,4,2,2
2016-04-12,3,2,1
2016-04-12,0,0,0
2016-04-13,1,1,0
2016-04-13,0,0,0
2016-04-13,0,0,0
2016-04-13,3,1,2
2016-04-13,0,0,0
2016-04-13,4,1,3
2016-04-13,13,6,7
2016-04-13,39,24,15
2016-04-13,49,23,26
2016-04-13,31,14,17
2016-04-13,17,10,7
2016-04-13,18,9,9
2016-04-13,24,8,16
2016-04-13,16,5,11
2016-04-13,25,15,10
2016-04-13,36,28,8
2016-04-13,56,41,15
2016-04-13,79,50,29
2016-04-13,47,29,18
2016-04-13,21,13,8
2016-04-13,11,7,4
2016-04-13,5,3,2
2016-04-13,1,0,1
2016-04-13,4,3,1
2016-04-14,0,0,0
2016-04-14,0,0,0
2016-04-14,0,0,0
2016-04-14,1,1,0
2016-04-14,0,0,0
2016-04-14,5,4,1
2016-04-14,15,9,6
2016-04-14,36,14,22
2016-04-14,62,31,31
2016-04-14,34,17,17
2016-04-14,21,9,12
2016-04-14,21,10,11
2016-04-14,17,10,7
2016-04-14,18,13,5
2016-04-14,28,21,7
2016-04-14,31,23,8
2016-04-14,72,47,25
2016-04-14,107,79,28
2016-04-14,43,32,11
2016-04-14,16,9,7
2016-04-14,12,8,4
2016-04-14,5,3,2
2016-04-14,1,1,0
2016-04-14,4,2,2
2016-04-15,2,2,0
2016-04-15,1,1,0
2016-04-15,2,1,1
2016-04-15,1,1,0
2016-04-15,0,0,0
2016-04-15,6,3,3
2016-04-15,15,6,9
2016-04-15,33,13,20
2016-04-15,61,41,20
2016-04-15,27,11,16
2016-04-15,29,18,11
2016-04-15,24,13,11
2016-04-15,25,13,12
2016-04-15,22,14,8
2016-04-15,24,13,11
2016-04-15,44,30,14
2016-04-15,71,58,13
2016-04-15,85,56,29
2016-04-15,34,21,13
2016-04-15,16,11,5
2016-04-15,8,5,3
2016-04-15,1,1,0
2016-04-15,3,2,1
2016-04-15,1,0,1
2016-04-16,3,3,0
2016-04-16,2,2,0
2016-04-16,0,0,0
2016-04-16,3,2,1
2016-04-16,0,0,0
2016-04-16,1,1,0
2016-04-16,5,5,0
2016-04-16,5,3,2
2016-04-16,13,8,5
2016-04-16,16,7,9
2016-04-16,13,10,3
2016-04-16,9,7,2
2016-04-16,25,14,11
2016-04-16,36,9,27
2016-04-16,14,9,5
2016-04-16,35,29,6
2016-04-16,21,13,8
2016-04-16,26,20,6
2016-04-16,34,30,4
2016-04-16,9,5,4
2016-04-16,12,5,7
2016-04-16,22,6,16
2016-04-16,12,7,5
2016-04-16,4,3,1
2016-04-17,4,4,0
2016-04-17,1,1,0
2016-04-17,3,2,1
2016-04-17,0,0,0
2016-04-17,0,0,0
2016-04-17,1,1,0
2016-04-17,3,3,0
2016-04-17,1,1,0
2016-04-17,4,2,2
2016-04-17,8,5,3
2016-04-17,9,6,3
2016-04-17,13,11,2
2016-04-17,19,14,5
2016-04-17,19,12,7
2016-04-17,16,8,8
2016-04-17,27,11,16
2016-04-17,34,18,16
2016-04-17,29,21,8
2016-04-17,16,12,4
2016-04-17,9,4,5
2016-04-17,5,3,2
2016-04-17,1,0,1
2016-04-17,3,1,2
2016-04-17,2,2,0
2016-04-18,1,1,0
2016-04-18,0,0,0
2016-04-18,0,0,0
2016-04-18,0,0,0
2016-04-18,0,0,0
2016-04-18,7,4,3
2016-04-18,26,16,10
2016-04-18,36,18,18
2016-04-18,25,3,22
2016-04-18,21,4,17
2016-04-18,4,1,3
2016-04-18,2,0,2
2016-04-18,7,2,5
2016-04-18,5,0,5
2016-04-18,4,3,1
2016-04-18,9,5,4
2016-04-18,29,14,15
2016-04-18,27,10,17
2016-04-18,6,0,6
2016-04-18,6,1,5
2016-04-18,5,3,2
2016-04-18,0,0,0
2016-04-18,2,1,1
2016-04-18,0,0,0
2016-04-19,3,2,1
2016-04-19,0,0,0
2016-04-19,0,0,0
2016-04-19,0,0,0
2016-04-19,1,1,0
2016-04-19,2,0,2
2016-04-19,13,4,9
2016-04-19,13,2,11
2016-04-19,24,4,20
2016-04-19,9,2,7
2016-04-19,10,2,8
2016-04-19,2,1,1
2016-04-19,1,0,1
2016-04-19,8,3,5
2016-04-19,18,11,7
2016-04-19,55,38,17
2016-04-19,94,71,23
2016-04-19,148,98,50
2016-04-19,61,37,24
2016-04-19,18,6,12
2016-04-19,11,10,1
2016-04-19,9,6,3
2016-04-19,3,2,1
2016-04-19,2,0,2
2016-04-20,2,2,0
2016-04-20,1,0,1
2016-04-20,0,0,0
2016-04-20,1,1,0
2016-04-20,0,0,0
2016-04-20,13,10,3
2016-04-20,29,15,14
2016-04-20,51,26,25
2016-04-20,109,67,42
2016-04-20,44,24,20
2016-04-20,24,16,8
2016-04-20,22,10,12
2016-04-20,24,18,6
2016-04-20,22,13,9
2016-04-20,27,17,10
2016-04-20,46,37,9
2016-04-20,89,74,15
2016-04-20,131,99,32
2016-04-20,58,38,20
2016-04-20,28,17,11
2016-04-20,10,4,6
2016-04-20,5,3,2
2016-04-20,4,3,1
2016-04-20,0,0,0
2016-04-21,1,1,0
2016-04-21,0,0,0
2016-04-21,0,0,0
2016-04-21,2,2,0
2016-04-21,0,0,0
2016-04-21,5,3,2
2016-04-21,25,10,15
2016-04-21,63,34,29
2016-04-21,114,72,42
2016-04-21,44,25,19
2016-04-21,29,17,12
2016-04-21,14,3,11
2016-04-21,20,13,7
2016-04-21,19,14,5
2016-04-21,29,17,12
2016-04-21,49,33,16
2016-04-21,107,75,32
2016-04-21,152,109,43
2016-04-21,67,45,22
2016-04-21,12,7,5
2016-04-21,24,16,8
2016-04-21,5,4,1
2016-04-21,6,6,0
2016-04-21,0,0,0
2016-04-22,3,2,1
2016-04-22,0,0,0
2016-04-22,0,0,0
2016-04-22,0,0,0
2016-04-22,1,1,0
2016-04-22,1,1,0
2016-04-22,19,8,11
2016-04-22,36,15,21
2016-04-22,61,34,27
2016-04-22,3,2,1
2016-04-22,5,5,0
2016-04-22,1,1,0
2016-04-22,9,7,2
2016-04-22,2,2,0
2016-04-22,7,2,5
2016-04-22,28,17,11
2016-04-22,71,47,24
2016-04-22,90,61,29
2016-04-22,33,22,11
2016-04-22,11,8,3
2016-04-22,10,3,7
2016-04-22,4,2,2
2016-04-22,1,0,1
2016-04-22,3,1,2
2016-04-23,1,1,0
2016-04-23,0,0,0
2016-04-23,5,4,1
2016-04-23,0,0,0
2016-04-23,0,0,0
2016-04-23,1,0,1
2016-04-23,0,0,0
2016-04-23,3,0,3
2016-04-23,2,0,2
2016-04-23,5,2,3
2016-04-23,0,0,0
2016-04-23,0,0,0
2016-04-23,0,0,0
2016-04-23,1,1,0
2016-04-23,16,11,5
2016-04-23,25,16,9
2016-04-23,15,10,5
2016-04-23,8,6,2
2016-04-23,12,7,5
2016-04-23,4,3,1
2016-04-23,7,4,3
2016-04-23,1,1,0
2016-04-23,1,1,0
2016-04-23,3,2,1
2016-04-24,1,1,0
2016-04-24,2,2,0
2016-04-24,1,1,0
2016-04-24,0,0,0
2016-04-24,1,1,0
2016-04-24,0,0,0
2016-04-24,1,1,0
2016-04-24,2,2,0
2016-04-24,3,0,3
2016-04-24,2,0,2
2016-04-24,0,0,0
2016-04-24,2,1,1
2016-04-24,1,0,1
2016-04-24,3,3,0
2016-04-24,5,3,2
2016-04-24,9,7,2
2016-04-24,3,1,2
2016-04-24,8,7,1
2016-04-24,8,4,4
2016-04-24,4,3,1
2016-04-24,5,4,1
2016-04-24,1,1,0
2016-04-24,4,1,3
2016-04-24,2,1,1
2016-04-25,1,1,0
2016-04-25,0,0,0
2016-04-25,0,0,0
2016-04-25,0,0,0
2016-04-25,0,0,0
2016-04-25,4,2,2
2016-04-25,14,7,7
2016-04-25,43,25,18
2016-04-25,69,40,29
2016-04-25,6,1,5
2016-04-25,2,2,0
2016-04-25,0,0,0
2016-04-25,12,5,7
2016-04-25,11,4,7
2016-04-25,2,1,1
2016-04-25,4,1,3
2016-04-25,11,9,2
2016-04-25,25,13,12
2016-04-25,9,5,4
2016-04-25,3,3,0
2016-04-25,3,1,2
2016-04-25,3,0,3
2016-04-25,1,0,1
2016-04-25,0,0,0
2016-04-26,1,0,1
2016-04-26,0,0,0
2016-04-26,0,0,0
2016-04-26,0,0,0
2016-04-26,1,0,1
2016-04-26,2,1,1
2016-04-26,4,2,2
2016-04-26,16,4,12
2016-04-26,32,8,24
2016-04-26,4,0,4
2016-04-26,8,4,4
2016-04-26,13,9,4
2016-04-26,12,8,4
2016-04-26,68,38,30
2016-04-26,75,37,38
2016-04-26,105,53,52
2016-04-26,195,108,87
2016-04-26,303,154,149
2016-04-26,139,66,73
2016-04-26,66,31,35
2016-04-26,27,15,12
2016-04-26,10,4,6
2016-04-26,10,6,4
2016-04-26,2,1,1
2016-04-27,6,3,3
2016-04-27,2,1,1
2016-04-27,0,0,0
2016-04-27,0,0,0
2016-04-27,0,0,0
2016-04-27,16,8,8
2016-04-27,56,28,28
2016-04-27,136,68,68
2016-04-27,209,105,104
2016-04-27,116,54,62
2016-04-27,47,23,24
2016-04-27,52,27,25
2016-04-27,53,31,22
2016-04-27,59,32,27
2016-04-27,50,25,25
2016-04-27,93,48,45
2016-04-27,194,102,92
2016-04-27,339,171,168
2016-04-27,162,83,79
2016-04-27,61,26,35
2016-04-27,26,14,12
2016-04-27,11,5,6
2016-04-27,26,12,14
2016-04-27,2,1,1
2016-04-28,11,6,5
2016-04-28,2,1,1
2016-04-28,1,0,1
2016-04-28,1,0,1
2016-04-28,2,2,0
2016-04-28,13,8,5
2016-04-28,49,27,22
2016-04-28,124,67,57
2016-04-28,234,113,121
2016-04-28,112,52,60
2016-04-28,72,38,34
2016-04-28,44,21,23
2016-04-28,57,29,28
2016-04-28,47,26,21
2016-04-28,49,23,26
2016-04-28,69,34,35
2016-04-28,231,122,109
2016-04-28,306,160,146
2016-04-28,129,64,65
2016-04-28,62,31,31
2016-04-28,38,22,16
2016-04-28,25,14,11
2016-04-28,7,4,3
2016-04-28,6,3,3
2016-04-29,4,3,1
2016-04-29,0,0,0
2016-04-29,0,0,0
2016-04-29,4,2,2
2016-04-29,2,1,1
2016-04-29,5,2,3
2016-04-29,70,36,34
2016-04-29,131,67,64
2016-04-29,199,104,95
2016-04-29,88,41,47
2016-04-29,39,19,20
2016-04-29,41,20,21
2016-04-29,20,9,11
2016-04-29,26,10,16
2016-04-29,44,18,26
2016-04-29,47,15,32
2016-04-29,116,45,71
2016-04-29,149,43,106
2016-04-29,69,24,45
2016-04-29,26,5,21
2016-04-29,10,2,8
2016-04-29,6,1,5
2016-04-29,13,8,5
2016-04-29,7,4,3
2016-04-30,8,2,6
2016-04-30,3,3,0
2016-04-30,8,5,3
2016-04-30,1,1,0
2016-04-30,1,1,0
2016-04-30,2,0,2
2016-04-30,7,0,7
2016-04-30,10,3,7
2016-04-30,9,3,6
2016-04-30,20,6,14
2016-04-30,30,13,17
2016-04-30,34,7,27
2016-04-30,79,14,65
2016-04-30,36,14,22
2016-04-30,23,9,14
2016-04-30,73,55,18
2016-04-30,38,18,20
2016-04-30,23,10,13
2016-04-30,27,11,16
2016-04-30,16,7,9
2016-04-30,12,7,5
2016-04-30,10,9,1
2016-04-30,10,9,1
2016-04-30,5,3,2
2016-05-01,6,2,4
2016-05-01,2,1,1
2016-05-01,2,2,0
2016-05-01,0,0,0
2016-05-01,0,0,0
2016-05-01,2,0,2
2016-05-01,2,0,2
2016-05-01,8,5,3
2016-05-01,18,7,11
2016-05-01,21,5,16
2016-05-01,19,5,14
2016-05-01,42,12,30
2016-05-01,47,15,32
2016-05-01,44,19,25
2016-05-01,37,26,11
2016-05-01,44,20,24
2016-05-01,41,27,14
2016-05-01,22,15,7
2016-05-01,15,8,7
2016-05-01,19,8,11
2016-05-01,10,6,4
2016-05-01,7,4,3
2016-05-01,2,1,1
2016-05-01,4,3,1
2016-05-02,2,0,2
2016-05-02,0,0,0
2016-05-02,1,0,1
2016-05-02,1,0,1
2016-05-02,0,0,0
2016-05-02,11,8,3
2016-05-02,44,23,21
2016-05-02,143,80,63
2016-05-02,191,93,98
2016-05-02,105,51,54
2016-05-02,41,19,22
2016-05-02,22,11,11
2016-05-02,37,23,14
2016-05-02,45,24,21
2016-05-02,40,11,29
2016-05-02,70,22,48
2016-05-02,185,53,132
2016-05-02,246,78,168
2016-05-02,119,42,77
2016-05-02,40,11,29
2016-05-02,22,11,11
2016-05-02,13,4,9
2016-05-02,12,5,7
2016-05-02,6,2,4
2016-05-03,3,1,2
2016-05-03,0,0,0
2016-05-03,2,1,1
2016-05-03,1,0,1
2016-05-03,1,1,0
2016-05-03,14,6,8
2016-05-03,41,24,17
2016-05-03,163,87,76
2016-05-03,178,87,91
2016-05-03,89,45,44
2016-05-03,33,17,16
2016-05-03,27,12,15
2016-05-03,46,26,20
2016-05-03,36,18,18
2016-05-03,43,12,31
2016-05-03,69,22,47
2016-05-03,159,41,118
2016-05-03,265,90,175
2016-05-03,106,44,62
2016-05-03,46,19,27
2016-05-03,15,8,7
2016-05-03,10,3,7
2016-05-03,7,4,3
2016-05-03,2,1,1
2016-05-04,3,0,3
2016-05-04,1,1,0
2016-05-04,1,0,1
2016-05-04,1,0,1
2016-05-04,1,0,1
2016-05-04,13,7,6
2016-05-04,51,29,22
2016-05-04,101,53,48
2016-05-04,160,86,74
2016-05-04,82,40,42
2016-05-04,40,20,20
2016-05-04,32,16,16
2016-05-04,27,9,18
2016-05-04,51,27,24
2016-05-04,48,19,29
2016-05-04,64,22,42
2016-05-04,148,47,101
2016-05-04,211,59,152
2016-05-04,122,32,90
2016-05-04,41,19,22
2016-05-04,26,8,18
2016-05-04,9,2,7
2016-05-04,5,3,2
2016-05-04,2,2,0
2016-05-05,2,1,1
2016-05-05,0,0,0
2016-05-05,0,0,0
2016-05-05,1,1,0
2016-05-05,2,1,1
2016-05-05,12,5,7
2016-05-05,47,27,20
2016-05-05,138,68,70
2016-05-05,180,83,97
2016-05-05,81,38,43
2016-05-05,27,17,10
2016-05-05,26,11,15
2016-05-05,33,18,15
2016-05-05,27,12,15
2016-05-05,45,19,26
2016-05-05,69,25,44
2016-05-05,160,49,111
2016-05-05,216,65,151
2016-05-05,131,42,89
2016-05-05,64,31,33
2016-05-05,29,16,13
2016-05-05,15,6,9
2016-05-05,12,3,9
2016-05-05,5,3,2
2016-05-06,4,2,2
2016-05-06,1,0,1
2016-05-06,1,1,0
2016-05-06,0,0,0
2016-05-06,1,0,1
2016-05-06,6,5,1
2016-05-06,53,27,26
2016-05-06,116,56,60
2016-05-06,178,90,88
2016-05-06,104,58,46
2016-05-06,44,17,27
2016-05-06,29,13,16
2016-05-06,45,22,23
2016-05-06,44,19,25
2016-05-06,41,18,23
2016-05-06,87,28,59
2016-05-06,163,46,117
2016-05-06,216,76,140
2016-05-06,110,33,77
2016-05-06,43,22,21
2016-05-06,21,3,18
2016-05-06,11,4,7
2016-05-06,13,4,9
2016-05-06,6,3,3
2016-05-07,7,1,6
2016-05-07,1,1,0
2016-05-07,0,0,0
2016-05-07,1,0,1
2016-05-07,0,0,0
2016-05-07,3,2,1
2016-05-07,4,2,2
2016-05-07,9,4,5
2016-05-07,30,6,24
2016-05-07,25,7,18
2016-05-07,34,14,20
2016-05-07,22,9,13
2016-05-07,54,12,42
2016-05-07,44,16,28
2016-05-07,61,27,34
2016-05-07,44,15,29
2016-05-07,55,16,39
2016-05-07,38,13,25
2016-05-07,66,17,49
2016-05-07,27,16,11
2016-05-07,12,6,6
2016-05-07,45,40,5
2016-05-07,7,5,2
2016-05-07,4,2,2
2016-05-08,11,4,7
2016-05-08,3,1,2
2016-05-08,1,0,1
2016-05-08,2,2,0
2016-05-08,0,0,0
2016-05-08,2,0,2
2016-05-08,0,0,0
2016-05-08,1,1,0
2016-05-08,10,4,6
2016-05-08,7,4,3
2016-05-08,11,4,7
2016-05-08,12,5,7
2016-05-08,18,10,8
2016-05-08,14,10,4
2016-05-08,14,10,4
2016-05-08,16,10,6
2016-05-08,17,8,9
2016-05-08,14,7,7
2016-05-08,12,6,6
2016-05-08,8,4,4
2016-05-08,3,2,1
2016-05-08,7,1,6
2016-05-08,1,1,0
2016-05-08,1,0,1
2016-05-09,3,1,2
2016-05-09,2,1,1
2016-05-09,3,0,3
2016-05-09,1,0,1
2016-05-09,0,0,0
2016-05-09,11,8,3
2016-05-09,38,19,19
2016-05-09,125,53,72
2016-05-09,165,69,96
2016-05-09,101,53,48
2016-05-09,23,17,6
2016-05-09,23,9,14
2016-05-09,33,18,15
2016-05-09,32,9,23
2016-05-09,43,11,32
2016-05-09,64,23,41
2016-05-09,136,44,92
2016-05-09,249,74,175
2016-05-09,114,36,78
2016-05-09,31,7,24
2016-05-09,22,8,14
2016-05-09,16,7,9
2016-05-09,8,6,2
2016-05-09,8,5,3
2016-05-10,5,2,3
2016-05-10,2,1,1
2016-05-10,1,0,1
2016-05-10,0,0,0
2016-05-10,1,1,0
2016-05-10,11,3,8
2016-05-10,59,22,37
2016-05-10,136,57,79
2016-05-10,179,72,107
2016-05-10,99,46,53
2016-05-10,24,10,14
2016-05-10,27,8,19
2016-05-10,39,17,22
2016-05-10,34,19,15
2016-05-10,52,27,25
2016-05-10,74,21,53
2016-05-10,170,53,117
2016-05-10,265,97,168
2016-05-10,96,31,65
2016-05-10,47,13,34
2016-05-10,32,15,17
2016-05-10,16,5,11
2016-05-10,10,5,5
2016-05-10,6,3,3
2016-05-11,6,2,4
2016-05-11,0,0,0
2016-05-11,0,0,0
2016-05-11,1,1,0
2016-05-11,1,0,1
2016-05-11,14,7,7
2016-05-11,44,26,18
2016-05-11,111,44,67
2016-05-11,183,73,110
2016-05-11,95,46,49
2016-05-11,32,12,20
2016-05-11,24,11,13
2016-05-11,46,16,30
2016-05-11,24,11,13
2016-05-11,48,19,29
2016-05-11,66,18,48
2016-05-11,139,31,108
2016-05-11,256,92,164
2016-05-11,108,38,70
2016-05-11,42,14,28
2016-05-11,27,8,19
2016-05-11,13,5,8
2016-05-11,8,3,5
2016-05-11,7,5,2
2016-05-12,3,2,1
2016-05-12,0,0,0
2016-05-12,0,0,0
2016-05-12,10,9,1
2016-05-12,1,1,0
2016-05-12,15,8,7
2016-05-12,46,19,27
2016-05-12,105,45,60
2016-05-12,163,69,94
2016-05-12,94,44,50
2016-05-12,30,14,16
2016-05-12,29,11,18
2016-05-12,34,19,15
2016-05-12,47,19,28
2016-05-12,50,15,35
2016-05-12,71,27,44
2016-05-12,141,41,100
2016-05-12,216,69,147
2016-05-12,115,40,75
2016-05-12,49,26,23
2016-05-12,32,15,17
2016-05-12,15,6,9
2016-05-12,10,4,6
2016-05-12,8,4,4
2016-05-13,6,3,3
2016-05-13,0,0,0
2016-05-13,0,0,0
2016-05-13,1,0,1
2016-05-13,1,0,1
2016-05-13,18,12,6
2016-05-13,43,21,22
2016-05-13,122,63,59
2016-05-13,160,58,102
2016-05-13,79,28,51
2016-05-13,47,26,21
2016-05-13,28,11,17
2016-05-13,55,31,24
2016-05-13,46,24,22
2016-05-13,48,11,37
2016-05-13,86,29,57
2016-05-13,156,46,110
2016-05-13,204,58,146
2016-05-13,82,25,57
2016-05-13,41,15,26
2016-05-13,18,7,11
2016-05-13,18,8,10
2016-05-13,10,3,7
2016-05-13,11,7,4
2016-05-14,7,4,3
2016-05-14,3,2,1
2016-05-14,1,1,0
2016-05-14,1,0,1
2016-05-14,1,0,1
2016-05-14,2,1,1
2016-05-14,2,1,1
2016-05-14,8,5,3
2016-05-14,17,7,10
2016-05-14,12,7,5
2016-05-14,35,10,25
2016-05-14,33,10,23
2016-05-14,24,12,12
2016-05-14,20,14,6
2016-05-14,17,6,11
2016-05-14,23,14,9
2016-05-14,21,10,11
2016-05-14,31,12,19
2016-05-14,11,1,10
2016-05-14,6,3,3
2016-05-14,7,3,4
2016-05-14,17,8,9
2016-05-14,4,3,1
2016-05-14,3,1,2
2016-05-15,5,1,4
2016-05-15,2,1,1
2016-05-15,1,1,0
2016-05-15,0,0,0
2016-05-15,0,0,0
2016-05-15,0,0,0
2016-05-15,3,1,2
2016-05-15,4,3,1
2016-05-15,6,6,0
2016-05-15,3,1,2
2016-05-15,6,4,2
2016-05-15,12,7,5
2016-05-15,16,9,7
2016-05-15,10,2,8
2016-05-15,12,5,7
2016-05-15,15,9,6
2016-05-15,21,12,9
2016-05-15,20,10,10
2016-05-15,8,5,3
2016-05-15,10,4,6
2016-05-15,4,2,2
2016-05-15,0,0,0
2016-05-15,5,1,4
2016-05-15,1,0,1
2016-05-16,2,1,1
2016-05-16,0,0,0
2016-05-16,3,2,1
2016-05-16,1,0,1
2016-05-16,1,1,0
2016-05-16,8,4,4
2016-05-16,34,18,16
2016-05-16,80,31,49
2016-05-16,121,43,78
2016-05-16,74,34,40
2016-05-16,27,14,13
2016-05-16,24,13,11
2016-05-16,17,10,7
2016-05-16,25,18,7
2016-05-16,21,8,13
2016-05-16,57,24,33
2016-05-16,109,33,76
2016-05-16,185,74,111
2016-05-16,110,37,73
2016-05-16,29,8,21
2016-05-16,12,5,7
2016-05-16,19,9,10
2016-05-16,9,7,2
2016-05-16,3,2,1
2016-05-17,1,0,1
2016-05-17,0,0,0
2016-05-17,2,1,1
2016-05-17,0,0,0
2016-05-17,1,0,1
2016-05-17,8,4,4
2016-05-17,53,25,28
2016-05-17,124,53,71
2016-05-17,168,65,103
2016-05-17,94,42,52
2016-05-17,37,20,17
2016-05-17,18,6,12
2016-05-17,37,20,17
2016-05-17,42,22,20
2016-05-17,48,19,29
2016-05-17,61,21,40
2016-05-17,144,42,102
2016-05-17,243,89,154
2016-05-17,120,40,80
2016-05-17,44,12,32
2016-05-17,22,11,11
2016-05-17,19,9,10
2016-05-17,11,7,4
2016-05-17,3,1,2
2016-05-18,4,0,4
2016-05-18,3,1,2
2016-05-18,5,3,2
2016-05-18,1,0,1
2016-05-18,0,0,0
2016-05-18,7,5,2
2016-05-18,44,22,22
2016-05-18,100,41,59
2016-05-18,155,71,84
2016-05-18,98,42,56
2016-05-18,31,14,17
2016-05-18,28,14,14
2016-05-18,42,26,16
2016-05-18,28,12,16
2016-05-18,39,15,24
2016-05-18,62,25,37
2016-05-18,160,47,113
2016-05-18,193,59,134
2016-05-18,93,31,62
2016-05-18,44,18,26
2016-05-18,21,11,10
2016-05-18,12,4,8
2016-05-18,11,5,6
2016-05-18,13,7,6
2016-05-19,7,5,2
2016-05-19,0,0,0
2016-05-19,1,1,0
2016-05-19,0,0,0
2016-05-19,1,0,1
2016-05-19,6,2,4
2016-05-19,22,10,12
2016-05-19,72,34,38
2016-05-19,100,38,62
2016-05-19,78,33,45
2016-05-19,37,19,18
2016-05-19,26,12,14
2016-05-19,27,12,15
2016-05-19,36,15,21
2016-05-19,31,12,19
2016-05-19,56,19,37
2016-05-19,104,28,76
2016-05-19,168,60,108
2016-05-19,71,22,49
2016-05-19,25,16,9
2016-05-19,7,3,4
2016-05-19,7,2,5
2016-05-19,4,2,2
2016-05-19,4,2,2
2016-05-20,4,0,4
2016-05-20,0,0,0
2016-05-20,1,0,1
2016-05-20,5,3,2
2016-05-20,1,0,1
2016-05-20,8,3,5
2016-05-20,52,30,22
2016-05-20,117,57,60
2016-05-20,191,77,114
2016-05-20,101,44,57
2016-05-20,27,14,13
2016-05-20,33,14,19
2016-05-20,42,17,25
2016-05-20,47,21,26
2016-05-20,52,18,34
2016-05-20,84,32,52
2016-05-20,153,45,108
2016-05-20,181,55,126
2016-05-20,104,25,79
2016-05-20,25,7,18
2016-05-20,6,3,3
2016-05-20,17,4,13
2016-05-20,9,5,4
2016-05-20,18,7,11
2016-05-21,7,4,3
2016-05-21,1,0,1
2016-05-21,3,3,0
2016-05-21,3,1,2
2016-05-21,1,0,1
2016-05-21,1,0,1
2016-05-21,4,1,3
2016-05-21,1,0,1
2016-05-21,12,5,7
2016-05-21,6,3,3
2016-05-21,8,1,7
2016-05-21,8,4,4
2016-05-21,8,2,6
2016-05-21,16,6,10
2016-05-21,16,6,10
2016-05-21,18,7,11
2016-05-21,17,9,8
2016-05-21,15,5,10
2016-05-21,28,7,21
2016-05-21,10,3,7
2016-05-21,6,1,5
2016-05-21,17,11,6
2016-05-21,5,4,1
2016-05-21,6,1,5
2016-05-22,2,0,2
2016-05-22,0,0,0
2016-05-22,1,1,0
2016-05-22,2,1,1
2016-05-22,2,1,1
2016-05-22,0,0,0
2016-05-22,2,0,2
2016-05-22,6,2,4
2016-05-22,6,4,2
2016-05-22,5,3,2
2016-05-22,16,8,8
2016-05-22,22,7,15
2016-05-22,27,10,17
2016-05-22,30,8,22
2016-05-22,32,14,18
2016-05-22,32,16,16
2016-05-22,19,8,11
2016-05-22,29,16,13
2016-05-22,17,9,8
2016-05-22,17,4,13
2016-05-22,7,5,2
2016-05-22,1,0,1
2016-05-22,4,3,1
2016-05-22,0,0,0
2016-05-23,0,0,0
2016-05-23,1,1,0
2016-05-23,1,0,1
2016-05-23,0,0,0
2016-05-23,0,0,0
2016-05-23,8,5,3
2016-05-23,37,17,20
2016-05-23,96,50,46
2016-05-23,143,60,83
2016-05-23,88,40,48
2016-05-23,19,9,10
2016-05-23,32,14,18
2016-05-23,27,16,11
2016-05-23,35,16,19
2016-05-23,34,16,18
2016-05-23,52,13,39
2016-05-23,139,52,87
2016-05-23,207,58,149
2016-05-23,97,27,70
2016-05-23,29,9,20
2016-05-23,19,9,10
2016-05-23,9,6,3
2016-05-23,7,3,4
2016-05-23,2,1,1
2016-05-24,3,1,2
2016-05-24,0,0,0
2016-05-24,0,0,0
2016-05-24,0,0,0
2016-05-24,0,0,0
2016-05-24,12,5,7
2016-05-24,48,24,24
2016-05-24,114,61,53
2016-05-24,146,51,95
2016-05-24,87,48,39
2016-05-24,27,12,15
2016-05-24,28,13,15
2016-05-24,37,20,17
2016-05-24,30,14,16
2016-05-24,34,11,23
2016-05-24,53,19,34
2016-05-24,140,39,101
2016-05-24,213,54,159
2016-05-24,131,52,79
2016-05-24,46,19,27
2016-05-24,17,4,13
2016-05-24,10,7,3
2016-05-24,7,3,4
2016-05-24,4,2,2
2016-05-25,2,0,2
2016-05-25,3,2,1
2016-05-25,0,0,0
2016-05-25,0,0,0
2016-05-25,1,0,1
2016-05-25,8,5,3
2016-05-25,38,13,25
2016-05-25,90,42,48
2016-05-25,137,61,76
2016-05-25,77,36,41
2016-05-25,30,19,11
2016-05-25,34,15,19
2016-05-25,48,18,30
2016-05-25,31,12,19
2016-05-25,42,19,23
2016-05-25,77,26,51
2016-05-25,102,31,71
2016-05-25,189,56,133
2016-05-25,102,30,72
2016-05-25,43,14,29
2016-05-25,21,11,10
2016-05-25,12,4,8
2016-05-25,11,5,6
2016-05-25,2,0,2
2016-05-26,5,2,3
2016-05-26,2,1,1
2016-05-26,0,0,0
2016-05-26,1,1,0
2016-05-26,0,0,0
2016-05-26,7,3,4
2016-05-26,32,16,16
2016-05-26,91,40,51
2016-05-26,138,54,84
2016-05-26,59,26,33
2016-05-26,35,16,19
2016-05-26,30,11,19
2016-05-26,39,21,18
2016-05-26,29,15,14
2016-05-26,36,8,28
2016-05-26,48,21,27
2016-05-26,133,33,100
2016-05-26,201,59,142
2016-05-26,74,27,47
2016-05-26,42,21,21
2016-05-26,9,5,4
2016-05-26,18,8,10
2016-05-26,10,2,8
2016-05-26,6,2,4
2016-05-27,0,0,0
2016-05-27,1,1,0
2016-05-27,0,0,0
2016-05-27,1,1,0
2016-05-27,0,0,0
2016-05-27,3,2,1
2016-05-27,21,11,10
2016-05-27,53,20,33
2016-05-27,95,41,54
2016-05-27,64,31,33
2016-05-27,25,13,12
2016-05-27,25,9,16
2016-05-27,35,18,17
2016-05-27,36,14,22
2016-05-27,33,14,19
2016-05-27,69,22,47
2016-05-27,103,28,75
2016-05-27,119,37,82
2016-05-27,55,20,35
2016-05-27,19,8,11
2016-05-27,11,4,7
2016-05-27,6,3,3
2016-05-27,10,7,3
2016-05-27,7,5,2
2016-05-28,1,0,1
2016-05-28,2,1,1
2016-05-28,2,0,2
2016-05-28,0,0,0
2016-05-28,0,0,0
2016-05-28,1,1,0
2016-05-28,2,1,1
2016-05-28,9,5,4
2016-05-28,25,6,19
2016-05-28,13,8,5
2016-05-28,10,3,7
2016-05-28,19,15,4
2016-05-28,19,8,11
2016-05-28,28,16,12
2016-05-28,15,6,9
2016-05-28,14,3,11
2016-05-28,16,8,8
2016-05-28,23,4,19
2016-05-28,9,3,6
2016-05-28,9,3,6
2016-05-28,11,4,7
2016-05-28,3,1,2
2016-05-28,13,4,9
2016-05-28,7,3,4
2016-05-29,6,4,2
2016-05-29,2,1,1
2016-05-29,2,1,1
2016-05-29,0,0,0
2016-05-29,0,0,0
2016-05-29,1,0,1
2016-05-29,2,1,1
2016-05-29,5,0,5
2016-05-29,4,3,1
2016-05-29,2,1,1
2016-05-29,6,3,3
2016-05-29,13,5,8
2016-05-29,16,4,12
2016-05-29,8,6,2
2016-05-29,14,9,5
2016-05-29,19,5,14
2016-05-29,18,10,8
2016-05-29,13,8,5
2016-05-29,16,4,12
2016-05-29,10,4,6
2016-05-29,6,2,4
2016-05-29,11,4,7
2016-05-29,4,4,0
2016-05-29,3,1,2
2016-05-30,4,2,2
2016-05-30,1,0,1
2016-05-30,0,0,0
2016-05-30,2,2,0
2016-05-30,0,0,0
2016-05-30,1,0,1
2016-05-30,5,1,4
2016-05-30,10,6,4
2016-05-30,13,3,10
2016-05-30,17,8,9
2016-05-30,29,10,19
2016-05-30,24,13,11
2016-05-30,33,18,15
2016-05-30,43,15,28
2016-05-30,31,13,18
2016-05-30,43,19,24
2016-05-30,33,20,13
2016-05-30,33,16,17
2016-05-30,24,8,16
2016-05-30,6,3,3
2016-05-30,17,14,3
2016-05-30,19,6,13
2016-05-30,9,6,3
2016-05-30,5,2,3
2016-05-31,2,1,1
2016-05-31,0,0,0
2016-05-31,0,0,0
2016-05-31,7,2,5
2016-05-31,4,1,3
2016-05-31,6,5,1
2016-05-31,40,19,21
2016-05-31,100,42,58
2016-05-31,172,70,102
2016-05-31,69,36,33
2016-05-31,41,22,19
2016-05-31,33,20,13
2016-05-31,51,18,33
2016-05-31,39,25,14
2016-05-31,47,30,17
2016-05-31,72,20,52
2016-05-31,149,42,107
2016-05-31,229,64,165
2016-05-31,96,30,66
2016-05-31,35,9,26
2016-05-31,21,12,9
2016-05-31,19,7,12
2016-05-31,10,1,9
2016-05-31,5,4,1
2016-06-01,1,0,1
2016-06-01,0,0,0
2016-06-01,3,1,2
2016-06-01,1,1,0
2016-06-01,3,1,2
2016-06-01,13,7,6
2016-06-01,50,28,22
2016-06-01,113,50,63
2016-06-01,180,78,102
2016-06-01,87,40,47
2016-06-01,41,13,28
2016-06-01,35,19,16
2016-06-01,38,22,16
2016-06-01,30,8,22
2016-06-01,51,23,28
2016-06-01,70,23,47
2016-06-01,154,51,103
2016-06-01,230,68,162
2016-06-01,117,36,81
2016-06-01,45,18,27
2016-06-01,18,7,11
2016-06-01,7,2,5
2016-06-01,9,5,4
2016-06-01,7,5,2
2016-06-02,2,1,1
2016-06-02,0,0,0
2016-06-02,1,1,0
2016-06-02,0,0,0
2016-06-02,0,0,0
2016-06-02,9,7,2
2016-06-02,39,22,17
2016-06-02,86,38,48
2016-06-02,116,57,59
2016-06-02,85,38,47
2016-06-02,36,12,24
2016-06-02,30,10,20
2016-06-02,36,19,17
2016-06-02,32,16,16
2016-06-02,37,16,21
2016-06-02,55,18,37
2016-06-02,122,32,90
2016-06-02,207,50,157
2016-06-02,99,40,59
2016-06-02,58,18,40
2016-06-02,23,6,17
2016-06-02,12,7,5
2016-06-02,9,8,1
2016-06-02,2,2,0
2016-06-03,2,1,1
2016-06-03,0,0,0
2016-06-03,1,0,1
2016-06-03,0,0,0
2016-06-03,1,0,1
2016-06-03,9,5,4
2016-06-03,34,18,16
2016-06-03,87,47,40
2016-06-03,128,52,76
2016-06-03,81,28,53
2016-06-03,33,18,15
2016-06-03,40,16,24
2016-06-03,30,16,14
2016-06-03,37,16,21
2016-06-03,45,21,24
2016-06-03,86,25,61
2016-06-03,132,43,89
2016-06-03,163,48,115
2016-06-03,101,41,60
2016-06-03,24,10,14
2016-06-03,14,6,8
2016-06-03,12,4,8
2016-06-03,3,0,3
2016-06-03,6,3,3
2016-06-04,5,3,2
2016-06-04,5,2,3
2016-06-04,4,1,3
2016-06-04,1,1,0
2016-06-04,1,0,1
2016-06-04,2,1,1
2016-06-04,2,1,1
2016-06-04,8,2,6
2016-06-04,11,10,1
2016-06-04,10,6,4
2016-06-04,9,8,1
2016-06-04,14,4,10
2016-06-04,31,13,18
2016-06-04,25,11,14
2016-06-04,25,12,13
2016-06-04,41,11,30
2016-06-04,47,14,33
2016-06-04,26,12,14
2016-06-04,31,20,11
2016-06-04,16,10,6
2016-06-04,16,8,8
2016-06-04,14,7,7
2016-06-04,7,2,5
2016-06-04,5,3,2
2016-06-05,5,0,5
2016-06-05,9,3,6
2016-06-05,1,0,1
2016-06-05,0,0,0
2016-06-05,2,1,1
2016-06-05,1,0,1
2016-06-05,2,1,1
2016-06-05,4,2,2
2016-06-05,5,3,2
2016-06-05,14,8,6
2016-06-05,7,4,3
2016-06-05,7,3,4
2016-06-05,20,8,12
2016-06-05,36,15,21
2016-06-05,29,19,10
2016-06-05,31,14,17
2016-06-05,25,10,15
2016-06-05,30,16,14
2016-06-05,19,8,11
2016-06-05,17,4,13
2016-06-05,10,8,2
2016-06-05,13,5,8
2016-06-05,9,3,6
2016-06-05,1,1,0
2016-06-06,4,1,3
2016-06-06,1,0,1
2016-06-06,2,0,2
2016-06-06,0,0,0
2016-06-06,1,1,0
2016-06-06,9,7,2
2016-06-06,47,27,20
2016-06-06,107,44,63
2016-06-06,152,79,73
2016-06-06,79,34,45
2016-06-06,25,15,10
2016-06-06,30,13,17
2016-06-06,22,10,12
2016-06-06,25,12,13
2016-06-06,37,10,27
2016-06-06,55,17,38
2016-06-06,147,39,108
2016-06-06,219,68,151
2016-06-06,121,37,84
2016-06-06,34,10,24
2016-06-06,17,5,12
2016-06-06,22,10,12
2016-06-06,8,2,6
2016-06-06,1,0,1
2016-06-07,6,1,5
2016-06-07,0,0,0
2016-06-07,2,1,1
2016-06-07,0,0,0
2016-06-07,0,0,0
2016-06-07,8,5,3
2016-06-07,43,19,24
2016-06-07,112,49,63
2016-06-07,138,69,69
2016-06-07,86,42,44
2016-06-07,33,18,15
2016-06-07,36,21,15
2016-06-07,50,28,22
2016-06-07,44,17,27
2016-06-07,40,16,24
2016-06-07,51,22,29
2016-06-07,167,52,115
2016-06-07,230,62,168
2016-06-07,134,34,100
2016-06-07,41,18,23
2016-06-07,26,13,13
2016-06-07,31,8,23
2016-06-07,13,10,3
2016-06-07,1,0,1
2016-06-08,9,4,5
2016-06-08,1,0,1
2016-06-08,1,1,0
2016-06-08,0,0,0
2016-06-08,0,0,0
2016-06-08,10,7,3
2016-06-08,45,17,28
2016-06-08,105,43,62
2016-06-08,153,69,84
2016-06-08,83,42,41
2016-06-08,32,13,19
2016-06-08,35,14,21
2016-06-08,44,24,20
2016-06-08,35,17,18
2016-06-08,36,13,23
2016-06-08,52,16,36
2016-06-08,118,35,83
2016-06-08,198,60,138
2016-06-08,116,31,85
2016-06-08,35,11,24
2016-06-08,31,16,15
2016-06-08,16,7,9
2016-06-08,10,6,4
2016-06-08,4,1,3
2016-06-09,2,1,1
2016-06-09,3,3,0
2016-06-09,2,1,1
2016-06-09,0,0,0
2016-06-09,1,0,1
2016-06-09,7,6,1
2016-06-09,29,16,13
2016-06-09,90,43,47
2016-06-09,124,53,71
2016-06-09,79,32,47
2016-06-09,37,21,16
2016-06-09,28,16,12
2016-06-09,27,14,13
2016-06-09,35,13,22
2016-06-09,34,15,19
2016-06-09,46,21,25
2016-06-09,128,31,97
2016-06-09,188,57,131
2016-06-09,94,29,65
2016-06-09,51,19,32
2016-06-09,19,4,15
2016-06-09,8,3,5
2016-06-09,7,6,1
2016-06-09,4,3,1
2016-06-10,0,0,0
2016-06-10,2,0,2
2016-06-10,0,0,0
2016-06-10,1,1,0
2016-06-10,1,0,1
2016-06-10,6,3,3
2016-06-10,35,17,18
2016-06-10,48,25,23
2016-06-10,114,53,61
2016-06-10,56,33,23
2016-06-10,29,15,14
2016-06-10,30,11,19
2016-06-10,31,16,15
2016-06-10,46,20,26
2016-06-10,41,12,29
2016-06-10,58,22,36
2016-06-10,113,39,74
2016-06-10,136,37,99
2016-06-10,58,14,44
2016-06-10,30,12,18
2016-06-10,19,10,9
2016-06-10,9,4,5
2016-06-10,12,3,9
2016-06-10,3,2,1
2016-06-11,2,0,2
2016-06-11,2,0,2
2016-06-11,0,0,0
2016-06-11,0,0,0
2016-06-11,0,0,0
2016-06-11,0,0,0
2016-06-11,5,2,3
2016-06-11,3,2,1
2016-06-11,11,5,6
2016-06-11,14,7,7
2016-06-11,13,9,4
2016-06-11,18,4,14
2016-06-11,16,9,7
2016-06-11,31,15,16
2016-06-11,24,15,9
2016-06-11,27,11,16
2016-06-11,21,8,13
2016-06-11,25,10,15
2016-06-11,22,9,13
2016-06-11,17,10,7
2016-06-11,13,8,5
2016-06-11,5,5,0
2016-06-11,9,6,3
2016-06-11,8,3,5
2016-06-12,6,4,2
2016-06-12,2,1,1
2016-06-12,3,1,2
2016-06-12,0,0,0
2016-06-12,0,0,0
2016-06-12,0,0,0
2016-06-12,1,1,0
2016-06-12,3,2,1
2016-06-12,10,5,5
2016-06-12,16,3,13
2016-06-12,15,4,11
2016-06-12,32,10,22
2016-06-12,39,14,25
2016-06-12,29,6,23
2016-06-12,21,11,10
2016-06-12,17,10,7
2016-06-12,38,17,21
2016-06-12,19,8,11
2016-06-12,25,10,15
2016-06-12,23,10,13
2016-06-12,10,2,8
2016-06-12,7,4,3
2016-06-12,1,0,1
2016-06-12,2,2,0
2016-06-13,5,0,5
2016-06-13,0,0,0
2016-06-13,2,0,2
2016-06-13,0,0,0
2016-06-13,2,0,2
2016-06-13,13,7,6
2016-06-13,33,20,13
2016-06-13,94,35,59
2016-06-13,119,58,61
2016-06-13,66,27,39
2016-06-13,29,16,13
2016-06-13,19,10,9
2016-06-13,30,13,17
2016-06-13,26,9,17
2016-06-13,39,18,21
2016-06-13,48,20,28
2016-06-13,112,26,86
2016-06-13,180,52,128
2016-06-13,96,30,66
2016-06-13,37,19,18
2016-06-13,7,4,3
2016-06-13,13,5,8
2016-06-13,8,6,2
2016-06-13,3,2,1
2016-06-14,4,2,2
2016-06-14,0,0,0
2016-06-14,1,1,0
2016-06-14,0,0,0
2016-06-14,0,0,0
2016-06-14,4,4,0
2016-06-14,23,12,11
2016-06-14,62,24,38
2016-06-14,105,56,49
2016-06-14,59,25,34
2016-06-14,24,13,11
2016-06-14,23,10,13
2016-06-14,37,23,14
2016-06-14,31,12,19
2016-06-14,43,23,20
2016-06-14,51,24,27
2016-06-14,98,25,73
2016-06-14,182,51,131
2016-06-14,89,21,68
2016-06-14,33,10,23
2016-06-14,16,7,9
2016-06-14,27,17,10
2016-06-14,4,2,2
2016-06-14,4,2,2
2016-06-15,6,4,2
2016-06-15,1,1,0
2016-06-15,0,0,0
2016-06-15,0,0,0
2016-06-15,0,0,0
2016-06-15,9,5,4
2016-06-15,37,18,19
2016-06-15,98,45,53
2016-06-15,144,64,80
2016-06-15,73,40,33
2016-06-15,32,16,16
2016-06-15,34,15,19
2016-06-15,37,21,16
2016-06-15,38,13,25
2016-06-15,44,19,25
2016-06-15,67,28,39
2016-06-15,120,41,79
2016-06-15,213,63,150
2016-06-15,116,33,83
2016-06-15,35,12,23
2016-06-15,16,7,9
2016-06-15,12,5,7
2016-06-15,8,6,2
2016-06-15,1,0,1
2016-06-16,5,3,2
2016-06-16,3,1,2
2016-06-16,1,0,1
2016-06-16,0,0,0
2016-06-16,0,0,0
2016-06-16,8,6,2
2016-06-16,31,16,15
2016-06-16,93,42,51
2016-06-16,140,68,72
2016-06-16,72,51,21
2016-06-16,48,31,17
2016-06-16,28,9,19
2016-06-16,28,20,8
2016-06-16,49,29,20
2016-06-16,49,28,21
2016-06-16,85,27,58
2016-06-16,135,36,99
2016-06-16,270,77,193
2016-06-16,114,31,83
2016-06-16,32,15,17
2016-06-16,32,18,14
2016-06-16,29,20,9
2016-06-16,17,13,4
2016-06-16,7,4,3
2016-06-17,6,3,3
2016-06-17,1,0,1
2016-06-17,0,0,0
2016-06-17,0,0,0
2016-06-17,3,1,2
2016-06-17,8,4,4
2016-06-17,32,18,14
2016-06-17,83,31,52
2016-06-17,120,49,71
2016-06-17,63,38,25
2016-06-17,26,11,15
2016-06-17,56,23,33
2016-06-17,44,19,25
2016-06-17,39,15,24
2016-06-17,50,20,30
2016-06-17,73,29,44
2016-06-17,99,34,65
2016-06-17,121,42,79
2016-06-17,84,37,47
2016-06-17,24,10,14
2016-06-17,14,5,9
2016-06-17,7,3,4
2016-06-17,4,1,3
2016-06-17,3,3,0
2016-06-18,1,1,0
2016-06-18,0,0,0
2016-06-18,1,0,1
2016-06-18,0,0,0
2016-06-18,2,1,1
2016-06-18,2,2,0
2016-06-18,5,1,4
2016-06-18,5,2,3
2016-06-18,14,7,7
2016-06-18,14,13,1
2016-06-18,6,5,1
2016-06-18,15,10,5
2016-06-18,12,5,7
2016-06-18,29,15,14
2016-06-18,20,14,6
2016-06-18,8,2,6
2016-06-18,23,7,16
2016-06-18,16,3,13
2016-06-18,22,6,16
2016-06-18,10,7,3
2016-06-18,7,3,4
2016-06-18,8,2,6
2016-06-18,7,4,3
2016-06-18,4,2,2
2016-06-19,6,4,2
2016-06-19,2,0,2
2016-06-19,1,0,1
2016-06-19,2,0,2
2016-06-19,1,0,1
2016-06-19,0,0,0
2016-06-19,5,0,5
2016-06-19,8,3,5
2016-06-19,18,9,9
2016-06-19,15,6,9
2016-06-19,15,6,9
2016-06-19,27,8,19
2016-06-19,23,11,12
2016-06-19,34,24,10
2016-06-19,23,7,16
2016-06-19,24,11,13
2016-06-19,13,3,10
2016-06-19,17,9,8
2016-06-19,17,7,10
2016-06-19,9,5,4
2016-06-19,15,9,6
2016-06-19,7,4,3
2016-06-19,4,3,1
2016-06-19,8,7,1
2016-06-20,2,2,0
2016-06-20,1,0,1
2016-06-20,3,2,1
2016-06-20,0,0,0
2016-06-20,4,1,3
2016-06-20,12,5,7
2016-06-20,35,14,21
2016-06-20,92,38,54
2016-06-20,136,56,80
2016-06-20,81,43,38
2016-06-20,35,20,15
2016-06-20,27,16,11
2016-06-20,33,17,16
2016-06-20,23,8,15
2016-06-20,24,11,13
2016-06-20,48,17,31
2016-06-20,131,34,97
2016-06-20,190,52,138
2016-06-20,110,42,68
2016-06-20,43,16,27
2016-06-20,16,5,11
2016-06-20,16,8,8
2016-06-20,0,0,0
2016-06-20,1,0,1
2016-06-21,3,1,2
2016-06-21,0,0,0
2016-06-21,1,0,1
2016-06-21,2,1,1
2016-06-21,0,0,0
2016-06-21,12,5,7
2016-06-21,34,11,23
2016-06-21,88,37,51
2016-06-21,139,59,80
2016-06-21,64,31,33
2016-06-21,29,11,18
2016-06-21,28,14,14
2016-06-21,50,31,19
2016-06-21,35,19,16
2016-06-21,52,27,25
2016-06-21,55,18,37
2016-06-21,122,38,84
2016-06-21,197,64,133
2016-06-21,105,33,72
2016-06-21,39,15,24
2016-06-21,32,14,18
2016-06-21,17,3,14
2016-06-21,5,1,4
2016-06-21,15,8,7
2016-06-22,4,2,2
2016-06-22,0,0,0
2016-06-22,1,0,1
2016-06-22,0,0,0
2016-06-22,0,0,0
2016-06-22,11,8,3
2016-06-22,39,19,20
2016-06-22,100,34,66
2016-06-22,129,57,72
2016-06-22,79,35,44
2016-06-22,32,10,22
2016-06-22,31,15,16
2016-06-22,39,22,17
2016-06-22,36,15,21
2016-06-22,59,20,39
2016-06-22,71,29,42
2016-06-22,129,39,90
2016-06-22,220,72,148
2016-06-22,118,42,76
2016-06-22,41,15,26
2016-06-22,29,12,17
2016-06-22,19,6,13
2016-06-22,6,1,5
2016-06-22,9,5,4
2016-06-23,5,1,4
2016-06-23,0,0,0
2016-06-23,2,1,1
2016-06-23,2,1,1
2016-06-23,0,0,0
2016-06-23,9,6,3
2016-06-23,22,10,12
2016-06-23,41,21,20
2016-06-23,86,40,46
2016-06-23,56,28,28
2016-06-23,33,17,16
2016-06-23,22,15,7
2016-06-23,37,21,16
2016-06-23,31,11,20
2016-06-23,30,12,18
2016-06-23,41,12,29
2016-06-23,89,27,62
2016-06-23,128,34,94
2016-06-23,62,23,39
2016-06-23,33,14,19
2016-06-23,14,2,12
2016-06-23,7,3,4
2016-06-23,1,1,0
2016-06-23,4,1,3
2016-06-24,2,2,0
2016-06-24,0,0,0
2016-06-24,1,0,1
2016-06-24,1,1,0
2016-06-24,1,0,1
2016-06-24,6,2,4
2016-06-24,30,18,12
2016-06-24,41,25,16
2016-06-24,86,34,52
2016-06-24,44,20,24
2016-06-24,34,20,14
2016-06-24,18,10,8
2016-06-24,40,21,19
2016-06-24,31,12,19
2016-06-24,39,11,28
2016-06-24,62,17,45
2016-06-24,101,28,73
2016-06-24,124,45,79
2016-06-24,71,23,48
2016-06-24,22,15,7
2016-06-24,7,5,2
2016-06-24,15,6,9
2016-06-24,10,6,4
2016-06-24,6,1,5
2016-06-25,5,4,1
2016-06-25,1,0,1
2016-06-25,1,0,1
2016-06-25,1,0,1
2016-06-25,2,1,1
2016-06-25,2,2,0
2016-06-25,4,0,4
2016-06-25,7,4,3
2016-06-25,23,7,16
2016-06-25,16,8,8
2016-06-25,17,6,11
2016-06-25,17,5,12
2016-06-25,36,10,26
2016-06-25,78,26,52
2016-06-25,24,4,20
2016-06-25,31,14,17
2016-06-25,49,30,19
2016-06-25,26,14,12
2016-06-25,31,13,18
2016-06-25,27,12,15
2016-06-25,24,11,13
2016-06-25,7,3,4
2016-06-25,30,15,15
2016-06-25,13,7,6
2016-06-26,4,0,4
2016-06-26,4,2,2
2016-06-26,5,4,1
2016-06-26,0,0,0
2016-06-26,1,0,1
2016-06-26,1,1,0
2016-06-26,5,2,3
2016-06-26,7,5,2
2016-06-26,6,3,3
2016-06-26,16,7,9
2016-06-26,27,19,8
2016-06-26,31,25,6
2016-06-26,37,19,18
2016-06-26,24,12,12
2016-06-26,28,9,19
2016-06-26,44,20,24
2016-06-26,47,19,28
2016-06-26,35,17,18
2016-06-26,21,5,16
2016-06-26,24,14,10
2016-06-26,15,8,7
2016-06-26,5,2,3
2016-06-26,4,2,2
2016-06-26,4,1,3
2016-06-27,8,3,5
2016-06-27,1,0,1
2016-06-27,0,0,0
2016-06-27,1,0,1
2016-06-27,2,1,1
2016-06-27,12,7,5
2016-06-27,31,18,13
2016-06-27,116,59,57
2016-06-27,137,64,73
2016-06-27,71,44,27
2016-06-27,29,14,15
2016-06-27,32,14,18
2016-06-27,32,16,16
2016-06-27,35,21,14
2016-06-27,32,13,19
2016-06-27,53,18,35
2016-06-27,135,31,104
2016-06-27,197,59,138
2016-06-27,105,38,67
2016-06-27,39,17,22
2016-06-27,23,8,15
2016-06-27,14,6,8
2016-06-27,7,4,3
2016-06-27,4,1,3
2016-06-28,8,3,5
2016-06-28,0,0,0
2016-06-28,2,0,2
2016-06-28,1,0,1
2016-06-28,2,1,1
2016-06-28,13,6,7
2016-06-28,43,18,25
2016-06-28,106,52,54
2016-06-28,133,56,77
2016-06-28,85,39,46
2016-06-28,39,17,22
2016-06-28,34,19,15
2016-06-28,31,17,14
2016-06-28,32,12,20
2016-06-28,29,10,19
2016-06-28,65,21,44
2016-06-28,134,40,94
2016-06-28,185,57,128
2016-06-28,119,54,65
2016-06-28,42,18,24
2016-06-28,31,13,18
2016-06-28,16,6,10
2016-06-28,12,7,5
2016-06-28,5,1,4
2016-06-29,4,2,2
2016-06-29,0,0,0
2016-06-29,1,0,1
2016-06-29,0,0,0
2016-06-29,2,0,2
2016-06-29,10,4,6
2016-06-29,47,26,21
2016-06-29,92,42,50
2016-06-29,137,63,74
2016-06-29,85,40,45
2016-06-29,32,18,14
2016-06-29,31,15,16
2016-06-29,37,12,25
2016-06-29,45,31,14
2016-06-29,45,17,28
2016-06-29,62,19,43
2016-06-29,138,49,89
2016-06-29,194,60,134
2016-06-29,113,39,74
2016-06-29,43,14,29
2016-06-29,27,7,20
2016-06-29,15,9,6
2016-06-29,18,12,6
2016-06-29,3,2,1
2016-06-30,3,1,2
2016-06-30,0,0,0
2016-06-30,2,1,1
2016-06-30,0,0,0
2016-06-30,2,1,1
2016-06-30,9,5,4
2016-06-30,37,18,19
2016-06-30,85,41,44
2016-06-30,131,54,77
2016-06-30,69,39,30
2016-06-30,42,19,23
2016-06-30,32,12,20
2016-06-30,44,24,20
2016-06-30,34,15,19
2016-06-30,44,15,29
2016-06-30,72,22,50
2016-06-30,127,38,89
2016-06-30,195,62,133
2016-06-30,105,31,74
2016-06-30,45,13,32
2016-06-30,16,5,11
2016-06-30,25,6,19
2016-06-30,11,9,2
2016-06-30,12,3,9
2016-07-01,4,2,2
2016-07-01,1,1,0
2016-07-01,3,0,3
2016-07-01,0,0,0
2016-07-01,3,1,2
2016-07-01,6,3,3
2016-07-01,44,20,24
2016-07-01,59,33,26
2016-07-01,98,38,60
2016-07-01,66,31,35
2016-07-01,30,22,8
2016-07-01,29,12,17
2016-07-01,38,22,16
2016-07-01,42,17,25
2016-07-01,50,20,30
2016-07-01,82,25,57
2016-07-01,122,44,78
2016-07-01,115,35,80
2016-07-01,83,16,67
2016-07-01,31,10,21
2016-07-01,21,9,12
2016-07-01,17,7,10
2016-07-01,16,13,3
2016-07-01,1,0,1
2016-07-02,5,4,1
2016-07-02,6,1,5
2016-07-02,1,0,1
2016-07-02,0,0,0
2016-07-02,1,1,0
2016-07-02,0,0,0
2016-07-02,5,0,5
2016-07-02,8,4,4
2016-07-02,18,5,13
2016-07-02,17,2,15
2016-07-02,23,11,12
2016-07-02,22,4,18
2016-07-02,33,16,17
2016-07-02,22,13,9
2016-07-02,19,7,12
2016-07-02,45,20,25
2016-07-02,22,8,14
2016-07-02,29,8,21
2016-07-02,12,2,10
2016-07-02,13,6,7
2016-07-02,21,12,9
2016-07-02,12,4,8
2016-07-02,7,5,2
2016-07-02,9,5,4
2016-07-03,0,0,0
2016-07-03,4,2,2
2016-07-03,2,1,1
2016-07-03,0,0,0
2016-07-03,0,0,0
2016-07-03,0,0,0
2016-07-03,3,1,2
2016-07-03,8,3,5
2016-07-03,7,4,3
2016-07-03,8,1,7
2016-07-03,13,8,5
2016-07-03,16,6,10
2016-07-03,29,11,18
2016-07-03,21,9,12
2016-07-03,17,9,8
2016-07-03,35,3,32
2016-07-03,30,16,14
2016-07-03,21,14,7
2016-07-03,18,10,8
2016-07-03,11,8,3
2016-07-03,15,7,8
2016-07-03,12,7,5
2016-07-03,6,2,4
2016-07-03,1,0,1
2016-07-04,1,1,0
2016-07-04,0,0,0
2016-07-04,1,0,1
2016-07-04,0,0,0
2016-07-04,0,0,0
2016-07-04,0,0,0
2016-07-04,0,0,0
2016-07-04,10,2,8
2016-07-04,9,4,5
2016-07-04,12,4,8
2016-07-04,19,11,8
2016-07-04,18,9,9
2016-07-04,12,8,4
2016-07-04,25,16,9
2016-07-04,20,9,11
2016-07-04,15,7,8
2016-07-04,16,7,9
2016-07-04,14,7,7
2016-07-04,17,8,9
2016-07-04,13,6,7
2016-07-04,6,2,4
2016-07-04,9,7,2
2016-07-04,7,5,2
2016-07-04,10,0,10
2016-07-05,10,0,10
2016-07-05,1,0,1
2016-07-05,1,1,0
2016-07-05,0,0,0
2016-07-05,2,1,1
2016-07-05,9,5,4
2016-07-05,20,9,11
2016-07-05,54,28,26
2016-07-05,108,47,61
2016-07-05,53,27,26
2016-07-05,31,16,15
2016-07-05,22,11,11
2016-07-05,38,16,22
2016-07-05,30,16,14
2016-07-05,30,6,24
2016-07-05,53,22,31
2016-07-05,92,28,64
2016-07-05,151,41,110
2016-07-05,85,30,55
2016-07-05,43,15,28
2016-07-05,20,10,10
2016-07-05,23,15,8
2016-07-05,12,8,4
2016-07-05,2,0,2
2016-07-06,7,4,3
2016-07-06,3,2,1
2016-07-06,2,2,0
2016-07-06,0,0,0
2016-07-06,2,1,1
2016-07-06,23,11,12
2016-07-06,29,14,15
2016-07-06,91,41,50
2016-07-06,147,63,84
2016-07-06,68,35,33
2016-07-06,26,16,10
2016-07-06,27,14,13
2016-07-06,34,18,16
2016-07-06,36,14,22
2016-07-06,34,16,18
2016-07-06,50,15,35
2016-07-06,130,48,82
2016-07-06,194,52,142
2016-07-06,112,36,76
2016-07-06,46,21,25
2016-07-06,27,9,18
2016-07-06,16,5,11
2016-07-06,9,3,6
2016-07-06,8,4,4
2016-07-07,3,2,1
2016-07-07,1,1,0
2016-07-07,0,0,0
2016-07-07,0,0,0
2016-07-07,3,1,2
2016-07-07,10,5,5
2016-07-07,30,19,11
2016-07-07,60,31,29
2016-07-07,111,54,57
2016-07-07,67,28,39
2016-07-07,31,15,16
2016-07-07,25,15,10
2016-07-07,32,16,16
2016-07-07,29,16,13
2016-07-07,33,16,17
2016-07-07,49,14,35
2016-07-07,114,33,81
2016-07-07,154,44,110
2016-07-07,74,25,49
2016-07-07,28,15,13
2016-07-07,21,8,13
2016-07-07,12,7,5
2016-07-07,8,4,4
2016-07-07,2,1,1
2016-07-08,2,2,0
2016-07-08,1,1,0
2016-07-08,0,0,0
2016-07-08,0,0,0
2016-07-08,2,1,1
2016-07-08,2,2,0
2016-07-08,26,10,16
2016-07-08,59,26,33
2016-07-08,87,33,54
2016-07-08,49,26,23
2016-07-08,18,13,5
2016-07-08,26,17,9
2016-07-08,37,19,18
2016-07-08,40,19,21
2016-07-08,35,13,22
2016-07-08,45,10,35
2016-07-08,97,34,63
2016-07-08,123,38,85
2016-07-08,76,21,55
2016-07-08,28,12,16
2016-07-08,21,11,10
2016-07-08,10,2,8
2016-07-08,4,0,4
2016-07-08,6,3,3
2016-07-09,2,1,1
2016-07-09,3,1,2
2016-07-09,1,1,0
2016-07-09,0,0,0
2016-07-09,2,0,2
2016-07-09,3,1,2
2016-07-09,1,0,1
2016-07-09,12,5,7
2016-07-09,24,9,15
2016-07-09,24,11,13
2016-07-09,36,12,24
2016-07-09,63,7,56
2016-07-09,43,15,28
2016-07-09,32,21,11
2016-07-09,61,48,13
2016-07-09,40,25,15
2016-07-09,32,16,16
2016-07-09,25,10,15
2016-07-09,28,12,16
2016-07-09,14,9,5
2016-07-09,17,9,8
2016-07-09,8,4,4
2016-07-09,4,3,1
2016-07-09,5,3,2
2016-07-10,2,0,2
2016-07-10,3,1,2
2016-07-10,1,0,1
2016-07-10,0,0,0
2016-07-10,0,0,0
2016-07-10,3,0,3
2016-07-10,2,2,0
2016-07-10,5,4,1
2016-07-10,9,2,7
2016-07-10,12,6,6
2016-07-10,19,11,8
2016-07-10,25,6,19
2016-07-10,29,10,19
2016-07-10,25,10,15
2016-07-10,32,13,19
2016-07-10,30,11,19
2016-07-10,49,31,18
2016-07-10,27,11,16
2016-07-10,22,6,16
2016-07-10,13,5,8
2016-07-10,8,5,3
2016-07-10,4,2,2
2016-07-10,3,3,0
2016-07-10,1,1,0
2016-07-11,4,0,4
2016-07-11,0,0,0
2016-07-11,2,1,1
2016-07-11,0,0,0
2016-07-11,2,1,1
2016-07-11,8,6,2
2016-07-11,28,16,12
2016-07-11,93,40,53
2016-07-11,137,58,79
2016-07-11,67,39,28
2016-07-11,29,18,11
2016-07-11,30,16,14
2016-07-11,33,15,18
2016-07-11,32,17,15
2016-07-11,28,12,16
2016-07-11,51,17,34
2016-07-11,121,38,83
2016-07-11,201,59,142
2016-07-11,75,32,43
2016-07-11,37,11,26
2016-07-11,26,15,11
2016-07-11,13,6,7
2016-07-11,2,1,1
2016-07-11,2,0,2
2016-07-12,2,0,2
2016-07-12,1,0,1
2016-07-12,0,0,0
2016-07-12,0,0,0
2016-07-12,2,1,1
2016-07-12,12,4,8
2016-07-12,34,21,13
2016-07-12,102,45,57
2016-07-12,136,53,83
2016-07-12,90,54,36
2016-07-12,29,19,10
2016-07-12,38,20,18
2016-07-12,49,28,21
2016-07-12,35,16,19
2016-07-12,37,20,17
2016-07-12,65,20,45
2016-07-12,125,36,89
2016-07-12,209,70,139
2016-07-12,118,42,76
2016-07-12,52,24,28
2016-07-12,13,6,7
2016-07-12,16,5,11
2016-07-12,8,4,4
2016-07-12,9,6,3
2016-07-13,2,0,2
2016-07-13,2,1,1
2016-07-13,3,1,2
2016-07-13,0,0,0
2016-07-13,0,0,0
2016-07-13,3,1,2
2016-07-13,37,21,16
2016-07-13,95,36,59
2016-07-13,126,59,67
2016-07-13,72,43,29
2016-07-13,41,21,20
2016-07-13,31,14,17
2016-07-13,37,19,18
2016-07-13,36,20,16
2016-07-13,38,16,22
2016-07-13,62,22,40
2016-07-13,150,42,108
2016-07-13,200,61,139
2016-07-13,147,39,108
2016-07-13,65,17,48
2016-07-13,29,10,19
2016-07-13,37,30,7
2016-07-13,13,7,6
2016-07-13,4,3,1
2016-07-14,4,3,1
2016-07-14,0,0,0
2016-07-14,2,1,1
2016-07-14,0,0,0
2016-07-14,2,1,1
2016-07-14,9,6,3
2016-07-14,22,9,13
2016-07-14,96,42,54
2016-07-14,138,58,80
2016-07-14,89,39,50
2016-07-14,47,21,26
2016-07-14,41,21,20
2016-07-14,53,24,29
2016-07-14,30,11,19
2016-07-14,45,25,20
2016-07-14,64,30,34
2016-07-14,130,33,97
2016-07-14,185,56,129
2016-07-14,106,39,67
2016-07-14,59,21,38
2016-07-14,27,9,18
2016-07-14,25,15,10
2016-07-14,7,7,0
2016-07-14,7,4,3
2016-07-15,7,2,5
2016-07-15,1,1,0
2016-07-15,4,3,1
2016-07-15,1,1,0
2016-07-15,0,0,0
2016-07-15,6,4,2
2016-07-15,27,12,15
2016-07-15,74,37,37
2016-07-15,124,38,86
2016-07-15,61,39,22
2016-07-15,31,15,16
2016-07-15,38,18,20
2016-07-15,42,21,21
2016-07-15,43,18,25
2016-07-15,51,21,30
2016-07-15,72,28,44
2016-07-15,155,47,108
2016-07-15,144,38,106
2016-07-15,80,22,58
2016-07-15,24,11,13
2016-07-15,21,12,9
2016-07-15,20,11,9
2016-07-15,21,11,10
2016-07-15,3,2,1
2016-07-16,7,3,4
2016-07-16,3,1,2
2016-07-16,0,0,0
2016-07-16,4,1,3
2016-07-16,2,0,2
2016-07-16,2,1,1
2016-07-16,0,0,0
2016-07-16,5,1,4
2016-07-16,16,7,9
2016-07-16,17,3,14
2016-07-16,18,6,12
2016-07-16,24,3,21
2016-07-16,42,10,32
2016-07-16,27,12,15
2016-07-16,37,11,26
2016-07-16,42,12,30
2016-07-16,36,16,20
2016-07-16,39,18,21
2016-07-16,29,16,13
2016-07-16,19,12,7
2016-07-16,12,5,7
2016-07-16,16,6,10
2016-07-16,9,3,6
2016-07-16,5,3,2
2016-07-17,4,1,3
2016-07-17,2,1,1
2016-07-17,2,0,2
2016-07-17,4,2,2
2016-07-17,1,0,1
2016-07-17,2,2,0
2016-07-17,8,2,6
2016-07-17,5,2,3
2016-07-17,8,2,6
2016-07-17,9,2,7
2016-07-17,18,5,13
2016-07-17,22,6,16
2016-07-17,46,9,37
2016-07-17,25,7,18
2016-07-17,29,10,19
2016-07-17,42,16,26
2016-07-17,42,23,19
2016-07-17,22,15,7
2016-07-17,17,8,9
2016-07-17,13,7,6
2016-07-17,11,3,8
2016-07-17,9,6,3
2016-07-17,7,6,1
2016-07-17,1,1,0
2016-07-18,6,3,3
2016-07-18,0,0,0
2016-07-18,0,0,0
2016-07-18,0,0,0
2016-07-18,2,1,1
2016-07-18,16,9,7
2016-07-18,33,15,18
2016-07-18,106,45,61
2016-07-18,136,50,86
2016-07-18,71,35,36
2016-07-18,28,15,13
2016-07-18,25,14,11
2016-07-18,34,18,16
2016-07-18,19,6,13
2016-07-18,25,7,18
2016-07-18,62,26,36
2016-07-18,134,38,96
2016-07-18,189,56,133
2016-07-18,92,32,60
2016-07-18,36,16,20
2016-07-18,14,4,10
2016-07-18,15,6,9
2016-07-18,15,8,7
2016-07-18,5,3,2
2016-07-19,1,0,1
2016-07-19,0,0,0
2016-07-19,2,2,0
2016-07-19,1,1,0
2016-07-19,1,0,1
2016-07-19,16,11,5
2016-07-19,35,19,16
2016-07-19,99,40,59
2016-07-19,146,52,94
2016-07-19,66,32,34
2016-07-19,27,15,12
2016-07-19,38,24,14
2016-07-19,38,24,14
2016-07-19,35,19,16
2016-07-19,25,11,14
2016-07-19,58,21,37
2016-07-19,127,33,94
2016-07-19,224,76,148
2016-07-19,109,34,75
2016-07-19,46,17,29
2016-07-19,31,12,19
2016-07-19,16,9,7
2016-07-19,22,19,3
2016-07-19,6,3,3
2016-07-20,4,2,2
2016-07-20,3,2,1
2016-07-20,2,2,0
2016-07-20,2,1,1
2016-07-20,2,1,1
2016-07-20,23,16,7
2016-07-20,37,16,21
2016-07-20,90,36,54
2016-07-20,148,68,80
2016-07-20,88,38,50
2016-07-20,39,21,18
2016-07-20,28,16,12
2016-07-20,70,26,44
2016-07-20,27,14,13
2016-07-20,32,10,22
2016-07-20,56,19,37
2016-07-20,114,33,81
2016-07-20,225,65,160
2016-07-20,115,37,78
2016-07-20,38,15,23
2016-07-20,25,11,14
2016-07-20,20,9,11
2016-07-20,16,9,7
2016-07-20,4,3,1
2016-07-21,1,0,1
2016-07-21,0,0,0
2016-07-21,2,0,2
2016-07-21,1,0,1
2016-07-21,6,5,1
2016-07-21,10,7,3
2016-07-21,38,20,18
2016-07-21,92,40,52
2016-07-21,139,52,87
2016-07-21,78,39,39
2016-07-21,35,17,18
2016-07-21,44,18,26
2016-07-21,53,20,33
2016-07-21,44,23,21
2016-07-21,36,17,19
2016-07-21,63,21,42
2016-07-21,151,43,108
2016-07-21,185,66,119
2016-07-21,107,34,73
2016-07-21,46,14,32
2016-07-21,27,9,18
2016-07-21,17,10,7
2016-07-21,11,5,6
2016-07-21,9,4,5
2016-07-22,3,1,2
2016-07-22,3,1,2
2016-07-22,0,0,0
2016-07-22,1,1,0
2016-07-22,1,1,0
2016-07-22,3,2,1
2016-07-22,17,6,11
2016-07-22,29,11,18
2016-07-22,48,19,29
2016-07-22,42,19,23
2016-07-22,43,28,15
2016-07-22,36,14,22
2016-07-22,30,16,14
2016-07-22,38,20,18
2016-07-22,28,14,14
2016-07-22,45,17,28
2016-07-22,68,31,37
2016-07-22,82,29,53
2016-07-22,44,23,21
2016-07-22,26,8,18
2016-07-22,23,8,15
2016-07-22,7,3,4
2016-07-22,5,3,2
2016-07-22,3,2,1
2016-07-23,2,1,1
2016-07-23,2,0,2
2016-07-23,2,1,1
2016-07-23,2,1,1
2016-07-23,2,1,1
2016-07-23,2,0,2
2016-07-23,2,0,2
2016-07-23,3,1,2
2016-07-23,12,7,5
2016-07-23,22,7,15
2016-07-23,14,3,11
2016-07-23,26,6,20
2016-07-23,21,10,11
2016-07-23,45,25,20
2016-07-23,28,11,17
2016-07-23,53,26,27
2016-07-23,34,13,21
2016-07-23,32,11,21
2016-07-23,32,15,17
2016-07-23,23,14,9
2016-07-23,31,12,19
2016-07-23,14,6,8
2016-07-23,7,6,1
2016-07-23,13,7,6
2016-07-24,6,4,2
2016-07-24,0,0,0
2016-07-24,1,1,0
2016-07-24,0,0,0
2016-07-24,2,1,1
2016-07-24,4,0,4
2016-07-24,1,0,1
2016-07-24,7,2,5
2016-07-24,14,4,10
2016-07-24,17,8,9
2016-07-24,25,10,15
2016-07-24,29,9,20
2016-07-24,40,22,18
2016-07-24,30,20,10
2016-07-24,40,17,23
2016-07-24,26,11,15
2016-07-24,32,20,12
2016-07-24,24,9,15
2016-07-24,23,13,10
2016-07-24,30,19,11
2016-07-24,11,6,5
2016-07-24,19,13,6
2016-07-24,3,2,1
2016-07-24,0,0,0
2016-07-25,3,0,3
2016-07-25,0,0,0
2016-07-25,3,2,1
2016-07-25,1,1,0
2016-07-25,2,2,0
2016-07-25,6,2,4
2016-07-25,26,16,10
2016-07-25,111,43,68
2016-07-25,123,55,68
2016-07-25,81,46,35
2016-07-25,27,16,11
2016-07-25,30,12,18
2016-07-25,39,15,24
2016-07-25,34,14,20
2016-07-25,30,16,14
2016-07-25,62,19,43
2016-07-25,145,35,110
2016-07-25,204,69,135
2016-07-25,112,35,77
2016-07-25,31,14,17
2016-07-25,23,7,16
2016-07-25,17,5,12
2016-07-25,11,2,9
2016-07-25,6,1,5
2016-07-26,6,2,4
2016-07-26,3,1,2
2016-07-26,0,0,0
2016-07-26,0,0,0
2016-07-26,2,1,1
2016-07-26,9,5,4
2016-07-26,32,20,12
2016-07-26,109,49,60
2016-07-26,144,65,79
2016-07-26,82,46,36
2016-07-26,36,24,12
2016-07-26,33,17,16
2016-07-26,31,12,19
2016-07-26,32,9,23
2016-07-26,40,13,27
2016-07-26,46,18,28
2016-07-26,169,58,111
2016-07-26,222,68,154
2016-07-26,113,44,69
2016-07-26,51,21,30
2016-07-26,29,12,17
2016-07-26,11,7,4
2016-07-26,10,1,9
2016-07-26,6,3,3
2016-07-27,6,1,5
2016-07-27,1,0,1
2016-07-27,2,1,1
2016-07-27,2,1,1
2016-07-27,1,1,0
2016-07-27,9,5,4
2016-07-27,34,15,19
2016-07-27,98,37,61
2016-07-27,154,65,89
2016-07-27,72,33,39
2016-07-27,39,22,17
2016-07-27,34,15,19
2016-07-27,46,22,24
2016-07-27,47,21,26
2016-07-27,45,19,26
2016-07-27,71,27,44
2016-07-27,136,39,97
2016-07-27,198,67,131
2016-07-27,113,32,81
2016-07-27,40,10,30
2016-07-27,33,17,16
2016-07-27,11,3,8
2016-07-27,13,7,6
2016-07-27,2,2,0
2016-07-28,3,2,1
2016-07-28,1,0,1
2016-07-28,2,0,2
2016-07-28,0,0,0
2016-07-28,2,2,0
2016-07-28,8,5,3
2016-07-28,31,18,13
2016-07-28,96,34,62
2016-07-28,122,57,65
2016-07-28,68,29,39
2016-07-28,43,21,22
2016-07-28,39,15,24
2016-07-28,43,20,23
2016-07-28,36,19,17
2016-07-28,43,20,23
2016-07-28,72,32,40
2016-07-28,144,37,107
2016-07-28,190,56,134
2016-07-28,126,47,79
2016-07-28,65,20,45
2016-07-28,31,5,26
2016-07-28,17,5,12
2016-07-28,11,4,7
2016-07-28,12,5,7
2016-07-29,6,5,1
2016-07-29,3,0,3
2016-07-29,4,1,3
2016-07-29,0,0,0
2016-07-29,1,1,0
2016-07-29,5,4,1
2016-07-29,26,11,15
2016-07-29,100,43,57
2016-07-29,117,42,75
2016-07-29,71,39,32
2016-07-29,42,19,23
2016-07-29,32,13,19
2016-07-29,43,16,27
2016-07-29,47,17,30
2016-07-29,48,17,31
2016-07-29,61,28,33
2016-07-29,131,30,101
2016-07-29,157,56,101
2016-07-29,86,31,55
2016-07-29,41,21,20
2016-07-29,17,8,9
2016-07-29,14,7,7
2016-07-29,7,3,4
2016-07-29,3,1,2
2016-07-30,6,0,6
2016-07-30,2,0,2
2016-07-30,2,2,0
2016-07-30,1,1,0
2016-07-30,1,1,0
2016-07-30,1,0,1
2016-07-30,7,3,4
2016-07-30,14,3,11
2016-07-30,23,9,14
2016-07-30,20,12,8
2016-07-30,23,4,19
2016-07-30,29,9,20
2016-07-30,46,20,26
2016-07-30,53,27,26
2016-07-30,28,13,15
2016-07-30,47,31,16
2016-07-30,36,19,17
2016-07-30,37,19,18
2016-07-30,35,18,17
2016-07-30,16,9,7
2016-07-30,12,7,5
2016-07-30,12,6,6
2016-07-30,28,10,18
2016-07-30,6,4,2
2016-07-31,3,1,2
2016-07-31,0,0,0
2016-07-31,3,2,1
2016-07-31,0,0,0
2016-07-31,1,0,1
2016-07-31,2,1,1
2016-07-31,8,2,6
2016-07-31,6,2,4
2016-07-31,7,0,7
2016-07-31,12,6,6
2016-07-31,18,9,9
2016-07-31,38,12,26
2016-07-31,80,14,66
2016-07-31,31,8,23
2016-07-31,21,9,12
2016-07-31,57,42,15
2016-07-31,21,13,8
2016-07-31,26,12,14
2016-07-31,21,8,13
2016-07-31,13,7,6
2016-07-31,12,4,8
2016-07-31,10,6,4
2016-07-31,8,3,5
2016-07-31,2,1,1
2016-08-01,3,1,2
2016-08-01,1,0,1
2016-08-01,3,1,2
2016-08-01,0,0,0
2016-08-01,2,1,1
2016-08-01,13,5,8
2016-08-01,26,12,14
2016-08-01,92,33,59
2016-08-01,124,45,79
2016-08-01,78,38,40
2016-08-01,30,23,7
2016-08-01,33,16,17
2016-08-01,39,19,20
2016-08-01,31,20,11
2016-08-01,33,12,21
2016-08-01,45,14,31
2016-08-01,146,47,99
2016-08-01,193,50,143
2016-08-01,120,40,80
2016-08-01,44,13,31
2016-08-01,26,13,13
2016-08-01,16,8,8
2016-08-01,15,11,4
2016-08-01,6,3,3
2016-08-02,5,3,2
2016-08-02,1,1,0
2016-08-02,0,0,0
2016-08-02,0,0,0
2016-08-02,1,1,0
2016-08-02,8,4,4
2016-08-02,32,23,9
2016-08-02,57,22,35
2016-08-02,129,53,76
2016-08-02,61,31,30
2016-08-02,26,17,9
2016-08-02,30,19,11
2016-08-02,40,23,17
2016-08-02,33,14,19
2016-08-02,27,11,16
2016-08-02,39,18,21
2016-08-02,126,38,88
2016-08-02,188,55,133
2016-08-02,112,42,70
2016-08-02,40,18,22
2016-08-02,15,5,10
2016-08-02,14,10,4
2016-08-02,19,12,7
2016-08-02,10,3,7
2016-08-03,3,1,2
2016-08-03,1,1,0
2016-08-03,3,0,3
2016-08-03,1,1,0
2016-08-03,1,1,0
2016-08-03,6,4,2
2016-08-03,37,21,16
2016-08-03,88,34,54
2016-08-03,141,53,88
2016-08-03,80,35,45
2016-08-03,29,14,15
2016-08-03,33,8,25
2016-08-03,44,23,21
2016-08-03,40,18,22
2016-08-03,46,25,21
2016-08-03,61,20,41
2016-08-03,137,42,95
2016-08-03,197,64,133
2016-08-03,113,35,78
2016-08-03,56,21,35
2016-08-03,27,9,18
2016-08-03,27,16,11
2016-08-03,15,11,4
2016-08-03,4,3,1
2016-08-04,2,0,2
2016-08-04,0,0,0
2016-08-04,0,0,0
2016-08-04,2,2,0
2016-08-04,0,0,0
2016-08-04,8,6,2
2016-08-04,36,22,14
2016-08-04,102,37,65
2016-08-04,120,43,77
2016-08-04,85,43,42
2016-08-04,41,17,24
2016-08-04,41,15,26
2016-08-04,45,21,24
2016-08-04,47,21,26
2016-08-04,52,22,30
2016-08-04,75,27,48
2016-08-04,139,35,104
2016-08-04,207,60,147
2016-08-04,137,36,101
2016-08-04,52,18,34
2016-08-04,43,17,26
2016-08-04,24,15,9
2016-08-04,17,11,6
2016-08-04,18,15,3
2016-08-05,6,5,1
2016-08-05,1,1,0
2016-08-05,1,1,0
2016-08-05,0,0,0
2016-08-05,0,0,0
2016-08-05,5,1,4
2016-08-05,24,14,10
2016-08-05,79,34,45
2016-08-05,121,51,70
2016-08-05,72,36,36
2016-08-05,36,18,18
2016-08-05,43,18,25
2016-08-05,39,22,17
2016-08-05,63,29,34
2016-08-05,61,25,36
2016-08-05,68,22,46
2016-08-05,139,45,94
2016-08-05,149,53,96
2016-08-05,90,26,64
2016-08-05,26,17,9
2016-08-05,16,8,8
2016-08-05,10,5,5
2016-08-05,16,12,4
2016-08-05,4,4,0
2016-08-06,3,3,0
2016-08-06,3,2,1
2016-08-06,3,2,1
2016-08-06,1,0,1
2016-08-06,0,0,0
2016-08-06,3,1,2
2016-08-06,2,0,2
2016-08-06,9,3,6
2016-08-06,26,7,19
2016-08-06,11,2,9
2016-08-06,18,9,9
2016-08-06,26,9,17
2016-08-06,51,9,42
2016-08-06,34,16,18
2016-08-06,31,13,18
2016-08-06,32,13,19
2016-08-06,39,22,17
2016-08-06,28,10,18
2016-08-06,24,10,14
2016-08-06,27,9,18
2016-08-06,24,14,10
2016-08-06,9,7,2
2016-08-06,14,8,6
2016-08-06,22,12,10
2016-08-07,11,7,4
2016-08-07,5,5,0
2016-08-07,6,3,3
2016-08-07,0,0,0
2016-08-07,3,2,1
2016-08-07,1,1,0
2016-08-07,3,1,2
2016-08-07,6,2,4
2016-08-07,8,3,5
2016-08-07,12,4,8
2016-08-07,17,11,6
2016-08-07,20,8,12
2016-08-07,30,7,23
2016-08-07,37,10,27
2016-08-07,31,22,9
2016-08-07,27,12,15
2016-08-07,22,15,7
2016-08-07,31,19,12
2016-08-07,10,5,5
2016-08-07,8,5,3
2016-08-07,4,4,0
2016-08-07,3,1,2
2016-08-07,3,1,2
2016-08-07,3,2,1
2016-08-08,2,0,2
2016-08-08,0,0,0
2016-08-08,1,1,0
2016-08-08,1,1,0
2016-08-08,0,0,0
2016-08-08,8,3,5
2016-08-08,26,18,8
2016-08-08,79,37,42
2016-08-08,121,54,67
2016-08-08,63,31,32
2016-08-08,22,13,9
2016-08-08,22,10,12
2016-08-08,40,19,21
2016-08-08,26,15,11
2016-08-08,31,13,18
2016-08-08,36,9,27
2016-08-08,117,37,80
2016-08-08,197,63,134
2016-08-08,99,34,65
2016-08-08,41,14,27
2016-08-08,19,7,12
2016-08-08,6,3,3
2016-08-08,10,7,3
2016-08-08,8,1,7
2016-08-09,1,0,1
2016-08-09,3,2,1
2016-08-09,0,0,0
2016-08-09,1,1,0
2016-08-09,0,0,0
2016-08-09,10,5,5
2016-08-09,43,25,18
2016-08-09,90,43,47
2016-08-09,127,42,85
2016-08-09,75,42,33
2016-08-09,31,10,21
2016-08-09,34,15,19
2016-08-09,44,24,20
2016-08-09,38,19,19
2016-08-09,29,14,15
2016-08-09,99,60,39
2016-08-09,150,49,101
2016-08-09,205,66,139
2016-08-09,127,47,80
2016-08-09,47,21,26
2016-08-09,32,5,27
2016-08-09,10,2,8
2016-08-09,10,3,7
2016-08-09,8,4,4
2016-08-10,7,3,4
2016-08-10,0,0,0
2016-08-10,2,2,0
2016-08-10,2,2,0
2016-08-10,0,0,0
2016-08-10,9,5,4
2016-08-10,47,26,21
2016-08-10,85,43,42
2016-08-10,137,56,81
2016-08-10,91,46,45
2016-08-10,32,15,17
2016-08-10,31,14,17
2016-08-10,45,30,15
2016-08-10,33,18,15
2016-08-10,33,11,22
2016-08-10,63,24,39
2016-08-10,151,50,101
2016-08-10,226,63,163
2016-08-10,118,48,70
2016-08-10,40,21,19
2016-08-10,25,8,17
2016-08-10,11,4,7
2016-08-10,19,14,5
2016-08-10,10,7,3
2016-08-11,3,1,2
2016-08-11,5,2,3
2016-08-11,3,1,2
2016-08-11,1,1,0
2016-08-11,0,0,0
2016-08-11,9,5,4
2016-08-11,35,22,13
2016-08-11,85,40,45
2016-08-11,138,49,89
2016-08-11,59,26,33
2016-08-11,33,21,12
2016-08-11,46,24,22
2016-08-11,39,15,24
2016-08-11,53,26,27
2016-08-11,44,25,19
2016-08-11,68,24,44
2016-08-11,143,39,104
2016-08-11,187,50,137
2016-08-11,118,37,81
2016-08-11,37,14,23
2016-08-11,19,4,15
2016-08-11,21,9,12
2016-08-11,6,2,4
2016-08-11,6,4,2
2016-08-12,3,1,2
2016-08-12,0,0,0
2016-08-12,1,1,0
2016-08-12,0,0,0
2016-08-12,0,0,0
2016-08-12,6,3,3
2016-08-12,30,14,16
2016-08-12,85,39,46
2016-08-12,117,54,63
2016-08-12,74,37,37
2016-08-12,37,21,16
2016-08-12,36,19,17
2016-08-12,39,16,23
2016-08-12,41,19,22
2016-08-12,38,15,23
2016-08-12,75,28,47
2016-08-12,122,34,88
2016-08-12,160,54,106
2016-08-12,69,26,43
2016-08-12,49,21,28
2016-08-12,29,21,8
2016-08-12,12,4,8
2016-08-12,6,3,3
2016-08-12,8,4,4
2016-08-13,10,5,5
2016-08-13,6,3,3
2016-08-13,3,1,2
2016-08-13,1,1,0
2016-08-13,0,0,0
2016-08-13,1,0,1
2016-08-13,1,0,1
2016-08-13,9,2,7
2016-08-13,7,5,2
2016-08-13,6,2,4
2016-08-13,25,9,16
2016-08-13,20,2,18
2016-08-13,19,4,15
2016-08-13,16,5,11
2016-08-13,30,9,21
2016-08-13,21,5,16
2016-08-13,17,2,15
2016-08-13,16,3,13
2016-08-13,20,9,11
2016-08-13,16,10,6
2016-08-13,8,3,5
2016-08-13,5,4,1
2016-08-13,11,6,5
2016-08-13,2,1,1
2016-08-14,2,1,1
2016-08-14,3,1,2
2016-08-14,2,1,1
2016-08-14,0,0,0
2016-08-14,0,0,0
2016-08-14,0,0,0
2016-08-14,5,3,2
2016-08-14,5,2,3
2016-08-14,10,3,7
2016-08-14,7,3,4
2016-08-14,9,5,4
2016-08-14,15,2,13
2016-08-14,32,14,18
2016-08-14,32,15,17
2016-08-14,31,8,23
2016-08-14,46,7,39
2016-08-14,36,12,24
2016-08-14,24,12,12
2016-08-14,52,40,12
2016-08-14,11,5,6
2016-08-14,11,3,8
2016-08-14,8,4,4
2016-08-14,7,3,4
2016-08-14,6,4,2
2016-08-15,3,0,3
2016-08-15,2,0,2
2016-08-15,0,0,0
2016-08-15,0,0,0
2016-08-15,1,0,1
2016-08-15,11,6,5
2016-08-15,40,22,18
2016-08-15,90,45,45
2016-08-15,124,56,68
2016-08-15,92,45,47
2016-08-15,30,15,15
2016-08-15,24,12,12
2016-08-15,35,13,22
2016-08-15,29,11,18
2016-08-15,38,21,17
2016-08-15,62,30,32
2016-08-15,122,37,85
2016-08-15,212,69,143
2016-08-15,107,40,67
2016-08-15,45,20,25
2016-08-15,17,4,13
2016-08-15,18,7,11
2016-08-15,9,6,3
2016-08-15,1,0,1
2016-08-16,1,0,1
2016-08-16,0,0,0
2016-08-16,0,0,0
2016-08-16,1,0,1
2016-08-16,0,0,0
2016-08-16,13,6,7
2016-08-16,45,26,19
2016-08-16,116,46,70
2016-08-16,148,59,89
2016-08-16,90,39,51
2016-08-16,34,16,18
2016-08-16,39,16,23
2016-08-16,51,33,18
2016-08-16,40,19,21
2016-08-16,41,21,20
2016-08-16,54,23,31
2016-08-16,133,49,84
2016-08-16,196,69,127
2016-08-16,116,33,83
2016-08-16,51,20,31
2016-08-16,21,9,12
2016-08-16,20,10,10
2016-08-16,11,5,6
2016-08-16,6,3,3
2016-08-17,4,1,3
2016-08-17,0,0,0
2016-08-17,0,0,0
2016-08-17,3,2,1
2016-08-17,2,1,1
2016-08-17,16,10,6
2016-08-17,39,19,20
2016-08-17,94,40,54
2016-08-17,163,65,98
2016-08-17,80,38,42
2016-08-17,34,21,13
2016-08-17,36,14,22
2016-08-17,46,19,27
2016-08-17,47,28,19
2016-08-17,45,20,25
2016-08-17,56,23,33
2016-08-17,152,47,105
2016-08-17,210,72,138
2016-08-17,97,32,65
2016-08-17,40,12,28
2016-08-17,14,9,5
2016-08-17,9,5,4
2016-08-17,7,4,3
2016-08-17,6,4,2
2016-08-18,4,0,4
2016-08-18,1,1,0
2016-08-18,0,0,0
2016-08-18,1,1,0
2016-08-18,1,0,1
2016-08-18,10,5,5
2016-08-18,31,16,15
2016-08-18,99,45,54
2016-08-18,124,45,79
2016-08-18,81,37,44
2016-08-18,47,20,27
2016-08-18,37,14,23
2016-08-18,39,21,18
2016-08-18,45,21,24
2016-08-18,51,24,27
2016-08-18,58,21,37
2016-08-18,122,38,84
2016-08-18,174,48,126
2016-08-18,138,41,97
2016-08-18,42,15,27
2016-08-18,21,6,15
2016-08-18,17,8,9
2016-08-18,19,9,10
2016-08-18,6,3,3
2016-08-19,2,0,2
2016-08-19,1,1,0
2016-08-19,0,0,0
2016-08-19,2,1,1
2016-08-19,1,0,1
2016-08-19,7,2,5
2016-08-19,30,16,14
2016-08-19,81,38,43
2016-08-19,138,50,88
2016-08-19,65,29,36
2016-08-19,36,17,19
2016-08-19,31,11,20
2016-08-19,37,17,20
2016-08-19,30,19,11
2016-08-19,60,26,34
2016-08-19,67,28,39
2016-08-19,119,44,75
2016-08-19,129,35,94
2016-08-19,105,33,72
2016-08-19,37,17,20
2016-08-19,25,13,12
2016-08-19,18,5,13
2016-08-19,8,5,3
2016-08-19,9,7,2
2016-08-20,5,4,1
2016-08-20,1,0,1
2016-08-20,4,1,3
2016-08-20,0,0,0
2016-08-20,0,0,0
2016-08-20,3,0,3
2016-08-20,3,2,1
2016-08-20,7,3,4
2016-08-20,10,2,8
2016-08-20,14,4,10
2016-08-20,23,12,11
2016-08-20,21,5,16
2016-08-20,31,9,22
2016-08-20,28,15,13
2016-08-20,20,7,13
2016-08-20,28,11,17
2016-08-20,20,6,14
2016-08-20,18,3,15
2016-08-20,14,4,10
2016-08-20,26,18,8
2016-08-20,13,9,4
2016-08-20,17,12,5
2016-08-20,12,4,8
2016-08-20,3,3,0
2016-08-21,2,0,2
2016-08-21,4,1,3
2016-08-21,2,0,2
2016-08-21,1,1,0
2016-08-21,0,0,0
2016-08-21,1,1,0
2016-08-21,3,2,1
2016-08-21,5,3,2
2016-08-21,10,3,7
2016-08-21,11,1,10
2016-08-21,13,9,4
2016-08-21,23,8,15
2016-08-21,44,14,30
2016-08-21,28,12,16
2016-08-21,26,11,15
2016-08-21,26,8,18
2016-08-21,34,17,17
2016-08-21,54,15,39
2016-08-21,45,14,31
2016-08-21,27,11,16
2016-08-21,25,18,7
2016-08-21,38,30,8
2016-08-21,8,5,3
2016-08-21,4,3,1
2016-08-22,1,0,1
2016-08-22,0,0,0
2016-08-22,1,1,0
2016-08-22,1,1,0
2016-08-22,2,1,1
2016-08-22,9,5,4
2016-08-22,36,21,15
2016-08-22,96,43,53
2016-08-22,140,54,86
2016-08-22,70,38,32
2016-08-22,30,15,15
2016-08-22,26,12,14
2016-08-22,25,13,12
2016-08-22,34,17,17
2016-08-22,29,15,14
2016-08-22,57,19,38
2016-08-22,144,46,98
2016-08-22,211,66,145
2016-08-22,109,39,70
2016-08-22,32,10,22
2016-08-22,9,4,5
2016-08-22,8,3,5
2016-08-22,14,6,8
2016-08-22,4,1,3
2016-08-23,5,1,4
2016-08-23,0,0,0
2016-08-23,2,0,2
2016-08-23,1,1,0
2016-08-23,1,1,0
2016-08-23,6,4,2
2016-08-23,41,23,18
2016-08-23,107,52,55
2016-08-23,150,63,87
2016-08-23,78,32,46
2016-08-23,36,15,21
2016-08-23,28,11,17
2016-08-23,34,15,19
2016-08-23,38,16,22
2016-08-23,41,12,29
2016-08-23,72,33,39
2016-08-23,132,41,91
2016-08-23,219,62,157
2016-08-23,120,47,73
2016-08-23,39,13,26
2016-08-23,31,16,15
2016-08-23,16,11,5
2016-08-23,18,12,6
2016-08-23,5,2,3
2016-08-24,4,2,2
2016-08-24,0,0,0
2016-08-24,2,1,1
2016-08-24,1,1,0
2016-08-24,0,0,0
2016-08-24,10,8,2
2016-08-24,37,20,17
2016-08-24,99,41,58
2016-08-24,137,56,81
2016-08-24,98,46,52
2016-08-24,38,20,18
2016-08-24,48,20,28
2016-08-24,68,24,44
2016-08-24,35,13,22
2016-08-24,30,12,18
2016-08-24,66,25,41
2016-08-24,157,50,107
2016-08-24,219,71,148
2016-08-24,107,35,72
2016-08-24,34,7,27
2016-08-24,22,9,13
2016-08-24,15,5,10
2016-08-24,6,3,3
2016-08-24,3,2,1
2016-08-25,2,0,2
2016-08-25,0,0,0
2016-08-25,0,0,0
2016-08-25,3,1,2
2016-08-25,0,0,0
2016-08-25,7,7,0
2016-08-25,41,19,22
2016-08-25,97,41,56
2016-08-25,143,48,95
2016-08-25,70,26,44
2016-08-25,42,16,26
2016-08-25,43,17,26
2016-08-25,35,15,20
2016-08-25,46,20,26
2016-08-25,54,23,31
2016-08-25,61,17,44
2016-08-25,128,41,87
2016-08-25,190,46,144
2016-08-25,121,32,89
2016-08-25,46,20,26
2016-08-25,16,8,8
2016-08-25,28,14,14
2016-08-25,19,14,5
2016-08-25,5,1,4
2016-08-26,5,2,3
2016-08-26,1,1,0
2016-08-26,1,0,1
2016-08-26,2,2,0
2016-08-26,1,0,1
2016-08-26,4,2,2
2016-08-26,39,21,18
2016-08-26,74,31,43
2016-08-26,113,41,72
2016-08-26,68,28,40
2016-08-26,28,13,15
2016-08-26,28,15,13
2016-08-26,44,25,19
2016-08-26,38,19,19
2016-08-26,45,19,26
2016-08-26,66,20,46
2016-08-26,113,42,71
2016-08-26,135,46,89
2016-08-26,70,29,41
2016-08-26,29,11,18
2016-08-26,11,7,4
2016-08-26,15,6,9
2016-08-26,3,1,2
2016-08-26,9,6,3
2016-08-27,3,1,2
2016-08-27,4,1,3
2016-08-27,0,0,0
2016-08-27,0,0,0
2016-08-27,1,0,1
2016-08-27,2,2,0
2016-08-27,5,2,3
2016-08-27,11,6,5
2016-08-27,13,3,10
2016-08-27,8,3,5
2016-08-27,25,12,13
2016-08-27,28,16,12
2016-08-27,36,14,22
2016-08-27,24,13,11
2016-08-27,26,12,14
2016-08-27,27,14,13
2016-08-27,27,13,14
2016-08-27,25,11,14
2016-08-27,19,8,11
2016-08-27,15,11,4
2016-08-27,9,4,5
2016-08-27,12,8,4
2016-08-27,6,3,3
2016-08-27,7,3,4
2016-08-28,3,1,2
2016-08-28,2,2,0
2016-08-28,3,1,2
2016-08-28,1,1,0
2016-08-28,0,0,0
2016-08-28,1,1,0
2016-08-28,6,3,3
2016-08-28,10,5,5
2016-08-28,5,2,3
2016-08-28,13,4,9
2016-08-28,18,10,8
2016-08-28,23,11,12
2016-08-28,28,11,17
2016-08-28,13,7,6
2016-08-28,20,14,6
2016-08-28,27,12,15
2016-08-28,29,10,19
2016-08-28,23,13,10
2016-08-28,14,8,6
2016-08-28,17,9,8
2016-08-28,3,1,2
2016-08-28,5,2,3
2016-08-28,7,3,4
2016-08-28,1,1,0
2016-08-29,3,2,1
2016-08-29,0,0,0
2016-08-29,1,0,1
2016-08-29,0,0,0
2016-08-29,0,0,0
2016-08-29,9,6,3
2016-08-29,37,23,14
2016-08-29,93,38,55
2016-08-29,142,54,88
2016-08-29,72,28,44
2016-08-29,28,13,15
2016-08-29,26,10,16
2016-08-29,32,14,18
2016-08-29,33,17,16
2016-08-29,31,13,18
2016-08-29,55,18,37
2016-08-29,106,34,72
2016-08-29,192,60,132
2016-08-29,113,29,84
2016-08-29,40,16,24
2016-08-29,19,5,14
2016-08-29,13,7,6
2016-08-29,4,1,3
2016-08-29,4,3,1
2016-08-30,2,0,2
2016-08-30,0,0,0
2016-08-30,2,1,1
2016-08-30,0,0,0
2016-08-30,0,0,0
2016-08-30,12,8,4
2016-08-30,37,18,19
2016-08-30,89,44,45
2016-08-30,145,57,88
2016-08-30,69,31,38
2016-08-30,34,11,23
2016-08-30,45,17,28
2016-08-30,45,28,17
2016-08-30,32,15,17
2016-08-30,44,15,29
2016-08-30,58,21,37
2016-08-30,137,42,95
2016-08-30,185,61,124
2016-08-30,116,39,77
2016-08-30,44,11,33
2016-08-30,18,7,11
2016-08-30,9,3,6
2016-08-30,7,1,6
2016-08-30,9,5,4
2016-08-31,3,1,2
2016-08-31,1,1,0
2016-08-31,2,1,1
2016-08-31,1,1,0
2016-08-31,0,0,0
2016-08-31,12,9,3
2016-08-31,28,15,13
2016-08-31,75,41,34
2016-08-31,109,42,67
2016-08-31,57,21,36
2016-08-31,36,21,15
2016-08-31,26,14,12
2016-08-31,33,18,15
2016-08-31,28,16,12
2016-08-31,36,9,27
2016-08-31,44,17,27
2016-08-31,102,22,80
2016-08-31,161,46,115
2016-08-31,96,34,62
2016-08-31,27,9,18
2016-08-31,18,6,12
2016-08-31,12,3,9
2016-08-31,5,3,2
2016-08-31,5,2,3
2016-09-01,4,3,1
2016-09-01,1,0,1
2016-09-01,0,0,0
2016-09-01,1,0,1
2016-09-01,0,0,0
2016-09-01,7,6,1
2016-09-01,30,17,13
2016-09-01,70,34,36
2016-09-01,91,36,55
2016-09-01,88,38,50
2016-09-01,34,20,14
2016-09-01,37,20,17
2016-09-01,45,24,21
2016-09-01,27,14,13
2016-09-01,30,7,23
2016-09-01,45,20,25
2016-09-01,91,24,67
2016-09-01,168,45,123
2016-09-01,102,33,69
2016-09-01,31,13,18
2016-09-01,11,7,4
2016-09-01,11,6,5
2016-09-01,11,6,5
2016-09-01,2,1,1
2016-09-02,8,2,6
2016-09-02,0,0,0
2016-09-02,0,0,0
2016-09-02,0,0,0
2016-09-02,0,0,0
2016-09-02,2,2,0
2016-09-02,16,7,9
2016-09-02,38,18,20
2016-09-02,77,36,41
2016-09-02,36,17,19
2016-09-02,18,13,5
2016-09-02,7,3,4
2016-09-02,26,12,14
2016-09-02,30,15,15
2016-09-02,34,13,21
2016-09-02,49,17,32
2016-09-02,91,26,65
2016-09-02,91,26,65
2016-09-02,50,16,34
2016-09-02,16,10,6
2016-09-02,14,7,7
2016-09-02,9,6,3
2016-09-02,11,4,7
2016-09-02,2,1,1
2016-09-03,5,2,3
2016-09-03,2,0,2
2016-09-03,1,0,1
2016-09-03,1,0,1
2016-09-03,1,0,1
2016-09-03,5,3,2
2016-09-03,3,1,2
2016-09-03,7,3,4
2016-09-03,9,5,4
2016-09-03,8,3,5
2016-09-03,9,6,3
2016-09-03,12,4,8
2016-09-03,16,7,9
2016-09-03,25,13,12
2016-09-03,24,9,15
2016-09-03,32,15,17
2016-09-03,18,8,10
2016-09-03,40,14,26
2016-09-03,26,9,17
2016-09-03,19,10,9
2016-09-03,9,7,2
2016-09-03,7,4,3
2016-09-03,5,3,2
2016-09-03,7,4,3
2016-09-04,1,0,1
2016-09-04,1,0,1
2016-09-04,2,1,1
2016-09-04,0,0,0
2016-09-04,0,0,0
2016-09-04,1,1,0
2016-09-04,2,0,2
2016-09-04,2,1,1
2016-09-04,2,2,0
2016-09-04,9,2,7
2016-09-04,8,2,6
2016-09-04,22,7,15
2016-09-04,27,8,19
2016-09-04,21,12,9
2016-09-04,35,14,21
2016-09-04,30,15,15
2016-09-04,27,15,12
2016-09-04,27,10,17
2016-09-04,18,2,16
2016-09-04,13,6,7
2016-09-04,6,4,2
2016-09-04,9,6,3
2016-09-04,4,2,2
2016-09-04,5,1,4
2016-09-05,3,1,2
2016-09-05,0,0,0
2016-09-05,1,1,0
2016-09-05,1,0,1
2016-09-05,1,0,1
2016-09-05,1,1,0
2016-09-05,2,0,2
2016-09-05,8,4,4
2016-09-05,7,4,3
2016-09-05,8,3,5
2016-09-05,9,3,6
2016-09-05,24,8,16
2016-09-05,31,13,18
2016-09-05,23,10,13
2016-09-05,16,4,12
2016-09-05,23,11,12
2016-09-05,32,15,17
2016-09-05,32,13,19
2016-09-05,28,13,15
2016-09-05,9,4,5
2016-09-05,10,4,6
2016-09-05,5,3,2
2016-09-05,11,7,4
2016-09-05,3,1,2
2016-09-06,2,2,0
2016-09-06,0,0,0
2016-09-06,0,0,0
2016-09-06,0,0,0
2016-09-06,0,0,0
2016-09-06,4,3,1
2016-09-06,15,9,6
2016-09-06,55,27,28
2016-09-06,85,32,53
2016-09-06,55,26,29
2016-09-06,22,14,8
2016-09-06,34,14,20
2016-09-06,30,14,16
2016-09-06,31,9,22
2016-09-06,35,15,20
2016-09-06,46,16,30
2016-09-06,111,32,79
2016-09-06,138,45,93
2016-09-06,66,32,34
2016-09-06,33,19,14
2016-09-06,18,6,12
2016-09-06,16,7,9
2016-09-06,3,1,2
2016-09-06,3,1,2
2016-09-07,3,1,2
2016-09-07,2,1,1
2016-09-07,0,0,0
2016-09-07,0,0,0
2016-09-07,2,1,1
2016-09-07,8,6,2
2016-09-07,36,20,16
2016-09-07,72,40,32
2016-09-07,121,52,69
2016-09-07,67,22,45
2016-09-07,31,14,17
2016-09-07,30,9,21
2016-09-07,45,20,25
2016-09-07,34,15,19
2016-09-07,29,10,19
2016-09-07,46,14,32
2016-09-07,117,31,86
2016-09-07,137,42,95
2016-09-07,99,36,63
2016-09-07,31,9,22
2016-09-07,16,10,6
2016-09-07,7,6,1
2016-09-07,5,3,2
2016-09-07,3,3,0
2016-09-08,2,0,2
2016-09-08,0,0,0
2016-09-08,0,0,0
2016-09-08,0,0,0
2016-09-08,0,0,0
2016-09-08,6,3,3
2016-09-08,32,16,16
2016-09-08,85,36,49
2016-09-08,117,39,78
2016-09-08,60,20,40
2016-09-08,30,10,20
2016-09-08,21,10,11
2016-09-08,37,17,20
2016-09-08,26,11,15
2016-09-08,45,23,22
2016-09-08,61,28,33
2016-09-08,122,32,90
2016-09-08,189,56,133
2016-09-08,85,29,56
2016-09-08,43,19,24
2016-09-08,9,4,5
2016-09-08,16,8,8
2016-09-08,7,3,4
2016-09-08,2,1,1
2016-09-09,3,1,2
2016-09-09,1,1,0
2016-09-09,0,0,0
2016-09-09,0,0,0
2016-09-09,0,0,0
2016-09-09,7,6,1
2016-09-09,30,11,19
2016-09-09,96,45,51
2016-09-09,112,45,67
2016-09-09,57,24,33
2016-09-09,43,19,24
2016-09-09,45,22,23
2016-09-09,53,32,21
2016-09-09,48,29,19
2016-09-09,48,17,31
2016-09-09,77,30,47
2016-09-09,122,39,83
2016-09-09,177,55,122
2016-09-09,67,22,45
2016-09-09,33,17,16
2016-09-09,15,9,6
2016-09-09,15,7,8
2016-09-09,8,5,3
2016-09-09,10,2,8
2016-09-10,5,2,3
2016-09-10,5,0,5
2016-09-10,0,0,0
2016-09-10,1,0,1
2016-09-10,0,0,0
2016-09-10,3,2,1
2016-09-10,2,0,2
2016-09-10,5,2,3
2016-09-10,10,6,4
2016-09-10,11,8,3
2016-09-10,20,5,15
2016-09-10,30,14,16
2016-09-10,47,24,23
2016-09-10,42,22,20
2016-09-10,48,17,31
2016-09-10,39,10,29
2016-09-10,38,22,16
2016-09-10,43,21,22
2016-09-10,26,12,14
2016-09-10,15,9,6
2016-09-10,9,4,5
2016-09-10,6,5,1
2016-09-10,5,3,2
2016-09-10,6,4,2
2016-09-11,4,1,3
2016-09-11,2,0,2
2016-09-11,2,1,1
2016-09-11,1,0,1
2016-09-11,0,0,0
2016-09-11,1,1,0
2016-09-11,1,0,1
2016-09-11,5,3,2
2016-09-11,6,0,6
2016-09-11,12,5,7
2016-09-11,21,10,11
2016-09-11,21,5,16
2016-09-11,19,6,13
2016-09-11,26,14,12
2016-09-11,18,7,11
2016-09-11,22,15,7
2016-09-11,28,17,11
2016-09-11,34,13,21
2016-09-11,20,14,6
2016-09-11,10,5,5
2016-09-11,10,6,4
2016-09-11,2,1,1
2016-09-11,6,4,2
2016-09-11,6,2,4
2016-09-12,4,2,2
2016-09-12,0,0,0
2016-09-12,2,1,1
2016-09-12,0,0,0
2016-09-12,0,0,0
2016-09-12,8,7,1
2016-09-12,27,15,12
2016-09-12,100,40,60
2016-09-12,150,70,80
2016-09-12,63,28,35
2016-09-12,27,16,11
2016-09-12,23,12,11
2016-09-12,33,14,19
2016-09-12,43,26,17
2016-09-12,30,9,21
2016-09-12,48,13,35
2016-09-12,120,26,94
2016-09-12,223,64,159
2016-09-12,96,43,53
2016-09-12,20,10,10
2016-09-12,18,7,11
2016-09-12,10,2,8
2016-09-12,2,1,1
2016-09-12,2,2,0
2016-09-13,4,3,1
2016-09-13,0,0,0
2016-09-13,0,0,0
2016-09-13,0,0,0
2016-09-13,1,1,0
2016-09-13,8,4,4
2016-09-13,35,17,18
2016-09-13,103,42,61
2016-09-13,135,57,78
2016-09-13,86,38,48
2016-09-13,32,17,15
2016-09-13,40,16,24
2016-09-13,47,22,25
2016-09-13,37,22,15
2016-09-13,30,12,18
2016-09-13,65,30,35
2016-09-13,140,45,95
2016-09-13,207,69,138
2016-09-13,105,40,65
2016-09-13,45,16,29
2016-09-13,14,9,5
2016-09-13,13,6,7
2016-09-13,13,5,8
2016-09-13,5,3,2
2016-09-14,1,1,0
2016-09-14,1,1,0
2016-09-14,0,0,0
2016-09-14,0,0,0
2016-09-14,1,0,1
2016-09-14,8,6,2
2016-09-14,27,15,12
2016-09-14,83,34,49
2016-09-14,148,58,90
2016-09-14,70,29,41
2016-09-14,31,17,14
2016-09-14,30,18,12
2016-09-14,43,20,23
2016-09-14,37,14,23
2016-09-14,39,13,26
2016-09-14,62,22,40
2016-09-14,113,28,85
2016-09-14,202,63,139
2016-09-14,104,26,78
2016-09-14,25,9,16
2016-09-14,18,5,13
2016-09-14,8,3,5
2016-09-14,10,7,3
2016-09-14,6,2,4
2016-09-15,2,0,2
2016-09-15,2,0,2
2016-09-15,2,2,0
2016-09-15,1,0,1
2016-09-15,2,2,0
2016-09-15,9,6,3
2016-09-15,32,14,18
2016-09-15,97,44,53
2016-09-15,139,54,85
2016-09-15,72,38,34
2016-09-15,34,10,24
2016-09-15,36,14,22
2016-09-15,44,17,27
2016-09-15,36,19,17
2016-09-15,39,14,25
2016-09-15,57,13,44
2016-09-15,134,47,87
2016-09-15,195,61,134
2016-09-15,105,36,69
2016-09-15,40,14,26
2016-09-15,18,9,9
2016-09-15,9,6,3
2016-09-15,7,2,5
2016-09-15,5,4,1
2016-09-16,5,1,4
2016-09-16,2,0,2
2016-09-16,0,0,0
2016-09-16,0,0,0
2016-09-16,0,0,0
2016-09-16,4,3,1
2016-09-16,33,13,20
2016-09-16,67,27,40
2016-09-16,125,57,68
2016-09-16,63,28,35
2016-09-16,29,13,16
2016-09-16,24,10,14
2016-09-16,34,13,21
2016-09-16,52,29,23
2016-09-16,58,32,26
2016-09-16,46,22,24
2016-09-16,115,27,88
2016-09-16,191,70,121
2016-09-16,85,19,66
2016-09-16,41,16,25
2016-09-16,16,6,10
2016-09-16,10,5,5
2016-09-16,15,9,6
2016-09-16,5,3,2
2016-09-17,3,3,0
2016-09-17,0,0,0
2016-09-17,2,0,2
2016-09-17,0,0,0
2016-09-17,0,0,0
2016-09-17,2,2,0
2016-09-17,3,1,2
2016-09-17,83,17,66
2016-09-17,28,9,19
2016-09-17,4,2,2
2016-09-17,8,1,7
2016-09-17,20,5,15
2016-09-17,24,12,12
2016-09-17,25,10,15
2016-09-17,14,6,8
2016-09-17,23,15,8
2016-09-17,19,9,10
2016-09-17,23,8,15
2016-09-17,20,13,7
2016-09-17,16,10,6
2016-09-17,14,13,1
2016-09-17,7,2,5
2016-09-17,13,8,5
2016-09-17,2,0,2
2016-09-18,0,0,0
2016-09-18,1,0,1
2016-09-18,0,0,0
2016-09-18,0,0,0
2016-09-18,0,0,0
2016-09-18,2,2,0
2016-09-18,0,0,0
2016-09-18,4,1,3
2016-09-18,8,3,5
2016-09-18,13,9,4
2016-09-18,14,4,10
2016-09-18,12,4,8
2016-09-18,24,7,17
2016-09-18,30,18,12
2016-09-18,24,5,19
2016-09-18,18,5,13
2016-09-18,18,9,9
2016-09-18,19,11,8
2016-09-18,12,6,6
2016-09-18,8,3,5
2016-09-18,2,1,1
2016-09-18,5,1,4
2016-09-18,1,1,0
2016-09-18,6,4,2
2016-09-19,1,1,0
2016-09-19,0,0,0
2016-09-19,2,1,1
2016-09-19,0,0,0
2016-09-19,2,0,2
2016-09-19,6,4,2
2016-09-19,29,15,14
2016-09-19,40,16,24
2016-09-19,98,41,57
2016-09-19,62,29,33
2016-09-19,19,8,11
2016-09-19,18,13,5
2016-09-19,35,17,18
2016-09-19,27,18,9
2016-09-19,22,5,17
2016-09-19,46,19,27
2016-09-19,104,24,80
2016-09-19,139,36,103
2016-09-19,92,33,59
2016-09-19,28,13,15
2016-09-19,15,9,6
2016-09-19,5,2,3
2016-09-19,18,16,2
2016-09-19,4,0,4
2016-09-20,6,3,3
2016-09-20,1,0,1
2016-09-20,1,0,1
2016-09-20,0,0,0
2016-09-20,0,0,0
2016-09-20,8,6,2
2016-09-20,29,16,13
2016-09-20,93,42,51
2016-09-20,133,49,84
2016-09-20,61,30,31
2016-09-20,23,12,11
2016-09-20,28,16,12
2016-09-20,48,25,23
2016-09-20,41,20,21
2016-09-20,33,9,24
2016-09-20,54,16,38
2016-09-20,125,29,96
2016-09-20,212,61,151
2016-09-20,127,47,80
2016-09-20,32,18,14
2016-09-20,16,9,7
2016-09-20,10,5,5
2016-09-20,9,4,5
2016-09-20,12,10,2
2016-09-21,3,1,2
2016-09-21,3,2,1
2016-09-21,1,1,0
2016-09-21,0,0,0
2016-09-21,0,0,0
2016-09-21,14,10,4
2016-09-21,32,16,16
2016-09-21,85,39,46
2016-09-21,133,45,88
2016-09-21,80,31,49
2016-09-21,30,17,13
2016-09-21,41,12,29
2016-09-21,48,21,27
2016-09-21,46,19,27
2016-09-21,42,15,27
2016-09-21,67,17,50
2016-09-21,130,45,85
2016-09-21,201,69,132
2016-09-21,137,54,83
2016-09-21,33,15,18
2016-09-21,13,5,8
2016-09-21,15,4,11
2016-09-21,7,3,4
2016-09-21,5,3,2
2016-09-22,3,1,2
2016-09-22,1,1,0
2016-09-22,0,0,0
2016-09-22,4,1,3
2016-09-22,1,1,0
2016-09-22,9,5,4
2016-09-22,31,15,16
2016-09-22,81,37,44
2016-09-22,135,44,91
2016-09-22,64,28,36
2016-09-22,42,20,22
2016-09-22,42,15,27
2016-09-22,48,23,25
2016-09-22,46,26,20
2016-09-22,43,22,21
2016-09-22,58,13,45
2016-09-22,115,35,80
2016-09-22,192,66,126
2016-09-22,105,48,57
2016-09-22,46,23,23
2016-09-22,10,2,8
2016-09-22,8,4,4
2016-09-22,13,9,4
2016-09-22,3,0,3
2016-09-23,3,1,2
2016-09-23,1,1,0
2016-09-23,0,0,0
2016-09-23,1,1,0
2016-09-23,2,0,2
2016-09-23,7,5,2
2016-09-23,27,11,16
2016-09-23,40,20,20
2016-09-23,91,38,53
2016-09-23,48,20,28
2016-09-23,31,15,16
2016-09-23,28,12,16
2016-09-23,24,9,15
2016-09-23,43,17,26
2016-09-23,35,21,14
2016-09-23,40,12,28
2016-09-23,100,35,65
2016-09-23,138,42,96
2016-09-23,58,17,41
2016-09-23,27,13,14
2016-09-23,8,3,5
2016-09-23,6,2,4
2016-09-23,8,3,5
2016-09-23,3,3,0
2016-09-24,3,1,2
2016-09-24,5,1,4
2016-09-24,3,0,3
2016-09-24,0,0,0
2016-09-24,2,0,2
2016-09-24,1,1,0
2016-09-24,2,0,2
2016-09-24,7,4,3
2016-09-24,17,11,6
2016-09-24,11,7,4
2016-09-24,12,4,8
2016-09-24,29,18,11
2016-09-24,27,7,20
2016-09-24,33,19,14
2016-09-24,19,10,9
2016-09-24,35,13,22
2016-09-24,26,8,18
2016-09-24,25,8,17
2016-09-24,26,10,16
2016-09-24,7,5,2
2016-09-24,7,2,5
2016-09-24,5,1,4
2016-09-24,9,4,5
2016-09-24,2,0,2
2016-09-25,2,1,1
2016-09-25,4,2,2
2016-09-25,2,0,2
2016-09-25,1,0,1
2016-09-25,1,0,1
2016-09-25,1,1,0
2016-09-25,1,0,1
2016-09-25,5,0,5
2016-09-25,10,3,7
2016-09-25,28,11,17
2016-09-25,29,10,19
2016-09-25,39,22,17
2016-09-25,37,6,31
2016-09-25,21,7,14
2016-09-25,27,9,18
2016-09-25,28,12,16
2016-09-25,24,14,10
2016-09-25,28,19,9
2016-09-25,23,9,14
2016-09-25,22,11,11
2016-09-25,13,8,5
2016-09-25,12,10,2
2016-09-25,6,5,1
2016-09-25,2,1,1
2016-09-26,2,0,2
2016-09-26,0,0,0
2016-09-26,0,0,0
2016-09-26,0,0,0
2016-09-26,5,4,1
2016-09-26,5,4,1
2016-09-26,35,21,14
2016-09-26,89,34,55
2016-09-26,166,66,100
2016-09-26,59,31,28
2016-09-26,28,13,15
2016-09-26,34,19,15
2016-09-26,21,8,13
2016-09-26,34,19,15
2016-09-26,29,16,13
2016-09-26,48,18,30
2016-09-26,145,41,104
2016-09-26,224,60,164
2016-09-26,73,22,51
2016-09-26,27,13,14
2016-09-26,16,9,7
2016-09-26,9,5,4
2016-09-26,7,5,2
2016-09-26,1,1,0
2016-09-27,0,0,0
2016-09-27,0,0,0
2016-09-27,0,0,0
2016-09-27,0,0,0
2016-09-27,1,1,0
2016-09-27,8,5,3
2016-09-27,37,18,19
2016-09-27,76,36,40
2016-09-27,137,53,84
2016-09-27,77,35,42
2016-09-27,38,18,20
2016-09-27,39,16,23
2016-09-27,33,22,11
2016-09-27,35,17,18
2016-09-27,65,40,25
2016-09-27,66,28,38
2016-09-27,114,37,77
2016-09-27,203,60,143
2016-09-27,122,51,71
2016-09-27,31,12,19
2016-09-27,22,9,13
2016-09-27,6,2,4
2016-09-27,6,4,2
2016-09-27,2,1,1
2016-09-28,0,0,0
2016-09-28,0,0,0
2016-09-28,2,2,0
2016-09-28,0,0,0
2016-09-28,2,1,1
2016-09-28,6,5,1
2016-09-28,32,16,16
2016-09-28,76,37,39
2016-09-28,138,49,89
2016-09-28,72,32,40
2016-09-28,37,18,19
2016-09-28,35,16,19
2016-09-28,25,13,12
2016-09-28,36,13,23
2016-09-28,66,34,32
2016-09-28,75,23,52
2016-09-28,125,37,88
2016-09-28,187,54,133
2016-09-28,132,42,90
2016-09-28,36,10,26
2016-09-28,19,8,11
2016-09-28,32,28,4
2016-09-28,14,11,3
2016-09-28,5,4,1
2016-09-29,2,0,2
2016-09-29,2,1,1
2016-09-29,1,0,1
2016-09-29,0,0,0
2016-09-29,1,1,0
2016-09-29,16,12,4
2016-09-29,45,22,23
2016-09-29,82,28,54
2016-09-29,138,44,94
2016-09-29,69,30,39
2016-09-29,28,16,12
2016-09-29,48,29,19
2016-09-29,23,13,10
2016-09-29,34,17,17
2016-09-29,41,17,24
2016-09-29,50,22,28
2016-09-29,128,35,93
2016-09-29,178,65,113
2016-09-29,84,30,54
2016-09-29,38,16,22
2016-09-29,13,6,7
2016-09-29,10,5,5
2016-09-29,14,7,7
2016-09-29,6,4,2
2016-09-30,5,0,5
2016-09-30,1,0,1
2016-09-30,4,1,3
2016-09-30,0,0,0
2016-09-30,0,0,0
2016-09-30,3,3,0
2016-09-30,34,14,20
2016-09-30,67,29,38
2016-09-30,122,47,75
2016-09-30,69,34,35
2016-09-30,30,10,20
2016-09-30,31,12,19
2016-09-30,45,24,21
2016-09-30,29,10,19
2016-09-30,36,13,23
2016-09-30,74,30,44
2016-09-30,118,34,84
2016-09-30,139,34,105
2016-09-30,88,30,58
2016-09-30,26,8,18
2016-09-30,10,4,6
2016-09-30,7,4,3
2016-09-30,7,4,3
2016-09-30,3,3,0
2016-10-01,6,5,1
2016-10-01,2,0,2
2016-10-01,1,0,1
2016-10-01,0,0,0
2016-10-01,0,0,0
2016-10-01,1,1,0
2016-10-01,4,1,3
2016-10-01,6,2,4
2016-10-01,16,7,9
2016-10-01,7,2,5
2016-10-01,11,2,9
2016-10-01,24,11,13
2016-10-01,19,10,9
2016-10-01,14,9,5
2016-10-01,16,7,9
2016-10-01,27,15,12
2016-10-01,18,10,8
2016-10-01,17,3,14
2016-10-01,16,8,8
2016-10-01,21,21,0
2016-10-01,3,2,1
2016-10-01,3,1,2
2016-10-01,5,1,4
2016-10-01,6,3,3
2016-10-02,2,1,1
2016-10-02,0,0,0
2016-10-02,3,1,2
2016-10-02,1,1,0
2016-10-02,0,0,0
2016-10-02,1,0,1
2016-10-02,0,0,0
2016-10-02,5,2,3
2016-10-02,6,3,3
2016-10-02,10,4,6
2016-10-02,18,8,10
2016-10-02,33,10,23
2016-10-02,17,5,12
2016-10-02,23,11,12
2016-10-02,20,9,11
2016-10-02,31,20,11
2016-10-02,19,7,12
2016-10-02,15,10,5
2016-10-02,12,10,2
2016-10-02,14,6,8
2016-10-02,6,5,1
2016-10-02,2,0,2
2016-10-02,2,1,1
2016-10-02,0,0,0
2016-10-03,2,2,0
2016-10-03,0,0,0
2016-10-03,0,0,0
2016-10-03,0,0,0
2016-10-03,0,0,0
2016-10-03,9,3,6
2016-10-03,31,16,15
2016-10-03,76,36,40
2016-10-03,142,60,82
2016-10-03,65,33,32
2016-10-03,33,17,16
2016-10-03,27,13,14
2016-10-03,30,12,18
2016-10-03,27,14,13
2016-10-03,25,10,15
2016-10-03,48,17,31
2016-10-03,105,32,73
2016-10-03,169,41,128
2016-10-03,82,31,51
2016-10-03,26,9,17
2016-10-03,7,3,4
2016-10-03,9,3,6
2016-10-03,4,0,4
2016-10-03,5,3,2
2016-10-04,0,0,0
2016-10-04,0,0,0
2016-10-04,0,0,0
2016-10-04,2,0,2
2016-10-04,1,1,0
2016-10-04,5,4,1
2016-10-04,20,12,8
2016-10-04,53,22,31
2016-10-04,107,47,60
2016-10-04,54,23,31
2016-10-04,29,14,15
2016-10-04,24,11,13
2016-10-04,24,11,13
2016-10-04,18,7,11
2016-10-04,23,7,16
2016-10-04,43,8,35
2016-10-04,91,33,58
2016-10-04,143,44,99
2016-10-04,57,16,41
2016-10-04,24,11,13
2016-10-04,13,6,7
2016-10-04,4,1,3
2016-10-04,4,3,1
2016-10-04,1,1,0
2016-10-05,0,0,0
2016-10-05,1,1,0
2016-10-05,0,0,0
2016-10-05,0,0,0
2016-10-05,2,0,2
2016-10-05,7,5,2
2016-10-05,27,14,13
2016-10-05,49,24,25
2016-10-05,105,47,58
2016-10-05,61,31,30
2016-10-05,31,19,12
2016-10-05,18,11,7
2016-10-05,16,6,10
2016-10-05,23,14,9
2016-10-05,45,22,23
2016-10-05,51,13,38
2016-10-05,105,26,79
2016-10-05,148,51,97
2016-10-05,80,27,53
2016-10-05,15,8,7
2016-10-05,13,7,6
2016-10-05,6,2,4
2016-10-05,5,2,3
2016-10-05,0,0,0
2016-10-06,2,1,1
2016-10-06,0,0,0
2016-10-06,2,1,1
2016-10-06,0,0,0
2016-10-06,1,0,1
2016-10-06,3,2,1
2016-10-06,23,11,12
2016-10-06,61,32,29
2016-10-06,113,40,73
2016-10-06,62,29,33
2016-10-06,33,17,16
2016-10-06,37,24,13
2016-10-06,33,15,18
2016-10-06,30,18,12
2016-10-06,35,12,23
2016-10-06,52,19,33
2016-10-06,105,25,80
2016-10-06,159,46,113
2016-10-06,71,23,48
2016-10-06,26,13,13
2016-10-06,16,6,10
2016-10-06,6,4,2
2016-10-06,7,2,5
2016-10-06,1,1,0
2016-10-07,1,1,0
2016-10-07,0,0,0
2016-10-07,0,0,0
2016-10-07,0,0,0
2016-10-07,0,0,0
2016-10-07,2,2,0
2016-10-07,19,9,10
2016-10-07,53,23,30
2016-10-07,79,32,47
2016-10-07,50,25,25
2016-10-07,25,14,11
2016-10-07,37,18,19
2016-10-07,26,13,13
2016-10-07,23,10,13
2016-10-07,27,7,20
2016-10-07,39,20,19
2016-10-07,89,28,61
2016-10-07,106,38,68
2016-10-07,53,20,33
2016-10-07,25,15,10
2016-10-07,7,3,4
2016-10-07,7,1,6
2016-10-07,6,1,5
2016-10-07,6,2,4
2016-10-08,1,0,1
2016-10-08,0,0,0
2016-10-08,1,0,1
2016-10-08,1,0,1
2016-10-08,1,0,1
2016-10-08,0,0,0
2016-10-08,2,1,1
2016-10-08,2,0,2
2016-10-08,4,3,1
2016-10-08,12,5,7
2016-10-08,6,1,5
2016-10-08,15,4,11
2016-10-08,18,3,15
2016-10-08,5,3,2
2016-10-08,10,6,4
2016-10-08,3,0,3
2016-10-08,8,2,6
2016-10-08,5,1,4
2016-10-08,10,3,7
2016-10-08,8,7,1
2016-10-08,3,0,3
2016-10-08,1,1,0
2016-10-08,2,1,1
2016-10-08,3,2,1
2016-10-09,1,0,1
2016-10-09,1,0,1
2016-10-09,0,0,0
2016-10-09,1,1,0
2016-10-09,1,1,0
2016-10-09,1,1,0
2016-10-09,2,2,0
2016-10-09,1,1,0
2016-10-09,5,1,4
2016-10-09,10,3,7
2016-10-09,11,4,7
2016-10-09,12,4,8
2016-10-09,4,1,3
2016-10-09,15,9,6
2016-10-09,17,6,11
2016-10-09,10,5,5
2016-10-09,13,6,7
2016-10-09,22,11,11
2016-10-09,8,5,3
2016-10-09,0,0,0
2016-10-09,4,1,3
2016-10-09,3,2,1
2016-10-09,2,0,2
2016-10-09,2,1,1
2016-10-10,1,0,1
2016-10-10,0,0,0
2016-10-10,2,1,1
2016-10-10,0,0,0
2016-10-10,1,0,1
2016-10-10,4,4,0
2016-10-10,13,10,3
2016-10-10,66,29,37
2016-10-10,117,47,70
2016-10-10,67,30,37
2016-10-10,23,9,14
2016-10-10,26,13,13
2016-10-10,28,17,11
2016-10-10,21,9,12
2016-10-10,26,10,16
2016-10-10,44,12,32
2016-10-10,116,34,82
2016-10-10,166,42,124
2016-10-10,58,20,38
2016-10-10,27,14,13
2016-10-10,9,6,3
2016-10-10,12,5,7
2016-10-10,3,2,1
2016-10-10,4,2,2
2016-10-11,2,2,0
2016-10-11,0,0,0
2016-10-11,0,0,0
2016-10-11,0,0,0
2016-10-11,3,0,3
2016-10-11,9,5,4
2016-10-11,29,17,12
2016-10-11,67,33,34
2016-10-11,123,56,67
2016-10-11,73,36,37
2016-10-11,29,15,14
2016-10-11,31,16,15
2016-10-11,28,16,12
2016-10-11,30,14,16
2016-10-11,40,13,27
2016-10-11,61,25,36
2016-10-11,129,36,93
2016-10-11,172,56,116
2016-10-11,76,27,49
2016-10-11,21,10,11
2016-10-11,15,6,9
2016-10-11,9,3,6
2016-10-11,4,0,4
2016-10-11,4,2,2
2016-10-12,4,3,1
2016-10-12,1,1,0
2016-10-12,3,1,2
2016-10-12,5,5,0
2016-10-12,0,0,0
2016-10-12,9,6,3
2016-10-12,24,13,11
2016-10-12,73,36,37
2016-10-12,129,51,78
2016-10-12,69,31,38
2016-10-12,28,14,14
2016-10-12,57,32,25
2016-10-12,39,25,14
2016-10-12,27,9,18
2016-10-12,39,15,24
2016-10-12,59,13,46
2016-10-12,99,25,74
2016-10-12,181,51,130
2016-10-12,85,28,57
2016-10-12,43,14,29
2016-10-12,10,3,7
2016-10-12,20,16,4
2016-10-12,8,4,4
2016-10-12,3,2,1
2016-10-13,2,1,1
2016-10-13,0,0,0
2016-10-13,1,0,1
2016-10-13,2,0,2
2016-10-13,2,0,2
2016-10-13,2,2,0
2016-10-13,13,10,3
2016-10-13,24,13,11
2016-10-13,45,18,27
2016-10-13,22,13,9
2016-10-13,12,7,5
2016-10-13,22,14,8
2016-10-13,16,9,7
2016-10-13,11,9,2
2016-10-13,16,7,9
2016-10-13,33,7,26
2016-10-13,57,21,36
2016-10-13,64,17,47
2016-10-13,30,7,23
2016-10-13,14,4,10
2016-10-13,4,2,2
2016-10-13,2,1,1
2016-10-13,3,3,0
2016-10-13,0,0,0
2016-10-14,0,0,0
2016-10-14,0,0,0
2016-10-14,0,0,0
2016-10-14,0,0,0
2016-10-14,1,0,1
2016-10-14,3,2,1
2016-10-14,8,2,6
2016-10-14,11,4,7
2016-10-14,31,17,14
2016-10-14,24,6,18
2016-10-14,11,8,3
2016-10-14,12,8,4
2016-10-14,14,6,8
2016-10-14,9,7,2
2016-10-14,15,6,9
2016-10-14,16,6,10
2016-10-14,45,13,32
2016-10-14,46,17,29
2016-10-14,19,8,11
2016-10-14,6,3,3
2016-10-14,0,0,0
2016-10-14,1,1,0
2016-10-14,1,1,0
2016-10-14,0,0,0
2016-10-15,2,0,2
2016-10-15,0,0,0
2016-10-15,0,0,0
2016-10-15,2,1,1
2016-10-15,1,0,1
2016-10-15,0,0,0
2016-10-15,1,0,1
2016-10-15,2,1,1
2016-10-15,0,0,0
2016-10-15,1,0,1
2016-10-15,2,1,1
2016-10-15,1,0,1
2016-10-15,2,2,0
2016-10-15,4,1,3
2016-10-15,7,3,4
2016-10-15,6,2,4
2016-10-15,5,2,3
2016-10-15,5,5,0
2016-10-15,2,2,0
2016-10-15,2,0,2
2016-10-15,8,4,4
2016-10-15,1,0,1
2016-10-15,0,0,0
2016-10-15,3,1,2
2016-10-16,1,0,1
2016-10-16,1,0,1
2016-10-16,0,0,0
2016-10-16,0,0,0
2016-10-16,0,0,0
2016-10-16,1,0,1
2016-10-16,0,0,0
2016-10-16,1,0,1
2016-10-16,6,5,1
2016-10-16,4,1,3
2016-10-16,5,1,4
2016-10-16,10,3,7
2016-10-16,9,7,2
2016-10-16,6,4,2
2016-10-16,5,3,2
2016-10-16,6,3,3
2016-10-16,14,6,8
2016-10-16,12,6,6
2016-10-16,8,2,6
2016-10-16,2,1,1
2016-10-16,5,2,3
2016-10-16,0,0,0
2016-10-16,1,1,0
2016-10-16,0,0,0
2016-10-17,0,0,0
2016-10-17,0,0,0
2016-10-17,0,0,0
2016-10-17,0,0,0
2016-10-17,2,1,1
2016-10-17,6,4,2
2016-10-17,17,12,5
2016-10-17,47,24,23
2016-10-17,94,39,55
2016-10-17,49,24,25
2016-10-17,12,7,5
2016-10-17,13,7,6
2016-10-17,16,7,9
2016-10-17,20,9,11
2016-10-17,24,9,15
2016-10-17,31,11,20
2016-10-17,91,31,60
2016-10-17,135,33,102
2016-10-17,43,13,30
2016-10-17,18,7,11
2016-10-17,11,4,7
2016-10-17,3,2,1
2016-10-17,2,1,1
2016-10-17,3,0,3
2016-10-18,0,0,0
2016-10-18,1,1,0
2016-10-18,0,0,0
2016-10-18,0,0,0
2016-10-18,3,2,1
2016-10-18,4,2,2
2016-10-18,26,16,10
2016-10-18,49,25,24
2016-10-18,98,46,52
2016-10-18,53,24,29
2016-10-18,27,13,14
2016-10-18,23,14,9
2016-10-18,26,11,15
2016-10-18,28,13,15
2016-10-18,35,10,25
2016-10-18,31,12,19
2016-10-18,77,24,53
2016-10-18,146,46,100
2016-10-18,54,19,35
2016-10-18,21,12,9
2016-10-18,14,5,9
2016-10-18,6,3,3
2016-10-18,5,3,2
2016-10-18,9,5,4
2016-10-19,0,0,0
2016-10-19,2,2,0
2016-10-19,2,2,0
2016-10-19,0,0,0
2016-10-19,1,0,1
2016-10-19,5,4,1
2016-10-19,31,14,17
2016-10-19,59,32,27
2016-10-19,122,55,67
2016-10-19,65,33,32
2016-10-19,23,12,11
2016-10-19,36,19,17
2016-10-19,19,9,10
2016-10-19,30,13,17
2016-10-19,32,13,19
2016-10-19,51,22,29
2016-10-19,114,31,83
2016-10-19,159,56,103
2016-10-19,61,20,41
2016-10-19,27,12,15
2016-10-19,12,7,5
2016-10-19,4,1,3
2016-10-19,6,4,2
2016-10-19,3,0,3
2016-10-20,0,0,0
2016-10-20,0,0,0
2016-10-20,0,0,0
2016-10-20,23,23,0
2016-10-20,1,0,1
2016-10-20,2,2,0
2016-10-20,14,8,6
2016-10-20,42,20,22
2016-10-20,66,22,44
2016-10-20,34,16,18
2016-10-20,18,10,8
2016-10-20,19,10,9
2016-10-20,19,9,10
2016-10-20,12,6,6
2016-10-20,17,9,8
2016-10-20,31,10,21
2016-10-20,76,30,46
2016-10-20,109,32,77
2016-10-20,45,14,31
2016-10-20,18,9,9
2016-10-20,12,8,4
2016-10-20,7,4,3
2016-10-20,4,1,3
2016-10-20,2,2,0
2016-10-21,0,0,0
2016-10-21,2,1,1
2016-10-21,0,0,0
2016-10-21,0,0,0
2016-10-21,1,0,1
2016-10-21,3,2,1
2016-10-21,22,12,10
2016-10-21,38,21,17
2016-10-21,80,36,44
2016-10-21,57,23,34
2016-10-21,28,12,16
2016-10-21,19,9,10
2016-10-21,36,13,23
2016-10-21,40,21,19
2016-10-21,31,18,13
2016-10-21,48,18,30
2016-10-21,92,36,56
2016-10-21,122,40,82
2016-10-21,51,20,31
2016-10-21,19,9,10
2016-10-21,16,11,5
2016-10-21,5,4,1
2016-10-21,6,3,3
2016-10-21,4,2,2
2016-10-22,2,2,0
2016-10-22,2,2,0
2016-10-22,0,0,0
2016-10-22,1,1,0
2016-10-22,0,0,0
2016-10-22,2,1,1
2016-10-22,0,0,0
2016-10-22,5,1,4
2016-10-22,13,3,10
2016-10-22,9,2,7
2016-10-22,9,1,8
2016-10-22,20,8,12
2016-10-22,19,7,12
2016-10-22,33,20,13
2016-10-22,23,11,12
2016-10-22,27,11,16
2016-10-22,21,11,10
2016-10-22,15,8,7
2016-10-22,17,9,8
2016-10-22,6,5,1
2016-10-22,12,3,9
2016-10-22,8,3,5
2016-10-22,8,3,5
2016-10-22,8,4,4
2016-10-23,2,1,1
2016-10-23,0,0,0
2016-10-23,3,1,2
2016-10-23,0,0,0
2016-10-23,0,0,0
2016-10-23,0,0,0
2016-10-23,1,0,1
2016-10-23,1,1,0
2016-10-23,4,2,2
2016-10-23,8,1,7
2016-10-23,11,5,6
2016-10-23,20,10,10
2016-10-23,41,11,30
2016-10-23,22,4,18
2016-10-23,19,7,12
2016-10-23,42,27,15
2016-10-23,24,14,10
2016-10-23,17,3,14
2016-10-23,9,6,3
2016-10-23,12,7,5
2016-10-23,5,4,1
2016-10-23,1,0,1
2016-10-23,6,3,3
2016-10-23,2,1,1
2016-10-24,1,1,0
2016-10-24,1,0,1
2016-10-24,1,0,1
2016-10-24,0,0,0
2016-10-24,1,0,1
2016-10-24,4,3,1
2016-10-24,30,18,12
2016-10-24,57,27,30
2016-10-24,110,45,65
2016-10-24,64,29,35
2016-10-24,35,23,12
2016-10-24,25,15,10
2016-10-24,24,10,14
2016-10-24,24,10,14
2016-10-24,31,11,20
2016-10-24,48,19,29
2016-10-24,98,37,61
2016-10-24,129,33,96
2016-10-24,50,19,31
2016-10-24,23,14,9
2016-10-24,9,4,5
2016-10-24,2,0,2
2016-10-24,2,1,1
2016-10-24,3,2,1
2016-10-25,2,1,1
2016-10-25,2,1,1
2016-10-25,1,0,1
2016-10-25,0,0,0
2016-10-25,3,0,3
2016-10-25,8,5,3
2016-10-25,27,13,14
2016-10-25,65,35,30
2016-10-25,97,39,58
2016-10-25,62,17,45
2016-10-25,35,16,19
2016-10-25,23,12,11
2016-10-25,25,12,13
2016-10-25,29,10,19
2016-10-25,33,17,16
2016-10-25,38,11,27
2016-10-25,94,30,64
2016-10-25,130,41,89
2016-10-25,71,25,46
2016-10-25,23,10,13
2016-10-25,9,2,7
2016-10-25,12,5,7
2016-10-25,3,2,1
2016-10-25,2,2,0
2016-10-26,3,2,1
2016-10-26,0,0,0
2016-10-26,4,2,2
2016-10-26,0,0,0
2016-10-26,3,1,2
2016-10-26,3,3,0
2016-10-26,24,13,11
2016-10-26,46,25,21
2016-10-26,63,25,38
2016-10-26,41,18,23
2016-10-26,22,12,10
2016-10-26,12,6,6
2016-10-26,19,7,12
2016-10-26,16,12,4
2016-10-26,16,6,10
2016-10-26,32,13,19
2016-10-26,67,23,44
2016-10-26,102,36,66
2016-10-26,40,20,20
2016-10-26,12,3,9
2016-10-26,15,3,12
2016-10-26,1,1,0
2016-10-26,1,1,0
2016-10-26,1,0,1
2016-10-27,1,1,0
2016-10-27,0,0,0
2016-10-27,1,0,1
2016-10-27,1,0,1
2016-10-27,2,0,2
2016-10-27,6,5,1
2016-10-27,19,8,11
2016-10-27,47,23,24
2016-10-27,90,33,57
2016-10-27,51,22,29
2016-10-27,30,16,14
2016-10-27,24,14,10
2016-10-27,29,18,11
2016-10-27,35,18,17
2016-10-27,40,14,26
2016-10-27,44,15,29
2016-10-27,92,31,61
2016-10-27,134,40,94
2016-10-27,80,27,53
2016-10-27,15,3,12
2016-10-27,13,6,7
2016-10-27,18,16,2
2016-10-27,8,3,5
2016-10-27,5,4,1
2016-10-28,2,2,0
2016-10-28,1,0,1
2016-10-28,0,0,0
2016-10-28,1,0,1
2016-10-28,0,0,0
2016-10-28,3,3,0
2016-10-28,29,11,18
2016-10-28,47,22,25
2016-10-28,81,29,52
2016-10-28,47,21,26
2016-10-28,21,12,9
2016-10-28,30,21,9
2016-10-28,37,19,18
2016-10-28,31,17,14
2016-10-28,37,14,23
2016-10-28,55,27,28
2016-10-28,87,22,65
2016-10-28,133,40,93
2016-10-28,61,16,45
2016-10-28,20,12,8
2016-10-28,11,6,5
2016-10-28,7,2,5
2016-10-28,4,1,3
2016-10-28,4,0,4
2016-10-29,2,1,1
2016-10-29,3,1,2
2016-10-29,1,0,1
2016-10-29,1,0,1
2016-10-29,1,1,0
2016-10-29,1,0,1
2016-10-29,2,1,1
2016-10-29,4,1,3
2016-10-29,7,3,4
2016-10-29,3,2,1
2016-10-29,5,1,4
2016-10-29,1,1,0
2016-10-29,3,2,1
2016-10-29,12,8,4
2016-10-29,9,3,6
2016-10-29,11,1,10
2016-10-29,15,6,9
2016-10-29,20,9,11
2016-10-29,18,11,7
2016-10-29,10,6,4
2016-10-29,7,5,2
2016-10-29,3,2,1
2016-10-29,13,7,6
2016-10-29,4,1,3
2016-10-30,2,2,0
2016-10-30,3,0,3
2016-10-30,3,1,2
2016-10-30,0,0,0
2016-10-30,0,0,0
2016-10-30,1,1,0
2016-10-30,0,0,0
2016-10-30,1,1,0
2016-10-30,4,2,2
2016-10-30,6,3,3
2016-10-30,10,6,4
2016-10-30,8,4,4
2016-10-30,17,13,4
2016-10-30,13,8,5
2016-10-30,4,1,3
2016-10-30,11,3,8
2016-10-30,8,4,4
2016-10-30,15,4,11
2016-10-30,11,3,8
2016-10-30,2,0,2
2016-10-30,8,7,1
2016-10-30,5,1,4
2016-10-30,5,3,2
2016-10-30,0,0,0
2016-10-31,0,0,0
2016-10-31,0,0,0
2016-10-31,2,0,2
2016-10-31,0,0,0
2016-10-31,1,0,1
2016-10-31,4,3,1
2016-10-31,20,12,8
2016-10-31,39,22,17
2016-10-31,68,28,40
2016-10-31,38,21,17
2016-10-31,19,12,7
2016-10-31,19,13,6
2016-10-31,16,7,9
2016-10-31,14,8,6
2016-10-31,23,4,19
2016-10-31,46,11,35
2016-10-31,103,30,73
2016-10-31,104,36,68
2016-10-31,33,14,19
2016-10-31,6,4,2
2016-10-31,2,1,1
2016-10-31,2,2,0
2016-10-31,1,1,0
2016-10-31,1,1,0
2016-11-01,1,0,1
2016-11-01,0,0,0
2016-11-01,0,0,0
2016-11-01,1,0,1
2016-11-01,2,1,1
2016-11-01,6,4,2
2016-11-01,24,11,13
2016-11-01,53,23,30
2016-11-01,72,33,39
2016-11-01,44,21,23
2016-11-01,22,10,12
2016-11-01,14,9,5
2016-11-01,26,16,10
2016-11-01,19,8,11
2016-11-01,22,9,13
2016-11-01,35,11,24
2016-11-01,74,24,50
2016-11-01,110,30,80
2016-11-01,52,17,35
2016-11-01,17,5,12
2016-11-01,6,3,3
2016-11-01,4,3,1
2016-11-01,3,2,1
2016-11-01,2,1,1
2016-11-02,1,0,1
2016-11-02,0,0,0
2016-11-02,0,0,0
2016-11-02,0,0,0
2016-11-02,1,0,1
2016-11-02,12,8,4
2016-11-02,19,12,7
2016-11-02,46,23,23
2016-11-02,68,32,36
2016-11-02,33,19,14
2016-11-02,19,10,9
2016-11-02,14,10,4
2016-11-02,19,12,7
2016-11-02,19,11,8
2016-11-02,20,10,10
2016-11-02,32,8,24
2016-11-02,73,15,58
2016-11-02,97,27,70
2016-11-02,44,22,22
2016-11-02,16,5,11
2016-11-02,7,4,3
2016-11-02,7,2,5
2016-11-02,2,0,2
2016-11-02,1,0,1
2016-11-03,1,1,0
2016-11-03,1,1,0
2016-11-03,1,0,1
2016-11-03,1,0,1
2016-11-03,1,0,1
2016-11-03,5,4,1
2016-11-03,25,13,12
2016-11-03,71,39,32
2016-11-03,110,44,66
2016-11-03,69,29,40
2016-11-03,43,14,29
2016-11-03,30,13,17
2016-11-03,26,14,12
2016-11-03,30,15,15
2016-11-03,36,14,22
2016-11-03,55,18,37
2016-11-03,99,35,64
2016-11-03,139,39,100
2016-11-03,82,24,58
2016-11-03,36,15,21
2016-11-03,17,5,12
2016-11-03,10,5,5
2016-11-03,7,3,4
2016-11-03,4,3,1
2016-11-04,1,0,1
2016-11-04,3,1,2
2016-11-04,2,1,1
2016-11-04,2,1,1
2016-11-04,3,0,3
2016-11-04,11,8,3
2016-11-04,20,8,12
2016-11-04,57,21,36
2016-11-04,85,31,54
2016-11-04,72,26,46
2016-11-04,36,19,17
2016-11-04,28,16,12
2016-11-04,34,23,11
2016-11-04,36,25,11
2016-11-04,27,8,19
2016-11-04,43,17,26
2016-11-04,97,33,64
2016-11-04,126,37,89
2016-11-04,58,19,39
2016-11-04,22,8,14
2016-11-04,8,3,5
2016-11-04,7,3,4
2016-11-04,4,3,1
2016-11-04,6,3,3
2016-11-05,3,2,1
2016-11-05,0,0,0
2016-11-05,4,2,2
2016-11-05,1,1,0
2016-11-05,1,0,1
2016-11-05,0,0,0
2016-11-05,2,1,1
2016-11-05,1,1,0
2016-11-05,4,3,1
2016-11-05,2,1,1
2016-11-05,2,0,2
2016-11-05,5,2,3
2016-11-05,9,4,5
2016-11-05,8,4,4
2016-11-05,15,8,7
2016-11-05,7,2,5
2016-11-05,13,4,9
2016-11-05,6,1,5
2016-11-05,5,2,3
2016-11-05,4,2,2
2016-11-05,2,1,1
2016-11-05,3,0,3
2016-11-05,4,1,3
2016-11-05,3,1,2
2016-11-06,5,1,4
2016-11-06,8,4,4
2016-11-06,1,1,0
2016-11-06,0,0,0
2016-11-06,0,0,0
2016-11-06,0,0,0
2016-11-06,3,2,1
2016-11-06,0,0,0
2016-11-06,5,1,4
2016-11-06,8,4,4
2016-11-06,15,3,12
2016-11-06,15,2,13
2016-11-06,13,7,6
2016-11-06,17,9,8
2016-11-06,14,7,7
2016-11-06,28,9,19
2016-11-06,24,13,11
2016-11-06,12,6,6
2016-11-06,5,1,4
2016-11-06,4,2,2
2016-11-06,3,2,1
2016-11-06,5,1,4
2016-11-06,2,2,0
2016-11-06,3,1,2
2016-11-07,2,0,2
2016-11-07,0,0,0
2016-11-07,0,0,0
2016-11-07,0,0,0
2016-11-07,2,0,2
2016-11-07,8,8,0
2016-11-07,24,13,11
2016-11-07,77,29,48
2016-11-07,119,52,67
2016-11-07,63,21,42
2016-11-07,25,14,11
2016-11-07,19,11,8
2016-11-07,27,7,20
2016-11-07,32,13,19
2016-11-07,31,11,20
2016-11-07,72,28,44
2016-11-07,127,35,92
2016-11-07,141,44,97
2016-11-07,55,19,36
2016-11-07,12,6,6
2016-11-07,15,5,10
2016-11-07,24,17,7
2016-11-07,6,2,4
2016-11-07,2,1,1
2016-11-08,1,1,0
2016-11-08,1,0,1
2016-11-08,0,0,0
2016-11-08,0,0,0
2016-11-08,2,0,2
2016-11-08,7,4,3
2016-11-08,36,22,14
2016-11-08,82,34,48
2016-11-08,133,53,80
2016-11-08,66,25,41
2016-11-08,31,16,15
2016-11-08,27,14,13
2016-11-08,30,13,17
2016-11-08,43,21,22
2016-11-08,33,11,22
2016-11-08,65,29,36
2016-11-08,145,45,100
2016-11-08,137,47,90
2016-11-08,58,23,35
2016-11-08,15,10,5
2016-11-08,7,4,3
2016-11-08,9,4,5
2016-11-08,7,1,6
2016-11-08,4,1,3
2016-11-09,5,3,2
2016-11-09,0,0,0
2016-11-09,1,1,0
2016-11-09,1,1,0
2016-11-09,3,2,1
2016-11-09,7,6,1
2016-11-09,24,13,11
2016-11-09,37,17,20
2016-11-09,91,37,54
2016-11-09,52,23,29
2016-11-09,16,8,8
2016-11-09,30,18,12
2016-11-09,23,13,10
2016-11-09,21,12,9
2016-11-09,25,11,14
2016-11-09,44,10,34
2016-11-09,100,29,71
2016-11-09,116,47,69
2016-11-09,56,23,33
2016-11-09,40,12,28
2016-11-09,9,3,6
2016-11-09,6,3,3
2016-11-09,4,3,1
2016-11-09,2,0,2
2016-11-10,1,1,0
2016-11-10,3,3,0
2016-11-10,1,0,1
2016-11-10,0,0,0
2016-11-10,1,0,1
2016-11-10,3,3,0
2016-11-10,26,14,12
2016-11-10,68,21,47
2016-11-10,122,53,69
2016-11-10,68,27,41
2016-11-10,26,13,13
2016-11-10,27,11,16
2016-11-10,30,12,18
2016-11-10,35,18,17
2016-11-10,34,15,19
2016-11-10,50,14,36
2016-11-10,99,28,71
2016-11-10,121,43,78
2016-11-10,68,21,47
2016-11-10,19,5,14
2016-11-10,9,5,4
2016-11-10,13,2,11
2016-11-10,8,4,4
2016-11-10,2,2,0
2016-11-11,5,3,2
2016-11-11,2,1,1
2016-11-11,0,0,0
2016-11-11,1,1,0
2016-11-11,1,0,1
2016-11-11,1,1,0
2016-11-11,16,5,11
2016-11-11,55,24,31
2016-11-11,82,40,42
2016-11-11,51,27,24
2016-11-11,22,11,11
2016-11-11,24,9,15
2016-11-11,30,14,16
2016-11-11,30,17,13
2016-11-11,34,16,18
2016-11-11,52,16,36
2016-11-11,82,31,51
2016-11-11,100,37,63
2016-11-11,53,13,40
2016-11-11,22,8,14
2016-11-11,12,6,6
2016-11-11,10,3,7
2016-11-11,4,2,2
2016-11-11,8,4,4
2016-11-12,5,2,3
2016-11-12,2,1,1
2016-11-12,1,0,1
2016-11-12,3,2,1
2016-11-12,0,0,0
2016-11-12,1,0,1
2016-11-12,2,1,1
2016-11-12,1,1,0
2016-11-12,7,5,2
2016-11-12,3,2,1
2016-11-12,8,1,7
2016-11-12,9,6,3
2016-11-12,20,11,9
2016-11-12,14,8,6
2016-11-12,16,9,7
2016-11-12,15,4,11
2016-11-12,10,6,4
2016-11-12,10,6,4
2016-11-12,11,3,8
2016-11-12,4,3,1
2016-11-12,12,4,8
2016-11-12,4,2,2
2016-11-12,7,3,4
2016-11-12,6,5,1
2016-11-13,3,1,2
2016-11-13,1,1,0
2016-11-13,4,1,3
2016-11-13,1,1,0
2016-11-13,0,0,0
2016-11-13,1,0,1
2016-11-13,0,0,0
2016-11-13,1,0,1
2016-11-13,1,1,0
2016-11-13,3,1,2
2016-11-13,4,2,2
2016-11-13,4,2,2
2016-11-13,10,4,6
2016-11-13,4,1,3
2016-11-13,3,1,2
2016-11-13,4,1,3
2016-11-13,6,4,2
2016-11-13,8,3,5
2016-11-13,9,3,6
2016-11-13,4,3,1
2016-11-13,5,3,2
2016-11-13,3,2,1
2016-11-13,2,1,1
2016-11-13,0,0,0
2016-11-14,1,1,0
2016-11-14,2,0,2
2016-11-14,2,1,1
2016-11-14,0,0,0
2016-11-14,2,0,2
2016-11-14,8,5,3
2016-11-14,20,14,6
2016-11-14,59,25,34
2016-11-14,103,47,56
2016-11-14,70,30,40
2016-11-14,23,15,8
2016-11-14,29,16,13
2016-11-14,13,11,2
2016-11-14,12,6,6
2016-11-14,32,13,19
2016-11-14,37,12,25
2016-11-14,113,35,78
2016-11-14,130,43,87
2016-11-14,56,17,39
2016-11-14,18,9,9
2016-11-14,12,4,8
2016-11-14,12,6,6
2016-11-14,4,2,2
2016-11-14,2,1,1
2016-11-15,1,0,1
2016-11-15,0,0,0
2016-11-15,0,0,0
2016-11-15,0,0,0
2016-11-15,2,1,1
2016-11-15,7,4,3
2016-11-15,18,11,7
2016-11-15,57,26,31
2016-11-15,82,30,52
2016-11-15,51,21,30
2016-11-15,29,15,14
2016-11-15,28,10,18
2016-11-15,30,12,18
2016-11-15,25,8,17
2016-11-15,22,8,14
2016-11-15,36,12,24
2016-11-15,89,29,60
2016-11-15,100,29,71
2016-11-15,47,18,29
2016-11-15,22,10,12
2016-11-15,10,5,5
2016-11-15,5,2,3
2016-11-15,3,1,2
2016-11-15,5,2,3
2016-11-16,0,0,0
2016-11-16,1,1,0
2016-11-16,0,0,0
2016-11-16,0,0,0
2016-11-16,2,0,2
2016-11-16,9,5,4
2016-11-16,21,15,6
2016-11-16,57,22,35
2016-11-16,102,47,55
2016-11-16,52,25,27
2016-11-16,33,15,18
2016-11-16,31,14,17
2016-11-16,29,20,9
2016-11-16,32,11,21
2016-11-16,26,10,16
2016-11-16,56,22,34
2016-11-16,96,38,58
2016-11-16,114,38,76
2016-11-16,78,38,40
2016-11-16,23,10,13
2016-11-16,16,6,10
2016-11-16,6,2,4
2016-11-16,7,2,5
2016-11-16,1,0,1
2016-11-17,0,0,0
2016-11-17,0,0,0
2016-11-17,7,7,0
2016-11-17,19,17,2
2016-11-17,1,0,1
2016-11-17,7,5,2
2016-11-17,20,13,7
2016-11-17,64,28,36
2016-11-17,90,39,51
2016-11-17,63,28,35
2016-11-17,33,12,21
2016-11-17,31,14,17
2016-11-17,29,18,11
2016-11-17,25,12,13
2016-11-17,42,20,22
2016-11-17,60,28,32
2016-11-17,105,35,70
2016-11-17,130,38,92
2016-11-17,56,23,33
2016-11-17,31,16,15
2016-11-17,11,4,7
2016-11-17,12,5,7
2016-11-17,8,4,4
2016-11-17,4,0,4
2016-11-18,6,4,2
2016-11-18,0,0,0
2016-11-18,0,0,0
2016-11-18,2,1,1
2016-11-18,1,0,1
2016-11-18,9,5,4
2016-11-18,15,12,3
2016-11-18,54,26,28
2016-11-18,85,34,51
2016-11-18,55,23,32
2016-11-18,34,21,13
2016-11-18,24,14,10
2016-11-18,25,12,13
2016-11-18,32,17,15
2016-11-18,38,16,22
2016-11-18,50,17,33
2016-11-18,90,31,59
2016-11-18,105,41,64
2016-11-18,61,24,37
2016-11-18,16,5,11
2016-11-18,9,4,5
2016-11-18,2,1,1
2016-11-18,4,1,3
2016-11-18,2,0,2
2016-11-19,5,1,4
2016-11-19,0,0,0
2016-11-19,2,1,1
2016-11-19,1,0,1
2016-11-19,0,0,0
2016-11-19,0,0,0
2016-11-19,2,0,2
2016-11-19,3,2,1
2016-11-19,2,2,0
2016-11-19,7,2,5
2016-11-19,9,4,5
2016-11-19,14,5,9
2016-11-19,30,6,24
2016-11-19,20,7,13
2016-11-19,13,8,5
2016-11-19,20,11,9
2016-11-19,28,10,18
2016-11-19,17,5,12
2016-11-19,21,11,10
2016-11-19,9,5,4
2016-11-19,6,5,1
2016-11-19,3,0,3
2016-11-19,5,1,4
2016-11-19,4,2,2
2016-11-20,6,3,3
2016-11-20,3,1,2
2016-11-20,1,1,0
2016-11-20,2,0,2
2016-11-20,0,0,0
2016-11-20,1,1,0
2016-11-20,0,0,0
2016-11-20,2,1,1
2016-11-20,5,1,4
2016-11-20,9,5,4
2016-11-20,10,6,4
2016-11-20,10,5,5
2016-11-20,10,2,8
2016-11-20,7,1,6
2016-11-20,6,5,1
2016-11-20,13,2,11
2016-11-20,15,6,9
2016-11-20,10,4,6
2016-11-20,4,3,1
2016-11-20,4,2,2
2016-11-20,0,0,0
2016-11-20,1,1,0
2016-11-20,3,2,1
2016-11-20,3,3,0
2016-11-21,2,1,1
2016-11-21,0,0,0
2016-11-21,1,0,1
2016-11-21,0,0,0
2016-11-21,6,2,4
2016-11-21,5,2,3
2016-11-21,24,15,9
2016-11-21,56,20,36
2016-11-21,87,36,51
2016-11-21,58,24,34
2016-11-21,32,16,16
2016-11-21,25,15,10
2016-11-21,21,9,12
2016-11-21,28,14,14
2016-11-21,38,16,22
2016-11-21,34,12,22
2016-11-21,84,30,54
2016-11-21,125,41,84
2016-11-21,54,18,36
2016-11-21,28,15,13
2016-11-21,13,3,10
2016-11-21,16,5,11
2016-11-21,3,0,3
2016-11-21,0,0,0
2016-11-22,1,0,1
2016-11-22,0,0,0
2016-11-22,1,1,0
2016-11-22,0,0,0
2016-11-22,2,1,1
2016-11-22,6,6,0
2016-11-22,15,9,6
2016-11-22,45,25,20
2016-11-22,70,28,42
2016-11-22,47,25,22
2016-11-22,20,9,11
2016-11-22,25,17,8
2016-11-22,22,8,14
2016-11-22,24,12,12
2016-11-22,23,8,15
2016-11-22,32,13,19
2016-11-22,74,13,61
2016-11-22,108,29,79
2016-11-22,58,17,41
2016-11-22,26,8,18
2016-11-22,5,2,3
2016-11-22,9,6,3
2016-11-22,2,2,0
2016-11-22,0,0,0
2016-11-23,5,4,1
2016-11-23,2,1,1
2016-11-23,0,0,0
2016-11-23,1,0,1
2016-11-23,2,1,1
2016-11-23,1,1,0
2016-11-23,18,9,9
2016-11-23,30,17,13
2016-11-23,58,30,28
2016-11-23,42,23,19
2016-11-23,20,7,13
2016-11-23,18,8,10
2016-11-23,33,12,21
2016-11-23,23,9,14
2016-11-23,31,13,18
2016-11-23,38,15,23
2016-11-23,64,18,46
2016-11-23,69,25,44
2016-11-23,22,7,15
2016-11-23,5,3,2
2016-11-23,7,3,4
2016-11-23,6,2,4
2016-11-23,3,2,1
2016-11-23,6,2,4
2016-11-24,2,1,1
2016-11-24,0,0,0
2016-11-24,1,1,0
2016-11-24,0,0,0
2016-11-24,0,0,0
2016-11-24,0,0,0
2016-11-24,1,1,0
2016-11-24,1,1,0
2016-11-24,2,0,2
2016-11-24,1,1,0
2016-11-24,2,1,1
2016-11-24,0,0,0
2016-11-24,2,2,0
2016-11-24,1,1,0
2016-11-24,3,2,1
2016-11-24,6,4,2
2016-11-24,2,1,1
2016-11-24,0,0,0
2016-11-24,0,0,0
2016-11-24,0,0,0
2016-11-24,0,0,0
2016-11-24,0,0,0
2016-11-24,0,0,0
2016-11-24,2,0,2
2016-11-25,1,0,1
2016-11-25,0,0,0
2016-11-25,0,0,0
2016-11-25,1,1,0
2016-11-25,1,0,1
2016-11-25,1,1,0
2016-11-25,2,0,2
2016-11-25,10,7,3
2016-11-25,12,7,5
2016-11-25,8,4,4
2016-11-25,9,5,4
2016-11-25,9,5,4
2016-11-25,23,11,12
2016-11-25,22,12,10
2016-11-25,28,10,18
2016-11-25,21,9,12
2016-11-25,23,8,15
2016-11-25,19,8,11
2016-11-25,14,7,7
2016-11-25,11,5,6
2016-11-25,4,1,3
2016-11-25,4,1,3
2016-11-25,3,2,1
2016-11-25,1,0,1
2016-11-26,2,1,1
2016-11-26,0,0,0
2016-11-26,1,0,1
2016-11-26,1,0,1
2016-11-26,0,0,0
2016-11-26,0,0,0
2016-11-26,2,1,1
2016-11-26,1,0,1
2016-11-26,3,3,0
2016-11-26,3,1,2
2016-11-26,2,2,0
2016-11-26,0,0,0
2016-11-26,9,2,7
2016-11-26,16,7,9
2016-11-26,9,5,4
2016-11-26,10,3,7
2016-11-26,13,10,3
2016-11-26,7,4,3
2016-11-26,6,0,6
2016-11-26,5,2,3
2016-11-26,1,0,1
2016-11-26,4,1,3
2016-11-26,5,3,2
2016-11-26,2,0,2
2016-11-27,1,0,1
2016-11-27,3,2,1
2016-11-27,0,0,0
2016-11-27,1,1,0
2016-11-27,0,0,0
2016-11-27,0,0,0
2016-11-27,3,1,2
2016-11-27,0,0,0
2016-11-27,6,3,3
2016-11-27,9,5,4
2016-11-27,9,7,2
2016-11-27,3,2,1
2016-11-27,12,7,5
2016-11-27,8,3,5
2016-11-27,2,0,2
2016-11-27,2,0,2
2016-11-27,5,2,3
2016-11-27,7,3,4
2016-11-27,2,0,2
2016-11-27,4,2,2
2016-11-27,6,2,4
2016-11-27,1,1,0
2016-11-27,0,0,0
2016-11-27,1,0,1
2016-11-28,0,0,0
2016-11-28,1,1,0
2016-11-28,0,0,0
2016-11-28,1,0,1
2016-11-28,1,0,1
2016-11-28,10,4,6
2016-11-28,16,9,7
2016-11-28,61,28,33
2016-11-28,77,32,45
2016-11-28,67,39,28
2016-11-28,27,12,15
2016-11-28,15,6,9
2016-11-28,20,10,10
2016-11-28,18,9,9
2016-11-28,29,14,15
2016-11-28,36,11,25
2016-11-28,90,30,60
2016-11-28,134,42,92
2016-11-28,60,19,41
2016-11-28,20,9,11
2016-11-28,11,6,5
2016-11-28,7,3,4
2016-11-28,2,0,2
2016-11-28,4,2,2
2016-11-29,2,0,2
2016-11-29,0,0,0
2016-11-29,0,0,0
2016-11-29,0,0,0
2016-11-29,2,1,1
2016-11-29,8,5,3
2016-11-29,26,11,15
2016-11-29,58,29,29
2016-11-29,97,39,58
2016-11-29,64,31,33
2016-11-29,29,11,18
2016-11-29,26,11,15
2016-11-29,35,13,22
2016-11-29,27,12,15
2016-11-29,31,10,21
2016-11-29,40,12,28
2016-11-29,90,32,58
2016-11-29,160,56,104
2016-11-29,76,25,51
2016-11-29,20,8,12
2016-11-29,6,3,3
2016-11-29,6,3,3
2016-11-29,7,3,4
2016-11-29,2,2,0
2016-11-30,1,1,0
2016-11-30,0,0,0
2016-11-30,0,0,0
2016-11-30,0,0,0
2016-11-30,1,0,1
2016-11-30,7,4,3
2016-11-30,25,15,10
2016-11-30,54,32,22
2016-11-30,86,33,53
2016-11-30,54,23,31
2016-11-30,25,14,11
2016-11-30,22,15,7
2016-11-30,28,18,10
2016-11-30,18,12,6
2016-11-30,31,16,15
2016-11-30,34,10,24
2016-11-30,78,26,52
2016-11-30,109,34,75
2016-11-30,61,24,37
2016-11-30,22,8,14
2016-11-30,11,1,10
2016-11-30,2,1,1
2016-11-30,6,2,4
2016-11-30,3,2,1
2016-12-01,0,0,0
2016-12-01,0,0,0
2016-12-01,0,0,0
2016-12-01,1,0,1
2016-12-01,2,0,2
2016-12-01,7,4,3
2016-12-01,19,8,11
2016-12-01,64,30,34
2016-12-01,92,36,56
2016-12-01,56,30,26
2016-12-01,27,12,15
2016-12-01,20,12,8
2016-12-01,36,18,18
2016-12-01,21,11,10
2016-12-01,22,9,13
2016-12-01,45,21,24
2016-12-01,90,33,57
2016-12-01,124,35,89
2016-12-01,71,25,46
2016-12-01,33,18,15
2016-12-01,12,7,5
2016-12-01,4,4,0
2016-12-01,7,4,3
2016-12-01,4,2,2
2016-12-02,3,2,1
2016-12-02,0,0,0
2016-12-02,0,0,0
2016-12-02,1,1,0
2016-12-02,2,0,2
2016-12-02,6,3,3
2016-12-02,12,9,3
2016-12-02,40,21,19
2016-12-02,56,22,34
2016-12-02,39,26,13
2016-12-02,17,8,9
2016-12-02,13,6,7
2016-12-02,17,7,10
2016-12-02,23,11,12
2016-12-02,27,9,18
2016-12-02,26,9,17
2016-12-02,55,18,37
2016-12-02,81,29,52
2016-12-02,42,11,31
2016-12-02,21,11,10
2016-12-02,6,4,2
2016-12-02,3,3,0
2016-12-02,5,0,5
2016-12-02,3,1,2
2016-12-03,3,1,2
2016-12-03,1,0,1
2016-12-03,0,0,0
2016-12-03,2,0,2
2016-12-03,1,0,1
2016-12-03,1,0,1
2016-12-03,2,0,2
2016-12-03,2,1,1
2016-12-03,5,4,1
2016-12-03,5,2,3
2016-12-03,10,6,4
2016-12-03,10,7,3
2016-12-03,12,7,5
2016-12-03,14,4,10
2016-12-03,16,7,9
2016-12-03,14,3,11
2016-12-03,16,7,9
2016-12-03,6,3,3
2016-12-03,11,1,10
2016-12-03,4,1,3
2016-12-03,5,1,4
2016-12-03,2,0,2
2016-12-03,2,0,2
2016-12-03,0,0,0
2016-12-04,4,2,2
2016-12-04,0,0,0
2016-12-04,3,1,2
2016-12-04,1,0,1
2016-12-04,1,1,0
2016-12-04,1,1,0
2016-12-04,0,0,0
2016-12-04,1,1,0
2016-12-04,7,5,2
2016-12-04,3,2,1
2016-12-04,8,5,3
2016-12-04,12,5,7
2016-12-04,16,3,13
2016-12-04,25,9,16
2016-12-04,21,13,8
2016-12-04,23,10,13
2016-12-04,20,7,13
2016-12-04,13,4,9
2016-12-04,10,5,5
2016-12-04,7,2,5
2016-12-04,5,3,2
2016-12-04,10,5,5
2016-12-04,8,4,4
2016-12-04,2,2,0
2016-12-05,2,0,2
2016-12-05,1,1,0
2016-12-05,0,0,0
2016-12-05,1,1,0
2016-12-05,1,0,1
2016-12-05,8,4,4
2016-12-05,17,8,9
2016-12-05,29,16,13
2016-12-05,41,20,21
2016-12-05,29,15,14
2016-12-05,20,12,8
2016-12-05,8,5,3
2016-12-05,14,9,5
2016-12-05,20,12,8
2016-12-05,10,4,6
2016-12-05,19,4,15
2016-12-05,52,18,34
2016-12-05,77,26,51
2016-12-05,36,16,20
2016-12-05,9,2,7
2016-12-05,3,1,2
2016-12-05,1,0,1
2016-12-05,0,0,0
2016-12-05,0,0,0
2016-12-06,0,0,0
2016-12-06,1,0,1
2016-12-06,0,0,0
2016-12-06,0,0,0
2016-12-06,2,1,1
2016-12-06,5,3,2
2016-12-06,13,6,7
2016-12-06,39,16,23
2016-12-06,57,32,25
2016-12-06,39,21,18
2016-12-06,22,13,9
2016-12-06,25,16,9
2016-12-06,19,12,7
2016-12-06,21,8,13
2016-12-06,35,19,16
2016-12-06,25,8,17
2016-12-06,63,26,37
2016-12-06,103,38,65
2016-12-06,38,16,22
2016-12-06,11,5,6
2016-12-06,11,4,7
2016-12-06,3,2,1
2016-12-06,4,2,2
2016-12-06,1,0,1
2016-12-07,0,0,0
2016-12-07,0,0,0
2016-12-07,0,0,0
2016-12-07,2,1,1
2016-12-07,1,0,1
2016-12-07,7,5,2
2016-12-07,12,7,5
2016-12-07,39,21,18
2016-12-07,62,26,36
2016-12-07,42,20,22
2016-12-07,25,10,15
2016-12-07,28,18,10
2016-12-07,16,11,5
2016-12-07,19,10,9
2016-12-07,25,12,13
2016-12-07,44,16,28
2016-12-07,64,24,40
2016-12-07,86,34,52
2016-12-07,58,18,40
2016-12-07,16,7,9
2016-12-07,11,5,6
2016-12-07,7,4,3
2016-12-07,4,2,2
2016-12-07,1,0,1
2016-12-08,2,1,1
2016-12-08,1,1,0
2016-12-08,0,0,0
2016-12-08,0,0,0
2016-12-08,0,0,0
2016-12-08,9,5,4
2016-12-08,13,8,5
2016-12-08,30,18,12
2016-12-08,49,21,28
2016-12-08,43,23,20
2016-12-08,22,13,9
2016-12-08,22,9,13
2016-12-08,18,7,11
2016-12-08,21,7,14
2016-12-08,26,11,15
2016-12-08,31,13,18
2016-12-08,58,22,36
2016-12-08,90,27,63
2016-12-08,42,16,26
2016-12-08,17,5,12
2016-12-08,4,2,2
2016-12-08,8,3,5
2016-12-08,3,1,2
2016-12-08,1,1,0
2016-12-09,1,0,1
2016-12-09,1,0,1
2016-12-09,0,0,0
2016-12-09,2,1,1
2016-12-09,0,0,0
2016-12-09,3,1,2
2016-12-09,4,2,2
2016-12-09,7,3,4
2016-12-09,6,0,6
2016-12-09,19,9,10
2016-12-09,11,7,4
2016-12-09,17,12,5
2016-12-09,7,6,1
2016-12-09,14,10,4
2016-12-09,13,6,7
2016-12-09,10,4,6
2016-12-09,24,11,13
2016-12-09,20,9,11
2016-12-09,14,6,8
2016-12-09,11,3,8
2016-12-09,5,2,3
2016-12-09,0,0,0
2016-12-09,3,2,1
2016-12-09,2,2,0
2016-12-10,2,1,1
2016-12-10,0,0,0
2016-12-10,1,1,0
2016-12-10,0,0,0
2016-12-10,1,0,1
2016-12-10,1,0,1
2016-12-10,0,0,0
2016-12-10,4,0,4
2016-12-10,4,2,2
2016-12-10,10,4,6
2016-12-10,2,2,0
2016-12-10,8,3,5
2016-12-10,4,3,1
2016-12-10,12,7,5
2016-12-10,3,2,1
2016-12-10,8,5,3
2016-12-10,7,3,4
2016-12-10,7,2,5
2016-12-10,5,1,4
2016-12-10,4,3,1
2016-12-10,3,1,2
2016-12-10,2,1,1
2016-12-10,6,4,2
2016-12-10,1,1,0
2016-12-11,5,3,2
2016-12-11,2,2,0
2016-12-11,1,0,1
2016-12-11,0,0,0
2016-12-11,0,0,0
2016-12-11,0,0,0
2016-12-11,0,0,0
2016-12-11,1,1,0
2016-12-11,4,3,1
2016-12-11,4,2,2
2016-12-11,1,1,0
2016-12-11,5,3,2
2016-12-11,6,0,6
2016-12-11,9,6,3
2016-12-11,3,1,2
2016-12-11,4,1,3
2016-12-11,5,2,3
2016-12-11,3,0,3
2016-12-11,9,4,5
2016-12-11,2,0,2
2016-12-11,2,1,1
2016-12-11,0,0,0
2016-12-11,1,1,0
2016-12-11,1,0,1
2016-12-12,1,1,0
2016-12-12,0,0,0
2016-12-12,0,0,0
2016-12-12,0,0,0
2016-12-12,1,0,1
2016-12-12,6,3,3
2016-12-12,17,9,8
2016-12-12,43,26,17
2016-12-12,74,27,47
2016-12-12,50,31,19
2016-12-12,19,9,10
2016-12-12,11,5,6
2016-12-12,12,6,6
2016-12-12,25,16,9
2016-12-12,19,10,9
2016-12-12,34,14,20
2016-12-12,75,20,55
2016-12-12,101,30,71
2016-12-12,43,16,27
2016-12-12,19,8,11
2016-12-12,2,1,1
2016-12-12,8,4,4
2016-12-12,5,3,2
2016-12-12,3,2,1
2016-12-13,0,0,0
2016-12-13,0,0,0
2016-12-13,0,0,0
2016-12-13,3,3,0
2016-12-13,2,1,1
2016-12-13,5,2,3
2016-12-13,21,11,10
2016-12-13,50,24,26
2016-12-13,84,38,46
2016-12-13,65,32,33
2016-12-13,17,9,8
2016-12-13,20,10,10
2016-12-13,23,12,11
2016-12-13,25,12,13
2016-12-13,25,14,11
2016-12-13,32,13,19
2016-12-13,86,25,61
2016-12-13,110,35,75
2016-12-13,47,19,28
2016-12-13,28,11,17
2016-12-13,12,4,8
2016-12-13,2,0,2
2016-12-13,2,1,1
2016-12-13,1,1,0
2016-12-14,3,2,1
2016-12-14,0,0,0
2016-12-14,1,1,0
2016-12-14,1,1,0
2016-12-14,1,0,1
2016-12-14,12,9,3
2016-12-14,11,7,4
2016-12-14,29,15,14
2016-12-14,66,31,35
2016-12-14,48,20,28
2016-12-14,22,10,12
2016-12-14,22,11,11
2016-12-14,33,16,17
2016-12-14,35,20,15
2016-12-14,28,10,18
2016-12-14,32,13,19
2016-12-14,69,15,54
2016-12-14,98,30,68
2016-12-14,61,19,42
2016-12-14,11,3,8
2016-12-14,12,2,10
2016-12-14,5,2,3
2016-12-14,3,2,1
2016-12-14,4,4,0
2016-12-15,0,0,0
2016-12-15,0,0,0
2016-12-15,1,1,0
2016-12-15,0,0,0
2016-12-15,1,0,1
2016-12-15,7,3,4
2016-12-15,16,10,6
2016-12-15,37,15,22
2016-12-15,72,36,36
2016-12-15,37,22,15
2016-12-15,15,10,5
2016-12-15,25,15,10
2016-12-15,23,9,14
2016-12-15,22,10,12
2016-12-15,21,11,10
2016-12-15,41,21,20
2016-12-15,81,19,62
2016-12-15,86,33,53
2016-12-15,52,19,33
2016-12-15,19,8,11
2016-12-15,13,7,6
2016-12-15,8,4,4
2016-12-15,7,3,4
2016-12-15,5,1,4
2016-12-16,3,2,1
2016-12-16,0,0,0
2016-12-16,0,0,0
2016-12-16,1,1,0
2016-12-16,1,0,1
2016-12-16,3,2,1
2016-12-16,14,6,8
2016-12-16,27,18,9
2016-12-16,47,19,28
2016-12-16,33,21,12
2016-12-16,11,6,5
2016-12-16,18,9,9
2016-12-16,19,11,8
2016-12-16,24,14,10
2016-12-16,19,9,10
2016-12-16,37,14,23
2016-12-16,53,18,35
2016-12-16,76,25,51
2016-12-16,47,15,32
2016-12-16,12,5,7
2016-12-16,5,2,3
2016-12-16,4,2,2
2016-12-16,2,1,1
2016-12-16,4,1,3
2016-12-17,2,1,1
2016-12-17,1,1,0
2016-12-17,0,0,0
2016-12-17,0,0,0
2016-12-17,0,0,0
2016-12-17,1,0,1
2016-12-17,3,1,2
2016-12-17,2,0,2
2016-12-17,3,3,0
2016-12-17,4,2,2
2016-12-17,7,4,3
2016-12-17,5,2,3
2016-12-17,13,7,6
2016-12-17,14,5,9
2016-12-17,9,2,7
2016-12-17,10,4,6
2016-12-17,9,3,6
2016-12-17,11,7,4
2016-12-17,7,0,7
2016-12-17,5,2,3
2016-12-17,5,1,4
2016-12-17,0,0,0
2016-12-17,3,0,3
2016-12-17,0,0,0
2016-12-18,3,1,2
2016-12-18,1,0,1
2016-12-18,1,1,0
2016-12-18,1,1,0
2016-12-18,1,1,0
2016-12-18,0,0,0
2016-12-18,1,1,0
2016-12-18,1,0,1
2016-12-18,4,3,1
2016-12-18,1,1,0
2016-12-18,2,2,0
2016-12-18,4,3,1
2016-12-18,8,4,4
2016-12-18,9,5,4
2016-12-18,9,4,5
2016-12-18,6,2,4
2016-12-18,6,4,2
2016-12-18,7,2,5
2016-12-18,8,3,5
2016-12-18,1,1,0
2016-12-18,1,0,1
2016-12-18,1,0,1
2016-12-18,5,2,3
2016-12-18,0,0,0
2016-12-19,1,0,1
2016-12-19,0,0,0
2016-12-19,2,2,0
2016-12-19,0,0,0
2016-12-19,1,0,1
2016-12-19,4,2,2
2016-12-19,11,6,5
2016-12-19,34,20,14
2016-12-19,49,22,27
2016-12-19,41,19,22
2016-12-19,14,7,7
2016-12-19,7,3,4
2016-12-19,16,10,6
2016-12-19,18,9,9
2016-12-19,13,5,8
2016-12-19,25,13,12
2016-12-19,44,15,29
2016-12-19,97,30,67
2016-12-19,51,20,31
2016-12-19,14,7,7
2016-12-19,1,0,1
2016-12-19,2,0,2
2016-12-19,1,1,0
2016-12-19,0,0,0
2016-12-20,1,0,1
2016-12-20,1,0,1
2016-12-20,0,0,0
2016-12-20,3,2,1
2016-12-20,3,1,2
2016-12-20,7,3,4
2016-12-20,19,12,7
2016-12-20,36,18,18
2016-12-20,54,18,36
2016-12-20,43,24,19
2016-12-20,27,12,15
2016-12-20,15,4,11
2016-12-20,20,10,10
2016-12-20,20,11,9
2016-12-20,20,7,13
2016-12-20,35,13,22
2016-12-20,80,24,56
2016-12-20,91,31,60
2016-12-20,54,24,30
2016-12-20,14,5,9
2016-12-20,8,2,6
2016-12-20,3,1,2
2016-12-20,2,1,1
2016-12-20,0,0,0
2016-12-21,1,1,0
2016-12-21,0,0,0
2016-12-21,0,0,0
2016-12-21,0,0,0
2016-12-21,1,0,1
2016-12-21,6,4,2
2016-12-21,13,5,8
2016-12-21,27,11,16
2016-12-21,57,25,32
2016-12-21,37,19,18
2016-12-21,14,6,8
2016-12-21,30,12,18
2016-12-21,25,15,10
2016-12-21,17,10,7
2016-12-21,29,11,18
2016-12-21,43,14,29
2016-12-21,71,26,45
2016-12-21,87,31,56
2016-12-21,48,18,30
2016-12-21,16,4,12
2016-12-21,5,2,3
2016-12-21,6,4,2
2016-12-21,2,0,2
2016-12-21,2,0,2
2016-12-22,1,1,0
2016-12-22,0,0,0
2016-12-22,1,0,1
2016-12-22,1,0,1
2016-12-22,1,0,1
2016-12-22,4,2,2
2016-12-22,9,5,4
2016-12-22,29,18,11
2016-12-22,36,13,23
2016-12-22,37,23,14
2016-12-22,19,9,10
2016-12-22,20,6,14
2016-12-22,23,11,12
2016-12-22,14,7,7
2016-12-22,24,8,16
2016-12-22,29,8,21
2016-12-22,51,17,34
2016-12-22,51,13,38
2016-12-22,32,11,21
2016-12-22,13,7,6
2016-12-22,6,2,4
2016-12-22,2,1,1
2016-12-22,1,1,0
2016-12-22,5,3,2
2016-12-23,0,0,0
2016-12-23,0,0,0
2016-12-23,0,0,0
2016-12-23,0,0,0
2016-12-23,0,0,0
2016-12-23,3,2,1
2016-12-23,5,1,4
2016-12-23,8,4,4
2016-12-23,15,7,8
2016-12-23,7,4,3
2016-12-23,11,5,6
2016-12-23,3,3,0
2016-12-23,9,4,5
2016-12-23,16,9,7
2016-12-23,15,8,7
2016-12-23,13,6,7
2016-12-23,23,6,17
2016-12-23,14,2,12
2016-12-23,10,3,7
2016-12-23,2,1,1
2016-12-23,2,1,1
2016-12-23,4,2,2
2016-12-23,0,0,0
2016-12-23,4,2,2
2016-12-24,1,1,0
2016-12-24,0,0,0
2016-12-24,0,0,0
2016-12-24,0,0,0
2016-12-24,0,0,0
2016-12-24,0,0,0
2016-12-24,4,2,2
2016-12-24,4,0,4
2016-12-24,3,2,1
2016-12-24,0,0,0
2016-12-24,2,1,1
2016-12-24,7,2,5
2016-12-24,8,4,4
2016-12-24,11,5,6
2016-12-24,13,6,7
2016-12-24,11,3,8
2016-12-24,9,3,6
2016-12-24,9,7,2
2016-12-24,4,1,3
2016-12-24,2,2,0
2016-12-24,3,3,0
2016-12-24,0,0,0
2016-12-24,0,0,0
2016-12-24,2,1,1
2016-12-25,1,1,0
2016-12-25,2,2,0
2016-12-25,0,0,0
2016-12-25,0,0,0
2016-12-25,0,0,0
2016-12-25,0,0,0
2016-12-25,0,0,0
2016-12-25,1,0,1
2016-12-25,0,0,0
2016-12-25,2,1,1
2016-12-25,4,1,3
2016-12-25,4,3,1
2016-12-25,3,3,0
2016-12-25,5,2,3
2016-12-25,4,2,2
2016-12-25,3,0,3
2016-12-25,3,2,1
2016-12-25,1,1,0
2016-12-25,0,0,0
2016-12-25,1,1,0
2016-12-25,1,1,0
2016-12-25,1,0,1
2016-12-25,0,0,0
2016-12-25,0,0,0
2016-12-26,0,0,0
2016-12-26,0,0,0
2016-12-26,0,0,0
2016-12-26,0,0,0
2016-12-26,0,0,0
2016-12-26,1,1,0
2016-12-26,0,0,0
2016-12-26,6,3,3
2016-12-26,6,2,4
2016-12-26,5,2,3
2016-12-26,5,2,3
2016-12-26,7,4,3
2016-12-26,4,2,2
2016-12-26,7,4,3
2016-12-26,3,1,2
2016-12-26,5,2,3
2016-12-26,4,2,2
2016-12-26,4,1,3
2016-12-26,5,1,4
2016-12-26,1,1,0
2016-12-26,1,0,1
2016-12-26,1,0,1
2016-12-26,0,0,0
2016-12-26,1,1,0
2016-12-27,0,0,0
2016-12-27,1,0,1
2016-12-27,0,0,0
2016-12-27,0,0,0
2016-12-27,2,1,1
2016-12-27,4,1,3
2016-12-27,5,4,1
2016-12-27,23,12,11
2016-12-27,29,12,17
2016-12-27,21,17,4
2016-12-27,17,10,7
2016-12-27,14,5,9
2016-12-27,11,4,7
2016-12-27,13,8,5
2016-12-27,14,3,11
2016-12-27,21,11,10
2016-12-27,42,14,28
2016-12-27,45,17,28
2016-12-27,18,7,11
2016-12-27,8,6,2
2016-12-27,1,0,1
2016-12-27,3,0,3
2016-12-27,1,0,1
2016-12-27,3,1,2
2016-12-28,2,2,0
2016-12-28,0,0,0
2016-12-28,0,0,0
2016-12-28,1,0,1
2016-12-28,1,0,1
2016-12-28,4,0,4
2016-12-28,5,4,1
2016-12-28,25,14,11
2016-12-28,32,14,18
2016-12-28,31,17,14
2016-12-28,9,3,6
2016-12-28,19,12,7
2016-12-28,16,9,7
2016-12-28,26,15,11
2016-12-28,18,7,11
2016-12-28,27,9,18
2016-12-28,43,15,28
2016-12-28,61,20,41
2016-12-28,32,7,25
2016-12-28,11,6,5
2016-12-28,3,0,3
2016-12-28,5,4,1
2016-12-28,1,1,0
2016-12-28,3,1,2
2016-12-29,0,0,0
2016-12-29,0,0,0
2016-12-29,0,0,0
2016-12-29,0,0,0
2016-12-29,0,0,0
2016-12-29,1,0,1
2016-12-29,12,8,4
2016-12-29,19,9,10
2016-12-29,40,11,29
2016-12-29,22,13,9
2016-12-29,17,8,9
2016-12-29,7,3,4
2016-12-29,20,12,8
2016-12-29,18,7,11
2016-12-29,12,6,6
2016-12-29,16,3,13
2016-12-29,40,10,30
2016-12-29,48,23,25
2016-12-29,11,7,4
2016-12-29,8,4,4
2016-12-29,3,2,1
2016-12-29,2,1,1
2016-12-29,1,0,1
2016-12-29,2,1,1
2016-12-30,1,0,1
2016-12-30,2,2,0
2016-12-30,0,0,0
2016-12-30,0,0,0
2016-12-30,1,0,1
2016-12-30,1,0,1
2016-12-30,10,5,5
2016-12-30,13,6,7
2016-12-30,22,8,14
2016-12-30,15,8,7
2016-12-30,6,3,3
2016-12-30,10,1,9
2016-12-30,16,11,5
2016-12-30,14,7,7
2016-12-30,21,11,10
2016-12-30,31,16,15
2016-12-30,30,8,22
2016-12-30,18,8,10
2016-12-30,23,10,13
2016-12-30,7,2,5
2016-12-30,4,4,0
2016-12-30,2,0,2
2016-12-30,2,1,1
2016-12-30,2,1,1
2016-12-31,3,0,3
2016-12-31,1,1,0
2016-12-31,0,0,0
2016-12-31,0,0,0
2016-12-31,0,0,0
2016-12-31,1,1,0
2016-12-31,5,1,4
2016-12-31,0,0,0
2016-12-31,4,2,2
2016-12-31,4,2,2
2016-12-31,6,2,4
2016-12-31,6,2,4
2016-12-31,15,7,8
2016-12-31,12,6,6
2016-12-31,8,4,4
2016-12-31,6,3,3
2016-12-31,2,0,2
2016-12-31,6,2,4
2016-12-31,2,1,1
2016-12-31,2,1,1
2016-12-31,2,2,0
2016-12-31,1,0,1
2016-12-31,2,1,1
2016-12-31,3,2,1
2017-01-01,1,0,1
2017-01-01,3,1,2
2017-01-01,1,1,0
2017-01-01,2,1,1
2017-01-01,1,1,0
2017-01-01,0,0,0
2017-01-01,0,0,0
2017-01-01,1,1,0
2017-01-01,1,1,0
2017-01-01,0,0,0
2017-01-01,4,2,2
2017-01-01,5,3,2
2017-01-01,3,2,1
2017-01-01,0,0,0
2017-01-01,6,4,2
2017-01-01,6,3,3
2017-01-01,3,1,2
2017-01-01,4,1,3
2017-01-01,6,2,4
2017-01-01,0,0,0
2017-01-01,1,0,1
2017-01-01,2,0,2
2017-01-01,0,0,0
2017-01-01,0,0,0
2017-01-02,1,1,0
2017-01-02,0,0,0
2017-01-02,0,0,0
2017-01-02,0,0,0
2017-01-02,1,1,0
2017-01-02,0,0,0
2017-01-02,2,0,2
2017-01-02,2,1,1
2017-01-02,2,2,0
2017-01-02,7,5,2
2017-01-02,8,4,4
2017-01-02,6,2,4
2017-01-02,13,6,7
2017-01-02,12,5,7
2017-01-02,13,8,5
2017-01-02,14,7,7
2017-01-02,11,2,9
2017-01-02,10,3,7
2017-01-02,7,4,3
2017-01-02,4,2,2
2017-01-02,1,1,0
2017-01-02,1,1,0
2017-01-02,2,1,1
2017-01-02,0,0,0
2017-01-03,0,0,0
2017-01-03,0,0,0
2017-01-03,0,0,0
2017-01-03,0,0,0
2017-01-03,4,2,2
2017-01-03,10,4,6
2017-01-03,15,6,9
2017-01-03,41,17,24
2017-01-03,53,26,27
2017-01-03,35,17,18
2017-01-03,12,10,2
2017-01-03,9,3,6
2017-01-03,14,7,7
2017-01-03,13,8,5
2017-01-03,17,9,8
2017-01-03,29,10,19
2017-01-03,59,21,38
2017-01-03,88,25,63
2017-01-03,53,24,29
2017-01-03,13,5,8
2017-01-03,5,3,2
2017-01-03,0,0,0
2017-01-03,4,3,1
2017-01-03,3,1,2
2017-01-04,0,0,0
2017-01-04,1,0,1
2017-01-04,0,0,0
2017-01-04,0,0,0
2017-01-04,0,0,0
2017-01-04,8,5,3
2017-01-04,12,6,6
2017-01-04,34,17,17
2017-01-04,55,20,35
2017-01-04,28,18,10
2017-01-04,15,11,4
2017-01-04,15,6,9
2017-01-04,15,8,7
2017-01-04,22,16,6
2017-01-04,26,8,18
2017-01-04,22,8,14
2017-01-04,64,18,46
2017-01-04,86,30,56
2017-01-04,38,14,24
2017-01-04,11,1,10
2017-01-04,5,4,1
2017-01-04,1,0,1
2017-01-04,2,2,0
2017-01-04,3,1,2
2017-01-05,1,1,0
2017-01-05,0,0,0
2017-01-05,0,0,0
2017-01-05,5,2,3
2017-01-05,0,0,0
2017-01-05,8,5,3
2017-01-05,16,9,7
2017-01-05,31,14,17
2017-01-05,45,18,27
2017-01-05,41,21,20
2017-01-05,17,7,10
2017-01-05,25,16,9
2017-01-05,16,11,5
2017-01-05,18,13,5
2017-01-05,19,8,11
2017-01-05,29,12,17
2017-01-05,64,29,35
2017-01-05,99,30,69
2017-01-05,44,14,30
2017-01-05,16,9,7
2017-01-05,2,1,1
2017-01-05,5,1,4
2017-01-05,1,0,1
2017-01-05,1,0,1
2017-01-06,3,3,0
2017-01-06,1,1,0
2017-01-06,0,0,0
2017-01-06,2,0,2
2017-01-06,0,0,0
2017-01-06,5,2,3
2017-01-06,13,7,6
2017-01-06,30,10,20
2017-01-06,54,20,34
2017-01-06,38,24,14
2017-01-06,19,11,8
2017-01-06,19,11,8
2017-01-06,25,13,12
2017-01-06,26,14,12
2017-01-06,25,13,12
2017-01-06,27,7,20
2017-01-06,69,22,47
2017-01-06,76,29,47
2017-01-06,36,14,22
2017-01-06,15,5,10
2017-01-06,8,2,6
2017-01-06,1,0,1
2017-01-06,7,5,2
2017-01-06,0,0,0
2017-01-07,2,1,1
2017-01-07,4,1,3
2017-01-07,3,2,1
2017-01-07,0,0,0
2017-01-07,0,0,0
2017-01-07,0,0,0
2017-01-07,2,0,2
2017-01-07,2,1,1
2017-01-07,2,2,0
2017-01-07,2,1,1
2017-01-07,7,6,1
2017-01-07,5,3,2
2017-01-07,9,3,6
2017-01-07,10,6,4
2017-01-07,16,4,12
2017-01-07,19,9,10
2017-01-07,16,5,11
2017-01-07,17,7,10
2017-01-07,7,2,5
2017-01-07,4,1,3
2017-01-07,8,5,3
2017-01-07,12,7,5
2017-01-07,2,2,0
2017-01-07,4,1,3
2017-01-08,0,0,0
2017-01-08,0,0,0
2017-01-08,1,0,1
2017-01-08,0,0,0
2017-01-08,0,0,0
2017-01-08,0,0,0
2017-01-08,0,0,0
2017-01-08,1,0,1
2017-01-08,0,0,0
2017-01-08,4,1,3
2017-01-08,2,1,1
2017-01-08,5,4,1
2017-01-08,2,1,1
2017-01-08,4,3,1
2017-01-08,3,0,3
2017-01-08,2,1,1
2017-01-08,2,1,1
2017-01-08,1,1,0
2017-01-08,2,2,0
2017-01-08,0,0,0
2017-01-08,0,0,0
2017-01-08,0,0,0
2017-01-08,1,0,1
2017-01-08,0,0,0
2017-01-09,0,0,0
2017-01-09,1,1,0
2017-01-09,0,0,0
2017-01-09,0,0,0
2017-01-09,0,0,0
2017-01-09,9,3,6
2017-01-09,16,9,7
2017-01-09,30,12,18
2017-01-09,71,30,41
2017-01-09,58,30,28
2017-01-09,17,13,4
2017-01-09,14,8,6
2017-01-09,14,6,8
2017-01-09,13,8,5
2017-01-09,25,12,13
2017-01-09,30,12,18
2017-01-09,57,15,42
2017-01-09,111,42,69
2017-01-09,47,18,29
2017-01-09,11,5,6
2017-01-09,3,1,2
2017-01-09,4,1,3
2017-01-09,1,0,1
2017-01-09,1,0,1
2017-01-10,1,1,0
2017-01-10,0,0,0
2017-01-10,1,1,0
2017-01-10,1,1,0
2017-01-10,1,1,0
2017-01-10,8,3,5
2017-01-10,17,8,9
2017-01-10,43,25,18
2017-01-10,55,20,35
2017-01-10,39,22,17
2017-01-10,15,9,6
2017-01-10,10,7,3
2017-01-10,20,10,10
2017-01-10,14,8,6
2017-01-10,18,8,10
2017-01-10,29,11,18
2017-01-10,51,17,34
2017-01-10,84,27,57
2017-01-10,49,22,27
2017-01-10,11,4,7
2017-01-10,4,2,2
2017-01-10,1,1,0
2017-01-10,3,1,2
2017-01-10,0,0,0
2017-01-11,2,2,0
2017-01-11,0,0,0
2017-01-11,0,0,0
2017-01-11,0,0,0
2017-01-11,2,1,1
2017-01-11,9,5,4
2017-01-11,15,10,5
2017-01-11,32,11,21
2017-01-11,57,27,30
2017-01-11,41,18,23
2017-01-11,23,15,8
2017-01-11,14,7,7
2017-01-11,24,10,14
2017-01-11,13,8,5
2017-01-11,20,11,9
2017-01-11,27,13,14
2017-01-11,47,13,34
2017-01-11,90,36,54
2017-01-11,42,14,28
2017-01-11,11,4,7
2017-01-11,12,5,7
2017-01-11,6,3,3
2017-01-11,2,0,2
2017-01-11,3,3,0
2017-01-12,2,1,1
2017-01-12,0,0,0
2017-01-12,0,0,0
2017-01-12,1,0,1
2017-01-12,1,0,1
2017-01-12,8,5,3
2017-01-12,15,7,8
2017-01-12,39,21,18
2017-01-12,68,29,39
2017-01-12,31,18,13
2017-01-12,16,8,8
2017-01-12,17,9,8
2017-01-12,21,12,9
2017-01-12,23,11,12
2017-01-12,25,16,9
2017-01-12,29,10,19
2017-01-12,62,20,42
2017-01-12,91,37,54
2017-01-12,59,17,42
2017-01-12,17,6,11
2017-01-12,6,3,3
2017-01-12,2,1,1
2017-01-12,4,1,3
2017-01-12,1,1,0
2017-01-13,2,1,1
2017-01-13,0,0,0
2017-01-13,0,0,0
2017-01-13,1,1,0
2017-01-13,2,1,1
2017-01-13,3,1,2
2017-01-13,18,8,10
2017-01-13,29,12,17
2017-01-13,52,19,33
2017-01-13,30,18,12
2017-01-13,17,7,10
2017-01-13,21,11,10
2017-01-13,14,6,8
2017-01-13,27,13,14
2017-01-13,23,10,13
2017-01-13,39,12,27
2017-01-13,64,19,45
2017-01-13,76,36,40
2017-01-13,32,12,20
2017-01-13,13,5,8
2017-01-13,4,1,3
2017-01-13,6,5,1
2017-01-13,3,1,2
2017-01-13,2,0,2
2017-01-14,1,0,1
2017-01-14,3,0,3
2017-01-14,2,0,2
2017-01-14,0,0,0
2017-01-14,0,0,0
2017-01-14,0,0,0
2017-01-14,3,0,3
2017-01-14,0,0,0
2017-01-14,2,2,0
2017-01-14,3,1,2
2017-01-14,10,3,7
2017-01-14,11,5,6
2017-01-14,17,6,11
2017-01-14,21,11,10
2017-01-14,10,6,4
2017-01-14,11,5,6
2017-01-14,8,5,3
2017-01-14,5,4,1
2017-01-14,2,1,1
2017-01-14,4,3,1
2017-01-14,0,0,0
2017-01-14,0,0,0
2017-01-14,5,1,4
2017-01-14,0,0,0
2017-01-15,3,1,2
2017-01-15,1,0,1
2017-01-15,2,0,2
2017-01-15,0,0,0
2017-01-15,0,0,0
2017-01-15,0,0,0
2017-01-15,0,0,0
2017-01-15,0,0,0
2017-01-15,3,0,3
2017-01-15,5,3,2
2017-01-15,6,2,4
2017-01-15,2,1,1
2017-01-15,10,4,6
2017-01-15,9,5,4
2017-01-15,10,4,6
2017-01-15,4,3,1
2017-01-15,7,3,4
2017-01-15,5,0,5
2017-01-15,3,1,2
2017-01-15,6,5,1
2017-01-15,5,3,2
2017-01-15,6,3,3
2017-01-15,0,0,0
2017-01-15,0,0,0
2017-01-16,0,0,0
2017-01-16,2,1,1
2017-01-16,0,0,0
2017-01-16,0,0,0
2017-01-16,0,0,0
2017-01-16,3,3,0
2017-01-16,9,5,4
2017-01-16,15,7,8
2017-01-16,36,14,22
2017-01-16,25,16,9
2017-01-16,11,7,4
2017-01-16,12,7,5
2017-01-16,17,11,6
2017-01-16,25,7,18
2017-01-16,13,5,8
2017-01-16,22,14,8
2017-01-16,29,8,21
2017-01-16,49,14,35
2017-01-16,33,14,19
2017-01-16,8,1,7
2017-01-16,4,1,3
2017-01-16,5,2,3
2017-01-16,4,4,0
2017-01-16,0,0,0
2017-01-17,0,0,0
2017-01-17,0,0,0
2017-01-17,1,0,1
2017-01-17,0,0,0
2017-01-17,3,1,2
2017-01-17,8,4,4
2017-01-17,17,6,11
2017-01-17,34,17,17
2017-01-17,59,21,38
2017-01-17,41,22,19
2017-01-17,12,4,8
2017-01-17,10,6,4
2017-01-17,10,5,5
2017-01-17,8,6,2
2017-01-17,10,3,7
2017-01-17,21,6,15
2017-01-17,59,20,39
2017-01-17,78,18,60
2017-01-17,50,20,30
2017-01-17,10,4,6
2017-01-17,4,3,1
2017-01-17,2,1,1
2017-01-17,3,2,1
2017-01-17,0,0,0
2017-01-18,0,0,0
2017-01-18,0,0,0
2017-01-18,0,0,0
2017-01-18,0,0,0
2017-01-18,1,0,1
2017-01-18,5,4,1
2017-01-18,15,4,11
2017-01-18,29,17,12
2017-01-18,47,21,26
2017-01-18,31,15,16
2017-01-18,18,15,3
2017-01-18,15,9,6
2017-01-18,17,11,6
2017-01-18,11,8,3
2017-01-18,16,7,9
2017-01-18,31,11,20
2017-01-18,44,15,29
2017-01-18,70,20,50
2017-01-18,37,15,22
2017-01-18,16,6,10
2017-01-18,7,3,4
2017-01-18,3,0,3
2017-01-18,0,0,0
2017-01-18,1,1,0
2017-01-19,1,0,1
2017-01-19,0,0,0
2017-01-19,0,0,0
2017-01-19,3,2,1
2017-01-19,1,0,1
2017-01-19,5,3,2
2017-01-19,19,11,8
2017-01-19,24,16,8
2017-01-19,82,32,50
2017-01-19,42,21,21
2017-01-19,25,15,10
2017-01-19,17,5,12
2017-01-19,22,10,12
2017-01-19,15,9,6
2017-01-19,17,5,12
2017-01-19,24,7,17
2017-01-19,72,26,46
2017-01-19,96,34,62
2017-01-19,47,21,26
2017-01-19,19,7,12
2017-01-19,10,2,8
2017-01-19,4,0,4
2017-01-19,1,0,1
2017-01-19,5,3,2
2017-01-20,3,2,1
2017-01-20,0,0,0
2017-01-20,0,0,0
2017-01-20,2,1,1
2017-01-20,1,0,1
2017-01-20,2,1,1
2017-01-20,20,10,10
2017-01-20,45,25,20
2017-01-20,77,29,48
2017-01-20,50,23,27
2017-01-20,17,5,12
2017-01-20,21,11,10
2017-01-20,19,8,11
2017-01-20,31,16,15
2017-01-20,25,9,16
2017-01-20,45,13,32
2017-01-20,70,26,44
2017-01-20,82,30,52
2017-01-20,41,14,27
2017-01-20,21,7,14
2017-01-20,14,4,10
2017-01-20,8,7,1
2017-01-20,5,2,3
2017-01-20,5,3,2
2017-01-21,2,0,2
2017-01-21,2,1,1
2017-01-21,2,2,0
2017-01-21,1,1,0
2017-01-21,0,0,0
2017-01-21,0,0,0
2017-01-21,2,0,2
2017-01-21,4,2,2
2017-01-21,1,1,0
2017-01-21,12,1,11
2017-01-21,20,2,18
2017-01-21,35,10,25
2017-01-21,21,16,5
2017-01-21,30,21,9
2017-01-21,37,19,18
2017-01-21,32,6,26
2017-01-21,30,3,27
2017-01-21,12,4,8
2017-01-21,4,2,2
2017-01-21,1,0,1
2017-01-21,3,3,0
2017-01-21,1,0,1
2017-01-21,2,1,1
2017-01-21,0,0,0
2017-01-22,0,0,0
2017-01-22,5,2,3
2017-01-22,0,0,0
2017-01-22,0,0,0
2017-01-22,0,0,0
2017-01-22,0,0,0
2017-01-22,2,2,0
2017-01-22,2,1,1
2017-01-22,1,1,0
2017-01-22,6,2,4
2017-01-22,7,5,2
2017-01-22,3,2,1
2017-01-22,4,2,2
2017-01-22,4,4,0
2017-01-22,7,3,4
2017-01-22,6,4,2
2017-01-22,7,1,6
2017-01-22,5,1,4
2017-01-22,3,1,2
2017-01-22,2,1,1
2017-01-22,1,0,1
2017-01-22,1,1,0
2017-01-22,1,0,1
2017-01-22,0,0,0
2017-01-23,0,0,0
2017-01-23,0,0,0
2017-01-23,0,0,0
2017-01-23,2,1,1
2017-01-23,1,0,1
2017-01-23,9,5,4
2017-01-23,22,8,14
2017-01-23,50,22,28
2017-01-23,79,32,47
2017-01-23,47,26,21
2017-01-23,25,16,9
2017-01-23,14,8,6
2017-01-23,16,10,6
2017-01-23,16,10,6
2017-01-23,20,9,11
2017-01-23,31,8,23
2017-01-23,86,27,59
2017-01-23,123,47,76
2017-01-23,49,19,30
2017-01-23,20,9,11
2017-01-23,7,2,5
2017-01-23,4,2,2
2017-01-23,1,1,0
2017-01-23,2,2,0
2017-01-24,1,1,0
2017-01-24,0,0,0
2017-01-24,0,0,0
2017-01-24,1,1,0
2017-01-24,4,2,2
2017-01-24,10,5,5
2017-01-24,21,11,10
2017-01-24,48,26,22
2017-01-24,82,37,45
2017-01-24,51,28,23
2017-01-24,17,10,7
2017-01-24,14,9,5
2017-01-24,22,13,9
2017-01-24,33,17,16
2017-01-24,29,14,15
2017-01-24,32,14,18
2017-01-24,77,19,58
2017-01-24,110,38,72
2017-01-24,61,25,36
2017-01-24,20,6,14
2017-01-24,11,5,6
2017-01-24,3,0,3
2017-01-24,3,1,2
2017-01-24,1,1,0
2017-01-25,0,0,0
2017-01-25,0,0,0
2017-01-25,0,0,0
2017-01-25,1,1,0
2017-01-25,1,0,1
2017-01-25,10,4,6
2017-01-25,18,10,8
2017-01-25,39,14,25
2017-01-25,82,51,31
2017-01-25,57,29,28
2017-01-25,14,9,5
2017-01-25,18,9,9
2017-01-25,18,9,9
2017-01-25,20,14,6
2017-01-25,25,11,14
2017-01-25,43,16,27
2017-01-25,70,17,53
2017-01-25,111,41,70
2017-01-25,70,26,44
2017-01-25,18,5,13
2017-01-25,5,1,4
2017-01-25,3,2,1
2017-01-25,3,1,2
2017-01-25,4,3,1
2017-01-26,0,0,0
2017-01-26,1,0,1
2017-01-26,0,0,0
2017-01-26,1,0,1
2017-01-26,1,0,1
2017-01-26,10,4,6
2017-01-26,21,10,11
2017-01-26,55,27,28
2017-01-26,79,37,42
2017-01-26,46,21,25
2017-01-26,24,14,10
2017-01-26,22,10,12
2017-01-26,14,8,6
2017-01-26,19,14,5
2017-01-26,27,6,21
2017-01-26,37,15,22
2017-01-26,59,22,37
2017-01-26,137,50,87
2017-01-26,65,22,43
2017-01-26,19,10,9
2017-01-26,10,3,7
2017-01-26,7,5,2
2017-01-26,6,2,4
2017-01-26,3,1,2
2017-01-27,1,1,0
2017-01-27,4,4,0
2017-01-27,0,0,0
2017-01-27,1,0,1
2017-01-27,2,1,1
2017-01-27,6,3,3
2017-01-27,19,7,12
2017-01-27,40,18,22
2017-01-27,84,38,46
2017-01-27,50,26,24
2017-01-27,25,14,11
2017-01-27,22,10,12
2017-01-27,20,14,6
2017-01-27,28,18,10
2017-01-27,34,11,23
2017-01-27,46,17,29
2017-01-27,98,32,66
2017-01-27,91,29,62
2017-01-27,50,26,24
2017-01-27,20,7,13
2017-01-27,14,6,8
2017-01-27,4,3,1
2017-01-27,3,2,1
2017-01-27,5,3,2
2017-01-28,3,0,3
2017-01-28,1,1,0
2017-01-28,3,0,3
2017-01-28,2,1,1
2017-01-28,0,0,0
2017-01-28,3,3,0
2017-01-28,5,2,3
2017-01-28,2,1,1
2017-01-28,7,4,3
2017-01-28,12,3,9
2017-01-28,6,2,4
2017-01-28,15,6,9
2017-01-28,19,7,12
2017-01-28,28,9,19
2017-01-28,25,10,15
2017-01-28,20,11,9
2017-01-28,23,5,18
2017-01-28,17,9,8
2017-01-28,12,3,9
2017-01-28,8,6,2
2017-01-28,2,2,0
2017-01-28,3,1,2
2017-01-28,5,4,1
2017-01-28,3,1,2
2017-01-29,2,1,1
2017-01-29,3,3,0
2017-01-29,1,1,0
2017-01-29,1,1,0
2017-01-29,0,0,0
2017-01-29,1,1,0
2017-01-29,0,0,0
2017-01-29,4,1,3
2017-01-29,3,1,2
2017-01-29,6,3,3
2017-01-29,14,7,7
2017-01-29,7,3,4
2017-01-29,20,3,17
2017-01-29,10,3,7
2017-01-29,20,10,10
2017-01-29,9,6,3
2017-01-29,11,7,4
2017-01-29,17,14,3
2017-01-29,13,6,7
2017-01-29,12,5,7
2017-01-29,7,2,5
2017-01-29,4,0,4
2017-01-29,5,4,1
2017-01-29,1,0,1
2017-01-30,1,0,1
2017-01-30,1,0,1
2017-01-30,1,0,1
2017-01-30,0,0,0
2017-01-30,2,0,2
2017-01-30,12,4,8
2017-01-30,32,12,20
2017-01-30,51,23,28
2017-01-30,94,36,58
2017-01-30,50,21,29
2017-01-30,26,14,12
2017-01-30,8,4,4
2017-01-30,11,5,6
2017-01-30,19,10,9
2017-01-30,21,8,13
2017-01-30,23,10,13
2017-01-30,2,2,0
2017-01-30,12,6,6
2017-01-30,75,19,56
2017-01-30,18,7,11
2017-01-30,8,3,5
2017-01-30,4,0,4
2017-01-30,2,1,1
2017-01-30,3,3,0
2017-01-31,2,2,0
2017-01-31,1,1,0
2017-01-31,1,0,1
2017-01-31,0,0,0
2017-01-31,3,1,2
2017-01-31,12,5,7
2017-01-31,23,10,13
2017-01-31,59,32,27
2017-01-31,91,40,51
2017-01-31,53,29,24
2017-01-31,23,12,11
2017-01-31,17,11,6
2017-01-31,25,14,11
2017-01-31,26,14,12
2017-01-31,23,12,11
2017-01-31,47,18,29
2017-01-31,88,25,63
2017-01-31,129,49,80
2017-01-31,66,26,40
2017-01-31,20,4,16
2017-01-31,4,2,2
2017-01-31,4,2,2
2017-01-31,3,3,0
2017-01-31,5,1,4
2017-02-01,0,0,0
2017-02-01,3,0,3
2017-02-01,1,0,1
2017-02-01,1,1,0
2017-02-01,1,0,1
2017-02-01,6,4,2
2017-02-01,22,10,12
2017-02-01,44,25,19
2017-02-01,87,48,39
2017-02-01,63,33,30
2017-02-01,24,9,15
2017-02-01,14,7,7
2017-02-01,30,20,10
2017-02-01,20,16,4
2017-02-01,21,8,13
2017-02-01,39,15,24
2017-02-01,74,20,54
2017-02-01,122,33,89
2017-02-01,68,29,39
2017-02-01,18,6,12
2017-02-01,9,5,4
2017-02-01,7,3,4
2017-02-01,0,0,0
2017-02-01,4,3,1
2017-02-02,1,0,1
2017-02-02,0,0,0
2017-02-02,1,1,0
2017-02-02,1,0,1
2017-02-02,1,0,1
2017-02-02,5,5,0
2017-02-02,21,10,11
2017-02-02,44,22,22
2017-02-02,78,38,40
2017-02-02,54,23,31
2017-02-02,31,14,17
2017-02-02,21,10,11
2017-02-02,24,9,15
2017-02-02,26,11,15
2017-02-02,27,15,12
2017-02-02,46,24,22
2017-02-02,81,28,53
2017-02-02,135,37,98
2017-02-02,75,29,46
2017-02-02,32,20,12
2017-02-02,18,13,5
2017-02-02,9,4,5
2017-02-02,6,4,2
2017-02-02,3,1,2
2017-02-03,1,0,1
2017-02-03,0,0,0
2017-02-03,0,0,0
2017-02-03,3,2,1
2017-02-03,1,0,1
2017-02-03,5,3,2
2017-02-03,15,6,9
2017-02-03,12,9,3
2017-02-03,36,12,24
2017-02-03,39,15,24
2017-02-03,16,9,7
2017-02-03,14,9,5
2017-02-03,20,9,11
2017-02-03,12,3,9
2017-02-03,14,4,10
2017-02-03,19,8,11
2017-02-03,41,16,25
2017-02-03,57,16,41
2017-02-03,26,8,18
2017-02-03,11,4,7
2017-02-03,5,3,2
2017-02-03,0,0,0
2017-02-03,3,1,2
2017-02-03,0,0,0
2017-02-04,1,1,0
2017-02-04,0,0,0
2017-02-04,1,1,0
2017-02-04,0,0,0
2017-02-04,2,1,1
2017-02-04,0,0,0
2017-02-04,2,0,2
2017-02-04,3,2,1
2017-02-04,4,2,2
2017-02-04,1,0,1
2017-02-04,5,1,4
2017-02-04,1,1,0
2017-02-04,5,0,5
2017-02-04,9,5,4
2017-02-04,2,1,1
2017-02-04,7,6,1
2017-02-04,7,2,5
2017-02-04,2,2,0
2017-02-04,6,3,3
2017-02-04,3,1,2
2017-02-04,0,0,0
2017-02-04,1,0,1
2017-02-04,1,1,0
2017-02-04,1,1,0
2017-02-05,0,0,0
2017-02-05,0,0,0
2017-02-05,0,0,0
2017-02-05,1,0,1
2017-02-05,0,0,0
2017-02-05,1,1,0
2017-02-05,1,0,1
2017-02-05,0,0,0
2017-02-05,1,0,1
2017-02-05,5,3,2
2017-02-05,6,4,2
2017-02-05,4,3,1
2017-02-05,6,3,3
2017-02-05,4,3,1
2017-02-05,4,1,3
2017-02-05,3,1,2
2017-02-05,5,2,3
2017-02-05,3,1,2
2017-02-05,2,0,2
2017-02-05,1,1,0
2017-02-05,1,0,1
2017-02-05,0,0,0
2017-02-05,0,0,0
2017-02-05,0,0,0
2017-02-06,1,1,0
2017-02-06,0,0,0
2017-02-06,0,0,0
2017-02-06,0,0,0
2017-02-06,0,0,0
2017-02-06,3,2,1
2017-02-06,5,1,4
2017-02-06,8,2,6
2017-02-06,3,1,2
2017-02-06,1,0,1
2017-02-06,1,1,0
2017-02-06,6,4,2
2017-02-06,2,2,0
2017-02-06,5,4,1
2017-02-06,4,2,2
2017-02-06,5,2,3
2017-02-06,6,4,2
2017-02-06,9,3,6
2017-02-06,5,4,1
2017-02-06,5,2,3
2017-02-06,1,0,1
2017-02-06,0,0,0
2017-02-06,0,0,0
2017-02-06,0,0,0
2017-02-07,0,0,0
2017-02-07,0,0,0
2017-02-07,0,0,0
2017-02-07,0,0,0
2017-02-07,1,0,1
2017-02-07,5,3,2
2017-02-07,11,3,8
2017-02-07,15,6,9
2017-02-07,35,13,22
2017-02-07,22,6,16
2017-02-07,13,4,9
2017-02-07,9,6,3
2017-02-07,16,5,11
2017-02-07,13,7,6
2017-02-07,11,3,8
2017-02-07,15,6,9
2017-02-07,37,17,20
2017-02-07,44,18,26
2017-02-07,22,12,10
2017-02-07,11,7,4
2017-02-07,6,4,2
2017-02-07,4,2,2
2017-02-07,1,0,1
2017-02-07,2,2,0
2017-02-08,1,1,0
2017-02-08,1,0,1
2017-02-08,0,0,0
2017-02-08,0,0,0
2017-02-08,1,0,1
2017-02-08,2,1,1
2017-02-08,22,8,14
2017-02-08,32,14,18
2017-02-08,33,18,15
2017-02-08,37,19,18
2017-02-08,14,8,6
2017-02-08,15,10,5
2017-02-08,11,4,7
2017-02-08,11,5,6
2017-02-08,9,5,4
2017-02-08,25,9,16
2017-02-08,43,17,26
2017-02-08,79,27,52
2017-02-08,30,14,16
2017-02-08,15,5,10
2017-02-08,2,0,2
2017-02-08,5,3,2
2017-02-08,4,1,3
2017-02-08,2,0,2
2017-02-09,1,1,0
2017-02-09,0,0,0
2017-02-09,0,0,0
2017-02-09,0,0,0
2017-02-09,2,0,2
2017-02-09,2,2,0
2017-02-09,9,6,3
2017-02-09,22,12,10
2017-02-09,33,12,21
2017-02-09,24,13,11
2017-02-09,12,6,6
2017-02-09,12,3,9
2017-02-09,10,4,6
2017-02-09,9,3,6
2017-02-09,11,5,6
2017-02-09,23,11,12
2017-02-09,37,10,27
2017-02-09,48,15,33
2017-02-09,33,16,17
2017-02-09,13,6,7
2017-02-09,5,2,3
2017-02-09,2,0,2
2017-02-09,1,0,1
2017-02-09,0,0,0
2017-02-10,1,1,0
2017-02-10,1,1,0
2017-02-10,0,0,0
2017-02-10,1,0,1
2017-02-10,3,2,1
2017-02-10,1,1,0
2017-02-10,21,11,10
2017-02-10,32,9,23
2017-02-10,60,31,29
2017-02-10,31,11,20
2017-02-10,26,14,12
2017-02-10,14,7,7
2017-02-10,22,14,8
2017-02-10,18,6,12
2017-02-10,14,6,8
2017-02-10,34,15,19
2017-02-10,57,19,38
2017-02-10,81,31,50
2017-02-10,35,13,22
2017-02-10,19,10,9
2017-02-10,5,1,4
2017-02-10,1,0,1
2017-02-10,3,1,2
2017-02-10,3,2,1
2017-02-11,0,0,0
2017-02-11,1,0,1
2017-02-11,2,1,1
2017-02-11,1,1,0
2017-02-11,1,1,0
2017-02-11,3,0,3
2017-02-11,1,0,1
2017-02-11,2,1,1
2017-02-11,9,5,4
2017-02-11,3,1,2
2017-02-11,18,5,13
2017-02-11,7,0,7
2017-02-11,21,11,10
2017-02-11,14,7,7
2017-02-11,30,18,12
2017-02-11,17,10,7
2017-02-11,13,8,5
2017-02-11,12,5,7
2017-02-11,7,1,6
2017-02-11,4,2,2
2017-02-11,3,1,2
2017-02-11,6,0,6
2017-02-11,1,0,1
2017-02-11,4,1,3
2017-02-12,1,1,0
2017-02-12,1,1,0
2017-02-12,0,0,0
2017-02-12,0,0,0
2017-02-12,1,1,0
2017-02-12,1,0,1
2017-02-12,2,0,2
2017-02-12,3,1,2
2017-02-12,4,1,3
2017-02-12,5,3,2
2017-02-12,7,1,6
2017-02-12,5,3,2
2017-02-12,14,7,7
2017-02-12,19,10,9
2017-02-12,16,8,8
2017-02-12,20,12,8
2017-02-12,29,17,12
2017-02-12,12,5,7
2017-02-12,5,4,1
2017-02-12,6,3,3
2017-02-12,2,0,2
2017-02-12,3,2,1
2017-02-12,8,3,5
2017-02-12,1,0,1
2017-02-13,0,0,0
2017-02-13,1,1,0
2017-02-13,3,0,3
2017-02-13,0,0,0
2017-02-13,1,0,1
2017-02-13,6,5,1
2017-02-13,22,14,8
2017-02-13,55,27,28
2017-02-13,92,36,56
2017-02-13,57,23,34
2017-02-13,26,15,11
2017-02-13,16,12,4
2017-02-13,19,9,10
2017-02-13,21,13,8
2017-02-13,30,11,19
2017-02-13,38,16,22
2017-02-13,99,32,67
2017-02-13,135,44,91
2017-02-13,80,34,46
2017-02-13,18,8,10
2017-02-13,13,5,8
2017-02-13,3,1,2
2017-02-13,3,2,1
2017-02-13,2,1,1
2017-02-14,2,2,0
2017-02-14,0,0,0
2017-02-14,1,1,0
2017-02-14,0,0,0
2017-02-14,3,1,2
2017-02-14,4,1,3
2017-02-14,25,16,9
2017-02-14,50,23,27
2017-02-14,110,48,62
2017-02-14,56,21,35
2017-02-14,26,15,11
2017-02-14,25,13,12
2017-02-14,26,16,10
2017-02-14,24,15,9
2017-02-14,32,17,15
2017-02-14,48,18,30
2017-02-14,100,30,70
2017-02-14,127,52,75
2017-02-14,48,18,30
2017-02-14,17,9,8
2017-02-14,5,2,3
2017-02-14,3,1,2
2017-02-14,3,1,2
2017-02-14,1,1,0
2017-02-15,1,0,1
2017-02-15,2,1,1
2017-02-15,0,0,0
2017-02-15,0,0,0
2017-02-15,1,0,1
2017-02-15,6,4,2
2017-02-15,19,10,9
2017-02-15,33,17,16
2017-02-15,59,30,29
2017-02-15,29,13,16
2017-02-15,18,5,13
2017-02-15,10,5,5
2017-02-15,12,5,7
2017-02-15,15,8,7
2017-02-15,15,8,7
2017-02-15,18,5,13
2017-02-15,47,11,36
2017-02-15,77,23,54
2017-02-15,39,16,23
2017-02-15,13,4,9
2017-02-15,5,3,2
2017-02-15,4,1,3
2017-02-15,2,1,1
2017-02-15,3,1,2
2017-02-16,2,1,1
2017-02-16,0,0,0
2017-02-16,0,0,0
2017-02-16,10,10,0
2017-02-16,4,2,2
2017-02-16,3,2,1
2017-02-16,23,10,13
2017-02-16,38,18,20
2017-02-16,67,31,36
2017-02-16,38,22,16
2017-02-16,20,7,13
2017-02-16,12,7,5
2017-02-16,24,6,18
2017-02-16,25,16,9
2017-02-16,20,10,10
2017-02-16,38,13,25
2017-02-16,59,21,38
2017-02-16,110,44,66
2017-02-16,56,22,34
2017-02-16,20,7,13
2017-02-16,6,3,3
2017-02-16,7,3,4
2017-02-16,2,1,1
2017-02-16,1,0,1
2017-02-17,2,1,1
2017-02-17,1,0,1
2017-02-17,0,0,0
2017-02-17,1,1,0
2017-02-17,2,1,1
2017-02-17,7,3,4
2017-02-17,27,13,14
2017-02-17,33,17,16
2017-02-17,87,28,59
2017-02-17,68,32,36
2017-02-17,21,5,16
2017-02-17,25,12,13
2017-02-17,29,13,16
2017-02-17,33,14,19
2017-02-17,31,15,16
2017-02-17,40,17,23
2017-02-17,67,29,38
2017-02-17,99,40,59
2017-02-17,47,14,33
2017-02-17,19,4,15
2017-02-17,12,5,7
2017-02-17,3,0,3
2017-02-17,6,1,5
2017-02-17,5,4,1
2017-02-18,1,0,1
2017-02-18,0,0,0
2017-02-18,1,1,0
2017-02-18,2,1,1
2017-02-18,0,0,0
2017-02-18,2,0,2
2017-02-18,1,0,1
2017-02-18,1,0,1
2017-02-18,6,4,2
2017-02-18,3,1,2
2017-02-18,2,0,2
2017-02-18,10,4,6
2017-02-18,4,1,3
2017-02-18,8,5,3
2017-02-18,5,1,4
2017-02-18,5,3,2
2017-02-18,5,3,2
2017-02-18,5,3,2
2017-02-18,10,2,8
2017-02-18,6,3,3
2017-02-18,5,3,2
2017-02-18,5,1,4
2017-02-18,9,3,6
2017-02-18,4,3,1
2017-02-19,0,0,0
2017-02-19,2,1,1
2017-02-19,0,0,0
2017-02-19,0,0,0
2017-02-19,2,1,1
2017-02-19,0,0,0
2017-02-19,1,0,1
2017-02-19,0,0,0
2017-02-19,2,0,2
2017-02-19,4,2,2
2017-02-19,5,3,2
2017-02-19,5,3,2
2017-02-19,11,4,7
2017-02-19,9,5,4
2017-02-19,6,3,3
2017-02-19,6,0,6
2017-02-19,8,4,4
2017-02-19,6,1,5
2017-02-19,5,2,3
2017-02-19,6,1,5
2017-02-19,5,0,5
2017-02-19,2,0,2
2017-02-19,1,1,0
2017-02-19,0,0,0
2017-02-20,1,1,0
2017-02-20,1,1,0
2017-02-20,0,0,0
2017-02-20,1,0,1
2017-02-20,0,0,0
2017-02-20,2,1,1
2017-02-20,7,5,2
2017-02-20,22,13,9
2017-02-20,29,17,12
2017-02-20,18,10,8
2017-02-20,14,9,5
2017-02-20,8,8,0
2017-02-20,6,2,4
2017-02-20,9,3,6
2017-02-20,10,3,7
2017-02-20,16,5,11
2017-02-20,27,14,13
2017-02-20,36,9,27
2017-02-20,16,6,10
2017-02-20,10,2,8
2017-02-20,6,2,4
2017-02-20,4,2,2
2017-02-20,2,2,0
2017-02-20,2,1,1
2017-02-21,0,0,0
2017-02-21,0,0,0
2017-02-21,1,0,1
2017-02-21,1,1,0
2017-02-21,2,0,2
2017-02-21,3,1,2
2017-02-21,25,17,8
2017-02-21,45,20,25
2017-02-21,74,34,40
2017-02-21,43,20,23
2017-02-21,16,7,9
2017-02-21,12,8,4
2017-02-21,15,8,7
2017-02-21,18,9,9
2017-02-21,21,11,10
2017-02-21,22,8,14
2017-02-21,68,20,48
2017-02-21,85,29,56
2017-02-21,47,14,33
2017-02-21,18,9,9
2017-02-21,6,1,5
2017-02-21,4,0,4
2017-02-21,0,0,0
2017-02-21,2,2,0
2017-02-22,1,0,1
2017-02-22,0,0,0
2017-02-22,1,1,0
2017-02-22,0,0,0
2017-02-22,2,0,2
2017-02-22,5,5,0
2017-02-22,22,11,11
2017-02-22,45,22,23
2017-02-22,71,32,39
2017-02-22,44,23,21
2017-02-22,25,14,11
2017-02-22,16,8,8
2017-02-22,26,15,11
2017-02-22,21,9,12
2017-02-22,34,12,22
2017-02-22,27,9,18
2017-02-22,72,25,47
2017-02-22,107,45,62
2017-02-22,54,24,30
2017-02-22,18,7,11
2017-02-22,12,8,4
2017-02-22,4,2,2
2017-02-22,3,0,3
2017-02-22,3,2,1
2017-02-23,1,0,1
2017-02-23,1,1,0
2017-02-23,0,0,0
2017-02-23,1,1,0
2017-02-23,1,0,1
2017-02-23,3,3,0
2017-02-23,23,11,12
2017-02-23,48,27,21
2017-02-23,71,37,34
2017-02-23,40,19,21
2017-02-23,26,14,12
2017-02-23,14,10,4
2017-02-23,20,14,6
2017-02-23,13,6,7
2017-02-23,26,9,17
2017-02-23,27,12,15
2017-02-23,70,23,47
2017-02-23,112,40,72
2017-02-23,59,26,33
2017-02-23,22,10,12
2017-02-23,10,3,7
2017-02-23,8,4,4
2017-02-23,1,0,1
2017-02-23,3,2,1
2017-02-24,0,0,0
2017-02-24,0,0,0
2017-02-24,0,0,0
2017-02-24,0,0,0
2017-02-24,0,0,0
2017-02-24,1,1,0
2017-02-24,23,13,10
2017-02-24,29,18,11
2017-02-24,50,23,27
2017-02-24,34,11,23
2017-02-24,22,13,9
2017-02-24,20,13,7
2017-02-24,23,15,8
2017-02-24,22,8,14
2017-02-24,22,11,11
2017-02-24,41,19,22
2017-02-24,49,18,31
2017-02-24,81,22,59
2017-02-24,38,11,27
2017-02-24,14,6,8
2017-02-24,7,3,4
2017-02-24,5,2,3
2017-02-24,6,1,5
2017-02-24,3,2,1
2017-02-25,3,0,3
2017-02-25,0,0,0
2017-02-25,1,0,1
2017-02-25,2,2,0
2017-02-25,0,0,0
2017-02-25,0,0,0
2017-02-25,2,0,2
2017-02-25,1,0,1
2017-02-25,4,4,0
2017-02-25,5,2,3
2017-02-25,9,3,6
2017-02-25,16,4,12
2017-02-25,18,10,8
2017-02-25,15,12,3
2017-02-25,20,9,11
2017-02-25,13,8,5
2017-02-25,8,2,6
2017-02-25,10,6,4
2017-02-25,5,1,4
2017-02-25,5,2,3
2017-02-25,5,4,1
2017-02-25,1,0,1
2017-02-25,5,4,1
2017-02-25,1,1,0
2017-02-26,1,0,1
2017-02-26,0,0,0
2017-02-26,0,0,0
2017-02-26,1,1,0
2017-02-26,3,2,1
2017-02-26,1,0,1
2017-02-26,2,0,2
2017-02-26,17,1,16
2017-02-26,20,3,17
2017-02-26,13,3,10
2017-02-26,3,1,2
2017-02-26,1,1,0
2017-02-26,15,12,3
2017-02-26,12,11,1
2017-02-26,22,19,3
2017-02-26,11,7,4
2017-02-26,15,10,5
2017-02-26,12,6,6
2017-02-26,6,3,3
2017-02-26,2,2,0
2017-02-26,2,1,1
2017-02-26,2,2,0
2017-02-26,0,0,0
2017-02-26,0,0,0
2017-02-27,1,1,0
2017-02-27,2,2,0
2017-02-27,1,1,0
2017-02-27,0,0,0
2017-02-27,0,0,0
2017-02-27,2,2,0
2017-02-27,16,10,6
2017-02-27,25,20,5
2017-02-27,30,15,15
2017-02-27,25,16,9
2017-02-27,17,14,3
2017-02-27,13,7,6
2017-02-27,20,9,11
2017-02-27,15,8,7
2017-02-27,14,6,8
2017-02-27,28,6,22
2017-02-27,49,14,35
2017-02-27,52,18,34
2017-02-27,26,5,21
2017-02-27,11,3,8
2017-02-27,2,1,1
2017-02-27,0,0,0
2017-02-27,1,0,1
2017-02-27,0,0,0
2017-02-28,1,0,1
2017-02-28,0,0,0
2017-02-28,1,1,0
2017-02-28,0,0,0
2017-02-28,0,0,0
2017-02-28,5,2,3
2017-02-28,20,12,8
2017-02-28,25,14,11
2017-02-28,67,32,35
2017-02-28,39,22,17
2017-02-28,15,11,4
2017-02-28,14,9,5
2017-02-28,14,5,9
2017-02-28,20,11,9
2017-02-28,20,12,8
2017-02-28,38,14,24
2017-02-28,60,16,44
2017-02-28,85,32,53
2017-02-28,46,12,34
2017-02-28,17,6,11
2017-02-28,4,1,3
2017-02-28,7,3,4
2017-02-28,2,1,1
2017-02-28,1,1,0
2017-03-01,1,0,1
2017-03-01,2,2,0
2017-03-01,0,0,0
2017-03-01,0,0,0
2017-03-01,3,2,1
2017-03-01,5,4,1
2017-03-01,28,13,15
2017-03-01,43,20,23
2017-03-01,101,48,53
2017-03-01,47,24,23
2017-03-01,15,6,9
2017-03-01,16,8,8
2017-03-01,29,14,15
2017-03-01,24,11,13
2017-03-01,18,3,15
2017-03-01,37,16,21
2017-03-01,72,25,47
2017-03-01,101,37,64
2017-03-01,68,26,42
2017-03-01,19,5,14
2017-03-01,10,6,4
2017-03-01,3,1,2
2017-03-01,6,3,3
2017-03-01,4,2,2
2017-03-02,0,0,0
2017-03-02,0,0,0
2017-03-02,1,0,1
2017-03-02,0,0,0
2017-03-02,0,0,0
2017-03-02,7,4,3
2017-03-02,23,9,14
2017-03-02,40,20,20
2017-03-02,91,41,50
2017-03-02,45,24,21
2017-03-02,22,14,8
2017-03-02,27,18,9
2017-03-02,19,13,6
2017-03-02,26,15,11
2017-03-02,14,6,8
2017-03-02,39,16,23
2017-03-02,72,20,52
2017-03-02,98,34,64
2017-03-02,55,18,37
2017-03-02,25,10,15
2017-03-02,7,0,7
2017-03-02,5,2,3
2017-03-02,1,1,0
2017-03-02,0,0,0
2017-03-03,2,1,1
2017-03-03,2,1,1
2017-03-03,2,2,0
2017-03-03,0,0,0
2017-03-03,3,1,2
2017-03-03,1,0,1
2017-03-03,16,10,6
2017-03-03,28,12,16
2017-03-03,67,36,31
2017-03-03,40,20,20
2017-03-03,15,11,4
2017-03-03,23,15,8
2017-03-03,18,7,11
2017-03-03,21,13,8
2017-03-03,26,7,19
2017-03-03,37,10,27
2017-03-03,46,13,33
2017-03-03,56,21,35
2017-03-03,42,12,30
2017-03-03,8,1,7
2017-03-03,1,0,1
2017-03-03,4,0,4
2017-03-03,1,0,1
2017-03-03,4,3,1
2017-03-04,4,1,3
2017-03-04,5,2,3
2017-03-04,1,1,0
2017-03-04,0,0,0
2017-03-04,1,1,0
2017-03-04,0,0,0
2017-03-04,1,0,1
2017-03-04,5,3,2
2017-03-04,12,8,4
2017-03-04,10,4,6
2017-03-04,10,6,4
2017-03-04,9,3,6
2017-03-04,20,10,10
2017-03-04,24,11,13
2017-03-04,24,8,16
2017-03-04,20,8,12
2017-03-04,16,9,7
2017-03-04,17,12,5
2017-03-04,14,4,10
2017-03-04,6,2,4
2017-03-04,1,1,0
2017-03-04,3,2,1
2017-03-04,4,0,4
2017-03-04,2,1,1
2017-03-05,2,1,1
2017-03-05,0,0,0
2017-03-05,5,3,2
2017-03-05,0,0,0
2017-03-05,2,1,1
2017-03-05,1,0,1
2017-03-05,0,0,0
2017-03-05,4,3,1
2017-03-05,3,3,0
2017-03-05,7,4,3
2017-03-05,6,3,3
2017-03-05,17,14,3
2017-03-05,5,0,5
2017-03-05,11,5,6
2017-03-05,12,8,4
2017-03-05,4,1,3
2017-03-05,3,1,2
2017-03-05,10,5,5
2017-03-05,2,1,1
2017-03-05,5,3,2
2017-03-05,1,0,1
2017-03-05,1,0,1
2017-03-05,3,3,0
2017-03-05,2,1,1
2017-03-06,1,1,0
2017-03-06,0,0,0
2017-03-06,1,1,0
2017-03-06,0,0,0
2017-03-06,1,0,1
2017-03-06,6,5,1
2017-03-06,22,16,6
2017-03-06,47,25,22
2017-03-06,82,37,45
2017-03-06,40,20,20
2017-03-06,23,13,10
2017-03-06,18,7,11
2017-03-06,11,7,4
2017-03-06,17,9,8
2017-03-06,15,7,8
2017-03-06,31,9,22
2017-03-06,72,19,53
2017-03-06,120,48,72
2017-03-06,38,13,25
2017-03-06,23,3,20
2017-03-06,3,1,2
2017-03-06,5,1,4
2017-03-06,1,0,1
2017-03-06,0,0,0
2017-03-07,4,2,2
2017-03-07,0,0,0
2017-03-07,0,0,0
2017-03-07,0,0,0
2017-03-07,1,0,1
2017-03-07,4,3,1
2017-03-07,20,8,12
2017-03-07,32,17,15
2017-03-07,55,24,31
2017-03-07,34,15,19
2017-03-07,11,7,4
2017-03-07,8,5,3
2017-03-07,14,7,7
2017-03-07,18,10,8
2017-03-07,13,5,8
2017-03-07,27,6,21
2017-03-07,58,15,43
2017-03-07,73,29,44
2017-03-07,49,16,33
2017-03-07,14,7,7
2017-03-07,5,1,4
2017-03-07,3,1,2
2017-03-07,3,2,1
2017-03-07,0,0,0
2017-03-08,2,1,1
2017-03-08,1,1,0
2017-03-08,0,0,0
2017-03-08,0,0,0
2017-03-08,2,1,1
2017-03-08,9,6,3
2017-03-08,24,10,14
2017-03-08,50,22,28
2017-03-08,72,38,34
2017-03-08,51,28,23
2017-03-08,23,12,11
2017-03-08,16,8,8
2017-03-08,12,4,8
2017-03-08,17,7,10
2017-03-08,18,6,12
2017-03-08,29,12,17
2017-03-08,60,19,41
2017-03-08,101,34,67
2017-03-08,50,22,28
2017-03-08,20,5,15
2017-03-08,10,0,10
2017-03-08,4,3,1
2017-03-08,3,3,0
2017-03-08,1,0,1
2017-03-09,2,0,2
2017-03-09,0,0,0
2017-03-09,0,0,0
2017-03-09,0,0,0
2017-03-09,1,0,1
2017-03-09,4,3,1
2017-03-09,17,9,8
2017-03-09,44,25,19
2017-03-09,65,30,35
2017-03-09,30,17,13
2017-03-09,21,11,10
2017-03-09,21,10,11
2017-03-09,11,4,7
2017-03-09,13,8,5
2017-03-09,14,7,7
2017-03-09,33,12,21
2017-03-09,59,23,36
2017-03-09,65,22,43
2017-03-09,46,16,30
2017-03-09,13,7,6
2017-03-09,11,3,8
2017-03-09,6,3,3
2017-03-09,4,3,1
2017-03-09,2,2,0
2017-03-10,2,0,2
2017-03-10,0,0,0
2017-03-10,1,0,1
2017-03-10,1,1,0
2017-03-10,1,0,1
2017-03-10,2,1,1
2017-03-10,24,11,13
2017-03-10,29,14,15
2017-03-10,59,33,26
2017-03-10,36,19,17
2017-03-10,20,12,8
2017-03-10,26,14,12
2017-03-10,24,14,10
2017-03-10,25,12,13
2017-03-10,38,18,20
2017-03-10,31,12,19
2017-03-10,75,24,51
2017-03-10,93,31,62
2017-03-10,38,19,19
2017-03-10,18,8,10
2017-03-10,6,2,4
2017-03-10,3,2,1
2017-03-10,6,3,3
2017-03-10,1,1,0
2017-03-11,3,1,2
2017-03-11,1,1,0
2017-03-11,4,1,3
2017-03-11,1,1,0
2017-03-11,0,0,0
2017-03-11,1,1,0
2017-03-11,5,2,3
2017-03-11,5,3,2
2017-03-11,8,7,1
2017-03-11,6,0,6
2017-03-11,6,0,6
2017-03-11,5,3,2
2017-03-11,5,2,3
2017-03-11,9,4,5
2017-03-11,5,3,2
2017-03-11,13,5,8
2017-03-11,5,2,3
2017-03-11,6,3,3
2017-03-11,6,2,4
2017-03-11,4,3,1
2017-03-11,2,1,1
2017-03-11,1,0,1
2017-03-11,0,0,0
2017-03-11,1,1,0
2017-03-12,2,1,1
2017-03-12,3,2,1
2017-03-12,0,0,0
2017-03-12,1,1,0
2017-03-12,1,1,0
2017-03-12,1,0,1
2017-03-12,3,1,2
2017-03-12,3,2,1
2017-03-12,4,3,1
2017-03-12,7,5,2
2017-03-12,5,3,2
2017-03-12,5,3,2
2017-03-12,11,6,5
2017-03-12,8,6,2
2017-03-12,7,5,2
2017-03-12,9,5,4
2017-03-12,10,3,7
2017-03-12,11,8,3
2017-03-12,7,2,5
2017-03-12,4,2,2
2017-03-12,2,1,1
2017-03-12,2,1,1
2017-03-12,2,1,1
2017-03-12,0,0,0
2017-03-13,1,1,0
2017-03-13,1,1,0
2017-03-13,0,0,0
2017-03-13,0,0,0
2017-03-13,1,0,1
2017-03-13,3,1,2
2017-03-13,19,9,10
2017-03-13,32,18,14
2017-03-13,62,25,37
2017-03-13,40,21,19
2017-03-13,23,14,9
2017-03-13,14,5,9
2017-03-13,15,9,6
2017-03-13,9,7,2
2017-03-13,12,6,6
2017-03-13,33,10,23
2017-03-13,59,23,36
2017-03-13,91,34,57
2017-03-13,45,21,24
2017-03-13,14,4,10
2017-03-13,5,1,4
2017-03-13,4,3,1
2017-03-13,1,0,1
2017-03-13,2,1,1
2017-03-14,2,1,1
2017-03-14,1,1,0
2017-03-14,0,0,0
2017-03-14,2,0,2
2017-03-14,1,0,1
2017-03-14,9,3,6
2017-03-14,21,14,7
2017-03-14,34,12,22
2017-03-14,79,36,43
2017-03-14,46,21,25
2017-03-14,19,10,9
2017-03-14,17,10,7
2017-03-14,15,9,6
2017-03-14,15,10,5
2017-03-14,10,5,5
2017-03-14,30,11,19
2017-03-14,62,17,45
2017-03-14,89,32,57
2017-03-14,53,14,39
2017-03-14,20,11,9
2017-03-14,5,3,2
2017-03-14,3,2,1
2017-03-14,4,2,2
2017-03-14,3,2,1
2017-03-15,2,1,1
2017-03-15,0,0,0
2017-03-15,0,0,0
2017-03-15,0,0,0
2017-03-15,1,0,1
2017-03-15,6,3,3
2017-03-15,17,9,8
2017-03-15,34,18,16
2017-03-15,47,23,24
2017-03-15,37,19,18
2017-03-15,16,9,7
2017-03-15,10,5,5
2017-03-15,17,11,6
2017-03-15,20,10,10
2017-03-15,15,4,11
2017-03-15,33,13,20
2017-03-15,70,19,51
2017-03-15,85,28,57
2017-03-15,50,19,31
2017-03-15,11,6,5
2017-03-15,5,0,5
2017-03-15,5,3,2
2017-03-15,2,1,1
2017-03-15,2,1,1
2017-03-16,1,1,0
2017-03-16,1,0,1
2017-03-16,1,1,0
2017-03-16,0,0,0
2017-03-16,3,1,2
2017-03-16,7,4,3
2017-03-16,21,9,12
2017-03-16,44,20,24
2017-03-16,86,39,47
2017-03-16,52,25,27
2017-03-16,17,8,9
2017-03-16,26,12,14
2017-03-16,26,14,12
2017-03-16,23,13,10
2017-03-16,22,8,14
2017-03-16,39,12,27
2017-03-16,70,24,46
2017-03-16,116,40,76
2017-03-16,73,21,52
2017-03-16,22,11,11
2017-03-16,14,6,8
2017-03-16,7,2,5
2017-03-16,2,0,2
2017-03-16,2,0,2
2017-03-17,2,1,1
2017-03-17,1,1,0
2017-03-17,3,1,2
2017-03-17,0,0,0
2017-03-17,0,0,0
2017-03-17,4,3,1
2017-03-17,19,13,6
2017-03-17,23,11,12
2017-03-17,66,36,30
2017-03-17,42,22,20
2017-03-17,16,6,10
2017-03-17,16,5,11
2017-03-17,11,5,6
2017-03-17,22,10,12
2017-03-17,22,9,13
2017-03-17,20,8,12
2017-03-17,58,14,44
2017-03-17,65,22,43
2017-03-17,30,9,21
2017-03-17,8,3,5
2017-03-17,6,2,4
2017-03-17,3,0,3
2017-03-17,1,1,0
2017-03-17,1,1,0
2017-03-18,1,1,0
2017-03-18,1,0,1
2017-03-18,1,0,1
2017-03-18,1,1,0
2017-03-18,1,0,1
2017-03-18,1,1,0
2017-03-18,2,1,1
2017-03-18,1,1,0
2017-03-18,8,2,6
2017-03-18,2,1,1
2017-03-18,3,3,0
2017-03-18,3,1,2
2017-03-18,6,2,4
2017-03-18,12,10,2
2017-03-18,8,4,4
2017-03-18,12,6,6
2017-03-18,9,4,5
2017-03-18,11,6,5
2017-03-18,6,3,3
2017-03-18,10,6,4
2017-03-18,2,1,1
2017-03-18,8,2,6
2017-03-18,4,1,3
2017-03-18,5,3,2
2017-03-19,1,1,0
2017-03-19,3,3,0
2017-03-19,1,0,1
2017-03-19,2,1,1
2017-03-19,1,1,0
2017-03-19,0,0,0
2017-03-19,0,0,0
2017-03-19,2,1,1
2017-03-19,2,1,1
2017-03-19,6,4,2
2017-03-19,5,3,2
2017-03-19,21,9,12
2017-03-19,28,13,15
2017-03-19,32,9,23
2017-03-19,29,8,21
2017-03-19,51,15,36
2017-03-19,22,11,11
2017-03-19,18,12,6
2017-03-19,36,24,12
2017-03-19,12,11,1
2017-03-19,1,1,0
2017-03-19,3,0,3
2017-03-19,2,2,0
2017-03-19,1,1,0
2017-03-20,2,2,0
2017-03-20,1,0,1
2017-03-20,0,0,0
2017-03-20,0,0,0
2017-03-20,1,0,1
2017-03-20,4,2,2
2017-03-20,21,9,12
2017-03-20,62,33,29
2017-03-20,112,46,66
2017-03-20,64,35,29
2017-03-20,17,9,8
2017-03-20,15,9,6
2017-03-20,20,10,10
2017-03-20,24,13,11
2017-03-20,29,15,14
2017-03-20,29,8,21
2017-03-20,97,32,65
2017-03-20,126,43,83
2017-03-20,57,20,37
2017-03-20,21,10,11
2017-03-20,6,4,2
2017-03-20,6,3,3
2017-03-20,1,1,0
2017-03-20,2,0,2
2017-03-21,0,0,0
2017-03-21,0,0,0
2017-03-21,0,0,0
2017-03-21,1,1,0
2017-03-21,2,1,1
2017-03-21,4,3,1
2017-03-21,16,11,5
2017-03-21,37,20,17
2017-03-21,80,37,43
2017-03-21,45,24,21
2017-03-21,19,9,10
2017-03-21,20,8,12
2017-03-21,15,7,8
2017-03-21,19,9,10
2017-03-21,20,9,11
2017-03-21,31,10,21
2017-03-21,66,20,46
2017-03-21,104,34,70
2017-03-21,50,19,31
2017-03-21,19,6,13
2017-03-21,10,4,6
2017-03-21,5,2,3
2017-03-21,4,3,1
2017-03-21,2,2,0
2017-03-22,0,0,0
2017-03-22,0,0,0
2017-03-22,0,0,0
2017-03-22,3,1,2
2017-03-22,1,1,0
2017-03-22,5,3,2
2017-03-22,18,8,10
2017-03-22,48,23,25
2017-03-22,81,38,43
2017-03-22,68,32,36
2017-03-22,23,13,10
2017-03-22,12,8,4
2017-03-22,23,10,13
2017-03-22,23,7,16
2017-03-22,25,10,15
2017-03-22,29,9,20
2017-03-22,73,22,51
2017-03-22,123,42,81
2017-03-22,67,19,48
2017-03-22,20,9,11
2017-03-22,9,3,6
2017-03-22,3,2,1
2017-03-22,4,2,2
2017-03-22,6,3,3
2017-03-23,3,1,2
2017-03-23,2,2,0
2017-03-23,1,0,1
2017-03-23,0,0,0
2017-03-23,2,0,2
2017-03-23,5,3,2
2017-03-23,32,13,19
2017-03-23,53,29,24
2017-03-23,92,42,50
2017-03-23,59,21,38
2017-03-23,21,13,8
2017-03-23,27,17,10
2017-03-23,28,14,14
2017-03-23,31,15,16
2017-03-23,19,9,10
2017-03-23,46,14,32
2017-03-23,94,30,64
2017-03-23,120,41,79
2017-03-23,73,27,46
2017-03-23,31,12,19
2017-03-23,8,4,4
2017-03-23,3,2,1
2017-03-23,5,4,1
2017-03-23,2,0,2
2017-03-24,1,0,1
2017-03-24,0,0,0
2017-03-24,2,1,1
2017-03-24,0,0,0
2017-03-24,3,2,1
2017-03-24,3,3,0
2017-03-24,20,13,7
2017-03-24,39,18,21
2017-03-24,52,22,30
2017-03-24,29,12,17
2017-03-24,20,11,9
2017-03-24,18,7,11
2017-03-24,13,6,7
2017-03-24,17,10,7
2017-03-24,20,10,10
2017-03-24,22,6,16
2017-03-24,79,25,54
2017-03-24,65,27,38
2017-03-24,40,14,26
2017-03-24,16,7,9
2017-03-24,6,0,6
2017-03-24,8,4,4
2017-03-24,5,3,2
2017-03-24,2,2,0
2017-03-25,4,1,3
2017-03-25,1,1,0
2017-03-25,0,0,0
2017-03-25,1,0,1
2017-03-25,0,0,0
2017-03-25,1,1,0
2017-03-25,3,1,2
2017-03-25,3,1,2
2017-03-25,13,6,7
2017-03-25,7,2,5
2017-03-25,14,6,8
2017-03-25,15,7,8
2017-03-25,26,7,19
2017-03-25,17,8,9
2017-03-25,21,8,13
2017-03-25,29,15,14
2017-03-25,19,15,4
2017-03-25,13,8,5
2017-03-25,15,5,10
2017-03-25,8,3,5
2017-03-25,9,3,6
2017-03-25,4,3,1
2017-03-25,3,2,1
2017-03-25,2,2,0
2017-03-26,2,2,0
2017-03-26,0,0,0
2017-03-26,1,0,1
2017-03-26,3,1,2
2017-03-26,0,0,0
2017-03-26,0,0,0
2017-03-26,2,1,1
2017-03-26,3,2,1
2017-03-26,1,1,0
2017-03-26,4,2,2
2017-03-26,3,1,2
2017-03-26,3,2,1
2017-03-26,10,5,5
2017-03-26,4,2,2
2017-03-26,0,0,0
2017-03-26,2,1,1
2017-03-26,3,2,1
2017-03-26,7,5,2
2017-03-26,4,1,3
2017-03-26,3,2,1
2017-03-26,2,1,1
2017-03-26,3,0,3
2017-03-26,2,1,1
2017-03-26,1,1,0
2017-03-27,0,0,0
2017-03-27,0,0,0
2017-03-27,0,0,0
2017-03-27,9,0,9
2017-03-27,5,1,4
2017-03-27,4,4,0
2017-03-27,24,17,7
2017-03-27,50,23,27
2017-03-27,94,42,52
2017-03-27,57,26,31
2017-03-27,19,13,6
2017-03-27,13,6,7
2017-03-27,16,7,9
2017-03-27,19,9,10
2017-03-27,24,14,10
2017-03-27,33,9,24
2017-03-27,92,30,62
2017-03-27,119,42,77
2017-03-27,60,18,42
2017-03-27,23,10,13
2017-03-27,7,2,5
2017-03-27,1,1,0
2017-03-27,0,0,0
2017-03-27,0,0,0
2017-03-28,2,0,2
2017-03-28,0,0,0
2017-03-28,1,1,0
2017-03-28,0,0,0
2017-03-28,2,1,1
2017-03-28,3,2,1
2017-03-28,23,9,14
2017-03-28,56,28,28
2017-03-28,62,27,35
2017-03-28,51,22,29
2017-03-28,21,13,8
2017-03-28,15,7,8
2017-03-28,20,14,6
2017-03-28,14,7,7
2017-03-28,24,9,15
2017-03-28,33,15,18
2017-03-28,82,28,54
2017-03-28,124,44,80
2017-03-28,60,21,39
2017-03-28,25,10,15
2017-03-28,5,1,4
2017-03-28,6,3,3
2017-03-28,5,2,3
2017-03-28,2,1,1
2017-03-29,1,0,1
2017-03-29,2,1,1
2017-03-29,0,0,0
2017-03-29,0,0,0
2017-03-29,1,0,1
2017-03-29,3,3,0
2017-03-29,16,9,7
2017-03-29,33,17,16
2017-03-29,62,29,33
2017-03-29,33,15,18
2017-03-29,17,12,5
2017-03-29,13,9,4
2017-03-29,13,9,4
2017-03-29,10,6,4
2017-03-29,23,8,15
2017-03-29,28,9,19
2017-03-29,62,27,35
2017-03-29,108,35,73
2017-03-29,54,15,39
2017-03-29,21,9,12
2017-03-29,8,4,4
2017-03-29,10,5,5
2017-03-29,2,0,2
2017-03-29,3,1,2
2017-03-30,0,0,0
2017-03-30,0,0,0
2017-03-30,0,0,0
2017-03-30,0,0,0
2017-03-30,1,0,1
2017-03-30,2,2,0
2017-03-30,32,16,16
2017-03-30,67,35,32
2017-03-30,92,36,56
2017-03-30,52,22,30
2017-03-30,26,13,13
2017-03-30,12,5,7
2017-03-30,13,4,9
2017-03-30,18,10,8
2017-03-30,18,8,10
2017-03-30,33,13,20
2017-03-30,81,25,56
2017-03-30,141,46,95
2017-03-30,85,27,58
2017-03-30,27,9,18
2017-03-30,17,10,7
2017-03-30,7,3,4
2017-03-30,5,1,4
2017-03-30,1,0,1
2017-03-31,4,2,2
2017-03-31,0,0,0
2017-03-31,1,0,1
2017-03-31,0,0,0
2017-03-31,1,0,1
2017-03-31,4,3,1
2017-03-31,18,9,9
2017-03-31,48,20,28
2017-03-31,104,33,71
2017-03-31,63,25,38
2017-03-31,20,11,9
2017-03-31,32,20,12
2017-03-31,36,21,15
2017-03-31,31,12,19
2017-03-31,36,15,21
2017-03-31,60,10,50
2017-03-31,106,37,69
2017-03-31,127,35,92
2017-03-31,87,22,65
2017-03-31,27,9,18
2017-03-31,11,3,8
2017-03-31,22,16,6
2017-03-31,10,8,2
2017-03-31,9,5,4
2017-04-01,5,2,3
2017-04-01,2,0,2
2017-04-01,1,1,0
2017-04-01,1,0,1
2017-04-01,1,1,0
2017-04-01,3,1,2
2017-04-01,6,3,3
2017-04-01,2,1,1
2017-04-01,7,2,5
2017-04-01,4,2,2
2017-04-01,9,4,5
2017-04-01,18,5,13
2017-04-01,10,5,5
2017-04-01,16,5,11
2017-04-01,23,6,17
2017-04-01,17,5,12
2017-04-01,16,10,6
2017-04-01,15,12,3
2017-04-01,17,8,9
2017-04-01,5,4,1
2017-04-01,11,3,8
2017-04-01,2,2,0
2017-04-01,4,0,4
2017-04-01,4,4,0
2017-04-02,4,1,3
2017-04-02,3,2,1
2017-04-02,1,0,1
2017-04-02,0,0,0
2017-04-02,1,0,1
2017-04-02,1,0,1
2017-04-02,2,1,1
2017-04-02,5,1,4
2017-04-02,1,0,1
2017-04-02,8,6,2
2017-04-02,5,3,2
2017-04-02,14,8,6
2017-04-02,28,9,19
2017-04-02,18,9,9
2017-04-02,9,5,4
2017-04-02,22,10,12
2017-04-02,14,5,9
2017-04-02,14,4,10
2017-04-02,17,6,11
2017-04-02,9,4,5
2017-04-02,2,1,1
2017-04-02,2,0,2
2017-04-02,1,1,0
2017-04-02,0,0,0
2017-04-03,0,0,0
2017-04-03,0,0,0
2017-04-03,0,0,0
2017-04-03,0,0,0
2017-04-03,2,1,1
2017-04-03,9,8,1
2017-04-03,29,18,11
2017-04-03,74,38,36
2017-04-03,118,48,70
2017-04-03,75,38,37
2017-04-03,27,8,19
2017-04-03,19,12,7
2017-04-03,20,8,12
2017-04-03,24,12,12
2017-04-03,19,10,9
2017-04-03,37,8,29
2017-04-03,117,34,83
2017-04-03,179,59,120
2017-04-03,71,23,48
2017-04-03,31,11,20
2017-04-03,5,1,4
2017-04-03,6,3,3
2017-04-03,4,2,2
2017-04-03,2,2,0
2017-04-04,2,1,1
2017-04-04,0,0,0
2017-04-04,0,0,0
2017-04-04,0,0,0
2017-04-04,2,1,1
2017-04-04,3,2,1
2017-04-04,28,13,15
2017-04-04,84,42,42
2017-04-04,118,56,62
2017-04-04,54,32,22
2017-04-04,23,10,13
2017-04-04,34,12,22
2017-04-04,17,7,10
2017-04-04,30,12,18
2017-04-04,24,9,15
2017-04-04,39,13,26
2017-04-04,103,31,72
2017-04-04,176,66,110
2017-04-04,66,17,49
2017-04-04,24,4,20
2017-04-04,10,4,6
2017-04-04,3,0,3
2017-04-04,7,5,2
2017-04-04,3,0,3
2017-04-05,1,1,0
2017-04-05,1,0,1
2017-04-05,0,0,0
2017-04-05,0,0,0
2017-04-05,1,0,1
2017-04-05,8,7,1
2017-04-05,17,8,9
2017-04-05,32,20,12
2017-04-05,54,28,26
2017-04-05,35,21,14
2017-04-05,14,7,7
2017-04-05,12,5,7
2017-04-05,9,4,5
2017-04-05,15,8,7
2017-04-05,15,8,7
2017-04-05,25,9,16
2017-04-05,62,15,47
2017-04-05,93,30,63
2017-04-05,50,15,35
2017-04-05,18,4,14
2017-04-05,7,3,4
2017-04-05,5,2,3
2017-04-05,9,4,5
2017-04-05,2,1,1
2017-04-06,0,0,0
2017-04-06,0,0,0
2017-04-06,0,0,0
2017-04-06,0,0,0
2017-04-06,1,0,1
2017-04-06,5,5,0
2017-04-06,25,11,14
2017-04-06,40,23,17
2017-04-06,59,25,34
2017-04-06,29,12,17
2017-04-06,15,9,6
2017-04-06,15,8,7
2017-04-06,28,14,14
2017-04-06,23,11,12
2017-04-06,20,5,15
2017-04-06,35,8,27
2017-04-06,70,19,51
2017-04-06,102,33,69
2017-04-06,59,18,41
2017-04-06,54,19,35
2017-04-06,13,8,5
2017-04-06,7,5,2
2017-04-06,4,3,1
2017-04-06,1,0,1
2017-04-07,1,1,0
2017-04-07,1,0,1
2017-04-07,2,2,0
2017-04-07,0,0,0
2017-04-07,1,1,0
2017-04-07,4,4,0
2017-04-07,21,13,8
2017-04-07,41,22,19
2017-04-07,66,26,40
2017-04-07,31,18,13
2017-04-07,19,11,8
2017-04-07,16,7,9
2017-04-07,17,6,11
2017-04-07,19,7,12
2017-04-07,24,16,8
2017-04-07,28,11,17
2017-04-07,47,12,35
2017-04-07,80,28,52
2017-04-07,32,11,21
2017-04-07,9,4,5
2017-04-07,2,0,2
2017-04-07,4,1,3
2017-04-07,3,1,2
2017-04-07,2,1,1
2017-04-08,2,1,1
2017-04-08,1,1,0
2017-04-08,0,0,0
2017-04-08,2,2,0
2017-04-08,1,0,1
2017-04-08,2,2,0
2017-04-08,3,2,1
2017-04-08,7,3,4
2017-04-08,7,6,1
2017-04-08,9,4,5
2017-04-08,14,10,4
2017-04-08,18,6,12
2017-04-08,7,4,3
2017-04-08,13,8,5
2017-04-08,8,1,7
2017-04-08,13,8,5
2017-04-08,18,11,7
2017-04-08,15,9,6
2017-04-08,7,1,6
2017-04-08,5,4,1
2017-04-08,5,3,2
2017-04-08,7,3,4
2017-04-08,5,2,3
2017-04-08,9,2,7
2017-04-09,4,3,1
2017-04-09,1,1,0
2017-04-09,3,2,1
2017-04-09,0,0,0
2017-04-09,0,0,0
2017-04-09,1,1,0
2017-04-09,3,2,1
2017-04-09,4,1,3
2017-04-09,6,2,4
2017-04-09,16,5,11
2017-04-09,17,8,9
2017-04-09,15,8,7
2017-04-09,15,7,8
2017-04-09,15,7,8
2017-04-09,19,11,8
2017-04-09,16,9,7
2017-04-09,18,9,9
2017-04-09,19,12,7
2017-04-09,8,5,3
2017-04-09,12,6,6
2017-04-09,3,2,1
2017-04-09,1,0,1
2017-04-09,1,1,0
2017-04-09,1,0,1
2017-04-10,1,0,1
2017-04-10,0,0,0
2017-04-10,0,0,0
2017-04-10,0,0,0
2017-04-10,1,0,1
2017-04-10,4,3,1
2017-04-10,13,8,5
2017-04-10,44,19,25
2017-04-10,95,39,56
2017-04-10,64,30,34
2017-04-10,22,11,11
2017-04-10,19,9,10
2017-04-10,18,8,10
2017-04-10,12,7,5
2017-04-10,15,5,10
2017-04-10,23,4,19
2017-04-10,74,17,57
2017-04-10,116,39,77
2017-04-10,50,16,34
2017-04-10,18,9,9
2017-04-10,13,4,9
2017-04-10,0,0,0
2017-04-10,4,3,1
2017-04-10,2,1,1
2017-04-11,1,0,1
2017-04-11,0,0,0
2017-04-11,0,0,0
2017-04-11,0,0,0
2017-04-11,3,1,2
2017-04-11,7,6,1
2017-04-11,21,10,11
2017-04-11,78,39,39
2017-04-11,104,47,57
2017-04-11,79,36,43
2017-04-11,27,12,15
2017-04-11,27,12,15
2017-04-11,23,12,11
2017-04-11,19,10,9
2017-04-11,18,7,11
2017-04-11,43,14,29
2017-04-11,111,35,76
2017-04-11,162,56,106
2017-04-11,74,26,48
2017-04-11,30,8,22
2017-04-11,13,8,5
2017-04-11,7,0,7
2017-04-11,11,6,5
2017-04-11,6,4,2
2017-04-12,1,1,0
2017-04-12,0,0,0
2017-04-12,0,0,0
2017-04-12,0,0,0
2017-04-12,1,0,1
2017-04-12,2,2,0
2017-04-12,17,10,7
2017-04-12,31,18,13
2017-04-12,53,22,31
2017-04-12,29,14,15
2017-04-12,15,8,7
2017-04-12,10,2,8
2017-04-12,14,8,6
2017-04-12,19,9,10
2017-04-12,22,11,11
2017-04-12,34,8,26
2017-04-12,53,10,43
2017-04-12,100,40,60
2017-04-12,45,11,34
2017-04-12,18,5,13
2017-04-12,3,0,3
2017-04-12,5,3,2
2017-04-12,6,4,2
2017-04-12,3,3,0
2017-04-13,0,0,0
2017-04-13,0,0,0
2017-04-13,0,0,0
2017-04-13,0,0,0
2017-04-13,1,0,1
2017-04-13,3,3,0
2017-04-13,17,7,10
2017-04-13,57,31,26
2017-04-13,102,44,58
2017-04-13,61,31,30
2017-04-13,24,12,12
2017-04-13,24,12,12
2017-04-13,21,11,10
2017-04-13,26,15,11
2017-04-13,13,7,6
2017-04-13,31,14,17
2017-04-13,78,28,50
2017-04-13,133,49,84
2017-04-13,55,19,36
2017-04-13,34,17,17
2017-04-13,14,6,8
2017-04-13,2,2,0
2017-04-13,4,2,2
2017-04-13,2,2,0
2017-04-14,2,1,1
2017-04-14,0,0,0
2017-04-14,2,1,1
2017-04-14,1,0,1
2017-04-14,1,1,0
2017-04-14,3,0,3
2017-04-14,16,7,9
2017-04-14,39,19,20
2017-04-14,71,28,43
2017-04-14,45,26,19
2017-04-14,24,7,17
2017-04-14,13,6,7
2017-04-14,22,13,9
2017-04-14,31,14,17
2017-04-14,23,12,11
2017-04-14,41,19,22
2017-04-14,73,21,52
2017-04-14,78,27,51
2017-04-14,45,16,29
2017-04-14,20,14,6
2017-04-14,7,2,5
2017-04-14,4,0,4
2017-04-14,10,8,2
2017-04-14,3,3,0
2017-04-15,2,0,2
2017-04-15,2,2,0
2017-04-15,1,0,1
2017-04-15,0,0,0
2017-04-15,0,0,0
2017-04-15,2,0,2
2017-04-15,6,5,1
2017-04-15,9,6,3
2017-04-15,16,8,8
2017-04-15,18,12,6
2017-04-15,10,9,1
2017-04-15,14,8,6
2017-04-15,16,11,5
2017-04-15,30,19,11
2017-04-15,33,21,12
2017-04-15,22,9,13
2017-04-15,27,10,17
2017-04-15,17,7,10
2017-04-15,23,16,7
2017-04-15,8,4,4
2017-04-15,19,12,7
2017-04-15,12,8,4
2017-04-15,10,5,5
2017-04-15,6,6,0
2017-04-16,4,3,1
2017-04-16,1,1,0
2017-04-16,1,0,1
2017-04-16,1,1,0
2017-04-16,1,0,1
2017-04-16,1,0,1
2017-04-16,3,3,0
2017-04-16,4,3,1
2017-04-16,4,3,1
2017-04-16,8,6,2
2017-04-16,12,8,4
2017-04-16,11,4,7
2017-04-16,17,8,9
2017-04-16,24,14,10
2017-04-16,26,19,7
2017-04-16,16,14,2
2017-04-16,23,13,10
2017-04-16,22,12,10
2017-04-16,16,12,4
2017-04-16,4,2,2
2017-04-16,7,5,2
2017-04-16,3,3,0
2017-04-16,0,0,0
2017-04-16,4,1,3
2017-04-17,0,0,0
2017-04-17,0,0,0
2017-04-17,1,0,1
2017-04-17,0,0,0
2017-04-17,1,0,1
2017-04-17,7,7,0
2017-04-17,19,12,7
2017-04-17,58,39,19
2017-04-17,89,48,41
2017-04-17,75,45,30
2017-04-17,24,17,7
2017-04-17,26,18,8
2017-04-17,19,9,10
2017-04-17,14,7,7
2017-04-17,22,9,13
2017-04-17,39,16,23
2017-04-17,90,29,61
2017-04-17,120,39,81
2017-04-17,67,19,48
2017-04-17,17,10,7
2017-04-17,9,3,6
2017-04-17,3,2,1
2017-04-17,5,3,2
2017-04-17,1,1,0
2017-04-18,1,0,1
2017-04-18,1,0,1
2017-04-18,1,0,1
2017-04-18,1,0,1
2017-04-18,2,1,1
2017-04-18,6,5,1
2017-04-18,31,17,14
2017-04-18,55,29,26
2017-04-18,88,41,47
2017-04-18,56,34,22
2017-04-18,21,7,14
2017-04-18,28,17,11
2017-04-18,19,8,11
2017-04-18,20,11,9
2017-04-18,17,9,8
2017-04-18,37,18,19
2017-04-18,79,21,58
2017-04-18,126,43,83
2017-04-18,76,21,55
2017-04-18,27,13,14
2017-04-18,13,6,7
2017-04-18,7,4,3
2017-04-18,7,2,5
2017-04-18,5,3,2
2017-04-19,3,2,1
2017-04-19,3,0,3
2017-04-19,1,1,0
2017-04-19,0,0,0
2017-04-19,2,2,0
2017-04-19,5,5,0
2017-04-19,27,14,13
2017-04-19,63,39,24
2017-04-19,87,39,48
2017-04-19,66,31,35
2017-04-19,18,9,9
2017-04-19,20,12,8
2017-04-19,19,7,12
2017-04-19,19,12,7
2017-04-19,18,6,12
2017-04-19,40,18,22
2017-04-19,82,22,60
2017-04-19,142,49,93
2017-04-19,71,19,52
2017-04-19,17,7,10
2017-04-19,15,7,8
2017-04-19,4,2,2
2017-04-19,3,2,1
2017-04-19,2,0,2
2017-04-20,1,1,0
2017-04-20,0,0,0
2017-04-20,0,0,0
2017-04-20,1,0,1
2017-04-20,2,0,2
2017-04-20,4,4,0
2017-04-20,27,15,12
2017-04-20,55,28,27
2017-04-20,108,42,66
2017-04-20,66,32,34
2017-04-20,28,15,13
2017-04-20,22,12,10
2017-04-20,22,8,14
2017-04-20,18,11,7
2017-04-20,10,9,1
2017-04-20,43,19,24
2017-04-20,86,27,59
2017-04-20,143,44,99
2017-04-20,77,24,53
2017-04-20,18,11,7
2017-04-20,15,8,7
2017-04-20,10,1,9
2017-04-20,7,3,4
2017-04-20,3,2,1
2017-04-21,1,1,0
2017-04-21,0,0,0
2017-04-21,0,0,0
2017-04-21,1,0,1
2017-04-21,0,0,0
2017-04-21,4,4,0
2017-04-21,53,23,30
2017-04-21,86,49,37
2017-04-21,108,45,63
2017-04-21,75,32,43
2017-04-21,30,15,15
2017-04-21,34,15,19
2017-04-21,38,17,21
2017-04-21,40,23,17
2017-04-21,50,22,28
2017-04-21,86,26,60
2017-04-21,123,35,88
2017-04-21,119,44,75
2017-04-21,67,27,40
2017-04-21,30,17,13
2017-04-21,16,9,7
2017-04-21,5,2,3
2017-04-21,6,4,2
2017-04-21,2,0,2
2017-04-22,3,2,1
2017-04-22,3,0,3
2017-04-22,3,1,2
2017-04-22,0,0,0
2017-04-22,2,1,1
2017-04-22,1,1,0
2017-04-22,5,3,2
2017-04-22,14,11,3
2017-04-22,6,4,2
2017-04-22,8,5,3
2017-04-22,11,4,7
2017-04-22,9,5,4
2017-04-22,15,10,5
2017-04-22,18,8,10
2017-04-22,13,2,11
2017-04-22,13,5,8
2017-04-22,9,4,5
2017-04-22,16,8,8
2017-04-22,11,4,7
2017-04-22,8,4,4
2017-04-22,7,5,2
2017-04-22,4,2,2
2017-04-22,5,2,3
2017-04-22,8,5,3
2017-04-23,5,3,2
2017-04-23,0,0,0
2017-04-23,3,2,1
2017-04-23,0,0,0
2017-04-23,0,0,0
2017-04-23,0,0,0
2017-04-23,2,1,1
2017-04-23,5,3,2
2017-04-23,4,2,2
2017-04-23,6,2,4
2017-04-23,7,2,5
2017-04-23,7,4,3
2017-04-23,9,5,4
2017-04-23,6,3,3
2017-04-23,6,5,1
2017-04-23,7,5,2
2017-04-23,7,4,3
2017-04-23,5,2,3
2017-04-23,8,2,6
2017-04-23,8,4,4
2017-04-23,0,0,0
2017-04-23,2,2,0
2017-04-23,3,1,2
2017-04-23,5,1,4
2017-04-24,5,2,3
2017-04-24,1,1,0
2017-04-24,2,0,2
2017-04-24,0,0,0
2017-04-24,0,0,0
2017-04-24,8,7,1
2017-04-24,22,13,9
2017-04-24,51,28,23
2017-04-24,105,49,56
2017-04-24,48,22,26
2017-04-24,18,9,9
2017-04-24,20,12,8
2017-04-24,10,5,5
2017-04-24,10,6,4
2017-04-24,19,8,11
2017-04-24,32,10,22
2017-04-24,104,27,77
2017-04-24,160,53,107
2017-04-24,61,22,39
2017-04-24,23,6,17
2017-04-24,9,3,6
2017-04-24,8,2,6
2017-04-24,7,4,3
2017-04-24,10,6,4
2017-04-25,1,0,1
2017-04-25,0,0,0
2017-04-25,0,0,0
2017-04-25,0,0,0
2017-04-25,3,2,1
2017-04-25,8,6,2
2017-04-25,39,25,14
2017-04-25,77,45,32
2017-04-25,122,47,75
2017-04-25,88,38,50
2017-04-25,32,13,19
2017-04-25,14,7,7
2017-04-25,29,13,16
2017-04-25,19,10,9
2017-04-25,27,13,14
2017-04-25,42,10,32
2017-04-25,112,32,80
2017-04-25,139,37,102
2017-04-25,70,19,51
2017-04-25,17,3,14
2017-04-25,13,3,10
2017-04-25,5,2,3
2017-04-25,4,2,2
2017-04-25,1,1,0
2017-04-26,1,1,0
2017-04-26,1,0,1
2017-04-26,1,0,1
2017-04-26,1,1,0
2017-04-26,2,1,1
2017-04-26,5,5,0
2017-04-26,28,15,13
2017-04-26,54,30,24
2017-04-26,92,44,48
2017-04-26,46,19,27
2017-04-26,19,10,9
2017-04-26,14,10,4
2017-04-26,17,11,6
2017-04-26,17,9,8
2017-04-26,15,4,11
2017-04-26,33,6,27
2017-04-26,77,21,56
2017-04-26,124,37,87
2017-04-26,49,16,33
2017-04-26,27,10,17
2017-04-26,11,3,8
2017-04-26,6,3,3
2017-04-26,3,1,2
2017-04-26,3,1,2
2017-04-27,0,0,0
2017-04-27,0,0,0
2017-04-27,2,2,0
2017-04-27,1,0,1
2017-04-27,1,0,1
2017-04-27,9,6,3
2017-04-27,26,13,13
2017-04-27,48,23,25
2017-04-27,91,45,46
2017-04-27,67,26,41
2017-04-27,21,13,8
2017-04-27,23,12,11
2017-04-27,22,11,11
2017-04-27,21,15,6
2017-04-27,21,3,18
2017-04-27,52,18,34
2017-04-27,103,26,77
2017-04-27,134,48,86
2017-04-27,68,17,51
2017-04-27,21,10,11
2017-04-27,14,4,10
2017-04-27,13,8,5
2017-04-27,5,3,2
2017-04-27,3,2,1
2017-04-28,1,0,1
2017-04-28,0,0,0
2017-04-28,1,0,1
2017-04-28,0,0,0
2017-04-28,3,0,3
2017-04-28,8,5,3
2017-04-28,30,19,11
2017-04-28,68,38,30
2017-04-28,113,56,57
2017-04-28,68,30,38
2017-04-28,24,11,13
2017-04-28,30,13,17
2017-04-28,32,18,14
2017-04-28,26,8,18
2017-04-28,32,15,17
2017-04-28,69,30,39
2017-04-28,124,40,84
2017-04-28,145,49,96
2017-04-28,83,27,56
2017-04-28,31,13,18
2017-04-28,8,2,6
2017-04-28,9,2,7
2017-04-28,2,0,2
2017-04-28,6,2,4
2017-04-29,4,1,3
2017-04-29,2,2,0
2017-04-29,1,0,1
2017-04-29,1,0,1
2017-04-29,3,0,3
2017-04-29,1,1,0
2017-04-29,5,2,3
2017-04-29,7,5,2
2017-04-29,18,5,13
2017-04-29,21,6,15
2017-04-29,24,9,15
2017-04-29,24,15,9
2017-04-29,22,8,14
2017-04-29,26,10,16
2017-04-29,16,6,10
2017-04-29,23,11,12
2017-04-29,17,6,11
2017-04-29,15,6,9
2017-04-29,27,8,19
2017-04-29,7,3,4
2017-04-29,1,1,0
2017-04-29,10,6,4
2017-04-29,3,0,3
2017-04-29,4,1,3
2017-04-30,0,0,0
2017-04-30,0,0,0
2017-04-30,3,0,3
2017-04-30,1,0,1
2017-04-30,0,0,0
2017-04-30,1,1,0
2017-04-30,0,0,0
2017-04-30,5,4,1
2017-04-30,7,3,4
2017-04-30,16,9,7
2017-04-30,8,4,4
2017-04-30,18,10,8
2017-04-30,14,2,12
2017-04-30,13,8,5
2017-04-30,15,6,9
2017-04-30,15,9,6
2017-04-30,16,5,11
2017-04-30,11,6,5
2017-04-30,11,5,6
2017-04-30,10,3,7
2017-04-30,8,7,1
2017-04-30,4,1,3
2017-04-30,5,2,3
2017-04-30,1,1,0
2017-05-01,0,0,0
2017-05-01,1,0,1
2017-05-01,0,0,0
2017-05-01,0,0,0
2017-05-01,2,1,1
2017-05-01,8,6,2
2017-05-01,40,23,17
2017-05-01,85,41,44
2017-05-01,121,39,82
2017-05-01,66,37,29
2017-05-01,26,15,11
2017-05-01,19,8,11
2017-05-01,25,13,12
2017-05-01,29,9,20
2017-05-01,31,13,18
2017-05-01,55,19,36
2017-05-01,104,30,74
2017-05-01,142,57,85
2017-05-01,79,36,43
2017-05-01,17,6,11
2017-05-01,15,6,9
2017-05-01,5,0,5
2017-05-01,2,2,0
2017-05-01,4,2,2
2017-05-02,0,0,0
2017-05-02,1,1,0
2017-05-02,0,0,0
2017-05-02,3,3,0
2017-05-02,3,1,2
2017-05-02,9,6,3
2017-05-02,46,24,22
2017-05-02,100,52,48
2017-05-02,135,57,78
2017-05-02,73,33,40
2017-05-02,21,11,10
2017-05-02,26,9,17
2017-05-02,29,12,17
2017-05-02,20,9,11
2017-05-02,37,17,20
2017-05-02,57,24,33
2017-05-02,110,36,74
2017-05-02,192,58,134
2017-05-02,79,31,48
2017-05-02,26,8,18
2017-05-02,16,8,8
2017-05-02,7,3,4
2017-05-02,10,0,10
2017-05-02,3,2,1
2017-05-03,0,0,0
2017-05-03,1,1,0
2017-05-03,1,1,0
2017-05-03,0,0,0
2017-05-03,2,1,1
2017-05-03,6,6,0
2017-05-03,42,19,23
2017-05-03,122,55,67
2017-05-03,152,70,82
2017-05-03,92,38,54
2017-05-03,39,18,21
2017-05-03,26,11,15
2017-05-03,43,21,22
2017-05-03,47,28,19
2017-05-03,33,14,19
2017-05-03,52,23,29
2017-05-03,163,57,106
2017-05-03,213,71,142
2017-05-03,92,34,58
2017-05-03,55,22,33
2017-05-03,19,8,11
2017-05-03,14,3,11
2017-05-03,13,6,7
2017-05-03,14,4,10
2017-05-04,0,0,0
2017-05-04,1,1,0
2017-05-04,0,0,0
2017-05-04,0,0,0
2017-05-04,1,0,1
2017-05-04,10,7,3
2017-05-04,46,25,21
2017-05-04,73,37,36
2017-05-04,138,58,80
2017-05-04,78,28,50
2017-05-04,32,17,15
2017-05-04,30,16,14
2017-05-04,33,16,17
2017-05-04,35,22,13
2017-05-04,28,6,22
2017-05-04,78,25,53
2017-05-04,125,31,94
2017-05-04,112,37,75
2017-05-04,64,19,45
2017-05-04,30,11,19
2017-05-04,11,7,4
2017-05-04,6,3,3
2017-05-04,4,3,1
2017-05-04,1,1,0
2017-05-05,2,1,1
2017-05-05,4,2,2
2017-05-05,2,1,1
2017-05-05,0,0,0
2017-05-05,2,1,1
2017-05-05,7,5,2
2017-05-05,31,23,8
2017-05-05,65,34,31
2017-05-05,83,38,45
2017-05-05,69,36,33
2017-05-05,44,14,30
2017-05-05,23,12,11
2017-05-05,28,13,15
2017-05-05,35,19,16
2017-05-05,27,12,15
2017-05-05,50,19,31
2017-05-05,115,34,81
2017-05-05,148,62,86
2017-05-05,55,20,35
2017-05-05,33,11,22
2017-05-05,7,3,4
2017-05-05,9,3,6
2017-05-05,11,5,6
2017-05-05,4,3,1
2017-05-06,3,2,1
2017-05-06,1,1,0
2017-05-06,2,0,2
2017-05-06,1,1,0
2017-05-06,1,1,0
2017-05-06,2,1,1
2017-05-06,7,5,2
2017-05-06,9,6,3
2017-05-06,15,6,9
2017-05-06,12,6,6
2017-05-06,19,6,13
2017-05-06,40,14,26
2017-05-06,30,12,18
2017-05-06,39,21,18
2017-05-06,39,20,19
2017-05-06,24,10,14
2017-05-06,40,24,16
2017-05-06,28,16,12
2017-05-06,37,20,17
2017-05-06,8,5,3
2017-05-06,5,2,3
2017-05-06,5,2,3
2017-05-06,6,2,4
2017-05-06,5,1,4
2017-05-07,4,1,3
2017-05-07,2,0,2
2017-05-07,1,1,0
2017-05-07,1,0,1
2017-05-07,2,0,2
2017-05-07,0,0,0
2017-05-07,2,2,0
2017-05-07,7,4,3
2017-05-07,13,4,9
2017-05-07,12,7,5
2017-05-07,15,8,7
2017-05-07,21,7,14
2017-05-07,31,6,25
2017-05-07,19,9,10
2017-05-07,21,12,9
2017-05-07,30,13,17
2017-05-07,27,14,13
2017-05-07,29,16,13
2017-05-07,16,11,5
2017-05-07,7,4,3
2017-05-07,10,5,5
2017-05-07,2,2,0
2017-05-07,4,3,1
2017-05-07,1,0,1
2017-05-08,0,0,0
2017-05-08,0,0,0
2017-05-08,1,0,1
2017-05-08,2,2,0
2017-05-08,4,0,4
2017-05-08,14,10,4
2017-05-08,41,25,16
2017-05-08,109,54,55
2017-05-08,140,66,74
2017-05-08,85,34,51
2017-05-08,21,10,11
2017-05-08,23,9,14
2017-05-08,27,16,11
2017-05-08,30,15,15
2017-05-08,26,9,17
2017-05-08,64,22,42
2017-05-08,141,46,95
2017-05-08,213,68,145
2017-05-08,92,35,57
2017-05-08,50,25,25
2017-05-08,17,7,10
2017-05-08,7,2,5
2017-05-08,8,4,4
2017-05-08,0,0,0
2017-05-09,0,0,0
2017-05-09,0,0,0
2017-05-09,1,0,1
2017-05-09,1,0,1
2017-05-09,1,0,1
2017-05-09,11,8,3
2017-05-09,47,24,23
2017-05-09,135,67,68
2017-05-09,154,69,85
2017-05-09,102,43,59
2017-05-09,35,14,21
2017-05-09,27,17,10
2017-05-09,33,16,17
2017-05-09,38,19,19
2017-05-09,41,18,23
2017-05-09,60,23,37
2017-05-09,151,43,108
2017-05-09,240,78,162
2017-05-09,109,31,78
2017-05-09,42,16,26
2017-05-09,24,13,11
2017-05-09,10,5,5
2017-05-09,7,3,4
2017-05-09,7,4,3
2017-05-10,3,2,1
2017-05-10,1,0,1
2017-05-10,1,0,1
2017-05-10,0,0,0
2017-05-10,1,1,0
2017-05-10,10,8,2
2017-05-10,50,29,21
2017-05-10,93,57,36
2017-05-10,159,68,91
2017-05-10,97,45,52
2017-05-10,36,20,16
2017-05-10,35,20,15
2017-05-10,31,17,14
2017-05-10,26,9,17
2017-05-10,41,14,27
2017-05-10,65,22,43
2017-05-10,164,54,110
2017-05-10,235,80,155
2017-05-10,113,40,73
2017-05-10,37,12,25
2017-05-10,26,14,12
2017-05-10,19,8,11
2017-05-10,8,3,5
2017-05-10,5,1,4
2017-05-11,3,2,1
2017-05-11,2,2,0
2017-05-11,3,2,1
2017-05-11,4,2,2
2017-05-11,1,0,1
2017-05-11,7,4,3
2017-05-11,33,25,8
2017-05-11,68,39,29
2017-05-11,108,41,67
2017-05-11,68,30,38
2017-05-11,28,19,9
2017-05-11,14,6,8
2017-05-11,14,9,5
2017-05-11,22,10,12
2017-05-11,14,9,5
2017-05-11,41,12,29
2017-05-11,107,35,72
2017-05-11,158,53,105
2017-05-11,50,13,37
2017-05-11,30,11,19
2017-05-11,11,4,7
2017-05-11,14,2,12
2017-05-11,6,4,2
2017-05-11,6,2,4
2017-05-12,2,2,0
2017-05-12,0,0,0
2017-05-12,4,2,2
2017-05-12,1,0,1
2017-05-12,0,0,0
2017-05-12,4,3,1
2017-05-12,37,25,12
2017-05-12,87,32,55
2017-05-12,122,64,58
2017-05-12,63,34,29
2017-05-12,22,11,11
2017-05-12,20,7,13
2017-05-12,23,12,11
2017-05-12,28,12,16
2017-05-12,26,13,13
2017-05-12,55,20,35
2017-05-12,99,41,58
2017-05-12,139,41,98
2017-05-12,58,22,36
2017-05-12,31,13,18
2017-05-12,9,4,5
2017-05-12,5,2,3
2017-05-12,9,6,3
2017-05-12,6,4,2
2017-05-13,5,3,2
2017-05-13,6,4,2
2017-05-13,3,1,2
2017-05-13,0,0,0
2017-05-13,1,0,1
2017-05-13,1,0,1
2017-05-13,4,2,2
2017-05-13,7,5,2
2017-05-13,4,3,1
2017-05-13,9,4,5
2017-05-13,13,2,11
2017-05-13,20,5,15
2017-05-13,11,4,7
2017-05-13,14,5,9
2017-05-13,17,7,10
2017-05-13,16,6,10
2017-05-13,29,15,14
2017-05-13,23,14,9
2017-05-13,16,7,9
2017-05-13,6,4,2
2017-05-13,8,7,1
2017-05-13,3,1,2
2017-05-13,6,5,1
2017-05-13,3,3,0
2017-05-14,1,1,0
2017-05-14,5,2,3
2017-05-14,0,0,0
2017-05-14,0,0,0
2017-05-14,0,0,0
2017-05-14,3,1,2
2017-05-14,2,2,0
2017-05-14,3,2,1
2017-05-14,7,4,3
2017-05-14,7,2,5
2017-05-14,13,7,6
2017-05-14,10,2,8
2017-05-14,18,12,6
2017-05-14,16,7,9
2017-05-14,17,12,5
2017-05-14,14,5,9
2017-05-14,17,10,7
2017-05-14,12,5,7
2017-05-14,16,4,12
2017-05-14,15,9,6
2017-05-14,3,2,1
2017-05-14,5,1,4
2017-05-14,9,4,5
2017-05-14,11,7,4
2017-05-15,3,1,2
2017-05-15,0,0,0
2017-05-15,3,0,3
2017-05-15,2,2,0
2017-05-15,2,0,2
2017-05-15,5,4,1
2017-05-15,38,23,15
2017-05-15,87,47,40
2017-05-15,126,52,74
2017-05-15,60,23,37
2017-05-15,26,11,15
2017-05-15,21,8,13
2017-05-15,14,8,6
2017-05-15,17,11,6
2017-05-15,15,7,8
2017-05-15,45,14,31
2017-05-15,93,27,66
2017-05-15,142,51,91
2017-05-15,65,13,52
2017-05-15,26,10,16
2017-05-15,10,3,7
2017-05-15,5,1,4
2017-05-15,2,1,1
2017-05-15,1,0,1
2017-05-16,1,1,0
2017-05-16,0,0,0
2017-05-16,0,0,0
2017-05-16,3,3,0
2017-05-16,3,1,2
2017-05-16,5,4,1
2017-05-16,29,17,12
2017-05-16,59,38,21
2017-05-16,79,33,46
2017-05-16,46,24,22
2017-05-16,20,12,8
2017-05-16,11,5,6
2017-05-16,23,10,13
2017-05-16,21,8,13
2017-05-16,15,6,9
2017-05-16,43,13,30
2017-05-16,93,24,69
2017-05-16,142,42,100
2017-05-16,65,27,38
2017-05-16,29,8,21
2017-05-16,18,8,10
2017-05-16,10,4,6
2017-05-16,11,6,5
2017-05-16,6,5,1
2017-05-17,0,0,0
2017-05-17,2,0,2
2017-05-17,1,1,0
2017-05-17,1,0,1
2017-05-17,1,1,0
2017-05-17,11,9,2
2017-05-17,49,32,17
2017-05-17,103,53,50
2017-05-17,152,65,87
2017-05-17,64,28,36
2017-05-17,33,22,11
2017-05-17,22,11,11
2017-05-17,31,21,10
2017-05-17,26,10,16
2017-05-17,28,13,15
2017-05-17,49,17,32
2017-05-17,121,41,80
2017-05-17,215,76,139
2017-05-17,97,34,63
2017-05-17,31,14,17
2017-05-17,23,10,13
2017-05-17,16,7,9
2017-05-17,8,3,5
2017-05-17,7,5,2
2017-05-18,0,0,0
2017-05-18,1,0,1
2017-05-18,1,0,1
2017-05-18,0,0,0
2017-05-18,1,0,1
2017-05-18,4,2,2
2017-05-18,54,25,29
2017-05-18,106,59,47
2017-05-18,161,73,88
2017-05-18,72,20,52
2017-05-18,27,16,11
2017-05-18,33,17,16
2017-05-18,30,14,16
2017-05-18,35,21,14
2017-05-18,37,15,22
2017-05-18,66,26,40
2017-05-18,140,36,104
2017-05-18,199,65,134
2017-05-18,93,35,58
2017-05-18,50,26,24
2017-05-18,12,6,6
2017-05-18,14,8,6
2017-05-18,8,3,5
2017-05-18,6,3,3
2017-05-19,2,2,0
2017-05-19,0,0,0
2017-05-19,3,0,3
2017-05-19,2,1,1
2017-05-19,1,0,1
2017-05-19,7,4,3
2017-05-19,63,27,36
2017-05-19,165,78,87
2017-05-19,273,88,185
2017-05-19,106,40,66
2017-05-19,40,17,23
2017-05-19,46,21,25
2017-05-19,40,13,27
2017-05-19,50,16,34
2017-05-19,59,22,37
2017-05-19,94,34,60
2017-05-19,175,59,116
2017-05-19,222,83,139
2017-05-19,91,28,63
2017-05-19,31,13,18
2017-05-19,16,6,10
2017-05-19,15,5,10
2017-05-19,13,5,8
2017-05-19,7,4,3
2017-05-20,4,1,3
2017-05-20,3,2,1
2017-05-20,0,0,0
2017-05-20,0,0,0
2017-05-20,2,2,0
2017-05-20,2,1,1
2017-05-20,6,4,2
2017-05-20,13,7,6
2017-05-20,20,12,8
2017-05-20,18,8,10
2017-05-20,26,9,17
2017-05-20,24,10,14
2017-05-20,32,9,23
2017-05-20,61,15,46
2017-05-20,38,9,29
2017-05-20,28,12,16
2017-05-20,56,42,14
2017-05-20,18,12,6
2017-05-20,19,7,12
2017-05-20,9,8,1
2017-05-20,8,1,7
2017-05-20,9,4,5
2017-05-20,14,11,3
2017-05-20,7,4,3
2017-05-21,4,0,4
2017-05-21,2,1,1
2017-05-21,3,1,2
2017-05-21,0,0,0
2017-05-21,1,0,1
2017-05-21,2,2,0
2017-05-21,2,0,2
2017-05-21,7,3,4
2017-05-21,13,7,6
2017-05-21,11,3,8
2017-05-21,18,9,9
2017-05-21,26,8,18
2017-05-21,35,14,21
2017-05-21,26,13,13
2017-05-21,35,10,25
2017-05-21,26,15,11
2017-05-21,23,13,10
2017-05-21,24,12,12
2017-05-21,8,4,4
2017-05-21,14,5,9
2017-05-21,6,4,2
2017-05-21,5,3,2
2017-05-21,2,1,1
2017-05-21,3,1,2
2017-05-22,2,1,1
2017-05-22,0,0,0
2017-05-22,0,0,0
2017-05-22,13,1,12
2017-05-22,1,0,1
2017-05-22,11,7,4
2017-05-22,55,27,28
2017-05-22,120,51,69
2017-05-22,169,65,104
2017-05-22,96,42,54
2017-05-22,26,14,12
2017-05-22,26,8,18
2017-05-22,44,28,16
2017-05-22,36,16,20
2017-05-22,29,15,14
2017-05-22,77,32,45
2017-05-22,152,45,107
2017-05-22,241,77,164
2017-05-22,103,39,64
2017-05-22,47,20,27
2017-05-22,21,9,12
2017-05-22,13,8,5
2017-05-22,9,3,6
2017-05-22,5,0,5
2017-05-23,2,1,1
2017-05-23,0,0,0
2017-05-23,1,0,1
2017-05-23,2,1,1
2017-05-23,5,2,3
2017-05-23,16,10,6
2017-05-23,46,25,21
2017-05-23,147,57,90
2017-05-23,185,68,117
2017-05-23,89,42,47
2017-05-23,33,18,15
2017-05-23,28,11,17
2017-05-23,41,19,22
2017-05-23,33,18,15
2017-05-23,40,16,24
2017-05-23,79,32,47
2017-05-23,186,55,131
2017-05-23,263,103,160
2017-05-23,122,42,80
2017-05-23,41,21,20
2017-05-23,16,2,14
2017-05-23,14,9,5
2017-05-23,3,0,3
2017-05-23,6,5,1
2017-05-24,1,0,1
2017-05-24,0,0,0
2017-05-24,1,1,0
2017-05-24,0,0,0
2017-05-24,1,1,0
2017-05-24,8,8,0
2017-05-24,51,27,24
2017-05-24,106,47,59
2017-05-24,171,72,99
2017-05-24,85,39,46
2017-05-24,38,16,22
2017-05-24,34,21,13
2017-05-24,62,38,24
2017-05-24,22,12,10
2017-05-24,31,10,21
2017-05-24,63,22,41
2017-05-24,141,44,97
2017-05-24,203,64,139
2017-05-24,101,36,65
2017-05-24,34,14,20
2017-05-24,20,6,14
2017-05-24,16,6,10
2017-05-24,12,6,6
2017-05-24,7,3,4
2017-05-25,3,1,2
2017-05-25,0,0,0
2017-05-25,0,0,0
2017-05-25,0,0,0
2017-05-25,4,1,3
2017-05-25,11,9,2
2017-05-25,44,21,23
2017-05-25,85,40,45
2017-05-25,170,69,101
2017-05-25,92,39,53
2017-05-25,32,16,16
2017-05-25,26,9,17
2017-05-25,34,22,12
2017-05-25,29,16,13
2017-05-25,35,12,23
2017-05-25,69,27,42
2017-05-25,144,52,92
2017-05-25,187,70,117
2017-05-25,112,38,74
2017-05-25,42,16,26
2017-05-25,17,10,7
2017-05-25,17,9,8
2017-05-25,10,4,6
2017-05-25,5,3,2
2017-05-26,2,1,1
2017-05-26,0,0,0
2017-05-26,1,0,1
2017-05-26,0,0,0
2017-05-26,2,0,2
2017-05-26,7,6,1
2017-05-26,40,26,14
2017-05-26,94,41,53
2017-05-26,138,61,77
2017-05-26,75,30,45
2017-05-26,32,20,12
2017-05-26,34,13,21
2017-05-26,39,24,15
2017-05-26,57,34,23
2017-05-26,67,25,42
2017-05-26,90,43,47
2017-05-26,129,47,82
2017-05-26,141,59,82
2017-05-26,61,24,37
2017-05-26,22,12,10
2017-05-26,21,8,13
2017-05-26,10,2,8
2017-05-26,9,4,5
2017-05-26,7,4,3
2017-05-27,5,3,2
2017-05-27,1,0,1
2017-05-27,1,1,0
2017-05-27,0,0,0
2017-05-27,0,0,0
2017-05-27,1,0,1
2017-05-27,7,3,4
2017-05-27,5,4,1
2017-05-27,16,8,8
2017-05-27,14,6,8
2017-05-27,47,17,30
2017-05-27,74,11,63
2017-05-27,39,13,26
2017-05-27,29,20,9
2017-05-27,72,53,19
2017-05-27,25,8,17
2017-05-27,26,15,11
2017-05-27,28,12,16
2017-05-27,27,14,13
2017-05-27,17,2,15
2017-05-27,10,3,7
2017-05-27,10,3,7
2017-05-27,6,2,4
2017-05-27,4,2,2
2017-05-28,2,2,0
2017-05-28,2,1,1
2017-05-28,0,0,0
2017-05-28,3,1,2
2017-05-28,3,0,3
2017-05-28,66,9,57
2017-05-28,236,33,203
2017-05-28,77,15,62
2017-05-28,47,42,5
2017-05-28,98,82,16
2017-05-28,113,105,8
2017-05-28,55,40,15
2017-05-28,41,27,14
2017-05-28,27,7,20
2017-05-28,33,17,16
2017-05-28,23,12,11
2017-05-28,10,7,3
2017-05-28,28,13,15
2017-05-28,18,8,10
2017-05-28,15,4,11
2017-05-28,11,5,6
2017-05-28,4,3,1
2017-05-28,8,4,4
2017-05-28,3,0,3
2017-05-29,1,0,1
2017-05-29,2,1,1
2017-05-29,0,0,0
2017-05-29,0,0,0
2017-05-29,0,0,0
2017-05-29,0,0,0
2017-05-29,2,1,1
2017-05-29,8,4,4
2017-05-29,11,5,6
2017-05-29,11,6,5
2017-05-29,6,1,5
2017-05-29,17,11,6
2017-05-29,23,12,11
2017-05-29,21,8,13
2017-05-29,31,18,13
2017-05-29,43,22,21
2017-05-29,20,14,6
2017-05-29,22,11,11
2017-05-29,16,11,5
2017-05-29,20,10,10
2017-05-29,11,6,5
2017-05-29,7,4,3
2017-05-29,6,4,2
2017-05-29,9,6,3
2017-05-30,1,1,0
2017-05-30,1,0,1
2017-05-30,0,0,0
2017-05-30,1,1,0
2017-05-30,3,2,1
2017-05-30,5,3,2
2017-05-30,43,23,20
2017-05-30,89,50,39
2017-05-30,126,53,73
2017-05-30,68,29,39
2017-05-30,27,17,10
2017-05-30,19,10,9
2017-05-30,26,15,11
2017-05-30,32,15,17
2017-05-30,27,16,11
2017-05-30,43,15,28
2017-05-30,111,32,79
2017-05-30,179,58,121
2017-05-30,89,36,53
2017-05-30,34,16,18
2017-05-30,11,3,8
2017-05-30,8,5,3
2017-05-30,8,3,5
2017-05-30,3,0,3
2017-05-31,2,1,1
2017-05-31,0,0,0
2017-05-31,0,0,0
2017-05-31,0,0,0
2017-05-31,1,0,1
2017-05-31,8,6,2
2017-05-31,53,29,24
2017-05-31,103,53,50
2017-05-31,152,67,85
2017-05-31,90,45,45
2017-05-31,35,20,15
2017-05-31,26,15,11
2017-05-31,23,11,12
2017-05-31,26,16,10
2017-05-31,38,21,17
2017-05-31,72,24,48
2017-05-31,149,35,114
2017-05-31,187,67,120
2017-05-31,121,42,79
2017-05-31,52,23,29
2017-05-31,24,8,16
2017-05-31,7,3,4
2017-05-31,11,6,5
2017-05-31,4,2,2
2017-06-01,3,1,2
2017-06-01,0,0,0
2017-06-01,0,0,0
2017-06-01,0,0,0
2017-06-01,0,0,0
2017-06-01,11,7,4
2017-06-01,45,28,17
2017-06-01,90,48,42
2017-06-01,122,51,71
2017-06-01,65,32,33
2017-06-01,36,10,26
2017-06-01,29,18,11
2017-06-01,41,20,21
2017-06-01,24,9,15
2017-06-01,23,7,16
2017-06-01,65,26,39
2017-06-01,105,30,75
2017-06-01,175,57,118
2017-06-01,91,31,60
2017-06-01,36,17,19
2017-06-01,31,13,18
2017-06-01,25,16,9
2017-06-01,8,4,4
2017-06-01,6,2,4
2017-06-02,1,1,0
2017-06-02,2,1,1
2017-06-02,0,0,0
2017-06-02,1,0,1
2017-06-02,1,1,0
2017-06-02,7,3,4
2017-06-02,34,20,14
2017-06-02,81,42,39
2017-06-02,119,51,68
2017-06-02,76,39,37
2017-06-02,25,10,15
2017-06-02,28,17,11
2017-06-02,28,14,14
2017-06-02,40,20,20
2017-06-02,32,13,19
2017-06-02,68,24,44
2017-06-02,136,45,91
2017-06-02,164,60,104
2017-06-02,91,25,66
2017-06-02,46,22,24
2017-06-02,19,7,12
2017-06-02,12,7,5
2017-06-02,8,6,2
2017-06-02,7,3,4
2017-06-03,2,2,0
2017-06-03,3,2,1
2017-06-03,9,6,3
2017-06-03,1,1,0
2017-06-03,0,0,0
2017-06-03,5,2,3
2017-06-03,3,2,1
2017-06-03,6,5,1
2017-06-03,11,2,9
2017-06-03,13,5,8
2017-06-03,21,8,13
2017-06-03,26,13,13
2017-06-03,19,8,11
2017-06-03,27,13,14
2017-06-03,24,11,13
2017-06-03,27,14,13
2017-06-03,30,8,22
2017-06-03,19,8,11
2017-06-03,19,8,11
2017-06-03,16,6,10
2017-06-03,9,6,3
2017-06-03,9,6,3
2017-06-03,5,2,3
2017-06-03,6,5,1
2017-06-04,7,3,4
2017-06-04,2,1,1
2017-06-04,6,3,3
2017-06-04,3,2,1
2017-06-04,0,0,0
2017-06-04,0,0,0
2017-06-04,2,0,2
2017-06-04,10,7,3
2017-06-04,12,4,8
2017-06-04,23,11,12
2017-06-04,13,7,6
2017-06-04,18,11,7
2017-06-04,32,18,14
2017-06-04,37,19,18
2017-06-04,25,10,15
2017-06-04,35,22,13
2017-06-04,31,16,15
2017-06-04,23,11,12
2017-06-04,31,13,18
2017-06-04,16,10,6
2017-06-04,8,8,0
2017-06-04,22,15,7
2017-06-04,8,5,3
2017-06-04,2,2,0
2017-06-05,2,1,1
2017-06-05,0,0,0
2017-06-05,0,0,0
2017-06-05,1,0,1
2017-06-05,3,1,2
2017-06-05,15,11,4
2017-06-05,48,28,20
2017-06-05,90,44,46
2017-06-05,160,75,85
2017-06-05,100,48,52
2017-06-05,27,12,15
2017-06-05,21,11,10
2017-06-05,36,22,14
2017-06-05,37,18,19
2017-06-05,28,13,15
2017-06-05,52,13,39
2017-06-05,150,53,97
2017-06-05,215,58,157
2017-06-05,125,42,83
2017-06-05,45,16,29
2017-06-05,21,7,14
2017-06-05,8,5,3
2017-06-05,9,4,5
2017-06-05,5,1,4
2017-06-06,4,1,3
2017-06-06,0,0,0
2017-06-06,2,1,1
2017-06-06,4,3,1
2017-06-06,2,0,2
2017-06-06,20,12,8
2017-06-06,57,29,28
2017-06-06,114,63,51
2017-06-06,169,71,98
2017-06-06,108,44,64
2017-06-06,40,16,24
2017-06-06,25,10,15
2017-06-06,37,17,20
2017-06-06,29,14,15
2017-06-06,45,23,22
2017-06-06,71,33,38
2017-06-06,152,47,105
2017-06-06,244,61,183
2017-06-06,139,51,88
2017-06-06,54,16,38
2017-06-06,28,12,16
2017-06-06,8,2,6
2017-06-06,22,17,5
2017-06-06,6,4,2
2017-06-07,1,1,0
2017-06-07,2,2,0
2017-06-07,3,2,1
2017-06-07,0,0,0
2017-06-07,1,1,0
2017-06-07,16,12,4
2017-06-07,51,28,23
2017-06-07,96,59,37
2017-06-07,187,84,103
2017-06-07,98,35,63
2017-06-07,69,19,50
2017-06-07,28,12,16
2017-06-07,38,21,17
2017-06-07,37,22,15
2017-06-07,32,13,19
2017-06-07,63,17,46
2017-06-07,154,42,112
2017-06-07,259,84,175
2017-06-07,134,47,87
2017-06-07,41,19,22
2017-06-07,24,11,13
2017-06-07,12,5,7
2017-06-07,22,16,6
2017-06-07,8,6,2
2017-06-08,2,1,1
2017-06-08,0,0,0
2017-06-08,0,0,0
2017-06-08,0,0,0
2017-06-08,1,0,1
2017-06-08,9,8,1
2017-06-08,29,17,12
2017-06-08,60,31,29
2017-06-08,65,19,46
2017-06-08,40,14,26
2017-06-08,19,11,8
2017-06-08,12,8,4
2017-06-08,16,13,3
2017-06-08,19,10,9
2017-06-08,16,8,8
2017-06-08,45,14,31
2017-06-08,75,19,56
2017-06-08,125,36,89
2017-06-08,69,26,43
2017-06-08,29,11,18
2017-06-08,15,7,8
2017-06-08,17,6,11
2017-06-08,15,11,4
2017-06-08,5,3,2
2017-06-09,4,2,2
2017-06-09,0,0,0
2017-06-09,0,0,0
2017-06-09,1,0,1
2017-06-09,2,1,1
2017-06-09,9,6,3
2017-06-09,39,27,12
2017-06-09,78,41,37
2017-06-09,110,44,66
2017-06-09,66,29,37
2017-06-09,23,10,13
2017-06-09,36,23,13
2017-06-09,29,9,20
2017-06-09,31,16,15
2017-06-09,36,16,20
2017-06-09,58,16,42
2017-06-09,122,43,79
2017-06-09,146,52,94
2017-06-09,80,25,55
2017-06-09,33,15,18
2017-06-09,17,8,9
2017-06-09,9,5,4
2017-06-09,14,9,5
2017-06-09,9,4,5
2017-06-10,2,1,1
2017-06-10,2,0,2
2017-06-10,3,0,3
2017-06-10,0,0,0
2017-06-10,0,0,0
2017-06-10,0,0,0
2017-06-10,3,3,0
2017-06-10,9,4,5
2017-06-10,16,8,8
2017-06-10,12,3,9
2017-06-10,16,4,12
2017-06-10,33,21,12
2017-06-10,29,19,10
2017-06-10,45,31,14
2017-06-10,30,13,17
2017-06-10,34,14,20
2017-06-10,47,25,22
2017-06-10,30,14,16
2017-06-10,30,12,18
2017-06-10,20,8,12
2017-06-10,11,6,5
2017-06-10,6,4,2
2017-06-10,17,9,8
2017-06-10,9,6,3
2017-06-11,2,2,0
2017-06-11,1,1,0
2017-06-11,1,1,0
2017-06-11,0,0,0
2017-06-11,0,0,0
2017-06-11,1,1,0
2017-06-11,4,1,3
2017-06-11,7,3,4
2017-06-11,11,7,4
2017-06-11,18,3,15
2017-06-11,25,11,14
2017-06-11,18,7,11
2017-06-11,29,12,17
2017-06-11,25,9,16
2017-06-11,20,12,8
2017-06-11,41,28,13
2017-06-11,33,16,17
2017-06-11,20,14,6
2017-06-11,22,13,9
2017-06-11,11,7,4
2017-06-11,8,6,2
2017-06-11,7,6,1
2017-06-11,5,2,3
2017-06-11,3,1,2
2017-06-12,4,2,2
2017-06-12,1,1,0
2017-06-12,1,0,1
2017-06-12,0,0,0
2017-06-12,0,0,0
2017-06-12,14,8,6
2017-06-12,31,16,15
2017-06-12,102,45,57
2017-06-12,140,66,74
2017-06-12,87,47,40
2017-06-12,31,20,11
2017-06-12,28,16,12
2017-06-12,39,20,19
2017-06-12,17,9,8
2017-06-12,30,12,18
2017-06-12,50,12,38
2017-06-12,128,33,95
2017-06-12,188,64,124
2017-06-12,101,36,65
2017-06-12,27,13,14
2017-06-12,17,9,8
2017-06-12,8,4,4
2017-06-12,1,0,1
2017-06-12,3,0,3
2017-06-13,1,0,1
2017-06-13,1,1,0
2017-06-13,0,0,0
2017-06-13,0,0,0
2017-06-13,3,1,2
2017-06-13,15,12,3
2017-06-13,31,17,14
2017-06-13,92,47,45
2017-06-13,116,50,66
2017-06-13,70,34,36
2017-06-13,27,14,13
2017-06-13,25,15,10
2017-06-13,31,18,13
2017-06-13,32,12,20
2017-06-13,34,11,23
2017-06-13,47,18,29
2017-06-13,134,50,84
2017-06-13,172,52,120
2017-06-13,76,29,47
2017-06-13,39,18,21
2017-06-13,12,6,6
2017-06-13,8,5,3
2017-06-13,7,2,5
2017-06-13,2,0,2
2017-06-14,1,1,0
2017-06-14,5,4,1
2017-06-14,1,0,1
2017-06-14,1,1,0
2017-06-14,2,1,1
2017-06-14,14,11,3
2017-06-14,44,28,16
2017-06-14,124,61,63
2017-06-14,140,64,76
2017-06-14,78,41,37
2017-06-14,37,21,16
2017-06-14,22,10,12
2017-06-14,22,13,9
2017-06-14,28,14,14
2017-06-14,42,21,21
2017-06-14,68,19,49
2017-06-14,150,41,109
2017-06-14,183,62,121
2017-06-14,115,48,67
2017-06-14,42,14,28
2017-06-14,24,7,17
2017-06-14,22,8,14
2017-06-14,8,7,1
2017-06-14,1,0,1
2017-06-15,3,0,3
2017-06-15,3,2,1
2017-06-15,0,0,0
2017-06-15,1,0,1
2017-06-15,1,0,1
2017-06-15,7,5,2
2017-06-15,29,18,11
2017-06-15,57,36,21
2017-06-15,73,36,37
2017-06-15,48,21,27
2017-06-15,16,10,6
2017-06-15,12,5,7
2017-06-15,9,6,3
2017-06-15,19,8,11
2017-06-15,24,15,9
2017-06-15,38,16,22
2017-06-15,77,24,53
2017-06-15,99,33,66
2017-06-15,60,14,46
2017-06-15,17,6,11
2017-06-15,5,1,4
2017-06-15,5,1,4
2017-06-15,3,1,2
2017-06-15,1,1,0
2017-06-16,0,0,0
2017-06-16,2,1,1
2017-06-16,0,0,0
2017-06-16,1,1,0
2017-06-16,0,0,0
2017-06-16,6,6,0
2017-06-16,34,21,13
2017-06-16,70,33,37
2017-06-16,99,43,56
2017-06-16,66,28,38
2017-06-16,24,10,14
2017-06-16,37,25,12
2017-06-16,27,8,19
2017-06-16,44,25,19
2017-06-16,41,18,23
2017-06-16,68,14,54
2017-06-16,116,37,79
2017-06-16,161,52,109
2017-06-16,66,31,35
2017-06-16,28,14,14
2017-06-16,15,4,11
2017-06-16,10,5,5
2017-06-16,7,1,6
2017-06-16,5,3,2
2017-06-17,0,0,0
2017-06-17,3,2,1
2017-06-17,0,0,0
2017-06-17,1,1,0
2017-06-17,1,0,1
2017-06-17,0,0,0
2017-06-17,2,2,0
2017-06-17,9,6,3
2017-06-17,36,10,26
2017-06-17,12,0,12
2017-06-17,23,15,8
2017-06-17,45,31,14
2017-06-17,28,16,12
2017-06-17,50,41,9
2017-06-17,33,10,23
2017-06-17,20,7,13
2017-06-17,32,15,17
2017-06-17,23,9,14
2017-06-17,21,11,10
2017-06-17,12,4,8
2017-06-17,10,5,5
2017-06-17,7,3,4
2017-06-17,6,5,1
2017-06-17,2,2,0
2017-06-18,4,1,3
2017-06-18,0,0,0
2017-06-18,1,1,0
2017-06-18,1,0,1
2017-06-18,0,0,0
2017-06-18,2,1,1
2017-06-18,3,0,3
2017-06-18,7,5,2
2017-06-18,17,6,11
2017-06-18,13,5,8
2017-06-18,16,6,10
2017-06-18,22,13,9
2017-06-18,22,15,7
2017-06-18,19,8,11
2017-06-18,24,10,14
2017-06-18,15,5,10
2017-06-18,9,4,5
2017-06-18,19,10,9
2017-06-18,22,9,13
2017-06-18,18,9,9
2017-06-18,7,2,5
2017-06-18,12,6,6
2017-06-18,7,6,1
2017-06-18,2,0,2
2017-06-19,0,0,0
2017-06-19,0,0,0
2017-06-19,0,0,0
2017-06-19,1,0,1
2017-06-19,1,0,1
2017-06-19,15,11,4
2017-06-19,35,17,18
2017-06-19,89,43,46
2017-06-19,128,68,60
2017-06-19,80,36,44
2017-06-19,24,14,10
2017-06-19,26,15,11
2017-06-19,23,11,12
2017-06-19,32,19,13
2017-06-19,24,8,16
2017-06-19,57,17,40
2017-06-19,135,35,100
2017-06-19,220,68,152
2017-06-19,102,32,70
2017-06-19,34,11,23
2017-06-19,11,5,6
2017-06-19,6,3,3
2017-06-19,8,5,3
2017-06-19,6,3,3
2017-06-20,2,2,0
2017-06-20,2,2,0
2017-06-20,0,0,0
2017-06-20,0,0,0
2017-06-20,3,0,3
2017-06-20,11,9,2
2017-06-20,51,29,22
2017-06-20,89,52,37
2017-06-20,103,42,61
2017-06-20,78,30,48
2017-06-20,26,11,15
2017-06-20,27,16,11
2017-06-20,27,15,12
2017-06-20,21,8,13
2017-06-20,34,11,23
2017-06-20,57,14,43
2017-06-20,131,50,81
2017-06-20,175,48,127
2017-06-20,83,35,48
2017-06-20,39,15,24
2017-06-20,9,2,7
2017-06-20,8,2,6
2017-06-20,9,2,7
2017-06-20,4,1,3
2017-06-21,0,0,0
2017-06-21,0,0,0
2017-06-21,0,0,0
2017-06-21,1,0,1
2017-06-21,1,0,1
2017-06-21,13,11,2
2017-06-21,49,29,20
2017-06-21,92,43,49
2017-06-21,131,67,64
2017-06-21,93,39,54
2017-06-21,48,26,22
2017-06-21,26,13,13
2017-06-21,34,13,21
2017-06-21,31,15,16
2017-06-21,38,15,23
2017-06-21,81,17,64
2017-06-21,149,44,105
2017-06-21,236,68,168
2017-06-21,123,36,87
2017-06-21,60,16,44
2017-06-21,13,8,5
2017-06-21,34,25,9
2017-06-21,15,11,4
2017-06-21,5,2,3
2017-06-22,2,1,1
2017-06-22,0,0,0
2017-06-22,0,0,0
2017-06-22,1,1,0
2017-06-22,1,0,1
2017-06-22,11,8,3
2017-06-22,50,29,21
2017-06-22,107,48,59
2017-06-22,148,58,90
2017-06-22,95,42,53
2017-06-22,26,11,15
2017-06-22,26,12,14
2017-06-22,52,29,23
2017-06-22,38,17,21
2017-06-22,39,15,24
2017-06-22,74,24,50
2017-06-22,147,44,103
2017-06-22,191,67,124
2017-06-22,103,34,69
2017-06-22,53,23,30
2017-06-22,32,18,14
2017-06-22,10,3,7
2017-06-22,17,12,5
2017-06-22,3,3,0
2017-06-23,1,0,1
2017-06-23,2,2,0
2017-06-23,1,0,1
2017-06-23,0,0,0
2017-06-23,2,0,2
2017-06-23,13,9,4
2017-06-23,33,21,12
2017-06-23,92,43,49
2017-06-23,108,42,66
2017-06-23,66,34,32
2017-06-23,34,18,16
2017-06-23,37,18,19
2017-06-23,35,16,19
2017-06-23,36,14,22
2017-06-23,48,12,36
2017-06-23,99,43,56
2017-06-23,130,44,86
2017-06-23,169,57,112
2017-06-23,69,11,58
2017-06-23,48,21,27
2017-06-23,12,8,4
2017-06-23,14,7,7
2017-06-23,8,2,6
2017-06-23,6,3,3
2017-06-24,4,3,1
2017-06-24,3,1,2
2017-06-24,2,2,0
2017-06-24,2,1,1
2017-06-24,0,0,0
2017-06-24,0,0,0
2017-06-24,6,3,3
2017-06-24,11,3,8
2017-06-24,16,3,13
2017-06-24,26,7,19
2017-06-24,44,11,33
2017-06-24,32,11,21
2017-06-24,38,16,22
2017-06-24,31,19,12
2017-06-24,38,15,23
2017-06-24,24,11,13
2017-06-24,35,15,20
2017-06-24,23,10,13
2017-06-24,21,8,13
2017-06-24,16,8,8
2017-06-24,8,4,4
2017-06-24,6,4,2
2017-06-24,10,7,3
2017-06-24,9,6,3
2017-06-25,3,2,1
2017-06-25,3,2,1
2017-06-25,2,2,0
2017-06-25,0,0,0
2017-06-25,1,1,0
2017-06-25,1,1,0
2017-06-25,2,0,2
2017-06-25,9,4,5
2017-06-25,11,6,5
2017-06-25,12,4,8
2017-06-25,19,10,9
2017-06-25,21,13,8
2017-06-25,20,14,6
2017-06-25,36,21,15
2017-06-25,28,13,15
2017-06-25,10,5,5
2017-06-25,21,10,11
2017-06-25,39,23,16
2017-06-25,22,14,8
2017-06-25,9,4,5
2017-06-25,12,7,5
2017-06-25,11,8,3
2017-06-25,17,13,4
2017-06-25,5,2,3
2017-06-26,2,0,2
2017-06-26,0,0,0
2017-06-26,1,1,0
2017-06-26,0,0,0
2017-06-26,2,1,1
2017-06-26,14,11,3
2017-06-26,49,27,22
2017-06-26,96,39,57
2017-06-26,140,63,77
2017-06-26,85,31,54
2017-06-26,19,8,11
2017-06-26,30,18,12
2017-06-26,26,13,13
2017-06-26,28,11,17
2017-06-26,41,19,22
2017-06-26,67,23,44
2017-06-26,144,38,106
2017-06-26,195,67,128
2017-06-26,89,32,57
2017-06-26,31,16,15
2017-06-26,16,7,9
2017-06-26,8,2,6
2017-06-26,3,1,2
2017-06-26,5,3,2
2017-06-27,1,1,0
2017-06-27,0,0,0
2017-06-27,0,0,0
2017-06-27,1,0,1
2017-06-27,1,0,1
2017-06-27,10,8,2
2017-06-27,45,26,19
2017-06-27,107,48,59
2017-06-27,152,66,86
2017-06-27,89,45,44
2017-06-27,26,12,14
2017-06-27,40,23,17
2017-06-27,23,12,11
2017-06-27,24,6,18
2017-06-27,35,13,22
2017-06-27,72,17,55
2017-06-27,129,35,94
2017-06-27,223,67,156
2017-06-27,125,44,81
2017-06-27,56,12,44
2017-06-27,30,19,11
2017-06-27,13,6,7
2017-06-27,12,9,3
2017-06-27,5,5,0
2017-06-28,2,0,2
2017-06-28,3,2,1
2017-06-28,1,0,1
2017-06-28,0,0,0
2017-06-28,3,2,1
2017-06-28,15,10,5
2017-06-28,42,23,19
2017-06-28,86,39,47
2017-06-28,124,50,74
2017-06-28,88,40,48
2017-06-28,41,22,19
2017-06-28,31,16,15
2017-06-28,62,24,38
2017-06-28,33,17,16
2017-06-28,37,17,20
2017-06-28,77,30,47
2017-06-28,132,42,90
2017-06-28,211,62,149
2017-06-28,139,49,90
2017-06-28,33,16,17
2017-06-28,26,12,14
2017-06-28,9,6,3
2017-06-28,6,3,3
2017-06-28,5,4,1
2017-06-29,0,0,0
2017-06-29,1,0,1
2017-06-29,4,2,2
2017-06-29,1,0,1
2017-06-29,2,1,1
2017-06-29,11,6,5
2017-06-29,35,20,15
2017-06-29,92,40,52
2017-06-29,123,57,66
2017-06-29,80,36,44
2017-06-29,35,16,19
2017-06-29,41,22,19
2017-06-29,39,19,20
2017-06-29,35,17,18
2017-06-29,47,19,28
2017-06-29,67,19,48
2017-06-29,156,47,109
2017-06-29,198,78,120
2017-06-29,96,28,68
2017-06-29,43,17,26
2017-06-29,21,10,11
2017-06-29,14,6,8
2017-06-29,5,1,4
2017-06-29,8,2,6
2017-06-30,2,1,1
2017-06-30,0,0,0
2017-06-30,1,0,1
2017-06-30,0,0,0
2017-06-30,1,1,0
2017-06-30,12,6,6
2017-06-30,28,18,10
2017-06-30,76,43,33
2017-06-30,130,54,76
2017-06-30,75,32,43
2017-06-30,32,21,11
2017-06-30,44,22,22
2017-06-30,42,19,23
2017-06-30,52,21,31
2017-06-30,60,29,31
2017-06-30,91,32,59
2017-06-30,116,32,84
2017-06-30,147,58,89
2017-06-30,74,30,44
2017-06-30,35,14,21
2017-06-30,15,6,9
2017-06-30,17,9,8
2017-06-30,4,2,2
2017-06-30,3,1,2
2017-07-01,5,4,1
2017-07-01,7,3,4
2017-07-01,3,2,1
2017-07-01,0,0,0
2017-07-01,0,0,0
2017-07-01,1,1,0
2017-07-01,8,5,3
2017-07-01,11,9,2
2017-07-01,17,4,13
2017-07-01,15,10,5
2017-07-01,18,5,13
2017-07-01,17,7,10
2017-07-01,27,15,12
2017-07-01,39,19,20
2017-07-01,20,11,9
2017-07-01,32,15,17
2017-07-01,40,25,15
2017-07-01,27,15,12
2017-07-01,18,7,11
2017-07-01,13,7,6
2017-07-01,13,9,4
2017-07-01,11,6,5
2017-07-01,6,3,3
2017-07-01,6,2,4
2017-07-02,4,3,1
2017-07-02,1,1,0
2017-07-02,0,0,0
2017-07-02,0,0,0
2017-07-02,1,1,0
2017-07-02,1,0,1
2017-07-02,1,1,0
2017-07-02,5,3,2
2017-07-02,6,1,5
2017-07-02,10,2,8
2017-07-02,17,8,9
2017-07-02,24,11,13
2017-07-02,20,14,6
2017-07-02,17,10,7
2017-07-02,22,11,11
2017-07-02,27,12,15
2017-07-02,25,11,14
2017-07-02,20,11,9
2017-07-02,19,12,7
2017-07-02,17,7,10
2017-07-02,8,2,6
2017-07-02,8,6,2
2017-07-02,7,4,3
2017-07-02,7,4,3
2017-07-03,4,4,0
2017-07-03,2,1,1
2017-07-03,0,0,0
2017-07-03,1,0,1
2017-07-03,0,0,0
2017-07-03,6,6,0
2017-07-03,10,5,5
2017-07-03,39,22,17
2017-07-03,65,25,40
2017-07-03,42,16,26
2017-07-03,31,11,20
2017-07-03,17,11,6
2017-07-03,27,9,18
2017-07-03,31,11,20
2017-07-03,49,18,31
2017-07-03,53,17,36
2017-07-03,65,19,46
2017-07-03,76,29,47
2017-07-03,48,18,30
2017-07-03,17,5,12
2017-07-03,28,16,12
2017-07-03,7,2,5
2017-07-03,16,10,6
2017-07-03,5,3,2
2017-07-04,7,1,6
2017-07-04,1,0,1
2017-07-04,0,0,0
2017-07-04,0,0,0
2017-07-04,1,1,0
2017-07-04,1,0,1
2017-07-04,7,5,2
2017-07-04,4,2,2
2017-07-04,14,6,8
2017-07-04,11,5,6
2017-07-04,28,12,16
2017-07-04,16,5,11
2017-07-04,24,8,16
2017-07-04,35,12,23
2017-07-04,39,11,28
2017-07-04,32,14,18
2017-07-04,18,7,11
2017-07-04,10,5,5
2017-07-04,18,11,7
2017-07-04,18,13,5
2017-07-04,16,10,6
2017-07-04,6,4,2
2017-07-04,7,4,3
2017-07-04,13,1,12
2017-07-05,7,2,5
2017-07-05,1,0,1
2017-07-05,0,0,0
2017-07-05,2,1,1
2017-07-05,2,1,1
2017-07-05,14,10,4
2017-07-05,26,13,13
2017-07-05,76,40,36
2017-07-05,124,52,72
2017-07-05,69,26,43
2017-07-05,26,14,12
2017-07-05,28,11,17
2017-07-05,33,13,20
2017-07-05,33,19,14
2017-07-05,38,18,20
2017-07-05,47,18,29
2017-07-05,127,44,83
2017-07-05,167,58,109
2017-07-05,105,40,65
2017-07-05,29,16,13
2017-07-05,20,9,11
2017-07-05,10,7,3
2017-07-05,9,7,2
2017-07-05,6,5,1
2017-07-06,3,2,1
2017-07-06,0,0,0
2017-07-06,1,1,0
2017-07-06,0,0,0
2017-07-06,1,0,1
2017-07-06,10,6,4
2017-07-06,40,25,15
2017-07-06,88,47,41
2017-07-06,151,69,82
2017-07-06,81,35,46
2017-07-06,29,13,16
2017-07-06,38,20,18
2017-07-06,24,9,15
2017-07-06,38,16,22
2017-07-06,40,19,21
2017-07-06,79,24,55
2017-07-06,137,44,93
2017-07-06,205,66,139
2017-07-06,134,47,87
2017-07-06,51,22,29
2017-07-06,21,11,10
2017-07-06,14,4,10
2017-07-06,15,9,6
2017-07-06,2,1,1
2017-07-07,6,1,5
2017-07-07,3,2,1
2017-07-07,2,0,2
2017-07-07,0,0,0
2017-07-07,2,1,1
2017-07-07,8,4,4
2017-07-07,41,22,19
2017-07-07,75,48,27
2017-07-07,123,43,80
2017-07-07,80,42,38
2017-07-07,23,13,10
2017-07-07,37,12,25
2017-07-07,40,21,19
2017-07-07,43,21,22
2017-07-07,37,14,23
2017-07-07,75,28,47
2017-07-07,129,42,87
2017-07-07,159,52,107
2017-07-07,113,44,69
2017-07-07,35,17,18
2017-07-07,28,13,15
2017-07-07,13,9,4
2017-07-07,11,10,1
2017-07-07,5,5,0
2017-07-08,1,0,1
2017-07-08,2,1,1
2017-07-08,1,0,1
2017-07-08,0,0,0
2017-07-08,0,0,0
2017-07-08,0,0,0
2017-07-08,1,1,0
2017-07-08,20,9,11
2017-07-08,10,5,5
2017-07-08,14,5,9
2017-07-08,27,3,24
2017-07-08,43,6,37
2017-07-08,33,11,22
2017-07-08,33,15,18
2017-07-08,45,30,15
2017-07-08,48,31,17
2017-07-08,44,28,16
2017-07-08,29,17,12
2017-07-08,25,12,13
2017-07-08,15,9,6
2017-07-08,24,15,9
2017-07-08,14,5,9
2017-07-08,6,4,2
2017-07-08,6,2,4
2017-07-09,2,1,1
2017-07-09,0,0,0
2017-07-09,0,0,0
2017-07-09,1,0,1
2017-07-09,0,0,0
2017-07-09,0,0,0
2017-07-09,3,0,3
2017-07-09,7,4,3
2017-07-09,10,7,3
2017-07-09,18,6,12
2017-07-09,12,4,8
2017-07-09,25,8,17
2017-07-09,27,9,18
2017-07-09,31,15,16
2017-07-09,25,10,15
2017-07-09,22,6,16
2017-07-09,33,23,10
2017-07-09,25,15,10
2017-07-09,18,10,8
2017-07-09,16,12,4
2017-07-09,8,4,4
2017-07-09,8,8,0
2017-07-09,6,2,4
2017-07-09,3,3,0
2017-07-10,3,1,2
2017-07-10,0,0,0
2017-07-10,0,0,0
2017-07-10,2,0,2
2017-07-10,2,0,2
2017-07-10,9,6,3
2017-07-10,44,31,13
2017-07-10,91,41,50
2017-07-10,149,66,83
2017-07-10,90,51,39
2017-07-10,25,12,13
2017-07-10,44,20,24
2017-07-10,16,13,3
2017-07-10,34,16,18
2017-07-10,31,11,20
2017-07-10,51,18,33
2017-07-10,156,55,101
2017-07-10,225,69,156
2017-07-10,102,37,65
2017-07-10,38,16,22
2017-07-10,25,14,11
2017-07-10,11,4,7
2017-07-10,2,0,2
2017-07-10,3,3,0
2017-07-11,2,1,1
2017-07-11,2,2,0
2017-07-11,0,0,0
2017-07-11,2,1,1
2017-07-11,2,1,1
2017-07-11,12,10,2
2017-07-11,40,19,21
2017-07-11,103,66,37
2017-07-11,168,68,100
2017-07-11,88,36,52
2017-07-11,19,8,11
2017-07-11,29,11,18
2017-07-11,44,25,19
2017-07-11,27,15,12
2017-07-11,47,24,23
2017-07-11,75,29,46
2017-07-11,151,39,112
2017-07-11,226,72,154
2017-07-11,109,36,73
2017-07-11,52,17,35
2017-07-11,26,11,15
2017-07-11,10,3,7
2017-07-11,15,6,9
2017-07-11,2,0,2
2017-07-12,4,2,2
2017-07-12,2,2,0
2017-07-12,0,0,0
2017-07-12,1,0,1
2017-07-12,1,0,1
2017-07-12,13,7,6
2017-07-12,49,26,23
2017-07-12,96,51,45
2017-07-12,176,78,98
2017-07-12,91,44,47
2017-07-12,35,20,15
2017-07-12,33,12,21
2017-07-12,36,16,20
2017-07-12,44,19,25
2017-07-12,43,21,22
2017-07-12,82,35,47
2017-07-12,182,48,134
2017-07-12,214,67,147
2017-07-12,122,38,84
2017-07-12,59,15,44
2017-07-12,30,11,19
2017-07-12,12,5,7
2017-07-12,11,8,3
2017-07-12,5,2,3
2017-07-13,1,1,0
2017-07-13,1,0,1
2017-07-13,0,0,0
2017-07-13,0,0,0
2017-07-13,1,1,0
2017-07-13,10,6,4
2017-07-13,41,21,20
2017-07-13,98,48,50
2017-07-13,153,70,83
2017-07-13,70,27,43
2017-07-13,45,17,28
2017-07-13,32,17,15
2017-07-13,51,26,25
2017-07-13,43,22,21
2017-07-13,30,12,18
2017-07-13,71,16,55
2017-07-13,133,46,87
2017-07-13,170,56,114
2017-07-13,115,34,81
2017-07-13,47,19,28
2017-07-13,31,9,22
2017-07-13,17,9,8
2017-07-13,10,6,4
2017-07-13,5,1,4
2017-07-14,2,2,0
2017-07-14,0,0,0
2017-07-14,0,0,0
2017-07-14,1,0,1
2017-07-14,2,1,1
2017-07-14,10,7,3
2017-07-14,36,22,14
2017-07-14,91,40,51
2017-07-14,125,63,62
2017-07-14,80,36,44
2017-07-14,30,14,16
2017-07-14,38,18,20
2017-07-14,46,21,25
2017-07-14,42,14,28
2017-07-14,50,21,29
2017-07-14,79,23,56
2017-07-14,151,55,96
2017-07-14,144,47,97
2017-07-14,92,28,64
2017-07-14,29,13,16
2017-07-14,17,8,9
2017-07-14,10,6,4
2017-07-14,13,6,7
2017-07-14,3,3,0
2017-07-15,3,1,2
2017-07-15,2,2,0
2017-07-15,2,2,0
2017-07-15,1,0,1
2017-07-15,0,0,0
2017-07-15,0,0,0
2017-07-15,3,1,2
2017-07-15,19,9,10
2017-07-15,26,6,20
2017-07-15,18,11,7
2017-07-15,13,4,9
2017-07-15,29,4,25
2017-07-15,36,19,17
2017-07-15,32,17,15
2017-07-15,23,11,12
2017-07-15,40,17,23
2017-07-15,51,31,20
2017-07-15,31,21,10
2017-07-15,16,6,10
2017-07-15,19,13,6
2017-07-15,10,3,7
2017-07-15,4,2,2
2017-07-15,5,0,5
2017-07-15,6,1,5
2017-07-16,2,1,1
2017-07-16,3,2,1
2017-07-16,6,5,1
2017-07-16,0,0,0
2017-07-16,2,1,1
2017-07-16,0,0,0
2017-07-16,2,0,2
2017-07-16,4,3,1
2017-07-16,7,4,3
2017-07-16,11,5,6
2017-07-16,15,7,8
2017-07-16,30,11,19
2017-07-16,27,6,21
2017-07-16,25,9,16
2017-07-16,22,17,5
2017-07-16,25,14,11
2017-07-16,30,12,18
2017-07-16,16,9,7
2017-07-16,22,12,10
2017-07-16,17,10,7
2017-07-16,8,5,3
2017-07-16,9,4,5
2017-07-16,5,3,2
2017-07-16,0,0,0
2017-07-17,6,3,3
2017-07-17,1,1,0
2017-07-17,0,0,0
2017-07-17,2,1,1
2017-07-17,1,0,1
2017-07-17,12,10,2
2017-07-17,37,21,16
2017-07-17,104,54,50
2017-07-17,138,61,77
2017-07-17,89,42,47
2017-07-17,32,16,16
2017-07-17,38,19,19
2017-07-17,39,21,18
2017-07-17,42,21,21
2017-07-17,18,10,8
2017-07-17,61,18,43
2017-07-17,152,45,107
2017-07-17,221,67,154
2017-07-17,119,44,75
2017-07-17,40,17,23
2017-07-17,21,12,9
2017-07-17,12,2,10
2017-07-17,9,3,6
2017-07-17,5,1,4
2017-07-18,2,1,1
2017-07-18,0,0,0
2017-07-18,4,0,4
2017-07-18,1,0,1
2017-07-18,3,3,0
2017-07-18,16,13,3
2017-07-18,43,24,19
2017-07-18,112,57,55
2017-07-18,148,60,88
2017-07-18,103,38,65
2017-07-18,39,23,16
2017-07-18,32,15,17
2017-07-18,31,18,13
2017-07-18,34,15,19
2017-07-18,38,22,16
2017-07-18,70,15,55
2017-07-18,164,44,120
2017-07-18,248,82,166
2017-07-18,139,46,93
2017-07-18,45,18,27
2017-07-18,35,19,16
2017-07-18,19,12,7
2017-07-18,12,6,6
2017-07-18,4,1,3
2017-07-19,4,2,2
2017-07-19,0,0,0
2017-07-19,2,2,0
2017-07-19,0,0,0
2017-07-19,1,0,1
2017-07-19,18,11,7
2017-07-19,36,25,11
2017-07-19,95,46,49
2017-07-19,138,68,70
2017-07-19,95,47,48
2017-07-19,34,18,16
2017-07-19,27,12,15
2017-07-19,47,23,24
2017-07-19,23,10,13
2017-07-19,41,16,25
2017-07-19,67,18,49
2017-07-19,161,46,115
2017-07-19,237,73,164
2017-07-19,157,47,110
2017-07-19,69,14,55
2017-07-19,22,14,8
2017-07-19,37,28,9
2017-07-19,19,16,3
2017-07-19,7,4,3
2017-07-20,1,0,1
2017-07-20,0,0,0
2017-07-20,2,1,1
2017-07-20,1,1,0
2017-07-20,2,0,2
2017-07-20,7,5,2
2017-07-20,36,20,16
2017-07-20,105,58,47
2017-07-20,133,64,69
2017-07-20,79,38,41
2017-07-20,36,15,21
2017-07-20,30,16,14
2017-07-20,42,19,23
2017-07-20,35,22,13
2017-07-20,33,13,20
2017-07-20,54,21,33
2017-07-20,129,31,98
2017-07-20,217,72,145
2017-07-20,108,30,78
2017-07-20,43,16,27
2017-07-20,45,22,23
2017-07-20,17,10,7
2017-07-20,17,7,10
2017-07-20,13,9,4
2017-07-21,4,3,1
2017-07-21,0,0,0
2017-07-21,0,0,0
2017-07-21,0,0,0
2017-07-21,2,1,1
2017-07-21,7,5,2
2017-07-21,37,21,16
2017-07-21,76,32,44
2017-07-21,111,54,57
2017-07-21,95,43,52
2017-07-21,30,14,16
2017-07-21,79,66,13
2017-07-21,42,18,24
2017-07-21,47,29,18
2017-07-21,51,18,33
2017-07-21,74,27,47
2017-07-21,143,52,91
2017-07-21,144,55,89
2017-07-21,81,19,62
2017-07-21,39,12,27
2017-07-21,26,7,19
2017-07-21,14,5,9
2017-07-21,13,8,5
2017-07-21,3,2,1
2017-07-22,5,2,3
2017-07-22,4,1,3
2017-07-22,4,3,1
2017-07-22,0,0,0
2017-07-22,0,0,0
2017-07-22,2,2,0
2017-07-22,6,3,3
2017-07-22,17,9,8
2017-07-22,21,9,12
2017-07-22,12,6,6
2017-07-22,14,5,9
2017-07-22,22,8,14
2017-07-22,30,8,22
2017-07-22,36,22,14
2017-07-22,41,15,26
2017-07-22,34,17,17
2017-07-22,33,12,21
2017-07-22,27,8,19
2017-07-22,24,12,12
2017-07-22,15,9,6
2017-07-22,17,11,6
2017-07-22,16,9,7
2017-07-22,12,10,2
2017-07-22,5,3,2
2017-07-23,12,9,3
2017-07-23,1,1,0
2017-07-23,6,3,3
2017-07-23,2,1,1
2017-07-23,5,3,2
2017-07-23,1,1,0
2017-07-23,2,1,1
2017-07-23,7,5,2
2017-07-23,11,6,5
2017-07-23,11,3,8
2017-07-23,19,9,10
2017-07-23,24,9,15
2017-07-23,25,6,19
2017-07-23,35,13,22
2017-07-23,35,20,15
2017-07-23,26,10,16
2017-07-23,42,17,25
2017-07-23,28,16,12
2017-07-23,27,4,23
2017-07-23,31,12,19
2017-07-23,8,6,2
2017-07-23,25,22,3
2017-07-23,8,7,1
2017-07-23,6,3,3
2017-07-24,3,3,0
2017-07-24,0,0,0
2017-07-24,0,0,0
2017-07-24,0,0,0
2017-07-24,3,2,1
2017-07-24,12,8,4
2017-07-24,53,33,20
2017-07-24,112,53,59
2017-07-24,121,58,63
2017-07-24,98,54,44
2017-07-24,45,22,23
2017-07-24,28,17,11
2017-07-24,53,22,31
2017-07-24,22,9,13
2017-07-24,32,16,16
2017-07-24,64,23,41
2017-07-24,187,54,133
2017-07-24,221,57,164
2017-07-24,115,30,85
2017-07-24,44,17,27
2017-07-24,20,11,9
2017-07-24,8,4,4
2017-07-24,13,10,3
2017-07-24,6,3,3
2017-07-25,2,1,1
2017-07-25,1,0,1
2017-07-25,1,1,0
2017-07-25,1,0,1
2017-07-25,1,0,1
2017-07-25,15,11,4
2017-07-25,47,25,22
2017-07-25,117,66,51
2017-07-25,165,67,98
2017-07-25,99,48,51
2017-07-25,25,14,11
2017-07-25,38,15,23
2017-07-25,22,7,15
2017-07-25,34,16,18
2017-07-25,38,16,22
2017-07-25,79,23,56
2017-07-25,195,61,134
2017-07-25,232,71,161
2017-07-25,158,36,122
2017-07-25,50,21,29
2017-07-25,18,9,9
2017-07-25,12,7,5
2017-07-25,10,7,3
2017-07-25,4,0,4
2017-07-26,8,6,2
2017-07-26,1,1,0
2017-07-26,1,1,0
2017-07-26,0,0,0
2017-07-26,6,5,1
2017-07-26,10,6,4
2017-07-26,57,33,24
2017-07-26,103,50,53
2017-07-26,120,69,51
2017-07-26,70,44,26
2017-07-26,38,20,18
2017-07-26,42,20,22
2017-07-26,57,27,30
2017-07-26,33,15,18
2017-07-26,45,17,28
2017-07-26,75,30,45
2017-07-26,171,67,104
2017-07-26,234,78,156
2017-07-26,110,35,75
2017-07-26,56,27,29
2017-07-26,22,10,12
2017-07-26,22,11,11
2017-07-26,8,5,3
2017-07-26,6,2,4
2017-07-27,2,2,0
2017-07-27,1,1,0
2017-07-27,0,0,0
2017-07-27,0,0,0
2017-07-27,2,1,1
2017-07-27,11,7,4
2017-07-27,43,21,22
2017-07-27,83,50,33
2017-07-27,108,52,56
2017-07-27,75,38,37
2017-07-27,41,21,20
2017-07-27,32,22,10
2017-07-27,38,25,13
2017-07-27,29,18,11
2017-07-27,43,17,26
2017-07-27,79,20,59
2017-07-27,156,41,115
2017-07-27,199,64,135
2017-07-27,100,25,75
2017-07-27,51,19,32
2017-07-27,17,8,9
2017-07-27,26,15,11
2017-07-27,11,7,4
2017-07-27,0,0,0
2017-07-28,3,1,2
2017-07-28,0,0,0
2017-07-28,1,1,0
2017-07-28,1,1,0
2017-07-28,4,2,2
2017-07-28,12,10,2
2017-07-28,40,22,18
2017-07-28,88,41,47
2017-07-28,120,62,58
2017-07-28,82,40,42
2017-07-28,43,24,19
2017-07-28,36,21,15
2017-07-28,42,23,19
2017-07-28,45,18,27
2017-07-28,46,18,28
2017-07-28,69,24,45
2017-07-28,128,44,84
2017-07-28,177,61,116
2017-07-28,102,30,72
2017-07-28,28,12,16
2017-07-28,23,8,15
2017-07-28,21,8,13
2017-07-28,4,4,0
2017-07-28,9,6,3
2017-07-29,4,2,2
2017-07-29,4,1,3
2017-07-29,4,0,4
2017-07-29,2,0,2
2017-07-29,0,0,0
2017-07-29,2,2,0
2017-07-29,4,1,3
2017-07-29,19,8,11
2017-07-29,17,8,9
2017-07-29,21,8,13
2017-07-29,21,6,15
2017-07-29,32,15,17
2017-07-29,41,10,31
2017-07-29,35,17,18
2017-07-29,36,11,25
2017-07-29,25,8,17
2017-07-29,57,33,24
2017-07-29,22,16,6
2017-07-29,28,10,18
2017-07-29,11,4,7
2017-07-29,8,5,3
2017-07-29,15,12,3
2017-07-29,17,3,14
2017-07-29,5,2,3
2017-07-30,7,3,4
2017-07-30,1,1,0
2017-07-30,1,0,1
2017-07-30,1,1,0
2017-07-30,0,0,0
2017-07-30,0,0,0
2017-07-30,3,1,2
2017-07-30,11,7,4
2017-07-30,15,7,8
2017-07-30,16,6,10
2017-07-30,19,10,9
2017-07-30,26,9,17
2017-07-30,48,20,28
2017-07-30,33,12,21
2017-07-30,28,19,9
2017-07-30,27,11,16
2017-07-30,41,30,11
2017-07-30,33,14,19
2017-07-30,17,9,8
2017-07-30,12,4,8
2017-07-30,8,5,3
2017-07-30,10,5,5
2017-07-30,10,6,4
2017-07-30,3,3,0
2017-07-31,2,1,1
2017-07-31,0,0,0
2017-07-31,0,0,0
2017-07-31,1,0,1
2017-07-31,1,0,1
2017-07-31,14,11,3
2017-07-31,36,21,15
2017-07-31,109,61,48
2017-07-31,151,65,86
2017-07-31,92,40,52
2017-07-31,38,17,21
2017-07-31,44,23,21
2017-07-31,24,14,10
2017-07-31,45,19,26
2017-07-31,37,15,22
2017-07-31,74,13,61
2017-07-31,156,48,108
2017-07-31,215,67,148
2017-07-31,131,45,86
2017-07-31,36,12,24
2017-07-31,19,13,6
2017-07-31,5,1,4
2017-07-31,8,7,1
2017-07-31,1,0,1
2017-08-01,1,0,1
2017-08-01,0,0,0
2017-08-01,2,2,0
2017-08-01,1,0,1
2017-08-01,0,0,0
2017-08-01,6,6,0
2017-08-01,51,31,20
2017-08-01,124,63,61
2017-08-01,164,72,92
2017-08-01,94,50,44
2017-08-01,40,15,25
2017-08-01,36,18,18
2017-08-01,35,16,19
2017-08-01,27,17,10
2017-08-01,22,4,18
2017-08-01,74,24,50
2017-08-01,172,42,130
2017-08-01,227,85,142
2017-08-01,114,37,77
2017-08-01,39,16,23
2017-08-01,28,12,16
2017-08-01,7,2,5
2017-08-01,6,3,3
2017-08-01,5,3,2
2017-08-02,2,1,1
2017-08-02,2,0,2
2017-08-02,1,0,1
2017-08-02,3,2,1
2017-08-02,1,0,1
2017-08-02,14,12,2
2017-08-02,46,25,21
2017-08-02,116,58,58
2017-08-02,147,64,83
2017-08-02,92,46,46
2017-08-02,41,21,20
2017-08-02,42,26,16
2017-08-02,33,15,18
2017-08-02,52,24,28
2017-08-02,43,20,23
2017-08-02,74,25,49
2017-08-02,164,58,106
2017-08-02,221,67,154
2017-08-02,110,38,72
2017-08-02,40,22,18
2017-08-02,22,11,11
2017-08-02,14,7,7
2017-08-02,9,5,4
2017-08-02,5,4,1
2017-08-03,0,0,0
2017-08-03,1,1,0
2017-08-03,1,0,1
2017-08-03,0,0,0
2017-08-03,2,1,1
2017-08-03,12,9,3
2017-08-03,29,15,14
2017-08-03,104,50,54
2017-08-03,115,49,66
2017-08-03,92,40,52
2017-08-03,44,18,26
2017-08-03,28,8,20
2017-08-03,49,34,15
2017-08-03,47,18,29
2017-08-03,42,14,28
2017-08-03,67,16,51
2017-08-03,131,46,85
2017-08-03,194,61,133
2017-08-03,106,33,73
2017-08-03,67,32,35
2017-08-03,32,19,13
2017-08-03,22,13,9
2017-08-03,15,9,6
2017-08-03,8,7,1
2017-08-04,3,0,3
2017-08-04,1,0,1
2017-08-04,0,0,0
2017-08-04,0,0,0
2017-08-04,2,2,0
2017-08-04,13,10,3
2017-08-04,20,10,10
2017-08-04,71,30,41
2017-08-04,94,46,48
2017-08-04,79,28,51
2017-08-04,43,19,24
2017-08-04,56,24,32
2017-08-04,37,17,20
2017-08-04,36,16,20
2017-08-04,29,10,19
2017-08-04,74,32,42
2017-08-04,111,38,73
2017-08-04,130,47,83
2017-08-04,84,40,44
2017-08-04,29,13,16
2017-08-04,21,8,13
2017-08-04,14,7,7
2017-08-04,11,8,3
2017-08-04,4,2,2
2017-08-05,4,3,1
2017-08-05,0,0,0
2017-08-05,2,0,2
2017-08-05,0,0,0
2017-08-05,0,0,0
2017-08-05,1,1,0
2017-08-05,3,2,1
2017-08-05,6,5,1
2017-08-05,14,7,7
2017-08-05,13,6,7
2017-08-05,18,6,12
2017-08-05,26,8,18
2017-08-05,27,9,18
2017-08-05,51,29,22
2017-08-05,39,22,17
2017-08-05,41,25,16
2017-08-05,56,39,17
2017-08-05,60,33,27
2017-08-05,80,26,54
2017-08-05,18,6,12
2017-08-05,23,15,8
2017-08-05,25,15,10
2017-08-05,5,4,1
2017-08-05,11,7,4
2017-08-06,3,2,1
2017-08-06,8,8,0
2017-08-06,6,3,3
2017-08-06,1,1,0
2017-08-06,1,1,0
2017-08-06,1,1,0
2017-08-06,1,1,0
2017-08-06,5,2,3
2017-08-06,7,4,3
2017-08-06,20,4,16
2017-08-06,13,10,3
2017-08-06,33,8,25
2017-08-06,48,12,36
2017-08-06,33,15,18
2017-08-06,19,8,11
2017-08-06,32,19,13
2017-08-06,29,14,15
2017-08-06,23,10,13
2017-08-06,24,11,13
2017-08-06,19,10,9
2017-08-06,15,9,6
2017-08-06,3,2,1
2017-08-06,7,4,3
2017-08-06,1,1,0
2017-08-07,0,0,0
2017-08-07,3,0,3
2017-08-07,1,1,0
2017-08-07,1,0,1
2017-08-07,2,2,0
2017-08-07,18,13,5
2017-08-07,38,21,17
2017-08-07,98,43,55
2017-08-07,126,60,66
2017-08-07,98,49,49
2017-08-07,33,18,15
2017-08-07,46,27,19
2017-08-07,36,20,16
2017-08-07,32,15,17
2017-08-07,39,12,27
2017-08-07,71,17,54
2017-08-07,152,50,102
2017-08-07,213,69,144
2017-08-07,105,34,71
2017-08-07,32,16,16
2017-08-07,19,7,12
2017-08-07,7,2,5
2017-08-07,8,3,5
2017-08-07,6,3,3
2017-08-08,5,2,3
2017-08-08,1,1,0
2017-08-08,1,1,0
2017-08-08,1,0,1
2017-08-08,1,0,1
2017-08-08,13,8,5
2017-08-08,50,26,24
2017-08-08,92,42,50
2017-08-08,147,65,82
2017-08-08,88,38,50
2017-08-08,35,17,18
2017-08-08,35,20,15
2017-08-08,46,22,24
2017-08-08,38,16,22
2017-08-08,50,18,32
2017-08-08,72,29,43
2017-08-08,176,58,118
2017-08-08,213,74,139
2017-08-08,113,41,72
2017-08-08,36,19,17
2017-08-08,36,18,18
2017-08-08,14,4,10
2017-08-08,10,3,7
2017-08-08,8,2,6
2017-08-09,1,1,0
2017-08-09,0,0,0
2017-08-09,2,2,0
2017-08-09,2,0,2
2017-08-09,3,1,2
2017-08-09,8,7,1
2017-08-09,43,22,21
2017-08-09,94,47,47
2017-08-09,134,49,85
2017-08-09,102,48,54
2017-08-09,31,16,15
2017-08-09,34,12,22
2017-08-09,46,20,26
2017-08-09,39,21,18
2017-08-09,44,17,27
2017-08-09,57,20,37
2017-08-09,136,46,90
2017-08-09,220,72,148
2017-08-09,131,42,89
2017-08-09,50,19,31
2017-08-09,29,13,16
2017-08-09,12,2,10
2017-08-09,14,3,11
2017-08-09,13,10,3
2017-08-10,14,8,6
2017-08-10,1,0,1
2017-08-10,1,1,0
2017-08-10,1,1,0
2017-08-10,2,1,1
2017-08-10,12,8,4
2017-08-10,37,21,16
2017-08-10,89,40,49
2017-08-10,117,44,73
2017-08-10,84,40,44
2017-08-10,29,13,16
2017-08-10,36,22,14
2017-08-10,46,27,19
2017-08-10,40,19,21
2017-08-10,47,19,28
2017-08-10,70,26,44
2017-08-10,134,35,99
2017-08-10,172,51,121
2017-08-10,117,33,84
2017-08-10,42,20,22
2017-08-10,19,9,10
2017-08-10,20,10,10
2017-08-10,17,10,7
2017-08-10,5,3,2
2017-08-11,6,2,4
2017-08-11,1,1,0
2017-08-11,3,1,2
2017-08-11,0,0,0
2017-08-11,2,1,1
2017-08-11,11,7,4
2017-08-11,31,19,12
2017-08-11,74,36,38
2017-08-11,92,33,59
2017-08-11,82,37,45
2017-08-11,27,6,21
2017-08-11,43,26,17
2017-08-11,34,14,20
2017-08-11,49,22,27
2017-08-11,60,29,31
2017-08-11,71,25,46
2017-08-11,136,42,94
2017-08-11,147,62,85
2017-08-11,81,28,53
2017-08-11,37,12,25
2017-08-11,19,4,15
2017-08-11,11,3,8
2017-08-11,16,12,4
2017-08-11,6,4,2
2017-08-12,8,5,3
2017-08-12,6,5,1
2017-08-12,3,0,3
2017-08-12,0,0,0
2017-08-12,1,1,0
2017-08-12,2,1,1
2017-08-12,6,6,0
2017-08-12,13,5,8
2017-08-12,18,6,12
2017-08-12,20,4,16
2017-08-12,21,6,15
2017-08-12,38,18,20
2017-08-12,58,8,50
2017-08-12,41,17,24
2017-08-12,31,11,20
2017-08-12,57,48,9
2017-08-12,54,33,21
2017-08-12,23,12,11
2017-08-12,20,12,8
2017-08-12,25,10,15
2017-08-12,14,2,12
2017-08-12,9,6,3
2017-08-12,11,7,4
2017-08-12,2,2,0
2017-08-13,3,2,1
2017-08-13,0,0,0
2017-08-13,2,1,1
2017-08-13,2,2,0
2017-08-13,2,2,0
2017-08-13,2,1,1
2017-08-13,2,0,2
2017-08-13,7,6,1
2017-08-13,7,4,3
2017-08-13,10,3,7
2017-08-13,13,6,7
2017-08-13,31,11,20
2017-08-13,34,10,24
2017-08-13,33,15,18
2017-08-13,18,7,11
2017-08-13,25,13,12
2017-08-13,26,10,16
2017-08-13,33,20,13
2017-08-13,18,5,13
2017-08-13,13,9,4
2017-08-13,8,1,7
2017-08-13,3,1,2
2017-08-13,8,5,3
2017-08-13,5,1,4
2017-08-14,0,0,0
2017-08-14,1,0,1
2017-08-14,1,0,1
2017-08-14,0,0,0
2017-08-14,3,2,1
2017-08-14,10,7,3
2017-08-14,36,19,17
2017-08-14,73,33,40
2017-08-14,157,67,90
2017-08-14,102,55,47
2017-08-14,36,16,20
2017-08-14,25,10,15
2017-08-14,33,12,21
2017-08-14,36,17,19
2017-08-14,32,14,18
2017-08-14,69,20,49
2017-08-14,150,46,104
2017-08-14,221,65,156
2017-08-14,113,40,73
2017-08-14,44,15,29
2017-08-14,22,7,15
2017-08-14,15,8,7
2017-08-14,17,13,4
2017-08-14,4,1,3
2017-08-15,1,1,0
2017-08-15,0,0,0
2017-08-15,0,0,0
2017-08-15,0,0,0
2017-08-15,3,3,0
2017-08-15,12,8,4
2017-08-15,49,22,27
2017-08-15,96,43,53
2017-08-15,158,66,92
2017-08-15,97,36,61
2017-08-15,37,14,23
2017-08-15,23,10,13
2017-08-15,37,20,17
2017-08-15,33,16,17
2017-08-15,40,12,28
2017-08-15,74,21,53
2017-08-15,145,47,98
2017-08-15,224,78,146
2017-08-15,133,41,92
2017-08-15,42,22,20
2017-08-15,20,7,13
2017-08-15,19,12,7
2017-08-15,19,11,8
2017-08-15,3,1,2
2017-08-16,1,0,1
2017-08-16,0,0,0
2017-08-16,1,0,1
2017-08-16,1,0,1
2017-08-16,1,0,1
2017-08-16,12,12,0
2017-08-16,36,15,21
2017-08-16,96,43,53
2017-08-16,177,86,91
2017-08-16,101,46,55
2017-08-16,40,19,21
2017-08-16,46,15,31
2017-08-16,56,16,40
2017-08-16,53,22,31
2017-08-16,35,13,22
2017-08-16,69,23,46
2017-08-16,153,68,85
2017-08-16,226,69,157
2017-08-16,119,42,77
2017-08-16,41,18,23
2017-08-16,29,10,19
2017-08-16,12,3,9
2017-08-16,6,4,2
2017-08-16,5,3,2
2017-08-17,2,2,0
2017-08-17,2,2,0
2017-08-17,1,1,0
2017-08-17,3,1,2
2017-08-17,1,0,1
2017-08-17,9,8,1
2017-08-17,41,19,22
2017-08-17,92,40,52
2017-08-17,151,59,92
2017-08-17,86,42,44
2017-08-17,33,16,17
2017-08-17,32,19,13
2017-08-17,47,29,18
2017-08-17,40,20,20
2017-08-17,40,18,22
2017-08-17,68,23,45
2017-08-17,133,50,83
2017-08-17,206,65,141
2017-08-17,116,40,76
2017-08-17,42,18,24
2017-08-17,24,12,12
2017-08-17,12,4,8
2017-08-17,16,9,7
2017-08-17,3,2,1
2017-08-18,5,5,0
2017-08-18,1,0,1
2017-08-18,1,1,0
2017-08-18,0,0,0
2017-08-18,1,1,0
2017-08-18,11,7,4
2017-08-18,27,18,9
2017-08-18,72,33,39
2017-08-18,114,50,64
2017-08-18,82,35,47
2017-08-18,32,11,21
2017-08-18,31,17,14
2017-08-18,50,32,18
2017-08-18,44,17,27
2017-08-18,55,22,33
2017-08-18,69,23,46
2017-08-18,142,53,89
2017-08-18,165,53,112
2017-08-18,87,33,54
2017-08-18,49,23,26
2017-08-18,17,8,9
2017-08-18,20,12,8
2017-08-18,19,10,9
2017-08-18,16,11,5
2017-08-19,6,4,2
2017-08-19,0,0,0
2017-08-19,1,1,0
2017-08-19,0,0,0
2017-08-19,0,0,0
2017-08-19,1,0,1
2017-08-19,4,2,2
2017-08-19,12,9,3
2017-08-19,9,4,5
2017-08-19,15,11,4
2017-08-19,16,5,11
2017-08-19,21,10,11
2017-08-19,15,6,9
2017-08-19,44,18,26
2017-08-19,27,17,10
2017-08-19,32,17,15
2017-08-19,31,18,13
2017-08-19,27,16,11
2017-08-19,32,8,24
2017-08-19,16,9,7
2017-08-19,17,7,10
2017-08-19,8,6,2
2017-08-19,6,5,1
2017-08-19,10,10,0
2017-08-20,11,5,6
2017-08-20,4,4,0
2017-08-20,0,0,0
2017-08-20,2,0,2
2017-08-20,0,0,0
2017-08-20,0,0,0
2017-08-20,1,0,1
2017-08-20,10,7,3
2017-08-20,10,5,5
2017-08-20,16,12,4
2017-08-20,12,6,6
2017-08-20,18,4,14
2017-08-20,21,11,10
2017-08-20,23,12,11
2017-08-20,33,14,19
2017-08-20,25,9,16
2017-08-20,27,15,12
2017-08-20,42,19,23
2017-08-20,41,12,29
2017-08-20,19,3,16
2017-08-20,13,6,7
2017-08-20,38,35,3
2017-08-20,5,5,0
2017-08-20,5,3,2
2017-08-21,0,0,0
2017-08-21,1,1,0
2017-08-21,4,0,4
2017-08-21,2,2,0
2017-08-21,1,0,1
2017-08-21,10,8,2
2017-08-21,39,17,22
2017-08-21,85,37,48
2017-08-21,93,37,56
2017-08-21,57,27,30
2017-08-21,32,15,17
2017-08-21,39,19,20
2017-08-21,40,18,22
2017-08-21,26,14,12
2017-08-21,36,19,17
2017-08-21,59,19,40
2017-08-21,106,34,72
2017-08-21,155,55,100
2017-08-21,84,29,55
2017-08-21,23,12,11
2017-08-21,14,8,6
2017-08-21,7,3,4
2017-08-21,4,1,3
2017-08-21,0,0,0
2017-08-22,2,1,1
2017-08-22,0,0,0
2017-08-22,1,0,1
2017-08-22,1,1,0
2017-08-22,1,0,1
2017-08-22,10,8,2
2017-08-22,44,22,22
2017-08-22,98,42,56
2017-08-22,150,56,94
2017-08-22,86,36,50
2017-08-22,38,14,24
2017-08-22,31,12,19
2017-08-22,41,16,25
2017-08-22,46,27,19
2017-08-22,30,14,16
2017-08-22,42,11,31
2017-08-22,152,39,113
2017-08-22,197,70,127
2017-08-22,101,40,61
2017-08-22,49,20,29
2017-08-22,21,11,10
2017-08-22,12,4,8
2017-08-22,9,7,2
2017-08-22,4,2,2
2017-08-23,1,1,0
2017-08-23,1,0,1
2017-08-23,1,0,1
2017-08-23,0,0,0
2017-08-23,5,4,1
2017-08-23,10,7,3
2017-08-23,44,25,19
2017-08-23,97,41,56
2017-08-23,134,53,81
2017-08-23,92,45,47
2017-08-23,27,9,18
2017-08-23,28,12,16
2017-08-23,50,24,26
2017-08-23,28,18,10
2017-08-23,30,15,15
2017-08-23,64,18,46
2017-08-23,152,50,102
2017-08-23,191,73,118
2017-08-23,121,51,70
2017-08-23,40,18,22
2017-08-23,21,6,15
2017-08-23,7,4,3
2017-08-23,14,6,8
2017-08-23,4,1,3
2017-08-24,5,3,2
2017-08-24,0,0,0
2017-08-24,2,1,1
2017-08-24,0,0,0
2017-08-24,3,2,1
2017-08-24,6,4,2
2017-08-24,41,22,19
2017-08-24,83,43,40
2017-08-24,134,53,81
2017-08-24,82,45,37
2017-08-24,33,13,20
2017-08-24,35,19,16
2017-08-24,45,25,20
2017-08-24,37,17,20
2017-08-24,26,14,12
2017-08-24,57,21,36
2017-08-24,133,47,86
2017-08-24,164,51,113
2017-08-24,117,40,77
2017-08-24,55,23,32
2017-08-24,23,14,9
2017-08-24,11,3,8
2017-08-24,6,2,4
2017-08-24,5,2,3
2017-08-25,2,1,1
2017-08-25,0,0,0
2017-08-25,1,0,1
2017-08-25,0,0,0
2017-08-25,3,1,2
2017-08-25,7,7,0
2017-08-25,24,11,13
2017-08-25,86,39,47
2017-08-25,100,35,65
2017-08-25,94,45,49
2017-08-25,35,18,17
2017-08-25,52,25,27
2017-08-25,42,22,20
2017-08-25,49,22,27
2017-08-25,37,12,25
2017-08-25,77,27,50
2017-08-25,160,50,110
2017-08-25,147,53,94
2017-08-25,87,29,58
2017-08-25,42,21,21
2017-08-25,43,29,14
2017-08-25,19,11,8
2017-08-25,13,2,11
2017-08-25,11,4,7
2017-08-26,4,2,2
2017-08-26,2,1,1
2017-08-26,4,4,0
2017-08-26,3,0,3
2017-08-26,0,0,0
2017-08-26,2,2,0
2017-08-26,6,3,3
2017-08-26,10,5,5
2017-08-26,14,7,7
2017-08-26,18,6,12
2017-08-26,21,11,10
2017-08-26,32,18,14
2017-08-26,29,12,17
2017-08-26,40,22,18
2017-08-26,20,9,11
2017-08-26,27,18,9
2017-08-26,25,17,8
2017-08-26,20,5,15
2017-08-26,23,10,13
2017-08-26,15,10,5
2017-08-26,11,7,4
2017-08-26,6,3,3
2017-08-26,9,4,5
2017-08-26,5,3,2
2017-08-27,1,0,1
2017-08-27,1,1,0
2017-08-27,5,2,3
2017-08-27,2,2,0
2017-08-27,2,1,1
2017-08-27,0,0,0
2017-08-27,7,1,6
2017-08-27,4,1,3
2017-08-27,9,6,3
2017-08-27,10,5,5
2017-08-27,29,10,19
2017-08-27,26,14,12
2017-08-27,28,15,13
2017-08-27,23,14,9
2017-08-27,35,25,10
2017-08-27,25,12,13
2017-08-27,34,11,23
2017-08-27,51,15,36
2017-08-27,42,15,27
2017-08-27,8,5,3
2017-08-27,33,32,1
2017-08-27,32,23,9
2017-08-27,8,6,2
2017-08-27,5,3,2
2017-08-28,1,0,1
2017-08-28,0,0,0
2017-08-28,3,1,2
2017-08-28,1,1,0
2017-08-28,1,0,1
2017-08-28,7,4,3
2017-08-28,32,18,14
2017-08-28,100,48,52
2017-08-28,152,69,83
2017-08-28,84,49,35
2017-08-28,27,14,13
2017-08-28,34,13,21
2017-08-28,33,15,18
2017-08-28,36,17,19
2017-08-28,34,12,22
2017-08-28,53,19,34
2017-08-28,119,47,72
2017-08-28,187,58,129
2017-08-28,124,49,75
2017-08-28,44,13,31
2017-08-28,16,8,8
2017-08-28,13,6,7
2017-08-28,7,3,4
2017-08-28,3,2,1
2017-08-29,1,1,0
2017-08-29,1,1,0
2017-08-29,2,2,0
2017-08-29,1,0,1
2017-08-29,2,1,1
2017-08-29,8,5,3
2017-08-29,38,21,17
2017-08-29,105,50,55
2017-08-29,153,63,90
2017-08-29,85,30,55
2017-08-29,33,22,11
2017-08-29,33,15,18
2017-08-29,43,25,18
2017-08-29,18,6,12
2017-08-29,28,19,9
2017-08-29,64,15,49
2017-08-29,136,43,93
2017-08-29,205,73,132
2017-08-29,88,36,52
2017-08-29,43,17,26
2017-08-29,21,11,10
2017-08-29,9,4,5
2017-08-29,10,4,6
2017-08-29,4,1,3
2017-08-30,1,0,1
2017-08-30,5,2,3
2017-08-30,1,0,1
2017-08-30,2,1,1
2017-08-30,1,0,1
2017-08-30,11,7,4
2017-08-30,29,15,14
2017-08-30,97,40,57
2017-08-30,139,64,75
2017-08-30,78,33,45
2017-08-30,38,12,26
2017-08-30,32,15,17
2017-08-30,33,17,16
2017-08-30,36,17,19
2017-08-30,39,24,15
2017-08-30,66,15,51
2017-08-30,134,39,95
2017-08-30,199,60,139
2017-08-30,108,31,77
2017-08-30,36,17,19
2017-08-30,20,5,15
2017-08-30,15,5,10
2017-08-30,11,5,6
2017-08-30,6,3,3
2017-08-31,1,1,0
2017-08-31,1,1,0
2017-08-31,1,0,1
2017-08-31,3,0,3
2017-08-31,1,0,1
2017-08-31,11,7,4
2017-08-31,36,16,20
2017-08-31,81,39,42
2017-08-31,142,60,82
2017-08-31,60,34,26
2017-08-31,37,18,19
2017-08-31,28,18,10
2017-08-31,34,22,12
2017-08-31,23,8,15
2017-08-31,24,12,12
2017-08-31,46,18,28
2017-08-31,134,34,100
2017-08-31,164,60,104
2017-08-31,116,35,81
2017-08-31,46,23,23
2017-08-31,25,9,16
2017-08-31,18,7,11
2017-08-31,10,7,3
2017-08-31,2,0,2
2017-09-01,3,1,2
2017-09-01,2,0,2
2017-09-01,1,0,1
2017-09-01,0,0,0
2017-09-01,2,1,1
2017-09-01,11,4,7
2017-09-01,31,16,15
2017-09-01,74,36,38
2017-09-01,96,46,50
2017-09-01,85,36,49
2017-09-01,44,20,24
2017-09-01,40,20,20
2017-09-01,37,12,25
2017-09-01,30,18,12
2017-09-01,64,29,35
2017-09-01,70,26,44
2017-09-01,141,49,92
2017-09-01,129,39,90
2017-09-01,78,25,53
2017-09-01,47,21,26
2017-09-01,27,11,16
2017-09-01,14,6,8
2017-09-01,8,7,1
2017-09-01,13,4,9
2017-09-02,3,1,2
2017-09-02,6,1,5
2017-09-02,2,2,0
2017-09-02,3,2,1
2017-09-02,0,0,0
2017-09-02,1,0,1
2017-09-02,2,1,1
2017-09-02,7,6,1
2017-09-02,18,6,12
2017-09-02,20,11,9
2017-09-02,17,7,10
2017-09-02,23,10,13
2017-09-02,23,8,15
2017-09-02,27,14,13
2017-09-02,26,12,14
2017-09-02,25,10,15
2017-09-02,21,9,12
2017-09-02,20,7,13
2017-09-02,25,10,15
2017-09-02,15,8,7
2017-09-02,8,3,5
2017-09-02,13,9,4
2017-09-02,13,8,5
2017-09-02,6,3,3
2017-09-03,2,0,2
2017-09-03,5,3,2
2017-09-03,3,1,2
2017-09-03,2,1,1
2017-09-03,0,0,0
2017-09-03,0,0,0
2017-09-03,3,1,2
2017-09-03,3,2,1
2017-09-03,9,3,6
2017-09-03,16,3,13
2017-09-03,23,10,13
2017-09-03,24,4,20
2017-09-03,26,11,15
2017-09-03,24,15,9
2017-09-03,34,10,24
2017-09-03,15,6,9
2017-09-03,32,21,11
2017-09-03,30,13,17
2017-09-03,16,5,11
2017-09-03,17,10,7
2017-09-03,15,11,4
2017-09-03,4,0,4
2017-09-03,3,2,1
2017-09-03,5,0,5
2017-09-04,6,2,4
2017-09-04,1,0,1
2017-09-04,1,1,0
2017-09-04,2,0,2
2017-09-04,0,0,0
2017-09-04,1,0,1
2017-09-04,4,2,2
2017-09-04,10,3,7
2017-09-04,16,8,8
2017-09-04,11,7,4
2017-09-04,16,6,10
2017-09-04,20,5,15
2017-09-04,33,13,20
2017-09-04,31,14,17
2017-09-04,32,14,18
2017-09-04,36,15,21
2017-09-04,28,14,14
2017-09-04,21,4,17
2017-09-04,27,13,14
2017-09-04,15,12,3
2017-09-04,17,10,7
2017-09-04,14,7,7
2017-09-04,7,5,2
2017-09-04,3,0,3
2017-09-05,4,2,2
2017-09-05,1,1,0
2017-09-05,1,0,1
2017-09-05,1,0,1
2017-09-05,1,0,1
2017-09-05,10,8,2
2017-09-05,40,22,18
2017-09-05,84,39,45
2017-09-05,136,55,81
2017-09-05,65,28,37
2017-09-05,33,17,16
2017-09-05,46,25,21
2017-09-05,19,6,13
2017-09-05,20,12,8
2017-09-05,27,12,15
2017-09-05,53,14,39
2017-09-05,129,31,98
2017-09-05,187,65,122
2017-09-05,92,27,65
2017-09-05,19,8,11
2017-09-05,20,6,14
2017-09-05,10,6,4
2017-09-05,21,15,6
2017-09-05,4,1,3
2017-09-06,0,0,0
2017-09-06,1,1,0
2017-09-06,1,1,0
2017-09-06,0,0,0
2017-09-06,2,1,1
2017-09-06,9,8,1
2017-09-06,33,16,17
2017-09-06,77,33,44
2017-09-06,101,51,50
2017-09-06,83,39,44
2017-09-06,28,13,15
2017-09-06,21,6,15
2017-09-06,36,16,20
2017-09-06,21,10,11
2017-09-06,40,22,18
2017-09-06,47,13,34
2017-09-06,107,37,70
2017-09-06,186,58,128
2017-09-06,96,29,67
2017-09-06,36,13,23
2017-09-06,27,12,15
2017-09-06,7,5,2
2017-09-06,10,6,4
2017-09-06,2,2,0
2017-09-07,5,1,4
2017-09-07,3,2,1
2017-09-07,0,0,0
2017-09-07,0,0,0
2017-09-07,5,2,3
2017-09-07,12,10,2
2017-09-07,37,17,20
2017-09-07,74,41,33
2017-09-07,117,43,74
2017-09-07,74,28,46
2017-09-07,32,8,24
2017-09-07,37,21,16
2017-09-07,40,19,21
2017-09-07,30,15,15
2017-09-07,33,15,18
2017-09-07,61,19,42
2017-09-07,118,34,84
2017-09-07,177,56,121
2017-09-07,111,27,84
2017-09-07,46,19,27
2017-09-07,24,12,12
2017-09-07,19,8,11
2017-09-07,8,3,5
2017-09-07,5,3,2
2017-09-08,3,1,2
2017-09-08,1,1,0
2017-09-08,3,1,2
2017-09-08,2,0,2
2017-09-08,3,2,1
2017-09-08,10,6,4
2017-09-08,25,13,12
2017-09-08,61,28,33
2017-09-08,85,39,46
2017-09-08,83,34,49
2017-09-08,25,10,15
2017-09-08,38,18,20
2017-09-08,44,23,21
2017-09-08,34,15,19
2017-09-08,47,20,27
2017-09-08,66,24,42
2017-09-08,118,36,82
2017-09-08,163,45,118
2017-09-08,79,27,52
2017-09-08,35,14,21
2017-09-08,11,4,7
2017-09-08,10,3,7
2017-09-08,9,6,3
2017-09-08,7,4,3
2017-09-09,5,3,2
2017-09-09,2,2,0
2017-09-09,0,0,0
2017-09-09,0,0,0
2017-09-09,0,0,0
2017-09-09,1,1,0
2017-09-09,7,2,5
2017-09-09,7,3,4
2017-09-09,14,5,9
2017-09-09,7,4,3
2017-09-09,15,6,9
2017-09-09,18,7,11
2017-09-09,27,10,17
2017-09-09,30,18,12
2017-09-09,36,20,16
2017-09-09,43,21,22
2017-09-09,30,12,18
2017-09-09,29,9,20
2017-09-09,16,10,6
2017-09-09,16,10,6
2017-09-09,4,2,2
2017-09-09,7,4,3
2017-09-09,7,2,5
2017-09-09,3,2,1
2017-09-10,0,0,0
2017-09-10,0,0,0
2017-09-10,1,0,1
2017-09-10,1,1,0
2017-09-10,3,2,1
2017-09-10,0,0,0
2017-09-10,3,2,1
2017-09-10,0,0,0
2017-09-10,10,6,4
2017-09-10,11,5,6
2017-09-10,21,6,15
2017-09-10,20,7,13
2017-09-10,31,11,20
2017-09-10,17,5,12
2017-09-10,23,12,11
2017-09-10,18,7,11
2017-09-10,21,10,11
2017-09-10,35,16,19
2017-09-10,32,12,20
2017-09-10,16,11,5
2017-09-10,39,36,3
2017-09-10,4,2,2
2017-09-10,6,3,3
2017-09-10,2,1,1
2017-09-11,0,0,0
2017-09-11,3,1,2
2017-09-11,2,1,1
2017-09-11,1,0,1
2017-09-11,2,0,2
2017-09-11,11,11,0
2017-09-11,36,21,15
2017-09-11,107,57,50
2017-09-11,125,53,72
2017-09-11,83,39,44
2017-09-11,30,17,13
2017-09-11,18,7,11
2017-09-11,37,21,16
2017-09-11,23,11,12
2017-09-11,29,7,22
2017-09-11,57,13,44
2017-09-11,144,43,101
2017-09-11,205,74,131
2017-09-11,103,31,72
2017-09-11,36,18,18
2017-09-11,19,10,9
2017-09-11,7,4,3
2017-09-11,6,2,4
2017-09-11,2,0,2
2017-09-12,0,0,0
2017-09-12,0,0,0
2017-09-12,3,1,2
2017-09-12,0,0,0
2017-09-12,3,0,3
2017-09-12,10,9,1
2017-09-12,33,20,13
2017-09-12,116,57,59
2017-09-12,148,57,91
2017-09-12,72,31,41
2017-09-12,33,15,18
2017-09-12,31,20,11
2017-09-12,37,17,20
2017-09-12,42,20,22
2017-09-12,50,18,32
2017-09-12,75,24,51
2017-09-12,149,48,101
2017-09-12,214,66,148
2017-09-12,109,32,77
2017-09-12,40,20,20
2017-09-12,17,3,14
2017-09-12,7,4,3
2017-09-12,3,1,2
2017-09-12,7,0,7
2017-09-13,4,2,2
2017-09-13,0,0,0
2017-09-13,0,0,0
2017-09-13,1,0,1
2017-09-13,1,0,1
2017-09-13,8,6,2
2017-09-13,42,22,20
2017-09-13,99,46,53
2017-09-13,133,53,80
2017-09-13,71,38,33
2017-09-13,35,17,18
2017-09-13,38,17,21
2017-09-13,36,21,15
2017-09-13,37,14,23
2017-09-13,37,15,22
2017-09-13,72,15,57
2017-09-13,130,32,98
2017-09-13,195,62,133
2017-09-13,110,36,74
2017-09-13,51,23,28
2017-09-13,27,10,17
2017-09-13,11,5,6
2017-09-13,14,5,9
2017-09-13,2,0,2
2017-09-14,5,2,3
2017-09-14,3,2,1
2017-09-14,0,0,0
2017-09-14,0,0,0
2017-09-14,2,0,2
2017-09-14,10,7,3
2017-09-14,46,22,24
2017-09-14,79,44,35
2017-09-14,138,62,76
2017-09-14,72,31,41
2017-09-14,33,15,18
2017-09-14,23,10,13
2017-09-14,38,18,20
2017-09-14,33,13,20
2017-09-14,27,12,15
2017-09-14,63,18,45
2017-09-14,128,34,94
2017-09-14,175,60,115
2017-09-14,106,36,70
2017-09-14,42,24,18
2017-09-14,26,16,10
2017-09-14,9,3,6
2017-09-14,5,3,2
2017-09-14,4,2,2
2017-09-15,2,0,2
2017-09-15,0,0,0
2017-09-15,2,1,1
2017-09-15,1,1,0
2017-09-15,1,1,0
2017-09-15,6,4,2
2017-09-15,25,15,10
2017-09-15,69,41,28
2017-09-15,99,48,51
2017-09-15,71,35,36
2017-09-15,26,13,13
2017-09-15,32,16,16
2017-09-15,26,15,11
2017-09-15,47,22,25
2017-09-15,47,16,31
2017-09-15,80,25,55
2017-09-15,147,55,92
2017-09-15,177,61,116
2017-09-15,76,29,47
2017-09-15,31,13,18
2017-09-15,11,5,6
2017-09-15,4,0,4
2017-09-15,5,2,3
2017-09-15,4,2,2
2017-09-16,6,3,3
2017-09-16,4,2,2
2017-09-16,3,2,1
2017-09-16,0,0,0
2017-09-16,1,0,1
2017-09-16,1,1,0
2017-09-16,6,3,3
2017-09-16,9,3,6
2017-09-16,6,3,3
2017-09-16,18,4,14
2017-09-16,17,6,11
2017-09-16,22,14,8
2017-09-16,25,12,13
2017-09-16,31,19,12
2017-09-16,43,16,27
2017-09-16,21,9,12
2017-09-16,32,19,13
2017-09-16,28,13,15
2017-09-16,20,5,15
2017-09-16,19,7,12
2017-09-16,6,4,2
2017-09-16,15,8,7
2017-09-16,6,3,3
2017-09-16,12,8,4
2017-09-17,3,2,1
2017-09-17,2,2,0
2017-09-17,2,1,1
2017-09-17,0,0,0
2017-09-17,0,0,0
2017-09-17,1,0,1
2017-09-17,2,0,2
2017-09-17,13,6,7
2017-09-17,11,4,7
2017-09-17,9,5,4
2017-09-17,27,7,20
2017-09-17,17,6,11
2017-09-17,31,12,19
2017-09-17,9,1,8
2017-09-17,7,7,0
2017-09-17,10,4,6
2017-09-17,18,16,2
2017-09-17,15,9,6
2017-09-17,7,3,4
2017-09-17,11,9,2
2017-09-17,2,2,0
2017-09-17,3,1,2
2017-09-17,15,7,8
2017-09-17,1,1,0
2017-09-18,4,2,2
2017-09-18,1,1,0
2017-09-18,2,1,1
2017-09-18,1,1,0
2017-09-18,1,0,1
2017-09-18,7,7,0
2017-09-18,29,14,15
2017-09-18,66,32,34
2017-09-18,96,45,51
2017-09-18,59,24,35
2017-09-18,37,22,15
2017-09-18,34,18,16
2017-09-18,35,23,12
2017-09-18,23,9,14
2017-09-18,28,11,17
2017-09-18,44,10,34
2017-09-18,76,20,56
2017-09-18,143,37,106
2017-09-18,72,22,50
2017-09-18,17,7,10
2017-09-18,13,7,6
2017-09-18,7,6,1
2017-09-18,4,0,4
2017-09-18,1,1,0
2017-09-19,1,1,0
2017-09-19,0,0,0
2017-09-19,2,2,0
2017-09-19,0,0,0
2017-09-19,1,0,1
2017-09-19,5,4,1
2017-09-19,27,19,8
2017-09-19,50,25,25
2017-09-19,89,39,50
2017-09-19,43,22,21
2017-09-19,28,19,9
2017-09-19,23,12,11
2017-09-19,32,17,15
2017-09-19,17,11,6
2017-09-19,19,10,9
2017-09-19,45,18,27
2017-09-19,84,23,61
2017-09-19,125,32,93
2017-09-19,47,16,31
2017-09-19,27,19,8
2017-09-19,10,4,6
2017-09-19,5,3,2
2017-09-19,5,3,2
2017-09-19,5,3,2
2017-09-20,0,0,0
2017-09-20,1,0,1
2017-09-20,0,0,0
2017-09-20,1,0,1
2017-09-20,1,0,1
2017-09-20,7,5,2
2017-09-20,29,18,11
2017-09-20,69,41,28
2017-09-20,81,35,46
2017-09-20,7,3,4
2017-09-20,26,13,13
2017-09-20,25,18,7
2017-09-20,42,18,24
2017-09-20,34,17,17
2017-09-20,38,20,18
2017-09-20,46,12,34
2017-09-20,98,29,69
2017-09-20,144,48,96
2017-09-20,85,33,52
2017-09-20,20,7,13
2017-09-20,15,8,7
2017-09-20,14,8,6
2017-09-20,10,6,4
2017-09-20,4,3,1
2017-09-21,1,1,0
2017-09-21,1,0,1
2017-09-21,1,1,0
2017-09-21,0,0,0
2017-09-21,1,1,0
2017-09-21,7,5,2
2017-09-21,25,14,11
2017-09-21,58,32,26
2017-09-21,97,47,50
2017-09-21,57,25,32
2017-09-21,18,10,8
2017-09-21,26,15,11
2017-09-21,25,16,9
2017-09-21,36,18,18
2017-09-21,34,7,27
2017-09-21,45,13,32
2017-09-21,114,30,84
2017-09-21,150,56,94
2017-09-21,80,31,49
2017-09-21,26,14,12
2017-09-21,16,8,8
2017-09-21,12,4,8
2017-09-21,7,5,2
2017-09-21,7,2,5
2017-09-22,1,1,0
2017-09-22,0,0,0
2017-09-22,2,0,2
2017-09-22,0,0,0
2017-09-22,0,0,0
2017-09-22,4,3,1
2017-09-22,25,17,8
2017-09-22,69,34,35
2017-09-22,99,45,54
2017-09-22,66,27,39
2017-09-22,35,17,18
2017-09-22,28,12,16
2017-09-22,35,17,18
2017-09-22,60,27,33
2017-09-22,62,31,31
2017-09-22,71,29,42
2017-09-22,131,44,87
2017-09-22,125,33,92
2017-09-22,89,39,50
2017-09-22,33,11,22
2017-09-22,14,5,9
2017-09-22,12,6,6
2017-09-22,17,14,3
2017-09-22,3,2,1
2017-09-23,3,2,1
2017-09-23,1,0,1
2017-09-23,6,4,2
2017-09-23,1,1,0
2017-09-23,0,0,0
2017-09-23,2,2,0
2017-09-23,2,1,1
2017-09-23,9,5,4
2017-09-23,12,6,6
2017-09-23,15,6,9
2017-09-23,17,10,7
2017-09-23,20,8,12
2017-09-23,29,13,16
2017-09-23,42,18,24
2017-09-23,39,19,20
2017-09-23,20,9,11
2017-09-23,32,17,15
2017-09-23,37,16,21
2017-09-23,29,6,23
2017-09-23,22,9,13
2017-09-23,11,2,9
2017-09-23,13,9,4
2017-09-23,7,3,4
2017-09-23,31,24,7
2017-09-24,10,7,3
2017-09-24,0,0,0
2017-09-24,6,5,1
2017-09-24,1,1,0
2017-09-24,2,2,0
2017-09-24,3,1,2
2017-09-24,1,1,0
2017-09-24,4,3,1
2017-09-24,5,2,3
2017-09-24,13,6,7
2017-09-24,16,10,6
2017-09-24,19,6,13
2017-09-24,27,18,9
2017-09-24,33,17,16
2017-09-24,22,9,13
2017-09-24,17,8,9
2017-09-24,29,13,16
2017-09-24,24,10,14
2017-09-24,13,5,8
2017-09-24,11,9,2
2017-09-24,7,3,4
2017-09-24,4,1,3
2017-09-24,5,4,1
2017-09-24,1,1,0
2017-09-25,4,2,2
2017-09-25,0,0,0
2017-09-25,2,1,1
2017-09-25,0,0,0
2017-09-25,2,0,2
2017-09-25,9,6,3
2017-09-25,38,25,13
2017-09-25,67,32,35
2017-09-25,88,41,47
2017-09-25,59,35,24
2017-09-25,22,13,9
2017-09-25,28,15,13
2017-09-25,21,11,10
2017-09-25,15,6,9
2017-09-25,24,10,14
2017-09-25,46,12,34
2017-09-25,113,30,83
2017-09-25,155,52,103
2017-09-25,71,24,47
2017-09-25,28,15,13
2017-09-25,14,5,9
2017-09-25,6,4,2
2017-09-25,6,4,2
2017-09-25,1,1,0
2017-09-26,0,0,0
2017-09-26,1,0,1
2017-09-26,0,0,0
2017-09-26,1,0,1
2017-09-26,1,0,1
2017-09-26,4,4,0
2017-09-26,37,22,15
2017-09-26,95,45,50
2017-09-26,126,62,64
2017-09-26,69,37,32
2017-09-26,32,12,20
2017-09-26,34,22,12
2017-09-26,43,22,21
2017-09-26,40,22,18
2017-09-26,31,9,22
2017-09-26,68,19,49
2017-09-26,143,55,88
2017-09-26,202,71,131
2017-09-26,101,37,64
2017-09-26,39,15,24
2017-09-26,19,10,9
2017-09-26,13,7,6
2017-09-26,10,7,3
2017-09-26,8,2,6
2017-09-27,1,1,0
2017-09-27,0,0,0
2017-09-27,0,0,0
2017-09-27,0,0,0
2017-09-27,0,0,0
2017-09-27,5,5,0
2017-09-27,30,16,14
2017-09-27,84,38,46
2017-09-27,105,55,50
2017-09-27,93,45,48
2017-09-27,35,18,17
2017-09-27,39,23,16
2017-09-27,38,15,23
2017-09-27,37,14,23
2017-09-27,45,24,21
2017-09-27,73,20,53
2017-09-27,147,37,110
2017-09-27,208,66,142
2017-09-27,137,30,107
2017-09-27,66,32,34
2017-09-27,34,18,16
2017-09-27,48,43,5
2017-09-27,32,24,8
2017-09-27,3,3,0
2017-09-28,5,2,3
2017-09-28,2,2,0
2017-09-28,0,0,0
2017-09-28,2,1,1
2017-09-28,1,0,1
2017-09-28,7,5,2
2017-09-28,41,18,23
2017-09-28,95,45,50
2017-09-28,125,54,71
2017-09-28,77,30,47
2017-09-28,35,17,18
2017-09-28,31,12,19
2017-09-28,27,13,14
2017-09-28,48,28,20
2017-09-28,46,20,26
2017-09-28,77,24,53
2017-09-28,126,50,76
2017-09-28,221,77,144
2017-09-28,77,25,52
2017-09-28,40,19,21
2017-09-28,23,10,13
2017-09-28,16,8,8
2017-09-28,8,5,3
2017-09-28,3,1,2
2017-09-29,2,1,1
2017-09-29,0,0,0
2017-09-29,0,0,0
2017-09-29,1,1,0
2017-09-29,0,0,0
2017-09-29,4,4,0
2017-09-29,18,12,6
2017-09-29,55,27,28
2017-09-29,76,34,42
2017-09-29,56,28,28
2017-09-29,23,15,8
2017-09-29,26,17,9
2017-09-29,27,14,13
2017-09-29,39,17,22
2017-09-29,33,16,17
2017-09-29,58,14,44
2017-09-29,82,25,57
2017-09-29,129,49,80
2017-09-29,56,22,34
2017-09-29,22,9,13
2017-09-29,12,7,5
2017-09-29,6,3,3
2017-09-29,11,4,7
2017-09-29,3,2,1
2017-09-30,2,1,1
2017-09-30,2,2,0
2017-09-30,3,2,1
2017-09-30,1,1,0
2017-09-30,1,0,1
2017-09-30,0,0,0
2017-09-30,1,0,1
2017-09-30,5,2,3
2017-09-30,16,10,6
2017-09-30,7,1,6
2017-09-30,14,6,8
2017-09-30,17,12,5
2017-09-30,29,15,14
2017-09-30,26,17,9
2017-09-30,10,5,5
2017-09-30,16,8,8
2017-09-30,17,5,12
2017-09-30,16,9,7
2017-09-30,9,2,7
2017-09-30,14,9,5
2017-09-30,9,2,7
2017-09-30,8,3,5
2017-09-30,8,3,5
2017-09-30,11,8,3
2017-10-01,6,3,3
2017-10-01,0,0,0
2017-10-01,6,4,2
2017-10-01,1,1,0
2017-10-01,1,0,1
2017-10-01,1,1,0
2017-10-01,1,1,0
2017-10-01,1,1,0
2017-10-01,7,5,2
2017-10-01,8,4,4
2017-10-01,12,8,4
2017-10-01,5,2,3
2017-10-01,17,10,7
2017-10-01,14,8,6
2017-10-01,22,4,18
2017-10-01,36,16,20
2017-10-01,24,7,17
2017-10-01,23,9,14
2017-10-01,10,7,3
2017-10-01,15,5,10
2017-10-01,18,13,5
2017-10-01,27,18,9
2017-10-01,6,2,4
2017-10-01,4,3,1
2017-10-02,4,3,1
2017-10-02,1,0,1
2017-10-02,2,1,1
2017-10-02,1,1,0
2017-10-02,1,1,0
2017-10-02,8,6,2
2017-10-02,33,21,12
2017-10-02,69,39,30
2017-10-02,130,65,65
2017-10-02,61,36,25
2017-10-02,28,14,14
2017-10-02,32,16,16
2017-10-02,33,17,16
2017-10-02,24,10,14
2017-10-02,23,9,14
2017-10-02,45,11,34
2017-10-02,141,44,97
2017-10-02,158,50,108
2017-10-02,83,35,48
2017-10-02,33,11,22
2017-10-02,15,6,9
2017-10-02,6,4,2
2017-10-02,6,3,3
2017-10-02,2,2,0
2017-10-03,4,3,1
2017-10-03,2,0,2
2017-10-03,1,1,0
2017-10-03,1,1,0
2017-10-03,2,1,1
2017-10-03,7,4,3
2017-10-03,29,14,15
2017-10-03,93,53,40
2017-10-03,136,60,76
2017-10-03,69,35,34
2017-10-03,39,23,16
2017-10-03,40,22,18
2017-10-03,46,22,24
2017-10-03,39,18,21
2017-10-03,32,14,18
2017-10-03,72,21,51
2017-10-03,130,47,83
2017-10-03,212,66,146
2017-10-03,88,40,48
2017-10-03,38,14,24
2017-10-03,12,5,7
2017-10-03,12,3,9
2017-10-03,6,3,3
2017-10-03,6,2,4
2017-10-04,4,4,0
2017-10-04,0,0,0
2017-10-04,3,2,1
2017-10-04,1,1,0
2017-10-04,2,0,2
2017-10-04,7,6,1
2017-10-04,30,16,14
2017-10-04,87,46,41
2017-10-04,132,59,73
2017-10-04,75,35,40
2017-10-04,28,14,14
2017-10-04,29,16,13
2017-10-04,31,14,17
2017-10-04,24,8,16
2017-10-04,44,16,28
2017-10-04,56,15,41
2017-10-04,116,29,87
2017-10-04,179,66,113
2017-10-04,86,34,52
2017-10-04,34,19,15
2017-10-04,14,11,3
2017-10-04,10,5,5
2017-10-04,13,7,6
2017-10-04,4,1,3
2017-10-05,4,2,2
2017-10-05,1,1,0
2017-10-05,0,0,0
2017-10-05,0,0,0
2017-10-05,2,1,1
2017-10-05,10,9,1
2017-10-05,33,16,17
2017-10-05,69,35,34
2017-10-05,111,54,57
2017-10-05,77,31,46
2017-10-05,26,9,17
2017-10-05,29,16,13
2017-10-05,34,18,16
2017-10-05,29,16,13
2017-10-05,32,11,21
2017-10-05,53,19,34
2017-10-05,118,36,82
2017-10-05,167,58,109
2017-10-05,101,30,71
2017-10-05,39,20,19
2017-10-05,18,12,6
2017-10-05,20,13,7
2017-10-05,9,4,5
2017-10-05,5,2,3
2017-10-06,4,1,3
2017-10-06,0,0,0
2017-10-06,1,0,1
2017-10-06,0,0,0
2017-10-06,1,0,1
2017-10-06,7,5,2
2017-10-06,18,10,8
2017-10-06,66,39,27
2017-10-06,115,52,63
2017-10-06,56,30,26
2017-10-06,30,15,15
2017-10-06,33,20,13
2017-10-06,43,19,24
2017-10-06,35,13,22
2017-10-06,40,13,27
2017-10-06,74,29,45
2017-10-06,110,31,79
2017-10-06,125,45,80
2017-10-06,64,25,39
2017-10-06,29,12,17
2017-10-06,13,5,8
2017-10-06,6,3,3
2017-10-06,7,4,3
2017-10-06,3,1,2
2017-10-07,3,0,3
2017-10-07,6,1,5
2017-10-07,2,2,0
2017-10-07,0,0,0
2017-10-07,0,0,0
2017-10-07,2,1,1
2017-10-07,1,0,1
2017-10-07,2,2,0
2017-10-07,8,4,4
2017-10-07,9,4,5
2017-10-07,12,4,8
2017-10-07,15,9,6
2017-10-07,18,10,8
2017-10-07,18,11,7
2017-10-07,20,10,10
2017-10-07,16,6,10
2017-10-07,20,12,8
2017-10-07,16,12,4
2017-10-07,20,8,12
2017-10-07,5,3,2
2017-10-07,10,4,6
2017-10-07,1,1,0
2017-10-07,6,1,5
2017-10-07,3,2,1
2017-10-08,2,0,2
2017-10-08,2,1,1
2017-10-08,8,6,2
2017-10-08,0,0,0
2017-10-08,0,0,0
2017-10-08,1,0,1
2017-10-08,3,1,2
2017-10-08,4,2,2
2017-10-08,4,3,1
2017-10-08,5,1,4
2017-10-08,13,8,5
2017-10-08,15,5,10
2017-10-08,24,13,11
2017-10-08,7,3,4
2017-10-08,21,6,15
2017-10-08,19,10,9
2017-10-08,19,11,8
2017-10-08,21,8,13
2017-10-08,8,2,6
2017-10-08,11,5,6
2017-10-08,9,3,6
2017-10-08,2,1,1
2017-10-08,5,2,3
2017-10-08,0,0,0
2017-10-09,2,0,2
2017-10-09,2,1,1
2017-10-09,2,0,2
2017-10-09,1,1,0
2017-10-09,1,0,1
2017-10-09,10,7,3
2017-10-09,30,18,12
2017-10-09,73,45,28
2017-10-09,120,49,71
2017-10-09,81,41,40
2017-10-09,25,9,16
2017-10-09,33,21,12
2017-10-09,37,13,24
2017-10-09,28,18,10
2017-10-09,31,12,19
2017-10-09,47,12,35
2017-10-09,120,36,84
2017-10-09,192,69,123
2017-10-09,85,31,54
2017-10-09,24,10,14
2017-10-09,19,4,15
2017-10-09,7,3,4
2017-10-09,5,2,3
2017-10-09,1,0,1
2017-10-10,1,0,1
2017-10-10,3,1,2
2017-10-10,1,1,0
2017-10-10,0,0,0
2017-10-10,1,1,0
2017-10-10,9,7,2
2017-10-10,35,17,18
2017-10-10,60,34,26
2017-10-10,108,42,66
2017-10-10,64,28,36
2017-10-10,24,13,11
2017-10-10,18,13,5
2017-10-10,29,17,12
2017-10-10,25,13,12
2017-10-10,21,8,13
2017-10-10,42,12,30
2017-10-10,110,33,77
2017-10-10,144,46,98
2017-10-10,71,24,47
2017-10-10,27,13,14
2017-10-10,12,4,8
2017-10-10,6,2,4
2017-10-10,7,4,3
2017-10-10,3,1,2
2017-10-11,1,1,0
2017-10-11,0,0,0
2017-10-11,0,0,0
2017-10-11,0,0,0
2017-10-11,3,2,1
2017-10-11,10,8,2
2017-10-11,26,18,8
2017-10-11,60,33,27
2017-10-11,92,43,49
2017-10-11,71,36,35
2017-10-11,32,12,20
2017-10-11,23,14,9
2017-10-11,31,15,16
2017-10-11,31,15,16
2017-10-11,35,15,20
2017-10-11,50,13,37
2017-10-11,111,36,75
2017-10-11,144,52,92
2017-10-11,80,28,52
2017-10-11,27,12,15
2017-10-11,17,9,8
2017-10-11,8,5,3
2017-10-11,10,6,4
2017-10-11,3,0,3
2017-10-12,0,0,0
2017-10-12,0,0,0
2017-10-12,1,0,1
2017-10-12,0,0,0
2017-10-12,1,0,1
2017-10-12,9,8,1
2017-10-12,21,12,9
2017-10-12,49,28,21
2017-10-12,85,41,44
2017-10-12,51,24,27
2017-10-12,22,11,11
2017-10-12,24,14,10
2017-10-12,9,7,2
2017-10-12,24,14,10
2017-10-12,21,8,13
2017-10-12,36,11,25
2017-10-12,93,30,63
2017-10-12,112,29,83
2017-10-12,49,19,30
2017-10-12,26,9,17
2017-10-12,10,5,5
2017-10-12,7,4,3
2017-10-12,17,11,6
2017-10-12,3,2,1
2017-10-13,1,1,0
2017-10-13,3,2,1
2017-10-13,0,0,0
2017-10-13,0,0,0
2017-10-13,0,0,0
2017-10-13,12,9,3
2017-10-13,23,11,12
2017-10-13,57,32,25
2017-10-13,79,35,44
2017-10-13,51,23,28
2017-10-13,26,13,13
2017-10-13,24,15,9
2017-10-13,35,11,24
2017-10-13,29,11,18
2017-10-13,36,19,17
2017-10-13,59,12,47
2017-10-13,103,30,73
2017-10-13,114,42,72
2017-10-13,56,22,34
2017-10-13,16,7,9
2017-10-13,12,4,8
2017-10-13,5,3,2
2017-10-13,4,1,3
2017-10-13,3,2,1
2017-10-14,1,1,0
2017-10-14,4,3,1
2017-10-14,1,0,1
2017-10-14,1,1,0
2017-10-14,0,0,0
2017-10-14,2,1,1
2017-10-14,7,1,6
2017-10-14,7,3,4
2017-10-14,11,6,5
2017-10-14,20,8,12
2017-10-14,12,4,8
2017-10-14,27,16,11
2017-10-14,22,11,11
2017-10-14,19,10,9
2017-10-14,18,10,8
2017-10-14,26,11,15
2017-10-14,21,8,13
2017-10-14,12,4,8
2017-10-14,13,5,8
2017-10-14,7,4,3
2017-10-14,12,7,5
2017-10-14,5,4,1
2017-10-14,4,2,2
2017-10-14,3,1,2
2017-10-15,1,0,1
2017-10-15,2,0,2
2017-10-15,2,1,1
2017-10-15,0,0,0
2017-10-15,0,0,0
2017-10-15,2,1,1
2017-10-15,0,0,0
2017-10-15,1,1,0
2017-10-15,11,7,4
2017-10-15,9,7,2
2017-10-15,13,8,5
2017-10-15,14,6,8
2017-10-15,16,2,14
2017-10-15,25,9,16
2017-10-15,27,13,14
2017-10-15,41,18,23
2017-10-15,58,11,47
2017-10-15,19,9,10
2017-10-15,45,32,13
2017-10-15,12,9,3
2017-10-15,14,8,6
2017-10-15,6,5,1
2017-10-15,0,0,0
2017-10-15,1,1,0
2017-10-16,0,0,0
2017-10-16,0,0,0
2017-10-16,2,1,1
2017-10-16,0,0,0
2017-10-16,3,3,0
2017-10-16,10,8,2
2017-10-16,33,17,16
2017-10-16,80,45,35
2017-10-16,120,65,55
2017-10-16,73,41,32
2017-10-16,39,18,21
2017-10-16,24,14,10
2017-10-16,30,13,17
2017-10-16,22,10,12
2017-10-16,27,9,18
2017-10-16,69,24,45
2017-10-16,125,38,87
2017-10-16,175,50,125
2017-10-16,77,29,48
2017-10-16,29,16,13
2017-10-16,18,8,10
2017-10-16,9,4,5
2017-10-16,7,5,2
2017-10-16,1,1,0
2017-10-17,2,1,1
2017-10-17,1,1,0
2017-10-17,1,0,1
2017-10-17,0,0,0
2017-10-17,1,0,1
2017-10-17,10,6,4
2017-10-17,23,13,10
2017-10-17,66,37,29
2017-10-17,86,44,42
2017-10-17,44,17,27
2017-10-17,17,8,9
2017-10-17,23,14,9
2017-10-17,23,14,9
2017-10-17,14,8,6
2017-10-17,19,12,7
2017-10-17,42,15,27
2017-10-17,98,25,73
2017-10-17,115,29,86
2017-10-17,68,23,45
2017-10-17,23,13,10
2017-10-17,17,6,11
2017-10-17,10,7,3
2017-10-17,6,2,4
2017-10-17,3,2,1
2017-10-18,4,2,2
2017-10-18,1,0,1
2017-10-18,2,1,1
2017-10-18,0,0,0
2017-10-18,1,1,0
2017-10-18,8,7,1
2017-10-18,15,6,9
2017-10-18,55,34,21
2017-10-18,74,35,39
2017-10-18,48,20,28
2017-10-18,19,11,8
2017-10-18,15,9,6
2017-10-18,14,7,7
2017-10-18,22,8,14
2017-10-18,23,12,11
2017-10-18,31,5,26
2017-10-18,85,27,58
2017-10-18,95,36,59
2017-10-18,40,16,24
2017-10-18,16,6,10
2017-10-18,7,4,3
2017-10-18,3,1,2
2017-10-18,4,1,3
2017-10-18,1,1,0
2017-10-19,1,0,1
2017-10-19,0,0,0
2017-10-19,1,1,0
2017-10-19,0,0,0
2017-10-19,3,2,1
2017-10-19,6,4,2
2017-10-19,26,14,12
2017-10-19,34,15,19
2017-10-19,70,33,37
2017-10-19,39,17,22
2017-10-19,11,10,1
2017-10-19,24,13,11
2017-10-19,19,13,6
2017-10-19,22,14,8
2017-10-19,17,7,10
2017-10-19,27,5,22
2017-10-19,65,18,47
2017-10-19,75,31,44
2017-10-19,44,10,34
2017-10-19,21,7,14
2017-10-19,9,4,5
2017-10-19,5,2,3
2017-10-19,3,0,3
2017-10-19,3,3,0
2017-10-20,0,0,0
2017-10-20,2,2,0
2017-10-20,1,0,1
2017-10-20,0,0,0
2017-10-20,1,1,0
2017-10-20,6,4,2
2017-10-20,17,11,6
2017-10-20,36,21,15
2017-10-20,76,30,46
2017-10-20,36,17,19
2017-10-20,20,10,10
2017-10-20,31,16,15
2017-10-20,25,17,8
2017-10-20,20,9,11
2017-10-20,21,14,7
2017-10-20,49,18,31
2017-10-20,84,26,58
2017-10-20,81,26,55
2017-10-20,52,20,32
2017-10-20,28,9,19
2017-10-20,8,2,6
2017-10-20,4,1,3
2017-10-20,5,2,3
2017-10-20,5,3,2
2017-10-21,1,1,0
2017-10-21,2,2,0
2017-10-21,2,0,2
2017-10-21,2,0,2
2017-10-21,1,0,1
2017-10-21,2,2,0
2017-10-21,1,0,1
2017-10-21,3,2,1
2017-10-21,4,4,0
2017-10-21,8,3,5
2017-10-21,6,3,3
2017-10-21,10,6,4
2017-10-21,6,3,3
2017-10-21,4,2,2
2017-10-21,5,3,2
2017-10-21,9,6,3
2017-10-21,5,2,3
2017-10-21,4,2,2
2017-10-21,9,3,6
2017-10-21,8,2,6
2017-10-21,3,1,2
2017-10-21,3,3,0
2017-10-21,4,1,3
2017-10-21,1,0,1
2017-10-22,1,1,0
2017-10-22,0,0,0
2017-10-22,0,0,0
2017-10-22,2,1,1
2017-10-22,0,0,0
2017-10-22,2,1,1
2017-10-22,2,1,1
2017-10-22,2,1,1
2017-10-22,8,3,5
2017-10-22,5,0,5
2017-10-22,12,7,5
2017-10-22,19,9,10
2017-10-22,40,11,29
2017-10-22,24,4,20
2017-10-22,19,11,8
2017-10-22,30,16,14
2017-10-22,13,6,7
2017-10-22,24,14,10
2017-10-22,9,6,3
2017-10-22,7,4,3
2017-10-22,6,2,4
2017-10-22,9,5,4
2017-10-22,1,1,0
2017-10-22,7,2,5
2017-10-23,2,1,1
2017-10-23,1,1,0
2017-10-23,0,0,0
2017-10-23,0,0,0
2017-10-23,1,1,0
2017-10-23,9,8,1
2017-10-23,34,17,17
2017-10-23,69,31,38
2017-10-23,126,55,71
2017-10-23,67,29,38
2017-10-23,32,19,13
2017-10-23,26,19,7
2017-10-23,33,16,17
2017-10-23,31,19,12
2017-10-23,31,12,19
2017-10-23,53,20,33
2017-10-23,130,40,90
2017-10-23,163,48,115
2017-10-23,77,30,47
2017-10-23,25,10,15
2017-10-23,16,8,8
2017-10-23,10,3,7
2017-10-23,3,0,3
2017-10-23,5,4,1
2017-10-24,3,2,1
2017-10-24,1,1,0
2017-10-24,0,0,0
2017-10-24,1,1,0
2017-10-24,1,0,1
2017-10-24,9,8,1
2017-10-24,41,23,18
2017-10-24,80,44,36
2017-10-24,146,56,90
2017-10-24,81,33,48
2017-10-24,26,15,11
2017-10-24,36,16,20
2017-10-24,33,15,18
2017-10-24,32,13,19
2017-10-24,31,14,17
2017-10-24,60,26,34
2017-10-24,138,41,97
2017-10-24,189,62,127
2017-10-24,76,27,49
2017-10-24,38,14,24
2017-10-24,15,4,11
2017-10-24,10,2,8
2017-10-24,5,5,0
2017-10-24,4,3,1
2017-10-25,2,0,2
2017-10-25,1,1,0
2017-10-25,0,0,0
2017-10-25,1,1,0
2017-10-25,1,1,0
2017-10-25,12,9,3
2017-10-25,39,19,20
2017-10-25,69,40,29
2017-10-25,125,54,71
2017-10-25,67,26,41
2017-10-25,30,13,17
2017-10-25,24,15,9
2017-10-25,28,12,16
2017-10-25,29,13,16
2017-10-25,41,22,19
2017-10-25,65,18,47
2017-10-25,125,44,81
2017-10-25,161,49,112
2017-10-25,75,30,45
2017-10-25,22,8,14
2017-10-25,12,4,8
2017-10-25,15,3,12
2017-10-25,3,3,0
2017-10-25,6,3,3
2017-10-26,3,1,2
2017-10-26,2,1,1
2017-10-26,0,0,0
2017-10-26,1,1,0
2017-10-26,2,0,2
2017-10-26,10,6,4
2017-10-26,44,26,18
2017-10-26,73,38,35
2017-10-26,113,52,61
2017-10-26,65,26,39
2017-10-26,31,18,13
2017-10-26,25,15,10
2017-10-26,37,21,16
2017-10-26,30,14,16
2017-10-26,36,20,16
2017-10-26,47,13,34
2017-10-26,125,31,94
2017-10-26,150,53,97
2017-10-26,97,34,63
2017-10-26,28,14,14
2017-10-26,25,14,11
2017-10-26,12,4,8
2017-10-26,6,1,5
2017-10-26,2,1,1
2017-10-27,0,0,0
2017-10-27,3,2,1
2017-10-27,0,0,0
2017-10-27,2,1,1
2017-10-27,0,0,0
2017-10-27,13,10,3
2017-10-27,28,19,9
2017-10-27,58,31,27
2017-10-27,92,42,50
2017-10-27,64,33,31
2017-10-27,28,14,14
2017-10-27,36,19,17
2017-10-27,41,21,20
2017-10-27,38,15,23
2017-10-27,43,15,28
2017-10-27,87,31,56
2017-10-27,116,32,84
2017-10-27,136,54,82
2017-10-27,71,26,45
2017-10-27,22,10,12
2017-10-27,16,7,9
2017-10-27,10,4,6
2017-10-27,7,3,4
2017-10-27,4,2,2
2017-10-28,1,0,1
2017-10-28,2,1,1
2017-10-28,9,7,2
2017-10-28,1,1,0
2017-10-28,1,0,1
2017-10-28,5,2,3
2017-10-28,2,1,1
2017-10-28,6,5,1
2017-10-28,13,10,3
2017-10-28,7,2,5
2017-10-28,22,9,13
2017-10-28,17,9,8
2017-10-28,26,16,10
2017-10-28,21,11,10
2017-10-28,29,12,17
2017-10-28,20,10,10
2017-10-28,21,12,9
2017-10-28,15,7,8
2017-10-28,14,9,5
2017-10-28,12,5,7
2017-10-28,4,2,2
2017-10-28,12,6,6
2017-10-28,5,2,3
2017-10-28,9,3,6
2017-10-29,2,0,2
2017-10-29,3,1,2
2017-10-29,1,1,0
2017-10-29,1,1,0
2017-10-29,1,1,0
2017-10-29,2,1,1
2017-10-29,3,3,0
2017-10-29,5,1,4
2017-10-29,8,5,3
2017-10-29,4,1,3
2017-10-29,12,9,3
2017-10-29,16,4,12
2017-10-29,27,5,22
2017-10-29,16,7,9
2017-10-29,10,4,6
2017-10-29,13,5,8
2017-10-29,35,24,11
2017-10-29,28,14,14
2017-10-29,10,6,4
2017-10-29,11,7,4
2017-10-29,7,3,4
2017-10-29,6,3,3
2017-10-29,0,0,0
2017-10-29,0,0,0
2017-10-30,3,0,3
2017-10-30,1,0,1
2017-10-30,2,0,2
2017-10-30,1,1,0
2017-10-30,3,2,1
2017-10-30,12,8,4
2017-10-30,26,14,12
2017-10-30,79,37,42
2017-10-30,122,65,57
2017-10-30,77,35,42
2017-10-30,28,14,14
2017-10-30,26,16,10
2017-10-30,9,6,3
2017-10-30,19,7,12
2017-10-30,28,13,15
2017-10-30,71,17,54
2017-10-30,117,35,82
2017-10-30,164,60,104
2017-10-30,69,20,49
2017-10-30,28,11,17
2017-10-30,17,9,8
2017-10-30,7,3,4
2017-10-30,5,1,4
2017-10-30,2,0,2
2017-10-31,1,0,1
2017-10-31,2,1,1
2017-10-31,0,0,0
2017-10-31,1,1,0
2017-10-31,2,1,1
2017-10-31,15,9,6
2017-10-31,33,21,12
2017-10-31,78,41,37
2017-10-31,126,54,72
2017-10-31,65,32,33
2017-10-31,29,18,11
2017-10-31,16,10,6
2017-10-31,16,11,5
2017-10-31,15,5,10
2017-10-31,36,18,18
2017-10-31,63,18,45
2017-10-31,159,54,105
2017-10-31,158,52,106
2017-10-31,51,19,32
2017-10-31,25,8,17
2017-10-31,9,4,5
2017-10-31,7,7,0
2017-10-31,9,3,6
2017-10-31,3,1,2
2017-11-01,3,3,0
2017-11-01,4,2,2
2017-11-01,3,1,2
2017-11-01,2,1,1
2017-11-01,2,1,1
2017-11-01,9,7,2
2017-11-01,33,20,13
2017-11-01,58,28,30
2017-11-01,99,56,43
2017-11-01,65,28,37
2017-11-01,23,7,16
2017-11-01,31,17,14
2017-11-01,17,8,9
2017-11-01,16,11,5
2017-11-01,33,16,17
2017-11-01,48,13,35
2017-11-01,76,21,55
2017-11-01,144,46,98
2017-11-01,61,19,42
2017-11-01,28,14,14
2017-11-01,13,4,9
2017-11-01,6,5,1
2017-11-01,4,0,4
2017-11-01,7,3,4
2017-11-02,2,2,0
2017-11-02,0,0,0
2017-11-02,0,0,0
2017-11-02,3,1,2
2017-11-02,1,0,1
2017-11-02,9,5,4
2017-11-02,25,17,8
2017-11-02,45,21,24
2017-11-02,89,39,50
2017-11-02,52,24,28
2017-11-02,24,9,15
2017-11-02,27,18,9
2017-11-02,21,11,10
2017-11-02,23,8,15
2017-11-02,34,11,23
2017-11-02,33,10,23
2017-11-02,77,24,53
2017-11-02,148,33,115
2017-11-02,77,16,61
2017-11-02,42,11,31
2017-11-02,17,12,5
2017-11-02,20,11,9
2017-11-02,14,12,2
2017-11-02,7,3,4
2017-11-03,4,2,2
2017-11-03,1,1,0
2017-11-03,1,1,0
2017-11-03,1,0,1
2017-11-03,1,1,0
2017-11-03,4,3,1
2017-11-03,19,11,8
2017-11-03,41,22,19
2017-11-03,66,29,37
2017-11-03,42,19,23
2017-11-03,21,10,11
2017-11-03,21,10,11
2017-11-03,19,9,10
2017-11-03,16,9,7
2017-11-03,17,5,12
2017-11-03,35,14,21
2017-11-03,63,20,43
2017-11-03,82,24,58
2017-11-03,36,12,24
2017-11-03,15,7,8
2017-11-03,1,0,1
2017-11-03,2,0,2
2017-11-03,2,0,2
2017-11-03,1,0,1
2017-11-04,2,0,2
2017-11-04,3,2,1
2017-11-04,1,0,1
2017-11-04,1,0,1
2017-11-04,0,0,0
2017-11-04,2,1,1
2017-11-04,2,0,2
2017-11-04,2,1,1
2017-11-04,5,4,1
2017-11-04,6,4,2
2017-11-04,7,3,4
2017-11-04,13,4,9
2017-11-04,10,8,2
2017-11-04,14,5,9
2017-11-04,18,15,3
2017-11-04,19,8,11
2017-11-04,11,3,8
2017-11-04,9,5,4
2017-11-04,11,5,6
2017-11-04,4,2,2
2017-11-04,2,1,1
2017-11-04,3,1,2
2017-11-04,5,2,3
2017-11-04,3,0,3
2017-11-05,3,0,3
2017-11-05,2,2,0
2017-11-05,0,0,0
2017-11-05,0,0,0
2017-11-05,0,0,0
2017-11-05,1,0,1
2017-11-05,2,1,1
2017-11-05,3,1,2
2017-11-05,6,4,2
2017-11-05,2,1,1
2017-11-05,13,7,6
2017-11-05,8,1,7
2017-11-05,12,4,8
2017-11-05,12,4,8
2017-11-05,3,2,1
2017-11-05,7,2,5
2017-11-05,12,10,2
2017-11-05,21,15,6
2017-11-05,6,3,3
2017-11-05,4,1,3
2017-11-05,5,4,1
2017-11-05,5,0,5
2017-11-05,0,0,0
2017-11-05,0,0,0
2017-11-06,4,2,2
2017-11-06,0,0,0
2017-11-06,0,0,0
2017-11-06,1,1,0
2017-11-06,1,0,1
2017-11-06,14,8,6
2017-11-06,28,16,12
2017-11-06,62,29,33
2017-11-06,96,46,50
2017-11-06,44,22,22
2017-11-06,23,14,9
2017-11-06,26,16,10
2017-11-06,28,19,9
2017-11-06,30,15,15
2017-11-06,32,14,18
2017-11-06,41,12,29
2017-11-06,98,30,68
2017-11-06,128,33,95
2017-11-06,59,18,41
2017-11-06,18,8,10
2017-11-06,11,6,5
2017-11-06,5,3,2
2017-11-06,6,4,2
2017-11-06,3,1,2
2017-11-07,0,0,0
2017-11-07,0,0,0
2017-11-07,2,2,0
2017-11-07,0,0,0
2017-11-07,0,0,0
2017-11-07,1,1,0
2017-11-07,48,26,22
2017-11-07,75,34,41
2017-11-07,83,33,50
2017-11-07,61,28,33
2017-11-07,23,14,9
2017-11-07,16,9,7
2017-11-07,19,9,10
2017-11-07,27,16,11
2017-11-07,22,9,13
2017-11-07,46,14,32
2017-11-07,111,29,82
2017-11-07,145,46,99
2017-11-07,64,23,41
2017-11-07,23,11,12
2017-11-07,7,4,3
2017-11-07,13,7,6
2017-11-07,3,3,0
2017-11-07,7,4,3
2017-11-08,3,1,2
2017-11-08,1,0,1
2017-11-08,1,0,1
2017-11-08,1,1,0
2017-11-08,3,0,3
2017-11-08,9,5,4
2017-11-08,27,13,14
2017-11-08,63,32,31
2017-11-08,94,48,46
2017-11-08,67,34,33
2017-11-08,29,17,12
2017-11-08,24,15,9
2017-11-08,25,11,14
2017-11-08,26,13,13
2017-11-08,28,11,17
2017-11-08,37,9,28
2017-11-08,90,24,66
2017-11-08,102,31,71
2017-11-08,50,18,32
2017-11-08,15,5,10
2017-11-08,8,2,6
2017-11-08,7,3,4
2017-11-08,2,0,2
2017-11-08,0,0,0
2017-11-09,5,2,3
2017-11-09,1,1,0
2017-11-09,1,1,0
2017-11-09,0,0,0
2017-11-09,1,0,1
2017-11-09,10,5,5
2017-11-09,20,10,10
2017-11-09,38,22,16
2017-11-09,64,27,37
2017-11-09,41,20,21
2017-11-09,16,9,7
2017-11-09,17,11,6
2017-11-09,10,4,6
2017-11-09,17,6,11
2017-11-09,16,7,9
2017-11-09,38,8,30
2017-11-09,70,23,47
2017-11-09,80,30,50
2017-11-09,44,12,32
2017-11-09,12,5,7
2017-11-09,10,7,3
2017-11-09,9,6,3
2017-11-09,3,1,2
2017-11-09,6,2,4
2017-11-10,1,0,1
2017-11-10,0,0,0
2017-11-10,1,0,1
2017-11-10,0,0,0
2017-11-10,1,0,1
2017-11-10,12,5,7
2017-11-10,29,19,10
2017-11-10,51,31,20
2017-11-10,60,32,28
2017-11-10,47,25,22
2017-11-10,33,15,18
2017-11-10,29,18,11
2017-11-10,22,10,12
2017-11-10,44,23,21
2017-11-10,34,13,21
2017-11-10,53,20,33
2017-11-10,83,25,58
2017-11-10,97,29,68
2017-11-10,60,22,38
2017-11-10,21,5,16
2017-11-10,7,2,5
2017-11-10,5,1,4
2017-11-10,3,1,2
2017-11-10,6,2,4
2017-11-11,1,1,0
2017-11-11,1,0,1
2017-11-11,0,0,0
2017-11-11,0,0,0
2017-11-11,0,0,0
2017-11-11,3,2,1
2017-11-11,3,2,1
2017-11-11,4,3,1
2017-11-11,6,4,2
2017-11-11,5,3,2
2017-11-11,8,4,4
2017-11-11,5,2,3
2017-11-11,4,3,1
2017-11-11,7,3,4
2017-11-11,15,4,11
2017-11-11,6,1,5
2017-11-11,1,0,1
2017-11-11,6,3,3
2017-11-11,5,2,3
2017-11-11,1,1,0
2017-11-11,1,1,0
2017-11-11,0,0,0
2017-11-11,4,2,2
2017-11-11,1,0,1
2017-11-12,0,0,0
2017-11-12,0,0,0
2017-11-12,2,1,1
2017-11-12,1,1,0
2017-11-12,1,0,1
2017-11-12,1,0,1
2017-11-12,2,0,2
2017-11-12,3,2,1
2017-11-12,6,4,2
2017-11-12,7,3,4
2017-11-12,10,6,4
2017-11-12,12,6,6
2017-11-12,6,4,2
2017-11-12,17,11,6
2017-11-12,6,4,2
2017-11-12,7,3,4
2017-11-12,6,2,4
2017-11-12,6,4,2
2017-11-12,5,1,4
2017-11-12,6,2,4
2017-11-12,0,0,0
2017-11-12,3,2,1
2017-11-12,4,1,3
2017-11-12,0,0,0
2017-11-13,2,0,2
2017-11-13,2,1,1
2017-11-13,1,1,0
2017-11-13,0,0,0
2017-11-13,3,2,1
2017-11-13,5,4,1
2017-11-13,16,7,9
2017-11-13,32,19,13
2017-11-13,72,35,37
2017-11-13,41,20,21
2017-11-13,28,10,18
2017-11-13,16,11,5
2017-11-13,21,14,7
2017-11-13,16,9,7
2017-11-13,21,11,10
2017-11-13,28,7,21
2017-11-13,35,12,23
2017-11-13,57,19,38
2017-11-13,42,15,27
2017-11-13,6,3,3
2017-11-13,6,3,3
2017-11-13,2,1,1
2017-11-13,5,0,5
2017-11-13,3,1,2
2017-11-14,1,1,0
2017-11-14,1,1,0
2017-11-14,3,2,1
2017-11-14,0,0,0
2017-11-14,1,0,1
2017-11-14,10,5,5
2017-11-14,20,10,10
2017-11-14,40,24,16
2017-11-14,75,30,45
2017-11-14,38,20,18
2017-11-14,20,6,14
2017-11-14,25,16,9
2017-11-14,23,11,12
2017-11-14,20,11,9
2017-11-14,25,10,15
2017-11-14,36,12,24
2017-11-14,72,27,45
2017-11-14,109,34,75
2017-11-14,46,19,27
2017-11-14,34,17,17
2017-11-14,2,0,2
2017-11-14,5,2,3
2017-11-14,8,3,5
2017-11-14,1,1,0
2017-11-15,2,2,0
2017-11-15,0,0,0
2017-11-15,1,1,0
2017-11-15,0,0,0
2017-11-15,2,1,1
2017-11-15,9,6,3
2017-11-15,25,13,12
2017-11-15,43,21,22
2017-11-15,63,27,36
2017-11-15,39,21,18
2017-11-15,13,6,7
2017-11-15,19,7,12
2017-11-15,19,12,7
2017-11-15,23,9,14
2017-11-15,18,6,12
2017-11-15,38,10,28
2017-11-15,71,17,54
2017-11-15,99,34,65
2017-11-15,55,24,31
2017-11-15,19,12,7
2017-11-15,8,5,3
2017-11-15,5,2,3
2017-11-15,7,3,4
2017-11-15,2,1,1
2017-11-16,3,1,2
2017-11-16,0,0,0
2017-11-16,0,0,0
2017-11-16,1,1,0
2017-11-16,2,1,1
2017-11-16,12,7,5
2017-11-16,21,12,9
2017-11-16,36,17,19
2017-11-16,87,40,47
2017-11-16,50,19,31
2017-11-16,31,15,16
2017-11-16,30,17,13
2017-11-16,17,9,8
2017-11-16,15,11,4
2017-11-16,14,9,5
2017-11-16,43,15,28
2017-11-16,72,23,49
2017-11-16,117,37,80
2017-11-16,67,21,46
2017-11-16,26,13,13
2017-11-16,5,3,2
2017-11-16,6,3,3
2017-11-16,4,3,1
2017-11-16,2,1,1
2017-11-17,2,2,0
2017-11-17,1,1,0
2017-11-17,1,0,1
2017-11-17,0,0,0
2017-11-17,1,1,0
2017-11-17,12,6,6
2017-11-17,20,12,8
2017-11-17,47,25,22
2017-11-17,95,44,51
2017-11-17,47,23,24
2017-11-17,30,18,12
2017-11-17,25,14,11
2017-11-17,27,15,12
2017-11-17,27,9,18
2017-11-17,38,17,21
2017-11-17,58,16,42
2017-11-17,87,29,58
2017-11-17,104,43,61
2017-11-17,43,15,28
2017-11-17,27,11,16
2017-11-17,11,8,3
2017-11-17,5,3,2
2017-11-17,5,0,5
2017-11-17,7,2,5
2017-11-18,1,1,0
2017-11-18,0,0,0
2017-11-18,1,1,0
2017-11-18,1,0,1
2017-11-18,0,0,0
2017-11-18,4,2,2
2017-11-18,3,1,2
2017-11-18,6,3,3
2017-11-18,10,6,4
2017-11-18,18,7,11
2017-11-18,32,5,27
2017-11-18,39,26,13
2017-11-18,26,10,16
2017-11-18,26,9,17
2017-11-18,26,13,13
2017-11-18,27,13,14
2017-11-18,22,14,8
2017-11-18,14,9,5
2017-11-18,15,5,10
2017-11-18,10,2,8
2017-11-18,8,4,4
2017-11-18,2,1,1
2017-11-18,4,2,2
2017-11-18,2,2,0
2017-11-19,3,1,2
2017-11-19,6,3,3
2017-11-19,1,0,1
2017-11-19,0,0,0
2017-11-19,0,0,0
2017-11-19,2,0,2
2017-11-19,1,0,1
2017-11-19,3,1,2
2017-11-19,6,2,4
2017-11-19,6,2,4
2017-11-19,5,4,1
2017-11-19,8,5,3
2017-11-19,4,3,1
2017-11-19,10,8,2
2017-11-19,5,3,2
2017-11-19,8,4,4
2017-11-19,8,3,5
2017-11-19,2,1,1
2017-11-19,4,2,2
2017-11-19,2,1,1
2017-11-19,1,1,0
2017-11-19,0,0,0
2017-11-19,0,0,0
2017-11-19,0,0,0
2017-11-20,1,1,0
2017-11-20,0,0,0
2017-11-20,1,1,0
2017-11-20,0,0,0
2017-11-20,2,1,1
2017-11-20,10,7,3
2017-11-20,23,13,10
2017-11-20,27,16,11
2017-11-20,47,21,26
2017-11-20,34,23,11
2017-11-20,24,9,15
2017-11-20,17,10,7
2017-11-20,18,9,9
2017-11-20,19,13,6
2017-11-20,30,8,22
2017-11-20,39,13,26
2017-11-20,105,30,75
2017-11-20,95,24,71
2017-11-20,46,16,30
2017-11-20,16,6,10
2017-11-20,15,5,10
2017-11-20,35,21,14
2017-11-20,3,1,2
2017-11-20,3,2,1
2017-11-21,1,1,0
2017-11-21,2,2,0
2017-11-21,1,1,0
2017-11-21,0,0,0
2017-11-21,1,1,0
2017-11-21,8,5,3
2017-11-21,18,11,7
2017-11-21,30,16,14
2017-11-21,51,23,28
2017-11-21,35,17,18
2017-11-21,18,9,9
2017-11-21,13,5,8
2017-11-21,11,5,6
2017-11-21,15,8,7
2017-11-21,18,6,12
2017-11-21,33,9,24
2017-11-21,53,16,37
2017-11-21,84,27,57
2017-11-21,27,13,14
2017-11-21,10,5,5
2017-11-21,4,2,2
2017-11-21,2,1,1
2017-11-21,3,2,1
2017-11-21,2,2,0
2017-11-22,2,0,2
2017-11-22,1,1,0
2017-11-22,2,1,1
2017-11-22,1,0,1
2017-11-22,2,1,1
2017-11-22,6,4,2
2017-11-22,20,12,8
2017-11-22,30,17,13
2017-11-22,48,24,24
2017-11-22,31,15,16
2017-11-22,17,9,8
2017-11-22,20,10,10
2017-11-22,20,8,12
2017-11-22,21,14,7
2017-11-22,36,12,24
2017-11-22,53,16,37
2017-11-22,69,22,47
2017-11-22,51,23,28
2017-11-22,31,14,17
2017-11-22,16,3,13
2017-11-22,13,6,7
2017-11-22,2,2,0
2017-11-22,1,0,1
2017-11-22,3,1,2
2017-11-23,0,0,0
2017-11-23,3,2,1
2017-11-23,2,2,0
2017-11-23,3,2,1
2017-11-23,0,0,0
2017-11-23,0,0,0
2017-11-23,2,1,1
2017-11-23,3,3,0
2017-11-23,6,3,3
2017-11-23,1,1,0
2017-11-23,5,1,4
2017-11-23,3,3,0
2017-11-23,8,3,5
2017-11-23,4,3,1
2017-11-23,1,1,0
2017-11-23,8,5,3
2017-11-23,3,2,1
2017-11-23,5,5,0
2017-11-23,1,1,0
2017-11-23,1,1,0
2017-11-23,4,3,1
2017-11-23,10,4,6
2017-11-23,0,0,0
2017-11-23,3,2,1
2017-11-24,0,0,0
2017-11-24,3,1,2
2017-11-24,3,2,1
2017-11-24,0,0,0
2017-11-24,1,1,0
2017-11-24,1,1,0
2017-11-24,4,1,3
2017-11-24,9,5,4
2017-11-24,12,7,5
2017-11-24,8,6,2
2017-11-24,11,9,2
2017-11-24,15,11,4
2017-11-24,15,7,8
2017-11-24,13,8,5
2017-11-24,22,14,8
2017-11-24,16,6,10
2017-11-24,15,7,8
2017-11-24,14,4,10
2017-11-24,6,4,2
2017-11-24,9,4,5
2017-11-24,4,2,2
2017-11-24,5,1,4
2017-11-24,6,3,3
2017-11-24,7,2,5
2017-11-25,0,0,0
2017-11-25,3,1,2
2017-11-25,0,0,0
2017-11-25,1,1,0
2017-11-25,0,0,0
2017-11-25,3,0,3
2017-11-25,0,0,0
2017-11-25,5,3,2
2017-11-25,9,6,3
2017-11-25,10,3,7
2017-11-25,15,10,5
2017-11-25,8,1,7
2017-11-25,13,6,7
2017-11-25,25,13,12
2017-11-25,12,8,4
2017-11-25,15,4,11
2017-11-25,13,9,4
2017-11-25,2,1,1
2017-11-25,10,5,5
2017-11-25,5,1,4
2017-11-25,0,0,0
2017-11-25,1,0,1
2017-11-25,2,0,2
2017-11-25,1,0,1
2017-11-26,1,1,0
2017-11-26,1,0,1
2017-11-26,1,0,1
2017-11-26,2,1,1
2017-11-26,1,0,1
2017-11-26,1,0,1
2017-11-26,0,0,0
2017-11-26,2,1,1
2017-11-26,3,2,1
2017-11-26,3,1,2
2017-11-26,12,10,2
2017-11-26,2,0,2
2017-11-26,3,1,2
2017-11-26,2,2,0
2017-11-26,7,4,3
2017-11-26,4,1,3
2017-11-26,10,7,3
2017-11-26,8,4,4
2017-11-26,6,1,5
2017-11-26,3,1,2
2017-11-26,3,1,2
2017-11-26,3,2,1
2017-11-26,0,0,0
2017-11-26,2,0,2
2017-11-27,0,0,0
2017-11-27,0,0,0
2017-11-27,0,0,0
2017-11-27,1,0,1
2017-11-27,1,1,0
2017-11-27,7,4,3
2017-11-27,35,22,13
2017-11-27,58,30,28
2017-11-27,108,51,57
2017-11-27,61,32,29
2017-11-27,21,10,11
2017-11-27,21,10,11
2017-11-27,22,10,12
2017-11-27,21,13,8
2017-11-27,30,14,16
2017-11-27,49,16,33
2017-11-27,115,31,84
2017-11-27,131,35,96
2017-11-27,68,27,41
2017-11-27,29,8,21
2017-11-27,14,6,8
2017-11-27,2,1,1
2017-11-27,2,1,1
2017-11-27,1,1,0
2017-11-28,1,0,1
2017-11-28,1,0,1
2017-11-28,2,1,1
2017-11-28,0,0,0
2017-11-28,3,2,1
2017-11-28,10,7,3
2017-11-28,26,11,15
2017-11-28,38,18,20
2017-11-28,83,35,48
2017-11-28,46,26,20
2017-11-28,12,7,5
2017-11-28,15,5,10
2017-11-28,10,6,4
2017-11-28,8,6,2
2017-11-28,16,4,12
2017-11-28,25,8,17
2017-11-28,76,20,56
2017-11-28,103,30,73
2017-11-28,60,26,34
2017-11-28,21,6,15
2017-11-28,10,5,5
2017-11-28,5,3,2
2017-11-28,5,3,2
2017-11-28,2,2,0
2017-11-29,3,2,1
2017-11-29,3,2,1
2017-11-29,1,1,0
2017-11-29,1,0,1
2017-11-29,2,1,1
2017-11-29,9,6,3
2017-11-29,36,22,14
2017-11-29,46,23,23
2017-11-29,88,43,45
2017-11-29,62,28,34
2017-11-29,25,8,17
2017-11-29,15,9,6
2017-11-29,31,15,16
2017-11-29,39,26,13
2017-11-29,37,21,16
2017-11-29,49,11,38
2017-11-29,102,33,69
2017-11-29,118,43,75
2017-11-29,83,31,52
2017-11-29,31,10,21
2017-11-29,13,1,12
2017-11-29,16,10,6
2017-11-29,6,2,4
2017-11-29,5,4,1
2017-11-30,2,2,0
2017-11-30,1,1,0
2017-11-30,0,0,0
2017-11-30,1,1,0
2017-11-30,3,1,2
2017-11-30,10,6,4
2017-11-30,21,14,7
2017-11-30,37,24,13
2017-11-30,58,21,37
2017-11-30,35,17,18
2017-11-30,17,10,7
2017-11-30,27,15,12
2017-11-30,17,8,9
2017-11-30,18,9,9
2017-11-30,19,11,8
2017-11-30,39,13,26
2017-11-30,94,32,62
2017-11-30,108,30,78
2017-11-30,83,19,64
2017-11-30,41,12,29
2017-11-30,10,2,8
2017-11-30,13,12,1
2017-11-30,32,22,10
2017-11-30,4,2,2
2017-12-01,4,2,2
2017-12-01,1,1,0
2017-12-01,2,1,1
2017-12-01,1,1,0
2017-12-01,3,3,0
2017-12-01,7,4,3
2017-12-01,25,15,10
2017-12-01,40,18,22
2017-12-01,72,32,40
2017-12-01,42,22,20
2017-12-01,21,6,15
2017-12-01,31,18,13
2017-12-01,31,19,12
2017-12-01,24,11,13
2017-12-01,22,12,10
2017-12-01,37,13,24
2017-12-01,74,27,47
2017-12-01,79,23,56
2017-12-01,47,23,24
2017-12-01,18,5,13
2017-12-01,12,9,3
2017-12-01,6,2,4
2017-12-01,1,1,0
2017-12-01,3,0,3
2017-12-02,4,1,3
2017-12-02,1,0,1
2017-12-02,2,0,2
2017-12-02,0,0,0
2017-12-02,0,0,0
2017-12-02,2,1,1
2017-12-02,1,0,1
2017-12-02,2,2,0
2017-12-02,5,5,0
2017-12-02,6,3,3
2017-12-02,7,3,4
2017-12-02,1,0,1
2017-12-02,6,3,3
2017-12-02,2,2,0
2017-12-02,15,10,5
2017-12-02,7,2,5
2017-12-02,6,3,3
2017-12-02,3,1,2
2017-12-02,8,2,6
2017-12-02,1,0,1
2017-12-02,0,0,0
2017-12-02,1,1,0
2017-12-02,2,1,1
2017-12-02,4,2,2
2017-12-03,0,0,0
2017-12-03,0,0,0
2017-12-03,2,1,1
2017-12-03,1,0,1
2017-12-03,0,0,0
2017-12-03,1,0,1
2017-12-03,0,0,0
2017-12-03,3,2,1
2017-12-03,6,3,3
2017-12-03,12,4,8
2017-12-03,14,9,5
2017-12-03,24,8,16
2017-12-03,19,10,9
2017-12-03,28,13,15
2017-12-03,20,8,12
2017-12-03,22,8,14
2017-12-03,27,9,18
2017-12-03,12,4,8
2017-12-03,13,4,9
2017-12-03,6,3,3
2017-12-03,12,9,3
2017-12-03,19,10,9
2017-12-03,4,2,2
2017-12-03,8,3,5
2017-12-04,2,1,1
2017-12-04,0,0,0
2017-12-04,1,1,0
2017-12-04,0,0,0
2017-12-04,2,2,0
2017-12-04,8,4,4
2017-12-04,40,23,17
2017-12-04,56,32,24
2017-12-04,101,50,51
2017-12-04,49,24,25
2017-12-04,18,6,12
2017-12-04,14,9,5
2017-12-04,23,15,8
2017-12-04,17,7,10
2017-12-04,21,9,12
2017-12-04,52,15,37
2017-12-04,93,33,60
2017-12-04,128,35,93
2017-12-04,59,21,38
2017-12-04,31,13,18
2017-12-04,10,3,7
2017-12-04,4,2,2
2017-12-04,5,1,4
2017-12-04,4,3,1
2017-12-05,1,1,0
2017-12-05,0,0,0
2017-12-05,1,1,0
2017-12-05,0,0,0
2017-12-05,2,1,1
2017-12-05,17,11,6
2017-12-05,26,15,11
2017-12-05,55,25,30
2017-12-05,94,33,61
2017-12-05,67,33,34
2017-12-05,22,12,10
2017-12-05,19,9,10
2017-12-05,20,14,6
2017-12-05,24,9,15
2017-12-05,35,16,19
2017-12-05,53,16,37
2017-12-05,95,28,67
2017-12-05,131,42,89
2017-12-05,73,26,47
2017-12-05,24,13,11
2017-12-05,10,5,5
2017-12-05,6,4,2
2017-12-05,8,1,7
2017-12-05,1,1,0
2017-12-06,1,0,1
2017-12-06,0,0,0
2017-12-06,1,1,0
2017-12-06,0,0,0
2017-12-06,2,2,0
2017-12-06,10,7,3
2017-12-06,32,21,11
2017-12-06,52,25,27
2017-12-06,82,36,46
2017-12-06,62,30,32
2017-12-06,31,18,13
2017-12-06,15,8,7
2017-12-06,32,18,14
2017-12-06,28,11,17
2017-12-06,21,10,11
2017-12-06,45,15,30
2017-12-06,85,29,56
2017-12-06,116,39,77
2017-12-06,71,22,49
2017-12-06,22,5,17
2017-12-06,10,4,6
2017-12-06,11,5,6
2017-12-06,17,7,10
2017-12-06,2,1,1
2017-12-07,1,0,1
2017-12-07,0,0,0
2017-12-07,0,0,0
2017-12-07,0,0,0
2017-12-07,1,1,0
2017-12-07,11,6,5
2017-12-07,22,9,13
2017-12-07,50,24,26
2017-12-07,83,30,53
2017-12-07,51,22,29
2017-12-07,20,8,12
2017-12-07,34,16,18
2017-12-07,21,11,10
2017-12-07,24,15,9
2017-12-07,29,15,14
2017-12-07,50,15,35
2017-12-07,83,30,53
2017-12-07,106,35,71
2017-12-07,77,25,52
2017-12-07,41,18,23
2017-12-07,10,9,1
2017-12-07,16,7,9
2017-12-07,11,5,6
2017-12-07,6,3,3
2017-12-08,2,1,1
2017-12-08,2,0,2
2017-12-08,1,0,1
2017-12-08,1,0,1
2017-12-08,0,0,0
2017-12-08,4,3,1
2017-12-08,22,13,9
2017-12-08,30,16,14
2017-12-08,54,20,34
2017-12-08,50,18,32
2017-12-08,24,12,12
2017-12-08,28,16,12
2017-12-08,41,18,23
2017-12-08,40,22,18
2017-12-08,32,20,12
2017-12-08,53,19,34
2017-12-08,92,38,54
2017-12-08,69,19,50
2017-12-08,48,26,22
2017-12-08,19,10,9
2017-12-08,11,4,7
2017-12-08,7,4,3
2017-12-08,7,0,7
2017-12-08,5,2,3
2017-12-09,0,0,0
2017-12-09,2,0,2
2017-12-09,0,0,0
2017-12-09,1,1,0
2017-12-09,0,0,0
2017-12-09,1,1,0
2017-12-09,3,0,3
2017-12-09,2,2,0
2017-12-09,3,3,0
2017-12-09,4,3,1
2017-12-09,15,11,4
2017-12-09,13,3,10
2017-12-09,27,11,16
2017-12-09,22,9,13
2017-12-09,16,6,10
2017-12-09,15,11,4
2017-12-09,16,10,6
2017-12-09,9,2,7
2017-12-09,12,2,10
2017-12-09,18,8,10
2017-12-09,2,0,2
2017-12-09,3,1,2
2017-12-09,0,0,0
2017-12-09,0,0,0
2017-12-10,0,0,0
2017-12-10,3,0,3
2017-12-10,0,0,0
2017-12-10,2,1,1
2017-12-10,0,0,0
2017-12-10,1,0,1
2017-12-10,1,1,0
2017-12-10,1,1,0
2017-12-10,4,3,1
2017-12-10,4,4,0
2017-12-10,8,6,2
2017-12-10,7,4,3
2017-12-10,13,6,7
2017-12-10,15,10,5
2017-12-10,10,4,6
2017-12-10,7,2,5
2017-12-10,11,5,6
2017-12-10,7,4,3
2017-12-10,7,5,2
2017-12-10,6,2,4
2017-12-10,6,4,2
2017-12-10,5,2,3
2017-12-10,0,0,0
2017-12-10,3,1,2
2017-12-11,4,3,1
2017-12-11,6,3,3
2017-12-11,2,2,0
2017-12-11,1,1,0
2017-12-11,1,0,1
2017-12-11,10,5,5
2017-12-11,21,11,10
2017-12-11,53,33,20
2017-12-11,72,31,41
2017-12-11,50,17,33
2017-12-11,26,9,17
2017-12-11,21,12,9
2017-12-11,16,9,7
2017-12-11,17,10,7
2017-12-11,25,9,16
2017-12-11,54,17,37
2017-12-11,79,29,50
2017-12-11,101,41,60
2017-12-11,55,26,29
2017-12-11,24,12,12
2017-12-11,9,2,7
2017-12-11,9,4,5
2017-12-11,2,0,2
2017-12-11,0,0,0
2017-12-12,1,0,1
2017-12-12,1,1,0
2017-12-12,2,1,1
2017-12-12,0,0,0
2017-12-12,2,2,0
2017-12-12,11,8,3
2017-12-12,27,11,16
2017-12-12,56,31,25
2017-12-12,84,36,48
2017-12-12,52,24,28
2017-12-12,24,8,16
2017-12-12,15,9,6
2017-12-12,23,11,12
2017-12-12,25,13,12
2017-12-12,33,18,15
2017-12-12,50,19,31
2017-12-12,100,33,67
2017-12-12,122,44,78
2017-12-12,58,17,41
2017-12-12,26,14,12
2017-12-12,5,3,2
2017-12-12,7,2,5
2017-12-12,6,1,5
2017-12-12,0,0,0
2017-12-13,0,0,0
2017-12-13,2,2,0
2017-12-13,0,0,0
2017-12-13,0,0,0
2017-12-13,1,0,1
2017-12-13,12,7,5
2017-12-13,26,14,12
2017-12-13,49,26,23
2017-12-13,101,47,54
2017-12-13,53,23,30
2017-12-13,25,14,11
2017-12-13,28,10,18
2017-12-13,38,18,20
2017-12-13,28,16,12
2017-12-13,33,17,16
2017-12-13,47,17,30
2017-12-13,105,33,72
2017-12-13,128,50,78
2017-12-13,65,24,41
2017-12-13,27,9,18
2017-12-13,22,8,14
2017-12-13,6,3,3
2017-12-13,4,2,2
2017-12-13,6,1,5
2017-12-14,2,2,0
2017-12-14,0,0,0
2017-12-14,1,1,0
2017-12-14,1,1,0
2017-12-14,3,2,1
2017-12-14,11,6,5
2017-12-14,27,14,13
2017-12-14,42,23,19
2017-12-14,80,37,43
2017-12-14,47,16,31
2017-12-14,21,11,10
2017-12-14,30,18,12
2017-12-14,32,17,15
2017-12-14,29,11,18
2017-12-14,32,14,18
2017-12-14,59,16,43
2017-12-14,75,31,44
2017-12-14,111,32,79
2017-12-14,57,24,33
2017-12-14,30,14,16
2017-12-14,18,9,9
2017-12-14,10,4,6
2017-12-14,5,2,3
2017-12-14,1,0,1
2017-12-15,2,1,1
2017-12-15,2,0,2
2017-12-15,2,2,0
2017-12-15,0,0,0
2017-12-15,3,1,2
2017-12-15,8,5,3
2017-12-15,21,16,5
2017-12-15,34,15,19
2017-12-15,65,22,43
2017-12-15,45,21,24
2017-12-15,27,16,11
2017-12-15,21,11,10
2017-12-15,34,12,22
2017-12-15,21,14,7
2017-12-15,34,21,13
2017-12-15,57,25,32
2017-12-15,72,29,43
2017-12-15,91,36,55
2017-12-15,37,19,18
2017-12-15,24,9,15
2017-12-15,10,5,5
2017-12-15,4,1,3
2017-12-15,4,1,3
2017-12-15,3,1,2
2017-12-16,2,1,1
2017-12-16,4,1,3
2017-12-16,1,1,0
2017-12-16,0,0,0
2017-12-16,0,0,0
2017-12-16,1,0,1
2017-12-16,0,0,0
2017-12-16,9,7,2
2017-12-16,4,3,1
2017-12-16,6,5,1
2017-12-16,7,5,2
2017-12-16,16,9,7
2017-12-16,15,8,7
2017-12-16,20,11,9
2017-12-16,21,11,10
2017-12-16,9,4,5
2017-12-16,13,10,3
2017-12-16,17,6,11
2017-12-16,12,7,5
2017-12-16,11,2,9
2017-12-16,8,4,4
2017-12-16,5,3,2
2017-12-16,3,1,2
2017-12-16,1,0,1
2017-12-17,4,2,2
2017-12-17,0,0,0
2017-12-17,2,2,0
2017-12-17,2,2,0
2017-12-17,0,0,0
2017-12-17,1,0,1
2017-12-17,0,0,0
2017-12-17,5,2,3
2017-12-17,5,2,3
2017-12-17,5,2,3
2017-12-17,8,1,7
2017-12-17,18,6,12
2017-12-17,43,15,28
2017-12-17,7,3,4
2017-12-17,7,4,3
2017-12-17,15,9,6
2017-12-17,25,19,6
2017-12-17,18,12,6
2017-12-17,5,1,4
2017-12-17,2,1,1
2017-12-17,2,1,1
2017-12-17,3,2,1
2017-12-17,1,1,0
2017-12-17,4,2,2
2017-12-18,2,2,0
2017-12-18,0,0,0
2017-12-18,2,0,2
2017-12-18,0,0,0
2017-12-18,0,0,0
2017-12-18,9,6,3
2017-12-18,21,13,8
2017-12-18,31,17,14
2017-12-18,56,30,26
2017-12-18,25,12,13
2017-12-18,18,8,10
2017-12-18,14,8,6
2017-12-18,15,10,5
2017-12-18,23,11,12
2017-12-18,22,9,13
2017-12-18,33,6,27
2017-12-18,52,21,31
2017-12-18,71,18,53
2017-12-18,41,10,31
2017-12-18,17,7,10
2017-12-18,8,5,3
2017-12-18,1,0,1
2017-12-18,3,2,1
2017-12-18,0,0,0
2017-12-19,0,0,0
2017-12-19,2,1,1
2017-12-19,1,1,0
2017-12-19,0,0,0
2017-12-19,0,0,0
2017-12-19,7,5,2
2017-12-19,18,11,7
2017-12-19,26,13,13
2017-12-19,31,13,18
2017-12-19,29,15,14
2017-12-19,13,6,7
2017-12-19,10,7,3
2017-12-19,23,12,11
2017-12-19,9,5,4
2017-12-19,25,13,12
2017-12-19,33,10,23
2017-12-19,61,18,43
2017-12-19,88,36,52
2017-12-19,30,12,18
2017-12-19,12,8,4
2017-12-19,9,3,6
2017-12-19,8,3,5
2017-12-19,8,3,5
2017-12-19,0,0,0
2017-12-20,2,1,1
2017-12-20,0,0,0
2017-12-20,1,1,0
2017-12-20,0,0,0
2017-12-20,1,1,0
2017-12-20,10,5,5
2017-12-20,22,12,10
2017-12-20,38,23,15
2017-12-20,69,29,40
2017-12-20,46,25,21
2017-12-20,29,16,13
2017-12-20,23,11,12
2017-12-20,29,16,13
2017-12-20,29,15,14
2017-12-20,33,17,16
2017-12-20,46,15,31
2017-12-20,86,28,58
2017-12-20,80,32,48
2017-12-20,50,16,34
2017-12-20,22,8,14
2017-12-20,6,5,1
2017-12-20,7,7,0
2017-12-20,7,4,3
2017-12-20,3,1,2
2017-12-21,3,3,0
2017-12-21,0,0,0
2017-12-21,1,1,0
2017-12-21,0,0,0
2017-12-21,1,1,0
2017-12-21,10,6,4
2017-12-21,24,11,13
2017-12-21,26,11,15
2017-12-21,39,14,25
2017-12-21,33,15,18
2017-12-21,23,12,11
2017-12-21,22,11,11
2017-12-21,29,17,12
2017-12-21,26,14,12
2017-12-21,17,6,11
2017-12-21,44,20,24
2017-12-21,75,25,50
2017-12-21,70,26,44
2017-12-21,42,13,29
2017-12-21,12,8,4
2017-12-21,9,5,4
2017-12-21,8,6,2
2017-12-21,3,1,2
2017-12-21,2,1,1
2017-12-22,1,1,0
2017-12-22,0,0,0
2017-12-22,0,0,0
2017-12-22,0,0,0
2017-12-22,1,0,1
2017-12-22,6,4,2
2017-12-22,15,7,8
2017-12-22,18,8,10
2017-12-22,25,13,12
2017-12-22,21,8,13
2017-12-22,12,6,6
2017-12-22,11,5,6
2017-12-22,27,17,10
2017-12-22,25,14,11
2017-12-22,29,14,15
2017-12-22,31,11,20
2017-12-22,32,7,25
2017-12-22,39,19,20
2017-12-22,20,9,11
2017-12-22,9,3,6
2017-12-22,6,0,6
2017-12-22,7,4,3
2017-12-22,4,1,3
2017-12-22,3,1,2
2017-12-23,2,0,2
2017-12-23,0,0,0
2017-12-23,2,1,1
2017-12-23,0,0,0
2017-12-23,0,0,0
2017-12-23,3,1,2
2017-12-23,2,1,1
2017-12-23,3,3,0
2017-12-23,5,4,1
2017-12-23,6,5,1
2017-12-23,5,2,3
2017-12-23,4,3,1
2017-12-23,13,6,7
2017-12-23,12,5,7
2017-12-23,14,6,8
2017-12-23,11,4,7
2017-12-23,19,11,8
2017-12-23,11,5,6
2017-12-23,10,5,5
2017-12-23,5,2,3
2017-12-23,1,0,1
2017-12-23,2,0,2
2017-12-23,2,1,1
2017-12-23,9,2,7
2017-12-24,1,1,0
2017-12-24,2,0,2
2017-12-24,1,0,1
2017-12-24,1,1,0
2017-12-24,1,1,0
2017-12-24,1,0,1
2017-12-24,2,2,0
2017-12-24,0,0,0
2017-12-24,0,0,0
2017-12-24,2,0,2
2017-12-24,11,8,3
2017-12-24,4,3,1
2017-12-24,9,4,5
2017-12-24,4,1,3
2017-12-24,5,1,4
2017-12-24,10,4,6
2017-12-24,3,0,3
2017-12-24,2,1,1
2017-12-24,3,2,1
2017-12-24,1,1,0
2017-12-24,0,0,0
2017-12-24,0,0,0
2017-12-24,0,0,0
2017-12-24,1,0,1
2017-12-25,0,0,0
2017-12-25,0,0,0
2017-12-25,0,0,0
2017-12-25,0,0,0
2017-12-25,0,0,0
2017-12-25,1,0,1
2017-12-25,0,0,0
2017-12-25,0,0,0
2017-12-25,0,0,0
2017-12-25,1,1,0
2017-12-25,4,3,1
2017-12-25,4,4,0
2017-12-25,1,0,1
2017-12-25,1,1,0
2017-12-25,2,1,1
2017-12-25,4,0,4
2017-12-25,2,2,0
2017-12-25,1,0,1
2017-12-25,0,0,0
2017-12-25,1,1,0
2017-12-25,0,0,0
2017-12-25,0,0,0
2017-12-25,1,1,0
2017-12-25,2,1,1
2017-12-26,1,1,0
2017-12-26,0,0,0
2017-12-26,0,0,0
2017-12-26,1,1,0
2017-12-26,0,0,0
2017-12-26,6,4,2
2017-12-26,10,6,4
2017-12-26,3,3,0
2017-12-26,4,2,2
2017-12-26,8,4,4
2017-12-26,8,5,3
2017-12-26,7,5,2
2017-12-26,10,6,4
2017-12-26,15,6,9
2017-12-26,13,6,7
2017-12-26,19,7,12
2017-12-26,31,14,17
2017-12-26,17,9,8
2017-12-26,11,3,8
2017-12-26,15,7,8
2017-12-26,6,2,4
2017-12-26,2,1,1
2017-12-26,1,1,0
2017-12-26,2,2,0
2017-12-27,0,0,0
2017-12-27,0,0,0
2017-12-27,2,1,1
2017-12-27,0,0,0
2017-12-27,0,0,0
2017-12-27,7,3,4
2017-12-27,13,5,8
2017-12-27,8,4,4
2017-12-27,28,13,15
2017-12-27,18,5,13
2017-12-27,19,7,12
2017-12-27,42,16,26
2017-12-27,13,8,5
2017-12-27,14,4,10
2017-12-27,15,6,9
2017-12-27,29,10,19
2017-12-27,31,11,20
2017-12-27,44,19,25
2017-12-27,19,4,15
2017-12-27,5,0,5
2017-12-27,12,7,5
2017-12-27,5,4,1
2017-12-27,3,0,3
2017-12-27,5,2,3
2017-12-28,1,0,1
2017-12-28,0,0,0
2017-12-28,2,1,1
2017-12-28,1,1,0
2017-12-28,1,0,1
2017-12-28,10,5,5
2017-12-28,11,8,3
2017-12-28,13,7,6
2017-12-28,31,16,15
2017-12-28,31,11,20
2017-12-28,9,5,4
2017-12-28,9,7,2
2017-12-28,23,11,12
2017-12-28,22,14,8
2017-12-28,18,6,12
2017-12-28,25,6,19
2017-12-28,43,17,26
2017-12-28,37,15,22
2017-12-28,17,7,10
2017-12-28,9,7,2
2017-12-28,3,1,2
2017-12-28,5,1,4
2017-12-28,6,3,3
2017-12-28,2,0,2
2017-12-29,0,0,0
2017-12-29,1,1,0
2017-12-29,0,0,0
2017-12-29,0,0,0
2017-12-29,0,0,0
2017-12-29,6,5,1
2017-12-29,10,5,5
2017-12-29,11,7,4
2017-12-29,17,6,11
2017-12-29,10,3,7
2017-12-29,9,5,4
2017-12-29,4,3,1
2017-12-29,10,5,5
2017-12-29,11,6,5
2017-12-29,13,5,8
2017-12-29,15,4,11
2017-12-29,30,13,17
2017-12-29,18,5,13
2017-12-29,17,6,11
2017-12-29,12,6,6
2017-12-29,5,1,4
2017-12-29,5,2,3
2017-12-29,2,1,1
2017-12-29,0,0,0
2017-12-30,2,1,1
2017-12-30,4,2,2
2017-12-30,6,4,2
2017-12-30,0,0,0
2017-12-30,1,0,1
2017-12-30,1,0,1
2017-12-30,3,1,2
2017-12-30,3,2,1
2017-12-30,8,5,3
2017-12-30,3,2,1
2017-12-30,12,7,5
2017-12-30,7,4,3
2017-12-30,13,10,3
2017-12-30,19,10,9
2017-12-30,10,4,6
2017-12-30,19,7,12
2017-12-30,18,9,9
2017-12-30,7,4,3
2017-12-30,5,0,5
2017-12-30,2,0,2
2017-12-30,6,4,2
2017-12-30,3,1,2
2017-12-30,7,0,7
2017-12-30,2,1,1
2017-12-31,2,0,2
2017-12-31,3,1,2
2017-12-31,3,1,2
2017-12-31,2,0,2
2017-12-31,0,0,0
2017-12-31,1,0,1
2017-12-31,0,0,0
2017-12-31,4,1,3
2017-12-31,2,2,0
2017-12-31,7,1,6
2017-12-31,16,7,9
2017-12-31,10,7,3
2017-12-31,31,12,19
2017-12-31,23,8,15
2017-12-31,10,7,3
2017-12-31,10,4,6
2017-12-31,13,11,2
2017-12-31,27,14,13
2017-12-31,10,4,6
2017-12-31,7,1,6
2017-12-31,4,4,0
2017-12-31,10,7,3
2017-12-31,5,2,3
2017-12-31,2,1,1
2018-01-01,3,1,2
2018-01-01,9,4,5
2018-01-01,2,0,2
2018-01-01,3,2,1
2018-01-01,1,1,0
2018-01-01,0,0,0
2018-01-01,0,0,0
2018-01-01,3,1,2
2018-01-01,3,0,3
2018-01-01,6,3,3
2018-01-01,2,2,0
2018-01-01,12,4,8
2018-01-01,10,8,2
2018-01-01,9,4,5
2018-01-01,29,16,13
2018-01-01,15,3,12
2018-01-01,13,7,6
2018-01-01,12,6,6
2018-01-01,5,4,1
2018-01-01,6,3,3
2018-01-01,0,0,0
2018-01-01,4,3,1
2018-01-01,2,0,2
2018-01-01,0,0,0
2018-01-02,0,0,0
2018-01-02,1,1,0
2018-01-02,0,0,0
2018-01-02,2,2,0
2018-01-02,1,0,1
2018-01-02,8,5,3
2018-01-02,33,14,19
2018-01-02,56,31,25
2018-01-02,85,41,44
2018-01-02,52,24,28
2018-01-02,18,9,9
2018-01-02,13,5,8
2018-01-02,22,7,15
2018-01-02,26,18,8
2018-01-02,24,13,11
2018-01-02,40,8,32
2018-01-02,109,28,81
2018-01-02,123,47,76
2018-01-02,50,18,32
2018-01-02,20,11,9
2018-01-02,10,2,8
2018-01-02,8,3,5
2018-01-02,3,1,2
2018-01-02,2,1,1
2018-01-03,1,1,0
2018-01-03,0,0,0
2018-01-03,0,0,0
2018-01-03,0,0,0
2018-01-03,0,0,0
2018-01-03,9,3,6
2018-01-03,30,15,15
2018-01-03,46,25,21
2018-01-03,86,36,50
2018-01-03,71,39,32
2018-01-03,19,8,11
2018-01-03,23,16,7
2018-01-03,33,22,11
2018-01-03,13,8,5
2018-01-03,17,4,13
2018-01-03,43,7,36
2018-01-03,94,34,60
2018-01-03,131,46,85
2018-01-03,53,17,36
2018-01-03,28,16,12
2018-01-03,22,10,12
2018-01-03,5,2,3
2018-01-03,6,1,5
2018-01-03,0,0,0
2018-01-04,1,1,0
2018-01-04,1,1,0
2018-01-04,1,1,0
2018-01-04,0,0,0
2018-01-04,2,1,1
2018-01-04,13,9,4
2018-01-04,24,14,10
2018-01-04,35,21,14
2018-01-04,96,41,55
2018-01-04,66,27,39
2018-01-04,26,14,12
2018-01-04,26,13,13
2018-01-04,18,7,11
2018-01-04,21,12,9
2018-01-04,27,10,17
2018-01-04,30,12,18
2018-01-04,71,20,51
2018-01-04,130,46,84
2018-01-04,64,24,40
2018-01-04,21,10,11
2018-01-04,15,8,7
2018-01-04,13,6,7
2018-01-04,4,3,1
2018-01-04,2,0,2
2018-01-05,1,1,0
2018-01-05,1,0,1
2018-01-05,0,0,0
2018-01-05,0,0,0
2018-01-05,0,0,0
2018-01-05,5,3,2
2018-01-05,20,8,12
2018-01-05,28,12,16
2018-01-05,57,33,24
2018-01-05,40,16,24
2018-01-05,15,11,4
2018-01-05,17,8,9
2018-01-05,16,6,10
2018-01-05,26,12,14
2018-01-05,18,8,10
2018-01-05,36,16,20
2018-01-05,66,17,49
2018-01-05,97,41,56
2018-01-05,36,13,23
2018-01-05,17,6,11
2018-01-05,14,3,11
2018-01-05,5,1,4
2018-01-05,5,1,4
2018-01-05,3,2,1
2018-01-06,2,1,1
2018-01-06,0,0,0
2018-01-06,0,0,0
2018-01-06,0,0,0
2018-01-06,0,0,0
2018-01-06,1,1,0
2018-01-06,1,1,0
2018-01-06,2,1,1
2018-01-06,2,1,1
2018-01-06,5,3,2
2018-01-06,4,4,0
2018-01-06,5,2,3
2018-01-06,7,4,3
2018-01-06,15,8,7
2018-01-06,10,5,5
2018-01-06,11,3,8
2018-01-06,8,5,3
2018-01-06,14,7,7
2018-01-06,8,3,5
2018-01-06,2,0,2
2018-01-06,3,0,3
2018-01-06,3,1,2
2018-01-06,0,0,0
2018-01-06,0,0,0
2018-01-07,5,1,4
2018-01-07,4,1,3
2018-01-07,0,0,0
2018-01-07,1,1,0
2018-01-07,0,0,0
2018-01-07,2,0,2
2018-01-07,3,0,3
2018-01-07,3,3,0
2018-01-07,4,4,0
2018-01-07,7,4,3
2018-01-07,11,6,5
2018-01-07,9,5,4
2018-01-07,8,4,4
2018-01-07,14,7,7
2018-01-07,5,3,2
2018-01-07,3,3,0
2018-01-07,12,4,8
2018-01-07,10,6,4
2018-01-07,9,6,3
2018-01-07,3,2,1
2018-01-07,1,0,1
2018-01-07,5,2,3
2018-01-07,2,1,1
2018-01-07,1,1,0
2018-01-08,0,0,0
2018-01-08,0,0,0
2018-01-08,1,1,0
2018-01-08,0,0,0
2018-01-08,2,0,2
2018-01-08,11,7,4
2018-01-08,26,11,15
2018-01-08,58,31,27
2018-01-08,86,38,48
2018-01-08,58,20,38
2018-01-08,26,14,12
2018-01-08,18,11,7
2018-01-08,21,5,16
2018-01-08,21,10,11
2018-01-08,25,9,16
2018-01-08,40,8,32
2018-01-08,97,37,60
2018-01-08,129,50,79
2018-01-08,50,22,28
2018-01-08,32,14,18
2018-01-08,17,8,9
2018-01-08,7,4,3
2018-01-08,3,1,2
2018-01-08,2,1,1
2018-01-09,2,1,1
2018-01-09,1,0,1
2018-01-09,0,0,0
2018-01-09,1,1,0
2018-01-09,2,1,1
2018-01-09,11,8,3
2018-01-09,33,19,14
2018-01-09,48,27,21
2018-01-09,74,34,40
2018-01-09,42,19,23
2018-01-09,14,9,5
2018-01-09,14,10,4
2018-01-09,13,6,7
2018-01-09,12,8,4
2018-01-09,19,8,11
2018-01-09,41,10,31
2018-01-09,75,16,59
2018-01-09,93,32,61
2018-01-09,56,30,26
2018-01-09,27,11,16
2018-01-09,10,4,6
2018-01-09,5,3,2
2018-01-09,3,2,1
2018-01-09,1,1,0
2018-01-10,0,0,0
2018-01-10,1,1,0
2018-01-10,0,0,0
2018-01-10,1,0,1
2018-01-10,2,1,1
2018-01-10,10,6,4
2018-01-10,32,16,16
2018-01-10,49,26,23
2018-01-10,83,43,40
2018-01-10,52,24,28
2018-01-10,17,7,10
2018-01-10,21,14,7
2018-01-10,21,10,11
2018-01-10,20,6,14
2018-01-10,25,8,17
2018-01-10,41,18,23
2018-01-10,88,37,51
2018-01-10,102,40,62
2018-01-10,52,21,31
2018-01-10,19,7,12
2018-01-10,8,4,4
2018-01-10,6,4,2
2018-01-10,5,3,2
2018-01-10,1,1,0
2018-01-11,0,0,0
2018-01-11,1,1,0
2018-01-11,0,0,0
2018-01-11,1,1,0
2018-01-11,1,0,1
2018-01-11,6,6,0
2018-01-11,16,6,10
2018-01-11,26,10,16
2018-01-11,42,17,25
2018-01-11,30,15,15
2018-01-11,16,11,5
2018-01-11,14,6,8
2018-01-11,11,6,5
2018-01-11,11,5,6
2018-01-11,20,6,14
2018-01-11,28,11,17
2018-01-11,56,14,42
2018-01-11,86,36,50
2018-01-11,52,24,28
2018-01-11,21,10,11
2018-01-11,9,5,4
2018-01-11,4,1,3
2018-01-11,4,0,4
2018-01-11,5,5,0
2018-01-12,0,0,0
2018-01-12,0,0,0
2018-01-12,1,0,1
2018-01-12,0,0,0
2018-01-12,2,0,2
2018-01-12,11,4,7
2018-01-12,18,11,7
2018-01-12,31,17,14
2018-01-12,68,28,40
2018-01-12,41,17,24
2018-01-12,32,19,13
2018-01-12,24,9,15
2018-01-12,23,14,9
2018-01-12,27,12,15
2018-01-12,34,16,18
2018-01-12,43,17,26
2018-01-12,82,25,57
2018-01-12,83,28,55
2018-01-12,51,26,25
2018-01-12,18,10,8
2018-01-12,8,2,6
2018-01-12,6,1,5
2018-01-12,1,0,1
2018-01-12,3,3,0
2018-01-13,3,1,2
2018-01-13,0,0,0
2018-01-13,3,1,2
2018-01-13,0,0,0
2018-01-13,0,0,0
2018-01-13,2,1,1
2018-01-13,2,0,2
2018-01-13,5,2,3
2018-01-13,3,2,1
2018-01-13,17,10,7
2018-01-13,17,10,7
2018-01-13,16,6,10
2018-01-13,19,9,10
2018-01-13,21,11,10
2018-01-13,16,8,8
2018-01-13,18,6,12
2018-01-13,15,8,7
2018-01-13,14,8,6
2018-01-13,13,7,6
2018-01-13,11,2,9
2018-01-13,11,6,5
2018-01-13,4,3,1
2018-01-13,4,0,4
2018-01-13,8,4,4
2018-01-14,3,1,2
2018-01-14,0,0,0
2018-01-14,0,0,0
2018-01-14,2,2,0
2018-01-14,0,0,0
2018-01-14,1,0,1
2018-01-14,2,2,0
2018-01-14,6,1,5
2018-01-14,4,2,2
2018-01-14,9,3,6
2018-01-14,12,5,7
2018-01-14,14,5,9
2018-01-14,27,14,13
2018-01-14,26,9,17
2018-01-14,24,9,15
2018-01-14,18,14,4
2018-01-14,22,7,15
2018-01-14,10,5,5
2018-01-14,16,9,7
2018-01-14,10,5,5
2018-01-14,2,0,2
2018-01-14,2,0,2
2018-01-14,3,1,2
2018-01-14,2,0,2
2018-01-15,0,0,0
2018-01-15,1,1,0
2018-01-15,1,0,1
2018-01-15,1,0,1
2018-01-15,0,0,0
2018-01-15,8,7,1
2018-01-15,17,10,7
2018-01-15,38,25,13
2018-01-15,55,22,33
2018-01-15,41,15,26
2018-01-15,17,7,10
2018-01-15,25,12,13
2018-01-15,25,11,14
2018-01-15,23,12,11
2018-01-15,27,12,15
2018-01-15,51,14,37
2018-01-15,54,16,38
2018-01-15,102,34,68
2018-01-15,32,15,17
2018-01-15,24,15,9
2018-01-15,8,3,5
2018-01-15,11,5,6
2018-01-15,3,3,0
2018-01-15,4,4,0
2018-01-16,4,3,1
2018-01-16,1,1,0
2018-01-16,1,1,0
2018-01-16,0,0,0
2018-01-16,1,0,1
2018-01-16,14,9,5
2018-01-16,27,15,12
2018-01-16,53,27,26
2018-01-16,88,38,50
2018-01-16,46,20,26
2018-01-16,21,9,12
2018-01-16,17,8,9
2018-01-16,37,21,16
2018-01-16,19,9,10
2018-01-16,22,10,12
2018-01-16,49,20,29
2018-01-16,82,30,52
2018-01-16,113,36,77
2018-01-16,59,24,35
2018-01-16,23,12,11
2018-01-16,10,5,5
2018-01-16,10,3,7
2018-01-16,3,1,2
2018-01-16,1,1,0
2018-01-17,1,1,0
2018-01-17,0,0,0
2018-01-17,1,1,0
2018-01-17,3,1,2
2018-01-17,2,1,1
2018-01-17,12,9,3
2018-01-17,32,16,16
2018-01-17,45,21,24
2018-01-17,93,42,51
2018-01-17,48,20,28
2018-01-17,32,16,16
2018-01-17,26,18,8
2018-01-17,34,15,19
2018-01-17,24,10,14
2018-01-17,26,13,13
2018-01-17,33,8,25
2018-01-17,73,23,50
2018-01-17,94,38,56
2018-01-17,59,18,41
2018-01-17,15,6,9
2018-01-17,16,7,9
2018-01-17,9,4,5
2018-01-17,4,2,2
2018-01-17,3,2,1
2018-01-18,0,0,0
2018-01-18,0,0,0
2018-01-18,1,1,0
2018-01-18,0,0,0
2018-01-18,1,0,1
2018-01-18,11,7,4
2018-01-18,26,15,11
2018-01-18,36,24,12
2018-01-18,86,43,43
2018-01-18,43,20,23
2018-01-18,25,12,13
2018-01-18,28,13,15
2018-01-18,24,11,13
2018-01-18,21,8,13
2018-01-18,17,7,10
2018-01-18,39,10,29
2018-01-18,60,27,33
2018-01-18,104,36,68
2018-01-18,59,23,36
2018-01-18,40,17,23
2018-01-18,12,5,7
2018-01-18,6,1,5
2018-01-18,5,3,2
2018-01-18,5,2,3
2018-01-19,4,2,2
2018-01-19,0,0,0
2018-01-19,0,0,0
2018-01-19,1,1,0
2018-01-19,2,2,0
2018-01-19,13,6,7
2018-01-19,15,9,6
2018-01-19,47,22,25
2018-01-19,79,36,43
2018-01-19,56,28,28
2018-01-19,24,10,14
2018-01-19,29,16,13
2018-01-19,24,14,10
2018-01-19,27,14,13
2018-01-19,27,8,19
2018-01-19,41,12,29
2018-01-19,73,27,46
2018-01-19,112,45,67
2018-01-19,41,19,22
2018-01-19,26,5,21
2018-01-19,24,3,21
2018-01-19,5,4,1
2018-01-19,8,4,4
2018-01-19,17,14,3
2018-01-20,22,20,2
2018-01-20,5,4,1
2018-01-20,1,1,0
2018-01-20,1,1,0
2018-01-20,0,0,0
2018-01-20,2,1,1
2018-01-20,0,0,0
2018-01-20,6,2,4
2018-01-20,9,2,7
2018-01-20,10,7,3
2018-01-20,9,4,5
2018-01-20,8,7,1
2018-01-20,18,10,8
2018-01-20,24,16,8
2018-01-20,25,10,15
2018-01-20,13,6,7
2018-01-20,6,2,4
2018-01-20,13,8,5
2018-01-20,5,1,4
2018-01-20,13,6,7
2018-01-20,9,5,4
2018-01-20,4,2,2
2018-01-20,4,0,4
2018-01-20,7,1,6
2018-01-21,5,2,3
2018-01-21,1,1,0
2018-01-21,2,2,0
2018-01-21,1,1,0
2018-01-21,0,0,0
2018-01-21,2,1,1
2018-01-21,0,0,0
2018-01-21,2,0,2
2018-01-21,4,2,2
2018-01-21,7,3,4
2018-01-21,6,5,1
2018-01-21,3,0,3
2018-01-21,2,1,1
2018-01-21,11,7,4
2018-01-21,5,3,2
2018-01-21,7,2,5
2018-01-21,4,3,1
2018-01-21,3,1,2
2018-01-21,7,6,1
2018-01-21,4,1,3
2018-01-21,2,1,1
2018-01-21,3,1,2
2018-01-21,3,2,1
2018-01-21,0,0,0
2018-01-22,1,0,1
2018-01-22,0,0,0
2018-01-22,0,0,0
2018-01-22,0,0,0
2018-01-22,1,0,1
2018-01-22,13,11,2
2018-01-22,27,13,14
2018-01-22,50,27,23
2018-01-22,86,35,51
2018-01-22,63,22,41
2018-01-22,16,9,7
2018-01-22,16,10,6
2018-01-22,27,15,12
2018-01-22,22,11,11
2018-01-22,27,13,14
2018-01-22,42,14,28
2018-01-22,87,37,50
2018-01-22,139,49,90
2018-01-22,65,25,40
2018-01-22,21,9,12
2018-01-22,24,11,13
2018-01-22,5,4,1
2018-01-22,4,0,4
2018-01-22,1,0,1
2018-01-23,1,0,1
2018-01-23,1,1,0
2018-01-23,1,1,0
2018-01-23,1,0,1
2018-01-23,2,1,1
2018-01-23,10,7,3
2018-01-23,29,16,13
2018-01-23,50,24,26
2018-01-23,69,31,38
2018-01-23,38,20,18
2018-01-23,12,8,4
2018-01-23,12,5,7
2018-01-23,10,2,8
2018-01-23,16,9,7
2018-01-23,17,9,8
2018-01-23,24,3,21
2018-01-23,56,21,35
2018-01-23,104,35,69
2018-01-23,48,19,29
2018-01-23,27,12,15
2018-01-23,4,1,3
2018-01-23,3,1,2
2018-01-23,5,3,2
2018-01-23,1,0,1
2018-01-24,2,2,0
2018-01-24,0,0,0
2018-01-24,0,0,0
2018-01-24,1,0,1
2018-01-24,1,0,1
2018-01-24,13,10,3
2018-01-24,29,19,10
2018-01-24,35,17,18
2018-01-24,54,26,28
2018-01-24,52,20,32
2018-01-24,11,6,5
2018-01-24,17,11,6
2018-01-24,19,7,12
2018-01-24,15,7,8
2018-01-24,13,5,8
2018-01-24,28,8,20
2018-01-24,48,15,33
2018-01-24,99,43,56
2018-01-24,41,11,30
2018-01-24,26,15,11
2018-01-24,17,7,10
2018-01-24,4,1,3
2018-01-24,6,1,5
2018-01-24,1,0,1
2018-01-25,2,1,1
2018-01-25,0,0,0
2018-01-25,4,4,0
2018-01-25,0,0,0
2018-01-25,1,0,1
2018-01-25,14,9,5
2018-01-25,25,11,14
2018-01-25,36,22,14
2018-01-25,87,35,52
2018-01-25,44,17,27
2018-01-25,14,8,6
2018-01-25,15,9,6
2018-01-25,14,8,6
2018-01-25,11,6,5
2018-01-25,17,6,11
2018-01-25,36,10,26
2018-01-25,68,21,47
2018-01-25,141,40,101
2018-01-25,66,23,43
2018-01-25,22,11,11
2018-01-25,13,5,8
2018-01-25,8,3,5
2018-01-25,5,2,3
2018-01-25,3,1,2
2018-01-26,4,4,0
2018-01-26,2,1,1
2018-01-26,0,0,0
2018-01-26,0,0,0
2018-01-26,2,1,1
2018-01-26,10,8,2
2018-01-26,25,14,11
2018-01-26,30,11,19
2018-01-26,57,25,32
2018-01-26,49,20,29
2018-01-26,19,10,9
2018-01-26,27,13,14
2018-01-26,15,8,7
2018-01-26,25,9,16
2018-01-26,22,10,12
2018-01-26,35,9,26
2018-01-26,65,23,42
2018-01-26,92,33,59
2018-01-26,35,15,20
2018-01-26,16,7,9
2018-01-26,11,6,5
2018-01-26,5,3,2
2018-01-26,7,5,2
2018-01-26,5,2,3
2018-01-27,1,0,1
2018-01-27,2,1,1
2018-01-27,1,1,0
2018-01-27,1,1,0
2018-01-27,0,0,0
2018-01-27,3,1,2
2018-01-27,0,0,0
2018-01-27,4,2,2
2018-01-27,7,7,0
2018-01-27,4,1,3
2018-01-27,8,3,5
2018-01-27,7,2,5
2018-01-27,13,8,5
2018-01-27,11,6,5
2018-01-27,5,2,3
2018-01-27,6,2,4
2018-01-27,12,10,2
2018-01-27,12,9,3
2018-01-27,11,4,7
2018-01-27,9,5,4
2018-01-27,9,6,3
2018-01-27,4,2,2
2018-01-27,5,1,4
2018-01-27,1,0,1
2018-01-28,2,1,1
2018-01-28,0,0,0
2018-01-28,2,1,1
2018-01-28,1,1,0
2018-01-28,0,0,0
2018-01-28,1,0,1
2018-01-28,2,1,1
2018-01-28,2,1,1
2018-01-28,5,1,4
2018-01-28,8,3,5
2018-01-28,10,8,2
2018-01-28,6,2,4
2018-01-28,7,3,4
2018-01-28,11,4,7
2018-01-28,9,6,3
2018-01-28,11,5,6
2018-01-28,12,8,4
2018-01-28,5,0,5
2018-01-28,14,8,6
2018-01-28,8,6,2
2018-01-28,10,6,4
2018-01-28,6,4,2
2018-01-28,5,2,3
2018-01-28,0,0,0
2018-01-29,5,2,3
2018-01-29,1,1,0
2018-01-29,2,2,0
2018-01-29,2,1,1
2018-01-29,3,1,2
2018-01-29,14,8,6
2018-01-29,32,17,15
2018-01-29,31,16,15
2018-01-29,67,27,40
2018-01-29,45,23,22
2018-01-29,17,12,5
2018-01-29,18,13,5
2018-01-29,14,6,8
2018-01-29,5,3,2
2018-01-29,15,7,8
2018-01-29,23,5,18
2018-01-29,47,16,31
2018-01-29,101,29,72
2018-01-29,49,16,33
2018-01-29,16,10,6
2018-01-29,5,1,4
2018-01-29,5,2,3
2018-01-29,2,0,2
2018-01-29,1,1,0
2018-01-30,3,1,2
2018-01-30,1,1,0
2018-01-30,1,1,0
2018-01-30,0,0,0
2018-01-30,1,0,1
2018-01-30,15,11,4
2018-01-30,27,14,13
2018-01-30,51,21,30
2018-01-30,95,45,50
2018-01-30,62,23,39
2018-01-30,33,18,15
2018-01-30,24,14,10
2018-01-30,25,10,15
2018-01-30,20,12,8
2018-01-30,25,8,17
2018-01-30,41,16,25
2018-01-30,99,35,64
2018-01-30,136,44,92
2018-01-30,61,30,31
2018-01-30,23,10,13
2018-01-30,16,6,10
2018-01-30,2,1,1
2018-01-30,4,0,4
2018-01-30,4,1,3
2018-01-31,1,1,0
2018-01-31,2,1,1
2018-01-31,0,0,0
2018-01-31,1,1,0
2018-01-31,1,0,1
2018-01-31,12,9,3
2018-01-31,26,16,10
2018-01-31,57,34,23
2018-01-31,67,28,39
2018-01-31,61,32,29
2018-01-31,24,15,9
2018-01-31,23,12,11
2018-01-31,20,12,8
2018-01-31,27,11,16
2018-01-31,21,10,11
2018-01-31,37,8,29
2018-01-31,84,28,56
2018-01-31,115,42,73
2018-01-31,68,22,46
2018-01-31,30,14,16
2018-01-31,21,13,8
2018-01-31,15,6,9
2018-01-31,6,4,2
2018-01-31,4,1,3
2018-02-01,3,2,1
2018-02-01,0,0,0
2018-02-01,1,1,0
2018-02-01,2,1,1
2018-02-01,1,0,1
2018-02-01,10,8,2
2018-02-01,26,15,11
2018-02-01,44,20,24
2018-02-01,86,40,46
2018-02-01,42,19,23
2018-02-01,16,5,11
2018-02-01,11,5,6
2018-02-01,26,15,11
2018-02-01,17,10,7
2018-02-01,26,9,17
2018-02-01,31,9,22
2018-02-01,67,22,45
2018-02-01,88,29,59
2018-02-01,41,16,25
2018-02-01,22,9,13
2018-02-01,13,8,5
2018-02-01,7,2,5
2018-02-01,8,2,6
2018-02-01,9,7,2
2018-02-02,4,1,3
2018-02-02,1,1,0
2018-02-02,1,1,0
2018-02-02,1,1,0
2018-02-02,2,1,1
2018-02-02,8,5,3
2018-02-02,23,10,13
2018-02-02,38,16,22
2018-02-02,68,27,41
2018-02-02,47,20,27
2018-02-02,21,9,12
2018-02-02,25,15,10
2018-02-02,30,11,19
2018-02-02,28,11,17
2018-02-02,19,8,11
2018-02-02,45,13,32
2018-02-02,83,30,53
2018-02-02,106,36,70
2018-02-02,43,15,28
2018-02-02,19,6,13
2018-02-02,15,8,7
2018-02-02,9,5,4
2018-02-02,3,0,3
2018-02-02,4,1,3
2018-02-03,3,1,2
2018-02-03,1,0,1
2018-02-03,1,1,0
2018-02-03,0,0,0
2018-02-03,2,0,2
2018-02-03,5,2,3
2018-02-03,5,0,5
2018-02-03,5,5,0
2018-02-03,8,3,5
2018-02-03,10,1,9
2018-02-03,11,8,3
2018-02-03,9,6,3
2018-02-03,18,4,14
2018-02-03,21,11,10
2018-02-03,21,12,9
2018-02-03,13,6,7
2018-02-03,14,6,8
2018-02-03,12,6,6
2018-02-03,5,2,3
2018-02-03,3,2,1
2018-02-03,13,6,7
2018-02-03,3,2,1
2018-02-03,2,2,0
2018-02-03,3,1,2
2018-02-04,1,1,0
2018-02-04,1,0,1
2018-02-04,0,0,0
2018-02-04,2,1,1
2018-02-04,0,0,0
2018-02-04,1,0,1
2018-02-04,0,0,0
2018-02-04,7,3,4
2018-02-04,7,4,3
2018-02-04,6,3,3
2018-02-04,6,2,4
2018-02-04,6,4,2
2018-02-04,13,6,7
2018-02-04,18,9,9
2018-02-04,17,6,11
2018-02-04,19,10,9
2018-02-04,13,4,9
2018-02-04,8,3,5
2018-02-04,3,1,2
2018-02-04,11,5,6
2018-02-04,5,1,4
2018-02-04,4,1,3
2018-02-04,5,3,2
2018-02-04,3,2,1
2018-02-05,3,1,2
2018-02-05,0,0,0
2018-02-05,1,1,0
2018-02-05,0,0,0
2018-02-05,3,1,2
2018-02-05,15,10,5
2018-02-05,35,22,13
2018-02-05,52,32,20
2018-02-05,110,52,58
2018-02-05,65,32,33
2018-02-05,18,7,11
2018-02-05,28,13,15
2018-02-05,15,10,5
2018-02-05,24,12,12
2018-02-05,23,7,16
2018-02-05,48,14,34
2018-02-05,87,23,64
2018-02-05,141,60,81
2018-02-05,67,18,49
2018-02-05,22,9,13
2018-02-05,7,2,5
2018-02-05,10,4,6
2018-02-05,2,1,1
2018-02-05,0,0,0
2018-02-06,2,1,1
2018-02-06,2,2,0
2018-02-06,2,1,1
2018-02-06,0,0,0
2018-02-06,3,2,1
2018-02-06,14,8,6
2018-02-06,40,26,14
2018-02-06,62,34,28
2018-02-06,97,52,45
2018-02-06,60,27,33
2018-02-06,21,12,9
2018-02-06,29,16,13
2018-02-06,26,19,7
2018-02-06,32,17,15
2018-02-06,25,12,13
2018-02-06,41,10,31
2018-02-06,105,33,72
2018-02-06,119,38,81
2018-02-06,72,29,43
2018-02-06,22,10,12
2018-02-06,14,6,8
2018-02-06,8,4,4
2018-02-06,6,1,5
2018-02-06,4,2,2
2018-02-07,0,0,0
2018-02-07,2,1,1
2018-02-07,0,0,0
2018-02-07,1,1,0
2018-02-07,2,1,1
2018-02-07,13,10,3
2018-02-07,36,25,11
2018-02-07,54,34,20
2018-02-07,95,45,50
2018-02-07,73,37,36
2018-02-07,19,8,11
2018-02-07,19,5,14
2018-02-07,31,17,14
2018-02-07,27,10,17
2018-02-07,27,10,17
2018-02-07,44,10,34
2018-02-07,87,26,61
2018-02-07,153,48,105
2018-02-07,71,19,52
2018-02-07,32,11,21
2018-02-07,15,8,7
2018-02-07,14,10,4
2018-02-07,4,3,1
2018-02-07,1,1,0
2018-02-08,1,1,0
2018-02-08,1,0,1
2018-02-08,2,1,1
2018-02-08,0,0,0
2018-02-08,1,0,1
2018-02-08,12,10,2
2018-02-08,34,19,15
2018-02-08,58,27,31
2018-02-08,88,37,51
2018-02-08,54,25,29
2018-02-08,19,13,6
2018-02-08,32,13,19
2018-02-08,28,13,15
2018-02-08,12,6,6
2018-02-08,27,12,15
2018-02-08,49,18,31
2018-02-08,85,30,55
2018-02-08,110,33,77
2018-02-08,56,14,42
2018-02-08,26,6,20
2018-02-08,12,8,4
2018-02-08,8,3,5
2018-02-08,3,0,3
2018-02-08,4,2,2
2018-02-09,3,2,1
2018-02-09,0,0,0
2018-02-09,0,0,0
2018-02-09,0,0,0
2018-02-09,4,1,3
2018-02-09,17,11,6
2018-02-09,27,15,12
2018-02-09,47,21,26
2018-02-09,86,42,44
2018-02-09,48,24,24
2018-02-09,24,13,11
2018-02-09,35,16,19
2018-02-09,35,15,20
2018-02-09,27,12,15
2018-02-09,28,12,16
2018-02-09,56,22,34
2018-02-09,92,36,56
2018-02-09,115,42,73
2018-02-09,60,18,42
2018-02-09,20,9,11
2018-02-09,10,4,6
2018-02-09,4,1,3
2018-02-09,6,2,4
2018-02-09,4,1,3
2018-02-10,1,0,1
2018-02-10,0,0,0
2018-02-10,2,2,0
2018-02-10,0,0,0
2018-02-10,0,0,0
2018-02-10,1,1,0
2018-02-10,2,0,2
2018-02-10,5,3,2
2018-02-10,8,6,2
2018-02-10,13,3,10
2018-02-10,17,11,6
2018-02-10,21,7,14
2018-02-10,30,11,19
2018-02-10,36,13,23
2018-02-10,26,17,9
2018-02-10,22,11,11
2018-02-10,29,16,13
2018-02-10,27,12,15
2018-02-10,15,8,7
2018-02-10,4,1,3
2018-02-10,7,2,5
2018-02-10,5,2,3
2018-02-10,11,6,5
2018-02-10,6,2,4
2018-02-11,1,0,1
2018-02-11,3,1,2
2018-02-11,1,1,0
2018-02-11,0,0,0
2018-02-11,0,0,0
2018-02-11,2,0,2
2018-02-11,0,0,0
2018-02-11,2,1,1
2018-02-11,7,4,3
2018-02-11,7,6,1
2018-02-11,10,3,7
2018-02-11,26,8,18
2018-02-11,24,11,13
2018-02-11,18,10,8
2018-02-11,20,9,11
2018-02-11,22,13,9
2018-02-11,23,15,8
2018-02-11,13,7,6
2018-02-11,13,11,2
2018-02-11,5,4,1
2018-02-11,7,5,2
2018-02-11,4,1,3
2018-02-11,5,2,3
2018-02-11,2,1,1
2018-02-12,1,1,0
2018-02-12,0,0,0
2018-02-12,1,1,0
2018-02-12,0,0,0
2018-02-12,3,0,3
2018-02-12,17,10,7
2018-02-12,31,17,14
2018-02-12,58,28,30
2018-02-12,110,53,57
2018-02-12,74,34,40
2018-02-12,32,20,12
2018-02-12,28,17,11
2018-02-12,33,18,15
2018-02-12,25,14,11
2018-02-12,30,13,17
2018-02-12,41,10,31
2018-02-12,89,34,55
2018-02-12,131,43,88
2018-02-12,69,20,49
2018-02-12,33,16,17
2018-02-12,16,4,12
2018-02-12,7,2,5
2018-02-12,8,4,4
2018-02-12,2,1,1
2018-02-13,1,1,0
2018-02-13,3,2,1
2018-02-13,3,2,1
2018-02-13,2,1,1
2018-02-13,2,1,1
2018-02-13,9,7,2
2018-02-13,33,15,18
2018-02-13,55,27,28
2018-02-13,106,47,59
2018-02-13,49,25,24
2018-02-13,28,12,16
2018-02-13,23,12,11
2018-02-13,43,21,22
2018-02-13,28,16,12
2018-02-13,30,13,17
2018-02-13,48,11,37
2018-02-13,103,25,78
2018-02-13,122,50,72
2018-02-13,65,25,40
2018-02-13,20,6,14
2018-02-13,5,4,1
2018-02-13,15,7,8
2018-02-13,1,1,0
2018-02-13,3,1,2
2018-02-14,1,0,1
2018-02-14,0,0,0
2018-02-14,2,1,1
2018-02-14,0,0,0
2018-02-14,2,1,1
2018-02-14,12,9,3
2018-02-14,29,16,13
2018-02-14,37,20,17
2018-02-14,82,37,45
2018-02-14,42,20,22
2018-02-14,20,9,11
2018-02-14,33,17,16
2018-02-14,31,19,12
2018-02-14,18,11,7
2018-02-14,26,11,15
2018-02-14,33,9,24
2018-02-14,92,38,54
2018-02-14,111,37,74
2018-02-14,65,23,42
2018-02-14,21,8,13
2018-02-14,10,2,8
2018-02-14,3,1,2
2018-02-14,4,1,3
2018-02-14,2,0,2
2018-02-15,1,0,1
2018-02-15,2,2,0
2018-02-15,0,0,0
2018-02-15,1,1,0
2018-02-15,2,1,1
2018-02-15,12,9,3
2018-02-15,29,14,15
2018-02-15,55,29,26
2018-02-15,100,44,56
2018-02-15,56,22,34
2018-02-15,29,18,11
2018-02-15,32,14,18
2018-02-15,28,13,15
2018-02-15,22,9,13
2018-02-15,25,16,9
2018-02-15,41,6,35
2018-02-15,93,25,68
2018-02-15,133,50,83
2018-02-15,59,23,36
2018-02-15,27,8,19
2018-02-15,15,7,8
2018-02-15,6,2,4
2018-02-15,7,6,1
2018-02-15,1,0,1
2018-02-16,4,2,2
2018-02-16,1,0,1
2018-02-16,0,0,0
2018-02-16,0,0,0
2018-02-16,2,0,2
2018-02-16,11,10,1
2018-02-16,18,10,8
2018-02-16,37,20,17
2018-02-16,67,30,37
2018-02-16,47,30,17
2018-02-16,24,11,13
2018-02-16,22,11,11
2018-02-16,33,18,15
2018-02-16,28,7,21
2018-02-16,22,10,12
2018-02-16,48,16,32
2018-02-16,75,36,39
2018-02-16,108,38,70
2018-02-16,41,17,24
2018-02-16,23,9,14
2018-02-16,13,5,8
2018-02-16,7,4,3
2018-02-16,7,5,2
2018-02-16,1,0,1
2018-02-17,3,2,1
2018-02-17,4,1,3
2018-02-17,2,0,2
2018-02-17,3,2,1
2018-02-17,0,0,0
2018-02-17,0,0,0
2018-02-17,4,1,3
2018-02-17,4,3,1
2018-02-17,4,4,0
2018-02-17,2,1,1
2018-02-17,7,2,5
2018-02-17,14,7,7
2018-02-17,8,4,4
2018-02-17,14,7,7
2018-02-17,15,10,5
2018-02-17,18,7,11
2018-02-17,12,10,2
2018-02-17,15,11,4
2018-02-17,11,5,6
2018-02-17,6,2,4
2018-02-17,5,2,3
2018-02-17,7,3,4
2018-02-17,3,2,1
2018-02-17,4,1,3
2018-02-18,1,0,1
2018-02-18,0,0,0
2018-02-18,0,0,0
2018-02-18,2,1,1
2018-02-18,0,0,0
2018-02-18,0,0,0
2018-02-18,3,0,3
2018-02-18,1,1,0
2018-02-18,1,0,1
2018-02-18,7,4,3
2018-02-18,4,3,1
2018-02-18,11,6,5
2018-02-18,10,6,4
2018-02-18,5,3,2
2018-02-18,4,1,3
2018-02-18,7,4,3
2018-02-18,7,2,5
2018-02-18,8,4,4
2018-02-18,4,0,4
2018-02-18,5,2,3
2018-02-18,4,2,2
2018-02-18,2,2,0
2018-02-18,1,1,0
2018-02-18,4,3,1
2018-02-19,1,1,0
2018-02-19,1,1,0
2018-02-19,0,0,0
2018-02-19,0,0,0
2018-02-19,0,0,0
2018-02-19,4,3,1
2018-02-19,13,7,6
2018-02-19,17,10,7
2018-02-19,20,14,6
2018-02-19,23,13,10
2018-02-19,27,10,17
2018-02-19,15,9,6
2018-02-19,15,8,7
2018-02-19,17,9,8
2018-02-19,16,6,10
2018-02-19,23,10,13
2018-02-19,27,6,21
2018-02-19,37,17,20
2018-02-19,18,2,16
2018-02-19,14,7,7
2018-02-19,8,3,5
2018-02-19,5,1,4
2018-02-19,3,0,3
2018-02-19,1,0,1
2018-02-20,3,2,1
2018-02-20,1,1,0
2018-02-20,1,1,0
2018-02-20,0,0,0
2018-02-20,1,0,1
2018-02-20,5,5,0
2018-02-20,25,12,13
2018-02-20,43,23,20
2018-02-20,66,26,40
2018-02-20,34,12,22
2018-02-20,19,11,8
2018-02-20,21,12,9
2018-02-20,24,17,7
2018-02-20,20,13,7
2018-02-20,20,7,13
2018-02-20,26,9,17
2018-02-20,59,22,37
2018-02-20,81,29,52
2018-02-20,56,17,39
2018-02-20,17,9,8
2018-02-20,10,6,4
2018-02-20,7,2,5
2018-02-20,6,3,3
2018-02-20,1,1,0
2018-02-21,0,0,0
2018-02-21,1,0,1
2018-02-21,1,0,1
2018-02-21,0,0,0
2018-02-21,0,0,0
2018-02-21,8,5,3
2018-02-21,25,14,11
2018-02-21,43,19,24
2018-02-21,66,28,38
2018-02-21,49,19,30
2018-02-21,30,17,13
2018-02-21,28,15,13
2018-02-21,13,9,4
2018-02-21,21,10,11
2018-02-21,21,10,11
2018-02-21,32,12,20
2018-02-21,62,19,43
2018-02-21,92,36,56
2018-02-21,47,21,26
2018-02-21,23,8,15
2018-02-21,13,5,8
2018-02-21,3,1,2
2018-02-21,2,0,2
2018-02-21,2,2,0
2018-02-22,1,1,0
2018-02-22,0,0,0
2018-02-22,0,0,0
2018-02-22,0,0,0
2018-02-22,0,0,0
2018-02-22,7,5,2
2018-02-22,14,8,6
2018-02-22,14,9,5
2018-02-22,29,17,12
2018-02-22,14,3,11
2018-02-22,15,8,7
2018-02-22,14,6,8
2018-02-22,18,10,8
2018-02-22,18,10,8
2018-02-22,13,6,7
2018-02-22,21,5,16
2018-02-22,36,8,28
2018-02-22,44,21,23
2018-02-22,25,11,14
2018-02-22,16,5,11
2018-02-22,7,4,3
2018-02-22,6,3,3
2018-02-22,7,2,5
2018-02-22,3,2,1
2018-02-23,1,1,0
2018-02-23,1,0,1
2018-02-23,0,0,0
2018-02-23,0,0,0
2018-02-23,2,1,1
2018-02-23,5,3,2
2018-02-23,14,10,4
2018-02-23,30,16,14
2018-02-23,42,14,28
2018-02-23,27,12,15
2018-02-23,19,9,10
2018-02-23,21,11,10
2018-02-23,20,12,8
2018-02-23,17,5,12
2018-02-23,19,10,9
2018-02-23,37,11,26
2018-02-23,51,13,38
2018-02-23,56,24,32
2018-02-23,18,10,8
2018-02-23,9,3,6
2018-02-23,8,4,4
2018-02-23,4,2,2
2018-02-23,3,0,3
2018-02-23,3,1,2
2018-02-24,1,1,0
2018-02-24,0,0,0
2018-02-24,2,0,2
2018-02-24,1,1,0
2018-02-24,0,0,0
2018-02-24,1,0,1
2018-02-24,2,0,2
2018-02-24,2,2,0
2018-02-24,5,4,1
2018-02-24,7,4,3
2018-02-24,8,6,2
2018-02-24,4,3,1
2018-02-24,10,4,6
2018-02-24,12,6,6
2018-02-24,16,4,12
2018-02-24,14,3,11
2018-02-24,23,8,15
2018-02-24,19,2,17
2018-02-24,11,6,5
2018-02-24,13,5,8
2018-02-24,9,5,4
2018-02-24,5,0,5
2018-02-24,3,2,1
2018-02-24,5,3,2
2018-02-25,0,0,0
2018-02-25,3,1,2
2018-02-25,1,0,1
2018-02-25,1,1,0
2018-02-25,0,0,0
2018-02-25,0,0,0
2018-02-25,4,2,2
2018-02-25,15,3,12
2018-02-25,25,5,20
2018-02-25,13,5,8
2018-02-25,8,6,2
2018-02-25,9,2,7
2018-02-25,16,7,9
2018-02-25,28,19,9
2018-02-25,48,38,10
2018-02-25,21,15,6
2018-02-25,16,13,3
2018-02-25,17,9,8
2018-02-25,8,5,3
2018-02-25,14,8,6
2018-02-25,2,0,2
2018-02-25,7,2,5
2018-02-25,2,1,1
2018-02-25,1,0,1
2018-02-26,1,1,0
2018-02-26,0,0,0
2018-02-26,2,1,1
2018-02-26,1,1,0
2018-02-26,1,1,0
2018-02-26,14,11,3
2018-02-26,26,16,10
2018-02-26,61,29,32
2018-02-26,93,47,46
2018-02-26,54,25,29
2018-02-26,20,8,12
2018-02-26,14,7,7
2018-02-26,28,17,11
2018-02-26,31,17,14
2018-02-26,34,18,16
2018-02-26,35,9,26
2018-02-26,88,28,60
2018-02-26,127,50,77
2018-02-26,57,25,32
2018-02-26,29,12,17
2018-02-26,12,5,7
2018-02-26,5,1,4
2018-02-26,6,3,3
2018-02-26,5,1,4
2018-02-27,3,3,0
2018-02-27,0,0,0
2018-02-27,3,2,1
2018-02-27,1,1,0
2018-02-27,1,0,1
2018-02-27,16,10,6
2018-02-27,29,14,15
2018-02-27,62,31,31
2018-02-27,113,55,58
2018-02-27,52,24,28
2018-02-27,25,13,12
2018-02-27,26,14,12
2018-02-27,17,9,8
2018-02-27,26,14,12
2018-02-27,19,12,7
2018-02-27,46,12,34
2018-02-27,70,23,47
2018-02-27,106,41,65
2018-02-27,62,26,36
2018-02-27,28,9,19
2018-02-27,4,2,2
2018-02-27,7,3,4
2018-02-27,4,3,1
2018-02-27,4,2,2
2018-02-28,3,1,2
2018-02-28,2,1,1
2018-02-28,0,0,0
2018-02-28,1,1,0
2018-02-28,1,1,0
2018-02-28,8,7,1
2018-02-28,35,21,14
2018-02-28,48,19,29
2018-02-28,88,40,48
2018-02-28,51,22,29
2018-02-28,16,6,10
2018-02-28,28,8,20
2018-02-28,20,9,11
2018-02-28,15,9,6
2018-02-28,19,11,8
2018-02-28,31,10,21
2018-02-28,63,26,37
2018-02-28,97,29,68
2018-02-28,45,17,28
2018-02-28,18,7,11
2018-02-28,16,5,11
2018-02-28,2,1,1
2018-02-28,3,2,1
2018-02-28,2,1,1
2018-03-01,1,1,0
2018-03-01,2,2,0
2018-03-01,1,1,0
2018-03-01,0,0,0
2018-03-01,0,0,0
2018-03-01,13,8,5
2018-03-01,34,21,13
2018-03-01,55,25,30
2018-03-01,98,37,61
2018-03-01,60,27,33
2018-03-01,30,16,14
2018-03-01,17,8,9
2018-03-01,34,15,19
2018-03-01,19,11,8
2018-03-01,36,16,20
2018-03-01,55,12,43
2018-03-01,122,38,84
2018-03-01,143,45,98
2018-03-01,100,34,66
2018-03-01,34,15,19
2018-03-01,26,12,14
2018-03-01,27,16,11
2018-03-01,9,6,3
2018-03-01,2,1,1
2018-03-02,1,1,0
2018-03-02,2,1,1
2018-03-02,1,1,0
2018-03-02,0,0,0
2018-03-02,2,0,2
2018-03-02,9,6,3
2018-03-02,32,16,16
2018-03-02,46,24,22
2018-03-02,79,39,40
2018-03-02,54,24,30
2018-03-02,22,11,11
2018-03-02,26,11,15
2018-03-02,31,13,18
2018-03-02,38,21,17
2018-03-02,27,13,14
2018-03-02,43,16,27
2018-03-02,88,27,61
2018-03-02,113,49,64
2018-03-02,46,15,31
2018-03-02,24,11,13
2018-03-02,11,5,6
2018-03-02,9,3,6
2018-03-02,12,5,7
2018-03-02,5,0,5
2018-03-03,6,5,1
2018-03-03,0,0,0
2018-03-03,2,2,0
2018-03-03,1,0,1
2018-03-03,0,0,0
2018-03-03,0,0,0
2018-03-03,8,3,5
2018-03-03,6,4,2
2018-03-03,10,7,3
2018-03-03,10,2,8
2018-03-03,24,15,9
2018-03-03,29,17,12
2018-03-03,33,11,22
2018-03-03,44,18,26
2018-03-03,28,15,13
2018-03-03,25,7,18
2018-03-03,40,19,21
2018-03-03,21,12,9
2018-03-03,20,8,12
2018-03-03,15,4,11
2018-03-03,7,1,6
2018-03-03,6,2,4
2018-03-03,2,0,2
2018-03-03,4,1,3
2018-03-04,6,2,4
2018-03-04,1,0,1
2018-03-04,3,1,2
2018-03-04,2,2,0
2018-03-04,0,0,0
2018-03-04,1,0,1
2018-03-04,2,0,2
2018-03-04,3,1,2
2018-03-04,7,1,6
2018-03-04,12,3,9
2018-03-04,10,5,5
2018-03-04,22,11,11
2018-03-04,30,8,22
2018-03-04,31,6,25
2018-03-04,23,11,12
2018-03-04,24,15,9
2018-03-04,29,22,7
2018-03-04,8,3,5
2018-03-04,9,2,7
2018-03-04,10,5,5
2018-03-04,5,3,2
2018-03-04,5,3,2
2018-03-04,1,1,0
2018-03-04,2,1,1
2018-03-05,3,2,1
2018-03-05,0,0,0
2018-03-05,1,1,0
2018-03-05,0,0,0
2018-03-05,1,0,1
2018-03-05,15,9,6
2018-03-05,47,27,20
2018-03-05,64,29,35
2018-03-05,101,44,57
2018-03-05,57,35,22
2018-03-05,25,15,10
2018-03-05,20,5,15
2018-03-05,27,14,13
2018-03-05,27,14,13
2018-03-05,23,9,14
2018-03-05,53,19,34
2018-03-05,87,32,55
2018-03-05,137,48,89
2018-03-05,69,34,35
2018-03-05,23,12,11
2018-03-05,8,2,6
2018-03-05,11,3,8
2018-03-05,8,3,5
2018-03-05,1,0,1
2018-03-06,2,1,1
2018-03-06,3,2,1
2018-03-06,1,1,0
2018-03-06,0,0,0
2018-03-06,0,0,0
2018-03-06,10,7,3
2018-03-06,45,27,18
2018-03-06,78,37,41
2018-03-06,121,48,73
2018-03-06,79,40,39
2018-03-06,21,8,13
2018-03-06,32,14,18
2018-03-06,37,18,19
2018-03-06,46,23,23
2018-03-06,31,17,14
2018-03-06,53,11,42
2018-03-06,115,34,81
2018-03-06,161,63,98
2018-03-06,67,28,39
2018-03-06,32,16,16
2018-03-06,23,11,12
2018-03-06,9,2,7
2018-03-06,5,2,3
2018-03-06,5,1,4
2018-03-07,4,1,3
2018-03-07,1,1,0
2018-03-07,1,1,0
2018-03-07,0,0,0
2018-03-07,0,0,0
2018-03-07,10,5,5
2018-03-07,33,19,14
2018-03-07,56,29,27
2018-03-07,111,45,66
2018-03-07,61,28,33
2018-03-07,28,16,12
2018-03-07,23,12,11
2018-03-07,24,12,12
2018-03-07,27,13,14
2018-03-07,32,17,15
2018-03-07,58,19,39
2018-03-07,98,26,72
2018-03-07,166,50,116
2018-03-07,81,27,54
2018-03-07,34,18,16
2018-03-07,17,7,10
2018-03-07,27,19,8
2018-03-07,12,5,7
2018-03-07,0,0,0
2018-03-08,2,1,1
2018-03-08,2,2,0
2018-03-08,0,0,0
2018-03-08,0,0,0
2018-03-08,0,0,0
2018-03-08,10,6,4
2018-03-08,31,20,11
2018-03-08,37,20,17
2018-03-08,70,30,40
2018-03-08,32,16,16
2018-03-08,27,16,11
2018-03-08,20,10,10
2018-03-08,13,5,8
2018-03-08,10,9,1
2018-03-08,22,11,11
2018-03-08,24,11,13
2018-03-08,70,22,48
2018-03-08,78,25,53
2018-03-08,44,15,29
2018-03-08,19,8,11
2018-03-08,23,13,10
2018-03-08,11,5,6
2018-03-08,4,1,3
2018-03-08,0,0,0
2018-03-09,1,1,0
2018-03-09,0,0,0
2018-03-09,0,0,0
2018-03-09,0,0,0
2018-03-09,2,1,1
2018-03-09,11,8,3
2018-03-09,28,17,11
2018-03-09,53,27,26
2018-03-09,94,39,55
2018-03-09,46,23,23
2018-03-09,29,13,16
2018-03-09,38,23,15
2018-03-09,30,17,13
2018-03-09,32,16,16
2018-03-09,37,18,19
2018-03-09,54,17,37
2018-03-09,94,29,65
2018-03-09,119,50,69
2018-03-09,54,20,34
2018-03-09,26,12,14
2018-03-09,11,5,6
2018-03-09,18,13,5
2018-03-09,7,2,5
2018-03-09,5,3,2
2018-03-10,3,1,2
2018-03-10,0,0,0
2018-03-10,3,1,2
2018-03-10,0,0,0
2018-03-10,0,0,0
2018-03-10,0,0,0
2018-03-10,4,3,1
2018-03-10,2,1,1
2018-03-10,14,7,7
2018-03-10,12,3,9
2018-03-10,21,11,10
2018-03-10,23,8,15
2018-03-10,36,15,21
2018-03-10,44,21,23
2018-03-10,26,8,18
2018-03-10,20,12,8
2018-03-10,41,21,20
2018-03-10,28,9,19
2018-03-10,20,11,9
2018-03-10,11,7,4
2018-03-10,14,7,7
2018-03-10,8,4,4
2018-03-10,1,1,0
2018-03-10,1,0,1
2018-03-11,2,0,2
2018-03-11,3,1,2
2018-03-11,0,0,0
2018-03-11,3,2,1
2018-03-11,0,0,0
2018-03-11,0,0,0
2018-03-11,1,0,1
2018-03-11,1,0,1
2018-03-11,4,2,2
2018-03-11,13,8,5
2018-03-11,14,8,6
2018-03-11,19,7,12
2018-03-11,26,12,14
2018-03-11,38,14,24
2018-03-11,35,12,23
2018-03-11,29,15,14
2018-03-11,22,12,10
2018-03-11,34,16,18
2018-03-11,29,20,9
2018-03-11,14,11,3
2018-03-11,4,2,2
2018-03-11,9,4,5
2018-03-11,14,9,5
2018-03-11,2,1,1
2018-03-12,1,1,0
2018-03-12,1,1,0
2018-03-12,1,1,0
2018-03-12,0,0,0
2018-03-12,3,1,2
2018-03-12,11,7,4
2018-03-12,42,16,26
2018-03-12,71,30,41
2018-03-12,140,56,84
2018-03-12,89,39,50
2018-03-12,41,16,25
2018-03-12,42,27,15
2018-03-12,40,18,22
2018-03-12,53,29,24
2018-03-12,37,19,18
2018-03-12,60,13,47
2018-03-12,143,53,90
2018-03-12,180,67,113
2018-03-12,85,37,48
2018-03-12,36,16,20
2018-03-12,29,15,14
2018-03-12,14,5,9
2018-03-12,12,5,7
2018-03-12,1,1,0
2018-03-13,3,1,2
2018-03-13,0,0,0
2018-03-13,1,1,0
2018-03-13,0,0,0
2018-03-13,0,0,0
2018-03-13,13,9,4
2018-03-13,41,19,22
2018-03-13,64,31,33
2018-03-13,93,48,45
2018-03-13,56,27,29
2018-03-13,30,12,18
2018-03-13,40,20,20
2018-03-13,25,16,9
2018-03-13,33,14,19
2018-03-13,30,11,19
2018-03-13,47,17,30
2018-03-13,85,28,57
2018-03-13,117,40,77
2018-03-13,58,22,36
2018-03-13,16,5,11
2018-03-13,9,5,4
2018-03-13,7,2,5
2018-03-13,4,1,3
2018-03-13,1,1,0
2018-03-14,0,0,0
2018-03-14,3,2,1
2018-03-14,0,0,0
2018-03-14,0,0,0
2018-03-14,2,2,0
2018-03-14,12,9,3
2018-03-14,35,12,23
2018-03-14,52,24,28
2018-03-14,98,42,56
2018-03-14,62,23,39
2018-03-14,25,9,16
2018-03-14,34,13,21
2018-03-14,34,18,16
2018-03-14,34,17,17
2018-03-14,27,9,18
2018-03-14,60,18,42
2018-03-14,107,49,58
2018-03-14,138,42,96
2018-03-14,73,32,41
2018-03-14,35,17,18
2018-03-14,10,6,4
2018-03-14,17,9,8
2018-03-14,5,2,3
2018-03-14,3,1,2
2018-03-15,1,0,1
2018-03-15,1,1,0
2018-03-15,2,1,1
2018-03-15,0,0,0
2018-03-15,1,1,0
2018-03-15,10,6,4
2018-03-15,43,18,25
2018-03-15,65,31,34
2018-03-15,127,52,75
2018-03-15,89,43,46
2018-03-15,33,15,18
2018-03-15,37,21,16
2018-03-15,43,23,20
2018-03-15,40,18,22
2018-03-15,36,18,18
2018-03-15,70,21,49
2018-03-15,123,56,67
2018-03-15,167,70,97
2018-03-15,83,28,55
2018-03-15,36,13,23
2018-03-15,16,11,5
2018-03-15,9,5,4
2018-03-15,5,0,5
2018-03-15,1,1,0
2018-03-16,2,1,1
2018-03-16,3,1,2
2018-03-16,0,0,0
2018-03-16,1,0,1
2018-03-16,2,1,1
2018-03-16,9,6,3
2018-03-16,36,17,19
2018-03-16,55,22,33
2018-03-16,106,47,59
2018-03-16,66,25,41
2018-03-16,30,14,16
2018-03-16,28,16,12
2018-03-16,42,18,24
2018-03-16,37,18,19
2018-03-16,41,14,27
2018-03-16,62,23,39
2018-03-16,109,31,78
2018-03-16,125,51,74
2018-03-16,67,26,41
2018-03-16,33,17,16
2018-03-16,28,11,17
2018-03-16,19,6,13
2018-03-16,8,4,4
2018-03-16,6,3,3
2018-03-17,1,0,1
2018-03-17,2,2,0
2018-03-17,2,2,0
2018-03-17,3,2,1
2018-03-17,0,0,0
2018-03-17,0,0,0
2018-03-17,2,1,1
2018-03-17,7,6,1
2018-03-17,11,5,6
2018-03-17,26,16,10
2018-03-17,26,12,14
2018-03-17,13,5,8
2018-03-17,27,12,15
2018-03-17,38,19,19
2018-03-17,36,16,20
2018-03-17,33,21,12
2018-03-17,29,12,17
2018-03-17,24,10,14
2018-03-17,24,11,13
2018-03-17,34,17,17
2018-03-17,12,6,6
2018-03-17,6,2,4
2018-03-17,3,1,2
2018-03-17,6,4,2
2018-03-18,2,1,1
2018-03-18,2,1,1
2018-03-18,2,2,0
2018-03-18,0,0,0
2018-03-18,1,1,0
2018-03-18,0,0,0
2018-03-18,1,0,1
2018-03-18,3,2,1
2018-03-18,11,7,4
2018-03-18,10,4,6
2018-03-18,22,12,10
2018-03-18,16,7,9
2018-03-18,17,5,12
2018-03-18,25,15,10
2018-03-18,22,9,13
2018-03-18,45,20,25
2018-03-18,23,11,12
2018-03-18,30,16,14
2018-03-18,27,13,14
2018-03-18,15,8,7
2018-03-18,9,5,4
2018-03-18,16,5,11
2018-03-18,5,3,2
2018-03-18,1,1,0
2018-03-19,0,0,0
2018-03-19,1,0,1
2018-03-19,4,4,0
2018-03-19,0,0,0
2018-03-19,2,1,1
2018-03-19,14,8,6
2018-03-19,39,20,19
2018-03-19,90,44,46
2018-03-19,134,55,79
2018-03-19,79,38,41
2018-03-19,42,14,28
2018-03-19,30,13,17
2018-03-19,37,20,17
2018-03-19,45,25,20
2018-03-19,53,22,31
2018-03-19,43,13,30
2018-03-19,118,36,82
2018-03-19,162,73,89
2018-03-19,107,43,64
2018-03-19,41,9,32
2018-03-19,17,7,10
2018-03-19,10,4,6
2018-03-19,6,1,5
2018-03-19,3,2,1
2018-03-20,1,1,0
2018-03-20,2,1,1
2018-03-20,1,1,0
2018-03-20,1,1,0
2018-03-20,2,1,1
2018-03-20,12,10,2
2018-03-20,34,18,16
2018-03-20,94,38,56
2018-03-20,127,49,78
2018-03-20,72,33,39
2018-03-20,28,9,19
2018-03-20,41,22,19
2018-03-20,37,22,15
2018-03-20,39,21,18
2018-03-20,35,13,22
2018-03-20,68,22,46
2018-03-20,127,45,82
2018-03-20,189,68,121
2018-03-20,97,41,56
2018-03-20,43,23,20
2018-03-20,20,5,15
2018-03-20,15,6,9
2018-03-20,8,4,4
2018-03-20,3,1,2
2018-03-21,4,3,1
2018-03-21,3,2,1
2018-03-21,1,1,0
2018-03-21,2,0,2
2018-03-21,1,1,0
2018-03-21,9,7,2
2018-03-21,37,18,19
2018-03-21,81,39,42
2018-03-21,116,47,69
2018-03-21,77,31,46
2018-03-21,36,19,17
2018-03-21,35,19,16
2018-03-21,46,21,25
2018-03-21,31,20,11
2018-03-21,40,17,23
2018-03-21,61,19,42
2018-03-21,130,47,83
2018-03-21,161,49,112
2018-03-21,73,36,37
2018-03-21,32,12,20
2018-03-21,12,6,6
2018-03-21,6,2,4
2018-03-21,3,0,3
2018-03-21,1,0,1
2018-03-22,1,1,0
2018-03-22,1,1,0
2018-03-22,0,0,0
2018-03-22,0,0,0
2018-03-22,0,0,0
2018-03-22,9,8,1
2018-03-22,24,12,12
2018-03-22,37,16,21
2018-03-22,71,32,39
2018-03-22,31,16,15
2018-03-22,15,10,5
2018-03-22,14,9,5
2018-03-22,21,14,7
2018-03-22,12,6,6
2018-03-22,19,14,5
2018-03-22,29,10,19
2018-03-22,62,23,39
2018-03-22,90,30,60
2018-03-22,53,14,39
2018-03-22,19,11,8
2018-03-22,9,6,3
2018-03-22,6,6,0
2018-03-22,7,3,4
2018-03-22,2,1,1
2018-03-23,3,1,2
2018-03-23,2,1,1
2018-03-23,0,0,0
2018-03-23,1,1,0
2018-03-23,2,1,1
2018-03-23,8,4,4
2018-03-23,22,12,10
2018-03-23,46,20,26
2018-03-23,61,24,37
2018-03-23,30,16,14
2018-03-23,20,10,10
2018-03-23,15,7,8
2018-03-23,18,14,4
2018-03-23,24,15,9
2018-03-23,19,7,12
2018-03-23,52,18,34
2018-03-23,78,21,57
2018-03-23,89,34,55
2018-03-23,44,17,27
2018-03-23,20,8,12
2018-03-23,10,5,5
2018-03-23,4,1,3
2018-03-23,5,1,4
2018-03-23,3,0,3
2018-03-24,1,1,0
2018-03-24,2,2,0
2018-03-24,0,0,0
2018-03-24,0,0,0
2018-03-24,0,0,0
2018-03-24,0,0,0
2018-03-24,0,0,0
2018-03-24,3,3,0
2018-03-24,9,6,3
2018-03-24,16,6,10
2018-03-24,18,11,7
2018-03-24,23,9,14
2018-03-24,26,9,17
2018-03-24,31,11,20
2018-03-24,16,6,10
2018-03-24,22,6,16
2018-03-24,39,9,30
2018-03-24,18,8,10
2018-03-24,18,7,11
2018-03-24,15,7,8
2018-03-24,6,3,3
2018-03-24,19,11,8
2018-03-24,3,1,2
2018-03-24,4,1,3
2018-03-25,5,1,4
2018-03-25,0,0,0
2018-03-25,2,0,2
2018-03-25,0,0,0
2018-03-25,0,0,0
2018-03-25,0,0,0
2018-03-25,2,1,1
2018-03-25,3,1,2
2018-03-25,4,1,3
2018-03-25,9,4,5
2018-03-25,10,5,5
2018-03-25,14,3,11
2018-03-25,34,16,18
2018-03-25,24,9,15
2018-03-25,21,9,12
2018-03-25,27,12,15
2018-03-25,18,8,10
2018-03-25,19,8,11
2018-03-25,14,3,11
2018-03-25,12,6,6
2018-03-25,9,4,5
2018-03-25,7,2,5
2018-03-25,2,1,1
2018-03-25,1,1,0
2018-03-26,1,1,0
2018-03-26,1,1,0
2018-03-26,0,0,0
2018-03-26,0,0,0
2018-03-26,0,0,0
2018-03-26,7,4,3
2018-03-26,28,15,13
2018-03-26,48,21,27
2018-03-26,89,36,53
2018-03-26,62,25,37
2018-03-26,19,7,12
2018-03-26,23,10,13
2018-03-26,11,6,5
2018-03-26,23,14,9
2018-03-26,20,8,12
2018-03-26,37,15,22
2018-03-26,73,28,45
2018-03-26,133,49,84
2018-03-26,68,24,44
2018-03-26,21,7,14
2018-03-26,6,4,2
2018-03-26,8,3,5
2018-03-26,7,5,2
2018-03-26,0,0,0
2018-03-27,0,0,0
2018-03-27,1,1,0
2018-03-27,0,0,0
2018-03-27,0,0,0
2018-03-27,1,0,1
2018-03-27,12,9,3
2018-03-27,28,13,15
2018-03-27,61,31,30
2018-03-27,95,39,56
2018-03-27,63,22,41
2018-03-27,27,17,10
2018-03-27,24,7,17
2018-03-27,34,12,22
2018-03-27,28,16,12
2018-03-27,31,15,16
2018-03-27,54,19,35
2018-03-27,100,33,67
2018-03-27,125,57,68
2018-03-27,65,31,34
2018-03-27,25,11,14
2018-03-27,12,7,5
2018-03-27,14,4,10
2018-03-27,4,2,2
2018-03-27,4,2,2
2018-03-28,5,2,3
2018-03-28,0,0,0
2018-03-28,0,0,0
2018-03-28,0,0,0
2018-03-28,0,0,0
2018-03-28,15,10,5
2018-03-28,41,19,22
2018-03-28,85,40,45
2018-03-28,119,49,70
2018-03-28,64,28,36
2018-03-28,46,20,26
2018-03-28,49,23,26
2018-03-28,27,20,7
2018-03-28,38,23,15
2018-03-28,36,13,23
2018-03-28,73,19,54
2018-03-28,119,33,86
2018-03-28,168,79,89
2018-03-28,92,33,59
2018-03-28,29,12,17
2018-03-28,15,8,7
2018-03-28,10,3,7
2018-03-28,8,4,4
2018-03-28,2,0,2
2018-03-29,2,1,1
2018-03-29,2,2,0
2018-03-29,2,1,1
2018-03-29,1,1,0
2018-03-29,1,1,0
2018-03-29,14,7,7
2018-03-29,35,17,18
2018-03-29,67,38,29
2018-03-29,126,54,72
2018-03-29,69,22,47
2018-03-29,34,18,16
2018-03-29,39,15,24
2018-03-29,25,14,11
2018-03-29,38,16,22
2018-03-29,63,26,37
2018-03-29,58,17,41
2018-03-29,125,41,84
2018-03-29,193,58,135
2018-03-29,132,36,96
2018-03-29,47,20,27
2018-03-29,21,16,5
2018-03-29,19,11,8
2018-03-29,37,25,12
2018-03-29,14,10,4
2018-03-30,3,3,0
2018-03-30,1,1,0
2018-03-30,0,0,0
2018-03-30,2,1,1
2018-03-30,2,1,1
2018-03-30,12,10,2
2018-03-30,32,10,22
2018-03-30,52,31,21
2018-03-30,100,41,59
2018-03-30,59,21,38
2018-03-30,32,13,19
2018-03-30,35,13,22
2018-03-30,49,26,23
2018-03-30,38,21,17
2018-03-30,48,25,23
2018-03-30,67,24,43
2018-03-30,113,33,80
2018-03-30,111,49,62
2018-03-30,68,19,49
2018-03-30,28,14,14
2018-03-30,15,11,4
2018-03-30,7,3,4
2018-03-30,17,7,10
2018-03-30,20,12,8
2018-03-31,9,5,4
2018-03-31,4,2,2
2018-03-31,3,2,1
2018-03-31,4,0,4
2018-03-31,0,0,0
2018-03-31,1,1,0
2018-03-31,2,1,1
2018-03-31,5,3,2
2018-03-31,8,5,3
2018-03-31,10,5,5
2018-03-31,22,8,14
2018-03-31,36,9,27
2018-03-31,67,15,52
2018-03-31,45,19,26
2018-03-31,36,23,13
2018-03-31,47,16,31
2018-03-31,66,43,23
2018-03-31,65,26,39
2018-03-31,64,16,48
2018-03-31,25,8,17
2018-03-31,16,10,6
2018-03-31,39,29,10
2018-03-31,15,8,7
2018-03-31,10,5,5
2018-04-01,9,8,1
2018-04-01,2,2,0
2018-04-01,2,1,1
2018-04-01,0,0,0
2018-04-01,0,0,0
2018-04-01,1,0,1
2018-04-01,4,2,2
2018-04-01,4,3,1
2018-04-01,4,2,2
2018-04-01,7,3,4
2018-04-01,11,4,7
2018-04-01,9,6,3
2018-04-01,19,6,13
2018-04-01,10,4,6
2018-04-01,19,5,14
2018-04-01,12,7,5
2018-04-01,7,4,3
2018-04-01,19,11,8
2018-04-01,9,6,3
2018-04-01,7,2,5
2018-04-01,2,0,2
2018-04-01,1,0,1
2018-04-01,4,2,2
2018-04-01,0,0,0
2018-04-02,0,0,0
2018-04-02,1,1,0
2018-04-02,1,0,1
2018-04-02,0,0,0
2018-04-02,1,1,0
2018-04-02,16,10,6
2018-04-02,36,18,18
2018-04-02,75,39,36
2018-04-02,128,60,68
2018-04-02,86,44,42
2018-04-02,31,13,18
2018-04-02,24,13,11
2018-04-02,44,13,31
2018-04-02,22,16,6
2018-04-02,33,23,10
2018-04-02,58,17,41
2018-04-02,122,39,83
2018-04-02,166,64,102
2018-04-02,81,34,47
2018-04-02,25,10,15
2018-04-02,16,5,11
2018-04-02,7,3,4
2018-04-02,11,7,4
2018-04-02,3,2,1
2018-04-03,1,0,1
2018-04-03,1,1,0
2018-04-03,0,0,0
2018-04-03,1,1,0
2018-04-03,0,0,0
2018-04-03,11,6,5
2018-04-03,48,18,30
2018-04-03,75,42,33
2018-04-03,122,52,70
2018-04-03,73,30,43
2018-04-03,36,10,26
2018-04-03,30,14,16
2018-04-03,26,16,10
2018-04-03,26,12,14
2018-04-03,32,19,13
2018-04-03,58,20,38
2018-04-03,117,36,81
2018-04-03,147,59,88
2018-04-03,90,37,53
2018-04-03,29,14,15
2018-04-03,8,3,5
2018-04-03,7,3,4
2018-04-03,7,2,5
2018-04-03,3,2,1
2018-04-04,4,1,3
2018-04-04,1,1,0
2018-04-04,0,0,0
2018-04-04,2,2,0
2018-04-04,2,1,1
2018-04-04,11,7,4
2018-04-04,36,20,16
2018-04-04,44,30,14
2018-04-04,70,38,32
2018-04-04,54,18,36
2018-04-04,19,9,10
2018-04-04,18,10,8
2018-04-04,21,9,12
2018-04-04,22,13,9
2018-04-04,19,11,8
2018-04-04,30,7,23
2018-04-04,69,20,49
2018-04-04,98,34,64
2018-04-04,60,20,40
2018-04-04,33,12,21
2018-04-04,6,3,3
2018-04-04,10,2,8
2018-04-04,6,2,4
2018-04-04,6,3,3
2018-04-05,2,2,0
2018-04-05,0,0,0
2018-04-05,0,0,0
2018-04-05,0,0,0
2018-04-05,1,1,0
2018-04-05,12,6,6
2018-04-05,29,11,18
2018-04-05,47,25,22
2018-04-05,72,31,41
2018-04-05,55,25,30
2018-04-05,26,12,14
2018-04-05,21,9,12
2018-04-05,14,7,7
2018-04-05,18,8,10
2018-04-05,25,13,12
2018-04-05,36,14,22
2018-04-05,80,21,59
2018-04-05,94,37,57
2018-04-05,53,10,43
2018-04-05,30,11,19
2018-04-05,12,9,3
2018-04-05,14,9,5
2018-04-05,10,3,7
2018-04-05,6,2,4
2018-04-06,1,1,0
2018-04-06,0,0,0
2018-04-06,1,1,0
2018-04-06,0,0,0
2018-04-06,1,1,0
2018-04-06,14,10,4
2018-04-06,25,12,13
2018-04-06,59,25,34
2018-04-06,92,46,46
2018-04-06,65,27,38
2018-04-06,43,23,20
2018-04-06,22,8,14
2018-04-06,31,10,21
2018-04-06,38,11,27
2018-04-06,41,15,26
2018-04-06,65,22,43
2018-04-06,110,41,69
2018-04-06,135,43,92
2018-04-06,75,34,41
2018-04-06,32,16,16
2018-04-06,13,7,6
2018-04-06,6,2,4
2018-04-06,9,3,6
2018-04-06,8,4,4
2018-04-07,11,6,5
2018-04-07,1,1,0
2018-04-07,0,0,0
2018-04-07,1,1,0
2018-04-07,0,0,0
2018-04-07,0,0,0
2018-04-07,0,0,0
2018-04-07,3,3,0
2018-04-07,8,3,5
2018-04-07,2,2,0
2018-04-07,11,3,8
2018-04-07,18,7,11
2018-04-07,23,12,11
2018-04-07,19,10,9
2018-04-07,10,4,6
2018-04-07,19,5,14
2018-04-07,12,5,7
2018-04-07,7,1,6
2018-04-07,10,2,8
2018-04-07,6,2,4
2018-04-07,3,1,2
2018-04-07,4,1,3
2018-04-07,13,11,2
2018-04-07,6,3,3
2018-04-08,3,1,2
2018-04-08,3,2,1
2018-04-08,0,0,0
2018-04-08,1,1,0
2018-04-08,0,0,0
2018-04-08,2,0,2
2018-04-08,99,10,89
2018-04-08,299,32,267
2018-04-08,102,33,69
2018-04-08,116,97,19
2018-04-08,180,133,47
2018-04-08,48,31,17
2018-04-08,10,7,3
2018-04-08,15,8,7
2018-04-08,5,2,3
2018-04-08,12,6,6
2018-04-08,12,3,9
2018-04-08,16,5,11
2018-04-08,6,2,4
2018-04-08,8,2,6
2018-04-08,10,4,6
2018-04-08,3,1,2
2018-04-08,4,1,3
2018-04-08,3,1,2
2018-04-09,0,0,0
2018-04-09,2,2,0
2018-04-09,1,1,0
2018-04-09,0,0,0
2018-04-09,0,0,0
2018-04-09,18,11,7
2018-04-09,40,20,20
2018-04-09,88,47,41
2018-04-09,123,55,68
2018-04-09,75,29,46
2018-04-09,29,15,14
2018-04-09,29,13,16
2018-04-09,31,14,17
2018-04-09,43,22,21
2018-04-09,35,14,21
2018-04-09,51,19,32
2018-04-09,126,32,94
2018-04-09,152,61,91
2018-04-09,99,46,53
2018-04-09,39,15,24
2018-04-09,25,11,14
2018-04-09,12,5,7
2018-04-09,6,3,3
2018-04-09,1,1,0
2018-04-10,1,0,1
2018-04-10,2,2,0
2018-04-10,0,0,0
2018-04-10,1,0,1
2018-04-10,1,0,1
2018-04-10,13,10,3
2018-04-10,24,12,12
2018-04-10,47,21,26
2018-04-10,62,31,31
2018-04-10,45,19,26
2018-04-10,22,11,11
2018-04-10,16,8,8
2018-04-10,22,14,8
2018-04-10,26,18,8
2018-04-10,23,8,15
2018-04-10,45,9,36
2018-04-10,72,28,44
2018-04-10,111,40,71
2018-04-10,68,31,37
2018-04-10,33,18,15
2018-04-10,12,4,8
2018-04-10,24,10,14
2018-04-10,3,2,1
2018-04-10,6,3,3
2018-04-11,2,1,1
2018-04-11,2,1,1
2018-04-11,1,1,0
2018-04-11,0,0,0
2018-04-11,0,0,0
2018-04-11,15,10,5
2018-04-11,32,16,16
2018-04-11,50,25,25
2018-04-11,99,55,44
2018-04-11,51,21,30
2018-04-11,38,18,20
2018-04-11,15,6,9
2018-04-11,15,8,7
2018-04-11,14,7,7
2018-04-11,19,7,12
2018-04-11,36,6,30
2018-04-11,69,21,48
2018-04-11,111,34,77
2018-04-11,63,29,34
2018-04-11,26,10,16
2018-04-11,8,1,7
2018-04-11,11,5,6
2018-04-11,3,1,2
2018-04-11,1,0,1
2018-04-12,0,0,0
2018-04-12,0,0,0
2018-04-12,0,0,0
2018-04-12,0,0,0
2018-04-12,1,0,1
2018-04-12,11,8,3
2018-04-12,32,18,14
2018-04-12,53,32,21
2018-04-12,89,38,51
2018-04-12,53,23,30
2018-04-12,20,9,11
2018-04-12,17,9,8
2018-04-12,21,12,9
2018-04-12,15,7,8
2018-04-12,24,11,13
2018-04-12,45,16,29
2018-04-12,87,25,62
2018-04-12,127,41,86
2018-04-12,71,29,42
2018-04-12,33,18,15
2018-04-12,16,8,8
2018-04-12,14,5,9
2018-04-12,7,3,4
2018-04-12,0,0,0
2018-04-13,1,1,0
2018-04-13,0,0,0
2018-04-13,1,1,0
2018-04-13,0,0,0
2018-04-13,1,1,0
2018-04-13,8,6,2
2018-04-13,21,11,10
2018-04-13,39,29,10
2018-04-13,70,36,34
2018-04-13,38,16,22
2018-04-13,20,7,13
2018-04-13,27,11,16
2018-04-13,15,6,9
2018-04-13,27,15,12
2018-04-13,16,7,9
2018-04-13,34,13,21
2018-04-13,56,15,41
2018-04-13,73,25,48
2018-04-13,51,12,39
2018-04-13,10,4,6
2018-04-13,13,6,7
2018-04-13,4,3,1
2018-04-13,2,1,1
2018-04-13,0,0,0
2018-04-14,3,2,1
2018-04-14,0,0,0
2018-04-14,3,3,0
2018-04-14,0,0,0
2018-04-14,0,0,0
2018-04-14,0,0,0
2018-04-14,2,1,1
2018-04-14,3,3,0
2018-04-14,5,4,1
2018-04-14,12,5,7
2018-04-14,9,4,5
2018-04-14,5,0,5
2018-04-14,16,8,8
2018-04-14,9,9,0
2018-04-14,4,3,1
2018-04-14,4,3,1
2018-04-14,8,2,6
2018-04-14,2,2,0
2018-04-14,3,0,3
2018-04-14,3,2,1
2018-04-14,5,2,3
2018-04-14,1,0,1
2018-04-14,5,3,2
2018-04-14,1,1,0
2018-04-15,1,0,1
2018-04-15,0,0,0
2018-04-15,0,0,0
2018-04-15,1,1,0
2018-04-15,0,0,0
2018-04-15,0,0,0
2018-04-15,2,0,2
2018-04-15,4,4,0
2018-04-15,2,1,1
2018-04-15,5,4,1
2018-04-15,7,4,3
2018-04-15,21,10,11
2018-04-15,17,9,8
2018-04-15,26,9,17
2018-04-15,14,7,7
2018-04-15,14,5,9
2018-04-15,23,16,7
2018-04-15,15,8,7
2018-04-15,8,4,4
2018-04-15,8,4,4
2018-04-15,3,1,2
2018-04-15,5,2,3
2018-04-15,8,5,3
2018-04-15,2,1,1
2018-04-16,1,1,0
2018-04-16,1,0,1
2018-04-16,1,0,1
2018-04-16,1,1,0
2018-04-16,1,0,1
2018-04-16,12,8,4
2018-04-16,39,23,16
2018-04-16,57,26,31
2018-04-16,96,43,53
2018-04-16,44,19,25
2018-04-16,16,10,6
2018-04-16,19,8,11
2018-04-16,29,10,19
2018-04-16,21,9,12
2018-04-16,21,8,13
2018-04-16,37,14,23
2018-04-16,77,29,48
2018-04-16,101,34,67
2018-04-16,69,29,40
2018-04-16,26,12,14
2018-04-16,8,4,4
2018-04-16,7,5,2
2018-04-16,5,3,2
2018-04-16,4,2,2
2018-04-17,1,1,0
2018-04-17,1,0,1
2018-04-17,1,0,1
2018-04-17,1,1,0
2018-04-17,1,0,1
2018-04-17,14,8,6
2018-04-17,39,22,17
2018-04-17,63,33,30
2018-04-17,116,52,64
2018-04-17,74,38,36
2018-04-17,32,15,17
2018-04-17,37,17,20
2018-04-17,50,23,27
2018-04-17,34,15,19
2018-04-17,30,13,17
2018-04-17,57,16,41
2018-04-17,121,46,75
2018-04-17,178,68,110
2018-04-17,76,27,49
2018-04-17,42,13,29
2018-04-17,15,8,7
2018-04-17,7,4,3
2018-04-17,22,16,6
2018-04-17,2,1,1
2018-04-18,1,1,0
2018-04-18,1,1,0
2018-04-18,1,1,0
2018-04-18,1,0,1
2018-04-18,3,2,1
2018-04-18,11,9,2
2018-04-18,47,31,16
2018-04-18,83,41,42
2018-04-18,140,61,79
2018-04-18,76,34,42
2018-04-18,23,15,8
2018-04-18,23,14,9
2018-04-18,36,14,22
2018-04-18,30,12,18
2018-04-18,37,12,25
2018-04-18,61,20,41
2018-04-18,119,38,81
2018-04-18,175,59,116
2018-04-18,91,44,47
2018-04-18,51,18,33
2018-04-18,18,9,9
2018-04-18,23,11,12
2018-04-18,10,6,4
2018-04-18,6,2,4
2018-04-19,0,0,0
2018-04-19,1,0,1
2018-04-19,3,2,1
2018-04-19,2,1,1
2018-04-19,3,2,1
2018-04-19,17,10,7
2018-04-19,49,22,27
2018-04-19,93,45,48
2018-04-19,137,67,70
2018-04-19,77,29,48
2018-04-19,37,17,20
2018-04-19,48,19,29
2018-04-19,63,23,40
2018-04-19,42,16,26
2018-04-19,55,26,29
2018-04-19,67,25,42
2018-04-19,127,43,84
2018-04-19,183,68,115
2018-04-19,98,39,59
2018-04-19,55,28,27
2018-04-19,22,11,11
2018-04-19,14,6,8
2018-04-19,6,5,1
2018-04-19,6,1,5
2018-04-20,6,3,3
2018-04-20,4,2,2
2018-04-20,0,0,0
2018-04-20,3,2,1
2018-04-20,1,0,1
2018-04-20,16,12,4
2018-04-20,41,16,25
2018-04-20,80,40,40
2018-04-20,135,68,67
2018-04-20,74,26,48
2018-04-20,29,14,15
2018-04-20,49,19,30
2018-04-20,43,20,23
2018-04-20,33,12,21
2018-04-20,51,20,31
2018-04-20,76,30,46
2018-04-20,131,54,77
2018-04-20,130,56,74
2018-04-20,84,29,55
2018-04-20,27,16,11
2018-04-20,21,13,8
2018-04-20,14,6,8
2018-04-20,5,4,1
2018-04-20,5,1,4
2018-04-21,1,0,1
2018-04-21,2,2,0
2018-04-21,1,1,0
2018-04-21,0,0,0
2018-04-21,0,0,0
2018-04-21,1,0,1
2018-04-21,4,1,3
2018-04-21,5,3,2
2018-04-21,12,7,5
2018-04-21,14,7,7
2018-04-21,22,10,12
2018-04-21,19,4,15
2018-04-21,40,15,25
2018-04-21,36,10,26
2018-04-21,29,9,20
2018-04-21,22,14,8
2018-04-21,30,19,11
2018-04-21,26,14,12
2018-04-21,31,12,19
2018-04-21,30,14,16
2018-04-21,11,7,4
2018-04-21,10,3,7
2018-04-21,8,6,2
2018-04-21,4,1,3
2018-04-22,7,2,5
2018-04-22,1,1,0
2018-04-22,7,5,2
2018-04-22,0,0,0
2018-04-22,1,0,1
2018-04-22,1,0,1
2018-04-22,4,3,1
2018-04-22,11,4,7
2018-04-22,18,7,11
2018-04-22,24,11,13
2018-04-22,15,7,8
2018-04-22,44,14,30
2018-04-22,68,11,57
2018-04-22,37,14,23
2018-04-22,42,17,25
2018-04-22,64,45,19
2018-04-22,42,23,19
2018-04-22,37,21,16
2018-04-22,21,11,10
2018-04-22,15,8,7
2018-04-22,9,3,6
2018-04-22,14,5,9
2018-04-22,1,1,0
2018-04-22,2,1,1
2018-04-23,1,0,1
2018-04-23,1,0,1
2018-04-23,1,1,0
2018-04-23,1,1,0
2018-04-23,7,3,4
2018-04-23,22,14,8
2018-04-23,50,23,27
2018-04-23,109,62,47
2018-04-23,151,63,88
2018-04-23,79,37,42
2018-04-23,29,14,15
2018-04-23,40,17,23
2018-04-23,27,12,15
2018-04-23,43,22,21
2018-04-23,40,21,19
2018-04-23,82,32,50
2018-04-23,143,52,91
2018-04-23,237,85,152
2018-04-23,104,42,62
2018-04-23,27,11,16
2018-04-23,15,6,9
2018-04-23,20,10,10
2018-04-23,7,3,4
2018-04-23,2,1,1
2018-04-24,6,3,3
2018-04-24,1,1,0
2018-04-24,1,1,0
2018-04-24,0,0,0
2018-04-24,2,2,0
2018-04-24,21,14,7
2018-04-24,60,31,29
2018-04-24,117,69,48
2018-04-24,209,83,126
2018-04-24,103,41,62
2018-04-24,34,20,14
2018-04-24,57,24,33
2018-04-24,52,26,26
2018-04-24,46,25,21
2018-04-24,51,30,21
2018-04-24,89,27,62
2018-04-24,182,62,120
2018-04-24,242,102,140
2018-04-24,122,42,80
2018-04-24,54,23,31
2018-04-24,25,12,13
2018-04-24,11,5,6
2018-04-24,9,4,5
2018-04-24,8,2,6
2018-04-25,2,0,2
2018-04-25,2,1,1
2018-04-25,1,0,1
2018-04-25,0,0,0
2018-04-25,0,0,0
2018-04-25,22,12,10
2018-04-25,54,27,27
2018-04-25,124,56,68
2020-04-01,0,0,0
2020-04-01,1,0,1
2020-04-01,1,0,1
2020-04-01,0,0,0
2020-04-01,1,1,0
2020-04-01,4,1,3
2020-04-01,4,1,3
2020-04-01,11,7,4
2020-04-01,13,9,4
2020-04-01,7,3,4
2020-04-01,5,4,1
2020-04-01,13,11,2
2020-04-01,14,6,8
2020-04-01,16,6,10
2020-04-01,19,8,11
2020-04-01,30,18,12
2020-04-01,28,16,12
2020-04-01,27,16,11
2020-04-01,33,14,19
2020-04-01,18,7,11
2020-04-01,7,4,3
2020-04-01,3,3,0
2020-04-01,6,4,2
2020-04-01,0,0,0
2020-04-02,0,0,0
2020-04-02,1,0,1
2020-04-02,0,0,0
2020-04-02,0,0,0
2020-04-02,0,0,0
2020-04-02,2,0,2
2020-04-02,10,2,8
2020-04-02,11,4,7
2020-04-02,10,6,4
2020-04-02,8,5,3
2020-04-02,17,9,8
2020-04-02,11,7,4
2020-04-02,14,10,4
2020-04-02,20,7,13
2020-04-02,12,5,7
2020-04-02,22,11,11
2020-04-02,25,13,12
2020-04-02,23,13,10
2020-04-02,24,15,9
2020-04-02,9,3,6
2020-04-02,5,1,4
2020-04-02,2,2,0
2020-04-02,2,1,1
2020-04-02,2,0,2
2020-04-03,0,0,0
2020-04-03,3,2,1
2020-04-03,1,0,1
2020-04-03,1,0,1
2018-04-25,167,74,93
2018-04-25,84,33,51
2018-04-25,43,18,25
2018-04-25,41,20,21
2018-04-25,53,25,28
2018-04-25,43,21,22
2018-04-25,47,18,29
2018-04-25,82,25,57
2018-04-25,170,64,106
2018-04-25,247,91,156
2018-04-25,117,46,71
2018-04-25,41,16,25
2018-04-25,34,18,16
2018-04-25,13,4,9
2018-04-25,11,8,3
2018-04-25,6,3,3
2018-04-26,2,1,1
2018-04-26,1,0,1
2018-04-26,2,2,0
2018-04-26,3,1,2
2018-04-26,1,1,0
2018-04-26,21,13,8
2018-04-26,62,31,31
2018-04-26,109,49,60
2018-04-26,170,72,98
2018-04-26,104,42,62
2018-04-26,43,18,25
2018-04-26,43,17,26
2018-04-26,43,16,27
2018-04-26,54,25,29
2018-04-26,44,17,27
2018-04-26,116,37,79
2018-04-26,185,69,116
2018-04-26,214,74,140
2018-04-26,127,54,73
2018-04-26,62,26,36
2018-04-26,23,11,12
2018-04-26,15,5,10
2018-04-26,11,6,5
2018-04-26,5,4,1
2018-04-27,2,0,2
2018-04-27,3,1,2
2018-04-27,2,0,2
2018-04-27,1,0,1
2018-04-27,2,2,0
2018-04-27,12,7,5
2018-04-27,36,14,22
2018-04-27,78,46,32
2018-04-27,127,48,79
2018-04-27,82,33,49
2018-04-27,25,9,16
2018-04-27,40,20,20
2018-04-27,50,25,25
2018-04-27,31,9,22
2018-04-27,48,21,27
2018-04-27,78,30,48
2018-04-27,114,30,84
2018-04-27,153,64,89
2018-04-27,72,26,46
2018-04-27,41,14,27
2018-04-27,15,9,6
2018-04-27,8,2,6
2018-04-27,9,6,3
2018-04-27,8,5,3
2018-04-28,4,1,3
2018-04-28,8,1,7
2018-04-28,0,0,0
2018-04-28,0,0,0
2018-04-28,0,0,0
2018-04-28,1,0,1
2018-04-28,1,0,1
2018-04-28,5,4,1
2018-04-28,1,1,0
2018-04-28,4,2,2
2018-04-28,6,5,1
2018-04-28,10,2,8
2018-04-28,2,0,2
2018-04-28,14,8,6
2018-04-28,13,4,9
2018-04-28,21,8,13
2018-04-28,12,7,5
2018-04-28,20,10,10
2018-04-28,14,6,8
2018-04-28,7,5,2
2018-04-28,6,3,3
2018-04-28,7,4,3
2018-04-28,4,3,1
2018-04-28,4,3,1
2018-04-29,2,1,1
2018-04-29,0,0,0
2018-04-29,1,1,0
2018-04-29,0,0,0
2018-04-29,1,0,1
2018-04-29,0,0,0
2018-04-29,0,0,0
2018-04-29,2,2,0
2018-04-29,7,4,3
2018-04-29,13,5,8
2018-04-29,15,6,9
2018-04-29,16,7,9
2018-04-29,22,15,7
2018-04-29,30,11,19
2018-04-29,24,11,13
2018-04-29,22,8,14
2018-04-29,24,5,19
2018-04-29,35,15,20
2018-04-29,22,11,11
2018-04-29,17,7,10
2018-04-29,15,9,6
2018-04-29,3,2,1
2018-04-29,5,3,2
2018-04-29,3,0,3
2018-04-30,4,2,2
2018-04-30,0,0,0
2018-04-30,1,1,0
2018-04-30,2,1,1
2018-04-30,2,2,0
2018-04-30,24,16,8
2018-04-30,54,24,30
2018-04-30,100,48,52
2018-04-30,117,54,63
2018-04-30,65,31,34
2018-04-30,21,8,13
2018-04-30,32,13,19
2018-04-30,33,16,17
2018-04-30,38,21,17
2018-04-30,25,12,13
2018-04-30,54,13,41
2018-04-30,125,38,87
2018-04-30,187,69,118
2018-04-30,90,32,58
2018-04-30,33,16,17
2018-04-30,10,5,5
2018-04-30,11,5,6
2018-04-30,5,2,3
2018-04-30,4,2,2
2018-05-01,1,1,0
2018-05-01,5,3,2
2018-05-01,3,2,1
2018-05-01,0,0,0
2018-05-01,2,1,1
2018-05-01,18,12,6
2018-05-01,57,29,28
2018-05-01,123,63,60
2018-05-01,180,73,107
2018-05-01,87,38,49
2018-05-01,39,20,19
2018-05-01,39,23,16
2018-05-01,59,32,27
2018-05-01,39,18,21
2018-05-01,65,22,43
2018-05-01,82,27,55
2018-05-01,156,62,94
2018-05-01,140,67,73
2018-05-01,137,52,85
2018-05-01,57,22,35
2018-05-01,20,10,10
2018-05-01,16,8,8
2018-05-01,15,10,5
2018-05-01,5,2,3
2018-05-02,3,2,1
2018-05-02,1,1,0
2018-05-02,2,0,2
2018-05-02,2,2,0
2018-05-02,2,2,0
2018-05-02,19,12,7
2018-05-02,61,30,31
2018-05-02,139,61,78
2018-05-02,195,90,105
2018-05-02,96,41,55
2018-05-02,35,18,17
2018-05-02,56,23,33
2018-05-02,56,27,29
2018-05-02,57,25,32
2018-05-02,42,19,23
2018-05-02,81,33,48
2018-05-02,154,50,104
2018-05-02,276,103,173
2018-05-02,132,47,85
2018-05-02,49,17,32
2018-05-02,32,16,16
2018-05-02,22,8,14
2018-05-02,10,5,5
2018-05-02,8,5,3
2018-05-03,5,4,1
2018-05-03,0,0,0
2018-05-03,1,1,0
2018-05-03,0,0,0
2018-05-03,2,1,1
2018-05-03,22,17,5
2018-05-03,59,26,33
2018-05-03,114,58,56
2018-05-03,168,68,100
2018-05-03,106,51,55
2018-05-03,34,12,22
2018-05-03,44,18,26
2018-05-03,48,24,24
2018-05-03,47,26,21
2018-05-03,57,16,41
2018-05-03,82,37,45
2018-05-03,182,60,122
2018-05-03,271,80,191
2018-05-03,169,63,106
2018-05-03,49,18,31
2018-05-03,28,16,12
2018-05-03,22,13,9
2018-05-03,16,10,6
2018-05-03,14,7,7
2018-05-04,4,3,1
2018-05-04,1,0,1
2018-05-04,0,0,0
2018-05-04,0,0,0
2018-05-04,1,0,1
2018-05-04,15,11,4
2018-05-04,46,24,22
2018-05-04,89,44,45
2018-05-04,154,72,82
2018-05-04,83,35,48
2018-05-04,29,8,21
2018-05-04,52,23,29
2018-05-04,56,25,31
2018-05-04,40,20,20
2018-05-04,38,14,24
2018-05-04,84,26,58
2018-05-04,159,61,98
2018-05-04,184,63,121
2018-05-04,129,47,82
2018-05-04,47,15,32
2018-05-04,12,4,8
2018-05-04,18,5,13
2018-05-04,31,20,11
2018-05-04,12,7,5
2018-05-05,14,12,2
2018-05-05,4,3,1
2018-05-05,0,0,0
2018-05-05,0,0,0
2018-05-05,0,0,0
2018-05-05,1,0,1
2018-05-05,7,3,4
2018-05-05,13,8,5
2018-05-05,25,10,15
2018-05-05,18,4,14
2018-05-05,29,10,19
2018-05-05,60,20,40
2018-05-05,76,13,63
2018-05-05,49,16,33
2018-05-05,36,9,27
2018-05-05,77,53,24
2018-05-05,45,21,24
2018-05-05,49,24,25
2018-05-05,47,22,25
2018-05-05,5,2,3
2018-05-05,15,7,8
2018-05-05,8,3,5
2018-05-05,12,12,0
2018-05-05,14,10,4
2018-05-06,5,1,4
2018-05-06,5,1,4
2018-05-06,10,4,6
2018-05-06,0,0,0
2018-05-06,0,0,0
2018-05-06,0,0,0
2018-05-06,3,1,2
2018-05-06,12,6,6
2018-05-06,27,4,23
2018-05-06,22,12,10
2018-05-06,24,12,12
2018-05-06,39,14,25
2018-05-06,59,14,45
2018-05-06,47,23,24
2018-05-06,42,17,25
2018-05-06,56,45,11
2018-05-06,46,37,9
2018-05-06,30,9,21
2018-05-06,29,19,10
2018-05-06,14,8,6
2018-05-06,7,4,3
2018-05-06,6,2,4
2018-05-06,10,4,6
2018-05-06,3,2,1
2018-05-07,4,1,3
2018-05-07,2,2,0
2018-05-07,0,0,0
2018-05-07,1,1,0
2018-05-07,2,2,0
2018-05-07,22,16,6
2018-05-07,59,30,29
2018-05-07,122,59,63
2018-05-07,215,90,125
2018-05-07,116,41,75
2018-05-07,34,15,19
2018-05-07,28,15,13
2018-05-07,30,17,13
2018-05-07,31,20,11
2018-05-07,52,24,28
2018-05-07,66,16,50
2018-05-07,179,57,122
2018-05-07,257,100,157
2018-05-07,120,46,74
2018-05-07,62,26,36
2018-05-07,22,12,10
2018-05-07,12,3,9
2018-05-07,15,7,8
2018-05-07,4,2,2
2018-05-08,2,1,1
2018-05-08,2,2,0
2018-05-08,0,0,0
2018-05-08,1,1,0
2018-05-08,0,0,0
2018-05-08,20,15,5
2018-05-08,73,37,36
2018-05-08,138,73,65
2018-05-08,189,76,113
2018-05-08,98,42,56
2018-05-08,31,14,17
2018-05-08,38,17,21
2018-05-08,49,22,27
2018-05-08,51,25,26
2018-05-08,61,23,38
2018-05-08,65,13,52
2018-05-08,203,70,133
2018-05-08,229,97,132
2018-05-08,106,40,66
2018-05-08,53,18,35
2018-05-08,15,5,10
2018-05-08,14,6,8
2018-05-08,9,7,2
2018-05-08,4,0,4
2018-05-09,2,2,0
2018-05-09,0,0,0
2018-05-09,0,0,0
2018-05-09,0,0,0
2018-05-09,2,1,1
2018-05-09,15,7,8
2018-05-09,49,29,20
2018-05-09,120,52,68
2018-05-09,171,75,96
2018-05-09,104,45,59
2018-05-09,49,17,32
2018-05-09,34,16,18
2018-05-09,38,17,21
2018-05-09,34,16,18
2018-05-09,56,20,36
2018-05-09,70,19,51
2018-05-09,178,53,125
2018-05-09,212,93,119
2018-05-09,116,38,78
2018-05-09,53,26,27
2018-05-09,22,9,13
2018-05-09,15,8,7
2018-05-09,7,4,3
2018-05-09,4,3,1
2018-05-10,1,1,0
2018-05-10,1,1,0
2018-05-10,1,0,1
2018-05-10,1,1,0
2018-05-10,4,1,3
2018-05-10,12,9,3
2018-05-10,37,19,18
2018-05-10,93,46,47
2018-05-10,144,57,87
2018-05-10,87,32,55
2018-05-10,37,14,23
2018-05-10,42,19,23
2018-05-10,42,21,21
2018-05-10,39,14,25
2018-05-10,34,15,19
2018-05-10,75,21,54
2018-05-10,133,42,91
2018-05-10,159,59,100
2018-05-10,109,43,66
2018-05-10,31,11,20
2018-05-10,17,9,8
2018-05-10,15,6,9
2018-05-10,10,4,6
2018-05-10,5,2,3
2018-05-11,1,0,1
2018-05-11,3,2,1
2018-05-11,0,0,0
2018-05-11,0,0,0
2018-05-11,1,1,0
2018-05-11,17,13,4
2018-05-11,47,27,20
2018-05-11,121,49,72
2018-05-11,147,62,85
2018-05-11,89,39,50
2018-05-11,41,17,24
2018-05-11,49,28,21
2018-05-11,39,16,23
2018-05-11,52,25,27
2018-05-11,60,23,37
2018-05-11,117,51,66
2018-05-11,168,75,93
2018-05-11,204,67,137
2018-05-11,77,29,48
2018-05-11,45,14,31
2018-05-11,19,6,13
2018-05-11,11,6,5
2018-05-11,8,3,5
2018-05-11,5,1,4
2018-05-12,4,1,3
2018-05-12,8,6,2
2018-05-12,0,0,0
2018-05-12,2,1,1
2018-05-12,0,0,0
2018-05-12,0,0,0
2018-05-12,4,1,3
2018-05-12,13,7,6
2018-05-12,10,6,4
2018-05-12,25,13,12
2018-05-12,32,10,22
2018-05-12,34,10,24
2018-05-12,55,29,26
2018-05-12,41,15,26
2018-05-12,33,12,21
2018-05-12,40,7,33
2018-05-12,52,27,25
2018-05-12,39,18,21
2018-05-12,56,22,34
2018-05-12,33,18,15
2018-05-12,16,12,4
2018-05-12,7,4,3
2018-05-12,12,4,8
2018-05-12,5,1,4
2018-05-13,5,2,3
2018-05-13,6,3,3
2018-05-13,6,5,1
2018-05-13,0,0,0
2018-05-13,0,0,0
2018-05-13,5,0,5
2018-05-13,3,0,3
2018-05-13,4,3,1
2018-05-13,7,5,2
2018-05-13,23,12,11
2018-05-13,37,16,21
2018-05-13,38,13,25
2018-05-13,39,17,22
2018-05-13,33,16,17
2018-05-13,36,16,20
2018-05-13,42,21,21
2018-05-13,47,25,22
2018-05-13,29,5,24
2018-05-13,22,9,13
2018-05-13,16,5,11
2018-05-13,16,8,8
2018-05-13,8,4,4
2018-05-13,14,8,6
2018-05-13,6,3,3
2018-05-14,4,1,3
2018-05-14,3,3,0
2018-05-14,2,2,0
2018-05-14,1,1,0
2018-05-14,2,2,0
2018-05-14,17,10,7
2018-05-14,64,37,27
2018-05-14,149,70,79
2018-05-14,208,82,126
2018-05-14,101,46,55
2018-05-14,28,16,12
2018-05-14,34,9,25
2018-05-14,41,18,23
2018-05-14,45,22,23
2018-05-14,48,15,33
2018-05-14,73,20,53
2018-05-14,182,72,110
2018-05-14,270,102,168
2018-05-14,134,53,81
2018-05-14,56,21,35
2018-05-14,24,13,11
2018-05-14,14,6,8
2018-05-14,9,4,5
2018-05-14,6,2,4
2018-05-15,0,0,0
2018-05-15,3,2,1
2018-05-15,1,1,0
2018-05-15,0,0,0
2018-05-15,2,2,0
2018-05-15,19,11,8
2018-05-15,63,30,33
2018-05-15,149,67,82
2018-05-15,192,89,103
2018-05-15,111,49,62
2018-05-15,38,13,25
2018-05-15,28,15,13
2018-05-15,39,21,18
2018-05-15,38,14,24
2018-05-15,43,15,28
2018-05-15,84,31,53
2018-05-15,202,67,135
2018-05-15,277,105,172
2018-05-15,153,53,100
2018-05-15,62,24,38
2018-05-15,27,10,17
2018-05-15,27,15,12
2018-05-15,9,4,5
2018-05-15,9,5,4
2018-05-16,5,3,2
2018-05-16,4,3,1
2018-05-16,0,0,0
2018-05-16,0,0,0
2018-05-16,2,2,0
2018-05-16,25,16,9
2018-05-16,64,31,33
2018-05-16,140,61,79
2018-05-16,186,81,105
2018-05-16,102,44,58
2018-05-16,33,14,19
2018-05-16,41,12,29
2018-05-16,55,23,32
2018-05-16,42,22,20
2018-05-16,53,29,24
2018-05-16,107,37,70
2018-05-16,189,76,113
2018-05-16,233,104,129
2018-05-16,125,52,73
2018-05-16,52,18,34
2018-05-16,29,9,20
2018-05-16,16,5,11
2018-05-16,8,5,3
2018-05-16,10,4,6
2018-05-17,4,2,2
2018-05-17,2,2,0
2018-05-17,0,0,0
2018-05-17,2,2,0
2018-05-17,2,2,0
2018-05-17,21,13,8
2018-05-17,55,26,29
2018-05-17,131,66,65
2018-05-17,191,82,109
2018-05-17,102,49,53
2018-05-17,56,20,36
2018-05-17,32,14,18
2018-05-17,41,19,22
2018-05-17,62,35,27
2018-05-17,55,19,36
2018-05-17,103,37,66
2018-05-17,172,59,113
2018-05-17,253,105,148
2018-05-17,130,39,91
2018-05-17,45,14,31
2018-05-17,26,18,8
2018-05-17,24,9,15
2018-05-17,13,8,5
2018-05-17,11,5,6
2018-05-18,8,5,3
2018-05-18,2,0,2
2018-05-18,0,0,0
2018-05-18,0,0,0
2018-05-18,3,1,2
2018-05-18,16,11,5
2018-05-18,65,31,34
2018-05-18,198,84,114
2018-05-18,280,122,158
2018-05-18,126,61,65
2018-05-18,43,24,19
2018-05-18,36,18,18
2018-05-18,48,28,20
2018-05-18,57,23,34
2018-05-18,40,23,17
2018-05-18,107,43,64
2018-05-18,177,65,112
2018-05-18,246,83,163
2018-05-18,124,31,93
2018-05-18,55,23,32
2018-05-18,18,12,6
2018-05-18,28,21,7
2018-05-18,36,24,12
2018-05-18,13,5,8
2018-05-19,5,2,3
2018-05-19,7,6,1
2018-05-19,5,2,3
2018-05-19,1,1,0
2018-05-19,0,0,0
2018-05-19,4,2,2
2018-05-19,4,3,1
2018-05-19,7,6,1
2018-05-19,13,5,8
2018-05-19,19,7,12
2018-05-19,19,12,7
2018-05-19,37,16,21
2018-05-19,52,18,34
2018-05-19,49,19,30
2018-05-19,42,12,30
2018-05-19,41,13,28
2018-05-19,64,23,41
2018-05-19,41,13,28
2018-05-19,34,16,18
2018-05-19,14,7,7
2018-05-19,6,6,0
2018-05-19,29,21,8
2018-05-19,11,4,7
2018-05-19,10,6,4
2018-05-20,6,4,2
2018-05-20,1,1,0
2018-05-20,1,1,0
2018-05-20,2,2,0
2018-05-20,1,1,0
2018-05-20,0,0,0
2018-05-20,0,0,0
2018-05-20,14,7,7
2018-05-20,11,6,5
2018-05-20,14,8,6
2018-05-20,26,14,12
2018-05-20,26,17,9
2018-05-20,38,13,25
2018-05-20,29,10,19
2018-05-20,56,31,25
2018-05-20,33,14,19
2018-05-20,38,20,18
2018-05-20,42,30,12
2018-05-20,30,12,18
2018-05-20,14,6,8
2018-05-20,14,9,5
2018-05-20,3,1,2
2018-05-20,7,1,6
2018-05-20,8,4,4
2018-05-21,1,0,1
2018-05-21,0,0,0
2018-05-21,2,2,0
2018-05-21,1,1,0
2018-05-21,1,1,0
2018-05-21,16,12,4
2018-05-21,62,32,30
2018-05-21,122,62,60
2018-05-21,210,100,110
2018-05-21,105,41,64
2018-05-21,33,16,17
2018-05-21,31,16,15
2018-05-21,37,23,14
2018-05-21,40,20,20
2018-05-21,46,21,25
2018-05-21,85,34,51
2018-05-21,177,62,115
2018-05-21,262,96,166
2018-05-21,121,39,82
2018-05-21,43,18,25
2018-05-21,25,13,12
2018-05-21,19,6,13
2018-05-21,13,5,8
2018-05-21,10,3,7
2018-05-22,8,4,4
2018-05-22,2,1,1
2018-05-22,1,0,1
2018-05-22,0,0,0
2018-05-22,2,2,0
2018-05-22,15,11,4
2018-05-22,62,28,34
2018-05-22,147,72,75
2018-05-22,209,87,122
2018-05-22,102,35,67
2018-05-22,36,16,20
2018-05-22,60,31,29
2018-05-22,64,36,28
2018-05-22,51,29,22
2018-05-22,50,28,22
2018-05-22,110,32,78
2018-05-22,208,80,128
2018-05-22,282,111,171
2018-05-22,175,61,114
2018-05-22,65,24,41
2018-05-22,28,11,17
2018-05-22,19,10,9
2018-05-22,23,16,7
2018-05-22,37,26,11
2018-05-23,6,4,2
2018-05-23,3,2,1
2018-05-23,2,0,2
2018-05-23,0,0,0
2018-05-23,7,3,4
2018-05-23,20,12,8
2018-05-23,59,31,28
2018-05-23,129,66,63
2018-05-23,190,91,99
2018-05-23,100,35,65
2018-05-23,32,12,20
2018-05-23,51,26,25
2018-05-23,48,25,23
2018-05-23,61,21,40
2018-05-23,56,19,37
2018-05-23,87,34,53
2018-05-23,182,76,106
2018-05-23,295,110,185
2018-05-23,134,44,90
2018-05-23,50,21,29
2018-05-23,32,17,15
2018-05-23,21,5,16
2018-05-23,13,3,10
2018-05-23,13,5,8
2018-05-24,4,2,2
2018-05-24,3,1,2
2018-05-24,2,1,1
2018-05-24,1,0,1
2018-05-24,3,3,0
2018-05-24,20,11,9
2018-05-24,59,28,31
2018-05-24,103,57,46
2018-05-24,200,91,109
2018-05-24,87,35,52
2018-05-24,36,18,18
2018-05-24,48,27,21
2018-05-24,46,19,27
2018-05-24,42,25,17
2018-05-24,55,21,34
2018-05-24,88,27,61
2018-05-24,156,50,106
2018-05-24,226,83,143
2018-05-24,117,48,69
2018-05-24,57,22,35
2018-05-24,29,16,13
2018-05-24,19,8,11
2018-05-24,7,3,4
2018-05-24,11,5,6
2018-05-25,1,0,1
2018-05-25,4,1,3
2018-05-25,4,1,3
2018-05-25,0,0,0
2018-05-25,3,2,1
2018-05-25,14,9,5
2018-05-25,42,20,22
2018-05-25,98,57,41
2018-05-25,150,69,81
2018-05-25,78,35,43
2018-05-25,33,11,22
2018-05-25,36,12,24
2018-05-25,59,29,30
2018-05-25,53,17,36
2018-05-25,64,28,36
2018-05-25,98,35,63
2018-05-25,164,58,106
2018-05-25,150,53,97
2018-05-25,88,22,66
2018-05-25,38,10,28
2018-05-25,27,15,12
2018-05-25,20,10,10
2018-05-25,16,11,5
2018-05-25,9,2,7
2018-05-26,5,2,3
2018-05-26,1,1,0
2018-05-26,2,0,2
2018-05-26,3,2,1
2018-05-26,1,0,1
2018-05-26,0,0,0
2018-05-26,2,1,1
2018-05-26,7,5,2
2018-05-26,14,11,3
2018-05-26,21,8,13
2018-05-26,34,12,22
2018-05-26,43,13,30
2018-05-26,55,15,40
2018-05-26,91,27,64
2018-05-26,30,13,17
2018-05-26,43,11,32
2018-05-26,82,52,30
2018-05-26,31,15,16
2018-05-26,37,11,26
2018-05-26,21,8,13
2018-05-26,31,14,17
2018-05-26,21,10,11
2018-05-26,15,6,9
2018-05-26,15,11,4
2018-05-27,4,2,2
2018-05-27,7,4,3
2018-05-27,0,0,0
2018-05-27,3,2,1
2018-05-27,0,0,0
2018-05-27,1,1,0
2018-05-27,0,0,0
2018-05-27,7,2,5
2018-05-27,11,7,4
2018-05-27,21,4,17
2018-05-27,27,10,17
2018-05-27,30,10,20
2018-05-27,33,8,25
2018-05-27,43,9,34
2018-05-27,42,22,20
2018-05-27,51,26,25
2018-05-27,44,30,14
2018-05-27,37,19,18
2018-05-27,35,15,20
2018-05-27,27,14,13
2018-05-27,21,12,9
2018-05-27,13,7,6
2018-05-27,5,1,4
2018-05-27,9,4,5
2018-05-28,7,3,4
2018-05-28,1,0,1
2018-05-28,0,0,0
2018-05-28,3,2,1
2018-05-28,0,0,0
2018-05-28,3,2,1
2018-05-28,5,3,2
2018-05-28,5,3,2
2018-05-28,15,6,9
2018-05-28,14,3,11
2018-05-28,26,11,15
2018-05-28,35,17,18
2018-05-28,28,10,18
2018-05-28,50,20,30
2018-05-28,53,19,34
2018-05-28,37,16,21
2018-05-28,64,35,29
2018-05-28,36,19,17
2018-05-28,26,19,7
2018-05-28,18,7,11
2018-05-28,16,7,9
2018-05-28,11,2,9
2018-05-28,11,5,6
2018-05-28,7,4,3
2018-05-29,1,0,1
2018-05-29,1,0,1
2018-05-29,2,1,1
2018-05-29,0,0,0
2018-05-29,2,1,1
2018-05-29,15,10,5
2018-05-29,63,32,31
2018-05-29,126,64,62
2018-05-29,172,76,96
2018-05-29,87,41,46
2018-05-29,35,17,18
2018-05-29,37,18,19
2018-05-29,48,25,23
2018-05-29,28,12,16
2018-05-29,43,15,28
2018-05-29,79,19,60
2018-05-29,170,55,115
2018-05-29,226,82,144
2018-05-29,132,42,90
2018-05-29,39,17,22
2018-05-29,19,9,10
2018-05-29,13,7,6
2018-05-29,8,7,1
2018-05-29,5,4,1
2018-05-30,2,0,2
2018-05-30,2,1,1
2018-05-30,2,1,1
2018-05-30,1,1,0
2018-05-30,3,2,1
2018-05-30,16,12,4
2018-05-30,59,33,26
2018-05-30,137,66,71
2018-05-30,174,83,91
2018-05-30,105,43,62
2018-05-30,37,15,22
2018-05-30,45,17,28
2018-05-30,48,23,25
2018-05-30,39,19,20
2018-05-30,60,25,35
2018-05-30,89,26,63
2018-05-30,172,54,118
2018-05-30,247,72,175
2018-05-30,124,33,91
2018-05-30,47,18,29
2018-05-30,21,10,11
2018-05-30,17,10,7
2018-05-30,24,18,6
2018-05-30,10,4,6
2018-05-31,4,2,2
2018-05-31,0,0,0
2018-05-31,0,0,0
2018-05-31,2,0,2
2018-05-31,3,2,1
2018-05-31,14,8,6
2018-05-31,65,30,35
2018-05-31,127,76,51
2018-05-31,176,79,97
2018-05-31,102,46,56
2018-05-31,37,19,18
2018-05-31,64,35,29
2018-05-31,44,22,22
2018-05-31,34,18,16
2018-05-31,41,13,28
2018-05-31,93,26,67
2018-05-31,155,51,104
2018-05-31,228,89,139
2018-05-31,123,42,81
2018-05-31,57,18,39
2018-05-31,30,9,21
2018-05-31,15,7,8
2018-05-31,13,6,7
2018-05-31,8,4,4
2018-06-01,4,2,2
2018-06-01,3,2,1
2018-06-01,2,1,1
2018-06-01,2,0,2
2018-06-01,2,2,0
2018-06-01,11,8,3
2018-06-01,41,25,16
2018-06-01,109,64,45
2018-06-01,141,59,82
2018-06-01,85,40,45
2018-06-01,36,15,21
2018-06-01,46,20,26
2018-06-01,45,21,24
2018-06-01,46,25,21
2018-06-01,65,25,40
2018-06-01,89,29,60
2018-06-01,187,66,121
2018-06-01,201,76,125
2018-06-01,120,44,76
2018-06-01,55,15,40
2018-06-01,36,16,20
2018-06-01,24,11,13
2018-06-01,10,6,4
2018-06-01,15,9,6
2018-06-02,10,6,4
2018-06-02,9,7,2
2018-06-02,11,5,6
2018-06-02,2,1,1
2018-06-02,1,1,0
2018-06-02,2,1,1
2018-06-02,4,3,1
2018-06-02,12,7,5
2018-06-02,24,7,17
2018-06-02,13,5,8
2018-06-02,36,11,25
2018-06-02,38,17,21
2018-06-02,45,18,27
2018-06-02,49,20,29
2018-06-02,50,24,26
2018-06-02,50,19,31
2018-06-02,69,30,39
2018-06-02,43,17,26
2018-06-02,56,21,35
2018-06-02,46,11,35
2018-06-02,21,6,15
2018-06-02,15,5,10
2018-06-02,32,20,12
2018-06-02,15,9,6
2018-06-03,10,6,4
2018-06-03,8,7,1
2018-06-03,2,2,0
2018-06-03,0,0,0
2018-06-03,1,0,1
2018-06-03,1,0,1
2018-06-03,4,2,2
2018-06-03,8,5,3
2018-06-03,14,5,9
2018-06-03,10,4,6
2018-06-03,21,10,11
2018-06-03,34,12,22
2018-06-03,39,14,25
2018-06-03,41,22,19
2018-06-03,29,11,18
2018-06-03,18,10,8
2018-06-03,25,14,11
2018-06-03,27,9,18
2018-06-03,11,5,6
2018-06-03,8,1,7
2018-06-03,12,7,5
2018-06-03,9,5,4
2018-06-03,6,3,3
2018-06-03,7,6,1
2018-06-04,7,2,5
2018-06-04,0,0,0
2018-06-04,2,0,2
2018-06-04,2,1,1
2018-06-04,2,1,1
2018-06-04,16,12,4
2018-06-04,54,27,27
2018-06-04,103,56,47
2018-06-04,126,58,68
2018-06-04,81,33,48
2018-06-04,21,9,12
2018-06-04,30,10,20
2018-06-04,37,17,20
2018-06-04,37,22,15
2018-06-04,32,8,24
2018-06-04,61,20,41
2018-06-04,142,44,98
2018-06-04,207,77,130
2018-06-04,112,49,63
2018-06-04,30,14,16
2018-06-04,18,9,9
2018-06-04,6,2,4
2018-06-04,10,4,6
2018-06-04,7,2,5
2018-06-05,1,0,1
2018-06-05,5,3,2
2018-06-05,1,1,0
2018-06-05,2,0,2
2018-06-05,1,1,0
2018-06-05,16,11,5
2018-06-05,66,27,39
2018-06-05,114,62,52
2018-06-05,132,70,62
2018-06-05,75,46,29
2018-06-05,35,13,22
2018-06-05,35,17,18
2018-06-05,42,18,24
2018-06-05,44,14,30
2018-06-05,50,25,25
2018-06-05,92,31,61
2018-06-05,170,54,116
2018-06-05,232,80,152
2018-06-05,128,51,77
2018-06-05,66,25,41
2018-06-05,25,12,13
2018-06-05,15,4,11
2018-06-05,14,3,11
2018-06-05,7,1,6
2018-06-06,0,0,0
2018-06-06,2,1,1
2018-06-06,1,1,0
2018-06-06,2,0,2
2018-06-06,3,2,1
2018-06-06,23,15,8
2018-06-06,51,22,29
2018-06-06,135,56,79
2018-06-06,177,87,90
2018-06-06,141,57,84
2018-06-06,58,26,32
2018-06-06,58,26,32
2018-06-06,49,25,24
2018-06-06,60,35,25
2018-06-06,46,25,21
2018-06-06,95,30,65
2018-06-06,154,51,103
2018-06-06,261,93,168
2018-06-06,138,48,90
2018-06-06,41,14,27
2018-06-06,42,24,18
2018-06-06,20,5,15
2018-06-06,14,3,11
2018-06-06,6,5,1
2018-06-07,4,3,1
2018-06-07,2,2,0
2018-06-07,3,2,1
2018-06-07,1,0,1
2018-06-07,2,1,1
2018-06-07,19,14,5
2018-06-07,44,24,20
2018-06-07,105,47,58
2018-06-07,177,76,101
2018-06-07,89,38,51
2018-06-07,57,28,29
2018-06-07,49,20,29
2018-06-07,44,27,17
2018-06-07,43,20,23
2018-06-07,35,8,27
2018-06-07,84,21,63
2018-06-07,187,70,117
2018-06-07,252,84,168
2018-06-07,150,39,111
2018-06-07,80,34,46
2018-06-07,43,20,23
2018-06-07,28,8,20
2018-06-07,19,13,6
2018-06-07,10,6,4
2018-06-08,0,0,0
2018-06-08,1,0,1
2018-06-08,2,0,2
2018-06-08,2,1,1
2018-06-08,1,1,0
2018-06-08,17,12,5
2018-06-08,61,36,25
2018-06-08,77,39,38
2018-06-08,99,46,53
2018-06-08,74,38,36
2018-06-08,38,14,24
2018-06-08,42,22,20
2018-06-08,28,8,20
2018-06-08,40,17,23
2018-06-08,41,14,27
2018-06-08,59,16,43
2018-06-08,108,29,79
2018-06-08,127,50,77
2018-06-08,58,22,36
2018-06-08,27,15,12
2018-06-08,15,8,7
2018-06-08,8,3,5
2018-06-08,5,5,0
2018-06-08,4,1,3
2018-06-09,8,2,6
2018-06-09,1,0,1
2018-06-09,4,3,1
2018-06-09,1,1,0
2018-06-09,0,0,0
2018-06-09,1,0,1
2018-06-09,2,0,2
2018-06-09,7,5,2
2018-06-09,14,6,8
2018-06-09,12,6,6
2018-06-09,21,10,11
2018-06-09,26,14,12
2018-06-09,27,10,17
2018-06-09,32,14,18
2018-06-09,33,13,20
2018-06-09,37,14,23
2018-06-09,31,11,20
2018-06-09,31,11,20
2018-06-09,46,16,30
2018-06-09,5,3,2
2018-06-09,13,5,8
2018-06-09,21,15,6
2018-06-09,4,2,2
2018-06-09,5,2,3
2018-06-10,6,3,3
2018-06-10,4,3,1
2018-06-10,5,4,1
2018-06-10,0,0,0
2018-06-10,0,0,0
2018-06-10,2,1,1
2018-06-10,7,4,3
2018-06-10,7,4,3
2018-06-10,12,6,6
2018-06-10,12,6,6
2018-06-10,22,9,13
2018-06-10,17,7,10
2018-06-10,23,9,14
2018-06-10,29,12,17
2018-06-10,27,16,11
2018-06-10,22,8,14
2018-06-10,12,3,9
2018-06-10,15,10,5
2018-06-10,9,5,4
2018-06-10,9,5,4
2018-06-10,5,3,2
2018-06-10,7,4,3
2018-06-10,8,4,4
2018-06-10,3,1,2
2018-06-11,0,0,0
2018-06-11,1,1,0
2018-06-11,3,2,1
2018-06-11,0,0,0
2018-06-11,2,1,1
2018-06-11,19,14,5
2018-06-11,53,27,26
2018-06-11,119,57,62
2018-06-11,170,68,102
2018-06-11,100,50,50
2018-06-11,36,15,21
2018-06-11,36,12,24
2018-06-11,48,22,26
2018-06-11,35,16,19
2018-06-11,35,16,19
2018-06-11,82,25,57
2018-06-11,166,54,112
2018-06-11,251,87,164
2018-06-11,165,53,112
2018-06-11,50,26,24
2018-06-11,28,13,15
2018-06-11,31,11,20
2018-06-11,13,8,5
2018-06-11,4,4,0
2018-06-12,4,2,2
2018-06-12,0,0,0
2018-06-12,2,0,2
2018-06-12,2,2,0
2018-06-12,4,3,1
2018-06-12,21,19,2
2018-06-12,62,30,32
2018-06-12,129,60,69
2018-06-12,192,84,108
2018-06-12,129,59,70
2018-06-12,33,16,17
2018-06-12,39,17,22
2018-06-12,56,22,34
2018-06-12,61,26,35
2018-06-12,57,20,37
2018-06-12,83,20,63
2018-06-12,190,67,123
2018-06-12,269,96,173
2018-06-12,142,57,85
2018-06-12,63,17,46
2018-06-12,39,18,21
2018-06-12,23,12,11
2018-06-12,25,20,5
2018-06-12,2,1,1
2018-06-13,3,3,0
2018-06-13,0,0,0
2018-06-13,1,1,0
2018-06-13,6,3,3
2018-06-13,3,0,3
2018-06-13,23,15,8
2018-06-13,27,17,10
2018-06-13,59,31,28
2018-06-13,89,39,50
2018-06-13,79,33,46
2018-06-13,33,13,20
2018-06-13,45,22,23
2018-06-13,59,26,33
2018-06-13,40,15,25
2018-06-13,41,14,27
2018-06-13,58,16,42
2018-06-13,104,36,68
2018-06-13,148,52,96
2018-06-13,84,32,52
2018-06-13,24,9,15
2018-06-13,19,10,9
2018-06-13,16,7,9
2018-06-13,7,3,4
2018-06-13,6,0,6
2018-06-14,2,1,1
2018-06-14,1,1,0
2018-06-14,2,1,1
2018-06-14,2,2,0
2018-06-14,8,5,3
2018-06-14,17,12,5
2018-06-14,46,22,24
2018-06-14,89,53,36
2018-06-14,160,60,100
2018-06-14,96,40,56
2018-06-14,35,11,24
2018-06-14,52,22,30
2018-06-14,38,20,18
2018-06-14,47,23,24
2018-06-14,54,25,29
2018-06-14,74,23,51
2018-06-14,153,48,105
2018-06-14,208,77,131
2018-06-14,164,60,104
2018-06-14,55,25,30
2018-06-14,24,9,15
2018-06-14,26,14,12
2018-06-14,32,19,13
2018-06-14,6,3,3
2018-06-15,4,2,2
2018-06-15,2,1,1
2018-06-15,2,1,1
2018-06-15,1,1,0
2018-06-15,0,0,0
2018-06-15,12,8,4
2018-06-15,54,23,31
2018-06-15,104,52,52
2018-06-15,148,63,85
2018-06-15,84,33,51
2018-06-15,49,17,32
2018-06-15,47,19,28
2018-06-15,48,22,26
2018-06-15,42,28,14
2018-06-15,68,24,44
2018-06-15,99,37,62
2018-06-15,165,50,115
2018-06-15,224,73,151
2018-06-15,136,53,83
2018-06-15,55,22,33
2018-06-15,21,12,9
2018-06-15,18,11,7
2018-06-15,37,20,17
2018-06-15,41,23,18
2018-06-16,8,4,4
2018-06-16,3,1,2
2018-06-16,3,2,1
2018-06-16,2,2,0
2018-06-16,0,0,0
2018-06-16,2,2,0
2018-06-16,5,3,2
2018-06-16,10,6,4
2018-06-16,22,13,9
2018-06-16,27,11,16
2018-06-16,31,21,10
2018-06-16,24,13,11
2018-06-16,42,22,20
2018-06-16,44,34,10
2018-06-16,39,18,21
2018-06-16,64,10,54
2018-06-16,53,16,37
2018-06-16,43,8,35
2018-06-16,45,22,23
2018-06-16,33,15,18
2018-06-16,50,39,11
2018-06-16,27,11,16
2018-06-16,9,4,5
2018-06-16,14,5,9
2018-06-17,17,8,9
2018-06-17,1,0,1
2018-06-17,4,3,1
2018-06-17,3,1,2
2018-06-17,1,0,1
2018-06-17,1,0,1
2018-06-17,4,2,2
2018-06-17,5,3,2
2018-06-17,14,8,6
2018-06-17,19,9,10
2018-06-17,28,8,20
2018-06-17,35,9,26
2018-06-17,39,19,20
2018-06-17,34,12,22
2018-06-17,35,20,15
2018-06-17,33,16,17
2018-06-17,50,30,20
2018-06-17,46,20,26
2018-06-17,32,17,15
2018-06-17,28,9,19
2018-06-17,12,5,7
2018-06-17,20,11,9
2018-06-17,4,1,3
2018-06-17,3,2,1
2018-06-18,5,3,2
2018-06-18,3,3,0
2018-06-18,1,1,0
2018-06-18,1,1,0
2018-06-18,4,3,1
2018-06-18,24,17,7
2018-06-18,55,24,31
2018-06-18,120,55,65
2018-06-18,203,94,109
2018-06-18,111,45,66
2018-06-18,28,13,15
2018-06-18,45,21,24
2018-06-18,51,20,31
2018-06-18,41,24,17
2018-06-18,55,18,37
2018-06-18,74,23,51
2018-06-18,172,57,115
2018-06-18,267,117,150
2018-06-18,142,62,80
2018-06-18,50,21,29
2018-06-18,26,12,14
2018-06-18,17,6,11
2018-06-18,9,7,2
2018-06-18,4,2,2
2018-06-19,2,1,1
2018-06-19,3,1,2
2018-06-19,0,0,0
2018-06-19,3,2,1
2018-06-19,2,1,1
2018-06-19,22,15,7
2018-06-19,51,26,25
2018-06-19,134,64,70
2018-06-19,189,81,108
2018-06-19,120,58,62
2018-06-19,26,8,18
2018-06-19,44,19,25
2018-06-19,61,26,35
2018-06-19,45,19,26
2018-06-19,42,14,28
2018-06-19,98,19,79
2018-06-19,201,79,122
2018-06-19,256,93,163
2018-06-19,99,47,52
2018-06-19,55,20,35
2018-06-19,20,11,9
2018-06-19,16,4,12
2018-06-19,13,4,9
2018-06-19,3,1,2
2018-06-20,2,1,1
2018-06-20,2,1,1
2018-06-20,1,0,1
2018-06-20,2,2,0
2018-06-20,3,3,0
2018-06-20,18,12,6
2018-06-20,58,34,24
2018-06-20,137,63,74
2018-06-20,184,78,106
2018-06-20,101,40,61
2018-06-20,35,13,22
2018-06-20,54,29,25
2018-06-20,58,29,29
2018-06-20,45,18,27
2018-06-20,53,26,27
2018-06-20,117,39,78
2018-06-20,162,62,100
2018-06-20,249,98,151
2018-06-20,129,56,73
2018-06-20,74,32,42
2018-06-20,29,15,14
2018-06-20,25,10,15
2018-06-20,12,5,7
2018-06-20,13,8,5
2018-06-21,2,1,1
2018-06-21,1,1,0
2018-06-21,3,1,2
2018-06-21,3,2,1
2018-06-21,1,0,1
2018-06-21,18,10,8
2018-06-21,38,10,28
2018-06-21,91,38,53
2018-06-21,160,57,103
2018-06-21,112,40,72
2018-06-21,51,21,30
2018-06-21,34,18,16
2018-06-21,40,19,21
2018-06-21,40,19,21
2018-06-21,53,19,34
2018-06-21,70,20,50
2018-06-21,161,63,98
2018-06-21,228,95,133
2018-06-21,108,44,64
2018-06-21,65,28,37
2018-06-21,28,15,13
2018-06-21,21,10,11
2018-06-21,16,7,9
2018-06-21,3,0,3
2018-06-22,8,5,3
2018-06-22,4,1,3
2018-06-22,0,0,0
2018-06-22,3,3,0
2018-06-22,3,2,1
2018-06-22,17,9,8
2018-06-22,35,15,20
2018-06-22,74,33,41
2018-06-22,149,58,91
2018-06-22,87,35,52
2018-06-22,37,11,26
2018-06-22,42,20,22
2018-06-22,44,24,20
2018-06-22,43,18,25
2018-06-22,60,26,34
2018-06-22,99,42,57
2018-06-22,141,41,100
2018-06-22,155,66,89
2018-06-22,99,42,57
2018-06-22,40,22,18
2018-06-22,15,2,13
2018-06-22,10,7,3
2018-06-22,11,7,4
2018-06-22,7,3,4
2018-06-23,3,3,0
2018-06-23,1,0,1
2018-06-23,5,3,2
2018-06-23,2,1,1
2018-06-23,0,0,0
2018-06-23,0,0,0
2018-06-23,4,1,3
2018-06-23,15,5,10
2018-06-23,17,7,10
2018-06-23,22,5,17
2018-06-23,18,9,9
2018-06-23,26,13,13
2018-06-23,33,13,20
2018-06-23,36,16,20
2018-06-23,37,16,21
2018-06-23,37,11,26
2018-06-23,47,10,37
2018-06-23,68,18,50
2018-06-23,72,13,59
2018-06-23,27,11,16
2018-06-23,17,10,7
2018-06-23,57,45,12
2018-06-23,18,7,11
2018-06-23,12,5,7
2018-06-24,7,4,3
2018-06-24,9,7,2
2018-06-24,1,1,0
2018-06-24,3,2,1
2018-06-24,1,0,1
2018-06-24,2,1,1
2018-06-24,2,0,2
2018-06-24,9,2,7
2018-06-24,11,6,5
2018-06-24,17,10,7
2018-06-24,14,7,7
2018-06-24,43,26,17
2018-06-24,21,12,9
2018-06-24,49,22,27
2018-06-24,42,24,18
2018-06-24,60,26,34
2018-06-24,53,17,36
2018-06-24,39,18,21
2018-06-24,35,15,20
2018-06-24,23,8,15
2018-06-24,7,2,5
2018-06-24,9,3,6
2018-06-24,2,1,1
2018-06-24,6,4,2
2018-06-25,2,0,2
2018-06-25,0,0,0
2018-06-25,1,1,0
2018-06-25,1,1,0
2018-06-25,0,0,0
2018-06-25,16,10,6
2018-06-25,33,20,13
2018-06-25,77,36,41
2018-06-25,120,49,71
2018-06-25,89,38,51
2018-06-25,34,12,22
2018-06-25,28,16,12
2018-06-25,27,13,14
2018-06-25,34,21,13
2018-06-25,41,17,24
2018-06-25,62,19,43
2018-06-25,130,43,87
2018-06-25,196,76,120
2018-06-25,89,36,53
2018-06-25,42,21,21
2018-06-25,19,8,11
2018-06-25,12,4,8
2018-06-25,7,3,4
2018-06-25,4,3,1
2018-06-26,4,2,2
2018-06-26,3,3,0
2018-06-26,1,1,0
2018-06-26,2,1,1
2018-06-26,1,0,1
2018-06-26,17,10,7
2018-06-26,34,11,23
2018-06-26,88,44,44
2018-06-26,129,42,87
2018-06-26,83,35,48
2018-06-26,34,14,20
2018-06-26,38,16,22
2018-06-26,44,20,24
2018-06-26,48,17,31
2018-06-26,51,23,28
2018-06-26,69,16,53
2018-06-26,178,58,120
2018-06-26,194,73,121
2018-06-26,109,45,64
2018-06-26,63,36,27
2018-06-26,35,12,23
2018-06-26,14,10,4
2018-06-26,11,6,5
2018-06-26,4,4,0
2018-06-27,3,0,3
2018-06-27,0,0,0
2018-06-27,0,0,0
2018-06-27,5,2,3
2018-06-27,4,2,2
2018-06-27,24,14,10
2018-06-27,56,20,36
2018-06-27,118,65,53
2018-06-27,183,81,102
2018-06-27,96,40,56
2018-06-27,51,25,26
2018-06-27,51,20,31
2018-06-27,42,24,18
2018-06-27,49,25,24
2018-06-27,55,21,34
2018-06-27,93,35,58
2018-06-27,134,48,86
2018-06-27,229,86,143
2018-06-27,121,40,81
2018-06-27,50,21,29
2018-06-27,30,15,15
2018-06-27,17,7,10
2018-06-27,4,3,1
2018-06-27,3,1,2
2018-06-28,2,1,1
2018-06-28,2,0,2
2018-06-28,1,1,0
2018-06-28,4,2,2
2018-06-28,2,0,2
2018-06-28,19,15,4
2018-06-28,42,24,18
2018-06-28,93,48,45
2018-06-28,166,71,95
2018-06-28,95,43,52
2018-06-28,54,28,26
2018-06-28,46,25,21
2018-06-28,47,24,23
2018-06-28,64,35,29
2018-06-28,56,21,35
2018-06-28,85,28,57
2018-06-28,155,61,94
2018-06-28,231,77,154
2018-06-28,113,38,75
2018-06-28,54,24,30
2018-06-28,30,14,16
2018-06-28,24,14,10
2018-06-28,8,4,4
2018-06-28,3,2,1
2018-06-29,4,4,0
2018-06-29,2,2,0
2018-06-29,4,3,1
2018-06-29,2,2,0
2018-06-29,4,4,0
2018-06-29,17,13,4
2018-06-29,36,16,20
2018-06-29,88,46,42
2018-06-29,134,57,77
2018-06-29,79,38,41
2018-06-29,38,17,21
2018-06-29,39,19,20
2018-06-29,68,39,29
2018-06-29,49,21,28
2018-06-29,57,28,29
2018-06-29,81,29,52
2018-06-29,158,54,104
2018-06-29,201,67,134
2018-06-29,105,37,68
2018-06-29,38,17,21
2018-06-29,23,15,8
2018-06-29,20,13,7
2018-06-29,19,15,4
2018-06-29,14,6,8
2018-06-30,10,1,9
2018-06-30,4,1,3
2018-06-30,1,1,0
2018-06-30,1,1,0
2018-06-30,1,0,1
2018-06-30,1,1,0
2018-06-30,2,1,1
2018-06-30,14,4,10
2018-06-30,21,11,10
2018-06-30,23,8,15
2018-06-30,35,9,26
2018-06-30,36,16,20
2018-06-30,71,16,55
2018-06-30,77,18,59
2018-06-30,39,19,20
2018-06-30,52,40,12
2018-06-30,81,51,30
2018-06-30,26,14,12
2018-06-30,42,16,26
2018-06-30,20,9,11
2018-06-30,12,7,5
2018-06-30,19,8,11
2018-06-30,19,13,6
2018-06-30,18,7,11
2018-07-01,4,2,2
2018-07-01,2,0,2
2018-07-01,0,0,0
2018-07-01,2,1,1
2018-07-01,0,0,0
2018-07-01,0,0,0
2018-07-01,5,1,4
2018-07-01,8,5,3
2018-07-01,19,4,15
2018-07-01,15,6,9
2018-07-01,17,7,10
2018-07-01,19,4,15
2018-07-01,20,10,10
2018-07-01,23,10,13
2018-07-01,40,15,25
2018-07-01,45,29,16
2018-07-01,43,24,19
2018-07-01,35,14,21
2018-07-01,28,12,16
2018-07-01,25,14,11
2018-07-01,17,5,12
2018-07-01,10,2,8
2018-07-01,5,2,3
2018-07-01,6,3,3
2018-07-02,1,1,0
2018-07-02,2,1,1
2018-07-02,4,3,1
2018-07-02,1,1,0
2018-07-02,2,2,0
2018-07-02,21,13,8
2018-07-02,35,14,21
2018-07-02,94,44,50
2018-07-02,172,67,105
2018-07-02,118,62,56
2018-07-02,38,12,26
2018-07-02,49,23,26
2018-07-02,57,24,33
2018-07-02,48,28,20
2018-07-02,43,20,23
2018-07-02,84,22,62
2018-07-02,161,60,101
2018-07-02,238,120,118
2018-07-02,105,37,68
2018-07-02,49,22,27
2018-07-02,15,7,8
2018-07-02,22,14,8
2018-07-02,11,4,7
2018-07-02,8,8,0
2018-07-03,1,0,1
2018-07-03,0,0,0
2018-07-03,2,2,0
2018-07-03,2,2,0
2018-07-03,0,0,0
2018-07-03,17,10,7
2018-07-03,56,21,35
2018-07-03,96,50,46
2018-07-03,157,71,86
2018-07-03,106,54,52
2018-07-03,44,17,27
2018-07-03,48,22,26
2018-07-03,60,33,27
2018-07-03,50,25,25
2018-07-03,74,30,44
2018-07-03,117,36,81
2018-07-03,171,51,120
2018-07-03,232,83,149
2018-07-03,142,40,102
2018-07-03,57,21,36
2018-07-03,26,17,9
2018-07-03,38,22,16
2018-07-03,36,23,13
2018-07-03,11,4,7
2018-07-04,4,2,2
2018-07-04,1,1,0
2018-07-04,2,0,2
2018-07-04,4,2,2
2018-07-04,3,1,2
2018-07-04,2,1,1
2018-07-04,3,0,3
2018-07-04,16,9,7
2018-07-04,7,3,4
2018-07-04,27,4,23
2018-07-04,43,13,30
2018-07-04,34,13,21
2018-07-04,60,26,34
2018-07-04,46,18,28
2018-07-04,55,34,21
2018-07-04,35,17,18
2018-07-04,55,35,20
2018-07-04,42,27,15
2018-07-04,29,15,14
2018-07-04,20,15,5
2018-07-04,7,4,3
2018-07-04,8,4,4
2018-07-04,4,2,2
2018-07-04,34,6,28
2018-07-05,10,3,7
2018-07-05,3,1,2
2018-07-05,1,1,0
2018-07-05,1,1,0
2018-07-05,3,1,2
2018-07-05,6,4,2
2018-07-05,35,20,15
2018-07-05,87,47,40
2018-07-05,141,72,69
2018-07-05,86,39,47
2018-07-05,36,14,22
2018-07-05,45,22,23
2018-07-05,47,24,23
2018-07-05,54,27,27
2018-07-05,60,19,41
2018-07-05,88,35,53
2018-07-05,137,47,90
2018-07-05,212,70,142
2018-07-05,135,40,95
2018-07-05,69,24,45
2018-07-05,60,39,21
2018-07-05,12,7,5
2018-07-05,20,15,5
2018-07-05,15,8,7
2018-07-06,5,1,4
2018-07-06,2,1,1
2018-07-06,1,0,1
2018-07-06,1,1,0
2018-07-06,3,1,2
2018-07-06,12,9,3
2018-07-06,32,15,17
2018-07-06,77,49,28
2018-07-06,133,59,74
2018-07-06,90,35,55
2018-07-06,31,14,17
2018-07-06,55,22,33
2018-07-06,57,29,28
2018-07-06,55,25,30
2018-07-06,64,20,44
2018-07-06,82,30,52
2018-07-06,140,55,85
2018-07-06,149,49,100
2018-07-06,98,31,67
2018-07-06,37,13,24
2018-07-06,16,8,8
2018-07-06,19,10,9
2018-07-06,26,19,7
2018-07-06,15,10,5
2018-07-07,11,6,5
2018-07-07,3,2,1
2018-07-07,4,4,0
2018-07-07,2,2,0
2018-07-07,1,0,1
2018-07-07,0,0,0
2018-07-07,6,3,3
2018-07-07,17,5,12
2018-07-07,23,8,15
2018-07-07,24,11,13
2018-07-07,35,8,27
2018-07-07,45,7,38
2018-07-07,80,20,60
2018-07-07,44,15,29
2018-07-07,49,32,17
2018-07-07,52,25,27
2018-07-07,81,51,30
2018-07-07,37,15,22
2018-07-07,39,15,24
2018-07-07,32,16,16
2018-07-07,33,15,18
2018-07-07,25,10,15
2018-07-07,13,9,4
2018-07-07,29,17,12
2018-07-08,16,8,8
2018-07-08,4,4,0
2018-07-08,4,1,3
2018-07-08,0,0,0
2018-07-08,2,1,1
2018-07-08,0,0,0
2018-07-08,4,1,3
2018-07-08,5,2,3
2018-07-08,21,9,12
2018-07-08,18,7,11
2018-07-08,25,7,18
2018-07-08,38,12,26
2018-07-08,67,27,40
2018-07-08,40,18,22
2018-07-08,41,17,24
2018-07-08,42,19,23
2018-07-08,34,18,16
2018-07-08,39,17,22
2018-07-08,33,15,18
2018-07-08,21,8,13
2018-07-08,18,4,14
2018-07-08,11,6,5
2018-07-08,5,0,5
2018-07-08,10,3,7
2018-07-09,4,1,3
2018-07-09,1,1,0
2018-07-09,0,0,0
2018-07-09,1,1,0
2018-07-09,5,2,3
2018-07-09,22,16,6
2018-07-09,57,29,28
2018-07-09,132,67,65
2018-07-09,199,97,102
2018-07-09,107,41,66
2018-07-09,28,14,14
2018-07-09,43,19,24
2018-07-09,48,26,22
2018-07-09,45,21,24
2018-07-09,46,14,32
2018-07-09,73,19,54
2018-07-09,171,53,118
2018-07-09,260,97,163
2018-07-09,135,64,71
2018-07-09,36,15,21
2018-07-09,22,7,15
2018-07-09,15,5,10
2018-07-09,4,2,2
2018-07-09,5,2,3
2018-07-10,3,2,1
2018-07-10,0,0,0
2018-07-10,0,0,0
2018-07-10,2,1,1
2018-07-10,3,1,2
2018-07-10,18,11,7
2018-07-10,51,25,26
2018-07-10,106,58,48
2018-07-10,184,84,100
2018-07-10,104,44,60
2018-07-10,44,17,27
2018-07-10,46,20,26
2018-07-10,41,15,26
2018-07-10,49,26,23
2018-07-10,57,21,36
2018-07-10,107,37,70
2018-07-10,166,55,111
2018-07-10,252,87,165
2018-07-10,147,52,95
2018-07-10,48,19,29
2018-07-10,38,17,21
2018-07-10,16,9,7
2018-07-10,9,4,5
2018-07-10,6,1,5
2018-07-11,7,3,4
2018-07-11,4,1,3
2018-07-11,0,0,0
2018-07-11,1,1,0
2018-07-11,11,5,6
2018-07-11,19,11,8
2018-07-11,53,30,23
2018-07-11,125,61,64
2018-07-11,168,72,96
2018-07-11,114,42,72
2018-07-11,52,28,24
2018-07-11,57,24,33
2018-07-11,67,32,35
2018-07-11,62,33,29
2018-07-11,64,19,45
2018-07-11,92,39,53
2018-07-11,163,61,102
2018-07-11,264,97,167
2018-07-11,151,59,92
2018-07-11,44,21,23
2018-07-11,16,6,10
2018-07-11,22,11,11
2018-07-11,11,5,6
2018-07-11,6,4,2
2018-07-12,5,3,2
2018-07-12,0,0,0
2018-07-12,2,2,0
2018-07-12,2,1,1
2018-07-12,6,5,1
2018-07-12,16,11,5
2018-07-12,67,35,32
2018-07-12,99,45,54
2018-07-12,182,87,95
2018-07-12,112,49,63
2018-07-12,51,27,24
2018-07-12,57,26,31
2018-07-12,53,19,34
2018-07-12,59,26,33
2018-07-12,72,28,44
2018-07-12,99,36,63
2018-07-12,176,82,94
2018-07-12,273,99,174
2018-07-12,150,50,100
2018-07-12,48,20,28
2018-07-12,39,15,24
2018-07-12,17,10,7
2018-07-12,15,4,11
2018-07-12,9,3,6
2018-07-13,3,2,1
2018-07-13,2,0,2
2018-07-13,1,0,1
2018-07-13,1,0,1
2018-07-13,2,2,0
2018-07-13,16,10,6
2018-07-13,36,22,14
2018-07-13,91,48,43
2018-07-13,170,69,101
2018-07-13,109,41,68
2018-07-13,42,20,22
2018-07-13,54,26,28
2018-07-13,52,25,27
2018-07-13,69,38,31
2018-07-13,54,15,39
2018-07-13,90,25,65
2018-07-13,163,62,101
2018-07-13,196,69,127
2018-07-13,98,42,56
2018-07-13,54,22,32
2018-07-13,25,15,10
2018-07-13,18,9,9
2018-07-13,16,7,9
2018-07-13,10,6,4
2018-07-14,10,4,6
2018-07-14,2,1,1
2018-07-14,1,1,0
2018-07-14,3,2,1
2018-07-14,6,1,5
2018-07-14,5,0,5
2018-07-14,3,1,2
2018-07-14,9,6,3
2018-07-14,22,10,12
2018-07-14,14,7,7
2018-07-14,40,17,23
2018-07-14,22,7,15
2018-07-14,22,10,12
2018-07-14,44,15,29
2018-07-14,40,25,15
2018-07-14,41,14,27
2018-07-14,59,29,30
2018-07-14,32,15,17
2018-07-14,32,10,22
2018-07-14,16,9,7
2018-07-14,28,12,16
2018-07-14,11,5,6
2018-07-14,10,5,5
2018-07-14,8,6,2
2018-07-15,7,3,4
2018-07-15,7,6,1
2018-07-15,1,1,0
2018-07-15,1,1,0
2018-07-15,1,0,1
2018-07-15,2,2,0
2018-07-15,2,1,1
2018-07-15,10,5,5
2018-07-15,15,7,8
2018-07-15,18,9,9
2018-07-15,20,9,11
2018-07-15,32,14,18
2018-07-15,31,13,18
2018-07-15,31,15,16
2018-07-15,36,19,17
2018-07-15,23,13,10
2018-07-15,28,10,18
2018-07-15,21,8,13
2018-07-15,21,14,7
2018-07-15,20,8,12
2018-07-15,6,4,2
2018-07-15,16,4,12
2018-07-15,2,1,1
2018-07-15,3,2,1
2018-07-16,3,0,3
2018-07-16,7,5,2
2018-07-16,5,3,2
2018-07-16,1,0,1
2018-07-16,2,1,1
2018-07-16,16,10,6
2018-07-16,54,30,24
2018-07-16,121,65,56
2018-07-16,172,78,94
2018-07-16,113,54,59
2018-07-16,38,14,24
2018-07-16,38,21,17
2018-07-16,51,25,26
2018-07-16,52,24,28
2018-07-16,42,12,30
2018-07-16,72,21,51
2018-07-16,151,55,96
2018-07-16,237,89,148
2018-07-16,158,49,109
2018-07-16,36,19,17
2018-07-16,35,12,23
2018-07-16,14,11,3
2018-07-16,10,6,4
2018-07-16,4,1,3
2018-07-17,4,2,2
2018-07-17,1,1,0
2018-07-17,2,2,0
2018-07-17,2,1,1
2018-07-17,4,2,2
2018-07-17,26,17,9
2018-07-17,61,31,30
2018-07-17,123,66,57
2018-07-17,183,86,97
2018-07-17,125,49,76
2018-07-17,49,24,25
2018-07-17,56,19,37
2018-07-17,50,26,24
2018-07-17,55,19,36
2018-07-17,60,27,33
2018-07-17,94,39,55
2018-07-17,177,58,119
2018-07-17,245,93,152
2018-07-17,153,58,95
2018-07-17,44,12,32
2018-07-17,28,9,19
2018-07-17,23,12,11
2018-07-17,10,6,4
2018-07-17,9,2,7
2018-07-18,4,2,2
2018-07-18,1,1,0
2018-07-18,2,2,0
2018-07-18,1,0,1
2018-07-18,1,0,1
2018-07-18,20,15,5
2018-07-18,66,33,33
2018-07-18,116,57,59
2018-07-18,177,86,91
2018-07-18,138,67,71
2018-07-18,38,19,19
2018-07-18,64,35,29
2018-07-18,71,41,30
2018-07-18,58,31,27
2018-07-18,58,25,33
2018-07-18,86,34,52
2018-07-18,159,57,102
2018-07-18,261,103,158
2018-07-18,153,52,101
2018-07-18,54,27,27
2018-07-18,39,17,22
2018-07-18,30,16,14
2018-07-18,17,11,6
2018-07-18,10,4,6
2018-07-19,6,4,2
2018-07-19,4,4,0
2018-07-19,1,1,0
2018-07-19,1,0,1
2018-07-19,3,2,1
2018-07-19,18,14,4
2018-07-19,58,33,25
2018-07-19,114,53,61
2018-07-19,174,77,97
2018-07-19,113,41,72
2018-07-19,42,25,17
2018-07-19,46,23,23
2018-07-19,48,23,25
2018-07-19,50,21,29
2018-07-19,63,23,40
2018-07-19,88,26,62
2018-07-19,175,68,107
2018-07-19,260,96,164
2018-07-19,149,39,110
2018-07-19,62,27,35
2018-07-19,42,22,20
2018-07-19,33,17,16
2018-07-19,35,22,13
2018-07-19,12,5,7
2018-07-20,8,7,1
2018-07-20,1,0,1
2018-07-20,3,2,1
2018-07-20,0,0,0
2018-07-20,3,1,2
2018-07-20,13,10,3
2018-07-20,42,27,15
2018-07-20,97,56,41
2018-07-20,141,63,78
2018-07-20,99,45,54
2018-07-20,43,23,20
2018-07-20,48,25,23
2018-07-20,65,25,40
2018-07-20,64,33,31
2018-07-20,62,21,41
2018-07-20,98,30,68
2018-07-20,167,52,115
2018-07-20,214,65,149
2018-07-20,130,30,100
2018-07-20,52,19,33
2018-07-20,30,16,14
2018-07-20,25,15,10
2018-07-20,32,27,5
2018-07-20,10,4,6
2018-07-21,8,4,4
2018-07-21,3,1,2
2018-07-21,6,1,5
2018-07-21,4,3,1
2018-07-21,2,1,1
2018-07-21,4,3,1
2018-07-21,8,1,7
2018-07-21,16,11,5
2018-07-21,19,6,13
2018-07-21,16,10,6
2018-07-21,34,14,20
2018-07-21,56,15,41
2018-07-21,100,28,72
2018-07-21,60,29,31
2018-07-21,50,27,23
2018-07-21,92,63,29
2018-07-21,54,24,30
2018-07-21,55,16,39
2018-07-21,37,13,24
2018-07-21,22,9,13
2018-07-21,15,10,5
2018-07-21,15,8,7
2018-07-21,19,14,5
2018-07-21,10,3,7
2018-07-22,3,1,2
2018-07-22,5,2,3
2018-07-22,6,2,4
2018-07-22,3,2,1
2018-07-22,2,0,2
2018-07-22,0,0,0
2018-07-22,8,4,4
2018-07-22,3,1,2
2018-07-22,14,10,4
2018-07-22,15,7,8
2018-07-22,26,14,12
2018-07-22,24,8,16
2018-07-22,42,12,30
2018-07-22,27,12,15
2018-07-22,36,17,19
2018-07-22,38,18,20
2018-07-22,55,33,22
2018-07-22,38,15,23
2018-07-22,27,17,10
2018-07-22,22,9,13
2018-07-22,9,2,7
2018-07-22,20,10,10
2018-07-22,10,3,7
2018-07-22,6,4,2
2018-07-23,4,1,3
2018-07-23,5,3,2
2018-07-23,1,1,0
2018-07-23,2,2,0
2018-07-23,2,1,1
2018-07-23,24,15,9
2018-07-23,63,27,36
2018-07-23,121,75,46
2018-07-23,166,74,92
2018-07-23,111,52,59
2018-07-23,36,18,18
2018-07-23,38,19,19
2018-07-23,47,24,23
2018-07-23,42,23,19
2018-07-23,41,16,25
2018-07-23,92,38,54
2018-07-23,162,53,109
2018-07-23,229,80,149
2018-07-23,143,56,87
2018-07-23,50,27,23
2018-07-23,15,9,6
2018-07-23,18,7,11
2018-07-23,11,6,5
2018-07-23,7,7,0
2018-07-24,4,2,2
2018-07-24,0,0,0
2018-07-24,1,0,1
2018-07-24,3,1,2
2018-07-24,2,2,0
2018-07-24,26,20,6
2018-07-24,67,33,34
2018-07-24,129,73,56
2018-07-24,183,86,97
2018-07-24,114,59,55
2018-07-24,31,24,7
2018-07-24,36,20,16
2018-07-24,73,37,36
2018-07-24,65,35,30
2018-07-24,52,25,27
2018-07-24,76,20,56
2018-07-24,190,66,124
2018-07-24,291,97,194
2018-07-24,166,46,120
2018-07-24,63,21,42
2018-07-24,29,12,17
2018-07-24,38,24,14
2018-07-24,48,42,6
2018-07-24,9,5,4
2018-07-25,7,2,5
2018-07-25,1,1,0
2018-07-25,0,0,0
2018-07-25,0,0,0
2018-07-25,6,5,1
2018-07-25,23,17,6
2018-07-25,62,29,33
2018-07-25,125,67,58
2018-07-25,163,79,84
2018-07-25,120,48,72
2018-07-25,52,21,31
2018-07-25,66,22,44
2018-07-25,104,32,72
2018-07-25,54,19,35
2018-07-25,58,22,36
2018-07-25,101,43,58
2018-07-25,230,101,129
2018-07-25,258,98,160
2018-07-25,140,47,93
2018-07-25,62,27,35
2018-07-25,20,10,10
2018-07-25,25,13,12
2018-07-25,13,6,7
2018-07-25,5,1,4
2018-07-26,4,0,4
2018-07-26,1,0,1
2018-07-26,5,3,2
2018-07-26,2,0,2
2018-07-26,2,1,1
2018-07-26,22,13,9
2018-07-26,59,33,26
2018-07-26,123,75,48
2018-07-26,160,74,86
2018-07-26,126,56,70
2018-07-26,40,26,14
2018-07-26,68,25,43
2018-07-26,68,32,36
2018-07-26,65,42,23
2018-07-26,60,22,38
2018-07-26,90,26,64
2018-07-26,171,65,106
2018-07-26,275,104,171
2018-07-26,128,53,75
2018-07-26,56,30,26
2018-07-26,31,16,15
2018-07-26,33,15,18
2018-07-26,19,7,12
2018-07-26,9,3,6
2018-07-27,5,2,3
2018-07-27,3,2,1
2018-07-27,2,0,2
2018-07-27,3,1,2
2018-07-27,3,3,0
2018-07-27,12,9,3
2018-07-27,55,29,26
2018-07-27,101,52,49
2018-07-27,168,65,103
2018-07-27,98,42,56
2018-07-27,49,15,34
2018-07-27,58,28,30
2018-07-27,57,33,24
2018-07-27,63,31,32
2018-07-27,64,24,40
2018-07-27,113,46,67
2018-07-27,190,61,129
2018-07-27,175,75,100
2018-07-27,106,42,64
2018-07-27,48,14,34
2018-07-27,23,9,14
2018-07-27,20,8,12
2018-07-27,17,8,9
2018-07-27,17,8,9
2018-07-28,9,6,3
2018-07-28,4,2,2
2018-07-28,4,2,2
2018-07-28,3,3,0
2018-07-28,2,2,0
2018-07-28,4,3,1
2018-07-28,1,1,0
2018-07-28,18,11,7
2018-07-28,23,9,14
2018-07-28,26,12,14
2018-07-28,42,16,26
2018-07-28,29,12,17
2018-07-28,58,21,37
2018-07-28,50,24,26
2018-07-28,52,29,23
2018-07-28,35,12,23
2018-07-28,60,34,26
2018-07-28,42,25,17
2018-07-28,30,18,12
2018-07-28,26,15,11
2018-07-28,18,10,8
2018-07-28,12,8,4
2018-07-28,19,8,11
2018-07-28,7,3,4
2018-07-29,7,3,4
2018-07-29,4,3,1
2018-07-29,4,3,1
2018-07-29,5,5,0
2018-07-29,1,0,1
2018-07-29,2,0,2
2018-07-29,6,3,3
2018-07-29,10,5,5
2018-07-29,12,5,7
2018-07-29,14,5,9
2018-07-29,24,7,17
2018-07-29,48,17,31
2018-07-29,54,15,39
2018-07-29,66,16,50
2018-07-29,40,19,21
2018-07-29,34,24,10
2018-07-29,84,67,17
2018-07-29,43,23,20
2018-07-29,21,10,11
2018-07-29,32,15,17
2018-07-29,17,4,13
2018-07-29,16,9,7
2018-07-29,21,9,12
2018-07-29,3,1,2
2018-07-30,1,1,0
2018-07-30,2,1,1
2018-07-30,1,1,0
2018-07-30,2,0,2
2018-07-30,7,5,2
2018-07-30,19,14,5
2018-07-30,54,33,21
2018-07-30,120,57,63
2018-07-30,165,80,85
2018-07-30,116,54,62
2018-07-30,41,16,25
2018-07-30,30,15,15
2018-07-30,46,24,22
2018-07-30,50,29,21
2018-07-30,49,18,31
2018-07-30,85,33,52
2018-07-30,174,51,123
2018-07-30,223,79,144
2018-07-30,135,40,95
2018-07-30,62,28,34
2018-07-30,32,12,20
2018-07-30,32,23,9
2018-07-30,31,26,5
2018-07-30,5,2,3
2018-07-31,3,2,1
2018-07-31,3,2,1
2018-07-31,2,0,2
2018-07-31,3,1,2
2018-07-31,2,2,0
2018-07-31,22,14,8
2018-07-31,62,29,33
2018-07-31,121,66,55
2018-07-31,195,91,104
2018-07-31,110,53,57
2018-07-31,48,19,29
2018-07-31,37,14,23
2018-07-31,65,43,22
2018-07-31,42,25,17
2018-07-31,56,15,41
2018-07-31,81,25,56
2018-07-31,187,67,120
2018-07-31,258,90,168
2018-07-31,145,50,95
2018-07-31,65,34,31
2018-07-31,35,17,18
2018-07-31,27,13,14
2018-07-31,30,21,9
2018-07-31,8,4,4
2018-08-01,2,2,0
2018-08-01,1,0,1
2018-08-01,1,0,1
2018-08-01,2,1,1
2018-08-01,6,4,2
2018-08-01,15,12,3
2018-08-01,65,23,42
2018-08-01,117,57,60
2018-08-01,152,65,87
2018-08-01,127,54,73
2018-08-01,47,25,22
2018-08-01,59,24,35
2018-08-01,88,32,56
2018-08-01,60,18,42
2018-08-01,57,21,36
2018-08-01,96,43,53
2018-08-01,183,84,99
2018-08-01,245,90,155
2018-08-01,144,60,84
2018-08-01,64,26,38
2018-08-01,32,17,15
2018-08-01,20,10,10
2018-08-01,15,5,10
2018-08-01,4,1,3
2018-08-02,4,1,3
2018-08-02,2,1,1
2018-08-02,2,1,1
2018-08-02,2,1,1
2018-08-02,2,1,1
2018-08-02,11,10,1
2018-08-02,32,15,17
2018-08-02,90,43,47
2018-08-02,152,55,97
2018-08-02,113,54,59
2018-08-02,47,24,23
2018-08-02,60,19,41
2018-08-02,53,31,22
2018-08-02,47,23,24
2018-08-02,47,21,26
2018-08-02,84,28,56
2018-08-02,176,70,106
2018-08-02,242,79,163
2018-08-02,145,41,104
2018-08-02,62,20,42
2018-08-02,26,12,14
2018-08-02,48,32,16
2018-08-02,35,21,14
2018-08-02,8,5,3
2018-08-03,4,2,2
2018-08-03,1,0,1
2018-08-03,4,2,2
2018-08-03,1,0,1
2018-08-03,5,5,0
2018-08-03,12,11,1
2018-08-03,38,18,20
2018-08-03,64,41,23
2018-08-03,111,50,61
2018-08-03,94,44,50
2018-08-03,31,14,17
2018-08-03,58,32,26
2018-08-03,64,31,33
2018-08-03,58,32,26
2018-08-03,75,26,49
2018-08-03,87,36,51
2018-08-03,167,57,110
2018-08-03,168,66,102
2018-08-03,109,41,68
2018-08-03,50,18,32
2018-08-03,31,18,13
2018-08-03,30,21,9
2018-08-03,24,15,9
2018-08-03,15,9,6
2018-08-04,9,3,6
2018-08-04,3,2,1
2018-08-04,1,0,1
2018-08-04,1,1,0
2018-08-04,0,0,0
2018-08-04,1,1,0
2018-08-04,5,4,1
2018-08-04,14,8,6
2018-08-04,13,7,6
2018-08-04,16,9,7
2018-08-04,32,18,14
2018-08-04,36,12,24
2018-08-04,50,11,39
2018-08-04,71,28,43
2018-08-04,70,23,47
2018-08-04,85,28,57
2018-08-04,95,35,60
2018-08-04,61,28,33
2018-08-04,50,13,37
2018-08-04,43,24,19
2018-08-04,18,10,8
2018-08-04,22,11,11
2018-08-04,42,26,16
2018-08-04,19,10,9
2018-08-05,11,7,4
2018-08-05,17,9,8
2018-08-05,13,10,3
2018-08-05,2,1,1
2018-08-05,0,0,0
2018-08-05,0,0,0
2018-08-05,8,3,5
2018-08-05,10,4,6
2018-08-05,17,12,5
2018-08-05,25,12,13
2018-08-05,28,10,18
2018-08-05,52,16,36
2018-08-05,58,18,40
2018-08-05,39,15,24
2018-08-05,43,24,19
2018-08-05,41,23,18
2018-08-05,57,36,21
2018-08-05,34,19,15
2018-08-05,22,10,12
2018-08-05,29,12,17
2018-08-05,16,8,8
2018-08-05,10,4,6
2018-08-05,6,3,3
2018-08-05,4,1,3
2018-08-06,7,5,2
2018-08-06,2,1,1
2018-08-06,5,1,4
2018-08-06,0,0,0
2018-08-06,2,2,0
2018-08-06,20,15,5
2018-08-06,55,31,24
2018-08-06,126,64,62
2018-08-06,175,79,96
2018-08-06,97,50,47
2018-08-06,57,23,34
2018-08-06,39,17,22
2018-08-06,56,27,29
2018-08-06,44,26,18
2018-08-06,49,26,23
2018-08-06,72,26,46
2018-08-06,175,63,112
2018-08-06,241,72,169
2018-08-06,122,50,72
2018-08-06,60,30,30
2018-08-06,19,9,10
2018-08-06,23,13,10
2018-08-06,8,3,5
2018-08-06,4,2,2
2018-08-07,4,1,3
2018-08-07,0,0,0
2018-08-07,2,1,1
2018-08-07,0,0,0
2018-08-07,2,2,0
2018-08-07,18,15,3
2018-08-07,52,33,19
2018-08-07,118,68,50
2018-08-07,200,96,104
2018-08-07,120,58,62
2018-08-07,46,22,24
2018-08-07,53,28,25
2018-08-07,52,29,23
2018-08-07,45,19,26
2018-08-07,44,13,31
2018-08-07,77,31,46
2018-08-07,166,46,120
2018-08-07,279,111,168
2018-08-07,141,60,81
2018-08-07,60,21,39
2018-08-07,33,17,16
2018-08-07,22,7,15
2018-08-07,10,2,8
2018-08-07,10,5,5
2018-08-08,4,3,1
2018-08-08,0,0,0
2018-08-08,1,1,0
2018-08-08,0,0,0
2018-08-08,1,1,0
2018-08-08,24,14,10
2018-08-08,62,33,29
2018-08-08,120,60,60
2018-08-08,178,77,101
2018-08-08,127,49,78
2018-08-08,49,25,24
2018-08-08,49,22,27
2018-08-08,56,35,21
2018-08-08,51,20,31
2018-08-08,59,34,25
2018-08-08,99,32,67
2018-08-08,192,67,125
2018-08-08,254,87,167
2018-08-08,184,63,121
2018-08-08,76,22,54
2018-08-08,40,15,25
2018-08-08,20,10,10
2018-08-08,23,15,8
2018-08-08,35,28,7
2018-08-09,71,55,16
2018-08-09,2,2,0
2018-08-09,2,1,1
2018-08-09,3,3,0
2018-08-09,0,0,0
2018-08-09,16,12,4
2018-08-09,50,31,19
2018-08-09,111,58,53
2018-08-09,173,82,91
2018-08-09,105,51,54
2018-08-09,49,25,24
2018-08-09,40,20,20
2018-08-09,59,26,33
2018-08-09,56,26,30
2018-08-09,71,36,35
2018-08-09,101,41,60
2018-08-09,150,39,111
2018-08-09,275,94,181
2018-08-09,174,65,109
2018-08-09,73,33,40
2018-08-09,45,26,19
2018-08-09,32,15,17
2018-08-09,29,20,9
2018-08-09,17,8,9
2018-08-10,6,3,3
2018-08-10,5,3,2
2018-08-10,2,0,2
2018-08-10,2,2,0
2018-08-10,1,1,0
2018-08-10,16,9,7
2018-08-10,42,23,19
2018-08-10,114,57,57
2018-08-10,130,65,65
2018-08-10,86,31,55
2018-08-10,55,28,27
2018-08-10,43,23,20
2018-08-10,59,30,29
2018-08-10,63,29,34
2018-08-10,65,33,32
2018-08-10,110,35,75
2018-08-10,180,62,118
2018-08-10,227,74,153
2018-08-10,112,41,71
2018-08-10,59,27,32
2018-08-10,33,15,18
2018-08-10,26,9,17
2018-08-10,14,3,11
2018-08-10,26,16,10
2018-08-11,57,45,12
2018-08-11,14,5,9
2018-08-11,7,4,3
2018-08-11,3,0,3
2018-08-11,0,0,0
2018-08-11,0,0,0
2018-08-11,5,0,5
2018-08-11,19,11,8
2018-08-11,24,7,17
2018-08-11,18,8,10
2018-08-11,24,14,10
2018-08-11,47,25,22
2018-08-11,39,10,29
2018-08-11,35,15,20
2018-08-11,47,12,35
2018-08-11,47,16,31
2018-08-11,50,19,31
2018-08-11,41,18,23
2018-08-11,46,14,32
2018-08-11,48,14,34
2018-08-11,16,9,7
2018-08-11,6,4,2
2018-08-11,28,20,8
2018-08-11,19,12,7
2018-08-12,8,6,2
2018-08-12,6,3,3
2018-08-12,7,5,2
2018-08-12,4,3,1
2018-08-12,0,0,0
2018-08-12,2,1,1
2018-08-12,5,3,2
2018-08-12,6,2,4
2018-08-12,11,6,5
2018-08-12,24,12,12
2018-08-12,24,11,13
2018-08-12,8,6,2
2018-08-12,22,11,11
2018-08-12,24,14,10
2018-08-12,28,17,11
2018-08-12,37,18,19
2018-08-12,33,22,11
2018-08-12,47,21,26
2018-08-12,45,12,33
2018-08-12,27,13,14
2018-08-12,18,10,8
2018-08-12,39,35,4
2018-08-12,11,11,0
2018-08-12,7,5,2
2018-08-13,2,0,2
2018-08-13,6,2,4
2018-08-13,0,0,0
2018-08-13,3,2,1
2018-08-13,4,2,2
2018-08-13,20,14,6
2018-08-13,57,26,31
2018-08-13,114,60,54
2018-08-13,177,93,84
2018-08-13,113,52,61
2018-08-13,44,20,24
2018-08-13,28,19,9
2018-08-13,47,22,25
2018-08-13,44,25,19
2018-08-13,43,21,22
2018-08-13,83,28,55
2018-08-13,168,56,112
2018-08-13,245,85,160
2018-08-13,112,41,71
2018-08-13,59,26,33
2018-08-13,29,14,15
2018-08-13,13,9,4
2018-08-13,11,6,5
2018-08-13,18,15,3
2018-08-14,3,1,2
2018-08-14,1,1,0
2018-08-14,2,1,1
2018-08-14,3,1,2
2018-08-14,4,4,0
2018-08-14,20,11,9
2018-08-14,54,27,27
2018-08-14,122,75,47
2018-08-14,147,58,89
2018-08-14,114,48,66
2018-08-14,41,19,22
2018-08-14,38,17,21
2018-08-14,35,18,17
2018-08-14,55,30,25
2018-08-14,53,26,27
2018-08-14,88,29,59
2018-08-14,160,57,103
2018-08-14,269,99,170
2018-08-14,101,41,60
2018-08-14,47,18,29
2018-08-14,19,9,10
2018-08-14,16,8,8
2018-08-14,13,9,4
2018-08-14,5,0,5
2018-08-15,5,4,1
2018-08-15,1,0,1
2018-08-15,2,0,2
2018-08-15,1,0,1
2018-08-15,2,2,0
2018-08-15,13,9,4
2018-08-15,48,23,25
2018-08-15,115,54,61
2018-08-15,152,72,80
2018-08-15,93,43,50
2018-08-15,43,15,28
2018-08-15,48,27,21
2018-08-15,56,19,37
2018-08-15,45,21,24
2018-08-15,51,25,26
2018-08-15,79,26,53
2018-08-15,135,46,89
2018-08-15,229,98,131
2018-08-15,113,38,75
2018-08-15,41,15,26
2018-08-15,35,14,21
2018-08-15,24,12,12
2018-08-15,8,3,5
2018-08-15,2,1,1
2018-08-16,3,2,1
2018-08-16,0,0,0
2018-08-16,2,2,0
2018-08-16,5,2,3
2018-08-16,1,1,0
2018-08-16,14,10,4
2018-08-16,45,20,25
2018-08-16,98,51,47
2018-08-16,138,63,75
2018-08-16,83,39,44
2018-08-16,46,21,25
2018-08-16,51,26,25
2018-08-16,35,20,15
2018-08-16,61,27,34
2018-08-16,56,19,37
2018-08-16,93,31,62
2018-08-16,141,42,99
2018-08-16,194,82,112
2018-08-16,127,59,68
2018-08-16,48,19,29
2018-08-16,32,17,15
2018-08-16,17,6,11
2018-08-16,13,11,2
2018-08-16,4,4,0
2018-08-17,3,2,1
2018-08-17,4,1,3
2018-08-17,3,0,3
2018-08-17,4,2,2
2018-08-17,1,1,0
2018-08-17,16,10,6
2018-08-17,35,21,14
2018-08-17,73,37,36
2018-08-17,135,64,71
2018-08-17,85,34,51
2018-08-17,46,20,26
2018-08-17,43,23,20
2018-08-17,64,36,28
2018-08-17,67,34,33
2018-08-17,74,30,44
2018-08-17,99,34,65
2018-08-17,165,65,100
2018-08-17,176,69,107
2018-08-17,102,26,76
2018-08-17,51,24,27
2018-08-17,23,10,13
2018-08-17,38,25,13
2018-08-17,24,16,8
2018-08-17,21,9,12
2018-08-18,6,2,4
2018-08-18,7,2,5
2018-08-18,7,5,2
2018-08-18,2,1,1
2018-08-18,0,0,0
2018-08-18,1,1,0
2018-08-18,7,4,3
2018-08-18,8,5,3
2018-08-18,13,9,4
2018-08-18,19,9,10
2018-08-18,20,6,14
2018-08-18,53,12,41
2018-08-18,114,16,98
2018-08-18,56,14,42
2018-08-18,46,15,31
2018-08-18,106,86,20
2018-08-18,53,30,23
2018-08-18,48,25,23
2018-08-18,33,7,26
2018-08-18,33,12,21
2018-08-18,24,10,14
2018-08-18,12,5,7
2018-08-18,21,10,11
2018-08-18,24,18,6
2018-08-19,9,6,3
2018-08-19,1,1,0
2018-08-19,6,3,3
2018-08-19,3,3,0
2018-08-19,2,1,1
2018-08-19,1,0,1
2018-08-19,3,1,2
2018-08-19,8,5,3
2018-08-19,8,4,4
2018-08-19,26,13,13
2018-08-19,37,12,25
2018-08-19,42,16,26
2018-08-19,46,21,25
2018-08-19,40,15,25
2018-08-19,39,20,19
2018-08-19,45,27,18
2018-08-19,40,23,17
2018-08-19,32,14,18
2018-08-19,34,15,19
2018-08-19,27,18,9
2018-08-19,17,10,7
2018-08-19,9,2,7
2018-08-19,9,3,6
2018-08-19,7,2,5
2018-08-20,0,0,0
2018-08-20,2,1,1
2018-08-20,2,0,2
2018-08-20,2,2,0
2018-08-20,3,1,2
2018-08-20,20,11,9
2018-08-20,33,15,18
2018-08-20,76,40,36
2018-08-20,121,55,66
2018-08-20,58,22,36
2018-08-20,31,10,21
2018-08-20,39,19,20
2018-08-20,46,19,27
2018-08-20,35,22,13
2018-08-20,39,13,26
2018-08-20,57,17,40
2018-08-20,117,43,74
2018-08-20,164,62,102
2018-08-20,79,29,50
2018-08-20,32,15,17
2018-08-20,18,13,5
2018-08-20,18,6,12
2018-08-20,24,20,4
2018-08-20,5,3,2
2018-08-21,5,2,3
2018-08-21,1,1,0
2018-08-21,0,0,0
2018-08-21,4,1,3
2018-08-21,0,0,0
2018-08-21,8,5,3
2018-08-21,26,12,14
2018-08-21,49,31,18
2018-08-21,97,43,54
2018-08-21,66,30,36
2018-08-21,35,18,17
2018-08-21,34,16,18
2018-08-21,44,25,19
2018-08-21,38,21,17
2018-08-21,32,10,22
2018-08-21,57,17,40
2018-08-21,112,33,79
2018-08-21,125,39,86
2018-08-21,80,37,43
2018-08-21,31,10,21
2018-08-21,18,8,10
2018-08-21,16,11,5
2018-08-21,17,11,6
2018-08-21,12,6,6
2018-08-22,1,1,0
2018-08-22,3,0,3
2018-08-22,1,0,1
2018-08-22,4,3,1
2018-08-22,1,1,0
2018-08-22,12,12,0
2018-08-22,30,12,18
2018-08-22,60,34,26
2018-08-22,93,51,42
2018-08-22,63,31,32
2018-08-22,37,19,18
2018-08-22,37,19,18
2018-08-22,53,17,36
2018-08-22,49,12,37
2018-08-22,37,20,17
2018-08-22,52,14,38
2018-08-22,116,52,64
2018-08-22,145,62,83
2018-08-22,64,32,32
2018-08-22,28,10,18
2018-08-22,19,9,10
2018-08-22,5,3,2
2018-08-22,6,3,3
2018-08-22,6,2,4
2018-08-23,2,1,1
2018-08-23,3,1,2
2018-08-23,1,0,1
2018-08-23,2,2,0
2018-08-23,2,1,1
2018-08-23,9,6,3
2018-08-23,24,13,11
2018-08-23,67,36,31
2018-08-23,96,45,51
2018-08-23,78,32,46
2018-08-23,29,8,21
2018-08-23,52,25,27
2018-08-23,45,21,24
2018-08-23,45,19,26
2018-08-23,38,17,21
2018-08-23,58,25,33
2018-08-23,117,49,68
2018-08-23,184,72,112
2018-08-23,76,25,51
2018-08-23,45,19,26
2018-08-23,33,16,17
2018-08-23,16,11,5
2018-08-23,15,6,9
2018-08-23,8,4,4
2018-08-24,4,2,2
2018-08-24,2,1,1
2018-08-24,2,2,0
2018-08-24,2,1,1
2018-08-24,3,3,0
2018-08-24,9,5,4
2018-08-24,34,19,15
2018-08-24,73,41,32
2018-08-24,139,57,82
2018-08-24,88,39,49
2018-08-24,50,27,23
2018-08-24,51,21,30
2018-08-24,53,27,26
2018-08-24,44,25,19
2018-08-24,66,33,33
2018-08-24,86,28,58
2018-08-24,150,60,90
2018-08-24,146,43,103
2018-08-24,70,32,38
2018-08-24,34,12,22
2018-08-24,30,10,20
2018-08-24,10,5,5
2018-08-24,13,5,8
2018-08-24,11,4,7
2018-08-25,4,1,3
2018-08-25,7,5,2
2018-08-25,5,4,1
2018-08-25,2,1,1
2018-08-25,1,1,0
2018-08-25,3,1,2
2018-08-25,0,0,0
2018-08-25,4,3,1
2018-08-25,16,7,9
2018-08-25,17,10,7
2018-08-25,16,9,7
2018-08-25,18,4,14
2018-08-25,25,9,16
2018-08-25,28,8,20
2018-08-25,61,24,37
2018-08-25,34,21,13
2018-08-25,30,12,18
2018-08-25,42,20,22
2018-08-25,42,18,24
2018-08-25,26,9,17
2018-08-25,16,9,7
2018-08-25,7,3,4
2018-08-25,10,4,6
2018-08-25,24,14,10
2018-08-26,12,7,5
2018-08-26,5,2,3
2018-08-26,4,2,2
2018-08-26,1,1,0
2018-08-26,0,0,0
2018-08-26,3,0,3
2018-08-26,5,0,5
2018-08-26,9,3,6
2018-08-26,10,8,2
2018-08-26,12,5,7
2018-08-26,18,12,6
2018-08-26,28,9,19
2018-08-26,27,17,10
2018-08-26,18,8,10
2018-08-26,25,12,13
2018-08-26,39,21,18
2018-08-26,27,9,18
2018-08-26,25,9,16
2018-08-26,25,14,11
2018-08-26,12,7,5
2018-08-26,10,2,8
2018-08-26,5,2,3
2018-08-26,6,2,4
2018-08-26,0,0,0
2018-08-27,2,2,0
2018-08-27,1,1,0
2018-08-27,4,2,2
2018-08-27,1,1,0
2018-08-27,4,2,2
2018-08-27,14,10,4
2018-08-27,33,16,17
2018-08-27,89,48,41
2018-08-27,167,79,88
2018-08-27,105,59,46
2018-08-27,41,16,25
2018-08-27,39,18,21
2018-08-27,50,32,18
2018-08-27,24,10,14
2018-08-27,50,19,31
2018-08-27,69,27,42
2018-08-27,163,59,104
2018-08-27,208,78,130
2018-08-27,112,40,72
2018-08-27,57,30,27
2018-08-27,20,7,13
2018-08-27,17,10,7
2018-08-27,5,3,2
2018-08-27,2,2,0
2018-08-28,2,0,2
2018-08-28,1,1,0
2018-08-28,1,1,0
2018-08-28,2,2,0
2018-08-28,3,1,2
2018-08-28,14,11,3
2018-08-28,42,18,24
2018-08-28,120,62,58
2018-08-28,190,95,95
2018-08-28,112,44,68
2018-08-28,54,24,30
2018-08-28,50,27,23
2018-08-28,40,25,15
2018-08-28,32,11,21
2018-08-28,52,20,32
2018-08-28,80,27,53
2018-08-28,179,72,107
2018-08-28,251,105,146
2018-08-28,132,50,82
2018-08-28,55,26,29
2018-08-28,34,22,12
2018-08-28,17,7,10
2018-08-28,17,5,12
2018-08-28,5,2,3
2018-08-29,5,3,2
2018-08-29,2,1,1
2018-08-29,3,2,1
2018-08-29,3,2,1
2018-08-29,4,2,2
2018-08-29,14,9,5
2018-08-29,47,20,27
2018-08-29,105,56,49
2018-08-29,160,77,83
2018-08-29,105,50,55
2018-08-29,61,27,34
2018-08-29,54,21,33
2018-08-29,44,27,17
2018-08-29,48,24,24
2018-08-29,40,19,21
2018-08-29,91,32,59
2018-08-29,145,49,96
2018-08-29,218,76,142
2018-08-29,134,52,82
2018-08-29,50,20,30
2018-08-29,27,15,12
2018-08-29,19,4,15
2018-08-29,5,1,4
2018-08-29,7,3,4
2018-08-30,2,1,1
2018-08-30,1,1,0
2018-08-30,1,1,0
2018-08-30,2,1,1
2018-08-30,3,1,2
2018-08-30,15,10,5
2018-08-30,27,14,13
2018-08-30,83,46,37
2018-08-30,134,61,73
2018-08-30,109,42,67
2018-08-30,36,20,16
2018-08-30,49,24,25
2018-08-30,44,27,17
2018-08-30,67,33,34
2018-08-30,46,20,26
2018-08-30,66,20,46
2018-08-30,144,53,91
2018-08-30,218,61,157
2018-08-30,155,54,101
2018-08-30,56,30,26
2018-08-30,29,16,13
2018-08-30,33,23,10
2018-08-30,28,20,8
2018-08-30,14,11,3
2018-08-31,5,3,2
2018-08-31,5,3,2
2018-08-31,2,2,0
2018-08-31,3,1,2
2018-08-31,3,1,2
2018-08-31,8,7,1
2018-08-31,24,15,9
2018-08-31,62,39,23
2018-08-31,114,62,52
2018-08-31,72,32,40
2018-08-31,46,24,22
2018-08-31,54,32,22
2018-08-31,56,25,31
2018-08-31,64,23,41
2018-08-31,62,23,39
2018-08-31,100,36,64
2018-08-31,156,56,100
2018-08-31,158,50,108
2018-08-31,71,23,48
2018-08-31,31,16,15
2018-08-31,23,11,12
2018-08-31,13,4,9
2018-08-31,10,5,5
2018-08-31,21,6,15
2018-09-01,7,5,2
2018-09-01,6,2,4
2018-09-01,10,2,8
2018-09-01,2,1,1
2018-09-01,2,1,1
2018-09-01,1,1,0
2018-09-01,2,1,1
2018-09-01,8,5,3
2018-09-01,16,11,5
2018-09-01,22,9,13
2018-09-01,22,11,11
2018-09-01,37,11,26
2018-09-01,73,13,60
2018-09-01,43,23,20
2018-09-01,33,15,18
2018-09-01,65,45,20
2018-09-01,64,35,29
2018-09-01,45,20,25
2018-09-01,37,13,24
2018-09-01,42,12,30
2018-09-01,24,13,11
2018-09-01,10,4,6
2018-09-01,5,1,4
2018-09-01,39,23,16
2018-09-02,9,6,3
2018-09-02,6,3,3
2018-09-02,0,0,0
2018-09-02,5,4,1
2018-09-02,0,0,0
2018-09-02,1,0,1
2018-09-02,1,1,0
2018-09-02,7,6,1
2018-09-02,10,9,1
2018-09-02,16,9,7
2018-09-02,20,7,13
2018-09-02,47,13,34
2018-09-02,31,11,20
2018-09-02,28,17,11
2018-09-02,35,18,17
2018-09-02,30,12,18
2018-09-02,33,17,16
2018-09-02,31,14,17
2018-09-02,41,20,21
2018-09-02,25,8,17
2018-09-02,16,7,9
2018-09-02,12,5,7
2018-09-02,10,7,3
2018-09-02,11,3,8
2018-09-03,4,2,2
2018-09-03,1,1,0
2018-09-03,2,1,1
2018-09-03,2,0,2
2018-09-03,0,0,0
2018-09-03,6,4,2
2018-09-03,5,3,2
2018-09-03,3,1,2
2018-09-03,14,9,5
2018-09-03,25,15,10
2018-09-03,24,13,11
2018-09-03,31,11,20
2018-09-03,29,14,15
2018-09-03,47,16,31
2018-09-03,51,25,26
2018-09-03,34,15,19
2018-09-03,61,22,39
2018-09-03,46,19,27
2018-09-03,35,17,18
2018-09-03,31,18,13
2018-09-03,13,9,4
2018-09-03,26,19,7
2018-09-03,3,1,2
2018-09-03,6,1,5
2018-09-04,2,2,0
2018-09-04,2,0,2
2018-09-04,0,0,0
2018-09-04,0,0,0
2018-09-04,3,1,2
2018-09-04,14,9,5
2018-09-04,42,24,18
2018-09-04,112,55,57
2018-09-04,177,88,89
2018-09-04,108,52,56
2018-09-04,38,22,16
2018-09-04,43,24,19
2018-09-04,43,25,18
2018-09-04,43,20,23
2018-09-04,58,20,38
2018-09-04,71,20,51
2018-09-04,159,57,102
2018-09-04,244,98,146
2018-09-04,120,39,81
2018-09-04,46,17,29
2018-09-04,15,8,7
2018-09-04,24,10,14
2018-09-04,14,3,11
2018-09-04,8,8,0
2018-09-05,3,1,2
2018-09-05,6,3,3
2018-09-05,1,0,1
2018-09-05,0,0,0
2018-09-05,4,2,2
2018-09-05,13,10,3
2018-09-05,54,27,27
2018-09-05,117,58,59
2018-09-05,188,89,99
2018-09-05,113,54,59
2018-09-05,47,27,20
2018-09-05,76,36,40
2018-09-05,43,17,26
2018-09-05,46,27,19
2018-09-05,57,23,34
2018-09-05,79,32,47
2018-09-05,185,66,119
2018-09-05,255,90,165
2018-09-05,131,41,90
2018-09-05,52,21,31
2018-09-05,26,15,11
2018-09-05,12,5,7
2018-09-05,23,14,9
2018-09-05,9,3,6
2018-09-06,2,2,0
2018-09-06,1,0,1
2018-09-06,1,1,0
2018-09-06,2,1,1
2018-09-06,4,1,3
2018-09-06,16,14,2
2018-09-06,44,20,24
2018-09-06,118,68,50
2018-09-06,189,84,105
2018-09-06,97,48,49
2018-09-06,48,26,22
2018-09-06,69,34,35
2018-09-06,57,28,29
2018-09-06,59,25,34
2018-09-06,55,23,32
2018-09-06,79,28,51
2018-09-06,192,63,129
2018-09-06,242,92,150
2018-09-06,125,47,78
2018-09-06,61,26,35
2018-09-06,33,21,12
2018-09-06,31,20,11
2018-09-06,7,3,4
2018-09-06,3,1,2
2018-09-07,5,3,2
2018-09-07,4,3,1
2018-09-07,2,1,1
2018-09-07,0,0,0
2018-09-07,5,3,2
2018-09-07,15,12,3
2018-09-07,42,22,20
2018-09-07,60,32,28
2018-09-07,164,74,90
2018-09-07,95,42,53
2018-09-07,51,21,30
2018-09-07,46,30,16
2018-09-07,66,28,38
2018-09-07,51,17,34
2018-09-07,54,23,31
2018-09-07,110,50,60
2018-09-07,169,56,113
2018-09-07,207,82,125
2018-09-07,97,32,65
2018-09-07,30,12,18
2018-09-07,15,8,7
2018-09-07,24,8,16
2018-09-07,14,14,0
2018-09-07,7,4,3
2018-09-08,11,6,5
2018-09-08,10,5,5
2018-09-08,4,2,2
2018-09-08,0,0,0
2018-09-08,1,1,0
2018-09-08,3,0,3
2018-09-08,3,1,2
2018-09-08,16,7,9
2018-09-08,7,4,3
2018-09-08,18,8,10
2018-09-08,27,10,17
2018-09-08,32,13,19
2018-09-08,38,21,17
2018-09-08,41,22,19
2018-09-08,54,32,22
2018-09-08,57,21,36
2018-09-08,57,23,34
2018-09-08,44,13,31
2018-09-08,34,10,24
2018-09-08,17,5,12
2018-09-08,23,13,10
2018-09-08,41,26,15
2018-09-08,11,5,6
2018-09-08,9,7,2
2018-09-09,9,5,4
2018-09-09,4,3,1
2018-09-09,4,1,3
2018-09-09,0,0,0
2018-09-09,0,0,0
2018-09-09,1,1,0
2018-09-09,3,1,2
2018-09-09,8,7,1
2018-09-09,8,2,6
2018-09-09,15,7,8
2018-09-09,43,15,28
2018-09-09,42,10,32
2018-09-09,30,12,18
2018-09-09,35,13,22
2018-09-09,44,20,24
2018-09-09,37,12,25
2018-09-09,46,31,15
2018-09-09,41,23,18
2018-09-09,23,14,9
2018-09-09,19,8,11
2018-09-09,7,5,2
2018-09-09,3,0,3
2018-09-09,8,4,4
2018-09-09,1,1,0
2018-09-10,4,4,0
2018-09-10,0,0,0
2018-09-10,1,0,1
2018-09-10,2,1,1
2018-09-10,4,3,1
2018-09-10,14,12,2
2018-09-10,41,22,19
2018-09-10,83,51,32
2018-09-10,157,81,76
2018-09-10,104,38,66
2018-09-10,34,19,15
2018-09-10,30,10,20
2018-09-10,26,15,11
2018-09-10,33,14,19
2018-09-10,43,19,24
2018-09-10,65,20,45
2018-09-10,140,44,96
2018-09-10,194,68,126
2018-09-10,108,37,71
2018-09-10,39,23,16
2018-09-10,20,9,11
2018-09-10,13,5,8
2018-09-10,8,3,5
2018-09-10,5,3,2
2018-09-11,2,0,2
2018-09-11,5,4,1
2018-09-11,1,1,0
2018-09-11,1,0,1
2018-09-11,3,1,2
2018-09-11,13,12,1
2018-09-11,42,19,23
2018-09-11,89,48,41
2018-09-11,167,91,76
2018-09-11,90,44,46
2018-09-11,49,24,25
2018-09-11,32,15,17
2018-09-11,42,17,25
2018-09-11,49,27,22
2018-09-11,37,20,17
2018-09-11,71,20,51
2018-09-11,120,44,76
2018-09-11,216,78,138
2018-09-11,130,51,79
2018-09-11,34,17,17
2018-09-11,30,12,18
2018-09-11,19,8,11
2018-09-11,16,9,7
2018-09-11,5,4,1
2018-09-12,0,0,0
2018-09-12,3,2,1
2018-09-12,1,0,1
2018-09-12,1,1,0
2018-09-12,3,2,1
2018-09-12,17,13,4
2018-09-12,35,18,17
2018-09-12,102,57,45
2018-09-12,159,70,89
2018-09-12,89,33,56
2018-09-12,34,22,12
2018-09-12,44,24,20
2018-09-12,44,23,21
2018-09-12,44,23,21
2018-09-12,38,12,26
2018-09-12,62,21,41
2018-09-12,130,44,86
2018-09-12,183,68,115
2018-09-12,119,50,69
2018-09-12,57,31,26
2018-09-12,36,12,24
2018-09-12,16,6,10
2018-09-12,13,8,5
2018-09-12,5,2,3
2018-09-13,5,2,3
2018-09-13,1,0,1
2018-09-13,0,0,0
2018-09-13,2,2,0
2018-09-13,3,1,2
2018-09-13,15,12,3
2018-09-13,37,21,16
2018-09-13,79,49,30
2018-09-13,151,71,80
2018-09-13,85,40,45
2018-09-13,43,23,20
2018-09-13,32,14,18
2018-09-13,34,19,15
2018-09-13,43,17,26
2018-09-13,44,19,25
2018-09-13,88,26,62
2018-09-13,127,49,78
2018-09-13,185,76,109
2018-09-13,104,43,61
2018-09-13,41,22,19
2018-09-13,24,11,13
2018-09-13,6,2,4
2018-09-13,9,3,6
2018-09-13,10,7,3
2018-09-14,8,5,3
2018-09-14,1,0,1
2018-09-14,0,0,0
2018-09-14,3,3,0
2018-09-14,4,3,1
2018-09-14,9,6,3
2018-09-14,28,17,11
2018-09-14,55,36,19
2018-09-14,81,36,45
2018-09-14,61,25,36
2018-09-14,34,11,23
2018-09-14,28,16,12
2018-09-14,41,17,24
2018-09-14,49,16,33
2018-09-14,46,29,17
2018-09-14,68,21,47
2018-09-14,119,48,71
2018-09-14,130,47,83
2018-09-14,68,24,44
2018-09-14,37,17,20
2018-09-14,17,3,14
2018-09-14,7,2,5
2018-09-14,19,7,12
2018-09-14,17,10,7
2018-09-15,14,9,5
2018-09-15,7,3,4
2018-09-15,4,4,0
2018-09-15,0,0,0
2018-09-15,1,1,0
2018-09-15,3,1,2
2018-09-15,0,0,0
2018-09-15,7,5,2
2018-09-15,18,9,9
2018-09-15,14,2,12
2018-09-15,22,11,11
2018-09-15,27,17,10
2018-09-15,24,14,10
2018-09-15,25,13,12
2018-09-15,34,17,17
2018-09-15,37,16,21
2018-09-15,37,25,12
2018-09-15,22,8,14
2018-09-15,16,5,11
2018-09-15,17,6,11
2018-09-15,5,3,2
2018-09-15,8,4,4
2018-09-15,16,7,9
2018-09-15,6,1,5
2018-09-16,5,2,3
2018-09-16,6,3,3
2018-09-16,3,1,2
2018-09-16,1,1,0
2018-09-16,1,0,1
2018-09-16,0,0,0
2018-09-16,2,2,0
2018-09-16,3,2,1
2018-09-16,10,4,6
2018-09-16,5,2,3
2018-09-16,7,4,3
2018-09-16,13,6,7
2018-09-16,22,12,10
2018-09-16,18,12,6
2018-09-16,15,9,6
2018-09-16,24,12,12
2018-09-16,14,5,9
2018-09-16,35,13,22
2018-09-16,23,15,8
2018-09-16,10,2,8
2018-09-16,8,5,3
2018-09-16,4,1,3
2018-09-16,7,2,5
2018-09-16,2,1,1
2018-09-17,0,0,0
2018-09-17,2,1,1
2018-09-17,1,1,0
2018-09-17,1,1,0
2018-09-17,2,1,1
2018-09-17,13,11,2
2018-09-17,43,25,18
2018-09-17,114,59,55
2018-09-17,173,77,96
2018-09-17,109,57,52
2018-09-17,44,22,22
2018-09-17,49,23,26
2018-09-17,31,13,18
2018-09-17,45,27,18
2018-09-17,40,13,27
2018-09-17,94,32,62
2018-09-17,166,57,109
2018-09-17,221,80,141
2018-09-17,115,42,73
2018-09-17,50,25,25
2018-09-17,18,8,10
2018-09-17,10,5,5
2018-09-17,2,2,0
2018-09-17,2,0,2
2018-09-18,0,0,0
2018-09-18,2,1,1
2018-09-18,2,0,2
2018-09-18,1,0,1
2018-09-18,3,2,1
2018-09-18,18,13,5
2018-09-18,50,25,25
2018-09-18,108,57,51
2018-09-18,184,84,100
2018-09-18,104,56,48
2018-09-18,39,19,20
2018-09-18,40,18,22
2018-09-18,45,28,17
2018-09-18,53,27,26
2018-09-18,58,24,34
2018-09-18,81,28,53
2018-09-18,182,70,112
2018-09-18,221,85,136
2018-09-18,123,57,66
2018-09-18,37,11,26
2018-09-18,23,12,11
2018-09-18,24,12,12
2018-09-18,16,3,13
2018-09-18,3,1,2
2018-09-19,1,1,0
2018-09-19,6,4,2
2018-09-19,0,0,0
2018-09-19,2,0,2
2018-09-19,1,1,0
2018-09-19,10,9,1
2018-09-19,29,15,14
2018-09-19,107,58,49
2018-09-19,161,80,81
2018-09-19,103,40,63
2018-09-19,47,23,24
2018-09-19,43,20,23
2018-09-19,38,20,18
2018-09-19,39,20,19
2018-09-19,46,18,28
2018-09-19,61,22,39
2018-09-19,171,59,112
2018-09-19,241,81,160
2018-09-19,121,39,82
2018-09-19,86,29,57
2018-09-19,26,12,14
2018-09-19,16,11,5
2018-09-19,57,42,15
2018-09-19,9,3,6
2018-09-20,6,4,2
2018-09-20,1,1,0
2018-09-20,0,0,0
2018-09-20,3,1,2
2018-09-20,1,1,0
2018-09-20,14,10,4
2018-09-20,40,23,17
2018-09-20,86,45,41
2018-09-20,136,68,68
2018-09-20,86,32,54
2018-09-20,38,21,17
2018-09-20,39,18,21
2018-09-20,47,26,21
2018-09-20,56,29,27
2018-09-20,48,23,25
2018-09-20,75,30,45
2018-09-20,145,47,98
2018-09-20,185,73,112
2018-09-20,99,40,59
2018-09-20,62,31,31
2018-09-20,24,11,13
2018-09-20,13,7,6
2018-09-20,9,2,7
2018-09-20,9,6,3
2018-09-21,3,2,1
2018-09-21,2,0,2
2018-09-21,4,1,3
2018-09-21,1,1,0
2018-09-21,3,3,0
2018-09-21,14,10,4
2018-09-21,34,16,18
2018-09-21,87,49,38
2018-09-21,133,57,76
2018-09-21,96,35,61
2018-09-21,37,14,23
2018-09-21,42,21,21
2018-09-21,56,24,32
2018-09-21,58,30,28
2018-09-21,55,21,34
2018-09-21,122,50,72
2018-09-21,135,50,85
2018-09-21,177,64,113
2018-09-21,88,35,53
2018-09-21,35,9,26
2018-09-21,21,8,13
2018-09-21,17,10,7
2018-09-21,10,5,5
2018-09-21,6,4,2
2018-09-22,6,2,4
2018-09-22,2,1,1
2018-09-22,8,3,5
2018-09-22,2,2,0
2018-09-22,3,1,2
2018-09-22,2,2,0
2018-09-22,4,2,2
2018-09-22,9,7,2
2018-09-22,14,6,8
2018-09-22,16,6,10
2018-09-22,22,18,4
2018-09-22,17,11,6
2018-09-22,29,16,13
2018-09-22,32,16,16
2018-09-22,33,13,20
2018-09-22,32,14,18
2018-09-22,50,30,20
2018-09-22,38,22,16
2018-09-22,25,9,16
2018-09-22,23,10,13
2018-09-22,13,3,10
2018-09-22,7,4,3
2018-09-22,12,3,9
2018-09-22,21,9,12
2018-09-23,8,2,6
2018-09-23,1,1,0
2018-09-23,3,2,1
2018-09-23,0,0,0
2018-09-23,0,0,0
2018-09-23,1,1,0
2018-09-23,5,3,2
2018-09-23,8,2,6
2018-09-23,14,7,7
2018-09-23,28,8,20
2018-09-23,26,13,13
2018-09-23,53,12,41
2018-09-23,41,12,29
2018-09-23,29,12,17
2018-09-23,32,20,12
2018-09-23,34,19,15
2018-09-23,67,45,22
2018-09-23,42,25,17
2018-09-23,30,17,13
2018-09-23,21,14,7
2018-09-23,1,0,1
2018-09-23,12,8,4
2018-09-23,9,4,5
2018-09-23,1,0,1
2018-09-24,2,0,2
2018-09-24,1,1,0
2018-09-24,1,0,1
2018-09-24,1,1,0
2018-09-24,2,1,1
2018-09-24,18,12,6
2018-09-24,52,26,26
2018-09-24,102,54,48
2018-09-24,197,95,102
2018-09-24,101,53,48
2018-09-24,61,30,31
2018-09-24,39,22,17
2018-09-24,40,17,23
2018-09-24,37,23,14
2018-09-24,47,15,32
2018-09-24,75,33,42
2018-09-24,155,64,91
2018-09-24,261,86,175
2018-09-24,112,44,68
2018-09-24,42,21,21
2018-09-24,28,16,12
2018-09-24,20,15,5
2018-09-24,20,11,9
2018-09-24,9,4,5
2018-09-25,6,2,4
2018-09-25,1,0,1
2018-09-25,0,0,0
2018-09-25,3,2,1
2018-09-25,1,1,0
2018-09-25,15,12,3
2018-09-25,52,23,29
2018-09-25,111,64,47
2018-09-25,180,82,98
2018-09-25,95,42,53
2018-09-25,44,21,23
2018-09-25,62,30,32
2018-09-25,57,26,31
2018-09-25,50,27,23
2018-09-25,40,19,21
2018-09-25,80,26,54
2018-09-25,165,62,103
2018-09-25,259,105,154
2018-09-25,127,55,72
2018-09-25,32,6,26
2018-09-25,20,7,13
2018-09-25,12,2,10
2018-09-25,13,7,6
2018-09-25,11,8,3
2018-09-26,3,2,1
2018-09-26,1,1,0
2018-09-26,1,1,0
2018-09-26,2,1,1
2018-09-26,2,2,0
2018-09-26,18,13,5
2018-09-26,42,20,22
2018-09-26,101,55,46
2018-09-26,166,83,83
2018-09-26,108,55,53
2018-09-26,47,23,24
2018-09-26,51,22,29
2018-09-26,41,22,19
2018-09-26,52,23,29
2018-09-26,50,19,31
2018-09-26,74,31,43
2018-09-26,163,52,111
2018-09-26,224,81,143
2018-09-26,116,41,75
2018-09-26,33,14,19
2018-09-26,22,11,11
2018-09-26,22,11,11
2018-09-26,11,8,3
2018-09-26,7,3,4
2018-09-27,1,1,0
2018-09-27,1,0,1
2018-09-27,3,3,0
2018-09-27,3,1,2
2018-09-27,0,0,0
2018-09-27,18,13,5
2018-09-27,48,20,28
2018-09-27,101,55,46
2018-09-27,154,86,68
2018-09-27,99,38,61
2018-09-27,33,12,21
2018-09-27,51,19,32
2018-09-27,66,39,27
2018-09-27,43,22,21
2018-09-27,46,20,26
2018-09-27,76,34,42
2018-09-27,164,64,100
2018-09-27,249,106,143
2018-09-27,119,44,75
2018-09-27,45,17,28
2018-09-27,22,10,12
2018-09-27,10,4,6
2018-09-27,12,8,4
2018-09-27,7,2,5
2018-09-28,4,2,2
2018-09-28,7,4,3
2018-09-28,2,1,1
2018-09-28,0,0,0
2018-09-28,4,2,2
2018-09-28,13,8,5
2018-09-28,42,24,18
2018-09-28,91,49,42
2018-09-28,158,76,82
2018-09-28,101,42,59
2018-09-28,41,20,21
2018-09-28,50,26,24
2018-09-28,67,42,25
2018-09-28,57,26,31
2018-09-28,74,37,37
2018-09-28,100,35,65
2018-09-28,156,51,105
2018-09-28,180,73,107
2018-09-28,93,32,61
2018-09-28,49,21,28
2018-09-28,17,7,10
2018-09-28,17,12,5
2018-09-28,19,8,11
2018-09-28,19,14,5
2018-09-29,10,5,5
2018-09-29,13,7,6
2018-09-29,1,0,1
2018-09-29,2,1,1
2018-09-29,1,0,1
2018-09-29,2,1,1
2018-09-29,4,4,0
2018-09-29,6,4,2
2018-09-29,17,9,8
2018-09-29,23,11,12
2018-09-29,27,15,12
2018-09-29,60,20,40
2018-09-29,86,15,71
2018-09-29,62,27,35
2018-09-29,32,21,11
2018-09-29,105,75,30
2018-09-29,51,30,21
2018-09-29,32,10,22
2018-09-29,34,13,21
2018-09-29,13,5,8
2018-09-29,8,7,1
2018-09-29,9,3,6
2018-09-29,10,1,9
2018-09-29,6,2,4
2018-09-30,5,2,3
2018-09-30,4,4,0
2018-09-30,4,2,2
2018-09-30,3,1,2
2018-09-30,1,0,1
2018-09-30,1,1,0
2018-09-30,3,3,0
2018-09-30,6,3,3
2018-09-30,9,5,4
2018-09-30,20,8,12
2018-09-30,16,10,6
2018-09-30,37,13,24
2018-09-30,33,14,19
2018-09-30,31,12,19
2018-09-30,24,9,15
2018-09-30,19,12,7
2018-09-30,31,16,15
2018-09-30,27,12,15
2018-09-30,22,9,13
2018-09-30,14,6,8
2018-09-30,9,4,5
2018-09-30,9,5,4
2018-09-30,5,2,3
2018-09-30,1,1,0
2018-10-01,3,0,3
2018-10-01,1,1,0
2018-10-01,0,0,0
2018-10-01,0,0,0
2018-10-01,3,2,1
2018-10-01,11,8,3
2018-10-01,33,16,17
2018-10-01,86,53,33
2018-10-01,152,78,74
2018-10-01,80,41,39
2018-10-01,33,15,18
2018-10-01,15,7,8
2018-10-01,36,20,16
2018-10-01,25,13,12
2018-10-01,34,13,21
2018-10-01,49,12,37
2018-10-01,111,41,70
2018-10-01,160,43,117
2018-10-01,75,32,43
2018-10-01,28,11,17
2018-10-01,15,5,10
2018-10-01,7,3,4
2018-10-01,6,1,5
2018-10-01,3,2,1
2018-10-02,0,0,0
2018-10-02,0,0,0
2018-10-02,3,3,0
2018-10-02,1,0,1
2018-10-02,1,0,1
2018-10-02,22,19,3
2018-10-02,44,22,22
2018-10-02,85,47,38
2018-10-02,156,80,76
2018-10-02,83,37,46
2018-10-02,35,10,25
2018-10-02,36,18,18
2018-10-02,48,28,20
2018-10-02,21,10,11
2018-10-02,38,14,24
2018-10-02,82,31,51
2018-10-02,138,52,86
2018-10-02,206,85,121
2018-10-02,79,31,48
2018-10-02,28,12,16
2018-10-02,9,5,4
2018-10-02,11,5,6
2018-10-02,5,0,5
2018-10-02,3,1,2
2018-10-03,1,0,1
2018-10-03,2,1,1
2018-10-03,1,1,0
2018-10-03,2,1,1
2018-10-03,3,2,1
2018-10-03,19,14,5
2018-10-03,52,28,24
2018-10-03,112,56,56
2018-10-03,146,78,68
2018-10-03,82,39,43
2018-10-03,36,15,21
2018-10-03,33,20,13
2018-10-03,37,16,21
2018-10-03,39,17,22
2018-10-03,40,13,27
2018-10-03,77,31,46
2018-10-03,144,50,94
2018-10-03,235,91,144
2018-10-03,104,37,67
2018-10-03,31,12,19
2018-10-03,19,6,13
2018-10-03,11,4,7
2018-10-03,15,3,12
2018-10-03,8,4,4
2018-10-04,2,1,1
2018-10-04,0,0,0
2018-10-04,1,0,1
2018-10-04,2,1,1
2018-10-04,3,1,2
2018-10-04,21,17,4
2018-10-04,35,13,22
2018-10-04,93,56,37
2018-10-04,146,65,81
2018-10-04,93,43,50
2018-10-04,41,18,23
2018-10-04,41,24,17
2018-10-04,31,17,14
2018-10-04,39,20,19
2018-10-04,54,23,31
2018-10-04,76,28,48
2018-10-04,155,64,91
2018-10-04,231,61,170
2018-10-04,129,55,74
2018-10-04,74,33,41
2018-10-04,36,18,18
2018-10-04,15,7,8
2018-10-04,9,4,5
2018-10-04,3,2,1
2018-10-05,25,21,4
2018-10-05,6,3,3
2018-10-05,2,1,1
2018-10-05,1,1,0
2018-10-05,0,0,0
2018-10-05,10,6,4
2018-10-05,16,9,7
2018-10-05,63,43,20
2018-10-05,106,51,55
2018-10-05,54,24,30
2018-10-05,20,11,9
2018-10-05,26,12,14
2018-10-05,30,20,10
2018-10-05,29,16,13
2018-10-05,43,18,25
2018-10-05,49,16,33
2018-10-05,86,31,55
2018-10-05,97,29,68
2018-10-05,45,18,27
2018-10-05,32,16,16
2018-10-05,9,5,4
2018-10-05,13,5,8
2018-10-05,6,3,3
2018-10-05,4,1,3
2018-10-06,2,1,1
2018-10-06,4,3,1
2018-10-06,0,0,0
2018-10-06,0,0,0
2018-10-06,1,1,0
2018-10-06,1,0,1
2018-10-06,5,2,3
2018-10-06,10,6,4
2018-10-06,14,4,10
2018-10-06,18,8,10
2018-10-06,7,4,3
2018-10-06,20,9,11
2018-10-06,35,26,9
2018-10-06,21,6,15
2018-10-06,41,13,28
2018-10-06,25,12,13
2018-10-06,28,14,14
2018-10-06,22,8,14
2018-10-06,25,14,11
2018-10-06,8,3,5
2018-10-06,12,6,6
2018-10-06,12,5,7
2018-10-06,8,1,7
2018-10-06,5,1,4
2018-10-07,6,3,3
2018-10-07,4,3,1
2018-10-07,2,2,0
2018-10-07,1,1,0
2018-10-07,0,0,0
2018-10-07,1,0,1
2018-10-07,2,2,0
2018-10-07,5,2,3
2018-10-07,8,3,5
2018-10-07,19,8,11
2018-10-07,9,6,3
2018-10-07,22,10,12
2018-10-07,30,14,16
2018-10-07,16,5,11
2018-10-07,14,7,7
2018-10-07,18,8,10
2018-10-07,35,25,10
2018-10-07,51,36,15
2018-10-07,20,12,8
2018-10-07,22,12,10
2018-10-07,4,2,2
2018-10-07,4,1,3
2018-10-07,5,3,2
2018-10-07,4,3,1
2018-10-08,3,3,0
2018-10-08,0,0,0
2018-10-08,0,0,0
2018-10-08,1,0,1
2018-10-08,1,0,1
2018-10-08,12,8,4
2018-10-08,29,18,11
2018-10-08,71,38,33
2018-10-08,115,63,52
2018-10-08,65,29,36
2018-10-08,32,15,17
2018-10-08,28,12,16
2018-10-08,23,14,9
2018-10-08,24,12,12
2018-10-08,28,10,18
2018-10-08,44,10,34
2018-10-08,91,29,62
2018-10-08,153,51,102
2018-10-08,87,33,54
2018-10-08,33,19,14
2018-10-08,9,3,6
2018-10-08,23,17,6
2018-10-08,10,6,4
2018-10-08,4,2,2
2018-10-09,0,0,0
2018-10-09,1,1,0
2018-10-09,0,0,0
2018-10-09,2,0,2
2018-10-09,2,1,1
2018-10-09,13,8,5
2018-10-09,34,18,16
2018-10-09,89,54,35
2018-10-09,142,78,64
2018-10-09,82,34,48
2018-10-09,32,13,19
2018-10-09,43,19,24
2018-10-09,36,21,15
2018-10-09,27,14,13
2018-10-09,42,22,20
2018-10-09,60,14,46
2018-10-09,138,57,81
2018-10-09,177,68,109
2018-10-09,99,39,60
2018-10-09,37,17,20
2018-10-09,15,8,7
2018-10-09,15,8,7
2018-10-09,12,4,8
2018-10-09,4,3,1
2018-10-10,2,0,2
2018-10-10,2,2,0
2018-10-10,0,0,0
2018-10-10,1,0,1
2018-10-10,4,2,2
2018-10-10,16,13,3
2018-10-10,40,18,22
2018-10-10,103,63,40
2018-10-10,158,82,76
2018-10-10,80,31,49
2018-10-10,47,11,36
2018-10-10,39,20,19
2018-10-10,43,15,28
2018-10-10,35,16,19
2018-10-10,46,22,24
2018-10-10,78,25,53
2018-10-10,152,52,100
2018-10-10,225,82,143
2018-10-10,112,40,72
2018-10-10,48,18,30
2018-10-10,23,9,14
2018-10-10,15,6,9
2018-10-10,10,4,6
2018-10-10,9,1,8
2018-10-11,4,4,0
2018-10-11,0,0,0
2018-10-11,0,0,0
2018-10-11,4,2,2
2018-10-11,1,1,0
2018-10-11,17,16,1
2018-10-11,36,17,19
2018-10-11,110,61,49
2018-10-11,152,72,80
2018-10-11,75,32,43
2018-10-11,36,14,22
2018-10-11,49,28,21
2018-10-11,34,15,19
2018-10-11,31,12,19
2018-10-11,41,20,21
2018-10-11,67,22,45
2018-10-11,150,50,100
2018-10-11,220,87,133
2018-10-11,98,47,51
2018-10-11,40,20,20
2018-10-11,10,3,7
2018-10-11,19,11,8
2018-10-11,10,7,3
2018-10-11,4,2,2
2018-10-12,7,2,5
2018-10-12,2,2,0
2018-10-12,2,0,2
2018-10-12,1,1,0
2018-10-12,0,0,0
2018-10-12,14,10,4
2018-10-12,30,22,8
2018-10-12,79,50,29
2018-10-12,129,53,76
2018-10-12,89,40,49
2018-10-12,40,13,27
2018-10-12,48,26,22
2018-10-12,47,21,26
2018-10-12,48,15,33
2018-10-12,45,19,26
2018-10-12,82,32,50
2018-10-12,156,60,96
2018-10-12,172,64,108
2018-10-12,71,29,42
2018-10-12,27,18,9
2018-10-12,15,4,11
2018-10-12,17,7,10
2018-10-12,7,2,5
2018-10-12,9,4,5
2018-10-13,2,1,1
2018-10-13,2,1,1
2018-10-13,1,0,1
2018-10-13,1,1,0
2018-10-13,1,1,0
2018-10-13,1,0,1
2018-10-13,5,4,1
2018-10-13,7,6,1
2018-10-13,15,6,9
2018-10-13,26,12,14
2018-10-13,13,5,8
2018-10-13,29,12,17
2018-10-13,31,10,21
2018-10-13,40,17,23
2018-10-13,27,11,16
2018-10-13,39,19,20
2018-10-13,39,19,20
2018-10-13,38,16,22
2018-10-13,18,6,12
2018-10-13,10,6,4
2018-10-13,18,4,14
2018-10-13,15,7,8
2018-10-13,18,7,11
2018-10-13,8,4,4
2018-10-14,11,9,2
2018-10-14,5,4,1
2018-10-14,5,4,1
2018-10-14,0,0,0
2018-10-14,0,0,0
2018-10-14,0,0,0
2018-10-14,0,0,0
2018-10-14,4,3,1
2018-10-14,8,6,2
2018-10-14,7,2,5
2018-10-14,12,7,5
2018-10-14,27,13,14
2018-10-14,20,8,12
2018-10-14,33,12,21
2018-10-14,29,15,14
2018-10-14,35,17,18
2018-10-14,33,18,15
2018-10-14,20,8,12
2018-10-14,19,8,11
2018-10-14,18,6,12
2018-10-14,7,0,7
2018-10-14,3,3,0
2018-10-14,1,1,0
2018-10-14,4,2,2
2018-10-15,3,1,2
2018-10-15,2,1,1
2018-10-15,1,1,0
2018-10-15,1,0,1
2018-10-15,2,2,0
2018-10-15,13,13,0
2018-10-15,38,14,24
2018-10-15,100,59,41
2018-10-15,175,84,91
2018-10-15,86,36,50
2018-10-15,35,16,19
2018-10-15,30,17,13
2018-10-15,37,16,21
2018-10-15,41,20,21
2018-10-15,38,18,20
2018-10-15,69,24,45
2018-10-15,156,56,100
2018-10-15,219,83,136
2018-10-15,94,38,56
2018-10-15,32,14,18
2018-10-15,14,4,10
2018-10-15,9,3,6
2018-10-15,5,3,2
2018-10-15,7,5,2
2018-10-16,6,2,4
2018-10-16,0,0,0
2018-10-16,1,1,0
2018-10-16,1,0,1
2018-10-16,2,1,1
2018-10-16,19,14,5
2018-10-16,43,25,18
2018-10-16,116,64,52
2018-10-16,160,80,80
2018-10-16,99,37,62
2018-10-16,44,18,26
2018-10-16,46,23,23
2018-10-16,38,18,20
2018-10-16,35,15,20
2018-10-16,38,17,21
2018-10-16,83,32,51
2018-10-16,151,50,101
2018-10-16,227,100,127
2018-10-16,113,35,78
2018-10-16,32,16,16
2018-10-16,24,12,12
2018-10-16,10,6,4
2018-10-16,3,2,1
2018-10-16,7,3,4
2018-10-17,5,3,2
2018-10-17,4,3,1
2018-10-17,0,0,0
2018-10-17,1,0,1
2018-10-17,2,1,1
2018-10-17,20,17,3
2018-10-17,44,16,28
2018-10-17,108,59,49
2018-10-17,158,80,78
2018-10-17,95,41,54
2018-10-17,54,25,29
2018-10-17,49,24,25
2018-10-17,47,26,21
2018-10-17,59,29,30
2018-10-17,54,15,39
2018-10-17,83,34,49
2018-10-17,164,62,102
2018-10-17,228,93,135
2018-10-17,105,38,67
2018-10-17,36,13,23
2018-10-17,27,8,19
2018-10-17,22,15,7
2018-10-17,8,5,3
2018-10-17,7,0,7
2018-10-18,1,0,1
2018-10-18,2,0,2
2018-10-18,1,1,0
2018-10-18,1,0,1
2018-10-18,1,1,0
2018-10-18,13,12,1
2018-10-18,38,19,19
2018-10-18,94,57,37
2018-10-18,156,69,87
2018-10-18,80,33,47
2018-10-18,37,22,15
2018-10-18,46,23,23
2018-10-18,41,16,25
2018-10-18,44,18,26
2018-10-18,47,25,22
2018-10-18,76,24,52
2018-10-18,144,49,95
2018-10-18,194,74,120
2018-10-18,103,43,60
2018-10-18,44,24,20
2018-10-18,21,6,15
2018-10-18,14,3,11
2018-10-18,10,1,9
2018-10-18,2,1,1
2018-10-19,1,1,0
2018-10-19,3,1,2
2018-10-19,1,0,1
2018-10-19,2,1,1
2018-10-19,1,1,0
2018-10-19,11,8,3
2018-10-19,36,16,20
2018-10-19,89,52,37
2018-10-19,103,34,69
2018-10-19,73,9,64
2018-10-19,35,11,24
2018-10-19,51,28,23
2018-10-19,43,27,16
2018-10-19,41,17,24
2018-10-19,56,29,27
2018-10-19,90,38,52
2018-10-19,154,68,86
2018-10-19,167,61,106
2018-10-19,64,30,34
2018-10-19,32,12,20
2018-10-19,14,6,8
2018-10-19,12,4,8
2018-10-19,9,2,7
2018-10-19,5,0,5
2018-10-20,4,3,1
2018-10-20,5,3,2
2018-10-20,0,0,0
2018-10-20,3,1,2
2018-10-20,0,0,0
2018-10-20,1,0,1
2018-10-20,4,4,0
2018-10-20,7,5,2
2018-10-20,14,9,5
2018-10-20,14,6,8
2018-10-20,11,6,5
2018-10-20,33,22,11
2018-10-20,30,16,14
2018-10-20,31,12,19
2018-10-20,28,14,14
2018-10-20,31,14,17
2018-10-20,39,12,27
2018-10-20,25,7,18
2018-10-20,37,14,23
2018-10-20,20,5,15
2018-10-20,13,10,3
2018-10-20,13,4,9
2018-10-20,11,6,5
2018-10-20,9,5,4
2018-10-21,10,4,6
2018-10-21,4,3,1
2018-10-21,3,2,1
2018-10-21,5,4,1
2018-10-21,1,0,1
2018-10-21,3,1,2
2018-10-21,6,2,4
2018-10-21,1,1,0
2018-10-21,7,6,1
2018-10-21,7,4,3
2018-10-21,14,5,9
2018-10-21,28,14,14
2018-10-21,16,5,11
2018-10-21,24,8,16
2018-10-21,20,7,13
2018-10-21,20,11,9
2018-10-21,24,9,15
2018-10-21,25,9,16
2018-10-21,16,9,7
2018-10-21,8,6,2
2018-10-21,9,4,5
2018-10-21,9,2,7
2018-10-21,8,2,6
2018-10-21,5,3,2
2018-10-22,2,1,1
2018-10-22,1,1,0
2018-10-22,1,0,1
2018-10-22,1,0,1
2018-10-22,2,0,2
2018-10-22,13,9,4
2018-10-22,44,24,20
2018-10-22,90,45,45
2018-10-22,147,70,77
2018-10-22,82,37,45
2018-10-22,36,12,24
2018-10-22,24,12,12
2018-10-22,31,16,15
2018-10-22,31,23,8
2018-10-22,37,17,20
2018-10-22,85,36,49
2018-10-22,128,39,89
2018-10-22,183,65,118
2018-10-22,104,36,68
2018-10-22,20,10,10
2018-10-22,9,6,3
2018-10-22,14,8,6
2018-10-22,5,1,4
2018-10-22,6,2,4
2018-10-23,1,1,0
2018-10-23,2,1,1
2018-10-23,0,0,0
2018-10-23,1,0,1
2018-10-23,2,0,2
2018-10-23,10,8,2
2018-10-23,40,21,19
2018-10-23,92,57,35
2018-10-23,136,63,73
2018-10-23,78,33,45
2018-10-23,40,18,22
2018-10-23,30,18,12
2018-10-23,39,24,15
2018-10-23,31,17,14
2018-10-23,42,18,24
2018-10-23,69,20,49
2018-10-23,130,47,83
2018-10-23,189,69,120
2018-10-23,91,32,59
2018-10-23,27,13,14
2018-10-23,16,9,7
2018-10-23,8,4,4
2018-10-23,8,1,7
2018-10-23,7,4,3
2018-10-24,3,1,2
2018-10-24,1,0,1
2018-10-24,0,0,0
2018-10-24,1,0,1
2018-10-24,1,1,0
2018-10-24,11,10,1
2018-10-24,37,15,22
2018-10-24,90,54,36
2018-10-24,151,68,83
2018-10-24,62,30,32
2018-10-24,30,12,18
2018-10-24,35,17,18
2018-10-24,36,16,20
2018-10-24,37,14,23
2018-10-24,46,15,31
2018-10-24,63,23,40
2018-10-24,132,48,84
2018-10-24,191,74,117
2018-10-24,89,34,55
2018-10-24,30,7,23
2018-10-24,24,11,13
2018-10-24,11,2,9
2018-10-24,8,5,3
2018-10-24,5,4,1
2018-10-25,2,1,1
2018-10-25,5,1,4
2018-10-25,0,0,0
2018-10-25,1,0,1
2018-10-25,2,1,1
2018-10-25,12,9,3
2018-10-25,33,15,18
2018-10-25,63,33,30
2018-10-25,111,54,57
2018-10-25,62,28,34
2018-10-25,19,5,14
2018-10-25,25,15,10
2018-10-25,22,11,11
2018-10-25,26,13,13
2018-10-25,34,11,23
2018-10-25,47,18,29
2018-10-25,117,50,67
2018-10-25,138,52,86
2018-10-25,66,27,39
2018-10-25,26,15,11
2018-10-25,17,9,8
2018-10-25,15,6,9
2018-10-25,3,2,1
2018-10-25,8,2,6
2018-10-26,2,1,1
2018-10-26,1,0,1
2018-10-26,1,0,1
2018-10-26,0,0,0
2018-10-26,1,1,0
2018-10-26,7,5,2
2018-10-26,23,9,14
2018-10-26,73,46,27
2018-10-26,98,48,50
2018-10-26,63,27,36
2018-10-26,27,10,17
2018-10-26,49,26,23
2018-10-26,38,20,18
2018-10-26,39,22,17
2018-10-26,49,20,29
2018-10-26,75,23,52
2018-10-26,128,53,75
2018-10-26,142,45,97
2018-10-26,50,12,38
2018-10-26,31,14,17
2018-10-26,11,8,3
2018-10-26,11,3,8
2018-10-26,4,2,2
2018-10-26,6,2,4
2018-10-27,8,4,4
2018-10-27,5,3,2
2018-10-27,7,3,4
2018-10-27,6,4,2
2018-10-27,0,0,0
2018-10-27,0,0,0
2018-10-27,9,9,0
2018-10-27,5,3,2
2018-10-27,12,9,3
2018-10-27,11,8,3
2018-10-27,13,8,5
2018-10-27,18,10,8
2018-10-27,17,6,11
2018-10-27,28,14,14
2018-10-27,43,18,25
2018-10-27,29,14,15
2018-10-27,10,3,7
2018-10-27,16,7,9
2018-10-27,11,4,7
2018-10-27,3,1,2
2018-10-27,1,1,0
2018-10-27,4,2,2
2018-10-27,0,0,0
2018-10-27,3,0,3
2018-10-28,2,1,1
2018-10-28,1,1,0
2018-10-28,6,5,1
2018-10-28,1,0,1
2018-10-28,0,0,0
2018-10-28,0,0,0
2018-10-28,5,4,1
2018-10-28,4,2,2
2018-10-28,3,2,1
2018-10-28,10,7,3
2018-10-28,15,8,7
2018-10-28,13,2,11
2018-10-28,22,4,18
2018-10-28,43,14,29
2018-10-28,18,9,9
2018-10-28,20,17,3
2018-10-28,15,7,8
2018-10-28,20,13,7
2018-10-28,5,2,3
2018-10-28,5,2,3
2018-10-28,4,1,3
2018-10-28,5,2,3
2018-10-28,1,0,1
2018-10-28,2,2,0
2018-10-29,3,0,3
2018-10-29,1,1,0
2018-10-29,0,0,0
2018-10-29,1,0,1
2018-10-29,3,3,0
2018-10-29,14,13,1
2018-10-29,32,13,19
2018-10-29,83,46,37
2018-10-29,135,61,74
2018-10-29,68,33,35
2018-10-29,27,7,20
2018-10-29,36,20,16
2018-10-29,32,18,14
2018-10-29,26,16,10
2018-10-29,18,6,12
2018-10-29,62,17,45
2018-10-29,112,43,69
2018-10-29,169,54,115
2018-10-29,74,28,46
2018-10-29,25,14,11
2018-10-29,12,7,5
2018-10-29,7,2,5
2018-10-29,1,0,1
2018-10-29,5,3,2
2018-10-30,0,0,0
2018-10-30,1,0,1
2018-10-30,1,1,0
2018-10-30,3,0,3
2018-10-30,2,1,1
2018-10-30,18,13,5
2018-10-30,39,17,22
2018-10-30,91,50,41
2018-10-30,147,71,76
2018-10-30,90,42,48
2018-10-30,33,17,16
2018-10-30,44,22,22
2018-10-30,32,16,16
2018-10-30,34,21,13
2018-10-30,41,14,27
2018-10-30,56,16,40
2018-10-30,119,51,68
2018-10-30,208,74,134
2018-10-30,80,29,51
2018-10-30,18,5,13
2018-10-30,16,4,12
2018-10-30,5,2,3
2018-10-30,8,1,7
2018-10-30,2,1,1
2018-10-31,1,0,1
2018-10-31,2,1,1
2018-10-31,2,1,1
2018-10-31,2,0,2
2018-10-31,2,1,1
2018-10-31,15,12,3
2018-10-31,28,11,17
2018-10-31,78,44,34
2018-10-31,113,59,54
2018-10-31,73,29,44
2018-10-31,35,22,13
2018-10-31,31,16,15
2018-10-31,41,20,21
2018-10-31,38,20,18
2018-10-31,35,11,24
2018-10-31,80,24,56
2018-10-31,111,38,73
2018-10-31,146,55,91
2018-10-31,50,18,32
2018-10-31,23,7,16
2018-10-31,10,7,3
2018-10-31,10,6,4
2018-10-31,5,2,3
2018-10-31,2,2,0
2018-11-01,0,0,0
2018-11-01,3,2,1
2018-11-01,1,0,1
2018-11-01,0,0,0
2018-11-01,2,1,1
2018-11-01,15,12,3
2018-11-01,35,10,25
2018-11-01,87,58,29
2018-11-01,113,57,56
2018-11-01,70,29,41
2018-11-01,33,17,16
2018-11-01,31,21,10
2018-11-01,32,18,14
2018-11-01,29,9,20
2018-11-01,42,18,24
2018-11-01,62,13,49
2018-11-01,118,39,79
2018-11-01,173,66,107
2018-11-01,82,28,54
2018-11-01,39,9,30
2018-11-01,20,7,13
2018-11-01,8,4,4
2018-11-01,12,5,7
2018-11-01,2,1,1
2018-11-02,4,4,0
2018-11-02,1,0,1
2018-11-02,2,1,1
2018-11-02,1,0,1
2018-11-02,2,2,0
2018-11-02,11,8,3
2018-11-02,25,11,14
2018-11-02,55,36,19
2018-11-02,115,48,67
2018-11-02,68,26,42
2018-11-02,26,10,16
2018-11-02,24,15,9
2018-11-02,33,16,17
2018-11-02,29,14,15
2018-11-02,41,13,28
2018-11-02,69,23,46
2018-11-02,126,49,77
2018-11-02,140,54,86
2018-11-02,51,20,31
2018-11-02,18,8,10
2018-11-02,19,6,13
2018-11-02,6,2,4
2018-11-02,5,1,4
2018-11-02,11,4,7
2018-11-03,9,7,2
2018-11-03,5,1,4
2018-11-03,4,3,1
2018-11-03,3,2,1
2018-11-03,0,0,0
2018-11-03,0,0,0
2018-11-03,7,4,3
2018-11-03,8,4,4
2018-11-03,13,7,6
2018-11-03,13,9,4
2018-11-03,19,12,7
2018-11-03,8,2,6
2018-11-03,18,14,4
2018-11-03,18,8,10
2018-11-03,9,1,8
2018-11-03,11,5,6
2018-11-03,21,7,14
2018-11-03,11,5,6
2018-11-03,12,4,8
2018-11-03,14,8,6
2018-11-03,3,0,3
2018-11-03,6,3,3
2018-11-03,6,3,3
2018-11-03,3,2,1
2018-11-04,10,4,6
2018-11-04,4,1,3
2018-11-04,1,0,1
2018-11-04,1,1,0
2018-11-04,0,0,0
2018-11-04,2,0,2
2018-11-04,4,3,1
2018-11-04,9,3,6
2018-11-04,10,6,4
2018-11-04,17,9,8
2018-11-04,29,15,14
2018-11-04,37,16,21
2018-11-04,55,20,35
2018-11-04,28,14,14
2018-11-04,26,14,12
2018-11-04,24,15,9
2018-11-04,43,30,13
2018-11-04,37,23,14
2018-11-04,17,8,9
2018-11-04,7,4,3
2018-11-04,3,0,3
2018-11-04,2,2,0
2018-11-04,5,3,2
2018-11-04,5,3,2
2018-11-05,2,0,2
2018-11-05,1,0,1
2018-11-05,0,0,0
2018-11-05,0,0,0
2018-11-05,0,0,0
2018-11-05,3,2,1
2018-11-05,55,31,24
2018-11-05,91,59,32
2018-11-05,118,63,55
2018-11-05,65,29,36
2018-11-05,49,21,28
2018-11-05,32,15,17
2018-11-05,43,23,20
2018-11-05,35,19,16
2018-11-05,34,13,21
2018-11-05,66,22,44
2018-11-05,121,37,84
2018-11-05,168,69,99
2018-11-05,73,22,51
2018-11-05,20,12,8
2018-11-05,6,1,5
2018-11-05,7,4,3
2018-11-05,2,1,1
2018-11-05,6,1,5
2018-11-06,4,3,1
2018-11-06,3,0,3
2018-11-06,0,0,0
2018-11-06,1,0,1
2018-11-06,1,0,1
2018-11-06,10,9,1
2018-11-06,41,23,18
2018-11-06,90,52,38
2018-11-06,126,61,65
2018-11-06,78,31,47
2018-11-06,34,18,16
2018-11-06,44,25,19
2018-11-06,45,21,24
2018-11-06,37,18,19
2018-11-06,37,17,20
2018-11-06,64,24,40
2018-11-06,148,45,103
2018-11-06,200,72,128
2018-11-06,82,32,50
2018-11-06,22,12,10
2018-11-06,17,3,14
2018-11-06,15,6,9
2018-11-06,7,4,3
2018-11-06,1,1,0
2018-11-07,2,1,1
2018-11-07,2,1,1
2018-11-07,0,0,0
2018-11-07,2,0,2
2018-11-07,5,4,1
2018-11-07,18,12,6
2018-11-07,33,22,11
2018-11-07,82,42,40
2018-11-07,136,68,68
2018-11-07,64,28,36
2018-11-07,41,19,22
2018-11-07,55,34,21
2018-11-07,46,19,27
2018-11-07,34,15,19
2018-11-07,40,17,23
2018-11-07,65,21,44
2018-11-07,137,53,84
2018-11-07,170,63,107
2018-11-07,86,41,45
2018-11-07,36,17,19
2018-11-07,25,11,14
2018-11-07,8,6,2
2018-11-07,8,5,3
2018-11-07,7,2,5
2018-11-08,2,0,2
2018-11-08,2,1,1
2018-11-08,4,1,3
2018-11-08,0,0,0
2018-11-08,2,0,2
2018-11-08,17,16,1
2018-11-08,30,16,14
2018-11-08,77,46,31
2018-11-08,121,57,64
2018-11-08,82,41,41
2018-11-08,34,14,20
2018-11-08,42,21,21
2018-11-08,40,20,20
2018-11-08,52,22,30
2018-11-08,48,15,33
2018-11-08,82,24,58
2018-11-08,154,55,99
2018-11-08,207,64,143
2018-11-08,77,38,39
2018-11-08,50,22,28
2018-11-08,10,6,4
2018-11-08,12,8,4
2018-11-08,53,44,9
2018-11-08,26,21,5
2018-11-09,4,3,1
2018-11-09,5,2,3
2018-11-09,0,0,0
2018-11-09,0,0,0
2018-11-09,1,1,0
2018-11-09,9,8,1
2018-11-09,26,17,9
2018-11-09,71,41,30
2018-11-09,102,53,49
2018-11-09,60,32,28
2018-11-09,29,15,14
2018-11-09,29,16,13
2018-11-09,34,18,16
2018-11-09,31,15,16
2018-11-09,44,19,25
2018-11-09,79,25,54
2018-11-09,115,37,78
2018-11-09,133,45,88
2018-11-09,47,13,34
2018-11-09,18,8,10
2018-11-09,11,5,6
2018-11-09,6,4,2
2018-11-09,14,8,6
2018-11-09,6,1,5
2018-11-10,5,1,4
2018-11-10,3,0,3
2018-11-10,0,0,0
2018-11-10,1,1,0
2018-11-10,0,0,0
2018-11-10,1,1,0
2018-11-10,3,2,1
2018-11-10,7,4,3
2018-11-10,15,8,7
2018-11-10,14,5,9
2018-11-10,17,9,8
2018-11-10,20,11,9
2018-11-10,31,12,19
2018-11-10,35,23,12
2018-11-10,38,12,26
2018-11-10,30,8,22
2018-11-10,34,15,19
2018-11-10,26,17,9
2018-11-10,12,4,8
2018-11-10,10,6,4
2018-11-10,8,3,5
2018-11-10,10,6,4
2018-11-10,4,2,2
2018-11-10,4,0,4
2018-11-11,4,1,3
2018-11-11,2,1,1
2018-11-11,1,1,0
2018-11-11,1,0,1
2018-11-11,1,0,1
2018-11-11,1,1,0
2018-11-11,1,1,0
2018-11-11,5,2,3
2018-11-11,7,6,1
2018-11-11,16,10,6
2018-11-11,19,10,9
2018-11-11,14,12,2
2018-11-11,28,16,12
2018-11-11,24,10,14
2018-11-11,26,11,15
2018-11-11,22,11,11
2018-11-11,14,6,8
2018-11-11,17,8,9
2018-11-11,15,11,4
2018-11-11,8,2,6
2018-11-11,6,1,5
2018-11-11,1,1,0
2018-11-11,4,3,1
2018-11-11,6,5,1
2018-11-12,4,1,3
2018-11-12,1,1,0
2018-11-12,2,1,1
2018-11-12,0,0,0
2018-11-12,3,2,1
2018-11-12,12,9,3
2018-11-12,22,12,10
2018-11-12,53,31,22
2018-11-12,90,48,42
2018-11-12,70,42,28
2018-11-12,41,20,21
2018-11-12,32,14,18
2018-11-12,37,18,19
2018-11-12,32,15,17
2018-11-12,37,13,24
2018-11-12,41,19,22
2018-11-12,106,40,66
2018-11-12,150,55,95
2018-11-12,77,23,54
2018-11-12,22,8,14
2018-11-12,9,2,7
2018-11-12,3,2,1
2018-11-12,7,3,4
2018-11-12,7,3,4
2018-11-13,2,1,1
2018-11-13,1,0,1
2018-11-13,0,0,0
2018-11-13,2,1,1
2018-11-13,6,2,4
2018-11-13,10,8,2
2018-11-13,48,24,24
2018-11-13,80,44,36
2018-11-13,135,60,75
2018-11-13,71,34,37
2018-11-13,41,17,24
2018-11-13,45,26,19
2018-11-13,38,25,13
2018-11-13,38,25,13
2018-11-13,32,16,16
2018-11-13,58,15,43
2018-11-13,143,43,100
2018-11-13,169,64,105
2018-11-13,85,26,59
2018-11-13,30,9,21
2018-11-13,16,9,7
2018-11-13,6,2,4
2018-11-13,11,3,8
2018-11-13,2,2,0
2018-11-14,1,1,0
2018-11-14,2,1,1
2018-11-14,1,0,1
2018-11-14,2,2,0
2018-11-14,5,4,1
2018-11-14,6,5,1
2018-11-14,32,15,17
2018-11-14,57,31,26
2018-11-14,111,66,45
2018-11-14,49,26,23
2018-11-14,29,13,16
2018-11-14,32,18,14
2018-11-14,33,11,22
2018-11-14,34,16,18
2018-11-14,27,10,17
2018-11-14,49,16,33
2018-11-14,99,31,68
2018-11-14,138,50,88
2018-11-14,69,27,42
2018-11-14,28,14,14
2018-11-14,19,8,11
2018-11-14,10,3,7
2018-11-14,6,1,5
2018-11-14,3,1,2
2018-11-15,3,0,3
2018-11-15,2,1,1
2018-11-15,4,3,1
2018-11-15,0,0,0
2018-11-15,3,2,1
2018-11-15,7,6,1
2018-11-15,42,18,24
2018-11-15,73,43,30
2018-11-15,131,60,71
2018-11-15,75,32,43
2018-11-15,33,13,20
2018-11-15,25,12,13
2018-11-15,42,19,23
2018-11-15,46,20,26
2018-11-15,49,19,30
2018-11-15,106,28,78
2018-11-15,218,59,159
2018-11-15,219,78,141
2018-11-15,77,32,45
2018-11-15,43,17,26
2018-11-15,72,53,19
2018-11-15,46,27,19
2018-11-15,9,4,5
2018-11-15,7,4,3
2018-11-16,4,1,3
2018-11-16,3,2,1
2018-11-16,0,0,0
2018-11-16,1,0,1
2018-11-16,3,3,0
2018-11-16,14,9,5
2018-11-16,37,24,13
2018-11-16,64,36,28
2018-11-16,99,48,51
2018-11-16,70,30,40
2018-11-16,40,19,21
2018-11-16,50,21,29
2018-11-16,43,21,22
2018-11-16,40,22,18
2018-11-16,52,17,35
2018-11-16,70,25,45
2018-11-16,117,48,69
2018-11-16,139,50,89
2018-11-16,68,27,41
2018-11-16,22,14,8
2018-11-16,12,8,4
2018-11-16,7,4,3
2018-11-16,10,3,7
2018-11-16,3,3,0
2018-11-17,5,2,3
2018-11-17,2,2,0
2018-11-17,1,1,0
2018-11-17,1,1,0
2018-11-17,0,0,0
2018-11-17,0,0,0
2018-11-17,4,1,3
2018-11-17,10,7,3
2018-11-17,11,4,7
2018-11-17,12,10,2
2018-11-17,62,16,46
2018-11-17,81,46,35
2018-11-17,41,18,23
2018-11-17,30,13,17
2018-11-17,47,15,32
2018-11-17,40,24,16
2018-11-17,39,21,18
2018-11-17,26,20,6
2018-11-17,29,10,19
2018-11-17,13,8,5
2018-11-17,11,5,6
2018-11-17,8,5,3
2018-11-17,8,4,4
2018-11-17,6,2,4
2018-11-18,1,1,0
2018-11-18,1,0,1
2018-11-18,4,4,0
2018-11-18,1,0,1
2018-11-18,0,0,0
2018-11-18,2,0,2
2018-11-18,3,2,1
2018-11-18,3,3,0
2018-11-18,9,6,3
2018-11-18,12,7,5
2018-11-18,21,8,13
2018-11-18,24,16,8
2018-11-18,31,10,21
2018-11-18,28,8,20
2018-11-18,27,14,13
2018-11-18,26,15,11
2018-11-18,33,16,17
2018-11-18,23,15,8
2018-11-18,11,6,5
2018-11-18,11,6,5
2018-11-18,2,1,1
2018-11-18,4,1,3
2018-11-18,2,1,1
2018-11-18,6,4,2
2018-11-19,2,0,2
2018-11-19,0,0,0
2018-11-19,0,0,0
2018-11-19,1,0,1
2018-11-19,0,0,0
2018-11-19,11,7,4
2018-11-19,28,18,10
2018-11-19,72,48,24
2018-11-19,134,67,67
2018-11-19,63,23,40
2018-11-19,41,21,20
2018-11-19,44,20,24
2018-11-19,38,27,11
2018-11-19,29,17,12
2018-11-19,37,12,25
2018-11-19,69,29,40
2018-11-19,132,43,89
2018-11-19,165,55,110
2018-11-19,77,25,52
2018-11-19,25,13,12
2018-11-19,7,4,3
2018-11-19,10,3,7
2018-11-19,1,0,1
2018-11-19,7,6,1
2018-11-20,2,1,1
2018-11-20,1,0,1
2018-11-20,0,0,0
2018-11-20,2,1,1
2018-11-20,1,1,0
2018-11-20,8,5,3
2018-11-20,44,22,22
2018-11-20,62,42,20
2018-11-20,100,44,56
2018-11-20,71,34,37
2018-11-20,31,15,16
2018-11-20,42,18,24
2018-11-20,29,18,11
2018-11-20,30,16,14
2018-11-20,29,16,13
2018-11-20,61,21,40
2018-11-20,134,44,90
2018-11-20,136,51,85
2018-11-20,60,20,40
2018-11-20,26,9,17
2018-11-20,18,8,10
2018-11-20,9,5,4
2018-11-20,4,3,1
2018-11-20,5,1,4
2018-11-21,0,0,0
2018-11-21,6,1,5
2018-11-21,0,0,0
2018-11-21,1,0,1
2018-11-21,3,3,0
2018-11-21,9,5,4
2018-11-21,14,10,4
2018-11-21,52,27,25
2018-11-21,74,36,38
2018-11-21,45,26,19
2018-11-21,15,9,6
2018-11-21,27,13,14
2018-11-21,30,18,12
2018-11-21,27,11,16
2018-11-21,56,23,33
2018-11-21,57,26,31
2018-11-21,79,29,50
2018-11-21,50,17,33
2018-11-21,30,14,16
2018-11-21,14,7,7
2018-11-21,6,1,5
2018-11-21,4,1,3
2018-11-21,4,2,2
2018-11-21,4,1,3
2018-11-22,3,3,0
2018-11-22,3,1,2
2018-11-22,0,0,0
2018-11-22,0,0,0
2018-11-22,0,0,0
2018-11-22,0,0,0
2018-11-22,3,2,1
2018-11-22,3,2,1
2018-11-22,3,0,3
2018-11-22,3,2,1
2018-11-22,7,2,5
2018-11-22,8,6,2
2018-11-22,10,3,7
2018-11-22,16,5,11
2018-11-22,9,4,5
2018-11-22,3,1,2
2018-11-22,2,1,1
2018-11-22,5,2,3
2018-11-22,1,0,1
2018-11-22,4,2,2
2018-11-22,1,0,1
2018-11-22,9,5,4
2018-11-22,1,1,0
2018-11-22,0,0,0
2018-11-23,0,0,0
2018-11-23,0,0,0
2018-11-23,0,0,0
2018-11-23,0,0,0
2018-11-23,0,0,0
2018-11-23,2,2,0
2018-11-23,2,1,1
2018-11-23,5,4,1
2018-11-23,5,4,1
2018-11-23,6,3,3
2018-11-23,14,6,8
2018-11-23,14,10,4
2018-11-23,15,7,8
2018-11-23,30,12,18
2018-11-23,16,9,7
2018-11-23,20,5,15
2018-11-23,22,4,18
2018-11-23,9,4,5
2018-11-23,15,4,11
2018-11-23,7,5,2
2018-11-23,5,2,3
2018-11-23,7,4,3
2018-11-23,6,1,5
2018-11-23,3,2,1
2018-11-24,4,2,2
2018-11-24,2,1,1
2018-11-24,1,1,0
2018-11-24,0,0,0
2018-11-24,0,0,0
2018-11-24,3,1,2
2018-11-24,4,4,0
2018-11-24,4,4,0
2018-11-24,7,4,3
2018-11-24,7,3,4
2018-11-24,15,6,9
2018-11-24,24,14,10
2018-11-24,17,3,14
2018-11-24,36,14,22
2018-11-24,32,12,20
2018-11-24,31,15,16
2018-11-24,21,9,12
2018-11-24,16,10,6
2018-11-24,23,8,15
2018-11-24,17,8,9
2018-11-24,10,4,6
2018-11-24,9,5,4
2018-11-24,6,1,5
2018-11-24,2,1,1
2018-11-25,6,3,3
2018-11-25,5,3,2
2018-11-25,6,4,2
2018-11-25,3,2,1
2018-11-25,0,0,0
2018-11-25,2,1,1
2018-11-25,3,3,0
2018-11-25,6,4,2
2018-11-25,8,4,4
2018-11-25,16,8,8
2018-11-25,12,7,5
2018-11-25,15,8,7
2018-11-25,19,10,9
2018-11-25,15,3,12
2018-11-25,19,7,12
2018-11-25,11,5,6
2018-11-25,8,5,3
2018-11-25,16,9,7
2018-11-25,17,10,7
2018-11-25,7,4,3
2018-11-25,11,8,3
2018-11-25,5,1,4
2018-11-25,2,1,1
2018-11-25,0,0,0
2018-11-26,2,1,1
2018-11-26,2,1,1
2018-11-26,0,0,0
2018-11-26,0,0,0
2018-11-26,0,0,0
2018-11-26,9,9,0
2018-11-26,29,14,15
2018-11-26,54,31,23
2018-11-26,94,50,44
2018-11-26,35,22,13
2018-11-26,22,6,16
2018-11-26,17,8,9
2018-11-26,22,17,5
2018-11-26,19,10,9
2018-11-26,22,17,5
2018-11-26,34,13,21
2018-11-26,84,26,58
2018-11-26,110,33,77
2018-11-26,43,15,28
2018-11-26,14,10,4
2018-11-26,9,5,4
2018-11-26,6,4,2
2018-11-26,4,2,2
2018-11-26,3,2,1
2018-11-27,1,0,1
2018-11-27,1,0,1
2018-11-27,0,0,0
2018-11-27,0,0,0
2018-11-27,1,1,0
2018-11-27,15,11,4
2018-11-27,18,10,8
2018-11-27,62,45,17
2018-11-27,96,39,57
2018-11-27,66,36,30
2018-11-27,30,17,13
2018-11-27,34,21,13
2018-11-27,40,19,21
2018-11-27,23,11,12
2018-11-27,40,18,22
2018-11-27,52,15,37
2018-11-27,76,30,46
2018-11-27,137,43,94
2018-11-27,74,22,52
2018-11-27,24,8,16
2018-11-27,9,4,5
2018-11-27,10,3,7
2018-11-27,5,2,3
2018-11-27,3,2,1
2018-11-28,3,2,1
2018-11-28,2,1,1
2018-11-28,0,0,0
2018-11-28,0,0,0
2018-11-28,1,1,0
2018-11-28,13,11,2
2018-11-28,22,14,8
2018-11-28,69,44,25
2018-11-28,97,48,49
2018-11-28,46,20,26
2018-11-28,29,16,13
2018-11-28,27,8,19
2018-11-28,29,14,15
2018-11-28,21,14,7
2018-11-28,25,12,13
2018-11-28,45,14,31
2018-11-28,89,31,58
2018-11-28,127,55,72
2018-11-28,62,17,45
2018-11-28,24,7,17
2018-11-28,13,6,7
2018-11-28,9,5,4
2018-11-28,7,1,6
2018-11-28,3,2,1
2018-11-29,3,2,1
2018-11-29,3,0,3
2018-11-29,1,0,1
2018-11-29,0,0,0
2018-11-29,2,1,1
2018-11-29,15,12,3
2018-11-29,31,15,16
2018-11-29,79,46,33
2018-11-29,117,62,55
2018-11-29,78,38,40
2018-11-29,32,18,14
2018-11-29,39,20,19
2018-11-29,49,30,19
2018-11-29,44,17,27
2018-11-29,38,23,15
2018-11-29,57,19,38
2018-11-29,111,34,77
2018-11-29,152,52,100
2018-11-29,72,33,39
2018-11-29,34,14,20
2018-11-29,22,9,13
2018-11-29,13,5,8
2018-11-29,10,4,6
2018-11-29,2,0,2
2018-11-30,2,2,0
2018-11-30,1,0,1
2018-11-30,0,0,0
2018-11-30,2,0,2
2018-11-30,4,3,1
2018-11-30,14,12,2
2018-11-30,43,20,23
2018-11-30,65,37,28
2018-11-30,115,46,69
2018-11-30,54,29,25
2018-11-30,24,11,13
2018-11-30,45,26,19
2018-11-30,29,15,14
2018-11-30,47,25,22
2018-11-30,37,12,25
2018-11-30,66,24,42
2018-11-30,103,37,66
2018-11-30,133,38,95
2018-11-30,56,22,34
2018-11-30,7,5,2
2018-11-30,8,4,4
2018-11-30,4,2,2
2018-11-30,9,5,4
2018-11-30,4,2,2
2018-12-01,1,1,0
2018-12-01,1,1,0
2018-12-01,2,1,1
2018-12-01,2,0,2
2018-12-01,1,0,1
2018-12-01,4,3,1
2018-12-01,8,4,4
2018-12-01,6,3,3
2018-12-01,9,6,3
2018-12-01,6,2,4
2018-12-01,13,7,6
2018-12-01,33,17,16
2018-12-01,17,11,6
2018-12-01,20,11,9
2018-12-01,16,4,12
2018-12-01,20,7,13
2018-12-01,14,5,9
2018-12-01,14,7,7
2018-12-01,16,7,9
2018-12-01,13,8,5
2018-12-01,12,7,5
2018-12-01,7,2,5
2018-12-01,7,2,5
2018-12-01,4,4,0
2018-12-02,2,1,1
2018-12-02,2,1,1
2018-12-02,0,0,0
2018-12-02,1,0,1
2018-12-02,1,1,0
2018-12-02,1,1,0
2018-12-02,0,0,0
2018-12-02,5,2,3
2018-12-02,8,5,3
2018-12-02,14,7,7
2018-12-02,31,12,19
2018-12-02,34,11,23
2018-12-02,48,12,36
2018-12-02,35,15,20
2018-12-02,21,10,11
2018-12-02,33,17,16
2018-12-02,53,41,12
2018-12-02,34,20,14
2018-12-02,21,8,13
2018-12-02,4,1,3
2018-12-02,7,5,2
2018-12-02,4,1,3
2018-12-02,1,0,1
2018-12-02,2,2,0
2018-12-03,2,0,2
2018-12-03,0,0,0
2018-12-03,1,1,0
2018-12-03,1,0,1
2018-12-03,1,1,0
2018-12-03,14,11,3
2018-12-03,33,17,16
2018-12-03,77,46,31
2018-12-03,105,45,60
2018-12-03,80,41,39
2018-12-03,41,27,14
2018-12-03,26,15,11
2018-12-03,34,22,12
2018-12-03,36,18,18
2018-12-03,25,10,15
2018-12-03,56,21,35
2018-12-03,125,41,84
2018-12-03,163,59,104
2018-12-03,76,30,46
2018-12-03,26,11,15
2018-12-03,17,5,12
2018-12-03,6,3,3
2018-12-03,7,2,5
2018-12-03,1,1,0
2018-12-04,1,1,0
2018-12-04,1,0,1
2018-12-04,5,2,3
2018-12-04,2,1,1
2018-12-04,1,1,0
2018-12-04,18,14,4
2018-12-04,37,22,15
2018-12-04,77,46,31
2018-12-04,119,63,56
2018-12-04,65,24,41
2018-12-04,44,22,22
2018-12-04,37,18,19
2018-12-04,29,14,15
2018-12-04,42,20,22
2018-12-04,38,15,23
2018-12-04,71,29,42
2018-12-04,116,36,80
2018-12-04,156,64,92
2018-12-04,65,21,44
2018-12-04,39,16,23
2018-12-04,14,6,8
2018-12-04,11,5,6
2018-12-04,6,5,1
2018-12-04,4,2,2
2018-12-05,2,2,0
2018-12-05,1,0,1
2018-12-05,2,1,1
2018-12-05,3,0,3
2018-12-05,1,1,0
2018-12-05,13,11,2
2018-12-05,34,17,17
2018-12-05,67,40,27
2018-12-05,105,54,51
2018-12-05,58,24,34
2018-12-05,31,19,12
2018-12-05,45,22,23
2018-12-05,46,27,19
2018-12-05,49,28,21
2018-12-05,63,25,38
2018-12-05,63,28,35
2018-12-05,107,37,70
2018-12-05,142,61,81
2018-12-05,72,35,37
2018-12-05,21,8,13
2018-12-05,14,7,7
2018-12-05,14,8,6
2018-12-05,12,4,8
2018-12-05,2,0,2
2018-12-06,2,1,1
2018-12-06,1,0,1
2018-12-06,1,1,0
2018-12-06,1,0,1
2018-12-06,0,0,0
2018-12-06,11,9,2
2018-12-06,34,13,21
2018-12-06,54,33,21
2018-12-06,93,45,48
2018-12-06,72,32,40
2018-12-06,35,21,14
2018-12-06,23,11,12
2018-12-06,37,19,18
2018-12-06,44,24,20
2018-12-06,47,24,23
2018-12-06,59,34,25
2018-12-06,124,32,92
2018-12-06,138,44,94
2018-12-06,87,38,49
2018-12-06,34,23,11
2018-12-06,26,14,12
2018-12-06,10,4,6
2018-12-06,10,4,6
2018-12-06,5,1,4
2018-12-07,2,1,1
2018-12-07,2,1,1
2018-12-07,1,0,1
2018-12-07,2,0,2
2018-12-07,0,0,0
2018-12-07,11,8,3
2018-12-07,26,15,11
2018-12-07,57,34,23
2018-12-07,94,42,52
2018-12-07,51,18,33
2018-12-07,35,19,16
2018-12-07,39,28,11
2018-12-07,56,32,24
2018-12-07,43,26,17
2018-12-07,44,18,26
2018-12-07,56,26,30
2018-12-07,105,35,70
2018-12-07,109,39,70
2018-12-07,68,23,45
2018-12-07,30,11,19
2018-12-07,15,8,7
2018-12-07,10,6,4
2018-12-07,6,1,5
2018-12-07,7,3,4
2018-12-08,6,3,3
2018-12-08,4,3,1
2018-12-08,3,1,2
2018-12-08,0,0,0
2018-12-08,0,0,0
2018-12-08,1,1,0
2018-12-08,1,1,0
2018-12-08,5,4,1
2018-12-08,4,3,1
2018-12-08,13,5,8
2018-12-08,18,9,9
2018-12-08,17,6,11
2018-12-08,27,17,10
2018-12-08,27,13,14
2018-12-08,26,10,16
2018-12-08,28,15,13
2018-12-08,21,11,10
2018-12-08,21,6,15
2018-12-08,17,5,12
2018-12-08,8,4,4
2018-12-08,4,2,2
2018-12-08,12,5,7
2018-12-08,6,3,3
2018-12-08,0,0,0
2018-12-09,5,2,3
2018-12-09,2,1,1
2018-12-09,1,0,1
2018-12-09,0,0,0
2018-12-09,1,1,0
2018-12-09,1,1,0
2018-12-09,2,2,0
2018-12-09,3,3,0
2018-12-09,5,1,4
2018-12-09,5,2,3
2018-12-09,7,4,3
2018-12-09,1,0,1
2018-12-09,10,6,4
2018-12-09,1,0,1
2018-12-09,4,1,3
2018-12-09,6,3,3
2018-12-09,6,1,5
2018-12-09,8,5,3
2018-12-09,7,2,5
2018-12-09,4,2,2
2018-12-09,5,0,5
2018-12-09,4,1,3
2018-12-09,7,3,4
2018-12-09,2,1,1
2018-12-10,3,2,1
2018-12-10,0,0,0
2018-12-10,0,0,0
2018-12-10,0,0,0
2018-12-10,2,1,1
2018-12-10,10,7,3
2018-12-10,40,25,15
2018-12-10,73,44,29
2018-12-10,119,59,60
2018-12-10,74,35,39
2018-12-10,26,15,11
2018-12-10,25,13,12
2018-12-10,39,15,24
2018-12-10,33,17,16
2018-12-10,40,16,24
2018-12-10,106,28,78
2018-12-10,217,57,160
2018-12-10,179,59,120
2018-12-10,62,28,34
2018-12-10,29,17,12
2018-12-10,76,63,13
2018-12-10,19,7,12
2018-12-10,5,3,2
2018-12-10,3,2,1
2018-12-11,5,2,3
2018-12-11,0,0,0
2018-12-11,0,0,0
2018-12-11,2,1,1
2018-12-11,2,1,1
2018-12-11,6,3,3
2018-12-11,29,15,14
2018-12-11,56,34,22
2018-12-11,87,49,38
2018-12-11,49,24,25
2018-12-11,26,13,13
2018-12-11,21,8,13
2018-12-11,14,9,5
2018-12-11,14,7,7
2018-12-11,15,8,7
2018-12-11,25,12,13
2018-12-11,91,31,60
2018-12-11,124,40,84
2018-12-11,54,13,41
2018-12-11,28,14,14
2018-12-11,9,4,5
2018-12-11,10,6,4
2018-12-11,10,7,3
2018-12-11,3,1,2
2018-12-12,2,1,1
2018-12-12,3,0,3
2018-12-12,3,2,1
2018-12-12,1,0,1
2018-12-12,3,1,2
2018-12-12,8,6,2
2018-12-12,33,17,16
2018-12-12,72,43,29
2018-12-12,103,50,53
2018-12-12,61,31,30
2018-12-12,33,10,23
2018-12-12,35,16,19
2018-12-12,43,21,22
2018-12-12,26,12,14
2018-12-12,23,11,12
2018-12-12,42,18,24
2018-12-12,102,35,67
2018-12-12,141,55,86
2018-12-12,57,23,34
2018-12-12,25,6,19
2018-12-12,15,7,8
2018-12-12,7,2,5
2018-12-12,6,3,3
2018-12-12,3,0,3
2018-12-13,4,0,4
2018-12-13,3,2,1
2018-12-13,3,2,1
2018-12-13,2,0,2
2018-12-13,1,0,1
2018-12-13,8,7,1
2018-12-13,23,14,9
2018-12-13,60,32,28
2018-12-13,86,40,46
2018-12-13,59,31,28
2018-12-13,18,5,13
2018-12-13,26,14,12
2018-12-13,24,9,15
2018-12-13,15,8,7
2018-12-13,28,14,14
2018-12-13,54,21,33
2018-12-13,92,22,70
2018-12-13,124,40,84
2018-12-13,64,24,40
2018-12-13,29,15,14
2018-12-13,10,3,7
2018-12-13,7,3,4
2018-12-13,4,3,1
2018-12-13,2,0,2
2018-12-14,1,0,1
2018-12-14,2,0,2
2018-12-14,1,1,0
2018-12-14,5,3,2
2018-12-14,1,0,1
2018-12-14,10,9,1
2018-12-14,23,14,9
2018-12-14,57,34,23
2018-12-14,95,45,50
2018-12-14,50,26,24
2018-12-14,31,14,17
2018-12-14,30,14,16
2018-12-14,54,27,27
2018-12-14,41,17,24
2018-12-14,44,15,29
2018-12-14,55,21,34
2018-12-14,119,45,74
2018-12-14,108,39,69
2018-12-14,36,14,22
2018-12-14,20,9,11
2018-12-14,10,5,5
2018-12-14,10,4,6
2018-12-14,7,2,5
2018-12-14,1,1,0
2018-12-15,5,2,3
2018-12-15,2,1,1
2018-12-15,0,0,0
2018-12-15,1,1,0
2018-12-15,0,0,0
2018-12-15,2,2,0
2018-12-15,3,2,1
2018-12-15,5,4,1
2018-12-15,7,4,3
2018-12-15,5,2,3
2018-12-15,8,7,1
2018-12-15,28,9,19
2018-12-15,23,11,12
2018-12-15,39,22,17
2018-12-15,32,10,22
2018-12-15,40,17,23
2018-12-15,24,11,13
2018-12-15,25,11,14
2018-12-15,21,8,13
2018-12-15,20,11,9
2018-12-15,11,8,3
2018-12-15,9,3,6
2018-12-15,8,4,4
2018-12-15,5,3,2
2018-12-16,5,1,4
2018-12-16,3,1,2
2018-12-16,1,1,0
2018-12-16,0,0,0
2018-12-16,0,0,0
2018-12-16,4,2,2
2018-12-16,2,1,1
2018-12-16,2,1,1
2018-12-16,4,3,1
2018-12-16,4,3,1
2018-12-16,8,7,1
2018-12-16,9,5,4
2018-12-16,12,6,6
2018-12-16,10,6,4
2018-12-16,9,5,4
2018-12-16,11,6,5
2018-12-16,8,3,5
2018-12-16,11,6,5
2018-12-16,10,6,4
2018-12-16,0,0,0
2018-12-16,1,0,1
2018-12-16,3,2,1
2018-12-16,2,0,2
2018-12-16,3,1,2
2018-12-17,3,2,1
2018-12-17,0,0,0
2018-12-17,1,1,0
2018-12-17,0,0,0
2018-12-17,2,2,0
2018-12-17,13,12,1
2018-12-17,34,19,15
2018-12-17,70,41,29
2018-12-17,94,47,47
2018-12-17,74,31,43
2018-12-17,36,15,21
2018-12-17,37,23,14
2018-12-17,48,26,22
2018-12-17,35,20,15
2018-12-17,34,15,19
2018-12-17,51,20,31
2018-12-17,91,26,65
2018-12-17,132,51,81
2018-12-17,56,18,38
2018-12-17,22,9,13
2018-12-17,5,1,4
2018-12-17,3,3,0
2018-12-17,2,1,1
2018-12-17,0,0,0
2018-12-18,4,3,1
2018-12-18,4,1,3
2018-12-18,0,0,0
2018-12-18,0,0,0
2018-12-18,0,0,0
2018-12-18,4,3,1
2018-12-18,30,17,13
2018-12-18,52,36,16
2018-12-18,76,34,42
2018-12-18,54,24,30
2018-12-18,31,15,16
2018-12-18,27,11,16
2018-12-18,39,16,23
2018-12-18,26,15,11
2018-12-18,25,13,12
2018-12-18,39,15,24
2018-12-18,67,20,47
2018-12-18,95,31,64
2018-12-18,55,17,38
2018-12-18,23,7,16
2018-12-18,10,5,5
2018-12-18,5,2,3
2018-12-18,5,2,3
2018-12-18,1,0,1
2018-12-19,1,1,0
2018-12-19,2,1,1
2018-12-19,2,0,2
2018-12-19,1,0,1
2018-12-19,1,1,0
2018-12-19,12,10,2
2018-12-19,28,14,14
2018-12-19,55,31,24
2018-12-19,111,49,62
2018-12-19,60,27,33
2018-12-19,17,8,9
2018-12-19,28,16,12
2018-12-19,35,13,22
2018-12-19,29,14,15
2018-12-19,37,13,24
2018-12-19,55,22,33
2018-12-19,96,34,62
2018-12-19,127,40,87
2018-12-19,78,29,49
2018-12-19,30,14,16
2018-12-19,12,8,4
2018-12-19,8,5,3
2018-12-19,15,5,10
2018-12-19,3,2,1
2018-12-20,14,10,4
2018-12-20,4,1,3
2018-12-20,0,0,0
2018-12-20,1,1,0
2018-12-20,0,0,0
2018-12-20,10,9,1
2018-12-20,17,13,4
2018-12-20,37,23,14
2018-12-20,75,40,35
2018-12-20,32,18,14
2018-12-20,13,4,9
2018-12-20,20,8,12
2018-12-20,25,16,9
2018-12-20,19,5,14
2018-12-20,34,9,25
2018-12-20,37,13,24
2018-12-20,78,26,52
2018-12-20,98,33,65
2018-12-20,45,17,28
2018-12-20,19,11,8
2018-12-20,17,7,10
2018-12-20,5,1,4
2018-12-20,8,5,3
2018-12-20,7,5,2
2018-12-21,3,2,1
2018-12-21,2,0,2
2018-12-21,1,1,0
2018-12-21,1,0,1
2018-12-21,1,0,1
2018-12-21,4,3,1
2018-12-21,16,10,6
2018-12-21,42,21,21
2018-12-21,77,38,39
2018-12-21,52,27,25
2018-12-21,29,13,16
2018-12-21,40,23,17
2018-12-21,54,33,21
2018-12-21,63,32,31
2018-12-21,45,19,26
2018-12-21,84,31,53
2018-12-21,104,28,76
2018-12-21,93,42,51
2018-12-21,35,13,22
2018-12-21,14,8,6
2018-12-21,12,5,7
2018-12-21,7,1,6
2018-12-21,10,6,4
2018-12-21,6,2,4
2018-12-22,4,2,2
2018-12-22,6,3,3
2018-12-22,2,2,0
2018-12-22,0,0,0
2018-12-22,0,0,0
2018-12-22,0,0,0
2018-12-22,3,1,2
2018-12-22,4,2,2
2018-12-22,6,3,3
2018-12-22,6,3,3
2018-12-22,17,7,10
2018-12-22,11,5,6
2018-12-22,15,9,6
2018-12-22,26,14,12
2018-12-22,17,8,9
2018-12-22,15,4,11
2018-12-22,15,5,10
2018-12-22,10,4,6
2018-12-22,16,10,6
2018-12-22,6,4,2
2018-12-22,6,5,1
2018-12-22,12,2,10
2018-12-22,7,5,2
2018-12-22,3,1,2
2018-12-23,3,2,1
2018-12-23,3,2,1
2018-12-23,2,1,1
2018-12-23,0,0,0
2018-12-23,1,0,1
2018-12-23,0,0,0
2018-12-23,4,2,2
2018-12-23,3,1,2
2018-12-23,4,4,0
2018-12-23,5,4,1
2018-12-23,11,4,7
2018-12-23,7,6,1
2018-12-23,15,6,9
2018-12-23,11,6,5
2018-12-23,21,4,17
2018-12-23,18,10,8
2018-12-23,22,4,18
2018-12-23,19,8,11
2018-12-23,10,6,4
2018-12-23,9,2,7
2018-12-23,19,14,5
2018-12-23,27,19,8
2018-12-23,15,7,8
2018-12-23,4,3,1
2018-12-24,3,0,3
2018-12-24,1,0,1
2018-12-24,2,2,0
2018-12-24,0,0,0
2018-12-24,0,0,0
2018-12-24,2,2,0
2018-12-24,9,5,4
2018-12-24,10,4,6
2018-12-24,10,8,2
2018-12-24,9,7,2
2018-12-24,11,2,9
2018-12-24,21,9,12
2018-12-24,21,9,12
2018-12-24,26,10,16
2018-12-24,22,11,11
2018-12-24,15,5,10
2018-12-24,14,4,10
2018-12-24,10,3,7
2018-12-24,5,3,2
2018-12-24,4,1,3
2018-12-24,13,2,11
2018-12-24,1,1,0
2018-12-24,1,0,1
2018-12-24,3,0,3
2018-12-25,0,0,0
2018-12-25,1,0,1
2018-12-25,3,1,2
2018-12-25,0,0,0
2018-12-25,1,1,0
2018-12-25,1,0,1
2018-12-25,2,1,1
2018-12-25,1,0,1
2018-12-25,1,1,0
2018-12-25,2,1,1
2018-12-25,4,4,0
2018-12-25,6,4,2
2018-12-25,2,2,0
2018-12-25,13,9,4
2018-12-25,4,2,2
2018-12-25,9,6,3
2018-12-25,5,3,2
2018-12-25,0,0,0
2018-12-25,2,1,1
2018-12-25,5,2,3
2018-12-25,6,2,4
2018-12-25,1,1,0
2018-12-25,1,0,1
2018-12-25,2,1,1
2018-12-26,2,0,2
2018-12-26,0,0,0
2018-12-26,0,0,0
2018-12-26,2,1,1
2018-12-26,0,0,0
2018-12-26,9,5,4
2018-12-26,10,4,6
2018-12-26,20,14,6
2018-12-26,33,16,17
2018-12-26,16,9,7
2018-12-26,13,6,7
2018-12-26,13,9,4
2018-12-26,17,9,8
2018-12-26,20,10,10
2018-12-26,29,15,14
2018-12-26,24,5,19
2018-12-26,41,16,25
2018-12-26,42,17,25
2018-12-26,15,4,11
2018-12-26,10,3,7
2018-12-26,7,4,3
2018-12-26,5,2,3
2018-12-26,2,1,1
2018-12-26,1,1,0
2018-12-27,1,1,0
2018-12-27,2,0,2
2018-12-27,0,0,0
2018-12-27,1,1,0
2018-12-27,1,0,1
2018-12-27,6,5,1
2018-12-27,14,6,8
2018-12-27,28,15,13
2018-12-27,43,21,22
2018-12-27,32,5,27
2018-12-27,19,9,10
2018-12-27,21,7,14
2018-12-27,19,9,10
2018-12-27,35,13,22
2018-12-27,29,14,15
2018-12-27,51,16,35
2018-12-27,48,18,30
2018-12-27,62,27,35
2018-12-27,23,8,15
2018-12-27,11,9,2
2018-12-27,10,4,6
2018-12-27,7,3,4
2018-12-27,11,5,6
2018-12-27,6,3,3
2018-12-28,4,2,2
2018-12-28,4,0,4
2018-12-28,1,0,1
2018-12-28,1,0,1
2018-12-28,0,0,0
2018-12-28,3,2,1
2018-12-28,8,6,2
2018-12-28,21,15,6
2018-12-28,27,14,13
2018-12-28,19,4,15
2018-12-28,11,8,3
2018-12-28,17,10,7
2018-12-28,12,8,4
2018-12-28,16,8,8
2018-12-28,20,9,11
2018-12-28,24,10,14
2018-12-28,46,14,32
2018-12-28,40,16,24
2018-12-28,18,7,11
2018-12-28,7,0,7
2018-12-28,8,3,5
2018-12-28,2,2,0
2018-12-28,9,6,3
2018-12-28,3,2,1
2018-12-29,5,2,3
2018-12-29,1,0,1
2018-12-29,2,1,1
2018-12-29,0,0,0
2018-12-29,0,0,0
2018-12-29,3,1,2
2018-12-29,1,0,1
2018-12-29,4,2,2
2018-12-29,6,4,2
2018-12-29,8,4,4
2018-12-29,7,3,4
2018-12-29,7,5,2
2018-12-29,7,4,3
2018-12-29,11,7,4
2018-12-29,13,3,10
2018-12-29,3,1,2
2018-12-29,11,6,5
2018-12-29,8,3,5
2018-12-29,7,3,4
2018-12-29,4,2,2
2018-12-29,2,1,1
2018-12-29,0,0,0
2018-12-29,1,1,0
2018-12-29,1,1,0
2018-12-30,1,1,0
2018-12-30,0,0,0
2018-12-30,3,1,2
2018-12-30,2,0,2
2018-12-30,1,0,1
2018-12-30,2,2,0
2018-12-30,1,0,1
2018-12-30,4,2,2
2018-12-30,7,5,2
2018-12-30,3,2,1
2018-12-30,18,10,8
2018-12-30,29,8,21
2018-12-30,48,12,36
2018-12-30,33,11,22
2018-12-30,37,26,11
2018-12-30,27,10,17
2018-12-30,39,27,12
2018-12-30,38,25,13
2018-12-30,16,9,7
2018-12-30,9,4,5
2018-12-30,4,1,3
2018-12-30,8,5,3
2018-12-30,8,3,5
2018-12-30,6,3,3
2018-12-31,6,5,1
2018-12-31,0,0,0
2018-12-31,0,0,0
2018-12-31,2,0,2
2018-12-31,1,0,1
2018-12-31,11,8,3
2018-12-31,12,7,5
2018-12-31,15,8,7
2018-12-31,35,22,13
2018-12-31,26,10,16
2018-12-31,24,11,13
2018-12-31,32,12,20
2018-12-31,25,15,10
2018-12-31,24,13,11
2018-12-31,40,15,25
2018-12-31,39,19,20
2018-12-31,41,16,25
2018-12-31,41,12,29
2018-12-31,18,10,8
2018-12-31,8,4,4
2018-12-31,9,3,6
2018-12-31,7,3,4
2018-12-31,13,7,6
2018-12-31,7,3,4
2019-01-01,11,3,8
2019-01-01,13,6,7
2019-01-01,11,7,4
2019-01-01,1,0,1
2019-01-01,2,2,0
2019-01-01,2,1,1
2019-01-01,1,1,0
2019-01-01,4,2,2
2019-01-01,2,1,1
2019-01-01,6,2,4
2019-01-01,5,2,3
2019-01-01,8,6,2
2019-01-01,11,7,4
2019-01-01,12,7,5
2019-01-01,21,8,13
2019-01-01,10,6,4
2019-01-01,19,9,10
2019-01-01,17,10,7
2019-01-01,9,3,6
2019-01-01,2,0,2
2019-01-01,2,1,1
2019-01-01,4,2,2
2019-01-01,0,0,0
2019-01-01,1,0,1
2019-01-02,1,0,1
2019-01-02,0,0,0
2019-01-02,0,0,0
2019-01-02,1,1,0
2019-01-02,0,0,0
2019-01-02,8,7,1
2019-01-02,34,17,17
2019-01-02,81,45,36
2019-01-02,96,47,49
2019-01-02,55,24,31
2019-01-02,23,10,13
2019-01-02,28,14,14
2019-01-02,38,21,17
2019-01-02,28,13,15
2019-01-02,32,13,19
2019-01-02,50,21,29
2019-01-02,108,29,79
2019-01-02,166,70,96
2019-01-02,67,24,43
2019-01-02,19,8,11
2019-01-02,4,0,4
2019-01-02,4,1,3
2019-01-02,10,5,5
2019-01-02,3,0,3
2019-01-03,2,1,1
2019-01-03,2,1,1
2019-01-03,1,0,1
2019-01-03,2,1,1
2019-01-03,1,1,0
2019-01-03,6,4,2
2019-01-03,26,15,11
2019-01-03,43,23,20
2019-01-03,78,37,41
2019-01-03,40,14,26
2019-01-03,22,13,9
2019-01-03,23,13,10
2019-01-03,24,12,12
2019-01-03,23,11,12
2019-01-03,29,12,17
2019-01-03,42,17,25
2019-01-03,67,26,41
2019-01-03,97,28,69
2019-01-03,54,18,36
2019-01-03,13,6,7
2019-01-03,10,4,6
2019-01-03,7,3,4
2019-01-03,5,4,1
2019-01-03,2,1,1
2019-01-04,4,2,2
2019-01-04,0,0,0
2019-01-04,1,0,1
2019-01-04,2,1,1
2019-01-04,0,0,0
2019-01-04,10,8,2
2019-01-04,22,14,8
2019-01-04,62,35,27
2019-01-04,81,44,37
2019-01-04,55,24,31
2019-01-04,39,22,17
2019-01-04,32,17,15
2019-01-04,32,19,13
2019-01-04,32,15,17
2019-01-04,37,16,21
2019-01-04,52,20,32
2019-01-04,101,23,78
2019-01-04,107,40,67
2019-01-04,52,16,36
2019-01-04,20,9,11
2019-01-04,12,8,4
2019-01-04,4,3,1
2019-01-04,7,5,2
2019-01-04,9,4,5
2019-01-05,4,1,3
2019-01-05,4,3,1
2019-01-05,0,0,0
2019-01-05,2,1,1
2019-01-05,0,0,0
2019-01-05,2,1,1
2019-01-05,5,2,3
2019-01-05,5,2,3
2019-01-05,6,1,5
2019-01-05,10,2,8
2019-01-05,13,8,5
2019-01-05,39,5,34
2019-01-05,29,10,19
2019-01-05,34,19,15
2019-01-05,23,9,14
2019-01-05,22,13,9
2019-01-05,21,10,11
2019-01-05,11,3,8
2019-01-05,8,5,3
2019-01-05,6,2,4
2019-01-05,8,4,4
2019-01-05,9,4,5
2019-01-05,5,2,3
2019-01-05,6,3,3
2019-01-06,2,2,0
2019-01-06,0,0,0
2019-01-06,0,0,0
2019-01-06,0,0,0
2019-01-06,1,0,1
2019-01-06,1,0,1
2019-01-06,2,2,0
2019-01-06,2,0,2
2019-01-06,2,1,1
2019-01-06,8,6,2
2019-01-06,14,5,9
2019-01-06,19,6,13
2019-01-06,17,10,7
2019-01-06,21,8,13
2019-01-06,13,11,2
2019-01-06,22,13,9
2019-01-06,13,10,3
2019-01-06,9,0,9
2019-01-06,7,1,6
2019-01-06,8,3,5
2019-01-06,8,5,3
2019-01-06,0,0,0
2019-01-06,1,0,1
2019-01-06,0,0,0
2019-01-07,1,1,0
2019-01-07,0,0,0
2019-01-07,1,1,0
2019-01-07,0,0,0
2019-01-07,2,1,1
2019-01-07,15,14,1
2019-01-07,41,21,20
2019-01-07,84,50,34
2019-01-07,137,58,79
2019-01-07,69,32,37
2019-01-07,40,20,20
2019-01-07,25,14,11
2019-01-07,28,12,16
2019-01-07,30,20,10
2019-01-07,42,24,18
2019-01-07,57,15,42
2019-01-07,112,39,73
2019-01-07,172,66,106
2019-01-07,88,21,67
2019-01-07,29,12,17
2019-01-07,11,6,5
2019-01-07,5,3,2
2019-01-07,4,2,2
2019-01-07,1,1,0
2019-01-08,3,2,1
2019-01-08,1,1,0
2019-01-08,1,0,1
2019-01-08,1,0,1
2019-01-08,3,1,2
2019-01-08,14,13,1
2019-01-08,31,14,17
2019-01-08,81,55,26
2019-01-08,111,51,60
2019-01-08,56,22,34
2019-01-08,23,14,9
2019-01-08,27,19,8
2019-01-08,29,17,12
2019-01-08,13,7,6
2019-01-08,17,5,12
2019-01-08,60,21,39
2019-01-08,89,30,59
2019-01-08,142,47,95
2019-01-08,72,22,50
2019-01-08,18,6,12
2019-01-08,10,5,5
2019-01-08,9,6,3
2019-01-08,8,5,3
2019-01-08,6,2,4
2019-01-09,2,0,2
2019-01-09,1,0,1
2019-01-09,1,0,1
2019-01-09,0,0,0
2019-01-09,2,1,1
2019-01-09,13,10,3
2019-01-09,27,16,11
2019-01-09,62,41,21
2019-01-09,110,45,65
2019-01-09,41,21,20
2019-01-09,32,19,13
2019-01-09,28,15,13
2019-01-09,40,21,19
2019-01-09,21,9,12
2019-01-09,29,11,18
2019-01-09,37,8,29
2019-01-09,71,25,46
2019-01-09,130,46,84
2019-01-09,66,21,45
2019-01-09,25,12,13
2019-01-09,12,5,7
2019-01-09,5,1,4
2019-01-09,9,6,3
2019-01-09,4,3,1
2019-01-10,7,5,2
2019-01-10,0,0,0
2019-01-10,1,1,0
2019-01-10,0,0,0
2019-01-10,2,1,1
2019-01-10,17,14,3
2019-01-10,24,13,11
2019-01-10,69,40,29
2019-01-10,126,57,69
2019-01-10,65,31,34
2019-01-10,37,21,16
2019-01-10,43,26,17
2019-01-10,36,17,19
2019-01-10,34,21,13
2019-01-10,36,17,19
2019-01-10,54,17,37
2019-01-10,106,42,64
2019-01-10,178,71,107
2019-01-10,79,37,42
2019-01-10,32,21,11
2019-01-10,13,4,9
2019-01-10,17,6,11
2019-01-10,12,7,5
2019-01-10,5,1,4
2019-01-11,3,1,2
2019-01-11,1,0,1
2019-01-11,0,0,0
2019-01-11,3,0,3
2019-01-11,1,1,0
2019-01-11,16,11,5
2019-01-11,28,18,10
2019-01-11,67,40,27
2019-01-11,108,53,55
2019-01-11,68,27,41
2019-01-11,43,24,19
2019-01-11,37,19,18
2019-01-11,53,28,25
2019-01-11,46,20,26
2019-01-11,68,33,35
2019-01-11,72,31,41
2019-01-11,120,43,77
2019-01-11,145,53,92
2019-01-11,69,23,46
2019-01-11,35,16,19
2019-01-11,13,8,5
2019-01-11,14,11,3
2019-01-11,10,5,5
2019-01-11,5,3,2
2019-01-12,12,9,3
2019-01-12,7,5,2
2019-01-12,3,1,2
2019-01-12,1,0,1
2019-01-12,0,0,0
2019-01-12,4,2,2
2019-01-12,3,1,2
2019-01-12,2,2,0
2019-01-12,9,6,3
2019-01-12,18,13,5
2019-01-12,22,10,12
2019-01-12,28,8,20
2019-01-12,54,30,24
2019-01-12,54,31,23
2019-01-12,44,23,21
2019-01-12,35,15,20
2019-01-12,52,28,24
2019-01-12,13,4,9
2019-01-12,25,8,17
2019-01-12,16,8,8
2019-01-12,13,4,9
2019-01-12,11,4,7
2019-01-12,5,2,3
2019-01-12,2,1,1
2019-01-13,12,4,8
2019-01-13,2,1,1
2019-01-13,3,2,1
2019-01-13,0,0,0
2019-01-13,0,0,0
2019-01-13,1,0,1
2019-01-13,3,1,2
2019-01-13,5,2,3
2019-01-13,10,8,2
2019-01-13,8,2,6
2019-01-13,19,11,8
2019-01-13,36,11,25
2019-01-13,39,18,21
2019-01-13,47,16,31
2019-01-13,41,15,26
2019-01-13,45,19,26
2019-01-13,29,9,20
2019-01-13,22,10,12
2019-01-13,18,9,9
2019-01-13,13,8,5
2019-01-13,6,4,2
2019-01-13,7,2,5
2019-01-13,6,2,4
2019-01-13,5,4,1
2019-01-14,3,2,1
2019-01-14,1,0,1
2019-01-14,1,1,0
2019-01-14,0,0,0
2019-01-14,2,2,0
2019-01-14,19,14,5
2019-01-14,49,26,23
2019-01-14,147,88,59
2019-01-14,187,94,93
2019-01-14,102,52,50
2019-01-14,47,19,28
2019-01-14,41,20,21
2019-01-14,41,21,20
2019-01-14,41,23,18
2019-01-14,53,28,25
2019-01-14,92,25,67
2019-01-14,167,66,101
2019-01-14,219,72,147
2019-01-14,115,46,69
2019-01-14,33,14,19
2019-01-14,20,9,11
2019-01-14,10,7,3
2019-01-14,3,2,1
2019-01-14,2,1,1
2019-01-15,2,2,0
2019-01-15,0,0,0
2019-01-15,1,1,0
2019-01-15,1,0,1
2019-01-15,2,0,2
2019-01-15,14,14,0
2019-01-15,57,33,24
2019-01-15,105,57,48
2019-01-15,155,70,85
2019-01-15,89,40,49
2019-01-15,31,20,11
2019-01-15,43,23,20
2019-01-15,35,18,17
2019-01-15,41,22,19
2019-01-15,46,19,27
2019-01-15,71,26,45
2019-01-15,131,48,83
2019-01-15,214,67,147
2019-01-15,92,43,49
2019-01-15,25,8,17
2019-01-15,20,7,13
2019-01-15,14,6,8
2019-01-15,5,1,4
2019-01-15,4,2,2
2019-01-16,1,1,0
2019-01-16,1,0,1
2019-01-16,2,2,0
2019-01-16,2,1,1
2019-01-16,2,1,1
2019-01-16,13,11,2
2019-01-16,39,25,14
2019-01-16,115,78,37
2019-01-16,159,71,88
2019-01-16,94,46,48
2019-01-16,37,15,22
2019-01-16,45,26,19
2019-01-16,48,28,20
2019-01-16,36,15,21
2019-01-16,46,28,18
2019-01-16,82,27,55
2019-01-16,136,41,95
2019-01-16,194,68,126
2019-01-16,82,34,48
2019-01-16,30,7,23
2019-01-16,25,12,13
2019-01-16,8,3,5
2019-01-16,4,2,2
2019-01-16,6,2,4
2019-01-17,2,1,1
2019-01-17,1,0,1
2019-01-17,0,0,0
2019-01-17,6,3,3
2019-01-17,0,0,0
2019-01-17,24,17,7
2019-01-17,38,21,17
2019-01-17,84,51,33
2019-01-17,141,54,87
2019-01-17,84,39,45
2019-01-17,29,19,10
2019-01-17,28,15,13
2019-01-17,27,13,14
2019-01-17,36,16,20
2019-01-17,39,16,23
2019-01-17,84,29,55
2019-01-17,120,45,75
2019-01-17,161,57,104
2019-01-17,74,34,40
2019-01-17,38,20,18
2019-01-17,17,5,12
2019-01-17,4,3,1
2019-01-17,6,1,5
2019-01-17,4,2,2
2019-01-18,1,0,1
2019-01-18,1,0,1
2019-01-18,1,1,0
2019-01-18,1,1,0
2019-01-18,0,0,0
2019-01-18,14,10,4
2019-01-18,21,15,6
2019-01-18,90,51,39
2019-01-18,114,56,58
2019-01-18,63,26,37
2019-01-18,23,7,16
2019-01-18,43,25,18
2019-01-18,38,16,22
2019-01-18,35,12,23
2019-01-18,47,19,28
2019-01-18,61,28,33
2019-01-18,119,42,77
2019-01-18,117,47,70
2019-01-18,63,24,39
2019-01-18,23,9,14
2019-01-18,4,2,2
2019-01-18,8,5,3
2019-01-18,6,3,3
2019-01-18,3,0,3
2019-01-19,2,0,2
2019-01-19,5,2,3
2019-01-19,2,2,0
2019-01-19,0,0,0
2019-01-19,1,1,0
2019-01-19,2,1,1
2019-01-19,3,1,2
2019-01-19,6,3,3
2019-01-19,8,3,5
2019-01-19,15,8,7
2019-01-19,15,5,10
2019-01-19,18,7,11
2019-01-19,32,17,15
2019-01-19,34,13,21
2019-01-19,20,8,12
2019-01-19,27,15,12
2019-01-19,14,10,4
2019-01-19,27,20,7
2019-01-19,402,399,3
2019-01-19,203,201,2
2019-01-19,2,0,2
2019-01-19,2,2,0
2019-01-19,10,5,5
2019-01-19,7,5,2
2019-01-20,4,3,1
2019-01-20,5,3,2
2019-01-20,0,0,0
2019-01-20,0,0,0
2019-01-20,0,0,0
2019-01-20,1,0,1
2019-01-20,1,1,0
2019-01-20,4,3,1
2019-01-20,9,4,5
2019-01-20,7,6,1
2019-01-20,9,4,5
2019-01-20,13,3,10
2019-01-20,20,13,7
2019-01-20,23,14,9
2019-01-20,23,12,11
2019-01-20,20,6,14
2019-01-20,14,6,8
2019-01-20,19,13,6
2019-01-20,12,4,8
2019-01-20,15,5,10
2019-01-20,11,5,6
2019-01-20,4,1,3
2019-01-20,5,1,4
2019-01-20,3,0,3
2019-01-21,4,4,0
2019-01-21,0,0,0
2019-01-21,0,0,0
2019-01-21,1,0,1
2019-01-21,2,2,0
2019-01-21,7,6,1
2019-01-21,15,8,7
2019-01-21,49,28,21
2019-01-21,70,36,34
2019-01-21,45,20,25
2019-01-21,20,12,8
2019-01-21,27,13,14
2019-01-21,31,18,13
2019-01-21,33,16,17
2019-01-21,42,19,23
2019-01-21,38,15,23
2019-01-21,75,26,49
2019-01-21,100,29,71
2019-01-21,45,23,22
2019-01-21,20,9,11
2019-01-21,14,10,4
2019-01-21,8,4,4
2019-01-21,12,10,2
2019-01-21,2,0,2
2019-01-22,3,2,1
2019-01-22,1,1,0
2019-01-22,2,1,1
2019-01-22,2,0,2
2019-01-22,1,1,0
2019-01-22,22,18,4
2019-01-22,31,19,12
2019-01-22,91,58,33
2019-01-22,145,70,75
2019-01-22,63,30,33
2019-01-22,32,18,14
2019-01-22,32,21,11
2019-01-22,20,11,9
2019-01-22,25,14,11
2019-01-22,29,11,18
2019-01-22,55,17,38
2019-01-22,103,36,67
2019-01-22,161,49,112
2019-01-22,83,28,55
2019-01-22,24,9,15
2019-01-22,10,5,5
2019-01-22,8,4,4
2019-01-22,2,2,0
2019-01-22,3,1,2
2019-01-23,4,3,1
2019-01-23,1,0,1
2019-01-23,0,0,0
2019-01-23,1,0,1
2019-01-23,3,2,1
2019-01-23,13,8,5
2019-01-23,38,23,15
2019-01-23,90,62,28
2019-01-23,131,69,62
2019-01-23,45,22,23
2019-01-23,29,20,9
2019-01-23,32,18,14
2019-01-23,47,22,25
2019-01-23,36,23,13
2019-01-23,35,14,21
2019-01-23,73,26,47
2019-01-23,119,47,72
2019-01-23,176,70,106
2019-01-23,75,33,42
2019-01-23,30,12,18
2019-01-23,24,12,12
2019-01-23,13,5,8
2019-01-23,9,5,4
2019-01-23,4,2,2
2019-01-24,3,1,2
2019-01-24,1,0,1
2019-01-24,2,2,0
2019-01-24,0,0,0
2019-01-24,4,4,0
2019-01-24,20,14,6
2019-01-24,41,26,15
2019-01-24,101,57,44
2019-01-24,141,73,68
2019-01-24,65,23,42
2019-01-24,45,23,22
2019-01-24,44,27,17
2019-01-24,33,12,21
2019-01-24,39,18,21
2019-01-24,29,10,19
2019-01-24,73,29,44
2019-01-24,135,43,92
2019-01-24,172,54,118
2019-01-24,105,43,62
2019-01-24,33,20,13
2019-01-24,20,6,14
2019-01-24,11,4,7
2019-01-24,6,2,4
2019-01-24,5,1,4
2019-01-25,2,2,0
2019-01-25,1,0,1
2019-01-25,0,0,0
2019-01-25,0,0,0
2019-01-25,0,0,0
2019-01-25,18,12,6
2019-01-25,32,16,16
2019-01-25,99,57,42
2019-01-25,129,64,65
2019-01-25,96,45,51
2019-01-25,43,26,17
2019-01-25,55,23,32
2019-01-25,60,30,30
2019-01-25,49,19,30
2019-01-25,61,29,32
2019-01-25,91,39,52
2019-01-25,166,58,108
2019-01-25,164,68,96
2019-01-25,78,25,53
2019-01-25,32,14,18
2019-01-25,6,4,2
2019-01-25,10,3,7
2019-01-25,11,5,6
2019-01-25,6,5,1
2019-01-26,5,1,4
2019-01-26,4,1,3
2019-01-26,4,2,2
2019-01-26,1,1,0
2019-01-26,1,1,0
2019-01-26,2,0,2
2019-01-26,3,0,3
2019-01-26,4,2,2
2019-01-26,18,6,12
2019-01-26,12,6,6
2019-01-26,32,7,25
2019-01-26,34,20,14
2019-01-26,46,21,25
2019-01-26,31,15,16
2019-01-26,38,16,22
2019-01-26,36,17,19
2019-01-26,41,23,18
2019-01-26,17,6,11
2019-01-26,24,10,14
2019-01-26,11,5,6
2019-01-26,12,7,5
2019-01-26,4,2,2
2019-01-26,7,4,3
2019-01-26,12,3,9
2019-01-27,8,4,4
2019-01-27,3,1,2
2019-01-27,4,1,3
2019-01-27,1,0,1
2019-01-27,1,1,0
2019-01-27,2,2,0
2019-01-27,4,1,3
2019-01-27,3,1,2
2019-01-27,5,1,4
2019-01-27,8,5,3
2019-01-27,15,10,5
2019-01-27,15,6,9
2019-01-27,23,9,14
2019-01-27,27,14,13
2019-01-27,30,17,13
2019-01-27,25,9,16
2019-01-27,20,14,6
2019-01-27,18,8,10
2019-01-27,18,14,4
2019-01-27,9,2,7
2019-01-27,7,5,2
2019-01-27,6,2,4
2019-01-27,5,3,2
2019-01-27,1,0,1
2019-01-28,4,2,2
2019-01-28,0,0,0
2019-01-28,4,1,3
2019-01-28,0,0,0
2019-01-28,4,3,1
2019-01-28,16,9,7
2019-01-28,36,18,18
2019-01-28,95,52,43
2019-01-28,162,83,79
2019-01-28,82,36,46
2019-01-28,36,17,19
2019-01-28,30,13,17
2019-01-28,45,31,14
2019-01-28,31,16,15
2019-01-28,50,19,31
2019-01-28,76,19,57
2019-01-28,151,54,97
2019-01-28,198,77,121
2019-01-28,78,28,50
2019-01-28,31,12,19
2019-01-28,13,9,4
2019-01-28,6,4,2
2019-01-28,2,1,1
2019-01-28,1,1,0
2019-01-29,1,1,0
2019-01-29,0,0,0
2019-01-29,0,0,0
2019-01-29,1,0,1
2019-01-29,2,2,0
2019-01-29,22,14,8
2019-01-29,47,26,21
2019-01-29,97,59,38
2019-01-29,148,70,78
2019-01-29,90,43,47
2019-01-29,45,28,17
2019-01-29,39,23,16
2019-01-29,37,16,21
2019-01-29,41,20,21
2019-01-29,52,16,36
2019-01-29,69,29,40
2019-01-29,166,60,106
2019-01-29,188,75,113
2019-01-29,109,41,68
2019-01-29,36,10,26
2019-01-29,20,12,8
2019-01-29,17,7,10
2019-01-29,13,9,4
2019-01-29,4,2,2
2019-01-30,0,0,0
2019-01-30,0,0,0
2019-01-30,0,0,0
2019-01-30,0,0,0
2019-01-30,2,2,0
2019-01-30,14,10,4
2019-01-30,42,22,20
2019-01-30,84,51,33
2019-01-30,163,77,86
2019-01-30,79,30,49
2019-01-30,39,21,18
2019-01-30,37,21,16
2019-01-30,40,19,21
2019-01-30,44,21,23
2019-01-30,49,17,32
2019-01-30,50,12,38
2019-01-30,147,49,98
2019-01-30,188,69,119
2019-01-30,97,42,55
2019-01-30,43,21,22
2019-01-30,23,11,12
2019-01-30,9,4,5
2019-01-30,8,3,5
2019-01-30,5,3,2
2019-01-31,0,0,0
2019-01-31,0,0,0
2019-01-31,1,1,0
2019-01-31,2,1,1
2019-01-31,1,1,0
2019-01-31,17,10,7
2019-01-31,27,17,10
2019-01-31,97,59,38
2019-01-31,133,59,74
2019-01-31,91,40,51
2019-01-31,38,15,23
2019-01-31,41,20,21
2019-01-31,33,19,14
2019-01-31,41,19,22
2019-01-31,44,14,30
2019-01-31,80,25,55
2019-01-31,126,31,95
2019-01-31,188,62,126
2019-01-31,115,58,57
2019-01-31,40,11,29
2019-01-31,28,15,13
2019-01-31,21,8,13
2019-01-31,9,5,4
2019-01-31,5,3,2
2019-02-01,4,1,3
2019-02-01,4,3,1
2019-02-01,1,1,0
2019-02-01,3,2,1
2019-02-01,3,2,1
2019-02-01,13,4,9
2019-02-01,23,17,6
2019-02-01,50,33,17
2019-02-01,80,42,38
2019-02-01,53,21,32
2019-02-01,27,9,18
2019-02-01,27,15,12
2019-02-01,24,13,11
2019-02-01,25,11,14
2019-02-01,30,15,15
2019-02-01,49,20,29
2019-02-01,96,32,64
2019-02-01,119,45,74
2019-02-01,46,15,31
2019-02-01,37,23,14
2019-02-01,11,7,4
2019-02-01,13,9,4
2019-02-01,5,4,1
2019-02-01,2,0,2
2019-02-02,3,1,2
2019-02-02,2,1,1
2019-02-02,4,1,3
2019-02-02,0,0,0
2019-02-02,1,0,1
2019-02-02,4,2,2
2019-02-02,5,4,1
2019-02-02,11,7,4
2019-02-02,11,6,5
2019-02-02,18,8,10
2019-02-02,31,12,19
2019-02-02,23,10,13
2019-02-02,35,19,16
2019-02-02,46,23,23
2019-02-02,49,27,22
2019-02-02,25,15,10
2019-02-02,37,18,19
2019-02-02,37,18,19
2019-02-02,27,14,13
2019-02-02,16,8,8
2019-02-02,9,7,2
2019-02-02,4,3,1
2019-02-02,7,4,3
2019-02-02,3,1,2
2019-02-03,5,2,3
2019-02-03,2,1,1
2019-02-03,2,1,1
2019-02-03,0,0,0
2019-02-03,1,1,0
2019-02-03,4,3,1
2019-02-03,9,5,4
2019-02-03,115,105,10
2019-02-03,150,138,12
2019-02-03,97,51,46
2019-02-03,131,17,114
2019-02-03,111,15,96
2019-02-03,40,6,34
2019-02-03,26,11,15
2019-02-03,23,13,10
2019-02-03,14,7,7
2019-02-03,9,5,4
2019-02-03,13,6,7
2019-02-03,7,1,6
2019-02-03,3,1,2
2019-02-03,3,1,2
2019-02-03,3,2,1
2019-02-03,3,0,3
2019-02-03,1,1,0
2019-02-04,2,2,0
2019-02-04,1,1,0
2019-02-04,0,0,0
2019-02-04,4,4,0
2019-02-04,4,4,0
2019-02-04,6,3,3
2019-02-04,10,9,1
2019-02-04,13,7,6
2019-02-04,10,5,5
2019-02-04,6,3,3
2019-02-04,3,2,1
2019-02-04,5,3,2
2019-02-04,6,5,1
2019-02-04,6,4,2
2019-02-04,2,2,0
2019-02-04,6,2,4
2019-02-04,7,4,3
2019-02-04,13,7,6
2019-02-04,4,3,1
2019-02-04,1,1,0
2019-02-04,1,0,1
2019-02-04,2,2,0
2019-02-04,1,1,0
2019-02-04,0,0,0
2019-02-05,0,0,0
2019-02-05,0,0,0
2019-02-05,0,0,0
2019-02-05,2,1,1
2019-02-05,1,1,0
2019-02-05,1,1,0
2019-02-05,9,8,1
2019-02-05,9,6,3
2019-02-05,13,8,5
2019-02-05,9,3,6
2019-02-05,12,8,4
2019-02-05,19,13,6
2019-02-05,18,12,6
2019-02-05,12,8,4
2019-02-05,18,8,10
2019-02-05,16,8,8
2019-02-05,28,12,16
2019-02-05,34,13,21
2019-02-05,14,10,4
2019-02-05,6,4,2
2019-02-05,7,2,5
2019-02-05,2,0,2
2019-02-05,2,2,0
2019-02-05,1,1,0
2019-02-06,2,1,1
2019-02-06,0,0,0
2019-02-06,0,0,0
2019-02-06,0,0,0
2019-02-06,0,0,0
2019-02-06,6,4,2
2019-02-06,12,10,2
2019-02-06,23,13,10
2019-02-06,49,31,18
2019-02-06,27,14,13
2019-02-06,21,14,7
2019-02-06,31,17,14
2019-02-06,20,12,8
2019-02-06,20,12,8
2019-02-06,26,14,12
2019-02-06,31,14,17
2019-02-06,54,24,30
2019-02-06,72,26,46
2019-02-06,33,15,18
2019-02-06,13,10,3
2019-02-06,10,6,4
2019-02-06,5,2,3
2019-02-06,2,1,1
2019-02-06,3,1,2
2019-02-07,1,0,1
2019-02-07,0,0,0
2019-02-07,0,0,0
2019-02-07,0,0,0
2019-02-07,0,0,0
2019-02-07,9,7,2
2019-02-07,10,6,4
2019-02-07,23,15,8
2019-02-07,57,32,25
2019-02-07,31,12,19
2019-02-07,19,10,9
2019-02-07,19,13,6
2019-02-07,24,12,12
2019-02-07,19,9,10
2019-02-07,35,17,18
2019-02-07,40,13,27
2019-02-07,69,20,49
2019-02-07,101,32,69
2019-02-07,36,12,24
2019-02-07,26,10,16
2019-02-07,10,6,4
2019-02-07,6,2,4
2019-02-07,4,2,2
2019-02-07,2,2,0
2019-02-08,1,1,0
2019-02-08,1,1,0
2019-02-08,0,0,0
2019-02-08,1,0,1
2019-02-08,2,0,2
2019-02-08,8,5,3
2019-02-08,15,10,5
2019-02-08,20,10,10
2019-02-08,35,21,14
2019-02-08,16,8,8
2019-02-08,12,7,5
2019-02-08,34,21,13
2019-02-08,67,29,38
2019-02-08,37,13,24
2019-02-08,33,11,22
2019-02-08,19,8,11
2019-02-08,12,6,6
2019-02-08,12,7,5
2019-02-08,4,0,4
2019-02-08,2,2,0
2019-02-08,1,0,1
2019-02-08,4,1,3
2019-02-08,3,3,0
2019-02-08,1,0,1
2019-02-09,2,1,1
2019-02-09,0,0,0
2019-02-09,0,0,0
2019-02-09,0,0,0
2019-02-09,0,0,0
2019-02-09,0,0,0
2019-02-09,0,0,0
2019-02-09,0,0,0
2019-02-09,1,0,1
2019-02-09,0,0,0
2019-02-09,3,3,0
2019-02-09,0,0,0
2019-02-09,0,0,0
2019-02-09,0,0,0
2019-02-09,0,0,0
2019-02-09,0,0,0
2019-02-09,0,0,0
2019-02-09,2,1,1
2019-02-09,0,0,0
2019-02-09,1,1,0
2019-02-09,0,0,0
2019-02-09,1,1,0
2019-02-09,0,0,0
2019-02-09,0,0,0
2019-02-10,0,0,0
2019-02-10,0,0,0
2019-02-10,0,0,0
2019-02-10,0,0,0
2019-02-10,0,0,0
2019-02-10,0,0,0
2019-02-10,0,0,0
2019-02-10,0,0,0
2019-02-10,0,0,0
2019-02-10,0,0,0
2019-02-10,0,0,0
2019-02-10,0,0,0
2019-02-10,0,0,0
2019-02-10,0,0,0
2019-02-10,0,0,0
2019-02-10,1,0,1
2019-02-10,1,0,1
2019-02-10,2,1,1
2019-02-10,0,0,0
2019-02-10,0,0,0
2019-02-10,0,0,0
2019-02-10,0,0,0
2019-02-10,0,0,0
2019-02-10,0,0,0
2019-02-11,0,0,0
2019-02-11,0,0,0
2019-02-11,0,0,0
2019-02-11,0,0,0
2019-02-11,0,0,0
2019-02-11,2,2,0
2019-02-11,1,1,0
2019-02-11,0,0,0
2019-02-11,11,9,2
2019-02-11,6,6,0
2019-02-11,3,3,0
2019-02-11,2,2,0
2019-02-11,6,6,0
2019-02-11,4,4,0
2019-02-11,8,5,3
2019-02-11,6,2,4
2019-02-11,2,2,0
2019-02-11,4,3,1
2019-02-11,2,1,1
2019-02-11,1,0,1
2019-02-11,1,1,0
2019-02-11,0,0,0
2019-02-11,0,0,0
2019-02-11,1,1,0
2019-02-12,0,0,0
2019-02-12,0,0,0
2019-02-12,0,0,0
2019-02-12,0,0,0
2019-02-12,0,0,0
2019-02-12,0,0,0
2019-02-12,4,4,0
2019-02-12,2,1,1
2019-02-12,9,6,3
2019-02-12,8,4,4
2019-02-12,9,8,1
2019-02-12,12,7,5
2019-02-12,8,5,3
2019-02-12,6,2,4
2019-02-12,6,2,4
2019-02-12,11,5,6
2019-02-12,17,9,8
2019-02-12,19,9,10
2019-02-12,5,3,2
2019-02-12,7,3,4
2019-02-12,4,3,1
2019-02-12,5,4,1
2019-02-12,2,1,1
2019-02-12,1,0,1
2019-02-13,0,0,0
2019-02-13,0,0,0
2019-02-13,0,0,0
2019-02-13,0,0,0
2019-02-13,0,0,0
2019-02-13,4,4,0
2019-02-13,5,3,2
2019-02-13,21,8,13
2019-02-13,33,15,18
2019-02-13,28,17,11
2019-02-13,14,7,7
2019-02-13,28,14,14
2019-02-13,23,11,12
2019-02-13,13,6,7
2019-02-13,25,11,14
2019-02-13,22,9,13
2019-02-13,40,10,30
2019-02-13,47,20,27
2019-02-13,32,14,18
2019-02-13,10,4,6
2019-02-13,9,7,2
2019-02-13,5,3,2
2019-02-13,1,0,1
2019-02-13,4,2,2
2019-02-14,1,1,0
2019-02-14,1,1,0
2019-02-14,0,0,0
2019-02-14,0,0,0
2019-02-14,0,0,0
2019-02-14,3,2,1
2019-02-14,6,1,5
2019-02-14,28,14,14
2019-02-14,45,20,25
2019-02-14,34,14,20
2019-02-14,26,11,15
2019-02-14,33,20,13
2019-02-14,24,12,12
2019-02-14,32,16,16
2019-02-14,11,6,5
2019-02-14,22,7,15
2019-02-14,45,21,24
2019-02-14,62,24,38
2019-02-14,27,13,14
2019-02-14,12,8,4
2019-02-14,3,2,1
2019-02-14,11,3,8
2019-02-14,4,1,3
2019-02-14,1,1,0
2019-02-15,0,0,0
2019-02-15,1,1,0
2019-02-15,0,0,0
2019-02-15,3,2,1
2019-02-15,2,1,1
2019-02-15,10,7,3
2019-02-15,16,10,6
2019-02-15,40,18,22
2019-02-15,64,28,36
2019-02-15,37,20,17
2019-02-15,24,9,15
2019-02-15,35,18,17
2019-02-15,27,10,17
2019-02-15,28,10,18
2019-02-15,18,8,10
2019-02-15,37,11,26
2019-02-15,73,26,47
2019-02-15,70,25,45
2019-02-15,37,10,27
2019-02-15,12,4,8
2019-02-15,5,3,2
2019-02-15,3,2,1
2019-02-15,3,0,3
2019-02-15,2,1,1
2019-02-16,1,1,0
2019-02-16,5,3,2
2019-02-16,6,2,4
2019-02-16,1,0,1
2019-02-16,5,3,2
2019-02-16,2,1,1
2019-02-16,5,3,2
2019-02-16,6,3,3
2019-02-16,8,2,6
2019-02-16,8,6,2
2019-02-16,6,2,4
2019-02-16,13,7,6
2019-02-16,14,9,5
2019-02-16,14,8,6
2019-02-16,8,3,5
2019-02-16,12,9,3
2019-02-16,8,3,5
2019-02-16,5,3,2
2019-02-16,10,6,4
2019-02-16,3,2,1
2019-02-16,5,4,1
2019-02-16,5,2,3
2019-02-16,4,2,2
2019-02-16,4,0,4
2019-02-17,1,1,0
2019-02-17,3,1,2
2019-02-17,6,2,4
2019-02-17,1,0,1
2019-02-17,2,1,1
2019-02-17,0,0,0
2019-02-17,3,1,2
2019-02-17,2,1,1
2019-02-17,6,3,3
2019-02-17,14,7,7
2019-02-17,7,4,3
2019-02-17,9,8,1
2019-02-17,13,9,4
2019-02-17,21,13,8
2019-02-17,19,10,9
2019-02-17,12,8,4
2019-02-17,13,8,5
2019-02-17,22,8,14
2019-02-17,16,9,7
2019-02-17,11,6,5
2019-02-17,5,3,2
2019-02-17,7,2,5
2019-02-17,4,2,2
2019-02-17,1,1,0
2019-02-18,2,0,2
2019-02-18,4,2,2
2019-02-18,0,0,0
2019-02-18,1,1,0
2019-02-18,3,3,0
2019-02-18,7,5,2
2019-02-18,9,5,4
2019-02-18,32,16,16
2019-02-18,31,18,13
2019-02-18,41,23,18
2019-02-18,28,11,17
2019-02-18,19,14,5
2019-02-18,11,6,5
2019-02-18,17,12,5
2019-02-18,27,13,14
2019-02-18,27,12,15
2019-02-18,45,18,27
2019-02-18,66,29,37
2019-02-18,37,16,21
2019-02-18,20,7,13
2019-02-18,7,4,3
2019-02-18,5,2,3
2019-02-18,4,3,1
2019-02-18,1,0,1
2019-02-19,2,2,0
2019-02-19,0,0,0
2019-02-19,2,2,0
2019-02-19,0,0,0
2019-02-19,0,0,0
2019-02-19,15,11,4
2019-02-19,21,11,10
2019-02-19,68,39,29
2019-02-19,91,38,53
2019-02-19,50,24,26
2019-02-19,25,15,10
2019-02-19,36,19,17
2019-02-19,34,26,8
2019-02-19,21,12,9
2019-02-19,26,11,15
2019-02-19,46,15,31
2019-02-19,78,26,52
2019-02-19,129,49,80
2019-02-19,49,14,35
2019-02-19,24,11,13
2019-02-19,9,5,4
2019-02-19,3,2,1
2019-02-19,3,2,1
2019-02-19,2,0,2
2019-02-20,0,0,0
2019-02-20,1,1,0
2019-02-20,0,0,0
2019-02-20,1,0,1
2019-02-20,1,1,0
2019-02-20,12,9,3
2019-02-20,17,14,3
2019-02-20,67,37,30
2019-02-20,108,59,49
2019-02-20,69,32,37
2019-02-20,20,10,10
2019-02-20,37,22,15
2019-02-20,33,15,18
2019-02-20,28,15,13
2019-02-20,28,13,15
2019-02-20,46,18,28
2019-02-20,71,24,47
2019-02-20,130,48,82
2019-02-20,73,23,50
2019-02-20,17,8,9
2019-02-20,16,5,11
2019-02-20,16,9,7
2019-02-20,5,4,1
2019-02-20,3,1,2
2019-02-21,3,1,2
2019-02-21,2,2,0
2019-02-21,1,0,1
2019-02-21,1,1,0
2019-02-21,2,1,1
2019-02-21,11,9,2
2019-02-21,17,11,6
2019-02-21,59,33,26
2019-02-21,94,51,43
2019-02-21,73,38,35
2019-02-21,35,22,13
2019-02-21,27,13,14
2019-02-21,33,18,15
2019-02-21,39,14,25
2019-02-21,34,17,17
2019-02-21,54,18,36
2019-02-21,109,38,71
2019-02-21,142,52,90
2019-02-21,73,29,44
2019-02-21,26,8,18
2019-02-21,20,9,11
2019-02-21,10,4,6
2019-02-21,18,8,10
2019-02-21,4,0,4
2019-02-22,4,1,3
2019-02-22,1,1,0
2019-02-22,1,1,0
2019-02-22,1,0,1
2019-02-22,3,3,0
2019-02-22,10,7,3
2019-02-22,22,16,6
2019-02-22,51,34,17
2019-02-22,85,42,43
2019-02-22,50,21,29
2019-02-22,25,14,11
2019-02-22,26,18,8
2019-02-22,21,12,9
2019-02-22,20,7,13
2019-02-22,33,19,14
2019-02-22,44,15,29
2019-02-22,82,32,50
2019-02-22,82,43,39
2019-02-22,49,22,27
2019-02-22,17,8,9
2019-02-22,12,6,6
2019-02-22,7,3,4
2019-02-22,4,2,2
2019-02-22,5,2,3
2019-02-23,6,3,3
2019-02-23,2,0,2
2019-02-23,1,0,1
2019-02-23,1,0,1
2019-02-23,2,2,0
2019-02-23,4,2,2
2019-02-23,2,1,1
2019-02-23,5,4,1
2019-02-23,6,3,3
2019-02-23,11,5,6
2019-02-23,10,3,7
2019-02-23,13,4,9
2019-02-23,16,6,10
2019-02-23,17,9,8
2019-02-23,24,9,15
2019-02-23,23,10,13
2019-02-23,21,8,13
2019-02-23,13,5,8
2019-02-23,18,9,9
2019-02-23,5,3,2
2019-02-23,0,0,0
2019-02-23,1,0,1
2019-02-23,6,0,6
2019-02-23,4,2,2
2019-02-24,1,1,0
2019-02-24,2,1,1
2019-02-24,1,0,1
2019-02-24,1,0,1
2019-02-24,0,0,0
2019-02-24,3,2,1
2019-02-24,1,0,1
2019-02-24,22,6,16
2019-02-24,34,6,28
2019-02-24,19,5,14
2019-02-24,18,9,9
2019-02-24,12,6,6
2019-02-24,24,14,10
2019-02-24,17,11,6
2019-02-24,49,34,15
2019-02-24,46,37,9
2019-02-24,31,21,10
2019-02-24,12,5,7
2019-02-24,17,8,9
2019-02-24,7,4,3
2019-02-24,10,3,7
2019-02-24,3,2,1
2019-02-24,2,1,1
2019-02-24,3,1,2
2019-02-25,0,0,0
2019-02-25,1,1,0
2019-02-25,1,1,0
2019-02-25,3,2,1
2019-02-25,3,3,0
2019-02-25,13,11,2
2019-02-25,29,17,12
2019-02-25,86,53,33
2019-02-25,127,65,62
2019-02-25,72,38,34
2019-02-25,39,25,14
2019-02-25,42,24,18
2019-02-25,41,19,22
2019-02-25,27,19,8
2019-02-25,47,21,26
2019-02-25,57,14,43
2019-02-25,97,33,64
2019-02-25,148,60,88
2019-02-25,70,27,43
2019-02-25,17,6,11
2019-02-25,16,6,10
2019-02-25,13,7,6
2019-02-25,6,3,3
2019-02-25,2,1,1
2019-02-26,3,3,0
2019-02-26,0,0,0
2019-02-26,0,0,0
2019-02-26,0,0,0
2019-02-26,4,2,2
2019-02-26,14,13,1
2019-02-26,27,15,12
2019-02-26,88,52,36
2019-02-26,117,59,58
2019-02-26,70,31,39
2019-02-26,36,21,15
2019-02-26,31,21,10
2019-02-26,40,16,24
2019-02-26,30,16,14
2019-02-26,32,16,16
2019-02-26,60,23,37
2019-02-26,122,50,72
2019-02-26,147,57,90
2019-02-26,69,24,45
2019-02-26,29,10,19
2019-02-26,16,7,9
2019-02-26,2,1,1
2019-02-26,7,5,2
2019-02-26,6,3,3
2019-02-27,4,2,2
2019-02-27,0,0,0
2019-02-27,2,1,1
2019-02-27,0,0,0
2019-02-27,2,2,0
2019-02-27,17,11,6
2019-02-27,19,8,11
2019-02-27,70,42,28
2019-02-27,107,45,62
2019-02-27,69,34,35
2019-02-27,31,19,12
2019-02-27,19,11,8
2019-02-27,29,15,14
2019-02-27,31,12,19
2019-02-27,37,16,21
2019-02-27,43,15,28
2019-02-27,103,45,58
2019-02-27,137,52,85
2019-02-27,72,32,40
2019-02-27,22,13,9
2019-02-27,9,5,4
2019-02-27,14,4,10
2019-02-27,5,2,3
2019-02-27,4,2,2
2019-02-28,2,1,1
2019-02-28,1,1,0
2019-02-28,0,0,0
2019-02-28,1,0,1
2019-02-28,3,2,1
2019-02-28,14,11,3
2019-02-28,19,11,8
2019-02-28,76,44,32
2019-02-28,102,57,45
2019-02-28,55,23,32
2019-02-28,36,13,23
2019-02-28,37,20,17
2019-02-28,32,14,18
2019-02-28,39,18,21
2019-02-28,49,25,24
2019-02-28,65,17,48
2019-02-28,96,48,48
2019-02-28,154,58,96
2019-02-28,83,28,55
2019-02-28,23,11,12
2019-02-28,17,7,10
2019-02-28,11,5,6
2019-02-28,5,2,3
2019-02-28,5,2,3
2019-03-01,3,2,1
2019-03-01,1,0,1
2019-03-01,3,2,1
2019-03-01,0,0,0
2019-03-01,3,3,0
2019-03-01,10,8,2
2019-03-01,20,12,8
2019-03-01,79,46,33
2019-03-01,114,52,62
2019-03-01,49,25,24
2019-03-01,31,15,16
2019-03-01,32,12,20
2019-03-01,44,19,25
2019-03-01,34,16,18
2019-03-01,41,16,25
2019-03-01,73,25,48
2019-03-01,108,42,66
2019-03-01,128,45,83
2019-03-01,58,15,43
2019-03-01,20,11,9
2019-03-01,21,8,13
2019-03-01,13,7,6
2019-03-01,8,5,3
2019-03-01,7,3,4
2019-03-02,7,4,3
2019-03-02,4,1,3
2019-03-02,6,3,3
2019-03-02,1,1,0
2019-03-02,2,2,0
2019-03-02,3,1,2
2019-03-02,2,1,1
2019-03-02,5,3,2
2019-03-02,13,9,4
2019-03-02,5,3,2
2019-03-02,16,6,10
2019-03-02,16,5,11
2019-03-02,25,14,11
2019-03-02,41,19,22
2019-03-02,36,15,21
2019-03-02,41,20,21
2019-03-02,39,23,16
2019-03-02,21,4,17
2019-03-02,52,9,43
2019-03-02,20,7,13
2019-03-02,1,1,0
2019-03-02,35,28,7
2019-03-02,10,6,4
2019-03-02,6,5,1
2019-03-03,8,1,7
2019-03-03,3,1,2
2019-03-03,4,2,2
2019-03-03,1,0,1
2019-03-03,0,0,0
2019-03-03,4,0,4
2019-03-03,4,2,2
2019-03-03,2,1,1
2019-03-03,9,3,6
2019-03-03,15,10,5
2019-03-03,15,11,4
2019-03-03,18,8,10
2019-03-03,16,6,10
2019-03-03,24,13,11
2019-03-03,35,19,16
2019-03-03,36,20,16
2019-03-03,27,12,15
2019-03-03,25,9,16
2019-03-03,16,10,6
2019-03-03,10,4,6
2019-03-03,7,3,4
2019-03-03,3,2,1
2019-03-03,4,0,4
2019-03-03,0,0,0
2019-03-04,0,0,0
2019-03-04,1,0,1
2019-03-04,2,1,1
2019-03-04,1,1,0
2019-03-04,4,4,0
2019-03-04,12,10,2
2019-03-04,21,14,7
2019-03-04,112,74,38
2019-03-04,141,71,70
2019-03-04,62,31,31
2019-03-04,31,15,16
2019-03-04,27,18,9
2019-03-04,30,15,15
2019-03-04,32,17,15
2019-03-04,40,22,18
2019-03-04,69,21,48
2019-03-04,145,50,95
2019-03-04,162,67,95
2019-03-04,67,35,32
2019-03-04,21,7,14
2019-03-04,15,6,9
2019-03-04,4,2,2
2019-03-04,8,5,3
2019-03-04,4,2,2
2019-03-05,4,2,2
2019-03-05,0,0,0
2019-03-05,4,3,1
2019-03-05,1,0,1
2019-03-05,3,3,0
2019-03-05,20,17,3
2019-03-05,20,13,7
2019-03-05,85,44,41
2019-03-05,143,68,75
2019-03-05,71,38,33
2019-03-05,31,19,12
2019-03-05,24,11,13
2019-03-05,49,27,22
2019-03-05,43,18,25
2019-03-05,48,27,21
2019-03-05,55,22,33
2019-03-05,134,47,87
2019-03-05,161,60,101
2019-03-05,80,28,52
2019-03-05,23,10,13
2019-03-05,19,10,9
2019-03-05,8,2,6
2019-03-05,5,3,2
2019-03-05,4,1,3
2019-03-06,4,1,3
2019-03-06,1,1,0
2019-03-06,1,1,0
2019-03-06,2,2,0
2019-03-06,2,2,0
2019-03-06,23,15,8
2019-03-06,28,18,10
2019-03-06,76,38,38
2019-03-06,102,48,54
2019-03-06,72,36,36
2019-03-06,38,20,18
2019-03-06,26,12,14
2019-03-06,37,22,15
2019-03-06,25,12,13
2019-03-06,16,7,9
2019-03-06,43,18,25
2019-03-06,74,19,55
2019-03-06,131,58,73
2019-03-06,54,19,35
2019-03-06,25,9,16
2019-03-06,14,5,9
2019-03-06,3,1,2
2019-03-06,3,1,2
2019-03-06,2,1,1
2019-03-07,2,2,0
2019-03-07,0,0,0
2019-03-07,0,0,0
2019-03-07,0,0,0
2019-03-07,4,3,1
2019-03-07,10,8,2
2019-03-07,16,10,6
2019-03-07,34,21,13
2019-03-07,55,24,31
2019-03-07,29,12,17
2019-03-07,15,6,9
2019-03-07,17,8,9
2019-03-07,29,10,19
2019-03-07,25,16,9
2019-03-07,30,14,16
2019-03-07,36,15,21
2019-03-07,67,24,43
2019-03-07,90,26,64
2019-03-07,45,21,24
2019-03-07,33,20,13
2019-03-07,15,8,7
2019-03-07,14,7,7
2019-03-07,9,7,2
2019-03-07,6,2,4
2019-03-08,2,2,0
2019-03-08,1,0,1
2019-03-08,2,2,0
2019-03-08,1,0,1
2019-03-08,4,3,1
2019-03-08,8,4,4
2019-03-08,24,16,8
2019-03-08,53,34,19
2019-03-08,76,37,39
2019-03-08,32,16,16
2019-03-08,22,14,8
2019-03-08,38,21,17
2019-03-08,24,12,12
2019-03-08,26,15,11
2019-03-08,36,17,19
2019-03-08,40,18,22
2019-03-08,73,22,51
2019-03-08,113,43,70
2019-03-08,46,15,31
2019-03-08,25,10,15
2019-03-08,11,4,7
2019-03-08,6,2,4
2019-03-08,5,1,4
2019-03-08,6,2,4
2019-03-09,3,1,2
2019-03-09,4,3,1
2019-03-09,3,1,2
2019-03-09,0,0,0
2019-03-09,3,2,1
2019-03-09,3,1,2
2019-03-09,4,2,2
2019-03-09,3,2,1
2019-03-09,9,6,3
2019-03-09,9,3,6
2019-03-09,9,6,3
2019-03-09,15,9,6
2019-03-09,28,8,20
2019-03-09,31,12,19
2019-03-09,39,22,17
2019-03-09,31,17,14
2019-03-09,25,7,18
2019-03-09,38,14,24
2019-03-09,34,9,25
2019-03-09,7,1,6
2019-03-09,15,7,8
2019-03-09,31,24,7
2019-03-09,17,11,6
2019-03-09,6,2,4
2019-03-10,3,2,1
2019-03-10,1,1,0
2019-03-10,0,0,0
2019-03-10,1,0,1
2019-03-10,2,0,2
2019-03-10,4,2,2
2019-03-10,2,0,2
2019-03-10,2,0,2
2019-03-10,6,4,2
2019-03-10,15,11,4
2019-03-10,11,7,4
2019-03-10,29,13,16
2019-03-10,13,5,8
2019-03-10,37,20,17
2019-03-10,52,18,34
2019-03-10,13,4,9
2019-03-10,18,10,8
2019-03-10,33,17,16
2019-03-10,19,11,8
2019-03-10,14,6,8
2019-03-10,13,4,9
2019-03-10,3,3,0
2019-03-10,11,4,7
2019-03-10,10,7,3
2019-03-11,5,1,4
2019-03-11,1,1,0
2019-03-11,0,0,0
2019-03-11,1,1,0
2019-03-11,5,5,0
2019-03-11,16,14,2
2019-03-11,21,11,10
2019-03-11,77,48,29
2019-03-11,115,56,59
2019-03-11,78,37,41
2019-03-11,28,18,10
2019-03-11,32,15,17
2019-03-11,37,18,19
2019-03-11,32,18,14
2019-03-11,25,10,15
2019-03-11,59,18,41
2019-03-11,110,31,79
2019-03-11,158,62,96
2019-03-11,77,35,42
2019-03-11,24,9,15
2019-03-11,17,9,8
2019-03-11,8,5,3
2019-03-11,3,1,2
2019-03-11,0,0,0
2019-03-12,2,2,0
2019-03-12,1,1,0
2019-03-12,0,0,0
2019-03-12,0,0,0
2019-03-12,1,1,0
2019-03-12,8,5,3
2019-03-12,18,14,4
2019-03-12,52,35,17
2019-03-12,97,49,48
2019-03-12,59,33,26
2019-03-12,33,16,17
2019-03-12,30,20,10
2019-03-12,21,13,8
2019-03-12,21,12,9
2019-03-12,35,14,21
2019-03-12,37,12,25
2019-03-12,96,35,61
2019-03-12,134,48,86
2019-03-12,76,27,49
2019-03-12,30,15,15
2019-03-12,13,6,7
2019-03-12,11,6,5
2019-03-12,9,4,5
2019-03-12,3,3,0
2019-03-13,2,1,1
2019-03-13,3,1,2
2019-03-13,2,1,1
2019-03-13,0,0,0
2019-03-13,2,2,0
2019-03-13,10,8,2
2019-03-13,34,22,12
2019-03-13,75,45,30
2019-03-13,124,63,61
2019-03-13,65,29,36
2019-03-13,43,15,28
2019-03-13,44,21,23
2019-03-13,43,25,18
2019-03-13,32,17,15
2019-03-13,50,26,24
2019-03-13,68,20,48
2019-03-13,88,25,63
2019-03-13,187,71,116
2019-03-13,108,39,69
2019-03-13,31,10,21
2019-03-13,23,14,9
2019-03-13,8,3,5
2019-03-13,8,3,5
2019-03-13,4,1,3
2019-03-14,2,1,1
2019-03-14,2,1,1
2019-03-14,3,2,1
2019-03-14,2,1,1
2019-03-14,4,4,0
2019-03-14,14,9,5
2019-03-14,26,16,10
2019-03-14,81,50,31
2019-03-14,130,62,68
2019-03-14,73,38,35
2019-03-14,29,19,10
2019-03-14,54,26,28
2019-03-14,35,18,17
2019-03-14,41,21,20
2019-03-14,49,28,21
2019-03-14,56,10,46
2019-03-14,141,56,85
2019-03-14,171,57,114
2019-03-14,89,35,54
2019-03-14,31,16,15
2019-03-14,26,12,14
2019-03-14,14,5,9
2019-03-14,9,5,4
2019-03-14,13,3,10
2019-03-15,2,2,0
2019-03-15,1,1,0
2019-03-15,2,1,1
2019-03-15,2,2,0
2019-03-15,5,5,0
2019-03-15,13,11,2
2019-03-15,31,16,15
2019-03-15,65,35,30
2019-03-15,132,68,64
2019-03-15,72,32,40
2019-03-15,42,24,18
2019-03-15,55,29,26
2019-03-15,56,27,29
2019-03-15,42,18,24
2019-03-15,52,21,31
2019-03-15,73,26,47
2019-03-15,135,55,80
2019-03-15,168,65,103
2019-03-15,83,26,57
2019-03-15,50,29,21
2019-03-15,17,7,10
2019-03-15,26,12,14
2019-03-15,18,9,9
2019-03-15,12,5,7
2019-03-16,15,9,6
2019-03-16,7,6,1
2019-03-16,5,0,5
2019-03-16,0,0,0
2019-03-16,3,1,2
2019-03-16,3,1,2
2019-03-16,5,2,3
2019-03-16,8,3,5
2019-03-16,12,7,5
2019-03-16,17,10,7
2019-03-16,22,10,12
2019-03-16,36,16,20
2019-03-16,37,21,16
2019-03-16,55,26,29
2019-03-16,49,26,23
2019-03-16,45,22,23
2019-03-16,49,15,34
2019-03-16,33,17,16
2019-03-16,45,18,27
2019-03-16,33,16,17
2019-03-16,21,10,11
2019-03-16,12,5,7
2019-03-16,15,7,8
2019-03-16,13,6,7
2019-03-17,11,3,8
2019-03-17,5,4,1
2019-03-17,0,0,0
2019-03-17,1,0,1
2019-03-17,1,0,1
2019-03-17,2,1,1
2019-03-17,2,0,2
2019-03-17,1,1,0
2019-03-17,14,7,7
2019-03-17,20,8,12
2019-03-17,23,10,13
2019-03-17,28,12,16
2019-03-17,40,15,25
2019-03-17,54,23,31
2019-03-17,49,22,27
2019-03-17,51,20,31
2019-03-17,36,22,14
2019-03-17,46,15,31
2019-03-17,37,22,15
2019-03-17,24,10,14
2019-03-17,14,8,6
2019-03-17,6,4,2
2019-03-17,4,3,1
2019-03-17,11,4,7
2019-03-18,3,2,1
2019-03-18,1,1,0
2019-03-18,0,0,0
2019-03-18,3,3,0
2019-03-18,3,3,0
2019-03-18,17,11,6
2019-03-18,39,28,11
2019-03-18,104,58,46
2019-03-18,180,90,90
2019-03-18,103,59,44
2019-03-18,42,22,20
2019-03-18,48,22,26
2019-03-18,49,23,26
2019-03-18,43,21,22
2019-03-18,43,16,27
2019-03-18,94,35,59
2019-03-18,160,60,100
2019-03-18,202,77,125
2019-03-18,116,45,71
2019-03-18,47,18,29
2019-03-18,23,13,10
2019-03-18,14,5,9
2019-03-18,9,4,5
2019-03-18,7,3,4
2019-03-19,6,5,1
2019-03-19,2,0,2
2019-03-19,1,0,1
2019-03-19,2,2,0
2019-03-19,1,1,0
2019-03-19,16,13,3
2019-03-19,41,23,18
2019-03-19,123,67,56
2019-03-19,184,82,102
2019-03-19,107,56,51
2019-03-19,36,15,21
2019-03-19,57,28,29
2019-03-19,61,28,33
2019-03-19,52,21,31
2019-03-19,53,21,32
2019-03-19,108,40,68
2019-03-19,186,75,111
2019-03-19,229,87,142
2019-03-19,126,65,61
2019-03-19,47,22,25
2019-03-19,27,12,15
2019-03-19,20,11,9
2019-03-19,11,8,3
2019-03-19,3,1,2
2019-03-20,4,3,1
2019-03-20,2,0,2
2019-03-20,2,2,0
2019-03-20,1,1,0
2019-03-20,1,1,0
2019-03-20,20,16,4
2019-03-20,34,19,15
2019-03-20,111,62,49
2019-03-20,176,79,97
2019-03-20,96,45,51
2019-03-20,46,20,26
2019-03-20,44,25,19
2019-03-20,61,28,33
2019-03-20,56,32,24
2019-03-20,52,21,31
2019-03-20,90,37,53
2019-03-20,147,54,93
2019-03-20,254,90,164
2019-03-20,111,56,55
2019-03-20,52,29,23
2019-03-20,28,9,19
2019-03-20,15,6,9
2019-03-20,10,6,4
2019-03-20,5,4,1
2019-03-21,5,4,1
2019-03-21,3,1,2
2019-03-21,1,1,0
2019-03-21,1,1,0
2019-03-21,5,4,1
2019-03-21,13,11,2
2019-03-21,39,20,19
2019-03-21,106,53,53
2019-03-21,151,74,77
2019-03-21,92,49,43
2019-03-21,45,24,21
2019-03-21,53,25,28
2019-03-21,55,24,31
2019-03-21,42,21,21
2019-03-21,43,17,26
2019-03-21,116,50,66
2019-03-21,150,65,85
2019-03-21,212,75,137
2019-03-21,108,51,57
2019-03-21,61,35,26
2019-03-21,28,13,15
2019-03-21,25,11,14
2019-03-21,9,5,4
2019-03-21,7,5,2
2019-03-22,3,0,3
2019-03-22,4,3,1
2019-03-22,0,0,0
2019-03-22,0,0,0
2019-03-22,9,3,6
2019-03-22,12,10,2
2019-03-22,27,17,10
2019-03-22,96,53,43
2019-03-22,117,61,56
2019-03-22,81,34,47
2019-03-22,60,43,17
2019-03-22,56,29,27
2019-03-22,54,33,21
2019-03-22,61,34,27
2019-03-22,56,28,28
2019-03-22,86,35,51
2019-03-22,118,51,67
2019-03-22,134,57,77
2019-03-22,70,28,42
2019-03-22,38,15,23
2019-03-22,31,13,18
2019-03-22,16,8,8
2019-03-22,24,11,13
2019-03-22,8,5,3
2019-03-23,9,6,3
2019-03-23,8,4,4
2019-03-23,2,1,1
2019-03-23,0,0,0
2019-03-23,2,2,0
2019-03-23,3,2,1
2019-03-23,2,2,0
2019-03-23,7,5,2
2019-03-23,11,6,5
2019-03-23,8,3,5
2019-03-23,21,9,12
2019-03-23,44,19,25
2019-03-23,48,17,31
2019-03-23,65,30,35
2019-03-23,54,30,24
2019-03-23,70,22,48
2019-03-23,58,33,25
2019-03-23,60,23,37
2019-03-23,67,35,32
2019-03-23,45,21,24
2019-03-23,22,14,8
2019-03-23,18,13,5
2019-03-23,66,52,14
2019-03-23,20,9,11
2019-03-24,12,8,4
2019-03-24,5,3,2
2019-03-24,3,3,0
2019-03-24,0,0,0
2019-03-24,2,0,2
2019-03-24,4,1,3
2019-03-24,2,1,1
2019-03-24,4,2,2
2019-03-24,15,6,9
2019-03-24,23,7,16
2019-03-24,36,15,21
2019-03-24,34,12,22
2019-03-24,32,14,18
2019-03-24,56,31,25
2019-03-24,33,15,18
2019-03-24,30,19,11
2019-03-24,46,22,24
2019-03-24,29,17,12
2019-03-24,32,12,20
2019-03-24,16,6,10
2019-03-24,11,5,6
2019-03-24,15,6,9
2019-03-24,12,6,6
2019-03-24,4,2,2
2019-03-25,5,3,2
2019-03-25,3,2,1
2019-03-25,0,0,0
2019-03-25,2,1,1
2019-03-25,2,1,1
2019-03-25,20,15,5
2019-03-25,32,20,12
2019-03-25,93,56,37
2019-03-25,138,67,71
2019-03-25,69,34,35
2019-03-25,31,16,15
2019-03-25,33,17,16
2019-03-25,48,29,19
2019-03-25,43,20,23
2019-03-25,37,12,25
2019-03-25,82,30,52
2019-03-25,116,43,73
2019-03-25,168,54,114
2019-03-25,64,25,39
2019-03-25,22,11,11
2019-03-25,21,11,10
2019-03-25,13,8,5
2019-03-25,9,8,1
2019-03-25,8,4,4
2019-03-26,7,2,5
2019-03-26,2,1,1
2019-03-26,0,0,0
2019-03-26,1,1,0
2019-03-26,3,2,1
2019-03-26,16,12,4
2019-03-26,38,20,18
2019-03-26,111,58,53
2019-03-26,163,76,87
2019-03-26,67,26,41
2019-03-26,36,14,22
2019-03-26,59,28,31
2019-03-26,45,22,23
2019-03-26,33,19,14
2019-03-26,52,23,29
2019-03-26,70,21,49
2019-03-26,151,53,98
2019-03-26,229,87,142
2019-03-26,122,51,71
2019-03-26,31,18,13
2019-03-26,34,16,18
2019-03-26,18,12,6
2019-03-26,10,4,6
2019-03-26,7,3,4
2019-03-27,1,1,0
2019-03-27,1,1,0
2019-03-27,0,0,0
2019-03-27,3,1,2
2019-03-27,4,2,2
2019-03-27,10,7,3
2019-03-27,38,21,17
2019-03-27,81,48,33
2019-03-27,188,83,105
2019-03-27,78,34,44
2019-03-27,44,22,22
2019-03-27,45,20,25
2019-03-27,51,27,24
2019-03-27,44,24,20
2019-03-27,45,22,23
2019-03-27,89,35,54
2019-03-27,151,48,103
2019-03-27,212,86,126
2019-03-27,117,54,63
2019-03-27,50,24,26
2019-03-27,29,12,17
2019-03-27,30,17,13
2019-03-27,14,8,6
2019-03-27,4,3,1
2019-03-28,3,3,0
2019-03-28,3,2,1
2019-03-28,3,2,1
2019-03-28,2,0,2
2019-03-28,3,3,0
2019-03-28,11,9,2
2019-03-28,45,25,20
2019-03-28,98,58,40
2019-03-28,150,72,78
2019-03-28,76,36,40
2019-03-28,55,27,28
2019-03-28,47,18,29
2019-03-28,55,19,36
2019-03-28,71,29,42
2019-03-28,99,29,70
2019-03-28,152,38,114
2019-03-28,177,61,116
2019-03-28,214,83,131
2019-03-28,117,45,72
2019-03-28,82,47,35
2019-03-28,57,41,16
2019-03-28,22,12,10
2019-03-28,9,6,3
2019-03-28,9,3,6
2019-03-29,5,4,1
2019-03-29,1,1,0
2019-03-29,1,1,0
2019-03-29,1,0,1
2019-03-29,2,2,0
2019-03-29,12,9,3
2019-03-29,35,17,18
2019-03-29,81,51,30
2019-03-29,132,50,82
2019-03-29,82,35,47
2019-03-29,34,12,22
2019-03-29,53,28,25
2019-03-29,63,33,30
2019-03-29,60,20,40
2019-03-29,74,35,39
2019-03-29,111,40,71
2019-03-29,153,59,94
2019-03-29,200,80,120
2019-03-29,123,45,78
2019-03-29,75,29,46
2019-03-29,33,22,11
2019-03-29,22,20,2
2019-03-29,48,37,11
2019-03-29,42,29,13
2019-03-30,14,10,4
2019-03-30,7,5,2
2019-03-30,14,9,5
2019-03-30,3,2,1
2019-03-30,2,2,0
2019-03-30,3,2,1
2019-03-30,5,2,3
2019-03-30,8,6,2
2019-03-30,14,8,6
2019-03-30,15,10,5
2019-03-30,27,10,17
2019-03-30,35,10,25
2019-03-30,63,26,37
2019-03-30,41,12,29
2019-03-30,55,22,33
2019-03-30,57,24,33
2019-03-30,50,19,31
2019-03-30,67,33,34
2019-03-30,62,19,43
2019-03-30,27,14,13
2019-03-30,29,17,12
2019-03-30,49,37,12
2019-03-30,22,16,6
2019-03-30,7,5,2
2019-03-31,10,4,6
2019-03-31,6,5,1
2019-03-31,6,4,2
2019-03-31,0,0,0
2019-03-31,1,1,0
2019-03-31,4,3,1
2019-03-31,2,0,2
2019-03-31,2,1,1
2019-03-31,5,3,2
2019-03-31,26,17,9
2019-03-31,26,13,13
2019-03-31,54,25,29
2019-03-31,66,19,47
2019-03-31,64,18,46
2019-03-31,59,22,37
2019-03-31,43,26,17
2019-03-31,52,28,24
2019-03-31,74,45,29
2019-03-31,50,31,19
2019-03-31,30,15,15
2019-03-31,26,15,11
2019-03-31,17,7,10
2019-03-31,8,5,3
2019-03-31,7,4,3
2019-04-01,2,0,2
2019-04-01,4,1,3
2019-04-01,1,0,1
2019-04-01,1,0,1
2019-04-01,3,2,1
2019-04-01,13,11,2
2019-04-01,44,27,17
2019-04-01,115,65,50
2019-04-01,181,79,102
2019-04-01,88,41,47
2019-04-01,53,23,30
2019-04-01,41,18,23
2019-04-01,60,26,34
2019-04-01,50,21,29
2019-04-01,68,31,37
2019-04-01,82,23,59
2019-04-01,162,59,103
2019-04-01,228,81,147
2019-04-01,141,56,85
2019-04-01,62,26,36
2019-04-01,24,15,9
2019-04-01,23,15,8
2019-04-01,21,16,5
2019-04-01,7,2,5
2019-04-02,5,2,3
2019-04-02,3,2,1
2019-04-02,3,3,0
2019-04-02,1,0,1
2019-04-02,2,1,1
2019-04-02,20,14,6
2019-04-02,51,26,25
2019-04-02,103,57,46
2019-04-02,190,82,108
2019-04-02,98,48,50
2019-04-02,61,26,35
2019-04-02,53,30,23
2019-04-02,44,20,24
2019-04-02,53,24,29
2019-04-02,67,31,36
2019-04-02,96,35,61
2019-04-02,161,59,102
2019-04-02,268,107,161
2019-04-02,113,47,66
2019-04-02,53,18,35
2019-04-02,24,17,7
2019-04-02,37,28,9
2019-04-02,11,9,2
2019-04-02,4,2,2
2019-04-03,5,2,3
2019-04-03,4,2,2
2019-04-03,3,1,2
2019-04-03,1,0,1
2019-04-03,1,1,0
2019-04-03,11,6,5
2019-04-03,37,22,15
2019-04-03,77,46,31
2019-04-03,143,65,78
2019-04-03,70,27,43
2019-04-03,30,10,20
2019-04-03,48,23,25
2019-04-03,35,17,18
2019-04-03,45,20,25
2019-04-03,40,18,22
2019-04-03,76,32,44
2019-04-03,112,39,73
2019-04-03,186,69,117
2019-04-03,86,44,42
2019-04-03,39,18,21
2019-04-03,20,9,11
2019-04-03,14,4,10
2019-04-03,9,8,1
2019-04-03,4,3,1
2019-04-04,0,0,0
2019-04-04,0,0,0
2019-04-04,3,2,1
2019-04-04,1,0,1
2019-04-04,2,2,0
2019-04-04,15,11,4
2019-04-04,45,23,22
2019-04-04,96,53,43
2019-04-04,157,75,82
2019-04-04,80,39,41
2019-04-04,41,21,20
2019-04-04,53,26,27
2019-04-04,54,26,28
2019-04-04,67,23,44
2019-04-04,63,30,33
2019-04-04,93,36,57
2019-04-04,156,56,100
2019-04-04,243,94,149
2019-04-04,136,61,75
2019-04-04,51,27,24
2019-04-04,24,14,10
2019-04-04,22,14,8
2019-04-04,22,13,9
2019-04-04,12,8,4
2019-04-05,7,3,4
2019-04-05,6,5,1
2019-04-05,1,0,1
2019-04-05,1,0,1
2019-04-05,5,2,3
2019-04-05,10,7,3
2019-04-05,21,12,9
2019-04-05,67,38,29
2019-04-05,117,57,60
2019-04-05,70,20,50
2019-04-05,43,16,27
2019-04-05,41,22,19
2019-04-05,35,18,17
2019-04-05,29,11,18
2019-04-05,32,11,21
2019-04-05,45,13,32
2019-04-05,102,46,56
2019-04-05,121,50,71
2019-04-05,71,32,39
2019-04-05,43,21,22
2019-04-05,14,8,6
2019-04-05,14,8,6
2019-04-05,14,6,8
2019-04-05,3,1,2
2019-04-06,6,3,3
2019-04-06,1,1,0
2019-04-06,5,3,2
2019-04-06,0,0,0
2019-04-06,1,1,0
2019-04-06,1,1,0
2019-04-06,0,0,0
2019-04-06,6,4,2
2019-04-06,4,3,1
2019-04-06,6,4,2
2019-04-06,15,10,5
2019-04-06,23,14,9
2019-04-06,17,5,12
2019-04-06,18,10,8
2019-04-06,21,9,12
2019-04-06,28,15,13
2019-04-06,23,13,10
2019-04-06,33,14,19
2019-04-06,43,10,33
2019-04-06,17,10,7
2019-04-06,14,8,6
2019-04-06,50,38,12
2019-04-06,12,9,3
2019-04-06,3,1,2
2019-04-07,7,4,3
2019-04-07,3,3,0
2019-04-07,5,2,3
2019-04-07,0,0,0
2019-04-07,0,0,0
2019-04-07,2,1,1
2019-04-07,0,0,0
2019-04-07,5,3,2
2019-04-07,8,4,4
2019-04-07,10,4,6
2019-04-07,14,7,7
2019-04-07,21,11,10
2019-04-07,21,13,8
2019-04-07,23,13,10
2019-04-07,33,20,13
2019-04-07,22,9,13
2019-04-07,25,9,16
2019-04-07,20,9,11
2019-04-07,25,14,11
2019-04-07,23,13,10
2019-04-07,16,9,7
2019-04-07,7,5,2
2019-04-07,9,3,6
2019-04-07,9,6,3
2019-04-08,3,3,0
2019-04-08,1,0,1
2019-04-08,3,1,2
2019-04-08,0,0,0
2019-04-08,4,3,1
2019-04-08,10,7,3
2019-04-08,33,20,13
2019-04-08,74,44,30
2019-04-08,110,54,56
2019-04-08,83,32,51
2019-04-08,25,10,15
2019-04-08,32,16,16
2019-04-08,33,18,15
2019-04-08,29,12,17
2019-04-08,35,15,20
2019-04-08,74,30,44
2019-04-08,138,52,86
2019-04-08,129,45,84
2019-04-08,76,32,44
2019-04-08,29,15,14
2019-04-08,28,14,14
2019-04-08,18,11,7
2019-04-08,17,8,9
2019-04-08,5,3,2
2019-04-09,3,2,1
2019-04-09,2,1,1
2019-04-09,1,0,1
2019-04-09,1,1,0
2019-04-09,1,1,0
2019-04-09,12,7,5
2019-04-09,29,15,14
2019-04-09,73,45,28
2019-04-09,124,59,65
2019-04-09,62,24,38
2019-04-09,45,27,18
2019-04-09,42,21,21
2019-04-09,37,25,12
2019-04-09,35,21,14
2019-04-09,45,14,31
2019-04-09,90,28,62
2019-04-09,118,48,70
2019-04-09,181,69,112
2019-04-09,90,32,58
2019-04-09,33,23,10
2019-04-09,21,10,11
2019-04-09,13,7,6
2019-04-09,12,4,8
2019-04-09,4,1,3
2019-04-10,2,1,1
2019-04-10,5,3,2
2019-04-10,2,0,2
2019-04-10,2,1,1
2019-04-10,0,0,0
2019-04-10,12,6,6
2019-04-10,31,19,12
2019-04-10,66,43,23
2019-04-10,110,45,65
2019-04-10,66,32,34
2019-04-10,40,16,24
2019-04-10,42,22,20
2019-04-10,42,15,27
2019-04-10,36,19,17
2019-04-10,34,13,21
2019-04-10,61,23,38
2019-04-10,119,38,81
2019-04-10,126,49,77
2019-04-10,91,36,55
2019-04-10,31,19,12
2019-04-10,17,8,9
2019-04-10,11,3,8
2019-04-10,10,6,4
2019-04-10,5,3,2
2019-04-11,2,2,0
2019-04-11,1,0,1
2019-04-11,0,0,0
2019-04-11,2,1,1
2019-04-11,2,2,0
2019-04-11,9,6,3
2019-04-11,21,10,11
2019-04-11,65,39,26
2019-04-11,103,57,46
2019-04-11,50,19,31
2019-04-11,28,12,16
2019-04-11,28,17,11
2019-04-11,34,17,17
2019-04-11,22,13,9
2019-04-11,38,17,21
2019-04-11,66,29,37
2019-04-11,124,36,88
2019-04-11,123,51,72
2019-04-11,99,49,50
2019-04-11,38,21,17
2019-04-11,18,9,9
2019-04-11,15,7,8
2019-04-11,8,5,3
2019-04-11,12,8,4
2019-04-12,6,4,2
2019-04-12,3,2,1
2019-04-12,0,0,0
2019-04-12,1,1,0
2019-04-12,1,1,0
2019-04-12,8,5,3
2019-04-12,33,26,7
2019-04-12,52,36,16
2019-04-12,95,45,50
2019-04-12,69,30,39
2019-04-12,37,20,17
2019-04-12,51,22,29
2019-04-12,55,27,28
2019-04-12,55,26,29
2019-04-12,65,28,37
2019-04-12,87,31,56
2019-04-12,117,32,85
2019-04-12,183,58,125
2019-04-12,98,28,70
2019-04-12,42,17,25
2019-04-12,12,6,6
2019-04-12,29,21,8
2019-04-12,44,31,13
2019-04-12,14,5,9
2019-04-13,10,5,5
2019-04-13,7,5,2
2019-04-13,5,4,1
2019-04-13,1,1,0
2019-04-13,2,2,0
2019-04-13,2,1,1
2019-04-13,4,2,2
2019-04-13,5,3,2
2019-04-13,10,6,4
2019-04-13,13,5,8
2019-04-13,15,8,7
2019-04-13,27,8,19
2019-04-13,40,10,30
2019-04-13,25,13,12
2019-04-13,22,7,15
2019-04-13,40,27,13
2019-04-13,27,9,18
2019-04-13,37,17,20
2019-04-13,26,10,16
2019-04-13,24,13,11
2019-04-13,25,12,13
2019-04-13,24,14,10
2019-04-13,16,10,6
2019-04-13,7,3,4
2019-04-14,9,5,4
2019-04-14,4,3,1
2019-04-14,5,4,1
2019-04-14,1,1,0
2019-04-14,0,0,0
2019-04-14,3,2,1
2019-04-14,4,3,1
2019-04-14,5,1,4
2019-04-14,10,8,2
2019-04-14,11,8,3
2019-04-14,18,13,5
2019-04-14,30,13,17
2019-04-14,34,10,24
2019-04-14,26,16,10
2019-04-14,30,13,17
2019-04-14,28,15,13
2019-04-14,36,22,14
2019-04-14,33,12,21
2019-04-14,25,16,9
2019-04-14,11,5,6
2019-04-14,12,7,5
2019-04-14,11,3,8
2019-04-14,8,2,6
2019-04-14,4,2,2
2019-04-15,4,2,2
2019-04-15,0,0,0
2019-04-15,0,0,0
2019-04-15,0,0,0
2019-04-15,3,2,1
2019-04-15,17,11,6
2019-04-15,38,24,14
2019-04-15,98,53,45
2019-04-15,152,74,78
2019-04-15,89,42,47
2019-04-15,37,17,20
2019-04-15,41,15,26
2019-04-15,37,18,19
2019-04-15,47,19,28
2019-04-15,56,27,29
2019-04-15,85,25,60
2019-04-15,137,45,92
2019-04-15,215,73,142
2019-04-15,97,41,56
2019-04-15,38,13,25
2019-04-15,21,15,6
2019-04-15,11,5,6
2019-04-15,17,12,5
2019-04-15,9,8,1
2019-04-16,8,5,3
2019-04-16,5,4,1
2019-04-16,0,0,0
2019-04-16,2,0,2
2019-04-16,1,0,1
2019-04-16,14,9,5
2019-04-16,50,28,22
2019-04-16,102,53,49
2019-04-16,153,75,78
2019-04-16,89,43,46
2019-04-16,55,29,26
2019-04-16,50,23,27
2019-04-16,56,28,28
2019-04-16,40,19,21
2019-04-16,55,26,29
2019-04-16,78,20,58
2019-04-16,146,50,96
2019-04-16,230,83,147
2019-04-16,94,33,61
2019-04-16,35,20,15
2019-04-16,9,6,3
2019-04-16,18,10,8
2019-04-16,20,14,6
2019-04-16,5,3,2
2019-04-17,2,2,0
2019-04-17,1,1,0
2019-04-17,1,0,1
2019-04-17,1,1,0
2019-04-17,1,1,0
2019-04-17,10,7,3
2019-04-17,43,28,15
2019-04-17,94,57,37
2019-04-17,148,69,79
2019-04-17,73,32,41
2019-04-17,36,16,20
2019-04-17,43,19,24
2019-04-17,53,28,25
2019-04-17,47,26,21
2019-04-17,54,21,33
2019-04-17,97,26,71
2019-04-17,152,37,115
2019-04-17,220,79,141
2019-04-17,120,61,59
2019-04-17,52,24,28
2019-04-17,20,11,9
2019-04-17,21,10,11
2019-04-17,17,6,11
2019-04-17,6,1,5
2019-04-18,1,0,1
2019-04-18,2,0,2
2019-04-18,1,1,0
2019-04-18,1,0,1
2019-04-18,3,3,0
2019-04-18,14,11,3
2019-04-18,34,18,16
2019-04-18,80,53,27
2019-04-18,89,45,44
2019-04-18,65,32,33
2019-04-18,36,13,23
2019-04-18,42,17,25
2019-04-18,54,21,33
2019-04-18,36,18,18
2019-04-18,54,27,27
2019-04-18,94,25,69
2019-04-18,131,34,97
2019-04-18,162,57,105
2019-04-18,89,41,48
2019-04-18,45,17,28
2019-04-18,19,11,8
2019-04-18,24,9,15
2019-04-18,16,9,7
2019-04-18,14,9,5
2019-04-19,7,5,2
2019-04-19,1,1,0
2019-04-19,6,3,3
2019-04-19,1,0,1
2019-04-19,2,2,0
2019-04-19,9,6,3
2019-04-19,35,21,14
2019-04-19,63,36,27
2019-04-19,99,48,51
2019-04-19,60,26,34
2019-04-19,41,24,17
2019-04-19,55,32,23
2019-04-19,41,18,23
2019-04-19,30,17,13
2019-04-19,37,13,24
2019-04-19,67,21,46
2019-04-19,91,35,56
2019-04-19,96,28,68
2019-04-19,62,26,36
2019-04-19,27,15,12
2019-04-19,22,5,17
2019-04-19,21,10,11
2019-04-19,20,13,7
2019-04-19,11,6,5
2019-04-20,11,5,6
2019-04-20,4,2,2
2019-04-20,7,5,2
2019-04-20,3,2,1
2019-04-20,2,2,0
2019-04-20,4,1,3
2019-04-20,12,5,7
2019-04-20,14,7,7
2019-04-20,20,11,9
2019-04-20,14,7,7
2019-04-20,31,14,17
2019-04-20,33,14,19
2019-04-20,50,19,31
2019-04-20,50,26,24
2019-04-20,49,24,25
2019-04-20,40,19,21
2019-04-20,52,22,30
2019-04-20,36,20,16
2019-04-20,37,22,15
2019-04-20,37,21,16
2019-04-20,23,9,14
2019-04-20,12,4,8
2019-04-20,17,10,7
2019-04-20,20,12,8
2019-04-21,5,2,3
2019-04-21,4,3,1
2019-04-21,3,2,1
2019-04-21,1,1,0
2019-04-21,1,0,1
2019-04-21,3,2,1
2019-04-21,2,0,2
2019-04-21,4,1,3
2019-04-21,8,6,2
2019-04-21,15,8,7
2019-04-21,31,12,19
2019-04-21,29,14,15
2019-04-21,43,25,18
2019-04-21,32,20,12
2019-04-21,23,12,11
2019-04-21,31,14,17
2019-04-21,44,18,26
2019-04-21,30,14,16
2019-04-21,25,15,10
2019-04-21,22,15,7
2019-04-21,14,11,3
2019-04-21,15,9,6
2019-04-21,10,5,5
2019-04-21,8,4,4
2019-04-22,3,1,2
2019-04-22,0,0,0
2019-04-22,2,2,0
2019-04-22,0,0,0
2019-04-22,1,1,0
2019-04-22,20,16,4
2019-04-22,36,24,12
2019-04-22,93,53,40
2019-04-22,130,74,56
2019-04-22,76,25,51
2019-04-22,30,15,15
2019-04-22,41,19,22
2019-04-22,36,24,12
2019-04-22,36,15,21
2019-04-22,30,12,18
2019-04-22,47,11,36
2019-04-22,115,33,82
2019-04-22,151,59,92
2019-04-22,75,26,49
2019-04-22,34,17,17
2019-04-22,21,10,11
2019-04-22,13,5,8
2019-04-22,8,5,3
2019-04-22,1,0,1
2019-04-23,4,3,1
2019-04-23,0,0,0
2019-04-23,6,3,3
2019-04-23,2,1,1
2019-04-23,1,1,0
2019-04-23,16,9,7
2019-04-23,41,23,18
2019-04-23,102,65,37
2019-04-23,165,76,89
2019-04-23,93,45,48
2019-04-23,53,28,25
2019-04-23,56,34,22
2019-04-23,54,28,26
2019-04-23,36,20,16
2019-04-23,53,27,26
2019-04-23,89,29,60
2019-04-23,177,67,110
2019-04-23,247,92,155
2019-04-23,131,47,84
2019-04-23,50,21,29
2019-04-23,32,18,14
2019-04-23,13,5,8
2019-04-23,9,5,4
2019-04-23,5,1,4
2019-04-24,3,2,1
2019-04-24,2,1,1
2019-04-24,1,0,1
2019-04-24,2,0,2
2019-04-24,1,1,0
2019-04-24,15,13,2
2019-04-24,51,30,21
2019-04-24,119,82,37
2019-04-24,163,79,84
2019-04-24,88,35,53
2019-04-24,48,26,22
2019-04-24,43,26,17
2019-04-24,48,27,21
2019-04-24,43,20,23
2019-04-24,53,23,30
2019-04-24,92,28,64
2019-04-24,153,45,108
2019-04-24,293,94,199
2019-04-24,153,53,100
2019-04-24,88,26,62
2019-04-24,35,16,19
2019-04-24,74,62,12
2019-04-24,33,24,9
2019-04-24,12,10,2
2019-04-25,8,3,5
2019-04-25,4,3,1
2019-04-25,4,2,2
2019-04-25,1,0,1
2019-04-25,2,2,0
2019-04-25,14,10,4
2019-04-25,52,31,21
2019-04-25,126,61,65
2019-04-25,163,83,80
2019-04-25,110,56,54
2019-04-25,54,25,29
2019-04-25,62,29,33
2019-04-25,66,33,33
2019-04-25,69,28,41
2019-04-25,55,29,26
2019-04-25,83,26,57
2019-04-25,179,75,104
2019-04-25,263,82,181
2019-04-25,139,51,88
2019-04-25,62,32,30
2019-04-25,31,14,17
2019-04-25,33,21,12
2019-04-25,29,20,9
2019-04-25,10,6,4
2019-04-26,6,3,3
2019-04-26,4,3,1
2019-04-26,2,1,1
2019-04-26,0,0,0
2019-04-26,2,1,1
2019-04-26,11,8,3
2019-04-26,44,30,14
2019-04-26,101,67,34
2019-04-26,145,79,66
2019-04-26,90,40,50
2019-04-26,47,19,28
2019-04-26,37,18,19
2019-04-26,54,26,28
2019-04-26,54,24,30
2019-04-26,78,25,53
2019-04-26,111,32,79
2019-04-26,193,69,124
2019-04-26,215,74,141
2019-04-26,97,37,60
2019-04-26,53,26,27
2019-04-26,26,13,13
2019-04-26,21,11,10
2019-04-26,28,21,7
2019-04-26,32,19,13
2019-04-27,12,9,3
2019-04-27,14,9,5
2019-04-27,4,3,1
2019-04-27,0,0,0
2019-04-27,0,0,0
2019-04-27,3,1,2
2019-04-27,4,0,4
2019-04-27,16,12,4
2019-04-27,11,8,3
2019-04-27,24,13,11
2019-04-27,20,9,11
2019-04-27,50,24,26
2019-04-27,51,22,29
2019-04-27,33,22,11
2019-04-27,43,19,24
2019-04-27,38,21,17
2019-04-27,34,17,17
2019-04-27,51,20,31
2019-04-27,46,23,23
2019-04-27,29,18,11
2019-04-27,28,14,14
2019-04-27,23,14,9
2019-04-27,15,9,6
2019-04-27,16,12,4
2019-04-28,16,8,8
2019-04-28,9,3,6
2019-04-28,2,1,1
2019-04-28,1,1,0
2019-04-28,1,1,0
2019-04-28,4,3,1
2019-04-28,4,1,3
2019-04-28,6,1,5
2019-04-28,14,4,10
2019-04-28,18,11,7
2019-04-28,36,19,17
2019-04-28,68,9,59
2019-04-28,108,14,94
2019-04-28,46,20,26
2019-04-28,75,48,27
2019-04-28,99,84,15
2019-04-28,71,43,28
2019-04-28,46,25,21
2019-04-28,48,28,20
2019-04-28,26,15,11
2019-04-28,19,15,4
2019-04-28,18,8,10
2019-04-28,14,7,7
2019-04-28,8,4,4
2019-04-29,7,3,4
2019-04-29,5,4,1
2019-04-29,0,0,0
2019-04-29,1,0,1
2019-04-29,3,2,1
2019-04-29,17,14,3
2019-04-29,40,25,15
2019-04-29,125,76,49
2019-04-29,181,88,93
2019-04-29,115,53,62
2019-04-29,56,24,32
2019-04-29,40,21,19
2019-04-29,45,25,20
2019-04-29,29,17,12
2019-04-29,42,18,24
2019-04-29,87,24,63
2019-04-29,177,50,127
2019-04-29,261,100,161
2019-04-29,122,53,69
2019-04-29,52,24,28
2019-04-29,24,15,9
2019-04-29,17,10,7
2019-04-29,9,7,2
2019-04-29,4,2,2
2019-04-30,4,3,1
2019-04-30,1,0,1
2019-04-30,1,1,0
2019-04-30,0,0,0
2019-04-30,1,1,0
2019-04-30,20,14,6
2019-04-30,49,27,22
2019-04-30,131,74,57
2019-04-30,182,87,95
2019-04-30,107,54,53
2019-04-30,58,27,31
2019-04-30,72,39,33
2019-04-30,67,36,31
2019-04-30,59,28,31
2019-04-30,72,32,40
2019-04-30,101,34,67
2019-04-30,203,71,132
2019-04-30,275,86,189
2019-04-30,158,53,105
2019-04-30,73,35,38
2019-04-30,26,13,13
2019-04-30,36,19,17
2019-04-30,55,45,10
2019-04-30,12,10,2
2019-05-01,4,3,1
2019-05-01,4,4,0
2019-05-01,0,0,0
2019-05-01,0,0,0
2019-05-01,1,1,0
2019-05-01,13,10,3
2019-05-01,47,22,25
2019-05-01,125,76,49
2019-05-01,222,107,115
2019-05-01,114,45,69
2019-05-01,44,23,21
2019-05-01,54,30,24
2019-05-01,57,25,32
2019-05-01,70,24,46
2019-05-01,92,19,73
2019-05-01,131,34,97
2019-05-01,211,66,145
2019-05-01,279,125,154
2019-05-01,191,114,77
2019-05-01,62,31,31
2019-05-01,29,16,13
2019-05-01,18,10,8
2019-05-01,17,12,5
2019-05-01,5,3,2
2019-05-02,6,2,4
2019-05-02,2,1,1
2019-05-02,1,1,0
2019-05-02,1,1,0
2019-05-02,4,2,2
2019-05-02,18,14,4
2019-05-02,45,19,26
2019-05-02,111,59,52
2019-05-02,188,94,94
2019-05-02,104,42,62
2019-05-02,42,21,21
2019-05-02,50,25,25
2019-05-02,55,33,22
2019-05-02,46,17,29
2019-05-02,57,23,34
2019-05-02,115,31,84
2019-05-02,178,72,106
2019-05-02,283,102,181
2019-05-02,150,58,92
2019-05-02,59,36,23
2019-05-02,50,32,18
2019-05-02,34,13,21
2019-05-02,16,10,6
2019-05-02,9,4,5
2019-05-03,8,4,4
2019-05-03,1,1,0
2019-05-03,1,0,1
2019-05-03,1,0,1
2019-05-03,4,2,2
2019-05-03,14,10,4
2019-05-03,42,27,15
2019-05-03,102,73,29
2019-05-03,162,83,79
2019-05-03,107,35,72
2019-05-03,46,25,21
2019-05-03,60,34,26
2019-05-03,79,36,43
2019-05-03,52,25,27
2019-05-03,59,20,39
2019-05-03,111,38,73
2019-05-03,207,76,131
2019-05-03,229,90,139
2019-05-03,127,46,81
2019-05-03,60,31,29
2019-05-03,39,21,18
2019-05-03,22,9,13
2019-05-03,20,10,10
2019-05-03,19,13,6
2019-05-04,15,7,8
2019-05-04,7,1,6
2019-05-04,6,2,4
2019-05-04,0,0,0
2019-05-04,2,2,0
2019-05-04,2,1,1
2019-05-04,7,3,4
2019-05-04,13,11,2
2019-05-04,17,7,10
2019-05-04,38,17,21
2019-05-04,37,22,15
2019-05-04,48,17,31
2019-05-04,77,34,43
2019-05-04,50,20,30
2019-05-04,57,28,29
2019-05-04,69,33,36
2019-05-04,55,25,30
2019-05-04,51,18,33
2019-05-04,51,21,30
2019-05-04,35,18,17
2019-05-04,33,19,14
2019-05-04,22,12,10
2019-05-04,32,17,15
2019-05-04,22,8,14
2019-05-05,15,8,7
2019-05-05,7,5,2
2019-05-05,3,0,3
2019-05-05,1,0,1
2019-05-05,1,0,1
2019-05-05,2,2,0
2019-05-05,7,3,4
2019-05-05,8,4,4
2019-05-05,19,10,9
2019-05-05,36,16,20
2019-05-05,32,14,18
2019-05-05,54,25,29
2019-05-05,40,18,22
2019-05-05,62,37,25
2019-05-05,53,31,22
2019-05-05,40,18,22
2019-05-05,55,35,20
2019-05-05,44,18,26
2019-05-05,36,18,18
2019-05-05,27,11,16
2019-05-05,21,12,9
2019-05-05,10,6,4
2019-05-05,10,5,5
2019-05-05,5,5,0
2019-05-06,5,4,1
2019-05-06,6,3,3
2019-05-06,1,0,1
2019-05-06,3,3,0
2019-05-06,1,1,0
2019-05-06,21,16,5
2019-05-06,57,35,22
2019-05-06,143,84,59
2019-05-06,229,105,124
2019-05-06,139,66,73
2019-05-06,48,25,23
2019-05-06,53,28,25
2019-05-06,53,20,33
2019-05-06,51,30,21
2019-05-06,60,23,37
2019-05-06,117,35,82
2019-05-06,206,67,139
2019-05-06,306,121,185
2019-05-06,124,54,70
2019-05-06,61,31,30
2019-05-06,47,27,20
2019-05-06,22,12,10
2019-05-06,12,9,3
2019-05-06,1,0,1
2019-05-07,5,4,1
2019-05-07,3,1,2
2019-05-07,1,0,1
2019-05-07,2,1,1
2019-05-07,4,2,2
2019-05-07,23,18,5
2019-05-07,69,34,35
2019-05-07,166,99,67
2019-05-07,230,124,106
2019-05-07,131,59,72
2019-05-07,62,30,32
2019-05-07,63,37,26
2019-05-07,60,33,27
2019-05-07,63,27,36
2019-05-07,64,24,40
2019-05-07,124,36,88
2019-05-07,225,72,153
2019-05-07,326,122,204
2019-05-07,144,61,83
2019-05-07,66,34,32
2019-05-07,40,19,21
2019-05-07,23,12,11
2019-05-07,19,11,8
2019-05-07,7,3,4
2019-05-08,8,7,1
2019-05-08,3,0,3
2019-05-08,0,0,0
2019-05-08,2,1,1
2019-05-08,2,2,0
2019-05-08,17,14,3
2019-05-08,68,35,33
2019-05-08,168,97,71
2019-05-08,223,102,121
2019-05-08,132,47,85
2019-05-08,50,23,27
2019-05-08,60,29,31
2019-05-08,70,38,32
2019-05-08,61,28,33
2019-05-08,53,27,26
2019-05-08,118,42,76
2019-05-08,237,92,145
2019-05-08,299,117,182
2019-05-08,158,80,78
2019-05-08,60,24,36
2019-05-08,47,22,25
2019-05-08,20,12,8
2019-05-08,23,13,10
2019-05-08,12,7,5
2019-05-09,10,7,3
2019-05-09,3,1,2
2019-05-09,3,3,0
2019-05-09,0,0,0
2019-05-09,2,2,0
2019-05-09,19,13,6
2019-05-09,70,41,29
2019-05-09,155,92,63
2019-05-09,219,94,125
2019-05-09,140,66,74
2019-05-09,58,28,30
2019-05-09,64,28,36
2019-05-09,75,35,40
2019-05-09,82,42,40
2019-05-09,77,30,47
2019-05-09,129,46,83
2019-05-09,212,75,137
2019-05-09,286,103,183
2019-05-09,159,73,86
2019-05-09,58,26,32
2019-05-09,41,18,23
2019-05-09,30,18,12
2019-05-09,20,12,8
2019-05-09,6,5,1
2019-05-10,4,4,0
2019-05-10,6,2,4
2019-05-10,0,0,0
2019-05-10,0,0,0
2019-05-10,4,2,2
2019-05-10,7,2,5
2019-05-10,94,44,50
2019-05-10,268,135,133
2019-05-10,390,196,194
2019-05-10,210,98,112
2019-05-10,86,42,44
2019-05-10,99,51,48
2019-05-10,131,68,63
2019-05-10,147,80,67
2019-05-10,155,73,82
2019-05-10,253,117,136
2019-05-10,392,185,207
2019-05-10,460,219,241
2019-05-10,199,89,110
2019-05-10,96,46,50
2019-05-10,56,27,29
2019-05-10,39,21,18
2019-05-10,47,24,23
2019-05-10,23,13,10
2019-05-11,22,11,11
2019-05-11,11,6,5
2019-05-11,11,3,8
2019-05-11,10,7,3
2019-05-11,5,3,2
2019-05-11,6,4,2
2019-05-11,18,8,10
2019-05-11,32,17,15
2019-05-11,36,19,17
2019-05-11,41,23,18
2019-05-11,48,26,22
2019-05-11,52,35,17
2019-05-11,92,35,57
2019-05-11,107,53,54
2019-05-11,95,45,50
2019-05-11,95,52,43
2019-05-11,81,47,34
2019-05-11,125,80,45
2019-05-11,142,109,33
2019-05-11,102,49,53
2019-05-11,85,40,45
2019-05-11,148,23,125
2019-05-11,39,17,22
2019-05-11,29,15,14
2019-05-12,24,16,8
2019-05-12,6,1,5
2019-05-12,12,4,8
2019-05-12,3,1,2
2019-05-12,0,0,0
2019-05-12,6,2,4
2019-05-12,8,2,6
2019-05-12,11,7,4
2019-05-12,19,6,13
2019-05-12,48,37,11
2019-05-12,36,14,22
2019-05-12,33,9,24
2019-05-12,68,39,29
2019-05-12,50,39,11
2019-05-12,68,35,33
2019-05-12,87,48,39
2019-05-12,46,20,26
2019-05-12,56,24,32
2019-05-12,59,21,38
2019-05-12,44,26,18
2019-05-12,26,13,13
2019-05-12,18,8,10
2019-05-12,12,6,6
2019-05-12,8,3,5
2019-05-13,19,10,9
2019-05-13,0,0,0
2019-05-13,0,0,0
2019-05-13,0,0,0
2019-05-13,2,0,2
2019-05-13,40,10,30
2019-05-13,105,48,57
2019-05-13,243,82,161
2019-05-13,366,184,182
2019-05-13,180,92,88
2019-05-13,105,59,46
2019-05-13,47,36,11
2019-05-13,96,46,50
2019-05-13,78,33,45
2019-05-13,78,36,42
2019-05-13,153,109,44
2019-05-13,343,213,130
2019-05-13,538,336,202
2019-05-13,266,164,102
2019-05-13,83,44,39
2019-05-13,55,19,36
2019-05-13,21,11,10
2019-05-13,13,6,7
2019-05-13,15,3,12
2019-05-14,3,2,1
2019-05-14,2,2,0
2019-05-14,3,3,0
2019-05-14,0,0,0
2019-05-14,0,0,0
2019-05-14,22,8,14
2019-05-14,80,27,53
2019-05-14,228,97,131
2019-05-14,268,155,113
2019-05-14,104,49,55
2019-05-14,38,25,13
2019-05-14,38,20,18
2019-05-14,31,16,15
2019-05-14,50,34,16
2019-05-14,77,51,26
2019-05-14,142,84,58
2019-05-14,288,185,103
2019-05-14,406,260,146
2019-05-14,165,99,66
2019-05-14,66,36,30
2019-05-14,34,19,15
2019-05-14,21,12,9
2019-05-14,27,12,15
2019-05-14,7,3,4
2019-05-15,8,6,2
2019-05-15,1,1,0
2019-05-15,3,3,0
2019-05-15,0,0,0
2019-05-15,2,2,0
2019-05-15,32,16,16
2019-05-15,93,39,54
2019-05-15,231,111,120
2019-05-15,323,149,174
2019-05-15,190,111,79
2019-05-15,78,52,26
2019-05-15,94,53,41
2019-05-15,97,60,37
2019-05-15,138,66,72
2019-05-15,109,67,42
2019-05-15,165,106,59
2019-05-15,322,201,121
2019-05-15,512,351,161
2019-05-15,202,142,60
2019-05-15,62,39,23
2019-05-15,41,29,12
2019-05-15,80,27,53
2019-05-15,48,4,44
2019-05-15,14,5,9
2019-05-16,2,2,0
2019-05-16,2,0,2
2019-05-16,0,0,0
2019-05-16,0,0,0
2019-05-16,0,0,0
2019-05-16,42,18,24
2019-05-16,85,26,59
2019-05-16,197,77,120
2019-05-16,263,122,141
2019-05-16,144,72,72
2019-05-16,61,30,31
2019-05-16,92,49,43
2019-05-16,100,48,52
2019-05-16,73,39,34
2019-05-16,77,57,20
2019-05-16,152,77,75
2019-05-16,260,165,95
2019-05-16,395,241,154
2019-05-16,210,144,66
2019-05-16,100,59,41
2019-05-16,55,33,22
2019-05-16,29,19,10
2019-05-16,24,7,17
2019-05-16,17,9,8
2019-05-17,2,0,2
2019-05-17,4,2,2
2019-05-17,0,0,0
2019-05-17,2,0,2
2019-05-17,0,0,0
2019-05-17,42,6,36
2019-05-17,91,36,55
2019-05-17,286,135,151
2019-05-17,398,218,180
2019-05-17,187,104,83
2019-05-17,99,54,45
2019-05-17,82,34,48
2019-05-17,115,63,52
2019-05-17,93,52,41
2019-05-17,99,59,40
2019-05-17,223,128,95
2019-05-17,376,230,146
2019-05-17,475,282,193
2019-05-17,249,146,103
2019-05-17,76,44,32
2019-05-17,45,11,34
2019-05-17,59,15,44
2019-05-17,37,17,20
2019-05-17,21,14,7
2019-05-18,17,9,8
2019-05-18,13,4,9
2019-05-18,16,8,8
2019-05-18,3,2,1
2019-05-18,2,0,2
2019-05-18,4,2,2
2019-05-18,16,13,3
2019-05-18,24,11,13
2019-05-18,22,13,9
2019-05-18,28,14,14
2019-05-18,59,46,13
2019-05-18,102,56,46
2019-05-18,132,76,56
2019-05-18,89,41,48
2019-05-18,96,44,52
2019-05-18,113,58,55
2019-05-18,79,57,22
2019-05-18,138,81,57
2019-05-18,114,76,38
2019-05-18,62,42,20
2019-05-18,87,28,59
2019-05-18,64,29,35
2019-05-18,38,8,30
2019-05-18,34,14,20
2019-05-19,13,8,5
2019-05-19,8,7,1
2019-05-19,11,9,2
2019-05-19,0,0,0
2019-05-19,4,2,2
2019-05-19,4,2,2
2019-05-19,11,5,6
2019-05-19,21,5,16
2019-05-19,41,19,22
2019-05-19,45,21,24
2019-05-19,39,24,15
2019-05-19,76,50,26
2019-05-19,80,49,31
2019-05-19,92,41,51
2019-05-19,77,46,31
2019-05-19,92,46,46
2019-05-19,113,51,62
2019-05-19,106,54,52
2019-05-19,77,40,37
2019-05-19,53,26,27
2019-05-19,23,15,8
2019-05-19,33,20,13
2019-05-19,17,5,12
2019-05-19,7,4,3
2019-05-20,6,2,4
2019-05-20,1,0,1
2019-05-20,0,0,0
2019-05-20,2,2,0
2019-05-20,2,0,2
2019-05-20,28,4,24
2019-05-20,98,32,66
2019-05-20,221,106,115
2019-05-20,266,110,156
2019-05-20,180,96,84
2019-05-20,43,18,25
2019-05-20,57,33,24
2019-05-20,61,32,29
2019-05-20,57,26,31
2019-05-20,94,50,44
2019-05-20,118,80,38
2019-05-20,278,186,92
2019-05-20,391,252,139
2019-05-20,133,71,62
2019-05-20,66,22,44
2019-05-20,18,10,8
2019-05-20,12,10,2
2019-05-20,15,8,7
2019-05-20,8,1,7
2019-05-21,0,0,0
2019-05-21,0,0,0
2019-05-21,2,2,0
2019-05-21,0,0,0
2019-05-21,10,4,6
2019-05-21,24,6,18
2019-05-21,104,42,62
2019-05-21,226,103,123
2019-05-21,309,164,145
2019-05-21,150,95,55
2019-05-21,62,43,19
2019-05-21,118,85,33
2019-05-21,92,39,53
2019-05-21,87,48,39
2019-05-21,82,52,30
2019-05-21,151,101,50
2019-05-21,277,169,108
2019-05-21,434,245,189
2019-05-21,198,107,91
2019-05-21,63,24,39
2019-05-21,52,27,25
2019-05-21,41,29,12
2019-05-21,14,8,6
2019-05-21,19,7,12
2019-05-22,6,2,4
2019-05-22,0,0,0
2019-05-22,0,0,0
2019-05-22,0,0,0
2019-05-22,4,0,4
2019-05-22,24,10,14
2019-05-22,122,50,72
2019-05-22,286,113,173
2019-05-22,375,176,199
2019-05-22,177,85,92
2019-05-22,83,45,38
2019-05-22,107,50,57
2019-05-22,76,39,37
2019-05-22,109,71,38
2019-05-22,116,66,50
2019-05-22,187,121,66
2019-05-22,366,233,133
2019-05-22,630,432,198
2019-05-22,286,159,127
2019-05-22,71,29,42
2019-05-22,70,29,41
2019-05-22,47,30,17
2019-05-22,29,13,16
2019-05-22,8,5,3
2019-05-23,7,2,5
2019-05-23,2,2,0
2019-05-23,1,1,0
2019-05-23,4,0,4
2019-05-23,5,2,3
2019-05-23,20,10,10
2019-05-23,118,53,65
2019-05-23,301,128,173
2019-05-23,408,200,208
2019-05-23,210,109,101
2019-05-23,91,45,46
2019-05-23,99,60,39
2019-05-23,103,55,48
2019-05-23,90,41,49
2019-05-23,147,81,66
2019-05-23,215,141,74
2019-05-23,358,246,112
2019-05-23,628,397,231
2019-05-23,277,157,120
2019-05-23,85,42,43
2019-05-23,50,30,20
2019-05-23,23,13,10
2019-05-23,22,15,7
2019-05-23,10,10,0
2019-05-24,2,0,2
2019-05-24,4,2,2
2019-05-24,1,1,0
2019-05-24,2,2,0
2019-05-24,4,0,4
2019-05-24,18,8,10
2019-05-24,69,26,43
2019-05-24,197,82,115
2019-05-24,252,132,120
2019-05-24,162,86,76
2019-05-24,83,38,45
2019-05-24,79,29,50
2019-05-24,102,57,45
2019-05-24,110,69,41
2019-05-24,151,94,57
2019-05-24,199,115,84
2019-05-24,241,147,94
2019-05-24,298,181,117
2019-05-24,134,64,70
2019-05-24,53,31,22
2019-05-24,35,26,9
2019-05-24,30,14,16
2019-05-24,23,19,4
2019-05-24,18,13,5
2019-05-25,2,2,0
2019-05-25,8,2,6
2019-05-25,6,2,4
2019-05-25,2,0,2
2019-05-25,4,0,4
2019-05-25,8,4,4
2019-05-25,12,7,5
2019-05-25,8,2,6
2019-05-25,30,13,17
2019-05-25,23,12,11
2019-05-25,28,12,16
2019-05-25,51,31,20
2019-05-25,54,29,25
2019-05-25,36,26,10
2019-05-25,31,18,13
2019-05-25,44,18,26
2019-05-25,13,2,11
2019-05-25,40,21,19
2019-05-25,25,20,5
2019-05-25,54,25,29
2019-05-25,24,7,17
2019-05-25,5,1,4
2019-05-25,21,18,3
2019-05-25,17,11,6
2019-05-26,6,4,2
2019-05-26,9,2,7
2019-05-26,14,6,8
2019-05-26,5,5,0
2019-05-26,2,0,2
2019-05-26,8,8,0
2019-05-26,63,59,4
2019-05-26,194,186,8
2019-05-26,81,49,32
2019-05-26,150,26,124
2019-05-26,162,32,130
2019-05-26,73,37,36
2019-05-26,64,51,13
2019-05-26,75,60,15
2019-05-26,90,35,55
2019-05-26,104,37,67
2019-05-26,95,65,30
2019-05-26,74,35,39
2019-05-26,72,27,45
2019-05-26,64,35,29
2019-05-26,25,14,11
2019-05-26,24,22,2
2019-05-26,15,12,3
2019-05-26,22,14,8
2019-05-27,22,14,8
2019-05-27,3,2,1
2019-05-27,4,2,2
2019-05-27,4,2,2
2019-05-27,3,1,2
2019-05-27,8,0,8
2019-05-27,7,2,5
2019-05-27,33,23,10
2019-05-27,42,25,17
2019-05-27,55,37,18
2019-05-27,90,57,33
2019-05-27,91,47,44
2019-05-27,117,48,69
2019-05-27,89,57,32
2019-05-27,125,82,43
2019-05-27,92,58,34
2019-05-27,111,58,53
2019-05-27,149,83,66
2019-05-27,118,74,44
2019-05-27,54,22,32
2019-05-27,40,17,23
2019-05-27,30,8,22
2019-05-27,26,18,8
2019-05-27,13,7,6
2019-05-28,0,0,0
2019-05-28,4,2,2
2019-05-28,0,0,0
2019-05-28,2,2,0
2019-05-28,2,0,2
2019-05-28,20,2,18
2019-05-28,105,35,70
2019-05-28,264,107,157
2019-05-28,409,182,227
2019-05-28,201,120,81
2019-05-28,90,45,45
2019-05-28,64,30,34
2019-05-28,90,47,43
2019-05-28,95,50,45
2019-05-28,113,77,36
2019-05-28,182,135,47
2019-05-28,404,252,152
2019-05-28,580,389,191
2019-05-28,277,179,98
2019-05-28,78,39,39
2019-05-28,48,28,20
2019-05-28,48,31,17
2019-05-28,24,9,15
2019-05-28,17,7,10
2019-05-29,9,2,7
2019-05-29,4,4,0
2019-05-29,0,0,0
2019-05-29,0,0,0
2019-05-29,2,0,2
2019-05-29,30,12,18
2019-05-29,124,54,70
2019-05-29,299,123,176
2019-05-29,418,211,207
2019-05-29,193,104,89
2019-05-29,85,49,36
2019-05-29,98,62,36
2019-05-29,135,81,54
2019-05-29,104,65,39
2019-05-29,112,69,43
2019-05-29,183,114,69
2019-05-29,429,251,178
2019-05-29,613,401,212
2019-05-29,283,160,123
2019-05-29,141,58,83
2019-05-29,48,23,25
2019-05-29,44,27,17
2019-05-29,11,5,6
2019-05-29,16,3,13
2019-05-30,4,4,0
2019-05-30,4,2,2
2019-05-30,3,2,1
2019-05-30,7,5,2
2019-05-30,2,2,0
2019-05-30,32,8,24
2019-05-30,110,39,71
2019-05-30,310,118,192
2019-05-30,434,206,228
2019-05-30,211,118,93
2019-05-30,110,63,47
2019-05-30,99,54,45
2019-05-30,114,50,64
2019-05-30,126,83,43
2019-05-30,108,67,41
2019-05-30,239,155,84
2019-05-30,427,293,134
2019-05-30,655,441,214
2019-05-30,321,194,127
2019-05-30,119,71,48
2019-05-30,79,40,39
2019-05-30,60,30,30
2019-05-30,36,12,24
2019-05-30,42,21,21
2019-05-31,6,4,2
2019-05-31,5,4,1
2019-05-31,1,1,0
2019-05-31,4,2,2
2019-05-31,2,2,0
2019-05-31,32,2,30
2019-05-31,104,30,74
2019-05-31,267,114,153
2019-05-31,305,149,156
2019-05-31,226,125,101
2019-05-31,90,50,40
2019-05-31,86,36,50
2019-05-31,116,66,50
2019-05-31,120,59,61
2019-05-31,162,107,55
2019-05-31,240,153,87
2019-05-31,379,222,157
2019-05-31,499,317,182
2019-05-31,291,200,91
2019-05-31,78,51,27
2019-05-31,54,31,23
2019-05-31,51,18,33
2019-05-31,88,30,58
2019-05-31,33,10,23
2019-06-01,23,11,12
2019-06-01,11,6,5
2019-06-01,16,2,14
2019-06-01,5,3,2
2019-06-01,0,0,0
2019-06-01,8,8,0
2019-06-01,5,2,3
2019-06-01,18,4,14
2019-06-01,39,11,28
2019-06-01,43,36,7
2019-06-01,48,33,15
2019-06-01,96,47,49
2019-06-01,67,46,21
2019-06-01,89,61,28
2019-06-01,109,57,52
2019-06-01,100,68,32
2019-06-01,132,81,51
2019-06-01,123,66,57
2019-06-01,74,37,37
2019-06-01,82,19,63
2019-06-01,84,51,33
2019-06-01,27,13,14
2019-06-01,29,12,17
2019-06-01,18,7,11
2019-06-02,13,3,10
2019-06-02,19,13,6
2019-06-02,10,2,8
2019-06-02,2,0,2
2019-06-02,1,1,0
2019-06-02,6,4,2
2019-06-02,11,4,7
2019-06-02,12,4,8
2019-06-02,37,18,19
2019-06-02,73,32,41
2019-06-02,76,56,20
2019-06-02,72,49,23
2019-06-02,117,86,31
2019-06-02,117,70,47
2019-06-02,102,57,45
2019-06-02,97,45,52
2019-06-02,72,38,34
2019-06-02,123,60,63
2019-06-02,48,26,22
2019-06-02,39,29,10
2019-06-02,30,17,13
2019-06-02,35,28,7
2019-06-02,12,8,4
2019-06-02,8,7,1
2019-06-03,14,9,5
2019-06-03,8,8,0
2019-06-03,0,0,0
2019-06-03,1,0,1
2019-06-03,0,0,0
2019-06-03,38,6,32
2019-06-03,117,51,66
2019-06-03,308,101,207
2019-06-03,380,161,219
2019-06-03,188,113,75
2019-06-03,80,40,40
2019-06-03,91,44,47
2019-06-03,96,48,48
2019-06-03,68,33,35
2019-06-03,111,76,35
2019-06-03,174,123,51
2019-06-03,446,287,159
2019-06-03,565,366,199
2019-06-03,224,146,78
2019-06-03,97,55,42
2019-06-03,49,26,23
2019-06-03,28,17,11
2019-06-03,27,8,19
2019-06-03,16,8,8
2019-06-04,7,2,5
2019-06-04,6,2,4
2019-06-04,8,6,2
2019-06-04,4,4,0
2019-06-04,0,0,0
2019-06-04,32,0,32
2019-06-04,107,45,62
2019-06-04,277,112,165
2019-06-04,399,185,214
2019-06-04,189,96,93
2019-06-04,112,59,53
2019-06-04,103,58,45
2019-06-04,126,54,72
2019-06-04,81,45,36
2019-06-04,106,56,50
2019-06-04,187,128,59
2019-06-04,414,276,138
2019-06-04,576,388,188
2019-06-04,267,137,130
2019-06-04,113,70,43
2019-06-04,70,37,33
2019-06-04,62,33,29
2019-06-04,52,20,32
2019-06-04,11,4,7
2019-06-05,7,4,3
2019-06-05,4,4,0
2019-06-05,0,0,0
2019-06-05,5,2,3
2019-06-05,0,0,0
2019-06-05,40,4,36
2019-06-05,104,35,69
2019-06-05,300,136,164
2019-06-05,363,163,200
2019-06-05,225,142,83
2019-06-05,102,65,37
2019-06-05,110,63,47
2019-06-05,100,57,43
2019-06-05,76,34,42
2019-06-05,104,71,33
2019-06-05,221,129,92
2019-06-05,372,237,135
2019-06-05,508,325,183
2019-06-05,291,187,104
2019-06-05,118,73,45
2019-06-05,71,31,40
2019-06-05,46,23,23
2019-06-05,45,12,33
2019-06-05,23,17,6
2019-06-06,7,0,7
2019-06-06,10,10,0
2019-06-06,0,0,0
2019-06-06,0,0,0
2019-06-06,2,0,2
2019-06-06,38,9,29
2019-06-06,96,51,45
2019-06-06,237,77,160
2019-06-06,316,143,173
2019-06-06,174,95,79
2019-06-06,98,58,40
2019-06-06,108,67,41
2019-06-06,114,87,27
2019-06-06,94,58,36
2019-06-06,118,68,50
2019-06-06,153,99,54
2019-06-06,348,240,108
2019-06-06,484,317,167
2019-06-06,207,127,80
2019-06-06,137,69,68
2019-06-06,60,25,35
2019-06-06,32,14,18
2019-06-06,26,13,13
2019-06-06,10,1,9
2019-06-07,16,10,6
2019-06-07,8,2,6
2019-06-07,5,5,0
2019-06-07,0,0,0
2019-06-07,2,0,2
2019-06-07,26,8,18
2019-06-07,55,27,28
2019-06-07,139,49,90
2019-06-07,275,113,162
2019-06-07,153,90,63
2019-06-07,77,39,38
2019-06-07,92,64,28
2019-06-07,82,39,43
2019-06-07,66,27,39
2019-06-07,87,52,35
2019-06-07,156,110,46
2019-06-07,255,173,82
2019-06-07,338,226,112
2019-06-07,128,76,52
2019-06-07,72,48,24
2019-06-07,37,26,11
2019-06-07,28,19,9
2019-06-07,14,10,4
2019-06-07,11,11,0
2019-06-08,18,6,12
2019-06-08,14,6,8
2019-06-08,9,8,1
2019-06-08,4,2,2
2019-06-08,0,0,0
2019-06-08,12,8,4
2019-06-08,6,4,2
2019-06-08,17,6,11
2019-06-08,42,28,14
2019-06-08,40,29,11
2019-06-08,53,38,15
2019-06-08,67,43,24
2019-06-08,74,47,27
2019-06-08,106,67,39
2019-06-08,119,69,50
2019-06-08,68,44,24
2019-06-08,118,56,62
2019-06-08,89,52,37
2019-06-08,75,32,43
2019-06-08,47,24,23
2019-06-08,47,33,14
2019-06-08,30,16,14
2019-06-08,27,15,12
2019-06-08,17,13,4
2019-06-09,21,8,13
2019-06-09,13,9,4
2019-06-09,5,0,5
2019-06-09,0,0,0
2019-06-09,0,0,0
2019-06-09,6,2,4
2019-06-09,7,0,7
2019-06-09,12,9,3
2019-06-09,34,14,20
2019-06-09,44,23,21
2019-06-09,52,36,16
2019-06-09,55,35,20
2019-06-09,86,47,39
2019-06-09,104,68,36
2019-06-09,94,38,56
2019-06-09,73,37,36
2019-06-09,84,47,37
2019-06-09,79,36,43
2019-06-09,80,27,53
2019-06-09,28,21,7
2019-06-09,35,14,21
2019-06-09,13,11,2
2019-06-09,12,8,4
2019-06-09,12,4,8
2019-06-10,2,2,0
2019-06-10,4,4,0
2019-06-10,2,2,0
2019-06-10,2,0,2
2019-06-10,2,0,2
2019-06-10,30,6,24
2019-06-10,90,25,65
2019-06-10,246,117,129
2019-06-10,386,189,197
2019-06-10,216,109,107
2019-06-10,94,40,54
2019-06-10,85,44,41
2019-06-10,103,69,34
2019-06-10,96,55,41
2019-06-10,105,73,32
2019-06-10,195,130,65
2019-06-10,465,303,162
2019-06-10,466,262,204
2019-06-10,165,95,70
2019-06-10,79,41,38
2019-06-10,49,22,27
2019-06-10,32,17,15
2019-06-10,29,16,13
2019-06-10,12,2,10
2019-06-11,6,4,2
2019-06-11,6,6,0
2019-06-11,4,2,2
2019-06-11,2,2,0
2019-06-11,6,0,6
2019-06-11,60,27,33
2019-06-11,139,63,76
2019-06-11,349,160,189
2019-06-11,421,235,186
2019-06-11,242,142,100
2019-06-11,74,31,43
2019-06-11,102,51,51
2019-06-11,105,59,46
2019-06-11,105,59,46
2019-06-11,142,87,55
2019-06-11,214,131,83
2019-06-11,527,332,195
2019-06-11,503,296,207
2019-06-11,195,122,73
2019-06-11,116,55,61
2019-06-11,61,30,31
2019-06-11,46,25,21
2019-06-11,32,15,17
2019-06-11,14,12,2
2019-06-12,9,3,6
2019-06-12,2,0,2
2019-06-12,1,1,0
2019-06-12,6,0,6
2019-06-12,0,0,0
2019-06-12,73,17,56
2019-06-12,130,46,84
2019-06-12,260,121,139
2019-06-12,377,193,184
2019-06-12,186,104,82
2019-06-12,108,51,57
2019-06-12,101,48,53
2019-06-12,102,45,57
2019-06-12,99,60,39
2019-06-12,143,89,54
2019-06-12,208,150,58
2019-06-12,481,301,180
2019-06-12,506,337,169
2019-06-12,235,129,106
2019-06-12,84,43,41
2019-06-12,57,30,27
2019-06-12,43,22,21
2019-06-12,43,21,22
2019-06-12,10,5,5
2019-06-13,9,2,7
2019-06-13,6,4,2
2019-06-13,0,0,0
2019-06-13,1,1,0
2019-06-13,1,0,1
2019-06-13,53,13,40
2019-06-13,123,54,69
2019-06-13,308,153,155
2019-06-13,399,219,180
2019-06-13,190,111,79
2019-06-13,95,45,50
2019-06-13,95,43,52
2019-06-13,139,72,67
2019-06-13,85,42,43
2019-06-13,150,100,50
2019-06-13,253,163,90
2019-06-13,509,306,203
2019-06-13,480,268,212
2019-06-13,198,113,85
2019-06-13,105,51,54
2019-06-13,66,36,30
2019-06-13,28,17,11
2019-06-13,28,14,14
2019-06-13,12,9,3
2019-06-14,3,1,2
2019-06-14,0,0,0
2019-06-14,1,1,0
2019-06-14,3,0,3
2019-06-14,0,0,0
2019-06-14,57,12,45
2019-06-14,109,45,64
2019-06-14,231,109,122
2019-06-14,294,170,124
2019-06-14,145,67,78
2019-06-14,90,39,51
2019-06-14,117,51,66
2019-06-14,114,74,40
2019-06-14,119,63,56
2019-06-14,173,107,66
2019-06-14,229,162,67
2019-06-14,391,251,140
2019-06-14,375,204,171
2019-06-14,165,94,71
2019-06-14,77,41,36
2019-06-14,60,42,18
2019-06-14,28,22,6
2019-06-14,39,17,22
2019-06-14,33,16,17
2019-06-15,18,6,12
2019-06-15,12,10,2
2019-06-15,4,2,2
2019-06-15,6,2,4
2019-06-15,0,0,0
2019-06-15,16,12,4
2019-06-15,4,3,1
2019-06-15,26,17,9
2019-06-15,71,43,28
2019-06-15,46,24,22
2019-06-15,44,16,28
2019-06-15,104,72,32
2019-06-15,78,38,40
2019-06-15,107,70,37
2019-06-15,69,34,35
2019-06-15,84,45,39
2019-06-15,106,69,37
2019-06-15,63,44,19
2019-06-15,64,36,28
2019-06-15,47,23,24
2019-06-15,52,30,22
2019-06-15,16,7,9
2019-06-15,32,25,7
2019-06-15,20,6,14
2019-06-16,19,9,10
2019-06-16,10,8,2
2019-06-16,5,3,2
2019-06-16,4,2,2
2019-06-16,6,2,4
2019-06-16,8,6,2
2019-06-16,20,14,6
2019-06-16,25,12,13
2019-06-16,39,18,21
2019-06-16,65,32,33
2019-06-16,50,26,24
2019-06-16,71,49,22
2019-06-16,268,231,37
2019-06-16,122,80,42
2019-06-16,211,151,60
2019-06-16,98,75,23
2019-06-16,109,57,52
2019-06-16,58,34,24
2019-06-16,82,35,47
2019-06-16,38,22,16
2019-06-16,28,20,8
2019-06-16,23,16,7
2019-06-16,19,10,9
2019-06-16,11,8,3
2019-06-17,6,2,4
2019-06-17,0,0,0
2019-06-17,3,2,1
2019-06-17,0,0,0
2019-06-17,4,0,4
2019-06-17,46,9,37
2019-06-17,104,33,71
2019-06-17,319,159,160
2019-06-17,373,194,179
2019-06-17,196,111,85
2019-06-17,90,51,39
2019-06-17,93,56,37
2019-06-17,93,39,54
2019-06-17,123,77,46
2019-06-17,89,62,27
2019-06-17,235,155,80
2019-06-17,485,310,175
2019-06-17,539,350,189
2019-06-17,217,140,77
2019-06-17,98,45,53
2019-06-17,50,23,27
2019-06-17,34,18,16
2019-06-17,48,22,26
2019-06-17,16,8,8
2019-06-18,7,1,6
2019-06-18,2,2,0
2019-06-18,4,4,0
2019-06-18,2,2,0
2019-06-18,4,1,3
2019-06-18,46,10,36
2019-06-18,95,40,55
2019-06-18,213,100,113
2019-06-18,251,125,126
2019-06-18,166,82,84
2019-06-18,83,42,41
2019-06-18,83,47,36
2019-06-18,91,39,52
2019-06-18,62,36,26
2019-06-18,110,78,32
2019-06-18,173,119,54
2019-06-18,376,234,142
2019-06-18,364,241,123
2019-06-18,195,103,92
2019-06-18,72,41,31
2019-06-18,28,11,17
2019-06-18,52,20,32
2019-06-18,22,9,13
2019-06-18,5,5,0
2019-06-19,4,4,0
2019-06-19,2,0,2
2019-06-19,1,1,0
2019-06-19,2,2,0
2019-06-19,0,0,0
2019-06-19,54,8,46
2019-06-19,121,40,81
2019-06-19,268,125,143
2019-06-19,373,175,198
2019-06-19,162,94,68
2019-06-19,89,55,34
2019-06-19,89,49,40
2019-06-19,100,51,49
2019-06-19,96,65,31
2019-06-19,171,110,61
2019-06-19,218,159,59
2019-06-19,451,287,164
2019-06-19,529,308,221
2019-06-19,213,107,106
2019-06-19,85,37,48
2019-06-19,82,25,57
2019-06-19,16,9,7
2019-06-19,20,8,12
2019-06-19,21,12,9
2019-06-20,7,4,3
2019-06-20,1,0,1
2019-06-20,1,0,1
2019-06-20,0,0,0
2019-06-20,0,0,0
2019-06-20,43,11,32
2019-06-20,89,23,66
2019-06-20,214,115,99
2019-06-20,285,133,152
2019-06-20,170,86,84
2019-06-20,99,52,47
2019-06-20,102,58,44
2019-06-20,128,68,60
2019-06-20,93,47,46
2019-06-20,141,86,55
2019-06-20,245,172,73
2019-06-20,454,308,146
2019-06-20,455,292,163
2019-06-20,208,124,84
2019-06-20,91,48,43
2019-06-20,53,37,16
2019-06-20,67,27,40
2019-06-20,64,22,42
2019-06-20,42,8,34
2019-06-21,12,6,6
2019-06-21,6,6,0
2019-06-21,0,0,0
2019-06-21,6,0,6
2019-06-21,4,2,2
2019-06-21,47,11,36
2019-06-21,88,29,59
2019-06-21,220,98,122
2019-06-21,307,152,155
2019-06-21,167,97,70
2019-06-21,102,61,41
2019-06-21,117,51,66
2019-06-21,137,76,61
2019-06-21,141,87,54
2019-06-21,157,100,57
2019-06-21,261,162,99
2019-06-21,393,255,138
2019-06-21,353,216,137
2019-06-21,175,131,44
2019-06-21,95,54,41
2019-06-21,69,43,26
2019-06-21,41,20,21
2019-06-21,61,18,43
2019-06-21,44,18,26
2019-06-22,22,16,6
2019-06-22,16,5,11
2019-06-22,5,0,5
2019-06-22,0,0,0
2019-06-22,0,0,0
2019-06-22,11,7,4
2019-06-22,12,4,8
2019-06-22,29,14,15
2019-06-22,49,28,21
2019-06-22,75,25,50
2019-06-22,90,42,48
2019-06-22,84,41,43
2019-06-22,100,58,42
2019-06-22,85,52,33
2019-06-22,69,37,32
2019-06-22,113,34,79
2019-06-22,136,67,69
2019-06-22,79,53,26
2019-06-22,70,36,34
2019-06-22,82,47,35
2019-06-22,45,41,4
2019-06-22,30,15,15
2019-06-22,26,14,12
2019-06-22,22,16,6
2019-06-23,33,23,10
2019-06-23,5,3,2
2019-06-23,0,0,0
2019-06-23,0,0,0
2019-06-23,1,1,0
2019-06-23,2,2,0
2019-06-23,6,4,2
2019-06-23,15,7,8
2019-06-23,28,18,10
2019-06-23,43,27,16
2019-06-23,50,35,15
2019-06-23,56,37,19
2019-06-23,75,30,45
2019-06-23,66,35,31
2019-06-23,60,26,34
2019-06-23,66,30,36
2019-06-23,66,16,50
2019-06-23,24,15,9
2019-06-23,43,20,23
2019-06-23,16,8,8
2019-06-23,32,17,15
2019-06-23,16,12,4
2019-06-23,17,12,5
2019-06-23,5,0,5
2019-06-24,9,8,1
2019-06-24,2,0,2
2019-06-24,1,0,1
2019-06-24,2,0,2
2019-06-24,2,2,0
2019-06-24,40,9,31
2019-06-24,92,35,57
2019-06-24,288,142,146
2019-06-24,291,127,164
2019-06-24,135,74,61
2019-06-24,66,34,32
2019-06-24,59,40,19
2019-06-24,92,41,51
2019-06-24,76,51,25
2019-06-24,102,70,32
2019-06-24,214,145,69
2019-06-24,396,261,135
2019-06-24,480,282,198
2019-06-24,174,103,71
2019-06-24,99,53,46
2019-06-24,57,35,22
2019-06-24,36,26,10
2019-06-24,8,3,5
2019-06-24,18,12,6
2019-06-25,5,2,3
2019-06-25,0,0,0
2019-06-25,0,0,0
2019-06-25,0,0,0
2019-06-25,2,0,2
2019-06-25,60,9,51
2019-06-25,125,59,66
2019-06-25,314,164,150
2019-06-25,392,210,182
2019-06-25,184,78,106
2019-06-25,118,60,58
2019-06-25,137,73,64
2019-06-25,126,61,65
2019-06-25,99,49,50
2019-06-25,143,96,47
2019-06-25,204,131,73
2019-06-25,427,261,166
2019-06-25,526,328,198
2019-06-25,251,132,119
2019-06-25,112,53,59
2019-06-25,41,27,14
2019-06-25,39,19,20
2019-06-25,26,19,7
2019-06-25,8,5,3
2019-06-26,9,4,5
2019-06-26,7,2,5
2019-06-26,0,0,0
2019-06-26,0,0,0
2019-06-26,2,2,0
2019-06-26,50,17,33
2019-06-26,96,37,59
2019-06-26,242,124,118
2019-06-26,346,174,172
2019-06-26,150,98,52
2019-06-26,89,46,43
2019-06-26,106,51,55
2019-06-26,117,49,68
2019-06-26,104,50,54
2019-06-26,134,76,58
2019-06-26,174,113,61
2019-06-26,366,240,126
2019-06-26,400,254,146
2019-06-26,177,103,74
2019-06-26,84,40,44
2019-06-26,58,34,24
2019-06-26,27,15,12
2019-06-26,36,18,18
2019-06-26,12,8,4
2019-06-27,9,2,7
2019-06-27,7,4,3
2019-06-27,2,2,0
2019-06-27,0,0,0
2019-06-27,8,8,0
2019-06-27,42,11,31
2019-06-27,76,25,51
2019-06-27,167,76,91
2019-06-27,234,109,125
2019-06-27,143,87,56
2019-06-27,80,42,38
2019-06-27,81,43,38
2019-06-27,114,59,55
2019-06-27,102,54,48
2019-06-27,103,71,32
2019-06-27,191,118,73
2019-06-27,349,220,129
2019-06-27,354,230,124
2019-06-27,173,103,70
2019-06-27,81,50,31
2019-06-27,55,31,24
2019-06-27,16,12,4
2019-06-27,18,9,9
2019-06-27,12,2,10
2019-06-28,9,3,6
2019-06-28,9,7,2
2019-06-28,5,2,3
2019-06-28,5,3,2
2019-06-28,2,2,0
2019-06-28,47,8,39
2019-06-28,77,21,56
2019-06-28,207,104,103
2019-06-28,269,143,126
2019-06-28,165,98,67
2019-06-28,106,49,57
2019-06-28,115,56,59
2019-06-28,108,68,40
2019-06-28,129,75,54
2019-06-28,181,81,100
2019-06-28,264,176,88
2019-06-28,389,218,171
2019-06-28,333,232,101
2019-06-28,157,100,57
2019-06-28,108,56,52
2019-06-28,53,21,32
2019-06-28,34,21,13
2019-06-28,43,24,19
2019-06-28,13,7,6
2019-06-29,16,8,8
2019-06-29,9,5,4
2019-06-29,6,0,6
2019-06-29,0,0,0
2019-06-29,1,1,0
2019-06-29,8,6,2
2019-06-29,14,9,5
2019-06-29,26,12,14
2019-06-29,46,24,22
2019-06-29,67,57,10
2019-06-29,68,48,20
2019-06-29,73,44,29
2019-06-29,87,55,32
2019-06-29,130,89,41
2019-06-29,115,65,50
2019-06-29,89,46,43
2019-06-29,123,66,57
2019-06-29,129,92,37
2019-06-29,184,154,30
2019-06-29,71,22,49
2019-06-29,69,31,38
2019-06-29,181,21,160
2019-06-29,54,25,29
2019-06-29,33,14,19
2019-06-30,21,6,15
2019-06-30,8,2,6
2019-06-30,10,9,1
2019-06-30,6,6,0
2019-06-30,5,3,2
2019-06-30,6,6,0
2019-06-30,15,10,5
2019-06-30,22,12,10
2019-06-30,28,18,10
2019-06-30,60,22,38
2019-06-30,83,42,41
2019-06-30,90,27,63
2019-06-30,93,57,36
2019-06-30,107,36,71
2019-06-30,120,66,54
2019-06-30,115,60,55
2019-06-30,113,71,42
2019-06-30,95,73,22
2019-06-30,84,47,37
2019-06-30,50,23,27
2019-06-30,34,31,3
2019-06-30,40,25,15
2019-06-30,21,5,16
2019-06-30,9,4,5
2019-07-01,3,2,1
2019-07-01,4,2,2
2019-07-01,2,2,0
2019-07-01,4,2,2
2019-07-01,8,4,4
2019-07-01,53,8,45
2019-07-01,116,43,73
2019-07-01,321,154,167
2019-07-01,386,179,207
2019-07-01,139,62,77
2019-07-01,77,30,47
2019-07-01,94,54,40
2019-07-01,103,59,44
2019-07-01,91,43,48
2019-07-01,138,99,39
2019-07-01,236,151,85
2019-07-01,455,314,141
2019-07-01,491,336,155
2019-07-01,175,108,67
2019-07-01,133,80,53
2019-07-01,44,28,16
2019-07-01,32,17,15
2019-07-01,26,8,18
2019-07-01,8,4,4
2019-07-02,4,2,2
2019-07-02,5,5,0
2019-07-02,2,0,2
2019-07-02,6,6,0
2019-07-02,4,2,2
2019-07-02,61,16,45
2019-07-02,106,50,56
2019-07-02,239,112,127
2019-07-02,252,111,141
2019-07-02,147,75,72
2019-07-02,60,40,20
2019-07-02,107,66,41
2019-07-02,101,65,36
2019-07-02,110,61,49
2019-07-02,87,52,35
2019-07-02,138,80,58
2019-07-02,277,197,80
2019-07-02,303,193,110
2019-07-02,129,86,43
2019-07-02,36,18,18
2019-07-02,27,13,14
2019-07-02,30,16,14
2019-07-02,36,6,30
2019-07-02,17,4,13
2019-07-03,10,5,5
2019-07-03,2,2,0
2019-07-03,0,0,0
2019-07-03,4,2,2
2019-07-03,0,0,0
2019-07-03,46,15,31
2019-07-03,93,29,64
2019-07-03,207,87,120
2019-07-03,231,106,125
2019-07-03,140,71,69
2019-07-03,51,24,27
2019-07-03,101,57,44
2019-07-03,92,38,54
2019-07-03,84,53,31
2019-07-03,141,89,52
2019-07-03,222,145,77
2019-07-03,370,259,111
2019-07-03,375,265,110
2019-07-03,205,156,49
2019-07-03,116,68,48
2019-07-03,62,33,29
2019-07-03,55,19,36
2019-07-03,69,24,45
2019-07-03,42,6,36
2019-07-04,15,8,7
2019-07-04,13,11,2
2019-07-04,0,0,0
2019-07-04,0,0,0
2019-07-04,0,0,0
2019-07-04,10,4,6
2019-07-04,10,8,2
2019-07-04,14,5,9
2019-07-04,26,18,8
2019-07-04,65,43,22
2019-07-04,85,58,27
2019-07-04,64,43,21
2019-07-04,147,99,48
2019-07-04,119,74,45
2019-07-04,98,54,44
2019-07-04,126,39,87
2019-07-04,114,41,73
2019-07-04,121,49,72
2019-07-04,65,32,33
2019-07-04,67,24,43
2019-07-04,59,15,44
2019-07-04,32,11,21
2019-07-04,26,13,13
2019-07-04,62,49,13
2019-07-05,12,9,3
2019-07-05,9,7,2
2019-07-05,2,2,0
2019-07-05,2,2,0
2019-07-05,2,2,0
2019-07-05,14,6,8
2019-07-05,32,15,17
2019-07-05,70,30,40
2019-07-05,98,55,43
2019-07-05,87,65,22
2019-07-05,83,34,49
2019-07-05,67,25,42
2019-07-05,90,60,30
2019-07-05,88,58,30
2019-07-05,101,51,50
2019-07-05,139,87,52
2019-07-05,172,97,75
2019-07-05,201,151,50
2019-07-05,91,56,35
2019-07-05,54,30,24
2019-07-05,54,31,23
2019-07-05,45,11,34
2019-07-05,45,12,33
2019-07-05,32,24,8
2019-07-06,17,6,11
2019-07-06,7,5,2
2019-07-06,15,0,15
2019-07-06,2,0,2
2019-07-06,3,2,1
2019-07-06,4,4,0
2019-07-06,13,7,6
2019-07-06,12,7,5
2019-07-06,29,17,12
2019-07-06,48,24,24
2019-07-06,61,39,22
2019-07-06,78,59,19
2019-07-06,91,57,34
2019-07-06,102,73,29
2019-07-06,124,77,47
2019-07-06,81,46,35
2019-07-06,127,61,66
2019-07-06,92,55,37
2019-07-06,91,47,44
2019-07-06,75,38,37
2019-07-06,59,29,30
2019-07-06,51,16,35
2019-07-06,74,13,61
2019-07-06,13,7,6
2019-07-07,10,6,4
2019-07-07,11,7,4
2019-07-07,9,1,8
2019-07-07,0,0,0
2019-07-07,8,4,4
2019-07-07,4,2,2
2019-07-07,11,9,2
2019-07-07,22,9,13
2019-07-07,34,20,14
2019-07-07,53,23,30
2019-07-07,49,34,15
2019-07-07,56,35,21
2019-07-07,112,73,39
2019-07-07,72,27,45
2019-07-07,70,38,32
2019-07-07,55,29,26
2019-07-07,102,20,82
2019-07-07,65,42,23
2019-07-07,60,19,41
2019-07-07,29,19,10
2019-07-07,24,12,12
2019-07-07,20,15,5
2019-07-07,12,9,3
2019-07-07,11,7,4
2019-07-08,3,2,1
2019-07-08,0,0,0
2019-07-08,0,0,0
2019-07-08,2,0,2
2019-07-08,2,0,2
2019-07-08,38,8,30
2019-07-08,85,25,60
2019-07-08,227,101,126
2019-07-08,295,136,159
2019-07-08,179,83,96
2019-07-08,67,36,31
2019-07-08,66,28,38
2019-07-08,82,33,49
2019-07-08,82,39,43
2019-07-08,114,77,37
2019-07-08,167,113,54
2019-07-08,351,239,112
2019-07-08,458,321,137
2019-07-08,226,126,100
2019-07-08,84,29,55
2019-07-08,43,21,22
2019-07-08,52,32,20
2019-07-08,35,22,13
2019-07-08,12,7,5
2019-07-09,11,3,8
2019-07-09,4,2,2
2019-07-09,6,6,0
2019-07-09,2,0,2
2019-07-09,8,2,6
2019-07-09,57,19,38
2019-07-09,89,33,56
2019-07-09,245,110,135
2019-07-09,352,171,181
2019-07-09,207,106,101
2019-07-09,89,41,48
2019-07-09,105,62,43
2019-07-09,127,66,61
2019-07-09,81,46,35
2019-07-09,135,85,50
2019-07-09,206,121,85
2019-07-09,392,254,138
2019-07-09,516,339,177
2019-07-09,205,133,72
2019-07-09,93,49,44
2019-07-09,43,23,20
2019-07-09,20,8,12
2019-07-09,7,1,6
2019-07-09,10,4,6
2019-07-10,5,2,3
2019-07-10,0,0,0
2019-07-10,2,2,0
2019-07-10,2,0,2
2019-07-10,4,2,2
2019-07-10,31,9,22
2019-07-10,52,23,29
2019-07-10,132,65,67
2019-07-10,198,93,105
2019-07-10,122,76,46
2019-07-10,64,37,27
2019-07-10,62,29,33
2019-07-10,76,38,38
2019-07-10,69,42,27
2019-07-10,70,36,34
2019-07-10,118,90,28
2019-07-10,234,165,69
2019-07-10,375,252,123
2019-07-10,203,119,84
2019-07-10,84,31,53
2019-07-10,47,24,23
2019-07-10,58,34,24
2019-07-10,22,7,15
2019-07-10,16,5,11
2019-07-11,13,6,7
2019-07-11,6,5,1
2019-07-11,1,1,0
2019-07-11,2,0,2
2019-07-11,6,2,4
2019-07-11,60,22,38
2019-07-11,71,29,42
2019-07-11,234,117,117
2019-07-11,321,154,167
2019-07-11,242,122,120
2019-07-11,81,45,36
2019-07-11,120,65,55
2019-07-11,123,67,56
2019-07-11,115,66,49
2019-07-11,108,80,28
2019-07-11,200,123,77
2019-07-11,418,248,170
2019-07-11,475,321,154
2019-07-11,250,164,86
2019-07-11,126,80,46
2019-07-11,64,44,20
2019-07-11,52,22,30
2019-07-11,50,30,20
2019-07-11,15,7,8
2019-07-12,9,7,2
2019-07-12,4,2,2
2019-07-12,10,2,8
2019-07-12,4,2,2
2019-07-12,6,4,2
2019-07-12,26,10,16
2019-07-12,76,14,62
2019-07-12,219,108,111
2019-07-12,300,154,146
2019-07-12,234,132,102
2019-07-12,96,42,54
2019-07-12,122,75,47
2019-07-12,135,66,69
2019-07-12,122,73,49
2019-07-12,169,105,64
2019-07-12,227,141,86
2019-07-12,355,228,127
2019-07-12,444,278,166
2019-07-12,210,135,75
2019-07-12,104,57,47
2019-07-12,59,37,22
2019-07-12,57,30,27
2019-07-12,35,14,21
2019-07-12,25,10,15
2019-07-13,38,31,7
2019-07-13,15,11,4
2019-07-13,3,0,3
2019-07-13,5,3,2
2019-07-13,6,6,0
2019-07-13,2,2,0
2019-07-13,5,3,2
2019-07-13,11,4,7
2019-07-13,36,19,17
2019-07-13,21,11,10
2019-07-13,75,29,46
2019-07-13,88,56,32
2019-07-13,126,82,44
2019-07-13,99,57,42
2019-07-13,90,67,23
2019-07-13,78,36,42
2019-07-13,68,45,23
2019-07-13,125,78,47
2019-07-13,95,67,28
2019-07-13,72,41,31
2019-07-13,60,15,45
2019-07-13,37,26,11
2019-07-13,36,22,14
2019-07-13,10,6,4
2019-07-14,14,6,8
2019-07-14,7,4,3
2019-07-14,4,3,1
2019-07-14,2,0,2
2019-07-14,4,2,2
2019-07-14,4,4,0
2019-07-14,3,2,1
2019-07-14,25,19,6
2019-07-14,25,15,10
2019-07-14,44,17,27
2019-07-14,84,45,39
2019-07-14,119,84,35
2019-07-14,251,215,36
2019-07-14,113,71,42
2019-07-14,72,22,50
2019-07-14,281,44,237
2019-07-14,95,53,42
2019-07-14,101,44,57
2019-07-14,85,39,46
2019-07-14,57,40,17
2019-07-14,38,23,15
2019-07-14,29,18,11
2019-07-14,35,13,22
2019-07-14,11,4,7
2019-07-15,19,13,6
2019-07-15,6,6,0
2019-07-15,4,4,0
2019-07-15,0,0,0
2019-07-15,6,2,4
2019-07-15,35,13,22
2019-07-15,88,31,57
2019-07-15,235,113,122
2019-07-15,338,162,176
2019-07-15,187,93,94
2019-07-15,70,43,27
2019-07-15,65,36,29
2019-07-15,70,35,35
2019-07-15,57,29,28
2019-07-15,97,72,25
2019-07-15,172,114,58
2019-07-15,363,246,117
2019-07-15,521,337,184
2019-07-15,210,115,95
2019-07-15,91,50,41
2019-07-15,30,11,19
2019-07-15,32,17,15
2019-07-15,39,22,17
2019-07-15,2,0,2
2019-07-16,8,2,6
2019-07-16,2,1,1
2019-07-16,0,0,0
2019-07-16,4,2,2
2019-07-16,5,0,5
2019-07-16,50,16,34
2019-07-16,68,24,44
2019-07-16,306,134,172
2019-07-16,395,177,218
2019-07-16,167,78,89
2019-07-16,100,48,52
2019-07-16,106,52,54
2019-07-16,129,57,72
2019-07-16,110,65,45
2019-07-16,117,73,44
2019-07-16,218,152,66
2019-07-16,403,280,123
2019-07-16,578,364,214
2019-07-16,281,175,106
2019-07-16,134,88,46
2019-07-16,68,32,36
2019-07-16,40,17,23
2019-07-16,32,11,21
2019-07-16,15,5,10
2019-07-17,7,6,1
2019-07-17,2,0,2
2019-07-17,10,8,2
2019-07-17,2,0,2
2019-07-17,0,0,0
2019-07-17,31,13,18
2019-07-17,49,17,32
2019-07-17,172,72,100
2019-07-17,272,137,135
2019-07-17,173,92,81
2019-07-17,90,59,31
2019-07-17,75,35,40
2019-07-17,131,65,66
2019-07-17,68,34,34
2019-07-17,96,56,40
2019-07-17,126,78,48
2019-07-17,143,93,50
2019-07-17,180,116,64
2019-07-17,110,71,39
2019-07-17,50,30,20
2019-07-17,30,14,16
2019-07-17,44,13,31
2019-07-17,25,10,15
2019-07-17,10,5,5
2019-07-18,9,5,4
2019-07-18,5,2,3
2019-07-18,4,2,2
2019-07-18,1,1,0
2019-07-18,2,1,1
2019-07-18,15,6,9
2019-07-18,31,11,20
2019-07-18,92,43,49
2019-07-18,136,67,69
2019-07-18,83,42,41
2019-07-18,48,29,19
2019-07-18,45,26,19
2019-07-18,66,38,28
2019-07-18,50,29,21
2019-07-18,58,36,22
2019-07-18,93,58,35
2019-07-18,159,105,54
2019-07-18,213,138,75
2019-07-18,125,80,45
2019-07-18,51,29,22
2019-07-18,32,15,17
2019-07-18,50,13,37
2019-07-18,23,9,14
2019-07-18,10,5,5
2019-07-19,8,5,3
2019-07-19,4,2,2
2019-07-19,4,2,2
2019-07-19,2,1,1
2019-07-19,2,0,2
2019-07-19,18,6,12
2019-07-19,35,13,22
2019-07-19,105,49,56
2019-07-19,164,82,82
2019-07-19,92,47,45
2019-07-19,51,30,21
2019-07-19,74,42,32
2019-07-19,132,67,65
2019-07-19,106,56,50
2019-07-19,130,84,46
2019-07-19,263,175,88
2019-07-19,417,276,141
2019-07-19,401,270,131
2019-07-19,243,176,67
2019-07-19,100,55,45
2019-07-19,57,37,20
2019-07-19,45,27,18
2019-07-19,53,15,38
2019-07-19,26,19,7
2019-07-20,17,8,9
2019-07-20,14,5,9
2019-07-20,6,2,4
2019-07-20,2,2,0
2019-07-20,2,2,0
2019-07-20,8,8,0
2019-07-20,11,7,4
2019-07-20,25,17,8
2019-07-20,38,23,15
2019-07-20,21,13,8
2019-07-20,36,22,14
2019-07-20,43,30,13
2019-07-20,71,52,19
2019-07-20,56,38,18
2019-07-20,57,36,21
2019-07-20,66,26,40
2019-07-20,67,33,34
2019-07-20,63,34,29
2019-07-20,63,38,25
2019-07-20,37,20,17
2019-07-20,29,14,15
2019-07-20,25,13,12
2019-07-20,29,11,18
2019-07-20,12,6,6
2019-07-21,13,7,6
2019-07-21,9,3,6
2019-07-21,8,2,6
2019-07-21,2,1,1
2019-07-21,2,1,1
2019-07-21,2,1,1
2019-07-21,4,3,1
2019-07-21,11,7,4
2019-07-21,18,9,9
2019-07-21,32,18,14
2019-07-21,37,22,15
2019-07-21,41,26,15
2019-07-21,68,50,18
2019-07-21,57,33,24
2019-07-21,94,42,52
2019-07-21,122,74,48
2019-07-21,129,88,41
2019-07-21,165,132,33
2019-07-21,182,132,50
2019-07-21,63,37,26
2019-07-21,66,16,50
2019-07-21,247,30,217
2019-07-21,43,17,26
2019-07-21,19,10,9
2019-07-22,16,9,7
2019-07-22,6,4,2
2019-07-22,4,2,2
2019-07-22,0,0,0
2019-07-22,6,2,4
2019-07-22,49,15,34
2019-07-22,101,31,70
2019-07-22,264,137,127
2019-07-22,409,223,186
2019-07-22,224,105,119
2019-07-22,107,71,36
2019-07-22,87,53,34
2019-07-22,118,63,55
2019-07-22,109,59,50
2019-07-22,114,77,37
2019-07-22,236,166,70
2019-07-22,447,307,140
2019-07-22,539,350,189
2019-07-22,272,171,101
2019-07-22,73,31,42
2019-07-22,68,46,22
2019-07-22,58,23,35
2019-07-22,35,6,29
2019-07-22,16,12,4
2019-07-23,11,10,1
2019-07-23,6,4,2
2019-07-23,1,1,0
2019-07-23,4,2,2
2019-07-23,4,0,4
2019-07-23,50,12,38
2019-07-23,88,46,42
2019-07-23,235,117,118
2019-07-23,429,214,215
2019-07-23,170,95,75
2019-07-23,85,46,39
2019-07-23,70,29,41
2019-07-23,119,67,52
2019-07-23,98,52,46
2019-07-23,109,77,32
2019-07-23,194,142,52
2019-07-23,446,311,135
2019-07-23,593,418,175
2019-07-23,318,187,131
2019-07-23,119,62,57
2019-07-23,66,30,36
2019-07-23,54,20,34
2019-07-23,32,8,24
2019-07-23,28,11,17
2019-07-24,13,5,8
2019-07-24,1,0,1
2019-07-24,3,3,0
2019-07-24,3,0,3
2019-07-24,5,0,5
2019-07-24,44,10,34
2019-07-24,81,33,48
2019-07-24,282,149,133
2019-07-24,366,192,174
2019-07-24,214,132,82
2019-07-24,98,53,45
2019-07-24,112,67,45
2019-07-24,209,144,65
2019-07-24,107,67,40
2019-07-24,161,77,84
2019-07-24,278,152,126
2019-07-24,484,336,148
2019-07-24,641,399,242
2019-07-24,273,175,98
2019-07-24,118,60,58
2019-07-24,57,40,17
2019-07-24,59,33,26
2019-07-24,32,15,17
2019-07-24,9,7,2
2019-07-25,11,2,9
2019-07-25,9,3,6
2019-07-25,2,0,2
2019-07-25,4,2,2
2019-07-25,3,1,2
2019-07-25,36,12,24
2019-07-25,98,49,49
2019-07-25,253,134,119
2019-07-25,406,207,199
2019-07-25,201,109,92
2019-07-25,96,49,47
2019-07-25,89,52,37
2019-07-25,126,65,61
2019-07-25,115,70,45
2019-07-25,159,102,57
2019-07-25,220,169,51
2019-07-25,414,276,138
2019-07-25,562,343,219
2019-07-25,341,215,126
2019-07-25,139,90,49
2019-07-25,83,41,42
2019-07-25,96,27,69
2019-07-25,38,21,17
2019-07-25,17,2,15
2019-07-26,14,4,10
2019-07-26,4,2,2
2019-07-26,2,2,0
2019-07-26,4,0,4
2019-07-26,4,2,2
2019-07-26,34,4,30
2019-07-26,82,42,40
2019-07-26,243,130,113
2019-07-26,354,200,154
2019-07-26,225,126,99
2019-07-26,83,48,35
2019-07-26,87,37,50
2019-07-26,139,90,49
2019-07-26,186,92,94
2019-07-26,204,129,75
2019-07-26,267,190,77
2019-07-26,426,255,171
2019-07-26,425,257,168
2019-07-26,227,159,68
2019-07-26,96,54,42
2019-07-26,67,41,26
2019-07-26,79,30,49
2019-07-26,84,18,66
2019-07-26,37,11,26
2019-07-27,26,20,6
2019-07-27,19,12,7
2019-07-27,2,2,0
2019-07-27,4,4,0
2019-07-27,2,2,0
2019-07-27,6,2,4
2019-07-27,10,7,3
2019-07-27,10,2,8
2019-07-27,32,16,16
2019-07-27,55,40,15
2019-07-27,65,36,29
2019-07-27,56,41,15
2019-07-27,138,106,32
2019-07-27,91,72,19
2019-07-27,71,50,21
2019-07-27,79,40,39
2019-07-27,112,42,70
2019-07-27,118,62,56
2019-07-27,104,35,69
2019-07-27,58,27,31
2019-07-27,53,27,26
2019-07-27,42,33,9
2019-07-27,34,20,14
2019-07-27,32,14,18
2019-07-28,34,26,8
2019-07-28,6,2,4
2019-07-28,19,3,16
2019-07-28,4,2,2
2019-07-28,2,0,2
2019-07-28,8,4,4
2019-07-28,6,2,4
2019-07-28,18,12,6
2019-07-28,31,10,21
2019-07-28,66,37,29
2019-07-28,84,58,26
2019-07-28,64,46,18
2019-07-28,59,31,28
2019-07-28,97,63,34
2019-07-28,88,48,40
2019-07-28,70,34,36
2019-07-28,117,52,65
2019-07-28,96,37,59
2019-07-28,94,66,28
2019-07-28,71,44,27
2019-07-28,48,27,21
2019-07-28,50,28,22
2019-07-28,11,5,6
2019-07-28,17,12,5
2019-07-29,5,5,0
2019-07-29,4,4,0
2019-07-29,4,2,2
2019-07-29,2,0,2
2019-07-29,0,0,0
2019-07-29,32,6,26
2019-07-29,92,29,63
2019-07-29,269,115,154
2019-07-29,413,212,201
2019-07-29,224,110,114
2019-07-29,96,61,35
2019-07-29,104,64,40
2019-07-29,120,42,78
2019-07-29,64,45,19
2019-07-29,136,76,60
2019-07-29,184,112,72
2019-07-29,487,341,146
2019-07-29,597,404,193
2019-07-29,248,148,100
2019-07-29,80,49,31
2019-07-29,54,28,26
2019-07-29,33,17,16
2019-07-29,20,14,6
2019-07-29,16,6,10
2019-07-30,6,0,6
2019-07-30,6,2,4
2019-07-30,9,4,5
2019-07-30,4,2,2
2019-07-30,1,0,1
2019-07-30,41,17,24
2019-07-30,98,43,55
2019-07-30,271,137,134
2019-07-30,435,213,222
2019-07-30,187,97,90
2019-07-30,93,49,44
2019-07-30,128,52,76
2019-07-30,93,44,49
2019-07-30,75,41,34
2019-07-30,117,78,39
2019-07-30,218,149,69
2019-07-30,445,292,153
2019-07-30,636,385,251
2019-07-30,282,175,107
2019-07-30,138,86,52
2019-07-30,51,29,22
2019-07-30,59,34,25
2019-07-30,35,18,17
2019-07-30,10,7,3
2019-07-31,8,4,4
2019-07-31,8,6,2
2019-07-31,5,5,0
2019-07-31,3,1,2
2019-07-31,0,0,0
2019-07-31,38,10,28
2019-07-31,72,29,43
2019-07-31,254,100,154
2019-07-31,382,199,183
2019-07-31,280,160,120
2019-07-31,109,67,42
2019-07-31,99,47,52
2019-07-31,125,62,63
2019-07-31,108,65,43
2019-07-31,118,74,44
2019-07-31,219,153,66
2019-07-31,435,276,159
2019-07-31,581,358,223
2019-07-31,322,195,127
2019-07-31,100,60,40
2019-07-31,65,52,13
2019-07-31,58,26,32
2019-07-31,34,15,19
2019-07-31,16,14,2
2019-08-01,10,10,0
2019-08-01,3,0,3
2019-08-01,3,3,0
2019-08-01,4,2,2
2019-08-01,5,3,2
2019-08-01,34,6,28
2019-08-01,84,31,53
2019-08-01,262,120,142
2019-08-01,378,201,177
2019-08-01,243,127,116
2019-08-01,112,64,48
2019-08-01,138,71,67
2019-08-01,119,56,63
2019-08-01,98,56,42
2019-08-01,141,73,68
2019-08-01,206,136,70
2019-08-01,426,290,136
2019-08-01,615,401,214
2019-08-01,523,333,190
2019-08-01,250,139,111
2019-08-01,186,84,102
2019-08-01,63,29,34
2019-08-01,39,20,19
2019-08-01,17,11,6
2019-08-02,14,5,9
2019-08-02,11,6,5
2019-08-02,2,0,2
2019-08-02,4,2,2
2019-08-02,3,0,3
2019-08-02,16,4,12
2019-08-02,49,26,23
2019-08-02,142,67,75
2019-08-02,292,146,146
2019-08-02,157,87,70
2019-08-02,90,55,35
2019-08-02,113,62,51
2019-08-02,136,62,74
2019-08-02,138,85,53
2019-08-02,170,99,71
2019-08-02,216,142,74
2019-08-02,376,228,148
2019-08-02,415,278,137
2019-08-02,270,143,127
2019-08-02,94,43,51
2019-08-02,66,32,34
2019-08-02,45,30,15
2019-08-02,35,29,6
2019-08-02,31,12,19
2019-08-03,20,6,14
2019-08-03,13,5,8
2019-08-03,9,3,6
2019-08-03,0,0,0
2019-08-03,1,0,1
2019-08-03,4,4,0
2019-08-03,12,5,7
2019-08-03,10,2,8
2019-08-03,35,23,12
2019-08-03,64,42,22
2019-08-03,86,65,21
2019-08-03,79,50,29
2019-08-03,108,68,40
2019-08-03,106,61,45
2019-08-03,127,80,47
2019-08-03,108,54,54
2019-08-03,151,85,66
2019-08-03,114,42,72
2019-08-03,159,119,40
2019-08-03,69,36,33
2019-08-03,27,22,5
2019-08-03,50,26,24
2019-08-03,48,25,23
2019-08-03,36,20,16
2019-08-04,34,7,27
2019-08-04,26,3,23
2019-08-04,16,2,14
2019-08-04,2,2,0
2019-08-04,2,0,2
2019-08-04,6,2,4
2019-08-04,13,11,2
2019-08-04,20,16,4
2019-08-04,38,21,17
2019-08-04,54,39,15
2019-08-04,70,45,25
2019-08-04,77,41,36
2019-08-04,65,36,29
2019-08-04,77,46,31
2019-08-04,134,76,58
2019-08-04,98,57,41
2019-08-04,142,85,57
2019-08-04,112,80,32
2019-08-04,167,123,44
2019-08-04,84,44,40
2019-08-04,43,17,26
2019-08-04,171,16,155
2019-08-04,24,11,13
2019-08-04,12,2,10
2019-08-05,7,4,3
2019-08-05,6,2,4
2019-08-05,1,0,1
2019-08-05,4,0,4
2019-08-05,7,1,6
2019-08-05,34,12,22
2019-08-05,80,29,51
2019-08-05,279,132,147
2019-08-05,381,192,189
2019-08-05,204,112,92
2019-08-05,79,40,39
2019-08-05,66,33,33
2019-08-05,110,59,51
2019-08-05,115,58,57
2019-08-05,114,79,35
2019-08-05,189,127,62
2019-08-05,432,296,136
2019-08-05,593,380,213
2019-08-05,265,152,113
2019-08-05,100,65,35
2019-08-05,49,28,21
2019-08-05,39,21,18
2019-08-05,22,16,6
2019-08-05,8,5,3
2019-08-06,8,5,3
2019-08-06,0,0,0
2019-08-06,2,2,0
2019-08-06,2,0,2
2019-08-06,4,0,4
2019-08-06,42,14,28
2019-08-06,105,47,58
2019-08-06,299,132,167
2019-08-06,378,208,170
2019-08-06,217,101,116
2019-08-06,106,44,62
2019-08-06,123,86,37
2019-08-06,107,58,49
2019-08-06,129,70,59
2019-08-06,120,83,37
2019-08-06,256,162,94
2019-08-06,504,341,163
2019-08-06,577,377,200
2019-08-06,321,216,105
2019-08-06,145,87,58
2019-08-06,49,25,24
2019-08-06,58,15,43
2019-08-06,45,12,33
2019-08-06,10,3,7
2019-08-07,3,2,1
2019-08-07,4,4,0
2019-08-07,0,0,0
2019-08-07,4,0,4
2019-08-07,4,0,4
2019-08-07,37,7,30
2019-08-07,93,47,46
2019-08-07,265,132,133
2019-08-07,346,180,166
2019-08-07,200,114,86
2019-08-07,101,58,43
2019-08-07,77,54,23
2019-08-07,136,79,57
2019-08-07,128,80,48
2019-08-07,158,108,50
2019-08-07,273,208,65
2019-08-07,399,268,131
2019-08-07,574,355,219
2019-08-07,257,156,101
2019-08-07,134,73,61
2019-08-07,80,35,45
2019-08-07,58,23,35
2019-08-07,39,29,10
2019-08-07,13,8,5
2019-08-08,4,0,4
2019-08-08,3,2,1
2019-08-08,2,0,2
2019-08-08,3,0,3
2019-08-08,3,1,2
2019-08-08,40,12,28
2019-08-08,92,31,61
2019-08-08,249,112,137
2019-08-08,310,168,142
2019-08-08,168,95,73
2019-08-08,95,51,44
2019-08-08,104,71,33
2019-08-08,105,62,43
2019-08-08,127,62,65
2019-08-08,162,102,60
2019-08-08,403,228,175
2019-08-08,621,418,203
2019-08-08,778,486,292
2019-08-08,439,333,106
2019-08-08,122,83,39
2019-08-08,73,34,39
2019-08-08,140,21,119
2019-08-08,88,8,80
2019-08-08,36,14,22
2019-08-09,19,9,10
2019-08-09,7,2,5
2019-08-09,4,2,2
2019-08-09,3,3,0
2019-08-09,3,0,3
2019-08-09,26,4,22
2019-08-09,66,28,38
2019-08-09,200,96,104
2019-08-09,296,167,129
2019-08-09,164,104,60
2019-08-09,104,65,39
2019-08-09,113,73,40
2019-08-09,105,57,48
2019-08-09,131,83,48
2019-08-09,152,92,60
2019-08-09,231,170,61
2019-08-09,355,228,127
2019-08-09,426,288,138
2019-08-09,266,188,78
2019-08-09,90,61,29
2019-08-09,55,34,21
2019-08-09,43,16,27
2019-08-09,57,20,37
2019-08-09,29,17,12
2019-08-10,21,12,9
2019-08-10,14,6,8
2019-08-10,6,4,2
2019-08-10,0,0,0
2019-08-10,2,2,0
2019-08-10,4,2,2
2019-08-10,2,2,0
2019-08-10,16,10,6
2019-08-10,16,8,8
2019-08-10,6,0,6
2019-08-10,44,33,11
2019-08-10,85,66,19
2019-08-10,182,160,22
2019-08-10,81,63,18
2019-08-10,94,51,43
2019-08-10,251,51,200
2019-08-10,142,70,72
2019-08-10,98,58,40
2019-08-10,95,65,30
2019-08-10,43,22,21
2019-08-10,48,27,21
2019-08-10,30,15,15
2019-08-10,62,17,45
2019-08-10,11,3,8
2019-08-11,25,16,9
2019-08-11,15,6,9
2019-08-11,16,3,13
2019-08-11,5,3,2
2019-08-11,4,0,4
2019-08-11,4,2,2
2019-08-11,3,3,0
2019-08-11,15,8,7
2019-08-11,35,19,16
2019-08-11,53,31,22
2019-08-11,51,22,29
2019-08-11,54,33,21
2019-08-11,124,96,28
2019-08-11,127,76,51
2019-08-11,116,70,46
2019-08-11,84,25,59
2019-08-11,74,24,50
2019-08-11,57,25,32
2019-08-11,81,48,33
2019-08-11,36,17,19
2019-08-11,21,13,8
2019-08-11,22,12,10
2019-08-11,22,18,4
2019-08-11,8,8,0
2019-08-12,3,3,0
2019-08-12,4,2,2
2019-08-12,2,2,0
2019-08-12,4,0,4
2019-08-12,4,0,4
2019-08-12,34,8,26
2019-08-12,78,33,45
2019-08-12,291,151,140
2019-08-12,360,179,181
2019-08-12,185,105,80
2019-08-12,87,35,52
2019-08-12,99,53,46
2019-08-12,118,68,50
2019-08-12,86,56,30
2019-08-12,106,56,50
2019-08-12,177,108,69
2019-08-12,402,265,137
2019-08-12,562,342,220
2019-08-12,258,156,102
2019-08-12,100,61,39
2019-08-12,67,39,28
2019-08-12,50,29,21
2019-08-12,46,30,16
2019-08-12,16,6,10
2019-08-13,9,4,5
2019-08-13,3,2,1
2019-08-13,1,0,1
2019-08-13,0,0,0
2019-08-13,2,0,2
2019-08-13,30,8,22
2019-08-13,107,49,58
2019-08-13,310,145,165
2019-08-13,368,188,180
2019-08-13,228,126,102
2019-08-13,119,67,52
2019-08-13,125,80,45
2019-08-13,107,52,55
2019-08-13,121,63,58
2019-08-13,146,99,47
2019-08-13,221,142,79
2019-08-13,498,314,184
2019-08-13,617,370,247
2019-08-13,280,174,106
2019-08-13,117,68,49
2019-08-13,49,29,20
2019-08-13,21,6,15
2019-08-13,25,17,8
2019-08-13,23,8,15
2019-08-14,6,0,6
2019-08-14,0,0,0
2019-08-14,5,0,5
2019-08-14,9,2,7
2019-08-14,4,2,2
2019-08-14,30,6,24
2019-08-14,97,45,52
2019-08-14,313,159,154
2019-08-14,413,216,197
2019-08-14,224,124,100
2019-08-14,97,69,28
2019-08-14,110,54,56
2019-08-14,112,54,58
2019-08-14,129,73,56
2019-08-14,184,107,77
2019-08-14,249,168,81
2019-08-14,512,354,158
2019-08-14,676,403,273
2019-08-14,378,263,115
2019-08-14,168,101,67
2019-08-14,77,59,18
2019-08-14,54,34,20
2019-08-14,61,22,39
2019-08-14,134,13,121
2019-08-15,24,7,17
2019-08-15,3,2,1
2019-08-15,13,9,4
2019-08-15,4,0,4
2019-08-15,2,0,2
2019-08-15,35,11,24
2019-08-15,98,47,51
2019-08-15,298,144,154
2019-08-15,365,204,161
2019-08-15,210,109,101
2019-08-15,81,46,35
2019-08-15,119,57,62
2019-08-15,113,52,61
2019-08-15,84,45,39
2019-08-15,145,91,54
2019-08-15,229,147,82
2019-08-15,471,282,189
2019-08-15,552,339,213
2019-08-15,274,173,101
2019-08-15,110,77,33
2019-08-15,50,29,21
2019-08-15,54,32,22
2019-08-15,32,22,10
2019-08-15,21,11,10
2019-08-16,10,8,2
2019-08-16,11,4,7
2019-08-16,9,4,5
2019-08-16,2,2,0
2019-08-16,7,0,7
2019-08-16,26,8,18
2019-08-16,69,24,45
2019-08-16,212,97,115
2019-08-16,259,124,135
2019-08-16,159,92,67
2019-08-16,90,45,45
2019-08-16,77,38,39
2019-08-16,129,85,44
2019-08-16,103,59,44
2019-08-16,153,92,61
2019-08-16,222,166,56
2019-08-16,338,199,139
2019-08-16,403,252,151
2019-08-16,161,99,62
2019-08-16,86,45,41
2019-08-16,41,21,20
2019-08-16,52,34,18
2019-08-16,26,12,14
2019-08-16,32,15,17
2019-08-17,16,7,9
2019-08-17,7,2,5
2019-08-17,8,8,0
2019-08-17,0,0,0
2019-08-17,0,0,0
2019-08-17,2,2,0
2019-08-17,3,2,1
2019-08-17,13,8,5
2019-08-17,54,40,14
2019-08-17,59,37,22
2019-08-17,70,36,34
2019-08-17,46,28,18
2019-08-17,73,43,30
2019-08-17,83,38,45
2019-08-17,120,62,58
2019-08-17,68,46,22
2019-08-17,103,39,64
2019-08-17,80,24,56
2019-08-17,70,32,38
2019-08-17,74,34,40
2019-08-17,44,30,14
2019-08-17,34,17,17
2019-08-17,32,12,20
2019-08-17,22,13,9
2019-08-18,13,5,8
2019-08-18,10,4,6
2019-08-18,7,3,4
2019-08-18,6,4,2
2019-08-18,10,6,4
2019-08-18,6,2,4
2019-08-18,12,11,1
2019-08-18,8,8,0
2019-08-18,29,18,11
2019-08-18,34,21,13
2019-08-18,50,24,26
2019-08-18,85,42,43
2019-08-18,86,40,46
2019-08-18,79,37,42
2019-08-18,99,57,42
2019-08-18,65,40,25
2019-08-18,93,46,47
2019-08-18,41,25,16
2019-08-18,55,29,26
2019-08-18,72,31,41
2019-08-18,19,13,6
2019-08-18,34,13,21
2019-08-18,6,3,3
2019-08-18,13,9,4
2019-08-19,13,11,2
2019-08-19,4,2,2
2019-08-19,2,0,2
2019-08-19,4,2,2
2019-08-19,6,0,6
2019-08-19,18,4,14
2019-08-19,98,39,59
2019-08-19,271,131,140
2019-08-19,365,190,175
2019-08-19,219,129,90
2019-08-19,81,57,24
2019-08-19,57,38,19
2019-08-19,98,44,54
2019-08-19,93,51,42
2019-08-19,118,88,30
2019-08-19,200,142,58
2019-08-19,382,260,122
2019-08-19,535,338,197
2019-08-19,256,163,93
2019-08-19,103,61,42
2019-08-19,53,33,20
2019-08-19,33,26,7
2019-08-19,20,10,10
2019-08-19,20,12,8
2019-08-20,7,0,7
2019-08-20,6,4,2
2019-08-20,10,6,4
2019-08-20,8,4,4
2019-08-20,8,4,4
2019-08-20,26,10,16
2019-08-20,105,41,64
2019-08-20,325,159,166
2019-08-20,401,188,213
2019-08-20,195,100,95
2019-08-20,73,44,29
2019-08-20,120,70,50
2019-08-20,103,46,57
2019-08-20,108,57,51
2019-08-20,129,76,53
2019-08-20,171,113,58
2019-08-20,483,343,140
2019-08-20,818,611,207
2019-08-20,399,293,106
2019-08-20,115,81,34
2019-08-20,90,44,46
2019-08-20,92,11,81
2019-08-20,207,15,192
2019-08-20,37,16,21
2019-08-21,21,3,18
2019-08-21,3,2,1
2019-08-21,5,1,4
2019-08-21,0,0,0
2019-08-21,3,0,3
2019-08-21,36,14,22
2019-08-21,51,25,26
2019-08-21,158,61,97
2019-08-21,179,79,100
2019-08-21,96,47,49
2019-08-21,60,30,30
2019-08-21,54,37,17
2019-08-21,63,27,36
2019-08-21,53,34,19
2019-08-21,93,52,41
2019-08-21,134,94,40
2019-08-21,219,160,59
2019-08-21,340,223,117
2019-08-21,185,125,60
2019-08-21,47,19,28
2019-08-21,38,20,18
2019-08-21,29,10,19
2019-08-21,21,13,8
2019-08-21,10,0,10
2019-08-22,8,5,3
2019-08-22,4,0,4
2019-08-22,0,0,0
2019-08-22,1,1,0
2019-08-22,6,0,6
2019-08-22,16,4,12
2019-08-22,100,47,53
2019-08-22,238,108,130
2019-08-22,348,182,166
2019-08-22,155,95,60
2019-08-22,80,47,33
2019-08-22,105,58,47
2019-08-22,85,45,40
2019-08-22,97,52,45
2019-08-22,155,71,84
2019-08-22,198,111,87
2019-08-22,331,217,114
2019-08-22,446,292,154
2019-08-22,280,166,114
2019-08-22,90,47,43
2019-08-22,48,31,17
2019-08-22,32,19,13
2019-08-22,20,5,15
2019-08-22,15,6,9
2019-08-23,7,3,4
2019-08-23,5,1,4
2019-08-23,2,1,1
2019-08-23,2,1,1
2019-08-23,2,0,2
2019-08-23,13,4,9
2019-08-23,39,16,23
2019-08-23,104,52,52
2019-08-23,162,83,79
2019-08-23,98,57,41
2019-08-23,53,30,23
2019-08-23,58,34,24
2019-08-23,74,39,35
2019-08-23,71,42,29
2019-08-23,93,58,35
2019-08-23,135,92,43
2019-08-23,217,137,80
2019-08-23,237,152,85
2019-08-23,121,77,44
2019-08-23,50,27,23
2019-08-23,31,16,15
2019-08-23,21,12,9
2019-08-23,18,9,9
2019-08-23,17,7,10
2019-08-24,13,7,6
2019-08-24,6,3,3
2019-08-24,4,2,2
2019-08-24,0,0,0
2019-08-24,2,1,1
2019-08-24,3,2,1
2019-08-24,5,3,2
2019-08-24,8,5,3
2019-08-24,19,12,7
2019-08-24,27,17,10
2019-08-24,34,21,13
2019-08-24,40,25,15
2019-08-24,54,37,17
2019-08-24,50,28,22
2019-08-24,55,33,22
2019-08-24,64,28,36
2019-08-24,61,30,31
2019-08-24,42,21,21
2019-08-24,49,31,18
2019-08-24,31,16,15
2019-08-24,20,12,8
2019-08-24,18,8,10
2019-08-24,20,8,12
2019-08-24,14,7,7
2019-08-25,10,4,6
2019-08-25,9,3,6
2019-08-25,6,2,4
2019-08-25,1,1,0
2019-08-25,2,1,1
2019-08-25,3,1,2
2019-08-25,4,3,1
2019-08-25,8,6,2
2019-08-25,16,10,6
2019-08-25,21,12,9
2019-08-25,32,19,13
2019-08-25,36,23,13
2019-08-25,48,34,14
2019-08-25,50,30,20
2019-08-25,56,36,20
2019-08-25,45,27,18
2019-08-25,55,20,35
2019-08-25,48,20,28
2019-08-25,55,26,29
2019-08-25,27,13,14
2019-08-25,16,7,9
2019-08-25,25,6,19
2019-08-25,7,4,3
2019-08-25,7,3,4
2019-08-26,5,3,2
2019-08-26,3,2,1
2019-08-26,2,1,1
2019-08-26,2,0,2
2019-08-26,3,0,3
2019-08-26,11,3,8
2019-08-26,37,15,22
2019-08-26,117,57,60
2019-08-26,164,86,78
2019-08-26,96,54,42
2019-08-26,46,26,20
2019-08-26,43,25,18
2019-08-26,53,28,25
2019-08-26,49,26,23
2019-08-26,53,34,19
2019-08-26,91,61,30
2019-08-26,187,124,63
2019-08-26,266,167,99
2019-08-26,127,77,50
2019-08-26,52,30,22
2019-08-26,28,16,12
2019-08-26,17,11,6
2019-08-26,13,7,6
2019-08-26,9,5,4
2019-08-27,5,2,3
2019-08-27,2,1,1
2019-08-27,2,1,1
2019-08-27,2,0,2
2019-08-27,2,0,2
2019-08-27,15,5,10
2019-08-27,51,20,31
2019-08-27,139,64,75
2019-08-27,194,98,96
2019-08-27,106,55,51
2019-08-27,50,28,22
2019-08-27,54,34,20
2019-08-27,57,29,28
2019-08-27,53,29,24
2019-08-27,64,41,23
2019-08-27,114,76,38
2019-08-27,233,157,76
2019-08-27,336,229,107
2019-08-27,163,110,53
2019-08-27,61,35,26
2019-08-27,30,16,14
2019-08-27,28,8,20
2019-08-27,34,6,28
2019-08-27,11,4,7
2019-08-28,4,1,3
2019-08-28,2,1,1
2019-08-28,2,1,1
2019-08-28,2,0,2
2019-08-28,3,1,2
2019-08-28,14,4,10
2019-08-28,46,21,25
2019-08-28,132,61,71
2019-08-28,199,102,97
2019-08-28,105,57,48
2019-08-28,49,30,19
2019-08-28,49,30,19
2019-08-28,62,34,28
2019-08-28,58,32,26
2019-08-28,73,45,28
2019-08-28,116,79,37
2019-08-28,226,157,69
2019-08-28,323,203,120
2019-08-28,171,114,57
2019-08-28,70,42,28
2019-08-28,37,20,17
2019-08-28,32,12,20
2019-08-28,27,11,16
2019-08-28,22,6,16
2019-08-29,7,2,5
2019-08-29,2,1,1
2019-08-29,2,1,1
2019-08-29,3,1,2
2019-08-29,3,1,2
2019-08-29,16,6,10
2019-08-29,55,24,31
2019-08-29,139,65,74
2019-08-29,203,107,96
2019-08-29,114,64,50
2019-08-29,52,38,14
2019-08-29,91,40,51
2019-08-29,92,50,42
2019-08-29,96,48,48
2019-08-29,146,96,50
2019-08-29,238,155,83
2019-08-29,481,335,146
2019-08-29,537,358,179
2019-08-29,231,146,85
2019-08-29,77,44,33
2019-08-29,38,15,23
2019-08-29,61,17,44
2019-08-29,77,5,72
2019-08-29,47,7,40
2019-08-30,8,4,4
2019-08-30,6,2,4
2019-08-30,2,0,2
2019-08-30,0,0,0
2019-08-30,4,0,4
2019-08-30,30,10,20
2019-08-30,68,26,42
2019-08-30,183,84,99
2019-08-30,259,120,139
2019-08-30,128,66,62
2019-08-30,75,47,28
2019-08-30,119,60,59
2019-08-30,132,73,59
2019-08-30,135,82,53
2019-08-30,231,153,78
2019-08-30,264,172,92
2019-08-30,368,230,138
2019-08-30,302,185,117
2019-08-30,167,109,58
2019-08-30,67,32,35
2019-08-30,51,29,22
2019-08-30,11,7,4
2019-08-30,26,16,10
2019-08-30,24,7,17
2019-08-31,20,18,2
2019-08-31,9,6,3
2019-08-31,4,2,2
2019-08-31,3,0,3
2019-08-31,4,4,0
2019-08-31,10,6,4
2019-08-31,5,3,2
2019-08-31,20,12,8
2019-08-31,27,10,17
2019-08-31,52,28,24
2019-08-31,43,25,18
2019-08-31,52,33,19
2019-08-31,63,35,28
2019-08-31,56,32,24
2019-08-31,95,56,39
2019-08-31,90,45,45
2019-08-31,118,58,60
2019-08-31,37,22,15
2019-08-31,63,42,21
2019-08-31,46,26,20
2019-08-31,36,23,13
2019-08-31,36,8,28
2019-08-31,31,26,5
2019-08-31,27,11,16
2019-09-01,14,11,3
2019-09-01,10,5,5
2019-09-01,3,1,2
2019-09-01,0,0,0
2019-09-01,2,0,2
2019-09-01,4,2,2
2019-09-01,4,4,0
2019-09-01,15,9,6
2019-09-01,42,21,21
2019-09-01,40,16,24
2019-09-01,75,46,29
2019-09-01,50,35,15
2019-09-01,77,65,12
2019-09-01,124,85,39
2019-09-01,144,112,32
2019-09-01,133,103,30
2019-09-01,76,38,38
2019-09-01,111,39,72
2019-09-01,150,29,121
2019-09-01,55,29,26
2019-09-01,43,16,27
2019-09-01,24,6,18
2019-09-01,6,2,4
2019-09-01,18,9,9
2019-09-02,10,2,8
2019-09-02,11,8,3
2019-09-02,0,0,0
2019-09-02,2,2,0
2019-09-02,6,0,6
2019-09-02,2,2,0
2019-09-02,13,8,5
2019-09-02,17,11,6
2019-09-02,31,17,14
2019-09-02,45,33,12
2019-09-02,77,54,23
2019-09-02,62,41,21
2019-09-02,99,58,41
2019-09-02,102,64,38
2019-09-02,61,34,27
2019-09-02,77,51,26
2019-09-02,82,46,36
2019-09-02,91,40,51
2019-09-02,52,32,20
2019-09-02,52,22,30
2019-09-02,29,16,13
2019-09-02,14,10,4
2019-09-02,7,2,5
2019-09-02,18,8,10
2019-09-03,7,1,6
2019-09-03,2,2,0
2019-09-03,3,3,0
2019-09-03,11,0,11
2019-09-03,4,0,4
2019-09-03,37,10,27
2019-09-03,89,32,57
2019-09-03,253,128,125
2019-09-03,477,232,245
2019-09-03,172,101,71
2019-09-03,108,63,45
2019-09-03,86,46,40
2019-09-03,114,65,49
2019-09-03,79,49,30
2019-09-03,120,77,43
2019-09-03,248,181,67
2019-09-03,395,262,133
2019-09-03,628,421,207
2019-09-03,229,138,91
2019-09-03,111,47,64
2019-09-03,52,35,17
2019-09-03,24,12,12
2019-09-03,19,8,11
2019-09-03,11,3,8
2019-09-04,3,3,0
2019-09-04,4,2,2
2019-09-04,4,0,4
2019-09-04,2,0,2
2019-09-04,8,4,4
2019-09-04,32,10,22
2019-09-04,106,43,63
2019-09-04,280,129,151
2019-09-04,453,221,232
2019-09-04,185,96,89
2019-09-04,104,70,34
2019-09-04,104,54,50
2019-09-04,121,73,48
2019-09-04,110,65,45
2019-09-04,106,71,35
2019-09-04,214,142,72
2019-09-04,458,331,127
2019-09-04,626,397,229
2019-09-04,253,166,87
2019-09-04,100,46,54
2019-09-04,51,30,21
2019-09-04,25,13,12
2019-09-04,33,16,17
2019-09-04,16,9,7
2019-09-05,15,2,13
2019-09-05,3,2,1
2019-09-05,1,1,0
2019-09-05,10,0,10
2019-09-05,6,2,4
2019-09-05,32,12,20
2019-09-05,122,55,67
2019-09-05,277,136,141
2019-09-05,418,200,218
2019-09-05,183,95,88
2019-09-05,87,51,36
2019-09-05,87,49,38
2019-09-05,113,66,47
2019-09-05,98,52,46
2019-09-05,110,75,35
2019-09-05,219,127,92
2019-09-05,436,296,140
2019-09-05,648,437,211
2019-09-05,318,220,98
2019-09-05,112,71,41
2019-09-05,80,45,35
2019-09-05,65,32,33
2019-09-05,34,12,22
2019-09-05,10,4,6
2019-09-06,13,4,9
2019-09-06,5,0,5
2019-09-06,4,2,2
2019-09-06,4,2,2
2019-09-06,2,0,2
2019-09-06,36,8,28
2019-09-06,95,39,56
2019-09-06,216,119,97
2019-09-06,346,177,169
2019-09-06,186,105,81
2019-09-06,102,56,46
2019-09-06,92,60,32
2019-09-06,164,76,88
2019-09-06,133,84,49
2019-09-06,154,96,58
2019-09-06,269,184,85
2019-09-06,460,314,146
2019-09-06,470,280,190
2019-09-06,195,126,69
2019-09-06,94,50,44
2019-09-06,60,24,36
2019-09-06,29,10,19
2019-09-06,20,8,12
2019-09-06,18,10,8
2019-09-07,24,15,9
2019-09-07,10,9,1
2019-09-07,6,4,2
2019-09-07,0,0,0
2019-09-07,2,0,2
2019-09-07,6,2,4
2019-09-07,13,5,8
2019-09-07,7,3,4
2019-09-07,32,20,12
2019-09-07,42,30,12
2019-09-07,50,24,26
2019-09-07,70,44,26
2019-09-07,87,44,43
2019-09-07,107,53,54
2019-09-07,89,48,41
2019-09-07,92,52,40
2019-09-07,75,46,29
2019-09-07,43,29,14
2019-09-07,71,39,32
2019-09-07,30,5,25
2019-09-07,12,4,8
2019-09-07,12,8,4
2019-09-07,13,3,10
2019-09-07,27,20,7
2019-09-08,8,0,8
2019-09-08,4,4,0
2019-09-08,6,5,1
2019-09-08,0,0,0
2019-09-08,0,0,0
2019-09-08,4,0,4
2019-09-08,4,4,0
2019-09-08,15,11,4
2019-09-08,16,14,2
2019-09-08,25,17,8
2019-09-08,70,56,14
2019-09-08,116,95,21
2019-09-08,103,86,17
2019-09-08,73,54,19
2019-09-08,67,30,37
2019-09-08,20,6,14
2019-09-08,194,19,175
2019-09-08,82,13,69
2019-09-08,45,34,11
2019-09-08,31,20,11
2019-09-08,22,8,14
2019-09-08,13,7,6
2019-09-08,9,5,4
2019-09-08,6,2,4
2019-09-09,6,4,2
2019-09-09,4,0,4
2019-09-09,0,0,0
2019-09-09,6,0,6
2019-09-09,7,2,5
2019-09-09,22,2,20
2019-09-09,62,31,31
2019-09-09,202,102,100
2019-09-09,265,144,121
2019-09-09,150,77,73
2019-09-09,67,33,34
2019-09-09,80,45,35
2019-09-09,46,21,25
2019-09-09,47,20,27
2019-09-09,71,46,25
2019-09-09,161,102,59
2019-09-09,306,199,107
2019-09-09,407,263,144
2019-09-09,171,97,74
2019-09-09,82,45,37
2019-09-09,42,20,22
2019-09-09,15,13,2
2019-09-09,13,1,12
2019-09-09,17,8,9
2019-09-10,3,2,1
2019-09-10,4,4,0
2019-09-10,2,0,2
2019-09-10,4,0,4
2019-09-10,6,0,6
2019-09-10,18,6,12
2019-09-10,72,30,42
2019-09-10,196,81,115
2019-09-10,257,132,125
2019-09-10,142,73,69
2019-09-10,65,39,26
2019-09-10,70,42,28
2019-09-10,101,47,54
2019-09-10,64,37,27
2019-09-10,114,71,43
2019-09-10,175,118,57
2019-09-10,361,247,114
2019-09-10,521,387,134
2019-09-10,245,172,73
2019-09-10,87,49,38
2019-09-10,37,14,23
2019-09-10,73,31,42
2019-09-10,40,5,35
2019-09-10,14,4,10
2019-09-11,2,0,2
2019-09-11,0,0,0
2019-09-11,4,4,0
2019-09-11,9,0,9
2019-09-11,6,2,4
2019-09-11,22,10,12
2019-09-11,69,33,36
2019-09-11,253,117,136
2019-09-11,392,199,193
2019-09-11,182,102,80
2019-09-11,99,53,46
2019-09-11,107,66,41
2019-09-11,134,78,56
2019-09-11,75,42,33
2019-09-11,158,87,71
2019-09-11,203,144,59
2019-09-11,460,304,156
2019-09-11,596,388,208
2019-09-11,348,229,119
2019-09-11,84,48,36
2019-09-11,68,29,39
2019-09-11,35,21,14
2019-09-11,46,14,32
2019-09-11,36,18,18
2019-09-12,20,6,14
2019-09-12,6,2,4
2019-09-12,0,0,0
2019-09-12,6,2,4
2019-09-12,3,1,2
2019-09-12,42,20,22
2019-09-12,90,45,45
2019-09-12,252,120,132
2019-09-12,366,197,169
2019-09-12,206,118,88
2019-09-12,96,53,43
2019-09-12,110,47,63
2019-09-12,104,65,39
2019-09-12,98,57,41
2019-09-12,125,81,44
2019-09-12,208,151,57
2019-09-12,501,308,193
2019-09-12,583,401,182
2019-09-12,245,147,98
2019-09-12,106,55,51
2019-09-12,50,38,12
2019-09-12,13,6,7
2019-09-12,38,9,29
2019-09-12,15,7,8
2019-09-13,6,2,4
2019-09-13,0,0,0
2019-09-13,1,0,1
2019-09-13,4,0,4
2019-09-13,5,0,5
2019-09-13,16,10,6
2019-09-13,75,26,49
2019-09-13,183,105,78
2019-09-13,285,146,139
2019-09-13,178,100,78
2019-09-13,92,48,44
2019-09-13,98,57,41
2019-09-13,119,59,60
2019-09-13,82,37,45
2019-09-13,126,85,41
2019-09-13,231,155,76
2019-09-13,421,259,162
2019-09-13,429,266,163
2019-09-13,199,142,57
2019-09-13,64,37,27
2019-09-13,34,23,11
2019-09-13,37,23,14
2019-09-13,28,16,12
2019-09-13,36,16,20
2019-09-14,32,15,17
2019-09-14,11,2,9
2019-09-14,9,1,8
2019-09-14,2,2,0
2019-09-14,4,0,4
2019-09-14,4,2,2
2019-09-14,9,7,2
2019-09-14,16,14,2
2019-09-14,46,27,19
2019-09-14,54,37,17
2019-09-14,46,30,16
2019-09-14,86,41,45
2019-09-14,87,64,23
2019-09-14,86,47,39
2019-09-14,57,40,17
2019-09-14,78,43,35
2019-09-14,76,34,42
2019-09-14,71,44,27
2019-09-14,55,35,20
2019-09-14,52,28,24
2019-09-14,33,21,12
2019-09-14,17,10,7
2019-09-14,21,2,19
2019-09-14,19,7,12
2019-09-15,11,6,5
2019-09-15,16,2,14
2019-09-15,3,1,2
2019-09-15,0,0,0
2019-09-15,6,2,4
2019-09-15,4,2,2
2019-09-15,4,3,1
2019-09-15,11,10,1
2019-09-15,13,9,4
2019-09-15,14,2,12
2019-09-15,18,12,6
2019-09-15,15,7,8
2019-09-15,35,21,14
2019-09-15,47,24,23
2019-09-15,54,47,7
2019-09-15,61,41,20
2019-09-15,23,9,14
2019-09-15,106,25,81
2019-09-15,41,7,34
2019-09-15,10,2,8
2019-09-15,14,3,11
2019-09-15,5,5,0
2019-09-15,13,7,6
2019-09-15,18,2,16
2019-09-16,3,2,1
2019-09-16,2,2,0
2019-09-16,3,2,1
2019-09-16,6,0,6
2019-09-16,4,0,4
2019-09-16,24,8,16
2019-09-16,76,24,52
2019-09-16,229,105,124
2019-09-16,363,193,170
2019-09-16,165,88,77
2019-09-16,96,56,40
2019-09-16,74,44,30
2019-09-16,70,37,33
2019-09-16,74,41,33
2019-09-16,71,45,26
2019-09-16,146,100,46
2019-09-16,424,282,142
2019-09-16,585,372,213
2019-09-16,247,155,92
2019-09-16,87,45,42
2019-09-16,30,20,10
2019-09-16,23,18,5
2019-09-16,23,12,11
2019-09-16,11,8,3
2019-09-17,6,3,3
2019-09-17,2,0,2
2019-09-17,6,1,5
2019-09-17,2,0,2
2019-09-17,6,0,6
2019-09-17,22,10,12
2019-09-17,64,18,46
2019-09-17,147,65,82
2019-09-17,210,109,101
2019-09-17,93,52,41
2019-09-17,41,29,12
2019-09-17,44,25,19
2019-09-17,73,43,30
2019-09-17,56,27,29
2019-09-17,82,54,28
2019-09-17,134,89,45
2019-09-17,295,205,90
2019-09-17,353,242,111
2019-09-17,150,92,58
2019-09-17,51,34,17
2019-09-17,21,12,9
2019-09-17,27,14,13
2019-09-17,15,6,9
2019-09-17,0,0,0
2019-09-18,13,3,10
2019-09-18,0,0,0
2019-09-18,0,0,0
2019-09-18,2,0,2
2019-09-18,6,2,4
2019-09-18,12,4,8
2019-09-18,75,33,42
2019-09-18,201,87,114
2019-09-18,360,200,160
2019-09-18,162,88,74
2019-09-18,58,35,23
2019-09-18,69,49,20
2019-09-18,75,42,33
2019-09-18,102,51,51
2019-09-18,88,57,31
2019-09-18,165,94,71
2019-09-18,395,283,112
2019-09-18,549,334,215
2019-09-18,290,218,72
2019-09-18,147,107,40
2019-09-18,58,26,32
2019-09-18,132,15,117
2019-09-18,69,19,50
2019-09-18,18,10,8
2019-09-19,6,1,5
2019-09-19,2,2,0
2019-09-19,2,0,2
2019-09-19,5,3,2
2019-09-19,9,4,5
2019-09-19,28,14,14
2019-09-19,109,41,68
2019-09-19,229,108,121
2019-09-19,358,186,172
2019-09-19,187,100,87
2019-09-19,89,52,37
2019-09-19,91,51,40
2019-09-19,104,53,51
2019-09-19,79,50,29
2019-09-19,109,62,47
2019-09-19,226,167,59
2019-09-19,458,314,144
2019-09-19,563,366,197
2019-09-19,216,141,75
2019-09-19,101,58,43
2019-09-19,60,34,26
2019-09-19,33,21,12
2019-09-19,23,15,8
2019-09-19,12,5,7
2019-09-20,7,2,5
2019-09-20,3,3,0
2019-09-20,2,2,0
2019-09-20,2,2,0
2019-09-20,2,2,0
2019-09-20,10,6,4
2019-09-20,89,33,56
2019-09-20,201,98,103
2019-09-20,275,156,119
2019-09-20,164,76,88
2019-09-20,82,46,36
2019-09-20,89,49,40
2019-09-20,117,57,60
2019-09-20,190,87,103
2019-09-20,183,91,92
2019-09-20,255,170,85
2019-09-20,394,270,124
2019-09-20,422,271,151
2019-09-20,171,106,65
2019-09-20,90,53,37
2019-09-20,45,21,24
2019-09-20,40,27,13
2019-09-20,28,16,12
2019-09-20,33,20,13
2019-09-21,11,3,8
2019-09-21,10,6,4
2019-09-21,6,4,2
2019-09-21,1,0,1
2019-09-21,1,0,1
2019-09-21,8,6,2
2019-09-21,5,3,2
2019-09-21,21,9,12
2019-09-21,48,32,16
2019-09-21,50,23,27
2019-09-21,28,20,8
2019-09-21,74,42,32
2019-09-21,75,49,26
2019-09-21,115,60,55
2019-09-21,117,63,54
2019-09-21,94,45,49
2019-09-21,106,56,50
2019-09-21,96,54,42
2019-09-21,64,43,21
2019-09-21,55,30,25
2019-09-21,29,8,21
2019-09-21,26,18,8
2019-09-21,21,12,9
2019-09-21,10,4,6
2019-09-22,20,11,9
2019-09-22,17,8,9
2019-09-22,0,0,0
2019-09-22,2,0,2
2019-09-22,3,2,1
2019-09-22,6,4,2
2019-09-22,4,4,0
2019-09-22,13,11,2
2019-09-22,11,5,6
2019-09-22,26,14,12
2019-09-22,26,22,4
2019-09-22,38,28,10
2019-09-22,53,44,9
2019-09-22,33,8,25
2019-09-22,26,20,6
2019-09-22,13,2,11
2019-09-22,62,7,55
2019-09-22,56,19,37
2019-09-22,43,27,16
2019-09-22,33,12,21
2019-09-22,23,11,12
2019-09-22,10,5,5
2019-09-22,11,3,8
2019-09-22,5,4,1
2019-09-23,2,2,0
2019-09-23,10,6,4
2019-09-23,2,0,2
2019-09-23,4,0,4
2019-09-23,4,0,4
2019-09-23,24,18,6
2019-09-23,92,34,58
2019-09-23,220,114,106
2019-09-23,342,161,181
2019-09-23,199,108,91
2019-09-23,82,40,42
2019-09-23,71,41,30
2019-09-23,54,35,19
2019-09-23,33,11,22
2019-09-23,68,43,25
2019-09-23,108,76,32
2019-09-23,351,231,120
2019-09-23,529,361,168
2019-09-23,227,131,96
2019-09-23,69,33,36
2019-09-23,30,14,16
2019-09-23,20,15,5
2019-09-23,17,10,7
2019-09-23,10,2,8
2019-09-24,6,0,6
2019-09-24,4,2,2
2019-09-24,4,2,2
2019-09-24,4,0,4
2019-09-24,2,0,2
2019-09-24,18,10,8
2019-09-24,93,35,58
2019-09-24,182,76,106
2019-09-24,322,164,158
2019-09-24,158,78,80
2019-09-24,76,42,34
2019-09-24,78,40,38
2019-09-24,83,50,33
2019-09-24,83,38,45
2019-09-24,96,62,34
2019-09-24,172,118,54
2019-09-24,400,281,119
2019-09-24,476,356,120
2019-09-24,252,164,88
2019-09-24,88,51,37
2019-09-24,58,24,34
2019-09-24,46,33,13
2019-09-24,31,12,19
2019-09-24,13,2,11
2019-09-25,7,4,3
2019-09-25,4,0,4
2019-09-25,4,0,4
2019-09-25,4,0,4
2019-09-25,6,2,4
2019-09-25,34,8,26
2019-09-25,77,28,49
2019-09-25,221,106,115
2019-09-25,386,186,200
2019-09-25,161,92,69
2019-09-25,82,48,34
2019-09-25,97,49,48
2019-09-25,98,45,53
2019-09-25,95,47,48
2019-09-25,137,89,48
2019-09-25,235,165,70
2019-09-25,395,252,143
2019-09-25,529,338,191
2019-09-25,241,151,90
2019-09-25,85,53,32
2019-09-25,45,22,23
2019-09-25,73,38,35
2019-09-25,20,9,11
2019-09-25,10,6,4
2019-09-26,0,0,0
2019-09-26,8,4,4
2019-09-26,2,2,0
2019-09-26,2,0,2
2019-09-26,4,4,0
2019-09-26,28,10,18
2019-09-26,77,25,52
2019-09-26,170,89,81
2019-09-26,226,108,118
2019-09-26,125,71,54
2019-09-26,53,28,25
2019-09-26,93,53,40
2019-09-26,74,39,35
2019-09-26,64,30,34
2019-09-26,93,61,32
2019-09-26,144,95,49
2019-09-26,343,249,94
2019-09-26,477,335,142
2019-09-26,228,161,67
2019-09-26,103,75,28
2019-09-26,44,25,19
2019-09-26,61,28,33
2019-09-26,67,16,51
2019-09-26,25,10,15
2019-09-27,5,2,3
2019-09-27,2,2,0
2019-09-27,4,2,2
2019-09-27,5,1,4
2019-09-27,0,0,0
2019-09-27,22,10,12
2019-09-27,63,23,40
2019-09-27,128,65,63
2019-09-27,224,101,123
2019-09-27,103,52,51
2019-09-27,53,29,24
2019-09-27,102,64,38
2019-09-27,89,56,33
2019-09-27,88,53,35
2019-09-27,129,68,61
2019-09-27,189,130,59
2019-09-27,337,237,100
2019-09-27,308,211,97
2019-09-27,163,112,51
2019-09-27,35,22,13
2019-09-27,18,11,7
2019-09-27,20,13,7
2019-09-27,20,10,10
2019-09-27,20,5,15
2019-09-28,13,5,8
2019-09-28,5,4,1
2019-09-28,5,2,3
2019-09-28,2,2,0
2019-09-28,2,0,2
2019-09-28,6,4,2
2019-09-28,3,3,0
2019-09-28,7,0,7
2019-09-28,16,8,8
2019-09-28,17,16,1
2019-09-28,36,23,13
2019-09-28,53,31,22
2019-09-28,65,36,29
2019-09-28,81,34,47
2019-09-28,68,41,27
2019-09-28,75,34,41
2019-09-28,94,61,33
2019-09-28,81,53,28
2019-09-28,46,28,18
2019-09-28,31,15,16
2019-09-28,29,20,9
2019-09-28,31,16,15
2019-09-28,33,16,17
2019-09-28,24,13,11
2019-09-29,27,17,10
2019-09-29,15,5,10
2019-09-29,10,8,2
2019-09-29,0,0,0
2019-09-29,8,2,6
2019-09-29,2,2,0
2019-09-29,6,4,2
2019-09-29,16,10,6
2019-09-29,28,18,10
2019-09-29,45,21,24
2019-09-29,26,16,10
2019-09-29,59,37,22
2019-09-29,65,35,30
2019-09-29,54,29,25
2019-09-29,56,20,36
2019-09-29,44,25,19
2019-09-29,51,15,36
2019-09-29,43,23,20
2019-09-29,39,20,19
2019-09-29,24,15,9
2019-09-29,23,13,10
2019-09-29,9,7,2
2019-09-29,28,10,18
2019-09-29,12,6,6
2019-09-30,4,2,2
2019-09-30,1,1,0
2019-09-30,0,0,0
2019-09-30,8,2,6
2019-09-30,6,0,6
2019-09-30,40,14,26
2019-09-30,71,34,37
2019-09-30,203,98,105
2019-09-30,348,189,159
2019-09-30,165,92,73
2019-09-30,57,36,21
2019-09-30,75,35,40
2019-09-30,78,45,33
2019-09-30,80,47,33
2019-09-30,109,69,40
2019-09-30,189,134,55
2019-09-30,372,251,121
2019-09-30,481,314,167
2019-09-30,234,132,102
2019-09-30,79,42,37
2019-09-30,37,25,12
2019-09-30,18,13,5
2019-09-30,12,5,7
2019-09-30,16,8,8
2019-10-01,4,2,2
2019-10-01,2,0,2
2019-10-01,3,3,0
2019-10-01,4,0,4
2019-10-01,8,0,8
2019-10-01,24,10,14
2019-10-01,94,34,60
2019-10-01,233,115,118
2019-10-01,361,170,191
2019-10-01,222,111,111
2019-10-01,100,63,37
2019-10-01,73,34,39
2019-10-01,64,33,31
2019-10-01,96,55,41
2019-10-01,106,63,43
2019-10-01,188,123,65
2019-10-01,383,243,140
2019-10-01,547,349,198
2019-10-01,267,187,80
2019-10-01,78,50,28
2019-10-01,52,20,32
2019-10-01,25,16,9
2019-10-01,11,5,6
2019-10-01,5,3,2
2019-10-02,3,3,0
2019-10-02,2,2,0
2019-10-02,5,1,4
2019-10-02,7,0,7
2019-10-02,5,2,3
2019-10-02,24,10,14
2019-10-02,91,38,53
2019-10-02,225,103,122
2019-10-02,324,151,173
2019-10-02,173,85,88
2019-10-02,82,48,34
2019-10-02,87,54,33
2019-10-02,106,51,55
2019-10-02,105,66,39
2019-10-02,90,55,35
2019-10-02,189,140,49
2019-10-02,379,235,144
2019-10-02,504,346,158
2019-10-02,199,107,92
2019-10-02,70,47,23
2019-10-02,55,33,22
2019-10-02,27,14,13
2019-10-02,34,12,22
2019-10-02,16,10,6
2019-10-03,11,4,7
2019-10-03,4,0,4
2019-10-03,1,0,1
2019-10-03,3,1,2
2019-10-03,2,2,0
2019-10-03,20,8,12
2019-10-03,92,42,50
2019-10-03,193,85,108
2019-10-03,278,136,142
2019-10-03,160,82,78
2019-10-03,75,45,30
2019-10-03,81,53,28
2019-10-03,93,54,39
2019-10-03,96,57,39
2019-10-03,172,116,56
2019-10-03,300,244,56
2019-10-03,568,455,113
2019-10-03,504,376,128
2019-10-03,208,160,48
2019-10-03,84,43,41
2019-10-03,82,28,54
2019-10-03,211,33,178
2019-10-03,70,10,60
2019-10-03,20,7,13
2019-10-04,4,4,0
2019-10-04,1,1,0
2019-10-04,2,2,0
2019-10-04,4,0,4
2019-10-04,0,0,0
2019-10-04,18,8,10
2019-10-04,72,29,43
2019-10-04,153,58,95
2019-10-04,232,101,131
2019-10-04,133,65,68
2019-10-04,83,52,31
2019-10-04,74,38,36
2019-10-04,118,58,60
2019-10-04,78,35,43
2019-10-04,105,72,33
2019-10-04,191,126,65
2019-10-04,359,236,123
2019-10-04,354,218,136
2019-10-04,133,85,48
2019-10-04,67,48,19
2019-10-04,29,20,9
2019-10-04,31,19,12
2019-10-04,8,6,2
2019-10-04,22,16,6
2019-10-05,8,2,6
2019-10-05,12,8,4
2019-10-05,21,3,18
2019-10-05,0,0,0
2019-10-05,3,3,0
2019-10-05,0,0,0
2019-10-05,5,0,5
2019-10-05,17,9,8
2019-10-05,23,5,18
2019-10-05,31,19,12
2019-10-05,27,18,9
2019-10-05,50,34,16
2019-10-05,71,40,31
2019-10-05,57,30,27
2019-10-05,83,51,32
2019-10-05,91,47,44
2019-10-05,60,26,34
2019-10-05,49,23,26
2019-10-05,41,25,16
2019-10-05,47,31,16
2019-10-05,23,14,9
2019-10-05,9,8,1
2019-10-05,44,28,16
2019-10-05,11,6,5
2019-10-06,8,0,8
2019-10-06,10,4,6
2019-10-06,1,1,0
2019-10-06,9,7,2
2019-10-06,2,0,2
2019-10-06,4,4,0
2019-10-06,10,5,5
2019-10-06,9,7,2
2019-10-06,15,3,12
2019-10-06,25,19,6
2019-10-06,47,29,18
2019-10-06,103,83,20
2019-10-06,164,145,19
2019-10-06,99,72,27
2019-10-06,76,31,45
2019-10-06,191,44,147
2019-10-06,135,52,83
2019-10-06,79,34,45
2019-10-06,75,36,39
2019-10-06,42,21,21
2019-10-06,28,16,12
2019-10-06,15,9,6
2019-10-06,8,6,2
2019-10-06,9,4,5
2019-10-07,9,4,5
2019-10-07,0,0,0
2019-10-07,5,2,3
2019-10-07,7,5,2
2019-10-07,4,0,4
2019-10-07,26,10,16
2019-10-07,81,32,49
2019-10-07,171,80,91
2019-10-07,335,160,175
2019-10-07,159,89,70
2019-10-07,64,34,30
2019-10-07,67,20,47
2019-10-07,72,34,38
2019-10-07,55,34,21
2019-10-07,78,45,33
2019-10-07,138,84,54
2019-10-07,355,227,128
2019-10-07,430,284,146
2019-10-07,154,96,58
2019-10-07,69,32,37
2019-10-07,26,15,11
2019-10-07,18,7,11
2019-10-07,12,6,6
2019-10-07,6,5,1
2019-10-08,3,1,2
2019-10-08,10,3,7
2019-10-08,2,0,2
2019-10-08,4,2,2
2019-10-08,6,2,4
2019-10-08,32,16,16
2019-10-08,82,26,56
2019-10-08,171,74,97
2019-10-08,301,132,169
2019-10-08,178,94,84
2019-10-08,68,32,36
2019-10-08,55,32,23
2019-10-08,44,26,18
2019-10-08,52,32,20
2019-10-08,53,35,18
2019-10-08,120,82,38
2019-10-08,319,221,98
2019-10-08,394,257,137
2019-10-08,166,107,59
2019-10-08,74,51,23
2019-10-08,28,17,11
2019-10-08,14,9,5
2019-10-08,15,7,8
2019-10-08,7,3,4
2019-10-09,3,0,3
2019-10-09,0,0,0
2019-10-09,2,0,2
2019-10-09,0,0,0
2019-10-09,5,2,3
2019-10-09,28,12,16
2019-10-09,74,34,40
2019-10-09,179,90,89
2019-10-09,343,170,173
2019-10-09,179,99,80
2019-10-09,84,49,35
2019-10-09,93,52,41
2019-10-09,97,59,38
2019-10-09,90,59,31
2019-10-09,102,60,42
2019-10-09,172,109,63
2019-10-09,342,223,119
2019-10-09,484,298,186
2019-10-09,223,145,78
2019-10-09,59,32,27
2019-10-09,59,24,35
2019-10-09,30,23,7
2019-10-09,25,13,12
2019-10-09,10,7,3
2019-10-10,4,0,4
2019-10-10,4,0,4
2019-10-10,0,0,0
2019-10-10,4,0,4
2019-10-10,4,2,2
2019-10-10,20,14,6
2019-10-10,89,34,55
2019-10-10,184,79,105
2019-10-10,317,160,157
2019-10-10,152,73,79
2019-10-10,76,44,32
2019-10-10,71,38,33
2019-10-10,90,35,55
2019-10-10,100,63,37
2019-10-10,94,63,31
2019-10-10,157,107,50
2019-10-10,367,263,104
2019-10-10,470,313,157
2019-10-10,189,128,61
2019-10-10,77,45,32
2019-10-10,61,30,31
2019-10-10,39,18,21
2019-10-10,12,6,6
2019-10-10,11,6,5
2019-10-11,7,2,5
2019-10-11,7,5,2
2019-10-11,9,6,3
2019-10-11,4,2,2
2019-10-11,4,2,2
2019-10-11,22,8,14
2019-10-11,54,24,30
2019-10-11,149,70,79
2019-10-11,267,128,139
2019-10-11,152,95,57
2019-10-11,72,45,27
2019-10-11,85,42,43
2019-10-11,84,43,41
2019-10-11,104,56,48
2019-10-11,129,71,58
2019-10-11,173,118,55
2019-10-11,312,199,113
2019-10-11,338,203,135
2019-10-11,144,73,71
2019-10-11,61,27,34
2019-10-11,17,13,4
2019-10-11,22,16,6
2019-10-11,19,9,10
2019-10-11,24,10,14
2019-10-12,25,21,4
2019-10-12,9,4,5
2019-10-12,2,2,0
2019-10-12,0,0,0
2019-10-12,1,1,0
2019-10-12,10,4,6
2019-10-12,4,4,0
2019-10-12,20,8,12
2019-10-12,26,15,11
2019-10-12,36,20,16
2019-10-12,41,27,14
2019-10-12,60,32,28
2019-10-12,68,47,21
2019-10-12,103,64,39
2019-10-12,119,63,56
2019-10-12,62,38,24
2019-10-12,82,39,43
2019-10-12,80,33,47
2019-10-12,57,36,21
2019-10-12,33,16,17
2019-10-12,41,23,18
2019-10-12,13,10,3
2019-10-12,28,18,10
2019-10-12,20,13,7
2019-10-13,32,17,15
2019-10-13,13,7,6
2019-10-13,5,4,1
2019-10-13,0,0,0
2019-10-13,1,0,1
2019-10-13,4,2,2
2019-10-13,3,2,1
2019-10-13,12,6,6
2019-10-13,14,7,7
2019-10-13,29,20,9
2019-10-13,50,36,14
2019-10-13,37,31,6
2019-10-13,64,34,30
2019-10-13,80,31,49
2019-10-13,75,45,30
2019-10-13,45,23,22
2019-10-13,77,45,32
2019-10-13,71,38,33
2019-10-13,39,21,18
2019-10-13,39,10,29
2019-10-13,16,9,7
2019-10-13,15,11,4
2019-10-13,22,10,12
2019-10-13,6,2,4
2019-10-14,2,2,0
2019-10-14,3,2,1
2019-10-14,6,6,0
2019-10-14,4,0,4
2019-10-14,4,2,2
2019-10-14,32,8,24
2019-10-14,54,21,33
2019-10-14,225,104,121
2019-10-14,369,173,196
2019-10-14,217,116,101
2019-10-14,63,25,38
2019-10-14,67,25,42
2019-10-14,82,44,38
2019-10-14,80,42,38
2019-10-14,107,62,45
2019-10-14,125,90,35
2019-10-14,373,266,107
2019-10-14,435,285,150
2019-10-14,204,124,80
2019-10-14,66,43,23
2019-10-14,42,22,20
2019-10-14,28,20,8
2019-10-14,18,10,8
2019-10-14,4,4,0
2019-10-15,3,1,2
2019-10-15,6,6,0
2019-10-15,4,1,3
2019-10-15,0,0,0
2019-10-15,0,0,0
2019-10-15,42,12,30
2019-10-15,106,43,63
2019-10-15,235,106,129
2019-10-15,314,149,165
2019-10-15,200,108,92
2019-10-15,73,48,25
2019-10-15,75,33,42
2019-10-15,68,37,31
2019-10-15,99,62,37
2019-10-15,80,45,35
2019-10-15,200,144,56
2019-10-15,386,245,141
2019-10-15,474,302,172
2019-10-15,220,139,81
2019-10-15,65,43,22
2019-10-15,47,23,24
2019-10-15,23,11,12
2019-10-15,25,13,12
2019-10-15,13,5,8
2019-10-16,2,0,2
2019-10-16,0,0,0
2019-10-16,4,0,4
2019-10-16,2,0,2
2019-10-16,4,2,2
2019-10-16,30,10,20
2019-10-16,49,19,30
2019-10-16,131,56,75
2019-10-16,209,95,114
2019-10-16,93,51,42
2019-10-16,43,17,26
2019-10-16,63,40,23
2019-10-16,71,26,45
2019-10-16,55,27,28
2019-10-16,76,33,43
2019-10-16,116,80,36
2019-10-16,285,180,105
2019-10-16,268,174,94
2019-10-16,116,78,38
2019-10-16,35,23,12
2019-10-16,38,22,16
2019-10-16,16,9,7
2019-10-16,15,10,5
2019-10-16,9,6,3
2019-10-17,7,2,5
2019-10-17,2,0,2
2019-10-17,5,3,2
2019-10-17,2,0,2
2019-10-17,5,4,1
2019-10-17,20,10,10
2019-10-17,53,18,35
2019-10-17,120,50,70
2019-10-17,190,102,88
2019-10-17,111,54,57
2019-10-17,61,28,33
2019-10-17,61,36,25
2019-10-17,67,41,26
2019-10-17,56,36,20
2019-10-17,62,37,25
2019-10-17,111,71,40
2019-10-17,280,179,101
2019-10-17,309,194,115
2019-10-17,148,111,37
2019-10-17,39,20,19
2019-10-17,42,20,22
2019-10-17,35,26,9
2019-10-17,21,12,9
2019-10-17,12,4,8
2019-10-18,7,4,3
2019-10-18,4,0,4
2019-10-18,2,2,0
2019-10-18,2,0,2
2019-10-18,2,2,0
2019-10-18,16,2,14
2019-10-18,83,40,43
2019-10-18,121,55,66
2019-10-18,182,98,84
2019-10-18,120,65,55
2019-10-18,54,29,25
2019-10-18,51,22,29
2019-10-18,63,40,23
2019-10-18,64,36,28
2019-10-18,77,42,35
2019-10-18,154,93,61
2019-10-18,222,158,64
2019-10-18,212,148,64
2019-10-18,91,62,29
2019-10-18,32,19,13
2019-10-18,20,13,7
2019-10-18,12,10,2
2019-10-18,24,10,14
2019-10-18,8,3,5
2019-10-19,8,3,5
2019-10-19,4,2,2
2019-10-19,2,2,0
2019-10-19,0,0,0
2019-10-19,0,0,0
2019-10-19,10,6,4
2019-10-19,6,6,0
2019-10-19,5,4,1
2019-10-19,15,4,11
2019-10-19,17,11,6
2019-10-19,19,16,3
2019-10-19,50,46,4
2019-10-19,37,29,8
2019-10-19,22,9,13
2019-10-19,46,25,21
2019-10-19,74,16,58
2019-10-19,60,22,38
2019-10-19,59,33,26
2019-10-19,36,18,18
2019-10-19,44,33,11
2019-10-19,35,33,2
2019-10-19,25,14,11
2019-10-19,26,18,8
2019-10-19,30,4,26
2019-10-20,25,12,13
2019-10-20,16,7,9
2019-10-20,9,6,3
2019-10-20,2,0,2
2019-10-20,6,2,4
2019-10-20,4,2,2
2019-10-20,14,10,4
2019-10-20,12,10,2
2019-10-20,20,10,10
2019-10-20,32,26,6
2019-10-20,31,19,12
2019-10-20,71,57,14
2019-10-20,83,75,8
2019-10-20,50,35,15
2019-10-20,26,18,8
2019-10-20,11,2,9
2019-10-20,108,12,96
2019-10-20,80,41,39
2019-10-20,24,5,19
2019-10-20,10,5,5
2019-10-20,22,10,12
2019-10-20,14,9,5
2019-10-20,8,5,3
2019-10-20,8,0,8
2019-10-21,12,9,3
2019-10-21,2,2,0
2019-10-21,4,0,4
2019-10-21,0,0,0
2019-10-21,4,4,0
2019-10-21,26,10,16
2019-10-21,70,28,42
2019-10-21,139,62,77
2019-10-21,242,122,120
2019-10-21,109,60,49
2019-10-21,45,23,22
2019-10-21,61,32,29
2019-10-21,64,37,27
2019-10-21,73,41,32
2019-10-21,63,34,29
2019-10-21,109,74,35
2019-10-21,253,178,75
2019-10-21,332,205,127
2019-10-21,111,67,44
2019-10-21,34,20,14
2019-10-21,18,12,6
2019-10-21,10,8,2
2019-10-21,13,9,4
2019-10-21,10,6,4
2019-10-22,4,4,0
2019-10-22,4,2,2
2019-10-22,0,0,0
2019-10-22,0,0,0
2019-10-22,4,2,2
2019-10-22,20,2,18
2019-10-22,58,22,36
2019-10-22,169,73,96
2019-10-22,230,119,111
2019-10-22,170,78,92
2019-10-22,49,25,24
2019-10-22,56,29,27
2019-10-22,54,34,20
2019-10-22,68,36,32
2019-10-22,70,43,27
2019-10-22,104,72,32
2019-10-22,325,221,104
2019-10-22,343,236,107
2019-10-22,163,94,69
2019-10-22,42,19,23
2019-10-22,29,20,9
2019-10-22,18,17,1
2019-10-22,21,11,10
2019-10-22,11,9,2
2019-10-23,2,2,0
2019-10-23,0,0,0
2019-10-23,0,0,0
2019-10-23,2,2,0
2019-10-23,5,0,5
2019-10-23,34,10,24
2019-10-23,66,28,38
2019-10-23,196,79,117
2019-10-23,348,196,152
2019-10-23,201,109,92
2019-10-23,71,37,34
2019-10-23,69,31,38
2019-10-23,123,63,60
2019-10-23,96,53,43
2019-10-23,86,47,39
2019-10-23,169,120,49
2019-10-23,351,228,123
2019-10-23,522,353,169
2019-10-23,308,220,88
2019-10-23,62,42,20
2019-10-23,52,29,23
2019-10-23,186,18,168
2019-10-23,28,18,10
2019-10-23,16,6,10
2019-10-24,5,3,2
2019-10-24,1,0,1
2019-10-24,7,3,4
2019-10-24,6,4,2
2019-10-24,10,8,2
2019-10-24,24,8,16
2019-10-24,76,27,49
2019-10-24,220,91,129
2019-10-24,311,160,151
2019-10-24,169,88,81
2019-10-24,99,47,52
2019-10-24,80,34,46
2019-10-24,94,39,55
2019-10-24,80,58,22
2019-10-24,92,56,36
2019-10-24,169,108,61
2019-10-24,362,260,102
2019-10-24,429,261,168
2019-10-24,153,90,63
2019-10-24,84,40,44
2019-10-24,53,22,31
2019-10-24,31,14,17
2019-10-24,35,18,17
2019-10-24,13,9,4
2019-10-25,4,3,1
2019-10-25,4,3,1
2019-10-25,3,3,0
2019-10-25,0,0,0
2019-10-25,0,0,0
2019-10-25,30,4,26
2019-10-25,72,25,47
2019-10-25,180,82,98
2019-10-25,253,117,136
2019-10-25,151,80,71
2019-10-25,75,50,25
2019-10-25,68,30,38
2019-10-25,36,23,13
2019-10-25,65,39,26
2019-10-25,69,42,27
2019-10-25,151,111,40
2019-10-25,296,188,108
2019-10-25,299,184,115
2019-10-25,151,90,61
2019-10-25,60,28,32
2019-10-25,41,18,23
2019-10-25,30,21,9
2019-10-25,7,3,4
2019-10-25,16,12,4
2019-10-26,13,9,4
2019-10-26,18,4,14
2019-10-26,16,4,12
2019-10-26,0,0,0
2019-10-26,5,3,2
2019-10-26,10,6,4
2019-10-26,7,3,4
2019-10-26,21,14,7
2019-10-26,20,8,12
2019-10-26,17,8,9
2019-10-26,27,22,5
2019-10-26,61,31,30
2019-10-26,63,28,35
2019-10-26,43,25,18
2019-10-26,62,45,17
2019-10-26,64,26,38
2019-10-26,58,39,19
2019-10-26,50,21,29
2019-10-26,51,29,22
2019-10-26,33,21,12
2019-10-26,33,20,13
2019-10-26,22,20,2
2019-10-26,10,8,2
2019-10-26,23,13,10
2019-10-27,12,8,4
2019-10-27,13,7,6
2019-10-27,20,11,9
2019-10-27,6,2,4
2019-10-27,5,3,2
2019-10-27,4,4,0
2019-10-27,4,0,4
2019-10-27,14,8,6
2019-10-27,21,11,10
2019-10-27,22,12,10
2019-10-27,28,23,5
2019-10-27,35,21,14
2019-10-27,40,16,24
2019-10-27,74,49,25
2019-10-27,65,38,27
2019-10-27,63,25,38
2019-10-27,66,49,17
2019-10-27,63,35,28
2019-10-27,48,19,29
2019-10-27,30,15,15
2019-10-27,19,10,9
2019-10-27,4,3,1
2019-10-27,21,4,17
2019-10-27,6,6,0
2019-10-28,4,4,0
2019-10-28,3,3,0
2019-10-28,0,0,0
2019-10-28,0,0,0
2019-10-28,4,0,4
2019-10-28,28,10,18
2019-10-28,80,28,52
2019-10-28,223,97,126
2019-10-28,313,175,138
2019-10-28,158,72,86
2019-10-28,80,42,38
2019-10-28,41,19,22
2019-10-28,72,49,23
2019-10-28,62,32,30
2019-10-28,75,53,22
2019-10-28,156,104,52
2019-10-28,356,236,120
2019-10-28,439,248,191
2019-10-28,161,100,61
2019-10-28,85,41,44
2019-10-28,29,20,9
2019-10-28,24,12,12
2019-10-28,7,5,2
2019-10-28,4,4,0
2019-10-29,6,2,4
2019-10-29,4,0,4
2019-10-29,2,0,2
2019-10-29,3,2,1
2019-10-29,0,0,0
2019-10-29,38,14,24
2019-10-29,69,35,34
2019-10-29,195,80,115
2019-10-29,321,160,161
2019-10-29,176,90,86
2019-10-29,57,31,26
2019-10-29,78,40,38
2019-10-29,64,36,28
2019-10-29,93,49,44
2019-10-29,84,61,23
2019-10-29,154,99,55
2019-10-29,324,223,101
2019-10-29,487,318,169
2019-10-29,174,126,48
2019-10-29,64,27,37
2019-10-29,27,9,18
2019-10-29,30,11,19
2019-10-29,12,6,6
2019-10-29,21,8,13
2019-10-30,5,1,4
2019-10-30,5,1,4
2019-10-30,0,0,0
2019-10-30,0,0,0
2019-10-30,4,2,2
2019-10-30,35,12,23
2019-10-30,59,22,37
2019-10-30,160,54,106
2019-10-30,281,151,130
2019-10-30,150,74,76
2019-10-30,61,34,27
2019-10-30,84,46,38
2019-10-30,70,41,29
2019-10-30,56,38,18
2019-10-30,89,47,42
2019-10-30,126,85,41
2019-10-30,346,255,91
2019-10-30,416,269,147
2019-10-30,175,105,70
2019-10-30,50,23,27
2019-10-30,30,21,9
2019-10-30,24,11,13
2019-10-30,12,11,1
2019-10-30,9,6,3
2019-10-31,7,3,4
2019-10-31,1,0,1
2019-10-31,3,2,1
2019-10-31,4,2,2
2019-10-31,0,0,0
2019-10-31,29,6,23
2019-10-31,65,35,30
2019-10-31,152,58,94
2019-10-31,294,141,153
2019-10-31,133,66,67
2019-10-31,82,51,31
2019-10-31,67,30,37
2019-10-31,77,53,24
2019-10-31,80,43,37
2019-10-31,77,44,33
2019-10-31,178,125,53
2019-10-31,307,209,98
2019-10-31,334,214,120
2019-10-31,144,85,59
2019-10-31,60,27,33
2019-10-31,21,10,11
2019-10-31,21,12,9
2019-10-31,15,7,8
2019-10-31,12,7,5
2019-11-01,5,2,3
2019-11-01,4,1,3
2019-11-01,5,2,3
2019-11-01,1,0,1
2019-11-01,0,0,0
2019-11-01,12,2,10
2019-11-01,24,7,17
2019-11-01,81,35,46
2019-11-01,143,65,78
2019-11-01,90,45,45
2019-11-01,43,23,20
2019-11-01,41,21,20
2019-11-01,39,15,24
2019-11-01,36,22,14
2019-11-01,71,42,29
2019-11-01,117,86,31
2019-11-01,156,109,47
2019-11-01,192,126,66
2019-11-01,76,51,25
2019-11-01,37,23,14
2019-11-01,16,11,5
2019-11-01,14,8,6
2019-11-01,9,4,5
2019-11-01,3,0,3
2019-11-02,2,2,0
2019-11-02,2,2,0
2019-11-02,3,1,2
2019-11-02,0,0,0
2019-11-02,0,0,0
2019-11-02,7,4,3
2019-11-02,4,2,2
2019-11-02,42,22,20
2019-11-02,6,1,5
2019-11-02,15,9,6
2019-11-02,30,18,12
2019-11-02,26,15,11
2019-11-02,32,21,11
2019-11-02,36,15,21
2019-11-02,25,20,5
2019-11-02,43,26,17
2019-11-02,42,30,12
2019-11-02,40,22,18
2019-11-02,34,20,14
2019-11-02,24,17,7
2019-11-02,35,24,11
2019-11-02,15,10,5
2019-11-02,16,7,9
2019-11-02,18,5,13
2019-11-03,7,4,3
2019-11-03,14,11,3
2019-11-03,2,1,1
2019-11-03,2,2,0
2019-11-03,3,0,3
2019-11-03,3,1,2
2019-11-03,3,2,1
2019-11-03,2,2,0
2019-11-03,16,12,4
2019-11-03,20,12,8
2019-11-03,38,25,13
2019-11-03,77,69,8
2019-11-03,104,90,14
2019-11-03,38,22,16
2019-11-03,42,23,19
2019-11-03,42,16,26
2019-11-03,102,21,81
2019-11-03,102,29,73
2019-11-03,31,9,22
2019-11-03,28,9,19
2019-11-03,18,8,10
2019-11-03,8,4,4
2019-11-03,10,5,5
2019-11-03,4,2,2
2019-11-04,2,2,0
2019-11-04,2,2,0
2019-11-04,1,0,1
2019-11-04,0,0,0
2019-11-04,0,0,0
2019-11-04,0,0,0
2019-11-04,62,22,40
2019-11-04,132,57,75
2019-11-04,203,104,99
2019-11-04,88,50,38
2019-11-04,40,27,13
2019-11-04,42,18,24
2019-11-04,39,24,15
2019-11-04,31,15,16
2019-11-04,39,28,11
2019-11-04,100,72,28
2019-11-04,190,127,63
2019-11-04,265,157,108
2019-11-04,98,66,32
2019-11-04,39,24,15
2019-11-04,13,8,5
2019-11-04,9,3,6
2019-11-04,9,4,5
2019-11-04,3,3,0
2019-11-05,7,3,4
2019-11-05,2,2,0
2019-11-05,2,2,0
2019-11-05,0,0,0
2019-11-05,1,0,1
2019-11-05,10,2,8
2019-11-05,55,17,38
2019-11-05,129,57,72
2019-11-05,206,108,98
2019-11-05,86,43,43
2019-11-05,24,16,8
2019-11-05,53,31,22
2019-11-05,60,33,27
2019-11-05,44,20,24
2019-11-05,54,36,18
2019-11-05,100,65,35
2019-11-05,184,115,69
2019-11-05,255,161,94
2019-11-05,79,49,30
2019-11-05,37,18,19
2019-11-05,20,11,9
2019-11-05,15,9,6
2019-11-05,15,5,10
2019-11-05,7,6,1
2019-11-06,3,2,1
2019-11-06,1,1,0
2019-11-06,0,0,0
2019-11-06,0,0,0
2019-11-06,2,1,1
2019-11-06,15,3,12
2019-11-06,38,14,24
2019-11-06,123,54,69
2019-11-06,178,78,100
2019-11-06,95,56,39
2019-11-06,52,29,23
2019-11-06,69,42,27
2019-11-06,50,26,24
2019-11-06,60,25,35
2019-11-06,54,30,24
2019-11-06,98,74,24
2019-11-06,191,130,61
2019-11-06,241,153,88
2019-11-06,99,60,39
2019-11-06,37,15,22
2019-11-06,30,16,14
2019-11-06,21,12,9
2019-11-06,10,4,6
2019-11-06,4,2,2
2019-11-07,4,0,4
2019-11-07,4,3,1
2019-11-07,0,0,0
2019-11-07,1,0,1
2019-11-07,2,2,0
2019-11-07,16,5,11
2019-11-07,43,17,26
2019-11-07,118,46,72
2019-11-07,178,92,86
2019-11-07,106,61,45
2019-11-07,43,22,21
2019-11-07,68,36,32
2019-11-07,56,31,25
2019-11-07,48,24,24
2019-11-07,47,31,16
2019-11-07,108,68,40
2019-11-07,195,135,60
2019-11-07,263,164,99
2019-11-07,129,82,47
2019-11-07,32,10,22
2019-11-07,22,12,10
2019-11-07,16,9,7
2019-11-07,11,6,5
2019-11-07,6,1,5
2019-11-08,4,2,2
2019-11-08,10,2,8
2019-11-08,0,0,0
2019-11-08,1,0,1
2019-11-08,1,1,0
2019-11-08,19,6,13
2019-11-08,32,12,20
2019-11-08,83,32,51
2019-11-08,153,69,84
2019-11-08,67,35,32
2019-11-08,49,27,22
2019-11-08,46,29,17
2019-11-08,43,22,21
2019-11-08,49,26,23
2019-11-08,63,39,24
2019-11-08,99,69,30
2019-11-08,170,109,61
2019-11-08,178,106,72
2019-11-08,86,51,35
2019-11-08,21,12,9
2019-11-08,21,10,11
2019-11-08,11,6,5
2019-11-08,12,5,7
2019-11-08,11,8,3
2019-11-09,7,4,3
2019-11-09,8,4,4
2019-11-09,9,0,9
2019-11-09,0,0,0
2019-11-09,1,0,1
2019-11-09,4,2,2
2019-11-09,5,5,0
2019-11-09,4,2,2
2019-11-09,13,8,5
2019-11-09,12,7,5
2019-11-09,17,13,4
2019-11-09,14,10,4
2019-11-09,17,8,9
2019-11-09,23,11,12
2019-11-09,23,9,14
2019-11-09,15,7,8
2019-11-09,23,12,11
2019-11-09,17,10,7
2019-11-09,26,21,5
2019-11-09,16,6,10
2019-11-09,8,5,3
2019-11-09,7,1,6
2019-11-09,2,2,0
2019-11-09,6,2,4
2019-11-10,4,2,2
2019-11-10,5,2,3
2019-11-10,8,2,6
2019-11-10,2,1,1
2019-11-10,0,0,0
2019-11-10,2,2,0
2019-11-10,3,2,1
2019-11-10,8,5,3
2019-11-10,27,23,4
2019-11-10,59,55,4
2019-11-10,157,137,20
2019-11-10,91,75,16
2019-11-10,47,36,11
2019-11-10,52,26,26
2019-11-10,169,27,142
2019-11-10,94,16,78
2019-11-10,73,15,58
2019-11-10,42,17,25
2019-11-10,25,11,14
2019-11-10,11,6,5
2019-11-10,11,5,6
2019-11-10,7,3,4
2019-11-10,6,4,2
2019-11-10,7,4,3
2019-11-11,2,1,1
2019-11-11,4,3,1
2019-11-11,0,0,0
2019-11-11,2,0,2
2019-11-11,2,2,0
2019-11-11,11,5,6
2019-11-11,31,12,19
2019-11-11,81,38,43
2019-11-11,135,56,79
2019-11-11,73,40,33
2019-11-11,24,15,9
2019-11-11,34,15,19
2019-11-11,53,33,20
2019-11-11,44,19,25
2019-11-11,46,28,18
2019-11-11,77,52,25
2019-11-11,125,71,54
2019-11-11,171,115,56
2019-11-11,69,45,24
2019-11-11,39,21,18
2019-11-11,14,7,7
2019-11-11,21,6,15
2019-11-11,6,4,2
2019-11-11,3,3,0
2019-11-12,4,4,0
2019-11-12,1,1,0
2019-11-12,0,0,0
2019-11-12,1,0,1
2019-11-12,0,0,0
2019-11-12,11,3,8
2019-11-12,38,12,26
2019-11-12,85,31,54
2019-11-12,124,63,61
2019-11-12,68,38,30
2019-11-12,27,13,14
2019-11-12,44,15,29
2019-11-12,51,27,24
2019-11-12,51,26,25
2019-11-12,51,35,16
2019-11-12,68,54,14
2019-11-12,141,90,51
2019-11-12,212,132,80
2019-11-12,82,54,28
2019-11-12,38,22,16
2019-11-12,26,17,9
2019-11-12,13,9,4
2019-11-12,11,9,2
2019-11-12,3,1,2
2019-11-13,4,2,2
2019-11-13,1,1,0
2019-11-13,1,0,1
2019-11-13,1,0,1
2019-11-13,1,1,0
2019-11-13,15,3,12
2019-11-13,51,20,31
2019-11-13,116,48,68
2019-11-13,186,88,98
2019-11-13,94,52,42
2019-11-13,41,21,20
2019-11-13,46,28,18
2019-11-13,38,22,16
2019-11-13,58,39,19
2019-11-13,61,38,23
2019-11-13,81,49,32
2019-11-13,176,117,59
2019-11-13,244,142,102
2019-11-13,111,64,47
2019-11-13,45,24,21
2019-11-13,23,12,11
2019-11-13,16,8,8
2019-11-13,14,7,7
2019-11-13,7,4,3
2019-11-14,0,0,0
2019-11-14,1,0,1
2019-11-14,1,0,1
2019-11-14,3,2,1
2019-11-14,2,1,1
2019-11-14,9,2,7
2019-11-14,49,19,30
2019-11-14,112,43,69
2019-11-14,159,72,87
2019-11-14,105,57,48
2019-11-14,49,31,18
2019-11-14,53,24,29
2019-11-14,56,28,28
2019-11-14,38,21,17
2019-11-14,49,24,25
2019-11-14,78,59,19
2019-11-14,172,110,62
2019-11-14,221,146,75
2019-11-14,114,66,48
2019-11-14,65,34,31
2019-11-14,24,16,8
2019-11-14,16,9,7
2019-11-14,9,6,3
2019-11-14,6,2,4
2019-11-15,1,1,0
2019-11-15,7,5,2
2019-11-15,1,0,1
2019-11-15,1,0,1
2019-11-15,1,1,0
2019-11-15,10,2,8
2019-11-15,26,10,16
2019-11-15,73,32,41
2019-11-15,130,63,67
2019-11-15,76,43,33
2019-11-15,39,17,22
2019-11-15,43,22,21
2019-11-15,43,25,18
2019-11-15,41,16,25
2019-11-15,55,30,25
2019-11-15,80,46,34
2019-11-15,129,82,47
2019-11-15,176,111,65
2019-11-15,68,43,25
2019-11-15,30,9,21
2019-11-15,23,13,10
2019-11-15,13,9,4
2019-11-15,12,8,4
2019-11-15,14,9,5
2019-11-16,10,5,5
2019-11-16,6,4,2
2019-11-16,4,1,3
2019-11-16,0,0,0
2019-11-16,2,0,2
2019-11-16,2,2,0
2019-11-16,3,2,1
2019-11-16,5,3,2
2019-11-16,8,4,4
2019-11-16,29,19,10
2019-11-16,21,8,13
2019-11-16,18,16,2
2019-11-16,34,14,20
2019-11-16,22,10,12
2019-11-16,37,20,17
2019-11-16,24,13,11
2019-11-16,22,15,7
2019-11-16,19,11,8
2019-11-16,15,10,5
2019-11-16,9,3,6
2019-11-16,9,2,7
2019-11-16,11,2,9
2019-11-16,13,8,5
2019-11-16,5,2,3
2019-11-17,2,1,1
2019-11-17,3,1,2
2019-11-17,1,1,0
2019-11-17,3,2,1
2019-11-17,0,0,0
2019-11-17,1,1,0
2019-11-17,1,0,1
2019-11-17,0,0,0
2019-11-17,3,0,3
2019-11-17,4,2,2
2019-11-17,17,6,11
2019-11-17,22,16,6
2019-11-17,21,11,10
2019-11-17,20,12,8
2019-11-17,15,5,10
2019-11-17,16,10,6
2019-11-17,6,3,3
2019-11-17,16,11,5
2019-11-17,11,2,9
2019-11-17,9,5,4
2019-11-17,7,5,2
2019-11-17,6,2,4
2019-11-17,8,4,4
2019-11-17,4,2,2
2019-11-18,4,3,1
2019-11-18,0,0,0
2019-11-18,1,1,0
2019-11-18,0,0,0
2019-11-18,0,0,0
2019-11-18,17,6,11
2019-11-18,44,22,22
2019-11-18,98,42,56
2019-11-18,145,62,83
2019-11-18,84,43,41
2019-11-18,47,25,22
2019-11-18,33,16,17
2019-11-18,26,14,12
2019-11-18,30,16,14
2019-11-18,30,20,10
2019-11-18,55,41,14
2019-11-18,130,81,49
2019-11-18,185,112,73
2019-11-18,72,44,28
2019-11-18,14,9,5
2019-11-18,12,9,3
2019-11-18,5,4,1
2019-11-18,9,4,5
2019-11-18,3,1,2
2019-11-19,1,0,1
2019-11-19,1,0,1
2019-11-19,1,0,1
2019-11-19,0,0,0
2019-11-19,2,1,1
2019-11-19,14,2,12
2019-11-19,39,19,20
2019-11-19,83,30,53
2019-11-19,156,76,80
2019-11-19,71,39,32
2019-11-19,33,18,15
2019-11-19,35,14,21
2019-11-19,32,17,15
2019-11-19,37,21,16
2019-11-19,36,22,14
2019-11-19,69,44,25
2019-11-19,148,88,60
2019-11-19,239,145,94
2019-11-19,90,55,35
2019-11-19,40,15,25
2019-11-19,24,14,10
2019-11-19,13,9,4
2019-11-19,7,5,2
2019-11-19,5,4,1
2019-11-20,1,0,1
2019-11-20,3,1,2
2019-11-20,2,0,2
2019-11-20,0,0,0
2019-11-20,5,4,1
2019-11-20,18,7,11
2019-11-20,33,16,17
2019-11-20,113,47,66
2019-11-20,201,94,107
2019-11-20,85,47,38
2019-11-20,52,24,28
2019-11-20,45,25,20
2019-11-20,44,21,23
2019-11-20,66,38,28
2019-11-20,41,25,16
2019-11-20,88,63,25
2019-11-20,185,114,71
2019-11-20,260,173,87
2019-11-20,105,66,39
2019-11-20,40,20,20
2019-11-20,26,12,14
2019-11-20,11,6,5
2019-11-20,16,9,7
2019-11-20,9,4,5
2019-11-21,2,1,1
2019-11-21,1,0,1
2019-11-21,2,1,1
2019-11-21,0,0,0
2019-11-21,1,1,0
2019-11-21,17,6,11
2019-11-21,37,13,24
2019-11-21,108,43,65
2019-11-21,170,78,92
2019-11-21,79,43,36
2019-11-21,44,20,24
2019-11-21,49,32,17
2019-11-21,48,18,30
2019-11-21,43,26,17
2019-11-21,65,45,20
2019-11-21,97,61,36
2019-11-21,186,121,65
2019-11-21,217,142,75
2019-11-21,113,65,48
2019-11-21,44,26,18
2019-11-21,13,5,8
2019-11-21,13,10,3
2019-11-21,10,6,4
2019-11-21,4,3,1
2019-11-22,3,1,2
2019-11-22,4,2,2
2019-11-22,3,2,1
2019-11-22,0,0,0
2019-11-22,0,0,0
2019-11-22,10,3,7
2019-11-22,29,13,16
2019-11-22,82,34,48
2019-11-22,162,79,83
2019-11-22,75,50,25
2019-11-22,40,24,16
2019-11-22,51,31,20
2019-11-22,43,22,21
2019-11-22,34,20,14
2019-11-22,58,40,18
2019-11-22,91,61,30
2019-11-22,158,91,67
2019-11-22,180,110,70
2019-11-22,61,36,25
2019-11-22,34,16,18
2019-11-22,10,7,3
2019-11-22,6,1,5
2019-11-22,10,2,8
2019-11-22,4,2,2
2019-11-23,10,3,7
2019-11-23,5,1,4
2019-11-23,4,3,1
2019-11-23,3,2,1
2019-11-23,0,0,0
2019-11-23,3,1,2
2019-11-23,1,1,0
2019-11-23,2,2,0
2019-11-23,12,9,3
2019-11-23,59,52,7
2019-11-23,37,23,14
2019-11-23,27,14,13
2019-11-23,26,11,15
2019-11-23,34,20,14
2019-11-23,50,11,39
2019-11-23,46,14,32
2019-11-23,29,12,17
2019-11-23,27,16,11
2019-11-23,19,11,8
2019-11-23,13,9,4
2019-11-23,10,3,7
2019-11-23,4,2,2
2019-11-23,9,6,3
2019-11-23,5,4,1
2019-11-24,8,7,1
2019-11-24,4,2,2
2019-11-24,1,1,0
2019-11-24,0,0,0
2019-11-24,1,1,0
2019-11-24,3,1,2
2019-11-24,0,0,0
2019-11-24,1,1,0
2019-11-24,5,2,3
2019-11-24,13,7,6
2019-11-24,9,7,2
2019-11-24,15,7,8
2019-11-24,22,13,9
2019-11-24,30,17,13
2019-11-24,27,14,13
2019-11-24,25,15,10
2019-11-24,29,18,11
2019-11-24,33,19,14
2019-11-24,19,8,11
2019-11-24,11,5,6
2019-11-24,9,5,4
2019-11-24,6,5,1
2019-11-24,1,0,1
2019-11-24,2,0,2
2019-11-25,1,0,1
2019-11-25,1,1,0
2019-11-25,2,1,1
2019-11-25,0,0,0
2019-11-25,1,1,0
2019-11-25,15,4,11
2019-11-25,29,14,15
2019-11-25,92,31,61
2019-11-25,139,69,70
2019-11-25,81,53,28
2019-11-25,43,21,22
2019-11-25,35,21,14
2019-11-25,30,12,18
2019-11-25,21,9,12
2019-11-25,26,19,7
2019-11-25,62,46,16
2019-11-25,118,74,44
2019-11-25,197,118,79
2019-11-25,73,42,31
2019-11-25,30,14,16
2019-11-25,14,5,9
2019-11-25,1,0,1
2019-11-25,11,6,5
2019-11-25,1,1,0
2019-11-26,1,1,0
2019-11-26,0,0,0
2019-11-26,0,0,0
2019-11-26,1,0,1
2019-11-26,3,0,3
2019-11-26,12,2,10
2019-11-26,34,15,19
2019-11-26,84,33,51
2019-11-26,138,67,71
2019-11-26,80,42,38
2019-11-26,50,27,23
2019-11-26,39,26,13
2019-11-26,32,13,19
2019-11-26,38,23,15
2019-11-26,38,27,11
2019-11-26,69,46,23
2019-11-26,141,92,49
2019-11-26,202,111,91
2019-11-26,72,44,28
2019-11-26,25,15,10
2019-11-26,11,6,5
2019-11-26,10,9,1
2019-11-26,5,1,4
2019-11-26,3,1,2
2019-11-27,6,3,3
2019-11-27,2,1,1
2019-11-27,1,0,1
2019-11-27,4,4,0
2019-11-27,0,0,0
2019-11-27,10,3,7
2019-11-27,21,10,11
2019-11-27,65,25,40
2019-11-27,103,40,63
2019-11-27,70,39,31
2019-11-27,32,18,14
2019-11-27,47,28,19
2019-11-27,47,30,17
2019-11-27,37,21,16
2019-11-27,72,45,27
2019-11-27,96,66,30
2019-11-27,97,58,39
2019-11-27,81,53,28
2019-11-27,44,21,23
2019-11-27,17,12,5
2019-11-27,3,1,2
2019-11-27,6,1,5
2019-11-27,1,1,0
2019-11-27,3,0,3
2019-11-28,1,1,0
2019-11-28,2,0,2
2019-11-28,0,0,0
2019-11-28,2,0,2
2019-11-28,0,0,0
2019-11-28,1,1,0
2019-11-28,0,0,0
2019-11-28,3,2,1
2019-11-28,4,2,2
2019-11-28,9,6,3
2019-11-28,21,17,4
2019-11-28,16,6,10
2019-11-28,13,8,5
2019-11-28,23,16,7
2019-11-28,11,6,5
2019-11-28,12,7,5
2019-11-28,4,3,1
2019-11-28,12,5,7
2019-11-28,4,1,3
2019-11-28,2,2,0
2019-11-28,3,0,3
2019-11-28,8,1,7
2019-11-28,3,0,3
2019-11-28,2,1,1
2019-11-29,0,0,0
2019-11-29,0,0,0
2019-11-29,0,0,0
2019-11-29,0,0,0
2019-11-29,0,0,0
2019-11-29,2,1,1
2019-11-29,4,2,2
2019-11-29,5,1,4
2019-11-29,9,4,5
2019-11-29,21,10,11
2019-11-29,13,4,9
2019-11-29,22,9,13
2019-11-29,24,12,12
2019-11-29,33,21,12
2019-11-29,20,11,9
2019-11-29,23,16,7
2019-11-29,16,12,4
2019-11-29,31,23,8
2019-11-29,9,9,0
2019-11-29,8,6,2
2019-11-29,8,6,2
2019-11-29,6,4,2
2019-11-29,7,4,3
2019-11-29,6,3,3
2019-11-30,3,1,2
2019-11-30,5,1,4
2019-11-30,5,3,2
2019-11-30,0,0,0
2019-11-30,2,1,1
2019-11-30,5,2,3
2019-11-30,2,1,1
2019-11-30,2,2,0
2019-11-30,1,0,1
2019-11-30,7,2,5
2019-11-30,8,2,6
2019-11-30,22,10,12
2019-11-30,18,6,12
2019-11-30,26,20,6
2019-11-30,22,10,12
2019-11-30,27,11,16
2019-11-30,26,18,8
2019-11-30,12,8,4
2019-11-30,13,9,4
2019-11-30,5,4,1
2019-11-30,15,10,5
2019-11-30,10,5,5
2019-11-30,5,2,3
2019-11-30,12,10,2
2019-12-01,3,1,2
2019-12-01,3,2,1
2019-12-01,6,3,3
2019-12-01,1,1,0
2019-12-01,1,1,0
2019-12-01,2,1,1
2019-12-01,2,2,0
2019-12-01,1,0,1
2019-12-01,4,2,2
2019-12-01,6,4,2
2019-12-01,14,10,4
2019-12-01,16,6,10
2019-12-01,6,5,1
2019-12-01,15,10,5
2019-12-01,17,11,6
2019-12-01,13,10,3
2019-12-01,23,16,7
2019-12-01,12,6,6
2019-12-01,17,12,5
2019-12-01,10,6,4
2019-12-01,11,10,1
2019-12-01,5,2,3
2019-12-01,4,0,4
2019-12-01,0,0,0
2019-12-02,2,2,0
2019-12-02,1,1,0
2019-12-02,0,0,0
2019-12-02,0,0,0
2019-12-02,5,2,3
2019-12-02,17,3,14
2019-12-02,35,15,20
2019-12-02,96,41,55
2019-12-02,165,75,90
2019-12-02,80,49,31
2019-12-02,33,15,18
2019-12-02,37,21,16
2019-12-02,52,30,22
2019-12-02,52,32,20
2019-12-02,65,54,11
2019-12-02,191,157,34
2019-12-02,329,262,67
2019-12-02,227,163,64
2019-12-02,77,44,33
2019-12-02,31,21,10
2019-12-02,149,17,132
2019-12-02,106,16,90
2019-12-02,20,9,11
2019-12-02,7,4,3
2019-12-03,3,3,0
2019-12-03,1,0,1
2019-12-03,0,0,0
2019-12-03,0,0,0
2019-12-03,1,0,1
2019-12-03,17,3,14
2019-12-03,31,17,14
2019-12-03,110,35,75
2019-12-03,177,84,93
2019-12-03,93,47,46
2019-12-03,44,18,26
2019-12-03,36,15,21
2019-12-03,44,24,20
2019-12-03,47,32,15
2019-12-03,47,28,19
2019-12-03,78,52,26
2019-12-03,148,93,55
2019-12-03,220,147,73
2019-12-03,95,57,38
2019-12-03,35,21,14
2019-12-03,15,9,6
2019-12-03,16,9,7
2019-12-03,5,4,1
2019-12-03,2,1,1
2019-12-04,1,0,1
2019-12-04,1,1,0
2019-12-04,2,1,1
2019-12-04,0,0,0
2019-12-04,0,0,0
2019-12-04,21,6,15
2019-12-04,26,10,16
2019-12-04,87,34,53
2019-12-04,126,63,63
2019-12-04,79,42,37
2019-12-04,34,13,21
2019-12-04,30,18,12
2019-12-04,36,17,19
2019-12-04,27,19,8
2019-12-04,40,24,16
2019-12-04,55,39,16
2019-12-04,123,77,46
2019-12-04,201,130,71
2019-12-04,84,47,37
2019-12-04,41,24,17
2019-12-04,22,11,11
2019-12-04,15,8,7
2019-12-04,5,4,1
2019-12-04,8,7,1
2019-12-05,4,3,1
2019-12-05,0,0,0
2019-12-05,0,0,0
2019-12-05,2,1,1
2019-12-05,2,2,0
2019-12-05,17,6,11
2019-12-05,33,14,19
2019-12-05,103,44,59
2019-12-05,163,73,90
2019-12-05,92,51,41
2019-12-05,31,17,14
2019-12-05,49,22,27
2019-12-05,49,33,16
2019-12-05,44,27,17
2019-12-05,41,23,18
2019-12-05,82,58,24
2019-12-05,150,104,46
2019-12-05,254,170,84
2019-12-05,112,64,48
2019-12-05,51,24,27
2019-12-05,30,13,17
2019-12-05,17,7,10
2019-12-05,16,8,8
2019-12-05,8,5,3
2019-12-06,8,4,4
2019-12-06,10,8,2
2019-12-06,1,1,0
2019-12-06,0,0,0
2019-12-06,2,1,1
2019-12-06,9,3,6
2019-12-06,32,15,17
2019-12-06,81,36,45
2019-12-06,131,65,66
2019-12-06,78,47,31
2019-12-06,33,17,16
2019-12-06,54,32,22
2019-12-06,45,21,24
2019-12-06,43,27,16
2019-12-06,59,36,23
2019-12-06,98,72,26
2019-12-06,142,97,45
2019-12-06,140,83,57
2019-12-06,70,44,26
2019-12-06,31,18,13
2019-12-06,16,11,5
2019-12-06,18,9,9
2019-12-06,17,7,10
2019-12-06,5,1,4
2019-12-07,9,4,5
2019-12-07,5,4,1
2019-12-07,4,2,2
2019-12-07,2,1,1
2019-12-07,1,0,1
2019-12-07,3,2,1
2019-12-07,2,2,0
2019-12-07,2,1,1
2019-12-07,7,4,3
2019-12-07,21,10,11
2019-12-07,44,39,5
2019-12-07,53,39,14
2019-12-07,20,7,13
2019-12-07,18,7,11
2019-12-07,15,9,6
2019-12-07,14,7,7
2019-12-07,16,11,5
2019-12-07,18,11,7
2019-12-07,29,22,7
2019-12-07,20,14,6
2019-12-07,10,4,6
2019-12-07,12,7,5
2019-12-07,7,5,2
2019-12-07,8,2,6
2019-12-08,5,1,4
2019-12-08,5,2,3
2019-12-08,1,0,1
2019-12-08,1,0,1
2019-12-08,2,1,1
2019-12-08,3,1,2
2019-12-08,4,3,1
2019-12-08,7,4,3
2019-12-08,3,2,1
2019-12-08,6,4,2
2019-12-08,11,5,6
2019-12-08,27,15,12
2019-12-08,14,9,5
2019-12-08,27,14,13
2019-12-08,33,15,18
2019-12-08,19,13,6
2019-12-08,19,10,9
2019-12-08,34,23,11
2019-12-08,5,4,1
2019-12-08,14,7,7
2019-12-08,10,6,4
2019-12-08,2,1,1
2019-12-08,7,4,3
2019-12-08,2,0,2
2019-12-09,2,1,1
2019-12-09,0,0,0
2019-12-09,0,0,0
2019-12-09,2,0,2
2019-12-09,2,0,2
2019-12-09,13,2,11
2019-12-09,33,13,20
2019-12-09,112,48,64
2019-12-09,181,96,85
2019-12-09,96,50,46
2019-12-09,39,17,22
2019-12-09,43,15,28
2019-12-09,41,22,19
2019-12-09,28,20,8
2019-12-09,41,22,19
2019-12-09,77,53,24
2019-12-09,127,81,46
2019-12-09,231,145,86
2019-12-09,108,60,48
2019-12-09,36,19,17
2019-12-09,22,12,10
2019-12-09,14,6,8
2019-12-09,9,5,4
2019-12-09,0,0,0
2019-12-10,3,1,2
2019-12-10,3,1,2
2019-12-10,1,1,0
2019-12-10,3,0,3
2019-12-10,1,0,1
2019-12-10,12,4,8
2019-12-10,43,17,26
2019-12-10,82,27,55
2019-12-10,151,70,81
2019-12-10,80,44,36
2019-12-10,29,16,13
2019-12-10,32,20,12
2019-12-10,33,15,18
2019-12-10,18,11,7
2019-12-10,18,11,7
2019-12-10,50,39,11
2019-12-10,122,86,36
2019-12-10,175,110,65
2019-12-10,82,52,30
2019-12-10,20,11,9
2019-12-10,12,5,7
2019-12-10,11,6,5
2019-12-10,8,3,5
2019-12-10,8,3,5
2019-12-11,2,1,1
2019-12-11,2,1,1
2019-12-11,3,2,1
2019-12-11,1,1,0
2019-12-11,2,0,2
2019-12-11,7,3,4
2019-12-11,28,10,18
2019-12-11,81,38,43
2019-12-11,142,74,68
2019-12-11,58,30,28
2019-12-11,27,18,9
2019-12-11,29,13,16
2019-12-11,21,8,13
2019-12-11,31,18,13
2019-12-11,37,18,19
2019-12-11,63,44,19
2019-12-11,105,68,37
2019-12-11,176,111,65
2019-12-11,67,44,23
2019-12-11,27,11,16
2019-12-11,14,6,8
2019-12-11,8,4,4
2019-12-11,3,2,1
2019-12-11,5,3,2
2019-12-12,1,0,1
2019-12-12,1,1,0
2019-12-12,0,0,0
2019-12-12,0,0,0
2019-12-12,1,0,1
2019-12-12,20,7,13
2019-12-12,22,11,11
2019-12-12,70,30,40
2019-12-12,113,53,60
2019-12-12,62,36,26
2019-12-12,27,15,12
2019-12-12,31,20,11
2019-12-12,30,14,16
2019-12-12,32,12,20
2019-12-12,38,17,21
2019-12-12,52,38,14
2019-12-12,116,76,40
2019-12-12,165,108,57
2019-12-12,73,34,39
2019-12-12,28,16,12
2019-12-12,21,11,10
2019-12-12,12,5,7
2019-12-12,11,6,5
2019-12-12,1,1,0
2019-12-13,7,3,4
2019-12-13,0,0,0
2019-12-13,4,3,1
2019-12-13,2,1,1
2019-12-13,5,2,3
2019-12-13,12,6,6
2019-12-13,26,13,13
2019-12-13,70,34,36
2019-12-13,115,51,64
2019-12-13,65,35,30
2019-12-13,39,17,22
2019-12-13,52,31,21
2019-12-13,49,25,24
2019-12-13,36,12,24
2019-12-13,63,35,28
2019-12-13,66,49,17
2019-12-13,153,93,60
2019-12-13,143,84,59
2019-12-13,50,34,16
2019-12-13,33,13,20
2019-12-13,18,6,12
2019-12-13,17,8,9
2019-12-13,6,3,3
2019-12-13,8,4,4
2019-12-14,16,12,4
2019-12-14,3,1,2
2019-12-14,5,3,2
2019-12-14,1,0,1
2019-12-14,0,0,0
2019-12-14,1,1,0
2019-12-14,1,1,0
2019-12-14,2,2,0
2019-12-14,7,3,4
2019-12-14,14,5,9
2019-12-14,11,5,6
2019-12-14,15,10,5
2019-12-14,28,18,10
2019-12-14,18,5,13
2019-12-14,22,11,11
2019-12-14,14,9,5
2019-12-14,20,8,12
2019-12-14,13,10,3
2019-12-14,9,8,1
2019-12-14,4,4,0
2019-12-14,13,8,5
2019-12-14,10,6,4
2019-12-14,12,5,7
2019-12-14,9,8,1
2019-12-15,1,1,0
2019-12-15,6,1,5
2019-12-15,4,2,2
2019-12-15,0,0,0
2019-12-15,1,1,0
2019-12-15,5,1,4
2019-12-15,3,3,0
2019-12-15,4,2,2
2019-12-15,8,4,4
2019-12-15,9,6,3
2019-12-15,13,9,4
2019-12-15,12,6,6
2019-12-15,15,7,8
2019-12-15,14,5,9
2019-12-15,10,5,5
2019-12-15,17,11,6
2019-12-15,13,10,3
2019-12-15,13,8,5
2019-12-15,12,5,7
2019-12-15,7,2,5
2019-12-15,3,1,2
2019-12-15,4,2,2
2019-12-15,1,1,0
2019-12-15,1,1,0
2019-12-16,3,3,0
2019-12-16,1,1,0
2019-12-16,0,0,0
2019-12-16,0,0,0
2019-12-16,1,1,0
2019-12-16,11,2,9
2019-12-16,36,17,19
2019-12-16,92,42,50
2019-12-16,190,98,92
2019-12-16,84,50,34
2019-12-16,37,11,26
2019-12-16,34,15,19
2019-12-16,44,28,16
2019-12-16,31,20,11
2019-12-16,41,19,22
2019-12-16,68,46,22
2019-12-16,152,86,66
2019-12-16,214,135,79
2019-12-16,71,47,24
2019-12-16,42,20,22
2019-12-16,14,4,10
2019-12-16,7,4,3
2019-12-16,8,4,4
2019-12-16,2,1,1
2019-12-17,1,1,0
2019-12-17,3,1,2
2019-12-17,2,2,0
2019-12-17,1,0,1
2019-12-17,0,0,0
2019-12-17,13,5,8
2019-12-17,36,15,21
2019-12-17,97,41,56
2019-12-17,163,80,83
2019-12-17,94,45,49
2019-12-17,41,22,19
2019-12-17,55,31,24
2019-12-17,45,17,28
2019-12-17,47,20,27
2019-12-17,43,26,17
2019-12-17,82,57,25
2019-12-17,177,113,64
2019-12-17,269,167,102
2019-12-17,121,76,45
2019-12-17,44,20,24
2019-12-17,12,8,4
2019-12-17,13,8,5
2019-12-17,14,5,9
2019-12-17,5,4,1
2019-12-18,8,5,3
2019-12-18,3,1,2
2019-12-18,1,0,1
2019-12-18,2,2,0
2019-12-18,0,0,0
2019-12-18,9,3,6
2019-12-18,28,14,14
2019-12-18,81,30,51
2019-12-18,140,69,71
2019-12-18,74,48,26
2019-12-18,39,23,16
2019-12-18,27,15,12
2019-12-18,46,19,27
2019-12-18,47,25,22
2019-12-18,52,37,15
2019-12-18,63,49,14
2019-12-18,120,81,39
2019-12-18,185,119,66
2019-12-18,66,35,31
2019-12-18,24,13,11
2019-12-18,15,9,6
2019-12-18,8,4,4
2019-12-18,7,4,3
2019-12-18,1,0,1
2019-12-19,2,1,1
2019-12-19,0,0,0
2019-12-19,0,0,0
2019-12-19,0,0,0
2019-12-19,2,0,2
2019-12-19,9,2,7
2019-12-19,26,11,15
2019-12-19,68,26,42
2019-12-19,93,45,48
2019-12-19,65,43,22
2019-12-19,27,17,10
2019-12-19,37,21,16
2019-12-19,31,14,17
2019-12-19,28,17,11
2019-12-19,20,5,15
2019-12-19,44,36,8
2019-12-19,104,67,37
2019-12-19,97,57,40
2019-12-19,51,34,17
2019-12-19,28,18,10
2019-12-19,10,8,2
2019-12-19,5,4,1
2019-12-19,5,1,4
2019-12-19,6,3,3
2019-12-20,3,0,3
2019-12-20,3,2,1
2019-12-20,0,0,0
2019-12-20,0,0,0
2019-12-20,3,3,0
2019-12-20,8,3,5
2019-12-20,16,8,8
2019-12-20,39,15,24
2019-12-20,50,17,33
2019-12-20,15,11,4
2019-12-20,16,8,8
2019-12-20,15,8,7
2019-12-20,20,11,9
2019-12-20,11,8,3
2019-12-20,26,13,13
2019-12-20,45,22,23
2019-12-20,39,28,11
2019-12-20,70,49,21
2019-12-20,30,21,9
2019-12-20,5,4,1
2019-12-20,5,2,3
2019-12-20,9,5,4
2019-12-20,3,2,1
2019-12-20,3,2,1
2019-12-21,1,0,1
2019-12-21,0,0,0
2019-12-21,0,0,0
2019-12-21,1,0,1
2019-12-21,0,0,0
2019-12-21,2,1,1
2019-12-21,3,2,1
2019-12-21,1,0,1
2019-12-21,5,0,5
2019-12-21,7,0,7
2019-12-21,6,6,0
2019-12-21,9,6,3
2019-12-21,10,4,6
2019-12-21,10,5,5
2019-12-21,13,6,7
2019-12-21,12,6,6
2019-12-21,9,6,3
2019-12-21,5,2,3
2019-12-21,13,6,7
2019-12-21,10,7,3
2019-12-21,8,4,4
2019-12-21,12,6,6
2019-12-21,9,6,3
2019-12-21,5,3,2
2019-12-22,3,1,2
2019-12-22,5,1,4
2019-12-22,6,3,3
2019-12-22,0,0,0
2019-12-22,0,0,0
2019-12-22,1,1,0
2019-12-22,3,2,1
2019-12-22,8,6,2
2019-12-22,9,4,5
2019-12-22,15,9,6
2019-12-22,15,9,6
2019-12-22,45,39,6
2019-12-22,51,45,6
2019-12-22,49,35,14
2019-12-22,17,8,9
2019-12-22,13,6,7
2019-12-22,39,5,34
2019-12-22,63,16,47
2019-12-22,30,7,23
2019-12-22,3,2,1
2019-12-22,7,5,2
2019-12-22,2,2,0
2019-12-22,3,1,2
2019-12-22,3,2,1
2019-12-23,4,3,1
2019-12-23,1,1,0
2019-12-23,0,0,0
2019-12-23,0,0,0
2019-12-23,1,0,1
2019-12-23,7,2,5
2019-12-23,19,9,10
2019-12-23,33,13,20
2019-12-23,50,25,25
2019-12-23,47,23,24
2019-12-23,20,11,9
2019-12-23,28,18,10
2019-12-23,32,14,18
2019-12-23,40,14,26
2019-12-23,37,22,15
2019-12-23,55,37,18
2019-12-23,67,42,25
2019-12-23,73,44,29
2019-12-23,35,23,12
2019-12-23,9,6,3
2019-12-23,6,3,3
2019-12-23,4,3,1
2019-12-23,2,0,2
2019-12-23,1,0,1
2019-12-24,7,5,2
2019-12-24,0,0,0
2019-12-24,1,1,0
2019-12-24,1,1,0
2019-12-24,0,0,0
2019-12-24,6,2,4
2019-12-24,11,6,5
2019-12-24,22,11,11
2019-12-24,15,6,9
2019-12-24,27,17,10
2019-12-24,21,8,13
2019-12-24,19,9,10
2019-12-24,30,15,15
2019-12-24,25,19,6
2019-12-24,43,24,19
2019-12-24,25,17,8
2019-12-24,26,14,12
2019-12-24,13,6,7
2019-12-24,19,13,6
2019-12-24,12,6,6
2019-12-24,2,1,1
2019-12-24,5,5,0
2019-12-24,1,1,0
2019-12-24,1,0,1
2019-12-25,1,0,1
2019-12-25,2,1,1
2019-12-25,1,0,1
2019-12-25,5,1,4
2019-12-25,2,1,1
2019-12-25,0,0,0
2019-12-25,2,2,0
2019-12-25,2,1,1
2019-12-25,3,2,1
2019-12-25,5,4,1
2019-12-25,7,0,7
2019-12-25,12,5,7
2019-12-25,4,3,1
2019-12-25,14,11,3
2019-12-25,8,5,3
2019-12-25,12,0,12
2019-12-25,10,7,3
2019-12-25,4,3,1
2019-12-25,2,2,0
2019-12-25,2,2,0
2019-12-25,1,0,1
2019-12-25,3,3,0
2019-12-25,0,0,0
2019-12-25,2,1,1
2019-12-26,3,3,0
2019-12-26,2,1,1
2019-12-26,0,0,0
2019-12-26,0,0,0
2019-12-26,2,2,0
2019-12-26,4,1,3
2019-12-26,12,6,6
2019-12-26,13,4,9
2019-12-26,22,11,11
2019-12-26,21,11,10
2019-12-26,13,8,5
2019-12-26,13,7,6
2019-12-26,29,18,11
2019-12-26,22,12,10
2019-12-26,24,15,9
2019-12-26,40,27,13
2019-12-26,44,27,17
2019-12-26,37,27,10
2019-12-26,22,16,6
2019-12-26,16,10,6
2019-12-26,8,4,4
2019-12-26,10,6,4
2019-12-26,4,2,2
2019-12-26,2,1,1
2019-12-27,2,1,1
2019-12-27,2,2,0
2019-12-27,3,1,2
2019-12-27,0,0,0
2019-12-27,3,3,0
2019-12-27,2,0,2
2019-12-27,19,11,8
2019-12-27,22,13,9
2019-12-27,41,15,26
2019-12-27,24,12,12
2019-12-27,26,15,11
2019-12-27,25,14,11
2019-12-27,26,16,10
2019-12-27,25,13,12
2019-12-27,40,23,17
2019-12-27,53,29,24
2019-12-27,62,39,23
2019-12-27,57,35,22
2019-12-27,28,17,11
2019-12-27,13,7,6
2019-12-27,10,5,5
2019-12-27,13,7,6
2019-12-27,2,1,1
2019-12-27,6,3,3
2019-12-28,2,2,0
2019-12-28,5,1,4
2019-12-28,5,4,1
2019-12-28,0,0,0
2019-12-28,0,0,0
2019-12-28,1,1,0
2019-12-28,2,2,0
2019-12-28,6,3,3
2019-12-28,9,2,7
2019-12-28,10,3,7
2019-12-28,15,10,5
2019-12-28,19,12,7
2019-12-28,28,15,13
2019-12-28,43,35,8
2019-12-28,27,16,11
2019-12-28,21,11,10
2019-12-28,12,9,3
2019-12-28,16,11,5
2019-12-28,22,11,11
2019-12-28,5,4,1
2019-12-28,7,5,2
2019-12-28,19,15,4
2019-12-28,9,8,1
2019-12-28,5,2,3
2019-12-29,3,1,2
2019-12-29,2,0,2
2019-12-29,4,3,1
2019-12-29,1,1,0
2019-12-29,0,0,0
2019-12-29,1,0,1
2019-12-29,2,1,1
2019-12-29,2,2,0
2019-12-29,9,5,4
2019-12-29,11,7,4
2019-12-29,16,7,9
2019-12-29,32,23,9
2019-12-29,31,21,10
2019-12-29,48,25,23
2019-12-29,53,41,12
2019-12-29,64,46,18
2019-12-29,64,46,18
2019-12-29,32,21,11
2019-12-29,23,12,11
2019-12-29,8,4,4
2019-12-29,74,8,66
2019-12-29,62,13,49
2019-12-29,27,4,23
2019-12-29,5,2,3
2019-12-30,3,1,2
2019-12-30,3,2,1
2019-12-30,2,1,1
2019-12-30,0,0,0
2019-12-30,1,1,0
2019-12-30,8,3,5
2019-12-30,23,15,8
2019-12-30,49,20,29
2019-12-30,65,28,37
2019-12-30,39,23,16
2019-12-30,31,20,11
2019-12-30,17,10,7
2019-12-30,24,12,12
2019-12-30,29,13,16
2019-12-30,35,17,18
2019-12-30,53,36,17
2019-12-30,81,52,29
2019-12-30,95,60,35
2019-12-30,28,14,14
2019-12-30,16,6,10
2019-12-30,12,8,4
2019-12-30,7,5,2
2019-12-30,4,1,3
2019-12-30,1,1,0
2019-12-31,2,1,1
2019-12-31,1,1,0
2019-12-31,0,0,0
2019-12-31,2,2,0
2019-12-31,2,1,1
2019-12-31,6,3,3
2019-12-31,15,9,6
2019-12-31,33,16,17
2019-12-31,41,21,20
2019-12-31,20,12,8
2019-12-31,13,8,5
2019-12-31,26,15,11
2019-12-31,20,14,6
2019-12-31,22,14,8
2019-12-31,25,16,9
2019-12-31,37,25,12
2019-12-31,36,24,12
2019-12-31,31,18,13
2019-12-31,25,15,10
2019-12-31,16,6,10
2019-12-31,9,5,4
2019-12-31,21,5,16
2019-12-31,11,3,8
2019-12-31,6,2,4
2020-01-01,18,15,3
2020-01-01,15,9,6
2020-01-01,9,6,3
2020-01-01,4,0,4
2020-01-01,0,0,0
2020-01-01,2,2,0
2020-01-01,1,0,1
2020-01-01,3,1,2
2020-01-01,1,0,1
2020-01-01,3,1,2
2020-01-01,13,8,5
2020-01-01,9,5,4
2020-01-01,8,7,1
2020-01-01,24,14,10
2020-01-01,16,7,9
2020-01-01,19,7,12
2020-01-01,14,9,5
2020-01-01,15,4,11
2020-01-01,3,3,0
2020-01-01,4,1,3
2020-01-01,6,3,3
2020-01-01,0,0,0
2020-01-01,3,2,1
2020-01-01,1,0,1
2020-01-02,3,1,2
2020-01-02,0,0,0
2020-01-02,2,1,1
2020-01-02,0,0,0
2020-01-02,0,0,0
2020-01-02,10,4,6
2020-01-02,26,11,15
2020-01-02,63,27,36
2020-01-02,97,43,54
2020-01-02,51,28,23
2020-01-02,30,11,19
2020-01-02,29,11,18
2020-01-02,30,17,13
2020-01-02,15,8,7
2020-01-02,20,12,8
2020-01-02,34,21,13
2020-01-02,97,63,34
2020-01-02,121,78,43
2020-01-02,42,31,11
2020-01-02,15,9,6
2020-01-02,10,6,4
2020-01-02,11,5,6
2020-01-02,4,1,3
2020-01-02,2,2,0
2020-01-03,1,0,1
2020-01-03,1,1,0
2020-01-03,4,4,0
2020-01-03,0,0,0
2020-01-03,0,0,0
2020-01-03,4,3,1
2020-01-03,20,11,9
2020-01-03,65,28,37
2020-01-03,92,46,46
2020-01-03,61,33,28
2020-01-03,41,25,16
2020-01-03,35,16,19
2020-01-03,42,20,22
2020-01-03,40,22,18
2020-01-03,52,29,23
2020-01-03,48,26,22
2020-01-03,122,74,48
2020-01-03,122,76,46
2020-01-03,58,31,27
2020-01-03,20,12,8
2020-01-03,15,8,7
2020-01-03,5,4,1
2020-01-03,5,2,3
2020-01-03,2,2,0
2020-01-04,3,1,2
2020-01-04,3,1,2
2020-01-04,3,2,1
2020-01-04,0,0,0
2020-01-04,1,0,1
2020-01-04,1,1,0
2020-01-04,0,0,0
2020-01-04,4,2,2
2020-01-04,7,3,4
2020-01-04,11,7,4
2020-01-04,15,10,5
2020-01-04,21,10,11
2020-01-04,23,11,12
2020-01-04,34,20,14
2020-01-04,29,14,15
2020-01-04,12,7,5
2020-01-04,15,11,4
2020-01-04,13,8,5
2020-01-04,15,9,6
2020-01-04,12,8,4
2020-01-04,2,1,1
2020-01-04,5,5,0
2020-01-04,8,5,3
2020-01-04,4,2,2
2020-01-05,2,1,1
2020-01-05,1,1,0
2020-01-05,0,0,0
2020-01-05,0,0,0
2020-01-05,0,0,0
2020-01-05,1,1,0
2020-01-05,3,0,3
2020-01-05,2,0,2
2020-01-05,4,1,3
2020-01-05,5,3,2
2020-01-05,9,5,4
2020-01-05,18,7,11
2020-01-05,13,10,3
2020-01-05,16,9,7
2020-01-05,11,4,7
2020-01-05,21,8,13
2020-01-05,14,7,7
2020-01-05,18,9,9
2020-01-05,13,10,3
2020-01-05,9,6,3
2020-01-05,4,2,2
2020-01-05,6,2,4
2020-01-05,1,1,0
2020-01-05,1,0,1
2020-01-06,3,3,0
2020-01-06,0,0,0
2020-01-06,1,1,0
2020-01-06,0,0,0
2020-01-06,0,0,0
2020-01-06,17,8,9
2020-01-06,37,13,24
2020-01-06,96,42,54
2020-01-06,146,52,94
2020-01-06,67,36,31
2020-01-06,27,13,14
2020-01-06,16,10,6
2020-01-06,30,21,9
2020-01-06,16,7,9
2020-01-06,23,12,11
2020-01-06,58,38,20
2020-01-06,129,85,44
2020-01-06,190,117,73
2020-01-06,65,44,21
2020-01-06,13,4,9
2020-01-06,14,11,3
2020-01-06,7,4,3
2020-01-06,3,2,1
2020-01-06,0,0,0
2020-01-07,2,0,2
2020-01-07,1,1,0
2020-01-07,2,2,0
2020-01-07,1,0,1
2020-01-07,2,1,1
2020-01-07,10,5,5
2020-01-07,38,12,26
2020-01-07,94,40,54
2020-01-07,148,66,82
2020-01-07,63,35,28
2020-01-07,38,18,20
2020-01-07,23,11,12
2020-01-07,32,16,16
2020-01-07,24,13,11
2020-01-07,36,26,10
2020-01-07,78,43,35
2020-01-07,138,93,45
2020-01-07,187,112,75
2020-01-07,73,47,26
2020-01-07,29,15,14
2020-01-07,11,8,3
2020-01-07,4,1,3
2020-01-07,9,6,3
2020-01-07,1,1,0
2020-01-08,0,0,0
2020-01-08,0,0,0
2020-01-08,2,0,2
2020-01-08,0,0,0
2020-01-08,8,8,0
2020-01-08,12,6,6
2020-01-08,44,17,27
2020-01-08,87,41,46
2020-01-08,167,80,87
2020-01-08,76,38,38
2020-01-08,36,17,19
2020-01-08,40,17,23
2020-01-08,35,18,17
2020-01-08,42,18,24
2020-01-08,30,21,9
2020-01-08,62,43,19
2020-01-08,127,84,43
2020-01-08,198,126,72
2020-01-08,96,66,30
2020-01-08,29,16,13
2020-01-08,20,10,10
2020-01-08,7,5,2
2020-01-08,3,2,1
2020-01-08,5,5,0
2020-01-09,1,0,1
2020-01-09,1,0,1
2020-01-09,0,0,0
2020-01-09,1,0,1
2020-01-09,0,0,0
2020-01-09,5,1,4
2020-01-09,48,25,23
2020-01-09,73,23,50
2020-01-09,119,50,69
2020-01-09,64,35,29
2020-01-09,32,14,18
2020-01-09,28,15,13
2020-01-09,23,11,12
2020-01-09,32,19,13
2020-01-09,45,25,20
2020-01-09,61,38,23
2020-01-09,146,105,41
2020-01-09,147,99,48
2020-01-09,95,54,41
2020-01-09,41,23,18
2020-01-09,14,6,8
2020-01-09,9,4,5
2020-01-09,12,7,5
2020-01-09,11,6,5
2020-01-10,0,0,0
2020-01-10,7,5,2
2020-01-10,2,2,0
2020-01-10,0,0,0
2020-01-10,0,0,0
2020-01-10,7,4,3
2020-01-10,28,14,14
2020-01-10,61,22,39
2020-01-10,106,38,68
2020-01-10,43,20,23
2020-01-10,25,13,12
2020-01-10,28,15,13
2020-01-10,27,15,12
2020-01-10,22,9,13
2020-01-10,34,21,13
2020-01-10,36,23,13
2020-01-10,107,68,39
2020-01-10,130,83,47
2020-01-10,54,41,13
2020-01-10,21,9,12
2020-01-10,8,4,4
2020-01-10,7,5,2
2020-01-10,6,2,4
2020-01-10,5,1,4
2020-01-11,1,0,1
2020-01-11,2,0,2
2020-01-11,5,4,1
2020-01-11,0,0,0
2020-01-11,0,0,0
2020-01-11,3,2,1
2020-01-11,4,0,4
2020-01-11,5,2,3
2020-01-11,6,4,2
2020-01-11,11,3,8
2020-01-11,10,7,3
2020-01-11,8,6,2
2020-01-11,21,16,5
2020-01-11,17,7,10
2020-01-11,16,3,13
2020-01-11,19,10,9
2020-01-11,23,14,9
2020-01-11,14,8,6
2020-01-11,14,7,7
2020-01-11,8,7,1
2020-01-11,3,2,1
2020-01-11,6,4,2
2020-01-11,10,6,4
2020-01-11,2,2,0
2020-01-12,2,1,1
2020-01-12,2,1,1
2020-01-12,4,3,1
2020-01-12,0,0,0
2020-01-12,0,0,0
2020-01-12,1,1,0
2020-01-12,0,0,0
2020-01-12,7,3,4
2020-01-12,5,4,1
2020-01-12,8,5,3
2020-01-12,5,3,2
2020-01-12,6,3,3
2020-01-12,17,7,10
2020-01-12,17,9,8
2020-01-12,21,12,9
2020-01-12,21,10,11
2020-01-12,15,8,7
2020-01-12,14,8,6
2020-01-12,5,3,2
2020-01-12,7,3,4
2020-01-12,4,1,3
2020-01-12,2,2,0
2020-01-12,3,2,1
2020-01-12,3,2,1
2020-01-13,1,1,0
2020-01-13,1,1,0
2020-01-13,0,0,0
2020-01-13,1,1,0
2020-01-13,0,0,0
2020-01-13,6,1,5
2020-01-13,17,5,12
2020-01-13,40,15,25
2020-01-13,53,23,30
2020-01-13,46,25,21
2020-01-13,22,11,11
2020-01-13,18,9,9
2020-01-13,21,9,12
2020-01-13,16,9,7
2020-01-13,25,15,10
2020-01-13,33,26,7
2020-01-13,67,44,23
2020-01-13,79,50,29
2020-01-13,25,15,10
2020-01-13,16,9,7
2020-01-13,6,3,3
2020-01-13,2,1,1
2020-01-13,2,2,0
2020-01-13,4,0,4
2020-01-14,5,4,1
2020-01-14,0,0,0
2020-01-14,0,0,0
2020-01-14,0,0,0
2020-01-14,1,1,0
2020-01-14,1,0,1
2020-01-14,12,4,8
2020-01-14,26,10,16
2020-01-14,46,16,30
2020-01-14,27,15,12
2020-01-14,14,7,7
2020-01-14,15,1,14
2020-01-14,10,5,5
2020-01-14,21,15,6
2020-01-14,22,14,8
2020-01-14,17,9,8
2020-01-14,44,33,11
2020-01-14,73,45,28
2020-01-14,20,12,8
2020-01-14,11,4,7
2020-01-14,5,4,1
2020-01-14,6,5,1
2020-01-14,6,2,4
2020-01-14,7,3,4
2020-01-15,3,3,0
2020-01-15,2,2,0
2020-01-15,1,1,0
2020-01-15,1,1,0
2020-01-15,0,0,0
2020-01-15,7,3,4
2020-01-15,17,7,10
2020-01-15,22,7,15
2020-01-15,43,25,18
2020-01-15,34,23,11
2020-01-15,22,12,10
2020-01-15,27,15,12
2020-01-15,9,5,4
2020-01-15,20,11,9
2020-01-15,19,9,10
2020-01-15,18,12,6
2020-01-15,39,26,13
2020-01-15,74,44,30
2020-01-15,37,19,18
2020-01-15,13,6,7
2020-01-15,9,6,3
2020-01-15,6,2,4
2020-01-15,5,4,1
2020-01-15,4,2,2
2020-01-16,1,0,1
2020-01-16,1,0,1
2020-01-16,2,1,1
2020-01-16,0,0,0
2020-01-16,1,1,0
2020-01-16,7,2,5
2020-01-16,31,8,23
2020-01-16,62,21,41
2020-01-16,87,39,48
2020-01-16,64,34,30
2020-01-16,37,18,19
2020-01-16,32,16,16
2020-01-16,34,12,22
2020-01-16,33,19,14
2020-01-16,33,23,10
2020-01-16,43,26,17
2020-01-16,109,74,35
2020-01-16,139,94,45
2020-01-16,57,37,20
2020-01-16,23,11,12
2020-01-16,8,5,3
2020-01-16,11,6,5
2020-01-16,8,6,2
2020-01-16,1,1,0
2020-01-17,4,2,2
2020-01-17,3,3,0
2020-01-17,1,0,1
2020-01-17,1,1,0
2020-01-17,0,0,0
2020-01-17,5,2,3
2020-01-17,23,9,14
2020-01-17,65,30,35
2020-01-17,97,42,55
2020-01-17,56,36,20
2020-01-17,40,22,18
2020-01-17,26,19,7
2020-01-17,33,16,17
2020-01-17,22,11,11
2020-01-17,33,23,10
2020-01-17,61,36,25
2020-01-17,98,65,33
2020-01-17,133,76,57
2020-01-17,64,43,21
2020-01-17,23,12,11
2020-01-17,11,6,5
2020-01-17,9,5,4
2020-01-17,7,4,3
2020-01-17,2,1,1
2020-01-18,2,0,2
2020-01-18,4,2,2
2020-01-18,2,2,0
2020-01-18,1,1,0
2020-01-18,0,0,0
2020-01-18,2,1,1
2020-01-18,1,0,1
2020-01-18,5,2,3
2020-01-18,6,2,4
2020-01-18,12,5,7
2020-01-18,15,4,11
2020-01-18,20,8,12
2020-01-18,23,14,9
2020-01-18,30,17,13
2020-01-18,27,12,15
2020-01-18,24,9,15
2020-01-18,17,5,12
2020-01-18,18,11,7
2020-01-18,137,134,3
2020-01-18,72,69,3
2020-01-18,5,3,2
2020-01-18,2,1,1
2020-01-18,5,2,3
2020-01-18,5,2,3
2020-01-19,3,2,1
2020-01-19,4,2,2
2020-01-19,1,1,0
2020-01-19,0,0,0
2020-01-19,0,0,0
2020-01-19,1,0,1
2020-01-19,1,1,0
2020-01-19,2,1,1
2020-01-19,4,2,2
2020-01-19,7,4,3
2020-01-19,8,5,3
2020-01-19,7,2,5
2020-01-19,8,5,3
2020-01-19,12,8,4
2020-01-19,12,6,6
2020-01-19,11,4,7
2020-01-19,8,3,5
2020-01-19,9,5,4
2020-01-19,8,4,4
2020-01-19,7,2,5
2020-01-19,5,2,3
2020-01-19,3,1,2
2020-01-19,3,1,2
2020-01-19,1,0,1
2020-01-20,1,1,0
2020-01-20,0,0,0
2020-01-20,0,0,0
2020-01-20,1,0,1
2020-01-20,2,1,1
2020-01-20,9,7,2
2020-01-20,22,10,12
2020-01-20,50,26,24
2020-01-20,78,34,44
2020-01-20,52,23,29
2020-01-20,20,12,8
2020-01-20,19,10,9
2020-01-20,24,14,10
2020-01-20,23,12,11
2020-01-20,30,14,16
2020-01-20,37,12,25
2020-01-20,83,30,53
2020-01-20,121,42,79
2020-01-20,53,22,31
2020-01-20,20,9,11
2020-01-20,15,8,7
2020-01-20,5,3,2
2020-01-20,6,4,2
2020-01-20,2,1,1
2020-01-21,2,1,1
2020-01-21,1,1,0
2020-01-21,1,1,0
2020-01-21,1,0,1
2020-01-21,2,1,1
2020-01-21,14,10,4
2020-01-21,27,15,12
2020-01-21,63,36,27
2020-01-21,99,46,53
2020-01-21,51,26,25
2020-01-21,20,12,8
2020-01-21,20,12,8
2020-01-21,18,9,9
2020-01-21,24,13,11
2020-01-21,25,11,14
2020-01-21,37,11,26
2020-01-21,78,25,53
2020-01-21,125,41,84
2020-01-21,64,24,40
2020-01-21,24,9,15
2020-01-21,9,4,5
2020-01-21,5,2,3
2020-01-21,3,2,1
2020-01-21,2,1,1
2020-01-22,2,2,0
2020-01-22,0,0,0
2020-01-22,0,0,0
2020-01-22,1,0,1
2020-01-22,2,1,1
2020-01-22,12,7,5
2020-01-22,28,17,11
2020-01-22,55,31,24
2020-01-22,89,49,40
2020-01-22,52,24,28
2020-01-22,18,12,6
2020-01-22,23,13,10
2020-01-22,28,13,15
2020-01-22,24,15,9
2020-01-22,24,10,14
2020-01-22,48,17,31
2020-01-22,79,26,53
2020-01-22,128,51,77
2020-01-22,62,23,39
2020-01-22,25,11,14
2020-01-22,16,7,9
2020-01-22,7,3,4
2020-01-22,6,2,4
2020-01-22,3,2,1
2020-01-23,2,1,1
2020-01-23,1,0,1
2020-01-23,2,2,0
2020-01-23,0,0,0
2020-01-23,2,1,1
2020-01-23,15,9,6
2020-01-23,29,16,13
2020-01-23,64,35,29
2020-01-23,102,48,54
2020-01-23,51,20,31
2020-01-23,28,15,13
2020-01-23,27,15,12
2020-01-23,20,9,11
2020-01-23,23,13,10
2020-01-23,24,7,17
2020-01-23,49,18,31
2020-01-23,88,29,59
2020-01-23,150,48,102
2020-01-23,78,29,49
2020-01-23,25,14,11
2020-01-23,15,5,10
2020-01-23,9,4,5
2020-01-23,6,2,4
2020-01-23,4,1,3
2020-01-24,2,2,0
2020-01-24,3,2,1
2020-01-24,0,0,0
2020-01-24,0,0,0
2020-01-24,2,1,1
2020-01-24,12,8,4
2020-01-24,25,12,13
2020-01-24,57,29,28
2020-01-24,90,42,48
2020-01-24,65,30,35
2020-01-24,29,17,12
2020-01-24,34,15,19
2020-01-24,31,17,14
2020-01-24,34,15,19
2020-01-24,39,17,22
2020-01-24,58,22,36
2020-01-24,110,38,72
2020-01-24,115,43,72
2020-01-24,54,22,32
2020-01-24,22,9,13
2020-01-24,10,5,5
2020-01-24,6,3,3
2020-01-24,7,4,3
2020-01-24,5,3,2
2020-01-25,3,0,3
2020-01-25,2,1,1
2020-01-25,3,1,2
2020-01-25,1,1,0
2020-01-25,0,0,0
2020-01-25,2,1,1
2020-01-25,3,1,2
2020-01-25,4,2,2
2020-01-25,11,6,5
2020-01-25,9,3,6
2020-01-25,15,4,11
2020-01-25,18,9,9
2020-01-25,26,12,14
2020-01-25,23,10,13
2020-01-25,22,9,13
2020-01-25,21,10,11
2020-01-25,26,13,13
2020-01-25,15,8,7
2020-01-25,16,6,10
2020-01-25,9,5,4
2020-01-25,8,5,3
2020-01-25,4,2,2
2020-01-25,6,3,3
2020-01-25,5,1,4
2020-01-26,4,2,2
2020-01-26,2,1,1
2020-01-26,2,1,1
2020-01-26,1,1,0
2020-01-26,0,0,0
2020-01-26,1,1,0
2020-01-26,2,1,1
2020-01-26,3,1,2
2020-01-26,4,1,3
2020-01-26,8,4,4
2020-01-26,13,8,5
2020-01-26,10,4,6
2020-01-26,17,5,12
2020-01-26,16,7,9
2020-01-26,20,11,9
2020-01-26,15,7,8
2020-01-26,15,10,5
2020-01-26,13,7,6
2020-01-26,15,9,6
2020-01-26,9,4,5
2020-01-26,8,4,4
2020-01-26,5,2,3
2020-01-26,5,3,2
2020-01-26,1,0,1
2020-01-27,3,1,2
2020-01-27,0,0,0
2020-01-27,2,1,1
2020-01-27,0,0,0
2020-01-27,3,1,2
2020-01-27,14,7,7
2020-01-27,34,16,18
2020-01-27,59,30,29
2020-01-27,108,49,59
2020-01-27,59,27,32
2020-01-27,26,14,12
2020-01-27,19,10,9
2020-01-27,23,14,9
2020-01-27,19,10,9
2020-01-27,28,11,17
2020-01-27,40,11,29
2020-01-27,67,24,43
2020-01-27,103,37,66
2020-01-27,67,21,46
2020-01-27,22,10,12
2020-01-27,8,4,4
2020-01-27,5,2,3
2020-01-27,2,1,1
2020-01-27,2,2,0
2020-01-28,2,1,1
2020-01-28,1,1,0
2020-01-28,0,0,0
2020-01-28,0,0,0
2020-01-28,2,1,1
2020-01-28,16,10,6
2020-01-28,33,17,16
2020-01-28,69,37,32
2020-01-28,112,52,60
2020-01-28,69,32,37
2020-01-28,33,19,14
2020-01-28,27,16,11
2020-01-28,29,13,16
2020-01-28,29,15,14
2020-01-28,33,12,21
2020-01-28,52,21,31
2020-01-28,118,40,78
2020-01-28,151,56,95
2020-01-28,78,32,46
2020-01-28,26,8,18
2020-01-28,14,7,7
2020-01-28,7,3,4
2020-01-28,7,4,3
2020-01-28,4,1,3
2020-01-29,2,1,1
2020-01-29,4,2,2
2020-01-29,1,0,1
2020-01-29,1,1,0
2020-01-29,1,1,0
2020-01-29,8,6,2
2020-01-29,23,13,10
2020-01-29,48,29,19
2020-01-29,78,35,43
2020-01-29,49,22,27
2020-01-29,22,13,9
2020-01-29,24,12,12
2020-01-29,23,13,10
2020-01-29,27,12,15
2020-01-29,33,14,19
2020-01-29,34,8,26
2020-01-29,81,28,53
2020-01-29,105,39,66
2020-01-29,57,23,34
2020-01-29,27,13,14
2020-01-29,15,8,7
2020-01-29,9,4,5
2020-01-29,5,2,3
2020-01-29,3,1,2
2020-01-30,4,1,3
2020-01-30,4,2,2
2020-01-30,4,3,1
2020-01-30,2,1,1
2020-01-30,1,1,0
2020-01-30,9,5,4
2020-01-30,21,11,10
2020-01-30,53,31,22
2020-01-30,74,34,40
2020-01-30,50,22,28
2020-01-30,21,9,12
2020-01-30,20,10,10
2020-01-30,22,11,11
2020-01-30,27,15,12
2020-01-30,30,12,18
2020-01-30,43,13,30
2020-01-30,85,23,62
2020-01-30,110,40,70
2020-01-30,58,26,32
2020-01-30,20,7,13
2020-01-30,13,6,7
2020-01-30,11,4,7
2020-01-30,4,2,2
2020-01-30,2,1,1
2020-01-31,6,5,1
2020-01-31,5,3,2
2020-01-31,3,2,1
2020-01-31,1,0,1
2020-01-31,0,0,0
2020-01-31,6,4,2
2020-01-31,22,11,11
2020-01-31,44,24,20
2020-01-31,61,28,33
2020-01-31,43,21,22
2020-01-31,19,9,10
2020-01-31,20,12,8
2020-01-31,27,17,10
2020-01-31,22,12,10
2020-01-31,22,8,14
2020-01-31,38,12,26
2020-01-31,72,24,48
2020-01-31,104,40,64
2020-01-31,41,15,26
2020-01-31,17,8,9
2020-01-31,10,4,6
2020-01-31,3,1,2
2020-01-31,7,3,4
2020-01-31,1,0,1
2020-02-01,2,0,2
2020-02-01,3,1,2
2020-02-01,3,2,1
2020-02-01,1,1,0
2020-02-01,0,0,0
2020-02-01,2,1,1
2020-02-01,2,0,2
2020-02-01,5,2,3
2020-02-01,8,4,4
2020-02-01,11,4,7
2020-02-01,13,5,8
2020-02-01,16,8,8
2020-02-01,23,14,9
2020-02-01,23,11,12
2020-02-01,22,8,14
2020-02-01,22,10,12
2020-02-01,22,11,11
2020-02-01,16,9,7
2020-02-01,56,49,7
2020-02-01,30,27,3
2020-02-01,5,3,2
2020-02-01,4,2,2
2020-02-01,7,4,3
2020-02-01,4,2,2
2020-02-02,3,2,1
2020-02-02,2,1,1
2020-02-02,3,2,1
2020-02-02,0,0,0
2020-02-02,0,0,0
2020-02-02,1,1,0
2020-02-02,1,1,0
2020-02-02,4,2,2
2020-02-02,4,2,2
2020-02-02,7,4,3
2020-02-02,8,5,3
2020-02-02,8,3,5
2020-02-02,14,6,8
2020-02-02,15,8,7
2020-02-02,18,10,8
2020-02-02,16,7,9
2020-02-02,13,7,6
2020-02-02,12,7,5
2020-02-02,9,5,4
2020-02-02,8,3,5
2020-02-02,5,2,3
2020-02-02,4,2,2
2020-02-02,4,2,2
2020-02-02,2,1,1
2020-02-03,2,1,1
2020-02-03,0,0,0
2020-02-03,0,0,0
2020-02-03,0,0,0
2020-02-03,2,1,1
2020-02-03,10,5,5
2020-02-03,24,10,14
2020-02-03,50,24,26
2020-02-03,79,35,44
2020-02-03,52,25,27
2020-02-03,22,12,10
2020-02-03,19,10,9
2020-02-03,22,12,10
2020-02-03,19,10,9
2020-02-03,27,13,14
2020-02-03,36,16,20
2020-02-03,73,33,40
2020-02-03,101,43,58
2020-02-03,48,19,29
2020-02-03,19,9,10
2020-02-03,10,5,5
2020-02-03,4,2,2
2020-02-03,3,2,1
2020-02-03,3,1,2
2020-02-04,3,2,1
2020-02-04,1,1,0
2020-02-04,0,0,0
2020-02-04,0,0,0
2020-02-04,2,1,1
2020-02-04,11,7,4
2020-02-04,24,12,12
2020-02-04,53,28,25
2020-02-04,86,38,48
2020-02-04,40,30,10
2020-02-04,29,14,15
2020-02-04,25,10,15
2020-02-04,24,16,8
2020-02-04,20,9,11
2020-02-04,33,12,21
2020-02-04,50,16,34
2020-02-04,113,35,78
2020-02-04,154,47,107
2020-02-04,71,17,54
2020-02-04,28,13,15
2020-02-04,18,10,8
2020-02-04,7,1,6
2020-02-04,0,0,0
2020-02-04,0,0,0
2020-02-05,2,1,1
2020-02-05,0,0,0
2020-02-05,0,0,0
2020-02-05,1,0,1
2020-02-05,0,0,0
2020-02-05,3,0,3
2020-02-05,22,12,10
2020-02-05,83,57,26
2020-02-05,89,49,40
2020-02-05,39,14,25
2020-02-05,31,11,20
2020-02-05,27,17,10
2020-02-05,20,11,9
2020-02-05,18,10,8
2020-02-05,22,10,12
2020-02-05,45,13,32
2020-02-05,87,24,63
2020-02-05,131,52,79
2020-02-05,57,14,43
2020-02-05,17,11,6
2020-02-05,10,5,5
2020-02-05,3,2,1
2020-02-05,9,4,5
2020-02-05,1,1,0
2020-02-06,6,2,4
2020-02-06,0,0,0
2020-02-06,1,0,1
2020-02-06,0,0,0
2020-02-06,1,1,0
2020-02-06,10,7,3
2020-02-06,29,12,17
2020-02-06,69,48,21
2020-02-06,101,58,43
2020-02-06,51,25,26
2020-02-06,25,14,11
2020-02-06,27,13,14
2020-02-06,17,6,11
2020-02-06,22,8,14
2020-02-06,23,10,13
2020-02-06,41,12,29
2020-02-06,103,30,73
2020-02-06,144,55,89
2020-02-06,63,17,46
2020-02-06,23,9,14
2020-02-06,17,9,8
2020-02-06,12,8,4
2020-02-06,5,3,2
2020-02-06,4,0,4
2020-02-07,6,2,4
2020-02-07,0,0,0
2020-02-07,1,1,0
2020-02-07,0,0,0
2020-02-07,1,0,1
2020-02-07,4,2,2
2020-02-07,25,18,7
2020-02-07,73,38,35
2020-02-07,93,54,39
2020-02-07,50,25,25
2020-02-07,31,15,16
2020-02-07,30,14,16
2020-02-07,28,13,15
2020-02-07,28,13,15
2020-02-07,42,17,25
2020-02-07,62,26,36
2020-02-07,105,38,67
2020-02-07,103,38,65
2020-02-07,51,15,36
2020-02-07,18,7,11
2020-02-07,7,4,3
2020-02-07,11,5,6
2020-02-07,7,4,3
2020-02-07,6,3,3
2020-02-08,6,3,3
2020-02-08,3,2,1
2020-02-08,3,3,0
2020-02-08,1,0,1
2020-02-08,0,0,0
2020-02-08,2,0,2
2020-02-08,3,2,1
2020-02-08,3,0,3
2020-02-08,8,3,5
2020-02-08,20,17,3
2020-02-08,15,7,8
2020-02-08,25,7,18
2020-02-08,31,13,18
2020-02-08,18,4,14
2020-02-08,13,8,5
2020-02-08,30,9,21
2020-02-08,30,20,10
2020-02-08,47,22,25
2020-02-08,20,12,8
2020-02-08,9,3,6
2020-02-08,5,2,3
2020-02-08,3,2,1
2020-02-08,4,3,1
2020-02-08,1,0,1
2020-02-09,4,1,3
2020-02-09,1,1,0
2020-02-09,1,0,1
2020-02-09,0,0,0
2020-02-09,1,0,1
2020-02-09,2,0,2
2020-02-09,0,0,0
2020-02-09,6,1,5
2020-02-09,7,3,4
2020-02-09,6,4,2
2020-02-09,13,5,8
2020-02-09,24,14,10
2020-02-09,32,12,20
2020-02-09,27,9,18
2020-02-09,28,13,15
2020-02-09,33,16,17
2020-02-09,43,24,19
2020-02-09,16,7,9
2020-02-09,23,9,14
2020-02-09,10,6,4
2020-02-09,11,5,6
2020-02-09,6,1,5
2020-02-09,12,4,8
2020-02-09,1,1,0
2020-02-10,3,2,1
2020-02-10,0,0,0
2020-02-10,1,0,1
2020-02-10,2,2,0
2020-02-10,3,1,2
2020-02-10,16,9,7
2020-02-10,35,20,15
2020-02-10,120,74,46
2020-02-10,167,95,72
2020-02-10,88,43,45
2020-02-10,39,16,23
2020-02-10,26,7,19
2020-02-10,39,15,24
2020-02-10,36,18,18
2020-02-10,29,14,15
2020-02-10,55,17,38
2020-02-10,186,72,114
2020-02-10,213,73,140
2020-02-10,96,32,64
2020-02-10,33,12,21
2020-02-10,13,6,7
2020-02-10,9,5,4
2020-02-10,3,2,1
2020-02-10,4,2,2
2020-02-11,2,1,1
2020-02-11,2,1,1
2020-02-11,0,0,0
2020-02-11,3,0,3
2020-02-11,1,0,1
2020-02-11,9,6,3
2020-02-11,39,25,14
2020-02-11,115,72,43
2020-02-11,151,80,71
2020-02-11,99,43,56
2020-02-11,41,22,19
2020-02-11,41,18,23
2020-02-11,30,11,19
2020-02-11,38,12,26
2020-02-11,45,22,23
2020-02-11,73,29,44
2020-02-11,156,53,103
2020-02-11,234,81,153
2020-02-11,91,29,62
2020-02-11,42,20,22
2020-02-11,20,7,13
2020-02-11,21,7,14
2020-02-11,10,6,4
2020-02-11,4,1,3
2020-02-12,2,0,2
2020-02-12,2,1,1
2020-02-12,3,1,2
2020-02-12,1,1,0
2020-02-12,2,0,2
2020-02-12,8,6,2
2020-02-12,34,19,15
2020-02-12,112,66,46
2020-02-12,139,71,68
2020-02-12,110,44,66
2020-02-12,45,15,30
2020-02-12,41,23,18
2020-02-12,41,21,20
2020-02-12,36,15,21
2020-02-12,45,23,22
2020-02-12,57,21,36
2020-02-12,159,63,96
2020-02-12,197,85,112
2020-02-12,97,33,64
2020-02-12,30,11,19
2020-02-12,17,9,8
2020-02-12,9,4,5
2020-02-12,8,4,4
2020-02-12,5,3,2
2020-02-13,4,0,4
2020-02-13,0,0,0
2020-02-13,0,0,0
2020-02-13,0,0,0
2020-02-13,1,0,1
2020-02-13,13,10,3
2020-02-13,34,20,14
2020-02-13,100,56,44
2020-02-13,122,67,55
2020-02-13,71,27,44
2020-02-13,35,11,24
2020-02-13,25,11,14
2020-02-13,28,15,13
2020-02-13,37,10,27
2020-02-13,27,13,14
2020-02-13,49,21,28
2020-02-13,124,41,83
2020-02-13,178,53,125
2020-02-13,66,22,44
2020-02-13,37,16,21
2020-02-13,18,5,13
2020-02-13,7,5,2
2020-02-13,14,4,10
2020-02-13,4,2,2
2020-02-14,2,0,2
2020-02-14,0,0,0
2020-02-14,0,0,0
2020-02-14,0,0,0
2020-02-14,1,0,1
2020-02-14,11,7,4
2020-02-14,39,27,12
2020-02-14,67,37,30
2020-02-14,133,77,56
2020-02-14,67,28,39
2020-02-14,35,12,23
2020-02-14,47,14,33
2020-02-14,27,11,16
2020-02-14,49,19,30
2020-02-14,56,23,33
2020-02-14,81,29,52
2020-02-14,165,54,111
2020-02-14,152,68,84
2020-02-14,69,35,34
2020-02-14,30,15,15
2020-02-14,8,2,6
2020-02-14,7,0,7
2020-02-14,13,5,8
2020-02-14,4,2,2
2020-02-15,4,4,0
2020-02-15,2,1,1
2020-02-15,4,0,4
2020-02-15,0,0,0
2020-02-15,2,1,1
2020-02-15,5,1,4
2020-02-15,5,0,5
2020-02-15,4,2,2
2020-02-15,5,0,5
2020-02-15,10,4,6
2020-02-15,10,8,2
2020-02-15,26,10,16
2020-02-15,27,10,17
2020-02-15,17,2,15
2020-02-15,13,9,4
2020-02-15,15,5,10
2020-02-15,22,14,8
2020-02-15,16,12,4
2020-02-15,22,8,14
2020-02-15,22,10,12
2020-02-15,3,1,2
2020-02-15,10,6,4
2020-02-15,7,1,6
2020-02-15,2,0,2
2020-02-16,2,2,0
2020-02-16,1,1,0
2020-02-16,0,0,0
2020-02-16,0,0,0
2020-02-16,0,0,0
2020-02-16,2,0,2
2020-02-16,3,1,2
2020-02-16,2,1,1
2020-02-16,5,3,2
2020-02-16,11,5,6
2020-02-16,10,6,4
2020-02-16,15,9,6
2020-02-16,23,6,17
2020-02-16,22,9,13
2020-02-16,29,10,19
2020-02-16,18,8,10
2020-02-16,18,9,9
2020-02-16,21,10,11
2020-02-16,16,8,8
2020-02-16,4,3,1
2020-02-16,5,1,4
2020-02-16,9,6,3
2020-02-16,4,4,0
2020-02-16,4,2,2
2020-02-17,5,3,2
2020-02-17,2,0,2
2020-02-17,0,0,0
2020-02-17,1,1,0
2020-02-17,3,1,2
2020-02-17,12,8,4
2020-02-17,23,11,12
2020-02-17,36,13,23
2020-02-17,55,26,29
2020-02-17,31,11,20
2020-02-17,29,15,14
2020-02-17,39,17,22
2020-02-17,34,19,15
2020-02-17,26,9,17
2020-02-17,37,20,17
2020-02-17,46,22,24
2020-02-17,65,22,43
2020-02-17,109,46,63
2020-02-17,45,18,27
2020-02-17,24,14,10
2020-02-17,8,4,4
2020-02-17,7,3,4
2020-02-17,5,1,4
2020-02-17,2,1,1
2020-02-18,4,0,4
2020-02-18,0,0,0
2020-02-18,0,0,0
2020-02-18,2,1,1
2020-02-18,5,3,2
2020-02-18,13,12,1
2020-02-18,42,23,19
2020-02-18,101,51,50
2020-02-18,154,81,73
2020-02-18,82,37,45
2020-02-18,47,18,29
2020-02-18,28,10,18
2020-02-18,52,29,23
2020-02-18,25,10,15
2020-02-18,41,20,21
2020-02-18,47,17,30
2020-02-18,173,60,113
2020-02-18,198,69,129
2020-02-18,92,37,55
2020-02-18,32,13,19
2020-02-18,16,7,9
2020-02-18,8,5,3
2020-02-18,7,4,3
2020-02-18,2,2,0
2020-02-19,4,3,1
2020-02-19,0,0,0
2020-02-19,0,0,0
2020-02-19,1,0,1
2020-02-19,1,0,1
2020-02-19,15,11,4
2020-02-19,33,14,19
2020-02-19,105,65,40
2020-02-19,148,76,72
2020-02-19,86,38,48
2020-02-19,44,21,23
2020-02-19,27,14,13
2020-02-19,43,24,19
2020-02-19,38,21,17
2020-02-19,40,16,24
2020-02-19,64,18,46
2020-02-19,146,56,90
2020-02-19,221,78,143
2020-02-19,108,44,64
2020-02-19,27,11,16
2020-02-19,29,14,15
2020-02-19,15,1,14
2020-02-19,7,2,5
2020-02-19,3,1,2
2020-02-20,2,1,1
2020-02-20,0,0,0
2020-02-20,0,0,0
2020-02-20,1,0,1
2020-02-20,2,0,2
2020-02-20,10,8,2
2020-02-20,40,24,16
2020-02-20,73,44,29
2020-02-20,142,71,71
2020-02-20,76,33,43
2020-02-20,40,18,22
2020-02-20,37,20,17
2020-02-20,44,17,27
2020-02-20,31,14,17
2020-02-20,47,19,28
2020-02-20,65,26,39
2020-02-20,169,59,110
2020-02-20,199,72,127
2020-02-20,94,35,59
2020-02-20,40,21,19
2020-02-20,13,4,9
2020-02-20,24,4,20
2020-02-20,5,2,3
2020-02-20,2,1,1
2020-02-21,5,4,1
2020-02-21,0,0,0
2020-02-21,2,1,1
2020-02-21,0,0,0
2020-02-21,2,1,1
2020-02-21,17,13,4
2020-02-21,29,16,13
2020-02-21,72,37,35
2020-02-21,115,44,71
2020-02-21,75,37,38
2020-02-21,38,13,25
2020-02-21,42,23,19
2020-02-21,44,24,20
2020-02-21,48,25,23
2020-02-21,37,13,24
2020-02-21,73,26,47
2020-02-21,156,61,95
2020-02-21,173,74,99
2020-02-21,80,31,49
2020-02-21,20,12,8
2020-02-21,14,4,10
2020-02-21,11,5,6
2020-02-21,10,6,4
2020-02-21,10,4,6
2020-02-22,6,5,1
2020-02-22,2,1,1
2020-02-22,2,2,0
2020-02-22,0,0,0
2020-02-22,0,0,0
2020-02-22,5,1,4
2020-02-22,5,1,4
2020-02-22,6,1,5
2020-02-22,14,5,9
2020-02-22,18,11,7
2020-02-22,27,8,19
2020-02-22,28,15,13
2020-02-22,39,21,18
2020-02-22,37,14,23
2020-02-22,36,27,9
2020-02-22,37,18,19
2020-02-22,36,22,14
2020-02-22,30,17,13
2020-02-22,22,11,11
2020-02-22,15,3,12
2020-02-22,14,1,13
2020-02-22,12,5,7
2020-02-22,11,4,7
2020-02-22,3,2,1
2020-02-23,6,4,2
2020-02-23,1,1,0
2020-02-23,1,0,1
2020-02-23,0,0,0
2020-02-23,0,0,0
2020-02-23,3,0,3
2020-02-23,9,0,9
2020-02-23,51,1,50
2020-02-23,29,2,27
2020-02-23,6,2,4
2020-02-23,13,6,7
2020-02-23,10,4,6
2020-02-23,26,13,13
2020-02-23,40,28,12
2020-02-23,60,53,7
2020-02-23,8,1,7
2020-02-23,27,23,4
2020-02-23,19,6,13
2020-02-23,15,7,8
2020-02-23,7,4,3
2020-02-23,6,2,4
2020-02-23,8,2,6
2020-02-23,6,3,3
2020-02-23,6,4,2
2020-02-24,3,2,1
2020-02-24,1,1,0
2020-02-24,1,0,1
2020-02-24,0,0,0
2020-02-24,2,0,2
2020-02-24,18,13,5
2020-02-24,33,21,12
2020-02-24,98,58,40
2020-02-24,153,81,72
2020-02-24,76,30,46
2020-02-24,26,12,14
2020-02-24,49,23,26
2020-02-24,33,17,16
2020-02-24,31,18,13
2020-02-24,34,16,18
2020-02-24,76,18,58
2020-02-24,142,50,92
2020-02-24,206,77,129
2020-02-24,98,43,55
2020-02-24,42,14,28
2020-02-24,13,7,6
2020-02-24,10,2,8
2020-02-24,7,5,2
2020-02-24,7,2,5
2020-02-25,3,2,1
2020-02-25,0,0,0
2020-02-25,0,0,0
2020-02-25,1,0,1
2020-02-25,3,1,2
2020-02-25,12,10,2
2020-02-25,37,19,18
2020-02-25,116,65,51
2020-02-25,148,79,69
2020-02-25,92,42,50
2020-02-25,39,20,19
2020-02-25,31,10,21
2020-02-25,44,24,20
2020-02-25,37,10,27
2020-02-25,39,19,20
2020-02-25,84,28,56
2020-02-25,153,56,97
2020-02-25,252,102,150
2020-02-25,113,44,69
2020-02-25,47,19,28
2020-02-25,24,6,18
2020-02-25,18,8,10
2020-02-25,6,3,3
2020-02-25,9,3,6
2020-02-26,3,1,2
2020-02-26,0,0,0
2020-02-26,4,1,3
2020-02-26,0,0,0
2020-02-26,2,0,2
2020-02-26,11,7,4
2020-02-26,51,31,20
2020-02-26,94,50,44
2020-02-26,168,86,82
2020-02-26,90,35,55
2020-02-26,36,13,23
2020-02-26,30,15,15
2020-02-26,44,17,27
2020-02-26,38,18,20
2020-02-26,40,21,19
2020-02-26,78,24,54
2020-02-26,169,69,100
2020-02-26,218,83,135
2020-02-26,104,43,61
2020-02-26,36,20,16
2020-02-26,20,7,13
2020-02-26,11,5,6
2020-02-26,10,6,4
2020-02-26,3,1,2
2020-02-27,2,0,2
2020-02-27,1,0,1
2020-02-27,1,0,1
2020-02-27,2,1,1
2020-02-27,2,1,1
2020-02-27,15,9,6
2020-02-27,33,22,11
2020-02-27,103,59,44
2020-02-27,171,81,90
2020-02-27,86,40,46
2020-02-27,39,17,22
2020-02-27,53,22,31
2020-02-27,50,23,27
2020-02-27,43,21,22
2020-02-27,53,17,36
2020-02-27,86,30,56
2020-02-27,189,74,115
2020-02-27,285,101,184
2020-02-27,135,39,96
2020-02-27,50,15,35
2020-02-27,26,9,17
2020-02-27,53,42,11
2020-02-27,14,9,5
2020-02-27,9,3,6
2020-02-28,2,0,2
2020-02-28,1,0,1
2020-02-28,1,1,0
2020-02-28,0,0,0
2020-02-28,2,0,2
2020-02-28,10,8,2
2020-02-28,40,23,17
2020-02-28,80,47,33
2020-02-28,123,68,55
2020-02-28,73,25,48
2020-02-28,27,16,11
2020-02-28,42,20,22
2020-02-28,33,17,16
2020-02-28,32,17,15
2020-02-28,40,14,26
2020-02-28,71,26,45
2020-02-28,143,43,100
2020-02-28,139,55,84
2020-02-28,63,32,31
2020-02-28,31,13,18
2020-02-28,13,8,5
2020-02-28,11,7,4
2020-02-28,4,3,1
2020-02-28,2,1,1
2020-02-29,3,2,1
2020-02-29,0,0,0
2020-02-29,0,0,0
2020-02-29,2,1,1
2020-02-29,0,0,0
2020-02-29,1,0,1
2020-02-29,3,1,2
2020-02-29,8,5,3
2020-02-29,6,1,5
2020-02-29,13,6,7
2020-02-29,19,8,11
2020-02-29,17,7,10
2020-02-29,23,10,13
2020-02-29,30,15,15
2020-02-29,20,8,12
2020-02-29,25,7,18
2020-02-29,17,6,11
2020-02-29,18,9,9
2020-02-29,19,6,13
2020-02-29,14,3,11
2020-02-29,7,1,6
2020-02-29,8,2,6
2020-02-29,13,4,9
2020-02-29,5,1,4
2020-04-03,0,0,0
2020-04-03,2,2,0
2020-04-03,15,5,10
2020-04-03,7,3,4
2020-04-03,14,8,6
2020-04-03,5,3,2
2020-04-03,3,1,2
2020-04-03,11,7,4
2020-04-03,20,8,12
2020-04-03,27,16,11
2020-04-03,22,10,12
2020-04-03,16,11,5
2020-04-03,17,9,8
2020-04-03,23,15,8
2020-04-03,17,9,8
2020-04-03,11,6,5
2020-04-03,2,0,2
2020-04-03,4,1,3
2020-04-03,4,1,3
2020-04-03,2,1,1
2020-04-04,2,2,0
2020-04-04,0,0,0
2020-04-04,1,1,0
2020-04-04,0,0,0
2020-04-04,0,0,0
2020-04-04,0,0,0
2020-04-04,4,3,1
2020-04-04,1,0,1
2020-04-04,3,2,1
2020-04-04,6,2,4
2020-04-04,24,22,2
2020-04-04,21,16,5
2020-04-04,48,35,13
2020-04-04,40,27,13
2020-04-04,57,36,21
2020-04-04,53,26,27
2020-04-04,47,26,21
2020-04-04,19,13,6
2020-04-04,32,10,22
2020-04-04,16,10,6
2020-04-04,2,0,2
2020-04-04,0,0,0
2020-04-04,4,2,2
2020-04-04,3,3,0
2020-04-05,2,2,0
2020-04-05,1,0,1
2020-04-05,0,0,0
2020-04-05,1,1,0
2020-04-05,0,0,0
2020-04-05,0,0,0
2020-04-05,3,3,0
2020-04-05,1,0,1
2020-04-05,4,3,1
2020-04-05,5,3,2
2020-04-05,13,9,4
2020-04-05,22,9,13
2020-04-05,25,15,10
2020-04-05,47,29,18
2020-04-05,41,24,17
2020-04-05,37,16,21
2020-04-05,36,19,17
2020-04-05,21,10,11
2020-04-05,9,6,3
2020-04-05,10,5,5
2020-04-05,3,2,1
2020-04-05,5,3,2
2020-04-05,3,1,2
2020-04-05,0,0,0
2020-04-06,0,0,0
2020-04-06,1,0,1
2020-04-06,0,0,0
2020-04-06,0,0,0
2020-04-06,1,1,0
2020-04-06,2,0,2
2020-04-06,13,4,9
2020-04-06,14,5,9
2020-04-06,15,8,7
2020-04-06,5,4,1
2020-04-06,8,3,5
2020-04-06,17,12,5
2020-04-07,6,2,4
2020-04-07,3,2,1
2020-04-07,4,2,2
2020-04-07,2,0,2
2020-04-08,2,0,2
2020-04-08,0,0,0
2020-04-08,1,0,1
2020-04-08,0,0,0
2020-04-08,0,0,0
2020-04-08,2,2,0
2020-04-08,10,2,8
2020-04-08,18,10,8
2020-04-08,17,10,7
2020-04-08,12,4,8
2020-04-08,13,9,4
2020-04-08,19,9,10
2020-04-08,12,2,10
2020-04-08,23,11,12
2020-04-08,25,16,9
2020-04-08,35,22,13
2020-04-08,32,14,18
2020-04-08,49,26,23
2020-04-08,46,29,17
2020-04-08,26,10,16
2020-04-08,13,6,7
2020-04-08,7,4,3
2020-04-08,3,2,1
2020-04-08,2,0,2
2020-04-09,0,0,0
2020-04-09,1,1,0
2020-04-09,0,0,0
2020-04-09,0,0,0
2020-04-09,1,1,0
2020-04-09,4,1,3
2020-04-09,9,3,6
2020-04-09,12,5,7
2020-04-09,16,10,6
2020-04-09,11,8,3
2020-04-09,14,9,5
2020-04-09,10,6,4
2020-04-09,25,8,17
2020-04-09,30,12,18
2020-04-09,29,15,14
2020-04-09,35,25,10
2020-04-09,43,27,16
2020-04-09,41,26,15
2020-04-09,52,19,33
2020-04-09,27,19,8
2020-04-09,8,5,3
2020-04-09,4,4,0
2020-04-09,1,0,1
2020-04-09,1,1,0
2020-04-10,0,0,0
2020-04-10,0,0,0
2020-04-10,1,1,0
2020-04-10,1,0,1
2020-04-10,1,1,0
2020-04-10,4,3,1
2020-04-10,12,6,6
2020-04-10,16,7,9
2020-04-10,14,9,5
2020-04-10,16,9,7
2020-04-10,14,11,3
2020-04-10,17,9,8
2020-04-10,20,15,5
2020-04-10,30,15,15
2020-04-10,23,11,12
2020-04-10,33,16,17
2020-04-10,43,20,23
2020-04-10,40,26,14
2020-04-10,38,25,13
2020-04-10,20,8,12
2020-04-10,6,4,2
2020-04-10,4,4,0
2020-04-10,4,4,0
2020-04-10,1,0,1
2020-04-11,1,0,1
2020-04-11,0,0,0
2020-04-11,0,0,0
2020-04-11,0,0,0
2020-04-11,1,0,1
2020-04-11,1,0,1
2020-04-11,4,2,2
2020-04-11,4,2,2
2020-04-11,7,5,2
2020-04-11,18,12,6
2020-04-11,13,11,2
2020-04-11,24,15,9
2020-04-11,27,21,6
2020-04-11,39,24,15
2020-04-11,43,28,15
2020-04-11,53,19,34
2020-04-11,47,28,19
2020-04-11,27,17,10
2020-04-11,31,14,17
2020-04-11,17,12,5
2020-04-11,3,2,1
2020-04-11,3,0,3
2020-04-11,3,0,3
2020-04-11,3,2,1
2020-04-12,0,0,0
2020-04-12,0,0,0
2020-04-12,0,0,0
2020-04-12,3,2,1
2020-04-12,2,2,0
2020-04-12,0,0,0
2020-04-12,1,1,0
2020-04-12,2,0,2
2020-04-12,9,4,5
2020-04-12,14,11,3
2020-04-12,30,20,10
2020-04-12,44,32,12
2020-04-12,30,14,16
2020-04-12,49,30,19
2020-04-12,70,31,39
2020-04-12,55,28,27
2020-04-12,46,20,26
2020-04-12,41,20,21
2020-04-12,29,16,13
2020-04-12,16,6,10
2020-04-12,4,3,1
2020-04-12,4,2,2
2020-04-12,2,1,1
2020-04-12,0,0,0
2020-04-13,0,0,0
2020-04-13,0,0,0
2020-04-13,0,0,0
2020-04-13,0,0,0
2020-04-13,1,1,0
2020-04-13,5,2,3
2020-04-13,11,5,6
2020-04-13,12,5,7
2020-04-13,20,8,12
2020-04-13,16,5,11
2020-04-13,8,5,3
2020-04-13,18,9,9
2020-04-13,21,7,14
2020-04-13,17,9,8
2020-04-13,22,17,5
2020-04-13,28,15,13
2020-04-13,38,21,17
2020-04-13,33,19,14
2020-04-13,22,11,11
2020-04-13,19,6,13
2020-04-13,10,5,5
2020-04-13,4,2,2
2020-04-13,3,1,2
2020-04-13,1,1,0
2020-04-14,0,0,0
2020-04-14,0,0,0
2020-04-14,0,0,0
2020-04-14,0,0,0
2020-04-14,1,1,0
2020-04-14,3,3,0
2020-04-14,15,7,8
2020-04-14,11,6,5
2020-04-14,17,10,7
2020-04-14,10,7,3
2020-04-14,13,7,6
2020-04-14,18,12,6
2020-04-14,19,7,12
2020-04-14,20,14,6
2020-04-14,25,17,8
2020-04-14,28,15,13
2020-04-14,49,26,23
2020-04-14,40,20,20
2020-04-14,47,18,29
2020-04-14,15,9,6
2020-04-14,10,7,3
2020-04-14,2,0,2
2020-04-14,3,1,2
2020-04-14,0,0,0
2020-04-15,1,0,1
2020-04-15,0,0,0
2020-04-15,0,0,0
2020-04-15,0,0,0
2020-04-15,1,1,0
2020-04-15,4,2,2
2020-04-15,12,4,8
2020-04-15,21,8,13
2020-04-15,15,7,8
2020-04-15,16,8,8
2020-04-15,12,7,5
2020-04-15,23,10,13
2020-04-15,18,7,11
2020-04-15,17,11,6
2020-04-15,24,15,9
2020-04-15,27,19,8
2020-04-15,34,22,12
2020-04-15,46,26,20
2020-04-15,23,13,10
2020-04-15,15,7,8
2020-04-15,10,6,4
2020-04-15,3,0,3
2020-04-15,3,1,2
2020-04-15,1,1,0
2020-04-16,1,0,1
2020-04-16,1,1,0
2020-04-16,0,0,0
2020-04-16,1,0,1
2020-04-16,0,0,0
2020-04-16,3,3,0
2020-04-16,11,2,9
2020-04-16,14,6,8
2020-04-16,14,8,6
2020-04-16,7,3,4
2020-04-16,14,11,3
2020-04-16,23,14,9
2020-04-16,30,11,19
2020-04-16,19,8,11
2020-04-16,39,22,17
2020-04-16,41,32,9
2020-04-16,47,30,17
2020-04-16,39,27,12
2020-04-16,43,23,20
2020-04-16,24,8,16
2020-04-16,6,5,1
2020-04-16,3,2,1
2020-04-16,3,1,2
2020-04-16,1,1,0
2020-04-17,2,1,1
2020-04-17,0,0,0
2020-04-17,0,0,0
2020-04-17,0,0,0
2020-04-17,0,0,0
2020-04-17,3,1,2
2020-04-17,11,6,5
2020-04-17,14,6,8
2020-04-17,16,8,8
2020-04-17,19,14,5
2020-04-17,26,18,8
2020-04-17,37,25,12
2020-04-17,35,16,19
2020-04-17,32,23,9
2020-04-17,42,25,17
2020-04-17,50,27,23
2020-04-17,46,26,20
2020-04-17,47,35,12
2020-04-17,34,17,17
2020-04-17,14,7,7
2020-04-17,11,6,5
2020-04-17,3,2,1
2020-04-17,6,6,0
2020-04-17,3,0,3
2020-04-18,0,0,0
2020-04-18,0,0,0
2020-04-18,2,1,1
2020-04-18,0,0,0
2020-04-18,0,0,0
2020-04-18,0,0,0
2020-04-18,5,4,1
2020-04-18,3,0,3
2020-04-18,3,2,1
2020-04-18,5,1,4
2020-04-18,6,4,2
2020-04-18,12,10,2
2020-04-18,20,11,9
2020-04-18,24,9,15
2020-04-18,26,15,11
2020-04-18,30,16,14
2020-04-18,33,18,15
2020-04-18,27,13,14
2020-04-18,19,9,10
2020-04-18,16,4,12
2020-04-18,1,0,1
2020-04-18,2,1,1
2020-04-18,3,2,1
2020-04-18,5,4,1
2020-04-19,1,0,1
2020-04-19,0,0,0
2020-04-19,2,1,1
2020-04-19,1,1,0
2020-04-19,0,0,0
2020-04-19,0,0,0
2020-04-19,2,2,0
2020-04-19,2,0,2
2020-04-19,9,4,5
2020-04-19,26,17,9
2020-04-19,36,22,14
2020-04-19,49,32,17
2020-04-19,53,36,17
2020-04-19,51,29,22
2020-04-19,52,35,17
2020-04-19,69,38,31
2020-04-19,59,30,29
2020-04-19,38,19,19
2020-04-19,31,15,16
2020-04-19,18,5,13
2020-04-19,4,1,3
2020-04-19,3,1,2
2020-04-19,5,3,2
2020-04-19,0,0,0
2020-04-20,1,1,0
2020-04-20,0,0,0
2020-04-20,0,0,0
2020-04-20,0,0,0
2020-04-20,1,1,0
2020-04-20,4,1,3
2020-04-20,16,7,9
2020-04-20,15,4,11
2020-04-20,17,12,5
2020-04-20,11,5,6
2020-04-20,10,5,5
2020-04-20,9,3,6
2020-04-20,19,11,8
2020-04-20,19,11,8
2020-04-20,25,11,14
2020-04-20,28,19,9
2020-04-20,42,27,15
2020-04-20,52,25,27
2020-04-20,37,16,21
2020-04-20,20,12,8
2020-04-20,7,2,5
2020-04-20,3,2,1
2020-04-20,7,0,7
2020-04-20,0,0,0
2020-04-21,0,0,0
2020-04-21,3,3,0
2020-04-21,1,0,1
2020-04-21,1,1,0
2020-04-21,1,1,0
2020-04-21,3,1,2
2020-04-21,18,7,11
2020-04-21,14,6,8
2020-04-21,21,11,10
2020-04-21,11,6,5
2020-04-21,16,12,4
2020-04-21,13,7,6
2020-04-21,18,9,9
2020-04-21,12,7,5
2020-04-21,12,5,7
2020-04-21,19,13,6
2020-04-21,37,22,15
2020-04-21,40,22,18
2020-04-21,23,9,14
2020-04-21,3,2,1
2020-04-21,8,3,5
2020-04-21,5,3,2
2020-04-21,3,1,2
2020-04-21,0,0,0
2020-04-22,0,0,0
2020-04-22,0,0,0
2020-04-22,0,0,0
2020-04-22,0,0,0
2020-04-22,0,0,0
2020-04-22,1,1,0
2020-04-22,12,3,9
2020-04-22,10,3,7
2020-04-22,10,4,6
2020-04-22,4,2,2
2020-04-22,6,4,2
2020-04-22,5,3,2
2020-04-22,12,4,8
2020-04-22,7,4,3
2020-04-22,15,7,8
2020-04-22,9,8,1
2020-04-22,6,5,1
2020-04-22,21,10,11
2020-04-22,11,5,6
2020-04-22,4,4,0
2020-04-22,4,2,2
2020-04-22,2,0,2
2020-04-22,2,0,2
2020-04-22,1,0,1
2020-04-23,0,0,0
2020-04-23,0,0,0
2020-04-23,0,0,0
2020-04-23,1,1,0
2020-04-23,0,0,0
2020-04-23,1,0,1
2020-04-23,13,3,10
2020-04-23,10,6,4
2020-04-23,16,10,6
2020-04-23,8,6,2
2020-04-23,13,6,7
2020-04-23,9,2,7
2020-04-23,17,10,7
2020-04-23,9,5,4
2020-04-23,29,18,11
2020-04-23,23,16,7
2020-04-23,30,21,9
2020-04-23,22,12,10
2020-04-23,10,5,5
2020-04-23,14,4,10
2020-04-23,6,3,3
2020-04-23,4,1,3
2020-04-23,1,0,1
2020-04-23,3,3,0
2020-04-24,0,0,0
2020-04-24,0,0,0
2020-04-24,1,0,1
2020-04-24,1,0,1
2020-04-24,1,1,0
2020-04-24,5,2,3
2020-04-24,14,5,9
2020-04-24,16,7,9
2020-04-24,18,8,10
2020-04-24,12,9,3
2020-04-24,16,9,7
2020-04-24,14,9,5
2020-04-24,33,10,23
2020-04-24,47,28,19
2020-04-24,27,15,12
2020-04-24,40,31,9
2020-04-24,38,17,21
2020-04-24,33,18,15
2020-04-24,25,11,14
2020-04-24,17,10,7
2020-04-24,4,3,1
2020-04-24,7,5,2
2020-04-24,2,1,1
2020-04-24,3,1,2
2020-04-25,0,0,0
2020-04-25,0,0,0
2020-04-25,1,1,0
2020-04-25,0,0,0
2020-04-25,0,0,0
2020-04-25,2,1,1
2020-04-25,4,3,1
2020-04-25,1,0,1
2020-04-25,4,2,2
2020-04-25,2,2,0
2020-04-25,6,3,3
2020-04-25,6,3,3
2020-04-25,18,11,7
2020-04-25,34,19,15
2020-04-25,39,22,17
2020-04-25,58,32,26
2020-04-25,43,21,22
2020-04-25,37,22,15
2020-04-25,20,7,13
2020-04-25,11,7,4
2020-04-25,11,4,7
2020-04-25,1,1,0
2020-04-25,3,0,3
2020-04-25,4,2,2
2020-04-26,0,0,0
2020-04-26,0,0,0
2020-04-26,1,0,1
2020-04-26,0,0,0
2020-04-26,0,0,0
2020-04-26,1,1,0
2020-04-26,3,3,0
2020-04-26,6,1,5
2020-04-26,11,6,5
2020-04-26,22,18,4
2020-04-26,31,13,18
2020-04-26,43,33,10
2020-04-26,45,29,16
2020-04-26,36,21,15
2020-04-26,59,30,29
2020-04-26,59,37,22
2020-04-26,42,15,27
2020-04-26,39,16,23
2020-04-26,23,14,9
2020-04-26,6,3,3
2020-04-26,8,2,6
2020-04-26,8,5,3
2020-04-26,4,2,2
2020-04-26,1,0,1
2020-04-27,0,0,0
2020-04-27,0,0,0
2020-04-27,1,0,1
2020-04-27,0,0,0
2020-04-27,1,1,0
2020-04-27,3,0,3
2020-04-27,12,5,7
2020-04-27,11,6,5
2020-04-27,15,9,6
2020-04-27,11,4,7
2020-04-27,14,9,5
2020-04-27,15,9,6
2020-04-27,22,12,10
2020-04-27,20,12,8
2020-04-27,25,12,13
2020-04-27,17,11,6
2020-04-27,28,18,10
2020-04-27,37,20,17
2020-04-27,29,20,9
2020-04-27,16,7,9
2020-04-27,9,3,6
2020-04-27,6,3,3
2020-04-27,5,2,3
2020-04-27,0,0,0
2020-04-28,0,0,0
2020-04-28,0,0,0
2020-04-28,0,0,0
2020-04-28,0,0,0
2020-04-28,1,1,0
2020-04-28,1,0,1
2020-04-28,13,4,9
2020-04-28,10,2,8
2020-04-28,18,12,6
2020-04-28,9,5,4
2020-04-28,6,4,2
2020-04-28,19,13,6
2020-04-28,30,13,17
2020-04-28,25,11,14
2020-04-28,26,14,12
2020-04-28,34,25,9
2020-04-28,28,17,11
2020-04-28,40,17,23
2020-04-28,17,11,6
2020-04-28,12,4,8
2020-04-28,9,4,5
2020-04-28,8,4,4
2020-04-28,2,1,1
2020-04-28,2,2,0
2020-04-29,2,1,1
2020-04-29,2,1,1
2020-04-29,0,0,0
2020-04-29,0,0,0
2020-04-29,0,0,0
2020-04-29,4,1,3
2020-04-29,12,5,7
2020-04-29,16,8,8
2020-04-29,16,8,8
2020-04-29,14,4,10
2020-04-29,16,7,9
2020-04-29,15,6,9
2020-04-29,18,11,7
2020-04-29,17,10,7
2020-04-29,28,17,11
2020-04-29,34,19,15
2020-04-29,36,22,14
2020-04-29,29,18,11
2020-04-29,20,8,12
2020-04-29,13,6,7
2020-04-29,6,3,3
2020-04-29,1,1,0
2020-04-29,5,1,4
2020-04-29,3,1,2
2020-04-30,1,1,0
2020-04-30,1,0,1
2020-04-30,0,0,0
2020-04-30,0,0,0
2020-04-30,0,0,0
2020-04-30,2,1,1
2020-04-30,14,6,8
2020-04-30,19,9,10
2020-04-30,23,11,12
2020-04-30,9,6,3
2020-04-30,12,8,4
2020-04-30,12,5,7
2020-04-30,20,3,17
2020-04-30,20,8,12
2020-04-30,20,10,10
2020-04-30,26,17,9
2020-04-30,35,22,13
2020-04-30,41,25,16
2020-04-30,31,18,13
2020-04-30,16,9,7
2020-04-30,10,3,7
2020-04-30,6,4,2
2020-04-30,5,1,4
2020-04-30,0,0,0
2020-05-01,0,0,0
2020-05-01,0,0,0
2020-05-01,0,0,0
2020-05-01,0,0,0
2020-05-01,1,0,1
2020-05-01,4,1,3
2020-05-01,7,3,4
2020-05-01,19,8,11
2020-05-01,15,12,3
2020-05-01,15,10,5
2020-05-01,25,18,7
2020-05-01,41,28,13
2020-05-01,29,11,18
2020-05-01,44,19,25
2020-05-01,55,20,35
2020-05-01,40,24,16
2020-05-01,43,25,18
2020-05-01,52,26,26
2020-05-01,26,18,8
2020-05-01,34,17,17
2020-05-01,13,6,7
2020-05-01,4,3,1
2020-05-01,7,2,5
2020-05-01,7,2,5
2020-05-02,1,1,0
2020-05-02,1,0,1
2020-05-02,1,0,1
2020-05-02,0,0,0
2020-05-02,0,0,0
2020-05-02,1,1,0
2020-05-02,3,2,1
2020-05-02,4,4,0
2020-05-02,3,0,3
2020-05-02,6,0,6
2020-05-02,5,0,5
2020-05-02,12,7,5
2020-05-02,1,0,1
2020-05-02,7,4,3
2020-05-02,11,6,5
2020-05-02,8,5,3
2020-05-02,4,1,3
2020-05-02,15,6,9
2020-05-02,18,15,3
2020-05-02,8,4,4
2020-05-02,0,0,0
2020-05-02,3,3,0
2020-05-02,2,1,1
2020-05-02,0,0,0
2020-05-03,0,0,0
2020-05-03,0,0,0
2020-05-03,0,0,0
2020-05-03,0,0,0
2020-05-03,0,0,0
2020-05-03,2,2,0
2020-05-03,3,2,1
2020-05-03,2,2,0
2020-05-03,4,1,3
2020-05-03,9,5,4
2020-05-03,23,10,13
2020-05-03,42,28,14
2020-05-03,48,32,16
2020-05-03,50,33,17
2020-05-03,52,31,21
2020-05-03,53,31,22
2020-05-03,35,10,25
2020-05-03,21,9,12
2020-05-03,17,6,11
2020-05-03,15,6,9
2020-05-03,3,2,1
2020-05-03,8,5,3
2020-05-03,2,1,1
2020-05-03,1,1,0
2020-05-04,0,0,0
2020-05-04,0,0,0
2020-05-04,0,0,0
2020-05-04,0,0,0
2020-05-04,1,0,1
2020-05-04,1,0,1
2020-05-04,20,7,13
2020-05-04,18,9,9
2020-05-04,20,12,8
2020-05-04,7,4,3
2020-05-04,17,7,10
2020-05-04,12,5,7
2020-05-04,21,9,12
2020-05-04,21,14,7
2020-05-04,37,25,12
2020-05-04,34,23,11
2020-05-04,34,22,12
2020-05-04,48,29,19
2020-05-04,24,9,15
2020-05-04,12,3,9
2020-05-04,9,5,4
2020-05-04,6,2,4
2020-05-04,2,1,1
2020-05-04,3,1,2
2020-05-05,2,0,2
2020-05-05,1,1,0
2020-05-05,0,0,0
2020-05-05,0,0,0
2020-05-05,2,1,1
2020-05-05,6,5,1
2020-05-05,18,3,15
2020-05-05,18,7,11
2020-05-05,26,13,13
2020-05-05,15,10,5
2020-05-05,13,8,5
2020-05-05,18,8,10
2020-05-05,20,11,9
2020-05-05,40,22,18
2020-05-05,38,22,16
2020-05-05,35,22,13
2020-05-05,48,31,17
2020-05-05,53,29,24
2020-05-05,32,16,16
2020-05-05,19,7,12
2020-05-05,8,0,8
2020-05-05,5,3,2
2020-05-05,4,1,3
2020-05-05,1,0,1
2020-05-06,1,1,0
2020-05-06,0,0,0
2020-05-06,2,0,2
2020-05-06,0,0,0
2020-05-06,2,1,1
2020-05-06,5,2,3
2020-05-06,15,2,13
2020-05-06,21,9,12
2020-05-06,10,4,6
2020-05-06,15,6,9
2020-05-06,12,8,4
2020-05-06,15,7,8
2020-05-06,19,13,6
2020-05-06,17,9,8
2020-05-06,11,8,3
2020-05-06,28,18,10
2020-05-06,32,19,13
2020-05-06,32,14,18
2020-05-06,33,20,13
2020-05-06,20,6,14
2020-05-06,9,4,5
2020-05-06,4,1,3
2020-05-06,0,0,0
2020-05-06,1,0,1
2020-05-07,1,0,1
2020-05-07,2,2,0
2020-05-07,1,0,1
2020-05-07,0,0,0
2020-05-07,1,0,1
2020-05-07,4,2,2
2020-05-07,20,7,13
2020-05-07,18,8,10
2020-05-07,20,12,8
2020-05-07,15,11,4
2020-05-07,20,12,8
2020-05-07,26,16,10
2020-05-07,27,16,11
2020-05-07,28,15,13
2020-05-07,37,21,16
2020-05-07,41,24,17
2020-05-07,48,30,18
2020-05-07,53,37,16
2020-05-07,35,18,17
2020-05-07,28,14,14
2020-05-07,16,11,5
2020-05-07,6,4,2
2020-05-07,2,0,2
2020-05-07,1,1,0
2020-05-08,0,0,0
2020-05-08,1,1,0
2020-05-08,0,0,0
2020-05-08,0,0,0
2020-05-08,4,3,1
2020-05-08,6,2,4
2020-05-08,21,6,15
2020-05-08,19,10,9
2020-05-08,21,13,8
2020-05-08,24,14,10
2020-05-08,12,6,6
2020-05-08,19,10,9
2020-05-08,27,11,16
2020-05-08,36,22,14
2020-05-08,43,29,14
2020-05-08,51,33,18
2020-05-08,48,21,27
2020-05-08,52,32,20
2020-05-08,43,18,25
2020-05-08,26,12,14
2020-05-08,10,2,8
2020-05-08,11,6,5
2020-05-08,0,0,0
2020-05-08,1,0,1
2020-05-09,1,0,1
2020-05-09,2,0,2
2020-05-09,1,0,1
2020-05-09,1,0,1
2020-05-09,0,0,0
2020-05-09,2,2,0
2020-05-09,4,3,1
2020-05-09,6,4,2
2020-05-09,15,8,7
2020-05-09,25,18,7
2020-05-09,37,32,5
2020-05-09,37,22,15
2020-05-09,64,41,23
2020-05-09,43,27,16
2020-05-09,49,21,28
2020-05-09,61,25,36
2020-05-09,44,24,20
2020-05-09,39,18,21
2020-05-09,17,9,8
2020-05-09,18,9,9
2020-05-09,14,4,10
2020-05-09,11,5,6
2020-05-09,7,4,3
2020-05-09,1,1,0
2020-05-10,0,0,0
2020-05-10,0,0,0
2020-05-10,1,0,1
2020-05-10,0,0,0
2020-05-10,1,1,0
2020-05-10,1,1,0
2020-05-10,5,3,2
2020-05-10,5,2,3
2020-05-10,7,1,6
2020-05-10,27,17,10
2020-05-10,35,16,19
2020-05-10,34,19,15
2020-05-10,54,30,24
2020-05-10,51,27,24
2020-05-10,50,29,21
2020-05-10,33,19,14
2020-05-10,22,11,11
2020-05-10,25,18,7
2020-05-10,27,16,11
2020-05-10,14,10,4
2020-05-10,15,2,13
2020-05-10,7,2,5
2020-05-10,2,0,2
2020-05-10,0,0,0
2020-05-11,0,0,0
2020-05-11,1,1,0
2020-05-11,0,0,0
2020-05-11,0,0,0
2020-05-11,1,1,0
2020-05-11,6,1,5
2020-05-11,21,6,15
2020-05-11,21,11,10
2020-05-11,16,8,8
2020-05-11,16,9,7
2020-05-11,13,5,8
2020-05-11,18,8,10
2020-05-11,27,16,11
2020-05-11,28,17,11
2020-05-11,25,17,8
2020-05-11,40,24,16
2020-05-11,42,18,24
2020-05-11,27,12,15
2020-05-11,22,13,9
2020-05-11,9,4,5
2020-05-11,9,3,6
2020-05-11,2,2,0
2020-05-11,5,3,2
2020-05-11,1,1,0
2020-05-12,0,0,0
2020-05-12,0,0,0
2020-05-12,2,0,2
2020-05-12,0,0,0
2020-05-12,0,0,0
2020-05-12,4,2,2
2020-05-12,21,6,15
2020-05-12,12,6,6
2020-05-12,17,8,9
2020-05-12,11,6,5
2020-05-12,12,7,5
2020-05-12,11,6,5
2020-05-12,17,9,8
2020-05-12,17,9,8
2020-05-12,12,8,4
2020-05-12,24,18,6
2020-05-12,38,26,12
2020-05-12,30,17,13
2020-05-12,14,8,6
2020-05-12,11,7,4
2020-05-12,9,4,5
2020-05-12,7,2,5
2020-05-12,2,1,1
2020-05-12,2,0,2
2020-05-13,3,0,3
2020-05-13,0,0,0
2020-05-13,0,0,0
2020-05-13,0,0,0
2020-05-13,1,1,0
2020-05-13,6,4,2
2020-05-13,14,2,12
2020-05-13,23,11,12
2020-05-13,17,4,13
2020-05-13,12,6,6
2020-05-13,12,5,7
2020-05-13,17,7,10
2020-05-13,19,10,9
2020-05-13,18,9,9
2020-05-13,24,16,8
2020-05-13,40,29,11
2020-05-13,30,16,14
2020-05-13,48,27,21
2020-05-13,46,30,16
2020-05-13,27,15,12
2020-05-13,16,6,10
2020-05-13,6,2,4
2020-05-13,5,1,4
2020-05-13,0,0,0
2020-05-14,0,0,0
2020-05-14,1,1,0
2020-05-14,0,0,0
2020-05-14,0,0,0
2020-05-14,2,2,0
2020-05-14,8,5,3
2020-05-14,18,6,12
2020-05-14,13,4,9
2020-05-14,15,8,7
2020-05-14,5,1,4
2020-05-14,13,9,4
2020-05-14,16,5,11
2020-05-14,16,10,6
2020-05-14,17,11,6
2020-05-14,23,14,9
2020-05-14,28,17,11
2020-05-14,37,25,12
2020-05-14,48,24,24
2020-05-14,26,18,8
2020-05-14,18,9,9
2020-05-14,10,6,4
2020-05-14,5,4,1
2020-05-14,1,0,1
2020-05-14,2,2,0
2020-05-15,1,1,0
2020-05-15,1,1,0
2020-05-15,1,0,1
2020-05-15,1,0,1
2020-05-15,0,0,0
2020-05-15,8,4,4
2020-05-15,18,5,13
2020-05-15,15,6,9
2020-05-15,22,10,12
2020-05-15,22,12,10
2020-05-15,19,7,12
2020-05-15,27,16,11
2020-05-15,30,16,14
2020-05-15,30,22,8
2020-05-15,38,26,12
2020-05-15,40,26,14
2020-05-15,39,21,18
2020-05-15,67,33,34
2020-05-15,54,28,26
2020-05-15,22,11,11
2020-05-15,21,13,8
2020-05-15,13,4,9
2020-05-15,2,2,0
2020-05-15,6,1,5
2020-05-16,0,0,0
2020-05-16,0,0,0
2020-05-16,1,1,0
2020-05-16,0,0,0
2020-05-16,0,0,0
2020-05-16,1,0,1
2020-05-16,5,3,2
2020-05-16,6,2,4
2020-05-16,7,3,4
2020-05-16,7,6,1
2020-05-16,10,4,6
2020-05-16,11,7,4
2020-05-16,12,5,7
2020-05-16,12,7,5
2020-05-16,18,8,10
2020-05-16,6,4,2
2020-05-16,7,2,5
2020-05-16,13,7,6
2020-05-16,12,8,4
2020-05-16,3,2,1
2020-05-16,3,0,3
2020-05-16,5,4,1
2020-05-16,4,1,3
2020-05-16,2,1,1
2020-05-17,0,0,0
2020-05-17,0,0,0
2020-05-17,0,0,0
2020-05-17,0,0,0
2020-05-17,0,0,0
2020-05-17,0,0,0
2020-05-17,2,2,0
2020-05-17,5,3,2
2020-05-17,15,9,6
2020-05-17,14,5,9
2020-05-17,12,4,8
2020-05-17,26,10,16
2020-05-17,53,36,17
2020-05-17,42,18,24
2020-05-17,52,34,18
2020-05-17,49,32,17
2020-05-17,49,20,29
2020-05-17,19,4,15
2020-05-17,31,14,17
2020-05-17,18,10,8
2020-05-17,7,3,4
2020-05-17,4,3,1
2020-05-17,3,1,2
2020-05-17,4,0,4
2020-05-18,3,1,2
2020-05-18,0,0,0
2020-05-18,1,0,1
2020-05-18,0,0,0
2020-05-18,1,1,0
2020-05-18,5,3,2
2020-05-18,16,5,11
2020-05-18,23,10,13
2020-05-18,19,7,12
2020-05-18,19,10,9
2020-05-18,11,6,5
2020-05-18,29,16,13
2020-05-18,19,7,12
2020-05-18,23,14,9
2020-05-18,34,20,14
2020-05-18,19,10,9
2020-05-18,36,22,14
2020-05-18,38,17,21
2020-05-18,40,25,15
2020-05-18,15,8,7
2020-05-18,13,8,5
2020-05-18,4,2,2
2020-05-18,7,3,4
2020-05-18,3,2,1
2020-05-19,1,0,1
2020-05-19,0,0,0
2020-05-19,2,2,0
2020-05-19,1,1,0
2020-05-19,2,1,1
2020-05-19,7,3,4
2020-05-19,24,6,18
2020-05-19,23,7,16
2020-05-19,23,11,12
2020-05-19,25,14,11
2020-05-19,14,10,4
2020-05-19,19,9,10
2020-05-19,20,9,11
2020-05-19,25,7,18
2020-05-19,23,16,7
2020-05-19,41,21,20
2020-05-19,30,23,7
2020-05-19,48,22,26
2020-05-19,41,22,19
2020-05-19,17,10,7
2020-05-19,12,6,6
2020-05-19,4,2,2
2020-05-19,1,0,1
2020-05-19,4,2,2
2020-05-20,4,1,3
2020-05-20,1,0,1
2020-05-20,1,0,1
2020-05-20,0,0,0
2020-05-20,1,1,0
2020-05-20,8,6,2
2020-05-20,19,6,13
2020-05-20,18,5,13
2020-05-20,19,9,10
2020-05-20,15,9,6
2020-05-20,13,8,5
2020-05-20,17,9,8
2020-05-20,21,5,16
2020-05-20,27,14,13
2020-05-20,17,8,9
2020-05-20,20,12,8
2020-05-20,30,14,16
2020-05-20,40,19,21
2020-05-20,21,14,7
2020-05-20,3,2,1
2020-05-20,4,2,2
2020-05-20,7,3,4
2020-05-20,6,2,4
2020-05-20,3,1,2
2020-05-21,0,0,0
2020-05-21,0,0,0
2020-05-21,0,0,0
2020-05-21,0,0,0
2020-05-21,0,0,0
2020-05-21,4,2,2
2020-05-21,16,3,13
2020-05-21,13,5,8
2020-05-21,18,10,8
2020-05-21,9,5,4
2020-05-21,4,1,3
2020-05-21,13,9,4
2020-05-21,12,4,8
2020-05-21,20,13,7
2020-05-21,18,13,5
2020-05-21,16,13,3
2020-05-21,25,16,9
2020-05-21,20,8,12
2020-05-21,15,9,6
2020-05-21,3,1,2
2020-05-21,5,2,3
2020-05-21,5,4,1
2020-05-21,3,2,1
2020-05-21,3,0,3
2020-05-22,2,1,1
2020-05-22,0,0,0
2020-05-22,0,0,0
2020-05-22,1,1,0
2020-05-22,0,0,0
2020-05-22,2,1,1
2020-05-22,22,10,12
2020-05-22,24,7,17
2020-05-22,25,19,6
2020-05-22,20,12,8
2020-05-22,13,7,6
2020-05-22,30,19,11
2020-05-22,32,14,18
2020-05-22,40,24,16
2020-05-22,41,24,17
2020-05-22,39,28,11
2020-05-22,41,23,18
2020-05-22,42,24,18
2020-05-22,23,13,10
2020-05-22,8,5,3
2020-05-22,5,3,2
2020-05-22,1,1,0
2020-05-22,0,0,0
2020-05-22,0,0,0
2020-05-23,2,0,2
2020-05-23,1,0,1
2020-05-23,0,0,0
2020-05-23,0,0,0
2020-05-23,1,0,1
2020-05-23,0,0,0
2020-05-23,5,4,1
2020-05-23,9,6,3
2020-05-23,14,7,7
2020-05-23,13,10,3
2020-05-23,14,6,8
2020-05-23,55,39,16
2020-05-23,28,16,12
2020-05-23,41,32,9
2020-05-23,50,28,22
2020-05-23,48,22,26
2020-05-23,48,22,26
2020-05-23,33,17,16
2020-05-23,35,24,11
2020-05-23,26,10,16
2020-05-23,10,6,4
2020-05-23,7,3,4
2020-05-23,4,1,3
2020-05-23,3,0,3
2020-05-24,1,1,0
2020-05-24,0,0,0
2020-05-24,2,1,1
2020-05-24,0,0,0
2020-05-24,1,0,1
2020-05-24,0,0,0
2020-05-24,5,4,1
2020-05-24,4,1,3
2020-05-24,9,6,3
2020-05-24,19,15,4
2020-05-24,20,15,5
2020-05-24,32,18,14
2020-05-24,46,31,15
2020-05-24,43,22,21
2020-05-24,63,26,37
2020-05-24,47,23,24
2020-05-24,53,28,25
2020-05-24,48,19,29
2020-05-24,37,18,19
2020-05-24,17,4,13
2020-05-24,16,6,10
2020-05-24,3,3,0
2020-05-24,4,1,3
2020-05-24,2,1,1
2020-05-25,0,0,0
2020-05-25,0,0,0
2020-05-25,0,0,0
2020-05-25,0,0,0
2020-05-25,0,0,0
2020-05-25,1,1,0
2020-05-25,4,3,1
2020-05-25,4,1,3
2020-05-25,1,0,1
2020-05-25,5,2,3
2020-05-25,6,4,2
2020-05-25,8,6,2
2020-05-25,7,5,2
2020-05-25,13,7,6
2020-05-25,15,7,8
2020-05-25,9,4,5
2020-05-25,8,3,5
2020-05-25,18,8,10
2020-05-25,16,9,7
2020-05-25,10,5,5
2020-05-25,13,9,4
2020-05-25,1,0,1
2020-05-25,4,1,3
2020-05-25,1,1,0
2020-05-26,0,0,0
2020-05-26,0,0,0
2020-05-26,0,0,0
2020-05-26,0,0,0
2020-05-26,1,1,0
2020-05-26,6,2,4
2020-05-26,26,6,20
2020-05-26,15,6,9
2020-05-26,10,7,3
2020-05-26,8,6,2
2020-05-26,12,6,6
2020-05-26,17,6,11
2020-05-26,19,10,9
2020-05-26,20,10,10
2020-05-26,14,8,6
2020-05-26,41,29,12
2020-05-26,38,18,20
2020-05-26,44,22,22
2020-05-26,34,16,18
2020-05-26,25,16,9
2020-05-26,12,8,4
2020-05-26,9,5,4
2020-05-26,4,1,3
2020-05-26,2,1,1
2020-05-27,0,0,0
2020-05-27,0,0,0
2020-05-27,0,0,0
2020-05-27,0,0,0
2020-05-27,0,0,0
2020-05-27,4,3,1
2020-05-27,30,8,22
2020-05-27,29,12,17
2020-05-27,25,11,14
2020-05-27,19,8,11
2020-05-27,17,12,5
2020-05-27,24,12,12
2020-05-27,41,20,21
2020-05-27,32,24,8
2020-05-27,47,26,21
2020-05-27,35,25,10
2020-05-27,66,34,32
2020-05-27,52,29,23
2020-05-27,57,31,26
2020-05-27,17,10,7
2020-05-27,24,11,13
2020-05-27,13,5,8
2020-05-27,4,2,2
2020-05-27,2,1,1
2020-05-28,0,0,0
2020-05-28,4,3,1
2020-05-28,0,0,0
2020-05-28,0,0,0
2020-05-28,2,1,1
2020-05-28,8,4,4
2020-05-28,26,6,20
2020-05-28,30,12,18
2020-05-28,26,11,15
2020-05-28,23,9,14
2020-05-28,11,5,6
2020-05-28,22,11,11
2020-05-28,21,13,8
2020-05-28,38,23,15
2020-05-28,33,20,13
2020-05-28,40,23,17
2020-05-28,58,39,19
2020-05-28,57,33,24
2020-05-28,35,20,15
2020-05-28,34,16,18
2020-05-28,16,3,13
2020-05-28,7,6,1
2020-05-28,8,3,5
2020-05-28,3,1,2
2020-05-29,1,0,1
2020-05-29,1,0,1
2020-05-29,0,0,0
2020-05-29,0,0,0
2020-05-29,0,0,0
2020-05-29,7,3,4
2020-05-29,22,8,14
2020-05-29,29,12,17
2020-05-29,33,16,17
2020-05-29,25,11,14
2020-05-29,22,7,15
2020-05-29,27,11,16
2020-05-29,31,15,16
2020-05-29,35,21,14
2020-05-29,38,27,11
2020-05-29,36,25,11
2020-05-29,51,18,33
2020-05-29,65,36,29
2020-05-29,56,32,24
2020-05-29,29,12,17
2020-05-29,23,9,14
2020-05-29,11,4,7
2020-05-29,7,4,3
2020-05-29,2,2,0
2020-05-30,3,0,3
2020-05-30,0,0,0
2020-05-30,2,1,1
2020-05-30,1,1,0
2020-05-30,1,0,1
2020-05-30,1,0,1
2020-05-30,6,4,2
2020-05-30,4,1,3
2020-05-30,3,0,3
2020-05-30,4,0,4
2020-05-30,2,1,1
2020-05-30,4,3,1
2020-05-30,12,5,7
2020-05-30,10,3,7
2020-05-30,15,3,12
2020-05-30,14,4,10
2020-05-30,22,19,3
2020-05-30,15,13,2
2020-05-30,5,3,2
2020-05-30,0,0,0
2020-05-30,3,0,3
2020-05-30,1,1,0
2020-05-30,0,0,0
2020-05-30,1,0,1
2020-05-31,0,0,0
2020-05-31,0,0,0
2020-05-31,0,0,0
2020-05-31,0,0,0
2020-05-31,0,0,0
2020-05-31,1,0,1
2020-05-31,2,0,2
2020-05-31,2,1,1
2020-05-31,5,0,5
2020-05-31,9,3,6
2020-05-31,11,6,5
2020-05-31,22,8,14
2020-05-31,15,9,6
2020-05-31,36,19,17
2020-05-31,44,21,23
2020-05-31,46,31,15
2020-05-31,41,18,23
2020-05-31,23,9,14
2020-05-31,14,3,11
2020-05-31,9,5,4
2020-05-31,7,4,3
2020-05-31,5,3,2
2020-05-31,2,1,1
2020-05-31,1,1,0
2020-06-01,1,1,0
2020-06-01,0,0,0
2020-06-01,0,0,0
2020-06-01,0,0,0
2020-06-01,1,1,0
2020-06-01,9,6,3
2020-06-01,29,11,18
2020-06-01,34,12,22
2020-06-01,25,12,13
2020-06-01,23,11,12
2020-06-01,13,7,6
2020-06-01,21,9,12
2020-06-01,29,14,15
2020-06-01,32,20,12
2020-06-01,35,16,19
2020-06-01,43,23,20
2020-06-01,87,57,30
2020-06-01,47,23,24
2020-06-01,23,12,11
2020-06-01,9,1,8
2020-06-01,8,7,1
2020-06-01,6,0,6
2020-06-01,10,6,4
2020-06-01,4,1,3
2020-06-02,3,2,1
2020-06-02,0,0,0
2020-06-02,0,0,0
2020-06-02,0,0,0
2020-06-02,1,1,0
2020-06-02,10,5,5
2020-06-02,30,10,20
2020-06-02,28,9,19
2020-06-02,23,11,12
2020-06-02,15,10,5
2020-06-02,11,8,3
2020-06-02,16,10,6
2020-06-02,23,13,10
2020-06-02,23,18,5
2020-06-02,39,24,15
2020-06-02,84,50,34
2020-06-02,26,16,10
2020-06-02,51,30,21
2020-06-02,27,10,17
2020-06-02,10,5,5
2020-06-02,10,5,5
2020-06-02,7,4,3
2020-06-02,3,1,2
2020-06-02,4,2,2
2020-06-03,0,0,0
2020-06-03,0,0,0
2020-06-03,1,0,1
2020-06-03,0,0,0
2020-06-03,1,1,0
2020-06-03,12,5,7
2020-06-03,26,9,17
2020-06-03,34,15,19
2020-06-03,25,11,14
2020-06-03,18,10,8
2020-06-03,14,10,4
2020-06-03,26,13,13
2020-06-03,15,10,5
2020-06-03,24,12,12
2020-06-03,31,16,15
2020-06-03,42,21,21
2020-06-03,36,20,16
2020-06-03,41,20,21
2020-06-03,35,20,15
2020-06-03,16,9,7
2020-06-03,13,4,9
2020-06-03,4,3,1
2020-06-03,1,0,1
2020-06-03,3,2,1
2020-06-04,3,1,2
2020-06-04,1,0,1
2020-06-04,0,0,0
2020-06-04,0,0,0
2020-06-04,1,1,0
2020-06-04,6,2,4
2020-06-04,26,5,21
2020-06-04,28,11,17
2020-06-04,29,13,16
2020-06-04,17,9,8
2020-06-04,10,6,4
2020-06-04,16,8,8
2020-06-04,23,13,10
2020-06-04,23,10,13
2020-06-04,32,20,12
2020-06-04,28,19,9
2020-06-04,37,23,14
2020-06-04,40,18,22
2020-06-04,42,23,19
2020-06-04,20,7,13
2020-06-04,19,7,12
2020-06-04,6,4,2
2020-06-04,1,0,1
2020-06-04,3,2,1
2020-06-05,2,0,2
2020-06-05,0,0,0
2020-06-05,1,0,1
2020-06-05,0,0,0
2020-06-05,0,0,0
2020-06-05,10,4,6
2020-06-05,18,7,11
2020-06-05,24,9,15
2020-06-05,27,14,13
2020-06-05,31,19,12
2020-06-05,19,12,7
2020-06-05,33,16,17
2020-06-05,31,17,14
2020-06-05,34,16,18
2020-06-05,22,12,10
2020-06-05,28,15,13
2020-06-05,43,26,17
2020-06-05,53,27,26
2020-06-05,27,11,16
2020-06-05,15,7,8
2020-06-05,11,4,7
2020-06-05,7,4,3
2020-06-05,4,1,3
2020-06-05,1,1,0
2020-06-06,0,0,0
2020-06-06,0,0,0
2020-06-06,0,0,0
2020-06-06,0,0,0
2020-06-06,1,0,1
2020-06-06,0,0,0
2020-06-06,4,2,2
2020-06-06,10,5,5
2020-06-06,10,6,4
2020-06-06,18,12,6
2020-06-06,40,26,14
2020-06-06,84,49,35
2020-06-06,39,27,12
2020-06-06,38,19,19
2020-06-06,48,20,28
2020-06-06,18,7,11
2020-06-06,18,11,7
2020-06-06,25,17,8
2020-06-06,18,8,10
2020-06-06,11,8,3
2020-06-06,8,4,4
2020-06-06,5,1,4
2020-06-06,1,0,1
2020-06-06,1,0,1
2020-06-07,3,1,2
2020-06-07,2,2,0
2020-06-07,1,0,1
2020-06-07,0,0,0
2020-06-07,1,0,1
2020-06-07,1,1,0
2020-06-07,1,0,1
2020-06-07,2,0,2
2020-06-07,6,3,3
2020-06-07,7,2,5
2020-06-07,12,5,7
2020-06-07,13,5,8
2020-06-07,15,11,4
2020-06-07,28,17,11
2020-06-07,18,11,7
2020-06-07,26,12,14
2020-06-07,33,22,11
2020-06-07,26,10,16
2020-06-07,21,11,10
2020-06-07,8,0,8
2020-06-07,6,2,4
2020-06-07,5,0,5
2020-06-07,2,0,2
2020-06-07,2,1,1
2020-06-08,2,2,0
2020-06-08,1,0,1
2020-06-08,0,0,0
2020-06-08,0,0,0
2020-06-08,1,1,0
2020-06-08,3,2,1
2020-06-08,26,5,21
2020-06-08,20,3,17
2020-06-08,21,11,10
2020-06-08,15,6,9
2020-06-08,12,6,6
2020-06-08,11,7,4
2020-06-08,20,15,5
2020-06-08,26,12,14
2020-06-08,28,18,10
2020-06-08,31,18,13
2020-06-08,36,17,19
2020-06-08,56,23,33
2020-06-08,29,19,10
2020-06-08,17,5,12
2020-06-08,13,5,8
2020-06-08,5,2,3
2020-06-08,8,6,2
2020-06-08,2,0,2
2020-06-09,1,1,0
2020-06-09,0,0,0
2020-06-09,1,0,1
2020-06-09,1,1,0
2020-06-09,0,0,0
2020-06-09,5,2,3
2020-06-09,14,6,8
2020-06-09,17,7,10
2020-06-09,12,5,7
2020-06-09,7,6,1
2020-06-09,6,3,3
2020-06-09,12,9,3
2020-06-09,7,2,5
2020-06-09,13,7,6
2020-06-09,18,11,7
2020-06-09,22,12,10
2020-06-09,24,16,8
2020-06-09,21,9,12
2020-06-09,18,9,9
2020-06-09,10,8,2
2020-06-09,5,2,3
2020-06-09,8,5,3
2020-06-09,2,1,1
2020-06-09,5,1,4
2020-06-10,1,1,0
2020-06-10,2,2,0
2020-06-10,1,0,1
2020-06-10,0,0,0
2020-06-10,2,1,1
2020-06-10,11,5,6
2020-06-10,23,9,14
2020-06-10,27,8,19
2020-06-10,22,12,10
2020-06-10,16,7,9
2020-06-10,15,6,9
2020-06-10,28,17,11
2020-06-10,29,15,14
2020-06-10,31,17,14
2020-06-10,40,25,15
2020-06-10,34,21,13
2020-06-10,62,40,22
2020-06-10,54,26,28
2020-06-10,42,22,20
2020-06-10,35,13,22
2020-06-10,17,7,10
2020-06-10,12,6,6
2020-06-10,5,3,2
2020-06-10,2,1,1
2020-06-11,2,2,0
2020-06-11,5,1,4
2020-06-11,3,1,2
2020-06-11,1,0,1
2020-06-11,1,1,0
2020-06-11,7,4,3
2020-06-11,24,7,17
2020-06-11,29,11,18
2020-06-11,18,7,11
2020-06-11,15,9,6
2020-06-11,16,9,7
2020-06-11,35,24,11
2020-06-11,14,7,7
2020-06-11,21,11,10
2020-06-11,28,15,13
2020-06-11,37,19,18
2020-06-11,38,20,18
2020-06-11,36,18,18
2020-06-11,40,26,14
2020-06-11,20,11,9
2020-06-11,11,2,9
2020-06-11,13,6,7
2020-06-11,2,1,1
2020-06-11,3,1,2
2020-06-12,0,0,0
2020-06-12,2,2,0
2020-06-12,0,0,0
2020-06-12,1,0,1
2020-06-12,3,2,1
2020-06-12,3,1,2
2020-06-12,19,5,14
2020-06-12,22,6,16
2020-06-12,14,6,8
2020-06-12,10,5,5
2020-06-12,11,6,5
2020-06-12,20,11,9
2020-06-12,30,23,7
2020-06-12,46,36,10
2020-06-12,26,23,3
2020-06-12,20,13,7
2020-06-12,34,14,20
2020-06-12,73,24,49
2020-06-12,33,8,25
2020-06-12,14,3,11
2020-06-12,14,7,7
2020-06-12,4,0,4
2020-06-12,1,1,0
2020-06-12,4,2,2
2020-06-13,5,4,1
2020-06-13,0,0,0
2020-06-13,2,0,2
2020-06-13,0,0,0
2020-06-13,1,0,1
2020-06-13,1,1,0
2020-06-13,5,4,1
2020-06-13,6,3,3
2020-06-13,6,2,4
2020-06-13,13,8,5
2020-06-13,19,15,4
2020-06-13,22,11,11
2020-06-13,31,15,16
2020-06-13,19,9,10
2020-06-13,24,14,10
2020-06-13,19,10,9
2020-06-13,21,13,8
2020-06-13,9,2,7
2020-06-13,26,10,16
2020-06-13,20,11,9
2020-06-13,5,4,1
2020-06-13,6,4,2
2020-06-13,3,1,2
2020-06-13,1,0,1
2020-06-14,1,1,0
2020-06-14,1,0,1
2020-06-14,1,1,0
2020-06-14,2,2,0
2020-06-14,1,0,1
2020-06-14,0,0,0
2020-06-14,3,3,0
2020-06-14,1,0,1
2020-06-14,9,5,4
2020-06-14,24,15,9
2020-06-14,26,15,11
2020-06-14,28,21,7
2020-06-14,48,31,17
2020-06-14,26,18,8
2020-06-14,43,24,19
2020-06-14,36,17,19
2020-06-14,39,19,20
2020-06-14,56,29,27
2020-06-14,19,14,5
2020-06-14,10,4,6
2020-06-14,17,7,10
2020-06-14,10,3,7
2020-06-14,7,3,4
2020-06-14,1,1,0
2020-06-15,3,2,1
2020-06-15,1,1,0
2020-06-15,2,1,1
2020-06-15,1,1,0
2020-06-15,1,1,0
2020-06-15,6,3,3
2020-06-15,15,5,10
2020-06-15,20,4,16
2020-06-15,13,5,8
2020-06-15,12,4,8
2020-06-15,6,3,3
2020-06-15,10,5,5
2020-06-15,13,5,8
2020-06-15,17,7,10
2020-06-15,17,9,8
2020-06-15,20,14,6
2020-06-15,29,20,9
2020-06-15,35,21,14
2020-06-15,20,11,9
2020-06-15,13,7,6
2020-06-15,10,5,5
2020-06-15,2,1,1
2020-06-15,0,0,0
2020-06-15,2,1,1
2020-06-16,0,0,0
2020-06-16,0,0,0
2020-06-16,0,0,0
2020-06-16,0,0,0
2020-06-16,1,1,0
2020-06-16,9,2,7
2020-06-16,18,7,11
2020-06-16,23,11,12
2020-06-16,22,11,11
2020-06-16,22,11,11
2020-06-16,13,8,5
2020-06-16,19,13,6
2020-06-16,23,12,11
2020-06-16,32,13,19
2020-06-16,30,16,14
2020-06-16,32,18,14
2020-06-16,64,44,20
2020-06-16,49,29,20
2020-06-16,42,29,13
2020-06-16,21,9,12
2020-06-16,13,5,8
2020-06-16,4,0,4
2020-06-16,4,0,4
2020-06-16,3,2,1
2020-06-17,0,0,0
2020-06-17,0,0,0
2020-06-17,0,0,0
2020-06-17,3,1,2
2020-06-17,1,0,1
2020-06-17,18,10,8
2020-06-17,25,11,14
2020-06-17,34,16,18
2020-06-17,44,21,23
2020-06-17,26,12,14
2020-06-17,19,9,10
2020-06-17,22,10,12
2020-06-17,31,16,15
2020-06-17,33,22,11
2020-06-17,38,20,18
2020-06-17,37,22,15
2020-06-17,75,47,28
2020-06-17,67,36,31
2020-06-17,35,23,12
2020-06-17,36,19,17
2020-06-17,12,6,6
2020-06-17,18,6,12
2020-06-17,8,1,7
2020-06-17,4,1,3
2020-06-18,2,1,1
2020-06-18,0,0,0
2020-06-18,1,0,1
2020-06-18,0,0,0
2020-06-18,2,1,1
2020-06-18,8,1,7
2020-06-18,27,8,19
2020-06-18,31,13,18
2020-06-18,38,17,21
2020-06-18,21,5,16
2020-06-18,11,4,7
2020-06-18,26,11,15
2020-06-18,43,24,19
2020-06-18,28,13,15
2020-06-18,49,31,18
2020-06-18,43,28,15
2020-06-18,50,26,24
2020-06-18,53,29,24
2020-06-18,38,23,15
2020-06-18,26,15,11
2020-06-18,23,9,14
2020-06-18,7,2,5
2020-06-18,10,8,2
2020-06-18,2,0,2
2020-06-19,1,0,1
2020-06-19,0,0,0
2020-06-19,0,0,0
2020-06-19,1,0,1
2020-06-19,1,1,0
2020-06-19,14,6,8
2020-06-19,20,3,17
2020-06-19,40,17,23
2020-06-19,34,15,19
2020-06-19,26,17,9
2020-06-19,17,9,8
2020-06-19,33,18,15
2020-06-19,41,23,18
2020-06-19,37,21,16
2020-06-19,48,33,15
2020-06-19,45,29,16
2020-06-19,53,31,22
2020-06-19,54,24,30
2020-06-19,32,22,10
2020-06-19,24,14,10
2020-06-19,12,3,9
2020-06-19,9,6,3
2020-06-19,5,2,3
2020-06-19,2,1,1
2020-06-20,2,2,0
2020-06-20,1,1,0
2020-06-20,3,0,3
2020-06-20,0,0,0
2020-06-20,1,0,1
2020-06-20,0,0,0
2020-06-20,2,1,1
2020-06-20,1,0,1
2020-06-20,7,2,5
2020-06-20,13,6,7
2020-06-20,18,12,6
2020-06-20,23,14,9
2020-06-20,20,12,8
2020-06-20,50,18,32
2020-06-20,34,27,7
2020-06-20,27,13,14
2020-06-20,29,14,15
2020-06-20,30,13,17
2020-06-20,22,10,12
2020-06-20,9,3,6
2020-06-20,12,7,5
2020-06-20,17,11,6
2020-06-20,4,3,1
2020-06-20,5,2,3
2020-06-21,6,2,4
2020-06-21,0,0,0
2020-06-21,1,1,0
2020-06-21,0,0,0
2020-06-21,1,0,1
2020-06-21,0,0,0
2020-06-21,2,1,1
2020-06-21,2,1,1
2020-06-21,6,2,4
2020-06-21,5,2,3
2020-06-21,21,12,9
2020-06-21,17,8,9
2020-06-21,31,17,14
2020-06-21,28,19,9
2020-06-21,35,17,18
2020-06-21,20,11,9
2020-06-21,45,25,20
2020-06-21,36,12,24
2020-06-21,30,16,14
2020-06-21,18,7,11
2020-06-21,15,1,14
2020-06-21,6,2,4
2020-06-21,9,4,5
2020-06-21,3,1,2
2020-06-22,2,2,0
2020-06-22,0,0,0
2020-06-22,0,0,0
2020-06-22,0,0,0
2020-06-22,2,2,0
2020-06-22,11,3,8
2020-06-22,26,5,21
2020-06-22,31,11,20
2020-06-22,24,13,11
2020-06-22,28,12,16
2020-06-22,18,14,4
2020-06-22,22,12,10
2020-06-22,34,22,12
2020-06-22,32,16,16
2020-06-22,33,20,13
2020-06-22,38,28,10
2020-06-22,47,31,16
2020-06-22,64,40,24
2020-06-22,42,23,19
2020-06-22,29,14,15
2020-06-22,14,5,9
2020-06-22,7,4,3
2020-06-22,4,3,1
2020-06-22,2,0,2
2020-06-23,3,0,3
2020-06-23,2,2,0
2020-06-23,1,1,0
2020-06-23,0,0,0
2020-06-23,0,0,0
2020-06-23,14,5,9
2020-06-23,23,9,14
2020-06-23,33,12,21
2020-06-23,40,18,22
2020-06-23,17,12,5
2020-06-23,24,12,12
2020-06-23,23,13,10
2020-06-23,30,19,11
2020-06-23,26,13,13
2020-06-23,21,11,10
2020-06-23,46,23,23
2020-06-23,59,38,21
2020-06-23,63,36,27
2020-06-23,43,27,16
2020-06-23,32,17,15
2020-06-23,17,9,8
2020-06-23,7,3,4
2020-06-23,7,4,3
2020-06-23,7,5,2
2020-06-24,4,4,0
2020-06-24,1,1,0
2020-06-24,0,0,0
2020-06-24,1,0,1
2020-06-24,0,0,0
2020-06-24,7,2,5
2020-06-24,28,11,17
2020-06-24,35,12,23
2020-06-24,41,18,23
2020-06-24,25,9,16
2020-06-24,26,12,14
2020-06-24,25,13,12
2020-06-24,19,6,13
2020-06-24,23,11,12
2020-06-24,29,22,7
2020-06-24,31,18,13
2020-06-24,57,30,27
2020-06-24,56,44,12
2020-06-24,46,29,17
2020-06-24,27,16,11
2020-06-24,23,9,14
2020-06-24,9,2,7
2020-06-24,4,3,1
2020-06-24,1,0,1
2020-06-25,2,1,1
2020-06-25,2,1,1
2020-06-25,2,0,2
2020-06-25,0,0,0
2020-06-25,0,0,0
2020-06-25,11,3,8
2020-06-25,25,5,20
2020-06-25,43,17,26
2020-06-25,25,12,13
2020-06-25,18,8,10
2020-06-25,28,14,14
2020-06-25,24,15,9
2020-06-25,32,22,10
2020-06-25,46,23,23
2020-06-25,33,21,12
2020-06-25,36,22,14
2020-06-25,59,40,19
2020-06-25,66,38,28
2020-06-25,47,28,19
2020-06-25,33,18,15
2020-06-25,20,12,8
2020-06-25,15,4,11
2020-06-25,12,0,12
2020-06-25,5,3,2
2020-06-26,6,1,5
2020-06-26,1,0,1
2020-06-26,0,0,0
2020-06-26,0,0,0
2020-06-26,0,0,0
2020-06-26,9,5,4
2020-06-26,15,3,12
2020-06-26,23,10,13
2020-06-26,49,22,27
2020-06-26,29,15,14
2020-06-26,22,8,14
2020-06-26,33,16,17
2020-06-26,38,20,18
2020-06-26,33,20,13
2020-06-26,36,19,17
2020-06-26,39,23,16
2020-06-26,49,28,21
2020-06-26,60,31,29
2020-06-26,47,25,22
2020-06-26,37,18,19
2020-06-26,12,4,8
2020-06-26,5,0,5
2020-06-26,6,2,4
2020-06-26,6,4,2
2020-06-27,5,3,2
2020-06-27,3,2,1
2020-06-27,0,0,0
2020-06-27,0,0,0
2020-06-27,0,0,0
2020-06-27,0,0,0
2020-06-27,2,1,1
2020-06-27,6,3,3
2020-06-27,6,5,1
2020-06-27,5,4,1
2020-06-27,18,14,4
2020-06-27,14,4,10
2020-06-27,12,7,5
2020-06-27,10,4,6
2020-06-27,14,6,8
2020-06-27,14,7,7
2020-06-27,15,11,4
2020-06-27,20,12,8
2020-06-27,12,7,5
2020-06-27,6,1,5
2020-06-27,3,2,1
2020-06-27,5,1,4
2020-06-27,0,0,0
2020-06-27,1,0,1
2020-06-28,1,1,0
2020-06-28,0,0,0
2020-06-28,0,0,0
2020-06-28,0,0,0
2020-06-28,0,0,0
2020-06-28,1,0,1
2020-06-28,2,2,0
2020-06-28,4,2,2
2020-06-28,3,0,3
2020-06-28,5,4,1
2020-06-28,8,7,1
2020-06-28,22,15,7
2020-06-28,31,16,15
2020-06-28,23,13,10
2020-06-28,45,25,20
2020-06-28,45,19,26
2020-06-28,39,13,26
2020-06-28,32,17,15
2020-06-28,35,18,17
2020-06-28,17,7,10
2020-06-28,13,10,3
2020-06-28,7,3,4
2020-06-28,7,4,3
2020-06-28,2,0,2
2020-06-29,4,2,2
2020-06-29,1,0,1
2020-06-29,0,0,0
2020-06-29,0,0,0
2020-06-29,0,0,0
2020-06-29,13,6,7
2020-06-29,16,6,10
2020-06-29,38,13,25
2020-06-29,35,15,20
2020-06-29,22,11,11
2020-06-29,10,4,6
2020-06-29,17,9,8
2020-06-29,25,12,13
2020-06-29,28,15,13
2020-06-29,42,26,16
2020-06-29,32,22,10
2020-06-29,55,34,21
2020-06-29,61,35,26
2020-06-29,50,28,22
2020-06-29,17,8,9
2020-06-29,13,7,6
2020-06-29,10,4,6
2020-06-29,4,1,3
2020-06-29,4,1,3
2020-06-30,2,1,1
2020-06-30,0,0,0
2020-06-30,1,1,0
2020-06-30,1,0,1
2020-06-30,0,0,0
2020-06-30,13,5,8
2020-06-30,13,3,10
2020-06-30,27,7,20
2020-06-30,22,10,12
2020-06-30,12,9,3
2020-06-30,11,5,6
2020-06-30,19,8,11
2020-06-30,22,13,9
2020-06-30,25,12,13
2020-06-30,34,17,17
2020-06-30,22,16,6
2020-06-30,32,17,15
2020-06-30,51,28,23
2020-06-30,26,14,12
2020-06-30,12,7,5
2020-06-30,7,3,4
2020-06-30,7,2,5
2020-06-30,2,0,2
2020-06-30,4,4,0
2020-07-01,1,1,0
2020-07-01,1,1,0
2020-07-01,0,0,0
2020-07-01,1,0,1
2020-07-01,1,0,1
2020-07-01,10,6,4
2020-07-01,14,12,2
2020-07-01,26,19,7
2020-07-01,31,13,18
2020-07-01,25,12,13
2020-07-01,16,5,11
2020-07-01,20,9,11
2020-07-01,32,18,14
2020-07-01,23,10,13
2020-07-01,30,8,22
2020-07-01,46,18,28
2020-07-01,41,22,19
2020-07-01,53,28,25
2020-07-01,32,16,16
2020-07-01,13,1,12
2020-07-01,11,1,10
2020-07-01,15,11,4
2020-07-01,5,3,2
2020-07-01,1,1,0
2020-07-02,2,2,0
2020-07-02,0,0,0
2020-07-02,0,0,0
2020-07-02,0,0,0
2020-07-02,1,0,1
2020-07-02,9,8,1
2020-07-02,15,13,2
2020-07-02,37,21,16
2020-07-02,27,11,16
2020-07-02,26,15,11
2020-07-02,23,8,15
2020-07-02,26,11,15
2020-07-02,26,15,11
2020-07-02,18,11,7
2020-07-02,35,15,20
2020-07-02,49,16,33
2020-07-02,41,13,28
2020-07-02,45,19,26
2020-07-02,39,13,26
2020-07-02,30,15,15
2020-07-02,12,6,6
2020-07-02,11,6,5
2020-07-02,4,3,1
2020-07-02,4,3,1
2020-07-03,2,1,1
2020-07-03,0,0,0
2020-07-03,0,0,0
2020-07-03,0,0,0
2020-07-03,2,0,2
2020-07-03,2,0,2
2020-07-03,8,5,3
2020-07-03,15,7,8
2020-07-03,14,7,7
2020-07-03,23,8,15
2020-07-03,25,10,15
2020-07-03,33,12,21
2020-07-03,33,12,21
2020-07-03,43,23,20
2020-07-03,41,22,19
2020-07-03,32,20,12
2020-07-03,41,19,22
2020-07-03,34,16,18
2020-07-03,40,26,14
2020-07-03,22,12,10
2020-07-03,8,4,4
2020-07-03,6,3,3
2020-07-03,7,3,4
2020-07-03,1,0,1
2020-07-04,3,1,2
2020-07-04,3,2,1
2020-07-04,0,0,0
2020-07-04,0,0,0
2020-07-04,0,0,0
2020-07-04,1,0,1
2020-07-04,5,1,4
2020-07-04,4,3,1
2020-07-04,5,3,2
2020-07-04,9,5,4
2020-07-04,12,6,6
2020-07-04,22,9,13
2020-07-04,19,7,12
2020-07-04,41,17,24
2020-07-04,29,18,11
2020-07-04,29,17,12
2020-07-04,26,14,12
2020-07-04,18,7,11
2020-07-04,24,14,10
2020-07-04,20,16,4
2020-07-04,19,9,10
2020-07-04,12,5,7
2020-07-04,9,7,2
2020-07-04,2,0,2
2020-07-05,7,6,1
2020-07-05,5,3,2
2020-07-05,1,1,0
2020-07-05,0,0,0
2020-07-05,1,1,0
2020-07-05,3,1,2
2020-07-05,2,0,2
2020-07-05,2,1,1
2020-07-05,7,6,1
2020-07-05,14,5,9
2020-07-05,21,6,15
2020-07-05,33,16,17
2020-07-05,30,18,12
2020-07-05,37,19,18
2020-07-05,52,21,31
2020-07-05,41,20,21
2020-07-05,29,15,14
2020-07-05,32,17,15
2020-07-05,33,15,18
2020-07-05,17,8,9
2020-07-05,13,11,2
2020-07-05,13,4,9
2020-07-05,7,5,2
2020-07-05,1,0,1
2020-07-06,2,0,2
2020-07-06,3,0,3
2020-07-06,1,1,0
2020-07-06,1,0,1
2020-07-06,0,0,0
2020-07-06,12,10,2
2020-07-06,22,13,9
2020-07-06,34,27,7
2020-07-06,23,10,13
2020-07-06,20,11,9
2020-07-06,11,6,5
2020-07-06,23,10,13
2020-07-06,40,15,25
2020-07-06,31,11,20
2020-07-06,38,16,22
2020-07-06,38,9,29
2020-07-06,47,16,31
2020-07-06,53,21,32
2020-07-06,33,13,20
2020-07-06,22,8,14
2020-07-06,14,11,3
2020-07-06,9,5,4
2020-07-06,2,1,1
2020-07-06,2,1,1
2020-07-07,3,1,2
2020-07-07,2,1,1
2020-07-07,0,0,0
2020-07-07,0,0,0
2020-07-07,3,2,1
2020-07-07,10,8,2
2020-07-07,28,19,9
2020-07-07,37,21,16
2020-07-07,26,12,14
2020-07-07,23,9,14
2020-07-07,15,7,8
2020-07-07,26,10,16
2020-07-07,25,14,11
2020-07-07,22,8,14
2020-07-07,24,11,13
2020-07-07,29,12,17
2020-07-07,51,20,31
2020-07-07,53,20,33
2020-07-07,30,14,16
2020-07-07,19,11,8
2020-07-07,13,6,7
2020-07-07,5,5,0
2020-07-07,4,3,1
2020-07-07,2,2,0
2020-07-08,1,1,0
2020-07-08,1,0,1
2020-07-08,2,0,2
2020-07-08,0,0,0
2020-07-08,1,1,0
2020-07-08,16,11,5
2020-07-08,29,19,10
2020-07-08,31,19,12
2020-07-08,41,27,14
2020-07-08,25,15,10
2020-07-08,20,6,14
2020-07-08,26,14,12
2020-07-08,31,14,17
2020-07-08,34,21,13
2020-07-08,31,9,22
2020-07-08,47,10,37
2020-07-08,43,15,28
2020-07-08,67,29,38
2020-07-08,62,24,38
2020-07-08,32,14,18
2020-07-08,10,6,4
2020-07-08,4,2,2
2020-07-08,3,3,0
2020-07-08,5,4,1
2020-07-09,2,2,0
2020-07-09,1,0,1
2020-07-09,0,0,0
2020-07-09,0,0,0
2020-07-09,1,1,0
2020-07-09,14,9,5
2020-07-09,25,19,6
2020-07-09,29,20,9
2020-07-09,31,12,19
2020-07-09,24,15,9
2020-07-09,19,9,10
2020-07-09,23,11,12
2020-07-09,22,18,4
2020-07-09,24,7,17
2020-07-09,37,10,27
2020-07-09,28,9,19
2020-07-09,45,25,20
2020-07-09,48,18,30
2020-07-09,33,15,18
2020-07-09,19,12,7
2020-07-09,16,9,7
2020-07-09,7,4,3
2020-07-09,7,3,4
2020-07-09,3,3,0
2020-07-10,1,1,0
2020-07-10,1,1,0
2020-07-10,0,0,0
2020-07-10,1,1,0
2020-07-10,1,1,0
2020-07-10,10,4,6
2020-07-10,22,15,7
2020-07-10,35,21,14
2020-07-10,40,18,22
2020-07-10,29,11,18
2020-07-10,21,11,10
2020-07-10,24,11,13
2020-07-10,35,17,18
2020-07-10,24,8,16
2020-07-10,35,19,16
2020-07-10,48,21,27
2020-07-10,58,21,37
2020-07-10,66,25,41
2020-07-10,53,33,20
2020-07-10,29,22,7
2020-07-10,16,12,4
2020-07-10,12,8,4
2020-07-10,6,4,2
2020-07-10,4,2,2
2020-07-11,5,0,5
2020-07-11,2,1,1
2020-07-11,3,3,0
2020-07-11,1,1,0
2020-07-11,1,1,0
2020-07-11,1,0,1
2020-07-11,5,2,3
2020-07-11,7,2,5
2020-07-11,13,8,5
2020-07-11,28,12,16
2020-07-11,40,8,32
2020-07-11,29,16,13
2020-07-11,26,12,14
2020-07-11,47,21,26
2020-07-11,49,19,30
2020-07-11,47,25,22
2020-07-11,33,21,12
2020-07-11,34,18,16
2020-07-11,21,14,7
2020-07-11,15,5,10
2020-07-11,7,4,3
2020-07-11,8,2,6
2020-07-11,8,4,4
2020-07-11,7,6,1
2020-07-12,2,1,1
2020-07-12,2,2,0
2020-07-12,0,0,0
2020-07-12,0,0,0
2020-07-12,2,2,0
2020-07-12,0,0,0
2020-07-12,3,1,2
2020-07-12,1,0,1
2020-07-12,7,1,6
2020-07-12,10,5,5
2020-07-12,3,1,2
2020-07-12,19,5,14
2020-07-12,26,16,10
2020-07-12,39,14,25
2020-07-12,25,9,16
2020-07-12,49,19,30
2020-07-12,35,21,14
2020-07-12,38,24,14
2020-07-12,25,13,12
2020-07-12,21,8,13
2020-07-12,11,4,7
2020-07-12,9,6,3
2020-07-12,3,0,3
2020-07-12,2,1,1
2020-07-13,2,0,2
2020-07-13,0,0,0
2020-07-13,0,0,0
2020-07-13,2,1,1
2020-07-13,0,0,0
2020-07-13,8,5,3
2020-07-13,23,15,8
2020-07-13,47,33,14
2020-07-13,33,17,16
2020-07-13,23,15,8
2020-07-13,21,12,9
2020-07-13,26,6,20
2020-07-13,23,8,15
2020-07-13,28,14,14
2020-07-13,46,16,30
2020-07-13,38,15,23
2020-07-13,67,25,42
2020-07-13,65,31,34
2020-07-13,50,25,25
2020-07-13,29,16,13
2020-07-13,21,14,7
2020-07-13,7,5,2
2020-07-13,9,4,5
2020-07-13,1,0,1
2020-07-14,2,1,1
2020-07-14,1,1,0
2020-07-14,3,1,2
2020-07-14,1,1,0
2020-07-14,0,0,0
2020-07-14,10,8,2
2020-07-14,27,15,12
2020-07-14,41,28,13
2020-07-14,32,14,18
2020-07-14,20,10,10
2020-07-14,19,4,15
2020-07-14,24,14,10
2020-07-14,32,18,14
2020-07-14,40,25,15
2020-07-14,22,9,13
2020-07-14,38,12,26
2020-07-14,47,15,32
2020-07-14,68,32,36
2020-07-14,54,26,28
2020-07-14,28,14,14
2020-07-14,22,11,11
2020-07-14,15,10,5
2020-07-14,8,5,3
2020-07-14,6,4,2
2020-07-15,0,0,0
2020-07-15,1,1,0
2020-07-15,0,0,0
2020-07-15,3,3,0
2020-07-15,2,2,0
2020-07-15,14,9,5
2020-07-15,23,16,7
2020-07-15,39,20,19
2020-07-15,30,18,12
2020-07-15,29,10,19
2020-07-15,14,4,10
2020-07-15,36,18,18
2020-07-15,35,11,24
2020-07-15,28,11,17
2020-07-15,36,12,24
2020-07-15,24,3,21
2020-07-15,55,24,31
2020-07-15,65,33,32
2020-07-15,38,20,18
2020-07-15,24,11,13
2020-07-15,39,24,15
2020-07-15,10,7,3
2020-07-15,8,4,4
2020-07-15,6,5,1
2020-07-16,0,0,0
2020-07-16,2,1,1
2020-07-16,0,0,0
2020-07-16,1,1,0
2020-07-16,2,2,0
2020-07-16,12,7,5
2020-07-16,26,21,5
2020-07-16,36,20,16
2020-07-16,34,18,16
2020-07-16,22,12,10
2020-07-16,33,15,18
2020-07-16,34,18,16
2020-07-16,29,10,19
2020-07-16,40,26,14
2020-07-16,36,12,24
2020-07-16,33,12,21
2020-07-16,36,12,24
2020-07-16,54,23,31
2020-07-16,46,24,22
2020-07-16,23,13,10
2020-07-16,17,11,6
2020-07-16,11,1,10
2020-07-16,4,3,1
2020-07-16,5,3,2
2020-07-17,5,2,3
2020-07-17,1,1,0
2020-07-17,1,1,0
2020-07-17,0,0,0
2020-07-17,0,0,0
2020-07-17,6,2,4
2020-07-17,15,12,3
2020-07-17,17,13,4
2020-07-17,30,20,10
2020-07-17,20,9,11
2020-07-17,17,8,9
2020-07-17,17,9,8
2020-07-17,20,10,10
2020-07-17,26,14,12
2020-07-17,21,7,14
2020-07-17,31,16,15
2020-07-17,37,14,23
2020-07-17,49,17,32
2020-07-17,36,18,18
2020-07-17,26,8,18
2020-07-17,23,11,12
2020-07-17,14,8,6
2020-07-17,7,4,3
2020-07-17,3,2,1
2020-07-18,3,2,1
2020-07-18,3,1,2
2020-07-18,0,0,0
2020-07-18,0,0,0
2020-07-18,2,1,1
2020-07-18,1,0,1
2020-07-18,5,0,5
2020-07-18,6,5,1
2020-07-18,12,2,10
2020-07-18,39,19,20
2020-07-18,34,17,17
2020-07-18,50,22,28
2020-07-18,29,17,12
2020-07-18,32,14,18
2020-07-18,48,19,29
2020-07-18,47,28,19
2020-07-18,48,23,25
2020-07-18,37,22,15
2020-07-18,36,20,16
2020-07-18,23,14,9
2020-07-18,25,15,10
2020-07-18,7,3,4
2020-07-18,4,1,3
2020-07-18,0,0,0
2020-07-19,2,2,0
2020-07-19,2,1,1
2020-07-19,1,0,1
2020-07-19,0,0,0
2020-07-19,3,2,1
2020-07-19,1,0,1
2020-07-19,5,1,4
2020-07-19,9,2,7
2020-07-19,18,4,14
2020-07-19,11,5,6
2020-07-19,24,10,14
2020-07-19,27,8,19
2020-07-19,51,23,28
2020-07-19,49,25,24
2020-07-19,39,16,23
2020-07-19,45,27,18
2020-07-19,31,16,15
2020-07-19,25,14,11
2020-07-19,30,18,12
2020-07-19,19,9,10
2020-07-19,22,15,7
2020-07-19,11,7,4
2020-07-19,11,9,2
2020-07-19,2,2,0
2020-07-20,4,2,2
2020-07-20,0,0,0
2020-07-20,1,0,1
2020-07-20,0,0,0
2020-07-20,1,0,1
2020-07-20,15,9,6
2020-07-20,28,21,7
2020-07-20,37,24,13
2020-07-20,33,18,15
2020-07-20,21,10,11
2020-07-20,16,7,9
2020-07-20,33,16,17
2020-07-20,39,17,22
2020-07-20,38,16,22
2020-07-20,36,18,18
2020-07-20,39,14,25
2020-07-20,49,24,25
2020-07-20,54,21,33
2020-07-20,38,17,21
2020-07-20,28,16,12
2020-07-20,21,16,5
2020-07-20,11,7,4
2020-07-20,7,3,4
2020-07-20,4,1,3
2020-07-21,2,2,0
2020-07-21,0,0,0
2020-07-21,2,1,1
2020-07-21,0,0,0
2020-07-21,1,0,1
2020-07-21,15,10,5
2020-07-21,31,22,9
2020-07-21,42,24,18
2020-07-21,28,15,13
2020-07-21,26,16,10
2020-07-21,25,11,14
2020-07-21,30,19,11
2020-07-21,29,15,14
2020-07-21,19,10,9
2020-07-21,47,23,24
2020-07-21,37,15,22
2020-07-21,64,23,41
2020-07-21,100,39,61
2020-07-21,49,20,29
2020-07-21,22,6,16
2020-07-21,19,9,10
2020-07-21,20,12,8
2020-07-21,20,3,17
2020-07-21,3,3,0
2020-07-22,2,1,1
2020-07-22,2,1,1
2020-07-22,2,1,1
2020-07-22,0,0,0
2020-07-22,1,1,0
2020-07-22,19,14,5
2020-07-22,27,18,9
2020-07-22,36,22,14
2020-07-22,32,16,16
2020-07-22,25,14,11
2020-07-22,18,9,9
2020-07-22,43,27,16
2020-07-22,28,11,17
2020-07-22,23,7,16
2020-07-22,31,10,21
2020-07-22,49,11,38
2020-07-22,59,26,33
2020-07-22,64,27,37
2020-07-22,50,22,28
2020-07-22,33,14,19
2020-07-22,21,12,9
2020-07-22,13,9,4
2020-07-22,4,3,1
2020-07-22,3,2,1
2020-07-23,1,0,1
2020-07-23,2,0,2
2020-07-23,0,0,0
2020-07-23,0,0,0
2020-07-23,2,2,0
2020-07-23,10,6,4
2020-07-23,35,27,8
2020-07-23,31,18,13
2020-07-23,36,17,19
2020-07-23,29,23,6
2020-07-23,12,8,4
2020-07-23,16,8,8
2020-07-23,31,16,15
2020-07-23,31,12,19
2020-07-23,28,9,19
2020-07-23,45,18,27
2020-07-23,47,17,30
2020-07-23,64,21,43
2020-07-23,41,13,28
2020-07-23,26,15,11
2020-07-23,20,17,3
2020-07-23,10,4,6
2020-07-23,8,2,6
2020-07-23,1,1,0
2020-07-24,1,1,0
2020-07-24,0,0,0
2020-07-24,0,0,0
2020-07-24,0,0,0
2020-07-24,0,0,0
2020-07-24,9,5,4
2020-07-24,22,15,7
2020-07-24,30,16,14
2020-07-24,26,13,13
2020-07-24,34,20,14
2020-07-24,11,7,4
2020-07-24,33,14,19
2020-07-24,34,14,20
2020-07-24,25,10,15
2020-07-24,43,12,31
2020-07-24,53,23,30
2020-07-24,38,15,23
2020-07-24,59,31,28
2020-07-24,56,18,38
2020-07-24,27,12,15
2020-07-24,18,13,5
2020-07-24,13,9,4
2020-07-24,7,3,4
2020-07-24,3,3,0
2020-07-25,3,3,0
2020-07-25,2,1,1
2020-07-25,0,0,0
2020-07-25,1,1,0
2020-07-25,3,3,0
2020-07-25,1,0,1
2020-07-25,3,2,1
2020-07-25,13,6,7
2020-07-25,12,5,7
2020-07-25,31,15,16
2020-07-25,34,14,20
2020-07-25,38,8,30
2020-07-25,34,10,24
2020-07-25,23,10,13
2020-07-25,36,10,26
2020-07-25,35,18,17
2020-07-25,46,29,17
2020-07-25,34,9,25
2020-07-25,38,19,19
2020-07-25,11,4,7
2020-07-25,27,12,15
2020-07-25,18,8,10
2020-07-25,10,6,4
2020-07-25,6,4,2
2020-07-26,6,2,4
2020-07-26,1,1,0
2020-07-26,0,0,0
2020-07-26,1,0,1
2020-07-26,2,1,1
2020-07-26,0,0,0
2020-07-26,6,1,5
2020-07-26,4,1,3
2020-07-26,8,0,8
2020-07-26,15,6,9
2020-07-26,36,17,19
2020-07-26,46,14,32
2020-07-26,31,20,11
2020-07-26,23,11,12
2020-07-26,34,11,23
2020-07-26,37,8,29
2020-07-26,42,25,17
2020-07-26,29,17,12
2020-07-26,22,19,3
2020-07-26,12,7,5
2020-07-26,22,15,7
2020-07-26,11,6,5
2020-07-26,4,2,2
2020-07-26,1,0,1
2020-07-27,2,0,2
2020-07-27,2,2,0
2020-07-27,1,1,0
2020-07-27,0,0,0
2020-07-27,2,1,1
2020-07-27,12,6,6
2020-07-27,20,14,6
2020-07-27,36,23,13
2020-07-27,32,20,12
2020-07-27,12,7,5
2020-07-27,9,4,5
2020-07-27,22,5,17
2020-07-27,24,11,13
2020-07-27,26,15,11
2020-07-27,31,11,20
2020-07-27,32,13,19
2020-07-27,45,18,27
2020-07-27,63,31,32
2020-07-27,30,15,15
2020-07-27,12,5,7
2020-07-27,17,7,10
2020-07-27,7,5,2
2020-07-27,8,5,3
2020-07-27,5,2,3
2020-07-28,3,1,2
2020-07-28,0,0,0
2020-07-28,1,1,0
2020-07-28,1,0,1
2020-07-28,0,0,0
2020-07-28,13,7,6
2020-07-28,22,16,6
2020-07-28,46,31,15
2020-07-28,38,19,19
2020-07-28,28,16,12
2020-07-28,18,5,13
2020-07-28,23,10,13
2020-07-28,26,10,16
2020-07-28,30,18,12
2020-07-28,28,14,14
2020-07-28,47,14,33
2020-07-28,56,20,36
2020-07-28,73,25,48
2020-07-28,46,22,24
2020-07-28,38,15,23
2020-07-28,23,16,7
2020-07-28,10,6,4
2020-07-28,6,5,1
2020-07-28,3,3,0
2020-07-29,1,0,1
2020-07-29,1,1,0
2020-07-29,0,0,0
2020-07-29,1,0,1
2020-07-29,3,2,1
2020-07-29,13,9,4
2020-07-29,28,17,11
2020-07-29,41,27,14
2020-07-29,40,27,13
2020-07-29,17,8,9
2020-07-29,22,12,10
2020-07-29,30,12,18
2020-07-29,28,6,22
2020-07-29,38,18,20
2020-07-29,40,17,23
2020-07-29,38,15,23
2020-07-29,62,20,42
2020-07-29,57,30,27
2020-07-29,42,15,27
2020-07-29,28,13,15
2020-07-29,30,14,16
2020-07-29,19,14,5
2020-07-29,7,3,4
2020-07-29,1,1,0
2020-07-30,2,0,2
2020-07-30,0,0,0
2020-07-30,0,0,0
2020-07-30,0,0,0
2020-07-30,3,2,1
2020-07-30,9,6,3
2020-07-30,16,12,4
2020-07-30,48,25,23
2020-07-30,23,13,10
2020-07-30,27,19,8
2020-07-30,19,10,9
2020-07-30,30,9,21
2020-07-30,36,17,19
2020-07-30,31,13,18
2020-07-30,29,11,18
2020-07-30,37,13,24
2020-07-30,59,27,32
2020-07-30,71,37,34
2020-07-30,36,14,22
2020-07-30,34,11,23
2020-07-30,14,6,8
2020-07-30,12,8,4
2020-07-30,9,4,5
2020-07-30,5,3,2
2020-07-31,3,2,1
2020-07-31,1,0,1
2020-07-31,1,1,0
2020-07-31,1,1,0
2020-07-31,0,0,0
2020-07-31,9,6,3
2020-07-31,24,18,6
2020-07-31,35,18,17
2020-07-31,32,10,22
2020-07-31,18,11,7
2020-07-31,18,3,15
2020-07-31,34,19,15
2020-07-31,39,18,21
2020-07-31,46,29,17
2020-07-31,33,10,23
2020-07-31,50,24,26
2020-07-31,53,19,34
2020-07-31,50,28,22
2020-07-31,50,14,36
2020-07-31,24,14,10
2020-07-31,19,10,9
2020-07-31,11,7,4
2020-07-31,6,4,2
2020-07-31,6,5,1
2020-08-01,4,1,3
2020-08-01,3,2,1
2020-08-01,1,0,1
2020-08-01,0,0,0
2020-08-01,1,1,0
2020-08-01,3,3,0
2020-08-01,3,2,1
2020-08-01,9,6,3
2020-08-01,7,2,5
2020-08-01,25,14,11
2020-08-01,32,13,19
2020-08-01,43,14,29
2020-08-01,35,12,23
2020-08-01,25,13,12
2020-08-01,49,21,28
2020-08-01,26,12,14
2020-08-01,25,9,16
2020-08-01,46,31,15
2020-08-01,34,16,18
2020-08-01,41,28,13
2020-08-01,22,9,13
2020-08-01,9,7,2
2020-08-01,10,7,3
2020-08-01,4,3,1
2020-08-02,0,0,0
2020-08-02,2,0,2
2020-08-02,0,0,0
2020-08-02,0,0,0
2020-08-02,1,1,0
2020-08-02,4,2,2
2020-08-02,6,3,3
2020-08-02,6,1,5
2020-08-02,14,4,10
2020-08-02,16,6,10
2020-08-02,17,4,13
2020-08-02,39,20,19
2020-08-02,34,19,15
2020-08-02,40,23,17
2020-08-02,27,12,15
2020-08-02,37,21,16
2020-08-02,46,21,25
2020-08-02,31,18,13
2020-08-02,24,11,13
2020-08-02,11,6,5
2020-08-02,19,8,11
2020-08-02,3,1,2
2020-08-02,4,2,2
2020-08-02,1,0,1
2020-08-03,2,2,0
2020-08-03,1,0,1
2020-08-03,0,0,0
2020-08-03,0,0,0
2020-08-03,0,0,0
2020-08-03,9,5,4
2020-08-03,26,18,8
2020-08-03,33,22,11
2020-08-03,45,29,16
2020-08-03,21,11,10
2020-08-03,12,3,9
2020-08-03,25,9,16
2020-08-03,11,7,4
2020-08-03,22,14,8
2020-08-03,31,17,14
2020-08-03,28,7,21
2020-08-03,49,18,31
2020-08-03,59,25,34
2020-08-03,38,19,19
2020-08-03,39,22,17
2020-08-03,13,8,5
2020-08-03,9,5,4
2020-08-03,6,4,2
2020-08-03,5,3,2
2020-08-04,2,2,0
2020-08-04,0,0,0
2020-08-04,2,1,1
2020-08-04,1,1,0
2020-08-04,1,0,1
2020-08-04,12,7,5
2020-08-04,34,23,11
2020-08-04,41,25,16
2020-08-04,37,15,22
2020-08-04,29,20,9
2020-08-04,17,5,12
2020-08-04,23,12,11
2020-08-04,33,19,14
2020-08-04,37,22,15
2020-08-04,34,15,19
2020-08-04,37,11,26
2020-08-04,61,24,37
2020-08-04,75,34,41
2020-08-04,46,25,21
2020-08-04,43,25,18
2020-08-04,8,3,5
2020-08-04,11,5,6
2020-08-04,4,4,0
2020-08-04,2,2,0
2020-08-05,0,0,0
2020-08-05,1,1,0
2020-08-05,0,0,0
2020-08-05,1,1,0
2020-08-05,2,1,1
2020-08-05,10,5,5
2020-08-05,34,24,10
2020-08-05,41,28,13
2020-08-05,38,16,22
2020-08-05,27,18,9
2020-08-05,12,6,6
2020-08-05,25,12,13
2020-08-05,25,12,13
2020-08-05,28,14,14
2020-08-05,44,18,26
2020-08-05,58,22,36
2020-08-05,48,20,28
2020-08-05,66,29,37
2020-08-05,40,21,19
2020-08-05,35,20,15
2020-08-05,32,19,13
2020-08-05,19,14,5
2020-08-05,6,5,1
2020-08-05,2,2,0
2020-08-06,2,2,0
2020-08-06,0,0,0
2020-08-06,0,0,0
2020-08-06,0,0,0
2020-08-06,3,1,2
2020-08-06,10,4,6
2020-08-06,27,23,4
2020-08-06,20,13,7
2020-08-06,18,12,6
2020-08-06,15,11,4
2020-08-06,11,3,8
2020-08-06,8,4,4
2020-08-06,18,11,7
2020-08-06,20,8,12
2020-08-06,14,9,5
2020-08-06,23,8,15
2020-08-06,32,9,23
2020-08-06,40,14,26
2020-08-06,22,8,14
2020-08-06,8,2,6
2020-08-06,15,10,5
2020-08-06,4,1,3
2020-08-06,2,1,1
2020-08-06,1,0,1
2020-08-07,1,0,1
2020-08-07,0,0,0
2020-08-07,2,1,1
2020-08-07,0,0,0
2020-08-07,1,0,1
2020-08-07,8,2,6
2020-08-07,19,15,4
2020-08-07,22,14,8
2020-08-07,29,20,9
2020-08-07,25,15,10
2020-08-07,21,10,11
2020-08-07,29,10,19
2020-08-07,36,18,18
2020-08-07,37,15,22
2020-08-07,41,23,18
2020-08-07,39,14,25
2020-08-07,59,29,30
2020-08-07,61,34,27
2020-08-07,42,21,21
2020-08-07,29,13,16
2020-08-07,16,11,5
2020-08-07,8,3,5
2020-08-07,8,8,0
2020-08-07,3,1,2
2020-08-08,3,2,1
2020-08-08,3,2,1
2020-08-08,4,0,4
2020-08-08,0,0,0
2020-08-08,2,1,1
2020-08-08,2,1,1
2020-08-08,5,3,2
2020-08-08,8,3,5
2020-08-08,7,2,5
2020-08-08,21,7,14
2020-08-08,14,5,9
2020-08-08,32,16,16
2020-08-08,29,13,16
2020-08-08,27,11,16
2020-08-08,29,10,19
2020-08-08,16,8,8
2020-08-08,31,15,16
2020-08-08,38,19,19
2020-08-08,25,14,11
2020-08-08,28,19,9
2020-08-08,8,5,3
2020-08-08,18,5,13
2020-08-08,6,4,2
2020-08-08,5,3,2
2020-08-09,3,3,0
2020-08-09,2,0,2
2020-08-09,1,0,1
2020-08-09,0,0,0
2020-08-09,1,1,0
2020-08-09,1,1,0
2020-08-09,5,2,3
2020-08-09,12,3,9
2020-08-09,14,6,8
2020-08-09,15,8,7
2020-08-09,23,7,16
2020-08-09,33,17,16
2020-08-09,42,22,20
2020-08-09,34,13,21
2020-08-09,35,8,27
2020-08-09,31,23,8
2020-08-09,48,25,23
2020-08-09,31,21,10
2020-08-09,32,11,21
2020-08-09,24,15,9
2020-08-09,31,21,10
2020-08-09,9,5,4
2020-08-09,4,2,2
2020-08-09,1,1,0
2020-08-10,0,0,0
2020-08-10,0,0,0
2020-08-10,2,0,2
2020-08-10,1,0,1
2020-08-10,1,0,1
2020-08-10,7,4,3
2020-08-10,23,17,6
2020-08-10,29,18,11
2020-08-10,33,18,15
2020-08-10,26,16,10
2020-08-10,16,7,9
2020-08-10,23,9,14
2020-08-10,28,8,20
2020-08-10,24,17,7
2020-08-10,25,10,15
2020-08-10,40,18,22
2020-08-10,49,18,31
2020-08-10,56,23,33
2020-08-10,35,18,17
2020-08-10,27,11,16
2020-08-10,18,8,10
2020-08-10,11,7,4
2020-08-10,4,2,2
2020-08-10,1,1,0
2020-08-11,0,0,0
2020-08-11,2,2,0
2020-08-11,2,0,2
2020-08-11,2,1,1
2020-08-11,2,0,2
2020-08-11,15,10,5
2020-08-11,25,15,10
2020-08-11,40,22,18
2020-08-11,40,22,18
2020-08-11,26,15,11
2020-08-11,16,10,6
2020-08-11,33,10,23
2020-08-11,24,12,12
2020-08-11,25,14,11
2020-08-11,42,20,22
2020-08-11,46,20,26
2020-08-11,55,25,30
2020-08-11,82,40,42
2020-08-11,42,15,27
2020-08-11,33,15,18
2020-08-11,24,8,16
2020-08-11,11,6,5
2020-08-11,4,4,0
2020-08-11,2,1,1
2020-08-12,2,0,2
2020-08-12,1,1,0
2020-08-12,0,0,0
2020-08-12,1,0,1
2020-08-12,1,1,0
2020-08-12,10,5,5
2020-08-12,33,24,9
2020-08-12,38,24,14
2020-08-12,38,18,20
2020-08-12,20,16,4
2020-08-12,21,10,11
2020-08-12,22,9,13
2020-08-12,24,13,11
2020-08-12,29,14,15
2020-08-12,33,15,18
2020-08-12,33,9,24
2020-08-12,60,19,41
2020-08-12,59,24,35
2020-08-12,36,13,23
2020-08-12,34,16,18
2020-08-12,21,15,6
2020-08-12,11,6,5
2020-08-12,7,6,1
2020-08-12,4,4,0
2020-08-13,2,0,2
2020-08-13,2,1,1
2020-08-13,0,0,0
2020-08-13,0,0,0
2020-08-13,1,1,0
2020-08-13,14,8,6
2020-08-13,21,17,4
2020-08-13,37,20,17
2020-08-13,42,23,19
2020-08-13,26,15,11
2020-08-13,31,15,16
2020-08-13,28,17,11
2020-08-13,35,22,13
2020-08-13,26,12,14
2020-08-13,39,14,25
2020-08-13,54,26,28
2020-08-13,57,25,32
2020-08-13,68,35,33
2020-08-13,52,18,34
2020-08-13,44,27,17
2020-08-13,10,7,3
2020-08-13,13,5,8
2020-08-13,11,7,4
2020-08-13,3,2,1
2020-08-14,1,0,1
2020-08-14,0,0,0
2020-08-14,0,0,0
2020-08-14,0,0,0
2020-08-14,0,0,0
2020-08-14,16,10,6
2020-08-14,23,17,6
2020-08-14,33,23,10
2020-08-14,38,19,19
2020-08-14,34,19,15
2020-08-14,14,5,9
2020-08-14,26,10,16
2020-08-14,28,11,17
2020-08-14,32,14,18
2020-08-14,44,22,22
2020-08-14,46,18,28
2020-08-14,55,24,31
2020-08-14,52,27,25
2020-08-14,42,12,30
2020-08-14,29,17,12
2020-08-14,16,11,5
2020-08-14,10,3,7
2020-08-14,5,4,1
2020-08-14,3,1,2
2020-08-15,3,2,1
2020-08-15,1,1,0
2020-08-15,2,1,1
2020-08-15,3,0,3
2020-08-15,3,1,2
2020-08-15,1,0,1
2020-08-15,4,3,1
2020-08-15,8,2,6
2020-08-15,16,5,11
2020-08-15,28,10,18
2020-08-15,25,9,16
2020-08-15,34,13,21
2020-08-15,41,15,26
2020-08-15,42,23,19
2020-08-15,50,21,29
2020-08-15,44,24,20
2020-08-15,33,13,20
2020-08-15,42,21,21
2020-08-15,39,25,14
2020-08-15,13,7,6
2020-08-15,15,6,9
2020-08-15,7,5,2
2020-08-15,16,11,5
2020-08-15,6,3,3
2020-08-16,1,0,1
2020-08-16,1,1,0
2020-08-16,2,0,2
2020-08-16,1,1,0
2020-08-16,0,0,0
2020-08-16,1,0,1
2020-08-16,5,3,2
2020-08-16,12,8,4
2020-08-16,12,3,9
2020-08-16,27,13,14
2020-08-16,27,13,14
2020-08-16,31,16,15
2020-08-16,21,9,12
2020-08-16,24,14,10
2020-08-16,27,14,13
2020-08-16,22,16,6
2020-08-16,26,19,7
2020-08-16,12,6,6
2020-08-16,17,9,8
2020-08-16,17,6,11
2020-08-16,19,11,8
2020-08-16,12,7,5
2020-08-16,7,6,1
2020-08-16,2,1,1
2020-08-17,0,0,0
2020-08-17,1,1,0
2020-08-17,2,2,0
2020-08-17,1,0,1
2020-08-17,0,0,0
2020-08-17,15,10,5
2020-08-17,17,11,6
2020-08-17,41,31,10
2020-08-17,44,24,20
2020-08-17,21,15,6
2020-08-17,20,8,12
2020-08-17,17,8,9
2020-08-17,25,15,10
2020-08-17,27,14,13
2020-08-17,29,15,14
2020-08-17,44,19,25
2020-08-17,68,24,44
2020-08-17,54,22,32
2020-08-17,31,13,18
2020-08-17,23,13,10
2020-08-17,17,5,12
2020-08-17,5,1,4
2020-08-17,2,1,1
2020-08-17,2,2,0
2020-08-18,1,0,1
2020-08-18,0,0,0
2020-08-18,0,0,0
2020-08-18,0,0,0
2020-08-18,0,0,0
2020-08-18,15,7,8
2020-08-18,27,18,9
2020-08-18,40,25,15
2020-08-18,32,16,16
2020-08-18,27,13,14
2020-08-18,10,4,6
2020-08-18,27,11,16
2020-08-18,23,11,12
2020-08-18,35,19,16
2020-08-18,29,12,17
2020-08-18,45,16,29
2020-08-18,52,19,33
2020-08-18,77,35,42
2020-08-18,30,15,15
2020-08-18,31,15,16
2020-08-18,18,9,9
2020-08-18,12,8,4
2020-08-18,9,6,3
2020-08-18,3,3,0
2020-08-19,6,5,1
2020-08-19,0,0,0
2020-08-19,1,1,0
2020-08-19,1,0,1
2020-08-19,1,0,1
2020-08-19,18,11,7
2020-08-19,23,18,5
2020-08-19,41,26,15
2020-08-19,40,26,14
2020-08-19,27,14,13
2020-08-19,18,10,8
2020-08-19,27,8,19
2020-08-19,24,9,15
2020-08-19,26,11,15
2020-08-19,39,16,23
2020-08-19,40,13,27
2020-08-19,41,11,30
2020-08-19,84,30,54
2020-08-19,46,24,22
2020-08-19,27,9,18
2020-08-19,21,10,11
2020-08-19,12,6,6
2020-08-19,11,9,2
2020-08-19,6,5,1
2020-08-20,1,1,0
2020-08-20,0,0,0
2020-08-20,1,1,0
2020-08-20,0,0,0
2020-08-20,1,0,1
2020-08-20,10,8,2
2020-08-20,22,15,7
2020-08-20,26,17,9
2020-08-20,27,15,12
2020-08-20,28,16,12
2020-08-20,14,8,6
2020-08-20,31,13,18
2020-08-20,30,18,12
2020-08-20,30,12,18
2020-08-20,35,12,23
2020-08-20,39,13,26
2020-08-20,49,21,28
2020-08-20,50,22,28
2020-08-20,37,18,19
2020-08-20,32,18,14
2020-08-20,14,4,10
2020-08-20,9,5,4
2020-08-20,9,6,3
2020-08-20,6,3,3
2020-08-21,1,1,0
2020-08-21,0,0,0
2020-08-21,1,1,0
2020-08-21,0,0,0
2020-08-21,1,1,0
2020-08-21,6,4,2
2020-08-21,19,13,6
2020-08-21,33,23,10
2020-08-21,28,14,14
2020-08-21,27,14,13
2020-08-21,14,5,9
2020-08-21,33,13,20
2020-08-21,15,9,6
2020-08-21,17,10,7
2020-08-21,36,15,21
2020-08-21,28,8,20
2020-08-21,43,11,32
2020-08-21,44,16,28
2020-08-21,32,8,24
2020-08-21,26,16,10
2020-08-21,14,9,5
2020-08-21,9,2,7
2020-08-21,6,4,2
2020-08-21,5,4,1
2020-08-22,5,4,1
2020-08-22,0,0,0
2020-08-22,3,2,1
2020-08-22,1,0,1
2020-08-22,0,0,0
2020-08-22,1,1,0
2020-08-22,6,4,2
2020-08-22,8,3,5
2020-08-22,10,4,6
2020-08-22,19,8,11
2020-08-22,15,7,8
2020-08-22,47,20,27
2020-08-22,30,17,13
2020-08-22,48,24,24
2020-08-22,34,13,21
2020-08-22,36,18,18
2020-08-22,40,22,18
2020-08-22,42,20,22
2020-08-22,23,12,11
2020-08-22,26,18,8
2020-08-22,14,8,6
2020-08-22,11,6,5
2020-08-22,5,5,0
2020-08-22,7,6,1
2020-08-23,3,2,1
2020-08-23,2,2,0
2020-08-23,0,0,0
2020-08-23,0,0,0
2020-08-23,1,1,0
2020-08-23,4,1,3
2020-08-23,3,0,3
2020-08-23,8,1,7
2020-08-23,9,1,8
2020-08-23,16,8,8
2020-08-23,17,6,11
2020-08-23,41,23,18
2020-08-23,41,21,20
2020-08-23,39,24,15
2020-08-23,54,25,29
2020-08-23,56,27,29
2020-08-23,37,24,13
2020-08-23,32,20,12
2020-08-23,30,17,13
2020-08-23,25,15,10
2020-08-23,15,8,7
2020-08-23,3,1,2
2020-08-23,8,3,5
2020-08-23,1,0,1
2020-08-24,1,0,1
2020-08-24,1,0,1
2020-08-24,0,0,0
2020-08-24,1,0,1
2020-08-24,1,0,1
2020-08-24,13,9,4
2020-08-24,24,14,10
2020-08-24,37,22,15
2020-08-24,39,22,17
2020-08-24,29,13,16
2020-08-24,12,4,8
2020-08-24,11,6,5
2020-08-24,24,14,10
2020-08-24,19,12,7
2020-08-24,31,12,19
2020-08-24,49,22,27
2020-08-24,54,28,26
2020-08-24,75,29,46
2020-08-24,35,14,21
2020-08-24,30,22,8
2020-08-24,14,5,9
2020-08-24,8,4,4
2020-08-24,3,2,1
2020-08-24,6,5,1
2020-08-25,0,0,0
2020-08-25,1,0,1
2020-08-25,0,0,0
2020-08-25,0,0,0
2020-08-25,1,0,1
2020-08-25,14,10,4
2020-08-25,34,22,12
2020-08-25,40,18,22
2020-08-25,28,13,15
2020-08-25,33,15,18
2020-08-25,19,14,5
2020-08-25,18,2,16
2020-08-25,36,16,20
2020-08-25,32,21,11
2020-08-25,31,11,20
2020-08-25,42,17,25
2020-08-25,53,22,31
2020-08-25,68,29,39
2020-08-25,40,16,24
2020-08-25,32,20,12
2020-08-25,15,8,7
2020-08-25,10,6,4
2020-08-25,4,4,0
2020-08-25,5,5,0
2020-08-26,2,2,0
2020-08-26,0,0,0
2020-08-26,0,0,0
2020-08-26,0,0,0
2020-08-26,3,1,2
2020-08-26,8,5,3
2020-08-26,30,19,11
2020-08-26,40,22,18
2020-08-26,40,19,21
2020-08-26,36,23,13
2020-08-26,20,14,6
2020-08-26,28,13,15
2020-08-26,36,17,19
2020-08-26,30,13,17
2020-08-26,40,15,25
2020-08-26,40,15,25
2020-08-26,48,20,28
2020-08-26,83,40,43
2020-08-26,45,26,19
2020-08-26,25,17,8
2020-08-26,13,6,7
2020-08-26,17,10,7
2020-08-26,11,5,6
2020-08-26,5,3,2
2020-08-27,0,0,0
2020-08-27,0,0,0
2020-08-27,4,1,3
2020-08-27,0,0,0
2020-08-27,0,0,0
2020-08-27,10,8,2
2020-08-27,29,20,9
2020-08-27,29,14,15
2020-08-27,31,17,14
2020-08-27,23,13,10
2020-08-27,32,13,19
2020-08-27,33,17,16
2020-08-27,22,8,14
2020-08-27,43,20,23
2020-08-27,27,9,18
2020-08-27,56,25,31
2020-08-27,55,21,34
2020-08-27,79,26,53
2020-08-27,43,21,22
2020-08-27,23,13,10
2020-08-27,23,8,15
2020-08-27,9,4,5
2020-08-27,10,6,4
2020-08-27,2,2,0
2020-08-28,2,1,1
2020-08-28,0,0,0
2020-08-28,0,0,0
2020-08-28,1,0,1
2020-08-28,0,0,0
2020-08-28,5,4,1
2020-08-28,26,20,6
2020-08-28,33,18,15
2020-08-28,39,19,20
2020-08-28,26,16,10
2020-08-28,27,14,13
2020-08-28,23,11,12
2020-08-28,31,18,13
2020-08-28,26,13,13
2020-08-28,51,15,36
2020-08-28,58,22,36
2020-08-28,45,17,28
2020-08-28,67,28,39
2020-08-28,39,13,26
2020-08-28,32,19,13
2020-08-28,22,8,14
2020-08-28,11,3,8
2020-08-28,11,9,2
2020-08-28,7,4,3
2020-08-29,2,1,1
2020-08-29,1,1,0
2020-08-29,0,0,0
2020-08-29,0,0,0
2020-08-29,1,1,0
2020-08-29,0,0,0
2020-08-29,6,4,2
2020-08-29,12,8,4
2020-08-29,15,6,9
2020-08-29,16,10,6
2020-08-29,24,6,18
2020-08-29,34,18,16
2020-08-29,52,20,32
2020-08-29,27,16,11
2020-08-29,44,21,23
2020-08-29,40,15,25
2020-08-29,34,19,15
2020-08-29,32,18,14
2020-08-29,35,15,20
2020-08-29,23,19,4
2020-08-29,3,2,1
2020-08-29,8,4,4
2020-08-29,7,4,3
2020-08-29,3,2,1
2020-08-30,3,3,0
2020-08-30,0,0,0
2020-08-30,1,1,0
2020-08-30,0,0,0
2020-08-30,0,0,0
2020-08-30,2,0,2
2020-08-30,3,1,2
2020-08-30,6,4,2
2020-08-30,8,3,5
2020-08-30,29,10,19
2020-08-30,24,11,13
2020-08-30,43,23,20
2020-08-30,40,18,22
2020-08-30,39,19,20
2020-08-30,53,32,21
2020-08-30,33,20,13
2020-08-30,44,20,24
2020-08-30,40,21,19
2020-08-30,24,15,9
2020-08-30,17,6,11
2020-08-30,8,5,3
2020-08-30,6,6,0
2020-08-30,3,2,1
2020-08-30,2,1,1
2020-08-31,1,0,1
2020-08-31,1,0,1
2020-08-31,0,0,0
2020-08-31,2,2,0
2020-08-31,1,0,1
2020-08-31,16,13,3
2020-08-31,23,16,7
2020-08-31,33,18,15
2020-08-31,38,21,17
2020-08-31,20,12,8
2020-08-31,17,10,7
2020-08-31,27,8,19
2020-08-31,34,19,15
2020-08-31,40,21,19
2020-08-31,51,17,34
2020-08-31,42,15,27
2020-08-31,57,22,35
2020-08-31,45,19,26
2020-08-31,18,6,12
2020-08-31,27,10,17
2020-08-31,10,4,6
2020-08-31,12,7,5
2020-08-31,6,2,4
2020-08-31,1,1,0
2020-09-01,2,0,2
2020-09-01,0,0,0
2020-09-01,3,2,1
2020-09-01,0,0,0
2020-09-01,0,0,0
2020-09-01,13,5,8
2020-09-01,25,10,15
2020-09-01,40,15,25
2020-09-01,39,13,26
2020-09-01,22,9,13
2020-09-01,21,11,10
2020-09-01,30,15,15
2020-09-01,36,24,12
2020-09-01,22,12,10
2020-09-01,38,20,18
2020-09-01,38,27,11
2020-09-01,60,35,25
2020-09-01,77,40,37
2020-09-01,53,29,24
2020-09-01,34,19,15
2020-09-01,21,15,6
2020-09-01,12,3,9
2020-09-01,4,3,1
2020-09-01,4,2,2
2020-09-02,2,0,2
2020-09-02,1,0,1
2020-09-02,3,3,0
2020-09-02,0,0,0
2020-09-02,2,1,1
2020-09-02,13,5,8
2020-09-02,29,8,21
2020-09-02,52,20,32
2020-09-02,44,21,23
2020-09-02,23,5,18
2020-09-02,25,12,13
2020-09-02,31,14,17
2020-09-02,32,18,14
2020-09-02,34,18,16
2020-09-02,51,30,21
2020-09-02,43,25,18
2020-09-02,57,38,19
2020-09-02,103,54,49
2020-09-02,57,39,18
2020-09-02,26,12,14
2020-09-02,24,10,14
2020-09-02,12,4,8
2020-09-02,16,6,10
2020-09-02,3,2,1
2020-09-03,2,1,1
2020-09-03,0,0,0
2020-09-03,0,0,0
2020-09-03,1,1,0
2020-09-03,2,0,2
2020-09-03,16,6,10
2020-09-03,29,8,21
2020-09-03,53,22,31
2020-09-03,41,16,25
2020-09-03,26,9,17
2020-09-03,20,13,7
2020-09-03,30,18,12
2020-09-03,35,15,20
2020-09-03,42,22,20
2020-09-03,45,23,22
2020-09-03,56,31,25
2020-09-03,63,42,21
2020-09-03,69,46,23
2020-09-03,59,30,29
2020-09-03,25,9,16
2020-09-03,19,14,5
2020-09-03,20,7,13
2020-09-03,4,2,2
2020-09-03,6,0,6
2020-09-04,7,3,4
2020-09-04,1,0,1
2020-09-04,0,0,0
2020-09-04,1,1,0
2020-09-04,1,1,0
2020-09-04,10,3,7
2020-09-04,27,10,17
2020-09-04,36,18,18
2020-09-04,39,13,26
2020-09-04,23,9,14
2020-09-04,26,12,14
2020-09-04,28,17,11
2020-09-04,38,25,13
2020-09-04,25,13,12
2020-09-04,46,30,16
2020-09-04,61,32,29
2020-09-04,58,36,22
2020-09-04,63,36,27
2020-09-04,26,17,9
2020-09-04,33,17,16
2020-09-04,22,7,15
2020-09-04,10,7,3
2020-09-04,10,6,4
2020-09-04,8,3,5
2020-09-05,2,1,1
2020-09-05,0,0,0
2020-09-05,4,1,3
2020-09-05,1,0,1
2020-09-05,1,0,1
2020-09-05,4,3,1
2020-09-05,2,1,1
2020-09-05,7,4,3
2020-09-05,6,5,1
2020-09-05,27,16,11
2020-09-05,26,19,7
2020-09-05,59,45,14
2020-09-05,52,31,21
2020-09-05,51,23,28
2020-09-05,72,39,33
2020-09-05,29,17,12
2020-09-05,39,15,24
2020-09-05,21,9,12
2020-09-05,29,10,19
2020-09-05,26,12,14
2020-09-05,10,5,5
2020-09-05,4,3,1
2020-09-05,28,8,20
2020-09-05,14,1,13
2020-09-06,2,1,1
2020-09-06,2,1,1
2020-09-06,0,0,0
2020-09-06,0,0,0
2020-09-06,1,0,1
2020-09-06,0,0,0
2020-09-06,6,5,1
2020-09-06,4,1,3
2020-09-06,7,7,0
2020-09-06,21,12,9
2020-09-06,34,20,14
2020-09-06,29,18,11
2020-09-06,37,22,15
2020-09-06,29,17,12
2020-09-06,52,24,28
2020-09-06,46,16,30
2020-09-06,38,18,20
2020-09-06,32,15,17
2020-09-06,28,16,12
2020-09-06,18,6,12
2020-09-06,13,5,8
2020-09-06,10,5,5
2020-09-06,5,2,3
2020-09-06,2,1,1
2020-09-07,0,0,0
2020-09-07,0,0,0
2020-09-07,0,0,0
2020-09-07,1,0,1
2020-09-07,0,0,0
2020-09-07,2,2,0
2020-09-07,6,3,3
2020-09-07,16,8,8
2020-09-07,9,5,4
2020-09-07,12,7,5
2020-09-07,15,8,7
2020-09-07,30,15,15
2020-09-07,40,19,21
2020-09-07,24,8,16
2020-09-07,25,8,17
2020-09-07,37,17,20
2020-09-07,35,16,19
2020-09-07,15,6,9
2020-09-07,24,5,19
2020-09-07,18,4,14
2020-09-07,14,4,10
2020-09-07,7,1,6
2020-09-07,6,0,6
2020-09-07,4,0,4
2020-09-08,3,1,2
2020-09-08,0,0,0
2020-09-08,2,2,0
2020-09-08,0,0,0
2020-09-08,4,3,1
2020-09-08,11,2,9
2020-09-08,21,6,15
2020-09-08,27,13,14
2020-09-08,24,7,17
2020-09-08,22,10,12
2020-09-08,11,6,5
2020-09-08,14,9,5
2020-09-08,24,13,11
2020-09-08,23,14,9
2020-09-08,31,17,14
2020-09-08,27,10,17
2020-09-08,37,19,18
2020-09-08,53,34,19
2020-09-08,26,12,14
2020-09-08,21,4,17
2020-09-08,14,8,6
2020-09-08,1,1,0
2020-09-08,1,1,0
2020-09-08,4,2,2
2020-09-09,3,2,1
2020-09-09,1,1,0
2020-09-09,1,1,0
2020-09-09,1,1,0
2020-09-09,1,0,1
2020-09-09,17,11,6
2020-09-09,30,11,19
2020-09-09,34,16,18
2020-09-09,31,12,19
2020-09-09,26,8,18
2020-09-09,16,10,6
2020-09-09,20,13,7
2020-09-09,31,10,21
2020-09-09,22,13,9
2020-09-09,41,23,18
2020-09-09,34,18,16
2020-09-09,43,14,29
2020-09-09,66,39,27
2020-09-09,32,19,13
2020-09-09,13,4,9
2020-09-09,6,4,2
2020-09-09,6,2,4
2020-09-09,3,1,2
2020-09-09,1,0,1
2020-09-10,2,1,1
2020-09-10,1,0,1
2020-09-10,0,0,0
2020-09-10,0,0,0
2020-09-10,1,0,1
2020-09-10,13,5,8
2020-09-10,24,8,16
2020-09-10,33,15,18
2020-09-10,36,13,23
2020-09-10,32,11,21
2020-09-10,16,8,8
2020-09-10,24,13,11
2020-09-10,21,13,8
2020-09-10,23,13,10
2020-09-10,42,27,15
2020-09-10,35,23,12
2020-09-10,45,27,18
2020-09-10,75,46,29
2020-09-10,22,8,14
2020-09-10,12,7,5
2020-09-10,13,3,10
2020-09-10,6,5,1
2020-09-10,7,5,2
2020-09-10,4,1,3
2020-09-11,0,0,0
2020-09-11,2,1,1
2020-09-11,0,0,0
2020-09-11,0,0,0
2020-09-11,0,0,0
2020-09-11,11,5,6
2020-09-11,19,5,14
2020-09-11,25,13,12
2020-09-11,18,6,12
2020-09-11,13,7,6
2020-09-11,9,3,6
2020-09-11,15,8,7
2020-09-11,19,14,5
2020-09-11,19,11,8
2020-09-11,32,16,16
2020-09-11,21,12,9
2020-09-11,28,15,13
2020-09-11,27,14,13
2020-09-11,22,12,10
2020-09-11,8,2,6
2020-09-11,7,3,4
2020-09-11,10,1,9
2020-09-11,5,0,5
2020-09-11,8,3,5
2020-09-12,1,1,0
2020-09-12,4,2,2
2020-09-12,0,0,0
2020-09-12,0,0,0
2020-09-12,1,0,1
2020-09-12,2,2,0
2020-09-12,3,2,1
2020-09-12,6,4,2
2020-09-12,4,2,2
2020-09-12,5,3,2
2020-09-12,6,3,3
2020-09-12,4,3,1
2020-09-12,3,2,1
2020-09-12,3,2,1
2020-09-12,17,7,10
2020-09-12,11,6,5
2020-09-12,12,5,7
2020-09-12,4,2,2
2020-09-12,8,4,4
2020-09-12,7,5,2
2020-09-12,6,2,4
2020-09-12,1,0,1
2020-09-12,1,1,0
2020-09-12,3,2,1
2020-09-13,3,2,1
2020-09-13,0,0,0
2020-09-13,0,0,0
2020-09-13,1,1,0
2020-09-13,1,0,1
2020-09-13,2,2,0
2020-09-13,1,0,1
2020-09-13,2,0,2
2020-09-13,2,1,1
2020-09-13,3,3,0
2020-09-13,2,1,1
2020-09-13,8,2,6
2020-09-13,8,2,6
2020-09-13,13,8,5
2020-09-13,8,5,3
2020-09-13,7,4,3
2020-09-13,12,8,4
2020-09-13,5,2,3
2020-09-13,7,2,5
2020-09-13,7,4,3
2020-09-13,2,0,2
2020-09-13,3,3,0
2020-09-13,2,0,2
2020-09-13,0,0,0
2020-09-14,0,0,0
2020-09-14,0,0,0
2020-09-14,1,1,0
2020-09-14,0,0,0
2020-09-14,0,0,0
2020-09-14,7,3,4
2020-09-14,15,4,11
2020-09-14,15,7,8
2020-09-14,21,11,10
2020-09-14,15,7,8
2020-09-14,4,1,3
2020-09-14,7,6,1
2020-09-14,11,6,5
2020-09-14,8,2,6
2020-09-14,24,15,9
2020-09-14,12,6,6
2020-09-14,23,15,8
2020-09-14,21,10,11
2020-09-14,20,12,8
2020-09-14,8,2,6
2020-09-14,3,0,3
2020-09-14,10,4,6
2020-09-14,5,2,3
2020-09-14,0,0,0
2020-09-15,2,1,1
2020-09-15,2,0,2
2020-09-15,1,1,0
2020-09-15,0,0,0
2020-09-15,0,0,0
2020-09-15,9,2,7
2020-09-15,11,4,7
2020-09-15,18,8,10
2020-09-15,10,1,9
2020-09-15,12,5,7
2020-09-15,4,2,2
2020-09-15,10,4,6
2020-09-15,20,11,9
2020-09-15,14,7,7
2020-09-15,16,15,1
2020-09-15,10,8,2
2020-09-15,24,15,9
2020-09-15,29,18,11
2020-09-15,7,4,3
2020-09-15,6,3,3
2020-09-15,8,1,7
2020-09-15,3,3,0
2020-09-15,2,2,0
2020-09-15,2,1,1
2020-09-16,0,0,0
2020-09-16,0,0,0
2020-09-16,2,1,1
2020-09-16,0,0,0
2020-09-16,3,2,1
2020-09-16,9,4,5
2020-09-16,24,9,15
2020-09-16,18,9,9
2020-09-16,9,1,8
2020-09-16,9,3,6
2020-09-16,4,2,2
2020-09-16,12,7,5
2020-09-16,14,8,6
2020-09-16,13,5,8
2020-09-16,21,16,5
2020-09-16,23,14,9
2020-09-16,27,15,12
2020-09-16,38,26,12
2020-09-16,19,11,8
2020-09-16,12,7,5
2020-09-16,5,2,3
2020-09-16,3,1,2
2020-09-16,3,3,0
2020-09-16,3,2,1
2020-09-17,3,1,2
2020-09-17,0,0,0
2020-09-17,1,1,0
2020-09-17,2,1,1
2020-09-17,3,1,2
2020-09-17,11,3,8
2020-09-17,13,5,8
2020-09-17,23,13,10
2020-09-17,9,4,5
2020-09-17,18,8,10
2020-09-17,9,2,7
2020-09-17,15,6,9
2020-09-17,16,8,8
2020-09-17,13,5,8
2020-09-17,18,13,5
2020-09-17,33,21,12
2020-09-17,22,15,7
2020-09-17,34,18,16
2020-09-17,16,13,3
2020-09-17,11,4,7
2020-09-17,8,3,5
2020-09-17,8,3,5
2020-09-17,5,2,3
2020-09-17,4,3,1
2020-09-18,1,0,1
2020-09-18,2,2,0
2020-09-18,3,1,2
2020-09-18,0,0,0
2020-09-18,2,1,1
2020-09-18,13,8,5
2020-09-18,16,5,11
2020-09-18,27,10,17
2020-09-18,23,11,12
2020-09-18,13,6,7
2020-09-18,8,3,5
2020-09-18,9,2,7
2020-09-18,30,23,7
2020-09-18,11,8,3
2020-09-18,19,12,7
2020-09-18,13,8,5
2020-09-18,20,13,7
2020-09-18,26,13,13
2020-09-18,15,8,7
2020-09-18,11,6,5
2020-09-18,6,3,3
2020-09-18,5,3,2
2020-09-18,5,1,4
2020-09-18,5,3,2
2020-09-19,1,0,1
2020-09-19,2,0,2
2020-09-19,2,1,1
2020-09-19,0,0,0
2020-09-19,2,0,2
2020-09-19,3,2,1
2020-09-19,3,2,1
2020-09-19,2,0,2
2020-09-19,8,7,1
2020-09-19,15,8,7
2020-09-19,16,6,10
2020-09-19,27,12,15
2020-09-19,22,13,9
2020-09-19,27,15,12
2020-09-19,40,25,15
2020-09-19,40,21,19
2020-09-19,50,27,23
2020-09-19,16,9,7
2020-09-19,7,5,2
2020-09-19,11,7,4
2020-09-19,3,1,2
2020-09-19,6,3,3
2020-09-19,5,2,3
2020-09-19,6,2,4
2020-09-20,0,0,0
2020-09-20,0,0,0
2020-09-20,1,0,1
2020-09-20,1,1,0
2020-09-20,2,1,1
2020-09-20,1,0,1
2020-09-20,9,9,0
2020-09-20,11,5,6
2020-09-20,19,12,7
2020-09-20,26,13,13
2020-09-20,30,21,9
2020-09-20,29,12,17
2020-09-20,38,15,23
2020-09-20,45,26,19
2020-09-20,51,23,28
2020-09-20,47,23,24
2020-09-20,38,23,15
2020-09-20,30,14,16
2020-09-20,38,15,23
2020-09-20,15,3,12
2020-09-20,8,4,4
2020-09-20,6,1,5
2020-09-20,4,2,2
2020-09-20,7,4,3
2020-09-21,5,3,2
2020-09-21,1,0,1
2020-09-21,0,0,0
2020-09-21,0,0,0
2020-09-21,0,0,0
2020-09-21,12,6,6
2020-09-21,20,7,13
2020-09-21,40,16,24
2020-09-21,38,18,20
2020-09-21,17,10,7
2020-09-21,18,9,9
2020-09-21,29,16,13
2020-09-21,27,22,5
2020-09-21,22,9,13
2020-09-21,37,23,14
2020-09-21,44,27,17
2020-09-21,45,25,20
2020-09-21,60,31,29
2020-09-21,47,23,24
2020-09-21,43,26,17
2020-09-21,13,7,6
2020-09-21,9,6,3
2020-09-21,4,1,3
2020-09-21,5,3,2
2020-09-22,4,1,3
2020-09-22,2,0,2
2020-09-22,0,0,0
2020-09-22,1,0,1
2020-09-22,0,0,0
2020-09-22,10,4,6
2020-09-22,30,11,19
2020-09-22,36,14,22
2020-09-22,43,15,28
2020-09-22,20,11,9
2020-09-22,17,10,7
2020-09-22,30,20,10
2020-09-22,38,23,15
2020-09-22,25,14,11
2020-09-22,45,26,19
2020-09-22,49,27,22
2020-09-22,72,50,22
2020-09-22,70,39,31
2020-09-22,41,23,18
2020-09-22,19,6,13
2020-09-22,11,7,4
2020-09-22,8,7,1
2020-09-22,7,3,4
2020-09-22,4,2,2
2020-09-23,2,1,1
2020-09-23,0,0,0
2020-09-23,1,0,1
2020-09-23,0,0,0
2020-09-23,1,0,1
2020-09-23,6,3,3
2020-09-23,22,7,15
2020-09-23,23,10,13
2020-09-23,24,11,13
2020-09-23,14,6,8
2020-09-23,10,7,3
2020-09-23,12,5,7
2020-09-23,2,1,1
2020-09-23,13,9,4
2020-09-23,16,12,4
2020-09-23,14,8,6
2020-09-23,17,10,7
2020-09-23,26,17,9
2020-09-23,14,5,9
2020-09-23,8,3,5
2020-09-23,5,2,3
2020-09-23,7,5,2
2020-09-23,5,3,2
2020-09-23,3,2,1
2020-09-24,3,1,2
2020-09-24,0,0,0
2020-09-24,0,0,0
2020-09-24,3,2,1
2020-09-24,1,0,1
2020-09-24,7,1,6
2020-09-24,13,4,9
2020-09-24,16,7,9
2020-09-24,16,4,12
2020-09-24,10,6,4
2020-09-24,5,2,3
2020-09-24,9,4,5
2020-09-24,15,6,9
2020-09-24,10,5,5
2020-09-24,23,16,7
2020-09-24,28,19,9
2020-09-24,25,13,12
2020-09-24,45,26,19
2020-09-24,20,11,9
2020-09-24,14,8,6
2020-09-24,13,9,4
2020-09-24,5,3,2
2020-09-24,2,2,0
2020-09-24,4,1,3
2020-09-25,4,2,2
2020-09-25,0,0,0
2020-09-25,0,0,0
2020-09-25,0,0,0
2020-09-25,0,0,0
2020-09-25,5,3,2
2020-09-25,9,3,6
2020-09-25,20,7,13
2020-09-25,15,7,8
2020-09-25,10,6,4
2020-09-25,7,4,3
2020-09-25,12,3,9
2020-09-25,8,3,5
2020-09-25,12,4,8
2020-09-25,23,15,8
2020-09-25,32,20,12
2020-09-25,24,14,10
2020-09-25,38,19,19
2020-09-25,21,10,11
2020-09-25,13,6,7
2020-09-25,15,7,8
2020-09-25,9,5,4
2020-09-25,7,2,5
2020-09-25,7,2,5
2020-09-26,8,5,3
2020-09-26,1,0,1
2020-09-26,0,0,0
2020-09-26,0,0,0
2020-09-26,1,0,1
2020-09-26,2,2,0
2020-09-26,4,2,2
2020-09-26,3,1,2
2020-09-26,14,9,5
2020-09-26,14,4,10
2020-09-26,16,9,7
2020-09-26,19,12,7
2020-09-26,33,21,12
2020-09-26,45,20,25
2020-09-26,38,25,13
2020-09-26,29,16,13
2020-09-26,35,15,20
2020-09-26,31,21,10
2020-09-26,22,7,15
2020-09-26,21,13,8
2020-09-26,8,3,5
2020-09-26,6,4,2
2020-09-26,3,2,1
2020-09-26,4,3,1
2020-09-27,2,0,2
2020-09-27,0,0,0
2020-09-27,1,0,1
2020-09-27,0,0,0
2020-09-27,1,0,1
2020-09-27,0,0,0
2020-09-27,3,2,1
2020-09-27,13,8,5
2020-09-27,12,7,5
2020-09-27,32,21,11
2020-09-27,37,20,17
2020-09-27,35,17,18
2020-09-27,41,17,24
2020-09-27,67,31,36
2020-09-27,56,35,21
2020-09-27,56,32,24
2020-09-27,45,16,29
2020-09-27,48,25,23
2020-09-27,53,24,29
2020-09-27,16,9,7
2020-09-27,14,3,11
2020-09-27,9,1,8
2020-09-27,5,3,2
2020-09-27,3,1,2
2020-09-28,0,0,0
2020-09-28,0,0,0
2020-09-28,3,2,1
2020-09-28,0,0,0
2020-09-28,3,0,3
2020-09-28,10,3,7
2020-09-28,21,9,12
2020-09-28,39,16,23
2020-09-28,43,16,27
2020-09-28,20,7,13
2020-09-28,16,11,5
2020-09-28,29,18,11
2020-09-28,19,11,8
2020-09-28,26,11,15
2020-09-28,33,20,13
2020-09-28,23,14,9
2020-09-28,71,50,21
2020-09-28,71,38,33
2020-09-28,33,22,11
2020-09-28,20,6,14
2020-09-28,7,2,5
2020-09-28,3,3,0
2020-09-28,4,1,3
2020-09-28,3,1,2
2020-09-29,1,0,1
2020-09-29,1,0,1
2020-09-29,0,0,0
2020-09-29,0,0,0
2020-09-29,2,2,0
2020-09-29,16,5,11
2020-09-29,22,8,14
2020-09-29,42,16,26
2020-09-29,49,20,29
2020-09-29,21,8,13
2020-09-29,27,14,13
2020-09-29,18,12,6
2020-09-29,31,19,12
2020-09-29,31,15,16
2020-09-29,33,24,9
2020-09-29,54,30,24
2020-09-29,64,38,26
2020-09-29,77,43,34
2020-09-29,35,19,16
2020-09-29,18,8,10
2020-09-29,10,4,6
2020-09-29,9,5,4
2020-09-29,7,1,6
2020-09-29,4,3,1
2020-09-30,0,0,0
2020-09-30,3,0,3
2020-09-30,2,1,1
2020-09-30,1,1,0
2020-09-30,3,1,2
2020-09-30,7,2,5
2020-09-30,20,6,14
2020-09-30,45,15,30
2020-09-30,49,15,34
2020-09-30,19,8,11
2020-09-30,19,10,9
2020-09-30,21,12,9
2020-09-30,26,13,13
2020-09-30,26,12,14
2020-09-30,43,27,16
2020-09-30,44,25,19
2020-09-30,49,28,21
2020-09-30,70,48,22
2020-09-30,48,31,17
2020-09-30,21,11,10
2020-09-30,11,6,5
2020-09-30,9,6,3
2020-09-30,8,3,5
2020-09-30,3,2,1
2020-10-01,1,0,1
2020-10-01,1,0,1
2020-10-01,1,0,1
2020-10-01,1,0,1
2020-10-01,2,1,1
2020-10-01,13,3,10
2020-10-01,20,9,11
2020-10-01,43,17,26
2020-10-01,35,14,21
2020-10-01,27,8,19
2020-10-01,22,11,11
2020-10-01,21,14,7
2020-10-01,25,9,16
2020-10-01,26,14,12
2020-10-01,34,24,10
2020-10-01,45,28,17
2020-10-01,52,32,20
2020-10-01,67,40,27
2020-10-01,35,21,14
2020-10-01,22,12,10
2020-10-01,5,1,4
2020-10-01,4,2,2
2020-10-01,8,2,6
2020-10-01,4,1,3
2020-10-02,3,2,1
2020-10-02,0,0,0
2020-10-02,0,0,0
2020-10-02,0,0,0
2020-10-02,0,0,0
2020-10-02,11,7,4
2020-10-02,25,7,18
2020-10-02,29,15,14
2020-10-02,35,12,23
2020-10-02,23,12,11
2020-10-02,18,12,6
2020-10-02,19,10,9
2020-10-02,26,12,14
2020-10-02,40,28,12
2020-10-02,46,24,22
2020-10-02,45,25,20
2020-10-02,53,34,19
2020-10-02,66,36,30
2020-10-02,42,29,13
2020-10-02,24,14,10
2020-10-02,16,6,10
2020-10-02,15,3,12
2020-10-02,9,4,5
2020-10-02,12,4,8
2020-10-03,1,0,1
2020-10-03,4,3,1
2020-10-03,1,0,1
2020-10-03,0,0,0
2020-10-03,3,2,1
2020-10-03,1,1,0
2020-10-03,6,2,4
2020-10-03,6,4,2
2020-10-03,15,10,5
2020-10-03,25,15,10
2020-10-03,22,14,8
2020-10-03,20,11,9
2020-10-03,36,14,22
2020-10-03,47,24,23
2020-10-03,35,20,15
2020-10-03,44,26,18
2020-10-03,23,11,12
2020-10-03,35,15,20
2020-10-03,25,13,12
2020-10-03,15,7,8
2020-10-03,12,7,5
2020-10-03,6,3,3
2020-10-03,10,4,6
2020-10-03,2,0,2
2020-10-04,2,1,1
2020-10-04,2,2,0
2020-10-04,3,1,2
2020-10-04,0,0,0
2020-10-04,1,0,1
2020-10-04,0,0,0
2020-10-04,3,1,2
2020-10-04,6,2,4
2020-10-04,4,1,3
2020-10-04,7,2,5
2020-10-04,18,8,10
2020-10-04,27,11,16
2020-10-04,30,13,17
2020-10-04,33,21,12
2020-10-04,39,25,14
2020-10-04,27,8,19
2020-10-04,30,22,8
2020-10-04,21,9,12
2020-10-04,20,7,13
2020-10-04,13,6,7
2020-10-04,12,4,8
2020-10-04,6,3,3
2020-10-04,3,2,1
2020-10-04,4,3,1
2020-10-05,2,0,2
2020-10-05,2,2,0
2020-10-05,0,0,0
2020-10-05,0,0,0
2020-10-05,1,1,0
2020-10-05,9,4,5
2020-10-05,19,4,15
2020-10-05,37,12,25
2020-10-05,44,16,28
2020-10-05,20,7,13
2020-10-05,11,5,6
2020-10-05,16,6,10
2020-10-05,20,10,10
2020-10-05,21,13,8
2020-10-05,32,24,8
2020-10-05,40,27,13
2020-10-05,51,28,23
2020-10-05,69,38,31
2020-10-05,42,26,16
2020-10-05,14,7,7
2020-10-05,10,2,8
2020-10-05,5,3,2
2020-10-05,1,1,0
2020-10-05,2,0,2
2020-10-06,1,0,1
2020-10-06,2,0,2
2020-10-06,0,0,0
2020-10-06,0,0,0
2020-10-06,0,0,0
2020-10-06,10,4,6
2020-10-06,28,8,20
2020-10-06,51,19,32
2020-10-06,36,13,23
2020-10-06,29,13,16
2020-10-06,9,5,4
2020-10-06,23,14,9
2020-10-06,24,7,17
2020-10-06,28,18,10
2020-10-06,29,15,14
2020-10-06,36,21,15
2020-10-06,65,46,19
2020-10-06,63,36,27
2020-10-06,35,20,15
2020-10-06,18,9,9
2020-10-06,19,7,12
2020-10-06,10,8,2
2020-10-06,8,1,7
2020-10-06,12,8,4
2020-10-07,1,0,1
2020-10-07,0,0,0
2020-10-07,0,0,0
2020-10-07,0,0,0
2020-10-07,3,1,2
2020-10-07,12,4,8
2020-10-07,19,6,13
2020-10-07,35,13,22
2020-10-07,43,17,26
2020-10-07,33,15,18
2020-10-07,14,8,6
2020-10-07,23,9,14
2020-10-07,28,14,14
2020-10-07,28,12,16
2020-10-07,47,33,14
2020-10-07,48,30,18
2020-10-07,46,30,16
2020-10-07,73,46,27
2020-10-07,28,17,11
2020-10-07,19,5,14
2020-10-07,14,8,6
2020-10-07,9,4,5
2020-10-07,6,1,5
2020-10-07,8,2,6
2020-10-08,5,3,2
2020-10-08,0,0,0
2020-10-08,1,1,0
2020-10-08,2,2,0
2020-10-08,1,0,1
2020-10-08,18,6,12
2020-10-08,22,6,16
2020-10-08,29,14,15
2020-10-08,35,14,21
2020-10-08,34,13,21
2020-10-08,17,10,7
2020-10-08,17,8,9
2020-10-08,27,16,11
2020-10-08,36,17,19
2020-10-08,32,19,13
2020-10-08,49,33,16
2020-10-08,46,29,17
2020-10-08,75,38,37
2020-10-08,43,25,18
2020-10-08,21,15,6
2020-10-08,19,6,13
2020-10-08,8,4,4
2020-10-08,7,4,3
2020-10-08,11,7,4
2020-10-09,1,1,0
2020-10-09,2,1,1
2020-10-09,0,0,0
2020-10-09,3,3,0
2020-10-09,0,0,0
2020-10-09,10,6,4
2020-10-09,20,6,14
2020-10-09,32,12,20
2020-10-09,28,15,13
2020-10-09,45,19,26
2020-10-09,23,9,14
2020-10-09,24,10,14
2020-10-09,32,22,10
2020-10-09,38,25,13
2020-10-09,52,31,21
2020-10-09,43,28,15
2020-10-09,64,40,24
2020-10-09,59,35,24
2020-10-09,28,15,13
2020-10-09,22,9,13
2020-10-09,9,2,7
2020-10-09,4,2,2
2020-10-09,2,1,1
2020-10-09,6,4,2
2020-10-10,1,0,1
2020-10-10,1,1,0
2020-10-10,0,0,0
2020-10-10,1,1,0
2020-10-10,0,0,0
2020-10-10,4,2,2
2020-10-10,2,0,2
2020-10-10,7,3,4
2020-10-10,8,6,2
2020-10-10,15,11,4
2020-10-10,6,5,1
2020-10-10,9,3,6
2020-10-10,20,10,10
2020-10-10,25,15,10
2020-10-10,33,22,11
2020-10-10,32,16,16
2020-10-10,35,23,12
2020-10-10,22,10,12
2020-10-10,19,11,8
2020-10-10,8,2,6
2020-10-10,10,3,7
2020-10-10,5,1,4
2020-10-10,3,0,3
2020-10-10,3,0,3
2020-10-11,2,1,1
2020-10-11,0,0,0
2020-10-11,0,0,0
2020-10-11,0,0,0
2020-10-11,0,0,0
2020-10-11,1,0,1
2020-10-11,2,1,1
2020-10-11,3,1,2
2020-10-11,9,7,2
2020-10-11,7,4,3
2020-10-11,6,3,3
2020-10-11,4,3,1
2020-10-11,8,2,6
2020-10-11,11,3,8
2020-10-11,10,5,5
2020-10-11,11,4,7
2020-10-11,9,4,5
2020-10-11,12,4,8
2020-10-11,3,2,1
2020-10-11,7,2,5
2020-10-11,1,0,1
2020-10-11,3,3,0
2020-10-11,1,1,0
2020-10-11,2,1,1
2020-10-12,0,0,0
2020-10-12,1,1,0
2020-10-12,1,0,1
2020-10-12,3,1,2
2020-10-12,1,0,1
2020-10-12,6,3,3
2020-10-12,16,1,15
2020-10-12,26,6,20
2020-10-12,25,9,16
2020-10-12,26,10,16
2020-10-12,10,6,4
2020-10-12,15,8,7
2020-10-12,28,14,14
2020-10-12,26,15,11
2020-10-12,31,15,16
2020-10-12,30,23,7
2020-10-12,48,34,14
2020-10-12,47,28,19
2020-10-12,37,24,13
2020-10-12,11,6,5
2020-10-12,11,6,5
2020-10-12,3,1,2
2020-10-12,6,4,2
2020-10-12,0,0,0
2020-10-13,1,1,0
2020-10-13,2,1,1
2020-10-13,1,1,0
2020-10-13,2,2,0
2020-10-13,0,0,0
2020-10-13,7,3,4
2020-10-13,13,3,10
2020-10-13,23,9,14
2020-10-13,22,7,15
2020-10-13,13,5,8
2020-10-13,9,5,4
2020-10-13,7,3,4
2020-10-13,15,7,8
2020-10-13,20,12,8
2020-10-13,24,21,3
2020-10-13,18,13,5
2020-10-13,36,23,13
2020-10-13,34,21,13
2020-10-13,21,13,8
2020-10-13,19,10,9
2020-10-13,11,5,6
2020-10-13,6,4,2
2020-10-13,7,3,4
2020-10-13,8,4,4
2020-10-14,1,0,1
2020-10-14,0,0,0
2020-10-14,1,1,0
2020-10-14,1,1,0
2020-10-14,1,1,0
2020-10-14,12,5,7
2020-10-14,18,6,12
2020-10-14,41,19,22
2020-10-14,40,11,29
2020-10-14,22,8,14
2020-10-14,17,6,11
2020-10-14,22,14,8
2020-10-14,28,11,17
2020-10-14,31,16,15
2020-10-14,38,24,14
2020-10-14,39,24,15
2020-10-14,51,33,18
2020-10-14,51,31,20
2020-10-14,38,17,21
2020-10-14,18,10,8
2020-10-14,6,4,2
2020-10-14,8,1,7
2020-10-14,5,2,3
2020-10-14,6,6,0
2020-10-15,2,0,2
2020-10-15,1,0,1
2020-10-15,0,0,0
2020-10-15,1,0,1
2020-10-15,1,1,0
2020-10-15,7,5,2
2020-10-15,23,7,16
2020-10-15,41,18,23
2020-10-15,27,8,19
2020-10-15,33,14,19
2020-10-15,17,11,6
2020-10-15,16,9,7
2020-10-15,29,12,17
2020-10-15,21,11,10
2020-10-15,29,21,8
2020-10-15,52,34,18
2020-10-15,52,29,23
2020-10-15,64,36,28
2020-10-15,39,23,16
2020-10-15,17,7,10
2020-10-15,8,3,5
2020-10-15,17,9,8
2020-10-15,5,4,1
2020-10-15,7,4,3
2020-10-16,2,2,0
2020-10-16,0,0,0
2020-10-16,2,2,0
2020-10-16,0,0,0
2020-10-16,0,0,0
2020-10-16,10,7,3
2020-10-16,21,7,14
2020-10-16,22,9,13
2020-10-16,28,9,19
2020-10-16,19,8,11
2020-10-16,18,7,11
2020-10-16,16,4,12
2020-10-16,25,11,14
2020-10-16,30,20,10
2020-10-16,30,19,11
2020-10-16,29,16,13
2020-10-16,43,24,19
2020-10-16,50,29,21
2020-10-16,29,18,11
2020-10-16,11,6,5
2020-10-16,13,5,8
2020-10-16,5,3,2
2020-10-16,6,3,3
2020-10-16,7,1,6
2020-10-17,0,0,0
2020-10-17,0,0,0
2020-10-17,1,1,0
2020-10-17,0,0,0
2020-10-17,0,0,0
2020-10-17,3,3,0
2020-10-17,1,0,1
2020-10-17,6,3,3
2020-10-17,12,6,6
2020-10-17,18,11,7
2020-10-17,28,21,7
2020-10-17,28,21,7
2020-10-17,32,18,14
2020-10-17,33,27,6
2020-10-17,34,12,22
2020-10-17,43,31,12
2020-10-17,42,13,29
2020-10-17,38,8,30
2020-10-17,16,7,9
2020-10-17,22,9,13
2020-10-17,7,3,4
2020-10-17,6,4,2
2020-10-17,4,3,1
2020-10-17,7,3,4
2020-10-18,4,2,2
2020-10-18,0,0,0
2020-10-18,1,0,1
2020-10-18,0,0,0
2020-10-18,1,1,0
2020-10-18,2,0,2
2020-10-18,1,1,0
2020-10-18,4,2,2
2020-10-18,2,1,1
2020-10-18,9,1,8
2020-10-18,5,2,3
2020-10-18,12,5,7
2020-10-18,11,6,5
2020-10-18,12,6,6
2020-10-18,18,11,7
2020-10-18,14,9,5
2020-10-18,15,7,8
2020-10-18,19,12,7
2020-10-18,6,5,1
2020-10-18,9,6,3
2020-10-18,1,1,0
2020-10-18,9,3,6
2020-10-18,8,3,5
2020-10-18,2,1,1
2020-10-19,4,4,0
2020-10-19,0,0,0
2020-10-19,1,0,1
2020-10-19,0,0,0
2020-10-19,2,2,0
2020-10-19,5,2,3
2020-10-19,19,4,15
2020-10-19,29,10,19
2020-10-19,37,14,23
2020-10-19,27,11,16
2020-10-19,17,8,9
2020-10-19,16,10,6
2020-10-19,25,12,13
2020-10-19,14,8,6
2020-10-19,34,22,12
2020-10-19,24,12,12
2020-10-19,43,24,19
2020-10-19,38,22,16
2020-10-19,19,9,10
2020-10-19,12,5,7
2020-10-19,3,0,3
2020-10-19,2,0,2
2020-10-19,3,1,2
2020-10-19,1,1,0
2020-10-20,0,0,0
2020-10-20,1,0,1
2020-10-20,0,0,0
2020-10-20,0,0,0
2020-10-20,0,0,0
2020-10-20,10,4,6
2020-10-20,21,6,15
2020-10-20,30,15,15
2020-10-20,35,11,24
2020-10-20,18,7,11
2020-10-20,13,5,8
2020-10-20,16,5,11
2020-10-20,18,11,7
2020-10-20,18,9,9
2020-10-20,29,16,13
2020-10-20,35,22,13
2020-10-20,52,30,22
2020-10-20,69,30,39
2020-10-20,30,17,13
2020-10-20,23,12,11
2020-10-20,4,0,4
2020-10-20,3,2,1
2020-10-20,2,0,2
2020-10-20,9,2,7
2020-10-21,1,0,1
2020-10-21,2,1,1
2020-10-21,0,0,0
2020-10-21,0,0,0
2020-10-21,0,0,0
2020-10-21,6,2,4
2020-10-21,21,10,11
2020-10-21,33,12,21
2020-10-21,27,11,16
2020-10-21,16,5,11
2020-10-21,12,5,7
2020-10-21,14,10,4
2020-10-21,11,7,4
2020-10-21,20,13,7
2020-10-21,27,19,8
2020-10-21,24,16,8
2020-10-21,47,31,16
2020-10-21,47,26,21
2020-10-21,29,13,16
2020-10-21,8,3,5
2020-10-21,3,2,1
2020-10-21,2,0,2
2020-10-21,2,0,2
2020-10-21,6,2,4
2020-10-22,1,0,1
2020-10-22,0,0,0
2020-10-22,2,1,1
2020-10-22,0,0,0
2020-10-22,1,1,0
2020-10-22,9,3,6
2020-10-22,15,6,9
2020-10-22,35,15,20
2020-10-22,23,12,11
2020-10-22,12,3,9
2020-10-22,21,12,9
2020-10-22,21,11,10
2020-10-22,21,10,11
2020-10-22,15,9,6
2020-10-22,32,19,13
2020-10-22,49,33,16
2020-10-22,50,36,14
2020-10-22,61,31,30
2020-10-22,27,16,11
2020-10-22,22,9,13
2020-10-22,13,9,4
2020-10-22,6,3,3
2020-10-22,6,1,5
2020-10-22,3,1,2
2020-10-23,1,0,1
2020-10-23,2,1,1
2020-10-23,2,2,0
2020-10-23,0,0,0
2020-10-23,1,0,1
2020-10-23,4,2,2
2020-10-23,20,5,15
2020-10-23,23,6,17
2020-10-23,22,10,12
2020-10-23,12,6,6
2020-10-23,8,5,3
2020-10-23,9,4,5
2020-10-23,9,3,6
2020-10-23,19,12,7
2020-10-23,23,17,6
2020-10-23,27,21,6
2020-10-23,38,23,15
2020-10-23,27,11,16
2020-10-23,17,8,9
2020-10-23,6,5,1
2020-10-23,6,5,1
2020-10-23,6,1,5
2020-10-23,2,1,1
2020-10-23,4,1,3
2020-10-24,1,0,1
2020-10-24,1,0,1
2020-10-24,1,1,0
2020-10-24,1,0,1
2020-10-24,1,0,1
2020-10-24,2,1,1
2020-10-24,3,1,2
2020-10-24,4,2,2
2020-10-24,4,0,4
2020-10-24,17,13,4
2020-10-24,16,12,4
2020-10-24,31,18,13
2020-10-24,25,21,4
2020-10-24,39,18,21
2020-10-24,42,21,21
2020-10-24,32,20,12
2020-10-24,32,14,18
2020-10-24,40,11,29
2020-10-24,24,9,15
2020-10-24,17,6,11
2020-10-24,7,2,5
2020-10-24,3,2,1
2020-10-24,4,3,1
2020-10-24,4,0,4
2020-10-25,5,2,3
2020-10-25,1,1,0
2020-10-25,0,0,0
2020-10-25,0,0,0
2020-10-25,0,0,0
2020-10-25,0,0,0
2020-10-25,1,0,1
2020-10-25,7,1,6
2020-10-25,3,0,3
2020-10-25,15,5,10
2020-10-25,16,10,6
2020-10-25,20,13,7
2020-10-25,25,14,11
2020-10-25,15,7,8
2020-10-25,36,18,18
2020-10-25,26,12,14
2020-10-25,19,8,11
2020-10-25,15,5,10
2020-10-25,20,5,15
2020-10-25,11,5,6
2020-10-25,1,0,1
2020-10-25,6,6,0
2020-10-25,4,1,3
2020-10-25,1,0,1
2020-10-26,4,3,1
2020-10-26,0,0,0
2020-10-26,0,0,0
2020-10-26,0,0,0
2020-10-26,1,1,0
2020-10-26,11,5,6
2020-10-26,11,3,8
2020-10-26,29,6,23
2020-10-26,22,7,15
2020-10-26,16,5,11
2020-10-26,5,3,2
2020-10-26,18,9,9
2020-10-26,16,8,8
2020-10-26,20,9,11
2020-10-26,19,13,6
2020-10-26,21,16,5
2020-10-26,44,28,16
2020-10-26,49,28,21
2020-10-26,21,11,10
2020-10-26,14,5,9
2020-10-26,3,1,2
2020-10-26,11,6,5
2020-10-26,5,4,1
2020-10-26,3,3,0
2020-10-27,3,2,1
2020-10-27,1,0,1
2020-10-27,1,1,0
2020-10-27,0,0,0
2020-10-27,2,1,1
2020-10-27,13,4,9
2020-10-27,19,5,14
2020-10-27,37,11,26
2020-10-27,33,12,21
2020-10-27,12,3,9
2020-10-27,20,11,9
2020-10-27,22,11,11
2020-10-27,15,7,8
2020-10-27,23,10,13
2020-10-27,34,22,12
2020-10-27,35,19,16
2020-10-27,53,40,13
2020-10-27,54,29,25
2020-10-27,33,23,10
2020-10-27,8,3,5
2020-10-27,8,3,5
2020-10-27,1,0,1
2020-10-27,6,1,5
2020-10-27,4,1,3
2020-10-28,0,0,0
2020-10-28,2,1,1
2020-10-28,0,0,0
2020-10-28,0,0,0
2020-10-28,2,2,0
2020-10-28,11,5,6
2020-10-28,21,5,16
2020-10-28,34,15,19
2020-10-28,45,17,28
2020-10-28,33,12,21
2020-10-28,16,9,7
2020-10-28,17,7,10
2020-10-28,25,12,13
2020-10-28,24,15,9
2020-10-28,29,24,5
2020-10-28,36,22,14
2020-10-28,53,35,18
2020-10-28,50,29,21
2020-10-28,42,16,26
2020-10-28,18,7,11
2020-10-28,5,3,2
2020-10-28,7,4,3
2020-10-28,4,1,3
2020-10-28,3,1,2
2020-10-29,1,0,1
2020-10-29,0,0,0
2020-10-29,0,0,0
2020-10-29,2,1,1
2020-10-29,1,0,1
2020-10-29,14,3,11
2020-10-29,20,7,13
2020-10-29,35,14,21
2020-10-29,29,14,15
2020-10-29,22,8,14
2020-10-29,21,13,8
2020-10-29,18,6,12
2020-10-29,23,11,12
2020-10-29,16,4,12
2020-10-29,30,20,10
2020-10-29,36,26,10
2020-10-29,49,34,15
2020-10-29,73,42,31
2020-10-29,32,17,15
2020-10-29,24,8,16
2020-10-29,7,5,2
2020-10-29,13,6,7
2020-10-29,8,2,6
2020-10-29,1,0,1
2020-10-30,0,0,0
2020-10-30,0,0,0
2020-10-30,1,0,1
2020-10-30,0,0,0
2020-10-30,0,0,0
2020-10-30,12,6,6
2020-10-30,15,5,10
2020-10-30,29,10,19
2020-10-30,27,10,17
2020-10-30,17,9,8
2020-10-30,19,7,12
2020-10-30,15,7,8
2020-10-30,20,13,7
2020-10-30,24,16,8
2020-10-30,31,23,8
2020-10-30,38,25,13
2020-10-30,51,33,18
2020-10-30,52,30,22
2020-10-30,37,17,20
2020-10-30,17,13,4
2020-10-30,14,5,9
2020-10-30,11,8,3
2020-10-30,5,2,3
2020-10-30,7,4,3
2020-10-31,3,1,2
2020-10-31,3,2,1
2020-10-31,0,0,0
2020-10-31,0,0,0
2020-10-31,0,0,0
2020-10-31,4,1,3
2020-10-31,3,3,0
2020-10-31,4,3,1
2020-10-31,13,6,7
2020-10-31,15,11,4
2020-10-31,13,8,5
2020-10-31,35,27,8
2020-10-31,34,23,11
2020-10-31,46,24,22
2020-10-31,42,19,23
2020-10-31,24,11,13
2020-10-31,44,18,26
2020-10-31,23,13,10
2020-10-31,22,12,10
2020-10-31,7,4,3
2020-10-31,5,2,3
2020-10-31,4,1,3
2020-10-31,5,2,3
2020-10-31,4,1,3
2020-10-01,1,1,0
2020-10-01,1,1,0
2020-10-01,1,1,0
2020-10-01,1,1,0
2020-10-01,2,1,1
2020-10-01,13,10,3
2020-10-01,20,11,9
2020-10-01,43,26,17
2020-10-01,35,21,14
2020-10-01,27,19,8
2020-10-01,22,11,11
2020-10-01,21,7,14
2020-10-01,25,16,9
2020-10-01,26,12,14
2020-10-01,34,10,24
2020-10-01,45,17,28
2020-10-01,52,20,32
2020-10-01,67,27,40
2020-10-01,35,14,21
2020-10-01,22,10,12
2020-10-01,5,4,1
2020-10-01,4,2,2
2020-10-01,8,6,2
2020-10-01,4,3,1
2020-10-02,3,1,2
2020-10-02,0,0,0
2020-10-02,0,0,0
2020-10-02,0,0,0
2020-10-02,0,0,0
2020-10-02,11,4,7
2020-10-02,25,18,7
2020-10-02,29,14,15
2020-10-02,35,23,12
2020-10-02,23,11,12
2020-10-02,18,6,12
2020-10-02,19,9,10
2020-10-02,26,14,12
2020-10-02,40,12,28
2020-10-02,46,22,24
2020-10-02,45,20,25
2020-10-02,53,19,34
2020-10-02,66,30,36
2020-10-02,42,13,29
2020-10-02,24,10,14
2020-10-02,16,10,6
2020-10-02,15,12,3
2020-10-02,9,5,4
2020-10-02,12,8,4
2020-10-03,1,1,0
2020-10-03,4,1,3
2020-10-03,1,1,0
2020-10-03,0,0,0
2020-10-03,3,1,2
2020-10-03,1,0,1
2020-10-03,6,4,2
2020-10-03,6,2,4
2020-10-03,15,5,10
2020-10-03,25,10,15
2020-10-03,22,8,14
2020-10-03,20,9,11
2020-10-03,36,22,14
2020-10-03,47,23,24
2020-10-03,35,15,20
2020-10-03,44,18,26
2020-10-03,23,12,11
2020-10-03,35,20,15
2020-10-03,25,12,13
2020-10-03,15,8,7
2020-10-03,12,5,7
2020-10-03,6,3,3
2020-10-03,10,6,4
2020-10-03,2,2,0
2020-10-04,2,1,1
2020-10-04,2,0,2
2020-10-04,3,2,1
2020-10-04,0,0,0
2020-10-04,1,1,0
2020-10-04,0,0,0
2020-10-04,3,2,1
2020-10-04,6,4,2
2020-10-04,4,3,1
2020-10-04,7,5,2
2020-10-04,18,10,8
2020-10-04,27,16,11
2020-10-04,30,17,13
2020-10-04,33,12,21
2020-10-04,39,14,25
2020-10-04,27,19,8
2020-10-04,30,8,22
2020-10-04,21,12,9
2020-10-04,20,13,7
2020-10-04,13,7,6
2020-10-04,12,8,4
2020-10-04,6,3,3
2020-10-04,3,1,2
2020-10-04,4,1,3
2020-10-05,2,2,0
2020-10-05,2,0,2
2020-10-05,0,0,0
2020-10-05,0,0,0
2020-10-05,1,0,1
2020-10-05,9,5,4
2020-10-05,19,15,4
2020-10-05,37,25,12
2020-10-05,44,28,16
2020-10-05,20,13,7
2020-10-05,11,6,5
2020-10-05,16,10,6
2020-10-05,20,10,10
2020-10-05,21,8,13
2020-10-05,32,8,24
2020-10-05,40,13,27
2020-10-05,51,23,28
2020-10-05,69,31,38
2020-10-05,42,16,26
2020-10-05,14,7,7
2020-10-05,10,8,2
2020-10-05,5,2,3
2020-10-05,1,0,1
2020-10-05,2,2,0
2020-10-06,1,1,0
2020-10-06,2,2,0
2020-10-06,0,0,0
2020-10-06,0,0,0
2020-10-06,0,0,0
2020-10-06,10,6,4
2020-10-06,28,20,8
2020-10-06,51,32,19
2020-10-06,36,23,13
2020-10-06,29,16,13
2020-10-06,9,4,5
2020-10-06,23,9,14
2020-10-06,24,17,7
2020-10-06,28,10,18
2020-10-06,29,14,15
2020-10-06,36,15,21
2020-10-06,65,19,46
2020-10-06,63,27,36
2020-10-06,35,15,20
2020-10-06,18,9,9
2020-10-06,19,12,7
2020-10-06,10,2,8
2020-10-06,8,7,1
2020-10-06,12,4,8
2020-10-07,1,1,0
2020-10-07,0,0,0
2020-10-07,0,0,0
2020-10-07,0,0,0
2020-10-07,3,2,1
2020-10-07,12,8,4
2020-10-07,19,13,6
2020-10-07,35,22,13
2020-10-07,43,26,17
2020-10-07,33,18,15
2020-10-07,14,6,8
2020-10-07,23,14,9
2020-10-07,28,14,14
2020-10-07,28,16,12
2020-10-07,47,14,33
2020-10-07,48,18,30
2020-10-07,46,16,30
2020-10-07,73,27,46
2020-10-07,28,11,17
2020-10-07,19,14,5
2020-10-07,14,6,8
2020-10-07,9,5,4
2020-10-07,6,5,1
2020-10-07,8,6,2
2020-10-08,5,2,3
2020-10-08,0,0,0
2020-10-08,1,0,1
2020-10-08,2,0,2
2020-10-08,1,1,0
2020-10-08,18,12,6
2020-10-08,22,16,6
2020-10-08,29,15,14
2020-10-08,35,21,14
2020-10-08,34,21,13
2020-10-08,17,7,10
2020-10-08,17,9,8
2020-10-08,27,11,16
2020-10-08,36,19,17
2020-10-08,32,13,19
2020-10-08,49,16,33
2020-10-08,46,17,29
2020-10-08,75,37,38
2020-10-08,43,18,25
2020-10-08,21,6,15
2020-10-08,19,13,6
2020-10-08,8,4,4
2020-10-08,7,3,4
2020-10-08,11,4,7
2020-10-09,1,0,1
2020-10-09,2,1,1
2020-10-09,0,0,0
2020-10-09,3,0,3
2020-10-09,0,0,0
2020-10-09,10,4,6
2020-10-09,20,14,6
2020-10-09,32,20,12
2020-10-09,28,13,15
2020-10-09,45,26,19
2020-10-09,23,14,9
2020-10-09,24,14,10
2020-10-09,32,10,22
2020-10-09,38,13,25
2020-10-09,52,21,31
2020-10-09,43,15,28
2020-10-09,64,24,40
2020-10-09,59,24,35
2020-10-09,28,13,15
2020-10-09,22,13,9
2020-10-09,9,7,2
2020-10-09,4,2,2
2020-10-09,2,1,1
2020-10-09,6,2,4
2020-10-10,1,1,0
2020-10-10,1,0,1
2020-10-10,0,0,0
2020-10-10,1,0,1
2020-10-10,0,0,0
2020-10-10,4,2,2
2020-10-10,2,2,0
2020-10-10,7,4,3
2020-10-10,8,2,6
2020-10-10,15,4,11
2020-10-10,6,1,5
2020-10-10,9,6,3
2020-10-10,20,10,10
2020-10-10,25,10,15
2020-10-10,33,11,22
2020-10-10,32,16,16
2020-10-10,35,12,23
2020-10-10,22,12,10
2020-10-10,19,8,11
2020-10-10,8,6,2
2020-10-10,10,7,3
2020-10-10,5,4,1
2020-10-10,3,3,0
2020-10-10,3,3,0
2020-10-11,2,1,1
2020-10-11,0,0,0
2020-10-11,0,0,0
2020-10-11,0,0,0
2020-10-11,0,0,0
2020-10-11,1,1,0
2020-10-11,2,1,1
2020-10-11,3,2,1
2020-10-11,9,2,7
2020-10-11,7,3,4
2020-10-11,6,3,3
2020-10-11,4,1,3
2020-10-11,8,6,2
2020-10-11,11,8,3
2020-10-11,10,5,5
2020-10-11,11,7,4
2020-10-11,9,5,4
2020-10-11,12,8,4
2020-10-11,3,1,2
2020-10-11,7,5,2
2020-10-11,1,1,0
2020-10-11,3,0,3
2020-10-11,1,0,1
2020-10-11,2,1,1
2020-10-12,0,0,0
2020-10-12,1,0,1
2020-10-12,1,1,0
2020-10-12,3,2,1
2020-10-12,1,1,0
2020-10-12,6,3,3
2020-10-12,16,15,1
2020-10-12,26,20,6
2020-10-12,25,16,9
2020-10-12,26,16,10
2020-10-12,10,4,6
2020-10-12,15,7,8
2020-10-12,28,14,14
2020-10-12,26,11,15
2020-10-12,31,16,15
2020-10-12,30,7,23
2020-10-12,48,14,34
2020-10-12,47,19,28
2020-10-12,37,13,24
2020-10-12,11,5,6
2020-10-12,11,5,6
2020-10-12,3,2,1
2020-10-12,6,2,4
2020-10-12,0,0,0
2020-10-13,1,0,1
2020-10-13,2,1,1
2020-10-13,1,0,1
2020-10-13,2,0,2
2020-10-13,0,0,0
2020-10-13,7,4,3
2020-10-13,13,10,3
2020-10-13,23,14,9
2020-10-13,22,15,7
2020-10-13,13,8,5
2020-10-13,9,4,5
2020-10-13,7,4,3
2020-10-13,15,8,7
2020-10-13,20,8,12
2020-10-13,24,3,21
2020-10-13,18,5,13
2020-10-13,36,13,23
2020-10-13,34,13,21
2020-10-13,21,8,13
2020-10-13,19,9,10
2020-10-13,11,6,5
2020-10-13,6,2,4
2020-10-13,7,4,3
2020-10-13,8,4,4
2020-10-14,1,1,0
2020-10-14,0,0,0
2020-10-14,1,0,1
2020-10-14,1,0,1
2020-10-14,1,0,1
2020-10-14,12,7,5
2020-10-14,18,12,6
2020-10-14,41,22,19
2020-10-14,40,29,11
2020-10-14,22,14,8
2020-10-14,17,11,6
2020-10-14,22,8,14
2020-10-14,28,17,11
2020-10-14,31,15,16
2020-10-14,38,14,24
2020-10-14,39,15,24
2020-10-14,51,18,33
2020-10-14,51,20,31
2020-10-14,38,21,17
2020-10-14,18,8,10
2020-10-14,6,2,4
2020-10-14,8,7,1
2020-10-14,5,3,2
2020-10-14,6,0,6
2020-10-15,2,2,0
2020-10-15,1,1,0
2020-10-15,0,0,0
2020-10-15,1,1,0
2020-10-15,1,0,1
2020-10-15,7,2,5
2020-10-15,23,16,7
2020-10-15,41,23,18
2020-10-15,27,19,8
2020-10-15,33,19,14
2020-10-15,17,6,11
2020-10-15,16,7,9
2020-10-15,29,17,12
2020-10-15,21,10,11
2020-10-15,29,8,21
2020-10-15,52,18,34
2020-10-15,52,23,29
2020-10-15,64,28,36
2020-10-15,39,16,23
2020-10-15,17,10,7
2020-10-15,8,5,3
2020-10-15,17,8,9
2020-10-15,5,1,4
2020-10-15,7,3,4
2020-10-16,2,0,2
2020-10-16,0,0,0
2020-10-16,2,0,2
2020-10-16,0,0,0
2020-10-16,0,0,0
2020-10-16,10,3,7
2020-10-16,21,14,7
2020-10-16,22,13,9
2020-10-16,28,19,9
2020-10-16,19,11,8
2020-10-16,18,11,7
2020-10-16,16,12,4
2020-10-16,25,14,11
2020-10-16,30,10,20
2020-10-16,30,11,19
2020-10-16,29,13,16
2020-10-16,43,19,24
2020-10-16,50,21,29
2020-10-16,29,11,18
2020-10-16,11,5,6
2020-10-16,13,8,5
2020-10-16,5,2,3
2020-10-16,6,3,3
2020-10-16,7,6,1
2020-10-17,0,0,0
2020-10-17,0,0,0
2020-10-17,1,0,1
2020-10-17,0,0,0
2020-10-17,0,0,0
2020-10-17,3,0,3
2020-10-17,1,1,0
2020-10-17,6,3,3
2020-10-17,12,6,6
2020-10-17,18,7,11
2020-10-17,28,7,21
2020-10-17,28,7,21
2020-10-17,32,14,18
2020-10-17,33,6,27
2020-10-17,34,22,12
2020-10-17,43,12,31
2020-10-17,42,29,13
2020-10-17,38,30,8
2020-10-17,16,9,7
2020-10-17,22,13,9
2020-10-17,7,4,3
2020-10-17,6,2,4
2020-10-17,4,1,3
2020-10-17,7,4,3
2020-10-18,4,2,2
2020-10-18,0,0,0
2020-10-18,1,1,0
2020-10-18,0,0,0
2020-10-18,1,0,1
2020-10-18,2,2,0
2020-10-18,1,0,1
2020-10-18,4,2,2
2020-10-18,2,1,1
2020-10-18,9,8,1
2020-10-18,5,3,2
2020-10-18,12,7,5
2020-10-18,11,5,6
2020-10-18,12,6,6
2020-10-18,18,7,11
2020-10-18,14,5,9
2020-10-18,15,8,7
2020-10-18,19,7,12
2020-10-18,6,1,5
2020-10-18,9,3,6
2020-10-18,1,0,1
2020-10-18,9,6,3
2020-10-18,8,5,3
2020-10-18,2,1,1
2020-10-19,4,0,4
2020-10-19,0,0,0
2020-10-19,1,1,0
2020-10-19,0,0,0
2020-10-19,2,0,2
2020-10-19,5,3,2
2020-10-19,19,15,4
2020-10-19,29,19,10
2020-10-19,37,23,14
2020-10-19,27,16,11
2020-10-19,17,9,8
2020-10-19,16,6,10
2020-10-19,25,13,12
2020-10-19,14,6,8
2020-10-19,34,12,22
2020-10-19,24,12,12
2020-10-19,43,19,24
2020-10-19,38,16,22
2020-10-19,19,10,9
2020-10-19,12,7,5
2020-10-19,3,3,0
2020-10-19,2,2,0
2020-10-19,3,2,1
2020-10-19,1,0,1
2020-10-20,0,0,0
2020-10-20,1,1,0
2020-10-20,0,0,0
2020-10-20,0,0,0
2020-10-20,0,0,0
2020-10-20,10,6,4
2020-10-20,21,15,6
2020-10-20,30,15,15
2020-10-20,35,24,11
2020-10-20,18,11,7
2020-10-20,13,8,5
2020-10-20,16,11,5
2020-10-20,18,7,11
2020-10-20,18,9,9
2020-10-20,29,13,16
2020-10-20,35,13,22
2020-10-20,52,22,30
2020-10-20,69,39,30
2020-10-20,30,13,17
2020-10-20,23,11,12
2020-10-20,4,4,0
2020-10-20,3,1,2
2020-10-20,2,2,0
2020-10-20,9,7,2
2020-10-21,1,1,0
2020-10-21,2,1,1
2020-10-21,0,0,0
2020-10-21,0,0,0
2020-10-21,0,0,0
2020-10-21,6,4,2
2020-10-21,21,11,10
2020-10-21,33,21,12
2020-10-21,27,16,11
2020-10-21,16,11,5
2020-10-21,12,7,5
2020-10-21,14,4,10
2020-10-21,11,4,7
2020-10-21,20,7,13
2020-10-21,27,8,19
2020-10-21,24,8,16
2020-10-21,47,16,31
2020-10-21,47,21,26
2020-10-21,29,16,13
2020-10-21,8,5,3
2020-10-21,3,1,2
2020-10-21,2,2,0
2020-10-21,2,2,0
2020-10-21,6,4,2
2020-10-22,1,1,0
2020-10-22,0,0,0
2020-10-22,2,1,1
2020-10-22,0,0,0
2020-10-22,1,0,1
2020-10-22,9,6,3
2020-10-22,15,9,6
2020-10-22,35,20,15
2020-10-22,23,11,12
2020-10-22,12,9,3
2020-10-22,21,9,12
2020-10-22,21,10,11
2020-10-22,21,11,10
2020-10-22,15,6,9
2020-10-22,32,13,19
2020-10-22,49,16,33
2020-10-22,50,14,36
2020-10-22,61,30,31
2020-10-22,27,11,16
2020-10-22,22,13,9
2020-10-22,13,4,9
2020-10-22,6,3,3
2020-10-22,6,5,1
2020-10-22,3,2,1
2020-10-23,1,1,0
2020-10-23,2,1,1
2020-10-23,2,0,2
2020-10-23,0,0,0
2020-10-23,1,1,0
2020-10-23,4,2,2
2020-10-23,20,15,5
2020-10-23,23,17,6
2020-10-23,22,12,10
2020-10-23,12,6,6
2020-10-23,8,3,5
2020-10-23,9,5,4
2020-10-23,9,6,3
2020-10-23,19,7,12
2020-10-23,23,6,17
2020-10-23,27,6,21
2020-10-23,38,15,23
2020-10-23,27,16,11
2020-10-23,17,9,8
2020-10-23,6,1,5
2020-10-23,6,1,5
2020-10-23,6,5,1
2020-10-23,2,1,1
2020-10-23,4,3,1
2020-10-24,1,1,0
2020-10-24,1,1,0
2020-10-24,1,0,1
2020-10-24,1,1,0
2020-10-24,1,1,0
2020-10-24,2,1,1
2020-10-24,3,2,1
2020-10-24,4,2,2
2020-10-24,4,4,0
2020-10-24,17,4,13
2020-10-24,16,4,12
2020-10-24,31,13,18
2020-10-24,25,4,21
2020-10-24,39,21,18
2020-10-24,42,21,21
2020-10-24,32,12,20
2020-10-24,32,18,14
2020-10-24,40,29,11
2020-10-24,24,15,9
2020-10-24,17,11,6
2020-10-24,7,5,2
2020-10-24,3,1,2
2020-10-24,4,1,3
2020-10-24,4,4,0
2020-10-25,5,3,2
2020-10-25,1,0,1
2020-10-25,0,0,0
2020-10-25,0,0,0
2020-10-25,0,0,0
2020-10-25,0,0,0
2020-10-25,1,1,0
2020-10-25,7,6,1
2020-10-25,3,3,0
2020-10-25,15,10,5
2020-10-25,16,6,10
2020-10-25,20,7,13
2020-10-25,25,11,14
2020-10-25,15,8,7
2020-10-25,36,18,18
2020-10-25,26,14,12
2020-10-25,19,11,8
2020-10-25,15,10,5
2020-10-25,20,15,5
2020-10-25,11,6,5
2020-10-25,1,1,0
2020-10-25,6,0,6
2020-10-25,4,3,1
2020-10-25,1,1,0
2020-10-26,4,1,3
2020-10-26,0,0,0
2020-10-26,0,0,0
2020-10-26,0,0,0
2020-10-26,1,0,1
2020-10-26,11,6,5
2020-10-26,11,8,3
2020-10-26,29,23,6
2020-10-26,22,15,7
2020-10-26,16,11,5
2020-10-26,5,2,3
2020-10-26,18,9,9
2020-10-26,16,8,8
2020-10-26,20,11,9
2020-10-26,19,6,13
2020-10-26,21,5,16
2020-10-26,44,16,28
2020-10-26,49,21,28
2020-10-26,21,10,11
2020-10-26,14,9,5
2020-10-26,3,2,1
2020-10-26,11,5,6
2020-10-26,5,1,4
2020-10-26,3,0,3
2020-10-27,3,1,2
2020-10-27,1,1,0
2020-10-27,1,0,1
2020-10-27,0,0,0
2020-10-27,2,1,1
2020-10-27,13,9,4
2020-10-27,19,14,5
2020-10-27,37,26,11
2020-10-27,33,21,12
2020-10-27,12,9,3
2020-10-27,20,9,11
2020-10-27,22,11,11
2020-10-27,15,8,7
2020-10-27,23,13,10
2020-10-27,34,12,22
2020-10-27,35,16,19
2020-10-27,53,13,40
2020-10-27,54,25,29
2020-10-27,33,10,23
2020-10-27,8,5,3
2020-10-27,8,5,3
2020-10-27,1,1,0
2020-10-27,6,5,1
2020-10-27,4,3,1
2020-10-28,0,0,0
2020-10-28,2,1,1
2020-10-28,0,0,0
2020-10-28,0,0,0
2020-10-28,2,0,2
2020-10-28,11,6,5
2020-10-28,21,16,5
2020-10-28,34,19,15
2020-10-28,45,28,17
2020-10-28,33,21,12
2020-10-28,16,7,9
2020-10-28,17,10,7
2020-10-28,25,13,12
2020-10-28,24,9,15
2020-10-28,29,5,24
2020-10-28,36,14,22
2020-10-28,53,18,35
2020-10-28,50,21,29
2020-10-28,42,26,16
2020-10-28,18,11,7
2020-10-28,5,2,3
2020-10-28,7,3,4
2020-10-28,4,3,1
2020-10-28,3,2,1
2020-10-29,1,1,0
2020-10-29,0,0,0
2020-10-29,0,0,0
2020-10-29,2,1,1
2020-10-29,1,1,0
2020-10-29,14,11,3
2020-10-29,20,13,7
2020-10-29,35,21,14
2020-10-29,29,15,14
2020-10-29,22,14,8
2020-10-29,21,8,13
2020-10-29,18,12,6
2020-10-29,23,12,11
2020-10-29,16,12,4
2020-10-29,30,10,20
2020-10-29,36,10,26
2020-10-29,49,15,34
2020-10-29,73,31,42
2020-10-29,32,15,17
2020-10-29,24,16,8
2020-10-29,7,2,5
2020-10-29,13,7,6
2020-10-29,8,6,2
2020-10-29,1,1,0
2020-10-30,0,0,0
2020-10-30,0,0,0
2020-10-30,1,1,0
2020-10-30,0,0,0
2020-10-30,0,0,0
2020-10-30,12,6,6
2020-10-30,15,10,5
2020-10-30,29,19,10
2020-10-30,27,17,10
2020-10-30,17,8,9
2020-10-30,19,12,7
2020-10-30,15,8,7
2020-10-30,20,7,13
2020-10-30,24,8,16
2020-10-30,31,8,23
2020-10-30,38,13,25
2020-10-30,51,18,33
2020-10-30,52,22,30
2020-10-30,37,20,17
2020-10-30,17,4,13
2020-10-30,14,9,5
2020-10-30,11,3,8
2020-10-30,5,3,2
2020-10-30,7,3,4
2020-10-31,3,2,1
2020-10-31,3,1,2
2020-10-31,0,0,0
2020-10-31,0,0,0
2020-10-31,0,0,0
2020-10-31,4,3,1
2020-10-31,3,0,3
2020-10-31,4,1,3
2020-10-31,13,7,6
2020-10-31,15,4,11
2020-10-31,13,5,8
2020-10-31,35,8,27
2020-10-31,34,11,23
2020-10-31,46,22,24
2020-10-31,42,23,19
2020-10-31,24,13,11
2020-10-31,44,26,18
2020-10-31,23,10,13
2020-10-31,22,10,12
2020-10-31,7,3,4
2020-10-31,5,3,2
2020-10-31,4,3,1
2020-10-31,5,3,2
2020-10-31,4,3,1
2020-11-01,5,3,2
2020-11-01,3,2,1
2020-11-01,0,0,0
2020-11-01,0,0,0
2020-11-01,0,0,0
2020-11-01,1,1,0
2020-11-01,2,2,0
2020-11-01,8,1,7
2020-11-01,6,3,3
2020-11-01,19,7,12
2020-11-01,16,11,5
2020-11-01,30,12,18
2020-11-01,41,15,26
2020-11-01,41,19,22
2020-11-01,37,24,13
2020-11-01,36,19,17
2020-11-01,22,8,14
2020-11-01,17,5,12
2020-11-01,19,13,6
2020-11-01,17,7,10
2020-11-01,10,3,7
2020-11-01,3,2,1
2020-11-01,2,1,1
2020-11-01,1,1,0
2020-11-02,1,1,0
2020-11-02,0,0,0
2020-11-02,0,0,0
2020-11-02,0,0,0
2020-11-02,0,0,0
2020-11-02,16,9,7
2020-11-02,19,14,5
2020-11-02,41,29,12
2020-11-02,34,17,17
2020-11-02,23,14,9
2020-11-02,10,4,6
2020-11-02,22,10,12
2020-11-02,21,10,11
2020-11-02,31,16,15
2020-11-02,39,12,27
2020-11-02,42,14,28
2020-11-02,51,16,35
2020-11-02,49,20,29
2020-11-02,23,12,11
2020-11-02,18,9,9
2020-11-02,9,4,5
2020-11-02,3,2,1
2020-11-02,3,2,1
2020-11-02,2,2,0
2020-11-03,1,0,1
2020-11-03,0,0,0
2020-11-03,1,1,0
2020-11-03,0,0,0
2020-11-03,1,1,0
2020-11-03,9,4,5
2020-11-03,19,14,5
2020-11-03,24,13,11
2020-11-03,19,12,7
2020-11-03,7,5,2
2020-11-03,5,4,1
2020-11-03,8,2,6
2020-11-03,16,8,8
2020-11-03,11,8,3
2020-11-03,14,6,8
2020-11-03,23,13,10
2020-11-03,28,8,20
2020-11-03,35,16,19
2020-11-03,13,5,8
2020-11-03,12,4,8
2020-11-03,2,2,0
2020-11-03,3,2,1
2020-11-03,5,4,1
2020-11-03,4,3,1
2020-11-04,0,0,0
2020-11-04,1,0,1
2020-11-04,0,0,0
2020-11-04,1,0,1
2020-11-04,1,0,1
2020-11-04,9,4,5
2020-11-04,19,13,6
2020-11-04,20,12,8
2020-11-04,17,10,7
2020-11-04,15,11,4
2020-11-04,5,1,4
2020-11-04,11,4,7
2020-11-04,14,7,7
2020-11-04,12,7,5
2020-11-04,15,6,9
2020-11-04,26,5,21
2020-11-04,40,8,32
2020-11-04,59,18,41
2020-11-04,26,16,10
2020-11-04,12,8,4
2020-11-04,28,27,1
2020-11-04,5,4,1
2020-11-04,3,3,0
2020-11-04,3,3,0
2020-11-05,0,0,0
2020-11-05,1,1,0
2020-11-05,0,0,0
2020-11-05,0,0,0
2020-11-05,0,0,0
2020-11-05,11,5,6
2020-11-05,20,13,7
2020-11-05,27,20,7
2020-11-05,17,9,8
2020-11-05,15,11,4
2020-11-05,14,7,7
2020-11-05,12,7,5
2020-11-05,10,7,3
2020-11-05,18,11,7
2020-11-05,21,4,17
2020-11-05,25,11,14
2020-11-05,39,10,29
2020-11-05,29,13,16
2020-11-05,28,10,18
2020-11-05,5,1,4
2020-11-05,6,3,3
2020-11-05,6,3,3
2020-11-05,7,6,1
2020-11-05,2,1,1
2020-11-06,1,0,1
2020-11-06,0,0,0
2020-11-06,0,0,0
2020-11-06,0,0,0
2020-11-06,0,0,0
2020-11-06,14,7,7
2020-11-06,23,12,11
2020-11-06,20,11,9
2020-11-06,19,11,8
2020-11-06,23,12,11
2020-11-06,18,6,12
2020-11-06,20,8,12
2020-11-06,21,10,11
2020-11-06,26,12,14
2020-11-06,28,17,11
2020-11-06,31,13,18
2020-11-06,47,15,32
2020-11-06,32,14,18
2020-11-06,27,6,21
2020-11-06,12,7,5
2020-11-06,5,3,2
2020-11-06,9,4,5
2020-11-06,8,5,3
2020-11-06,3,1,2
2020-11-07,2,1,1
2020-11-07,1,0,1
2020-11-07,1,0,1
2020-11-07,0,0,0
2020-11-07,0,0,0
2020-11-07,5,3,2
2020-11-07,3,1,2
2020-11-07,8,2,6
2020-11-07,6,5,1
2020-11-07,10,6,4
2020-11-07,20,4,16
2020-11-07,28,10,18
2020-11-07,24,12,12
2020-11-07,22,13,9
2020-11-07,32,14,18
2020-11-07,29,21,8
2020-11-07,36,14,22
2020-11-07,12,8,4
2020-11-07,12,6,6
2020-11-07,6,4,2
2020-11-07,2,2,0
2020-11-07,1,0,1
2020-11-07,6,3,3
2020-11-07,5,4,1
2020-11-08,1,0,1
2020-11-08,1,1,0
2020-11-08,2,0,2
2020-11-08,0,0,0
2020-11-08,0,0,0
2020-11-08,3,3,0
2020-11-08,1,0,1
2020-11-08,4,2,2
2020-11-08,3,2,1
2020-11-08,11,8,3
2020-11-08,16,11,5
2020-11-08,24,11,13
2020-11-08,24,13,11
2020-11-08,29,16,13
2020-11-08,33,17,16
2020-11-08,27,12,15
2020-11-08,31,17,14
2020-11-08,22,10,12
2020-11-08,6,3,3
2020-11-08,7,3,4
2020-11-08,7,2,5
2020-11-08,2,0,2
2020-11-08,2,1,1
2020-11-08,1,0,1
2020-11-09,0,0,0
2020-11-09,0,0,0
2020-11-09,0,0,0
2020-11-09,0,0,0
2020-11-09,0,0,0
2020-11-09,7,2,5
2020-11-09,16,9,7
2020-11-09,30,21,9
2020-11-09,24,15,9
2020-11-09,18,12,6
2020-11-09,10,6,4
2020-11-09,14,6,8
2020-11-09,15,8,7
2020-11-09,19,7,12
2020-11-09,25,8,17
2020-11-09,28,6,22
2020-11-09,37,14,23
2020-11-09,31,12,19
2020-11-09,12,2,10
2020-11-09,10,7,3
2020-11-09,3,1,2
2020-11-09,2,2,0
2020-11-09,2,1,1
2020-11-09,4,3,1
2020-11-10,0,0,0
2020-11-10,0,0,0
2020-11-10,1,1,0
2020-11-10,0,0,0
2020-11-10,0,0,0
2020-11-10,7,3,4
2020-11-10,18,12,6
2020-11-10,23,12,11
2020-11-10,27,16,11
2020-11-10,14,10,4
2020-11-10,19,9,10
2020-11-10,13,6,7
2020-11-10,9,4,5
2020-11-10,26,9,17
2020-11-10,24,8,16
2020-11-10,19,7,12
2020-11-10,24,9,15
2020-11-10,38,14,24
2020-11-10,15,4,11
2020-11-10,9,5,4
2020-11-10,5,2,3
2020-11-10,1,1,0
2020-11-10,4,3,1
2020-11-10,3,3,0
2020-11-11,0,0,0
2020-11-11,0,0,0
2020-11-11,0,0,0
2020-11-11,0,0,0
2020-11-11,1,0,1
2020-11-11,9,4,5
2020-11-11,13,10,3
2020-11-11,16,8,8
2020-11-11,17,10,7
2020-11-11,21,11,10
2020-11-11,15,5,10
2020-11-11,19,5,14
2020-11-11,17,7,10
2020-11-11,31,17,14
2020-11-11,40,12,28
2020-11-11,29,8,21
2020-11-11,35,20,15
2020-11-11,29,17,12
2020-11-11,14,7,7
2020-11-11,10,6,4
2020-11-11,3,2,1
2020-11-11,4,2,2
2020-11-11,3,2,1
2020-11-11,4,3,1
2020-11-12,2,1,1
2020-11-12,0,0,0
2020-11-12,0,0,0
2020-11-12,0,0,0
2020-11-12,2,1,1
2020-11-12,6,4,2
2020-11-12,16,9,7
2020-11-12,25,15,10
2020-11-12,15,10,5
2020-11-12,25,18,7
2020-11-12,6,2,4
2020-11-12,18,12,6
2020-11-12,13,6,7
2020-11-12,18,8,10
2020-11-12,17,10,7
2020-11-12,20,8,12
2020-11-12,25,8,17
2020-11-12,31,11,20
2020-11-12,16,5,11
2020-11-12,7,5,2
2020-11-12,5,1,4
2020-11-12,3,2,1
2020-11-12,3,2,1
2020-11-12,4,2,2
2020-11-13,0,0,0
2020-11-13,1,1,0
2020-11-13,1,1,0
2020-11-13,0,0,0
2020-11-13,0,0,0
2020-11-13,4,2,2
2020-11-13,15,8,7
2020-11-13,17,10,7
2020-11-13,26,13,13
2020-11-13,16,7,9
2020-11-13,17,11,6
2020-11-13,15,7,8
2020-11-13,14,5,9
2020-11-13,13,5,8
2020-11-13,27,7,20
2020-11-13,19,6,13
2020-11-13,36,14,22
2020-11-13,39,19,20
2020-11-13,19,7,12
2020-11-13,8,3,5
2020-11-13,3,1,2
2020-11-13,5,3,2
2020-11-13,7,4,3
2020-11-13,4,2,2
2020-11-14,2,1,1
2020-11-14,1,1,0
2020-11-14,1,0,1
2020-11-14,0,0,0
2020-11-14,0,0,0
2020-11-14,4,2,2
2020-11-14,3,1,2
2020-11-14,6,3,3
2020-11-14,9,5,4
2020-11-14,10,4,6
2020-11-14,9,4,5
2020-11-14,18,8,10
2020-11-14,21,11,10
2020-11-14,15,4,11
2020-11-14,18,8,10
2020-11-14,9,4,5
2020-11-14,12,7,5
2020-11-14,6,3,3
2020-11-14,7,2,5
2020-11-14,4,4,0
2020-11-14,0,0,0
2020-11-14,0,0,0
2020-11-14,1,1,0
2020-11-14,1,1,0
2020-11-15,3,2,1
2020-11-15,0,0,0
2020-11-15,0,0,0
2020-11-15,1,0,1
2020-11-15,0,0,0
2020-11-15,2,2,0
2020-11-15,4,1,3
2020-11-15,6,1,5
2020-11-15,2,2,0
2020-11-15,15,7,8
2020-11-15,13,6,7
2020-11-15,15,8,7
2020-11-15,16,7,9
2020-11-15,17,10,7
2020-11-15,17,10,7
2020-11-15,13,4,9
2020-11-15,16,7,9
2020-11-15,11,5,6
2020-11-15,3,1,2
2020-11-15,10,5,5
2020-11-15,1,0,1
2020-11-15,1,0,1
2020-11-15,3,3,0
2020-11-15,2,1,1
2020-11-16,0,0,0
2020-11-16,0,0,0
2020-11-16,0,0,0
2020-11-16,1,1,0
2020-11-16,0,0,0
2020-11-16,8,4,4
2020-11-16,16,9,7
2020-11-16,26,18,8
2020-11-16,22,14,8
2020-11-16,14,11,3
2020-11-16,4,3,1
2020-11-16,10,6,4
2020-11-16,8,2,6
2020-11-16,6,3,3
2020-11-16,11,5,6
2020-11-16,12,6,6
2020-11-16,29,7,22
2020-11-16,31,18,13
2020-11-16,11,3,8
2020-11-16,9,6,3
2020-11-16,5,4,1
2020-11-16,0,0,0
2020-11-16,1,0,1
2020-11-16,3,3,0
2020-11-17,0,0,0
2020-11-17,1,0,1
2020-11-17,0,0,0
2020-11-17,0,0,0
2020-11-17,1,0,1
2020-11-17,9,5,4
2020-11-17,13,9,4
2020-11-17,17,11,6
2020-11-17,27,17,10
2020-11-17,9,5,4
2020-11-17,8,4,4
2020-11-17,8,3,5
2020-11-17,15,10,5
2020-11-17,7,4,3
2020-11-17,13,5,8
2020-11-17,16,4,12
2020-11-17,26,7,19
2020-11-17,33,14,19
2020-11-17,10,4,6
2020-11-17,4,2,2
2020-11-17,2,1,1
2020-11-17,3,1,2
2020-11-17,1,0,1
2020-11-17,3,3,0
2020-11-18,0,0,0
2020-11-18,0,0,0
2020-11-18,0,0,0
2020-11-18,0,0,0
2020-11-18,0,0,0
2020-11-18,6,4,2
2020-11-18,16,12,4
2020-11-18,20,12,8
2020-11-18,20,12,8
2020-11-18,16,12,4
2020-11-18,9,5,4
2020-11-18,8,4,4
2020-11-18,9,7,2
2020-11-18,10,3,7
2020-11-18,13,4,9
2020-11-18,12,4,8
2020-11-18,14,3,11
2020-11-18,23,15,8
2020-11-18,12,4,8
2020-11-18,8,5,3
2020-11-18,4,4,0
2020-11-18,2,0,2
2020-11-18,3,1,2
2020-11-18,7,5,2
2020-11-19,1,1,0
2020-11-19,0,0,0
2020-11-19,1,0,1
2020-11-19,3,0,3
2020-11-19,0,0,0
2020-11-19,9,6,3
2020-11-19,14,9,5
2020-11-19,17,6,11
2020-11-19,16,11,5
2020-11-19,16,11,5
2020-11-19,9,6,3
2020-11-19,10,4,6
2020-11-19,31,13,18
2020-11-19,15,4,11
2020-11-19,12,5,7
2020-11-19,22,11,11
2020-11-19,27,10,17
2020-11-19,33,12,21
2020-11-19,15,9,6
2020-11-19,9,5,4
2020-11-19,6,3,3
2020-11-19,5,1,4
2020-11-19,3,3,0
2020-11-19,3,2,1
2020-11-20,0,0,0
2020-11-20,2,1,1
2020-11-20,1,0,1
2020-11-20,1,0,1
2020-11-20,0,0,0
2020-11-20,9,4,5
2020-11-20,16,11,5
2020-11-20,19,16,3
2020-11-20,21,14,7
2020-11-20,8,8,0
2020-11-20,15,5,10
2020-11-20,13,5,8
2020-11-20,13,5,8
2020-11-20,15,7,8
2020-11-20,30,6,24
2020-11-20,17,9,8
2020-11-20,29,8,21
2020-11-20,39,18,21
2020-11-20,19,8,11
2020-11-20,11,3,8
2020-11-20,1,1,0
2020-11-20,5,4,1
2020-11-20,4,1,3
2020-11-20,3,2,1
2020-11-21,1,0,1
2020-11-21,0,0,0
2020-11-21,1,0,1
2020-11-21,0,0,0
2020-11-21,0,0,0
2020-11-21,6,3,3
2020-11-21,4,1,3
2020-11-21,3,2,1
2020-11-21,7,6,1
2020-11-21,17,6,11
2020-11-21,13,6,7
2020-11-21,40,22,18
2020-11-21,36,17,19
2020-11-21,55,19,36
2020-11-21,61,22,39
2020-11-21,32,17,15
2020-11-21,43,22,21
2020-11-21,18,10,8
2020-11-21,15,7,8
2020-11-21,4,3,1
2020-11-21,4,3,1
2020-11-21,4,2,2
2020-11-21,3,2,1
2020-11-21,4,2,2
2020-11-22,3,0,3
2020-11-22,0,0,0
2020-11-22,0,0,0
2020-11-22,1,0,1
2020-11-22,0,0,0
2020-11-22,2,2,0
2020-11-22,2,0,2
2020-11-22,5,2,3
2020-11-22,3,2,1
2020-11-22,8,3,5
2020-11-22,16,8,8
2020-11-22,16,6,10
2020-11-22,20,11,9
2020-11-22,15,9,6
2020-11-22,8,1,7
2020-11-22,10,6,4
2020-11-22,5,1,4
2020-11-22,4,3,1
2020-11-22,3,3,0
2020-11-22,1,1,0
2020-11-22,3,1,2
2020-11-22,1,0,1
2020-11-22,4,2,2
2020-11-22,0,0,0
2020-11-23,1,0,1
2020-11-23,1,0,1
2020-11-23,0,0,0
2020-11-23,0,0,0
2020-11-23,0,0,0
2020-11-23,7,4,3
2020-11-23,11,6,5
2020-11-23,23,17,6
2020-11-23,22,13,9
2020-11-23,10,8,2
2020-11-23,8,2,6
2020-11-23,7,2,5
2020-11-23,16,8,8
2020-11-23,17,8,9
2020-11-23,23,8,15
2020-11-23,21,6,15
2020-11-23,33,14,19
2020-11-23,40,16,24
2020-11-23,16,7,9
2020-11-23,7,5,2
2020-11-23,2,1,1
2020-11-23,1,0,1
2020-11-23,3,2,1
2020-11-23,2,1,1
2020-11-24,2,2,0
2020-11-24,1,0,1
2020-11-24,0,0,0
2020-11-24,1,0,1
2020-11-24,0,0,0
2020-11-24,14,9,5
2020-11-24,15,10,5
2020-11-24,28,18,10
2020-11-24,18,14,4
2020-11-24,16,8,8
2020-11-24,6,3,3
2020-11-24,17,9,8
2020-11-24,17,10,7
2020-11-24,14,6,8
2020-11-24,15,4,11
2020-11-24,22,5,17
2020-11-24,19,6,13
2020-11-24,33,10,23
2020-11-24,10,5,5
2020-11-24,6,4,2
2020-11-24,3,2,1
2020-11-24,3,1,2
2020-11-24,2,2,0
2020-11-24,3,2,1
2020-11-25,1,0,1
2020-11-25,0,0,0
2020-11-25,0,0,0
2020-11-25,0,0,0
2020-11-25,0,0,0
2020-11-25,6,3,3
2020-11-25,11,8,3
2020-11-25,25,13,12
2020-11-25,16,9,7
2020-11-25,13,8,5
2020-11-25,15,10,5
2020-11-25,19,6,13
2020-11-25,32,16,16
2020-11-25,18,8,10
2020-11-25,21,5,16
2020-11-25,28,11,17
2020-11-25,21,9,12
2020-11-25,24,14,10
2020-11-25,11,2,9
2020-11-25,5,5,0
2020-11-25,8,6,2
2020-11-25,3,0,3
2020-11-25,3,0,3
2020-11-25,5,4,1
2020-11-26,0,0,0
2020-11-26,1,1,0
2020-11-26,0,0,0
2020-11-26,1,1,0
2020-11-26,0,0,0
2020-11-26,3,2,1
2020-11-26,3,1,2
2020-11-26,1,1,0
2020-11-26,4,1,3
2020-11-26,1,1,0
2020-11-26,7,7,0
2020-11-26,14,2,12
2020-11-26,13,5,8
2020-11-26,9,5,4
2020-11-26,9,4,5
2020-11-26,12,7,5
2020-11-26,5,2,3
2020-11-26,6,1,5
2020-11-26,1,1,0
2020-11-26,4,2,2
2020-11-26,1,1,0
2020-11-26,1,0,1
2020-11-26,0,0,0
2020-11-26,1,0,1
2020-11-27,0,0,0
2020-11-27,0,0,0
2020-11-27,0,0,0
2020-11-27,1,1,0
2020-11-27,0,0,0
2020-11-27,4,2,2
2020-11-27,6,4,2
2020-11-27,8,4,4
2020-11-27,6,2,4
2020-11-27,12,6,6
2020-11-27,15,4,11
2020-11-27,16,5,11
2020-11-27,29,10,19
2020-11-27,36,20,16
2020-11-27,31,14,17
2020-11-27,45,23,22
2020-11-27,33,21,12
2020-11-27,14,7,7
2020-11-27,13,7,6
2020-11-27,7,4,3
2020-11-27,4,0,4
2020-11-27,3,0,3
2020-11-27,1,0,1
2020-11-27,1,1,0
2020-11-28,0,0,0
2020-11-28,1,0,1
2020-11-28,0,0,0
2020-11-28,1,1,0
2020-11-28,0,0,0
2020-11-28,4,3,1
2020-11-28,4,0,4
2020-11-28,3,2,1
2020-11-28,4,1,3
2020-11-28,6,6,0
2020-11-28,19,8,11
2020-11-28,16,5,11
2020-11-28,17,10,7
2020-11-28,7,3,4
2020-11-28,10,5,5
2020-11-28,18,7,11
2020-11-28,18,8,10
2020-11-28,12,5,7
2020-11-28,7,5,2
2020-11-28,2,1,1
2020-11-28,3,1,2
2020-11-28,2,2,0
2020-11-28,1,0,1
2020-11-28,1,1,0
2020-11-29,0,0,0
2020-11-29,1,1,0
2020-11-29,0,0,0
2020-11-29,0,0,0
2020-11-29,1,1,0
2020-11-29,1,1,0
2020-11-29,3,1,2
2020-11-29,4,1,3
2020-11-29,3,1,2
2020-11-29,12,10,2
2020-11-29,9,8,1
2020-11-29,10,2,8
2020-11-29,22,10,12
2020-11-29,30,17,13
2020-11-29,23,12,11
2020-11-29,35,16,19
2020-11-29,28,9,19
2020-11-29,7,5,2
2020-11-29,3,0,3
2020-11-29,6,1,5
2020-11-29,2,2,0
2020-11-29,2,1,1
2020-11-29,1,0,1
2020-11-29,0,0,0
2020-11-30,1,0,1
2020-11-30,0,0,0
2020-11-30,0,0,0
2020-11-30,0,0,0
2020-11-30,0,0,0
2020-11-30,6,5,1
2020-11-30,14,8,6
2020-11-30,17,12,5
2020-11-30,20,10,10
2020-11-30,13,9,4
2020-11-30,3,1,2
2020-11-30,17,6,11
2020-11-30,16,10,6
2020-11-30,19,12,7
2020-11-30,19,7,12
2020-11-30,27,12,15
2020-11-30,23,6,17
2020-11-30,30,15,15
2020-11-30,20,12,8
2020-11-30,9,4,5
2020-11-30,4,3,1
2020-11-30,5,1,4
2020-11-30,4,1,3
2020-11-30,4,3,1
2020-12-01,0,0,0
2020-12-01,0,0,0
2020-12-01,0,0,0
2020-12-01,0,0,0
2020-12-01,0,0,0
2020-12-01,5,3,2
2020-12-01,22,16,6
2020-12-01,29,18,11
2020-12-01,20,11,9
2020-12-01,12,8,4
2020-12-01,12,3,9
2020-12-01,11,3,8
2020-12-01,30,14,16
2020-12-01,16,7,9
2020-12-01,30,11,19
2020-12-01,42,19,23
2020-12-01,28,7,21
2020-12-01,38,15,23
2020-12-01,21,9,12
2020-12-01,8,6,2
2020-12-01,6,4,2
2020-12-01,7,2,5
2020-12-01,1,1,0
2020-12-01,2,2,0
2020-12-02,0,0,0
2020-12-02,1,0,1
2020-12-02,0,0,0
2020-12-02,0,0,0
2020-12-02,0,0,0
2020-12-02,6,6,0
2020-12-02,13,11,2
2020-12-02,25,15,10
2020-12-02,30,15,15
2020-12-02,14,11,3
2020-12-02,11,4,7
2020-12-02,13,7,6
2020-12-02,24,14,10
2020-12-02,23,9,14
2020-12-02,24,9,15
2020-12-02,34,9,25
2020-12-02,36,13,23
2020-12-02,46,17,29
2020-12-02,24,15,9
2020-12-02,15,6,9
2020-12-02,7,4,3
2020-12-02,2,1,1
2020-12-02,3,1,2
2020-12-02,1,1,0
2020-12-03,1,1,0
2020-12-03,0,0,0
2020-12-03,1,0,1
2020-12-03,0,0,0
2020-12-03,0,0,0
2020-12-03,6,4,2
2020-12-03,14,12,2
2020-12-03,21,12,9
2020-12-03,32,16,16
2020-12-03,20,11,9
2020-12-03,19,11,8
2020-12-03,27,12,15
2020-12-03,23,12,11
2020-12-03,21,9,12
2020-12-03,24,6,18
2020-12-03,33,14,19
2020-12-03,30,7,23
2020-12-03,31,13,18
2020-12-03,21,8,13
2020-12-03,12,8,4
2020-12-03,13,5,8
2020-12-03,7,2,5
2020-12-03,3,2,1
2020-12-03,2,1,1
2020-12-04,1,0,1
2020-12-04,0,0,0
2020-12-04,0,0,0
2020-12-04,0,0,0
2020-12-04,0,0,0
2020-12-04,7,5,2
2020-12-04,22,12,10
2020-12-04,13,11,2
2020-12-04,31,18,13
2020-12-04,12,8,4
2020-12-04,19,8,11
2020-12-04,16,9,7
2020-12-04,25,8,17
2020-12-04,29,16,13
2020-12-04,29,9,20
2020-12-04,41,12,29
2020-12-04,46,19,27
2020-12-04,36,13,23
2020-12-04,26,13,13
2020-12-04,11,3,8
2020-12-04,7,5,2
2020-12-04,3,1,2
2020-12-04,4,2,2
2020-12-04,0,0,0
2020-12-05,3,2,1
2020-12-05,1,0,1
2020-12-05,1,1,0
2020-12-05,0,0,0
2020-12-05,0,0,0
2020-12-05,5,3,2
2020-12-05,4,0,4
2020-12-05,4,3,1
2020-12-05,14,6,8
2020-12-05,18,11,7
2020-12-05,28,10,18
2020-12-05,32,10,22
2020-12-05,44,16,28
2020-12-05,22,13,9
2020-12-05,39,14,25
2020-12-05,46,20,26
2020-12-05,33,18,15
2020-12-05,15,6,9
2020-12-05,12,7,5
2020-12-05,13,9,4
2020-12-05,8,5,3
2020-12-05,1,0,1
2020-12-05,5,1,4
2020-12-05,0,0,0
2020-12-06,2,1,1
2020-12-06,1,0,1
2020-12-06,1,1,0
2020-12-06,0,0,0
2020-12-06,0,0,0
2020-12-06,2,2,0
2020-12-06,1,0,1
2020-12-06,2,1,1
2020-12-06,7,4,3
2020-12-06,9,6,3
2020-12-06,13,5,8
2020-12-06,26,12,14
2020-12-06,39,18,21
2020-12-06,16,6,10
2020-12-06,26,15,11
2020-12-06,35,15,20
2020-12-06,16,12,4
2020-12-06,11,5,6
2020-12-06,7,4,3
2020-12-06,1,1,0
2020-12-06,4,3,1
2020-12-06,2,0,2
2020-12-06,2,0,2
2020-12-06,2,1,1
2020-12-07,1,0,1
2020-12-07,1,0,1
2020-12-07,2,1,1
2020-12-07,0,0,0
2020-12-07,0,0,0
2020-12-07,7,4,3
2020-12-07,21,16,5
2020-12-07,21,16,5
2020-12-07,24,14,10
2020-12-07,15,9,6
2020-12-07,15,8,7
2020-12-07,19,9,10
2020-12-07,23,8,15
2020-12-07,19,10,9
2020-12-07,26,5,21
2020-12-07,25,7,18
2020-12-07,36,12,24
2020-12-07,34,17,17
2020-12-07,20,8,12
2020-12-07,9,5,4
2020-12-07,8,5,3
2020-12-07,2,1,1
2020-12-07,2,0,2
2020-12-07,1,1,0
2020-12-08,0,0,0
2020-12-08,0,0,0
2020-12-08,1,1,0
2020-12-08,1,0,1
2020-12-08,2,1,1
2020-12-08,8,4,4
2020-12-08,22,16,6
2020-12-08,23,16,7
2020-12-08,26,19,7
2020-12-08,6,5,1
2020-12-08,9,5,4
2020-12-08,8,4,4
2020-12-08,13,6,7
2020-12-08,21,7,14
2020-12-08,19,11,8
2020-12-08,17,4,13
2020-12-08,20,5,15
2020-12-08,33,16,17
2020-12-08,12,6,6
2020-12-08,11,4,7
2020-12-08,3,2,1
2020-12-08,1,1,0
2020-12-08,3,2,1
2020-12-08,4,3,1
2020-12-09,1,1,0
2020-12-09,0,0,0
2020-12-09,0,0,0
2020-12-09,2,1,1
2020-12-09,0,0,0
2020-12-09,10,7,3
2020-12-09,14,10,4
2020-12-09,18,11,7
2020-12-09,18,12,6
2020-12-09,12,7,5
2020-12-09,8,5,3
2020-12-09,14,4,10
2020-12-09,22,10,12
2020-12-09,23,10,13
2020-12-09,13,3,10
2020-12-09,30,7,23
2020-12-09,24,7,17
2020-12-09,33,10,23
2020-12-09,22,12,10
2020-12-09,9,6,3
2020-12-09,8,5,3
2020-12-09,4,1,3
2020-12-09,5,1,4
2020-12-09,3,3,0
2020-12-10,6,5,1
2020-12-10,0,0,0
2020-12-10,1,1,0
2020-12-10,0,0,0
2020-12-10,0,0,0
2020-12-10,9,6,3
2020-12-10,11,8,3
2020-12-10,23,16,7
2020-12-10,22,14,8
2020-12-10,9,7,2
2020-12-10,21,6,15
2020-12-10,15,9,6
2020-12-10,20,12,8
2020-12-10,20,8,12
2020-12-10,29,5,24
2020-12-10,33,13,20
2020-12-10,27,11,16
2020-12-10,36,13,23
2020-12-10,15,7,8
2020-12-10,13,6,7
2020-12-10,4,3,1
2020-12-10,2,1,1
2020-12-10,3,2,1
2020-12-10,4,3,1
2020-12-11,0,0,0
2020-12-11,0,0,0
2020-12-11,0,0,0
2020-12-11,0,0,0
2020-12-11,0,0,0
2020-12-11,1,0,1
2020-12-11,11,7,4
2020-12-11,12,4,8
2020-12-11,27,12,15
2020-12-11,12,8,4
2020-12-11,18,9,9
2020-12-11,35,21,14
2020-12-11,17,8,9
2020-12-11,26,17,9
2020-12-11,39,22,17
2020-12-11,33,21,12
2020-12-11,37,22,15
2020-12-11,25,18,7
2020-12-11,15,5,10
2020-12-11,11,5,6
2020-12-11,10,6,4
2020-12-11,5,1,4
2020-12-11,1,0,1
2020-12-11,0,0,0
2020-12-12,1,1,0
2020-12-12,2,1,1
2020-12-12,0,0,0
2020-12-12,0,0,0
2020-12-12,0,0,0
2020-12-12,4,0,4
2020-12-12,4,2,2
2020-12-12,4,3,1
2020-12-12,6,2,4
2020-12-12,8,5,3
2020-12-12,17,8,9
2020-12-12,11,5,6
2020-12-12,17,11,6
2020-12-12,44,18,26
2020-12-12,45,30,15
2020-12-12,32,16,16
2020-12-12,26,14,12
2020-12-12,18,5,13
2020-12-12,11,7,4
2020-12-12,1,0,1
2020-12-12,7,4,3
2020-12-12,8,7,1
2020-12-12,3,1,2
2020-12-12,0,0,0
2020-12-13,1,0,1
2020-12-13,1,0,1
2020-12-13,3,0,3
2020-12-13,0,0,0
2020-12-13,1,1,0
2020-12-13,1,0,1
2020-12-13,1,1,0
2020-12-13,1,0,1
2020-12-13,1,1,0
2020-12-13,8,4,4
2020-12-13,5,1,4
2020-12-13,7,2,5
2020-12-13,4,2,2
2020-12-13,7,4,3
2020-12-13,7,3,4
2020-12-13,13,9,4
2020-12-13,5,3,2
2020-12-13,5,1,4
2020-12-13,5,4,1
2020-12-13,5,2,3
2020-12-13,1,0,1
2020-12-13,3,1,2
2020-12-13,2,2,0
2020-12-13,1,0,1
2020-12-14,0,0,0
2020-12-14,0,0,0
2020-12-14,1,1,0
2020-12-14,0,0,0
2020-12-14,0,0,0
2020-12-14,5,2,3
2020-12-14,14,5,9
2020-12-14,24,7,17
2020-12-14,18,8,10
2020-12-14,19,6,13
2020-12-14,6,5,1
2020-12-14,15,8,7
2020-12-14,7,5,2
2020-12-14,17,9,8
2020-12-14,17,10,7
2020-12-14,28,21,7
2020-12-14,22,17,5
2020-12-14,28,18,10
2020-12-14,15,11,4
2020-12-14,6,2,4
2020-12-14,7,2,5
2020-12-14,1,1,0
2020-12-14,2,1,1
2020-12-14,3,1,2
2020-12-15,1,1,0
2020-12-15,0,0,0
2020-12-15,3,2,1
2020-12-15,0,0,0
2020-12-15,0,0,0
2020-12-15,7,1,6
2020-12-15,8,3,5
2020-12-15,23,7,16
2020-12-15,18,4,14
2020-12-15,8,3,5
2020-12-15,5,3,2
2020-12-15,14,7,7
2020-12-15,14,10,4
2020-12-15,16,13,3
2020-12-15,17,10,7
2020-12-15,16,13,3
2020-12-15,19,10,9
2020-12-15,35,18,17
2020-12-15,11,3,8
2020-12-15,8,4,4
2020-12-15,11,6,5
2020-12-15,3,1,2
2020-12-15,2,0,2
2020-12-15,5,3,2
2020-12-16,1,0,1
2020-12-16,0,0,0
2020-12-16,0,0,0
2020-12-16,0,0,0
2020-12-16,0,0,0
2020-12-16,7,1,6
2020-12-16,10,2,8
2020-12-16,19,8,11
2020-12-16,28,9,19
2020-12-16,13,3,10
2020-12-16,11,7,4
2020-12-16,12,8,4
2020-12-16,21,12,9
2020-12-16,14,6,8
2020-12-16,17,10,7
2020-12-16,11,7,4
2020-12-16,8,5,3
2020-12-16,22,16,6
2020-12-16,10,5,5
2020-12-16,5,1,4
2020-12-16,2,2,0
2020-12-16,2,0,2
2020-12-16,2,1,1
2020-12-16,3,0,3
2020-12-17,1,1,0
2020-12-17,0,0,0
2020-12-17,2,1,1
2020-12-17,0,0,0
2020-12-17,0,0,0
2020-12-17,8,1,7
2020-12-17,8,0,8
2020-12-17,19,7,12
2020-12-17,21,11,10
2020-12-17,18,6,12
2020-12-17,12,9,3
2020-12-17,22,12,10
2020-12-17,27,16,11
2020-12-17,26,17,9
2020-12-17,31,18,13
2020-12-17,40,24,16
2020-12-17,33,21,12
2020-12-17,29,13,16
2020-12-17,16,7,9
2020-12-17,10,3,7
2020-12-17,5,2,3
2020-12-17,4,2,2
2020-12-17,1,0,1
2020-12-17,3,1,2
2020-12-18,1,1,0
2020-12-18,0,0,0
2020-12-18,0,0,0
2020-12-18,0,0,0
2020-12-18,0,0,0
2020-12-18,4,0,4
2020-12-18,8,2,6
2020-12-18,14,4,10
2020-12-18,14,3,11
2020-12-18,9,6,3
2020-12-18,9,6,3
2020-12-18,13,5,8
2020-12-18,27,13,14
2020-12-18,13,8,5
2020-12-18,16,9,7
2020-12-18,17,14,3
2020-12-18,13,11,2
2020-12-18,20,11,9
2020-12-18,16,6,10
2020-12-18,5,2,3
2020-12-18,7,4,3
2020-12-18,4,2,2
2020-12-18,4,3,1
2020-12-18,1,0,1
2020-12-19,2,0,2
2020-12-19,3,1,2
2020-12-19,0,0,0
2020-12-19,0,0,0
2020-12-19,0,0,0
2020-12-19,2,0,2
2020-12-19,2,2,0
2020-12-19,2,1,1
2020-12-19,5,0,5
2020-12-19,8,4,4
2020-12-19,7,5,2
2020-12-19,21,10,11
2020-12-19,21,14,7
2020-12-19,13,6,7
2020-12-19,9,5,4
2020-12-19,11,6,5
2020-12-19,12,9,3
2020-12-19,5,2,3
2020-12-19,5,3,2
2020-12-19,5,3,2
2020-12-19,1,0,1
2020-12-19,1,0,1
2020-12-19,0,0,0
2020-12-19,1,1,0
2020-12-20,3,2,1
2020-12-20,0,0,0
2020-12-20,0,0,0
2020-12-20,0,0,0
2020-12-20,0,0,0
2020-12-20,0,0,0
2020-12-20,2,2,0
2020-12-20,1,0,1
2020-12-20,6,2,4
2020-12-20,5,2,3
2020-12-20,16,11,5
2020-12-20,18,11,7
2020-12-20,22,8,14
2020-12-20,16,11,5
2020-12-20,16,11,5
2020-12-20,25,15,10
2020-12-20,14,6,8
2020-12-20,12,7,5
2020-12-20,10,5,5
2020-12-20,4,3,1
2020-12-20,5,2,3
2020-12-20,0,0,0
2020-12-20,1,0,1
2020-12-20,1,1,0
2020-12-21,3,3,0
2020-12-21,1,1,0
2020-12-21,0,0,0
2020-12-21,0,0,0
2020-12-21,0,0,0
2020-12-21,3,1,2
2020-12-21,9,4,5
2020-12-21,17,6,11
2020-12-21,10,3,7
2020-12-21,7,3,4
2020-12-21,8,6,2
2020-12-21,4,3,1
2020-12-21,9,4,5
2020-12-21,7,1,6
2020-12-21,8,3,5
2020-12-21,10,7,3
2020-12-21,10,9,1
2020-12-21,12,6,6
2020-12-21,1,1,0
2020-12-21,1,0,1
2020-12-21,1,0,1
2020-12-21,0,0,0
2020-12-21,1,0,1
2020-12-21,2,1,1
2020-12-22,4,1,3
2020-12-22,1,1,0
2020-12-22,1,1,0
2020-12-22,1,1,0
2020-12-22,0,0,0
2020-12-22,3,1,2
2020-12-22,8,2,6
2020-12-22,16,5,11
2020-12-22,13,6,7
2020-12-22,10,3,7
2020-12-22,5,3,2
2020-12-22,21,8,13
2020-12-22,27,12,15
2020-12-22,24,17,7
2020-12-22,16,10,6
2020-12-22,26,19,7
2020-12-22,24,16,8
2020-12-22,25,15,10
2020-12-22,5,4,1
2020-12-22,13,7,6
2020-12-22,3,2,1
2020-12-22,3,1,2
2020-12-22,3,0,3
2020-12-22,3,1,2
2020-12-23,1,1,0
2020-12-23,0,0,0
2020-12-23,0,0,0
2020-12-23,1,0,1
2020-12-23,0,0,0
2020-12-23,2,0,2
2020-12-23,9,4,5
2020-12-23,14,5,9
2020-12-23,13,5,8
2020-12-23,11,4,7
2020-12-23,7,5,2
2020-12-23,14,8,6
2020-12-23,17,10,7
2020-12-23,16,9,7
2020-12-23,26,15,11
2020-12-23,26,15,11
2020-12-23,30,18,12
2020-12-23,17,9,8
2020-12-23,15,10,5
2020-12-23,12,6,6
2020-12-23,9,6,3
2020-12-23,4,1,3
2020-12-23,3,1,2
2020-12-23,5,3,2
2020-12-24,1,1,0
2020-12-24,0,0,0
2020-12-24,0,0,0
2020-12-24,0,0,0
2020-12-24,1,1,0
2020-12-24,5,2,3
2020-12-24,6,3,3
2020-12-24,6,3,3
2020-12-24,6,3,3
2020-12-24,7,2,5
2020-12-24,17,8,9
2020-12-24,32,16,16
2020-12-24,27,20,7
2020-12-24,18,9,9
2020-12-24,20,11,9
2020-12-24,24,16,8
2020-12-24,9,8,1
2020-12-24,13,7,6
2020-12-24,5,3,2
2020-12-24,8,3,5
2020-12-24,8,4,4
2020-12-24,2,1,1
2020-12-24,0,0,0
2020-12-24,1,0,1
2020-12-25,0,0,0
2020-12-25,0,0,0
2020-12-25,1,0,1
2020-12-25,0,0,0
2020-12-25,1,1,0
2020-12-25,0,0,0
2020-12-25,0,0,0
2020-12-25,1,0,1
2020-12-25,1,1,0
2020-12-25,0,0,0
2020-12-25,2,2,0
2020-12-25,8,3,5
2020-12-25,4,1,3
2020-12-25,1,1,0
2020-12-25,10,5,5
2020-12-25,6,3,3
2020-12-25,2,1,1
2020-12-25,1,0,1
2020-12-25,0,0,0
2020-12-25,1,1,0
2020-12-25,1,0,1
2020-12-25,5,1,4
2020-12-25,0,0,0
2020-12-25,0,0,0
2020-12-26,0,0,0
2020-12-26,0,0,0
2020-12-26,1,1,0
2020-12-26,0,0,0
2020-12-26,0,0,0
2020-12-26,1,0,1
2020-12-26,4,3,1
2020-12-26,1,0,1
2020-12-26,5,2,3
2020-12-26,6,2,4
2020-12-26,13,8,5
2020-12-26,3,2,1
2020-12-26,14,6,8
2020-12-26,8,2,6
2020-12-26,24,11,13
2020-12-26,19,15,4
2020-12-26,12,8,4
2020-12-26,18,8,10
2020-12-26,12,5,7
2020-12-26,3,1,2
2020-12-26,7,2,5
2020-12-26,5,2,3
2020-12-26,2,0,2
2020-12-26,0,0,0
2020-12-27,3,1,2
2020-12-27,0,0,0
2020-12-27,0,0,0
2020-12-27,0,0,0
2020-12-27,1,1,0
2020-12-27,2,1,1
2020-12-27,4,3,1
2020-12-27,0,0,0
2020-12-27,4,2,2
2020-12-27,5,1,4
2020-12-27,4,3,1
2020-12-27,3,3,0
2020-12-27,9,3,6
2020-12-27,19,13,6
2020-12-27,8,5,3
2020-12-27,17,12,5
2020-12-27,27,22,5
2020-12-27,18,9,9
2020-12-27,22,4,18
2020-12-27,9,6,3
2020-12-27,4,3,1
2020-12-27,2,1,1
2020-12-27,3,1,2
2020-12-27,1,1,0
2020-12-28,0,0,0
2020-12-28,1,1,0
2020-12-28,0,0,0
2020-12-28,0,0,0
2020-12-28,1,0,1
2020-12-28,2,0,2
2020-12-28,10,4,6
2020-12-28,9,5,4
2020-12-28,11,4,7
2020-12-28,11,2,9
2020-12-28,19,13,6
2020-12-28,23,15,8
2020-12-28,30,13,17
2020-12-28,39,21,18
2020-12-28,30,17,13
2020-12-28,29,19,10
2020-12-28,39,19,20
2020-12-28,15,7,8
2020-12-28,18,12,6
2020-12-28,11,2,9
2020-12-28,5,3,2
2020-12-28,5,3,2
2020-12-28,8,6,2
2020-12-28,1,0,1
2020-12-29,1,0,1
2020-12-29,0,0,0
2020-12-29,2,1,1
2020-12-29,0,0,0
2020-12-29,1,1,0
2020-12-29,5,1,4
2020-12-29,8,2,6
2020-12-29,13,7,6
2020-12-29,16,5,11
2020-12-29,6,3,3
2020-12-29,11,5,6
2020-12-29,11,4,7
2020-12-29,21,11,10
2020-12-29,25,13,12
2020-12-29,27,19,8
2020-12-29,14,10,4
2020-12-29,26,16,10
2020-12-29,14,8,6
2020-12-29,9,7,2
2020-12-29,7,2,5
2020-12-29,5,2,3
2020-12-29,8,5,3
2020-12-29,2,0,2
2020-12-29,5,1,4
2020-12-30,1,1,0
2020-12-30,0,0,0
2020-12-30,0,0,0
2020-12-30,0,0,0
2020-12-30,1,1,0
2020-12-30,3,0,3
2020-12-30,8,3,5
2020-12-30,12,7,5
2020-12-30,8,2,6
2020-12-30,4,1,3
2020-12-30,7,5,2
2020-12-30,16,8,8
2020-12-30,17,9,8
2020-12-30,13,9,4
2020-12-30,12,8,4
2020-12-30,7,5,2
2020-12-30,15,9,6
2020-12-30,9,6,3
2020-12-30,9,7,2
2020-12-30,1,1,0
2020-12-30,3,0,3
2020-12-30,2,0,2
2020-12-30,4,0,4
2020-12-30,2,0,2
2020-12-31,0,0,0
2020-12-31,0,0,0
2020-12-31,0,0,0
2020-12-31,0,0,0
2020-12-31,0,0,0
2020-12-31,3,1,2
2020-12-31,6,2,4
2020-12-31,12,5,7
2020-12-31,11,7,4
2020-12-31,6,1,5
2020-12-31,11,5,6
2020-12-31,16,8,8
2020-12-31,25,16,9
2020-12-31,30,18,12
2020-12-31,32,22,10
2020-12-31,29,17,12
2020-12-31,18,12,6
2020-12-31,13,9,4
2020-12-31,13,5,8
2020-12-31,5,3,2
2020-12-31,10,4,6
2020-12-31,9,5,4
2020-12-31,7,2,5
2020-12-31,2,1,1
2021-01-01,4,3,1
2021-01-01,1,0,1
2021-01-01,5,2,3
2021-01-01,0,0,0
2021-01-01,0,0,0
2021-01-01,1,0,1
2021-01-01,1,1,0
2021-01-01,4,2,2
2021-01-01,2,1,1
2021-01-01,2,1,1
2021-01-01,2,0,2
2021-01-01,5,5,0
2021-01-01,7,6,1
2021-01-01,12,4,8
2021-01-01,12,1,11
2021-01-01,5,4,1
2021-01-01,11,6,5
2021-01-01,10,4,6
2021-01-01,6,1,5
2021-01-01,6,3,3
2021-01-01,8,6,2
2021-01-01,8,4,4
2021-01-01,4,3,1
2021-01-01,5,2,3
2021-01-02,7,5,2
2021-01-02,1,1,0
2021-01-02,1,1,0
2021-01-02,1,0,1
2021-01-02,1,0,1
2021-01-02,1,0,1
2021-01-02,4,4,0
2021-01-02,5,1,4
2021-01-02,1,0,1
2021-01-02,1,0,1
2021-01-02,3,1,2
2021-01-02,1,0,1
2021-01-02,8,5,3
2021-01-02,5,5,0
2021-01-02,2,0,2
2021-01-02,5,3,2
2021-01-02,6,4,2
2021-01-02,4,2,2
2021-01-02,5,3,2
2021-01-02,3,1,2
2021-01-02,5,3,2
2021-01-02,2,0,2
2021-01-02,2,1,1
2021-01-02,0,0,0
2021-01-03,1,1,0
2021-01-03,0,0,0
2021-01-03,1,1,0
2021-01-03,0,0,0
2021-01-03,0,0,0
2021-01-03,0,0,0
2021-01-03,3,2,1
2021-01-03,2,0,2
2021-01-03,4,2,2
2021-01-03,5,2,3
2021-01-03,3,0,3
2021-01-03,7,3,4
2021-01-03,14,9,5
2021-01-03,14,8,6
2021-01-03,12,6,6
2021-01-03,26,12,14
2021-01-03,14,5,9
2021-01-03,12,5,7
2021-01-03,6,1,5
2021-01-03,7,3,4
2021-01-03,5,3,2
2021-01-03,6,1,5
2021-01-03,2,2,0
2021-01-03,1,0,1
2021-01-04,0,0,0
2021-01-04,1,1,0
2021-01-04,0,0,0
2021-01-04,0,0,0
2021-01-04,0,0,0
2021-01-04,7,3,4
2021-01-04,13,5,8
2021-01-04,10,5,5
2021-01-04,16,8,8
2021-01-04,10,4,6
2021-01-04,9,6,3
2021-01-04,10,6,4
2021-01-04,11,5,6
2021-01-04,6,4,2
2021-01-04,9,5,4
2021-01-04,17,14,3
2021-01-04,25,18,7
2021-01-04,17,10,7
2021-01-04,10,6,4
2021-01-04,8,6,2
2021-01-04,6,1,5
2021-01-04,4,1,3
2021-01-04,0,0,0
2021-01-04,1,0,1
2021-01-05,1,0,1
2021-01-05,0,0,0
2021-01-05,0,0,0
2021-01-05,0,0,0
2021-01-05,0,0,0
2021-01-05,9,2,7
2021-01-05,15,3,12
2021-01-05,14,6,8
2021-01-05,23,10,13
2021-01-05,7,5,2
2021-01-05,7,4,3
2021-01-05,17,9,8
2021-01-05,22,10,12
2021-01-05,10,6,4
2021-01-05,5,5,0
2021-01-05,17,14,3
2021-01-05,23,14,9
2021-01-05,21,12,9
2021-01-05,8,6,2
2021-01-05,4,1,3
2021-01-05,5,2,3
2021-01-05,2,1,1
2021-01-05,1,0,1
2021-01-05,5,2,3
2021-01-06,0,0,0
2021-01-06,1,1,0
2021-01-06,1,0,1
2021-01-06,0,0,0
2021-01-06,0,0,0
2021-01-06,7,2,5
2021-01-06,15,1,14
2021-01-06,16,7,9
2021-01-06,22,9,13
2021-01-06,10,5,5
2021-01-06,8,3,5
2021-01-06,19,13,6
2021-01-06,21,11,10
2021-01-06,14,8,6
2021-01-06,25,15,10
2021-01-06,23,13,10
2021-01-06,35,23,12
2021-01-06,26,16,10
2021-01-06,11,4,7
2021-01-06,13,7,6
2021-01-06,6,3,3
2021-01-06,2,1,1
2021-01-06,4,2,2
2021-01-06,6,2,4
2021-01-07,0,0,0
2021-01-07,0,0,0
2021-01-07,1,1,0
2021-01-07,0,0,0
2021-01-07,0,0,0
2021-01-07,3,1,2
2021-01-07,21,8,13
2021-01-07,28,8,20
2021-01-07,19,8,11
2021-01-07,13,5,8
2021-01-07,7,5,2
2021-01-07,18,7,11
2021-01-07,19,7,12
2021-01-07,17,8,9
2021-01-07,30,23,7
2021-01-07,32,20,12
2021-01-07,32,23,9
2021-01-07,34,21,13
2021-01-07,17,9,8
2021-01-07,8,5,3
2021-01-07,10,4,6
2021-01-07,3,1,2
2021-01-07,3,1,2
2021-01-07,3,0,3
2021-01-08,3,0,3
2021-01-08,4,3,1
2021-01-08,0,0,0
2021-01-08,1,1,0
2021-01-08,0,0,0
2021-01-08,6,3,3
2021-01-08,13,1,12
2021-01-08,16,3,13
2021-01-08,13,8,5
2021-01-08,10,4,6
2021-01-08,6,4,2
2021-01-08,5,0,5
2021-01-08,16,9,7
2021-01-08,17,6,11
2021-01-08,14,8,6
2021-01-08,13,9,4
2021-01-08,17,10,7
2021-01-08,22,14,8
2021-01-08,13,6,7
2021-01-08,6,4,2
2021-01-08,11,6,5
2021-01-08,11,7,4
2021-01-08,4,1,3
2021-01-08,9,5,4
2021-01-09,5,2,3
2021-01-09,1,1,0
2021-01-09,0,0,0
2021-01-09,0,0,0
2021-01-09,1,0,1
2021-01-09,1,0,1
2021-01-09,3,2,1
2021-01-09,2,1,1
2021-01-09,5,0,5
2021-01-09,15,11,4
2021-01-09,13,8,5
2021-01-09,19,16,3
2021-01-09,33,25,8
2021-01-09,29,19,10
2021-01-09,35,16,19
2021-01-09,22,14,8
2021-01-09,15,7,8
2021-01-09,16,11,5
2021-01-09,20,9,11
2021-01-09,8,4,4
2021-01-09,5,3,2
2021-01-09,7,4,3
2021-01-09,6,4,2
2021-01-09,2,1,1
2021-01-10,3,2,1
2021-01-10,0,0,0
2021-01-10,0,0,0
2021-01-10,0,0,0
2021-01-10,0,0,0
2021-01-10,1,0,1
2021-01-10,1,1,0
2021-01-10,4,1,3
2021-01-10,0,0,0
2021-01-10,10,6,4
2021-01-10,7,4,3
2021-01-10,28,14,14
2021-01-10,17,6,11
2021-01-10,21,14,7
2021-01-10,25,14,11
2021-01-10,25,12,13
2021-01-10,14,7,7
2021-01-10,17,11,6
2021-01-10,6,2,4
2021-01-10,8,5,3
2021-01-10,3,3,0
2021-01-10,6,2,4
2021-01-10,1,1,0
2021-01-10,1,0,1
2021-01-11,1,1,0
2021-01-11,0,0,0
2021-01-11,0,0,0
2021-01-11,0,0,0
2021-01-11,0,0,0
2021-01-11,4,1,3
2021-01-11,14,4,10
2021-01-11,16,7,9
2021-01-11,9,3,6
2021-01-11,10,5,5
2021-01-11,5,5,0
2021-01-11,12,8,4
2021-01-11,12,5,7
2021-01-11,11,4,7
2021-01-11,9,6,3
2021-01-11,16,12,4
2021-01-11,17,10,7
2021-01-11,18,9,9
2021-01-11,8,5,3
2021-01-11,2,0,2
2021-01-11,3,0,3
2021-01-11,4,1,3
2021-01-11,1,0,1
2021-01-11,0,0,0
2021-01-12,0,0,0
2021-01-12,1,0,1
2021-01-12,0,0,0
2021-01-12,1,1,0
2021-01-12,0,0,0
2021-01-12,6,2,4
2021-01-12,8,3,5
2021-01-12,9,4,5
2021-01-12,19,5,14
2021-01-12,10,3,7
2021-01-12,5,2,3
2021-01-12,10,5,5
2021-01-12,10,6,4
2021-01-12,13,5,8
2021-01-12,13,7,6
2021-01-12,19,13,6
2021-01-12,26,19,7
2021-01-12,14,6,8
2021-01-12,8,2,6
2021-01-12,7,4,3
2021-01-12,2,1,1
2021-01-12,1,0,1
2021-01-12,4,2,2
2021-01-12,3,1,2
2021-01-13,1,0,1
2021-01-13,0,0,0
2021-01-13,0,0,0
2021-01-13,1,0,1
2021-01-13,0,0,0
2021-01-13,5,1,4
2021-01-13,12,5,7
2021-01-13,26,12,14
2021-01-13,19,10,9
2021-01-13,16,6,10
2021-01-13,15,7,8
2021-01-13,14,6,8
2021-01-13,18,13,5
2021-01-13,30,22,8
2021-01-13,34,22,12
2021-01-13,36,21,15
2021-01-13,40,29,11
2021-01-13,31,17,14
2021-01-13,11,6,5
2021-01-13,9,4,5
2021-01-13,7,2,5
2021-01-13,2,2,0
2021-01-13,3,0,3
2021-01-13,2,1,1
2021-01-14,1,0,1
2021-01-14,1,0,1
2021-01-14,1,1,0
2021-01-14,0,0,0
2021-01-14,0,0,0
2021-01-14,10,1,9
2021-01-14,17,4,13
2021-01-14,26,14,12
2021-01-14,23,11,12
2021-01-14,19,8,11
2021-01-14,7,3,4
2021-01-14,19,12,7
2021-01-14,28,14,14
2021-01-14,20,8,12
2021-01-14,27,17,10
2021-01-14,27,17,10
2021-01-14,30,13,17
2021-01-14,38,27,11
2021-01-14,18,8,10
2021-01-14,15,7,8
2021-01-14,3,1,2
2021-01-14,5,2,3
2021-01-14,2,0,2
2021-01-14,1,0,1
2021-01-15,0,0,0
2021-01-15,1,1,0
2021-01-15,0,0,0
2021-01-15,0,0,0
2021-01-15,0,0,0
2021-01-15,8,3,5
2021-01-15,9,5,4
2021-01-15,23,8,15
2021-01-15,19,8,11
2021-01-15,18,6,12
2021-01-15,10,6,4
2021-01-15,13,5,8
2021-01-15,22,11,11
2021-01-15,30,20,10
2021-01-15,21,9,12
2021-01-15,19,15,4
2021-01-15,29,17,12
2021-01-15,34,20,14
2021-01-15,16,10,6
2021-01-15,12,9,3
2021-01-15,11,8,3
2021-01-15,2,2,0
2021-01-15,3,0,3
2021-01-15,3,1,2
2021-01-16,3,0,3
2021-01-16,4,1,3
2021-01-16,0,0,0
2021-01-16,1,0,1
2021-01-16,0,0,0
2021-01-16,1,0,1
2021-01-16,0,0,0
2021-01-16,1,0,1
2021-01-16,8,3,5
2021-01-16,10,4,6
2021-01-16,15,5,10
2021-01-16,27,15,12
2021-01-16,32,27,5
2021-01-16,35,17,18
2021-01-16,32,10,22
2021-01-16,28,20,8
2021-01-16,31,14,17
2021-01-16,18,9,9
2021-01-16,8,3,5
2021-01-16,8,5,3
2021-01-16,7,4,3
2021-01-16,5,4,1
2021-01-16,4,1,3
2021-01-16,0,0,0
2021-01-17,0,0,0
2021-01-17,0,0,0
2021-01-17,0,0,0
2021-01-17,0,0,0
2021-01-17,0,0,0
2021-01-17,1,0,1
2021-01-17,0,0,0
2021-01-17,2,0,2
2021-01-17,10,5,5
2021-01-17,11,7,4
2021-01-17,16,9,7
2021-01-17,20,10,10
2021-01-17,22,13,9
2021-01-17,12,8,4
2021-01-17,31,15,16
2021-01-17,13,7,6
2021-01-17,19,11,8
2021-01-17,17,12,5
2021-01-17,11,3,8
2021-01-17,9,4,5
2021-01-17,10,5,5
2021-01-17,7,5,2
2021-01-17,13,3,10
2021-01-17,0,0,0
2021-01-18,1,1,0
2021-01-18,2,2,0
2021-01-18,2,2,0
2021-01-18,0,0,0
2021-01-18,0,0,0
2021-01-18,5,1,4
2021-01-18,9,6,3
2021-01-18,8,4,4
2021-01-18,16,11,5
2021-01-18,14,6,8
2021-01-18,13,8,5
2021-01-18,19,11,8
2021-01-18,32,24,8
2021-01-18,26,14,12
2021-01-18,38,20,18
2021-01-18,48,23,25
2021-01-18,21,14,7
2021-01-18,23,11,12
2021-01-18,11,7,4
2021-01-18,12,6,6
2021-01-18,4,3,1
2021-01-18,6,3,3
2021-01-18,5,2,3
2021-01-18,1,0,1
2021-01-19,1,1,0
2021-01-19,0,0,0
2021-01-19,1,1,0
2021-01-19,1,0,1
2021-01-19,0,0,0
2021-01-19,7,3,4
2021-01-19,14,4,10
2021-01-19,17,6,11
2021-01-19,16,8,8
2021-01-19,16,9,7
2021-01-19,7,2,5
2021-01-19,8,3,5
2021-01-19,19,13,6
2021-01-19,23,12,11
2021-01-19,26,18,8
2021-01-19,24,16,8
2021-01-19,27,14,13
2021-01-19,29,20,9
2021-01-19,10,5,5
2021-01-19,5,2,3
2021-01-19,7,3,4
2021-01-19,7,2,5
2021-01-19,4,1,3
2021-01-19,0,0,0
2021-01-20,0,0,0
2021-01-20,0,0,0
2021-01-20,3,2,1
2021-01-20,3,2,1
2021-01-20,0,0,0
2021-01-20,4,1,3
2021-01-20,15,4,11
2021-01-20,20,6,14
2021-01-20,13,8,5
2021-01-20,22,10,12
2021-01-20,9,4,5
2021-01-20,11,7,4
2021-01-20,16,8,8
2021-01-20,11,5,6
2021-01-20,14,13,1
2021-01-20,21,17,4
2021-01-20,25,14,11
2021-01-20,31,23,8
2021-01-20,40,20,20
2021-01-20,13,5,8
2021-01-20,25,6,19
2021-01-20,18,3,15
2021-01-20,5,1,4
2021-01-20,4,1,3
2021-01-21,3,2,1
2021-01-21,0,0,0
2021-01-21,3,3,0
2021-01-21,0,0,0
2021-01-21,1,1,0
2021-01-21,4,1,3
2021-01-21,12,3,9
2021-01-21,20,5,15
2021-01-21,17,12,5
2021-01-21,13,1,12
2021-01-21,6,4,2
2021-01-21,12,4,8
2021-01-21,8,7,1
2021-01-21,22,7,15
2021-01-21,21,13,8
2021-01-21,21,15,6
2021-01-21,25,14,11
2021-01-21,35,23,12
2021-01-21,14,7,7
2021-01-21,7,1,6
2021-01-21,4,0,4
2021-01-21,4,0,4
2021-01-21,4,1,3
2021-01-21,2,1,1
2021-01-22,0,0,0
2021-01-22,0,0,0
2021-01-22,2,0,2
2021-01-22,0,0,0
2021-01-22,0,0,0
2021-01-22,7,3,4
2021-01-22,11,3,8
2021-01-22,20,8,12
2021-01-22,17,8,9
2021-01-22,14,5,9
2021-01-22,9,3,6
2021-01-22,11,6,5
2021-01-22,16,8,8
2021-01-22,21,11,10
2021-01-22,27,15,12
2021-01-22,33,28,5
2021-01-22,31,20,11
2021-01-22,30,14,16
2021-01-22,13,8,5
2021-01-22,8,5,3
2021-01-22,5,2,3
2021-01-22,0,0,0
2021-01-22,0,0,0
2021-01-22,1,0,1
2021-01-23,0,0,0
2021-01-23,0,0,0
2021-01-23,0,0,0
2021-01-23,0,0,0
2021-01-23,0,0,0
2021-01-23,2,1,1
2021-01-23,0,0,0
2021-01-23,0,0,0
2021-01-23,5,2,3
2021-01-23,9,4,5
2021-01-23,15,13,2
2021-01-23,24,12,12
2021-01-23,20,10,10
2021-01-23,33,21,12
2021-01-23,45,26,19
2021-01-23,43,25,18
2021-01-23,38,23,15
2021-01-23,28,12,16
2021-01-23,7,2,5
2021-01-23,15,4,11
2021-01-23,7,4,3
2021-01-23,8,5,3
2021-01-23,12,10,2
2021-01-23,5,0,5
2021-01-24,0,0,0
2021-01-24,0,0,0
2021-01-24,0,0,0
2021-01-24,0,0,0
2021-01-24,2,2,0
2021-01-24,2,0,2
2021-01-24,1,0,1
2021-01-24,1,0,1
2021-01-24,8,3,5
2021-01-24,9,4,5
2021-01-24,9,4,5
2021-01-24,5,4,1
2021-01-24,8,4,4
2021-01-24,3,2,1
2021-01-24,6,3,3
2021-01-24,4,2,2
2021-01-24,12,7,5
2021-01-24,8,2,6
2021-01-24,4,3,1
2021-01-24,0,0,0
2021-01-24,3,1,2
2021-01-24,2,1,1
2021-01-24,2,1,1
2021-01-24,0,0,0
2021-01-25,2,1,1
2021-01-25,0,0,0
2021-01-25,0,0,0
2021-01-25,0,0,0
2021-01-25,2,2,0
2021-01-25,4,1,3
2021-01-25,9,4,5
2021-01-25,26,11,15
2021-01-25,27,8,19
2021-01-25,14,7,7
2021-01-25,6,5,1
2021-01-25,12,8,4
2021-01-25,19,11,8
2021-01-25,13,6,7
2021-01-25,16,12,4
2021-01-25,21,13,8
2021-01-25,22,15,7
2021-01-25,27,19,8
2021-01-25,16,10,6
2021-01-25,4,2,2
2021-01-25,5,1,4
2021-01-25,3,2,1
2021-01-25,0,0,0
2021-01-25,3,1,2
2021-01-26,1,0,1
2021-01-26,0,0,0
2021-01-26,1,1,0
2021-01-26,0,0,0
2021-01-26,0,0,0
2021-01-26,7,1,6
2021-01-26,18,6,12
2021-01-26,18,7,11
2021-01-26,23,8,15
2021-01-26,9,4,5
2021-01-26,13,6,7
2021-01-26,15,7,8
2021-01-26,18,11,7
2021-01-26,21,9,12
2021-01-26,20,15,5
2021-01-26,18,11,7
2021-01-26,22,15,7
2021-01-26,30,20,10
2021-01-26,11,6,5
2021-01-26,8,1,7
2021-01-26,5,2,3
2021-01-26,0,0,0
2021-01-26,6,0,6
2021-01-26,4,3,1
2021-01-27,0,0,0
2021-01-27,0,0,0
2021-01-27,0,0,0
2021-01-27,2,2,0
2021-01-27,1,1,0
2021-01-27,8,1,7
2021-01-27,9,3,6
2021-01-27,23,6,17
2021-01-27,18,6,12
2021-01-27,13,5,8
2021-01-27,6,5,1
2021-01-27,10,5,5
2021-01-27,18,10,8
2021-01-27,16,10,6
2021-01-27,23,15,8
2021-01-27,18,14,4
2021-01-27,18,8,10
2021-01-27,23,16,7
2021-01-27,22,14,8
2021-01-27,13,5,8
2021-01-27,11,4,7
2021-01-27,1,0,1
2021-01-27,4,0,4
2021-01-27,2,1,1
2021-01-28,0,0,0
2021-01-28,2,2,0
2021-01-28,0,0,0
2021-01-28,0,0,0
2021-01-28,0,0,0
2021-01-28,10,3,7
2021-01-28,9,3,6
2021-01-28,22,2,20
2021-01-28,13,8,5
2021-01-28,8,3,5
2021-01-28,4,2,2
2021-01-28,8,5,3
2021-01-28,11,9,2
2021-01-28,19,8,11
2021-01-28,27,13,14
2021-01-28,26,18,8
2021-01-28,28,18,10
2021-01-28,32,19,13
2021-01-28,12,8,4
2021-01-28,21,8,13
2021-01-28,4,1,3
2021-01-28,11,5,6
2021-01-28,0,0,0
2021-01-28,4,1,3
2021-01-29,0,0,0
2021-01-29,0,0,0
2021-01-29,1,0,1
2021-01-29,0,0,0
2021-01-29,0,0,0
2021-01-29,7,2,5
2021-01-29,8,2,6
2021-01-29,26,10,16
2021-01-29,17,8,9
2021-01-29,16,8,8
2021-01-29,13,5,8
2021-01-29,20,12,8
2021-01-29,19,11,8
2021-01-29,14,8,6
2021-01-29,22,13,9
2021-01-29,23,16,7
2021-01-29,30,18,12
2021-01-29,30,23,7
2021-01-29,14,9,5
2021-01-29,10,4,6
2021-01-29,5,1,4
2021-01-29,6,3,3
2021-01-29,3,1,2
2021-01-29,0,0,0
2021-01-30,2,1,1
2021-01-30,2,1,1
2021-01-30,1,0,1
2021-01-30,1,1,0
2021-01-30,1,1,0
2021-01-30,2,0,2
2021-01-30,1,0,1
2021-01-30,6,2,4
2021-01-30,4,2,2
2021-01-30,13,7,6
2021-01-30,9,3,6
2021-01-30,17,12,5
2021-01-30,15,9,6
2021-01-30,11,5,6
2021-01-30,20,14,6
2021-01-30,13,6,7
2021-01-30,18,8,10
2021-01-30,15,8,7
2021-01-30,7,4,3
2021-01-30,5,4,1
2021-01-30,4,3,1
2021-01-30,2,2,0
2021-01-30,1,0,1
2021-01-30,3,1,2
2021-01-31,1,0,1
2021-01-31,1,1,0
2021-01-31,0,0,0
2021-01-31,1,1,0
2021-01-31,0,0,0
2021-01-31,1,0,1
2021-01-31,2,1,1
2021-01-31,3,1,2
2021-01-31,3,0,3
2021-01-31,8,3,5
2021-01-31,9,5,4
2021-01-31,5,3,2
2021-01-31,12,6,6
2021-01-31,5,2,3
2021-01-31,4,3,1
2021-01-31,5,5,0
2021-01-31,8,6,2
2021-01-31,7,3,4
2021-01-31,2,1,1
2021-01-31,3,2,1
2021-01-31,2,1,1
2021-01-31,6,4,2
2021-01-31,0,0,0
2021-01-31,2,1,1
2021-02-01,0,0,0
2021-02-01,0,0,0
2021-02-01,0,0,0
2021-02-01,0,0,0
2021-02-01,0,0,0
2021-02-01,7,1,6
2021-02-01,8,4,4
2021-02-01,21,7,14
2021-02-01,24,9,15
2021-02-01,12,6,6
2021-02-01,6,2,4
2021-02-01,10,5,5
2021-02-01,8,5,3
2021-02-01,13,11,2
2021-02-01,14,7,7
2021-02-01,21,15,6
2021-02-01,12,11,1
2021-02-01,36,22,14
2021-02-01,9,6,3
2021-02-01,8,3,5
2021-02-01,6,3,3
2021-02-01,6,5,1
2021-02-01,2,0,2
2021-02-01,5,1,4
2021-02-02,0,0,0
2021-02-02,0,0,0
2021-02-02,0,0,0
2021-02-02,0,0,0
2021-02-02,0,0,0
2021-02-02,6,1,5
2021-02-02,9,5,4
2021-02-02,22,5,17
2021-02-02,16,8,8
2021-02-02,13,4,9
2021-02-02,12,4,8
2021-02-02,9,7,2
2021-02-02,15,9,6
2021-02-02,13,8,5
2021-02-02,13,9,4
2021-02-02,14,9,5
2021-02-02,20,12,8
2021-02-02,32,21,11
2021-02-02,13,10,3
2021-02-02,8,4,4
2021-02-02,4,3,1
2021-02-02,0,0,0
2021-02-02,5,1,4
2021-02-02,0,0,0
2021-02-03,1,1,0
2021-02-03,0,0,0
2021-02-03,0,0,0
2021-02-03,0,0,0
2021-02-03,0,0,0
2021-02-03,7,2,5
2021-02-03,15,6,9
2021-02-03,19,6,13
2021-02-03,23,9,14
2021-02-03,15,8,7
2021-02-03,10,6,4
2021-02-03,17,6,11
2021-02-03,16,7,9
2021-02-03,10,6,4
2021-02-03,24,15,9
2021-02-03,34,19,15
2021-02-03,41,26,15
2021-02-03,51,37,14
2021-02-03,19,14,5
2021-02-03,8,1,7
2021-02-03,13,8,5
2021-02-03,3,0,3
2021-02-03,7,1,6
2021-02-03,3,2,1
2021-02-04,0,0,0
2021-02-04,0,0,0
2021-02-04,1,0,1
2021-02-04,0,0,0
2021-02-04,0,0,0
2021-02-04,12,1,11
2021-02-04,11,6,5
2021-02-04,26,9,17
2021-02-04,20,11,9
2021-02-04,11,5,6
2021-02-04,10,6,4
2021-02-04,7,4,3
2021-02-04,9,5,4
2021-02-04,12,8,4
2021-02-04,16,9,7
2021-02-04,23,12,11
2021-02-04,25,13,12
2021-02-04,30,18,12
2021-02-04,22,15,7
2021-02-04,8,3,5
2021-02-04,10,3,7
2021-02-04,2,1,1
2021-02-04,3,0,3
2021-02-04,3,0,3
2021-02-05,0,0,0
2021-02-05,0,0,0
2021-02-05,2,1,1
2021-02-05,0,0,0
2021-02-05,0,0,0
2021-02-05,6,2,4
2021-02-05,11,4,7
2021-02-05,24,6,18
2021-02-05,23,9,14
2021-02-05,14,8,6
2021-02-05,11,5,6
2021-02-05,19,10,9
2021-02-05,32,16,16
2021-02-05,23,17,6
2021-02-05,25,17,8
2021-02-05,25,18,7
2021-02-05,35,21,14
2021-02-05,39,23,16
2021-02-05,28,16,12
2021-02-05,15,4,11
2021-02-05,9,3,6
2021-02-05,5,1,4
2021-02-05,5,1,4
2021-02-05,2,1,1
2021-02-06,1,0,1
2021-02-06,3,2,1
2021-02-06,2,2,0
2021-02-06,0,0,0
2021-02-06,0,0,0
2021-02-06,2,0,2
2021-02-06,0,0,0
2021-02-06,2,2,0
2021-02-06,6,2,4
2021-02-06,12,5,7
2021-02-06,14,6,8
2021-02-06,7,3,4
2021-02-06,15,7,8
2021-02-06,27,17,10
2021-02-06,21,12,9
2021-02-06,11,5,6
2021-02-06,25,16,9
2021-02-06,14,7,7
2021-02-06,28,17,11
2021-02-06,13,6,7
2021-02-06,14,12,2
2021-02-06,7,3,4
2021-02-06,0,0,0
2021-02-06,4,1,3
2021-02-07,2,0,2
2021-02-07,6,4,2
2021-02-07,2,2,0
2021-02-07,0,0,0
2021-02-07,0,0,0
2021-02-07,0,0,0
2021-02-07,1,0,1
2021-02-07,3,2,1
2021-02-07,8,7,1
2021-02-07,13,3,10
2021-02-07,14,8,6
2021-02-07,20,11,9
2021-02-07,37,21,16
2021-02-07,42,23,19
2021-02-07,32,19,13
2021-02-07,15,7,8
2021-02-07,11,5,6
2021-02-07,9,4,5
2021-02-07,4,3,1
2021-02-07,5,2,3
2021-02-07,8,2,6
2021-02-07,3,0,3
2021-02-07,4,0,4
2021-02-07,0,0,0
2021-02-08,0,0,0
2021-02-08,1,1,0
2021-02-08,2,2,0
2021-02-08,0,0,0
2021-02-08,0,0,0
2021-02-08,6,1,5
2021-02-08,12,3,9
2021-02-08,21,9,12
2021-02-08,22,12,10
2021-02-08,17,4,13
2021-02-08,7,3,4
2021-02-08,10,6,4
2021-02-08,16,6,10
2021-02-08,13,5,8
2021-02-08,26,14,12
2021-02-08,28,22,6
2021-02-08,30,20,10
2021-02-08,48,29,19
2021-02-08,13,7,6
2021-02-08,9,5,4
2021-02-08,9,6,3
2021-02-08,2,2,0
2021-02-08,3,1,2
2021-02-08,0,0,0
2021-02-09,1,1,0
2021-02-09,1,1,0
2021-02-09,4,2,2
2021-02-09,0,0,0
2021-02-09,0,0,0
2021-02-09,4,1,3
2021-02-09,12,5,7
2021-02-09,20,3,17
2021-02-09,14,7,7
2021-02-09,13,6,7
2021-02-09,14,6,8
2021-02-09,9,6,3
2021-02-09,19,9,10
2021-02-09,22,11,11
2021-02-09,22,16,6
2021-02-09,18,13,5
2021-02-09,35,19,16
2021-02-09,48,28,20
2021-02-09,20,8,12
2021-02-09,10,2,8
2021-02-09,5,2,3
2021-02-09,6,2,4
2021-02-09,0,0,0
2021-02-09,0,0,0
2021-02-10,1,0,1
2021-02-10,0,0,0
2021-02-10,0,0,0
2021-02-10,0,0,0
2021-02-10,0,0,0
2021-02-10,5,2,3
2021-02-10,12,5,7
2021-02-10,15,5,10
2021-02-10,15,7,8
2021-02-10,10,3,7
2021-02-10,8,3,5
2021-02-10,9,6,3
2021-02-10,8,3,5
2021-02-10,11,8,3
2021-02-10,20,14,6
2021-02-10,26,17,9
2021-02-10,25,14,11
2021-02-10,23,12,11
2021-02-10,14,9,5
2021-02-10,12,6,6
2021-02-10,5,0,5
2021-02-10,4,3,1
2021-02-10,4,0,4
2021-02-10,3,2,1
2021-02-11,1,0,1
2021-02-11,1,0,1
2021-02-11,1,0,1
2021-02-11,0,0,0
2021-02-11,0,0,0
2021-02-11,7,1,6
2021-02-11,5,2,3
2021-02-11,16,6,10
2021-02-11,12,8,4
2021-02-11,19,5,14
2021-02-11,11,5,6
2021-02-11,11,7,4
2021-02-11,16,10,6
2021-02-11,24,12,12
2021-02-11,20,12,8
2021-02-11,13,5,8
2021-02-11,17,10,7
2021-02-11,25,11,14
2021-02-11,14,10,4
2021-02-11,3,2,1
2021-02-11,3,2,1
2021-02-11,0,0,0
2021-02-11,3,0,3
2021-02-11,3,2,1
2021-02-12,0,0,0
2021-02-12,0,0,0
2021-02-12,0,0,0
2021-02-12,0,0,0
2021-02-12,1,0,1
2021-02-12,5,2,3
2021-02-12,4,2,2
2021-02-12,7,3,4
2021-02-12,4,2,2
2021-02-12,4,2,2
2021-02-12,11,8,3
2021-02-12,13,8,5
2021-02-12,12,3,9
2021-02-12,14,8,6
2021-02-12,14,12,2
2021-02-12,9,5,4
2021-02-12,9,6,3
2021-02-12,22,12,10
2021-02-12,11,7,4
2021-02-12,13,7,6
2021-02-12,4,3,1
2021-02-12,0,0,0
2021-02-12,0,0,0
2021-02-12,0,0,0
2021-02-13,0,0,0
2021-02-13,1,1,0
2021-02-13,0,0,0
2021-02-13,0,0,0
2021-02-13,0,0,0
2021-02-13,0,0,0
2021-02-13,0,0,0
2021-02-13,0,0,0
2021-02-13,0,0,0
2021-02-13,1,1,0
2021-02-13,0,0,0
2021-02-13,1,1,0
2021-02-13,0,0,0
2021-02-13,1,1,0
2021-02-13,2,2,0
2021-02-13,0,0,0
2021-02-13,1,0,1
2021-02-13,0,0,0
2021-02-13,1,0,1
2021-02-13,2,0,2
2021-02-13,0,0,0
2021-02-13,0,0,0
2021-02-13,0,0,0
2021-02-13,0,0,0
2021-02-14,0,0,0
2021-02-14,0,0,0
2021-02-14,0,0,0
2021-02-14,0,0,0
2021-02-14,0,0,0
2021-02-14,0,0,0
2021-02-14,0,0,0
2021-02-14,0,0,0
2021-02-14,0,0,0
2021-02-14,0,0,0
2021-02-14,0,0,0
2021-02-14,0,0,0
2021-02-14,0,0,0
2021-02-14,1,1,0
2021-02-14,0,0,0
2021-02-14,1,1,0
2021-02-14,2,1,1
2021-02-14,3,2,1
2021-02-14,1,0,1
2021-02-14,0,0,0
2021-02-14,0,0,0
2021-02-14,0,0,0
2021-02-14,1,0,1
2021-02-14,0,0,0
2021-02-15,0,0,0
2021-02-15,0,0,0
2021-02-15,0,0,0
2021-02-15,0,0,0
2021-02-15,0,0,0
2021-02-15,0,0,0
2021-02-15,0,0,0
2021-02-15,2,0,2
2021-02-15,4,1,3
2021-02-15,1,1,0
2021-02-15,4,1,3
2021-02-15,2,1,1
2021-02-15,8,4,4
2021-02-15,5,2,3
2021-02-15,5,3,2
2021-02-15,6,4,2
2021-02-15,7,3,4
2021-02-15,8,4,4
2021-02-15,10,6,4
2021-02-15,4,1,3
2021-02-15,2,1,1
2021-02-15,4,1,3
2021-02-15,0,0,0
2021-02-15,0,0,0
2021-02-16,0,0,0
2021-02-16,0,0,0
2021-02-16,0,0,0
2021-02-16,3,0,3
2021-02-16,0,0,0
2021-02-16,4,1,3
2021-02-16,2,0,2
2021-02-16,13,5,8
2021-02-16,11,4,7
2021-02-16,6,2,4
2021-02-16,13,8,5
2021-02-16,9,4,5
2021-02-16,14,6,8
2021-02-16,18,10,8
2021-02-16,14,7,7
2021-02-16,14,7,7
2021-02-16,10,6,4
2021-02-16,18,9,9
2021-02-16,10,5,5
2021-02-16,10,4,6
2021-02-16,8,2,6
2021-02-16,6,4,2
2021-02-16,7,1,6
2021-02-16,2,0,2
2021-02-17,2,2,0
2021-02-17,0,0,0
2021-02-17,1,0,1
2021-02-17,0,0,0
2021-02-17,0,0,0
2021-02-17,2,1,1
2021-02-17,10,3,7
2021-02-17,21,9,12
2021-02-17,16,6,10
2021-02-17,15,4,11
2021-02-17,10,3,7
2021-02-17,17,12,5
2021-02-17,20,10,10
2021-02-17,13,10,3
2021-02-17,20,10,10
2021-02-17,22,15,7
2021-02-17,29,19,10
2021-02-17,36,22,14
2021-02-17,24,14,10
2021-02-17,19,9,10
2021-02-17,7,2,5
2021-02-17,8,5,3
2021-02-17,10,4,6
2021-02-17,1,0,1
2021-02-18,2,1,1
2021-02-18,1,0,1
2021-02-18,0,0,0
2021-02-18,0,0,0
2021-02-18,0,0,0
2021-02-18,7,0,7
2021-02-18,9,4,5
2021-02-18,15,3,12
2021-02-18,11,4,7
2021-02-18,16,3,13
2021-02-18,13,9,4
2021-02-18,11,5,6
2021-02-18,16,10,6
2021-02-18,14,7,7
2021-02-18,12,8,4
2021-02-18,17,11,6
2021-02-18,22,13,9
2021-02-18,31,20,11
2021-02-18,12,10,2
2021-02-18,7,6,1
2021-02-18,2,1,1
2021-02-18,3,2,1
2021-02-18,4,0,4
2021-02-18,2,2,0
2021-02-19,0,0,0
2021-02-19,0,0,0
2021-02-19,1,0,1
2021-02-19,0,0,0
2021-02-19,1,1,0
2021-02-19,4,1,3
2021-02-19,5,3,2
2021-02-19,13,3,10
2021-02-19,13,7,6
2021-02-19,10,6,4
2021-02-19,9,4,5
2021-02-19,17,5,12
2021-02-19,13,7,6
2021-02-19,16,7,9
2021-02-19,15,9,6
2021-02-19,19,12,7
2021-02-19,17,8,9
2021-02-19,26,19,7
2021-02-19,13,7,6
2021-02-19,10,5,5
2021-02-19,10,4,6
2021-02-19,6,4,2
2021-02-19,8,4,4
2021-02-19,9,6,3
2021-02-20,4,2,2
2021-02-20,2,2,0
2021-02-20,1,1,0
2021-02-20,0,0,0
2021-02-20,0,0,0
2021-02-20,2,0,2
2021-02-20,2,2,0
2021-02-20,4,4,0
2021-02-20,8,6,2
2021-02-20,14,3,11
2021-02-20,10,6,4
2021-02-20,25,19,6
2021-02-20,31,19,12
2021-02-20,30,18,12
2021-02-20,42,22,20
2021-02-20,37,16,21
2021-02-20,27,15,12
2021-02-20,23,12,11
2021-02-20,24,13,11
2021-02-20,13,9,4
2021-02-20,1,1,0
2021-02-20,4,3,1
2021-02-20,4,1,3
2021-02-20,3,3,0
2021-02-21,4,2,2
2021-02-21,1,0,1
2021-02-21,0,0,0
2021-02-21,1,1,0
2021-02-21,0,0,0
2021-02-21,1,0,1
2021-02-21,1,1,0
2021-02-21,5,4,1
2021-02-21,2,1,1
2021-02-21,7,2,5
2021-02-21,8,4,4
2021-02-21,6,4,2
2021-02-21,19,10,9
2021-02-21,10,8,2
2021-02-21,12,8,4
2021-02-21,15,6,9
2021-02-21,14,3,11
2021-02-21,9,3,6
2021-02-21,7,5,2
2021-02-21,3,3,0
2021-02-21,4,1,3
2021-02-21,1,1,0
2021-02-21,2,1,1
2021-02-21,0,0,0
2021-02-22,0,0,0
2021-02-22,0,0,0
2021-02-22,0,0,0
2021-02-22,0,0,0
2021-02-22,0,0,0
2021-02-22,4,1,3
2021-02-22,6,2,4
2021-02-22,15,4,11
2021-02-22,9,2,7
2021-02-22,8,4,4
2021-02-22,8,5,3
2021-02-22,9,5,4
2021-02-22,12,5,7
2021-02-22,9,3,6
2021-02-22,11,5,6
2021-02-22,15,8,7
2021-02-22,23,14,9
2021-02-22,44,30,14
2021-02-22,16,10,6
2021-02-22,12,6,6
2021-02-22,6,2,4
2021-02-22,2,2,0
2021-02-22,0,0,0
2021-02-22,1,1,0
2021-02-23,0,0,0
2021-02-23,2,0,2
2021-02-23,0,0,0
2021-02-23,2,1,1
2021-02-23,0,0,0
2021-02-23,8,1,7
2021-02-23,9,3,6
2021-02-23,19,5,14
2021-02-23,20,10,10
2021-02-23,12,4,8
2021-02-23,13,7,6
2021-02-23,7,3,4
2021-02-23,24,14,10
2021-02-23,17,11,6
2021-02-23,22,11,11
2021-02-23,20,13,7
2021-02-23,18,10,8
2021-02-23,23,14,9
2021-02-23,17,11,6
2021-02-23,13,4,9
2021-02-23,6,1,5
2021-02-23,5,2,3
2021-02-23,5,2,3
2021-02-23,1,1,0
2021-02-24,2,2,0
2021-02-24,0,0,0
2021-02-24,1,0,1
2021-02-24,1,0,1
2021-02-24,0,0,0
2021-02-24,5,0,5
2021-02-24,8,3,5
2021-02-24,16,8,8
2021-02-24,27,13,14
2021-02-24,15,5,10
2021-02-24,9,6,3
2021-02-24,11,2,9
2021-02-24,16,6,10
2021-02-24,26,15,11
2021-02-24,29,20,9
2021-02-24,19,12,7
2021-02-24,24,15,9
2021-02-24,45,31,14
2021-02-24,16,10,6
2021-02-24,13,4,9
2021-02-24,5,1,4
2021-02-24,3,3,0
2021-02-24,9,3,6
2021-02-24,3,2,1
2021-02-25,0,0,0
2021-02-25,0,0,0
2021-02-25,0,0,0
2021-02-25,0,0,0
2021-02-25,1,0,1
2021-02-25,4,1,3
2021-02-25,9,1,8
2021-02-25,17,8,9
2021-02-25,22,10,12
2021-02-25,19,7,12
2021-02-25,15,6,9
2021-02-25,10,6,4
2021-02-25,16,5,11
2021-02-25,15,9,6
2021-02-25,25,20,5
2021-02-25,19,11,8
2021-02-25,11,7,4
2021-02-25,28,19,9
2021-02-25,16,11,5
2021-02-25,7,4,3
2021-02-25,6,3,3
2021-02-25,7,3,4
2021-02-25,7,3,4
2021-02-25,0,0,0
2021-02-26,0,0,0
2021-02-26,0,0,0
2021-02-26,2,2,0
2021-02-26,0,0,0
2021-02-26,0,0,0
2021-02-26,8,1,7
2021-02-26,14,3,11
2021-02-26,26,9,17
2021-02-26,26,12,14
2021-02-26,17,8,9
2021-02-26,9,6,3
2021-02-26,15,9,6
2021-02-26,25,11,14
2021-02-26,21,10,11
2021-02-26,26,19,7
2021-02-26,20,10,10
2021-02-26,21,10,11
2021-02-26,37,23,14
2021-02-26,17,9,8
2021-02-26,11,4,7
2021-02-26,8,3,5
2021-02-26,7,2,5
2021-02-26,12,5,7
2021-02-26,8,5,3
2021-02-27,0,0,0
2021-02-27,0,0,0
2021-02-27,0,0,0
2021-02-27,0,0,0
2021-02-27,1,1,0
2021-02-27,3,1,2
2021-02-27,4,4,0
2021-02-27,5,2,3
2021-02-27,15,9,6
2021-02-27,20,9,11
2021-02-27,21,8,13
2021-02-27,18,12,6
2021-02-27,24,16,8
2021-02-27,30,17,13
2021-02-27,26,16,10
2021-02-27,35,14,21
2021-02-27,36,20,16
2021-02-27,41,18,23
2021-02-27,20,11,9
2021-02-27,4,0,4
2021-02-27,12,6,6
2021-02-27,7,4,3
2021-02-27,9,4,5
2021-02-27,10,3,7
2021-02-28,5,2,3
2021-02-28,0,0,0
2021-02-28,0,0,0
2021-02-28,0,0,0
2021-02-28,0,0,0
2021-02-28,3,0,3
2021-02-28,2,1,1
2021-02-28,5,2,3
2021-02-28,1,1,0
2021-02-28,8,4,4
2021-02-28,16,13,3
2021-02-28,13,10,3
2021-02-28,28,12,16
2021-02-28,12,8,4
2021-02-28,27,9,18
2021-02-28,35,22,13
2021-02-28,24,13,11
2021-02-28,19,9,10
2021-02-28,11,8,3
2021-02-28,12,6,6
2021-02-28,7,5,2
2021-02-28,4,2,2
2021-02-28,4,2,2
2021-02-28,7,3,4
2021-03-01,2,2,0
2021-03-01,0,0,0
2021-03-01,0,0,0
2021-03-01,0,0,0
2021-03-01,2,0,2
2021-03-01,7,1,6
2021-03-01,10,3,7
2021-03-01,20,10,10
2021-03-01,28,8,20
2021-03-01,17,6,11
2021-03-01,10,6,4
2021-03-01,26,17,9
2021-03-01,27,20,7
2021-03-01,19,8,11
2021-03-01,28,15,13
2021-03-01,27,22,5
2021-03-01,40,28,12
2021-03-01,42,24,18
2021-03-01,25,14,11
2021-03-01,4,2,2
2021-03-01,6,3,3
2021-03-01,6,2,4
2021-03-01,2,2,0
2021-03-01,5,3,2
2021-03-02,2,1,1
2021-03-02,0,0,0
2021-03-02,0,0,0
2021-03-02,3,1,2
2021-03-02,4,4,0
2021-03-02,11,1,10
2021-03-02,14,3,11
2021-03-02,20,8,12
2021-03-02,24,10,14
2021-03-02,12,2,10
2021-03-02,12,7,5
2021-03-02,16,7,9
2021-03-02,13,6,7
2021-03-02,23,17,6
2021-03-02,20,9,11
2021-03-02,28,16,12
2021-03-02,32,19,13
2021-03-02,36,22,14
2021-03-02,27,19,8
2021-03-02,16,7,9
2021-03-02,9,2,7
2021-03-02,6,4,2
2021-03-02,2,1,1
2021-03-02,5,2,3
2021-03-03,3,3,0
2021-03-03,0,0,0
2021-03-03,1,1,0
2021-03-03,1,0,1
2021-03-03,4,0,4
2021-03-03,9,2,7
2021-03-03,11,4,7
2021-03-03,18,7,11
2021-03-03,21,10,11
2021-03-03,19,6,13
2021-03-03,10,1,9
2021-03-03,21,13,8
2021-03-03,14,10,4
2021-03-03,28,15,13
2021-03-03,27,14,13
2021-03-03,38,23,15
2021-03-03,53,35,18
2021-03-03,53,35,18
2021-03-03,27,16,11
2021-03-03,15,6,9
2021-03-03,16,5,11
2021-03-03,1,0,1
2021-03-03,8,2,6
2021-03-03,9,6,3
2021-03-04,1,1,0
2021-03-04,0,0,0
2021-03-04,1,1,0
2021-03-04,0,0,0
2021-03-04,0,0,0
2021-03-04,8,1,7
2021-03-04,9,4,5
2021-03-04,19,7,12
2021-03-04,23,8,15
2021-03-04,24,14,10
2021-03-04,13,6,7
2021-03-04,26,17,9
2021-03-04,19,12,7
2021-03-04,23,9,14
2021-03-04,23,16,7
2021-03-04,10,6,4
2021-03-04,27,14,13
2021-03-04,31,20,11
2021-03-04,15,9,6
2021-03-04,12,4,8
2021-03-04,5,1,4
2021-03-04,3,1,2
2021-03-04,7,3,4
2021-03-04,2,0,2
2021-03-05,3,2,1
2021-03-05,0,0,0
2021-03-05,0,0,0
2021-03-05,0,0,0
2021-03-05,0,0,0
2021-03-05,6,2,4
2021-03-05,8,2,6
2021-03-05,21,8,13
2021-03-05,15,10,5
2021-03-05,10,5,5
2021-03-05,9,6,3
2021-03-05,9,4,5
2021-03-05,9,4,5
2021-03-05,22,13,9
2021-03-05,15,5,10
2021-03-05,17,11,6
2021-03-05,26,12,14
2021-03-05,32,17,15
2021-03-05,15,12,3
2021-03-05,15,2,13
2021-03-05,9,6,3
2021-03-05,10,4,6
2021-03-05,7,4,3
2021-03-05,14,6,8
2021-03-06,3,0,3
2021-03-06,2,2,0
2021-03-06,1,0,1
2021-03-06,1,0,1
2021-03-06,0,0,0
2021-03-06,3,0,3
2021-03-06,1,1,0
2021-03-06,4,3,1
2021-03-06,10,6,4
2021-03-06,19,13,6
2021-03-06,23,12,11
2021-03-06,22,16,6
2021-03-06,39,26,13
2021-03-06,26,16,10
2021-03-06,55,27,28
2021-03-06,23,8,15
2021-03-06,38,21,17
2021-03-06,15,10,5
2021-03-06,5,4,1
2021-03-06,13,7,6
2021-03-06,8,5,3
2021-03-06,8,2,6
2021-03-06,8,3,5
2021-03-06,5,4,1
2021-03-07,6,4,2
2021-03-07,1,0,1
2021-03-07,1,0,1
2021-03-07,0,0,0
2021-03-07,0,0,0
2021-03-07,0,0,0
2021-03-07,0,0,0
2021-03-07,6,4,2
2021-03-07,2,1,1
2021-03-07,11,6,5
2021-03-07,5,4,1
2021-03-07,8,5,3
2021-03-07,4,3,1
2021-03-07,15,7,8
2021-03-07,12,6,6
2021-03-07,12,9,3
2021-03-07,8,4,4
2021-03-07,7,4,3
2021-03-07,1,1,0
2021-03-07,6,2,4
2021-03-07,6,2,4
2021-03-07,4,3,1
2021-03-07,2,1,1
2021-03-07,3,2,1
2021-03-08,0,0,0
2021-03-08,0,0,0
2021-03-08,0,0,0
2021-03-08,0,0,0
2021-03-08,0,0,0
2021-03-08,11,1,10
2021-03-08,11,2,9
2021-03-08,23,12,11
2021-03-08,23,11,12
2021-03-08,15,4,11
2021-03-08,19,7,12
2021-03-08,16,12,4
2021-03-08,21,12,9
2021-03-08,16,11,5
2021-03-08,27,14,13
2021-03-08,20,14,6
2021-03-08,24,17,7
2021-03-08,44,24,20
2021-03-08,21,12,9
2021-03-08,10,2,8
2021-03-08,8,4,4
2021-03-08,3,0,3
2021-03-08,5,2,3
2021-03-08,2,1,1
2021-03-09,1,1,0
2021-03-09,2,1,1
2021-03-09,2,1,1
2021-03-09,1,0,1
2021-03-09,0,0,0
2021-03-09,8,0,8
2021-03-09,13,3,10
2021-03-09,25,9,16
2021-03-09,25,10,15
2021-03-09,21,10,11
2021-03-09,9,5,4
2021-03-09,19,10,9
2021-03-09,23,13,10
2021-03-09,18,7,11
2021-03-09,16,9,7
2021-03-09,20,13,7
2021-03-09,37,22,15
2021-03-09,36,23,13
2021-03-09,28,15,13
2021-03-09,14,6,8
2021-03-09,9,5,4
2021-03-09,7,4,3
2021-03-09,1,0,1
2021-03-09,9,5,4
2021-03-10,1,1,0
2021-03-10,0,0,0
2021-03-10,2,2,0
2021-03-10,0,0,0
2021-03-10,0,0,0
2021-03-10,7,1,6
2021-03-10,16,5,11
2021-03-10,24,10,14
2021-03-10,29,14,15
2021-03-10,24,13,11
2021-03-10,18,9,9
2021-03-10,26,16,10
2021-03-10,26,13,13
2021-03-10,39,23,16
2021-03-10,36,19,17
2021-03-10,32,16,16
2021-03-10,42,25,17
2021-03-10,49,28,21
2021-03-10,29,19,10
2021-03-10,13,6,7
2021-03-10,13,7,6
2021-03-10,9,2,7
2021-03-10,4,2,2
2021-03-10,1,1,0
2021-03-11,0,0,0
2021-03-11,2,0,2
2021-03-11,0,0,0
2021-03-11,0,0,0
2021-03-11,1,0,1
2021-03-11,9,0,9
2021-03-11,10,3,7
2021-03-11,29,9,20
2021-03-11,24,14,10
2021-03-11,20,8,12
2021-03-11,21,9,12
2021-03-11,15,8,7
2021-03-11,29,16,13
2021-03-11,30,19,11
2021-03-11,30,21,9
2021-03-11,27,19,8
2021-03-11,37,22,15
2021-03-11,48,31,17
2021-03-11,28,14,14
2021-03-11,16,8,8
2021-03-11,8,4,4
2021-03-11,7,4,3
2021-03-11,6,4,2
2021-03-11,5,3,2
2021-03-12,3,0,3
2021-03-12,0,0,0
2021-03-12,0,0,0
2021-03-12,0,0,0
2021-03-12,0,0,0
2021-03-12,1,0,1
2021-03-12,12,3,9
2021-03-12,29,7,22
2021-03-12,21,10,11
2021-03-12,19,9,10
2021-03-12,18,12,6
2021-03-12,23,11,12
2021-03-12,21,13,8
2021-03-12,28,18,10
2021-03-12,29,18,11
2021-03-12,42,29,13
2021-03-12,31,19,12
2021-03-12,47,27,20
2021-03-12,31,20,11
2021-03-12,14,5,9
2021-03-12,15,7,8
2021-03-12,8,3,5
2021-03-12,11,6,5
2021-03-12,4,2,2
2021-03-13,8,2,6
2021-03-13,0,0,0
2021-03-13,2,1,1
2021-03-13,1,1,0
2021-03-13,0,0,0
2021-03-13,4,1,3
2021-03-13,1,1,0
2021-03-13,13,8,5
2021-03-13,7,5,2
2021-03-13,22,11,11
2021-03-13,39,23,16
2021-03-13,47,29,18
2021-03-13,50,31,19
2021-03-13,51,29,22
2021-03-13,56,32,24
2021-03-13,57,35,22
2021-03-13,66,31,35
2021-03-13,40,19,21
2021-03-13,32,16,16
2021-03-13,19,13,6
2021-03-13,19,8,11
2021-03-13,11,4,7
2021-03-13,22,7,15
2021-03-13,4,0,4
2021-03-14,1,0,1
2021-03-14,1,0,1
2021-03-14,,,
2021-03-14,1,1,0
2021-03-14,2,2,0
2021-03-14,2,1,1
2021-03-14,1,0,1
2021-03-14,3,1,2
2021-03-14,5,4,1
2021-03-14,11,6,5
2021-03-14,9,5,4
2021-03-14,10,8,2
2021-03-14,4,1,3
2021-03-14,5,2,3
2021-03-14,11,9,2
2021-03-14,5,3,2
2021-03-14,5,3,2
2021-03-14,4,2,2
2021-03-14,5,3,2
2021-03-14,0,0,0
2021-03-14,8,3,5
2021-03-14,1,0,1
2021-03-14,1,0,1
2021-03-14,4,2,2
2021-03-15,2,1,1
2021-03-15,0,0,0
2021-03-15,0,0,0
2021-03-15,0,0,0
2021-03-15,0,0,0
2021-03-15,6,1,5
2021-03-15,5,1,4
2021-03-15,20,6,14
2021-03-15,17,7,10
2021-03-15,20,5,15
2021-03-15,11,8,3
2021-03-15,9,7,2
2021-03-15,13,3,10
2021-03-15,21,8,13
2021-03-15,20,12,8
2021-03-15,27,17,10
2021-03-15,25,16,9
2021-03-15,40,22,18
2021-03-15,22,11,11
2021-03-15,5,3,2
2021-03-15,7,4,3
2021-03-15,4,3,1
2021-03-15,7,4,3
2021-03-15,2,1,1
2021-03-16,1,1,0
2021-03-16,0,0,0
2021-03-16,0,0,0
2021-03-16,0,0,0
2021-03-16,0,0,0
2021-03-16,6,1,5
2021-03-16,9,4,5
2021-03-16,22,6,16
2021-03-16,23,8,15
2021-03-16,24,8,16
2021-03-16,8,5,3
2021-03-16,12,7,5
2021-03-16,19,8,11
2021-03-16,17,6,11
2021-03-16,21,12,9
2021-03-16,27,20,7
2021-03-16,55,31,24
2021-03-16,37,23,14
2021-03-16,31,12,19
2021-03-16,14,5,9
2021-03-16,13,7,6
2021-03-16,9,6,3
2021-03-16,3,2,1
2021-03-16,4,1,3
2021-03-17,0,0,0
2021-03-17,2,2,0
2021-03-17,0,0,0
2021-03-17,0,0,0
2021-03-17,0,0,0
2021-03-17,6,2,4
2021-03-17,10,2,8
2021-03-17,23,7,16
2021-03-17,34,15,19
2021-03-17,22,6,16
2021-03-17,13,7,6
2021-03-17,23,15,8
2021-03-17,22,13,9
2021-03-17,29,20,9
2021-03-17,36,19,17
2021-03-17,27,15,12
2021-03-17,37,25,12
2021-03-17,58,36,22
2021-03-17,35,22,13
2021-03-17,23,12,11
2021-03-17,8,5,3
2021-03-17,10,5,5
2021-03-17,3,1,2
2021-03-17,10,7,3
2021-03-18,4,1,3
2021-03-18,2,1,1
2021-03-18,0,0,0
2021-03-18,0,0,0
2021-03-18,1,0,1
2021-03-18,4,1,3
2021-03-18,8,0,8
2021-03-18,20,5,15
2021-03-18,24,11,13
2021-03-18,11,5,6
2021-03-18,12,9,3
2021-03-18,20,7,13
2021-03-18,18,11,7
2021-03-18,21,14,7
2021-03-18,15,8,7
2021-03-18,20,11,9
2021-03-18,23,15,8
2021-03-18,30,19,11
2021-03-18,14,9,5
2021-03-18,11,6,5
2021-03-18,7,2,5
2021-03-18,1,1,0
2021-03-18,3,1,2
2021-03-18,2,1,1
2021-03-19,1,1,0
2021-03-19,0,0,0
2021-03-19,0,0,0
2021-03-19,0,0,0
2021-03-19,2,2,0
2021-03-19,7,2,5
2021-03-19,8,2,6
2021-03-19,19,8,11
2021-03-19,21,11,10
2021-03-19,12,5,7
2021-03-19,9,3,6
2021-03-19,22,14,8
2021-03-19,26,13,13
2021-03-19,19,8,11
2021-03-19,22,13,9
2021-03-19,32,17,15
2021-03-19,16,9,7
2021-03-19,30,15,15
2021-03-19,24,12,12
2021-03-19,13,7,6
2021-03-19,5,2,3
2021-03-19,2,0,2
2021-03-19,6,3,3
2021-03-19,6,5,1
2021-03-20,9,3,6
2021-03-20,3,1,2
2021-03-20,0,0,0
2021-03-20,0,0,0
2021-03-20,1,0,1
2021-03-20,3,1,2
2021-03-20,3,2,1
2021-03-20,6,3,3
2021-03-20,3,1,2
2021-03-20,6,1,5
2021-03-20,21,14,7
2021-03-20,13,10,3
2021-03-20,32,19,13
2021-03-20,33,17,16
2021-03-20,28,18,10
2021-03-20,40,21,19
2021-03-20,25,13,12
2021-03-20,11,3,8
2021-03-20,7,5,2
2021-03-20,6,1,5
2021-03-20,6,5,1
2021-03-20,5,3,2
2021-03-20,6,3,3
2021-03-20,9,6,3
2021-03-21,2,1,1
2021-03-21,2,1,1
2021-03-21,0,0,0
2021-03-21,0,0,0
2021-03-21,0,0,0
2021-03-21,0,0,0
2021-03-21,0,0,0
2021-03-21,5,3,2
2021-03-21,5,1,4
2021-03-21,5,2,3
2021-03-21,12,4,8
2021-03-21,11,3,8
2021-03-21,10,5,5
2021-03-21,9,4,5
2021-03-21,12,7,5
2021-03-21,7,6,1
2021-03-21,20,11,9
2021-03-21,13,6,7
2021-03-21,4,2,2
2021-03-21,6,4,2
2021-03-21,1,0,1
2021-03-21,4,3,1
2021-03-21,2,0,2
2021-03-21,2,1,1
2021-03-22,3,3,0
2021-03-22,0,0,0
2021-03-22,0,0,0
2021-03-22,0,0,0
2021-03-22,0,0,0
2021-03-22,6,1,5
2021-03-22,8,2,6
2021-03-22,13,2,11
2021-03-22,24,9,15
2021-03-22,19,13,6
2021-03-22,5,3,2
2021-03-22,16,8,8
2021-03-22,15,9,6
2021-03-22,30,12,18
2021-03-22,14,7,7
2021-03-22,23,13,10
2021-03-22,26,18,8
2021-03-22,47,27,20
2021-03-22,26,16,10
2021-03-22,14,10,4
2021-03-22,9,2,7
2021-03-22,7,2,5
2021-03-22,6,2,4
2021-03-22,1,1,0
2021-03-23,0,0,0
2021-03-23,2,1,1
2021-03-23,0,0,0
2021-03-23,1,1,0
2021-03-23,0,0,0
2021-03-23,5,0,5
2021-03-23,15,5,10
2021-03-23,23,8,15
2021-03-23,26,13,13
2021-03-23,21,12,9
2021-03-23,13,9,4
2021-03-23,22,11,11
2021-03-23,31,19,12
2021-03-23,20,9,11
2021-03-23,24,12,12
2021-03-23,36,22,14
2021-03-23,35,22,13
2021-03-23,52,33,19
2021-03-23,40,22,18
2021-03-23,13,8,5
2021-03-23,14,7,7
2021-03-23,5,4,1
2021-03-23,6,2,4
2021-03-23,1,1,0
2021-03-24,5,3,2
2021-03-24,1,0,1
2021-03-24,0,0,0
2021-03-24,0,0,0
2021-03-24,0,0,0
2021-03-24,7,1,6
2021-03-24,11,1,10
2021-03-24,22,5,17
2021-03-24,26,10,16
2021-03-24,15,6,9
2021-03-24,15,9,6
2021-03-24,13,6,7
2021-03-24,20,10,10
2021-03-24,15,8,7
2021-03-24,16,8,8
2021-03-24,17,14,3
2021-03-24,18,13,5
2021-03-24,23,15,8
2021-03-24,12,5,7
2021-03-24,11,5,6
2021-03-24,4,4,0
2021-03-24,7,4,3
2021-03-24,12,4,8
2021-03-24,5,3,2
2021-03-25,0,0,0
2021-03-25,0,0,0
2021-03-25,2,1,1
2021-03-25,0,0,0
2021-03-25,0,0,0
2021-03-25,8,2,6
2021-03-25,4,2,2
2021-03-25,22,5,17
2021-03-25,22,10,12
2021-03-25,12,5,7
2021-03-25,8,4,4
2021-03-25,12,3,9
2021-03-25,16,7,9
2021-03-25,12,7,5
2021-03-25,23,13,10
2021-03-25,26,17,9
2021-03-25,30,13,17
2021-03-25,48,32,16
2021-03-25,33,19,14
2021-03-25,13,4,9
2021-03-25,9,4,5
2021-03-25,9,6,3
2021-03-25,6,3,3
2021-03-25,3,3,0
2021-03-26,0,0,0
2021-03-26,1,1,0
2021-03-26,0,0,0
2021-03-26,0,0,0
2021-03-26,0,0,0
2021-03-26,13,5,8
2021-03-26,7,3,4
2021-03-26,20,8,12
2021-03-26,19,9,10
2021-03-26,23,11,12
2021-03-26,17,6,11
2021-03-26,16,4,12
2021-03-26,30,19,11
2021-03-26,29,14,15
2021-03-26,17,11,6
2021-03-26,31,20,11
2021-03-26,34,21,13
2021-03-26,37,22,15
2021-03-26,37,23,14
2021-03-26,15,10,5
2021-03-26,22,10,12
2021-03-26,9,6,3
2021-03-26,8,6,2
2021-03-26,3,2,1
2021-03-27,7,5,2
2021-03-27,0,0,0
2021-03-27,0,0,0
2021-03-27,1,0,1
2021-03-27,0,0,0
2021-03-27,4,1,3
2021-03-27,5,2,3
2021-03-27,7,3,4
2021-03-27,18,10,8
2021-03-27,17,6,11
2021-03-27,30,19,11
2021-03-27,28,17,11
2021-03-27,31,14,17
2021-03-27,37,28,9
2021-03-27,41,19,22
2021-03-27,43,29,14
2021-03-27,38,25,13
2021-03-27,35,11,24
2021-03-27,37,17,20
2021-03-27,13,8,5
2021-03-27,23,14,9
2021-03-27,8,3,5
2021-03-27,12,7,5
2021-03-27,7,6,1
2021-03-28,14,12,2
2021-03-28,5,3,2
2021-03-28,0,0,0
2021-03-28,1,1,0
2021-03-28,1,0,1
2021-03-28,2,0,2
2021-03-28,3,1,2
2021-03-28,2,1,1
2021-03-28,6,1,5
2021-03-28,13,7,6
2021-03-28,7,3,4
2021-03-28,10,4,6
2021-03-28,5,3,2
2021-03-28,4,3,1
2021-03-28,3,2,1
2021-03-28,4,3,1
2021-03-28,3,1,2
2021-03-28,13,4,9
2021-03-28,5,3,2
2021-03-28,11,6,5
2021-03-28,5,3,2
2021-03-28,6,2,4
2021-03-28,2,1,1
2021-03-28,3,1,2
2021-03-29,0,0,0
2021-03-29,3,1,2
2021-03-29,0,0,0
2021-03-29,0,0,0
2021-03-29,0,0,0
2021-03-29,8,2,6
2021-03-29,10,2,8
2021-03-29,25,6,19
2021-03-29,31,10,21
2021-03-29,15,8,7
2021-03-29,15,6,9
2021-03-29,22,7,15
2021-03-29,32,14,18
2021-03-29,22,13,9
2021-03-29,25,13,12
2021-03-29,21,14,7
2021-03-29,24,16,8
2021-03-29,47,31,16
2021-03-29,25,16,9
2021-03-29,19,8,11
2021-03-29,10,5,5
2021-03-29,8,4,4
2021-03-29,6,1,5
2021-03-29,3,2,1
2021-03-30,4,1,3
2021-03-30,2,1,1
2021-03-30,4,3,1
2021-03-30,2,1,1
2021-03-30,0,0,0
2021-03-30,9,2,7
2021-03-30,10,2,8
2021-03-30,21,4,17
2021-03-30,26,11,15
2021-03-30,27,15,12
2021-03-30,11,3,8
2021-03-30,19,9,10
2021-03-30,24,13,11
2021-03-30,22,8,14
2021-03-30,26,16,10
2021-03-30,26,15,11
2021-03-30,48,33,15
2021-03-30,52,37,15
2021-03-30,37,19,18
2021-03-30,14,7,7
2021-03-30,12,7,5
2021-03-30,8,4,4
2021-03-30,6,1,5
2021-03-30,3,2,1
2021-03-31,1,0,1
2021-03-31,1,0,1
2021-03-31,0,0,0
2021-03-31,0,0,0
2021-03-31,0,0,0
2021-03-31,8,2,6
2021-03-31,13,2,11
2021-03-31,24,9,15
2021-03-31,33,15,18
2021-03-31,19,6,13
2021-03-31,24,13,11
2021-03-31,20,12,8
2021-03-31,33,17,16
2021-03-31,30,17,13
2021-03-31,28,21,7
2021-03-31,45,28,17
2021-03-31,52,33,19
2021-03-31,74,45,29
2021-03-31,26,15,11
2021-03-31,24,13,11
2021-03-31,12,2,10
2021-03-31,11,7,4
2021-03-31,9,4,5
2021-03-31,6,1,5
2021-04-01,4,0,4
2021-04-01,1,1,0
2021-04-01,0,0,0
2021-04-01,1,1,0
2021-04-01,1,0,1
2021-04-01,10,4,6
2021-04-01,15,3,12
2021-04-01,20,6,14
2021-04-01,33,15,18
2021-04-01,26,13,13
2021-04-01,19,11,8
2021-04-01,19,9,10
2021-04-01,29,11,18
2021-04-01,38,20,18
2021-04-01,22,14,8
2021-04-01,42,29,13
2021-04-01,34,22,12
2021-04-01,63,40,23
2021-04-01,44,35,9
2021-04-01,26,10,16
2021-04-01,19,3,16
2021-04-01,8,5,3
2021-04-01,5,1,4
2021-04-01,16,3,13
2021-04-02,4,4,0
2021-04-02,1,0,1
2021-04-02,2,2,0
2021-04-02,0,0,0
2021-04-02,0,0,0
2021-04-02,11,3,8
2021-04-02,12,7,5
2021-04-02,19,7,12
2021-04-02,18,7,11
2021-04-02,21,12,9
2021-04-02,9,5,4
2021-04-02,27,14,13
2021-04-02,28,13,15
2021-04-02,28,14,14
2021-04-02,17,8,9
2021-04-02,42,25,17
2021-04-02,39,23,16
2021-04-02,65,42,23
2021-04-02,50,39,11
2021-04-02,19,12,7
2021-04-02,14,6,8
2021-04-02,12,4,8
2021-04-02,21,8,13
2021-04-02,15,10,5
2021-04-03,14,6,8
2021-04-03,3,2,1
2021-04-03,0,0,0
2021-04-03,0,0,0
2021-04-03,0,0,0
2021-04-03,1,0,1
2021-04-03,1,1,0
2021-04-03,4,1,3
2021-04-03,9,7,2
2021-04-03,12,6,6
2021-04-03,22,14,8
2021-04-03,43,22,21
2021-04-03,35,13,22
2021-04-03,39,27,12
2021-04-03,36,20,16
2021-04-03,36,21,15
2021-04-03,57,32,25
2021-04-03,30,15,15
2021-04-03,43,23,20
2021-04-03,28,20,8
2021-04-03,21,10,11
2021-04-03,16,9,7
2021-04-03,15,4,11
2021-04-03,11,8,3
2021-04-04,4,2,2
2021-04-04,0,0,0
2021-04-04,0,0,0
2021-04-04,0,0,0
2021-04-04,0,0,0
2021-04-04,0,0,0
2021-04-04,3,2,1
2021-04-04,2,0,2
2021-04-04,3,1,2
2021-04-04,7,4,3
2021-04-04,17,9,8
2021-04-04,6,3,3
2021-04-04,12,8,4
2021-04-04,33,15,18
2021-04-04,14,6,8
2021-04-04,19,12,7
2021-04-04,19,10,9
2021-04-04,18,14,4
2021-04-04,22,12,10
2021-04-04,5,2,3
2021-04-04,10,4,6
2021-04-04,12,5,7
2021-04-04,2,0,2
2021-04-04,2,1,1
2021-04-05,1,0,1
2021-04-05,2,1,1
2021-04-05,2,2,0
2021-04-05,0,0,0
2021-04-05,0,0,0
2021-04-05,12,4,8
2021-04-05,13,6,7
2021-04-05,25,8,17
2021-04-05,25,11,14
2021-04-05,14,4,10
2021-04-05,11,6,5
2021-04-05,14,9,5
2021-04-05,25,13,12
2021-04-05,27,16,11
2021-04-05,32,21,11
2021-04-05,49,34,15
2021-04-05,37,26,11
2021-04-05,87,51,36
2021-04-05,35,20,15
2021-04-05,23,17,6
2021-04-05,16,5,11
2021-04-05,6,4,2
2021-04-05,7,2,5
2021-04-05,2,0,2
2021-04-06,1,0,1
2021-04-06,1,0,1
2021-04-06,1,1,0
2021-04-06,0,0,0
2021-04-06,0,0,0
2021-04-06,8,2,6
2021-04-06,22,6,16
2021-04-06,24,11,13
2021-04-06,29,14,15
2021-04-06,13,6,7
2021-04-06,15,6,9
2021-04-06,17,10,7
2021-04-06,16,12,4
2021-04-06,34,22,12
2021-04-06,31,14,17
2021-04-06,42,31,11
2021-04-06,61,42,19
2021-04-06,72,45,27
2021-04-06,52,34,18
2021-04-06,19,4,15
2021-04-06,11,5,6
2021-04-06,7,4,3
2021-04-06,6,1,5
2021-04-06,6,1,5
2021-04-07,2,1,1
2021-04-07,3,1,2
2021-04-07,1,0,1
2021-04-07,2,1,1
2021-04-07,1,0,1
2021-04-07,10,2,8
2021-04-07,24,6,18
2021-04-07,22,8,14
2021-04-07,31,15,16
2021-04-07,13,7,6
2021-04-07,8,6,2
2021-04-07,12,7,5
2021-04-07,24,17,7
2021-04-07,20,12,8
2021-04-07,20,11,9
2021-04-07,34,23,11
2021-04-07,37,20,17
2021-04-07,49,24,25
2021-04-07,32,15,17
2021-04-07,15,11,4
2021-04-07,11,4,7
2021-04-07,4,3,1
2021-04-07,2,0,2
2021-04-07,3,2,1
2021-04-08,1,1,0
2021-04-08,0,0,0
2021-04-08,1,0,1
2021-04-08,3,2,1
2021-04-08,1,0,1
2021-04-08,6,2,4
2021-04-08,13,6,7
2021-04-08,29,8,21
2021-04-08,25,11,14
2021-04-08,24,11,13
2021-04-08,13,6,7
2021-04-08,22,10,12
2021-04-08,22,12,10
2021-04-08,33,17,16
2021-04-08,26,17,9
2021-04-08,37,19,18
2021-04-08,56,32,24
2021-04-08,52,34,18
2021-04-08,50,25,25
2021-04-08,18,9,9
2021-04-08,16,9,7
2021-04-08,11,5,6
2021-04-08,20,7,13
2021-04-08,2,0,2
2021-04-09,2,2,0
2021-04-09,1,0,1
2021-04-09,1,1,0
2021-04-09,0,0,0
2021-04-09,2,1,1
2021-04-09,7,2,5
2021-04-09,14,5,9
2021-04-09,28,7,21
2021-04-09,26,14,12
2021-04-09,14,2,12
2021-04-09,17,9,8
2021-04-09,21,8,13
2021-04-09,18,10,8
2021-04-09,22,10,12
2021-04-09,26,18,8
2021-04-09,36,29,7
2021-04-09,26,15,11
2021-04-09,37,24,13
2021-04-09,26,14,12
2021-04-09,12,4,8
2021-04-09,7,2,5
2021-04-09,7,3,4
2021-04-09,7,3,4
2021-04-09,3,2,1
2021-04-10,6,2,4
2021-04-10,0,0,0
2021-04-10,0,0,0
2021-04-10,0,0,0
2021-04-10,0,0,0
2021-04-10,0,0,0
2021-04-10,3,1,2
2021-04-10,5,2,3
2021-04-10,7,2,5
2021-04-10,15,8,7
2021-04-10,30,22,8
2021-04-10,15,12,3
2021-04-10,31,17,14
2021-04-10,38,22,16
2021-04-10,65,36,29
2021-04-10,46,17,29
2021-04-10,48,28,20
2021-04-10,28,15,13
2021-04-10,29,11,18
2021-04-10,15,9,6
2021-04-10,10,4,6
2021-04-10,11,8,3
2021-04-10,9,3,6
2021-04-10,8,5,3
2021-04-11,6,4,2
2021-04-11,4,0,4
2021-04-11,1,0,1
2021-04-11,1,0,1
2021-04-11,1,0,1
2021-04-11,2,1,1
2021-04-11,3,3,0
2021-04-11,3,1,2
2021-04-11,8,4,4
2021-04-11,23,15,8
2021-04-11,29,9,20
2021-04-11,39,32,7
2021-04-11,33,17,16
2021-04-11,33,18,15
2021-04-11,47,24,23
2021-04-11,30,18,12
2021-04-11,41,21,20
2021-04-11,30,14,16
2021-04-11,16,3,13
2021-04-11,14,7,7
2021-04-11,4,1,3
2021-04-11,6,3,3
2021-04-11,3,2,1
2021-04-11,3,2,1
2021-04-12,3,2,1
2021-04-12,0,0,0
2021-04-12,2,2,0
2021-04-12,0,0,0
2021-04-12,1,0,1
2021-04-12,7,0,7
2021-04-12,18,7,11
2021-04-12,27,10,17
2021-04-12,31,7,24
2021-04-12,23,11,12
2021-04-12,12,6,6
2021-04-12,21,8,13
2021-04-12,17,9,8
2021-04-12,27,14,13
2021-04-12,25,13,12
2021-04-12,52,37,15
2021-04-12,39,26,13
2021-04-12,46,26,20
2021-04-12,27,13,14
2021-04-12,19,11,8
2021-04-12,16,3,13
2021-04-12,16,8,8
2021-04-12,8,5,3
2021-04-12,5,2,3
2021-04-13,4,3,1
2021-04-13,0,0,0
2021-04-13,1,0,1
2021-04-13,1,0,1
2021-04-13,1,0,1
2021-04-13,9,3,6
2021-04-13,19,4,15
2021-04-13,33,11,22
2021-04-13,33,12,21
2021-04-13,24,14,10
2021-04-13,21,11,10
2021-04-13,23,15,8
2021-04-13,29,17,12
2021-04-13,21,9,12
2021-04-13,25,14,11
2021-04-13,43,26,17
2021-04-13,45,28,17
2021-04-13,53,35,18
2021-04-13,36,23,13
2021-04-13,28,12,16
2021-04-13,9,4,5
2021-04-13,15,7,8
2021-04-13,6,2,4
2021-04-13,1,1,0
2021-04-14,8,6,2
2021-04-14,1,0,1
2021-04-14,0,0,0
2021-04-14,2,2,0
2021-04-14,0,0,0
2021-04-14,12,3,9
2021-04-14,11,5,6
2021-04-14,45,15,30
2021-04-14,38,14,24
2021-04-14,30,10,20
2021-04-14,12,8,4
2021-04-14,18,8,10
2021-04-14,23,12,11
2021-04-14,29,16,13
2021-04-14,29,13,16
2021-04-14,53,42,11
2021-04-14,55,36,19
2021-04-14,62,37,25
2021-04-14,46,26,20
2021-04-14,24,13,11
2021-04-14,17,5,12
2021-04-14,12,5,7
2021-04-14,6,0,6
2021-04-14,5,2,3
2021-04-15,4,3,1
2021-04-15,1,0,1
2021-04-15,1,1,0
2021-04-15,0,0,0
2021-04-15,0,0,0
2021-04-15,15,3,12
2021-04-15,14,7,7
2021-04-15,43,15,28
2021-04-15,42,18,24
2021-04-15,25,7,18
2021-04-15,13,8,5
2021-04-15,22,13,9
2021-04-15,27,18,9
2021-04-15,28,12,16
2021-04-15,40,29,11
2021-04-15,50,33,17
2021-04-15,56,36,20
2021-04-15,74,43,31
2021-04-15,45,21,24
2021-04-15,31,15,16
2021-04-15,14,5,9
2021-04-15,18,10,8
2021-04-15,18,6,12
2021-04-15,5,2,3
2021-04-16,5,2,3
2021-04-16,0,0,0
2021-04-16,0,0,0
2021-04-16,1,1,0
2021-04-16,0,0,0
2021-04-16,14,4,10
2021-04-16,13,5,8
2021-04-16,23,9,14
2021-04-16,32,13,19
2021-04-16,24,14,10
2021-04-16,28,15,13
2021-04-16,32,16,16
2021-04-16,29,18,11
2021-04-16,34,23,11
2021-04-16,50,21,29
2021-04-16,59,38,21
2021-04-16,55,39,16
2021-04-16,81,49,32
2021-04-16,54,32,22
2021-04-16,31,21,10
2021-04-16,23,3,20
2021-04-16,28,7,21
2021-04-16,33,9,24
2021-04-16,12,4,8
2021-04-17,17,8,9
2021-04-17,7,6,1
2021-04-17,0,0,0
2021-04-17,0,0,0
2021-04-17,1,0,1
2021-04-17,0,0,0
2021-04-17,2,2,0
2021-04-17,13,7,6
2021-04-17,13,7,6
2021-04-17,25,10,15
2021-04-17,33,20,13
2021-04-17,47,30,17
2021-04-17,47,31,16
2021-04-17,50,29,21
2021-04-17,87,51,36
2021-04-17,58,41,17
2021-04-17,78,46,32
2021-04-17,42,22,20
2021-04-17,50,21,29
2021-04-17,32,17,15
2021-04-17,22,8,14
2021-04-17,34,8,26
2021-04-17,10,4,6
2021-04-17,14,11,3
2021-04-18,10,7,3
2021-04-18,3,3,0
2021-04-18,3,2,1
2021-04-18,4,2,2
2021-04-18,0,0,0
2021-04-18,1,0,1
2021-04-18,1,1,0
2021-04-18,7,4,3
2021-04-18,10,2,8
2021-04-18,23,8,15
2021-04-18,33,21,12
2021-04-18,44,23,21
2021-04-18,46,29,17
2021-04-18,41,17,24
2021-04-18,47,24,23
2021-04-18,58,27,31
2021-04-18,45,24,21
2021-04-18,34,16,18
2021-04-18,25,13,12
2021-04-18,28,20,8
2021-04-18,14,6,8
2021-04-18,25,13,12
2021-04-18,3,2,1
2021-04-18,5,4,1
2021-04-19,3,2,1
2021-04-19,0,0,0
2021-04-19,2,1,1
2021-04-19,0,0,0
2021-04-19,3,2,1
2021-04-19,13,4,9
2021-04-19,11,3,8
2021-04-19,45,13,32
2021-04-19,28,11,17
2021-04-19,25,10,15
2021-04-19,16,12,4
2021-04-19,20,14,6
2021-04-19,28,9,19
2021-04-19,25,14,11
2021-04-19,36,22,14
2021-04-19,45,23,22
2021-04-19,58,43,15
2021-04-19,82,51,31
2021-04-19,49,38,11
2021-04-19,21,12,9
2021-04-19,21,13,8
2021-04-19,17,6,11
2021-04-19,15,2,13
2021-04-19,14,2,12
2021-04-20,0,0,0
2021-04-20,2,1,1
2021-04-20,1,0,1
2021-04-20,0,0,0
2021-04-20,0,0,0
2021-04-20,16,4,12
2021-04-20,11,3,8
2021-04-20,35,10,25
2021-04-20,30,11,19
2021-04-20,30,13,17
2021-04-20,17,13,4
2021-04-20,26,15,11
2021-04-20,40,31,9
2021-04-20,22,13,9
2021-04-20,35,16,19
2021-04-20,41,26,15
2021-04-20,69,29,40
2021-04-20,54,28,26
2021-04-20,65,45,20
2021-04-20,28,15,13
2021-04-20,18,7,11
2021-04-20,12,6,6
2021-04-20,2,1,1
2021-04-20,8,3,5
2021-04-21,0,0,0
2021-04-21,1,0,1
2021-04-21,1,1,0
2021-04-21,0,0,0
2021-04-21,0,0,0
2021-04-21,13,3,10
2021-04-21,25,5,20
2021-04-21,38,16,22
2021-04-21,36,13,23
2021-04-21,29,12,17
2021-04-21,14,11,3
2021-04-21,21,8,13
2021-04-21,25,15,10
2021-04-21,42,24,18
2021-04-21,47,28,19
2021-04-21,49,30,19
2021-04-21,50,28,22
2021-04-21,81,47,34
2021-04-21,44,28,16
2021-04-21,21,8,13
2021-04-21,28,19,9
2021-04-21,46,18,28
2021-04-21,14,9,5
2021-04-21,5,1,4
2021-04-22,4,4,0
2021-04-22,1,0,1
2021-04-22,1,0,1
2021-04-22,2,1,1
2021-04-22,1,0,1
2021-04-22,11,1,10
2021-04-22,20,8,12
2021-04-22,37,15,22
2021-04-22,28,10,18
2021-04-22,32,12,20
2021-04-22,20,14,6
2021-04-22,16,11,5
2021-04-22,28,19,9
2021-04-22,27,15,12
2021-04-22,24,19,5
2021-04-22,44,31,13
2021-04-22,53,37,16
2021-04-22,59,35,24
2021-04-22,44,27,17
2021-04-22,23,14,9
2021-04-22,11,5,6
2021-04-22,16,5,11
2021-04-22,10,5,5
2021-04-22,3,1,2
2021-04-23,3,2,1
2021-04-23,1,0,1
2021-04-23,1,0,1
2021-04-23,1,1,0
2021-04-23,0,0,0
2021-04-23,10,1,9
2021-04-23,26,10,16
2021-04-23,27,12,15
2021-04-23,21,10,11
2021-04-23,18,7,11
2021-04-23,16,7,9
2021-04-23,16,4,12
2021-04-23,21,12,9
2021-04-23,27,15,12
2021-04-23,35,20,15
2021-04-23,48,30,18
2021-04-23,46,34,12
2021-04-23,54,37,17
2021-04-23,38,20,18
2021-04-23,26,10,16
2021-04-23,17,7,10
2021-04-23,14,9,5
2021-04-23,11,5,6
2021-04-23,9,6,3
2021-04-24,2,1,1
2021-04-24,1,0,1
2021-04-24,0,0,0
2021-04-24,0,0,0
2021-04-24,0,0,0
2021-04-24,2,0,2
2021-04-24,2,2,0
2021-04-24,5,1,4
2021-04-24,4,3,1
2021-04-24,13,3,10
2021-04-24,10,9,1
2021-04-24,18,13,5
2021-04-24,11,5,6
2021-04-24,15,9,6
2021-04-24,23,10,13
2021-04-24,27,16,11
2021-04-24,27,12,15
2021-04-24,22,17,5
2021-04-24,12,8,4
2021-04-24,9,5,4
2021-04-24,9,6,3
2021-04-24,5,2,3
2021-04-24,9,5,4
2021-04-24,4,2,2
2021-04-25,6,2,4
2021-04-25,1,1,0
2021-04-25,0,0,0
2021-04-25,0,0,0
2021-04-25,0,0,0
2021-04-25,0,0,0
2021-04-25,3,3,0
2021-04-25,4,1,3
2021-04-25,9,2,7
2021-04-25,6,3,3
2021-04-25,9,7,2
2021-04-25,16,7,9
2021-04-25,24,13,11
2021-04-25,24,14,10
2021-04-25,31,21,10
2021-04-25,24,18,6
2021-04-25,20,9,11
2021-04-25,25,14,11
2021-04-25,11,6,5
2021-04-25,11,3,8
2021-04-25,10,4,6
2021-04-25,5,3,2
2021-04-25,9,6,3
2021-04-25,1,1,0
2021-04-26,3,3,0
2021-04-26,0,0,0
2021-04-26,0,0,0
2021-04-26,2,0,2
2021-04-26,1,1,0
2021-04-26,10,3,7
2021-04-26,14,3,11
2021-04-26,30,11,19
2021-04-26,26,8,18
2021-04-26,20,6,14
2021-04-26,12,9,3
2021-04-26,21,13,8
2021-04-26,24,13,11
2021-04-26,15,9,6
2021-04-26,28,14,14
2021-04-26,39,28,11
2021-04-26,49,38,11
2021-04-26,70,42,28
2021-04-26,27,18,9
2021-04-26,31,15,16
2021-04-26,17,4,13
2021-04-26,10,3,7
2021-04-26,7,3,4
2021-04-26,2,1,1
2021-04-27,1,0,1
2021-04-27,1,0,1
2021-04-27,2,2,0
2021-04-27,0,0,0
2021-04-27,0,0,0
2021-04-27,16,3,13
2021-04-27,18,5,13
2021-04-27,37,12,25
2021-04-27,32,11,21
2021-04-27,27,11,16
2021-04-27,16,8,8
2021-04-27,24,16,8
2021-04-27,23,10,13
2021-04-27,20,12,8
2021-04-27,24,15,9
2021-04-27,43,27,16
2021-04-27,60,37,23
2021-04-27,78,46,32
2021-04-27,39,24,15
2021-04-27,21,7,14
2021-04-27,8,4,4
2021-04-27,9,6,3
2021-04-27,7,0,7
2021-04-27,4,0,4
2021-04-28,0,0,0
2021-04-28,1,0,1
2021-04-28,2,1,1
2021-04-28,1,1,0
2021-04-28,4,2,2
2021-04-28,14,3,11
2021-04-28,21,10,11
2021-04-28,46,16,30
2021-04-28,34,12,22
2021-04-28,26,10,16
2021-04-28,25,16,9
2021-04-28,35,15,20
2021-04-28,36,15,21
2021-04-28,42,24,18
2021-04-28,43,26,17
2021-04-28,60,36,24
2021-04-28,59,36,23
2021-04-28,75,48,27
2021-04-28,50,27,23
2021-04-28,15,7,8
2021-04-28,17,10,7
2021-04-28,15,8,7
2021-04-28,4,1,3
2021-04-28,9,4,5
2021-04-29,8,6,2
2021-04-29,1,1,0
2021-04-29,1,1,0
2021-04-29,6,2,4
2021-04-29,0,0,0
2021-04-29,9,0,9
2021-04-29,18,6,12
2021-04-29,37,13,24
2021-04-29,27,10,17
2021-04-29,24,11,13
2021-04-29,19,12,7
2021-04-29,15,6,9
2021-04-29,22,13,9
2021-04-29,32,21,11
2021-04-29,46,28,18
2021-04-29,42,32,10
2021-04-29,67,50,17
2021-04-29,51,28,23
2021-04-29,41,21,20
2021-04-29,21,8,13
2021-04-29,22,9,13
2021-04-29,7,4,3
2021-04-29,10,4,6
2021-04-29,8,2,6
2021-04-30,1,1,0
2021-04-30,0,0,0
2021-04-30,2,1,1
2021-04-30,0,0,0
2021-04-30,0,0,0
2021-04-30,13,2,11
2021-04-30,11,4,7
2021-04-30,26,7,19
2021-04-30,19,7,12
2021-04-30,15,6,9
2021-04-30,7,3,4
2021-04-30,15,7,8
2021-04-30,22,9,13
2021-04-30,32,22,10
2021-04-30,35,22,13
2021-04-30,40,27,13
2021-04-30,44,25,19
2021-04-30,48,29,19
2021-04-30,52,24,28
2021-04-30,24,12,12
2021-04-30,28,12,16
2021-04-30,19,9,10
2021-04-30,10,3,7
2021-04-30,15,6,9
2021-05-01,8,6,2
2021-05-01,1,1,0
2021-05-01,2,2,0
2021-05-01,0,0,0
2021-05-01,0,0,0
2021-05-01,1,0,1
2021-05-01,2,2,0
2021-05-01,3,2,1
2021-05-01,10,2,8
2021-05-01,16,10,6
2021-05-01,27,12,15
2021-05-01,21,16,5
2021-05-01,40,22,18
2021-05-01,44,26,18
2021-05-01,44,21,23
2021-05-01,42,27,15
2021-05-01,37,22,15
2021-05-01,36,24,12
2021-05-01,35,22,13
2021-05-01,27,13,14
2021-05-01,27,15,12
2021-05-01,33,10,23
2021-05-01,14,8,6
2021-05-01,11,7,4
2021-05-02,19,11,8
2021-05-02,5,3,2
2021-05-02,2,2,0
2021-05-02,2,1,1
2021-05-02,3,1,2
2021-05-02,1,0,1
2021-05-02,4,3,1
2021-05-02,3,2,1
2021-05-02,13,8,5
2021-05-02,24,12,12
2021-05-02,33,20,13
2021-05-02,31,22,9
2021-05-02,68,58,10
2021-05-02,44,31,13
2021-05-02,47,23,24
2021-05-02,40,19,21
2021-05-02,53,26,27
2021-05-02,40,19,21
2021-05-02,38,15,23
2021-05-02,25,8,17
2021-05-02,25,8,17
2021-05-02,13,3,10
2021-05-02,8,4,4
2021-05-02,6,3,3
2021-05-03,2,1,1
2021-05-03,3,1,2
2021-05-03,0,0,0
2021-05-03,4,0,4
2021-05-03,0,0,0
2021-05-03,10,3,7
2021-05-03,23,7,16
2021-05-03,34,11,23
2021-05-03,29,13,16
2021-05-03,26,9,17
2021-05-03,16,8,8
2021-05-03,15,8,7
2021-05-03,19,8,11
2021-05-03,24,7,17
2021-05-03,25,11,14
2021-05-03,25,17,8
2021-05-03,22,17,5
2021-05-03,44,27,17
2021-05-03,22,11,11
2021-05-03,10,2,8
2021-05-03,9,5,4
2021-05-03,7,2,5
2021-05-03,4,1,3
2021-05-03,5,1,4
2021-05-04,1,1,0
2021-05-04,3,1,2
2021-05-04,0,0,0
2021-05-04,1,1,0
2021-05-04,0,0,0
2021-05-04,10,2,8
2021-05-04,22,6,16
2021-05-04,39,13,26
2021-05-04,35,13,22
2021-05-04,23,6,17
2021-05-04,17,10,7
2021-05-04,21,8,13
2021-05-04,20,11,9
2021-05-04,40,18,22
2021-05-04,30,13,17
2021-05-04,54,36,18
2021-05-04,53,38,15
2021-05-04,71,45,26
2021-05-04,47,36,11
2021-05-04,29,17,12
2021-05-04,10,3,7
2021-05-04,11,5,6
2021-05-04,15,4,11
2021-05-04,4,0,4
2021-05-05,3,3,0
2021-05-05,1,1,0
2021-05-05,1,0,1
2021-05-05,0,0,0
2021-05-05,1,0,1
2021-05-05,14,3,11
2021-05-05,27,5,22
2021-05-05,43,15,28
2021-05-05,44,13,31
2021-05-05,21,10,11
2021-05-05,17,11,6
2021-05-05,35,22,13
2021-05-05,57,40,17
2021-05-05,29,12,17
2021-05-05,31,19,12
2021-05-05,60,36,24
2021-05-05,55,37,18
2021-05-05,71,48,23
2021-05-05,44,28,16
2021-05-05,33,14,19
2021-05-05,11,4,7
2021-05-05,13,8,5
2021-05-05,11,7,4
2021-05-05,3,0,3
2021-05-06,1,1,0
2021-05-06,3,1,2
2021-05-06,0,0,0
2021-05-06,1,1,0
2021-05-06,0,0,0
2021-05-06,10,2,8
2021-05-06,25,8,17
2021-05-06,38,9,29
2021-05-06,27,15,12
2021-05-06,29,13,16
2021-05-06,19,8,11
2021-05-06,25,17,8
2021-05-06,34,21,13
2021-05-06,41,19,22
2021-05-06,32,19,13
2021-05-06,37,23,14
2021-05-06,45,24,21
2021-05-06,63,41,22
2021-05-06,32,19,13
2021-05-06,22,13,9
2021-05-06,13,7,6
2021-05-06,14,7,7
2021-05-06,9,5,4
2021-05-06,8,1,7
2021-05-07,3,2,1
2021-05-07,0,0,0
2021-05-07,0,0,0
2021-05-07,1,0,1
2021-05-07,0,0,0
2021-05-07,8,1,7
2021-05-07,15,3,12
2021-05-07,20,7,13
2021-05-07,22,6,16
2021-05-07,20,10,10
2021-05-07,13,6,7
2021-05-07,18,9,9
2021-05-07,13,9,4
2021-05-07,23,13,10
2021-05-07,20,15,5
2021-05-07,34,22,12
2021-05-07,40,24,16
2021-05-07,50,30,20
2021-05-07,40,26,14
2021-05-07,23,14,9
2021-05-07,12,6,6
2021-05-07,10,3,7
2021-05-07,12,5,7
2021-05-07,4,2,2
2021-05-08,11,4,7
2021-05-08,4,3,1
2021-05-08,1,1,0
2021-05-08,2,0,2
2021-05-08,1,1,0
2021-05-08,1,0,1
2021-05-08,2,2,0
2021-05-08,7,4,3
2021-05-08,8,6,2
2021-05-08,11,2,9
2021-05-08,10,6,4
2021-05-08,21,13,8
2021-05-08,40,25,15
2021-05-08,27,14,13
2021-05-08,39,23,16
2021-05-08,40,23,17
2021-05-08,42,19,23
2021-05-08,29,15,14
2021-05-08,25,12,13
2021-05-08,15,7,8
2021-05-08,23,17,6
2021-05-08,21,7,14
2021-05-08,21,6,15
2021-05-08,5,3,2
2021-05-09,12,3,9
2021-05-09,0,0,0
2021-05-09,1,0,1
2021-05-09,0,0,0
2021-05-09,0,0,0
2021-05-09,1,0,1
2021-05-09,1,1,0
2021-05-09,5,3,2
2021-05-09,13,10,3
2021-05-09,11,6,5
2021-05-09,18,4,14
2021-05-09,23,19,4
2021-05-09,34,22,12
2021-05-09,34,19,15
2021-05-09,33,22,11
2021-05-09,32,9,23
2021-05-09,31,19,12
2021-05-09,23,13,10
2021-05-09,27,13,14
2021-05-09,21,10,11
2021-05-09,22,5,17
2021-05-09,8,4,4
2021-05-09,5,2,3
2021-05-09,6,2,4
2021-05-10,6,3,3
2021-05-10,0,0,0
2021-05-10,0,0,0
2021-05-10,0,0,0
2021-05-10,0,0,0
2021-05-10,16,4,12
2021-05-10,19,10,9
2021-05-10,18,4,14
2021-05-10,27,12,15
2021-05-10,28,18,10
2021-05-10,14,6,8
2021-05-10,15,8,7
2021-05-10,29,14,15
2021-05-10,25,10,15
2021-05-10,23,14,9
2021-05-10,45,31,14
2021-05-10,43,27,16
2021-05-10,73,42,31
2021-05-10,45,24,21
2021-05-10,12,6,6
2021-05-10,15,11,4
2021-05-10,7,4,3
2021-05-10,3,1,2
2021-05-10,3,0,3
2021-05-11,1,0,1
2021-05-11,1,0,1
2021-05-11,0,0,0
2021-05-11,0,0,0
2021-05-11,1,0,1
2021-05-11,15,2,13
2021-05-11,24,5,19
2021-05-11,47,14,33
2021-05-11,32,14,18
2021-05-11,26,11,15
2021-05-11,30,18,12
2021-05-11,19,11,8
2021-05-11,29,21,8
2021-05-11,22,18,4
2021-05-11,35,22,13
2021-05-11,37,23,14
2021-05-11,62,44,18
2021-05-11,75,54,21
2021-05-11,42,23,19
2021-05-11,15,9,6
2021-05-11,17,7,10
2021-05-11,17,4,13
2021-05-11,5,1,4
2021-05-11,2,1,1
2021-05-12,2,1,1
2021-05-12,1,1,0
2021-05-12,0,0,0
2021-05-12,0,0,0
2021-05-12,2,2,0
2021-05-12,7,1,6
2021-05-12,22,9,13
2021-05-12,44,13,31
2021-05-12,41,19,22
2021-05-12,26,8,18
2021-05-12,28,14,14
2021-05-12,31,18,13
2021-05-12,26,14,12
2021-05-12,36,18,18
2021-05-12,34,18,16
2021-05-12,49,37,12
2021-05-12,53,40,13
2021-05-12,82,52,30
2021-05-12,49,28,21
2021-05-12,25,10,15
2021-05-12,18,6,12
2021-05-12,13,6,7
2021-05-12,9,5,4
2021-05-12,7,4,3
2021-05-13,4,3,1
2021-05-13,1,1,0
2021-05-13,1,1,0
2021-05-13,0,0,0
2021-05-13,3,1,2
2021-05-13,13,1,12
2021-05-13,23,7,16
2021-05-13,34,12,22
2021-05-13,35,13,22
2021-05-13,22,8,14
2021-05-13,17,13,4
2021-05-13,31,13,18
2021-05-13,35,18,17
2021-05-13,49,28,21
2021-05-13,33,22,11
2021-05-13,47,35,12
2021-05-13,59,37,22
2021-05-13,80,62,18
2021-05-13,76,53,23
2021-05-13,38,17,21
2021-05-13,24,6,18
2021-05-13,21,5,16
2021-05-13,25,6,19
2021-05-13,4,2,2
2021-05-14,2,1,1
2021-05-14,2,2,0
2021-05-14,1,1,0
2021-05-14,4,4,0
2021-05-14,2,1,1
2021-05-14,9,0,9
2021-05-14,21,9,12
2021-05-14,45,18,27
2021-05-14,45,25,20
2021-05-14,24,14,10
2021-05-14,20,9,11
2021-05-14,29,14,15
2021-05-14,33,20,13
2021-05-14,42,24,18
2021-05-14,40,24,16
2021-05-14,71,44,27
2021-05-14,69,37,32
2021-05-14,67,52,15
2021-05-14,61,37,24
2021-05-14,37,23,14
2021-05-14,35,15,20
2021-05-14,26,12,14
2021-05-14,36,13,23
2021-05-14,16,7,9
2021-05-15,12,7,5
2021-05-15,5,2,3
2021-05-15,1,0,1
2021-05-15,1,0,1
2021-05-15,1,1,0
2021-05-15,4,1,3
2021-05-15,5,3,2
2021-05-15,6,3,3
2021-05-15,9,7,2
2021-05-15,14,10,4
2021-05-15,31,19,12
2021-05-15,48,29,19
2021-05-15,53,27,26
2021-05-15,69,34,35
2021-05-15,71,44,27
2021-05-15,81,39,42
2021-05-15,45,18,27
2021-05-15,58,37,21
2021-05-15,56,32,24
2021-05-15,24,8,16
2021-05-15,44,18,26
2021-05-15,40,14,26
2021-05-15,16,4,12
2021-05-15,15,8,7
2021-05-16,6,3,3
2021-05-16,5,2,3
2021-05-16,0,0,0
2021-05-16,0,0,0
2021-05-16,1,0,1
2021-05-16,0,0,0
2021-05-16,3,2,1
2021-05-16,6,4,2
2021-05-16,10,8,2
2021-05-16,15,8,7
2021-05-16,31,14,17
2021-05-16,25,16,9
2021-05-16,52,32,20
2021-05-16,50,26,24
2021-05-16,29,14,15
2021-05-16,35,28,7
2021-05-16,37,21,16
2021-05-16,60,32,28
2021-05-16,42,24,18
2021-05-16,30,13,17
2021-05-16,29,11,18
2021-05-16,19,13,6
2021-05-16,12,7,5
2021-05-16,5,4,1
2021-05-17,5,3,2
2021-05-17,0,0,0
2021-05-17,1,0,1
2021-05-17,0,0,0
2021-05-17,0,0,0
2021-05-17,9,2,7
2021-05-17,9,1,8
2021-05-17,43,14,29
2021-05-17,31,8,23
2021-05-17,34,15,19
2021-05-17,20,8,12
2021-05-17,31,20,11
2021-05-17,17,8,9
2021-05-17,28,11,17
2021-05-17,27,20,7
2021-05-17,35,22,13
2021-05-17,43,28,15
2021-05-17,64,40,24
2021-05-17,30,22,8
2021-05-17,8,5,3
2021-05-17,9,3,6
2021-05-17,5,3,2
2021-05-17,10,3,7
2021-05-17,1,0,1
2021-05-18,0,0,0
2021-05-18,2,0,2
2021-05-18,2,1,1
2021-05-18,0,0,0
2021-05-18,0,0,0
2021-05-18,8,2,6
2021-05-18,13,5,8
2021-05-18,25,8,17
2021-05-18,30,12,18
2021-05-18,25,13,12
2021-05-18,19,7,12
2021-05-18,18,13,5
2021-05-18,29,13,16
2021-05-18,37,17,20
2021-05-18,24,14,10
2021-05-18,31,22,9
2021-05-18,33,19,14
2021-05-18,48,26,22
2021-05-18,38,26,12
2021-05-18,18,14,4
2021-05-18,9,4,5
2021-05-18,12,8,4
2021-05-18,7,0,7
2021-05-18,1,0,1
2021-05-19,2,0,2
2021-05-19,0,0,0
2021-05-19,0,0,0
2021-05-19,0,0,0
2021-05-19,3,2,1
2021-05-19,13,2,11
2021-05-19,16,5,11
2021-05-19,27,8,19
2021-05-19,36,15,21
2021-05-19,20,5,15
2021-05-19,19,11,8
2021-05-19,30,16,14
2021-05-19,23,12,11
2021-05-19,22,15,7
2021-05-19,35,18,17
2021-05-19,53,43,10
2021-05-19,37,23,14
2021-05-19,83,53,30
2021-05-19,56,39,17
2021-05-19,28,18,10
2021-05-19,14,5,9
2021-05-19,17,8,9
2021-05-19,18,5,13
2021-05-19,5,3,2
2021-05-20,5,3,2
2021-05-20,0,0,0
2021-05-20,0,0,0
2021-05-20,1,0,1
2021-05-20,0,0,0
2021-05-20,14,2,12
2021-05-20,19,9,10
2021-05-20,32,9,23
2021-05-20,27,11,16
2021-05-20,30,12,18
2021-05-20,25,16,9
2021-05-20,22,10,12
2021-05-20,32,22,10
2021-05-20,30,16,14
2021-05-20,33,20,13
2021-05-20,30,22,8
2021-05-20,55,34,21
2021-05-20,75,51,24
2021-05-20,37,25,12
2021-05-20,36,25,11
2021-05-20,29,14,15
2021-05-20,20,7,13
2021-05-20,14,9,5
2021-05-20,8,4,4
2021-05-21,1,0,1
2021-05-21,0,0,0
2021-05-21,0,0,0
2021-05-21,0,0,0
2021-05-21,3,3,0
2021-05-21,13,4,9
2021-05-21,21,5,16
2021-05-21,38,13,25
2021-05-21,44,18,26
2021-05-21,28,17,11
2021-05-21,15,9,6
2021-05-21,34,15,19
2021-05-21,33,15,18
2021-05-21,32,22,10
2021-05-21,43,27,16
2021-05-21,54,37,17
2021-05-21,63,38,25
2021-05-21,76,49,27
2021-05-21,36,17,19
2021-05-21,31,17,14
2021-05-21,29,18,11
2021-05-21,24,14,10
2021-05-21,17,7,10
2021-05-21,7,5,2
2021-05-22,11,5,6
2021-05-22,4,2,2
2021-05-22,1,1,0
2021-05-22,0,0,0
2021-05-22,0,0,0
2021-05-22,5,2,3
2021-05-22,4,3,1
2021-05-22,9,5,4
2021-05-22,13,7,6
2021-05-22,23,12,11
2021-05-22,24,18,6
2021-05-22,20,10,10
2021-05-22,51,24,27
2021-05-22,46,27,19
2021-05-22,61,33,28
2021-05-22,55,26,29
2021-05-22,46,25,21
2021-05-22,57,28,29
2021-05-22,42,22,20
2021-05-22,44,25,19
2021-05-22,39,17,22
2021-05-22,18,10,8
2021-05-22,15,9,6
2021-05-22,14,6,8
2021-05-23,12,8,4
2021-05-23,6,4,2
2021-05-23,1,0,1
2021-05-23,1,1,0
2021-05-23,0,0,0
2021-05-23,2,1,1
2021-05-23,2,2,0
2021-05-23,9,4,5
2021-05-23,4,3,1
2021-05-23,12,6,6
2021-05-23,22,15,7
2021-05-23,21,8,13
2021-05-23,53,34,19
2021-05-23,67,44,23
2021-05-23,23,15,8
2021-05-23,32,10,22
2021-05-23,65,17,48
2021-05-23,24,15,9
2021-05-23,17,5,12
2021-05-23,20,9,11
2021-05-23,16,9,7
2021-05-23,2,1,1
2021-05-23,9,4,5
2021-05-23,10,7,3
2021-05-24,2,2,0
2021-05-24,0,0,0
2021-05-24,1,0,1
2021-05-24,2,0,2
2021-05-24,1,0,1
2021-05-24,12,1,11
2021-05-24,14,5,9
2021-05-24,27,10,17
2021-05-24,16,5,11
2021-05-24,27,11,16
2021-05-24,14,8,6
2021-05-24,13,7,6
2021-05-24,13,8,5
2021-05-24,20,6,14
2021-05-24,14,10,4
2021-05-24,27,21,6
2021-05-24,37,24,13
2021-05-24,46,21,25
2021-05-24,24,16,8
2021-05-24,16,5,11
2021-05-24,12,6,6
2021-05-24,12,6,6
2021-05-24,9,5,4
2021-05-24,2,2,0
2021-05-25,1,0,1
2021-05-25,0,0,0
2021-05-25,1,0,1
2021-05-25,1,0,1
2021-05-25,2,1,1
2021-05-25,9,0,9
2021-05-25,25,9,16
2021-05-25,40,11,29
2021-05-25,42,13,29
2021-05-25,21,10,11
2021-05-25,12,6,6
2021-05-25,17,10,7
2021-05-25,22,13,9
2021-05-25,27,15,12
2021-05-25,31,21,10
2021-05-25,54,35,19
2021-05-25,53,37,16
2021-05-25,63,41,22
2021-05-25,31,16,15
2021-05-25,27,13,14
2021-05-25,23,13,10
2021-05-25,14,8,6
2021-05-25,8,4,4
2021-05-25,4,3,1
2021-05-26,6,1,5
2021-05-26,0,0,0
2021-05-26,0,0,0
2021-05-26,1,1,0
2021-05-26,1,0,1
2021-05-26,8,0,8
2021-05-26,29,11,18
2021-05-26,42,14,28
2021-05-26,39,17,22
2021-05-26,42,18,24
2021-05-26,12,7,5
2021-05-26,20,11,9
2021-05-26,27,14,13
2021-05-26,31,19,12
2021-05-26,36,23,13
2021-05-26,43,29,14
2021-05-26,55,34,21
2021-05-26,86,50,36
2021-05-26,63,37,26
2021-05-26,35,19,16
2021-05-26,14,5,9
2021-05-26,18,12,6
2021-05-26,9,2,7
2021-05-26,1,1,0
2021-05-27,1,1,0
2021-05-27,2,1,1
2021-05-27,2,0,2
2021-05-27,1,1,0
2021-05-27,0,0,0
2021-05-27,6,0,6
2021-05-27,14,5,9
2021-05-27,24,6,18
2021-05-27,25,13,12
2021-05-27,21,15,6
2021-05-27,10,3,7
2021-05-27,11,4,7
2021-05-27,17,11,6
2021-05-27,30,19,11
2021-05-27,20,11,9
2021-05-27,26,19,7
2021-05-27,20,9,11
2021-05-27,36,23,13
2021-05-27,25,19,6
2021-05-27,21,11,10
2021-05-27,12,4,8
2021-05-27,19,6,13
2021-05-27,15,5,10
2021-05-27,8,3,5
2021-05-28,4,3,1
2021-05-28,0,0,0
2021-05-28,1,0,1
2021-05-28,2,2,0
2021-05-28,0,0,0
2021-05-28,12,1,11
2021-05-28,20,10,10
2021-05-28,28,15,13
2021-05-28,56,37,19
2021-05-28,23,13,10
2021-05-28,27,16,11
2021-05-28,31,17,14
2021-05-28,37,20,17
2021-05-28,48,28,20
2021-05-28,41,21,20
2021-05-28,74,40,34
2021-05-28,60,37,23
2021-05-28,57,32,25
2021-05-28,42,28,14
2021-05-28,35,18,17
2021-05-28,27,21,6
2021-05-28,10,2,8
2021-05-28,30,3,27
2021-05-28,5,3,2
2021-05-29,12,6,6
2021-05-29,2,1,1
2021-05-29,1,1,0
2021-05-29,0,0,0
2021-05-29,1,0,1
2021-05-29,1,0,1
2021-05-29,1,1,0
2021-05-29,8,4,4
2021-05-29,18,14,4
2021-05-29,39,21,18
2021-05-29,23,8,15
2021-05-29,58,41,17
2021-05-29,34,22,12
2021-05-29,58,33,25
2021-05-29,71,48,23
2021-05-29,55,27,28
2021-05-29,49,29,20
2021-05-29,66,32,34
2021-05-29,51,29,22
2021-05-29,29,17,12
2021-05-29,29,9,20
2021-05-29,26,8,18
2021-05-29,46,11,35
2021-05-29,14,7,7
2021-05-30,9,6,3
2021-05-30,2,2,0
2021-05-30,0,0,0
2021-05-30,0,0,0
2021-05-30,1,0,1
2021-05-30,1,1,0
2021-05-30,3,2,1
2021-05-30,5,0,5
2021-05-30,16,13,3
2021-05-30,30,17,13
2021-05-30,31,19,12
2021-05-30,40,30,10
2021-05-30,62,45,17
2021-05-30,47,31,16
2021-05-30,63,39,24
2021-05-30,34,27,7
2021-05-30,48,24,24
2021-05-30,56,33,23
2021-05-30,35,27,8
2021-05-30,25,15,10
2021-05-30,41,13,28
2021-05-30,46,11,35
2021-05-30,16,4,12
2021-05-30,12,6,6
2021-05-31,12,7,5
2021-05-31,4,4,0
2021-05-31,0,0,0
2021-05-31,0,0,0
2021-05-31,0,0,0
2021-05-31,1,1,0
2021-05-31,10,7,3
2021-05-31,6,1,5
2021-05-31,13,10,3
2021-05-31,23,8,15
2021-05-31,24,17,7
2021-05-31,56,32,24
2021-05-31,73,41,32
2021-05-31,58,38,20
2021-05-31,51,35,16
2021-05-31,48,29,19
2021-05-31,51,14,37
2021-05-31,40,12,28
2021-05-31,24,14,10
2021-05-31,25,19,6
2021-05-31,20,8,12
2021-05-31,13,7,6
2021-05-31,12,6,6
2021-05-31,3,2,1
2021-06-01,4,3,1
2021-06-01,3,2,1
2021-06-01,1,0,1
2021-06-01,1,1,0
2021-06-01,0,0,0
2021-06-01,13,4,9
2021-06-01,22,3,19
2021-06-01,39,12,27
2021-06-01,46,18,28
2021-06-01,30,13,17
2021-06-01,24,13,11
2021-06-01,35,18,17
2021-06-01,33,19,14
2021-06-01,38,25,13
2021-06-01,34,17,17
2021-06-01,53,38,15
2021-06-01,66,39,27
2021-06-01,84,58,26
2021-06-01,66,44,22
2021-06-01,31,18,13
2021-06-01,12,5,7
2021-06-01,18,12,6
2021-06-01,17,1,16
2021-06-01,13,3,10
2021-06-02,2,0,2
2021-06-02,2,1,1
2021-06-02,0,0,0
2021-06-02,1,0,1
2021-06-02,0,0,0
2021-06-02,16,3,13
2021-06-02,35,12,23
2021-06-02,52,14,38
2021-06-02,52,23,29
2021-06-02,38,18,20
2021-06-02,29,20,9
2021-06-02,22,12,10
2021-06-02,32,16,16
2021-06-02,32,18,14
2021-06-02,38,18,20
2021-06-02,57,39,18
2021-06-02,73,50,23
2021-06-02,85,52,33
2021-06-02,69,45,24
2021-06-02,55,33,22
2021-06-02,20,12,8
2021-06-02,32,13,19
2021-06-02,28,9,19
2021-06-02,3,1,2
2021-06-03,2,1,1
2021-06-03,1,0,1
2021-06-03,0,0,0
2021-06-03,4,1,3
2021-06-03,1,0,1
2021-06-03,10,2,8
2021-06-03,22,5,17
2021-06-03,43,14,29
2021-06-03,48,18,30
2021-06-03,32,17,15
2021-06-03,20,14,6
2021-06-03,21,12,9
2021-06-03,47,21,26
2021-06-03,44,26,18
2021-06-03,36,18,18
2021-06-03,49,30,19
2021-06-03,68,40,28
2021-06-03,92,51,41
2021-06-03,48,25,23
2021-06-03,33,19,14
2021-06-03,16,7,9
2021-06-03,14,5,9
2021-06-03,8,2,6
2021-06-03,9,4,5
2021-06-04,0,0,0
2021-06-04,3,1,2
2021-06-04,1,0,1
2021-06-04,3,2,1
2021-06-04,1,1,0
2021-06-04,12,2,10
2021-06-04,19,5,14
2021-06-04,34,15,19
2021-06-04,46,23,23
2021-06-04,40,24,16
2021-06-04,20,14,6
2021-06-04,27,12,15
2021-06-04,21,14,7
2021-06-04,27,16,11
2021-06-04,47,24,23
2021-06-04,51,33,18
2021-06-04,56,35,21
2021-06-04,74,41,33
2021-06-04,58,38,20
2021-06-04,49,30,19
2021-06-04,23,13,10
2021-06-04,25,14,11
2021-06-04,11,4,7
2021-06-04,11,4,7
2021-06-05,7,4,3
2021-06-05,8,1,7
2021-06-05,4,4,0
2021-06-05,7,6,1
2021-06-05,3,2,1
2021-06-05,3,1,2
2021-06-05,2,1,1
2021-06-05,8,4,4
2021-06-05,13,3,10
2021-06-05,31,24,7
2021-06-05,25,15,10
2021-06-05,35,19,16
2021-06-05,27,16,11
2021-06-05,36,31,5
2021-06-05,52,39,13
2021-06-05,28,18,10
2021-06-05,40,15,25
2021-06-05,27,12,15
2021-06-05,23,15,8
2021-06-05,19,9,10
2021-06-05,14,7,7
2021-06-05,22,14,8
2021-06-05,5,1,4
2021-06-05,6,4,2
2021-06-06,8,4,4
2021-06-06,3,1,2
2021-06-06,0,0,0
2021-06-06,3,0,3
2021-06-06,1,1,0
2021-06-06,1,0,1
2021-06-06,2,1,1
2021-06-06,4,1,3
2021-06-06,3,1,2
2021-06-06,17,5,12
2021-06-06,17,5,12
2021-06-06,11,1,10
2021-06-06,16,10,6
2021-06-06,18,11,7
2021-06-06,12,7,5
2021-06-06,14,5,9
2021-06-06,17,15,2
2021-06-06,17,11,6
2021-06-06,8,6,2
2021-06-06,9,1,8
2021-06-06,8,3,5
2021-06-06,9,7,2
2021-06-06,2,1,1
2021-06-06,2,1,1
2021-06-07,4,3,1
2021-06-07,1,1,0
2021-06-07,2,0,2
2021-06-07,1,1,0
2021-06-07,0,0,0
2021-06-07,8,2,6
2021-06-07,20,9,11
2021-06-07,24,8,16
2021-06-07,39,17,22
2021-06-07,24,13,11
2021-06-07,12,6,6
2021-06-07,21,8,13
2021-06-07,26,14,12
2021-06-07,34,19,15
2021-06-07,29,18,11
2021-06-07,31,21,10
2021-06-07,34,20,14
2021-06-07,85,51,34
2021-06-07,46,24,22
2021-06-07,24,13,11
2021-06-07,15,9,6
2021-06-07,13,6,7
2021-06-07,5,3,2
2021-06-07,5,4,1
2021-06-08,2,0,2
2021-06-08,0,0,0
2021-06-08,1,0,1
2021-06-08,1,1,0
2021-06-08,0,0,0
2021-06-08,9,1,8
2021-06-08,28,11,17
2021-06-08,55,17,38
2021-06-08,46,18,28
2021-06-08,28,9,19
2021-06-08,35,18,17
2021-06-08,26,14,12
2021-06-08,33,20,13
2021-06-08,30,12,18
2021-06-08,37,22,15
2021-06-08,48,35,13
2021-06-08,59,38,21
2021-06-08,93,59,34
2021-06-08,62,33,29
2021-06-08,24,14,10
2021-06-08,26,10,16
2021-06-08,9,7,2
2021-06-08,7,1,6
2021-06-08,4,4,0
2021-06-09,1,1,0
2021-06-09,1,0,1
2021-06-09,1,0,1
2021-06-09,0,0,0
2021-06-09,1,1,0
2021-06-09,13,3,10
2021-06-09,23,10,13
2021-06-09,49,18,31
2021-06-09,62,20,42
2021-06-09,34,19,15
2021-06-09,23,15,8
2021-06-09,28,12,16
2021-06-09,32,13,19
2021-06-09,36,20,16
2021-06-09,55,30,25
2021-06-09,42,27,15
2021-06-09,89,64,25
2021-06-09,92,50,42
2021-06-09,50,28,22
2021-06-09,29,19,10
2021-06-09,24,12,12
2021-06-09,28,7,21
2021-06-09,4,3,1
2021-06-09,7,4,3
2021-06-10,4,3,1
2021-06-10,2,1,1
2021-06-10,0,0,0
2021-06-10,3,1,2
2021-06-10,1,1,0
2021-06-10,14,3,11
2021-06-10,22,9,13
2021-06-10,49,15,34
2021-06-10,48,18,30
2021-06-10,32,14,18
2021-06-10,29,9,20
2021-06-10,18,11,7
2021-06-10,26,13,13
2021-06-10,27,14,13
2021-06-10,41,24,17
2021-06-10,52,34,18
2021-06-10,59,41,18
2021-06-10,82,53,29
2021-06-10,61,39,22
2021-06-10,33,12,21
2021-06-10,21,12,9
2021-06-10,11,6,5
2021-06-10,15,5,10
2021-06-10,6,3,3
2021-06-11,2,1,1
2021-06-11,1,1,0
2021-06-11,0,0,0
2021-06-11,2,1,1
2021-06-11,2,2,0
2021-06-11,7,2,5
2021-06-11,15,5,10
2021-06-11,42,12,30
2021-06-11,26,10,16
2021-06-11,23,15,8
2021-06-11,15,8,7
2021-06-11,15,12,3
2021-06-11,14,6,8
2021-06-11,25,13,12
2021-06-11,21,19,2
2021-06-11,17,14,3
2021-06-11,29,18,11
2021-06-11,45,27,18
2021-06-11,20,15,5
2021-06-11,17,10,7
2021-06-11,11,4,7
2021-06-11,11,4,7
2021-06-11,6,1,5
2021-06-11,8,5,3
2021-06-12,10,6,4
2021-06-12,0,0,0
2021-06-12,2,0,2
2021-06-12,1,0,1
2021-06-12,0,0,0
2021-06-12,5,3,2
2021-06-12,3,3,0
2021-06-12,7,4,3
2021-06-12,18,10,8
2021-06-12,32,22,10
2021-06-12,42,31,11
2021-06-12,50,25,25
2021-06-12,47,27,20
2021-06-12,53,33,20
2021-06-12,67,40,27
2021-06-12,73,45,28
2021-06-12,74,36,38
2021-06-12,49,25,24
2021-06-12,33,18,15
2021-06-12,19,12,7
2021-06-12,32,15,17
2021-06-12,15,11,4
2021-06-12,4,3,1
2021-06-12,9,5,4
2021-06-13,8,3,5
2021-06-13,0,0,0
2021-06-13,0,0,0
2021-06-13,1,1,0
2021-06-13,4,0,4
2021-06-13,2,0,2
2021-06-13,3,3,0
2021-06-13,1,1,0
2021-06-13,4,2,2
2021-06-13,8,4,4
2021-06-13,20,12,8
2021-06-13,20,9,11
2021-06-13,14,9,5
2021-06-13,31,13,18
2021-06-13,14,8,6
2021-06-13,13,10,3
2021-06-13,8,3,5
2021-06-13,11,5,6
2021-06-13,8,5,3
2021-06-13,2,0,2
2021-06-13,4,1,3
2021-06-13,10,5,5
2021-06-13,4,1,3
2021-06-13,5,1,4
2021-06-14,,,
2021-06-14,,,
2021-06-14,,,
2021-06-14,,,
2021-06-14,,,
2021-06-14,,,
2021-06-14,,,
2021-06-14,,,
2021-06-14,,,
2021-06-14,,,
2021-06-14,,,
2021-06-14,,,
2021-06-14,,,
2021-06-14,,,
2021-06-14,,,
2021-06-14,,,
2021-06-14,,,
2021-06-14,,,
2021-06-14,,,
2021-06-14,,,
2021-06-14,,,
2021-06-14,,,
2021-06-14,,,
2021-06-14,,,
2021-06-15,,,
2021-06-15,,,
2021-06-15,,,
2021-06-15,,,
2021-06-15,,,
2021-06-15,,,
2021-06-15,,,
2021-06-15,,,
2021-06-15,,,
2021-06-15,,,
2021-06-15,,,
2021-06-15,,,
2021-06-15,,,
2021-06-15,,,
2021-06-15,,,
2021-06-15,,,
2021-06-15,,,
2021-06-15,,,
2021-06-15,,,
2021-06-15,,,
2021-06-15,,,
2021-06-15,,,
2021-06-15,,,
2021-06-15,,,
2021-06-16,,,
2021-06-16,,,
2021-06-16,,,
2021-06-16,,,
2021-06-16,,,
2021-06-16,15,3,12
2021-06-16,32,8,24
2021-06-16,59,21,38
2021-06-16,59,27,32
2021-06-16,45,17,28
2021-06-16,18,8,10
2021-06-16,34,20,14
2021-06-16,37,24,13
2021-06-16,32,18,14
2021-06-16,46,28,18
2021-06-16,61,48,13
2021-06-16,60,42,18
2021-06-16,114,74,40
2021-06-16,85,58,27
2021-06-16,40,21,19
2021-06-16,38,19,19
2021-06-16,33,16,17
2021-06-16,33,12,21
2021-06-16,15,7,8
2021-06-17,8,3,5
2021-06-17,1,1,0
2021-06-17,2,2,0
2021-06-17,1,1,0
2021-06-17,0,0,0
2021-06-17,14,2,12
2021-06-17,21,7,14
2021-06-17,51,15,36
2021-06-17,52,22,30
2021-06-17,33,17,16
2021-06-17,24,19,5
2021-06-17,42,20,22
2021-06-17,28,14,14
2021-06-17,37,19,18
2021-06-17,49,33,16
2021-06-17,62,34,28
2021-06-17,71,50,21
2021-06-17,98,69,29
2021-06-17,64,40,24
2021-06-17,42,25,17
2021-06-17,21,10,11
2021-06-17,16,5,11
2021-06-17,20,3,17
2021-06-17,18,6,12
2021-06-18,6,3,3
2021-06-18,1,0,1
2021-06-18,2,1,1
2021-06-18,0,0,0
2021-06-18,0,0,0
2021-06-18,9,1,8
2021-06-18,15,3,12
2021-06-18,42,15,27
2021-06-18,44,20,24
2021-06-18,35,13,22
2021-06-18,33,15,18
2021-06-18,30,18,12
2021-06-18,39,18,21
2021-06-18,43,22,21
2021-06-18,45,24,21
2021-06-18,74,49,25
2021-06-18,82,62,20
2021-06-18,79,47,32
2021-06-18,70,44,26
2021-06-18,45,31,14
2021-06-18,26,15,11
2021-06-18,18,8,10
2021-06-18,27,7,20
2021-06-18,16,9,7
2021-06-19,10,5,5
2021-06-19,4,1,3
2021-06-19,1,0,1
2021-06-19,1,1,0
2021-06-19,1,1,0
2021-06-19,1,0,1
2021-06-19,3,1,2
2021-06-19,15,11,4
2021-06-19,16,11,5
2021-06-19,29,21,8
2021-06-19,30,24,6
2021-06-19,44,31,13
2021-06-19,73,50,23
2021-06-19,42,20,22
2021-06-19,65,41,24
2021-06-19,56,33,23
2021-06-19,46,33,13
2021-06-19,70,49,21
2021-06-19,56,34,22
2021-06-19,42,25,17
2021-06-19,19,7,12
2021-06-19,34,11,23
2021-06-19,64,16,48
2021-06-19,15,5,10
2021-06-20,21,13,8
2021-06-20,15,8,7
2021-06-20,1,0,1
2021-06-20,3,1,2
2021-06-20,2,1,1
2021-06-20,2,1,1
2021-06-20,1,1,0
2021-06-20,6,1,5
2021-06-20,17,13,4
2021-06-20,33,23,10
2021-06-20,26,16,10
2021-06-20,41,22,19
2021-06-20,59,35,24
2021-06-20,49,26,23
2021-06-20,47,26,21
2021-06-20,46,26,20
2021-06-20,57,17,40
2021-06-20,54,19,35
2021-06-20,44,25,19
2021-06-20,38,21,17
2021-06-20,29,15,14
2021-06-20,14,9,5
2021-06-20,20,7,13
2021-06-20,11,7,4
2021-06-21,4,2,2
2021-06-21,1,1,0
2021-06-21,1,1,0
2021-06-21,2,2,0
2021-06-21,2,2,0
2021-06-21,13,5,8
2021-06-21,23,7,16
2021-06-21,49,12,37
2021-06-21,46,20,26
2021-06-21,37,15,22
2021-06-21,25,12,13
2021-06-21,35,16,19
2021-06-21,32,18,14
2021-06-21,38,18,20
2021-06-21,41,23,18
2021-06-21,45,33,12
2021-06-21,56,31,25
2021-06-21,76,52,24
2021-06-21,50,33,17
2021-06-21,30,16,14
2021-06-21,24,15,9
2021-06-21,16,7,9
2021-06-21,16,7,9
2021-06-21,7,4,3
2021-06-22,3,3,0
2021-06-22,0,0,0
2021-06-22,0,0,0
2021-06-22,0,0,0
2021-06-22,1,1,0
2021-06-22,13,3,10
2021-06-22,38,13,25
2021-06-22,45,12,33
2021-06-22,52,25,27
2021-06-22,46,24,22
2021-06-22,26,12,14
2021-06-22,23,10,13
2021-06-22,39,17,22
2021-06-22,37,19,18
2021-06-22,35,25,10
2021-06-22,51,38,13
2021-06-22,84,62,22
2021-06-22,108,73,35
2021-06-22,77,55,22
2021-06-22,45,32,13
2021-06-22,29,15,14
2021-06-22,20,9,11
2021-06-22,44,5,39
2021-06-22,6,0,6
2021-06-23,4,3,1
2021-06-23,0,0,0
2021-06-23,0,0,0
2021-06-23,0,0,0
2021-06-23,1,0,1
2021-06-23,12,1,11
2021-06-23,30,7,23
2021-06-23,40,15,25
2021-06-23,56,31,25
2021-06-23,43,18,25
2021-06-23,29,22,7
2021-06-23,20,10,10
2021-06-23,49,31,18
2021-06-23,29,15,14
2021-06-23,33,15,18
2021-06-23,60,39,21
2021-06-23,85,46,39
2021-06-23,102,77,25
2021-06-23,100,79,21
2021-06-23,49,25,24
2021-06-23,29,14,15
2021-06-23,70,7,63
2021-06-23,14,2,12
2021-06-23,8,2,6
2021-06-24,5,2,3
2021-06-24,1,1,0
2021-06-24,3,3,0
2021-06-24,1,0,1
2021-06-24,1,1,0
2021-06-24,13,4,9
2021-06-24,18,4,14
2021-06-24,58,17,41
2021-06-24,56,22,34
2021-06-24,30,12,18
2021-06-24,31,15,16
2021-06-24,32,15,17
2021-06-24,29,16,13
2021-06-24,45,23,22
2021-06-24,38,25,13
2021-06-24,58,33,25
2021-06-24,61,45,16
2021-06-24,85,57,28
2021-06-24,63,30,33
2021-06-24,45,29,16
2021-06-24,33,12,21
2021-06-24,42,25,17
2021-06-24,10,7,3
2021-06-24,16,10,6
2021-06-25,2,1,1
2021-06-25,2,0,2
2021-06-25,2,1,1
2021-06-25,0,0,0
2021-06-25,2,0,2
2021-06-25,20,9,11
2021-06-25,27,8,19
2021-06-25,43,16,27
2021-06-25,40,16,24
2021-06-25,32,20,12
2021-06-25,26,12,14
2021-06-25,28,19,9
2021-06-25,36,23,13
2021-06-25,41,23,18
2021-06-25,47,34,13
2021-06-25,59,36,23
2021-06-25,55,38,17
2021-06-25,68,51,17
2021-06-25,52,28,24
2021-06-25,38,19,19
2021-06-25,30,20,10
2021-06-25,24,10,14
2021-06-25,28,14,14
2021-06-25,13,7,6
2021-06-26,15,12,3
2021-06-26,5,3,2
2021-06-26,1,1,0
2021-06-26,3,3,0
2021-06-26,1,0,1
2021-06-26,5,0,5
2021-06-26,8,4,4
2021-06-26,20,12,8
2021-06-26,29,14,15
2021-06-26,26,10,16
2021-06-26,17,10,7
2021-06-26,27,15,12
2021-06-26,29,15,14
2021-06-26,31,15,16
2021-06-26,35,21,14
2021-06-26,14,10,4
2021-06-26,45,35,10
2021-06-26,46,27,19
2021-06-26,39,27,12
2021-06-26,20,9,11
2021-06-26,49,14,35
2021-06-26,32,12,20
2021-06-26,17,8,9
2021-06-26,12,7,5
2021-06-27,14,11,3
2021-06-27,10,8,2
2021-06-27,3,0,3
2021-06-27,1,1,0
2021-06-27,0,0,0
2021-06-27,0,0,0
2021-06-27,6,4,2
2021-06-27,10,7,3
2021-06-27,8,5,3
2021-06-27,17,10,7
2021-06-27,16,12,4
2021-06-27,22,11,11
2021-06-27,13,9,4
2021-06-27,23,15,8
2021-06-27,13,8,5
2021-06-27,26,19,7
2021-06-27,12,4,8
2021-06-27,24,13,11
2021-06-27,17,11,6
2021-06-27,12,8,4
2021-06-27,16,11,5
2021-06-27,6,2,4
2021-06-27,11,4,7
2021-06-27,6,3,3
2021-06-28,9,1,8
2021-06-28,0,0,0
2021-06-28,0,0,0
2021-06-28,4,4,0
2021-06-28,6,4,2
2021-06-28,9,3,6
2021-06-28,13,5,8
2021-06-28,28,14,14
2021-06-28,28,9,19
2021-06-28,29,18,11
2021-06-28,10,5,5
2021-06-28,19,12,7
2021-06-28,19,10,9
2021-06-28,14,6,8
2021-06-28,12,6,6
2021-06-28,25,17,8
2021-06-28,23,14,9
2021-06-28,29,16,13
2021-06-28,18,11,7
2021-06-28,16,8,8
2021-06-28,13,6,7
2021-06-28,17,10,7
2021-06-28,6,3,3
2021-06-28,6,1,5
2021-06-29,0,0,0
2021-06-29,0,0,0
2021-06-29,1,1,0
2021-06-29,1,0,1
2021-06-29,1,1,0
2021-06-29,14,3,11
2021-06-29,22,6,16
2021-06-29,33,14,19
2021-06-29,42,17,25
2021-06-29,24,15,9
2021-06-29,19,11,8
2021-06-29,19,10,9
2021-06-29,29,19,10
2021-06-29,34,19,15
2021-06-29,31,12,19
2021-06-29,49,36,13
2021-06-29,63,39,24
2021-06-29,71,49,22
2021-06-29,44,24,20
2021-06-29,19,12,7
2021-06-29,28,17,11
2021-06-29,13,10,3
2021-06-29,13,5,8
2021-06-29,6,2,4
2021-06-30,2,0,2
2021-06-30,5,4,1
2021-06-30,2,1,1
2021-06-30,2,2,0
2021-06-30,2,1,1
2021-06-30,11,5,6
2021-06-30,29,7,22
2021-06-30,51,21,30
2021-06-30,68,32,36
2021-06-30,41,24,17
2021-06-30,28,15,13
2021-06-30,35,16,19
2021-06-30,25,14,11
2021-06-30,32,15,17
2021-06-30,47,29,18
2021-06-30,51,28,23
2021-06-30,84,52,32
2021-06-30,106,64,42
2021-06-30,67,39,28
2021-06-30,32,17,15
2021-06-30,23,5,18
2021-06-30,29,18,11
2021-06-30,15,3,12
2021-06-30,10,4,6
2021-07-01,5,3,2
2021-07-01,1,0,1
2021-07-01,4,3,1
2021-07-01,1,1,0
2021-07-01,4,1,3
2021-07-01,17,3,14
2021-07-01,24,5,19
2021-07-01,50,17,33
2021-07-01,52,19,33
2021-07-01,48,29,19
2021-07-01,33,22,11
2021-07-01,17,10,7
2021-07-01,39,15,24
2021-07-01,34,19,15
2021-07-01,48,26,22
2021-07-01,83,40,43
2021-07-01,74,46,28
2021-07-01,94,62,32
2021-07-01,65,41,24
2021-07-01,47,28,19
2021-07-01,24,13,11
2021-07-01,24,16,8
2021-07-01,13,5,8
2021-07-01,6,1,5
2021-07-02,8,7,1
2021-07-02,6,4,2
2021-07-02,2,2,0
2021-07-02,1,0,1
2021-07-02,0,0,0
2021-07-02,14,2,12
2021-07-02,21,5,16
2021-07-02,41,9,32
2021-07-02,37,17,20
2021-07-02,37,26,11
2021-07-02,31,23,8
2021-07-02,31,16,15
2021-07-02,19,10,9
2021-07-02,53,28,25
2021-07-02,61,35,26
2021-07-02,59,36,23
2021-07-02,71,47,24
2021-07-02,102,61,41
2021-07-02,74,57,17
2021-07-02,49,30,19
2021-07-02,33,21,12
2021-07-02,26,16,10
2021-07-02,31,8,23
2021-07-02,46,19,27
2021-07-03,55,9,46
2021-07-03,6,4,2
2021-07-03,5,3,2
2021-07-03,2,0,2
2021-07-03,2,0,2
2021-07-03,6,2,4
2021-07-03,4,2,2
2021-07-03,16,12,4
2021-07-03,26,16,10
2021-07-03,24,13,11
2021-07-03,42,29,13
2021-07-03,44,32,12
2021-07-03,33,21,12
2021-07-03,42,22,20
2021-07-03,63,37,26
2021-07-03,47,25,22
2021-07-03,70,39,31
2021-07-03,45,33,12
2021-07-03,61,34,27
2021-07-03,29,16,13
2021-07-03,26,15,11
2021-07-03,42,20,22
2021-07-03,39,11,28
2021-07-03,18,9,9
2021-07-04,5,4,1
2021-07-04,15,12,3
2021-07-04,2,1,1
2021-07-04,3,2,1
2021-07-04,1,1,0
2021-07-04,4,3,1
2021-07-04,2,2,0
2021-07-04,5,2,3
2021-07-04,16,9,7
2021-07-04,21,15,6
2021-07-04,34,27,7
2021-07-04,29,19,10
2021-07-04,56,38,18
2021-07-04,58,40,18
2021-07-04,34,19,15
2021-07-04,45,19,26
2021-07-04,56,12,44
2021-07-04,35,17,18
2021-07-04,36,28,8
2021-07-04,33,15,18
2021-07-04,22,9,13
2021-07-04,18,10,8
2021-07-04,23,14,9
2021-07-04,13,8,5
2021-07-05,3,3,0
2021-07-05,10,6,4
2021-07-05,4,1,3
2021-07-05,0,0,0
2021-07-05,2,2,0
2021-07-05,2,0,2
2021-07-05,3,2,1
2021-07-05,13,3,10
2021-07-05,8,3,5
2021-07-05,21,12,9
2021-07-05,20,19,1
2021-07-05,31,18,13
2021-07-05,51,34,17
2021-07-05,51,19,32
2021-07-05,32,16,16
2021-07-05,33,17,16
2021-07-05,38,19,19
2021-07-05,36,15,21
2021-07-05,35,13,22
2021-07-05,19,7,12
2021-07-05,11,6,5
2021-07-05,15,8,7
2021-07-05,13,5,8
2021-07-05,11,3,8
2021-07-06,2,1,1
2021-07-06,2,2,0
2021-07-06,3,1,2
2021-07-06,0,0,0
2021-07-06,0,0,0
2021-07-06,12,2,10
2021-07-06,35,10,25
2021-07-06,52,19,33
2021-07-06,58,27,31
2021-07-06,34,19,15
2021-07-06,26,15,11
2021-07-06,33,15,18
2021-07-06,38,18,20
2021-07-06,34,17,17
2021-07-06,42,26,16
2021-07-06,58,38,20
2021-07-06,79,48,31
2021-07-06,109,71,38
2021-07-06,73,51,22
2021-07-06,31,17,14
2021-07-06,20,9,11
2021-07-06,20,7,13
2021-07-06,28,6,22
2021-07-06,9,4,5
2021-07-07,13,6,7
2021-07-07,2,0,2
2021-07-07,1,1,0
2021-07-07,1,1,0
2021-07-07,4,3,1
2021-07-07,14,2,12
2021-07-07,28,9,19
2021-07-07,60,26,34
2021-07-07,62,26,36
2021-07-07,34,17,17
2021-07-07,26,13,13
2021-07-07,33,21,12
2021-07-07,42,24,18
2021-07-07,29,19,10
2021-07-07,39,19,20
2021-07-07,44,33,11
2021-07-07,85,50,35
2021-07-07,165,126,39
2021-07-07,111,77,34
2021-07-07,49,30,19
2021-07-07,78,14,64
2021-07-07,29,10,19
2021-07-07,45,11,34
2021-07-07,23,12,11
2021-07-08,8,2,6
2021-07-08,6,6,0
2021-07-08,0,0,0
2021-07-08,1,0,1
2021-07-08,0,0,0
2021-07-08,17,2,15
2021-07-08,30,9,21
2021-07-08,59,22,37
2021-07-08,51,22,29
2021-07-08,44,27,17
2021-07-08,44,24,20
2021-07-08,46,26,20
2021-07-08,48,29,19
2021-07-08,47,30,17
2021-07-08,36,22,14
2021-07-08,61,43,18
2021-07-08,103,54,49
2021-07-08,111,72,39
2021-07-08,60,33,27
2021-07-08,41,15,26
2021-07-08,29,10,19
2021-07-08,20,11,9
2021-07-08,19,11,8
2021-07-08,8,4,4
2021-07-09,5,1,4
2021-07-09,2,2,0
2021-07-09,4,4,0
2021-07-09,1,1,0
2021-07-09,2,1,1
2021-07-09,18,6,12
2021-07-09,21,7,14
2021-07-09,51,20,31
2021-07-09,50,23,27
2021-07-09,44,27,17
2021-07-09,38,20,18
2021-07-09,34,21,13
2021-07-09,45,24,21
2021-07-09,50,31,19
2021-07-09,52,32,20
2021-07-09,55,32,23
2021-07-09,86,52,34
2021-07-09,107,78,29
2021-07-09,74,48,26
2021-07-09,31,18,13
2021-07-09,33,18,15
2021-07-09,36,15,21
2021-07-09,39,15,24
2021-07-09,45,8,37
2021-07-10,16,5,11
2021-07-10,8,5,3
2021-07-10,5,3,2
2021-07-10,3,1,2
2021-07-10,0,0,0
2021-07-10,2,0,2
2021-07-10,5,3,2
2021-07-10,14,8,6
2021-07-10,31,17,14
2021-07-10,23,11,12
2021-07-10,30,22,8
2021-07-10,27,17,10
2021-07-10,43,21,22
2021-07-10,54,42,12
2021-07-10,66,43,23
2021-07-10,52,38,14
2021-07-10,66,38,28
2021-07-10,43,26,17
2021-07-10,48,30,18
2021-07-10,49,25,24
2021-07-10,44,18,26
2021-07-10,24,8,16
2021-07-10,60,9,51
2021-07-10,5,4,1
2021-07-11,9,5,4
2021-07-11,6,5,1
2021-07-11,1,1,0
2021-07-11,0,0,0
2021-07-11,0,0,0
2021-07-11,1,0,1
2021-07-11,5,4,1
2021-07-11,4,1,3
2021-07-11,9,7,2
2021-07-11,21,12,9
2021-07-11,24,13,11
2021-07-11,43,19,24
2021-07-11,62,45,17
2021-07-11,50,35,15
2021-07-11,55,30,25
2021-07-11,48,23,25
2021-07-11,49,19,30
2021-07-11,46,19,27
2021-07-11,45,17,28
2021-07-11,20,8,12
2021-07-11,26,15,11
2021-07-11,21,10,11
2021-07-11,17,9,8
2021-07-11,11,3,8
2021-07-12,6,2,4
2021-07-12,5,3,2
2021-07-12,0,0,0
2021-07-12,0,0,0
2021-07-12,2,2,0
2021-07-12,10,3,7
2021-07-12,22,6,16
2021-07-12,65,24,41
2021-07-12,54,25,29
2021-07-12,39,19,20
2021-07-12,27,18,9
2021-07-12,25,12,13
2021-07-12,27,14,13
2021-07-12,32,20,12
2021-07-12,37,23,14
2021-07-12,54,41,13
2021-07-12,43,28,15
2021-07-12,109,70,39
2021-07-12,67,39,28
2021-07-12,37,21,16
2021-07-12,16,9,7
2021-07-12,30,22,8
2021-07-12,10,1,9
2021-07-12,6,1,5
2021-07-13,5,4,1
2021-07-13,1,0,1
2021-07-13,1,0,1
2021-07-13,0,0,0
2021-07-13,2,2,0
2021-07-13,20,5,15
2021-07-13,25,7,18
2021-07-13,68,31,37
2021-07-13,73,28,45
2021-07-13,45,16,29
2021-07-13,26,18,8
2021-07-13,26,17,9
2021-07-13,45,20,25
2021-07-13,31,17,14
2021-07-13,37,21,16
2021-07-13,50,33,17
2021-07-13,78,52,26
2021-07-13,137,90,47
2021-07-13,64,38,26
2021-07-13,26,11,15
2021-07-13,29,19,10
2021-07-13,22,15,7
2021-07-13,16,7,9
2021-07-13,14,4,10
2021-07-14,4,2,2
2021-07-14,2,0,2
2021-07-14,0,0,0
2021-07-14,3,3,0
2021-07-14,1,1,0
2021-07-14,14,3,11
2021-07-14,34,6,28
2021-07-14,64,17,47
2021-07-14,84,37,47
2021-07-14,40,22,18
2021-07-14,24,13,11
2021-07-14,32,18,14
2021-07-14,42,23,19
2021-07-14,34,17,17
2021-07-14,44,23,21
2021-07-14,65,47,18
2021-07-14,89,58,31
2021-07-14,123,83,40
2021-07-14,73,47,26
2021-07-14,39,21,18
2021-07-14,29,16,13
2021-07-14,19,9,10
2021-07-14,11,3,8
2021-07-14,5,3,2
2021-07-15,4,2,2
2021-07-15,4,4,0
2021-07-15,2,2,0
2021-07-15,0,0,0
2021-07-15,3,1,2
2021-07-15,15,4,11
2021-07-15,31,9,22
2021-07-15,61,19,42
2021-07-15,72,30,42
2021-07-15,46,22,24
2021-07-15,40,23,17
2021-07-15,23,14,9
2021-07-15,35,13,22
2021-07-15,41,23,18
2021-07-15,56,31,25
2021-07-15,73,50,23
2021-07-15,85,56,29
2021-07-15,129,84,45
2021-07-15,69,46,23
2021-07-15,33,18,15
2021-07-15,29,17,12
2021-07-15,25,16,9
2021-07-15,17,8,9
2021-07-15,5,4,1
2021-07-16,4,1,3
2021-07-16,3,2,1
2021-07-16,3,2,1
2021-07-16,2,1,1
2021-07-16,3,0,3
2021-07-16,14,2,12
2021-07-16,24,10,14
2021-07-16,52,14,38
2021-07-16,48,19,29
2021-07-16,43,23,20
2021-07-16,41,26,15
2021-07-16,16,6,10
2021-07-16,43,22,21
2021-07-16,44,25,19
2021-07-16,38,26,12
2021-07-16,61,46,15
2021-07-16,77,42,35
2021-07-16,88,46,42
2021-07-16,45,29,16
2021-07-16,38,22,16
2021-07-16,24,9,15
2021-07-16,26,15,11
2021-07-16,24,18,6
2021-07-16,12,3,9
2021-07-17,4,1,3
2021-07-17,6,3,3
2021-07-17,2,1,1
2021-07-17,0,0,0
2021-07-17,2,1,1
2021-07-17,1,0,1
2021-07-17,1,0,1
2021-07-17,15,9,6
2021-07-17,18,12,6
2021-07-17,32,20,12
2021-07-17,30,19,11
2021-07-17,52,30,22
2021-07-17,52,31,21
2021-07-17,68,38,30
2021-07-17,53,32,21
2021-07-17,55,27,28
2021-07-17,54,29,25
2021-07-17,60,32,28
2021-07-17,59,31,28
2021-07-17,40,15,25
2021-07-17,38,19,19
2021-07-17,29,13,16
2021-07-17,12,9,3
2021-07-17,13,3,10
2021-07-18,7,4,3
2021-07-18,4,3,1
2021-07-18,7,4,3
2021-07-18,1,0,1
2021-07-18,2,0,2
2021-07-18,1,1,0
2021-07-18,4,4,0
2021-07-18,14,10,4
2021-07-18,13,8,5
2021-07-18,17,11,6
2021-07-18,30,16,14
2021-07-18,44,21,23
2021-07-18,46,21,25
2021-07-18,45,25,20
2021-07-18,59,27,32
2021-07-18,50,27,23
2021-07-18,26,13,13
2021-07-18,40,23,17
2021-07-18,43,17,26
2021-07-18,27,16,11
2021-07-18,22,10,12
2021-07-18,15,6,9
2021-07-18,11,9,2
2021-07-18,9,1,8
2021-07-19,2,0,2
2021-07-19,4,4,0
2021-07-19,0,0,0
2021-07-19,0,0,0
2021-07-19,0,0,0
2021-07-19,20,3,17
2021-07-19,32,9,23
2021-07-19,48,15,33
2021-07-19,63,21,42
2021-07-19,60,25,35
2021-07-19,33,19,14
2021-07-19,34,12,22
2021-07-19,49,29,20
2021-07-19,33,21,12
2021-07-19,53,34,19
2021-07-19,50,35,15
2021-07-19,53,41,12
2021-07-19,109,70,39
2021-07-19,58,32,26
2021-07-19,54,33,21
2021-07-19,28,12,16
2021-07-19,19,8,11
2021-07-19,13,4,9
2021-07-19,6,4,2
2021-07-20,3,2,1
2021-07-20,1,1,0
2021-07-20,0,0,0
2021-07-20,1,0,1
2021-07-20,3,1,2
2021-07-20,21,5,16
2021-07-20,32,11,21
2021-07-20,65,18,47
2021-07-20,76,37,39
2021-07-20,38,22,16
2021-07-20,33,19,14
2021-07-20,34,20,14
2021-07-20,41,22,19
2021-07-20,48,21,27
2021-07-20,41,21,20
2021-07-20,56,40,16
2021-07-20,73,49,24
2021-07-20,130,84,46
2021-07-20,78,46,32
2021-07-20,44,18,26
2021-07-20,20,11,9
2021-07-20,23,13,10
2021-07-20,19,7,12
2021-07-20,7,3,4
2021-07-21,1,0,1
2021-07-21,2,1,1
2021-07-21,1,1,0
2021-07-21,0,0,0
2021-07-21,3,1,2
2021-07-21,19,3,16
2021-07-21,29,11,18
2021-07-21,81,26,55
2021-07-21,58,22,36
2021-07-21,43,19,24
2021-07-21,39,20,19
2021-07-21,34,16,18
2021-07-21,40,24,16
2021-07-21,43,26,17
2021-07-21,50,26,24
2021-07-21,63,35,28
2021-07-21,69,45,24
2021-07-21,122,73,49
2021-07-21,71,44,27
2021-07-21,37,20,17
2021-07-21,31,14,17
2021-07-21,22,11,11
2021-07-21,17,6,11
2021-07-21,6,1,5
2021-07-22,8,6,2
2021-07-22,3,1,2
2021-07-22,3,1,2
2021-07-22,0,0,0
2021-07-22,2,1,1
2021-07-22,22,3,19
2021-07-22,28,8,20
2021-07-22,78,22,56
2021-07-22,67,33,34
2021-07-22,47,29,18
2021-07-22,42,18,24
2021-07-22,24,9,15
2021-07-22,38,24,14
2021-07-22,42,26,16
2021-07-22,50,35,15
2021-07-22,73,52,21
2021-07-22,83,54,29
2021-07-22,145,93,52
2021-07-22,97,64,33
2021-07-22,45,25,20
2021-07-22,35,17,18
2021-07-22,48,19,29
2021-07-22,36,15,21
2021-07-22,15,3,12
2021-07-23,5,3,2
2021-07-23,0,0,0
2021-07-23,3,1,2
2021-07-23,2,2,0
2021-07-23,0,0,0
2021-07-23,13,2,11
2021-07-23,39,14,25
2021-07-23,49,18,31
2021-07-23,58,27,31
2021-07-23,43,19,24
2021-07-23,37,26,11
2021-07-23,34,23,11
2021-07-23,34,20,14
2021-07-23,44,24,20
2021-07-23,52,35,17
2021-07-23,74,49,25
2021-07-23,91,64,27
2021-07-23,101,63,38
2021-07-23,62,39,23
2021-07-23,49,23,26
2021-07-23,36,17,19
2021-07-23,27,12,15
2021-07-23,50,21,29
2021-07-23,31,10,21
2021-07-24,13,12,1
2021-07-24,5,3,2
2021-07-24,5,1,4
2021-07-24,3,0,3
2021-07-24,0,0,0
2021-07-24,2,0,2
2021-07-24,5,2,3
2021-07-24,6,4,2
2021-07-24,23,17,6
2021-07-24,24,16,8
2021-07-24,40,32,8
2021-07-24,60,40,20
2021-07-24,90,40,50
2021-07-24,79,37,42
2021-07-24,75,47,28
2021-07-24,67,38,29
2021-07-24,70,32,38
2021-07-24,68,42,26
2021-07-24,73,46,27
2021-07-24,42,23,19
2021-07-24,20,8,12
2021-07-24,36,14,22
2021-07-24,25,6,19
2021-07-24,37,9,28
2021-07-25,7,2,5
2021-07-25,9,5,4
2021-07-25,5,4,1
2021-07-25,2,1,1
2021-07-25,1,1,0
2021-07-25,1,0,1
2021-07-25,3,2,1
2021-07-25,14,8,6
2021-07-25,13,5,8
2021-07-25,38,24,14
2021-07-25,46,26,20
2021-07-25,44,32,12
2021-07-25,57,44,13
2021-07-25,53,34,19
2021-07-25,46,24,22
2021-07-25,72,42,30
2021-07-25,88,50,38
2021-07-25,74,47,27
2021-07-25,43,22,21
2021-07-25,34,12,22
2021-07-25,66,10,56
2021-07-25,30,16,14
2021-07-25,10,6,4
2021-07-25,4,0,4
2021-07-26,3,2,1
2021-07-26,4,2,2
2021-07-26,0,0,0
2021-07-26,0,0,0
2021-07-26,2,2,0
2021-07-26,17,6,11
2021-07-26,28,7,21
2021-07-26,61,24,37
2021-07-26,56,26,30
2021-07-26,45,22,23
2021-07-26,32,16,16
2021-07-26,41,27,14
2021-07-26,42,20,22
2021-07-26,38,25,13
2021-07-26,42,23,19
2021-07-26,60,36,24
2021-07-26,88,54,34
2021-07-26,118,68,50
2021-07-26,75,49,26
2021-07-26,35,21,14
2021-07-26,33,18,15
2021-07-26,30,12,18
2021-07-26,10,2,8
2021-07-26,32,2,30
2021-07-27,2,1,1
2021-07-27,5,3,2
2021-07-27,2,0,2
2021-07-27,1,0,1
2021-07-27,1,1,0
2021-07-27,21,7,14
2021-07-27,26,8,18
2021-07-27,64,23,41
2021-07-27,62,19,43
2021-07-27,50,33,17
2021-07-27,44,24,20
2021-07-27,33,14,19
2021-07-27,32,18,14
2021-07-27,37,25,12
2021-07-27,47,28,19
2021-07-27,63,43,20
2021-07-27,89,63,26
2021-07-27,125,76,49
2021-07-27,112,77,35
2021-07-27,54,33,21
2021-07-27,29,15,14
2021-07-27,20,10,10
2021-07-27,34,3,31
2021-07-27,26,4,22
2021-07-28,5,1,4
2021-07-28,4,3,1
2021-07-28,0,0,0
2021-07-28,2,2,0
2021-07-28,0,0,0
2021-07-28,14,5,9
2021-07-28,30,9,21
2021-07-28,76,13,63
2021-07-28,75,37,38
2021-07-28,43,24,19
2021-07-28,45,28,17
2021-07-28,57,34,23
2021-07-28,44,36,8
2021-07-28,42,24,18
2021-07-28,52,29,23
2021-07-28,68,46,22
2021-07-28,115,56,59
2021-07-28,135,88,47
2021-07-28,73,33,40
2021-07-28,58,28,30
2021-07-28,27,20,7
2021-07-28,28,12,16
2021-07-28,17,8,9
2021-07-28,5,4,1
2021-07-29,5,4,1
2021-07-29,1,1,0
2021-07-29,1,1,0
2021-07-29,1,0,1
2021-07-29,2,2,0
2021-07-29,13,2,11
2021-07-29,18,9,9
2021-07-29,54,21,33
2021-07-29,72,31,41
2021-07-29,41,26,15
2021-07-29,28,11,17
2021-07-29,28,13,15
2021-07-29,23,14,9
2021-07-29,34,18,16
2021-07-29,46,27,19
2021-07-29,64,41,23
2021-07-29,81,50,31
2021-07-29,108,63,45
2021-07-29,71,54,17
2021-07-29,51,32,19
2021-07-29,28,17,11
2021-07-29,26,11,15
2021-07-29,23,14,9
2021-07-29,13,6,7
2021-07-30,5,3,2
2021-07-30,1,1,0
2021-07-30,3,2,1
2021-07-30,0,0,0
2021-07-30,1,0,1
2021-07-30,16,4,12
2021-07-30,28,10,18
2021-07-30,45,13,32
2021-07-30,54,24,30
2021-07-30,46,24,22
2021-07-30,23,14,9
2021-07-30,40,23,17
2021-07-30,49,23,26
2021-07-30,48,30,18
2021-07-30,60,44,16
2021-07-30,51,25,26
2021-07-30,76,41,35
2021-07-30,86,44,42
2021-07-30,73,37,36
2021-07-30,44,19,25
2021-07-30,23,11,12
2021-07-30,18,13,5
2021-07-30,9,6,3
2021-07-30,23,11,12
2021-07-31,8,5,3
2021-07-31,8,5,3
2021-07-31,19,4,15
2021-07-31,1,0,1
2021-07-31,7,1,6
2021-07-31,4,0,4
2021-07-31,2,1,1
2021-07-31,12,6,6
2021-07-31,23,12,11
2021-07-31,21,11,10
2021-07-31,37,30,7
2021-07-31,35,25,10
2021-07-31,70,47,23
2021-07-31,102,73,29
2021-07-31,68,49,19
2021-07-31,57,33,24
2021-07-31,110,31,79
2021-07-31,47,24,23
2021-07-31,49,23,26
2021-07-31,41,24,17
2021-07-31,21,5,16
2021-07-31,13,11,2
2021-07-31,12,8,4
2021-07-31,13,5,8
2021-08-01,9,3,6
2021-08-01,6,1,5
2021-08-01,17,3,14
2021-08-01,1,0,1
2021-08-01,0,0,0
2021-08-01,5,1,4
2021-08-01,3,3,0
2021-08-01,41,36,5
2021-08-01,45,37,8
2021-08-01,25,15,10
2021-08-01,38,19,19
2021-08-01,44,29,15
2021-08-01,53,21,32
2021-08-01,71,25,46
2021-08-01,90,27,63
2021-08-01,74,33,41
2021-08-01,51,12,39
2021-08-01,28,12,16
2021-08-01,31,17,14
2021-08-01,24,13,11
2021-08-01,25,11,14
2021-08-01,19,15,4
2021-08-01,13,6,7
2021-08-01,3,1,2
2021-08-02,4,2,2
2021-08-02,3,1,2
2021-08-02,2,0,2
2021-08-02,2,2,0
2021-08-02,3,1,2
2021-08-02,17,4,13
2021-08-02,27,9,18
2021-08-02,46,16,30
2021-08-02,69,30,39
2021-08-02,51,29,22
2021-08-02,52,30,22
2021-08-02,43,28,15
2021-08-02,46,26,20
2021-08-02,40,18,22
2021-08-02,34,19,15
2021-08-02,71,39,32
2021-08-02,87,52,35
2021-08-02,100,52,48
2021-08-02,58,39,19
2021-08-02,43,26,17
2021-08-02,24,10,14
2021-08-02,17,12,5
2021-08-02,12,4,8
2021-08-02,7,4,3
2021-08-03,4,1,3
2021-08-03,2,1,1
2021-08-03,2,2,0
2021-08-03,1,0,1
2021-08-03,2,0,2
2021-08-03,15,4,11
2021-08-03,33,8,25
2021-08-03,67,21,46
2021-08-03,71,34,37
2021-08-03,47,21,26
2021-08-03,35,17,18
2021-08-03,50,26,24
2021-08-03,41,26,15
2021-08-03,33,18,15
2021-08-03,42,21,21
2021-08-03,44,27,17
2021-08-03,94,71,23
2021-08-03,97,56,41
2021-08-03,87,63,24
2021-08-03,32,19,13
2021-08-03,25,17,8
2021-08-03,25,12,13
2021-08-03,9,4,5
2021-08-03,13,5,8
2021-08-04,3,2,1
2021-08-04,1,1,0
2021-08-04,0,0,0
2021-08-04,0,0,0
2021-08-04,1,0,1
2021-08-04,16,3,13
2021-08-04,27,9,18
2021-08-04,58,16,42
2021-08-04,82,30,52
2021-08-04,49,27,22
2021-08-04,24,8,16
2021-08-04,23,14,9
2021-08-04,33,24,9
2021-08-04,50,32,18
2021-08-04,47,26,21
2021-08-04,67,43,24
2021-08-04,90,61,29
2021-08-04,138,94,44
2021-08-04,109,72,37
2021-08-04,46,28,18
2021-08-04,28,15,13
2021-08-04,90,11,79
2021-08-04,16,8,8
2021-08-04,12,4,8
2021-08-05,2,0,2
2021-08-05,3,1,2
2021-08-05,2,1,1
2021-08-05,2,1,1
2021-08-05,2,0,2
2021-08-05,21,4,17
2021-08-05,28,11,17
2021-08-05,74,26,48
2021-08-05,56,26,30
2021-08-05,48,30,18
2021-08-05,34,17,17
2021-08-05,26,12,14
2021-08-05,33,23,10
2021-08-05,37,14,23
2021-08-05,39,21,18
2021-08-05,65,46,19
2021-08-05,78,47,31
2021-08-05,108,66,42
2021-08-05,75,48,27
2021-08-05,67,21,46
2021-08-05,25,9,16
2021-08-05,14,8,6
2021-08-05,20,10,10
2021-08-05,6,6,0
2021-08-06,1,0,1
2021-08-06,1,0,1
2021-08-06,3,1,2
2021-08-06,3,2,1
2021-08-06,1,0,1
2021-08-06,13,4,9
2021-08-06,20,12,8
2021-08-06,46,13,33
2021-08-06,52,14,38
2021-08-06,40,25,15
2021-08-06,36,16,20
2021-08-06,22,7,15
2021-08-06,37,19,18
2021-08-06,56,36,20
2021-08-06,36,25,11
2021-08-06,42,20,22
2021-08-06,80,54,26
2021-08-06,79,48,31
2021-08-06,53,23,30
2021-08-06,23,12,11
2021-08-06,30,16,14
2021-08-06,14,4,10
2021-08-06,10,3,7
2021-08-06,11,5,6
2021-08-07,13,2,11
2021-08-07,12,7,5
2021-08-07,8,2,6
2021-08-07,2,2,0
2021-08-07,1,0,1
2021-08-07,2,0,2
2021-08-07,3,2,1
2021-08-07,4,1,3
2021-08-07,18,7,11
2021-08-07,21,10,11
2021-08-07,31,18,13
2021-08-07,37,22,15
2021-08-07,56,34,22
2021-08-07,45,26,19
2021-08-07,70,36,34
2021-08-07,47,18,29
2021-08-07,67,38,29
2021-08-07,41,25,16
2021-08-07,50,23,27
2021-08-07,41,19,22
2021-08-07,30,10,20
2021-08-07,16,5,11
2021-08-07,11,5,6
2021-08-07,10,4,6
2021-08-08,11,6,5
2021-08-08,1,1,0
2021-08-08,7,2,5
2021-08-08,2,1,1
2021-08-08,2,2,0
2021-08-08,1,0,1
2021-08-08,4,2,2
2021-08-08,7,6,1
2021-08-08,23,17,6
2021-08-08,30,21,9
2021-08-08,23,14,9
2021-08-08,57,33,24
2021-08-08,35,23,12
2021-08-08,43,16,27
2021-08-08,53,29,24
2021-08-08,54,14,40
2021-08-08,52,27,25
2021-08-08,66,34,32
2021-08-08,31,21,10
2021-08-08,30,15,15
2021-08-08,19,9,10
2021-08-08,11,5,6
2021-08-08,9,5,4
2021-08-08,6,0,6
2021-08-09,1,1,0
2021-08-09,4,3,1
2021-08-09,1,1,0
2021-08-09,1,0,1
2021-08-09,3,1,2
2021-08-09,12,3,9
2021-08-09,28,9,19
2021-08-09,66,26,40
2021-08-09,48,22,26
2021-08-09,39,20,19
2021-08-09,31,17,14
2021-08-09,32,18,14
2021-08-09,38,26,12
2021-08-09,41,22,19
2021-08-09,41,21,20
2021-08-09,40,26,14
2021-08-09,93,52,41
2021-08-09,111,63,48
2021-08-09,69,41,28
2021-08-09,33,21,12
2021-08-09,28,16,12
2021-08-09,14,7,7
2021-08-09,10,4,6
2021-08-09,12,4,8
2021-08-10,5,1,4
2021-08-10,4,1,3
2021-08-10,0,0,0
2021-08-10,0,0,0
2021-08-10,2,1,1
2021-08-10,20,3,17
2021-08-10,25,6,19
2021-08-10,62,20,42
2021-08-10,73,29,44
2021-08-10,45,23,22
2021-08-10,22,15,7
2021-08-10,39,18,21
2021-08-10,41,17,24
2021-08-10,33,15,18
2021-08-10,41,21,20
2021-08-10,83,60,23
2021-08-10,87,58,29
2021-08-10,114,72,42
2021-08-10,112,81,31
2021-08-10,41,21,20
2021-08-10,23,11,12
2021-08-10,47,14,33
2021-08-10,35,8,27
2021-08-10,25,5,20
2021-08-11,4,4,0
2021-08-11,2,2,0
2021-08-11,3,3,0
2021-08-11,0,0,0
2021-08-11,0,0,0
2021-08-11,19,6,13
2021-08-11,29,14,15
2021-08-11,59,20,39
2021-08-11,89,33,56
2021-08-11,52,26,26
2021-08-11,23,11,12
2021-08-11,32,19,13
2021-08-11,36,19,17
2021-08-11,37,22,15
2021-08-11,45,30,15
2021-08-11,50,26,24
2021-08-11,86,59,27
2021-08-11,95,59,36
2021-08-11,91,56,35
2021-08-11,45,27,18
2021-08-11,21,12,9
2021-08-11,29,12,17
2021-08-11,24,9,15
2021-08-11,9,3,6
2021-08-12,2,0,2
2021-08-12,3,1,2
2021-08-12,3,3,0
2021-08-12,2,2,0
2021-08-12,2,1,1
2021-08-12,14,4,10
2021-08-12,23,4,19
2021-08-12,59,21,38
2021-08-12,72,31,41
2021-08-12,53,29,24
2021-08-12,27,14,13
2021-08-12,30,18,12
2021-08-12,54,33,21
2021-08-12,48,33,15
2021-08-12,46,27,19
2021-08-12,56,20,36
2021-08-12,76,41,35
2021-08-12,92,56,36
2021-08-12,45,27,18
2021-08-12,34,18,16
2021-08-12,19,5,14
2021-08-12,20,10,10
2021-08-12,17,9,8
2021-08-12,5,2,3
2021-08-13,3,2,1
2021-08-13,3,2,1
2021-08-13,5,3,2
2021-08-13,1,0,1
2021-08-13,1,1,0
2021-08-13,14,4,10
2021-08-13,17,7,10
2021-08-13,42,15,27
2021-08-13,43,13,30
2021-08-13,25,11,14
2021-08-13,37,22,15
2021-08-13,23,12,11
2021-08-13,22,11,11
2021-08-13,26,12,14
2021-08-13,46,25,21
2021-08-13,49,33,16
2021-08-13,66,47,19
2021-08-13,73,43,30
2021-08-13,77,59,18
2021-08-13,43,25,18
2021-08-13,35,15,20
2021-08-13,25,8,17
2021-08-13,29,10,19
2021-08-13,36,10,26
2021-08-14,19,9,10
2021-08-14,4,1,3
2021-08-14,4,2,2
2021-08-14,2,2,0
2021-08-14,1,1,0
2021-08-14,4,1,3
2021-08-14,4,2,2
2021-08-14,9,7,2
2021-08-14,16,9,7
2021-08-14,27,15,12
2021-08-14,22,12,10
2021-08-14,55,25,30
2021-08-14,37,23,14
2021-08-14,45,29,16
2021-08-14,51,30,21
2021-08-14,56,39,17
2021-08-14,71,43,28
2021-08-14,57,38,19
2021-08-14,52,41,11
2021-08-14,39,21,18
2021-08-14,17,5,12
2021-08-14,30,9,21
2021-08-14,51,12,39
2021-08-14,41,19,22
2021-08-15,9,8,1
2021-08-15,6,3,3
2021-08-15,6,3,3
2021-08-15,3,3,0
2021-08-15,4,2,2
2021-08-15,2,1,1
2021-08-15,4,2,2
2021-08-15,6,5,1
2021-08-15,14,6,8
2021-08-15,25,18,7
2021-08-15,27,19,8
2021-08-15,45,29,16
2021-08-15,60,43,17
2021-08-15,63,39,24
2021-08-15,139,68,71
2021-08-15,65,30,35
2021-08-15,70,25,45
2021-08-15,47,18,29
2021-08-15,28,17,11
2021-08-15,31,19,12
2021-08-15,27,18,9
2021-08-15,16,10,6
2021-08-15,9,7,2
2021-08-15,8,3,5
2021-08-16,4,3,1
2021-08-16,0,0,0
2021-08-16,2,0,2
2021-08-16,3,2,1
2021-08-16,0,0,0
2021-08-16,19,3,16
2021-08-16,25,9,16
2021-08-16,52,20,32
2021-08-16,49,19,30
2021-08-16,42,24,18
2021-08-16,17,7,10
2021-08-16,34,19,15
2021-08-16,30,13,17
2021-08-16,48,22,26
2021-08-16,38,22,16
2021-08-16,46,30,16
2021-08-16,77,61,16
2021-08-16,74,45,29
2021-08-16,70,48,22
2021-08-16,22,7,15
2021-08-16,9,5,4
2021-08-16,13,11,2
2021-08-16,13,5,8
2021-08-16,5,4,1
2021-08-17,2,0,2
2021-08-17,1,1,0
2021-08-17,0,0,0
2021-08-17,2,2,0
2021-08-17,1,1,0
2021-08-17,19,4,15
2021-08-17,29,12,17
2021-08-17,58,26,32
2021-08-17,60,26,34
2021-08-17,36,15,21
2021-08-17,34,22,12
2021-08-17,38,23,15
2021-08-17,39,18,21
2021-08-17,32,18,14
2021-08-17,37,19,18
2021-08-17,73,45,28
2021-08-17,97,67,30
2021-08-17,104,59,45
2021-08-17,66,44,22
2021-08-17,35,16,19
2021-08-17,34,15,19
2021-08-17,19,10,9
2021-08-17,10,6,4
2021-08-17,6,4,2
2021-08-18,1,1,0
2021-08-18,2,1,1
2021-08-18,0,0,0
2021-08-18,3,2,1
2021-08-18,1,0,1
2021-08-18,25,5,20
2021-08-18,26,10,16
2021-08-18,69,28,41
2021-08-18,70,28,42
2021-08-18,45,29,16
2021-08-18,20,10,10
2021-08-18,27,16,11
2021-08-18,32,17,15
2021-08-18,42,21,21
2021-08-18,43,24,19
2021-08-18,64,43,21
2021-08-18,97,57,40
2021-08-18,120,70,50
2021-08-18,80,40,40
2021-08-18,34,17,17
2021-08-18,22,9,13
2021-08-18,22,12,10
2021-08-18,23,14,9
2021-08-18,5,2,3
2021-08-19,3,1,2
2021-08-19,5,5,0
2021-08-19,2,1,1
2021-08-19,2,1,1
2021-08-19,1,0,1
2021-08-19,19,5,14
2021-08-19,28,11,17
2021-08-19,57,26,31
2021-08-19,64,24,40
2021-08-19,41,20,21
2021-08-19,39,23,16
2021-08-19,27,11,16
2021-08-19,40,21,19
2021-08-19,50,26,24
2021-08-19,63,38,25
2021-08-19,72,43,29
2021-08-19,73,45,28
2021-08-19,121,73,48
2021-08-19,79,40,39
2021-08-19,48,29,19
2021-08-19,33,18,15
2021-08-19,23,7,16
2021-08-19,18,11,7
2021-08-19,3,0,3
2021-08-20,3,3,0
2021-08-20,1,1,0
2021-08-20,2,2,0
2021-08-20,1,1,0
2021-08-20,1,1,0
2021-08-20,12,3,9
2021-08-20,18,5,13
2021-08-20,42,12,30
2021-08-20,40,16,24
2021-08-20,42,23,19
2021-08-20,38,17,21
2021-08-20,29,10,19
2021-08-20,44,26,18
2021-08-20,38,21,17
2021-08-20,47,25,22
2021-08-20,52,37,15
2021-08-20,77,47,30
2021-08-20,95,59,36
2021-08-20,55,25,30
2021-08-20,23,12,11
2021-08-20,30,11,19
2021-08-20,19,11,8
2021-08-20,18,12,6
2021-08-20,12,9,3
2021-08-21,8,4,4
2021-08-21,5,3,2
2021-08-21,1,0,1
2021-08-21,4,3,1
2021-08-21,0,0,0
2021-08-21,5,1,4
2021-08-21,3,3,0
2021-08-21,4,1,3
2021-08-21,11,7,4
2021-08-21,28,17,11
2021-08-21,29,14,15
2021-08-21,37,19,18
2021-08-21,41,24,17
2021-08-21,57,37,20
2021-08-21,57,25,32
2021-08-21,51,31,20
2021-08-21,72,38,34
2021-08-21,80,50,30
2021-08-21,71,64,7
2021-08-21,49,33,16
2021-08-21,19,7,12
2021-08-21,56,4,52
2021-08-21,58,9,49
2021-08-21,14,7,7
2021-08-22,7,1,6
2021-08-22,0,0,0
2021-08-22,6,4,2
2021-08-22,3,2,1
2021-08-22,1,1,0
2021-08-22,1,0,1
2021-08-22,7,6,1
2021-08-22,7,2,5
2021-08-22,5,3,2
2021-08-22,21,12,9
2021-08-22,26,17,9
2021-08-22,26,17,9
2021-08-22,29,20,9
2021-08-22,41,21,20
2021-08-22,31,20,11
2021-08-22,36,23,13
2021-08-22,24,11,13
2021-08-22,40,23,17
2021-08-22,26,11,15
2021-08-22,40,22,18
2021-08-22,31,13,18
2021-08-22,10,5,5
2021-08-22,16,9,7
2021-08-22,11,6,5
2021-08-23,5,4,1
2021-08-23,3,2,1
2021-08-23,1,0,1
2021-08-23,2,1,1
2021-08-23,1,0,1
2021-08-23,14,5,9
2021-08-23,28,7,21
2021-08-23,42,19,23
2021-08-23,43,13,30
2021-08-23,41,23,18
2021-08-23,22,13,9
2021-08-23,21,15,6
2021-08-23,43,19,24
2021-08-23,32,16,16
2021-08-23,40,25,15
2021-08-23,46,29,17
2021-08-23,71,35,36
2021-08-23,103,67,36
2021-08-23,62,33,29
2021-08-23,45,33,12
2021-08-23,25,13,12
2021-08-23,10,6,4
2021-08-23,10,8,2
2021-08-23,6,4,2
2021-08-24,3,1,2
2021-08-24,3,2,1
2021-08-24,2,2,0
2021-08-24,1,1,0
2021-08-24,1,0,1
2021-08-24,18,2,16
2021-08-24,24,10,14
2021-08-24,66,28,38
2021-08-24,62,25,37
2021-08-24,45,26,19
2021-08-24,39,21,18
2021-08-24,33,18,15
2021-08-24,35,17,18
2021-08-24,41,24,17
2021-08-24,45,31,14
2021-08-24,68,42,26
2021-08-24,89,50,39
2021-08-24,100,58,42
2021-08-24,66,40,26
2021-08-24,36,16,20
2021-08-24,18,12,6
2021-08-24,19,12,7
2021-08-24,10,6,4
2021-08-24,10,4,6
2021-08-25,4,2,2
2021-08-25,4,2,2
2021-08-25,0,0,0
2021-08-25,0,0,0
2021-08-25,3,1,2
2021-08-25,16,4,12
2021-08-25,27,9,18
2021-08-25,59,28,31
2021-08-25,55,26,29
2021-08-25,54,29,25
2021-08-25,25,13,12
2021-08-25,28,11,17
2021-08-25,39,19,20
2021-08-25,44,24,20
2021-08-25,60,28,32
2021-08-25,51,34,17
2021-08-25,86,61,25
2021-08-25,114,71,43
2021-08-25,66,33,33
2021-08-25,44,24,20
2021-08-25,23,8,15
2021-08-25,22,14,8
2021-08-25,14,6,8
2021-08-25,8,4,4
2021-08-26,5,2,3
2021-08-26,3,2,1
2021-08-26,1,0,1
2021-08-26,2,1,1
2021-08-26,2,1,1
2021-08-26,14,0,14
2021-08-26,23,11,12
2021-08-26,52,18,34
2021-08-26,53,21,32
2021-08-26,45,22,23
2021-08-26,30,14,16
2021-08-26,32,16,16
2021-08-26,39,24,15
2021-08-26,40,22,18
2021-08-26,45,33,12
2021-08-26,53,36,17
2021-08-26,82,57,25
2021-08-26,102,75,27
2021-08-26,80,55,25
2021-08-26,51,32,19
2021-08-26,25,12,13
2021-08-26,21,8,13
2021-08-26,41,13,28
2021-08-26,24,2,22
2021-08-27,6,4,2
2021-08-27,5,1,4
2021-08-27,2,1,1
2021-08-27,0,0,0
2021-08-27,2,2,0
2021-08-27,11,1,10
2021-08-27,16,3,13
2021-08-27,51,21,30
2021-08-27,41,14,27
2021-08-27,26,10,16
2021-08-27,38,19,19
2021-08-27,34,20,14
2021-08-27,36,22,14
2021-08-27,42,26,16
2021-08-27,51,32,19
2021-08-27,52,35,17
2021-08-27,69,38,31
2021-08-27,77,54,23
2021-08-27,81,55,26
2021-08-27,53,35,18
2021-08-27,22,9,13
2021-08-27,22,7,15
2021-08-27,33,9,24
2021-08-27,29,9,20
2021-08-28,27,4,23
2021-08-28,6,1,5
2021-08-28,7,4,3
2021-08-28,4,2,2
2021-08-28,0,0,0
2021-08-28,1,0,1
2021-08-28,5,4,1
2021-08-28,8,3,5
2021-08-28,20,9,11
2021-08-28,33,22,11
2021-08-28,45,23,22
2021-08-28,43,25,18
2021-08-28,70,40,30
2021-08-28,78,44,34
2021-08-28,44,19,25
2021-08-28,46,25,21
2021-08-28,61,22,39
2021-08-28,86,44,42
2021-08-28,114,79,35
2021-08-28,61,47,14
2021-08-28,30,14,16
2021-08-28,74,11,63
2021-08-28,38,7,31
2021-08-28,26,12,14
2021-08-29,3,1,2
2021-08-29,3,3,0
2021-08-29,9,2,7
2021-08-29,1,0,1
2021-08-29,0,0,0
2021-08-29,1,0,1
2021-08-29,2,2,0
2021-08-29,2,0,2
2021-08-29,11,5,6
2021-08-29,37,16,21
2021-08-29,40,32,8
2021-08-29,39,28,11
2021-08-29,87,59,28
2021-08-29,70,46,24
2021-08-29,54,30,24
2021-08-29,101,71,30
2021-08-29,95,37,58
2021-08-29,73,42,31
2021-08-29,64,38,26
2021-08-29,61,39,22
2021-08-29,29,12,17
2021-08-29,97,11,86
2021-08-29,27,2,25
2021-08-29,16,5,11
2021-08-30,3,3,0
2021-08-30,4,3,1
2021-08-30,0,0,0
2021-08-30,0,0,0
2021-08-30,1,1,0
2021-08-30,14,2,12
2021-08-30,23,10,13
2021-08-30,48,22,26
2021-08-30,61,22,39
2021-08-30,41,22,19
2021-08-30,36,20,16
2021-08-30,25,17,8
2021-08-30,22,9,13
2021-08-30,36,21,15
2021-08-30,33,20,13
2021-08-30,42,26,16
2021-08-30,74,52,22
2021-08-30,101,67,34
2021-08-30,75,51,24
2021-08-30,29,12,17
2021-08-30,16,8,8
2021-08-30,14,6,8
2021-08-30,14,3,11
2021-08-30,9,1,8
2021-08-31,3,0,3
2021-08-31,4,3,1
2021-08-31,1,0,1
2021-08-31,1,1,0
2021-08-31,2,2,0
2021-08-31,15,1,14
2021-08-31,28,10,18
2021-08-31,60,20,40
2021-08-31,52,24,28
2021-08-31,35,19,16
2021-08-31,23,13,10
2021-08-31,29,17,12
2021-08-31,29,14,15
2021-08-31,40,23,17
2021-08-31,38,26,12
2021-08-31,35,25,10
2021-08-31,61,45,16
2021-08-31,109,73,36
2021-08-31,83,53,30
2021-08-31,31,24,7
2021-08-31,23,7,16
2021-08-31,12,6,6
2021-08-31,24,7,17
2021-08-31,9,6,3
2021-09-01,2,2,0
2021-09-01,1,1,0
2021-09-01,2,0,2
2021-09-01,0,0,0
2021-09-01,3,2,1
2021-09-01,14,1,13
2021-09-01,29,10,19
2021-09-01,49,17,32
2021-09-01,65,29,36
2021-09-01,38,24,14
2021-09-01,22,11,11
2021-09-01,31,16,15
2021-09-01,66,47,19
2021-09-01,35,19,16
2021-09-01,42,29,13
2021-09-01,52,30,22
2021-09-01,83,42,41
2021-09-01,118,73,45
2021-09-01,63,32,31
2021-09-01,47,24,23
2021-09-01,14,9,5
2021-09-01,20,11,9
2021-09-01,6,4,2
2021-09-01,6,3,3
2021-09-02,7,5,2
2021-09-02,6,1,5
2021-09-02,3,3,0
2021-09-02,3,3,0
2021-09-02,1,1,0
2021-09-02,16,2,14
2021-09-02,25,10,15
2021-09-02,57,15,42
2021-09-02,51,21,30
2021-09-02,42,24,18
2021-09-02,26,15,11
2021-09-02,26,9,17
2021-09-02,40,19,21
2021-09-02,31,16,15
2021-09-02,52,33,19
2021-09-02,44,31,13
2021-09-02,73,45,28
2021-09-02,104,54,50
2021-09-02,63,37,26
2021-09-02,31,15,16
2021-09-02,24,12,12
2021-09-02,12,9,3
2021-09-02,13,7,6
2021-09-02,8,1,7
2021-09-03,6,5,1
2021-09-03,3,2,1
2021-09-03,3,0,3
2021-09-03,0,0,0
2021-09-03,2,2,0
2021-09-03,10,1,9
2021-09-03,20,5,15
2021-09-03,39,12,27
2021-09-03,40,18,22
2021-09-03,44,22,22
2021-09-03,28,15,13
2021-09-03,31,22,9
2021-09-03,39,19,20
2021-09-03,44,29,15
2021-09-03,51,29,22
2021-09-03,51,25,26
2021-09-03,66,44,22
2021-09-03,62,40,22
2021-09-03,55,33,22
2021-09-03,36,18,18
2021-09-03,26,10,16
2021-09-03,21,6,15
2021-09-03,13,4,9
2021-09-03,11,6,5
2021-09-04,2,1,1
2021-09-04,8,2,6
2021-09-04,4,2,2
2021-09-04,0,0,0
2021-09-04,1,1,0
2021-09-04,3,0,3
2021-09-04,5,2,3
2021-09-04,8,6,2
2021-09-04,21,15,6
2021-09-04,27,13,14
2021-09-04,41,29,12
2021-09-04,37,22,15
2021-09-04,68,32,36
2021-09-04,54,35,19
2021-09-04,64,33,31
2021-09-04,56,35,21
2021-09-04,59,27,32
2021-09-04,55,32,23
2021-09-04,36,17,19
2021-09-04,37,26,11
2021-09-04,23,8,15
2021-09-04,38,14,24
2021-09-04,10,6,4
2021-09-04,12,7,5
2021-09-05,10,5,5
2021-09-05,12,3,9
2021-09-05,5,4,1
2021-09-05,3,2,1
2021-09-05,2,1,1
2021-09-05,3,1,2
2021-09-05,1,1,0
2021-09-05,5,3,2
2021-09-05,7,3,4
2021-09-05,26,16,10
2021-09-05,27,16,11
2021-09-05,41,25,16
2021-09-05,45,27,18
2021-09-05,59,35,24
2021-09-05,53,25,28
2021-09-05,44,29,15
2021-09-05,55,27,28
2021-09-05,41,22,19
2021-09-05,34,18,16
2021-09-05,28,12,16
2021-09-05,10,5,5
2021-09-05,17,3,14
2021-09-05,15,7,8
2021-09-05,19,8,11
2021-09-06,9,6,3
2021-09-06,3,2,1
2021-09-06,2,2,0
2021-09-06,2,1,1
2021-09-06,3,1,2
2021-09-06,2,0,2
2021-09-06,4,1,3
2021-09-06,10,3,7
2021-09-06,5,4,1
2021-09-06,17,8,9
2021-09-06,18,10,8
2021-09-06,29,16,13
2021-09-06,53,32,21
2021-09-06,61,34,27
2021-09-06,58,29,29
2021-09-06,60,36,24
2021-09-06,60,33,27
2021-09-06,74,54,20
2021-09-06,51,18,33
2021-09-06,45,27,18
2021-09-06,16,9,7
2021-09-06,12,8,4
2021-09-06,15,5,10
2021-09-06,66,7,59
2021-09-07,11,2,9
2021-09-07,3,1,2
2021-09-07,2,2,0
2021-09-07,0,0,0
2021-09-07,3,3,0
2021-09-07,21,2,19
2021-09-07,29,13,16
2021-09-07,56,19,37
2021-09-07,65,27,38
2021-09-07,38,15,23
2021-09-07,31,21,10
2021-09-07,34,19,15
2021-09-07,35,16,19
2021-09-07,34,18,16
2021-09-07,55,36,19
2021-09-07,62,33,29
2021-09-07,82,48,34
2021-09-07,115,78,37
2021-09-07,58,27,31
2021-09-07,26,12,14
2021-09-07,9,6,3
2021-09-07,11,8,3
2021-09-07,12,5,7
2021-09-07,7,4,3
2021-09-08,4,1,3
2021-09-08,3,2,1
2021-09-08,3,2,1
2021-09-08,2,1,1
2021-09-08,4,2,2
2021-09-08,14,1,13
2021-09-08,31,9,22
2021-09-08,65,25,40
2021-09-08,66,26,40
2021-09-08,22,11,11
2021-09-08,33,18,15
2021-09-08,35,22,13
2021-09-08,28,18,10
2021-09-08,33,16,17
2021-09-08,44,26,18
2021-09-08,56,43,13
2021-09-08,80,55,25
2021-09-08,109,73,36
2021-09-08,55,34,21
2021-09-08,34,16,18
2021-09-08,14,5,9
2021-09-08,16,8,8
2021-09-08,17,12,5
2021-09-08,16,4,12
2021-09-09,6,3,3
2021-09-09,9,5,4
2021-09-09,1,1,0
2021-09-09,1,0,1
2021-09-09,2,1,1
2021-09-09,21,3,18
2021-09-09,26,11,15
2021-09-09,46,18,28
2021-09-09,73,30,43
2021-09-09,51,26,25
2021-09-09,28,16,12
2021-09-09,45,29,16
2021-09-09,38,15,23
2021-09-09,50,28,22
2021-09-09,57,35,22
2021-09-09,49,28,21
2021-09-09,67,47,20
2021-09-09,105,71,34
2021-09-09,67,34,33
2021-09-09,31,16,15
2021-09-09,23,15,8
2021-09-09,21,12,9
2021-09-09,28,15,13
2021-09-09,4,4,0
2021-09-10,4,3,1
2021-09-10,6,4,2
2021-09-10,2,0,2
2021-09-10,1,1,0
2021-09-10,2,2,0
2021-09-10,11,3,8
2021-09-10,30,7,23
2021-09-10,45,13,32
2021-09-10,48,21,27
2021-09-10,37,19,18
2021-09-10,31,23,8
2021-09-10,33,21,12
2021-09-10,33,16,17
2021-09-10,40,19,21
2021-09-10,51,31,20
2021-09-10,54,28,26
2021-09-10,61,37,24
2021-09-10,71,43,28
2021-09-10,43,29,14
2021-09-10,27,15,12
2021-09-10,28,13,15
2021-09-10,18,7,11
2021-09-10,41,18,23
2021-09-10,21,7,14
2021-09-11,6,4,2
2021-09-11,5,2,3
2021-09-11,5,1,4
2021-09-11,2,0,2
2021-09-11,2,2,0
2021-09-11,0,0,0
2021-09-11,5,4,1
2021-09-11,11,6,5
2021-09-11,9,5,4
2021-09-11,26,11,15
2021-09-11,31,21,10
2021-09-11,30,14,16
2021-09-11,65,50,15
2021-09-11,129,108,21
2021-09-11,67,38,29
2021-09-11,47,27,20
2021-09-11,138,46,92
2021-09-11,77,50,27
2021-09-11,52,32,20
2021-09-11,33,19,14
2021-09-11,26,11,15
2021-09-11,51,21,30
2021-09-11,23,10,13
2021-09-11,24,6,18
2021-09-12,17,4,13
2021-09-12,9,5,4
2021-09-12,1,1,0
2021-09-12,3,3,0
2021-09-12,4,2,2
2021-09-12,2,1,1
2021-09-12,4,2,2
2021-09-12,2,0,2
2021-09-12,9,7,2
2021-09-12,9,4,5
2021-09-12,34,21,13
2021-09-12,25,16,9
2021-09-12,43,30,13
2021-09-12,40,23,17
2021-09-12,33,12,21
2021-09-12,23,16,7
2021-09-12,47,13,34
2021-09-12,41,24,17
2021-09-12,19,12,7
2021-09-12,22,8,14
2021-09-12,12,4,8
2021-09-12,6,5,1
2021-09-12,7,2,5
2021-09-12,5,3,2
2021-09-13,4,3,1
2021-09-13,0,0,0
2021-09-13,2,2,0
2021-09-13,2,1,1
2021-09-13,1,1,0
2021-09-13,8,2,6
2021-09-13,34,11,23
2021-09-13,44,16,28
2021-09-13,66,30,36
2021-09-13,30,11,19
2021-09-13,21,13,8
2021-09-13,41,21,20
2021-09-13,47,25,22
2021-09-13,28,16,12
2021-09-13,50,28,22
2021-09-13,36,24,12
2021-09-13,68,47,21
2021-09-13,134,84,50
2021-09-13,52,35,17
2021-09-13,52,39,13
2021-09-13,24,7,17
2021-09-13,26,10,16
2021-09-13,46,6,40
2021-09-13,9,6,3
2021-09-14,4,1,3
2021-09-14,2,2,0
2021-09-14,5,2,3
2021-09-14,2,1,1
2021-09-14,2,2,0
2021-09-14,14,1,13
2021-09-14,30,12,18
2021-09-14,62,17,45
2021-09-14,72,33,39
2021-09-14,36,18,18
2021-09-14,28,11,17
2021-09-14,25,18,7
2021-09-14,30,13,17
2021-09-14,29,19,10
2021-09-14,31,17,14
2021-09-14,40,28,12
2021-09-14,105,71,34
2021-09-14,118,76,42
2021-09-14,111,95,16
2021-09-14,49,26,23
2021-09-14,18,5,13
2021-09-14,41,11,30
2021-09-14,33,6,27
2021-09-14,30,5,25
2021-09-15,11,5,6
2021-09-15,4,3,1
2021-09-15,1,1,0
2021-09-15,2,0,2
2021-09-15,2,2,0
2021-09-15,10,3,7
2021-09-15,28,16,12
2021-09-15,56,19,37
2021-09-15,66,27,39
2021-09-15,40,19,21
2021-09-15,28,14,14
2021-09-15,43,25,18
2021-09-15,46,27,19
2021-09-15,61,46,15
2021-09-15,37,17,20
2021-09-15,43,31,12
2021-09-15,84,47,37
2021-09-15,136,71,65
2021-09-15,61,32,29
2021-09-15,43,24,19
2021-09-15,13,7,6
2021-09-15,15,12,3
2021-09-15,12,7,5
2021-09-15,6,2,4
2021-09-16,5,2,3
2021-09-16,0,0,0
2021-09-16,2,0,2
2021-09-16,0,0,0
2021-09-16,3,2,1
2021-09-16,13,1,12
2021-09-16,31,12,19
2021-09-16,51,20,31
2021-09-16,63,22,41
2021-09-16,38,26,12
2021-09-16,25,13,12
2021-09-16,40,27,13
2021-09-16,35,19,16
2021-09-16,35,22,13
2021-09-16,42,27,15
2021-09-16,64,44,20
2021-09-16,81,55,26
2021-09-16,118,74,44
2021-09-16,74,46,28
2021-09-16,40,16,24
2021-09-16,24,8,16
2021-09-16,9,6,3
2021-09-16,14,11,3
2021-09-16,5,4,1
2021-09-17,5,1,4
2021-09-17,5,3,2
2021-09-17,1,1,0
2021-09-17,1,1,0
2021-09-17,1,1,0
2021-09-17,11,3,8
2021-09-17,23,8,15
2021-09-17,26,13,13
2021-09-17,32,16,16
2021-09-17,22,7,15
2021-09-17,17,11,6
2021-09-17,19,13,6
2021-09-17,22,10,12
2021-09-17,35,15,20
2021-09-17,31,16,15
2021-09-17,30,18,12
2021-09-17,46,32,14
2021-09-17,55,30,25
2021-09-17,39,23,16
2021-09-17,30,23,7
2021-09-17,10,7,3
2021-09-17,9,3,6
2021-09-17,6,4,2
2021-09-17,4,1,3
2021-09-18,1,1,0
2021-09-18,1,0,1
2021-09-18,2,0,2
2021-09-18,1,1,0
2021-09-18,0,0,0
2021-09-18,1,0,1
2021-09-18,2,1,1
2021-09-18,6,3,3
2021-09-18,6,2,4
2021-09-18,23,12,11
2021-09-18,22,17,5
2021-09-18,27,16,11
2021-09-18,29,18,11
2021-09-18,25,13,12
2021-09-18,13,7,6
2021-09-18,14,9,5
2021-09-18,18,11,7
2021-09-18,15,12,3
2021-09-18,16,11,5
2021-09-18,14,8,6
2021-09-18,11,7,4
2021-09-18,8,5,3
2021-09-18,10,3,7
2021-09-18,8,4,4
2021-09-19,3,0,3
2021-09-19,6,4,2
2021-09-19,0,0,0
2021-09-19,1,1,0
2021-09-19,2,0,2
2021-09-19,3,3,0
2021-09-19,3,1,2
2021-09-19,9,5,4
2021-09-19,17,9,8
2021-09-19,22,17,5
2021-09-19,58,42,16
2021-09-19,66,60,6
2021-09-19,113,98,15
2021-09-19,81,65,16
2021-09-19,39,23,16
2021-09-19,40,12,28
2021-09-19,51,13,38
2021-09-19,182,15,167
2021-09-19,41,20,21
2021-09-19,11,3,8
2021-09-19,24,9,15
2021-09-19,4,0,4
2021-09-19,8,4,4
2021-09-19,1,0,1
2021-09-20,2,2,0
2021-09-20,1,0,1
2021-09-20,3,2,1
2021-09-20,1,1,0
2021-09-20,1,1,0
2021-09-20,5,2,3
2021-09-20,27,10,17
2021-09-20,52,16,36
2021-09-20,58,19,39
2021-09-20,36,19,17
2021-09-20,24,15,9
2021-09-20,29,18,11
2021-09-20,38,28,10
2021-09-20,25,16,9
2021-09-20,42,27,15
2021-09-20,38,18,20
2021-09-20,80,41,39
2021-09-20,119,71,48
2021-09-20,64,30,34
2021-09-20,29,19,10
2021-09-20,17,6,11
2021-09-20,12,4,8
2021-09-20,7,5,2
2021-09-20,9,6,3
2021-09-21,5,1,4
2021-09-21,3,3,0
2021-09-21,2,1,1
2021-09-21,0,0,0
2021-09-21,1,1,0
2021-09-21,6,2,4
2021-09-21,31,10,21
2021-09-21,56,18,38
2021-09-21,58,23,35
2021-09-21,40,22,18
2021-09-21,21,13,8
2021-09-21,38,26,12
2021-09-21,27,14,13
2021-09-21,36,17,19
2021-09-21,41,26,15
2021-09-21,53,38,15
2021-09-21,80,50,30
2021-09-21,112,70,42
2021-09-21,60,35,25
2021-09-21,24,9,15
2021-09-21,16,7,9
2021-09-21,20,15,5
2021-09-21,5,1,4
2021-09-21,4,0,4
2021-09-22,1,1,0
2021-09-22,0,0,0
2021-09-22,5,3,2
2021-09-22,0,0,0
2021-09-22,1,1,0
2021-09-22,12,2,10
2021-09-22,24,12,12
2021-09-22,62,26,36
2021-09-22,63,18,45
2021-09-22,49,27,22
2021-09-22,23,16,7
2021-09-22,25,16,9
2021-09-22,28,15,13
2021-09-22,33,15,18
2021-09-22,39,22,17
2021-09-22,47,30,17
2021-09-22,80,47,33
2021-09-22,103,66,37
2021-09-22,61,41,20
2021-09-22,33,14,19
2021-09-22,19,9,10
2021-09-22,19,8,11
2021-09-22,8,4,4
2021-09-22,3,0,3
2021-09-23,6,2,4
2021-09-23,1,1,0
2021-09-23,3,1,2
2021-09-23,1,1,0
2021-09-23,2,1,1
2021-09-23,11,2,9
2021-09-23,29,12,17
2021-09-23,47,17,30
2021-09-23,69,25,44
2021-09-23,35,12,23
2021-09-23,27,13,14
2021-09-23,26,18,8
2021-09-23,44,27,17
2021-09-23,54,26,28
2021-09-23,55,32,23
2021-09-23,59,31,28
2021-09-23,76,42,34
2021-09-23,105,72,33
2021-09-23,61,32,29
2021-09-23,30,15,15
2021-09-23,15,9,6
2021-09-23,16,8,8
2021-09-23,10,8,2
2021-09-23,9,4,5
2021-09-24,7,5,2
2021-09-24,1,0,1
2021-09-24,0,0,0
2021-09-24,3,1,2
2021-09-24,1,1,0
2021-09-24,13,4,9
2021-09-24,17,9,8
2021-09-24,46,14,32
2021-09-24,56,24,32
2021-09-24,33,18,15
2021-09-24,24,12,12
2021-09-24,49,25,24
2021-09-24,43,27,16
2021-09-24,43,22,21
2021-09-24,42,28,14
2021-09-24,52,34,18
2021-09-24,82,51,31
2021-09-24,89,43,46
2021-09-24,55,31,24
2021-09-24,33,13,20
2021-09-24,26,16,10
2021-09-24,21,10,11
2021-09-24,27,16,11
2021-09-24,18,6,12
2021-09-25,11,5,6
2021-09-25,4,1,3
2021-09-25,2,1,1
2021-09-25,0,0,0
2021-09-25,1,0,1
2021-09-25,2,0,2
2021-09-25,5,4,1
2021-09-25,5,3,2
2021-09-25,21,9,12
2021-09-25,27,13,14
2021-09-25,36,25,11
2021-09-25,51,36,15
2021-09-25,58,35,23
2021-09-25,45,30,15
2021-09-25,56,26,30
2021-09-25,73,41,32
2021-09-25,62,26,36
2021-09-25,70,40,30
2021-09-25,55,34,21
2021-09-25,30,12,18
2021-09-25,16,5,11
2021-09-25,23,14,9
2021-09-25,19,14,5
2021-09-25,22,11,11
2021-09-26,15,6,9
2021-09-26,9,6,3
2021-09-26,7,3,4
2021-09-26,1,1,0
2021-09-26,1,1,0
2021-09-26,0,0,0
2021-09-26,3,2,1
2021-09-26,6,4,2
2021-09-26,7,1,6
2021-09-26,9,5,4
2021-09-26,30,19,11
2021-09-26,49,23,26
2021-09-26,36,22,14
2021-09-26,24,12,12
2021-09-26,23,13,10
2021-09-26,11,10,1
2021-09-26,6,3,3
2021-09-26,11,5,6
2021-09-26,4,3,1
2021-09-26,4,2,2
2021-09-26,11,7,4
2021-09-26,1,1,0
2021-09-26,1,1,0
2021-09-26,5,4,1
2021-09-27,4,1,3
2021-09-27,3,3,0
2021-09-27,1,0,1
2021-09-27,2,1,1
2021-09-27,0,0,0
2021-09-27,11,3,8
2021-09-27,16,6,10
2021-09-27,35,12,23
2021-09-27,37,11,26
2021-09-27,22,10,12
2021-09-27,17,9,8
2021-09-27,31,22,9
2021-09-27,26,13,13
2021-09-27,32,24,8
2021-09-27,22,13,9
2021-09-27,32,25,7
2021-09-27,42,34,8
2021-09-27,74,41,33
2021-09-27,39,24,15
2021-09-27,23,11,12
2021-09-27,10,3,7
2021-09-27,4,3,1
2021-09-27,26,5,21
2021-09-27,12,2,10
2021-09-28,1,0,1
2021-09-28,3,3,0
2021-09-28,2,0,2
2021-09-28,0,0,0
2021-09-28,3,2,1
2021-09-28,9,1,8
2021-09-28,19,8,11
2021-09-28,38,10,28
2021-09-28,46,15,31
2021-09-28,31,18,13
2021-09-28,23,12,11
2021-09-28,21,10,11
2021-09-28,34,11,23
2021-09-28,31,18,13
2021-09-28,43,30,13
2021-09-28,34,21,13
2021-09-28,65,47,18
2021-09-28,70,54,16
2021-09-28,84,58,26
2021-09-28,34,23,11
2021-09-28,24,6,18
2021-09-28,12,7,5
2021-09-28,40,5,35
2021-09-28,4,0,4
2021-09-29,5,0,5
2021-09-29,2,2,0
2021-09-29,0,0,0
2021-09-29,2,2,0
2021-09-29,1,1,0
2021-09-29,13,1,12
2021-09-29,15,6,9
2021-09-29,41,12,29
2021-09-29,39,14,25
2021-09-29,30,18,12
2021-09-29,16,8,8
2021-09-29,25,11,14
2021-09-29,18,10,8
2021-09-29,35,21,14
2021-09-29,39,24,15
2021-09-29,43,34,9
2021-09-29,57,36,21
2021-09-29,87,62,25
2021-09-29,64,49,15
2021-09-29,36,24,12
2021-09-29,13,6,7
2021-09-29,10,2,8
2021-09-29,49,6,43
2021-09-29,7,1,6
2021-09-30,3,2,1
2021-09-30,1,0,1
2021-09-30,0,0,0
2021-09-30,1,1,0
2021-09-30,1,1,0
2021-09-30,9,1,8
2021-09-30,23,7,16
2021-09-30,40,15,25
2021-09-30,48,13,35
2021-09-30,28,12,16
2021-09-30,20,10,10
2021-09-30,14,6,8
2021-09-30,21,14,7
2021-09-30,19,11,8
2021-09-30,22,12,10
2021-09-30,30,15,15
2021-09-30,46,28,18
2021-09-30,72,49,23
2021-09-30,37,27,10
2021-09-30,27,13,14
2021-09-30,13,5,8
2021-09-30,10,6,4
2021-09-30,5,1,4
2021-09-30,9,6,3
2021-10-01,7,2,5
2021-10-01,2,2,0
2021-10-01,5,0,5
2021-10-01,1,0,1
2021-10-01,1,1,0
2021-10-01,10,3,7
2021-10-01,20,9,11
2021-10-01,42,14,28
2021-10-01,46,21,25
2021-10-01,32,17,15
2021-10-01,30,19,11
2021-10-01,35,10,25
2021-10-01,26,14,12
2021-10-01,60,32,28
2021-10-01,41,22,19
2021-10-01,67,38,29
2021-10-01,64,42,22
2021-10-01,119,74,45
2021-10-01,112,86,26
2021-10-01,49,42,7
2021-10-01,28,17,11
2021-10-01,30,10,20
2021-10-01,84,12,72
2021-10-01,37,7,30
2021-10-02,7,5,2
2021-10-02,4,1,3
2021-10-02,9,3,6
2021-10-02,4,2,2
2021-10-02,1,0,1
2021-10-02,2,1,1
2021-10-02,4,2,2
2021-10-02,10,5,5
2021-10-02,9,3,6
2021-10-02,15,6,9
2021-10-02,26,15,11
2021-10-02,35,23,12
2021-10-02,26,18,8
2021-10-02,45,33,12
2021-10-02,49,27,22
2021-10-02,51,21,30
2021-10-02,82,59,23
2021-10-02,111,95,16
2021-10-02,50,38,12
2021-10-02,26,11,15
2021-10-02,22,8,14
2021-10-02,38,13,25
2021-10-02,78,9,69
2021-10-02,19,6,13
2021-10-03,9,1,8
2021-10-03,4,2,2
2021-10-03,5,2,3
2021-10-03,0,0,0
2021-10-03,1,1,0
2021-10-03,0,0,0
2021-10-03,2,2,0
2021-10-03,4,3,1
2021-10-03,11,5,6
2021-10-03,14,10,4
2021-10-03,32,18,14
2021-10-03,67,56,11
2021-10-03,19,17,2
2021-10-03,26,18,8
2021-10-03,17,7,10
2021-10-03,36,18,18
2021-10-03,93,21,72
2021-10-03,41,20,21
2021-10-03,48,43,5
2021-10-03,19,14,5
2021-10-03,19,5,14
2021-10-03,39,7,32
2021-10-03,6,2,4
2021-10-03,8,1,7
2021-10-04,4,1,3
2021-10-04,2,2,0
2021-10-04,3,0,3
2021-10-04,1,1,0
2021-10-04,1,0,1
2021-10-04,17,5,12
2021-10-04,17,8,9
2021-10-04,43,16,27
2021-10-04,58,14,44
2021-10-04,39,23,16
2021-10-04,28,19,9
2021-10-04,38,22,16
2021-10-04,13,8,5
2021-10-04,32,14,18
2021-10-04,32,21,11
2021-10-04,44,21,23
2021-10-04,60,38,22
2021-10-04,94,55,39
2021-10-04,44,29,15
2021-10-04,22,12,10
2021-10-04,15,11,4
2021-10-04,7,3,4
2021-10-04,6,2,4
2021-10-04,5,2,3
2021-10-05,4,1,3
2021-10-05,3,3,0
2021-10-05,5,1,4
2021-10-05,1,1,0
2021-10-05,4,4,0
2021-10-05,13,4,9
2021-10-05,27,9,18
2021-10-05,32,12,20
2021-10-05,31,10,21
2021-10-05,15,5,10
2021-10-05,18,9,9
2021-10-05,8,5,3
2021-10-05,12,6,6
2021-10-05,15,13,2
2021-10-05,27,15,12
2021-10-05,21,13,8
2021-10-05,46,32,14
2021-10-05,59,40,19
2021-10-05,35,18,17
2021-10-05,16,11,5
2021-10-05,17,8,9
2021-10-05,4,3,1
2021-10-05,8,3,5
2021-10-05,8,2,6
2021-10-06,1,1,0
2021-10-06,0,0,0
2021-10-06,2,0,2
2021-10-06,1,0,1
2021-10-06,1,1,0
2021-10-06,11,1,10
2021-10-06,27,15,12
2021-10-06,42,13,29
2021-10-06,47,15,32
2021-10-06,30,12,18
2021-10-06,25,16,9
2021-10-06,28,19,9
2021-10-06,25,17,8
2021-10-06,19,10,9
2021-10-06,32,17,15
2021-10-06,35,29,6
2021-10-06,61,39,22
2021-10-06,91,50,41
2021-10-06,49,31,18
2021-10-06,23,13,10
2021-10-06,12,4,8
2021-10-06,16,9,7
2021-10-06,9,4,5
2021-10-06,4,3,1
2021-10-07,0,0,0
2021-10-07,3,1,2
2021-10-07,3,1,2
2021-10-07,1,0,1
2021-10-07,1,1,0
2021-10-07,11,2,9
2021-10-07,24,13,11
2021-10-07,51,19,32
2021-10-07,56,20,36
2021-10-07,36,20,16
2021-10-07,30,18,12
2021-10-07,39,23,16
2021-10-07,42,23,19
2021-10-07,44,22,22
2021-10-07,65,38,27
2021-10-07,103,77,26
2021-10-07,198,168,30
2021-10-07,158,121,37
2021-10-07,70,35,35
2021-10-07,34,18,16
2021-10-07,221,20,201
2021-10-07,80,15,65
2021-10-07,22,10,12
2021-10-07,12,6,6
2021-10-08,3,0,3
2021-10-08,5,4,1
2021-10-08,2,1,1
2021-10-08,0,0,0
2021-10-08,2,1,1
2021-10-08,12,4,8
2021-10-08,21,13,8
2021-10-08,30,8,22
2021-10-08,45,13,32
2021-10-08,34,24,10
2021-10-08,30,16,14
2021-10-08,31,23,8
2021-10-08,42,22,20
2021-10-08,43,24,19
2021-10-08,48,30,18
2021-10-08,62,33,29
2021-10-08,77,47,30
2021-10-08,64,41,23
2021-10-08,59,37,22
2021-10-08,42,17,25
2021-10-08,12,8,4
2021-10-08,8,7,1
2021-10-08,16,11,5
2021-10-08,15,2,13
2021-10-09,11,6,5
2021-10-09,4,1,3
2021-10-09,2,0,2
2021-10-09,3,0,3
2021-10-09,0,0,0
2021-10-09,0,0,0
2021-10-09,2,2,0
2021-10-09,11,6,5
2021-10-09,16,14,2
2021-10-09,19,5,14
2021-10-09,16,9,7
2021-10-09,25,20,5
2021-10-09,55,39,16
2021-10-09,49,30,19
2021-10-09,37,20,17
2021-10-09,39,20,19
2021-10-09,63,45,18
2021-10-09,71,45,26
2021-10-09,15,9,6
2021-10-09,12,4,8
2021-10-09,43,5,38
2021-10-09,10,9,1
2021-10-09,16,8,8
2021-10-09,5,3,2
2021-10-10,7,4,3
2021-10-10,3,2,1
2021-10-10,4,3,1
2021-10-10,3,2,1
2021-10-10,0,0,0
2021-10-10,2,1,1
2021-10-10,5,2,3
2021-10-10,2,1,1
2021-10-10,8,4,4
2021-10-10,14,5,9
2021-10-10,7,2,5
2021-10-10,13,6,7
2021-10-10,20,9,11
2021-10-10,21,7,14
2021-10-10,30,13,17
2021-10-10,32,18,14
2021-10-10,29,12,17
2021-10-10,31,19,12
2021-10-10,9,5,4
2021-10-10,12,6,6
2021-10-10,2,0,2
2021-10-10,2,2,0
2021-10-10,9,4,5
2021-10-10,9,2,7
2021-10-11,2,0,2
2021-10-11,3,2,1
2021-10-11,2,0,2
2021-10-11,0,0,0
2021-10-11,3,2,1
2021-10-11,7,1,6
2021-10-11,18,6,12
2021-10-11,40,11,29
2021-10-11,40,16,24
2021-10-11,38,15,23
2021-10-11,26,14,12
2021-10-11,26,19,7
2021-10-11,23,9,14
2021-10-11,18,11,7
2021-10-11,19,15,4
2021-10-11,31,18,13
2021-10-11,47,29,18
2021-10-11,84,49,35
2021-10-11,52,32,20
2021-10-11,34,20,14
2021-10-11,5,4,1
2021-10-11,5,1,4
2021-10-11,2,1,1
2021-10-11,8,2,6
2021-10-12,1,1,0
2021-10-12,4,1,3
2021-10-12,1,1,0
2021-10-12,0,0,0
2021-10-12,1,1,0
2021-10-12,10,4,6
2021-10-12,21,7,14
2021-10-12,49,11,38
2021-10-12,50,19,31
2021-10-12,33,20,13
2021-10-12,18,12,6
2021-10-12,24,14,10
2021-10-12,23,11,12
2021-10-12,23,14,9
2021-10-12,29,19,10
2021-10-12,34,25,9
2021-10-12,66,48,18
2021-10-12,91,58,33
2021-10-12,39,20,19
2021-10-12,14,8,6
2021-10-12,8,7,1
2021-10-12,5,3,2
2021-10-12,4,1,3
2021-10-12,4,1,3
2021-10-13,2,1,1
2021-10-13,5,3,2
2021-10-13,0,0,0
2021-10-13,0,0,0
2021-10-13,1,1,0
2021-10-13,13,3,10
2021-10-13,19,7,12
2021-10-13,37,18,19
2021-10-13,48,15,33
2021-10-13,34,22,12
2021-10-13,18,8,10
2021-10-13,16,7,9
2021-10-13,17,10,7
2021-10-13,24,15,9
2021-10-13,32,20,12
2021-10-13,37,29,8
2021-10-13,68,42,26
2021-10-13,98,56,42
2021-10-13,29,15,14
2021-10-13,22,9,13
2021-10-13,14,6,8
2021-10-13,5,4,1
2021-10-13,5,2,3
2021-10-13,2,1,1
2021-10-14,4,1,3
2021-10-14,0,0,0
2021-10-14,1,1,0
2021-10-14,1,0,1
2021-10-14,3,3,0
2021-10-14,13,2,11
2021-10-14,17,8,9
2021-10-14,50,14,36
2021-10-14,49,17,32
2021-10-14,18,9,9
2021-10-14,15,8,7
2021-10-14,27,16,11
2021-10-14,19,8,11
2021-10-14,31,17,14
2021-10-14,35,24,11
2021-10-14,40,25,15
2021-10-14,51,38,13
2021-10-14,69,47,22
2021-10-14,41,21,20
2021-10-14,23,5,18
2021-10-14,10,5,5
2021-10-14,13,5,8
2021-10-14,7,3,4
2021-10-14,8,2,6
2021-10-15,2,2,0
2021-10-15,3,1,2
2021-10-15,3,3,0
2021-10-15,1,1,0
2021-10-15,1,1,0
2021-10-15,8,2,6
2021-10-15,24,9,15
2021-10-15,38,14,24
2021-10-15,45,20,25
2021-10-15,29,17,12
2021-10-15,24,11,13
2021-10-15,33,18,15
2021-10-15,24,12,12
2021-10-15,26,15,11
2021-10-15,38,18,20
2021-10-15,62,34,28
2021-10-15,69,45,24
2021-10-15,70,40,30
2021-10-15,42,21,21
2021-10-15,21,13,8
2021-10-15,14,3,11
2021-10-15,5,3,2
2021-10-15,11,5,6
2021-10-15,6,4,2
2021-10-16,4,3,1
2021-10-16,2,1,1
2021-10-16,1,0,1
2021-10-16,4,1,3
2021-10-16,1,0,1
2021-10-16,2,1,1
2021-10-16,6,3,3
2021-10-16,8,4,4
2021-10-16,10,7,3
2021-10-16,19,12,7
2021-10-16,13,9,4
2021-10-16,31,11,20
2021-10-16,30,22,8
2021-10-16,33,14,19
2021-10-16,44,26,18
2021-10-16,49,28,21
2021-10-16,56,36,20
2021-10-16,32,10,22
2021-10-16,25,10,15
2021-10-16,23,11,12
2021-10-16,18,10,8
2021-10-16,9,3,6
2021-10-16,17,13,4
2021-10-16,17,7,10
2021-10-17,10,6,4
2021-10-17,7,1,6
2021-10-17,6,2,4
2021-10-17,2,2,0
2021-10-17,2,2,0
2021-10-17,2,2,0
2021-10-17,3,2,1
2021-10-17,3,0,3
2021-10-17,8,3,5
2021-10-17,17,10,7
2021-10-17,21,16,5
2021-10-17,34,17,17
2021-10-17,27,17,10
2021-10-17,34,17,17
2021-10-17,21,10,11
2021-10-17,27,15,12
2021-10-17,30,14,16
2021-10-17,29,19,10
2021-10-17,13,5,8
2021-10-17,12,4,8
2021-10-17,6,3,3
2021-10-17,3,3,0
2021-10-17,4,1,3
2021-10-17,7,5,2
2021-10-18,5,4,1
2021-10-18,3,1,2
2021-10-18,3,1,2
2021-10-18,1,0,1
2021-10-18,1,0,1
2021-10-18,16,5,11
2021-10-18,21,7,14
2021-10-18,40,9,31
2021-10-18,58,22,36
2021-10-18,34,15,19
2021-10-18,13,7,6
2021-10-18,13,9,4
2021-10-18,23,10,13
2021-10-18,19,12,7
2021-10-18,34,16,18
2021-10-18,39,30,9
2021-10-18,52,33,19
2021-10-18,94,61,33
2021-10-18,32,15,17
2021-10-18,24,10,14
2021-10-18,4,1,3
2021-10-18,4,1,3
2021-10-18,6,1,5
2021-10-18,5,2,3
2021-10-19,1,1,0
2021-10-19,5,3,2
2021-10-19,2,1,1
2021-10-19,2,0,2
2021-10-19,3,3,0
2021-10-19,18,5,13
2021-10-19,20,9,11
2021-10-19,60,19,41
2021-10-19,72,22,50
2021-10-19,23,14,9
2021-10-19,17,9,8
2021-10-19,30,16,14
2021-10-19,24,10,14
2021-10-19,33,17,16
2021-10-19,40,25,15
2021-10-19,60,41,19
2021-10-19,80,51,29
2021-10-19,101,64,37
2021-10-19,51,31,20
2021-10-19,26,11,15
2021-10-19,11,7,4
2021-10-19,14,8,6
2021-10-19,3,0,3
2021-10-19,12,4,8
2021-10-20,2,2,0
2021-10-20,0,0,0
2021-10-20,0,0,0
2021-10-20,2,2,0
2021-10-20,1,1,0
2021-10-20,9,0,9
2021-10-20,15,6,9
2021-10-20,29,9,20
2021-10-20,45,20,25
2021-10-20,18,6,12
2021-10-20,19,8,11
2021-10-20,15,5,10
2021-10-20,10,6,4
2021-10-20,12,7,5
2021-10-20,24,13,11
2021-10-20,31,21,10
2021-10-20,52,36,16
2021-10-20,72,43,29
2021-10-20,29,18,11
2021-10-20,27,10,17
2021-10-20,6,4,2
2021-10-20,11,4,7
2021-10-20,7,3,4
2021-10-20,6,3,3
2021-10-21,2,1,1
2021-10-21,3,2,1
2021-10-21,5,2,3
2021-10-21,3,2,1
2021-10-21,2,2,0
2021-10-21,14,3,11
2021-10-21,19,7,12
2021-10-21,37,12,25
2021-10-21,46,17,29
2021-10-21,27,12,15
2021-10-21,22,9,13
2021-10-21,30,17,13
2021-10-21,29,19,10
2021-10-21,27,11,16
2021-10-21,40,29,11
2021-10-21,31,24,7
2021-10-21,45,31,14
2021-10-21,79,55,24
2021-10-21,42,19,23
2021-10-21,12,5,7
2021-10-21,8,2,6
2021-10-21,3,0,3
2021-10-21,7,4,3
2021-10-21,3,1,2
2021-10-22,0,0,0
2021-10-22,0,0,0
2021-10-22,1,0,1
2021-10-22,0,0,0
2021-10-22,1,1,0
2021-10-22,12,6,6
2021-10-22,15,4,11
2021-10-22,31,10,21
2021-10-22,41,13,28
2021-10-22,23,13,10
2021-10-22,11,5,6
2021-10-22,7,2,5
2021-10-22,19,14,5
2021-10-22,21,11,10
2021-10-22,28,17,11
2021-10-22,50,34,16
2021-10-22,43,24,19
2021-10-22,45,27,18
2021-10-22,29,16,13
2021-10-22,13,5,8
2021-10-22,12,9,3
2021-10-22,26,20,6
2021-10-22,7,5,2
2021-10-22,13,5,8
2021-10-23,6,4,2
2021-10-23,3,2,1
2021-10-23,5,1,4
2021-10-23,3,0,3
2021-10-23,2,2,0
2021-10-23,3,1,2
2021-10-23,2,2,0
2021-10-23,6,2,4
2021-10-23,8,3,5
2021-10-23,23,9,14
2021-10-23,25,16,9
2021-10-23,33,21,12
2021-10-23,61,47,14
2021-10-23,20,16,4
2021-10-23,24,10,14
2021-10-23,73,28,45
2021-10-23,31,13,18
2021-10-23,26,15,11
2021-10-23,31,17,14
2021-10-23,7,2,5
2021-10-23,12,2,10
2021-10-23,13,8,5
2021-10-23,18,13,5
2021-10-23,13,6,7
2021-10-24,8,6,2
2021-10-24,3,1,2
2021-10-24,3,1,2
2021-10-24,0,0,0
2021-10-24,1,0,1
2021-10-24,1,1,0
2021-10-24,1,1,0
2021-10-24,7,5,2
2021-10-24,4,1,3
2021-10-24,12,2,10
2021-10-24,2,1,1
2021-10-24,12,5,7
2021-10-24,23,10,13
2021-10-24,8,5,3
2021-10-24,1,1,0
2021-10-24,11,4,7
2021-10-24,19,11,8
2021-10-24,22,12,10
2021-10-24,9,5,4
2021-10-24,16,2,14
2021-10-24,13,10,3
2021-10-24,10,5,5
2021-10-24,6,1,5
2021-10-24,6,1,5
2021-10-25,1,1,0
2021-10-25,1,0,1
2021-10-25,0,0,0
2021-10-25,2,1,1
2021-10-25,1,1,0
2021-10-25,6,3,3
2021-10-25,13,6,7
2021-10-25,39,11,28
2021-10-25,35,14,21
2021-10-25,24,12,12
2021-10-25,18,12,6
2021-10-25,18,9,9
2021-10-25,20,7,13
2021-10-25,34,23,11
2021-10-25,38,28,10
2021-10-25,77,66,11
2021-10-25,92,87,5
2021-10-25,69,53,16
2021-10-25,19,10,9
2021-10-25,25,6,19
2021-10-25,120,5,115
2021-10-25,45,14,31
2021-10-25,9,2,7
2021-10-25,3,0,3
2021-10-26,3,1,2
2021-10-26,0,0,0
2021-10-26,3,2,1
2021-10-26,0,0,0
2021-10-26,1,1,0
2021-10-26,6,2,4
2021-10-26,12,5,7
2021-10-26,45,13,32
2021-10-26,36,11,25
2021-10-26,20,9,11
2021-10-26,27,11,16
2021-10-26,14,5,9
2021-10-26,12,6,6
2021-10-26,12,7,5
2021-10-26,14,10,4
2021-10-26,30,21,9
2021-10-26,50,31,19
2021-10-26,63,41,22
2021-10-26,34,18,16
2021-10-26,17,7,10
2021-10-26,4,2,2
2021-10-26,4,0,4
2021-10-26,16,12,4
2021-10-26,8,3,5
2021-10-27,5,3,2
2021-10-27,2,2,0
2021-10-27,2,2,0
2021-10-27,1,1,0
2021-10-27,0,0,0
2021-10-27,9,2,7
2021-10-27,22,6,16
2021-10-27,42,15,27
2021-10-27,54,29,25
2021-10-27,29,16,13
2021-10-27,19,4,15
2021-10-27,20,11,9
2021-10-27,25,8,17
2021-10-27,20,9,11
2021-10-27,33,21,12
2021-10-27,34,24,10
2021-10-27,50,31,19
2021-10-27,82,51,31
2021-10-27,29,19,10
2021-10-27,13,7,6
2021-10-27,8,0,8
2021-10-27,8,5,3
2021-10-27,9,5,4
2021-10-27,2,1,1
2021-10-28,5,0,5
2021-10-28,1,1,0
2021-10-28,5,3,2
2021-10-28,0,0,0
2021-10-28,1,1,0
2021-10-28,8,2,6
2021-10-28,18,5,13
2021-10-28,28,6,22
2021-10-28,28,9,19
2021-10-28,22,13,9
2021-10-28,12,6,6
2021-10-28,10,7,3
2021-10-28,16,12,4
2021-10-28,10,6,4
2021-10-28,16,9,7
2021-10-28,21,13,8
2021-10-28,38,25,13
2021-10-28,56,36,20
2021-10-28,20,14,6
2021-10-28,3,0,3
2021-10-28,6,3,3
2021-10-28,5,3,2
2021-10-28,7,5,2
2021-10-28,6,4,2
2021-10-29,0,0,0
2021-10-29,0,0,0
2021-10-29,1,0,1
2021-10-29,0,0,0
2021-10-29,4,4,0
2021-10-29,4,2,2
2021-10-29,18,6,12
2021-10-29,29,10,19
2021-10-29,27,6,21
2021-10-29,13,7,6
2021-10-29,14,10,4
2021-10-29,17,8,9
2021-10-29,34,23,11
2021-10-29,25,15,10
2021-10-29,24,13,11
2021-10-29,43,32,11
2021-10-29,52,31,21
2021-10-29,53,32,21
2021-10-29,34,16,18
2021-10-29,19,13,6
2021-10-29,7,4,3
2021-10-29,4,4,0
2021-10-29,9,5,4
2021-10-29,7,2,5
2021-10-30,17,8,9
2021-10-30,1,1,0
2021-10-30,6,3,3
2021-10-30,3,2,1
2021-10-30,1,1,0
2021-10-30,3,2,1
2021-10-30,2,2,0
2021-10-30,8,5,3
2021-10-30,9,4,5
2021-10-30,16,14,2
2021-10-30,20,9,11
2021-10-30,23,14,9
2021-10-30,47,33,14
2021-10-30,37,20,17
2021-10-30,41,10,31
2021-10-30,54,30,24
2021-10-30,48,18,30
2021-10-30,47,26,21
2021-10-30,31,13,18
2021-10-30,12,7,5
2021-10-30,15,8,7
2021-10-30,2,1,1
2021-10-30,12,3,9
2021-10-30,14,8,6
2021-11-01,3,2,1
2021-11-01,2,1,1
2021-11-01,3,2,1
2021-11-01,2,1,1
2021-11-01,1,1,0
2021-11-01,9,3,6
2021-11-01,25,9,16
2021-11-01,42,12,30
2021-11-01,49,15,34
2021-11-01,28,15,13
2021-11-01,14,7,7
2021-11-01,25,16,9
2021-11-01,19,10,9
2021-11-01,22,15,7
2021-11-01,26,17,9
2021-11-01,29,23,6
2021-11-01,45,35,10
2021-11-01,65,48,17
2021-11-01,55,39,16
2021-11-01,15,10,5
2021-11-01,13,6,7
2021-11-01,40,4,36
2021-11-01,11,3,8
2021-11-01,7,3,4
2021-11-02,0,0,0
2021-11-02,1,1,0
2021-11-02,0,0,0
2021-11-02,2,1,1
2021-11-02,2,2,0
2021-11-02,12,4,8
2021-11-02,18,3,15
2021-11-02,43,14,29
2021-11-02,57,13,44
2021-11-02,37,21,16
2021-11-02,26,11,15
2021-11-02,20,12,8
2021-11-02,14,6,8
2021-11-02,16,8,8
2021-11-02,20,13,7
2021-11-02,33,20,13
2021-11-02,53,40,13
2021-11-02,68,45,23
2021-11-02,42,25,17
2021-11-02,13,6,7
2021-11-02,5,1,4
2021-11-02,6,3,3
2021-11-02,6,4,2
2021-11-02,9,2,7
2021-11-03,3,1,2
2021-11-03,1,1,0
2021-11-03,1,1,0
2021-11-03,2,1,1
2021-11-03,5,2,3
2021-11-03,14,1,13
2021-11-03,21,7,14
2021-11-03,39,9,30
2021-11-03,44,15,29
2021-11-03,28,11,17
2021-11-03,16,8,8
2021-11-03,17,12,5
2021-11-03,20,10,10
2021-11-03,23,9,14
2021-11-03,32,20,12
2021-11-03,38,22,16
2021-11-03,63,43,20
2021-11-03,87,55,32
2021-11-03,40,27,13
2021-11-03,16,6,10
2021-11-03,10,6,4
2021-11-03,7,3,4
2021-11-03,10,7,3
2021-11-03,7,0,7
2021-11-04,4,2,2
2021-11-04,0,0,0
2021-11-04,3,2,1
2021-11-04,0,0,0
2021-11-04,2,2,0
2021-11-04,9,3,6
2021-11-04,15,4,11
2021-11-04,35,6,29
2021-11-04,30,12,18
2021-11-04,16,7,9
2021-11-04,12,10,2
2021-11-04,15,3,12
2021-11-04,6,3,3
2021-11-04,23,7,16
2021-11-04,16,10,6
2021-11-04,26,14,12
2021-11-04,53,39,14
2021-11-04,46,33,13
2021-11-04,38,26,12
2021-11-04,16,8,8
2021-11-04,5,2,3
2021-11-04,8,6,2
2021-11-04,11,7,4
2021-11-04,7,4,3
2021-11-05,1,1,0
2021-11-05,3,0,3
2021-11-05,1,1,0
2021-11-05,3,2,1
2021-11-05,2,1,1
2021-11-05,10,2,8
2021-11-05,14,5,9
2021-11-05,28,6,22
2021-11-05,26,9,17
2021-11-05,22,10,12
2021-11-05,18,9,9
2021-11-05,19,13,6
2021-11-05,24,11,13
2021-11-05,22,9,13
2021-11-05,24,15,9
2021-11-05,40,26,14
2021-11-05,65,37,28
2021-11-05,51,29,22
2021-11-05,38,23,15
2021-11-05,15,8,7
2021-11-05,24,10,14
2021-11-05,15,8,7
2021-11-05,9,3,6
2021-11-05,13,9,4
2021-11-06,15,5,10
2021-11-06,6,3,3
2021-11-06,2,1,1
2021-11-06,1,0,1
2021-11-06,1,1,0
2021-11-06,3,1,2
2021-11-06,4,3,1
2021-11-06,8,3,5
2021-11-06,4,2,2
2021-11-06,8,3,5
2021-11-06,11,5,6
2021-11-06,6,2,4
2021-11-06,12,3,9
2021-11-06,28,17,11
2021-11-06,11,4,7
2021-11-06,21,13,8
2021-11-06,22,13,9
2021-11-06,13,7,6
2021-11-06,10,5,5
2021-11-06,3,2,1
2021-11-06,3,2,1
2021-11-06,2,2,0
2021-11-06,6,4,2
2021-11-06,6,3,3
2021-11-07,3,3,0
2021-11-07,8,2,6
2021-11-07,0,0,0
2021-11-07,1,0,1
2021-11-07,0,0,0
2021-11-07,2,2,0
2021-11-07,3,3,0
2021-11-07,9,3,6
2021-11-07,8,4,4
2021-11-07,8,6,2
2021-11-07,10,8,2
2021-11-07,6,2,4
2021-11-07,13,5,8
2021-11-07,7,3,4
2021-11-07,11,4,7
2021-11-07,12,5,7
2021-11-07,11,9,2
2021-11-07,7,5,2
2021-11-07,10,5,5
2021-11-07,6,5,1
2021-11-07,9,5,4
2021-11-07,8,5,3
2021-11-07,4,2,2
2021-11-07,2,1,1
2021-11-08,3,2,1
2021-11-08,0,0,0
2021-11-08,0,0,0
2021-11-08,2,0,2
2021-11-08,1,1,0
2021-11-08,15,4,11
2021-11-08,21,10,11
2021-11-08,43,10,33
2021-11-08,53,19,34
2021-11-08,36,14,22
2021-11-08,19,14,5
2021-11-08,15,5,10
2021-11-08,16,8,8
2021-11-08,33,12,21
2021-11-08,39,18,21
2021-11-08,41,31,10
2021-11-08,62,43,19
2021-11-08,84,49,35
2021-11-08,36,23,13
2021-11-08,6,3,3
2021-11-08,8,5,3
2021-11-08,7,2,5
2021-11-08,4,3,1
2021-11-08,7,5,2
2021-11-09,1,1,0
2021-11-09,0,0,0
2021-11-09,0,0,0
2021-11-09,0,0,0
2021-11-09,2,2,0
2021-11-09,14,2,12
2021-11-09,13,2,11
2021-11-09,39,14,25
2021-11-09,39,12,27
2021-11-09,43,14,29
2021-11-09,16,8,8
2021-11-09,17,11,6
2021-11-09,26,10,16
2021-11-09,20,10,10
2021-11-09,23,16,7
2021-11-09,21,17,4
2021-11-09,35,29,6
2021-11-09,46,19,27
2021-11-09,29,17,12
2021-11-09,10,5,5
2021-11-09,3,3,0
2021-11-09,7,3,4
2021-11-09,5,2,3
2021-11-09,5,1,4
2021-11-10,2,1,1
2021-11-10,1,0,1
2021-11-10,1,1,0
2021-11-10,0,0,0
2021-11-10,2,2,0
2021-11-10,10,2,8
2021-11-10,21,10,11
2021-11-10,42,12,30
2021-11-10,66,21,45
2021-11-10,29,15,14
2021-11-10,12,6,6
2021-11-10,28,12,16
2021-11-10,31,15,16
2021-11-10,37,20,17
2021-11-10,40,28,12
2021-11-10,51,37,14
2021-11-10,71,52,19
2021-11-10,82,41,41
2021-11-10,38,23,15
2021-11-10,14,6,8
2021-11-10,9,6,3
2021-11-10,7,5,2
2021-11-10,5,2,3
2021-11-10,7,4,3
2021-11-11,1,0,1
2021-11-11,2,1,1
2021-11-11,0,0,0
2021-11-11,0,0,0
2021-11-11,1,1,0
2021-11-11,12,2,10
2021-11-11,13,4,9
2021-11-11,37,12,25
2021-11-11,25,7,18
2021-11-11,17,8,9
2021-11-11,13,8,5
2021-11-11,13,8,5
2021-11-11,9,4,5
2021-11-11,10,6,4
2021-11-11,17,12,5
2021-11-11,25,13,12
2021-11-11,31,19,12
2021-11-11,25,14,11
2021-11-11,16,10,6
2021-11-11,8,4,4
2021-11-11,3,2,1
2021-11-11,3,1,2
2021-11-11,6,5,1
2021-11-11,2,1,1
2021-11-12,1,1,0
2021-11-12,0,0,0
2021-11-12,1,0,1
2021-11-12,0,0,0
2021-11-12,0,0,0
2021-11-12,10,4,6
2021-11-12,18,4,14
2021-11-12,20,5,15
2021-11-12,21,4,17
2021-11-12,22,11,11
2021-11-12,9,5,4
2021-11-12,15,7,8
2021-11-12,10,5,5
2021-11-12,13,8,5
2021-11-12,21,14,7
2021-11-12,30,20,10
2021-11-12,39,29,10
2021-11-12,41,25,16
2021-11-12,19,9,10
2021-11-12,19,9,10
2021-11-12,5,3,2
2021-11-12,7,6,1
2021-11-12,10,5,5
2021-11-12,13,6,7
2021-11-13,7,2,5
2021-11-13,3,0,3
2021-11-13,5,1,4
2021-11-13,0,0,0
2021-11-13,0,0,0
2021-11-13,5,2,3
2021-11-13,3,2,1
2021-11-13,12,8,4
2021-11-13,13,7,6
2021-11-13,21,11,10
2021-11-13,18,9,9
2021-11-13,21,10,11
2021-11-13,31,19,12
2021-11-13,42,18,24
2021-11-13,39,19,20
2021-11-13,40,16,24
2021-11-13,21,9,12
2021-11-13,11,3,8
2021-11-13,10,5,5
2021-11-13,7,2,5
2021-11-13,6,5,1
2021-11-13,5,5,0
2021-11-13,3,2,1
2021-11-13,5,1,4
2021-11-14,1,1,0
2021-11-14,6,2,4
2021-11-14,2,0,2
2021-11-14,2,1,1
2021-11-14,0,0,0
2021-11-14,3,1,2
2021-11-14,1,0,1
2021-11-14,3,1,2
2021-11-14,5,2,3
2021-11-14,20,16,4
2021-11-14,7,1,6
2021-11-14,6,4,2
2021-11-14,9,5,4
2021-11-14,7,2,5
2021-11-14,11,5,6
2021-11-14,15,12,3
2021-11-14,15,6,9
2021-11-14,7,3,4
2021-11-14,13,8,5
2021-11-14,4,2,2
2021-11-14,3,0,3
2021-11-14,4,2,2
2021-11-14,1,1,0
2021-11-14,2,1,1
2021-11-15,1,1,0
2021-11-15,0,0,0
2021-11-15,0,0,0
2021-11-15,1,0,1
2021-11-15,2,2,0
2021-11-15,10,1,9
2021-11-15,25,11,14
2021-11-15,29,8,21
2021-11-15,22,15,7
2021-11-15,23,8,15
2021-11-15,13,4,9
2021-11-15,6,3,3
2021-11-15,10,5,5
2021-11-15,10,5,5
2021-11-15,9,5,4
2021-11-15,28,18,10
2021-11-15,42,30,12
2021-11-15,43,26,17
2021-11-15,20,13,7
2021-11-15,11,3,8
2021-11-15,0,0,0
2021-11-15,4,1,3
2021-11-15,2,0,2
2021-11-15,2,1,1
2021-11-16,0,0,0
2021-11-16,0,0,0
2021-11-16,1,1,0
2021-11-16,0,0,0
2021-11-16,1,1,0
2021-11-16,20,6,14
2021-11-16,20,8,12
2021-11-16,45,14,31
2021-11-16,47,25,22
2021-11-16,32,11,21
2021-11-16,32,14,18
2021-11-16,19,8,11
2021-11-16,17,9,8
2021-11-16,22,11,11
2021-11-16,38,23,15
2021-11-16,49,30,19
2021-11-16,71,51,20
2021-11-16,67,39,28
2021-11-16,31,17,14
2021-11-16,16,7,9
2021-11-16,2,1,1
2021-11-16,7,0,7
2021-11-16,4,0,4
2021-11-16,3,0,3
2021-11-17,0,0,0
2021-11-17,1,0,1
2021-11-17,0,0,0
2021-11-17,0,0,0
2021-11-17,1,1,0
2021-11-17,11,2,9
2021-11-17,21,9,12
2021-11-17,36,13,23
2021-11-17,36,11,25
2021-11-17,27,16,11
2021-11-17,16,5,11
2021-11-17,19,8,11
2021-11-17,26,13,13
2021-11-17,21,9,12
2021-11-17,36,24,12
2021-11-17,36,24,12
2021-11-17,65,41,24
2021-11-17,65,46,19
2021-11-17,33,21,12
2021-11-17,8,2,6
2021-11-17,5,0,5
2021-11-17,5,1,4
2021-11-17,4,3,1
2021-11-17,4,4,0
2021-11-18,2,1,1
2021-11-18,2,1,1
2021-11-18,0,0,0
2021-11-18,1,0,1
2021-11-18,2,1,1
2021-11-18,2,1,1
2021-11-18,34,12,22
2021-11-18,39,14,25
2021-11-18,45,17,28
2021-11-18,23,10,13
2021-11-18,17,7,10
2021-11-18,20,10,10
2021-11-18,14,4,10
2021-11-18,22,11,11
2021-11-18,21,16,5
2021-11-18,29,21,8
2021-11-18,37,27,10
2021-11-18,43,22,21
2021-11-18,22,14,8
2021-11-18,7,2,5
2021-11-18,8,5,3
2021-11-18,2,1,1
2021-11-18,1,0,1
2021-11-18,1,0,1
2021-11-19,1,1,0
2021-11-19,1,0,1
2021-11-19,0,0,0
2021-11-19,0,0,0
2021-11-19,0,0,0
2021-11-19,7,2,5
2021-11-19,17,8,9
2021-11-19,28,10,18
2021-11-19,28,9,19
2021-11-19,22,8,14
2021-11-19,11,5,6
2021-11-19,10,7,3
2021-11-19,21,11,10
2021-11-19,17,12,5
2021-11-19,46,33,13
2021-11-19,38,22,16
2021-11-19,51,32,19
2021-11-19,47,31,16
2021-11-19,24,12,12
2021-11-19,9,4,5
2021-11-19,10,3,7
2021-11-19,7,5,2
2021-11-19,18,16,2
2021-11-19,9,5,4
2021-11-20,2,1,1
2021-11-20,2,1,1
2021-11-20,1,1,0
2021-11-20,1,0,1
2021-11-20,0,0,0
2021-11-20,4,2,2
2021-11-20,4,4,0
2021-11-20,9,3,6
2021-11-20,6,3,3
2021-11-20,18,13,5
2021-11-20,24,19,5
2021-11-20,25,13,12
2021-11-20,41,19,22
2021-11-20,42,35,7
2021-11-20,38,18,20
2021-11-20,41,22,19
2021-11-20,20,3,17
2021-11-20,23,14,9
2021-11-20,18,12,6
2021-11-20,12,7,5
2021-11-20,13,9,4
2021-11-20,6,3,3
2021-11-20,8,4,4
2021-11-20,10,4,6
2021-11-21,3,1,2
2021-11-21,4,2,2
2021-11-21,1,0,1
2021-11-21,2,2,0
2021-11-21,2,1,1
2021-11-21,2,2,0
2021-11-21,3,3,0
2021-11-21,9,3,6
2021-11-21,8,5,3
2021-11-21,21,12,9
2021-11-21,30,23,7
2021-11-21,54,48,6
2021-11-21,86,76,10
2021-11-21,59,44,15
2021-11-21,22,13,9
2021-11-21,29,18,11
2021-11-21,123,14,109
2021-11-21,41,10,31
2021-11-21,13,6,7
2021-11-21,4,3,1
2021-11-21,8,5,3
2021-11-21,15,12,3
2021-11-21,5,3,2
2021-11-21,3,2,1
2021-11-22,3,2,1
2021-11-22,1,0,1
2021-11-22,1,0,1
2021-11-22,0,0,0
2021-11-22,2,2,0
2021-11-22,8,1,7
2021-11-22,23,9,14
2021-11-22,32,10,22
2021-11-22,27,11,16
2021-11-22,19,7,12
2021-11-22,9,4,5
2021-11-22,18,11,7
2021-11-22,18,9,9
2021-11-22,15,7,8
2021-11-22,16,10,6
2021-11-22,24,19,5
2021-11-22,27,22,5
2021-11-22,42,29,13
2021-11-22,20,14,6
2021-11-22,5,3,2
2021-11-22,4,2,2
2021-11-22,5,4,1
2021-11-22,1,0,1
2021-11-22,1,1,0
2021-11-23,0,0,0
2021-11-23,4,3,1
2021-11-23,1,1,0
2021-11-23,0,0,0
2021-11-23,1,1,0
2021-11-23,10,3,7
2021-11-23,14,4,10
2021-11-23,23,7,16
2021-11-23,38,10,28
2021-11-23,16,6,10
2021-11-23,14,5,9
2021-11-23,20,15,5
2021-11-23,19,12,7
2021-11-23,15,8,7
2021-11-23,29,23,6
2021-11-23,27,18,9
2021-11-23,58,35,23
2021-11-23,62,44,18
2021-11-23,44,29,15
2021-11-23,29,27,2
2021-11-23,9,5,4
2021-11-23,6,2,4
2021-11-23,55,4,51
2021-11-23,16,6,10
2021-11-24,5,3,2
2021-11-24,1,0,1
2021-11-24,1,1,0
2021-11-24,0,0,0
2021-11-24,2,2,0
2021-11-24,11,3,8
2021-11-24,15,7,8
2021-11-24,13,5,8
2021-11-24,24,7,17
2021-11-24,33,26,7
2021-11-24,14,5,9
2021-11-24,34,18,16
2021-11-24,22,12,10
2021-11-24,26,16,10
2021-11-24,30,21,9
2021-11-24,26,16,10
2021-11-24,46,35,11
2021-11-24,34,25,9
2021-11-24,9,5,4
2021-11-24,11,5,6
2021-11-24,7,3,4
2021-11-24,5,3,2
2021-11-24,9,8,1
2021-11-24,2,1,1
2021-11-25,1,1,0
2021-11-25,2,1,1
2021-11-25,0,0,0
2021-11-25,1,1,0
2021-11-25,1,1,0
2021-11-25,1,0,1
2021-11-25,2,0,2
2021-11-25,3,1,2
2021-11-25,2,1,1
2021-11-25,9,7,2
2021-11-25,6,4,2
2021-11-25,6,3,3
2021-11-25,4,4,0
2021-11-25,11,4,7
2021-11-25,7,4,3
2021-11-25,8,5,3
2021-11-25,4,2,2
2021-11-25,1,1,0
2021-11-25,2,2,0
2021-11-25,2,1,1
2021-11-25,3,0,3
2021-11-25,1,0,1
2021-11-25,2,1,1
2021-11-25,0,0,0
2021-11-26,2,2,0
2021-11-26,1,0,1
2021-11-26,0,0,0
2021-11-26,0,0,0
2021-11-26,0,0,0
2021-11-26,3,2,1
2021-11-26,7,2,5
2021-11-26,11,2,9
2021-11-26,5,3,2
2021-11-26,7,0,7
2021-11-26,5,4,1
2021-11-26,12,9,3
2021-11-26,15,8,7
2021-11-26,29,19,10
2021-11-26,19,11,8
2021-11-26,19,7,12
2021-11-26,19,10,9
2021-11-26,12,8,4
2021-11-26,15,9,6
2021-11-26,19,16,3
2021-11-26,16,8,8
2021-11-26,3,2,1
2021-11-26,13,12,1
2021-11-26,12,7,5
2021-11-27,4,2,2
2021-11-27,0,0,0
2021-11-27,3,1,2
2021-11-27,1,0,1
2021-11-27,1,1,0
2021-11-27,3,2,1
2021-11-27,3,1,2
2021-11-27,7,1,6
2021-11-27,11,2,9
2021-11-27,7,2,5
2021-11-27,7,3,4
2021-11-27,9,4,5
2021-11-27,10,3,7
2021-11-27,10,9,1
2021-11-27,7,6,1
2021-11-27,8,6,2
2021-11-27,6,3,3
2021-11-27,6,4,2
2021-11-27,8,3,5
2021-11-27,6,4,2
2021-11-27,6,5,1
2021-11-27,1,1,0
2021-11-27,4,2,2
2021-11-27,3,2,1
2021-11-28,6,3,3
2021-11-28,3,2,1
2021-11-28,0,0,0
2021-11-28,0,0,0
2021-11-28,0,0,0
2021-11-28,1,1,0
2021-11-28,2,1,1
2021-11-28,4,1,3
2021-11-28,6,5,1
2021-11-28,8,3,5
2021-11-28,2,2,0
2021-11-28,5,1,4
2021-11-28,10,6,4
2021-11-28,13,9,4
2021-11-28,4,1,3
2021-11-28,5,3,2
2021-11-28,13,5,8
2021-11-28,10,6,4
2021-11-28,5,4,1
2021-11-28,6,4,2
2021-11-28,5,2,3
2021-11-28,3,1,2
2021-11-28,4,0,4
2021-11-28,2,0,2
2021-11-29,1,1,0
2021-11-29,1,1,0
2021-11-29,0,0,0
2021-11-29,1,1,0
2021-11-29,1,1,0
2021-11-29,9,2,7
2021-11-29,17,6,11
2021-11-29,36,13,23
2021-11-29,40,14,26
2021-11-29,22,10,12
2021-11-29,13,7,6
2021-11-29,21,11,10
2021-11-29,17,8,9
2021-11-29,25,15,10
2021-11-29,27,18,9
2021-11-29,33,26,7
2021-11-29,50,35,15
2021-11-29,70,48,22
2021-11-29,18,11,7
2021-11-29,11,8,3
2021-11-29,7,3,4
2021-11-29,7,5,2
2021-11-29,3,1,2
2021-11-29,2,0,2
2021-11-30,3,0,3
2021-11-30,0,0,0
2021-11-30,1,0,1
2021-11-30,0,0,0
2021-11-30,2,1,1
2021-11-30,9,1,8
2021-11-30,20,7,13
2021-11-30,37,8,29
2021-11-30,51,24,27
2021-11-30,25,9,16
2021-11-30,14,4,10
2021-11-30,16,7,9
2021-11-30,17,11,6
2021-11-30,24,14,10
2021-11-30,34,20,14
2021-11-30,29,22,7
2021-11-30,49,36,13
2021-11-30,58,34,24
2021-11-30,31,18,13
2021-11-30,16,9,7
2021-11-30,5,5,0
2021-11-30,8,6,2
2021-11-30,3,1,2
2021-11-30,3,0,3
2021-12-01,1,0,1
2021-12-01,0,0,0
2021-12-01,1,1,0
2021-12-01,1,0,1
2021-12-01,2,1,1
2021-12-01,13,4,9
2021-12-01,24,12,12
2021-12-01,37,13,24
2021-12-01,51,21,30
2021-12-01,19,14,5
2021-12-01,21,7,14
2021-12-01,19,9,10
2021-12-01,24,12,12
2021-12-01,18,11,7
2021-12-01,30,16,14
2021-12-01,36,24,12
2021-12-01,58,40,18
2021-12-01,52,28,24
2021-12-01,37,23,14
2021-12-01,14,9,5
2021-12-01,5,2,3
2021-12-01,8,2,6
2021-12-01,7,5,2
2021-12-01,9,4,5
2021-12-02,0,0,0
2021-12-02,3,2,1
2021-12-02,0,0,0
2021-12-02,0,0,0
2021-12-02,1,1,0
2021-12-02,7,2,5
2021-12-02,23,10,13
2021-12-02,40,13,27
2021-12-02,40,13,27
2021-12-02,21,8,13
2021-12-02,13,7,6
2021-12-02,8,3,5
2021-12-02,17,7,10
2021-12-02,20,9,11
2021-12-02,26,22,4
2021-12-02,37,26,11
2021-12-02,43,29,14
2021-12-02,53,29,24
2021-12-02,24,16,8
2021-12-02,16,8,8
2021-12-02,12,4,8
2021-12-02,10,5,5
2021-12-02,10,6,4
2021-12-02,5,3,2
2021-12-03,1,0,1
2021-12-03,2,1,1
2021-12-03,2,1,1
2021-12-03,0,0,0
2021-12-03,1,0,1
2021-12-03,8,5,3
2021-12-03,22,10,12
2021-12-03,27,12,15
2021-12-03,40,14,26
2021-12-03,21,11,10
2021-12-03,18,9,9
2021-12-03,15,7,8
2021-12-03,20,11,9
2021-12-03,20,11,9
2021-12-03,25,16,9
2021-12-03,41,29,12
2021-12-03,64,37,27
2021-12-03,44,22,22
2021-12-03,29,13,16
2021-12-03,17,8,9
2021-12-03,13,3,10
2021-12-03,9,8,1
2021-12-03,13,10,3
2021-12-03,4,4,0
2021-12-04,2,1,1
2021-12-04,2,0,2
2021-12-04,4,2,2
2021-12-04,1,0,1
2021-12-04,0,0,0
2021-12-04,3,1,2
2021-12-04,2,2,0
2021-12-04,4,2,2
2021-12-04,3,1,2
2021-12-04,8,1,7
2021-12-04,11,8,3
2021-12-04,23,17,6
2021-12-04,6,2,4
2021-12-04,5,3,2
2021-12-04,7,4,3
2021-12-04,8,8,0
2021-12-04,14,8,6
2021-12-04,14,5,9
2021-12-04,4,4,0
2021-12-04,1,1,0
2021-12-04,5,1,4
2021-12-04,3,2,1
2021-12-04,2,2,0
2021-12-04,2,1,1
2021-12-05,3,1,2
2021-12-05,1,1,0
2021-12-05,1,0,1
2021-12-05,0,0,0
2021-12-05,3,2,1
2021-12-05,1,1,0
2021-12-05,2,2,0
2021-12-05,6,2,4
2021-12-05,11,9,2
2021-12-05,18,7,11
2021-12-05,17,13,4
2021-12-05,58,50,8
2021-12-05,65,59,6
2021-12-05,59,44,15
2021-12-05,21,11,10
2021-12-05,20,12,8
2021-12-05,56,16,40
2021-12-05,100,18,82
2021-12-05,9,5,4
2021-12-05,11,5,6
2021-12-05,6,5,1
2021-12-05,8,3,5
2021-12-05,7,4,3
2021-12-05,4,4,0
2021-12-06,4,2,2
2021-12-06,0,0,0
2021-12-06,1,1,0
2021-12-06,1,0,1
2021-12-06,1,0,1
2021-12-06,14,4,10
2021-12-06,15,6,9
2021-12-06,26,12,14
2021-12-06,34,13,21
2021-12-06,21,12,9
2021-12-06,13,9,4
2021-12-06,12,6,6
2021-12-06,11,5,6
2021-12-06,11,5,6
2021-12-06,23,15,8
2021-12-06,21,16,5
2021-12-06,43,31,12
2021-12-06,53,33,20
2021-12-06,20,12,8
2021-12-06,5,1,4
2021-12-06,15,11,4
2021-12-06,4,2,2
2021-12-06,1,1,0
2021-12-06,3,1,2
2021-12-07,1,0,1
2021-12-07,1,0,1
2021-12-07,0,0,0
2021-12-07,1,0,1
2021-12-07,2,1,1
2021-12-07,11,4,7
2021-12-07,22,6,16
2021-12-07,35,15,20
2021-12-07,48,23,25
2021-12-07,22,11,11
2021-12-07,13,6,7
2021-12-07,12,3,9
2021-12-07,16,8,8
2021-12-07,16,9,7
2021-12-07,26,16,10
2021-12-07,38,27,11
2021-12-07,52,37,15
2021-12-07,56,29,27
2021-12-07,33,19,14
2021-12-07,12,5,7
2021-12-07,8,4,4
2021-12-07,7,5,2
2021-12-07,9,6,3
2021-12-07,4,2,2
2021-12-08,1,0,1
2021-12-08,1,0,1
2021-12-08,3,1,2
2021-12-08,2,0,2
2021-12-08,0,0,0
2021-12-08,8,3,5
2021-12-08,22,8,14
2021-12-08,39,9,30
2021-12-08,41,20,21
2021-12-08,23,14,9
2021-12-08,17,12,5
2021-12-08,13,5,8
2021-12-08,10,7,3
2021-12-08,21,14,7
2021-12-08,34,22,12
2021-12-08,33,22,11
2021-12-08,43,31,12
2021-12-08,68,41,27
2021-12-08,25,13,12
2021-12-08,12,9,3
2021-12-08,7,5,2
2021-12-08,7,3,4
2021-12-08,5,5,0
2021-12-08,3,1,2
2021-12-09,1,1,0
2021-12-09,1,1,0
2021-12-09,2,2,0
2021-12-09,0,0,0
2021-12-09,1,1,0
2021-12-09,12,5,7
2021-12-09,22,10,12
2021-12-09,36,12,24
2021-12-09,44,17,27
2021-12-09,21,9,12
2021-12-09,18,9,9
2021-12-09,8,6,2
2021-12-09,22,14,8
2021-12-09,21,16,5
2021-12-09,23,16,7
2021-12-09,40,25,15
2021-12-09,52,31,21
2021-12-09,46,32,14
2021-12-09,38,27,11
2021-12-09,10,6,4
2021-12-09,6,4,2
2021-12-09,7,4,3
2021-12-09,12,11,1
2021-12-09,3,2,1
2021-12-10,2,2,0
2021-12-10,6,2,4
2021-12-10,3,3,0
2021-12-10,0,0,0
2021-12-10,2,2,0
2021-12-10,10,6,4
2021-12-10,12,3,9
2021-12-10,31,13,18
2021-12-10,26,7,19
2021-12-10,24,13,11
2021-12-10,19,7,12
2021-12-10,22,12,10
2021-12-10,18,8,10
2021-12-10,14,9,5
2021-12-10,25,16,9
2021-12-10,30,19,11
2021-12-10,28,15,13
2021-12-10,30,13,17
2021-12-10,18,13,5
2021-12-10,9,5,4
2021-12-10,0,0,0
2021-12-10,4,2,2
2021-12-10,2,2,0
2021-12-10,1,1,0
2021-12-11,2,1,1
2021-12-11,1,1,0
2021-12-11,2,2,0
2021-12-11,2,0,2
2021-12-11,0,0,0
2021-12-11,2,1,1
2021-12-11,0,0,0
2021-12-11,1,0,1
2021-12-11,3,1,2
2021-12-11,10,2,8
2021-12-11,7,3,4
2021-12-11,21,9,12
2021-12-11,21,14,7
2021-12-11,21,11,10
2021-12-11,28,21,7
2021-12-11,15,12,3
2021-12-11,14,7,7
2021-12-11,15,9,6
2021-12-11,11,7,4
2021-12-11,12,10,2
2021-12-11,9,5,4
2021-12-11,5,4,1
2021-12-11,11,7,4
2021-12-11,8,3,5
2021-12-12,3,2,1
2021-12-12,3,1,2
2021-12-12,0,0,0
2021-12-12,1,1,0
2021-12-12,0,0,0
2021-12-12,2,2,0
2021-12-12,2,2,0
2021-12-12,2,0,2
2021-12-12,4,3,1
2021-12-12,13,6,7
2021-12-12,2,1,1
2021-12-12,12,6,6
2021-12-12,14,7,7
2021-12-12,10,7,3
2021-12-12,8,3,5
2021-12-12,11,8,3
2021-12-12,1,1,0
2021-12-12,3,1,2
2021-12-12,9,3,6
2021-12-12,9,9,0
2021-12-12,9,6,3
2021-12-12,2,2,0
2021-12-12,2,2,0
2021-12-12,1,1,0
2021-12-13,0,0,0
2021-12-13,0,0,0
2021-12-13,1,1,0
2021-12-13,0,0,0
2021-12-13,1,1,0
2021-12-13,7,2,5
2021-12-13,16,6,10
2021-12-13,30,10,20
2021-12-13,30,10,20
2021-12-13,17,10,7
2021-12-13,13,6,7
2021-12-13,22,11,11
2021-12-13,8,6,2
2021-12-13,17,7,10
2021-12-13,16,11,5
2021-12-13,24,18,6
2021-12-13,24,19,5
2021-12-13,39,26,13
2021-12-13,25,14,11
2021-12-13,6,5,1
2021-12-13,4,3,1
2021-12-13,7,3,4
2021-12-13,2,0,2
2021-12-13,3,0,3
2021-12-14,0,0,0
2021-12-14,0,0,0
2021-12-14,1,1,0
2021-12-14,0,0,0
2021-12-14,2,1,1
2021-12-14,7,2,5
2021-12-14,16,7,9
2021-12-14,34,8,26
2021-12-14,37,13,24
2021-12-14,24,13,11
2021-12-14,12,6,6
2021-12-14,11,7,4
2021-12-14,16,11,5
2021-12-14,9,4,5
2021-12-14,23,13,10
2021-12-14,33,19,14
2021-12-14,34,27,7
2021-12-14,50,30,20
2021-12-14,23,18,5
2021-12-14,11,7,4
2021-12-14,3,1,2
2021-12-14,1,1,0
2021-12-14,5,3,2
2021-12-14,2,0,2
2021-12-15,5,2,3
2021-12-15,0,0,0
2021-12-15,1,0,1
2021-12-15,1,0,1
2021-12-15,2,2,0
2021-12-15,7,1,6
2021-12-15,15,6,9
2021-12-15,34,11,23
2021-12-15,32,19,13
2021-12-15,16,5,11
2021-12-15,10,7,3
2021-12-15,16,6,10
2021-12-15,20,7,13
2021-12-15,13,7,6
2021-12-15,16,9,7
2021-12-15,25,19,6
2021-12-15,30,23,7
2021-12-15,45,27,18
2021-12-15,24,18,6
2021-12-15,15,5,10
2021-12-15,9,7,2
2021-12-15,5,5,0
2021-12-15,4,3,1
2021-12-15,0,0,0
2021-12-16,3,3,0
2021-12-16,0,0,0
2021-12-16,0,0,0
2021-12-16,0,0,0
2021-12-16,1,1,0
2021-12-16,4,2,2
2021-12-16,8,5,3
2021-12-16,32,5,27
2021-12-16,32,12,20
2021-12-16,18,9,9
2021-12-16,13,7,6
2021-12-16,20,9,11
2021-12-16,15,10,5
2021-12-16,17,10,7
2021-12-16,19,11,8
2021-12-16,23,15,8
2021-12-16,36,25,11
2021-12-16,38,27,11
2021-12-16,24,13,11
2021-12-16,12,5,7
2021-12-16,8,5,3
2021-12-16,17,11,6
2021-12-16,5,4,1
2021-12-16,1,1,0
2021-12-17,1,1,0
2021-12-17,0,0,0
2021-12-17,1,1,0
2021-12-17,2,2,0
2021-12-17,1,1,0
2021-12-17,9,5,4
2021-12-17,12,3,9
2021-12-17,29,7,22
2021-12-17,33,17,16
2021-12-17,17,5,12
2021-12-17,17,9,8
2021-12-17,16,5,11
2021-12-17,13,5,8
2021-12-17,26,14,12
2021-12-17,49,32,17
2021-12-17,32,21,11
2021-12-17,52,33,19
2021-12-17,38,20,18
2021-12-17,16,9,7
2021-12-17,6,3,3
2021-12-17,4,2,2
2021-12-17,3,2,1
2021-12-17,4,3,1
2021-12-17,2,2,0
2021-12-18,8,6,2
2021-12-18,0,0,0
2021-12-18,2,0,2
2021-12-18,1,0,1
2021-12-18,0,0,0
2021-12-18,1,0,1
2021-12-18,0,0,0
2021-12-18,4,2,2
2021-12-18,4,1,3
2021-12-18,5,3,2
2021-12-18,7,4,3
2021-12-18,5,0,5
2021-12-18,9,4,5
2021-12-18,3,1,2
2021-12-18,8,6,2
2021-12-18,10,7,3
2021-12-18,5,3,2
2021-12-18,2,0,2
2021-12-18,3,3,0
2021-12-18,4,3,1
2021-12-18,8,2,6
2021-12-18,6,4,2
2021-12-18,11,9,2
2021-12-18,6,4,2
2021-12-19,1,0,1
2021-12-19,2,2,0
2021-12-19,3,1,2
2021-12-19,2,2,0
2021-12-19,0,0,0
2021-12-19,0,0,0
2021-12-19,0,0,0
2021-12-19,5,2,3
2021-12-19,5,3,2
2021-12-19,16,7,9
2021-12-19,14,10,4
2021-12-19,13,5,8
2021-12-19,12,5,7
2021-12-19,25,15,10
2021-12-19,19,10,9
2021-12-19,21,12,9
2021-12-19,16,8,8
2021-12-19,14,6,8
2021-12-19,9,7,2
2021-12-19,3,1,2
2021-12-19,5,4,1
2021-12-19,3,3,0
2021-12-19,7,4,3
2021-12-19,3,3,0
2021-12-20,1,1,0
2021-12-20,2,1,1
2021-12-20,0,0,0
2021-12-20,0,0,0
2021-12-20,1,1,0
2021-12-20,3,3,0
2021-12-20,16,7,9
2021-12-20,27,9,18
2021-12-20,30,12,18
2021-12-20,17,9,8
2021-12-20,7,4,3
2021-12-20,11,4,7
2021-12-20,11,6,5
2021-12-20,16,12,4
2021-12-20,28,18,10
2021-12-20,19,12,7
2021-12-20,26,19,7
2021-12-20,32,18,14
2021-12-20,9,6,3
2021-12-20,8,7,1
2021-12-20,11,5,6
2021-12-20,6,2,4
2021-12-20,0,0,0
2021-12-20,3,2,1
2021-12-21,1,0,1
2021-12-21,1,0,1
2021-12-21,2,2,0
2021-12-21,0,0,0
2021-12-21,2,2,0
2021-12-21,5,2,3
2021-12-21,12,7,5
2021-12-21,19,4,15
2021-12-21,19,6,13
2021-12-21,16,5,11
2021-12-21,13,7,6
2021-12-21,15,5,10
2021-12-21,9,5,4
2021-12-21,11,10,1
2021-12-21,19,11,8
2021-12-21,30,21,9
2021-12-21,30,19,11
2021-12-21,26,17,9
2021-12-21,16,11,5
2021-12-21,6,4,2
2021-12-21,8,5,3
2021-12-21,2,1,1
2021-12-21,3,3,0
2021-12-21,1,0,1
2021-12-22,2,0,2
2021-12-22,0,0,0
2021-12-22,0,0,0
2021-12-22,1,1,0
2021-12-22,2,2,0
2021-12-22,5,3,2
2021-12-22,8,3,5
2021-12-22,11,2,9
2021-12-22,19,4,15
2021-12-22,12,3,9
2021-12-22,5,3,2
2021-12-22,23,12,11
2021-12-22,19,10,9
2021-12-22,18,15,3
2021-12-22,19,10,9
2021-12-22,10,8,2
2021-12-22,15,11,4
2021-12-22,14,12,2
2021-12-22,9,3,6
2021-12-22,6,4,2
2021-12-22,6,1,5
2021-12-22,2,2,0
2021-12-22,5,3,2
2021-12-22,1,1,0
2021-12-23,4,3,1
2021-12-23,2,0,2
2021-12-23,0,0,0
2021-12-23,1,1,0
2021-12-23,0,0,0
2021-12-23,2,1,1
2021-12-23,10,2,8
2021-12-23,12,3,9
2021-12-23,11,5,6
2021-12-23,4,3,1
2021-12-23,9,6,3
2021-12-23,11,8,3
2021-12-23,16,8,8
2021-12-23,11,8,3
2021-12-23,22,15,7
2021-12-23,14,12,2
2021-12-23,20,13,7
2021-12-23,17,11,6
2021-12-23,12,7,5
2021-12-23,8,5,3
2021-12-23,2,0,2
2021-12-23,9,4,5
2021-12-23,4,3,1
2021-12-23,4,3,1
2021-12-24,2,2,0
2021-12-24,4,1,3
2021-12-24,1,1,0
2021-12-24,0,0,0
2021-12-24,0,0,0
2021-12-24,3,3,0
2021-12-24,2,1,1
2021-12-24,6,2,4
2021-12-24,1,1,0
2021-12-24,6,4,2
2021-12-24,9,5,4
2021-12-24,8,5,3
2021-12-24,13,11,2
2021-12-24,4,2,2
2021-12-24,13,6,7
2021-12-24,6,4,2
2021-12-24,10,8,2
2021-12-24,10,7,3
2021-12-24,1,0,1
2021-12-24,4,3,1
2021-12-24,2,1,1
2021-12-24,2,1,1
2021-12-24,2,2,0
2021-12-24,2,2,0
2021-12-25,3,2,1
2021-12-25,0,0,0
2021-12-25,2,2,0
2021-12-25,0,0,0
2021-12-25,0,0,0
2021-12-25,1,1,0
2021-12-25,0,0,0
2021-12-25,0,0,0
2021-12-25,2,0,2
2021-12-25,3,2,1
2021-12-25,4,3,1
2021-12-25,7,2,5
2021-12-25,4,1,3
2021-12-25,2,1,1
2021-12-25,2,1,1
2021-12-25,4,3,1
2021-12-25,2,1,1
2021-12-25,3,2,1
2021-12-25,1,1,0
2021-12-25,1,0,1
2021-12-25,3,2,1
2021-12-25,6,4,2
2021-12-25,1,1,0
2021-12-25,0,0,0
2021-12-26,1,0,1
2021-12-26,1,1,0
2021-12-26,1,1,0
2021-12-26,0,0,0
2021-12-26,0,0,0
2021-12-26,0,0,0
2021-12-26,3,1,2
2021-12-26,0,0,0
2021-12-26,0,0,0
2021-12-26,2,2,0
2021-12-26,0,0,0
2021-12-26,2,0,2
2021-12-26,2,1,1
2021-12-26,1,0,1
2021-12-26,1,1,0
2021-12-26,3,2,1
2021-12-26,5,0,5
2021-12-26,2,0,2
2021-12-26,3,1,2
2021-12-26,0,0,0
2021-12-26,0,0,0
2021-12-26,0,0,0
2021-12-26,1,1,0
2021-12-26,0,0,0
2021-12-27,0,0,0
2021-12-27,0,0,0
2021-12-27,0,0,0
2021-12-27,0,0,0
2021-12-27,0,0,0
2021-12-27,0,0,0
2021-12-27,0,0,0
2021-12-27,0,0,0
2021-12-27,0,0,0
2021-12-27,0,0,0
2021-12-27,1,1,0
2021-12-27,0,0,0
2021-12-27,0,0,0
2021-12-27,2,2,0
2021-12-27,0,0,0
2021-12-27,3,2,1
2021-12-27,3,3,0
2021-12-27,0,0,0
2021-12-27,0,0,0
2021-12-27,1,1,0
2021-12-27,0,0,0
2021-12-27,2,1,1
2021-12-27,0,0,0
2021-12-27,0,0,0
2021-12-28,1,1,0
2021-12-28,0,0,0
2021-12-28,0,0,0
2021-12-28,0,0,0
2021-12-28,0,0,0
2021-12-28,0,0,0
2021-12-28,1,0,1
2021-12-28,0,0,0
2021-12-28,0,0,0
2021-12-28,0,0,0
2021-12-28,1,1,0
2021-12-28,0,0,0
2021-12-28,2,0,2
2021-12-28,0,0,0
2021-12-28,0,0,0
2021-12-28,0,0,0
2021-12-28,1,0,1
2021-12-28,1,0,1
2021-12-28,0,0,0
2021-12-28,2,2,0
2021-12-28,0,0,0
2021-12-28,0,0,0
2021-12-28,0,0,0
2021-12-28,0,0,0
2021-12-29,0,0,0
2021-12-29,0,0,0
2021-12-29,0,0,0
2021-12-29,0,0,0
2021-12-29,0,0,0
2021-12-29,0,0,0
2021-12-29,0,0,0
2021-12-29,0,0,0
2021-12-29,0,0,0
2021-12-29,1,1,0
2021-12-29,0,0,0
2021-12-29,0,0,0
2021-12-29,0,0,0
2021-12-29,0,0,0
2021-12-29,1,0,1
2021-12-29,5,1,4
2021-12-29,0,0,0
2021-12-29,1,0,1
2021-12-29,0,0,0
2021-12-29,0,0,0
2021-12-29,0,0,0
2021-12-29,0,0,0
2021-12-29,0,0,0
2021-12-29,1,1,0
2021-12-30,0,0,0
2021-12-30,1,1,0
2021-12-30,0,0,0
2021-12-30,0,0,0
2021-12-30,0,0,0
2021-12-30,0,0,0
2021-12-30,0,0,0
2021-12-30,0,0,0
2021-12-30,0,0,0
2021-12-30,0,0,0
2021-12-30,0,0,0
2021-12-30,0,0,0
2021-12-30,7,3,4
2021-12-30,0,0,0
2021-12-30,3,1,2
2021-12-30,1,1,0
2021-12-30,3,1,2
2021-12-30,2,2,0
2021-12-30,2,1,1
2021-12-30,0,0,0
2021-12-30,0,0,0
2021-12-30,0,0,0
2021-12-30,2,1,1
2021-12-30,0,0,0
2021-12-31,1,0,1
2021-12-31,0,0,0
2021-12-31,1,1,0
2021-12-31,0,0,0
2021-12-31,0,0,0
2021-12-31,0,0,0
2021-12-31,1,0,1
2021-12-31,2,1,1
2021-12-31,0,0,0
2021-12-31,0,0,0
2021-12-31,1,0,1
2021-12-31,1,0,1
2021-12-31,1,0,1
2021-12-31,2,0,2
2021-12-31,3,1,2
2021-12-31,0,0,0
2021-12-31,2,1,1
2021-12-31,1,0,1
2021-12-31,0,0,0
2021-12-31,5,1,4
2021-12-31,1,0,1
2021-12-31,0,0,0
2021-12-31,0,0,0
2021-12-31,2,1,1
2022-01-01,1,0,1
2022-01-01,0,0,0
2022-01-01,2,1,1
2022-01-01,0,0,0
2022-01-01,0,0,0
2022-01-01,0,0,0
2022-01-01,0,0,0
2022-01-01,0,0,0
2022-01-01,0,0,0
2022-01-01,0,0,0
2022-01-01,0,0,0
2022-01-01,1,0,1
2022-01-01,0,0,0
2022-01-01,3,0,3
2022-01-01,4,1,3
2022-01-01,2,0,2
2022-01-01,0,0,0
2022-01-01,2,0,2
2022-01-01,1,0,1
2022-01-01,2,1,1
2022-01-01,0,0,0
2022-01-01,1,0,1
2022-01-01,1,0,1
2022-01-01,0,0,0
2022-01-02,0,0,0
2022-01-02,1,1,0
2022-01-02,0,0,0
2022-01-02,0,0,0
2022-01-02,0,0,0
2022-01-02,0,0,0
2022-01-02,0,0,0
2022-01-02,1,0,1
2022-01-02,1,1,0
2022-01-02,1,0,1
2022-01-02,4,1,3
2022-01-02,0,0,0
2022-01-02,4,4,0
2022-01-02,1,1,0
2022-01-02,1,1,0
2022-01-02,8,6,2
2022-01-02,8,2,6
2022-01-02,10,6,4
2022-01-02,4,2,2
2022-01-02,2,1,1
2022-01-02,0,0,0
2022-01-02,2,1,1
2022-01-02,0,0,0
2022-01-02,0,0,0
2022-01-03,0,0,0
2022-01-03,0,0,0
2022-01-03,0,0,0
2022-01-03,0,0,0
2022-01-03,0,0,0
2022-01-03,2,0,2
2022-01-03,6,2,4
2022-01-03,9,3,6
2022-01-03,5,0,5
2022-01-03,4,0,4
2022-01-03,5,4,1
2022-01-03,8,3,5
2022-01-03,9,3,6
2022-01-03,3,2,1
2022-01-03,16,12,4
2022-01-03,19,15,4
2022-01-03,7,4,3
2022-01-03,3,2,1
2022-01-03,0,0,0
2022-01-03,2,1,1
2022-01-03,2,2,0
2022-01-03,1,1,0
2022-01-03,3,3,0
2022-01-03,0,0,0
2022-01-04,0,0,0
2022-01-04,0,0,0
2022-01-04,0,0,0
2022-01-04,0,0,0
2022-01-04,1,1,0
2022-01-04,11,3,8
2022-01-04,10,3,7
2022-01-04,11,4,7
2022-01-04,11,4,7
2022-01-04,10,7,3
2022-01-04,8,8,0
2022-01-04,9,7,2
2022-01-04,17,5,12
2022-01-04,10,6,4
2022-01-04,12,10,2
2022-01-04,10,5,5
2022-01-04,18,8,10
2022-01-04,10,6,4
2022-01-04,10,9,1
2022-01-04,3,2,1
2022-01-04,6,3,3
2022-01-04,2,2,0
2022-01-04,3,3,0
2022-01-04,2,2,0
2022-01-05,0,0,0
2022-01-05,0,0,0
2022-01-05,0,0,0
2022-01-05,1,0,1
2022-01-05,2,2,0
2022-01-05,5,2,3
2022-01-05,10,3,7
2022-01-05,11,4,7
2022-01-05,15,6,9
2022-01-05,7,4,3
2022-01-05,11,1,10
2022-01-05,14,7,7
2022-01-05,7,3,4
2022-01-05,11,7,4
2022-01-05,11,9,2
2022-01-05,19,16,3
2022-01-05,14,6,8
2022-01-05,16,9,7
2022-01-05,6,3,3
2022-01-05,8,6,2
2022-01-05,5,3,2
2022-01-05,2,0,2
2022-01-05,2,2,0
2022-01-05,2,0,2
2022-01-06,0,0,0
2022-01-06,0,0,0
2022-01-06,2,1,1
2022-01-06,1,1,0
2022-01-06,2,1,1
2022-01-06,5,2,3
2022-01-06,8,2,6
2022-01-06,16,6,10
2022-01-06,15,5,10
2022-01-06,9,7,2
2022-01-06,5,1,4
2022-01-06,8,5,3
2022-01-06,3,2,1
2022-01-06,7,4,3
2022-01-06,22,14,8
2022-01-06,13,8,5
2022-01-06,15,7,8
2022-01-06,19,11,8
2022-01-06,7,6,1
2022-01-06,5,4,1
2022-01-06,2,1,1
2022-01-06,2,1,1
2022-01-06,2,1,1
2022-01-06,2,1,1
2022-01-07,0,0,0
2022-01-07,0,0,0
2022-01-07,0,0,0
2022-01-07,1,0,1
2022-01-07,0,0,0
2022-01-07,8,4,4
2022-01-07,8,2,6
2022-01-07,22,5,17
2022-01-07,10,3,7
2022-01-07,11,7,4
2022-01-07,9,4,5
2022-01-07,11,7,4
2022-01-07,4,1,3
2022-01-07,8,2,6
2022-01-07,12,7,5
2022-01-07,16,9,7
2022-01-07,17,13,4
2022-01-07,22,13,9
2022-01-07,14,9,5
2022-01-07,6,4,2
2022-01-07,1,0,1
2022-01-07,11,10,1
2022-01-07,1,1,0
2022-01-07,3,1,2
2022-01-08,1,1,0
2022-01-08,1,0,1
2022-01-08,0,0,0
2022-01-08,2,0,2
2022-01-08,0,0,0
2022-01-08,2,0,2
2022-01-08,1,1,0
2022-01-08,4,3,1
2022-01-08,2,2,0
2022-01-08,14,5,9
2022-01-08,14,12,2
2022-01-08,13,5,8
2022-01-08,13,7,6
2022-01-08,22,15,7
2022-01-08,34,22,12
2022-01-08,20,11,9
2022-01-08,33,19,14
2022-01-08,12,5,7
2022-01-08,8,0,8
2022-01-08,16,11,5
2022-01-08,6,3,3
2022-01-08,11,9,2
2022-01-08,1,1,0
2022-01-08,3,3,0
2022-01-09,1,1,0
2022-01-09,4,3,1
2022-01-09,0,0,0
2022-01-09,0,0,0
2022-01-09,0,0,0
2022-01-09,1,1,0
2022-01-09,0,0,0
2022-01-09,6,3,3
2022-01-09,3,3,0
2022-01-09,12,10,2
2022-01-09,11,8,3
2022-01-09,16,7,9
2022-01-09,25,19,6
2022-01-09,36,25,11
2022-01-09,35,12,23
2022-01-09,28,20,8
2022-01-09,30,17,13
2022-01-09,23,6,17
2022-01-09,13,4,9
2022-01-09,3,2,1
2022-01-09,2,1,1
2022-01-09,3,1,2
2022-01-09,1,0,1
2022-01-09,1,0,1
2022-01-10,1,1,0
2022-01-10,1,1,0
2022-01-10,0,0,0
2022-01-10,0,0,0
2022-01-10,3,2,1
2022-01-10,7,3,4
2022-01-10,14,4,10
2022-01-10,23,6,17
2022-01-10,17,7,10
2022-01-10,9,6,3
2022-01-10,1,1,0
2022-01-10,3,1,2
2022-01-10,10,6,4
2022-01-10,17,7,10
2022-01-10,13,8,5
2022-01-10,15,10,5
2022-01-10,22,16,6
2022-01-10,24,13,11
2022-01-10,11,8,3
2022-01-10,10,5,5
2022-01-10,2,0,2
2022-01-10,5,2,3
2022-01-10,2,1,1
2022-01-10,1,1,0
2022-01-11,2,2,0
2022-01-11,0,0,0
2022-01-11,1,0,1
2022-01-11,0,0,0
2022-01-11,2,0,2
2022-01-11,5,1,4
2022-01-11,12,5,7
2022-01-11,20,6,14
2022-01-11,18,8,10
2022-01-11,6,5,1
2022-01-11,8,4,4
2022-01-11,6,3,3
2022-01-11,8,4,4
2022-01-11,7,5,2
2022-01-11,17,9,8
2022-01-11,17,12,5
2022-01-11,21,14,7
2022-01-11,26,15,11
2022-01-11,20,12,8
2022-01-11,5,1,4
2022-01-11,1,1,0
2022-01-11,2,1,1
2022-01-11,3,3,0
2022-01-11,4,1,3
2022-01-12,0,0,0
2022-01-12,7,7,0
2022-01-12,2,2,0
2022-01-12,0,0,0
2022-01-12,0,0,0
2022-01-12,7,2,5
2022-01-12,14,5,9
2022-01-12,23,4,19
2022-01-12,16,6,10
2022-01-12,16,10,6
2022-01-12,9,5,4
2022-01-12,6,3,3
2022-01-12,15,8,7
2022-01-12,19,4,15
2022-01-12,14,11,3
2022-01-12,34,17,17
2022-01-12,44,30,14
2022-01-12,33,20,13
2022-01-12,16,7,9
2022-01-12,7,5,2
2022-01-12,5,2,3
2022-01-12,3,0,3
2022-01-12,9,7,2
2022-01-12,3,2,1
2022-01-13,0,0,0
2022-01-13,4,1,3
2022-01-13,0,0,0
2022-01-13,0,0,0
2022-01-13,0,0,0
2022-01-13,9,3,6
2022-01-13,10,4,6
2022-01-13,15,6,9
2022-01-13,22,8,14
2022-01-13,19,8,11
2022-01-13,14,8,6
2022-01-13,13,6,7
2022-01-13,13,6,7
2022-01-13,19,11,8
2022-01-13,25,16,9
2022-01-13,27,19,8
2022-01-13,35,22,13
2022-01-13,35,22,13
2022-01-13,18,9,9
2022-01-13,7,5,2
2022-01-13,11,4,7
2022-01-13,4,4,0
2022-01-13,6,5,1
2022-01-13,7,4,3
2022-01-14,4,3,1
2022-01-14,2,0,2
2022-01-14,1,0,1
2022-01-14,0,0,0
2022-01-14,1,1,0
2022-01-14,6,2,4
2022-01-14,10,5,5
2022-01-14,26,5,21
2022-01-14,25,14,11
2022-01-14,19,9,10
2022-01-14,12,4,8
2022-01-14,11,10,1
2022-01-14,28,12,16
2022-01-14,22,10,12
2022-01-14,25,18,7
2022-01-14,29,19,10
2022-01-14,45,26,19
2022-01-14,42,24,18
2022-01-14,17,11,6
2022-01-14,15,8,7
2022-01-14,9,5,4
2022-01-14,7,4,3
2022-01-14,9,5,4
2022-01-14,9,2,7
2022-01-15,6,2,4
2022-01-15,1,0,1
2022-01-15,3,2,1
2022-01-15,0,0,0
2022-01-15,1,0,1
2022-01-15,1,0,1
2022-01-15,2,2,0
2022-01-15,4,2,2
2022-01-15,6,3,3
2022-01-15,7,6,1
2022-01-15,14,8,6
2022-01-15,17,9,8
2022-01-15,25,19,6
2022-01-15,36,27,9
2022-01-15,29,14,15
2022-01-15,26,16,10
2022-01-15,35,19,16
2022-01-15,20,9,11
2022-01-15,10,4,6
2022-01-15,9,7,2
2022-01-15,17,11,6
2022-01-15,14,10,4
2022-01-15,8,6,2
2022-01-15,10,7,3
2022-01-16,6,3,3
2022-01-16,3,3,0
2022-01-16,0,0,0
2022-01-16,2,0,2
2022-01-16,0,0,0
2022-01-16,1,1,0
2022-01-16,0,0,0
2022-01-16,9,3,6
2022-01-16,6,3,3
2022-01-16,9,8,1
2022-01-16,11,6,5
2022-01-16,18,7,11
2022-01-16,15,10,5
2022-01-16,18,12,6
2022-01-16,21,13,8
2022-01-16,24,15,9
2022-01-16,30,19,11
2022-01-16,18,8,10
2022-01-16,7,4,3
2022-01-16,10,7,3
2022-01-16,4,2,2
2022-01-16,2,2,0
2022-01-16,4,2,2
2022-01-16,8,6,2
2022-01-17,2,1,1
2022-01-17,5,1,4
2022-01-17,0,0,0
2022-01-17,0,0,0
2022-01-17,0,0,0
2022-01-17,3,3,0
2022-01-17,12,5,7
2022-01-17,17,8,9
2022-01-17,6,1,5
2022-01-17,7,4,3
2022-01-17,8,4,4
2022-01-17,21,13,8
2022-01-17,16,10,6
2022-01-17,14,9,5
2022-01-17,26,15,11
2022-01-17,37,26,11
2022-01-17,33,15,18
2022-01-17,30,16,14
2022-01-17,12,3,9
2022-01-17,5,3,2
2022-01-17,7,6,1
2022-01-17,6,3,3
2022-01-17,3,1,2
2022-01-17,5,2,3
2022-01-18,0,0,0
2022-01-18,1,1,0
2022-01-18,0,0,0
2022-01-18,1,0,1
2022-01-18,1,0,1
2022-01-18,6,2,4
2022-01-18,14,4,10
2022-01-18,22,5,17
2022-01-18,23,11,12
2022-01-18,16,7,9
2022-01-18,11,5,6
2022-01-18,9,5,4
2022-01-18,16,10,6
2022-01-18,19,10,9
2022-01-18,14,9,5
2022-01-18,29,19,10
2022-01-18,41,28,13
2022-01-18,36,19,17
2022-01-18,14,10,4
2022-01-18,13,8,5
2022-01-18,3,1,2
2022-01-18,6,1,5
2022-01-18,1,1,0
2022-01-18,1,1,0
2022-01-19,0,0,0
2022-01-19,0,0,0
2022-01-19,5,3,2
2022-01-19,2,1,1
2022-01-19,0,0,0
2022-01-19,9,3,6
2022-01-19,13,4,9
2022-01-19,24,8,16
2022-01-19,34,10,24
2022-01-19,18,10,8
2022-01-19,10,4,6
2022-01-19,11,7,4
2022-01-19,13,4,9
2022-01-19,18,10,8
2022-01-19,28,13,15
2022-01-19,25,16,9
2022-01-19,39,25,14
2022-01-19,40,20,20
2022-01-19,16,11,5
2022-01-19,13,8,5
2022-01-19,9,4,5
2022-01-19,6,2,4
2022-01-19,2,2,0
2022-01-19,1,0,1
2022-01-20,3,3,0
2022-01-20,1,0,1
2022-01-20,0,0,0
2022-01-20,0,0,0
2022-01-20,0,0,0
2022-01-20,10,3,7
2022-01-20,10,4,6
2022-01-20,24,9,15
2022-01-20,15,6,9
2022-01-20,12,6,6
2022-01-20,16,6,10
2022-01-20,11,7,4
2022-01-20,15,6,9
2022-01-20,16,9,7
2022-01-20,15,9,6
2022-01-20,26,15,11
2022-01-20,25,18,7
2022-01-20,30,13,17
2022-01-20,18,13,5
2022-01-20,8,4,4
2022-01-20,8,5,3
2022-01-20,4,4,0
2022-01-20,3,1,2
2022-01-20,3,1,2
2022-01-21,2,1,1
2022-01-21,2,1,1
2022-01-21,1,1,0
2022-01-21,0,0,0
2022-01-21,3,2,1
2022-01-21,13,7,6
2022-01-21,12,3,9
2022-01-21,28,8,20
2022-01-21,26,9,17
2022-01-21,13,8,5
2022-01-21,7,3,4
2022-01-21,17,11,6
2022-01-21,25,10,15
2022-01-21,22,16,6
2022-01-21,27,14,13
2022-01-21,27,17,10
2022-01-21,53,27,26
2022-01-21,31,20,11
2022-01-21,19,12,7
2022-01-21,7,5,2
2022-01-21,15,4,11
2022-01-21,7,5,2
2022-01-21,15,14,1
2022-01-21,12,3,9
2022-01-22,6,5,1
2022-01-22,2,1,1
2022-01-22,2,2,0
2022-01-22,1,0,1
2022-01-22,1,1,0
2022-01-22,3,2,1
2022-01-22,1,1,0
2022-01-22,5,3,2
2022-01-22,6,5,1
2022-01-22,20,9,11
2022-01-22,18,7,11
2022-01-22,20,18,2
2022-01-22,26,16,10
2022-01-22,24,11,13
2022-01-22,39,25,14
2022-01-22,36,15,21
2022-01-22,25,12,13
2022-01-22,22,9,13
2022-01-22,15,11,4
2022-01-22,10,4,6
2022-01-22,11,4,7
2022-01-22,5,2,3
2022-01-22,4,3,1
2022-01-22,4,2,2
2022-01-23,3,3,0
2022-01-23,0,0,0
2022-01-23,1,0,1
2022-01-23,2,1,1
2022-01-23,3,0,3
2022-01-23,1,1,0
2022-01-23,1,1,0
2022-01-23,5,2,3
2022-01-23,4,4,0
2022-01-23,9,5,4
2022-01-23,11,9,2
2022-01-23,23,11,12
2022-01-23,14,8,6
2022-01-23,20,9,11
2022-01-23,10,5,5
2022-01-23,27,13,14
2022-01-23,19,13,6
2022-01-23,12,6,6
2022-01-23,16,5,11
2022-01-23,2,0,2
2022-01-23,4,3,1
2022-01-23,6,4,2
2022-01-23,9,7,2
2022-01-23,2,1,1
2022-01-24,2,1,1
2022-01-24,2,1,1
2022-01-24,1,1,0
2022-01-24,0,0,0
2022-01-24,1,0,1
2022-01-24,7,4,3
2022-01-24,15,6,9
2022-01-24,27,9,18
2022-01-24,30,12,18
2022-01-24,20,10,10
2022-01-24,9,5,4
2022-01-24,10,6,4
2022-01-24,13,8,5
2022-01-24,8,5,3
2022-01-24,26,16,10
2022-01-24,31,25,6
2022-01-24,26,19,7
2022-01-24,37,22,15
2022-01-24,16,9,7
2022-01-24,11,6,5
2022-01-24,5,4,1
2022-01-24,6,2,4
2022-01-24,5,4,1
2022-01-24,1,1,0
2022-01-25,3,2,1
2022-01-25,1,0,1
2022-01-25,3,1,2
2022-01-25,1,1,0
2022-01-25,1,1,0
2022-01-25,8,2,6
2022-01-25,20,9,11
2022-01-25,28,9,19
2022-01-25,16,7,9
2022-01-25,22,12,10
2022-01-25,5,1,4
2022-01-25,12,7,5
2022-01-25,21,10,11
2022-01-25,21,14,7
2022-01-25,36,27,9
2022-01-25,27,21,6
2022-01-25,42,25,17
2022-01-25,42,29,13
2022-01-25,25,11,14
2022-01-25,8,6,2
2022-01-25,9,4,5
2022-01-25,13,8,5
2022-01-25,5,4,1
2022-01-25,2,1,1
2022-01-26,2,0,2
2022-01-26,2,1,1
2022-01-26,1,1,0
2022-01-26,2,1,1
2022-01-26,3,2,1
2022-01-26,6,2,4
2022-01-26,18,9,9
2022-01-26,26,13,13
2022-01-26,37,14,23
2022-01-26,15,9,6
2022-01-26,17,8,9
2022-01-26,10,7,3
2022-01-26,19,10,9
2022-01-26,18,11,7
2022-01-26,18,15,3
2022-01-26,29,19,10
2022-01-26,29,20,9
2022-01-26,52,31,21
2022-01-26,10,6,4
2022-01-26,17,13,4
2022-01-26,3,2,1
2022-01-26,7,3,4
2022-01-26,8,5,3
2022-01-26,3,2,1
2022-01-27,3,2,1
2022-01-27,2,1,1
2022-01-27,0,0,0
2022-01-27,0,0,0
2022-01-27,2,2,0
2022-01-27,5,2,3
2022-01-27,14,4,10
2022-01-27,27,13,14
2022-01-27,35,18,17
2022-01-27,10,4,6
2022-01-27,13,9,4
2022-01-27,10,8,2
2022-01-27,19,11,8
2022-01-27,25,12,13
2022-01-27,26,19,7
2022-01-27,27,18,9
2022-01-27,49,30,19
2022-01-27,48,33,15
2022-01-27,21,11,10
2022-01-27,9,6,3
2022-01-27,13,7,6
2022-01-27,5,3,2
2022-01-27,8,8,0
2022-01-27,2,0,2
2022-01-28,1,1,0
2022-01-28,1,1,0
2022-01-28,1,0,1
2022-01-28,1,1,0
2022-01-28,2,2,0
2022-01-28,7,3,4
2022-01-28,10,3,7
2022-01-28,27,12,15
2022-01-28,21,10,11
2022-01-28,10,5,5
2022-01-28,12,5,7
2022-01-28,12,6,6
2022-01-28,19,9,10
2022-01-28,18,9,9
2022-01-28,25,19,6
2022-01-28,29,18,11
2022-01-28,39,18,21
2022-01-28,42,23,19
2022-01-28,18,10,8
2022-01-28,19,9,10
2022-01-28,7,2,5
2022-01-28,8,2,6
2022-01-28,6,3,3
2022-01-28,8,7,1
2022-01-29,5,2,3
2022-01-29,1,1,0
2022-01-29,2,1,1
2022-01-29,1,0,1
2022-01-29,2,1,1
2022-01-29,2,1,1
2022-01-29,5,5,0
2022-01-29,5,3,2
2022-01-29,6,3,3
2022-01-29,15,9,6
2022-01-29,22,16,6
2022-01-29,20,10,10
2022-01-29,24,9,15
2022-01-29,28,16,12
2022-01-29,36,20,16
2022-01-29,31,13,18
2022-01-29,22,9,13
2022-01-29,25,12,13
2022-01-29,14,5,9
2022-01-29,18,8,10
2022-01-29,10,4,6
2022-01-29,9,6,3
2022-01-29,6,3,3
2022-01-29,5,5,0
2022-01-30,3,1,2
2022-01-30,4,3,1
2022-01-30,5,2,3
2022-01-30,1,1,0
2022-01-30,1,1,0
2022-01-30,1,1,0
2022-01-30,2,2,0
2022-01-30,2,1,1
2022-01-30,1,1,0
2022-01-30,4,3,1
2022-01-30,9,4,5
2022-01-30,13,7,6
2022-01-30,6,5,1
2022-01-30,12,6,6
2022-01-30,9,2,7
2022-01-30,9,3,6
2022-01-30,11,6,5
2022-01-30,6,3,3
2022-01-30,7,6,1
2022-01-30,4,4,0
2022-01-30,9,6,3
2022-01-30,3,1,2
2022-01-30,3,1,2
2022-01-30,1,0,1
2022-01-31,0,0,0
2022-01-31,1,0,1
2022-01-31,0,0,0
2022-01-31,0,0,0
2022-01-31,1,1,0
2022-01-31,8,3,5
2022-01-31,11,5,6
2022-01-31,30,9,21
2022-01-31,25,14,11
2022-01-31,20,11,9
2022-01-31,11,6,5
2022-01-31,16,6,10
2022-01-31,15,7,8
2022-01-31,5,1,4
2022-01-31,14,9,5
2022-01-31,31,21,10
2022-01-31,42,22,20
2022-01-31,49,33,16
2022-01-31,30,13,17
2022-01-31,8,4,4
2022-01-31,6,5,1
2022-01-31,3,3,0
2022-01-31,5,2,3
2022-01-31,8,6,2
2022-02-01,2,1,1
2022-02-01,1,1,0
2022-02-01,1,0,1
2022-02-01,1,0,1
2022-02-01,2,1,1
2022-02-01,11,3,8
2022-02-01,14,6,8
2022-02-01,31,8,23
2022-02-01,32,13,19
2022-02-01,23,12,11
2022-02-01,15,4,11
2022-02-01,14,6,8
2022-02-01,22,14,8
2022-02-01,16,12,4
2022-02-01,25,13,12
2022-02-01,22,16,6
2022-02-01,33,21,12
2022-02-01,49,31,18
2022-02-01,27,12,15
2022-02-01,5,3,2
2022-02-01,4,3,1
2022-02-01,7,4,3
2022-02-01,6,4,2
2022-02-01,1,0,1
2022-02-02,1,0,1
2022-02-02,0,0,0
2022-02-02,0,0,0
2022-02-02,0,0,0
2022-02-02,1,1,0
2022-02-02,8,2,6
2022-02-02,11,5,6
2022-02-02,24,8,16
2022-02-02,34,14,20
2022-02-02,18,9,9
2022-02-02,13,4,9
2022-02-02,13,7,6
2022-02-02,15,6,9
2022-02-02,26,13,13
2022-02-02,12,7,5
2022-02-02,16,12,4
2022-02-02,40,28,12
2022-02-02,36,23,13
2022-02-02,17,10,7
2022-02-02,4,3,1
2022-02-02,3,2,1
2022-02-02,4,1,3
2022-02-02,5,4,1
2022-02-02,4,3,1
2022-02-03,2,0,2
2022-02-03,2,1,1
2022-02-03,0,0,0
2022-02-03,0,0,0
2022-02-03,2,2,0
2022-02-03,8,4,4
2022-02-03,12,5,7
2022-02-03,27,8,19
2022-02-03,31,14,17
2022-02-03,9,5,4
2022-02-03,14,8,6
2022-02-03,7,3,4
2022-02-03,13,7,6
2022-02-03,19,12,7
2022-02-03,19,11,8
2022-02-03,20,18,2
2022-02-03,40,26,14
2022-02-03,49,27,22
2022-02-03,14,11,3
2022-02-03,21,15,6
2022-02-03,14,9,5
2022-02-03,7,4,3
2022-02-03,6,5,1
2022-02-03,4,3,1
2022-02-04,0,0,0
2022-02-04,1,0,1
2022-02-04,4,3,1
2022-02-04,0,0,0
2022-02-04,1,0,1
2022-02-04,6,3,3
2022-02-04,14,6,8
2022-02-04,27,13,14
2022-02-04,17,8,9
2022-02-04,18,9,9
2022-02-04,11,9,2
2022-02-04,15,10,5
2022-02-04,15,7,8
2022-02-04,24,14,10
2022-02-04,22,17,5
2022-02-04,26,16,10
2022-02-04,48,33,15
2022-02-04,34,23,11
2022-02-04,12,4,8
2022-02-04,11,7,4
2022-02-04,4,3,1
2022-02-04,10,5,5
2022-02-04,0,0,0
2022-02-04,4,3,1
2022-02-05,5,3,2
2022-02-05,1,1,0
2022-02-05,3,2,1
2022-02-05,3,1,2
2022-02-05,1,1,0
2022-02-05,1,0,1
2022-02-05,2,2,0
2022-02-05,7,2,5
2022-02-05,4,4,0
2022-02-05,8,6,2
2022-02-05,10,7,3
2022-02-05,18,10,8
2022-02-05,16,10,6
2022-02-05,24,13,11
2022-02-05,15,7,8
2022-02-05,16,11,5
2022-02-05,19,6,13
2022-02-05,19,6,13
2022-02-05,7,4,3
2022-02-05,22,18,4
2022-02-05,9,3,6
2022-02-05,4,2,2
2022-02-05,7,4,3
2022-02-05,4,3,1
2022-02-06,3,2,1
2022-02-06,1,1,0
2022-02-06,2,2,0
2022-02-06,0,0,0
2022-02-06,1,1,0
2022-02-06,0,0,0
2022-02-06,4,3,1
2022-02-06,7,3,4
2022-02-06,4,3,1
2022-02-06,13,9,4
2022-02-06,21,15,6
2022-02-06,12,6,6
2022-02-06,17,6,11
2022-02-06,23,14,9
2022-02-06,27,18,9
2022-02-06,27,13,14
2022-02-06,34,17,17
2022-02-06,21,10,11
2022-02-06,14,10,4
2022-02-06,2,0,2
2022-02-06,6,2,4
2022-02-06,4,3,1
2022-02-06,1,0,1
2022-02-06,3,2,1
2022-02-07,1,1,0
2022-02-07,2,1,1
2022-02-07,2,2,0
2022-02-07,0,0,0
2022-02-07,1,1,0
2022-02-07,7,2,5
2022-02-07,18,8,10
2022-02-07,31,10,21
2022-02-07,24,11,13
2022-02-07,15,8,7
2022-02-07,16,12,4
2022-02-07,6,3,3
2022-02-07,20,13,7
2022-02-07,3,2,1
2022-02-07,9,6,3
2022-02-07,32,18,14
2022-02-07,45,32,13
2022-02-07,55,34,21
2022-02-07,19,4,15
2022-02-07,11,7,4
2022-02-07,4,3,1
2022-02-07,1,0,1
2022-02-07,7,2,5
2022-02-07,5,3,2
2022-02-08,1,1,0
2022-02-08,1,1,0
2022-02-08,2,2,0
2022-02-08,0,0,0
2022-02-08,3,1,2
2022-02-08,8,6,2
2022-02-08,20,10,10
2022-02-08,35,8,27
2022-02-08,25,12,13
2022-02-08,17,11,6
2022-02-08,16,6,10
2022-02-08,19,10,9
2022-02-08,17,11,6
2022-02-08,19,11,8
2022-02-08,21,15,6
2022-02-08,30,23,7
2022-02-08,50,32,18
2022-02-08,51,34,17
2022-02-08,34,17,17
2022-02-08,7,3,4
2022-02-08,2,1,1
2022-02-08,8,5,3
2022-02-08,5,2,3
2022-02-08,1,1,0
2022-02-09,1,1,0
2022-02-09,2,0,2
2022-02-09,1,0,1
2022-02-09,1,0,1
2022-02-09,3,3,0
2022-02-09,10,3,7
2022-02-09,20,9,11
2022-02-09,26,9,17
2022-02-09,39,13,26
2022-02-09,21,12,9
2022-02-09,23,15,8
2022-02-09,18,7,11
2022-02-09,21,7,14
2022-02-09,22,16,6
2022-02-09,17,12,5
2022-02-09,48,35,13
2022-02-09,60,38,22
2022-02-09,60,31,29
2022-02-09,22,8,14
2022-02-09,15,8,7
2022-02-09,7,2,5
2022-02-09,15,8,7
2022-02-09,15,11,4
2022-02-09,9,7,2
2022-02-10,3,2,1
2022-02-10,0,0,0
2022-02-10,0,0,0
2022-02-10,2,2,0
2022-02-10,4,4,0
2022-02-10,9,3,6
2022-02-10,14,6,8
2022-02-10,43,14,29
2022-02-10,32,15,17
2022-02-10,14,9,5
2022-02-10,11,5,6
2022-02-10,19,12,7
2022-02-10,27,14,13
2022-02-10,20,12,8
2022-02-10,18,12,6
2022-02-10,37,27,10
2022-02-10,50,32,18
2022-02-10,49,29,20
2022-02-10,28,17,11
2022-02-10,16,5,11
2022-02-10,9,7,2
2022-02-10,9,7,2
2022-02-10,5,3,2
2022-02-10,6,2,4
2022-02-11,1,0,1
2022-02-11,2,1,1
2022-02-11,3,1,2
2022-02-11,0,0,0
2022-02-11,4,4,0
2022-02-11,7,1,6
2022-02-11,15,6,9
2022-02-11,29,11,18
2022-02-11,31,19,12
2022-02-11,23,12,11
2022-02-11,10,6,4
2022-02-11,12,6,6
2022-02-11,20,8,12
2022-02-11,28,14,14
2022-02-11,31,19,12
2022-02-11,39,19,20
2022-02-11,46,31,15
2022-02-11,47,26,21
2022-02-11,21,16,5
2022-02-11,12,3,9
2022-02-11,10,5,5
2022-02-11,7,3,4
2022-02-11,3,2,1
2022-02-11,2,2,0
2022-02-12,3,2,1
2022-02-12,4,3,1
2022-02-12,1,1,0
2022-02-12,1,0,1
2022-02-12,1,0,1
2022-02-12,1,0,1
2022-02-12,0,0,0
2022-02-12,3,2,1
2022-02-12,8,7,1
2022-02-12,18,12,6
2022-02-12,19,10,9
2022-02-12,35,20,15
2022-02-12,34,14,20
2022-02-12,27,19,8
2022-02-12,37,25,12
2022-02-12,64,27,37
2022-02-12,49,18,31
2022-02-12,31,18,13
2022-02-12,22,10,12
2022-02-12,12,3,9
2022-02-12,6,3,3
2022-02-12,4,3,1
2022-02-12,2,1,1
2022-02-12,7,4,3
2022-02-13,4,3,1
2022-02-13,0,0,0
2022-02-13,2,1,1
2022-02-13,0,0,0
2022-02-13,0,0,0
2022-02-13,1,1,0
2022-02-13,1,1,0
2022-02-13,4,3,1
2022-02-13,6,5,1
2022-02-13,16,10,6
2022-02-13,15,10,5
2022-02-13,25,13,12
2022-02-13,27,17,10
2022-02-13,32,20,12
2022-02-13,33,15,18
2022-02-13,21,6,15
2022-02-13,31,19,12
2022-02-13,24,12,12
2022-02-13,13,7,6
2022-02-13,14,7,7
2022-02-13,5,1,4
2022-02-13,9,6,3
2022-02-13,5,3,2
2022-02-13,4,2,2
2022-02-14,4,1,3
2022-02-14,1,0,1
2022-02-14,2,2,0
2022-02-14,1,1,0
2022-02-14,0,0,0
2022-02-14,7,1,6
2022-02-14,19,7,12
2022-02-14,24,5,19
2022-02-14,24,8,16
2022-02-14,16,11,5
2022-02-14,5,3,2
2022-02-14,9,5,4
2022-02-14,13,8,5
2022-02-14,11,3,8
2022-02-14,14,8,6
2022-02-14,21,12,9
2022-02-14,40,27,13
2022-02-14,35,27,8
2022-02-14,19,11,8
2022-02-14,11,4,7
2022-02-14,12,3,9
2022-02-14,3,2,1
2022-02-14,3,1,2
2022-02-14,7,4,3
2022-02-15,6,2,4
2022-02-15,1,1,0
2022-02-15,0,0,0
2022-02-15,0,0,0
2022-02-15,1,0,1
2022-02-15,11,2,9
2022-02-15,17,7,10
2022-02-15,34,10,24
2022-02-15,34,14,20
2022-02-15,27,14,13
2022-02-15,13,6,7
2022-02-15,15,8,7
2022-02-15,11,4,7
2022-02-15,16,11,5
2022-02-15,36,23,13
2022-02-15,26,17,9
2022-02-15,58,41,17
2022-02-15,51,35,16
2022-02-15,26,13,13
2022-02-15,12,6,6
2022-02-15,1,1,0
2022-02-15,6,2,4
2022-02-15,2,1,1
2022-02-15,2,1,1
2022-02-16,0,0,0
2022-02-16,2,2,0
2022-02-16,1,1,0
2022-02-16,1,1,0
2022-02-16,0,0,0
2022-02-16,9,1,8
2022-02-16,20,7,13
2022-02-16,37,18,19
2022-02-16,41,16,25
2022-02-16,28,13,15
2022-02-16,13,7,6
2022-02-16,15,10,5
2022-02-16,17,8,9
2022-02-16,17,11,6
2022-02-16,23,14,9
2022-02-16,33,18,15
2022-02-16,57,37,20
2022-02-16,67,44,23
2022-02-16,38,17,21
2022-02-16,10,6,4
2022-02-16,13,7,6
2022-02-16,2,1,1
2022-02-16,4,2,2
2022-02-16,2,1,1
2022-02-17,1,0,1
2022-02-17,1,1,0
2022-02-17,1,0,1
2022-02-17,0,0,0
2022-02-17,2,1,1
2022-02-17,6,1,5
2022-02-17,23,10,13
2022-02-17,37,15,22
2022-02-17,38,17,21
2022-02-17,29,14,15
2022-02-17,14,5,9
2022-02-17,14,10,4
2022-02-17,22,10,12
2022-02-17,23,15,8
2022-02-17,19,11,8
2022-02-17,26,20,6
2022-02-17,44,35,9
2022-02-17,50,34,16
2022-02-17,23,10,13
2022-02-17,15,11,4
2022-02-17,6,2,4
2022-02-17,8,6,2
2022-02-17,8,6,2
2022-02-17,5,4,1
2022-02-18,5,3,2
2022-02-18,1,1,0
2022-02-18,3,2,1
2022-02-18,0,0,0
2022-02-18,3,2,1
2022-02-18,7,3,4
2022-02-18,20,8,12
2022-02-18,30,12,18
2022-02-18,24,10,14
2022-02-18,15,7,8
2022-02-18,18,9,9
2022-02-18,19,11,8
2022-02-18,27,16,11
2022-02-18,30,15,15
2022-02-18,43,25,18
2022-02-18,27,15,12
2022-02-18,49,30,19
2022-02-18,46,23,23
2022-02-18,20,11,9
2022-02-18,17,9,8
2022-02-18,6,4,2
2022-02-18,10,6,4
2022-02-18,5,4,1
2022-02-18,6,2,4
2022-02-19,5,3,2
2022-02-19,5,1,4
2022-02-19,6,3,3
2022-02-19,2,0,2
2022-02-19,0,0,0
2022-02-19,2,0,2
2022-02-19,1,1,0
2022-02-19,4,3,1
2022-02-19,8,3,5
2022-02-19,9,7,2
2022-02-19,13,8,5
2022-02-19,7,4,3
2022-02-19,18,6,12
2022-02-19,18,11,7
2022-02-19,20,14,6
2022-02-19,23,14,9
2022-02-19,22,16,6
2022-02-19,17,14,3
2022-02-19,9,6,3
2022-02-19,14,9,5
2022-02-19,6,3,3
2022-02-19,11,5,6
2022-02-19,3,3,0
2022-02-19,3,3,0
2022-02-20,2,1,1
2022-02-20,3,3,0
2022-02-20,1,0,1
2022-02-20,0,0,0
2022-02-20,2,2,0
2022-02-20,1,0,1
2022-02-20,3,3,0
2022-02-20,5,2,3
2022-02-20,3,3,0
2022-02-20,3,1,2
2022-02-20,5,1,4
2022-02-20,14,3,11
2022-02-20,21,14,7
2022-02-20,21,12,9
2022-02-20,21,12,9
2022-02-20,26,12,14
2022-02-20,14,8,6
2022-02-20,16,8,8
2022-02-20,15,7,8
2022-02-20,7,5,2
2022-02-20,3,1,2
2022-02-20,1,1,0
2022-02-20,2,2,0
2022-02-20,2,0,2
2022-02-21,2,2,0
2022-02-21,0,0,0
2022-02-21,0,0,0
2022-02-21,0,0,0
2022-02-21,2,1,1
2022-02-21,5,1,4
2022-02-21,5,4,1
2022-02-21,13,2,11
2022-02-21,9,3,6
2022-02-21,11,4,7
2022-02-21,5,3,2
2022-02-21,18,8,10
2022-02-21,15,9,6
2022-02-21,13,8,5
2022-02-21,22,15,7
2022-02-21,26,18,8
2022-02-21,25,10,15
2022-02-21,21,11,10
2022-02-21,11,8,3
2022-02-21,6,3,3
2022-02-21,7,2,5
2022-02-21,4,2,2
2022-02-21,3,2,1
2022-02-21,0,0,0
2022-02-22,1,1,0
2022-02-22,0,0,0
2022-02-22,0,0,0
2022-02-22,1,0,1
2022-02-22,2,1,1
2022-02-22,4,1,3
2022-02-22,15,6,9
2022-02-22,14,3,11
2022-02-22,23,8,15
2022-02-22,16,7,9
2022-02-22,14,8,6
2022-02-22,6,2,4
2022-02-22,8,3,5
2022-02-22,7,6,1
2022-02-22,19,14,5
2022-02-22,12,10,2
2022-02-22,30,20,10
2022-02-22,34,25,9
2022-02-22,13,10,3
2022-02-22,4,2,2
2022-02-22,8,4,4
2022-02-22,8,5,3
2022-02-22,1,1,0
2022-02-22,2,2,0
2022-02-23,1,1,0
2022-02-23,0,0,0
2022-02-23,1,1,0
2022-02-23,1,0,1
2022-02-23,1,1,0
2022-02-23,8,3,5
2022-02-23,12,3,9
2022-02-23,17,5,12
2022-02-23,20,8,12
2022-02-23,14,9,5
2022-02-23,8,4,4
2022-02-23,19,11,8
2022-02-23,25,12,13
2022-02-23,17,13,4
2022-02-23,17,8,9
2022-02-23,24,16,8
2022-02-23,36,25,11
2022-02-23,32,20,12
2022-02-23,16,7,9
2022-02-23,8,3,5
2022-02-23,9,4,5
2022-02-23,4,4,0
2022-02-23,6,1,5
2022-02-23,5,3,2
2022-02-24,0,0,0
2022-02-24,2,1,1
2022-02-24,1,0,1
2022-02-24,3,3,0
2022-02-24,3,2,1
2022-02-24,4,1,3
2022-02-24,12,4,8
2022-02-24,16,4,12
2022-02-24,13,3,10
2022-02-24,10,6,4
2022-02-24,11,8,3
2022-02-24,12,7,5
2022-02-24,15,8,7
2022-02-24,20,12,8
2022-02-24,20,12,8
2022-02-24,26,20,6
2022-02-24,33,22,11
2022-02-24,37,20,17
2022-02-24,29,17,12
2022-02-24,17,13,4
2022-02-24,17,9,8
2022-02-24,23,5,18
2022-02-24,12,9,3
2022-02-24,3,1,2
2022-02-25,6,4,2
2022-02-25,0,0,0
2022-02-25,1,1,0
2022-02-25,2,2,0
2022-02-25,2,1,1
2022-02-25,7,2,5
2022-02-25,11,4,7
2022-02-25,21,9,12
2022-02-25,14,7,7
2022-02-25,14,6,8
2022-02-25,9,7,2
2022-02-25,16,10,6
2022-02-25,13,5,8
2022-02-25,22,12,10
2022-02-25,29,18,11
2022-02-25,32,22,10
2022-02-25,48,29,19
2022-02-25,35,20,15
2022-02-25,18,7,11
2022-02-25,9,4,5
2022-02-25,8,7,1
2022-02-25,4,2,2
2022-02-25,7,2,5
2022-02-25,5,3,2
2022-02-26,3,2,1
2022-02-26,5,1,4
2022-02-26,2,1,1
2022-02-26,2,2,0
2022-02-26,0,0,0
2022-02-26,1,0,1
2022-02-26,3,3,0
2022-02-26,6,2,4
2022-02-26,8,8,0
2022-02-26,9,4,5
2022-02-26,12,3,9
2022-02-26,18,6,12
2022-02-26,23,15,8
2022-02-26,26,17,9
2022-02-26,18,11,7
2022-02-26,17,9,8
2022-02-26,7,5,2
2022-02-26,17,4,13
2022-02-26,7,5,2
2022-02-26,1,1,0
2022-02-26,3,1,2
2022-02-26,4,4,0
2022-02-26,1,1,0
2022-02-26,4,4,0
2022-02-27,1,0,1
2022-02-27,1,1,0
2022-02-27,0,0,0
2022-02-27,0,0,0
2022-02-27,1,0,1
2022-02-27,4,2,2
2022-02-27,2,2,0
2022-02-27,46,44,2
2022-02-27,47,41,6
2022-02-27,5,2,3
2022-02-27,5,4,1
2022-02-27,13,4,9
2022-02-27,19,6,13
2022-02-27,26,4,22
2022-02-27,56,6,50
2022-02-27,21,8,13
2022-02-27,25,21,4
2022-02-27,7,5,2
2022-02-27,8,5,3
2022-02-27,20,2,18
2022-02-27,2,1,1
2022-02-27,1,1,0
2022-02-27,1,1,0
2022-02-27,2,0,2
2022-02-28,2,1,1
2022-02-28,0,0,0
2022-02-28,0,0,0
2022-02-28,2,1,1
2022-02-28,1,1,0
2022-02-28,4,1,3
2022-02-28,13,5,8
2022-02-28,16,5,11
2022-02-28,11,3,8
2022-02-28,15,8,7
2022-02-28,7,4,3
2022-02-28,10,9,1
2022-02-28,21,7,14
2022-02-28,16,4,12
2022-02-28,8,7,1
2022-02-28,12,7,5
2022-02-28,16,14,2
2022-02-28,30,15,15
2022-02-28,12,8,4
2022-02-28,7,3,4
2022-02-28,6,4,2
2022-02-28,4,3,1
2022-02-28,0,0,0
2022-02-28,3,1,2
2022-03-01,9,2,7
2022-03-01,0,0,0
2022-03-01,0,0,0
2022-03-01,2,1,1
2022-03-01,1,0,1
2022-03-01,6,2,4
2022-03-01,11,3,8
2022-03-01,22,9,13
2022-03-01,30,9,21
2022-03-01,25,13,12
2022-03-01,12,3,9
2022-03-01,7,4,3
2022-03-01,12,7,5
2022-03-01,12,7,5
2022-03-01,36,20,16
2022-03-01,33,19,14
2022-03-01,34,25,9
2022-03-01,56,40,16
2022-03-01,15,9,6
2022-03-01,14,6,8
2022-03-01,8,2,6
2022-03-01,9,5,4
2022-03-01,7,7,0
2022-03-01,9,7,2
2022-03-02,2,2,0
2022-03-02,1,1,0
2022-03-02,1,0,1
2022-03-02,0,0,0
2022-03-02,0,0,0
2022-03-02,7,1,6
2022-03-02,15,5,10
2022-03-02,30,9,21
2022-03-02,32,7,25
2022-03-02,20,14,6
2022-03-02,17,10,7
2022-03-02,15,6,9
2022-03-02,19,8,11
2022-03-02,21,15,6
2022-03-02,21,11,10
2022-03-02,15,14,1
2022-03-02,28,20,8
2022-03-02,48,39,9
2022-03-02,20,11,9
2022-03-02,9,3,6
2022-03-02,16,9,7
2022-03-02,11,6,5
2022-03-02,8,6,2
2022-03-02,1,1,0
2022-03-03,7,5,2
2022-03-03,1,0,1
2022-03-03,0,0,0
2022-03-03,0,0,0
2022-03-03,3,2,1
2022-03-03,7,1,6
2022-03-03,14,4,10
2022-03-03,24,11,13
2022-03-03,28,9,19
2022-03-03,18,13,5
2022-03-03,5,3,2
2022-03-03,16,10,6
2022-03-03,10,3,7
2022-03-03,15,10,5
2022-03-03,30,17,13
2022-03-03,41,20,21
2022-03-03,48,31,17
2022-03-03,38,22,16
2022-03-03,38,26,12
2022-03-03,15,10,5
2022-03-03,16,9,7
2022-03-03,12,9,3
2022-03-03,3,3,0
2022-03-03,5,4,1
2022-03-04,2,1,1
2022-03-04,2,0,2
2022-03-04,0,0,0
2022-03-04,0,0,0
2022-03-04,1,1,0
2022-03-04,5,1,4
2022-03-04,15,7,8
2022-03-04,32,11,21
2022-03-04,29,13,16
2022-03-04,21,11,10
2022-03-04,7,6,1
2022-03-04,10,6,4
2022-03-04,23,11,12
2022-03-04,20,13,7
2022-03-04,28,16,12
2022-03-04,26,14,12
2022-03-04,35,24,11
2022-03-04,43,25,18
2022-03-04,26,17,9
2022-03-04,14,5,9
2022-03-04,15,8,7
2022-03-04,9,4,5
2022-03-04,5,2,3
2022-03-04,7,3,4
2022-03-05,0,0,0
2022-03-05,1,1,0
2022-03-05,1,1,0
2022-03-05,3,0,3
2022-03-05,2,2,0
2022-03-05,4,0,4
2022-03-05,2,2,0
2022-03-05,4,2,2
2022-03-05,10,10,0
2022-03-05,14,8,6
2022-03-05,9,6,3
2022-03-05,18,11,7
2022-03-05,26,15,11
2022-03-05,31,19,12
2022-03-05,24,14,10
2022-03-05,30,16,14
2022-03-05,36,20,16
2022-03-05,33,16,17
2022-03-05,22,9,13
2022-03-05,34,12,22
2022-03-05,13,7,6
2022-03-05,11,6,5
2022-03-05,5,4,1
2022-03-05,8,7,1
2022-03-06,5,3,2
2022-03-06,1,1,0
2022-03-06,2,1,1
2022-03-06,0,0,0
2022-03-06,2,1,1
2022-03-06,1,0,1
2022-03-06,4,3,1
2022-03-06,6,3,3
2022-03-06,5,4,1
2022-03-06,7,3,4
2022-03-06,12,3,9
2022-03-06,17,15,2
2022-03-06,9,5,4
2022-03-06,25,16,9
2022-03-06,33,15,18
2022-03-06,19,10,9
2022-03-06,31,18,13
2022-03-06,20,7,13
2022-03-06,15,6,9
2022-03-06,3,1,2
2022-03-06,5,4,1
2022-03-06,4,3,1
2022-03-06,4,3,1
2022-03-06,4,2,2
2022-03-07,3,1,2
2022-03-07,0,0,0
2022-03-07,0,0,0
2022-03-07,1,0,1
2022-03-07,1,1,0
2022-03-07,11,2,9
2022-03-07,15,7,8
2022-03-07,32,11,21
2022-03-07,30,12,18
2022-03-07,19,14,5
2022-03-07,16,9,7
2022-03-07,9,6,3
2022-03-07,15,3,12
2022-03-07,18,10,8
2022-03-07,24,13,11
2022-03-07,27,21,6
2022-03-07,50,33,17
2022-03-07,53,33,20
2022-03-07,18,13,5
2022-03-07,14,5,9
2022-03-07,4,0,4
2022-03-07,4,2,2
2022-03-07,1,1,0
2022-03-07,1,1,0
2022-03-08,4,2,2
2022-03-08,2,0,2
2022-03-08,0,0,0
2022-03-08,2,1,1
2022-03-08,0,0,0
2022-03-08,8,2,6
2022-03-08,15,4,11
2022-03-08,28,4,24
2022-03-08,22,6,16
2022-03-08,38,23,15
2022-03-08,10,5,5
2022-03-08,16,7,9
2022-03-08,9,4,5
2022-03-08,9,5,4
2022-03-08,15,10,5
2022-03-08,33,19,14
2022-03-08,56,37,19
2022-03-08,58,44,14
2022-03-08,39,32,7
2022-03-08,21,17,4
2022-03-08,15,4,11
2022-03-08,42,11,31
2022-03-08,7,2,5
2022-03-08,2,0,2
2022-03-09,1,1,0
2022-03-09,1,1,0
2022-03-09,0,0,0
2022-03-09,0,0,0
2022-03-09,2,2,0
2022-03-09,12,2,10
2022-03-09,22,6,16
2022-03-09,27,10,17
2022-03-09,46,15,31
2022-03-09,32,17,15
2022-03-09,17,6,11
2022-03-09,22,15,7
2022-03-09,18,10,8
2022-03-09,26,16,10
2022-03-09,31,19,12
2022-03-09,50,32,18
2022-03-09,57,43,14
2022-03-09,57,38,19
2022-03-09,43,19,24
2022-03-09,18,8,10
2022-03-09,7,3,4
2022-03-09,4,1,3
2022-03-09,6,5,1
2022-03-09,2,1,1
2022-03-10,4,2,2
2022-03-10,2,2,0
2022-03-10,0,0,0
2022-03-10,0,0,0
2022-03-10,2,2,0
2022-03-10,10,2,8
2022-03-10,15,4,11
2022-03-10,30,11,19
2022-03-10,40,14,26
2022-03-10,32,18,14
2022-03-10,16,9,7
2022-03-10,18,9,9
2022-03-10,20,13,7
2022-03-10,29,16,13
2022-03-10,27,15,12
2022-03-10,33,21,12
2022-03-10,52,41,11
2022-03-10,42,30,12
2022-03-10,31,21,10
2022-03-10,14,10,4
2022-03-10,12,6,6
2022-03-10,10,9,1
2022-03-10,15,5,10
2022-03-10,5,1,4
2022-03-11,6,5,1
2022-03-11,0,0,0
2022-03-11,1,1,0
2022-03-11,0,0,0
2022-03-11,1,1,0
2022-03-11,6,2,4
2022-03-11,18,7,11
2022-03-11,30,8,22
2022-03-11,25,8,17
2022-03-11,25,18,7
2022-03-11,12,4,8
2022-03-11,18,12,6
2022-03-11,14,10,4
2022-03-11,23,15,8
2022-03-11,17,11,6
2022-03-11,50,32,18
2022-03-11,56,32,24
2022-03-11,45,25,20
2022-03-11,36,17,19
2022-03-11,21,11,10
2022-03-11,10,2,8
2022-03-11,11,5,6
2022-03-11,10,4,6
2022-03-11,19,5,14
2022-03-12,3,2,1
2022-03-12,4,2,2
2022-03-12,8,6,2
2022-03-12,2,0,2
2022-03-12,0,0,0
2022-03-12,3,1,2
2022-03-12,1,1,0
2022-03-12,3,1,2
2022-03-12,12,8,4
2022-03-12,18,10,8
2022-03-12,25,10,15
2022-03-12,29,20,9
2022-03-12,70,57,13
2022-03-12,40,17,23
2022-03-12,41,22,19
2022-03-12,76,17,59
2022-03-12,18,6,12
2022-03-12,11,6,5
2022-03-12,13,7,6
2022-03-12,7,3,4
2022-03-12,4,1,3
2022-03-12,4,3,1
2022-03-12,6,3,3
2022-03-12,8,5,3
2022-03-13,2,1,1
2022-03-13,3,3,0
2022-03-13,,,
2022-03-13,3,3,0
2022-03-13,0,0,0
2022-03-13,2,0,2
2022-03-13,0,0,0
2022-03-13,4,2,2
2022-03-13,7,4,3
2022-03-13,11,5,6
2022-03-13,14,6,8
2022-03-13,23,14,9
2022-03-13,26,12,14
2022-03-13,30,17,13
2022-03-13,26,10,16
2022-03-13,16,11,5
2022-03-13,25,12,13
2022-03-13,18,8,10
2022-03-13,14,7,7
2022-03-13,15,7,8
2022-03-13,9,5,4
2022-03-13,9,5,4
2022-03-13,5,3,2
2022-03-13,3,0,3
2022-03-14,4,3,1
2022-03-14,0,0,0
2022-03-14,0,0,0
2022-03-14,0,0,0
2022-03-14,0,0,0
2022-03-14,10,4,6
2022-03-14,7,1,6
2022-03-14,25,5,20
2022-03-14,25,13,12
2022-03-14,19,6,13
2022-03-14,10,8,2
2022-03-14,21,9,12
2022-03-14,13,7,6
2022-03-14,9,4,5
2022-03-14,11,5,6
2022-03-14,22,19,3
2022-03-14,22,17,5
2022-03-14,34,24,10
2022-03-14,15,9,6
2022-03-14,8,3,5
2022-03-14,7,1,6
2022-03-14,4,2,2
2022-03-14,3,2,1
2022-03-14,3,2,1
2022-03-15,1,0,1
2022-03-15,1,0,1
2022-03-15,0,0,0
2022-03-15,2,1,1
2022-03-15,0,0,0
2022-03-15,7,2,5
2022-03-15,14,3,11
2022-03-15,29,10,19
2022-03-15,33,12,21
2022-03-15,25,12,13
2022-03-15,10,5,5
2022-03-15,16,6,10
2022-03-15,23,10,13
2022-03-15,14,6,8
2022-03-15,26,15,11
2022-03-15,40,23,17
2022-03-15,46,33,13
2022-03-15,46,38,8
2022-03-15,40,30,10
2022-03-15,16,9,7
2022-03-15,19,13,6
2022-03-15,11,6,5
2022-03-15,6,1,5
2022-03-15,2,1,1
2022-03-16,,,
2022-03-16,,,
2022-03-16,,,
2022-03-16,,,
2022-03-16,,,
2022-03-16,,,
2022-03-16,,,
2022-03-16,,,
2022-03-16,,,
2022-03-16,,,
2022-03-16,,,
2022-03-16,,,
2022-03-16,,,
2022-03-16,0,0,0
2022-03-16,23,15,8
2022-03-16,42,21,21
2022-03-16,71,44,27
2022-03-16,68,48,20
2022-03-16,33,17,16
2022-03-16,23,13,10
2022-03-16,22,7,15
2022-03-16,15,7,8
2022-03-16,14,9,5
2022-03-16,6,4,2
2022-03-17,5,3,2
2022-03-17,0,0,0
2022-03-17,0,0,0
2022-03-17,0,0,0
2022-03-17,3,3,0
2022-03-17,10,3,7
2022-03-17,15,5,10
2022-03-17,32,13,19
2022-03-17,32,16,16
2022-03-17,24,13,11
2022-03-17,14,8,6
2022-03-17,24,12,12
2022-03-17,12,9,3
2022-03-17,20,11,9
2022-03-17,38,23,15
2022-03-17,36,23,13
2022-03-17,42,27,15
2022-03-17,52,30,22
2022-03-17,40,21,19
2022-03-17,15,7,8
2022-03-17,18,7,11
2022-03-17,11,5,6
2022-03-17,8,5,3
2022-03-17,8,1,7
2022-03-18,1,0,1
2022-03-18,1,0,1
2022-03-18,0,0,0
2022-03-18,2,1,1
2022-03-18,3,3,0
2022-03-18,11,5,6
2022-03-18,19,7,12
2022-03-18,29,10,19
2022-03-18,27,10,17
2022-03-18,15,9,6
2022-03-18,11,5,6
2022-03-18,25,15,10
2022-03-18,16,6,10
2022-03-18,23,11,12
2022-03-18,37,24,13
2022-03-18,44,30,14
2022-03-18,46,31,15
2022-03-18,44,28,16
2022-03-18,34,25,9
2022-03-18,29,19,10
2022-03-18,12,7,5
2022-03-18,17,7,10
2022-03-18,4,4,0
2022-03-18,6,2,4
2022-03-19,5,1,4
2022-03-19,6,5,1
2022-03-19,4,1,3
2022-03-19,2,1,1
2022-03-19,0,0,0
2022-03-19,4,0,4
2022-03-19,2,2,0
2022-03-19,2,0,2
2022-03-19,3,2,1
2022-03-19,10,7,3
2022-03-19,8,6,2
2022-03-19,12,8,4
2022-03-19,10,6,4
2022-03-19,23,13,10
2022-03-19,22,11,11
2022-03-19,15,8,7
2022-03-19,17,7,10
2022-03-19,8,6,2
2022-03-19,13,10,3
2022-03-19,16,5,11
2022-03-19,3,0,3
2022-03-19,7,4,3
2022-03-19,12,7,5
2022-03-19,12,11,1
2022-03-20,3,3,0
2022-03-20,3,2,1
2022-03-20,2,2,0
2022-03-20,1,1,0
2022-03-20,0,0,0
2022-03-20,0,0,0
2022-03-20,1,1,0
2022-03-20,1,1,0
2022-03-20,6,2,4
2022-03-20,8,2,6
2022-03-20,22,13,9
2022-03-20,15,5,10
2022-03-20,24,16,8
2022-03-20,12,8,4
2022-03-20,21,7,14
2022-03-20,5,2,3
2022-03-20,10,4,6
2022-03-20,8,3,5
2022-03-20,8,7,1
2022-03-20,6,3,3
2022-03-20,5,4,1
2022-03-20,2,2,0
2022-03-20,3,3,0
2022-03-20,5,3,2
2022-03-21,2,1,1
2022-03-21,0,0,0
2022-03-21,0,0,0
2022-03-21,0,0,0
2022-03-21,2,1,1
2022-03-21,3,1,2
2022-03-21,13,2,11
2022-03-21,25,6,19
2022-03-21,22,9,13
2022-03-21,6,4,2
2022-03-21,6,4,2
2022-03-21,9,3,6
2022-03-21,12,6,6
2022-03-21,9,5,4
2022-03-21,14,10,4
2022-03-21,27,16,11
2022-03-21,38,29,9
2022-03-21,35,21,14
2022-03-21,18,5,13
2022-03-21,9,5,4
2022-03-21,5,0,5
2022-03-21,10,5,5
2022-03-21,4,2,2
2022-03-21,2,0,2
2022-03-22,0,0,0
2022-03-22,2,1,1
2022-03-22,1,0,1
2022-03-22,1,0,1
2022-03-22,1,1,0
2022-03-22,8,2,6
2022-03-22,27,7,20
2022-03-22,32,12,20
2022-03-22,43,16,27
2022-03-22,32,19,13
2022-03-22,11,5,6
2022-03-22,33,21,12
2022-03-22,18,11,7
2022-03-22,28,12,16
2022-03-22,41,21,20
2022-03-22,39,29,10
2022-03-22,69,47,22
2022-03-22,81,52,29
2022-03-22,41,27,14
2022-03-22,22,9,13
2022-03-22,18,5,13
2022-03-22,20,10,10
2022-03-22,9,7,2
2022-03-22,8,4,4
2022-03-23,6,4,2
2022-03-23,1,1,0
2022-03-23,3,3,0
2022-03-23,1,1,0
2022-03-23,2,1,1
2022-03-23,15,2,13
2022-03-23,17,5,12
2022-03-23,33,10,23
2022-03-23,48,15,33
2022-03-23,32,22,10
2022-03-23,15,8,7
2022-03-23,20,11,9
2022-03-23,15,12,3
2022-03-23,16,8,8
2022-03-23,22,17,5
2022-03-23,26,16,10
2022-03-23,54,39,15
2022-03-23,52,37,15
2022-03-23,17,13,4
2022-03-23,12,8,4
2022-03-23,5,3,2
2022-03-23,3,2,1
2022-03-23,3,2,1
2022-03-23,13,11,2
2022-03-24,3,1,2
2022-03-24,1,0,1
2022-03-24,4,1,3
2022-03-24,1,0,1
2022-03-24,2,2,0
2022-03-24,9,4,5
2022-03-24,23,11,12
2022-03-24,42,16,26
2022-03-24,46,21,25
2022-03-24,23,14,9
2022-03-24,14,9,5
2022-03-24,20,9,11
2022-03-24,23,11,12
2022-03-24,36,18,18
2022-03-24,32,18,14
2022-03-24,35,26,9
2022-03-24,45,33,12
2022-03-24,57,34,23
2022-03-24,48,33,15
2022-03-24,26,11,15
2022-03-24,12,6,6
2022-03-24,8,4,4
2022-03-24,7,6,1
2022-03-24,7,5,2
2022-03-25,0,0,0
2022-03-25,0,0,0
2022-03-25,0,0,0
2022-03-25,1,0,1
2022-03-25,3,3,0
2022-03-25,9,5,4
2022-03-25,12,5,7
2022-03-25,33,12,21
2022-03-25,27,18,9
2022-03-25,24,19,5
2022-03-25,20,9,11
2022-03-25,23,10,13
2022-03-25,20,5,15
2022-03-25,35,19,16
2022-03-25,37,22,15
2022-03-25,41,26,15
2022-03-25,72,42,30
2022-03-25,57,32,25
2022-03-25,48,25,23
2022-03-25,36,19,17
2022-03-25,22,12,10
2022-03-25,11,6,5
2022-03-25,15,9,6
2022-03-25,12,10,2
2022-03-26,11,9,2
2022-03-26,4,0,4
2022-03-26,7,5,2
2022-03-26,1,0,1
2022-03-26,1,0,1
2022-03-26,5,1,4
2022-03-26,0,0,0
2022-03-26,5,3,2
2022-03-26,10,4,6
2022-03-26,9,2,7
2022-03-26,29,17,12
2022-03-26,20,11,9
2022-03-26,28,17,11
2022-03-26,41,26,15
2022-03-26,55,31,24
2022-03-26,38,24,14
2022-03-26,40,27,13
2022-03-26,32,25,7
2022-03-26,25,22,3
2022-03-26,22,14,8
2022-03-26,9,5,4
2022-03-26,17,7,10
2022-03-26,56,8,48
2022-03-26,20,10,10
2022-03-27,14,9,5
2022-03-27,6,2,4
2022-03-27,8,2,6
2022-03-27,2,2,0
2022-03-27,4,1,3
2022-03-27,1,0,1
2022-03-27,3,2,1
2022-03-27,5,4,1
2022-03-27,4,3,1
2022-03-27,14,5,9
2022-03-27,23,11,12
2022-03-27,20,10,10
2022-03-27,37,14,23
2022-03-27,52,22,30
2022-03-27,43,28,15
2022-03-27,44,30,14
2022-03-27,32,22,10
2022-03-27,32,12,20
2022-03-27,20,13,7
2022-03-27,10,3,7
2022-03-27,16,8,8
2022-03-27,11,9,2
2022-03-27,13,2,11
2022-03-27,4,1,3
2022-03-28,2,1,1
2022-03-28,2,1,1
2022-03-28,3,2,1
2022-03-28,3,1,2
2022-03-28,1,1,0
2022-03-28,10,6,4
2022-03-28,19,8,11
2022-03-28,33,13,20
2022-03-28,31,9,22
2022-03-28,31,16,15
2022-03-28,18,7,11
2022-03-28,21,12,9
2022-03-28,13,4,9
2022-03-28,15,8,7
2022-03-28,28,17,11
2022-03-28,45,34,11
2022-03-28,60,38,22
2022-03-28,52,30,22
2022-03-28,26,16,10
2022-03-28,12,8,4
2022-03-28,11,5,6
2022-03-28,12,9,3
2022-03-28,5,4,1
2022-03-28,2,2,0
2022-03-29,6,4,2
2022-03-29,0,0,0
2022-03-29,2,0,2
2022-03-29,1,0,1
2022-03-29,2,2,0
2022-03-29,10,5,5
2022-03-29,18,7,11
2022-03-29,48,13,35
2022-03-29,63,27,36
2022-03-29,42,20,22
2022-03-29,17,8,9
2022-03-29,29,13,16
2022-03-29,17,8,9
2022-03-29,31,18,13
2022-03-29,32,22,10
2022-03-29,35,22,13
2022-03-29,97,66,31
2022-03-29,77,49,28
2022-03-29,49,30,19
2022-03-29,21,17,4
2022-03-29,18,5,13
2022-03-29,11,8,3
2022-03-29,7,3,4
2022-03-29,10,3,7
2022-03-30,4,3,1
2022-03-30,1,1,0
2022-03-30,1,0,1
2022-03-30,1,0,1
2022-03-30,2,2,0
2022-03-30,5,3,2
2022-03-30,20,6,14
2022-03-30,34,12,22
2022-03-30,45,18,27
2022-03-30,28,16,12
2022-03-30,19,10,9
2022-03-30,33,18,15
2022-03-30,25,8,17
2022-03-30,23,12,11
2022-03-30,27,16,11
2022-03-30,26,16,10
2022-03-30,62,39,23
2022-03-30,51,33,18
2022-03-30,26,8,18
2022-03-30,8,5,3
2022-03-30,6,3,3
2022-03-30,7,3,4
2022-03-30,10,6,4
2022-03-30,6,4,2
2022-03-31,5,2,3
2022-03-31,0,0,0
2022-03-31,0,0,0
2022-03-31,3,1,2
2022-03-31,0,0,0
2022-03-31,6,2,4
2022-03-31,20,8,12
2022-03-31,46,14,32
2022-03-31,60,32,28
2022-03-31,32,21,11
2022-03-31,11,4,7
2022-03-31,21,13,8
2022-03-31,24,13,11
2022-03-31,31,17,14
2022-03-31,30,18,12
2022-03-31,40,26,14
2022-03-31,74,48,26
2022-03-31,74,45,29
2022-03-31,44,29,15
2022-03-31,24,11,13
2022-03-31,18,7,11
2022-03-31,17,10,7
2022-03-31,7,4,3
2022-03-31,14,10,4
2022-03-01,9,2,7
2022-03-01,0,0,0
2022-03-01,0,0,0
2022-03-01,2,1,1
2022-03-01,1,0,1
2022-03-01,6,2,4
2022-03-01,11,3,8
2022-03-01,22,9,13
2022-03-01,30,9,21
2022-03-01,25,13,12
2022-03-01,12,3,9
2022-03-01,7,4,3
2022-03-01,12,7,5
2022-03-01,12,7,5
2022-03-01,36,20,16
2022-03-01,33,19,14
2022-03-01,34,25,9
2022-03-01,56,40,16
2022-03-01,15,9,6
2022-03-01,14,6,8
2022-03-01,8,2,6
2022-03-01,9,5,4
2022-03-01,7,7,0
2022-03-01,9,7,2
2022-03-02,2,2,0
2022-03-02,1,1,0
2022-03-02,1,0,1
2022-03-02,0,0,0
2022-03-02,0,0,0
2022-03-02,7,1,6
2022-03-02,15,5,10
2022-03-02,30,9,21
2022-03-02,32,7,25
2022-03-02,20,14,6
2022-03-02,17,10,7
2022-03-02,15,6,9
2022-03-02,19,8,11
2022-03-02,21,15,6
2022-03-02,21,11,10
2022-03-02,15,14,1
2022-03-02,28,20,8
2022-03-02,48,39,9
2022-03-02,20,11,9
2022-03-02,9,3,6
2022-03-02,16,9,7
2022-03-02,11,6,5
2022-03-02,8,6,2
2022-03-02,1,1,0
2022-03-03,7,5,2
2022-03-03,1,0,1
2022-03-03,0,0,0
2022-03-03,0,0,0
2022-03-03,3,2,1
2022-03-03,7,1,6
2022-03-03,14,4,10
2022-03-03,24,11,13
2022-03-03,28,9,19
2022-03-03,18,13,5
2022-03-03,5,3,2
2022-03-03,16,10,6
2022-03-03,10,3,7
2022-03-03,15,10,5
2022-03-03,30,17,13
2022-03-03,41,20,21
2022-03-03,48,31,17
2022-03-03,38,22,16
2022-03-03,38,26,12
2022-03-03,15,10,5
2022-03-03,16,9,7
2022-03-03,12,9,3
2022-03-03,3,3,0
2022-03-03,5,4,1
2022-03-04,2,1,1
2022-03-04,2,0,2
2022-03-04,0,0,0
2022-03-04,0,0,0
2022-03-04,1,1,0
2022-03-04,5,1,4
2022-03-04,15,7,8
2022-03-04,32,11,21
2022-03-04,29,13,16
2022-03-04,21,11,10
2022-03-04,7,6,1
2022-03-04,10,6,4
2022-03-04,23,11,12
2022-03-04,20,13,7
2022-03-04,28,16,12
2022-03-04,26,14,12
2022-03-04,35,24,11
2022-03-04,43,25,18
2022-03-04,26,17,9
2022-03-04,14,5,9
2022-03-04,15,8,7
2022-03-04,9,4,5
2022-03-04,5,2,3
2022-03-04,7,3,4
2022-03-05,0,0,0
2022-03-05,1,1,0
2022-03-05,1,1,0
2022-03-05,3,0,3
2022-03-05,2,2,0
2022-03-05,4,0,4
2022-03-05,2,2,0
2022-03-05,4,2,2
2022-03-05,10,10,0
2022-03-05,14,8,6
2022-03-05,9,6,3
2022-03-05,18,11,7
2022-03-05,26,15,11
2022-03-05,31,19,12
2022-03-05,24,14,10
2022-03-05,30,16,14
2022-03-05,36,20,16
2022-03-05,33,16,17
2022-03-05,22,9,13
2022-03-05,34,12,22
2022-03-05,13,7,6
2022-03-05,11,6,5
2022-03-05,5,4,1
2022-03-05,8,7,1
2022-03-06,5,3,2
2022-03-06,1,1,0
2022-03-06,2,1,1
2022-03-06,0,0,0
2022-03-06,2,1,1
2022-03-06,1,0,1
2022-03-06,4,3,1
2022-03-06,6,3,3
2022-03-06,5,4,1
2022-03-06,7,3,4
2022-03-06,12,3,9
2022-03-06,17,15,2
2022-03-06,9,5,4
2022-03-06,25,16,9
2022-03-06,33,15,18
2022-03-06,19,10,9
2022-03-06,31,18,13
2022-03-06,20,7,13
2022-03-06,15,6,9
2022-03-06,3,1,2
2022-03-06,5,4,1
2022-03-06,4,3,1
2022-03-06,4,3,1
2022-03-06,4,2,2
2022-03-07,3,1,2
2022-03-07,0,0,0
2022-03-07,0,0,0
2022-03-07,1,0,1
2022-03-07,1,1,0
2022-03-07,11,2,9
2022-03-07,15,7,8
2022-03-07,32,11,21
2022-03-07,30,12,18
2022-03-07,19,14,5
2022-03-07,16,9,7
2022-03-07,9,6,3
2022-03-07,15,3,12
2022-03-07,18,10,8
2022-03-07,24,13,11
2022-03-07,27,21,6
2022-03-07,50,33,17
2022-03-07,53,33,20
2022-03-07,18,13,5
2022-03-07,14,5,9
2022-03-07,4,0,4
2022-03-07,4,2,2
2022-03-07,1,1,0
2022-03-07,1,1,0
2022-03-08,4,2,2
2022-03-08,2,0,2
2022-03-08,0,0,0
2022-03-08,2,1,1
2022-03-08,0,0,0
2022-03-08,8,2,6
2022-03-08,15,4,11
2022-03-08,28,4,24
2022-03-08,22,6,16
2022-03-08,38,23,15
2022-03-08,10,5,5
2022-03-08,16,7,9
2022-03-08,9,4,5
2022-03-08,9,5,4
2022-03-08,15,10,5
2022-03-08,33,19,14
2022-03-08,56,37,19
2022-03-08,58,44,14
2022-03-08,39,32,7
2022-03-08,21,17,4
2022-03-08,15,4,11
2022-03-08,42,11,31
2022-03-08,7,2,5
2022-03-08,2,0,2
2022-03-09,1,1,0
2022-03-09,1,1,0
2022-03-09,0,0,0
2022-03-09,0,0,0
2022-03-09,2,2,0
2022-03-09,12,2,10
2022-03-09,22,6,16
2022-03-09,27,10,17
2022-03-09,46,15,31
2022-03-09,32,17,15
2022-03-09,17,6,11
2022-03-09,22,15,7
2022-03-09,18,10,8
2022-03-09,26,16,10
2022-03-09,31,19,12
2022-03-09,50,32,18
2022-03-09,57,43,14
2022-03-09,57,38,19
2022-03-09,43,19,24
2022-03-09,18,8,10
2022-03-09,7,3,4
2022-03-09,4,1,3
2022-03-09,6,5,1
2022-03-09,2,1,1
2022-03-10,4,2,2
2022-03-10,2,2,0
2022-03-10,0,0,0
2022-03-10,0,0,0
2022-03-10,2,2,0
2022-03-10,10,2,8
2022-03-10,15,4,11
2022-03-10,30,11,19
2022-03-10,40,14,26
2022-03-10,32,18,14
2022-03-10,16,9,7
2022-03-10,18,9,9
2022-03-10,20,13,7
2022-03-10,29,16,13
2022-03-10,27,15,12
2022-03-10,33,21,12
2022-03-10,52,41,11
2022-03-10,42,30,12
2022-03-10,31,21,10
2022-03-10,14,10,4
2022-03-10,12,6,6
2022-03-10,10,9,1
2022-03-10,15,5,10
2022-03-10,5,1,4
2022-03-11,6,5,1
2022-03-11,0,0,0
2022-03-11,1,1,0
2022-03-11,0,0,0
2022-03-11,1,1,0
2022-03-11,6,2,4
2022-03-11,18,7,11
2022-03-11,30,8,22
2022-03-11,25,8,17
2022-03-11,25,18,7
2022-03-11,12,4,8
2022-03-11,18,12,6
2022-03-11,14,10,4
2022-03-11,23,15,8
2022-03-11,17,11,6
2022-03-11,50,32,18
2022-03-11,56,32,24
2022-03-11,45,25,20
2022-03-11,36,17,19
2022-03-11,21,11,10
2022-03-11,10,2,8
2022-03-11,11,5,6
2022-03-11,10,4,6
2022-03-11,19,5,14
2022-03-12,3,2,1
2022-03-12,4,2,2
2022-03-12,8,6,2
2022-03-12,2,0,2
2022-03-12,0,0,0
2022-03-12,3,1,2
2022-03-12,1,1,0
2022-03-12,3,1,2
2022-03-12,12,8,4
2022-03-12,18,10,8
2022-03-12,25,10,15
2022-03-12,29,20,9
2022-03-12,70,57,13
2022-03-12,40,17,23
2022-03-12,41,22,19
2022-03-12,76,17,59
2022-03-12,18,6,12
2022-03-12,11,6,5
2022-03-12,13,7,6
2022-03-12,7,3,4
2022-03-12,4,1,3
2022-03-12,4,3,1
2022-03-12,6,3,3
2022-03-12,8,5,3
2022-03-13,2,1,1
2022-03-13,3,3,0
2022-03-13,,,
2022-03-13,3,3,0
2022-03-13,0,0,0
2022-03-13,2,0,2
2022-03-13,0,0,0
2022-03-13,4,2,2
2022-03-13,7,4,3
2022-03-13,11,5,6
2022-03-13,14,6,8
2022-03-13,23,14,9
2022-03-13,26,12,14
2022-03-13,30,17,13
2022-03-13,26,10,16
2022-03-13,16,11,5
2022-03-13,25,12,13
2022-03-13,18,8,10
2022-03-13,14,7,7
2022-03-13,15,7,8
2022-03-13,9,5,4
2022-03-13,9,5,4
2022-03-13,5,3,2
2022-03-13,3,0,3
2022-03-14,4,3,1
2022-03-14,0,0,0
2022-03-14,0,0,0
2022-03-14,0,0,0
2022-03-14,0,0,0
2022-03-14,10,4,6
2022-03-14,7,1,6
2022-03-14,25,5,20
2022-03-14,25,13,12
2022-03-14,19,6,13
2022-03-14,10,8,2
2022-03-14,21,9,12
2022-03-14,13,7,6
2022-03-14,9,4,5
2022-03-14,11,5,6
2022-03-14,22,19,3
2022-03-14,22,17,5
2022-03-14,34,24,10
2022-03-14,15,9,6
2022-03-14,8,3,5
2022-03-14,7,1,6
2022-03-14,4,2,2
2022-03-14,3,2,1
2022-03-14,3,2,1
2022-03-15,1,0,1
2022-03-15,1,0,1
2022-03-15,0,0,0
2022-03-15,2,1,1
2022-03-15,0,0,0
2022-03-15,7,2,5
2022-03-15,14,3,11
2022-03-15,29,10,19
2022-03-15,33,12,21
2022-03-15,25,12,13
2022-03-15,10,5,5
2022-03-15,16,6,10
2022-03-15,23,10,13
2022-03-15,14,6,8
2022-03-15,26,15,11
2022-03-15,40,23,17
2022-03-15,46,33,13
2022-03-15,46,38,8
2022-03-15,40,30,10
2022-03-15,16,9,7
2022-03-15,19,13,6
2022-03-15,11,6,5
2022-03-15,6,1,5
2022-03-15,2,1,1
2022-03-16,,,
2022-03-16,,,
2022-03-16,,,
2022-03-16,,,
2022-03-16,,,
2022-03-16,,,
2022-03-16,,,
2022-03-16,,,
2022-03-16,,,
2022-03-16,,,
2022-03-16,,,
2022-03-16,,,
2022-03-16,,,
2022-03-16,0,0,0
2022-03-16,23,15,8
2022-03-16,42,21,21
2022-03-16,71,44,27
2022-03-16,68,48,20
2022-03-16,33,17,16
2022-03-16,23,13,10
2022-03-16,22,7,15
2022-03-16,15,7,8
2022-03-16,14,9,5
2022-03-16,6,4,2
2022-03-17,5,3,2
2022-03-17,0,0,0
2022-03-17,0,0,0
2022-03-17,0,0,0
2022-03-17,3,3,0
2022-03-17,10,3,7
2022-03-17,15,5,10
2022-03-17,32,13,19
2022-03-17,32,16,16
2022-03-17,24,13,11
2022-03-17,14,8,6
2022-03-17,24,12,12
2022-03-17,12,9,3
2022-03-17,20,11,9
2022-03-17,38,23,15
2022-03-17,36,23,13
2022-03-17,42,27,15
2022-03-17,52,30,22
2022-03-17,40,21,19
2022-03-17,15,7,8
2022-03-17,18,7,11
2022-03-17,11,5,6
2022-03-17,8,5,3
2022-03-17,8,1,7
2022-03-18,1,0,1
2022-03-18,1,0,1
2022-03-18,0,0,0
2022-03-18,2,1,1
2022-03-18,3,3,0
2022-03-18,11,5,6
2022-03-18,19,7,12
2022-03-18,29,10,19
2022-03-18,27,10,17
2022-03-18,15,9,6
2022-03-18,11,5,6
2022-03-18,25,15,10
2022-03-18,16,6,10
2022-03-18,23,11,12
2022-03-18,37,24,13
2022-03-18,44,30,14
2022-03-18,46,31,15
2022-03-18,44,28,16
2022-03-18,34,25,9
2022-03-18,29,19,10
2022-03-18,12,7,5
2022-03-18,17,7,10
2022-03-18,4,4,0
2022-03-18,6,2,4
2022-03-19,5,1,4
2022-03-19,6,5,1
2022-03-19,4,1,3
2022-03-19,2,1,1
2022-03-19,0,0,0
2022-03-19,4,0,4
2022-03-19,2,2,0
2022-03-19,2,0,2
2022-03-19,3,2,1
2022-03-19,10,7,3
2022-03-19,8,6,2
2022-03-19,12,8,4
2022-03-19,10,6,4
2022-03-19,23,13,10
2022-03-19,22,11,11
2022-03-19,15,8,7
2022-03-19,17,7,10
2022-03-19,8,6,2
2022-03-19,13,10,3
2022-03-19,16,5,11
2022-03-19,3,0,3
2022-03-19,7,4,3
2022-03-19,12,7,5
2022-03-19,12,11,1
2022-03-20,3,3,0
2022-03-20,3,2,1
2022-03-20,2,2,0
2022-03-20,1,1,0
2022-03-20,0,0,0
2022-03-20,0,0,0
2022-03-20,1,1,0
2022-03-20,1,1,0
2022-03-20,6,2,4
2022-03-20,8,2,6
2022-03-20,22,13,9
2022-03-20,15,5,10
2022-03-20,24,16,8
2022-03-20,12,8,4
2022-03-20,21,7,14
2022-03-20,5,2,3
2022-03-20,10,4,6
2022-03-20,8,3,5
2022-03-20,8,7,1
2022-03-20,6,3,3
2022-03-20,5,4,1
2022-03-20,2,2,0
2022-03-20,3,3,0
2022-03-20,5,3,2
2022-03-21,2,1,1
2022-03-21,0,0,0
2022-03-21,0,0,0
2022-03-21,0,0,0
2022-03-21,2,1,1
2022-03-21,3,1,2
2022-03-21,13,2,11
2022-03-21,25,6,19
2022-03-21,22,9,13
2022-03-21,6,4,2
2022-03-21,6,4,2
2022-03-21,9,3,6
2022-03-21,12,6,6
2022-03-21,9,5,4
2022-03-21,14,10,4
2022-03-21,27,16,11
2022-03-21,38,29,9
2022-03-21,35,21,14
2022-03-21,18,5,13
2022-03-21,9,5,4
2022-03-21,5,0,5
2022-03-21,10,5,5
2022-03-21,4,2,2
2022-03-21,2,0,2
2022-03-22,0,0,0
2022-03-22,2,1,1
2022-03-22,1,0,1
2022-03-22,1,0,1
2022-03-22,1,1,0
2022-03-22,8,2,6
2022-03-22,27,7,20
2022-03-22,32,12,20
2022-03-22,43,16,27
2022-03-22,32,19,13
2022-03-22,11,5,6
2022-03-22,33,21,12
2022-03-22,18,11,7
2022-03-22,28,12,16
2022-03-22,41,21,20
2022-03-22,39,29,10
2022-03-22,69,47,22
2022-03-22,81,52,29
2022-03-22,41,27,14
2022-03-22,22,9,13
2022-03-22,18,5,13
2022-03-22,20,10,10
2022-03-22,9,7,2
2022-03-22,8,4,4
2022-03-23,6,4,2
2022-03-23,1,1,0
2022-03-23,3,3,0
2022-03-23,1,1,0
2022-03-23,2,1,1
2022-03-23,15,2,13
2022-03-23,17,5,12
2022-03-23,33,10,23
2022-03-23,48,15,33
2022-03-23,32,22,10
2022-03-23,15,8,7
2022-03-23,20,11,9
2022-03-23,15,12,3
2022-03-23,16,8,8
2022-03-23,22,17,5
2022-03-23,26,16,10
2022-03-23,54,39,15
2022-03-23,52,37,15
2022-03-23,17,13,4
2022-03-23,12,8,4
2022-03-23,5,3,2
2022-03-23,3,2,1
2022-03-23,3,2,1
2022-03-23,13,11,2
2022-03-24,3,1,2
2022-03-24,1,0,1
2022-03-24,4,1,3
2022-03-24,1,0,1
2022-03-24,2,2,0
2022-03-24,9,4,5
2022-03-24,23,11,12
2022-03-24,42,16,26
2022-03-24,46,21,25
2022-03-24,23,14,9
2022-03-24,14,9,5
2022-03-24,20,9,11
2022-03-24,23,11,12
2022-03-24,36,18,18
2022-03-24,32,18,14
2022-03-24,35,26,9
2022-03-24,45,33,12
2022-03-24,57,34,23
2022-03-24,48,33,15
2022-03-24,26,11,15
2022-03-24,12,6,6
2022-03-24,8,4,4
2022-03-24,7,6,1
2022-03-24,7,5,2
2022-03-25,0,0,0
2022-03-25,0,0,0
2022-03-25,0,0,0
2022-03-25,1,0,1
2022-03-25,3,3,0
2022-03-25,9,5,4
2022-03-25,12,5,7
2022-03-25,33,12,21
2022-03-25,27,18,9
2022-03-25,24,19,5
2022-03-25,20,9,11
2022-03-25,23,10,13
2022-03-25,20,5,15
2022-03-25,35,19,16
2022-03-25,37,22,15
2022-03-25,41,26,15
2022-03-25,72,42,30
2022-03-25,57,32,25
2022-03-25,48,25,23
2022-03-25,36,19,17
2022-03-25,22,12,10
2022-03-25,11,6,5
2022-03-25,15,9,6
2022-03-25,12,10,2
2022-03-26,11,9,2
2022-03-26,4,0,4
2022-03-26,7,5,2
2022-03-26,1,0,1
2022-03-26,1,0,1
2022-03-26,5,1,4
2022-03-26,0,0,0
2022-03-26,5,3,2
2022-03-26,10,4,6
2022-03-26,9,2,7
2022-03-26,29,17,12
2022-03-26,20,11,9
2022-03-26,28,17,11
2022-03-26,41,26,15
2022-03-26,55,31,24
2022-03-26,38,24,14
2022-03-26,40,27,13
2022-03-26,32,25,7
2022-03-26,25,22,3
2022-03-26,22,14,8
2022-03-26,9,5,4
2022-03-26,17,7,10
2022-03-26,56,8,48
2022-03-26,20,10,10
2022-03-27,14,9,5
2022-03-27,6,2,4
2022-03-27,8,2,6
2022-03-27,2,2,0
2022-03-27,4,1,3
2022-03-27,1,0,1
2022-03-27,3,2,1
2022-03-27,5,4,1
2022-03-27,4,3,1
2022-03-27,14,5,9
2022-03-27,23,11,12
2022-03-27,20,10,10
2022-03-27,37,14,23
2022-03-27,52,22,30
2022-03-27,43,28,15
2022-03-27,44,30,14
2022-03-27,32,22,10
2022-03-27,32,12,20
2022-03-27,20,13,7
2022-03-27,10,3,7
2022-03-27,16,8,8
2022-03-27,11,9,2
2022-03-27,13,2,11
2022-03-27,4,1,3
2022-03-28,2,1,1
2022-03-28,2,1,1
2022-03-28,3,2,1
2022-03-28,3,1,2
2022-03-28,1,1,0
2022-03-28,10,6,4
2022-03-28,19,8,11
2022-03-28,33,13,20
2022-03-28,31,9,22
2022-03-28,31,16,15
2022-03-28,18,7,11
2022-03-28,21,12,9
2022-03-28,13,4,9
2022-03-28,15,8,7
2022-03-28,28,17,11
2022-03-28,45,34,11
2022-03-28,60,38,22
2022-03-28,52,30,22
2022-03-28,26,16,10
2022-03-28,12,8,4
2022-03-28,11,5,6
2022-03-28,12,9,3
2022-03-28,5,4,1
2022-03-28,2,2,0
2022-03-29,6,4,2
2022-03-29,0,0,0
2022-03-29,2,0,2
2022-03-29,1,0,1
2022-03-29,2,2,0
2022-03-29,10,5,5
2022-03-29,18,7,11
2022-03-29,48,13,35
2022-03-29,63,27,36
2022-03-29,42,20,22
2022-03-29,17,8,9
2022-03-29,29,13,16
2022-03-29,17,8,9
2022-03-29,31,18,13
2022-03-29,32,22,10
2022-03-29,35,22,13
2022-03-29,97,66,31
2022-03-29,77,49,28
2022-03-29,49,30,19
2022-03-29,21,17,4
2022-03-29,18,5,13
2022-03-29,11,8,3
2022-03-29,7,3,4
2022-03-29,10,3,7
2022-03-30,4,3,1
2022-03-30,1,1,0
2022-03-30,1,0,1
2022-03-30,1,0,1
2022-03-30,2,2,0
2022-03-30,5,3,2
2022-03-30,20,6,14
2022-03-30,34,12,22
2022-03-30,45,18,27
2022-03-30,28,16,12
2022-03-30,19,10,9
2022-03-30,33,18,15
2022-03-30,25,8,17
2022-03-30,23,12,11
2022-03-30,27,16,11
2022-03-30,26,16,10
2022-03-30,62,39,23
2022-03-30,51,33,18
2022-03-30,26,8,18
2022-03-30,8,5,3
2022-03-30,6,3,3
2022-03-30,7,3,4
2022-03-30,10,6,4
2022-03-30,6,4,2
2022-03-31,5,2,3
2022-03-31,0,0,0
2022-03-31,0,0,0
2022-03-31,3,1,2
2022-03-31,0,0,0
2022-03-31,6,2,4
2022-03-31,20,8,12
2022-03-31,46,14,32
2022-03-31,60,32,28
2022-03-31,32,21,11
2022-03-31,11,4,7
2022-03-31,21,13,8
2022-03-31,24,13,11
2022-03-31,31,17,14
2022-03-31,30,18,12
2022-03-31,40,26,14
2022-03-31,74,48,26
2022-03-31,74,45,29
2022-03-31,44,29,15
2022-03-31,24,11,13
2022-03-31,18,7,11
2022-03-31,17,10,7
2022-03-31,7,4,3
2022-03-31,14,10,4
2022-04-01,4,3,1
2022-04-01,2,2,0
2022-04-01,2,2,0
2022-04-01,2,1,1
2022-04-01,1,1,0
2022-04-01,11,5,6
2022-04-01,16,5,11
2022-04-01,35,11,24
2022-04-01,46,25,21
2022-04-01,31,18,13
2022-04-01,16,5,11
2022-04-01,32,15,17
2022-04-01,19,8,11
2022-04-01,25,13,12
2022-04-01,34,21,13
2022-04-01,44,28,16
2022-04-01,56,39,17
2022-04-01,50,30,20
2022-04-01,42,23,19
2022-04-01,23,12,11
2022-04-01,7,2,5
2022-04-01,9,5,4
2022-04-01,9,3,6
2022-04-01,7,5,2
2022-04-02,1,0,1
2022-04-02,1,1,0
2022-04-02,6,2,4
2022-04-02,3,0,3
2022-04-02,0,0,0
2022-04-02,1,0,1
2022-04-02,0,0,0
2022-04-02,4,1,3
2022-04-02,2,1,1
2022-04-02,7,2,5
2022-04-02,19,9,10
2022-04-02,13,2,11
2022-04-02,33,10,23
2022-04-02,40,21,19
2022-04-02,36,18,18
2022-04-02,18,4,14
2022-04-02,23,5,18
2022-04-02,26,11,15
2022-04-02,33,14,19
2022-04-02,31,17,14
2022-04-02,16,3,13
2022-04-02,16,7,9
2022-04-02,11,3,8
2022-04-02,8,7,1
2022-04-03,7,7,0
2022-04-03,2,1,1
2022-04-03,8,0,8
2022-04-03,3,3,0
2022-04-03,1,1,0
2022-04-03,1,0,1
2022-04-03,2,2,0
2022-04-03,3,1,2
2022-04-03,2,0,2
2022-04-03,7,2,5
2022-04-03,10,3,7
2022-04-03,13,7,6
2022-04-03,21,6,15
2022-04-03,12,6,6
2022-04-03,16,8,8
2022-04-03,22,7,15
2022-04-03,17,9,8
2022-04-03,7,2,5
2022-04-03,11,6,5
2022-04-03,4,1,3
2022-04-03,9,7,2
2022-04-03,2,1,1
2022-04-03,2,2,0
2022-04-03,4,2,2
2022-04-04,2,0,2
2022-04-04,3,2,1
2022-04-04,0,0,0
2022-04-04,1,0,1
2022-04-04,3,2,1
2022-04-04,5,2,3
2022-04-04,9,1,8
2022-04-04,26,9,17
2022-04-04,23,12,11
2022-04-04,26,13,13
2022-04-04,9,5,4
2022-04-04,13,4,9
2022-04-04,15,7,8
2022-04-04,9,4,5
2022-04-04,16,10,6
2022-04-04,26,13,13
2022-04-04,33,25,8
2022-04-04,51,28,23
2022-04-04,20,9,11
2022-04-04,11,4,7
2022-04-04,7,1,6
2022-04-04,8,8,0
2022-04-04,2,1,1
2022-04-04,4,0,4
2022-04-05,1,1,0
2022-04-05,1,1,0
2022-04-05,1,1,0
2022-04-05,1,0,1
2022-04-05,1,1,0
2022-04-05,6,3,3
2022-04-05,15,3,12
2022-04-05,36,9,27
2022-04-05,51,18,33
2022-04-05,43,20,23
2022-04-05,25,13,12
2022-04-05,20,8,12
2022-04-05,16,9,7
2022-04-05,30,16,14
2022-04-05,29,15,14
2022-04-05,48,28,20
2022-04-05,68,49,19
2022-04-05,70,45,25
2022-04-05,42,27,15
2022-04-05,19,8,11
2022-04-05,15,4,11
2022-04-05,23,15,8
2022-04-05,10,6,4
2022-04-05,3,1,2
2022-04-06,3,2,1
2022-04-06,4,3,1
2022-04-06,0,0,0
2022-04-06,0,0,0
2022-04-06,1,1,0
2022-04-06,12,5,7
2022-04-06,16,6,10
2022-04-06,39,14,25
2022-04-06,54,23,31
2022-04-06,41,28,13
2022-04-06,22,8,14
2022-04-06,28,13,15
2022-04-06,36,18,18
2022-04-06,24,15,9
2022-04-06,42,25,17
2022-04-06,46,40,6
2022-04-06,70,46,24
2022-04-06,84,53,31
2022-04-06,79,57,22
2022-04-06,48,26,22
2022-04-06,14,5,9
2022-04-06,78,14,64
2022-04-06,15,1,14
2022-04-06,4,2,2
2022-04-07,4,3,1
2022-04-07,0,0,0
2022-04-07,2,2,0
2022-04-07,1,0,1
2022-04-07,3,3,0
2022-04-07,16,5,11
2022-04-07,22,5,17
2022-04-07,47,15,32
2022-04-07,62,22,40
2022-04-07,39,20,19
2022-04-07,27,13,14
2022-04-07,27,13,14
2022-04-07,21,13,8
2022-04-07,27,15,12
2022-04-07,33,24,9
2022-04-07,59,36,23
2022-04-07,100,55,45
2022-04-07,112,68,44
2022-04-07,74,46,28
2022-04-07,41,21,20
2022-04-07,31,12,19
2022-04-07,22,11,11
2022-04-07,13,6,7
2022-04-07,10,8,2
2022-04-08,6,1,5
2022-04-08,2,1,1
2022-04-08,1,1,0
2022-04-08,0,0,0
2022-04-08,1,1,0
2022-04-08,7,0,7
2022-04-08,23,6,17
2022-04-08,18,3,15
2022-04-08,29,13,16
2022-04-08,23,15,8
2022-04-08,20,7,13
2022-04-08,15,9,6
2022-04-08,20,5,15
2022-04-08,27,12,15
2022-04-08,25,17,8
2022-04-08,32,17,15
2022-04-08,36,26,10
2022-04-08,47,32,15
2022-04-08,40,23,17
2022-04-08,20,11,9
2022-04-08,22,12,10
2022-04-08,17,10,7
2022-04-08,18,6,12
2022-04-08,7,6,1
2022-04-09,25,6,19
2022-04-09,4,2,2
2022-04-09,4,3,1
2022-04-09,1,0,1
2022-04-09,0,0,0
2022-04-09,3,0,3
2022-04-09,3,2,1
2022-04-09,8,3,5
2022-04-09,6,5,1
2022-04-09,23,11,12
2022-04-09,17,12,5
2022-04-09,26,19,7
2022-04-09,20,8,12
2022-04-09,31,21,10
2022-04-09,24,10,14
2022-04-09,31,14,17
2022-04-09,25,16,9
2022-04-09,13,9,4
2022-04-09,21,12,9
2022-04-09,15,10,5
2022-04-09,19,10,9
2022-04-09,6,4,2
2022-04-09,5,4,1
2022-04-09,9,2,7
2022-04-10,2,2,0
2022-04-10,1,1,0
2022-04-10,2,0,2
2022-04-10,1,1,0
2022-04-10,1,0,1
2022-04-10,1,0,1
2022-04-10,2,2,0
2022-04-10,3,1,2
2022-04-10,2,0,2
2022-04-10,7,2,5
2022-04-10,6,3,3
2022-04-10,12,6,6
2022-04-10,10,4,6
2022-04-10,13,4,9
2022-04-10,15,5,10
2022-04-10,14,8,6
2022-04-10,12,4,8
2022-04-10,26,7,19
2022-04-10,16,9,7
2022-04-10,6,4,2
2022-04-10,4,3,1
2022-04-10,5,3,2
2022-04-10,6,2,4
2022-04-10,0,0,0
2022-04-11,1,0,1
2022-04-11,3,3,0
2022-04-11,2,1,1
2022-04-11,0,0,0
2022-04-11,0,0,0
2022-04-11,12,4,8
2022-04-11,8,1,7
2022-04-11,26,6,20
2022-04-11,28,14,14
2022-04-11,19,10,9
2022-04-11,15,8,7
2022-04-11,14,9,5
2022-04-11,10,3,7
2022-04-11,11,6,5
2022-04-11,18,10,8
2022-04-11,30,16,14
2022-04-11,45,37,8
2022-04-11,48,31,17
2022-04-11,22,10,12
2022-04-11,15,7,8
2022-04-11,18,7,11
2022-04-11,6,3,3
2022-04-11,4,2,2
2022-04-11,0,0,0
2022-04-12,1,0,1
2022-04-12,2,2,0
2022-04-12,0,0,0
2022-04-12,1,0,1
2022-04-12,1,1,0
2022-04-12,10,5,5
2022-04-12,16,6,10
2022-04-12,27,11,16
2022-04-12,36,9,27
2022-04-12,21,12,9
2022-04-12,20,13,7
2022-04-12,10,6,4
2022-04-12,12,6,6
2022-04-12,19,8,11
2022-04-12,18,13,5
2022-04-12,40,29,11
2022-04-12,53,38,15
2022-04-12,61,43,18
2022-04-12,25,13,12
2022-04-12,13,9,4
2022-04-12,13,7,6
2022-04-12,10,3,7
2022-04-12,3,2,1
2022-04-12,5,2,3
2022-04-13,2,1,1
2022-04-13,0,0,0
2022-04-13,0,0,0
2022-04-13,2,0,2
2022-04-13,1,1,0
2022-04-13,13,4,9
2022-04-13,25,8,17
2022-04-13,28,8,20
2022-04-13,47,19,28
2022-04-13,24,16,8
2022-04-13,16,5,11
2022-04-13,13,7,6
2022-04-13,18,9,9
2022-04-13,15,8,7
2022-04-13,27,16,11
2022-04-13,35,24,11
2022-04-13,48,36,12
2022-04-13,61,37,24
2022-04-13,33,19,14
2022-04-13,18,7,11
2022-04-13,8,3,5
2022-04-13,8,3,5
2022-04-13,4,4,0
2022-04-13,5,2,3
2022-04-14,2,2,0
2022-04-14,2,2,0
2022-04-14,0,0,0
2022-04-14,0,0,0
2022-04-14,1,1,0
2022-04-14,12,5,7
2022-04-14,13,4,9
2022-04-14,29,12,17
2022-04-14,30,14,16
2022-04-14,20,13,7
2022-04-14,7,4,3
2022-04-14,10,5,5
2022-04-14,15,10,5
2022-04-14,20,10,10
2022-04-14,33,18,15
2022-04-14,30,22,8
2022-04-14,46,32,14
2022-04-14,47,28,19
2022-04-14,32,16,16
2022-04-14,28,16,12
2022-04-14,19,10,9
2022-04-14,12,4,8
2022-04-14,7,4,3
2022-04-14,5,1,4
2022-04-15,2,0,2
2022-04-15,3,0,3
2022-04-15,2,2,0
2022-04-15,0,0,0
2022-04-15,2,1,1
2022-04-15,13,4,9
2022-04-15,11,3,8
2022-04-15,24,8,16
2022-04-15,29,11,18
2022-04-15,13,8,5
2022-04-15,12,6,6
2022-04-15,10,5,5
2022-04-15,18,7,11
2022-04-15,27,13,14
2022-04-15,49,30,19
2022-04-15,52,34,18
2022-04-15,90,65,25
2022-04-15,101,80,21
2022-04-15,80,58,22
2022-04-15,40,18,22
2022-04-15,25,8,17
2022-04-15,44,10,34
2022-04-15,65,5,60
2022-04-15,12,2,10
2022-04-16,10,5,5
2022-04-16,4,1,3
2022-04-16,5,2,3
2022-04-16,0,0,0
2022-04-16,1,0,1
2022-04-16,2,0,2
2022-04-16,3,3,0
2022-04-16,12,8,4
2022-04-16,4,3,1
2022-04-16,17,7,10
2022-04-16,14,8,6
2022-04-16,17,11,6
2022-04-16,22,13,9
2022-04-16,24,12,12
2022-04-16,27,16,11
2022-04-16,25,14,11
2022-04-16,36,24,12
2022-04-16,52,42,10
2022-04-16,34,32,2
2022-04-16,23,19,4
2022-04-16,23,4,19
2022-04-16,55,4,51
2022-04-16,13,3,10
2022-04-16,7,1,6
2022-04-17,1,0,1
2022-04-17,0,0,0
2022-04-17,4,0,4
2022-04-17,6,2,4
2022-04-17,1,1,0
2022-04-17,1,0,1
2022-04-17,2,2,0
2022-04-17,3,1,2
2022-04-17,8,6,2
2022-04-17,20,11,9
2022-04-17,32,23,9
2022-04-17,17,7,10
2022-04-17,52,39,13
2022-04-17,65,47,18
2022-04-17,48,24,24
2022-04-17,59,24,35
2022-04-17,56,24,32
2022-04-17,36,11,25
2022-04-17,21,8,13
2022-04-17,22,10,12
2022-04-17,10,3,7
2022-04-17,8,6,2
2022-04-17,7,3,4
2022-04-17,1,1,0
2022-04-18,0,0,0
2022-04-18,1,1,0
2022-04-18,1,0,1
2022-04-18,1,0,1
2022-04-18,1,0,1
2022-04-18,14,4,10
2022-04-18,15,5,10
2022-04-18,20,4,16
2022-04-18,35,14,21
2022-04-18,30,12,18
2022-04-18,9,5,4
2022-04-18,15,7,8
2022-04-18,13,5,8
2022-04-18,11,3,8
2022-04-18,20,14,6
2022-04-18,19,13,6
2022-04-18,24,22,2
2022-04-18,39,23,16
2022-04-18,15,10,5
2022-04-18,7,5,2
2022-04-18,4,2,2
2022-04-18,2,2,0
2022-04-18,8,7,1
2022-04-18,1,0,1
2022-04-19,1,0,1
2022-04-19,0,0,0
2022-04-19,1,0,1
2022-04-19,1,0,1
2022-04-19,1,1,0
2022-04-19,10,3,7
2022-04-19,24,6,18
2022-04-19,29,5,24
2022-04-19,53,24,29
2022-04-19,29,15,14
2022-04-19,29,19,10
2022-04-19,20,10,10
2022-04-19,19,8,11
2022-04-19,23,17,6
2022-04-19,23,16,7
2022-04-19,37,24,13
2022-04-19,60,46,14
2022-04-19,80,51,29
2022-04-19,63,45,18
2022-04-19,23,8,15
2022-04-19,21,11,10
2022-04-19,33,8,25
2022-04-19,10,5,5
2022-04-19,4,3,1
2022-04-20,2,2,0
2022-04-20,2,1,1
2022-04-20,1,0,1
2022-04-20,0,0,0
2022-04-20,5,4,1
2022-04-20,9,4,5
2022-04-20,19,5,14
2022-04-20,30,11,19
2022-04-20,56,22,34
2022-04-20,26,12,14
2022-04-20,18,11,7
2022-04-20,16,9,7
2022-04-20,34,19,15
2022-04-20,14,9,5
2022-04-20,39,23,16
2022-04-20,31,22,9
2022-04-20,52,39,13
2022-04-20,86,58,28
2022-04-20,43,32,11
2022-04-20,18,11,7
2022-04-20,7,6,1
2022-04-20,27,13,14
2022-04-20,19,7,12
2022-04-20,8,3,5
2022-04-21,2,1,1
2022-04-21,2,2,0
2022-04-21,0,0,0
2022-04-21,2,2,0
2022-04-21,3,2,1
2022-04-21,9,2,7
2022-04-21,12,3,9
2022-04-21,32,10,22
2022-04-21,37,11,26
2022-04-21,28,15,13
2022-04-21,19,12,7
2022-04-21,17,8,9
2022-04-21,22,9,13
2022-04-21,21,14,7
2022-04-21,22,15,7
2022-04-21,33,26,7
2022-04-21,62,44,18
2022-04-21,70,43,27
2022-04-21,42,32,10
2022-04-21,19,9,10
2022-04-21,16,6,10
2022-04-21,6,2,4
2022-04-21,14,1,13
2022-04-21,6,5,1
2022-04-22,1,0,1
2022-04-22,1,1,0
2022-04-22,4,2,2
2022-04-22,0,0,0
2022-04-22,1,1,0
2022-04-22,8,2,6
2022-04-22,19,6,13
2022-04-22,28,13,15
2022-04-22,30,12,18
2022-04-22,18,7,11
2022-04-22,29,17,12
2022-04-22,29,10,19
2022-04-22,32,18,14
2022-04-22,28,21,7
2022-04-22,43,29,14
2022-04-22,51,40,11
2022-04-22,82,57,25
2022-04-22,94,64,30
2022-04-22,67,45,22
2022-04-22,35,16,19
2022-04-22,18,8,10
2022-04-22,50,11,39
2022-04-22,25,5,20
2022-04-22,7,4,3
2022-04-23,9,2,7
2022-04-23,5,5,0
2022-04-23,4,1,3
2022-04-23,2,1,1
2022-04-23,2,0,2
2022-04-23,3,1,2
2022-04-23,3,2,1
2022-04-23,5,3,2
2022-04-23,10,5,5
2022-04-23,26,19,7
2022-04-23,36,17,19
2022-04-23,22,9,13
2022-04-23,34,23,11
2022-04-23,47,26,21
2022-04-23,40,21,19
2022-04-23,52,34,18
2022-04-23,69,41,28
2022-04-23,89,61,28
2022-04-23,55,37,18
2022-04-23,41,20,21
2022-04-23,21,7,14
2022-04-23,18,10,8
2022-04-23,42,8,34
2022-04-23,12,7,5
2022-04-24,15,7,8
2022-04-24,4,1,3
2022-04-24,3,1,2
2022-04-24,1,1,0
2022-04-24,1,0,1
2022-04-24,2,1,1
2022-04-24,0,0,0
2022-04-24,5,2,3
2022-04-24,13,8,5
2022-04-24,12,8,4
2022-04-24,40,20,20
2022-04-24,43,21,22
2022-04-24,73,49,24
2022-04-24,53,33,20
2022-04-24,51,36,15
2022-04-24,52,27,25
2022-04-24,38,18,20
2022-04-24,37,8,29
2022-04-24,37,17,20
2022-04-24,27,12,15
2022-04-24,18,10,8
2022-04-24,12,6,6
2022-04-24,11,9,2
2022-04-24,2,1,1
2022-04-25,1,1,0
2022-04-25,3,1,2
2022-04-25,2,0,2
2022-04-25,1,1,0
2022-04-25,1,0,1
2022-04-25,7,3,4
2022-04-25,11,2,9
2022-04-25,29,8,21
2022-04-25,30,10,20
2022-04-25,22,9,13
2022-04-25,18,9,9
2022-04-25,26,14,12
2022-04-25,26,15,11
2022-04-25,13,4,9
2022-04-25,21,15,6
2022-04-25,35,23,12
2022-04-25,47,26,21
2022-04-25,60,36,24
2022-04-25,35,15,20
2022-04-25,15,10,5
2022-04-25,12,8,4
2022-04-25,5,1,4
2022-04-25,10,5,5
2022-04-25,1,0,1
2022-04-26,2,0,2
2022-04-26,0,0,0
2022-04-26,2,2,0
2022-04-26,0,0,0
2022-04-26,3,2,1
2022-04-26,8,3,5
2022-04-26,25,5,20
2022-04-26,48,21,27
2022-04-26,56,20,36
2022-04-26,39,20,19
2022-04-26,15,6,9
2022-04-26,11,4,7
2022-04-26,23,10,13
2022-04-26,22,13,9
2022-04-26,19,9,10
2022-04-26,37,26,11
2022-04-26,67,48,19
2022-04-26,84,62,22
2022-04-26,42,25,17
2022-04-26,24,13,11
2022-04-26,21,13,8
2022-04-26,9,7,2
2022-04-26,6,4,2
2022-04-26,5,2,3
2022-04-27,3,1,2
2022-04-27,1,1,0
2022-04-27,0,0,0
2022-04-27,0,0,0
2022-04-27,2,1,1
2022-04-27,17,6,11
2022-04-27,20,6,14
2022-04-27,47,21,26
2022-04-27,56,14,42
2022-04-27,48,26,22
2022-04-27,25,13,12
2022-04-27,26,12,14
2022-04-27,28,18,10
2022-04-27,28,19,9
2022-04-27,35,25,10
2022-04-27,48,31,17
2022-04-27,73,54,19
2022-04-27,92,61,31
2022-04-27,56,35,21
2022-04-27,22,12,10
2022-04-27,34,13,21
2022-04-27,17,12,5
2022-04-27,15,9,6
2022-04-27,5,3,2
2022-04-28,,,
2022-04-28,,,
2022-04-28,,,
2022-04-28,,,
2022-04-28,,,
2022-04-28,,,
2022-04-28,,,
2022-04-28,,,
2022-04-28,,,
2022-04-28,,,
2022-04-28,,,
2022-04-28,,,
2022-04-28,,,
2022-04-28,,,
2022-04-28,,,
2022-04-28,,,
2022-04-28,,,
2022-04-28,,,
2022-04-28,,,
2022-04-28,,,
2022-04-28,,,
2022-04-28,,,
2022-04-28,,,
2022-04-28,,,
2022-04-29,,,
2022-04-29,,,
2022-04-29,,,
2022-04-29,,,
2022-04-29,2,1,1
2022-04-29,16,5,11
2022-04-29,12,7,5
2022-04-29,24,9,15
2022-04-29,45,20,25
2022-04-29,33,22,11
2022-04-29,24,14,10
2022-04-29,27,13,14
2022-04-29,29,14,15
2022-04-29,37,29,8
2022-04-29,37,18,19
2022-04-29,50,29,21
2022-04-29,87,54,33
2022-04-29,89,43,46
2022-04-29,67,34,33
2022-04-29,26,16,10
2022-04-29,28,22,6
2022-04-29,23,10,13
2022-04-29,27,19,8
2022-04-29,15,0,15
2022-04-30,5,3,2
2022-04-30,11,6,5
2022-04-30,7,3,4
2022-04-30,6,4,2
2022-04-30,0,0,0
2022-04-30,2,0,2
2022-04-30,3,2,1
2022-04-30,3,0,3
2022-04-30,9,1,8
2022-04-30,10,8,2
2022-04-30,11,3,8
2022-04-30,21,13,8
2022-04-30,34,15,19
2022-04-30,37,20,17
2022-04-30,40,21,19
2022-04-30,50,32,18
2022-04-30,47,28,19
2022-04-30,44,23,21
2022-04-30,24,15,9
2022-04-30,36,19,17
2022-04-30,34,16,18
2022-04-30,14,6,8
2022-04-30,30,15,15
2022-04-30,12,8,4
2022-05-01,6,3,3
2022-05-01,8,7,1
2022-05-01,7,3,4
2022-05-01,6,2,4
2022-05-01,4,3,1
2022-05-01,4,2,2
2022-05-01,3,2,1
2022-05-01,17,6,11
2022-05-01,17,9,8
2022-05-01,19,9,10
2022-05-01,24,16,8
2022-05-01,31,19,12
2022-05-01,38,17,21
2022-05-01,45,21,24
2022-05-01,47,22,25
2022-05-01,45,29,16
2022-05-01,49,27,22
2022-05-01,37,22,15
2022-05-01,33,12,21
2022-05-01,28,11,17
2022-05-01,26,16,10
2022-05-01,12,8,4
2022-05-01,8,4,4
2022-05-01,6,4,2
2022-05-02,3,2,1
2022-05-02,0,0,0
2022-05-02,1,1,0
2022-05-02,1,0,1
2022-05-02,2,1,1
2022-05-02,9,2,7
2022-05-02,20,7,13
2022-05-02,22,3,19
2022-05-02,26,9,17
2022-05-02,19,7,12
2022-05-02,19,14,5
2022-05-02,14,7,7
2022-05-02,11,8,3
2022-05-02,8,3,5
2022-05-02,24,15,9
2022-05-02,34,27,7
2022-05-02,51,32,19
2022-05-02,48,25,23
2022-05-02,23,12,11
2022-05-02,28,21,7
2022-05-02,9,3,6
2022-05-02,5,1,4
2022-05-02,12,6,6
2022-05-02,8,7,1
2022-05-03,1,0,1
2022-05-03,5,4,1
2022-05-03,0,0,0
2022-05-03,3,2,1
2022-05-03,2,0,2
2022-05-03,14,3,11
2022-05-03,29,10,19
2022-05-03,48,16,32
2022-05-03,60,28,32
2022-05-03,37,16,21
2022-05-03,16,11,5
2022-05-03,16,10,6
2022-05-03,28,19,9
2022-05-03,33,16,17
2022-05-03,34,18,16
2022-05-03,54,36,18
2022-05-03,88,52,36
2022-05-03,95,56,39
2022-05-03,55,27,28
2022-05-03,25,18,7
2022-05-03,23,6,17
2022-05-03,12,11,1
2022-05-03,6,4,2
2022-05-03,15,12,3
2022-05-04,1,0,1
2022-05-04,3,1,2
2022-05-04,1,0,1
2022-05-04,0,0,0
2022-05-04,5,4,1
2022-05-04,19,5,14
2022-05-04,24,7,17
2022-05-04,41,15,26
2022-05-04,74,22,52
2022-05-04,53,25,28
2022-05-04,27,14,13
2022-05-04,27,17,10
2022-05-04,36,20,16
2022-05-04,37,29,8
2022-05-04,49,30,19
2022-05-04,62,47,15
2022-05-04,127,98,29
2022-05-04,224,184,40
2022-05-04,150,120,30
2022-05-04,40,30,10
2022-05-04,22,7,15
2022-05-04,210,14,196
2022-05-04,88,19,69
2022-05-04,25,8,17
2022-05-05,8,2,6
2022-05-05,6,4,2
2022-05-05,1,0,1
2022-05-05,2,1,1
2022-05-05,3,2,1
2022-05-05,14,4,10
2022-05-05,22,5,17
2022-05-05,34,13,21
2022-05-05,39,13,26
2022-05-05,16,7,9
2022-05-05,15,10,5
2022-05-05,15,6,9
2022-05-05,15,9,6
2022-05-05,17,10,7
2022-05-05,26,19,7
2022-05-05,35,21,14
2022-05-05,38,21,17
2022-05-05,41,28,13
2022-05-05,30,19,11
2022-05-05,14,6,8
2022-05-05,10,4,6
2022-05-05,15,2,13
2022-05-05,13,5,8
2022-05-05,5,2,3
2022-05-06,7,4,3
2022-05-06,2,2,0
2022-05-06,5,5,0
2022-05-06,3,0,3
2022-05-06,2,0,2
2022-05-06,12,3,9
2022-05-06,16,3,13
2022-05-06,18,6,12
2022-05-06,33,15,18
2022-05-06,28,19,9
2022-05-06,20,12,8
2022-05-06,15,11,4
2022-05-06,21,6,15
2022-05-06,15,9,6
2022-05-06,33,21,12
2022-05-06,29,19,10
2022-05-06,57,39,18
2022-05-06,63,45,18
2022-05-06,39,27,12
2022-05-06,26,17,9
2022-05-06,12,7,5
2022-05-06,17,10,7
2022-05-06,21,5,16
2022-05-06,8,6,2
2022-05-07,13,2,11
2022-05-07,6,5,1
2022-05-07,6,3,3
2022-05-07,2,0,2
2022-05-07,1,0,1
2022-05-07,2,0,2
2022-05-07,1,1,0
2022-05-07,5,2,3
2022-05-07,4,2,2
2022-05-07,8,1,7
2022-05-07,16,7,9
2022-05-07,27,19,8
2022-05-07,16,10,6
2022-05-07,25,17,8
2022-05-07,26,17,9
2022-05-07,26,16,10
2022-05-07,42,24,18
2022-05-07,35,25,10
2022-05-07,25,19,6
2022-05-07,19,9,10
2022-05-07,24,10,14
2022-05-07,17,1,16
2022-05-07,11,5,6
2022-05-07,14,9,5
2022-05-08,7,3,4
2022-05-08,3,1,2
2022-05-08,4,0,4
2022-05-08,4,2,2
2022-05-08,1,0,1
2022-05-08,2,0,2
2022-05-08,3,2,1
2022-05-08,6,2,4
2022-05-08,6,5,1
2022-05-08,17,11,6
2022-05-08,27,17,10
2022-05-08,23,14,9
2022-05-08,30,23,7
2022-05-08,28,20,8
2022-05-08,33,18,15
2022-05-08,31,18,13
2022-05-08,46,18,28
2022-05-08,43,16,27
2022-05-08,27,13,14
2022-05-08,24,10,14
2022-05-08,12,6,6
2022-05-08,5,1,4
2022-05-08,8,7,1
2022-05-08,6,3,3
2022-05-09,5,3,2
2022-05-09,2,1,1
2022-05-09,0,0,0
2022-05-09,2,0,2
2022-05-09,1,0,1
2022-05-09,11,5,6
2022-05-09,24,5,19
2022-05-09,37,14,23
2022-05-09,42,18,24
2022-05-09,27,14,13
2022-05-09,18,8,10
2022-05-09,32,21,11
2022-05-09,29,16,13
2022-05-09,27,14,13
2022-05-09,35,19,16
2022-05-09,49,32,17
2022-05-09,61,40,21
2022-05-09,74,60,14
2022-05-09,50,36,14
2022-05-09,21,10,11
2022-05-09,16,10,6
2022-05-09,19,2,17
2022-05-09,15,4,11
2022-05-09,4,2,2
2022-05-10,2,1,1
2022-05-10,0,0,0
2022-05-10,0,0,0
2022-05-10,1,1,0
2022-05-10,0,0,0
2022-05-10,16,5,11
2022-05-10,28,13,15
2022-05-10,58,23,35
2022-05-10,65,16,49
2022-05-10,36,8,28
2022-05-10,21,9,12
2022-05-10,31,16,15
2022-05-10,31,15,16
2022-05-10,40,22,18
2022-05-10,24,15,9
2022-05-10,65,49,16
2022-05-10,110,68,42
2022-05-10,115,81,34
2022-05-10,62,46,16
2022-05-10,34,18,16
2022-05-10,27,10,17
2022-05-10,21,7,14
2022-05-10,24,4,20
2022-05-10,5,2,3
2022-05-11,2,1,1
2022-05-11,0,0,0
2022-05-11,0,0,0
2022-05-11,2,0,2
2022-05-11,1,1,0
2022-05-11,13,5,8
2022-05-11,29,4,25
2022-05-11,45,22,23
2022-05-11,63,30,33
2022-05-11,50,24,26
2022-05-11,25,9,16
2022-05-11,23,13,10
2022-05-11,56,45,11
2022-05-11,36,21,15
2022-05-11,38,20,18
2022-05-11,62,42,20
2022-05-11,90,54,36
2022-05-11,117,70,47
2022-05-11,72,29,43
2022-05-11,28,14,14
2022-05-11,21,7,14
2022-05-11,10,9,1
2022-05-11,6,3,3
2022-05-11,3,2,1
2022-05-12,1,0,1
2022-05-12,0,0,0
2022-05-12,0,0,0
2022-05-12,1,1,0
2022-05-12,4,2,2
2022-05-12,12,3,9
2022-05-12,13,3,10
2022-05-12,29,10,19
2022-05-12,44,15,29
2022-05-12,33,15,18
2022-05-12,7,5,2
2022-05-12,11,3,8
2022-05-12,11,5,6
2022-05-12,13,6,7
2022-05-12,11,7,4
2022-05-12,16,14,2
2022-05-12,36,27,9
2022-05-12,59,36,23
2022-05-12,34,22,12
2022-05-12,25,14,11
2022-05-12,15,7,8
2022-05-12,4,3,1
2022-05-12,4,2,2
2022-05-12,2,0,2
2022-05-13,2,2,0
2022-05-13,0,0,0
2022-05-13,1,1,0
2022-05-13,1,1,0
2022-05-13,4,2,2
2022-05-13,9,5,4
2022-05-13,23,7,16
2022-05-13,35,10,25
2022-05-13,46,23,23
2022-05-13,38,22,16
2022-05-13,20,12,8
2022-05-13,21,13,8
2022-05-13,30,16,14
2022-05-13,32,21,11
2022-05-13,44,23,21
2022-05-13,58,36,22
2022-05-13,67,32,35
2022-05-13,86,47,39
2022-05-13,39,23,16
2022-05-13,37,22,15
2022-05-13,23,13,10
2022-05-13,31,18,13
2022-05-13,15,8,7
2022-05-13,10,0,10
2022-05-14,11,4,7
2022-05-14,7,3,4
2022-05-14,1,1,0
2022-05-14,5,1,4
2022-05-14,1,0,1
2022-05-14,6,2,4
2022-05-14,4,3,1
2022-05-14,3,2,1
2022-05-14,4,2,2
2022-05-14,10,5,5
2022-05-14,20,13,7
2022-05-14,27,15,12
2022-05-14,38,22,16
2022-05-14,27,14,13
2022-05-14,35,13,22
2022-05-14,31,14,17
2022-05-14,43,17,26
2022-05-14,44,19,25
2022-05-14,45,18,27
2022-05-14,21,9,12
2022-05-14,13,1,12
2022-05-14,15,10,5
2022-05-14,8,2,6
2022-05-14,10,5,5
2022-05-15,8,3,5
2022-05-15,7,6,1
2022-05-15,1,0,1
2022-05-15,3,2,1
2022-05-15,0,0,0
2022-05-15,2,1,1
2022-05-15,7,6,1
2022-05-15,8,5,3
2022-05-15,9,5,4
2022-05-15,3,2,1
2022-05-15,6,3,3
2022-05-15,6,5,1
2022-05-15,17,12,5
2022-05-15,16,12,4
2022-05-15,10,4,6
2022-05-15,32,6,26
2022-05-15,4,1,3
2022-05-15,9,3,6
2022-05-15,7,2,5
2022-05-15,19,7,12
2022-05-15,13,7,6
2022-05-15,5,3,2
2022-05-15,2,1,1
2022-05-15,2,2,0
2022-05-16,2,1,1
2022-05-16,2,1,1
2022-05-16,0,0,0
2022-05-16,2,1,1
2022-05-16,2,1,1
2022-05-16,9,3,6
2022-05-16,25,4,21
2022-05-16,46,20,26
2022-05-16,52,19,33
2022-05-16,30,15,15
2022-05-16,22,9,13
2022-05-16,26,14,12
2022-05-16,21,11,10
2022-05-16,22,15,7
2022-05-16,28,17,11
2022-05-16,42,30,12
2022-05-16,67,45,22
2022-05-16,85,51,34
2022-05-16,60,33,27
2022-05-16,21,8,13
2022-05-16,15,8,7
2022-05-16,12,4,8
2022-05-16,9,3,6
2022-05-16,4,3,1
2022-05-17,1,0,1
2022-05-17,0,0,0
2022-05-17,2,2,0
2022-05-17,2,1,1
2022-05-17,1,0,1
2022-05-17,16,6,10
2022-05-17,31,8,23
2022-05-17,48,12,36
2022-05-17,86,35,51
2022-05-17,40,17,23
2022-05-17,25,13,12
2022-05-17,23,11,12
2022-05-17,43,19,24
2022-05-17,25,18,7
2022-05-17,39,17,22
2022-05-17,60,41,19
2022-05-17,93,64,29
2022-05-17,101,59,42
2022-05-17,64,41,23
2022-05-17,32,23,9
2022-05-17,17,7,10
2022-05-17,18,6,12
2022-05-17,9,4,5
2022-05-17,4,2,2
2022-05-18,5,5,0
2022-05-18,3,0,3
2022-05-18,2,1,1
2022-05-18,1,0,1
2022-05-18,3,1,2
2022-05-18,12,2,10
2022-05-18,18,3,15
2022-05-18,28,9,19
2022-05-18,54,18,36
2022-05-18,23,11,12
2022-05-18,8,4,4
2022-05-18,24,14,10
2022-05-18,22,12,10
2022-05-18,22,13,9
2022-05-18,25,16,9
2022-05-18,35,27,8
2022-05-18,79,57,22
2022-05-18,77,47,30
2022-05-18,42,30,12
2022-05-18,16,8,8
2022-05-18,16,7,9
2022-05-18,24,8,16
2022-05-18,9,5,4
2022-05-18,5,3,2
2022-05-19,2,2,0
2022-05-19,2,1,1
2022-05-19,0,0,0
2022-05-19,2,1,1
2022-05-19,1,1,0
2022-05-19,12,3,9
2022-05-19,28,12,16
2022-05-19,44,18,26
2022-05-19,63,25,38
2022-05-19,43,18,25
2022-05-19,20,10,10
2022-05-19,20,10,10
2022-05-19,27,10,17
2022-05-19,38,21,17
2022-05-19,33,19,14
2022-05-19,55,39,16
2022-05-19,92,59,33
2022-05-19,111,67,44
2022-05-19,56,30,26
2022-05-19,40,19,21
2022-05-19,19,10,9
2022-05-19,11,5,6
2022-05-19,12,10,2
2022-05-19,8,2,6
2022-05-20,6,5,1
2022-05-20,3,1,2
2022-05-20,3,3,0
2022-05-20,1,1,0
2022-05-20,1,0,1
2022-05-20,8,2,6
2022-05-20,24,7,17
2022-05-20,56,26,30
2022-05-20,56,18,38
2022-05-20,55,33,22
2022-05-20,23,12,11
2022-05-20,37,24,13
2022-05-20,34,14,20
2022-05-20,31,17,14
2022-05-20,50,24,26
2022-05-20,64,40,24
2022-05-20,74,43,31
2022-05-20,66,41,25
2022-05-20,66,36,30
2022-05-20,46,24,22
2022-05-20,34,22,12
2022-05-20,16,7,9
2022-05-20,8,3,5
2022-05-20,17,8,9
2022-05-21,11,6,5
2022-05-21,4,1,3
2022-05-21,3,1,2
2022-05-21,3,1,2
2022-05-21,5,2,3
2022-05-21,4,2,2
2022-05-21,0,0,0
2022-05-21,11,7,4
2022-05-21,16,9,7
2022-05-21,25,17,8
2022-05-21,43,19,24
2022-05-21,37,24,13
2022-05-21,50,26,24
2022-05-21,41,22,19
2022-05-21,46,29,17
2022-05-21,47,22,25
2022-05-21,64,30,34
2022-05-21,54,27,27
2022-05-21,41,17,24
2022-05-21,43,14,29
2022-05-21,40,16,24
2022-05-21,25,15,10
2022-05-21,12,6,6
2022-05-21,21,10,11
2022-05-22,17,5,12
2022-05-22,4,2,2
2022-05-22,5,2,3
2022-05-22,5,3,2
2022-05-22,1,0,1
2022-05-22,3,1,2
2022-05-22,2,2,0
2022-05-22,7,3,4
2022-05-22,12,8,4
2022-05-22,21,6,15
2022-05-22,42,30,12
2022-05-22,31,13,18
2022-05-22,50,28,22
2022-05-22,58,25,33
2022-05-22,48,33,15
2022-05-22,34,15,19
2022-05-22,32,15,17
2022-05-22,43,20,23
2022-05-22,38,16,22
2022-05-22,28,13,15
2022-05-22,21,9,12
2022-05-22,11,6,5
2022-05-22,3,1,2
2022-05-22,3,3,0
2022-05-23,8,5,3
2022-05-23,1,0,1
2022-05-23,1,1,0
2022-05-23,2,1,1
2022-05-23,4,1,3
2022-05-23,16,5,11
2022-05-23,19,7,12
2022-05-23,42,15,27
2022-05-23,62,20,42
2022-05-23,29,19,10
2022-05-23,23,14,9
2022-05-23,27,12,15
2022-05-23,28,18,10
2022-05-23,30,20,10
2022-05-23,38,27,11
2022-05-23,34,25,9
2022-05-23,82,58,24
2022-05-23,93,57,36
2022-05-23,83,62,21
2022-05-23,39,28,11
2022-05-23,27,10,17
2022-05-23,18,3,15
2022-05-23,45,8,37
2022-05-23,5,1,4
2022-05-24,4,0,4
2022-05-24,0,0,0
2022-05-24,2,1,1
2022-05-24,1,0,1
2022-05-24,1,0,1
2022-05-24,19,7,12
2022-05-24,36,10,26
2022-05-24,59,25,34
2022-05-24,81,25,56
2022-05-24,47,20,27
2022-05-24,16,5,11
2022-05-24,22,6,16
2022-05-24,22,12,10
2022-05-24,28,12,16
2022-05-24,46,28,18
2022-05-24,52,38,14
2022-05-24,99,63,36
2022-05-24,88,64,24
2022-05-24,69,51,18
2022-05-24,19,9,10
2022-05-24,13,4,9
2022-05-24,23,6,17
2022-05-24,45,8,37
2022-05-24,1,1,0
2022-05-25,2,0,2
2022-05-25,1,1,0
2022-05-25,6,4,2
2022-05-25,1,0,1
2022-05-25,2,1,1
2022-05-25,24,6,18
2022-05-25,32,8,24
2022-05-25,40,16,24
2022-05-25,73,21,52
2022-05-25,33,19,14
2022-05-25,20,8,12
2022-05-25,28,15,13
2022-05-25,54,36,18
2022-05-25,32,27,5
2022-05-25,32,21,11
2022-05-25,60,39,21
2022-05-25,114,60,54
2022-05-25,122,71,51
2022-05-25,78,44,34
2022-05-25,33,19,14
2022-05-25,20,8,12
2022-05-25,21,6,15
2022-05-25,12,7,5
2022-05-25,9,6,3
2022-05-26,4,2,2
2022-05-26,3,0,3
2022-05-26,1,1,0
2022-05-26,0,0,0
2022-05-26,4,3,1
2022-05-26,21,6,15
2022-05-26,26,4,22
2022-05-26,47,16,31
2022-05-26,67,22,45
2022-05-26,33,18,15
2022-05-26,11,5,6
2022-05-26,14,5,9
2022-05-26,26,18,8
2022-05-26,24,14,10
2022-05-26,50,34,16
2022-05-26,50,27,23
2022-05-26,61,45,16
2022-05-26,84,58,26
2022-05-26,38,26,12
2022-05-26,23,14,9
2022-05-26,17,4,13
2022-05-26,8,7,1
2022-05-26,8,7,1
2022-05-26,14,9,5
2022-05-27,2,1,1
2022-05-27,2,1,1
2022-05-27,1,1,0
2022-05-27,3,2,1
2022-05-27,4,2,2
2022-05-27,15,5,10
2022-05-27,18,6,12
2022-05-27,31,8,23
2022-05-27,36,12,24
2022-05-27,33,16,17
2022-05-27,29,13,16
2022-05-27,21,10,11
2022-05-27,33,14,19
2022-05-27,40,25,15
2022-05-27,46,32,14
2022-05-27,68,47,21
2022-05-27,66,44,22
2022-05-27,76,52,24
2022-05-27,79,50,29
2022-05-27,49,31,18
2022-05-27,37,20,17
2022-05-27,60,15,45
2022-05-27,27,9,18
2022-05-27,15,7,8
2022-05-28,9,3,6
2022-05-28,0,0,0
2022-05-28,3,2,1
2022-05-28,4,3,1
2022-05-28,2,0,2
2022-05-28,3,1,2
2022-05-28,3,3,0
2022-05-28,8,2,6
2022-05-28,8,2,6
2022-05-28,6,4,2
2022-05-28,21,13,8
2022-05-28,13,5,8
2022-05-28,22,11,11
2022-05-28,31,19,12
2022-05-28,26,12,14
2022-05-28,36,26,10
2022-05-28,29,18,11
2022-05-28,19,13,6
2022-05-28,22,14,8
2022-05-28,18,14,4
2022-05-28,9,3,6
2022-05-28,3,1,2
2022-05-28,15,3,12
2022-05-28,12,4,8
2022-05-29,5,2,3
2022-05-29,2,2,0
2022-05-29,2,1,1
2022-05-29,2,2,0
2022-05-29,2,1,1
2022-05-29,3,2,1
2022-05-29,2,1,1
2022-05-29,5,0,5
2022-05-29,13,6,7
2022-05-29,8,6,2
2022-05-29,14,11,3
2022-05-29,31,22,9
2022-05-29,40,30,10
2022-05-29,29,19,10
2022-05-29,17,7,10
2022-05-29,23,14,9
2022-05-29,29,6,23
2022-05-29,28,18,10
2022-05-29,26,23,3
2022-05-29,6,2,4
2022-05-29,20,6,14
2022-05-29,28,5,23
2022-05-29,10,5,5
2022-05-29,8,4,4
2022-05-30,2,0,2
2022-05-30,3,2,1
2022-05-30,3,1,2
2022-05-30,3,3,0
2022-05-30,2,2,0
2022-05-30,2,2,0
2022-05-30,3,3,0
2022-05-30,13,7,6
2022-05-30,5,2,3
2022-05-30,13,7,6
2022-05-30,10,5,5
2022-05-30,39,23,16
2022-05-30,53,23,30
2022-05-30,34,11,23
2022-05-30,41,25,16
2022-05-30,35,16,19
2022-05-30,44,24,20
2022-05-30,33,15,18
2022-05-30,30,19,11
2022-05-30,17,9,8
2022-05-30,14,2,12
2022-05-30,5,3,2
2022-05-30,4,2,2
2022-05-30,4,1,3
2022-05-31,7,4,3
2022-05-31,2,2,0
2022-05-31,1,0,1
2022-05-31,1,1,0
2022-05-31,0,0,0
2022-05-31,15,4,11
2022-05-31,36,14,22
2022-05-31,47,12,35
2022-05-31,76,22,54
2022-05-31,53,16,37
2022-05-31,26,15,11
2022-05-31,25,14,11
2022-05-31,35,12,23
2022-05-31,30,21,9
2022-05-31,48,33,15
2022-05-31,54,34,20
2022-05-31,96,67,29
2022-05-31,108,71,37
2022-05-31,52,38,14
2022-05-31,38,10,28
2022-05-31,27,9,18
2022-05-31,21,11,10
2022-05-31,10,6,4
2022-05-31,7,4,3
2022-06-01,6,4,2
2022-06-01,3,0,3
2022-06-01,3,2,1
2022-06-01,6,2,4
2022-06-01,0,0,0
2022-06-01,17,4,13
2022-06-01,48,17,31
2022-06-01,55,20,35
2022-06-01,78,29,49
2022-06-01,50,20,30
2022-06-01,25,11,14
2022-06-01,22,7,15
2022-06-01,40,24,16
2022-06-01,31,21,10
2022-06-01,38,24,14
2022-06-01,56,42,14
2022-06-01,91,67,24
2022-06-01,115,75,40
2022-06-01,42,30,12
2022-06-01,20,13,7
2022-06-01,27,11,16
2022-06-01,17,7,10
2022-06-01,12,8,4
2022-06-01,10,4,6
2022-06-02,13,8,5
2022-06-02,1,0,1
2022-06-02,0,0,0
2022-06-02,4,2,2
2022-06-02,3,2,1
2022-06-02,19,8,11
2022-06-02,29,10,19
2022-06-02,51,18,33
2022-06-02,92,29,63
2022-06-02,53,30,23
2022-06-02,17,6,11
2022-06-02,24,14,10
2022-06-02,6,1,5
2022-06-02,35,21,14
2022-06-02,45,31,14
2022-06-02,54,37,17
2022-06-02,86,61,25
2022-06-02,101,66,35
2022-06-02,45,26,19
2022-06-02,25,13,12
2022-06-02,14,10,4
2022-06-02,14,9,5
2022-06-02,18,9,9
2022-06-02,11,3,8
2022-06-03,5,1,4
2022-06-03,4,0,4
2022-06-03,1,1,0
2022-06-03,3,2,1
2022-06-03,2,2,0
2022-06-03,14,3,11
2022-06-03,20,6,14
2022-06-03,23,5,18
2022-06-03,29,8,21
2022-06-03,14,7,7
2022-06-03,14,8,6
2022-06-03,12,11,1
2022-06-03,13,5,8
2022-06-03,10,2,8
2022-06-03,9,2,7
2022-06-03,40,30,10
2022-06-03,56,30,26
2022-06-03,45,28,17
2022-06-03,41,26,15
2022-06-03,25,14,11
2022-06-03,14,9,5
2022-06-03,15,9,6
2022-06-03,3,0,3
2022-06-03,4,2,2
2022-06-04,7,3,4
2022-06-04,5,2,3
2022-06-04,3,2,1
2022-06-04,5,3,2
2022-06-04,1,0,1
2022-06-04,3,0,3
2022-06-04,4,2,2
2022-06-04,11,5,6
2022-06-04,19,11,8
2022-06-04,23,9,14
2022-06-04,37,19,18
2022-06-04,51,31,20
2022-06-04,30,16,14
2022-06-04,49,36,13
2022-06-04,60,36,24
2022-06-04,53,31,22
2022-06-04,57,41,16
2022-06-04,60,51,9
2022-06-04,72,58,14
2022-06-04,46,32,14
2022-06-04,8,2,6
2022-06-04,8,4,4
2022-06-04,16,2,14
2022-06-04,113,18,95
2022-06-05,17,8,9
2022-06-05,3,2,1
2022-06-05,1,1,0
2022-06-05,1,1,0
2022-06-05,1,0,1
2022-06-05,1,0,1
2022-06-05,1,1,0
2022-06-05,5,1,4
2022-06-05,4,1,3
2022-06-05,6,2,4
2022-06-05,12,6,6
2022-06-05,17,11,6
2022-06-05,20,10,10
2022-06-05,27,16,11
2022-06-05,34,20,14
2022-06-05,21,11,10
2022-06-05,31,20,11
2022-06-05,43,26,17
2022-06-05,20,8,12
2022-06-05,29,19,10
2022-06-05,15,8,7
2022-06-05,11,6,5
2022-06-05,10,5,5
2022-06-05,6,3,3
2022-06-06,2,0,2
2022-06-06,2,1,1
2022-06-06,0,0,0
2022-06-06,2,1,1
2022-06-06,2,1,1
2022-06-06,19,8,11
2022-06-06,28,13,15
2022-06-06,46,15,31
2022-06-06,57,22,35
2022-06-06,35,14,21
2022-06-06,20,11,9
2022-06-06,23,13,10
2022-06-06,34,18,16
2022-06-06,26,18,8
2022-06-06,39,25,14
2022-06-06,51,36,15
2022-06-06,80,47,33
2022-06-06,102,62,40
2022-06-06,50,28,22
2022-06-06,52,17,35
2022-06-06,40,12,28
2022-06-06,28,8,20
2022-06-06,10,5,5
2022-06-06,8,1,7
2022-06-07,1,1,0
2022-06-07,4,2,2
2022-06-07,1,0,1
2022-06-07,2,1,1
2022-06-07,2,1,1
2022-06-07,19,5,14
2022-06-07,36,6,30
2022-06-07,69,24,45
2022-06-07,99,38,61
2022-06-07,51,26,25
2022-06-07,31,16,15
2022-06-07,35,15,20
2022-06-07,32,16,16
2022-06-07,37,22,15
2022-06-07,47,30,17
2022-06-07,59,36,23
2022-06-07,106,62,44
2022-06-07,125,78,47
2022-06-07,79,58,21
2022-06-07,42,28,14
2022-06-07,28,17,11
2022-06-07,9,2,7
2022-06-07,2,0,2
2022-06-07,3,1,2
2022-06-08,7,5,2
2022-06-08,6,0,6
2022-06-08,0,0,0
2022-06-08,2,2,0
2022-06-08,1,1,0
2022-06-08,22,5,17
2022-06-08,38,15,23
2022-06-08,59,26,33
2022-06-08,78,29,49
2022-06-08,47,17,30
2022-06-08,38,22,16
2022-06-08,36,13,23
2022-06-08,31,13,18
2022-06-08,47,23,24
2022-06-08,32,15,17
2022-06-08,55,40,15
2022-06-08,107,66,41
2022-06-08,113,69,44
2022-06-08,60,39,21
2022-06-08,42,20,22
2022-06-08,30,13,17
2022-06-08,28,12,16
2022-06-08,13,6,7
2022-06-08,14,9,5
2022-06-09,11,5,6
2022-06-09,2,2,0
2022-06-09,3,2,1
2022-06-09,3,3,0
2022-06-09,3,1,2
2022-06-09,20,7,13
2022-06-09,20,5,15
2022-06-09,27,10,17
2022-06-09,41,19,22
2022-06-09,22,11,11
2022-06-09,11,8,3
2022-06-09,11,6,5
2022-06-09,15,7,8
2022-06-09,12,6,6
2022-06-09,15,12,3
2022-06-09,17,13,4
2022-06-09,40,26,14
2022-06-09,36,26,10
2022-06-09,25,14,11
2022-06-09,15,8,7
2022-06-09,12,6,6
2022-06-09,8,7,1
2022-06-09,6,4,2
2022-06-09,7,4,3
2022-06-10,4,4,0
2022-06-10,1,0,1
2022-06-10,2,2,0
2022-06-10,2,2,0
2022-06-10,1,0,1
2022-06-10,18,8,10
2022-06-10,22,8,14
2022-06-10,37,13,24
2022-06-10,31,13,18
2022-06-10,37,16,21
2022-06-10,23,10,13
2022-06-10,31,15,16
2022-06-10,39,22,17
2022-06-10,35,22,13
2022-06-10,38,26,12
2022-06-10,54,31,23
2022-06-10,53,35,18
2022-06-10,49,25,24
2022-06-10,35,29,6
2022-06-10,22,12,10
2022-06-10,16,9,7
2022-06-10,10,8,2
2022-06-10,15,7,8
2022-06-10,32,4,28
2022-06-11,15,4,11
2022-06-11,4,1,3
2022-06-11,11,6,5
2022-06-11,4,3,1
2022-06-11,2,1,1
2022-06-11,5,3,2
2022-06-11,2,1,1
2022-06-11,8,3,5
2022-06-11,10,7,3
2022-06-11,35,21,14
2022-06-11,40,28,12
2022-06-11,47,24,23
2022-06-11,34,16,18
2022-06-11,55,37,18
2022-06-11,63,33,30
2022-06-11,66,33,33
2022-06-11,98,56,42
2022-06-11,66,45,21
2022-06-11,94,74,20
2022-06-11,59,39,20
2022-06-11,27,7,20
2022-06-11,32,6,26
2022-06-11,42,14,28
2022-06-11,47,10,37
2022-06-12,13,4,9
2022-06-12,8,5,3
2022-06-12,6,4,2
2022-06-12,3,3,0
2022-06-12,3,1,2
2022-06-12,4,3,1
2022-06-12,3,2,1
2022-06-12,10,4,6
2022-06-12,9,5,4
2022-06-12,18,12,6
2022-06-12,21,11,10
2022-06-12,38,26,12
2022-06-12,57,47,10
2022-06-12,39,26,13
2022-06-12,21,15,6
2022-06-12,120,60,60
2022-06-12,65,20,45
2022-06-12,25,14,11
2022-06-12,23,7,16
2022-06-12,21,8,13
2022-06-12,11,6,5
2022-06-12,3,1,2
2022-06-12,17,7,10
2022-06-12,4,0,4
2022-06-13,3,1,2
2022-06-13,1,0,1
2022-06-13,0,0,0
2022-06-13,2,0,2
2022-06-13,2,1,1
2022-06-13,14,4,10
2022-06-13,29,13,16
2022-06-13,38,12,26
2022-06-13,54,20,34
2022-06-13,38,21,17
2022-06-13,18,7,11
2022-06-13,25,14,11
2022-06-13,21,12,9
2022-06-13,25,12,13
2022-06-13,28,23,5
2022-06-13,49,29,20
2022-06-13,55,40,15
2022-06-13,86,57,29
2022-06-13,63,48,15
2022-06-13,23,12,11
2022-06-13,17,7,10
2022-06-13,23,13,10
2022-06-13,24,5,19
2022-06-13,14,0,14
2022-06-14,6,2,4
2022-06-14,5,1,4
2022-06-14,2,2,0
2022-06-14,0,0,0
2022-06-14,2,2,0
2022-06-14,19,4,15
2022-06-14,39,10,29
2022-06-14,49,21,28
2022-06-14,90,37,53
2022-06-14,41,17,24
2022-06-14,26,11,15
2022-06-14,26,16,10
2022-06-14,27,13,14
2022-06-14,42,22,20
2022-06-14,47,31,16
2022-06-14,66,42,24
2022-06-14,102,70,32
2022-06-14,129,83,46
2022-06-14,105,77,28
2022-06-14,53,40,13
2022-06-14,34,19,15
2022-06-14,82,8,74
2022-06-14,31,7,24
2022-06-14,16,7,9
2022-06-15,6,1,5
2022-06-15,3,1,2
2022-06-15,1,0,1
2022-06-15,2,2,0
2022-06-15,2,2,0
2022-06-15,28,7,21
2022-06-15,33,8,25
2022-06-15,45,16,29
2022-06-15,78,28,50
2022-06-15,59,29,30
2022-06-15,15,13,2
2022-06-15,31,14,17
2022-06-15,47,33,14
2022-06-15,39,28,11
2022-06-15,51,28,23
2022-06-15,67,38,29
2022-06-15,104,63,41
2022-06-15,125,77,48
2022-06-15,73,55,18
2022-06-15,35,14,21
2022-06-15,17,7,10
2022-06-15,12,5,7
2022-06-15,17,12,5
2022-06-15,9,6,3
2022-06-16,3,2,1
2022-06-16,4,3,1
2022-06-16,1,1,0
2022-06-16,2,1,1
2022-06-16,4,3,1
2022-06-16,14,5,9
2022-06-16,22,3,19
2022-06-16,42,13,29
2022-06-16,63,26,37
2022-06-16,42,16,26
2022-06-16,31,9,22
2022-06-16,28,13,15
2022-06-16,30,16,14
2022-06-16,45,28,17
2022-06-16,51,25,26
2022-06-16,58,42,16
2022-06-16,108,74,34
2022-06-16,145,102,43
2022-06-16,83,60,23
2022-06-16,49,28,21
2022-06-16,30,17,13
2022-06-16,35,11,24
2022-06-16,52,10,42
2022-06-16,13,7,6
2022-06-17,12,10,2
2022-06-17,2,1,1
2022-06-17,1,1,0
2022-06-17,2,2,0
2022-06-17,3,3,0
2022-06-17,13,4,9
2022-06-17,19,6,13
2022-06-17,32,7,25
2022-06-17,34,13,21
2022-06-17,31,11,20
2022-06-17,31,22,9
2022-06-17,20,12,8
2022-06-17,23,9,14
2022-06-17,35,25,10
2022-06-17,24,14,10
2022-06-17,30,20,10
2022-06-17,46,32,14
2022-06-17,51,33,18
2022-06-17,45,33,12
2022-06-17,0,0,0
2022-06-17,1,0,1
2022-06-17,5,0,5
2022-06-17,2,0,2
2022-06-17,0,0,0
2022-06-18,1,0,1
2022-06-18,0,0,0
2022-06-18,0,0,0
2022-06-18,0,0,0
2022-06-18,0,0,0
2022-06-18,0,0,0
2022-06-18,0,0,0
2022-06-18,0,0,0
2022-06-18,1,1,0
2022-06-18,2,1,1
2022-06-18,4,1,3
2022-06-18,5,2,3
2022-06-18,5,1,4
2022-06-18,3,1,2
2022-06-18,8,1,7
2022-06-18,5,1,4
2022-06-18,5,0,5
2022-06-18,5,3,2
2022-06-18,4,1,3
2022-06-18,8,3,5
2022-06-18,1,0,1
2022-06-18,4,2,2
2022-06-18,6,1,5
2022-06-18,3,0,3
2022-06-19,1,0,1
2022-06-19,2,0,2
2022-06-19,1,0,1
2022-06-19,0,0,0
2022-06-19,0,0,0
2022-06-19,1,1,0
2022-06-19,0,0,0
2022-06-19,1,0,1
2022-06-19,1,0,1
2022-06-19,1,0,1
2022-06-19,2,0,2
2022-06-19,3,1,2
2022-06-19,6,2,4
2022-06-19,2,1,1
2022-06-19,1,1,0
2022-06-19,0,0,0
2022-06-19,5,3,2
2022-06-19,8,2,6
2022-06-19,6,0,6
2022-06-19,0,0,0
2022-06-19,2,0,2
2022-06-19,9,3,6
2022-06-19,3,1,2
2022-06-19,0,0,0
2022-06-20,0,0,0
2022-06-20,0,0,0
2022-06-20,0,0,0
2022-06-20,0,0,0
2022-06-20,0,0,0
2022-06-20,9,4,5
2022-06-20,11,5,6
2022-06-20,22,8,14
2022-06-20,44,16,28
2022-06-20,30,17,13
2022-06-20,26,15,11
2022-06-20,28,16,12
2022-06-20,22,11,11
2022-06-20,43,17,26
2022-06-20,39,23,16
2022-06-20,52,35,17
2022-06-20,49,32,17
2022-06-20,72,44,28
2022-06-20,31,21,10
2022-06-20,49,29,20
2022-06-20,21,10,11
2022-06-20,18,12,6
2022-06-20,6,1,5
2022-06-20,6,4,2
2022-06-21,3,3,0
2022-06-21,0,0,0
2022-06-21,3,1,2
2022-06-21,3,1,2
2022-06-21,1,1,0
2022-06-21,19,5,14
2022-06-21,47,14,33
2022-06-21,62,24,38
2022-06-21,93,38,55
2022-06-21,54,20,34
2022-06-21,25,12,13
2022-06-21,28,11,17
2022-06-21,36,16,20
2022-06-21,30,15,15
2022-06-21,44,29,15
2022-06-21,63,38,25
2022-06-21,102,67,35
2022-06-21,115,79,36
2022-06-21,70,43,27
2022-06-21,46,23,23
2022-06-21,24,11,13
2022-06-21,21,9,12
2022-06-21,16,11,5
2022-06-21,5,2,3
2022-06-22,10,3,7
2022-06-22,2,1,1
2022-06-22,6,5,1
2022-06-22,1,1,0
2022-06-22,1,1,0
2022-06-22,21,7,14
2022-06-22,33,6,27
2022-06-22,51,16,35
2022-06-22,67,27,40
2022-06-22,39,17,22
2022-06-22,24,16,8
2022-06-22,18,11,7
2022-06-22,32,14,18
2022-06-22,34,23,11
2022-06-22,46,28,18
2022-06-22,53,33,20
2022-06-22,83,58,25
2022-06-22,107,66,41
2022-06-22,55,39,16
2022-06-22,42,22,20
2022-06-22,24,8,16
2022-06-22,23,14,9
2022-06-22,10,5,5
2022-06-22,13,4,9
2022-06-23,5,2,3
2022-06-23,2,2,0
2022-06-23,2,2,0
2022-06-23,1,1,0
2022-06-23,3,1,2
2022-06-23,22,6,16
2022-06-23,43,13,30
2022-06-23,62,17,45
2022-06-23,73,32,41
2022-06-23,45,25,20
2022-06-23,39,18,21
2022-06-23,27,13,14
2022-06-23,42,20,22
2022-06-23,49,35,14
2022-06-23,57,39,18
2022-06-23,72,49,23
2022-06-23,110,80,30
2022-06-23,132,79,53
2022-06-23,75,41,34
2022-06-23,47,28,19
2022-06-23,37,20,17
2022-06-23,27,20,7
2022-06-23,13,8,5
2022-06-23,9,7,2
2022-06-24,2,0,2
2022-06-24,1,1,0
2022-06-24,2,2,0
2022-06-24,1,1,0
2022-06-24,2,2,0
2022-06-24,22,8,14
2022-06-24,31,10,21
2022-06-24,36,13,23
2022-06-24,45,20,25
2022-06-24,35,18,17
2022-06-24,33,19,14
2022-06-24,34,22,12
2022-06-24,26,14,12
2022-06-24,41,24,17
2022-06-24,66,48,18
2022-06-24,62,48,14
2022-06-24,95,65,30
2022-06-24,110,50,60
2022-06-24,17,11,6
2022-06-24,68,36,32
2022-06-24,87,32,55
2022-06-24,27,17,10
2022-06-24,22,12,10
2022-06-24,14,9,5
2022-06-25,21,11,10
2022-06-25,3,2,1
2022-06-25,9,7,2
2022-06-25,1,0,1
2022-06-25,1,1,0
2022-06-25,8,3,5
2022-06-25,4,2,2
2022-06-25,13,8,5
2022-06-25,16,12,4
2022-06-25,29,22,7
2022-06-25,52,34,18
2022-06-25,101,84,17
2022-06-25,60,48,12
2022-06-25,42,18,24
2022-06-25,116,35,81
2022-06-25,58,38,20
2022-06-25,62,26,36
2022-06-25,42,22,20
2022-06-25,63,31,32
2022-06-25,42,34,8
2022-06-25,37,18,19
2022-06-25,25,16,9
2022-06-25,17,13,4
2022-06-25,19,13,6
2022-06-26,12,7,5
2022-06-26,12,3,9
2022-06-26,4,4,0
2022-06-26,1,0,1
2022-06-26,5,1,4
2022-06-26,3,2,1
2022-06-26,2,2,0
2022-06-26,8,2,6
2022-06-26,17,5,12
2022-06-26,37,24,13
2022-06-26,59,27,32
2022-06-26,46,17,29
2022-06-26,55,15,40
2022-06-26,53,26,27
2022-06-26,44,29,15
2022-06-26,70,41,29
2022-06-26,66,37,29
2022-06-26,56,40,16
2022-06-26,36,19,17
2022-06-26,27,16,11
2022-06-26,15,9,6
2022-06-26,24,13,11
2022-06-26,8,5,3
2022-06-26,6,2,4
2022-06-27,7,4,3
2022-06-27,1,0,1
2022-06-27,2,1,1
2022-06-27,2,2,0
2022-06-27,3,1,2
2022-06-27,16,6,10
2022-06-27,31,11,20
2022-06-27,57,18,39
2022-06-27,58,24,34
2022-06-27,52,25,27
2022-06-27,30,16,14
2022-06-27,21,13,8
2022-06-27,31,17,14
2022-06-27,24,11,13
2022-06-27,40,33,7
2022-06-27,57,47,10
2022-06-27,75,48,27
2022-06-27,104,71,33
2022-06-27,64,50,14
2022-06-27,46,28,18
2022-06-27,22,10,12
2022-06-27,49,15,34
2022-06-27,40,5,35
2022-06-27,10,4,6
2022-06-28,2,1,1
2022-06-28,0,0,0
2022-06-28,5,2,3
2022-06-28,3,2,1
2022-06-28,2,1,1
2022-06-28,14,3,11
2022-06-28,32,7,25
2022-06-28,70,31,39
2022-06-28,94,40,54
2022-06-28,53,20,33
2022-06-28,20,5,15
2022-06-28,22,9,13
2022-06-28,31,18,13
2022-06-28,27,15,12
2022-06-28,43,24,19
2022-06-28,49,33,16
2022-06-28,96,64,32
2022-06-28,121,77,44
2022-06-28,82,61,21
2022-06-28,34,22,12
2022-06-28,22,12,10
2022-06-28,35,11,24
2022-06-28,33,9,24
2022-06-28,7,4,3
2022-06-29,6,3,3
2022-06-29,2,1,1
2022-06-29,3,2,1
2022-06-29,3,3,0
2022-06-29,3,2,1
2022-06-29,14,5,9
2022-06-29,46,8,38
2022-06-29,66,18,48
2022-06-29,64,22,42
2022-06-29,48,27,21
2022-06-29,19,10,9
2022-06-29,43,26,17
2022-06-29,53,38,15
2022-06-29,50,33,17
2022-06-29,39,27,12
2022-06-29,69,44,25
2022-06-29,95,62,33
2022-06-29,155,102,53
2022-06-29,100,70,30
2022-06-29,38,25,13
2022-06-29,37,14,23
2022-06-29,77,13,64
2022-06-29,15,5,10
2022-06-29,9,3,6
2022-06-30,6,2,4
2022-06-30,4,1,3
2022-06-30,1,1,0
2022-06-30,0,0,0
2022-06-30,4,2,2
2022-06-30,12,3,9
2022-06-30,34,4,30
2022-06-30,55,18,37
2022-06-30,74,23,51
2022-06-30,46,22,24
2022-06-30,27,15,12
2022-06-30,28,18,10
2022-06-30,33,16,17
2022-06-30,42,27,15
2022-06-30,47,31,16
2022-06-30,72,46,26
2022-06-30,108,78,30
2022-06-30,122,85,37
2022-06-30,82,59,23
2022-06-30,49,34,15
2022-06-30,22,6,16
2022-06-30,36,7,29
2022-06-30,51,6,45
2022-06-30,6,1,5
2022-07-01,12,7,5
2022-07-01,4,3,1
2022-07-01,5,3,2
2022-07-01,3,1,2
2022-07-01,5,3,2
2022-07-01,10,1,9
2022-07-01,22,3,19
2022-07-01,38,15,23
2022-07-01,43,22,21
2022-07-01,28,8,20
2022-07-01,38,20,18
2022-07-01,31,17,14
2022-07-01,50,30,20
2022-07-01,60,33,27
2022-07-01,54,36,18
2022-07-01,64,41,23
2022-07-01,77,52,25
2022-07-01,85,55,30
2022-07-01,79,60,19
2022-07-01,40,26,14
2022-07-01,38,12,26
2022-07-01,26,10,16
2022-07-01,31,3,28
2022-07-01,22,10,12
2022-07-02,11,5,6
2022-07-02,5,4,1
2022-07-02,3,2,1
2022-07-02,6,5,1
2022-07-02,3,1,2
2022-07-02,5,1,4
2022-07-02,1,1,0
2022-07-02,10,6,4
2022-07-02,16,12,4
2022-07-02,22,18,4
2022-07-02,30,21,9
2022-07-02,37,30,7
2022-07-02,67,47,20
2022-07-02,61,36,25
2022-07-02,47,30,17
2022-07-02,49,20,29
2022-07-02,68,23,45
2022-07-02,57,19,38
2022-07-02,54,28,26
2022-07-02,28,10,18
2022-07-02,30,18,12
2022-07-02,14,7,7
2022-07-02,17,9,8
2022-07-02,9,4,5
2022-07-03,6,5,1
2022-07-03,6,1,5
2022-07-03,4,1,3
2022-07-03,6,2,4
2022-07-03,2,1,1
2022-07-03,2,1,1
2022-07-03,4,1,3
2022-07-03,2,0,2
2022-07-03,4,2,2
2022-07-03,13,9,4
2022-07-03,8,6,2
2022-07-03,21,12,9
2022-07-03,25,20,5
2022-07-03,21,15,6
2022-07-03,13,7,6
2022-07-03,18,8,10
2022-07-03,36,10,26
2022-07-03,17,10,7
2022-07-03,18,10,8
2022-07-03,6,3,3
2022-07-03,15,9,6
2022-07-03,12,9,3
2022-07-03,3,1,2
2022-07-03,4,1,3
2022-07-04,5,3,2
2022-07-04,13,2,11
2022-07-04,0,0,0
2022-07-04,1,1,0
2022-07-04,0,0,0
2022-07-04,0,0,0
2022-07-04,3,1,2
2022-07-04,9,1,8
2022-07-04,8,5,3
2022-07-04,11,3,8
2022-07-04,23,8,15
2022-07-04,30,22,8
2022-07-04,27,18,9
2022-07-04,38,20,18
2022-07-04,44,19,25
2022-07-04,39,19,20
2022-07-04,32,15,17
2022-07-04,23,9,14
2022-07-04,29,17,12
2022-07-04,18,6,12
2022-07-04,22,3,19
2022-07-04,19,8,11
2022-07-04,6,4,2
2022-07-04,17,12,5
2022-07-05,8,7,1
2022-07-05,0,0,0
2022-07-05,5,4,1
2022-07-05,3,3,0
2022-07-05,5,3,2
2022-07-05,16,4,12
2022-07-05,29,9,20
2022-07-05,54,16,38
2022-07-05,75,34,41
2022-07-05,46,23,23
2022-07-05,25,12,13
2022-07-05,27,19,8
2022-07-05,30,10,20
2022-07-05,24,11,13
2022-07-05,44,32,12
2022-07-05,76,47,29
2022-07-05,82,48,34
2022-07-05,74,40,34
2022-07-05,39,27,12
2022-07-05,10,6,4
2022-07-05,16,9,7
2022-07-05,18,9,9
2022-07-05,5,3,2
2022-07-05,4,3,1
2022-07-06,2,2,0
2022-07-06,2,1,1
2022-07-06,1,1,0
2022-07-06,6,5,1
2022-07-06,2,1,1
2022-07-06,16,5,11
2022-07-06,36,11,25
2022-07-06,44,13,31
2022-07-06,65,18,47
2022-07-06,36,14,22
2022-07-06,19,10,9
2022-07-06,28,14,14
2022-07-06,26,9,17
2022-07-06,28,15,13
2022-07-06,39,31,8
2022-07-06,48,31,17
2022-07-06,82,60,22
2022-07-06,105,68,37
2022-07-06,62,39,23
2022-07-06,23,18,5
2022-07-06,28,13,15
2022-07-06,10,6,4
2022-07-06,13,5,8
2022-07-06,8,3,5
2022-07-07,4,0,4
2022-07-07,6,4,2
2022-07-07,0,0,0
2022-07-07,2,2,0
2022-07-07,4,2,2
2022-07-07,17,4,13
2022-07-07,31,11,20
2022-07-07,56,15,41
2022-07-07,90,40,50
2022-07-07,47,22,25
2022-07-07,34,18,16
2022-07-07,29,15,14
2022-07-07,30,22,8
2022-07-07,34,21,13
2022-07-07,59,32,27
2022-07-07,85,58,27
2022-07-07,120,85,35
2022-07-07,178,121,57
2022-07-07,99,70,29
2022-07-07,60,38,22
2022-07-07,16,9,7
2022-07-07,38,15,23
2022-07-07,53,10,43
2022-07-07,18,9,9
2022-07-08,11,8,3
2022-07-08,4,1,3
2022-07-08,2,1,1
2022-07-08,1,1,0
2022-07-08,5,3,2
2022-07-08,16,5,11
2022-07-08,24,8,16
2022-07-08,43,12,31
2022-07-08,56,26,30
2022-07-08,26,12,14
2022-07-08,24,11,13
2022-07-08,41,21,20
2022-07-08,42,20,22
2022-07-08,43,30,13
2022-07-08,47,29,18
2022-07-08,73,43,30
2022-07-08,82,51,31
2022-07-08,101,67,34
2022-07-08,87,69,18
2022-07-08,50,36,14
2022-07-08,31,9,22
2022-07-08,39,21,18
2022-07-08,52,22,30
2022-07-08,58,7,51
2022-07-09,14,6,8
2022-07-09,6,2,4
2022-07-09,2,1,1
2022-07-09,1,1,0
2022-07-09,1,0,1
2022-07-09,9,5,4
2022-07-09,6,4,2
2022-07-09,12,7,5
2022-07-09,11,8,3
2022-07-09,28,14,14
2022-07-09,34,15,19
2022-07-09,48,35,13
2022-07-09,128,106,22
2022-07-09,158,121,37
2022-07-09,69,41,28
2022-07-09,113,42,71
2022-07-09,162,34,128
2022-07-09,96,68,28
2022-07-09,122,97,25
2022-07-09,56,39,17
2022-07-09,17,9,8
2022-07-09,31,7,24
2022-07-09,97,13,84
2022-07-09,28,15,13
2022-07-10,11,8,3
2022-07-10,19,8,11
2022-07-10,7,3,4
2022-07-10,2,2,0
2022-07-10,1,0,1
2022-07-10,3,2,1
2022-07-10,5,1,4
2022-07-10,11,5,6
2022-07-10,13,7,6
2022-07-10,11,9,2
2022-07-10,36,24,12
2022-07-10,46,38,8
2022-07-10,68,49,19
2022-07-10,63,43,20
2022-07-10,76,43,33
2022-07-10,53,38,15
2022-07-10,106,32,74
2022-07-10,43,20,23
2022-07-10,35,10,25
2022-07-10,23,6,17
2022-07-10,20,11,9
2022-07-10,22,8,14
2022-07-10,7,5,2
2022-07-10,6,3,3
2022-07-11,6,3,3
2022-07-11,5,2,3
2022-07-11,2,2,0
2022-07-11,5,4,1
2022-07-11,5,2,3
2022-07-11,19,5,14
2022-07-11,36,11,25
2022-07-11,54,14,40
2022-07-11,62,17,45
2022-07-11,42,18,24
2022-07-11,28,10,18
2022-07-11,22,9,13
2022-07-11,32,18,14
2022-07-11,35,20,15
2022-07-11,48,30,18
2022-07-11,64,47,17
2022-07-11,79,59,20
2022-07-11,128,83,45
2022-07-11,54,29,25
2022-07-11,38,26,12
2022-07-11,31,21,10
2022-07-11,20,14,6
2022-07-11,21,8,13
2022-07-11,13,7,6
2022-07-12,5,1,4
2022-07-12,4,3,1
2022-07-12,3,3,0
2022-07-12,4,3,1
2022-07-12,8,4,4
2022-07-12,14,6,8
2022-07-12,43,7,36
2022-07-12,71,25,46
2022-07-12,90,41,49
2022-07-12,71,32,39
2022-07-12,37,17,20
2022-07-12,34,13,21
2022-07-12,52,33,19
2022-07-12,36,22,14
2022-07-12,41,24,17
2022-07-12,70,43,27
2022-07-12,122,83,39
2022-07-12,146,82,64
2022-07-12,75,47,28
2022-07-12,29,19,10
2022-07-12,30,16,14
2022-07-12,32,19,13
2022-07-12,14,6,8
2022-07-12,7,4,3
2022-07-13,3,3,0
2022-07-13,2,0,2
2022-07-13,2,0,2
2022-07-13,5,5,0
2022-07-13,4,1,3
2022-07-13,20,6,14
2022-07-13,34,9,25
2022-07-13,62,20,42
2022-07-13,79,35,44
2022-07-13,62,26,36
2022-07-13,26,14,12
2022-07-13,34,18,16
2022-07-13,39,20,19
2022-07-13,29,13,16
2022-07-13,50,28,22
2022-07-13,75,50,25
2022-07-13,114,63,51
2022-07-13,159,111,48
2022-07-13,65,47,18
2022-07-13,39,20,19
2022-07-13,31,14,17
2022-07-13,21,5,16
2022-07-13,22,14,8
2022-07-13,6,4,2
2022-07-14,2,2,0
2022-07-14,3,3,0
2022-07-14,1,0,1
2022-07-14,2,2,0
2022-07-14,5,2,3
2022-07-14,16,7,9
2022-07-14,41,9,32
2022-07-14,79,28,51
2022-07-14,89,34,55
2022-07-14,46,19,27
2022-07-14,31,17,14
2022-07-14,32,13,19
2022-07-14,38,18,20
2022-07-14,53,32,21
2022-07-14,48,31,17
2022-07-14,71,46,25
2022-07-14,117,76,41
2022-07-14,117,71,46
2022-07-14,69,40,29
2022-07-14,50,36,14
2022-07-14,34,16,18
2022-07-14,30,15,15
2022-07-14,10,4,6
2022-07-14,14,9,5
2022-07-15,7,3,4
2022-07-15,2,1,1
2022-07-15,5,3,2
2022-07-15,2,1,1
2022-07-15,2,1,1
2022-07-15,19,5,14
2022-07-15,32,14,18
2022-07-15,57,20,37
2022-07-15,45,19,26
2022-07-15,33,15,18
2022-07-15,34,19,15
2022-07-15,33,11,22
2022-07-15,39,24,15
2022-07-15,36,22,14
2022-07-15,56,39,17
2022-07-15,63,40,23
2022-07-15,105,67,38
2022-07-15,79,47,32
2022-07-15,61,37,24
2022-07-15,30,10,20
2022-07-15,27,13,14
2022-07-15,32,19,13
2022-07-15,24,11,13
2022-07-15,21,10,11
2022-07-16,22,16,6
2022-07-16,16,11,5
2022-07-16,9,4,5
2022-07-16,4,3,1
2022-07-16,2,1,1
2022-07-16,7,4,3
2022-07-16,5,1,4
2022-07-16,5,3,2
2022-07-16,16,13,3
2022-07-16,31,21,10
2022-07-16,27,15,12
2022-07-16,47,24,23
2022-07-16,33,17,16
2022-07-16,63,29,34
2022-07-16,50,29,21
2022-07-16,61,40,21
2022-07-16,93,61,32
2022-07-16,63,45,18
2022-07-16,38,24,14
2022-07-16,29,16,13
2022-07-16,34,17,17
2022-07-16,20,9,11
2022-07-16,41,10,31
2022-07-16,74,14,60
2022-07-17,14,5,9
2022-07-17,13,6,7
2022-07-17,9,7,2
2022-07-17,4,4,0
2022-07-17,2,0,2
2022-07-17,2,1,1
2022-07-17,7,5,2
2022-07-17,10,5,5
2022-07-17,7,3,4
2022-07-17,21,9,12
2022-07-17,26,16,10
2022-07-17,40,18,22
2022-07-17,40,25,15
2022-07-17,39,19,20
2022-07-17,40,22,18
2022-07-17,50,31,19
2022-07-17,41,20,21
2022-07-17,39,26,13
2022-07-17,30,17,13
2022-07-17,23,11,12
2022-07-17,21,7,14
2022-07-17,14,4,10
2022-07-17,7,1,6
2022-07-17,7,1,6
2022-07-18,3,2,1
2022-07-18,0,0,0
2022-07-18,7,6,1
2022-07-18,4,2,2
2022-07-18,2,1,1
2022-07-18,14,6,8
2022-07-18,27,9,18
2022-07-18,43,9,34
2022-07-18,62,26,36
2022-07-18,39,17,22
2022-07-18,23,11,12
2022-07-18,31,17,14
2022-07-18,36,26,10
2022-07-18,28,15,13
2022-07-18,36,24,12
2022-07-18,54,38,16
2022-07-18,87,58,29
2022-07-18,103,67,36
2022-07-18,57,36,21
2022-07-18,28,14,14
2022-07-18,22,11,11
2022-07-18,21,12,9
2022-07-18,16,10,6
2022-07-18,7,2,5
2022-07-19,5,2,3
2022-07-19,4,4,0
2022-07-19,3,3,0
2022-07-19,1,1,0
2022-07-19,5,4,1
2022-07-19,16,5,11
2022-07-19,48,10,38
2022-07-19,80,24,56
2022-07-19,97,35,62
2022-07-19,48,19,29
2022-07-19,26,12,14
2022-07-19,36,20,16
2022-07-19,39,11,28
2022-07-19,39,20,19
2022-07-19,50,33,17
2022-07-19,58,44,14
2022-07-19,104,66,38
2022-07-19,129,75,54
2022-07-19,64,45,19
2022-07-19,47,27,20
2022-07-19,41,17,24
2022-07-19,28,17,11
2022-07-19,22,9,13
2022-07-19,16,9,7
2022-07-20,9,5,4
2022-07-20,1,1,0
2022-07-20,6,5,1
2022-07-20,2,2,0
2022-07-20,3,1,2
2022-07-20,17,6,11
2022-07-20,37,10,27
2022-07-20,79,29,50
2022-07-20,84,28,56
2022-07-20,53,28,25
2022-07-20,25,15,10
2022-07-20,35,17,18
2022-07-20,37,18,19
2022-07-20,29,18,11
2022-07-20,52,32,20
2022-07-20,62,42,20
2022-07-20,107,75,32
2022-07-20,133,82,51
2022-07-20,65,44,21
2022-07-20,51,29,22
2022-07-20,34,21,13
2022-07-20,30,15,15
2022-07-20,14,7,7
2022-07-20,10,3,7
2022-07-21,5,2,3
2022-07-21,4,2,2
2022-07-21,2,2,0
2022-07-21,5,4,1
2022-07-21,3,2,1
2022-07-21,9,4,5
2022-07-21,46,12,34
2022-07-21,72,16,56
2022-07-21,90,35,55
2022-07-21,48,29,19
2022-07-21,34,15,19
2022-07-21,27,16,11
2022-07-21,38,13,25
2022-07-21,50,23,27
2022-07-21,56,33,23
2022-07-21,69,51,18
2022-07-21,105,71,34
2022-07-21,139,83,56
2022-07-21,91,63,28
2022-07-21,49,32,17
2022-07-21,33,20,13
2022-07-21,19,11,8
2022-07-21,11,7,4
2022-07-21,16,4,12
2022-07-22,7,3,4
2022-07-22,9,3,6
2022-07-22,5,2,3
2022-07-22,2,2,0
2022-07-22,6,3,3
2022-07-22,13,7,6
2022-07-22,25,7,18
2022-07-22,56,13,43
2022-07-22,50,18,32
2022-07-22,42,18,24
2022-07-22,36,16,20
2022-07-22,30,18,12
2022-07-22,49,31,18
2022-07-22,51,29,22
2022-07-22,66,43,23
2022-07-22,46,32,14
2022-07-22,93,53,40
2022-07-22,110,74,36
2022-07-22,106,82,24
2022-07-22,68,45,23
2022-07-22,31,19,12
2022-07-22,36,18,18
2022-07-22,62,14,48
2022-07-22,59,9,50
2022-07-23,16,14,2
2022-07-23,8,4,4
2022-07-23,17,10,7
2022-07-23,5,2,3
2022-07-23,2,0,2
2022-07-23,7,6,1
2022-07-23,6,4,2
2022-07-23,16,8,8
2022-07-23,15,10,5
2022-07-23,20,13,7
2022-07-23,33,20,13
2022-07-23,42,24,18
2022-07-23,91,65,26
2022-07-23,69,45,24
2022-07-23,55,29,26
2022-07-23,72,35,37
2022-07-23,113,38,75
2022-07-23,103,54,49
2022-07-23,78,55,23
2022-07-23,52,30,22
2022-07-23,34,13,21
2022-07-23,59,15,44
2022-07-23,16,5,11
2022-07-23,15,4,11
2022-07-24,14,9,5
2022-07-24,17,7,10
2022-07-24,7,5,2
2022-07-24,2,2,0
2022-07-24,3,2,1
2022-07-24,1,1,0
2022-07-24,7,6,1
2022-07-24,6,4,2
2022-07-24,25,11,14
2022-07-24,38,19,19
2022-07-24,49,16,33
2022-07-24,37,23,14
2022-07-24,82,65,17
2022-07-24,72,47,25
2022-07-24,62,23,39
2022-07-24,66,31,35
2022-07-24,75,22,53
2022-07-24,43,21,22
2022-07-24,43,11,32
2022-07-24,41,21,20
2022-07-24,28,10,18
2022-07-24,13,5,8
2022-07-24,15,9,6
2022-07-24,9,4,5
2022-07-25,2,1,1
2022-07-25,4,1,3
2022-07-25,5,1,4
2022-07-25,5,3,2
2022-07-25,3,2,1
2022-07-25,13,7,6
2022-07-25,27,8,19
2022-07-25,44,13,31
2022-07-25,68,35,33
2022-07-25,49,19,30
2022-07-25,32,17,15
2022-07-25,27,15,12
2022-07-25,33,18,15
2022-07-25,25,16,9
2022-07-25,23,15,8
2022-07-25,52,36,16
2022-07-25,108,69,39
2022-07-25,115,69,46
2022-07-25,72,50,22
2022-07-25,53,30,23
2022-07-25,30,14,16
2022-07-25,27,9,18
2022-07-25,49,8,41
2022-07-25,9,5,4
2022-07-26,3,1,2
2022-07-26,0,0,0
2022-07-26,6,3,3
2022-07-26,1,1,0
2022-07-26,3,3,0
2022-07-26,18,5,13
2022-07-26,32,11,21
2022-07-26,68,24,44
2022-07-26,97,41,56
2022-07-26,50,20,30
2022-07-26,27,11,16
2022-07-26,24,13,11
2022-07-26,23,13,10
2022-07-26,25,15,10
2022-07-26,48,31,17
2022-07-26,73,47,26
2022-07-26,102,74,28
2022-07-26,112,80,32
2022-07-26,104,72,32
2022-07-26,59,34,25
2022-07-26,24,15,9
2022-07-26,26,8,18
2022-07-26,59,8,51
2022-07-26,17,4,13
2022-07-27,10,4,6
2022-07-27,4,2,2
2022-07-27,2,2,0
2022-07-27,1,0,1
2022-07-27,7,6,1
2022-07-27,19,4,15
2022-07-27,39,9,30
2022-07-27,66,22,44
2022-07-27,90,32,58
2022-07-27,46,19,27
2022-07-27,35,23,12
2022-07-27,45,33,12
2022-07-27,42,24,18
2022-07-27,48,29,19
2022-07-27,40,24,16
2022-07-27,95,46,49
2022-07-27,130,89,41
2022-07-27,110,58,52
2022-07-27,84,52,32
2022-07-27,33,22,11
2022-07-27,26,13,13
2022-07-27,36,17,19
2022-07-27,24,12,12
2022-07-27,12,8,4
2022-07-28,4,2,2
2022-07-28,5,3,2
2022-07-28,5,3,2
2022-07-28,2,1,1
2022-07-28,4,2,2
2022-07-28,17,5,12
2022-07-28,39,10,29
2022-07-28,70,23,47
2022-07-28,79,30,49
2022-07-28,51,27,24
2022-07-28,29,11,18
2022-07-28,35,21,14
2022-07-28,35,15,20
2022-07-28,34,16,18
2022-07-28,45,29,16
2022-07-28,66,41,25
2022-07-28,83,55,28
2022-07-28,123,77,46
2022-07-28,87,58,29
2022-07-28,36,24,12
2022-07-28,37,20,17
2022-07-28,29,9,20
2022-07-28,18,14,4
2022-07-28,15,8,7
2022-07-29,5,2,3
2022-07-29,3,2,1
2022-07-29,7,5,2
2022-07-29,1,0,1
2022-07-29,5,3,2
2022-07-29,17,6,11
2022-07-29,30,7,23
2022-07-29,47,14,33
2022-07-29,54,18,36
2022-07-29,42,21,21
2022-07-29,30,17,13
2022-07-29,30,14,16
2022-07-29,27,10,17
2022-07-29,42,20,22
2022-07-29,48,27,21
2022-07-29,63,42,21
2022-07-29,81,57,24
2022-07-29,91,46,45
2022-07-29,41,17,24
2022-07-29,56,36,20
2022-07-29,27,11,16
2022-07-29,32,18,14
2022-07-29,25,13,12
2022-07-29,27,11,16
2022-07-30,14,9,5
2022-07-30,12,5,7
2022-07-30,20,11,9
2022-07-30,3,1,2
2022-07-30,3,2,1
2022-07-30,1,0,1
2022-07-30,3,1,2
2022-07-30,8,5,3
2022-07-30,21,9,12
2022-07-30,30,17,13
2022-07-30,28,17,11
2022-07-30,27,12,15
2022-07-30,53,28,25
2022-07-30,24,16,8
2022-07-30,59,27,32
2022-07-30,35,20,15
2022-07-30,52,17,35
2022-07-30,36,15,21
2022-07-30,32,15,17
2022-07-30,46,16,30
2022-07-30,20,9,11
2022-07-30,24,8,16
2022-07-30,28,15,13
2022-07-30,26,17,9
2022-07-31,27,19,8
2022-07-31,13,7,6
2022-07-31,16,12,4
2022-07-31,4,3,1
2022-07-31,2,0,2
2022-07-31,2,1,1
2022-07-31,1,0,1
2022-07-31,10,8,2
2022-07-31,15,9,6
2022-07-31,31,19,12
2022-07-31,33,25,8
2022-07-31,29,20,9
2022-07-31,35,17,18
2022-07-31,49,16,33
2022-07-31,33,19,14
2022-07-31,34,23,11
2022-07-31,32,16,16
2022-07-31,36,15,21
2022-07-31,22,14,8
2022-07-31,29,16,13
2022-07-31,20,9,11
2022-07-31,11,10,1
2022-07-31,11,5,6
2022-07-31,17,10,7
2022-08-01,11,7,4
2022-08-01,4,1,3
2022-08-01,5,4,1
2022-08-01,4,4,0
2022-08-01,4,3,1
2022-08-01,17,5,12
2022-08-01,26,9,17
2022-08-01,52,15,37
2022-08-01,67,27,40
2022-08-01,45,24,21
2022-08-01,29,11,18
2022-08-01,29,16,13
2022-08-01,28,16,12
2022-08-01,16,7,9
2022-08-01,44,29,15
2022-08-01,68,51,17
2022-08-01,72,51,21
2022-08-01,101,61,40
2022-08-01,53,38,15
2022-08-01,49,23,26
2022-08-01,30,16,14
2022-08-01,18,11,7
2022-08-01,9,4,5
2022-08-01,4,3,1
2022-08-02,14,3,11
2022-08-02,0,0,0
2022-08-02,1,1,0
2022-08-02,2,1,1
2022-08-02,3,2,1
2022-08-02,15,6,9
2022-08-02,48,17,31
2022-08-02,68,17,51
2022-08-02,93,42,51
2022-08-02,47,23,24
2022-08-02,40,15,25
2022-08-02,36,20,16
2022-08-02,46,23,23
2022-08-02,38,19,19
2022-08-02,52,36,16
2022-08-02,60,42,18
2022-08-02,130,89,41
2022-08-02,162,111,51
2022-08-02,114,85,29
2022-08-02,67,46,21
2022-08-02,48,20,28
2022-08-02,122,11,111
2022-08-02,17,7,10
2022-08-02,15,8,7
2022-08-03,10,5,5
2022-08-03,2,2,0
2022-08-03,1,0,1
2022-08-03,3,3,0
2022-08-03,4,1,3
2022-08-03,21,6,15
2022-08-03,28,9,19
2022-08-03,75,29,46
2022-08-03,89,31,58
2022-08-03,51,24,27
2022-08-03,32,16,16
2022-08-03,33,16,17
2022-08-03,29,16,13
2022-08-03,41,22,19
2022-08-03,54,30,24
2022-08-03,50,33,17
2022-08-03,99,71,28
2022-08-03,182,128,54
2022-08-03,122,105,17
2022-08-03,58,37,21
2022-08-03,46,16,30
2022-08-03,32,20,12
2022-08-03,77,14,63
2022-08-03,99,10,89
2022-08-04,12,3,9
2022-08-04,4,2,2
2022-08-04,6,3,3
2022-08-04,5,2,3
2022-08-04,7,3,4
2022-08-04,13,4,9
2022-08-04,34,10,24
2022-08-04,53,11,42
2022-08-04,98,45,53
2022-08-04,45,22,23
2022-08-04,28,17,11
2022-08-04,25,13,12
2022-08-04,26,12,14
2022-08-04,35,22,13
2022-08-04,42,21,21
2022-08-04,64,50,14
2022-08-04,106,66,40
2022-08-04,124,81,43
2022-08-04,84,48,36
2022-08-04,35,23,12
2022-08-04,24,10,14
2022-08-04,22,8,14
2022-08-04,17,11,6
2022-08-04,12,5,7
2022-08-05,9,3,6
2022-08-05,5,3,2
2022-08-05,3,2,1
2022-08-05,4,4,0
2022-08-05,3,1,2
2022-08-05,19,6,13
2022-08-05,36,12,24
2022-08-05,43,14,29
2022-08-05,51,20,31
2022-08-05,50,23,27
2022-08-05,43,17,26
2022-08-05,29,13,16
2022-08-05,43,27,16
2022-08-05,47,28,19
2022-08-05,47,35,12
2022-08-05,58,43,15
2022-08-05,101,61,40
2022-08-05,116,79,37
2022-08-05,110,84,26
2022-08-05,80,54,26
2022-08-05,28,9,19
2022-08-05,25,12,13
2022-08-05,50,9,41
2022-08-05,64,7,57
2022-08-06,25,8,17
2022-08-06,11,9,2
2022-08-06,6,6,0
2022-08-06,4,2,2
2022-08-06,6,3,3
2022-08-06,0,0,0
2022-08-06,6,4,2
2022-08-06,11,6,5
2022-08-06,14,4,10
2022-08-06,26,16,10
2022-08-06,36,29,7
2022-08-06,56,41,15
2022-08-06,92,72,20
2022-08-06,46,34,12
2022-08-06,59,30,29
2022-08-06,87,49,38
2022-08-06,123,50,73
2022-08-06,82,33,49
2022-08-06,86,62,24
2022-08-06,44,30,14
2022-08-06,40,21,19
2022-08-06,40,16,24
2022-08-06,55,14,41
2022-08-06,17,5,12
2022-08-07,27,12,15
2022-08-07,11,2,9
2022-08-07,7,4,3
2022-08-07,1,0,1
2022-08-07,3,1,2
2022-08-07,1,1,0
2022-08-07,2,1,1
2022-08-07,10,4,6
2022-08-07,15,8,7
2022-08-07,24,11,13
2022-08-07,41,18,23
2022-08-07,48,29,19
2022-08-07,64,49,15
2022-08-07,50,29,21
2022-08-07,61,52,9
2022-08-07,57,33,24
2022-08-07,70,13,57
2022-08-07,50,20,30
2022-08-07,47,24,23
2022-08-07,24,18,6
2022-08-07,23,12,11
2022-08-07,20,15,5
2022-08-07,11,5,6
2022-08-07,8,3,5
2022-08-08,8,2,6
2022-08-08,5,4,1
2022-08-08,4,3,1
2022-08-08,1,1,0
2022-08-08,2,0,2
2022-08-08,14,5,9
2022-08-08,30,11,19
2022-08-08,49,20,29
2022-08-08,70,25,45
2022-08-08,58,27,31
2022-08-08,23,9,14
2022-08-08,26,12,14
2022-08-08,36,19,17
2022-08-08,27,18,9
2022-08-08,58,23,35
2022-08-08,62,51,11
2022-08-08,98,61,37
2022-08-08,108,68,40
2022-08-08,88,71,17
2022-08-08,51,31,20
2022-08-08,26,15,11
2022-08-08,40,9,31
2022-08-08,56,12,44
2022-08-08,26,4,22
2022-08-09,5,2,3
2022-08-09,3,1,2
2022-08-09,5,4,1
2022-08-09,5,5,0
2022-08-09,2,1,1
2022-08-09,14,2,12
2022-08-09,36,10,26
2022-08-09,66,19,47
2022-08-09,94,37,57
2022-08-09,62,31,31
2022-08-09,38,23,15
2022-08-09,23,9,14
2022-08-09,32,16,16
2022-08-09,36,20,16
2022-08-09,57,39,18
2022-08-09,67,48,19
2022-08-09,120,77,43
2022-08-09,151,104,47
2022-08-09,134,111,23
2022-08-09,56,39,17
2022-08-09,22,12,10
2022-08-09,44,18,26
2022-08-09,54,12,42
2022-08-09,78,13,65
2022-08-10,7,4,3
2022-08-10,5,2,3
2022-08-10,4,3,1
2022-08-10,5,3,2
2022-08-10,3,1,2
2022-08-10,17,4,13
2022-08-10,39,7,32
2022-08-10,57,19,38
2022-08-10,96,42,54
2022-08-10,51,28,23
2022-08-10,17,6,11
2022-08-10,23,12,11
2022-08-10,60,45,15
2022-08-10,55,39,16
2022-08-10,39,26,13
2022-08-10,78,42,36
2022-08-10,146,57,89
2022-08-10,138,85,53
2022-08-10,68,34,34
2022-08-10,43,24,19
2022-08-10,17,7,10
2022-08-10,16,7,9
2022-08-10,9,5,4
2022-08-10,6,4,2
2022-08-11,2,1,1
2022-08-11,4,4,0
2022-08-11,4,2,2
2022-08-11,5,4,1
2022-08-11,3,2,1
2022-08-11,18,4,14
2022-08-11,35,17,18
2022-08-11,60,24,36
2022-08-11,84,35,49
2022-08-11,55,28,27
2022-08-11,24,12,12
2022-08-11,39,12,27
2022-08-11,27,15,12
2022-08-11,31,22,9
2022-08-11,50,28,22
2022-08-11,71,45,26
2022-08-11,114,69,45
2022-08-11,111,66,45
2022-08-11,69,45,24
2022-08-11,51,26,25
2022-08-11,34,19,15
2022-08-11,23,12,11
2022-08-11,19,9,10
2022-08-11,9,7,2
2022-08-12,5,1,4
2022-08-12,5,3,2
2022-08-12,4,2,2
2022-08-12,2,2,0
2022-08-12,4,2,2
2022-08-12,15,5,10
2022-08-12,28,7,21
2022-08-12,52,21,31
2022-08-12,60,25,35
2022-08-12,36,16,20
2022-08-12,31,21,10
2022-08-12,29,21,8
2022-08-12,41,21,20
2022-08-12,38,24,14
2022-08-12,41,26,15
2022-08-12,79,57,22
2022-08-12,89,47,42
2022-08-12,91,51,40
2022-08-12,60,28,32
2022-08-12,48,25,23
2022-08-12,16,12,4
2022-08-12,21,15,6
2022-08-12,22,17,5
2022-08-12,17,15,2
2022-08-13,10,7,3
2022-08-13,6,3,3
2022-08-13,12,7,5
2022-08-13,5,3,2
2022-08-13,3,1,2
2022-08-13,0,0,0
2022-08-13,10,6,4
2022-08-13,11,6,5
2022-08-13,11,6,5
2022-08-13,27,19,8
2022-08-13,28,22,6
2022-08-13,49,25,24
2022-08-13,57,38,19
2022-08-13,54,37,17
2022-08-13,61,32,29
2022-08-13,69,38,31
2022-08-13,71,35,36
2022-08-13,54,25,29
2022-08-13,35,16,19
2022-08-13,37,19,18
2022-08-13,27,14,13
2022-08-13,30,17,13
2022-08-13,37,17,20
2022-08-13,17,9,8
2022-08-14,9,4,5
2022-08-14,9,8,1
2022-08-14,4,2,2
2022-08-14,3,1,2
2022-08-14,4,0,4
2022-08-14,1,1,0
2022-08-14,4,1,3
2022-08-14,9,4,5
2022-08-14,14,9,5
2022-08-14,25,13,12
2022-08-14,22,17,5
2022-08-14,35,20,15
2022-08-14,59,37,22
2022-08-14,36,16,20
2022-08-14,69,30,39
2022-08-14,48,30,18
2022-08-14,48,28,20
2022-08-14,58,36,22
2022-08-14,93,70,23
2022-08-14,47,31,16
2022-08-14,31,15,16
2022-08-14,107,16,91
2022-08-14,20,9,11
2022-08-14,14,14,0
2022-08-15,11,6,5
2022-08-15,3,3,0
2022-08-15,1,0,1
2022-08-15,1,1,0
2022-08-15,3,2,1
2022-08-15,16,6,10
2022-08-15,28,9,19
2022-08-15,66,24,42
2022-08-15,80,29,51
2022-08-15,40,22,18
2022-08-15,28,10,18
2022-08-15,30,17,13
2022-08-15,27,7,20
2022-08-15,36,21,15
2022-08-15,45,29,16
2022-08-15,65,50,15
2022-08-15,81,60,21
2022-08-15,128,80,48
2022-08-15,60,36,24
2022-08-15,36,16,20
2022-08-15,20,11,9
2022-08-15,22,11,11
2022-08-15,5,1,4
2022-08-15,10,7,3
2022-08-16,6,3,3
2022-08-16,2,1,1
2022-08-16,1,1,0
2022-08-16,1,1,0
2022-08-16,6,6,0
2022-08-16,25,6,19
2022-08-16,47,10,37
2022-08-16,75,30,45
2022-08-16,107,38,69
2022-08-16,50,17,33
2022-08-16,35,16,19
2022-08-16,38,19,19
2022-08-16,32,13,19
2022-08-16,41,21,20
2022-08-16,48,36,12
2022-08-16,63,45,18
2022-08-16,115,78,37
2022-08-16,135,90,45
2022-08-16,89,60,29
2022-08-16,30,15,15
2022-08-16,44,25,19
2022-08-16,20,10,10
2022-08-16,12,9,3
2022-08-16,13,7,6
2022-08-17,10,5,5
2022-08-17,1,1,0
2022-08-17,2,1,1
2022-08-17,5,4,1
2022-08-17,3,1,2
2022-08-17,18,3,15
2022-08-17,53,17,36
2022-08-17,62,24,38
2022-08-17,82,32,50
2022-08-17,53,23,30
2022-08-17,42,17,25
2022-08-17,38,17,21
2022-08-17,42,21,21
2022-08-17,35,20,15
2022-08-17,43,30,13
2022-08-17,57,43,14
2022-08-17,95,59,36
2022-08-17,134,87,47
2022-08-17,75,37,38
2022-08-17,39,24,15
2022-08-17,21,8,13
2022-08-17,33,20,13
2022-08-17,15,11,4
2022-08-17,14,3,11
2022-08-18,10,6,4
2022-08-18,4,3,1
2022-08-18,4,4,0
2022-08-18,4,3,1
2022-08-18,6,1,5
2022-08-18,16,8,8
2022-08-18,46,12,34
2022-08-18,66,22,44
2022-08-18,87,38,49
2022-08-18,52,27,25
2022-08-18,31,15,16
2022-08-18,40,20,20
2022-08-18,51,28,23
2022-08-18,64,42,22
2022-08-18,54,32,22
2022-08-18,75,50,25
2022-08-18,173,133,40
2022-08-18,153,109,44
2022-08-18,110,56,54
2022-08-18,77,26,51
2022-08-18,94,14,80
2022-08-18,51,19,32
2022-08-18,20,12,8
2022-08-18,11,4,7
2022-08-19,10,7,3
2022-08-19,6,3,3
2022-08-19,3,0,3
2022-08-19,1,1,0
2022-08-19,6,1,5
2022-08-19,20,7,13
2022-08-19,33,9,24
2022-08-19,40,10,30
2022-08-19,48,17,31
2022-08-19,26,8,18
2022-08-19,31,23,8
2022-08-19,20,5,15
2022-08-19,34,16,18
2022-08-19,39,23,16
2022-08-19,58,31,27
2022-08-19,64,38,26
2022-08-19,75,40,35
2022-08-19,80,50,30
2022-08-19,42,26,16
2022-08-19,38,26,12
2022-08-19,30,20,10
2022-08-19,18,12,6
2022-08-19,30,16,14
2022-08-19,23,15,8
2022-08-20,24,10,14
2022-08-20,6,4,2
2022-08-20,12,5,7
2022-08-20,9,4,5
2022-08-20,5,2,3
2022-08-20,1,1,0
2022-08-20,8,3,5
2022-08-20,12,7,5
2022-08-20,8,4,4
2022-08-20,14,10,4
2022-08-20,38,15,23
2022-08-20,52,26,26
2022-08-20,52,29,23
2022-08-20,53,29,24
2022-08-20,52,30,22
2022-08-20,60,30,30
2022-08-20,58,38,20
2022-08-20,51,30,21
2022-08-20,52,16,36
2022-08-20,30,14,16
2022-08-20,45,19,26
2022-08-20,31,19,12
2022-08-20,22,13,9
2022-08-20,26,19,7
2022-08-21,14,8,6
2022-08-21,8,3,5
2022-08-21,11,5,6
2022-08-21,3,1,2
2022-08-21,2,1,1
2022-08-21,2,1,1
2022-08-21,5,1,4
2022-08-21,5,1,4
2022-08-21,9,4,5
2022-08-21,24,12,12
2022-08-21,29,14,15
2022-08-21,50,17,33
2022-08-21,34,15,19
2022-08-21,51,27,24
2022-08-21,35,19,16
2022-08-21,54,31,23
2022-08-21,45,29,16
2022-08-21,51,30,21
2022-08-21,33,15,18
2022-08-21,19,14,5
2022-08-21,34,13,21
2022-08-21,21,9,12
2022-08-21,18,10,8
2022-08-21,11,7,4
2022-08-22,3,1,2
2022-08-22,5,4,1
2022-08-22,2,1,1
2022-08-22,2,1,1
2022-08-22,3,1,2
2022-08-22,17,7,10
2022-08-22,29,10,19
2022-08-22,59,26,33
2022-08-22,71,18,53
2022-08-22,46,19,27
2022-08-22,29,12,17
2022-08-22,25,6,19
2022-08-22,42,20,22
2022-08-22,34,24,10
2022-08-22,50,34,16
2022-08-22,54,36,18
2022-08-22,80,57,23
2022-08-22,119,73,46
2022-08-22,58,34,24
2022-08-22,44,23,21
2022-08-22,22,7,15
2022-08-22,25,17,8
2022-08-22,13,10,3
2022-08-22,11,5,6
2022-08-23,3,0,3
2022-08-23,3,2,1
2022-08-23,2,0,2
2022-08-23,3,2,1
2022-08-23,3,2,1
2022-08-23,20,7,13
2022-08-23,41,9,32
2022-08-23,64,25,39
2022-08-23,108,39,69
2022-08-23,54,23,31
2022-08-23,37,17,20
2022-08-23,37,12,25
2022-08-23,41,20,21
2022-08-23,29,16,13
2022-08-23,53,30,23
2022-08-23,64,43,21
2022-08-23,102,63,39
2022-08-23,172,118,54
2022-08-23,116,84,32
2022-08-23,60,41,19
2022-08-23,33,13,20
2022-08-23,52,16,36
2022-08-23,89,12,77
2022-08-23,12,3,9
2022-08-24,11,5,6
2022-08-24,7,3,4
2022-08-24,1,1,0
2022-08-24,2,2,0
2022-08-24,4,1,3
2022-08-24,17,6,11
2022-08-24,31,10,21
2022-08-24,68,19,49
2022-08-24,101,45,56
2022-08-24,60,20,40
2022-08-24,40,16,24
2022-08-24,36,20,16
2022-08-24,68,48,20
2022-08-24,60,42,18
2022-08-24,46,31,15
2022-08-24,58,34,24
2022-08-24,139,80,59
2022-08-24,160,94,66
2022-08-24,65,38,27
2022-08-24,45,24,21
2022-08-24,36,19,17
2022-08-24,25,12,13
2022-08-24,14,8,6
2022-08-24,17,8,9
2022-08-25,7,2,5
2022-08-25,8,6,2
2022-08-25,1,0,1
2022-08-25,3,1,2
2022-08-25,4,2,2
2022-08-25,23,6,17
2022-08-25,46,16,30
2022-08-25,52,18,34
2022-08-25,94,41,53
2022-08-25,53,22,31
2022-08-25,29,15,14
2022-08-25,33,16,17
2022-08-25,50,32,18
2022-08-25,69,46,23
2022-08-25,49,30,19
2022-08-25,63,42,21
2022-08-25,120,64,56
2022-08-25,120,81,39
2022-08-25,125,89,36
2022-08-25,95,79,16
2022-08-25,50,31,19
2022-08-25,17,5,12
2022-08-25,30,7,23
2022-08-25,120,8,112
2022-08-26,25,9,16
2022-08-26,8,2,6
2022-08-26,3,1,2
2022-08-26,1,1,0
2022-08-26,3,1,2
2022-08-26,14,5,9
2022-08-26,22,5,17
2022-08-26,51,18,33
2022-08-26,44,16,28
2022-08-26,40,21,19
2022-08-26,30,16,14
2022-08-26,31,21,10
2022-08-26,26,14,12
2022-08-26,51,25,26
2022-08-26,50,29,21
2022-08-26,55,31,24
2022-08-26,92,61,31
2022-08-26,94,62,32
2022-08-26,104,76,28
2022-08-26,56,41,15
2022-08-26,32,10,22
2022-08-26,29,10,19
2022-08-26,39,12,27
2022-08-26,86,9,77
2022-08-27,8,4,4
2022-08-27,17,8,9
2022-08-27,5,3,2
2022-08-27,4,1,3
2022-08-27,1,0,1
2022-08-27,0,0,0
2022-08-27,0,0,0
2022-08-27,10,5,5
2022-08-27,21,13,8
2022-08-27,18,11,7
2022-08-27,30,20,10
2022-08-27,37,22,15
2022-08-27,45,21,24
2022-08-27,42,28,14
2022-08-27,48,27,21
2022-08-27,61,48,13
2022-08-27,64,41,23
2022-08-27,84,57,27
2022-08-27,75,43,32
2022-08-27,41,26,15
2022-08-27,30,17,13
2022-08-27,32,10,22
2022-08-27,111,5,106
2022-08-27,32,15,17
2022-08-28,14,10,4
2022-08-28,15,1,14
2022-08-28,7,6,1
2022-08-28,4,2,2
2022-08-28,1,0,1
2022-08-28,4,2,2
2022-08-28,1,0,1
2022-08-28,15,8,7
2022-08-28,18,10,8
2022-08-28,28,19,9
2022-08-28,31,27,4
2022-08-28,55,36,19
2022-08-28,64,44,20
2022-08-28,45,23,22
2022-08-28,46,16,30
2022-08-28,65,27,38
2022-08-28,75,14,61
2022-08-28,49,18,31
2022-08-28,36,18,18
2022-08-28,31,19,12
2022-08-28,21,13,8
2022-08-28,15,9,6
2022-08-28,9,5,4
2022-08-28,14,4,10
2022-08-29,2,1,1
2022-08-29,5,2,3
2022-08-29,6,4,2
2022-08-29,3,3,0
2022-08-29,3,2,1
2022-08-29,19,4,15
2022-08-29,30,7,23
2022-08-29,56,17,39
2022-08-29,72,26,46
2022-08-29,57,36,21
2022-08-29,36,16,20
2022-08-29,31,11,20
2022-08-29,25,10,15
2022-08-29,43,18,25
2022-08-29,43,24,19
2022-08-29,56,36,20
2022-08-29,94,63,31
2022-08-29,126,77,49
2022-08-29,66,38,28
2022-08-29,50,21,29
2022-08-29,22,7,15
2022-08-29,14,8,6
2022-08-29,9,6,3
2022-08-29,8,2,6
2022-08-30,5,3,2
2022-08-30,4,1,3
2022-08-30,1,1,0
2022-08-30,0,0,0
2022-08-30,4,4,0
2022-08-30,24,6,18
2022-08-30,36,12,24
2022-08-30,72,22,50
2022-08-30,100,35,65
2022-08-30,51,23,28
2022-08-30,31,14,17
2022-08-30,26,12,14
2022-08-30,38,20,18
2022-08-30,36,21,15
2022-08-30,46,28,18
2022-08-30,60,35,25
2022-08-30,119,72,47
2022-08-30,155,95,60
2022-08-30,65,43,22
2022-08-30,42,20,22
2022-08-30,20,14,6
2022-08-30,13,8,5
2022-08-30,20,8,12
2022-08-30,8,5,3
2022-08-31,12,5,7
2022-08-31,2,2,0
2022-08-31,6,2,4
2022-08-31,5,4,1
2022-08-31,3,2,1
2022-08-31,21,6,15
2022-08-31,36,14,22
2022-08-31,54,22,32
2022-08-31,101,31,70
2022-08-31,51,25,26
2022-08-31,34,14,20
2022-08-31,30,14,16
2022-08-31,42,24,18
2022-08-31,51,30,21
2022-08-31,53,26,27
2022-08-31,65,46,19
2022-08-31,127,89,38
2022-08-31,130,79,51
2022-08-31,68,37,31
2022-08-31,46,25,21
2022-08-31,33,14,19
2022-08-31,34,11,23
2022-08-31,34,11,23
2022-08-31,51,6,45
2022-09-01,16,13,3
2022-09-01,10,1,9
2022-09-01,5,4,1
2022-09-01,5,3,2
2022-09-01,4,2,2
2022-09-01,18,6,12
2022-09-01,40,13,27
2022-09-01,64,21,43
2022-09-01,77,31,46
2022-09-01,49,21,28
2022-09-01,39,22,17
2022-09-01,32,12,20
2022-09-01,36,23,13
2022-09-01,39,22,17
2022-09-01,39,26,13
2022-09-01,52,39,13
2022-09-01,103,60,43
2022-09-01,139,90,49
2022-09-01,112,69,43
2022-09-01,50,32,18
2022-09-01,22,10,12
2022-09-01,18,6,12
2022-09-01,23,12,11
2022-09-01,18,12,6
2022-09-02,10,5,5
2022-09-02,2,2,0
2022-09-02,3,1,2
2022-09-02,5,2,3
2022-09-02,3,1,2
2022-09-02,16,5,11
2022-09-02,33,11,22
2022-09-02,47,14,33
2022-09-02,43,20,23
2022-09-02,46,22,24
2022-09-02,32,13,19
2022-09-02,29,18,11
2022-09-02,51,33,18
2022-09-02,53,33,20
2022-09-02,50,29,21
2022-09-02,59,38,21
2022-09-02,89,54,35
2022-09-02,90,53,37
2022-09-02,57,30,27
2022-09-02,39,20,19
2022-09-02,23,8,15
2022-09-02,20,13,7
2022-09-02,19,12,7
2022-09-02,13,8,5
2022-09-03,10,5,5
2022-09-03,6,4,2
2022-09-03,5,3,2
2022-09-03,4,1,3
2022-09-03,2,0,2
2022-09-03,6,3,3
2022-09-03,4,2,2
2022-09-03,9,6,3
2022-09-03,16,9,7
2022-09-03,14,9,5
2022-09-03,18,16,2
2022-09-03,24,17,7
2022-09-03,43,20,23
2022-09-03,35,25,10
2022-09-03,34,22,12
2022-09-03,42,19,23
2022-09-03,51,29,22
2022-09-03,55,35,20
2022-09-03,37,15,22
2022-09-03,38,22,16
2022-09-03,23,19,4
2022-09-03,24,9,15
2022-09-03,22,9,13
2022-09-03,23,11,12
2022-09-04,11,7,4
2022-09-04,15,10,5
2022-09-04,9,3,6
2022-09-04,3,1,2
2022-09-04,4,2,2
2022-09-04,6,2,4
2022-09-04,4,3,1
2022-09-04,10,5,5
2022-09-04,22,7,15
2022-09-04,33,13,20
2022-09-04,39,19,20
2022-09-04,45,17,28
2022-09-04,45,25,20
2022-09-04,25,13,12
2022-09-04,77,44,33
2022-09-04,66,37,29
2022-09-04,67,35,32
2022-09-04,68,47,21
2022-09-04,39,21,18
2022-09-04,36,23,13
2022-09-04,77,5,72
2022-09-04,28,12,16
2022-09-04,12,2,10
2022-09-04,17,8,9
2022-09-05,10,2,8
2022-09-05,2,0,2
2022-09-05,2,1,1
2022-09-05,4,2,2
2022-09-05,3,3,0
2022-09-05,6,3,3
2022-09-05,4,1,3
2022-09-05,15,8,7
2022-09-05,16,11,5
2022-09-05,22,7,15
2022-09-05,26,15,11
2022-09-05,41,26,15
2022-09-05,42,28,14
2022-09-05,52,31,21
2022-09-05,73,42,31
2022-09-05,83,67,16
2022-09-05,53,27,26
2022-09-05,60,29,31
2022-09-05,76,26,50
2022-09-05,48,11,37
2022-09-05,29,12,17
2022-09-05,21,9,12
2022-09-05,7,1,6
2022-09-05,10,4,6
2022-09-06,3,2,1
2022-09-06,3,2,1
2022-09-06,3,2,1
2022-09-06,2,0,2
2022-09-06,3,2,1
2022-09-06,18,7,11
2022-09-06,40,15,25
2022-09-06,76,33,43
2022-09-06,101,41,60
2022-09-06,48,22,26
2022-09-06,24,11,13
2022-09-06,23,11,12
2022-09-06,36,18,18
2022-09-06,36,24,12
2022-09-06,38,26,12
2022-09-06,59,45,14
2022-09-06,109,75,34
2022-09-06,147,87,60
2022-09-06,85,56,29
2022-09-06,40,29,11
2022-09-06,23,10,13
2022-09-06,43,12,31
2022-09-06,48,8,40
2022-09-06,15,6,9
2022-09-07,3,1,2
2022-09-07,4,1,3
2022-09-07,5,3,2
2022-09-07,2,1,1
2022-09-07,5,3,2
2022-09-07,21,8,13
2022-09-07,38,12,26
2022-09-07,70,28,42
2022-09-07,93,47,46
2022-09-07,43,19,24
2022-09-07,31,13,18
2022-09-07,30,19,11
2022-09-07,67,37,30
2022-09-07,51,33,18
2022-09-07,55,34,21
2022-09-07,71,49,22
2022-09-07,118,71,47
2022-09-07,158,81,77
2022-09-07,78,43,35
2022-09-07,42,29,13
2022-09-07,20,12,8
2022-09-07,17,7,10
2022-09-07,11,5,6
2022-09-07,8,6,2
2022-09-08,10,6,4
2022-09-08,4,4,0
2022-09-08,9,2,7
2022-09-08,6,2,4
2022-09-08,4,2,2
2022-09-08,19,5,14
2022-09-08,35,10,25
2022-09-08,64,24,40
2022-09-08,88,36,52
2022-09-08,53,26,27
2022-09-08,29,16,13
2022-09-08,33,16,17
2022-09-08,39,17,22
2022-09-08,42,26,16
2022-09-08,63,31,32
2022-09-08,51,33,18
2022-09-08,111,63,48
2022-09-08,131,80,51
2022-09-08,73,46,27
2022-09-08,39,26,13
2022-09-08,24,8,16
2022-09-08,14,7,7
2022-09-08,10,6,4
2022-09-08,9,7,2
2022-09-09,5,2,3
2022-09-09,7,3,4
2022-09-09,3,1,2
2022-09-09,1,0,1
2022-09-09,7,3,4
2022-09-09,20,6,14
2022-09-09,32,11,21
2022-09-09,41,13,28
2022-09-09,46,18,28
2022-09-09,41,18,23
2022-09-09,28,14,14
2022-09-09,28,13,15
2022-09-09,41,24,17
2022-09-09,36,18,18
2022-09-09,70,39,31
2022-09-09,75,48,27
2022-09-09,75,45,30
2022-09-09,111,82,29
2022-09-09,100,81,19
2022-09-09,41,27,14
2022-09-09,27,10,17
2022-09-09,60,11,49
2022-09-09,98,15,83
2022-09-09,31,12,19
2022-09-10,12,4,8
2022-09-10,7,6,1
2022-09-10,8,5,3
2022-09-10,3,1,2
2022-09-10,3,0,3
2022-09-10,1,1,0
2022-09-10,5,3,2
2022-09-10,6,4,2
2022-09-10,8,3,5
2022-09-10,25,11,14
2022-09-10,34,21,13
2022-09-10,42,29,13
2022-09-10,38,9,29
2022-09-10,54,34,20
2022-09-10,50,31,19
2022-09-10,80,65,15
2022-09-10,118,95,23
2022-09-10,151,128,23
2022-09-10,73,51,22
2022-09-10,149,50,99
2022-09-10,37,12,25
2022-09-10,106,16,90
2022-09-10,34,10,24
2022-09-10,16,6,10
2022-09-11,39,4,35
2022-09-11,12,7,5
2022-09-11,8,3,5
2022-09-11,3,3,0
2022-09-11,1,0,1
2022-09-11,4,2,2
2022-09-11,3,1,2
2022-09-11,10,7,3
2022-09-11,12,2,10
2022-09-11,21,16,5
2022-09-11,24,12,12
2022-09-11,42,34,8
2022-09-11,54,42,12
2022-09-11,45,30,15
2022-09-11,42,23,19
2022-09-11,49,24,25
2022-09-11,56,26,30
2022-09-11,65,16,49
2022-09-11,40,15,25
2022-09-11,19,15,4
2022-09-11,17,9,8
2022-09-11,9,3,6
2022-09-11,4,1,3
2022-09-11,13,4,9
2022-09-12,5,1,4
2022-09-12,2,2,0
2022-09-12,1,1,0
2022-09-12,4,2,2
2022-09-12,3,1,2
2022-09-12,21,8,13
2022-09-12,24,6,18
2022-09-12,66,14,52
2022-09-12,66,28,38
2022-09-12,50,21,29
2022-09-12,38,16,22
2022-09-12,32,24,8
2022-09-12,49,24,25
2022-09-12,51,36,15
2022-09-12,73,52,21
2022-09-12,124,107,17
2022-09-12,202,159,43
2022-09-12,114,79,35
2022-09-12,62,32,30
2022-09-12,30,12,18
2022-09-12,294,14,280
2022-09-12,74,5,69
2022-09-12,23,8,15
2022-09-12,17,13,4
2022-09-13,8,4,4
2022-09-13,5,3,2
2022-09-13,1,0,1
2022-09-13,3,0,3
2022-09-13,0,0,0
2022-09-13,22,5,17
2022-09-13,48,16,32
2022-09-13,85,28,57
2022-09-13,100,45,55
2022-09-13,55,27,28
2022-09-13,40,16,24
2022-09-13,32,14,18
2022-09-13,34,20,14
2022-09-13,39,17,22
2022-09-13,47,28,19
2022-09-13,72,44,28
2022-09-13,121,82,39
2022-09-13,149,102,47
2022-09-13,135,110,25
2022-09-13,40,21,19
2022-09-13,27,9,18
2022-09-13,62,6,56
2022-09-13,75,10,65
2022-09-13,12,4,8
2022-09-14,4,2,2
2022-09-14,8,2,6
2022-09-14,2,1,1
2022-09-14,3,2,1
2022-09-14,3,1,2
2022-09-14,22,7,15
2022-09-14,45,13,32
2022-09-14,71,25,46
2022-09-14,91,27,64
2022-09-14,50,25,25
2022-09-14,23,17,6
2022-09-14,30,18,12
2022-09-14,60,42,18
2022-09-14,54,38,16
2022-09-14,47,25,22
2022-09-14,67,42,25
2022-09-14,137,65,72
2022-09-14,145,87,58
2022-09-14,70,33,37
2022-09-14,37,20,17
2022-09-14,28,17,11
2022-09-14,20,8,12
2022-09-14,12,7,5
2022-09-14,9,3,6
2022-09-15,6,3,3
2022-09-15,1,1,0
2022-09-15,4,2,2
2022-09-15,4,2,2
2022-09-15,5,3,2
2022-09-15,16,5,11
2022-09-15,46,17,29
2022-09-15,82,31,51
2022-09-15,85,43,42
2022-09-15,49,22,27
2022-09-15,31,12,19
2022-09-15,28,16,12
2022-09-15,45,19,26
2022-09-15,24,16,8
2022-09-15,45,29,16
2022-09-15,59,38,21
2022-09-15,111,68,43
2022-09-15,157,96,61
2022-09-15,64,40,24
2022-09-15,38,22,16
2022-09-15,32,16,16
2022-09-15,20,12,8
2022-09-15,9,6,3
2022-09-15,7,3,4
2022-09-16,8,2,6
2022-09-16,0,0,0
2022-09-16,2,0,2
2022-09-16,2,2,0
2022-09-16,3,0,3
2022-09-16,14,7,7
2022-09-16,26,6,20
2022-09-16,52,16,36
2022-09-16,53,22,31
2022-09-16,44,23,21
2022-09-16,27,14,13
2022-09-16,27,13,14
2022-09-16,28,14,14
2022-09-16,42,28,14
2022-09-16,52,31,21
2022-09-16,73,51,22
2022-09-16,95,51,44
2022-09-16,92,58,34
2022-09-16,44,22,22
2022-09-16,32,18,14
2022-09-16,32,17,15
2022-09-16,18,7,11
2022-09-16,6,3,3
2022-09-16,12,6,6
2022-09-17,13,7,6
2022-09-17,6,4,2
2022-09-17,8,6,2
2022-09-17,1,1,0
2022-09-17,3,0,3
2022-09-17,4,1,3
2022-09-17,6,3,3
2022-09-17,9,6,3
2022-09-17,12,6,6
2022-09-17,15,6,9
2022-09-17,22,12,10
2022-09-17,32,25,7
2022-09-17,54,29,25
2022-09-17,48,24,24
2022-09-17,45,19,26
2022-09-17,39,20,19
2022-09-17,46,27,19
2022-09-17,37,23,14
2022-09-17,33,18,15
2022-09-17,21,10,11
2022-09-17,25,12,13
2022-09-17,24,16,8
2022-09-17,17,10,7
2022-09-17,15,6,9
2022-09-18,10,4,6
2022-09-18,8,3,5
2022-09-18,5,3,2
2022-09-18,3,2,1
2022-09-18,2,1,1
2022-09-18,1,0,1
2022-09-18,4,2,2
2022-09-18,14,10,4
2022-09-18,12,7,5
2022-09-18,13,6,7
2022-09-18,24,12,12
2022-09-18,41,19,22
2022-09-18,38,19,19
2022-09-18,31,19,12
2022-09-18,41,21,20
2022-09-18,37,28,9
2022-09-18,30,17,13
2022-09-18,66,34,32
2022-09-18,39,21,18
2022-09-18,29,17,12
2022-09-18,15,6,9
2022-09-18,13,5,8
2022-09-18,24,5,19
2022-09-18,14,9,5
2022-09-19,4,3,1
2022-09-19,3,1,2
2022-09-19,4,1,3
2022-09-19,2,1,1
2022-09-19,5,4,1
2022-09-19,11,7,4
2022-09-19,35,13,22
2022-09-19,60,17,43
2022-09-19,67,32,35
2022-09-19,45,17,28
2022-09-19,26,12,14
2022-09-19,31,15,16
2022-09-19,34,15,19
2022-09-19,26,16,10
2022-09-19,52,27,25
2022-09-19,61,39,22
2022-09-19,99,64,35
2022-09-19,103,58,45
2022-09-19,62,37,25
2022-09-19,42,13,29
2022-09-19,23,14,9
2022-09-19,16,11,5
2022-09-19,14,8,6
2022-09-19,11,4,7
2022-09-20,1,1,0
2022-09-20,2,1,1
2022-09-20,1,1,0
2022-09-20,2,1,1
2022-09-20,2,2,0
2022-09-20,22,7,15
2022-09-20,42,13,29
2022-09-20,75,23,52
2022-09-20,105,39,66
2022-09-20,49,16,33
2022-09-20,39,18,21
2022-09-20,30,16,14
2022-09-20,38,17,21
2022-09-20,40,23,17
2022-09-20,63,34,29
2022-09-20,65,42,23
2022-09-20,106,61,45
2022-09-20,128,82,46
2022-09-20,94,62,32
2022-09-20,53,31,22
2022-09-20,30,21,9
2022-09-20,17,9,8
2022-09-20,23,10,13
2022-09-20,15,5,10
2022-09-21,6,4,2
2022-09-21,0,0,0
2022-09-21,1,1,0
2022-09-21,3,1,2
2022-09-21,3,2,1
2022-09-21,20,6,14
2022-09-21,32,8,24
2022-09-21,78,27,51
2022-09-21,92,34,58
2022-09-21,36,18,18
2022-09-21,20,8,12
2022-09-21,22,10,12
2022-09-21,44,25,19
2022-09-21,39,22,17
2022-09-21,57,35,22
2022-09-21,52,35,17
2022-09-21,90,58,32
2022-09-21,137,82,55
2022-09-21,59,34,25
2022-09-21,45,28,17
2022-09-21,22,13,9
2022-09-21,16,7,9
2022-09-21,15,6,9
2022-09-21,8,4,4
2022-09-22,9,5,4
2022-09-22,7,5,2
2022-09-22,4,2,2
2022-09-22,4,2,2
2022-09-22,3,2,1
2022-09-22,17,7,10
2022-09-22,33,9,24
2022-09-22,60,21,39
2022-09-22,85,41,44
2022-09-22,43,19,24
2022-09-22,16,4,12
2022-09-22,39,24,15
2022-09-22,27,15,12
2022-09-22,46,17,29
2022-09-22,54,24,30
2022-09-22,67,48,19
2022-09-22,104,66,38
2022-09-22,127,69,58
2022-09-22,80,41,39
2022-09-22,37,22,15
2022-09-22,24,13,11
2022-09-22,24,13,11
2022-09-22,22,11,11
2022-09-22,6,5,1
2022-09-23,7,3,4
2022-09-23,2,2,0
2022-09-23,5,4,1
2022-09-23,3,2,1
2022-09-23,3,1,2
2022-09-23,15,3,12
2022-09-23,25,9,16
2022-09-23,52,22,30
2022-09-23,53,17,36
2022-09-23,39,20,19
2022-09-23,25,11,14
2022-09-23,24,11,13
2022-09-23,39,21,18
2022-09-23,48,27,21
2022-09-23,61,38,23
2022-09-23,57,37,20
2022-09-23,83,50,33
2022-09-23,80,50,30
2022-09-23,53,36,17
2022-09-23,32,22,10
2022-09-23,28,15,13
2022-09-23,27,19,8
2022-09-23,25,16,9
2022-09-23,33,11,22
2022-09-24,22,9,13
2022-09-24,8,4,4
2022-09-24,9,6,3
2022-09-24,7,2,5
2022-09-24,1,0,1
2022-09-24,7,2,5
2022-09-24,3,2,1
2022-09-24,10,4,6
2022-09-24,9,7,2
2022-09-24,35,18,17
2022-09-24,39,28,11
2022-09-24,25,15,10
2022-09-24,35,20,15
2022-09-24,55,31,24
2022-09-24,45,22,23
2022-09-24,69,38,31
2022-09-24,68,31,37
2022-09-24,46,28,18
2022-09-24,47,22,25
2022-09-24,36,19,17
2022-09-24,26,9,17
2022-09-24,23,9,14
2022-09-24,26,14,12
2022-09-24,29,16,13
2022-09-25,13,7,6
2022-09-25,17,11,6
2022-09-25,7,4,3
2022-09-25,4,3,1
2022-09-25,1,1,0
2022-09-25,8,5,3
2022-09-25,4,4,0
2022-09-25,11,5,6
2022-09-25,21,15,6
2022-09-25,42,30,12
2022-09-25,40,34,6
2022-09-25,77,59,18
2022-09-25,101,84,17
2022-09-25,78,60,18
2022-09-25,39,17,22
2022-09-25,44,21,23
2022-09-25,237,23,214
2022-09-25,76,23,53
2022-09-25,54,23,31
2022-09-25,31,15,16
2022-09-25,24,7,17
2022-09-25,18,7,11
2022-09-25,8,4,4
2022-09-25,9,7,2
2022-09-26,4,1,3
2022-09-26,3,2,1
2022-09-26,0,0,0
2022-09-26,5,1,4
2022-09-26,5,3,2
2022-09-26,18,7,11
2022-09-26,30,12,18
2022-09-26,50,12,38
2022-09-26,80,39,41
2022-09-26,48,25,23
2022-09-26,24,10,14
2022-09-26,27,13,14
2022-09-26,36,18,18
2022-09-26,27,15,12
2022-09-26,37,26,11
2022-09-26,60,42,18
2022-09-26,77,53,24
2022-09-26,121,70,51
2022-09-26,55,36,19
2022-09-26,40,21,19
2022-09-26,18,12,6
2022-09-26,25,12,13
2022-09-26,13,6,7
2022-09-26,3,2,1
2022-09-27,3,3,0
2022-09-27,1,0,1
2022-09-27,3,3,0
2022-09-27,4,2,2
2022-09-27,3,2,1
2022-09-27,25,4,21
2022-09-27,40,15,25
2022-09-27,74,29,45
2022-09-27,109,53,56
2022-09-27,51,23,28
2022-09-27,30,14,16
2022-09-27,27,13,14
2022-09-27,31,15,16
2022-09-27,38,20,18
2022-09-27,54,34,20
2022-09-27,64,43,21
2022-09-27,137,87,50
2022-09-27,184,130,54
2022-09-27,158,129,29
2022-09-27,57,38,19
2022-09-27,34,7,27
2022-09-27,137,15,122
2022-09-27,92,26,66
2022-09-27,12,8,4
2022-09-28,6,5,1
2022-09-28,3,1,2
2022-09-28,2,2,0
2022-09-28,2,0,2
2022-09-28,4,2,2
2022-09-28,21,7,14
2022-09-28,33,8,25
2022-09-28,38,12,26
2022-09-28,82,35,47
2022-09-28,44,21,23
2022-09-28,21,6,15
2022-09-28,20,13,7
2022-09-28,29,13,16
2022-09-28,22,13,9
2022-09-28,53,39,14
2022-09-28,73,52,21
2022-09-28,84,58,26
2022-09-28,138,78,60
2022-09-28,81,56,25
2022-09-28,36,17,19
2022-09-28,23,10,13
2022-09-28,73,15,58
2022-09-28,16,7,9
2022-09-28,13,5,8
2022-09-29,5,4,1
2022-09-29,2,1,1
2022-09-29,1,1,0
2022-09-29,2,0,2
2022-09-29,4,2,2
2022-09-29,23,7,16
2022-09-29,34,13,21
2022-09-29,58,26,32
2022-09-29,82,34,48
2022-09-29,51,22,29
2022-09-29,29,16,13
2022-09-29,35,16,19
2022-09-29,39,19,20
2022-09-29,36,22,14
2022-09-29,64,43,21
2022-09-29,77,56,21
2022-09-29,100,64,36
2022-09-29,158,95,63
2022-09-29,103,76,27
2022-09-29,44,26,18
2022-09-29,34,15,19
2022-09-29,33,11,22
2022-09-29,68,11,57
2022-09-29,25,13,12
2022-09-30,6,4,2
2022-09-30,7,4,3
2022-09-30,1,1,0
2022-09-30,3,1,2
2022-09-30,3,0,3
2022-09-30,21,6,15
2022-09-30,25,8,17
2022-09-30,43,17,26
2022-09-30,45,15,30
2022-09-30,55,28,27
2022-09-30,22,8,14
2022-09-30,36,16,20
2022-09-30,33,16,17
2022-09-30,48,31,17
2022-09-30,47,25,22
2022-09-30,69,46,23
2022-09-30,97,62,35
2022-09-30,122,83,39
2022-09-30,114,89,25
2022-09-30,76,34,42
2022-09-30,47,25,22
2022-09-30,57,17,40
2022-09-30,103,17,86
2022-09-30,87,11,76
2022-10-01,24,10,14
2022-10-01,14,5,9
2022-10-01,11,4,7
2022-10-01,8,5,3
2022-10-01,2,1,1
2022-10-01,5,4,1
2022-10-01,2,2,0
2022-10-01,11,3,8
2022-10-01,17,7,10
2022-10-01,24,19,5
2022-10-01,42,25,17
2022-10-01,55,29,26
2022-10-01,98,65,33
2022-10-01,57,38,19
2022-10-01,49,26,23
2022-10-01,58,28,30
2022-10-01,103,36,67
2022-10-01,53,33,20
2022-10-01,63,32,31
2022-10-01,43,22,21
2022-10-01,33,14,19
2022-10-01,54,25,29
2022-10-01,33,22,11
2022-10-01,24,15,9
2022-10-02,12,6,6
2022-10-02,3,2,1
2022-10-02,4,3,1
2022-10-02,6,3,3
2022-10-02,2,0,2
2022-10-02,2,2,0
2022-10-02,5,3,2
2022-10-02,10,4,6
2022-10-02,18,12,6
2022-10-02,15,9,6
2022-10-02,27,18,9
2022-10-02,20,13,7
2022-10-02,65,53,12
2022-10-02,75,41,34
2022-10-02,40,18,22
2022-10-02,47,21,26
2022-10-02,96,32,64
2022-10-02,53,28,25
2022-10-02,36,18,18
2022-10-02,21,13,8
2022-10-02,16,9,7
2022-10-02,20,7,13
2022-10-02,11,3,8
2022-10-02,13,9,4
2022-10-03,10,5,5
2022-10-03,3,0,3
2022-10-03,3,2,1
2022-10-03,1,0,1
2022-10-03,4,3,1
2022-10-03,17,6,11
2022-10-03,36,10,26
2022-10-03,54,19,35
2022-10-03,59,19,40
2022-10-03,41,13,28
2022-10-03,24,11,13
2022-10-03,29,11,18
2022-10-03,42,21,21
2022-10-03,30,23,7
2022-10-03,37,24,13
2022-10-03,53,39,14
2022-10-03,109,71,38
2022-10-03,158,120,38
2022-10-03,99,69,30
2022-10-03,33,13,20
2022-10-03,32,15,17
2022-10-03,52,15,37
2022-10-03,76,11,65
2022-10-03,10,4,6
2022-10-04,7,4,3
2022-10-04,4,3,1
2022-10-04,3,3,0
2022-10-04,1,0,1
2022-10-04,4,2,2
2022-10-04,21,6,15
2022-10-04,40,14,26
2022-10-04,75,35,40
2022-10-04,73,32,41
2022-10-04,64,26,38
2022-10-04,32,16,16
2022-10-04,36,23,13
2022-10-04,30,19,11
2022-10-04,32,20,12
2022-10-04,56,41,15
2022-10-04,70,55,15
2022-10-04,123,76,47
2022-10-04,136,91,45
2022-10-04,80,48,32
2022-10-04,36,17,19
2022-10-04,25,8,17
2022-10-04,41,12,29
2022-10-04,32,2,30
2022-10-04,20,11,9
2022-10-05,6,2,4
2022-10-05,0,0,0
2022-10-05,0,0,0
2022-10-05,2,1,1
2022-10-05,3,2,1
2022-10-05,16,6,10
2022-10-05,25,9,16
2022-10-05,60,13,47
2022-10-05,80,31,49
2022-10-05,45,19,26
2022-10-05,31,19,12
2022-10-05,30,15,15
2022-10-05,51,39,12
2022-10-05,45,31,14
2022-10-05,57,37,20
2022-10-05,68,49,19
2022-10-05,127,67,60
2022-10-05,145,86,59
2022-10-05,57,27,30
2022-10-05,43,25,18
2022-10-05,26,10,16
2022-10-05,14,10,4
2022-10-05,10,4,6
2022-10-05,5,4,1
2022-10-06,6,4,2
2022-10-06,1,1,0
2022-10-06,5,3,2
2022-10-06,1,0,1
2022-10-06,5,2,3
2022-10-06,18,7,11
2022-10-06,30,8,22
2022-10-06,63,29,34
2022-10-06,83,33,50
2022-10-06,55,23,32
2022-10-06,35,13,22
2022-10-06,30,12,18
2022-10-06,29,19,10
2022-10-06,29,21,8
2022-10-06,44,29,15
2022-10-06,40,29,11
2022-10-06,111,68,43
2022-10-06,137,85,52
2022-10-06,51,36,15
2022-10-06,31,18,13
2022-10-06,33,18,15
2022-10-06,21,9,12
2022-10-06,15,10,5
2022-10-06,13,6,7
2022-10-07,7,4,3
2022-10-07,1,0,1
2022-10-07,1,0,1
2022-10-07,3,0,3
2022-10-07,8,3,5
2022-10-07,14,3,11
2022-10-07,29,4,25
2022-10-07,40,14,26
2022-10-07,55,25,30
2022-10-07,42,24,18
2022-10-07,14,7,7
2022-10-07,50,28,22
2022-10-07,43,25,18
2022-10-07,53,33,20
2022-10-07,51,31,20
2022-10-07,54,37,17
2022-10-07,119,54,65
2022-10-07,88,48,40
2022-10-07,47,28,19
2022-10-07,39,21,18
2022-10-07,34,16,18
2022-10-07,15,11,4
2022-10-07,19,14,5
2022-10-07,13,11,2
2022-10-08,6,4,2
2022-10-08,5,4,1
2022-10-08,11,4,7
2022-10-08,3,0,3
2022-10-08,3,2,1
2022-10-08,6,4,2
2022-10-08,2,0,2
2022-10-08,7,4,3
2022-10-08,8,3,5
2022-10-08,24,12,12
2022-10-08,27,16,11
2022-10-08,35,21,14
2022-10-08,58,34,24
2022-10-08,43,29,14
2022-10-08,45,26,19
2022-10-08,45,25,20
2022-10-08,51,20,31
2022-10-08,79,26,53
2022-10-08,46,15,31
2022-10-08,36,10,26
2022-10-08,28,22,6
2022-10-08,15,6,9
2022-10-08,15,8,7
2022-10-08,8,3,5
2022-10-09,17,11,6
2022-10-09,18,4,14
2022-10-09,4,3,1
2022-10-09,9,1,8
2022-10-09,2,0,2
2022-10-09,4,1,3
2022-10-09,2,1,1
2022-10-09,8,3,5
2022-10-09,13,4,9
2022-10-09,17,5,12
2022-10-09,18,8,10
2022-10-09,29,19,10
2022-10-09,41,32,9
2022-10-09,89,71,18
2022-10-09,55,35,20
2022-10-09,53,23,30
2022-10-09,130,22,108
2022-10-09,55,19,36
2022-10-09,37,19,18
2022-10-09,31,7,24
2022-10-09,22,8,14
2022-10-09,9,7,2
2022-10-09,14,6,8
2022-10-09,5,3,2
2022-10-10,8,5,3
2022-10-10,2,0,2
2022-10-10,2,2,0
2022-10-10,2,0,2
2022-10-10,3,2,1
2022-10-10,11,4,7
2022-10-10,31,13,18
2022-10-10,41,14,27
2022-10-10,54,24,30
2022-10-10,35,14,21
2022-10-10,28,14,14
2022-10-10,23,11,12
2022-10-10,29,13,16
2022-10-10,30,16,14
2022-10-10,34,22,12
2022-10-10,62,47,15
2022-10-10,94,53,41
2022-10-10,85,54,31
2022-10-10,48,23,25
2022-10-10,32,19,13
2022-10-10,11,6,5
2022-10-10,5,2,3
2022-10-10,5,1,4
2022-10-10,10,7,3
2022-10-11,5,4,1
2022-10-11,3,3,0
2022-10-11,0,0,0
2022-10-11,4,2,2
2022-10-11,5,1,4
2022-10-11,19,7,12
2022-10-11,40,14,26
2022-10-11,71,29,42
2022-10-11,107,42,65
2022-10-11,61,22,39
2022-10-11,33,22,11
2022-10-11,21,8,13
2022-10-11,36,16,20
2022-10-11,41,23,18
2022-10-11,49,33,16
2022-10-11,62,47,15
2022-10-11,106,77,29
2022-10-11,139,91,48
2022-10-11,66,41,25
2022-10-11,19,11,8
2022-10-11,13,4,9
2022-10-11,16,9,7
2022-10-11,16,6,10
2022-10-11,9,2,7
2022-10-12,4,3,1
2022-10-12,1,1,0
2022-10-12,1,1,0
2022-10-12,5,3,2
2022-10-12,5,1,4
2022-10-12,20,4,16
2022-10-12,37,10,27
2022-10-12,72,26,46
2022-10-12,91,44,47
2022-10-12,48,23,25
2022-10-12,23,7,16
2022-10-12,21,13,8
2022-10-12,24,14,10
2022-10-12,41,24,17
2022-10-12,47,31,16
2022-10-12,58,42,16
2022-10-12,109,69,40
2022-10-12,113,66,47
2022-10-12,88,57,31
2022-10-12,24,14,10
2022-10-12,18,14,4
2022-10-12,25,17,8
2022-10-12,9,5,4
2022-10-12,8,5,3
2022-10-13,7,5,2
2022-10-13,1,1,0
2022-10-13,3,3,0
2022-10-13,2,0,2
2022-10-13,4,1,3
2022-10-13,16,7,9
2022-10-13,30,8,22
2022-10-13,56,25,31
2022-10-13,90,41,49
2022-10-13,76,28,48
2022-10-13,26,16,10
2022-10-13,34,13,21
2022-10-13,37,19,18
2022-10-13,39,26,13
2022-10-13,57,37,20
2022-10-13,62,42,20
2022-10-13,117,71,46
2022-10-13,135,78,57
2022-10-13,59,31,28
2022-10-13,41,24,17
2022-10-13,24,12,12
2022-10-13,12,6,6
2022-10-13,17,11,6
2022-10-13,11,8,3
2022-10-14,7,4,3
2022-10-14,3,1,2
2022-10-14,5,5,0
2022-10-14,4,1,3
2022-10-14,3,1,2
2022-10-14,23,6,17
2022-10-14,24,9,15
2022-10-14,38,18,20
2022-10-14,48,19,29
2022-10-14,44,22,22
2022-10-14,32,16,16
2022-10-14,37,24,13
2022-10-14,43,27,16
2022-10-14,45,25,20
2022-10-14,52,42,10
2022-10-14,63,48,15
2022-10-14,75,45,30
2022-10-14,74,40,34
2022-10-14,65,44,21
2022-10-14,28,19,9
2022-10-14,18,11,7
2022-10-14,23,14,9
2022-10-14,13,5,8
2022-10-14,9,3,6
2022-10-15,20,9,11
2022-10-15,14,2,12
2022-10-15,8,7,1
2022-10-15,6,1,5
2022-10-15,1,0,1
2022-10-15,5,2,3
2022-10-15,8,6,2
2022-10-15,11,3,8
2022-10-15,18,9,9
2022-10-15,35,23,12
2022-10-15,44,38,6
2022-10-15,115,103,12
2022-10-15,116,102,14
2022-10-15,60,39,21
2022-10-15,44,28,16
2022-10-15,46,19,27
2022-10-15,61,13,48
2022-10-15,64,17,47
2022-10-15,78,22,56
2022-10-15,187,11,176
2022-10-15,172,18,154
2022-10-15,46,25,21
2022-10-15,41,28,13
2022-10-15,12,7,5
2022-10-16,17,9,8
2022-10-16,7,3,4
2022-10-16,11,7,4
2022-10-16,3,3,0
2022-10-16,6,3,3
2022-10-16,5,4,1
2022-10-16,8,3,5
2022-10-16,7,3,4
2022-10-16,24,20,4
2022-10-16,34,23,11
2022-10-16,39,32,7
2022-10-16,103,89,14
2022-10-16,141,121,20
2022-10-16,56,39,17
2022-10-16,49,13,36
2022-10-16,52,21,31
2022-10-16,238,21,217
2022-10-16,74,20,54
2022-10-16,38,14,24
2022-10-16,28,8,20
2022-10-16,14,8,6
2022-10-16,15,6,9
2022-10-16,18,9,9
2022-10-16,7,6,1
2022-10-17,5,4,1
2022-10-17,4,3,1
2022-10-17,0,0,0
2022-10-17,1,0,1
2022-10-17,1,0,1
2022-10-17,14,6,8
2022-10-17,24,8,16
2022-10-17,55,21,34
2022-10-17,77,34,43
2022-10-17,42,19,23
2022-10-17,27,19,8
2022-10-17,30,13,17
2022-10-17,24,13,11
2022-10-17,35,27,8
2022-10-17,38,27,11
2022-10-17,52,38,14
2022-10-17,99,63,36
2022-10-17,103,64,39
2022-10-17,55,32,23
2022-10-17,23,9,14
2022-10-17,9,4,5
2022-10-17,11,7,4
2022-10-17,18,13,5
2022-10-17,10,5,5
2022-10-18,5,4,1
2022-10-18,0,0,0
2022-10-18,1,0,1
2022-10-18,2,0,2
2022-10-18,3,2,1
2022-10-18,21,7,14
2022-10-18,38,14,24
2022-10-18,61,25,36
2022-10-18,83,34,49
2022-10-18,54,28,26
2022-10-18,24,15,9
2022-10-18,22,10,12
2022-10-18,23,15,8
2022-10-18,26,13,13
2022-10-18,52,35,17
2022-10-18,56,43,13
2022-10-18,102,77,25
2022-10-18,113,69,44
2022-10-18,63,39,24
2022-10-18,22,13,9
2022-10-18,21,14,7
2022-10-18,20,10,10
2022-10-18,13,6,7
2022-10-18,4,1,3
2022-10-19,6,5,1
2022-10-19,2,1,1
2022-10-19,3,3,0
2022-10-19,5,3,2
2022-10-19,2,1,1
2022-10-19,17,5,12
2022-10-19,30,8,22
2022-10-19,62,21,41
2022-10-19,87,30,57
2022-10-19,30,13,17
2022-10-19,28,17,11
2022-10-19,29,17,12
2022-10-19,26,14,12
2022-10-19,21,12,9
2022-10-19,47,29,18
2022-10-19,42,24,18
2022-10-19,83,59,24
2022-10-19,94,59,35
2022-10-19,53,31,22
2022-10-19,21,16,5
2022-10-19,20,10,10
2022-10-19,17,9,8
2022-10-19,25,18,7
2022-10-19,5,2,3
2022-10-20,5,4,1
2022-10-20,4,3,1
2022-10-20,1,1,0
2022-10-20,3,2,1
2022-10-20,4,2,2
2022-10-20,14,4,10
2022-10-20,22,8,14
2022-10-20,33,14,19
2022-10-20,64,25,39
2022-10-20,29,12,17
2022-10-20,22,14,8
2022-10-20,22,11,11
2022-10-20,18,10,8
2022-10-20,26,14,12
2022-10-20,38,21,17
2022-10-20,45,32,13
2022-10-20,54,41,13
2022-10-20,77,46,31
2022-10-20,26,18,8
2022-10-20,25,11,14
2022-10-20,18,8,10
2022-10-20,14,13,1
2022-10-20,11,5,6
2022-10-20,9,6,3
2022-10-21,2,2,0
2022-10-21,6,2,4
2022-10-21,2,1,1
2022-10-21,3,0,3
2022-10-21,3,0,3
2022-10-21,11,2,9
2022-10-21,25,8,17
2022-10-21,26,8,18
2022-10-21,35,15,20
2022-10-21,35,20,15
2022-10-21,15,8,7
2022-10-21,14,7,7
2022-10-21,22,9,13
2022-10-21,15,10,5
2022-10-21,32,24,8
2022-10-21,34,21,13
2022-10-21,34,28,6
2022-10-21,50,33,17
2022-10-21,21,11,10
2022-10-21,16,12,4
2022-10-21,14,7,7
2022-10-21,6,4,2
2022-10-21,10,4,6
2022-10-21,24,6,18
2022-10-22,8,5,3
2022-10-22,3,2,1
2022-10-22,2,1,1
2022-10-22,2,1,1
2022-10-22,2,1,1
2022-10-22,2,1,1
2022-10-22,2,1,1
2022-10-22,6,3,3
2022-10-22,6,1,5
2022-10-22,10,5,5
2022-10-22,8,5,3
2022-10-22,9,6,3
2022-10-22,23,11,12
2022-10-22,22,11,11
2022-10-22,10,7,3
2022-10-22,17,8,9
2022-10-22,13,8,5
2022-10-22,31,16,15
2022-10-22,19,9,10
2022-10-22,25,14,11
2022-10-22,12,8,4
2022-10-22,4,2,2
2022-10-22,17,6,11
2022-10-22,9,6,3
2022-10-23,9,5,4
2022-10-23,11,7,4
2022-10-23,5,4,1
2022-10-23,0,0,0
2022-10-23,2,1,1
2022-10-23,0,0,0
2022-10-23,0,0,0
2022-10-23,6,2,4
2022-10-23,10,7,3
2022-10-23,17,7,10
2022-10-23,23,14,9
2022-10-23,19,13,6
2022-10-23,25,17,8
2022-10-23,22,15,7
2022-10-23,31,22,9
2022-10-23,44,31,13
2022-10-23,45,31,14
2022-10-23,32,23,9
2022-10-23,50,13,37
2022-10-23,29,12,17
2022-10-23,15,7,8
2022-10-23,15,9,6
2022-10-23,11,7,4
2022-10-23,2,0,2
2022-10-24,5,4,1
2022-10-24,1,1,0
2022-10-24,6,4,2
2022-10-24,1,0,1
2022-10-24,2,1,1
2022-10-24,12,4,8
2022-10-24,26,5,21
2022-10-24,36,11,25
2022-10-24,42,19,23
2022-10-24,40,21,19
2022-10-24,11,6,5
2022-10-24,20,7,13
2022-10-24,12,9,3
2022-10-24,24,16,8
2022-10-24,22,15,7
2022-10-24,36,19,17
2022-10-24,57,42,15
2022-10-24,64,40,24
2022-10-24,38,27,11
2022-10-24,16,12,4
2022-10-24,9,3,6
2022-10-24,11,5,6
2022-10-24,7,3,4
2022-10-24,5,1,4
2022-10-25,3,2,1
2022-10-25,0,0,0
2022-10-25,4,3,1
2022-10-25,1,0,1
2022-10-25,3,1,2
2022-10-25,22,6,16
2022-10-25,29,11,18
2022-10-25,50,18,32
2022-10-25,69,27,42
2022-10-25,59,27,32
2022-10-25,27,16,11
2022-10-25,21,9,12
2022-10-25,19,11,8
2022-10-25,15,10,5
2022-10-25,31,23,8
2022-10-25,43,29,14
2022-10-25,62,50,12
2022-10-25,58,36,22
2022-10-25,36,25,11
2022-10-25,19,12,7
2022-10-25,8,3,5
2022-10-25,14,8,6
2022-10-25,7,5,2
2022-10-25,3,1,2
2022-10-26,3,2,1
2022-10-26,2,1,1
2022-10-26,1,1,0
2022-10-26,1,1,0
2022-10-26,3,1,2
2022-10-26,19,4,15
2022-10-26,28,9,19
2022-10-26,45,19,26
2022-10-26,86,31,55
2022-10-26,38,19,19
2022-10-26,28,17,11
2022-10-26,23,12,11
2022-10-26,32,16,16
2022-10-26,26,17,9
2022-10-26,35,22,13
2022-10-26,57,43,14
2022-10-26,99,72,27
2022-10-26,110,69,41
2022-10-26,33,23,10
2022-10-26,12,7,5
2022-10-26,16,6,10
2022-10-26,16,7,9
2022-10-26,4,2,2
2022-10-26,7,6,1
2022-10-27,3,3,0
2022-10-27,2,2,0
2022-10-27,1,1,0
2022-10-27,1,1,0
2022-10-27,2,1,1
2022-10-27,10,2,8
2022-10-27,28,14,14
2022-10-27,41,16,25
2022-10-27,64,29,35
2022-10-27,44,18,26
2022-10-27,20,8,12
2022-10-27,21,13,8
2022-10-27,15,7,8
2022-10-27,22,16,6
2022-10-27,51,28,23
2022-10-27,48,31,17
2022-10-27,79,46,33
2022-10-27,95,52,43
2022-10-27,39,18,21
2022-10-27,22,19,3
2022-10-27,11,5,6
2022-10-27,14,11,3
2022-10-27,8,3,5
2022-10-27,5,4,1
2022-10-28,3,3,0
2022-10-28,3,2,1
2022-10-28,13,3,10
2022-10-28,0,0,0
2022-10-28,1,0,1
2022-10-28,13,2,11
2022-10-28,19,6,13
2022-10-28,18,8,10
2022-10-28,31,15,16
2022-10-28,23,11,12
2022-10-28,15,5,10
2022-10-28,19,10,9
2022-10-28,29,14,15
2022-10-28,39,21,18
2022-10-28,54,44,10
2022-10-28,37,22,15
2022-10-28,63,38,25
2022-10-28,75,47,28
2022-10-28,53,25,28
2022-10-28,25,13,12
2022-10-28,26,13,13
2022-10-28,8,4,4
2022-10-28,17,10,7
2022-10-28,16,7,9
2022-10-29,9,3,6
2022-10-29,38,4,34
2022-10-29,21,4,17
2022-10-29,4,3,1
2022-10-29,1,0,1
2022-10-29,1,0,1
2022-10-29,2,0,2
2022-10-29,5,3,2
2022-10-29,12,5,7
2022-10-29,13,3,10
2022-10-29,19,11,8
2022-10-29,18,12,6
2022-10-29,31,15,16
2022-10-29,40,31,9
2022-10-29,28,14,14
2022-10-29,36,16,20
2022-10-29,43,26,17
2022-10-29,33,17,16
2022-10-29,32,20,12
2022-10-29,23,16,7
2022-10-29,14,7,7
2022-10-29,21,8,13
2022-10-29,24,16,8
2022-10-29,20,11,9
2022-10-30,28,4,24
2022-10-30,23,8,15
2022-10-30,2,1,1
2022-10-30,1,1,0
2022-10-30,1,0,1
2022-10-30,0,0,0
2022-10-30,6,2,4
2022-10-30,8,6,2
2022-10-30,11,8,3
2022-10-30,27,17,10
2022-10-30,24,13,11
2022-10-30,54,43,11
2022-10-30,74,62,12
2022-10-30,46,40,6
2022-10-30,17,9,8
2022-10-30,24,10,14
2022-10-30,97,13,84
2022-10-30,54,13,41
2022-10-30,26,13,13
2022-10-30,14,11,3
2022-10-30,12,7,5
2022-10-30,11,7,4
2022-10-30,3,1,2
2022-10-30,1,1,0
2022-10-31,0,0,0
2022-10-31,0,0,0
2022-10-31,1,1,0
2022-10-31,0,0,0
2022-10-31,2,1,1
2022-10-31,8,2,6
2022-10-31,22,5,17
2022-10-31,32,9,23
2022-10-31,29,12,17
2022-10-31,29,13,16
2022-10-31,16,10,6
2022-10-31,19,11,8
2022-10-31,21,12,9
2022-10-31,15,10,5
2022-10-31,27,19,8
2022-10-31,34,21,13
2022-10-31,65,50,15
2022-10-31,44,31,13
2022-10-31,25,16,9
2022-10-31,13,6,7
2022-10-31,9,6,3
2022-10-31,9,6,3
2022-10-31,3,0,3
2022-10-31,5,3,2
2022-11-01,4,3,1
2022-11-01,3,3,0
2022-11-01,3,3,0
2022-11-01,3,2,1
2022-11-01,3,3,0
2022-11-01,14,2,12
2022-11-01,32,15,17
2022-11-01,47,15,32
2022-11-01,61,25,36
2022-11-01,53,25,28
2022-11-01,18,7,11
2022-11-01,16,10,6
2022-11-01,26,18,8
2022-11-01,34,18,16
2022-11-01,33,19,14
2022-11-01,52,35,17
2022-11-01,86,56,30
2022-11-01,93,61,32
2022-11-01,53,28,25
2022-11-01,23,17,6
2022-11-01,11,7,4
2022-11-01,17,8,9
2022-11-01,6,2,4
2022-11-01,2,2,0
2022-11-02,2,1,1
2022-11-02,0,0,0
2022-11-02,2,1,1
2022-11-02,0,0,0
2022-11-02,3,2,1
2022-11-02,14,2,12
2022-11-02,34,13,21
2022-11-02,42,14,28
2022-11-02,59,25,34
2022-11-02,29,13,16
2022-11-02,20,8,12
2022-11-02,20,12,8
2022-11-02,12,9,3
2022-11-02,26,19,7
2022-11-02,29,20,9
2022-11-02,46,35,11
2022-11-02,64,42,22
2022-11-02,87,53,34
2022-11-02,25,16,9
2022-11-02,17,11,6
2022-11-02,10,5,5
2022-11-02,11,4,7
2022-11-02,6,4,2
2022-11-02,3,1,2
2022-11-03,1,1,0
2022-11-03,2,2,0
2022-11-03,0,0,0
2022-11-03,0,0,0
2022-11-03,4,2,2
2022-11-03,12,2,10
2022-11-03,25,8,17
2022-11-03,37,17,20
2022-11-03,59,21,38
2022-11-03,51,23,28
2022-11-03,20,14,6
2022-11-03,30,13,17
2022-11-03,26,12,14
2022-11-03,28,14,14
2022-11-03,21,14,7
2022-11-03,38,25,13
2022-11-03,63,42,21
2022-11-03,61,39,22
2022-11-03,28,18,10
2022-11-03,13,9,4
2022-11-03,8,5,3
2022-11-03,8,6,2
2022-11-03,4,2,2
2022-11-03,7,4,3
2022-11-04,1,1,0
2022-11-04,1,1,0
2022-11-04,2,2,0
2022-11-04,0,0,0
2022-11-04,1,0,1
2022-11-04,11,6,5
2022-11-04,15,4,11
2022-11-04,23,7,16
2022-11-04,19,8,11
2022-11-04,19,11,8
2022-11-04,9,6,3
2022-11-04,12,4,8
2022-11-04,16,7,9
2022-11-04,26,15,11
2022-11-04,28,15,13
2022-11-04,27,15,12
2022-11-04,47,24,23
2022-11-04,29,14,15
2022-11-04,23,10,13
2022-11-04,20,13,7
2022-11-04,13,7,6
2022-11-04,11,6,5
2022-11-04,9,3,6
2022-11-04,11,2,9
2022-11-05,6,1,5
2022-11-05,2,0,2
2022-11-05,4,4,0
2022-11-05,1,0,1
2022-11-05,3,0,3
2022-11-05,4,2,2
2022-11-05,3,3,0
2022-11-05,4,1,3
2022-11-05,14,6,8
2022-11-05,20,12,8
2022-11-05,16,11,5
2022-11-05,17,11,6
2022-11-05,25,8,17
2022-11-05,27,16,11
2022-11-05,27,15,12
2022-11-05,50,34,16
2022-11-05,33,19,14
2022-11-05,28,14,14
2022-11-05,27,9,18
2022-11-05,13,5,8
2022-11-05,5,2,3
2022-11-05,5,2,3
2022-11-05,4,3,1
2022-11-05,15,6,9
2022-11-06,12,12,0
2022-11-06,8,3,5
2022-11-06,3,3,0
2022-11-06,0,0,0
2022-11-06,2,0,2
2022-11-06,1,1,0
2022-11-06,2,2,0
2022-11-06,3,1,2
2022-11-06,7,5,2
2022-11-06,7,3,4
2022-11-06,10,5,5
2022-11-06,11,8,3
2022-11-06,10,5,5
2022-11-06,18,11,7
2022-11-06,14,7,7
2022-11-06,17,9,8
2022-11-06,19,13,6
2022-11-06,15,3,12
2022-11-06,6,2,4
2022-11-06,8,6,2
2022-11-06,6,1,5
2022-11-06,2,2,0
2022-11-06,4,1,3
2022-11-06,3,2,1
2022-11-07,2,2,0
2022-11-07,0,0,0
2022-11-07,0,0,0
2022-11-07,0,0,0
2022-11-07,1,1,0
2022-11-07,7,1,6
2022-11-07,24,7,17
2022-11-07,36,12,24
2022-11-07,39,16,23
2022-11-07,20,6,14
2022-11-07,9,5,4
2022-11-07,9,3,6
2022-11-07,17,12,5
2022-11-07,22,14,8
2022-11-07,22,16,6
2022-11-07,34,23,11
2022-11-07,47,42,5
2022-11-07,29,16,13
2022-11-07,23,11,12
2022-11-07,5,4,1
2022-11-07,3,2,1
2022-11-07,4,1,3
2022-11-07,2,1,1
2022-11-07,2,1,1
2022-11-08,3,1,2
2022-11-08,1,0,1
2022-11-08,1,1,0
2022-11-08,0,0,0
2022-11-08,0,0,0
2022-11-08,14,4,10
2022-11-08,27,10,17
2022-11-08,40,16,24
2022-11-08,62,28,34
2022-11-08,39,15,24
2022-11-08,16,7,9
2022-11-08,15,9,6
2022-11-08,22,17,5
2022-11-08,16,7,9
2022-11-08,42,25,17
2022-11-08,50,30,20
2022-11-08,74,53,21
2022-11-08,78,47,31
2022-11-08,36,24,12
2022-11-08,26,14,12
2022-11-08,15,8,7
2022-11-08,11,8,3
2022-11-08,13,10,3
2022-11-08,2,2,0
2022-11-09,2,0,2
2022-11-09,1,0,1
2022-11-09,2,1,1
2022-11-09,0,0,0
2022-11-09,1,0,1
2022-11-09,19,5,14
2022-11-09,26,12,14
2022-11-09,45,19,26
2022-11-09,71,28,43
2022-11-09,25,13,12
2022-11-09,17,10,7
2022-11-09,18,8,10
2022-11-09,26,10,16
2022-11-09,23,13,10
2022-11-09,51,32,19
2022-11-09,51,36,15
2022-11-09,78,59,19
2022-11-09,75,45,30
2022-11-09,31,16,15
2022-11-09,18,9,9
2022-11-09,5,4,1
2022-11-09,8,4,4
2022-11-09,5,3,2
2022-11-09,4,3,1
2022-11-10,3,3,0
2022-11-10,2,1,1
2022-11-10,2,2,0
2022-11-10,1,1,0
2022-11-10,4,2,2
2022-11-10,19,8,11
2022-11-10,22,7,15
2022-11-10,50,22,28
2022-11-10,56,20,36
2022-11-10,32,13,19
2022-11-10,19,12,7
2022-11-10,20,11,9
2022-11-10,24,18,6
2022-11-10,29,21,8
2022-11-10,30,20,10
2022-11-10,48,29,19
2022-11-10,81,55,26
2022-11-10,81,46,35
2022-11-10,36,19,17
2022-11-10,24,15,9
2022-11-10,13,5,8
2022-11-10,10,4,6
2022-11-10,6,5,1
2022-11-10,9,4,5
2022-11-11,3,3,0
2022-11-11,3,2,1
2022-11-11,0,0,0
2022-11-11,1,0,1
2022-11-11,2,0,2
2022-11-11,9,1,8
2022-11-11,18,7,11
2022-11-11,26,11,15
2022-11-11,28,14,14
2022-11-11,19,8,11
2022-11-11,16,8,8
2022-11-11,18,8,10
2022-11-11,28,19,9
2022-11-11,29,18,11
2022-11-11,32,21,11
2022-11-11,45,24,21
2022-11-11,53,36,17
2022-11-11,52,31,21
2022-11-11,37,25,12
2022-11-11,30,22,8
2022-11-11,19,11,8
2022-11-11,23,20,3
2022-11-11,23,14,9
2022-11-11,10,5,5
2022-11-12,9,4,5
2022-11-12,4,3,1
2022-11-12,2,0,2
2022-11-12,3,1,2
2022-11-12,1,0,1
2022-11-12,3,2,1
2022-11-12,3,3,0
2022-11-12,6,3,3
2022-11-12,7,5,2
2022-11-12,32,25,7
2022-11-12,27,15,12
2022-11-12,19,9,10
2022-11-12,30,16,14
2022-11-12,29,19,10
2022-11-12,28,8,20
2022-11-12,43,21,22
2022-11-12,49,24,25
2022-11-12,29,15,14
2022-11-12,24,13,11
2022-11-12,21,12,9
2022-11-12,21,8,13
2022-11-12,8,5,3
2022-11-12,7,6,1
2022-11-12,12,9,3
2022-11-13,7,5,2
2022-11-13,6,3,3
2022-11-13,6,6,0
2022-11-13,3,1,2
2022-11-13,4,2,2
2022-11-13,2,0,2
2022-11-13,2,2,0
2022-11-13,2,0,2
2022-11-13,12,7,5
2022-11-13,21,13,8
2022-11-13,32,22,10
2022-11-13,29,17,12
2022-11-13,29,16,13
2022-11-13,29,19,10
2022-11-13,27,15,12
2022-11-13,36,10,26
2022-11-13,30,22,8
2022-11-13,27,15,12
2022-11-13,13,8,5
2022-11-13,16,13,3
2022-11-13,8,4,4
2022-11-13,4,2,2
2022-11-13,7,5,2
2022-11-13,8,6,2
2022-11-14,4,3,1
2022-11-14,1,1,0
2022-11-14,1,0,1
2022-11-14,0,0,0
2022-11-14,3,2,1
2022-11-14,9,2,7
2022-11-14,28,8,20
2022-11-14,43,20,23
2022-11-14,42,14,28
2022-11-14,37,19,18
2022-11-14,16,6,10
2022-11-14,18,8,10
2022-11-14,22,11,11
2022-11-14,34,18,16
2022-11-14,32,17,15
2022-11-14,49,38,11
2022-11-14,60,45,15
2022-11-14,54,29,25
2022-11-14,35,18,17
2022-11-14,15,7,8
2022-11-14,13,5,8
2022-11-14,8,4,4
2022-11-14,9,4,5
2022-11-14,4,1,3
2022-11-15,3,1,2
2022-11-15,1,0,1
2022-11-15,3,2,1
2022-11-15,2,2,0
2022-11-15,2,2,0
2022-11-15,16,3,13
2022-11-15,21,5,16
2022-11-15,52,21,31
2022-11-15,86,32,54
2022-11-15,42,20,22
2022-11-15,23,13,10
2022-11-15,21,8,13
2022-11-15,25,14,11
2022-11-15,25,14,11
2022-11-15,38,24,14
2022-11-15,62,44,18
2022-11-15,99,73,26
2022-11-15,78,50,28
2022-11-15,47,24,23
2022-11-15,27,12,15
2022-11-15,20,12,8
2022-11-15,19,11,8
2022-11-15,2,0,2
2022-11-15,3,2,1
2022-11-16,4,1,3
2022-11-16,1,1,0
2022-11-16,2,2,0
2022-11-16,1,1,0
2022-11-16,5,3,2
2022-11-16,13,2,11
2022-11-16,29,9,20
2022-11-16,53,17,36
2022-11-16,69,33,36
2022-11-16,40,17,23
2022-11-16,18,12,6
2022-11-16,19,11,8
2022-11-16,33,17,16
2022-11-16,22,15,7
2022-11-16,34,20,14
2022-11-16,63,47,16
2022-11-16,66,44,22
2022-11-16,87,49,38
2022-11-16,46,36,10
2022-11-16,23,16,7
2022-11-16,14,11,3
2022-11-16,11,5,6
2022-11-16,6,5,1
2022-11-16,5,1,4
2022-11-17,4,1,3
2022-11-17,1,0,1
2022-11-17,2,2,0
2022-11-17,1,0,1
2022-11-17,3,1,2
2022-11-17,10,3,7
2022-11-17,25,10,15
2022-11-17,46,20,26
2022-11-17,58,29,29
2022-11-17,55,21,34
2022-11-17,27,18,9
2022-11-17,16,9,7
2022-11-17,25,13,12
2022-11-17,38,20,18
2022-11-17,39,29,10
2022-11-17,49,33,16
2022-11-17,88,54,34
2022-11-17,67,35,32
2022-11-17,41,22,19
2022-11-17,24,10,14
2022-11-17,13,8,5
2022-11-17,11,10,1
2022-11-17,13,11,2
2022-11-17,4,2,2
2022-11-18,8,6,2
2022-11-18,2,1,1
2022-11-18,4,1,3
2022-11-18,2,0,2
2022-11-18,2,0,2
2022-11-18,11,3,8
2022-11-18,16,2,14
2022-11-18,31,10,21
2022-11-18,27,9,18
2022-11-18,38,16,22
2022-11-18,23,11,12
2022-11-18,14,8,6
2022-11-18,27,13,14
2022-11-18,31,22,9
2022-11-18,31,24,7
2022-11-18,41,24,17
2022-11-18,65,40,25
2022-11-18,42,29,13
2022-11-18,37,20,17
2022-11-18,20,12,8
2022-11-18,12,5,7
2022-11-18,9,5,4
2022-11-18,12,5,7
2022-11-18,8,4,4
2022-11-19,,,
2022-11-19,,,
2022-11-19,,,
2022-11-19,,,
2022-11-19,,,
2022-11-19,,,
2022-11-19,,,
2022-11-19,,,
2022-11-19,,,
2022-11-19,,,
2022-11-19,,,
2022-11-19,,,
2022-11-19,,,
2022-11-19,,,
2022-11-19,,,
2022-11-19,,,
2022-11-19,,,
2022-11-19,,,
2022-11-19,,,
2022-11-19,,,
2022-11-19,,,
2022-11-19,,,
2022-11-19,,,
2022-11-19,,,
2022-11-20,,,
2022-11-20,,,
2022-11-20,,,
2022-11-20,,,
2022-11-20,2,0,2
2022-11-20,2,1,1
2022-11-20,4,3,1
2022-11-20,4,3,1
2022-11-20,9,3,6
2022-11-20,13,2,11
2022-11-20,25,10,15
2022-11-20,13,9,4
2022-11-20,27,11,16
2022-11-20,23,10,13
2022-11-20,15,9,6
2022-11-20,35,23,12
2022-11-20,12,7,5
2022-11-20,24,8,16
2022-11-20,11,9,2
2022-11-20,6,4,2
2022-11-20,7,5,2
2022-11-20,10,3,7
2022-11-20,5,4,1
2022-11-20,3,2,1
2022-11-21,7,5,2
2022-11-21,3,0,3
2022-11-21,3,2,1
2022-11-21,0,0,0
2022-11-21,2,1,1
2022-11-21,7,3,4
2022-11-21,29,6,23
2022-11-21,33,14,19
2022-11-21,53,22,31
2022-11-21,31,18,13
2022-11-21,13,4,9
2022-11-21,17,11,6
2022-11-21,16,10,6
2022-11-21,21,13,8
2022-11-21,30,22,8
2022-11-21,42,28,14
2022-11-21,57,42,15
2022-11-21,56,35,21
2022-11-21,34,18,16
2022-11-21,11,6,5
2022-11-21,13,4,9
2022-11-21,10,8,2
2022-11-21,5,2,3
2022-11-21,7,5,2
2022-11-22,,,
2022-11-22,,,
2022-11-22,,,
2022-11-22,,,
2022-11-22,,,
2022-11-22,,,
2022-11-22,,,
2022-11-22,,,
2022-11-22,,,
2022-11-22,,,
2022-11-22,,,
2022-11-22,,,
2022-11-22,,,
2022-11-22,,,
2022-11-22,,,
2022-11-22,,,
2022-11-22,,,
2022-11-22,,,
2022-11-22,,,
2022-11-22,,,
2022-11-22,,,
2022-11-22,,,
2022-11-22,,,
2022-11-22,,,
2022-11-23,,,
2022-11-23,,,
2022-11-23,,,
2022-11-23,,,
2022-11-23,,,
2022-11-23,,,
2022-11-23,,,
2022-11-23,,,
2022-11-23,,,
2022-11-23,,,
2022-11-23,,,
2022-11-23,,,
2022-11-23,,,
2022-11-23,,,
2022-11-23,,,
2022-11-23,,,
2022-11-23,,,
2022-11-23,,,
2022-11-23,,,
2022-11-23,,,
2022-11-23,,,
2022-11-23,,,
2022-11-23,,,
2022-11-23,,,
2022-11-24,,,
2022-11-24,,,
2022-11-24,,,
2022-11-24,,,
2022-11-24,,,
2022-11-24,,,
2022-11-24,,,
2022-11-24,,,
2022-11-24,,,
2022-11-24,,,
2022-11-24,,,
2022-11-24,,,
2022-11-24,,,
2022-11-24,,,
2022-11-24,,,
2022-11-24,,,
2022-11-24,,,
2022-11-24,,,
2022-11-24,,,
2022-11-24,,,
2022-11-24,,,
2022-11-24,,,
2022-11-24,,,
2022-11-24,,,
2022-11-25,,,
2022-11-25,,,
2022-11-25,,,
2022-11-25,,,
2022-11-25,0,0,0
2022-11-25,3,1,2
2022-11-25,6,2,4
2022-11-25,4,4,0
2022-11-25,5,1,4
2022-11-25,4,2,2
2022-11-25,2,1,1
2022-11-25,5,5,0
2022-11-25,6,5,1
2022-11-25,7,4,3
2022-11-25,6,6,0
2022-11-25,8,4,4
2022-11-25,11,7,4
2022-11-25,10,5,5
2022-11-25,10,5,5
2022-11-25,8,3,5
2022-11-25,5,3,2
2022-11-25,4,2,2
2022-11-25,5,2,3
2022-11-25,4,0,4
2022-11-26,2,0,2
2022-11-26,4,1,3
2022-11-26,5,3,2
2022-11-26,4,1,3
2022-11-26,3,1,2
2022-11-26,6,3,3
2022-11-26,2,2,0
2022-11-26,5,4,1
2022-11-26,7,3,4
2022-11-26,15,7,8
2022-11-26,10,5,5
2022-11-26,12,6,6
2022-11-26,8,4,4
2022-11-26,35,16,19
2022-11-26,22,9,13
2022-11-26,17,10,7
2022-11-26,23,14,9
2022-11-26,11,8,3
2022-11-26,10,5,5
2022-11-26,12,9,3
2022-11-26,3,1,2
2022-11-26,8,3,5
2022-11-26,11,5,6
2023-04-09,,,
2022-11-26,6,3,3
2022-11-27,3,1,2
2022-11-27,2,1,1
2022-11-27,1,1,0
2022-11-27,2,2,0
2022-11-27,1,0,1
2022-11-27,0,0,0
2022-11-27,4,4,0
2022-11-27,4,2,2
2022-11-27,7,2,5
2022-11-27,24,12,12
2022-11-27,37,26,11
2022-11-27,39,35,4
2022-11-27,62,55,7
2022-11-27,43,24,19
2022-11-27,25,13,12
2022-11-27,30,12,18
2022-11-27,68,13,55
2022-11-27,78,10,68
2022-11-27,16,4,12
2022-11-27,9,4,5
2022-11-27,9,5,4
2022-11-27,2,0,2
2022-11-27,7,2,5
2022-11-27,4,0,4
2022-11-28,5,5,0
2022-11-28,3,3,0
2022-11-28,2,2,0
2022-11-28,0,0,0
2022-11-28,1,1,0
2022-11-28,6,2,4
2022-11-28,31,7,24
2022-11-28,25,8,17
2022-11-28,29,12,17
2022-11-28,22,5,17
2022-11-28,14,7,7
2022-11-28,5,2,3
2022-11-28,23,12,11
2022-11-28,20,15,5
2022-11-28,27,24,3
2022-11-28,33,21,12
2022-11-28,54,37,17
2022-11-28,38,20,18
2022-11-28,29,20,9
2022-11-28,22,17,5
2022-11-28,1,1,0
2022-11-28,6,4,2
2022-11-28,4,3,1
2022-11-28,2,2,0
2022-11-29,3,2,1
2022-11-29,1,1,0
2022-11-29,1,1,0
2022-11-29,0,0,0
2022-11-29,2,2,0
2022-11-29,6,1,5
2022-11-29,27,11,16
2022-11-29,26,7,19
2022-11-29,32,9,23
2022-11-29,10,5,5
2022-11-29,5,4,1
2022-11-29,12,3,9
2022-11-29,11,4,7
2022-11-29,11,9,2
2022-11-29,20,13,7
2022-11-29,29,25,4
2022-11-29,32,18,14
2022-11-29,33,17,16
2022-11-29,16,13,3
2022-11-29,1,0,1
2022-11-29,2,0,2
2022-11-29,6,5,1
2022-11-29,4,2,2
2022-11-29,0,0,0
2022-11-30,1,0,1
2022-11-30,0,0,0
2022-11-30,1,1,0
2022-11-30,0,0,0
2022-11-30,2,1,1
2022-11-30,9,2,7
2022-11-30,21,4,17
2022-11-30,22,6,16
2022-11-30,32,13,19
2022-11-30,24,11,13
2022-11-30,9,5,4
2022-11-30,13,5,8
2022-11-30,14,8,6
2022-11-30,14,8,6
2022-11-30,21,14,7
2022-11-30,25,19,6
2022-11-30,33,25,8
2022-11-30,56,25,31
2022-11-30,16,13,3
2022-11-30,7,4,3
2022-11-30,14,7,7
2022-11-30,5,3,2
2022-11-30,1,0,1
2022-11-30,1,0,1
2022-12-01,2,1,1
2022-12-01,2,0,2
2022-12-01,2,2,0
2022-12-01,0,0,0
2022-12-01,1,1,0
2022-12-01,3,1,2
2022-12-01,17,4,13
2022-12-01,12,6,6
2022-12-01,26,7,19
2022-12-01,20,10,10
2022-12-01,14,8,6
2022-12-01,12,4,8
2022-12-01,16,8,8
2022-12-01,13,4,9
2022-12-01,27,16,11
2022-12-01,23,13,10
2022-12-01,39,24,15
2022-12-01,50,30,20
2022-12-01,22,14,8
2022-12-01,16,10,6
2022-12-01,10,5,5
2022-12-01,19,11,8
2022-12-01,4,3,1
2022-12-01,3,2,1
2022-12-02,1,1,0
2022-12-02,2,1,1
2022-12-02,2,2,0
2022-12-02,0,0,0
2022-12-02,2,1,1
2022-12-02,6,0,6
2022-12-02,14,2,12
2022-12-02,15,4,11
2022-12-02,12,6,6
2022-12-02,12,7,5
2022-12-02,8,5,3
2022-12-02,13,3,10
2022-12-02,18,9,9
2022-12-02,20,13,7
2022-12-02,21,16,5
2022-12-02,28,23,5
2022-12-02,37,27,10
2022-12-02,27,20,7
2022-12-02,17,10,7
2022-12-02,16,12,4
2022-12-02,10,3,7
2022-12-02,6,2,4
2022-12-02,4,2,2
2022-12-02,6,1,5
2022-12-03,1,0,1
2022-12-03,0,0,0
2022-12-03,2,2,0
2022-12-03,1,0,1
2022-12-03,2,1,1
2022-12-03,2,1,1
2022-12-03,2,1,1
2022-12-03,3,2,1
2022-12-03,0,0,0
2022-12-03,4,1,3
2022-12-03,5,3,2
2022-12-03,8,5,3
2022-12-03,8,5,3
2022-12-03,16,9,7
2022-12-03,14,9,5
2022-12-03,25,13,12
2022-12-03,25,11,14
2022-12-03,20,5,15
2022-12-03,10,4,6
2022-12-03,5,5,0
2022-12-03,9,6,3
2022-12-03,4,1,3
2022-12-03,8,5,3
2022-12-03,4,3,1
2022-12-04,6,2,4
2022-12-04,5,3,2
2022-12-04,3,2,1
2022-12-04,1,1,0
2022-12-04,2,0,2
2022-12-04,5,3,2
2022-12-04,1,0,1
2022-12-04,5,2,3
2022-12-04,4,2,2
2022-12-04,6,0,6
2022-12-04,8,2,6
2022-12-04,10,6,4
2022-12-04,3,2,1
2022-12-04,10,7,3
2022-12-04,9,4,5
2022-12-04,6,4,2
2022-12-04,6,2,4
2022-12-04,11,4,7
2022-12-04,3,3,0
2022-12-04,11,3,8
2022-12-04,4,2,2
2022-12-04,5,3,2
2022-12-04,4,3,1
2022-12-04,2,2,0
2022-12-05,3,2,1
2022-12-05,0,0,0
2022-12-05,0,0,0
2022-12-05,0,0,0
2022-12-05,1,1,0
2022-12-05,8,3,5
2022-12-05,17,3,14
2022-12-05,26,10,16
2022-12-05,24,5,19
2022-12-05,25,10,15
2022-12-05,15,9,6
2022-12-05,15,5,10
2022-12-05,6,2,4
2022-12-05,16,9,7
2022-12-05,18,10,8
2022-12-05,30,17,13
2022-12-05,37,25,12
2022-12-05,48,31,17
2022-12-05,27,20,7
2022-12-05,6,2,4
2022-12-05,2,2,0
2022-12-05,10,6,4
2022-12-05,4,0,4
2022-12-05,2,2,0
2022-12-06,2,1,1
2022-12-06,0,0,0
2022-12-06,0,0,0
2022-12-06,0,0,0
2022-12-06,0,0,0
2022-12-06,11,4,7
2022-12-06,27,6,21
2022-12-06,37,14,23
2022-12-06,52,27,25
2022-12-06,26,13,13
2022-12-06,19,6,13
2022-12-06,21,8,13
2022-12-06,13,4,9
2022-12-06,15,11,4
2022-12-06,28,17,11
2022-12-06,45,34,11
2022-12-06,58,39,19
2022-12-06,52,34,18
2022-12-06,23,16,7
2022-12-06,14,7,7
2022-12-06,14,9,5
2022-12-06,8,6,2
2022-12-06,12,8,4
2022-12-06,7,3,4
2022-12-07,4,1,3
2022-12-07,1,1,0
2022-12-07,3,3,0
2022-12-07,1,1,0
2022-12-07,2,0,2
2022-12-07,11,3,8
2022-12-07,28,8,20
2022-12-07,33,10,23
2022-12-07,43,9,34
2022-12-07,24,10,14
2022-12-07,20,12,8
2022-12-07,17,11,6
2022-12-07,27,15,12
2022-12-07,26,15,11
2022-12-07,25,16,9
2022-12-07,37,25,12
2022-12-07,64,44,20
2022-12-07,65,42,23
2022-12-07,34,20,14
2022-12-07,20,13,7
2022-12-07,10,2,8
2022-12-07,15,5,10
2022-12-07,8,3,5
2022-12-07,2,1,1
2022-12-08,4,3,1
2022-12-08,1,1,0
2022-12-08,1,1,0
2022-12-08,0,0,0
2022-12-08,1,0,1
2022-12-08,7,2,5
2022-12-08,22,5,17
2022-12-08,24,8,16
2022-12-08,45,18,27
2022-12-08,27,15,12
2022-12-08,13,3,10
2022-12-08,20,11,9
2022-12-08,16,10,6
2022-12-08,17,9,8
2022-12-08,28,19,9
2022-12-08,23,18,5
2022-12-08,42,29,13
2022-12-08,60,33,27
2022-12-08,42,23,19
2022-12-08,14,7,7
2022-12-08,12,5,7
2022-12-08,12,8,4
2022-12-08,8,6,2
2022-12-08,4,3,1
2022-12-09,4,2,2
2022-12-09,1,1,0
2022-12-09,0,0,0
2022-12-09,0,0,0
2022-12-09,0,0,0
2022-12-09,7,2,5
2022-12-09,13,2,11
2022-12-09,18,8,10
2022-12-09,35,11,24
2022-12-09,21,10,11
2022-12-09,16,10,6
2022-12-09,16,9,7
2022-12-09,16,8,8
2022-12-09,23,15,8
2022-12-09,21,16,5
2022-12-09,27,15,12
2022-12-09,17,12,5
2022-12-09,17,12,5
2022-12-09,16,7,9
2022-12-09,7,4,3
2022-12-09,6,1,5
2022-12-09,12,8,4
2022-12-09,4,2,2
2022-12-09,1,1,0
2022-12-10,2,1,1
2022-12-10,2,2,0
2022-12-10,0,0,0
2022-12-10,2,1,1
2022-12-10,1,0,1
2022-12-10,3,1,2
2022-12-10,0,0,0
2022-12-10,4,2,2
2022-12-10,1,0,1
2022-12-10,5,3,2
2022-12-10,6,1,5
2022-12-10,12,8,4
2022-12-10,10,5,5
2022-12-10,25,17,8
2022-12-10,8,7,1
2022-12-10,10,2,8
2022-12-10,10,5,5
2022-12-10,12,4,8
2022-12-10,6,2,4
2022-12-10,4,2,2
2022-12-10,12,5,7
2022-12-10,9,4,5
2022-12-10,6,4,2
2022-12-10,7,5,2
2022-12-11,7,2,5
2022-12-11,5,3,2
2022-12-11,3,3,0
2022-12-11,1,1,0
2022-12-11,1,0,1
2022-12-11,1,0,1
2022-12-11,3,3,0
2022-12-11,2,0,2
2022-12-11,10,8,2
2022-12-11,20,8,12
2022-12-11,27,17,10
2022-12-11,34,28,6
2022-12-11,46,36,10
2022-12-11,38,26,12
2022-12-11,31,17,14
2022-12-11,22,10,12
2022-12-11,95,7,88
2022-12-11,25,3,22
2022-12-11,19,5,14
2022-12-11,9,5,4
2022-12-11,10,2,8
2022-12-11,6,2,4
2022-12-11,6,3,3
2022-12-11,3,2,1
2022-12-12,2,2,0
2022-12-12,1,1,0
2022-12-12,0,0,0
2022-12-12,1,0,1
2022-12-12,3,3,0
2022-12-12,7,3,4
2022-12-12,26,7,19
2022-12-12,23,10,13
2022-12-12,33,10,23
2022-12-12,31,11,20
2022-12-12,13,7,6
2022-12-12,13,6,7
2022-12-12,10,6,4
2022-12-12,20,10,10
2022-12-12,25,20,5
2022-12-12,38,26,12
2022-12-12,37,29,8
2022-12-12,52,36,16
2022-12-12,28,16,12
2022-12-12,10,4,6
2022-12-12,9,3,6
2022-12-12,5,3,2
2022-12-12,8,4,4
2022-12-12,3,1,2
2022-12-13,0,0,0
2022-12-13,0,0,0
2022-12-13,2,2,0
2022-12-13,1,1,0
2022-12-13,1,1,0
2022-12-13,8,1,7
2022-12-13,38,11,27
2022-12-13,44,17,27
2022-12-13,52,23,29
2022-12-13,39,17,22
2022-12-13,23,10,13
2022-12-13,24,7,17
2022-12-13,24,12,12
2022-12-13,17,11,6
2022-12-13,25,18,7
2022-12-13,47,35,12
2022-12-13,48,36,12
2022-12-13,63,42,21
2022-12-13,41,23,18
2022-12-13,24,19,5
2022-12-13,11,7,4
2022-12-13,8,4,4
2022-12-13,7,5,2
2022-12-13,3,3,0
2022-12-14,1,0,1
2022-12-14,0,0,0
2022-12-14,1,1,0
2022-12-14,0,0,0
2022-12-14,2,1,1
2022-12-14,8,1,7
2022-12-14,21,2,19
2022-12-14,38,17,21
2022-12-14,50,14,36
2022-12-14,36,18,18
2022-12-14,27,13,14
2022-12-14,18,7,11
2022-12-14,21,12,9
2022-12-14,20,12,8
2022-12-14,24,12,12
2022-12-14,46,32,14
2022-12-14,58,39,19
2022-12-14,63,37,26
2022-12-14,37,24,13
2022-12-14,22,13,9
2022-12-14,11,4,7
2022-12-14,8,3,5
2022-12-14,10,6,4
2022-12-14,7,4,3
2022-12-15,0,0,0
2022-12-15,1,0,1
2022-12-15,1,1,0
2022-12-15,0,0,0
2022-12-15,4,2,2
2022-12-15,5,1,4
2022-12-15,29,9,20
2022-12-15,31,8,23
2022-12-15,60,22,38
2022-12-15,27,14,13
2022-12-15,19,13,6
2022-12-15,20,10,10
2022-12-15,35,20,15
2022-12-15,30,20,10
2022-12-15,58,43,15
2022-12-15,96,80,16
2022-12-15,142,130,12
2022-12-15,100,71,29
2022-12-15,46,23,23
2022-12-15,29,11,18
2022-12-15,175,11,164
2022-12-15,53,7,46
2022-12-15,4,1,3
2022-12-15,9,5,4
2022-12-16,2,0,2
2022-12-16,0,0,0
2022-12-16,1,1,0
2022-12-16,1,0,1
2022-12-16,1,0,1
2022-12-16,7,2,5
2022-12-16,18,5,13
2022-12-16,29,11,18
2022-12-16,24,8,16
2022-12-16,18,7,11
2022-12-16,15,12,3
2022-12-16,20,11,9
2022-12-16,20,11,9
2022-12-16,46,28,18
2022-12-16,34,16,18
2022-12-16,47,33,14
2022-12-16,46,34,12
2022-12-16,29,14,15
2022-12-16,23,14,9
2022-12-16,21,17,4
2022-12-16,10,6,4
2022-12-16,13,8,5
2022-12-16,9,3,6
2022-12-16,19,6,13
2022-12-17,13,9,4
2022-12-17,6,5,1
2022-12-17,4,2,2
2022-12-17,2,1,1
2022-12-17,1,0,1
2022-12-17,3,0,3
2022-12-17,2,2,0
2022-12-17,2,1,1
2022-12-17,3,1,2
2022-12-17,1,1,0
2022-12-17,9,6,3
2022-12-17,12,7,5
2022-12-17,11,6,5
2022-12-17,12,8,4
2022-12-17,12,8,4
2022-12-17,11,5,6
2022-12-17,17,10,7
2022-12-17,11,6,5
2022-12-17,8,5,3
2022-12-17,4,2,2
2022-12-17,9,6,3
2022-12-17,3,3,0
2022-12-17,20,16,4
2022-12-17,6,4,2
2022-12-18,3,1,2
2022-12-18,3,1,2
2022-12-18,2,1,1
2022-12-18,1,1,0
2022-12-18,3,2,1
2022-12-18,1,0,1
2022-12-18,3,3,0
2022-12-18,5,1,4
2022-12-18,3,2,1
2022-12-18,1,1,0
2022-12-18,9,1,8
2022-12-18,15,8,7
2022-12-18,8,7,1
2022-12-18,14,8,6
2022-12-18,15,7,8
2022-12-18,13,10,3
2022-12-18,18,10,8
2022-12-18,12,8,4
2022-12-18,7,3,4
2022-12-18,3,3,0
2022-12-18,8,5,3
2022-12-18,1,1,0
2022-12-18,4,3,1
2022-12-18,0,0,0
2022-12-19,4,4,0
2022-12-19,0,0,0
2022-12-19,3,3,0
2022-12-19,0,0,0
2022-12-19,2,1,1
2022-12-19,10,2,8
2022-12-19,9,4,5
2022-12-19,10,4,6
2022-12-19,19,4,15
2022-12-19,10,6,4
2022-12-19,8,4,4
2022-12-19,8,1,7
2022-12-19,9,5,4
2022-12-19,10,3,7
2022-12-19,19,15,4
2022-12-19,23,15,8
2022-12-19,19,16,3
2022-12-19,18,12,6
2022-12-19,16,8,8
2022-12-19,7,4,3
2022-12-19,4,2,2
2022-12-19,4,2,2
2022-12-19,4,3,1
2022-12-19,3,3,0
2022-12-20,3,3,0
2022-12-20,0,0,0
2022-12-20,2,1,1
2022-12-20,0,0,0
2022-12-20,1,1,0
2022-12-20,7,5,2
2022-12-20,13,3,10
2022-12-20,9,2,7
2022-12-20,11,2,9
2022-12-20,3,0,3
2022-12-20,6,4,2
2022-12-20,8,2,6
2022-12-20,8,2,6
2022-12-20,5,3,2
2022-12-20,6,4,2
2022-12-20,12,6,6
2022-12-20,10,5,5
2022-12-20,14,9,5
2022-12-20,5,2,3
2022-12-20,5,2,3
2022-12-20,0,0,0
2022-12-20,2,1,1
2022-12-20,8,6,2
2022-12-20,3,2,1
2022-12-21,1,0,1
2022-12-21,1,1,0
2022-12-21,0,0,0
2022-12-21,1,0,1
2022-12-21,0,0,0
2022-12-21,4,1,3
2022-12-21,6,1,5
2022-12-21,11,3,8
2022-12-21,5,2,3
2022-12-21,3,2,1
2022-12-21,4,1,3
2022-12-21,12,4,8
2022-12-21,8,4,4
2022-12-21,8,6,2
2022-12-21,12,7,5
2022-12-21,14,9,5
2022-12-21,11,8,3
2022-12-21,13,6,7
2022-12-21,7,2,5
2022-12-21,0,0,0
2022-12-21,3,1,2
2022-12-21,2,1,1
2022-12-21,1,0,1
2022-12-21,1,1,0
2022-12-22,0,0,0
2022-12-22,0,0,0
2022-12-22,0,0,0
2022-12-22,0,0,0
2022-12-22,1,1,0
2022-12-22,4,2,2
2022-12-22,6,0,6
2022-12-22,5,1,4
2022-12-22,6,2,4
2022-12-22,11,5,6
2022-12-22,9,6,3
2022-12-22,12,2,10
2022-12-22,6,3,3
2022-12-22,8,3,5
2022-12-22,8,5,3
2022-12-22,13,7,6
2022-12-22,10,5,5
2022-12-22,7,4,3
2022-12-22,7,3,4
2022-12-22,4,0,4
2022-12-22,5,4,1
2022-12-22,4,1,3
2022-12-22,3,2,1
2022-12-22,2,2,0
2022-12-23,1,0,1
2022-12-23,1,1,0
2022-12-23,0,0,0
2022-12-23,0,0,0
2022-12-23,0,0,0
2022-12-23,0,0,0
2022-12-23,0,0,0
2022-12-23,0,0,0
2022-12-23,0,0,0
2022-12-23,0,0,0
2022-12-23,2,1,1
2022-12-23,0,0,0
2022-12-23,0,0,0
2022-12-23,0,0,0
2022-12-23,0,0,0
2022-12-23,0,0,0
2022-12-23,0,0,0
2022-12-23,1,0,1
2022-12-23,0,0,0
2022-12-23,1,1,0
2022-12-23,1,1,0
2022-12-23,2,0,2
2022-12-23,0,0,0
2022-12-23,2,2,0
2022-12-24,2,0,2
2022-12-24,2,0,2
2022-12-24,3,2,1
2022-12-24,0,0,0
2022-12-24,0,0,0
2022-12-24,0,0,0
2022-12-24,4,3,1
2022-12-24,4,0,4
2022-12-24,1,1,0
2022-12-24,2,2,0
2022-12-24,4,2,2
2022-12-24,3,0,3
2022-12-24,2,1,1
2022-12-24,5,4,1
2022-12-24,8,5,3
2022-12-24,5,3,2
2022-12-24,7,5,2
2022-12-24,10,6,4
2022-12-24,1,0,1
2022-12-24,1,0,1
2022-12-24,0,0,0
2022-12-24,3,3,0
2022-12-24,1,0,1
2022-12-24,0,0,0
2022-12-25,1,1,0
2022-12-25,0,0,0
2022-12-25,1,1,0
2022-12-25,1,0,1
2022-12-25,0,0,0
2022-12-25,2,0,2
2022-12-25,1,1,0
2022-12-25,0,0,0
2022-12-25,1,0,1
2022-12-25,3,3,0
2022-12-25,4,1,3
2022-12-25,4,1,3
2022-12-25,7,2,5
2022-12-25,5,3,2
2022-12-25,8,4,4
2022-12-25,6,2,4
2022-12-25,7,3,4
2022-12-25,2,2,0
2022-12-25,5,1,4
2022-12-25,1,0,1
2022-12-25,2,0,2
2022-12-25,2,0,2
2022-12-25,1,0,1
2022-12-25,0,0,0
2022-12-26,1,1,0
2022-12-26,0,0,0
2022-12-26,0,0,0
2022-12-26,0,0,0
2022-12-26,0,0,0
2022-12-26,1,1,0
2022-12-26,0,0,0
2022-12-26,3,1,2
2022-12-26,2,1,1
2022-12-26,6,3,3
2022-12-26,6,4,2
2022-12-26,9,3,6
2022-12-26,9,8,1
2022-12-26,11,7,4
2022-12-26,7,3,4
2022-12-26,9,5,4
2022-12-26,10,6,4
2022-12-26,6,3,3
2022-12-26,5,0,5
2022-12-26,4,0,4
2022-12-26,1,1,0
2022-12-26,0,0,0
2022-12-26,7,1,6
2022-12-26,0,0,0
2022-12-27,2,2,0
2022-12-27,1,1,0
2022-12-27,0,0,0
2022-12-27,0,0,0
2022-12-27,1,1,0
2022-12-27,4,1,3
2022-12-27,16,1,15
2022-12-27,5,2,3
2022-12-27,10,3,7
2022-12-27,6,4,2
2022-12-27,7,2,5
2022-12-27,10,5,5
2022-12-27,9,3,6
2022-12-27,14,4,10
2022-12-27,21,13,8
2022-12-27,21,18,3
2022-12-27,13,9,4
2022-12-27,13,8,5
2022-12-27,4,2,2
2022-12-27,4,2,2
2022-12-27,2,0,2
2022-12-27,5,2,3
2022-12-27,6,3,3
2022-12-27,1,1,0
2022-12-28,4,3,1
2022-12-28,1,1,0
2022-12-28,1,1,0
2022-12-28,1,0,1
2022-12-28,2,1,1
2022-12-28,6,1,5
2022-12-28,17,3,14
2022-12-28,13,8,5
2022-12-28,12,4,8
2022-12-28,12,7,5
2022-12-28,13,4,9
2022-12-28,9,5,4
2022-12-28,23,11,12
2022-12-28,19,11,8
2022-12-28,28,18,10
2022-12-28,36,20,16
2022-12-28,25,16,9
2022-12-28,30,17,13
2022-12-28,12,5,7
2022-12-28,10,5,5
2022-12-28,7,3,4
2022-12-28,5,3,2
2022-12-28,17,12,5
2022-12-28,3,1,2
2022-12-29,1,0,1
2022-12-29,3,2,1
2022-12-29,1,1,0
2022-12-29,0,0,0
2022-12-29,2,1,1
2022-12-29,6,3,3
2022-12-29,8,1,7
2022-12-29,12,7,5
2022-12-29,16,10,6
2022-12-29,9,4,5
2022-12-29,9,5,4
2022-12-29,7,3,4
2022-12-29,11,8,3
2022-12-29,13,7,6
2022-12-29,19,12,7
2022-12-29,21,13,8
2022-12-29,17,13,4
2022-12-29,16,8,8
2022-12-29,18,9,9
2022-12-29,2,1,1
2022-12-29,3,2,1
2022-12-29,4,3,1
2022-12-29,4,3,1
2022-12-29,1,1,0
2022-12-30,0,0,0
2022-12-30,3,2,1
2022-12-30,0,0,0
2022-12-30,1,0,1
2022-12-30,2,1,1
2022-12-30,1,1,0
2022-12-30,7,1,6
2022-12-30,13,5,8
2022-12-30,7,2,5
2022-12-30,14,9,5
2022-12-30,3,2,1
2022-12-30,10,4,6
2022-12-30,10,7,3
2022-12-30,23,10,13
2022-12-30,15,8,7
2022-12-30,17,10,7
2022-12-30,16,6,10
2022-12-30,26,18,8
2022-12-30,10,5,5
2022-12-30,6,2,4
2022-12-30,3,0,3
2022-12-30,9,6,3
2022-12-30,14,9,5
2022-12-30,4,3,1
2022-12-31,4,4,0
2022-12-31,2,1,1
2022-12-31,3,2,1
2022-12-31,0,0,0
2022-12-31,0,0,0
2022-12-31,0,0,0
2022-12-31,1,1,0
2022-12-31,3,0,3
2022-12-31,0,0,0
2022-12-31,10,7,3
2022-12-31,7,3,4
2022-12-31,9,5,4
2022-12-31,13,7,6
2022-12-31,14,11,3
2022-12-31,19,7,12
2022-12-31,13,10,3
2022-12-31,13,10,3
2022-12-31,13,2,11
2022-12-31,10,4,6
2022-12-31,9,4,5
2022-12-31,8,5,3
2022-12-31,17,7,10
2022-12-31,13,4,9
2022-12-31,7,2,5
2023-01-01,25,22,3
2023-01-01,15,12,3
2023-01-01,7,2,5
2023-01-01,2,2,0
2023-01-01,1,0,1
2023-01-01,0,0,0
2023-01-01,2,2,0
2023-01-01,2,2,0
2023-01-01,3,1,2
2023-01-01,6,3,3
2023-01-01,20,14,6
2023-01-01,60,50,10
2023-01-01,57,53,4
2023-01-01,24,19,5
2023-01-01,37,17,20
2023-01-01,30,10,20
2023-01-01,125,15,110
2023-01-01,29,6,23
2023-01-01,13,5,8
2023-01-01,20,11,9
2023-01-01,17,13,4
2023-01-01,12,7,5
2023-01-01,7,3,4
2023-01-01,2,2,0
2023-01-02,2,2,0
2023-01-02,0,0,0
2023-01-02,0,0,0
2023-01-02,0,0,0
2023-01-02,0,0,0
2023-01-02,2,1,1
2023-01-02,1,1,0
2023-01-02,7,3,4
2023-01-02,4,2,2
2023-01-02,7,3,4
2023-01-02,11,6,5
2023-01-02,12,6,6
2023-01-02,18,14,4
2023-01-02,24,9,15
2023-01-02,17,10,7
2023-01-02,19,9,10
2023-01-02,17,13,4
2023-01-02,14,4,10
2023-01-02,12,8,4
2023-01-02,5,3,2
2023-01-02,3,2,1
2023-01-02,5,3,2
2023-01-02,4,2,2
2023-01-02,2,1,1
2023-01-03,3,1,2
2023-01-03,1,1,0
2023-01-03,0,0,0
2023-01-03,0,0,0
2023-01-03,1,1,0
2023-01-03,10,3,7
2023-01-03,17,6,11
2023-01-03,36,16,20
2023-01-03,43,21,22
2023-01-03,36,21,15
2023-01-03,9,6,3
2023-01-03,21,9,12
2023-01-03,18,11,7
2023-01-03,28,15,13
2023-01-03,25,15,10
2023-01-03,41,33,8
2023-01-03,44,31,13
2023-01-03,48,30,18
2023-01-03,24,10,14
2023-01-03,10,5,5
2023-01-03,3,2,1
2023-01-03,12,1,11
2023-01-03,7,5,2
2023-01-03,4,3,1
2023-01-04,1,0,1
2023-01-04,1,1,0
2023-01-04,1,0,1
2023-01-04,2,1,1
2023-01-04,2,1,1
2023-01-04,10,1,9
2023-01-04,19,7,12
2023-01-04,35,13,22
2023-01-04,42,23,19
2023-01-04,19,7,12
2023-01-04,14,11,3
2023-01-04,25,14,11
2023-01-04,15,8,7
2023-01-04,20,16,4
2023-01-04,31,24,7
2023-01-04,45,26,19
2023-01-04,55,40,15
2023-01-04,58,34,24
2023-01-04,18,9,9
2023-01-04,11,5,6
2023-01-04,7,2,5
2023-01-04,9,6,3
2023-01-04,8,4,4
2023-01-04,1,1,0
2023-01-05,0,0,0
2023-01-05,1,0,1
2023-01-05,1,1,0
2023-01-05,1,1,0
2023-01-05,3,3,0
2023-01-05,4,1,3
2023-01-05,19,10,9
2023-01-05,43,17,26
2023-01-05,60,21,39
2023-01-05,30,13,17
2023-01-05,17,8,9
2023-01-05,17,9,8
2023-01-05,22,11,11
2023-01-05,21,11,10
2023-01-05,24,15,9
2023-01-05,40,25,15
2023-01-05,55,36,19
2023-01-05,63,35,28
2023-01-05,31,14,17
2023-01-05,22,8,14
2023-01-05,13,5,8
2023-01-05,10,5,5
2023-01-05,7,5,2
2023-01-05,3,1,2
2023-01-06,2,0,2
2023-01-06,1,1,0
2023-01-06,4,1,3
2023-01-06,0,0,0
2023-01-06,2,1,1
2023-01-06,4,3,1
2023-01-06,20,8,12
2023-01-06,26,11,15
2023-01-06,24,9,15
2023-01-06,22,11,11
2023-01-06,19,8,11
2023-01-06,19,12,7
2023-01-06,15,8,7
2023-01-06,21,13,8
2023-01-06,32,19,13
2023-01-06,32,22,10
2023-01-06,38,25,13
2023-01-06,31,18,13
2023-01-06,25,13,12
2023-01-06,16,9,7
2023-01-06,12,8,4
2023-01-06,6,2,4
2023-01-06,11,6,5
2023-01-06,9,9,0
2023-01-07,1,0,1
2023-01-07,5,2,3
2023-01-07,2,0,2
2023-01-07,1,1,0
2023-01-07,0,0,0
2023-01-07,1,0,1
2023-01-07,4,3,1
2023-01-07,4,1,3
2023-01-07,3,0,3
2023-01-07,2,2,0
2023-01-07,35,23,12
2023-01-07,6,3,3
2023-01-07,8,4,4
2023-01-07,14,5,9
2023-01-07,11,4,7
2023-01-07,15,11,4
2023-01-07,9,2,7
2023-01-07,11,5,6
2023-01-07,6,4,2
2023-01-07,8,3,5
2023-01-07,9,4,5
2023-01-07,8,3,5
2023-01-07,8,5,3
2023-01-07,8,6,2
2023-01-08,0,0,0
2023-01-08,1,1,0
2023-01-08,3,1,2
2023-01-08,0,0,0
2023-01-08,0,0,0
2023-01-08,0,0,0
2023-01-08,2,2,0
2023-01-08,3,0,3
2023-01-08,3,1,2
2023-01-08,10,6,4
2023-01-08,10,7,3
2023-01-08,31,26,5
2023-01-08,21,18,3
2023-01-08,19,15,4
2023-01-08,14,8,6
2023-01-08,12,6,6
2023-01-08,37,7,30
2023-01-08,45,7,38
2023-01-08,14,4,10
2023-01-08,9,6,3
2023-01-08,7,3,4
2023-01-08,3,2,1
2023-01-08,3,3,0
2023-01-08,5,4,1
2023-01-09,0,0,0
2023-01-09,1,0,1
2023-01-09,1,1,0
2023-01-09,0,0,0
2023-01-09,1,1,0
2023-01-09,6,2,4
2023-01-09,23,4,19
2023-01-09,28,8,20
2023-01-09,28,11,17
2023-01-09,20,11,9
2023-01-09,11,5,6
2023-01-09,12,6,6
2023-01-09,9,4,5
2023-01-09,15,9,6
2023-01-09,22,13,9
2023-01-09,29,23,6
2023-01-09,38,31,7
2023-01-09,51,34,17
2023-01-09,18,9,9
2023-01-09,16,8,8
2023-01-09,5,2,3
2023-01-09,5,1,4
2023-01-09,3,2,1
2023-01-09,2,2,0
2023-01-10,1,1,0
2023-01-10,2,2,0
2023-01-10,1,0,1
2023-01-10,0,0,0
2023-01-10,0,0,0
2023-01-10,12,9,3
2023-01-10,19,4,15
2023-01-10,41,21,20
2023-01-10,48,27,21
2023-01-10,33,17,16
2023-01-10,29,14,15
2023-01-10,21,12,9
2023-01-10,21,13,8
2023-01-10,22,8,14
2023-01-10,35,21,14
2023-01-10,45,32,13
2023-01-10,74,54,20
2023-01-10,77,53,24
2023-01-10,34,13,21
2023-01-10,17,11,6
2023-01-10,9,7,2
2023-01-10,7,2,5
2023-01-10,7,3,4
2023-01-10,3,2,1
2023-01-11,1,0,1
2023-01-11,5,1,4
2023-01-11,1,1,0
2023-01-11,1,0,1
2023-01-11,2,1,1
2023-01-11,7,3,4
2023-01-11,26,14,12
2023-01-11,34,11,23
2023-01-11,44,18,26
2023-01-11,30,19,11
2023-01-11,16,7,9
2023-01-11,11,5,6
2023-01-11,26,13,13
2023-01-11,28,16,12
2023-01-11,39,26,13
2023-01-11,37,30,7
2023-01-11,58,37,21
2023-01-11,62,32,30
2023-01-11,29,14,15
2023-01-11,17,10,7
2023-01-11,10,4,6
2023-01-11,6,3,3
2023-01-11,8,1,7
2023-01-11,2,1,1
2023-01-12,1,0,1
2023-01-12,2,2,0
2023-01-12,0,0,0
2023-01-12,0,0,0
2023-01-12,2,2,0
2023-01-12,7,3,4
2023-01-12,28,10,18
2023-01-12,23,5,18
2023-01-12,35,14,21
2023-01-12,24,14,10
2023-01-12,14,7,7
2023-01-12,14,7,7
2023-01-12,15,7,8
2023-01-12,10,5,5
2023-01-12,20,10,10
2023-01-12,29,27,2
2023-01-12,43,28,15
2023-01-12,51,29,22
2023-01-12,22,13,9
2023-01-12,8,4,4
2023-01-12,6,2,4
2023-01-12,1,1,0
2023-01-12,4,4,0
2023-01-12,2,2,0
2023-01-13,2,2,0
2023-01-13,4,3,1
2023-01-13,1,1,0
2023-01-13,1,0,1
2023-01-13,1,1,0
2023-01-13,8,4,4
2023-01-13,20,4,16
2023-01-13,21,8,13
2023-01-13,28,11,17
2023-01-13,15,7,8
2023-01-13,15,6,9
2023-01-13,13,5,8
2023-01-13,11,4,7
2023-01-13,12,6,6
2023-01-13,15,2,13
2023-01-13,30,18,12
2023-01-13,31,17,14
2023-01-13,23,15,8
2023-01-13,27,13,14
2023-01-13,17,8,9
2023-01-13,10,5,5
2023-01-13,13,8,5
2023-01-13,12,5,7
2023-01-13,3,2,1
2023-01-14,1,0,1
2023-01-14,1,0,1
2023-01-14,2,1,1
2023-01-14,1,0,1
2023-01-14,0,0,0
2023-01-14,1,0,1
2023-01-14,3,2,1
2023-01-14,2,1,1
2023-01-14,10,6,4
2023-01-14,9,3,6
2023-01-14,21,13,8
2023-01-14,7,1,6
2023-01-14,34,19,15
2023-01-14,29,16,13
2023-01-14,27,10,17
2023-01-14,29,14,15
2023-01-14,32,9,23
2023-01-14,31,15,16
2023-01-14,26,7,19
2023-01-14,14,5,9
2023-01-14,8,5,3
2023-01-14,9,4,5
2023-01-14,10,6,4
2023-01-14,7,4,3
2023-01-15,0,0,0
2023-01-15,4,2,2
2023-01-15,6,5,1
2023-01-15,1,0,1
2023-01-15,0,0,0
2023-01-15,2,1,1
2023-01-15,1,0,1
2023-01-15,6,4,2
2023-01-15,4,3,1
2023-01-15,15,8,7
2023-01-15,7,4,3
2023-01-15,24,17,7
2023-01-15,12,4,8
2023-01-15,7,0,7
2023-01-15,16,9,7
2023-01-15,7,3,4
2023-01-15,6,1,5
2023-01-15,6,1,5
2023-01-15,6,3,3
2023-01-15,9,6,3
2023-01-15,4,2,2
2023-01-15,5,4,1
2023-01-15,2,0,2
2023-01-15,2,1,1
2023-01-16,0,0,0
2023-01-16,1,1,0
2023-01-16,1,1,0
2023-01-16,1,0,1
2023-01-16,0,0,0
2023-01-16,9,6,3
2023-01-16,8,3,5
2023-01-16,12,5,7
2023-01-16,20,7,13
2023-01-16,11,7,4
2023-01-16,17,14,3
2023-01-16,18,9,9
2023-01-16,24,17,7
2023-01-16,30,13,17
2023-01-16,20,11,9
2023-01-16,27,15,12
2023-01-16,20,14,6
2023-01-16,27,15,12
2023-01-16,19,10,9
2023-01-16,10,4,6
2023-01-16,6,3,3
2023-01-16,7,2,5
2023-01-16,4,1,3
2023-01-16,3,3,0
2023-01-17,1,0,1
2023-01-17,1,1,0
2023-01-17,1,1,0
2023-01-17,1,0,1
2023-01-17,1,1,0
2023-01-17,11,6,5
2023-01-17,25,9,16
2023-01-17,56,19,37
2023-01-17,52,21,31
2023-01-17,36,14,22
2023-01-17,18,12,6
2023-01-17,22,14,8
2023-01-17,22,6,16
2023-01-17,22,15,7
2023-01-17,29,21,8
2023-01-17,42,29,13
2023-01-17,52,40,12
2023-01-17,54,35,19
2023-01-17,33,25,8
2023-01-17,14,8,6
2023-01-17,5,2,3
2023-01-17,11,6,5
2023-01-17,1,0,1
2023-01-17,3,3,0
2023-01-18,2,1,1
2023-01-18,1,0,1
2023-01-18,1,1,0
2023-01-18,0,0,0
2023-01-18,1,1,0
2023-01-18,13,5,8
2023-01-18,27,10,17
2023-01-18,33,10,23
2023-01-18,36,14,22
2023-01-18,29,15,14
2023-01-18,16,9,7
2023-01-18,6,2,4
2023-01-18,8,5,3
2023-01-18,16,9,7
2023-01-18,21,16,5
2023-01-18,40,32,8
2023-01-18,34,24,10
2023-01-18,44,26,18
2023-01-18,32,20,12
2023-01-18,9,4,5
2023-01-18,3,3,0
2023-01-18,7,4,3
2023-01-18,7,4,3
2023-01-18,3,2,1
2023-01-19,1,1,0
2023-01-19,0,0,0
2023-01-19,1,1,0
2023-01-19,3,1,2
2023-01-19,3,3,0
2023-01-19,12,4,8
2023-01-19,26,11,15
2023-01-19,39,11,28
2023-01-19,37,17,20
2023-01-19,35,16,19
2023-01-19,12,7,5
2023-01-19,14,9,5
2023-01-19,22,12,10
2023-01-19,26,17,9
2023-01-19,29,20,9
2023-01-19,45,33,12
2023-01-19,60,39,21
2023-01-19,75,51,24
2023-01-19,38,20,18
2023-01-19,16,8,8
2023-01-19,7,2,5
2023-01-19,8,2,6
2023-01-19,15,11,4
2023-01-19,2,2,0
2023-01-20,5,5,0
2023-01-20,3,2,1
2023-01-20,3,2,1
2023-01-20,1,0,1
2023-01-20,3,1,2
2023-01-20,10,3,7
2023-01-20,27,5,22
2023-01-20,27,9,18
2023-01-20,33,14,19
2023-01-20,24,13,11
2023-01-20,13,8,5
2023-01-20,18,10,8
2023-01-20,26,9,17
2023-01-20,28,14,14
2023-01-20,50,30,20
2023-01-20,43,31,12
2023-01-20,53,32,21
2023-01-20,53,41,12
2023-01-20,23,11,12
2023-01-20,10,5,5
2023-01-20,8,7,1
2023-01-20,10,3,7
2023-01-20,3,3,0
2023-01-20,9,8,1
2023-01-21,2,1,1
2023-01-21,6,6,0
2023-01-21,4,0,4
2023-01-21,1,1,0
2023-01-21,1,0,1
2023-01-21,2,1,1
2023-01-21,2,2,0
2023-01-21,6,3,3
2023-01-21,1,1,0
2023-01-21,6,3,3
2023-01-21,12,7,5
2023-01-21,10,6,4
2023-01-21,7,3,4
2023-01-21,7,6,1
2023-01-21,8,6,2
2023-01-21,9,6,3
2023-01-21,13,4,9
2023-01-21,6,0,6
2023-01-21,14,8,6
2023-01-21,7,3,4
2023-01-21,4,2,2
2023-01-21,5,3,2
2023-01-21,11,6,5
2023-01-21,7,4,3
2023-01-22,0,0,0
2023-01-22,0,0,0
2023-01-22,5,2,3
2023-01-22,2,0,2
2023-01-22,2,1,1
2023-01-22,2,1,1
2023-01-22,3,1,2
2023-01-22,6,3,3
2023-01-22,5,3,2
2023-01-22,9,6,3
2023-01-22,20,4,16
2023-01-22,28,25,3
2023-01-22,28,19,9
2023-01-22,24,14,10
2023-01-22,21,8,13
2023-01-22,19,13,6
2023-01-22,24,14,10
2023-01-22,20,12,8
2023-01-22,13,5,8
2023-01-22,11,5,6
2023-01-22,14,10,4
2023-01-22,5,3,2
2023-01-22,5,0,5
2023-01-22,6,5,1
2023-01-23,2,1,1
2023-01-23,3,2,1
2023-01-23,0,0,0
2023-01-23,0,0,0
2023-01-23,0,0,0
2023-01-23,9,4,5
2023-01-23,30,9,21
2023-01-23,37,14,23
2023-01-23,43,18,25
2023-01-23,30,11,19
2023-01-23,21,10,11
2023-01-23,18,9,9
2023-01-23,22,18,4
2023-01-23,17,10,7
2023-01-23,29,18,11
2023-01-23,40,27,13
2023-01-23,52,38,14
2023-01-23,58,38,20
2023-01-23,28,15,13
2023-01-23,17,7,10
2023-01-23,10,8,2
2023-01-23,9,5,4
2023-01-23,11,6,5
2023-01-23,1,1,0
2023-01-24,1,1,0
2023-01-24,0,0,0
2023-01-24,0,0,0
2023-01-24,1,1,0
2023-01-24,1,1,0
2023-01-24,11,4,7
2023-01-24,33,14,19
2023-01-24,55,19,36
2023-01-24,54,21,33
2023-01-24,30,14,16
2023-01-24,18,7,11
2023-01-24,17,9,8
2023-01-24,18,10,8
2023-01-24,13,8,5
2023-01-24,31,17,14
2023-01-24,34,27,7
2023-01-24,58,46,12
2023-01-24,73,48,25
2023-01-24,41,29,12
2023-01-24,8,5,3
2023-01-24,4,3,1
2023-01-24,8,6,2
2023-01-24,6,5,1
2023-01-24,3,2,1
2023-01-25,1,1,0
2023-01-25,1,1,0
2023-01-25,0,0,0
2023-01-25,1,0,1
2023-01-25,1,1,0
2023-01-25,10,3,7
2023-01-25,29,8,21
2023-01-25,38,11,27
2023-01-25,52,21,31
2023-01-25,37,17,20
2023-01-25,15,9,6
2023-01-25,13,9,4
2023-01-25,25,14,11
2023-01-25,20,12,8
2023-01-25,36,25,11
2023-01-25,42,31,11
2023-01-25,52,42,10
2023-01-25,72,39,33
2023-01-25,38,22,16
2023-01-25,19,10,9
2023-01-25,13,6,7
2023-01-25,18,10,8
2023-01-25,7,3,4
2023-01-25,3,0,3
2023-01-26,0,0,0
2023-01-26,1,1,0
2023-01-26,1,1,0
2023-01-26,0,0,0
2023-01-26,5,4,1
2023-01-26,13,6,7
2023-01-26,24,9,15
2023-01-26,40,17,23
2023-01-26,57,28,29
2023-01-26,33,12,21
2023-01-26,19,13,6
2023-01-26,32,14,18
2023-01-26,17,12,5
2023-01-26,20,13,7
2023-01-26,28,15,13
2023-01-26,36,29,7
2023-01-26,58,42,16
2023-01-26,82,52,30
2023-01-26,26,16,10
2023-01-26,19,10,9
2023-01-26,20,10,10
2023-01-26,5,3,2
2023-01-26,10,7,3
2023-01-26,7,3,4
2023-01-27,4,3,1
2023-01-27,0,0,0
2023-01-27,0,0,0
2023-01-27,4,4,0
2023-01-27,3,2,1
2023-01-27,9,3,6
2023-01-27,17,5,12
2023-01-27,39,15,24
2023-01-27,28,12,16
2023-01-27,31,14,17
2023-01-27,16,7,9
2023-01-27,20,9,11
2023-01-27,26,12,14
2023-01-27,19,14,5
2023-01-27,43,22,21
2023-01-27,37,27,10
2023-01-27,58,38,20
2023-01-27,42,20,22
2023-01-27,25,13,12
2023-01-27,13,7,6
2023-01-27,8,6,2
2023-01-27,9,6,3
2023-01-27,9,7,2
2023-01-27,6,5,1
2023-01-28,3,3,0
2023-01-28,5,4,1
2023-01-28,4,2,2
2023-01-28,2,1,1
2023-01-28,0,0,0
2023-01-28,4,1,3
2023-01-28,2,2,0
2023-01-28,6,5,1
2023-01-28,7,4,3
2023-01-28,10,6,4
2023-01-28,6,6,0
2023-01-28,22,13,9
2023-01-28,17,9,8
2023-01-28,23,15,8
2023-01-28,17,8,9
2023-01-28,22,12,10
2023-01-28,25,17,8
2023-01-28,10,5,5
2023-01-28,10,4,6
2023-01-28,6,2,4
2023-01-28,12,4,8
2023-01-28,8,7,1
2023-01-28,15,15,0
2023-01-28,9,2,7
2023-01-29,3,2,1
2023-01-29,1,1,0
2023-01-29,3,2,1
2023-01-29,3,2,1
2023-01-29,3,3,0
2023-01-29,2,1,1
2023-01-29,0,0,0
2023-01-29,4,3,1
2023-01-29,9,4,5
2023-01-29,9,4,5
2023-01-29,19,6,13
2023-01-29,38,29,9
2023-01-29,20,8,12
2023-01-29,18,10,8
2023-01-29,25,15,10
2023-01-29,22,9,13
2023-01-29,22,12,10
2023-01-29,16,7,9
2023-01-29,13,9,4
2023-01-29,12,4,8
2023-01-29,6,5,1
2023-01-29,4,4,0
2023-01-29,1,1,0
2023-01-29,2,2,0
2023-01-30,2,2,0
2023-01-30,0,0,0
2023-01-30,1,1,0
2023-01-30,1,1,0
2023-01-30,1,0,1
2023-01-30,10,2,8
2023-01-30,22,12,10
2023-01-30,27,6,21
2023-01-30,42,16,26
2023-01-30,25,9,16
2023-01-30,29,12,17
2023-01-30,22,11,11
2023-01-30,22,12,10
2023-01-30,24,15,9
2023-01-30,25,14,11
2023-01-30,47,38,9
2023-01-30,52,34,18
2023-01-30,47,31,16
2023-01-30,25,14,11
2023-01-30,14,11,3
2023-01-30,10,7,3
2023-01-30,8,5,3
2023-01-30,5,3,2
2023-01-30,0,0,0
2023-01-31,,,
2023-01-31,,,
2023-01-31,,,
2023-01-31,,,
2023-01-31,,,
2023-01-31,,,
2023-01-31,,,
2023-01-31,,,
2023-01-31,,,
2023-01-31,,,
2023-01-31,,,
2023-01-31,,,
2023-01-31,,,
2023-01-31,,,
2023-01-31,,,
2023-01-31,,,
2023-01-31,,,
2023-01-31,,,
2023-01-31,,,
2023-01-31,,,
2023-01-31,,,
2023-01-31,,,
2023-01-31,,,
2023-01-31,,,
2023-03-01,1,1,0
2023-03-01,2,2,0
2023-03-01,4,1,3
2023-03-01,2,1,1
2023-03-01,2,0,2
2023-03-01,5,2,3
2023-03-01,16,12,4
2023-03-01,32,21,11
2023-03-01,53,29,24
2023-03-01,25,12,13
2023-03-01,15,5,10
2023-03-01,15,7,8
2023-03-01,23,13,10
2023-03-01,15,6,9
2023-03-01,30,8,22
2023-03-01,38,10,28
2023-03-01,57,19,38
2023-03-01,75,29,46
2023-03-01,32,14,18
2023-03-01,9,3,6
2023-03-01,9,5,4
2023-03-01,6,3,3
2023-03-01,1,1,0
2023-03-01,4,2,2
2023-03-02,2,1,1
2023-03-02,0,0,0
2023-03-02,1,0,1
2023-03-02,0,0,0
2023-03-02,1,0,1
2023-03-02,9,4,5
2023-03-02,21,15,6
2023-03-02,27,19,8
2023-03-02,47,26,21
2023-03-02,28,14,14
2023-03-02,9,3,6
2023-03-02,14,8,6
2023-03-02,11,5,6
2023-03-02,15,6,9
2023-03-02,27,10,17
2023-03-02,23,8,15
2023-03-02,43,13,30
2023-03-02,63,22,41
2023-03-02,43,16,27
2023-03-02,18,9,9
2023-03-02,12,7,5
2023-03-02,8,4,4
2023-03-02,7,2,5
2023-03-02,5,5,0
2023-03-03,3,0,3
2023-03-03,2,2,0
2023-03-03,2,1,1
2023-03-03,2,1,1
2023-03-03,1,1,0
2023-03-03,8,5,3
2023-03-03,16,12,4
2023-03-03,31,22,9
2023-03-03,32,15,17
2023-03-03,12,6,6
2023-03-03,8,6,2
2023-03-03,8,6,2
2023-03-03,13,3,10
2023-03-03,14,7,7
2023-03-03,22,10,12
2023-03-03,29,13,16
2023-03-03,36,9,27
2023-03-03,35,14,21
2023-03-03,13,5,8
2023-03-03,9,2,7
2023-04-09,,,
2023-03-03,5,2,3
2023-03-03,10,2,8
2023-03-03,3,1,2
2023-03-03,6,0,6
2023-03-04,1,0,1
2023-03-04,2,0,2
2023-03-04,4,2,2
2023-03-04,0,0,0
2023-03-04,0,0,0
2023-03-04,0,0,0
2023-03-04,2,1,1
2023-03-04,3,1,2
2023-03-04,2,1,1
2023-03-04,3,2,1
2023-03-04,5,3,2
2023-03-04,9,6,3
2023-03-04,17,13,4
2023-03-04,10,4,6
2023-03-04,18,7,11
2023-03-04,15,7,8
2023-03-04,9,3,6
2023-03-04,22,10,12
2023-03-04,32,8,24
2023-03-04,17,5,12
2023-03-04,5,1,4
2023-03-04,23,15,8
2023-03-04,18,5,13
2023-03-04,8,3,5
2023-03-05,7,4,3
2023-03-05,5,1,4
2023-03-05,3,2,1
2023-03-05,2,1,1
2023-03-05,0,0,0
2023-03-05,2,1,1
2023-03-05,4,2,2
2023-03-05,5,3,2
2023-03-05,12,5,7
2023-03-05,17,12,5
2023-03-05,11,9,2
2023-03-05,33,8,25
2023-03-05,19,5,14
2023-03-05,36,18,18
2023-03-05,28,15,13
2023-03-05,28,14,14
2023-03-05,24,7,17
2023-03-05,12,5,7
2023-03-05,9,3,6
2023-03-05,6,4,2
2023-03-05,5,2,3
2023-03-05,4,2,2
2023-03-05,3,1,2
2023-03-05,3,2,1
2023-03-06,1,0,1
2023-03-06,1,0,1
2023-03-06,2,1,1
2023-03-06,1,0,1
2023-03-06,0,0,0
2023-03-06,7,4,3
2023-03-06,19,12,7
2023-03-06,33,23,10
2023-03-06,34,17,17
2023-03-06,28,17,11
2023-03-06,14,4,10
2023-03-06,9,5,4
2023-03-06,27,16,11
2023-03-06,25,7,18
2023-03-06,17,6,11
2023-03-06,42,19,23
2023-03-06,47,15,32
2023-03-06,63,22,41
2023-03-06,20,10,10
2023-03-06,5,2,3
2023-03-06,5,1,4
2023-03-06,8,4,4
2023-03-06,3,1,2
2023-03-06,1,0,1
2023-03-07,0,0,0
2023-03-07,1,0,1
2023-03-07,2,0,2
2023-03-07,1,1,0
2023-03-07,3,0,3
2023-03-07,10,7,3
2023-03-07,33,21,12
2023-03-07,54,38,16
2023-03-07,59,27,32
2023-03-07,32,15,17
2023-03-07,21,12,9
2023-03-07,17,9,8
2023-03-07,23,12,11
2023-03-07,23,11,12
2023-03-07,32,10,22
2023-03-07,51,15,36
2023-03-07,72,21,51
2023-03-07,74,28,46
2023-03-07,34,12,22
2023-03-07,21,9,12
2023-03-07,7,3,4
2023-03-07,15,5,10
2023-03-07,9,3,6
2023-03-07,5,2,3
2023-03-08,6,2,4
2023-03-08,3,1,2
2023-03-08,2,1,1
2023-03-08,3,1,2
2023-03-08,3,0,3
2023-03-08,12,9,3
2023-03-08,28,17,11
2023-03-08,44,31,13
2023-03-08,60,38,22
2023-03-08,41,20,21
2023-03-08,13,3,10
2023-03-08,17,7,10
2023-03-08,33,14,19
2023-03-08,21,7,14
2023-03-08,26,10,16
2023-03-08,40,14,26
2023-03-08,52,14,38
2023-03-08,71,31,40
2023-03-08,34,14,20
2023-03-08,18,8,10
2023-03-08,11,4,7
2023-03-08,7,4,3
2023-03-08,6,3,3
2023-03-08,3,1,2
2023-03-09,2,0,2
2023-03-09,1,0,1
2023-03-09,1,0,1
2023-03-09,2,1,1
2023-03-09,1,0,1
2023-03-09,13,7,6
2023-03-09,33,19,14
2023-03-09,44,31,13
2023-03-09,67,38,29
2023-03-09,40,18,22
2023-03-09,20,8,12
2023-03-09,19,10,9
2023-03-09,18,11,7
2023-03-09,20,6,14
2023-03-09,31,11,20
2023-03-09,44,12,32
2023-03-09,61,13,48
2023-03-09,98,30,68
2023-03-09,37,17,20
2023-03-09,24,4,20
2023-03-09,9,5,4
2023-03-09,6,4,2
2023-03-09,17,3,14
2023-03-09,5,2,3
2023-03-10,7,3,4
2023-03-10,1,1,0
2023-03-10,0,0,0
2023-03-10,0,0,0
2023-03-10,3,1,2
2023-03-10,5,3,2
2023-03-10,12,10,2
2023-03-10,28,22,6
2023-03-10,33,22,11
2023-03-10,31,15,16
2023-03-10,19,11,8
2023-03-10,13,6,7
2023-03-10,27,10,17
2023-03-10,22,10,12
2023-03-10,26,8,18
2023-03-10,39,9,30
2023-03-10,52,15,37
2023-03-10,45,20,25
2023-03-10,27,10,17
2023-03-10,18,7,11
2023-03-10,6,4,2
2023-03-10,8,1,7
2023-03-10,6,2,4
2023-03-10,3,0,3
2023-03-11,5,2,3
2023-03-11,1,0,1
2023-03-11,0,0,0
2023-03-11,1,1,0
2023-03-11,0,0,0
2023-03-11,3,2,1
2023-03-11,2,1,1
2023-03-11,5,2,3
2023-03-11,6,5,1
2023-03-11,14,6,8
2023-03-11,9,3,6
2023-03-11,19,4,15
2023-03-11,29,13,16
2023-03-11,20,9,11
2023-03-11,32,12,20
2023-03-11,33,17,16
2023-03-11,38,12,26
2023-03-11,30,17,13
2023-03-11,21,10,11
2023-03-11,14,8,6
2023-03-11,10,7,3
2023-03-11,20,9,11
2023-03-11,18,4,14
2023-03-11,8,3,5
2023-03-12,3,2,1
2023-03-12,5,2,3
2023-03-12,,,
2023-03-12,5,2,3
2023-03-12,2,0,2
2023-03-12,0,0,0
2023-03-12,3,2,1
2023-03-12,5,2,3
2023-03-12,6,4,2
2023-03-12,9,5,4
2023-03-12,10,8,2
2023-03-12,22,2,20
2023-03-12,18,4,14
2023-03-12,20,10,10
2023-03-12,14,3,11
2023-03-12,14,8,6
2023-03-12,14,7,7
2023-03-12,8,2,6
2023-03-12,11,7,4
2023-03-12,7,6,1
2023-03-12,7,1,6
2023-03-12,9,4,5
2023-03-12,2,1,1
2023-03-12,5,1,4
2023-03-13,1,0,1
2023-03-13,1,0,1
2023-03-13,0,0,0
2023-03-13,2,1,1
2023-03-13,0,0,0
2023-03-13,9,5,4
2023-03-13,16,10,6
2023-03-13,26,20,6
2023-03-13,30,15,15
2023-03-13,18,9,9
2023-03-13,10,3,7
2023-03-13,14,6,8
2023-03-13,9,4,5
2023-03-13,9,3,6
2023-03-13,13,4,9
2023-03-13,30,12,18
2023-03-13,30,8,22
2023-03-13,47,13,34
2023-03-13,28,15,13
2023-03-13,18,11,7
2023-03-13,6,2,4
2023-03-13,15,5,10
2023-03-13,6,2,4
2023-03-13,10,4,6
2023-03-14,0,0,0
2023-03-14,1,0,1
2023-03-14,2,1,1
2023-03-14,2,0,2
2023-03-14,2,1,1
2023-03-14,8,6,2
2023-03-14,28,17,11
2023-03-14,38,25,13
2023-03-14,58,38,20
2023-03-14,31,16,15
2023-03-14,28,11,17
2023-03-14,26,12,14
2023-03-14,16,9,7
2023-03-14,13,5,8
2023-03-14,33,14,19
2023-03-14,41,13,28
2023-03-14,62,26,36
2023-03-14,85,27,58
2023-03-14,53,21,32
2023-03-14,26,12,14
2023-03-14,11,4,7
2023-03-14,10,4,6
2023-03-14,8,4,4
2023-03-14,5,2,3
2023-03-15,1,0,1
2023-03-15,1,0,1
2023-03-15,1,0,1
2023-03-15,0,0,0
2023-03-15,3,0,3
2023-03-15,12,8,4
2023-03-15,28,21,7
2023-03-15,29,18,11
2023-03-15,62,34,28
2023-03-15,35,19,16
2023-03-15,20,9,11
2023-03-15,23,8,15
2023-03-15,37,18,19
2023-03-15,23,7,16
2023-03-15,25,6,19
2023-03-15,45,13,32
2023-03-15,79,33,46
2023-03-15,84,35,49
2023-03-15,46,24,22
2023-03-15,21,10,11
2023-03-15,10,6,4
2023-03-15,14,5,9
2023-03-15,7,3,4
2023-03-15,7,1,6
2023-03-16,4,2,2
2023-03-16,3,1,2
2023-03-16,3,0,3
2023-03-16,0,0,0
2023-03-16,3,2,1
2023-03-16,17,9,8
2023-03-16,29,19,10
2023-03-16,39,27,12
2023-03-16,54,35,19
2023-03-16,42,19,23
2023-03-16,21,8,13
2023-03-16,25,11,14
2023-03-16,30,12,18
2023-03-16,31,13,18
2023-03-16,37,12,25
2023-03-16,45,19,26
2023-03-16,78,25,53
2023-03-16,95,45,50
2023-03-16,54,18,36
2023-03-16,34,14,20
2023-03-16,15,4,11
2023-03-16,10,5,5
2023-03-16,13,8,5
2023-03-16,9,3,6
2023-03-17,2,1,1
2023-03-17,0,0,0
2023-03-17,1,1,0
2023-03-17,0,0,0
2023-03-17,1,0,1
2023-03-17,8,5,3
2023-03-17,23,16,7
2023-03-17,32,16,16
2023-03-17,26,17,9
2023-03-17,24,15,9
2023-03-17,12,7,5
2023-03-17,24,12,12
2023-03-17,29,11,18
2023-03-17,33,21,12
2023-03-17,39,23,16
2023-03-17,55,25,30
2023-03-17,62,20,42
2023-03-17,68,28,40
2023-03-17,36,19,17
2023-03-17,28,11,17
2023-03-17,21,15,6
2023-03-17,27,16,11
2023-03-17,18,7,11
2023-03-17,12,4,8
2023-03-18,7,5,2
2023-03-18,2,0,2
2023-03-18,4,3,1
2023-03-18,3,2,1
2023-03-18,1,0,1
2023-03-18,4,2,2
2023-03-18,3,3,0
2023-03-18,9,4,5
2023-03-18,11,3,8
2023-03-18,14,3,11
2023-03-18,27,9,18
2023-03-18,43,14,29
2023-03-18,98,28,70
2023-03-18,71,23,48
2023-03-18,52,28,24
2023-03-18,117,82,35
2023-03-18,71,47,24
2023-03-18,55,27,28
2023-03-18,39,21,18
2023-03-18,41,17,24
2023-03-18,25,11,14
2023-03-18,20,10,10
2023-03-18,25,9,16
2023-03-18,11,5,6
2023-03-19,3,0,3
2023-03-19,9,6,3
2023-03-19,4,2,2
2023-03-19,1,0,1
2023-03-19,1,0,1
2023-03-19,2,2,0
2023-03-19,3,3,0
2023-03-19,7,3,4
2023-03-19,5,3,2
2023-03-19,12,5,7
2023-03-19,11,3,8
2023-03-19,26,9,17
2023-03-19,18,13,5
2023-03-19,42,27,15
2023-03-19,28,12,16
2023-03-19,21,9,12
2023-03-19,27,8,19
2023-03-19,27,14,13
2023-03-19,23,10,13
2023-03-19,19,10,9
2023-03-19,5,2,3
2023-03-19,7,4,3
2023-03-19,6,3,3
2023-03-19,4,2,2
2023-03-20,3,1,2
2023-03-20,3,0,3
2023-03-20,0,0,0
2023-03-20,0,0,0
2023-03-20,2,1,1
2023-03-20,8,5,3
2023-03-20,19,13,6
2023-03-20,36,24,12
2023-03-20,34,16,18
2023-03-20,26,11,15
2023-03-20,17,9,8
2023-03-20,20,12,8
2023-03-20,22,6,16
2023-03-20,14,7,7
2023-03-20,32,10,22
2023-03-20,35,14,21
2023-03-20,49,16,33
2023-03-20,49,20,29
2023-03-20,28,14,14
2023-03-20,10,5,5
2023-03-20,14,11,3
2023-03-20,7,4,3
2023-03-20,5,2,3
2023-03-20,5,2,3
2023-03-21,4,1,3
2023-03-21,1,0,1
2023-03-21,3,0,3
2023-03-21,0,0,0
2023-03-21,1,0,1
2023-03-21,10,8,2
2023-03-21,30,19,11
2023-03-21,55,36,19
2023-03-21,80,50,30
2023-03-21,37,14,23
2023-03-21,17,7,10
2023-03-21,16,9,7
2023-03-21,21,11,10
2023-03-21,34,15,19
2023-03-21,32,9,23
2023-03-21,59,18,41
2023-03-21,80,23,57
2023-03-21,107,32,75
2023-03-21,52,23,29
2023-03-21,29,18,11
2023-03-21,21,10,11
2023-03-21,25,11,14
2023-03-21,12,6,6
2023-03-21,7,2,5
2023-03-22,4,1,3
2023-03-22,0,0,0
2023-03-22,1,0,1
2023-03-22,0,0,0
2023-03-22,2,0,2
2023-03-22,12,8,4
2023-03-22,24,18,6
2023-03-22,56,40,16
2023-03-22,78,43,35
2023-03-22,37,22,15
2023-03-22,21,9,12
2023-03-22,23,15,8
2023-03-22,29,13,16
2023-03-22,34,16,18
2023-03-22,43,20,23
2023-03-22,52,16,36
2023-03-22,86,17,69
2023-03-22,114,44,70
2023-03-22,53,15,38
2023-03-22,32,16,16
2023-03-22,18,5,13
2023-03-22,9,6,3
2023-03-22,10,3,7
2023-03-22,4,3,1
2023-03-23,3,0,3
2023-03-23,0,0,0
2023-03-23,2,0,2
2023-03-23,1,0,1
2023-03-23,2,0,2
2023-03-23,9,6,3
2023-03-23,23,14,9
2023-03-23,49,30,19
2023-03-23,64,37,27
2023-03-23,38,19,19
2023-03-23,12,6,6
2023-03-23,15,10,5
2023-03-23,14,7,7
2023-03-23,21,10,11
2023-03-23,26,8,18
2023-03-23,46,11,35
2023-03-23,54,15,39
2023-03-23,81,28,53
2023-03-23,43,19,24
2023-03-23,25,8,17
2023-03-23,8,6,2
2023-03-23,10,4,6
2023-03-23,6,1,5
2023-03-23,4,3,1
2023-03-24,1,0,1
2023-03-24,0,0,0
2023-03-24,5,2,3
2023-03-24,1,0,1
2023-03-24,1,0,1
2023-03-24,9,8,1
2023-03-24,17,16,1
2023-03-24,34,17,17
2023-03-24,29,16,13
2023-03-24,27,13,14
2023-03-24,16,5,11
2023-03-24,17,6,11
2023-03-24,21,9,12
2023-03-24,21,10,11
2023-03-24,31,13,18
2023-03-24,48,14,34
2023-03-24,49,19,30
2023-03-24,58,27,31
2023-03-24,18,7,11
2023-03-24,15,9,6
2023-03-24,8,1,7
2023-03-24,9,4,5
2023-03-24,10,3,7
2023-03-24,11,4,7
2023-03-25,1,0,1
2023-03-25,1,0,1
2023-03-25,5,4,1
2023-03-25,0,0,0
2023-03-25,0,0,0
2023-03-25,2,1,1
2023-03-25,1,1,0
2023-03-25,6,3,3
2023-03-25,8,3,5
2023-03-25,14,8,6
2023-03-25,20,8,12
2023-03-25,35,13,22
2023-03-25,32,6,26
2023-03-25,45,8,37
2023-03-25,52,19,33
2023-03-25,61,31,30
2023-03-25,79,30,49
2023-03-25,41,12,29
2023-03-25,34,13,21
2023-03-25,16,9,7
2023-03-25,17,8,9
2023-03-25,28,14,14
2023-03-25,68,61,7
2023-03-25,21,12,9
2023-03-26,11,5,6
2023-03-26,5,3,2
2023-03-26,4,1,3
2023-03-26,2,1,1
2023-03-26,0,0,0
2023-03-26,3,0,3
2023-03-26,3,1,2
2023-03-26,6,3,3
2023-03-26,9,7,2
2023-03-26,19,6,13
2023-03-26,19,6,13
2023-03-26,33,8,25
2023-03-26,32,16,16
2023-03-26,22,9,13
2023-03-26,39,14,25
2023-03-26,29,15,14
2023-03-26,22,13,9
2023-03-26,41,25,16
2023-03-26,22,16,6
2023-03-26,17,11,6
2023-03-26,9,4,5
2023-03-26,12,5,7
2023-03-26,14,7,7
2023-03-26,5,2,3
2023-03-27,0,0,0
2023-03-27,1,1,0
2023-03-27,0,0,0
2023-03-27,0,0,0
2023-03-27,0,0,0
2023-03-27,12,9,3
2023-03-27,24,16,8
2023-03-27,47,32,15
2023-03-27,41,24,17
2023-03-27,28,15,13
2023-03-27,15,7,8
2023-03-27,28,13,15
2023-03-27,20,9,11
2023-03-27,27,14,13
2023-03-27,29,13,16
2023-03-27,53,17,36
2023-03-27,68,23,45
2023-03-27,83,33,50
2023-03-27,33,17,16
2023-03-27,28,15,13
2023-03-27,15,9,6
2023-03-27,13,10,3
2023-03-27,5,4,1
2023-03-27,5,2,3
2023-03-28,0,0,0
2023-03-28,0,0,0
2023-03-28,1,0,1
2023-03-28,0,0,0
2023-03-28,1,0,1
2023-03-28,9,7,2
2023-03-28,30,18,12
2023-03-28,68,48,20
2023-03-28,71,36,35
2023-03-28,48,28,20
2023-03-28,23,10,13
2023-03-28,27,18,9
2023-03-28,26,14,12
2023-03-28,30,14,16
2023-03-28,32,11,21
2023-03-28,56,21,35
2023-03-28,80,25,55
2023-03-28,131,48,83
2023-03-28,59,25,34
2023-03-28,25,13,12
2023-03-28,13,7,6
2023-03-28,10,3,7
2023-03-28,10,6,4
2023-03-28,3,1,2
2023-03-29,0,0,0
2023-03-29,0,0,0
2023-03-29,1,0,1
2023-03-29,5,3,2
2023-03-29,4,1,3
2023-03-29,13,7,6
2023-03-29,26,19,7
2023-03-29,61,38,23
2023-03-29,69,43,26
2023-03-29,34,18,16
2023-03-29,18,10,8
2023-03-29,27,12,15
2023-03-29,37,15,22
2023-03-29,33,15,18
2023-03-29,48,23,25
2023-03-29,48,13,35
2023-03-29,84,29,55
2023-03-29,135,61,74
2023-03-29,61,26,35
2023-03-29,18,7,11
2023-03-29,22,11,11
2023-03-29,13,6,7
2023-03-29,8,3,5
2023-03-29,4,1,3
2023-03-30,2,0,2
2023-03-30,1,0,1
2023-03-30,1,1,0
2023-03-30,2,1,1
2023-03-30,2,0,2
2023-03-30,8,4,4
2023-03-30,27,19,8
2023-03-30,40,25,15
2023-03-30,81,50,31
2023-03-30,42,19,23
2023-03-30,25,16,9
2023-03-30,14,6,8
2023-03-30,28,14,14
2023-03-30,34,14,20
2023-03-30,48,14,34
2023-03-30,76,33,43
2023-03-30,102,23,79
2023-03-30,182,47,135
2023-03-30,119,24,95
2023-03-30,28,12,16
2023-03-30,12,9,3
2023-03-30,81,60,21
2023-03-30,42,37,5
2023-03-30,12,6,6
2023-03-31,4,1,3
2023-03-31,3,1,2
2023-03-31,3,1,2
2023-03-31,2,1,1
2023-03-31,1,0,1
2023-03-31,5,2,3
2023-03-31,25,20,5
2023-03-31,28,19,9
2023-03-31,32,23,9
2023-03-31,17,7,10
2023-03-31,17,7,10
2023-03-31,21,13,8
2023-03-31,24,15,9
2023-03-31,24,12,12
2023-03-31,15,5,10
2023-03-31,36,5,31
2023-03-31,52,11,41
2023-03-31,63,17,46
2023-03-31,47,9,38
2023-03-31,16,5,11
2023-03-31,6,2,4
2023-03-31,7,3,4
2023-03-31,19,16,3
2023-03-31,8,2,6
2023-04-01,3,0,3
2023-04-01,2,1,1
2023-04-01,1,1,0
2023-04-01,1,1,0
2023-04-01,0,0,0
2023-04-01,1,0,1
2023-04-01,6,4,2
2023-04-01,4,1,3
2023-04-01,11,4,7
2023-04-01,21,3,18
2023-04-01,14,5,9
2023-04-01,22,12,10
2023-04-01,23,10,13
2023-04-01,28,13,15
2023-04-01,41,16,25
2023-04-01,21,5,16
2023-04-01,57,19,38
2023-04-01,42,13,29
2023-04-01,46,13,33
2023-04-01,41,14,27
2023-04-01,37,19,18
2023-04-01,39,31,8
2023-04-01,24,18,6
2023-04-01,8,6,2
2023-04-02,2,2,0
2023-04-02,2,1,1
2023-04-02,6,5,1
2023-04-02,1,0,1
2023-04-02,0,0,0
2023-04-02,1,0,1
2023-04-02,6,3,3
2023-04-02,5,3,2
2023-04-02,8,2,6
2023-04-02,6,3,3
2023-04-02,10,4,6
2023-04-02,25,4,21
2023-04-02,45,6,39
2023-04-02,22,10,12
2023-04-02,8,4,4
2023-04-02,15,10,5
2023-04-02,46,37,9
2023-04-02,30,15,15
2023-04-02,20,10,10
2023-04-02,18,8,10
2023-04-02,10,2,8
2023-04-02,6,3,3
2023-04-02,5,4,1
2023-04-02,1,0,1
2023-04-03,3,0,3
2023-04-03,0,0,0
2023-04-03,0,0,0
2023-04-03,0,0,0
2023-04-03,0,0,0
2023-04-03,7,3,4
2023-04-03,25,17,8
2023-04-03,32,20,12
2023-04-03,36,21,15
2023-04-03,20,10,10
2023-04-03,6,5,1
2023-04-03,8,6,2
2023-04-03,13,4,9
2023-04-03,13,8,5
2023-04-03,33,15,18
2023-04-03,36,9,27
2023-04-03,56,22,34
2023-04-03,75,22,53
2023-04-03,32,9,23
2023-04-03,24,10,14
2023-04-03,4,2,2
2023-04-03,27,19,8
2023-04-03,17,6,11
2023-04-03,3,2,1
2023-04-04,2,0,2
2023-04-04,0,0,0
2023-04-04,1,0,1
2023-04-04,1,0,1
2023-04-04,2,1,1
2023-04-04,11,7,4
2023-04-04,36,22,14
2023-04-04,55,34,21
2023-04-04,76,47,29
2023-04-04,37,17,20
2023-04-04,17,8,9
2023-04-04,21,10,11
2023-04-04,23,8,15
2023-04-04,33,17,16
2023-04-04,36,11,25
2023-04-04,51,15,36
2023-04-04,92,31,61
2023-04-04,112,36,76
2023-04-04,102,32,70
2023-04-04,33,12,21
2023-04-04,13,8,5
2023-04-04,32,26,6
2023-04-04,11,9,2
2023-04-04,9,4,5
2023-04-05,1,0,1
2023-04-05,2,0,2
2023-04-05,2,0,2
2023-04-05,0,0,0
2023-04-05,1,0,1
2023-04-05,9,6,3
2023-04-05,27,20,7
2023-04-05,47,27,20
2023-04-05,66,32,34
2023-04-05,38,24,14
2023-04-05,22,12,10
2023-04-05,22,11,11
2023-04-05,44,11,33
2023-04-05,42,15,27
2023-04-05,44,23,21
2023-04-05,63,26,37
2023-04-05,115,48,67
2023-04-05,108,44,64
2023-04-05,62,23,39
2023-04-05,32,10,22
2023-04-05,28,15,13
2023-04-05,20,10,10
2023-04-05,8,2,6
2023-04-05,2,1,1
2023-04-06,4,3,1
2023-04-06,1,1,0
2023-04-06,3,1,2
2023-04-06,0,0,0
2023-04-06,2,0,2
2023-04-06,3,1,2
2023-04-06,29,18,11
2023-04-06,29,19,10
2023-04-06,42,26,16
2023-04-06,26,16,10
2023-04-06,13,5,8
2023-04-06,10,6,4
2023-04-06,23,13,10
2023-04-06,14,7,7
2023-04-06,25,7,18
2023-04-06,21,8,13
2023-04-06,40,9,31
2023-04-06,55,24,31
2023-04-06,24,7,17
2023-04-06,17,7,10
2023-04-06,12,8,4
2023-04-06,12,8,4
2023-04-06,11,5,6
2023-04-06,10,2,8
2023-04-07,3,1,2
2023-04-07,3,2,1
2023-04-07,2,2,0
2023-04-07,0,0,0
2023-04-07,3,0,3
2023-04-07,2,2,0
2023-04-07,15,13,2
2023-04-07,24,14,10
2023-04-07,27,16,11
2023-04-07,23,8,15
2023-04-07,14,8,6
2023-04-07,21,10,11
2023-04-07,21,10,11
2023-04-07,26,12,14
2023-04-07,37,19,18
2023-04-07,35,10,25
2023-04-07,55,22,33
2023-04-07,60,25,35
2023-04-07,45,21,24
2023-04-07,30,17,13
2023-04-07,18,9,9
2023-04-07,10,3,7
2023-04-07,23,12,11
2023-04-07,4,3,1
2023-04-08,5,3,2
2023-04-08,3,2,1
2023-04-08,1,0,1
2023-04-08,0,0,0
2023-04-08,1,0,1
2023-04-08,2,1,1
2023-04-08,1,1,0
2023-04-08,6,3,3
2023-04-08,8,0,8
2023-04-08,5,3,2
2023-04-08,17,4,13
2023-04-08,14,2,12
2023-04-08,11,8,3
2023-04-08,18,9,9
2023-04-08,13,7,6
2023-04-08,20,9,11
2023-04-08,15,4,11
2023-04-08,22,7,15
2023-04-08,26,12,14
2023-04-08,31,10,21
2023-04-08,18,10,8
2023-04-08,42,35,7
2023-04-08,27,21,6
2023-04-08,12,5,7
2023-04-09,,,
2023-04-09,,,
2023-04-09,,,
2023-04-09,,,
2023-04-09,,,
2023-04-09,,,
2023-04-09,,,
2023-04-09,,,
2023-04-09,,,
2023-04-09,,,
2023-04-09,,,
2023-04-09,,,
2023-04-09,,,
2023-04-09,,,
2023-04-09,,,
2023-04-09,,,
2023-04-09,,,
2023-04-09,,,
2023-04-09,,,
2023-04-09,,,
2023-04-09,,,
2023-04-09,,,
2023-04-10,,,
2023-04-10,,,
2023-04-10,,,
2023-04-10,,,
2023-04-10,1,0,1
2023-04-10,8,4,4
2023-04-10,21,12,9
2023-04-10,35,25,10
2023-04-10,34,22,12
2023-04-10,14,6,8
2023-04-10,8,4,4
2023-04-10,3,1,2
2023-04-10,12,8,4
2023-04-10,8,2,6
2023-04-10,19,8,11
2023-04-10,25,6,19
2023-04-10,35,11,24
2023-04-10,53,22,31
2023-04-10,17,3,14
2023-04-10,13,4,9
2023-04-10,10,6,4
2023-04-10,6,3,3
2023-04-10,4,1,3
2023-04-10,3,0,3
2023-04-11,0,0,0
2023-04-11,1,0,1
2023-04-11,3,0,3
2023-04-11,0,0,0
2023-04-11,2,0,2
2023-04-11,7,5,2
2023-04-11,19,13,6
2023-04-11,48,31,17
2023-04-11,43,26,17
2023-04-11,23,11,12
2023-04-11,17,9,8
2023-04-11,18,7,11
2023-04-11,18,6,12
2023-04-11,17,8,9
2023-04-11,40,18,22
2023-04-11,29,11,18
2023-04-11,56,15,41
2023-04-11,67,24,43
2023-04-11,34,17,17
2023-04-11,23,12,11
2023-04-11,17,9,8
2023-04-11,12,3,9
2023-04-11,12,8,4
2023-04-11,6,2,4
2023-04-12,3,0,3
2023-04-12,0,0,0
2023-04-12,3,0,3
2023-04-12,4,1,3
2023-04-12,0,0,0
2023-04-12,7,4,3
2023-04-12,31,24,7
2023-04-12,53,33,20
2023-04-12,60,33,27
2023-04-12,41,22,19
2023-04-12,21,8,13
2023-04-12,23,12,11
2023-04-12,33,18,15
2023-04-12,25,9,16
2023-04-12,50,24,26
2023-04-12,44,11,33
2023-04-12,87,29,58
2023-04-12,97,39,58
2023-04-12,46,16,30
2023-04-12,38,25,13
2023-04-12,15,8,7
2023-04-12,18,7,11
2023-04-12,10,3,7
2023-04-12,3,1,2
2023-04-13,1,0,1
2023-04-13,2,1,1
2023-04-13,6,4,2
2023-04-13,0,0,0
2023-04-13,2,0,2
2023-04-13,9,6,3
2023-04-13,25,19,6
2023-04-13,37,20,17
2023-04-13,56,37,19
2023-04-13,28,13,15
2023-04-13,21,8,13
2023-04-13,26,9,17
2023-04-13,13,6,7
2023-04-13,22,11,11
2023-04-13,34,7,27
2023-04-13,47,18,29
2023-04-13,79,24,55
2023-04-13,98,43,55
2023-04-13,44,24,20
2023-04-13,17,8,9
2023-04-13,19,8,11
2023-04-13,19,10,9
2023-04-13,11,2,9
2023-04-13,7,1,6
2023-04-14,2,1,1
2023-04-14,4,2,2
2023-04-14,2,1,1
2023-04-14,1,1,0
2023-04-14,1,0,1
2023-04-14,6,2,4
2023-04-14,23,19,4
2023-04-14,34,20,14
2023-04-14,47,28,19
2023-04-14,24,12,12
2023-04-14,12,8,4
2023-04-14,37,16,21
2023-04-14,30,17,13
2023-04-14,38,17,21
2023-04-14,40,14,26
2023-04-14,55,21,34
2023-04-14,83,21,62
2023-04-14,90,36,54
2023-04-14,59,20,39
2023-04-14,49,18,31
2023-04-14,30,10,20
2023-04-14,38,31,7
2023-04-14,72,58,14
2023-04-14,24,8,16
2023-04-15,14,6,8
2023-04-15,9,7,2
2023-04-15,4,1,3
2023-04-15,1,1,0
2023-04-15,1,0,1
2023-04-15,2,1,1
2023-04-15,2,0,2
2023-04-15,11,6,5
2023-04-15,14,3,11
2023-04-15,15,7,8
2023-04-15,25,9,16
2023-04-15,22,6,16
2023-04-15,26,11,15
2023-04-15,39,19,20
2023-04-15,36,13,23
2023-04-15,17,7,10
2023-04-15,34,17,17
2023-04-15,27,13,14
2023-04-15,65,18,47
2023-04-15,22,9,13
2023-04-15,32,22,10
2023-04-15,59,51,8
2023-04-15,25,12,13
2023-04-15,14,2,12
2023-04-16,12,7,5
2023-04-16,4,3,1
2023-04-16,2,1,1
2023-04-16,2,1,1
2023-04-16,1,1,0
2023-04-16,1,0,1
2023-04-16,3,0,3
2023-04-16,5,2,3
2023-04-16,6,2,4
2023-04-16,8,4,4
2023-04-16,10,6,4
2023-04-16,24,6,18
2023-04-16,23,7,16
2023-04-16,15,11,4
2023-04-16,15,10,5
2023-04-16,22,15,7
2023-04-16,18,14,4
2023-04-16,17,8,9
2023-04-16,20,13,7
2023-04-16,10,3,7
2023-04-16,6,3,3
2023-04-16,2,1,1
2023-04-16,4,1,3
2023-04-16,5,1,4
2023-04-17,3,1,2
2023-04-17,0,0,0
2023-04-17,2,0,2
2023-04-17,1,0,1
2023-04-17,2,0,2
2023-04-17,6,1,5
2023-04-17,27,20,7
2023-04-17,34,23,11
2023-04-17,52,34,18
2023-04-17,25,12,13
2023-04-17,16,5,11
2023-04-17,16,7,9
2023-04-17,14,4,10
2023-04-17,15,7,8
2023-04-17,22,5,17
2023-04-17,29,5,24
2023-04-17,42,10,32
2023-04-17,65,14,51
2023-04-17,74,21,53
2023-04-17,23,5,18
2023-04-17,11,7,4
2023-04-17,28,25,3
2023-04-17,17,2,15
2023-04-17,3,0,3
2023-04-18,1,0,1
2023-04-18,0,0,0
2023-04-18,0,0,0
2023-04-18,0,0,0
2023-04-18,1,0,1
2023-04-18,8,4,4
2023-04-18,27,19,8
2023-04-18,36,25,11
2023-04-18,59,39,20
2023-04-18,27,12,15
2023-04-18,14,7,7
2023-04-18,22,12,10
2023-04-18,13,8,5
2023-04-18,19,9,10
2023-04-18,24,13,11
2023-04-18,35,12,23
2023-04-18,71,15,56
2023-04-18,91,30,61
2023-04-18,64,11,53
2023-04-18,26,7,19
2023-04-18,23,15,8
2023-04-18,27,20,7
2023-04-18,18,12,6
2023-04-18,16,10,6
2023-04-19,3,1,2
2023-04-19,0,0,0
2023-04-19,2,0,2
2023-04-19,3,1,2
2023-04-19,2,1,1
2023-04-19,11,6,5
2023-04-19,27,17,10
2023-04-19,44,28,16
2023-04-19,53,30,23
2023-04-19,33,21,12
2023-04-19,17,8,9
2023-04-19,23,14,9
2023-04-19,34,13,21
2023-04-19,34,13,21
2023-04-19,33,8,25
2023-04-19,51,24,27
2023-04-19,76,26,50
2023-04-19,96,41,55
2023-04-19,43,16,27
2023-04-19,32,16,16
2023-04-19,26,11,15
2023-04-19,13,5,8
2023-04-19,10,3,7
2023-04-19,7,2,5
2023-04-20,8,6,2
2023-04-20,3,2,1
2023-04-20,0,0,0
2023-04-20,0,0,0
2023-04-20,4,0,4
2023-04-20,10,7,3
2023-04-20,28,14,14
2023-04-20,47,33,14
2023-04-20,55,30,25
2023-04-20,26,15,11
2023-04-20,24,8,16
2023-04-20,29,11,18
2023-04-20,22,10,12
2023-04-20,16,5,11
2023-04-20,19,8,11
2023-04-20,39,9,30
2023-04-20,61,11,50
2023-04-20,80,28,52
2023-04-20,19,6,13
2023-04-20,9,4,5
2023-04-20,9,3,6
2023-04-20,12,4,8
2023-04-20,6,1,5
2023-04-20,5,2,3
2023-04-21,4,2,2
2023-04-21,6,1,5
2023-04-21,4,1,3
2023-04-21,0,0,0
2023-04-21,2,0,2
2023-04-21,5,3,2
2023-04-21,18,13,5
2023-04-21,37,24,13
2023-04-21,45,30,15
2023-04-21,26,17,9
2023-04-21,13,3,10
2023-04-21,20,10,10
2023-04-21,30,10,20
2023-04-21,26,10,16
2023-04-21,38,14,24
2023-04-21,35,11,24
2023-04-21,57,23,34
2023-04-21,77,29,48
2023-04-21,64,15,49
2023-04-21,47,13,34
2023-04-21,29,12,17
2023-04-21,74,63,11
2023-04-21,31,24,7
2023-04-21,5,4,1
2023-04-22,14,11,3
2023-04-22,4,2,2
2023-04-22,4,3,1
2023-04-22,4,1,3
2023-04-22,0,0,0
2023-04-22,0,0,0
2023-04-22,2,1,1
2023-04-22,6,3,3
2023-04-22,10,2,8
2023-04-22,16,5,11
2023-04-22,26,9,17
2023-04-22,22,8,14
2023-04-22,27,13,14
2023-04-22,41,21,20
2023-04-22,41,18,23
2023-04-22,55,24,31
2023-04-22,58,24,34
2023-04-22,54,17,37
2023-04-22,85,18,67
2023-04-22,22,3,19
2023-04-22,13,8,5
2023-04-22,115,111,4
2023-04-22,34,26,8
2023-04-22,10,5,5
2023-04-23,4,2,2
2023-04-23,5,2,3
2023-04-23,2,2,0
2023-04-23,1,0,1
2023-04-23,0,0,0
2023-04-23,0,0,0
2023-04-23,2,0,2
2023-04-23,9,4,5
2023-04-23,8,4,4
2023-04-23,8,3,5
2023-04-23,24,12,12
2023-04-23,36,13,23
2023-04-23,49,19,30
2023-04-23,50,11,39
2023-04-23,26,15,11
2023-04-23,42,20,22
2023-04-23,44,33,11
2023-04-23,25,18,7
2023-04-23,20,9,11
2023-04-23,34,19,15
2023-04-23,11,7,4
2023-04-23,12,3,9
2023-04-23,3,1,2
2023-04-23,2,1,1
2023-04-24,4,1,3
2023-04-24,1,0,1
2023-04-24,0,0,0
2023-04-24,0,0,0
2023-04-24,1,0,1
2023-04-24,8,6,2
2023-04-24,34,22,12
2023-04-24,35,27,8
2023-04-24,53,27,26
2023-04-24,22,8,14
2023-04-24,24,15,9
2023-04-24,13,5,8
2023-04-24,21,11,10
2023-04-24,24,12,12
2023-04-24,30,9,21
2023-04-24,32,8,24
2023-04-24,58,24,34
2023-04-24,76,28,48
2023-04-24,39,20,19
2023-04-24,23,12,11
2023-04-24,15,9,6
2023-04-24,18,3,15
2023-04-24,23,4,19
2023-04-24,7,0,7
2023-04-25,1,0,1
2023-04-25,2,1,1
2023-04-25,0,0,0
2023-04-25,2,1,1
2023-04-25,3,1,2
2023-04-25,9,7,2
2023-04-25,36,22,14
2023-04-25,66,36,30
2023-04-25,89,53,36
2023-04-25,49,25,24
2023-04-25,19,11,8
2023-04-25,29,10,19
2023-04-25,19,11,8
2023-04-25,27,14,13
2023-04-25,25,13,12
2023-04-25,57,15,42
2023-04-25,109,38,71
2023-04-25,112,46,66
2023-04-25,62,26,36
2023-04-25,28,7,21
2023-04-25,19,10,9
2023-04-25,25,9,16
2023-04-25,12,5,7
2023-04-25,4,3,1
2023-04-26,4,3,1
2023-04-26,4,3,1
2023-04-26,5,1,4
2023-04-26,2,1,1
2023-04-26,5,1,4
2023-04-26,9,6,3
2023-04-26,36,23,13
2023-04-26,49,28,21
2023-04-26,67,41,26
2023-04-26,42,28,14
2023-04-26,22,12,10
2023-04-26,24,11,13
2023-04-26,31,16,15
2023-04-26,39,22,17
2023-04-26,48,17,31
2023-04-26,52,14,38
2023-04-26,97,25,72
2023-04-26,106,42,64
2023-04-26,67,30,37
2023-04-26,26,5,21
2023-04-26,23,11,12
2023-04-26,14,5,9
2023-04-26,23,16,7
2023-04-26,6,2,4
2023-04-27,5,5,0
2023-04-27,1,1,0
2023-04-27,1,1,0
2023-04-27,0,0,0
2023-04-27,5,3,2
2023-04-27,11,10,1
2023-04-27,37,24,13
2023-04-27,49,37,12
2023-04-27,74,40,34
2023-04-27,49,29,20
2023-04-27,23,12,11
2023-04-27,26,10,16
2023-04-27,34,17,17
2023-04-27,34,19,15
2023-04-27,42,14,28
2023-04-27,63,21,42
2023-04-27,88,24,64
2023-04-27,119,51,68
2023-04-27,65,29,36
2023-04-27,42,18,24
2023-04-27,28,20,8
2023-04-27,12,5,7
2023-04-27,13,6,7
2023-04-27,11,7,4
2023-04-28,8,3,5
2023-04-28,1,1,0
2023-04-28,2,2,0
2023-04-28,0,0,0
2023-04-28,4,1,3
2023-04-28,10,7,3
2023-04-28,31,22,9
2023-04-28,55,37,18
2023-04-28,42,27,15
2023-04-28,34,17,17
2023-04-28,30,18,12
2023-04-28,26,10,16
2023-04-28,38,19,19
2023-04-28,39,16,23
2023-04-28,53,20,33
2023-04-28,62,22,40
2023-04-28,82,25,57
2023-04-28,77,27,50
2023-04-28,62,32,30
2023-04-28,42,13,29
2023-04-28,34,16,18
2023-04-28,28,12,16
2023-04-28,40,12,28
2023-04-28,27,14,13
2023-04-29,8,5,3
2023-04-29,8,3,5
2023-04-29,1,1,0
2023-04-29,3,2,1
2023-04-29,0,0,0
2023-04-29,5,3,2
2023-04-29,6,1,5
2023-04-29,12,7,5
2023-04-29,15,6,9
2023-04-29,35,10,25
2023-04-29,43,18,25
2023-04-29,68,29,39
2023-04-29,79,26,53
2023-04-29,62,33,29
2023-04-29,71,37,34
2023-04-29,58,27,31
2023-04-29,62,30,32
2023-04-29,76,45,31
2023-04-29,61,39,22
2023-04-29,31,21,10
2023-04-29,21,12,9
2023-04-29,14,5,9
2023-04-29,28,8,20
2023-04-29,9,2,7
2023-04-30,14,5,9
2023-04-30,6,5,1
2023-04-30,8,5,3
2023-04-30,0,0,0
2023-04-30,3,0,3
2023-04-30,1,0,1
2023-04-30,1,1,0
2023-04-30,7,3,4
2023-04-30,10,6,4
2023-04-30,15,5,10
2023-04-30,23,13,10
2023-04-30,37,13,24
2023-04-30,31,10,21
2023-04-30,34,21,13
2023-04-30,30,21,9
2023-04-30,43,19,24
2023-04-30,29,12,17
2023-04-30,44,21,23
2023-04-30,23,17,6
2023-04-30,20,8,12
2023-04-30,15,10,5
2023-04-30,11,4,7
2023-04-30,13,5,8
2023-04-30,10,5,5
2023-05-01,5,1,4
2023-05-01,0,0,0
2023-05-01,0,0,0
2023-05-01,0,0,0
2023-05-01,1,0,1
2023-05-01,11,9,2
2023-05-01,24,14,10
2023-05-01,45,27,18
2023-05-01,78,45,33
2023-05-01,31,17,14
2023-05-01,19,8,11
2023-05-01,19,17,2
2023-05-01,42,23,19
2023-05-01,46,23,23
2023-05-01,37,13,24
2023-05-01,38,15,23
2023-05-01,70,20,50
2023-05-01,97,36,61
2023-05-01,30,15,15
2023-05-01,27,12,15
2023-05-01,18,8,10
2023-05-01,21,11,10
2023-05-01,10,5,5
2023-05-01,3,1,2
2023-05-02,5,3,2
2023-05-02,2,2,0
2023-05-02,0,0,0
2023-05-02,0,0,0
2023-05-02,3,2,1
2023-05-02,11,10,1
2023-05-02,46,34,12
2023-05-02,82,57,25
2023-05-02,97,62,35
2023-05-02,57,36,21
2023-05-02,39,17,22
2023-05-02,23,11,12
2023-05-02,32,15,17
2023-05-02,24,7,17
2023-05-02,53,18,35
2023-05-02,59,16,43
2023-05-02,102,29,73
2023-05-02,157,57,100
2023-05-02,65,29,36
2023-05-02,34,13,21
2023-05-02,23,13,10
2023-05-02,18,8,10
2023-05-02,16,10,6
2023-05-02,5,2,3
2023-05-03,9,5,4
2023-05-03,1,0,1
2023-05-03,0,0,0
2023-05-03,0,0,0
2023-05-03,2,1,1
2023-05-03,18,15,3
2023-05-03,44,35,9
2023-05-03,70,43,27
2023-05-03,116,72,44
2023-05-03,43,28,15
2023-05-03,43,18,25
2023-05-03,44,19,25
2023-05-03,39,19,20
2023-05-03,42,15,27
2023-05-03,46,21,25
2023-05-03,66,25,41
2023-05-03,121,33,88
2023-05-03,146,56,90
2023-05-03,62,15,47
2023-05-03,35,17,18
2023-05-03,21,8,13
2023-05-03,37,23,14
2023-05-03,20,12,8
2023-05-03,7,4,3
2023-05-04,1,0,1
2023-05-04,2,1,1
2023-05-04,3,1,2
2023-05-04,2,0,2
2023-05-04,4,2,2
2023-05-04,15,12,3
2023-05-04,59,48,11
2023-05-04,61,39,22
2023-05-04,74,44,30
2023-05-04,66,32,34
2023-05-04,30,17,13
2023-05-04,37,24,13
2023-05-04,39,22,17
2023-05-04,34,16,18
2023-05-04,49,25,24
2023-05-04,63,21,42
2023-05-04,97,31,66
2023-05-04,125,45,80
2023-05-04,61,27,34
2023-05-04,32,9,23
2023-05-04,31,22,9
2023-05-04,16,3,13
2023-05-04,14,5,9
2023-05-04,7,2,5
2023-05-05,3,1,2
2023-05-05,1,0,1
2023-05-05,1,1,0
2023-05-05,0,0,0
2023-05-05,1,0,1
2023-05-05,6,4,2
2023-05-05,22,18,4
2023-05-05,31,25,6
2023-05-05,33,22,11
2023-05-05,23,14,9
2023-05-05,16,10,6
2023-05-05,9,5,4
2023-05-05,14,7,7
2023-05-05,17,7,10
2023-05-05,20,6,14
2023-05-05,34,10,24
2023-05-05,45,12,33
2023-05-05,47,15,32
2023-05-05,43,8,35
2023-05-05,21,8,13
2023-05-05,14,10,4
2023-05-05,43,30,13
2023-05-05,30,26,4
2023-05-05,11,9,2
2023-05-06,7,5,2
2023-05-06,2,2,0
2023-05-06,1,1,0
2023-05-06,2,1,1
2023-05-06,0,0,0
2023-05-06,3,1,2
2023-05-06,5,3,2
2023-05-06,5,4,1
2023-05-06,8,7,1
2023-05-06,15,8,7
2023-05-06,14,6,8
2023-05-06,20,9,11
2023-05-06,34,13,21
2023-05-06,30,11,19
2023-05-06,44,17,27
2023-05-06,51,23,28
2023-05-06,41,11,30
2023-05-06,48,23,25
2023-05-06,41,11,30
2023-05-06,29,10,19
2023-05-06,35,16,19
2023-05-06,83,74,9
2023-05-06,33,22,11
2023-05-06,16,7,9
2023-05-07,10,6,4
2023-05-07,5,2,3
2023-05-07,5,2,3
2023-05-07,3,1,2
2023-05-07,1,1,0
2023-05-07,1,0,1
2023-05-07,0,0,0
2023-05-07,9,4,5
2023-05-07,11,3,8
2023-05-07,41,10,31
2023-05-07,27,12,15
2023-05-07,52,6,46
2023-05-07,117,23,94
2023-05-07,130,33,97
2023-05-07,60,31,29
2023-05-07,79,59,20
2023-05-07,186,159,27
2023-05-07,67,52,15
2023-05-07,29,12,17
2023-05-07,29,15,14
2023-05-07,14,8,6
2023-05-07,23,6,17
2023-05-07,8,4,4
2023-05-07,7,3,4
2023-05-08,4,1,3
2023-05-08,3,0,3
2023-05-08,2,1,1
2023-05-08,0,0,0
2023-05-08,6,2,4
2023-05-08,4,3,1
2023-05-08,35,26,9
2023-05-08,50,31,19
2023-05-08,63,42,21
2023-05-08,54,32,22
2023-05-08,27,18,9
2023-05-08,18,9,9
2023-05-08,29,14,15
2023-05-08,31,15,16
2023-05-08,36,12,24
2023-05-08,60,26,34
2023-05-08,83,28,55
2023-05-08,114,46,68
2023-05-08,80,20,60
2023-05-08,24,12,12
2023-05-08,18,11,7
2023-05-08,35,29,6
2023-05-08,17,11,6
2023-05-08,8,3,5
2023-05-09,2,1,1
2023-05-09,2,0,2
2023-05-09,2,1,1
2023-05-09,1,1,0
2023-05-09,3,3,0
2023-05-09,9,6,3
2023-05-09,47,38,9
2023-05-09,72,47,25
2023-05-09,107,70,37
2023-05-09,63,35,28
2023-05-09,34,19,15
2023-05-09,29,13,16
2023-05-09,40,23,17
2023-05-09,23,9,14
2023-05-09,50,17,33
2023-05-09,64,16,48
2023-05-09,126,44,82
2023-05-09,150,55,95
2023-05-09,110,28,82
2023-05-09,36,14,22
2023-05-09,35,17,18
2023-05-09,45,29,16
2023-05-09,16,9,7
2023-05-09,23,17,6
2023-05-10,6,3,3
2023-05-10,0,0,0
2023-05-10,1,1,0
2023-05-10,2,1,1
2023-05-10,3,2,1
2023-05-10,13,8,5
2023-05-10,37,25,12
2023-05-10,81,60,21
2023-05-10,124,64,60
2023-05-10,58,29,29
2023-05-10,25,14,11
2023-05-10,45,21,24
2023-05-10,79,31,48
2023-05-10,44,15,29
2023-05-10,62,30,32
2023-05-10,87,46,41
2023-05-10,119,46,73
2023-05-10,150,68,82
2023-05-10,71,29,42
2023-05-10,33,11,22
2023-05-10,28,19,9
2023-05-10,21,7,14
2023-05-10,8,2,6
2023-05-10,10,7,3
2023-05-11,2,0,2
2023-05-11,1,0,1
2023-05-11,3,3,0
2023-05-11,0,0,0
2023-05-11,4,1,3
2023-05-11,12,10,2
2023-05-11,40,27,13
2023-05-11,72,51,21
2023-05-11,116,63,53
2023-05-11,61,31,30
2023-05-11,25,16,9
2023-05-11,38,23,15
2023-05-11,28,18,10
2023-05-11,33,16,17
2023-05-11,46,21,25
2023-05-11,69,22,47
2023-05-11,123,26,97
2023-05-11,157,61,96
2023-05-11,85,29,56
2023-05-11,40,16,24
2023-05-11,30,17,13
2023-05-11,25,8,17
2023-05-11,14,4,10
2023-05-11,10,6,4
2023-05-12,5,3,2
2023-05-12,2,1,1
2023-05-12,1,0,1
2023-05-12,4,2,2
2023-05-12,1,0,1
2023-05-12,10,7,3
2023-05-12,31,21,10
2023-05-12,53,36,17
2023-05-12,64,41,23
2023-05-12,45,27,18
2023-05-12,35,16,19
2023-05-12,31,21,10
2023-05-12,30,15,15
2023-05-12,48,27,21
2023-05-12,49,23,26
2023-05-12,73,30,43
2023-05-12,89,30,59
2023-05-12,95,37,58
2023-05-12,47,20,27
2023-05-12,38,17,21
2023-05-12,23,12,11
2023-05-12,29,8,21
2023-05-12,19,10,9
2023-05-12,30,6,24
2023-05-13,6,3,3
2023-05-13,1,0,1
2023-05-13,2,1,1
2023-05-13,5,2,3
2023-05-13,2,0,2
2023-05-13,4,2,2
2023-05-13,6,4,2
2023-05-13,17,4,13
2023-05-13,18,8,10
2023-05-13,30,12,18
2023-05-13,36,16,20
2023-05-13,43,19,24
2023-05-13,43,23,20
2023-05-13,48,20,28
2023-05-13,51,28,23
2023-05-13,48,21,27
2023-05-13,41,20,21
2023-05-13,65,39,26
2023-05-13,49,18,31
2023-05-13,40,22,18
2023-05-13,31,15,16
2023-05-13,22,12,10
2023-05-13,11,4,7
2023-05-13,21,9,12
2023-05-14,20,18,2
2023-05-14,4,1,3
2023-05-14,7,1,6
2023-05-14,1,1,0
2023-05-14,2,0,2
2023-05-14,1,0,1
2023-05-14,7,4,3
2023-05-14,8,6,2
2023-05-14,11,6,5
2023-05-14,18,10,8
2023-05-14,37,15,22
2023-05-14,18,7,11
2023-05-14,59,26,33
2023-05-14,52,33,19
2023-05-14,33,15,18
2023-05-14,38,20,18
2023-05-14,35,19,16
2023-05-14,32,15,17
2023-05-14,36,15,21
2023-05-14,27,13,14
2023-05-14,21,12,9
2023-05-14,14,5,9
2023-05-14,10,4,6
2023-05-14,11,5,6
2023-05-15,8,4,4
2023-05-15,1,0,1
2023-05-15,2,2,0
2023-05-15,1,1,0
2023-05-15,5,1,4
2023-05-15,14,13,1
2023-05-15,40,25,15
2023-05-15,67,44,23
2023-05-15,74,47,27
2023-05-15,50,29,21
2023-05-15,27,17,10
2023-05-15,41,23,18
2023-05-15,45,16,29
2023-05-15,27,13,14
2023-05-15,53,21,32
2023-05-15,55,19,36
2023-05-15,78,22,56
2023-05-15,97,41,56
2023-05-15,48,22,26
2023-05-15,40,12,28
2023-05-15,18,7,11
2023-05-15,16,6,10
2023-05-15,16,6,10
2023-05-15,4,0,4
2023-05-16,2,2,0
2023-05-16,1,0,1
2023-05-16,0,0,0
2023-05-16,1,1,0
2023-05-16,5,3,2
2023-05-16,14,10,4
2023-05-16,41,30,11
2023-05-16,121,68,53
2023-05-16,120,67,53
2023-05-16,71,43,28
2023-05-16,37,19,18
2023-05-16,32,14,18
2023-05-16,42,23,19
2023-05-16,37,20,17
2023-05-16,48,22,26
2023-05-16,78,22,56
2023-05-16,120,45,75
2023-05-16,143,50,93
2023-05-16,70,30,40
2023-05-16,41,16,25
2023-05-16,36,16,20
2023-05-16,15,10,5
2023-05-16,18,8,10
2023-05-16,7,3,4
2023-05-17,6,2,4
2023-05-17,4,4,0
2023-05-17,2,0,2
2023-05-17,0,0,0
2023-05-17,2,1,1
2023-05-17,14,11,3
2023-05-17,53,37,16
2023-05-17,82,58,24
2023-05-17,123,79,44
2023-05-17,55,33,22
2023-05-17,41,26,15
2023-05-17,43,30,13
2023-05-17,32,16,16
2023-05-17,42,18,24
2023-05-17,64,22,42
2023-05-17,82,21,61
2023-05-17,131,38,93
2023-05-17,156,51,105
2023-05-17,115,32,83
2023-05-17,78,18,60
2023-05-17,31,16,15
2023-05-17,104,90,14
2023-05-17,34,21,13
2023-05-17,9,5,4
2023-05-18,5,1,4
2023-05-18,2,1,1
2023-05-18,4,1,3
2023-05-18,0,0,0
2023-05-18,4,2,2
2023-05-18,12,10,2
2023-05-18,52,36,16
2023-05-18,71,50,21
2023-05-18,99,57,42
2023-05-18,63,36,27
2023-05-18,26,16,10
2023-05-18,28,14,14
2023-05-18,33,18,15
2023-05-18,38,18,20
2023-05-18,47,20,27
2023-05-18,74,27,47
2023-05-18,110,23,87
2023-05-18,145,58,87
2023-05-18,75,31,44
2023-05-18,40,24,16
2023-05-18,34,15,19
2023-05-18,11,5,6
2023-05-18,12,9,3
2023-05-18,10,3,7
2023-05-19,1,0,1
2023-05-19,1,1,0
2023-05-19,2,1,1
2023-05-19,1,1,0
2023-05-19,1,0,1
2023-05-19,8,7,1
2023-05-19,36,26,10
2023-05-19,54,33,21
2023-05-19,120,75,45
2023-05-19,51,20,31
2023-05-19,22,12,10
2023-05-19,32,11,21
2023-05-19,34,16,18
2023-05-19,45,17,28
2023-05-19,60,28,32
2023-05-19,57,17,40
2023-05-19,88,27,61
2023-05-19,88,41,47
2023-05-19,55,16,39
2023-05-19,39,21,18
2023-05-19,34,16,18
2023-05-19,22,9,13
2023-05-19,21,6,15
2023-05-19,13,7,6
2023-05-20,12,4,8
2023-05-20,6,2,4
2023-05-20,3,2,1
2023-05-20,2,0,2
2023-05-20,4,4,0
2023-05-20,3,1,2
2023-05-20,4,2,2
2023-05-20,15,9,6
2023-05-20,16,5,11
2023-05-20,29,14,15
2023-05-20,41,24,17
2023-05-20,57,34,23
2023-05-20,46,25,21
2023-05-20,51,29,22
2023-05-20,49,23,26
2023-05-20,67,22,45
2023-05-20,48,26,22
2023-05-20,56,32,24
2023-05-20,46,31,15
2023-05-20,53,32,21
2023-05-20,36,13,23
2023-05-20,20,13,7
2023-05-20,20,10,10
2023-05-20,23,9,14
2023-05-21,4,2,2
2023-05-21,11,2,9
2023-05-21,3,2,1
2023-05-21,1,0,1
2023-05-21,0,0,0
2023-05-21,1,0,1
2023-05-21,3,2,1
2023-05-21,8,3,5
2023-05-21,12,7,5
2023-05-21,23,7,16
2023-05-21,23,8,15
2023-05-21,32,11,21
2023-05-21,31,12,19
2023-05-21,34,20,14
2023-05-21,42,16,26
2023-05-21,44,16,28
2023-05-21,19,11,8
2023-05-21,50,33,17
2023-05-21,34,24,10
2023-05-21,20,19,1
2023-05-21,4,2,2
2023-05-21,5,2,3
2023-05-21,4,2,2
2023-05-21,8,2,6
2023-05-22,5,3,2
2023-05-22,1,0,1
2023-05-22,2,2,0
2023-05-22,0,0,0
2023-05-22,1,0,1
2023-05-22,11,9,2
2023-05-22,26,16,10
2023-05-22,56,34,22
2023-05-22,68,41,27
2023-05-22,29,11,18
2023-05-22,24,14,10
2023-05-22,28,13,15
2023-05-22,20,9,11
2023-05-22,27,12,15
2023-05-22,41,18,23
2023-05-22,47,12,35
2023-05-22,89,22,67
2023-05-22,96,40,56
2023-05-22,74,20,54
2023-05-22,31,11,20
2023-05-22,20,13,7
2023-05-22,36,28,8
2023-05-22,20,15,5
2023-05-22,8,4,4
2023-05-23,2,1,1
2023-05-23,2,1,1
2023-05-23,5,1,4
2023-05-23,1,1,0
2023-05-23,2,1,1
2023-05-23,16,12,4
2023-05-23,33,24,9
2023-05-23,88,58,30
2023-05-23,106,66,40
2023-05-23,66,33,33
2023-05-23,44,26,18
2023-05-23,26,7,19
2023-05-23,30,14,16
2023-05-23,34,14,20
2023-05-23,48,15,33
2023-05-23,73,24,49
2023-05-23,123,37,86
2023-05-23,178,64,114
2023-05-23,75,29,46
2023-05-23,44,20,24
2023-05-23,28,10,18
2023-05-23,43,31,12
2023-05-23,17,10,7
2023-05-23,6,4,2
2023-05-24,7,1,6
2023-05-24,1,1,0
2023-05-24,1,1,0
2023-05-24,3,2,1
2023-05-24,4,2,2
2023-05-24,13,8,5
2023-05-24,39,26,13
2023-05-24,91,63,28
2023-05-24,125,79,46
2023-05-24,52,34,18
2023-05-24,29,14,15
2023-05-24,32,21,11
2023-05-24,46,25,21
2023-05-24,45,17,28
2023-05-24,46,20,26
2023-05-24,76,22,54
2023-05-24,123,44,79
2023-05-24,166,53,113
2023-05-24,107,29,78
2023-05-24,50,20,30
2023-05-24,42,21,21
2023-05-24,66,52,14
2023-05-24,19,12,7
2023-05-24,8,4,4
2023-05-25,7,3,4
2023-05-25,2,1,1
2023-05-25,10,2,8
2023-05-25,0,0,0
2023-05-25,2,0,2
2023-05-25,13,11,2
2023-05-25,35,25,10
2023-05-25,93,57,36
2023-05-25,109,81,28
2023-05-25,77,42,35
2023-05-25,30,19,11
2023-05-25,41,22,19
2023-05-25,37,25,12
2023-05-25,39,17,22
2023-05-25,64,21,43
2023-05-25,65,20,45
2023-05-25,132,32,100
2023-05-25,185,63,122
2023-05-25,116,36,80
2023-05-25,42,19,23
2023-05-25,41,32,9
2023-05-25,67,54,13
2023-05-25,18,12,6
2023-05-25,12,2,10
2023-05-26,5,1,4
2023-05-26,2,1,1
2023-05-26,5,4,1
2023-05-26,0,0,0
2023-05-26,2,1,1
2023-05-26,10,8,2
2023-05-26,31,21,10
2023-05-26,46,31,15
2023-05-26,62,30,32
2023-05-26,46,21,25
2023-05-26,31,19,12
2023-05-26,41,20,21
2023-05-26,47,21,26
2023-05-26,34,16,18
2023-05-26,66,20,46
2023-05-26,61,25,36
2023-05-26,87,34,53
2023-05-26,82,34,48
2023-05-26,100,26,74
2023-05-26,63,22,41
2023-05-26,41,19,22
2023-05-26,56,38,18
2023-05-26,55,48,7
2023-05-26,31,17,14
2023-05-27,16,7,9
2023-05-27,16,13,3
2023-05-27,3,1,2
2023-05-27,2,1,1
2023-05-27,0,0,0
2023-05-27,3,1,2
2023-05-27,10,3,7
2023-05-27,6,2,4
2023-05-27,21,6,15
2023-05-27,35,10,25
2023-05-27,31,9,22
2023-05-27,53,17,36
2023-05-27,80,14,66
2023-05-27,47,15,32
2023-05-27,71,37,34
2023-05-27,76,50,26
2023-05-27,112,74,38
2023-05-27,61,38,23
2023-05-27,71,27,44
2023-05-27,61,22,39
2023-05-27,49,20,29
2023-05-27,91,72,19
2023-05-27,44,29,15
2023-05-27,33,14,19
2023-05-28,5,1,4
2023-05-28,7,3,4
2023-05-28,7,3,4
2023-05-28,2,0,2
2023-05-28,1,1,0
2023-05-28,3,1,2
2023-05-28,6,1,5
2023-05-28,8,5,3
2023-05-28,10,6,4
2023-05-28,23,7,16
2023-05-28,24,12,12
2023-05-28,50,15,35
2023-05-28,53,9,44
2023-05-28,58,19,39
2023-05-28,39,16,23
2023-05-28,45,29,16
2023-05-28,76,58,18
2023-05-28,59,35,24
2023-05-28,36,14,22
2023-05-28,37,23,14
2023-05-28,29,15,14
2023-05-28,21,10,11
2023-05-28,19,13,6
2023-05-28,17,3,14
2023-05-29,7,4,3
2023-05-29,2,0,2
2023-05-29,3,1,2
2023-05-29,0,0,0
2023-05-29,0,0,0
2023-05-29,1,0,1
2023-05-29,7,3,4
2023-05-29,8,5,3
2023-05-29,8,3,5
2023-05-29,13,6,7
2023-05-29,13,5,8
2023-05-29,26,8,18
2023-05-29,28,17,11
2023-05-29,39,17,22
2023-05-29,33,13,20
2023-05-29,63,33,30
2023-05-29,66,30,36
2023-05-29,79,32,47
2023-05-29,53,17,36
2023-05-29,23,8,15
2023-05-29,31,16,15
2023-05-29,94,77,17
2023-05-29,41,32,9
2023-05-29,9,5,4
2023-05-30,5,4,1
2023-05-30,4,3,1
2023-05-30,0,0,0
2023-05-30,1,1,0
2023-05-30,1,0,1
2023-05-30,15,11,4
2023-05-30,39,28,11
2023-05-30,72,46,26
2023-05-30,85,57,28
2023-05-30,40,20,20
2023-05-30,30,17,13
2023-05-30,20,10,10
2023-05-30,26,8,18
2023-05-30,28,14,14
2023-05-30,39,16,23
2023-05-30,77,23,54
2023-05-30,127,30,97
2023-05-30,153,38,115
2023-05-30,121,31,90
2023-05-30,44,15,29
2023-05-30,32,21,11
2023-05-30,72,61,11
2023-05-30,29,20,9
2023-05-30,19,15,4
2023-05-31,7,4,3
2023-05-31,1,0,1
2023-05-31,0,0,0
2023-05-31,2,2,0
2023-05-31,1,1,0
2023-05-31,18,15,3
2023-05-31,37,27,10
2023-05-31,86,58,28
2023-05-31,95,58,37
2023-05-31,58,39,19
2023-05-31,30,17,13
2023-05-31,21,11,10
2023-05-31,30,20,10
2023-05-31,27,11,16
2023-05-31,59,27,32
2023-05-31,74,21,53
2023-05-31,119,25,94
2023-05-31,164,46,118
2023-05-31,135,35,100
2023-05-31,64,18,46
2023-05-31,37,19,18
2023-05-31,162,152,10
2023-05-31,35,31,4
2023-05-31,14,5,9
2023-06-01,4,2,2
2023-06-01,0,0,0
2023-06-01,1,0,1
2023-06-01,3,3,0
2023-06-01,1,0,1
2023-06-01,9,7,2
2023-06-01,37,23,14
2023-06-01,75,48,27
2023-06-01,96,62,34
2023-06-01,53,30,23
2023-06-01,34,13,21
2023-06-01,25,10,15
2023-06-01,30,16,14
2023-06-01,46,19,27
2023-06-01,38,16,22
2023-06-01,69,23,46
2023-06-01,130,32,98
2023-06-01,166,64,102
2023-06-01,77,31,46
2023-06-01,48,17,31
2023-06-01,29,15,14
2023-06-01,29,20,9
2023-06-01,13,8,5
2023-06-01,14,3,11
2023-06-02,4,1,3
2023-06-02,0,0,0
2023-06-02,2,1,1
2023-06-02,5,3,2
2023-06-02,3,1,2
2023-06-02,7,6,1
2023-06-02,30,18,12
2023-06-02,47,32,15
2023-06-02,64,38,26
2023-06-02,40,15,25
2023-06-02,24,10,14
2023-06-02,41,15,26
2023-06-02,42,16,26
2023-06-02,40,20,20
2023-06-02,44,25,19
2023-06-02,74,27,47
2023-06-02,75,22,53
2023-06-02,90,41,49
2023-06-02,51,21,30
2023-06-02,42,24,18
2023-06-02,27,12,15
2023-06-02,26,14,12
2023-06-02,11,5,6
2023-06-02,21,5,16
2023-06-03,9,5,4
2023-06-03,7,2,5
2023-06-03,7,3,4
2023-06-03,3,3,0
2023-06-03,0,0,0
2023-06-03,1,0,1
2023-06-03,2,2,0
2023-06-03,15,8,7
2023-06-03,9,4,5
2023-06-03,25,9,16
2023-06-03,35,18,17
2023-06-03,71,26,45
2023-06-03,110,15,95
2023-06-03,149,22,127
2023-06-03,62,34,28
2023-06-03,58,35,23
2023-06-03,121,89,32
2023-06-03,60,35,25
2023-06-03,78,55,23
2023-06-03,117,92,25
2023-06-03,41,17,24
2023-06-03,23,11,12
2023-06-03,22,8,14
2023-06-03,20,12,8
2023-06-04,8,5,3
2023-06-04,2,0,2
2023-06-04,3,1,2
2023-06-04,4,3,1
2023-06-04,1,0,1
2023-06-04,1,0,1
2023-06-04,4,2,2
2023-06-04,15,6,9
2023-06-04,17,9,8
2023-06-04,15,3,12
2023-06-04,21,10,11
2023-06-04,27,12,15
2023-06-04,67,28,39
2023-06-04,52,20,32
2023-06-04,38,24,14
2023-06-04,58,44,14
2023-06-04,35,18,17
2023-06-04,50,25,25
2023-06-04,43,22,21
2023-06-04,34,20,14
2023-06-04,18,11,7
2023-06-04,24,13,11
2023-06-04,3,3,0
2023-06-04,8,5,3
2023-06-05,6,0,6
2023-06-05,0,0,0
2023-06-05,0,0,0
2023-06-05,0,0,0
2023-06-05,1,1,0
2023-06-05,14,9,5
2023-06-05,43,25,18
2023-06-05,62,44,18
2023-06-05,79,52,27
2023-06-05,43,17,26
2023-06-05,33,18,15
2023-06-05,21,9,12
2023-06-05,37,18,19
2023-06-05,40,18,22
2023-06-05,46,17,29
2023-06-05,61,19,42
2023-06-05,95,23,72
2023-06-05,125,53,72
2023-06-05,66,24,42
2023-06-05,29,15,14
2023-06-05,14,5,9
2023-06-05,17,8,9
2023-06-05,15,7,8
2023-06-05,9,3,6
2023-06-06,2,1,1
2023-06-06,3,3,0
2023-06-06,2,0,2
2023-06-06,3,1,2
2023-06-06,2,2,0
2023-06-06,9,8,1
2023-06-06,47,33,14
2023-06-06,88,58,30
2023-06-06,130,86,44
2023-06-06,69,39,30
2023-06-06,36,18,18
2023-06-06,42,19,23
2023-06-06,33,12,21
2023-06-06,26,15,11
2023-06-06,47,11,36
2023-06-06,56,17,39
2023-06-06,139,39,100
2023-06-06,177,76,101
2023-06-06,77,31,46
2023-06-06,41,18,23
2023-06-06,31,11,20
2023-06-06,29,13,16
2023-06-06,24,13,11
2023-06-06,17,7,10
2023-06-07,5,1,4
2023-06-07,4,3,1
2023-06-07,1,0,1
2023-06-07,0,0,0
2023-06-07,1,1,0
2023-06-07,10,9,1
2023-06-07,53,36,17
2023-06-07,104,60,44
2023-06-07,134,77,57
2023-06-07,50,28,22
2023-06-07,34,18,16
2023-06-07,40,22,18
2023-06-07,43,22,21
2023-06-07,28,13,15
2023-06-07,45,10,35
2023-06-07,77,17,60
2023-06-07,121,40,81
2023-06-07,152,53,99
2023-06-07,95,39,56
2023-06-07,35,18,17
2023-06-07,38,18,20
2023-06-07,32,15,17
2023-06-07,12,4,8
2023-06-07,18,9,9
2023-06-08,7,2,5
2023-06-08,1,0,1
2023-06-08,3,1,2
2023-06-08,6,1,5
2023-06-08,3,0,3
2023-06-08,12,9,3
2023-06-08,43,27,16
2023-06-08,89,60,29
2023-06-08,102,64,38
2023-06-08,57,31,26
2023-06-08,30,13,17
2023-06-08,36,17,19
2023-06-08,29,18,11
2023-06-08,42,17,25
2023-06-08,51,21,30
2023-06-08,75,19,56
2023-06-08,126,38,88
2023-06-08,176,63,113
2023-06-08,78,29,49
2023-06-08,66,30,36
2023-06-08,33,18,15
2023-06-08,28,14,14
2023-06-08,17,7,10
2023-06-08,9,0,9
2023-06-09,6,2,4
2023-06-09,4,1,3
2023-06-09,3,1,2
2023-06-09,2,1,1
2023-06-09,3,0,3
2023-06-09,12,9,3
2023-06-09,22,16,6
2023-06-09,28,21,7
2023-06-09,35,20,15
2023-06-09,23,11,12
2023-06-09,28,14,14
2023-06-09,27,10,17
2023-06-09,20,9,11
2023-06-09,23,7,16
2023-06-09,27,14,13
2023-06-09,41,6,35
2023-06-09,40,13,27
2023-06-09,61,29,32
2023-06-09,24,12,12
2023-06-09,38,20,18
2023-06-09,12,5,7
2023-06-09,18,9,9
2023-06-09,9,4,5
2023-06-09,6,5,1
2023-06-10,7,5,2
2023-06-10,0,0,0
2023-06-10,2,1,1
2023-06-10,0,0,0
2023-06-10,1,1,0
2023-06-10,0,0,0
2023-06-10,3,2,1
2023-06-10,7,2,5
2023-06-10,3,0,3
2023-06-10,14,6,8
2023-06-10,19,9,10
2023-06-10,23,11,12
2023-06-10,22,11,11
2023-06-10,34,14,20
2023-06-10,33,19,14
2023-06-10,41,19,22
2023-06-10,44,24,20
2023-06-10,45,19,26
2023-06-10,48,16,32
2023-06-10,22,11,11
2023-06-10,25,11,14
2023-06-10,23,17,6
2023-06-10,19,14,5
2023-06-10,14,4,10
2023-06-11,10,4,6
2023-06-11,15,7,8
2023-06-11,0,0,0
2023-06-11,1,1,0
2023-06-11,0,0,0
2023-06-11,2,0,2
2023-06-11,4,3,1
2023-06-11,16,7,9
2023-06-11,13,8,5
2023-06-11,21,11,10
2023-06-11,30,12,18
2023-06-11,55,13,42
2023-06-11,45,25,20
2023-06-11,47,21,26
2023-06-11,45,25,20
2023-06-11,51,30,21
2023-06-11,34,12,22
2023-06-11,41,23,18
2023-06-11,26,15,11
2023-06-11,22,13,9
2023-06-11,27,19,8
2023-06-11,19,12,7
2023-06-11,8,7,1
2023-06-11,12,4,8
2023-06-12,4,1,3
2023-06-12,4,2,2
2023-06-12,0,0,0
2023-06-12,0,0,0
2023-06-12,3,2,1
2023-06-12,17,13,4
2023-06-12,31,20,11
2023-06-12,78,57,21
2023-06-12,68,43,25
2023-06-12,59,28,31
2023-06-12,27,19,8
2023-06-12,31,14,17
2023-06-12,24,10,14
2023-06-12,45,17,28
2023-06-12,46,18,28
2023-06-12,55,17,38
2023-06-12,88,32,56
2023-06-12,142,51,91
2023-06-12,96,27,69
2023-06-12,41,17,24
2023-06-12,44,31,13
2023-06-12,60,49,11
2023-06-12,17,7,10
2023-06-12,12,3,9
2023-06-13,2,0,2
2023-06-13,4,4,0
2023-06-13,0,0,0
2023-06-13,3,1,2
2023-06-13,6,4,2
2023-06-13,15,13,2
2023-06-13,47,32,15
2023-06-13,108,71,37
2023-06-13,113,77,36
2023-06-13,72,41,31
2023-06-13,30,18,12
2023-06-13,23,15,8
2023-06-13,44,24,20
2023-06-13,28,13,15
2023-06-13,64,14,50
2023-06-13,58,19,39
2023-06-13,151,42,109
2023-06-13,180,55,125
2023-06-13,95,28,67
2023-06-13,51,20,31
2023-06-13,24,15,9
2023-06-13,76,58,18
2023-06-13,20,12,8
2023-06-13,12,8,4
2023-06-14,7,5,2
2023-06-14,2,0,2
2023-06-14,1,0,1
2023-06-14,0,0,0
2023-06-14,4,2,2
2023-06-14,18,12,6
2023-06-14,26,13,13
2023-06-14,74,46,28
2023-06-14,122,78,44
2023-06-14,53,27,26
2023-06-14,35,19,16
2023-06-14,29,15,14
2023-06-14,46,22,24
2023-06-14,32,17,15
2023-06-14,43,15,28
2023-06-14,59,14,45
2023-06-14,110,31,79
2023-06-14,183,60,123
2023-06-14,115,36,79
2023-06-14,47,18,29
2023-06-14,38,27,11
2023-06-14,85,70,15
2023-06-14,23,15,8
2023-06-14,5,3,2
2023-06-15,4,4,0
2023-06-15,2,1,1
2023-06-15,2,1,1
2023-06-15,0,0,0
2023-06-15,4,2,2
2023-06-15,14,11,3
2023-06-15,38,20,18
2023-06-15,64,43,21
2023-06-15,114,64,50
2023-06-15,66,30,36
2023-06-15,34,17,17
2023-06-15,24,6,18
2023-06-15,39,24,15
2023-06-15,50,22,28
2023-06-15,50,21,29
2023-06-15,71,23,48
2023-06-15,124,35,89
2023-06-15,142,48,94
2023-06-15,104,40,64
2023-06-15,51,24,27
2023-06-15,36,16,20
2023-06-15,30,14,16
2023-06-15,19,10,9
2023-06-15,11,5,6
2023-06-16,4,2,2
2023-06-16,6,3,3
2023-06-16,6,3,3
2023-06-16,3,1,2
2023-06-16,5,3,2
2023-06-16,9,9,0
2023-06-16,25,17,8
2023-06-16,37,25,12
2023-06-16,45,24,21
2023-06-16,33,9,24
2023-06-16,29,15,14
2023-06-16,41,16,25
2023-06-16,34,16,18
2023-06-16,58,30,28
2023-06-16,38,13,25
2023-06-16,62,26,36
2023-06-16,88,22,66
2023-06-16,95,35,60
2023-06-16,58,21,37
2023-06-16,21,8,13
2023-06-16,20,10,10
2023-06-16,27,18,9
2023-06-16,59,48,11
2023-06-16,70,55,15
2023-06-17,6,6,0
2023-06-17,4,1,3
2023-06-17,6,1,5
2023-06-17,0,0,0
2023-06-17,1,1,0
2023-06-17,5,3,2
2023-06-17,5,2,3
2023-06-17,5,3,2
2023-06-17,14,6,8
2023-06-17,20,8,12
2023-06-17,23,4,19
2023-06-17,21,3,18
2023-06-17,40,11,29
2023-06-17,34,17,17
2023-06-17,45,18,27
2023-06-17,59,30,29
2023-06-17,71,21,50
2023-06-17,122,50,72
2023-06-17,47,19,28
2023-06-17,20,12,8
2023-06-17,15,7,8
2023-06-17,22,12,10
2023-06-17,29,21,8
2023-06-17,115,100,15
2023-06-18,39,27,12
2023-06-18,7,3,4
2023-06-18,2,1,1
2023-06-18,6,2,4
2023-06-18,3,0,3
2023-06-18,0,0,0
2023-06-18,0,0,0
2023-06-18,7,5,2
2023-06-18,11,7,4
2023-06-18,15,8,7
2023-06-18,23,7,16
2023-06-18,37,13,24
2023-06-18,70,21,49
2023-06-18,33,10,23
2023-06-18,26,12,14
2023-06-18,43,31,12
2023-06-18,43,29,14
2023-06-18,35,18,17
2023-06-18,17,5,12
2023-06-18,12,6,6
2023-06-18,16,5,11
2023-06-18,11,7,4
2023-06-18,10,6,4
2023-06-18,10,4,6
2023-06-19,4,2,2
2023-06-19,1,1,0
2023-06-19,3,1,2
2023-06-19,0,0,0
2023-06-19,2,1,1
2023-06-19,11,6,5
2023-06-19,18,13,5
2023-06-19,33,17,16
2023-06-19,38,22,16
2023-06-19,27,11,16
2023-06-19,22,11,11
2023-06-19,18,7,11
2023-06-19,28,14,14
2023-06-19,41,18,23
2023-06-19,37,8,29
2023-06-19,53,22,31
2023-06-19,58,23,35
2023-06-19,64,23,41
2023-06-19,22,8,14
2023-06-19,10,5,5
2023-06-19,14,10,4
2023-06-19,5,4,1
2023-06-19,8,5,3
2023-06-19,12,6,6
2023-06-20,5,0,5
2023-06-20,0,0,0
2023-06-20,3,3,0
2023-06-20,0,0,0
2023-06-20,0,0,0
2023-06-20,12,7,5
2023-06-20,30,25,5
2023-06-20,56,44,12
2023-06-20,68,45,23
2023-06-20,34,19,15
2023-06-20,24,13,11
2023-06-20,18,8,10
2023-06-20,16,8,8
2023-06-20,17,7,10
2023-06-20,28,11,17
2023-06-20,47,12,35
2023-06-20,67,19,48
2023-06-20,86,24,62
2023-06-20,42,20,22
2023-06-20,26,12,14
2023-06-20,23,13,10
2023-06-20,13,7,6
2023-06-20,10,5,5
2023-06-20,2,1,1
2023-06-21,6,3,3
2023-06-21,2,1,1
2023-06-21,0,0,0
2023-06-21,1,1,0
2023-06-21,2,1,1
2023-06-21,16,11,5
2023-06-21,39,28,11
2023-06-21,63,41,22
2023-06-21,90,60,30
2023-06-21,59,35,24
2023-06-21,25,13,12
2023-06-21,42,22,20
2023-06-21,41,21,20
2023-06-21,39,23,16
2023-06-21,63,25,38
2023-06-21,80,17,63
2023-06-21,137,30,107
2023-06-21,165,62,103
2023-06-21,64,21,43
2023-06-21,48,21,27
2023-06-21,22,12,10
2023-06-21,23,18,5
2023-06-21,18,5,13
2023-06-21,8,6,2
2023-06-22,5,1,4
2023-06-22,1,1,0
2023-06-22,3,1,2
2023-06-22,2,1,1
2023-06-22,4,1,3
2023-06-22,19,12,7
2023-06-22,40,30,10
2023-06-22,77,50,27
2023-06-22,114,72,42
2023-06-22,69,39,30
2023-06-22,32,19,13
2023-06-22,37,24,13
2023-06-22,37,17,20
2023-06-22,39,16,23
2023-06-22,57,16,41
2023-06-22,61,19,42
2023-06-22,108,24,84
2023-06-22,158,70,88
2023-06-22,67,25,42
2023-06-22,50,17,33
2023-06-22,53,23,30
2023-06-22,34,9,25
2023-06-22,17,11,6
2023-06-22,15,8,7
2023-06-23,6,1,5
2023-06-23,7,3,4
2023-06-23,1,1,0
2023-06-23,5,4,1
2023-06-23,2,0,2
2023-06-23,21,12,9
2023-06-23,28,20,8
2023-06-23,50,31,19
2023-06-23,69,47,22
2023-06-23,46,27,19
2023-06-23,32,17,15
2023-06-23,36,19,17
2023-06-23,28,10,18
2023-06-23,40,17,23
2023-06-23,52,26,26
2023-06-23,68,25,43
2023-06-23,96,43,53
2023-06-23,96,37,59
2023-06-23,54,22,32
2023-06-23,39,20,19
2023-06-23,29,12,17
2023-06-23,24,9,15
2023-06-23,27,12,15
2023-06-23,20,11,9
2023-06-24,11,5,6
2023-06-24,4,2,2
2023-06-24,5,2,3
2023-06-24,5,3,2
2023-06-24,1,0,1
2023-06-24,2,0,2
2023-06-24,4,1,3
2023-06-24,16,9,7
2023-06-24,14,3,11
2023-06-24,13,3,10
2023-06-24,29,11,18
2023-06-24,34,8,26
2023-06-24,45,28,17
2023-06-24,41,20,21
2023-06-24,54,27,27
2023-06-24,34,22,12
2023-06-24,51,24,27
2023-06-24,76,40,36
2023-06-24,82,33,49
2023-06-24,79,18,61
2023-06-24,40,22,18
2023-06-24,89,80,9
2023-06-24,45,31,14
2023-06-24,16,8,8
2023-06-25,10,5,5
2023-06-25,8,5,3
2023-06-25,22,15,7
2023-06-25,8,1,7
2023-06-25,0,0,0
2023-06-25,0,0,0
2023-06-25,7,0,7
2023-06-25,15,8,7
2023-06-25,14,8,6
2023-06-25,22,9,13
2023-06-25,29,15,14
2023-06-25,65,41,24
2023-06-25,58,40,18
2023-06-25,69,41,28
2023-06-25,70,32,38
2023-06-25,72,31,41
2023-06-25,75,35,40
2023-06-25,83,26,57
2023-06-25,51,24,27
2023-06-25,28,14,14
2023-06-25,25,13,12
2023-06-25,30,18,12
2023-06-25,10,8,2
2023-06-25,20,4,16
2023-06-26,9,2,7
2023-06-26,2,1,1
2023-06-26,2,1,1
2023-06-26,2,0,2
2023-06-26,2,1,1
2023-06-26,17,14,3
2023-06-26,36,24,12
2023-06-26,59,39,20
2023-06-26,84,49,35
2023-06-26,47,28,19
2023-06-26,30,19,11
2023-06-26,38,17,21
2023-06-26,26,9,17
2023-06-26,41,14,27
2023-06-26,47,15,32
2023-06-26,60,19,41
2023-06-26,82,18,64
2023-06-26,146,50,96
2023-06-26,66,21,45
2023-06-26,34,15,19
2023-06-26,22,12,10
2023-06-26,67,52,15
2023-06-26,20,13,7
2023-06-26,9,4,5
2023-06-27,0,0,0
2023-06-27,3,1,2
2023-06-27,3,2,1
2023-06-27,0,0,0
2023-06-27,3,1,2
2023-06-27,14,9,5
2023-06-27,43,31,12
2023-06-27,93,62,31
2023-06-27,105,64,41
2023-06-27,67,36,31
2023-06-27,40,22,18
2023-06-27,34,20,14
2023-06-27,37,24,13
2023-06-27,40,21,19
2023-06-27,58,20,38
2023-06-27,81,25,56
2023-06-27,126,43,83
2023-06-27,170,56,114
2023-06-27,91,34,57
2023-06-27,46,17,29
2023-06-27,33,19,14
2023-06-27,44,27,17
2023-06-27,83,76,7
2023-06-27,15,8,7
2023-06-28,10,6,4
2023-06-28,0,0,0
2023-06-28,2,1,1
2023-06-28,1,1,0
2023-06-28,3,0,3
2023-06-28,15,10,5
2023-06-28,42,30,12
2023-06-28,76,53,23
2023-06-28,113,79,34
2023-06-28,54,33,21
2023-06-28,41,24,17
2023-06-28,46,19,27
2023-06-28,66,15,51
2023-06-28,55,13,42
2023-06-28,64,33,31
2023-06-28,112,47,65
2023-06-28,172,71,101
2023-06-28,166,71,95
2023-06-28,81,33,48
2023-06-28,52,29,23
2023-06-28,20,10,10
2023-06-28,20,10,10
2023-06-28,9,3,6
2023-06-28,12,10,2
2023-06-29,6,3,3
2023-06-29,0,0,0
2023-06-29,4,2,2
2023-06-29,3,2,1
2023-06-29,5,3,2
2023-06-29,16,12,4
2023-06-29,46,36,10
2023-06-29,83,60,23
2023-06-29,120,78,42
2023-06-29,67,38,29
2023-06-29,35,18,17
2023-06-29,30,11,19
2023-06-29,37,18,19
2023-06-29,49,24,25
2023-06-29,64,17,47
2023-06-29,73,24,49
2023-06-29,148,38,110
2023-06-29,166,60,106
2023-06-29,70,30,40
2023-06-29,56,25,31
2023-06-29,28,15,13
2023-06-29,29,17,12
2023-06-29,15,7,8
2023-06-29,20,11,9
2023-06-30,20,15,5
2023-06-30,6,5,1
2023-06-30,4,1,3
2023-06-30,2,2,0
2023-06-30,1,1,0
2023-06-30,13,9,4
2023-06-30,34,20,14
2023-06-30,45,34,11
2023-06-30,54,31,23
2023-06-30,41,20,21
2023-06-30,31,19,12
2023-06-30,45,25,20
2023-06-30,48,19,29
2023-06-30,49,20,29
2023-06-30,69,27,42
2023-06-30,80,29,51
2023-06-30,83,27,56
2023-06-30,120,32,88
2023-06-30,101,20,81
2023-06-30,74,26,48
2023-06-30,35,18,17
2023-06-30,41,32,9
2023-06-30,95,74,21
2023-06-30,44,39,5
2023-07-01,16,11,5
2023-07-01,9,3,6
2023-07-01,4,2,2
2023-07-01,4,3,1
2023-07-01,7,1,6
2023-07-01,1,1,0
2023-07-01,10,7,3
2023-07-01,10,3,7
2023-07-01,14,4,10
2023-07-01,41,15,26
2023-07-01,31,8,23
2023-07-01,60,21,39
2023-07-01,58,18,40
2023-07-01,55,22,33
2023-07-01,73,26,47
2023-07-01,114,49,65
2023-07-01,99,47,52
2023-07-01,52,20,32
2023-07-01,104,32,72
2023-07-01,128,75,53
2023-07-01,52,29,23
2023-07-01,120,108,12
2023-07-01,41,35,6
2023-07-01,15,12,3
2023-07-02,17,7,10
2023-07-02,4,1,3
2023-07-02,5,3,2
2023-07-02,2,1,1
2023-07-02,0,0,0
2023-07-02,2,1,1
2023-07-02,7,2,5
2023-07-02,11,8,3
2023-07-02,16,6,10
2023-07-02,35,8,27
2023-07-02,31,14,17
2023-07-02,69,20,49
2023-07-02,89,29,60
2023-07-02,51,24,27
2023-07-02,55,27,28
2023-07-02,43,28,15
2023-07-02,110,79,31
2023-07-02,50,21,29
2023-07-02,54,35,19
2023-07-02,40,14,26
2023-07-02,34,17,17
2023-07-02,20,9,11
2023-07-02,6,0,6
2023-07-02,10,6,4
2023-07-03,13,7,6
2023-07-03,3,1,2
2023-07-03,3,3,0
2023-07-03,1,1,0
2023-07-03,1,1,0
2023-07-03,8,6,2
2023-07-03,22,17,5
2023-07-03,40,23,17
2023-07-03,30,18,12
2023-07-03,37,15,22
2023-07-03,31,17,14
2023-07-03,38,13,25
2023-07-03,43,26,17
2023-07-03,32,16,16
2023-07-03,47,25,22
2023-07-03,54,16,38
2023-07-03,74,36,38
2023-07-03,69,23,46
2023-07-03,46,27,19
2023-07-03,29,18,11
2023-07-03,17,6,11
2023-07-03,27,17,10
2023-07-03,18,12,6
2023-07-03,8,5,3
2023-07-04,2,0,2
2023-07-04,5,2,3
2023-07-04,5,2,3
2023-07-04,5,1,4
2023-07-04,0,0,0
2023-07-04,4,2,2
2023-07-04,9,6,3
2023-07-04,15,10,5
2023-07-04,12,4,8
2023-07-04,27,11,16
2023-07-04,29,12,17
2023-07-04,44,21,23
2023-07-04,22,10,12
2023-07-04,36,22,14
2023-07-04,28,13,15
2023-07-04,31,12,19
2023-07-04,34,21,13
2023-07-04,41,30,11
2023-07-04,33,16,17
2023-07-04,25,11,14
2023-07-04,15,8,7
2023-07-04,23,15,8
2023-07-04,37,13,24
2023-07-04,43,6,37
2023-07-05,10,3,7
2023-07-05,2,1,1
2023-07-05,4,1,3
2023-07-05,4,1,3
2023-07-05,3,2,1
2023-07-05,8,4,4
2023-07-05,41,28,13
2023-07-05,73,47,26
2023-07-05,79,43,36
2023-07-05,43,20,23
2023-07-05,29,16,13
2023-07-05,37,16,21
2023-07-05,49,21,28
2023-07-05,39,20,19
2023-07-05,61,18,43
2023-07-05,70,25,45
2023-07-05,105,38,67
2023-07-05,124,50,74
2023-07-05,51,25,26
2023-07-05,41,21,20
2023-07-05,33,21,12
2023-07-05,21,11,10
2023-07-05,14,6,8
2023-07-05,7,3,4
2023-07-06,2,1,1
2023-07-06,0,0,0
2023-07-06,3,3,0
2023-07-06,1,1,0
2023-07-06,5,2,3
2023-07-06,14,10,4
2023-07-06,37,22,15
2023-07-06,95,62,33
2023-07-06,102,59,43
2023-07-06,68,38,30
2023-07-06,37,15,22
2023-07-06,38,20,18
2023-07-06,50,32,18
2023-07-06,48,22,26
2023-07-06,45,21,24
2023-07-06,76,17,59
2023-07-06,109,30,79
2023-07-06,150,51,99
2023-07-06,106,35,71
2023-07-06,71,34,37
2023-07-06,36,16,20
2023-07-06,29,15,14
2023-07-06,25,16,9
2023-07-06,16,8,8
2023-07-07,6,3,3
2023-07-07,4,2,2
2023-07-07,6,5,1
2023-07-07,3,0,3
2023-07-07,4,4,0
2023-07-07,11,7,4
2023-07-07,29,15,14
2023-07-07,62,41,21
2023-07-07,61,37,24
2023-07-07,44,23,21
2023-07-07,19,7,12
2023-07-07,35,13,22
2023-07-07,62,16,46
2023-07-07,49,23,26
2023-07-07,48,21,27
2023-07-07,76,26,50
2023-07-07,101,43,58
2023-07-07,106,38,68
2023-07-07,66,23,43
2023-07-07,57,35,22
2023-07-07,42,21,21
2023-07-07,36,26,10
2023-07-07,36,24,12
2023-07-07,37,31,6
2023-07-08,16,10,6
2023-07-08,16,11,5
2023-07-08,3,3,0
2023-07-08,2,2,0
2023-07-08,1,0,1
2023-07-08,7,3,4
2023-07-08,4,0,4
2023-07-08,30,7,23
2023-07-08,17,4,13
2023-07-08,28,9,19
2023-07-08,43,7,36
2023-07-08,42,21,21
2023-07-08,73,21,52
2023-07-08,64,23,41
2023-07-08,87,22,65
2023-07-08,104,42,62
2023-07-08,89,44,45
2023-07-08,60,30,30
2023-07-08,96,63,33
2023-07-08,65,51,14
2023-07-08,103,95,8
2023-07-08,62,48,14
2023-07-08,22,9,13
2023-07-08,26,16,10
2023-07-09,21,11,10
2023-07-09,7,6,1
2023-07-09,7,3,4
2023-07-09,3,2,1
2023-07-09,1,1,0
2023-07-09,2,2,0
2023-07-09,1,1,0
2023-07-09,14,1,13
2023-07-09,25,9,16
2023-07-09,25,5,20
2023-07-09,52,23,29
2023-07-09,67,21,46
2023-07-09,67,31,36
2023-07-09,79,35,44
2023-07-09,69,30,39
2023-07-09,93,47,46
2023-07-09,69,34,35
2023-07-09,77,40,37
2023-07-09,74,61,13
2023-07-09,63,37,26
2023-07-09,72,57,15
2023-07-09,36,19,17
2023-07-09,29,12,17
2023-07-09,13,4,9
2023-07-10,7,2,5
2023-07-10,2,0,2
2023-07-10,2,1,1
2023-07-10,0,0,0
2023-07-10,3,2,1
2023-07-10,15,10,5
2023-07-10,48,29,19
2023-07-10,69,42,27
2023-07-10,101,52,49
2023-07-10,64,32,32
2023-07-10,58,19,39
2023-07-10,33,6,27
2023-07-10,58,25,33
2023-07-10,70,20,50
2023-07-10,131,42,89
2023-07-10,159,39,120
2023-07-10,176,30,146
2023-07-10,162,55,107
2023-07-10,95,41,54
2023-07-10,76,62,14
2023-07-10,290,256,34
2023-07-10,54,32,22
2023-07-10,32,18,14
2023-07-10,15,11,4
2023-07-11,5,2,3
2023-07-11,2,0,2
2023-07-11,1,0,1
2023-07-11,0,0,0
2023-07-11,3,1,2
2023-07-11,19,12,7
2023-07-11,39,30,9
2023-07-11,109,62,47
2023-07-11,113,68,45
2023-07-11,79,38,41
2023-07-11,59,21,38
2023-07-11,68,24,44
2023-07-11,76,32,44
2023-07-11,88,33,55
2023-07-11,119,33,86
2023-07-11,200,62,138
2023-07-11,206,39,167
2023-07-11,183,57,126
2023-07-11,104,46,58
2023-07-11,82,60,22
2023-07-11,190,170,20
2023-07-11,110,87,23
2023-07-11,28,17,11
2023-07-11,22,12,10
2023-07-12,7,1,6
2023-07-12,11,4,7
2023-07-12,3,1,2
2023-07-12,4,4,0
2023-07-12,3,2,1
2023-07-12,18,13,5
2023-07-12,49,35,14
2023-07-12,100,55,45
2023-07-12,113,71,42
2023-07-12,65,29,36
2023-07-12,49,27,22
2023-07-12,31,13,18
2023-07-12,38,17,21
2023-07-12,51,18,33
2023-07-12,56,26,30
2023-07-12,83,32,51
2023-07-12,141,38,103
2023-07-12,180,58,122
2023-07-12,88,32,56
2023-07-12,67,37,30
2023-07-12,24,12,12
2023-07-12,43,16,27
2023-07-12,23,12,11
2023-07-12,8,5,3
2023-07-13,4,0,4
2023-07-13,0,0,0
2023-07-13,1,1,0
2023-07-13,2,1,1
2023-07-13,3,2,1
2023-07-13,15,11,4
2023-07-13,36,23,13
2023-07-13,85,46,39
2023-07-13,114,76,38
2023-07-13,63,38,25
2023-07-13,32,15,17
2023-07-13,38,26,12
2023-07-13,34,17,17
2023-07-13,36,18,18
2023-07-13,66,27,39
2023-07-13,80,22,58
2023-07-13,123,35,88
2023-07-13,156,63,93
2023-07-13,90,30,60
2023-07-13,51,19,32
2023-07-13,34,15,19
2023-07-13,31,13,18
2023-07-13,23,12,11
2023-07-13,10,3,7
2023-07-14,7,6,1
2023-07-14,4,4,0
2023-07-14,5,3,2
2023-07-14,4,2,2
2023-07-14,2,1,1
2023-07-14,14,11,3
2023-07-14,35,22,13
2023-07-14,49,32,17
2023-07-14,54,30,24
2023-07-14,50,27,23
2023-07-14,28,11,17
2023-07-14,34,18,16
2023-07-14,41,20,21
2023-07-14,62,22,40
2023-07-14,46,19,27
2023-07-14,65,27,38
2023-07-14,101,37,64
2023-07-14,111,30,81
2023-07-14,110,33,77
2023-07-14,53,20,33
2023-07-14,24,13,11
2023-07-14,38,20,18
2023-07-14,81,67,14
2023-07-14,37,30,7
2023-07-15,16,7,9
2023-07-15,7,2,5
2023-07-15,6,4,2
2023-07-15,2,2,0
2023-07-15,0,0,0
2023-07-15,5,1,4
2023-07-15,4,0,4
2023-07-15,14,7,7
2023-07-15,24,13,11
2023-07-15,31,11,20
2023-07-15,44,24,20
2023-07-15,43,17,26
2023-07-15,39,22,17
2023-07-15,64,21,43
2023-07-15,46,17,29
2023-07-15,68,28,40
2023-07-15,58,23,35
2023-07-15,85,21,64
2023-07-15,135,30,105
2023-07-15,90,24,66
2023-07-15,78,45,33
2023-07-15,184,170,14
2023-07-15,97,77,20
2023-07-15,36,32,4
2023-07-16,13,7,6
2023-07-16,12,8,4
2023-07-16,3,1,2
2023-07-16,1,1,0
2023-07-16,1,1,0
2023-07-16,3,1,2
2023-07-16,3,1,2
2023-07-16,8,3,5
2023-07-16,25,9,16
2023-07-16,27,9,18
2023-07-16,49,14,35
2023-07-16,47,18,29
2023-07-16,78,14,64
2023-07-16,55,20,35
2023-07-16,40,23,17
2023-07-16,89,56,33
2023-07-16,57,32,25
2023-07-16,39,17,22
2023-07-16,47,25,22
2023-07-16,28,14,14
2023-07-16,18,8,10
2023-07-16,19,8,11
2023-07-16,18,10,8
2023-07-16,11,6,5
2023-07-17,5,3,2
2023-07-17,0,0,0
2023-07-17,1,0,1
2023-07-17,2,0,2
2023-07-17,6,4,2
2023-07-17,16,11,5
2023-07-17,27,24,3
2023-07-17,67,45,22
2023-07-17,75,44,31
2023-07-17,46,21,25
2023-07-17,38,17,21
2023-07-17,38,14,24
2023-07-17,22,12,10
2023-07-17,21,12,9
2023-07-17,47,27,20
2023-07-17,63,28,35
2023-07-17,104,29,75
2023-07-17,161,60,101
2023-07-17,84,26,58
2023-07-17,43,19,24
2023-07-17,26,14,12
2023-07-17,42,30,12
2023-07-17,40,32,8
2023-07-17,10,4,6
2023-07-18,4,1,3
2023-07-18,4,4,0
2023-07-18,1,0,1
2023-07-18,0,0,0
2023-07-18,3,1,2
2023-07-18,23,17,6
2023-07-18,40,28,12
2023-07-18,92,62,30
2023-07-18,119,70,49
2023-07-18,75,43,32
2023-07-18,52,27,25
2023-07-18,29,12,17
2023-07-18,44,16,28
2023-07-18,52,19,33
2023-07-18,63,22,41
2023-07-18,89,31,58
2023-07-18,162,46,116
2023-07-18,220,60,160
2023-07-18,111,29,82
2023-07-18,64,32,32
2023-07-18,45,23,22
2023-07-18,84,74,10
2023-07-18,50,43,7
2023-07-18,21,14,7
2023-07-19,8,3,5
2023-07-19,2,1,1
2023-07-19,1,0,1
2023-07-19,0,0,0
2023-07-19,3,2,1
2023-07-19,16,11,5
2023-07-19,39,32,7
2023-07-19,76,49,27
2023-07-19,123,69,54
2023-07-19,68,35,33
2023-07-19,40,22,18
2023-07-19,40,20,20
2023-07-19,52,24,28
2023-07-19,52,23,29
2023-07-19,72,28,44
2023-07-19,92,28,64
2023-07-19,157,47,110
2023-07-19,212,68,144
2023-07-19,123,37,86
2023-07-19,57,24,33
2023-07-19,29,12,17
2023-07-19,85,72,13
2023-07-19,30,17,13
2023-07-19,12,7,5
2023-07-20,9,6,3
2023-07-20,3,1,2
2023-07-20,4,2,2
2023-07-20,0,0,0
2023-07-20,1,0,1
2023-07-20,19,15,4
2023-07-20,39,29,10
2023-07-20,74,46,28
2023-07-20,124,72,52
2023-07-20,76,41,35
2023-07-20,38,16,22
2023-07-20,44,14,30
2023-07-20,88,29,59
2023-07-20,45,14,31
2023-07-20,54,22,32
2023-07-20,131,78,53
2023-07-20,156,58,98
2023-07-20,189,68,121
2023-07-20,90,42,48
2023-07-20,40,18,22
2023-07-20,32,19,13
2023-07-20,32,15,17
2023-07-20,34,14,20
2023-07-20,22,8,14
2023-07-21,7,3,4
2023-07-21,6,4,2
2023-07-21,2,1,1
2023-07-21,3,1,2
2023-07-21,3,1,2
2023-07-21,15,9,6
2023-07-21,32,18,14
2023-07-21,46,31,15
2023-07-21,60,39,21
2023-07-21,51,22,29
2023-07-21,37,17,20
2023-07-21,40,16,24
2023-07-21,57,29,28
2023-07-21,60,22,38
2023-07-21,93,45,48
2023-07-21,100,42,58
2023-07-21,105,34,71
2023-07-21,156,54,102
2023-07-21,140,49,91
2023-07-21,49,12,37
2023-07-21,42,21,21
2023-07-21,64,41,23
2023-07-21,181,145,36
2023-07-21,50,37,13
2023-07-22,15,6,9
2023-07-22,10,5,5
2023-07-22,12,5,7
2023-07-22,0,0,0
2023-07-22,1,1,0
2023-07-22,4,1,3
2023-07-22,7,3,4
2023-07-22,16,5,11
2023-07-22,21,4,17
2023-07-22,46,12,34
2023-07-22,40,15,25
2023-07-22,95,27,68
2023-07-22,112,23,89
2023-07-22,117,51,66
2023-07-22,89,47,42
2023-07-22,113,51,62
2023-07-22,164,111,53
2023-07-22,179,95,84
2023-07-22,149,72,77
2023-07-22,112,53,59
2023-07-22,85,40,45
2023-07-22,75,43,32
2023-07-22,75,47,28
2023-07-22,184,159,25
2023-07-23,158,131,27
2023-07-23,10,8,2
2023-07-23,9,4,5
2023-07-23,3,3,0
2023-07-23,2,0,2
2023-07-23,3,1,2
2023-07-23,4,2,2
2023-07-23,14,6,8
2023-07-23,21,8,13
2023-07-23,21,5,16
2023-07-23,51,19,32
2023-07-23,87,19,68
2023-07-23,119,18,101
2023-07-23,102,37,65
2023-07-23,94,55,39
2023-07-23,108,55,53
2023-07-23,140,79,61
2023-07-23,177,98,79
2023-07-23,121,59,62
2023-07-23,103,43,60
2023-07-23,85,42,43
2023-07-23,67,37,30
2023-07-23,58,34,24
2023-07-23,94,74,20
2023-07-24,154,137,17
2023-07-24,21,12,9
2023-07-24,5,2,3
2023-07-24,5,3,2
2023-07-24,3,1,2
2023-07-24,12,6,6
2023-07-24,27,14,13
2023-07-24,52,36,16
2023-07-24,53,32,21
2023-07-24,28,12,16
2023-07-24,11,9,2
2023-07-24,29,10,19
2023-07-24,28,7,21
2023-07-24,23,9,14
2023-07-24,31,16,15
2023-07-24,53,11,42
2023-07-24,79,27,52
2023-07-24,104,36,68
2023-07-24,45,21,24
2023-07-24,19,9,10
2023-07-24,23,12,11
2023-07-24,16,4,12
2023-07-24,17,11,6
2023-07-24,9,4,5
2023-07-25,2,1,1
2023-07-25,1,0,1
2023-07-25,1,1,0
2023-07-25,0,0,0
2023-07-25,1,1,0
2023-07-25,13,9,4
2023-07-25,48,36,12
2023-07-25,79,53,26
2023-07-25,112,81,31
2023-07-25,88,56,32
2023-07-25,39,22,17
2023-07-25,38,23,15
2023-07-25,48,25,23
2023-07-25,39,23,16
2023-07-25,49,23,26
2023-07-25,91,35,56
2023-07-25,126,35,91
2023-07-25,161,50,111
2023-07-25,75,23,52
2023-07-25,48,29,19
2023-07-25,29,11,18
2023-07-25,15,10,5
2023-07-25,8,3,5
2023-07-25,6,4,2
2023-07-26,4,0,4
2023-07-26,4,3,1
2023-07-26,2,2,0
2023-07-26,2,2,0
2023-07-26,2,1,1
2023-07-26,18,13,5
2023-07-26,46,27,19
2023-07-26,82,53,29
2023-07-26,125,92,33
2023-07-26,81,48,33
2023-07-26,41,22,19
2023-07-26,33,21,12
2023-07-26,38,18,20
2023-07-26,37,18,19
2023-07-26,56,22,34
2023-07-26,72,23,49
2023-07-26,127,32,95
2023-07-26,181,65,116
2023-07-26,93,42,51
2023-07-26,38,14,24
2023-07-26,24,14,10
2023-07-26,29,16,13
2023-07-26,9,5,4
2023-07-26,12,6,6
2023-07-27,9,2,7
2023-07-27,3,2,1
2023-07-27,5,3,2
2023-07-27,2,2,0
2023-07-27,3,1,2
2023-07-27,13,10,3
2023-07-27,44,26,18
2023-07-27,70,41,29
2023-07-27,97,60,37
2023-07-27,75,40,35
2023-07-27,33,17,16
2023-07-27,38,25,13
2023-07-27,46,21,25
2023-07-27,63,24,39
2023-07-27,57,24,33
2023-07-27,78,24,54
2023-07-27,132,56,76
2023-07-27,153,52,101
2023-07-27,81,27,54
2023-07-27,51,24,27
2023-07-27,39,18,21
2023-07-27,25,14,11
2023-07-27,26,15,11
2023-07-27,16,6,10
2023-07-28,16,7,9
2023-07-28,5,2,3
2023-07-28,2,0,2
2023-07-28,1,1,0
2023-07-28,0,0,0
2023-07-28,19,15,4
2023-07-28,28,19,9
2023-07-28,58,37,21
2023-07-28,49,34,15
2023-07-28,61,25,36
2023-07-28,35,16,19
2023-07-28,40,23,17
2023-07-28,48,27,21
2023-07-28,57,20,37
2023-07-28,70,22,48
2023-07-28,71,26,45
2023-07-28,96,30,66
2023-07-28,115,50,65
2023-07-28,86,31,55
2023-07-28,52,26,26
2023-07-28,29,18,11
2023-07-28,48,24,24
2023-07-28,21,11,10
2023-07-28,13,5,8
2023-07-29,7,2,5
2023-07-29,2,1,1
2023-07-29,6,3,3
2023-07-29,5,3,2
2023-07-29,1,1,0
2023-07-29,2,1,1
2023-07-29,6,2,4
2023-07-29,17,6,11
2023-07-29,21,4,17
2023-07-29,28,11,17
2023-07-29,36,15,21
2023-07-29,54,24,30
2023-07-29,61,29,32
2023-07-29,53,20,33
2023-07-29,60,34,26
2023-07-29,54,32,22
2023-07-29,48,29,19
2023-07-29,57,26,31
2023-07-29,43,20,23
2023-07-29,49,25,24
2023-07-29,48,29,19
2023-07-29,27,7,20
2023-07-29,24,13,11
2023-07-29,25,8,17
2023-07-30,15,5,10
2023-07-30,7,5,2
2023-07-30,6,6,0
2023-07-30,0,0,0
2023-07-30,1,1,0
2023-07-30,0,0,0
2023-07-30,2,0,2
2023-07-30,9,4,5
2023-07-30,8,7,1
2023-07-30,24,5,19
2023-07-30,25,8,17
2023-07-30,45,14,31
2023-07-30,45,24,21
2023-07-30,47,23,24
2023-07-30,66,37,29
2023-07-30,56,32,24
2023-07-30,56,27,29
2023-07-30,111,38,73
2023-07-30,53,26,27
2023-07-30,47,38,9
2023-07-30,66,56,10
2023-07-30,31,23,8
2023-07-30,15,8,7
2023-07-30,13,2,11
2023-07-31,5,3,2
2023-07-31,5,1,4
2023-07-31,2,0,2
2023-07-31,1,0,1
2023-07-31,2,2,0
2023-07-31,14,11,3
2023-07-31,23,17,6
2023-07-31,76,43,33
2023-07-31,86,53,33
2023-07-31,62,32,30
2023-07-31,31,17,14
2023-07-31,33,17,16
2023-07-31,36,18,18
2023-07-31,36,17,19
2023-07-31,51,21,30
2023-07-31,64,22,42
2023-07-31,123,37,86
2023-07-31,162,43,119
2023-07-31,94,25,69
2023-07-31,39,25,14
2023-07-31,35,23,12
2023-07-31,101,87,14
2023-07-31,28,18,10
2023-07-31,22,13,9
2023-08-01,8,3,5
2023-08-01,4,3,1
2023-08-01,1,0,1
2023-08-01,5,2,3
2023-08-01,2,1,1
2023-08-01,21,14,7
2023-08-01,43,28,15
2023-08-01,80,52,28
2023-08-01,124,76,48
2023-08-01,71,44,27
2023-08-01,41,18,23
2023-08-01,34,16,18
2023-08-01,62,35,27
2023-08-01,49,23,26
2023-08-01,50,22,28
2023-08-01,128,37,91
2023-08-01,162,49,113
2023-08-01,209,54,155
2023-08-01,118,27,91
2023-08-01,51,22,29
2023-08-01,47,27,20
2023-08-01,124,111,13
2023-08-01,43,34,9
2023-08-01,17,10,7
2023-08-02,6,3,3
2023-08-02,8,4,4
2023-08-02,3,1,2
2023-08-02,1,1,0
2023-08-02,2,1,1
2023-08-02,21,15,6
2023-08-02,42,25,17
2023-08-02,72,45,27
2023-08-02,111,74,37
2023-08-02,72,35,37
2023-08-02,43,25,18
2023-08-02,62,26,36
2023-08-02,83,19,64
2023-08-02,67,24,43
2023-08-02,65,27,38
2023-08-02,96,34,62
2023-08-02,183,95,88
2023-08-02,186,79,107
2023-08-02,97,33,64
2023-08-02,45,22,23
2023-08-02,36,14,22
2023-08-02,35,20,15
2023-08-02,17,8,9
2023-08-02,15,3,12
2023-08-03,4,2,2
2023-08-03,5,3,2
2023-08-03,1,0,1
2023-08-03,4,3,1
2023-08-03,2,1,1
2023-08-03,16,11,5
2023-08-03,37,23,14
2023-08-03,63,43,20
2023-08-03,115,65,50
2023-08-03,71,43,28
2023-08-03,40,26,14
2023-08-03,41,19,22
2023-08-03,47,20,27
2023-08-03,48,25,23
2023-08-03,59,23,36
2023-08-03,87,30,57
2023-08-03,133,36,97
2023-08-03,170,57,113
2023-08-03,84,28,56
2023-08-03,64,26,38
2023-08-03,44,18,26
2023-08-03,42,23,19
2023-08-03,29,14,15
2023-08-03,11,5,6
2023-08-04,7,3,4
2023-08-04,8,4,4
2023-08-04,5,2,3
2023-08-04,1,0,1
2023-08-04,4,3,1
2023-08-04,13,8,5
2023-08-04,31,24,7
2023-08-04,48,28,20
2023-08-04,68,43,25
2023-08-04,48,29,19
2023-08-04,26,10,16
2023-08-04,28,13,15
2023-08-04,51,19,32
2023-08-04,53,24,29
2023-08-04,60,18,42
2023-08-04,75,28,47
2023-08-04,126,46,80
2023-08-04,121,56,65
2023-08-04,71,35,36
2023-08-04,66,42,24
2023-08-04,36,18,18
2023-08-04,56,28,28
2023-08-04,70,24,46
2023-08-04,39,26,13
2023-08-05,11,5,6
2023-08-05,12,7,5
2023-08-05,1,1,0
2023-08-05,6,5,1
2023-08-05,0,0,0
2023-08-05,5,2,3
2023-08-05,11,3,8
2023-08-05,15,4,11
2023-08-05,17,8,9
2023-08-05,21,8,13
2023-08-05,29,12,17
2023-08-05,41,18,23
2023-08-05,44,20,24
2023-08-05,55,34,21
2023-08-05,41,21,20
2023-08-05,44,14,30
2023-08-05,98,37,61
2023-08-05,76,38,38
2023-08-05,48,28,20
2023-08-05,39,23,16
2023-08-05,40,19,21
2023-08-05,23,17,6
2023-08-05,29,20,9
2023-08-05,20,13,7
2023-08-06,16,11,5
2023-08-06,11,8,3
2023-08-06,11,7,4
2023-08-06,5,3,2
2023-08-06,3,2,1
2023-08-06,2,0,2
2023-08-06,1,1,0
2023-08-06,9,6,3
2023-08-06,15,6,9
2023-08-06,20,10,10
2023-08-06,25,7,18
2023-08-06,47,13,34
2023-08-06,63,23,40
2023-08-06,27,12,15
2023-08-06,68,23,45
2023-08-06,71,31,40
2023-08-06,57,33,24
2023-08-06,67,49,18
2023-08-06,51,35,16
2023-08-06,45,26,19
2023-08-06,31,11,20
2023-08-06,16,8,8
2023-08-06,7,6,1
2023-08-06,11,6,5
2023-08-07,8,3,5
2023-08-07,1,0,1
2023-08-07,3,0,3
2023-08-07,0,0,0
2023-08-07,3,2,1
2023-08-07,12,10,2
2023-08-07,26,21,5
2023-08-07,65,43,22
2023-08-07,80,38,42
2023-08-07,76,28,48
2023-08-07,36,19,17
2023-08-07,34,16,18
2023-08-07,38,16,22
2023-08-07,32,15,17
2023-08-07,49,20,29
2023-08-07,63,22,41
2023-08-07,93,32,61
2023-08-07,111,52,59
2023-08-07,67,35,32
2023-08-07,43,20,23
2023-08-07,31,14,17
2023-08-07,17,11,6
2023-08-07,19,7,12
2023-08-07,6,1,5
2023-08-08,6,0,6
2023-08-08,2,2,0
2023-08-08,0,0,0
2023-08-08,1,1,0
2023-08-08,1,1,0
2023-08-08,20,13,7
2023-08-08,52,39,13
2023-08-08,70,43,27
2023-08-08,117,83,34
2023-08-08,64,40,24
2023-08-08,47,23,24
2023-08-08,37,26,11
2023-08-08,40,16,24
2023-08-08,40,21,19
2023-08-08,65,17,48
2023-08-08,83,25,58
2023-08-08,122,39,83
2023-08-08,195,46,149
2023-08-08,142,29,113
2023-08-08,49,25,24
2023-08-08,31,15,16
2023-08-08,104,89,15
2023-08-08,26,18,8
2023-08-08,12,5,7
2023-08-09,8,4,4
2023-08-09,7,5,2
2023-08-09,4,1,3
2023-08-09,0,0,0
2023-08-09,2,1,1
2023-08-09,19,14,5
2023-08-09,51,37,14
2023-08-09,74,42,32
2023-08-09,124,80,44
2023-08-09,56,32,24
2023-08-09,29,21,8
2023-08-09,30,16,14
2023-08-09,36,25,11
2023-08-09,43,19,24
2023-08-09,53,20,33
2023-08-09,85,27,58
2023-08-09,130,37,93
2023-08-09,196,64,132
2023-08-09,133,41,92
2023-08-09,53,24,29
2023-08-09,40,30,10
2023-08-09,126,116,10
2023-08-09,70,59,11
2023-08-09,18,13,5
2023-08-10,18,13,5
2023-08-10,4,2,2
2023-08-10,3,3,0
2023-08-10,2,1,1
2023-08-10,1,1,0
2023-08-10,18,12,6
2023-08-10,40,28,12
2023-08-10,61,42,19
2023-08-10,121,78,43
2023-08-10,80,46,34
2023-08-10,32,18,14
2023-08-10,51,26,25
2023-08-10,59,25,34
2023-08-10,51,19,32
2023-08-10,61,15,46
2023-08-10,103,39,64
2023-08-10,141,46,95
2023-08-10,221,84,137
2023-08-10,153,40,113
2023-08-10,72,15,57
2023-08-10,49,34,15
2023-08-10,88,67,21
2023-08-10,128,114,14
2023-08-10,26,12,14
2023-08-11,9,6,3
2023-08-11,10,6,4
2023-08-11,1,0,1
2023-08-11,2,1,1
2023-08-11,3,1,2
2023-08-11,13,11,2
2023-08-11,39,34,5
2023-08-11,50,34,16
2023-08-11,74,55,19
2023-08-11,47,22,25
2023-08-11,34,21,13
2023-08-11,42,24,18
2023-08-11,37,13,24
2023-08-11,74,29,45
2023-08-11,64,23,41
2023-08-11,86,26,60
2023-08-11,110,41,69
2023-08-11,134,46,88
2023-08-11,101,26,75
2023-08-11,61,20,41
2023-08-11,38,18,20
2023-08-11,66,48,18
2023-08-11,102,79,23
2023-08-11,37,21,16
2023-08-12,13,9,4
2023-08-12,16,5,11
2023-08-12,7,6,1
2023-08-12,2,1,1
2023-08-12,2,0,2
2023-08-12,5,1,4
2023-08-12,7,4,3
2023-08-12,9,3,6
2023-08-12,33,14,19
2023-08-12,47,27,20
2023-08-12,49,21,28
2023-08-12,59,33,26
2023-08-12,60,33,27
2023-08-12,56,31,25
2023-08-12,103,70,33
2023-08-12,79,25,54
2023-08-12,103,45,58
2023-08-12,110,30,80
2023-08-12,68,21,47
2023-08-12,52,29,23
2023-08-12,48,24,24
2023-08-12,66,57,9
2023-08-12,99,83,16
2023-08-12,44,15,29
2023-08-13,9,4,5
2023-08-13,9,8,1
2023-08-13,6,3,3
2023-08-13,0,0,0
2023-08-13,2,1,1
2023-08-13,0,0,0
2023-08-13,7,4,3
2023-08-13,14,10,4
2023-08-13,26,11,15
2023-08-13,33,14,19
2023-08-13,47,18,29
2023-08-13,72,18,54
2023-08-13,93,29,64
2023-08-13,68,38,30
2023-08-13,48,34,14
2023-08-13,33,14,19
2023-08-13,82,60,22
2023-08-13,58,36,22
2023-08-13,22,13,9
2023-08-13,34,22,12
2023-08-13,29,12,17
2023-08-13,15,9,6
2023-08-13,16,8,8
2023-08-13,23,7,16
2023-08-14,11,7,4
2023-08-14,1,0,1
2023-08-14,2,1,1
2023-08-14,1,1,0
2023-08-14,3,1,2
2023-08-14,19,15,4
2023-08-14,26,20,6
2023-08-14,62,47,15
2023-08-14,83,56,27
2023-08-14,75,24,51
2023-08-14,24,13,11
2023-08-14,40,24,16
2023-08-14,46,27,19
2023-08-14,52,28,24
2023-08-14,50,15,35
2023-08-14,64,22,42
2023-08-14,104,32,72
2023-08-14,123,47,76
2023-08-14,55,26,29
2023-08-14,30,13,17
2023-08-14,30,13,17
2023-08-14,14,3,11
2023-08-14,11,4,7
2023-08-14,5,2,3
2023-08-15,8,3,5
2023-08-15,5,2,3
2023-08-15,2,1,1
2023-08-15,3,2,1
2023-08-15,5,3,2
2023-08-15,20,14,6
2023-08-15,48,35,13
2023-08-15,96,63,33
2023-08-15,111,68,43
2023-08-15,78,43,35
2023-08-15,44,21,23
2023-08-15,36,20,16
2023-08-15,40,20,20
2023-08-15,43,21,22
2023-08-15,70,20,50
2023-08-15,70,20,50
2023-08-15,149,42,107
2023-08-15,152,57,95
2023-08-15,96,34,62
2023-08-15,37,15,22
2023-08-15,29,13,16
2023-08-15,19,5,14
2023-08-15,17,8,9
2023-08-15,11,7,4
2023-08-16,10,5,5
2023-08-16,3,1,2
2023-08-16,2,2,0
2023-08-16,1,0,1
2023-08-16,6,3,3
2023-08-16,25,20,5
2023-08-16,47,30,17
2023-08-16,83,49,34
2023-08-16,139,92,47
2023-08-16,75,46,29
2023-08-16,43,24,19
2023-08-16,44,21,23
2023-08-16,23,14,9
2023-08-16,29,16,13
2023-08-16,61,25,36
2023-08-16,71,23,48
2023-08-16,127,37,90
2023-08-16,167,63,104
2023-08-16,101,40,61
2023-08-16,55,16,39
2023-08-16,44,16,28
2023-08-16,35,23,12
2023-08-16,30,20,10
2023-08-16,51,45,6
2023-08-17,13,7,6
2023-08-17,4,2,2
2023-08-17,3,0,3
2023-08-17,3,2,1
2023-08-17,2,1,1
2023-08-17,16,13,3
2023-08-17,36,25,11
2023-08-17,75,45,30
2023-08-17,108,67,41
2023-08-17,65,32,33
2023-08-17,54,37,17
2023-08-17,28,17,11
2023-08-17,51,29,22
2023-08-17,43,23,20
2023-08-17,56,24,32
2023-08-17,75,29,46
2023-08-17,145,58,87
2023-08-17,160,58,102
2023-08-17,96,40,56
2023-08-17,52,28,24
2023-08-17,47,14,33
2023-08-17,30,19,11
2023-08-17,24,16,8
2023-08-17,19,5,14
2023-08-18,14,4,10
2023-08-18,2,0,2
2023-08-18,4,2,2
2023-08-18,5,4,1
2023-08-18,3,3,0
2023-08-18,17,12,5
2023-08-18,34,25,9
2023-08-18,52,32,20
2023-08-18,65,26,39
2023-08-18,55,28,27
2023-08-18,30,15,15
2023-08-18,42,21,21
2023-08-18,28,12,16
2023-08-18,60,22,38
2023-08-18,78,28,50
2023-08-18,77,27,50
2023-08-18,108,43,65
2023-08-18,97,38,59
2023-08-18,70,32,38
2023-08-18,62,37,25
2023-08-18,47,26,21
2023-08-18,35,15,20
2023-08-18,30,20,10
2023-08-18,20,7,13
2023-08-19,11,7,4
2023-08-19,13,2,11
2023-08-19,9,4,5
2023-08-19,1,0,1
2023-08-19,3,0,3
2023-08-19,5,2,3
2023-08-19,3,3,0
2023-08-19,18,9,9
2023-08-19,21,13,8
2023-08-19,24,14,10
2023-08-19,48,15,33
2023-08-19,27,8,19
2023-08-19,57,28,29
2023-08-19,75,39,36
2023-08-19,87,43,44
2023-08-19,46,20,26
2023-08-19,75,28,47
2023-08-19,89,44,45
2023-08-19,122,38,84
2023-08-19,72,28,44
2023-08-19,60,32,28
2023-08-19,79,63,16
2023-08-19,158,146,12
2023-08-19,26,14,12
2023-08-20,18,14,4
2023-08-20,8,5,3
2023-08-20,6,4,2
2023-08-20,0,0,0
2023-08-20,1,1,0
2023-08-20,0,0,0
2023-08-20,5,3,2
2023-08-20,9,5,4
2023-08-20,12,8,4
2023-08-20,16,8,8
2023-08-20,23,4,19
2023-08-20,49,8,41
2023-08-20,32,12,20
2023-08-20,46,35,11
2023-08-20,39,25,14
2023-08-20,39,15,24
2023-08-20,44,15,29
2023-08-20,46,19,27
2023-08-20,60,18,42
2023-08-20,50,14,36
2023-08-20,24,15,9
2023-08-20,78,66,12
2023-08-20,36,30,6
2023-08-20,5,4,1
2023-08-21,9,6,3
2023-08-21,6,2,4
2023-08-21,4,1,3
2023-08-21,0,0,0
2023-08-21,1,1,0
2023-08-21,12,9,3
2023-08-21,36,22,14
2023-08-21,59,38,21
2023-08-21,48,33,15
2023-08-21,49,21,28
2023-08-21,28,15,13
2023-08-21,23,9,14
2023-08-21,26,11,15
2023-08-21,23,9,14
2023-08-21,48,16,32
2023-08-21,49,14,35
2023-08-21,86,28,58
2023-08-21,100,36,64
2023-08-21,63,23,40
2023-08-21,36,21,15
2023-08-21,27,15,12
2023-08-21,19,12,7
2023-08-21,16,12,4
2023-08-21,9,2,7
2023-08-22,2,1,1
2023-08-22,5,2,3
2023-08-22,3,2,1
2023-08-22,0,0,0
2023-08-22,2,1,1
2023-08-22,17,14,3
2023-08-22,48,32,16
2023-08-22,87,51,36
2023-08-22,101,57,44
2023-08-22,68,40,28
2023-08-22,46,27,19
2023-08-22,29,15,14
2023-08-22,38,20,18
2023-08-22,45,19,26
2023-08-22,56,22,34
2023-08-22,86,23,63
2023-08-22,129,48,81
2023-08-22,147,55,92
2023-08-22,76,36,40
2023-08-22,40,15,25
2023-08-22,27,6,21
2023-08-22,18,12,6
2023-08-22,17,7,10
2023-08-22,8,0,8
2023-08-23,5,0,5
2023-08-23,2,1,1
2023-08-23,4,2,2
2023-08-23,0,0,0
2023-08-23,4,2,2
2023-08-23,16,14,2
2023-08-23,33,23,10
2023-08-23,70,39,31
2023-08-23,115,81,34
2023-08-23,63,34,29
2023-08-23,32,22,10
2023-08-23,39,24,15
2023-08-23,49,26,23
2023-08-23,34,19,15
2023-08-23,65,23,42
2023-08-23,82,19,63
2023-08-23,122,45,77
2023-08-23,153,50,103
2023-08-23,87,34,53
2023-08-23,40,22,18
2023-08-23,32,15,17
2023-08-23,20,11,9
2023-08-23,14,7,7
2023-08-23,5,3,2
2023-08-24,11,8,3
2023-08-24,2,1,1
2023-08-24,1,0,1
2023-08-24,1,0,1
2023-08-24,5,3,2
2023-08-24,19,15,4
2023-08-24,48,35,13
2023-08-24,87,55,32
2023-08-24,91,54,37
2023-08-24,85,45,40
2023-08-24,43,27,16
2023-08-24,34,13,21
2023-08-24,46,24,22
2023-08-24,44,19,25
2023-08-24,75,40,35
2023-08-24,101,39,62
2023-08-24,129,41,88
2023-08-24,144,51,93
2023-08-24,88,39,49
2023-08-24,59,26,33
2023-08-24,33,15,18
2023-08-24,23,10,13
2023-08-24,18,4,14
2023-08-24,18,8,10
2023-08-25,8,3,5
2023-08-25,1,0,1
2023-08-25,5,4,1
2023-08-25,3,2,1
2023-08-25,1,0,1
2023-08-25,11,9,2
2023-08-25,31,20,11
2023-08-25,52,39,13
2023-08-25,71,40,31
2023-08-25,44,34,10
2023-08-25,20,12,8
2023-08-25,29,13,16
2023-08-25,42,29,13
2023-08-25,58,27,31
2023-08-25,75,22,53
2023-08-25,73,24,49
2023-08-25,99,29,70
2023-08-25,148,49,99
2023-08-25,113,34,79
2023-08-25,81,27,54
2023-08-25,48,22,26
2023-08-25,55,33,22
2023-08-25,100,78,22
2023-08-25,107,90,17
2023-08-26,35,16,19
2023-08-26,10,6,4
2023-08-26,7,3,4
2023-08-26,3,3,0
2023-08-26,1,0,1
2023-08-26,8,5,3
2023-08-26,9,6,3
2023-08-26,12,9,3
2023-08-26,26,9,17
2023-08-26,36,23,13
2023-08-26,45,24,21
2023-08-26,51,21,30
2023-08-26,114,27,87
2023-08-26,80,26,54
2023-08-26,72,30,42
2023-08-26,86,51,35
2023-08-26,139,88,51
2023-08-26,123,34,89
2023-08-26,116,32,84
2023-08-26,55,25,30
2023-08-26,39,22,17
2023-08-26,38,23,15
2023-08-26,125,105,20
2023-08-26,142,129,13
2023-08-27,25,15,10
2023-08-27,11,4,7
2023-08-27,13,11,2
2023-08-27,1,1,0
2023-08-27,2,1,1
2023-08-27,1,1,0
2023-08-27,3,2,1
2023-08-27,9,5,4
2023-08-27,19,7,12
2023-08-27,19,9,10
2023-08-27,37,16,21
2023-08-27,62,17,45
2023-08-27,77,13,64
2023-08-27,44,24,20
2023-08-27,68,28,40
2023-08-27,72,44,28
2023-08-27,96,72,24
2023-08-27,50,25,25
2023-08-27,28,17,11
2023-08-27,27,11,16
2023-08-27,23,12,11
2023-08-27,6,4,2
2023-08-27,20,14,6
2023-08-27,7,2,5
2023-08-28,8,4,4
2023-08-28,1,1,0
2023-08-28,1,0,1
2023-08-28,0,0,0
2023-08-28,3,3,0
2023-08-28,14,10,4
2023-08-28,33,21,12
2023-08-28,59,45,14
2023-08-28,81,46,35
2023-08-28,49,27,22
2023-08-28,29,18,11
2023-08-28,34,21,13
2023-08-28,37,20,17
2023-08-28,28,9,19
2023-08-28,46,13,33
2023-08-28,81,27,54
2023-08-28,107,25,82
2023-08-28,157,46,111
2023-08-28,110,26,84
2023-08-28,48,27,21
2023-08-28,47,33,14
2023-08-28,120,102,18
2023-08-28,20,13,7
2023-08-28,8,6,2
2023-08-29,4,2,2
2023-08-29,1,0,1
2023-08-29,2,0,2
2023-08-29,1,1,0
2023-08-29,2,1,1
2023-08-29,17,12,5
2023-08-29,38,29,9
2023-08-29,73,43,30
2023-08-29,94,63,31
2023-08-29,70,33,37
2023-08-29,27,16,11
2023-08-29,39,17,22
2023-08-29,30,14,16
2023-08-29,26,11,15
2023-08-29,54,18,36
2023-08-29,76,20,56
2023-08-29,126,25,101
2023-08-29,149,35,114
2023-08-29,64,22,42
2023-08-29,29,14,15
2023-08-29,32,21,11
2023-08-29,80,74,6
2023-08-29,18,12,6
2023-08-29,4,4,0
2023-08-30,2,0,2
2023-08-30,1,1,0
2023-08-30,6,3,3
2023-08-30,2,1,1
2023-08-30,3,2,1
2023-08-30,19,11,8
2023-08-30,52,34,18
2023-08-30,90,60,30
2023-08-30,89,58,31
2023-08-30,71,44,27
2023-08-30,46,29,17
2023-08-30,35,20,15
2023-08-30,74,25,49
2023-08-30,39,14,25
2023-08-30,57,22,35
2023-08-30,103,46,57
2023-08-30,157,73,84
2023-08-30,151,56,95
2023-08-30,66,26,40
2023-08-30,48,21,27
2023-08-30,23,9,14
2023-08-30,19,9,10
2023-08-30,17,12,5
2023-08-30,25,18,7
2023-08-31,8,4,4
2023-08-31,4,1,3
2023-08-31,4,1,3
2023-08-31,0,0,0
2023-08-31,4,1,3
2023-08-31,15,11,4
2023-08-31,39,30,9
2023-08-31,75,50,25
2023-08-31,102,60,42
2023-08-31,52,35,17
2023-08-31,40,22,18
2023-08-31,34,20,14
2023-08-31,46,25,21
2023-08-31,25,9,16
2023-08-31,58,25,33
2023-08-31,76,28,48
2023-08-31,98,29,69
2023-08-31,128,44,84
2023-08-31,83,33,50
2023-08-31,34,20,14
2023-08-31,37,20,17
2023-08-31,14,7,7
2023-08-31,15,14,1
2023-08-31,10,4,6
2023-09-01,7,3,4
2023-09-01,2,0,2
2023-09-01,1,0,1
2023-09-01,4,2,2
2023-09-01,3,1,2
2023-09-01,16,10,6
2023-09-01,29,23,6
2023-09-01,47,34,13
2023-09-01,62,39,23
2023-09-01,52,30,22
2023-09-01,37,18,19
2023-09-01,39,20,19
2023-09-01,55,26,29
2023-09-01,55,18,37
2023-09-01,49,12,37
2023-09-01,99,32,67
2023-09-01,96,27,69
2023-09-01,91,40,51
2023-09-01,58,23,35
2023-09-01,46,25,21
2023-09-01,35,19,16
2023-09-01,52,24,28
2023-09-01,24,12,12
2023-09-01,18,8,10
2023-09-02,20,6,14
2023-09-02,8,4,4
2023-09-02,4,1,3
2023-09-02,6,4,2
2023-09-02,0,0,0
2023-09-02,1,0,1
2023-09-02,8,4,4
2023-09-02,12,4,8
2023-09-02,22,15,7
2023-09-02,44,26,18
2023-09-02,57,26,31
2023-09-02,43,14,29
2023-09-02,41,19,22
2023-09-02,49,29,20
2023-09-02,39,23,16
2023-09-02,42,13,29
2023-09-02,54,21,33
2023-09-02,75,30,45
2023-09-02,73,25,48
2023-09-02,75,21,54
2023-09-02,33,13,20
2023-09-02,79,72,7
2023-09-02,73,59,14
2023-09-02,33,16,17
2023-09-03,11,8,3
2023-09-03,5,2,3
2023-09-03,5,1,4
2023-09-03,1,1,0
2023-09-03,1,1,0
2023-09-03,0,0,0
2023-09-03,8,7,1
2023-09-03,21,11,10
2023-09-03,20,8,12
2023-09-03,26,15,11
2023-09-03,28,12,16
2023-09-03,66,19,47
2023-09-03,50,30,20
2023-09-03,40,22,18
2023-09-03,46,17,29
2023-09-03,29,13,16
2023-09-03,38,11,27
2023-09-03,48,33,15
2023-09-03,32,15,17
2023-09-03,28,15,13
2023-09-03,28,9,19
2023-09-03,21,10,11
2023-09-03,13,3,10
2023-09-03,12,3,9
2023-09-04,12,7,5
2023-09-04,9,3,6
2023-09-04,3,2,1
2023-09-04,3,1,2
2023-09-04,2,2,0
2023-09-04,0,0,0
2023-09-04,5,4,1
2023-09-04,7,3,4
2023-09-04,11,4,7
2023-09-04,24,13,11
2023-09-04,33,16,17
2023-09-04,22,15,7
2023-09-04,33,14,19
2023-09-04,24,11,13
2023-09-04,33,14,19
2023-09-04,41,13,28
2023-09-04,47,29,18
2023-09-04,40,25,15
2023-09-04,35,23,12
2023-09-04,27,12,15
2023-09-04,28,12,16
2023-09-04,9,3,6
2023-09-04,17,9,8
2023-09-04,9,4,5
2023-09-05,6,3,3
2023-09-05,2,0,2
2023-09-05,4,3,1
2023-09-05,2,2,0
2023-09-05,2,1,1
2023-09-05,18,14,4
2023-09-05,41,37,4
2023-09-05,82,51,31
2023-09-05,120,81,39
2023-09-05,67,41,26
2023-09-05,41,26,15
2023-09-05,34,21,13
2023-09-05,43,23,20
2023-09-05,38,16,22
2023-09-05,71,28,43
2023-09-05,87,27,60
2023-09-05,150,51,99
2023-09-05,118,36,82
2023-09-05,88,35,53
2023-09-05,34,16,18
2023-09-05,10,3,7
2023-09-05,18,8,10
2023-09-05,18,7,11
2023-09-05,7,4,3
2023-09-06,5,1,4
2023-09-06,3,3,0
2023-09-06,0,0,0
2023-09-06,0,0,0
2023-09-06,1,0,1
2023-09-06,20,15,5
2023-09-06,43,32,11
2023-09-06,88,57,31
2023-09-06,123,79,44
2023-09-06,68,42,26
2023-09-06,51,38,13
2023-09-06,41,20,21
2023-09-06,38,17,21
2023-09-06,48,17,31
2023-09-06,69,27,42
2023-09-06,86,31,55
2023-09-06,137,34,103
2023-09-06,180,57,123
2023-09-06,76,16,60
2023-09-06,44,21,23
2023-09-06,27,11,16
2023-09-06,33,26,7
2023-09-06,12,10,2
2023-09-06,8,4,4
2023-09-07,9,5,4
2023-09-07,5,2,3
2023-09-07,1,0,1
2023-09-07,1,0,1
2023-09-07,8,5,3
2023-09-07,18,10,8
2023-09-07,47,36,11
2023-09-07,74,54,20
2023-09-07,108,69,39
2023-09-07,71,39,32
2023-09-07,51,28,23
2023-09-07,44,27,17
2023-09-07,52,29,23
2023-09-07,38,16,22
2023-09-07,58,20,38
2023-09-07,80,18,62
2023-09-07,151,43,108
2023-09-07,162,58,104
2023-09-07,79,29,50
2023-09-07,46,26,20
2023-09-07,37,20,17
2023-09-07,23,16,7
2023-09-07,17,6,11
2023-09-07,15,7,8
2023-09-08,9,7,2
2023-09-08,0,0,0
2023-09-08,1,0,1
2023-09-08,0,0,0
2023-09-08,3,2,1
2023-09-08,17,11,6
2023-09-08,24,20,4
2023-09-08,49,31,18
2023-09-08,63,36,27
2023-09-08,51,24,27
2023-09-08,31,13,18
2023-09-08,34,17,17
2023-09-08,46,21,25
2023-09-08,44,22,22
2023-09-08,56,19,37
2023-09-08,76,31,45
2023-09-08,105,42,63
2023-09-08,96,32,64
2023-09-08,57,21,36
2023-09-08,39,19,20
2023-09-08,23,9,14
2023-09-08,23,10,13
2023-09-08,18,6,12
2023-09-08,15,8,7
2023-09-09,8,5,3
2023-09-09,5,2,3
2023-09-09,4,3,1
2023-09-09,5,2,3
2023-09-09,0,0,0
2023-09-09,4,1,3
2023-09-09,5,1,4
2023-09-09,14,5,9
2023-09-09,16,7,9
2023-09-09,32,13,19
2023-09-09,32,11,21
2023-09-09,50,20,30
2023-09-09,70,38,32
2023-09-09,59,27,32
2023-09-09,56,32,24
2023-09-09,55,29,26
2023-09-09,49,22,27
2023-09-09,47,24,23
2023-09-09,50,17,33
2023-09-09,34,16,18
2023-09-09,30,15,15
2023-09-09,28,15,13
2023-09-09,16,5,11
2023-09-09,6,3,3
2023-09-10,9,4,5
2023-09-10,6,0,6
2023-09-10,7,4,3
2023-09-10,1,0,1
2023-09-10,4,2,2
2023-09-10,1,0,1
2023-09-10,7,3,4
2023-09-10,14,7,7
2023-09-10,18,5,13
2023-09-10,34,16,18
2023-09-10,64,19,45
2023-09-10,99,18,81
2023-09-10,161,29,132
2023-09-10,72,26,46
2023-09-10,49,35,14
2023-09-10,64,29,35
2023-09-10,237,201,36
2023-09-10,115,88,27
2023-09-10,36,28,8
2023-09-10,32,17,15
2023-09-10,30,15,15
2023-09-10,33,18,15
2023-09-10,17,9,8
2023-09-10,10,8,2
2023-09-11,3,1,2
2023-09-11,5,3,2
2023-09-11,2,0,2
2023-09-11,0,0,0
2023-09-11,5,2,3
2023-09-11,23,16,7
2023-09-11,38,28,10
2023-09-11,84,52,32
2023-09-11,83,60,23
2023-09-11,61,24,37
2023-09-11,19,12,7
2023-09-11,25,14,11
2023-09-11,33,16,17
2023-09-11,34,12,22
2023-09-11,53,18,35
2023-09-11,72,26,46
2023-09-11,125,39,86
2023-09-11,169,52,117
2023-09-11,109,23,86
2023-09-11,34,22,12
2023-09-11,41,28,13
2023-09-11,42,31,11
2023-09-11,71,68,3
2023-09-11,10,5,5
2023-09-12,10,7,3
2023-09-12,2,0,2
2023-09-12,6,3,3
2023-09-12,1,1,0
2023-09-12,1,0,1
2023-09-12,29,18,11
2023-09-12,33,22,11
2023-09-12,102,62,40
2023-09-12,126,80,46
2023-09-12,71,42,29
2023-09-12,28,15,13
2023-09-12,30,16,14
2023-09-12,50,30,20
2023-09-12,39,15,24
2023-09-12,54,21,33
2023-09-12,70,26,44
2023-09-12,145,44,101
2023-09-12,178,55,123
2023-09-12,113,26,87
2023-09-12,29,13,16
2023-09-12,33,21,12
2023-09-12,89,80,9
2023-09-12,22,10,12
2023-09-12,19,9,10
2023-09-13,1,0,1
2023-09-13,5,0,5
2023-09-13,3,2,1
2023-09-13,1,0,1
2023-09-13,4,2,2
2023-09-13,18,16,2
2023-09-13,43,35,8
2023-09-13,72,47,25
2023-09-13,122,85,37
2023-09-13,76,44,32
2023-09-13,49,25,24
2023-09-13,49,25,24
2023-09-13,80,27,53
2023-09-13,77,28,49
2023-09-13,60,25,35
2023-09-13,111,53,58
2023-09-13,176,81,95
2023-09-13,163,63,100
2023-09-13,105,42,63
2023-09-13,44,28,16
2023-09-13,29,13,16
2023-09-13,23,7,16
2023-09-13,17,8,9
2023-09-13,4,2,2
2023-09-14,3,2,1
2023-09-14,2,0,2
2023-09-14,2,1,1
2023-09-14,5,2,3
2023-09-14,5,4,1
2023-09-14,16,9,7
2023-09-14,29,25,4
2023-09-14,96,70,26
2023-09-14,130,75,55
2023-09-14,66,39,27
2023-09-14,45,29,16
2023-09-14,50,16,34
2023-09-14,57,29,28
2023-09-14,49,23,26
2023-09-14,65,27,38
2023-09-14,83,34,49
2023-09-14,151,39,112
2023-09-14,183,59,124
2023-09-14,130,37,93
2023-09-14,146,29,117
2023-09-14,73,33,40
2023-09-14,43,26,17
2023-09-14,32,20,12
2023-09-14,81,73,8
2023-09-15,145,133,12
2023-09-15,13,9,4
2023-09-15,2,1,1
2023-09-15,1,0,1
2023-09-15,2,1,1
2023-09-15,22,16,6
2023-09-15,23,16,7
2023-09-15,54,35,19
2023-09-15,71,47,24
2023-09-15,57,29,28
2023-09-15,38,18,20
2023-09-15,36,18,18
2023-09-15,53,27,26
2023-09-15,44,24,20
2023-09-15,52,16,36
2023-09-15,76,30,46
2023-09-15,90,25,65
2023-09-15,135,36,99
2023-09-15,108,24,84
2023-09-15,76,24,52
2023-09-15,44,15,29
2023-09-15,52,27,25
2023-09-15,131,118,13
2023-09-15,75,66,9
2023-09-16,20,14,6
2023-09-16,3,2,1
2023-09-16,6,1,5
2023-09-16,4,1,3
2023-09-16,0,0,0
2023-09-16,3,1,2
2023-09-16,13,5,8
2023-09-16,14,9,5
2023-09-16,24,9,15
2023-09-16,34,10,24
2023-09-16,43,15,28
2023-09-16,52,28,24
2023-09-16,58,30,28
2023-09-16,61,31,30
2023-09-16,56,21,35
2023-09-16,49,12,37
2023-09-16,60,25,35
2023-09-16,102,31,71
2023-09-16,60,18,42
2023-09-16,49,20,29
2023-09-16,39,23,16
2023-09-16,44,34,10
2023-09-16,113,97,16
2023-09-16,12,7,5
2023-09-17,16,5,11
2023-09-17,4,2,2
2023-09-17,8,5,3
2023-09-17,3,0,3
2023-09-17,1,0,1
2023-09-17,0,0,0
2023-09-17,5,1,4
2023-09-17,10,3,7
2023-09-17,14,5,9
2023-09-17,37,13,24
2023-09-17,36,14,22
2023-09-17,49,8,41
2023-09-17,66,20,46
2023-09-17,52,17,35
2023-09-17,35,18,17
2023-09-17,50,38,12
2023-09-17,104,74,30
2023-09-17,52,26,26
2023-09-17,53,32,21
2023-09-17,36,25,11
2023-09-17,14,5,9
2023-09-17,18,8,10
2023-09-17,10,4,6
2023-09-17,7,2,5
2023-09-18,10,6,4
2023-09-18,2,0,2
2023-09-18,0,0,0
2023-09-18,2,1,1
2023-09-18,2,1,1
2023-09-18,17,12,5
2023-09-18,25,21,4
2023-09-18,52,34,18
2023-09-18,92,53,39
2023-09-18,51,27,24
2023-09-18,35,17,18
2023-09-18,30,16,14
2023-09-18,35,19,16
2023-09-18,40,16,24
2023-09-18,43,15,28
2023-09-18,63,16,47
2023-09-18,92,32,60
2023-09-18,128,55,73
2023-09-18,74,38,36
2023-09-18,31,17,14
2023-09-18,26,12,14
2023-09-18,24,13,11
2023-09-18,9,6,3
2023-09-18,1,1,0
2023-09-19,5,1,4
2023-09-19,3,2,1
2023-09-19,2,2,0
2023-09-19,1,0,1
2023-09-19,3,2,1
2023-09-19,21,14,7
2023-09-19,46,37,9
2023-09-19,84,54,30
2023-09-19,122,81,41
2023-09-19,86,52,34
2023-09-19,39,19,20
2023-09-19,38,24,14
2023-09-19,49,31,18
2023-09-19,39,17,22
2023-09-19,60,25,35
2023-09-19,84,26,58
2023-09-19,137,41,96
2023-09-19,149,59,90
2023-09-19,86,35,51
2023-09-19,37,16,21
2023-09-19,12,5,7
2023-09-19,14,5,9
2023-09-19,5,2,3
2023-09-19,5,3,2
2023-09-20,2,1,1
2023-09-20,0,0,0
2023-09-20,1,0,1
2023-09-20,0,0,0
2023-09-20,2,1,1
2023-09-20,7,6,1
2023-09-20,44,37,7
2023-09-20,53,36,17
2023-09-20,72,43,29
2023-09-20,58,30,28
2023-09-20,35,22,13
2023-09-20,32,18,14
2023-09-20,44,19,25
2023-09-20,54,21,33
2023-09-20,53,21,32
2023-09-20,86,25,61
2023-09-20,133,35,98
2023-09-20,176,48,128
2023-09-20,179,32,147
2023-09-20,73,25,48
2023-09-20,38,16,22
2023-09-20,20,13,7
2023-09-20,92,82,10
2023-09-20,223,211,12
2023-09-21,11,9,2
2023-09-21,2,1,1
2023-09-21,2,1,1
2023-09-21,7,5,2
2023-09-21,4,3,1
2023-09-21,15,13,2
2023-09-21,36,26,10
2023-09-21,86,59,27
2023-09-21,106,68,38
2023-09-21,69,39,30
2023-09-21,34,20,14
2023-09-21,39,25,14
2023-09-21,55,23,32
2023-09-21,49,27,22
2023-09-21,73,30,43
2023-09-21,77,25,52
2023-09-21,125,42,83
2023-09-21,149,52,97
2023-09-21,82,28,54
2023-09-21,47,27,20
2023-09-21,39,19,20
2023-09-21,26,10,16
2023-09-21,19,4,15
2023-09-21,9,5,4
2023-09-22,8,7,1
2023-09-22,1,1,0
2023-09-22,4,3,1
2023-09-22,4,2,2
2023-09-22,0,0,0
2023-09-22,21,18,3
2023-09-22,27,22,5
2023-09-22,59,37,22
2023-09-22,62,36,26
2023-09-22,52,29,23
2023-09-22,34,12,22
2023-09-22,47,26,21
2023-09-22,51,22,29
2023-09-22,61,26,35
2023-09-22,48,17,31
2023-09-22,73,26,47
2023-09-22,99,39,60
2023-09-22,118,47,71
2023-09-22,65,29,36
2023-09-22,38,17,21
2023-09-22,39,25,14
2023-09-22,17,8,9
2023-09-22,18,4,14
2023-09-22,14,8,6
2023-09-23,17,11,6
2023-09-23,11,5,6
2023-09-23,7,3,4
2023-09-23,2,2,0
2023-09-23,1,0,1
2023-09-23,6,4,2
2023-09-23,5,3,2
2023-09-23,11,4,7
2023-09-23,19,8,11
2023-09-23,31,14,17
2023-09-23,33,22,11
2023-09-23,24,12,12
2023-09-23,52,24,28
2023-09-23,33,8,25
2023-09-23,31,16,15
2023-09-23,23,9,14
2023-09-23,26,17,9
2023-09-23,32,17,15
2023-09-23,41,17,24
2023-09-23,45,29,16
2023-09-23,8,5,3
2023-09-23,8,3,5
2023-09-23,16,6,10
2023-09-23,10,5,5
2023-09-24,14,2,12
2023-09-24,4,1,3
2023-09-24,6,2,4
2023-09-24,1,0,1
2023-09-24,1,1,0
2023-09-24,5,4,1
2023-09-24,4,3,1
2023-09-24,9,5,4
2023-09-24,15,4,11
2023-09-24,55,17,38
2023-09-24,58,18,40
2023-09-24,88,15,73
2023-09-24,122,23,99
2023-09-24,44,10,34
2023-09-24,23,16,7
2023-09-24,45,32,13
2023-09-24,140,120,20
2023-09-24,112,98,14
2023-09-24,25,15,10
2023-09-24,23,12,11
2023-09-24,5,1,4
2023-09-24,7,1,6
2023-09-24,4,2,2
2023-09-24,2,1,1
2023-09-25,4,4,0
2023-09-25,1,1,0
2023-09-25,1,1,0
2023-09-25,2,1,1
2023-09-25,2,2,0
2023-09-25,14,9,5
2023-09-25,28,22,6
2023-09-25,50,35,15
2023-09-25,52,36,16
2023-09-25,40,23,17
2023-09-25,16,9,7
2023-09-25,19,7,12
2023-09-25,9,7,2
2023-09-25,17,8,9
2023-09-25,34,14,20
2023-09-25,45,13,32
2023-09-25,87,28,59
2023-09-25,70,24,46
2023-09-25,52,14,38
2023-09-25,15,10,5
2023-09-25,22,16,6
2023-09-25,56,54,2
2023-09-25,12,7,5
2023-09-25,9,6,3
2023-09-26,6,2,4
2023-09-26,2,0,2
2023-09-26,0,0,0
2023-09-26,1,1,0
2023-09-26,1,1,0
2023-09-26,13,10,3
2023-09-26,41,32,9
2023-09-26,71,49,22
2023-09-26,86,65,21
2023-09-26,59,41,18
2023-09-26,34,19,15
2023-09-26,29,17,12
2023-09-26,31,19,12
2023-09-26,17,10,7
2023-09-26,41,15,26
2023-09-26,61,12,49
2023-09-26,83,20,63
2023-09-26,127,26,101
2023-09-26,94,24,70
2023-09-26,23,6,17
2023-09-26,17,7,10
2023-09-26,11,6,5
2023-09-26,96,90,6
2023-09-26,19,15,4
2023-09-27,4,1,3
2023-09-27,5,2,3
2023-09-27,3,2,1
2023-09-27,0,0,0
2023-09-27,0,0,0
2023-09-27,12,7,5
2023-09-27,37,31,6
2023-09-27,39,29,10
2023-09-27,52,39,13
2023-09-27,30,16,14
2023-09-27,24,7,17
2023-09-27,26,19,7
2023-09-27,27,14,13
2023-09-27,26,6,20
2023-09-27,37,7,30
2023-09-27,46,14,32
2023-09-27,86,18,68
2023-09-27,97,36,61
2023-09-27,61,16,45
2023-09-27,24,12,12
2023-09-27,13,6,7
2023-09-27,46,35,11
2023-09-27,53,50,3
2023-09-27,5,3,2
2023-09-28,4,4,0
2023-09-28,3,1,2
2023-09-28,4,2,2
2023-09-28,3,1,2
2023-09-28,1,1,0
2023-09-28,18,15,3
2023-09-28,28,20,8
2023-09-28,59,40,19
2023-09-28,80,48,32
2023-09-28,55,36,19
2023-09-28,32,17,15
2023-09-28,27,17,10
2023-09-28,29,15,14
2023-09-28,19,9,10
2023-09-28,40,15,25
2023-09-28,42,13,29
2023-09-28,67,15,52
2023-09-28,102,32,70
2023-09-28,81,19,62
2023-09-28,28,10,18
2023-09-28,23,14,9
2023-09-28,104,89,15
2023-09-28,20,9,11
2023-09-28,25,19,6
2023-09-29,6,5,1
2023-09-29,6,3,3
2023-09-29,1,0,1
2023-09-29,1,0,1
2023-09-29,0,0,0
2023-09-29,14,8,6
2023-09-29,19,14,5
2023-09-29,51,32,19
2023-09-29,49,33,16
2023-09-29,44,24,20
2023-09-29,17,8,9
2023-09-29,30,14,16
2023-09-29,36,16,20
2023-09-29,48,17,31
2023-09-29,58,23,35
2023-09-29,51,15,36
2023-09-29,89,31,58
2023-09-29,129,48,81
2023-09-29,116,31,85
2023-09-29,54,22,32
2023-09-29,32,12,20
2023-09-29,62,43,19
2023-09-29,71,58,13
2023-09-29,32,27,5
2023-09-30,15,10,5
2023-09-30,6,5,1
2023-09-30,4,3,1
2023-09-30,0,0,0
2023-09-30,1,1,0
2023-09-30,4,1,3
2023-09-30,4,1,3
2023-09-30,8,4,4
2023-09-30,10,4,6
2023-09-30,18,9,9
2023-09-30,32,10,22
2023-09-30,26,10,16
2023-09-30,38,17,21
2023-09-30,55,14,41
2023-09-30,95,41,54
2023-09-30,119,41,78
2023-09-30,79,30,49
2023-09-30,45,24,21
2023-09-30,47,25,22
2023-09-30,142,112,30
2023-09-30,53,45,8
2023-09-30,27,19,8
2023-09-30,16,8,8
2023-09-30,20,7,13
2023-10-01,15,12,3
2023-10-01,6,4,2
2023-10-01,1,0,1
2023-10-01,1,0,1
2023-10-01,1,1,0
2023-10-01,2,1,1
2023-10-01,1,1,0
2023-10-01,10,2,8
2023-10-01,15,7,8
2023-10-01,27,11,16
2023-10-01,17,6,11
2023-10-01,63,8,55
2023-10-01,39,11,28
2023-10-01,48,23,25
2023-10-01,90,75,15
2023-10-01,67,32,35
2023-10-01,64,25,39
2023-10-01,45,14,31
2023-10-01,36,21,15
2023-10-01,42,23,19
2023-10-01,19,8,11
2023-10-01,6,2,4
2023-10-01,17,7,10
2023-10-01,24,16,8
2023-10-02,5,4,1
2023-10-02,4,3,1
2023-10-02,1,1,0
2023-10-02,3,2,1
2023-10-02,1,0,1
2023-10-02,12,7,5
2023-10-02,22,15,7
2023-10-02,51,36,15
2023-10-02,56,40,16
2023-10-02,37,19,18
2023-10-02,25,12,13
2023-10-02,22,10,12
2023-10-02,21,14,7
2023-10-02,20,9,11
2023-10-02,36,13,23
2023-10-02,36,14,22
2023-10-02,64,17,47
2023-10-02,77,25,52
2023-10-02,27,13,14
2023-10-02,12,5,7
2023-10-02,8,4,4
2023-10-02,7,1,6
2023-10-02,5,1,4
2023-10-02,4,1,3
2023-10-03,11,6,5
2023-10-03,4,3,1
2023-10-03,0,0,0
2023-10-03,0,0,0
2023-10-03,3,2,1
2023-10-03,20,15,5
2023-10-03,46,37,9
2023-10-03,75,56,19
2023-10-03,108,73,35
2023-10-03,67,44,23
2023-10-03,54,34,20
2023-10-03,35,18,17
2023-10-03,52,24,28
2023-10-03,36,20,16
2023-10-03,60,22,38
2023-10-03,85,26,59
2023-10-03,106,37,69
2023-10-03,151,45,106
2023-10-03,78,36,42
2023-10-03,37,21,16
2023-10-03,17,7,10
2023-10-03,24,10,14
2023-10-03,12,7,5
2023-10-03,10,8,2
2023-10-04,7,2,5
2023-10-04,2,2,0
2023-10-04,3,1,2
2023-10-04,0,0,0
2023-10-04,1,1,0
2023-10-04,22,14,8
2023-10-04,41,29,12
2023-10-04,87,61,26
2023-10-04,86,57,29
2023-10-04,60,37,23
2023-10-04,28,18,10
2023-10-04,29,17,12
2023-10-04,38,23,15
2023-10-04,43,21,22
2023-10-04,63,17,46
2023-10-04,84,17,67
2023-10-04,128,30,98
2023-10-04,143,44,99
2023-10-04,111,33,78
2023-10-04,53,15,38
2023-10-04,25,13,12
2023-10-04,84,74,10
2023-10-04,59,52,7
2023-10-04,13,12,1
2023-10-05,13,8,5
2023-10-05,4,3,1
2023-10-05,2,0,2
2023-10-05,1,1,0
2023-10-05,4,2,2
2023-10-05,24,16,8
2023-10-05,41,27,14
2023-10-05,80,57,23
2023-10-05,95,69,26
2023-10-05,62,39,23
2023-10-05,41,22,19
2023-10-05,33,16,17
2023-10-05,32,21,11
2023-10-05,32,15,17
2023-10-05,56,19,37
2023-10-05,89,32,57
2023-10-05,129,29,100
2023-10-05,139,49,90
2023-10-05,84,26,58
2023-10-05,56,31,25
2023-10-05,18,8,10
2023-10-05,30,15,15
2023-10-05,17,10,7
2023-10-05,17,14,3
2023-10-06,7,3,4
2023-10-06,8,5,3
2023-10-06,4,2,2
2023-10-06,4,3,1
2023-10-06,2,1,1
2023-10-06,21,17,4
2023-10-06,19,13,6
2023-10-06,52,35,17
2023-10-06,53,37,16
2023-10-06,44,27,17
2023-10-06,30,15,15
2023-10-06,39,21,18
2023-10-06,40,21,19
2023-10-06,40,18,22
2023-10-06,71,26,45
2023-10-06,91,28,63
2023-10-06,176,32,144
2023-10-06,121,42,79
2023-10-06,59,28,31
2023-10-06,111,95,16
2023-10-06,53,36,17
2023-10-06,25,14,11
2023-10-06,22,11,11
2023-10-06,16,7,9
2023-10-07,11,7,4
2023-10-07,9,5,4
2023-10-07,4,0,4
2023-10-07,0,0,0
2023-10-07,1,1,0
2023-10-07,3,2,1
2023-10-07,3,0,3
2023-10-07,10,6,4
2023-10-07,21,8,13
2023-10-07,31,12,19
2023-10-07,39,19,20
2023-10-07,40,14,26
2023-10-07,38,20,18
2023-10-07,52,18,34
2023-10-07,55,23,32
2023-10-07,53,21,32
2023-10-07,60,29,31
2023-10-07,75,38,37
2023-10-07,89,36,53
2023-10-07,68,23,45
2023-10-07,28,15,13
2023-10-07,78,68,10
2023-10-07,67,42,25
2023-10-07,36,22,14
2023-10-08,21,15,6
2023-10-08,17,12,5
2023-10-08,0,0,0
2023-10-08,2,1,1
2023-10-08,4,3,1
2023-10-08,4,1,3
2023-10-08,7,5,2
2023-10-08,11,7,4
2023-10-08,6,4,2
2023-10-08,32,22,10
2023-10-08,17,8,9
2023-10-08,52,21,31
2023-10-08,37,18,19
2023-10-08,31,17,14
2023-10-08,23,12,11
2023-10-08,38,20,18
2023-10-08,35,18,17
2023-10-08,39,22,17
2023-10-08,33,19,14
2023-10-08,28,18,10
2023-10-08,15,10,5
2023-10-08,10,5,5
2023-10-08,11,5,6
2023-10-08,6,0,6
2023-10-09,10,6,4
2023-10-09,1,1,0
2023-10-09,2,2,0
2023-10-09,1,1,0
2023-10-09,3,2,1
2023-10-09,18,13,5
2023-10-09,25,18,7
2023-10-09,48,35,13
2023-10-09,53,34,19
2023-10-09,49,25,24
2023-10-09,29,17,12
2023-10-09,24,14,10
2023-10-09,34,20,14
2023-10-09,18,10,8
2023-10-09,28,13,15
2023-10-09,45,17,28
2023-10-09,72,25,47
2023-10-09,60,23,37
2023-10-09,54,27,27
2023-10-09,26,14,12
2023-10-09,16,7,9
2023-10-09,11,2,9
2023-10-09,16,5,11
2023-10-09,7,2,5
2023-10-10,2,1,1
2023-10-10,1,1,0
2023-10-10,0,0,0
2023-10-10,1,1,0
2023-10-10,3,2,1
2023-10-10,17,15,2
2023-10-10,29,21,8
2023-10-10,42,29,13
2023-10-10,66,47,19
2023-10-10,44,28,16
2023-10-10,20,14,6
2023-10-10,27,17,10
2023-10-10,29,19,10
2023-10-10,33,15,18
2023-10-10,28,13,15
2023-10-10,69,15,54
2023-10-10,79,29,50
2023-10-10,95,38,57
2023-10-10,34,13,21
2023-10-10,27,16,11
2023-10-10,4,3,1
2023-10-10,5,1,4
2023-10-10,7,3,4
2023-10-10,7,3,4
2023-10-11,1,1,0
2023-10-11,6,1,5
2023-10-11,1,1,0
2023-10-11,2,1,1
2023-10-11,2,2,0
2023-10-11,17,13,4
2023-10-11,38,24,14
2023-10-11,40,28,12
2023-10-11,48,36,12
2023-10-11,33,15,18
2023-10-11,28,18,10
2023-10-11,23,11,12
2023-10-11,37,25,12
2023-10-11,24,14,10
2023-10-11,39,24,15
2023-10-11,75,20,55
2023-10-11,74,20,54
2023-10-11,96,40,56
2023-10-11,42,19,23
2023-10-11,23,14,9
2023-10-11,16,12,4
2023-10-11,20,7,13
2023-10-11,13,8,5
2023-10-11,12,7,5
2023-10-12,6,2,4
2023-10-12,3,3,0
2023-10-12,1,1,0
2023-10-12,1,0,1
2023-10-12,0,0,0
2023-10-12,18,14,4
2023-10-12,32,18,14
2023-10-12,51,32,19
2023-10-12,91,55,36
2023-10-12,53,26,27
2023-10-12,24,12,12
2023-10-12,28,17,11
2023-10-12,42,20,22
2023-10-12,40,21,19
2023-10-12,67,33,34
2023-10-12,65,18,47
2023-10-12,98,30,68
2023-10-12,136,52,84
2023-10-12,67,29,38
2023-10-12,26,17,9
2023-10-12,17,8,9
2023-10-12,17,6,11
2023-10-12,18,10,8
2023-10-12,7,4,3
2023-10-13,9,6,3
2023-10-13,5,4,1
2023-10-13,3,1,2
2023-10-13,0,0,0
2023-10-13,2,0,2
2023-10-13,18,10,8
2023-10-13,32,25,7
2023-10-13,38,28,10
2023-10-13,65,39,26
2023-10-13,43,27,16
2023-10-13,29,13,16
2023-10-13,42,25,17
2023-10-13,39,22,17
2023-10-13,40,23,17
2023-10-13,46,16,30
2023-10-13,70,23,47
2023-10-13,74,23,51
2023-10-13,88,37,51
2023-10-13,33,13,20
2023-10-13,33,16,17
2023-10-13,23,12,11
2023-10-13,8,4,4
2023-10-13,11,6,5
2023-10-13,8,4,4
2023-10-14,9,4,5
2023-10-14,4,4,0
2023-10-14,8,5,3
2023-10-14,1,0,1
2023-10-14,1,1,0
2023-10-14,0,0,0
2023-10-14,5,1,4
2023-10-14,7,5,2
2023-10-14,18,9,9
2023-10-14,25,18,7
2023-10-14,48,16,32
2023-10-14,32,13,19
2023-10-14,51,27,24
2023-10-14,40,24,16
2023-10-14,36,16,20
2023-10-14,42,14,28
2023-10-14,41,30,11
2023-10-14,32,16,16
2023-10-14,26,12,14
2023-10-14,22,14,8
2023-10-14,20,6,14
2023-10-14,20,10,10
2023-10-14,14,5,9
2023-10-14,8,6,2
2023-10-15,6,5,1
2023-10-15,21,14,7
2023-10-15,5,3,2
2023-10-15,4,1,3
2023-10-15,0,0,0
2023-10-15,5,1,4
2023-10-15,3,2,1
2023-10-15,5,2,3
2023-10-15,19,8,11
2023-10-15,24,11,13
2023-10-15,27,12,15
2023-10-15,39,15,24
2023-10-15,23,13,10
2023-10-15,34,22,12
2023-10-15,29,18,11
2023-10-15,24,15,9
2023-10-15,14,8,6
2023-10-15,27,12,15
2023-10-15,19,13,6
2023-10-15,8,3,5
2023-10-15,12,7,5
2023-10-15,13,5,8
2023-10-15,4,2,2
2023-10-15,9,4,5
2023-10-16,6,5,1
2023-10-16,3,3,0
2023-10-16,4,3,1
2023-10-16,2,2,0
2023-10-16,1,0,1
2023-10-16,14,9,5
2023-10-16,35,28,7
2023-10-16,46,30,16
2023-10-16,52,41,11
2023-10-16,32,16,16
2023-10-16,17,8,9
2023-10-16,17,10,7
2023-10-16,16,9,7
2023-10-16,14,7,7
2023-10-16,33,13,20
2023-10-16,40,9,31
2023-10-16,57,17,40
2023-10-16,75,28,47
2023-10-16,26,6,20
2023-10-16,14,8,6
2023-10-16,13,5,8
2023-10-16,4,1,3
2023-10-16,10,6,4
2023-10-16,6,4,2
2023-10-17,1,1,0
2023-10-17,2,1,1
2023-10-17,0,0,0
2023-10-17,1,0,1
2023-10-17,0,0,0
2023-10-17,20,14,6
2023-10-17,42,31,11
2023-10-17,79,55,24
2023-10-17,89,65,24
2023-10-17,58,36,22
2023-10-17,32,21,11
2023-10-17,39,24,15
2023-10-17,43,23,20
2023-10-17,30,13,17
2023-10-17,52,23,29
2023-10-17,73,25,48
2023-10-17,102,26,76
2023-10-17,114,46,68
2023-10-17,53,21,32
2023-10-17,28,13,15
2023-10-17,24,12,12
2023-10-17,17,9,8
2023-10-17,13,8,5
2023-10-17,10,4,6
2023-10-18,4,3,1
2023-10-18,11,6,5
2023-10-18,1,0,1
2023-10-18,0,0,0
2023-10-18,2,0,2
2023-10-18,17,10,7
2023-10-18,35,27,8
2023-10-18,70,48,22
2023-10-18,98,65,33
2023-10-18,53,32,21
2023-10-18,31,16,15
2023-10-18,37,21,16
2023-10-18,41,19,22
2023-10-18,30,7,23
2023-10-18,51,24,27
2023-10-18,82,23,59
2023-10-18,119,29,90
2023-10-18,146,56,90
2023-10-18,52,24,28
2023-10-18,42,22,20
2023-10-18,22,9,13
2023-10-18,12,3,9
2023-10-18,16,10,6
2023-10-18,12,8,4
2023-10-19,4,1,3
2023-10-19,6,4,2
2023-10-19,2,2,0
2023-10-19,5,2,3
2023-10-19,2,0,2
2023-10-19,17,10,7
2023-10-19,45,32,13
2023-10-19,74,53,21
2023-10-19,108,70,38
2023-10-19,64,36,28
2023-10-19,39,22,17
2023-10-19,48,27,21
2023-10-19,40,26,14
2023-10-19,40,18,22
2023-10-19,56,21,35
2023-10-19,76,22,54
2023-10-19,112,28,84
2023-10-19,146,60,86
2023-10-19,58,25,33
2023-10-19,37,19,18
2023-10-19,27,13,14
2023-10-19,27,14,13
2023-10-19,13,2,11
2023-10-19,14,6,8
2023-10-20,4,2,2
2023-10-20,4,4,0
2023-10-20,2,0,2
2023-10-20,0,0,0
2023-10-20,3,1,2
2023-10-20,10,6,4
2023-10-20,23,18,5
2023-10-20,52,39,13
2023-10-20,61,41,20
2023-10-20,49,19,30
2023-10-20,32,17,15
2023-10-20,37,16,21
2023-10-20,36,17,19
2023-10-20,41,17,24
2023-10-20,52,19,33
2023-10-20,68,28,40
2023-10-20,104,40,64
2023-10-20,82,35,47
2023-10-20,75,23,52
2023-10-20,40,22,18
2023-10-20,26,12,14
2023-10-20,60,43,17
2023-10-20,15,10,5
2023-10-20,26,13,13
2023-10-21,9,4,5
2023-10-21,8,5,3
2023-10-21,9,5,4
2023-10-21,1,1,0
2023-10-21,0,0,0
2023-10-21,2,0,2
2023-10-21,7,3,4
2023-10-21,7,5,2
2023-10-21,22,9,13
2023-10-21,17,12,5
2023-10-21,28,8,20
2023-10-21,41,17,24
2023-10-21,38,20,18
2023-10-21,29,16,13
2023-10-21,48,21,27
2023-10-21,52,21,31
2023-10-21,32,17,15
2023-10-21,27,17,10
2023-10-21,30,13,17
2023-10-21,16,7,9
2023-10-21,11,8,3
2023-10-21,10,2,8
2023-10-21,14,3,11
2023-10-21,12,5,7
2023-10-22,8,7,1
2023-10-22,5,2,3
2023-10-22,4,1,3
2023-10-22,1,1,0
2023-10-22,1,1,0
2023-10-22,0,0,0
2023-10-22,2,2,0
2023-10-22,11,4,7
2023-10-22,15,6,9
2023-10-22,19,7,12
2023-10-22,36,15,21
2023-10-22,94,20,74
2023-10-22,117,18,99
2023-10-22,63,28,35
2023-10-22,32,12,20
2023-10-22,56,33,23
2023-10-22,251,218,33
2023-10-22,59,44,15
2023-10-22,44,27,17
2023-10-22,28,16,12
2023-10-22,25,10,15
2023-10-22,27,14,13
2023-10-22,14,7,7
2023-10-22,4,2,2
2023-10-23,8,2,6
2023-10-23,2,1,1
2023-10-23,2,2,0
2023-10-23,0,0,0
2023-10-23,0,0,0
2023-10-23,8,3,5
2023-10-23,31,21,10
2023-10-23,62,35,27
2023-10-23,62,41,21
2023-10-23,49,27,22
2023-10-23,32,15,17
2023-10-23,24,13,11
2023-10-23,33,14,19
2023-10-23,29,15,14
2023-10-23,29,12,17
2023-10-23,61,12,49
2023-10-23,86,28,58
2023-10-23,116,40,76
2023-10-23,47,24,23
2023-10-23,22,9,13
2023-10-23,20,11,9
2023-10-23,8,4,4
2023-10-23,12,5,7
2023-10-23,18,13,5
2023-10-24,3,0,3
2023-10-24,3,1,2
2023-10-24,2,0,2
2023-10-24,1,1,0
2023-10-24,1,0,1
2023-10-24,12,9,3
2023-10-24,42,28,14
2023-10-24,62,42,20
2023-10-24,81,55,26
2023-10-24,34,19,15
2023-10-24,30,18,12
2023-10-24,39,22,17
2023-10-24,38,16,22
2023-10-24,20,10,10
2023-10-24,39,12,27
2023-10-24,51,18,33
2023-10-24,77,17,60
2023-10-24,72,22,50
2023-10-24,38,13,25
2023-10-24,16,8,8
2023-10-24,7,3,4
2023-10-24,9,3,6
2023-10-24,6,4,2
2023-10-24,12,10,2
2023-10-25,1,0,1
2023-10-25,2,1,1
2023-10-25,3,0,3
2023-10-25,1,1,0
2023-10-25,1,0,1
2023-10-25,11,6,5
2023-10-25,29,18,11
2023-10-25,56,43,13
2023-10-25,61,36,25
2023-10-25,44,30,14
2023-10-25,27,15,12
2023-10-25,30,12,18
2023-10-25,46,20,26
2023-10-25,25,10,15
2023-10-25,49,15,34
2023-10-25,70,22,48
2023-10-25,91,22,69
2023-10-25,93,37,56
2023-10-25,57,19,38
2023-10-25,20,7,13
2023-10-25,10,4,6
2023-10-25,17,8,9
2023-10-25,11,6,5
2023-10-25,3,2,1
2023-10-26,2,0,2
2023-10-26,4,3,1
2023-10-26,0,0,0
2023-10-26,1,0,1
2023-10-26,1,0,1
2023-10-26,10,5,5
2023-10-26,40,30,10
2023-10-26,75,42,33
2023-10-26,66,44,22
2023-10-26,53,29,24
2023-10-26,35,19,16
2023-10-26,27,11,16
2023-10-26,40,20,20
2023-10-26,33,15,18
2023-10-26,57,19,38
2023-10-26,65,28,37
2023-10-26,94,24,70
2023-10-26,143,54,89
2023-10-26,63,22,41
2023-10-26,36,17,19
2023-10-26,15,3,12
2023-10-26,10,2,8
2023-10-26,10,3,7
2023-10-26,8,4,4
2023-10-27,7,3,4
2023-10-27,1,1,0
2023-10-27,1,0,1
2023-10-27,1,0,1
2023-10-27,1,0,1
2023-10-27,11,7,4
2023-10-27,22,19,3
2023-10-27,45,27,18
2023-10-27,41,19,22
2023-10-27,41,20,21
2023-10-27,16,10,6
2023-10-27,20,11,9
2023-10-27,33,16,17
2023-10-27,32,16,16
2023-10-27,51,20,31
2023-10-27,59,28,31
2023-10-27,83,24,59
2023-10-27,81,32,49
2023-10-27,42,13,29
2023-10-27,22,5,17
2023-10-27,13,7,6
2023-10-27,12,4,8
2023-10-27,10,4,6
2023-10-27,15,5,10
2023-10-28,13,10,3
2023-10-28,26,26,0
2023-10-28,17,14,3
2023-10-28,3,3,0
2023-10-28,1,1,0
2023-10-28,1,0,1
2023-10-28,4,2,2
2023-10-28,6,6,0
2023-10-28,10,2,8
2023-10-28,16,8,8
2023-10-28,15,12,3
2023-10-28,28,13,15
2023-10-28,36,15,21
2023-10-28,51,16,35
2023-10-28,59,31,28
2023-10-28,38,16,22
2023-10-28,25,16,9
2023-10-28,29,15,14
2023-10-28,27,9,18
2023-10-28,11,6,5
2023-10-28,23,13,10
2023-10-28,20,9,11
2023-10-28,8,3,5
2023-10-28,16,6,10
2023-10-29,41,33,8
2023-10-29,6,5,1
2023-10-29,4,3,1
2023-10-29,0,0,0
2023-10-29,2,0,2
2023-10-29,5,3,2
2023-10-29,3,2,1
2023-10-29,10,5,5
2023-10-29,16,6,10
2023-10-29,36,14,22
2023-10-29,53,8,45
2023-10-29,84,13,71
2023-10-29,106,12,94
2023-10-29,42,13,29
2023-10-29,32,21,11
2023-10-29,28,16,12
2023-10-29,153,136,17
2023-10-29,50,39,11
2023-10-29,24,15,9
2023-10-29,22,11,11
2023-10-29,17,8,9
2023-10-29,15,8,7
2023-10-29,7,3,4
2023-10-29,8,7,1
2023-10-30,4,2,2
2023-10-30,4,1,3
2023-10-30,3,1,2
2023-10-30,1,1,0
2023-10-30,2,0,2
2023-10-30,10,8,2
2023-10-30,24,15,9
2023-10-30,48,30,18
2023-10-30,68,45,23
2023-10-30,35,21,14
2023-10-30,26,15,11
2023-10-30,27,13,14
2023-10-30,33,17,16
2023-10-30,20,12,8
2023-10-30,42,15,27
2023-10-30,72,20,52
2023-10-30,93,26,67
2023-10-30,158,45,113
2023-10-30,51,12,39
2023-10-30,20,9,11
2023-10-30,83,72,11
2023-10-30,14,6,8
2023-10-30,13,7,6
2023-10-30,14,6,8
2023-10-31,2,0,2
2023-10-31,2,1,1
2023-10-31,0,0,0
2023-10-31,1,1,0
2023-10-31,2,0,2
2023-10-31,14,11,3
2023-10-31,33,20,13
2023-10-31,75,42,33
2023-10-31,89,60,29
2023-10-31,45,20,25
2023-10-31,36,26,10
2023-10-31,27,15,12
2023-10-31,34,14,20
2023-10-31,30,9,21
2023-10-31,45,18,27
2023-10-31,64,12,52
2023-10-31,114,27,87
2023-10-31,91,35,56
2023-10-31,27,10,17
2023-10-31,11,7,4
2023-10-31,12,3,9
2023-10-31,11,7,4
2023-10-31,10,7,3
2023-10-31,9,3,6
2023-11-01,5,3,2
2023-11-01,4,2,2
2023-11-01,3,1,2
2023-11-01,2,1,1
2023-11-01,1,0,1
2023-11-01,11,6,5
2023-11-01,29,20,9
2023-11-01,59,41,18
2023-11-01,62,33,29
2023-11-01,57,26,31
2023-11-01,20,13,7
2023-11-01,28,17,11
2023-11-01,29,9,20
2023-11-01,28,14,14
2023-11-01,41,15,26
2023-11-01,49,14,35
2023-11-01,88,22,66
2023-11-01,85,35,50
2023-11-01,49,22,27
2023-11-01,23,11,12
2023-11-01,5,4,1
2023-11-01,7,3,4
2023-11-01,5,2,3
2023-11-01,6,5,1
2023-11-02,0,0,0
2023-11-02,5,1,4
2023-11-02,0,0,0
2023-11-02,1,0,1
2023-11-02,1,0,1
2023-11-02,12,7,5
2023-11-02,28,24,4
2023-11-02,48,31,17
2023-11-02,35,23,12
2023-11-02,38,23,15
2023-11-02,25,17,8
2023-11-02,15,7,8
2023-11-02,25,12,13
2023-11-02,24,12,12
2023-11-02,38,17,21
2023-11-02,51,18,33
2023-11-02,74,24,50
2023-11-02,91,34,57
2023-11-02,49,24,25
2023-11-02,31,15,16
2023-11-02,11,5,6
2023-11-02,26,15,11
2023-11-02,9,4,5
2023-11-02,10,2,8
2023-11-03,5,2,3
2023-11-03,2,1,1
2023-11-03,0,0,0
2023-11-03,0,0,0
2023-11-03,1,0,1
2023-11-03,7,4,3
2023-11-03,30,27,3
2023-11-03,46,27,19
2023-11-03,54,27,27
2023-11-03,34,18,16
2023-11-03,44,22,22
2023-11-03,31,18,13
2023-11-03,35,24,11
2023-11-03,42,27,15
2023-11-03,46,21,25
2023-11-03,70,29,41
2023-11-03,77,20,57
2023-11-03,80,31,49
2023-11-03,40,12,28
2023-11-03,27,7,20
2023-11-03,16,9,7
2023-11-03,13,4,9
2023-11-03,11,7,4
2023-11-03,4,4,0
2023-11-04,2,1,1
2023-11-04,1,0,1
2023-11-04,1,0,1
2023-11-04,0,0,0
2023-11-04,1,0,1
2023-11-04,4,2,2
2023-11-04,3,3,0
2023-11-04,3,2,1
2023-11-04,6,3,3
2023-11-04,15,8,7
2023-11-04,4,4,0
2023-11-04,8,5,3
2023-11-04,23,8,15
2023-11-04,28,12,16
2023-11-04,19,14,5
2023-11-04,27,16,11
2023-11-04,25,12,13
2023-11-04,35,18,17
2023-11-04,32,20,12
2023-11-04,15,9,6
2023-11-04,25,13,12
2023-11-04,12,5,7
2023-11-04,10,5,5
2023-11-04,17,11,6
2023-11-05,23,13,10
2023-11-05,11,6,5
2023-11-05,3,2,1
2023-11-05,1,0,1
2023-11-05,3,3,0
2023-11-05,2,1,1
2023-11-05,1,0,1
2023-11-05,10,5,5
2023-11-05,11,6,5
2023-11-05,19,9,10
2023-11-05,19,9,10
2023-11-05,28,16,12
2023-11-05,31,14,17
2023-11-05,37,18,19
2023-11-05,31,11,20
2023-11-05,37,23,14
2023-11-05,26,17,9
2023-11-05,20,14,6
2023-11-05,9,1,8
2023-11-05,9,3,6
2023-11-05,2,2,0
2023-11-05,14,7,7
2023-11-05,11,4,7
2023-11-05,3,1,2
2023-11-06,1,1,0
2023-11-06,1,1,0
2023-11-06,1,1,0
2023-11-06,1,1,0
2023-11-06,0,0,0
2023-11-06,11,10,1
2023-11-06,25,20,5
2023-11-06,59,35,24
2023-11-06,48,33,15
2023-11-06,35,20,15
2023-11-06,18,10,8
2023-11-06,23,14,9
2023-11-06,17,8,9
2023-11-06,15,4,11
2023-11-06,31,11,20
2023-11-06,46,15,31
2023-11-06,61,21,40
2023-11-06,71,26,45
2023-11-06,29,10,19
2023-11-06,15,7,8
2023-11-06,10,7,3
2023-11-06,14,9,5
2023-11-06,9,5,4
2023-11-06,5,4,1
2023-11-07,1,0,1
2023-11-07,2,0,2
2023-11-07,2,2,0
2023-11-07,2,0,2
2023-11-07,1,1,0
2023-11-07,15,13,2
2023-11-07,38,27,11
2023-11-07,67,45,22
2023-11-07,78,47,31
2023-11-07,41,22,19
2023-11-07,26,12,14
2023-11-07,31,17,14
2023-11-07,34,22,12
2023-11-07,23,13,10
2023-11-07,40,10,30
2023-11-07,62,19,43
2023-11-07,104,29,75
2023-11-07,112,36,76
2023-11-07,42,14,28
2023-11-07,31,9,22
2023-11-07,12,5,7
2023-11-07,11,3,8
2023-11-07,4,2,2
2023-11-07,6,4,2
2023-11-08,0,0,0
2023-11-08,3,0,3
2023-11-08,1,1,0
2023-11-08,0,0,0
2023-11-08,3,0,3
2023-11-08,13,11,2
2023-11-08,32,25,7
2023-11-08,88,51,37
2023-11-08,93,64,29
2023-11-08,38,19,19
2023-11-08,32,16,16
2023-11-08,32,19,13
2023-11-08,30,12,18
2023-11-08,33,14,19
2023-11-08,43,11,32
2023-11-08,86,37,49
2023-11-08,150,42,108
2023-11-08,114,45,69
2023-11-08,47,16,31
2023-11-08,10,3,7
2023-11-08,10,4,6
2023-11-08,11,5,6
2023-11-08,11,2,9
2023-11-08,14,5,9
2023-11-09,6,1,5
2023-11-09,0,0,0
2023-11-09,1,1,0
2023-11-09,0,0,0
2023-11-09,1,0,1
2023-11-09,16,10,6
2023-11-09,24,15,9
2023-11-09,58,42,16
2023-11-09,70,31,39
2023-11-09,43,29,14
2023-11-09,26,12,14
2023-11-09,28,18,10
2023-11-09,36,14,22
2023-11-09,26,14,12
2023-11-09,45,15,30
2023-11-09,60,21,39
2023-11-09,66,13,53
2023-11-09,83,36,47
2023-11-09,35,12,23
2023-11-09,19,7,12
2023-11-09,12,9,3
2023-11-09,10,4,6
2023-11-09,12,4,8
2023-11-09,12,3,9
2023-11-10,7,1,6
2023-11-10,2,0,2
2023-11-10,5,4,1
2023-11-10,1,1,0
2023-11-10,2,1,1
2023-11-10,10,6,4
2023-11-10,20,15,5
2023-11-10,35,21,14
2023-11-10,41,21,20
2023-11-10,34,15,19
2023-11-10,26,16,10
2023-11-10,24,10,14
2023-11-10,27,10,17
2023-11-10,36,17,19
2023-11-10,48,17,31
2023-11-10,43,12,31
2023-11-10,56,20,36
2023-11-10,80,21,59
2023-11-10,77,20,57
2023-11-10,31,12,19
2023-11-10,18,10,8
2023-11-10,67,60,7
2023-11-10,17,11,6
2023-11-10,18,4,14
2023-11-11,5,2,3
2023-11-11,2,0,2
2023-11-11,4,1,3
2023-11-11,0,0,0
2023-11-11,0,0,0
2023-11-11,1,0,1
2023-11-11,8,6,2
2023-11-11,4,3,1
2023-11-11,14,9,5
2023-11-11,19,12,7
2023-11-11,23,9,14
2023-11-11,18,12,6
2023-11-11,27,12,15
2023-11-11,28,17,11
2023-11-11,36,18,18
2023-11-11,13,2,11
2023-11-11,34,17,17
2023-11-11,24,14,10
2023-11-11,21,16,5
2023-11-11,21,11,10
2023-11-11,20,9,11
2023-11-11,10,6,4
2023-11-11,23,3,20
2023-11-11,7,4,3
2023-11-12,10,2,8
2023-11-12,4,2,2
2023-11-12,3,0,3
2023-11-12,1,0,1
2023-11-12,2,2,0
2023-11-12,2,0,2
2023-11-12,5,3,2
2023-11-12,7,3,4
2023-11-12,20,11,9
2023-11-12,16,4,12
2023-11-12,52,12,40
2023-11-12,74,13,61
2023-11-12,71,9,62
2023-11-12,36,12,24
2023-11-12,24,9,15
2023-11-12,14,5,9
2023-11-12,82,73,9
2023-11-12,166,156,10
2023-11-12,16,7,9
2023-11-12,17,9,8
2023-11-12,8,4,4
2023-11-12,8,7,1
2023-11-12,3,0,3
2023-11-12,9,4,5
2023-11-13,3,1,2
2023-11-13,0,0,0
2023-11-13,3,3,0
2023-11-13,3,3,0
2023-11-13,0,0,0
2023-11-13,13,10,3
2023-11-13,22,18,4
2023-11-13,58,33,25
2023-11-13,60,42,18
2023-11-13,48,26,22
2023-11-13,17,13,4
2023-11-13,30,13,17
2023-11-13,21,7,14
2023-11-13,33,15,18
2023-11-13,50,18,32
2023-11-13,51,19,32
2023-11-13,90,25,65
2023-11-13,86,32,54
2023-11-13,37,16,21
2023-11-13,25,12,13
2023-11-13,19,5,14
2023-11-13,15,3,12
2023-11-13,7,3,4
2023-11-13,8,3,5
2023-11-14,1,0,1
2023-11-14,0,0,0
2023-11-14,2,1,1
2023-11-14,1,1,0
2023-11-14,2,1,1
2023-11-14,10,6,4
2023-11-14,35,24,11
2023-11-14,82,47,35
2023-11-14,82,52,30
2023-11-14,45,22,23
2023-11-14,22,12,10
2023-11-14,45,20,25
2023-11-14,31,18,13
2023-11-14,32,10,22
2023-11-14,55,23,32
2023-11-14,67,15,52
2023-11-14,98,30,68
2023-11-14,101,34,67
2023-11-14,65,20,45
2023-11-14,18,10,8
2023-11-14,20,6,14
2023-11-14,14,5,9
2023-11-14,9,4,5
2023-11-14,3,0,3
2023-11-15,4,1,3
2023-11-15,2,0,2
2023-11-15,2,1,1
2023-11-15,1,0,1
2023-11-15,1,0,1
2023-11-15,14,6,8
2023-11-15,27,22,5
2023-11-15,74,46,28
2023-11-15,87,58,29
2023-11-15,54,31,23
2023-11-15,21,13,8
2023-11-15,35,12,23
2023-11-15,33,13,20
2023-11-15,25,8,17
2023-11-15,45,20,25
2023-11-15,73,17,56
2023-11-15,106,30,76
2023-11-15,114,31,83
2023-11-15,45,19,26
2023-11-15,25,11,14
2023-11-15,17,8,9
2023-11-15,12,2,10
2023-11-15,5,2,3
2023-11-15,6,2,4
2023-11-16,4,2,2
2023-11-16,0,0,0
2023-11-16,1,0,1
2023-11-16,3,1,2
2023-11-16,1,0,1
2023-11-16,13,6,7
2023-11-16,30,24,6
2023-11-16,59,35,24
2023-11-16,71,43,28
2023-11-16,46,30,16
2023-11-16,28,14,14
2023-11-16,33,12,21
2023-11-16,32,18,14
2023-11-16,35,21,14
2023-11-16,62,26,36
2023-11-16,66,14,52
2023-11-16,92,22,70
2023-11-16,114,44,70
2023-11-16,56,21,35
2023-11-16,30,10,20
2023-11-16,18,8,10
2023-11-16,19,8,11
2023-11-16,17,5,12
2023-11-16,12,6,6
2023-11-17,5,1,4
2023-11-17,1,1,0
2023-11-17,3,2,1
2023-11-17,1,0,1
2023-11-17,1,0,1
2023-11-17,13,9,4
2023-11-17,21,17,4
2023-11-17,42,30,12
2023-11-17,43,20,23
2023-11-17,53,29,24
2023-11-17,15,7,8
2023-11-17,33,14,19
2023-11-17,29,17,12
2023-11-17,34,18,16
2023-11-17,48,16,32
2023-11-17,55,19,36
2023-11-17,76,18,58
2023-11-17,57,21,36
2023-11-17,36,13,23
2023-11-17,23,10,13
2023-11-17,11,4,7
2023-11-17,15,8,7
2023-11-17,10,6,4
2023-11-17,3,0,3
2023-11-18,6,1,5
2023-11-18,1,1,0
2023-11-18,8,4,4
2023-11-18,6,3,3
2023-11-18,0,0,0
2023-11-18,1,0,1
2023-11-18,4,1,3
2023-11-18,9,4,5
2023-11-18,14,8,6
2023-11-18,23,12,11
2023-11-18,23,6,17
2023-11-18,18,9,9
2023-11-18,21,7,14
2023-11-18,34,12,22
2023-11-18,29,13,16
2023-11-18,31,20,11
2023-11-18,8,3,5
2023-11-18,21,9,12
2023-11-18,20,7,13
2023-11-18,19,16,3
2023-11-18,11,6,5
2023-11-18,5,3,2
2023-11-18,7,4,3
2023-11-18,4,3,1
2023-11-19,5,2,3
2023-11-19,2,2,0
2023-11-19,4,1,3
2023-11-19,1,1,0
2023-11-19,0,0,0
2023-11-19,2,0,2
2023-11-19,2,1,1
2023-11-19,11,6,5
2023-11-19,5,3,2
2023-11-19,16,8,8
2023-11-19,15,6,9
2023-11-19,45,12,33
2023-11-19,14,9,5
2023-11-19,28,17,11
2023-11-19,15,9,6
2023-11-19,33,15,18
2023-11-19,28,11,17
2023-11-19,33,13,20
2023-11-19,13,5,8
2023-11-19,12,5,7
2023-11-19,6,3,3
2023-11-19,9,6,3
2023-11-19,4,2,2
2023-11-19,3,0,3
2023-11-20,4,1,3
2023-11-20,1,1,0
2023-11-20,2,0,2
2023-11-20,1,0,1
2023-11-20,0,0,0
2023-11-20,15,11,4
2023-11-20,27,20,7
2023-11-20,55,39,16
2023-11-20,49,27,22
2023-11-20,42,23,19
2023-11-20,14,7,7
2023-11-20,24,18,6
2023-11-20,25,13,12
2023-11-20,27,12,15
2023-11-20,37,10,27
2023-11-20,56,25,31
2023-11-20,77,17,60
2023-11-20,66,26,40
2023-11-20,37,16,21
2023-11-20,15,7,8
2023-11-20,10,5,5
2023-11-20,14,4,10
2023-11-20,9,4,5
2023-11-20,5,2,3
2023-11-21,3,1,2
2023-11-21,5,1,4
2023-11-21,0,0,0
2023-11-21,0,0,0
2023-11-21,1,0,1
2023-11-21,14,10,4
2023-11-21,24,14,10
2023-11-21,60,34,26
2023-11-21,73,42,31
2023-11-21,43,33,10
2023-11-21,26,15,11
2023-11-21,31,16,15
2023-11-21,24,9,15
2023-11-21,38,22,16
2023-11-21,60,21,39
2023-11-21,56,15,41
2023-11-21,81,26,55
2023-11-21,78,24,54
2023-11-21,37,16,21
2023-11-21,16,6,10
2023-11-21,18,9,9
2023-11-21,3,1,2
2023-11-21,9,3,6
2023-11-21,7,6,1
2023-11-22,4,0,4
2023-11-22,2,1,1
2023-11-22,0,0,0
2023-11-22,0,0,0
2023-11-22,1,0,1
2023-11-22,9,5,4
2023-11-22,24,14,10
2023-11-22,35,25,10
2023-11-22,33,22,11
2023-11-22,26,16,10
2023-11-22,19,10,9
2023-11-22,23,9,14
2023-11-22,20,11,9
2023-11-22,34,15,19
2023-11-22,49,19,30
2023-11-22,53,18,35
2023-11-22,47,15,32
2023-11-22,47,17,30
2023-11-22,26,11,15
2023-11-22,14,4,10
2023-11-22,13,7,6
2023-11-22,9,5,4
2023-11-22,10,3,7
2023-11-22,17,6,11
2023-11-23,4,1,3
2023-11-23,5,0,5
2023-11-23,4,1,3
2023-11-23,1,0,1
2023-11-23,0,0,0
2023-11-23,1,0,1
2023-11-23,1,0,1
2023-11-23,6,2,4
2023-11-23,6,3,3
2023-11-23,12,3,9
2023-11-23,14,6,8
2023-11-23,37,7,30
2023-11-23,34,7,27
2023-11-23,21,6,15
2023-11-23,37,10,27
2023-11-23,62,10,52
2023-11-23,64,8,56
2023-11-23,32,8,24
2023-11-23,11,10,1
2023-11-23,10,6,4
2023-11-23,149,141,8
2023-11-23,50,43,7
2023-11-23,7,4,3
2023-11-23,5,4,1
2023-11-24,4,2,2
2023-11-24,3,1,2
2023-11-24,4,3,1
2023-11-24,0,0,0
2023-11-24,2,0,2
2023-11-24,1,0,1
2023-11-24,5,5,0
2023-11-24,14,6,8
2023-11-24,11,6,5
2023-11-24,20,10,10
2023-11-24,25,13,12
2023-11-24,34,18,16
2023-11-24,26,14,12
2023-11-24,32,14,18
2023-11-24,25,11,14
2023-11-24,32,17,15
2023-11-24,29,10,19
2023-11-24,34,9,25
2023-11-24,28,12,16
2023-11-24,9,3,6
2023-11-24,7,5,2
2023-11-24,11,4,7
2023-11-24,8,3,5
2023-11-24,10,2,8
2023-11-25,7,1,6
2023-11-25,2,1,1
2023-11-25,3,1,2
2023-11-25,2,1,1
2023-11-25,2,1,1
2023-11-25,3,1,2
2023-11-25,3,2,1
2023-11-25,5,1,4
2023-11-25,15,11,4
2023-11-25,14,6,8
2023-11-25,24,17,7
2023-11-25,24,13,11
2023-11-25,22,6,16
2023-11-25,24,10,14
2023-11-25,37,19,18
2023-11-25,35,18,17
2023-11-25,30,14,16
2023-11-25,11,7,4
2023-11-25,20,7,13
2023-11-25,24,12,12
2023-11-25,13,9,4
2023-11-25,6,3,3
2023-11-25,13,7,6
2023-11-25,10,7,3
2023-11-26,4,0,4
2023-11-26,2,1,1
2023-11-26,1,0,1
2023-11-26,0,0,0
2023-11-26,0,0,0
2023-11-26,2,1,1
2023-11-26,0,0,0
2023-11-26,8,4,4
2023-11-26,6,2,4
2023-11-26,19,11,8
2023-11-26,10,6,4
2023-11-26,25,6,19
2023-11-26,22,8,14
2023-11-26,26,19,7
2023-11-26,19,7,12
2023-11-26,26,10,16
2023-11-26,32,12,20
2023-11-26,32,5,27
2023-11-26,60,14,46
2023-11-26,17,9,8
2023-11-26,13,10,3
2023-11-26,59,51,8
2023-11-26,7,3,4
2023-11-26,7,4,3
2023-11-27,3,2,1
2023-11-27,1,0,1
2023-11-27,2,0,2
2023-11-27,1,0,1
2023-11-27,0,0,0
2023-11-27,13,5,8
2023-11-27,25,16,9
2023-11-27,49,29,20
2023-11-27,47,28,19
2023-11-27,34,19,15
2023-11-27,22,13,9
2023-11-27,15,9,6
2023-11-27,15,4,11
2023-11-27,29,15,14
2023-11-27,39,19,20
2023-11-27,55,19,36
2023-11-27,75,15,60
2023-11-27,72,24,48
2023-11-27,39,16,23
2023-11-27,10,5,5
2023-11-27,14,8,6
2023-11-27,9,6,3
2023-11-27,8,6,2
2023-11-27,6,4,2
2023-11-28,0,0,0
2023-11-28,2,1,1
2023-11-28,1,0,1
2023-11-28,0,0,0
2023-11-28,1,0,1
2023-11-28,14,10,4
2023-11-28,27,19,8
2023-11-28,58,31,27
2023-11-28,62,40,22
2023-11-28,50,32,18
2023-11-28,22,12,10
2023-11-28,18,7,11
2023-11-28,22,7,15
2023-11-28,34,19,15
2023-11-28,47,18,29
2023-11-28,63,16,47
2023-11-28,76,24,52
2023-11-28,87,31,56
2023-11-28,44,18,26
2023-11-28,14,7,7
2023-11-28,13,6,7
2023-11-28,5,2,3
2023-11-28,6,2,4
2023-11-28,6,4,2
2023-11-29,2,1,1
2023-11-29,4,3,1
2023-11-29,4,1,3
2023-11-29,1,1,0
2023-11-29,2,1,1
2023-11-29,10,5,5
2023-11-29,41,32,9
2023-11-29,50,31,19
2023-11-29,65,42,23
2023-11-29,41,22,19
2023-11-29,21,12,9
2023-11-29,34,24,10
2023-11-29,33,17,16
2023-11-29,27,9,18
2023-11-29,47,20,27
2023-11-29,52,10,42
2023-11-29,76,22,54
2023-11-29,92,28,64
2023-11-29,44,13,31
2023-11-29,21,10,11
2023-11-29,15,6,9
2023-11-29,14,3,11
2023-11-29,7,4,3
2023-11-29,2,1,1
2023-11-30,5,3,2
2023-11-30,1,1,0
2023-11-30,0,0,0
2023-11-30,1,0,1
2023-11-30,1,0,1
2023-11-30,12,8,4
2023-11-30,24,19,5
2023-11-30,50,29,21
2023-11-30,69,45,24
2023-11-30,26,20,6
2023-11-30,21,10,11
2023-11-30,22,12,10
2023-11-30,27,12,15
2023-11-30,28,10,18
2023-11-30,33,4,29
2023-11-30,49,17,32
2023-11-30,64,17,47
2023-11-30,61,16,45
2023-11-30,30,9,21
2023-11-30,20,6,14
2023-11-30,14,3,11
2023-11-30,7,3,4
2023-11-30,9,5,4
2023-11-30,1,0,1
2023-12-01,1,0,1
2023-12-01,2,1,1
2023-12-01,0,0,0
2023-12-01,1,0,1
2023-12-01,0,0,0
2023-12-01,10,6,4
2023-12-01,11,10,1
2023-12-01,27,20,7
2023-12-01,34,19,15
2023-12-01,27,14,13
2023-12-01,19,11,8
2023-12-01,11,5,6
2023-12-01,20,12,8
2023-12-01,17,7,10
2023-12-01,31,9,22
2023-12-01,35,12,23
2023-12-01,50,16,34
2023-12-01,45,21,24
2023-12-01,25,6,19
2023-12-01,20,11,9
2023-12-01,5,2,3
2023-12-01,12,5,7
2023-12-01,5,3,2
2023-12-01,7,4,3
2023-12-02,3,1,2
2023-12-02,0,0,0
2023-12-02,2,1,1
2023-12-02,1,0,1
2023-12-02,0,0,0
2023-12-02,2,0,2
2023-12-02,1,1,0
2023-12-02,4,2,2
2023-12-02,8,5,3
2023-12-02,8,4,4
2023-12-02,27,15,12
2023-12-02,18,5,13
2023-12-02,61,8,53
2023-12-02,31,15,16
2023-12-02,25,9,16
2023-12-02,26,9,17
2023-12-02,12,5,7
2023-12-02,27,13,14
2023-12-02,21,10,11
2023-12-02,12,8,4
2023-12-02,9,2,7
2023-12-02,12,5,7
2023-12-02,11,6,5
2023-12-02,8,4,4
2023-12-03,6,1,5
2023-12-03,2,2,0
2023-12-03,3,1,2
2023-12-03,3,2,1
2023-12-03,1,1,0
2023-12-03,0,0,0
2023-12-03,1,0,1
2023-12-03,7,3,4
2023-12-03,0,0,0
2023-12-03,6,4,2
2023-12-03,13,5,8
2023-12-03,6,5,1
2023-12-03,10,6,4
2023-12-03,17,6,11
2023-12-03,17,10,7
2023-12-03,21,16,5
2023-12-03,11,4,7
2023-12-03,16,7,9
2023-12-03,15,7,8
2023-12-03,11,7,4
2023-12-03,13,7,6
2023-12-03,6,2,4
2023-12-03,7,5,2
2023-12-03,5,1,4
2023-12-04,4,2,2
2023-12-04,0,0,0
2023-12-04,2,0,2
2023-12-04,1,1,0
2023-12-04,1,0,1
2023-12-04,9,8,1
2023-12-04,25,14,11
2023-12-04,46,29,17
2023-12-04,33,19,14
2023-12-04,21,12,9
2023-12-04,12,6,6
2023-12-04,10,6,4
2023-12-04,11,8,3
2023-12-04,14,7,7
2023-12-04,33,18,15
2023-12-04,28,12,16
2023-12-04,52,13,39
2023-12-04,60,19,41
2023-12-04,17,9,8
2023-12-04,7,4,3
2023-12-04,7,3,4
2023-12-04,9,4,5
2023-12-04,1,1,0
2023-12-04,6,1,5
2023-12-05,2,1,1
2023-12-05,0,0,0
2023-12-05,0,0,0
2023-12-05,1,0,1
2023-12-05,0,0,0
2023-12-05,10,8,2
2023-12-05,21,11,10
2023-12-05,43,32,11
2023-12-05,48,39,9
2023-12-05,17,11,6
2023-12-05,17,8,9
2023-12-05,11,7,4
2023-12-05,18,6,12
2023-12-05,18,7,11
2023-12-05,23,12,11
2023-12-05,22,6,16
2023-12-05,60,15,45
2023-12-05,54,16,38
2023-12-05,16,7,9
2023-12-05,4,3,1
2023-12-05,9,5,4
2023-12-05,5,4,1
2023-12-05,8,3,5
2023-12-05,2,2,0
2023-12-06,2,2,0
2023-12-06,3,1,2
2023-12-06,0,0,0
2023-12-06,0,0,0
2023-12-06,1,0,1
2023-12-06,7,6,1
2023-12-06,34,27,7
2023-12-06,45,32,13
2023-12-06,59,35,24
2023-12-06,41,26,15
2023-12-06,15,11,4
2023-12-06,23,12,11
2023-12-06,21,12,9
2023-12-06,28,8,20
2023-12-06,38,19,19
2023-12-06,42,13,29
2023-12-06,66,19,47
2023-12-06,62,22,40
2023-12-06,34,13,21
2023-12-06,15,9,6
2023-12-06,15,7,8
2023-12-06,8,2,6
2023-12-06,7,6,1
2023-12-06,5,2,3
2023-12-07,5,1,4
2023-12-07,3,0,3
2023-12-07,0,0,0
2023-12-07,2,1,1
2023-12-07,1,0,1
2023-12-07,13,11,2
2023-12-07,29,24,5
2023-12-07,35,22,13
2023-12-07,33,26,7
2023-12-07,19,10,9
2023-12-07,16,9,7
2023-12-07,15,6,9
2023-12-07,21,7,14
2023-12-07,14,7,7
2023-12-07,32,9,23
2023-12-07,32,12,20
2023-12-07,62,17,45
2023-12-07,76,20,56
2023-12-07,37,12,25
2023-12-07,12,4,8
2023-12-07,16,4,12
2023-12-07,11,3,8
2023-12-07,15,2,13
2023-12-07,4,1,3
2023-12-08,10,4,6
2023-12-08,0,0,0
2023-12-08,1,1,0
2023-12-08,0,0,0
2023-12-08,2,0,2
2023-12-08,13,7,6
2023-12-08,17,14,3
2023-12-08,33,19,14
2023-12-08,37,27,10
2023-12-08,21,10,11
2023-12-08,20,9,11
2023-12-08,28,12,16
2023-12-08,28,11,17
2023-12-08,31,10,21
2023-12-08,35,15,20
2023-12-08,56,16,40
2023-12-08,68,20,48
2023-12-08,58,20,38
2023-12-08,37,15,22
2023-12-08,18,8,10
2023-12-08,15,10,5
2023-12-08,12,8,4
2023-12-08,15,8,7
2023-12-08,15,9,6
2023-12-09,7,2,5
2023-12-09,5,2,3
2023-12-09,10,6,4
2023-12-09,1,0,1
2023-12-09,2,1,1
2023-12-09,1,0,1
2023-12-09,1,1,0
2023-12-09,4,2,2
2023-12-09,11,6,5
2023-12-09,16,5,11
2023-12-09,6,4,2
2023-12-09,3,0,3
2023-12-09,7,2,5
2023-12-09,6,2,4
2023-12-09,10,3,7
2023-12-09,13,6,7
2023-12-09,7,0,7
2023-12-09,18,11,7
2023-12-09,14,2,12
2023-12-09,8,3,5
2023-12-09,8,3,5
2023-12-09,6,1,5
2023-12-09,13,6,7
2023-12-09,8,6,2
2023-12-10,4,0,4
2023-12-10,8,2,6
2023-12-10,1,0,1
2023-12-10,0,0,0
2023-12-10,1,1,0
2023-12-10,2,0,2
2023-12-10,0,0,0
2023-12-10,6,1,5
2023-12-10,8,6,2
2023-12-10,12,5,7
2023-12-10,12,9,3
2023-12-10,38,17,21
2023-12-10,20,6,14
2023-12-10,20,11,9
2023-12-10,43,18,25
2023-12-10,31,16,15
2023-12-10,29,19,10
2023-12-10,23,17,6
2023-12-10,23,12,11
2023-12-10,9,4,5
2023-12-10,24,5,19
2023-12-10,10,1,9
2023-12-10,5,1,4
2023-12-10,8,3,5
2023-12-11,2,2,0
2023-12-11,2,1,1
2023-12-11,0,0,0
2023-12-11,1,1,0
2023-12-11,0,0,0
2023-12-11,11,6,5
2023-12-11,23,18,5
2023-12-11,48,30,18
2023-12-11,57,35,22
2023-12-11,33,21,12
2023-12-11,22,10,12
2023-12-11,14,7,7
2023-12-11,18,10,8
2023-12-11,27,11,16
2023-12-11,21,8,13
2023-12-11,51,17,34
2023-12-11,62,15,47
2023-12-11,80,28,52
2023-12-11,30,12,18
2023-12-11,26,14,12
2023-12-11,12,6,6
2023-12-11,10,5,5
2023-12-11,4,1,3
2023-12-11,5,2,3
2023-12-12,3,1,2
2023-12-12,2,1,1
2023-12-12,1,1,0
2023-12-12,0,0,0
2023-12-12,3,2,1
2023-12-12,19,11,8
2023-12-12,33,22,11
2023-12-12,58,31,27
2023-12-12,71,44,27
2023-12-12,41,24,17
2023-12-12,24,16,8
2023-12-12,26,15,11
2023-12-12,29,12,17
2023-12-12,27,5,22
2023-12-12,43,19,24
2023-12-12,57,19,38
2023-12-12,77,25,52
2023-12-12,99,38,61
2023-12-12,47,10,37
2023-12-12,22,5,17
2023-12-12,9,4,5
2023-12-12,8,0,8
2023-12-12,7,3,4
2023-12-12,10,4,6
2023-12-13,5,2,3
2023-12-13,4,1,3
2023-12-13,0,0,0
2023-12-13,1,1,0
2023-12-13,2,1,1
2023-12-13,13,6,7
2023-12-13,31,20,11
2023-12-13,49,28,21
2023-12-13,55,32,23
2023-12-13,42,21,21
2023-12-13,27,22,5
2023-12-13,31,11,20
2023-12-13,33,17,16
2023-12-13,36,8,28
2023-12-13,39,9,30
2023-12-13,60,18,42
2023-12-13,82,16,66
2023-12-13,78,31,47
2023-12-13,45,21,24
2023-12-13,19,5,14
2023-12-13,16,11,5
2023-12-13,12,9,3
2023-12-13,13,10,3
2023-12-13,7,5,2
2023-12-14,2,2,0
2023-12-14,1,0,1
2023-12-14,0,0,0
2023-12-14,1,0,1
2023-12-14,2,0,2
2023-12-14,14,9,5
2023-12-14,24,19,5
2023-12-14,34,21,13
2023-12-14,46,31,15
2023-12-14,26,17,9
2023-12-14,15,8,7
2023-12-14,24,12,12
2023-12-14,23,10,13
2023-12-14,24,10,14
2023-12-14,32,12,20
2023-12-14,50,14,36
2023-12-14,60,14,46
2023-12-14,82,30,52
2023-12-14,40,20,20
2023-12-14,20,11,9
2023-12-14,18,10,8
2023-12-14,11,6,5
2023-12-14,14,6,8
2023-12-14,8,2,6
2023-12-15,4,2,2
2023-12-15,1,1,0
2023-12-15,2,1,1
2023-12-15,1,0,1
2023-12-15,1,1,0
2023-12-15,8,4,4
2023-12-15,17,15,2
2023-12-15,28,20,8
2023-12-15,30,18,12
2023-12-15,37,15,22
2023-12-15,19,11,8
2023-12-15,25,12,13
2023-12-15,16,6,10
2023-12-15,40,18,22
2023-12-15,43,14,29
2023-12-15,60,24,36
2023-12-15,68,28,40
2023-12-15,59,28,31
2023-12-15,31,17,14
2023-12-15,20,8,12
2023-12-15,16,6,10
2023-12-15,16,7,9
2023-12-15,13,5,8
2023-12-15,13,5,8
2023-12-16,11,6,5
2023-12-16,3,1,2
2023-12-16,3,0,3
2023-12-16,2,2,0
2023-12-16,2,2,0
2023-12-16,0,0,0
2023-12-16,3,1,2
2023-12-16,4,2,2
2023-12-16,9,6,3
2023-12-16,17,7,10
2023-12-16,13,6,7
2023-12-16,31,10,21
2023-12-16,31,15,16
2023-12-16,41,13,28
2023-12-16,44,20,24
2023-12-16,31,9,22
2023-12-16,29,13,16
2023-12-16,19,10,9
2023-12-16,28,6,22
2023-12-16,28,13,15
2023-12-16,19,9,10
2023-12-16,12,5,7
2023-12-16,12,6,6
2023-12-16,11,3,8
2023-12-17,16,6,10
2023-12-17,8,5,3
2023-12-17,3,2,1
2023-12-17,2,0,2
2023-12-17,1,0,1
2023-12-17,2,1,1
2023-12-17,1,0,1
2023-12-17,7,4,3
2023-12-17,14,7,7
2023-12-17,20,11,9
2023-12-17,20,14,6
2023-12-17,46,9,37
2023-12-17,34,22,12
2023-12-17,61,32,29
2023-12-17,24,5,19
2023-12-17,32,12,20
2023-12-17,26,13,13
2023-12-17,27,12,15
2023-12-17,23,9,14
2023-12-17,20,11,9
2023-12-17,8,4,4
2023-12-17,5,1,4
2023-12-17,13,9,4
2023-12-17,3,1,2
2023-12-18,2,0,2
2023-12-18,2,2,0
2023-12-18,1,0,1
2023-12-18,1,0,1
2023-12-18,0,0,0
2023-12-18,15,10,5
2023-12-18,18,12,6
2023-12-18,38,24,14
2023-12-18,46,28,18
2023-12-18,35,15,20
2023-12-18,26,12,14
2023-12-18,34,14,20
2023-12-18,31,11,20
2023-12-18,36,12,24
2023-12-18,55,16,39
2023-12-18,63,9,54
2023-12-18,93,10,83
2023-12-18,82,16,66
2023-12-18,21,8,13
2023-12-18,29,18,11
2023-12-18,186,168,18
2023-12-18,64,51,13
2023-12-18,16,11,5
2023-12-18,13,8,5
2023-12-19,8,5,3
2023-12-19,2,0,2
2023-12-19,2,1,1
2023-12-19,1,1,0
2023-12-19,0,0,0
2023-12-19,14,7,7
2023-12-19,23,15,8
2023-12-19,44,28,16
2023-12-19,39,26,13
2023-12-19,40,28,12
2023-12-19,25,7,18
2023-12-19,32,19,13
2023-12-19,15,5,10
2023-12-19,16,8,8
2023-12-19,37,16,21
2023-12-19,43,17,26
2023-12-19,58,20,38
2023-12-19,56,22,34
2023-12-19,33,11,22
2023-12-19,10,5,5
2023-12-19,20,9,11
2023-12-19,9,3,6
2023-12-19,12,3,9
2023-12-19,4,4,0
2023-12-20,3,0,3
2023-12-20,5,0,5
2023-12-20,2,0,2
2023-12-20,1,0,1
2023-12-20,1,1,0
2023-12-20,7,4,3
2023-12-20,24,15,9
2023-12-20,37,26,11
2023-12-20,42,25,17
2023-12-20,24,19,5
2023-12-20,25,15,10
2023-12-20,25,11,14
2023-12-20,24,11,13
2023-12-20,31,11,20
2023-12-20,28,7,21
2023-12-20,58,19,39
2023-12-20,59,16,43
2023-12-20,74,29,45
2023-12-20,32,9,23
2023-12-20,14,6,8
2023-12-20,11,6,5
2023-12-20,6,3,3
2023-12-20,3,2,1
2023-12-20,5,3,2
2023-12-21,1,0,1
2023-12-21,3,0,3
2023-12-21,0,0,0
2023-12-21,0,0,0
2023-12-21,1,0,1
2023-12-21,7,6,1
2023-12-21,16,7,9
2023-12-21,32,23,9
2023-12-21,33,22,11
2023-12-21,25,17,8
2023-12-21,19,9,10
2023-12-21,21,11,10
2023-12-21,21,9,12
2023-12-21,21,6,15
2023-12-21,29,11,18
2023-12-21,46,16,30
2023-12-21,64,16,48
2023-12-21,71,25,46
2023-12-21,32,14,18
2023-12-21,8,3,5
2023-12-21,13,5,8
2023-12-21,6,3,3
2023-12-21,12,6,6
2023-12-21,8,3,5
2023-12-22,6,2,4
2023-12-22,6,1,5
2023-12-22,1,0,1
2023-12-22,1,1,0
2023-12-22,0,0,0
2023-12-22,8,4,4
2023-12-22,17,13,4
2023-12-22,20,14,6
2023-12-22,8,6,2
2023-12-22,8,5,3
2023-12-22,8,4,4
2023-12-22,13,8,5
2023-12-22,18,8,10
2023-12-22,10,4,6
2023-12-22,17,8,9
2023-12-22,24,11,13
2023-12-22,40,16,24
2023-12-22,24,10,14
2023-12-22,11,4,7
2023-12-22,10,4,6
2023-12-22,16,3,13
2023-12-22,8,1,7
2023-12-22,7,5,2
2023-12-22,6,4,2
2023-12-23,4,2,2
2023-12-23,3,1,2
2023-12-23,2,0,2
2023-12-23,1,1,0
2023-12-23,0,0,0
2023-12-23,3,1,2
2023-12-23,1,1,0
2023-12-23,2,2,0
2023-12-23,10,5,5
2023-12-23,10,8,2
2023-12-23,20,10,10
2023-12-23,18,6,12
2023-12-23,22,7,15
2023-12-23,22,10,12
2023-12-23,25,13,12
2023-12-23,26,10,16
2023-12-23,26,9,17
2023-12-23,23,11,12
2023-12-23,12,2,10
2023-12-23,10,3,7
2023-12-23,6,3,3
2023-12-23,9,6,3
2023-12-23,8,5,3
2023-12-23,11,3,8
2023-12-24,8,4,4
2023-12-24,3,2,1
2023-12-24,0,0,0
2023-12-24,0,0,0
2023-12-24,0,0,0
2023-12-24,0,0,0
2023-12-24,0,0,0
2023-12-24,7,4,3
2023-12-24,1,1,0
2023-12-24,8,7,1
2023-12-24,9,5,4
2023-12-24,34,5,29
2023-12-24,15,10,5
2023-12-24,15,5,10
2023-12-24,19,12,7
2023-12-24,20,9,11
2023-12-24,15,5,10
2023-12-24,17,7,10
2023-12-24,13,6,7
2023-12-24,6,3,3
2023-12-24,6,4,2
2023-12-24,8,6,2
2023-12-24,3,1,2
2023-12-24,2,1,1
2023-12-25,5,5,0
2023-12-25,1,1,0
2023-12-25,1,0,1
2023-12-25,0,0,0
2023-12-25,1,0,1
2023-12-25,0,0,0
2023-12-25,0,0,0
2023-12-25,2,2,0
2023-12-25,4,1,3
2023-12-25,2,1,1
2023-12-25,5,2,3
2023-12-25,1,1,0
2023-12-25,6,3,3
2023-12-25,2,1,1
2023-12-25,3,1,2
2023-12-25,4,3,1
2023-12-25,4,3,1
2023-12-25,0,0,0
2023-12-25,5,4,1
2023-12-25,3,2,1
2023-12-25,3,0,3
2023-12-25,3,3,0
2023-12-25,4,0,4
2023-12-25,1,0,1
2023-12-26,1,1,0
2023-12-26,0,0,0
2023-12-26,0,0,0
2023-12-26,1,0,1
2023-12-26,0,0,0
2023-12-26,9,4,5
2023-12-26,13,11,2
2023-12-26,17,10,7
2023-12-26,16,5,11
2023-12-26,13,5,8
2023-12-26,14,10,4
2023-12-26,10,3,7
2023-12-26,29,13,16
2023-12-26,26,10,16
2023-12-26,33,13,20
2023-12-26,36,19,17
2023-12-26,46,24,22
2023-12-26,24,15,9
2023-12-26,16,8,8
2023-12-26,8,5,3
2023-12-26,13,3,10
2023-12-26,12,5,7
2023-12-26,6,2,4
2023-12-26,9,4,5
2023-12-27,4,1,3
2023-12-27,4,2,2
2023-12-27,0,0,0
2023-12-27,1,1,0
2023-12-27,0,0,0
2023-12-27,7,3,4
2023-12-27,15,12,3
2023-12-27,24,15,9
2023-12-27,25,15,10
2023-12-27,15,10,5
2023-12-27,10,7,3
2023-12-27,19,6,13
2023-12-27,24,18,6
2023-12-27,31,12,19
2023-12-27,28,14,14
2023-12-27,34,11,23
2023-12-27,35,10,25
2023-12-27,34,23,11
2023-12-27,19,7,12
2023-12-27,3,3,0
2023-12-27,11,6,5
2023-12-27,6,3,3
2023-12-27,6,3,3
2023-12-27,6,4,2
2023-12-28,0,0,0
2023-12-28,2,1,1
2023-12-28,2,1,1
2023-12-28,1,0,1
2023-12-28,1,1,0
2023-12-28,13,8,5
2023-12-28,17,11,6
2023-12-28,26,14,12
2023-12-28,17,12,5
2023-12-28,21,13,8
2023-12-28,14,11,3
2023-12-28,18,13,5
2023-12-28,18,9,9
2023-12-28,22,11,11
2023-12-28,17,7,10
2023-12-28,23,9,14
2023-12-28,35,13,22
2023-12-28,44,17,27
2023-12-28,23,11,12
2023-12-28,14,8,6
2023-12-28,13,8,5
2023-12-28,7,4,3
2023-12-28,5,2,3
2023-12-28,7,2,5
2023-12-29,3,1,2
2023-12-29,2,1,1
2023-12-29,0,0,0
2023-12-29,0,0,0
2023-12-29,0,0,0
2023-12-29,8,5,3
2023-12-29,21,13,8
2023-12-29,22,13,9
2023-12-29,24,15,9
2023-12-29,23,13,10
2023-12-29,32,20,12
2023-12-29,35,21,14
2023-12-29,30,12,18
2023-12-29,32,12,20
2023-12-29,34,16,18
2023-12-29,37,14,23
2023-12-29,41,15,26
2023-12-29,42,17,25
2023-12-29,35,21,14
2023-12-29,15,10,5
2023-12-29,25,19,6
2023-12-29,14,8,6
2023-12-29,22,13,9
2023-12-29,8,6,2
2023-12-30,8,5,3
2023-12-30,2,1,1
2023-12-30,3,0,3
2023-12-30,3,2,1
2023-12-30,1,1,0
2023-12-30,0,0,0
2023-12-30,4,1,3
2023-12-30,9,4,5
2023-12-30,10,6,4
2023-12-30,11,7,4
2023-12-30,7,5,2
2023-12-30,14,11,3
2023-12-30,12,6,6
2023-12-30,11,6,5
2023-12-30,16,12,4
2023-12-30,24,9,15
2023-12-30,24,14,10
2023-12-30,26,15,11
2023-12-30,19,9,10
2023-12-30,15,5,10
2023-12-30,22,9,13
2023-12-30,26,15,11
2023-12-30,8,3,5
2023-12-30,14,8,6
2023-12-31,9,5,4
2023-12-31,5,2,3
2023-12-31,1,0,1
2023-12-31,1,0,1
2023-12-31,0,0,0
2023-12-31,1,1,0
2023-12-31,0,0,0
2023-12-31,12,5,7
2023-12-31,14,4,10
2023-12-31,35,9,26
2023-12-31,40,9,31
2023-12-31,73,11,62
2023-12-31,97,20,77
2023-12-31,33,14,19
2023-12-31,33,18,15
2023-12-31,39,23,16
2023-12-31,135,111,24
2023-12-31,68,45,23
2023-12-31,28,19,9
2023-12-31,18,13,5
2023-12-31,20,14,6
2023-12-31,21,11,10
2023-12-31,8,4,4
2023-12-31,18,14,4
