date,broadway_cycle_track_north_of_e_union_st_total,nb,sb
2019-01-01,5,2,3
2019-01-01,15,4,11
2019-01-01,3,1,2
2019-01-01,0,0,0
2019-01-01,1,0,1
2019-01-01,1,0,1
2019-01-01,1,1,0
2019-01-01,1,1,0
2019-01-01,4,2,2
2019-01-01,1,1,0
2019-01-01,6,1,5
2019-01-01,2,2,0
2019-01-01,7,5,2
2019-01-01,12,5,7
2019-01-01,15,6,9
2019-01-01,10,5,5
2019-01-01,15,9,6
2019-01-01,10,1,9
2019-01-01,11,6,5
2019-01-01,3,1,2
2019-01-01,3,2,1
2019-01-01,8,1,7
2019-01-01,1,1,0
2019-01-01,2,2,0
2019-01-02,1,0,1
2019-01-02,1,0,1
2019-01-02,0,0,0
2019-01-02,0,0,0
2019-01-02,2,0,2
2019-01-02,3,1,2
2019-01-02,4,0,4
2019-01-02,14,1,13
2019-01-02,24,7,17
2019-01-02,18,8,10
2019-01-02,14,6,8
2019-01-02,12,2,10
2019-01-02,13,6,7
2019-01-02,13,8,5
2019-01-02,14,4,10
2019-01-02,15,10,5
2019-01-02,28,17,11
2019-01-02,36,28,8
2019-01-02,26,13,13
2019-01-02,21,9,12
2019-01-02,14,3,11
2019-01-02,4,0,4
2019-01-02,2,1,1
2019-01-02,4,3,1
2019-01-03,7,3,4
2019-01-03,4,2,2
2019-01-03,1,1,0
2019-01-03,0,0,0
2019-01-03,1,0,1
2019-01-03,3,0,3
2019-01-03,7,0,7
2019-01-03,13,2,11
2019-01-03,16,7,9
2019-01-03,9,4,5
2019-01-03,8,4,4
2019-01-03,11,6,5
2019-01-03,8,1,7
2019-01-03,10,5,5
2019-01-03,13,6,7
2019-01-03,15,8,7
2019-01-03,20,14,6
2019-01-03,23,16,7
2019-01-03,24,11,13
2019-01-03,11,6,5
2019-01-03,7,3,4
2019-01-03,7,2,5
2019-01-03,6,2,4
2019-01-03,4,3,1
2019-01-04,2,0,2
2019-01-04,1,1,0
2019-01-04,1,0,1
2019-01-04,0,0,0
2019-01-04,3,0,3
2019-01-04,6,1,5
2019-01-04,7,0,7
2019-01-04,16,3,13
2019-01-04,18,2,16
2019-01-04,24,15,9
2019-01-04,9,3,6
2019-01-04,18,11,7
2019-01-04,10,4,6
2019-01-04,15,9,6
2019-01-04,12,6,6
2019-01-04,8,5,3
2019-01-04,27,21,6
2019-01-04,41,29,12
2019-01-04,32,13,19
2019-01-04,28,16,12
2019-01-04,12,8,4
2019-01-04,6,1,5
2019-01-04,7,3,4
2019-01-04,7,4,3
2019-01-05,6,4,2
2019-01-05,5,3,2
2019-01-05,0,0,0
2019-01-05,0,0,0
2019-01-05,0,0,0
2019-01-05,2,1,1
2019-01-05,3,0,3
2019-01-05,6,1,5
2019-01-05,6,2,4
2019-01-05,9,3,6
2019-01-05,9,0,9
2019-01-05,14,8,6
2019-01-05,7,4,3
2019-01-05,17,8,9
2019-01-05,18,9,9
2019-01-05,22,11,11
2019-01-05,14,7,7
2019-01-05,7,5,2
2019-01-05,11,4,7
2019-01-05,11,5,6
2019-01-05,7,5,2
2019-01-05,6,2,4
2019-01-05,4,1,3
2019-01-05,3,2,1
2019-01-06,5,1,4
2019-01-06,3,1,2
2019-01-06,0,0,0
2019-01-06,2,0,2
2019-01-06,0,0,0
2019-01-06,0,0,0
2019-01-06,5,0,5
2019-01-06,4,3,1
2019-01-06,3,2,1
2019-01-06,1,1,0
2019-01-06,8,3,5
2019-01-06,8,4,4
2019-01-06,7,3,4
2019-01-06,11,5,6
2019-01-06,20,11,9
2019-01-06,8,3,5
2019-01-06,12,5,7
2019-01-06,9,3,6
2019-01-06,14,5,9
2019-01-06,6,3,3
2019-01-06,7,5,2
2019-01-06,0,0,0
2019-01-06,5,0,5
2019-01-06,3,1,2
2019-01-07,1,0,1
2019-01-07,1,0,1
2019-01-07,1,0,1
2019-01-07,0,0,0
2019-01-07,1,0,1
2019-01-07,4,0,4
2019-01-07,8,1,7
2019-01-07,25,6,19
2019-01-07,34,14,20
2019-01-07,14,5,9
2019-01-07,14,4,10
2019-01-07,11,5,6
2019-01-07,11,3,8
2019-01-07,11,6,5
2019-01-07,14,5,9
2019-01-07,17,13,4
2019-01-07,38,27,11
2019-01-07,55,32,23
2019-01-07,40,13,27
2019-01-07,23,12,11
2019-01-07,9,4,5
2019-01-07,9,2,7
2019-01-07,6,2,4
2019-01-07,2,1,1
2019-01-08,4,2,2
2019-01-08,0,0,0
2019-01-08,0,0,0
2019-01-08,1,1,0
2019-01-08,2,1,1
2019-01-08,5,1,4
2019-01-08,15,4,11
2019-01-08,23,4,19
2019-01-08,27,10,17
2019-01-08,7,3,4
2019-01-08,14,5,9
2019-01-08,12,6,6
2019-01-08,11,2,9
2019-01-08,14,8,6
2019-01-08,14,9,5
2019-01-08,13,11,2
2019-01-08,18,11,7
2019-01-08,31,20,11
2019-01-08,30,12,18
2019-01-08,12,7,5
2019-01-08,9,5,4
2019-01-08,8,4,4
2019-01-08,2,1,1
2019-01-08,4,2,2
2019-01-09,3,1,2
2019-01-09,2,1,1
2019-01-09,0,0,0
2019-01-09,1,0,1
2019-01-09,1,0,1
2019-01-09,4,2,2
2019-01-09,10,2,8
2019-01-09,13,3,10
2019-01-09,25,7,18
2019-01-09,16,6,10
2019-01-09,6,2,4
2019-01-09,12,4,8
2019-01-09,6,1,5
2019-01-09,8,5,3
2019-01-09,13,4,9
2019-01-09,14,8,6
2019-01-09,27,19,8
2019-01-09,37,22,15
2019-01-09,30,10,20
2019-01-09,17,8,9
2019-01-09,13,7,6
2019-01-09,7,4,3
2019-01-09,3,2,1
2019-01-09,7,5,2
2019-01-10,4,3,1
2019-01-10,0,0,0
2019-01-10,0,0,0
2019-01-10,0,0,0
2019-01-10,3,0,3
2019-01-10,3,1,2
2019-01-10,13,4,9
2019-01-10,18,2,16
2019-01-10,32,12,20
2019-01-10,23,7,16
2019-01-10,11,4,7
2019-01-10,8,3,5
2019-01-10,17,8,9
2019-01-10,16,11,5
2019-01-10,9,8,1
2019-01-10,18,5,13
2019-01-10,26,16,10
2019-01-10,50,34,16
2019-01-10,38,17,21
2019-01-10,13,7,6
2019-01-10,13,6,7
2019-01-10,8,1,7
2019-01-10,6,3,3
2019-01-10,5,1,4
2019-01-11,2,1,1
2019-01-11,1,1,0
2019-01-11,0,0,0
2019-01-11,0,0,0
2019-01-11,6,2,4
2019-01-11,2,1,1
2019-01-11,16,3,13
2019-01-11,18,4,14
2019-01-11,30,8,22
2019-01-11,19,8,11
2019-01-11,12,6,6
2019-01-11,11,8,3
2019-01-11,19,9,10
2019-01-11,10,5,5
2019-01-11,21,6,15
2019-01-11,16,14,2
2019-01-11,25,15,10
2019-01-11,46,32,14
2019-01-11,33,11,22
2019-01-11,18,10,8
2019-01-11,13,4,9
2019-01-11,15,8,7
2019-01-11,16,8,8
2019-01-11,4,2,2
2019-01-12,14,8,6
2019-01-12,4,1,3
2019-01-12,2,0,2
2019-01-12,1,0,1
2019-01-12,0,0,0
2019-01-12,1,0,1
2019-01-12,8,2,6
2019-01-12,2,0,2
2019-01-12,5,2,3
2019-01-12,6,4,2
2019-01-12,9,5,4
2019-01-12,21,12,9
2019-01-12,12,6,6
2019-01-12,17,6,11
2019-01-12,21,10,11
2019-01-12,25,13,12
2019-01-12,13,7,6
2019-01-12,15,6,9
2019-01-12,13,3,10
2019-01-12,19,7,12
2019-01-12,8,2,6
2019-01-12,9,4,5
2019-01-12,16,9,7
2019-01-12,5,3,2
2019-01-13,8,3,5
2019-01-13,2,0,2
2019-01-13,1,0,1
2019-01-13,1,0,1
2019-01-13,0,0,0
2019-01-13,1,1,0
2019-01-13,12,1,11
2019-01-13,4,3,1
2019-01-13,7,3,4
2019-01-13,8,3,5
2019-01-13,10,3,7
2019-01-13,23,11,12
2019-01-13,12,3,9
2019-01-13,19,7,12
2019-01-13,17,10,7
2019-01-13,24,12,12
2019-01-13,14,8,6
2019-01-13,7,6,1
2019-01-13,18,6,12
2019-01-13,13,5,8
2019-01-13,8,2,6
2019-01-13,5,2,3
2019-01-13,3,1,2
2019-01-13,3,2,1
2019-01-14,3,1,2
2019-01-14,0,0,0
2019-01-14,0,0,0
2019-01-14,0,0,0
2019-01-14,1,0,1
2019-01-14,7,1,6
2019-01-14,13,0,13
2019-01-14,28,8,20
2019-01-14,41,13,28
2019-01-14,28,8,20
2019-01-14,20,8,12
2019-01-14,13,8,5
2019-01-14,19,6,13
2019-01-14,18,6,12
2019-01-14,21,14,7
2019-01-14,27,17,10
2019-01-14,36,28,8
2019-01-14,51,32,19
2019-01-14,43,23,20
2019-01-14,27,14,13
2019-01-14,18,9,9
2019-01-14,3,1,2
2019-01-14,8,5,3
2019-01-14,5,3,2
2019-01-15,4,2,2
2019-01-15,0,0,0
2019-01-15,0,0,0
2019-01-15,1,0,1
2019-01-15,2,1,1
2019-01-15,5,2,3
2019-01-15,15,1,14
2019-01-15,28,1,27
2019-01-15,36,9,27
2019-01-15,21,6,15
2019-01-15,13,3,10
2019-01-15,12,4,8
2019-01-15,22,9,13
2019-01-15,16,6,10
2019-01-15,15,6,9
2019-01-15,28,21,7
2019-01-15,29,24,5
2019-01-15,53,33,20
2019-01-15,36,20,16
2019-01-15,24,10,14
2019-01-15,19,6,13
2019-01-15,16,7,9
2019-01-15,7,4,3
2019-01-15,6,4,2
2019-01-16,4,1,3
2019-01-16,3,2,1
2019-01-16,0,0,0
2019-01-16,0,0,0
2019-01-16,0,0,0
2019-01-16,3,0,3
2019-01-16,13,5,8
2019-01-16,38,6,32
2019-01-16,26,10,16
2019-01-16,18,4,14
2019-01-16,12,3,9
2019-01-16,13,7,6
2019-01-16,16,8,8
2019-01-16,9,4,5
2019-01-16,19,9,10
2019-01-16,17,9,8
2019-01-16,37,25,12
2019-01-16,44,32,12
2019-01-16,36,16,20
2019-01-16,23,10,13
2019-01-16,28,10,18
2019-01-16,9,4,5
2019-01-16,13,8,5
2019-01-16,7,4,3
2019-01-17,0,0,0
2019-01-17,1,1,0
2019-01-17,0,0,0
2019-01-17,0,0,0
2019-01-17,2,0,2
2019-01-17,6,0,6
2019-01-17,13,3,10
2019-01-17,20,6,14
2019-01-17,25,7,18
2019-01-17,16,5,11
2019-01-17,15,5,10
2019-01-17,17,8,9
2019-01-17,16,9,7
2019-01-17,16,5,11
2019-01-17,18,7,11
2019-01-17,16,9,7
2019-01-17,25,17,8
2019-01-17,42,27,15
2019-01-17,30,13,17
2019-01-17,23,13,10
2019-01-17,12,7,5
2019-01-17,7,5,2
2019-01-17,9,4,5
2019-01-17,4,2,2
2019-01-18,1,0,1
2019-01-18,0,0,0
2019-01-18,0,0,0
2019-01-18,2,2,0
2019-01-18,1,0,1
2019-01-18,7,0,7
2019-01-18,12,1,11
2019-01-18,13,4,9
2019-01-18,27,11,16
2019-01-18,27,10,17
2019-01-18,7,4,3
2019-01-18,6,3,3
2019-01-18,12,6,6
2019-01-18,10,6,4
2019-01-18,11,4,7
2019-01-18,16,12,4
2019-01-18,23,18,5
2019-01-18,37,22,15
2019-01-18,27,11,16
2019-01-18,19,8,11
2019-01-18,9,4,5
2019-01-18,2,1,1
2019-01-18,5,2,3
2019-01-18,7,5,2
2019-01-19,4,3,1
2019-01-19,3,1,2
2019-01-19,3,2,1
2019-01-19,0,0,0
2019-01-19,0,0,0
2019-01-19,2,0,2
2019-01-19,6,0,6
2019-01-19,6,3,3
2019-01-19,9,5,4
2019-01-19,5,5,0
2019-01-19,8,2,6
2019-01-19,11,7,4
2019-01-19,21,10,11
2019-01-19,8,6,2
2019-01-19,17,9,8
2019-01-19,15,6,9
2019-01-19,8,6,2
2019-01-19,12,10,2
2019-01-19,15,4,11
2019-01-19,11,6,5
2019-01-19,7,3,4
2019-01-19,5,0,5
2019-01-19,12,7,5
2019-01-19,5,0,5
2019-01-20,4,1,3
2019-01-20,3,1,2
2019-01-20,8,1,7
2019-01-20,2,1,1
2019-01-20,0,0,0
2019-01-20,4,2,2
2019-01-20,7,0,7
2019-01-20,6,2,4
2019-01-20,3,3,0
2019-01-20,4,1,3
2019-01-20,7,5,2
2019-01-20,17,9,8
2019-01-20,16,9,7
2019-01-20,11,3,8
2019-01-20,11,7,4
2019-01-20,12,5,7
2019-01-20,15,8,7
2019-01-20,19,12,7
2019-01-20,17,7,10
2019-01-20,9,4,5
2019-01-20,4,2,2
2019-01-20,5,4,1
2019-01-20,4,3,1
2019-01-20,4,3,1
2019-01-21,3,0,3
2019-01-21,3,1,2
2019-01-21,0,0,0
2019-01-21,0,0,0
2019-01-21,1,0,1
2019-01-21,2,1,1
2019-01-21,5,0,5
2019-01-21,13,5,8
2019-01-21,12,4,8
2019-01-21,8,3,5
2019-01-21,16,6,10
2019-01-21,5,2,3
2019-01-21,13,7,6
2019-01-21,26,17,9
2019-01-21,15,8,7
2019-01-21,14,7,7
2019-01-21,24,12,12
2019-01-21,23,16,7
2019-01-21,22,7,15
2019-01-21,21,9,12
2019-01-21,9,2,7
2019-01-21,6,4,2
2019-01-21,4,1,3
2019-01-21,8,3,5
2019-01-22,3,2,1
2019-01-22,3,2,1
2019-01-22,2,1,1
2019-01-22,0,0,0
2019-01-22,2,0,2
2019-01-22,3,2,1
2019-01-22,14,5,9
2019-01-22,20,4,16
2019-01-22,35,11,24
2019-01-22,22,7,15
2019-01-22,17,5,12
2019-01-22,12,7,5
2019-01-22,18,13,5
2019-01-22,8,4,4
2019-01-22,14,7,7
2019-01-22,17,12,5
2019-01-22,26,20,6
2019-01-22,33,27,6
2019-01-22,34,17,17
2019-01-22,18,6,12
2019-01-22,10,6,4
2019-01-22,8,4,4
2019-01-22,8,2,6
2019-01-22,5,4,1
2019-01-23,2,0,2
2019-01-23,0,0,0
2019-01-23,1,0,1
2019-01-23,0,0,0
2019-01-23,1,0,1
2019-01-23,5,1,4
2019-01-23,11,3,8
2019-01-23,20,6,14
2019-01-23,24,10,14
2019-01-23,16,3,13
2019-01-23,11,6,5
2019-01-23,5,1,4
2019-01-23,11,3,8
2019-01-23,14,7,7
2019-01-23,16,8,8
2019-01-23,18,8,10
2019-01-23,24,19,5
2019-01-23,38,23,15
2019-01-23,46,23,23
2019-01-23,28,10,18
2019-01-23,18,8,10
2019-01-23,18,7,11
2019-01-23,15,6,9
2019-01-23,7,4,3
2019-01-24,2,1,1
2019-01-24,2,1,1
2019-01-24,3,2,1
2019-01-24,0,0,0
2019-01-24,2,1,1
2019-01-24,4,1,3
2019-01-24,13,3,10
2019-01-24,27,7,20
2019-01-24,36,12,24
2019-01-24,22,3,19
2019-01-24,4,2,2
2019-01-24,15,5,10
2019-01-24,16,8,8
2019-01-24,15,3,12
2019-01-24,20,15,5
2019-01-24,18,14,4
2019-01-24,34,19,15
2019-01-24,55,37,18
2019-01-24,34,16,18
2019-01-24,19,9,10
2019-01-24,14,11,3
2019-01-24,15,5,10
2019-01-24,9,3,6
2019-01-24,9,4,5
2019-01-25,1,1,0
2019-01-25,1,0,1
2019-01-25,2,0,2
2019-01-25,0,0,0
2019-01-25,1,0,1
2019-01-25,4,2,2
2019-01-25,16,3,13
2019-01-25,24,6,18
2019-01-25,34,11,23
2019-01-25,28,10,18
2019-01-25,14,9,5
2019-01-25,16,8,8
2019-01-25,21,10,11
2019-01-25,17,6,11
2019-01-25,15,5,10
2019-01-25,22,16,6
2019-01-25,24,12,12
2019-01-25,45,32,13
2019-01-25,38,16,22
2019-01-25,31,14,17
2019-01-25,23,10,13
2019-01-25,8,2,6
2019-01-25,9,4,5
2019-01-25,13,5,8
2019-01-26,4,1,3
2019-01-26,4,1,3
2019-01-26,2,0,2
2019-01-26,0,0,0
2019-01-26,3,0,3
2019-01-26,1,0,1
2019-01-26,7,2,5
2019-01-26,7,4,3
2019-01-26,5,2,3
2019-01-26,9,5,4
2019-01-26,12,8,4
2019-01-26,14,12,2
2019-01-26,18,5,13
2019-01-26,26,11,15
2019-01-26,19,12,7
2019-01-26,18,11,7
2019-01-26,20,8,12
2019-01-26,16,5,11
2019-01-26,17,3,14
2019-01-26,17,9,8
2019-01-26,9,7,2
2019-01-26,13,8,5
2019-01-26,6,2,4
2019-01-26,6,2,4
2019-01-27,1,1,0
2019-01-27,4,1,3
2019-01-27,6,4,2
2019-01-27,1,0,1
2019-01-27,0,0,0
2019-01-27,1,0,1
2019-01-27,6,0,6
2019-01-27,2,1,1
2019-01-27,8,4,4
2019-01-27,7,3,4
2019-01-27,7,4,3
2019-01-27,15,10,5
2019-01-27,14,6,8
2019-01-27,18,2,16
2019-01-27,13,9,4
2019-01-27,18,8,10
2019-01-27,19,8,11
2019-01-27,11,4,7
2019-01-27,12,6,6
2019-01-27,10,6,4
2019-01-27,9,3,6
2019-01-27,8,5,3
2019-01-27,8,3,5
2019-01-27,1,0,1
2019-01-28,0,0,0
2019-01-28,2,1,1
2019-01-28,2,1,1
2019-01-28,0,0,0
2019-01-28,1,0,1
2019-01-28,4,3,1
2019-01-28,14,1,13
2019-01-28,23,7,16
2019-01-28,31,8,23
2019-01-28,21,7,14
2019-01-28,10,6,4
2019-01-28,22,11,11
2019-01-28,24,9,15
2019-01-28,15,6,9
2019-01-28,18,11,7
2019-01-28,19,10,9
2019-01-28,34,26,8
2019-01-28,41,23,18
2019-01-28,49,23,26
2019-01-28,31,14,17
2019-01-28,19,7,12
2019-01-28,8,5,3
2019-01-28,5,0,5
2019-01-28,5,2,3
2019-01-29,1,0,1
2019-01-29,1,0,1
2019-01-29,0,0,0
2019-01-29,0,0,0
2019-01-29,1,0,1
2019-01-29,1,0,1
2019-01-29,15,1,14
2019-01-29,20,3,17
2019-01-29,36,11,25
2019-01-29,27,7,20
2019-01-29,12,5,7
2019-01-29,14,7,7
2019-01-29,13,7,6
2019-01-29,30,10,20
2019-01-29,24,10,14
2019-01-29,30,23,7
2019-01-29,38,21,17
2019-01-29,51,25,26
2019-01-29,39,20,19
2019-01-29,27,11,16
2019-01-29,16,7,9
2019-01-29,8,4,4
2019-01-29,8,3,5
2019-01-29,7,3,4
2019-01-30,6,3,3
2019-01-30,0,0,0
2019-01-30,0,0,0
2019-01-30,1,0,1
2019-01-30,2,1,1
2019-01-30,4,3,1
2019-01-30,13,1,12
2019-01-30,30,8,22
2019-01-30,24,8,16
2019-01-30,17,6,11
2019-01-30,12,4,8
2019-01-30,13,6,7
2019-01-30,10,4,6
2019-01-30,19,8,11
2019-01-30,17,8,9
2019-01-30,22,12,10
2019-01-30,45,27,18
2019-01-30,41,26,15
2019-01-30,45,21,24
2019-01-30,26,13,13
2019-01-30,13,6,7
2019-01-30,12,7,5
2019-01-30,11,4,7
2019-01-30,4,1,3
2019-01-31,0,0,0
2019-01-31,1,0,1
2019-01-31,0,0,0
2019-01-31,0,0,0
2019-01-31,5,2,3
2019-01-31,3,2,1
2019-01-31,14,2,12
2019-01-31,23,9,14
2019-01-31,37,12,25
2019-01-31,26,7,19
2019-01-31,12,3,9
2019-01-31,21,12,9
2019-01-31,20,7,13
2019-01-31,16,8,8
2019-01-31,20,5,15
2019-01-31,19,10,9
2019-01-31,30,18,12
2019-01-31,49,27,22
2019-01-31,37,16,21
2019-01-31,17,10,7
2019-01-31,17,8,9
2019-01-31,8,4,4
2019-01-31,11,5,6
2019-01-31,6,4,2
2019-08-01,0,0,0
2019-08-01,0,0,0
2019-08-01,0,0,0
2019-08-01,0,0,0
2019-08-01,0,0,0
2019-08-01,0,0,0
2019-08-01,0,0,0
2019-08-01,0,0,0
2019-08-01,0,0,0
2019-08-01,0,0,0
2019-08-01,0,0,0
2019-08-01,4,3,1
2019-08-01,0,0,0
2019-08-01,0,0,0
2019-08-01,0,0,0
2019-08-01,0,0,0
2019-08-01,58,33,25
2019-08-01,67,44,23
2019-08-01,56,22,34
2019-08-01,39,22,17
2019-08-01,38,21,17
2019-08-01,25,7,18
2019-08-01,20,10,10
2019-08-01,8,6,2
2019-08-02,2,1,1
2019-08-02,1,1,0
2019-08-02,1,0,1
2019-08-02,0,0,0
2019-08-02,0,0,0
2019-08-02,2,0,2
2019-08-02,19,2,17
2019-08-02,32,15,17
2019-03-05,0,0,0
2019-03-01,0,0,0
2019-03-14,0,0,0
2019-03-08,1,1,0
2019-03-01,0,0,0
2019-03-12,0,0,0
2019-03-01,0,0,0
2019-03-07,1,1,0
2019-03-01,0,0,0
2019-03-04,0,0,0
2019-03-01,0,0,0
2019-03-05,0,0,0
2019-03-01,0,0,0
2019-03-24,3,3,0
2019-03-01,0,0,0
2019-03-01,0,0,0
2019-03-01,0,0,0
2019-03-23,0,0,0
2019-03-01,0,0,0
2019-03-20,0,0,0
2019-03-01,0,0,0
2019-03-04,0,0,0
2019-03-01,0,0,0
2019-03-05,0,0,0
2019-03-01,0,0,0
2019-03-21,0,0,0
2019-03-01,2,2,0
2019-03-12,0,0,0
2019-03-01,0,0,0
2019-03-06,0,0,0
2019-03-01,0,0,0
2019-03-14,0,0,0
2019-03-24,0,0,0
2019-03-10,0,0,0
2019-03-01,0,0,0
2019-03-22,0,0,0
2019-03-01,0,0,0
2019-03-09,1,1,0
2019-03-01,0,0,0
2019-03-20,0,0,0
2019-03-01,0,0,0
2019-03-04,0,0,0
2019-03-24,3,3,0
2019-03-04,0,0,0
2019-03-01,0,0,0
2019-03-04,0,0,0
2019-03-01,0,0,0
2019-03-05,0,0,0
2019-03-02,0,0,0
2019-03-05,0,0,0
2019-03-02,0,0,0
2019-03-05,0,0,0
2019-03-02,0,0,0
2019-03-18,0,0,0
2019-03-02,0,0,0
2019-03-12,1,1,0
2019-03-02,0,0,0
2019-03-18,0,0,0
2019-03-02,0,0,0
2019-03-21,1,1,0
2019-03-02,0,0,0
2019-03-14,0,0,0
2019-03-02,0,0,0
2019-03-11,0,0,0
2019-03-02,0,0,0
2019-03-25,0,0,0
2019-03-02,0,0,0
2019-03-22,0,0,0
2019-03-02,0,0,0
2019-03-10,0,0,0
2019-03-02,0,0,0
2019-03-07,1,1,0
2019-03-02,0,0,0
2019-03-16,0,0,0
2019-03-02,0,0,0
2019-03-23,0,0,0
2019-03-02,0,0,0
2019-03-09,0,0,0
2019-03-02,0,0,0
2019-03-08,1,1,0
2019-03-02,0,0,0
2019-03-31,4,4,0
2019-03-02,0,0,0
2019-03-08,0,0,0
2019-03-02,0,0,0
2019-03-04,0,0,0
2019-03-02,0,0,0
2019-03-24,0,0,0
2019-03-02,0,0,0
2019-03-04,0,0,0
2019-03-02,0,0,0
2019-03-04,0,0,0
2019-03-02,0,0,0
2019-03-04,0,0,0
2019-03-02,0,0,0
2019-03-05,0,0,0
2019-03-03,0,0,0
2019-03-05,0,0,0
2019-03-03,0,0,0
2019-03-05,0,0,0
2019-03-03,0,0,0
2019-03-05,0,0,0
2019-03-03,0,0,0
2019-03-05,0,0,0
2019-03-03,0,0,0
2019-03-05,0,0,0
2019-03-03,0,0,0
2019-03-17,5,5,0
2019-03-03,0,0,0
2019-03-12,0,0,0
2019-03-03,0,0,0
2019-03-17,0,0,0
2019-03-03,0,0,0
2019-03-17,0,0,0
2019-03-03,0,0,0
2019-03-21,0,0,0
2019-03-03,0,0,0
2019-03-19,0,0,0
2019-03-03,0,0,0
2019-03-06,1,1,0
2019-03-03,0,0,0
2019-03-06,1,1,0
2019-03-03,0,0,0
2019-03-14,0,0,0
2019-03-03,0,0,0
2019-03-14,0,0,0
2019-03-03,0,0,0
2019-03-30,0,0,0
2019-03-03,0,0,0
2019-03-11,0,0,0
2019-03-03,0,0,0
2019-03-30,0,0,0
2019-03-03,0,0,0
2019-03-28,0,0,0
2019-03-03,0,0,0
2019-03-26,0,0,0
2019-03-03,0,0,0
2019-03-31,0,0,0
2019-03-03,0,0,0
2019-03-10,0,0,0
2019-03-24,0,0,0
2019-03-28,0,0,0
2019-03-03,0,0,0
2019-03-27,1,1,0
2019-03-04,0,0,0
2019-03-07,0,0,0
2019-03-04,0,0,0
2019-03-20,1,1,0
2019-03-04,0,0,0
2019-03-16,0,0,0
2019-03-04,0,0,0
2019-03-15,0,0,0
2019-03-04,0,0,0
2019-03-16,0,0,0
2019-03-04,0,0,0
2019-03-31,0,0,0
2019-03-04,0,0,0
2019-03-23,0,0,0
2019-03-04,0,0,0
2019-03-15,0,0,0
2019-03-04,0,0,0
2019-03-26,0,0,0
2019-03-04,0,0,0
2019-03-20,0,0,0
2019-03-19,0,0,0
2019-03-08,0,0,0
2019-03-04,0,0,0
2019-03-08,0,0,0
2019-03-04,0,0,0
2019-03-04,0,0,0
2019-03-07,0,0,0
2019-03-22,2,1,1
2019-03-08,1,0,1
2019-03-08,2,1,1
2019-03-13,1,0,1
2019-03-30,1,0,1
2019-03-27,1,0,1
2019-03-15,5,4,1
2019-03-08,4,3,1
2019-03-19,1,0,1
2019-03-31,2,1,1
2019-03-13,1,0,1
2019-03-27,1,0,1
2019-03-13,1,0,1
2019-03-20,1,0,1
2019-03-15,1,0,1
2019-03-27,1,0,1
2019-03-13,1,0,1
2019-03-26,1,0,1
2019-03-13,1,0,1
2019-03-16,2,1,1
2019-03-16,4,3,1
2019-03-29,1,0,1
2019-03-09,1,0,1
2019-03-09,1,0,1
2019-03-28,1,0,1
2019-03-01,1,0,1
2019-03-24,1,0,1
2019-03-19,1,0,1
2019-03-06,3,2,1
2019-03-09,3,2,1
2019-03-15,1,0,1
2019-03-29,2,1,1
2019-03-10,1,0,1
2019-03-04,1,0,1
2019-03-07,2,1,1
2019-03-29,1,0,1
2019-03-27,1,0,1
2019-03-29,1,0,1
2019-03-22,1,0,1
2019-03-07,2,1,1
2019-03-06,2,1,1
2019-03-12,1,0,1
2019-03-19,3,2,1
2019-03-21,1,0,1
2019-03-23,5,4,1
2019-03-11,3,2,1
2019-03-17,1,0,1
2019-03-25,1,0,1
2019-03-31,8,7,1
2019-03-28,1,0,1
2019-03-09,4,2,2
2019-03-09,2,0,2
2019-03-28,3,1,2
2019-03-14,6,4,2
2019-03-25,2,0,2
2019-03-27,2,0,2
2019-03-26,3,1,2
2019-03-10,12,10,2
2019-03-30,5,3,2
2019-03-16,12,10,2
2019-03-10,5,3,2
2019-03-19,7,5,2
2019-03-30,2,0,2
2019-03-15,3,1,2
2019-03-25,2,0,2
2019-03-10,4,2,2
2019-03-06,4,2,2
2019-03-25,4,2,2
2019-03-16,9,7,2
2019-03-26,4,2,2
2019-03-11,2,0,2
2019-03-23,5,3,2
2019-03-16,2,0,2
2019-03-11,2,0,2
2019-03-25,2,0,2
2019-03-20,2,0,2
2019-03-09,6,4,2
2019-03-06,3,1,2
2019-03-24,11,9,2
2019-03-31,3,1,2
2019-03-01,2,0,2
2019-03-18,2,0,2
2019-03-23,3,1,2
2019-03-17,4,2,2
2019-03-11,8,6,2
2019-03-06,2,0,2
2019-03-24,2,0,2
2019-03-03,2,0,2
2019-03-06,3,1,2
2019-03-16,5,3,2
2019-03-24,3,1,2
2019-03-18,2,0,2
2019-03-10,4,1,3
2019-03-18,4,1,3
2019-03-07,5,2,3
2019-03-10,6,3,3
2019-03-21,8,5,3
2019-03-31,3,0,3
2019-03-11,3,0,3
2019-03-11,3,0,3
2019-03-05,8,5,3
2019-03-23,11,8,3
2019-03-10,4,1,3
2019-03-10,5,2,3
2019-03-09,12,9,3
2019-03-12,6,3,3
2019-03-22,4,1,3
2019-03-29,5,2,3
2019-03-11,9,6,3
2019-03-11,3,0,3
2019-03-07,5,2,3
2019-03-07,5,2,3
2019-03-12,4,1,3
2019-03-22,3,0,3
2019-03-07,7,4,3
2019-03-09,3,0,3
2019-03-08,7,4,3
2019-03-26,7,4,3
2019-03-23,6,3,3
2019-03-23,8,5,3
2019-03-09,3,0,3
2019-03-17,3,0,3
2019-03-13,4,1,3
2019-03-13,8,5,3
2019-03-29,3,0,3
2019-03-17,6,3,3
2019-03-19,7,4,3
2019-03-25,7,4,3
2019-03-19,3,0,3
2019-03-12,5,1,4
2019-03-21,4,0,4
2019-03-12,12,8,4
2019-03-18,4,0,4
2019-03-23,13,9,4
2019-03-12,10,6,4
2019-03-17,4,0,4
2019-03-11,4,0,4
2019-03-12,6,2,4
2019-03-21,4,0,4
2019-03-13,5,1,4
2019-03-18,6,2,4
2019-03-08,5,1,4
2019-03-07,5,1,4
2019-03-23,15,11,4
2019-03-23,9,5,4
2019-03-17,6,2,4
2019-03-22,7,3,4
2019-03-20,10,6,4
2019-03-24,8,4,4
2019-03-31,6,2,4
2019-03-31,7,3,4
2019-03-24,4,0,4
2019-03-16,7,3,4
2019-03-14,9,5,4
2019-03-10,7,3,4
2019-03-30,4,0,4
2019-03-31,7,3,4
2019-03-30,6,2,4
2019-03-25,7,3,4
2019-03-06,5,1,4
2019-03-10,6,2,4
2019-03-10,5,1,4
2019-03-16,11,7,4
2019-03-16,5,1,4
2019-03-30,23,19,4
2019-03-09,9,5,4
2019-03-18,8,4,4
2019-03-09,7,3,4
2019-03-06,6,2,4
2019-03-23,11,7,4
2019-03-15,4,0,4
2019-03-23,4,0,4
2019-03-07,6,2,4
2019-03-12,6,2,4
2019-03-27,6,2,4
2019-03-23,6,2,4
2019-03-15,7,3,4
2019-03-07,7,3,4
2019-03-25,11,7,4
2019-03-05,7,3,4
2019-03-07,7,3,4
2019-03-22,8,3,5
2019-03-29,6,1,5
2019-03-30,11,6,5
2019-03-22,9,4,5
2019-03-27,7,2,5
2019-03-07,10,5,5
2019-03-28,12,7,5
2019-03-15,11,6,5
2019-03-09,10,5,5
2019-03-23,10,5,5
2019-03-08,7,2,5
2019-03-10,8,3,5
2019-03-07,7,2,5
2019-03-09,11,6,5
2019-03-30,13,8,5
2019-03-30,14,9,5
2019-03-25,6,1,5
2019-03-23,5,0,5
2019-03-14,9,4,5
2019-03-25,7,2,5
2019-03-06,18,13,5
2019-03-06,9,4,5
2019-03-29,12,7,5
2019-03-30,5,0,5
2019-03-28,5,0,5
2019-03-31,8,3,5
2019-03-16,17,12,5
2019-03-24,8,3,5
2019-03-15,15,10,5
2019-03-14,5,0,5
2019-03-05,6,1,5
2019-03-05,5,0,5
2019-03-05,7,2,5
2019-03-17,7,2,5
2019-03-17,8,3,5
2019-03-10,6,1,5
2019-03-11,10,5,5
2019-03-31,7,2,5
2019-03-11,13,8,5
2019-03-28,10,5,5
2019-03-23,11,6,5
2019-03-04,8,3,5
2019-03-27,11,6,5
2019-03-17,15,10,5
2019-03-09,17,12,5
2019-03-26,7,2,5
2019-03-26,9,4,5
2019-03-17,6,1,5
2019-03-18,10,5,5
2019-03-16,8,2,6
2019-03-16,11,5,6
2019-03-16,9,3,6
2019-03-27,13,7,6
2019-03-27,11,5,6
2019-03-13,8,2,6
2019-03-29,7,1,6
2019-03-16,8,2,6
2019-03-12,8,2,6
2019-03-17,10,4,6
2019-03-29,10,4,6
2019-03-17,7,1,6
2019-03-10,10,4,6
2019-03-09,7,1,6
2019-03-09,13,7,6
2019-03-30,15,9,6
2019-03-08,13,7,6
2019-03-30,12,6,6
2019-03-12,7,1,6
2019-03-08,11,5,6
2019-03-08,9,3,6
2019-03-26,10,4,6
2019-03-31,7,1,6
2019-03-11,13,7,6
2019-03-11,8,2,6
2019-03-06,7,1,6
2019-03-29,8,2,6
2019-03-24,7,1,6
2019-03-22,7,1,6
2019-03-22,15,9,6
2019-03-21,8,2,6
2019-03-19,11,5,6
2019-03-22,16,10,6
2019-03-22,11,5,6
2019-03-25,13,7,6
2019-03-20,13,7,6
2019-03-19,9,3,6
2019-03-17,13,6,7
2019-03-17,12,5,7
2019-03-16,12,5,7
2019-03-18,19,12,7
2019-03-28,12,5,7
2019-03-11,8,1,7
2019-03-24,15,8,7
2019-03-24,8,1,7
2019-03-12,11,4,7
2019-03-25,11,4,7
2019-03-31,17,10,7
2019-03-31,17,10,7
2019-03-07,9,2,7
2019-03-24,7,0,7
2019-03-27,12,5,7
2019-03-07,13,6,7
2019-03-29,16,9,7
2019-03-27,27,20,7
2019-03-15,21,14,7
2019-03-13,10,3,7
2019-03-15,11,4,7
2019-03-07,15,8,7
2019-03-07,22,15,7
2019-03-24,8,1,7
2019-03-14,20,13,7
2019-03-14,24,17,7
2019-03-14,12,5,7
2019-03-29,10,3,7
2019-03-13,26,19,7
2019-03-14,8,1,7
2019-03-20,12,5,7
2019-03-21,10,3,7
2019-03-10,11,4,7
2019-03-14,15,7,8
2019-03-14,10,2,8
2019-03-14,14,6,8
2019-03-27,11,3,8
2019-03-24,17,9,8
2019-03-28,16,8,8
2019-03-17,16,8,8
2019-03-20,14,6,8
2019-03-25,8,0,8
2019-03-13,14,6,8
2019-03-27,19,11,8
2019-03-28,19,11,8
2019-03-25,12,4,8
2019-03-29,9,1,8
2019-03-13,13,5,8
2019-03-26,15,7,8
2019-03-19,17,9,8
2019-03-12,11,3,8
2019-03-21,15,7,8
2019-03-21,14,6,8
2019-03-27,10,2,8
2019-03-05,16,8,8
2019-03-19,13,5,8
2019-03-24,13,5,8
2019-03-21,22,14,8
2019-03-24,18,10,8
2019-03-29,21,13,8
2019-03-16,11,3,8
2019-03-12,10,2,8
2019-03-11,18,10,8
2019-03-21,15,7,8
2019-03-16,16,8,8
2019-03-19,12,4,8
2019-03-29,13,5,8
2019-03-26,12,4,8
2019-03-22,16,8,8
2019-03-09,10,2,8
2019-03-05,15,7,8
2019-03-23,12,4,8
2019-03-17,16,8,8
2019-03-27,11,3,8
2019-03-05,17,9,8
2019-03-06,10,2,8
2019-03-22,14,6,8
2019-03-08,22,14,8
2019-03-06,11,3,8
2019-03-30,13,5,8
2019-03-23,12,4,8
2019-03-08,12,4,8
2019-03-22,28,20,8
2019-03-07,12,4,8
2019-03-22,12,4,8
2019-03-08,16,7,9
2019-03-22,22,13,9
2019-03-17,15,6,9
2019-03-22,19,10,9
2019-03-08,18,9,9
2019-03-07,15,6,9
2019-03-15,10,1,9
2019-03-15,23,14,9
2019-03-16,19,10,9
2019-03-15,23,14,9
2019-03-13,19,10,9
2019-03-09,23,14,9
2019-03-06,15,6,9
2019-03-14,13,4,9
2019-03-15,12,3,9
2019-03-09,18,9,9
2019-03-11,12,3,9
2019-03-23,13,4,9
2019-03-10,20,11,9
2019-03-05,11,2,9
2019-03-21,17,8,9
2019-03-16,13,4,9
2019-03-25,14,5,9
2019-03-26,18,9,9
2019-03-24,12,3,9
2019-03-26,9,0,9
2019-03-31,23,14,9
2019-03-31,19,10,9
2019-03-25,14,5,9
2019-03-28,19,10,9
2019-03-25,23,14,9
2019-03-24,14,5,9
2019-03-28,19,10,9
2019-03-25,18,9,9
2019-03-26,13,4,9
2019-03-30,21,12,9
2019-03-23,23,13,10
2019-03-08,15,5,10
2019-03-08,16,6,10
2019-03-08,11,1,10
2019-03-12,14,4,10
2019-03-24,14,4,10
2019-03-13,13,3,10
2019-03-18,17,7,10
2019-03-27,11,1,10
2019-03-14,14,4,10
2019-03-14,26,16,10
2019-03-26,16,6,10
2019-03-18,19,9,10
2019-03-13,16,6,10
2019-03-09,16,6,10
2019-03-20,21,11,10
2019-03-30,20,10,10
2019-03-09,12,2,10
2019-03-18,16,6,10
2019-03-10,15,5,10
2019-03-14,14,4,10
2019-03-11,27,17,10
2019-03-29,25,15,10
2019-03-18,15,5,10
2019-03-10,17,6,11
2019-03-08,19,8,11
2019-03-30,24,13,11
2019-03-10,18,7,11
2019-03-13,13,2,11
2019-03-13,22,11,11
2019-03-21,20,9,11
2019-03-07,18,7,11
2019-03-19,25,14,11
2019-03-24,19,8,11
2019-03-06,21,10,11
2019-03-28,19,8,11
2019-03-06,29,18,11
2019-03-08,26,15,11
2019-03-28,20,9,11
2019-03-28,17,6,11
2019-03-28,12,1,11
2019-03-30,19,8,11
2019-03-30,21,10,11
2019-03-18,25,14,11
2019-03-30,19,8,11
2019-03-20,25,14,11
2019-03-14,19,8,11
2019-03-21,23,12,11
2019-03-07,16,5,11
2019-03-15,22,11,11
2019-03-16,23,12,11
2019-03-26,25,14,11
2019-03-18,28,17,11
2019-03-06,14,3,11
2019-03-26,20,8,12
2019-03-22,24,12,12
2019-03-18,20,8,12
2019-03-19,19,7,12
2019-03-19,23,11,12
2019-03-21,16,4,12
2019-03-15,23,11,12
2019-03-12,15,3,12
2019-03-08,13,1,12
2019-03-17,27,15,12
2019-03-29,23,11,12
2019-03-28,27,15,12
2019-03-28,17,5,12
2019-03-10,17,5,12
2019-03-15,28,16,12
2019-03-09,17,5,12
2019-03-31,14,2,12
2019-03-23,19,7,12
2019-03-29,18,6,12
2019-03-12,15,3,12
2019-03-18,14,1,13
2019-03-31,16,3,13
2019-03-31,19,6,13
2019-03-22,30,17,13
2019-03-21,28,15,13
2019-03-22,16,3,13
2019-03-25,20,7,13
2019-03-12,28,15,13
2019-03-06,17,4,13
2019-03-30,35,22,13
2019-03-26,13,0,13
2019-03-28,28,15,13
2019-03-16,27,13,14
2019-03-31,23,9,14
2019-03-17,29,15,14
2019-03-15,17,3,14
2019-03-31,22,8,14
2019-03-20,20,6,14
2019-03-12,32,18,14
2019-03-18,28,14,14
2019-03-20,22,8,14
2019-03-19,29,15,14
2019-03-22,32,18,14
2019-03-20,20,6,14
2019-03-25,28,14,14
2019-03-20,23,8,15
2019-03-17,24,9,15
2019-03-30,24,9,15
2019-03-05,25,10,15
2019-03-17,27,12,15
2019-03-21,34,19,15
2019-03-18,22,7,15
2019-03-11,18,3,15
2019-03-20,17,2,15
2019-03-28,33,18,15
2019-03-20,45,30,15
2019-03-31,28,13,15
2019-03-23,26,11,15
2019-03-13,24,9,15
2019-03-30,23,8,15
2019-03-13,20,4,16
2019-03-25,25,9,16
2019-03-13,33,17,16
2019-03-13,18,2,16
2019-03-15,35,19,16
2019-03-26,22,6,16
2019-03-29,21,5,16
2019-03-20,43,27,16
2019-03-20,22,6,16
2019-03-11,22,6,16
2019-03-12,19,3,16
2019-03-21,35,19,16
2019-03-10,22,6,16
2019-03-27,31,14,17
2019-03-15,23,6,17
2019-03-05,33,16,17
2019-03-29,29,12,17
2019-03-20,23,6,17
2019-03-27,24,7,17
2019-03-31,31,14,17
2019-03-28,49,32,17
2019-03-06,22,5,17
2019-03-22,24,6,18
2019-03-26,25,7,18
2019-03-25,25,7,18
2019-03-18,48,30,18
2019-03-06,23,5,18
2019-03-21,28,10,18
2019-03-19,22,4,18
2019-03-19,35,16,19
2019-03-11,27,8,19
2019-03-19,27,8,19
2019-03-27,43,24,19
2019-03-29,36,16,20
2019-03-18,29,9,20
2019-03-20,28,8,20
2019-03-26,29,9,20
2019-03-12,24,4,20
2019-03-15,30,10,20
2019-03-26,36,16,20
2019-03-20,42,22,20
2019-03-14,23,2,21
2019-03-14,34,13,21
2019-03-15,28,7,21
2019-03-11,39,18,21
2019-03-13,36,14,22
2019-03-13,26,4,22
2019-03-25,30,8,22
2019-03-29,30,8,22
2019-03-06,25,3,22
2019-03-26,57,35,22
2019-03-21,29,6,23
2019-03-11,29,6,23
2019-03-19,33,10,23
2019-03-19,38,15,23
2019-03-14,32,9,23
2019-03-27,29,6,23
2019-03-05,35,11,24
2019-03-21,51,27,24
2019-03-26,45,21,24
2019-03-28,51,26,25
2019-03-27,34,8,26
2019-03-21,37,11,26
2019-03-27,46,19,27
2019-03-28,39,11,28
2019-03-29,49,21,28
2019-03-18,38,9,29
2019-03-19,46,17,29
2019-03-18,48,18,30
2019-03-20,40,9,31
2019-03-19,40,9,31
2019-08-02,28,7,21
2019-08-02,26,9,17
2019-08-02,14,7,7
2019-08-02,14,6,8
2019-08-02,26,13,13
2019-08-02,21,7,14
2019-08-02,19,10,9
2019-08-02,32,15,17
2019-08-02,47,27,20
2019-08-02,71,37,34
2019-08-02,56,32,24
2019-08-02,39,22,17
2019-08-02,35,16,19
2019-08-02,23,11,12
2019-08-02,17,7,10
2019-08-02,37,24,13
2019-08-03,3,2,1
2019-08-03,11,5,6
2019-08-03,0,0,0
2019-08-03,1,1,0
2019-08-03,2,0,2
2019-08-03,2,1,1
2019-08-03,4,0,4
2019-08-03,10,5,5
2019-08-03,13,6,7
2019-08-03,10,8,2
2019-08-03,28,18,10
2019-08-03,27,14,13
2019-08-03,23,16,7
2019-08-03,24,7,17
2019-08-03,42,20,22
2019-08-03,35,23,12
2019-04-01,4,2,2
2019-04-01,1,0,1
2019-04-01,1,1,0
2019-04-01,1,0,1
2019-04-01,1,0,1
2019-04-01,8,3,5
2019-04-01,9,0,9
2019-04-01,34,8,26
2019-04-01,37,11,26
2019-04-01,21,5,16
2019-04-01,16,8,8
2019-04-01,15,2,13
2019-04-01,12,3,9
2019-04-01,13,5,8
2019-04-01,18,7,11
2019-04-01,19,7,12
2019-04-01,38,24,14
2019-04-01,49,23,26
2019-04-01,47,17,30
2019-04-01,30,14,16
2019-04-01,16,6,10
2019-04-01,14,5,9
2019-04-01,5,2,3
2019-04-01,7,3,4
2019-04-02,2,1,1
2019-04-02,3,0,3
2019-04-02,5,3,2
2019-04-02,0,0,0
2019-04-02,1,0,1
2019-04-02,5,1,4
2019-04-02,18,3,15
2019-04-02,34,13,21
2019-04-02,42,12,30
2019-04-02,14,4,10
2019-04-02,20,5,15
2019-04-02,12,4,8
2019-04-02,15,6,9
2019-04-02,24,11,13
2019-04-02,16,7,9
2019-04-02,20,12,8
2019-04-02,36,17,19
2019-04-02,52,28,24
2019-04-02,37,15,22
2019-04-02,29,14,15
2019-04-02,25,12,13
2019-04-02,10,1,9
2019-04-02,10,6,4
2019-04-02,9,7,2
2019-04-03,3,1,2
2019-04-03,0,0,0
2019-04-03,0,0,0
2019-04-03,0,0,0
2019-04-03,1,0,1
2019-04-03,1,0,1
2019-04-03,18,1,17
2019-04-03,31,5,26
2019-04-03,27,5,22
2019-04-03,13,4,9
2019-04-03,11,3,8
2019-04-03,18,5,13
2019-04-03,8,4,4
2019-04-03,20,7,13
2019-04-03,19,6,13
2019-04-03,24,11,13
2019-04-03,26,16,10
2019-04-03,52,24,28
2019-04-03,44,24,20
2019-04-03,20,12,8
2019-04-03,12,6,6
2019-04-03,6,3,3
2019-04-03,5,2,3
2019-04-03,12,3,9
2019-04-04,2,0,2
2019-04-04,0,0,0
2019-04-04,1,0,1
2019-04-04,0,0,0
2019-04-04,0,0,0
2019-04-04,4,1,3
2019-04-04,16,5,11
2019-04-04,31,10,21
2019-04-04,29,8,21
2019-04-04,34,11,23
2019-04-04,8,1,7
2019-04-04,13,6,7
2019-04-04,21,4,17
2019-04-04,21,8,13
2019-04-04,20,15,5
2019-04-04,36,18,18
2019-04-04,34,19,15
2019-04-04,48,23,25
2019-04-04,34,15,19
2019-04-04,23,6,17
2019-04-04,14,6,8
2019-04-04,16,7,9
2019-04-04,8,1,7
2019-04-04,11,4,7
2019-04-05,4,3,1
2019-04-05,3,2,1
2019-04-05,0,0,0
2019-04-05,0,0,0
2019-04-05,0,0,0
2019-04-05,1,1,0
2019-04-05,11,1,10
2019-04-05,13,3,10
2019-04-05,29,9,20
2019-04-05,10,5,5
2019-04-05,10,3,7
2019-04-05,9,6,3
2019-04-05,10,5,5
2019-04-05,9,5,4
2019-04-05,6,3,3
2019-04-05,10,7,3
2019-04-05,20,15,5
2019-04-05,25,16,9
2019-04-05,23,10,13
2019-04-05,13,7,6
2019-04-05,16,7,9
2019-04-05,10,3,7
2019-04-05,13,5,8
2019-04-05,12,7,5
2019-04-06,5,2,3
2019-04-06,7,2,5
2019-04-06,2,1,1
2019-04-06,0,0,0
2019-04-06,0,0,0
2019-04-06,4,2,2
2019-04-06,7,1,6
2019-04-06,2,1,1
2019-04-06,3,3,0
2019-04-06,2,1,1
2019-04-06,9,2,7
2019-04-06,19,11,8
2019-04-06,13,9,4
2019-04-06,11,4,7
2019-04-06,6,4,2
2019-04-06,14,5,9
2019-04-06,8,4,4
2019-04-06,12,6,6
2019-04-06,23,10,13
2019-04-06,8,4,4
2019-04-06,13,8,5
2019-04-06,6,1,5
2019-04-06,3,1,2
2019-04-06,4,1,3
2019-04-07,2,1,1
2019-04-07,3,0,3
2019-04-07,0,0,0
2019-04-07,1,0,1
2019-04-07,2,2,0
2019-04-07,0,0,0
2019-04-07,3,0,3
2019-04-07,3,2,1
2019-04-07,3,1,2
2019-04-07,7,2,5
2019-04-07,6,5,1
2019-04-07,21,14,7
2019-04-07,14,5,9
2019-04-07,18,7,11
2019-04-07,8,4,4
2019-04-07,12,7,5
2019-04-07,14,8,6
2019-04-07,15,9,6
2019-04-07,19,8,11
2019-04-07,11,3,8
2019-04-07,12,4,8
2019-04-07,10,2,8
2019-04-07,10,4,6
2019-04-07,2,1,1
2019-04-08,4,2,2
2019-04-08,0,0,0
2019-04-08,2,1,1
2019-04-08,1,0,1
2019-04-08,1,0,1
2019-04-08,6,3,3
2019-04-08,9,1,8
2019-04-08,21,5,16
2019-04-08,40,14,26
2019-04-08,12,6,6
2019-04-08,8,3,5
2019-04-08,8,1,7
2019-04-08,10,3,7
2019-04-08,15,9,6
2019-04-08,16,8,8
2019-04-08,17,10,7
2019-04-08,20,14,6
2019-04-08,35,13,22
2019-04-08,29,13,16
2019-04-08,29,8,21
2019-04-08,17,9,8
2019-04-08,10,6,4
2019-04-08,12,2,10
2019-04-08,5,3,2
2019-04-09,5,3,2
2019-04-09,2,0,2
2019-04-09,0,0,0
2019-04-09,0,0,0
2019-04-09,1,0,1
2019-04-09,7,2,5
2019-04-09,16,3,13
2019-04-09,19,4,15
2019-04-09,38,9,29
2019-04-09,23,6,17
2019-04-09,8,4,4
2019-04-09,10,3,7
2019-04-09,15,5,10
2019-04-09,15,6,9
2019-04-09,20,8,12
2019-04-09,25,11,14
2019-04-09,18,10,8
2019-04-09,36,18,18
2019-04-09,35,18,17
2019-04-09,19,7,12
2019-04-09,22,6,16
2019-04-09,13,6,7
2019-04-09,7,2,5
2019-04-09,9,5,4
2019-04-10,4,1,3
2019-04-10,0,0,0
2019-04-10,0,0,0
2019-04-10,0,0,0
2019-04-10,1,0,1
2019-04-10,3,2,1
2019-04-10,15,4,11
2019-04-10,28,4,24
2019-04-10,25,5,20
2019-04-10,20,5,15
2019-04-10,15,2,13
2019-04-10,14,4,10
2019-04-10,17,8,9
2019-04-10,16,6,10
2019-04-10,14,5,9
2019-04-10,22,11,11
2019-04-10,23,9,14
2019-04-10,40,23,17
2019-04-10,28,11,17
2019-04-10,22,9,13
2019-04-10,15,6,9
2019-04-10,13,6,7
2019-04-10,8,3,5
2019-04-10,9,7,2
2019-04-11,0,0,0
2019-04-11,1,0,1
2019-04-11,1,0,1
2019-04-11,0,0,0
2019-04-11,0,0,0
2019-04-11,7,3,4
2019-04-11,11,3,8
2019-04-11,13,3,10
2019-04-11,27,8,19
2019-04-11,14,6,8
2019-04-11,12,2,10
2019-04-11,7,4,3
2019-04-11,17,5,12
2019-04-11,11,3,8
2019-04-11,12,8,4
2019-04-11,16,7,9
2019-04-11,26,13,13
2019-04-11,23,14,9
2019-04-11,26,13,13
2019-04-11,30,16,14
2019-04-11,15,8,7
2019-04-11,4,0,4
2019-04-11,13,6,7
2019-04-11,5,4,1
2019-04-12,0,0,0
2019-04-12,3,1,2
2019-04-12,1,1,0
2019-04-12,0,0,0
2019-04-12,1,0,1
2019-04-12,3,3,0
2019-04-12,9,2,7
2019-04-12,17,5,12
2019-04-12,34,8,26
2019-04-12,21,7,14
2019-04-12,11,6,5
2019-04-12,13,3,10
2019-04-12,10,4,6
2019-04-12,20,12,8
2019-04-12,17,13,4
2019-04-12,23,10,13
2019-04-12,25,16,9
2019-04-12,47,28,19
2019-04-12,30,12,18
2019-04-12,28,10,18
2019-04-12,16,2,14
2019-04-12,14,6,8
2019-04-12,11,4,7
2019-04-12,9,4,5
2019-04-13,5,2,3
2019-04-13,3,1,2
2019-04-13,1,1,0
2019-04-13,1,0,1
2019-04-13,1,0,1
2019-04-13,1,0,1
2019-04-13,2,0,2
2019-04-13,3,1,2
2019-04-13,2,2,0
2019-04-13,5,1,4
2019-04-13,7,4,3
2019-04-13,8,6,2
2019-04-13,4,0,4
2019-04-13,10,3,7
2019-04-13,18,9,9
2019-04-13,12,6,6
2019-04-13,13,6,7
2019-04-13,20,10,10
2019-04-13,15,5,10
2019-04-13,12,8,4
2019-04-13,17,8,9
2019-04-13,12,1,11
2019-04-13,6,5,1
2019-04-13,12,5,7
2019-04-14,4,2,2
2019-04-14,4,1,3
2019-04-14,6,3,3
2019-04-14,1,0,1
2019-04-14,1,1,0
2019-04-14,0,0,0
2019-04-14,5,1,4
2019-04-14,2,1,1
2019-04-14,8,6,2
2019-04-14,5,2,3
2019-04-14,6,4,2
2019-04-14,16,5,11
2019-04-14,10,6,4
2019-04-14,17,8,9
2019-04-14,23,13,10
2019-04-14,23,11,12
2019-04-14,11,5,6
2019-04-14,13,5,8
2019-04-14,6,4,2
2019-04-14,8,4,4
2019-04-14,14,5,9
2019-04-14,9,1,8
2019-04-14,6,2,4
2019-04-14,3,1,2
2019-04-15,1,0,1
2019-04-15,2,1,1
2019-04-15,0,0,0
2019-04-15,0,0,0
2019-04-15,3,0,3
2019-04-15,5,2,3
2019-04-15,11,2,9
2019-04-15,29,6,23
2019-04-15,38,5,33
2019-04-15,29,14,15
2019-04-15,13,5,8
2019-04-15,10,3,7
2019-04-15,15,7,8
2019-04-15,12,5,7
2019-04-15,18,10,8
2019-04-15,28,13,15
2019-04-15,34,22,12
2019-04-15,52,28,24
2019-04-15,43,20,23
2019-04-15,29,14,15
2019-04-15,20,6,14
2019-04-15,9,2,7
2019-04-15,6,2,4
2019-04-15,12,7,5
2019-04-16,3,1,2
2019-04-16,4,2,2
2019-04-16,1,1,0
2019-04-16,0,0,0
2019-04-16,1,0,1
2019-04-16,3,0,3
2019-04-16,12,2,10
2019-04-16,24,4,20
2019-04-16,42,9,33
2019-04-16,19,4,15
2019-04-16,13,6,7
2019-04-16,13,6,7
2019-04-16,22,7,15
2019-04-16,11,4,7
2019-04-16,17,8,9
2019-04-16,22,11,11
2019-04-16,22,12,10
2019-04-16,43,27,16
2019-04-16,29,12,17
2019-04-16,27,10,17
2019-04-16,10,3,7
2019-04-16,12,3,9
2019-04-16,6,1,5
2019-04-16,6,4,2
2019-04-17,2,1,1
2019-04-17,2,1,1
2019-04-17,1,0,1
2019-04-17,0,0,0
2019-04-17,0,0,0
2019-04-17,5,2,3
2019-04-17,16,2,14
2019-04-17,30,10,20
2019-04-17,26,9,17
2019-04-17,21,6,15
2019-04-17,13,0,13
2019-04-17,11,2,9
2019-04-17,20,6,14
2019-04-17,15,5,10
2019-04-17,10,3,7
2019-04-17,16,8,8
2019-04-17,27,16,11
2019-04-17,39,19,20
2019-04-17,44,17,27
2019-04-17,30,14,16
2019-04-17,19,10,9
2019-04-17,7,4,3
2019-04-17,8,2,6
2019-04-17,6,2,4
2019-04-18,3,1,2
2019-04-18,1,1,0
2019-04-18,0,0,0
2019-04-18,0,0,0
2019-04-18,2,0,2
2019-04-18,5,1,4
2019-04-18,9,0,9
2019-04-18,16,5,11
2019-04-18,20,5,15
2019-04-18,23,12,11
2019-04-18,8,0,8
2019-04-18,10,4,6
2019-04-18,19,7,12
2019-04-18,12,6,6
2019-04-18,16,6,10
2019-04-18,17,8,9
2019-04-18,24,15,9
2019-04-18,45,27,18
2019-04-18,39,21,18
2019-04-18,27,12,15
2019-04-18,15,7,8
2019-04-18,12,2,10
2019-04-18,9,3,6
2019-04-18,7,4,3
2019-04-19,4,1,3
2019-04-19,5,4,1
2019-04-19,2,0,2
2019-04-19,1,0,1
2019-04-19,2,0,2
2019-04-19,2,1,1
2019-04-19,10,1,9
2019-04-19,13,6,7
2019-04-19,32,11,21
2019-04-19,16,9,7
2019-04-19,13,1,12
2019-04-19,13,7,6
2019-04-19,12,4,8
2019-04-19,7,2,5
2019-04-19,15,6,9
2019-04-19,9,5,4
2019-04-19,19,10,9
2019-04-19,39,19,20
2019-04-19,17,10,7
2019-04-19,15,10,5
2019-04-19,8,3,5
2019-04-19,10,4,6
2019-04-19,7,2,5
2019-04-19,7,6,1
2019-04-20,1,0,1
2019-04-20,4,2,2
2019-04-20,2,2,0
2019-04-20,0,0,0
2019-04-20,1,0,1
2019-04-20,1,1,0
2019-04-20,5,2,3
2019-04-20,10,5,5
2019-04-20,6,4,2
2019-04-20,2,2,0
2019-04-20,8,5,3
2019-04-20,10,4,6
2019-04-20,11,5,6
2019-04-20,17,9,8
2019-04-20,18,13,5
2019-04-20,12,9,3
2019-04-20,34,21,13
2019-04-20,26,13,13
2019-04-20,15,5,10
2019-04-20,9,4,5
2019-04-20,15,8,7
2019-04-20,20,10,10
2019-04-20,14,4,10
2019-04-20,9,6,3
2019-04-21,3,1,2
2019-04-21,16,8,8
2019-04-21,1,1,0
2019-04-21,1,0,1
2019-04-21,0,0,0
2019-04-21,3,1,2
2019-04-21,5,0,5
2019-04-21,7,2,5
2019-04-21,2,2,0
2019-04-21,7,5,2
2019-04-21,11,6,5
2019-04-21,27,7,20
2019-04-21,12,4,8
2019-04-21,14,5,9
2019-04-21,18,7,11
2019-04-21,24,10,14
2019-04-21,20,15,5
2019-04-21,20,10,10
2019-04-21,27,12,15
2019-04-21,12,6,6
2019-04-21,10,3,7
2019-04-21,1,0,1
2019-04-21,3,2,1
2019-04-21,6,0,6
2019-04-22,0,0,0
2019-04-22,1,0,1
2019-04-22,0,0,0
2019-04-22,0,0,0
2019-04-22,3,1,2
2019-04-22,2,1,1
2019-04-22,12,1,11
2019-04-22,24,10,14
2019-04-22,36,11,25
2019-04-22,17,6,11
2019-04-22,9,1,8
2019-04-22,10,3,7
2019-04-22,22,7,15
2019-04-22,11,2,9
2019-04-22,12,6,6
2019-04-22,23,13,10
2019-04-22,18,12,6
2019-04-22,30,23,7
2019-04-22,24,8,16
2019-04-22,16,8,8
2019-04-22,6,3,3
2019-04-22,8,3,5
2019-04-22,7,4,3
2019-04-22,3,1,2
2019-04-23,0,0,0
2019-04-23,1,0,1
2019-04-23,2,0,2
2019-04-23,0,0,0
2019-04-23,3,0,3
2019-04-23,2,0,2
2019-04-23,10,3,7
2019-04-23,24,7,17
2019-04-23,39,9,30
2019-04-23,24,5,19
2019-04-23,15,7,8
2019-04-23,13,3,10
2019-04-23,15,3,12
2019-04-23,28,9,19
2019-04-23,24,9,15
2019-04-23,21,8,13
2019-04-23,28,13,15
2019-04-23,47,24,23
2019-04-23,56,19,37
2019-04-23,20,7,13
2019-04-23,24,9,15
2019-04-23,17,3,14
2019-04-23,5,2,3
2019-04-23,6,2,4
2019-04-24,0,0,0
2019-04-24,0,0,0
2019-04-24,1,1,0
2019-04-24,0,0,0
2019-04-24,2,0,2
2019-04-24,3,1,2
2019-04-24,10,2,8
2019-04-24,40,9,31
2019-04-24,47,12,35
2019-04-24,22,7,15
2019-04-24,14,5,9
2019-04-24,13,3,10
2019-04-24,22,6,16
2019-04-24,16,7,9
2019-04-24,13,5,8
2019-04-24,23,10,13
2019-04-24,27,16,11
2019-04-24,61,37,24
2019-04-24,44,18,26
2019-04-24,39,16,23
2019-04-24,26,9,17
2019-04-24,10,4,6
2019-04-24,11,5,6
2019-04-24,12,7,5
2019-04-25,1,0,1
2019-04-25,0,0,0
2019-04-25,2,1,1
2019-04-25,0,0,0
2019-04-25,3,1,2
2019-04-25,4,2,2
2019-04-25,22,3,19
2019-04-25,22,5,17
2019-04-25,40,6,34
2019-04-25,21,11,10
2019-04-25,11,1,10
2019-04-25,16,8,8
2019-04-25,23,4,19
2019-04-25,21,10,11
2019-04-25,12,4,8
2019-04-25,31,14,17
2019-04-25,30,16,14
2019-04-25,50,23,27
2019-04-25,34,14,20
2019-04-25,29,9,20
2019-04-25,32,14,18
2019-04-25,6,5,1
2019-04-25,12,9,3
2019-04-25,10,5,5
2019-04-26,8,4,4
2019-04-26,3,1,2
2019-04-26,11,3,8
2019-04-26,1,1,0
2019-04-26,1,0,1
2019-04-26,4,1,3
2019-04-26,9,1,8
2019-04-26,22,3,19
2019-04-26,37,6,31
2019-04-26,27,9,18
2019-04-26,8,4,4
2019-04-26,18,9,9
2019-04-26,20,3,17
2019-04-26,16,5,11
2019-04-26,20,10,10
2019-04-26,16,8,8
2019-04-26,23,10,13
2019-04-26,45,24,21
2019-04-26,39,14,25
2019-04-26,34,17,17
2019-04-26,15,4,11
2019-04-26,19,6,13
2019-04-26,14,8,6
2019-04-26,4,4,0
2019-04-27,7,1,6
2019-04-27,2,1,1
2019-04-27,2,1,1
2019-04-27,0,0,0
2019-04-27,1,0,1
2019-04-27,1,1,0
2019-04-27,8,2,6
2019-04-27,6,3,3
2019-04-27,7,3,4
2019-04-27,10,3,7
2019-04-27,11,8,3
2019-04-27,15,6,9
2019-04-27,23,8,15
2019-04-27,20,9,11
2019-04-27,12,5,7
2019-04-27,16,7,9
2019-04-27,10,3,7
2019-04-27,17,8,9
2019-04-27,33,18,15
2019-04-27,19,11,8
2019-04-27,12,3,9
2019-04-27,12,4,8
2019-04-27,7,1,6
2019-04-27,10,2,8
2019-04-28,5,3,2
2019-04-28,5,1,4
2019-04-28,4,2,2
2019-04-28,1,1,0
2019-04-28,1,1,0
2019-04-28,2,1,1
2019-04-28,5,1,4
2019-04-28,5,2,3
2019-04-28,2,1,1
2019-04-28,7,6,1
2019-04-28,15,5,10
2019-04-28,25,14,11
2019-04-28,14,7,7
2019-04-28,27,12,15
2019-04-28,29,9,20
2019-04-28,16,9,7
2019-04-28,25,11,14
2019-04-28,24,8,16
2019-04-28,13,3,10
2019-04-28,10,4,6
2019-04-28,6,2,4
2019-04-28,13,6,7
2019-04-28,5,3,2
2019-04-28,3,2,1
2019-04-29,5,0,5
2019-04-29,0,0,0
2019-04-29,0,0,0
2019-04-29,0,0,0
2019-04-29,1,0,1
2019-04-29,6,3,3
2019-04-29,15,3,12
2019-04-29,38,10,28
2019-04-29,42,4,38
2019-04-29,29,7,22
2019-04-29,12,7,5
2019-04-29,13,5,8
2019-04-29,14,3,11
2019-04-29,10,3,7
2019-04-29,19,11,8
2019-04-29,18,11,7
2019-04-29,33,23,10
2019-04-29,48,25,23
2019-04-29,55,23,32
2019-04-29,23,8,15
2019-04-29,17,4,13
2019-04-29,9,1,8
2019-04-29,15,4,11
2019-04-29,8,4,4
2019-04-30,1,0,1
2019-04-30,1,0,1
2019-04-30,0,0,0
2019-04-30,0,0,0
2019-04-30,2,0,2
2019-04-30,5,1,4
2019-04-30,15,4,11
2019-04-30,37,9,28
2019-04-30,40,7,33
2019-04-30,32,10,22
2019-04-30,18,6,12
2019-04-30,16,8,8
2019-04-30,20,5,15
2019-04-30,18,5,13
2019-04-30,21,6,15
2019-04-30,20,10,10
2019-04-30,34,15,19
2019-04-30,49,26,23
2019-04-30,48,16,32
2019-04-30,34,18,16
2019-04-30,26,8,18
2019-04-30,17,4,13
2019-04-30,15,4,11
2019-04-30,7,3,4
2019-08-03,56,39,17
2019-08-03,62,57,5
2019-08-03,38,22,16
2019-08-03,21,11,10
2019-08-03,13,6,7
2019-08-03,14,7,7
2019-08-03,17,6,11
2019-08-03,16,6,10
2019-08-04,10,6,4
2019-08-04,7,4,3
2019-08-04,4,2,2
2019-08-04,1,1,0
2019-08-04,1,1,0
2019-08-04,0,0,0
2019-08-04,5,1,4
2019-08-04,5,4,1
2019-08-04,8,5,3
2019-08-04,8,1,7
2019-08-04,12,5,7
2019-08-04,26,15,11
2019-08-04,34,14,20
2019-08-04,29,16,13
2019-08-04,25,12,13
2019-08-04,16,5,11
2019-08-04,26,15,11
2019-08-04,33,18,15
2019-08-04,26,12,14
2019-08-04,14,9,5
2019-08-04,16,7,9
2019-08-04,10,5,5
2019-08-04,14,10,4
2019-08-04,5,1,4
2019-08-05,1,0,1
2019-08-05,6,3,3
2019-08-05,0,0,0
2019-08-05,1,0,1
2019-08-05,0,0,0
2019-08-05,8,2,6
2019-08-05,6,3,3
2019-08-05,12,10,2
2019-08-05,29,14,15
2019-08-05,35,10,25
2019-08-05,18,8,10
2019-08-05,12,7,5
2019-08-05,23,9,14
2019-08-05,20,10,10
2019-08-05,23,10,13
2019-08-05,36,19,17
2019-08-05,38,24,14
2019-08-05,66,38,28
2019-08-05,51,16,35
2019-08-05,27,13,14
2019-08-05,32,11,21
2019-08-05,21,6,15
2019-08-05,6,4,2
2019-08-05,0,0,0
2019-05-01,0,0,0
2019-05-01,0,0,0
2019-05-01,2,1,1
2019-05-01,0,0,0
2019-05-01,0,0,0
2019-05-01,4,2,2
2019-05-01,18,4,14
2019-05-01,36,6,30
2019-05-01,45,10,35
2019-05-01,19,1,18
2019-05-01,21,6,15
2019-05-01,13,4,9
2019-05-01,21,7,14
2019-05-01,17,8,9
2019-05-01,17,5,12
2019-05-01,33,14,19
2019-05-01,42,21,21
2019-05-01,51,16,35
2019-05-01,53,23,30
2019-05-01,33,20,13
2019-05-01,15,3,12
2019-05-01,11,5,6
2019-05-01,7,2,5
2019-05-01,6,2,4
2019-05-02,2,0,2
2019-05-02,0,0,0
2019-05-02,1,1,0
2019-05-02,0,0,0
2019-05-02,1,0,1
2019-05-02,3,1,2
2019-05-02,22,3,19
2019-05-02,21,4,17
2019-05-02,35,5,30
2019-05-02,21,8,13
2019-05-02,16,8,8
2019-05-02,14,5,9
2019-05-02,17,5,12
2019-05-02,14,4,10
2019-05-02,20,8,12
2019-05-02,25,13,12
2019-05-02,34,18,16
2019-05-02,63,29,34
2019-05-02,41,16,25
2019-05-02,28,11,17
2019-05-02,28,12,16
2019-05-02,11,6,5
2019-05-02,12,5,7
2019-05-02,18,8,10
2019-05-03,1,0,1
2019-05-03,6,2,4
2019-05-03,3,1,2
2019-05-03,0,0,0
2019-05-03,0,0,0
2019-05-03,3,2,1
2019-05-03,21,5,16
2019-05-03,29,6,23
2019-05-03,31,7,24
2019-05-03,21,6,15
2019-05-03,10,3,7
2019-05-03,19,9,10
2019-05-03,26,12,14
2019-05-03,19,11,8
2019-05-03,16,5,11
2019-05-03,26,12,14
2019-05-03,28,21,7
2019-05-03,62,32,30
2019-05-03,40,19,21
2019-05-03,32,17,15
2019-05-03,24,10,14
2019-05-03,13,8,5
2019-05-03,9,3,6
2019-05-03,15,5,10
2019-05-04,4,2,2
2019-05-04,4,1,3
2019-05-04,3,3,0
2019-05-04,1,0,1
2019-05-04,2,1,1
2019-05-04,2,2,0
2019-05-04,3,0,3
2019-05-04,6,4,2
2019-05-04,16,7,9
2019-05-04,17,8,9
2019-05-04,16,6,10
2019-05-04,26,11,15
2019-05-04,33,16,17
2019-05-04,17,7,10
2019-05-04,32,17,15
2019-05-04,24,11,13
2019-05-04,33,19,14
2019-05-04,26,8,18
2019-05-04,34,16,18
2019-05-04,16,3,13
2019-05-04,22,10,12
2019-05-04,7,0,7
2019-05-04,7,2,5
2019-05-04,15,7,8
2019-05-05,5,1,4
2019-05-05,2,0,2
2019-05-05,7,3,4
2019-05-05,2,0,2
2019-05-05,1,1,0
2019-05-05,1,0,1
2019-05-05,3,0,3
2019-05-05,2,1,1
2019-05-05,8,4,4
2019-05-05,11,7,4
2019-05-05,14,4,10
2019-05-05,27,12,15
2019-05-05,33,13,20
2019-05-05,21,13,8
2019-05-05,29,13,16
2019-05-05,25,10,15
2019-05-05,21,10,11
2019-05-05,24,10,14
2019-05-05,33,13,20
2019-05-05,11,2,9
2019-05-05,10,5,5
2019-05-05,14,4,10
2019-05-05,9,2,7
2019-05-05,4,1,3
2019-05-06,3,0,3
2019-05-06,1,0,1
2019-05-06,0,0,0
2019-05-06,2,0,2
2019-05-06,1,0,1
2019-05-06,1,1,0
2019-05-06,21,2,19
2019-05-06,31,8,23
2019-05-06,53,13,40
2019-05-06,24,9,15
2019-05-06,12,5,7
2019-05-06,13,4,9
2019-05-06,18,6,12
2019-05-06,25,10,15
2019-05-06,19,9,10
2019-05-06,17,7,10
2019-05-06,37,22,15
2019-05-06,65,40,25
2019-05-06,49,21,28
2019-05-06,28,12,16
2019-05-06,20,7,13
2019-05-06,10,4,6
2019-05-06,10,2,8
2019-05-06,8,5,3
2019-05-07,2,1,1
2019-05-07,1,0,1
2019-05-07,0,0,0
2019-05-07,0,0,0
2019-05-07,2,0,2
2019-05-07,3,1,2
2019-05-07,19,1,18
2019-05-07,41,7,34
2019-05-07,65,15,50
2019-05-07,34,16,18
2019-05-07,16,7,9
2019-05-07,12,4,8
2019-05-07,31,14,17
2019-05-07,25,9,16
2019-05-07,22,11,11
2019-05-07,15,5,10
2019-05-07,32,16,16
2019-05-07,74,38,36
2019-05-07,57,26,31
2019-05-07,45,16,29
2019-05-07,27,7,20
2019-05-07,19,5,14
2019-05-07,8,2,6
2019-05-07,7,3,4
2019-05-08,4,0,4
2019-05-08,0,0,0
2019-05-08,1,1,0
2019-05-08,0,0,0
2019-05-08,1,0,1
2019-05-08,4,2,2
2019-05-08,16,4,12
2019-05-08,41,3,38
2019-05-08,38,6,32
2019-05-08,29,7,22
2019-05-08,21,8,13
2019-05-08,17,7,10
2019-05-08,24,11,13
2019-05-08,23,7,16
2019-05-08,24,8,16
2019-05-08,35,17,18
2019-05-08,35,20,15
2019-05-08,67,30,37
2019-05-08,45,23,22
2019-05-08,38,19,19
2019-05-08,27,13,14
2019-05-08,23,8,15
2019-05-08,4,4,0
2019-05-08,12,4,8
2019-05-09,4,2,2
2019-05-09,1,0,1
2019-05-09,1,1,0
2019-05-09,1,0,1
2019-05-09,3,1,2
2019-05-09,6,1,5
2019-05-09,17,2,15
2019-05-09,35,6,29
2019-05-09,46,18,28
2019-05-09,34,14,20
2019-05-09,15,5,10
2019-05-09,17,5,12
2019-05-09,18,6,12
2019-05-09,26,11,15
2019-05-09,15,8,7
2019-05-09,33,18,15
2019-05-09,36,20,16
2019-05-09,64,31,33
2019-05-09,55,19,36
2019-05-09,40,17,23
2019-05-09,34,17,17
2019-05-09,17,10,7
2019-05-09,13,3,10
2019-05-09,8,2,6
2019-05-10,5,2,3
2019-05-10,0,0,0
2019-05-10,4,3,1
2019-05-10,0,0,0
2019-05-10,1,0,1
2019-05-10,5,1,4
2019-05-10,18,2,16
2019-05-10,36,8,28
2019-05-10,37,15,22
2019-05-10,26,11,15
2019-05-10,14,4,10
2019-05-10,21,12,9
2019-05-10,16,4,12
2019-05-10,15,5,10
2019-05-10,23,11,12
2019-05-10,21,11,10
2019-05-10,39,22,17
2019-05-10,48,26,22
2019-05-10,31,10,21
2019-05-10,18,8,10
2019-05-10,19,9,10
2019-05-10,18,8,10
2019-05-10,6,1,5
2019-05-10,15,8,7
2019-05-11,16,7,9
2019-05-11,8,3,5
2019-05-11,4,1,3
2019-05-11,1,0,1
2019-05-11,0,0,0
2019-05-11,0,0,0
2019-05-11,8,1,7
2019-05-11,2,1,1
2019-05-11,11,3,8
2019-05-11,14,7,7
2019-05-11,13,5,8
2019-05-11,16,11,5
2019-05-11,25,9,16
2019-05-11,24,11,13
2019-05-11,26,14,12
2019-05-11,16,7,9
2019-05-11,27,15,12
2019-05-11,22,5,17
2019-05-11,24,7,17
2019-05-11,21,16,5
2019-05-11,14,5,9
2019-05-11,10,8,2
2019-05-11,15,9,6
2019-05-11,10,4,6
2019-05-12,2,0,2
2019-05-12,5,1,4
2019-05-12,6,5,1
2019-05-12,2,0,2
2019-05-12,1,0,1
2019-05-12,1,0,1
2019-05-12,7,0,7
2019-05-12,5,1,4
2019-05-12,4,1,3
2019-05-12,8,3,5
2019-05-12,9,2,7
2019-05-12,17,8,9
2019-05-12,28,13,15
2019-05-12,24,7,17
2019-05-12,18,6,12
2019-05-12,10,3,7
2019-05-12,16,11,5
2019-05-12,15,7,8
2019-05-12,32,9,23
2019-05-12,14,7,7
2019-05-12,19,12,7
2019-05-12,10,5,5
2019-05-12,3,3,0
2019-05-12,3,3,0
2019-05-13,9,1,8
2019-05-13,0,0,0
2019-05-13,0,0,0
2019-05-13,1,1,0
2019-05-13,1,0,1
2019-05-13,7,2,5
2019-05-13,14,2,12
2019-05-13,43,7,36
2019-05-13,47,10,37
2019-05-13,29,11,18
2019-05-13,14,6,8
2019-05-13,9,3,6
2019-05-13,14,7,7
2019-05-13,15,4,11
2019-05-13,18,8,10
2019-05-13,24,10,14
2019-05-13,30,19,11
2019-05-13,67,36,31
2019-05-13,39,9,30
2019-05-13,31,16,15
2019-05-13,27,10,17
2019-05-13,12,4,8
2019-05-13,7,2,5
2019-05-13,6,5,1
2019-05-14,3,2,1
2019-05-14,0,0,0
2019-05-14,0,0,0
2019-05-14,2,1,1
2019-05-14,2,0,2
2019-05-14,3,1,2
2019-05-14,18,5,13
2019-05-14,31,9,22
2019-05-14,27,5,22
2019-05-14,13,3,10
2019-05-14,9,2,7
2019-05-14,4,3,1
2019-05-14,13,5,8
2019-05-14,14,1,13
2019-05-14,10,6,4
2019-05-14,18,9,9
2019-05-14,17,12,5
2019-05-14,34,17,17
2019-05-14,37,14,23
2019-05-14,26,12,14
2019-05-14,18,11,7
2019-05-14,15,9,6
2019-05-14,11,4,7
2019-05-14,6,3,3
2019-05-15,2,0,2
2019-05-15,0,0,0
2019-05-15,0,0,0
2019-05-15,1,0,1
2019-05-15,1,0,1
2019-05-15,7,2,5
2019-05-15,18,3,15
2019-05-15,44,8,36
2019-05-15,44,12,32
2019-05-15,27,6,21
2019-05-15,13,6,7
2019-05-15,16,4,12
2019-05-15,27,16,11
2019-05-15,19,6,13
2019-05-15,14,5,9
2019-05-15,28,9,19
2019-05-15,37,24,13
2019-05-15,51,20,31
2019-05-15,32,9,23
2019-05-15,24,9,15
2019-05-15,10,5,5
2019-05-15,15,4,11
2019-05-15,11,5,6
2019-05-15,7,2,5
2019-05-16,4,1,3
2019-05-16,1,0,1
2019-05-16,0,0,0
2019-05-16,1,0,1
2019-05-16,2,1,1
2019-05-16,5,0,5
2019-05-16,12,1,11
2019-05-16,35,7,28
2019-05-16,35,9,26
2019-05-16,18,6,12
2019-05-16,17,6,11
2019-05-16,12,6,6
2019-05-16,18,6,12
2019-05-16,13,5,8
2019-05-16,15,9,6
2019-05-16,17,9,8
2019-05-16,14,11,3
2019-05-16,43,27,16
2019-05-16,26,13,13
2019-05-16,24,8,16
2019-05-16,22,7,15
2019-05-16,18,7,11
2019-05-16,6,3,3
2019-05-16,5,2,3
2019-05-17,2,0,2
2019-05-17,3,2,1
2019-05-17,0,0,0
2019-05-17,0,0,0
2019-05-17,1,0,1
2019-05-17,4,3,1
2019-05-17,7,0,7
2019-05-17,29,5,24
2019-05-17,35,8,27
2019-05-17,19,8,11
2019-05-17,8,3,5
2019-05-17,15,8,7
2019-05-17,12,5,7
2019-05-17,20,4,16
2019-05-17,12,5,7
2019-05-17,27,12,15
2019-05-17,50,17,33
2019-05-17,49,26,23
2019-05-17,41,19,22
2019-05-17,29,11,18
2019-05-17,21,14,7
2019-05-17,15,4,11
2019-05-17,4,3,1
2019-05-17,3,1,2
2019-05-18,3,3,0
2019-05-18,7,4,3
2019-05-18,2,0,2
2019-05-18,2,1,1
2019-05-18,2,0,2
2019-05-18,1,1,0
2019-05-18,4,0,4
2019-05-18,7,4,3
2019-05-18,7,5,2
2019-05-18,7,3,4
2019-05-18,15,11,4
2019-05-18,22,11,11
2019-05-18,34,10,24
2019-05-18,22,12,10
2019-05-18,33,9,24
2019-05-18,30,14,16
2019-05-18,23,10,13
2019-05-18,21,9,12
2019-05-18,26,9,17
2019-05-18,14,3,11
2019-05-18,19,9,10
2019-05-18,7,2,5
2019-05-18,13,5,8
2019-05-18,29,11,18
2019-05-19,11,1,10
2019-05-19,5,1,4
2019-05-19,5,2,3
2019-05-19,2,0,2
2019-05-19,0,0,0
2019-05-19,1,0,1
2019-05-19,6,0,6
2019-05-19,1,1,0
2019-05-19,4,1,3
2019-05-19,11,2,9
2019-05-19,10,4,6
2019-05-19,17,9,8
2019-05-19,15,10,5
2019-05-19,28,11,17
2019-05-19,28,15,13
2019-05-19,38,20,18
2019-05-19,28,13,15
2019-05-19,26,12,14
2019-05-19,19,7,12
2019-05-19,24,14,10
2019-05-19,9,5,4
2019-05-19,22,10,12
2019-05-19,12,5,7
2019-05-19,8,4,4
2019-05-20,6,1,5
2019-05-20,4,2,2
2019-05-20,2,0,2
2019-05-20,1,0,1
2019-05-20,1,0,1
2019-05-20,6,3,3
2019-05-20,9,0,9
2019-05-20,29,6,23
2019-05-20,37,11,26
2019-05-20,18,6,12
2019-05-20,5,0,5
2019-05-20,7,3,4
2019-05-20,7,3,4
2019-05-20,11,1,10
2019-05-20,16,12,4
2019-05-20,13,5,8
2019-05-20,24,19,5
2019-05-20,34,20,14
2019-05-20,37,18,19
2019-05-20,16,9,7
2019-05-20,9,3,6
2019-05-20,7,2,5
2019-05-20,8,4,4
2019-05-20,4,2,2
2019-05-21,3,0,3
2019-05-21,0,0,0
2019-05-21,1,0,1
2019-05-21,2,0,2
2019-05-21,0,0,0
2019-05-21,8,2,6
2019-05-21,14,3,11
2019-05-21,28,4,24
2019-05-21,36,13,23
2019-05-21,19,8,11
2019-05-21,20,9,11
2019-05-21,10,6,4
2019-05-21,18,5,13
2019-05-21,21,8,13
2019-05-21,17,7,10
2019-05-21,22,9,13
2019-05-21,23,9,14
2019-05-21,53,28,25
2019-05-21,35,10,25
2019-05-21,19,8,11
2019-05-21,29,15,14
2019-05-21,15,5,10
2019-05-21,9,4,5
2019-05-21,8,5,3
2019-05-22,1,0,1
2019-05-22,0,0,0
2019-05-22,0,0,0
2019-05-22,1,0,1
2019-05-22,1,0,1
2019-05-22,3,1,2
2019-05-22,11,1,10
2019-05-22,44,6,38
2019-05-22,44,12,32
2019-05-22,21,8,13
2019-05-22,15,6,9
2019-05-22,12,3,9
2019-05-22,25,6,19
2019-05-22,13,4,9
2019-05-22,18,8,10
2019-05-22,31,17,14
2019-05-22,28,20,8
2019-05-22,70,36,34
2019-05-22,54,24,30
2019-05-22,57,28,29
2019-05-22,29,12,17
2019-05-22,28,18,10
2019-05-22,8,3,5
2019-05-22,5,3,2
2019-05-23,4,3,1
2019-05-23,1,1,0
2019-05-23,2,1,1
2019-05-23,1,0,1
2019-05-23,1,0,1
2019-05-23,4,0,4
2019-05-23,17,5,12
2019-05-23,37,7,30
2019-05-23,48,12,36
2019-05-23,27,6,21
2019-05-23,12,4,8
2019-05-23,23,14,9
2019-05-23,23,6,17
2019-05-23,20,6,14
2019-05-23,27,12,15
2019-05-23,24,12,12
2019-05-23,32,13,19
2019-05-23,61,31,30
2019-05-23,53,23,30
2019-05-23,46,24,22
2019-05-23,29,14,15
2019-05-23,17,8,9
2019-05-23,14,8,6
2019-05-23,11,4,7
2019-05-24,4,2,2
2019-05-24,4,0,4
2019-05-24,1,1,0
2019-05-24,1,1,0
2019-05-24,1,0,1
2019-05-24,2,0,2
2019-05-24,17,4,13
2019-05-24,38,6,32
2019-05-24,22,5,17
2019-05-24,14,7,7
2019-05-24,11,4,7
2019-05-24,14,5,9
2019-05-24,18,8,10
2019-05-24,21,9,12
2019-05-24,19,8,11
2019-05-24,16,9,7
2019-05-24,36,19,17
2019-05-24,48,23,25
2019-05-24,26,11,15
2019-05-24,34,17,17
2019-05-24,19,9,10
2019-05-24,15,5,10
2019-05-24,18,9,9
2019-05-24,7,5,2
2019-05-25,7,5,2
2019-05-25,9,2,7
2019-05-25,4,4,0
2019-05-25,1,0,1
2019-05-25,0,0,0
2019-05-25,1,1,0
2019-05-25,3,0,3
2019-05-25,5,2,3
2019-05-25,6,6,0
2019-05-25,5,2,3
2019-05-25,8,2,6
2019-05-25,12,6,6
2019-05-25,10,4,6
2019-05-25,8,5,3
2019-05-25,6,1,5
2019-05-25,7,4,3
2019-05-25,7,4,3
2019-05-25,1,0,1
2019-05-25,19,6,13
2019-05-25,12,5,7
2019-05-25,11,7,4
2019-05-25,9,5,4
2019-05-25,0,0,0
2019-05-25,4,2,2
2019-05-26,7,2,5
2019-05-26,20,10,10
2019-05-26,1,1,0
2019-05-26,1,0,1
2019-05-26,1,0,1
2019-05-26,0,0,0
2019-05-26,8,0,8
2019-05-26,7,2,5
2019-05-26,5,1,4
2019-05-26,10,6,4
2019-05-26,16,7,9
2019-05-26,20,13,7
2019-05-26,10,4,6
2019-05-26,26,7,19
2019-05-26,13,5,8
2019-05-26,19,10,9
2019-05-26,26,14,12
2019-05-26,21,9,12
2019-05-26,17,8,9
2019-05-26,22,10,12
2019-05-26,11,6,5
2019-05-26,12,6,6
2019-05-26,16,6,10
2019-05-26,7,3,4
2019-05-27,17,7,10
2019-05-27,4,2,2
2019-05-27,1,1,0
2019-05-27,2,0,2
2019-05-27,0,0,0
2019-05-27,3,1,2
2019-05-27,4,2,2
2019-05-27,3,0,3
2019-05-27,7,4,3
2019-05-27,13,4,9
2019-05-27,14,9,5
2019-05-27,11,5,6
2019-05-27,26,16,10
2019-05-27,39,24,15
2019-05-27,26,17,9
2019-05-27,25,14,11
2019-05-27,18,7,11
2019-05-27,22,11,11
2019-05-27,19,5,14
2019-05-27,22,12,10
2019-05-27,13,6,7
2019-05-27,9,2,7
2019-05-27,7,4,3
2019-05-27,2,1,1
2019-05-28,4,1,3
2019-05-28,1,1,0
2019-05-28,0,0,0
2019-05-28,1,1,0
2019-05-28,1,0,1
2019-05-28,5,1,4
2019-05-28,25,6,19
2019-05-28,43,6,37
2019-05-28,45,16,29
2019-05-28,28,12,16
2019-05-28,12,3,9
2019-05-28,11,4,7
2019-05-28,15,8,7
2019-05-28,20,8,12
2019-05-28,23,8,15
2019-05-28,25,16,9
2019-05-28,41,20,21
2019-05-28,41,23,18
2019-05-28,47,21,26
2019-05-28,32,15,17
2019-05-28,21,13,8
2019-05-28,17,9,8
2019-05-28,11,4,7
2019-05-28,8,3,5
2019-05-29,3,1,2
2019-05-29,0,0,0
2019-05-29,0,0,0
2019-05-29,0,0,0
2019-05-29,0,0,0
2019-05-29,5,2,3
2019-05-29,19,6,13
2019-05-29,45,9,36
2019-05-29,49,14,35
2019-05-29,23,9,14
2019-05-29,20,10,10
2019-05-29,19,8,11
2019-05-29,26,13,13
2019-05-29,22,3,19
2019-05-29,22,9,13
2019-05-29,27,12,15
2019-05-29,34,24,10
2019-05-29,59,27,32
2019-05-29,47,17,30
2019-05-29,52,21,31
2019-05-29,21,12,9
2019-05-29,14,4,10
2019-05-29,13,5,8
2019-05-29,12,9,3
2019-05-30,6,5,1
2019-05-30,1,1,0
2019-05-30,1,1,0
2019-05-30,0,0,0
2019-05-30,2,0,2
2019-05-30,6,1,5
2019-05-30,20,3,17
2019-05-30,40,7,33
2019-05-30,43,10,33
2019-05-30,31,12,19
2019-05-30,23,10,13
2019-05-30,14,2,12
2019-05-30,29,11,18
2019-05-30,28,14,14
2019-05-30,32,16,16
2019-05-30,31,20,11
2019-05-30,39,23,16
2019-05-30,55,27,28
2019-05-30,55,22,33
2019-05-30,31,14,17
2019-05-30,22,12,10
2019-05-30,17,7,10
2019-05-30,18,6,12
2019-05-30,10,6,4
2019-05-31,6,4,2
2019-05-31,4,0,4
2019-05-31,4,2,2
2019-05-31,1,0,1
2019-05-31,0,0,0
2019-05-31,6,1,5
2019-05-31,21,7,14
2019-05-31,39,10,29
2019-05-31,44,11,33
2019-05-31,24,8,16
2019-05-31,11,2,9
2019-05-31,19,8,11
2019-05-31,20,7,13
2019-05-31,14,4,10
2019-05-31,26,13,13
2019-05-31,19,10,9
2019-05-31,32,8,24
2019-05-31,50,26,24
2019-05-31,42,18,24
2019-05-31,36,23,13
2019-05-31,25,14,11
2019-05-31,21,11,10
2019-05-31,19,16,3
2019-05-31,10,6,4
2019-08-06,0,0,0
2019-08-06,0,0,0
2019-08-06,0,0,0
2019-08-06,0,0,0
2019-08-06,0,0,0
2019-08-06,0,0,0
2019-08-06,1,1,0
2019-08-06,4,4,0
2019-08-06,18,3,15
2019-08-06,19,1,18
2019-08-06,9,3,6
2019-08-06,9,2,7
2019-08-06,15,2,13
2019-08-06,16,5,11
2019-08-06,26,11,15
2019-08-06,30,15,15
2019-08-06,33,23,10
2019-08-06,50,22,28
2019-08-06,34,2,32
2019-08-06,32,3,29
2019-08-06,6,1,5
2019-08-06,5,0,5
2019-08-06,1,0,1
2019-08-06,5,2,3
2019-08-07,1,1,0
2019-08-07,1,1,0
2019-08-07,0,0,0
2019-08-07,0,0,0
2019-08-07,0,0,0
2019-08-07,1,0,1
2019-08-07,12,1,11
2019-08-07,32,5,27
2019-06-01,15,4,11
2019-06-01,3,2,1
2019-06-01,3,3,0
2019-06-01,1,0,1
2019-06-01,0,0,0
2019-06-01,5,2,3
2019-06-01,6,1,5
2019-06-01,5,1,4
2019-06-01,6,3,3
2019-06-01,3,2,1
2019-06-01,4,2,2
2019-06-01,10,5,5
2019-06-01,22,10,12
2019-06-01,27,16,11
2019-06-01,18,12,6
2019-06-01,45,21,24
2019-06-01,23,6,17
2019-06-01,20,12,8
2019-06-01,27,6,21
2019-06-01,24,10,14
2019-06-01,16,7,9
2019-06-01,19,10,9
2019-06-01,18,5,13
2019-06-01,15,9,6
2019-06-02,6,2,4
2019-06-02,5,0,5
2019-06-02,5,3,2
2019-06-02,2,0,2
2019-06-02,0,0,0
2019-06-02,3,1,2
2019-06-02,9,2,7
2019-06-02,6,1,5
2019-06-02,9,7,2
2019-06-02,11,6,5
2019-06-02,14,11,3
2019-06-02,23,15,8
2019-06-02,36,21,15
2019-06-02,33,15,18
2019-06-02,26,11,15
2019-06-02,36,13,23
2019-06-02,16,7,9
2019-06-02,23,8,15
2019-06-02,18,4,14
2019-06-02,25,15,10
2019-06-02,14,6,8
2019-06-02,16,8,8
2019-06-02,7,4,3
2019-06-02,3,1,2
2019-06-03,4,1,3
2019-06-03,2,0,2
2019-06-03,0,0,0
2019-06-03,1,0,1
2019-06-03,2,1,1
2019-06-03,9,2,7
2019-06-03,17,4,13
2019-06-03,38,8,30
2019-06-03,47,13,34
2019-06-03,28,12,16
2019-06-03,18,7,11
2019-06-03,9,2,7
2019-06-03,21,7,14
2019-06-03,20,8,12
2019-06-03,25,10,15
2019-06-03,23,13,10
2019-06-03,32,22,10
2019-06-03,74,33,41
2019-06-03,54,31,23
2019-06-03,52,29,23
2019-06-03,20,9,11
2019-06-03,21,7,14
2019-06-03,8,5,3
2019-06-03,8,5,3
2019-06-04,4,0,4
2019-06-04,1,0,1
2019-06-04,1,0,1
2019-06-04,1,0,1
2019-06-04,1,0,1
2019-06-04,4,2,2
2019-06-04,27,7,20
2019-06-04,42,10,32
2019-06-04,45,16,29
2019-06-04,24,15,9
2019-06-04,20,3,17
2019-06-04,18,5,13
2019-06-04,26,8,18
2019-06-04,23,11,12
2019-06-04,25,15,10
2019-06-04,26,10,16
2019-06-04,34,25,9
2019-06-04,71,36,35
2019-06-04,59,30,29
2019-06-04,47,23,24
2019-06-04,28,16,12
2019-06-04,18,9,9
2019-06-04,15,5,10
2019-06-04,11,4,7
2019-06-05,5,4,1
2019-06-05,8,6,2
2019-06-05,0,0,0
2019-06-05,2,1,1
2019-06-05,1,0,1
2019-06-05,7,2,5
2019-06-05,15,2,13
2019-06-05,50,12,38
2019-06-05,45,19,26
2019-06-05,28,16,12
2019-06-05,18,6,12
2019-06-05,16,6,10
2019-06-05,26,10,16
2019-06-05,18,9,9
2019-06-05,27,16,11
2019-06-05,30,19,11
2019-06-05,38,18,20
2019-06-05,49,33,16
2019-06-05,59,29,30
2019-06-05,43,26,17
2019-06-05,27,9,18
2019-06-05,15,7,8
2019-06-05,15,8,7
2019-06-05,5,2,3
2019-06-06,3,2,1
2019-06-06,1,0,1
2019-06-06,2,1,1
2019-06-06,2,0,2
2019-06-06,1,0,1
2019-06-06,10,5,5
2019-06-06,17,6,11
2019-06-06,39,8,31
2019-06-06,35,13,22
2019-06-06,28,14,14
2019-06-06,19,9,10
2019-06-06,16,5,11
2019-06-06,39,22,17
2019-06-06,22,9,13
2019-06-06,17,8,9
2019-06-06,26,13,13
2019-06-06,34,25,9
2019-06-06,70,30,40
2019-06-06,51,23,28
2019-06-06,32,19,13
2019-06-06,33,20,13
2019-06-06,22,15,7
2019-06-06,16,7,9
2019-06-06,13,7,6
2019-06-07,6,2,4
2019-06-07,3,2,1
2019-06-07,1,0,1
2019-06-07,1,0,1
2019-06-07,0,0,0
2019-06-07,8,2,6
2019-06-07,18,3,15
2019-06-07,28,10,18
2019-06-07,32,10,22
2019-06-07,20,9,11
2019-06-07,10,4,6
2019-06-07,18,6,12
2019-06-07,25,15,10
2019-06-07,11,4,7
2019-06-07,12,7,5
2019-06-07,21,12,9
2019-06-07,31,23,8
2019-06-07,52,30,22
2019-06-07,36,16,20
2019-06-07,35,21,14
2019-06-07,18,11,7
2019-06-07,21,10,11
2019-06-07,14,7,7
2019-06-07,5,4,1
2019-06-08,7,2,5
2019-06-08,11,7,4
2019-06-08,6,3,3
2019-06-08,6,2,4
2019-06-08,0,0,0
2019-06-08,2,1,1
2019-06-08,6,2,4
2019-06-08,5,3,2
2019-06-08,9,6,3
2019-06-08,11,3,8
2019-06-08,12,6,6
2019-06-08,26,10,16
2019-06-08,35,23,12
2019-06-08,30,16,14
2019-06-08,43,28,15
2019-06-08,24,11,13
2019-06-08,30,18,12
2019-06-08,28,16,12
2019-06-08,39,20,19
2019-06-08,28,20,8
2019-06-08,23,11,12
2019-06-08,18,11,7
2019-06-08,10,4,6
2019-06-08,10,4,6
2019-06-09,17,9,8
2019-06-09,6,4,2
2019-06-09,11,4,7
2019-06-09,3,2,1
2019-06-09,0,0,0
2019-06-09,6,2,4
2019-06-09,5,0,5
2019-06-09,6,3,3
2019-06-09,9,2,7
2019-06-09,22,12,10
2019-06-09,11,6,5
2019-06-09,20,14,6
2019-06-09,35,20,15
2019-06-09,32,16,16
2019-06-09,26,15,11
2019-06-09,34,12,22
2019-06-09,32,18,14
2019-06-09,38,24,14
2019-06-09,20,6,14
2019-06-09,23,13,10
2019-06-09,19,7,12
2019-06-09,7,4,3
2019-06-09,5,2,3
2019-06-09,5,2,3
2019-06-10,10,6,4
2019-06-10,1,0,1
2019-06-10,2,2,0
2019-06-10,2,1,1
2019-06-10,1,0,1
2019-06-10,10,3,7
2019-06-10,16,2,14
2019-06-10,45,13,32
2019-06-10,50,17,33
2019-06-10,22,12,10
2019-06-10,20,10,10
2019-06-10,6,4,2
2019-06-10,15,3,12
2019-06-10,14,5,9
2019-06-10,30,11,19
2019-06-10,25,15,10
2019-06-10,48,30,18
2019-06-10,59,25,34
2019-06-10,57,23,34
2019-06-10,38,19,19
2019-06-10,37,17,20
2019-06-10,16,9,7
2019-06-10,15,7,8
2019-06-10,9,5,4
2019-06-11,2,1,1
2019-06-11,3,1,2
2019-06-11,3,1,2
2019-06-11,1,0,1
2019-06-11,2,0,2
2019-06-11,7,2,5
2019-06-11,24,3,21
2019-06-11,48,14,34
2019-06-11,59,17,42
2019-06-11,31,13,18
2019-06-11,24,12,12
2019-06-11,19,13,6
2019-06-11,29,15,14
2019-06-11,29,10,19
2019-06-11,27,10,17
2019-06-11,34,12,22
2019-06-11,49,32,17
2019-06-11,68,42,26
2019-06-11,61,36,25
2019-06-11,47,24,23
2019-06-11,18,8,10
2019-06-11,19,7,12
2019-06-11,12,5,7
2019-06-11,15,7,8
2019-06-12,5,2,3
2019-06-12,2,0,2
2019-06-12,3,0,3
2019-06-12,1,0,1
2019-06-12,1,0,1
2019-06-12,9,5,4
2019-06-12,11,2,9
2019-06-12,65,13,52
2019-06-12,53,19,34
2019-06-12,26,9,17
2019-06-12,12,8,4
2019-06-12,20,8,12
2019-06-12,25,13,12
2019-06-12,11,6,5
2019-06-12,30,13,17
2019-06-12,33,13,20
2019-06-12,41,24,17
2019-06-12,94,52,42
2019-06-12,58,29,29
2019-06-12,38,22,16
2019-06-12,26,12,14
2019-06-12,29,11,18
2019-06-12,16,9,7
2019-06-12,13,7,6
2019-06-13,4,1,3
2019-06-13,3,1,2
2019-06-13,2,2,0
2019-06-13,1,0,1
2019-06-13,2,0,2
2019-06-13,3,2,1
2019-06-13,14,3,11
2019-06-13,47,15,32
2019-06-13,43,14,29
2019-06-13,38,12,26
2019-06-13,16,6,10
2019-06-13,12,9,3
2019-06-13,22,7,15
2019-06-13,27,11,16
2019-06-13,23,9,14
2019-06-13,27,13,14
2019-06-13,43,24,19
2019-06-13,72,40,32
2019-06-13,51,19,32
2019-06-13,41,21,20
2019-06-13,25,13,12
2019-06-13,38,27,11
2019-06-13,17,6,11
2019-06-13,18,9,9
2019-06-14,3,0,3
2019-06-14,1,1,0
2019-06-14,1,1,0
2019-06-14,0,0,0
2019-06-14,2,1,1
2019-06-14,4,1,3
2019-06-14,16,1,15
2019-06-14,37,7,30
2019-06-14,39,12,27
2019-06-14,38,19,19
2019-06-14,16,5,11
2019-06-14,24,13,11
2019-06-14,17,11,6
2019-06-14,20,8,12
2019-06-14,18,9,9
2019-06-14,28,12,16
2019-06-14,47,27,20
2019-06-14,47,24,23
2019-06-14,50,28,22
2019-06-14,43,23,20
2019-06-14,43,21,22
2019-06-14,28,14,14
2019-06-14,21,9,12
2019-06-14,9,8,1
2019-06-15,3,1,2
2019-06-15,4,4,0
2019-06-15,2,1,1
2019-06-15,2,0,2
2019-06-15,0,0,0
2019-06-15,4,1,3
2019-06-15,5,1,4
2019-06-15,7,2,5
2019-06-15,13,4,9
2019-06-15,10,3,7
2019-06-15,18,10,8
2019-06-15,16,7,9
2019-06-15,40,26,14
2019-06-15,27,20,7
2019-06-15,25,15,10
2019-06-15,22,7,15
2019-06-15,24,10,14
2019-06-15,13,3,10
2019-06-15,18,9,9
2019-06-15,22,10,12
2019-06-15,22,10,12
2019-06-15,20,10,10
2019-06-15,8,5,3
2019-06-15,9,3,6
2019-06-16,8,6,2
2019-06-16,2,0,2
2019-06-16,3,1,2
2019-06-16,3,1,2
2019-06-16,2,0,2
2019-06-16,3,0,3
2019-06-16,4,0,4
2019-06-16,8,4,4
2019-06-16,10,6,4
2019-06-16,10,4,6
2019-06-16,16,9,7
2019-06-16,29,19,10
2019-06-16,37,12,25
2019-06-16,33,19,14
2019-06-16,22,7,15
2019-06-16,22,10,12
2019-06-16,36,14,22
2019-06-16,24,11,13
2019-06-16,18,8,10
2019-06-16,22,10,12
2019-06-16,17,8,9
2019-06-16,17,5,12
2019-06-16,6,3,3
2019-06-16,6,4,2
2019-06-17,5,1,4
2019-06-17,1,1,0
2019-06-17,2,1,1
2019-06-17,1,0,1
2019-06-17,1,0,1
2019-06-17,5,1,4
2019-06-17,15,5,10
2019-06-17,42,17,25
2019-06-17,47,14,33
2019-06-17,23,13,10
2019-06-17,16,6,10
2019-06-17,9,5,4
2019-06-17,18,9,9
2019-06-17,15,8,7
2019-06-17,27,17,10
2019-06-17,27,12,15
2019-06-17,32,22,10
2019-06-17,57,27,30
2019-06-17,57,16,41
2019-06-17,30,9,21
2019-06-17,16,10,6
2019-06-17,20,9,11
2019-06-17,17,11,6
2019-06-17,8,6,2
2019-06-18,5,0,5
2019-06-18,4,3,1
2019-06-18,1,0,1
2019-06-18,3,3,0
2019-06-18,0,0,0
2019-06-18,7,3,4
2019-06-18,14,0,14
2019-06-18,21,4,17
2019-06-18,38,7,31
2019-06-18,18,11,7
2019-06-18,15,7,8
2019-06-18,15,4,11
2019-06-18,13,2,11
2019-06-18,15,6,9
2019-06-18,18,5,13
2019-06-18,15,4,11
2019-06-18,18,8,10
2019-06-18,54,25,29
2019-06-18,51,23,28
2019-06-18,30,18,12
2019-06-18,23,16,7
2019-06-18,42,26,16
2019-06-18,15,7,8
2019-06-18,6,5,1
2019-06-19,4,3,1
2019-06-19,1,1,0
2019-06-19,2,0,2
2019-06-19,0,0,0
2019-06-19,1,1,0
2019-06-19,6,2,4
2019-06-19,13,1,12
2019-06-19,37,8,29
2019-06-19,54,12,42
2019-06-19,25,10,15
2019-06-19,16,7,9
2019-06-19,14,4,10
2019-06-19,17,4,13
2019-06-19,24,14,10
2019-06-19,28,15,13
2019-06-19,23,14,9
2019-06-19,38,26,12
2019-06-19,71,28,43
2019-06-19,58,21,37
2019-06-19,44,24,20
2019-06-19,25,13,12
2019-06-19,11,3,8
2019-06-19,5,2,3
2019-06-19,9,4,5
2019-06-20,3,1,2
2019-06-20,0,0,0
2019-06-20,0,0,0
2019-06-20,0,0,0
2019-06-20,2,1,1
2019-06-20,4,1,3
2019-06-20,21,4,17
2019-06-20,30,9,21
2019-06-20,41,13,28
2019-06-20,27,10,17
2019-06-20,19,5,14
2019-06-20,8,8,0
2019-06-20,18,7,11
2019-06-20,21,8,13
2019-06-20,20,13,7
2019-06-20,30,15,15
2019-06-20,37,19,18
2019-06-20,54,28,26
2019-06-20,37,11,26
2019-06-20,33,17,16
2019-06-20,19,5,14
2019-06-20,10,2,8
2019-06-20,14,3,11
2019-06-20,11,7,4
2019-06-21,9,6,3
2019-06-21,4,4,0
2019-06-21,1,0,1
2019-06-21,0,0,0
2019-06-21,1,0,1
2019-06-21,4,0,4
2019-06-21,20,2,18
2019-06-21,29,9,20
2019-06-21,31,9,22
2019-06-21,22,6,16
2019-06-21,11,5,6
2019-06-21,24,9,15
2019-06-21,20,9,11
2019-06-21,10,5,5
2019-06-21,28,17,11
2019-06-21,13,4,9
2019-06-21,43,1,42
2019-06-21,59,0,59
2019-06-21,42,0,42
2019-06-21,29,1,28
2019-06-21,16,2,14
2019-06-21,14,6,8
2019-06-21,14,8,6
2019-06-21,4,1,3
2019-06-22,5,0,5
2019-06-22,9,4,5
2019-06-22,1,0,1
2019-06-22,1,0,1
2019-06-22,0,0,0
2019-06-22,1,0,1
2019-06-22,1,0,1
2019-06-22,2,0,2
2019-06-22,7,0,7
2019-06-22,7,1,6
2019-06-22,5,0,5
2019-06-22,10,3,7
2019-06-22,7,0,7
2019-06-22,15,4,11
2019-06-22,6,0,6
2019-06-22,12,0,12
2019-06-22,12,0,12
2019-06-22,8,1,7
2019-06-22,15,2,13
2019-06-22,14,3,11
2019-06-22,4,1,3
2019-06-22,4,2,2
2019-06-22,3,0,3
2019-06-22,2,1,1
2019-06-23,9,1,8
2019-06-23,2,0,2
2019-06-23,4,2,2
2019-06-23,0,0,0
2019-06-23,2,1,1
2019-06-23,0,0,0
2019-06-23,2,0,2
2019-06-23,3,0,3
2019-06-23,3,0,3
2019-06-23,0,0,0
2019-06-23,10,0,10
2019-06-23,11,2,9
2019-06-23,8,0,8
2019-06-23,7,0,7
2019-06-23,14,0,14
2019-06-23,4,0,4
2019-06-23,12,1,11
2019-06-23,8,0,8
2019-06-23,7,0,7
2019-06-23,1,0,1
2019-06-23,5,0,5
2019-06-23,3,0,3
2019-06-23,2,1,1
2019-06-23,4,1,3
2019-06-24,1,0,1
2019-06-24,0,0,0
2019-06-24,0,0,0
2019-06-24,0,0,0
2019-06-24,0,0,0
2019-06-24,1,0,1
2019-06-24,6,3,3
2019-06-24,4,0,4
2019-06-24,6,2,4
2019-06-24,0,0,0
2019-06-24,0,0,0
2019-06-24,1,1,0
2019-06-24,1,1,0
2019-06-24,1,1,0
2019-06-24,0,0,0
2019-06-24,0,0,0
2019-06-24,1,0,1
2019-06-24,3,1,2
2019-06-24,3,1,2
2019-06-24,1,1,0
2019-06-24,1,1,0
2019-06-24,0,0,0
2019-06-24,1,1,0
2019-06-24,1,1,0
2019-06-25,1,0,1
2019-06-25,1,1,0
2019-06-25,0,0,0
2019-06-25,0,0,0
2019-06-25,0,0,0
2019-06-25,0,0,0
2019-06-25,0,0,0
2019-06-25,3,1,2
2019-06-25,2,2,0
2019-06-25,0,0,0
2019-06-25,0,0,0
2019-06-25,0,0,0
2019-06-25,2,2,0
2019-06-25,0,0,0
2019-06-25,0,0,0
2019-06-25,2,1,1
2019-06-25,6,4,2
2019-06-25,4,3,1
2019-06-25,2,1,1
2019-06-25,1,1,0
2019-06-25,1,1,0
2019-06-25,2,0,2
2019-06-25,0,0,0
2019-06-25,1,0,1
2019-06-26,1,0,1
2019-06-26,0,0,0
2019-06-26,0,0,0
2019-06-26,0,0,0
2019-06-26,0,0,0
2019-06-26,0,0,0
2019-06-26,1,1,0
2019-06-26,3,1,2
2019-06-26,0,0,0
2019-06-26,1,0,1
2019-06-26,0,0,0
2019-06-26,0,0,0
2019-06-26,0,0,0
2019-06-26,2,1,1
2019-06-26,2,0,2
2019-06-26,2,0,2
2019-06-26,0,0,0
2019-06-26,2,1,1
2019-06-26,0,0,0
2019-06-26,0,0,0
2019-06-26,2,0,2
2019-06-26,2,0,2
2019-06-26,0,0,0
2019-06-26,0,0,0
2019-06-27,0,0,0
2019-06-27,0,0,0
2019-06-27,0,0,0
2019-06-27,0,0,0
2019-06-27,0,0,0
2019-06-27,0,0,0
2019-06-27,1,1,0
2019-06-27,1,0,1
2019-06-27,0,0,0
2019-06-27,1,0,1
2019-06-27,0,0,0
2019-06-27,0,0,0
2019-06-27,1,1,0
2019-06-27,2,2,0
2019-06-27,0,0,0
2019-06-27,2,1,1
2019-06-27,3,2,1
2019-06-27,3,1,2
2019-06-27,2,0,2
2019-06-27,1,0,1
2019-06-27,0,0,0
2019-06-27,3,1,2
2019-06-27,0,0,0
2019-06-27,0,0,0
2019-06-28,2,0,2
2019-06-28,0,0,0
2019-06-28,0,0,0
2019-06-28,0,0,0
2019-06-28,0,0,0
2019-06-28,0,0,0
2019-06-28,0,0,0
2019-06-28,3,0,3
2019-06-28,2,0,2
2019-06-28,0,0,0
2019-06-28,1,0,1
2019-06-28,1,0,1
2019-06-28,2,0,2
2019-06-28,0,0,0
2019-06-28,2,1,1
2019-06-28,1,1,0
2019-06-28,7,4,3
2019-06-28,3,1,2
2019-06-28,1,0,1
2019-06-28,0,0,0
2019-06-28,4,3,1
2019-06-28,0,0,0
2019-06-28,5,2,3
2019-06-28,1,0,1
2019-06-29,0,0,0
2019-06-29,7,2,5
2019-06-29,1,0,1
2019-06-29,2,1,1
2019-06-29,0,0,0
2019-06-29,0,0,0
2019-06-29,0,0,0
2019-06-29,0,0,0
2019-06-29,0,0,0
2019-06-29,2,2,0
2019-06-29,2,2,0
2019-06-29,0,0,0
2019-06-29,0,0,0
2019-06-29,3,2,1
2019-06-29,0,0,0
2019-06-29,0,0,0
2019-06-29,5,3,2
2019-06-29,0,0,0
2019-06-29,2,2,0
2019-06-29,0,0,0
2019-06-29,4,2,2
2019-06-29,2,1,1
2019-06-29,0,0,0
2019-06-29,2,2,0
2019-06-30,3,0,3
2019-06-30,6,3,3
2019-06-30,8,2,6
2019-06-30,0,0,0
2019-06-30,1,0,1
2019-06-30,0,0,0
2019-06-30,0,0,0
2019-06-30,0,0,0
2019-06-30,0,0,0
2019-06-30,0,0,0
2019-06-30,0,0,0
2019-06-30,1,0,1
2019-06-30,1,1,0
2019-06-30,8,5,3
2019-06-30,2,2,0
2019-06-30,3,1,2
2019-06-30,2,1,1
2019-06-30,2,1,1
2019-06-30,1,1,0
2019-06-30,1,1,0
2019-06-30,2,0,2
2019-06-30,1,0,1
2019-06-30,3,0,3
2019-06-30,0,0,0
2019-08-07,33,6,27
2019-08-07,14,5,9
2019-08-07,10,4,6
2019-08-07,12,11,1
2019-08-07,19,19,0
2019-08-07,21,19,2
2019-08-07,6,5,1
2019-08-07,3,2,1
2019-08-07,1,1,0
2019-08-07,5,2,3
2019-08-07,4,1,3
2019-08-07,4,1,3
2019-08-07,4,1,3
2019-08-07,4,1,3
2019-08-07,5,3,2
2019-08-07,1,0,1
2019-08-08,0,0,0
2019-08-08,0,0,0
2019-08-08,0,0,0
2019-08-08,0,0,0
2019-08-08,0,0,0
2019-08-08,0,0,0
2019-08-08,0,0,0
2019-08-08,0,0,0
2019-08-08,3,1,2
2019-08-08,4,1,3
2019-08-08,0,0,0
2019-08-08,1,0,1
2019-08-08,0,0,0
2019-08-08,0,0,0
2019-08-08,0,0,0
2019-08-08,0,0,0
2019-08-08,0,0,0
2019-08-08,0,0,0
2019-08-08,0,0,0
2019-08-08,0,0,0
2019-08-08,0,0,0
2019-08-08,0,0,0
2019-08-08,0,0,0
2019-08-08,0,0,0
2019-08-09,0,0,0
2019-08-09,0,0,0
2019-08-09,0,0,0
2019-08-09,0,0,0
2019-08-09,0,0,0
2019-08-09,0,0,0
2019-08-09,0,0,0
2019-08-09,0,0,0
2019-08-09,0,0,0
2019-08-09,0,0,0
2019-08-09,0,0,0
2019-08-09,0,0,0
2019-08-09,0,0,0
2019-08-09,0,0,0
2019-08-09,0,0,0
2019-08-09,0,0,0
2019-08-09,1,0,1
2019-08-09,2,0,2
2019-08-09,0,0,0
2019-08-09,0,0,0
2019-08-09,0,0,0
2019-08-09,0,0,0
2019-08-09,0,0,0
2019-08-09,0,0,0
2019-08-10,1,0,1
2019-08-10,0,0,0
2019-08-10,3,2,1
2019-08-10,0,0,0
2019-08-10,0,0,0
2019-08-10,0,0,0
2019-08-10,0,0,0
2019-08-10,0,0,0
2019-08-10,0,0,0
2019-08-10,0,0,0
2019-08-10,0,0,0
2019-08-10,0,0,0
2019-08-10,0,0,0
2019-08-10,0,0,0
2019-08-10,0,0,0
2019-08-10,0,0,0
2019-08-10,0,0,0
2019-08-10,0,0,0
2019-08-10,0,0,0
2019-08-10,0,0,0
2019-08-10,0,0,0
2019-08-10,0,0,0
2019-08-10,0,0,0
2019-08-10,1,0,1
2019-08-11,2,0,2
2019-08-11,1,1,0
2019-08-11,2,0,2
2019-08-11,0,0,0
2019-08-11,0,0,0
2019-08-11,0,0,0
2019-08-11,0,0,0
2019-08-11,0,0,0
2019-08-11,0,0,0
2019-08-11,0,0,0
2019-08-11,0,0,0
2019-08-11,0,0,0
2019-08-11,0,0,0
2019-08-11,0,0,0
2019-08-11,0,0,0
2019-08-11,0,0,0
2019-08-11,0,0,0
2019-08-11,0,0,0
2019-08-11,1,0,1
2019-08-11,0,0,0
2019-08-11,0,0,0
2019-08-11,0,0,0
2019-08-11,1,1,0
2019-08-11,0,0,0
2019-08-12,0,0,0
2019-08-12,0,0,0
2019-08-12,0,0,0
2019-08-12,0,0,0
2019-08-12,0,0,0
2019-08-12,0,0,0
2019-08-12,1,1,0
2019-08-12,0,0,0
2019-08-12,0,0,0
2019-08-12,0,0,0
2019-08-12,0,0,0
2019-08-12,0,0,0
2019-08-12,0,0,0
2019-08-12,0,0,0
2019-08-12,0,0,0
2019-08-12,0,0,0
2019-08-12,0,0,0
2019-08-12,0,0,0
2019-08-12,0,0,0
2019-08-12,0,0,0
2019-08-12,0,0,0
2019-08-12,0,0,0
2019-08-12,2,2,0
2019-08-12,0,0,0
2019-08-13,2,0,2
2019-08-13,0,0,0
2019-08-13,0,0,0
2019-08-13,0,0,0
2019-08-13,0,0,0
2019-08-13,0,0,0
2019-08-13,0,0,0
2019-08-13,0,0,0
2019-08-13,0,0,0
2019-08-13,0,0,0
2019-08-13,0,0,0
2019-08-13,0,0,0
2019-08-13,0,0,0
2019-08-13,0,0,0
2019-08-13,0,0,0
2019-08-13,0,0,0
2019-08-13,0,0,0
2019-08-13,0,0,0
2019-08-13,0,0,0
2019-08-13,0,0,0
2019-08-13,0,0,0
2019-08-13,0,0,0
2019-08-13,0,0,0
2019-08-13,0,0,0
2019-08-14,0,0,0
2019-08-14,0,0,0
2019-08-14,0,0,0
2019-08-14,0,0,0
2019-08-14,0,0,0
2019-08-14,0,0,0
2019-08-14,0,0,0
2019-08-14,0,0,0
2019-08-14,0,0,0
2019-08-14,0,0,0
2019-08-14,0,0,0
2019-08-14,0,0,0
2019-08-14,0,0,0
2019-08-14,0,0,0
2019-08-14,0,0,0
2019-08-14,0,0,0
2019-08-14,0,0,0
2019-08-14,0,0,0
2019-08-14,0,0,0
2019-08-14,0,0,0
2019-08-14,0,0,0
2019-08-14,0,0,0
2019-08-14,0,0,0
2019-08-14,0,0,0
2019-08-15,0,0,0
2019-08-15,0,0,0
2019-08-15,0,0,0
2019-08-15,0,0,0
2019-08-15,0,0,0
2019-08-15,0,0,0
2019-08-15,0,0,0
2019-08-15,0,0,0
2019-08-15,0,0,0
2019-08-15,0,0,0
2019-08-15,0,0,0
2019-08-15,0,0,0
2019-08-15,20,7,13
2019-08-15,25,11,14
2019-08-15,26,14,12
2019-08-15,23,10,13
2019-08-15,38,23,15
2019-08-15,66,26,40
2019-08-15,70,36,34
2019-08-15,48,25,23
2019-08-15,24,9,15
2019-08-15,16,4,12
2019-08-15,15,11,4
2019-08-15,8,4,4
2019-08-16,5,3,2
2019-08-16,2,2,0
2019-08-16,1,0,1
2019-08-16,1,0,1
2019-08-16,1,0,1
2019-08-16,6,3,3
2019-08-16,19,3,16
2019-08-16,35,7,28
2019-08-16,22,8,14
2019-08-16,20,4,16
2019-08-16,22,6,16
2019-08-16,11,3,8
2019-08-16,22,6,16
2019-08-16,23,12,11
2019-08-16,21,11,10
2019-08-16,35,21,14
2019-08-16,40,25,15
2019-08-16,61,26,35
2019-08-16,47,18,29
2019-08-16,36,17,19
2019-08-16,19,11,8
2019-08-16,11,7,4
2019-08-16,14,9,5
2019-08-16,16,4,12
2019-08-17,6,2,4
2019-08-17,3,1,2
2019-08-17,2,0,2
2019-08-17,1,0,1
2019-08-17,2,1,1
2019-08-17,2,1,1
2019-08-17,8,0,8
2019-08-17,7,3,4
2019-08-17,7,5,2
2019-08-17,9,1,8
2019-08-17,19,12,7
2019-08-17,15,11,4
2019-08-17,19,10,9
2019-08-17,22,9,13
2019-08-17,21,10,11
2019-08-17,24,11,13
2019-08-17,24,15,9
2019-08-17,17,9,8
2019-08-17,16,6,10
2019-08-17,21,15,6
2019-08-17,12,4,8
2019-08-17,12,5,7
2019-08-17,13,9,4
2019-08-17,10,9,1
2019-08-18,10,1,9
2019-08-18,6,4,2
2019-08-18,8,2,6
2019-08-18,1,0,1
2019-08-18,0,0,0
2019-08-18,1,0,1
2019-08-18,5,2,3
2019-08-18,4,2,2
2019-08-18,7,3,4
2019-08-18,14,6,8
2019-08-18,7,3,4
2019-08-18,26,10,16
2019-08-18,22,11,11
2019-08-18,28,14,14
2019-08-18,32,13,19
2019-08-18,19,10,9
2019-08-18,18,10,8
2019-08-18,24,9,15
2019-08-18,24,12,12
2019-08-18,19,11,8
2019-08-18,16,8,8
2019-08-18,12,4,8
2019-08-18,12,6,6
2019-08-18,5,2,3
2019-08-19,2,0,2
2019-08-19,1,0,1
2019-08-19,3,2,1
2019-08-19,0,0,0
2019-08-19,2,0,2
2019-08-19,5,2,3
2019-08-19,22,4,18
2019-08-19,32,5,27
2019-08-19,49,15,34
2019-08-19,18,9,9
2019-08-19,20,8,12
2019-08-19,18,7,11
2019-08-19,13,5,8
2019-08-19,12,5,7
2019-08-19,25,10,15
2019-08-19,23,14,9
2019-08-19,41,22,19
2019-08-19,69,31,38
2019-08-19,54,22,32
2019-08-19,35,19,16
2019-08-19,26,14,12
2019-08-19,4,1,3
2019-08-19,9,4,5
2019-08-19,8,2,6
2019-08-20,4,1,3
2019-08-20,0,0,0
2019-08-20,2,1,1
2019-08-20,0,0,0
2019-08-20,2,0,2
2019-08-20,6,3,3
2019-08-20,19,5,14
2019-08-20,33,5,28
2019-08-20,47,11,36
2019-08-20,36,17,19
2019-08-20,13,7,6
2019-08-20,19,6,13
2019-08-20,11,8,3
2019-08-20,19,12,7
2019-08-20,23,8,15
2019-08-20,29,17,12
2019-08-20,44,24,20
2019-08-20,70,39,31
2019-08-20,72,27,45
2019-08-20,41,20,21
2019-08-20,27,12,15
2019-08-20,19,8,11
2019-08-20,15,10,5
2019-08-20,20,11,9
2019-08-21,6,2,4
2019-08-21,1,1,0
2019-08-21,2,1,1
2019-08-21,0,0,0
2019-08-21,1,0,1
2019-08-21,8,3,5
2019-08-21,16,2,14
2019-08-21,20,7,13
2019-08-21,28,11,17
2019-08-21,14,3,11
2019-08-21,12,7,5
2019-08-21,8,4,4
2019-08-21,8,4,4
2019-08-21,7,3,4
2019-08-21,15,6,9
2019-08-21,13,2,11
2019-08-21,9,0,9
2019-08-21,17,0,17
2019-08-21,27,1,26
2019-08-21,8,0,8
2019-08-21,4,0,4
2019-08-21,4,0,4
2019-08-21,1,0,1
2019-08-21,4,0,4
2019-08-22,2,0,2
2019-08-22,1,0,1
2019-08-22,0,0,0
2019-08-22,0,0,0
2019-08-22,1,0,1
2019-08-22,2,0,2
2019-08-22,5,0,5
2019-08-22,17,0,17
2019-08-22,30,0,30
2019-08-22,10,2,8
2019-08-22,5,0,5
2019-08-22,9,1,8
2019-08-22,8,0,8
2019-08-22,16,0,16
2019-08-22,8,1,7
2019-08-22,10,1,9
2019-08-22,15,0,15
2019-08-22,39,1,38
2019-08-22,43,0,43
2019-08-22,22,1,21
2019-08-22,13,1,12
2019-08-22,16,0,16
2019-08-22,22,7,15
2019-08-22,12,4,8
2019-08-23,1,0,1
2019-08-23,2,2,0
2019-08-23,2,1,1
2019-08-23,0,0,0
2019-08-23,2,0,2
2019-08-23,3,0,3
2019-08-23,15,0,15
2019-08-23,27,11,16
2019-08-23,31,10,21
2019-08-23,33,16,17
2019-08-23,13,5,8
2019-08-23,17,8,9
2019-08-23,16,7,9
2019-08-23,23,13,10
2019-08-23,22,9,13
2019-08-23,22,11,11
2019-08-23,47,31,16
2019-08-23,74,39,35
2019-08-23,43,21,22
2019-08-23,29,15,14
2019-08-23,22,10,12
2019-08-23,18,7,11
2019-08-23,8,6,2
2019-08-23,16,7,9
2019-08-24,5,3,2
2019-08-24,11,8,3
2019-08-24,7,4,3
2019-08-24,0,0,0
2019-08-24,0,0,0
2019-08-24,3,2,1
2019-08-24,5,1,4
2019-08-24,2,1,1
2019-08-24,8,4,4
2019-08-24,6,2,4
2019-08-24,18,14,4
2019-08-24,16,10,6
2019-08-24,18,8,10
2019-08-24,25,11,14
2019-08-24,20,10,10
2019-08-24,36,18,18
2019-08-24,30,14,16
2019-08-24,26,12,14
2019-08-24,20,9,11
2019-08-24,12,8,4
2019-08-24,21,7,14
2019-08-24,13,3,10
2019-08-24,9,3,6
2019-08-24,11,5,6
2019-08-25,9,2,7
2019-08-25,7,1,6
2019-08-25,3,1,2
2019-08-25,1,0,1
2019-08-25,11,3,8
2019-08-25,3,1,2
2019-08-25,6,1,5
2019-08-25,7,3,4
2019-08-25,4,3,1
2019-08-25,8,3,5
2019-08-25,17,7,10
2019-08-25,28,14,14
2019-08-25,18,7,11
2019-08-25,38,19,19
2019-08-25,34,21,13
2019-08-25,19,6,13
2019-08-25,28,15,13
2019-08-25,16,7,9
2019-08-25,17,6,11
2019-08-25,15,9,6
2019-08-25,12,7,5
2019-08-25,7,3,4
2019-08-25,7,0,7
2019-08-25,2,0,2
2019-08-26,2,2,0
2019-08-26,0,0,0
2019-08-26,2,2,0
2019-08-26,2,0,2
2019-08-26,1,0,1
2019-08-26,2,2,0
2019-08-26,19,3,16
2019-08-26,37,10,27
2019-08-26,44,12,32
2019-08-26,41,19,22
2019-08-26,21,6,15
2019-08-26,14,6,8
2019-08-26,18,8,10
2019-08-26,22,10,12
2019-08-26,15,8,7
2019-08-26,31,17,14
2019-08-26,51,26,25
2019-08-26,52,26,26
2019-08-26,65,27,38
2019-08-26,34,15,19
2019-08-26,19,10,9
2019-08-26,14,9,5
2019-08-26,8,5,3
2019-08-26,15,6,9
2019-08-27,2,0,2
2019-08-27,1,0,1
2019-08-27,1,1,0
2019-08-27,1,0,1
2019-08-27,3,1,2
2019-08-27,6,4,2
2019-08-27,20,4,16
2019-08-27,52,10,42
2019-08-27,51,16,35
2019-08-27,34,16,18
2019-08-27,25,13,12
2019-08-27,20,12,8
2019-08-27,22,14,8
2019-08-27,28,14,14
2019-08-27,15,5,10
2019-08-27,28,18,10
2019-08-27,41,27,14
2019-08-27,66,36,30
2019-08-27,65,33,32
2019-08-27,35,16,19
2019-08-27,31,14,17
2019-08-27,17,7,10
2019-08-27,15,4,11
2019-08-27,5,3,2
2019-08-28,3,0,3
2019-08-28,1,0,1
2019-08-28,1,1,0
2019-08-28,0,0,0
2019-08-28,2,1,1
2019-08-28,5,4,1
2019-08-28,22,4,18
2019-08-28,41,7,34
2019-08-28,40,16,24
2019-08-28,41,12,29
2019-08-28,12,4,8
2019-08-28,15,5,10
2019-08-28,19,9,10
2019-08-28,23,11,12
2019-08-28,22,10,12
2019-08-28,25,13,12
2019-08-28,28,18,10
2019-08-28,75,38,37
2019-08-28,67,31,36
2019-08-28,39,19,20
2019-08-28,25,5,20
2019-08-28,21,10,11
2019-08-28,10,3,7
2019-08-28,9,5,4
2019-08-29,3,1,2
2019-08-29,4,2,2
2019-08-29,2,2,0
2019-08-29,0,0,0
2019-08-29,1,0,1
2019-08-29,7,4,3
2019-08-29,10,1,9
2019-08-29,44,11,33
2019-08-29,35,9,26
2019-08-29,28,11,17
2019-08-29,21,8,13
2019-08-29,18,10,8
2019-08-29,23,12,11
2019-08-29,13,6,7
2019-08-29,13,7,6
2019-08-29,26,14,12
2019-08-29,42,22,20
2019-08-29,45,28,17
2019-08-29,19,11,8
2019-08-29,12,7,5
2019-08-29,14,7,7
2019-08-29,7,0,7
2019-08-29,13,9,4
2019-08-29,7,7,0
2019-08-30,3,0,3
2019-08-30,3,2,1
2019-08-30,2,1,1
2019-08-30,1,0,1
2019-08-30,2,1,1
2019-08-30,4,2,2
2019-08-30,11,2,9
2019-08-30,22,6,16
2019-08-30,24,5,19
2019-08-30,23,10,13
2019-08-30,19,7,12
2019-08-30,18,8,10
2019-08-30,21,8,13
2019-08-30,19,11,8
2019-08-30,21,8,13
2019-08-30,28,16,12
2019-08-30,26,18,8
2019-08-30,42,28,14
2019-08-30,37,14,23
2019-08-30,27,12,15
2019-08-30,14,10,4
2019-08-30,19,6,13
2019-08-30,13,6,7
2019-08-30,10,5,5
2019-08-31,8,6,2
2019-08-31,14,6,8
2019-08-31,0,0,0
2019-08-31,1,0,1
2019-08-31,0,0,0
2019-08-31,0,0,0
2019-08-31,7,2,5
2019-08-31,11,4,7
2019-08-31,14,6,8
2019-08-31,7,5,2
2019-08-31,9,6,3
2019-08-31,12,10,2
2019-08-31,17,6,11
2019-08-31,17,10,7
2019-08-31,14,6,8
2019-08-31,15,7,8
2019-08-31,25,10,15
2019-08-31,18,6,12
2019-08-31,27,10,17
2019-08-31,19,9,10
2019-08-31,10,8,2
2019-08-31,10,5,5
2019-08-31,22,7,15
2019-08-31,11,5,6
2020-01-01,5,1,4
2020-01-01,8,3,5
2020-01-01,6,4,2
2020-01-01,3,0,3
2020-01-01,2,1,1
2020-01-01,1,0,1
2020-01-01,5,0,5
2020-01-01,2,2,0
2020-01-01,4,2,2
2020-01-01,2,1,1
2020-01-01,5,2,3
2020-01-01,17,13,4
2020-01-01,10,4,6
2020-01-01,18,11,7
2020-01-01,16,9,7
2020-01-01,10,3,7
2020-01-01,13,4,9
2020-01-01,6,5,1
2020-01-01,7,3,4
2020-01-01,4,3,1
2020-01-01,5,3,2
2020-01-01,3,1,2
2020-01-01,3,2,1
2020-01-01,2,0,2
2020-01-02,1,1,0
2020-01-02,0,0,0
2020-01-02,0,0,0
2020-01-02,0,0,0
2020-01-02,1,0,1
2020-01-02,6,1,5
2020-01-02,5,1,4
2020-01-02,17,5,12
2020-01-02,16,4,12
2020-01-02,13,4,9
2020-01-02,10,5,5
2020-01-02,6,4,2
2020-01-02,9,6,3
2020-01-02,5,0,5
2020-01-02,13,7,6
2020-01-02,12,8,4
2020-01-02,25,12,13
2020-01-02,32,19,13
2020-01-02,13,5,8
2020-01-02,18,8,10
2020-01-02,5,1,4
2020-01-02,8,4,4
2019-09-01,7,4,3
2019-09-01,6,1,5
2019-09-01,4,1,3
2019-09-01,2,1,1
2019-09-01,1,0,1
2019-09-01,1,0,1
2019-09-01,8,3,5
2019-09-01,3,1,2
2019-09-01,3,2,1
2019-09-01,12,4,8
2019-09-01,14,9,5
2019-09-01,26,11,15
2019-09-01,21,17,4
2019-09-01,27,11,16
2019-09-01,32,13,19
2019-09-01,13,6,7
2019-09-01,16,9,7
2019-09-01,17,7,10
2019-09-01,19,11,8
2019-09-01,30,14,16
2019-09-01,21,7,14
2019-09-01,19,10,9
2019-09-01,6,4,2
2019-09-01,5,1,4
2019-09-02,8,2,6
2019-09-02,3,0,3
2019-09-02,2,2,0
2019-09-02,0,0,0
2019-09-02,3,0,3
2019-09-02,4,3,1
2019-09-02,10,3,7
2019-09-02,7,2,5
2019-09-02,7,4,3
2019-09-02,10,4,6
2019-09-02,14,8,6
2019-09-02,22,9,13
2019-09-02,18,13,5
2019-09-02,22,14,8
2019-09-02,26,14,12
2019-09-02,26,13,13
2019-09-02,19,8,11
2019-09-02,32,13,19
2019-09-02,26,11,15
2019-09-02,24,11,13
2019-09-02,14,5,9
2019-09-02,13,8,5
2019-09-02,8,2,6
2019-09-02,7,4,3
2019-09-03,1,0,1
2019-09-03,1,0,1
2019-09-03,1,1,0
2019-09-03,0,0,0
2019-09-03,4,4,0
2019-09-03,7,5,2
2019-09-03,13,3,10
2019-09-03,54,10,44
2019-09-03,45,15,30
2019-09-03,34,9,25
2019-09-03,13,6,7
2019-09-03,18,13,5
2019-09-03,24,14,10
2019-09-03,26,14,12
2019-09-03,20,8,12
2019-09-03,27,15,12
2019-09-03,40,27,13
2019-09-03,61,32,29
2019-09-03,53,26,27
2019-09-03,45,24,21
2019-09-03,19,10,9
2019-09-03,10,0,10
2019-09-03,13,3,10
2019-09-03,7,3,4
2019-09-04,6,5,1
2019-09-04,4,1,3
2019-09-04,1,1,0
2019-09-04,0,0,0
2019-09-04,3,3,0
2019-09-04,3,2,1
2019-09-04,20,7,13
2019-09-04,40,7,33
2019-09-04,46,11,35
2019-09-04,46,12,34
2019-09-04,19,4,15
2019-09-04,34,16,18
2019-09-04,23,12,11
2019-09-04,19,7,12
2019-09-04,26,12,14
2019-09-04,28,18,10
2019-09-04,42,23,19
2019-09-04,85,44,41
2019-09-04,77,39,38
2019-09-04,43,17,26
2019-09-04,33,10,23
2019-09-04,19,6,13
2019-09-04,20,10,10
2019-09-04,9,5,4
2019-09-05,6,2,4
2019-09-05,3,1,2
2019-09-05,2,1,1
2019-09-05,0,0,0
2019-09-05,3,1,2
2019-09-05,8,4,4
2019-09-05,16,7,9
2019-09-05,51,7,44
2019-09-05,37,12,25
2019-09-05,29,12,17
2019-09-05,21,8,13
2019-09-05,18,6,12
2019-09-05,19,9,10
2019-09-05,29,9,20
2019-09-05,26,11,15
2019-09-05,28,17,11
2019-09-05,50,25,25
2019-09-05,69,36,33
2019-09-05,63,27,36
2019-09-05,30,12,18
2019-09-05,30,17,13
2019-09-05,26,13,13
2019-09-05,14,6,8
2019-09-05,13,9,4
2019-09-06,2,2,0
2019-09-06,3,1,2
2019-09-06,1,1,0
2019-09-06,0,0,0
2019-09-06,2,0,2
2019-09-06,2,2,0
2019-09-06,17,3,14
2019-09-06,39,12,27
2019-09-06,44,8,36
2019-09-06,30,12,18
2019-09-06,25,11,14
2019-09-06,29,14,15
2019-09-06,18,9,9
2019-09-06,21,11,10
2019-09-06,23,11,12
2019-09-06,27,14,13
2019-09-06,40,21,19
2019-09-06,73,40,33
2019-09-06,55,26,29
2019-09-06,18,8,10
2019-09-06,28,15,13
2019-09-06,14,2,12
2019-09-06,23,11,12
2019-09-06,16,9,7
2019-09-07,5,1,4
2019-09-07,4,1,3
2019-09-07,6,2,4
2019-09-07,2,1,1
2019-09-07,1,1,0
2019-09-07,3,2,1
2019-09-07,5,1,4
2019-09-07,6,2,4
2019-09-07,18,9,9
2019-09-07,11,5,6
2019-09-07,11,7,4
2019-09-07,15,11,4
2019-09-07,18,9,9
2019-09-07,17,9,8
2019-09-07,21,10,11
2019-09-07,23,12,11
2019-09-07,27,11,16
2019-09-07,20,10,10
2019-09-07,28,12,16
2019-09-07,12,4,8
2019-09-07,4,3,1
2019-09-07,2,0,2
2019-09-07,7,1,6
2019-09-07,4,1,3
2019-09-08,4,3,1
2019-09-08,2,0,2
2019-09-08,9,3,6
2019-09-08,4,1,3
2019-09-08,0,0,0
2019-09-08,1,0,1
2019-09-08,1,1,0
2019-09-08,10,6,4
2019-09-08,1,1,0
2019-09-08,5,2,3
2019-09-08,12,5,7
2019-09-08,16,9,7
2019-09-08,16,10,6
2019-09-08,26,11,15
2019-09-08,33,11,22
2019-09-08,11,4,7
2019-09-08,21,15,6
2019-09-08,21,8,13
2019-09-08,38,13,25
2019-09-08,18,5,13
2019-09-08,15,7,8
2019-09-08,5,3,2
2019-09-08,5,4,1
2019-09-08,3,1,2
2019-09-09,2,0,2
2019-09-09,0,0,0
2019-09-09,4,3,1
2019-09-09,3,0,3
2019-09-09,1,0,1
2019-09-09,2,2,0
2019-09-09,13,2,11
2019-09-09,33,11,22
2019-09-09,43,7,36
2019-09-09,25,8,17
2019-09-09,21,10,11
2019-09-09,5,3,2
2019-09-09,13,8,5
2019-09-09,9,5,4
2019-09-09,21,14,7
2019-09-09,20,9,11
2019-09-09,24,15,9
2019-09-09,42,24,18
2019-09-09,38,17,21
2019-09-09,28,13,15
2019-09-09,27,9,18
2019-09-09,11,6,5
2019-09-09,10,5,5
2019-09-09,3,3,0
2019-09-10,7,1,6
2019-09-10,1,1,0
2019-09-10,1,1,0
2019-09-10,1,1,0
2019-09-10,2,0,2
2019-09-10,5,3,2
2019-09-10,18,6,12
2019-09-10,22,8,14
2019-09-10,34,12,22
2019-09-10,31,12,19
2019-09-10,14,7,7
2019-09-10,7,5,2
2019-09-10,18,10,8
2019-09-10,17,4,13
2019-09-10,12,5,7
2019-09-10,30,13,17
2019-09-10,37,22,15
2019-09-10,57,26,31
2019-09-10,63,20,43
2019-09-10,47,26,21
2019-09-10,23,10,13
2019-09-10,24,10,14
2019-09-10,11,3,8
2019-09-10,8,5,3
2019-09-11,1,1,0
2019-09-11,3,1,2
2019-09-11,2,2,0
2019-09-11,1,0,1
2019-09-11,1,0,1
2019-09-11,6,3,3
2019-09-11,15,2,13
2019-09-11,40,10,30
2019-09-11,61,17,44
2019-09-11,18,7,11
2019-09-11,31,10,21
2019-09-11,17,11,6
2019-09-11,20,11,9
2019-09-11,11,5,6
2019-09-11,26,14,12
2019-09-11,32,16,16
2019-09-11,44,26,18
2019-09-11,80,42,38
2019-09-11,63,26,37
2019-09-11,40,22,18
2019-09-11,22,11,11
2019-09-11,19,6,13
2019-09-11,18,15,3
2019-09-11,8,7,1
2019-09-12,1,0,1
2019-09-12,4,3,1
2019-09-12,1,1,0
2019-09-12,0,0,0
2019-09-12,1,0,1
2019-09-12,3,0,3
2019-09-12,23,6,17
2019-09-12,42,11,31
2019-09-12,51,12,39
2019-09-12,32,12,20
2019-09-12,26,12,14
2019-09-12,17,9,8
2019-09-12,21,11,10
2019-09-12,22,13,9
2019-09-12,22,13,9
2019-09-12,33,16,17
2019-09-12,42,23,19
2019-09-12,97,43,54
2019-09-12,62,31,31
2019-09-12,48,25,23
2019-09-12,18,11,7
2019-09-12,11,5,6
2019-09-12,13,7,6
2019-09-12,8,5,3
2019-09-13,6,2,4
2019-09-13,0,0,0
2019-09-13,5,1,4
2019-09-13,1,0,1
2019-09-13,1,0,1
2019-09-13,2,0,2
2019-09-13,18,4,14
2019-09-13,20,8,12
2019-09-13,28,7,21
2019-09-13,28,12,16
2019-09-13,16,7,9
2019-09-13,19,12,7
2019-09-13,17,6,11
2019-09-13,15,9,6
2019-09-13,21,9,12
2019-09-13,29,16,13
2019-09-13,52,27,25
2019-09-13,74,29,45
2019-09-13,40,19,21
2019-09-13,27,13,14
2019-09-13,33,20,13
2019-09-13,14,5,9
2019-09-13,23,7,16
2019-09-13,10,4,6
2019-09-14,8,3,5
2019-09-14,5,1,4
2019-09-14,6,4,2
2019-09-14,2,0,2
2019-09-14,1,0,1
2019-09-14,3,1,2
2019-09-14,6,1,5
2019-09-14,6,3,3
2019-09-14,11,4,7
2019-09-14,3,2,1
2019-09-14,14,2,12
2019-09-14,15,8,7
2019-09-14,13,5,8
2019-09-14,16,8,8
2019-09-14,30,14,16
2019-09-14,30,13,17
2019-09-14,24,13,11
2019-09-14,23,11,12
2019-09-14,31,6,25
2019-09-14,29,12,17
2019-09-14,13,8,5
2019-09-14,5,3,2
2019-09-14,9,4,5
2019-09-14,2,1,1
2019-09-15,1,1,0
2019-09-15,2,0,2
2019-09-15,0,0,0
2019-09-15,1,1,0
2019-09-15,2,2,0
2019-09-15,2,0,2
2019-09-15,3,1,2
2019-09-15,5,3,2
2019-09-15,2,1,1
2019-09-15,10,5,5
2019-09-15,3,2,1
2019-09-15,10,6,4
2019-09-15,4,2,2
2019-09-15,3,2,1
2019-09-15,8,3,5
2019-09-15,19,6,13
2019-09-15,18,8,10
2019-09-15,22,10,12
2019-09-15,17,6,11
2019-09-15,10,3,7
2019-09-15,11,4,7
2019-09-15,7,1,6
2019-09-15,8,4,4
2019-09-15,2,1,1
2019-09-16,4,0,4
2019-09-16,1,1,0
2019-09-16,1,1,0
2019-09-16,0,0,0
2019-09-16,1,0,1
2019-09-16,5,3,2
2019-09-16,18,3,15
2019-09-16,39,7,32
2019-09-16,43,9,34
2019-09-16,24,8,16
2019-09-16,19,6,13
2019-09-16,18,12,6
2019-09-16,18,8,10
2019-09-16,18,6,12
2019-09-16,25,12,13
2019-09-16,21,7,14
2019-09-16,44,32,12
2019-09-16,65,33,32
2019-09-16,58,22,36
2019-09-16,33,20,13
2019-09-16,17,7,10
2019-09-16,18,5,13
2019-09-16,12,5,7
2019-09-16,16,8,8
2019-09-17,4,3,1
2019-09-17,0,0,0
2019-09-17,1,0,1
2019-09-17,0,0,0
2019-09-17,4,2,2
2019-09-17,2,0,2
2019-09-17,15,6,9
2019-09-17,31,10,21
2019-09-17,35,13,22
2019-09-17,19,5,14
2019-09-17,10,5,5
2019-09-17,8,8,0
2019-09-17,13,5,8
2019-09-17,14,5,9
2019-09-17,5,1,4
2019-09-17,20,12,8
2019-09-17,25,15,10
2019-09-17,46,17,29
2019-09-17,48,21,27
2019-09-17,44,24,20
2019-09-17,8,2,6
2019-09-17,10,7,3
2019-09-17,9,3,6
2019-09-17,14,6,8
2019-09-18,2,1,1
2019-09-18,0,0,0
2019-09-18,0,0,0
2019-09-18,0,0,0
2019-09-18,0,0,0
2019-09-18,3,1,2
2019-09-18,18,1,17
2019-09-18,17,0,17
2019-09-18,55,19,36
2019-09-18,28,10,18
2019-09-18,18,8,10
2019-09-18,15,11,4
2019-09-18,27,17,10
2019-09-18,17,9,8
2019-09-18,26,12,14
2019-09-18,32,15,17
2019-09-18,33,18,15
2019-09-18,80,39,41
2019-09-18,56,19,37
2019-09-18,37,16,21
2019-09-18,23,10,13
2019-09-18,11,5,6
2019-09-18,8,6,2
2019-09-18,6,4,2
2019-09-19,3,2,1
2019-09-19,1,1,0
2019-09-19,1,0,1
2019-09-19,0,0,0
2019-09-19,3,0,3
2019-09-19,2,2,0
2019-09-19,21,1,20
2019-09-19,40,16,24
2019-09-19,49,9,40
2019-09-19,30,14,16
2019-09-19,23,13,10
2019-09-19,21,13,8
2019-09-19,30,11,19
2019-09-19,12,6,6
2019-09-19,20,6,14
2019-09-19,26,14,12
2019-09-19,42,22,20
2019-09-19,55,23,32
2019-09-19,62,31,31
2019-09-19,40,21,19
2019-09-19,22,12,10
2019-09-19,8,3,5
2019-09-19,12,5,7
2019-09-19,13,7,6
2019-09-20,2,1,1
2019-09-20,3,2,1
2019-09-20,1,0,1
2019-09-20,1,0,1
2019-09-20,3,0,3
2019-09-20,1,1,0
2019-09-20,13,4,9
2019-09-20,41,11,30
2019-09-20,44,13,31
2019-09-20,29,17,12
2019-09-20,19,9,10
2019-09-20,17,9,8
2019-09-20,30,15,15
2019-09-20,28,8,20
2019-09-20,30,16,14
2019-09-20,37,23,14
2019-09-20,39,17,22
2019-09-20,49,25,24
2019-09-20,47,19,28
2019-09-20,21,10,11
2019-09-20,30,18,12
2019-09-20,20,9,11
2019-09-20,14,7,7
2019-09-20,15,5,10
2019-09-21,11,8,3
2019-09-21,3,0,3
2019-09-21,9,7,2
2019-09-21,3,2,1
2019-09-21,2,0,2
2019-09-21,1,0,1
2019-09-21,6,2,4
2019-09-21,4,1,3
2019-09-21,10,6,4
2019-09-21,11,5,6
2019-09-21,22,7,15
2019-09-21,16,8,8
2019-09-21,22,11,11
2019-09-21,26,12,14
2019-09-21,18,11,7
2019-09-21,26,13,13
2019-09-21,28,11,17
2019-09-21,25,10,15
2019-09-21,47,28,19
2019-09-21,21,8,13
2019-09-21,18,10,8
2019-09-21,25,12,13
2019-09-21,20,8,12
2019-09-21,21,8,13
2019-09-22,11,3,8
2019-09-22,10,4,6
2019-09-22,5,2,3
2019-09-22,4,3,1
2019-09-22,5,1,4
2019-09-22,3,1,2
2019-09-22,6,2,4
2019-09-22,5,4,1
2019-09-22,5,2,3
2019-09-22,4,1,3
2019-09-22,3,1,2
2019-09-22,6,4,2
2019-09-22,11,8,3
2019-09-22,9,3,6
2019-09-22,16,6,10
2019-09-22,11,7,4
2019-09-22,4,2,2
2019-09-22,19,8,11
2019-09-22,15,6,9
2019-09-22,19,11,8
2019-09-22,17,6,11
2019-09-22,5,1,4
2019-09-22,3,1,2
2019-09-22,1,1,0
2019-09-23,3,1,2
2019-09-23,0,0,0
2019-09-23,1,0,1
2019-09-23,0,0,0
2019-09-23,3,0,3
2019-09-23,2,2,0
2019-09-23,15,3,12
2019-09-23,36,8,28
2019-09-23,44,12,32
2019-09-23,39,17,22
2019-09-23,24,9,15
2019-09-23,14,7,7
2019-09-23,9,6,3
2019-09-23,8,5,3
2019-09-23,17,9,8
2019-09-23,25,12,13
2019-09-23,33,19,14
2019-09-23,60,28,32
2019-09-23,54,17,37
2019-09-23,31,14,17
2019-09-23,19,10,9
2019-09-23,16,9,7
2019-09-23,16,4,12
2019-09-23,1,1,0
2019-09-24,2,0,2
2019-09-24,1,1,0
2019-09-24,2,0,2
2019-09-24,0,0,0
2019-09-24,5,0,5
2019-09-24,4,3,1
2019-09-24,20,4,16
2019-09-24,34,10,24
2019-09-24,45,14,31
2019-09-24,29,11,18
2019-09-24,18,9,9
2019-09-24,26,13,13
2019-09-24,16,3,13
2019-09-24,18,8,10
2019-09-24,24,10,14
2019-09-24,31,17,14
2019-09-24,46,24,22
2019-09-24,73,41,32
2019-09-24,61,23,38
2019-09-24,37,14,23
2019-09-24,23,9,14
2019-09-24,18,5,13
2019-09-24,15,5,10
2019-09-24,4,4,0
2019-09-25,3,1,2
2019-09-25,0,0,0
2019-09-25,0,0,0
2019-09-25,0,0,0
2019-09-25,6,2,4
2019-09-25,4,1,3
2019-09-25,24,7,17
2019-09-25,42,12,30
2019-09-25,55,16,39
2019-09-25,38,18,20
2019-09-25,17,7,10
2019-09-25,23,14,9
2019-09-25,20,6,14
2019-09-25,28,17,11
2019-09-25,27,13,14
2019-09-25,27,14,13
2019-09-25,47,25,22
2019-09-25,76,33,43
2019-09-25,50,25,25
2019-09-25,46,24,22
2019-09-25,23,11,12
2019-09-25,11,7,4
2019-09-25,17,10,7
2019-09-25,4,2,2
2019-09-26,1,0,1
2019-09-26,2,0,2
2019-09-26,1,0,1
2019-09-26,0,0,0
2019-09-26,4,1,3
2019-09-26,1,1,0
2019-09-26,14,3,11
2019-09-26,31,9,22
2019-09-26,34,12,22
2019-09-26,31,13,18
2019-09-26,20,12,8
2019-09-26,20,8,12
2019-09-26,23,12,11
2019-09-26,23,14,9
2019-09-26,25,14,11
2019-09-26,26,17,9
2019-09-26,47,27,20
2019-09-26,55,22,33
2019-09-26,41,21,20
2019-09-26,33,19,14
2019-09-26,23,3,20
2019-09-26,18,9,9
2019-09-26,10,5,5
2019-09-26,6,4,2
2019-09-27,2,1,1
2019-09-27,2,1,1
2019-09-27,0,0,0
2019-09-27,1,0,1
2019-09-27,4,1,3
2019-09-27,3,1,2
2019-09-27,15,6,9
2019-09-27,47,20,27
2019-09-27,39,10,29
2019-09-27,30,16,14
2019-09-27,26,8,18
2019-09-27,26,15,11
2019-09-27,19,7,12
2019-09-27,30,9,21
2019-09-27,24,16,8
2019-09-27,28,14,14
2019-09-27,31,17,14
2019-09-27,52,26,26
2019-09-27,42,15,27
2019-09-27,19,11,8
2019-09-27,13,4,9
2019-09-27,9,5,4
2019-09-27,8,4,4
2019-09-27,13,6,7
2019-09-28,6,3,3
2019-09-28,2,1,1
2019-09-28,3,2,1
2019-09-28,3,1,2
2019-09-28,3,0,3
2019-09-28,1,1,0
2019-09-28,10,3,7
2019-09-28,8,6,2
2019-09-28,7,4,3
2019-09-28,7,6,1
2019-09-28,12,11,1
2019-09-28,12,5,7
2019-09-28,23,17,6
2019-09-28,28,13,15
2019-09-28,13,4,9
2019-09-28,27,14,13
2019-09-28,18,8,10
2019-09-28,37,22,15
2019-09-28,31,11,20
2019-09-28,11,8,3
2019-09-28,13,4,9
2019-09-28,8,2,6
2019-09-28,11,7,4
2019-09-28,14,8,6
2019-09-29,10,5,5
2019-09-29,2,0,2
2019-09-29,4,0,4
2019-09-29,1,0,1
2019-09-29,1,0,1
2019-09-29,0,0,0
2019-09-29,5,1,4
2019-09-29,8,4,4
2019-09-29,3,2,1
2019-09-29,12,8,4
2019-09-29,11,7,4
2019-09-29,10,6,4
2019-09-29,16,7,9
2019-09-29,10,5,5
2019-09-29,6,2,4
2019-09-29,12,2,10
2019-09-29,21,10,11
2019-09-29,15,5,10
2019-09-29,15,7,8
2019-09-29,10,6,4
2019-09-29,12,3,9
2019-09-29,9,4,5
2019-09-29,5,1,4
2019-09-29,3,2,1
2019-09-30,1,0,1
2019-09-30,2,1,1
2019-09-30,0,0,0
2019-09-30,1,1,0
2019-09-30,3,0,3
2019-09-30,4,2,2
2019-09-30,25,5,20
2019-09-30,37,8,29
2019-09-30,50,20,30
2019-09-30,30,12,18
2019-09-30,20,10,10
2019-09-30,18,10,8
2019-09-30,15,7,8
2019-09-30,23,7,16
2019-09-30,18,8,10
2019-09-30,31,15,16
2019-09-30,44,33,11
2019-09-30,77,45,32
2019-09-30,68,35,33
2019-09-30,27,12,15
2019-09-30,23,10,13
2019-09-30,13,4,9
2019-09-30,12,6,6
2019-09-30,4,1,3
2020-01-02,17,5,12
2020-01-02,3,2,1
2020-01-03,0,0,0
2020-01-03,0,0,0
2020-01-03,3,0,3
2020-01-03,0,0,0
2020-01-03,2,0,2
2020-01-03,5,1,4
2020-01-03,9,3,6
2020-01-03,15,1,14
2020-01-03,17,4,13
2020-01-03,21,5,16
2020-01-03,7,3,4
2020-01-03,14,6,8
2020-01-03,14,8,6
2020-01-03,17,5,12
2020-01-03,14,11,3
2020-01-03,19,10,9
2020-01-03,24,12,12
2020-01-03,37,21,16
2020-01-03,24,10,14
2020-01-03,19,9,10
2020-01-03,10,3,7
2020-01-03,8,6,2
2020-01-03,1,1,0
2020-01-03,5,3,2
2020-01-04,2,1,1
2020-01-04,1,1,0
2020-01-04,3,0,3
2020-01-04,1,0,1
2020-01-04,1,0,1
2020-01-04,1,0,1
2020-01-04,5,1,4
2020-01-04,5,4,1
2020-01-04,10,5,5
2020-01-04,7,4,3
2020-01-04,10,6,4
2020-01-04,19,10,9
2020-01-04,22,10,12
2020-01-04,22,11,11
2020-01-04,30,14,16
2020-01-04,9,4,5
2020-01-04,23,13,10
2020-01-04,8,4,4
2020-01-04,15,6,9
2020-01-04,10,6,4
2020-01-04,10,3,7
2020-01-04,3,2,1
2020-01-04,3,2,1
2020-01-04,5,3,2
2020-01-05,4,1,3
2020-01-05,6,4,2
2020-01-05,4,2,2
2020-01-05,1,1,0
2020-01-05,0,0,0
2020-01-05,1,0,1
2019-10-01,3,1,2
2019-10-01,1,0,1
2019-10-01,0,0,0
2019-10-01,0,0,0
2019-10-01,5,1,4
2019-10-01,3,1,2
2019-10-01,22,3,19
2019-10-01,31,10,21
2019-10-01,54,17,37
2019-10-01,38,18,20
2019-10-01,17,4,13
2019-10-01,18,11,7
2019-10-01,25,9,16
2019-10-01,15,4,11
2019-10-01,28,18,10
2019-10-01,26,12,14
2019-10-01,47,22,25
2019-10-01,74,34,40
2019-10-01,52,29,23
2019-10-01,54,28,26
2019-10-01,29,7,22
2019-10-01,16,7,9
2019-10-01,10,5,5
2019-10-01,8,4,4
2019-10-02,3,2,1
2019-10-02,1,0,1
2019-10-02,0,0,0
2019-10-02,0,0,0
2019-10-02,2,0,2
2019-10-02,5,2,3
2019-10-02,14,2,12
2019-10-02,41,8,33
2019-10-02,56,20,36
2019-10-02,31,14,17
2019-10-02,20,10,10
2019-10-02,21,10,11
2019-10-02,11,3,8
2019-10-02,25,14,11
2019-10-02,30,10,20
2019-10-02,23,15,8
2019-10-02,32,23,9
2019-10-02,72,34,38
2019-10-02,55,27,28
2019-10-02,44,22,22
2019-10-02,28,9,19
2019-10-02,13,5,8
2019-10-02,12,7,5
2019-10-02,15,7,8
2019-10-03,3,2,1
2019-10-03,2,1,1
2019-10-03,1,1,0
2019-10-03,0,0,0
2019-10-03,3,1,2
2019-10-03,8,4,4
2019-10-03,12,0,12
2019-10-03,29,8,21
2019-10-03,42,11,31
2019-10-03,29,15,14
2019-10-03,20,8,12
2019-10-03,27,13,14
2019-10-03,16,8,8
2019-10-03,28,10,18
2019-10-03,28,8,20
2019-10-03,29,12,17
2019-10-03,52,27,25
2019-10-03,63,27,36
2019-10-03,46,18,28
2019-10-03,23,9,14
2019-10-03,28,11,17
2019-10-03,15,6,9
2019-10-03,15,9,6
2019-10-03,11,7,4
2019-10-04,11,8,3
2019-10-04,5,2,3
2019-10-04,0,0,0
2019-10-04,1,0,1
2019-10-04,3,1,2
2019-10-04,3,2,1
2019-10-04,14,2,12
2019-10-04,32,8,24
2019-10-04,31,12,19
2019-10-04,30,12,18
2019-10-04,14,5,9
2019-10-04,23,10,13
2019-10-04,16,8,8
2019-10-04,14,6,8
2019-10-04,39,17,22
2019-10-04,34,18,16
2019-10-04,35,21,14
2019-10-04,51,25,26
2019-10-04,41,20,21
2019-10-04,30,18,12
2019-10-04,19,9,10
2019-10-04,15,4,11
2019-10-04,15,4,11
2019-10-04,11,8,3
2019-10-05,3,0,3
2019-10-05,3,1,2
2019-10-05,2,0,2
2019-10-05,2,1,1
2019-10-05,4,1,3
2019-10-05,5,3,2
2019-10-05,8,3,5
2019-10-05,3,2,1
2019-10-05,15,4,11
2019-10-05,7,3,4
2019-10-05,17,8,9
2019-10-05,12,6,6
2019-10-05,24,15,9
2019-10-05,26,8,18
2019-10-05,21,9,12
2019-10-05,18,7,11
2019-10-05,29,17,12
2019-10-05,22,10,12
2019-10-05,30,16,14
2019-10-05,24,13,11
2019-10-05,14,6,8
2019-10-05,11,6,5
2019-10-05,9,3,6
2019-10-05,12,5,7
2019-10-06,8,3,5
2019-10-06,5,1,4
2019-10-06,11,6,5
2019-10-06,5,2,3
2019-10-06,5,1,4
2019-10-06,6,3,3
2019-10-06,11,3,8
2019-10-06,3,3,0
2019-10-06,10,6,4
2019-10-06,12,10,2
2019-10-06,20,11,9
2019-10-06,28,14,14
2019-10-06,31,10,21
2019-10-06,35,15,20
2019-10-06,27,18,9
2019-10-06,31,11,20
2019-10-06,32,17,15
2019-10-06,28,15,13
2019-10-06,20,9,11
2019-10-06,23,6,17
2019-10-06,12,5,7
2019-10-06,8,3,5
2019-10-06,8,4,4
2019-10-06,4,2,2
2019-10-07,4,0,4
2019-10-07,1,0,1
2019-10-07,1,1,0
2019-10-07,0,0,0
2019-10-07,3,0,3
2019-10-07,3,1,2
2019-10-07,16,6,10
2019-10-07,30,7,23
2019-10-07,56,18,38
2019-10-07,26,9,17
2019-10-07,16,6,10
2019-10-07,17,8,9
2019-10-07,24,17,7
2019-10-07,19,9,10
2019-10-07,19,11,8
2019-10-07,28,12,16
2019-10-07,37,19,18
2019-10-07,63,31,32
2019-10-07,54,21,33
2019-10-07,35,12,23
2019-10-07,21,10,11
2019-10-07,12,6,6
2019-10-07,13,6,7
2019-10-07,6,4,2
2019-10-08,2,0,2
2019-10-08,1,0,1
2019-10-08,0,0,0
2019-10-08,0,0,0
2019-10-08,4,0,4
2019-10-08,4,2,2
2019-10-08,15,3,12
2019-10-08,36,13,23
2019-10-08,38,14,24
2019-10-08,32,13,19
2019-10-08,27,8,19
2019-10-08,11,9,2
2019-10-08,16,9,7
2019-10-08,10,2,8
2019-10-08,17,8,9
2019-10-08,41,25,16
2019-10-08,40,29,11
2019-10-08,56,27,29
2019-10-08,40,16,24
2019-10-08,15,4,11
2019-10-08,22,10,12
2019-10-08,17,6,11
2019-10-08,4,1,3
2019-10-08,2,0,2
2019-10-09,3,0,3
2019-10-09,0,0,0
2019-10-09,0,0,0
2019-10-09,0,0,0
2019-10-09,7,1,6
2019-10-09,14,9,5
2019-10-09,17,2,15
2019-10-09,32,7,25
2019-10-09,47,19,28
2019-10-09,34,17,17
2019-10-09,14,5,9
2019-10-09,25,15,10
2019-10-09,26,14,12
2019-10-09,15,2,13
2019-10-09,32,16,16
2019-10-09,29,16,13
2019-10-09,45,24,21
2019-10-09,73,40,33
2019-10-09,52,28,24
2019-10-09,32,15,17
2019-10-09,22,10,12
2019-10-09,15,6,9
2019-10-09,11,8,3
2019-10-09,7,4,3
2019-10-10,2,0,2
2019-10-10,1,1,0
2019-10-10,1,1,0
2019-10-10,0,0,0
2019-10-10,5,1,4
2019-10-10,7,2,5
2019-10-10,11,1,10
2019-10-10,23,5,18
2019-10-10,39,12,27
2019-10-10,27,12,15
2019-10-10,20,8,12
2019-10-10,26,14,12
2019-10-10,31,8,23
2019-10-10,27,12,15
2019-10-10,15,9,6
2019-10-10,24,11,13
2019-10-10,44,26,18
2019-10-10,72,34,38
2019-10-10,58,33,25
2019-10-10,29,12,17
2019-10-10,24,8,16
2019-10-10,9,5,4
2019-10-10,21,7,14
2019-10-10,8,5,3
2019-10-11,3,1,2
2019-10-11,2,2,0
2019-10-11,1,0,1
2019-10-11,1,1,0
2019-10-11,4,2,2
2019-10-11,3,0,3
2019-10-11,12,3,9
2019-10-11,21,7,14
2019-10-11,36,14,22
2019-10-11,31,13,18
2019-10-11,18,7,11
2019-10-11,17,7,10
2019-10-11,26,12,14
2019-10-11,23,9,14
2019-10-11,30,14,16
2019-10-11,29,11,18
2019-10-11,36,24,12
2019-10-11,54,26,28
2019-10-11,54,25,29
2019-10-11,26,15,11
2019-10-11,24,12,12
2019-10-11,25,15,10
2019-10-11,30,16,14
2019-10-11,17,11,6
2019-10-12,11,5,6
2019-10-12,10,2,8
2019-10-12,3,0,3
2019-10-12,2,2,0
2019-10-12,1,0,1
2019-10-12,0,0,0
2019-10-12,6,1,5
2019-10-12,7,4,3
2019-10-12,6,5,1
2019-10-12,14,12,2
2019-10-12,19,6,13
2019-10-12,12,8,4
2019-10-12,21,10,11
2019-10-12,33,15,18
2019-10-12,25,12,13
2019-10-12,28,16,12
2019-10-12,30,15,15
2019-10-12,26,19,7
2019-10-12,30,15,15
2019-10-12,18,12,6
2019-10-12,10,4,6
2019-10-12,7,4,3
2019-10-12,16,11,5
2019-10-12,10,4,6
2019-10-13,9,5,4
2019-10-13,5,1,4
2019-10-13,3,2,1
2019-10-13,2,1,1
2019-10-13,3,0,3
2019-10-13,2,0,2
2019-10-13,8,1,7
2019-10-13,9,5,4
2019-10-13,7,3,4
2019-10-13,14,7,7
2019-10-13,15,11,4
2019-10-13,10,7,3
2019-10-13,20,13,7
2019-10-13,34,11,23
2019-10-13,30,16,14
2019-10-13,33,14,19
2019-10-13,22,9,13
2019-10-13,24,8,16
2019-10-13,38,13,25
2019-10-13,19,13,6
2019-10-13,10,2,8
2019-10-13,7,4,3
2019-10-13,11,1,10
2019-10-13,3,3,0
2019-10-14,3,1,2
2019-10-14,1,0,1
2019-10-14,0,0,0
2019-10-14,0,0,0
2019-10-14,3,0,3
2019-10-14,7,1,6
2019-10-14,20,3,17
2019-10-14,30,10,20
2019-10-14,60,14,46
2019-10-14,34,11,23
2019-10-14,21,10,11
2019-10-14,18,6,12
2019-10-14,18,8,10
2019-10-14,24,13,11
2019-10-14,20,11,9
2019-10-14,29,18,11
2019-10-14,50,31,19
2019-10-14,72,34,38
2019-10-14,67,28,39
2019-10-14,48,25,23
2019-10-14,27,15,12
2019-10-14,11,4,7
2019-10-14,16,7,9
2019-10-14,3,3,0
2019-10-15,5,0,5
2019-10-15,0,0,0
2019-10-15,0,0,0
2019-10-15,0,0,0
2019-10-15,3,0,3
2019-10-15,6,0,6
2019-10-15,16,1,15
2019-10-15,37,12,25
2019-10-15,47,12,35
2019-10-15,37,17,20
2019-10-15,30,10,20
2019-10-15,20,13,7
2019-10-15,29,12,17
2019-10-15,16,8,8
2019-10-15,13,4,9
2019-10-15,28,17,11
2019-10-15,43,25,18
2019-10-15,58,31,27
2019-10-15,49,24,25
2019-10-15,43,18,25
2019-10-15,26,14,12
2019-10-15,21,7,14
2019-10-15,12,5,7
2019-10-15,13,7,6
2019-10-16,6,3,3
2019-10-16,2,0,2
2019-10-16,0,0,0
2019-10-16,0,0,0
2019-10-16,3,1,2
2019-10-16,4,2,2
2019-10-16,18,4,14
2019-10-16,17,4,13
2019-10-16,40,8,32
2019-10-16,36,15,21
2019-10-16,16,9,7
2019-10-16,5,4,1
2019-10-16,21,9,12
2019-10-16,14,4,10
2019-10-16,18,9,9
2019-10-16,14,6,8
2019-10-16,28,19,9
2019-10-16,48,28,20
2019-10-16,32,16,16
2019-10-16,17,11,6
2019-10-16,16,10,6
2019-10-16,10,5,5
2019-10-16,16,5,11
2019-10-16,5,2,3
2019-10-17,1,1,0
2019-10-17,1,0,1
2019-10-17,2,0,2
2019-10-17,1,1,0
2019-10-17,3,1,2
2019-10-17,4,1,3
2019-10-17,11,3,8
2019-10-17,28,6,22
2019-10-17,28,4,24
2019-10-17,16,7,9
2019-10-17,14,6,8
2019-10-17,18,11,7
2019-10-17,18,8,10
2019-10-17,15,6,9
2019-10-17,25,11,14
2019-10-17,29,15,14
2019-10-17,36,18,18
2019-10-17,40,19,21
2019-10-17,36,18,18
2019-10-17,32,14,18
2019-10-17,9,5,4
2019-10-17,13,7,6
2019-10-17,9,6,3
2019-10-17,5,1,4
2019-10-18,5,3,2
2019-10-18,2,2,0
2019-10-18,2,0,2
2019-10-18,2,0,2
2019-10-18,2,0,2
2019-10-18,0,0,0
2019-10-18,13,1,12
2019-10-18,26,5,21
2019-10-18,27,5,22
2019-10-18,23,10,13
2019-10-18,16,8,8
2019-10-18,12,9,3
2019-10-18,22,14,8
2019-10-18,8,4,4
2019-10-18,20,11,9
2019-10-18,22,12,10
2019-10-18,23,14,9
2019-10-18,39,21,18
2019-10-18,35,22,13
2019-10-18,14,8,6
2019-10-18,10,7,3
2019-10-18,9,3,6
2019-10-18,4,2,2
2019-10-18,7,3,4
2019-10-19,2,1,1
2019-10-19,1,0,1
2019-10-19,1,0,1
2019-10-19,3,2,1
2019-10-19,1,0,1
2019-10-19,2,2,0
2019-10-19,6,1,5
2019-10-19,3,1,2
2019-10-19,3,2,1
2019-10-19,7,3,4
2019-10-19,4,1,3
2019-10-19,7,5,2
2019-10-19,5,2,3
2019-10-19,12,5,7
2019-10-19,15,8,7
2019-10-19,13,10,3
2019-10-19,14,6,8
2019-10-19,14,6,8
2019-10-19,14,5,9
2019-10-19,22,9,13
2019-10-19,11,5,6
2019-10-19,18,8,10
2019-10-19,6,2,4
2019-10-19,14,4,10
2019-10-20,6,3,3
2019-10-20,4,2,2
2019-10-20,4,0,4
2019-10-20,4,2,2
2019-10-20,1,0,1
2019-10-20,1,0,1
2019-10-20,8,1,7
2019-10-20,6,2,4
2019-10-20,6,5,1
2019-10-20,7,4,3
2019-10-20,8,4,4
2019-10-20,12,7,5
2019-10-20,10,5,5
2019-10-20,15,4,11
2019-10-20,10,5,5
2019-10-20,8,5,3
2019-10-20,15,7,8
2019-10-20,15,7,8
2019-10-20,11,5,6
2019-10-20,13,6,7
2019-10-20,3,1,2
2019-10-20,6,4,2
2019-10-20,4,1,3
2019-10-20,3,2,1
2019-10-21,3,0,3
2019-10-21,0,0,0
2019-10-21,0,0,0
2019-10-21,0,0,0
2019-10-21,3,1,2
2019-10-21,2,0,2
2019-10-21,5,1,4
2019-10-21,22,7,15
2019-10-21,46,16,30
2019-10-21,25,12,13
2019-10-21,9,3,6
2019-10-21,15,5,10
2019-10-21,19,10,9
2019-10-21,15,6,9
2019-10-21,12,2,10
2019-10-21,15,6,9
2019-10-21,36,19,17
2019-10-21,42,24,18
2019-10-21,32,17,15
2019-10-21,20,15,5
2019-10-21,9,4,5
2019-10-21,9,5,4
2019-10-21,10,2,8
2019-10-21,3,2,1
2019-10-22,3,1,2
2019-10-22,1,1,0
2019-10-22,0,0,0
2019-10-22,0,0,0
2019-10-22,3,1,2
2019-10-22,2,1,1
2019-10-22,15,1,14
2019-10-22,21,5,16
2019-10-22,26,9,17
2019-10-22,26,15,11
2019-10-22,18,9,9
2019-10-22,24,14,10
2019-10-22,28,14,14
2019-10-22,10,2,8
2019-10-22,14,5,9
2019-10-22,20,12,8
2019-10-22,32,20,12
2019-10-22,52,26,26
2019-10-22,48,23,25
2019-10-22,36,15,21
2019-10-22,17,6,11
2019-10-22,17,9,8
2019-10-22,7,3,4
2019-10-22,8,3,5
2019-10-23,2,0,2
2019-10-23,0,0,0
2019-10-23,1,0,1
2019-10-23,0,0,0
2019-10-23,3,1,2
2019-10-23,2,1,1
2019-10-23,19,6,13
2019-10-23,29,7,22
2019-10-23,50,20,30
2019-10-23,29,12,17
2019-10-23,10,5,5
2019-10-23,21,10,11
2019-10-23,21,10,11
2019-10-23,23,17,6
2019-10-23,25,14,11
2019-10-23,21,16,5
2019-10-23,47,25,22
2019-10-23,57,24,33
2019-10-23,48,26,22
2019-10-23,38,14,24
2019-10-23,23,12,11
2019-10-23,18,10,8
2019-10-23,6,0,6
2019-10-23,11,8,3
2019-10-24,3,3,0
2019-10-24,2,0,2
2019-10-24,4,3,1
2019-10-24,0,0,0
2019-10-24,5,2,3
2019-10-24,7,1,6
2019-10-24,16,3,13
2019-10-24,29,9,20
2019-10-24,42,12,30
2019-10-24,24,13,11
2019-10-24,24,11,13
2019-10-24,23,11,12
2019-10-24,27,6,21
2019-10-24,29,18,11
2019-10-24,24,12,12
2019-10-24,24,14,10
2019-10-24,45,25,20
2019-10-24,64,31,33
2019-10-24,49,21,28
2019-10-24,35,20,15
2019-10-24,19,7,12
2019-10-24,11,5,6
2019-10-24,10,6,4
2019-10-24,7,5,2
2019-10-25,0,0,0
2019-10-25,6,3,3
2019-10-25,2,0,2
2019-10-25,0,0,0
2019-10-25,3,0,3
2019-10-25,3,1,2
2019-10-25,14,8,6
2019-10-25,24,6,18
2019-10-25,33,9,24
2019-10-25,25,12,13
2019-10-25,17,5,12
2019-10-25,15,8,7
2019-10-25,15,7,8
2019-10-25,7,3,4
2019-10-25,9,5,4
2019-10-25,20,13,7
2019-10-25,33,17,16
2019-10-25,49,23,26
2019-10-25,34,17,17
2019-10-25,22,10,12
2019-10-25,19,9,10
2019-10-25,8,5,3
2019-10-25,8,3,5
2019-10-25,8,6,2
2019-10-26,5,2,3
2019-10-26,4,2,2
2019-10-26,4,1,3
2019-10-26,3,1,2
2019-10-26,3,0,3
2019-10-26,1,1,0
2019-10-26,4,0,4
2019-10-26,6,2,4
2019-10-26,6,5,1
2019-10-26,10,4,6
2019-10-26,14,7,7
2019-10-26,16,6,10
2019-10-26,18,10,8
2019-10-26,29,14,15
2019-10-26,19,10,9
2019-10-26,30,14,16
2019-10-26,24,15,9
2019-10-26,24,7,17
2019-10-26,21,11,10
2019-10-26,26,17,9
2019-10-26,11,5,6
2019-10-26,9,5,4
2019-10-26,8,4,4
2019-10-26,9,7,2
2019-10-27,11,1,10
2019-10-27,4,2,2
2019-10-27,1,1,0
2019-10-27,2,1,1
2019-10-27,4,2,2
2019-10-27,3,2,1
2019-10-27,6,2,4
2019-10-27,1,1,0
2019-10-27,8,4,4
2019-10-27,13,8,5
2019-10-27,7,5,2
2019-10-27,13,5,8
2019-10-27,27,13,14
2019-10-27,26,17,9
2019-10-27,23,6,17
2019-10-27,27,15,12
2019-10-27,28,13,15
2019-10-27,25,14,11
2019-10-27,27,14,13
2019-10-27,19,9,10
2019-10-27,12,4,8
2019-10-27,14,5,9
2019-10-27,5,1,4
2019-10-27,7,4,3
2019-10-28,4,1,3
2019-10-28,0,0,0
2019-10-28,1,1,0
2019-10-28,0,0,0
2019-10-28,2,0,2
2019-10-28,3,2,1
2019-10-28,16,5,11
2019-10-28,34,10,24
2019-10-28,55,23,32
2019-10-28,37,16,21
2019-10-28,17,9,8
2019-10-28,14,11,3
2019-10-28,20,10,10
2019-10-28,9,5,4
2019-10-28,20,11,9
2019-10-28,22,10,12
2019-10-28,38,18,20
2019-10-28,78,40,38
2019-10-28,42,19,23
2019-10-28,39,21,18
2019-10-28,17,8,9
2019-10-28,9,5,4
2019-10-28,7,3,4
2019-10-28,9,2,7
2019-10-29,8,4,4
2019-10-29,1,1,0
2019-10-29,2,2,0
2019-10-29,0,0,0
2019-10-29,2,0,2
2019-10-29,8,4,4
2019-10-29,18,5,13
2019-10-29,24,7,17
2019-10-29,49,16,33
2019-10-29,29,17,12
2019-10-29,22,8,14
2019-10-29,12,6,6
2019-10-29,23,10,13
2019-10-29,20,9,11
2019-10-29,21,9,12
2019-10-29,32,14,18
2019-10-29,28,10,18
2019-10-29,68,37,31
2019-10-29,41,21,20
2019-10-29,28,11,17
2019-10-29,20,6,14
2019-10-29,10,3,7
2019-10-29,8,5,3
2019-10-29,10,5,5
2019-10-30,4,0,4
2019-10-30,1,1,0
2019-10-30,0,0,0
2019-10-30,0,0,0
2019-10-30,4,1,3
2019-10-30,4,2,2
2019-10-30,10,1,9
2019-10-30,27,9,18
2019-10-30,42,13,29
2019-10-30,24,14,10
2019-10-30,15,5,10
2019-10-30,21,13,8
2019-10-30,19,10,9
2019-10-30,13,6,7
2019-10-30,20,13,7
2019-10-30,29,16,13
2019-10-30,43,20,23
2019-10-30,67,31,36
2019-10-30,52,19,33
2019-10-30,26,11,15
2019-10-30,11,5,6
2019-10-30,17,6,11
2019-10-30,5,3,2
2019-10-30,4,2,2
2019-10-31,4,3,1
2019-10-31,2,0,2
2019-10-31,2,1,1
2019-10-31,0,0,0
2019-10-31,3,0,3
2019-10-31,3,1,2
2019-10-31,10,2,8
2019-10-31,28,9,19
2019-10-31,40,15,25
2019-10-31,24,8,16
2019-10-31,24,10,14
2019-10-31,14,7,7
2019-10-31,17,10,7
2019-10-31,11,4,7
2019-10-31,22,11,11
2019-10-31,32,13,19
2019-10-31,53,30,23
2019-10-31,72,47,25
2019-10-31,44,19,25
2019-10-31,35,18,17
2019-10-31,15,5,10
2019-10-31,9,3,6
2019-10-31,17,8,9
2019-10-31,4,2,2
2020-01-05,5,2,3
2020-01-05,4,1,3
2020-01-05,2,1,1
2020-01-05,4,2,2
2020-01-05,2,1,1
2020-01-05,8,4,4
2020-01-05,10,5,5
2020-01-05,9,5,4
2020-01-05,7,6,1
2020-01-05,24,12,12
2020-01-05,17,8,9
2020-01-05,18,9,9
2020-01-05,13,1,12
2020-01-05,8,4,4
2020-01-05,6,2,4
2020-01-05,3,2,1
2020-01-05,7,2,5
2020-01-05,2,1,1
2020-01-06,2,0,2
2020-01-06,0,0,0
2020-01-06,0,0,0
2020-01-06,1,1,0
2020-01-06,1,0,1
2020-01-06,6,2,4
2020-01-06,5,2,3
2020-01-06,31,10,21
2020-01-06,38,9,29
2020-01-06,18,8,10
2020-01-06,5,2,3
2020-01-06,8,3,5
2020-01-06,9,6,3
2020-01-06,10,2,8
2019-11-01,8,4,4
2019-11-01,8,3,5
2019-11-01,6,3,3
2019-11-01,1,0,1
2019-11-01,2,0,2
2019-11-01,1,1,0
2019-11-01,13,1,12
2019-11-01,32,10,22
2019-11-01,41,15,26
2019-11-01,25,8,17
2019-11-01,17,11,6
2019-11-01,21,15,6
2019-11-01,20,13,7
2019-11-01,22,11,11
2019-11-01,21,14,7
2019-11-01,22,9,13
2019-11-01,39,22,17
2019-11-01,69,36,33
2019-11-01,33,18,15
2019-11-01,28,8,20
2019-11-01,15,8,7
2019-11-01,10,5,5
2019-11-01,10,4,6
2019-11-01,11,5,6
2019-11-02,7,2,5
2019-11-02,5,1,4
2019-11-02,4,2,2
2019-11-02,1,0,1
2019-11-02,2,1,1
2019-11-02,2,1,1
2019-11-02,5,1,4
2019-11-02,6,3,3
2019-11-02,6,4,2
2019-11-02,8,2,6
2019-11-02,18,9,9
2019-11-02,20,11,9
2019-11-02,15,5,10
2019-11-02,26,18,8
2019-11-02,36,24,12
2019-11-02,36,25,11
2019-11-02,20,12,8
2019-11-02,28,14,14
2019-11-02,26,14,12
2019-11-02,19,10,9
2019-11-02,24,15,9
2019-11-02,9,4,5
2019-11-02,11,4,7
2019-11-02,5,2,3
2019-11-03,4,3,1
2019-11-03,5,3,2
2019-11-03,2,1,1
2019-11-03,0,0,0
2019-11-03,0,0,0
2019-11-03,1,0,1
2019-11-03,5,2,3
2019-11-03,4,3,1
2019-11-03,6,3,3
2019-11-03,15,8,7
2019-11-03,21,13,8
2019-11-03,31,14,17
2019-11-03,35,19,16
2019-11-03,21,8,13
2019-11-03,38,21,17
2019-11-03,24,9,15
2019-11-03,17,6,11
2019-11-03,19,11,8
2019-11-03,14,4,10
2019-11-03,17,9,8
2019-11-03,9,2,7
2019-11-03,9,2,7
2019-11-03,8,5,3
2019-11-03,7,3,4
2019-11-04,2,0,2
2019-11-04,1,1,0
2019-11-04,1,0,1
2019-11-04,0,0,0
2019-11-04,4,0,4
2019-11-04,4,2,2
2019-11-04,16,2,14
2019-11-04,34,11,23
2019-11-04,71,29,42
2019-11-04,26,9,17
2019-11-04,29,20,9
2019-11-04,15,6,9
2019-11-04,22,14,8
2019-11-04,16,5,11
2019-11-04,19,11,8
2019-11-04,33,22,11
2019-11-04,51,22,29
2019-11-04,66,31,35
2019-11-04,57,25,32
2019-11-04,27,15,12
2019-11-04,24,12,12
2019-11-04,14,7,7
2019-11-04,8,5,3
2019-11-04,5,3,2
2019-11-05,5,2,3
2019-11-05,0,0,0
2019-11-05,1,1,0
2019-11-05,0,0,0
2019-11-05,3,0,3
2019-11-05,6,3,3
2019-11-05,21,1,20
2019-11-05,30,7,23
2019-11-05,40,11,29
2019-11-05,35,16,19
2019-11-05,20,11,9
2019-11-05,11,4,7
2019-11-05,14,11,3
2019-11-05,23,5,18
2019-11-05,30,17,13
2019-11-05,36,18,18
2019-11-05,49,31,18
2019-11-05,56,28,28
2019-11-05,43,21,22
2019-11-05,34,12,22
2019-11-05,17,7,10
2019-11-05,19,9,10
2019-11-05,8,5,3
2019-11-05,8,2,6
2019-11-06,4,3,1
2019-11-06,1,1,0
2019-11-06,1,0,1
2019-11-06,1,1,0
2019-11-06,3,0,3
2019-11-06,1,1,0
2019-11-06,14,3,11
2019-11-06,43,10,33
2019-11-06,42,18,24
2019-11-06,24,10,14
2019-11-06,19,8,11
2019-11-06,26,14,12
2019-11-06,21,9,12
2019-11-06,24,6,18
2019-11-06,20,11,9
2019-11-06,25,17,8
2019-11-06,41,24,17
2019-11-06,68,38,30
2019-11-06,50,19,31
2019-11-06,28,11,17
2019-11-06,20,7,13
2019-11-06,13,5,8
2019-11-06,10,6,4
2019-11-06,4,4,0
2019-11-07,4,1,3
2019-11-07,4,3,1
2019-11-07,0,0,0
2019-11-07,3,2,1
2019-11-07,4,1,3
2019-11-07,5,4,1
2019-11-07,15,1,14
2019-11-07,38,16,22
2019-11-07,44,14,30
2019-11-07,24,11,13
2019-11-07,27,17,10
2019-11-07,16,8,8
2019-11-07,27,15,12
2019-11-07,17,7,10
2019-11-07,20,12,8
2019-11-07,22,12,10
2019-11-07,41,25,16
2019-11-07,65,35,30
2019-11-07,51,23,28
2019-11-07,28,10,18
2019-11-07,24,9,15
2019-11-07,13,6,7
2019-11-07,16,7,9
2019-11-07,10,7,3
2019-11-08,5,2,3
2019-11-08,4,3,1
2019-11-08,1,0,1
2019-11-08,1,0,1
2019-11-08,1,0,1
2019-11-08,4,1,3
2019-11-08,15,4,11
2019-11-08,26,9,17
2019-11-08,36,9,27
2019-11-08,31,13,18
2019-11-08,26,13,13
2019-11-08,26,10,16
2019-11-08,28,12,16
2019-11-08,15,7,8
2019-11-08,16,7,9
2019-11-08,22,8,14
2019-11-08,43,23,20
2019-11-08,53,28,25
2019-11-08,47,18,29
2019-11-08,31,18,13
2019-11-08,21,13,8
2019-11-08,18,9,9
2019-11-08,17,10,7
2019-11-08,7,5,2
2019-11-09,6,1,5
2019-11-09,11,3,8
2019-11-09,4,4,0
2019-11-09,1,0,1
2019-11-09,1,0,1
2019-11-09,1,0,1
2019-11-09,5,0,5
2019-11-09,6,5,1
2019-11-09,2,2,0
2019-11-09,6,2,4
2019-11-09,9,1,8
2019-11-09,6,3,3
2019-11-09,9,5,4
2019-11-09,6,3,3
2019-11-09,15,7,8
2019-11-09,17,11,6
2019-11-09,8,5,3
2019-11-09,9,4,5
2019-11-09,14,9,5
2019-11-09,13,8,5
2019-11-09,8,3,5
2019-11-09,9,3,6
2019-11-09,6,1,5
2019-11-09,9,5,4
2019-11-10,3,0,3
2019-11-10,6,0,6
2019-11-10,7,7,0
2019-11-10,1,0,1
2019-11-10,0,0,0
2019-11-10,3,2,1
2019-11-10,6,1,5
2019-11-10,4,2,2
2019-11-10,5,4,1
2019-11-10,12,5,7
2019-11-10,26,16,10
2019-11-10,13,8,5
2019-11-10,27,8,19
2019-11-10,18,11,7
2019-11-10,12,6,6
2019-11-10,23,11,12
2019-11-10,14,7,7
2019-11-10,16,10,6
2019-11-10,26,13,13
2019-11-10,9,4,5
2019-11-10,14,5,9
2019-11-10,8,4,4
2019-11-10,8,4,4
2019-11-10,1,1,0
2019-11-11,9,3,6
2019-11-11,2,1,1
2019-11-11,0,0,0
2019-11-11,0,0,0
2019-11-11,2,0,2
2019-11-11,2,1,1
2019-11-11,13,0,13
2019-11-11,19,5,14
2019-11-11,27,12,15
2019-11-11,27,10,17
2019-11-11,10,5,5
2019-11-11,11,8,3
2019-11-11,22,15,7
2019-11-11,28,15,13
2019-11-11,30,19,11
2019-11-11,38,21,17
2019-11-11,28,20,8
2019-11-11,51,26,25
2019-11-11,32,17,15
2019-11-11,22,12,10
2019-11-11,10,5,5
2019-11-11,11,6,5
2019-11-11,13,10,3
2019-11-11,2,0,2
2019-11-12,1,1,0
2019-11-12,0,0,0
2019-11-12,0,0,0
2019-11-12,0,0,0
2019-11-12,2,0,2
2019-11-12,2,1,1
2019-11-12,16,2,14
2019-11-12,21,6,15
2019-11-12,25,7,18
2019-11-12,27,14,13
2019-11-12,14,4,10
2019-11-12,14,9,5
2019-11-12,17,6,11
2019-11-12,16,8,8
2019-11-12,18,6,12
2019-11-12,16,6,10
2019-11-12,27,17,10
2019-11-12,61,34,27
2019-11-12,46,21,25
2019-11-12,29,14,15
2019-11-12,16,8,8
2019-11-12,13,7,6
2019-11-12,7,4,3
2019-11-12,10,4,6
2019-11-13,2,0,2
2019-11-13,1,0,1
2019-11-13,0,0,0
2019-11-13,0,0,0
2019-11-13,2,0,2
2019-11-13,4,2,2
2019-11-13,18,5,13
2019-11-13,36,7,29
2019-11-13,42,13,29
2019-11-13,24,10,14
2019-11-13,12,5,7
2019-11-13,23,11,12
2019-11-13,23,10,13
2019-11-13,22,9,13
2019-11-13,23,12,11
2019-11-13,26,9,17
2019-11-13,36,19,17
2019-11-13,73,40,33
2019-11-13,52,25,27
2019-11-13,18,6,12
2019-11-13,28,15,13
2019-11-13,9,6,3
2019-11-13,9,6,3
2019-11-13,7,4,3
2019-11-14,2,0,2
2019-11-14,1,0,1
2019-11-14,0,0,0
2019-11-14,0,0,0
2019-11-14,2,0,2
2019-11-14,3,0,3
2019-11-14,15,2,13
2019-11-14,38,12,26
2019-11-14,33,9,24
2019-11-14,29,12,17
2019-11-14,17,11,6
2019-11-14,21,7,14
2019-11-14,18,7,11
2019-11-14,23,5,18
2019-11-14,19,9,10
2019-11-14,20,10,10
2019-11-14,31,16,15
2019-11-14,53,33,20
2019-11-14,40,14,26
2019-11-14,30,16,14
2019-11-14,25,13,12
2019-11-14,9,5,4
2019-11-14,13,3,10
2019-11-14,6,2,4
2019-11-15,3,2,1
2019-11-15,6,2,4
2019-11-15,1,1,0
2019-11-15,1,1,0
2019-11-15,2,0,2
2019-11-15,2,1,1
2019-11-15,8,3,5
2019-11-15,25,10,15
2019-11-15,29,12,17
2019-11-15,28,10,18
2019-11-15,18,11,7
2019-11-15,18,9,9
2019-11-15,27,16,11
2019-11-15,15,4,11
2019-11-15,23,12,11
2019-11-15,24,16,8
2019-11-15,29,15,14
2019-11-15,45,24,21
2019-11-15,44,24,20
2019-11-15,24,14,10
2019-11-15,18,11,7
2019-11-15,17,9,8
2019-11-15,11,3,8
2019-11-15,15,7,8
2019-11-16,3,2,1
2019-11-16,7,2,5
2019-11-16,4,2,2
2019-11-16,1,0,1
2019-11-16,1,0,1
2019-11-16,0,0,0
2019-11-16,5,1,4
2019-11-16,7,3,4
2019-11-16,3,3,0
2019-11-16,6,3,3
2019-11-16,15,11,4
2019-11-16,22,14,8
2019-11-16,21,9,12
2019-11-16,24,9,15
2019-11-16,18,12,6
2019-11-16,17,8,9
2019-11-16,16,5,11
2019-11-16,17,5,12
2019-11-16,27,16,11
2019-11-16,12,6,6
2019-11-16,6,2,4
2019-11-16,6,3,3
2019-11-16,11,5,6
2019-11-16,7,3,4
2019-11-17,5,2,3
2019-11-17,5,2,3
2019-11-17,4,1,3
2019-11-17,1,1,0
2019-11-17,1,0,1
2019-11-17,1,0,1
2019-11-17,5,1,4
2019-11-17,6,5,1
2019-11-17,2,2,0
2019-11-17,8,7,1
2019-11-17,8,4,4
2019-11-17,12,4,8
2019-11-17,14,4,10
2019-11-17,22,7,15
2019-11-17,10,8,2
2019-11-17,8,3,5
2019-11-17,10,5,5
2019-11-17,7,3,4
2019-11-17,13,2,11
2019-11-17,8,4,4
2019-11-17,9,3,6
2019-11-17,8,2,6
2019-11-17,7,2,5
2019-11-17,0,0,0
2019-11-18,4,1,3
2019-11-18,1,0,1
2019-11-18,1,1,0
2019-11-18,0,0,0
2019-11-18,1,0,1
2019-11-18,3,0,3
2019-11-18,11,4,7
2019-11-18,23,8,15
2019-11-18,40,12,28
2019-11-18,32,12,20
2019-11-18,16,6,10
2019-11-18,14,4,10
2019-11-18,16,11,5
2019-11-18,17,8,9
2019-11-18,11,7,4
2019-11-18,11,10,1
2019-11-18,30,19,11
2019-11-18,46,25,21
2019-11-18,35,13,22
2019-11-18,21,6,15
2019-11-18,14,7,7
2019-11-18,13,7,6
2019-11-18,5,1,4
2019-11-18,6,2,4
2019-11-19,3,0,3
2019-11-19,1,1,0
2019-11-19,1,0,1
2019-11-19,0,0,0
2019-11-19,1,0,1
2019-11-19,6,2,4
2019-11-19,15,2,13
2019-11-19,24,10,14
2019-11-19,25,6,19
2019-11-19,21,9,12
2019-11-19,16,6,10
2019-11-19,16,13,3
2019-11-19,18,10,8
2019-11-19,17,8,9
2019-11-19,22,11,11
2019-11-19,27,16,11
2019-11-19,30,15,15
2019-11-19,52,27,25
2019-11-19,36,17,19
2019-11-19,23,10,13
2019-11-19,25,11,14
2019-11-19,14,3,11
2019-11-19,7,2,5
2019-11-19,8,3,5
2019-11-20,3,1,2
2019-11-20,1,1,0
2019-11-20,1,1,0
2019-11-20,0,0,0
2019-11-20,1,0,1
2019-11-20,5,3,2
2019-11-20,16,5,11
2019-11-20,47,9,38
2019-11-20,34,12,22
2019-11-20,33,12,21
2019-11-20,19,10,9
2019-11-20,19,11,8
2019-11-20,22,13,9
2019-11-20,21,9,12
2019-11-20,25,14,11
2019-11-20,33,23,10
2019-11-20,40,24,16
2019-11-20,69,42,27
2019-11-20,44,21,23
2019-11-20,21,10,11
2019-11-20,17,8,9
2019-11-20,15,7,8
2019-11-20,12,7,5
2019-11-20,3,3,0
2019-11-21,5,1,4
2019-11-21,0,0,0
2019-11-21,0,0,0
2019-11-21,0,0,0
2019-11-21,2,0,2
2019-11-21,4,0,4
2019-11-21,11,1,10
2019-11-21,37,10,27
2019-11-21,39,19,20
2019-11-21,28,9,19
2019-11-21,17,8,9
2019-11-21,17,13,4
2019-11-21,21,14,7
2019-11-21,15,7,8
2019-11-21,26,15,11
2019-11-21,19,10,9
2019-11-21,48,27,21
2019-11-21,63,32,31
2019-11-21,41,14,27
2019-11-21,20,11,9
2019-11-21,24,9,15
2019-11-21,13,6,7
2019-11-21,11,3,8
2019-11-21,3,2,1
2019-11-22,5,1,4
2019-11-22,3,1,2
2019-11-22,0,0,0
2019-11-22,0,0,0
2019-11-22,0,0,0
2019-11-22,3,1,2
2019-11-22,12,2,10
2019-11-22,28,11,17
2019-11-22,34,12,22
2019-11-22,30,10,20
2019-11-22,11,4,7
2019-11-22,16,10,6
2019-11-22,24,10,14
2019-11-22,20,7,13
2019-11-22,22,16,6
2019-11-22,23,11,12
2019-11-22,41,30,11
2019-11-22,48,27,21
2019-11-22,37,15,22
2019-11-22,14,6,8
2019-11-22,18,8,10
2019-11-22,14,6,8
2019-11-22,16,9,7
2019-11-22,8,5,3
2019-11-23,6,2,4
2019-11-23,7,4,3
2019-11-23,4,0,4
2019-11-23,0,0,0
2019-11-23,3,1,2
2019-11-23,2,1,1
2019-11-23,4,1,3
2019-11-23,9,6,3
2019-11-23,6,5,1
2019-11-23,13,1,12
2019-11-23,16,5,11
2019-11-23,9,4,5
2019-11-23,19,9,10
2019-11-23,16,9,7
2019-11-23,21,15,6
2019-11-23,12,9,3
2019-11-23,15,7,8
2019-11-23,13,5,8
2019-11-23,15,7,8
2019-11-23,11,4,7
2019-11-23,15,9,6
2019-11-23,6,2,4
2019-11-23,8,5,3
2019-11-23,11,6,5
2019-11-24,12,6,6
2019-11-24,8,3,5
2019-11-24,1,0,1
2019-11-24,0,0,0
2019-11-24,1,0,1
2019-11-24,1,0,1
2019-11-24,2,0,2
2019-11-24,6,3,3
2019-11-24,3,2,1
2019-11-24,13,9,4
2019-11-24,16,5,11
2019-11-24,14,9,5
2019-11-24,26,18,8
2019-11-24,27,11,16
2019-11-24,25,14,11
2019-11-24,20,12,8
2019-11-24,24,12,12
2019-11-24,15,11,4
2019-11-24,19,6,13
2019-11-24,13,7,6
2019-11-24,8,1,7
2019-11-24,5,4,1
2019-11-24,6,4,2
2019-11-24,6,5,1
2019-11-25,2,0,2
2019-11-25,0,0,0
2019-11-25,0,0,0
2019-11-25,2,2,0
2019-11-25,1,0,1
2019-11-25,6,2,4
2019-11-25,14,0,14
2019-11-25,28,13,15
2019-11-25,38,12,26
2019-11-25,26,12,14
2019-11-25,15,10,5
2019-11-25,12,8,4
2019-11-25,16,7,9
2019-11-25,15,9,6
2019-11-25,11,5,6
2019-11-25,20,10,10
2019-11-25,21,14,7
2019-11-25,45,24,21
2019-11-25,32,13,19
2019-11-25,25,15,10
2019-11-25,13,6,7
2019-11-25,13,4,9
2019-11-25,3,0,3
2019-11-25,3,2,1
2019-11-26,2,0,2
2019-11-26,0,0,0
2019-11-26,3,3,0
2019-11-26,0,0,0
2019-11-26,2,1,1
2019-11-26,7,2,5
2019-11-26,14,0,14
2019-11-26,30,11,19
2019-11-26,29,3,26
2019-11-26,27,13,14
2019-11-26,12,5,7
2019-11-26,15,10,5
2019-11-26,20,10,10
2019-11-26,24,10,14
2019-11-26,22,11,11
2019-11-26,23,13,10
2019-11-26,31,23,8
2019-11-26,54,29,25
2019-11-26,38,12,26
2019-11-26,26,14,12
2019-11-26,14,5,9
2019-11-26,9,2,7
2019-11-26,7,3,4
2019-11-26,9,4,5
2019-11-27,2,0,2
2019-11-27,1,0,1
2019-11-27,0,0,0
2019-11-27,0,0,0
2019-11-27,2,1,1
2019-11-27,3,2,1
2019-11-27,11,3,8
2019-11-27,23,7,16
2019-11-27,18,6,12
2019-11-27,24,9,15
2019-11-27,11,5,6
2019-11-27,11,6,5
2019-11-27,19,10,9
2019-11-27,20,9,11
2019-11-27,24,10,14
2019-11-27,28,19,9
2019-11-27,37,22,15
2019-11-27,29,13,16
2019-11-27,23,9,14
2019-11-27,10,4,6
2019-11-27,9,2,7
2019-11-27,5,0,5
2019-11-27,8,4,4
2019-11-27,2,2,0
2019-11-28,10,6,4
2019-11-28,2,1,1
2019-11-28,1,1,0
2019-11-28,1,1,0
2019-11-28,1,0,1
2019-11-28,1,0,1
2019-11-28,2,0,2
2019-11-28,4,2,2
2019-11-28,3,3,0
2019-11-28,4,3,1
2019-11-28,7,3,4
2019-11-28,8,3,5
2019-11-28,8,2,6
2019-11-28,4,2,2
2019-11-28,8,2,6
2019-11-28,2,0,2
2019-11-28,7,4,3
2019-11-28,3,3,0
2019-11-28,6,3,3
2019-11-28,1,0,1
2019-11-28,7,3,4
2019-11-28,6,4,2
2019-11-28,3,3,0
2019-11-28,3,0,3
2019-11-29,1,1,0
2019-11-29,0,0,0
2019-11-29,0,0,0
2019-11-29,1,1,0
2019-11-29,2,0,2
2019-11-29,4,1,3
2019-11-29,4,0,4
2019-11-29,8,3,5
2019-11-29,7,4,3
2019-11-29,0,0,0
2019-11-29,4,2,2
2019-11-29,8,4,4
2019-11-29,8,3,5
2019-11-29,8,4,4
2019-11-29,15,10,5
2019-11-29,9,6,3
2019-11-29,13,4,9
2019-11-29,14,6,8
2019-11-29,17,5,12
2019-11-29,11,7,4
2019-11-29,9,4,5
2019-11-29,7,1,6
2019-11-29,6,4,2
2019-11-29,3,0,3
2019-11-30,3,1,2
2019-11-30,7,3,4
2019-11-30,0,0,0
2019-11-30,1,0,1
2019-11-30,1,0,1
2019-11-30,2,0,2
2019-11-30,5,0,5
2019-11-30,4,2,2
2019-11-30,3,2,1
2019-11-30,8,5,3
2019-11-30,6,2,4
2019-11-30,2,1,1
2019-11-30,24,12,12
2019-11-30,17,10,7
2019-11-30,12,8,4
2019-11-30,14,8,6
2019-11-30,8,4,4
2019-11-30,10,5,5
2019-11-30,11,6,5
2019-11-30,15,7,8
2019-11-30,6,2,4
2019-11-30,15,9,6
2019-11-30,5,3,2
2019-11-30,5,3,2
2020-01-06,13,9,4
2020-01-06,12,7,5
2020-01-06,21,12,9
2020-01-06,49,27,22
2020-01-06,34,18,16
2020-01-06,12,7,5
2020-01-06,12,5,7
2020-01-06,8,2,6
2020-01-06,3,0,3
2020-01-06,2,2,0
2020-01-07,1,0,1
2020-01-07,0,0,0
2020-01-07,0,0,0
2020-01-07,0,0,0
2020-01-07,2,0,2
2020-01-07,4,0,4
2020-01-07,16,3,13
2020-01-07,32,11,21
2020-01-07,24,5,19
2020-01-07,24,14,10
2020-01-07,14,4,10
2020-01-07,21,13,8
2020-01-07,30,10,20
2020-01-07,12,5,7
2020-01-07,35,9,26
2020-01-07,11,8,3
2020-01-07,36,19,17
2020-01-07,47,29,18
2020-01-07,26,18,8
2020-01-07,17,9,8
2020-01-07,16,6,10
2020-01-07,8,5,3
2020-01-07,7,2,5
2020-01-07,5,3,2
2020-01-08,0,0,0
2020-01-08,1,1,0
2020-01-08,0,0,0
2020-01-08,0,0,0
2020-01-08,2,0,2
2020-01-08,6,1,5
2020-01-08,17,5,12
2020-01-08,32,10,22
2020-01-08,37,12,25
2020-01-08,15,7,8
2020-01-08,11,7,4
2020-01-08,21,7,14
2020-01-08,18,8,10
2020-01-08,11,8,3
2020-01-08,24,10,14
2020-01-08,20,13,7
2020-01-08,36,24,12
2020-01-08,46,27,19
2020-01-08,33,16,17
2020-01-08,24,12,12
2020-01-08,21,9,12
2020-01-08,11,5,6
2019-12-01,2,0,2
2019-12-01,7,2,5
2019-12-01,6,3,3
2019-12-01,1,0,1
2019-12-01,1,0,1
2019-12-01,0,0,0
2019-12-01,0,0,0
2019-12-01,6,5,1
2019-12-01,3,0,3
2019-12-01,7,3,4
2019-12-01,4,2,2
2019-12-01,8,3,5
2019-12-01,6,3,3
2019-12-01,7,4,3
2019-12-01,8,1,7
2019-12-01,12,7,5
2019-12-01,12,5,7
2019-12-01,11,6,5
2019-12-01,15,5,10
2019-12-01,9,4,5
2019-12-01,2,1,1
2019-12-01,5,2,3
2019-12-01,2,0,2
2019-12-01,5,2,3
2019-12-02,5,1,4
2019-12-02,1,1,0
2019-12-02,8,4,4
2019-12-02,0,0,0
2019-12-02,1,0,1
2019-12-02,6,1,5
2019-12-02,8,2,6
2019-12-02,37,9,28
2019-12-02,29,9,20
2019-12-02,27,13,14
2019-12-02,15,8,7
2019-12-02,9,4,5
2019-12-02,19,8,11
2019-12-02,8,3,5
2019-12-02,16,8,8
2019-12-02,22,12,10
2019-12-02,43,24,19
2019-12-02,46,19,27
2019-12-02,36,14,22
2019-12-02,17,5,12
2019-12-02,13,6,7
2019-12-02,7,5,2
2019-12-02,7,1,6
2019-12-02,4,1,3
2019-12-03,4,1,3
2019-12-03,1,0,1
2019-12-03,0,0,0
2019-12-03,0,0,0
2019-12-03,2,0,2
2019-12-03,5,1,4
2019-12-03,16,4,12
2019-12-03,28,13,15
2019-12-03,32,11,21
2019-12-03,32,19,13
2019-12-03,11,4,7
2019-12-03,20,8,12
2019-12-03,22,12,10
2019-12-03,20,8,12
2019-12-03,14,5,9
2019-12-03,24,11,13
2019-12-03,36,18,18
2019-12-03,55,24,31
2019-12-03,50,23,27
2019-12-03,15,13,2
2019-12-03,17,5,12
2019-12-03,12,5,7
2019-12-03,7,3,4
2019-12-03,14,5,9
2019-12-04,5,1,4
2019-12-04,0,0,0
2019-12-04,1,1,0
2019-12-04,0,0,0
2019-12-04,3,0,3
2019-12-04,3,1,2
2019-12-04,18,7,11
2019-12-04,26,7,19
2019-12-04,31,12,19
2019-12-04,19,4,15
2019-12-04,26,6,20
2019-12-04,19,9,10
2019-12-04,19,8,11
2019-12-04,14,6,8
2019-12-04,30,9,21
2019-12-04,22,11,11
2019-12-04,40,26,14
2019-12-04,46,19,27
2019-12-04,37,23,14
2019-12-04,22,10,12
2019-12-04,14,8,6
2019-12-04,5,2,3
2019-12-04,9,3,6
2019-12-04,8,4,4
2019-12-05,1,0,1
2019-12-05,4,3,1
2019-12-05,0,0,0
2019-12-05,0,0,0
2019-12-05,1,0,1
2019-12-05,4,1,3
2019-12-05,14,3,11
2019-12-05,31,10,21
2019-12-05,34,10,24
2019-12-05,30,12,18
2019-12-05,19,9,10
2019-12-05,17,9,8
2019-12-05,21,9,12
2019-12-05,19,9,10
2019-12-05,27,14,13
2019-12-05,17,7,10
2019-12-05,47,25,22
2019-12-05,56,28,28
2019-12-05,45,23,22
2019-12-05,29,12,17
2019-12-05,21,9,12
2019-12-05,18,10,8
2019-12-05,13,7,6
2019-12-05,6,3,3
2019-12-06,2,1,1
2019-12-06,2,0,2
2019-12-06,2,1,1
2019-12-06,0,0,0
2019-12-06,1,0,1
2019-12-06,4,1,3
2019-12-06,8,5,3
2019-12-06,25,9,16
2019-12-06,30,11,19
2019-12-06,21,7,14
2019-12-06,21,11,10
2019-12-06,18,4,14
2019-12-06,23,10,13
2019-12-06,26,15,11
2019-12-06,35,20,15
2019-12-06,16,10,6
2019-12-06,38,27,11
2019-12-06,37,17,20
2019-12-06,23,10,13
2019-12-06,24,11,13
2019-12-06,13,4,9
2019-12-06,9,3,6
2019-12-06,12,6,6
2019-12-06,16,11,5
2019-12-07,4,2,2
2019-12-07,2,0,2
2019-12-07,0,0,0
2019-12-07,0,0,0
2019-12-07,4,1,3
2019-12-07,0,0,0
2019-12-07,5,1,4
2019-12-07,6,4,2
2019-12-07,6,1,5
2019-12-07,12,5,7
2019-12-07,7,3,4
2019-12-07,59,54,5
2019-12-07,12,7,5
2019-12-07,12,7,5
2019-12-07,15,4,11
2019-12-07,8,6,2
2019-12-07,18,11,7
2019-12-07,11,7,4
2019-12-07,11,4,7
2019-12-07,9,6,3
2019-12-07,15,8,7
2019-12-07,4,3,1
2019-12-07,4,4,0
2019-12-07,7,0,7
2019-12-08,8,2,6
2019-12-08,4,0,4
2019-12-08,11,6,5
2019-12-08,1,1,0
2019-12-08,1,0,1
2019-12-08,2,0,2
2019-12-08,4,1,3
2019-12-08,7,3,4
2019-12-08,3,0,3
2019-12-08,11,4,7
2019-12-08,6,4,2
2019-12-08,8,5,3
2019-12-08,16,9,7
2019-12-08,17,9,8
2019-12-08,19,11,8
2019-12-08,23,8,15
2019-12-08,17,10,7
2019-12-08,19,9,10
2019-12-08,21,8,13
2019-12-08,15,10,5
2019-12-08,11,4,7
2019-12-08,6,4,2
2019-12-08,9,4,5
2019-12-08,4,3,1
2019-12-09,5,1,4
2019-12-09,0,0,0
2019-12-09,0,0,0
2019-12-09,0,0,0
2019-12-09,1,0,1
2019-12-09,8,1,7
2019-12-09,16,5,11
2019-12-09,34,9,25
2019-12-09,37,12,25
2019-12-09,23,9,14
2019-12-09,17,6,11
2019-12-09,15,7,8
2019-12-09,17,10,7
2019-12-09,15,8,7
2019-12-09,18,8,10
2019-12-09,20,10,10
2019-12-09,44,29,15
2019-12-09,64,29,35
2019-12-09,40,16,24
2019-12-09,32,12,20
2019-12-09,15,9,6
2019-12-09,16,9,7
2019-12-09,9,6,3
2019-12-09,8,3,5
2019-12-10,7,3,4
2019-12-10,1,0,1
2019-12-10,0,0,0
2019-12-10,0,0,0
2019-12-10,2,0,2
2019-12-10,7,2,5
2019-12-10,10,5,5
2019-12-10,28,6,22
2019-12-10,23,7,16
2019-12-10,21,7,14
2019-12-10,20,9,11
2019-12-10,17,7,10
2019-12-10,20,9,11
2019-12-10,7,5,2
2019-12-10,9,5,4
2019-12-10,16,6,10
2019-12-10,29,17,12
2019-12-10,40,22,18
2019-12-10,27,11,16
2019-12-10,13,7,6
2019-12-10,13,3,10
2019-12-10,9,6,3
2019-12-10,10,4,6
2019-12-10,7,2,5
2019-12-11,3,2,1
2019-12-11,2,0,2
2019-12-11,0,0,0
2019-12-11,2,1,1
2019-12-11,2,0,2
2019-12-11,7,3,4
2019-12-11,20,9,11
2019-12-11,22,4,18
2019-12-11,35,14,21
2019-12-11,23,10,13
2019-12-11,13,5,8
2019-12-11,7,2,5
2019-12-11,9,4,5
2019-12-11,8,4,4
2019-12-11,15,4,11
2019-12-11,24,13,11
2019-12-11,17,11,6
2019-12-11,36,21,15
2019-12-11,40,17,23
2019-12-11,18,6,12
2019-12-11,10,6,4
2019-12-11,8,3,5
2019-12-11,11,5,6
2019-12-11,4,2,2
2019-12-12,2,0,2
2019-12-12,1,0,1
2019-12-12,0,0,0
2019-12-12,0,0,0
2019-12-12,0,0,0
2019-12-12,6,1,5
2019-12-12,14,1,13
2019-12-12,27,9,18
2019-12-12,22,6,16
2019-12-12,16,9,7
2019-12-12,12,6,6
2019-12-12,13,5,8
2019-12-12,11,6,5
2019-12-12,10,5,5
2019-12-12,16,3,13
2019-12-12,20,14,6
2019-12-12,34,19,15
2019-12-12,37,19,18
2019-12-12,44,25,19
2019-12-12,24,15,9
2019-12-12,11,3,8
2019-12-12,14,7,7
2019-12-12,8,3,5
2019-12-12,6,0,6
2019-12-13,9,5,4
2019-12-13,2,1,1
2019-12-13,1,0,1
2019-12-13,0,0,0
2019-12-13,2,1,1
2019-12-13,3,0,3
2019-12-13,16,5,11
2019-12-13,19,4,15
2019-12-13,31,7,24
2019-12-13,27,8,19
2019-12-13,7,6,1
2019-12-13,18,11,7
2019-12-13,16,7,9
2019-12-13,17,7,10
2019-12-13,21,8,13
2019-12-13,18,7,11
2019-12-13,29,14,15
2019-12-13,63,30,33
2019-12-13,36,20,16
2019-12-13,16,8,8
2019-12-13,11,7,4
2019-12-13,12,6,6
2019-12-13,5,4,1
2019-12-13,7,3,4
2019-12-14,6,4,2
2019-12-14,10,7,3
2019-12-14,1,1,0
2019-12-14,0,0,0
2019-12-14,1,0,1
2019-12-14,1,0,1
2019-12-14,3,1,2
2019-12-14,7,4,3
2019-12-14,3,1,2
2019-12-14,2,1,1
2019-12-14,10,4,6
2019-12-14,7,5,2
2019-12-14,14,5,9
2019-12-14,16,8,8
2019-12-14,14,9,5
2019-12-14,8,4,4
2019-12-14,11,5,6
2019-12-14,7,6,1
2019-12-14,14,2,12
2019-12-14,3,3,0
2019-12-14,4,0,4
2019-12-14,7,4,3
2019-12-14,8,2,6
2019-12-14,5,3,2
2019-12-15,3,1,2
2019-12-15,2,0,2
2019-12-15,1,0,1
2019-12-15,1,1,0
2019-12-15,0,0,0
2019-12-15,1,0,1
2019-12-15,5,2,3
2019-12-15,6,3,3
2019-12-15,2,1,1
2019-12-15,8,2,6
2019-12-15,5,3,2
2019-12-15,10,7,3
2019-12-15,5,4,1
2019-12-15,17,6,11
2019-12-15,20,13,7
2019-12-15,12,3,9
2019-12-15,13,8,5
2019-12-15,9,6,3
2019-12-15,18,7,11
2019-12-15,17,11,6
2019-12-15,8,8,0
2019-12-15,3,1,2
2019-12-15,8,3,5
2019-12-15,4,1,3
2019-12-16,6,2,4
2019-12-16,1,0,1
2019-12-16,0,0,0
2019-12-16,0,0,0
2019-12-16,0,0,0
2019-12-16,5,2,3
2019-12-16,10,3,7
2019-12-16,23,7,16
2019-12-16,39,12,27
2019-12-16,23,8,15
2019-12-16,11,5,6
2019-12-16,6,1,5
2019-12-16,13,5,8
2019-12-16,8,3,5
2019-12-16,18,9,9
2019-12-16,18,14,4
2019-12-16,25,12,13
2019-12-16,56,25,31
2019-12-16,49,19,30
2019-12-16,32,15,17
2019-12-16,16,11,5
2019-12-16,14,6,8
2019-12-16,7,4,3
2019-12-16,7,4,3
2019-12-17,4,1,3
2019-12-17,4,1,3
2019-12-17,0,0,0
2019-12-17,0,0,0
2019-12-17,0,0,0
2019-12-17,5,1,4
2019-12-17,17,4,13
2019-12-17,32,14,18
2019-12-17,23,6,17
2019-12-17,32,12,20
2019-12-17,14,5,9
2019-12-17,21,10,11
2019-12-17,17,9,8
2019-12-17,19,7,12
2019-12-17,22,13,9
2019-12-17,17,9,8
2019-12-17,34,19,15
2019-12-17,44,21,23
2019-12-17,55,26,29
2019-12-17,23,12,11
2019-12-17,12,5,7
2019-12-17,14,8,6
2019-12-17,23,14,9
2019-12-17,3,2,1
2019-12-18,1,1,0
2019-12-18,1,0,1
2019-12-18,1,1,0
2019-12-18,0,0,0
2019-12-18,2,0,2
2019-12-18,5,1,4
2019-12-18,11,2,9
2019-12-18,22,5,17
2019-12-18,35,15,20
2019-12-18,16,9,7
2019-12-18,22,12,10
2019-12-18,12,8,4
2019-12-18,21,11,10
2019-12-18,15,5,10
2019-12-18,21,8,13
2019-12-18,23,12,11
2019-12-18,24,16,8
2019-12-18,54,28,26
2019-12-18,43,24,19
2019-12-18,15,5,10
2019-12-18,9,3,6
2019-12-18,7,2,5
2019-12-18,4,2,2
2019-12-18,5,2,3
2019-12-19,4,1,3
2019-12-19,0,0,0
2019-12-19,0,0,0
2019-12-19,0,0,0
2019-12-19,1,0,1
2019-12-19,4,1,3
2019-12-19,13,5,8
2019-12-19,28,12,16
2019-12-19,23,9,14
2019-12-19,9,2,7
2019-12-19,14,6,8
2019-12-19,6,3,3
2019-12-19,11,6,5
2019-12-19,3,0,3
2019-12-19,13,7,6
2019-12-19,13,6,7
2019-12-19,16,11,5
2019-12-19,21,12,9
2019-12-19,24,12,12
2019-12-19,8,3,5
2019-12-19,6,2,4
2019-12-19,4,3,1
2019-12-19,2,1,1
2019-12-19,3,1,2
2019-12-20,0,0,0
2019-12-20,1,0,1
2019-12-20,1,1,0
2019-12-20,0,0,0
2019-12-20,1,0,1
2019-12-20,2,0,2
2019-12-20,3,1,2
2019-12-20,16,4,12
2019-12-20,14,3,11
2019-12-20,12,6,6
2019-12-20,4,2,2
2019-12-20,9,7,2
2019-12-20,6,3,3
2019-12-20,6,4,2
2019-12-20,2,1,1
2019-12-20,6,3,3
2019-12-20,14,9,5
2019-12-20,15,10,5
2019-12-20,12,7,5
2019-12-20,7,4,3
2019-12-20,6,2,4
2019-12-20,2,1,1
2019-12-20,1,1,0
2019-12-20,3,3,0
2019-12-21,3,1,2
2019-12-21,2,0,2
2019-12-21,0,0,0
2019-12-21,0,0,0
2019-12-21,2,1,1
2019-12-21,2,0,2
2019-12-21,4,1,3
2019-12-21,4,1,3
2019-12-21,1,0,1
2019-12-21,4,1,3
2019-12-21,3,2,1
2019-12-21,6,5,1
2019-12-21,4,2,2
2019-12-21,2,1,1
2019-12-21,10,7,3
2019-12-21,8,5,3
2019-12-21,9,7,2
2019-12-21,10,2,8
2019-12-21,13,5,8
2019-12-21,8,5,3
2019-12-21,9,3,6
2019-12-21,2,0,2
2019-12-21,7,1,6
2019-12-21,6,4,2
2019-12-22,3,0,3
2019-12-22,2,1,1
2019-12-22,4,0,4
2019-12-22,1,1,0
2019-12-22,0,0,0
2019-12-22,2,0,2
2019-12-22,4,2,2
2019-12-22,6,3,3
2019-12-22,5,0,5
2019-12-22,8,2,6
2019-12-22,3,0,3
2019-12-22,8,6,2
2019-12-22,6,4,2
2019-12-22,22,12,10
2019-12-22,9,3,6
2019-12-22,8,3,5
2019-12-22,5,3,2
2019-12-22,9,5,4
2019-12-22,12,2,10
2019-12-22,5,2,3
2019-12-22,7,4,3
2019-12-22,1,1,0
2019-12-22,0,0,0
2019-12-22,3,1,2
2019-12-23,2,0,2
2019-12-23,1,0,1
2019-12-23,0,0,0
2019-12-23,0,0,0
2019-12-23,1,1,0
2019-12-23,5,0,5
2019-12-23,6,4,2
2019-12-23,9,1,8
2019-12-23,17,3,14
2019-12-23,8,4,4
2019-12-23,6,3,3
2019-12-23,13,8,5
2019-12-23,12,6,6
2019-12-23,11,6,5
2019-12-23,10,6,4
2019-12-23,15,9,6
2019-12-23,17,12,5
2019-12-23,23,16,7
2019-12-23,34,20,14
2019-12-23,9,6,3
2019-12-23,8,3,5
2019-12-23,8,2,6
2019-12-23,7,4,3
2019-12-23,6,1,5
2019-12-24,4,1,3
2019-12-24,1,0,1
2019-12-24,0,0,0
2019-12-24,0,0,0
2019-12-24,1,0,1
2019-12-24,4,1,3
2019-12-24,9,4,5
2019-12-24,13,2,11
2019-12-24,9,1,8
2019-12-24,11,6,5
2019-12-24,7,1,6
2019-12-24,11,8,3
2019-12-24,7,4,3
2019-12-24,20,10,10
2019-12-24,10,4,6
2019-12-24,12,7,5
2019-12-24,16,7,9
2019-12-24,8,4,4
2019-12-24,20,16,4
2019-12-24,7,4,3
2019-12-24,0,0,0
2019-12-24,5,4,1
2019-12-24,6,2,4
2019-12-24,3,2,1
2019-12-25,1,1,0
2019-12-25,1,0,1
2019-12-25,1,0,1
2019-12-25,1,0,1
2019-12-25,0,0,0
2019-12-25,3,1,2
2019-12-25,4,0,4
2019-12-25,4,1,3
2019-12-25,4,2,2
2019-12-25,2,2,0
2019-12-25,3,3,0
2019-12-25,4,0,4
2019-12-25,2,1,1
2019-12-25,7,4,3
2019-12-25,4,4,0
2019-12-25,14,7,7
2019-12-25,1,1,0
2019-12-25,7,1,6
2019-12-25,5,1,4
2019-12-25,5,3,2
2019-12-25,5,4,1
2019-12-25,3,0,3
2019-12-25,2,0,2
2019-12-25,0,0,0
2019-12-26,0,0,0
2019-12-26,2,0,2
2019-12-26,0,0,0
2019-12-26,0,0,0
2019-12-26,1,0,1
2019-12-26,3,0,3
2019-12-26,6,1,5
2019-12-26,11,3,8
2019-12-26,11,4,7
2019-12-26,11,6,5
2019-12-26,8,4,4
2019-12-26,12,4,8
2019-12-26,10,3,7
2019-12-26,10,4,6
2019-12-26,12,3,9
2019-12-26,13,6,7
2019-12-26,26,16,10
2019-12-26,17,11,6
2019-12-26,14,8,6
2019-12-26,13,10,3
2019-12-26,5,1,4
2019-12-26,10,5,5
2019-12-26,4,2,2
2019-12-26,5,1,4
2019-12-27,0,0,0
2019-12-27,0,0,0
2019-12-27,0,0,0
2019-12-27,1,1,0
2019-12-27,1,0,1
2019-12-27,4,0,4
2019-12-27,6,0,6
2019-12-27,12,3,9
2019-12-27,15,3,12
2019-12-27,13,6,7
2019-12-27,5,2,3
2019-12-27,13,6,7
2019-12-27,8,4,4
2019-12-27,12,6,6
2019-12-27,14,6,8
2019-12-27,19,11,8
2019-12-27,17,9,8
2019-12-27,16,10,6
2019-12-27,25,13,12
2019-12-27,13,8,5
2019-12-27,9,4,5
2019-12-27,3,1,2
2019-12-27,7,5,2
2019-12-27,12,4,8
2019-12-28,7,1,6
2019-12-28,4,1,3
2019-12-28,6,3,3
2019-12-28,3,3,0
2019-12-28,3,2,1
2019-12-28,2,1,1
2019-12-28,5,1,4
2019-12-28,4,3,1
2019-12-28,2,2,0
2019-12-28,5,3,2
2019-12-28,7,4,3
2019-12-28,8,5,3
2019-12-28,15,8,7
2019-12-28,17,8,9
2019-12-28,13,6,7
2019-12-28,15,6,9
2019-12-28,11,5,6
2019-12-28,7,5,2
2019-12-28,12,5,7
2019-12-28,8,3,5
2019-12-28,4,3,1
2019-12-28,8,2,6
2019-12-28,4,2,2
2019-12-28,3,1,2
2019-12-29,4,3,1
2019-12-29,3,1,2
2019-12-29,0,0,0
2019-12-29,1,0,1
2019-12-29,0,0,0
2019-12-29,2,0,2
2019-12-29,5,1,4
2019-12-29,2,1,1
2019-12-29,6,3,3
2019-12-29,9,7,2
2019-12-29,3,1,2
2019-12-29,10,5,5
2019-12-29,9,2,7
2019-12-29,11,4,7
2019-12-29,17,9,8
2019-12-29,15,5,10
2019-12-29,12,7,5
2019-12-29,19,8,11
2019-12-29,10,3,7
2019-12-29,7,5,2
2019-12-29,3,0,3
2019-12-29,8,4,4
2019-12-29,3,3,0
2019-12-29,0,0,0
2019-12-30,5,1,4
2019-12-30,1,0,1
2019-12-30,0,0,0
2019-12-30,0,0,0
2019-12-30,1,1,0
2019-12-30,7,3,4
2019-12-30,7,2,5
2019-12-30,20,5,15
2019-12-30,20,7,13
2019-12-30,17,5,12
2019-12-30,10,2,8
2019-12-30,11,6,5
2019-12-30,13,6,7
2019-12-30,9,2,7
2019-12-30,11,5,6
2019-12-30,17,8,9
2019-12-30,20,13,7
2019-12-30,43,26,17
2019-12-30,16,6,10
2019-12-30,14,9,5
2019-12-30,11,5,6
2019-12-30,11,5,6
2019-12-30,5,2,3
2019-12-30,5,0,5
2019-12-31,3,1,2
2019-12-31,2,0,2
2019-12-31,0,0,0
2019-12-31,2,1,1
2019-12-31,1,0,1
2019-12-31,7,2,5
2019-12-31,6,2,4
2019-12-31,18,7,11
2019-12-31,12,3,9
2019-12-31,9,4,5
2019-12-31,8,7,1
2019-12-31,7,4,3
2019-12-31,13,10,3
2019-12-31,5,1,4
2019-12-31,9,5,4
2019-12-31,22,11,11
2019-12-31,13,11,2
2019-12-31,15,9,6
2019-12-31,17,9,8
2019-12-31,15,7,8
2019-12-31,8,4,4
2019-12-31,27,12,15
2019-12-31,5,2,3
2019-12-31,6,5,1
2020-01-08,9,5,4
2020-01-08,5,2,3
2020-01-09,0,0,0
2020-01-09,1,0,1
2020-01-09,0,0,0
2020-01-09,0,0,0
2020-01-09,2,0,2
2020-01-09,3,1,2
2020-01-09,8,0,8
2020-01-09,25,5,20
2020-01-09,21,8,13
2020-01-09,13,4,9
2020-01-09,10,4,6
2020-01-09,11,7,4
2020-01-09,15,6,9
2020-01-09,15,6,9
2020-01-09,17,8,9
2020-01-09,15,9,6
2020-01-09,23,14,9
2020-01-09,44,23,21
2020-01-09,37,21,16
2020-01-09,19,8,11
2020-01-09,10,4,6
2020-01-09,16,13,3
2020-01-09,7,3,4
2020-01-09,7,3,4
2020-01-10,2,0,2
2020-01-10,0,0,0
2020-01-10,1,0,1
2020-01-10,0,0,0
2020-01-10,0,0,0
2020-01-10,3,0,3
2020-01-10,14,3,11
2020-01-10,13,7,6
2020-01-10,18,4,14
2020-01-10,7,2,5
2020-01-10,9,3,6
2020-01-10,4,2,2
2020-01-10,7,2,5
2020-01-10,9,3,6
2020-01-10,8,4,4
2020-01-10,12,8,4
2020-01-10,19,9,10
2020-01-10,33,15,18
2020-01-10,31,18,13
2020-01-10,15,6,9
2020-01-10,6,6,0
2020-01-10,4,4,0
2020-01-10,7,3,4
2020-01-10,4,0,4
2020-01-11,1,1,0
2020-01-11,4,0,4
2020-01-11,0,0,0
2020-01-11,0,0,0
2020-01-11,1,0,1
2020-01-11,2,1,1
2020-01-11,1,0,1
2020-01-11,2,0,2
2020-01-11,5,4,1
2020-01-11,3,2,1
2020-01-11,8,5,3
2020-01-11,13,4,9
2020-01-11,11,5,6
2020-01-11,14,7,7
2020-01-11,18,9,9
2020-01-11,12,9,3
2020-01-11,15,7,8
2020-01-11,16,3,13
2020-01-11,17,13,4
2020-01-11,4,3,1
2020-01-11,8,4,4
2020-01-11,1,0,1
2020-01-11,6,4,2
2020-01-11,2,1,1
2020-01-12,5,2,3
2020-01-12,1,0,1
2020-01-12,0,0,0
2020-01-12,0,0,0
2020-01-12,1,0,1
2020-01-12,2,0,2
2020-01-12,1,0,1
2020-01-12,4,3,1
2020-01-12,5,2,3
2020-01-12,9,5,4
2020-01-12,3,1,2
2020-01-12,10,6,4
2020-01-12,8,3,5
2020-01-12,14,3,11
2020-01-12,18,9,9
2020-01-12,11,6,5
2020-01-12,19,10,9
2020-01-12,12,6,6
2020-01-12,8,2,6
2020-01-12,4,2,2
2020-01-12,5,1,4
2020-01-12,4,2,2
2020-01-12,5,1,4
2020-01-12,0,0,0
2020-01-13,1,0,1
2020-01-13,1,0,1
2020-01-13,0,0,0
2020-01-13,0,0,0
2020-01-13,2,0,2
2020-01-13,3,0,3
2020-01-13,8,3,5
2020-01-13,14,4,10
2020-01-13,16,5,11
2020-01-13,6,2,4
2020-01-13,12,7,5
2020-01-13,4,3,1
2020-01-13,9,3,6
2020-01-13,5,2,3
2020-01-13,7,4,3
2020-01-13,4,3,1
2020-01-13,17,12,5
2020-01-13,19,9,10
2020-01-13,15,11,4
2020-01-13,10,5,5
2020-01-13,8,1,7
2020-01-13,2,1,1
2020-01-13,5,3,2
2020-01-13,1,0,1
2020-01-14,3,0,3
2020-01-14,0,0,0
2020-01-14,0,0,0
2020-01-14,0,0,0
2020-01-14,1,0,1
2020-01-14,5,1,4
2020-01-14,5,0,5
2020-01-14,8,3,5
2020-01-14,7,2,5
2020-01-14,8,5,3
2020-01-14,11,4,7
2020-01-14,12,5,7
2020-01-14,4,2,2
2020-01-14,6,2,4
2020-01-14,4,3,1
2020-01-14,11,7,4
2020-01-14,10,8,2
2020-01-14,14,9,5
2020-01-14,14,8,6
2020-01-14,9,4,5
2020-01-14,4,2,2
2020-01-14,2,0,2
2020-01-14,8,3,5
2020-01-14,2,0,2
2020-01-15,1,0,1
2020-01-15,1,0,1
2020-01-15,0,0,0
2020-01-15,0,0,0
2020-01-15,1,0,1
2020-01-15,5,1,4
2020-01-15,4,1,3
2020-01-15,9,3,6
2020-01-15,19,5,14
2020-01-15,11,6,5
2020-01-15,9,2,7
2020-01-15,6,3,3
2020-01-15,7,5,2
2020-01-15,7,3,4
2020-01-15,6,2,4
2020-01-15,6,3,3
2020-01-15,14,9,5
2020-01-15,29,20,9
2020-01-15,17,8,9
2020-01-15,10,4,6
2020-01-15,9,4,5
2020-01-15,1,0,1
2020-01-15,4,2,2
2020-01-15,2,2,0
2020-01-16,1,0,1
2020-01-16,0,0,0
2020-01-16,0,0,0
2020-01-16,0,0,0
2020-01-16,0,0,0
2020-01-16,5,1,4
2020-01-16,8,1,7
2020-01-16,19,4,15
2020-01-16,16,7,9
2020-01-16,14,7,7
2020-01-16,20,11,9
2020-01-16,10,6,4
2020-01-16,13,8,5
2020-01-16,11,3,8
2020-01-16,13,7,6
2020-01-16,23,15,8
2020-01-16,23,13,10
2020-01-16,37,22,15
2020-01-16,26,15,11
2020-01-16,17,8,9
2020-01-16,20,8,12
2020-01-16,10,3,7
2020-01-16,9,4,5
2020-01-16,4,2,2
2020-01-17,2,0,2
2020-01-17,2,2,0
2020-01-17,0,0,0
2020-01-17,0,0,0
2020-01-17,0,0,0
2020-01-17,3,0,3
2020-01-17,11,3,8
2020-01-17,22,10,12
2020-01-17,11,5,6
2020-01-17,18,2,16
2020-01-17,15,7,8
2020-01-17,14,6,8
2020-01-17,20,13,7
2020-01-17,12,6,6
2020-01-17,16,7,9
2020-01-17,15,9,6
2020-01-17,23,16,7
2020-01-17,30,18,12
2020-01-17,17,7,10
2020-01-17,15,7,8
2020-01-17,12,3,9
2020-01-17,10,5,5
2020-01-17,8,5,3
2020-01-17,11,4,7
2020-01-18,3,2,1
2020-01-18,3,1,2
2020-01-18,3,0,3
2020-01-18,0,0,0
2020-01-18,0,0,0
2020-01-18,4,1,3
2020-01-18,1,0,1
2020-01-18,5,3,2
2020-01-18,1,0,1
2020-01-18,8,3,5
2020-01-18,6,2,4
2020-01-18,3,1,2
2020-01-18,8,4,4
2020-01-18,10,6,4
2020-01-18,12,11,1
2020-01-18,17,10,7
2020-01-18,5,4,1
2020-01-18,8,2,6
2020-01-18,12,4,8
2020-01-18,13,8,5
2020-01-18,10,6,4
2020-01-18,6,0,6
2020-01-18,6,4,2
2020-01-18,12,3,9
2020-01-19,4,2,2
2020-01-19,3,3,0
2020-01-19,2,1,1
2020-01-19,1,0,1
2020-01-19,0,0,0
2020-01-19,2,0,2
2020-01-19,6,2,4
2020-01-19,2,0,2
2020-01-19,3,1,2
2020-01-19,10,6,4
2020-01-19,4,3,1
2020-01-19,12,5,7
2020-01-19,4,3,1
2020-01-19,15,10,5
2020-01-19,9,7,2
2020-01-19,18,11,7
2020-01-19,15,9,6
2020-01-19,10,4,6
2020-01-19,9,4,5
2020-01-19,18,9,9
2020-01-19,6,2,4
2020-01-19,5,2,3
2020-01-19,6,3,3
2020-01-19,9,3,6
2020-01-20,2,0,2
2020-01-20,1,1,0
2020-01-20,3,0,3
2020-01-20,0,0,0
2020-01-20,1,0,1
2020-01-20,4,1,3
2020-01-20,6,2,4
2020-01-20,12,4,8
2020-01-20,10,4,6
2020-01-20,9,2,7
2020-01-20,8,6,2
2020-01-20,14,7,7
2020-01-20,2,1,1
2020-01-20,21,13,8
2020-01-20,30,22,8
2020-01-20,10,5,5
2020-01-20,26,13,13
2020-01-20,23,11,12
2020-01-20,27,11,16
2020-01-20,15,7,8
2020-01-20,16,10,6
2020-01-20,12,1,11
2020-01-20,5,3,2
2020-01-20,5,2,3
2020-01-21,1,1,0
2020-01-21,0,0,0
2020-01-21,0,0,0
2020-01-21,0,0,0
2020-01-21,1,0,1
2020-01-21,5,0,5
2020-01-21,9,1,8
2020-01-21,28,10,18
2020-01-21,31,13,18
2020-01-21,16,7,9
2020-01-21,14,6,8
2020-01-21,9,6,3
2020-01-21,14,5,9
2020-01-21,15,8,7
2020-01-21,13,4,9
2020-01-21,12,10,2
2020-01-21,26,15,11
2020-01-21,40,24,16
2020-01-21,24,13,11
2020-01-21,13,6,7
2020-01-21,10,2,8
2020-01-21,7,5,2
2020-01-21,6,4,2
2020-01-21,7,3,4
2020-01-22,1,0,1
2020-01-22,0,0,0
2020-01-22,0,0,0
2020-01-22,0,0,0
2020-01-22,0,0,0
2020-01-22,9,1,8
2020-01-22,7,2,5
2020-01-22,22,7,15
2020-01-22,25,11,14
2020-01-22,12,5,7
2020-01-22,12,7,5
2020-01-22,5,2,3
2020-01-22,12,5,7
2020-01-22,10,7,3
2020-01-22,15,9,6
2020-01-22,13,10,3
2020-01-22,20,6,14
2020-01-22,48,29,19
2020-01-22,48,33,15
2020-01-22,21,12,9
2020-01-22,16,3,13
2020-01-22,11,8,3
2020-01-22,8,5,3
2020-01-22,5,3,2
2020-01-23,2,0,2
2020-01-23,0,0,0
2020-01-23,0,0,0
2020-01-23,0,0,0
2020-01-23,2,0,2
2020-01-23,5,1,4
2020-01-23,8,1,7
2020-01-23,14,5,9
2020-01-23,28,7,21
2020-01-23,13,7,6
2020-01-23,11,3,8
2020-01-23,5,1,4
2020-01-23,14,5,9
2020-01-23,6,4,2
2020-01-23,14,5,9
2020-01-23,20,10,10
2020-01-23,25,12,13
2020-01-23,36,16,20
2020-01-23,28,16,12
2020-01-23,21,11,10
2020-01-23,14,7,7
2020-01-23,12,5,7
2020-01-23,7,3,4
2020-01-23,4,3,1
2020-01-24,0,0,0
2020-01-24,1,0,1
2020-01-24,0,0,0
2020-01-24,0,0,0
2020-01-24,1,0,1
2020-01-24,5,1,4
2020-01-24,9,0,9
2020-01-24,25,9,16
2020-01-24,26,8,18
2020-01-24,14,3,11
2020-01-24,11,6,5
2020-01-24,15,10,5
2020-01-24,8,4,4
2020-01-24,10,3,7
2020-01-24,15,11,4
2020-01-24,8,7,1
2020-01-24,26,13,13
2020-01-24,55,31,24
2020-01-24,27,11,16
2020-01-24,24,13,11
2020-01-24,9,4,5
2020-01-24,9,6,3
2020-01-24,7,4,3
2020-01-24,6,4,2
2020-01-25,4,0,4
2020-01-25,1,1,0
2020-01-25,3,1,2
2020-01-25,1,0,1
2020-01-25,0,0,0
2020-01-25,1,1,0
2020-01-25,2,1,1
2020-01-25,3,2,1
2020-01-25,4,3,1
2020-01-25,11,7,4
2020-01-25,7,3,4
2020-01-25,16,7,9
2020-01-25,12,6,6
2020-01-25,5,1,4
2020-01-25,16,5,11
2020-01-25,15,6,9
2020-01-25,15,6,9
2020-01-25,18,7,11
2020-01-25,15,5,10
2020-01-25,10,5,5
2020-01-25,9,5,4
2020-01-25,13,7,6
2020-01-25,3,0,3
2020-01-25,7,3,4
2020-01-26,6,1,5
2020-01-26,3,3,0
2020-01-26,1,0,1
2020-01-26,0,0,0
2020-01-26,1,0,1
2020-01-26,0,0,0
2020-01-26,2,1,1
2020-01-26,4,2,2
2020-01-26,4,1,3
2020-01-26,6,3,3
2020-01-26,11,7,4
2020-01-26,13,8,5
2020-01-26,13,9,4
2020-01-26,19,6,13
2020-01-26,10,5,5
2020-01-26,17,9,8
2020-01-26,14,8,6
2020-01-26,6,2,4
2020-01-26,14,6,8
2020-01-26,8,5,3
2020-01-26,6,1,5
2020-01-26,3,2,1
2020-01-26,2,0,2
2020-01-26,3,2,1
2020-01-27,4,2,2
2020-01-27,0,0,0
2020-01-27,1,0,1
2020-01-27,1,0,1
2020-01-27,0,0,0
2020-01-27,7,0,7
2020-01-27,6,2,4
2020-01-27,35,10,25
2020-01-27,30,13,17
2020-01-27,20,10,10
2020-01-27,13,5,8
2020-01-27,12,5,7
2020-01-27,21,12,9
2020-01-27,11,3,8
2020-01-27,16,5,11
2020-01-27,19,11,8
2020-01-27,25,18,7
2020-01-27,42,25,17
2020-01-27,24,10,14
2020-01-27,15,7,8
2020-01-27,6,4,2
2020-01-27,3,3,0
2020-01-27,3,1,2
2020-01-27,5,4,1
2020-01-28,1,0,1
2020-01-28,1,1,0
2020-01-28,0,0,0
2020-01-28,1,0,1
2020-01-28,2,0,2
2020-01-28,4,1,3
2020-01-28,10,2,8
2020-01-28,21,5,16
2020-01-28,24,13,11
2020-01-28,13,5,8
2020-01-28,16,7,9
2020-01-28,12,7,5
2020-01-28,11,5,6
2020-01-28,20,12,8
2020-01-28,17,5,12
2020-01-28,16,8,8
2020-01-28,28,15,13
2020-01-28,43,28,15
2020-01-28,39,19,20
2020-01-28,19,8,11
2020-01-28,14,7,7
2020-01-28,11,4,7
2020-01-28,8,6,2
2020-01-28,5,4,1
2020-01-29,4,2,2
2020-01-29,1,0,1
2020-01-29,1,0,1
2020-01-29,0,0,0
2020-01-29,1,0,1
2020-01-29,4,1,3
2020-01-29,6,2,4
2020-01-29,33,12,21
2020-01-29,32,11,21
2020-01-29,12,5,7
2020-01-29,12,5,7
2020-01-29,14,7,7
2020-01-29,15,5,10
2020-01-29,12,6,6
2020-01-29,27,15,12
2020-01-29,28,15,13
2020-01-29,29,14,15
2020-01-29,40,21,19
2020-01-29,34,20,14
2020-01-29,25,9,16
2020-01-29,13,8,5
2020-01-29,10,3,7
2020-01-29,9,5,4
2020-01-29,9,3,6
2020-01-30,0,0,0
2020-01-30,0,0,0
2020-01-30,0,0,0
2020-01-30,0,0,0
2020-01-30,1,0,1
2020-01-30,7,1,6
2020-01-30,6,1,5
2020-01-30,26,8,18
2020-01-30,30,12,18
2020-01-30,20,8,12
2020-01-30,13,7,6
2020-01-30,24,13,11
2020-01-30,15,6,9
2020-01-30,19,9,10
2020-01-30,16,8,8
2020-01-30,20,11,9
2020-01-30,23,13,10
2020-01-30,38,18,20
2020-01-30,33,18,15
2020-01-30,21,7,14
2020-01-30,15,7,8
2020-01-30,5,2,3
2020-01-30,4,0,4
2020-01-30,2,1,1
2020-01-31,2,1,1
2020-01-31,4,2,2
2020-01-31,0,0,0
2020-01-31,0,0,0
2020-01-31,0,0,0
2020-01-31,5,0,5
2020-01-31,6,0,6
2020-01-31,25,13,12
2020-01-31,23,8,15
2020-01-31,10,2,8
2020-01-31,8,2,6
2020-01-31,9,3,6
2020-01-31,9,1,8
2020-01-31,10,4,6
2020-01-31,21,11,10
2020-01-31,7,4,3
2020-01-31,16,7,9
2020-01-31,30,17,13
2020-01-31,23,14,9
2020-01-31,19,11,8
2020-01-31,9,0,9
2020-01-31,5,3,2
2020-01-31,4,2,2
2020-01-31,6,4,2
2020-05-01,1,1,0
2020-05-01,0,0,0
2020-05-01,0,0,0
2020-05-01,0,0,0
2020-05-01,0,0,0
2020-05-01,0,0,0
2020-05-01,11,6,5
2020-05-01,8,1,7
2020-05-01,17,5,12
2020-05-01,16,9,7
2020-05-01,8,6,2
2020-05-01,13,8,5
2020-05-01,27,18,9
2020-05-01,19,10,9
2020-05-01,21,13,8
2020-05-01,20,13,7
2020-05-01,33,24,9
2020-05-01,43,25,18
2020-05-01,24,14,10
2020-05-01,30,18,12
2020-05-01,14,11,3
2020-05-01,8,8,0
2020-05-01,4,1,3
2020-05-01,1,1,0
2020-05-02,1,1,0
2020-05-02,2,1,1
2020-05-02,1,1,0
2020-05-02,3,1,2
2020-05-02,0,0,0
2020-05-02,2,0,2
2020-05-02,1,0,1
2020-05-02,2,1,1
2020-05-02,0,0,0
2020-05-02,7,2,5
2020-05-02,10,6,4
2020-05-02,5,4,1
2020-05-02,8,5,3
2020-05-02,8,6,2
2020-05-02,6,2,4
2020-05-02,4,3,1
2020-05-02,8,7,1
2020-05-02,18,11,7
2020-05-02,21,12,9
2020-05-02,22,15,7
2020-05-02,9,6,3
2020-05-02,7,3,4
2020-05-02,4,1,3
2020-05-02,3,2,1
2020-05-03,0,0,0
2020-05-03,1,0,1
2020-05-03,0,0,0
2020-05-03,1,1,0
2020-05-03,0,0,0
2020-05-03,1,1,0
2020-05-03,4,0,4
2020-05-03,3,1,2
2020-05-03,5,2,3
2020-05-03,2,0,2
2020-05-03,8,4,4
2020-05-03,20,10,10
2020-02-01,2,1,1
2020-02-01,2,0,2
2020-02-01,1,0,1
2020-02-01,0,0,0
2020-02-01,0,0,0
2020-02-01,2,0,2
2020-02-01,7,1,6
2020-02-01,3,2,1
2020-02-01,3,0,3
2020-02-01,8,3,5
2020-02-01,14,6,8
2020-02-01,7,4,3
2020-02-01,8,3,5
2020-02-01,16,2,14
2020-02-01,11,5,6
2020-02-01,16,7,9
2020-02-01,18,10,8
2020-02-01,12,7,5
2020-02-01,17,8,9
2020-02-01,12,7,5
2020-02-01,7,4,3
2020-02-01,3,2,1
2020-02-01,1,1,0
2020-02-01,4,3,1
2020-02-02,3,2,1
2020-02-02,4,1,3
2020-02-02,2,2,0
2020-02-02,1,0,1
2020-02-02,1,0,1
2020-02-02,2,0,2
2020-02-02,4,1,3
2020-02-02,2,0,2
2020-02-02,2,2,0
2020-02-02,5,2,3
2020-02-02,9,1,8
2020-02-02,9,9,0
2020-02-02,17,12,5
2020-02-02,23,7,16
2020-02-02,13,7,6
2020-02-02,17,9,8
2020-02-02,25,14,11
2020-02-02,13,5,8
2020-02-02,11,5,6
2020-02-02,18,14,4
2020-02-02,7,2,5
2020-02-02,7,3,4
2020-02-02,1,1,0
2020-02-02,0,0,0
2020-02-03,4,1,3
2020-02-03,0,0,0
2020-02-03,0,0,0
2020-02-03,0,0,0
2020-02-03,0,0,0
2020-02-03,5,0,5
2020-02-03,9,2,7
2020-02-03,35,9,26
2020-02-03,27,9,18
2020-02-03,20,8,12
2020-02-03,12,7,5
2020-02-03,10,5,5
2020-02-03,8,4,4
2020-02-03,12,4,8
2020-02-03,17,9,8
2020-02-03,12,11,1
2020-02-03,28,15,13
2020-02-03,45,27,18
2020-02-03,30,13,17
2020-02-03,18,10,8
2020-02-03,18,8,10
2020-02-03,8,4,4
2020-02-03,3,3,0
2020-02-03,5,4,1
2020-02-04,0,0,0
2020-02-04,1,0,1
2020-02-04,0,0,0
2020-02-04,0,0,0
2020-02-04,1,0,1
2020-02-04,6,2,4
2020-02-04,12,5,7
2020-02-04,21,3,18
2020-02-04,23,7,16
2020-02-04,17,7,10
2020-02-04,7,1,6
2020-02-04,8,2,6
2020-02-04,16,9,7
2020-02-04,0,0,0
2020-02-04,16,8,8
2020-02-04,13,11,2
2020-02-04,23,16,7
2020-02-04,31,18,13
2020-02-04,31,18,13
2020-02-04,14,5,9
2020-02-04,12,6,6
2020-02-04,6,4,2
2020-02-04,1,0,1
2020-02-04,1,1,0
2020-02-05,2,0,2
2020-02-05,0,0,0
2020-02-05,0,0,0
2020-02-05,0,0,0
2020-02-05,0,0,0
2020-02-05,3,0,3
2020-02-05,9,1,8
2020-02-05,19,4,15
2020-02-05,22,7,15
2020-02-05,17,7,10
2020-02-05,12,6,6
2020-02-05,6,3,3
2020-02-05,5,2,3
2020-02-05,9,4,5
2020-02-05,9,3,6
2020-02-05,12,8,4
2020-02-05,19,15,4
2020-02-05,22,12,10
2020-02-05,18,11,7
2020-02-05,16,8,8
2020-02-05,5,3,2
2020-02-05,4,1,3
2020-02-05,4,1,3
2020-02-05,7,2,5
2020-02-06,3,1,2
2020-02-06,1,1,0
2020-02-06,0,0,0
2020-02-06,0,0,0
2020-02-06,0,0,0
2020-02-06,2,0,2
2020-02-06,10,2,8
2020-02-06,14,5,9
2020-02-06,16,5,11
2020-02-06,12,4,8
2020-02-06,7,3,4
2020-02-06,9,4,5
2020-02-06,8,4,4
2020-02-06,7,3,4
2020-02-06,4,3,1
2020-02-06,9,6,3
2020-02-06,18,12,6
2020-02-06,30,15,15
2020-02-06,27,13,14
2020-02-06,11,5,6
2020-02-06,12,4,8
2020-02-06,9,3,6
2020-02-06,7,4,3
2020-02-06,5,3,2
2020-02-07,0,0,0
2020-02-07,0,0,0
2020-02-07,1,1,0
2020-02-07,0,0,0
2020-02-07,0,0,0
2020-02-07,1,0,1
2020-02-07,12,2,10
2020-02-07,28,8,20
2020-02-07,11,2,9
2020-02-07,22,7,15
2020-02-07,8,1,7
2020-02-07,8,4,4
2020-02-07,11,7,4
2020-02-07,17,9,8
2020-02-07,16,9,7
2020-02-07,15,7,8
2020-02-07,13,11,2
2020-02-07,29,16,13
2020-02-07,27,13,14
2020-02-07,10,5,5
2020-02-07,6,4,2
2020-02-07,6,1,5
2020-02-07,4,4,0
2020-02-07,5,4,1
2020-02-08,8,5,3
2020-02-08,8,2,6
2020-02-08,2,1,1
2020-02-08,0,0,0
2020-02-08,1,0,1
2020-02-08,0,0,0
2020-02-08,2,0,2
2020-02-08,3,2,1
2020-02-08,11,6,5
2020-02-08,7,3,4
2020-02-08,10,2,8
2020-02-08,11,7,4
2020-02-08,22,9,13
2020-02-08,15,7,8
2020-02-08,19,9,10
2020-02-08,15,6,9
2020-02-08,14,9,5
2020-02-08,21,11,10
2020-02-08,20,8,12
2020-02-08,6,4,2
2020-02-08,4,3,1
2020-02-08,4,3,1
2020-02-08,6,4,2
2020-02-08,10,5,5
2020-02-09,1,1,0
2020-02-09,8,3,5
2020-02-09,1,1,0
2020-02-09,2,0,2
2020-02-09,1,0,1
2020-02-09,1,0,1
2020-02-09,6,0,6
2020-02-09,2,2,0
2020-02-09,2,1,1
2020-02-09,9,4,5
2020-02-09,12,5,7
2020-02-09,11,4,7
2020-02-09,21,12,9
2020-02-09,29,16,13
2020-02-09,25,11,14
2020-02-09,27,12,15
2020-02-09,25,7,18
2020-02-09,15,6,9
2020-02-09,14,3,11
2020-02-09,7,6,1
2020-02-09,12,4,8
2020-02-09,5,1,4
2020-02-09,8,4,4
2020-02-09,3,3,0
2020-02-10,3,1,2
2020-02-10,2,1,1
2020-02-10,1,1,0
2020-02-10,0,0,0
2020-02-10,0,0,0
2020-02-10,7,3,4
2020-02-10,15,4,11
2020-02-10,31,11,20
2020-02-10,42,13,29
2020-02-10,21,11,10
2020-02-10,13,3,10
2020-02-10,9,5,4
2020-02-10,16,8,8
2020-02-10,14,7,7
2020-02-10,16,8,8
2020-02-10,15,8,7
2020-02-10,32,23,9
2020-02-10,64,32,32
2020-02-10,55,19,36
2020-02-10,23,12,11
2020-02-10,15,7,8
2020-02-10,5,1,4
2020-02-10,3,1,2
2020-02-10,7,5,2
2020-02-11,1,1,0
2020-02-11,4,2,2
2020-02-11,0,0,0
2020-02-11,0,0,0
2020-02-11,0,0,0
2020-02-11,2,2,0
2020-02-11,16,2,14
2020-02-11,36,10,26
2020-02-11,26,12,14
2020-02-11,13,8,5
2020-02-11,17,5,12
2020-02-11,14,7,7
2020-02-11,24,12,12
2020-02-11,17,7,10
2020-02-11,16,9,7
2020-02-11,31,17,14
2020-02-11,27,15,12
2020-02-11,52,25,27
2020-02-11,40,21,19
2020-02-11,22,4,18
2020-02-11,15,5,10
2020-02-11,11,4,7
2020-02-11,16,7,9
2020-02-11,7,2,5
2020-02-12,2,1,1
2020-02-12,2,0,2
2020-02-12,1,0,1
2020-02-12,1,0,1
2020-02-12,1,1,0
2020-02-12,6,4,2
2020-02-12,8,0,8
2020-02-12,24,8,16
2020-02-12,37,10,27
2020-02-12,24,12,12
2020-02-12,14,5,9
2020-02-12,25,9,16
2020-02-12,16,6,10
2020-02-12,19,11,8
2020-02-12,17,6,11
2020-02-12,31,16,15
2020-02-12,40,23,17
2020-02-12,60,31,29
2020-02-12,51,25,26
2020-02-12,24,9,15
2020-02-12,24,9,15
2020-02-12,7,3,4
2020-02-12,8,3,5
2020-02-12,8,3,5
2020-02-13,3,0,3
2020-02-13,0,0,0
2020-02-13,0,0,0
2020-02-13,0,0,0
2020-02-13,1,0,1
2020-02-13,4,0,4
2020-02-13,7,1,6
2020-02-13,25,6,19
2020-02-13,26,7,19
2020-02-13,13,5,8
2020-02-13,6,2,4
2020-02-13,13,9,4
2020-02-13,19,9,10
2020-02-13,6,2,4
2020-02-13,12,5,7
2020-02-13,18,9,9
2020-02-13,25,14,11
2020-02-13,42,20,22
2020-02-13,24,12,12
2020-02-13,18,12,6
2020-02-13,13,5,8
2020-02-13,11,6,5
2020-02-13,3,1,2
2020-02-13,8,3,5
2020-02-14,1,0,1
2020-02-14,0,0,0
2020-02-14,0,0,0
2020-02-14,0,0,0
2020-02-14,0,0,0
2020-02-14,3,2,1
2020-02-14,8,1,7
2020-02-14,25,7,18
2020-02-14,25,8,17
2020-02-14,20,11,9
2020-02-14,14,6,8
2020-02-14,10,4,6
2020-02-14,15,8,7
2020-02-14,22,13,9
2020-02-14,16,9,7
2020-02-14,30,13,17
2020-02-14,29,18,11
2020-02-14,41,16,25
2020-02-14,35,14,21
2020-02-14,14,6,8
2020-02-14,9,3,6
2020-02-14,4,2,2
2020-02-14,8,4,4
2020-02-14,7,2,5
2020-02-15,4,1,3
2020-02-15,1,0,1
2020-02-15,1,0,1
2020-02-15,0,0,0
2020-02-15,0,0,0
2020-02-15,1,0,1
2020-02-15,0,0,0
2020-02-15,2,0,2
2020-02-15,4,2,2
2020-02-15,7,2,5
2020-02-15,2,1,1
2020-02-15,11,7,4
2020-02-15,11,5,6
2020-02-15,7,1,6
2020-02-15,13,5,8
2020-02-15,9,6,3
2020-02-15,14,7,7
2020-02-15,9,2,7
2020-02-15,16,9,7
2020-02-15,7,5,2
2020-02-15,7,4,3
2020-02-15,8,3,5
2020-02-15,2,1,1
2020-02-15,3,1,2
2020-02-16,1,0,1
2020-02-16,3,0,3
2020-02-16,0,0,0
2020-02-16,0,0,0
2020-02-16,0,0,0
2020-02-16,0,0,0
2020-02-16,4,2,2
2020-02-16,1,0,1
2020-02-16,6,3,3
2020-02-16,5,3,2
2020-02-16,9,6,3
2020-02-16,10,3,7
2020-02-16,2,1,1
2020-02-16,27,11,16
2020-02-16,11,6,5
2020-02-16,16,4,12
2020-02-16,13,6,7
2020-02-16,16,8,8
2020-02-16,7,5,2
2020-02-16,13,6,7
2020-02-16,11,6,5
2020-02-16,8,2,6
2020-02-16,3,1,2
2020-02-16,4,2,2
2020-02-17,0,0,0
2020-02-17,4,0,4
2020-02-17,0,0,0
2020-02-17,0,0,0
2020-02-17,1,0,1
2020-02-17,1,1,0
2020-02-17,5,3,2
2020-02-17,16,5,11
2020-02-17,19,3,16
2020-02-17,12,8,4
2020-02-17,8,5,3
2020-02-17,10,8,2
2020-02-17,24,11,13
2020-02-17,10,6,4
2020-02-17,13,5,8
2020-02-17,20,13,7
2020-02-17,16,10,6
2020-02-17,34,19,15
2020-02-17,26,13,13
2020-02-17,16,6,10
2020-02-17,9,8,1
2020-02-17,7,3,4
2020-02-17,11,5,6
2020-02-17,5,1,4
2020-02-18,3,0,3
2020-02-18,0,0,0
2020-02-18,0,0,0
2020-02-18,0,0,0
2020-02-18,2,0,2
2020-02-18,3,1,2
2020-02-18,5,1,4
2020-02-18,30,9,21
2020-02-18,36,12,24
2020-02-18,17,9,8
2020-02-18,19,10,9
2020-02-18,11,8,3
2020-02-18,22,8,14
2020-02-18,13,8,5
2020-02-18,12,6,6
2020-02-18,24,13,11
2020-02-18,42,24,18
2020-02-18,55,31,24
2020-02-18,35,14,21
2020-02-18,25,11,14
2020-02-18,12,5,7
2020-02-18,11,4,7
2020-02-18,6,3,3
2020-02-18,4,3,1
2020-02-19,3,2,1
2020-02-19,0,0,0
2020-02-19,0,0,0
2020-02-19,0,0,0
2020-02-19,1,0,1
2020-02-19,7,5,2
2020-02-19,11,2,9
2020-02-19,28,7,21
2020-02-19,35,14,21
2020-02-19,18,8,10
2020-02-19,8,2,6
2020-02-19,12,5,7
2020-02-19,6,0,6
2020-02-19,12,5,7
2020-02-19,15,6,9
2020-02-19,30,16,14
2020-02-19,29,15,14
2020-02-19,49,31,18
2020-02-19,28,15,13
2020-02-19,20,9,11
2020-02-19,13,5,8
2020-02-19,4,2,2
2020-02-19,8,4,4
2020-02-19,4,1,3
2020-02-20,1,0,1
2020-02-20,0,0,0
2020-02-20,1,0,1
2020-02-20,0,0,0
2020-02-20,2,0,2
2020-02-20,3,0,3
2020-02-20,11,4,7
2020-02-20,24,5,19
2020-02-20,27,7,20
2020-02-20,22,10,12
2020-02-20,16,7,9
2020-02-20,19,10,9
2020-02-20,16,10,6
2020-02-20,20,10,10
2020-02-20,18,8,10
2020-02-20,16,9,7
2020-02-20,29,19,10
2020-02-20,56,33,23
2020-02-20,31,13,18
2020-02-20,31,18,13
2020-02-20,18,8,10
2020-02-20,9,7,2
2020-02-20,11,6,5
2020-02-20,5,2,3
2020-02-21,4,1,3
2020-02-21,7,6,1
2020-02-21,4,0,4
2020-02-21,0,0,0
2020-02-21,0,0,0
2020-02-21,2,1,1
2020-02-21,12,2,10
2020-02-21,23,6,17
2020-02-21,20,6,14
2020-02-21,28,9,19
2020-02-21,14,6,8
2020-02-21,9,3,6
2020-02-21,10,6,4
2020-02-21,28,17,11
2020-02-21,17,7,10
2020-02-21,27,14,13
2020-02-21,24,17,7
2020-02-21,50,24,26
2020-02-21,23,9,14
2020-02-21,20,12,8
2020-02-21,15,5,10
2020-02-21,5,0,5
2020-02-21,5,4,1
2020-02-21,6,2,4
2020-02-22,3,3,0
2020-02-22,6,4,2
2020-02-22,9,2,7
2020-02-22,0,0,0
2020-02-22,0,0,0
2020-02-22,0,0,0
2020-02-22,3,1,2
2020-02-22,4,2,2
2020-02-22,5,3,2
2020-02-22,10,3,7
2020-02-22,9,3,6
2020-02-22,5,3,2
2020-02-22,17,9,8
2020-02-22,15,6,9
2020-02-22,9,5,4
2020-02-22,11,7,4
2020-02-22,19,9,10
2020-02-22,11,5,6
2020-02-22,10,6,4
2020-02-22,11,6,5
2020-02-22,11,6,5
2020-02-22,7,2,5
2020-02-22,10,4,6
2020-02-22,4,2,2
2020-02-23,3,2,1
2020-02-23,2,0,2
2020-02-23,0,0,0
2020-02-23,3,0,3
2020-02-23,1,0,1
2020-02-23,2,0,2
2020-02-23,4,0,4
2020-02-23,9,1,8
2020-02-23,4,2,2
2020-02-23,7,3,4
2020-02-23,4,2,2
2020-02-23,8,7,1
2020-02-23,12,5,7
2020-02-23,12,8,4
2020-02-23,12,6,6
2020-02-23,6,3,3
2020-02-23,16,8,8
2020-02-23,10,3,7
2020-02-23,19,6,13
2020-02-23,12,5,7
2020-02-23,7,4,3
2020-02-23,6,2,4
2020-02-23,4,1,3
2020-02-23,3,2,1
2020-02-24,4,3,1
2020-02-24,0,0,0
2020-02-24,1,1,0
2020-02-24,0,0,0
2020-02-24,2,0,2
2020-02-24,6,0,6
2020-02-24,12,2,10
2020-02-24,29,8,21
2020-02-24,39,12,27
2020-02-24,21,10,11
2020-02-24,13,9,4
2020-02-24,18,7,11
2020-02-24,18,8,10
2020-02-24,17,5,12
2020-02-24,14,5,9
2020-02-24,17,6,11
2020-02-24,37,24,13
2020-02-24,62,30,32
2020-02-24,39,18,21
2020-02-24,22,11,11
2020-02-24,12,6,6
2020-02-24,9,3,6
2020-02-24,10,2,8
2020-02-24,1,0,1
2020-02-25,4,2,2
2020-02-25,1,1,0
2020-02-25,0,0,0
2020-02-25,0,0,0
2020-02-25,1,0,1
2020-02-25,5,0,5
2020-02-25,17,6,11
2020-02-25,30,6,24
2020-02-25,32,6,26
2020-02-25,19,7,12
2020-02-25,28,13,15
2020-02-25,14,8,6
2020-02-25,13,6,7
2020-02-25,16,6,10
2020-02-25,19,12,7
2020-02-25,24,15,9
2020-02-25,28,15,13
2020-02-25,55,26,29
2020-02-25,54,28,26
2020-02-25,18,7,11
2020-02-25,12,2,10
2020-02-25,8,4,4
2020-02-25,5,2,3
2020-02-25,4,3,1
2020-02-26,2,1,1
2020-02-26,1,0,1
2020-02-26,3,1,2
2020-02-26,1,0,1
2020-02-26,1,0,1
2020-02-26,4,1,3
2020-02-26,9,1,8
2020-02-26,35,8,27
2020-02-26,35,10,25
2020-02-26,26,12,14
2020-02-26,13,4,9
2020-02-26,11,4,7
2020-02-26,10,3,7
2020-02-26,12,5,7
2020-02-26,20,11,9
2020-02-26,25,12,13
2020-02-26,28,16,12
2020-02-26,71,35,36
2020-02-26,50,28,22
2020-02-26,25,11,14
2020-02-26,18,4,14
2020-02-26,12,6,6
2020-02-26,8,5,3
2020-02-26,3,0,3
2020-02-27,1,1,0
2020-02-27,1,1,0
2020-02-27,0,0,0
2020-02-27,0,0,0
2020-02-27,1,0,1
2020-02-27,2,0,2
2020-02-27,14,5,9
2020-02-27,25,6,19
2020-02-27,34,11,23
2020-02-27,32,15,17
2020-02-27,18,4,14
2020-02-27,9,6,3
2020-02-27,15,5,10
2020-02-27,18,6,12
2020-02-27,20,9,11
2020-02-27,29,16,13
2020-02-27,31,16,15
2020-02-27,69,32,37
2020-02-27,47,22,25
2020-02-27,31,9,22
2020-02-27,13,5,8
2020-02-27,14,6,8
2020-02-27,10,7,3
2020-02-27,3,2,1
2020-02-28,4,2,2
2020-02-28,0,0,0
2020-02-28,1,0,1
2020-02-28,2,1,1
2020-02-28,0,0,0
2020-02-28,4,0,4
2020-02-28,12,5,7
2020-02-28,26,6,20
2020-02-28,27,10,17
2020-02-28,22,4,18
2020-02-28,17,8,9
2020-02-28,8,4,4
2020-02-28,11,4,7
2020-02-28,20,8,12
2020-02-28,18,6,12
2020-02-28,17,8,9
2020-02-28,38,24,14
2020-02-28,36,15,21
2020-02-28,24,12,12
2020-02-28,27,9,18
2020-02-28,13,6,7
2020-02-28,6,4,2
2020-02-28,11,8,3
2020-02-28,10,5,5
2020-02-29,4,2,2
2020-02-29,4,1,3
2020-02-29,0,0,0
2020-02-29,1,0,1
2020-02-29,0,0,0
2020-02-29,2,2,0
2020-02-29,4,1,3
2020-02-29,6,0,6
2020-02-29,3,2,1
2020-02-29,8,2,6
2020-02-29,6,3,3
2020-02-29,10,9,1
2020-02-29,12,8,4
2020-02-29,11,6,5
2020-02-29,17,11,6
2020-02-29,22,11,11
2020-02-29,20,5,15
2020-02-29,14,4,10
2020-02-29,14,7,7
2020-02-29,14,9,5
2020-02-29,4,1,3
2020-02-29,8,3,5
2020-02-29,5,4,1
2020-02-29,5,3,2
2020-05-03,19,15,4
2020-05-03,24,15,9
2020-05-03,31,23,8
2020-05-03,29,19,10
2020-05-03,29,19,10
2020-05-03,23,14,9
2020-05-03,24,18,6
2020-05-03,21,12,9
2020-05-03,9,5,4
2020-05-03,3,1,2
2020-05-03,4,2,2
2020-05-03,1,1,0
2020-05-04,1,1,0
2020-05-04,0,0,0
2020-05-04,1,0,1
2020-05-04,3,2,1
2020-05-04,1,0,1
2020-05-04,2,0,2
2020-05-04,4,3,1
2020-05-04,13,6,7
2020-05-04,12,2,10
2020-05-04,5,5,0
2020-05-04,9,4,5
2020-05-04,10,8,2
2020-05-04,11,10,1
2020-05-04,34,21,13
2020-05-04,20,9,11
2020-05-04,18,11,7
2020-05-04,17,11,6
2020-05-04,34,24,10
2020-05-04,32,16,16
2020-05-04,13,9,4
2020-05-04,15,12,3
2020-05-04,12,4,8
2020-05-04,4,1,3
2020-05-04,2,2,0
2020-05-05,0,0,0
2020-05-05,0,0,0
2020-05-05,0,0,0
2020-05-05,1,1,0
2020-05-05,0,0,0
2020-05-05,7,1,6
2020-05-05,13,5,8
2020-05-05,21,8,13
2020-05-05,12,5,7
2020-05-05,9,7,2
2020-05-05,13,7,6
2020-05-05,12,5,7
2020-05-05,22,11,11
2020-05-05,18,6,12
2020-05-05,34,22,12
2020-05-05,29,22,7
2020-05-05,31,16,15
2020-05-05,50,34,16
2020-05-05,32,18,14
2020-05-05,33,14,19
2020-05-05,12,9,3
2020-05-05,5,4,1
2020-05-05,2,1,1
2020-05-05,3,1,2
2020-05-06,2,1,1
2020-05-06,0,0,0
2020-05-06,0,0,0
2020-05-06,0,0,0
2020-05-06,1,0,1
2020-05-06,2,0,2
2020-05-06,11,2,9
2020-05-06,18,5,13
2020-05-06,14,4,10
2020-05-06,8,6,2
2020-05-06,6,2,4
2020-05-06,11,5,6
2020-05-06,17,9,8
2020-05-06,16,11,5
2020-05-06,12,7,5
2020-05-06,15,10,5
2020-05-06,30,20,10
2020-05-06,23,18,5
2020-05-06,28,24,4
2020-05-06,29,20,9
2020-03-01,8,4,4
2020-03-01,3,0,3
2020-03-01,2,1,1
2020-03-01,2,0,2
2020-03-01,0,0,0
2020-03-01,4,1,3
2020-03-01,2,0,2
2020-03-01,4,1,3
2020-03-01,7,6,1
2020-03-01,12,7,5
2020-03-01,10,4,6
2020-03-01,11,9,2
2020-03-01,11,4,7
2020-03-01,16,9,7
2020-03-01,24,12,12
2020-03-01,18,8,10
2020-03-01,20,7,13
2020-03-01,8,4,4
2020-03-01,17,10,7
2020-03-01,17,9,8
2020-03-01,5,2,3
2020-03-01,2,1,1
2020-03-01,3,2,1
2020-03-01,3,1,2
2020-03-02,5,0,5
2020-03-02,1,0,1
2020-03-02,0,0,0
2020-03-02,0,0,0
2020-03-02,1,0,1
2020-03-02,4,0,4
2020-03-02,10,1,9
2020-03-02,34,8,26
2020-03-02,47,18,29
2020-03-02,17,7,10
2020-03-02,35,17,18
2020-03-02,11,7,4
2020-03-02,10,5,5
2020-03-02,7,6,1
2020-03-02,8,4,4
2020-03-02,15,8,7
2020-03-02,29,21,8
2020-03-02,41,19,22
2020-03-02,25,7,18
2020-03-02,20,13,7
2020-03-02,11,5,6
2020-03-02,3,2,1
2020-03-02,9,4,5
2020-03-02,3,2,1
2020-03-03,4,1,3
2020-03-03,0,0,0
2020-03-03,0,0,0
2020-03-03,0,0,0
2020-03-03,1,0,1
2020-03-03,6,1,5
2020-03-03,16,4,12
2020-03-03,39,10,29
2020-03-03,28,8,20
2020-03-03,16,7,9
2020-03-03,14,6,8
2020-03-03,14,12,2
2020-03-03,17,11,6
2020-03-03,16,9,7
2020-03-03,12,8,4
2020-03-03,21,11,10
2020-03-03,29,18,11
2020-03-03,51,20,31
2020-03-03,32,15,17
2020-03-03,27,10,17
2020-03-03,12,7,5
2020-03-03,8,4,4
2020-03-03,4,3,1
2020-03-03,4,2,2
2020-03-04,1,0,1
2020-03-04,0,0,0
2020-03-04,1,0,1
2020-03-04,0,0,0
2020-03-04,1,0,1
2020-03-04,4,1,3
2020-03-04,15,3,12
2020-03-04,35,9,26
2020-03-04,28,8,20
2020-03-04,22,7,15
2020-03-04,14,7,7
2020-03-04,11,6,5
2020-03-04,17,5,12
2020-03-04,18,10,8
2020-03-04,25,12,13
2020-03-04,27,9,18
2020-03-04,29,17,12
2020-03-04,54,27,27
2020-03-04,35,19,16
2020-03-04,26,7,19
2020-03-04,18,8,10
2020-03-04,7,3,4
2020-03-04,6,3,3
2020-03-04,2,1,1
2020-03-05,2,0,2
2020-03-05,0,0,0
2020-03-05,0,0,0
2020-03-05,0,0,0
2020-03-05,2,1,1
2020-03-05,4,1,3
2020-03-05,15,3,12
2020-03-05,28,7,21
2020-03-05,29,7,22
2020-03-05,19,10,9
2020-03-05,8,3,5
2020-03-05,13,9,4
2020-03-05,15,5,10
2020-03-05,70,17,53
2020-03-05,19,11,8
2020-03-05,24,16,8
2020-03-05,36,22,14
2020-03-05,38,31,7
2020-03-05,35,23,12
2020-03-05,11,8,3
2020-03-05,11,4,7
2020-03-05,9,6,3
2020-03-05,9,8,1
2020-03-05,1,0,1
2020-03-06,0,0,0
2020-03-06,0,0,0
2020-03-06,3,1,2
2020-03-06,0,0,0
2020-03-06,1,0,1
2020-03-06,2,0,2
2020-03-06,13,1,12
2020-03-06,12,1,11
2020-03-06,18,5,13
2020-03-06,12,8,4
2020-03-06,10,4,6
2020-03-06,9,4,5
2020-03-06,11,4,7
2020-03-06,20,10,10
2020-03-06,19,10,9
2020-03-06,16,8,8
2020-03-06,18,11,7
2020-03-06,36,20,16
2020-03-06,25,15,10
2020-03-06,23,18,5
2020-03-06,12,8,4
2020-03-06,8,3,5
2020-03-06,5,4,1
2020-03-06,1,1,0
2020-03-07,3,3,0
2020-03-07,3,3,0
2020-03-07,2,1,1
2020-03-07,0,0,0
2020-03-07,1,1,0
2020-03-07,0,0,0
2020-03-07,1,0,1
2020-03-07,4,3,1
2020-03-07,6,2,4
2020-03-07,14,3,11
2020-03-07,7,5,2
2020-03-07,8,4,4
2020-03-07,12,6,6
2020-03-07,11,9,2
2020-03-07,13,8,5
2020-03-07,21,5,16
2020-03-07,18,10,8
2020-03-07,17,13,4
2020-03-07,24,7,17
2020-03-07,12,9,3
2020-03-07,15,10,5
2020-03-07,10,8,2
2020-03-07,4,3,1
2020-03-07,5,4,1
2020-03-08,3,2,1
2020-03-08,4,1,3
2020-03-08,0,0,0
2020-03-08,3,0,3
2020-03-08,0,0,0
2020-03-08,2,0,2
2020-03-08,1,0,1
2020-03-08,3,1,2
2020-03-08,4,2,2
2020-03-08,7,3,4
2020-03-08,9,3,6
2020-03-08,10,8,2
2020-03-08,19,10,9
2020-03-08,17,10,7
2020-03-08,21,9,12
2020-03-08,25,14,11
2020-03-08,23,11,12
2020-03-08,21,14,7
2020-03-08,17,9,8
2020-03-08,15,9,6
2020-03-08,10,3,7
2020-03-08,10,5,5
2020-03-08,6,3,3
2020-03-08,3,2,1
2020-03-09,5,4,1
2020-03-09,0,0,0
2020-03-09,0,0,0
2020-03-09,0,0,0
2020-03-09,1,1,0
2020-03-09,2,0,2
2020-03-09,17,4,13
2020-03-09,32,6,26
2020-03-09,24,8,16
2020-03-09,11,5,6
2020-03-09,10,3,7
2020-03-09,9,5,4
2020-03-09,21,9,12
2020-03-09,20,10,10
2020-03-09,26,15,11
2020-03-09,21,13,8
2020-03-09,29,16,13
2020-03-09,66,42,24
2020-03-09,57,34,23
2020-03-09,34,20,14
2020-03-09,25,12,13
2020-03-09,8,3,5
2020-03-09,14,10,4
2020-03-09,14,10,4
2020-03-10,1,1,0
2020-03-10,0,0,0
2020-03-10,1,1,0
2020-03-10,1,0,1
2020-03-10,1,1,0
2020-03-10,6,1,5
2020-03-10,19,3,16
2020-03-10,26,7,19
2020-03-10,18,3,15
2020-03-10,15,3,12
2020-03-10,10,2,8
2020-03-10,14,10,4
2020-03-10,18,7,11
2020-03-10,15,5,10
2020-03-10,14,8,6
2020-03-10,22,10,12
2020-03-10,41,25,16
2020-03-10,50,37,13
2020-03-10,37,24,13
2020-03-10,28,16,12
2020-03-10,22,15,7
2020-03-10,8,3,5
2020-03-10,10,5,5
2020-03-10,5,5,0
2020-03-11,6,5,1
2020-03-11,6,4,2
2020-03-11,2,2,0
2020-03-11,0,0,0
2020-03-11,0,0,0
2020-03-11,4,0,4
2020-03-11,12,4,8
2020-03-11,27,5,22
2020-03-11,26,4,22
2020-03-11,16,10,6
2020-03-11,9,4,5
2020-03-11,18,11,7
2020-03-11,20,9,11
2020-03-11,11,4,7
2020-03-11,21,11,10
2020-03-11,22,16,6
2020-03-11,42,28,14
2020-03-11,40,32,8
2020-03-11,48,28,20
2020-03-11,21,13,8
2020-03-11,21,11,10
2020-03-11,14,11,3
2020-03-11,6,4,2
2020-03-11,6,5,1
2020-03-12,2,1,1
2020-03-12,0,0,0
2020-03-12,0,0,0
2020-03-12,1,0,1
2020-03-12,0,0,0
2020-03-12,2,0,2
2020-03-12,10,3,7
2020-03-12,17,2,15
2020-03-12,23,7,16
2020-03-12,16,6,10
2020-03-12,9,7,2
2020-03-12,13,5,8
2020-03-12,12,6,6
2020-03-12,12,6,6
2020-03-12,16,5,11
2020-03-12,19,11,8
2020-03-12,22,13,9
2020-03-12,38,26,12
2020-03-12,29,16,13
2020-03-12,27,18,9
2020-03-12,19,12,7
2020-03-12,8,5,3
2020-03-12,5,5,0
2020-03-12,4,4,0
2020-03-13,5,2,3
2020-03-13,1,1,0
2020-03-13,1,1,0
2020-03-13,2,0,2
2020-03-13,0,0,0
2020-03-13,1,0,1
2020-03-13,8,3,5
2020-03-13,8,1,7
2020-03-13,14,3,11
2020-03-13,6,3,3
2020-03-13,10,1,9
2020-03-13,8,4,4
2020-03-13,12,8,4
2020-03-13,12,4,8
2020-03-13,8,3,5
2020-03-13,8,4,4
2020-03-13,12,9,3
2020-03-13,21,16,5
2020-03-13,17,13,4
2020-03-13,14,10,4
2020-03-13,12,8,4
2020-03-13,10,6,4
2020-03-13,8,7,1
2020-03-13,4,3,1
2020-03-14,0,0,0
2020-03-14,0,0,0
2020-03-14,1,0,1
2020-03-14,1,1,0
2020-03-14,0,0,0
2020-03-14,2,0,2
2020-03-14,6,2,4
2020-03-14,1,0,1
2020-03-14,5,2,3
2020-03-14,4,2,2
2020-03-14,4,2,2
2020-03-14,14,6,8
2020-03-14,15,9,6
2020-03-14,18,9,9
2020-03-14,18,12,6
2020-03-14,26,12,14
2020-03-14,11,7,4
2020-03-14,14,8,6
2020-03-14,13,6,7
2020-03-14,16,9,7
2020-03-14,2,2,0
2020-03-14,6,2,4
2020-03-14,6,3,3
2020-03-14,6,3,3
2020-03-15,4,2,2
2020-03-15,1,1,0
2020-03-15,1,0,1
2020-03-15,2,0,2
2020-03-15,0,0,0
2020-03-15,3,0,3
2020-03-15,0,0,0
2020-03-15,3,1,2
2020-03-15,7,3,4
2020-03-15,1,0,1
2020-03-15,2,2,0
2020-03-15,15,8,7
2020-03-15,13,5,8
2020-03-15,30,15,15
2020-03-15,17,10,7
2020-03-15,28,16,12
2020-03-15,17,12,5
2020-03-15,22,7,15
2020-03-15,29,16,13
2020-03-15,11,8,3
2020-03-15,9,3,6
2020-03-15,7,5,2
2020-03-15,4,3,1
2020-03-15,3,1,2
2020-03-16,5,1,4
2020-03-16,0,0,0
2020-03-16,0,0,0
2020-03-16,0,0,0
2020-03-16,0,0,0
2020-03-16,2,1,1
2020-03-16,9,1,8
2020-03-16,17,5,12
2020-03-16,15,1,14
2020-03-16,7,2,5
2020-03-16,9,3,6
2020-03-16,10,6,4
2020-03-16,6,4,2
2020-03-16,14,9,5
2020-03-16,23,14,9
2020-03-16,26,15,11
2020-03-16,26,24,2
2020-03-16,30,19,11
2020-03-16,26,17,9
2020-03-16,25,16,9
2020-03-16,16,8,8
2020-03-16,0,0,0
2020-03-16,5,2,3
2020-03-16,1,1,0
2020-03-17,0,0,0
2020-03-17,1,1,0
2020-03-17,0,0,0
2020-03-17,0,0,0
2020-03-17,0,0,0
2020-03-17,0,0,0
2020-03-17,9,1,8
2020-03-17,17,2,15
2020-03-17,16,6,10
2020-03-17,9,2,7
2020-03-17,9,5,4
2020-03-17,10,5,5
2020-03-17,15,9,6
2020-03-17,13,5,8
2020-03-17,18,9,9
2020-03-17,26,17,9
2020-03-17,18,14,4
2020-03-17,32,24,8
2020-03-17,31,23,8
2020-03-17,22,11,11
2020-03-17,12,7,5
2020-03-17,12,5,7
2020-03-17,8,4,4
2020-03-17,5,3,2
2020-03-18,2,1,1
2020-03-18,0,0,0
2020-03-18,1,0,1
2020-03-18,0,0,0
2020-03-18,1,1,0
2020-03-18,0,0,0
2020-03-18,13,1,12
2020-03-18,15,4,11
2020-03-18,6,0,6
2020-03-18,9,2,7
2020-03-18,18,6,12
2020-03-18,21,14,7
2020-03-18,20,11,9
2020-03-18,12,8,4
2020-03-18,17,8,9
2020-03-18,42,14,28
2020-03-18,38,20,18
2020-03-18,35,24,11
2020-03-18,36,20,16
2020-03-18,23,19,4
2020-03-18,15,11,4
2020-03-18,6,2,4
2020-03-18,1,0,1
2020-03-18,3,1,2
2020-03-19,1,0,1
2020-03-19,0,0,0
2020-03-19,1,1,0
2020-03-19,0,0,0
2020-03-19,0,0,0
2020-03-19,3,1,2
2020-03-19,5,2,3
2020-03-19,16,2,14
2020-03-19,11,2,9
2020-03-19,12,7,5
2020-03-19,14,5,9
2020-03-19,21,10,11
2020-03-19,19,13,6
2020-03-19,17,8,9
2020-03-19,13,8,5
2020-03-19,29,19,10
2020-03-19,27,16,11
2020-03-19,38,24,14
2020-03-19,26,14,12
2020-03-19,26,17,9
2020-03-19,11,7,4
2020-03-19,7,5,2
2020-03-19,3,1,2
2020-03-19,2,2,0
2020-03-20,1,0,1
2020-03-20,2,2,0
2020-03-20,0,0,0
2020-03-20,0,0,0
2020-03-20,0,0,0
2020-03-20,1,0,1
2020-03-20,8,2,6
2020-03-20,13,3,10
2020-03-20,12,4,8
2020-03-20,5,1,4
2020-03-20,3,1,2
2020-03-20,16,3,13
2020-03-20,27,14,13
2020-03-20,21,14,7
2020-03-20,21,14,7
2020-03-20,16,8,8
2020-03-20,29,18,11
2020-03-20,39,21,18
2020-03-20,37,22,15
2020-03-20,35,26,9
2020-03-20,18,8,10
2020-03-20,11,8,3
2020-03-20,6,2,4
2020-03-20,3,1,2
2020-03-21,2,2,0
2020-03-21,0,0,0
2020-03-21,0,0,0
2020-03-21,0,0,0
2020-03-21,0,0,0
2020-03-21,0,0,0
2020-03-21,0,0,0
2020-03-21,3,2,1
2020-03-21,4,2,2
2020-03-21,3,0,3
2020-03-21,5,1,4
2020-03-21,13,10,3
2020-03-21,20,12,8
2020-03-21,19,14,5
2020-03-21,30,21,9
2020-03-21,24,12,12
2020-03-21,30,13,17
2020-03-21,26,13,13
2020-03-21,39,27,12
2020-03-21,15,7,8
2020-03-21,14,9,5
2020-03-21,4,1,3
2020-03-21,2,0,2
2020-03-21,1,0,1
2020-03-22,2,0,2
2020-03-22,1,1,0
2020-03-22,1,1,0
2020-03-22,1,1,0
2020-03-22,0,0,0
2020-03-22,3,0,3
2020-03-22,4,0,4
2020-03-22,1,1,0
2020-03-22,4,3,1
2020-03-22,2,2,0
2020-03-22,12,9,3
2020-03-22,12,6,6
2020-03-22,16,10,6
2020-03-22,25,14,11
2020-03-22,17,12,5
2020-03-22,31,21,10
2020-03-22,19,16,3
2020-03-22,24,16,8
2020-03-22,24,13,11
2020-03-22,18,14,4
2020-03-22,4,1,3
2020-03-22,2,2,0
2020-03-22,2,0,2
2020-03-22,0,0,0
2020-03-23,0,0,0
2020-03-23,1,0,1
2020-03-23,0,0,0
2020-03-23,0,0,0
2020-03-23,0,0,0
2020-03-23,1,0,1
2020-03-23,5,1,4
2020-03-23,14,4,10
2020-03-23,6,3,3
2020-03-23,9,4,5
2020-03-23,9,5,4
2020-03-23,8,4,4
2020-03-23,10,6,4
2020-03-23,14,8,6
2020-03-23,25,15,10
2020-03-23,11,7,4
2020-03-23,21,16,5
2020-03-23,26,19,7
2020-03-23,27,18,9
2020-03-23,16,11,5
2020-03-23,8,6,2
2020-03-23,5,3,2
2020-03-23,6,4,2
2020-03-23,1,1,0
2020-03-24,1,1,0
2020-03-24,1,1,0
2020-03-24,0,0,0
2020-03-24,0,0,0
2020-03-24,1,0,1
2020-03-24,1,0,1
2020-03-24,4,1,3
2020-03-24,8,2,6
2020-03-24,7,2,5
2020-03-24,4,4,0
2020-03-24,3,1,2
2020-03-24,7,3,4
2020-03-24,16,9,7
2020-03-24,12,3,9
2020-03-24,10,5,5
2020-03-24,16,5,11
2020-03-24,24,11,13
2020-03-24,26,16,10
2020-03-24,21,16,5
2020-03-24,15,11,4
2020-03-24,9,7,2
2020-03-24,2,2,0
2020-03-24,2,2,0
2020-03-24,2,1,1
2020-03-25,1,1,0
2020-03-25,0,0,0
2020-03-25,0,0,0
2020-03-25,1,0,1
2020-03-25,0,0,0
2020-03-25,0,0,0
2020-03-25,4,0,4
2020-03-25,8,2,6
2020-03-25,7,1,6
2020-03-25,3,2,1
2020-03-25,6,2,4
2020-03-25,5,2,3
2020-03-25,13,8,5
2020-03-25,12,8,4
2020-03-25,14,7,7
2020-03-25,19,9,10
2020-03-25,28,16,12
2020-03-25,21,12,9
2020-03-25,13,9,4
2020-03-25,17,11,6
2020-03-25,3,2,1
2020-03-25,8,3,5
2020-03-25,2,1,1
2020-03-25,3,1,2
2020-03-26,0,0,0
2020-03-26,4,3,1
2020-03-26,1,0,1
2020-03-26,0,0,0
2020-03-26,0,0,0
2020-03-26,2,0,2
2020-03-26,3,1,2
2020-03-26,12,3,9
2020-03-26,10,2,8
2020-03-26,3,2,1
2020-03-26,9,4,5
2020-03-26,12,7,5
2020-03-26,10,4,6
2020-03-26,11,7,4
2020-03-26,11,7,4
2020-03-26,10,7,3
2020-03-26,21,14,7
2020-03-26,23,18,5
2020-03-26,23,14,9
2020-03-26,17,8,9
2020-03-26,8,4,4
2020-03-26,7,4,3
2020-03-26,1,1,0
2020-03-26,4,4,0
2020-03-27,2,2,0
2020-03-27,1,1,0
2020-03-27,0,0,0
2020-03-27,0,0,0
2020-03-27,0,0,0
2020-03-27,1,0,1
2020-03-27,1,1,0
2020-03-27,11,5,6
2020-03-27,13,4,9
2020-03-27,5,2,3
2020-03-27,5,2,3
2020-03-27,10,4,6
2020-03-27,13,6,7
2020-03-27,4,3,1
2020-03-27,11,3,8
2020-03-27,17,10,7
2020-03-27,22,9,13
2020-03-27,32,21,11
2020-03-27,22,9,13
2020-03-27,11,9,2
2020-03-27,19,9,10
2020-03-27,11,5,6
2020-03-27,1,0,1
2020-03-27,0,0,0
2020-03-28,4,1,3
2020-03-28,2,2,0
2020-03-28,0,0,0
2020-03-28,0,0,0
2020-03-28,0,0,0
2020-03-28,1,0,1
2020-03-28,5,3,2
2020-03-28,4,2,2
2020-03-28,6,3,3
2020-03-28,4,2,2
2020-03-28,11,7,4
2020-03-28,23,16,7
2020-03-28,10,5,5
2020-03-28,20,13,7
2020-03-28,15,5,10
2020-03-28,19,11,8
2020-03-28,20,12,8
2020-03-28,11,6,5
2020-03-28,15,11,4
2020-03-28,10,6,4
2020-03-28,6,1,5
2020-03-28,2,2,0
2020-03-28,3,3,0
2020-03-28,3,0,3
2020-03-29,1,1,0
2020-03-29,0,0,0
2020-03-29,0,0,0
2020-03-29,0,0,0
2020-03-29,2,1,1
2020-03-29,0,0,0
2020-03-29,0,0,0
2020-03-29,2,0,2
2020-03-29,3,2,1
2020-03-29,5,3,2
2020-03-29,11,6,5
2020-03-29,13,7,6
2020-03-29,23,13,10
2020-03-29,29,19,10
2020-03-29,30,22,8
2020-03-29,48,32,16
2020-03-29,38,25,13
2020-03-29,21,12,9
2020-03-29,14,9,5
2020-03-29,21,12,9
2020-03-29,7,3,4
2020-03-29,8,5,3
2020-03-29,0,0,0
2020-03-29,1,1,0
2020-03-30,0,0,0
2020-03-30,1,1,0
2020-03-30,2,0,2
2020-03-30,0,0,0
2020-03-30,0,0,0
2020-03-30,2,0,2
2020-03-30,4,1,3
2020-03-30,7,0,7
2020-03-30,6,0,6
2020-03-30,7,4,3
2020-03-30,6,3,3
2020-03-30,2,1,1
2020-03-30,6,3,3
2020-03-30,7,4,3
2020-03-30,4,2,2
2020-03-30,9,5,4
2020-03-30,8,5,3
2020-03-30,13,8,5
2020-03-30,16,9,7
2020-03-30,11,9,2
2020-03-30,7,4,3
2020-03-30,4,0,4
2020-03-30,1,1,0
2020-03-30,3,2,1
2020-03-31,0,0,0
2020-03-31,0,0,0
2020-03-31,1,0,1
2020-03-31,1,1,0
2020-03-31,0,0,0
2020-03-31,2,0,2
2020-03-31,5,0,5
2020-03-31,11,1,10
2020-03-31,9,3,6
2020-03-31,4,0,4
2020-03-31,7,2,5
2020-03-31,12,8,4
2020-03-31,11,7,4
2020-03-31,11,8,3
2020-03-31,20,11,9
2020-03-31,14,9,5
2020-03-31,15,12,3
2020-03-31,31,17,14
2020-03-31,12,8,4
2020-03-31,5,5,0
2020-03-31,5,4,1
2020-03-31,4,2,2
2020-03-31,0,0,0
2020-03-31,4,0,4
2020-04-01,2,2,0
2020-04-01,0,0,0
2020-04-01,0,0,0
2020-04-01,3,2,1
2020-04-01,1,0,1
2020-04-01,0,0,0
2020-04-01,6,1,5
2020-04-01,7,1,6
2020-04-01,12,2,10
2020-04-01,5,1,4
2020-04-01,4,1,3
2020-04-01,4,2,2
2020-04-01,13,9,4
2020-04-01,9,4,5
2020-04-01,40,15,25
2020-04-01,29,18,11
2020-04-01,25,15,10
2020-04-01,37,22,15
2020-04-01,32,17,15
2020-04-01,20,13,7
2020-04-01,8,3,5
2020-04-01,3,1,2
2020-04-01,2,2,0
2020-04-01,3,2,1
2020-04-02,0,0,0
2020-04-02,0,0,0
2020-04-02,0,0,0
2020-04-02,0,0,0
2020-04-02,2,0,2
2020-04-02,1,0,1
2020-04-02,8,0,8
2020-04-02,10,4,6
2020-04-02,11,2,9
2020-04-02,3,2,1
2020-04-02,5,4,1
2020-04-02,6,4,2
2020-04-02,14,7,7
2020-04-02,13,9,4
2020-04-02,14,9,5
2020-04-02,17,8,9
2020-04-02,15,9,6
2020-04-02,35,24,11
2020-04-02,27,17,10
2020-04-02,18,14,4
2020-04-02,12,7,5
2020-04-02,18,10,8
2020-04-02,4,2,2
2020-04-02,1,1,0
2020-04-03,0,0,0
2020-04-03,0,0,0
2020-04-03,1,0,1
2020-04-03,1,1,0
2020-04-03,2,1,1
2020-04-03,3,3,0
2020-04-03,4,0,4
2020-04-03,5,1,4
2020-04-03,4,1,3
2020-04-03,5,1,4
2020-04-03,16,9,7
2020-04-03,14,8,6
2020-04-03,19,13,6
2020-04-03,10,8,2
2020-04-03,15,13,2
2020-04-03,13,7,6
2020-04-03,14,10,4
2020-04-03,28,15,13
2020-04-03,17,12,5
2020-04-03,11,9,2
2020-04-03,11,7,4
2020-04-03,5,4,1
2020-04-03,0,0,0
2020-04-03,2,1,1
2020-04-04,0,0,0
2020-04-04,1,1,0
2020-04-04,1,1,0
2020-04-04,1,1,0
2020-04-04,1,0,1
2020-04-04,0,0,0
2020-04-04,3,1,2
2020-04-04,3,2,1
2020-04-04,2,1,1
2020-04-04,4,3,1
2020-04-04,12,7,5
2020-04-04,20,13,7
2020-04-04,25,19,6
2020-04-04,40,27,13
2020-04-04,39,26,13
2020-04-04,34,23,11
2020-04-04,30,16,14
2020-04-04,29,18,11
2020-04-04,19,10,9
2020-04-04,21,17,4
2020-04-04,17,6,11
2020-04-04,14,12,2
2020-04-04,2,1,1
2020-04-04,0,0,0
2020-04-05,0,0,0
2020-04-05,1,1,0
2020-04-05,3,3,0
2020-04-05,0,0,0
2020-04-05,2,1,1
2020-04-05,2,1,1
2020-04-05,4,0,4
2020-04-05,5,3,2
2020-04-05,1,0,1
2020-04-05,9,6,3
2020-04-05,9,5,4
2020-04-05,19,12,7
2020-04-05,21,13,8
2020-04-05,29,16,13
2020-04-05,25,18,7
2020-04-05,27,14,13
2020-04-05,27,21,6
2020-04-05,24,13,11
2020-04-05,19,10,9
2020-04-05,13,7,6
2020-04-05,10,4,6
2020-04-05,1,0,1
2020-04-05,2,2,0
2020-04-05,3,1,2
2020-04-06,3,2,1
2020-04-06,0,0,0
2020-04-06,0,0,0
2020-04-06,0,0,0
2020-04-06,1,0,1
2020-04-06,1,0,1
2020-04-06,5,0,5
2020-04-06,11,1,10
2020-04-06,6,1,5
2020-04-06,6,2,4
2020-04-06,10,5,5
2020-04-06,10,5,5
2020-04-06,13,12,1
2020-04-06,18,11,7
2020-04-06,15,9,6
2020-04-06,22,16,6
2020-04-06,33,20,13
2020-04-06,35,20,15
2020-04-06,28,14,14
2020-04-06,28,17,11
2020-04-06,6,5,1
2020-04-06,6,5,1
2020-04-06,2,2,0
2020-04-06,1,1,0
2020-04-07,3,1,2
2020-04-07,1,1,0
2020-04-07,0,0,0
2020-04-07,2,1,1
2020-04-07,1,1,0
2020-04-07,0,0,0
2020-04-07,6,1,5
2020-04-07,14,5,9
2020-04-07,13,4,9
2020-04-07,9,6,3
2020-04-07,8,6,2
2020-04-07,2,0,2
2020-04-07,17,12,5
2020-04-07,19,8,11
2020-04-07,21,13,8
2020-04-07,20,17,3
2020-04-07,27,20,7
2020-04-07,29,20,9
2020-04-07,35,17,18
2020-04-07,22,13,9
2020-04-07,16,9,7
2020-04-07,3,3,0
2020-04-07,5,3,2
2020-04-07,2,0,2
2020-04-08,1,1,0
2020-04-08,0,0,0
2020-04-08,0,0,0
2020-04-08,0,0,0
2020-04-08,2,0,2
2020-04-08,2,1,1
2020-04-08,7,2,5
2020-04-08,19,4,15
2020-04-08,10,5,5
2020-04-08,9,3,6
2020-04-08,7,3,4
2020-04-08,14,10,4
2020-04-08,23,10,13
2020-04-08,29,20,9
2020-04-08,26,13,13
2020-04-08,26,20,6
2020-04-08,41,24,17
2020-04-08,33,26,7
2020-04-08,27,11,16
2020-04-08,26,15,11
2020-04-08,7,5,2
2020-04-08,6,2,4
2020-04-08,1,1,0
2020-04-08,1,1,0
2020-04-09,1,0,1
2020-04-09,0,0,0
2020-04-09,0,0,0
2020-04-09,1,1,0
2020-04-09,1,0,1
2020-04-09,2,0,2
2020-04-09,5,0,5
2020-04-09,15,7,8
2020-04-09,11,4,7
2020-04-09,10,7,3
2020-04-09,5,2,3
2020-04-09,13,6,7
2020-04-09,18,11,7
2020-04-09,13,7,6
2020-04-09,22,12,10
2020-04-09,21,11,10
2020-04-09,38,21,17
2020-04-09,43,21,22
2020-04-09,32,22,10
2020-04-09,31,19,12
2020-04-09,12,7,5
2020-04-09,5,4,1
2020-04-09,3,3,0
2020-04-09,1,1,0
2020-04-10,1,0,1
2020-04-10,0,0,0
2020-04-10,1,0,1
2020-04-10,0,0,0
2020-04-10,2,0,2
2020-04-10,2,0,2
2020-04-10,3,1,2
2020-04-10,13,5,8
2020-04-10,7,3,4
2020-04-10,4,0,4
2020-04-10,16,10,6
2020-04-10,9,7,2
2020-04-10,18,11,7
2020-04-10,14,5,9
2020-04-10,18,10,8
2020-04-10,18,14,4
2020-04-10,24,13,11
2020-04-10,38,25,13
2020-04-10,35,19,16
2020-04-10,26,18,8
2020-04-10,15,7,8
2020-04-10,7,6,1
2020-04-10,3,2,1
2020-04-10,5,2,3
2020-04-11,4,2,2
2020-04-11,0,0,0
2020-04-11,2,1,1
2020-04-11,0,0,0
2020-04-11,1,0,1
2020-04-11,2,2,0
2020-04-11,5,0,5
2020-04-11,9,5,4
2020-04-11,5,2,3
2020-04-11,5,1,4
2020-04-11,12,8,4
2020-04-11,10,7,3
2020-04-11,20,14,6
2020-04-11,16,3,13
2020-04-11,27,13,14
2020-04-11,18,11,7
2020-04-11,29,22,7
2020-04-11,30,15,15
2020-04-11,21,12,9
2020-04-11,16,7,9
2020-04-11,15,7,8
2020-04-11,13,8,5
2020-04-11,5,3,2
2020-04-11,2,0,2
2020-04-12,0,0,0
2020-04-12,0,0,0
2020-04-12,0,0,0
2020-04-12,0,0,0
2020-04-12,0,0,0
2020-04-12,3,1,2
2020-04-12,6,0,6
2020-04-12,2,0,2
2020-04-12,4,2,2
2020-04-12,10,3,7
2020-04-12,10,3,7
2020-04-12,16,9,7
2020-04-12,25,13,12
2020-04-12,32,20,12
2020-04-12,24,15,9
2020-04-12,31,23,8
2020-04-12,28,20,8
2020-04-12,36,18,18
2020-04-12,18,14,4
2020-04-12,30,18,12
2020-04-12,8,6,2
2020-04-12,5,3,2
2020-04-12,5,3,2
2020-04-12,1,0,1
2020-04-13,0,0,0
2020-04-13,0,0,0
2020-04-13,0,0,0
2020-04-13,0,0,0
2020-04-13,1,0,1
2020-04-13,3,1,2
2020-04-13,6,0,6
2020-04-13,8,0,8
2020-04-13,11,4,7
2020-04-13,9,7,2
2020-04-13,8,5,3
2020-04-13,7,2,5
2020-04-13,9,5,4
2020-04-13,24,12,12
2020-04-13,18,11,7
2020-04-13,21,13,8
2020-04-13,26,17,9
2020-04-13,33,19,14
2020-04-13,33,25,8
2020-04-13,25,12,13
2020-04-13,14,9,5
2020-04-13,4,3,1
2020-04-13,1,1,0
2020-04-13,1,0,1
2020-04-14,0,0,0
2020-04-14,1,1,0
2020-04-14,2,1,1
2020-04-14,0,0,0
2020-04-14,1,0,1
2020-04-14,1,0,1
2020-04-14,8,0,8
2020-04-14,17,4,13
2020-04-14,11,3,8
2020-04-14,12,5,7
2020-04-14,6,4,2
2020-04-14,13,9,4
2020-04-14,14,6,8
2020-04-14,17,8,9
2020-04-14,20,12,8
2020-04-14,24,16,8
2020-04-14,21,15,6
2020-04-14,50,32,18
2020-04-14,31,16,15
2020-04-14,21,12,9
2020-04-14,12,6,6
2020-04-14,6,2,4
2020-04-14,2,2,0
2020-04-14,2,1,1
2020-04-15,1,0,1
2020-04-15,0,0,0
2020-04-15,0,0,0
2020-04-15,0,0,0
2020-04-15,1,0,1
2020-04-15,2,0,2
2020-04-15,6,1,5
2020-04-15,16,7,9
2020-04-15,7,2,5
2020-04-15,7,3,4
2020-04-15,8,5,3
2020-04-15,11,5,6
2020-04-15,12,10,2
2020-04-15,11,7,4
2020-04-15,17,9,8
2020-04-15,24,20,4
2020-04-15,33,21,12
2020-04-15,35,18,17
2020-04-15,38,21,17
2020-04-15,31,17,14
2020-04-15,13,8,5
2020-04-15,4,1,3
2020-04-15,2,2,0
2020-04-15,0,0,0
2020-04-16,1,1,0
2020-04-16,0,0,0
2020-04-16,0,0,0
2020-04-16,2,2,0
2020-04-16,1,0,1
2020-04-16,2,0,2
2020-04-16,8,1,7
2020-04-16,15,6,9
2020-04-16,10,2,8
2020-04-16,11,7,4
2020-04-16,12,8,4
2020-04-16,18,12,6
2020-04-16,16,12,4
2020-04-16,17,9,8
2020-04-16,17,10,7
2020-04-16,35,23,12
2020-04-16,30,23,7
2020-04-16,48,33,15
2020-04-16,25,17,8
2020-04-16,26,19,7
2020-04-16,15,11,4
2020-04-16,9,4,5
2020-04-16,5,2,3
2020-04-16,2,1,1
2020-04-17,2,2,0
2020-04-17,6,3,3
2020-04-17,0,0,0
2020-04-17,0,0,0
2020-04-17,2,0,2
2020-04-17,2,2,0
2020-04-17,7,1,6
2020-04-17,10,3,7
2020-04-17,11,6,5
2020-04-17,9,4,5
2020-04-17,8,5,3
2020-04-17,15,9,6
2020-04-17,13,7,6
2020-04-17,18,13,5
2020-04-17,19,11,8
2020-04-17,24,17,7
2020-04-17,40,22,18
2020-04-17,30,21,9
2020-04-17,38,22,16
2020-04-17,31,21,10
2020-04-17,16,8,8
2020-04-17,12,8,4
2020-04-17,5,4,1
2020-04-17,2,2,0
2020-04-18,1,0,1
2020-04-18,0,0,0
2020-04-18,4,3,1
2020-04-18,0,0,0
2020-04-18,1,0,1
2020-04-18,2,1,1
2020-04-18,3,0,3
2020-04-18,2,1,1
2020-04-18,2,2,0
2020-04-18,0,0,0
2020-04-18,7,5,2
2020-04-18,5,3,2
2020-04-18,10,7,3
2020-04-18,18,10,8
2020-04-18,26,16,10
2020-04-18,33,14,19
2020-04-18,15,10,5
2020-04-18,28,19,9
2020-04-18,23,15,8
2020-04-18,12,7,5
2020-04-18,11,6,5
2020-04-18,11,10,1
2020-04-18,2,0,2
2020-04-18,0,0,0
2020-04-19,1,1,0
2020-04-19,1,0,1
2020-04-19,1,1,0
2020-04-19,0,0,0
2020-04-19,2,1,1
2020-04-19,1,0,1
2020-04-19,9,1,8
2020-04-19,5,3,2
2020-04-19,4,2,2
2020-04-19,9,5,4
2020-04-19,11,7,4
2020-04-19,22,12,10
2020-04-19,35,22,13
2020-04-19,21,12,9
2020-04-19,46,29,17
2020-04-19,49,33,16
2020-04-19,35,21,14
2020-04-19,23,17,6
2020-04-19,18,9,9
2020-04-19,24,16,8
2020-04-19,10,6,4
2020-04-19,4,1,3
2020-04-19,1,1,0
2020-04-19,1,1,0
2020-04-20,1,0,1
2020-04-20,1,0,1
2020-04-20,0,0,0
2020-04-20,0,0,0
2020-04-20,0,0,0
2020-04-20,1,0,1
2020-04-20,7,3,4
2020-04-20,12,3,9
2020-04-20,9,5,4
2020-04-20,10,6,4
2020-04-20,11,5,6
2020-04-20,16,8,8
2020-04-20,18,12,6
2020-04-20,25,13,12
2020-04-20,30,18,12
2020-04-20,31,21,10
2020-04-20,35,23,12
2020-04-20,44,35,9
2020-04-20,31,19,12
2020-04-20,20,12,8
2020-04-20,13,7,6
2020-04-20,3,2,1
2020-04-20,1,1,0
2020-04-20,5,3,2
2020-04-21,3,2,1
2020-04-21,1,1,0
2020-04-21,0,0,0
2020-04-21,0,0,0
2020-04-21,0,0,0
2020-04-21,2,0,2
2020-04-21,8,1,7
2020-04-21,14,4,10
2020-04-21,17,8,9
2020-04-21,9,5,4
2020-04-21,4,3,1
2020-04-21,9,5,4
2020-04-21,8,3,5
2020-04-21,18,12,6
2020-04-21,11,7,4
2020-04-21,13,9,4
2020-04-21,13,8,5
2020-04-21,28,18,10
2020-04-21,27,14,13
2020-04-21,11,9,2
2020-04-21,8,6,2
2020-04-21,7,4,3
2020-04-21,3,1,2
2020-04-21,1,0,1
2020-04-22,2,2,0
2020-04-22,0,0,0
2020-04-22,0,0,0
2020-04-22,0,0,0
2020-04-22,0,0,0
2020-04-22,1,0,1
2020-04-22,6,2,4
2020-04-22,6,1,5
2020-04-22,6,1,5
2020-04-22,6,3,3
2020-04-22,2,1,1
2020-04-22,4,3,1
2020-04-22,5,3,2
2020-04-22,6,3,3
2020-04-22,7,3,4
2020-04-22,4,2,2
2020-04-22,9,7,2
2020-04-22,8,5,3
2020-04-22,16,9,7
2020-04-22,14,10,4
2020-04-22,7,6,1
2020-04-22,9,5,4
2020-04-22,3,2,1
2020-04-22,1,0,1
2020-04-23,0,0,0
2020-04-23,0,0,0
2020-04-23,0,0,0
2020-04-23,1,1,0
2020-04-23,0,0,0
2020-04-23,2,1,1
2020-04-23,2,0,2
2020-04-23,8,4,4
2020-04-23,13,5,8
2020-04-23,2,0,2
2020-04-23,4,2,2
2020-04-23,19,12,7
2020-04-23,4,2,2
2020-04-23,9,7,2
2020-04-23,16,12,4
2020-04-23,21,11,10
2020-04-23,9,6,3
2020-04-23,26,15,11
2020-04-23,13,9,4
2020-04-23,8,6,2
2020-04-23,12,8,4
2020-04-23,5,4,1
2020-04-23,2,2,0
2020-04-23,1,1,0
2020-04-24,1,1,0
2020-04-24,0,0,0
2020-04-24,1,1,0
2020-04-24,1,0,1
2020-04-24,0,0,0
2020-04-24,4,1,3
2020-04-24,8,1,7
2020-04-24,8,3,5
2020-04-24,10,0,10
2020-04-24,10,8,2
2020-04-24,8,5,3
2020-04-24,9,6,3
2020-04-24,18,13,5
2020-04-24,14,10,4
2020-04-24,31,18,13
2020-04-24,25,15,10
2020-04-24,18,12,6
2020-04-24,28,18,10
2020-04-24,31,23,8
2020-04-24,16,10,6
2020-04-24,9,5,4
2020-04-24,7,6,1
2020-04-24,7,2,5
2020-04-24,0,0,0
2020-04-25,0,0,0
2020-04-25,2,1,1
2020-04-25,0,0,0
2020-04-25,0,0,0
2020-04-25,1,1,0
2020-04-25,3,1,2
2020-04-25,5,0,5
2020-04-25,2,2,0
2020-04-25,1,1,0
2020-04-25,2,1,1
2020-04-25,3,2,1
2020-04-25,2,1,1
2020-04-25,11,2,9
2020-04-25,19,10,9
2020-04-25,47,35,12
2020-04-25,41,21,20
2020-04-25,33,26,7
2020-04-25,19,11,8
2020-04-25,23,16,7
2020-04-25,23,14,9
2020-04-25,11,7,4
2020-04-25,6,6,0
2020-04-25,3,1,2
2020-04-25,1,1,0
2020-04-26,2,1,1
2020-04-26,1,0,1
2020-04-26,0,0,0
2020-04-26,0,0,0
2020-04-26,0,0,0
2020-04-26,0,0,0
2020-04-26,5,0,5
2020-04-26,6,4,2
2020-04-26,5,0,5
2020-04-26,12,8,4
2020-04-26,11,5,6
2020-04-26,17,10,7
2020-04-26,25,12,13
2020-04-26,30,20,10
2020-04-26,27,19,8
2020-04-26,34,25,9
2020-04-26,17,11,6
2020-04-26,40,20,20
2020-04-26,22,16,6
2020-04-26,15,8,7
2020-04-26,16,14,2
2020-04-26,6,3,3
2020-04-26,1,0,1
2020-04-26,1,1,0
2020-04-27,0,0,0
2020-04-27,0,0,0
2020-04-27,1,0,1
2020-04-27,1,0,1
2020-04-27,0,0,0
2020-04-27,2,2,0
2020-04-27,7,0,7
2020-04-27,7,4,3
2020-04-27,11,3,8
2020-04-27,4,3,1
2020-04-27,9,6,3
2020-04-27,13,8,5
2020-04-27,12,7,5
2020-04-27,23,11,12
2020-04-27,14,6,8
2020-04-27,30,21,9
2020-04-27,20,12,8
2020-04-27,41,26,15
2020-04-27,27,16,11
2020-04-27,24,10,14
2020-04-27,8,6,2
2020-04-27,12,8,4
2020-04-27,6,4,2
2020-04-27,5,2,3
2020-04-28,0,0,0
2020-04-28,0,0,0
2020-04-28,1,0,1
2020-04-28,1,1,0
2020-04-28,0,0,0
2020-04-28,4,0,4
2020-04-28,10,0,10
2020-04-28,15,6,9
2020-04-28,15,4,11
2020-04-28,10,6,4
2020-04-28,8,3,5
2020-04-28,9,6,3
2020-04-28,16,10,6
2020-04-28,14,9,5
2020-04-28,19,12,7
2020-04-28,24,15,9
2020-04-28,21,14,7
2020-04-28,36,28,8
2020-04-28,32,24,8
2020-04-28,24,19,5
2020-04-28,7,4,3
2020-04-28,11,6,5
2020-04-28,3,2,1
2020-04-28,4,1,3
2020-04-29,2,1,1
2020-04-29,0,0,0
2020-04-29,2,1,1
2020-04-29,2,1,1
2020-04-29,0,0,0
2020-04-29,1,0,1
2020-04-29,9,0,9
2020-04-29,13,5,8
2020-04-29,9,2,7
2020-04-29,9,5,4
2020-04-29,10,4,6
2020-04-29,19,12,7
2020-04-29,12,9,3
2020-04-29,17,11,6
2020-04-29,18,9,9
2020-04-29,22,17,5
2020-04-29,29,14,15
2020-04-29,26,19,7
2020-04-29,28,16,12
2020-04-29,20,12,8
2020-04-29,9,6,3
2020-04-29,1,1,0
2020-04-29,8,4,4
2020-04-29,4,2,2
2020-04-30,0,0,0
2020-04-30,0,0,0
2020-04-30,0,0,0
2020-04-30,1,1,0
2020-04-30,0,0,0
2020-04-30,0,0,0
2020-04-30,8,3,5
2020-04-30,13,4,9
2020-04-30,14,2,12
2020-04-30,9,5,4
2020-04-30,9,5,4
2020-04-30,14,9,5
2020-04-30,18,12,6
2020-04-30,19,12,7
2020-04-30,14,8,6
2020-04-30,23,15,8
2020-04-30,23,16,7
2020-04-30,30,22,8
2020-04-30,32,22,10
2020-04-30,24,17,7
2020-04-30,13,6,7
2020-04-30,6,5,1
2020-04-30,3,1,2
2020-04-30,0,0,0
2020-05-06,12,8,4
2020-05-06,8,7,1
2020-05-06,4,1,3
2020-05-06,1,0,1
2020-05-07,0,0,0
2020-05-07,0,0,0
2020-05-07,0,0,0
2020-05-07,0,0,0
2020-05-07,4,1,3
2020-05-07,5,1,4
2020-05-07,13,4,9
2020-05-07,19,5,14
2020-05-07,16,3,13
2020-05-07,13,8,5
2020-05-07,11,5,6
2020-05-07,10,6,4
2020-05-07,21,16,5
2020-05-07,31,18,13
2020-05-07,20,13,7
2020-05-07,29,15,14
2020-05-07,33,16,17
2020-05-07,72,53,19
2020-05-07,54,34,20
2020-05-07,21,16,5
2020-05-07,24,14,10
2020-05-07,8,6,2
2020-05-07,3,0,3
2020-05-07,0,0,0
2020-05-08,0,0,0
2020-05-08,1,1,0
2020-05-08,0,0,0
2020-05-08,0,0,0
2020-05-08,3,0,3
2020-05-08,2,1,1
2020-05-08,7,3,4
2020-05-08,16,5,11
2020-05-08,7,4,3
2020-05-08,9,3,6
2020-05-08,12,6,6
2020-05-08,12,9,3
2020-05-08,10,6,4
2020-05-08,17,8,9
2020-05-08,28,17,11
2020-05-08,20,9,11
2020-05-08,25,16,9
2020-05-08,47,26,21
2020-05-08,30,17,13
2020-05-08,25,19,6
2020-05-08,12,4,8
2020-05-08,6,5,1
2020-05-08,4,3,1
2020-05-08,5,4,1
2020-05-09,7,6,1
2020-05-09,2,0,2
2020-05-09,5,0,5
2020-05-09,0,0,0
2020-05-09,2,0,2
2020-05-09,1,0,1
2020-05-09,5,2,3
2020-05-09,6,4,2
2020-05-09,4,0,4
2020-05-09,13,6,7
2020-05-09,15,11,4
2020-05-09,25,20,5
2020-05-09,27,18,9
2020-05-09,42,22,20
2020-05-09,26,14,12
2020-05-09,22,10,12
2020-05-09,21,9,12
2020-05-09,20,15,5
2020-05-09,35,20,15
2020-05-09,22,13,9
2020-05-09,13,8,5
2020-05-09,11,8,3
2020-05-09,5,3,2
2020-05-09,0,0,0
2020-05-10,4,4,0
2020-05-10,0,0,0
2020-05-10,2,2,0
2020-05-10,0,0,0
2020-05-10,1,0,1
2020-05-10,1,0,1
2020-05-10,3,0,3
2020-05-10,7,5,2
2020-05-10,2,1,1
2020-05-10,8,4,4
2020-05-10,16,7,9
2020-05-10,14,12,2
2020-05-10,17,14,3
2020-05-10,21,13,8
2020-05-10,22,13,9
2020-05-10,36,19,17
2020-05-10,30,17,13
2020-05-10,23,17,6
2020-05-10,24,15,9
2020-05-10,19,13,6
2020-05-10,8,6,2
2020-05-10,10,4,6
2020-05-10,3,1,2
2020-05-10,6,3,3
2020-05-11,1,1,0
2020-05-11,0,0,0
2020-05-11,0,0,0
2020-05-11,0,0,0
2020-05-11,2,0,2
2020-05-11,2,0,2
2020-05-11,11,4,7
2020-05-11,12,3,9
2020-05-11,8,2,6
2020-05-11,11,8,3
2020-05-11,7,5,2
2020-05-11,13,7,6
2020-05-11,18,6,12
2020-05-11,21,12,9
2020-05-11,26,12,14
2020-05-11,30,21,9
2020-05-11,20,13,7
2020-05-11,23,14,9
2020-05-11,16,7,9
2020-05-11,13,10,3
2020-05-11,8,3,5
2020-05-11,7,6,1
2020-05-11,2,0,2
2020-05-11,3,1,2
2020-05-12,0,0,0
2020-05-12,0,0,0
2020-05-12,0,0,0
2020-05-12,1,0,1
2020-05-12,1,1,0
2020-05-12,4,0,4
2020-05-12,6,3,3
2020-05-12,16,4,12
2020-05-12,9,5,4
2020-05-12,7,3,4
2020-05-12,28,8,20
2020-05-12,13,7,6
2020-05-12,11,9,2
2020-05-12,10,4,6
2020-05-12,8,2,6
2020-05-12,13,9,4
2020-05-12,14,10,4
2020-05-12,37,19,18
2020-05-12,19,13,6
2020-05-12,26,19,7
2020-05-12,10,8,2
2020-05-12,5,4,1
2020-05-12,2,0,2
2020-05-12,4,3,1
2020-05-13,0,0,0
2020-05-13,0,0,0
2020-05-13,0,0,0
2020-05-13,0,0,0
2020-05-13,2,0,2
2020-05-13,4,2,2
2020-05-13,10,4,6
2020-05-13,15,2,13
2020-05-13,15,6,9
2020-05-13,7,2,5
2020-05-13,5,2,3
2020-05-13,6,1,5
2020-05-13,14,7,7
2020-05-13,19,10,9
2020-05-13,35,23,12
2020-05-13,24,15,9
2020-05-13,21,15,6
2020-05-13,36,24,12
2020-05-13,40,31,9
2020-05-13,17,11,6
2020-05-13,21,15,6
2020-05-13,15,9,6
2020-05-13,5,3,2
2020-05-13,2,2,0
2020-05-14,1,1,0
2020-05-14,3,0,3
2020-05-14,1,1,0
2020-05-14,0,0,0
2020-05-14,2,0,2
2020-05-14,1,0,1
2020-05-14,10,3,7
2020-05-14,16,5,11
2020-05-14,12,2,10
2020-05-14,6,1,5
2020-05-14,2,1,1
2020-05-14,8,4,4
2020-05-14,21,15,6
2020-05-14,9,4,5
2020-05-14,26,10,16
2020-05-14,33,22,11
2020-05-14,24,13,11
2020-05-14,46,29,17
2020-05-14,29,20,9
2020-05-14,22,10,12
2020-05-14,17,6,11
2020-05-14,8,4,4
2020-05-14,9,4,5
2020-05-14,0,0,0
2020-05-15,0,0,0
2020-05-15,0,0,0
2020-05-15,1,1,0
2020-05-15,1,1,0
2020-05-15,2,0,2
2020-05-15,2,0,2
2020-05-15,8,3,5
2020-05-15,20,8,12
2020-05-15,6,2,4
2020-05-15,8,2,6
2020-05-15,2,2,0
2020-05-15,30,20,10
2020-05-15,20,8,12
2020-05-15,21,11,10
2020-05-15,34,19,15
2020-05-15,35,19,16
2020-05-15,40,23,17
2020-05-15,54,34,20
2020-05-15,30,18,12
2020-05-15,32,19,13
2020-05-15,21,14,7
2020-05-15,24,11,13
2020-05-15,6,3,3
2020-05-15,5,3,2
2020-05-16,2,2,0
2020-05-16,2,2,0
2020-05-16,0,0,0
2020-05-16,0,0,0
2020-05-16,3,0,3
2020-05-16,2,0,2
2020-05-16,5,4,1
2020-05-16,2,2,0
2020-05-16,6,4,2
2020-05-16,1,0,1
2020-05-16,2,2,0
2020-05-16,5,1,4
2020-05-16,8,5,3
2020-05-16,13,7,6
2020-05-16,10,5,5
2020-05-16,9,6,3
2020-05-16,13,9,4
2020-05-16,16,7,9
2020-05-16,16,9,7
2020-05-16,15,9,6
2020-05-16,9,6,3
2020-05-16,2,1,1
2020-05-16,0,0,0
2020-05-16,2,1,1
2020-05-17,0,0,0
2020-05-17,0,0,0
2020-05-17,0,0,0
2020-05-17,0,0,0
2020-05-17,1,0,1
2020-05-17,0,0,0
2020-05-17,4,1,3
2020-05-17,4,2,2
2020-05-17,6,4,2
2020-05-17,12,3,9
2020-05-17,6,4,2
2020-05-17,12,9,3
2020-05-17,15,10,5
2020-05-17,24,15,9
2020-05-17,26,16,10
2020-05-17,23,12,11
2020-05-17,29,16,13
2020-05-17,31,18,13
2020-05-17,16,7,9
2020-05-17,15,10,5
2020-05-17,17,15,2
2020-05-17,7,4,3
2020-05-17,3,3,0
2020-05-17,1,0,1
2020-05-18,0,0,0
2020-05-18,0,0,0
2020-05-18,0,0,0
2020-05-18,0,0,0
2020-05-18,1,1,0
2020-05-18,5,0,5
2020-05-18,5,0,5
2020-05-18,17,5,12
2020-05-18,17,8,9
2020-05-18,10,8,2
2020-05-18,4,2,2
2020-05-18,8,5,3
2020-05-18,20,11,9
2020-05-18,8,4,4
2020-05-18,16,13,3
2020-05-18,20,15,5
2020-05-18,21,15,6
2020-05-18,33,29,4
2020-05-18,40,31,9
2020-05-18,23,19,4
2020-05-18,7,3,4
2020-05-18,16,9,7
2020-05-18,4,3,1
2020-05-18,1,1,0
2020-05-19,1,0,1
2020-05-19,1,1,0
2020-05-19,0,0,0
2020-05-19,0,0,0
2020-05-19,1,1,0
2020-05-19,3,0,3
2020-05-19,10,3,7
2020-05-19,20,4,16
2020-05-19,7,3,4
2020-05-19,8,4,4
2020-05-19,7,5,2
2020-05-19,18,9,9
2020-05-19,14,9,5
2020-05-19,17,6,11
2020-05-19,18,10,8
2020-05-19,16,9,7
2020-05-19,24,13,11
2020-05-19,50,32,18
2020-05-19,44,28,16
2020-05-19,33,19,14
2020-05-19,16,13,3
2020-05-19,11,5,6
2020-05-19,4,2,2
2020-05-19,4,1,3
2020-05-20,1,1,0
2020-05-20,0,0,0
2020-05-20,0,0,0
2020-05-20,0,0,0
2020-05-20,0,0,0
2020-05-20,3,0,3
2020-05-20,9,2,7
2020-05-20,16,4,12
2020-05-20,11,6,5
2020-05-20,6,3,3
2020-05-20,6,6,0
2020-05-20,8,3,5
2020-05-20,9,4,5
2020-05-20,15,8,7
2020-05-20,16,6,10
2020-05-20,18,11,7
2020-05-20,22,15,7
2020-05-20,32,20,12
2020-05-20,11,5,6
2020-05-20,13,9,4
2020-05-20,14,11,3
2020-05-20,5,3,2
2020-05-20,5,3,2
2020-05-20,3,3,0
2020-05-21,0,0,0
2020-05-21,0,0,0
2020-05-21,0,0,0
2020-05-21,0,0,0
2020-05-21,0,0,0
2020-05-21,1,0,1
2020-05-21,4,2,2
2020-05-21,10,2,8
2020-05-21,7,1,6
2020-05-21,2,1,1
2020-05-21,2,1,1
2020-05-21,9,3,6
2020-05-21,16,7,9
2020-05-21,10,6,4
2020-05-21,15,6,9
2020-05-21,8,5,3
2020-05-21,9,4,5
2020-05-21,19,11,8
2020-05-21,17,11,6
2020-05-21,18,12,6
2020-05-21,13,5,8
2020-05-21,4,4,0
2020-05-21,2,0,2
2020-05-21,2,1,1
2020-05-22,0,0,0
2020-05-22,0,0,0
2020-05-22,0,0,0
2020-05-22,1,1,0
2020-05-22,0,0,0
2020-05-22,4,0,4
2020-05-22,9,2,7
2020-05-22,21,9,12
2020-05-22,12,4,8
2020-05-22,9,5,4
2020-05-22,14,12,2
2020-05-22,17,8,9
2020-05-22,18,11,7
2020-05-22,18,11,7
2020-05-22,24,9,15
2020-05-22,27,17,10
2020-05-22,18,10,8
2020-05-22,31,20,11
2020-05-22,28,18,10
2020-05-22,14,8,6
2020-05-22,1,1,0
2020-05-22,6,5,1
2020-05-22,1,0,1
2020-05-22,3,0,3
2020-05-23,2,1,1
2020-05-23,1,0,1
2020-05-23,3,1,2
2020-05-23,0,0,0
2020-05-23,0,0,0
2020-05-23,2,1,1
2020-05-23,5,1,4
2020-05-23,5,5,0
2020-05-23,7,4,3
2020-05-23,2,1,1
2020-05-23,15,8,7
2020-05-23,11,7,4
2020-05-23,16,8,8
2020-05-23,36,23,13
2020-05-23,28,16,12
2020-05-23,31,15,16
2020-05-23,23,13,10
2020-05-23,28,13,15
2020-05-23,43,23,20
2020-05-23,19,12,7
2020-05-23,13,7,6
2020-05-23,7,3,4
2020-05-23,4,1,3
2020-05-23,8,4,4
2020-05-24,2,1,1
2020-05-24,0,0,0
2020-05-24,0,0,0
2020-05-24,0,0,0
2020-05-24,0,0,0
2020-05-24,2,1,1
2020-05-24,7,2,5
2020-05-24,5,2,3
2020-05-24,2,1,1
2020-05-24,5,3,2
2020-05-24,13,7,6
2020-05-24,15,10,5
2020-05-24,22,12,10
2020-05-24,25,16,9
2020-05-24,27,23,4
2020-05-24,25,15,10
2020-05-24,51,26,25
2020-05-24,24,10,14
2020-05-24,19,15,4
2020-05-24,34,23,11
2020-05-24,16,8,8
2020-05-24,6,5,1
2020-05-24,7,4,3
2020-05-24,1,1,0
2020-05-25,1,0,1
2020-05-25,1,1,0
2020-05-25,2,2,0
2020-05-25,0,0,0
2020-05-25,0,0,0
2020-05-25,0,0,0
2020-05-25,5,2,3
2020-05-25,1,0,1
2020-05-25,3,1,2
2020-05-25,3,1,2
2020-05-25,5,2,3
2020-05-25,2,2,0
2020-05-25,13,7,6
2020-05-25,14,11,3
2020-05-25,13,7,6
2020-05-25,14,11,3
2020-05-25,9,4,5
2020-05-25,15,11,4
2020-05-25,15,6,9
2020-05-25,21,12,9
2020-05-25,6,4,2
2020-05-25,6,2,4
2020-05-25,8,5,3
2020-05-25,2,1,1
2020-05-26,0,0,0
2020-05-26,0,0,0
2020-05-26,0,0,0
2020-05-26,1,0,1
2020-05-26,0,0,0
2020-05-26,4,0,4
2020-05-26,12,2,10
2020-05-26,13,1,12
2020-05-26,11,4,7
2020-05-26,9,3,6
2020-05-26,10,3,7
2020-05-26,13,8,5
2020-05-26,16,10,6
2020-05-26,25,18,7
2020-05-26,15,8,7
2020-05-26,25,10,15
2020-05-26,29,22,7
2020-05-26,29,19,10
2020-05-26,31,21,10
2020-05-26,35,28,7
2020-05-26,13,8,5
2020-05-26,6,4,2
2020-05-26,7,4,3
2020-05-26,1,1,0
2020-05-27,0,0,0
2020-05-27,0,0,0
2020-05-27,0,0,0
2020-05-27,0,0,0
2020-05-27,1,0,1
2020-05-27,7,0,7
2020-05-27,15,4,11
2020-05-27,22,5,17
2020-05-27,12,5,7
2020-05-27,8,4,4
2020-05-27,16,10,6
2020-05-27,12,6,6
2020-05-27,21,10,11
2020-05-27,12,7,5
2020-05-27,0,0,0
2020-05-27,0,0,0
2020-05-27,0,0,0
2020-05-27,0,0,0
2020-05-27,0,0,0
2020-05-27,0,0,0
2020-05-27,0,0,0
2020-05-27,0,0,0
2020-05-27,0,0,0
2020-05-27,2,2,0
2020-05-28,0,0,0
2020-05-28,0,0,0
2020-05-28,0,0,0
2020-05-28,0,0,0
2020-05-28,0,0,0
2020-05-28,0,0,0
2020-05-28,0,0,0
2020-05-28,0,0,0
2020-05-28,0,0,0
2020-05-28,0,0,0
2020-05-28,0,0,0
2020-05-28,0,0,0
2020-05-28,0,0,0
2020-05-28,0,0,0
2020-05-28,0,0,0
2020-05-28,0,0,0
2020-05-28,0,0,0
2020-05-28,0,0,0
2020-05-28,0,0,0
2020-05-28,0,0,0
2020-05-28,0,0,0
2020-05-28,0,0,0
2020-05-28,0,0,0
2020-05-28,0,0,0
2020-05-29,0,0,0
2020-05-29,0,0,0
2020-05-29,0,0,0
2020-05-29,0,0,0
2020-05-29,0,0,0
2020-05-29,0,0,0
2020-05-29,0,0,0
2020-05-29,0,0,0
2020-05-29,0,0,0
2020-05-29,0,0,0
2020-05-29,0,0,0
2020-05-29,0,0,0
2020-05-29,0,0,0
2020-05-29,0,0,0
2020-05-29,0,0,0
2020-05-29,0,0,0
2020-05-29,0,0,0
2020-05-29,0,0,0
2020-05-29,0,0,0
2020-05-29,0,0,0
2020-05-29,0,0,0
2020-05-29,0,0,0
2020-05-29,0,0,0
2020-05-29,0,0,0
2020-05-30,0,0,0
2020-05-30,1,1,0
2020-05-30,0,0,0
2020-05-30,0,0,0
2020-05-30,0,0,0
2020-05-30,0,0,0
2020-05-30,0,0,0
2020-05-30,0,0,0
2020-05-30,0,0,0
2020-05-30,0,0,0
2020-05-30,0,0,0
2020-05-30,0,0,0
2020-05-30,0,0,0
2020-05-30,0,0,0
2020-05-30,0,0,0
2020-05-30,0,0,0
2020-05-30,0,0,0
2020-05-30,0,0,0
2020-05-30,0,0,0
2020-05-30,0,0,0
2020-05-30,0,0,0
2020-05-30,0,0,0
2020-05-30,0,0,0
2020-05-30,0,0,0
2020-05-31,0,0,0
2020-05-31,0,0,0
2020-05-31,0,0,0
2020-05-31,0,0,0
2020-05-31,0,0,0
2020-05-31,0,0,0
2020-05-31,0,0,0
2020-05-31,0,0,0
2020-05-31,0,0,0
2020-05-31,0,0,0
2020-05-31,0,0,0
2020-05-31,0,0,0
2020-05-31,0,0,0
2020-05-31,0,0,0
2020-05-31,0,0,0
2020-05-31,0,0,0
2020-05-31,1,1,0
2020-05-31,0,0,0
2020-05-31,0,0,0
2020-05-31,0,0,0
2020-05-31,1,1,0
2020-05-31,0,0,0
2020-05-31,0,0,0
2020-05-31,0,0,0
2020-06-01,0,0,0
2020-06-01,0,0,0
2020-06-01,0,0,0
2020-06-01,0,0,0
2020-06-01,0,0,0
2020-06-01,0,0,0
2020-06-01,0,0,0
2020-06-01,0,0,0
2020-06-01,0,0,0
2020-06-01,0,0,0
2020-06-01,0,0,0
2020-06-01,0,0,0
2020-06-01,0,0,0
2020-06-01,0,0,0
2020-06-01,0,0,0
2020-06-01,0,0,0
2020-06-01,0,0,0
2020-06-01,0,0,0
2020-06-01,1,1,0
2020-06-01,8,5,3
2020-06-01,0,0,0
2020-06-01,1,0,1
2020-06-01,0,0,0
2020-06-01,2,1,1
2020-06-02,0,0,0
2020-06-02,0,0,0
2020-06-02,0,0,0
2020-06-02,0,0,0
2020-06-02,0,0,0
2020-06-02,0,0,0
2020-06-02,0,0,0
2020-06-02,0,0,0
2020-06-02,0,0,0
2020-06-02,0,0,0
2020-06-02,0,0,0
2020-06-02,0,0,0
2020-06-02,0,0,0
2020-06-02,0,0,0
2020-06-02,0,0,0
2020-06-02,0,0,0
2020-06-02,0,0,0
2020-06-02,0,0,0
2020-06-02,0,0,0
2020-06-02,0,0,0
2020-06-02,0,0,0
2020-06-02,1,0,1
2020-06-02,0,0,0
2020-06-02,0,0,0
2020-06-03,2,2,0
2020-06-03,0,0,0
2020-06-03,0,0,0
2020-06-03,0,0,0
2020-06-03,0,0,0
2020-06-03,0,0,0
2020-06-03,0,0,0
2020-06-03,0,0,0
2020-06-03,0,0,0
2020-06-03,0,0,0
2020-06-03,0,0,0
2020-06-03,0,0,0
2020-06-03,0,0,0
2020-06-03,0,0,0
2020-06-03,0,0,0
2020-06-03,0,0,0
2020-06-03,0,0,0
2020-06-03,2,0,2
2020-06-03,0,0,0
2020-06-03,1,1,0
2020-06-03,0,0,0
2020-06-03,1,1,0
2020-06-03,7,7,0
2020-06-03,0,0,0
2020-06-04,0,0,0
2020-06-04,0,0,0
2020-06-04,0,0,0
2020-06-04,0,0,0
2020-06-04,0,0,0
2020-06-04,0,0,0
2020-06-04,0,0,0
2020-06-04,1,0,1
2020-06-04,0,0,0
2020-06-04,0,0,0
2020-06-04,0,0,0
2020-06-04,1,0,1
2020-06-04,0,0,0
2020-06-04,1,0,1
2020-06-04,0,0,0
2020-06-04,0,0,0
2020-06-04,0,0,0
2020-06-04,0,0,0
2020-06-04,0,0,0
2020-06-04,0,0,0
2020-06-04,1,0,1
2020-06-04,0,0,0
2020-06-04,0,0,0
2020-06-04,0,0,0
2020-06-05,0,0,0
2020-06-05,0,0,0
2020-06-05,0,0,0
2020-06-05,0,0,0
2020-06-05,0,0,0
2020-06-05,0,0,0
2020-06-05,0,0,0
2020-06-05,0,0,0
2020-06-05,0,0,0
2020-06-05,0,0,0
2020-06-05,0,0,0
2020-06-05,0,0,0
2020-06-05,0,0,0
2020-06-05,0,0,0
2020-06-05,0,0,0
2020-06-05,0,0,0
2020-06-05,0,0,0
2020-06-05,0,0,0
2020-06-05,0,0,0
2020-06-05,0,0,0
2020-06-05,0,0,0
2020-06-05,0,0,0
2020-06-05,1,1,0
2020-06-05,0,0,0
2020-06-06,0,0,0
2020-06-06,0,0,0
2020-06-06,0,0,0
2020-06-06,0,0,0
2020-06-06,0,0,0
2020-06-06,0,0,0
2020-06-06,0,0,0
2020-06-06,0,0,0
2020-06-06,0,0,0
2020-06-06,0,0,0
2020-06-06,0,0,0
2020-06-06,0,0,0
2020-06-06,0,0,0
2020-06-06,0,0,0
2020-06-06,0,0,0
2020-06-06,7,6,1
2020-06-06,32,9,23
2020-06-06,1,1,0
2020-06-06,0,0,0
2020-06-06,3,3,0
2020-06-06,1,0,1
2020-06-06,0,0,0
2020-06-06,0,0,0
2020-06-06,0,0,0
2020-06-07,0,0,0
2020-06-07,0,0,0
2020-06-07,0,0,0
2020-06-07,0,0,0
2020-06-07,0,0,0
2020-06-07,0,0,0
2020-06-07,0,0,0
2020-06-07,0,0,0
2020-06-07,0,0,0
2020-06-07,0,0,0
2020-06-07,0,0,0
2020-06-07,0,0,0
2020-06-07,0,0,0
2020-06-07,0,0,0
2020-06-07,0,0,0
2020-06-07,0,0,0
2020-06-07,0,0,0
2020-06-07,0,0,0
2020-06-07,0,0,0
2020-06-07,1,1,0
2020-06-07,0,0,0
2020-06-07,0,0,0
2020-06-07,0,0,0
2020-06-07,0,0,0
2020-06-08,1,0,1
2020-06-08,0,0,0
2020-06-08,0,0,0
2020-06-08,0,0,0
2020-06-08,0,0,0
2020-06-08,0,0,0
2020-06-08,0,0,0
2020-06-08,0,0,0
2020-06-08,0,0,0
2020-06-08,0,0,0
2020-06-08,3,3,0
2020-06-08,1,1,0
2020-06-08,0,0,0
2020-06-08,0,0,0
2020-06-08,0,0,0
2020-06-08,0,0,0
2020-06-08,0,0,0
2020-06-08,10,6,4
2020-06-08,0,0,0
2020-06-08,1,1,0
2020-06-08,0,0,0
2020-06-08,0,0,0
2020-06-08,0,0,0
2020-06-08,0,0,0
2020-06-09,0,0,0
2020-06-09,0,0,0
2020-06-09,0,0,0
2020-06-09,0,0,0
2020-06-09,0,0,0
2020-06-09,0,0,0
2020-06-09,0,0,0
2020-06-09,0,0,0
2020-06-09,0,0,0
2020-06-09,15,3,12
2020-06-09,0,0,0
2020-06-09,0,0,0
2020-06-09,0,0,0
2020-06-09,0,0,0
2020-06-09,1,0,1
2020-06-09,0,0,0
2020-06-09,0,0,0
2020-06-09,0,0,0
2020-06-09,0,0,0
2020-06-09,0,0,0
2020-06-09,0,0,0
2020-06-09,3,1,2
2020-06-09,0,0,0
2020-06-09,0,0,0
2020-06-10,1,1,0
2020-06-10,0,0,0
2020-06-10,0,0,0
2020-06-10,0,0,0
2020-06-10,0,0,0
2020-06-10,0,0,0
2020-06-10,0,0,0
2020-06-10,0,0,0
2020-06-10,0,0,0
2020-06-10,0,0,0
2020-06-10,0,0,0
2020-06-10,0,0,0
2020-06-10,0,0,0
2020-06-10,0,0,0
2020-06-10,0,0,0
2020-06-10,0,0,0
2020-06-10,0,0,0
2020-06-10,0,0,0
2020-06-10,2,1,1
2020-06-10,1,0,1
2020-06-10,0,0,0
2020-06-10,0,0,0
2020-06-10,0,0,0
2020-06-10,7,7,0
2020-06-11,0,0,0
2020-06-11,0,0,0
2020-06-11,0,0,0
2020-06-11,0,0,0
2020-06-11,0,0,0
2020-06-11,0,0,0
2020-06-11,0,0,0
2020-06-11,0,0,0
2020-06-11,0,0,0
2020-06-11,0,0,0
2020-06-11,0,0,0
2020-06-11,0,0,0
2020-06-11,0,0,0
2020-06-11,0,0,0
2020-06-11,0,0,0
2020-06-11,1,0,1
2020-06-11,0,0,0
2020-06-11,0,0,0
2020-06-11,2,0,2
2020-06-11,0,0,0
2020-06-11,0,0,0
2020-06-11,0,0,0
2020-06-11,2,2,0
2020-06-11,0,0,0
2020-06-12,0,0,0
2020-06-12,0,0,0
2020-06-12,0,0,0
2020-06-12,0,0,0
2020-06-12,0,0,0
2020-06-12,0,0,0
2020-06-12,0,0,0
2020-06-12,0,0,0
2020-06-12,0,0,0
2020-06-12,0,0,0
2020-06-12,0,0,0
2020-06-12,2,0,2
2020-06-12,0,0,0
2020-06-12,0,0,0
2020-06-12,0,0,0
2020-06-12,0,0,0
2020-06-12,0,0,0
2020-06-12,0,0,0
2020-06-12,0,0,0
2020-06-12,0,0,0
2020-06-12,0,0,0
2020-06-12,0,0,0
2020-06-12,0,0,0
2020-06-12,0,0,0
2020-06-13,0,0,0
2020-06-13,0,0,0
2020-06-13,0,0,0
2020-06-13,0,0,0
2020-06-13,0,0,0
2020-06-13,0,0,0
2020-06-13,0,0,0
2020-06-13,0,0,0
2020-06-13,0,0,0
2020-06-13,0,0,0
2020-06-13,1,0,1
2020-06-13,0,0,0
2020-06-13,0,0,0
2020-06-13,1,1,0
2020-06-13,0,0,0
2020-06-13,0,0,0
2020-06-13,1,0,1
2020-06-13,1,0,1
2020-06-13,1,1,0
2020-06-13,0,0,0
2020-06-13,0,0,0
2020-06-13,0,0,0
2020-06-13,0,0,0
2020-06-13,0,0,0
2020-06-14,0,0,0
2020-06-14,0,0,0
2020-06-14,0,0,0
2020-06-14,0,0,0
2020-06-14,0,0,0
2020-06-14,0,0,0
2020-06-14,0,0,0
2020-06-14,0,0,0
2020-06-14,0,0,0
2020-06-14,4,0,4
2020-06-14,0,0,0
2020-06-14,0,0,0
2020-06-14,0,0,0
2020-06-14,20,7,13
2020-06-14,0,0,0
2020-06-14,0,0,0
2020-06-14,0,0,0
2020-06-14,0,0,0
2020-06-14,0,0,0
2020-06-14,0,0,0
2020-06-14,0,0,0
2020-06-14,0,0,0
2020-06-14,0,0,0
2020-06-14,0,0,0
2020-06-15,0,0,0
2020-06-15,0,0,0
2020-06-15,0,0,0
2020-06-15,0,0,0
2020-06-15,0,0,0
2020-06-15,0,0,0
2020-06-15,0,0,0
2020-06-15,0,0,0
2020-06-15,0,0,0
2020-06-15,0,0,0
2020-06-15,0,0,0
2020-06-15,0,0,0
2020-06-15,0,0,0
2020-06-15,0,0,0
2020-06-15,0,0,0
2020-06-15,0,0,0
2020-06-15,0,0,0
2020-06-15,0,0,0
2020-06-15,2,1,1
2020-06-15,0,0,0
2020-06-15,0,0,0
2020-06-15,0,0,0
2020-06-15,0,0,0
2020-06-15,0,0,0
2020-06-16,0,0,0
2020-06-16,0,0,0
2020-06-16,0,0,0
2020-06-16,0,0,0
2020-06-16,0,0,0
2020-06-16,0,0,0
2020-06-16,0,0,0
2020-06-16,0,0,0
2020-06-16,0,0,0
2020-06-16,0,0,0
2020-06-16,0,0,0
2020-06-16,0,0,0
2020-06-16,0,0,0
2020-06-16,0,0,0
2020-06-16,0,0,0
2020-06-16,0,0,0
2020-06-16,0,0,0
2020-06-16,1,0,1
2020-06-16,0,0,0
2020-06-16,0,0,0
2020-06-16,0,0,0
2020-06-16,0,0,0
2020-06-16,0,0,0
2020-06-16,0,0,0
2020-06-17,0,0,0
2020-06-17,1,1,0
2020-06-17,0,0,0
2020-06-17,0,0,0
2020-06-17,0,0,0
2020-06-17,0,0,0
2020-06-17,0,0,0
2020-06-17,0,0,0
2020-06-17,0,0,0
2020-06-17,0,0,0
2020-06-17,0,0,0
2020-06-17,0,0,0
2020-06-17,0,0,0
2020-06-17,0,0,0
2020-06-17,0,0,0
2020-06-17,0,0,0
2020-06-17,0,0,0
2020-06-17,0,0,0
2020-06-17,0,0,0
2020-06-17,0,0,0
2020-06-17,0,0,0
2020-06-17,0,0,0
2020-06-17,0,0,0
2020-06-17,0,0,0
2020-06-18,0,0,0
2020-06-18,0,0,0
2020-06-18,0,0,0
2020-06-18,0,0,0
2020-06-18,0,0,0
2020-06-18,0,0,0
2020-06-18,0,0,0
2020-06-18,0,0,0
2020-06-18,0,0,0
2020-06-18,0,0,0
2020-06-18,2,0,2
2020-06-18,0,0,0
2020-06-18,0,0,0
2020-06-18,0,0,0
2020-06-18,0,0,0
2020-06-18,0,0,0
2020-06-18,0,0,0
2020-06-18,0,0,0
2020-06-18,0,0,0
2020-06-18,0,0,0
2020-06-18,0,0,0
2020-06-18,0,0,0
2020-06-18,0,0,0
2020-06-18,0,0,0
2020-06-19,0,0,0
2020-06-19,0,0,0
2020-06-19,0,0,0
2020-06-19,0,0,0
2020-06-19,0,0,0
2020-06-19,0,0,0
2020-06-19,0,0,0
2020-06-19,0,0,0
2020-06-19,0,0,0
2020-06-19,0,0,0
2020-06-19,0,0,0
2020-06-19,0,0,0
2020-06-19,0,0,0
2020-06-19,0,0,0
2020-06-19,0,0,0
2020-06-19,1,0,1
2020-06-19,0,0,0
2020-06-19,0,0,0
2020-06-19,0,0,0
2020-06-19,0,0,0
2020-06-19,0,0,0
2020-06-19,0,0,0
2020-06-19,1,1,0
2020-06-19,0,0,0
2020-06-20,0,0,0
2020-06-20,0,0,0
2020-06-20,0,0,0
2020-06-20,0,0,0
2020-06-20,0,0,0
2020-06-20,0,0,0
2020-06-20,0,0,0
2020-06-20,0,0,0
2020-06-20,0,0,0
2020-06-20,0,0,0
2020-06-20,0,0,0
2020-06-20,0,0,0
2020-06-20,0,0,0
2020-06-20,0,0,0
2020-06-20,0,0,0
2020-06-20,0,0,0
2020-06-20,1,0,1
2020-06-20,0,0,0
2020-06-20,0,0,0
2020-06-20,0,0,0
2020-06-20,0,0,0
2020-06-20,0,0,0
2020-06-20,0,0,0
2020-06-20,0,0,0
2020-06-21,0,0,0
2020-06-21,0,0,0
2020-06-21,0,0,0
2020-06-21,0,0,0
2020-06-21,0,0,0
2020-06-21,0,0,0
2020-06-21,0,0,0
2020-06-21,0,0,0
2020-06-21,0,0,0
2020-06-21,0,0,0
2020-06-21,0,0,0
2020-06-21,0,0,0
2020-06-21,0,0,0
2020-06-21,3,2,1
2020-06-21,0,0,0
2020-06-21,0,0,0
2020-06-21,0,0,0
2020-06-21,0,0,0
2020-06-21,0,0,0
2020-06-21,2,2,0
2020-06-21,0,0,0
2020-06-21,0,0,0
2020-06-21,0,0,0
2020-06-21,0,0,0
2020-06-22,0,0,0
2020-06-22,0,0,0
2020-06-22,0,0,0
2020-06-22,0,0,0
2020-06-22,0,0,0
2020-06-22,0,0,0
2020-06-22,0,0,0
2020-06-22,0,0,0
2020-06-22,0,0,0
2020-06-22,0,0,0
2020-06-22,0,0,0
2020-06-22,0,0,0
2020-06-22,1,0,1
2020-06-22,0,0,0
2020-06-22,0,0,0
2020-06-22,0,0,0
2020-06-22,0,0,0
2020-06-22,0,0,0
2020-06-22,0,0,0
2020-06-22,0,0,0
2020-06-22,0,0,0
2020-06-22,0,0,0
2020-06-22,0,0,0
2020-06-22,0,0,0
2020-06-23,0,0,0
2020-06-23,0,0,0
2020-06-23,0,0,0
2020-06-23,0,0,0
2020-06-23,0,0,0
2020-06-23,0,0,0
2020-06-23,0,0,0
2020-06-23,0,0,0
2020-06-23,0,0,0
2020-06-23,0,0,0
2020-06-23,2,2,0
2020-06-23,4,1,3
2020-06-23,1,0,1
2020-06-23,0,0,0
2020-06-23,0,0,0
2020-06-23,0,0,0
2020-06-23,0,0,0
2020-06-23,0,0,0
2020-06-23,0,0,0
2020-06-23,0,0,0
2020-06-23,0,0,0
2020-06-23,0,0,0
2020-06-23,0,0,0
2020-06-23,0,0,0
2020-06-24,0,0,0
2020-06-24,0,0,0
2020-06-24,0,0,0
2020-06-24,0,0,0
2020-06-24,0,0,0
2020-06-24,0,0,0
2020-06-24,0,0,0
2020-06-24,0,0,0
2020-06-24,0,0,0
2020-06-24,0,0,0
2020-06-24,0,0,0
2020-06-24,0,0,0
2020-06-24,0,0,0
2020-06-24,0,0,0
2020-06-24,0,0,0
2020-06-24,0,0,0
2020-06-24,0,0,0
2020-06-24,0,0,0
2020-06-24,0,0,0
2020-06-24,0,0,0
2020-06-24,0,0,0
2020-06-24,0,0,0
2020-06-24,0,0,0
2020-06-24,0,0,0
2020-06-25,0,0,0
2020-06-25,0,0,0
2020-06-25,0,0,0
2020-06-25,0,0,0
2020-06-25,0,0,0
2020-06-25,0,0,0
2020-06-25,0,0,0
2020-06-25,0,0,0
2020-06-25,0,0,0
2020-06-25,0,0,0
2020-06-25,0,0,0
2020-06-25,0,0,0
2020-06-25,0,0,0
2020-06-25,0,0,0
2020-06-25,0,0,0
2020-06-25,0,0,0
2020-06-25,0,0,0
2020-06-25,0,0,0
2020-06-25,0,0,0
2020-06-25,0,0,0
2020-06-25,0,0,0
2020-06-25,0,0,0
2020-06-25,0,0,0
2020-06-25,0,0,0
2020-06-26,0,0,0
2020-06-26,0,0,0
2020-06-26,0,0,0
2020-06-26,0,0,0
2020-06-26,0,0,0
2020-06-26,0,0,0
2020-06-26,0,0,0
2020-06-26,0,0,0
2020-06-26,0,0,0
2020-06-26,0,0,0
2020-06-26,0,0,0
2020-06-26,0,0,0
2020-06-26,0,0,0
2020-06-26,0,0,0
2020-06-26,0,0,0
2020-06-26,0,0,0
2020-06-26,0,0,0
2020-06-26,0,0,0
2020-06-26,0,0,0
2020-06-26,0,0,0
2020-06-26,0,0,0
2020-06-26,0,0,0
2020-06-26,0,0,0
2020-06-26,0,0,0
2020-06-27,0,0,0
2020-06-27,0,0,0
2020-06-27,0,0,0
2020-06-27,0,0,0
2020-06-27,0,0,0
2020-06-27,0,0,0
2020-06-27,0,0,0
2020-06-27,0,0,0
2020-06-27,0,0,0
2020-06-27,0,0,0
2020-06-27,0,0,0
2020-06-27,0,0,0
2020-06-27,0,0,0
2020-06-27,0,0,0
2020-06-27,0,0,0
2020-06-27,0,0,0
2020-06-27,0,0,0
2020-06-27,0,0,0
2020-06-27,0,0,0
2020-06-27,0,0,0
2020-06-27,0,0,0
2020-06-27,0,0,0
2020-06-27,0,0,0
2020-06-27,0,0,0
2020-06-28,0,0,0
2020-06-28,0,0,0
2020-06-28,0,0,0
2020-06-28,0,0,0
2020-06-28,0,0,0
2020-06-28,0,0,0
2020-06-28,0,0,0
2020-06-28,0,0,0
2020-06-28,0,0,0
2020-06-28,0,0,0
2020-06-28,0,0,0
2020-06-28,0,0,0
2020-06-28,0,0,0
2020-06-28,0,0,0
2020-06-28,0,0,0
2020-06-28,0,0,0
2020-06-28,0,0,0
2020-06-28,0,0,0
2020-06-28,0,0,0
2020-06-28,0,0,0
2020-06-28,0,0,0
2020-06-28,0,0,0
2020-06-28,0,0,0
2020-06-28,0,0,0
2020-06-29,0,0,0
2020-06-29,0,0,0
2020-06-29,0,0,0
2020-06-29,0,0,0
2020-06-29,0,0,0
2020-06-29,0,0,0
2020-06-29,0,0,0
2020-06-29,0,0,0
2020-06-29,0,0,0
2020-06-29,0,0,0
2020-06-29,0,0,0
2020-06-29,0,0,0
2020-06-29,0,0,0
2020-06-29,0,0,0
2020-06-29,2,0,2
2020-06-29,0,0,0
2020-06-29,0,0,0
2020-06-29,0,0,0
2020-06-29,0,0,0
2020-06-29,0,0,0
2020-06-29,2,0,2
2020-06-29,0,0,0
2020-06-29,0,0,0
2020-06-29,0,0,0
2020-06-30,0,0,0
2020-06-30,0,0,0
2020-06-30,0,0,0
2020-06-30,0,0,0
2020-06-30,0,0,0
2020-06-30,0,0,0
2020-06-30,0,0,0
2020-06-30,0,0,0
2020-06-30,0,0,0
2020-06-30,0,0,0
2020-06-30,0,0,0
2020-06-30,0,0,0
2020-06-30,0,0,0
2020-06-30,0,0,0
2020-06-30,0,0,0
2020-06-30,0,0,0
2020-06-30,0,0,0
2020-06-30,0,0,0
2020-06-30,0,0,0
2020-06-30,0,0,0
2020-06-30,0,0,0
2020-06-30,0,0,0
2020-06-30,0,0,0
2020-06-30,0,0,0
2020-12-01,0,0,0
2020-12-01,0,0,0
2020-12-01,0,0,0
2020-12-01,0,0,0
2020-12-01,0,0,0
2020-12-01,0,0,0
2020-12-01,0,0,0
2020-12-01,0,0,0
2020-12-01,0,0,0
2020-12-01,0,0,0
2020-12-01,0,0,0
2020-12-01,0,0,0
2020-12-01,0,0,0
2020-12-01,0,0,0
2020-12-01,0,0,0
2020-12-01,0,0,0
2020-12-01,0,0,0
2020-12-01,0,0,0
2020-12-01,0,0,0
2020-12-01,0,0,0
2020-12-01,0,0,0
2020-12-01,0,0,0
2020-12-01,0,0,0
2020-12-01,0,0,0
2020-12-02,0,0,0
2020-12-02,0,0,0
2020-12-02,0,0,0
2020-12-02,0,0,0
2020-12-02,0,0,0
2020-12-02,0,0,0
2020-12-02,0,0,0
2020-12-02,0,0,0
2020-12-02,0,0,0
2020-12-02,0,0,0
2020-12-02,0,0,0
2020-12-02,0,0,0
2020-12-02,0,0,0
2020-12-02,0,0,0
2020-12-02,0,0,0
2020-12-02,0,0,0
2020-12-02,0,0,0
2020-12-02,0,0,0
2020-12-02,0,0,0
2020-12-02,0,0,0
2020-12-02,0,0,0
2020-12-02,0,0,0
2020-12-02,0,0,0
2020-12-02,0,0,0
2020-12-03,0,0,0
2020-12-03,0,0,0
2020-12-03,0,0,0
2020-12-03,0,0,0
2020-12-03,0,0,0
2020-12-03,0,0,0
2020-12-03,0,0,0
2020-12-03,0,0,0
2020-12-03,0,0,0
2020-12-03,0,0,0
2020-12-03,0,0,0
2020-12-03,0,0,0
2020-12-03,0,0,0
2020-12-03,0,0,0
2020-12-03,0,0,0
2020-12-03,0,0,0
2020-12-03,0,0,0
2020-12-03,0,0,0
2020-12-03,0,0,0
2020-12-03,0,0,0
2020-12-03,0,0,0
2020-12-03,0,0,0
2020-12-03,0,0,0
2020-12-03,0,0,0
2020-12-04,0,0,0
2020-12-04,0,0,0
2020-12-04,0,0,0
2020-12-04,0,0,0
2020-12-04,0,0,0
2020-12-04,0,0,0
2020-12-04,0,0,0
2020-12-04,0,0,0
2020-12-04,0,0,0
2020-12-04,0,0,0
2020-12-04,0,0,0
2020-12-04,0,0,0
2020-12-04,0,0,0
2020-12-04,0,0,0
2020-12-04,0,0,0
2020-12-04,0,0,0
2020-12-04,0,0,0
2020-12-04,0,0,0
2020-12-04,0,0,0
2020-12-04,0,0,0
2020-12-04,0,0,0
2020-12-04,0,0,0
2020-12-04,0,0,0
2020-12-04,0,0,0
2020-12-05,0,0,0
2020-12-05,0,0,0
2020-12-05,0,0,0
2020-12-05,0,0,0
2020-12-05,0,0,0
2020-12-05,0,0,0
2020-12-05,0,0,0
2020-12-05,0,0,0
2020-12-05,0,0,0
2020-12-05,0,0,0
2020-12-05,0,0,0
2020-12-05,0,0,0
2020-12-05,0,0,0
2020-12-05,0,0,0
2020-12-05,0,0,0
2020-12-05,0,0,0
2020-12-05,0,0,0
2020-12-05,0,0,0
2020-12-05,0,0,0
2020-12-05,0,0,0
2020-12-05,0,0,0
2020-12-05,0,0,0
2020-12-05,0,0,0
2020-12-05,0,0,0
2020-12-06,0,0,0
2020-12-06,0,0,0
2020-12-06,0,0,0
2020-12-06,0,0,0
2020-12-06,0,0,0
2020-12-06,0,0,0
2020-12-06,0,0,0
2020-12-06,0,0,0
2020-12-06,0,0,0
2020-12-06,0,0,0
2020-12-06,0,0,0
2020-12-06,0,0,0
2020-12-06,0,0,0
2020-12-06,0,0,0
2020-12-06,0,0,0
2020-12-06,0,0,0
2020-12-06,0,0,0
2020-12-06,0,0,0
2020-12-06,0,0,0
2020-12-06,0,0,0
2020-12-06,0,0,0
2020-12-06,0,0,0
2020-12-06,0,0,0
2020-12-06,0,0,0
2020-12-07,0,0,0
2020-12-07,0,0,0
2020-12-07,0,0,0
2020-12-07,0,0,0
2020-12-07,0,0,0
2020-12-07,0,0,0
2020-12-07,0,0,0
2020-12-07,0,0,0
2020-12-07,0,0,0
2020-12-07,0,0,0
2020-12-07,0,0,0
2020-12-07,0,0,0
2020-12-07,0,0,0
2020-12-07,0,0,0
2020-12-07,0,0,0
2020-12-07,0,0,0
2020-12-07,0,0,0
2020-12-07,0,0,0
2020-12-07,0,0,0
2020-12-07,0,0,0
2020-12-07,0,0,0
2020-12-07,0,0,0
2020-12-07,0,0,0
2020-12-07,0,0,0
2020-12-08,0,0,0
2020-12-08,0,0,0
2020-12-08,0,0,0
2020-12-08,0,0,0
2020-12-08,0,0,0
2020-12-08,0,0,0
2020-12-08,0,0,0
2020-12-08,0,0,0
2020-12-08,0,0,0
2020-12-08,0,0,0
2020-12-08,0,0,0
2020-12-08,0,0,0
2020-12-08,0,0,0
2020-12-08,0,0,0
2020-12-08,0,0,0
2020-12-08,0,0,0
2020-12-08,0,0,0
2020-12-08,0,0,0
2020-12-08,0,0,0
2020-12-08,0,0,0
2020-12-08,0,0,0
2020-12-08,0,0,0
2020-12-08,0,0,0
2020-12-08,0,0,0
2020-12-09,0,0,0
2020-12-09,0,0,0
2020-12-09,0,0,0
2020-12-09,0,0,0
2020-12-09,0,0,0
2020-12-09,0,0,0
2020-12-09,0,0,0
2020-12-09,0,0,0
2020-12-09,0,0,0
2020-12-09,0,0,0
2020-12-09,0,0,0
2020-12-09,0,0,0
2020-12-09,0,0,0
2020-12-09,0,0,0
2020-12-09,0,0,0
2020-12-09,0,0,0
2020-12-09,0,0,0
2020-12-09,0,0,0
2020-12-09,0,0,0
2020-12-09,0,0,0
2020-12-09,0,0,0
2020-12-09,0,0,0
2020-12-09,0,0,0
2020-12-09,0,0,0
2020-12-10,0,0,0
2020-12-10,0,0,0
2020-12-10,0,0,0
2020-12-10,0,0,0
2020-12-10,0,0,0
2020-12-10,0,0,0
2020-12-10,0,0,0
2020-12-10,0,0,0
2020-12-10,0,0,0
2020-12-10,0,0,0
2020-12-10,0,0,0
2020-12-10,0,0,0
2020-12-10,0,0,0
2020-12-10,0,0,0
2020-12-10,0,0,0
2020-12-10,0,0,0
2020-12-10,0,0,0
2020-12-10,0,0,0
2020-12-10,0,0,0
2020-12-10,0,0,0
2020-12-10,0,0,0
2020-12-10,0,0,0
2020-12-10,0,0,0
2020-12-10,0,0,0
2020-12-11,0,0,0
2020-12-11,0,0,0
2020-12-11,0,0,0
2020-12-11,0,0,0
2020-12-11,0,0,0
2020-12-11,0,0,0
2020-12-11,0,0,0
2020-12-11,0,0,0
2020-12-11,0,0,0
2020-12-11,0,0,0
2020-12-11,0,0,0
2020-12-11,0,0,0
2020-12-11,0,0,0
2020-12-11,0,0,0
2020-12-11,0,0,0
2020-12-11,1,0,1
2020-12-11,0,0,0
2020-12-11,0,0,0
2020-12-11,0,0,0
2020-12-11,0,0,0
2020-12-11,0,0,0
2020-12-11,0,0,0
2020-12-11,0,0,0
2020-12-11,0,0,0
2020-12-12,0,0,0
2020-12-12,0,0,0
2020-12-12,0,0,0
2020-12-12,0,0,0
2020-12-12,0,0,0
2020-12-12,0,0,0
2020-12-12,0,0,0
2020-12-12,0,0,0
2020-12-12,0,0,0
2020-12-12,0,0,0
2020-12-12,0,0,0
2020-12-12,0,0,0
2020-12-12,0,0,0
2020-12-12,0,0,0
2020-12-12,0,0,0
2020-12-12,0,0,0
2020-12-12,0,0,0
2020-12-12,0,0,0
2020-12-12,0,0,0
2020-12-12,0,0,0
2020-12-12,0,0,0
2020-12-12,0,0,0
2020-12-12,0,0,0
2020-12-12,0,0,0
2020-12-13,0,0,0
2020-12-13,0,0,0
2020-12-13,0,0,0
2020-12-13,0,0,0
2020-12-13,0,0,0
2020-12-13,0,0,0
2020-12-13,0,0,0
2020-12-13,0,0,0
2020-12-13,0,0,0
2020-12-13,0,0,0
2020-12-13,0,0,0
2020-12-13,0,0,0
2020-12-13,0,0,0
2020-12-13,0,0,0
2020-12-13,0,0,0
2020-12-13,0,0,0
2020-12-13,0,0,0
2020-12-13,0,0,0
2020-12-13,0,0,0
2020-12-13,0,0,0
2020-12-13,0,0,0
2020-12-13,0,0,0
2020-12-13,0,0,0
2020-12-13,0,0,0
2020-12-14,0,0,0
2020-12-14,0,0,0
2020-12-14,0,0,0
2020-12-14,0,0,0
2020-12-14,0,0,0
2020-12-14,0,0,0
2020-12-14,0,0,0
2020-12-14,0,0,0
2020-12-14,0,0,0
2020-12-14,0,0,0
2020-12-14,0,0,0
2020-12-14,0,0,0
2020-12-14,0,0,0
2020-12-14,0,0,0
2020-12-14,0,0,0
2020-12-14,0,0,0
2020-12-14,0,0,0
2020-12-14,0,0,0
2020-12-14,0,0,0
2020-12-14,0,0,0
2020-12-14,0,0,0
2020-12-14,0,0,0
2020-12-14,0,0,0
2020-12-14,0,0,0
2020-12-15,0,0,0
2020-12-15,0,0,0
2020-12-15,0,0,0
2020-12-15,0,0,0
2020-12-15,0,0,0
2020-12-15,0,0,0
2020-12-15,0,0,0
2020-12-15,0,0,0
2020-12-15,0,0,0
2020-12-15,0,0,0
2020-12-15,0,0,0
2020-12-15,0,0,0
2020-12-15,0,0,0
2020-12-15,0,0,0
2020-12-15,0,0,0
2020-12-15,0,0,0
2020-12-15,0,0,0
2020-12-15,0,0,0
2020-12-15,0,0,0
2020-12-15,0,0,0
2020-12-15,0,0,0
2020-12-15,0,0,0
2020-12-15,0,0,0
2020-12-15,0,0,0
2020-12-16,0,0,0
2020-12-16,0,0,0
2020-12-16,0,0,0
2020-12-16,0,0,0
2020-12-16,0,0,0
2020-12-16,0,0,0
2020-12-16,0,0,0
2020-12-16,0,0,0
2020-12-16,0,0,0
2020-12-16,0,0,0
2020-12-16,0,0,0
2020-12-16,0,0,0
2020-12-16,0,0,0
2020-12-16,0,0,0
2020-12-16,0,0,0
2020-12-16,0,0,0
2020-12-16,0,0,0
2020-12-16,0,0,0
2020-12-16,0,0,0
2020-12-16,0,0,0
2020-12-16,0,0,0
2020-12-16,0,0,0
2020-12-16,0,0,0
2020-12-16,0,0,0
2020-12-17,0,0,0
2020-12-17,0,0,0
2020-12-17,0,0,0
2020-12-17,0,0,0
2020-12-17,0,0,0
2020-12-17,0,0,0
2020-12-17,0,0,0
2020-12-17,0,0,0
2020-12-17,0,0,0
2020-12-17,0,0,0
2020-12-17,0,0,0
2020-12-17,0,0,0
2020-12-17,0,0,0
2020-12-17,0,0,0
2020-12-17,0,0,0
2020-12-17,0,0,0
2020-12-17,0,0,0
2020-12-17,0,0,0
2020-12-17,0,0,0
2020-12-17,0,0,0
2020-12-17,0,0,0
2020-12-17,0,0,0
2020-12-17,0,0,0
2020-12-17,0,0,0
2020-12-18,0,0,0
2020-12-18,0,0,0
2020-12-18,0,0,0
2020-12-18,0,0,0
2020-12-18,0,0,0
2020-12-18,0,0,0
2020-12-18,0,0,0
2020-12-18,0,0,0
2020-12-18,0,0,0
2020-12-18,0,0,0
2020-12-18,0,0,0
2020-12-18,0,0,0
2020-12-18,0,0,0
2020-12-18,0,0,0
2020-12-18,0,0,0
2020-12-18,0,0,0
2020-12-18,3,0,3
2020-12-18,5,2,3
2020-12-18,0,0,0
2020-12-18,0,0,0
2020-12-18,0,0,0
2020-12-18,0,0,0
2020-12-18,0,0,0
2020-12-18,0,0,0
2020-12-19,0,0,0
2020-12-19,0,0,0
2020-12-19,0,0,0
2020-12-19,0,0,0
2020-12-19,0,0,0
2020-12-19,0,0,0
2020-12-19,0,0,0
2020-12-19,0,0,0
2020-12-19,0,0,0
2020-12-19,0,0,0
2020-12-19,0,0,0
2020-12-19,0,0,0
2020-12-19,0,0,0
2020-12-19,0,0,0
2020-12-19,0,0,0
2020-12-19,0,0,0
2020-12-19,0,0,0
2020-12-19,0,0,0
2020-12-19,0,0,0
2020-12-19,0,0,0
2020-12-19,0,0,0
2020-12-19,0,0,0
2020-12-19,0,0,0
2020-12-19,0,0,0
2020-12-20,0,0,0
2020-12-20,0,0,0
2020-12-20,0,0,0
2020-12-20,0,0,0
2020-12-20,0,0,0
2020-12-20,0,0,0
2020-12-20,0,0,0
2020-12-20,0,0,0
2020-12-20,0,0,0
2020-12-20,0,0,0
2020-12-20,0,0,0
2020-12-20,0,0,0
2020-12-20,0,0,0
2020-12-20,0,0,0
2020-12-20,0,0,0
2020-12-20,0,0,0
2020-12-20,0,0,0
2020-12-20,0,0,0
2020-12-20,0,0,0
2020-12-20,0,0,0
2020-12-20,0,0,0
2020-12-20,0,0,0
2020-12-20,0,0,0
2020-12-20,0,0,0
2020-12-21,0,0,0
2020-12-21,0,0,0
2020-12-21,0,0,0
2020-12-21,0,0,0
2020-12-21,0,0,0
2020-12-21,0,0,0
2020-12-21,0,0,0
2020-12-21,0,0,0
2020-12-21,0,0,0
2020-12-21,0,0,0
2020-12-21,0,0,0
2020-12-21,0,0,0
2020-12-21,0,0,0
2020-12-21,0,0,0
2020-12-21,0,0,0
2020-12-21,0,0,0
2020-12-21,0,0,0
2020-12-21,0,0,0
2020-12-21,0,0,0
2020-12-21,0,0,0
2020-12-21,0,0,0
2020-12-21,0,0,0
2020-12-21,0,0,0
2020-12-21,0,0,0
2020-12-22,0,0,0
2020-12-22,0,0,0
2020-12-22,0,0,0
2020-12-22,0,0,0
2020-12-22,0,0,0
2020-12-22,54,1,53
2020-12-22,140,8,132
2020-12-22,49,21,28
2020-12-22,0,0,0
2020-12-22,4,2,2
2020-12-22,4,1,3
2020-12-22,9,7,2
2020-12-22,9,4,5
2020-12-22,11,5,6
2020-12-22,11,5,6
2020-12-22,3,2,1
2020-12-22,8,4,4
2020-12-22,19,12,7
2020-12-22,18,11,7
2020-12-22,9,4,5
2020-12-22,6,2,4
2020-12-22,0,0,0
2020-12-22,2,1,1
2020-12-22,2,0,2
2020-12-23,1,0,1
2020-12-23,1,0,1
2020-12-23,0,0,0
2020-12-23,1,0,1
2020-12-23,2,0,2
2020-12-23,1,0,1
2020-12-23,7,5,2
2020-12-23,8,3,5
2020-12-23,5,1,4
2020-12-23,2,0,2
2020-12-23,2,0,2
2020-12-23,9,5,4
2020-12-23,12,5,7
2020-12-23,13,7,6
2020-12-23,18,7,11
2020-12-23,15,7,8
2020-12-23,7,4,3
2020-12-23,8,4,4
2020-12-23,15,10,5
2020-12-23,6,4,2
2020-12-23,7,3,4
2020-12-23,4,2,2
2020-12-23,1,0,1
2020-12-23,0,0,0
2020-12-24,1,0,1
2020-12-24,2,0,2
2020-12-24,0,0,0
2020-12-24,1,0,1
2020-12-24,0,0,0
2020-12-24,3,0,3
2020-12-24,10,3,7
2020-12-24,5,1,4
2020-12-24,7,3,4
2020-12-24,5,2,3
2020-12-24,3,1,2
2020-12-24,7,7,0
2020-12-24,6,3,3
2020-12-24,2,0,2
2020-12-24,4,3,1
2020-12-24,12,5,7
2020-12-24,9,4,5
2020-12-24,5,2,3
2020-12-24,7,4,3
2020-12-24,9,6,3
2020-12-24,3,2,1
2020-12-24,1,0,1
2020-12-24,0,0,0
2020-12-24,2,2,0
2020-12-25,0,0,0
2020-12-25,0,0,0
2020-12-25,1,1,0
2020-12-25,0,0,0
2020-12-25,1,0,1
2020-12-25,0,0,0
2020-12-25,5,2,3
2020-12-25,2,2,0
2020-12-25,1,1,0
2020-12-25,0,0,0
2020-12-25,3,3,0
2020-12-25,1,1,0
2020-12-25,3,1,2
2020-12-25,4,0,4
2020-12-25,3,1,2
2020-12-25,1,1,0
2020-12-25,2,0,2
2020-12-25,0,0,0
2020-12-25,3,1,2
2020-12-25,0,0,0
2020-12-25,1,0,1
2020-12-25,0,0,0
2020-12-25,0,0,0
2020-12-25,1,1,0
2020-12-26,1,1,0
2020-12-26,0,0,0
2020-12-26,0,0,0
2020-12-26,1,1,0
2020-12-26,0,0,0
2020-12-26,1,0,1
2020-12-26,2,2,0
2020-12-26,1,1,0
2020-12-26,1,1,0
2020-12-26,3,0,3
2020-12-26,0,0,0
2020-12-26,4,2,2
2020-12-26,6,5,1
2020-12-26,5,4,1
2020-12-26,7,3,4
2020-12-26,4,0,4
2020-12-26,9,3,6
2020-12-26,2,2,0
2020-12-26,5,3,2
2020-12-26,2,1,1
2020-12-26,1,0,1
2020-12-26,1,0,1
2020-12-26,2,1,1
2020-12-26,1,1,0
2020-12-27,0,0,0
2020-12-27,0,0,0
2020-12-27,0,0,0
2020-12-27,1,1,0
2020-12-27,1,0,1
2020-12-27,1,0,1
2020-12-27,2,2,0
2020-12-27,5,4,1
2020-12-27,2,1,1
2020-12-27,2,2,0
2020-12-27,4,1,3
2020-12-27,4,0,4
2020-12-27,8,2,6
2020-12-27,15,3,12
2020-12-27,9,5,4
2020-12-27,6,0,6
2020-12-27,8,4,4
2020-12-27,1,0,1
2020-12-27,6,3,3
2020-12-27,4,0,4
2020-12-27,3,2,1
2020-12-27,1,1,0
2020-12-27,1,0,1
2020-12-27,1,1,0
2020-12-28,0,0,0
2020-12-28,0,0,0
2020-12-28,0,0,0
2020-12-28,0,0,0
2020-12-28,1,0,1
2020-12-28,2,0,2
2020-12-28,5,4,1
2020-12-28,4,1,3
2020-12-28,6,2,4
2020-12-28,3,2,1
2020-12-28,11,6,5
2020-12-28,10,4,6
2020-12-28,8,4,4
2020-12-28,14,6,8
2020-12-28,12,6,6
2020-12-28,11,3,8
2020-12-28,20,8,12
2020-12-28,5,3,2
2020-12-28,13,4,9
2020-12-28,8,2,6
2020-12-28,3,1,2
2020-12-28,0,0,0
2020-12-28,1,0,1
2020-12-28,0,0,0
2020-12-29,1,0,1
2020-12-29,2,0,2
2020-12-29,0,0,0
2020-12-29,2,0,2
2020-12-29,2,0,2
2020-12-29,0,0,0
2020-12-29,3,0,3
2020-12-29,14,5,9
2020-12-29,11,3,8
2020-12-29,0,0,0
2020-12-29,6,4,2
2020-12-29,5,4,1
2020-12-29,9,3,6
2020-12-29,4,3,1
2020-12-29,12,8,4
2020-12-29,9,4,5
2020-12-29,14,10,4
2020-12-29,8,5,3
2020-12-29,10,3,7
2020-12-29,8,6,2
2020-12-29,0,0,0
2020-12-29,2,0,2
2020-12-29,4,2,2
2020-12-29,3,1,2
2020-12-30,0,0,0
2020-12-30,1,0,1
2020-12-30,1,0,1
2020-12-30,2,1,1
2020-12-30,2,0,2
2020-12-30,1,0,1
2020-12-30,5,2,3
2020-12-30,8,2,6
2020-12-30,6,4,2
2020-12-30,2,0,2
2020-12-30,5,3,2
2020-12-30,7,1,6
2020-12-30,10,5,5
2020-12-30,5,3,2
2020-12-30,5,3,2
2020-12-30,7,3,4
2020-12-30,3,1,2
2020-12-30,12,6,6
2020-12-30,8,3,5
2020-12-30,8,7,1
2020-12-30,6,2,4
2020-12-30,1,0,1
2020-12-30,1,0,1
2020-12-30,4,2,2
2020-12-31,1,0,1
2020-12-31,1,0,1
2020-12-31,0,0,0
2020-12-31,1,0,1
2020-12-31,1,0,1
2020-12-31,1,0,1
2020-12-31,6,2,4
2020-12-31,15,5,10
2020-12-31,2,1,1
2020-12-31,4,2,2
2020-12-31,3,1,2
2020-12-31,8,4,4
2020-12-31,6,4,2
2020-12-31,13,5,8
2020-12-31,6,5,1
2020-12-31,10,3,7
2020-12-31,15,10,5
2020-12-31,10,5,5
2020-12-31,11,4,7
2020-12-31,6,3,3
2020-12-31,1,1,0
2020-12-31,2,1,1
2020-12-31,2,2,0
2020-12-31,2,2,0
2021-01-01,1,1,0
2021-01-01,2,0,2
2021-01-01,4,2,2
2021-01-01,2,1,1
2021-01-01,0,0,0
2021-01-01,1,0,1
2021-01-01,2,2,0
2021-01-01,6,3,3
2021-01-01,0,0,0
2021-01-01,0,0,0
2021-01-01,4,2,2
2021-01-01,9,3,6
2021-01-01,3,0,3
2021-01-01,5,1,4
2021-01-01,2,1,1
2021-01-01,3,2,1
2021-01-01,4,2,2
2021-01-01,1,1,0
2021-01-01,2,0,2
2021-01-01,2,1,1
2021-01-01,2,1,1
2021-01-01,0,0,0
2021-01-01,2,2,0
2021-01-01,1,0,1
2021-01-02,0,0,0
2021-01-02,1,0,1
2021-01-02,1,0,1
2021-01-02,1,1,0
2021-01-02,2,1,1
2021-01-02,2,0,2
2021-01-02,3,1,2
2021-01-02,6,2,4
2021-01-02,5,1,4
2021-01-02,3,2,1
2021-01-02,4,3,1
2021-01-02,7,3,4
2021-01-02,1,1,0
2021-01-02,3,3,0
2021-01-02,4,2,2
2021-01-02,3,1,2
2021-01-02,1,0,1
2021-01-02,2,1,1
2021-01-02,7,3,4
2021-01-02,4,4,0
2021-01-02,1,1,0
2021-01-02,1,1,0
2021-01-02,1,1,0
2021-01-02,2,0,2
2021-01-03,0,0,0
2021-01-03,0,0,0
2021-01-03,0,0,0
2021-01-03,1,1,0
2021-01-03,1,0,1
2021-01-03,1,0,1
2021-01-03,3,1,2
2021-01-03,5,1,4
2021-01-03,3,0,3
2021-01-03,0,0,0
2021-01-03,5,3,2
2021-01-03,5,5,0
2021-01-03,12,4,8
2021-01-03,7,5,2
2021-01-03,4,1,3
2021-01-03,13,3,10
2021-01-03,9,4,5
2021-01-03,11,4,7
2021-01-03,8,3,5
2021-01-03,8,5,3
2021-01-03,0,0,0
2021-01-03,0,0,0
2021-01-03,3,1,2
2021-01-03,0,0,0
2021-01-04,0,0,0
2021-01-04,0,0,0
2021-01-04,0,0,0
2021-01-04,0,0,0
2021-01-04,2,0,2
2021-01-04,1,0,1
2021-01-04,5,2,3
2021-01-04,10,6,4
2021-01-04,6,1,5
2021-01-04,7,4,3
2021-01-04,5,1,4
2021-01-04,3,1,2
2021-01-04,7,4,3
2021-01-04,3,1,2
2021-01-04,5,1,4
2021-01-04,9,4,5
2021-01-04,15,10,5
2021-01-04,14,8,6
2021-01-04,10,3,7
2021-01-04,12,8,4
2021-01-04,2,0,2
2021-01-04,3,0,3
2021-01-04,2,0,2
2021-01-04,0,0,0
2021-01-05,0,0,0
2021-01-05,3,2,1
2021-01-05,0,0,0
2021-01-05,2,1,1
2021-01-05,1,0,1
2021-01-05,3,2,1
2021-01-05,6,2,4
2021-01-05,13,3,10
2021-01-05,10,3,7
2021-01-05,7,1,6
2021-01-05,15,9,6
2021-01-05,5,3,2
2021-01-05,15,6,9
2021-01-05,2,2,0
2021-01-05,4,2,2
2021-01-05,6,2,4
2021-01-05,9,5,4
2021-01-05,13,6,7
2021-01-05,14,11,3
2021-01-05,9,4,5
2021-01-05,2,1,1
2021-01-05,5,2,3
2021-01-05,0,0,0
2021-01-05,2,0,2
2021-01-06,0,0,0
2021-01-06,1,0,1
2021-01-06,0,0,0
2021-01-06,2,1,1
2021-01-06,2,0,2
2021-01-06,1,0,1
2021-01-06,4,2,2
2021-01-06,9,3,6
2021-01-06,14,6,8
2021-01-06,3,2,1
2021-01-06,4,3,1
2021-01-06,6,3,3
2021-01-06,6,3,3
2021-01-06,10,5,5
2021-01-06,12,7,5
2021-01-06,13,3,10
2021-01-06,17,11,6
2021-01-06,12,6,6
2021-01-06,12,7,5
2021-01-06,16,5,11
2021-01-06,8,2,6
2021-01-06,3,1,2
2021-01-06,3,2,1
2021-01-06,2,1,1
2021-01-07,0,0,0
2021-01-07,1,0,1
2021-01-07,0,0,0
2021-01-07,1,0,1
2021-01-07,2,0,2
2021-01-07,1,0,1
2021-01-07,9,3,6
2021-01-07,16,8,8
2021-01-07,17,6,11
2021-01-07,1,1,0
2021-01-07,3,3,0
2021-01-07,7,6,1
2021-01-07,17,8,9
2021-01-07,11,6,5
2021-01-07,12,7,5
2021-01-07,9,4,5
2021-01-07,24,11,13
2021-01-07,16,6,10
2021-01-07,21,11,10
2021-01-07,12,7,5
2021-01-07,3,2,1
2021-01-07,1,0,1
2021-01-07,2,1,1
2021-01-07,2,1,1
2021-01-08,3,0,3
2021-01-08,1,0,1
2021-01-08,1,0,1
2021-01-08,1,1,0
2021-01-08,2,0,2
2021-01-08,2,0,2
2021-01-08,8,3,5
2021-01-08,10,4,6
2021-01-08,6,1,5
2021-01-08,6,4,2
2021-01-08,7,4,3
2021-01-08,5,2,3
2021-01-08,8,5,3
2021-01-08,5,3,2
2021-01-08,9,5,4
2021-01-08,9,5,4
2021-01-08,10,4,6
2021-01-08,11,7,4
2021-01-08,9,5,4
2021-01-08,10,5,5
2021-01-08,6,3,3
2021-01-08,2,0,2
2021-01-08,3,2,1
2021-01-08,3,1,2
2021-01-09,1,0,1
2021-01-09,1,0,1
2021-01-09,0,0,0
2021-01-09,0,0,0
2021-01-09,1,0,1
2021-01-09,3,0,3
2021-01-09,4,1,3
2021-01-09,3,0,3
2021-01-09,5,3,2
2021-01-09,2,1,1
2021-01-09,3,2,1
2021-01-09,10,1,9
2021-01-09,11,6,5
2021-01-09,14,7,7
2021-01-09,17,8,9
2021-01-09,12,6,6
2021-01-09,10,6,4
2021-01-09,3,0,3
2021-01-09,16,10,6
2021-01-09,4,3,1
2021-01-09,4,2,2
2021-01-09,1,0,1
2021-01-09,3,1,2
2021-01-09,3,2,1
2021-01-10,3,2,1
2021-01-10,2,1,1
2021-01-10,0,0,0
2021-01-10,0,0,0
2021-01-10,1,0,1
2021-01-10,1,0,1
2021-01-10,2,1,1
2021-01-10,2,0,2
2021-01-10,2,0,2
2021-01-10,4,2,2
2021-01-10,8,3,5
2021-01-10,5,4,1
2021-01-10,11,5,6
2021-01-10,3,1,2
2021-01-10,9,4,5
2021-01-10,14,10,4
2021-01-10,11,6,5
2021-01-10,5,2,3
2021-01-10,11,5,6
2021-01-10,9,1,8
2021-01-10,3,2,1
2021-01-10,2,0,2
2021-01-10,4,2,2
2021-01-10,2,1,1
2021-01-11,0,0,0
2021-01-11,0,0,0
2021-01-11,0,0,0
2021-01-11,0,0,0
2021-01-11,3,0,3
2021-01-11,3,1,2
2021-01-11,8,2,6
2021-01-11,17,5,12
2021-01-11,9,4,5
2021-01-11,1,1,0
2021-01-11,2,1,1
2021-01-11,1,0,1
2021-01-11,6,5,1
2021-01-11,9,5,4
2021-01-11,2,1,1
2021-01-11,7,5,2
2021-01-11,8,2,6
2021-01-11,11,7,4
2021-01-11,11,8,3
2021-01-11,5,0,5
2021-01-11,2,2,0
2021-01-11,4,2,2
2021-01-11,1,0,1
2021-01-11,1,1,0
2021-01-12,1,0,1
2021-01-12,0,0,0
2021-01-12,0,0,0
2021-01-12,0,0,0
2021-01-12,2,0,2
2021-01-12,1,1,0
2021-01-12,4,2,2
2021-01-12,5,0,5
2021-01-12,10,5,5
2021-01-12,5,2,3
2021-01-12,1,0,1
2021-01-12,3,1,2
2021-01-12,11,7,4
2021-01-12,4,0,4
2021-01-12,7,3,4
2021-01-12,5,4,1
2021-01-12,8,5,3
2021-01-12,9,4,5
2021-01-12,8,4,4
2021-01-12,3,2,1
2021-01-12,4,2,2
2021-01-12,2,0,2
2021-01-12,0,0,0
2021-01-12,2,1,1
2021-01-13,0,0,0
2021-01-13,0,0,0
2021-01-13,0,0,0
2021-01-13,2,1,1
2021-01-13,0,0,0
2021-01-13,1,0,1
2021-01-13,8,2,6
2021-01-13,9,3,6
2021-01-13,10,5,5
2021-01-13,4,1,3
2021-01-13,7,3,4
2021-01-13,7,1,6
2021-01-13,20,11,9
2021-01-13,17,9,8
2021-01-13,11,7,4
2021-01-13,7,5,2
2021-01-13,23,14,9
2021-01-13,14,4,10
2021-01-13,18,9,9
2021-01-13,8,3,5
2021-01-13,1,1,0
2021-01-13,2,1,1
2021-01-13,3,0,3
2021-01-13,4,3,1
2021-01-14,2,1,1
2021-01-14,0,0,0
2021-01-14,1,0,1
2021-01-14,1,0,1
2021-01-14,2,0,2
2021-01-14,4,1,3
2021-01-14,5,2,3
2021-01-14,15,10,5
2021-01-14,16,6,10
2021-01-14,6,3,3
2021-01-14,4,1,3
2021-01-14,6,3,3
2021-01-14,13,7,6
2021-01-14,16,9,7
2021-01-14,11,4,7
2021-01-14,8,3,5
2021-01-14,15,6,9
2021-01-14,9,2,7
2021-01-14,20,12,8
2021-01-14,11,6,5
2021-01-14,7,3,4
2021-01-14,1,0,1
2021-01-14,3,2,1
2021-01-14,4,1,3
2021-01-15,2,2,0
2021-01-15,0,0,0
2021-01-15,0,0,0
2021-01-15,1,1,0
2021-01-15,2,0,2
2021-01-15,4,0,4
2021-01-15,9,4,5
2021-01-15,11,5,6
2021-01-15,8,1,7
2021-01-15,8,4,4
2021-01-15,5,1,4
2021-01-15,10,6,4
2021-01-15,8,4,4
2021-01-15,11,7,4
2021-01-15,22,14,8
2021-01-15,10,6,4
2021-01-15,13,4,9
2021-01-15,16,7,9
2021-01-15,17,6,11
2021-01-15,9,3,6
2021-01-15,6,4,2
2021-01-15,6,3,3
2021-01-15,3,3,0
2021-01-15,2,1,1
2021-01-16,1,0,1
2021-01-16,2,0,2
2021-01-16,0,0,0
2021-01-16,1,1,0
2021-01-16,1,0,1
2021-01-16,2,0,2
2021-01-16,3,1,2
2021-01-16,3,2,1
2021-01-16,3,1,2
2021-01-16,5,2,3
2021-01-16,2,1,1
2021-01-16,10,6,4
2021-01-16,13,6,7
2021-01-16,12,5,7
2021-01-16,14,9,5
2021-01-16,13,4,9
2021-01-16,8,2,6
2021-01-16,6,4,2
2021-01-16,8,4,4
2021-01-16,9,4,5
2021-01-16,1,1,0
2021-01-16,3,2,1
2021-01-16,4,2,2
2021-01-16,3,1,2
2021-01-17,1,0,1
2021-01-17,1,1,0
2021-01-17,1,1,0
2021-01-17,1,1,0
2021-01-17,0,0,0
2021-01-17,3,0,3
2021-01-17,4,2,2
2021-01-17,1,0,1
2021-01-17,3,1,2
2021-01-17,5,2,3
2021-01-17,10,3,7
2021-01-17,6,4,2
2021-01-17,12,7,5
2021-01-17,8,4,4
2021-01-17,8,3,5
2021-01-17,13,4,9
2021-01-17,7,0,7
2021-01-17,7,2,5
2021-01-17,9,5,4
2021-01-17,8,2,6
2021-01-17,4,2,2
2021-01-17,3,1,2
2021-01-17,1,1,0
2021-01-17,1,1,0
2021-01-18,2,2,0
2021-01-18,0,0,0
2021-01-18,0,0,0
2021-01-18,1,1,0
2021-01-18,1,0,1
2021-01-18,2,1,1
2021-01-18,8,3,5
2021-01-18,5,2,3
2021-01-18,5,1,4
2021-01-18,10,5,5
2021-01-18,7,5,2
2021-01-18,6,1,5
2021-01-18,12,7,5
2021-01-18,4,1,3
2021-01-18,12,4,8
2021-01-18,14,8,6
2021-01-18,15,7,8
2021-01-18,9,3,6
2021-01-18,8,3,5
2021-01-18,10,6,4
2021-01-18,3,0,3
2021-01-18,1,1,0
2021-01-18,2,1,1
2021-01-18,0,0,0
2021-01-19,0,0,0
2021-01-19,1,0,1
2021-01-19,0,0,0
2021-01-19,0,0,0
2021-01-19,2,0,2
2021-01-19,5,0,5
2021-01-19,13,4,9
2021-01-19,18,8,10
2021-01-19,13,7,6
2021-01-19,7,3,4
2021-01-19,4,2,2
2021-01-19,8,4,4
2021-01-19,10,5,5
2021-01-19,7,5,2
2021-01-19,12,6,6
2021-01-19,14,7,7
2021-01-19,20,10,10
2021-01-19,16,8,8
2021-01-19,21,14,7
2021-01-19,12,8,4
2021-01-19,4,2,2
2021-01-19,3,0,3
2021-01-19,0,0,0
2021-01-19,2,0,2
2021-01-20,0,0,0
2021-01-20,1,0,1
2021-01-20,1,0,1
2021-01-20,2,1,1
2021-01-20,3,2,1
2021-01-20,1,0,1
2021-01-20,7,1,6
2021-01-20,23,9,14
2021-01-20,17,5,12
2021-01-20,7,0,7
2021-01-20,7,4,3
2021-01-20,11,6,5
2021-01-20,7,4,3
2021-01-20,13,7,6
2021-01-20,7,4,3
2021-01-20,10,6,4
2021-01-20,25,12,13
2021-01-20,24,11,13
2021-01-20,18,8,10
2021-01-20,12,6,6
2021-01-20,4,3,1
2021-01-20,3,0,3
2021-01-20,2,2,0
2021-01-20,3,2,1
2021-01-21,2,1,1
2021-01-21,2,0,2
2021-01-21,0,0,0
2021-01-21,0,0,0
2021-01-21,2,0,2
2021-01-21,4,0,4
2021-01-21,7,3,4
2021-01-21,13,5,8
2021-01-21,13,4,9
2021-01-21,4,3,1
2021-01-21,7,6,1
2021-01-21,4,2,2
2021-01-21,6,3,3
2021-01-21,7,2,5
2021-01-21,16,8,8
2021-01-21,8,6,2
2021-01-21,9,6,3
2021-01-21,8,2,6
2021-01-21,12,7,5
2021-01-21,9,5,4
2021-01-21,4,0,4
2021-01-21,5,2,3
2021-01-21,0,0,0
2021-01-21,1,1,0
2021-01-22,2,0,2
2021-01-22,2,0,2
2021-01-22,0,0,0
2021-01-22,1,1,0
2021-01-22,2,0,2
2021-01-22,5,0,5
2021-01-22,7,2,5
2021-01-22,14,7,7
2021-01-22,8,3,5
2021-01-22,7,5,2
2021-01-22,5,3,2
2021-01-22,7,4,3
2021-01-22,11,8,3
2021-01-22,9,4,5
2021-01-22,10,5,5
2021-01-22,13,5,8
2021-01-22,15,5,10
2021-01-22,23,7,16
2021-01-22,10,4,6
2021-01-22,11,6,5
2021-01-22,6,4,2
2021-01-22,8,4,4
2021-01-22,4,0,4
2021-01-22,2,0,2
2021-01-23,2,1,1
2021-01-23,2,1,1
2021-01-23,0,0,0
2021-01-23,1,1,0
2021-01-23,0,0,0
2021-01-23,2,0,2
2021-01-23,5,2,3
2021-01-23,4,4,0
2021-01-23,7,3,4
2021-01-23,2,0,2
2021-01-23,5,3,2
2021-01-23,12,6,6
2021-01-23,12,8,4
2021-01-23,7,3,4
2021-01-23,13,6,7
2021-01-23,24,11,13
2021-01-23,12,9,3
2021-01-23,7,4,3
2021-01-23,12,6,6
2021-01-23,6,5,1
2021-01-23,7,4,3
2021-01-23,4,2,2
2021-01-23,2,1,1
2021-01-23,5,3,2
2021-01-24,1,1,0
2021-01-24,0,0,0
2021-01-24,1,1,0
2021-01-24,2,1,1
2021-01-24,0,0,0
2021-01-24,2,0,2
2021-01-24,4,1,3
2021-01-24,3,1,2
2021-01-24,2,1,1
2021-01-24,2,1,1
2021-01-24,0,0,0
2021-01-24,7,6,1
2021-01-24,11,2,9
2021-01-24,6,2,4
2021-01-24,7,2,5
2021-01-24,2,2,0
2021-01-24,3,1,2
2021-01-24,5,1,4
2021-01-24,5,2,3
2021-01-24,3,1,2
2021-01-24,1,0,1
2021-01-24,3,1,2
2021-01-24,2,1,1
2021-01-24,2,1,1
2021-01-25,0,0,0
2021-01-25,0,0,0
2021-01-25,1,1,0
2021-01-25,0,0,0
2021-01-25,2,0,2
2021-01-25,4,0,4
2021-01-25,10,4,6
2021-01-25,14,7,7
2021-01-25,15,8,7
2021-01-25,3,2,1
2021-01-25,8,2,6
2021-01-25,6,2,4
2021-01-25,8,5,3
2021-01-25,13,7,6
2021-01-25,4,4,0
2021-01-25,18,9,9
2021-01-25,15,10,5
2021-01-25,18,7,11
2021-01-25,14,7,7
2021-01-25,9,7,2
2021-01-25,5,2,3
2021-01-25,4,1,3
2021-01-25,3,3,0
2021-01-25,1,0,1
2021-01-26,0,0,0
2021-01-26,3,1,2
2021-01-26,0,0,0
2021-01-26,0,0,0
2021-01-26,1,0,1
2021-01-26,5,0,5
2021-01-26,9,2,7
2021-01-26,15,7,8
2021-01-26,21,8,13
2021-01-26,5,1,4
2021-01-26,1,0,1
2021-01-26,8,2,6
2021-01-26,9,6,3
2021-01-26,15,9,6
2021-01-26,7,4,3
2021-01-26,11,6,5
2021-01-26,18,10,8
2021-01-26,12,6,6
2021-01-26,12,7,5
2021-01-26,12,9,3
2021-01-26,6,2,4
2021-01-26,4,1,3
2021-01-26,3,3,0
2021-01-26,4,1,3
2021-01-27,0,0,0
2021-01-27,2,0,2
2021-01-27,0,0,0
2021-01-27,1,1,0
2021-01-27,0,0,0
2021-01-27,5,1,4
2021-01-27,7,3,4
2021-01-27,11,3,8
2021-01-27,6,4,2
2021-01-27,7,2,5
2021-01-27,7,4,3
2021-01-27,11,4,7
2021-01-27,4,1,3
2021-01-27,4,1,3
2021-01-27,5,2,3
2021-01-27,8,5,3
2021-01-27,18,12,6
2021-01-27,24,13,11
2021-01-27,10,6,4
2021-01-27,10,3,7
2021-01-27,3,2,1
2021-01-27,1,1,0
2021-01-27,2,0,2
2021-01-27,7,3,4
2021-01-28,0,0,0
2021-01-28,2,0,2
2021-01-28,0,0,0
2021-01-28,2,1,1
2021-01-28,1,0,1
2021-01-28,3,1,2
2021-01-28,7,1,6
2021-01-28,7,4,3
2021-01-28,11,8,3
2021-01-28,1,1,0
2021-01-28,3,2,1
2021-01-28,9,5,4
2021-01-28,13,5,8
2021-01-28,7,4,3
2021-01-28,10,7,3
2021-01-28,4,3,1
2021-01-28,17,6,11
2021-01-28,14,10,4
2021-01-28,12,7,5
2021-01-28,7,4,3
2021-01-28,4,2,2
2021-01-28,4,2,2
2021-01-28,3,1,2
2021-01-28,2,0,2
2021-01-29,2,0,2
2021-01-29,2,1,1
2021-01-29,0,0,0
2021-01-29,2,2,0
2021-01-29,2,0,2
2021-01-29,3,0,3
2021-01-29,4,1,3
2021-01-29,17,5,12
2021-01-29,14,8,6
2021-01-29,11,6,5
2021-01-29,1,0,1
2021-01-29,4,1,3
2021-01-29,3,2,1
2021-01-29,8,6,2
2021-01-29,15,8,7
2021-01-29,16,8,8
2021-01-29,22,10,12
2021-01-29,15,7,8
2021-01-29,16,6,10
2021-01-29,10,5,5
2021-01-29,5,3,2
2021-01-29,1,1,0
2021-01-29,2,2,0
2021-01-29,4,1,3
2021-01-30,0,0,0
2021-01-30,1,0,1
2021-01-30,0,0,0
2021-01-30,1,1,0
2021-01-30,0,0,0
2021-01-30,1,0,1
2021-01-30,2,1,1
2021-01-30,2,1,1
2021-01-30,3,0,3
2021-01-30,1,1,0
2021-01-30,4,1,3
2021-01-30,10,5,5
2021-01-30,6,3,3
2021-01-30,7,3,4
2021-01-30,11,5,6
2021-01-30,7,5,2
2021-01-30,7,5,2
2021-01-30,7,1,6
2021-01-30,6,3,3
2021-01-30,5,3,2
2021-01-30,0,0,0
2021-01-30,0,0,0
2021-01-30,1,1,0
2021-01-30,5,3,2
2021-01-31,0,0,0
2021-01-31,1,1,0
2021-01-31,0,0,0
2021-01-31,2,1,1
2021-01-31,0,0,0
2021-01-31,2,0,2
2021-01-31,3,1,2
2021-01-31,1,0,1
2021-01-31,6,3,3
2021-01-31,5,1,4
2021-01-31,6,3,3
2021-01-31,10,4,6
2021-01-31,8,6,2
2021-01-31,9,2,7
2021-01-31,3,2,1
2021-01-31,7,2,5
2021-01-31,7,4,3
2021-01-31,6,3,3
2021-01-31,7,3,4
2021-01-31,4,2,2
2021-01-31,6,4,2
2021-01-31,2,1,1
2021-01-31,3,2,1
2021-01-31,2,1,1
2021-02-01,0,0,0
2021-02-01,0,0,0
2021-02-01,0,0,0
2021-02-01,0,0,0
2021-02-01,2,0,2
2021-02-01,0,0,0
2021-02-01,6,2,4
2021-02-01,11,2,9
2021-02-01,7,4,3
2021-02-01,3,2,1
2021-02-01,3,1,2
2021-02-01,4,3,1
2021-02-01,4,4,0
2021-02-01,5,3,2
2021-02-01,2,2,0
2021-02-01,6,4,2
2021-02-01,7,4,3
2021-02-01,16,11,5
2021-02-01,10,5,5
2021-02-01,7,5,2
2021-02-01,2,1,1
2021-02-01,1,0,1
2021-02-01,3,2,1
2021-02-01,0,0,0
2021-02-02,0,0,0
2021-02-02,2,1,1
2021-02-02,0,0,0
2021-02-02,0,0,0
2021-02-02,1,0,1
2021-02-02,2,0,2
2021-02-02,10,3,7
2021-02-02,8,2,6
2021-02-02,12,6,6
2021-02-02,5,1,4
2021-02-02,4,1,3
2021-02-02,8,5,3
2021-02-02,7,6,1
2021-02-02,3,1,2
2021-02-02,9,5,4
2021-02-02,6,1,5
2021-02-02,7,1,6
2021-02-02,11,5,6
2021-02-02,12,7,5
2021-02-02,11,8,3
2021-02-02,1,1,0
2021-02-02,4,2,2
2021-02-02,7,3,4
2021-02-02,1,0,1
2021-02-03,1,1,0
2021-02-03,1,0,1
2021-02-03,0,0,0
2021-02-03,1,1,0
2021-02-03,1,0,1
2021-02-03,1,0,1
2021-02-03,8,2,6
2021-02-03,14,5,9
2021-02-03,12,4,8
2021-02-03,10,6,4
2021-02-03,7,2,5
2021-02-03,12,3,9
2021-02-03,22,14,8
2021-02-03,9,4,5
2021-02-03,9,5,4
2021-02-03,15,6,9
2021-02-03,24,13,11
2021-02-03,10,4,6
2021-02-03,18,6,12
2021-02-03,18,8,10
2021-02-03,4,1,3
2021-02-03,2,1,1
2021-02-03,4,2,2
2021-02-03,6,3,3
2021-02-04,1,0,1
2021-02-04,1,0,1
2021-02-04,0,0,0
2021-02-04,0,0,0
2021-02-04,1,0,1
2021-02-04,3,0,3
2021-02-04,6,2,4
2021-02-04,14,7,7
2021-02-04,12,5,7
2021-02-04,4,2,2
2021-02-04,2,0,2
2021-02-04,8,4,4
2021-02-04,8,3,5
2021-02-04,15,6,9
2021-02-04,4,4,0
2021-02-04,7,3,4
2021-02-04,7,2,5
2021-02-04,16,8,8
2021-02-04,15,8,7
2021-02-04,12,9,3
2021-02-04,4,1,3
2021-02-04,2,1,1
2021-02-04,2,0,2
2021-02-04,2,1,1
2021-02-05,6,2,4
2021-02-05,0,0,0
2021-02-05,1,0,1
2021-02-05,1,1,0
2021-02-05,1,1,0
2021-02-05,4,0,4
2021-02-05,4,0,4
2021-02-05,9,5,4
2021-02-05,13,6,7
2021-02-05,5,3,2
2021-02-05,5,1,4
2021-02-05,15,7,8
2021-02-05,13,7,6
2021-02-05,10,5,5
2021-02-05,11,5,6
2021-02-05,10,6,4
2021-02-05,10,5,5
2021-02-05,20,13,7
2021-02-05,11,5,6
2021-02-05,14,7,7
2021-02-05,3,1,2
2021-02-05,3,1,2
2021-02-05,5,3,2
2021-02-05,3,0,3
2021-02-06,0,0,0
2021-02-06,0,0,0
2021-02-06,0,0,0
2021-02-06,1,1,0
2021-02-06,0,0,0
2021-02-06,1,0,1
2021-02-06,2,0,2
2021-02-06,2,1,1
2021-02-06,3,2,1
2021-02-06,6,3,3
2021-02-06,4,2,2
2021-02-06,7,3,4
2021-02-06,6,3,3
2021-02-06,11,3,8
2021-02-06,7,5,2
2021-02-06,5,3,2
2021-02-06,6,3,3
2021-02-06,13,5,8
2021-02-06,8,4,4
2021-02-06,5,2,3
2021-02-06,5,2,3
2021-02-06,4,2,2
2021-02-06,2,1,1
2021-02-06,5,1,4
2021-02-07,1,0,1
2021-02-07,0,0,0
2021-02-07,1,1,0
2021-02-07,2,2,0
2021-02-07,0,0,0
2021-02-07,2,1,1
2021-02-07,3,1,2
2021-02-07,3,2,1
2021-02-07,4,2,2
2021-02-07,4,2,2
2021-02-07,8,3,5
2021-02-07,7,2,5
2021-02-07,12,7,5
2021-02-07,6,4,2
2021-02-07,4,2,2
2021-02-07,17,12,5
2021-02-07,5,3,2
2021-02-07,5,3,2
2021-02-07,11,3,8
2021-02-07,4,1,3
2021-02-07,5,1,4
2021-02-07,2,1,1
2021-02-07,5,2,3
2021-02-07,2,1,1
2021-02-08,0,0,0
2021-02-08,0,0,0
2021-02-08,1,0,1
2021-02-08,3,2,1
2021-02-08,2,0,2
2021-02-08,4,2,2
2021-02-08,9,3,6
2021-02-08,17,5,12
2021-02-08,8,2,6
2021-02-08,8,4,4
2021-02-08,5,2,3
2021-02-08,9,3,6
2021-02-08,3,3,0
2021-02-08,11,8,3
2021-02-08,9,3,6
2021-02-08,12,10,2
2021-02-08,22,13,9
2021-02-08,19,10,9
2021-02-08,21,10,11
2021-02-08,13,9,4
2021-02-08,3,1,2
2021-02-08,2,0,2
2021-02-08,3,3,0
2021-02-08,0,0,0
2021-02-09,1,0,1
2021-02-09,1,0,1
2021-02-09,0,0,0
2021-02-09,2,1,1
2021-02-09,0,0,0
2021-02-09,2,1,1
2021-02-09,11,3,8
2021-02-09,15,7,8
2021-02-09,10,4,6
2021-02-09,6,2,4
2021-02-09,8,3,5
2021-02-09,13,3,10
2021-02-09,11,3,8
2021-02-09,14,8,6
2021-02-09,18,10,8
2021-02-09,8,2,6
2021-02-09,18,4,14
2021-02-09,23,15,8
2021-02-09,10,5,5
2021-02-09,10,8,2
2021-02-09,6,2,4
2021-02-09,5,2,3
2021-02-09,4,2,2
2021-02-09,3,0,3
2021-02-10,0,0,0
2021-02-10,2,0,2
2021-02-10,0,0,0
2021-02-10,2,1,1
2021-02-10,0,0,0
2021-02-10,0,0,0
2021-02-10,6,3,3
2021-02-10,11,4,7
2021-02-10,9,4,5
2021-02-10,5,1,4
2021-02-10,5,3,2
2021-02-10,8,6,2
2021-02-10,10,5,5
2021-02-10,11,4,7
2021-02-10,12,7,5
2021-02-10,6,4,2
2021-02-10,14,6,8
2021-02-10,15,6,9
2021-02-10,11,6,5
2021-02-10,8,4,4
2021-02-10,8,3,5
2021-02-10,2,0,2
2021-02-10,1,1,0
2021-02-10,1,0,1
2021-02-11,1,0,1
2021-02-11,1,0,1
2021-02-11,0,0,0
2021-02-11,1,0,1
2021-02-11,0,0,0
2021-02-11,2,0,2
2021-02-11,8,5,3
2021-02-11,18,8,10
2021-02-11,7,3,4
2021-02-11,3,2,1
2021-02-11,4,3,1
2021-02-11,8,3,5
2021-02-11,19,12,7
2021-02-11,6,4,2
2021-02-11,4,2,2
2021-02-11,5,1,4
2021-02-11,13,8,5
2021-02-11,13,10,3
2021-02-11,5,3,2
2021-02-11,1,0,1
2021-02-11,5,3,2
2021-02-11,1,0,1
2021-02-11,2,2,0
2021-02-11,2,1,1
2021-02-12,1,1,0
2021-02-12,1,0,1
2021-02-12,1,0,1
2021-02-12,2,1,1
2021-02-12,0,0,0
2021-02-12,2,1,1
2021-02-12,4,3,1
2021-02-12,2,0,2
2021-02-12,3,1,2
2021-02-12,2,1,1
2021-02-12,3,1,2
2021-02-12,7,4,3
2021-02-12,3,2,1
2021-02-12,6,6,0
2021-02-12,9,1,8
2021-02-12,8,8,0
2021-02-12,2,0,2
2021-02-12,9,5,4
2021-02-12,3,0,3
2021-02-12,4,2,2
2021-02-12,2,2,0
2021-02-12,0,0,0
2021-02-12,2,1,1
2021-02-12,3,1,2
2021-02-13,0,0,0
2021-02-13,0,0,0
2021-02-13,0,0,0
2021-02-13,0,0,0
2021-02-13,0,0,0
2021-02-13,0,0,0
2021-02-13,0,0,0
2021-02-13,0,0,0
2021-02-13,0,0,0
2021-02-13,2,0,2
2021-02-13,3,2,1
2021-02-13,0,0,0
2021-02-13,0,0,0
2021-02-13,0,0,0
2021-02-13,3,1,2
2021-02-13,0,0,0
2021-02-13,0,0,0
2021-02-13,0,0,0
2021-02-13,0,0,0
2021-02-13,4,2,2
2021-02-13,0,0,0
2021-02-13,0,0,0
2021-02-13,0,0,0
2021-02-13,0,0,0
2021-02-14,0,0,0
2021-02-14,0,0,0
2021-02-14,0,0,0
2021-02-14,0,0,0
2021-02-14,0,0,0
2021-02-14,0,0,0
2021-02-14,0,0,0
2021-02-14,0,0,0
2021-02-14,0,0,0
2021-02-14,3,0,3
2021-02-14,0,0,0
2021-02-14,0,0,0
2021-02-14,0,0,0
2021-02-14,0,0,0
2021-02-14,0,0,0
2021-02-14,0,0,0
2021-02-14,0,0,0
2021-02-14,0,0,0
2021-02-14,0,0,0
2021-02-14,0,0,0
2021-02-14,0,0,0
2021-02-14,0,0,0
2021-02-14,0,0,0
2021-02-14,0,0,0
2021-02-15,0,0,0
2021-02-15,0,0,0
2021-02-15,0,0,0
2021-02-15,0,0,0
2021-02-15,0,0,0
2021-02-15,0,0,0
2021-02-15,0,0,0
2021-02-15,0,0,0
2021-02-15,0,0,0
2021-02-15,0,0,0
2021-02-15,0,0,0
2021-02-15,0,0,0
2021-02-15,0,0,0
2021-02-15,0,0,0
2021-02-15,0,0,0
2021-02-15,0,0,0
2021-02-15,0,0,0
2021-02-15,0,0,0
2021-02-15,0,0,0
2021-02-15,0,0,0
2021-02-15,0,0,0
2021-02-15,0,0,0
2021-02-15,0,0,0
2021-02-15,0,0,0
2021-02-16,0,0,0
2021-02-16,0,0,0
2021-02-16,0,0,0
2021-02-16,0,0,0
2021-02-16,0,0,0
2021-02-16,0,0,0
2021-02-16,0,0,0
2021-02-16,0,0,0
2021-02-16,0,0,0
2021-02-16,0,0,0
2021-02-16,0,0,0
2021-02-16,0,0,0
2021-02-16,0,0,0
2021-02-16,0,0,0
2021-02-16,0,0,0
2021-02-16,0,0,0
2021-02-16,0,0,0
2021-02-16,0,0,0
2021-02-16,0,0,0
2021-02-16,0,0,0
2021-02-16,0,0,0
2021-02-16,0,0,0
2021-02-16,0,0,0
2021-02-16,0,0,0
2021-02-17,0,0,0
2021-02-17,0,0,0
2021-02-17,0,0,0
2021-02-17,0,0,0
2021-02-17,0,0,0
2021-02-17,0,0,0
2021-02-17,0,0,0
2021-02-17,0,0,0
2021-02-17,0,0,0
2021-02-17,0,0,0
2021-02-17,0,0,0
2021-02-17,0,0,0
2021-02-17,0,0,0
2021-02-17,0,0,0
2021-02-17,0,0,0
2021-02-17,0,0,0
2021-02-17,0,0,0
2021-02-17,0,0,0
2021-02-17,0,0,0
2021-02-17,0,0,0
2021-02-17,0,0,0
2021-02-17,0,0,0
2021-02-17,0,0,0
2021-02-17,0,0,0
2021-02-18,0,0,0
2021-02-18,0,0,0
2021-02-18,0,0,0
2021-02-18,0,0,0
2021-02-18,0,0,0
2021-02-18,0,0,0
2021-02-18,0,0,0
2021-02-18,0,0,0
2021-02-18,0,0,0
2021-02-18,0,0,0
2021-02-18,0,0,0
2021-02-18,0,0,0
2021-02-18,0,0,0
2021-02-18,0,0,0
2021-02-18,0,0,0
2021-02-18,2,2,0
2021-02-18,0,0,0
2021-02-18,0,0,0
2021-02-18,0,0,0
2021-02-18,0,0,0
2021-02-18,0,0,0
2021-02-18,0,0,0
2021-02-18,0,0,0
2021-02-18,0,0,0
2021-02-19,0,0,0
2021-02-19,0,0,0
2021-02-19,0,0,0
2021-02-19,0,0,0
2021-02-19,0,0,0
2021-02-19,0,0,0
2021-02-19,0,0,0
2021-02-19,0,0,0
2021-02-19,0,0,0
2021-02-19,2,2,0
2021-02-19,0,0,0
2021-02-19,0,0,0
2021-02-19,0,0,0
2021-02-19,0,0,0
2021-02-19,0,0,0
2021-02-19,0,0,0
2021-02-19,0,0,0
2021-02-19,0,0,0
2021-02-19,0,0,0
2021-02-19,0,0,0
2021-02-19,0,0,0
2021-02-19,0,0,0
2021-02-19,0,0,0
2021-02-19,0,0,0
2021-02-20,0,0,0
2021-02-20,0,0,0
2021-02-20,0,0,0
2021-02-20,0,0,0
2021-02-20,0,0,0
2021-02-20,0,0,0
2021-02-20,0,0,0
2021-02-20,0,0,0
2021-02-20,0,0,0
2021-02-20,0,0,0
2021-02-20,0,0,0
2021-02-20,0,0,0
2021-02-20,0,0,0
2021-02-20,0,0,0
2021-02-20,0,0,0
2021-02-20,0,0,0
2021-02-20,0,0,0
2021-02-20,0,0,0
2021-02-20,0,0,0
2021-02-20,0,0,0
2021-02-20,0,0,0
2021-02-20,0,0,0
2021-02-20,0,0,0
2021-02-20,0,0,0
2021-02-21,0,0,0
2021-02-21,0,0,0
2021-02-21,0,0,0
2021-02-21,0,0,0
2021-02-21,0,0,0
2021-02-21,0,0,0
2021-02-21,0,0,0
2021-02-21,0,0,0
2021-02-21,0,0,0
2021-02-21,0,0,0
2021-02-21,0,0,0
2021-02-21,0,0,0
2021-02-21,0,0,0
2021-02-21,0,0,0
2021-02-21,0,0,0
2021-02-21,0,0,0
2021-02-21,0,0,0
2021-02-21,0,0,0
2021-02-21,0,0,0
2021-02-21,0,0,0
2021-02-21,0,0,0
2021-02-21,0,0,0
2021-02-21,0,0,0
2021-02-21,0,0,0
2021-02-22,0,0,0
2021-02-22,0,0,0
2021-02-22,0,0,0
2021-02-22,0,0,0
2021-02-22,0,0,0
2021-02-22,0,0,0
2021-02-22,0,0,0
2021-02-22,0,0,0
2021-02-22,0,0,0
2021-02-22,0,0,0
2021-02-22,0,0,0
2021-02-22,0,0,0
2021-02-22,0,0,0
2021-02-22,0,0,0
2021-02-22,0,0,0
2021-02-22,0,0,0
2021-02-22,0,0,0
2021-02-22,0,0,0
2021-02-22,0,0,0
2021-02-22,0,0,0
2021-02-22,0,0,0
2021-02-22,0,0,0
2021-02-22,0,0,0
2021-02-22,0,0,0
2021-02-23,0,0,0
2021-02-23,0,0,0
2021-02-23,0,0,0
2021-02-23,0,0,0
2021-02-23,0,0,0
2021-02-23,0,0,0
2021-02-23,0,0,0
2021-02-23,0,0,0
2021-02-23,0,0,0
2021-02-23,0,0,0
2021-02-23,0,0,0
2021-02-23,0,0,0
2021-02-23,0,0,0
2021-02-23,0,0,0
2021-02-23,0,0,0
2021-02-23,0,0,0
2021-02-23,0,0,0
2021-02-23,0,0,0
2021-02-23,0,0,0
2021-02-23,0,0,0
2021-02-23,0,0,0
2021-02-23,0,0,0
2021-02-23,0,0,0
2021-02-23,0,0,0
2021-02-24,0,0,0
2021-02-24,0,0,0
2021-02-24,0,0,0
2021-02-24,0,0,0
2021-02-24,0,0,0
2021-02-24,0,0,0
2021-02-24,0,0,0
2021-02-24,0,0,0
2021-02-24,0,0,0
2021-02-24,0,0,0
2021-02-24,0,0,0
2021-02-24,0,0,0
2021-02-24,0,0,0
2021-02-24,0,0,0
2021-02-24,0,0,0
2021-02-24,0,0,0
2021-02-24,0,0,0
2021-02-24,0,0,0
2021-02-24,0,0,0
2021-02-24,0,0,0
2021-02-24,0,0,0
2021-02-24,0,0,0
2021-02-24,0,0,0
2021-02-24,0,0,0
2021-02-25,0,0,0
2021-02-25,0,0,0
2021-02-25,0,0,0
2021-02-25,0,0,0
2021-02-25,0,0,0
2021-02-25,0,0,0
2021-02-25,0,0,0
2021-02-25,0,0,0
2021-02-25,0,0,0
2021-02-25,0,0,0
2021-02-25,0,0,0
2021-02-25,0,0,0
2021-02-25,0,0,0
2021-02-25,0,0,0
2021-02-25,0,0,0
2021-02-25,0,0,0
2021-02-25,0,0,0
2021-02-25,0,0,0
2021-02-25,0,0,0
2021-02-25,0,0,0
2021-02-25,0,0,0
2021-02-25,0,0,0
2021-02-25,0,0,0
2021-02-25,0,0,0
2021-02-26,0,0,0
2021-02-26,0,0,0
2021-02-26,0,0,0
2021-02-26,0,0,0
2021-02-26,0,0,0
2021-02-26,0,0,0
2021-02-26,0,0,0
2021-02-26,1,1,0
2021-02-26,0,0,0
2021-02-26,0,0,0
2021-02-26,0,0,0
2021-02-26,0,0,0
2021-02-26,0,0,0
2021-02-26,0,0,0
2021-02-26,0,0,0
2021-02-26,0,0,0
2021-02-26,0,0,0
2021-02-26,0,0,0
2021-02-26,0,0,0
2021-02-26,0,0,0
2021-02-26,0,0,0
2021-02-26,0,0,0
2021-02-26,0,0,0
2021-02-26,0,0,0
2021-02-27,0,0,0
2021-02-27,0,0,0
2021-02-27,0,0,0
2021-02-27,0,0,0
2021-02-27,0,0,0
2021-02-27,0,0,0
2021-02-27,0,0,0
2021-02-27,0,0,0
2021-02-27,0,0,0
2021-02-27,0,0,0
2021-02-27,0,0,0
2021-02-27,0,0,0
2021-02-27,0,0,0
2021-02-27,0,0,0
2021-02-27,0,0,0
2021-02-27,0,0,0
2021-02-27,0,0,0
2021-02-27,0,0,0
2021-02-27,0,0,0
2021-02-27,0,0,0
2021-02-27,0,0,0
2021-02-27,0,0,0
2021-02-27,0,0,0
2021-02-27,0,0,0
2021-02-28,0,0,0
2021-02-28,0,0,0
2021-02-28,0,0,0
2021-02-28,0,0,0
2021-02-28,0,0,0
2021-02-28,0,0,0
2021-02-28,0,0,0
2021-02-28,0,0,0
2021-02-28,0,0,0
2021-02-28,0,0,0
2021-02-28,0,0,0
2021-02-28,0,0,0
2021-02-28,0,0,0
2021-02-28,0,0,0
2021-02-28,0,0,0
2021-02-28,0,0,0
2021-02-28,0,0,0
2021-02-28,0,0,0
2021-02-28,0,0,0
2021-02-28,0,0,0
2021-02-28,0,0,0
2021-02-28,0,0,0
2021-02-28,0,0,0
2021-02-28,0,0,0
2021-03-01,0,0,0
2021-03-01,0,0,0
2021-03-01,0,0,0
2021-03-01,0,0,0
2021-03-01,0,0,0
2021-03-01,0,0,0
2021-03-01,0,0,0
2021-03-01,0,0,0
2021-03-01,0,0,0
2021-03-01,0,0,0
2021-03-01,0,0,0
2021-03-01,0,0,0
2021-03-01,0,0,0
2021-03-01,0,0,0
2021-03-01,0,0,0
2021-03-01,0,0,0
2021-03-01,1,0,1
2021-03-01,0,0,0
2021-03-01,0,0,0
2021-03-01,0,0,0
2021-03-01,0,0,0
2021-03-01,0,0,0
2021-03-01,0,0,0
2021-03-01,0,0,0
2021-03-02,0,0,0
2021-03-02,0,0,0
2021-03-02,0,0,0
2021-03-02,0,0,0
2021-03-02,0,0,0
2021-03-02,0,0,0
2021-03-02,0,0,0
2021-03-02,0,0,0
2021-03-02,0,0,0
2021-03-02,0,0,0
2021-03-02,0,0,0
2021-03-02,0,0,0
2021-03-02,0,0,0
2021-03-02,0,0,0
2021-03-02,0,0,0
2021-03-02,0,0,0
2021-03-02,0,0,0
2021-03-02,2,2,0
2021-03-02,0,0,0
2021-03-02,0,0,0
2021-03-02,0,0,0
2021-03-02,0,0,0
2021-03-02,0,0,0
2021-03-02,0,0,0
2021-03-03,0,0,0
2021-03-03,0,0,0
2021-03-03,0,0,0
2021-03-03,0,0,0
2021-03-03,0,0,0
2021-03-03,0,0,0
2021-03-03,0,0,0
2021-03-03,0,0,0
2021-03-03,0,0,0
2021-03-03,0,0,0
2021-03-03,0,0,0
2021-03-03,0,0,0
2021-03-03,0,0,0
2021-03-03,0,0,0
2021-03-03,0,0,0
2021-03-03,0,0,0
2021-03-03,0,0,0
2021-03-03,0,0,0
2021-03-03,0,0,0
2021-03-03,0,0,0
2021-03-03,0,0,0
2021-03-03,0,0,0
2021-03-03,0,0,0
2021-03-03,0,0,0
2021-03-04,0,0,0
2021-03-04,0,0,0
2021-03-04,0,0,0
2021-03-04,0,0,0
2021-03-04,0,0,0
2021-03-04,0,0,0
2021-03-04,0,0,0
2021-03-04,0,0,0
2021-03-04,0,0,0
2021-03-04,0,0,0
2021-03-04,0,0,0
2021-03-04,0,0,0
2021-03-04,0,0,0
2021-03-04,0,0,0
2021-03-04,0,0,0
2021-03-04,0,0,0
2021-03-04,0,0,0
2021-03-04,0,0,0
2021-03-04,0,0,0
2021-03-04,0,0,0
2021-03-04,0,0,0
2021-03-04,0,0,0
2021-03-04,0,0,0
2021-03-04,0,0,0
2021-03-05,0,0,0
2021-03-05,0,0,0
2021-03-05,0,0,0
2021-03-05,0,0,0
2021-03-05,0,0,0
2021-03-05,0,0,0
2021-03-05,0,0,0
2021-03-05,0,0,0
2021-03-05,0,0,0
2021-03-05,1,1,0
2021-03-05,0,0,0
2021-03-05,0,0,0
2021-03-05,0,0,0
2021-03-05,0,0,0
2021-03-05,0,0,0
2021-03-05,0,0,0
2021-03-05,0,0,0
2021-03-05,0,0,0
2021-03-05,0,0,0
2021-03-05,0,0,0
2021-03-05,0,0,0
2021-03-05,0,0,0
2021-03-05,0,0,0
2021-03-05,0,0,0
2021-03-06,0,0,0
2021-03-06,0,0,0
2021-03-06,0,0,0
2021-03-06,0,0,0
2021-03-06,0,0,0
2021-03-06,0,0,0
2021-03-06,0,0,0
2021-03-06,0,0,0
2021-03-06,0,0,0
2021-03-06,0,0,0
2021-03-06,0,0,0
2021-03-06,0,0,0
2021-03-06,0,0,0
2021-03-06,1,0,1
2021-03-06,0,0,0
2021-03-06,0,0,0
2021-03-06,0,0,0
2021-03-06,0,0,0
2021-03-06,0,0,0
2021-03-06,0,0,0
2021-03-06,0,0,0
2021-03-06,0,0,0
2021-03-06,0,0,0
2021-03-06,0,0,0
2021-03-07,0,0,0
2021-03-07,0,0,0
2021-03-07,0,0,0
2021-03-07,0,0,0
2021-03-07,0,0,0
2021-03-07,0,0,0
2021-03-07,0,0,0
2021-03-07,0,0,0
2021-03-07,0,0,0
2021-03-07,0,0,0
2021-03-07,0,0,0
2021-03-07,0,0,0
2021-03-07,0,0,0
2021-03-07,0,0,0
2021-03-07,0,0,0
2021-03-07,0,0,0
2021-03-07,0,0,0
2021-03-07,0,0,0
2021-03-07,0,0,0
2021-03-07,0,0,0
2021-03-07,0,0,0
2021-03-07,0,0,0
2021-03-07,0,0,0
2021-03-07,0,0,0
2021-03-08,0,0,0
2021-03-08,0,0,0
2021-03-08,0,0,0
2021-03-08,0,0,0
2021-03-08,0,0,0
2021-03-08,0,0,0
2021-03-08,0,0,0
2021-03-08,0,0,0
2021-03-08,0,0,0
2021-03-08,0,0,0
2021-03-08,0,0,0
2021-03-08,0,0,0
2021-03-08,0,0,0
2021-03-08,0,0,0
2021-03-08,0,0,0
2021-03-08,0,0,0
2021-03-08,0,0,0
2021-03-08,0,0,0
2021-03-08,0,0,0
2021-03-08,0,0,0
2021-03-08,0,0,0
2021-03-08,0,0,0
2021-03-08,0,0,0
2021-03-08,0,0,0
2021-03-09,0,0,0
2021-03-09,0,0,0
2021-03-09,0,0,0
2021-03-09,0,0,0
2021-03-09,0,0,0
2021-03-09,0,0,0
2021-03-09,0,0,0
2021-03-09,0,0,0
2021-03-09,0,0,0
2021-03-09,0,0,0
2021-03-09,0,0,0
2021-03-09,0,0,0
2021-03-09,0,0,0
2021-03-09,0,0,0
2021-03-09,0,0,0
2021-03-09,0,0,0
2021-03-09,0,0,0
2021-03-09,0,0,0
2021-03-09,0,0,0
2021-03-09,0,0,0
2021-03-09,0,0,0
2021-03-09,0,0,0
2021-03-09,0,0,0
2021-03-09,0,0,0
2021-03-10,0,0,0
2021-03-10,0,0,0
2021-03-10,0,0,0
2021-03-10,0,0,0
2021-03-10,0,0,0
2021-03-10,0,0,0
2021-03-10,0,0,0
2021-03-10,0,0,0
2021-03-10,0,0,0
2021-03-10,0,0,0
2021-03-10,0,0,0
2021-03-10,0,0,0
2021-03-10,0,0,0
2021-03-10,0,0,0
2021-03-10,0,0,0
2021-03-10,0,0,0
2021-03-10,0,0,0
2021-03-10,0,0,0
2021-03-10,0,0,0
2021-03-10,0,0,0
2021-03-10,0,0,0
2021-03-10,0,0,0
2021-03-10,0,0,0
2021-03-10,0,0,0
2021-03-11,0,0,0
2021-03-11,0,0,0
2021-03-11,0,0,0
2021-03-11,0,0,0
2021-03-11,0,0,0
2021-03-11,0,0,0
2021-03-11,0,0,0
2021-03-11,0,0,0
2021-03-11,0,0,0
2021-03-11,0,0,0
2021-03-11,0,0,0
2021-03-11,0,0,0
2021-03-11,0,0,0
2021-03-11,0,0,0
2021-03-11,0,0,0
2021-03-11,0,0,0
2021-03-11,0,0,0
2021-03-11,0,0,0
2021-03-11,0,0,0
2021-03-11,0,0,0
2021-03-11,0,0,0
2021-03-11,0,0,0
2021-03-11,0,0,0
2021-03-11,0,0,0
2021-03-12,0,0,0
2021-03-12,0,0,0
2021-03-12,0,0,0
2021-03-12,0,0,0
2021-03-12,0,0,0
2021-03-12,0,0,0
2021-03-12,0,0,0
2021-03-12,0,0,0
2021-03-12,1,0,1
2021-03-12,0,0,0
2021-03-12,0,0,0
2021-03-12,0,0,0
2021-03-12,0,0,0
2021-03-12,0,0,0
2021-03-12,0,0,0
2021-03-12,1,0,1
2021-03-12,0,0,0
2021-03-12,0,0,0
2021-03-12,0,0,0
2021-03-12,0,0,0
2021-03-12,0,0,0
2021-03-12,0,0,0
2021-03-12,0,0,0
2021-03-12,0,0,0
2021-03-13,0,0,0
2021-03-13,0,0,0
2021-03-13,0,0,0
2021-03-13,0,0,0
2021-03-13,0,0,0
2021-03-13,0,0,0
2021-03-13,0,0,0
2021-03-13,0,0,0
2021-03-13,0,0,0
2021-03-13,0,0,0
2021-03-13,0,0,0
2021-03-13,0,0,0
2021-03-13,0,0,0
2021-03-13,0,0,0
2021-03-13,0,0,0
2021-03-13,1,1,0
2021-03-13,0,0,0
2021-03-13,0,0,0
2021-03-13,0,0,0
2021-03-13,0,0,0
2021-03-13,0,0,0
2021-03-13,0,0,0
2021-03-13,0,0,0
2021-03-13,0,0,0
2021-03-14,0,0,0
2021-03-14,0,0,0
2021-03-14,,,
2021-03-14,0,0,0
2021-03-14,0,0,0
2021-03-14,0,0,0
2021-03-14,0,0,0
2021-03-14,0,0,0
2021-03-14,0,0,0
2021-03-14,0,0,0
2021-03-14,0,0,0
2021-03-14,0,0,0
2021-03-14,0,0,0
2021-03-14,0,0,0
2021-03-14,0,0,0
2021-03-14,0,0,0
2021-03-14,0,0,0
2021-03-14,0,0,0
2021-03-14,0,0,0
2021-03-14,0,0,0
2021-03-14,0,0,0
2021-03-14,0,0,0
2021-03-14,0,0,0
2021-03-14,0,0,0
2021-03-15,0,0,0
2021-03-15,0,0,0
2021-03-15,0,0,0
2021-03-15,0,0,0
2021-03-15,0,0,0
2021-03-15,0,0,0
2021-03-15,0,0,0
2021-03-15,0,0,0
2021-03-15,0,0,0
2021-03-15,0,0,0
2021-03-15,0,0,0
2021-03-15,2,0,2
2021-03-15,0,0,0
2021-03-15,0,0,0
2021-03-15,0,0,0
2021-03-15,0,0,0
2021-03-15,0,0,0
2021-03-15,0,0,0
2021-03-15,0,0,0
2021-03-15,0,0,0
2021-03-15,0,0,0
2021-03-15,0,0,0
2021-03-15,0,0,0
2021-03-15,0,0,0
2021-03-16,0,0,0
2021-03-16,0,0,0
2021-03-16,0,0,0
2021-03-16,0,0,0
2021-03-16,0,0,0
2021-03-16,0,0,0
2021-03-16,0,0,0
2021-03-16,0,0,0
2021-03-16,0,0,0
2021-03-16,0,0,0
2021-03-16,0,0,0
2021-03-16,0,0,0
2021-03-16,0,0,0
2021-03-16,1,0,1
2021-03-16,0,0,0
2021-03-16,25,4,21
2021-03-16,23,11,12
2021-03-16,19,8,11
2021-03-16,16,7,9
2021-03-16,6,4,2
2021-03-16,1,0,1
2021-03-16,3,1,2
2021-03-16,1,1,0
2021-03-16,2,0,2
2021-03-17,0,0,0
2021-03-17,0,0,0
2021-03-17,4,3,1
2021-03-17,0,0,0
2021-03-17,6,1,5
2021-03-17,11,2,9
2021-03-17,17,7,10
2021-03-17,15,7,8
2021-03-17,10,6,4
2021-03-17,11,7,4
2021-03-17,3,1,2
2021-03-17,10,4,6
2021-03-17,16,7,9
2021-03-17,21,11,10
2021-03-17,17,8,9
2021-03-17,24,13,11
2021-03-17,27,13,14
2021-03-17,23,12,11
2021-03-17,7,5,2
2021-03-17,9,5,4
2021-03-17,1,0,1
2021-03-17,3,0,3
2021-03-17,3,1,2
2021-03-17,3,1,2
2021-03-18,0,0,0
2021-03-18,0,0,0
2021-03-18,2,1,1
2021-03-18,1,0,1
2021-03-18,5,0,5
2021-03-18,9,2,7
2021-03-18,13,5,8
2021-03-18,11,6,5
2021-03-18,6,3,3
2021-03-18,2,1,1
2021-03-18,3,2,1
2021-03-18,15,11,4
2021-03-18,12,3,9
2021-03-18,8,3,5
2021-03-18,7,4,3
2021-03-18,12,5,7
2021-03-18,11,6,5
2021-03-18,19,10,9
2021-03-18,7,4,3
2021-03-18,5,3,2
2021-03-18,4,2,2
2021-03-18,2,1,1
2021-03-18,1,1,0
2021-03-18,1,0,1
2021-03-19,2,0,2
2021-03-19,0,0,0
2021-03-19,1,1,0
2021-03-19,3,1,2
2021-03-19,5,0,5
2021-03-19,7,2,5
2021-03-19,12,4,8
2021-03-19,10,4,6
2021-03-19,6,5,1
2021-03-19,9,4,5
2021-03-19,7,3,4
2021-03-19,11,3,8
2021-03-19,15,6,9
2021-03-19,14,7,7
2021-03-19,14,5,9
2021-03-19,17,9,8
2021-03-19,17,9,8
2021-03-19,8,4,4
2021-03-19,17,10,7
2021-03-19,4,1,3
2021-03-19,2,1,1
2021-03-19,2,1,1
2021-03-19,3,1,2
2021-03-19,0,0,0
2021-03-20,1,1,0
2021-03-20,0,0,0
2021-03-20,3,2,1
2021-03-20,1,1,0
2021-03-20,2,0,2
2021-03-20,3,1,2
2021-03-20,3,3,0
2021-03-20,4,2,2
2021-03-20,3,1,2
2021-03-20,4,2,2
2021-03-20,4,2,2
2021-03-20,10,4,6
2021-03-20,8,4,4
2021-03-20,7,2,5
2021-03-20,8,3,5
2021-03-20,5,3,2
2021-03-20,4,3,1
2021-03-20,7,2,5
2021-03-20,5,2,3
2021-03-20,4,1,3
2021-03-20,1,0,1
2021-03-20,2,2,0
2021-03-20,3,1,2
2021-03-20,5,3,2
2021-03-21,1,0,1
2021-03-21,0,0,0
2021-03-21,1,1,0
2021-03-21,0,0,0
2021-03-21,3,0,3
2021-03-21,6,4,2
2021-03-21,7,2,5
2021-03-21,1,0,1
2021-03-21,4,1,3
2021-03-21,6,4,2
2021-03-21,4,2,2
2021-03-21,5,4,1
2021-03-21,3,1,2
2021-03-21,2,1,1
2021-03-21,2,1,1
2021-03-21,8,5,3
2021-03-21,5,1,4
2021-03-21,7,2,5
2021-03-21,6,1,5
2021-03-21,2,0,2
2021-03-21,1,1,0
2021-03-21,3,2,1
2021-03-21,3,0,3
2021-03-21,0,0,0
2021-03-22,0,0,0
2021-03-22,1,0,1
2021-03-22,0,0,0
2021-03-22,1,0,1
2021-03-22,4,0,4
2021-03-22,11,1,10
2021-03-22,16,7,9
2021-03-22,10,7,3
2021-03-22,8,3,5
2021-03-22,3,1,2
2021-03-22,6,4,2
2021-03-22,2,2,0
2021-03-22,10,5,5
2021-03-22,5,4,1
2021-03-22,3,2,1
2021-03-22,16,9,7
2021-03-22,24,11,13
2021-03-22,20,7,13
2021-03-22,13,6,7
2021-03-22,6,2,4
2021-03-22,1,0,1
2021-03-22,6,5,1
2021-03-22,2,1,1
2021-03-22,2,1,1
2021-03-23,1,1,0
2021-03-23,2,0,2
2021-03-23,2,1,1
2021-03-23,2,0,2
2021-03-23,4,0,4
2021-03-23,13,5,8
2021-03-23,14,6,8
2021-03-23,17,10,7
2021-03-23,7,3,4
2021-03-23,13,2,11
2021-03-23,15,5,10
2021-03-23,18,7,11
2021-03-23,11,6,5
2021-03-23,16,7,9
2021-03-23,22,10,12
2021-03-23,22,10,12
2021-03-23,16,4,12
2021-03-23,17,13,4
2021-03-23,15,5,10
2021-03-23,6,3,3
2021-03-23,9,4,5
2021-03-23,7,4,3
2021-03-23,2,0,2
2021-03-23,0,0,0
2021-03-24,1,0,1
2021-03-24,1,0,1
2021-03-24,3,2,1
2021-03-24,3,2,1
2021-03-24,2,0,2
2021-03-24,8,3,5
2021-03-24,10,4,6
2021-03-24,8,4,4
2021-03-24,8,4,4
2021-03-24,5,1,4
2021-03-24,11,3,8
2021-03-24,6,1,5
2021-03-24,7,4,3
2021-03-24,9,3,6
2021-03-24,7,4,3
2021-03-24,18,12,6
2021-03-24,6,3,3
2021-03-24,7,6,1
2021-03-24,7,2,5
2021-03-24,0,0,0
2021-03-24,3,2,1
2021-03-24,1,1,0
2021-03-24,2,0,2
2021-03-24,0,0,0
2021-03-25,0,0,0
2021-03-25,0,0,0
2021-03-25,1,1,0
2021-03-25,1,0,1
2021-03-25,2,0,2
2021-03-25,5,2,3
2021-03-25,11,5,6
2021-03-25,13,3,10
2021-03-25,8,5,3
2021-03-25,3,1,2
2021-03-25,5,2,3
2021-03-25,9,4,5
2021-03-25,18,12,6
2021-03-25,9,4,5
2021-03-25,10,5,5
2021-03-25,24,10,14
2021-03-25,17,8,9
2021-03-25,16,7,9
2021-03-25,10,4,6
2021-03-25,5,0,5
2021-03-25,3,1,2
2021-03-25,4,2,2
2021-03-25,2,0,2
2021-03-25,3,0,3
2021-03-26,0,0,0
2021-03-26,0,0,0
2021-03-26,2,2,0
2021-03-26,2,0,2
2021-03-26,3,0,3
2021-03-26,8,3,5
2021-03-26,14,7,7
2021-03-26,8,6,2
2021-03-26,10,5,5
2021-03-26,6,2,4
2021-03-26,9,3,6
2021-03-26,3,1,2
2021-03-26,6,4,2
2021-03-26,7,3,4
2021-03-26,11,4,7
2021-03-26,22,8,14
2021-03-26,22,9,13
2021-03-26,20,4,16
2021-03-26,15,6,9
2021-03-26,9,2,7
2021-03-26,1,0,1
2021-03-26,3,2,1
2021-03-26,2,0,2
2021-03-26,1,0,1
2021-03-27,0,0,0
2021-03-27,0,0,0
2021-03-27,3,3,0
2021-03-27,0,0,0
2021-03-27,1,0,1
2021-03-27,6,1,5
2021-03-27,4,3,1
2021-03-27,4,2,2
2021-03-27,2,0,2
2021-03-27,8,4,4
2021-03-27,4,0,4
2021-03-27,13,2,11
2021-03-27,11,6,5
2021-03-27,20,13,7
2021-03-27,20,6,14
2021-03-27,13,8,5
2021-03-27,6,4,2
2021-03-27,11,4,7
2021-03-27,13,5,8
2021-03-27,7,3,4
2021-03-27,4,1,3
2021-03-27,3,2,1
2021-03-27,3,2,1
2021-03-27,1,0,1
2021-03-28,0,0,0
2021-03-28,0,0,0
2021-03-28,2,2,0
2021-03-28,0,0,0
2021-03-28,2,1,1
2021-03-28,9,4,5
2021-03-28,5,4,1
2021-03-28,4,0,4
2021-03-28,9,5,4
2021-03-28,2,1,1
2021-03-28,9,1,8
2021-03-28,2,1,1
2021-03-28,4,3,1
2021-03-28,2,1,1
2021-03-28,2,1,1
2021-03-28,2,0,2
2021-03-28,6,2,4
2021-03-28,6,1,5
2021-03-28,9,6,3
2021-03-28,2,1,1
2021-03-28,6,3,3
2021-03-28,1,1,0
2021-03-28,4,3,1
2021-03-28,0,0,0
2021-03-29,0,0,0
2021-03-29,0,0,0
2021-03-29,2,1,1
2021-03-29,2,0,2
2021-03-29,0,0,0
2021-03-29,9,4,5
2021-03-29,20,9,11
2021-03-29,9,7,2
2021-03-29,7,1,6
2021-03-29,5,0,5
2021-03-29,6,4,2
2021-03-29,10,3,7
2021-03-29,10,6,4
2021-03-29,12,7,5
2021-03-29,9,3,6
2021-03-29,16,5,11
2021-03-29,27,16,11
2021-03-29,19,9,10
2021-03-29,17,6,11
2021-03-29,7,4,3
2021-03-29,3,1,2
2021-03-29,2,1,1
2021-03-29,7,3,4
2021-03-29,3,1,2
2021-03-30,0,0,0
2021-03-30,0,0,0
2021-03-30,5,4,1
2021-03-30,4,1,3
2021-03-30,3,0,3
2021-03-30,10,3,7
2021-03-30,20,8,12
2021-03-30,18,8,10
2021-03-30,6,4,2
2021-03-30,5,2,3
2021-03-30,2,0,2
2021-03-30,9,5,4
2021-03-30,6,3,3
2021-03-30,13,6,7
2021-03-30,17,7,10
2021-03-30,22,12,10
2021-03-30,25,15,10
2021-03-30,28,14,14
2021-03-30,20,12,8
2021-03-30,4,3,1
2021-03-30,6,0,6
2021-03-30,7,5,2
2021-03-30,5,2,3
2021-03-30,0,0,0
2021-03-31,0,0,0
2021-03-31,6,3,3
2021-03-31,3,2,1
2021-03-31,0,0,0
2021-03-31,2,0,2
2021-03-31,7,2,5
2021-03-31,23,13,10
2021-03-31,15,6,9
2021-03-31,8,5,3
2021-03-31,5,0,5
2021-03-31,6,2,4
2021-03-31,4,0,4
2021-03-31,8,3,5
2021-03-31,12,8,4
2021-03-31,17,7,10
2021-03-31,18,9,9
2021-03-31,28,12,16
2021-03-31,24,14,10
2021-03-31,17,7,10
2021-03-31,14,6,8
2021-03-31,5,3,2
2021-03-31,6,4,2
2021-03-31,4,4,0
2021-03-31,5,2,3
2021-04-01,0,0,0
2021-04-01,1,1,0
2021-04-01,2,1,1
2021-04-01,3,1,2
2021-04-01,2,0,2
2021-04-01,11,3,8
2021-04-01,17,9,8
2021-04-01,11,7,4
2021-04-01,10,6,4
2021-04-01,4,0,4
2021-04-01,11,7,4
2021-04-01,16,8,8
2021-04-01,7,3,4
2021-04-01,11,6,5
2021-04-01,12,7,5
2021-04-01,21,10,11
2021-04-01,21,10,11
2021-04-01,23,12,11
2021-04-01,19,12,7
2021-04-01,11,4,7
2021-04-01,8,5,3
2021-04-01,5,3,2
2021-04-01,7,4,3
2021-04-01,2,1,1
2021-04-02,4,1,3
2021-04-02,0,0,0
2021-04-02,2,2,0
2021-04-02,1,0,1
2021-04-02,3,1,2
2021-04-02,9,4,5
2021-04-02,15,7,8
2021-04-02,9,4,5
2021-04-02,10,8,2
2021-04-02,9,7,2
2021-04-02,12,5,7
2021-04-02,14,5,9
2021-04-02,15,5,10
2021-04-02,14,2,12
2021-04-02,18,12,6
2021-04-02,21,10,11
2021-04-02,20,8,12
2021-04-02,22,7,15
2021-04-02,10,4,6
2021-04-02,10,4,6
2021-04-02,4,2,2
2021-04-02,6,2,4
2021-04-02,5,1,4
2021-04-02,2,1,1
2021-04-03,3,2,1
2021-04-03,0,0,0
2021-04-03,2,2,0
2021-04-03,0,0,0
2021-04-03,1,0,1
2021-04-03,5,3,2
2021-04-03,6,3,3
2021-04-03,4,3,1
2021-04-03,5,0,5
2021-04-03,7,4,3
2021-04-03,12,3,9
2021-04-03,15,10,5
2021-04-03,31,25,6
2021-04-03,11,4,7
2021-04-03,18,13,5
2021-04-03,13,5,8
2021-04-03,8,6,2
2021-04-03,8,1,7
2021-04-03,13,4,9
2021-04-03,3,1,2
2021-04-03,0,0,0
2021-04-03,6,3,3
2021-04-03,1,0,1
2021-04-03,1,1,0
2021-04-04,0,0,0
2021-04-04,1,1,0
2021-04-04,1,1,0
2021-04-04,0,0,0
2021-04-04,0,0,0
2021-04-04,7,4,3
2021-04-04,4,4,0
2021-04-04,3,0,3
2021-04-04,4,3,1
2021-04-04,8,2,6
2021-04-04,5,2,3
2021-04-04,9,6,3
2021-04-04,9,3,6
2021-04-04,7,5,2
2021-04-04,17,11,6
2021-04-04,5,3,2
2021-04-04,9,3,6
2021-04-04,13,5,8
2021-04-04,14,5,9
2021-04-04,8,5,3
2021-04-04,1,1,0
2021-04-04,2,2,0
2021-04-04,1,0,1
2021-04-04,1,0,1
2021-04-05,2,2,0
2021-04-05,0,0,0
2021-04-05,1,1,0
2021-04-05,2,0,2
2021-04-05,1,1,0
2021-04-05,13,4,9
2021-04-05,23,7,16
2021-04-05,13,8,5
2021-04-05,3,1,2
2021-04-05,6,0,6
2021-04-05,5,1,4
2021-04-05,9,7,2
2021-04-05,9,2,7
2021-04-05,12,6,6
2021-04-05,13,4,9
2021-04-05,25,13,12
2021-04-05,30,16,14
2021-04-05,24,12,12
2021-04-05,14,7,7
2021-04-05,6,2,4
2021-04-05,4,0,4
2021-04-05,4,2,2
2021-04-05,10,3,7
2021-04-05,3,3,0
2021-04-06,0,0,0
2021-04-06,0,0,0
2021-04-06,1,1,0
2021-04-06,2,0,2
2021-04-06,0,0,0
2021-04-06,15,6,9
2021-04-06,26,7,19
2021-04-06,15,10,5
2021-04-06,10,2,8
2021-04-06,7,6,1
2021-04-06,5,3,2
2021-04-06,9,4,5
2021-04-06,13,8,5
2021-04-06,16,7,9
2021-04-06,13,5,8
2021-04-06,28,17,11
2021-04-06,39,18,21
2021-04-06,25,12,13
2021-04-06,20,8,12
2021-04-06,6,3,3
2021-04-06,3,1,2
2021-04-06,4,0,4
2021-04-06,2,2,0
2021-04-06,1,0,1
2021-04-07,4,3,1
2021-04-07,0,0,0
2021-04-07,3,3,0
2021-04-07,0,0,0
2021-04-07,2,0,2
2021-04-07,10,6,4
2021-04-07,19,7,12
2021-04-07,7,4,3
2021-04-07,6,2,4
2021-04-07,5,1,4
2021-04-07,4,1,3
2021-04-07,12,4,8
2021-04-07,2,1,1
2021-04-07,17,5,12
2021-04-07,14,4,10
2021-04-07,20,10,10
2021-04-07,13,6,7
2021-04-07,9,5,4
2021-04-07,12,6,6
2021-04-07,7,3,4
2021-04-07,2,1,1
2021-04-07,4,0,4
2021-04-07,3,2,1
2021-04-07,0,0,0
2021-04-08,0,0,0
2021-04-08,0,0,0
2021-04-08,1,1,0
2021-04-08,1,0,1
2021-04-08,1,0,1
2021-04-08,12,4,8
2021-04-08,15,3,12
2021-04-08,13,5,8
2021-04-08,12,7,5
2021-04-08,7,4,3
2021-04-08,8,4,4
2021-04-08,11,4,7
2021-04-08,9,6,3
2021-04-08,9,5,4
2021-04-08,14,7,7
2021-04-08,20,9,11
2021-04-08,28,9,19
2021-04-08,19,12,7
2021-04-08,9,2,7
2021-04-08,8,4,4
2021-04-08,4,1,3
2021-04-08,7,1,6
2021-04-08,6,2,4
2021-04-08,0,0,0
2021-04-09,7,2,5
2021-04-09,0,0,0
2021-04-09,1,1,0
2021-04-09,0,0,0
2021-04-09,2,0,2
2021-04-09,16,6,10
2021-04-09,18,6,12
2021-04-09,8,4,4
2021-04-09,9,4,5
2021-04-09,2,1,1
2021-04-09,12,5,7
2021-04-09,6,3,3
2021-04-09,9,3,6
2021-04-09,13,7,6
2021-04-09,17,11,6
2021-04-09,20,8,12
2021-04-09,20,13,7
2021-04-09,11,5,6
2021-04-09,12,6,6
2021-04-09,5,2,3
2021-04-09,5,1,4
2021-04-09,2,1,1
2021-04-09,3,1,2
2021-04-09,2,1,1
2021-04-10,1,0,1
2021-04-10,1,1,0
2021-04-10,1,1,0
2021-04-10,1,0,1
2021-04-10,2,1,1
2021-04-10,8,2,6
2021-04-10,4,2,2
2021-04-10,3,1,2
2021-04-10,8,2,6
2021-04-10,9,5,4
2021-04-10,6,2,4
2021-04-10,15,4,11
2021-04-10,15,6,9
2021-04-10,14,4,10
2021-04-10,27,15,12
2021-04-10,18,8,10
2021-04-10,11,6,5
2021-04-10,9,6,3
2021-04-10,15,11,4
2021-04-10,1,0,1
2021-04-10,1,0,1
2021-04-10,4,3,1
2021-04-10,3,1,2
2021-04-10,2,0,2
2021-04-11,2,1,1
2021-04-11,1,0,1
2021-04-11,1,1,0
2021-04-11,0,0,0
2021-04-11,0,0,0
2021-04-11,11,4,7
2021-04-11,4,1,3
2021-04-11,5,1,4
2021-04-11,10,2,8
2021-04-11,3,3,0
2021-04-11,10,5,5
2021-04-11,18,8,10
2021-04-11,12,5,7
2021-04-11,20,8,12
2021-04-11,18,11,7
2021-04-11,12,4,8
2021-04-11,24,16,8
2021-04-11,12,4,8
2021-04-11,10,8,2
2021-04-11,4,2,2
2021-04-11,1,0,1
2021-04-11,6,2,4
2021-04-11,2,0,2
2021-04-11,3,1,2
2021-04-12,1,0,1
2021-04-12,0,0,0
2021-04-12,2,1,1
2021-04-12,1,0,1
2021-04-12,0,0,0
2021-04-12,10,4,6
2021-04-12,25,4,21
2021-04-12,12,6,6
2021-04-12,12,9,3
2021-04-12,6,4,2
2021-04-12,8,2,6
2021-04-12,21,12,9
2021-04-12,9,6,3
2021-04-12,11,6,5
2021-04-12,14,11,3
2021-04-12,28,15,13
2021-04-12,26,13,13
2021-04-12,18,12,6
2021-04-12,18,5,13
2021-04-12,6,2,4
2021-04-12,4,1,3
2021-04-12,10,3,7
2021-04-12,0,0,0
2021-04-12,0,0,0
2021-04-13,0,0,0
2021-04-13,0,0,0
2021-04-13,2,1,1
2021-04-13,1,0,1
2021-04-13,1,0,1
2021-04-13,15,8,7
2021-04-13,23,7,16
2021-04-13,18,9,9
2021-04-13,5,2,3
2021-04-13,8,3,5
2021-04-13,11,6,5
2021-04-13,10,4,6
2021-04-13,11,5,6
2021-04-13,22,13,9
2021-04-13,8,3,5
2021-04-13,21,11,10
2021-04-13,23,14,9
2021-04-13,20,9,11
2021-04-13,12,3,9
2021-04-13,8,4,4
2021-04-13,3,0,3
2021-04-13,4,3,1
2021-04-13,2,0,2
2021-04-13,0,0,0
2021-04-14,2,0,2
2021-04-14,1,0,1
2021-04-14,2,1,1
2021-04-14,0,0,0
2021-04-14,4,2,2
2021-04-14,11,7,4
2021-04-14,22,7,15
2021-04-14,20,12,8
2021-04-14,7,3,4
2021-04-14,7,4,3
2021-04-14,5,3,2
2021-04-14,1,0,1
2021-04-14,11,4,7
2021-04-14,13,5,8
2021-04-14,13,8,5
2021-04-14,31,9,22
2021-04-14,25,14,11
2021-04-14,20,7,13
2021-04-14,26,15,11
2021-04-14,10,3,7
2021-04-14,1,1,0
2021-04-14,3,2,1
2021-04-14,2,2,0
2021-04-14,2,0,2
2021-04-15,0,0,0
2021-04-15,0,0,0
2021-04-15,1,0,1
2021-04-15,2,1,1
2021-04-15,2,2,0
2021-04-15,10,1,9
2021-04-15,29,15,14
2021-04-15,15,8,7
2021-04-15,8,5,3
2021-04-15,7,1,6
2021-04-15,14,7,7
2021-04-15,21,11,10
2021-04-15,32,11,21
2021-04-15,10,6,4
2021-04-15,29,13,16
2021-04-15,32,16,16
2021-04-15,28,13,15
2021-04-15,25,11,14
2021-04-15,10,5,5
2021-04-15,10,3,7
2021-04-15,5,1,4
2021-04-15,5,3,2
2021-04-15,5,0,5
2021-04-15,2,1,1
2021-04-16,0,0,0
2021-04-16,0,0,0
2021-04-16,0,0,0
2021-04-16,0,0,0
2021-04-16,1,0,1
2021-04-16,10,5,5
2021-04-16,25,8,17
2021-04-16,8,4,4
2021-04-16,5,2,3
2021-04-16,8,5,3
2021-04-16,10,3,7
2021-04-16,7,4,3
2021-04-16,16,6,10
2021-04-16,16,7,9
2021-04-16,24,12,12
2021-04-16,26,16,10
2021-04-16,31,16,15
2021-04-16,27,12,15
2021-04-16,11,5,6
2021-04-16,10,7,3
2021-04-16,5,1,4
2021-04-16,14,7,7
2021-04-16,7,3,4
2021-04-16,3,1,2
2021-04-17,2,0,2
2021-04-17,1,0,1
2021-04-17,1,1,0
2021-04-17,1,0,1
2021-04-17,1,0,1
2021-04-17,8,3,5
2021-04-17,2,1,1
2021-04-17,9,2,7
2021-04-17,6,0,6
2021-04-17,13,7,6
2021-04-17,17,5,12
2021-04-17,9,5,4
2021-04-17,6,1,5
2021-04-17,20,9,11
2021-04-17,26,15,11
2021-04-17,11,7,4
2021-04-17,15,6,9
2021-04-17,14,7,7
2021-04-17,15,8,7
2021-04-17,6,1,5
2021-04-17,3,1,2
2021-04-17,6,5,1
2021-04-17,3,1,2
2021-04-17,1,1,0
2021-04-18,1,1,0
2021-04-18,0,0,0
2021-04-18,0,0,0
2021-04-18,1,0,1
2021-04-18,1,1,0
2021-04-18,5,1,4
2021-04-18,4,3,1
2021-04-18,8,1,7
2021-04-18,4,3,1
2021-04-18,13,8,5
2021-04-18,13,9,4
2021-04-18,15,7,8
2021-04-18,11,1,10
2021-04-18,16,9,7
2021-04-18,13,8,5
2021-04-18,20,7,13
2021-04-18,19,10,9
2021-04-18,18,9,9
2021-04-18,11,6,5
2021-04-18,5,1,4
2021-04-18,3,0,3
2021-04-18,5,4,1
2021-04-18,1,0,1
2021-04-18,1,0,1
2021-04-19,0,0,0
2021-04-19,0,0,0
2021-04-19,0,0,0
2021-04-19,1,0,1
2021-04-19,2,1,1
2021-04-19,12,4,8
2021-04-19,29,6,23
2021-04-19,23,11,12
2021-04-19,8,5,3
2021-04-19,8,6,2
2021-04-19,11,7,4
2021-04-19,12,6,6
2021-04-19,8,4,4
2021-04-19,12,5,7
2021-04-19,19,11,8
2021-04-19,17,12,5
2021-04-19,27,9,18
2021-04-19,26,13,13
2021-04-19,20,9,11
2021-04-19,6,5,1
2021-04-19,5,3,2
2021-04-19,5,4,1
2021-04-19,3,2,1
2021-04-19,2,1,1
2021-04-20,0,0,0
2021-04-20,1,1,0
2021-04-20,0,0,0
2021-04-20,1,0,1
2021-04-20,2,1,1
2021-04-20,18,7,11
2021-04-20,23,9,14
2021-04-20,20,13,7
2021-04-20,16,4,12
2021-04-20,10,5,5
2021-04-20,8,2,6
2021-04-20,8,5,3
2021-04-20,11,8,3
2021-04-20,8,3,5
2021-04-20,11,5,6
2021-04-20,25,17,8
2021-04-20,29,11,18
2021-04-20,33,18,15
2021-04-20,10,5,5
2021-04-20,11,2,9
2021-04-20,5,2,3
2021-04-20,9,3,6
2021-04-20,3,2,1
2021-04-20,1,0,1
2021-04-21,0,0,0
2021-04-21,0,0,0
2021-04-21,2,1,1
2021-04-21,0,0,0
2021-04-21,1,0,1
2021-04-21,12,6,6
2021-04-21,19,6,13
2021-04-21,12,8,4
2021-04-21,8,4,4
2021-04-21,6,2,4
2021-04-21,13,4,9
2021-04-21,19,12,7
2021-04-21,7,2,5
2021-04-21,12,7,5
2021-04-21,14,7,7
2021-04-21,37,17,20
2021-04-21,16,8,8
2021-04-21,17,10,7
2021-04-21,20,7,13
2021-04-21,10,4,6
2021-04-21,2,2,0
2021-04-21,7,5,2
2021-04-21,2,0,2
2021-04-21,3,1,2
2021-04-22,0,0,0
2021-04-22,0,0,0
2021-04-22,1,0,1
2021-04-22,1,0,1
2021-04-22,3,2,1
2021-04-22,18,6,12
2021-04-22,26,9,17
2021-04-22,12,7,5
2021-04-22,11,5,6
2021-04-22,5,2,3
2021-04-22,10,6,4
2021-04-22,11,7,4
2021-04-22,7,0,7
2021-04-22,14,8,6
2021-04-22,17,7,10
2021-04-22,27,18,9
2021-04-22,30,16,14
2021-04-22,23,11,12
2021-04-22,15,7,8
2021-04-22,9,5,4
2021-04-22,1,1,0
2021-04-22,7,2,5
2021-04-22,4,2,2
2021-04-22,1,0,1
2021-04-23,5,4,1
2021-04-23,0,0,0
2021-04-23,1,1,0
2021-04-23,0,0,0
2021-04-23,1,1,0
2021-04-23,12,5,7
2021-04-23,20,8,12
2021-04-23,18,9,9
2021-04-23,7,5,2
2021-04-23,8,4,4
2021-04-23,17,6,11
2021-04-23,7,4,3
2021-04-23,17,10,7
2021-04-23,8,2,6
2021-04-23,14,7,7
2021-04-23,24,15,9
2021-04-23,24,9,15
2021-04-23,20,9,11
2021-04-23,17,8,9
2021-04-23,8,6,2
2021-04-23,5,5,0
2021-04-23,6,3,3
2021-04-23,1,0,1
2021-04-23,0,0,0
2021-04-24,0,0,0
2021-04-24,0,0,0
2021-04-24,0,0,0
2021-04-24,0,0,0
2021-04-24,1,1,0
2021-04-24,4,3,1
2021-04-24,7,2,5
2021-04-24,8,2,6
2021-04-24,3,0,3
2021-04-24,2,2,0
2021-04-24,4,3,1
2021-04-24,4,2,2
2021-04-24,7,2,5
2021-04-24,7,2,5
2021-04-24,2,1,1
2021-04-24,10,2,8
2021-04-24,4,2,2
2021-04-24,3,1,2
2021-04-24,7,5,2
2021-04-24,7,5,2
2021-04-24,1,1,0
2021-04-24,2,2,0
2021-04-24,2,2,0
2021-04-24,3,1,2
2021-04-25,2,1,1
2021-04-25,2,1,1
2021-04-25,0,0,0
2021-04-25,0,0,0
2021-04-25,0,0,0
2021-04-25,5,2,3
2021-04-25,3,1,2
2021-04-25,2,1,1
2021-04-25,4,3,1
2021-04-25,2,1,1
2021-04-25,7,3,4
2021-04-25,9,4,5
2021-04-25,11,3,8
2021-04-25,11,6,5
2021-04-25,14,4,10
2021-04-25,17,11,6
2021-04-25,12,5,7
2021-04-25,7,3,4
2021-04-25,10,4,6
2021-04-25,2,2,0
2021-04-25,3,2,1
2021-04-25,8,5,3
2021-04-25,1,0,1
2021-04-25,1,0,1
2021-04-26,1,1,0
2021-04-26,0,0,0
2021-04-26,0,0,0
2021-04-26,2,2,0
2021-04-26,2,1,1
2021-04-26,10,2,8
2021-04-26,21,7,14
2021-04-26,16,8,8
2021-04-26,12,4,8
2021-04-26,5,2,3
2021-04-26,7,3,4
2021-04-26,11,5,6
2021-04-26,19,12,7
2021-04-26,11,4,7
2021-04-26,19,8,11
2021-04-26,18,10,8
2021-04-26,25,9,16
2021-04-26,15,10,5
2021-04-26,15,7,8
2021-04-26,10,6,4
2021-04-26,4,3,1
2021-04-26,5,5,0
2021-04-26,4,3,1
2021-04-26,4,1,3
2021-04-27,0,0,0
2021-04-27,0,0,0
2021-04-27,1,0,1
2021-04-27,1,0,1
2021-04-27,1,0,1
2021-04-27,13,5,8
2021-04-27,22,9,13
2021-04-27,17,8,9
2021-04-27,9,4,5
2021-04-27,10,4,6
2021-04-27,8,7,1
2021-04-27,15,6,9
2021-04-27,14,6,8
2021-04-27,14,7,7
2021-04-27,23,11,12
2021-04-27,35,17,18
2021-04-27,22,8,14
2021-04-27,22,12,10
2021-04-27,24,11,13
2021-04-27,7,3,4
2021-04-27,2,2,0
2021-04-27,4,2,2
2021-04-27,9,6,3
2021-04-27,0,0,0
2021-04-28,1,0,1
2021-04-28,1,0,1
2021-04-28,1,1,0
2021-04-28,1,1,0
2021-04-28,2,0,2
2021-04-28,12,5,7
2021-04-28,28,10,18
2021-04-28,14,6,8
2021-04-28,11,8,3
2021-04-28,9,0,9
2021-04-28,11,6,5
2021-04-28,13,7,6
2021-04-28,17,8,9
2021-04-28,13,6,7
2021-04-28,13,7,6
2021-04-28,38,20,18
2021-04-28,25,15,10
2021-04-28,24,14,10
2021-04-28,18,8,10
2021-04-28,6,4,2
2021-04-28,7,1,6
2021-04-28,5,4,1
2021-04-28,6,3,3
2021-04-28,1,0,1
2021-04-29,1,0,1
2021-04-29,0,0,0
2021-04-29,0,0,0
2021-04-29,1,0,1
2021-04-29,2,0,2
2021-04-29,10,0,10
2021-04-29,26,14,12
2021-04-29,20,7,13
2021-04-29,17,13,4
2021-04-29,5,3,2
2021-04-29,18,10,8
2021-04-29,15,7,8
2021-04-29,12,8,4
2021-04-29,14,5,9
2021-04-29,17,8,9
2021-04-29,26,12,14
2021-04-29,28,19,9
2021-04-29,26,8,18
2021-04-29,11,5,6
2021-04-29,13,6,7
2021-04-29,2,1,1
2021-04-29,3,2,1
2021-04-29,9,2,7
2021-04-29,4,1,3
2021-04-30,1,1,0
2021-04-30,0,0,0
2021-04-30,0,0,0
2021-04-30,1,0,1
2021-04-30,2,0,2
2021-04-30,8,2,6
2021-04-30,16,5,11
2021-04-30,6,3,3
2021-04-30,6,0,6
2021-04-30,6,3,3
2021-04-30,7,1,6
2021-04-30,16,6,10
2021-04-30,7,4,3
2021-04-30,9,4,5
2021-04-30,9,6,3
2021-04-30,26,11,15
2021-04-30,27,17,10
2021-04-30,25,12,13
2021-04-30,19,10,9
2021-04-30,9,5,4
2021-04-30,4,2,2
2021-04-30,5,3,2
2021-04-30,4,1,3
2021-04-30,4,1,3
2021-06-01,3,1,2
2021-06-01,3,0,3
2021-06-01,1,0,1
2021-06-01,1,0,1
2021-06-01,3,0,3
2021-06-01,6,0,6
2021-06-01,15,7,8
2021-06-01,18,5,13
2021-06-01,14,6,8
2021-06-01,15,11,4
2021-06-01,12,4,8
2021-06-01,7,3,4
2021-06-01,16,9,7
2021-06-01,25,7,18
2021-06-01,9,4,5
2021-06-01,12,6,6
2021-06-01,27,12,15
2021-06-01,28,18,10
2021-06-01,22,9,13
2021-06-01,25,10,15
2021-06-01,17,8,9
2021-06-01,9,3,6
2021-06-01,3,1,2
2021-06-01,6,5,1
2021-06-02,2,0,2
2021-06-02,1,1,0
2021-06-02,0,0,0
2021-06-02,1,1,0
2021-06-02,3,0,3
2021-06-02,4,2,2
2021-06-02,17,8,9
2021-06-02,29,18,11
2021-06-02,17,9,8
2021-06-02,13,4,9
2021-06-02,9,3,6
2021-06-02,12,4,8
2021-06-02,4,2,2
2021-06-02,20,9,11
2021-06-02,13,6,7
2021-06-02,17,6,11
2021-06-02,19,11,8
2021-06-02,29,19,10
2021-06-02,20,10,10
2021-06-02,12,4,8
2021-06-02,13,4,9
2021-06-02,8,1,7
2021-06-02,10,6,4
2021-06-02,5,1,4
2021-06-03,3,1,2
2021-06-03,2,1,1
2021-06-03,0,0,0
2021-06-03,0,0,0
2021-06-03,3,0,3
2021-06-03,6,0,6
2021-06-03,14,5,9
2021-06-03,24,9,15
2021-06-03,12,6,6
2021-06-03,20,10,10
2021-06-03,7,6,1
2021-06-03,12,6,6
2021-06-03,14,7,7
2021-06-03,9,5,4
2021-06-03,15,10,5
2021-06-03,15,4,11
2021-06-03,33,18,15
2021-06-03,31,14,17
2021-06-03,29,15,14
2021-06-03,19,9,10
2021-06-03,28,17,11
2021-06-03,7,4,3
2021-06-03,10,5,5
2021-06-03,5,1,4
2021-06-04,0,0,0
2021-06-04,2,0,2
2021-06-04,1,0,1
2021-06-04,2,1,1
2021-06-04,1,0,1
2021-06-04,1,0,1
2021-06-04,12,5,7
2021-06-04,21,9,12
2021-05-01,1,1,0
2021-05-01,0,0,0
2021-05-01,16,4,12
2021-05-01,0,0,0
2021-05-01,2,0,2
2021-05-01,5,2,3
2021-05-01,7,3,4
2021-05-01,5,2,3
2021-05-01,5,2,3
2021-05-01,7,3,4
2021-05-01,10,2,8
2021-05-01,10,3,7
2021-05-01,14,5,9
2021-05-01,27,9,18
2021-05-01,9,5,4
2021-05-01,11,2,9
2021-05-01,6,4,2
2021-05-01,11,4,7
2021-05-01,11,7,4
2021-05-01,7,2,5
2021-05-01,4,3,1
2021-05-01,6,4,2
2021-05-01,8,1,7
2021-05-01,4,1,3
2021-05-02,1,0,1
2021-05-02,0,0,0
2021-05-02,1,1,0
2021-05-02,1,0,1
2021-05-02,2,0,2
2021-05-02,6,1,5
2021-05-02,3,1,2
2021-05-02,7,4,3
2021-05-02,3,3,0
2021-05-02,9,5,4
2021-05-02,14,6,8
2021-05-02,16,7,9
2021-05-02,8,4,4
2021-05-02,15,6,9
2021-05-02,9,3,6
2021-05-02,14,8,6
2021-05-02,15,7,8
2021-05-02,9,3,6
2021-05-02,20,12,8
2021-05-02,15,5,10
2021-05-02,6,3,3
2021-05-02,5,4,1
2021-05-02,1,1,0
2021-05-02,1,0,1
2021-05-03,0,0,0
2021-05-03,2,2,0
2021-05-03,3,1,2
2021-05-03,3,1,2
2021-05-03,2,0,2
2021-05-03,13,3,10
2021-05-03,17,6,11
2021-05-03,14,8,6
2021-05-03,4,2,2
2021-05-03,6,3,3
2021-05-03,18,8,10
2021-05-03,4,3,1
2021-05-03,12,5,7
2021-05-03,6,5,1
2021-05-03,11,6,5
2021-05-03,5,2,3
2021-05-03,8,4,4
2021-05-03,6,1,5
2021-05-03,14,9,5
2021-05-03,11,8,3
2021-05-03,4,2,2
2021-05-03,4,0,4
2021-05-03,4,2,2
2021-05-03,0,0,0
2021-05-04,1,1,0
2021-05-04,0,0,0
2021-05-04,0,0,0
2021-05-04,1,1,0
2021-05-04,1,0,1
2021-05-04,3,0,3
2021-05-04,7,2,5
2021-05-04,15,6,9
2021-05-04,23,13,10
2021-05-04,10,3,7
2021-05-04,17,10,7
2021-05-04,14,10,4
2021-05-04,11,5,6
2021-05-04,17,9,8
2021-05-04,14,5,9
2021-05-04,19,13,6
2021-05-04,29,15,14
2021-05-04,19,9,10
2021-05-04,29,13,16
2021-05-04,20,8,12
2021-05-04,13,6,7
2021-05-04,10,6,4
2021-05-04,11,2,9
2021-05-04,4,3,1
2021-05-05,1,0,1
2021-05-05,1,0,1
2021-05-05,0,0,0
2021-05-05,1,1,0
2021-05-05,2,0,2
2021-05-05,0,0,0
2021-05-05,13,3,10
2021-05-05,22,9,13
2021-05-05,15,7,8
2021-05-05,5,2,3
2021-05-05,13,7,6
2021-05-05,6,2,4
2021-05-05,14,10,4
2021-05-05,16,8,8
2021-05-05,20,6,14
2021-05-05,11,5,6
2021-05-05,36,23,13
2021-05-05,21,15,6
2021-05-05,20,11,9
2021-05-05,18,11,7
2021-05-05,18,6,12
2021-05-05,4,2,2
2021-05-05,5,2,3
2021-05-05,4,3,1
2021-05-06,10,5,5
2021-05-06,3,1,2
2021-05-06,0,0,0
2021-05-06,0,0,0
2021-05-06,3,0,3
2021-05-06,3,1,2
2021-05-06,10,1,9
2021-05-06,26,13,13
2021-05-06,12,5,7
2021-05-06,8,7,1
2021-05-06,7,3,4
2021-05-06,11,4,7
2021-05-06,15,9,6
2021-05-06,9,1,8
2021-05-06,11,4,7
2021-05-06,8,4,4
2021-05-06,17,7,10
2021-05-06,19,10,9
2021-05-06,20,12,8
2021-05-06,15,13,2
2021-05-06,8,5,3
2021-05-06,5,0,5
2021-05-06,2,0,2
2021-05-06,2,0,2
2021-05-07,2,1,1
2021-05-07,1,0,1
2021-05-07,0,0,0
2021-05-07,0,0,0
2021-05-07,0,0,0
2021-05-07,2,0,2
2021-05-07,7,4,3
2021-05-07,15,7,8
2021-05-07,10,5,5
2021-05-07,10,5,5
2021-05-07,7,2,5
2021-05-07,3,2,1
2021-05-07,9,1,8
2021-05-07,8,5,3
2021-05-07,13,9,4
2021-05-07,14,6,8
2021-05-07,19,13,6
2021-05-07,20,13,7
2021-05-07,12,8,4
2021-05-07,14,7,7
2021-05-07,11,4,7
2021-05-07,6,2,4
2021-05-07,0,0,0
2021-05-07,4,2,2
2021-05-08,0,0,0
2021-05-08,1,1,0
2021-05-08,1,1,0
2021-05-08,0,0,0
2021-05-08,0,0,0
2021-05-08,2,1,1
2021-05-08,6,3,3
2021-05-08,8,2,6
2021-05-08,4,3,1
2021-05-08,9,2,7
2021-05-08,14,8,6
2021-05-08,12,5,7
2021-05-08,14,6,8
2021-05-08,18,6,12
2021-05-08,13,9,4
2021-05-08,15,9,6
2021-05-08,23,10,13
2021-05-08,15,6,9
2021-05-08,14,4,10
2021-05-08,7,4,3
2021-05-08,14,8,6
2021-05-08,2,1,1
2021-05-08,7,4,3
2021-05-08,5,0,5
2021-05-09,4,3,1
2021-05-09,0,0,0
2021-05-09,1,1,0
2021-05-09,0,0,0
2021-05-09,1,0,1
2021-05-09,1,1,0
2021-05-09,4,3,1
2021-05-09,9,5,4
2021-05-09,4,3,1
2021-05-09,5,2,3
2021-05-09,10,5,5
2021-05-09,7,4,3
2021-05-09,10,2,8
2021-05-09,8,2,6
2021-05-09,17,8,9
2021-05-09,10,3,7
2021-05-09,12,4,8
2021-05-09,7,2,5
2021-05-09,22,11,11
2021-05-09,12,6,6
2021-05-09,12,7,5
2021-05-09,6,2,4
2021-05-09,1,0,1
2021-05-09,4,2,2
2021-05-10,1,0,1
2021-05-10,0,0,0
2021-05-10,1,1,0
2021-05-10,0,0,0
2021-05-10,1,0,1
2021-05-10,4,0,4
2021-05-10,14,5,9
2021-05-10,21,9,12
2021-05-10,21,11,10
2021-05-10,8,4,4
2021-05-10,12,5,7
2021-05-10,4,2,2
2021-05-10,13,7,6
2021-05-10,13,7,6
2021-05-10,11,5,6
2021-05-10,3,1,2
2021-05-10,22,11,11
2021-05-10,25,11,14
2021-05-10,22,12,10
2021-05-10,22,9,13
2021-05-10,7,4,3
2021-05-10,4,2,2
2021-05-10,3,2,1
2021-05-10,4,1,3
2021-05-11,3,1,2
2021-05-11,1,0,1
2021-05-11,4,2,2
2021-05-11,0,0,0
2021-05-11,1,0,1
2021-05-11,5,0,5
2021-05-11,17,8,9
2021-05-11,18,9,9
2021-05-11,15,6,9
2021-05-11,14,7,7
2021-05-11,10,6,4
2021-05-11,7,4,3
2021-05-11,10,7,3
2021-05-11,10,3,7
2021-05-11,15,11,4
2021-05-11,15,7,8
2021-05-11,26,16,10
2021-05-11,31,14,17
2021-05-11,23,13,10
2021-05-11,28,17,11
2021-05-11,13,8,5
2021-05-11,6,3,3
2021-05-11,6,4,2
2021-05-11,2,1,1
2021-05-12,3,0,3
2021-05-12,0,0,0
2021-05-12,0,0,0
2021-05-12,2,1,1
2021-05-12,1,0,1
2021-05-12,6,0,6
2021-05-12,17,4,13
2021-05-12,23,10,13
2021-05-12,12,6,6
2021-05-12,14,7,7
2021-05-12,14,7,7
2021-05-12,6,3,3
2021-05-12,8,3,5
2021-05-12,19,9,10
2021-05-12,9,6,3
2021-05-12,21,12,9
2021-05-12,24,13,11
2021-05-12,37,17,20
2021-05-12,35,17,18
2021-05-12,25,13,12
2021-05-12,15,8,7
2021-05-12,9,4,5
2021-05-12,5,3,2
2021-05-12,4,1,3
2021-05-13,3,1,2
2021-05-13,2,0,2
2021-05-13,0,0,0
2021-05-13,0,0,0
2021-05-13,2,0,2
2021-05-13,5,0,5
2021-05-13,13,2,11
2021-05-13,27,13,14
2021-05-13,12,4,8
2021-05-13,10,6,4
2021-05-13,6,5,1
2021-05-13,10,5,5
2021-05-13,19,8,11
2021-05-13,16,8,8
2021-05-13,17,8,9
2021-05-13,13,7,6
2021-05-13,22,14,8
2021-05-13,31,12,19
2021-05-13,23,13,10
2021-05-13,18,9,9
2021-05-13,16,8,8
2021-05-13,3,0,3
2021-05-13,6,5,1
2021-05-13,6,3,3
2021-05-14,5,3,2
2021-05-14,2,0,2
2021-05-14,0,0,0
2021-05-14,0,0,0
2021-05-14,2,0,2
2021-05-14,4,0,4
2021-05-14,11,4,7
2021-05-14,15,4,11
2021-05-14,16,7,9
2021-05-14,19,9,10
2021-05-14,7,4,3
2021-05-14,14,6,8
2021-05-14,12,8,4
2021-05-14,14,7,7
2021-05-14,14,6,8
2021-05-14,19,8,11
2021-05-14,26,16,10
2021-05-14,28,12,16
2021-05-14,18,10,8
2021-05-14,22,10,12
2021-05-14,13,7,6
2021-05-14,10,2,8
2021-05-14,7,5,2
2021-05-14,5,2,3
2021-05-15,8,0,8
2021-05-15,3,2,1
2021-05-15,0,0,0
2021-05-15,0,0,0
2021-05-15,1,0,1
2021-05-15,2,0,2
2021-05-15,4,1,3
2021-05-15,5,2,3
2021-05-15,4,2,2
2021-05-15,12,5,7
2021-05-15,8,5,3
2021-05-15,14,6,8
2021-05-15,21,6,15
2021-05-15,19,10,9
2021-05-15,12,8,4
2021-05-15,8,5,3
2021-05-15,13,6,7
2021-05-15,12,8,4
2021-05-15,11,8,3
2021-05-15,18,8,10
2021-05-15,10,5,5
2021-05-15,5,1,4
2021-05-15,11,8,3
2021-05-15,5,2,3
2021-05-16,2,0,2
2021-05-16,3,2,1
2021-05-16,3,3,0
2021-05-16,0,0,0
2021-05-16,1,0,1
2021-05-16,2,0,2
2021-05-16,5,1,4
2021-05-16,2,1,1
2021-05-16,5,2,3
2021-05-16,7,2,5
2021-05-16,6,6,0
2021-05-16,16,9,7
2021-05-16,15,8,7
2021-05-16,16,6,10
2021-05-16,19,11,8
2021-05-16,17,8,9
2021-05-16,13,5,8
2021-05-16,9,5,4
2021-05-16,15,8,7
2021-05-16,15,8,7
2021-05-16,11,8,3
2021-05-16,11,6,5
2021-05-16,4,4,0
2021-05-16,5,0,5
2021-05-17,2,0,2
2021-05-17,0,0,0
2021-05-17,1,1,0
2021-05-17,0,0,0
2021-05-17,3,0,3
2021-05-17,3,0,3
2021-05-17,12,3,9
2021-05-17,20,7,13
2021-05-17,16,8,8
2021-05-17,10,5,5
2021-05-17,12,4,8
2021-05-17,5,2,3
2021-05-17,10,6,4
2021-05-17,6,4,2
2021-05-17,8,4,4
2021-05-17,8,6,2
2021-05-17,18,8,10
2021-05-17,19,7,12
2021-05-17,17,13,4
2021-05-17,17,11,6
2021-05-17,10,5,5
2021-05-17,7,3,4
2021-05-17,3,3,0
2021-05-17,0,0,0
2021-05-18,1,0,1
2021-05-18,1,1,0
2021-05-18,0,0,0
2021-05-18,0,0,0
2021-05-18,2,0,2
2021-05-18,3,0,3
2021-05-18,11,3,8
2021-05-18,17,3,14
2021-05-18,19,9,10
2021-05-18,8,4,4
2021-05-18,6,4,2
2021-05-18,13,8,5
2021-05-18,13,6,7
2021-05-18,10,4,6
2021-05-18,12,6,6
2021-05-18,16,8,8
2021-05-18,23,11,12
2021-05-18,19,9,10
2021-05-18,28,18,10
2021-05-18,21,15,6
2021-05-18,7,2,5
2021-05-18,7,2,5
2021-05-18,7,1,6
2021-05-18,2,1,1
2021-05-19,0,0,0
2021-05-19,0,0,0
2021-05-19,0,0,0
2021-05-19,0,0,0
2021-05-19,2,0,2
2021-05-19,5,0,5
2021-05-19,7,2,5
2021-05-19,20,4,16
2021-05-19,11,4,7
2021-05-19,13,4,9
2021-05-19,11,7,4
2021-05-19,6,4,2
2021-05-19,15,14,1
2021-05-19,13,4,9
2021-05-19,18,5,13
2021-05-19,8,5,3
2021-05-19,31,18,13
2021-05-19,22,12,10
2021-05-19,34,15,19
2021-05-19,12,6,6
2021-05-19,3,1,2
2021-05-19,9,3,6
2021-05-19,3,1,2
2021-05-19,10,5,5
2021-05-20,3,0,3
2021-05-20,2,1,1
2021-05-20,0,0,0
2021-05-20,0,0,0
2021-05-20,3,0,3
2021-05-20,6,0,6
2021-05-20,14,2,12
2021-05-20,20,8,12
2021-05-20,14,10,4
2021-05-20,10,6,4
2021-05-20,3,1,2
2021-05-20,7,3,4
2021-05-20,11,9,2
2021-05-20,13,6,7
2021-05-20,12,5,7
2021-05-20,12,6,6
2021-05-20,18,9,9
2021-05-20,28,17,11
2021-05-20,23,15,8
2021-05-20,19,10,9
2021-05-20,8,3,5
2021-05-20,6,2,4
2021-05-20,5,1,4
2021-05-20,10,6,4
2021-05-21,2,1,1
2021-05-21,0,0,0
2021-05-21,1,1,0
2021-05-21,0,0,0
2021-05-21,4,1,3
2021-05-21,3,1,2
2021-05-21,13,3,10
2021-05-21,19,5,14
2021-05-21,13,9,4
2021-05-21,13,9,4
2021-05-21,14,4,10
2021-05-21,14,7,7
2021-05-21,11,4,7
2021-05-21,17,8,9
2021-05-21,15,4,11
2021-05-21,23,9,14
2021-05-21,27,12,15
2021-05-21,24,10,14
2021-05-21,23,13,10
2021-05-21,16,8,8
2021-05-21,9,4,5
2021-05-21,8,1,7
2021-05-21,7,4,3
2021-05-21,4,2,2
2021-05-22,3,1,2
2021-05-22,3,3,0
2021-05-22,0,0,0
2021-05-22,1,0,1
2021-05-22,0,0,0
2021-05-22,0,0,0
2021-05-22,4,1,3
2021-05-22,7,3,4
2021-05-22,5,2,3
2021-05-22,13,2,11
2021-05-22,11,8,3
2021-05-22,2,1,1
2021-05-22,12,5,7
2021-05-22,13,7,6
2021-05-22,16,7,9
2021-05-22,9,3,6
2021-05-22,16,8,8
2021-05-22,15,7,8
2021-05-22,18,4,14
2021-05-22,21,10,11
2021-05-22,7,3,4
2021-05-22,11,8,3
2021-05-22,5,3,2
2021-05-22,6,4,2
2021-05-23,6,1,5
2021-05-23,0,0,0
2021-05-23,0,0,0
2021-05-23,1,0,1
2021-05-23,0,0,0
2021-05-23,0,0,0
2021-05-23,4,2,2
2021-05-23,8,4,4
2021-05-23,5,2,3
2021-05-23,8,6,2
2021-05-23,5,3,2
2021-05-23,9,1,8
2021-05-23,21,10,11
2021-05-23,10,7,3
2021-05-23,16,8,8
2021-05-23,11,5,6
2021-05-23,12,2,10
2021-05-23,17,6,11
2021-05-23,10,4,6
2021-05-23,17,9,8
2021-05-23,8,2,6
2021-05-23,5,4,1
2021-05-23,3,2,1
2021-05-23,2,1,1
2021-05-24,3,2,1
2021-05-24,3,0,3
2021-05-24,2,0,2
2021-05-24,0,0,0
2021-05-24,2,0,2
2021-05-24,2,0,2
2021-05-24,4,0,4
2021-05-24,16,5,11
2021-05-24,12,4,8
2021-05-24,13,4,9
2021-05-24,4,1,3
2021-05-24,4,3,1
2021-05-24,7,2,5
2021-05-24,10,5,5
2021-05-24,6,4,2
2021-05-24,15,10,5
2021-05-24,21,11,10
2021-05-24,15,8,7
2021-05-24,10,8,2
2021-05-24,15,5,10
2021-05-24,9,3,6
2021-05-24,10,3,7
2021-05-24,5,3,2
2021-05-24,1,0,1
2021-05-25,2,0,2
2021-05-25,0,0,0
2021-05-25,0,0,0
2021-05-25,0,0,0
2021-05-25,4,1,3
2021-05-25,3,0,3
2021-05-25,10,2,8
2021-05-25,21,5,16
2021-05-25,17,8,9
2021-05-25,14,8,6
2021-05-25,11,7,4
2021-05-25,7,3,4
2021-05-25,8,3,5
2021-05-25,8,4,4
2021-05-25,14,9,5
2021-05-25,23,14,9
2021-05-25,31,15,16
2021-05-25,32,21,11
2021-05-25,30,13,17
2021-05-25,26,14,12
2021-05-25,13,8,5
2021-05-25,6,3,3
2021-05-25,2,0,2
2021-05-25,3,2,1
2021-05-26,2,0,2
2021-05-26,0,0,0
2021-05-26,0,0,0
2021-05-26,0,0,0
2021-05-26,0,0,0
2021-05-26,3,0,3
2021-05-26,10,4,6
2021-05-26,18,6,12
2021-05-26,16,4,12
2021-05-26,12,8,4
2021-05-26,12,5,7
2021-05-26,9,4,5
2021-05-26,8,3,5
2021-05-26,10,6,4
2021-05-26,16,7,9
2021-05-26,17,10,7
2021-05-26,24,16,8
2021-05-26,41,18,23
2021-05-26,18,9,9
2021-05-26,23,12,11
2021-05-26,13,10,3
2021-05-26,4,3,1
2021-05-26,6,3,3
2021-05-26,3,1,2
2021-05-27,3,0,3
2021-05-27,0,0,0
2021-05-27,0,0,0
2021-05-27,0,0,0
2021-05-27,2,0,2
2021-05-27,4,0,4
2021-05-27,10,5,5
2021-05-27,16,4,12
2021-05-27,11,6,5
2021-05-27,4,2,2
2021-05-27,4,2,2
2021-05-27,7,3,4
2021-05-27,8,5,3
2021-05-27,14,10,4
2021-05-27,5,1,4
2021-05-27,14,7,7
2021-05-27,14,5,9
2021-05-27,11,4,7
2021-05-27,21,9,12
2021-05-27,16,12,4
2021-05-27,8,7,1
2021-05-27,9,2,7
2021-05-27,3,2,1
2021-05-27,7,2,5
2021-05-28,4,4,0
2021-05-28,0,0,0
2021-05-28,2,0,2
2021-05-28,1,1,0
2021-05-28,2,0,2
2021-05-28,3,0,3
2021-05-28,9,1,8
2021-05-28,19,9,10
2021-05-28,12,6,6
2021-05-28,17,7,10
2021-05-28,13,5,8
2021-05-28,9,4,5
2021-05-28,9,3,6
2021-05-28,12,7,5
2021-05-28,19,12,7
2021-05-28,20,8,12
2021-05-28,26,14,12
2021-05-28,29,15,14
2021-05-28,14,5,9
2021-05-28,21,10,11
2021-05-28,8,6,2
2021-05-28,7,4,3
2021-05-28,2,1,1
2021-05-28,6,4,2
2021-05-29,2,0,2
2021-05-29,2,0,2
2021-05-29,0,0,0
2021-05-29,8,1,7
2021-05-29,1,0,1
2021-05-29,1,0,1
2021-05-29,8,2,6
2021-05-29,11,4,7
2021-05-29,7,2,5
2021-05-29,7,4,3
2021-05-29,10,6,4
2021-05-29,14,5,9
2021-05-29,10,2,8
2021-05-29,17,6,11
2021-05-29,18,10,8
2021-05-29,13,6,7
2021-05-29,13,8,5
2021-05-29,12,3,9
2021-05-29,23,8,15
2021-05-29,8,5,3
2021-05-29,15,7,8
2021-05-29,4,0,4
2021-05-29,5,2,3
2021-05-29,13,3,10
2021-05-30,7,3,4
2021-05-30,5,4,1
2021-05-30,4,1,3
2021-05-30,1,1,0
2021-05-30,4,1,3
2021-05-30,0,0,0
2021-05-30,4,1,3
2021-05-30,8,4,4
2021-05-30,11,3,8
2021-05-30,5,3,2
2021-05-30,10,7,3
2021-05-30,4,2,2
2021-05-30,16,8,8
2021-05-30,15,8,7
2021-05-30,9,3,6
2021-05-30,21,10,11
2021-05-30,16,6,10
2021-05-30,22,13,9
2021-05-30,14,11,3
2021-05-30,10,5,5
2021-05-30,6,2,4
2021-05-30,10,4,6
2021-05-30,13,5,8
2021-05-30,2,0,2
2021-05-31,3,1,2
2021-05-31,3,1,2
2021-05-31,3,0,3
2021-05-31,1,0,1
2021-05-31,2,0,2
2021-05-31,3,0,3
2021-05-31,5,4,1
2021-05-31,10,1,9
2021-05-31,5,4,1
2021-05-31,9,6,3
2021-05-31,15,7,8
2021-05-31,10,3,7
2021-05-31,17,4,13
2021-05-31,11,4,7
2021-05-31,17,5,12
2021-05-31,28,15,13
2021-05-31,22,14,8
2021-05-31,16,3,13
2021-05-31,19,9,10
2021-05-31,22,13,9
2021-05-31,12,3,9
2021-05-31,8,4,4
2021-05-31,7,3,4
2021-05-31,5,1,4
2021-06-04,16,11,5
2021-06-04,16,8,8
2021-06-04,9,2,7
2021-06-04,21,12,9
2021-06-04,15,7,8
2021-06-04,15,7,8
2021-06-04,14,5,9
2021-06-04,21,7,14
2021-06-04,29,8,21
2021-06-04,35,18,17
2021-06-04,35,14,21
2021-06-04,17,8,9
2021-06-04,22,11,11
2021-06-04,16,3,13
2021-06-04,7,4,3
2021-06-04,13,4,9
2021-06-05,6,0,6
2021-06-05,3,3,0
2021-06-05,2,0,2
2021-06-05,1,1,0
2021-06-05,1,0,1
2021-06-05,1,0,1
2021-06-05,9,2,7
2021-06-05,10,4,6
2021-06-05,5,3,2
2021-06-05,10,3,7
2021-06-05,9,6,3
2021-06-05,12,4,8
2021-06-05,14,8,6
2021-06-05,9,1,8
2021-06-05,18,7,11
2021-06-05,20,13,7
2021-06-05,10,3,7
2021-06-05,22,10,12
2021-06-05,15,5,10
2021-06-05,15,11,4
2021-06-05,12,4,8
2021-06-05,7,2,5
2021-06-05,3,2,1
2021-06-05,0,0,0
2021-06-06,4,2,2
2021-06-06,3,2,1
2021-06-06,2,1,1
2021-06-06,2,2,0
2021-06-06,0,0,0
2021-06-06,3,1,2
2021-06-06,8,3,5
2021-06-06,3,2,1
2021-06-06,4,0,4
2021-06-06,16,7,9
2021-06-06,3,0,3
2021-06-06,8,4,4
2021-06-06,12,9,3
2021-06-06,5,3,2
2021-06-06,7,3,4
2021-06-06,13,6,7
2021-06-06,8,1,7
2021-06-06,5,3,2
2021-06-06,7,3,4
2021-06-06,7,3,4
2021-06-06,7,4,3
2021-06-06,3,0,3
2021-06-06,2,2,0
2021-06-06,3,1,2
2021-06-07,3,2,1
2021-06-07,0,0,0
2021-06-07,0,0,0
2021-06-07,1,0,1
2021-06-07,2,0,2
2021-06-07,4,3,1
2021-06-07,7,3,4
2021-06-07,22,5,17
2021-06-07,14,7,7
2021-06-07,10,3,7
2021-06-07,8,4,4
2021-06-07,4,2,2
2021-06-07,15,12,3
2021-06-07,14,6,8
2021-06-07,17,9,8
2021-06-07,15,5,10
2021-06-07,23,15,8
2021-06-07,29,5,24
2021-06-07,20,13,7
2021-06-07,19,7,12
2021-06-07,12,5,7
2021-06-07,9,2,7
2021-06-07,3,3,0
2021-06-07,4,1,3
2021-06-08,1,0,1
2021-06-08,1,0,1
2021-06-08,0,0,0
2021-06-08,2,0,2
2021-06-08,2,0,2
2021-06-08,5,1,4
2021-06-08,21,11,10
2021-06-08,23,8,15
2021-06-08,17,10,7
2021-06-08,17,5,12
2021-06-08,19,10,9
2021-06-08,14,8,6
2021-06-08,11,4,7
2021-06-08,14,8,6
2021-06-08,8,6,2
2021-06-08,19,7,12
2021-06-08,28,16,12
2021-06-08,30,17,13
2021-06-08,31,18,13
2021-06-08,20,8,12
2021-06-08,12,5,7
2021-06-08,9,2,7
2021-06-08,8,2,6
2021-06-08,3,1,2
2021-06-09,2,1,1
2021-06-09,0,0,0
2021-06-09,0,0,0
2021-06-09,4,1,3
2021-06-09,0,0,0
2021-06-09,5,0,5
2021-06-09,13,6,7
2021-06-09,22,6,16
2021-06-09,18,6,12
2021-06-09,12,7,5
2021-06-09,11,8,3
2021-06-09,12,5,7
2021-06-09,10,3,7
2021-06-09,16,5,11
2021-06-09,19,9,10
2021-06-09,16,11,5
2021-06-09,36,23,13
2021-06-09,28,16,12
2021-06-09,28,13,15
2021-06-09,29,10,19
2021-06-09,9,5,4
2021-06-09,5,2,3
2021-06-09,6,4,2
2021-06-09,1,1,0
2021-06-10,1,0,1
2021-06-10,2,1,1
2021-06-10,4,2,2
2021-06-10,0,0,0
2021-06-10,2,0,2
2021-06-10,6,0,6
2021-06-10,13,6,7
2021-06-10,20,6,14
2021-06-10,16,10,6
2021-06-10,14,7,7
2021-06-10,10,4,6
2021-06-10,12,4,8
2021-06-10,11,5,6
2021-06-10,17,9,8
2021-06-10,16,7,9
2021-06-10,15,8,7
2021-06-10,38,24,14
2021-06-10,26,11,15
2021-06-10,28,13,15
2021-06-10,17,9,8
2021-06-10,15,11,4
2021-06-10,11,2,9
2021-06-10,4,0,4
2021-06-10,6,2,4
2021-06-11,1,0,1
2021-06-11,2,1,1
2021-06-11,0,0,0
2021-06-11,2,1,1
2021-06-11,1,0,1
2021-06-11,2,0,2
2021-06-11,12,3,9
2021-06-11,18,9,9
2021-06-11,12,5,7
2021-06-11,3,1,2
2021-06-11,15,11,4
2021-06-11,9,5,4
2021-06-11,7,3,4
2021-06-11,3,2,1
2021-06-11,7,3,4
2021-06-11,11,7,4
2021-06-11,13,6,7
2021-06-11,19,7,12
2021-06-11,15,8,7
2021-06-11,15,8,7
2021-06-11,17,12,5
2021-06-11,7,0,7
2021-06-11,5,1,4
2021-06-11,2,2,0
2021-06-12,4,2,2
2021-06-12,0,0,0
2021-06-12,0,0,0
2021-06-12,0,0,0
2021-06-12,1,0,1
2021-06-12,3,2,1
2021-06-12,9,2,7
2021-06-12,4,3,1
2021-06-12,3,3,0
2021-06-12,3,2,1
2021-06-12,6,2,4
2021-06-12,14,8,6
2021-06-12,24,11,13
2021-06-12,15,8,7
2021-06-12,35,12,23
2021-06-12,19,5,14
2021-06-12,21,8,13
2021-06-12,18,7,11
2021-06-12,19,11,8
2021-06-12,20,10,10
2021-06-12,7,4,3
2021-06-12,14,7,7
2021-06-12,7,3,4
2021-06-12,5,2,3
2021-06-13,6,1,5
2021-06-13,4,1,3
2021-06-13,0,0,0
2021-06-13,0,0,0
2021-06-13,0,0,0
2021-06-13,0,0,0
2021-06-13,3,1,2
2021-06-13,3,2,1
2021-06-13,0,0,0
2021-06-13,5,2,3
2021-06-13,5,3,2
2021-06-13,9,6,3
2021-06-13,17,7,10
2021-06-13,9,2,7
2021-06-13,9,4,5
2021-06-13,3,1,2
2021-06-13,4,3,1
2021-06-13,6,3,3
2021-06-13,7,2,5
2021-06-13,7,2,5
2021-06-13,5,2,3
2021-06-13,5,2,3
2021-06-13,9,3,6
2021-06-13,3,1,2
2021-06-14,1,1,0
2021-06-14,0,0,0
2021-06-14,0,0,0
2021-06-14,1,0,1
2021-06-14,2,0,2
2021-06-14,4,0,4
2021-06-14,10,3,7
2021-06-14,24,9,15
2021-06-14,13,3,10
2021-06-14,7,4,3
2021-06-14,6,2,4
2021-06-14,5,4,1
2021-06-14,6,2,4
2021-06-14,3,2,1
2021-06-14,7,3,4
2021-06-14,13,8,5
2021-06-14,19,13,6
2021-06-14,28,16,12
2021-06-14,19,9,10
2021-06-14,16,10,6
2021-06-14,8,1,7
2021-06-14,11,8,3
2021-06-14,11,6,5
2021-06-14,8,1,7
2021-06-15,4,1,3
2021-06-15,1,1,0
2021-06-15,0,0,0
2021-06-15,0,0,0
2021-06-15,1,0,1
2021-06-15,7,2,5
2021-06-15,13,4,9
2021-06-15,24,10,14
2021-06-15,11,6,5
2021-06-15,17,8,9
2021-06-15,12,7,5
2021-06-15,11,6,5
2021-06-15,16,8,8
2021-06-15,8,4,4
2021-06-15,10,5,5
2021-06-15,15,10,5
2021-06-15,21,11,10
2021-06-15,26,10,16
2021-06-15,35,19,16
2021-06-15,20,8,12
2021-06-15,11,5,6
2021-06-15,10,6,4
2021-06-15,3,2,1
2021-06-15,4,3,1
2021-06-16,5,4,1
2021-06-16,1,0,1
2021-06-16,3,2,1
2021-06-16,1,0,1
2021-06-16,0,0,0
2021-06-16,1,0,1
2021-06-16,16,8,8
2021-06-16,20,6,14
2021-06-16,17,13,4
2021-06-16,11,8,3
2021-06-16,9,5,4
2021-06-16,9,4,5
2021-06-16,11,6,5
2021-06-16,21,9,12
2021-06-16,13,5,8
2021-06-16,16,8,8
2021-06-16,29,14,15
2021-06-16,41,21,20
2021-06-16,30,10,20
2021-06-16,23,6,17
2021-06-16,19,11,8
2021-06-16,14,6,8
2021-06-16,7,4,3
2021-06-16,2,2,0
2021-06-17,5,1,4
2021-06-17,2,0,2
2021-06-17,1,0,1
2021-06-17,1,0,1
2021-06-17,3,1,2
2021-06-17,2,1,1
2021-06-17,14,7,7
2021-06-17,26,11,15
2021-06-17,23,13,10
2021-06-17,17,7,10
2021-06-17,12,6,6
2021-06-17,12,3,9
2021-06-17,20,7,13
2021-06-17,16,9,7
2021-06-17,23,11,12
2021-06-17,21,8,13
2021-06-17,27,14,13
2021-06-17,44,18,26
2021-06-17,35,17,18
2021-06-17,21,8,13
2021-06-17,19,11,8
2021-06-17,11,0,11
2021-06-17,12,5,7
2021-06-17,9,1,8
2021-06-18,2,0,2
2021-06-18,2,1,1
2021-06-18,1,0,1
2021-06-18,0,0,0
2021-06-18,1,1,0
2021-06-18,2,0,2
2021-06-18,15,8,7
2021-06-18,26,7,19
2021-06-18,12,8,4
2021-06-18,13,4,9
2021-06-18,17,9,8
2021-06-18,8,4,4
2021-06-18,23,12,11
2021-06-18,13,5,8
2021-06-18,15,7,8
2021-06-18,11,6,5
2021-06-18,29,16,13
2021-06-18,24,11,13
2021-06-18,41,24,17
2021-06-18,27,16,11
2021-06-18,11,4,7
2021-06-18,14,7,7
2021-06-18,7,2,5
2021-06-18,5,0,5
2021-06-19,5,2,3
2021-06-19,3,0,3
2021-06-19,1,0,1
2021-06-19,1,0,1
2021-06-19,3,1,2
2021-06-19,3,0,3
2021-06-19,6,2,4
2021-06-19,4,1,3
2021-06-19,2,0,2
2021-06-19,12,7,5
2021-06-19,8,2,6
2021-06-19,14,4,10
2021-06-19,16,8,8
2021-06-19,18,7,11
2021-06-19,43,15,28
2021-06-19,15,8,7
2021-06-19,15,8,7
2021-06-19,14,5,9
2021-06-19,23,6,17
2021-06-19,19,11,8
2021-06-19,19,8,11
2021-06-19,12,8,4
2021-06-19,12,6,6
2021-06-19,8,6,2
2021-06-20,3,1,2
2021-06-20,2,1,1
2021-06-20,3,2,1
2021-06-20,1,0,1
2021-06-20,0,0,0
2021-06-20,0,0,0
2021-06-20,15,10,5
2021-06-20,9,4,5
2021-06-20,2,2,0
2021-06-20,6,3,3
2021-06-20,12,6,6
2021-06-20,17,10,7
2021-06-20,17,7,10
2021-06-20,22,7,15
2021-06-20,21,8,13
2021-06-20,11,1,10
2021-06-20,20,11,9
2021-06-20,25,11,14
2021-06-20,28,12,16
2021-06-20,13,8,5
2021-06-20,17,10,7
2021-06-20,16,7,9
2021-06-20,11,4,7
2021-06-20,7,1,6
2021-06-21,3,2,1
2021-06-21,3,2,1
2021-06-21,0,0,0
2021-06-21,0,0,0
2021-06-21,1,0,1
2021-06-21,4,1,3
2021-06-21,18,10,8
2021-06-21,21,8,13
2021-06-21,18,9,9
2021-06-21,19,9,10
2021-06-21,8,7,1
2021-06-21,13,5,8
2021-06-21,14,7,7
2021-06-21,10,4,6
2021-06-21,24,12,12
2021-06-21,20,9,11
2021-06-21,19,11,8
2021-06-21,37,20,17
2021-06-21,26,11,15
2021-06-21,25,10,15
2021-06-21,17,7,10
2021-06-21,14,2,12
2021-06-21,6,3,3
2021-06-21,2,0,2
2021-06-22,7,1,6
2021-06-22,8,7,1
2021-06-22,1,0,1
2021-06-22,0,0,0
2021-06-22,3,1,2
2021-06-22,6,1,5
2021-06-22,20,9,11
2021-06-22,24,12,12
2021-06-22,19,10,9
2021-06-22,17,7,10
2021-06-22,14,9,5
2021-06-22,10,5,5
2021-06-22,18,7,11
2021-06-22,2,0,2
2021-06-22,0,0,0
2021-06-22,0,0,0
2021-06-22,0,0,0
2021-06-22,0,0,0
2021-06-22,0,0,0
2021-06-22,0,0,0
2021-06-22,0,0,0
2021-06-22,0,0,0
2021-06-22,0,0,0
2021-06-22,0,0,0
2021-06-23,0,0,0
2021-06-23,0,0,0
2021-06-23,0,0,0
2021-06-23,0,0,0
2021-06-23,0,0,0
2021-06-23,0,0,0
2021-06-23,0,0,0
2021-06-23,0,0,0
2021-06-23,0,0,0
2021-06-23,0,0,0
2021-06-23,0,0,0
2021-06-23,0,0,0
2021-06-23,0,0,0
2021-06-23,0,0,0
2021-06-23,0,0,0
2021-06-23,0,0,0
2021-06-23,0,0,0
2021-06-23,0,0,0
2021-06-23,0,0,0
2021-06-23,0,0,0
2021-06-23,0,0,0
2021-06-23,0,0,0
2021-06-23,0,0,0
2021-06-23,0,0,0
2021-06-24,0,0,0
2021-06-24,0,0,0
2021-06-24,0,0,0
2021-06-24,0,0,0
2021-06-24,0,0,0
2021-06-24,0,0,0
2021-06-24,0,0,0
2021-06-24,0,0,0
2021-06-24,0,0,0
2021-06-24,0,0,0
2021-06-24,0,0,0
2021-06-24,0,0,0
2021-06-24,0,0,0
2021-06-24,0,0,0
2021-06-24,0,0,0
2021-06-24,0,0,0
2021-06-24,0,0,0
2021-06-24,0,0,0
2021-06-24,0,0,0
2021-06-24,0,0,0
2021-06-24,0,0,0
2021-06-24,0,0,0
2021-06-24,0,0,0
2021-06-24,0,0,0
2021-06-25,0,0,0
2021-06-25,0,0,0
2021-06-25,0,0,0
2021-06-25,0,0,0
2021-06-25,0,0,0
2021-06-25,0,0,0
2021-06-25,0,0,0
2021-06-25,0,0,0
2021-06-25,0,0,0
2021-06-25,0,0,0
2021-06-25,0,0,0
2021-06-25,0,0,0
2021-06-25,0,0,0
2021-06-25,0,0,0
2021-06-25,0,0,0
2021-06-25,0,0,0
2021-06-25,0,0,0
2021-06-25,0,0,0
2021-06-25,0,0,0
2021-06-25,0,0,0
2021-06-25,0,0,0
2021-06-25,0,0,0
2021-06-25,0,0,0
2021-06-25,0,0,0
2021-06-26,0,0,0
2021-06-26,0,0,0
2021-06-26,0,0,0
2021-06-26,0,0,0
2021-06-26,0,0,0
2021-06-26,0,0,0
2021-06-26,0,0,0
2021-06-26,0,0,0
2021-06-26,0,0,0
2021-06-26,0,0,0
2021-06-26,0,0,0
2021-06-26,0,0,0
2021-06-26,0,0,0
2021-06-26,0,0,0
2021-06-26,0,0,0
2021-06-26,0,0,0
2021-06-26,0,0,0
2021-06-26,0,0,0
2021-06-26,0,0,0
2021-06-26,0,0,0
2021-06-26,0,0,0
2021-06-26,0,0,0
2021-06-26,0,0,0
2021-06-26,0,0,0
2021-06-27,0,0,0
2021-06-27,0,0,0
2021-06-27,0,0,0
2021-06-27,0,0,0
2021-06-27,0,0,0
2021-06-27,0,0,0
2021-06-27,0,0,0
2021-06-27,0,0,0
2021-06-27,0,0,0
2021-06-27,0,0,0
2021-06-27,0,0,0
2021-06-27,0,0,0
2021-06-27,0,0,0
2021-06-27,0,0,0
2021-06-27,0,0,0
2021-06-27,0,0,0
2021-06-27,0,0,0
2021-06-27,0,0,0
2021-06-27,0,0,0
2021-06-27,0,0,0
2021-06-27,0,0,0
2021-06-27,0,0,0
2021-06-27,0,0,0
2021-06-27,0,0,0
2021-06-28,0,0,0
2021-06-28,0,0,0
2021-06-28,0,0,0
2021-06-28,0,0,0
2021-06-28,0,0,0
2021-06-28,0,0,0
2021-06-28,0,0,0
2021-06-28,0,0,0
2021-06-28,0,0,0
2021-06-28,0,0,0
2021-06-28,0,0,0
2021-06-28,0,0,0
2021-06-28,0,0,0
2021-06-28,0,0,0
2021-06-28,0,0,0
2021-06-28,0,0,0
2021-06-28,0,0,0
2021-06-28,0,0,0
2021-06-28,0,0,0
2021-06-28,0,0,0
2021-06-28,0,0,0
2021-06-28,0,0,0
2021-06-28,0,0,0
2021-06-28,0,0,0
2021-06-29,0,0,0
2021-06-29,0,0,0
2021-06-29,0,0,0
2021-06-29,0,0,0
2021-06-29,0,0,0
2021-06-29,0,0,0
2021-06-29,0,0,0
2021-06-29,0,0,0
2021-06-29,0,0,0
2021-06-29,0,0,0
2021-06-29,0,0,0
2021-06-29,0,0,0
2021-06-29,0,0,0
2021-06-29,0,0,0
2021-06-29,0,0,0
2021-06-29,0,0,0
2021-06-29,0,0,0
2021-06-29,0,0,0
2021-06-29,0,0,0
2021-06-29,0,0,0
2021-06-29,0,0,0
2021-06-29,0,0,0
2021-06-29,0,0,0
2021-06-29,0,0,0
2021-06-30,0,0,0
2021-06-30,0,0,0
2021-06-30,0,0,0
2021-06-30,0,0,0
2021-06-30,0,0,0
2021-06-30,0,0,0
2021-06-30,0,0,0
2021-06-30,1,0,1
2021-06-30,0,0,0
2021-06-30,0,0,0
2021-06-30,0,0,0
2021-06-30,0,0,0
2021-06-30,0,0,0
2021-06-30,0,0,0
2021-06-30,0,0,0
2021-06-30,0,0,0
2021-06-30,0,0,0
2021-06-30,0,0,0
2021-06-30,0,0,0
2021-06-30,0,0,0
2021-06-30,0,0,0
2021-06-30,0,0,0
2021-06-30,0,0,0
2021-06-30,0,0,0
2021-07-01,0,0,0
2021-07-01,0,0,0
2021-07-01,0,0,0
2021-07-01,0,0,0
2021-07-01,0,0,0
2021-07-01,0,0,0
2021-07-01,0,0,0
2021-07-01,0,0,0
2021-07-01,0,0,0
2021-07-01,0,0,0
2021-07-01,0,0,0
2021-07-01,0,0,0
2021-07-01,0,0,0
2021-07-01,0,0,0
2021-07-01,0,0,0
2021-07-01,0,0,0
2021-07-01,0,0,0
2021-07-01,0,0,0
2021-07-01,0,0,0
2021-07-01,0,0,0
2021-07-01,0,0,0
2021-07-01,0,0,0
2021-07-01,0,0,0
2021-07-01,0,0,0
2021-07-02,0,0,0
2021-07-02,0,0,0
2021-07-02,0,0,0
2021-07-02,0,0,0
2021-07-02,0,0,0
2021-07-02,0,0,0
2021-07-02,0,0,0
2021-07-02,0,0,0
2021-07-02,0,0,0
2021-07-02,0,0,0
2021-07-02,0,0,0
2021-07-02,0,0,0
2021-07-02,0,0,0
2021-07-02,0,0,0
2021-07-02,0,0,0
2021-07-02,0,0,0
2021-07-02,0,0,0
2021-07-02,0,0,0
2021-07-02,0,0,0
2021-07-02,0,0,0
2021-07-02,0,0,0
2021-07-02,0,0,0
2021-07-02,0,0,0
2021-07-02,0,0,0
2021-07-03,0,0,0
2021-07-03,0,0,0
2021-07-03,0,0,0
2021-07-03,0,0,0
2021-07-03,0,0,0
2021-07-03,0,0,0
2021-07-03,0,0,0
2021-07-03,0,0,0
2021-07-03,0,0,0
2021-07-03,0,0,0
2021-07-03,0,0,0
2021-07-03,0,0,0
2021-07-03,0,0,0
2021-07-03,0,0,0
2021-07-03,0,0,0
2021-07-03,0,0,0
2021-07-03,0,0,0
2021-07-03,0,0,0
2021-07-03,0,0,0
2021-07-03,0,0,0
2021-07-03,0,0,0
2021-07-03,0,0,0
2021-07-03,0,0,0
2021-07-03,0,0,0
2021-07-04,0,0,0
2021-07-04,0,0,0
2021-07-04,0,0,0
2021-07-04,0,0,0
2021-07-04,0,0,0
2021-07-04,0,0,0
2021-07-04,0,0,0
2021-07-04,0,0,0
2021-07-04,0,0,0
2021-07-04,0,0,0
2021-07-04,0,0,0
2021-07-04,0,0,0
2021-07-04,0,0,0
2021-07-04,0,0,0
2021-07-04,0,0,0
2021-07-04,0,0,0
2021-07-04,0,0,0
2021-07-04,0,0,0
2021-07-04,0,0,0
2021-07-04,0,0,0
2021-07-04,0,0,0
2021-07-04,0,0,0
2021-07-04,0,0,0
2021-07-04,0,0,0
2021-07-05,0,0,0
2021-07-05,0,0,0
2021-07-05,0,0,0
2021-07-05,0,0,0
2021-07-05,0,0,0
2021-07-05,0,0,0
2021-07-05,0,0,0
2021-07-05,0,0,0
2021-07-05,0,0,0
2021-07-05,0,0,0
2021-07-05,0,0,0
2021-07-05,0,0,0
2021-07-05,0,0,0
2021-07-05,0,0,0
2021-07-05,0,0,0
2021-07-05,0,0,0
2021-07-05,0,0,0
2021-07-05,0,0,0
2021-07-05,0,0,0
2021-07-05,0,0,0
2021-07-05,0,0,0
2021-07-05,0,0,0
2021-07-05,0,0,0
2021-07-05,0,0,0
2021-07-06,0,0,0
2021-07-06,0,0,0
2021-07-06,0,0,0
2021-07-06,0,0,0
2021-07-06,0,0,0
2021-07-06,0,0,0
2021-07-06,0,0,0
2021-07-06,0,0,0
2021-07-06,0,0,0
2021-07-06,0,0,0
2021-07-06,0,0,0
2021-07-06,0,0,0
2021-07-06,0,0,0
2021-07-06,0,0,0
2021-07-06,0,0,0
2021-07-06,0,0,0
2021-07-06,0,0,0
2021-07-06,0,0,0
2021-07-06,0,0,0
2021-07-06,0,0,0
2021-07-06,0,0,0
2021-07-06,0,0,0
2021-07-06,0,0,0
2021-07-06,0,0,0
2021-07-07,0,0,0
2021-07-07,0,0,0
2021-07-07,0,0,0
2021-07-07,0,0,0
2021-07-07,0,0,0
2021-07-07,0,0,0
2021-07-07,0,0,0
2021-07-07,0,0,0
2021-07-07,0,0,0
2021-07-07,0,0,0
2021-07-07,0,0,0
2021-07-07,0,0,0
2021-07-07,0,0,0
2021-07-07,0,0,0
2021-07-07,0,0,0
2021-07-07,0,0,0
2021-07-07,0,0,0
2021-07-07,0,0,0
2021-07-07,0,0,0
2021-07-07,0,0,0
2021-07-07,0,0,0
2021-07-07,0,0,0
2021-07-07,0,0,0
2021-07-07,0,0,0
2021-07-08,0,0,0
2021-07-08,0,0,0
2021-07-08,0,0,0
2021-07-08,0,0,0
2021-07-08,0,0,0
2021-07-08,0,0,0
2021-07-08,0,0,0
2021-07-08,0,0,0
2021-07-08,0,0,0
2021-07-08,0,0,0
2021-07-08,0,0,0
2021-07-08,0,0,0
2021-07-08,0,0,0
2021-07-08,0,0,0
2021-07-08,0,0,0
2021-07-08,0,0,0
2021-07-08,0,0,0
2021-07-08,0,0,0
2021-07-08,0,0,0
2021-07-08,0,0,0
2021-07-08,0,0,0
2021-07-08,0,0,0
2021-07-08,0,0,0
2021-07-08,0,0,0
2021-07-09,0,0,0
2021-07-09,0,0,0
2021-07-09,0,0,0
2021-07-09,0,0,0
2021-07-09,0,0,0
2021-07-09,0,0,0
2021-07-09,0,0,0
2021-07-09,0,0,0
2021-07-09,0,0,0
2021-07-09,0,0,0
2021-07-09,0,0,0
2021-07-09,0,0,0
2021-07-09,0,0,0
2021-07-09,0,0,0
2021-07-09,0,0,0
2021-07-09,0,0,0
2021-07-09,0,0,0
2021-07-09,0,0,0
2021-07-09,0,0,0
2021-07-09,0,0,0
2021-07-09,0,0,0
2021-07-09,0,0,0
2021-07-09,0,0,0
2021-07-09,0,0,0
2021-07-10,0,0,0
2021-07-10,0,0,0
2021-07-10,0,0,0
2021-07-10,0,0,0
2021-07-10,0,0,0
2021-07-10,0,0,0
2021-07-10,0,0,0
2021-07-10,0,0,0
2021-07-10,0,0,0
2021-07-10,0,0,0
2021-07-10,0,0,0
2021-07-10,0,0,0
2021-07-10,0,0,0
2021-07-10,0,0,0
2021-07-10,0,0,0
2021-07-10,0,0,0
2021-07-10,0,0,0
2021-07-10,0,0,0
2021-07-10,0,0,0
2021-07-10,0,0,0
2021-07-10,0,0,0
2021-07-10,0,0,0
2021-07-10,0,0,0
2021-07-10,0,0,0
2021-07-11,0,0,0
2021-07-11,0,0,0
2021-07-11,0,0,0
2021-07-11,0,0,0
2021-07-11,0,0,0
2021-07-11,0,0,0
2021-07-11,0,0,0
2021-07-11,0,0,0
2021-07-11,0,0,0
2021-07-11,0,0,0
2021-07-11,0,0,0
2021-07-11,0,0,0
2021-07-11,0,0,0
2021-07-11,0,0,0
2021-07-11,0,0,0
2021-07-11,0,0,0
2021-07-11,0,0,0
2021-07-11,0,0,0
2021-07-11,0,0,0
2021-07-11,0,0,0
2021-07-11,0,0,0
2021-07-11,0,0,0
2021-07-11,0,0,0
2021-07-11,0,0,0
2021-07-12,0,0,0
2021-07-12,0,0,0
2021-07-12,0,0,0
2021-07-12,0,0,0
2021-07-12,0,0,0
2021-07-12,0,0,0
2021-07-12,0,0,0
2021-07-12,0,0,0
2021-07-12,0,0,0
2021-07-12,0,0,0
2021-07-12,0,0,0
2021-07-12,0,0,0
2021-07-12,0,0,0
2021-07-12,0,0,0
2021-07-12,0,0,0
2021-07-12,0,0,0
2021-07-12,0,0,0
2021-07-12,0,0,0
2021-07-12,0,0,0
2021-07-12,0,0,0
2021-07-12,0,0,0
2021-07-12,0,0,0
2021-07-12,0,0,0
2021-07-12,0,0,0
2021-07-13,0,0,0
2021-07-13,0,0,0
2021-07-13,0,0,0
2021-07-13,0,0,0
2021-07-13,0,0,0
2021-07-13,0,0,0
2021-07-13,0,0,0
2021-07-13,0,0,0
2021-07-13,0,0,0
2021-07-13,0,0,0
2021-07-13,0,0,0
2021-07-13,0,0,0
2021-07-13,0,0,0
2021-07-13,0,0,0
2021-07-13,0,0,0
2021-07-13,0,0,0
2021-07-13,0,0,0
2021-07-13,0,0,0
2021-07-13,0,0,0
2021-07-13,0,0,0
2021-07-13,0,0,0
2021-07-13,0,0,0
2021-07-13,0,0,0
2021-07-13,0,0,0
2021-07-14,0,0,0
2021-07-14,0,0,0
2021-07-14,0,0,0
2021-07-14,0,0,0
2021-07-14,0,0,0
2021-07-14,0,0,0
2021-07-14,0,0,0
2021-07-14,0,0,0
2021-07-14,0,0,0
2021-07-14,0,0,0
2021-07-14,0,0,0
2021-07-14,0,0,0
2021-07-14,0,0,0
2021-07-14,0,0,0
2021-07-14,0,0,0
2021-07-14,0,0,0
2021-07-14,0,0,0
2021-07-14,0,0,0
2021-07-14,0,0,0
2021-07-14,0,0,0
2021-07-14,0,0,0
2021-07-14,0,0,0
2021-07-14,0,0,0
2021-07-14,0,0,0
2021-07-15,0,0,0
2021-07-15,0,0,0
2021-07-15,0,0,0
2021-07-15,0,0,0
2021-07-15,0,0,0
2021-07-15,0,0,0
2021-07-15,0,0,0
2021-07-15,0,0,0
2021-07-15,0,0,0
2021-07-15,0,0,0
2021-07-15,20,3,17
2021-07-15,15,5,10
2021-07-15,14,6,8
2021-07-15,12,5,7
2021-07-15,23,15,8
2021-07-15,23,13,10
2021-07-15,21,10,11
2021-07-15,40,19,21
2021-07-15,24,14,10
2021-07-15,37,21,16
2021-07-15,22,15,7
2021-07-15,21,14,7
2021-07-15,14,10,4
2021-07-15,8,1,7
2021-07-16,3,3,0
2021-07-16,1,0,1
2021-07-16,0,0,0
2021-07-16,4,4,0
2021-07-16,4,3,1
2021-07-16,7,6,1
2021-07-16,17,14,3
2021-07-16,25,14,11
2021-07-16,13,6,7
2021-07-16,3,2,1
2021-07-16,9,3,6
2021-07-16,17,10,7
2021-07-16,12,8,4
2021-07-16,12,7,5
2021-07-16,14,7,7
2021-07-16,21,10,11
2021-07-16,34,10,24
2021-07-16,38,21,17
2021-07-16,26,15,11
2021-07-16,19,7,12
2021-07-16,9,5,4
2021-07-16,16,10,6
2021-07-16,5,1,4
2021-07-16,4,0,4
2021-07-17,6,4,2
2021-07-17,1,1,0
2021-07-17,7,4,3
2021-07-17,0,0,0
2021-07-17,2,2,0
2021-07-17,6,6,0
2021-07-17,10,6,4
2021-07-17,12,9,3
2021-07-17,5,0,5
2021-07-17,8,5,3
2021-07-17,13,6,7
2021-07-17,6,3,3
2021-07-17,15,10,5
2021-07-17,31,11,20
2021-07-17,34,17,17
2021-07-17,34,22,12
2021-07-17,21,10,11
2021-07-17,24,12,12
2021-07-17,19,12,7
2021-07-17,17,7,10
2021-07-17,9,2,7
2021-07-17,9,4,5
2021-07-17,7,4,3
2021-07-17,6,4,2
2021-07-18,7,5,2
2021-07-18,4,2,2
2021-07-18,5,3,2
2021-07-18,1,1,0
2021-07-18,2,2,0
2021-07-18,2,2,0
2021-07-18,6,1,5
2021-07-18,6,3,3
2021-07-18,6,2,4
2021-07-18,9,3,6
2021-07-18,9,4,5
2021-07-18,10,5,5
2021-07-18,17,8,9
2021-07-18,24,13,11
2021-07-18,19,6,13
2021-07-18,28,13,15
2021-07-18,17,10,7
2021-07-18,25,18,7
2021-07-18,6,3,3
2021-07-18,11,4,7
2021-07-18,13,9,4
2021-07-18,13,6,7
2021-07-18,13,8,5
2021-07-18,4,3,1
2021-07-19,2,2,0
2021-07-19,3,2,1
2021-07-19,0,0,0
2021-07-19,1,0,1
2021-07-19,4,3,1
2021-07-19,9,6,3
2021-07-19,14,8,6
2021-07-19,26,18,8
2021-07-19,16,11,5
2021-07-19,7,5,2
2021-07-19,8,3,5
2021-07-19,11,2,9
2021-07-19,5,2,3
2021-07-19,13,11,2
2021-07-19,9,5,4
2021-07-19,10,3,7
2021-07-19,21,6,15
2021-07-19,38,14,24
2021-07-19,32,14,18
2021-07-19,24,11,13
2021-07-19,18,11,7
2021-07-19,5,3,2
2021-07-19,6,1,5
2021-07-19,7,4,3
2021-07-20,3,3,0
2021-07-20,0,0,0
2021-07-20,1,1,0
2021-07-20,0,0,0
2021-07-20,4,3,1
2021-07-20,9,7,2
2021-07-20,18,14,4
2021-07-20,21,15,6
2021-07-20,21,8,13
2021-07-20,11,7,4
2021-07-20,9,4,5
2021-07-20,12,6,6
2021-07-20,13,11,2
2021-07-20,13,5,8
2021-07-20,17,10,7
2021-07-20,26,14,12
2021-07-20,35,16,19
2021-07-20,47,24,23
2021-07-20,26,14,12
2021-07-20,24,7,17
2021-07-20,10,6,4
2021-07-20,10,6,4
2021-07-20,9,6,3
2021-07-20,6,3,3
2021-07-21,6,4,2
2021-07-21,7,3,4
2021-07-21,0,0,0
2021-07-21,0,0,0
2021-07-21,2,2,0
2021-07-21,12,7,5
2021-07-21,15,11,4
2021-07-21,22,20,2
2021-07-21,17,8,9
2021-07-21,15,7,8
2021-07-21,12,5,7
2021-07-21,9,5,4
2021-07-21,7,5,2
2021-07-21,15,9,6
2021-07-21,21,8,13
2021-07-21,15,9,6
2021-07-21,38,16,22
2021-07-21,22,10,12
2021-07-21,27,12,15
2021-07-21,26,14,12
2021-07-21,10,4,6
2021-07-21,10,4,6
2021-07-21,5,3,2
2021-07-21,1,1,0
2021-07-22,3,3,0
2021-07-22,0,0,0
2021-07-22,3,3,0
2021-07-22,0,0,0
2021-07-22,6,5,1
2021-07-22,5,3,2
2021-07-22,17,13,4
2021-07-22,30,22,8
2021-07-22,22,11,11
2021-07-22,16,7,9
2021-07-22,15,6,9
2021-07-22,15,7,8
2021-07-22,11,5,6
2021-07-22,14,8,6
2021-07-22,22,11,11
2021-07-22,26,15,11
2021-07-22,28,13,15
2021-07-22,44,22,22
2021-07-22,29,15,14
2021-07-22,18,11,7
2021-07-22,18,6,12
2021-07-22,7,3,4
2021-07-22,7,6,1
2021-07-22,8,5,3
2021-07-23,6,3,3
2021-07-23,8,6,2
2021-07-23,2,1,1
2021-07-23,1,1,0
2021-07-23,5,5,0
2021-07-23,10,5,5
2021-07-23,12,7,5
2021-07-23,16,11,5
2021-07-23,14,7,7
2021-07-23,10,4,6
2021-07-23,12,7,5
2021-07-23,6,3,3
2021-07-23,17,8,9
2021-07-23,19,12,7
2021-07-23,13,6,7
2021-07-23,20,12,8
2021-07-23,29,12,17
2021-07-23,30,14,16
2021-07-23,17,10,7
2021-07-23,22,13,9
2021-07-23,16,10,6
2021-07-23,7,5,2
2021-07-23,11,5,6
2021-07-23,11,8,3
2021-07-24,0,0,0
2021-07-24,3,1,2
2021-07-24,4,3,1
2021-07-24,1,1,0
2021-07-24,5,4,1
2021-07-24,3,1,2
2021-07-24,13,9,4
2021-07-24,5,2,3
2021-07-24,4,2,2
2021-07-24,10,7,3
2021-07-24,7,2,5
2021-07-24,12,6,6
2021-07-24,16,7,9
2021-07-24,9,4,5
2021-07-24,20,9,11
2021-07-24,19,5,14
2021-07-24,14,8,6
2021-07-24,19,11,8
2021-07-24,14,8,6
2021-07-24,8,2,6
2021-07-24,12,5,7
2021-07-24,14,5,9
2021-07-24,14,8,6
2021-07-24,8,3,5
2021-07-25,6,5,1
2021-07-25,10,4,6
2021-07-25,2,2,0
2021-07-25,0,0,0
2021-07-25,4,4,0
2021-07-25,3,2,1
2021-07-25,6,3,3
2021-07-25,5,4,1
2021-07-25,1,0,1
2021-07-25,12,6,6
2021-07-25,14,7,7
2021-07-25,15,7,8
2021-07-25,14,9,5
2021-07-25,10,8,2
2021-07-25,13,8,5
2021-07-25,23,15,8
2021-07-25,19,11,8
2021-07-25,21,15,6
2021-07-25,19,8,11
2021-07-25,23,12,11
2021-07-25,4,2,2
2021-07-25,13,8,5
2021-07-25,5,4,1
2021-07-25,6,3,3
2021-07-26,0,0,0
2021-07-26,2,2,0
2021-07-26,0,0,0
2021-07-26,0,0,0
2021-07-26,3,3,0
2021-07-26,10,6,4
2021-07-26,14,9,5
2021-07-26,30,18,12
2021-07-26,19,10,9
2021-07-26,15,7,8
2021-07-26,16,8,8
2021-07-26,8,6,2
2021-07-26,18,9,9
2021-07-26,18,11,7
2021-07-26,15,6,9
2021-07-26,15,10,5
2021-07-26,23,8,15
2021-07-26,36,17,19
2021-07-26,42,21,21
2021-07-26,17,8,9
2021-07-26,12,5,7
2021-07-26,8,5,3
2021-07-26,15,7,8
2021-07-26,5,2,3
2021-07-27,3,2,1
2021-07-27,0,0,0
2021-07-27,0,0,0
2021-07-27,0,0,0
2021-07-27,4,4,0
2021-07-27,15,7,8
2021-07-27,13,8,5
2021-07-27,30,22,8
2021-07-27,22,10,12
2021-07-27,16,7,9
2021-07-27,11,7,4
2021-07-27,17,7,10
2021-07-27,25,12,13
2021-07-27,16,8,8
2021-07-27,24,13,11
2021-07-27,22,11,11
2021-07-27,47,22,25
2021-07-27,42,24,18
2021-07-27,47,30,17
2021-07-27,21,7,14
2021-07-27,24,11,13
2021-07-27,7,4,3
2021-07-27,10,1,9
2021-07-27,5,2,3
2021-07-28,2,2,0
2021-07-28,3,2,1
2021-07-28,0,0,0
2021-07-28,1,1,0
2021-07-28,2,2,0
2021-07-28,9,5,4
2021-07-28,17,13,4
2021-07-28,30,22,8
2021-07-28,20,10,10
2021-07-28,16,9,7
2021-07-28,13,10,3
2021-07-28,20,11,9
2021-07-28,10,3,7
2021-07-28,16,8,8
2021-07-28,18,9,9
2021-07-28,22,11,11
2021-07-28,32,17,15
2021-07-28,36,16,20
2021-07-28,49,33,16
2021-07-28,36,21,15
2021-07-28,22,12,10
2021-07-28,11,4,7
2021-07-28,13,5,8
2021-07-28,4,1,3
2021-07-29,1,1,0
2021-07-29,1,1,0
2021-07-29,1,1,0
2021-07-29,1,0,1
2021-07-29,4,4,0
2021-07-29,8,6,2
2021-07-29,26,17,9
2021-07-29,23,15,8
2021-07-29,10,5,5
2021-07-29,16,10,6
2021-07-29,26,11,15
2021-07-29,14,7,7
2021-07-29,13,6,7
2021-07-29,14,8,6
2021-07-29,16,7,9
2021-07-29,25,12,13
2021-07-29,27,12,15
2021-07-29,36,16,20
2021-07-29,30,17,13
2021-07-29,38,20,18
2021-07-29,16,12,4
2021-07-29,12,7,5
2021-07-29,11,7,4
2021-07-29,12,10,2
2021-07-30,3,1,2
2021-07-30,1,0,1
2021-07-30,3,1,2
2021-07-30,0,0,0
2021-07-30,1,1,0
2021-07-30,10,8,2
2021-07-30,17,13,4
2021-07-30,21,12,9
2021-07-30,18,10,8
2021-07-30,11,5,6
2021-07-30,12,3,9
2021-07-30,12,3,9
2021-07-30,25,15,10
2021-07-30,19,8,11
2021-07-30,26,16,10
2021-07-30,26,10,16
2021-07-30,33,21,12
2021-07-30,35,15,20
2021-07-30,20,11,9
2021-07-30,31,18,13
2021-07-30,17,14,3
2021-07-30,14,11,3
2021-07-30,20,8,12
2021-07-30,14,7,7
2021-07-31,8,6,2
2021-07-31,11,6,5
2021-07-31,11,7,4
2021-07-31,1,1,0
2021-07-31,3,2,1
2021-07-31,3,2,1
2021-07-31,12,9,3
2021-07-31,8,4,4
2021-07-31,3,2,1
2021-07-31,6,4,2
2021-07-31,11,4,7
2021-07-31,6,2,4
2021-07-31,11,7,4
2021-07-31,26,13,13
2021-07-31,19,13,6
2021-07-31,16,10,6
2021-07-31,14,2,12
2021-07-31,7,4,3
2021-07-31,0,0,0
2021-07-31,0,0,0
2021-07-31,0,0,0
2021-07-31,0,0,0
2021-07-31,0,0,0
2021-07-31,0,0,0
2021-08-01,0,0,0
2021-08-01,0,0,0
2021-08-01,0,0,0
2021-08-01,0,0,0
2021-08-01,0,0,0
2021-08-01,0,0,0
2021-08-01,0,0,0
2021-08-01,0,0,0
2021-08-01,0,0,0
2021-08-01,0,0,0
2021-08-01,0,0,0
2021-08-01,0,0,0
2021-08-01,0,0,0
2021-08-01,0,0,0
2021-08-01,0,0,0
2021-08-01,0,0,0
2021-08-01,0,0,0
2021-08-01,0,0,0
2021-08-01,0,0,0
2021-08-01,0,0,0
2021-08-01,0,0,0
2021-08-01,0,0,0
2021-08-01,0,0,0
2021-08-01,0,0,0
2021-08-02,0,0,0
2021-08-02,0,0,0
2021-08-02,0,0,0
2021-08-02,0,0,0
2021-08-02,0,0,0
2021-08-02,0,0,0
2021-08-02,0,0,0
2021-08-02,0,0,0
2021-08-02,0,0,0
2021-08-02,2,0,2
2021-08-02,0,0,0
2021-08-02,0,0,0
2021-08-02,0,0,0
2021-08-02,0,0,0
2021-08-02,0,0,0
2021-08-02,0,0,0
2021-08-02,0,0,0
2021-08-02,0,0,0
2021-08-02,0,0,0
2021-08-02,0,0,0
2021-08-02,0,0,0
2021-08-02,0,0,0
2021-08-02,0,0,0
2021-08-02,0,0,0
2021-08-03,0,0,0
2021-08-03,0,0,0
2021-08-03,0,0,0
2021-08-03,0,0,0
2021-08-03,0,0,0
2021-08-03,0,0,0
2021-08-03,0,0,0
2021-08-03,0,0,0
2021-08-03,0,0,0
2021-08-03,0,0,0
2021-08-03,8,2,6
2021-08-03,0,0,0
2021-08-03,0,0,0
2021-08-03,0,0,0
2021-08-03,0,0,0
2021-08-03,0,0,0
2021-08-03,0,0,0
2021-08-03,0,0,0
2021-08-03,0,0,0
2021-08-03,0,0,0
2021-08-03,0,0,0
2021-08-03,0,0,0
2021-08-03,0,0,0
2021-08-03,0,0,0
2021-08-04,0,0,0
2021-08-04,0,0,0
2021-08-04,0,0,0
2021-08-04,0,0,0
2021-08-04,0,0,0
2021-08-04,0,0,0
2021-08-04,0,0,0
2021-08-04,0,0,0
2021-08-04,0,0,0
2021-08-04,0,0,0
2021-08-04,0,0,0
2021-08-04,0,0,0
2021-08-04,0,0,0
2021-08-04,0,0,0
2021-08-04,0,0,0
2021-08-04,0,0,0
2021-08-04,0,0,0
2021-08-04,0,0,0
2021-08-04,0,0,0
2021-08-04,0,0,0
2021-08-04,0,0,0
2021-08-04,0,0,0
2021-08-04,0,0,0
2021-08-04,0,0,0
2021-08-05,0,0,0
2021-08-05,0,0,0
2021-08-05,0,0,0
2021-08-05,0,0,0
2021-08-05,0,0,0
2021-08-05,0,0,0
2021-08-05,0,0,0
2021-08-05,0,0,0
2021-08-05,0,0,0
2021-08-05,0,0,0
2021-08-05,0,0,0
2021-08-05,0,0,0
2021-08-05,0,0,0
2021-08-05,0,0,0
2021-08-05,0,0,0
2021-08-05,0,0,0
2021-08-05,0,0,0
2021-08-05,0,0,0
2021-08-05,0,0,0
2021-08-05,0,0,0
2021-08-05,0,0,0
2021-08-05,0,0,0
2021-08-05,1,1,0
2021-08-05,0,0,0
2021-08-06,0,0,0
2021-08-06,0,0,0
2021-08-06,0,0,0
2021-08-06,0,0,0
2021-08-06,0,0,0
2021-08-06,0,0,0
2021-08-06,0,0,0
2021-08-06,0,0,0
2021-08-06,0,0,0
2021-08-06,0,0,0
2021-08-06,0,0,0
2021-08-06,0,0,0
2021-08-06,0,0,0
2021-08-06,0,0,0
2021-08-06,0,0,0
2021-08-06,0,0,0
2021-08-06,0,0,0
2021-08-06,0,0,0
2021-08-06,0,0,0
2021-08-06,1,0,1
2021-08-06,0,0,0
2021-08-06,0,0,0
2021-08-06,0,0,0
2021-08-06,0,0,0
2021-08-07,0,0,0
2021-08-07,0,0,0
2021-08-07,0,0,0
2021-08-07,0,0,0
2021-08-07,0,0,0
2021-08-07,0,0,0
2021-08-07,0,0,0
2021-08-07,0,0,0
2021-08-07,0,0,0
2021-08-07,0,0,0
2021-08-07,0,0,0
2021-08-07,0,0,0
2021-08-07,0,0,0
2021-08-07,0,0,0
2021-08-07,0,0,0
2021-08-07,0,0,0
2021-08-07,0,0,0
2021-08-07,0,0,0
2021-08-07,0,0,0
2021-08-07,0,0,0
2021-08-07,0,0,0
2021-08-07,0,0,0
2021-08-07,0,0,0
2021-08-07,0,0,0
2021-08-08,0,0,0
2021-08-08,0,0,0
2021-08-08,0,0,0
2021-08-08,0,0,0
2021-08-08,0,0,0
2021-08-08,0,0,0
2021-08-08,0,0,0
2021-08-08,0,0,0
2021-08-08,0,0,0
2021-08-08,0,0,0
2021-08-08,0,0,0
2021-08-08,0,0,0
2021-08-08,0,0,0
2021-08-08,0,0,0
2021-08-08,0,0,0
2021-08-08,0,0,0
2021-08-08,0,0,0
2021-08-08,0,0,0
2021-08-08,0,0,0
2021-08-08,1,0,1
2021-08-08,0,0,0
2021-08-08,0,0,0
2021-08-08,0,0,0
2021-08-08,0,0,0
2021-08-09,0,0,0
2021-08-09,0,0,0
2021-08-09,0,0,0
2021-08-09,0,0,0
2021-08-09,0,0,0
2021-08-09,0,0,0
2021-08-09,0,0,0
2021-08-09,1,1,0
2021-08-09,0,0,0
2021-08-09,0,0,0
2021-08-09,0,0,0
2021-08-09,0,0,0
2021-08-09,0,0,0
2021-08-09,0,0,0
2021-08-09,0,0,0
2021-08-09,0,0,0
2021-08-09,0,0,0
2021-08-09,0,0,0
2021-08-09,0,0,0
2021-08-09,0,0,0
2021-08-09,0,0,0
2021-08-09,0,0,0
2021-08-09,0,0,0
2021-08-09,0,0,0
2021-08-10,0,0,0
2021-08-10,0,0,0
2021-08-10,0,0,0
2021-08-10,0,0,0
2021-08-10,0,0,0
2021-08-10,0,0,0
2021-08-10,0,0,0
2021-08-10,0,0,0
2021-08-10,0,0,0
2021-08-10,0,0,0
2021-08-10,0,0,0
2021-08-10,0,0,0
2021-08-10,0,0,0
2021-08-10,0,0,0
2021-08-10,0,0,0
2021-08-10,0,0,0
2021-08-10,0,0,0
2021-08-10,0,0,0
2021-08-10,0,0,0
2021-08-10,0,0,0
2021-08-10,0,0,0
2021-08-10,0,0,0
2021-08-10,0,0,0
2021-08-10,0,0,0
2021-08-11,0,0,0
2021-08-11,0,0,0
2021-08-11,0,0,0
2021-08-11,0,0,0
2021-08-11,0,0,0
2021-08-11,0,0,0
2021-08-11,0,0,0
2021-08-11,1,0,1
2021-08-11,0,0,0
2021-08-11,0,0,0
2021-08-11,0,0,0
2021-08-11,0,0,0
2021-08-11,0,0,0
2021-08-11,0,0,0
2021-08-11,0,0,0
2021-08-11,0,0,0
2021-08-11,0,0,0
2021-08-11,0,0,0
2021-08-11,0,0,0
2021-08-11,0,0,0
2021-08-11,0,0,0
2021-08-11,0,0,0
2021-08-11,0,0,0
2021-08-11,0,0,0
2021-08-12,0,0,0
2021-08-12,0,0,0
2021-08-12,0,0,0
2021-08-12,0,0,0
2021-08-12,0,0,0
2021-08-12,0,0,0
2021-08-12,0,0,0
2021-08-12,0,0,0
2021-08-12,0,0,0
2021-08-12,0,0,0
2021-08-12,0,0,0
2021-08-12,11,2,9
2021-08-12,17,10,7
2021-08-12,17,4,13
2021-08-12,16,11,5
2021-08-12,26,16,10
2021-08-12,29,18,11
2021-08-12,29,11,18
2021-08-12,30,13,17
2021-08-12,31,14,17
2021-08-12,21,9,12
2021-08-12,21,8,13
2021-08-12,14,3,11
2021-08-12,12,6,6
2021-08-13,5,1,4
2021-08-13,0,0,0
2021-08-13,0,0,0
2021-08-13,0,0,0
2021-08-13,3,0,3
2021-08-13,7,2,5
2021-08-13,19,5,14
2021-08-13,14,3,11
2021-08-13,18,11,7
2021-08-13,14,9,5
2021-08-13,11,4,7
2021-08-13,11,6,5
2021-08-13,12,6,6
2021-08-13,18,7,11
2021-08-13,11,6,5
2021-08-13,20,11,9
2021-08-13,27,15,12
2021-08-13,33,17,16
2021-08-13,31,15,16
2021-08-13,16,6,10
2021-08-13,23,11,12
2021-08-13,9,2,7
2021-08-13,18,6,12
2021-08-13,14,3,11
2021-08-14,4,2,2
2021-08-14,4,0,4
2021-08-14,3,0,3
2021-08-14,0,0,0
2021-08-14,2,0,2
2021-08-14,5,2,3
2021-08-14,10,5,5
2021-08-14,9,2,7
2021-08-14,8,4,4
2021-08-14,17,9,8
2021-08-14,7,2,5
2021-08-14,14,6,8
2021-08-14,18,9,9
2021-08-14,15,8,7
2021-08-14,15,6,9
2021-08-14,20,8,12
2021-08-14,10,4,6
2021-08-14,16,9,7
2021-08-14,23,6,17
2021-08-14,15,10,5
2021-08-14,9,2,7
2021-08-14,17,8,9
2021-08-14,13,4,9
2021-08-14,16,4,12
2021-08-15,10,3,7
2021-08-15,12,4,8
2021-08-15,2,0,2
2021-08-15,0,0,0
2021-08-15,2,0,2
2021-08-15,4,1,3
2021-08-15,11,5,6
2021-08-15,3,1,2
2021-08-15,5,4,1
2021-08-15,9,3,6
2021-08-15,14,9,5
2021-08-15,12,5,7
2021-08-15,21,12,9
2021-08-15,16,6,10
2021-08-15,13,5,8
2021-08-15,16,8,8
2021-08-15,20,6,14
2021-08-15,28,11,17
2021-08-15,17,10,7
2021-08-15,21,11,10
2021-08-15,12,5,7
2021-08-15,17,6,11
2021-08-15,10,5,5
2021-08-15,6,3,3
2021-08-16,4,2,2
2021-08-16,7,4,3
2021-08-16,0,0,0
2021-08-16,0,0,0
2021-08-16,3,0,3
2021-08-16,7,4,3
2021-08-16,20,9,11
2021-08-16,26,10,16
2021-08-16,20,9,11
2021-08-16,19,7,12
2021-08-16,16,8,8
2021-08-16,12,5,7
2021-08-16,8,4,4
2021-08-16,21,15,6
2021-08-16,12,4,8
2021-08-16,29,20,9
2021-08-16,29,17,12
2021-08-16,41,21,20
2021-08-16,29,13,16
2021-08-16,17,12,5
2021-08-16,18,8,10
2021-08-16,8,1,7
2021-08-16,8,4,4
2021-08-16,4,1,3
2021-08-17,1,0,1
2021-08-17,0,0,0
2021-08-17,1,0,1
2021-08-17,2,1,1
2021-08-17,4,1,3
2021-08-17,11,3,8
2021-08-17,20,8,12
2021-08-17,28,10,18
2021-08-17,20,14,6
2021-08-17,21,12,9
2021-08-17,12,9,3
2021-08-17,8,3,5
2021-08-17,13,7,6
2021-08-17,21,11,10
2021-08-17,19,10,9
2021-08-17,32,13,19
2021-08-17,31,20,11
2021-08-17,40,24,16
2021-08-17,24,17,7
2021-08-17,38,17,21
2021-08-17,16,4,12
2021-08-17,7,3,4
2021-08-17,3,0,3
2021-08-17,6,2,4
2021-08-18,2,1,1
2021-08-18,2,1,1
2021-08-18,1,0,1
2021-08-18,1,0,1
2021-08-18,6,4,2
2021-08-18,5,2,3
2021-08-18,19,5,14
2021-08-18,26,9,17
2021-08-18,23,11,12
2021-08-18,10,4,6
2021-08-18,12,7,5
2021-08-18,16,7,9
2021-08-18,15,4,11
2021-08-18,21,12,9
2021-08-18,22,11,11
2021-08-18,24,11,13
2021-08-18,43,26,17
2021-08-18,44,25,19
2021-08-18,36,15,21
2021-08-18,28,15,13
2021-08-18,12,4,8
2021-08-18,8,2,6
2021-08-18,7,2,5
2021-08-18,8,1,7
2021-08-19,5,0,5
2021-08-19,1,0,1
2021-08-19,0,0,0
2021-08-19,0,0,0
2021-08-19,6,2,4
2021-08-19,2,0,2
2021-08-19,19,8,11
2021-08-19,30,13,17
2021-08-19,18,6,12
2021-08-19,16,9,7
2021-08-19,17,6,11
2021-08-19,14,7,7
2021-08-19,10,6,4
2021-08-19,12,7,5
2021-08-19,15,10,5
2021-08-19,27,10,17
2021-08-19,37,26,11
2021-08-19,32,15,17
2021-08-19,35,20,15
2021-08-19,33,12,21
2021-08-19,16,7,9
2021-08-19,14,7,7
2021-08-19,19,9,10
2021-08-19,9,3,6
2021-08-20,3,1,2
2021-08-20,3,2,1
2021-08-20,3,0,3
2021-08-20,1,0,1
2021-08-20,4,2,2
2021-08-20,7,1,6
2021-08-20,15,6,9
2021-08-20,21,4,17
2021-08-20,22,11,11
2021-08-20,11,7,4
2021-08-20,10,5,5
2021-08-20,17,8,9
2021-08-20,16,10,6
2021-08-20,19,9,10
2021-08-20,21,10,11
2021-08-20,29,14,15
2021-08-20,24,15,9
2021-08-20,30,18,12
2021-08-20,30,17,13
2021-08-20,29,14,15
2021-08-20,14,8,6
2021-08-20,15,8,7
2021-08-20,11,6,5
2021-08-20,16,1,15
2021-08-21,3,0,3
2021-08-21,4,1,3
2021-08-21,7,3,4
2021-08-21,1,0,1
2021-08-21,3,2,1
2021-08-21,3,1,2
2021-08-21,10,3,7
2021-08-21,6,1,5
2021-08-21,4,2,2
2021-08-21,2,1,1
2021-08-21,15,5,10
2021-08-21,18,9,9
2021-08-21,19,10,9
2021-08-21,14,5,9
2021-08-21,10,5,5
2021-08-21,14,6,8
2021-08-21,18,10,8
2021-08-21,15,5,10
2021-08-21,17,6,11
2021-08-21,19,11,8
2021-08-21,9,5,4
2021-08-21,9,3,6
2021-08-21,22,9,13
2021-08-21,10,3,7
2021-08-22,8,0,8
2021-08-22,7,4,3
2021-08-22,4,0,4
2021-08-22,2,1,1
2021-08-22,5,2,3
2021-08-22,5,1,4
2021-08-22,11,6,5
2021-08-22,3,1,2
2021-08-22,7,2,5
2021-08-22,4,3,1
2021-08-22,22,10,12
2021-08-22,7,3,4
2021-08-22,11,5,6
2021-08-22,19,6,13
2021-08-22,19,6,13
2021-08-22,10,6,4
2021-08-22,21,7,14
2021-08-22,19,8,11
2021-08-22,14,9,5
2021-08-22,17,8,9
2021-08-22,16,9,7
2021-08-22,21,3,18
2021-08-22,6,4,2
2021-08-22,9,3,6
2021-08-23,4,2,2
2021-08-23,1,0,1
2021-08-23,1,0,1
2021-08-23,1,1,0
2021-08-23,6,2,4
2021-08-23,6,1,5
2021-08-23,19,6,13
2021-08-23,25,9,16
2021-08-23,21,8,13
2021-08-23,2,1,1
2021-08-23,10,5,5
2021-08-23,14,6,8
2021-08-23,5,3,2
2021-08-23,14,10,4
2021-08-23,14,7,7
2021-08-23,28,16,12
2021-08-23,23,11,12
2021-08-23,36,22,14
2021-08-23,34,17,17
2021-08-23,24,13,11
2021-08-23,8,5,3
2021-08-23,6,5,1
2021-08-23,0,0,0
2021-08-23,0,0,0
2021-08-24,0,0,0
2021-08-24,0,0,0
2021-08-24,0,0,0
2021-08-24,0,0,0
2021-08-24,0,0,0
2021-08-24,0,0,0
2021-08-24,0,0,0
2021-08-24,0,0,0
2021-08-24,0,0,0
2021-08-24,0,0,0
2021-08-24,0,0,0
2021-08-24,0,0,0
2021-08-24,0,0,0
2021-08-24,0,0,0
2021-08-24,0,0,0
2021-08-24,0,0,0
2021-08-24,2,1,1
2021-08-24,0,0,0
2021-08-24,0,0,0
2021-08-24,0,0,0
2021-08-24,0,0,0
2021-08-24,0,0,0
2021-08-24,0,0,0
2021-08-24,0,0,0
2021-08-25,0,0,0
2021-08-25,0,0,0
2021-08-25,0,0,0
2021-08-25,0,0,0
2021-08-25,0,0,0
2021-08-25,0,0,0
2021-08-25,0,0,0
2021-08-25,0,0,0
2021-08-25,0,0,0
2021-08-25,0,0,0
2021-08-25,0,0,0
2021-08-25,0,0,0
2021-08-25,0,0,0
2021-08-25,0,0,0
2021-08-25,0,0,0
2021-08-25,0,0,0
2021-08-25,0,0,0
2021-08-25,0,0,0
2021-08-25,0,0,0
2021-08-25,0,0,0
2021-08-25,0,0,0
2021-08-25,0,0,0
2021-08-25,0,0,0
2021-08-25,0,0,0
2021-08-26,0,0,0
2021-08-26,0,0,0
2021-08-26,0,0,0
2021-08-26,0,0,0
2021-08-26,0,0,0
2021-08-26,0,0,0
2021-08-26,0,0,0
2021-08-26,0,0,0
2021-08-26,0,0,0
2021-08-26,0,0,0
2021-08-26,0,0,0
2021-08-26,0,0,0
2021-08-26,0,0,0
2021-08-26,0,0,0
2021-08-26,0,0,0
2021-08-26,0,0,0
2021-08-26,0,0,0
2021-08-26,63,32,31
2021-08-26,24,14,10
2021-08-26,20,6,14
2021-08-26,14,4,10
2021-08-26,11,3,8
2021-08-26,11,7,4
2021-08-26,14,7,7
2021-08-27,3,2,1
2021-08-27,0,0,0
2021-08-27,4,3,1
2021-08-27,1,1,0
2021-08-27,4,3,1
2021-08-27,5,3,2
2021-08-27,16,7,9
2021-08-27,21,12,9
2021-08-27,11,6,5
2021-08-27,13,6,7
2021-08-27,11,6,5
2021-08-27,9,5,4
2021-08-27,16,10,6
2021-08-27,16,7,9
2021-08-27,26,15,11
2021-08-27,34,21,13
2021-08-27,24,16,8
2021-08-27,35,19,16
2021-08-27,42,20,22
2021-08-27,26,18,8
2021-08-27,21,14,7
2021-08-27,15,10,5
2021-08-27,15,6,9
2021-08-27,15,11,4
2021-08-28,2,0,2
2021-08-28,5,3,2
2021-08-28,4,2,2
2021-08-28,2,2,0
2021-08-28,2,0,2
2021-08-28,8,6,2
2021-08-28,8,2,6
2021-08-28,6,4,2
2021-08-28,1,1,0
2021-08-28,10,5,5
2021-08-28,25,17,8
2021-08-28,19,8,11
2021-08-28,16,8,8
2021-08-28,28,17,11
2021-08-28,19,11,8
2021-08-28,25,14,11
2021-08-28,11,4,7
2021-08-28,18,10,8
2021-08-28,22,14,8
2021-08-28,21,7,14
2021-08-28,17,9,8
2021-08-28,16,10,6
2021-08-28,10,5,5
2021-08-28,5,5,0
2021-08-29,11,6,5
2021-08-29,11,8,3
2021-08-29,5,3,2
2021-08-29,0,0,0
2021-08-29,2,2,0
2021-08-29,2,1,1
2021-08-29,3,2,1
2021-08-29,2,2,0
2021-08-29,4,2,2
2021-08-29,6,4,2
2021-08-29,11,7,4
2021-08-29,11,2,9
2021-08-29,12,5,7
2021-08-29,18,13,5
2021-08-29,25,12,13
2021-08-29,16,9,7
2021-08-29,17,12,5
2021-08-29,21,11,10
2021-08-29,21,13,8
2021-08-29,13,7,6
2021-08-29,11,7,4
2021-08-29,12,7,5
2021-08-29,11,5,6
2021-08-29,5,2,3
2021-08-30,6,3,3
2021-08-30,2,1,1
2021-08-30,3,2,1
2021-08-30,0,0,0
2021-08-30,7,3,4
2021-08-30,5,3,2
2021-08-30,13,8,5
2021-08-30,29,21,8
2021-08-30,15,11,4
2021-08-30,10,7,3
2021-08-30,11,4,7
2021-08-30,12,7,5
2021-08-30,8,6,2
2021-08-30,9,4,5
2021-08-30,15,9,6
2021-08-30,23,12,11
2021-08-30,21,12,9
2021-08-30,37,14,23
2021-08-30,39,19,20
2021-08-30,24,13,11
2021-08-30,13,9,4
2021-08-30,11,7,4
2021-08-30,16,8,8
2021-08-30,5,3,2
2021-08-31,3,3,0
2021-08-31,0,0,0
2021-08-31,0,0,0
2021-08-31,1,1,0
2021-08-31,5,3,2
2021-08-31,8,5,3
2021-08-31,22,16,6
2021-08-31,30,18,12
2021-08-31,19,8,11
2021-08-31,12,6,6
2021-08-31,12,6,6
2021-08-31,11,5,6
2021-08-31,22,12,10
2021-08-31,22,12,10
2021-08-31,22,11,11
2021-08-31,27,11,16
2021-08-31,34,17,17
2021-08-31,41,28,13
2021-08-31,25,10,15
2021-08-31,34,17,17
2021-08-31,20,13,7
2021-08-31,10,7,3
2021-08-31,10,5,5
2021-08-31,6,5,1
2021-09-01,4,4,0
2021-09-01,0,0,0
2021-09-01,0,0,0
2021-09-01,1,1,0
2021-09-01,3,1,2
2021-09-01,9,7,2
2021-09-01,23,16,7
2021-09-01,25,13,12
2021-09-01,23,16,7
2021-09-01,11,6,5
2021-09-01,10,6,4
2021-09-01,18,9,9
2021-09-01,15,8,7
2021-09-01,22,10,12
2021-09-01,28,21,7
2021-09-01,26,16,10
2021-09-01,35,14,21
2021-09-01,43,24,19
2021-09-01,31,16,15
2021-09-01,29,18,11
2021-09-01,11,4,7
2021-09-01,11,5,6
2021-09-01,3,2,1
2021-09-01,4,4,0
2021-09-02,1,1,0
2021-09-02,0,0,0
2021-09-02,2,1,1
2021-09-02,1,0,1
2021-09-02,8,7,1
2021-09-02,7,4,3
2021-09-02,17,9,8
2021-09-02,29,22,7
2021-09-02,20,13,7
2021-09-02,11,6,5
2021-09-02,12,7,5
2021-09-02,13,6,7
2021-09-02,18,12,6
2021-09-02,28,19,9
2021-09-02,17,8,9
2021-09-02,24,10,14
2021-09-02,34,16,18
2021-09-02,40,19,21
2021-09-02,38,20,18
2021-09-02,28,13,15
2021-09-02,17,10,7
2021-09-02,14,6,8
2021-09-02,9,7,2
2021-09-02,11,8,3
2021-09-03,3,2,1
2021-09-03,4,3,1
2021-09-03,3,2,1
2021-09-03,2,1,1
2021-09-03,3,2,1
2021-09-03,10,7,3
2021-09-03,19,14,5
2021-09-03,19,11,8
2021-09-03,21,15,6
2021-09-03,14,4,10
2021-09-03,15,7,8
2021-09-03,13,8,5
2021-09-03,20,6,14
2021-09-03,14,9,5
2021-09-03,18,8,10
2021-09-03,35,23,12
2021-09-03,26,13,13
2021-09-03,39,19,20
2021-09-03,27,17,10
2021-09-03,14,5,9
2021-09-03,16,8,8
2021-09-03,11,8,3
2021-09-03,10,6,4
2021-09-03,11,5,6
2021-09-04,12,10,2
2021-09-04,10,6,4
2021-09-04,4,3,1
2021-09-04,1,1,0
2021-09-04,1,1,0
2021-09-04,5,4,1
2021-09-04,9,7,2
2021-09-04,8,7,1
2021-09-04,2,1,1
2021-09-04,9,3,6
2021-09-04,17,8,9
2021-09-04,14,7,7
2021-09-04,15,4,11
2021-09-04,22,14,8
2021-09-04,17,9,8
2021-09-04,19,9,10
2021-09-04,21,9,12
2021-09-04,24,8,16
2021-09-04,22,12,10
2021-09-04,20,10,10
2021-09-04,16,11,5
2021-09-04,12,4,8
2021-09-04,11,9,2
2021-09-04,16,12,4
2021-09-05,15,10,5
2021-09-05,2,1,1
2021-09-05,4,3,1
2021-09-05,2,2,0
2021-09-05,4,3,1
2021-09-05,6,4,2
2021-09-05,6,4,2
2021-09-05,7,7,0
2021-09-05,6,3,3
2021-09-05,14,8,6
2021-09-05,8,3,5
2021-09-05,6,3,3
2021-09-05,21,13,8
2021-09-05,14,8,6
2021-09-05,13,6,7
2021-09-05,16,8,8
2021-09-05,24,14,10
2021-09-05,22,5,17
2021-09-05,15,7,8
2021-09-05,32,16,16
2021-09-05,10,3,7
2021-09-05,24,19,5
2021-09-05,13,8,5
2021-09-05,26,17,9
2021-09-06,8,6,2
2021-09-06,2,2,0
2021-09-06,3,2,1
2021-09-06,0,0,0
2021-09-06,0,0,0
2021-09-06,3,3,0
2021-09-06,8,3,5
2021-09-06,10,8,2
2021-09-06,7,5,2
2021-09-06,10,8,2
2021-09-06,9,7,2
2021-09-06,14,8,6
2021-09-06,17,9,8
2021-09-06,28,15,13
2021-09-06,12,8,4
2021-09-06,19,5,14
2021-09-06,23,13,10
2021-09-06,21,12,9
2021-09-06,14,6,8
2021-09-06,31,21,10
2021-09-06,15,6,9
2021-09-06,8,3,5
2021-09-06,13,8,5
2021-09-06,14,6,8
2021-09-07,6,4,2
2021-09-07,3,3,0
2021-09-07,2,1,1
2021-09-07,2,1,1
2021-09-07,4,3,1
2021-09-07,4,3,1
2021-09-07,24,15,9
2021-09-07,23,12,11
2021-09-07,16,7,9
2021-09-07,12,7,5
2021-09-07,13,7,6
2021-09-07,11,7,4
2021-09-07,18,8,10
2021-09-07,14,9,5
2021-09-07,22,8,14
2021-09-07,21,12,9
2021-09-07,26,19,7
2021-09-07,46,21,25
2021-09-07,41,26,15
2021-09-07,29,13,16
2021-09-07,5,4,1
2021-09-07,11,7,4
2021-09-07,7,4,3
2021-09-07,5,5,0
2021-09-08,4,3,1
2021-09-08,3,2,1
2021-09-08,3,3,0
2021-09-08,0,0,0
2021-09-08,1,0,1
2021-09-08,6,4,2
2021-09-08,21,10,11
2021-09-08,29,22,7
2021-09-08,27,21,6
2021-09-08,15,6,9
2021-09-08,9,6,3
2021-09-08,18,11,7
2021-09-08,9,4,5
2021-09-08,15,10,5
2021-09-08,17,8,9
2021-09-08,20,16,4
2021-09-08,33,14,19
2021-09-08,50,28,22
2021-09-08,44,29,15
2021-09-08,34,17,17
2021-09-08,20,11,9
2021-09-08,8,5,3
2021-09-08,10,5,5
2021-09-08,12,8,4
2021-09-09,3,1,2
2021-09-09,2,2,0
2021-09-09,0,0,0
2021-09-09,0,0,0
2021-09-09,3,2,1
2021-09-09,5,3,2
2021-09-09,15,7,8
2021-09-09,31,18,13
2021-09-09,18,12,6
2021-09-09,16,7,9
2021-09-09,10,3,7
2021-09-09,13,7,6
2021-09-09,15,7,8
2021-09-09,18,10,8
2021-09-09,9,2,7
2021-09-09,23,14,9
2021-09-09,24,9,15
2021-09-09,54,29,25
2021-09-09,21,16,5
2021-09-09,29,16,13
2021-09-09,12,11,1
2021-09-09,9,5,4
2021-09-09,7,6,1
2021-09-09,9,6,3
2021-09-10,3,1,2
2021-09-10,6,3,3
2021-09-10,2,1,1
2021-09-10,2,2,0
2021-09-10,3,1,2
2021-09-10,7,4,3
2021-09-10,13,7,6
2021-09-10,26,21,5
2021-09-10,20,9,11
2021-09-10,11,8,3
2021-09-10,13,7,6
2021-09-10,14,7,7
2021-09-10,13,7,6
2021-09-10,22,13,9
2021-09-10,20,9,11
2021-09-10,24,14,10
2021-09-10,37,15,22
2021-09-10,31,18,13
2021-09-10,19,14,5
2021-09-10,23,10,13
2021-09-10,12,7,5
2021-09-10,16,11,5
2021-09-10,9,2,7
2021-09-10,9,5,4
2021-09-11,11,6,5
2021-09-11,9,8,1
2021-09-11,3,2,1
2021-09-11,2,2,0
2021-09-11,2,2,0
2021-09-11,1,1,0
2021-09-11,11,8,3
2021-09-11,9,8,1
2021-09-11,8,6,2
2021-09-11,9,4,5
2021-09-11,11,5,6
2021-09-11,15,4,11
2021-09-11,15,12,3
2021-09-11,15,11,4
2021-09-11,19,10,9
2021-09-11,12,8,4
2021-09-11,29,8,21
2021-09-11,14,5,9
2021-09-11,29,22,7
2021-09-11,29,15,14
2021-09-11,18,10,8
2021-09-11,10,4,6
2021-09-11,6,4,2
2021-09-11,6,4,2
2021-09-12,18,8,10
2021-09-12,3,3,0
2021-09-12,5,5,0
2021-09-12,2,2,0
2021-09-12,4,3,1
2021-09-12,5,2,3
2021-09-12,6,3,3
2021-09-12,8,6,2
2021-09-12,2,1,1
2021-09-12,5,4,1
2021-09-12,8,1,7
2021-09-12,9,3,6
2021-09-12,9,5,4
2021-09-12,22,14,8
2021-09-12,9,5,4
2021-09-12,20,6,14
2021-09-12,9,1,8
2021-09-12,11,3,8
2021-09-12,19,12,7
2021-09-12,17,9,8
2021-09-12,7,5,2
2021-09-12,11,7,4
2021-09-12,4,2,2
2021-09-12,5,3,2
2021-09-13,5,5,0
2021-09-13,1,1,0
2021-09-13,1,0,1
2021-09-13,0,0,0
2021-09-13,6,5,1
2021-09-13,9,7,2
2021-09-13,13,6,7
2021-09-13,27,17,10
2021-09-13,22,15,7
2021-09-13,18,11,7
2021-09-13,10,6,4
2021-09-13,14,6,8
2021-09-13,19,9,10
2021-09-13,14,9,5
2021-09-13,21,11,10
2021-09-13,21,15,6
2021-09-13,24,11,13
2021-09-13,34,19,15
2021-09-13,33,16,17
2021-09-13,25,17,8
2021-09-13,20,12,8
2021-09-13,12,8,4
2021-09-13,10,8,2
2021-09-13,6,4,2
2021-09-14,4,2,2
2021-09-14,0,0,0
2021-09-14,1,1,0
2021-09-14,1,1,0
2021-09-14,6,4,2
2021-09-14,5,3,2
2021-09-14,14,7,7
2021-09-14,31,19,12
2021-09-14,19,8,11
2021-09-14,19,10,9
2021-09-14,10,5,5
2021-09-14,11,8,3
2021-09-14,18,11,7
2021-09-14,11,7,4
2021-09-14,24,14,10
2021-09-14,18,13,5
2021-09-14,27,13,14
2021-09-14,40,21,19
2021-09-14,34,21,13
2021-09-14,25,13,12
2021-09-14,19,11,8
2021-09-14,11,7,4
2021-09-14,10,4,6
2021-09-14,7,5,2
2021-09-15,6,1,5
2021-09-15,3,3,0
2021-09-15,2,2,0
2021-09-15,0,0,0
2021-09-15,5,3,2
2021-09-15,8,6,2
2021-09-15,18,10,8
2021-09-15,23,14,9
2021-09-15,18,14,4
2021-09-15,20,7,13
2021-09-15,17,10,7
2021-09-15,18,6,12
2021-09-15,16,4,12
2021-09-15,10,6,4
2021-09-15,21,12,9
2021-09-15,22,13,9
2021-09-15,39,18,21
2021-09-15,36,16,20
2021-09-15,45,25,20
2021-09-15,20,10,10
2021-09-15,14,11,3
2021-09-15,13,8,5
2021-09-15,11,6,5
2021-09-15,6,4,2
2021-09-16,9,8,1
2021-09-16,1,0,1
2021-09-16,2,2,0
2021-09-16,0,0,0
2021-09-16,3,2,1
2021-09-16,8,5,3
2021-09-16,20,10,10
2021-09-16,30,17,13
2021-09-16,23,11,12
2021-09-16,12,3,9
2021-09-16,11,4,7
2021-09-16,18,12,6
2021-09-16,22,12,10
2021-09-16,17,10,7
2021-09-16,21,9,12
2021-09-16,22,15,7
2021-09-16,41,26,15
2021-09-16,34,17,17
2021-09-16,26,14,12
2021-09-16,23,19,4
2021-09-16,23,18,5
2021-09-16,9,5,4
2021-09-16,6,3,3
2021-09-16,10,7,3
2021-09-17,5,5,0
2021-09-17,1,0,1
2021-09-17,2,2,0
2021-09-17,0,0,0
2021-09-17,2,0,2
2021-09-17,9,5,4
2021-09-17,13,7,6
2021-09-17,17,10,7
2021-09-17,13,9,4
2021-09-17,11,5,6
2021-09-17,15,8,7
2021-09-17,10,5,5
2021-09-17,9,4,5
2021-09-17,17,10,7
2021-09-17,10,7,3
2021-09-17,23,11,12
2021-09-17,21,6,15
2021-09-17,23,12,11
2021-09-17,19,9,10
2021-09-17,20,12,8
2021-09-17,14,10,4
2021-09-17,5,2,3
2021-09-17,2,2,0
2021-09-17,3,2,1
2021-09-18,1,0,1
2021-09-18,1,1,0
2021-09-18,0,0,0
2021-09-18,1,1,0
2021-09-18,0,0,0
2021-09-18,3,2,1
2021-09-18,8,6,2
2021-09-18,9,7,2
2021-09-18,4,2,2
2021-09-18,4,1,3
2021-09-18,7,4,3
2021-09-18,15,12,3
2021-09-18,11,7,4
2021-09-18,9,4,5
2021-09-18,5,3,2
2021-09-18,8,3,5
2021-09-18,9,4,5
2021-09-18,8,4,4
2021-09-18,11,6,5
2021-09-18,11,6,5
2021-09-18,14,7,7
2021-09-18,16,7,9
2021-09-18,3,2,1
2021-09-18,6,4,2
2021-09-19,0,0,0
2021-09-19,2,2,0
2021-09-19,1,1,0
2021-09-19,3,0,3
2021-09-19,1,1,0
2021-09-19,4,3,1
2021-09-19,9,7,2
2021-09-19,4,3,1
2021-09-19,3,2,1
2021-09-19,6,4,2
2021-09-19,10,7,3
2021-09-19,41,31,10
2021-09-19,11,8,3
2021-09-19,13,8,5
2021-09-19,14,10,4
2021-09-19,14,9,5
2021-09-19,13,5,8
2021-09-19,21,12,9
2021-09-19,17,5,12
2021-09-19,21,11,10
2021-09-19,21,13,8
2021-09-19,6,3,3
2021-09-19,6,2,4
2021-09-19,2,2,0
2021-09-20,1,1,0
2021-09-20,0,0,0
2021-09-20,0,0,0
2021-09-20,0,0,0
2021-09-20,2,1,1
2021-09-20,10,5,5
2021-09-20,19,10,9
2021-09-20,22,15,7
2021-09-20,27,18,9
2021-09-20,16,8,8
2021-09-20,13,8,5
2021-09-20,19,9,10
2021-09-20,24,15,9
2021-09-20,15,3,12
2021-09-20,18,7,11
2021-09-20,23,12,11
2021-09-20,23,13,10
2021-09-20,50,24,26
2021-09-20,31,19,12
2021-09-20,41,24,17
2021-09-20,13,8,5
2021-09-20,18,7,11
2021-09-20,4,3,1
2021-09-20,1,0,1
2021-09-21,5,4,1
2021-09-21,0,0,0
2021-09-21,0,0,0
2021-09-21,1,1,0
2021-09-21,2,2,0
2021-09-21,8,4,4
2021-09-21,20,12,8
2021-09-21,27,20,7
2021-09-21,17,9,8
2021-09-21,15,8,7
2021-09-21,23,16,7
2021-09-21,19,11,8
2021-09-21,13,6,7
2021-09-21,26,18,8
2021-09-21,24,11,13
2021-09-21,22,13,9
2021-09-21,40,16,24
2021-09-21,65,30,35
2021-09-21,38,21,17
2021-09-21,22,14,8
2021-09-21,14,7,7
2021-09-21,18,12,6
2021-09-21,7,4,3
2021-09-21,13,10,3
2021-09-22,8,3,5
2021-09-22,1,1,0
2021-09-22,2,0,2
2021-09-22,1,1,0
2021-09-22,3,2,1
2021-09-22,8,6,2
2021-09-22,24,16,8
2021-09-22,26,14,12
2021-09-22,24,15,9
2021-09-22,20,11,9
2021-09-22,20,10,10
2021-09-22,16,7,9
2021-09-22,15,10,5
2021-09-22,20,10,10
2021-09-22,21,13,8
2021-09-22,21,12,9
2021-09-22,30,17,13
2021-09-22,47,31,16
2021-09-22,37,20,17
2021-09-22,23,14,9
2021-09-22,10,4,6
2021-09-22,13,9,4
2021-09-22,5,4,1
2021-09-22,6,4,2
2021-09-23,7,2,5
2021-09-23,1,1,0
2021-09-23,2,1,1
2021-09-23,1,0,1
2021-09-23,3,2,1
2021-09-23,9,7,2
2021-09-23,17,12,5
2021-09-23,31,19,12
2021-09-23,25,11,14
2021-09-23,14,4,10
2021-09-23,20,9,11
2021-09-23,17,7,10
2021-09-23,22,14,8
2021-09-23,19,11,8
2021-09-23,27,12,15
2021-09-23,18,9,9
2021-09-23,37,23,14
2021-09-23,58,31,27
2021-09-23,34,16,18
2021-09-23,30,15,15
2021-09-23,9,4,5
2021-09-23,8,4,4
2021-09-23,11,9,2
2021-09-23,8,5,3
2021-09-24,2,1,1
2021-09-24,3,0,3
2021-09-24,1,1,0
2021-09-24,0,0,0
2021-09-24,3,2,1
2021-09-24,7,5,2
2021-09-24,26,16,10
2021-09-24,17,12,5
2021-09-24,11,3,8
2021-09-24,14,9,5
2021-09-24,13,8,5
2021-09-24,10,6,4
2021-09-24,12,6,6
2021-09-24,20,12,8
2021-09-24,20,10,10
2021-09-24,27,15,12
2021-09-24,46,24,22
2021-09-24,36,23,13
2021-09-24,19,9,10
2021-09-24,30,14,16
2021-09-24,18,11,7
2021-09-24,10,4,6
2021-09-24,13,9,4
2021-09-24,5,3,2
2021-09-25,12,10,2
2021-09-25,8,3,5
2021-09-25,9,8,1
2021-09-25,0,0,0
2021-09-25,4,2,2
2021-09-25,4,2,2
2021-09-25,10,5,5
2021-09-25,10,4,6
2021-09-25,4,0,4
2021-09-25,9,5,4
2021-09-25,14,8,6
2021-09-25,10,6,4
2021-09-25,14,10,4
2021-09-25,15,7,8
2021-09-25,18,10,8
2021-09-25,34,14,20
2021-09-25,27,20,7
2021-09-25,27,11,16
2021-09-25,17,10,7
2021-09-25,23,8,15
2021-09-25,23,15,8
2021-09-25,16,7,9
2021-09-25,7,6,1
2021-09-25,17,10,7
2021-09-26,10,6,4
2021-09-26,6,2,4
2021-09-26,2,2,0
2021-09-26,0,0,0
2021-09-26,1,1,0
2021-09-26,6,3,3
2021-09-26,10,8,2
2021-09-26,5,2,3
2021-09-26,5,3,2
2021-09-26,6,5,1
2021-09-26,8,3,5
2021-09-26,8,3,5
2021-09-26,14,11,3
2021-09-26,14,8,6
2021-09-26,4,3,1
2021-09-26,10,8,2
2021-09-26,5,3,2
2021-09-26,5,4,1
2021-09-26,7,5,2
2021-09-26,5,3,2
2021-09-26,4,1,3
2021-09-26,4,2,2
2021-09-26,2,1,1
2021-09-26,3,2,1
2021-09-27,1,1,0
2021-09-27,0,0,0
2021-09-27,0,0,0
2021-09-27,0,0,0
2021-09-27,1,1,0
2021-09-27,6,3,3
2021-09-27,16,10,6
2021-09-27,20,13,7
2021-09-27,19,10,9
2021-09-27,18,10,8
2021-09-27,12,8,4
2021-09-27,9,3,6
2021-09-27,15,7,8
2021-09-27,9,5,4
2021-09-27,8,4,4
2021-09-27,15,8,7
2021-09-27,12,9,3
2021-09-27,30,18,12
2021-09-27,23,11,12
2021-09-27,12,7,5
2021-09-27,4,2,2
2021-09-27,14,12,2
2021-09-27,9,2,7
2021-09-27,4,3,1
2021-09-28,2,2,0
2021-09-28,0,0,0
2021-09-28,0,0,0
2021-09-28,0,0,0
2021-09-28,1,1,0
2021-09-28,9,5,4
2021-09-28,17,8,9
2021-09-28,21,13,8
2021-09-28,11,5,6
2021-09-28,14,7,7
2021-09-28,9,6,3
2021-09-28,12,3,9
2021-09-28,14,8,6
2021-09-28,10,6,4
2021-09-28,14,9,5
2021-09-28,26,12,14
2021-09-28,32,13,19
2021-09-28,41,27,14
2021-09-28,47,27,20
2021-09-28,31,19,12
2021-09-28,16,7,9
2021-09-28,10,4,6
2021-09-28,5,1,4
2021-09-28,8,7,1
2021-09-29,4,2,2
2021-09-29,0,0,0
2021-09-29,1,1,0
2021-09-29,1,0,1
2021-09-29,1,0,1
2021-09-29,5,2,3
2021-09-29,17,10,7
2021-09-29,19,13,6
2021-09-29,23,16,7
2021-09-29,14,7,7
2021-09-29,12,4,8
2021-09-29,11,6,5
2021-09-29,15,9,6
2021-09-29,14,5,9
2021-09-29,19,8,11
2021-09-29,16,7,9
2021-09-29,25,14,11
2021-09-29,37,23,14
2021-09-29,20,13,7
2021-09-29,18,11,7
2021-09-29,7,7,0
2021-09-29,7,3,4
2021-09-29,13,7,6
2021-09-29,6,6,0
2021-09-30,2,1,1
2021-09-30,0,0,0
2021-09-30,1,1,0
2021-09-30,0,0,0
2021-09-30,0,0,0
2021-09-30,5,2,3
2021-09-30,7,5,2
2021-09-30,16,14,2
2021-09-30,26,14,12
2021-09-30,16,7,9
2021-09-30,7,5,2
2021-09-30,12,5,7
2021-09-30,11,6,5
2021-09-30,8,1,7
2021-09-30,11,5,6
2021-09-30,16,7,9
2021-09-30,16,12,4
2021-09-30,24,11,13
2021-09-30,28,14,14
2021-09-30,21,12,9
2021-09-30,15,8,7
2021-09-30,7,4,3
2021-09-30,4,3,1
2021-09-30,11,7,4
2021-10-01,2,2,0
2021-10-01,2,1,1
2021-10-01,0,0,0
2021-10-01,0,0,0
2021-10-01,3,2,1
2021-10-01,5,2,3
2021-10-01,10,5,5
2021-10-01,18,10,8
2021-10-01,25,16,9
2021-10-01,14,7,7
2021-10-01,13,3,10
2021-10-01,27,15,12
2021-10-01,11,6,5
2021-10-01,23,8,15
2021-10-01,12,5,7
2021-10-01,25,17,8
2021-10-01,23,11,12
2021-10-01,44,29,15
2021-10-01,37,21,16
2021-10-01,25,16,9
2021-10-01,10,6,4
2021-10-01,5,4,1
2021-10-01,11,5,6
2021-10-01,19,13,6
2021-10-02,6,6,0
2021-10-02,5,3,2
2021-10-02,9,4,5
2021-10-02,3,2,1
2021-10-02,0,0,0
2021-10-02,3,1,2
2021-10-02,6,1,5
2021-10-02,15,6,9
2021-10-02,8,3,5
2021-10-02,13,6,7
2021-10-02,12,5,7
2021-10-02,14,4,10
2021-10-02,17,5,12
2021-10-02,27,14,13
2021-10-02,14,10,4
2021-10-02,14,5,9
2021-10-02,29,14,15
2021-10-02,14,11,3
2021-10-02,22,12,10
2021-10-02,19,14,5
2021-10-02,9,7,2
2021-10-02,12,5,7
2021-10-02,20,7,13
2021-10-02,5,1,4
2021-10-03,13,9,4
2021-10-03,7,3,4
2021-10-03,7,4,3
2021-10-03,3,3,0
2021-10-03,1,1,0
2021-10-03,4,2,2
2021-10-03,7,3,4
2021-10-03,8,4,4
2021-10-03,3,3,0
2021-10-03,10,3,7
2021-10-03,5,3,2
2021-10-03,10,3,7
2021-10-03,9,6,3
2021-10-03,8,6,2
2021-10-03,6,3,3
2021-10-03,15,4,11
2021-10-03,22,13,9
2021-10-03,25,19,6
2021-10-03,14,5,9
2021-10-03,19,10,9
2021-10-03,14,10,4
2021-10-03,11,4,7
2021-10-03,5,3,2
2021-10-03,5,1,4
2021-10-04,4,1,3
2021-10-04,2,1,1
2021-10-04,1,0,1
2021-10-04,1,1,0
2021-10-04,4,2,2
2021-10-04,8,4,4
2021-10-04,22,11,11
2021-10-04,22,17,5
2021-10-04,28,13,15
2021-10-04,13,7,6
2021-10-04,14,3,11
2021-10-04,11,7,4
2021-10-04,12,5,7
2021-10-04,13,9,4
2021-10-04,13,8,5
2021-10-04,20,12,8
2021-10-04,38,18,20
2021-10-04,50,24,26
2021-10-04,35,17,18
2021-10-04,12,5,7
2021-10-04,8,6,2
2021-10-04,10,7,3
2021-10-04,4,2,2
2021-10-04,6,5,1
2021-10-05,3,2,1
2021-10-05,1,0,1
2021-10-05,0,0,0
2021-10-05,1,1,0
2021-10-05,3,1,2
2021-10-05,10,6,4
2021-10-05,15,9,6
2021-10-05,13,7,6
2021-10-05,12,4,8
2021-10-05,13,6,7
2021-10-05,4,3,1
2021-10-05,12,7,5
2021-10-05,11,8,3
2021-10-05,11,9,2
2021-10-05,10,5,5
2021-10-05,20,9,11
2021-10-05,30,14,16
2021-10-05,30,13,17
2021-10-05,25,15,10
2021-10-05,23,13,10
2021-10-05,8,5,3
2021-10-05,10,7,3
2021-10-05,6,3,3
2021-10-05,4,4,0
2021-10-06,3,3,0
2021-10-06,1,1,0
2021-10-06,0,0,0
2021-10-06,0,0,0
2021-10-06,2,0,2
2021-10-06,7,6,1
2021-10-06,17,8,9
2021-10-06,33,19,14
2021-10-06,18,11,7
2021-10-06,15,4,11
2021-10-06,7,5,2
2021-10-06,12,4,8
2021-10-06,14,5,9
2021-10-06,6,3,3
2021-10-06,11,7,4
2021-10-06,15,9,6
2021-10-06,35,15,20
2021-10-06,39,21,18
2021-10-06,20,13,7
2021-10-06,19,7,12
2021-10-06,10,6,4
2021-10-06,17,9,8
2021-10-06,10,6,4
2021-10-06,8,4,4
2021-10-07,2,2,0
2021-10-07,2,1,1
2021-10-07,1,0,1
2021-10-07,0,0,0
2021-10-07,2,2,0
2021-10-07,7,5,2
2021-10-07,23,14,9
2021-10-07,21,14,7
2021-10-07,24,16,8
2021-10-07,22,5,17
2021-10-07,19,7,12
2021-10-07,16,7,9
2021-10-07,16,8,8
2021-10-07,13,5,8
2021-10-07,16,7,9
2021-10-07,18,12,6
2021-10-07,33,16,17
2021-10-07,46,22,24
2021-10-07,42,31,11
2021-10-07,25,9,16
2021-10-07,14,5,9
2021-10-07,17,9,8
2021-10-07,14,8,6
2021-10-07,11,7,4
2021-10-08,4,3,1
2021-10-08,2,2,0
2021-10-08,2,1,1
2021-10-08,0,0,0
2021-10-08,2,1,1
2021-10-08,5,3,2
2021-10-08,20,13,7
2021-10-08,17,11,6
2021-10-08,19,10,9
2021-10-08,10,5,5
2021-10-08,15,8,7
2021-10-08,18,7,11
2021-10-08,20,14,6
2021-10-08,17,7,10
2021-10-08,16,11,5
2021-10-08,30,14,16
2021-10-08,29,13,16
2021-10-08,39,21,18
2021-10-08,25,12,13
2021-10-08,21,7,14
2021-10-08,10,5,5
2021-10-08,16,8,8
2021-10-08,14,8,6
2021-10-08,12,8,4
2021-10-09,8,6,2
2021-10-09,3,2,1
2021-10-09,2,1,1
2021-10-09,1,1,0
2021-10-09,2,1,1
2021-10-09,4,2,2
2021-10-09,9,5,4
2021-10-09,7,2,5
2021-10-09,7,5,2
2021-10-09,17,6,11
2021-10-09,11,2,9
2021-10-09,10,5,5
2021-10-09,18,10,8
2021-10-09,11,5,6
2021-10-09,15,9,6
2021-10-09,15,4,11
2021-10-09,15,10,5
2021-10-09,13,9,4
2021-10-09,10,5,5
2021-10-09,11,6,5
2021-10-09,11,6,5
2021-10-09,4,2,2
2021-10-09,2,2,0
2021-10-09,5,5,0
2021-10-10,5,4,1
2021-10-10,6,3,3
2021-10-10,1,1,0
2021-10-10,0,0,0
2021-10-10,2,1,1
2021-10-10,3,1,2
2021-10-10,8,7,1
2021-10-10,3,2,1
2021-10-10,4,2,2
2021-10-10,6,4,2
2021-10-10,3,0,3
2021-10-10,8,5,3
2021-10-10,7,3,4
2021-10-10,15,12,3
2021-10-10,16,10,6
2021-10-10,16,9,7
2021-10-10,7,6,1
2021-10-10,19,8,11
2021-10-10,5,3,2
2021-10-10,13,9,4
2021-10-10,3,1,2
2021-10-10,6,4,2
2021-10-10,6,4,2
2021-10-10,4,1,3
2021-10-11,5,3,2
2021-10-11,1,0,1
2021-10-11,1,1,0
2021-10-11,0,0,0
2021-10-11,4,3,1
2021-10-11,8,5,3
2021-10-11,13,9,4
2021-10-11,28,19,9
2021-10-11,16,8,8
2021-10-11,10,4,6
2021-10-11,9,5,4
2021-10-11,10,3,7
2021-10-11,16,6,10
2021-10-11,12,6,6
2021-10-11,8,6,2
2021-10-11,31,21,10
2021-10-11,26,16,10
2021-10-11,35,12,23
2021-10-11,38,21,17
2021-10-11,31,16,15
2021-10-11,11,4,7
2021-10-11,11,6,5
2021-10-11,13,7,6
2021-10-11,5,4,1
2021-10-12,2,2,0
2021-10-12,0,0,0
2021-10-12,2,1,1
2021-10-12,1,1,0
2021-10-12,1,1,0
2021-10-12,8,6,2
2021-10-12,10,7,3
2021-10-12,28,18,10
2021-10-12,20,11,9
2021-10-12,16,11,5
2021-10-12,15,6,9
2021-10-12,10,5,5
2021-10-12,17,12,5
2021-10-12,21,18,3
2021-10-12,25,14,11
2021-10-12,22,7,15
2021-10-12,30,13,17
2021-10-12,45,22,23
2021-10-12,28,17,11
2021-10-12,22,14,8
2021-10-12,15,11,4
2021-10-12,7,3,4
2021-10-12,7,5,2
2021-10-12,3,1,2
2021-10-13,3,2,1
2021-10-13,2,1,1
2021-10-13,0,0,0
2021-10-13,0,0,0
2021-10-13,5,2,3
2021-10-13,4,1,3
2021-10-13,12,7,5
2021-10-13,17,10,7
2021-10-13,18,9,9
2021-10-13,14,3,11
2021-10-13,12,6,6
2021-10-13,15,4,11
2021-10-13,10,4,6
2021-10-13,15,8,7
2021-10-13,19,13,6
2021-10-13,16,10,6
2021-10-13,20,9,11
2021-10-13,34,18,16
2021-10-13,23,17,6
2021-10-13,19,11,8
2021-10-13,13,6,7
2021-10-13,6,4,2
2021-10-13,6,2,4
2021-10-13,9,7,2
2021-10-14,4,3,1
2021-10-14,1,1,0
2021-10-14,2,1,1
2021-10-14,0,0,0
2021-10-14,2,2,0
2021-10-14,2,1,1
2021-10-14,10,7,3
2021-10-14,25,18,7
2021-10-14,11,9,2
2021-10-14,13,3,10
2021-10-14,7,4,3
2021-10-14,19,9,10
2021-10-14,8,5,3
2021-10-14,7,3,4
2021-10-14,16,9,7
2021-10-14,16,10,6
2021-10-14,26,9,17
2021-10-14,30,13,17
2021-10-14,21,14,7
2021-10-14,19,7,12
2021-10-14,2,1,1
2021-10-14,3,2,1
2021-10-14,7,5,2
2021-10-14,9,9,0
2021-10-15,6,5,1
2021-10-15,2,2,0
2021-10-15,0,0,0
2021-10-15,0,0,0
2021-10-15,3,1,2
2021-10-15,2,1,1
2021-10-15,7,4,3
2021-10-15,10,6,4
2021-10-15,20,12,8
2021-10-15,13,5,8
2021-10-15,11,7,4
2021-10-15,18,10,8
2021-10-15,14,8,6
2021-10-15,10,5,5
2021-10-15,10,7,3
2021-10-15,25,13,12
2021-10-15,24,10,14
2021-10-15,32,17,15
2021-10-15,25,15,10
2021-10-15,16,11,5
2021-10-15,12,6,6
2021-10-15,15,6,9
2021-10-15,5,2,3
2021-10-15,10,10,0
2021-10-16,10,7,3
2021-10-16,10,7,3
2021-10-16,4,4,0
2021-10-16,3,3,0
2021-10-16,1,0,1
2021-10-16,1,0,1
2021-10-16,12,7,5
2021-10-16,4,3,1
2021-10-16,7,3,4
2021-10-16,12,8,4
2021-10-16,7,3,4
2021-10-16,5,4,1
2021-10-16,5,5,0
2021-10-16,8,7,1
2021-10-16,20,12,8
2021-10-16,4,3,1
2021-10-16,3,3,0
2021-10-16,15,13,2
2021-10-16,15,11,4
2021-10-16,14,12,2
2021-10-16,4,4,0
2021-10-16,11,7,4
2021-10-16,6,5,1
2021-10-16,7,6,1
2021-10-17,6,5,1
2021-10-17,4,3,1
2021-10-17,3,3,0
2021-10-17,1,1,0
2021-10-17,2,1,1
2021-10-17,1,1,0
2021-10-17,11,8,3
2021-10-17,6,3,3
2021-10-17,4,3,1
2021-10-17,3,1,2
2021-10-17,7,2,5
2021-10-17,11,6,5
2021-10-17,15,13,2
2021-10-17,10,1,9
2021-10-17,9,6,3
2021-10-17,21,8,13
2021-10-17,8,6,2
2021-10-17,9,3,6
2021-10-17,18,13,5
2021-10-17,13,8,5
2021-10-17,11,7,4
2021-10-17,4,2,2
2021-10-17,6,4,2
2021-10-17,5,4,1
2021-10-18,2,0,2
2021-10-18,2,2,0
2021-10-18,0,0,0
2021-10-18,0,0,0
2021-10-18,2,2,0
2021-10-18,2,0,2
2021-10-18,14,7,7
2021-10-18,18,12,6
2021-10-18,18,9,9
2021-10-18,8,3,5
2021-10-18,11,4,7
2021-10-18,11,6,5
2021-10-18,9,7,2
2021-10-18,15,7,8
2021-10-18,17,11,6
2021-10-18,23,13,10
2021-10-18,22,11,11
2021-10-18,33,19,14
2021-10-18,25,17,8
2021-10-18,26,13,13
2021-10-18,9,6,3
2021-10-18,3,3,0
2021-10-18,9,6,3
2021-10-18,10,5,5
2021-10-19,6,4,2
2021-10-19,2,1,1
2021-10-19,2,0,2
2021-10-19,0,0,0
2021-10-19,2,1,1
2021-10-19,8,6,2
2021-10-19,16,10,6
2021-10-19,20,15,5
2021-10-19,21,11,10
2021-10-19,16,5,11
2021-10-19,15,8,7
2021-10-19,12,3,9
2021-10-19,17,9,8
2021-10-19,20,12,8
2021-10-19,21,14,7
2021-10-19,23,15,8
2021-10-19,33,15,18
2021-10-19,31,12,19
2021-10-19,29,15,14
2021-10-19,27,20,7
2021-10-19,11,6,5
2021-10-19,7,4,3
2021-10-19,8,5,3
2021-10-19,11,10,1
2021-10-20,0,0,0
2021-10-20,2,1,1
2021-10-20,0,0,0
2021-10-20,0,0,0
2021-10-20,1,0,1
2021-10-20,4,2,2
2021-10-20,12,9,3
2021-10-20,14,7,7
2021-10-20,17,8,9
2021-10-20,8,3,5
2021-10-20,8,4,4
2021-10-20,17,7,10
2021-10-20,10,5,5
2021-10-20,15,8,7
2021-10-20,18,13,5
2021-10-20,22,13,9
2021-10-20,18,4,14
2021-10-20,39,23,16
2021-10-20,24,17,7
2021-10-20,14,6,8
2021-10-20,12,6,6
2021-10-20,11,3,8
2021-10-20,6,4,2
2021-10-20,10,4,6
2021-10-21,2,2,0
2021-10-21,3,1,2
2021-10-21,1,1,0
2021-10-21,0,0,0
2021-10-21,3,2,1
2021-10-21,7,4,3
2021-10-21,5,4,1
2021-10-21,27,17,10
2021-10-21,23,13,10
2021-10-21,11,7,4
2021-10-21,8,3,5
2021-10-21,19,10,9
2021-10-21,18,10,8
2021-10-21,16,8,8
2021-10-21,22,10,12
2021-10-21,19,12,7
2021-10-21,31,13,18
2021-10-21,27,15,12
2021-10-21,23,12,11
2021-10-21,13,6,7
2021-10-21,6,3,3
2021-10-21,4,2,2
2021-10-21,5,3,2
2021-10-21,8,5,3
2021-10-22,3,3,0
2021-10-22,2,0,2
2021-10-22,0,0,0
2021-10-22,0,0,0
2021-10-22,1,1,0
2021-10-22,4,1,3
2021-10-22,11,7,4
2021-10-22,11,8,3
2021-10-22,15,8,7
2021-10-22,14,7,7
2021-10-22,17,7,10
2021-10-22,12,8,4
2021-10-22,14,7,7
2021-10-22,13,11,2
2021-10-22,15,6,9
2021-10-22,13,9,4
2021-10-22,21,10,11
2021-10-22,23,13,10
2021-10-22,19,9,10
2021-10-22,18,10,8
2021-10-22,8,4,4
2021-10-22,9,4,5
2021-10-22,3,1,2
2021-10-22,10,6,4
2021-10-23,4,3,1
2021-10-23,3,3,0
2021-10-23,11,11,0
2021-10-23,4,3,1
2021-10-23,3,1,2
2021-10-23,3,1,2
2021-10-23,13,8,5
2021-10-23,6,6,0
2021-10-23,4,3,1
2021-10-23,4,3,1
2021-10-23,7,4,3
2021-10-23,7,5,2
2021-10-23,7,6,1
2021-10-23,11,6,5
2021-10-23,9,5,4
2021-10-23,16,8,8
2021-10-23,15,5,10
2021-10-23,14,8,6
2021-10-23,11,8,3
2021-10-23,8,5,3
2021-10-23,13,8,5
2021-10-23,5,1,4
2021-10-23,12,7,5
2021-10-23,9,5,4
2021-10-24,5,4,1
2021-10-24,8,5,3
2021-10-24,4,3,1
2021-10-24,2,2,0
2021-10-24,1,0,1
2021-10-24,2,1,1
2021-10-24,6,5,1
2021-10-24,2,2,0
2021-10-24,2,1,1
2021-10-24,3,1,2
2021-10-24,6,3,3
2021-10-24,4,2,2
2021-10-24,7,3,4
2021-10-24,7,4,3
2021-10-24,6,3,3
2021-10-24,6,1,5
2021-10-24,15,9,6
2021-10-24,7,3,4
2021-10-24,14,7,7
2021-10-24,9,6,3
2021-10-24,14,13,1
2021-10-24,12,9,3
2021-10-24,4,2,2
2021-10-24,4,1,3
2021-10-25,3,3,0
2021-10-25,0,0,0
2021-10-25,1,0,1
2021-10-25,1,0,1
2021-10-25,1,1,0
2021-10-25,4,3,1
2021-10-25,11,8,3
2021-10-25,28,19,9
2021-10-25,18,8,10
2021-10-25,14,7,7
2021-10-25,11,5,6
2021-10-25,12,8,4
2021-10-25,11,6,5
2021-10-25,14,8,6
2021-10-25,7,0,7
2021-10-25,17,10,7
2021-10-25,18,8,10
2021-10-25,24,13,11
2021-10-25,16,12,4
2021-10-25,10,6,4
2021-10-25,11,5,6
2021-10-25,11,6,5
2021-10-25,9,5,4
2021-10-25,5,4,1
2021-10-26,0,0,0
2021-10-26,0,0,0
2021-10-26,0,0,0
2021-10-26,0,0,0
2021-10-26,2,1,1
2021-10-26,5,2,3
2021-10-26,12,8,4
2021-10-26,20,11,9
2021-10-26,13,6,7
2021-10-26,7,3,4
2021-10-26,8,4,4
2021-10-26,7,5,2
2021-10-26,9,4,5
2021-10-26,12,9,3
2021-10-26,9,4,5
2021-10-26,14,8,6
2021-10-26,16,5,11
2021-10-26,22,9,13
2021-10-26,16,13,3
2021-10-26,22,12,10
2021-10-26,14,9,5
2021-10-26,2,2,0
2021-10-26,4,3,1
2021-10-26,7,7,0
2021-10-27,1,1,0
2021-10-27,0,0,0
2021-10-27,1,1,0
2021-10-27,0,0,0
2021-10-27,1,1,0
2021-10-27,5,3,2
2021-10-27,8,4,4
2021-10-27,27,16,11
2021-10-27,16,7,9
2021-10-27,11,4,7
2021-10-27,8,5,3
2021-10-27,7,4,3
2021-10-27,10,5,5
2021-10-27,17,12,5
2021-10-27,21,13,8
2021-10-27,23,11,12
2021-10-27,25,9,16
2021-10-27,22,10,12
2021-10-27,14,8,6
2021-10-27,13,11,2
2021-10-27,13,3,10
2021-10-27,8,7,1
2021-10-27,3,2,1
2021-10-27,1,1,0
2021-10-28,2,2,0
2021-10-28,1,1,0
2021-10-28,1,0,1
2021-10-28,0,0,0
2021-10-28,1,1,0
2021-10-28,5,2,3
2021-10-28,11,6,5
2021-10-28,23,15,8
2021-10-28,14,6,8
2021-10-28,7,4,3
2021-10-28,12,5,7
2021-10-28,8,5,3
2021-10-28,4,3,1
2021-10-28,10,4,6
2021-10-28,10,4,6
2021-10-28,11,8,3
2021-10-28,17,4,13
2021-10-28,16,8,8
2021-10-28,12,9,3
2021-10-28,10,4,6
2021-10-28,5,4,1
2021-10-28,4,3,1
2021-10-28,4,2,2
2021-10-28,4,3,1
2021-10-29,1,1,0
2021-10-29,1,1,0
2021-10-29,0,0,0
2021-10-29,0,0,0
2021-10-29,1,1,0
2021-10-29,2,1,1
2021-10-29,7,5,2
2021-10-29,8,4,4
2021-10-29,14,7,7
2021-10-29,11,3,8
2021-10-29,12,7,5
2021-10-29,14,8,6
2021-10-29,16,12,4
2021-10-29,18,10,8
2021-10-29,15,8,7
2021-10-29,21,12,9
2021-10-29,30,16,14
2021-10-29,27,15,12
2021-10-29,24,16,8
2021-10-29,13,9,4
2021-10-29,22,12,10
2021-10-29,12,5,7
2021-10-29,7,3,4
2021-10-29,8,3,5
2021-10-30,8,5,3
2021-10-30,4,4,0
2021-10-30,2,2,0
2021-10-30,1,0,1
2021-10-30,0,0,0
2021-10-30,0,0,0
2021-10-30,9,3,6
2021-10-30,4,2,2
2021-10-30,1,1,0
2021-10-30,12,7,5
2021-10-30,15,6,9
2021-10-30,11,3,8
2021-10-30,18,12,6
2021-10-30,16,12,4
2021-10-30,22,18,4
2021-10-30,24,10,14
2021-10-30,17,12,5
2021-10-30,18,8,10
2021-10-30,17,12,5
2021-10-30,10,3,7
2021-10-30,9,3,6
2021-10-30,7,4,3
2021-10-30,5,2,3
2021-10-30,11,6,5
2014-01-01,2,0,2
2014-01-01,13,3,10
2014-01-01,2,0,2
2014-01-01,0,0,0
2014-01-01,0,0,0
2014-01-01,0,0,0
2014-01-01,2,0,2
2014-01-01,1,0,1
2014-01-01,2,2,0
2014-01-01,0,0,0
2014-01-01,7,5,2
2014-01-01,4,0,4
2014-01-01,8,7,1
2014-01-01,9,4,5
2014-01-01,17,6,11
2014-01-01,12,6,6
2014-01-01,3,1,2
2014-01-01,8,4,4
2014-01-01,5,3,2
2014-01-01,2,0,2
2014-01-01,6,2,4
2014-01-01,4,2,2
2014-01-01,8,4,4
2014-01-01,5,3,2
2014-01-02,0,0,0
2014-01-02,0,0,0
2014-01-02,0,0,0
2014-01-02,0,0,0
2014-01-02,0,0,0
2014-01-02,8,0,8
2014-01-02,10,4,6
2014-01-02,9,5,4
2014-01-02,9,7,2
2014-01-02,13,9,4
2014-01-02,11,9,2
2014-01-02,7,2,5
2014-01-02,16,8,8
2014-01-02,10,5,5
2014-01-02,4,0,4
2014-01-02,8,2,6
2014-01-02,5,3,2
2014-01-02,16,12,4
2014-01-02,24,14,10
2014-01-02,14,10,4
2014-01-02,12,8,4
2014-01-02,7,4,3
2014-01-02,4,2,2
2014-01-02,2,2,0
2014-01-03,4,4,0
2014-01-03,4,4,0
2014-01-03,0,0,0
2014-01-03,0,0,0
2014-01-03,0,0,0
2014-01-03,6,0,6
2014-01-03,8,7,1
2014-01-03,5,3,2
2014-01-03,13,5,8
2014-01-03,13,9,4
2014-01-03,11,7,4
2014-01-03,4,2,2
2014-01-03,7,5,2
2014-01-03,11,3,8
2014-01-03,11,10,1
2014-01-03,11,9,2
2014-01-03,26,14,12
2014-01-03,17,15,2
2014-01-03,25,13,12
2014-01-03,9,7,2
2014-01-03,2,2,0
2014-01-03,2,0,2
2014-01-03,3,3,0
2014-01-03,5,5,0
2014-01-04,3,3,0
2014-01-04,7,7,0
2014-01-04,3,1,2
2014-01-04,0,0,0
2014-01-04,0,0,0
2014-01-04,2,0,2
2014-01-04,10,6,4
2014-01-04,3,3,0
2014-01-04,3,0,3
2014-01-04,9,7,2
2014-01-04,2,0,2
2014-01-04,7,5,2
2014-01-04,8,4,4
2014-01-04,7,4,3
2014-01-04,16,8,8
2014-01-04,17,13,4
2014-01-04,16,10,6
2014-01-04,10,6,4
2014-01-04,9,5,4
2014-01-04,6,0,6
2014-01-04,6,4,2
2014-01-04,7,5,2
2014-01-04,2,2,0
2014-01-04,8,2,6
2014-01-05,4,2,2
2014-01-05,4,0,4
2014-01-05,2,2,0
2014-01-05,0,0,0
2014-01-05,0,0,0
2014-01-05,0,0,0
2014-01-05,4,2,2
2014-01-05,4,4,0
2014-01-05,1,1,0
2014-01-05,2,2,0
2014-01-05,6,6,0
2014-01-05,13,8,5
2014-01-05,10,6,4
2014-01-05,19,8,11
2014-01-05,27,16,11
2014-01-05,19,16,3
2014-01-05,20,12,8
2014-01-05,8,4,4
2014-01-05,11,5,6
2014-01-05,8,4,4
2014-01-05,7,4,3
2014-01-05,8,5,3
2014-01-05,7,1,6
2014-01-05,4,2,2
2014-01-06,2,2,0
2014-01-06,2,0,2
2014-01-06,0,0,0
2014-01-06,0,0,0
2014-01-06,0,0,0
2014-01-06,7,0,7
2014-01-06,5,1,4
2014-01-06,20,9,11
2014-01-06,10,5,5
2014-01-06,18,9,9
2014-01-06,37,12,25
2014-01-06,8,4,4
2014-01-06,17,2,15
2014-01-06,21,15,6
2014-01-06,14,5,9
2014-01-06,18,7,11
2014-01-06,24,6,18
2014-01-06,45,36,9
2014-01-06,22,11,11
2014-01-06,18,9,9
2014-01-06,8,4,4
2014-01-06,9,5,4
2014-01-06,1,1,0
2014-01-06,7,4,3
2014-01-07,2,2,0
2014-01-07,0,0,0
2014-01-07,0,0,0
2014-01-07,0,0,0
2014-01-07,0,0,0
2014-01-07,6,0,6
2014-01-07,3,1,2
2014-01-07,14,8,6
2014-01-07,15,8,7
2014-01-07,17,9,8
2014-01-07,10,9,1
2014-01-07,18,6,12
2014-01-07,10,3,7
2014-01-07,13,5,8
2014-01-07,8,6,2
2014-01-07,7,5,2
2014-01-07,17,8,9
2014-01-07,26,13,13
2014-01-07,18,12,6
2014-01-07,9,7,2
2014-01-07,16,4,12
2014-01-07,5,3,2
2014-01-07,2,0,2
2014-01-07,1,1,0
2014-01-08,2,2,0
2014-01-08,0,0,0
2014-01-08,0,0,0
2014-01-08,0,0,0
2014-01-08,0,0,0
2014-01-08,7,2,5
2014-01-08,8,2,6
2014-01-08,18,6,12
2014-01-08,14,4,10
2014-01-08,21,13,8
2014-01-08,12,6,6
2014-01-08,9,7,2
2014-01-08,14,8,6
2014-01-08,13,6,7
2014-01-08,2,2,0
2014-01-08,13,4,9
2014-01-08,16,8,8
2014-01-08,32,20,12
2014-01-08,26,16,10
2014-01-08,10,4,6
2014-01-08,8,6,2
2014-01-08,8,3,5
2014-01-08,3,1,2
2014-01-08,9,7,2
2014-01-09,4,2,2
2014-01-09,2,0,2
2014-01-09,2,2,0
2014-01-09,2,2,0
2014-01-09,0,0,0
2014-01-09,2,0,2
2014-01-09,2,2,0
2014-01-09,17,9,8
2014-01-09,15,7,8
2014-01-09,16,9,7
2014-01-09,11,9,2
2014-01-09,13,10,3
2014-01-09,20,15,5
2014-01-09,13,5,8
2014-01-09,11,2,9
2014-01-09,11,4,7
2014-01-09,8,6,2
2014-01-09,17,13,4
2014-01-09,19,11,8
2014-01-09,24,11,13
2014-01-09,7,7,0
2014-01-09,7,4,3
2014-01-09,4,2,2
2014-01-09,3,2,1
2014-01-10,0,0,0
2014-01-10,4,2,2
2014-01-10,0,0,0
2014-01-10,1,1,0
2014-01-10,2,0,2
2014-01-10,6,0,6
2014-01-10,12,5,7
2014-01-10,20,10,10
2014-01-10,7,7,0
2014-01-10,20,12,8
2014-01-10,13,7,6
2014-01-10,7,3,4
2014-01-10,14,4,10
2014-01-10,9,5,4
2014-01-10,14,10,4
2014-01-10,11,4,7
2014-01-10,21,14,7
2014-01-10,15,7,8
2014-01-10,18,14,4
2014-01-10,12,6,6
2014-01-10,2,2,0
2014-01-10,2,0,2
2014-01-10,6,2,4
2014-01-10,7,7,0
2014-01-11,2,2,0
2014-01-11,2,2,0
2014-01-11,0,0,0
2014-01-11,0,0,0
2014-01-11,0,0,0
2014-01-11,3,0,3
2014-01-11,5,4,1
2014-01-11,1,0,1
2014-01-11,0,0,0
2014-01-11,8,6,2
2014-01-11,8,0,8
2014-01-11,6,2,4
2014-01-11,5,2,3
2014-01-11,5,3,2
2014-01-11,6,4,2
2014-01-11,12,8,4
2014-01-11,10,4,6
2014-01-11,6,2,4
2014-01-11,3,1,2
2014-01-11,6,4,2
2014-01-11,3,2,1
2014-01-11,0,0,0
2014-01-11,3,3,0
2014-01-11,8,6,2
2014-01-12,2,0,2
2014-01-12,0,0,0
2014-01-12,2,2,0
2014-01-12,0,0,0
2014-01-12,0,0,0
2014-01-12,0,0,0
2014-01-12,0,0,0
2014-01-12,0,0,0
2014-01-12,2,0,2
2014-01-12,6,4,2
2014-01-12,4,2,2
2014-01-12,10,7,3
2014-01-12,10,2,8
2014-01-12,13,7,6
2014-01-12,11,5,6
2014-01-12,13,3,10
2014-01-12,16,12,4
2014-01-12,13,6,7
2014-01-12,13,10,3
2014-01-12,6,4,2
2014-01-12,15,7,8
2014-01-12,4,2,2
2014-01-12,8,6,2
2014-01-12,3,0,3
2014-01-13,4,2,2
2014-01-13,0,0,0
2014-01-13,0,0,0
2014-01-13,2,2,0
2014-01-13,0,0,0
2014-01-13,4,2,2
2014-01-13,12,8,4
2014-01-13,16,8,8
2014-01-13,14,4,10
2014-01-13,17,7,10
2014-01-13,15,8,7
2014-01-13,16,6,10
2014-01-13,18,10,8
2014-01-13,11,6,5
2014-01-13,15,13,2
2014-01-13,21,6,15
2014-01-13,18,9,9
2014-01-13,27,14,13
2014-01-13,25,18,7
2014-01-13,27,14,13
2014-01-13,8,5,3
2014-01-13,12,5,7
2014-01-13,5,2,3
2014-01-13,1,0,1
2014-01-14,2,2,0
2014-01-14,1,1,0
2014-01-14,2,2,0
2014-01-14,2,2,0
2014-01-14,0,0,0
2014-01-14,6,0,6
2014-01-14,10,6,4
2014-01-14,18,9,9
2014-01-14,25,9,16
2014-01-14,15,11,4
2014-01-14,22,10,12
2014-01-14,12,6,6
2014-01-14,12,8,4
2014-01-14,10,4,6
2014-01-14,11,6,5
2014-01-14,26,20,6
2014-01-14,34,20,14
2014-01-14,48,31,17
2014-01-14,33,11,22
2014-01-14,27,17,10
2014-01-14,12,6,6
2014-01-14,6,2,4
2014-01-14,6,4,2
2014-01-14,12,10,2
2014-01-15,0,0,0
2014-01-15,0,0,0
2014-01-15,0,0,0
2014-01-15,2,2,0
2014-01-15,0,0,0
2014-01-15,2,0,2
2014-01-15,10,2,8
2014-01-15,14,4,10
2014-01-15,17,11,6
2014-01-15,18,12,6
2014-01-15,24,14,10
2014-01-15,6,6,0
2014-01-15,17,5,12
2014-01-15,20,5,15
2014-01-15,18,9,9
2014-01-15,17,7,10
2014-01-15,46,30,16
2014-01-15,45,23,22
2014-01-15,20,14,6
2014-01-15,11,6,5
2014-01-15,23,12,11
2014-01-15,14,11,3
2014-01-15,2,2,0
2014-01-15,9,6,3
2014-01-16,2,2,0
2014-01-16,0,0,0
2014-01-16,0,0,0
2014-01-16,2,2,0
2014-01-16,2,0,2
2014-01-16,7,3,4
2014-01-16,13,7,6
2014-01-16,29,19,10
2014-01-16,22,12,10
2014-01-16,29,23,6
2014-01-16,25,19,6
2014-01-16,6,4,2
2014-01-16,15,9,6
2014-01-16,26,18,8
2014-01-16,22,12,10
2014-01-16,31,17,14
2014-01-16,29,17,12
2014-01-16,40,30,10
2014-01-16,35,20,15
2014-01-16,35,22,13
2014-01-16,20,12,8
2014-01-16,3,0,3
2014-01-16,10,3,7
2014-01-16,1,1,0
2014-01-17,4,2,2
2014-01-17,0,0,0
2014-01-17,0,0,0
2014-01-17,3,2,1
2014-01-17,0,0,0
2014-01-17,2,0,2
2014-01-17,12,6,6
2014-01-17,15,11,4
2014-01-17,22,15,7
2014-01-17,16,4,12
2014-01-17,21,19,2
2014-01-17,4,2,2
2014-01-17,15,8,7
2014-01-17,15,7,8
2014-01-17,14,9,5
2014-01-17,20,11,9
2014-01-17,26,14,12
2014-01-17,40,22,18
2014-01-17,21,15,6
2014-01-17,19,11,8
2014-01-17,8,4,4
2014-01-17,7,1,6
2014-01-17,11,9,2
2014-01-17,5,5,0
2014-01-18,3,3,0
2014-01-18,6,2,4
2014-01-18,2,2,0
2014-01-18,1,0,1
2014-01-18,0,0,0
2014-01-18,0,0,0
2014-01-18,8,3,5
2014-01-18,1,0,1
2014-01-18,2,2,0
2014-01-18,0,0,0
2014-01-18,8,2,6
2014-01-18,11,4,7
2014-01-18,12,4,8
2014-01-18,21,14,7
2014-01-18,30,15,15
2014-01-18,11,3,8
2014-01-18,21,8,13
2014-01-18,13,8,5
2014-01-18,12,3,9
2014-01-18,9,9,0
2014-01-18,4,2,2
2014-01-18,10,2,8
2014-01-18,8,5,3
2014-01-18,13,3,10
2014-01-19,3,0,3
2014-01-19,0,0,0
2014-01-19,4,3,1
2014-01-19,0,0,0
2014-01-19,2,0,2
2014-01-19,0,0,0
2014-01-19,2,0,2
2014-01-19,0,0,0
2014-01-19,0,0,0
2014-01-19,2,2,0
2014-01-19,7,5,2
2014-01-19,2,2,0
2014-01-19,4,4,0
2014-01-19,14,7,7
2014-01-19,11,7,4
2014-01-19,12,9,3
2014-01-19,21,11,10
2014-01-19,12,7,5
2014-01-19,10,7,3
2014-01-19,4,4,0
2014-01-19,6,4,2
2014-01-19,13,7,6
2014-01-19,17,5,12
2014-01-19,4,0,4
2014-01-20,3,0,3
2014-01-20,0,0,0
2014-01-20,0,0,0
2014-01-20,2,2,0
2014-01-20,0,0,0
2014-01-20,2,0,2
2014-01-20,7,5,2
2014-01-20,3,3,0
2014-01-20,6,5,1
2014-01-20,12,8,4
2014-01-20,4,3,1
2014-01-20,10,3,7
2014-01-20,11,5,6
2014-01-20,16,12,4
2014-01-20,22,20,2
2014-01-20,12,10,2
2014-01-20,15,9,6
2014-01-20,26,8,18
2014-01-20,22,12,10
2014-01-20,17,8,9
2014-01-20,3,1,2
2014-01-20,8,0,8
2014-01-20,2,2,0
2014-01-20,2,2,0
2014-01-21,4,4,0
2014-01-21,0,0,0
2014-01-21,2,2,0
2014-01-21,2,2,0
2014-01-21,0,0,0
2014-01-21,4,1,3
2014-01-21,7,3,4
2014-01-21,9,5,4
2014-01-21,17,9,8
2014-01-21,16,8,8
2014-01-21,11,1,10
2014-01-21,7,2,5
2014-01-21,20,10,10
2014-01-21,11,4,7
2014-01-21,18,10,8
2014-01-21,6,2,4
2014-01-21,25,13,12
2014-01-21,32,24,8
2014-01-21,14,8,6
2014-01-21,16,8,8
2014-01-21,15,8,7
2014-01-21,10,3,7
2014-01-21,7,2,5
2014-01-21,6,4,2
2014-01-22,0,0,0
2014-01-22,0,0,0
2014-01-22,1,1,0
2014-01-22,2,2,0
2014-01-22,0,0,0
2014-01-22,4,0,4
2014-01-22,7,1,6
2014-01-22,15,7,8
2014-01-22,26,11,15
2014-01-22,32,15,17
2014-01-22,16,11,5
2014-01-22,10,7,3
2014-01-22,12,2,10
2014-01-22,20,6,14
2014-01-22,9,5,4
2014-01-22,15,6,9
2014-01-22,34,15,19
2014-01-22,28,22,6
2014-01-22,29,19,10
2014-01-22,25,17,8
2014-01-22,16,8,8
2014-01-22,10,3,7
2014-01-22,3,0,3
2014-01-22,10,9,1
2014-01-23,5,2,3
2014-01-23,2,2,0
2014-01-23,0,0,0
2014-01-23,2,2,0
2014-01-23,0,0,0
2014-01-23,4,1,3
2014-01-23,11,4,7
2014-01-23,9,1,8
2014-01-23,21,7,14
2014-01-23,7,3,4
2014-01-23,17,4,13
2014-01-23,21,10,11
2014-01-23,13,11,2
2014-01-23,7,3,4
2014-01-23,15,8,7
2014-01-23,16,11,5
2014-01-23,27,17,10
2014-01-23,34,15,19
2014-01-23,23,10,13
2014-01-23,19,8,11
2014-01-23,11,6,5
2014-01-23,13,5,8
2014-01-23,6,3,3
2014-01-23,2,0,2
2014-01-24,2,2,0
2014-01-24,0,0,0
2014-01-24,2,2,0
2014-01-24,1,1,0
2014-01-24,4,2,2
2014-01-24,4,0,4
2014-01-24,9,5,4
2014-01-24,11,3,8
2014-01-24,17,12,5
2014-01-24,17,12,5
2014-01-24,10,6,4
2014-01-24,14,12,2
2014-01-24,26,16,10
2014-01-24,15,4,11
2014-01-24,9,6,3
2014-01-24,32,15,17
2014-01-24,21,12,9
2014-01-24,31,13,18
2014-01-24,27,18,9
2014-01-24,26,10,16
2014-01-24,1,0,1
2014-01-24,8,1,7
2014-01-24,7,3,4
2014-01-24,6,0,6
2014-01-25,8,3,5
2014-01-25,4,2,2
2014-01-25,5,1,4
2014-01-25,0,0,0
2014-01-25,0,0,0
2014-01-25,0,0,0
2014-01-25,3,1,2
2014-01-25,0,0,0
2014-01-25,0,0,0
2014-01-25,2,2,0
2014-01-25,6,0,6
2014-01-25,2,2,0
2014-01-25,15,4,11
2014-01-25,23,9,14
2014-01-25,4,2,2
2014-01-25,7,2,5
2014-01-25,10,2,8
2014-01-25,23,11,12
2014-01-25,0,0,0
2014-01-25,6,4,2
2014-01-25,11,3,8
2014-01-25,15,8,7
2014-01-25,6,0,6
2014-01-25,12,3,9
2014-01-26,8,4,4
2014-01-26,4,1,3
2014-01-26,3,1,2
2014-01-26,0,0,0
2014-01-26,2,2,0
2014-01-26,0,0,0
2014-01-26,0,0,0
2014-01-26,0,0,0
2014-01-26,0,0,0
2014-01-26,5,2,3
2014-01-26,3,0,3
2014-01-26,6,4,2
2014-01-26,15,4,11
2014-01-26,25,5,20
2014-01-26,8,2,6
2014-01-26,5,1,4
2014-01-26,13,2,11
2014-01-26,15,3,12
2014-01-26,7,2,5
2014-01-26,13,9,4
2014-01-26,3,3,0
2014-01-26,4,0,4
2014-01-26,4,4,0
2014-01-26,6,4,2
2014-01-27,5,3,2
2014-01-27,0,0,0
2014-01-27,0,0,0
2014-01-27,0,0,0
2014-01-27,1,1,0
2014-01-27,2,0,2
2014-01-27,4,4,0
2014-01-27,14,6,8
2014-01-27,16,7,9
2014-01-27,16,7,9
2014-01-27,7,1,6
2014-01-27,11,4,7
2014-01-27,2,2,0
2014-01-27,14,6,8
2014-01-27,22,5,17
2014-01-27,17,10,7
2014-01-27,17,10,7
2014-01-27,24,13,11
2014-01-27,16,2,14
2014-01-27,16,14,2
2014-01-27,11,1,10
2014-01-27,15,3,12
2014-01-27,11,6,5
2014-01-27,12,5,7
2014-01-28,2,0,2
2014-01-28,2,0,2
2014-01-28,0,0,0
2014-01-28,2,2,0
2014-01-28,0,0,0
2014-01-28,6,0,6
2014-01-28,18,9,9
2014-01-28,26,14,12
2014-01-28,18,12,6
2014-01-28,19,15,4
2014-01-28,18,4,14
2014-01-28,15,9,6
2014-01-28,3,2,1
2014-01-28,20,14,6
2014-01-28,14,8,6
2014-01-28,20,13,7
2014-01-28,32,18,14
2014-01-28,21,11,10
2014-01-28,34,15,19
2014-01-28,17,15,2
2014-01-28,25,5,20
2014-01-28,9,0,9
2014-01-28,5,2,3
2014-01-28,4,4,0
2014-01-29,2,2,0
2014-01-29,0,0,0
2014-01-29,0,0,0
2014-01-29,2,2,0
2014-01-29,0,0,0
2014-01-29,3,0,3
2014-01-29,5,4,1
2014-01-29,12,5,7
2014-01-29,12,4,8
2014-01-29,10,6,4
2014-01-29,10,7,3
2014-01-29,11,3,8
2014-01-29,10,0,10
2014-01-29,13,4,9
2014-01-29,11,5,6
2014-01-29,2,2,0
2014-01-29,26,19,7
2014-01-29,25,21,4
2014-01-29,13,5,8
2014-01-29,11,8,3
2014-01-29,18,10,8
2014-01-29,2,0,2
2014-01-29,5,1,4
2014-01-29,3,3,0
2014-01-30,8,2,6
2014-01-30,0,0,0
2014-01-30,0,0,0
2014-01-30,0,0,0
2014-01-30,0,0,0
2014-01-30,10,3,7
2014-01-30,11,5,6
2014-01-30,14,6,8
2014-01-30,11,3,8
2014-01-30,16,5,11
2014-01-30,19,7,12
2014-01-30,8,4,4
2014-01-30,6,0,6
2014-01-30,7,5,2
2014-01-30,15,4,11
2014-01-30,17,8,9
2014-01-30,13,9,4
2014-01-30,26,20,6
2014-01-30,15,7,8
2014-01-30,31,20,11
2014-01-30,23,13,10
2014-01-30,6,6,0
2014-01-30,1,1,0
2014-01-30,3,3,0
2014-01-31,0,0,0
2014-01-31,0,0,0
2014-01-31,0,0,0
2014-01-31,4,2,2
2014-01-31,2,0,2
2014-01-31,5,0,5
2014-01-31,8,1,7
2014-01-31,14,6,8
2014-01-31,18,10,8
2014-01-31,15,13,2
2014-01-31,10,4,6
2014-01-31,7,4,3
2014-01-31,15,5,10
2014-01-31,20,14,6
2014-01-31,12,4,8
2014-01-31,17,10,7
2014-01-31,17,11,6
2014-01-31,26,19,7
2014-01-31,12,8,4
2014-01-31,7,5,2
2014-01-31,9,9,0
2014-01-31,0,0,0
2014-01-31,4,0,4
2014-01-31,19,14,5
2014-02-01,7,2,5
2014-02-01,0,0,0
2014-02-01,8,8,0
2014-02-01,0,0,0
2014-02-01,2,0,2
2014-02-01,0,0,0
2014-02-01,0,0,0
2014-02-01,3,2,1
2014-02-01,6,2,4
2014-02-01,13,11,2
2014-02-01,12,0,12
2014-02-01,2,2,0
2014-02-01,2,2,0
2014-02-01,8,8,0
2014-02-01,14,6,8
2014-02-01,7,0,7
2014-02-01,16,7,9
2014-02-01,19,13,6
2014-02-01,10,5,5
2014-02-01,16,10,6
2014-02-01,6,2,4
2014-02-01,6,4,2
2014-02-01,8,2,6
2014-02-01,6,1,5
2014-02-02,6,3,3
2014-02-02,6,2,4
2014-02-02,1,1,0
2014-02-02,0,0,0
2014-02-02,0,0,0
2014-02-02,0,0,0
2014-02-02,0,0,0
2014-02-02,0,0,0
2014-02-02,4,2,2
2014-02-02,1,0,1
2014-02-02,7,6,1
2014-02-02,6,4,2
2014-02-02,10,4,6
2014-02-02,14,5,9
2014-02-02,9,3,6
2014-02-02,12,5,7
2014-02-02,17,7,10
2014-02-02,8,3,5
2014-02-02,8,3,5
2014-02-02,13,9,4
2014-02-02,10,6,4
2014-02-02,11,8,3
2014-02-02,16,11,5
2014-02-02,9,5,4
2014-02-03,0,0,0
2014-02-03,3,0,3
2014-02-03,2,2,0
2014-02-03,4,4,0
2014-02-03,2,2,0
2014-02-03,3,0,3
2014-02-03,8,0,8
2014-02-03,7,3,4
2014-02-03,11,5,6
2014-02-03,10,3,7
2014-02-03,15,8,7
2014-02-03,13,8,5
2014-02-03,13,5,8
2014-02-03,12,4,8
2014-02-03,8,6,2
2014-02-03,22,14,8
2014-02-03,25,16,9
2014-02-03,32,22,10
2014-02-03,17,0,17
2014-02-03,23,10,13
2014-02-03,6,4,2
2014-02-03,5,2,3
2014-02-03,3,1,2
2014-02-03,8,5,3
2014-02-04,0,0,0
2014-02-04,1,1,0
2014-02-04,0,0,0
2014-02-04,0,0,0
2014-02-04,1,0,1
2014-02-04,2,0,2
2014-02-04,7,2,5
2014-02-04,15,5,10
2014-02-04,12,7,5
2014-02-04,14,8,6
2014-02-04,29,17,12
2014-02-04,13,7,6
2014-02-04,9,2,7
2014-02-04,15,2,13
2014-02-04,11,5,6
2014-02-04,11,5,6
2014-02-04,27,16,11
2014-02-04,11,7,4
2014-02-04,29,10,19
2014-02-04,18,12,6
2014-02-04,23,14,9
2014-02-04,8,2,6
2014-02-04,5,4,1
2014-02-04,2,2,0
2014-02-05,1,1,0
2014-02-05,2,0,2
2014-02-05,0,0,0
2014-02-05,0,0,0
2014-02-05,3,1,2
2014-02-05,4,0,4
2014-02-05,10,3,7
2014-02-05,11,8,3
2014-02-05,8,4,4
2014-02-05,10,7,3
2014-02-05,6,3,3
2014-02-05,10,4,6
2014-02-05,11,6,5
2014-02-05,25,15,10
2014-02-05,19,12,7
2014-02-05,20,10,10
2014-02-05,19,13,6
2014-02-05,24,13,11
2014-02-05,21,10,11
2014-02-05,6,4,2
2014-02-05,15,9,6
2014-02-05,7,3,4
2014-02-05,0,0,0
2014-02-05,2,1,1
2014-02-06,5,5,0
2014-02-06,0,0,0
2014-02-06,0,0,0
2014-02-06,0,0,0
2014-02-06,1,1,0
2014-02-06,2,0,2
2014-02-06,4,1,3
2014-02-06,6,2,4
2014-02-06,6,6,0
2014-02-06,11,4,7
2014-02-06,10,3,7
2014-02-06,5,4,1
2014-02-06,8,2,6
2014-02-06,11,4,7
2014-02-06,9,4,5
2014-02-06,12,9,3
2014-02-06,7,1,6
2014-02-06,28,16,12
2014-02-06,12,5,7
2014-02-06,19,11,8
2014-02-06,9,4,5
2014-02-06,3,1,2
2014-02-06,6,1,5
2014-02-06,2,2,0
2014-02-07,2,2,0
2014-02-07,0,0,0
2014-02-07,0,0,0
2014-02-07,1,1,0
2014-02-07,0,0,0
2014-02-07,3,0,3
2014-02-07,2,1,1
2014-02-07,5,3,2
2014-02-07,12,6,6
2014-02-07,7,7,0
2014-02-07,3,1,2
2014-02-07,2,0,2
2014-02-07,4,4,0
2014-02-07,8,4,4
2014-02-07,7,5,2
2014-02-07,9,7,2
2014-02-07,9,7,2
2014-02-07,17,11,6
2014-02-07,14,7,7
2014-02-07,1,1,0
2014-02-07,10,6,4
2014-02-07,1,1,0
2014-02-07,10,6,4
2014-02-07,3,1,2
2014-02-08,6,0,6
2014-02-08,8,4,4
2014-02-08,11,9,2
2014-02-08,0,0,0
2014-02-08,0,0,0
2014-02-08,0,0,0
2014-02-08,2,0,2
2014-02-08,0,0,0
2014-02-08,2,1,1
2014-02-08,4,4,0
2014-02-08,14,0,14
2014-02-08,5,1,4
2014-02-08,10,6,4
2014-02-08,2,2,0
2014-02-08,4,4,0
2014-02-08,11,2,9
2014-02-08,4,2,2
2014-02-08,17,3,14
2014-02-08,2,0,2
2014-02-08,1,1,0
2014-02-08,4,2,2
2014-02-08,0,0,0
2014-02-08,2,2,0
2014-02-08,3,0,3
2014-02-09,1,1,0
2014-02-09,2,2,0
2014-02-09,0,0,0
2014-02-09,0,0,0
2014-02-09,0,0,0
2014-02-09,0,0,0
2014-02-09,0,0,0
2014-02-09,0,0,0
2014-02-09,0,0,0
2014-02-09,2,2,0
2014-02-09,1,1,0
2014-02-09,1,0,1
2014-02-09,2,2,0
2014-02-09,10,4,6
2014-02-09,3,0,3
2014-02-09,2,2,0
2014-02-09,12,8,4
2014-02-09,9,6,3
2014-02-09,7,7,0
2014-02-09,3,2,1
2014-02-09,1,1,0
2014-02-09,2,2,0
2014-02-09,3,3,0
2014-02-09,0,0,0
2014-02-10,2,2,0
2014-02-10,0,0,0
2014-02-10,0,0,0
2014-02-10,0,0,0
2014-02-10,2,2,0
2014-02-10,4,0,4
2014-02-10,4,2,2
2014-02-10,4,2,2
2014-02-10,9,3,6
2014-02-10,9,5,4
2014-02-10,4,2,2
2014-02-10,0,0,0
2014-02-10,0,0,0
2014-02-10,3,0,3
2014-02-10,8,2,6
2014-02-10,14,6,8
2014-02-10,11,8,3
2014-02-10,17,13,4
2014-02-10,16,7,9
2014-02-10,4,3,1
2014-02-10,10,4,6
2014-02-10,6,4,2
2014-02-10,1,0,1
2014-02-10,8,6,2
2014-02-11,4,2,2
2014-02-11,1,1,0
2014-02-11,0,0,0
2014-02-11,0,0,0
2014-02-11,0,0,0
2014-02-11,6,2,4
2014-02-11,7,4,3
2014-02-11,10,4,6
2014-02-11,16,8,8
2014-02-11,18,9,9
2014-02-11,16,9,7
2014-02-11,3,3,0
2014-02-11,4,0,4
2014-02-11,15,8,7
2014-02-11,14,11,3
2014-02-11,11,8,3
2014-02-11,22,14,8
2014-02-11,23,13,10
2014-02-11,19,3,16
2014-02-11,13,8,5
2014-02-11,6,4,2
2014-02-11,3,2,1
2014-02-11,8,6,2
2014-02-11,2,1,1
2014-02-12,4,4,0
2014-02-12,2,2,0
2014-02-12,0,0,0
2014-02-12,0,0,0
2014-02-12,0,0,0
2014-02-12,5,2,3
2014-02-12,0,0,0
2014-02-12,19,13,6
2014-02-12,22,16,6
2014-02-12,22,18,4
2014-02-12,15,9,6
2014-02-12,2,1,1
2014-02-12,9,5,4
2014-02-12,3,0,3
2014-02-12,3,0,3
2014-02-12,18,6,12
2014-02-12,20,11,9
2014-02-12,26,16,10
2014-02-12,9,5,4
2014-02-12,25,13,12
2014-02-12,5,2,3
2014-02-12,8,4,4
2014-02-12,0,0,0
2014-02-12,4,4,0
2014-02-13,2,2,0
2014-02-13,4,2,2
2014-02-13,2,2,0
2014-02-13,0,0,0
2014-02-13,2,2,0
2014-02-13,4,0,4
2014-02-13,11,3,8
2014-02-13,14,10,4
2014-02-13,15,10,5
2014-02-13,13,6,7
2014-02-13,18,5,13
2014-02-13,6,3,3
2014-02-13,14,2,12
2014-02-13,20,11,9
2014-02-13,8,5,3
2014-02-13,14,7,7
2014-02-13,16,9,7
2014-02-13,45,28,17
2014-02-13,30,14,16
2014-02-13,23,13,10
2014-02-13,12,7,5
2014-02-13,17,5,12
2014-02-13,2,0,2
2014-02-13,15,8,7
2014-02-14,5,5,0
2014-02-14,3,1,2
2014-02-14,4,0,4
2014-02-14,0,0,0
2014-02-14,2,2,0
2014-02-14,3,0,3
2014-02-14,7,7,0
2014-02-14,12,3,9
2014-02-14,19,14,5
2014-02-14,14,5,9
2014-02-14,2,0,2
2014-02-14,6,4,2
2014-02-14,10,2,8
2014-02-14,15,8,7
2014-02-14,16,4,12
2014-02-14,13,9,4
2014-02-14,13,5,8
2014-02-14,22,10,12
2014-02-14,11,6,5
2014-02-14,13,6,7
2014-02-14,7,7,0
2014-02-14,11,9,2
2014-02-14,5,3,2
2014-02-14,6,2,4
2014-02-15,4,4,0
2014-02-15,9,7,2
2014-02-15,10,4,6
2014-02-15,0,0,0
2014-02-15,0,0,0
2014-02-15,0,0,0
2014-02-15,3,1,2
2014-02-15,2,2,0
2014-02-15,7,2,5
2014-02-15,9,5,4
2014-02-15,9,6,3
2014-02-15,3,1,2
2014-02-15,5,1,4
2014-02-15,0,0,0
2014-02-15,4,2,2
2014-02-15,3,3,0
2014-02-15,2,2,0
2014-02-15,11,7,4
2014-02-15,15,6,9
2014-02-15,3,1,2
2014-02-15,2,0,2
2014-02-15,3,2,1
2014-02-15,5,5,0
2014-02-15,9,3,6
2014-02-16,5,4,1
2014-02-16,5,1,4
2014-02-16,4,3,1
2014-02-16,0,0,0
2014-02-16,0,0,0
2014-02-16,2,2,0
2014-02-16,2,0,2
2014-02-16,0,0,0
2014-02-16,4,4,0
2014-02-16,0,0,0
2014-02-16,5,2,3
2014-02-16,3,0,3
2014-02-16,0,0,0
2014-02-16,4,1,3
2014-02-16,3,3,0
2014-02-16,4,1,3
2014-02-16,9,5,4
2014-02-16,8,6,2
2014-02-16,0,0,0
2014-02-16,8,5,3
2014-02-16,2,0,2
2014-02-16,3,0,3
2014-02-16,1,1,0
2014-02-16,0,0,0
2014-02-17,0,0,0
2014-02-17,0,0,0
2014-02-17,0,0,0
2014-02-17,0,0,0
2014-02-17,0,0,0
2014-02-17,6,2,4
2014-02-17,4,2,2
2014-02-17,0,0,0
2014-02-17,4,2,2
2014-02-17,5,1,4
2014-02-17,12,7,5
2014-02-17,7,5,2
2014-02-17,15,6,9
2014-02-17,14,6,8
2014-02-17,10,7,3
2014-02-17,16,11,5
2014-02-17,20,13,7
2014-02-17,19,10,9
2014-02-17,17,8,9
2014-02-17,6,6,0
2014-02-17,15,9,6
2014-02-17,16,7,9
2014-02-17,4,4,0
2014-02-17,5,2,3
2014-02-18,4,4,0
2014-02-18,2,2,0
2014-02-18,0,0,0
2014-02-18,0,0,0
2014-02-18,5,2,3
2014-02-18,6,0,6
2014-02-18,2,0,2
2014-02-18,10,4,6
2014-02-18,12,8,4
2014-02-18,10,4,6
2014-02-18,9,0,9
2014-02-18,10,2,8
2014-02-18,6,4,2
2014-02-18,14,4,10
2014-02-18,3,3,0
2014-02-18,11,4,7
2014-02-18,20,12,8
2014-02-18,23,11,12
2014-02-18,11,5,6
2014-02-18,5,2,3
2014-02-18,7,3,4
2014-02-18,14,6,8
2014-02-18,4,2,2
2014-02-18,0,0,0
2014-02-19,2,0,2
2014-02-19,0,0,0
2014-02-19,0,0,0
2014-02-19,0,0,0
2014-02-19,2,2,0
2014-02-19,2,0,2
2014-02-19,12,4,8
2014-02-19,13,6,7
2014-02-19,17,8,9
2014-02-19,17,10,7
2014-02-19,20,15,5
2014-02-19,4,4,0
2014-02-19,18,7,11
2014-02-19,12,5,7
2014-02-19,30,19,11
2014-02-19,16,10,6
2014-02-19,35,19,16
2014-02-19,28,15,13
2014-02-19,17,3,14
2014-02-19,26,16,10
2014-02-19,6,4,2
2014-02-19,4,2,2
2014-02-19,6,2,4
2014-02-19,7,5,2
2014-02-20,1,1,0
2014-02-20,2,2,0
2014-02-20,0,0,0
2014-02-20,0,0,0
2014-02-20,2,2,0
2014-02-20,4,0,4
2014-02-20,9,3,6
2014-02-20,6,4,2
2014-02-20,19,11,8
2014-02-20,13,7,6
2014-02-20,7,5,2
2014-02-20,14,6,8
2014-02-20,7,3,4
2014-02-20,15,9,6
2014-02-20,7,3,4
2014-02-20,22,16,6
2014-02-20,21,9,12
2014-02-20,17,9,8
2014-02-20,26,16,10
2014-02-20,17,8,9
2014-02-20,15,9,6
2014-02-20,6,2,4
2014-02-20,5,0,5
2014-02-20,4,3,1
2014-02-21,3,2,1
2014-02-21,2,2,0
2014-02-21,4,4,0
2014-02-21,0,0,0
2014-02-21,3,2,1
2014-02-21,6,2,4
2014-02-21,2,2,0
2014-02-21,8,7,1
2014-02-21,17,13,4
2014-02-21,6,1,5
2014-02-21,11,8,3
2014-02-21,3,3,0
2014-02-21,3,3,0
2014-02-21,15,5,10
2014-02-21,12,8,4
2014-02-21,9,5,4
2014-02-21,15,15,0
2014-02-21,25,12,13
2014-02-21,20,10,10
2014-02-21,12,7,5
2014-02-21,11,5,6
2014-02-21,7,6,1
2014-02-21,9,7,2
2014-02-21,11,5,6
2014-02-22,13,7,6
2014-02-22,7,0,7
2014-02-22,0,0,0
2014-02-22,0,0,0
2014-02-22,0,0,0
2014-02-22,0,0,0
2014-02-22,2,0,2
2014-02-22,2,2,0
2014-02-22,5,1,4
2014-02-22,4,2,2
2014-02-22,2,1,1
2014-02-22,4,2,2
2014-02-22,8,4,4
2014-02-22,11,3,8
2014-02-22,12,9,3
2014-02-22,7,3,4
2014-02-22,5,5,0
2014-02-22,17,3,14
2014-02-22,4,1,3
2014-02-22,3,1,2
2014-02-22,10,10,0
2014-02-22,5,2,3
2014-02-22,3,3,0
2014-02-22,4,0,4
2014-02-23,3,2,1
2014-02-23,8,1,7
2014-02-23,4,2,2
2014-02-23,0,0,0
2014-02-23,0,0,0
2014-02-23,0,0,0
2014-02-23,0,0,0
2014-02-23,1,1,0
2014-02-23,6,0,6
2014-02-23,6,4,2
2014-02-23,6,4,2
2014-02-23,8,2,6
2014-02-23,11,5,6
2014-02-23,10,6,4
2014-02-23,12,6,6
2014-02-23,8,5,3
2014-02-23,7,4,3
2014-02-23,4,1,3
2014-02-23,8,4,4
2014-02-23,9,7,2
2014-02-23,4,3,1
2014-02-23,2,2,0
2014-02-23,0,0,0
2014-02-23,3,1,2
2014-02-24,6,4,2
2014-02-24,0,0,0
2014-02-24,0,0,0
2014-02-24,2,0,2
2014-02-24,1,1,0
2014-02-24,7,3,4
2014-02-24,1,1,0
2014-02-24,12,7,5
2014-02-24,14,10,4
2014-02-24,15,7,8
2014-02-24,5,2,3
2014-02-24,4,3,1
2014-02-24,8,3,5
2014-02-24,6,2,4
2014-02-24,16,6,10
2014-02-24,8,3,5
2014-02-24,15,9,6
2014-02-24,17,10,7
2014-02-24,14,8,6
2014-02-24,17,7,10
2014-02-24,14,12,2
2014-02-24,10,9,1
2014-02-24,2,2,0
2014-02-24,5,3,2
2014-02-25,2,2,0
2014-02-25,0,0,0
2014-02-25,0,0,0
2014-02-25,0,0,0
2014-02-25,0,0,0
2014-02-25,2,0,2
2014-02-25,8,2,6
2014-02-25,10,7,3
2014-02-25,9,6,3
2014-02-25,22,12,10
2014-02-25,16,8,8
2014-02-25,5,5,0
2014-02-25,14,10,4
2014-02-25,22,8,14
2014-02-25,12,6,6
2014-02-25,15,9,6
2014-02-25,27,12,15
2014-02-25,31,27,4
2014-02-25,25,12,13
2014-02-25,15,5,10
2014-02-25,14,6,8
2014-02-25,15,7,8
2014-02-25,3,2,1
2014-02-25,13,10,3
2014-02-26,9,1,8
2014-02-26,4,4,0
2014-02-26,0,0,0
2014-02-26,0,0,0
2014-02-26,0,0,0
2014-02-26,4,0,4
2014-02-26,10,4,6
2014-02-26,17,8,9
2014-02-26,24,16,8
2014-02-26,19,6,13
2014-02-26,16,11,5
2014-02-26,16,11,5
2014-02-26,12,8,4
2014-02-26,23,14,9
2014-02-26,9,3,6
2014-02-26,20,6,14
2014-02-26,25,12,13
2014-02-26,27,16,11
2014-02-26,17,9,8
2014-02-26,33,17,16
2014-02-26,15,7,8
2014-02-26,14,6,8
2014-02-26,4,0,4
2014-02-26,7,3,4
2014-02-27,7,4,3
2014-02-27,0,0,0
2014-02-27,0,0,0
2014-02-27,0,0,0
2014-02-27,0,0,0
2014-02-27,4,1,3
2014-02-27,10,3,7
2014-02-27,7,5,2
2014-02-27,17,9,8
2014-02-27,8,6,2
2014-02-27,11,3,8
2014-02-27,15,10,5
2014-02-27,15,9,6
2014-02-27,21,13,8
2014-02-27,10,6,4
2014-02-27,8,3,5
2014-02-27,22,8,14
2014-02-27,38,25,13
2014-02-27,28,13,15
2014-02-27,18,4,14
2014-02-27,10,3,7
2014-02-27,17,9,8
2014-02-27,13,4,9
2014-02-27,6,4,2
2014-02-28,5,2,3
2014-02-28,0,0,0
2014-02-28,2,0,2
2014-02-28,0,0,0
2014-02-28,0,0,0
2014-02-28,4,0,4
2014-02-28,5,0,5
2014-02-28,14,11,3
2014-02-28,24,19,5
2014-02-28,16,8,8
2014-02-28,9,6,3
2014-02-28,9,5,4
2014-02-28,13,3,10
2014-02-28,10,6,4
2014-02-28,11,4,7
2014-02-28,24,14,10
2014-02-28,9,7,2
2014-02-28,29,15,14
2014-02-28,15,7,8
2014-02-28,11,6,5
2014-02-28,9,4,5
2014-02-28,9,1,8
2014-02-28,13,9,4
2014-02-28,9,4,5
2014-03-01,10,4,6
2014-03-01,6,4,2
2014-03-01,2,2,0
2014-03-01,0,0,0
2014-03-01,0,0,0
2014-03-01,2,1,1
2014-03-01,4,2,2
2014-03-01,5,3,2
2014-03-01,7,3,4
2014-03-01,7,1,6
2014-03-01,3,0,3
2014-03-01,12,8,4
2014-03-01,8,0,8
2014-03-01,21,11,10
2014-03-01,10,8,2
2014-03-01,8,4,4
2014-03-01,7,4,3
2014-03-01,8,2,6
2014-03-01,4,2,2
2014-03-01,5,4,1
2014-03-01,6,2,4
2014-03-01,9,4,5
2014-03-01,3,0,3
2014-03-01,2,2,0
2014-03-02,1,1,0
2014-03-02,4,0,4
2014-03-02,2,0,2
2014-03-02,0,0,0
2014-03-02,1,0,1
2014-03-02,0,0,0
2014-03-02,4,2,2
2014-03-02,1,1,0
2014-03-02,0,0,0
2014-03-02,6,5,1
2014-03-02,2,2,0
2014-03-02,2,0,2
2014-03-02,0,0,0
2014-03-02,12,6,6
2014-03-02,6,5,1
2014-03-02,8,4,4
2014-03-02,2,2,0
2014-03-02,9,3,6
2014-03-02,5,4,1
2014-03-02,4,1,3
2014-03-02,4,4,0
2014-03-02,7,2,5
2014-03-02,1,1,0
2014-03-02,2,0,2
2014-03-03,2,0,2
2014-03-03,0,0,0
2014-03-03,0,0,0
2014-03-03,0,0,0
2014-03-03,0,0,0
2014-03-03,3,0,3
2014-03-03,2,2,0
2014-03-03,4,2,2
2014-03-03,8,2,6
2014-03-03,10,4,6
2014-03-03,4,3,1
2014-03-03,9,5,4
2014-03-03,4,1,3
2014-03-03,12,7,5
2014-03-03,15,7,8
2014-03-03,26,11,15
2014-03-03,9,4,5
2014-03-03,32,16,16
2014-03-03,28,11,17
2014-03-03,17,14,3
2014-03-03,4,4,0
2014-03-03,4,1,3
2014-03-03,1,0,1
2014-03-03,4,2,2
2014-03-04,2,2,0
2014-03-04,0,0,0
2014-03-04,0,0,0
2014-03-04,0,0,0
2014-03-04,0,0,0
2014-03-04,4,0,4
2014-03-04,2,2,0
2014-03-04,6,2,4
2014-03-04,17,9,8
2014-03-04,10,4,6
2014-03-04,13,2,11
2014-03-04,6,3,3
2014-03-04,9,7,2
2014-03-04,8,4,4
2014-03-04,4,4,0
2014-03-04,7,3,4
2014-03-04,27,13,14
2014-03-04,13,11,2
2014-03-04,31,9,22
2014-03-04,12,6,6
2014-03-04,9,5,4
2014-03-04,7,1,6
2014-03-04,7,5,2
2014-03-04,2,2,0
2014-03-05,2,0,2
2014-03-05,0,0,0
2014-03-05,0,0,0
2014-03-05,0,0,0
2014-03-05,0,0,0
2014-03-05,4,0,4
2014-03-05,5,1,4
2014-03-05,8,6,2
2014-03-05,9,5,4
2014-03-05,12,5,7
2014-03-05,12,8,4
2014-03-05,10,8,2
2014-03-05,15,6,9
2014-03-05,10,6,4
2014-03-05,6,2,4
2014-03-05,13,5,8
2014-03-05,10,6,4
2014-03-05,27,15,12
2014-03-05,25,13,12
2014-03-05,14,10,4
2014-03-05,13,2,11
2014-03-05,2,0,2
2014-03-05,4,2,2
2014-03-05,5,2,3
2014-03-06,4,2,2
2014-03-06,3,2,1
2014-03-06,0,0,0
2014-03-06,0,0,0
2014-03-06,0,0,0
2014-03-06,6,2,4
2014-03-06,4,2,2
2014-03-06,12,2,10
2014-03-06,19,9,10
2014-03-06,12,2,10
2014-03-06,13,8,5
2014-03-06,5,3,2
2014-03-06,18,5,13
2014-03-06,9,4,5
2014-03-06,6,4,2
2014-03-06,22,16,6
2014-03-06,22,12,10
2014-03-06,36,26,10
2014-03-06,13,7,6
2014-03-06,25,13,12
2014-03-06,28,7,21
2014-03-06,2,0,2
2014-03-06,4,0,4
2014-03-06,6,4,2
2014-03-07,4,2,2
2014-03-07,4,2,2
2014-03-07,3,0,3
2014-03-07,0,0,0
2014-03-07,2,0,2
2014-03-07,5,0,5
2014-03-07,5,1,4
2014-03-07,3,2,1
2014-03-07,30,17,13
2014-03-07,13,5,8
2014-03-07,13,7,6
2014-03-07,25,18,7
2014-03-07,10,4,6
2014-03-07,16,8,8
2014-03-07,23,11,12
2014-03-07,20,11,9
2014-03-07,15,10,5
2014-03-07,31,12,19
2014-03-07,25,12,13
2014-03-07,14,10,4
2014-03-07,8,4,4
2014-03-07,7,4,3
2014-03-07,6,0,6
2014-03-07,15,6,9
2014-03-08,1,0,1
2014-03-08,13,6,7
2014-03-08,0,0,0
2014-03-08,0,0,0
2014-03-08,0,0,0
2014-03-08,0,0,0
2014-03-08,6,0,6
2014-03-08,5,5,0
2014-03-08,0,0,0
2014-03-08,2,2,0
2014-03-08,15,4,11
2014-03-08,11,6,5
2014-03-08,7,2,5
2014-03-08,6,2,4
2014-03-08,16,6,10
2014-03-08,8,1,7
2014-03-08,10,4,6
2014-03-08,8,2,6
2014-03-08,3,3,0
2014-03-08,6,4,2
2014-03-08,6,4,2
2014-03-08,2,2,0
2014-03-08,1,0,1
2014-03-08,8,4,4
2014-03-09,3,3,0
2014-03-09,2,0,2
2014-03-09,0,0,0
2014-03-09,3,0,3
2014-03-09,0,0,0
2014-03-09,0,0,0
2014-03-09,0,0,0
2014-03-09,2,0,2
2014-03-09,3,1,2
2014-03-09,3,3,0
2014-03-09,3,2,1
2014-03-09,0,0,0
2014-03-09,8,3,5
2014-03-09,21,4,17
2014-03-09,18,14,4
2014-03-09,10,6,4
2014-03-09,20,7,13
2014-03-09,18,11,7
2014-03-09,17,10,7
2014-03-09,13,8,5
2014-03-09,10,2,8
2014-03-09,5,1,4
2014-03-09,6,2,4
2014-03-09,3,2,1
2014-03-10,5,2,3
2014-03-10,2,0,2
2014-03-10,0,0,0
2014-03-10,0,0,0
2014-03-10,0,0,0
2014-03-10,0,0,0
2014-03-10,3,0,3
2014-03-10,11,3,8
2014-03-10,32,24,8
2014-03-10,23,9,14
2014-03-10,14,8,6
2014-03-10,8,4,4
2014-03-10,9,1,8
2014-03-10,11,5,6
2014-03-10,20,7,13
2014-03-10,21,11,10
2014-03-10,19,12,7
2014-03-10,32,18,14
2014-03-10,27,8,19
2014-03-10,20,13,7
2014-03-10,18,11,7
2014-03-10,15,4,11
2014-03-10,2,0,2
2014-03-10,7,4,3
2014-03-11,8,4,4
2014-03-11,0,0,0
2014-03-11,5,5,0
2014-03-11,2,0,2
2014-03-11,0,0,0
2014-03-11,4,0,4
2014-03-11,7,3,4
2014-03-11,18,12,6
2014-03-11,31,20,11
2014-03-11,14,6,8
2014-03-11,10,5,5
2014-03-11,23,13,10
2014-03-11,6,4,2
2014-03-11,18,14,4
2014-03-11,13,6,7
2014-03-11,28,16,12
2014-03-11,25,14,11
2014-03-11,41,27,14
2014-03-11,28,17,11
2014-03-11,20,16,4
2014-03-11,18,6,12
2014-03-11,10,4,6
2014-03-11,9,5,4
2014-03-11,10,8,2
2014-03-12,0,0,0
2014-03-12,0,0,0
2014-03-12,3,0,3
2014-03-12,0,0,0
2014-03-12,0,0,0
2014-03-12,8,2,6
2014-03-12,13,9,4
2014-03-12,12,0,12
2014-03-12,11,7,4
2014-03-12,15,9,6
2014-03-12,13,9,4
2014-03-12,25,12,13
2014-03-12,11,8,3
2014-03-12,16,2,14
2014-03-12,11,5,6
2014-03-12,27,17,10
2014-03-12,24,17,7
2014-03-12,54,35,19
2014-03-12,37,16,21
2014-03-12,22,6,16
2014-03-12,16,7,9
2014-03-12,9,7,2
2014-03-12,5,2,3
2014-03-12,11,3,8
2014-03-13,6,6,0
2014-03-13,6,4,2
2014-03-13,2,0,2
2014-03-13,2,0,2
2014-03-13,0,0,0
2014-03-13,8,2,6
2014-03-13,6,2,4
2014-03-13,17,10,7
2014-03-13,22,10,12
2014-03-13,8,3,5
2014-03-13,10,4,6
2014-03-13,12,3,9
2014-03-13,20,12,8
2014-03-13,26,9,17
2014-03-13,19,13,6
2014-03-13,22,10,12
2014-03-13,25,19,6
2014-03-13,40,24,16
2014-03-13,22,9,13
2014-03-13,29,13,16
2014-03-13,19,4,15
2014-03-13,14,8,6
2014-03-13,8,1,7
2014-03-13,2,0,2
2014-03-14,1,0,1
2014-03-14,0,0,0
2014-03-14,0,0,0
2014-03-14,2,2,0
2014-03-14,2,2,0
2014-03-14,4,0,4
2014-03-14,2,0,2
2014-03-14,13,3,10
2014-03-14,18,9,9
2014-03-14,8,5,3
2014-03-14,5,2,3
2014-03-14,10,4,6
2014-03-14,6,3,3
2014-03-14,20,11,9
2014-03-14,17,11,6
2014-03-14,29,17,12
2014-03-14,26,11,15
2014-03-14,33,21,12
2014-03-14,34,20,14
2014-03-14,12,2,10
2014-03-14,8,3,5
2014-03-14,6,2,4
2014-03-14,15,11,4
2014-03-14,5,1,4
2014-03-15,10,6,4
2014-03-15,4,2,2
2014-03-15,3,2,1
2014-03-15,0,0,0
2014-03-15,2,2,0
2014-03-15,6,2,4
2014-03-15,7,3,4
2014-03-15,4,1,3
2014-03-15,2,2,0
2014-03-15,10,6,4
2014-03-15,5,1,4
2014-03-15,17,3,14
2014-03-15,7,3,4
2014-03-15,10,5,5
2014-03-15,13,9,4
2014-03-15,16,11,5
2014-03-15,28,15,13
2014-03-15,15,13,2
2014-03-15,43,30,13
2014-03-15,25,10,15
2014-03-15,7,3,4
2014-03-15,8,6,2
2014-03-15,10,7,3
2014-03-15,11,6,5
2014-03-16,10,5,5
2014-03-16,2,0,2
2014-03-16,3,0,3
2014-03-16,2,0,2
2014-03-16,0,0,0
2014-03-16,4,4,0
2014-03-16,4,0,4
2014-03-16,4,2,2
2014-03-16,1,1,0
2014-03-16,4,4,0
2014-03-16,8,2,6
2014-03-16,3,2,1
2014-03-16,3,3,0
2014-03-16,2,2,0
2014-03-16,5,2,3
2014-03-16,5,3,2
2014-03-16,7,3,4
2014-03-16,6,2,4
2014-03-16,10,6,4
2014-03-16,8,6,2
2014-03-16,4,2,2
2014-03-16,12,5,7
2014-03-16,0,0,0
2014-03-16,0,0,0
2014-03-17,6,3,3
2014-03-17,0,0,0
2014-03-17,0,0,0
2014-03-17,0,0,0
2014-03-17,0,0,0
2014-03-17,10,2,8
2014-03-17,9,4,5
2014-03-17,12,4,8
2014-03-17,17,12,5
2014-03-17,18,8,10
2014-03-17,10,4,6
2014-03-17,4,1,3
2014-03-17,11,9,2
2014-03-17,5,1,4
2014-03-17,7,1,6
2014-03-17,14,3,11
2014-03-17,23,8,15
2014-03-17,51,34,17
2014-03-17,28,11,17
2014-03-17,25,17,8
2014-03-17,15,6,9
2014-03-17,13,7,6
2014-03-17,11,5,6
2014-03-17,10,4,6
2014-03-18,4,2,2
2014-03-18,0,0,0
2014-03-18,0,0,0
2014-03-18,0,0,0
2014-03-18,0,0,0
2014-03-18,8,2,6
2014-03-18,11,3,8
2014-03-18,13,5,8
2014-03-18,12,7,5
2014-03-18,16,6,10
2014-03-18,10,1,9
2014-03-18,16,4,12
2014-03-18,13,6,7
2014-03-18,9,9,0
2014-03-18,16,8,8
2014-03-18,16,3,13
2014-03-18,15,7,8
2014-03-18,29,20,9
2014-03-18,20,10,10
2014-03-18,10,6,4
2014-03-18,14,9,5
2014-03-18,10,6,4
2014-03-18,12,6,6
2014-03-18,2,0,2
2014-03-19,0,0,0
2014-03-19,0,0,0
2014-03-19,0,0,0
2014-03-19,0,0,0
2014-03-19,0,0,0
2014-03-19,8,4,4
2014-03-19,9,1,8
2014-03-19,9,4,5
2014-03-19,16,10,6
2014-03-19,13,5,8
2014-03-19,11,5,6
2014-03-19,16,12,4
2014-03-19,20,11,9
2014-03-19,15,4,11
2014-03-19,15,8,7
2014-03-19,16,13,3
2014-03-19,21,12,9
2014-03-19,38,25,13
2014-03-19,15,9,6
2014-03-19,17,10,7
2014-03-19,17,5,12
2014-03-19,14,3,11
2014-03-19,6,4,2
2014-03-19,3,1,2
2014-03-20,1,0,1
2014-03-20,2,2,0
2014-03-20,2,2,0
2014-03-20,0,0,0
2014-03-20,0,0,0
2014-03-20,4,2,2
2014-03-20,7,3,4
2014-03-20,5,2,3
2014-03-20,11,6,5
2014-03-20,12,6,6
2014-03-20,9,4,5
2014-03-20,12,6,6
2014-03-20,16,2,14
2014-03-20,30,21,9
2014-03-20,9,7,2
2014-03-20,18,7,11
2014-03-20,23,11,12
2014-03-20,37,27,10
2014-03-20,31,18,13
2014-03-20,36,18,18
2014-03-20,15,11,4
2014-03-20,19,11,8
2014-03-20,13,9,4
2014-03-20,10,5,5
2014-03-21,2,2,0
2014-03-21,2,0,2
2014-03-21,0,0,0
2014-03-21,2,2,0
2014-03-21,0,0,0
2014-03-21,7,2,5
2014-03-21,13,7,6
2014-03-21,20,8,12
2014-03-21,13,10,3
2014-03-21,18,7,11
2014-03-21,16,8,8
2014-03-21,31,15,16
2014-03-21,18,12,6
2014-03-21,18,12,6
2014-03-21,21,8,13
2014-03-21,26,14,12
2014-03-21,32,11,21
2014-03-21,32,26,6
2014-03-21,26,11,15
2014-03-21,5,3,2
2014-03-21,12,6,6
2014-03-21,8,2,6
2014-03-21,3,2,1
2014-03-21,13,9,4
2014-03-22,15,5,10
2014-03-22,1,1,0
2014-03-22,2,1,1
2014-03-22,0,0,0
2014-03-22,0,0,0
2014-03-22,5,5,0
2014-03-22,0,0,0
2014-03-22,3,1,2
2014-03-22,9,1,8
2014-03-22,15,7,8
2014-03-22,8,3,5
2014-03-22,17,11,6
2014-03-22,15,5,10
2014-03-22,1,0,1
2014-03-22,15,9,6
2014-03-22,2,2,0
2014-03-22,14,5,9
2014-03-22,17,11,6
2014-03-22,7,2,5
2014-03-22,10,2,8
2014-03-22,13,6,7
2014-03-22,10,5,5
2014-03-22,6,3,3
2014-03-22,2,2,0
2014-03-23,4,3,1
2014-03-23,10,6,4
2014-03-23,16,7,9
2014-03-23,2,0,2
2014-03-23,0,0,0
2014-03-23,2,2,0
2014-03-23,2,0,2
2014-03-23,0,0,0
2014-03-23,2,2,0
2014-03-23,11,2,9
2014-03-23,4,4,0
2014-03-23,9,5,4
2014-03-23,9,7,2
2014-03-23,8,6,2
2014-03-23,18,12,6
2014-03-23,35,18,17
2014-03-23,24,4,20
2014-03-23,16,6,10
2014-03-23,9,5,4
2014-03-23,18,10,8
2014-03-23,8,5,3
2014-03-23,7,2,5
2014-03-23,6,5,1
2014-03-23,3,0,3
2014-03-24,3,3,0
2014-03-24,0,0,0
2014-03-24,2,2,0
2014-03-24,2,2,0
2014-03-24,2,2,0
2014-03-24,4,0,4
2014-03-24,15,7,8
2014-03-24,10,6,4
2014-03-24,29,12,17
2014-03-24,12,7,5
2014-03-24,13,8,5
2014-03-24,10,6,4
2014-03-24,13,9,4
2014-03-24,17,9,8
2014-03-24,13,9,4
2014-03-24,29,10,19
2014-03-24,23,12,11
2014-03-24,34,15,19
2014-03-24,41,27,14
2014-03-24,26,11,15
2014-03-24,14,9,5
2014-03-24,11,2,9
2014-03-24,7,3,4
2014-03-24,6,4,2
2014-03-25,6,6,0
2014-03-25,0,0,0
2014-03-25,2,0,2
2014-03-25,4,2,2
2014-03-25,0,0,0
2014-03-25,9,1,8
2014-03-25,7,1,6
2014-03-25,14,7,7
2014-03-25,14,3,11
2014-03-25,13,6,7
2014-03-25,5,4,1
2014-03-25,10,6,4
2014-03-25,14,6,8
2014-03-25,18,4,14
2014-03-25,8,6,2
2014-03-25,15,8,7
2014-03-25,12,8,4
2014-03-25,34,24,10
2014-03-25,19,8,11
2014-03-25,13,9,4
2014-03-25,8,3,5
2014-03-25,8,4,4
2014-03-25,3,0,3
2014-03-25,6,1,5
2014-03-26,2,2,0
2014-03-26,0,0,0
2014-03-26,0,0,0
2014-03-26,0,0,0
2014-03-26,0,0,0
2014-03-26,5,3,2
2014-03-26,9,4,5
2014-03-26,8,4,4
2014-03-26,13,9,4
2014-03-26,12,3,9
2014-03-26,7,3,4
2014-03-26,8,5,3
2014-03-26,21,14,7
2014-03-26,7,4,3
2014-03-26,12,10,2
2014-03-26,13,4,9
2014-03-26,13,9,4
2014-03-26,25,11,14
2014-03-26,19,13,6
2014-03-26,17,8,9
2014-03-26,12,4,8
2014-03-26,9,5,4
2014-03-26,10,8,2
2014-03-26,8,8,0
2014-03-27,2,2,0
2014-03-27,0,0,0
2014-03-27,0,0,0
2014-03-27,0,0,0
2014-03-27,0,0,0
2014-03-27,7,1,6
2014-03-27,2,2,0
2014-03-27,8,6,2
2014-03-27,13,5,8
2014-03-27,9,3,6
2014-03-27,14,11,3
2014-03-27,5,5,0
2014-03-27,9,7,2
2014-03-27,17,3,14
2014-03-27,6,4,2
2014-03-27,12,4,8
2014-03-27,15,8,7
2014-03-27,39,24,15
2014-03-27,26,9,17
2014-03-27,14,13,1
2014-03-27,13,9,4
2014-03-27,6,4,2
2014-03-27,5,3,2
2014-03-27,3,1,2
2014-03-28,1,0,1
2014-03-28,2,0,2
2014-03-28,0,0,0
2014-03-28,0,0,0
2014-03-28,1,0,1
2014-03-28,4,2,2
2014-03-28,5,3,2
2014-03-28,7,3,4
2014-03-28,12,7,5
2014-03-28,8,5,3
2014-03-28,6,2,4
2014-03-28,5,1,4
2014-03-28,9,9,0
2014-03-28,6,4,2
2014-03-28,5,1,4
2014-03-28,8,6,2
2014-03-28,11,9,2
2014-03-28,19,14,5
2014-03-28,14,10,4
2014-03-28,15,8,7
2014-03-28,8,2,6
2014-03-28,10,7,3
2014-03-28,10,6,4
2014-03-28,19,9,10
2014-03-29,3,2,1
2014-03-29,2,0,2
2014-03-29,2,0,2
2014-03-29,4,2,2
2014-03-29,0,0,0
2014-03-29,2,2,0
2014-03-29,2,0,2
2014-03-29,0,0,0
2014-03-29,0,0,0
2014-03-29,4,2,2
2014-03-29,4,3,1
2014-03-29,4,4,0
2014-03-29,10,4,6
2014-03-29,1,0,1
2014-03-29,8,4,4
2014-03-29,13,5,8
2014-03-29,1,1,0
2014-03-29,3,3,0
2014-03-29,6,4,2
2014-03-29,14,4,10
2014-03-29,0,0,0
2014-03-29,4,2,2
2014-03-29,4,4,0
2014-03-29,2,2,0
2014-03-30,3,2,1
2014-03-30,3,0,3
2014-03-30,2,0,2
2014-03-30,2,0,2
2014-03-30,0,0,0
2014-03-30,2,2,0
2014-03-30,0,0,0
2014-03-30,1,1,0
2014-03-30,4,0,4
2014-03-30,2,0,2
2014-03-30,3,2,1
2014-03-30,11,3,8
2014-03-30,9,9,0
2014-03-30,7,7,0
2014-03-30,21,4,17
2014-03-30,8,0,8
2014-03-30,14,10,4
2014-03-30,28,20,8
2014-03-30,11,5,6
2014-03-30,18,13,5
2014-03-30,7,4,3
2014-03-30,8,3,5
2014-03-30,9,9,0
2014-03-30,3,0,3
2014-03-31,6,3,3
2014-03-31,1,1,0
2014-03-31,0,0,0
2014-03-31,0,0,0
2014-03-31,0,0,0
2014-03-31,5,0,5
2014-03-31,3,3,0
2014-03-31,11,3,8
2014-03-31,16,8,8
2014-03-31,20,10,10
2014-03-31,11,4,7
2014-03-31,5,5,0
2014-03-31,9,4,5
2014-03-31,17,11,6
2014-03-31,21,12,9
2014-03-31,18,9,9
2014-03-31,30,16,14
2014-03-31,40,23,17
2014-03-31,53,21,32
2014-03-31,25,11,14
2014-03-31,21,9,12
2014-03-31,14,12,2
2014-03-31,9,6,3
2014-03-31,6,0,6
2014-04-01,0,0,0
2014-04-01,2,2,0
2014-04-01,0,0,0
2014-04-01,2,0,2
2014-04-01,0,0,0
2014-04-01,4,0,4
2014-04-01,1,1,0
2014-04-01,11,8,3
2014-04-01,17,16,1
2014-04-01,21,9,12
2014-04-01,6,1,5
2014-04-01,5,0,5
2014-04-01,16,10,6
2014-04-01,10,7,3
2014-04-01,9,3,6
2014-04-01,13,9,4
2014-04-01,29,18,11
2014-04-01,35,15,20
2014-04-01,32,17,15
2014-04-01,23,13,10
2014-04-01,20,9,11
2014-04-01,3,2,1
2014-04-01,8,0,8
2014-04-01,4,0,4
2014-04-02,3,1,2
2014-04-02,0,0,0
2014-04-02,0,0,0
2014-04-02,0,0,0
2014-04-02,0,0,0
2014-04-02,4,2,2
2014-04-02,11,6,5
2014-04-02,11,4,7
2014-04-02,14,10,4
2014-04-02,16,5,11
2014-04-02,16,7,9
2014-04-02,8,6,2
2014-04-02,16,7,9
2014-04-02,19,12,7
2014-04-02,17,15,2
2014-04-02,22,7,15
2014-04-02,25,14,11
2014-04-02,50,34,16
2014-04-02,32,15,17
2014-04-02,22,18,4
2014-04-02,13,5,8
2014-04-02,15,7,8
2014-04-02,6,2,4
2014-04-02,2,0,2
2014-04-03,2,2,0
2014-04-03,0,0,0
2014-04-03,0,0,0
2014-04-03,0,0,0
2014-04-03,0,0,0
2014-04-03,4,2,2
2014-04-03,7,2,5
2014-04-03,7,3,4
2014-04-03,9,9,0
2014-04-03,16,3,13
2014-04-03,13,5,8
2014-04-03,10,4,6
2014-04-03,16,7,9
2014-04-03,18,6,12
2014-04-03,10,2,8
2014-04-03,19,11,8
2014-04-03,16,7,9
2014-04-03,27,15,12
2014-04-03,22,10,12
2014-04-03,19,12,7
2014-04-03,8,4,4
2014-04-03,6,2,4
2014-04-03,0,0,0
2014-04-03,7,5,2
2014-04-04,7,2,5
2014-04-04,0,0,0
2014-04-04,1,0,1
2014-04-04,2,0,2
2014-04-04,0,0,0
2014-04-04,3,1,2
2014-04-04,3,3,0
2014-04-04,16,9,7
2014-04-04,17,11,6
2014-04-04,2,0,2
2014-04-04,12,4,8
2014-04-04,11,6,5
2014-04-04,20,13,7
2014-04-04,18,12,6
2014-04-04,9,6,3
2014-04-04,21,12,9
2014-04-04,31,15,16
2014-04-04,39,16,23
2014-04-04,18,10,8
2014-04-04,19,15,4
2014-04-04,6,2,4
2014-04-04,17,5,12
2014-04-04,3,3,0
2014-04-04,0,0,0
2014-04-05,12,5,7
2014-04-05,0,0,0
2014-04-05,11,7,4
2014-04-05,0,0,0
2014-04-05,6,4,2
2014-04-05,6,2,4
2014-04-05,0,0,0
2014-04-05,6,2,4
2014-04-05,5,3,2
2014-04-05,1,1,0
2014-04-05,11,1,10
2014-04-05,14,10,4
2014-04-05,11,3,8
2014-04-05,14,5,9
2014-04-05,19,9,10
2014-04-05,27,1,26
2014-04-05,23,7,16
2014-04-05,16,9,7
2014-04-05,8,2,6
2014-04-05,9,6,3
2014-04-05,5,2,3
2014-04-05,18,9,9
2014-04-05,6,2,4
2014-04-05,3,1,2
2014-04-06,1,0,1
2014-04-06,4,0,4
2014-04-06,4,3,1
2014-04-06,3,0,3
2014-04-06,2,2,0
2014-04-06,0,0,0
2014-04-06,4,0,4
2014-04-06,1,0,1
2014-04-06,2,2,0
2014-04-06,8,6,2
2014-04-06,5,2,3
2014-04-06,0,0,0
2014-04-06,26,16,10
2014-04-06,9,4,5
2014-04-06,16,5,11
2014-04-06,10,8,2
2014-04-06,15,5,10
2014-04-06,18,7,11
2014-04-06,17,6,11
2014-04-06,17,9,8
2014-04-06,15,7,8
2014-04-06,7,4,3
2014-04-06,6,5,1
2014-04-06,3,1,2
2014-04-07,5,2,3
2014-04-07,6,4,2
2014-04-07,0,0,0
2014-04-07,0,0,0
2014-04-07,0,0,0
2014-04-07,3,0,3
2014-04-07,8,5,3
2014-04-07,20,10,10
2014-04-07,34,16,18
2014-04-07,10,2,8
2014-04-07,22,12,10
2014-04-07,10,8,2
2014-04-07,21,13,8
2014-04-07,24,13,11
2014-04-07,14,8,6
2014-04-07,29,14,15
2014-04-07,28,19,9
2014-04-07,53,20,33
2014-04-07,39,23,16
2014-04-07,30,16,14
2014-04-07,36,9,27
2014-04-07,19,14,5
2014-04-07,18,5,13
2014-04-07,14,7,7
2014-04-08,5,2,3
2014-04-08,0,0,0
2014-04-08,2,2,0
2014-04-08,0,0,0
2014-04-08,1,0,1
2014-04-08,7,1,6
2014-04-08,6,1,5
2014-04-08,15,8,7
2014-04-08,16,8,8
2014-04-08,23,10,13
2014-04-08,10,8,2
2014-04-08,14,6,8
2014-04-08,9,3,6
2014-04-08,20,9,11
2014-04-08,27,15,12
2014-04-08,20,12,8
2014-04-08,15,10,5
2014-04-08,28,22,6
2014-04-08,18,10,8
2014-04-08,24,10,14
2014-04-08,9,2,7
2014-04-08,13,7,6
2014-04-08,5,2,3
2014-04-08,0,0,0
2014-04-09,0,0,0
2014-04-09,0,0,0
2014-04-09,0,0,0
2014-04-09,0,0,0
2014-04-09,0,0,0
2014-04-09,4,2,2
2014-04-09,6,5,1
2014-04-09,9,2,7
2014-04-09,21,15,6
2014-04-09,16,4,12
2014-04-09,15,8,7
2014-04-09,14,6,8
2014-04-09,18,8,10
2014-04-09,19,10,9
2014-04-09,15,8,7
2014-04-09,30,12,18
2014-04-09,33,19,14
2014-04-09,42,26,16
2014-04-09,21,13,8
2014-04-09,18,7,11
2014-04-09,13,9,4
2014-04-09,20,2,18
2014-04-09,12,3,9
2014-04-09,9,6,3
2014-04-10,7,5,2
2014-04-10,0,0,0
2014-04-10,0,0,0
2014-04-10,1,0,1
2014-04-10,2,2,0
2014-04-10,6,2,4
2014-04-10,7,5,2
2014-04-10,6,5,1
2014-04-10,2,0,2
2014-04-10,2,0,2
2014-04-10,8,6,2
2014-04-10,3,0,3
2014-04-10,6,4,2
2014-04-10,18,3,15
2014-04-10,14,6,8
2014-04-10,16,7,9
2014-04-10,37,22,15
2014-04-10,47,25,22
2014-04-10,47,24,23
2014-04-10,27,13,14
2014-04-10,15,4,11
2014-04-10,13,4,9
2014-04-10,18,8,10
2014-04-10,3,2,1
2014-04-11,4,4,0
2014-04-11,5,5,0
2014-04-11,4,4,0
2014-04-11,0,0,0
2014-04-11,2,2,0
2014-04-11,4,2,2
2014-04-11,12,6,6
2014-04-11,14,9,5
2014-04-11,25,14,11
2014-04-11,19,10,9
2014-04-11,10,8,2
2014-04-11,20,14,6
2014-04-11,22,16,6
2014-04-11,17,11,6
2014-04-11,10,5,5
2014-04-11,16,8,8
2014-04-11,25,13,12
2014-04-11,47,26,21
2014-04-11,34,21,13
2014-04-11,18,10,8
2014-04-11,18,3,15
2014-04-11,16,9,7
2014-04-11,8,1,7
2014-04-11,19,13,6
2014-04-12,8,6,2
2014-04-12,1,0,1
2014-04-12,4,4,0
2014-04-12,0,0,0
2014-04-12,0,0,0
2014-04-12,0,0,0
2014-04-12,0,0,0
2014-04-12,1,1,0
2014-04-12,4,4,0
2014-04-12,8,4,4
2014-04-12,9,2,7
2014-04-12,8,2,6
2014-04-12,11,7,4
2014-04-12,21,9,12
2014-04-12,11,3,8
2014-04-12,14,8,6
2014-04-12,17,11,6
2014-04-12,31,12,19
2014-04-12,20,11,9
2014-04-12,9,8,1
2014-04-12,9,3,6
2014-04-12,2,0,2
2014-04-12,5,5,0
2014-04-12,11,5,6
2014-04-13,12,4,8
2014-04-13,7,5,2
2014-04-13,9,4,5
2014-04-13,3,3,0
2014-04-13,0,0,0
2014-04-13,0,0,0
2014-04-13,4,0,4
2014-04-13,1,1,0
2014-04-13,3,3,0
2014-04-13,8,6,2
2014-04-13,6,3,3
2014-04-13,23,13,10
2014-04-13,18,6,12
2014-04-13,24,17,7
2014-04-13,19,8,11
2014-04-13,22,9,13
2014-04-13,25,14,11
2014-04-13,20,11,9
2014-04-13,10,6,4
2014-04-13,21,10,11
2014-04-13,26,10,16
2014-04-13,20,6,14
2014-04-13,9,5,4
2014-04-13,6,2,4
2014-04-14,9,4,5
2014-04-14,2,0,2
2014-04-14,5,2,3
2014-04-14,0,0,0
2014-04-14,2,0,2
2014-04-14,2,0,2
2014-04-14,11,7,4
2014-04-14,16,7,9
2014-04-14,20,10,10
2014-04-14,13,8,5
2014-04-14,17,13,4
2014-04-14,31,12,19
2014-04-14,21,7,14
2014-04-14,24,7,17
2014-04-14,19,13,6
2014-04-14,15,9,6
2014-04-14,40,24,16
2014-04-14,39,24,15
2014-04-14,28,14,14
2014-04-14,20,20,0
2014-04-14,13,7,6
2014-04-14,6,2,4
2014-04-14,7,5,2
2014-04-14,7,2,5
2014-04-15,5,5,0
2014-04-15,0,0,0
2014-04-15,0,0,0
2014-04-15,0,0,0
2014-04-15,1,0,1
2014-04-15,6,2,4
2014-04-15,10,7,3
2014-04-15,17,11,6
2014-04-15,11,6,5
2014-04-15,22,8,14
2014-04-15,12,5,7
2014-04-15,18,9,9
2014-04-15,5,2,3
2014-04-15,20,4,16
2014-04-15,11,3,8
2014-04-15,33,19,14
2014-04-15,29,14,15
2014-04-15,37,24,13
2014-04-15,24,11,13
2014-04-15,21,6,15
2014-04-15,18,4,14
2014-04-15,15,4,11
2014-04-15,9,5,4
2014-04-15,8,6,2
2014-04-16,4,4,0
2014-04-16,6,4,2
2014-04-16,0,0,0
2014-04-16,4,2,2
2014-04-16,0,0,0
2014-04-16,5,1,4
2014-04-16,8,4,4
2014-04-16,15,5,10
2014-04-16,7,5,2
2014-04-16,13,4,9
2014-04-16,8,6,2
2014-04-16,7,7,0
2014-04-16,17,14,3
2014-04-16,17,4,13
2014-04-16,5,3,2
2014-04-16,12,8,4
2014-04-16,7,4,3
2014-04-16,16,12,4
2014-04-16,24,9,15
2014-04-16,8,2,6
2014-04-16,11,5,6
2014-04-16,10,0,10
2014-04-16,12,6,6
2014-04-16,5,5,0
2014-04-17,2,2,0
2014-04-17,2,0,2
2014-04-17,2,2,0
2014-04-17,2,2,0
2014-04-17,0,0,0
2014-04-17,3,3,0
2014-04-17,6,0,6
2014-04-17,15,5,10
2014-04-17,14,5,9
2014-04-17,13,9,4
2014-04-17,7,5,2
2014-04-17,17,8,9
2014-04-17,11,6,5
2014-04-17,5,2,3
2014-04-17,3,1,2
2014-04-17,6,3,3
2014-04-17,19,11,8
2014-04-17,38,27,11
2014-04-17,17,7,10
2014-04-17,8,6,2
2014-04-17,9,3,6
2014-04-17,11,3,8
2014-04-17,3,3,0
2014-04-17,5,3,2
2014-04-18,6,3,3
2014-04-18,2,0,2
2014-04-18,2,1,1
2014-04-18,0,0,0
2014-04-18,0,0,0
2014-04-18,4,2,2
2014-04-18,6,2,4
2014-04-18,6,2,4
2014-04-18,7,5,2
2014-04-18,1,0,1
2014-04-18,1,1,0
2014-04-18,2,1,1
2014-04-18,1,1,0
2014-04-18,1,1,0
2014-04-18,16,5,11
2014-04-18,21,13,8
2014-04-18,30,17,13
2014-04-18,40,26,14
2014-04-18,23,13,10
2014-04-18,24,9,15
2014-04-18,23,11,12
2014-04-18,13,4,9
2014-04-18,4,2,2
2014-04-18,4,0,4
2014-04-19,5,3,2
2014-04-19,1,1,0
2014-04-19,6,5,1
2014-04-19,0,0,0
2014-04-19,0,0,0
2014-04-19,0,0,0
2014-04-19,1,1,0
2014-04-19,2,2,0
2014-04-19,4,2,2
2014-04-19,3,1,2
2014-04-19,8,6,2
2014-04-19,5,5,0
2014-04-19,1,0,1
2014-04-19,7,2,5
2014-04-19,14,11,3
2014-04-19,7,6,1
2014-04-19,4,3,1
2014-04-19,12,7,5
2014-04-19,4,0,4
2014-04-19,17,7,10
2014-04-19,3,0,3
2014-04-19,1,0,1
2014-04-19,6,3,3
2014-04-19,7,0,7
2014-04-20,7,3,4
2014-04-20,1,1,0
2014-04-20,5,3,2
2014-04-20,1,0,1
2014-04-20,0,0,0
2014-04-20,2,0,2
2014-04-20,0,0,0
2014-04-20,0,0,0
2014-04-20,2,2,0
2014-04-20,2,0,2
2014-04-20,9,7,2
2014-04-20,9,7,2
2014-04-20,10,6,4
2014-04-20,5,2,3
2014-04-20,16,7,9
2014-04-20,11,6,5
2014-04-20,12,6,6
2014-04-20,7,0,7
2014-04-20,5,2,3
2014-04-20,13,7,6
2014-04-20,12,4,8
2014-04-20,3,1,2
2014-04-20,6,4,2
2014-04-20,0,0,0
2014-04-21,1,1,0
2014-04-21,0,0,0
2014-04-21,1,1,0
2014-04-21,0,0,0
2014-04-21,0,0,0
2014-04-21,5,1,4
2014-04-21,4,1,3
2014-04-21,15,4,11
2014-04-21,10,7,3
2014-04-21,8,2,6
2014-04-21,9,5,4
2014-04-21,18,9,9
2014-04-21,20,12,8
2014-04-21,19,4,15
2014-04-21,20,6,14
2014-04-21,20,10,10
2014-04-21,28,18,10
2014-04-21,27,15,12
2014-04-21,29,13,16
2014-04-21,13,6,7
2014-04-21,7,6,1
2014-04-21,10,2,8
2014-04-21,5,3,2
2014-04-21,5,5,0
2014-04-22,6,6,0
2014-04-22,1,1,0
2014-04-22,2,0,2
2014-04-22,0,0,0
2014-04-22,0,0,0
2014-04-22,8,2,6
2014-04-22,3,1,2
2014-04-22,8,4,4
2014-04-22,12,7,5
2014-04-22,5,3,2
2014-04-22,17,7,10
2014-04-22,13,4,9
2014-04-22,9,4,5
2014-04-22,23,11,12
2014-04-22,4,1,3
2014-04-22,11,5,6
2014-04-22,28,16,12
2014-04-22,31,13,18
2014-04-22,18,7,11
2014-04-22,14,3,11
2014-04-22,12,7,5
2014-04-22,3,3,0
2014-04-22,11,1,10
2014-04-22,4,3,1
2014-04-23,0,0,0
2014-04-23,1,1,0
2014-04-23,0,0,0
2014-04-23,0,0,0
2014-04-23,0,0,0
2014-04-23,3,1,2
2014-04-23,8,2,6
2014-04-23,15,5,10
2014-04-23,17,12,5
2014-04-23,11,7,4
2014-04-23,12,8,4
2014-04-23,19,7,12
2014-04-23,16,6,10
2014-04-23,22,10,12
2014-04-23,8,2,6
2014-04-23,15,10,5
2014-04-23,24,14,10
2014-04-23,34,25,9
2014-04-23,33,9,24
2014-04-23,12,7,5
2014-04-23,8,4,4
2014-04-23,8,6,2
2014-04-23,4,2,2
2014-04-23,6,2,4
2014-04-24,4,2,2
2014-04-24,0,0,0
2014-04-24,2,2,0
2014-04-24,2,2,0
2014-04-24,0,0,0
2014-04-24,3,1,2
2014-04-24,3,0,3
2014-04-24,14,7,7
2014-04-24,5,4,1
2014-04-24,17,2,15
2014-04-24,6,3,3
2014-04-24,10,8,2
2014-04-24,13,8,5
2014-04-24,10,6,4
2014-04-24,15,6,9
2014-04-24,12,4,8
2014-04-24,12,5,7
2014-04-24,35,24,11
2014-04-24,34,18,16
2014-04-24,19,13,6
2014-04-24,8,2,6
2014-04-24,16,10,6
2014-04-24,22,13,9
2014-04-24,8,3,5
2014-04-25,7,4,3
2014-04-25,13,8,5
2014-04-25,3,2,1
2014-04-25,2,2,0
2014-04-25,2,0,2
2014-04-25,3,1,2
2014-04-25,7,5,2
2014-04-25,8,3,5
2014-04-25,15,10,5
2014-04-25,14,8,6
2014-04-25,21,10,11
2014-04-25,30,8,22
2014-04-25,14,9,5
2014-04-25,13,6,7
2014-04-25,13,8,5
2014-04-25,14,8,6
2014-04-25,24,14,10
2014-04-25,34,22,12
2014-04-25,22,9,13
2014-04-25,22,7,15
2014-04-25,20,7,13
2014-04-25,9,3,6
2014-04-25,9,1,8
2014-04-25,8,4,4
2014-04-26,8,4,4
2014-04-26,3,3,0
2014-04-26,1,1,0
2014-04-26,0,0,0
2014-04-26,2,2,0
2014-04-26,0,0,0
2014-04-26,2,2,0
2014-04-26,6,4,2
2014-04-26,3,3,0
2014-04-26,2,1,1
2014-04-26,8,4,4
2014-04-26,5,2,3
2014-04-26,14,8,6
2014-04-26,13,1,12
2014-04-26,19,15,4
2014-04-26,11,4,7
2014-04-26,18,8,10
2014-04-26,37,20,17
2014-04-26,15,2,13
2014-04-26,19,7,12
2014-04-26,12,4,8
2014-04-26,11,3,8
2014-04-26,0,0,0
2014-04-26,3,0,3
2014-04-27,13,6,7
2014-04-27,8,3,5
2014-04-27,12,10,2
2014-04-27,0,0,0
2014-04-27,0,0,0
2014-04-27,0,0,0
2014-04-27,6,5,1
2014-04-27,0,0,0
2014-04-27,3,3,0
2014-04-27,2,2,0
2014-04-27,6,3,3
2014-04-27,10,6,4
2014-04-27,10,4,6
2014-04-27,6,4,2
2014-04-27,8,5,3
2014-04-27,7,3,4
2014-04-27,26,13,13
2014-04-27,10,3,7
2014-04-27,20,10,10
2014-04-27,10,6,4
2014-04-27,7,4,3
2014-04-27,3,2,1
2014-04-27,2,0,2
2014-04-27,5,2,3
2014-04-28,4,2,2
2014-04-28,6,2,4
2014-04-28,0,0,0
2014-04-28,2,0,2
2014-04-28,1,1,0
2014-04-28,2,0,2
2014-04-28,6,4,2
2014-04-28,11,3,8
2014-04-28,25,15,10
2014-04-28,14,10,4
2014-04-28,14,9,5
2014-04-28,9,2,7
2014-04-28,22,17,5
2014-04-28,16,0,16
2014-04-28,26,12,14
2014-04-28,24,7,17
2014-04-28,26,18,8
2014-04-28,60,35,25
2014-04-28,33,20,13
2014-04-28,26,16,10
2014-04-28,19,14,5
2014-04-28,14,4,10
2014-04-28,9,2,7
2014-04-28,7,2,5
2014-04-29,4,4,0
2014-04-29,5,1,4
2014-04-29,2,2,0
2014-04-29,0,0,0
2014-04-29,2,0,2
2014-04-29,5,0,5
2014-04-29,9,2,7
2014-04-29,13,10,3
2014-04-29,26,21,5
2014-04-29,21,15,6
2014-04-29,10,4,6
2014-04-29,18,10,8
2014-04-29,22,8,14
2014-04-29,26,15,11
2014-04-29,12,5,7
2014-04-29,10,6,4
2014-04-29,31,25,6
2014-04-29,46,30,16
2014-04-29,51,13,38
2014-04-29,30,7,23
2014-04-29,26,12,14
2014-04-29,15,8,7
2014-04-29,8,6,2
2014-04-29,21,11,10
2014-04-30,2,0,2
2014-04-30,4,2,2
2014-04-30,0,0,0
2014-04-30,0,0,0
2014-04-30,0,0,0
2014-04-30,9,7,2
2014-04-30,4,2,2
2014-04-30,17,8,9
2014-04-30,28,19,9
2014-04-30,21,14,7
2014-04-30,12,4,8
2014-04-30,17,4,13
2014-04-30,29,11,18
2014-04-30,25,5,20
2014-04-30,28,18,10
2014-04-30,27,15,12
2014-04-30,49,28,21
2014-04-30,35,15,20
2014-04-30,43,18,25
2014-04-30,43,22,21
2014-04-30,37,14,23
2014-04-30,18,9,9
2014-04-30,12,10,2
2014-04-30,9,0,9
2014-05-01,1,1,0
2014-05-01,2,0,2
2014-05-01,0,0,0
2014-05-01,0,0,0
2014-05-01,2,0,2
2014-05-01,6,2,4
2014-05-01,8,4,4
2014-05-01,12,6,6
2014-05-01,28,17,11
2014-05-01,15,11,4
2014-05-01,25,15,10
2014-05-01,35,20,15
2014-05-01,30,14,16
2014-05-01,17,10,7
2014-05-01,16,13,3
2014-05-01,31,11,20
2014-05-01,28,15,13
2014-05-01,40,28,12
2014-05-01,64,25,39
2014-05-01,20,14,6
2014-05-01,28,19,9
2014-05-01,14,7,7
2014-05-01,9,5,4
2014-05-01,14,5,9
2014-05-02,9,8,1
2014-05-02,7,5,2
2014-05-02,0,0,0
2014-05-02,4,4,0
2014-05-02,5,4,1
2014-05-02,3,1,2
2014-05-02,8,3,5
2014-05-02,20,12,8
2014-05-02,23,7,16
2014-05-02,20,12,8
2014-05-02,13,12,1
2014-05-02,25,17,8
2014-05-02,22,12,10
2014-05-02,20,14,6
2014-05-02,23,15,8
2014-05-02,16,10,6
2014-05-02,50,31,19
2014-05-02,44,24,20
2014-05-02,42,14,28
2014-05-02,17,7,10
2014-05-02,34,11,23
2014-05-02,8,7,1
2014-05-02,6,5,1
2014-05-02,14,7,7
2014-05-03,6,2,4
2014-05-03,5,2,3
2014-05-03,2,0,2
2014-05-03,1,1,0
2014-05-03,2,2,0
2014-05-03,4,4,0
2014-05-03,2,2,0
2014-05-03,4,2,2
2014-05-03,6,2,4
2014-05-03,6,4,2
2014-05-03,16,3,13
2014-05-03,10,10,0
2014-05-03,13,6,7
2014-05-03,5,4,1
2014-05-03,5,3,2
2014-05-03,11,3,8
2014-05-03,7,3,4
2014-05-03,10,2,8
2014-05-03,15,8,7
2014-05-03,15,8,7
2014-05-03,9,4,5
2014-05-03,15,8,7
2014-05-03,0,0,0
2014-05-03,7,2,5
2014-05-04,3,2,1
2014-05-04,4,4,0
2014-05-04,5,3,2
2014-05-04,2,0,2
2014-05-04,0,0,0
2014-05-04,0,0,0
2014-05-04,2,2,0
2014-05-04,0,0,0
2014-05-04,0,0,0
2014-05-04,2,2,0
2014-05-04,2,0,2
2014-05-04,4,1,3
2014-05-04,15,7,8
2014-05-04,6,5,1
2014-05-04,8,6,2
2014-05-04,7,4,3
2014-05-04,21,5,16
2014-05-04,8,2,6
2014-05-04,9,3,6
2014-05-04,8,4,4
2014-05-04,6,2,4
2014-05-04,3,1,2
2014-05-04,6,3,3
2014-05-04,6,2,4
2014-05-05,0,0,0
2014-05-05,0,0,0
2014-05-05,1,1,0
2014-05-05,2,0,2
2014-05-05,0,0,0
2014-05-05,2,0,2
2014-05-05,4,2,2
2014-05-05,15,6,9
2014-05-05,5,5,0
2014-05-05,10,8,2
2014-05-05,5,1,4
2014-05-05,3,1,2
2014-05-05,17,7,10
2014-05-05,20,9,11
2014-05-05,12,2,10
2014-05-05,19,10,9
2014-05-05,20,15,5
2014-05-05,31,19,12
2014-05-05,30,14,16
2014-05-05,18,14,4
2014-05-05,21,11,10
2014-05-05,10,3,7
2014-05-05,6,2,4
2014-05-05,17,8,9
2014-05-06,0,0,0
2014-05-06,5,5,0
2014-05-06,2,2,0
2014-05-06,1,1,0
2014-05-06,0,0,0
2014-05-06,6,0,6
2014-05-06,10,5,5
2014-05-06,20,13,7
2014-05-06,17,10,7
2014-05-06,18,10,8
2014-05-06,11,3,8
2014-05-06,16,8,8
2014-05-06,9,9,0
2014-05-06,23,8,15
2014-05-06,12,6,6
2014-05-06,26,15,11
2014-05-06,38,20,18
2014-05-06,38,18,20
2014-05-06,8,4,4
2014-05-06,5,0,5
2014-05-06,16,5,11
2014-05-06,12,5,7
2014-05-06,11,1,10
2014-05-06,6,2,4
2014-05-07,2,0,2
2014-05-07,4,4,0
2014-05-07,1,1,0
2014-05-07,0,0,0
2014-05-07,0,0,0
2014-05-07,0,0,0
2014-05-07,11,2,9
2014-05-07,28,13,15
2014-05-07,36,21,15
2014-05-07,19,12,7
2014-05-07,11,6,5
2014-05-07,30,19,11
2014-05-07,21,6,15
2014-05-07,31,15,16
2014-05-07,33,17,16
2014-05-07,25,17,8
2014-05-07,32,16,16
2014-05-07,64,37,27
2014-05-07,43,16,27
2014-05-07,21,13,8
2014-05-07,12,11,1
2014-05-07,33,13,20
2014-05-07,10,3,7
2014-05-07,3,1,2
2014-05-08,4,3,1
2014-05-08,1,0,1
2014-05-08,3,1,2
2014-05-08,0,0,0
2014-05-08,0,0,0
2014-05-08,5,0,5
2014-05-08,12,6,6
2014-05-08,17,7,10
2014-05-08,17,8,9
2014-05-08,25,11,14
2014-05-08,16,12,4
2014-05-08,15,4,11
2014-05-08,6,3,3
2014-05-08,9,6,3
2014-05-08,9,7,2
2014-05-08,8,4,4
2014-05-08,20,13,7
2014-05-08,84,23,61
2014-05-08,33,13,20
2014-05-08,12,6,6
2014-05-08,32,19,13
2014-05-08,7,6,1
2014-05-08,14,2,12
2014-05-08,7,2,5
2014-05-09,7,2,5
2014-05-09,5,2,3
2014-05-09,2,0,2
2014-05-09,0,0,0
2014-05-09,0,0,0
2014-05-09,3,1,2
2014-05-09,5,1,4
2014-05-09,29,12,17
2014-05-09,28,12,16
2014-05-09,28,17,11
2014-05-09,7,3,4
2014-05-09,23,15,8
2014-05-09,24,12,12
2014-05-09,24,20,4
2014-05-09,22,9,13
2014-05-09,25,13,12
2014-05-09,39,21,18
2014-05-09,46,32,14
2014-05-09,12,5,7
2014-05-09,22,11,11
2014-05-09,18,12,6
2014-05-09,20,8,12
2014-05-09,0,0,0
2014-05-09,10,8,2
2014-05-10,10,1,9
2014-05-10,6,4,2
2014-05-10,5,5,0
2014-05-10,1,1,0
2014-05-10,1,1,0
2014-05-10,2,0,2
2014-05-10,7,5,2
2014-05-10,4,2,2
2014-05-10,0,0,0
2014-05-10,3,3,0
2014-05-10,14,10,4
2014-05-10,7,3,4
2014-05-10,28,12,16
2014-05-10,16,8,8
2014-05-10,28,13,15
2014-05-10,9,3,6
2014-05-10,33,14,19
2014-05-10,28,18,10
2014-05-10,15,6,9
2014-05-10,28,15,13
2014-05-10,9,3,6
2014-05-10,12,10,2
2014-05-10,8,6,2
2014-05-10,13,3,10
2014-05-11,14,5,9
2014-05-11,9,6,3
2014-05-11,1,1,0
2014-05-11,2,0,2
2014-05-11,0,0,0
2014-05-11,0,0,0
2014-05-11,5,1,4
2014-05-11,0,0,0
2014-05-11,6,3,3
2014-05-11,13,9,4
2014-05-11,10,2,8
2014-05-11,23,10,13
2014-05-11,17,12,5
2014-05-11,28,14,14
2014-05-11,19,6,13
2014-05-11,11,5,6
2014-05-11,21,15,6
2014-05-11,29,15,14
2014-05-11,28,9,19
2014-05-11,23,13,10
2014-05-11,16,8,8
2014-05-11,11,9,2
2014-05-11,11,1,10
2014-05-11,13,6,7
2014-05-12,4,0,4
2014-05-12,2,2,0
2014-05-12,4,2,2
2014-05-12,0,0,0
2014-05-12,0,0,0
2014-05-12,8,4,4
2014-05-12,14,6,8
2014-05-12,23,8,15
2014-05-12,30,10,20
2014-05-12,28,17,11
2014-05-12,12,8,4
2014-05-12,12,1,11
2014-05-12,20,7,13
2014-05-12,28,14,14
2014-05-12,36,12,24
2014-05-12,24,14,10
2014-05-12,32,20,12
2014-05-12,44,24,20
2014-05-12,43,28,15
2014-05-12,27,17,10
2014-05-12,34,14,20
2014-05-12,31,9,22
2014-05-12,23,11,12
2014-05-12,21,12,9
2014-05-13,2,1,1
2014-05-13,6,6,0
2014-05-13,0,0,0
2014-05-13,4,2,2
2014-05-13,0,0,0
2014-05-13,3,1,2
2014-05-13,19,8,11
2014-05-13,34,13,21
2014-05-13,50,25,25
2014-05-13,14,11,3
2014-05-13,27,15,12
2014-05-13,28,13,15
2014-05-13,24,9,15
2014-05-13,19,8,11
2014-05-13,31,15,16
2014-05-13,36,23,13
2014-05-13,54,36,18
2014-05-13,63,39,24
2014-05-13,59,39,20
2014-05-13,36,19,17
2014-05-13,34,16,18
2014-05-13,22,5,17
2014-05-13,10,3,7
2014-05-13,13,5,8
2014-05-14,11,9,2
2014-05-14,5,5,0
2014-05-14,0,0,0
2014-05-14,0,0,0
2014-05-14,0,0,0
2014-05-14,3,3,0
2014-05-14,15,10,5
2014-05-14,36,12,24
2014-05-14,40,23,17
2014-05-14,20,16,4
2014-05-14,24,5,19
2014-05-14,15,7,8
2014-05-14,40,17,23
2014-05-14,23,12,11
2014-05-14,27,22,5
2014-05-14,26,18,8
2014-05-14,74,37,37
2014-05-14,59,23,36
2014-05-14,78,34,44
2014-05-14,17,7,10
2014-05-14,23,11,12
2014-05-14,29,13,16
2014-05-14,9,3,6
2014-05-14,24,9,15
2014-05-15,9,0,9
2014-05-15,11,11,0
2014-05-15,0,0,0
2014-05-15,0,0,0
2014-05-15,0,0,0
2014-05-15,6,6,0
2014-05-15,32,12,20
2014-05-15,32,10,22
2014-05-15,27,16,11
2014-05-15,26,9,17
2014-05-15,20,11,9
2014-05-15,12,8,4
2014-05-15,32,17,15
2014-05-15,16,6,10
2014-05-15,27,14,13
2014-05-15,39,21,18
2014-05-15,34,16,18
2014-05-15,82,43,39
2014-05-15,58,27,31
2014-05-15,24,16,8
2014-05-15,32,14,18
2014-05-15,28,14,14
2014-05-15,19,11,8
2014-05-15,15,6,9
2014-05-16,11,8,3
2014-05-16,4,3,1
2014-05-16,1,1,0
2014-05-16,0,0,0
2014-05-16,2,0,2
2014-05-16,9,2,7
2014-05-16,15,7,8
2014-05-16,33,7,26
2014-05-16,41,17,24
2014-05-16,30,16,14
2014-05-16,28,17,11
2014-05-16,18,13,5
2014-05-16,32,14,18
2014-05-16,27,15,12
2014-05-16,19,13,6
2014-05-16,38,24,14
2014-05-16,59,25,34
2014-05-16,57,39,18
2014-05-16,56,30,26
2014-05-16,32,14,18
2014-05-16,27,18,9
2014-05-16,12,5,7
2014-05-16,12,3,9
2014-05-16,6,5,1
2014-05-17,10,3,7
2014-05-17,18,13,5
2014-05-17,6,4,2
2014-05-17,3,1,2
2014-05-17,0,0,0
2014-05-17,6,2,4
2014-05-17,2,0,2
2014-05-17,2,2,0
2014-05-17,11,7,4
2014-05-17,11,8,3
2014-05-17,16,7,9
2014-05-17,27,16,11
2014-05-17,23,12,11
2014-05-17,22,18,4
2014-05-17,16,12,4
2014-05-17,13,8,5
2014-05-17,27,12,15
2014-05-17,17,6,11
2014-05-17,10,5,5
2014-05-17,27,15,12
2014-05-17,15,3,12
2014-05-17,13,7,6
2014-05-17,11,10,1
2014-05-17,13,7,6
2014-05-18,13,5,8
2014-05-18,4,2,2
2014-05-18,12,6,6
2014-05-18,3,3,0
2014-05-18,3,3,0
2014-05-18,6,4,2
2014-05-18,3,0,3
2014-05-18,3,3,0
2014-05-18,4,2,2
2014-05-18,10,6,4
2014-05-18,8,6,2
2014-05-18,17,13,4
2014-05-18,31,17,14
2014-05-18,12,4,8
2014-05-18,25,11,14
2014-05-18,18,8,10
2014-05-18,25,9,16
2014-05-18,23,4,19
2014-05-18,20,7,13
2014-05-18,25,19,6
2014-05-18,15,7,8
2014-05-18,9,2,7
2014-05-18,11,6,5
2014-05-18,5,2,3
2014-05-19,5,1,4
2014-05-19,6,2,4
2014-05-19,6,2,4
2014-05-19,1,1,0
2014-05-19,0,0,0
2014-05-19,6,0,6
2014-05-19,13,7,6
2014-05-19,22,8,14
2014-05-19,25,8,17
2014-05-19,22,13,9
2014-05-19,12,7,5
2014-05-19,17,9,8
2014-05-19,13,7,6
2014-05-19,25,16,9
2014-05-19,18,8,10
2014-05-19,24,12,12
2014-05-19,32,14,18
2014-05-19,45,23,22
2014-05-19,44,19,25
2014-05-19,29,17,12
2014-05-19,32,12,20
2014-05-19,25,9,16
2014-05-19,17,3,14
2014-05-19,13,10,3
2014-05-20,1,1,0
2014-05-20,6,4,2
2014-05-20,0,0,0
2014-05-20,0,0,0
2014-05-20,0,0,0
2014-05-20,4,2,2
2014-05-20,11,4,7
2014-05-20,18,10,8
2014-05-20,29,13,16
2014-05-20,45,19,26
2014-05-20,16,10,6
2014-05-20,13,5,8
2014-05-20,18,9,9
2014-05-20,25,14,11
2014-05-20,22,5,17
2014-05-20,29,10,19
2014-05-20,55,27,28
2014-05-20,56,33,23
2014-05-20,55,29,26
2014-05-20,30,17,13
2014-05-20,40,19,21
2014-05-20,24,12,12
2014-05-20,4,0,4
2014-05-20,11,5,6
2014-05-21,2,2,0
2014-05-21,6,4,2
2014-05-21,2,0,2
2014-05-21,0,0,0
2014-05-21,2,0,2
2014-05-21,2,2,0
2014-05-21,20,7,13
2014-05-21,22,7,15
2014-05-21,33,13,20
2014-05-21,16,6,10
2014-05-21,19,11,8
2014-05-21,23,11,12
2014-05-21,32,14,18
2014-05-21,30,14,16
2014-05-21,28,14,14
2014-05-21,29,17,12
2014-05-21,28,20,8
2014-05-21,65,32,33
2014-05-21,53,31,22
2014-05-21,40,19,21
2014-05-21,35,16,19
2014-05-21,30,12,18
2014-05-21,16,4,12
2014-05-21,17,9,8
2014-05-22,2,2,0
2014-05-22,3,3,0
2014-05-22,2,2,0
2014-05-22,0,0,0
2014-05-22,0,0,0
2014-05-22,7,5,2
2014-05-22,11,0,11
2014-05-22,29,14,15
2014-05-22,34,10,24
2014-05-22,26,10,16
2014-05-22,23,15,8
2014-05-22,8,7,1
2014-05-22,21,11,10
2014-05-22,28,12,16
2014-05-22,20,8,12
2014-05-22,40,26,14
2014-05-22,47,27,20
2014-05-22,59,22,37
2014-05-22,55,23,32
2014-05-22,28,16,12
2014-05-22,36,21,15
2014-05-22,23,10,13
2014-05-22,6,4,2
2014-05-22,6,3,3
2014-05-23,6,4,2
2014-05-23,4,2,2
2014-05-23,5,2,3
2014-05-23,0,0,0
2014-05-23,2,0,2
2014-05-23,9,5,4
2014-05-23,11,3,8
2014-05-23,12,6,6
2014-05-23,17,8,9
2014-05-23,7,5,2
2014-05-23,13,9,4
2014-05-23,5,1,4
2014-05-23,13,5,8
2014-05-23,10,6,4
2014-05-23,16,7,9
2014-05-23,31,13,18
2014-05-23,22,17,5
2014-05-23,36,20,16
2014-05-23,19,13,6
2014-05-23,14,13,1
2014-05-23,14,8,6
2014-05-23,14,6,8
2014-05-23,5,1,4
2014-05-23,2,0,2
2014-05-24,17,15,2
2014-05-24,5,5,0
2014-05-24,7,3,4
2014-05-24,0,0,0
2014-05-24,3,3,0
2014-05-24,4,2,2
2014-05-24,3,0,3
2014-05-24,9,4,5
2014-05-24,3,1,2
2014-05-24,9,3,6
2014-05-24,17,9,8
2014-05-24,17,11,6
2014-05-24,17,8,9
2014-05-24,11,3,8
2014-05-24,32,11,21
2014-05-24,18,7,11
2014-05-24,22,12,10
2014-05-24,15,8,7
2014-05-24,27,9,18
2014-05-24,22,11,11
2014-05-24,34,20,14
2014-05-24,15,5,10
2014-05-24,3,3,0
2014-05-24,9,5,4
2014-05-25,16,5,11
2014-05-25,3,1,2
2014-05-25,5,2,3
2014-05-25,3,3,0
2014-05-25,3,2,1
2014-05-25,0,0,0
2014-05-25,1,0,1
2014-05-25,3,0,3
2014-05-25,4,3,1
2014-05-25,4,2,2
2014-05-25,5,2,3
2014-05-25,24,10,14
2014-05-25,32,13,19
2014-05-25,26,12,14
2014-05-25,8,2,6
2014-05-25,7,3,4
2014-05-25,20,8,12
2014-05-25,9,5,4
2014-05-25,26,12,14
2014-05-25,6,4,2
2014-05-25,10,7,3
2014-05-25,10,6,4
2014-05-25,10,6,4
2014-05-25,12,7,5
2014-05-26,1,0,1
2014-05-26,0,0,0
2014-05-26,0,0,0
2014-05-26,0,0,0
2014-05-26,2,2,0
2014-05-26,0,0,0
2014-05-26,5,0,5
2014-05-26,3,3,0
2014-05-26,2,0,2
2014-05-26,4,2,2
2014-05-26,16,10,6
2014-05-26,12,1,11
2014-05-26,23,10,13
2014-05-26,27,12,15
2014-05-26,26,17,9
2014-05-26,22,6,16
2014-05-26,28,19,9
2014-05-26,20,12,8
2014-05-26,20,9,11
2014-05-26,6,3,3
2014-05-26,28,21,7
2014-05-26,24,12,12
2014-05-26,11,4,7
2014-05-26,14,6,8
2014-05-27,9,5,4
2014-05-27,2,2,0
2014-05-27,1,1,0
2014-05-27,0,0,0
2014-05-27,0,0,0
2014-05-27,6,2,4
2014-05-27,12,2,10
2014-05-27,29,21,8
2014-05-27,35,10,25
2014-05-27,22,6,16
2014-05-27,20,7,13
2014-05-27,18,9,9
2014-05-27,24,12,12
2014-05-27,17,6,11
2014-05-27,27,18,9
2014-05-27,23,15,8
2014-05-27,43,19,24
2014-05-27,65,49,16
2014-05-27,53,31,22
2014-05-27,32,13,19
2014-05-27,39,20,19
2014-05-27,40,21,19
2014-05-27,12,9,3
2014-05-27,5,3,2
2014-05-28,3,1,2
2014-05-28,4,2,2
2014-05-28,1,0,1
2014-05-28,0,0,0
2014-05-28,0,0,0
2014-05-28,1,1,0
2014-05-28,13,2,11
2014-05-28,20,6,14
2014-05-28,31,11,20
2014-05-28,14,6,8
2014-05-28,20,11,9
2014-05-28,18,6,12
2014-05-28,31,8,23
2014-05-28,23,7,16
2014-05-28,26,13,13
2014-05-28,18,7,11
2014-05-28,52,31,21
2014-05-28,56,25,31
2014-05-28,30,13,17
2014-05-28,22,13,9
2014-05-28,29,14,15
2014-05-28,21,7,14
2014-05-28,13,5,8
2014-05-28,4,2,2
2014-05-29,6,4,2
2014-05-29,0,0,0
2014-05-29,0,0,0
2014-05-29,0,0,0
2014-05-29,0,0,0
2014-05-29,6,4,2
2014-05-29,24,8,16
2014-05-29,22,8,14
2014-05-29,21,11,10
2014-05-29,37,11,26
2014-05-29,23,11,12
2014-05-29,31,21,10
2014-05-29,21,7,14
2014-05-29,12,7,5
2014-05-29,24,10,14
2014-05-29,21,9,12
2014-05-29,49,32,17
2014-05-29,73,33,40
2014-05-29,56,25,31
2014-05-29,22,14,8
2014-05-29,31,13,18
2014-05-29,19,7,12
2014-05-29,5,0,5
2014-05-29,16,11,5
2014-05-30,6,3,3
2014-05-30,0,0,0
2014-05-30,2,2,0
2014-05-30,0,0,0
2014-05-30,0,0,0
2014-05-30,5,3,2
2014-05-30,12,3,9
2014-05-30,30,12,18
2014-05-30,37,14,23
2014-05-30,33,16,17
2014-05-30,20,12,8
2014-05-30,31,11,20
2014-05-30,28,13,15
2014-05-30,33,11,22
2014-05-30,18,12,6
2014-05-30,30,13,17
2014-05-30,71,30,41
2014-05-30,46,18,28
2014-05-30,65,38,27
2014-05-30,50,31,19
2014-05-30,21,4,17
2014-05-30,15,4,11
2014-05-30,14,8,6
2014-05-30,16,7,9
2014-05-31,14,7,7
2014-05-31,5,2,3
2014-05-31,6,5,1
2014-05-31,1,0,1
2014-05-31,2,2,0
2014-05-31,5,3,2
2014-05-31,13,7,6
2014-05-31,14,10,4
2014-05-31,5,3,2
2014-05-31,9,4,5
2014-05-31,15,10,5
2014-05-31,31,11,20
2014-05-31,39,8,31
2014-05-31,18,9,9
2014-05-31,23,11,12
2014-05-31,36,24,12
2014-05-31,31,15,16
2014-05-31,30,8,22
2014-05-31,11,5,6
2014-05-31,13,6,7
2014-05-31,27,12,15
2014-05-31,14,8,6
2014-05-31,9,5,4
2014-05-31,18,7,11
2014-06-01,8,4,4
2014-06-01,9,4,5
2014-06-01,12,3,9
2014-06-01,0,0,0
2014-06-01,0,0,0
2014-06-01,0,0,0
2014-06-01,0,0,0
2014-06-01,0,0,0
2014-06-01,0,0,0
2014-06-01,0,0,0
2014-06-01,0,0,0
2014-06-01,0,0,0
2014-06-01,0,0,0
2014-06-01,0,0,0
2014-06-01,0,0,0
2014-06-01,0,0,0
2014-06-01,0,0,0
2014-06-01,0,0,0
2014-06-01,0,0,0
2014-06-01,0,0,0
2014-06-01,0,0,0
2014-06-01,0,0,0
2014-06-01,0,0,0
2014-06-01,0,0,0
2014-06-02,0,0,0
2014-06-02,0,0,0
2014-06-02,0,0,0
2014-06-02,0,0,0
2014-06-02,0,0,0
2014-06-02,0,0,0
2014-06-02,0,0,0
2014-06-02,0,0,0
2014-06-02,0,0,0
2014-06-02,0,0,0
2014-06-02,0,0,0
2014-06-02,27,2,25
2014-06-02,37,19,18
2014-06-02,34,13,21
2014-06-02,13,9,4
2014-06-02,29,16,13
2014-06-02,33,13,20
2014-06-02,77,40,37
2014-06-02,43,25,18
2014-06-02,36,16,20
2014-06-02,35,18,17
2014-06-02,23,6,17
2014-06-02,10,4,6
2014-06-02,21,11,10
2014-06-03,2,2,0
2014-06-03,0,0,0
2014-06-03,0,0,0
2014-06-03,0,0,0
2014-06-03,2,0,2
2014-06-03,7,3,4
2014-06-03,7,2,5
2014-06-03,32,7,25
2014-06-03,16,5,11
2014-06-03,21,16,5
2014-06-03,24,15,9
2014-06-03,21,8,13
2014-06-03,35,11,24
2014-06-03,35,15,20
2014-06-03,31,15,16
2014-06-03,33,16,17
2014-06-03,30,14,16
2014-06-03,69,46,23
2014-06-03,43,30,13
2014-06-03,43,23,20
2014-06-03,14,3,11
2014-06-03,24,6,18
2014-06-03,25,12,13
2014-06-03,18,10,8
2014-06-04,4,0,4
2014-06-04,2,2,0
2014-06-04,2,0,2
2014-06-04,1,0,1
2014-06-04,0,0,0
2014-06-04,6,4,2
2014-06-04,34,9,25
2014-06-04,34,16,18
2014-06-04,22,6,16
2014-06-04,25,10,15
2014-06-04,25,15,10
2014-06-04,33,15,18
2014-06-04,37,21,16
2014-06-04,39,18,21
2014-06-04,20,13,7
2014-06-04,37,23,14
2014-06-04,51,16,35
2014-06-04,59,37,22
2014-06-04,48,24,24
2014-06-04,43,26,17
2014-06-04,28,15,13
2014-06-04,28,8,20
2014-06-04,20,8,12
2014-06-04,22,6,16
2014-06-05,7,4,3
2014-06-05,2,0,2
2014-06-05,0,0,0
2014-06-05,1,1,0
2014-06-05,0,0,0
2014-06-05,8,4,4
2014-06-05,19,8,11
2014-06-05,14,3,11
2014-06-05,40,17,23
2014-06-05,31,10,21
2014-06-05,13,7,6
2014-06-05,18,5,13
2014-06-05,26,13,13
2014-06-05,26,12,14
2014-06-05,29,11,18
2014-06-05,44,18,26
2014-06-05,40,23,17
2014-06-05,67,31,36
2014-06-05,62,19,43
2014-06-05,57,30,27
2014-06-05,43,22,21
2014-06-05,17,10,7
2014-06-05,21,12,9
2014-06-05,11,7,4
2014-06-06,5,3,2
2014-06-06,5,4,1
2014-06-06,4,2,2
2014-06-06,0,0,0
2014-06-06,4,2,2
2014-06-06,3,3,0
2014-06-06,16,4,12
2014-06-06,41,25,16
2014-06-06,22,14,8
2014-06-06,21,10,11
2014-06-06,24,17,7
2014-06-06,20,8,12
2014-06-06,47,23,24
2014-06-06,45,11,34
2014-06-06,29,15,14
2014-06-06,24,8,16
2014-06-06,58,32,26
2014-06-06,50,30,20
2014-06-06,36,18,18
2014-06-06,31,11,20
2014-06-06,25,9,16
2014-06-06,28,14,14
2014-06-06,15,6,9
2014-06-06,28,9,19
2014-06-07,3,1,2
2014-06-07,15,9,6
2014-06-07,10,9,1
2014-06-07,4,0,4
2014-06-07,6,0,6
2014-06-07,6,6,0
2014-06-07,6,4,2
2014-06-07,3,0,3
2014-06-07,15,8,7
2014-06-07,6,0,6
2014-06-07,20,13,7
2014-06-07,25,13,12
2014-06-07,38,22,16
2014-06-07,43,29,14
2014-06-07,42,23,19
2014-06-07,43,23,20
2014-06-07,31,18,13
2014-06-07,47,25,22
2014-06-07,33,12,21
2014-06-07,15,9,6
2014-06-07,20,9,11
2014-06-07,30,12,18
2014-06-07,13,5,8
2014-06-07,14,4,10
2014-06-08,21,11,10
2014-06-08,7,7,0
2014-06-08,10,3,7
2014-06-08,0,0,0
2014-06-08,3,2,1
2014-06-08,4,4,0
2014-06-08,9,2,7
2014-06-08,3,1,2
2014-06-08,9,2,7
2014-06-08,8,6,2
2014-06-08,5,4,1
2014-06-08,19,10,9
2014-06-08,15,13,2
2014-06-08,15,9,6
2014-06-08,16,6,10
2014-06-08,24,8,16
2014-06-08,33,17,16
2014-06-08,34,20,14
2014-06-08,28,21,7
2014-06-08,34,14,20
2014-06-08,25,14,11
2014-06-08,10,2,8
2014-06-08,13,4,9
2014-06-08,12,2,10
2014-06-09,6,4,2
2014-06-09,2,0,2
2014-06-09,4,1,3
2014-06-09,0,0,0
2014-06-09,0,0,0
2014-06-09,5,4,1
2014-06-09,14,8,6
2014-06-09,28,10,18
2014-06-09,36,14,22
2014-06-09,19,8,11
2014-06-09,22,12,10
2014-06-09,24,16,8
2014-06-09,17,11,6
2014-06-09,30,11,19
2014-06-09,25,8,17
2014-06-09,45,35,10
2014-06-09,42,17,25
2014-06-09,59,34,25
2014-06-09,57,33,24
2014-06-09,31,19,12
2014-06-09,32,22,10
2014-06-09,25,6,19
2014-06-09,17,8,9
2014-06-09,26,12,14
2014-06-10,6,4,2
2014-06-10,2,2,0
2014-06-10,0,0,0
2014-06-10,0,0,0
2014-06-10,0,0,0
2014-06-10,5,1,4
2014-06-10,25,6,19
2014-06-10,27,19,8
2014-06-10,29,9,20
2014-06-10,32,20,12
2014-06-10,20,12,8
2014-06-10,9,7,2
2014-06-10,28,13,15
2014-06-10,25,16,9
2014-06-10,23,9,14
2014-06-10,47,21,26
2014-06-10,53,27,26
2014-06-10,95,51,44
2014-06-10,56,19,37
2014-06-10,38,20,18
2014-06-10,16,6,10
2014-06-10,6,2,4
2014-06-10,14,8,6
2014-06-10,14,6,8
2014-06-11,14,6,8
2014-06-11,9,7,2
2014-06-11,0,0,0
2014-06-11,0,0,0
2014-06-11,0,0,0
2014-06-11,3,2,1
2014-06-11,30,10,20
2014-06-11,33,11,22
2014-06-11,42,20,22
2014-06-11,35,25,10
2014-06-11,15,11,4
2014-06-11,27,12,15
2014-06-11,34,19,15
2014-06-11,19,7,12
2014-06-11,25,13,12
2014-06-11,46,25,21
2014-06-11,61,29,32
2014-06-11,83,41,42
2014-06-11,42,20,22
2014-06-11,31,19,12
2014-06-11,41,19,22
2014-06-11,13,5,8
2014-06-11,7,4,3
2014-06-11,22,14,8
2014-06-12,5,3,2
2014-06-12,6,6,0
2014-06-12,2,0,2
2014-06-12,3,0,3
2014-06-12,0,0,0
2014-06-12,6,4,2
2014-06-12,21,5,16
2014-06-12,30,13,17
2014-06-12,31,13,18
2014-06-12,27,11,16
2014-06-12,20,7,13
2014-06-12,22,10,12
2014-06-12,39,23,16
2014-06-12,20,11,9
2014-06-12,24,8,16
2014-06-12,21,9,12
2014-06-12,38,20,18
2014-06-12,60,34,26
2014-06-12,56,25,31
2014-06-12,44,20,24
2014-06-12,25,11,14
2014-06-12,28,6,22
2014-06-12,20,15,5
2014-06-12,10,6,4
2014-06-13,12,5,7
2014-06-13,6,2,4
2014-06-13,2,2,0
2014-06-13,0,0,0
2014-06-13,2,0,2
2014-06-13,8,4,4
2014-06-13,18,4,14
2014-06-13,25,5,20
2014-06-13,20,11,9
2014-06-13,22,15,7
2014-06-13,8,4,4
2014-06-13,15,4,11
2014-06-13,13,5,8
2014-06-13,19,12,7
2014-06-13,21,8,13
2014-06-13,9,6,3
2014-06-13,15,11,4
2014-06-13,39,25,14
2014-06-13,41,25,16
2014-06-13,36,12,24
2014-06-13,24,14,10
2014-06-13,13,10,3
2014-06-13,19,11,8
2014-06-13,9,4,5
2014-06-14,18,10,8
2014-06-14,4,3,1
2014-06-14,3,1,2
2014-06-14,1,1,0
2014-06-14,2,2,0
2014-06-14,1,1,0
2014-06-14,5,2,3
2014-06-14,4,2,2
2014-06-14,6,4,2
2014-06-14,15,9,6
2014-06-14,12,2,10
2014-06-14,11,7,4
2014-06-14,21,13,8
2014-06-14,16,4,12
2014-06-14,8,5,3
2014-06-14,16,9,7
2014-06-14,14,10,4
2014-06-14,20,11,9
2014-06-14,27,12,15
2014-06-14,23,15,8
2014-06-14,21,12,9
2014-06-14,8,4,4
2014-06-14,12,5,7
2014-06-14,8,4,4
2014-06-15,5,5,0
2014-06-15,10,10,0
2014-06-15,7,5,2
2014-06-15,2,0,2
2014-06-15,0,0,0
2014-06-15,2,2,0
2014-06-15,4,0,4
2014-06-15,3,3,0
2014-06-15,8,2,6
2014-06-15,7,5,2
2014-06-15,10,2,8
2014-06-15,10,8,2
2014-06-15,15,9,6
2014-06-15,12,10,2
2014-06-15,21,1,20
2014-06-15,2,2,0
2014-06-15,16,6,10
2014-06-15,26,15,11
2014-06-15,10,4,6
2014-06-15,14,10,4
2014-06-15,9,5,4
2014-06-15,12,6,6
2014-06-15,6,2,4
2014-06-15,2,0,2
2014-06-16,3,0,3
2014-06-16,2,0,2
2014-06-16,8,4,4
2014-06-16,2,2,0
2014-06-16,0,0,0
2014-06-16,2,0,2
2014-06-16,19,2,17
2014-06-16,15,7,8
2014-06-16,21,5,16
2014-06-16,14,6,8
2014-06-16,13,9,4
2014-06-16,17,10,7
2014-06-16,32,12,20
2014-06-16,21,14,7
2014-06-16,20,9,11
2014-06-16,21,9,12
2014-06-16,29,14,15
2014-06-16,55,36,19
2014-06-16,54,19,35
2014-06-16,19,12,7
2014-06-16,23,13,10
2014-06-16,41,27,14
2014-06-16,14,4,10
2014-06-16,27,14,13
2014-06-17,7,0,7
2014-06-17,4,2,2
2014-06-17,0,0,0
2014-06-17,0,0,0
2014-06-17,0,0,0
2014-06-17,4,2,2
2014-06-17,19,1,18
2014-06-17,27,15,12
2014-06-17,47,15,32
2014-06-17,30,12,18
2014-06-17,24,11,13
2014-06-17,12,6,6
2014-06-17,31,21,10
2014-06-17,15,6,9
2014-06-17,18,10,8
2014-06-17,13,9,4
2014-06-17,33,12,21
2014-06-17,83,45,38
2014-06-17,55,23,32
2014-06-17,44,25,19
2014-06-17,41,24,17
2014-06-17,13,6,7
2014-06-17,15,9,6
2014-06-17,12,6,6
2014-06-18,0,0,0
2014-06-18,2,2,0
2014-06-18,1,1,0
2014-06-18,0,0,0
2014-06-18,0,0,0
2014-06-18,10,4,6
2014-06-18,28,7,21
2014-06-18,23,11,12
2014-06-18,33,17,16
2014-06-18,28,18,10
2014-06-18,10,3,7
2014-06-18,28,13,15
2014-06-18,47,23,24
2014-06-18,24,14,10
2014-06-18,26,10,16
2014-06-18,40,15,25
2014-06-18,56,29,27
2014-06-18,67,35,32
2014-06-18,53,33,20
2014-06-18,49,23,26
2014-06-18,27,16,11
2014-06-18,19,9,10
2014-06-18,13,3,10
2014-06-18,18,12,6
2014-06-19,9,3,6
2014-06-19,2,0,2
2014-06-19,2,0,2
2014-06-19,0,0,0
2014-06-19,2,2,0
2014-06-19,5,2,3
2014-06-19,11,4,7
2014-06-19,35,11,24
2014-06-19,31,11,20
2014-06-19,30,17,13
2014-06-19,7,4,3
2014-06-19,15,12,3
2014-06-19,31,10,21
2014-06-19,36,16,20
2014-06-19,29,15,14
2014-06-19,32,9,23
2014-06-19,43,24,19
2014-06-19,69,40,29
2014-06-19,48,22,26
2014-06-19,27,8,19
2014-06-19,36,24,12
2014-06-19,23,9,14
2014-06-19,17,9,8
2014-06-19,2,2,0
2014-06-20,12,9,3
2014-06-20,2,0,2
2014-06-20,3,0,3
2014-06-20,0,0,0
2014-06-20,0,0,0
2014-06-20,3,1,2
2014-06-20,13,2,11
2014-06-20,32,13,19
2014-06-20,23,7,16
2014-06-20,37,15,22
2014-06-20,20,12,8
2014-06-20,20,10,10
2014-06-20,40,21,19
2014-06-20,33,19,14
2014-06-20,32,10,22
2014-06-20,31,5,26
2014-06-20,50,34,16
2014-06-20,57,41,16
2014-06-20,60,36,24
2014-06-20,45,17,28
2014-06-20,37,13,24
2014-06-20,26,14,12
2014-06-20,17,12,5
2014-06-20,8,6,2
2014-06-21,13,3,10
2014-06-21,12,6,6
2014-06-21,7,4,3
2014-06-21,0,0,0
2014-06-21,0,0,0
2014-06-21,0,0,0
2014-06-21,10,1,9
2014-06-21,9,4,5
2014-06-21,8,2,6
2014-06-21,13,5,8
2014-06-21,46,23,23
2014-06-21,34,23,11
2014-06-21,46,28,18
2014-06-21,35,25,10
2014-06-21,31,23,8
2014-06-21,17,14,3
2014-06-21,31,18,13
2014-06-21,29,16,13
2014-06-21,36,9,27
2014-06-21,39,14,25
2014-06-21,13,8,5
2014-06-21,26,6,20
2014-06-21,9,6,3
2014-06-21,17,13,4
2014-06-22,9,3,6
2014-06-22,4,2,2
2014-06-22,8,3,5
2014-06-22,0,0,0
2014-06-22,0,0,0
2014-06-22,7,2,5
2014-06-22,10,4,6
2014-06-22,4,4,0
2014-06-22,9,5,4
2014-06-22,8,4,4
2014-06-22,15,15,0
2014-06-22,28,20,8
2014-06-22,27,13,14
2014-06-22,43,22,21
2014-06-22,45,24,21
2014-06-22,25,11,14
2014-06-22,20,12,8
2014-06-22,22,14,8
2014-06-22,28,15,13
2014-06-22,28,11,17
2014-06-22,15,4,11
2014-06-22,3,3,0
2014-06-22,13,6,7
2014-06-22,16,6,10
2014-06-23,0,0,0
2014-06-23,2,2,0
2014-06-23,4,0,4
2014-06-23,0,0,0
2014-06-23,0,0,0
2014-06-23,7,6,1
2014-06-23,22,2,20
2014-06-23,42,16,26
2014-06-23,40,12,28
2014-06-23,31,13,18
2014-06-23,23,7,16
2014-06-23,30,13,17
2014-06-23,38,22,16
2014-06-23,40,19,21
2014-06-23,36,20,16
2014-06-23,22,9,13
2014-06-23,56,34,22
2014-06-23,75,45,30
2014-06-23,56,25,31
2014-06-23,50,27,23
2014-06-23,23,12,11
2014-06-23,27,11,16
2014-06-23,16,8,8
2014-06-23,6,4,2
2014-06-24,2,0,2
2014-06-24,2,2,0
2014-06-24,2,0,2
2014-06-24,0,0,0
2014-06-24,2,2,0
2014-06-24,7,0,7
2014-06-24,17,4,13
2014-06-24,36,20,16
2014-06-24,28,16,12
2014-06-24,32,20,12
2014-06-24,16,8,8
2014-06-24,20,14,6
2014-06-24,17,14,3
2014-06-24,38,10,28
2014-06-24,30,8,22
2014-06-24,25,9,16
2014-06-24,57,36,21
2014-06-24,71,42,29
2014-06-24,64,35,29
2014-06-24,44,17,27
2014-06-24,14,10,4
2014-06-24,23,14,9
2014-06-24,14,6,8
2014-06-24,18,10,8
2014-06-25,5,5,0
2014-06-25,4,4,0
2014-06-25,6,4,2
2014-06-25,0,0,0
2014-06-25,2,0,2
2014-06-25,9,6,3
2014-06-25,21,3,18
2014-06-25,23,15,8
2014-06-25,25,15,10
2014-06-25,35,17,18
2014-06-25,19,11,8
2014-06-25,22,12,10
2014-06-25,46,26,20
2014-06-25,41,23,18
2014-06-25,25,18,7
2014-06-25,33,23,10
2014-06-25,41,26,15
2014-06-25,76,43,33
2014-06-25,45,19,26
2014-06-25,38,24,14
2014-06-25,34,18,16
2014-06-25,19,13,6
2014-06-25,26,20,6
2014-06-25,13,5,8
2014-06-26,7,5,2
2014-06-26,2,2,0
2014-06-26,2,2,0
2014-06-26,0,0,0
2014-06-26,0,0,0
2014-06-26,12,4,8
2014-06-26,11,4,7
2014-06-26,29,7,22
2014-06-26,21,11,10
2014-06-26,20,9,11
2014-06-26,11,8,3
2014-06-26,33,21,12
2014-06-26,25,9,16
2014-06-26,40,12,28
2014-06-26,21,11,10
2014-06-26,28,21,7
2014-06-26,45,25,20
2014-06-26,54,27,27
2014-06-26,62,44,18
2014-06-26,28,18,10
2014-06-26,9,3,6
2014-06-26,34,22,12
2014-06-26,14,6,8
2014-06-26,17,11,6
2014-06-27,3,1,2
2014-06-27,8,4,4
2014-06-27,3,2,1
2014-06-27,2,2,0
2014-06-27,2,0,2
2014-06-27,7,2,5
2014-06-27,17,7,10
2014-06-27,30,10,20
2014-06-27,33,21,12
2014-06-27,21,10,11
2014-06-27,27,13,14
2014-06-27,20,10,10
2014-06-27,37,19,18
2014-06-27,33,22,11
2014-06-27,16,11,5
2014-06-27,32,20,12
2014-06-27,49,23,26
2014-06-27,55,21,34
2014-06-27,40,16,24
2014-06-27,46,21,25
2014-06-27,20,4,16
2014-06-27,17,5,12
2014-06-27,17,8,9
2014-06-27,6,2,4
2014-06-28,11,11,0
2014-06-28,9,9,0
2014-06-28,7,2,5
2014-06-28,1,1,0
2014-06-28,0,0,0
2014-06-28,5,2,3
2014-06-28,0,0,0
2014-06-28,7,7,0
2014-06-28,4,2,2
2014-06-28,7,2,5
2014-06-28,17,4,13
2014-06-28,16,9,7
2014-06-28,14,10,4
2014-06-28,19,15,4
2014-06-28,20,10,10
2014-06-28,26,16,10
2014-06-28,26,16,10
2014-06-28,11,2,9
2014-06-28,32,11,21
2014-06-28,28,22,6
2014-06-28,35,17,18
2014-06-28,21,11,10
2014-06-28,8,2,6
2014-06-28,14,8,6
2014-06-29,9,4,5
2014-06-29,14,4,10
2014-06-29,9,3,6
2014-06-29,2,2,0
2014-06-29,6,2,4
2014-06-29,4,2,2
2014-06-29,4,0,4
2014-06-29,8,6,2
2014-06-29,13,5,8
2014-06-29,4,0,4
2014-06-29,5,5,0
2014-06-29,31,17,14
2014-06-29,27,7,20
2014-06-29,25,15,10
2014-06-29,32,17,15
2014-06-29,31,17,14
2014-06-29,11,8,3
2014-06-29,31,13,18
2014-06-29,39,17,22
2014-06-29,41,19,22
2014-06-29,23,8,15
2014-06-29,27,17,10
2014-06-29,8,4,4
2014-06-29,13,6,7
2014-06-30,10,0,10
2014-06-30,6,2,4
2014-06-30,0,0,0
2014-06-30,0,0,0
2014-06-30,0,0,0
2014-06-30,5,3,2
2014-06-30,18,5,13
2014-06-30,52,21,31
2014-06-30,31,15,16
2014-06-30,24,13,11
2014-06-30,27,18,9
2014-06-30,36,22,14
2014-06-30,37,23,14
2014-06-30,26,18,8
2014-06-30,41,17,24
2014-06-30,32,19,13
2014-06-30,58,29,29
2014-06-30,60,37,23
2014-06-30,77,45,32
2014-06-30,34,20,14
2014-06-30,40,17,23
2014-06-30,23,9,14
2014-06-30,15,6,9
2014-06-30,8,4,4
2014-07-01,12,8,4
2014-07-01,0,0,0
2014-07-01,2,0,2
2014-07-01,3,3,0
2014-07-01,1,1,0
2014-07-01,6,2,4
2014-07-01,25,2,23
2014-07-01,48,28,20
2014-07-01,43,25,18
2014-07-01,35,15,20
2014-07-01,13,10,3
2014-07-01,24,14,10
2014-07-01,45,23,22
2014-07-01,25,11,14
2014-07-01,19,9,10
2014-07-01,51,25,26
2014-07-01,50,30,20
2014-07-01,82,51,31
2014-07-01,44,28,16
2014-07-01,45,25,20
2014-07-01,30,14,16
2014-07-01,19,8,11
2014-07-01,19,6,13
2014-07-01,16,10,6
2014-07-02,2,0,2
2014-07-02,0,0,0
2014-07-02,2,0,2
2014-07-02,0,0,0
2014-07-02,4,4,0
2014-07-02,11,7,4
2014-07-02,26,9,17
2014-07-02,45,17,28
2014-07-02,44,18,26
2014-07-02,28,21,7
2014-07-02,10,6,4
2014-07-02,33,15,18
2014-07-02,33,17,16
2014-07-02,33,20,13
2014-07-02,30,17,13
2014-07-02,42,23,19
2014-07-02,53,25,28
2014-07-02,95,47,48
2014-07-02,52,28,24
2014-07-02,21,11,10
2014-07-02,62,30,32
2014-07-02,39,14,25
2014-07-02,9,7,2
2014-07-02,13,7,6
2014-07-03,6,2,4
2014-07-03,4,4,0
2014-07-03,2,2,0
2014-07-03,0,0,0
2014-07-03,4,2,2
2014-07-03,12,4,8
2014-07-03,20,7,13
2014-07-03,29,11,18
2014-07-03,23,10,13
2014-07-03,30,13,17
2014-07-03,38,19,19
2014-07-03,28,8,20
2014-07-03,49,24,25
2014-07-03,24,13,11
2014-07-03,23,18,5
2014-07-03,33,16,17
2014-07-03,57,34,23
2014-07-03,71,39,32
2014-07-03,27,17,10
2014-07-03,46,22,24
2014-07-03,32,20,12
2014-07-03,9,8,1
2014-07-03,32,17,15
2014-07-03,8,5,3
2014-07-04,4,2,2
2014-07-04,6,1,5
2014-07-04,8,2,6
2014-07-04,4,2,2
2014-07-04,4,2,2
2014-07-04,8,4,4
2014-07-04,13,5,8
2014-07-04,8,4,4
2014-07-04,4,2,2
2014-07-04,9,4,5
2014-07-04,10,3,7
2014-07-04,11,9,2
2014-07-04,17,9,8
2014-07-04,25,9,16
2014-07-04,13,6,7
2014-07-04,9,6,3
2014-07-04,15,10,5
2014-07-04,15,8,7
2014-07-04,11,8,3
2014-07-04,11,8,3
2014-07-04,7,5,2
2014-07-04,6,3,3
2014-07-04,8,5,3
2014-07-04,7,2,5
2014-07-05,8,2,6
2014-07-05,5,1,4
2014-07-05,1,0,1
2014-07-05,6,3,3
2014-07-05,1,1,0
2014-07-05,1,1,0
2014-07-05,3,1,2
2014-07-05,3,1,2
2014-07-05,7,7,0
2014-07-05,8,6,2
2014-07-05,8,6,2
2014-07-05,13,7,6
2014-07-05,13,5,8
2014-07-05,12,4,8
2014-07-05,11,9,2
2014-07-05,9,5,4
2014-07-05,18,10,8
2014-07-05,18,12,6
2014-07-05,10,4,6
2014-07-05,5,1,4
2014-07-05,11,6,5
2014-07-05,7,4,3
2014-07-05,3,3,0
2014-07-05,5,4,1
2014-07-06,4,3,1
2014-07-06,6,3,3
2014-07-06,4,0,4
2014-07-06,0,0,0
2014-07-06,1,1,0
2014-07-06,3,1,2
2014-07-06,1,0,1
2014-07-06,3,1,2
2014-07-06,3,2,1
2014-07-06,9,7,2
2014-07-06,10,7,3
2014-07-06,14,7,7
2014-07-06,10,9,1
2014-07-06,10,6,4
2014-07-06,10,5,5
2014-07-06,3,2,1
2014-07-06,1,1,0
2014-07-06,0,0,0
2014-07-06,0,0,0
2014-07-06,0,0,0
2014-07-06,1,0,1
2014-07-06,11,7,4
2014-07-06,4,0,4
2014-07-06,5,4,1
2014-07-07,4,2,2
2014-07-07,3,2,1
2014-07-07,3,1,2
2014-07-07,2,2,0
2014-07-07,0,0,0
2014-07-07,13,4,9
2014-07-07,21,9,12
2014-07-07,33,14,19
2014-07-07,31,13,18
2014-07-07,40,18,22
2014-07-07,21,9,12
2014-07-07,12,8,4
2014-07-07,27,17,10
2014-07-07,22,5,17
2014-07-07,14,11,3
2014-07-07,42,22,20
2014-07-07,50,27,23
2014-07-07,65,28,37
2014-07-07,41,21,20
2014-07-07,36,18,18
2014-07-07,48,20,28
2014-07-07,36,21,15
2014-07-07,22,9,13
2014-07-07,8,4,4
2014-07-08,5,5,0
2014-07-08,4,2,2
2014-07-08,6,3,3
2014-07-08,0,0,0
2014-07-08,0,0,0
2014-07-08,11,2,9
2014-07-08,22,1,21
2014-07-08,37,17,20
2014-07-08,37,15,22
2014-07-08,47,23,24
2014-07-08,23,12,11
2014-07-08,20,8,12
2014-07-08,41,14,27
2014-07-08,40,16,24
2014-07-08,29,17,12
2014-07-08,34,21,13
2014-07-08,29,21,8
2014-07-08,58,37,21
2014-07-08,58,27,31
2014-07-08,42,17,25
2014-07-08,37,22,15
2014-07-08,23,10,13
2014-07-08,10,2,8
2014-07-08,6,4,2
2014-07-09,10,5,5
2014-07-09,3,2,1
2014-07-09,2,0,2
2014-07-09,0,0,0
2014-07-09,4,2,2
2014-07-09,6,1,5
2014-07-09,12,0,12
2014-07-09,44,11,33
2014-07-09,23,13,10
2014-07-09,28,7,21
2014-07-09,15,11,4
2014-07-09,21,7,14
2014-07-09,18,11,7
2014-07-09,26,14,12
2014-07-09,29,9,20
2014-07-09,15,8,7
2014-07-09,48,28,20
2014-07-09,48,28,20
2014-07-09,39,16,23
2014-07-09,41,20,21
2014-07-09,39,25,14
2014-07-09,21,12,9
2014-07-09,25,10,15
2014-07-09,12,8,4
2014-07-10,4,2,2
2014-07-10,4,0,4
2014-07-10,2,2,0
2014-07-10,0,0,0
2014-07-10,2,1,1
2014-07-10,4,1,3
2014-07-10,29,4,25
2014-07-10,32,14,18
2014-07-10,21,7,14
2014-07-10,27,13,14
2014-07-10,16,9,7
2014-07-10,22,10,12
2014-07-10,29,15,14
2014-07-10,31,16,15
2014-07-10,12,7,5
2014-07-10,23,8,15
2014-07-10,48,21,27
2014-07-10,55,24,31
2014-07-10,38,18,20
2014-07-10,27,17,10
2014-07-10,37,14,23
2014-07-10,24,10,14
2014-07-10,11,9,2
2014-07-10,11,5,6
2014-07-11,16,6,10
2014-07-11,5,0,5
2014-07-11,17,7,10
2014-07-11,0,0,0
2014-07-11,1,0,1
2014-07-11,6,2,4
2014-07-11,18,6,12
2014-07-11,29,12,17
2014-07-11,39,22,17
2014-07-11,21,7,14
2014-07-11,19,12,7
2014-07-11,20,15,5
2014-07-11,43,29,14
2014-07-11,30,12,18
2014-07-11,20,10,10
2014-07-11,27,15,12
2014-07-11,38,14,24
2014-07-11,53,28,25
2014-07-11,38,19,19
2014-07-11,19,6,13
2014-07-11,25,20,5
2014-07-11,21,11,10
2014-07-11,20,10,10
2014-07-11,15,10,5
2014-07-12,11,7,4
2014-07-12,13,8,5
2014-07-12,9,5,4
2014-07-12,0,0,0
2014-07-12,12,6,6
2014-07-12,1,1,0
2014-07-12,14,6,8
2014-07-12,7,4,3
2014-07-12,20,8,12
2014-07-12,9,5,4
2014-07-12,14,9,5
2014-07-12,22,14,8
2014-07-12,32,14,18
2014-07-12,21,13,8
2014-07-12,22,16,6
2014-07-12,26,15,11
2014-07-12,29,17,12
2014-07-12,28,9,19
2014-07-12,19,9,10
2014-07-12,21,6,15
2014-07-12,24,16,8
2014-07-12,16,12,4
2014-07-12,21,13,8
2014-07-12,9,5,4
2014-07-13,17,7,10
2014-07-13,7,4,3
2014-07-13,7,2,5
2014-07-13,0,0,0
2014-07-13,0,0,0
2014-07-13,3,1,2
2014-07-13,6,4,2
2014-07-13,5,5,0
2014-07-13,11,10,1
2014-07-13,14,3,11
2014-07-13,22,10,12
2014-07-13,43,25,18
2014-07-13,27,12,15
2014-07-13,25,13,12
2014-07-13,23,16,7
2014-07-13,34,22,12
2014-07-13,24,19,5
2014-07-13,21,13,8
2014-07-13,22,8,14
2014-07-13,25,14,11
2014-07-13,17,11,6
2014-07-13,11,6,5
2014-07-13,17,6,11
2014-07-13,11,7,4
2014-07-14,0,0,0
2014-07-14,3,3,0
2014-07-14,4,2,2
2014-07-14,0,0,0
2014-07-14,2,0,2
2014-07-14,15,4,11
2014-07-14,16,3,13
2014-07-14,43,19,24
2014-07-14,57,35,22
2014-07-14,38,22,16
2014-07-14,15,11,4
2014-07-14,26,12,14
2014-07-14,40,12,28
2014-07-14,21,13,8
2014-07-14,36,18,18
2014-07-14,43,27,16
2014-07-14,46,29,17
2014-07-14,76,36,40
2014-07-14,78,25,53
2014-07-14,31,17,14
2014-07-14,36,8,28
2014-07-14,37,25,12
2014-07-14,14,6,8
2014-07-14,10,9,1
2014-07-15,2,2,0
2014-07-15,4,2,2
2014-07-15,4,2,2
2014-07-15,2,0,2
2014-07-15,0,0,0
2014-07-15,6,5,1
2014-07-15,26,6,20
2014-07-15,37,13,24
2014-07-15,52,34,18
2014-07-15,37,19,18
2014-07-15,23,17,6
2014-07-15,22,18,4
2014-07-15,35,22,13
2014-07-15,40,22,18
2014-07-15,32,8,24
2014-07-15,30,8,22
2014-07-15,72,45,27
2014-07-15,85,56,29
2014-07-15,57,20,37
2014-07-15,43,21,22
2014-07-15,28,14,14
2014-07-15,24,9,15
2014-07-15,14,12,2
2014-07-15,16,8,8
2014-07-16,2,2,0
2014-07-16,0,0,0
2014-07-16,8,6,2
2014-07-16,0,0,0
2014-07-16,0,0,0
2014-07-16,6,4,2
2014-07-16,31,2,29
2014-07-16,52,18,34
2014-07-16,38,24,14
2014-07-16,40,22,18
2014-07-16,17,11,6
2014-07-16,50,25,25
2014-07-16,38,21,17
2014-07-16,22,10,12
2014-07-16,29,15,14
2014-07-16,28,14,14
2014-07-16,61,31,30
2014-07-16,93,44,49
2014-07-16,83,41,42
2014-07-16,47,27,20
2014-07-16,47,25,22
2014-07-16,39,14,25
2014-07-16,19,7,12
2014-07-16,13,5,8
2014-07-17,5,3,2
2014-07-17,2,2,0
2014-07-17,3,0,3
2014-07-17,4,4,0
2014-07-17,6,4,2
2014-07-17,9,3,6
2014-07-17,32,3,29
2014-07-17,36,14,22
2014-07-17,48,24,24
2014-07-17,31,21,10
2014-07-17,18,14,4
2014-07-17,8,2,6
2014-07-17,22,13,9
2014-07-17,29,11,18
2014-07-17,19,5,14
2014-07-17,39,19,20
2014-07-17,47,28,19
2014-07-17,70,31,39
2014-07-17,50,20,30
2014-07-17,26,14,12
2014-07-17,39,23,16
2014-07-17,31,12,19
2014-07-17,16,8,8
2014-07-17,21,10,11
2014-07-18,1,1,0
2014-07-18,4,0,4
2014-07-18,3,0,3
2014-07-18,2,2,0
2014-07-18,3,1,2
2014-07-18,10,2,8
2014-07-18,22,4,18
2014-07-18,39,16,23
2014-07-18,34,19,15
2014-07-18,34,26,8
2014-07-18,18,6,12
2014-07-18,29,11,18
2014-07-18,36,23,13
2014-07-18,27,11,16
2014-07-18,39,25,14
2014-07-18,42,27,15
2014-07-18,62,40,22
2014-07-18,68,34,34
2014-07-18,60,18,42
2014-07-18,47,23,24
2014-07-18,35,23,12
2014-07-18,24,12,12
2014-07-18,30,14,16
2014-07-18,18,9,9
2014-07-19,13,2,11
2014-07-19,5,2,3
2014-07-19,17,6,11
2014-07-19,1,1,0
2014-07-19,0,0,0
2014-07-19,2,0,2
2014-07-19,6,0,6
2014-07-19,5,5,0
2014-07-19,2,0,2
2014-07-19,13,7,6
2014-07-19,10,3,7
2014-07-19,13,11,2
2014-07-19,18,6,12
2014-07-19,32,11,21
2014-07-19,24,12,12
2014-07-19,32,18,14
2014-07-19,37,22,15
2014-07-19,30,14,16
2014-07-19,29,15,14
2014-07-19,26,16,10
2014-07-19,18,4,14
2014-07-19,10,0,10
2014-07-19,9,7,2
2014-07-19,17,10,7
2014-07-20,10,7,3
2014-07-20,8,2,6
2014-07-20,4,4,0
2014-07-20,4,2,2
2014-07-20,0,0,0
2014-07-20,3,0,3
2014-07-20,2,0,2
2014-07-20,3,3,0
2014-07-20,6,2,4
2014-07-20,10,8,2
2014-07-20,17,8,9
2014-07-20,16,10,6
2014-07-20,15,7,8
2014-07-20,34,10,24
2014-07-20,17,11,6
2014-07-20,22,9,13
2014-07-20,22,13,9
2014-07-20,26,15,11
2014-07-20,29,13,16
2014-07-20,21,6,15
2014-07-20,19,11,8
2014-07-20,15,7,8
2014-07-20,1,1,0
2014-07-20,8,2,6
2014-07-21,2,2,0
2014-07-21,2,0,2
2014-07-21,2,2,0
2014-07-21,0,0,0
2014-07-21,0,0,0
2014-07-21,10,2,8
2014-07-21,18,9,9
2014-07-21,43,11,32
2014-07-21,42,17,25
2014-07-21,29,12,17
2014-07-21,30,18,12
2014-07-21,22,16,6
2014-07-21,27,14,13
2014-07-21,26,13,13
2014-07-21,25,17,8
2014-07-21,31,13,18
2014-07-21,54,36,18
2014-07-21,81,39,42
2014-07-21,61,36,25
2014-07-21,72,44,28
2014-07-21,37,16,21
2014-07-21,23,17,6
2014-07-21,12,4,8
2014-07-21,7,2,5
2014-07-22,2,0,2
2014-07-22,4,1,3
2014-07-22,2,0,2
2014-07-22,0,0,0
2014-07-22,0,0,0
2014-07-22,11,2,9
2014-07-22,13,4,9
2014-07-22,55,18,37
2014-07-22,50,21,29
2014-07-22,30,14,16
2014-07-22,28,17,11
2014-07-22,24,16,8
2014-07-22,16,6,10
2014-07-22,49,19,30
2014-07-22,29,14,15
2014-07-22,40,23,17
2014-07-22,69,34,35
2014-07-22,59,34,25
2014-07-22,32,16,16
2014-07-22,54,20,34
2014-07-22,38,16,22
2014-07-22,16,6,10
2014-07-22,15,2,13
2014-07-22,15,8,7
2014-07-23,15,6,9
2014-07-23,2,0,2
2014-07-23,0,0,0
2014-07-23,0,0,0
2014-07-23,2,2,0
2014-07-23,17,6,11
2014-07-23,6,4,2
2014-07-23,29,15,14
2014-07-23,31,15,16
2014-07-23,23,17,6
2014-07-23,14,4,10
2014-07-23,13,7,6
2014-07-23,16,7,9
2014-07-23,18,5,13
2014-07-23,12,6,6
2014-07-23,16,6,10
2014-07-23,29,18,11
2014-07-23,49,24,25
2014-07-23,37,12,25
2014-07-23,33,20,13
2014-07-23,36,18,18
2014-07-23,4,2,2
2014-07-23,11,2,9
2014-07-23,4,4,0
2014-07-24,4,2,2
2014-07-24,1,1,0
2014-07-24,12,6,6
2014-07-24,3,0,3
2014-07-24,2,2,0
2014-07-24,11,2,9
2014-07-24,15,5,10
2014-07-24,26,10,16
2014-07-24,39,23,16
2014-07-24,27,13,14
2014-07-24,19,12,7
2014-07-24,31,16,15
2014-07-24,35,21,14
2014-07-24,48,27,21
2014-07-24,26,10,16
2014-07-24,34,19,15
2014-07-24,59,29,30
2014-07-24,72,41,31
2014-07-24,40,20,20
2014-07-24,35,13,22
2014-07-24,26,18,8
2014-07-24,15,5,10
2014-07-24,25,12,13
2014-07-24,14,12,2
2014-07-25,13,7,6
2014-07-25,2,0,2
2014-07-25,2,2,0
2014-07-25,0,0,0
2014-07-25,2,0,2
2014-07-25,11,4,7
2014-07-25,23,7,16
2014-07-25,61,25,36
2014-07-25,49,19,30
2014-07-25,0,0,0
2014-07-25,0,0,0
2014-07-25,0,0,0
2014-07-25,0,0,0
2014-07-25,2,0,2
2014-07-25,0,0,0
2014-07-25,4,2,2
2014-07-25,0,0,0
2014-07-25,2,0,2
2014-07-25,6,0,6
2014-07-25,2,0,2
2014-07-25,0,0,0
2014-07-25,0,0,0
2014-07-25,2,0,2
2014-07-25,0,0,0
2014-07-26,1,0,1
2014-07-26,0,0,0
2014-07-26,0,0,0
2014-07-26,0,0,0
2014-07-26,1,1,0
2014-07-26,0,0,0
2014-07-26,0,0,0
2014-07-26,0,0,0
2014-07-26,2,2,0
2014-07-26,0,0,0
2014-07-26,0,0,0
2014-07-26,0,0,0
2014-07-26,2,2,0
2014-07-26,0,0,0
2014-07-26,0,0,0
2014-07-26,1,0,1
2014-07-26,4,4,0
2014-07-26,3,3,0
2014-07-26,0,0,0
2014-07-26,2,2,0
2014-07-26,3,2,1
2014-07-26,4,2,2
2014-07-26,2,0,2
2014-07-26,6,1,5
2014-07-27,13,2,11
2014-07-27,4,0,4
2014-07-27,5,4,1
2014-07-27,0,0,0
2014-07-27,2,0,2
2014-07-27,0,0,0
2014-07-27,2,2,0
2014-07-27,0,0,0
2014-07-27,0,0,0
2014-07-27,4,0,4
2014-07-27,1,1,0
2014-07-27,0,0,0
2014-07-27,2,0,2
2014-07-27,6,4,2
2014-07-27,8,4,4
2014-07-27,5,0,5
2014-07-27,6,1,5
2014-07-27,4,4,0
2014-07-27,0,0,0
2014-07-27,0,0,0
2014-07-27,0,0,0
2014-07-27,1,0,1
2014-07-27,0,0,0
2014-07-27,2,0,2
2014-07-28,0,0,0
2014-07-28,6,4,2
2014-07-28,10,6,4
2014-07-28,4,0,4
2014-07-28,2,2,0
2014-07-28,9,0,9
2014-07-28,17,5,12
2014-07-28,61,22,39
2014-07-28,49,33,16
2014-07-28,33,15,18
2014-07-28,32,18,14
2014-07-28,30,12,18
2014-07-28,24,14,10
2014-07-28,26,12,14
2014-07-28,44,16,28
2014-07-28,42,20,22
2014-07-28,67,45,22
2014-07-28,67,45,22
2014-07-28,69,33,36
2014-07-28,54,27,27
2014-07-28,26,16,10
2014-07-28,39,25,14
2014-07-28,22,8,14
2014-07-28,17,10,7
2014-07-29,5,2,3
2014-07-29,0,0,0
2014-07-29,2,0,2
2014-07-29,2,2,0
2014-07-29,0,0,0
2014-07-29,11,2,9
2014-07-29,31,7,24
2014-07-29,38,9,29
2014-07-29,58,33,25
2014-07-29,36,21,15
2014-07-29,20,12,8
2014-07-29,26,16,10
2014-07-29,41,22,19
2014-07-29,35,12,23
2014-07-29,19,9,10
2014-07-29,42,20,22
2014-07-29,56,33,23
2014-07-29,70,35,35
2014-07-29,73,49,24
2014-07-29,53,27,26
2014-07-29,38,20,18
2014-07-29,28,12,16
2014-07-29,26,11,15
2014-07-29,18,11,7
2014-07-30,16,4,12
2014-07-30,2,0,2
2014-07-30,0,0,0
2014-07-30,5,1,4
2014-07-30,2,0,2
2014-07-30,4,0,4
2014-07-30,28,11,17
2014-07-30,42,16,26
2014-07-30,43,22,21
2014-07-30,31,17,14
2014-07-30,11,7,4
2014-07-30,22,8,14
2014-07-30,38,20,18
2014-07-30,24,11,13
2014-07-30,38,20,18
2014-07-30,37,17,20
2014-07-30,58,32,26
2014-07-30,73,42,31
2014-07-30,47,27,20
2014-07-30,37,23,14
2014-07-30,42,29,13
2014-07-30,25,17,8
2014-07-30,32,15,17
2014-07-30,9,4,5
2014-07-31,6,2,4
2014-07-31,3,3,0
2014-07-31,4,4,0
2014-07-31,0,0,0
2014-07-31,2,0,2
2014-07-31,8,2,6
2014-07-31,12,4,8
2014-07-31,51,23,28
2014-07-31,43,30,13
2014-07-31,39,23,16
2014-07-31,26,14,12
2014-07-31,38,17,21
2014-07-31,38,23,15
2014-07-31,32,22,10
2014-07-31,22,6,16
2014-07-31,47,24,23
2014-07-31,57,25,32
2014-07-31,74,41,33
2014-07-31,51,31,20
2014-07-31,61,29,32
2014-07-31,25,17,8
2014-07-31,21,11,10
2014-07-31,11,3,8
2014-07-31,16,14,2
2014-08-01,9,2,7
2014-08-01,2,0,2
2014-08-01,2,0,2
2014-08-01,0,0,0
2014-08-01,4,0,4
2014-08-01,7,4,3
2014-08-01,27,8,19
2014-08-01,59,19,40
2014-08-01,43,25,18
2014-08-01,34,16,18
2014-08-01,33,17,16
2014-08-01,25,10,15
2014-08-01,21,9,12
2014-08-01,21,16,5
2014-08-01,36,21,15
2014-08-01,29,16,13
2014-08-01,33,15,18
2014-08-01,86,47,39
2014-08-01,64,36,28
2014-08-01,55,28,27
2014-08-01,47,28,19
2014-08-01,18,12,6
2014-08-01,23,6,17
2014-08-01,14,4,10
2014-08-02,9,4,5
2014-08-02,14,8,6
2014-08-02,10,6,4
2014-08-02,2,2,0
2014-08-02,4,4,0
2014-08-02,3,2,1
2014-08-02,2,0,2
2014-08-02,8,8,0
2014-08-02,8,8,0
2014-08-02,22,10,12
2014-08-02,22,12,10
2014-08-02,24,14,10
2014-08-02,12,4,8
2014-08-02,22,8,14
2014-08-02,26,17,9
2014-08-02,32,20,12
2014-08-02,24,17,7
2014-08-02,22,10,12
2014-08-02,25,8,17
2014-08-02,49,23,26
2014-08-02,12,2,10
2014-08-02,5,4,1
2014-08-02,10,7,3
2014-08-02,15,11,4
2014-08-03,9,0,9
2014-08-03,9,2,7
2014-08-03,6,0,6
2014-08-03,2,0,2
2014-08-03,2,2,0
2014-08-03,6,2,4
2014-08-03,7,2,5
2014-08-03,11,1,10
2014-08-03,10,7,3
2014-08-03,9,8,1
2014-08-03,26,10,16
2014-08-03,33,21,12
2014-08-03,36,15,21
2014-08-03,40,18,22
2014-08-03,38,19,19
2014-08-03,23,13,10
2014-08-03,17,5,12
2014-08-03,23,15,8
2014-08-03,38,16,22
2014-08-03,34,20,14
2014-08-03,30,20,10
2014-08-03,18,6,12
2014-08-03,23,4,19
2014-08-03,19,10,9
2014-08-04,14,6,8
2014-08-04,10,8,2
2014-08-04,7,4,3
2014-08-04,1,1,0
2014-08-04,2,0,2
2014-08-04,13,3,10
2014-08-04,26,5,21
2014-08-04,49,21,28
2014-08-04,57,37,20
2014-08-04,29,15,14
2014-08-04,20,10,10
2014-08-04,27,8,19
2014-08-04,38,14,24
2014-08-04,33,19,14
2014-08-04,39,29,10
2014-08-04,24,9,15
2014-08-04,55,33,22
2014-08-04,90,50,40
2014-08-04,51,25,26
2014-08-04,42,17,25
2014-08-04,25,17,8
2014-08-04,19,6,13
2014-08-04,21,13,8
2014-08-04,14,8,6
2014-08-05,8,2,6
2014-08-05,2,2,0
2014-08-05,2,2,0
2014-08-05,0,0,0
2014-08-05,0,0,0
2014-08-05,14,5,9
2014-08-05,16,8,8
2014-08-05,42,13,29
2014-08-05,52,25,27
2014-08-05,31,12,19
2014-08-05,28,16,12
2014-08-05,31,13,18
2014-08-05,35,25,10
2014-08-05,31,15,16
2014-08-05,25,14,11
2014-08-05,22,9,13
2014-08-05,64,35,29
2014-08-05,51,36,15
2014-08-05,72,39,33
2014-08-05,53,33,20
2014-08-05,55,22,33
2014-08-05,17,9,8
2014-08-05,26,15,11
2014-08-05,19,4,15
2014-08-06,8,2,6
2014-08-06,3,2,1
2014-08-06,2,2,0
2014-08-06,0,0,0
2014-08-06,2,0,2
2014-08-06,8,0,8
2014-08-06,37,14,23
2014-08-06,40,14,26
2014-08-06,54,28,26
2014-08-06,35,15,20
2014-08-06,15,8,7
2014-08-06,19,9,10
2014-08-06,31,17,14
2014-08-06,32,10,22
2014-08-06,23,15,8
2014-08-06,25,15,10
2014-08-06,51,34,17
2014-08-06,89,50,39
2014-08-06,77,38,39
2014-08-06,33,14,19
2014-08-06,33,14,19
2014-08-06,22,8,14
2014-08-06,23,7,16
2014-08-06,12,11,1
2014-08-07,1,1,0
2014-08-07,4,0,4
2014-08-07,19,5,14
2014-08-07,0,0,0
2014-08-07,2,2,0
2014-08-07,7,2,5
2014-08-07,38,15,23
2014-08-07,49,13,36
2014-08-07,56,27,29
2014-08-07,33,14,19
2014-08-07,25,13,12
2014-08-07,41,20,21
2014-08-07,32,18,14
2014-08-07,40,28,12
2014-08-07,36,18,18
2014-08-07,40,24,16
2014-08-07,63,35,28
2014-08-07,75,40,35
2014-08-07,43,19,24
2014-08-07,50,32,18
2014-08-07,48,24,24
2014-08-07,11,3,8
2014-08-07,17,11,6
2014-08-07,13,11,2
2014-08-08,25,13,12
2014-08-08,6,2,4
2014-08-08,4,2,2
2014-08-08,2,0,2
2014-08-08,4,0,4
2014-08-08,6,0,6
2014-08-08,17,5,12
2014-08-08,66,20,46
2014-08-08,44,22,22
2014-08-08,25,18,7
2014-08-08,20,12,8
2014-08-08,29,8,21
2014-08-08,28,16,12
2014-08-08,24,18,6
2014-08-08,33,19,14
2014-08-08,31,11,20
2014-08-08,43,31,12
2014-08-08,70,32,38
2014-08-08,46,25,21
2014-08-08,37,22,15
2014-08-08,36,19,17
2014-08-08,19,13,6
2014-08-08,28,16,12
2014-08-08,20,7,13
2014-08-09,13,6,7
2014-08-09,17,4,13
2014-08-09,7,3,4
2014-08-09,1,1,0
2014-08-09,0,0,0
2014-08-09,2,0,2
2014-08-09,6,2,4
2014-08-09,7,1,6
2014-08-09,10,4,6
2014-08-09,12,2,10
2014-08-09,20,5,15
2014-08-09,24,11,13
2014-08-09,33,19,14
2014-08-09,24,14,10
2014-08-09,33,12,21
2014-08-09,34,14,20
2014-08-09,43,25,18
2014-08-09,28,16,12
2014-08-09,15,7,8
2014-08-09,41,26,15
2014-08-09,24,7,17
2014-08-09,27,14,13
2014-08-09,18,6,12
2014-08-09,27,16,11
2014-08-10,15,7,8
2014-08-10,12,3,9
2014-08-10,15,3,12
2014-08-10,5,0,5
2014-08-10,5,3,2
2014-08-10,0,0,0
2014-08-10,6,2,4
2014-08-10,9,3,6
2014-08-10,8,0,8
2014-08-10,7,4,3
2014-08-10,28,9,19
2014-08-10,20,14,6
2014-08-10,19,13,6
2014-08-10,21,14,7
2014-08-10,35,12,23
2014-08-10,38,17,21
2014-08-10,46,35,11
2014-08-10,40,22,18
2014-08-10,25,12,13
2014-08-10,19,6,13
2014-08-10,15,6,9
2014-08-10,7,4,3
2014-08-10,25,3,22
2014-08-10,18,3,15
2014-08-11,10,2,8
2014-08-11,3,1,2
2014-08-11,9,4,5
2014-08-11,0,0,0
2014-08-11,2,0,2
2014-08-11,10,4,6
2014-08-11,23,4,19
2014-08-11,55,9,46
2014-08-11,42,27,15
2014-08-11,39,19,20
2014-08-11,31,15,16
2014-08-11,30,13,17
2014-08-11,13,4,9
2014-08-11,37,12,25
2014-08-11,30,15,15
2014-08-11,25,14,11
2014-08-11,50,27,23
2014-08-11,64,29,35
2014-08-11,46,24,22
2014-08-11,48,26,22
2014-08-11,21,13,8
2014-08-11,29,12,17
2014-08-11,10,4,6
2014-08-11,8,6,2
2014-08-12,5,3,2
2014-08-12,9,5,4
2014-08-12,0,0,0
2014-08-12,0,0,0
2014-08-12,2,0,2
2014-08-12,10,4,6
2014-08-12,19,0,19
2014-08-12,47,22,25
2014-08-12,34,12,22
2014-08-12,34,21,13
2014-08-12,20,8,12
2014-08-12,18,9,9
2014-08-12,28,13,15
2014-08-12,24,13,11
2014-08-12,29,20,9
2014-08-12,40,17,23
2014-08-12,46,23,23
2014-08-12,73,36,37
2014-08-12,45,23,22
2014-08-12,47,31,16
2014-08-12,33,16,17
2014-08-12,16,12,4
2014-08-12,19,7,12
2014-08-12,18,8,10
2014-08-13,3,1,2
2014-08-13,8,6,2
2014-08-13,3,3,0
2014-08-13,0,0,0
2014-08-13,1,0,1
2014-08-13,4,0,4
2014-08-13,22,4,18
2014-08-13,37,9,28
2014-08-13,32,14,18
2014-08-13,26,10,16
2014-08-13,14,2,12
2014-08-13,30,14,16
2014-08-13,28,20,8
2014-08-13,21,10,11
2014-08-13,21,7,14
2014-08-13,49,26,23
2014-08-13,53,36,17
2014-08-13,58,32,26
2014-08-13,70,34,36
2014-08-13,37,19,18
2014-08-13,31,18,13
2014-08-13,30,10,20
2014-08-13,19,4,15
2014-08-13,16,8,8
2014-08-14,12,8,4
2014-08-14,8,4,4
2014-08-14,5,2,3
2014-08-14,0,0,0
2014-08-14,6,2,4
2014-08-14,6,0,6
2014-08-14,10,2,8
2014-08-14,39,12,27
2014-08-14,46,25,21
2014-08-14,27,12,15
2014-08-14,16,8,8
2014-08-14,20,6,14
2014-08-14,33,14,19
2014-08-14,28,14,14
2014-08-14,35,16,19
2014-08-14,30,15,15
2014-08-14,34,20,14
2014-08-14,71,33,38
2014-08-14,34,9,25
2014-08-14,36,22,14
2014-08-14,34,20,14
2014-08-14,11,6,5
2014-08-14,5,3,2
2014-08-14,23,7,16
2014-08-15,7,3,4
2014-08-15,7,2,5
2014-08-15,3,3,0
2014-08-15,0,0,0
2014-08-15,2,0,2
2014-08-15,9,6,3
2014-08-15,14,2,12
2014-08-15,37,11,26
2014-08-15,27,11,16
2014-08-15,18,11,7
2014-08-15,10,6,4
2014-08-15,28,12,16
2014-08-15,11,5,6
2014-08-15,23,11,12
2014-08-15,25,12,13
2014-08-15,29,20,9
2014-08-15,41,24,17
2014-08-15,46,20,26
2014-08-15,40,22,18
2014-08-15,33,25,8
2014-08-15,21,10,11
2014-08-15,30,3,27
2014-08-15,18,8,10
2014-08-15,13,9,4
2014-08-16,24,7,17
2014-08-16,10,3,7
2014-08-16,7,3,4
2014-08-16,2,0,2
2014-08-16,0,0,0
2014-08-16,5,2,3
2014-08-16,3,2,1
2014-08-16,3,1,2
2014-08-16,7,1,6
2014-08-16,11,7,4
2014-08-16,21,7,14
2014-08-16,22,16,6
2014-08-16,26,17,9
2014-08-16,31,15,16
2014-08-16,16,3,13
2014-08-16,18,10,8
2014-08-16,20,3,17
2014-08-16,19,11,8
2014-08-16,20,17,3
2014-08-16,35,22,13
2014-08-16,21,10,11
2014-08-16,24,18,6
2014-08-16,12,7,5
2014-08-16,15,4,11
2014-08-17,12,6,6
2014-08-17,14,6,8
2014-08-17,7,5,2
2014-08-17,8,2,6
2014-08-17,4,2,2
2014-08-17,3,0,3
2014-08-17,5,3,2
2014-08-17,7,1,6
2014-08-17,6,4,2
2014-08-17,13,5,8
2014-08-17,18,12,6
2014-08-17,24,12,12
2014-08-17,28,10,18
2014-08-17,33,17,16
2014-08-17,20,11,9
2014-08-17,29,9,20
2014-08-17,27,15,12
2014-08-17,21,7,14
2014-08-17,24,12,12
2014-08-17,24,20,4
2014-08-17,36,21,15
2014-08-17,30,14,16
2014-08-17,22,8,14
2014-08-17,21,17,4
2014-08-18,15,1,14
2014-08-18,1,0,1
2014-08-18,0,0,0
2014-08-18,2,2,0
2014-08-18,2,0,2
2014-08-18,16,2,14
2014-08-18,27,11,16
2014-08-18,53,20,33
2014-08-18,48,22,26
2014-08-18,40,23,17
2014-08-18,16,8,8
2014-08-18,45,18,27
2014-08-18,36,20,16
2014-08-18,25,10,15
2014-08-18,37,25,12
2014-08-18,32,17,15
2014-08-18,40,18,22
2014-08-18,83,44,39
2014-08-18,70,31,39
2014-08-18,42,18,24
2014-08-18,41,28,13
2014-08-18,19,11,8
2014-08-18,19,5,14
2014-08-18,4,4,0
2014-08-19,4,4,0
2014-08-19,2,0,2
2014-08-19,2,0,2
2014-08-19,0,0,0
2014-08-19,3,0,3
2014-08-19,15,4,11
2014-08-19,24,4,20
2014-08-19,32,15,17
2014-08-19,46,25,21
2014-08-19,39,27,12
2014-08-19,18,8,10
2014-08-19,40,18,22
2014-08-19,23,12,11
2014-08-19,36,22,14
2014-08-19,20,7,13
2014-08-19,18,6,12
2014-08-19,63,36,27
2014-08-19,53,31,22
2014-08-19,59,39,20
2014-08-19,41,22,19
2014-08-19,32,14,18
2014-08-19,20,13,7
2014-08-19,13,4,9
2014-08-19,11,8,3
2014-08-20,6,4,2
2014-08-20,0,0,0
2014-08-20,0,0,0
2014-08-20,2,2,0
2014-08-20,3,0,3
2014-08-20,11,4,7
2014-08-20,24,5,19
2014-08-20,36,13,23
2014-08-20,45,20,25
2014-08-20,35,23,12
2014-08-20,12,4,8
2014-08-20,20,8,12
2014-08-20,21,7,14
2014-08-20,25,10,15
2014-08-20,24,9,15
2014-08-20,26,13,13
2014-08-20,53,24,29
2014-08-20,55,37,18
2014-08-20,70,31,39
2014-08-20,44,22,22
2014-08-20,44,25,19
2014-08-20,11,5,6
2014-08-20,11,8,3
2014-08-20,11,6,5
2014-08-21,10,2,8
2014-08-21,3,1,2
2014-08-21,1,1,0
2014-08-21,2,2,0
2014-08-21,7,5,2
2014-08-21,4,2,2
2014-08-21,30,11,19
2014-08-21,47,12,35
2014-08-21,60,26,34
2014-08-21,30,16,14
2014-08-21,16,6,10
2014-08-21,23,12,11
2014-08-21,17,8,9
2014-08-21,16,8,8
2014-08-21,20,7,13
2014-08-21,37,26,11
2014-08-21,43,21,22
2014-08-21,83,46,37
2014-08-21,65,24,41
2014-08-21,32,22,10
2014-08-21,44,18,26
2014-08-21,17,4,13
2014-08-21,18,12,6
2014-08-21,11,5,6
2014-08-22,8,2,6
2014-08-22,1,0,1
2014-08-22,0,0,0
2014-08-22,2,0,2
2014-08-22,2,0,2
2014-08-22,7,3,4
2014-08-22,14,1,13
2014-08-22,41,12,29
2014-08-22,38,21,17
2014-08-22,38,23,15
2014-08-22,16,12,4
2014-08-22,16,4,12
2014-08-22,29,17,12
2014-08-22,39,16,23
2014-08-22,21,8,13
2014-08-22,35,15,20
2014-08-22,59,46,13
2014-08-22,65,42,23
2014-08-22,57,22,35
2014-08-22,33,19,14
2014-08-22,38,23,15
2014-08-22,25,11,14
2014-08-22,18,11,7
2014-08-22,21,13,8
2014-08-23,18,10,8
2014-08-23,12,4,8
2014-08-23,14,9,5
2014-08-23,0,0,0
2014-08-23,2,2,0
2014-08-23,0,0,0
2014-08-23,0,0,0
2014-08-23,10,10,0
2014-08-23,10,8,2
2014-08-23,12,11,1
2014-08-23,11,4,7
2014-08-23,20,12,8
2014-08-23,18,11,7
2014-08-23,30,17,13
2014-08-23,24,15,9
2014-08-23,31,14,17
2014-08-23,22,18,4
2014-08-23,21,11,10
2014-08-23,33,21,12
2014-08-23,33,21,12
2014-08-23,36,18,18
2014-08-23,18,9,9
2014-08-23,12,7,5
2014-08-23,15,11,4
2014-08-24,17,12,5
2014-08-24,13,6,7
2014-08-24,10,3,7
2014-08-24,0,0,0
2014-08-24,4,0,4
2014-08-24,2,0,2
2014-08-24,2,2,0
2014-08-24,6,2,4
2014-08-24,5,0,5
2014-08-24,4,3,1
2014-08-24,14,6,8
2014-08-24,20,14,6
2014-08-24,13,7,6
2014-08-24,33,10,23
2014-08-24,34,16,18
2014-08-24,27,13,14
2014-08-24,22,14,8
2014-08-24,36,20,16
2014-08-24,27,11,16
2014-08-24,29,14,15
2014-08-24,9,5,4
2014-08-24,21,6,15
2014-08-24,10,3,7
2014-08-24,4,0,4
2014-08-25,3,0,3
2014-08-25,13,5,8
2014-08-25,6,4,2
2014-08-25,1,0,1
2014-08-25,2,2,0
2014-08-25,3,0,3
2014-08-25,28,5,23
2014-08-25,50,16,34
2014-08-25,61,37,24
2014-08-25,30,13,17
2014-08-25,20,9,11
2014-08-25,20,11,9
2014-08-25,45,27,18
2014-08-25,40,16,24
2014-08-25,25,15,10
2014-08-25,35,15,20
2014-08-25,51,37,14
2014-08-25,85,48,37
2014-08-25,47,18,29
2014-08-25,50,29,21
2014-08-25,23,12,11
2014-08-25,28,12,16
2014-08-25,14,4,10
2014-08-25,11,5,6
2014-08-26,9,5,4
2014-08-26,1,1,0
2014-08-26,7,5,2
2014-08-26,4,4,0
2014-08-26,2,0,2
2014-08-26,17,12,5
2014-08-26,26,6,20
2014-08-26,35,14,21
2014-08-26,52,22,30
2014-08-26,40,16,24
2014-08-26,26,12,14
2014-08-26,16,4,12
2014-08-26,25,11,14
2014-08-26,30,14,16
2014-08-26,17,8,9
2014-08-26,46,28,18
2014-08-26,65,38,27
2014-08-26,66,37,29
2014-08-26,40,18,22
2014-08-26,43,25,18
2014-08-26,53,30,23
2014-08-26,23,7,16
2014-08-26,12,6,6
2014-08-26,9,5,4
2014-08-27,7,2,5
2014-08-27,8,2,6
2014-08-27,1,1,0
2014-08-27,2,2,0
2014-08-27,0,0,0
2014-08-27,12,5,7
2014-08-27,25,5,20
2014-08-27,48,24,24
2014-08-27,57,35,22
2014-08-27,27,13,14
2014-08-27,22,13,9
2014-08-27,16,8,8
2014-08-27,22,11,11
2014-08-27,32,18,14
2014-08-27,22,10,12
2014-08-27,45,15,30
2014-08-27,56,29,27
2014-08-27,78,42,36
2014-08-27,67,29,38
2014-08-27,48,19,29
2014-08-27,35,16,19
2014-08-27,20,15,5
2014-08-27,10,5,5
2014-08-27,5,1,4
2014-08-28,3,2,1
2014-08-28,4,4,0
2014-08-28,2,0,2
2014-08-28,0,0,0
2014-08-28,0,0,0
2014-08-28,11,6,5
2014-08-28,28,11,17
2014-08-28,42,14,28
2014-08-28,62,28,34
2014-08-28,30,14,16
2014-08-28,17,10,7
2014-08-28,21,12,9
2014-08-28,37,22,15
2014-08-28,36,15,21
2014-08-28,20,14,6
2014-08-28,32,20,12
2014-08-28,50,41,9
2014-08-28,67,30,37
2014-08-28,56,32,24
2014-08-28,43,20,23
2014-08-28,29,18,11
2014-08-28,19,10,9
2014-08-28,16,10,6
2014-08-28,5,5,0
2014-08-29,9,2,7
2014-08-29,2,0,2
2014-08-29,9,0,9
2014-08-29,2,0,2
2014-08-29,6,2,4
2014-08-29,9,2,7
2014-08-29,23,11,12
2014-08-29,45,18,27
2014-08-29,50,23,27
2014-08-29,42,20,22
2014-08-29,21,12,9
2014-08-29,19,9,10
2014-08-29,19,15,4
2014-08-29,17,7,10
2014-08-29,37,16,21
2014-08-29,43,12,31
2014-08-29,44,25,19
2014-08-29,65,40,25
2014-08-29,50,16,34
2014-08-29,32,12,20
2014-08-29,24,14,10
2014-08-29,12,10,2
2014-08-29,9,5,4
2014-08-29,15,11,4
2014-08-30,10,7,3
2014-08-30,8,2,6
2014-08-30,4,1,3
2014-08-30,1,0,1
2014-08-30,4,0,4
2014-08-30,2,2,0
2014-08-30,2,0,2
2014-08-30,8,4,4
2014-08-30,7,5,2
2014-08-30,12,8,4
2014-08-30,11,1,10
2014-08-30,5,1,4
2014-08-30,20,10,10
2014-08-30,21,12,9
2014-08-30,12,5,7
2014-08-30,18,12,6
2014-08-30,8,4,4
2014-08-30,10,5,5
2014-08-30,28,12,16
2014-08-30,17,10,7
2014-08-30,9,5,4
2014-08-30,8,0,8
2014-08-30,13,4,9
2014-08-30,7,1,6
2014-08-31,12,4,8
2014-08-31,13,6,7
2014-08-31,11,3,8
2014-08-31,4,2,2
2014-08-31,4,0,4
2014-08-31,0,0,0
2014-08-31,4,2,2
2014-08-31,5,3,2
2014-08-31,3,1,2
2014-08-31,3,1,2
2014-08-31,16,4,12
2014-08-31,3,3,0
2014-08-31,15,10,5
2014-08-31,17,10,7
2014-08-31,16,8,8
2014-08-31,23,18,5
2014-08-31,28,17,11
2014-08-31,20,14,6
2014-08-31,16,8,8
2014-08-31,23,8,15
2014-08-31,22,6,16
2014-08-31,13,4,9
2014-08-31,10,6,4
2014-08-31,8,3,5
2014-09-01,3,2,1
2014-09-01,57,23,34
2014-09-01,3,3,0
2014-09-01,2,2,0
2014-09-01,3,0,3
2014-09-01,4,0,4
2014-09-01,7,3,4
2014-09-01,4,0,4
2014-09-01,10,6,4
2014-09-01,10,3,7
2014-09-01,9,7,2
2014-09-01,11,11,0
2014-09-01,18,9,9
2014-09-01,28,9,19
2014-09-01,22,6,16
2014-09-01,22,7,15
2014-09-01,41,19,22
2014-09-01,15,8,7
2014-09-01,19,11,8
2014-09-01,18,14,4
2014-09-01,16,9,7
2014-09-01,10,3,7
2014-09-01,7,7,0
2014-09-01,10,4,6
2014-09-02,4,0,4
2014-09-02,2,0,2
2014-09-02,0,0,0
2014-09-02,0,0,0
2014-09-02,2,2,0
2014-09-02,9,2,7
2014-09-02,10,0,10
2014-09-02,38,17,21
2014-09-02,28,8,20
2014-09-02,28,18,10
2014-09-02,16,9,7
2014-09-02,28,9,19
2014-09-02,24,10,14
2014-09-02,18,8,10
2014-09-02,30,12,18
2014-09-02,26,18,8
2014-09-02,24,12,12
2014-09-02,66,45,21
2014-09-02,29,17,12
2014-09-02,25,16,9
2014-09-02,15,10,5
2014-09-02,12,2,10
2014-09-02,4,0,4
2014-09-02,8,6,2
2014-09-03,0,0,0
2014-09-03,0,0,0
2014-09-03,0,0,0
2014-09-03,2,2,0
2014-09-03,0,0,0
2014-09-03,7,2,5
2014-09-03,16,1,15
2014-09-03,29,11,18
2014-09-03,40,14,26
2014-09-03,30,10,20
2014-09-03,16,6,10
2014-09-03,26,8,18
2014-09-03,27,16,11
2014-09-03,30,26,4
2014-09-03,17,13,4
2014-09-03,10,6,4
2014-09-03,38,24,14
2014-09-03,103,58,45
2014-09-03,54,29,25
2014-09-03,36,25,11
2014-09-03,45,21,24
2014-09-03,14,3,11
2014-09-03,7,0,7
2014-09-03,6,6,0
2014-09-04,10,3,7
2014-09-04,5,4,1
2014-09-04,2,2,0
2014-09-04,0,0,0
2014-09-04,0,0,0
2014-09-04,15,4,11
2014-09-04,22,5,17
2014-09-04,42,14,28
2014-09-04,55,27,28
2014-09-04,26,8,18
2014-09-04,28,18,10
2014-09-04,20,12,8
2014-09-04,33,25,8
2014-09-04,29,20,9
2014-09-04,26,12,14
2014-09-04,39,22,17
2014-09-04,60,44,16
2014-09-04,70,32,38
2014-09-04,56,34,22
2014-09-04,30,11,19
2014-09-04,28,12,16
2014-09-04,15,13,2
2014-09-04,15,6,9
2014-09-04,6,4,2
2014-09-05,8,1,7
2014-09-05,12,4,8
2014-09-05,1,0,1
2014-09-05,2,0,2
2014-09-05,0,0,0
2014-09-05,12,4,8
2014-09-05,13,4,9
2014-09-05,31,10,21
2014-09-05,38,14,24
2014-09-05,35,7,28
2014-09-05,29,18,11
2014-09-05,27,9,18
2014-09-05,14,10,4
2014-09-05,38,24,14
2014-09-05,38,16,22
2014-09-05,32,22,10
2014-09-05,48,24,24
2014-09-05,89,51,38
2014-09-05,66,34,32
2014-09-05,55,31,24
2014-09-05,28,6,22
2014-09-05,19,15,4
2014-09-05,14,9,5
2014-09-05,17,8,9
2014-09-06,13,6,7
2014-09-06,11,6,5
2014-09-06,1,1,0
2014-09-06,4,2,2
2014-09-06,2,2,0
2014-09-06,4,3,1
2014-09-06,5,2,3
2014-09-06,3,3,0
2014-09-06,15,7,8
2014-09-06,21,8,13
2014-09-06,24,10,14
2014-09-06,26,16,10
2014-09-06,29,17,12
2014-09-06,33,20,13
2014-09-06,26,12,14
2014-09-06,27,9,18
2014-09-06,16,9,7
2014-09-06,25,12,13
2014-09-06,27,7,20
2014-09-06,30,15,15
2014-09-06,11,2,9
2014-09-06,15,7,8
2014-09-06,17,6,11
2014-09-06,14,6,8
2014-09-07,14,7,7
2014-09-07,7,2,5
2014-09-07,8,5,3
2014-09-07,1,0,1
2014-09-07,0,0,0
2014-09-07,5,4,1
2014-09-07,5,0,5
2014-09-07,8,5,3
2014-09-07,5,0,5
2014-09-07,15,7,8
2014-09-07,14,12,2
2014-09-07,22,15,7
2014-09-07,28,12,16
2014-09-07,18,13,5
2014-09-07,23,6,17
2014-09-07,30,16,14
2014-09-07,28,17,11
2014-09-07,12,3,9
2014-09-07,38,14,24
2014-09-07,11,5,6
2014-09-07,29,8,21
2014-09-07,10,5,5
2014-09-07,21,12,9
2014-09-07,19,8,11
2014-09-08,8,2,6
2014-09-08,1,0,1
2014-09-08,2,0,2
2014-09-08,0,0,0
2014-09-08,1,1,0
2014-09-08,9,2,7
2014-09-08,18,6,12
2014-09-08,34,8,26
2014-09-08,40,11,29
2014-09-08,25,7,18
2014-09-08,12,8,4
2014-09-08,21,8,13
2014-09-08,21,4,17
2014-09-08,21,12,9
2014-09-08,39,23,16
2014-09-08,34,16,18
2014-09-08,48,24,24
2014-09-08,70,33,37
2014-09-08,45,19,26
2014-09-08,34,21,13
2014-09-08,34,12,22
2014-09-08,6,4,2
2014-09-08,10,9,1
2014-09-08,6,4,2
2014-09-09,2,2,0
2014-09-09,2,2,0
2014-09-09,4,4,0
2014-09-09,0,0,0
2014-09-09,0,0,0
2014-09-09,9,2,7
2014-09-09,30,2,28
2014-09-09,45,18,27
2014-09-09,36,10,26
2014-09-09,24,12,12
2014-09-09,21,10,11
2014-09-09,21,11,10
2014-09-09,28,9,19
2014-09-09,11,7,4
2014-09-09,20,10,10
2014-09-09,37,21,16
2014-09-09,51,31,20
2014-09-09,79,51,28
2014-09-09,57,36,21
2014-09-09,29,14,15
2014-09-09,43,20,23
2014-09-09,19,10,9
2014-09-09,11,7,4
2014-09-09,14,6,8
2014-09-10,8,2,6
2014-09-10,1,0,1
2014-09-10,1,0,1
2014-09-10,0,0,0
2014-09-10,0,0,0
2014-09-10,5,2,3
2014-09-10,15,1,14
2014-09-10,52,16,36
2014-09-10,25,8,17
2014-09-10,27,7,20
2014-09-10,19,8,11
2014-09-10,22,8,14
2014-09-10,35,20,15
2014-09-10,31,13,18
2014-09-10,36,20,16
2014-09-10,27,11,16
2014-09-10,52,37,15
2014-09-10,76,36,40
2014-09-10,61,38,23
2014-09-10,56,33,23
2014-09-10,17,10,7
2014-09-10,8,7,1
2014-09-10,14,8,6
2014-09-10,15,10,5
2014-09-11,1,1,0
2014-09-11,8,6,2
2014-09-11,2,2,0
2014-09-11,0,0,0
2014-09-11,0,0,0
2014-09-11,7,2,5
2014-09-11,23,4,19
2014-09-11,36,6,30
2014-09-11,44,19,25
2014-09-11,28,14,14
2014-09-11,23,11,12
2014-09-11,13,6,7
2014-09-11,27,20,7
2014-09-11,25,15,10
2014-09-11,34,16,18
2014-09-11,30,18,12
2014-09-11,56,33,23
2014-09-11,77,47,30
2014-09-11,66,42,24
2014-09-11,42,25,17
2014-09-11,30,11,19
2014-09-11,12,6,6
2014-09-11,15,6,9
2014-09-11,15,7,8
2014-09-12,7,2,5
2014-09-12,2,0,2
2014-09-12,1,0,1
2014-09-12,0,0,0
2014-09-12,2,0,2
2014-09-12,7,1,6
2014-09-12,23,4,19
2014-09-12,38,13,25
2014-09-12,24,10,14
2014-09-12,32,11,21
2014-09-12,29,10,19
2014-09-12,15,7,8
2014-09-12,7,7,0
2014-09-12,24,10,14
2014-09-12,40,21,19
2014-09-12,33,22,11
2014-09-12,74,30,44
2014-09-12,84,52,32
2014-09-12,34,19,15
2014-09-12,47,23,24
2014-09-12,35,19,16
2014-09-12,22,9,13
2014-09-12,16,6,10
2014-09-12,30,11,19
2014-09-13,5,4,1
2014-09-13,11,0,11
2014-09-13,9,6,3
2014-09-13,3,3,0
2014-09-13,0,0,0
2014-09-13,7,4,3
2014-09-13,9,3,6
2014-09-13,3,2,1
2014-09-13,10,7,3
2014-09-13,13,9,4
2014-09-13,6,2,4
2014-09-13,15,9,6
2014-09-13,25,11,14
2014-09-13,23,17,6
2014-09-13,28,9,19
2014-09-13,23,16,7
2014-09-13,23,11,12
2014-09-13,33,9,24
2014-09-13,19,7,12
2014-09-13,19,10,9
2014-09-13,26,5,21
2014-09-13,15,7,8
2014-09-13,9,5,4
2014-09-13,15,12,3
2014-09-14,32,17,15
2014-09-14,6,3,3
2014-09-14,9,3,6
2014-09-14,1,1,0
2014-09-14,2,0,2
2014-09-14,2,2,0
2014-09-14,12,3,9
2014-09-14,5,5,0
2014-09-14,4,2,2
2014-09-14,12,5,7
2014-09-14,14,10,4
2014-09-14,42,18,24
2014-09-14,29,13,16
2014-09-14,26,11,15
2014-09-14,34,24,10
2014-09-14,31,14,17
2014-09-14,21,7,14
2014-09-14,27,14,13
2014-09-14,25,9,16
2014-09-14,28,12,16
2014-09-14,10,6,4
2014-09-14,16,6,10
2014-09-14,8,3,5
2014-09-14,8,4,4
2014-09-15,10,8,2
2014-09-15,4,0,4
2014-09-15,5,0,5
2014-09-15,4,0,4
2014-09-15,2,2,0
2014-09-15,5,0,5
2014-09-15,21,5,16
2014-09-15,38,11,27
2014-09-15,42,17,25
2014-09-15,48,20,28
2014-09-15,20,16,4
2014-09-15,18,5,13
2014-09-15,16,5,11
2014-09-15,51,24,27
2014-09-15,24,8,16
2014-09-15,29,20,9
2014-09-15,39,27,12
2014-09-15,88,54,34
2014-09-15,72,42,30
2014-09-15,43,22,21
2014-09-15,22,13,9
2014-09-15,25,15,10
2014-09-15,19,9,10
2014-09-15,9,9,0
2014-09-16,10,0,10
2014-09-16,1,0,1
2014-09-16,1,1,0
2014-09-16,0,0,0
2014-09-16,0,0,0
2014-09-16,1,0,1
2014-09-16,13,3,10
2014-09-16,41,9,32
2014-09-16,39,18,21
2014-09-16,36,18,18
2014-09-16,18,10,8
2014-09-16,9,3,6
2014-09-16,25,12,13
2014-09-16,28,14,14
2014-09-16,23,10,13
2014-09-16,42,20,22
2014-09-16,37,17,20
2014-09-16,95,46,49
2014-09-16,53,31,22
2014-09-16,58,30,28
2014-09-16,33,19,14
2014-09-16,20,8,12
2014-09-16,9,3,6
2014-09-16,19,11,8
2014-09-17,6,1,5
2014-09-17,9,0,9
2014-09-17,6,4,2
2014-09-17,0,0,0
2014-09-17,3,0,3
2014-09-17,15,2,13
2014-09-17,20,5,15
2014-09-17,51,22,29
2014-09-17,38,14,24
2014-09-17,33,17,16
2014-09-17,22,13,9
2014-09-17,30,8,22
2014-09-17,16,11,5
2014-09-17,45,16,29
2014-09-17,36,12,24
2014-09-17,35,16,19
2014-09-17,62,36,26
2014-09-17,94,45,49
2014-09-17,48,15,33
2014-09-17,41,27,14
2014-09-17,26,10,16
2014-09-17,22,10,12
2014-09-17,13,7,6
2014-09-17,15,6,9
2014-09-18,5,2,3
2014-09-18,2,0,2
2014-09-18,2,2,0
2014-09-18,0,0,0
2014-09-18,1,0,1
2014-09-18,12,2,10
2014-09-18,20,5,15
2014-09-18,31,9,22
2014-09-18,40,13,27
2014-09-18,21,12,9
2014-09-18,17,9,8
2014-09-18,14,4,10
2014-09-18,29,18,11
2014-09-18,26,12,14
2014-09-18,33,10,23
2014-09-18,29,14,15
2014-09-18,52,36,16
2014-09-18,48,21,27
2014-09-18,46,12,34
2014-09-18,39,16,23
2014-09-18,21,7,14
2014-09-18,18,13,5
2014-09-18,13,5,8
2014-09-18,14,10,4
2014-09-19,10,4,6
2014-09-19,2,0,2
2014-09-19,4,2,2
2014-09-19,0,0,0
2014-09-19,3,2,1
2014-09-19,7,2,5
2014-09-19,21,6,15
2014-09-19,39,11,28
2014-09-19,39,12,27
2014-09-19,32,10,22
2014-09-19,19,11,8
2014-09-19,29,15,14
2014-09-19,29,17,12
2014-09-19,39,16,23
2014-09-19,37,20,17
2014-09-19,51,26,25
2014-09-19,56,38,18
2014-09-19,81,38,43
2014-09-19,39,13,26
2014-09-19,33,14,19
2014-09-19,30,11,19
2014-09-19,22,11,11
2014-09-19,27,13,14
2014-09-19,24,19,5
2014-09-20,11,5,6
2014-09-20,12,2,10
2014-09-20,16,11,5
2014-09-20,2,0,2
2014-09-20,4,3,1
2014-09-20,3,2,1
2014-09-20,7,6,1
2014-09-20,9,3,6
2014-09-20,1,1,0
2014-09-20,11,5,6
2014-09-20,21,11,10
2014-09-20,22,14,8
2014-09-20,22,9,13
2014-09-20,14,7,7
2014-09-20,26,19,7
2014-09-20,33,21,12
2014-09-20,27,14,13
2014-09-20,20,12,8
2014-09-20,10,4,6
2014-09-20,32,20,12
2014-09-20,16,5,11
2014-09-20,23,6,17
2014-09-20,22,10,12
2014-09-20,42,19,23
2014-09-21,16,2,14
2014-09-21,18,13,5
2014-09-21,10,2,8
2014-09-21,6,3,3
2014-09-21,2,0,2
2014-09-21,2,0,2
2014-09-21,7,2,5
2014-09-21,4,0,4
2014-09-21,4,4,0
2014-09-21,13,3,10
2014-09-21,26,10,16
2014-09-21,31,10,21
2014-09-21,31,19,12
2014-09-21,57,26,31
2014-09-21,22,10,12
2014-09-21,36,17,19
2014-09-21,37,18,19
2014-09-21,41,24,17
2014-09-21,26,14,12
2014-09-21,16,4,12
2014-09-21,23,6,17
2014-09-21,16,4,12
2014-09-21,4,2,2
2014-09-21,4,2,2
2014-09-22,4,2,2
2014-09-22,4,0,4
2014-09-22,2,0,2
2014-09-22,0,0,0
2014-09-22,0,0,0
2014-09-22,9,0,9
2014-09-22,25,8,17
2014-09-22,30,13,17
2014-09-22,50,17,33
2014-09-22,37,13,24
2014-09-22,12,6,6
2014-09-22,18,5,13
2014-09-22,26,14,12
2014-09-22,33,11,22
2014-09-22,45,12,33
2014-09-22,58,30,28
2014-09-22,53,35,18
2014-09-22,85,55,30
2014-09-22,38,21,17
2014-09-22,32,14,18
2014-09-22,30,16,14
2014-09-22,20,5,15
2014-09-22,11,3,8
2014-09-22,13,13,0
2014-09-23,9,3,6
2014-09-23,0,0,0
2014-09-23,0,0,0
2014-09-23,0,0,0
2014-09-23,2,0,2
2014-09-23,7,0,7
2014-09-23,13,7,6
2014-09-23,41,17,24
2014-09-23,58,26,32
2014-09-23,30,17,13
2014-09-23,23,8,15
2014-09-23,33,11,22
2014-09-23,25,14,11
2014-09-23,31,10,21
2014-09-23,23,15,8
2014-09-23,39,17,22
2014-09-23,40,23,17
2014-09-23,98,44,54
2014-09-23,54,29,25
2014-09-23,24,10,14
2014-09-23,19,9,10
2014-09-23,14,5,9
2014-09-23,10,6,4
2014-09-23,7,3,4
2014-09-24,2,0,2
2014-09-24,0,0,0
2014-09-24,0,0,0
2014-09-24,0,0,0
2014-09-24,1,0,1
2014-09-24,14,2,12
2014-09-24,11,2,9
2014-09-24,31,15,16
2014-09-24,24,15,9
2014-09-24,18,5,13
2014-09-24,16,6,10
2014-09-24,10,1,9
2014-09-24,10,6,4
2014-09-24,18,4,14
2014-09-24,28,18,10
2014-09-24,35,19,16
2014-09-24,58,27,31
2014-09-24,69,38,31
2014-09-24,51,25,26
2014-09-24,39,14,25
2014-09-24,25,7,18
2014-09-24,17,7,10
2014-09-24,10,2,8
2014-09-24,8,6,2
2014-09-25,1,0,1
2014-09-25,5,2,3
2014-09-25,0,0,0
2014-09-25,0,0,0
2014-09-25,4,2,2
2014-09-25,9,4,5
2014-09-25,18,4,14
2014-09-25,46,16,30
2014-09-25,44,17,27
2014-09-25,86,39,47
2014-09-25,21,12,9
2014-09-25,33,19,14
2014-09-25,31,14,17
2014-09-25,29,17,12
2014-09-25,31,9,22
2014-09-25,45,24,21
2014-09-25,68,50,18
2014-09-25,66,32,34
2014-09-25,47,17,30
2014-09-25,33,14,19
2014-09-25,21,12,9
2014-09-25,15,3,12
2014-09-25,16,8,8
2014-09-25,8,6,2
2014-09-26,3,1,2
2014-09-26,2,2,0
2014-09-26,12,3,9
2014-09-26,2,2,0
2014-09-26,4,2,2
2014-09-26,8,2,6
2014-09-26,11,3,8
2014-09-26,37,18,19
2014-09-26,42,17,25
2014-09-26,33,21,12
2014-09-26,20,7,13
2014-09-26,19,13,6
2014-09-26,28,10,18
2014-09-26,41,23,18
2014-09-26,30,8,22
2014-09-26,31,18,13
2014-09-26,35,27,8
2014-09-26,66,36,30
2014-09-26,60,24,36
2014-09-26,33,17,16
2014-09-26,10,1,9
2014-09-26,15,10,5
2014-09-26,29,13,16
2014-09-26,20,3,17
2014-09-27,14,5,9
2014-09-27,15,3,12
2014-09-27,8,5,3
2014-09-27,5,1,4
2014-09-27,2,0,2
2014-09-27,8,2,6
2014-09-27,7,2,5
2014-09-27,19,15,4
2014-09-27,10,5,5
2014-09-27,11,5,6
2014-09-27,19,13,6
2014-09-27,16,6,10
2014-09-27,17,11,6
2014-09-27,37,14,23
2014-09-27,44,19,25
2014-09-27,37,25,12
2014-09-27,41,15,26
2014-09-27,58,17,41
2014-09-27,30,17,13
2014-09-27,16,10,6
2014-09-27,12,3,9
2014-09-27,9,4,5
2014-09-27,15,10,5
2014-09-27,19,9,10
2014-09-28,11,3,8
2014-09-28,7,5,2
2014-09-28,3,1,2
2014-09-28,7,3,4
2014-09-28,0,0,0
2014-09-28,2,0,2
2014-09-28,7,3,4
2014-09-28,10,2,8
2014-09-28,7,1,6
2014-09-28,10,6,4
2014-09-28,24,15,9
2014-09-28,20,7,13
2014-09-28,26,14,12
2014-09-28,31,9,22
2014-09-28,29,17,12
2014-09-28,18,12,6
2014-09-28,35,12,23
2014-09-28,23,9,14
2014-09-28,26,12,14
2014-09-28,34,9,25
2014-09-28,25,13,12
2014-09-28,15,9,6
2014-09-28,13,6,7
2014-09-28,15,6,9
2014-09-29,10,2,8
2014-09-29,2,0,2
2014-09-29,3,3,0
2014-09-29,0,0,0
2014-09-29,0,0,0
2014-09-29,12,2,10
2014-09-29,16,5,11
2014-09-29,39,13,26
2014-09-29,55,22,33
2014-09-29,24,9,15
2014-09-29,17,10,7
2014-09-29,25,8,17
2014-09-29,23,7,16
2014-09-29,29,16,13
2014-09-29,18,3,15
2014-09-29,48,23,25
2014-09-29,32,21,11
2014-09-29,80,38,42
2014-09-29,38,20,18
2014-09-29,35,13,22
2014-09-29,36,14,22
2014-09-29,5,1,4
2014-09-29,1,1,0
2014-09-29,5,3,2
2014-09-30,4,4,0
2014-09-30,2,0,2
2014-09-30,0,0,0
2014-09-30,0,0,0
2014-09-30,8,6,2
2014-09-30,11,0,11
2014-09-30,15,6,9
2014-09-30,35,20,15
2014-09-30,64,21,43
2014-09-30,34,16,18
2014-09-30,26,11,15
2014-09-30,24,11,13
2014-09-30,31,9,22
2014-09-30,45,24,21
2014-09-30,31,11,20
2014-09-30,28,12,16
2014-09-30,62,36,26
2014-09-30,97,60,37
2014-09-30,72,37,35
2014-09-30,52,26,26
2014-09-30,51,7,44
2014-09-30,35,13,22
2014-09-30,9,5,4
2014-09-30,15,5,10
2014-10-01,0,0,0
2014-10-01,2,0,2
2014-10-01,0,0,0
2014-10-01,2,2,0
2014-10-01,1,0,1
2014-10-01,7,3,4
2014-10-01,17,5,12
2014-10-01,46,17,29
2014-10-01,45,23,22
2014-10-01,34,11,23
2014-10-01,26,11,15
2014-10-01,20,8,12
2014-10-01,25,10,15
2014-10-01,20,4,16
2014-10-01,20,9,11
2014-10-01,23,7,16
2014-10-01,48,26,22
2014-10-01,53,29,24
2014-10-01,38,18,20
2014-10-01,17,9,8
2014-10-01,26,13,13
2014-10-01,17,12,5
2014-10-01,14,6,8
2014-10-01,8,5,3
2014-10-02,0,0,0
2014-10-02,0,0,0
2014-10-02,0,0,0
2014-10-02,1,0,1
2014-10-02,1,1,0
2014-10-02,5,2,3
2014-10-02,16,3,13
2014-10-02,30,14,16
2014-10-02,34,11,23
2014-10-02,9,5,4
2014-10-02,21,11,10
2014-10-02,23,8,15
2014-10-02,22,5,17
2014-10-02,29,14,15
2014-10-02,26,11,15
2014-10-02,23,10,13
2014-10-02,36,17,19
2014-10-02,53,31,22
2014-10-02,38,18,20
2014-10-02,27,11,16
2014-10-02,24,11,13
2014-10-02,17,5,12
2014-10-02,7,4,3
2014-10-02,8,4,4
2014-10-03,4,1,3
2014-10-03,1,0,1
2014-10-03,2,1,1
2014-10-03,0,0,0
2014-10-03,0,0,0
2014-10-03,9,2,7
2014-10-03,8,4,4
2014-10-03,21,11,10
2014-10-03,16,4,12
2014-10-03,16,6,10
2014-10-03,19,9,10
2014-10-03,19,6,13
2014-10-03,19,11,8
2014-10-03,28,9,19
2014-10-03,19,6,13
2014-10-03,27,10,17
2014-10-03,32,17,15
2014-10-03,41,28,13
2014-10-03,19,10,9
2014-10-03,19,9,10
2014-10-03,16,9,7
2014-10-03,12,4,8
2014-10-03,10,7,3
2014-10-03,15,5,10
2014-10-04,8,2,6
2014-10-04,6,0,6
2014-10-04,3,3,0
2014-10-04,2,2,0
2014-10-04,2,1,1
2014-10-04,2,1,1
2014-10-04,3,0,3
2014-10-04,8,3,5
2014-10-04,9,4,5
2014-10-04,6,4,2
2014-10-04,17,6,11
2014-10-04,11,5,6
2014-10-04,10,6,4
2014-10-04,22,14,8
2014-10-04,19,9,10
2014-10-04,12,5,7
2014-10-04,21,5,16
2014-10-04,15,11,4
2014-10-04,29,12,17
2014-10-04,17,8,9
2014-10-04,3,2,1
2014-10-04,8,4,4
2014-10-04,7,6,1
2014-10-04,19,8,11
2014-10-05,16,10,6
2014-10-05,6,3,3
2014-10-05,12,3,9
2014-10-05,3,0,3
2014-10-05,3,2,1
2014-10-05,1,1,0
2014-10-05,4,1,3
2014-10-05,4,1,3
2014-10-05,2,2,0
2014-10-05,6,4,2
2014-10-05,8,5,3
2014-10-05,13,6,7
2014-10-05,27,14,13
2014-10-05,27,17,10
2014-10-05,16,11,5
2014-10-05,25,13,12
2014-10-05,19,9,10
2014-10-05,29,15,14
2014-10-05,24,10,14
2014-10-05,9,5,4
2014-10-05,14,6,8
2014-10-05,13,3,10
2014-10-05,8,3,5
2014-10-05,7,3,4
2014-10-06,0,0,0
2014-10-06,1,0,1
2014-10-06,0,0,0
2014-10-06,0,0,0
2014-10-06,0,0,0
2014-10-06,5,1,4
2014-10-06,19,8,11
2014-10-06,27,10,17
2014-10-06,57,34,23
2014-10-06,25,16,9
2014-10-06,16,9,7
2014-10-06,24,15,9
2014-10-06,23,15,8
2014-10-06,42,24,18
2014-10-06,35,18,17
2014-10-06,38,28,10
2014-10-06,47,35,12
2014-10-06,92,71,21
2014-10-06,53,21,32
2014-10-06,34,19,15
2014-10-06,32,19,13
2014-10-06,22,12,10
2014-10-06,4,3,1
2014-10-06,13,9,4
2014-10-07,0,0,0
2014-10-07,6,0,6
2014-10-07,4,4,0
2014-10-07,0,0,0
2014-10-07,1,1,0
2014-10-07,8,2,6
2014-10-07,18,7,11
2014-10-07,38,22,16
2014-10-07,30,13,17
2014-10-07,29,22,7
2014-10-07,16,9,7
2014-10-07,18,3,15
2014-10-07,17,10,7
2014-10-07,21,12,9
2014-10-07,25,8,17
2014-10-07,27,14,13
2014-10-07,41,29,12
2014-10-07,55,40,15
2014-10-07,58,35,23
2014-10-07,20,9,11
2014-10-07,25,13,12
2014-10-07,12,6,6
2014-10-07,20,11,9
2014-10-07,8,5,3
2014-10-08,4,4,0
2014-10-08,1,0,1
2014-10-08,2,2,0
2014-10-08,1,0,1
2014-10-08,0,0,0
2014-10-08,5,2,3
2014-10-08,17,6,11
2014-10-08,33,13,20
2014-10-08,30,12,18
2014-10-08,22,11,11
2014-10-08,14,8,6
2014-10-08,29,16,13
2014-10-08,14,5,9
2014-10-08,30,19,11
2014-10-08,25,13,12
2014-10-08,32,19,13
2014-10-08,65,43,22
2014-10-08,59,42,17
2014-10-08,54,29,25
2014-10-08,28,15,13
2014-10-08,30,20,10
2014-10-08,12,6,6
2014-10-08,16,9,7
2014-10-08,8,6,2
2014-10-09,9,5,4
2014-10-09,1,0,1
2014-10-09,1,0,1
2014-10-09,1,0,1
2014-10-09,0,0,0
2014-10-09,8,2,6
2014-10-09,11,5,6
2014-10-09,33,16,17
2014-10-09,41,20,21
2014-10-09,33,22,11
2014-10-09,17,10,7
2014-10-09,34,20,14
2014-10-09,27,17,10
2014-10-09,26,17,9
2014-10-09,23,8,15
2014-10-09,28,13,15
2014-10-09,52,36,16
2014-10-09,45,29,16
2014-10-09,28,16,12
2014-10-09,42,30,12
2014-10-09,32,17,15
2014-10-09,26,21,5
2014-10-09,17,10,7
2014-10-09,7,4,3
2014-10-10,9,4,5
2014-10-10,2,2,0
2014-10-10,7,2,5
2014-10-10,0,0,0
2014-10-10,0,0,0
2014-10-10,4,1,3
2014-10-10,9,4,5
2014-10-10,33,14,19
2014-10-10,30,14,16
2014-10-10,29,12,17
2014-10-10,20,14,6
2014-10-10,19,9,10
2014-10-10,21,11,10
2014-10-10,15,6,9
2014-10-10,34,11,23
2014-10-10,30,24,6
2014-10-10,30,21,9
2014-10-10,55,35,20
2014-10-10,29,12,17
2014-10-10,22,14,8
2014-10-10,26,13,13
2014-10-10,17,5,12
2014-10-10,12,7,5
2014-10-10,13,9,4
2014-10-11,11,5,6
2014-10-11,4,2,2
2014-10-11,7,3,4
2014-10-11,2,0,2
2014-10-11,0,0,0
2014-10-11,5,1,4
2014-10-11,7,4,3
2014-10-11,11,3,8
2014-10-11,5,1,4
2014-10-11,15,9,6
2014-10-11,4,2,2
2014-10-11,13,9,4
2014-10-11,23,15,8
2014-10-11,10,4,6
2014-10-11,24,13,11
2014-10-11,37,27,10
2014-10-11,33,20,13
2014-10-11,16,11,5
2014-10-11,18,8,10
2014-10-11,13,8,5
2014-10-11,18,5,13
2014-10-11,12,5,7
2014-10-11,13,4,9
2014-10-11,6,4,2
2014-10-12,9,2,7
2014-10-12,9,4,5
2014-10-12,15,4,11
2014-10-12,3,1,2
2014-10-12,2,0,2
2014-10-12,7,3,4
2014-10-12,2,1,1
2014-10-12,9,5,4
2014-10-12,2,2,0
2014-10-12,5,3,2
2014-10-12,7,7,0
2014-10-12,13,3,10
2014-10-12,20,12,8
2014-10-12,18,8,10
2014-10-12,18,7,11
2014-10-12,20,13,7
2014-10-12,21,7,14
2014-10-12,14,9,5
2014-10-12,15,6,9
2014-10-12,16,8,8
2014-10-12,15,8,7
2014-10-12,7,4,3
2014-10-12,6,1,5
2014-10-12,3,0,3
2014-10-13,1,0,1
2014-10-13,1,0,1
2014-10-13,1,0,1
2014-10-13,0,0,0
2014-10-13,0,0,0
2014-10-13,6,2,4
2014-10-13,15,6,9
2014-10-13,21,7,14
2014-10-13,48,27,21
2014-10-13,28,13,15
2014-10-13,17,10,7
2014-10-13,17,13,4
2014-10-13,24,16,8
2014-10-13,31,15,16
2014-10-13,27,17,10
2014-10-13,30,14,16
2014-10-13,39,31,8
2014-10-13,46,30,16
2014-10-13,37,22,15
2014-10-13,22,12,10
2014-10-13,40,29,11
2014-10-13,10,5,5
2014-10-13,5,1,4
2014-10-13,10,6,4
2014-10-14,4,2,2
2014-10-14,1,1,0
2014-10-14,0,0,0
2014-10-14,0,0,0
2014-10-14,1,1,0
2014-10-14,4,0,4
2014-10-14,20,4,16
2014-10-14,31,11,20
2014-10-14,31,8,23
2014-10-14,17,9,8
2014-10-14,13,6,7
2014-10-14,20,10,10
2014-10-14,19,13,6
2014-10-14,23,16,7
2014-10-14,31,12,19
2014-10-14,23,12,11
2014-10-14,31,21,10
2014-10-14,48,32,16
2014-10-14,38,19,19
2014-10-14,43,22,21
2014-10-14,44,27,17
2014-10-14,20,12,8
2014-10-14,10,5,5
2014-10-14,13,4,9
2014-10-15,1,0,1
2014-10-15,4,2,2
2014-10-15,0,0,0
2014-10-15,0,0,0
2014-10-15,0,0,0
2014-10-15,3,1,2
2014-10-15,21,7,14
2014-10-15,34,9,25
2014-10-15,47,13,34
2014-10-15,22,8,14
2014-10-15,15,8,7
2014-10-15,25,14,11
2014-10-15,10,4,6
2014-10-15,22,5,17
2014-10-15,15,4,11
2014-10-15,21,8,13
2014-10-15,39,25,14
2014-10-15,43,26,17
2014-10-15,35,23,12
2014-10-15,20,18,2
2014-10-15,24,14,10
2014-10-15,15,5,10
2014-10-15,8,4,4
2014-10-15,7,5,2
2014-10-16,6,2,4
2014-10-16,0,0,0
2014-10-16,0,0,0
2014-10-16,0,0,0
2014-10-16,0,0,0
2014-10-16,2,1,1
2014-10-16,17,5,12
2014-10-16,24,11,13
2014-10-16,38,18,20
2014-10-16,19,10,9
2014-10-16,17,8,9
2014-10-16,21,6,15
2014-10-16,20,15,5
2014-10-16,27,13,14
2014-10-16,28,9,19
2014-10-16,32,22,10
2014-10-16,34,25,9
2014-10-16,51,33,18
2014-10-16,37,19,18
2014-10-16,27,14,13
2014-10-16,34,14,20
2014-10-16,13,9,4
2014-10-16,7,1,6
2014-10-16,7,4,3
2014-10-17,4,0,4
2014-10-17,1,0,1
2014-10-17,1,0,1
2014-10-17,0,0,0
2014-10-17,0,0,0
2014-10-17,3,1,2
2014-10-17,20,8,12
2014-10-17,37,13,24
2014-10-17,21,6,15
2014-10-17,22,10,12
2014-10-17,9,2,7
2014-10-17,13,4,9
2014-10-17,20,9,11
2014-10-17,21,9,12
2014-10-17,30,8,22
2014-10-17,29,11,18
2014-10-17,33,18,15
2014-10-17,53,24,29
2014-10-17,42,21,21
2014-10-17,17,8,9
2014-10-17,13,2,11
2014-10-17,18,12,6
2014-10-17,9,6,3
2014-10-17,21,13,8
2014-10-18,12,9,3
2014-10-18,5,1,4
2014-10-18,4,1,3
2014-10-18,1,0,1
2014-10-18,0,0,0
2014-10-18,2,2,0
2014-10-18,5,0,5
2014-10-18,9,7,2
2014-10-18,11,6,5
2014-10-18,8,1,7
2014-10-18,6,2,4
2014-10-18,10,6,4
2014-10-18,15,10,5
2014-10-18,12,8,4
2014-10-18,25,13,12
2014-10-18,15,9,6
2014-10-18,15,8,7
2014-10-18,16,1,15
2014-10-18,17,11,6
2014-10-18,22,15,7
2014-10-18,16,6,10
2014-10-18,10,8,2
2014-10-18,3,2,1
2014-10-18,8,3,5
2014-10-19,6,3,3
2014-10-19,7,1,6
2014-10-19,2,1,1
2014-10-19,1,0,1
2014-10-19,1,1,0
2014-10-19,4,0,4
2014-10-19,1,0,1
2014-10-19,13,8,5
2014-10-19,2,0,2
2014-10-19,5,3,2
2014-10-19,6,2,4
2014-10-19,16,8,8
2014-10-19,21,17,4
2014-10-19,26,11,15
2014-10-19,26,10,16
2014-10-19,27,16,11
2014-10-19,32,23,9
2014-10-19,24,16,8
2014-10-19,21,9,12
2014-10-19,13,8,5
2014-10-19,13,5,8
2014-10-19,10,7,3
2014-10-19,5,1,4
2014-10-19,8,4,4
2014-10-20,1,0,1
2014-10-20,7,3,4
2014-10-20,0,0,0
2014-10-20,0,0,0
2014-10-20,0,0,0
2014-10-20,6,1,5
2014-10-20,19,2,17
2014-10-20,26,7,19
2014-10-20,45,15,30
2014-10-20,23,3,20
2014-10-20,14,4,10
2014-10-20,15,7,8
2014-10-20,13,9,4
2014-10-20,28,8,20
2014-10-20,24,14,10
2014-10-20,30,22,8
2014-10-20,36,23,13
2014-10-20,44,18,26
2014-10-20,26,10,16
2014-10-20,25,13,12
2014-10-20,14,9,5
2014-10-20,20,10,10
2014-10-20,2,2,0
2014-10-20,7,6,1
2014-10-21,1,1,0
2014-10-21,0,0,0
2014-10-21,0,0,0
2014-10-21,2,2,0
2014-10-21,0,0,0
2014-10-21,9,2,7
2014-10-21,15,3,12
2014-10-21,35,14,21
2014-10-21,47,22,25
2014-10-21,16,6,10
2014-10-21,21,12,9
2014-10-21,19,11,8
2014-10-21,20,13,7
2014-10-21,24,15,9
2014-10-21,27,13,14
2014-10-21,18,8,10
2014-10-21,25,17,8
2014-10-21,47,29,18
2014-10-21,28,9,19
2014-10-21,24,17,7
2014-10-21,18,13,5
2014-10-21,13,3,10
2014-10-21,12,6,6
2014-10-21,9,1,8
2014-10-22,3,2,1
2014-10-22,2,0,2
2014-10-22,2,2,0
2014-10-22,1,1,0
2014-10-22,2,0,2
2014-10-22,3,1,2
2014-10-22,14,4,10
2014-10-22,38,11,27
2014-10-22,31,11,20
2014-10-22,28,11,17
2014-10-22,12,0,12
2014-10-22,15,9,6
2014-10-22,17,8,9
2014-10-22,19,7,12
2014-10-22,21,3,18
2014-10-22,12,2,10
2014-10-22,39,25,14
2014-10-22,45,29,16
2014-10-22,32,20,12
2014-10-22,15,8,7
2014-10-22,11,5,6
2014-10-22,10,8,2
2014-10-22,7,4,3
2014-10-22,10,4,6
2014-10-23,5,4,1
2014-10-23,0,0,0
2014-10-23,3,2,1
2014-10-23,2,2,0
2014-10-23,0,0,0
2014-10-23,7,0,7
2014-10-23,12,2,10
2014-10-23,36,17,19
2014-10-23,24,8,16
2014-10-23,24,11,13
2014-10-23,11,4,7
2014-10-23,20,7,13
2014-10-23,16,11,5
2014-10-23,27,14,13
2014-10-23,16,4,12
2014-10-23,21,8,13
2014-10-23,32,19,13
2014-10-23,55,33,22
2014-10-23,33,19,14
2014-10-23,38,17,21
2014-10-23,27,7,20
2014-10-23,9,4,5
2014-10-23,19,11,8
2014-10-23,4,2,2
2014-10-24,4,1,3
2014-10-24,2,0,2
2014-10-24,0,0,0
2014-10-24,0,0,0
2014-10-24,1,0,1
2014-10-24,5,2,3
2014-10-24,16,6,10
2014-10-24,28,10,18
2014-10-24,37,16,21
2014-10-24,30,10,20
2014-10-24,30,19,11
2014-10-24,26,5,21
2014-10-24,28,15,13
2014-10-24,20,10,10
2014-10-24,13,5,8
2014-10-24,23,10,13
2014-10-24,28,18,10
2014-10-24,45,32,13
2014-10-24,25,19,6
2014-10-24,13,6,7
2014-10-24,15,7,8
2014-10-24,3,2,1
2014-10-24,10,7,3
2014-10-24,17,8,9
2014-10-25,11,3,8
2014-10-25,6,6,0
2014-10-25,3,0,3
2014-10-25,0,0,0
2014-10-25,0,0,0
2014-10-25,1,1,0
2014-10-25,8,4,4
2014-10-25,5,3,2
2014-10-25,6,4,2
2014-10-25,6,5,1
2014-10-25,5,3,2
2014-10-25,11,4,7
2014-10-25,15,10,5
2014-10-25,21,6,15
2014-10-25,15,12,3
2014-10-25,2,0,2
2014-10-25,12,8,4
2014-10-25,15,4,11
2014-10-25,12,6,6
2014-10-25,9,0,9
2014-10-25,8,4,4
2014-10-25,3,2,1
2014-10-25,3,3,0
2014-10-25,4,3,1
2014-10-26,0,0,0
2014-10-26,6,3,3
2014-10-26,1,0,1
2014-10-26,0,0,0
2014-10-26,1,1,0
2014-10-26,2,2,0
2014-10-26,1,0,1
2014-10-26,2,2,0
2014-10-26,0,0,0
2014-10-26,0,0,0
2014-10-26,4,3,1
2014-10-26,9,2,7
2014-10-26,5,1,4
2014-10-26,16,9,7
2014-10-26,9,3,6
2014-10-26,5,0,5
2014-10-26,5,0,5
2014-10-26,14,0,14
2014-10-26,13,4,9
2014-10-26,10,2,8
2014-10-26,7,4,3
2014-10-26,1,0,1
2014-10-26,2,0,2
2014-10-26,3,0,3
2014-10-27,4,2,2
2014-10-27,0,0,0
2014-10-27,0,0,0
2014-10-27,0,0,0
2014-10-27,1,0,1
2014-10-27,4,0,4
2014-10-27,12,0,12
2014-10-27,24,6,18
2014-10-27,25,4,21
2014-10-27,18,2,16
2014-10-27,8,1,7
2014-10-27,14,2,12
2014-10-27,16,5,11
2014-10-27,12,0,12
2014-10-27,11,2,9
2014-10-27,26,9,17
2014-10-27,17,8,9
2014-10-27,22,6,16
2014-10-27,18,3,15
2014-10-27,9,4,5
2014-10-27,11,2,9
2014-10-27,8,3,5
2014-10-27,4,1,3
2014-10-27,5,0,5
2014-10-28,0,0,0
2014-10-28,0,0,0
2014-10-28,2,0,2
2014-10-28,0,0,0
2014-10-28,0,0,0
2014-10-28,2,0,2
2014-10-28,10,4,6
2014-10-28,12,7,5
2014-10-28,18,7,11
2014-10-28,11,3,8
2014-10-28,5,0,5
2014-10-28,2,0,2
2014-10-28,9,1,8
2014-10-28,11,5,6
2014-10-28,11,3,8
2014-10-28,12,2,10
2014-10-28,17,5,12
2014-10-28,15,2,13
2014-10-28,18,1,17
2014-10-28,8,3,5
2014-10-28,7,2,5
2014-10-28,10,6,4
2014-10-28,3,0,3
2014-10-28,5,2,3
2014-10-29,0,0,0
2014-10-29,4,1,3
2014-10-29,0,0,0
2014-10-29,1,0,1
2014-10-29,0,0,0
2014-10-29,2,0,2
2014-10-29,9,1,8
2014-10-29,14,1,13
2014-10-29,22,6,16
2014-10-29,15,4,11
2014-10-29,8,4,4
2014-10-29,8,1,7
2014-10-29,10,3,7
2014-10-29,22,3,19
2014-10-29,10,0,10
2014-10-29,14,4,10
2014-10-29,11,3,8
2014-10-29,18,7,11
2014-10-29,23,1,22
2014-10-29,8,1,7
2014-10-29,8,1,7
2014-10-29,4,0,4
2014-10-29,4,0,4
2014-10-29,7,0,7
2014-10-30,1,0,1
2014-10-30,2,0,2
2014-10-30,1,0,1
2014-10-30,4,2,2
2014-10-30,0,0,0
2014-10-30,4,0,4
2014-10-30,11,0,11
2014-10-30,10,2,8
2014-10-30,19,5,14
2014-10-30,10,2,8
2014-10-30,10,2,8
2014-10-30,9,4,5
2014-10-30,5,1,4
2014-10-30,14,5,9
2014-10-30,7,2,5
2014-10-30,13,5,8
2014-10-30,19,11,8
2014-10-30,22,10,12
2014-10-30,21,7,14
2014-10-30,5,2,3
2014-10-30,9,1,8
2014-10-30,8,2,6
2014-10-30,6,0,6
2014-10-30,4,2,2
2014-10-31,3,2,1
2014-10-31,4,0,4
2014-10-31,0,0,0
2014-10-31,0,0,0
2014-10-31,0,0,0
2014-10-31,3,0,3
2014-10-31,4,2,2
2014-10-31,12,2,10
2014-10-31,12,0,12
2014-10-31,16,4,12
2014-10-31,3,0,3
2014-10-31,9,0,9
2014-10-31,11,0,11
2014-10-31,14,6,8
2014-10-31,12,4,8
2014-10-31,9,0,9
2014-10-31,15,2,13
2014-10-31,23,2,21
2014-10-31,12,0,12
2014-10-31,9,3,6
2014-10-31,4,0,4
2014-10-31,3,0,3
2014-10-31,3,0,3
2014-10-31,29,13,16
2014-11-01,12,3,9
2014-11-01,7,0,7
2014-11-01,10,2,8
2014-11-01,1,0,1
2014-11-01,0,0,0
2014-11-01,5,0,5
2014-11-01,0,0,0
2014-11-01,4,2,2
2014-11-01,1,0,1
2014-11-01,2,0,2
2014-11-01,3,0,3
2014-11-01,4,0,4
2014-11-01,9,1,8
2014-11-01,2,0,2
2014-11-01,3,3,0
2014-11-01,9,0,9
2014-11-01,12,0,12
2014-11-01,19,0,19
2014-11-01,5,1,4
2014-11-01,8,2,6
2014-11-01,11,0,11
2014-11-01,1,0,1
2014-11-01,12,8,4
2014-11-01,6,2,4
2014-11-02,9,7,2
2014-11-02,9,0,9
2014-11-02,3,1,2
2014-11-02,0,0,0
2014-11-02,2,0,2
2014-11-02,2,0,2
2014-11-02,2,0,2
2014-11-02,3,0,3
2014-11-02,0,0,0
2014-11-02,2,0,2
2014-11-02,10,0,10
2014-11-02,5,1,4
2014-11-02,6,2,4
2014-11-02,9,0,9
2014-11-02,12,4,8
2014-11-02,8,2,6
2014-11-02,6,0,6
2014-11-02,12,3,9
2014-11-02,7,2,5
2014-11-02,8,0,8
2014-11-02,7,2,5
2014-11-02,7,4,3
2014-11-02,2,0,2
2014-11-02,4,0,4
2014-11-03,1,0,1
2014-11-03,0,0,0
2014-11-03,0,0,0
2014-11-03,2,2,0
2014-11-03,0,0,0
2014-11-03,6,0,6
2014-11-03,6,1,5
2014-11-03,14,2,12
2014-11-03,28,4,24
2014-11-03,12,4,8
2014-11-03,7,2,5
2014-11-03,8,2,6
2014-11-03,11,1,10
2014-11-03,18,0,18
2014-11-03,17,3,14
2014-11-03,17,5,12
2014-11-03,18,8,10
2014-11-03,49,29,20
2014-11-03,22,6,16
2014-11-03,17,13,4
2014-11-03,9,9,0
2014-11-03,14,5,9
2014-11-03,5,3,2
2014-11-03,3,1,2
2014-11-04,0,0,0
2014-11-04,9,2,7
2014-11-04,0,0,0
2014-11-04,0,0,0
2014-11-04,0,0,0
2014-11-04,3,0,3
2014-11-04,8,0,8
2014-11-04,13,6,7
2014-11-04,27,19,8
2014-11-04,17,11,6
2014-11-04,13,8,5
2014-11-04,19,8,11
2014-11-04,12,9,3
2014-11-04,19,5,14
2014-11-04,12,6,6
2014-11-04,21,9,12
2014-11-04,25,21,4
2014-11-04,40,36,4
2014-11-04,14,9,5
2014-11-04,10,10,0
2014-11-04,14,12,2
2014-11-04,5,3,2
2014-11-04,7,5,2
2014-11-04,9,2,7
2014-11-05,3,1,2
2014-11-05,1,1,0
2014-11-05,0,0,0
2014-11-05,2,2,0
2014-11-05,0,0,0
2014-11-05,1,1,0
2014-11-05,16,10,6
2014-11-05,11,9,2
2014-11-05,24,14,10
2014-11-05,23,16,7
2014-11-05,6,6,0
2014-11-05,22,16,6
2014-11-05,25,16,9
2014-11-05,14,8,6
2014-11-05,14,2,12
2014-11-05,18,4,14
2014-11-05,23,15,8
2014-11-05,29,22,7
2014-11-05,26,12,14
2014-11-05,20,3,17
2014-11-05,18,9,9
2014-11-05,20,8,12
2014-11-05,2,0,2
2014-11-05,2,0,2
2014-11-06,7,6,1
2014-11-06,0,0,0
2014-11-06,0,0,0
2014-11-06,2,2,0
2014-11-06,0,0,0
2014-11-06,6,0,6
2014-11-06,10,4,6
2014-11-06,22,8,14
2014-11-06,18,7,11
2014-11-06,14,10,4
2014-11-06,12,8,4
2014-11-06,15,8,7
2014-11-06,13,5,8
2014-11-06,12,4,8
2014-11-06,15,7,8
2014-11-06,24,16,8
2014-11-06,34,22,12
2014-11-06,27,19,8
2014-11-06,25,17,8
2014-11-06,22,16,6
2014-11-06,4,2,2
2014-11-06,12,8,4
2014-11-06,9,3,6
2014-11-06,8,5,3
2014-11-07,7,4,3
2014-11-07,0,0,0
2014-11-07,2,2,0
2014-11-07,3,3,0
2014-11-07,0,0,0
2014-11-07,3,2,1
2014-11-07,7,6,1
2014-11-07,33,18,15
2014-11-07,22,18,4
2014-11-07,21,12,9
2014-11-07,24,16,8
2014-11-07,17,7,10
2014-11-07,26,17,9
2014-11-07,25,14,11
2014-11-07,13,7,6
2014-11-07,18,8,10
2014-11-07,22,19,3
2014-11-07,28,13,15
2014-11-07,27,11,16
2014-11-07,21,10,11
2014-11-07,12,10,2
2014-11-07,5,3,2
2014-11-07,25,10,15
2014-11-07,11,7,4
2014-11-08,11,5,6
2014-11-08,9,7,2
2014-11-08,10,2,8
2014-11-08,2,2,0
2014-11-08,0,0,0
2014-11-08,2,2,0
2014-11-08,0,0,0
2014-11-08,4,0,4
2014-11-08,2,2,0
2014-11-08,6,5,1
2014-11-08,16,6,10
2014-11-08,17,7,10
2014-11-08,12,4,8
2014-11-08,23,11,12
2014-11-08,23,17,6
2014-11-08,16,6,10
2014-11-08,9,5,4
2014-11-08,17,6,11
2014-11-08,16,6,10
2014-11-08,19,17,2
2014-11-08,3,2,1
2014-11-08,7,2,5
2014-11-08,2,1,1
2014-11-08,3,2,1
2014-11-09,13,5,8
2014-11-09,5,5,0
2014-11-09,7,4,3
2014-11-09,0,0,0
2014-11-09,0,0,0
2014-11-09,2,2,0
2014-11-09,0,0,0
2014-11-09,5,2,3
2014-11-09,4,0,4
2014-11-09,2,2,0
2014-11-09,4,2,2
2014-11-09,11,4,7
2014-11-09,9,5,4
2014-11-09,17,6,11
2014-11-09,4,2,2
2014-11-09,10,4,6
2014-11-09,4,0,4
2014-11-09,15,7,8
2014-11-09,12,7,5
2014-11-09,6,0,6
2014-11-09,13,5,8
2014-11-09,10,10,0
2014-11-09,2,2,0
2014-11-09,0,0,0
2014-11-10,4,4,0
2014-11-10,0,0,0
2014-11-10,0,0,0
2014-11-10,1,1,0
2014-11-10,0,0,0
2014-11-10,4,2,2
2014-11-10,11,9,2
2014-11-10,27,17,10
2014-11-10,32,15,17
2014-11-10,22,15,7
2014-11-10,11,9,2
2014-11-10,6,4,2
2014-11-10,19,9,10
2014-11-10,23,10,13
2014-11-10,10,7,3
2014-11-10,13,7,6
2014-11-10,33,20,13
2014-11-10,38,24,14
2014-11-10,31,21,10
2014-11-10,15,9,6
2014-11-10,13,10,3
2014-11-10,7,2,5
2014-11-10,9,6,3
2014-11-10,2,2,0
2014-11-11,2,2,0
2014-11-11,3,0,3
2014-11-11,0,0,0
2014-11-11,0,0,0
2014-11-11,0,0,0
2014-11-11,2,0,2
2014-11-11,6,6,0
2014-11-11,10,8,2
2014-11-11,12,8,4
2014-11-11,15,13,2
2014-11-11,5,5,0
2014-11-11,13,6,7
2014-11-11,15,3,12
2014-11-11,5,4,1
2014-11-11,16,11,5
2014-11-11,10,7,3
2014-11-11,23,17,6
2014-11-11,25,11,14
2014-11-11,16,11,5
2014-11-11,11,5,6
2014-11-11,13,9,4
2014-11-11,13,9,4
2014-11-11,4,4,0
2014-11-11,1,1,0
2014-11-12,0,0,0
2014-11-12,0,0,0
2014-11-12,2,2,0
2014-11-12,2,2,0
2014-11-12,0,0,0
2014-11-12,0,0,0
2014-11-12,0,0,0
2014-11-12,0,0,0
2014-11-12,0,0,0
2014-11-12,15,15,0
2014-11-12,8,6,2
2014-11-12,2,2,0
2014-11-12,10,9,1
2014-11-12,8,5,3
2014-11-12,9,5,4
2014-11-12,15,7,8
2014-11-12,19,16,3
2014-11-12,29,25,4
2014-11-12,10,10,0
2014-11-12,16,9,7
2014-11-12,15,13,2
2014-11-12,10,7,3
2014-11-12,4,2,2
2014-11-12,2,2,0
2014-11-13,0,0,0
2014-11-13,0,0,0
2014-11-13,0,0,0
2014-11-13,0,0,0
2014-11-13,0,0,0
2014-11-13,0,0,0
2014-11-13,0,0,0
2014-11-13,16,16,0
2014-11-13,12,10,2
2014-11-13,15,8,7
2014-11-13,6,3,3
2014-11-13,13,8,5
2014-11-13,13,4,9
2014-11-13,10,2,8
2014-11-13,11,4,7
2014-11-13,17,12,5
2014-11-13,27,17,10
2014-11-13,35,30,5
2014-11-13,21,17,4
2014-11-13,7,5,2
2014-11-13,6,6,0
2014-11-13,1,1,0
2014-11-13,2,2,0
2014-11-13,2,2,0
2014-11-14,0,0,0
2014-11-14,2,2,0
2014-11-14,3,2,1
2014-11-14,0,0,0
2014-11-14,0,0,0
2014-11-14,0,0,0
2014-11-14,0,0,0
2014-11-14,0,0,0
2014-11-14,0,0,0
2014-11-14,10,6,4
2014-11-14,8,6,2
2014-11-14,9,5,4
2014-11-14,6,6,0
2014-11-14,9,9,0
2014-11-14,6,5,1
2014-11-14,16,10,6
2014-11-14,18,16,2
2014-11-14,37,26,11
2014-11-14,12,7,5
2014-11-14,13,11,2
2014-11-14,15,6,9
2014-11-14,1,1,0
2014-11-14,9,3,6
2014-11-14,7,2,5
2014-11-15,4,0,4
2014-11-15,9,5,4
2014-11-15,2,0,2
2014-11-15,3,2,1
2014-11-15,0,0,0
2014-11-15,0,0,0
2014-11-15,0,0,0
2014-11-15,0,0,0
2014-11-15,0,0,0
2014-11-15,0,0,0
2014-11-15,0,0,0
2014-11-15,2,2,0
2014-11-15,19,10,9
2014-11-15,11,3,8
2014-11-15,9,5,4
2014-11-15,11,7,4
2014-11-15,7,3,4
2014-11-15,6,2,4
2014-11-15,4,4,0
2014-11-15,13,9,4
2014-11-15,7,5,2
2014-11-15,4,4,0
2014-11-15,8,4,4
2014-11-15,7,6,1
2014-11-16,9,4,5
2014-11-16,2,0,2
2014-11-16,9,4,5
2014-11-16,1,0,1
2014-11-16,0,0,0
2014-11-16,0,0,0
2014-11-16,0,0,0
2014-11-16,0,0,0
2014-11-16,0,0,0
2014-11-16,2,2,0
2014-11-16,0,0,0
2014-11-16,2,0,2
2014-11-16,1,0,1
2014-11-16,12,5,7
2014-11-16,5,4,1
2014-11-16,3,2,1
2014-11-16,4,2,2
2014-11-16,10,8,2
2014-11-16,5,3,2
2014-11-16,10,4,6
2014-11-16,1,1,0
2014-11-16,0,0,0
2014-11-16,3,1,2
2014-11-16,3,2,1
2014-11-17,0,0,0
2014-11-17,0,0,0
2014-11-17,0,0,0
2014-11-17,1,1,0
2014-11-17,0,0,0
2014-11-17,2,2,0
2014-11-17,0,0,0
2014-11-17,0,0,0
2014-11-17,2,2,0
2014-11-17,13,12,1
2014-11-17,12,5,7
2014-11-17,16,8,8
2014-11-17,12,9,3
2014-11-17,11,6,5
2014-11-17,8,4,4
2014-11-17,20,16,4
2014-11-17,20,16,4
2014-11-17,45,43,2
2014-11-17,14,12,2
2014-11-17,25,16,9
2014-11-17,15,13,2
2014-11-17,11,3,8
2014-11-17,8,8,0
2014-11-17,4,2,2
2014-11-18,0,0,0
2014-11-18,1,0,1
2014-11-18,0,0,0
2014-11-18,0,0,0
2014-11-18,0,0,0
2014-11-18,0,0,0
2014-11-18,5,5,0
2014-11-18,9,7,2
2014-11-18,19,15,4
2014-11-18,12,10,2
2014-11-18,4,0,4
2014-11-18,8,6,2
2014-11-18,17,5,12
2014-11-18,10,4,6
2014-11-18,12,5,7
2014-11-18,14,4,10
2014-11-18,18,14,4
2014-11-18,49,28,21
2014-11-18,40,30,10
2014-11-18,25,16,9
2014-11-18,14,8,6
2014-11-18,8,4,4
2014-11-18,0,0,0
2014-11-18,3,3,0
2014-11-19,3,2,1
2014-11-19,4,0,4
2014-11-19,0,0,0
2014-11-19,0,0,0
2014-11-19,0,0,0
2014-11-19,2,2,0
2014-11-19,8,4,4
2014-11-19,19,9,10
2014-11-19,10,5,5
2014-11-19,17,12,5
2014-11-19,9,7,2
2014-11-19,9,6,3
2014-11-19,14,6,8
2014-11-19,25,5,20
2014-11-19,17,5,12
2014-11-19,32,16,16
2014-11-19,16,8,8
2014-11-19,22,21,1
2014-11-19,16,9,7
2014-11-19,18,15,3
2014-11-19,10,8,2
2014-11-19,2,2,0
2014-11-19,5,1,4
2014-11-19,3,3,0
2014-11-20,0,0,0
2014-11-20,1,0,1
2014-11-20,0,0,0
2014-11-20,2,0,2
2014-11-20,0,0,0
2014-11-20,6,0,6
2014-11-20,4,2,2
2014-11-20,14,8,6
2014-11-20,13,10,3
2014-11-20,13,11,2
2014-11-20,7,5,2
2014-11-20,13,10,3
2014-11-20,16,12,4
2014-11-20,16,9,7
2014-11-20,22,3,19
2014-11-20,16,4,12
2014-11-20,22,18,4
2014-11-20,26,17,9
2014-11-20,36,20,16
2014-11-20,34,20,14
2014-11-20,7,4,3
2014-11-20,8,7,1
2014-11-20,2,2,0
2014-11-20,13,10,3
2014-11-21,3,0,3
2014-11-21,1,0,1
2014-11-21,2,0,2
2014-11-21,0,0,0
2014-11-21,0,0,0
2014-11-21,0,0,0
2014-11-21,5,4,1
2014-11-21,5,2,3
2014-11-21,16,4,12
2014-11-21,16,8,8
2014-11-21,7,2,5
2014-11-21,19,8,11
2014-11-21,10,2,8
2014-11-21,16,4,12
2014-11-21,14,2,12
2014-11-21,19,7,12
2014-11-21,16,15,1
2014-11-21,20,12,8
2014-11-21,15,6,9
2014-11-21,4,2,2
2014-11-21,5,5,0
2014-11-21,5,2,3
2014-11-21,2,2,0
2014-11-21,3,3,0
2014-11-22,10,5,5
2014-11-22,10,4,6
2014-11-22,0,0,0
2014-11-22,0,0,0
2014-11-22,0,0,0
2014-11-22,2,0,2
2014-11-22,3,0,3
2014-11-22,0,0,0
2014-11-22,0,0,0
2014-11-22,2,2,0
2014-11-22,2,2,0
2014-11-22,7,2,5
2014-11-22,10,6,4
2014-11-22,15,2,13
2014-11-22,16,12,4
2014-11-22,2,2,0
2014-11-22,7,2,5
2014-11-22,10,6,4
2014-11-22,12,11,1
2014-11-22,5,3,2
2014-11-22,7,2,5
2014-11-22,6,4,2
2014-11-22,0,0,0
2014-11-22,9,4,5
2014-11-23,4,0,4
2014-11-23,11,4,7
2014-11-23,4,4,0
2014-11-23,0,0,0
2014-11-23,0,0,0
2014-11-23,0,0,0
2014-11-23,0,0,0
2014-11-23,2,0,2
2014-11-23,0,0,0
2014-11-23,0,0,0
2014-11-23,0,0,0
2014-11-23,0,0,0
2014-11-23,12,10,2
2014-11-23,23,7,16
2014-11-23,4,2,2
2014-11-23,2,2,0
2014-11-23,8,6,2
2014-11-23,10,8,2
2014-11-23,14,14,0
2014-11-23,4,2,2
2014-11-23,6,6,0
2014-11-23,2,2,0
2014-11-23,4,1,3
2014-11-23,4,2,2
2014-11-24,0,0,0
2014-11-24,0,0,0
2014-11-24,3,2,1
2014-11-24,0,0,0
2014-11-24,2,0,2
2014-11-24,2,2,0
2014-11-24,3,3,0
2014-11-24,4,0,4
2014-11-24,5,4,1
2014-11-24,4,3,1
2014-11-24,8,6,2
2014-11-24,4,3,1
2014-11-24,2,0,2
2014-11-24,16,2,14
2014-11-24,8,4,4
2014-11-24,11,7,4
2014-11-24,21,14,7
2014-11-24,32,30,2
2014-11-24,47,29,18
2014-11-24,15,8,7
2014-11-24,9,6,3
2014-11-24,15,9,6
2014-11-24,18,10,8
2014-11-24,33,20,13
2014-11-25,3,1,2
2014-11-25,2,0,2
2014-11-25,2,0,2
2014-11-25,0,0,0
2014-11-25,0,0,0
2014-11-25,3,1,2
2014-11-25,6,4,2
2014-11-25,22,7,15
2014-11-25,14,7,7
2014-11-25,4,2,2
2014-11-25,8,6,2
2014-11-25,9,3,6
2014-11-25,16,10,6
2014-11-25,12,9,3
2014-11-25,8,2,6
2014-11-25,7,3,4
2014-11-25,15,11,4
2014-11-25,20,15,5
2014-11-25,17,11,6
2014-11-25,15,11,4
2014-11-25,9,5,4
2014-11-25,5,3,2
2014-11-25,2,0,2
2014-11-25,2,0,2
2014-11-26,0,0,0
2014-11-26,2,2,0
2014-11-26,3,3,0
2014-11-26,0,0,0
2014-11-26,0,0,0
2014-11-26,2,1,1
2014-11-26,6,4,2
2014-11-26,10,6,4
2014-11-26,26,12,14
2014-11-26,14,6,8
2014-11-26,8,4,4
2014-11-26,17,7,10
2014-11-26,24,8,16
2014-11-26,20,7,13
2014-11-26,15,2,13
2014-11-26,22,12,10
2014-11-26,16,8,8
2014-11-26,23,17,6
2014-11-26,19,5,14
2014-11-26,8,4,4
2014-11-26,8,4,4
2014-11-26,6,1,5
2014-11-26,0,0,0
2014-11-26,5,3,2
2014-11-27,4,0,4
2014-11-27,10,4,6
2014-11-27,3,1,2
2014-11-27,0,0,0
2014-11-27,2,0,2
2014-11-27,4,2,2
2014-11-27,2,0,2
2014-11-27,0,0,0
2014-11-27,5,3,2
2014-11-27,9,4,5
2014-11-27,2,2,0
2014-11-27,1,0,1
2014-11-27,5,4,1
2014-11-27,14,6,8
2014-11-27,1,1,0
2014-11-27,1,1,0
2014-11-27,1,1,0
2014-11-27,0,0,0
2014-11-27,2,2,0
2014-11-27,4,4,0
2014-11-27,0,0,0
2014-11-27,0,0,0
2014-11-27,0,0,0
2014-11-27,4,4,0
2014-11-28,0,0,0
2014-11-28,0,0,0
2014-11-28,0,0,0
2014-11-28,0,0,0
2014-11-28,0,0,0
2014-11-28,2,0,2
2014-11-28,2,0,2
2014-11-28,4,0,4
2014-11-28,4,4,0
2014-11-28,4,4,0
2014-11-28,0,0,0
2014-11-28,4,4,0
2014-11-28,4,2,2
2014-11-28,5,0,5
2014-11-28,8,4,4
2014-11-28,4,2,2
2014-11-28,12,8,4
2014-11-28,5,4,1
2014-11-28,7,7,0
2014-11-28,2,2,0
2014-11-28,0,0,0
2014-11-28,13,4,9
2014-11-28,0,0,0
2014-11-28,4,3,1
2014-11-29,4,2,2
2014-11-29,0,0,0
2014-11-29,0,0,0
2014-11-29,0,0,0
2014-11-29,0,0,0
2014-11-29,1,1,0
2014-11-29,0,0,0
2014-11-29,0,0,0
2014-11-29,2,2,0
2014-11-29,0,0,0
2014-11-29,4,4,0
2014-11-29,2,2,0
2014-11-29,5,5,0
2014-11-29,7,7,0
2014-11-29,4,2,2
2014-11-29,10,8,2
2014-11-29,6,4,2
2014-11-29,3,3,0
2014-11-29,0,0,0
2014-11-29,0,0,0
2014-11-29,0,0,0
2014-11-29,0,0,0
2014-11-29,0,0,0
2014-11-29,0,0,0
2014-11-30,1,1,0
2014-11-30,0,0,0
2014-11-30,0,0,0
2014-11-30,0,0,0
2014-11-30,0,0,0
2014-11-30,0,0,0
2014-11-30,0,0,0
2014-11-30,0,0,0
2014-11-30,0,0,0
2014-11-30,0,0,0
2014-11-30,0,0,0
2014-11-30,0,0,0
2014-11-30,0,0,0
2014-11-30,0,0,0
2014-11-30,0,0,0
2014-11-30,1,0,1
2014-11-30,0,0,0
2014-11-30,0,0,0
2014-11-30,0,0,0
2014-11-30,0,0,0
2014-11-30,0,0,0
2014-11-30,0,0,0
2014-11-30,0,0,0
2014-11-30,0,0,0
2014-12-01,0,0,0
2014-12-01,0,0,0
2014-12-01,0,0,0
2014-12-01,0,0,0
2014-12-01,0,0,0
2014-12-01,0,0,0
2014-12-01,0,0,0
2014-12-01,0,0,0
2014-12-01,0,0,0
2014-12-01,0,0,0
2014-12-01,0,0,0
2014-12-01,0,0,0
2014-12-01,0,0,0
2014-12-01,0,0,0
2014-12-01,8,8,0
2014-12-01,14,10,4
2014-12-01,12,12,0
2014-12-01,8,8,0
2014-12-01,0,0,0
2014-12-01,0,0,0
2014-12-01,0,0,0
2014-12-01,0,0,0
2014-12-01,0,0,0
2014-12-01,0,0,0
2014-12-02,0,0,0
2014-12-02,0,0,0
2014-12-02,0,0,0
2014-12-02,0,0,0
2014-12-02,0,0,0
2014-12-02,0,0,0
2014-12-02,0,0,0
2014-12-02,0,0,0
2014-12-02,0,0,0
2014-12-02,0,0,0
2014-12-02,0,0,0
2014-12-02,0,0,0
2014-12-02,4,2,2
2014-12-02,11,5,6
2014-12-02,4,4,0
2014-12-02,13,8,5
2014-12-02,28,22,6
2014-12-02,41,27,14
2014-12-02,14,10,4
2014-12-02,18,9,9
2014-12-02,6,5,1
2014-12-02,2,0,2
2014-12-02,2,2,0
2014-12-02,7,4,3
2014-12-03,2,0,2
2014-12-03,0,0,0
2014-12-03,0,0,0
2014-12-03,0,0,0
2014-12-03,0,0,0
2014-12-03,3,1,2
2014-12-03,4,2,2
2014-12-03,7,5,2
2014-12-03,22,20,2
2014-12-03,6,6,0
2014-12-03,8,6,2
2014-12-03,12,6,6
2014-12-03,14,8,6
2014-12-03,16,8,8
2014-12-03,14,7,7
2014-12-03,8,4,4
2014-12-03,16,12,4
2014-12-03,20,16,4
2014-12-03,8,6,2
2014-12-03,23,13,10
2014-12-03,3,3,0
2014-12-03,2,2,0
2014-12-03,6,0,6
2014-12-03,4,3,1
2014-12-04,0,0,0
2014-12-04,2,2,0
2014-12-04,6,3,3
2014-12-04,0,0,0
2014-12-04,2,0,2
2014-12-04,1,1,0
2014-12-04,10,4,6
2014-12-04,20,8,12
2014-12-04,20,10,10
2014-12-04,17,10,7
2014-12-04,6,4,2
2014-12-04,18,9,9
2014-12-04,19,10,9
2014-12-04,8,2,6
2014-12-04,8,8,0
2014-12-04,14,2,12
2014-12-04,41,29,12
2014-12-04,23,19,4
2014-12-04,21,20,1
2014-12-04,15,15,0
2014-12-04,25,15,10
2014-12-04,17,9,8
2014-12-04,2,2,0
2014-12-04,4,0,4
2014-12-05,0,0,0
2014-12-05,1,0,1
2014-12-05,2,0,2
2014-12-05,0,0,0
2014-12-05,2,2,0
2014-12-05,2,2,0
2014-12-05,7,5,2
2014-12-05,23,10,13
2014-12-05,22,10,12
2014-12-05,21,10,11
2014-12-05,5,1,4
2014-12-05,11,8,3
2014-12-05,10,5,5
2014-12-05,8,8,0
2014-12-05,7,3,4
2014-12-05,17,16,1
2014-12-05,22,13,9
2014-12-05,41,27,14
2014-12-05,18,9,9
2014-12-05,21,5,16
2014-12-05,9,6,3
2014-12-05,8,1,7
2014-12-05,8,1,7
2014-12-05,7,0,7
2014-12-06,7,4,3
2014-12-06,5,2,3
2014-12-06,10,4,6
2014-12-06,2,0,2
2014-12-06,0,0,0
2014-12-06,2,1,1
2014-12-06,1,1,0
2014-12-06,0,0,0
2014-12-06,3,2,1
2014-12-06,6,6,0
2014-12-06,3,2,1
2014-12-06,7,5,2
2014-12-06,15,10,5
2014-12-06,14,4,10
2014-12-06,1,1,0
2014-12-06,2,2,0
2014-12-06,13,7,6
2014-12-06,23,4,19
2014-12-06,17,7,10
2014-12-06,12,8,4
2014-12-06,4,1,3
2014-12-06,3,2,1
2014-12-06,9,6,3
2014-12-06,12,9,3
2014-12-07,3,1,2
2014-12-07,0,0,0
2014-12-07,7,4,3
2014-12-07,0,0,0
2014-12-07,0,0,0
2014-12-07,2,0,2
2014-12-07,0,0,0
2014-12-07,0,0,0
2014-12-07,0,0,0
2014-12-07,0,0,0
2014-12-07,6,2,4
2014-12-07,6,4,2
2014-12-07,11,3,8
2014-12-07,8,2,6
2014-12-07,8,3,5
2014-12-07,13,5,8
2014-12-07,19,11,8
2014-12-07,24,13,11
2014-12-07,5,4,1
2014-12-07,14,12,2
2014-12-07,5,4,1
2014-12-07,4,3,1
2014-12-07,8,3,5
2014-12-07,0,0,0
2014-12-08,2,0,2
2014-12-08,2,0,2
2014-12-08,0,0,0
2014-12-08,0,0,0
2014-12-08,0,0,0
2014-12-08,2,2,0
2014-12-08,16,6,10
2014-12-08,13,3,10
2014-12-08,39,13,26
2014-12-08,22,9,13
2014-12-08,16,8,8
2014-12-08,19,4,15
2014-12-08,15,7,8
2014-12-08,8,2,6
2014-12-08,4,1,3
2014-12-08,18,12,6
2014-12-08,16,14,2
2014-12-08,44,28,16
2014-12-08,27,11,16
2014-12-08,9,5,4
2014-12-08,3,1,2
2014-12-08,0,0,0
2014-12-08,3,1,2
2014-12-08,7,4,3
2014-12-09,6,4,2
2014-12-09,0,0,0
2014-12-09,0,0,0
2014-12-09,0,0,0
2014-12-09,2,0,2
2014-12-09,2,2,0
2014-12-09,7,3,4
2014-12-09,11,5,6
2014-12-09,20,8,12
2014-12-09,4,2,2
2014-12-09,11,1,10
2014-12-09,8,2,6
2014-12-09,3,3,0
2014-12-09,13,5,8
2014-12-09,19,4,15
2014-12-09,16,6,10
2014-12-09,24,5,19
2014-12-09,25,11,14
2014-12-09,19,4,15
2014-12-09,7,4,3
2014-12-09,14,8,6
2014-12-09,14,2,12
2014-12-09,3,2,1
2014-12-09,0,0,0
2014-12-10,0,0,0
2014-12-10,0,0,0
2014-12-10,0,0,0
2014-12-10,0,0,0
2014-12-10,0,0,0
2014-12-10,1,1,0
2014-12-10,7,4,3
2014-12-10,16,5,11
2014-12-10,39,10,29
2014-12-10,10,5,5
2014-12-10,7,7,0
2014-12-10,19,4,15
2014-12-10,10,2,8
2014-12-10,8,2,6
2014-12-10,1,0,1
2014-12-10,5,2,3
2014-12-10,22,12,10
2014-12-10,31,8,23
2014-12-10,16,8,8
2014-12-10,19,11,8
2014-12-10,9,2,7
2014-12-10,2,2,0
2014-12-10,8,6,2
2014-12-10,3,1,2
2014-12-11,0,0,0
2014-12-11,0,0,0
2014-12-11,2,0,2
2014-12-11,0,0,0
2014-12-11,0,0,0
2014-12-11,2,0,2
2014-12-11,9,2,7
2014-12-11,10,6,4
2014-12-11,20,10,10
2014-12-11,7,5,2
2014-12-11,7,3,4
2014-12-11,5,2,3
2014-12-11,8,4,4
2014-12-11,4,0,4
2014-12-11,7,1,6
2014-12-11,1,1,0
2014-12-11,18,6,12
2014-12-11,27,24,3
2014-12-11,29,10,19
2014-12-11,11,6,5
2014-12-11,15,4,11
2014-12-11,10,2,8
2014-12-11,6,0,6
2014-12-11,3,3,0
2014-12-12,0,0,0
2014-12-12,3,2,1
2014-12-12,0,0,0
2014-12-12,0,0,0
2014-12-12,0,0,0
2014-12-12,2,2,0
2014-12-12,2,2,0
2014-12-12,6,2,4
2014-12-12,2,2,0
2014-12-12,7,5,2
2014-12-12,4,3,1
2014-12-12,9,4,5
2014-12-12,11,4,7
2014-12-12,18,3,15
2014-12-12,7,3,4
2014-12-12,7,4,3
2014-12-12,24,13,11
2014-12-12,42,16,26
2014-12-12,29,11,18
2014-12-12,8,2,6
2014-12-12,15,11,4
2014-12-12,6,2,4
2014-12-12,9,7,2
2014-12-12,4,4,0
2014-12-13,4,2,2
2014-12-13,2,2,0
2014-12-13,3,0,3
2014-12-13,0,0,0
2014-12-13,0,0,0
2014-12-13,0,0,0
2014-12-13,0,0,0
2014-12-13,0,0,0
2014-12-13,2,0,2
2014-12-13,0,0,0
2014-12-13,0,0,0
2014-12-13,0,0,0
2014-12-13,2,2,0
2014-12-13,6,2,4
2014-12-13,6,4,2
2014-12-13,6,1,5
2014-12-13,15,8,7
2014-12-13,14,3,11
2014-12-13,6,4,2
2014-12-13,0,0,0
2014-12-13,5,0,5
2014-12-13,9,2,7
2014-12-13,2,0,2
2014-12-13,6,4,2
2014-12-14,1,1,0
2014-12-14,3,0,3
2014-12-14,5,1,4
2014-12-14,2,0,2
2014-12-14,0,0,0
2014-12-14,0,0,0
2014-12-14,2,0,2
2014-12-14,2,0,2
2014-12-14,0,0,0
2014-12-14,0,0,0
2014-12-14,2,2,0
2014-12-14,4,2,2
2014-12-14,15,6,9
2014-12-14,10,0,10
2014-12-14,4,2,2
2014-12-14,4,2,2
2014-12-14,10,6,4
2014-12-14,15,11,4
2014-12-14,16,7,9
2014-12-14,3,3,0
2014-12-14,4,2,2
2014-12-14,4,0,4
2014-12-14,5,2,3
2014-12-14,6,2,4
2014-12-15,4,1,3
2014-12-15,0,0,0
2014-12-15,0,0,0
2014-12-15,0,0,0
2014-12-15,0,0,0
2014-12-15,0,0,0
2014-12-15,4,2,2
2014-12-15,9,7,2
2014-12-15,11,6,5
2014-12-15,11,9,2
2014-12-15,6,2,4
2014-12-15,6,6,0
2014-12-15,11,1,10
2014-12-15,9,4,5
2014-12-15,10,2,8
2014-12-15,8,2,6
2014-12-15,5,2,3
2014-12-15,17,15,2
2014-12-15,4,2,2
2014-12-15,8,6,2
2014-12-15,9,6,3
2014-12-15,1,1,0
2014-12-15,4,2,2
2014-12-15,0,0,0
2014-12-16,1,0,1
2014-12-16,0,0,0
2014-12-16,0,0,0
2014-12-16,0,0,0
2014-12-16,0,0,0
2014-12-16,0,0,0
2014-12-16,11,8,3
2014-12-16,7,2,5
2014-12-16,12,11,1
2014-12-16,4,3,1
2014-12-16,6,3,3
2014-12-16,6,4,2
2014-12-16,12,2,10
2014-12-16,11,6,5
2014-12-16,7,0,7
2014-12-16,5,1,4
2014-12-16,10,6,4
2014-12-16,31,16,15
2014-12-16,37,15,22
2014-12-16,12,4,8
2014-12-16,11,5,6
2014-12-16,0,0,0
2014-12-16,2,2,0
2014-12-16,0,0,0
2014-12-17,0,0,0
2014-12-17,0,0,0
2014-12-17,0,0,0
2014-12-17,0,0,0
2014-12-17,0,0,0
2014-12-17,0,0,0
2014-12-17,2,0,2
2014-12-17,8,2,6
2014-12-17,3,0,3
2014-12-17,4,2,2
2014-12-17,5,0,5
2014-12-17,7,4,3
2014-12-17,11,7,4
2014-12-17,14,1,13
2014-12-17,7,2,5
2014-12-17,11,4,7
2014-12-17,14,5,9
2014-12-17,48,14,34
2014-12-17,12,10,2
2014-12-17,5,2,3
2014-12-17,2,2,0
2014-12-17,2,0,2
2014-12-17,0,0,0
2014-12-17,0,0,0
2014-12-18,0,0,0
2014-12-18,0,0,0
2014-12-18,0,0,0
2014-12-18,0,0,0
2014-12-18,0,0,0
2014-12-18,0,0,0
2014-12-18,0,0,0
2014-12-18,6,2,4
2014-12-18,9,4,5
2014-12-18,10,6,4
2014-12-18,4,2,2
2014-12-18,4,2,2
2014-12-18,9,3,6
2014-12-18,18,3,15
2014-12-18,4,4,0
2014-12-18,1,0,1
2014-12-18,9,7,2
2014-12-18,12,7,5
2014-12-18,10,4,6
2014-12-18,7,7,0
2014-12-18,8,4,4
2014-12-18,5,2,3
2014-12-18,6,0,6
2014-12-18,2,0,2
2014-12-19,0,0,0
2014-12-19,0,0,0
2014-12-19,2,0,2
2014-12-19,0,0,0
2014-12-19,0,0,0
2014-12-19,4,2,2
2014-12-19,2,2,0
2014-12-19,22,9,13
2014-12-19,9,1,8
2014-12-19,10,10,0
2014-12-19,2,0,2
2014-12-19,8,4,4
2014-12-19,14,1,13
2014-12-19,7,4,3
2014-12-19,17,3,14
2014-12-19,17,9,8
2014-12-19,19,11,8
2014-12-19,23,6,17
2014-12-19,15,4,11
2014-12-19,3,2,1
2014-12-19,7,5,2
2014-12-19,7,4,3
2014-12-19,4,0,4
2014-12-19,11,5,6
2014-12-20,1,1,0
2014-12-20,6,5,1
2014-12-20,1,0,1
2014-12-20,1,0,1
2014-12-20,0,0,0
2014-12-20,1,0,1
2014-12-20,3,0,3
2014-12-20,8,0,8
2014-12-20,2,0,2
2014-12-20,2,0,2
2014-12-20,3,0,3
2014-12-20,14,8,6
2014-12-20,2,0,2
2014-12-20,8,0,8
2014-12-20,8,0,8
2014-12-20,10,4,6
2014-12-20,8,2,6
2014-12-20,10,2,8
2014-12-20,0,0,0
2014-12-20,4,0,4
2014-12-20,6,0,6
2014-12-20,4,0,4
2014-12-20,8,0,8
2014-12-20,0,0,0
2014-12-21,10,0,10
2014-12-21,5,0,5
2014-12-21,2,0,2
2014-12-21,0,0,0
2014-12-21,1,0,1
2014-12-21,0,0,0
2014-12-21,2,2,0
2014-12-21,0,0,0
2014-12-21,2,0,2
2014-12-21,0,0,0
2014-12-21,2,0,2
2014-12-21,6,2,4
2014-12-21,2,2,0
2014-12-21,14,7,7
2014-12-21,12,2,10
2014-12-21,4,0,4
2014-12-21,14,4,10
2014-12-21,8,4,4
2014-12-21,4,0,4
2014-12-21,12,4,8
2014-12-21,10,2,8
2014-12-21,2,0,2
2014-12-21,6,0,6
2014-12-21,2,2,0
2014-12-22,1,1,0
2014-12-22,0,0,0
2014-12-22,0,0,0
2014-12-22,0,0,0
2014-12-22,2,0,2
2014-12-22,2,0,2
2014-12-22,7,4,3
2014-12-22,2,0,2
2014-12-22,14,10,4
2014-12-22,11,9,2
2014-12-22,0,0,0
2014-12-22,4,2,2
2014-12-22,8,1,7
2014-12-22,11,3,8
2014-12-22,5,1,4
2014-12-22,9,7,2
2014-12-22,15,3,12
2014-12-22,11,10,1
2014-12-22,8,6,2
2014-12-22,5,3,2
2014-12-22,4,0,4
2014-12-22,3,1,2
2014-12-22,0,0,0
2014-12-22,3,3,0
2014-12-23,3,1,2
2014-12-23,0,0,0
2014-12-23,0,0,0
2014-12-23,0,0,0
2014-12-23,0,0,0
2014-12-23,4,0,4
2014-12-23,4,2,2
2014-12-23,5,2,3
2014-12-23,4,4,0
2014-12-23,8,8,0
2014-12-23,7,3,4
2014-12-23,7,3,4
2014-12-23,11,5,6
2014-12-23,14,7,7
2014-12-23,10,6,4
2014-12-23,7,3,4
2014-12-23,14,13,1
2014-12-23,34,18,16
2014-12-23,10,3,7
2014-12-23,7,6,1
2014-12-23,5,2,3
2014-12-23,2,2,0
2014-12-23,0,0,0
2014-12-23,5,4,1
2014-12-24,0,0,0
2014-12-24,0,0,0
2014-12-24,0,0,0
2014-12-24,0,0,0
2014-12-24,0,0,0
2014-12-24,4,0,4
2014-12-24,2,2,0
2014-12-24,9,8,1
2014-12-24,2,2,0
2014-12-24,6,2,4
2014-12-24,7,4,3
2014-12-24,10,10,0
2014-12-24,6,4,2
2014-12-24,2,2,0
2014-12-24,4,0,4
2014-12-24,0,0,0
2014-12-24,10,10,0
2014-12-24,13,7,6
2014-12-24,0,0,0
2014-12-24,2,2,0
2014-12-24,4,4,0
2014-12-24,2,2,0
2014-12-24,0,0,0
2014-12-24,4,2,2
2014-12-25,0,0,0
2014-12-25,0,0,0
2014-12-25,2,0,2
2014-12-25,0,0,0
2014-12-25,0,0,0
2014-12-25,0,0,0
2014-12-25,0,0,0
2014-12-25,0,0,0
2014-12-25,0,0,0
2014-12-25,0,0,0
2014-12-25,2,0,2
2014-12-25,2,2,0
2014-12-25,3,0,3
2014-12-25,8,3,5
2014-12-25,4,2,2
2014-12-25,3,3,0
2014-12-25,0,0,0
2014-12-25,4,2,2
2014-12-25,0,0,0
2014-12-25,0,0,0
2014-12-25,0,0,0
2014-12-25,0,0,0
2014-12-25,2,0,2
2014-12-25,0,0,0
2014-12-26,0,0,0
2014-12-26,1,1,0
2014-12-26,0,0,0
2014-12-26,0,0,0
2014-12-26,0,0,0
2014-12-26,2,2,0
2014-12-26,2,0,2
2014-12-26,7,4,3
2014-12-26,4,2,2
2014-12-26,5,1,4
2014-12-26,2,0,2
2014-12-26,0,0,0
2014-12-26,5,5,0
2014-12-26,2,0,2
2014-12-26,9,4,5
2014-12-26,14,5,9
2014-12-26,7,7,0
2014-12-26,12,12,0
2014-12-26,0,0,0
2014-12-26,5,5,0
2014-12-26,2,0,2
2014-12-26,3,1,2
2014-12-26,6,5,1
2014-12-26,4,2,2
2014-12-27,0,0,0
2014-12-27,2,0,2
2014-12-27,7,6,1
2014-12-27,2,2,0
2014-12-27,0,0,0
2014-12-27,0,0,0
2014-12-27,0,0,0
2014-12-27,2,2,0
2014-12-27,0,0,0
2014-12-27,0,0,0
2014-12-27,0,0,0
2014-12-27,0,0,0
2014-12-27,0,0,0
2014-12-27,0,0,0
2014-12-27,1,0,1
2014-12-27,2,2,0
2014-12-27,6,4,2
2014-12-27,9,3,6
2014-12-27,2,0,2
2014-12-27,1,0,1
2014-12-27,6,3,3
2014-12-27,1,1,0
2014-12-27,4,4,0
2014-12-27,4,0,4
2014-12-28,1,0,1
2014-12-28,3,2,1
2014-12-28,10,2,8
2014-12-28,0,0,0
2014-12-28,0,0,0
2014-12-28,0,0,0
2014-12-28,0,0,0
2014-12-28,0,0,0
2014-12-28,2,0,2
2014-12-28,0,0,0
2014-12-28,2,0,2
2014-12-28,0,0,0
2014-12-28,2,2,0
2014-12-28,0,0,0
2014-12-28,4,0,4
2014-12-28,3,0,3
2014-12-28,0,0,0
2014-12-28,6,2,4
2014-12-28,10,5,5
2014-12-28,2,0,2
2014-12-28,0,0,0
2014-12-28,0,0,0
2014-12-28,0,0,0
2014-12-28,1,0,1
2014-12-29,2,0,2
2014-12-29,0,0,0
2014-12-29,2,2,0
2014-12-29,0,0,0
2014-12-29,1,0,1
2014-12-29,0,0,0
2014-12-29,4,3,1
2014-12-29,1,0,1
2014-12-29,0,0,0
2014-12-29,0,0,0
2014-12-29,4,2,2
2014-12-29,2,2,0
2014-12-29,3,2,1
2014-12-29,0,0,0
2014-12-29,2,0,2
2014-12-29,2,2,0
2014-12-29,4,0,4
2014-12-29,10,10,0
2014-12-29,3,0,3
2014-12-29,4,0,4
2014-12-29,5,2,3
2014-12-29,0,0,0
2014-12-29,2,2,0
2014-12-29,0,0,0
2014-12-30,0,0,0
2014-12-30,0,0,0
2014-12-30,0,0,0
2014-12-30,0,0,0
2014-12-30,0,0,0
2014-12-30,0,0,0
2014-12-30,0,0,0
2014-12-30,0,0,0
2014-12-30,0,0,0
2014-12-30,0,0,0
2014-12-30,0,0,0
2014-12-30,0,0,0
2014-12-30,0,0,0
2014-12-30,0,0,0
2014-12-30,0,0,0
2014-12-30,0,0,0
2014-12-30,0,0,0
2014-12-30,0,0,0
2014-12-30,0,0,0
2014-12-30,0,0,0
2014-12-30,0,0,0
2014-12-30,0,0,0
2014-12-30,0,0,0
2014-12-30,0,0,0
2014-12-31,0,0,0
2014-12-31,0,0,0
2014-12-31,0,0,0
2014-12-31,0,0,0
2014-12-31,0,0,0
2014-12-31,0,0,0
2014-12-31,0,0,0
2014-12-31,0,0,0
2014-12-31,0,0,0
2014-12-31,0,0,0
2014-12-31,0,0,0
2014-12-31,0,0,0
2014-12-31,0,0,0
2014-12-31,0,0,0
2014-12-31,2,1,1
2014-12-31,2,2,0
2014-12-31,0,0,0
2014-12-31,2,0,2
2014-12-31,0,0,0
2014-12-31,0,0,0
2014-12-31,0,0,0
2014-12-31,0,0,0
2014-12-31,0,0,0
2014-12-31,1,0,1
2015-01-01,2,0,2
2015-01-01,0,0,0
2015-01-01,2,0,2
2015-01-01,0,0,0
2015-01-01,0,0,0
2015-01-01,0,0,0
2015-01-01,0,0,0
2015-01-01,0,0,0
2015-01-01,0,0,0
2015-01-01,0,0,0
2015-01-01,0,0,0
2015-01-01,0,0,0
2015-01-01,0,0,0
2015-01-01,0,0,0
2015-01-01,0,0,0
2015-01-01,0,0,0
2015-01-01,2,2,0
2015-01-01,0,0,0
2015-01-01,2,2,0
2015-01-01,0,0,0
2015-01-01,4,4,0
2015-01-01,0,0,0
2015-01-01,3,1,2
2015-01-01,1,0,1
2015-01-02,0,0,0
2015-01-02,0,0,0
2015-01-02,0,0,0
2015-01-02,0,0,0
2015-01-02,0,0,0
2015-01-02,0,0,0
2015-01-02,2,0,2
2015-01-02,4,4,0
2015-01-02,0,0,0
2015-01-02,4,4,0
2015-01-02,9,4,5
2015-01-02,5,5,0
2015-01-02,0,0,0
2015-01-02,2,0,2
2015-01-02,4,2,2
2015-01-02,2,0,2
2015-01-02,6,6,0
2015-01-02,8,3,5
2015-01-02,11,4,7
2015-01-02,4,4,0
2015-01-02,4,4,0
2015-01-02,2,0,2
2015-01-02,4,2,2
2015-01-02,1,0,1
2015-01-03,1,0,1
2015-01-03,5,1,4
2015-01-03,3,0,3
2015-01-03,0,0,0
2015-01-03,0,0,0
2015-01-03,0,0,0
2015-01-03,0,0,0
2015-01-03,0,0,0
2015-01-03,0,0,0
2015-01-03,0,0,0
2015-01-03,0,0,0
2015-01-03,2,0,2
2015-01-03,1,0,1
2015-01-03,0,0,0
2015-01-03,2,0,2
2015-01-03,2,2,0
2015-01-03,5,4,1
2015-01-03,2,0,2
2015-01-03,0,0,0
2015-01-03,0,0,0
2015-01-03,0,0,0
2015-01-03,4,2,2
2015-01-03,1,0,1
2015-01-03,2,0,2
2015-01-04,2,2,0
2015-01-04,2,0,2
2015-01-04,3,0,3
2015-01-04,0,0,0
2015-01-04,2,2,0
2015-01-04,0,0,0
2015-01-04,0,0,0
2015-01-04,0,0,0
2015-01-04,0,0,0
2015-01-04,0,0,0
2015-01-04,1,0,1
2015-01-04,2,2,0
2015-01-04,0,0,0
2015-01-04,0,0,0
2015-01-04,0,0,0
2015-01-04,0,0,0
2015-01-04,2,0,2
2015-01-04,6,4,2
2015-01-04,6,4,2
2015-01-04,8,2,6
2015-01-04,0,0,0
2015-01-04,0,0,0
2015-01-04,0,0,0
2015-01-04,3,0,3
2015-01-05,0,0,0
2015-01-05,0,0,0
2015-01-05,0,0,0
2015-01-05,0,0,0
2015-01-05,0,0,0
2015-01-05,0,0,0
2015-01-05,0,0,0
2015-01-05,4,0,4
2015-01-05,10,0,10
2015-01-05,4,4,0
2015-01-05,11,0,11
2015-01-05,2,2,0
2015-01-05,5,0,5
2015-01-05,6,0,6
2015-01-05,9,2,7
2015-01-05,13,8,5
2015-01-05,6,2,4
2015-01-05,24,16,8
2015-01-05,19,8,11
2015-01-05,11,7,4
2015-01-05,7,5,2
2015-01-05,2,0,2
2015-01-05,2,0,2
2015-01-05,2,2,0
2015-01-06,1,1,0
2015-01-06,1,0,1
2015-01-06,2,2,0
2015-01-06,0,0,0
2015-01-06,2,0,2
2015-01-06,2,0,2
2015-01-06,4,2,2
2015-01-06,17,6,11
2015-01-06,14,8,6
2015-01-06,23,10,13
2015-01-06,12,4,8
2015-01-06,11,11,0
2015-01-06,24,9,15
2015-01-06,12,5,7
2015-01-06,9,3,6
2015-01-06,25,14,11
2015-01-06,13,6,7
2015-01-06,32,21,11
2015-01-06,22,8,14
2015-01-06,14,6,8
2015-01-06,10,3,7
2015-01-06,10,4,6
2015-01-06,5,2,3
2015-01-06,5,3,2
2015-01-07,3,1,2
2015-01-07,1,0,1
2015-01-07,0,0,0
2015-01-07,0,0,0
2015-01-07,0,0,0
2015-01-07,3,0,3
2015-01-07,5,1,4
2015-01-07,21,8,13
2015-01-07,31,9,22
2015-01-07,12,5,7
2015-01-07,16,11,5
2015-01-07,15,3,12
2015-01-07,18,7,11
2015-01-07,10,8,2
2015-01-07,12,4,8
2015-01-07,29,16,13
2015-01-07,28,19,9
2015-01-07,34,20,14
2015-01-07,26,14,12
2015-01-07,15,9,6
2015-01-07,13,5,8
2015-01-07,10,6,4
2015-01-07,2,0,2
2015-01-07,6,5,1
2015-01-08,1,0,1
2015-01-08,0,0,0
2015-01-08,2,1,1
2015-01-08,0,0,0
2015-01-08,2,0,2
2015-01-08,5,1,4
2015-01-08,8,1,7
2015-01-08,13,5,8
2015-01-08,28,12,16
2015-01-08,19,7,12
2015-01-08,10,5,5
2015-01-08,15,6,9
2015-01-08,21,10,11
2015-01-08,30,11,19
2015-01-08,15,5,10
2015-01-08,24,11,13
2015-01-08,23,10,13
2015-01-08,30,23,7
2015-01-08,30,20,10
2015-01-08,27,17,10
2015-01-08,17,8,9
2015-01-08,10,3,7
2015-01-08,9,2,7
2015-01-08,6,3,3
2015-01-09,1,1,0
2015-01-09,5,1,4
2015-01-09,2,1,1
2015-01-09,0,0,0
2015-01-09,2,0,2
2015-01-09,2,0,2
2015-01-09,9,1,8
2015-01-09,24,10,14
2015-01-09,23,11,12
2015-01-09,14,5,9
2015-01-09,15,7,8
2015-01-09,14,9,5
2015-01-09,21,9,12
2015-01-09,12,5,7
2015-01-09,10,7,3
2015-01-09,17,9,8
2015-01-09,15,11,4
2015-01-09,36,20,16
2015-01-09,15,8,7
2015-01-09,20,9,11
2015-01-09,9,5,4
2015-01-09,9,7,2
2015-01-09,11,5,6
2015-01-09,6,1,5
2015-01-10,3,1,2
2015-01-10,3,2,1
2015-01-10,6,3,3
2015-01-10,1,0,1
2015-01-10,0,0,0
2015-01-10,4,1,3
2015-01-10,1,0,1
2015-01-10,2,0,2
2015-01-10,3,2,1
2015-01-10,2,1,1
2015-01-10,4,3,1
2015-01-10,10,6,4
2015-01-10,16,8,8
2015-01-10,13,6,7
2015-01-10,8,4,4
2015-01-10,7,4,3
2015-01-10,9,4,5
2015-01-10,6,3,3
2015-01-10,14,8,6
2015-01-10,9,7,2
2015-01-10,7,3,4
2015-01-10,4,4,0
2015-01-10,4,2,2
2015-01-10,1,0,1
2015-01-11,5,0,5
2015-01-11,2,2,0
2015-01-11,2,0,2
2015-01-11,1,0,1
2015-01-11,0,0,0
2015-01-11,4,0,4
2015-01-11,1,0,1
2015-01-11,3,2,1
2015-01-11,2,1,1
2015-01-11,2,0,2
2015-01-11,5,1,4
2015-01-11,9,8,1
2015-01-11,12,3,9
2015-01-11,14,7,7
2015-01-11,14,7,7
2015-01-11,15,9,6
2015-01-11,11,5,6
2015-01-11,7,4,3
2015-01-11,9,4,5
2015-01-11,9,4,5
2015-01-11,2,0,2
2015-01-11,3,2,1
2015-01-11,2,2,0
2015-01-11,2,0,2
2015-01-12,0,0,0
2015-01-12,2,0,2
2015-01-12,0,0,0
2015-01-12,0,0,0
2015-01-12,1,0,1
2015-01-12,1,0,1
2015-01-12,11,6,5
2015-01-12,23,10,13
2015-01-12,31,12,19
2015-01-12,19,6,13
2015-01-12,17,10,7
2015-01-12,25,12,13
2015-01-12,16,5,11
2015-01-12,10,7,3
2015-01-12,16,7,9
2015-01-12,20,8,12
2015-01-12,22,11,11
2015-01-12,45,33,12
2015-01-12,24,9,15
2015-01-12,17,8,9
2015-01-12,12,7,5
2015-01-12,4,1,3
2015-01-12,4,1,3
2015-01-12,2,2,0
2015-01-13,0,0,0
2015-01-13,1,1,0
2015-01-13,0,0,0
2015-01-13,0,0,0
2015-01-13,2,0,2
2015-01-13,1,0,1
2015-01-13,13,4,9
2015-01-13,13,7,6
2015-01-13,28,12,16
2015-01-13,19,11,8
2015-01-13,21,9,12
2015-01-13,17,8,9
2015-01-13,16,3,13
2015-01-13,19,7,12
2015-01-13,17,10,7
2015-01-13,23,13,10
2015-01-13,30,14,16
2015-01-13,38,25,13
2015-01-13,27,12,15
2015-01-13,22,10,12
2015-01-13,16,8,8
2015-01-13,11,5,6
2015-01-13,5,3,2
2015-01-13,6,5,1
2015-01-14,0,0,0
2015-01-14,1,1,0
2015-01-14,0,0,0
2015-01-14,1,1,0
2015-01-14,2,1,1
2015-01-14,3,1,2
2015-01-14,6,0,6
2015-01-14,30,12,18
2015-01-14,21,4,17
2015-01-14,19,8,11
2015-01-14,22,8,14
2015-01-14,11,6,5
2015-01-14,23,10,13
2015-01-14,15,9,6
2015-01-14,11,5,6
2015-01-14,17,7,10
2015-01-14,18,9,9
2015-01-14,31,21,10
2015-01-14,28,13,15
2015-01-14,19,9,10
2015-01-14,15,8,7
2015-01-14,7,4,3
2015-01-14,7,3,4
2015-01-14,8,4,4
2015-01-15,5,2,3
2015-01-15,3,2,1
2015-01-15,0,0,0
2015-01-15,0,0,0
2015-01-15,2,1,1
2015-01-15,2,0,2
2015-01-15,8,1,7
2015-01-15,19,7,12
2015-01-15,27,9,18
2015-01-15,22,12,10
2015-01-15,19,12,7
2015-01-15,8,4,4
2015-01-15,19,10,9
2015-01-15,14,9,5
2015-01-15,13,5,8
2015-01-15,20,10,10
2015-01-15,28,18,10
2015-01-15,31,20,11
2015-01-15,18,8,10
2015-01-15,16,11,5
2015-01-15,6,2,4
2015-01-15,8,2,6
2015-01-15,2,1,1
2015-01-15,2,1,1
2015-01-16,2,0,2
2015-01-16,4,1,3
2015-01-16,4,1,3
2015-01-16,0,0,0
2015-01-16,1,1,0
2015-01-16,2,0,2
2015-01-16,4,1,3
2015-01-16,16,5,11
2015-01-16,23,8,15
2015-01-16,20,14,6
2015-01-16,14,9,5
2015-01-16,15,7,8
2015-01-16,18,11,7
2015-01-16,16,5,11
2015-01-16,22,6,16
2015-01-16,11,6,5
2015-01-16,17,10,7
2015-01-16,28,20,8
2015-01-16,28,13,15
2015-01-16,8,5,3
2015-01-16,12,4,8
2015-01-16,7,1,6
2015-01-16,8,6,2
2015-01-16,4,0,4
2015-01-17,3,1,2
2015-01-17,4,2,2
2015-01-17,2,0,2
2015-01-17,0,0,0
2015-01-17,0,0,0
2015-01-17,1,0,1
2015-01-17,2,0,2
2015-01-17,2,1,1
2015-01-17,4,2,2
2015-01-17,2,2,0
2015-01-17,3,2,1
2015-01-17,6,3,3
2015-01-17,4,2,2
2015-01-17,12,7,5
2015-01-17,10,5,5
2015-01-17,8,2,6
2015-01-17,11,7,4
2015-01-17,10,7,3
2015-01-17,5,1,4
2015-01-17,6,3,3
2015-01-17,5,1,4
2015-01-17,6,4,2
2015-01-17,7,3,4
2015-01-17,3,1,2
2015-01-18,5,3,2
2015-01-18,5,4,1
2015-01-18,0,0,0
2015-01-18,1,0,1
2015-01-18,0,0,0
2015-01-18,0,0,0
2015-01-18,1,0,1
2015-01-18,2,0,2
2015-01-18,2,2,0
2015-01-18,0,0,0
2015-01-18,1,0,1
2015-01-18,13,7,6
2015-01-18,4,4,0
2015-01-18,4,1,3
2015-01-18,6,3,3
2015-01-18,4,2,2
2015-01-18,11,2,9
2015-01-18,8,3,5
2015-01-18,6,2,4
2015-01-18,9,5,4
2015-01-18,1,1,0
2015-01-18,5,4,1
2015-01-18,4,2,2
2015-01-18,2,1,1
2015-01-19,1,1,0
2015-01-19,1,1,0
2015-01-19,2,0,2
2015-01-19,1,0,1
2015-01-19,1,1,0
2015-01-19,2,0,2
2015-01-19,7,4,3
2015-01-19,7,1,6
2015-01-19,8,2,6
2015-01-19,6,4,2
2015-01-19,14,7,7
2015-01-19,8,6,2
2015-01-19,14,4,10
2015-01-19,12,5,7
2015-01-19,13,6,7
2015-01-19,16,8,8
2015-01-19,14,9,5
2015-01-19,17,9,8
2015-01-19,19,11,8
2015-01-19,17,7,10
2015-01-19,10,3,7
2015-01-19,7,2,5
2015-01-19,6,0,6
2015-01-19,5,4,1
2015-01-20,2,2,0
2015-01-20,0,0,0
2015-01-20,0,0,0
2015-01-20,0,0,0
2015-01-20,1,0,1
2015-01-20,4,1,3
2015-01-20,12,2,10
2015-01-20,21,9,12
2015-01-20,27,9,18
2015-01-20,17,8,9
2015-01-20,19,11,8
2015-01-20,15,6,9
2015-01-20,16,4,12
2015-01-20,17,8,9
2015-01-20,13,6,7
2015-01-20,27,12,15
2015-01-20,28,16,12
2015-01-20,41,25,16
2015-01-20,23,13,10
2015-01-20,13,7,6
2015-01-20,15,8,7
2015-01-20,11,5,6
2015-01-20,8,5,3
2015-01-20,2,1,1
2015-01-21,3,2,1
2015-01-21,0,0,0
2015-01-21,0,0,0
2015-01-21,1,0,1
2015-01-21,0,0,0
2015-01-21,3,1,2
2015-01-21,9,3,6
2015-01-21,22,7,15
2015-01-21,31,14,17
2015-01-21,17,8,9
2015-01-21,15,8,7
2015-01-21,15,6,9
2015-01-21,25,12,13
2015-01-21,12,8,4
2015-01-21,17,7,10
2015-01-21,22,10,12
2015-01-21,20,15,5
2015-01-21,28,14,14
2015-01-21,29,19,10
2015-01-21,12,5,7
2015-01-21,13,6,7
2015-01-21,12,5,7
2015-01-21,9,5,4
2015-01-21,6,3,3
2015-01-22,2,1,1
2015-01-22,0,0,0
2015-01-22,1,0,1
2015-01-22,1,0,1
2015-01-22,2,1,1
2015-01-22,6,1,5
2015-01-22,7,3,4
2015-01-22,22,7,15
2015-01-22,26,9,17
2015-01-22,18,9,9
2015-01-22,20,9,11
2015-01-22,13,7,6
2015-01-22,16,9,7
2015-01-22,9,3,6
2015-01-22,16,9,7
2015-01-22,16,4,12
2015-01-22,25,14,11
2015-01-22,23,12,11
2015-01-22,18,11,7
2015-01-22,23,13,10
2015-01-22,7,5,2
2015-01-22,12,7,5
2015-01-22,8,5,3
2015-01-22,1,1,0
2015-01-23,2,1,1
2015-01-23,4,3,1
2015-01-23,1,0,1
2015-01-23,1,1,0
2015-01-23,1,0,1
2015-01-23,6,3,3
2015-01-23,10,4,6
2015-01-23,14,8,6
2015-01-23,16,7,9
2015-01-23,8,4,4
2015-01-23,15,6,9
2015-01-23,7,3,4
2015-01-23,9,6,3
2015-01-23,9,5,4
2015-01-23,18,9,9
2015-01-23,16,7,9
2015-01-23,14,9,5
2015-01-23,25,14,11
2015-01-23,13,8,5
2015-01-23,11,8,3
2015-01-23,10,6,4
2015-01-23,3,2,1
2015-01-23,8,1,7
2015-01-23,10,5,5
2015-01-24,1,0,1
2015-01-24,4,3,1
2015-01-24,4,2,2
2015-01-24,0,0,0
2015-01-24,0,0,0
2015-01-24,1,0,1
2015-01-24,3,1,2
2015-01-24,3,2,1
2015-01-24,3,0,3
2015-01-24,4,1,3
2015-01-24,6,5,1
2015-01-24,7,4,3
2015-01-24,15,5,10
2015-01-24,13,7,6
2015-01-24,13,5,8
2015-01-24,9,5,4
2015-01-24,12,7,5
2015-01-24,9,4,5
2015-01-24,14,7,7
2015-01-24,13,9,4
2015-01-24,7,4,3
2015-01-24,5,2,3
2015-01-24,9,5,4
2015-01-24,11,5,6
2015-01-25,4,0,4
2015-01-25,4,2,2
2015-01-25,7,2,5
2015-01-25,2,0,2
2015-01-25,0,0,0
2015-01-25,0,0,0
2015-01-25,2,1,1
2015-01-25,7,4,3
2015-01-25,2,1,1
2015-01-25,7,3,4
2015-01-25,9,6,3
2015-01-25,9,5,4
2015-01-25,4,4,0
2015-01-25,13,7,6
2015-01-25,24,12,12
2015-01-25,15,9,6
2015-01-25,12,7,5
2015-01-25,18,9,9
2015-01-25,15,6,9
2015-01-25,24,15,9
2015-01-25,4,3,1
2015-01-25,9,6,3
2015-01-25,8,6,2
2015-01-25,6,3,3
2015-01-26,0,0,0
2015-01-26,3,1,2
2015-01-26,1,0,1
2015-01-26,1,0,1
2015-01-26,2,0,2
2015-01-26,3,2,1
2015-01-26,19,8,11
2015-01-26,14,6,8
2015-01-26,24,7,17
2015-01-26,17,6,11
2015-01-26,18,8,10
2015-01-26,17,8,9
2015-01-26,30,12,18
2015-01-26,22,8,14
2015-01-26,23,11,12
2015-01-26,22,13,9
2015-01-26,22,16,6
2015-01-26,32,19,13
2015-01-26,31,18,13
2015-01-26,14,4,10
2015-01-26,11,5,6
2015-01-26,11,5,6
2015-01-26,7,2,5
2015-01-26,6,5,1
2015-01-27,4,3,1
2015-01-27,6,3,3
2015-01-27,0,0,0
2015-01-27,0,0,0
2015-01-27,0,0,0
2015-01-27,1,1,0
2015-01-27,16,5,11
2015-01-27,27,12,15
2015-01-27,23,9,14
2015-01-27,18,11,7
2015-01-27,7,2,5
2015-01-27,19,5,14
2015-01-27,14,5,9
2015-01-27,5,0,5
2015-01-27,11,3,8
2015-01-27,19,8,11
2015-01-27,27,16,11
2015-01-27,35,27,8
2015-01-27,24,10,14
2015-01-27,12,7,5
2015-01-27,15,7,8
2015-01-27,6,4,2
2015-01-27,5,2,3
2015-01-27,3,2,1
2015-01-28,3,2,1
2015-01-28,1,1,0
2015-01-28,0,0,0
2015-01-28,0,0,0
2015-01-28,1,1,0
2015-01-28,3,1,2
2015-01-28,12,5,7
2015-01-28,26,10,16
2015-01-28,23,8,15
2015-01-28,14,5,9
2015-01-28,16,7,9
2015-01-28,19,11,8
2015-01-28,20,8,12
2015-01-28,22,7,15
2015-01-28,16,9,7
2015-01-28,9,7,2
2015-01-28,27,16,11
2015-01-28,33,19,14
2015-01-28,24,16,8
2015-01-28,20,12,8
2015-01-28,19,8,11
2015-01-28,9,3,6
2015-01-28,11,5,6
2015-01-28,8,5,3
2015-01-29,2,0,2
2015-01-29,1,1,0
2015-01-29,2,1,1
2015-01-29,0,0,0
2015-01-29,1,0,1
2015-01-29,3,1,2
2015-01-29,14,3,11
2015-01-29,24,9,15
2015-01-29,24,10,14
2015-01-29,11,5,6
2015-01-29,14,9,5
2015-01-29,13,3,10
2015-01-29,7,4,3
2015-01-29,17,10,7
2015-01-29,15,12,3
2015-01-29,12,4,8
2015-01-29,20,14,6
2015-01-29,19,13,6
2015-01-29,22,8,14
2015-01-29,18,7,11
2015-01-29,24,14,10
2015-01-29,9,3,6
2015-01-29,7,2,5
2015-01-29,5,2,3
2015-01-30,4,1,3
2015-01-30,2,0,2
2015-01-30,8,3,5
2015-01-30,0,0,0
2015-01-30,0,0,0
2015-01-30,1,1,0
2015-01-30,12,3,9
2015-01-30,19,5,14
2015-01-30,20,9,11
2015-01-30,13,7,6
2015-01-30,16,7,9
2015-01-30,18,6,12
2015-01-30,18,11,7
2015-01-30,10,6,4
2015-01-30,20,13,7
2015-01-30,10,6,4
2015-01-30,32,21,11
2015-01-30,24,12,12
2015-01-30,25,16,9
2015-01-30,12,7,5
2015-01-30,18,6,12
2015-01-30,7,3,4
2015-01-30,6,4,2
2015-01-30,8,3,5
2015-01-31,3,3,0
2015-01-31,5,2,3
2015-01-31,7,1,6
2015-01-31,0,0,0
2015-01-31,1,0,1
2015-01-31,1,1,0
2015-01-31,4,0,4
2015-01-31,3,2,1
2015-01-31,5,3,2
2015-01-31,7,4,3
2015-01-31,3,2,1
2015-01-31,4,1,3
2015-01-31,4,1,3
2015-01-31,4,1,3
2015-01-31,9,4,5
2015-01-31,20,10,10
2015-01-31,20,14,6
2015-01-31,14,4,10
2015-01-31,19,6,13
2015-01-31,7,5,2
2015-01-31,6,2,4
2015-01-31,6,3,3
2015-01-31,13,8,5
2015-01-31,8,4,4
2015-02-01,2,2,0
2015-02-01,1,0,1
2015-02-01,9,4,5
2015-02-01,1,1,0
2015-02-01,4,1,3
2015-02-01,2,1,1
2015-02-01,3,0,3
2015-02-01,3,2,1
2015-02-01,3,3,0
2015-02-01,8,2,6
2015-02-01,6,2,4
2015-02-01,12,8,4
2015-02-01,10,6,4
2015-02-01,13,6,7
2015-02-01,12,4,8
2015-02-01,16,6,10
2015-02-01,8,2,6
2015-02-01,8,2,6
2015-02-01,9,4,5
2015-02-01,13,10,3
2015-02-01,5,4,1
2015-02-01,6,4,2
2015-02-01,3,2,1
2015-02-01,8,5,3
2015-02-02,7,2,5
2015-02-02,2,1,1
2015-02-02,2,2,0
2015-02-02,0,0,0
2015-02-02,0,0,0
2015-02-02,2,1,1
2015-02-02,7,1,6
2015-02-02,13,6,7
2015-02-02,22,11,11
2015-02-02,9,4,5
2015-02-02,17,9,8
2015-02-02,7,1,6
2015-02-02,7,4,3
2015-02-02,12,5,7
2015-02-02,8,2,6
2015-02-02,15,6,9
2015-02-02,10,8,2
2015-02-02,28,18,10
2015-02-02,20,12,8
2015-02-02,11,6,5
2015-02-02,17,9,8
2015-02-02,3,2,1
2015-02-02,6,1,5
2015-02-02,2,0,2
2015-02-03,2,1,1
2015-02-03,3,1,2
2015-02-03,0,0,0
2015-02-03,0,0,0
2015-02-03,0,0,0
2015-02-03,4,1,3
2015-02-03,16,4,12
2015-02-03,24,11,13
2015-02-03,19,7,12
2015-02-03,13,9,4
2015-02-03,12,5,7
2015-02-03,7,4,3
2015-02-03,21,6,15
2015-02-03,16,8,8
2015-02-03,9,1,8
2015-02-03,11,2,9
2015-02-03,20,10,10
2015-02-03,25,19,6
2015-02-03,28,12,16
2015-02-03,14,8,6
2015-02-03,13,4,9
2015-02-03,11,4,7
2015-02-03,4,1,3
2015-02-03,7,3,4
2015-02-04,1,0,1
2015-02-04,2,1,1
2015-02-04,0,0,0
2015-02-04,0,0,0
2015-02-04,1,0,1
2015-02-04,3,3,0
2015-02-04,12,2,10
2015-02-04,16,8,8
2015-02-04,23,7,16
2015-02-04,14,5,9
2015-02-04,23,11,12
2015-02-04,11,4,7
2015-02-04,11,6,5
2015-02-04,13,6,7
2015-02-04,13,5,8
2015-02-04,16,7,9
2015-02-04,20,15,5
2015-02-04,26,15,11
2015-02-04,26,17,9
2015-02-04,14,6,8
2015-02-04,10,6,4
2015-02-04,8,3,5
2015-02-04,5,1,4
2015-02-04,1,0,1
2015-02-05,3,3,0
2015-02-05,1,0,1
2015-02-05,0,0,0
2015-02-05,0,0,0
2015-02-05,1,0,1
2015-02-05,4,1,3
2015-02-05,5,2,3
2015-02-05,11,1,10
2015-02-05,18,6,12
2015-02-05,14,9,5
2015-02-05,11,5,6
2015-02-05,10,5,5
2015-02-05,15,6,9
2015-02-05,17,10,7
2015-02-05,6,4,2
2015-02-05,11,3,8
2015-02-05,18,11,7
2015-02-05,24,16,8
2015-02-05,21,15,6
2015-02-05,15,4,11
2015-02-05,9,4,5
2015-02-05,11,4,7
2015-02-05,11,1,10
2015-02-05,4,2,2
2015-02-06,0,0,0
2015-02-06,1,0,1
2015-02-06,0,0,0
2015-02-06,0,0,0
2015-02-06,1,0,1
2015-02-06,1,0,1
2015-02-06,7,1,6
2015-02-06,9,3,6
2015-02-06,15,6,9
2015-02-06,11,7,4
2015-02-06,10,3,7
2015-02-06,4,3,1
2015-02-06,11,4,7
2015-02-06,13,5,8
2015-02-06,10,4,6
2015-02-06,11,6,5
2015-02-06,14,8,6
2015-02-06,22,18,4
2015-02-06,18,7,11
2015-02-06,11,5,6
2015-02-06,7,3,4
2015-02-06,9,4,5
2015-02-06,15,8,7
2015-02-06,9,6,3
2015-02-07,4,1,3
2015-02-07,5,4,1
2015-02-07,2,0,2
2015-02-07,1,0,1
2015-02-07,1,0,1
2015-02-07,0,0,0
2015-02-07,4,0,4
2015-02-07,2,2,0
2015-02-07,1,0,1
2015-02-07,1,0,1
2015-02-07,2,1,1
2015-02-07,8,6,2
2015-02-07,10,4,6
2015-02-07,12,8,4
2015-02-07,11,6,5
2015-02-07,10,3,7
2015-02-07,13,5,8
2015-02-07,12,7,5
2015-02-07,4,2,2
2015-02-07,6,5,1
2015-02-07,11,7,4
2015-02-07,6,4,2
2015-02-07,5,3,2
2015-02-07,7,1,6
2015-02-08,7,1,6
2015-02-08,21,11,10
2015-02-08,6,2,4
2015-02-08,2,0,2
2015-02-08,2,0,2
2015-02-08,2,1,1
2015-02-08,2,0,2
2015-02-08,2,2,0
2015-02-08,0,0,0
2015-02-08,4,3,1
2015-02-08,14,8,6
2015-02-08,17,6,11
2015-02-08,10,6,4
2015-02-08,11,3,8
2015-02-08,22,9,13
2015-02-08,10,6,4
2015-02-08,19,11,8
2015-02-08,12,2,10
2015-02-08,12,4,8
2015-02-08,9,3,6
2015-02-08,9,3,6
2015-02-08,3,2,1
2015-02-08,5,2,3
2015-02-08,2,1,1
2015-02-09,0,0,0
2015-02-09,2,0,2
2015-02-09,0,0,0
2015-02-09,2,2,0
2015-02-09,4,0,4
2015-02-09,2,0,2
2015-02-09,10,3,7
2015-02-09,9,7,2
2015-02-09,24,7,17
2015-02-09,10,3,7
2015-02-09,13,7,6
2015-02-09,15,7,8
2015-02-09,16,9,7
2015-02-09,13,6,7
2015-02-09,8,3,5
2015-02-09,13,4,9
2015-02-09,22,10,12
2015-02-09,38,25,13
2015-02-09,27,16,11
2015-02-09,17,8,9
2015-02-09,12,6,6
2015-02-09,8,6,2
2015-02-09,9,4,5
2015-02-09,2,0,2
2015-02-10,2,0,2
2015-02-10,0,0,0
2015-02-10,0,0,0
2015-02-10,0,0,0
2015-02-10,3,0,3
2015-02-10,1,0,1
2015-02-10,8,2,6
2015-02-10,17,10,7
2015-02-10,16,7,9
2015-02-10,13,9,4
2015-02-10,13,8,5
2015-02-10,11,2,9
2015-02-10,22,7,15
2015-02-10,14,10,4
2015-02-10,16,9,7
2015-02-10,24,14,10
2015-02-10,31,16,15
2015-02-10,27,17,10
2015-02-10,13,8,5
2015-02-10,24,11,13
2015-02-10,14,9,5
2015-02-10,15,8,7
2015-02-10,9,6,3
2015-02-10,7,2,5
2015-02-11,1,0,1
2015-02-11,1,1,0
2015-02-11,0,0,0
2015-02-11,0,0,0
2015-02-11,2,0,2
2015-02-11,3,0,3
2015-02-11,13,3,10
2015-02-11,21,9,12
2015-02-11,28,11,17
2015-02-11,16,11,5
2015-02-11,13,7,6
2015-02-11,6,2,4
2015-02-11,15,6,9
2015-02-11,16,11,5
2015-02-11,19,7,12
2015-02-11,22,11,11
2015-02-11,30,19,11
2015-02-11,34,21,13
2015-02-11,32,17,15
2015-02-11,15,6,9
2015-02-11,17,6,11
2015-02-11,6,3,3
2015-02-11,8,2,6
2015-02-11,4,4,0
2015-02-12,2,1,1
2015-02-12,4,2,2
2015-02-12,0,0,0
2015-02-12,0,0,0
2015-02-12,5,0,5
2015-02-12,0,0,0
2015-02-12,12,3,9
2015-02-12,12,5,7
2015-02-12,26,12,14
2015-02-12,15,10,5
2015-02-12,13,5,8
2015-02-12,13,6,7
2015-02-12,13,6,7
2015-02-12,16,10,6
2015-02-12,13,6,7
2015-02-12,14,6,8
2015-02-12,19,8,11
2015-02-12,29,13,16
2015-02-12,36,20,16
2015-02-12,15,9,6
2015-02-12,18,6,12
2015-02-12,12,6,6
2015-02-12,7,4,3
2015-02-12,7,4,3
2015-02-13,2,2,0
2015-02-13,3,2,1
2015-02-13,0,0,0
2015-02-13,0,0,0
2015-02-13,2,0,2
2015-02-13,1,0,1
2015-02-13,6,2,4
2015-02-13,15,6,9
2015-02-13,22,7,15
2015-02-13,9,6,3
2015-02-13,21,9,12
2015-02-13,15,8,7
2015-02-13,13,6,7
2015-02-13,27,11,16
2015-02-13,22,12,10
2015-02-13,26,12,14
2015-02-13,23,13,10
2015-02-13,30,17,13
2015-02-13,19,12,7
2015-02-13,23,14,9
2015-02-13,15,4,11
2015-02-13,10,6,4
2015-02-13,3,0,3
2015-02-13,10,6,4
2015-02-14,5,1,4
2015-02-14,6,3,3
2015-02-14,6,2,4
2015-02-14,0,0,0
2015-02-14,0,0,0
2015-02-14,0,0,0
2015-02-14,3,0,3
2015-02-14,3,2,1
2015-02-14,0,0,0
2015-02-14,1,0,1
2015-02-14,9,7,2
2015-02-14,5,2,3
2015-02-14,14,7,7
2015-02-14,6,4,2
2015-02-14,13,4,9
2015-02-14,13,3,10
2015-02-14,12,4,8
2015-02-14,10,5,5
2015-02-14,10,5,5
2015-02-14,22,11,11
2015-02-14,14,8,6
2015-02-14,8,4,4
2015-02-14,11,6,5
2015-02-14,4,2,2
2015-02-15,4,1,3
2015-02-15,1,0,1
2015-02-15,6,1,5
2015-02-15,0,0,0
2015-02-15,1,0,1
2015-02-15,0,0,0
2015-02-15,4,0,4
2015-02-15,1,1,0
2015-02-15,3,0,3
2015-02-15,2,0,2
2015-02-15,6,4,2
2015-02-15,9,3,6
2015-02-15,13,8,5
2015-02-15,13,6,7
2015-02-15,18,12,6
2015-02-15,9,5,4
2015-02-15,25,6,19
2015-02-15,21,10,11
2015-02-15,9,1,8
2015-02-15,15,8,7
2015-02-15,14,8,6
2015-02-15,3,1,2
2015-02-15,6,1,5
2015-02-15,2,0,2
2015-02-16,7,3,4
2015-02-16,3,0,3
2015-02-16,3,0,3
2015-02-16,0,0,0
2015-02-16,1,0,1
2015-02-16,0,0,0
2015-02-16,5,0,5
2015-02-16,7,3,4
2015-02-16,7,3,4
2015-02-16,9,6,3
2015-02-16,7,5,2
2015-02-16,10,3,7
2015-02-16,14,7,7
2015-02-16,10,2,8
2015-02-16,20,8,12
2015-02-16,11,4,7
2015-02-16,24,14,10
2015-02-16,23,12,11
2015-02-16,20,11,9
2015-02-16,15,9,6
2015-02-16,21,6,15
2015-02-16,6,1,5
2015-02-16,7,3,4
2015-02-16,4,1,3
2015-02-17,2,2,0
2015-02-17,0,0,0
2015-02-17,1,0,1
2015-02-17,0,0,0
2015-02-17,4,0,4
2015-02-17,4,1,3
2015-02-17,8,1,7
2015-02-17,22,10,12
2015-02-17,29,10,19
2015-02-17,18,7,11
2015-02-17,11,6,5
2015-02-17,14,4,10
2015-02-17,15,8,7
2015-02-17,19,11,8
2015-02-17,26,14,12
2015-02-17,19,13,6
2015-02-17,25,17,8
2015-02-17,42,23,19
2015-02-17,25,11,14
2015-02-17,23,13,10
2015-02-17,15,5,10
2015-02-17,8,2,6
2015-02-17,10,3,7
2015-02-17,2,0,2
2015-02-18,5,3,2
2015-02-18,0,0,0
2015-02-18,0,0,0
2015-02-18,2,1,1
2015-02-18,3,0,3
2015-02-18,1,0,1
2015-02-18,21,7,14
2015-02-18,22,7,15
2015-02-18,31,13,18
2015-02-18,16,8,8
2015-02-18,21,11,10
2015-02-18,11,8,3
2015-02-18,18,8,10
2015-02-18,10,6,4
2015-02-18,16,8,8
2015-02-18,16,8,8
2015-02-18,24,15,9
2015-02-18,29,18,11
2015-02-18,35,19,16
2015-02-18,20,10,10
2015-02-18,15,9,6
2015-02-18,19,4,15
2015-02-18,10,9,1
2015-02-18,3,1,2
2015-02-19,2,1,1
2015-02-19,3,2,1
2015-02-19,1,0,1
2015-02-19,0,0,0
2015-02-19,3,0,3
2015-02-19,1,0,1
2015-02-19,7,2,5
2015-02-19,24,10,14
2015-02-19,20,7,13
2015-02-19,19,6,13
2015-02-19,13,7,6
2015-02-19,6,4,2
2015-02-19,13,5,8
2015-02-19,16,10,6
2015-02-19,7,2,5
2015-02-19,11,5,6
2015-02-19,22,12,10
2015-02-19,30,16,14
2015-02-19,13,8,5
2015-02-19,14,6,8
2015-02-19,15,8,7
2015-02-19,8,3,5
2015-02-19,7,3,4
2015-02-19,5,2,3
2015-02-20,3,0,3
2015-02-20,1,1,0
2015-02-20,3,2,1
2015-02-20,0,0,0
2015-02-20,4,0,4
2015-02-20,6,1,5
2015-02-20,11,4,7
2015-02-20,18,5,13
2015-02-20,14,7,7
2015-02-20,8,3,5
2015-02-20,8,3,5
2015-02-20,12,5,7
2015-02-20,12,5,7
2015-02-20,10,6,4
2015-02-20,11,6,5
2015-02-20,21,13,8
2015-02-20,19,14,5
2015-02-20,30,20,10
2015-02-20,25,10,15
2015-02-20,18,12,6
2015-02-20,12,8,4
2015-02-20,9,4,5
2015-02-20,4,0,4
2015-02-20,10,5,5
2015-02-21,6,1,5
2015-02-21,3,1,2
2015-02-21,9,3,6
2015-02-21,1,0,1
2015-02-21,1,0,1
2015-02-21,0,0,0
2015-02-21,0,0,0
2015-02-21,2,2,0
2015-02-21,3,2,1
2015-02-21,3,2,1
2015-02-21,9,3,6
2015-02-21,10,4,6
2015-02-21,8,4,4
2015-02-21,7,5,2
2015-02-21,9,2,7
2015-02-21,14,10,4
2015-02-21,26,18,8
2015-02-21,17,10,7
2015-02-21,16,6,10
2015-02-21,11,5,6
2015-02-21,8,4,4
2015-02-21,6,1,5
2015-02-21,8,1,7
2015-02-21,10,3,7
2015-02-22,0,0,0
2015-02-22,9,4,5
2015-02-22,8,6,2
2015-02-22,1,0,1
2015-02-22,1,0,1
2015-02-22,0,0,0
2015-02-22,4,0,4
2015-02-22,5,3,2
2015-02-22,3,1,2
2015-02-22,6,5,1
2015-02-22,8,4,4
2015-02-22,8,3,5
2015-02-22,9,5,4
2015-02-22,9,3,6
2015-02-22,12,6,6
2015-02-22,22,8,14
2015-02-22,16,6,10
2015-02-22,13,12,1
2015-02-22,20,6,14
2015-02-22,11,6,5
2015-02-22,7,1,6
2015-02-22,2,1,1
2015-02-22,9,3,6
2015-02-22,3,0,3
2015-02-23,5,3,2
2015-02-23,2,0,2
2015-02-23,5,2,3
2015-02-23,0,0,0
2015-02-23,1,0,1
2015-02-23,2,0,2
2015-02-23,11,4,7
2015-02-23,23,9,14
2015-02-23,26,10,16
2015-02-23,19,9,10
2015-02-23,22,14,8
2015-02-23,12,4,8
2015-02-23,14,5,9
2015-02-23,15,9,6
2015-02-23,13,6,7
2015-02-23,22,11,11
2015-02-23,14,9,5
2015-02-23,40,28,12
2015-02-23,29,18,11
2015-02-23,17,9,8
2015-02-23,15,4,11
2015-02-23,15,7,8
2015-02-23,9,1,8
2015-02-23,2,1,1
2015-02-24,3,1,2
2015-02-24,0,0,0
2015-02-24,1,0,1
2015-02-24,0,0,0
2015-02-24,0,0,0
2015-02-24,3,0,3
2015-02-24,8,3,5
2015-02-24,23,10,13
2015-02-24,26,9,17
2015-02-24,16,10,6
2015-02-24,10,4,6
2015-02-24,17,11,6
2015-02-24,18,6,12
2015-02-24,17,12,5
2015-02-24,9,4,5
2015-02-24,12,9,3
2015-02-24,31,16,15
2015-02-24,45,19,26
2015-02-24,26,12,14
2015-02-24,15,11,4
2015-02-24,14,10,4
2015-02-24,9,4,5
2015-02-24,7,4,3
2015-02-24,6,2,4
2015-02-25,1,1,0
2015-02-25,2,1,1
2015-02-25,0,0,0
2015-02-25,0,0,0
2015-02-25,0,0,0
2015-02-25,1,0,1
2015-02-25,10,3,7
2015-02-25,22,7,15
2015-02-25,19,7,12
2015-02-25,18,12,6
2015-02-25,15,5,10
2015-02-25,18,13,5
2015-02-25,16,9,7
2015-02-25,10,8,2
2015-02-25,16,6,10
2015-02-25,14,6,8
2015-02-25,22,17,5
2015-02-25,31,21,10
2015-02-25,30,9,21
2015-02-25,12,4,8
2015-02-25,17,14,3
2015-02-25,12,4,8
2015-02-25,12,7,5
2015-02-25,2,1,1
2015-02-26,2,1,1
2015-02-26,1,0,1
2015-02-26,2,1,1
2015-02-26,0,0,0
2015-02-26,2,0,2
2015-02-26,3,2,1
2015-02-26,13,3,10
2015-02-26,17,9,8
2015-02-26,24,9,15
2015-02-26,10,5,5
2015-02-26,7,3,4
2015-02-26,11,8,3
2015-02-26,14,2,12
2015-02-26,13,10,3
2015-02-26,8,3,5
2015-02-26,12,5,7
2015-02-26,20,14,6
2015-02-26,32,21,11
2015-02-26,27,14,13
2015-02-26,16,10,6
2015-02-26,18,10,8
2015-02-26,4,2,2
2015-02-26,6,2,4
2015-02-26,2,2,0
2015-02-27,2,1,1
2015-02-27,0,0,0
2015-02-27,0,0,0
2015-02-27,0,0,0
2015-02-27,1,0,1
2015-02-27,0,0,0
2015-02-27,8,4,4
2015-02-27,10,5,5
2015-02-27,16,5,11
2015-02-27,14,10,4
2015-02-27,9,4,5
2015-02-27,14,6,8
2015-02-27,24,9,15
2015-02-27,12,10,2
2015-02-27,23,8,15
2015-02-27,9,5,4
2015-02-27,15,7,8
2015-02-27,21,14,7
2015-02-27,21,11,10
2015-02-27,26,9,17
2015-02-27,13,5,8
2015-02-27,7,1,6
2015-02-27,11,3,8
2015-02-27,13,4,9
2015-02-28,6,1,5
2015-02-28,3,3,0
2015-02-28,4,0,4
2015-02-28,1,0,1
2015-02-28,1,0,1
2015-02-28,2,0,2
2015-02-28,1,0,1
2015-02-28,2,2,0
2015-02-28,8,5,3
2015-02-28,8,6,2
2015-02-28,11,5,6
2015-02-28,11,6,5
2015-02-28,9,2,7
2015-02-28,20,13,7
2015-02-28,16,6,10
2015-02-28,14,9,5
2015-02-28,16,11,5
2015-02-28,18,5,13
2015-02-28,17,4,13
2015-02-28,10,5,5
2015-02-28,4,2,2
2015-02-28,8,5,3
2015-02-28,6,2,4
2015-02-28,14,5,9
2015-03-01,9,6,3
2015-03-01,3,2,1
2015-03-01,4,0,4
2015-03-01,2,2,0
2015-03-01,1,0,1
2015-03-01,2,0,2
2015-03-01,4,2,2
2015-03-01,4,2,2
2015-03-01,2,1,1
2015-03-01,7,5,2
2015-03-01,9,4,5
2015-03-01,9,5,4
2015-03-01,21,14,7
2015-03-01,10,7,3
2015-03-01,17,8,9
2015-03-01,15,11,4
2015-03-01,17,9,8
2015-03-01,20,9,11
2015-03-01,15,9,6
2015-03-01,16,7,9
2015-03-01,9,3,6
2015-03-01,14,5,9
2015-03-01,6,3,3
2015-03-01,1,1,0
2015-03-02,2,2,0
2015-03-02,0,0,0
2015-03-02,0,0,0
2015-03-02,0,0,0
2015-03-02,3,0,3
2015-03-02,1,1,0
2015-03-02,11,4,7
2015-03-02,22,10,12
2015-03-02,24,8,16
2015-03-02,19,12,7
2015-03-02,17,11,6
2015-03-02,11,5,6
2015-03-02,10,5,5
2015-03-02,11,4,7
2015-03-02,16,8,8
2015-03-02,18,7,11
2015-03-02,29,22,7
2015-03-02,47,28,19
2015-03-02,36,19,17
2015-03-02,18,8,10
2015-03-02,8,2,6
2015-03-02,7,4,3
2015-03-02,8,2,6
2015-03-02,7,5,2
2015-03-03,1,1,0
2015-03-03,0,0,0
2015-03-03,1,0,1
2015-03-03,0,0,0
2015-03-03,1,0,1
2015-03-03,3,1,2
2015-03-03,10,3,7
2015-03-03,19,10,9
2015-03-03,30,13,17
2015-03-03,19,11,8
2015-03-03,8,2,6
2015-03-03,8,3,5
2015-03-03,14,5,9
2015-03-03,15,9,6
2015-03-03,16,9,7
2015-03-03,18,9,9
2015-03-03,27,17,10
2015-03-03,31,18,13
2015-03-03,33,19,14
2015-03-03,19,9,10
2015-03-03,13,6,7
2015-03-03,9,2,7
2015-03-03,11,5,6
2015-03-03,4,2,2
2015-03-04,2,0,2
2015-03-04,0,0,0
2015-03-04,0,0,0
2015-03-04,0,0,0
2015-03-04,0,0,0
2015-03-04,3,0,3
2015-03-04,9,4,5
2015-03-04,24,14,10
2015-03-04,26,13,13
2015-03-04,19,10,9
2015-03-04,13,4,9
2015-03-04,9,4,5
2015-03-04,16,8,8
2015-03-04,17,7,10
2015-03-04,15,8,7
2015-03-04,15,7,8
2015-03-04,25,16,9
2015-03-04,44,28,16
2015-03-04,30,14,16
2015-03-04,20,10,10
2015-03-04,16,7,9
2015-03-04,15,8,7
2015-03-04,2,2,0
2015-03-04,7,4,3
2015-03-05,5,1,4
2015-03-05,0,0,0
2015-03-05,3,3,0
2015-03-05,0,0,0
2015-03-05,1,0,1
2015-03-05,1,0,1
2015-03-05,18,5,13
2015-03-05,15,9,6
2015-03-05,17,7,10
2015-03-05,23,14,9
2015-03-05,15,3,12
2015-03-05,15,8,7
2015-03-05,24,11,13
2015-03-05,26,15,11
2015-03-05,17,6,11
2015-03-05,22,11,11
2015-03-05,29,21,8
2015-03-05,34,23,11
2015-03-05,29,14,15
2015-03-05,21,10,11
2015-03-05,12,7,5
2015-03-05,4,0,4
2015-03-05,8,3,5
2015-03-05,4,3,1
2015-03-06,2,1,1
2015-03-06,2,1,1
2015-03-06,0,0,0
2015-03-06,0,0,0
2015-03-06,1,0,1
2015-03-06,2,1,1
2015-03-06,8,2,6
2015-03-06,19,8,11
2015-03-06,21,4,17
2015-03-06,16,9,7
2015-03-06,17,9,8
2015-03-06,11,7,4
2015-03-06,20,4,16
2015-03-06,22,10,12
2015-03-06,25,11,14
2015-03-06,18,9,9
2015-03-06,24,17,7
2015-03-06,37,20,17
2015-03-06,19,9,10
2015-03-06,18,12,6
2015-03-06,13,11,2
2015-03-06,3,2,1
2015-03-06,22,9,13
2015-03-06,11,6,5
2015-03-07,4,3,1
2015-03-07,8,3,5
2015-03-07,4,0,4
2015-03-07,4,1,3
2015-03-07,1,1,0
2015-03-07,0,0,0
2015-03-07,5,1,4
2015-03-07,7,6,1
2015-03-07,2,1,1
2015-03-07,8,4,4
2015-03-07,11,5,6
2015-03-07,21,11,10
2015-03-07,15,6,9
2015-03-07,17,9,8
2015-03-07,18,11,7
2015-03-07,14,7,7
2015-03-07,10,4,6
2015-03-07,14,9,5
2015-03-07,13,4,9
2015-03-07,15,10,5
2015-03-07,10,2,8
2015-03-07,13,7,6
2015-03-07,3,1,2
2015-03-07,7,0,7
2015-03-08,6,4,2
2015-03-08,4,1,3
2015-03-08,0,0,0
2015-03-08,3,0,3
2015-03-08,0,0,0
2015-03-08,1,0,1
2015-03-08,1,0,1
2015-03-08,2,1,1
2015-03-08,2,1,1
2015-03-08,3,0,3
2015-03-08,8,6,2
2015-03-08,10,5,5
2015-03-08,9,5,4
2015-03-08,21,10,11
2015-03-08,19,10,9
2015-03-08,13,7,6
2015-03-08,14,4,10
2015-03-08,12,6,6
2015-03-08,24,12,12
2015-03-08,12,3,9
2015-03-08,10,4,6
2015-03-08,11,8,3
2015-03-08,8,5,3
2015-03-08,3,1,2
2015-03-09,1,1,0
2015-03-09,0,0,0
2015-03-09,1,1,0
2015-03-09,0,0,0
2015-03-09,1,0,1
2015-03-09,4,1,3
2015-03-09,10,4,6
2015-03-09,18,5,13
2015-03-09,36,10,26
2015-03-09,28,14,14
2015-03-09,8,7,1
2015-03-09,20,10,10
2015-03-09,15,6,9
2015-03-09,23,13,10
2015-03-09,15,8,7
2015-03-09,13,9,4
2015-03-09,36,24,12
2015-03-09,47,30,17
2015-03-09,28,15,13
2015-03-09,13,10,3
2015-03-09,15,8,7
2015-03-09,19,7,12
2015-03-09,9,4,5
2015-03-09,5,3,2
2015-03-10,3,1,2
2015-03-10,2,1,1
2015-03-10,2,0,2
2015-03-10,1,0,1
2015-03-10,1,0,1
2015-03-10,4,0,4
2015-03-10,12,4,8
2015-03-10,18,5,13
2015-03-10,30,11,19
2015-03-10,16,10,6
2015-03-10,20,11,9
2015-03-10,15,6,9
2015-03-10,20,8,12
2015-03-10,13,3,10
2015-03-10,14,8,6
2015-03-10,26,11,15
2015-03-10,27,14,13
2015-03-10,37,27,10
2015-03-10,32,18,14
2015-03-10,25,13,12
2015-03-10,9,4,5
2015-03-10,11,3,8
2015-03-10,6,3,3
2015-03-10,3,3,0
2015-03-11,3,2,1
2015-03-11,0,0,0
2015-03-11,0,0,0
2015-03-11,0,0,0
2015-03-11,1,1,0
2015-03-11,4,1,3
2015-03-11,6,2,4
2015-03-11,25,9,16
2015-03-11,21,9,12
2015-03-11,18,7,11
2015-03-11,15,7,8
2015-03-11,6,1,5
2015-03-11,18,7,11
2015-03-11,10,5,5
2015-03-11,11,6,5
2015-03-11,13,5,8
2015-03-11,28,20,8
2015-03-11,34,21,13
2015-03-11,23,16,7
2015-03-11,17,9,8
2015-03-11,11,8,3
2015-03-11,12,3,9
2015-03-11,3,1,2
2015-03-11,4,3,1
2015-03-12,0,0,0
2015-03-12,1,1,0
2015-03-12,2,2,0
2015-03-12,1,0,1
2015-03-12,2,1,1
2015-03-12,7,0,7
2015-03-12,10,4,6
2015-03-12,19,9,10
2015-03-12,33,12,21
2015-03-12,18,9,9
2015-03-12,13,6,7
2015-03-12,11,5,6
2015-03-12,13,3,10
2015-03-12,14,9,5
2015-03-12,13,6,7
2015-03-12,14,9,5
2015-03-12,34,19,15
2015-03-12,37,22,15
2015-03-12,29,17,12
2015-03-12,29,16,13
2015-03-12,14,7,7
2015-03-12,11,8,3
2015-03-12,7,4,3
2015-03-12,6,4,2
2015-03-13,0,0,0
2015-03-13,1,0,1
2015-03-13,1,0,1
2015-03-13,0,0,0
2015-03-13,1,0,1
2015-03-13,3,0,3
2015-03-13,7,4,3
2015-03-13,16,6,10
2015-03-13,16,4,12
2015-03-13,12,5,7
2015-03-13,16,9,7
2015-03-13,13,6,7
2015-03-13,12,5,7
2015-03-13,13,3,10
2015-03-13,22,7,15
2015-03-13,14,11,3
2015-03-13,23,12,11
2015-03-13,33,22,11
2015-03-13,31,13,18
2015-03-13,14,8,6
2015-03-13,13,5,8
2015-03-13,8,5,3
2015-03-13,7,2,5
2015-03-13,8,6,2
2015-03-14,6,2,4
2015-03-14,2,1,1
2015-03-14,3,3,0
2015-03-14,0,0,0
2015-03-14,0,0,0
2015-03-14,0,0,0
2015-03-14,2,0,2
2015-03-14,5,4,1
2015-03-14,2,1,1
2015-03-14,2,2,0
2015-03-14,3,0,3
2015-03-14,13,7,6
2015-03-14,6,3,3
2015-03-14,8,4,4
2015-03-14,12,4,8
2015-03-14,8,4,4
2015-03-14,7,3,4
2015-03-14,16,7,9
2015-03-14,17,7,10
2015-03-14,15,8,7
2015-03-14,6,3,3
2015-03-14,9,1,8
2015-03-14,6,1,5
2015-03-14,12,6,6
2015-03-15,8,3,5
2015-03-15,4,2,2
2015-03-15,2,0,2
2015-03-15,2,1,1
2015-03-15,0,0,0
2015-03-15,0,0,0
2015-03-15,4,1,3
2015-03-15,3,3,0
2015-03-15,0,0,0
2015-03-15,0,0,0
2015-03-15,5,4,1
2015-03-15,5,3,2
2015-03-15,4,2,2
2015-03-15,1,0,1
2015-03-15,9,6,3
2015-03-15,4,1,3
2015-03-15,4,2,2
2015-03-15,8,3,5
2015-03-15,1,0,1
2015-03-15,4,3,1
2015-03-15,3,1,2
2015-03-15,3,3,0
2015-03-15,4,2,2
2015-03-15,2,1,1
2015-03-16,0,0,0
2015-03-16,0,0,0
2015-03-16,0,0,0
2015-03-16,0,0,0
2015-03-16,1,0,1
2015-03-16,2,1,1
2015-03-16,8,3,5
2015-03-16,17,4,13
2015-03-16,21,8,13
2015-03-16,21,8,13
2015-03-16,16,10,6
2015-03-16,11,5,6
2015-03-16,13,3,10
2015-03-16,13,6,7
2015-03-16,15,10,5
2015-03-16,17,8,9
2015-03-16,32,17,15
2015-03-16,38,26,12
2015-03-16,28,11,17
2015-03-16,20,7,13
2015-03-16,11,8,3
2015-03-16,9,5,4
2015-03-16,8,3,5
2015-03-16,8,6,2
2015-03-17,0,0,0
2015-03-17,1,0,1
2015-03-17,1,1,0
2015-03-17,0,0,0
2015-03-17,0,0,0
2015-03-17,3,0,3
2015-03-17,10,2,8
2015-03-17,14,5,9
2015-03-17,23,11,12
2015-03-17,13,9,4
2015-03-17,11,3,8
2015-03-17,14,6,8
2015-03-17,21,7,14
2015-03-17,17,9,8
2015-03-17,11,6,5
2015-03-17,16,6,10
2015-03-17,28,18,10
2015-03-17,30,19,11
2015-03-17,18,12,6
2015-03-17,17,8,9
2015-03-17,9,6,3
2015-03-17,12,1,11
2015-03-17,6,3,3
2015-03-17,7,5,2
2015-03-18,2,1,1
2015-03-18,6,1,5
2015-03-18,0,0,0
2015-03-18,2,2,0
2015-03-18,1,1,0
2015-03-18,3,0,3
2015-03-18,9,5,4
2015-03-18,16,7,9
2015-03-18,17,6,11
2015-03-18,18,6,12
2015-03-18,7,3,4
2015-03-18,5,2,3
2015-03-18,26,12,14
2015-03-18,16,6,10
2015-03-18,22,8,14
2015-03-18,18,6,12
2015-03-18,25,15,10
2015-03-18,40,23,17
2015-03-18,25,10,15
2015-03-18,16,9,7
2015-03-18,20,12,8
2015-03-18,12,6,6
2015-03-18,10,6,4
2015-03-18,2,1,1
2015-03-19,3,2,1
2015-03-19,1,0,1
2015-03-19,0,0,0
2015-03-19,0,0,0
2015-03-19,2,1,1
2015-03-19,1,0,1
2015-03-19,6,1,5
2015-03-19,16,5,11
2015-03-19,25,11,14
2015-03-19,16,5,11
2015-03-19,11,5,6
2015-03-19,18,8,10
2015-03-19,16,4,12
2015-03-19,18,8,10
2015-03-19,13,5,8
2015-03-19,10,5,5
2015-03-19,24,16,8
2015-03-19,27,17,10
2015-03-19,27,12,15
2015-03-19,19,13,6
2015-03-19,10,6,4
2015-03-19,10,5,5
2015-03-19,5,3,2
2015-03-19,3,0,3
2015-03-20,2,0,2
2015-03-20,1,1,0
2015-03-20,1,1,0
2015-03-20,0,0,0
2015-03-20,2,1,1
2015-03-20,4,0,4
2015-03-20,6,3,3
2015-03-20,16,4,12
2015-03-20,19,6,13
2015-03-20,9,2,7
2015-03-20,14,5,9
2015-03-20,21,13,8
2015-03-20,21,10,11
2015-03-20,18,13,5
2015-03-20,15,9,6
2015-03-20,14,11,3
2015-03-20,14,11,3
2015-03-20,28,16,12
2015-03-20,18,12,6
2015-03-20,13,6,7
2015-03-20,10,2,8
2015-03-20,4,3,1
2015-03-20,7,3,4
2015-03-20,6,3,3
2015-03-21,2,1,1
2015-03-21,8,2,6
2015-03-21,4,2,2
2015-03-21,0,0,0
2015-03-21,0,0,0
2015-03-21,2,0,2
2015-03-21,2,0,2
2015-03-21,7,4,3
2015-03-21,4,0,4
2015-03-21,3,3,0
2015-03-21,6,2,4
2015-03-21,8,2,6
2015-03-21,3,1,2
2015-03-21,13,5,8
2015-03-21,11,7,4
2015-03-21,10,4,6
2015-03-21,14,10,4
2015-03-21,14,5,9
2015-03-21,19,10,9
2015-03-21,12,6,6
2015-03-21,13,6,7
2015-03-21,5,3,2
2015-03-21,6,2,4
2015-03-21,5,4,1
2015-03-22,3,0,3
2015-03-22,5,2,3
2015-03-22,4,1,3
2015-03-22,0,0,0
2015-03-22,1,1,0
2015-03-22,1,1,0
2015-03-22,3,1,2
2015-03-22,2,1,1
2015-03-22,3,3,0
2015-03-22,2,1,1
2015-03-22,5,3,2
2015-03-22,13,7,6
2015-03-22,10,1,9
2015-03-22,15,12,3
2015-03-22,10,5,5
2015-03-22,12,3,9
2015-03-22,11,4,7
2015-03-22,7,4,3
2015-03-22,5,2,3
2015-03-22,10,5,5
2015-03-22,11,5,6
2015-03-22,4,2,2
2015-03-22,5,1,4
2015-03-22,6,3,3
2015-03-23,2,1,1
2015-03-23,0,0,0
2015-03-23,0,0,0
2015-03-23,0,0,0
2015-03-23,1,0,1
2015-03-23,3,1,2
2015-03-23,13,2,11
2015-03-23,20,8,12
2015-03-23,23,4,19
2015-03-23,20,9,11
2015-03-23,11,8,3
2015-03-23,7,2,5
2015-03-23,20,7,13
2015-03-23,11,7,4
2015-03-23,9,1,8
2015-03-23,23,13,10
2015-03-23,25,14,11
2015-03-23,31,25,6
2015-03-23,29,14,15
2015-03-23,13,11,2
2015-03-23,15,6,9
2015-03-23,8,3,5
2015-03-23,6,2,4
2015-03-23,4,2,2
2015-03-24,4,1,3
2015-03-24,3,1,2
2015-03-24,0,0,0
2015-03-24,0,0,0
2015-03-24,1,0,1
2015-03-24,3,1,2
2015-03-24,7,1,6
2015-03-24,13,4,9
2015-03-24,18,8,10
2015-03-24,15,6,9
2015-03-24,7,4,3
2015-03-24,16,7,9
2015-03-24,10,5,5
2015-03-24,11,4,7
2015-03-24,12,5,7
2015-03-24,12,4,8
2015-03-24,15,10,5
2015-03-24,32,19,13
2015-03-24,20,7,13
2015-03-24,19,13,6
2015-03-24,9,2,7
2015-03-24,7,3,4
2015-03-24,3,2,1
2015-03-24,5,0,5
2015-03-25,2,1,1
2015-03-25,0,0,0
2015-03-25,0,0,0
2015-03-25,2,0,2
2015-03-25,0,0,0
2015-03-25,3,1,2
2015-03-25,7,3,4
2015-03-25,14,6,8
2015-03-25,15,4,11
2015-03-25,11,4,7
2015-03-25,11,6,5
2015-03-25,11,2,9
2015-03-25,7,2,5
2015-03-25,10,4,6
2015-03-25,8,5,3
2015-03-25,7,4,3
2015-03-25,20,11,9
2015-03-25,24,16,8
2015-03-25,16,12,4
2015-03-25,15,10,5
2015-03-25,12,5,7
2015-03-25,11,3,8
2015-03-25,4,3,1
2015-03-25,3,2,1
2015-03-26,5,2,3
2015-03-26,3,1,2
2015-03-26,0,0,0
2015-03-26,0,0,0
2015-03-26,1,0,1
2015-03-26,1,0,1
2015-03-26,14,3,11
2015-03-26,19,6,13
2015-03-26,19,5,14
2015-03-26,7,5,2
2015-03-26,15,10,5
2015-03-26,14,11,3
2015-03-26,12,3,9
2015-03-26,14,6,8
2015-03-26,18,11,7
2015-03-26,21,12,9
2015-03-26,26,18,8
2015-03-26,41,26,15
2015-03-26,21,11,10
2015-03-26,23,10,13
2015-03-26,13,6,7
2015-03-26,11,4,7
2015-03-26,6,3,3
2015-03-26,7,4,3
2015-03-27,3,0,3
2015-03-27,2,0,2
2015-03-27,5,0,5
2015-03-27,0,0,0
2015-03-27,0,0,0
2015-03-27,2,1,1
2015-03-27,9,2,7
2015-03-27,12,5,7
2015-03-27,26,10,16
2015-03-27,21,13,8
2015-03-27,9,5,4
2015-03-27,14,4,10
2015-03-27,18,13,5
2015-03-27,15,8,7
2015-03-27,10,6,4
2015-03-27,15,10,5
2015-03-27,28,16,12
2015-03-27,28,15,13
2015-03-27,18,11,7
2015-03-27,20,10,10
2015-03-27,6,2,4
2015-03-27,8,4,4
2015-03-27,4,2,2
2015-03-27,5,2,3
2015-03-28,8,3,5
2015-03-28,5,1,4
2015-03-28,3,0,3
2015-03-28,8,4,4
2015-03-28,1,0,1
2015-03-28,1,0,1
2015-03-28,5,4,1
2015-03-28,4,3,1
2015-03-28,2,0,2
2015-03-28,8,5,3
2015-03-28,15,7,8
2015-03-28,7,3,4
2015-03-28,19,11,8
2015-03-28,15,7,8
2015-03-28,15,9,6
2015-03-28,19,8,11
2015-03-28,10,7,3
2015-03-28,9,5,4
2015-03-28,11,3,8
2015-03-28,11,5,6
2015-03-28,11,10,1
2015-03-28,14,10,4
2015-03-28,0,0,0
2015-03-28,9,1,8
2015-03-29,5,0,5
2015-03-29,6,2,4
2015-03-29,8,3,5
2015-03-29,2,2,0
2015-03-29,0,0,0
2015-03-29,1,0,1
2015-03-29,4,2,2
2015-03-29,2,2,0
2015-03-29,3,1,2
2015-03-29,3,1,2
2015-03-29,7,5,2
2015-03-29,8,5,3
2015-03-29,14,5,9
2015-03-29,15,8,7
2015-03-29,19,9,10
2015-03-29,19,12,7
2015-03-29,18,11,7
2015-03-29,22,8,14
2015-03-29,12,3,9
2015-03-29,7,6,1
2015-03-29,12,6,6
2015-03-29,6,3,3
2015-03-29,2,1,1
2015-03-29,2,0,2
2015-03-30,1,1,0
2015-03-30,0,0,0
2015-03-30,1,1,0
2015-03-30,0,0,0
2015-03-30,1,0,1
2015-03-30,0,0,0
2015-03-30,15,7,8
2015-03-30,25,12,13
2015-03-30,27,9,18
2015-03-30,16,8,8
2015-03-30,14,8,6
2015-03-30,17,6,11
2015-03-30,12,4,8
2015-03-30,14,8,6
2015-03-30,19,10,9
2015-03-30,18,6,12
2015-03-30,30,16,14
2015-03-30,49,27,22
2015-03-30,27,11,16
2015-03-30,18,9,9
2015-03-30,11,8,3
2015-03-30,15,6,9
2015-03-30,13,4,9
2015-03-30,7,5,2
2015-03-31,0,0,0
2015-03-31,0,0,0
2015-03-31,1,0,1
2015-03-31,0,0,0
2015-03-31,1,0,1
2015-03-31,1,0,1
2015-03-31,11,4,7
2015-03-31,21,9,12
2015-03-31,17,6,11
2015-03-31,15,6,9
2015-03-31,12,9,3
2015-03-31,12,7,5
2015-03-31,7,2,5
2015-03-31,14,6,8
2015-03-31,19,10,9
2015-03-31,15,7,8
2015-03-31,19,12,7
2015-03-31,32,21,11
2015-03-31,21,13,8
2015-03-31,12,6,6
2015-03-31,12,7,5
2015-03-31,8,4,4
2015-03-31,6,2,4
2015-03-31,3,2,1
2015-04-01,0,0,0
2015-04-01,1,1,0
2015-04-01,2,1,1
2015-04-01,2,1,1
2015-04-01,0,0,0
2015-04-01,4,1,3
2015-04-01,15,8,7
2015-04-01,16,4,12
2015-04-01,30,11,19
2015-04-01,16,6,10
2015-04-01,11,3,8
2015-04-01,15,9,6
2015-04-01,22,8,14
2015-04-01,12,6,6
2015-04-01,12,7,5
2015-04-01,20,9,11
2015-04-01,21,12,9
2015-04-01,42,23,19
2015-04-01,16,10,6
2015-04-01,19,11,8
2015-04-01,5,1,4
2015-04-01,9,5,4
2015-04-01,4,1,3
2015-04-01,2,1,1
2015-04-02,2,0,2
2015-04-02,2,2,0
2015-04-02,3,1,2
2015-04-02,1,1,0
2015-04-02,0,0,0
2015-04-02,5,1,4
2015-04-02,10,1,9
2015-04-02,15,6,9
2015-04-02,18,5,13
2015-04-02,14,5,9
2015-04-02,10,6,4
2015-04-02,18,11,7
2015-04-02,18,4,14
2015-04-02,15,8,7
2015-04-02,13,8,5
2015-04-02,13,8,5
2015-04-02,35,25,10
2015-04-02,36,20,16
2015-04-02,24,15,9
2015-04-02,17,5,12
2015-04-02,15,7,8
2015-04-02,8,5,3
2015-04-02,8,3,5
2015-04-02,8,5,3
2015-04-03,7,5,2
2015-04-03,1,1,0
2015-04-03,1,0,1
2015-04-03,0,0,0
2015-04-03,0,0,0
2015-04-03,5,1,4
2015-04-03,10,3,7
2015-04-03,16,4,12
2015-04-03,22,9,13
2015-04-03,16,6,10
2015-04-03,11,6,5
2015-04-03,9,5,4
2015-04-03,11,4,7
2015-04-03,10,4,6
2015-04-03,16,11,5
2015-04-03,16,9,7
2015-04-03,24,12,12
2015-04-03,35,19,16
2015-04-03,15,8,7
2015-04-03,24,16,8
2015-04-03,12,6,6
2015-04-03,18,11,7
2015-04-03,15,7,8
2015-04-03,2,1,1
2015-04-04,1,0,1
2015-04-04,1,0,1
2015-04-04,5,3,2
2015-04-04,0,0,0
2015-04-04,1,0,1
2015-04-04,2,0,2
2015-04-04,4,2,2
2015-04-04,6,6,0
2015-04-04,7,4,3
2015-04-04,6,5,1
2015-04-04,5,3,2
2015-04-04,10,6,4
2015-04-04,15,13,2
2015-04-04,7,5,2
2015-04-04,17,3,14
2015-04-04,10,7,3
2015-04-04,16,12,4
2015-04-04,16,4,12
2015-04-04,20,11,9
2015-04-04,14,6,8
2015-04-04,5,1,4
2015-04-04,11,6,5
2015-04-04,9,6,3
2015-04-04,12,5,7
2015-04-05,7,2,5
2015-04-05,6,2,4
2015-04-05,8,2,6
2015-04-05,0,0,0
2015-04-05,0,0,0
2015-04-05,2,0,2
2015-04-05,3,1,2
2015-04-05,5,3,2
2015-04-05,2,1,1
2015-04-05,9,9,0
2015-04-05,5,2,3
2015-04-05,9,6,3
2015-04-05,17,6,11
2015-04-05,14,7,7
2015-04-05,8,4,4
2015-04-05,18,9,9
2015-04-05,14,9,5
2015-04-05,14,10,4
2015-04-05,14,8,6
2015-04-05,7,3,4
2015-04-05,12,7,5
2015-04-05,8,4,4
2015-04-05,3,1,2
2015-04-05,6,1,5
2015-04-06,1,0,1
2015-04-06,0,0,0
2015-04-06,1,1,0
2015-04-06,0,0,0
2015-04-06,1,0,1
2015-04-06,1,0,1
2015-04-06,10,2,8
2015-04-06,29,12,17
2015-04-06,24,8,16
2015-04-06,19,10,9
2015-04-06,14,11,3
2015-04-06,14,7,7
2015-04-06,22,7,15
2015-04-06,13,7,6
2015-04-06,11,6,5
2015-04-06,24,8,16
2015-04-06,29,14,15
2015-04-06,34,18,16
2015-04-06,35,17,18
2015-04-06,14,10,4
2015-04-06,12,4,8
2015-04-06,11,4,7
2015-04-06,8,4,4
2015-04-06,5,3,2
2015-04-07,3,1,2
2015-04-07,3,2,1
2015-04-07,0,0,0
2015-04-07,0,0,0
2015-04-07,1,0,1
2015-04-07,2,0,2
2015-04-07,13,3,10
2015-04-07,22,6,16
2015-04-07,30,14,16
2015-04-07,23,12,11
2015-04-07,12,7,5
2015-04-07,8,1,7
2015-04-07,20,8,12
2015-04-07,16,5,11
2015-04-07,14,7,7
2015-04-07,19,14,5
2015-04-07,30,18,12
2015-04-07,34,14,20
2015-04-07,31,16,15
2015-04-07,18,12,6
2015-04-07,18,9,9
2015-04-07,8,2,6
2015-04-07,9,4,5
2015-04-07,2,2,0
2015-04-08,1,0,1
2015-04-08,0,0,0
2015-04-08,1,1,0
2015-04-08,1,1,0
2015-04-08,0,0,0
2015-04-08,4,0,4
2015-04-08,14,4,10
2015-04-08,21,10,11
2015-04-08,33,15,18
2015-04-08,16,10,6
2015-04-08,10,7,3
2015-04-08,11,8,3
2015-04-08,22,8,14
2015-04-08,20,7,13
2015-04-08,20,8,12
2015-04-08,23,9,14
2015-04-08,24,17,7
2015-04-08,37,20,17
2015-04-08,33,15,18
2015-04-08,22,11,11
2015-04-08,15,9,6
2015-04-08,14,8,6
2015-04-08,6,1,5
2015-04-08,8,5,3
2015-04-09,8,3,5
2015-04-09,2,1,1
2015-04-09,4,1,3
2015-04-09,0,0,0
2015-04-09,1,0,1
2015-04-09,2,0,2
2015-04-09,16,2,14
2015-04-09,20,8,12
2015-04-09,25,12,13
2015-04-09,20,12,8
2015-04-09,16,9,7
2015-04-09,9,3,6
2015-04-09,39,11,28
2015-04-09,15,10,5
2015-04-09,16,8,8
2015-04-09,22,11,11
2015-04-09,33,17,16
2015-04-09,43,20,23
2015-04-09,23,13,10
2015-04-09,19,10,9
2015-04-09,18,8,10
2015-04-09,10,7,3
2015-04-09,10,3,7
2015-04-09,9,4,5
2015-04-10,9,5,4
2015-04-10,3,0,3
2015-04-10,2,0,2
2015-04-10,0,0,0
2015-04-10,1,0,1
2015-04-10,3,0,3
2015-04-10,11,5,6
2015-04-10,24,12,12
2015-04-10,19,7,12
2015-04-10,18,8,10
2015-04-10,21,12,9
2015-04-10,18,12,6
2015-04-10,23,9,14
2015-04-10,14,6,8
2015-04-10,15,5,10
2015-04-10,22,14,8
2015-04-10,14,8,6
2015-04-10,30,11,19
2015-04-10,24,12,12
2015-04-10,18,10,8
2015-04-10,15,8,7
2015-04-10,5,3,2
2015-04-10,8,3,5
2015-04-10,4,2,2
2015-04-11,3,1,2
2015-04-11,2,2,0
2015-04-11,1,0,1
2015-04-11,0,0,0
2015-04-11,0,0,0
2015-04-11,0,0,0
2015-04-11,5,0,5
2015-04-11,4,3,1
2015-04-11,5,2,3
2015-04-11,3,2,1
2015-04-11,8,6,2
2015-04-11,11,6,5
2015-04-11,7,1,6
2015-04-11,14,6,8
2015-04-11,18,7,11
2015-04-11,10,5,5
2015-04-11,15,9,6
2015-04-11,16,6,10
2015-04-11,11,4,7
2015-04-11,5,1,4
2015-04-11,11,7,4
2015-04-11,5,3,2
2015-04-11,6,2,4
2015-04-11,5,2,3
2015-04-12,2,1,1
2015-04-12,3,1,2
2015-04-12,5,0,5
2015-04-12,1,1,0
2015-04-12,1,0,1
2015-04-12,0,0,0
2015-04-12,6,0,6
2015-04-12,3,2,1
2015-04-12,4,3,1
2015-04-12,3,1,2
2015-04-12,12,8,4
2015-04-12,8,4,4
2015-04-12,18,7,11
2015-04-12,8,7,1
2015-04-12,19,9,10
2015-04-12,15,8,7
2015-04-12,19,8,11
2015-04-12,20,9,11
2015-04-12,14,5,9
2015-04-12,10,7,3
2015-04-12,15,4,11
2015-04-12,5,3,2
2015-04-12,4,2,2
2015-04-12,3,0,3
2015-04-13,1,1,0
2015-04-13,2,1,1
2015-04-13,1,0,1
2015-04-13,0,0,0
2015-04-13,1,0,1
2015-04-13,2,1,1
2015-04-13,12,2,10
2015-04-13,19,7,12
2015-04-13,25,11,14
2015-04-13,17,10,7
2015-04-13,12,9,3
2015-04-13,16,6,10
2015-04-13,20,4,16
2015-04-13,13,6,7
2015-04-13,8,7,1
2015-04-13,10,4,6
2015-04-13,19,13,6
2015-04-13,25,13,12
2015-04-13,20,12,8
2015-04-13,8,4,4
2015-04-13,6,2,4
2015-04-13,0,0,0
2015-04-13,2,0,2
2015-04-13,5,3,2
2015-04-14,1,1,0
2015-04-14,0,0,0
2015-04-14,0,0,0
2015-04-14,1,0,1
2015-04-14,2,0,2
2015-04-14,1,0,1
2015-04-14,11,3,8
2015-04-14,20,9,11
2015-04-14,25,12,13
2015-04-14,15,9,6
2015-04-14,4,2,2
2015-04-14,15,6,9
2015-04-14,23,11,12
2015-04-14,19,5,14
2015-04-14,16,8,8
2015-04-14,13,4,9
2015-04-14,24,16,8
2015-04-14,22,11,11
2015-04-14,23,9,14
2015-04-14,13,6,7
2015-04-14,8,6,2
2015-04-14,11,4,7
2015-04-14,7,2,5
2015-04-14,4,3,1
2015-04-15,1,0,1
2015-04-15,2,1,1
2015-04-15,4,0,4
2015-04-15,1,1,0
2015-04-15,0,0,0
2015-04-15,4,2,2
2015-04-15,14,3,11
2015-04-15,26,8,18
2015-04-15,27,12,15
2015-04-15,22,7,15
2015-04-15,14,4,10
2015-04-15,15,7,8
2015-04-15,17,7,10
2015-04-15,10,3,7
2015-04-15,14,3,11
2015-04-15,28,16,12
2015-04-15,35,21,14
2015-04-15,54,32,22
2015-04-15,28,17,11
2015-04-15,28,17,11
2015-04-15,20,12,8
2015-04-15,10,6,4
2015-04-15,6,3,3
2015-04-15,6,3,3
2015-04-16,5,0,5
2015-04-16,3,0,3
2015-04-16,2,0,2
2015-04-16,0,0,0
2015-04-16,0,0,0
2015-04-16,7,2,5
2015-04-16,9,2,7
2015-04-16,23,9,14
2015-04-16,25,12,13
2015-04-16,18,7,11
2015-04-16,15,9,6
2015-04-16,15,7,8
2015-04-16,18,5,13
2015-04-16,19,8,11
2015-04-16,17,2,15
2015-04-16,25,15,10
2015-04-16,35,22,13
2015-04-16,46,22,24
2015-04-16,31,17,14
2015-04-16,29,16,13
2015-04-16,20,11,9
2015-04-16,9,5,4
2015-04-16,12,6,6
2015-04-16,4,3,1
2015-04-17,1,1,0
2015-04-17,5,4,1
2015-04-17,4,4,0
2015-04-17,0,0,0
2015-04-17,5,1,4
2015-04-17,4,1,3
2015-04-17,12,3,9
2015-04-17,28,13,15
2015-04-17,6,3,3
2015-04-17,21,9,12
2015-04-17,10,9,1
2015-04-17,6,2,4
2015-04-17,19,9,10
2015-04-17,24,12,12
2015-04-17,28,16,12
2015-04-17,24,15,9
2015-04-17,40,30,10
2015-04-17,43,22,21
2015-04-17,26,15,11
2015-04-17,31,16,15
2015-04-17,9,4,5
2015-04-17,17,11,6
2015-04-17,10,5,5
2015-04-17,7,5,2
2015-04-18,10,3,7
2015-04-18,14,7,7
2015-04-18,3,0,3
2015-04-18,0,0,0
2015-04-18,2,1,1
2015-04-18,1,0,1
2015-04-18,3,1,2
2015-04-18,8,4,4
2015-04-18,6,2,4
2015-04-18,7,5,2
2015-04-18,12,5,7
2015-04-18,10,3,7
2015-04-18,14,7,7
2015-04-18,19,13,6
2015-04-18,15,11,4
2015-04-18,14,10,4
2015-04-18,16,8,8
2015-04-18,13,4,9
2015-04-18,17,5,12
2015-04-18,5,5,0
2015-04-18,14,7,7
2015-04-18,4,2,2
2015-04-18,6,3,3
2015-04-18,15,4,11
2015-04-19,12,6,6
2015-04-19,3,1,2
2015-04-19,2,2,0
2015-04-19,2,1,1
2015-04-19,1,1,0
2015-04-19,0,0,0
2015-04-19,6,1,5
2015-04-19,4,3,1
2015-04-19,4,3,1
2015-04-19,3,1,2
2015-04-19,11,5,6
2015-04-19,22,11,11
2015-04-19,24,12,12
2015-04-19,24,9,15
2015-04-19,20,8,12
2015-04-19,25,17,8
2015-04-19,24,16,8
2015-04-19,20,13,7
2015-04-19,20,13,7
2015-04-19,15,7,8
2015-04-19,9,5,4
2015-04-19,9,5,4
2015-04-19,14,7,7
2015-04-19,8,3,5
2015-04-20,1,1,0
2015-04-20,2,1,1
2015-04-20,2,2,0
2015-04-20,1,0,1
2015-04-20,1,0,1
2015-04-20,4,1,3
2015-04-20,14,2,12
2015-04-20,24,11,13
2015-04-20,30,11,19
2015-04-20,18,8,10
2015-04-20,19,8,11
2015-04-20,19,10,9
2015-04-20,23,9,14
2015-04-20,11,7,4
2015-04-20,25,10,15
2015-04-20,16,6,10
2015-04-20,39,24,15
2015-04-20,40,25,15
2015-04-20,40,23,17
2015-04-20,21,11,10
2015-04-20,10,5,5
2015-04-20,11,6,5
2015-04-20,9,3,6
2015-04-20,4,2,2
2015-04-21,6,3,3
2015-04-21,1,0,1
2015-04-21,1,1,0
2015-04-21,2,0,2
2015-04-21,2,0,2
2015-04-21,3,1,2
2015-04-21,16,5,11
2015-04-21,23,9,14
2015-04-21,25,5,20
2015-04-21,35,8,27
2015-04-21,31,4,27
2015-04-21,20,2,18
2015-04-21,26,9,17
2015-04-21,22,10,12
2015-04-21,13,8,5
2015-04-21,24,12,12
2015-04-21,29,20,9
2015-04-21,37,22,15
2015-04-21,17,8,9
2015-04-21,14,9,5
2015-04-21,12,5,7
2015-04-21,6,1,5
2015-04-21,4,1,3
2015-04-21,4,4,0
2015-04-22,3,2,1
2015-04-22,0,0,0
2015-04-22,0,0,0
2015-04-22,0,0,0
2015-04-22,1,0,1
2015-04-22,2,0,2
2015-04-22,14,3,11
2015-04-22,19,4,15
2015-04-22,30,12,18
2015-04-22,25,12,13
2015-04-22,10,6,4
2015-04-22,18,8,10
2015-04-22,24,5,19
2015-04-22,9,3,6
2015-04-22,17,6,11
2015-04-22,21,9,12
2015-04-22,39,22,17
2015-04-22,48,30,18
2015-04-22,41,20,21
2015-04-22,13,7,6
2015-04-22,23,13,10
2015-04-22,16,6,10
2015-04-22,10,6,4
2015-04-22,4,1,3
2015-04-23,1,1,0
2015-04-23,1,0,1
2015-04-23,0,0,0
2015-04-23,0,0,0
2015-04-23,1,0,1
2015-04-23,1,1,0
2015-04-23,13,2,11
2015-04-23,21,6,15
2015-04-23,26,6,20
2015-04-23,16,6,10
2015-04-23,14,7,7
2015-04-23,11,0,11
2015-04-23,13,3,10
2015-04-23,17,7,10
2015-04-23,15,6,9
2015-04-23,11,8,3
2015-04-23,21,12,9
2015-04-23,28,20,8
2015-04-23,31,19,12
2015-04-23,8,5,3
2015-04-23,12,6,6
2015-04-23,7,2,5
2015-04-23,3,2,1
2015-04-23,6,4,2
2015-04-24,0,0,0
2015-04-24,6,3,3
2015-04-24,1,0,1
2015-04-24,1,0,1
2015-04-24,1,0,1
2015-04-24,2,1,1
2015-04-24,7,1,6
2015-04-24,16,6,10
2015-04-24,14,4,10
2015-04-24,15,10,5
2015-04-24,16,8,8
2015-04-24,7,3,4
2015-04-24,21,12,9
2015-04-24,10,4,6
2015-04-24,23,13,10
2015-04-24,17,8,9
2015-04-24,19,13,6
2015-04-24,28,13,15
2015-04-24,22,10,12
2015-04-24,15,6,9
2015-04-24,8,6,2
2015-04-24,10,7,3
2015-04-24,10,4,6
2015-04-24,10,5,5
2015-04-25,2,0,2
2015-04-25,4,2,2
2015-04-25,2,2,0
2015-04-25,0,0,0
2015-04-25,0,0,0
2015-04-25,0,0,0
2015-04-25,4,0,4
2015-04-25,4,2,2
2015-04-25,6,2,4
2015-04-25,6,3,3
2015-04-25,5,3,2
2015-04-25,7,4,3
2015-04-25,8,3,5
2015-04-25,15,7,8
2015-04-25,11,5,6
2015-04-25,9,4,5
2015-04-25,7,4,3
2015-04-25,9,5,4
2015-04-25,14,5,9
2015-04-25,17,5,12
2015-04-25,3,0,3
2015-04-25,11,6,5
2015-04-25,14,5,9
2015-04-25,9,4,5
2015-04-26,10,4,6
2015-04-26,5,3,2
2015-04-26,5,1,4
2015-04-26,2,0,2
2015-04-26,0,0,0
2015-04-26,0,0,0
2015-04-26,5,2,3
2015-04-26,1,1,0
2015-04-26,5,3,2
2015-04-26,2,2,0
2015-04-26,5,4,1
2015-04-26,9,1,8
2015-04-26,17,11,6
2015-04-26,19,10,9
2015-04-26,11,6,5
2015-04-26,10,6,4
2015-04-26,9,3,6
2015-04-26,20,6,14
2015-04-26,17,12,5
2015-04-26,11,4,7
2015-04-26,5,3,2
2015-04-26,10,6,4
2015-04-26,5,1,4
2015-04-26,4,0,4
2015-04-27,1,0,1
2015-04-27,2,0,2
2015-04-27,0,0,0
2015-04-27,0,0,0
2015-04-27,1,0,1
2015-04-27,1,0,1
2015-04-27,9,1,8
2015-04-27,28,10,18
2015-04-27,31,13,18
2015-04-27,13,6,7
2015-04-27,14,8,6
2015-04-27,24,14,10
2015-04-27,20,9,11
2015-04-27,22,7,15
2015-04-27,13,8,5
2015-04-27,17,10,7
2015-04-27,38,17,21
2015-04-27,40,18,22
2015-04-27,45,32,13
2015-04-27,34,18,16
2015-04-27,16,3,13
2015-04-27,11,6,5
2015-04-27,10,4,6
2015-04-27,3,2,1
2015-04-28,2,0,2
2015-04-28,0,0,0
2015-04-28,0,0,0
2015-04-28,1,1,0
2015-04-28,1,0,1
2015-04-28,2,0,2
2015-04-28,14,2,12
2015-04-28,21,9,12
2015-04-28,22,8,14
2015-04-28,18,10,8
2015-04-28,15,9,6
2015-04-28,11,5,6
2015-04-28,14,6,8
2015-04-28,16,5,11
2015-04-28,13,7,6
2015-04-28,19,8,11
2015-04-28,33,20,13
2015-04-28,28,15,13
2015-04-28,22,14,8
2015-04-28,13,8,5
2015-04-28,15,7,8
2015-04-28,11,5,6
2015-04-28,7,3,4
2015-04-28,4,2,2
2015-04-29,3,2,1
2015-04-29,0,0,0
2015-04-29,0,0,0
2015-04-29,1,0,1
2015-04-29,0,0,0
2015-04-29,2,2,0
2015-04-29,14,3,11
2015-04-29,22,7,15
2015-04-29,33,11,22
2015-04-29,14,10,4
2015-04-29,14,8,6
2015-04-29,13,9,4
2015-04-29,19,5,14
2015-04-29,23,7,16
2015-04-29,19,9,10
2015-04-29,15,9,6
2015-04-29,31,19,12
2015-04-29,38,23,15
2015-04-29,31,17,14
2015-04-29,18,6,12
2015-04-29,9,6,3
2015-04-29,12,7,5
2015-04-29,7,3,4
2015-04-29,8,1,7
2015-04-30,10,2,8
2015-04-30,0,0,0
2015-04-30,2,0,2
2015-04-30,0,0,0
2015-04-30,1,0,1
2015-04-30,3,0,3
2015-04-30,13,1,12
2015-04-30,21,7,14
2015-04-30,32,10,22
2015-04-30,26,13,13
2015-04-30,11,5,6
2015-04-30,10,5,5
2015-04-30,15,5,10
2015-04-30,13,8,5
2015-04-30,18,7,11
2015-04-30,33,18,15
2015-04-30,36,24,12
2015-04-30,47,25,22
2015-04-30,42,17,25
2015-04-30,23,17,6
2015-04-30,13,6,7
2015-04-30,6,4,2
2015-04-30,6,2,4
2015-04-30,5,3,2
2015-05-01,3,0,3
2015-05-01,1,0,1
2015-05-01,5,2,3
2015-05-01,0,0,0
2015-05-01,2,1,1
2015-05-01,1,0,1
2015-05-01,15,1,14
2015-05-01,32,12,20
2015-05-01,31,13,18
2015-05-01,19,14,5
2015-05-01,16,10,6
2015-05-01,18,7,11
2015-05-01,19,7,12
2015-05-01,21,7,14
2015-05-01,23,14,9
2015-05-01,28,17,11
2015-05-01,47,37,10
2015-05-01,45,30,15
2015-05-01,23,13,10
2015-05-01,13,8,5
2015-05-01,22,12,10
2015-05-01,14,9,5
2015-05-01,12,3,9
2015-05-01,10,5,5
2015-05-02,11,3,8
2015-05-02,0,0,0
2015-05-02,0,0,0
2015-05-02,0,0,0
2015-05-02,0,0,0
2015-05-02,0,0,0
2015-05-02,0,0,0
2015-05-02,2,2,0
2015-05-02,0,0,0
2015-05-02,0,0,0
2015-05-02,0,0,0
2015-05-02,0,0,0
2015-05-02,0,0,0
2015-05-02,0,0,0
2015-05-02,0,0,0
2015-05-02,0,0,0
2015-05-02,0,0,0
2015-05-02,0,0,0
2015-05-02,0,0,0
2015-05-02,0,0,0
2015-05-02,0,0,0
2015-05-02,0,0,0
2015-05-02,0,0,0
2015-05-02,1,1,0
2015-05-03,1,1,0
2015-05-03,0,0,0
2015-05-03,0,0,0
2015-05-03,0,0,0
2015-05-03,0,0,0
2015-05-03,0,0,0
2015-05-03,0,0,0
2015-05-03,0,0,0
2015-05-03,0,0,0
2015-05-03,0,0,0
2015-05-03,0,0,0
2015-05-03,0,0,0
2015-05-03,1,0,1
2015-05-03,0,0,0
2015-05-03,0,0,0
2015-05-03,0,0,0
2015-05-03,0,0,0
2015-05-03,0,0,0
2015-05-03,0,0,0
2015-05-03,0,0,0
2015-05-03,0,0,0
2015-05-03,0,0,0
2015-05-03,0,0,0
2015-05-03,0,0,0
2015-05-04,0,0,0
2015-05-04,0,0,0
2015-05-04,0,0,0
2015-05-04,0,0,0
2015-05-04,0,0,0
2015-05-04,0,0,0
2015-05-04,0,0,0
2015-05-04,0,0,0
2015-05-04,1,1,0
2015-05-04,0,0,0
2015-05-04,1,1,0
2015-05-04,0,0,0
2015-05-04,1,1,0
2015-05-04,1,1,0
2015-05-04,0,0,0
2015-05-04,0,0,0
2015-05-04,1,1,0
2015-05-04,1,1,0
2015-05-04,1,1,0
2015-05-04,0,0,0
2015-05-04,0,0,0
2015-05-04,0,0,0
2015-05-04,0,0,0
2015-05-04,0,0,0
2015-05-05,0,0,0
2015-05-05,0,0,0
2015-05-05,0,0,0
2015-05-05,0,0,0
2015-05-05,0,0,0
2015-05-05,0,0,0
2015-05-05,0,0,0
2015-05-05,1,1,0
2015-05-05,0,0,0
2015-05-05,0,0,0
2015-05-05,1,1,0
2015-05-05,1,1,0
2015-05-05,0,0,0
2015-05-05,0,0,0
2015-05-05,0,0,0
2015-05-05,0,0,0
2015-05-05,0,0,0
2015-05-05,0,0,0
2015-05-05,0,0,0
2015-05-05,0,0,0
2015-05-05,0,0,0
2015-05-05,0,0,0
2015-05-05,0,0,0
2015-05-05,0,0,0
2015-05-06,0,0,0
2015-05-06,0,0,0
2015-05-06,0,0,0
2015-05-06,0,0,0
2015-05-06,0,0,0
2015-05-06,0,0,0
2015-05-06,0,0,0
2015-05-06,0,0,0
2015-05-06,0,0,0
2015-05-06,0,0,0
2015-05-06,0,0,0
2015-05-06,0,0,0
2015-05-06,0,0,0
2015-05-06,0,0,0
2015-05-06,0,0,0
2015-05-06,0,0,0
2015-05-06,0,0,0
2015-05-06,1,1,0
2015-05-06,0,0,0
2015-05-06,0,0,0
2015-05-06,0,0,0
2015-05-06,0,0,0
2015-05-06,2,0,2
2015-05-06,0,0,0
2015-05-07,0,0,0
2015-05-07,0,0,0
2015-05-07,0,0,0
2015-05-07,0,0,0
2015-05-07,0,0,0
2015-05-07,0,0,0
2015-05-07,0,0,0
2015-05-07,0,0,0
2015-05-07,0,0,0
2015-05-07,0,0,0
2015-05-07,0,0,0
2015-05-07,1,1,0
2015-05-07,0,0,0
2015-05-07,0,0,0
2015-05-07,0,0,0
2015-05-07,0,0,0
2015-05-07,0,0,0
2015-05-07,0,0,0
2015-05-07,0,0,0
2015-05-07,0,0,0
2015-05-07,0,0,0
2015-05-07,0,0,0
2015-05-07,0,0,0
2015-05-07,0,0,0
2015-05-08,1,1,0
2015-05-08,0,0,0
2015-05-08,0,0,0
2015-05-08,0,0,0
2015-05-08,0,0,0
2015-05-08,0,0,0
2015-05-08,2,1,1
2015-05-08,3,3,0
2015-05-08,1,1,0
2015-05-08,1,1,0
2015-05-08,2,2,0
2015-05-08,1,1,0
2015-05-08,1,1,0
2015-05-08,1,1,0
2015-05-08,1,1,0
2015-05-08,2,1,1
2015-05-08,1,1,0
2015-05-08,3,3,0
2015-05-08,1,1,0
2015-05-08,0,0,0
2015-05-08,0,0,0
2015-05-08,1,1,0
2015-05-08,2,2,0
2015-05-08,3,3,0
2015-05-09,4,3,1
2015-05-09,0,0,0
2015-05-09,1,0,1
2015-05-09,0,0,0
2015-05-09,0,0,0
2015-05-09,0,0,0
2015-05-09,0,0,0
2015-05-09,1,1,0
2015-05-09,0,0,0
2015-05-09,0,0,0
2015-05-09,0,0,0
2015-05-09,0,0,0
2015-05-09,1,1,0
2015-05-09,2,1,1
2015-05-09,0,0,0
2015-05-09,0,0,0
2015-05-09,0,0,0
2015-05-09,0,0,0
2015-05-09,1,1,0
2015-05-09,0,0,0
2015-05-09,1,0,1
2015-05-09,1,1,0
2015-05-09,4,4,0
2015-05-09,0,0,0
2015-05-10,3,0,3
2015-05-10,0,0,0
2015-05-10,3,2,1
2015-05-10,0,0,0
2015-05-10,0,0,0
2015-05-10,0,0,0
2015-05-10,0,0,0
2015-05-10,0,0,0
2015-05-10,0,0,0
2015-05-10,0,0,0
2015-05-10,0,0,0
2015-05-10,0,0,0
2015-05-10,0,0,0
2015-05-10,1,1,0
2015-05-10,0,0,0
2015-05-10,0,0,0
2015-05-10,0,0,0
2015-05-10,0,0,0
2015-05-10,0,0,0
2015-05-10,0,0,0
2015-05-10,0,0,0
2015-05-10,0,0,0
2015-05-10,0,0,0
2015-05-10,0,0,0
2015-05-11,0,0,0
2015-05-11,0,0,0
2015-05-11,0,0,0
2015-05-11,0,0,0
2015-05-11,0,0,0
2015-05-11,0,0,0
2015-05-11,0,0,0
2015-05-11,0,0,0
2015-05-11,1,1,0
2015-05-11,0,0,0
2015-05-11,1,1,0
2015-05-11,0,0,0
2015-05-11,0,0,0
2015-05-11,1,0,1
2015-05-11,2,2,0
2015-05-11,1,1,0
2015-05-11,0,0,0
2015-05-11,2,2,0
2015-05-11,1,1,0
2015-05-11,0,0,0
2015-05-11,1,1,0
2015-05-11,1,1,0
2015-05-11,3,3,0
2015-05-11,0,0,0
2015-05-12,1,1,0
2015-05-12,0,0,0
2015-05-12,0,0,0
2015-05-12,0,0,0
2015-05-12,0,0,0
2015-05-12,0,0,0
2015-05-12,0,0,0
2015-05-12,2,2,0
2015-05-12,3,3,0
2015-05-12,2,2,0
2015-05-12,3,3,0
2015-05-12,1,1,0
2015-05-12,0,0,0
2015-05-12,0,0,0
2015-05-12,1,1,0
2015-05-12,0,0,0
2015-05-12,8,7,1
2015-05-12,27,18,9
2015-05-12,26,12,14
2015-05-12,14,5,9
2015-05-12,19,8,11
2015-05-12,10,4,6
2015-05-12,3,1,2
2015-05-12,2,2,0
2015-05-13,1,1,0
2015-05-13,1,1,0
2015-05-13,0,0,0
2015-05-13,0,0,0
2015-05-13,1,0,1
2015-05-13,0,0,0
2015-05-13,14,2,12
2015-05-13,14,8,6
2015-05-13,18,7,11
2015-05-13,13,5,8
2015-05-13,7,1,6
2015-05-13,8,6,2
2015-05-13,13,7,6
2015-05-13,6,3,3
2015-05-13,13,2,11
2015-05-13,8,4,4
2015-05-13,22,10,12
2015-05-13,19,9,10
2015-05-13,14,10,4
2015-05-13,17,5,12
2015-05-13,6,2,4
2015-05-13,9,2,7
2015-05-13,1,0,1
2015-05-13,0,0,0
2015-05-14,1,0,1
2015-05-14,3,0,3
2015-05-14,0,0,0
2015-05-14,0,0,0
2015-05-14,2,0,2
2015-05-14,3,1,2
2015-05-14,10,1,9
2015-05-14,17,6,11
2015-05-14,18,8,10
2015-05-14,15,11,4
2015-05-14,8,7,1
2015-05-14,10,6,4
2015-05-14,16,9,7
2015-05-14,6,5,1
2015-05-14,13,9,4
2015-05-14,8,7,1
2015-05-14,16,16,0
2015-05-14,22,21,1
2015-05-14,11,11,0
2015-05-14,4,3,1
2015-05-14,11,8,3
2015-05-14,6,5,1
2015-05-14,8,8,0
2015-05-14,2,2,0
2015-05-15,3,0,3
2015-05-15,4,2,2
2015-05-15,6,2,4
2015-05-15,0,0,0
2015-05-15,1,1,0
2015-05-15,0,0,0
2015-05-15,0,0,0
2015-05-15,0,0,0
2015-05-15,0,0,0
2015-05-15,2,0,2
2015-05-15,0,0,0
2015-05-15,2,0,2
2015-05-15,1,0,1
2015-05-15,0,0,0
2015-05-15,0,0,0
2015-05-15,0,0,0
2015-05-15,1,0,1
2015-05-15,0,0,0
2015-05-15,0,0,0
2015-05-15,0,0,0
2015-05-15,0,0,0
2015-05-15,0,0,0
2015-05-15,2,0,2
2015-05-15,0,0,0
2015-05-16,0,0,0
2015-05-16,1,1,0
2015-05-16,1,1,0
2015-05-16,0,0,0
2015-05-16,0,0,0
2015-05-16,0,0,0
2015-05-16,0,0,0
2015-05-16,0,0,0
2015-05-16,0,0,0
2015-05-16,0,0,0
2015-05-16,0,0,0
2015-05-16,0,0,0
2015-05-16,0,0,0
2015-05-16,0,0,0
2015-05-16,1,0,1
2015-05-16,0,0,0
2015-05-16,1,0,1
2015-05-16,0,0,0
2015-05-16,0,0,0
2015-05-16,0,0,0
2015-05-16,0,0,0
2015-05-16,1,0,1
2015-05-16,2,1,1
2015-05-16,0,0,0
2015-05-17,2,0,2
2015-05-17,2,0,2
2015-05-17,1,0,1
2015-05-17,0,0,0
2015-05-17,0,0,0
2015-05-17,0,0,0
2015-05-17,0,0,0
2015-05-17,0,0,0
2015-05-17,0,0,0
2015-05-17,0,0,0
2015-05-17,0,0,0
2015-05-17,0,0,0
2015-05-17,0,0,0
2015-05-17,1,0,1
2015-05-17,0,0,0
2015-05-17,0,0,0
2015-05-17,3,0,3
2015-05-17,0,0,0
2015-05-17,1,0,1
2015-05-17,0,0,0
2015-05-17,0,0,0
2015-05-17,0,0,0
2015-05-17,0,0,0
2015-05-17,0,0,0
2015-05-18,0,0,0
2015-05-18,0,0,0
2015-05-18,0,0,0
2015-05-18,0,0,0
2015-05-18,0,0,0
2015-05-18,0,0,0
2015-05-18,0,0,0
2015-05-18,0,0,0
2015-05-18,0,0,0
2015-05-18,0,0,0
2015-05-18,0,0,0
2015-05-18,1,1,0
2015-05-18,0,0,0
2015-05-18,0,0,0
2015-05-18,0,0,0
2015-05-18,0,0,0
2015-05-18,0,0,0
2015-05-18,1,0,1
2015-05-18,0,0,0
2015-05-18,0,0,0
2015-05-18,1,0,1
2015-05-18,0,0,0
2015-05-18,0,0,0
2015-05-18,0,0,0
2015-05-19,0,0,0
2015-05-19,0,0,0
2015-05-19,0,0,0
2015-05-19,0,0,0
2015-05-19,0,0,0
2015-05-19,0,0,0
2015-05-19,0,0,0
2015-05-19,0,0,0
2015-05-19,0,0,0
2015-05-19,2,1,1
2015-05-19,1,1,0
2015-05-19,2,0,2
2015-05-19,0,0,0
2015-05-19,1,1,0
2015-05-19,0,0,0
2015-05-19,0,0,0
2015-05-19,1,1,0
2015-05-19,0,0,0
2015-05-19,0,0,0
2015-05-19,0,0,0
2015-05-19,0,0,0
2015-05-19,0,0,0
2015-05-19,0,0,0
2015-05-19,0,0,0
2015-05-20,0,0,0
2015-05-20,0,0,0
2015-05-20,0,0,0
2015-05-20,0,0,0
2015-05-20,0,0,0
2015-05-20,0,0,0
2015-05-20,0,0,0
2015-05-20,1,0,1
2015-05-20,0,0,0
2015-05-20,0,0,0
2015-05-20,1,1,0
2015-05-20,1,1,0
2015-05-20,0,0,0
2015-05-20,1,0,1
2015-05-20,0,0,0
2015-05-20,0,0,0
2015-05-20,0,0,0
2015-05-20,0,0,0
2015-05-20,1,0,1
2015-05-20,0,0,0
2015-05-20,0,0,0
2015-05-20,0,0,0
2015-05-20,1,1,0
2015-05-20,0,0,0
2015-05-21,0,0,0
2015-05-21,0,0,0
2015-05-21,0,0,0
2015-05-21,0,0,0
2015-05-21,0,0,0
2015-05-21,0,0,0
2015-05-21,0,0,0
2015-05-21,24,12,12
2015-05-21,30,10,20
2015-05-21,23,15,8
2015-05-21,19,10,9
2015-05-21,19,10,9
2015-05-21,16,8,8
2015-05-21,19,13,6
2015-05-21,30,12,18
2015-05-21,32,19,13
2015-05-21,34,20,14
2015-05-21,55,35,20
2015-05-21,40,21,19
2015-05-21,24,16,8
2015-05-21,19,9,10
2015-05-21,13,7,6
2015-05-21,10,4,6
2015-05-21,9,2,7
2015-05-22,2,2,0
2015-05-22,1,0,1
2015-05-22,0,0,0
2015-05-22,0,0,0
2015-05-22,1,0,1
2015-05-22,2,0,2
2015-05-22,11,5,6
2015-05-22,25,9,16
2015-05-22,20,9,11
2015-05-22,20,15,5
2015-05-22,14,9,5
2015-05-22,10,4,6
2015-05-22,22,11,11
2015-05-22,20,12,8
2015-05-22,14,9,5
2015-05-22,17,13,4
2015-05-22,33,26,7
2015-05-22,27,19,8
2015-05-22,17,14,3
2015-05-22,18,14,4
2015-05-22,20,13,7
2015-05-22,7,4,3
2015-05-22,6,4,2
2015-05-22,5,3,2
2015-05-23,4,4,0
2015-05-23,6,4,2
2015-05-23,2,0,2
2015-05-23,1,0,1
2015-05-23,0,0,0
2015-05-23,6,2,4
2015-05-23,0,0,0
2015-05-23,1,1,0
2015-05-23,3,3,0
2015-05-23,0,0,0
2015-05-23,6,5,1
2015-05-23,3,2,1
2015-05-23,7,7,0
2015-05-23,7,7,0
2015-05-23,8,8,0
2015-05-23,6,6,0
2015-05-23,10,7,3
2015-05-23,9,7,2
2015-05-23,8,7,1
2015-05-23,9,9,0
2015-05-23,6,5,1
2015-05-23,3,1,2
2015-05-23,5,5,0
2015-05-23,1,1,0
2015-05-24,9,8,1
2015-05-24,6,5,1
2015-05-24,2,2,0
2015-05-24,0,0,0
2015-05-24,0,0,0
2015-05-24,1,0,1
2015-05-24,2,2,0
2015-05-24,1,1,0
2015-05-24,1,1,0
2015-05-24,1,1,0
2015-05-24,4,4,0
2015-05-24,4,4,0
2015-05-24,11,9,2
2015-05-24,4,4,0
2015-05-24,5,5,0
2015-05-24,6,5,1
2015-05-24,7,7,0
2015-05-24,5,4,1
2015-05-24,5,4,1
2015-05-24,3,3,0
2015-05-24,7,7,0
2015-05-24,2,2,0
2015-05-24,7,7,0
2015-05-24,1,1,0
2015-05-25,0,0,0
2015-05-25,0,0,0
2015-05-25,0,0,0
2015-05-25,0,0,0
2015-05-25,0,0,0
2015-05-25,3,3,0
2015-05-25,0,0,0
2015-05-25,1,1,0
2015-05-25,4,4,0
2015-05-25,6,6,0
2015-05-25,3,3,0
2015-05-25,2,2,0
2015-05-25,7,5,2
2015-05-25,10,7,3
2015-05-25,12,3,9
2015-05-25,11,2,9
2015-05-25,14,8,6
2015-05-25,13,6,7
2015-05-25,12,5,7
2015-05-25,12,5,7
2015-05-25,12,8,4
2015-05-25,4,1,3
2015-05-25,3,1,2
2015-05-25,3,2,1
2015-05-26,3,0,3
2015-05-26,1,1,0
2015-05-26,1,0,1
2015-05-26,0,0,0
2015-05-26,2,0,2
2015-05-26,6,2,4
2015-05-26,16,4,12
2015-05-26,30,15,15
2015-05-26,27,8,19
2015-05-26,17,12,5
2015-05-26,11,4,7
2015-05-26,17,6,11
2015-05-26,20,4,16
2015-05-26,17,6,11
2015-05-26,12,2,10
2015-05-26,12,2,10
2015-05-26,23,3,20
2015-05-26,18,1,17
2015-05-26,14,1,13
2015-05-26,17,1,16
2015-05-26,11,1,10
2015-05-26,5,0,5
2015-05-26,5,1,4
2015-05-26,2,0,2
2015-05-27,2,0,2
2015-05-27,3,1,2
2015-05-27,0,0,0
2015-05-27,1,1,0
2015-05-27,0,0,0
2015-05-27,5,0,5
2015-05-27,8,0,8
2015-05-27,23,0,23
2015-05-27,22,1,21
2015-05-27,12,0,12
2015-05-27,12,4,8
2015-05-27,13,2,11
2015-05-27,20,2,18
2015-05-27,8,1,7
2015-05-27,13,2,11
2015-05-27,19,9,10
2015-05-27,36,20,16
2015-05-27,63,35,28
2015-05-27,36,18,18
2015-05-27,24,11,13
2015-05-27,20,11,9
2015-05-27,19,8,11
2015-05-27,14,6,8
2015-05-27,5,3,2
2015-05-28,1,1,0
2015-05-28,0,0,0
2015-05-28,2,2,0
2015-05-28,0,0,0
2015-05-28,2,1,1
2015-05-28,5,3,2
2015-05-28,17,4,13
2015-05-28,33,10,23
2015-05-28,31,14,17
2015-05-28,23,12,11
2015-05-28,30,18,12
2015-05-28,13,8,5
2015-05-28,22,4,18
2015-05-28,18,12,6
2015-05-28,21,14,7
2015-05-28,22,12,10
2015-05-28,45,34,11
2015-05-28,48,32,16
2015-05-28,25,15,10
2015-05-28,23,13,10
2015-05-28,19,13,6
2015-05-28,12,6,6
2015-05-28,14,8,6
2015-05-28,11,5,6
2015-05-29,9,6,3
2015-05-29,4,1,3
2015-05-29,2,1,1
2015-05-29,0,0,0
2015-05-29,2,0,2
2015-05-29,2,1,1
2015-05-29,6,1,5
2015-05-29,24,12,12
2015-05-29,16,10,6
2015-05-29,21,15,6
2015-05-29,15,9,6
2015-05-29,10,8,2
2015-05-29,11,7,4
2015-05-29,16,9,7
2015-05-29,17,11,6
2015-05-29,17,12,5
2015-05-29,23,20,3
2015-05-29,26,23,3
2015-05-29,22,17,5
2015-05-29,14,11,3
2015-05-29,13,10,3
2015-05-29,9,8,1
2015-05-29,6,3,3
2015-05-29,4,4,0
2015-05-30,5,3,2
2015-05-30,0,0,0
2015-05-30,0,0,0
2015-05-30,0,0,0
2015-05-30,0,0,0
2015-05-30,0,0,0
2015-05-30,0,0,0
2015-05-30,0,0,0
2015-05-30,0,0,0
2015-05-30,0,0,0
2015-05-30,1,1,0
2015-05-30,0,0,0
2015-05-30,0,0,0
2015-05-30,0,0,0
2015-05-30,0,0,0
2015-05-30,0,0,0
2015-05-30,1,1,0
2015-05-30,0,0,0
2015-05-30,0,0,0
2015-05-30,0,0,0
2015-05-30,0,0,0
2015-05-30,0,0,0
2015-05-30,1,1,0
2015-05-30,0,0,0
2015-05-31,2,2,0
2015-05-31,1,1,0
2015-05-31,2,2,0
2015-05-31,0,0,0
2015-05-31,0,0,0
2015-05-31,0,0,0
2015-05-31,0,0,0
2015-05-31,0,0,0
2015-05-31,0,0,0
2015-05-31,0,0,0
2015-05-31,0,0,0
2015-05-31,1,1,0
2015-05-31,1,1,0
2015-05-31,0,0,0
2015-05-31,1,1,0
2015-05-31,0,0,0
2015-05-31,2,2,0
2015-05-31,2,2,0
2015-05-31,0,0,0
2015-05-31,0,0,0
2015-05-31,0,0,0
2015-05-31,0,0,0
2015-05-31,0,0,0
2015-05-31,8,2,6
2015-06-01,0,0,0
2015-06-01,0,0,0
2015-06-01,0,0,0
2015-06-01,0,0,0
2015-06-01,0,0,0
2015-06-01,0,0,0
2015-06-01,0,0,0
2015-06-01,0,0,0
2015-06-01,0,0,0
2015-06-01,0,0,0
2015-06-01,0,0,0
2015-06-01,21,7,14
2015-06-01,22,10,12
2015-06-01,17,9,8
2015-06-01,13,6,7
2015-06-01,23,10,13
2015-06-01,18,9,9
2015-06-01,53,30,23
2015-06-01,29,16,13
2015-06-01,21,15,6
2015-06-01,11,9,2
2015-06-01,8,3,5
2015-06-01,3,1,2
2015-06-01,5,1,4
2015-06-02,4,4,0
2015-06-02,1,0,1
2015-06-02,0,0,0
2015-06-02,0,0,0
2015-06-02,0,0,0
2015-06-02,6,2,4
2015-06-02,13,2,11
2015-06-02,22,8,14
2015-06-02,20,6,14
2015-06-02,19,14,5
2015-06-02,9,5,4
2015-06-02,20,13,7
2015-06-02,11,5,6
2015-06-02,15,8,7
2015-06-02,16,7,9
2015-06-02,16,10,6
2015-06-02,25,10,15
2015-06-02,48,29,19
2015-06-02,21,9,12
2015-06-02,31,16,15
2015-06-02,18,8,10
2015-06-02,16,8,8
2015-06-02,10,5,5
2015-06-02,4,3,1
2015-06-03,3,0,3
2015-06-03,1,1,0
2015-06-03,1,0,1
2015-06-03,0,0,0
2015-06-03,2,0,2
2015-06-03,2,0,2
2015-06-03,20,6,14
2015-06-03,30,7,23
2015-06-03,19,9,10
2015-06-03,21,9,12
2015-06-03,14,10,4
2015-06-03,16,8,8
2015-06-03,24,9,15
2015-06-03,15,10,5
2015-06-03,25,11,14
2015-06-03,26,10,16
2015-06-03,33,21,12
2015-06-03,46,26,20
2015-06-03,37,18,19
2015-06-03,31,14,17
2015-06-03,27,12,15
2015-06-03,21,10,11
2015-06-03,14,8,6
2015-06-03,4,2,2
2015-06-04,4,1,3
2015-06-04,3,0,3
2015-06-04,2,2,0
2015-06-04,1,0,1
2015-06-04,1,0,1
2015-06-04,3,1,2
2015-06-04,20,2,18
2015-06-04,27,9,18
2015-06-04,28,12,16
2015-06-04,22,13,9
2015-06-04,13,8,5
2015-06-04,23,10,13
2015-06-04,27,11,16
2015-06-04,14,5,9
2015-06-04,24,14,10
2015-06-04,19,8,11
2015-06-04,33,18,15
2015-06-04,54,30,24
2015-06-04,37,15,22
2015-06-04,24,14,10
2015-06-04,21,10,11
2015-06-04,16,8,8
2015-06-04,11,4,7
2015-06-04,13,2,11
2015-06-05,3,3,0
2015-06-05,4,3,1
2015-06-05,3,2,1
2015-06-05,2,1,1
2015-06-05,2,1,1
2015-06-05,4,2,2
2015-06-05,14,5,9
2015-06-05,29,8,21
2015-06-05,23,3,20
2015-06-05,21,10,11
2015-06-05,19,11,8
2015-06-05,15,5,10
2015-06-05,29,16,13
2015-06-05,21,7,14
2015-06-05,29,16,13
2015-06-05,26,12,14
2015-06-05,35,21,14
2015-06-05,45,27,18
2015-06-05,22,12,10
2015-06-05,25,6,19
2015-06-05,16,9,7
2015-06-05,22,9,13
2015-06-05,4,3,1
2015-06-05,11,3,8
2015-06-06,15,7,8
2015-06-06,12,5,7
2015-06-06,2,1,1
2015-06-06,2,0,2
2015-06-06,0,0,0
2015-06-06,2,0,2
2015-06-06,8,3,5
2015-06-06,8,3,5
2015-06-06,9,5,4
2015-06-06,8,3,5
2015-06-06,14,8,6
2015-06-06,11,5,6
2015-06-06,17,10,7
2015-06-06,20,11,9
2015-06-06,16,5,11
2015-06-06,22,14,8
2015-06-06,20,10,10
2015-06-06,21,11,10
2015-06-06,16,5,11
2015-06-06,12,4,8
2015-06-06,15,7,8
2015-06-06,13,7,6
2015-06-06,11,8,3
2015-06-06,7,1,6
2015-06-07,5,1,4
2015-06-07,8,2,6
2015-06-07,8,3,5
2015-06-07,4,2,2
2015-06-07,1,0,1
2015-06-07,0,0,0
2015-06-07,6,1,5
2015-06-07,6,2,4
2015-06-07,9,6,3
2015-06-07,8,2,6
2015-06-07,9,6,3
2015-06-07,24,9,15
2015-06-07,21,10,11
2015-06-07,25,16,9
2015-06-07,19,7,12
2015-06-07,13,2,11
2015-06-07,14,8,6
2015-06-07,19,12,7
2015-06-07,24,10,14
2015-06-07,12,6,6
2015-06-07,21,10,11
2015-06-07,8,2,6
2015-06-07,10,2,8
2015-06-07,7,3,4
2015-06-08,7,4,3
2015-06-08,2,1,1
2015-06-08,4,3,1
2015-06-08,0,0,0
2015-06-08,2,0,2
2015-06-08,6,2,4
2015-06-08,15,6,9
2015-06-08,38,18,20
2015-06-08,26,10,16
2015-06-08,28,13,15
2015-06-08,19,11,8
2015-06-08,21,11,10
2015-06-08,18,7,11
2015-06-08,25,11,14
2015-06-08,20,14,6
2015-06-08,20,8,12
2015-06-08,35,14,21
2015-06-08,46,25,21
2015-06-08,40,25,15
2015-06-08,20,9,11
2015-06-08,20,8,12
2015-06-08,10,7,3
2015-06-08,7,2,5
2015-06-08,5,2,3
2015-06-09,4,0,4
2015-06-09,0,0,0
2015-06-09,0,0,0
2015-06-09,0,0,0
2015-06-09,4,1,3
2015-06-09,3,1,2
2015-06-09,16,8,8
2015-06-09,37,8,29
2015-06-09,28,15,13
2015-06-09,14,8,6
2015-06-09,15,8,7
2015-06-09,16,6,10
2015-06-09,27,11,16
2015-06-09,18,9,9
2015-06-09,31,17,14
2015-06-09,21,11,10
2015-06-09,42,21,21
2015-06-09,53,32,21
2015-06-09,41,22,19
2015-06-09,26,10,16
2015-06-09,23,6,17
2015-06-09,13,3,10
2015-06-09,9,1,8
2015-06-09,8,5,3
2015-06-10,5,3,2
2015-06-10,3,0,3
2015-06-10,0,0,0
2015-06-10,0,0,0
2015-06-10,1,0,1
2015-06-10,7,3,4
2015-06-10,14,6,8
2015-06-10,34,13,21
2015-06-10,32,20,12
2015-06-10,23,10,13
2015-06-10,17,11,6
2015-06-10,29,14,15
2015-06-10,27,10,17
2015-06-10,32,15,17
2015-06-10,18,13,5
2015-06-10,20,13,7
2015-06-10,38,22,16
2015-06-10,51,27,24
2015-06-10,37,20,17
2015-06-10,31,15,16
2015-06-10,32,11,21
2015-06-10,14,4,10
2015-06-10,9,4,5
2015-06-10,13,6,7
2015-06-11,5,2,3
2015-06-11,4,3,1
2015-06-11,0,0,0
2015-06-11,0,0,0
2015-06-11,0,0,0
2015-06-11,7,2,5
2015-06-11,13,3,10
2015-06-11,28,10,18
2015-06-11,27,10,17
2015-06-11,23,12,11
2015-06-11,15,6,9
2015-06-11,22,13,9
2015-06-11,27,10,17
2015-06-11,26,19,7
2015-06-11,20,9,11
2015-06-11,19,8,11
2015-06-11,34,25,9
2015-06-11,46,29,17
2015-06-11,42,19,23
2015-06-11,25,15,10
2015-06-11,23,10,13
2015-06-11,9,4,5
2015-06-11,16,5,11
2015-06-11,11,5,6
2015-06-12,7,3,4
2015-06-12,6,3,3
2015-06-12,4,2,2
2015-06-12,0,0,0
2015-06-12,3,0,3
2015-06-12,2,0,2
2015-06-12,12,2,10
2015-06-12,23,7,16
2015-06-12,26,6,20
2015-06-12,22,9,13
2015-06-12,12,5,7
2015-06-12,13,9,4
2015-06-12,22,10,12
2015-06-12,29,11,18
2015-06-12,18,11,7
2015-06-12,31,19,12
2015-06-12,35,16,19
2015-06-12,55,37,18
2015-06-12,32,13,19
2015-06-12,17,9,8
2015-06-12,21,13,8
2015-06-12,14,7,7
2015-06-12,7,4,3
2015-06-12,17,7,10
2015-06-13,5,3,2
2015-06-13,15,1,14
2015-06-13,1,0,1
2015-06-13,1,1,0
2015-06-13,0,0,0
2015-06-13,1,0,1
2015-06-13,10,6,4
2015-06-13,14,5,9
2015-06-13,5,4,1
2015-06-13,6,4,2
2015-06-13,18,10,8
2015-06-13,18,10,8
2015-06-13,20,7,13
2015-06-13,13,7,6
2015-06-13,19,10,9
2015-06-13,11,8,3
2015-06-13,21,6,15
2015-06-13,14,8,6
2015-06-13,21,10,11
2015-06-13,17,8,9
2015-06-13,7,3,4
2015-06-13,12,6,6
2015-06-13,8,2,6
2015-06-13,10,6,4
2015-06-14,14,5,9
2015-06-14,10,5,5
2015-06-14,9,4,5
2015-06-14,0,0,0
2015-06-14,0,0,0
2015-06-14,1,0,1
2015-06-14,8,4,4
2015-06-14,6,2,4
2015-06-14,6,3,3
2015-06-14,12,9,3
2015-06-14,6,5,1
2015-06-14,13,9,4
2015-06-14,21,12,9
2015-06-14,26,14,12
2015-06-14,21,9,12
2015-06-14,13,8,5
2015-06-14,12,5,7
2015-06-14,20,8,12
2015-06-14,17,12,5
2015-06-14,12,7,5
2015-06-14,8,5,3
2015-06-14,12,5,7
2015-06-14,10,4,6
2015-06-14,2,2,0
2015-06-15,3,2,1
2015-06-15,6,2,4
2015-06-15,4,2,2
2015-06-15,0,0,0
2015-06-15,3,0,3
2015-06-15,4,2,2
2015-06-15,16,6,10
2015-06-15,31,10,21
2015-06-15,27,9,18
2015-06-15,22,12,10
2015-06-15,12,9,3
2015-06-15,24,12,12
2015-06-15,18,7,11
2015-06-15,19,9,10
2015-06-15,31,18,13
2015-06-15,24,8,16
2015-06-15,35,22,13
2015-06-15,47,27,20
2015-06-15,47,21,26
2015-06-15,21,13,8
2015-06-15,18,6,12
2015-06-15,14,9,5
2015-06-15,8,2,6
2015-06-15,9,5,4
2015-06-16,2,1,1
2015-06-16,2,1,1
2015-06-16,0,0,0
2015-06-16,2,1,1
2015-06-16,5,1,4
2015-06-16,8,2,6
2015-06-16,16,5,11
2015-06-16,35,11,24
2015-06-16,30,14,16
2015-06-16,27,12,15
2015-06-16,26,16,10
2015-06-16,25,12,13
2015-06-16,29,20,9
2015-06-16,26,12,14
2015-06-16,27,16,11
2015-06-16,23,12,11
2015-06-16,35,21,14
2015-06-16,60,37,23
2015-06-16,40,23,17
2015-06-16,21,10,11
2015-06-16,13,5,8
2015-06-16,13,7,6
2015-06-16,9,3,6
2015-06-16,10,5,5
2015-06-17,8,6,2
2015-06-17,6,3,3
2015-06-17,0,0,0
2015-06-17,1,1,0
2015-06-17,4,1,3
2015-06-17,6,2,4
2015-06-17,19,5,14
2015-06-17,33,7,26
2015-06-17,26,9,17
2015-06-17,24,13,11
2015-06-17,21,16,5
2015-06-17,18,7,11
2015-06-17,12,4,8
2015-06-17,19,9,10
2015-06-17,23,11,12
2015-06-17,22,11,11
2015-06-17,44,21,23
2015-06-17,45,30,15
2015-06-17,39,15,24
2015-06-17,32,19,13
2015-06-17,26,13,13
2015-06-17,17,12,5
2015-06-17,10,4,6
2015-06-17,10,6,4
2015-06-18,5,1,4
2015-06-18,5,1,4
2015-06-18,3,0,3
2015-06-18,0,0,0
2015-06-18,3,0,3
2015-06-18,5,1,4
2015-06-18,16,2,14
2015-06-18,27,5,22
2015-06-18,27,12,15
2015-06-18,26,14,12
2015-06-18,13,9,4
2015-06-18,26,14,12
2015-06-18,20,6,14
2015-06-18,15,5,10
2015-06-18,19,8,11
2015-06-18,25,15,10
2015-06-18,34,18,16
2015-06-18,38,26,12
2015-06-18,22,13,9
2015-06-18,29,13,16
2015-06-18,16,10,6
2015-06-18,9,6,3
2015-06-18,9,4,5
2015-06-18,11,5,6
2015-06-19,9,4,5
2015-06-19,4,2,2
2015-06-19,1,1,0
2015-06-19,2,0,2
2015-06-19,3,0,3
2015-06-19,3,0,3
2015-06-19,10,3,7
2015-06-19,27,9,18
2015-06-19,27,10,17
2015-06-19,17,5,12
2015-06-19,12,9,3
2015-06-19,20,9,11
2015-06-19,12,2,10
2015-06-19,26,7,19
2015-06-19,20,16,4
2015-06-19,23,16,7
2015-06-19,37,27,10
2015-06-19,38,16,22
2015-06-19,21,11,10
2015-06-19,25,11,14
2015-06-19,23,14,9
2015-06-19,14,4,10
2015-06-19,16,11,5
2015-06-19,13,6,7
2015-06-20,6,2,4
2015-06-20,11,2,9
2015-06-20,12,3,9
2015-06-20,1,1,0
2015-06-20,0,0,0
2015-06-20,2,0,2
2015-06-20,9,3,6
2015-06-20,5,2,3
2015-06-20,5,3,2
2015-06-20,7,6,1
2015-06-20,20,11,9
2015-06-20,19,6,13
2015-06-20,33,16,17
2015-06-20,18,10,8
2015-06-20,11,9,2
2015-06-20,18,7,11
2015-06-20,24,13,11
2015-06-20,13,3,10
2015-06-20,18,8,10
2015-06-20,11,6,5
2015-06-20,9,4,5
2015-06-20,17,9,8
2015-06-20,12,4,8
2015-06-20,12,5,7
2015-06-21,6,2,4
2015-06-21,6,3,3
2015-06-21,8,2,6
2015-06-21,5,3,2
2015-06-21,1,0,1
2015-06-21,0,0,0
2015-06-21,4,1,3
2015-06-21,7,4,3
2015-06-21,5,3,2
2015-06-21,12,8,4
2015-06-21,12,8,4
2015-06-21,18,9,9
2015-06-21,13,9,4
2015-06-21,21,11,10
2015-06-21,19,4,15
2015-06-21,15,2,13
2015-06-21,17,8,9
2015-06-21,13,2,11
2015-06-21,17,4,13
2015-06-21,13,9,4
2015-06-21,11,7,4
2015-06-21,5,1,4
2015-06-21,5,1,4
2015-06-21,5,3,2
2015-06-22,2,2,0
2015-06-22,2,0,2
2015-06-22,3,1,2
2015-06-22,1,0,1
2015-06-22,2,1,1
2015-06-22,5,1,4
2015-06-22,10,2,8
2015-06-22,29,5,24
2015-06-22,40,11,29
2015-06-22,13,5,8
2015-06-22,11,6,5
2015-06-22,18,7,11
2015-06-22,15,6,9
2015-06-22,24,10,14
2015-06-22,31,10,21
2015-06-22,22,16,6
2015-06-22,41,26,15
2015-06-22,28,17,11
2015-06-22,34,17,17
2015-06-22,25,14,11
2015-06-22,16,7,9
2015-06-22,10,5,5
2015-06-22,11,6,5
2015-06-22,9,4,5
2015-06-23,3,1,2
2015-06-23,1,0,1
2015-06-23,0,0,0
2015-06-23,1,1,0
2015-06-23,1,0,1
2015-06-23,8,3,5
2015-06-23,17,2,15
2015-06-23,38,10,28
2015-06-23,28,6,22
2015-06-23,31,15,16
2015-06-23,18,14,4
2015-06-23,17,6,11
2015-06-23,10,3,7
2015-06-23,15,9,6
2015-06-23,13,10,3
2015-06-23,30,17,13
2015-06-23,38,24,14
2015-06-23,62,37,25
2015-06-23,50,24,26
2015-06-23,31,16,15
2015-06-23,24,13,11
2015-06-23,15,9,6
2015-06-23,11,6,5
2015-06-23,5,2,3
2015-06-24,2,1,1
2015-06-24,2,0,2
2015-06-24,5,2,3
2015-06-24,0,0,0
2015-06-24,2,2,0
2015-06-24,6,1,5
2015-06-24,14,4,10
2015-06-24,37,6,31
2015-06-24,25,7,18
2015-06-24,27,12,15
2015-06-24,15,10,5
2015-06-24,22,10,12
2015-06-24,31,15,16
2015-06-24,24,12,12
2015-06-24,16,9,7
2015-06-24,23,13,10
2015-06-24,42,24,18
2015-06-24,49,28,21
2015-06-24,42,23,19
2015-06-24,39,18,21
2015-06-24,16,6,10
2015-06-24,8,5,3
2015-06-24,9,4,5
2015-06-24,8,6,2
2015-06-25,5,1,4
2015-06-25,7,2,5
2015-06-25,1,0,1
2015-06-25,0,0,0
2015-06-25,2,2,0
2015-06-25,8,2,6
2015-06-25,26,3,23
2015-06-25,33,11,22
2015-06-25,29,4,25
2015-06-25,24,10,14
2015-06-25,18,9,9
2015-06-25,10,4,6
2015-06-25,19,10,9
2015-06-25,24,11,13
2015-06-25,15,8,7
2015-06-25,29,18,11
2015-06-25,44,30,14
2015-06-25,69,37,32
2015-06-25,44,16,28
2015-06-25,22,14,8
2015-06-25,30,15,15
2015-06-25,15,7,8
2015-06-25,10,6,4
2015-06-25,17,5,12
2015-06-26,5,2,3
2015-06-26,5,1,4
2015-06-26,5,1,4
2015-06-26,0,0,0
2015-06-26,3,0,3
2015-06-26,5,3,2
2015-06-26,19,7,12
2015-06-26,31,7,24
2015-06-26,28,11,17
2015-06-26,22,10,12
2015-06-26,14,9,5
2015-06-26,34,14,20
2015-06-26,16,7,9
2015-06-26,18,6,12
2015-06-26,32,22,10
2015-06-26,26,15,11
2015-06-26,48,22,26
2015-06-26,38,18,20
2015-06-26,37,23,14
2015-06-26,24,13,11
2015-06-26,21,11,10
2015-06-26,19,4,15
2015-06-26,18,7,11
2015-06-26,23,9,14
2015-06-27,12,6,6
2015-06-27,11,4,7
2015-06-27,12,5,7
2015-06-27,1,0,1
2015-06-27,0,0,0
2015-06-27,7,2,5
2015-06-27,11,3,8
2015-06-27,10,1,9
2015-06-27,13,7,6
2015-06-27,12,5,7
2015-06-27,9,7,2
2015-06-27,14,6,8
2015-06-27,22,10,12
2015-06-27,16,9,7
2015-06-27,29,16,13
2015-06-27,28,12,16
2015-06-27,23,17,6
2015-06-27,19,11,8
2015-06-27,20,12,8
2015-06-27,31,19,12
2015-06-27,15,4,11
2015-06-27,12,8,4
2015-06-27,14,5,9
2015-06-27,24,10,14
2015-06-28,17,2,15
2015-06-28,28,10,18
2015-06-28,18,4,14
2015-06-28,5,2,3
2015-06-28,1,1,0
2015-06-28,4,2,2
2015-06-28,9,1,8
2015-06-28,8,3,5
2015-06-28,12,3,9
2015-06-28,6,4,2
2015-06-28,11,8,3
2015-06-28,15,11,4
2015-06-28,17,8,9
2015-06-28,22,11,11
2015-06-28,19,5,14
2015-06-28,25,9,16
2015-06-28,26,12,14
2015-06-28,19,8,11
2015-06-28,17,5,12
2015-06-28,17,9,8
2015-06-28,7,5,2
2015-06-28,13,6,7
2015-06-28,8,2,6
2015-06-28,6,4,2
2015-06-29,3,1,2
2015-06-29,1,0,1
2015-06-29,5,2,3
2015-06-29,0,0,0
2015-06-29,3,0,3
2015-06-29,6,0,6
2015-06-29,22,8,14
2015-06-29,36,10,26
2015-06-29,34,8,26
2015-06-29,20,9,11
2015-06-29,16,7,9
2015-06-29,19,11,8
2015-06-29,20,8,12
2015-06-29,35,17,18
2015-06-29,24,12,12
2015-06-29,32,18,14
2015-06-29,34,20,14
2015-06-29,52,35,17
2015-06-29,36,21,15
2015-06-29,24,12,12
2015-06-29,15,9,6
2015-06-29,14,10,4
2015-06-29,11,6,5
2015-06-29,8,5,3
2015-06-30,2,0,2
2015-06-30,1,0,1
2015-06-30,0,0,0
2015-06-30,1,0,1
2015-06-30,2,0,2
2015-06-30,6,0,6
2015-06-30,22,4,18
2015-06-30,41,9,32
2015-06-30,38,10,28
2015-06-30,23,16,7
2015-06-30,20,12,8
2015-06-30,27,10,17
2015-06-30,25,13,12
2015-06-30,17,4,13
2015-06-30,34,16,18
2015-06-30,27,17,10
2015-06-30,51,35,16
2015-06-30,53,36,17
2015-06-30,45,26,19
2015-06-30,27,16,11
2015-06-30,23,7,16
2015-06-30,21,5,16
2015-06-30,7,5,2
2015-06-30,17,12,5
2015-07-01,6,2,4
2015-07-01,1,1,0
2015-07-01,2,0,2
2015-07-01,3,0,3
2015-07-01,1,0,1
2015-07-01,3,0,3
2015-07-01,25,6,19
2015-07-01,38,9,29
2015-07-01,43,13,30
2015-07-01,22,8,14
2015-07-01,27,15,12
2015-07-01,22,12,10
2015-07-01,26,8,18
2015-07-01,19,9,10
2015-07-01,16,8,8
2015-07-01,28,12,16
2015-07-01,46,31,15
2015-07-01,58,39,19
2015-07-01,53,31,22
2015-07-01,26,15,11
2015-07-01,31,17,14
2015-07-01,17,7,10
2015-07-01,17,7,10
2015-07-01,12,7,5
2015-07-02,12,1,11
2015-07-02,44,13,31
2015-07-02,6,2,4
2015-07-02,2,0,2
2015-07-02,1,1,0
2015-07-02,4,2,2
2015-07-02,25,4,21
2015-07-02,30,8,22
2015-07-02,39,12,27
2015-07-02,25,12,13
2015-07-02,16,11,5
2015-07-02,17,9,8
2015-07-02,32,15,17
2015-07-02,20,14,6
2015-07-02,25,17,8
2015-07-02,19,9,10
2015-07-02,41,19,22
2015-07-02,43,29,14
2015-07-02,26,12,14
2015-07-02,30,13,17
2015-07-02,28,11,17
2015-07-02,15,8,7
2015-07-02,9,2,7
2015-07-02,18,9,9
2015-07-03,7,3,4
2015-07-03,11,4,7
2015-07-03,0,0,0
2015-07-03,1,0,1
2015-07-03,2,1,1
2015-07-03,4,1,3
2015-07-03,14,4,10
2015-07-03,11,4,7
2015-07-03,10,5,5
2015-07-03,6,3,3
2015-07-03,13,6,7
2015-07-03,19,6,13
2015-07-03,21,12,9
2015-07-03,29,16,13
2015-07-03,20,10,10
2015-07-03,18,13,5
2015-07-03,19,6,13
2015-07-03,17,7,10
2015-07-03,20,7,13
2015-07-03,17,11,6
2015-07-03,8,4,4
2015-07-03,9,6,3
2015-07-03,15,8,7
2015-07-03,9,3,6
2015-07-04,7,3,4
2015-07-04,8,5,3
2015-07-04,10,2,8
2015-07-04,1,0,1
2015-07-04,1,1,0
2015-07-04,5,2,3
2015-07-04,6,1,5
2015-07-04,5,0,5
2015-07-04,4,2,2
2015-07-04,1,0,1
2015-07-04,3,3,0
2015-07-04,11,7,4
2015-07-04,16,8,8
2015-07-04,10,8,2
2015-07-04,12,6,6
2015-07-04,12,8,4
2015-07-04,20,11,9
2015-07-04,15,4,11
2015-07-04,7,3,4
2015-07-04,5,4,1
2015-07-04,5,1,4
2015-07-04,15,12,3
2015-07-04,4,0,4
2015-07-04,11,5,6
2015-07-05,5,3,2
2015-07-05,11,4,7
2015-07-05,5,1,4
2015-07-05,1,0,1
2015-07-05,0,0,0
2015-07-05,2,0,2
2015-07-05,5,0,5
2015-07-05,10,2,8
2015-07-05,6,2,4
2015-07-05,9,3,6
2015-07-05,15,7,8
2015-07-05,11,8,3
2015-07-05,15,8,7
2015-07-05,21,12,9
2015-07-05,10,5,5
2015-07-05,25,8,17
2015-07-05,12,3,9
2015-07-05,8,5,3
2015-07-05,15,9,6
2015-07-05,11,4,7
2015-07-05,10,8,2
2015-07-05,6,4,2
2015-07-05,11,5,6
2015-07-05,5,3,2
2015-07-06,4,2,2
2015-07-06,0,0,0
2015-07-06,3,1,2
2015-07-06,1,0,1
2015-07-06,2,1,1
2015-07-06,7,1,6
2015-07-06,25,4,21
2015-07-06,39,14,25
2015-07-06,40,15,25
2015-07-06,20,10,10
2015-07-06,19,10,9
2015-07-06,15,7,8
2015-07-06,15,7,8
2015-07-06,29,13,16
2015-07-06,21,12,9
2015-07-06,23,13,10
2015-07-06,32,20,12
2015-07-06,44,25,19
2015-07-06,30,18,12
2015-07-06,28,13,15
2015-07-06,20,10,10
2015-07-06,17,8,9
2015-07-06,10,3,7
2015-07-06,8,3,5
2015-07-07,4,3,1
2015-07-07,1,1,0
2015-07-07,1,0,1
2015-07-07,0,0,0
2015-07-07,2,0,2
2015-07-07,10,0,10
2015-07-07,24,8,16
2015-07-07,39,13,26
2015-07-07,36,16,20
2015-07-07,29,14,15
2015-07-07,17,13,4
2015-07-07,15,6,9
2015-07-07,28,16,12
2015-07-07,17,7,10
2015-07-07,20,8,12
2015-07-07,27,18,9
2015-07-07,41,25,16
2015-07-07,54,31,23
2015-07-07,42,23,19
2015-07-07,29,15,14
2015-07-07,14,9,5
2015-07-07,16,9,7
2015-07-07,16,3,13
2015-07-07,6,4,2
2015-07-08,1,1,0
2015-07-08,0,0,0
2015-07-08,2,1,1
2015-07-08,1,1,0
2015-07-08,2,0,2
2015-07-08,6,0,6
2015-07-08,27,8,19
2015-07-08,39,11,28
2015-07-08,32,11,21
2015-07-08,25,9,16
2015-07-08,10,8,2
2015-07-08,21,9,12
2015-07-08,20,10,10
2015-07-08,14,5,9
2015-07-08,19,10,9
2015-07-08,20,10,10
2015-07-08,36,19,17
2015-07-08,57,32,25
2015-07-08,53,28,25
2015-07-08,33,21,12
2015-07-08,22,10,12
2015-07-08,26,12,14
2015-07-08,25,13,12
2015-07-08,3,1,2
2015-07-09,3,1,2
2015-07-09,4,2,2
2015-07-09,3,1,2
2015-07-09,1,1,0
2015-07-09,3,2,1
2015-07-09,12,0,12
2015-07-09,23,4,19
2015-07-09,27,6,21
2015-07-09,39,12,27
2015-07-09,34,19,15
2015-07-09,12,6,6
2015-07-09,16,9,7
2015-07-09,26,12,14
2015-07-09,12,7,5
2015-07-09,28,13,15
2015-07-09,18,11,7
2015-07-09,39,26,13
2015-07-09,52,35,17
2015-07-09,43,22,21
2015-07-09,35,29,6
2015-07-09,17,8,9
2015-07-09,9,5,4
2015-07-09,13,8,5
2015-07-09,10,2,8
2015-07-10,9,3,6
2015-07-10,3,1,2
2015-07-10,3,1,2
2015-07-10,0,0,0
2015-07-10,4,0,4
2015-07-10,6,1,5
2015-07-10,18,2,16
2015-07-10,29,10,19
2015-07-10,24,10,14
2015-07-10,17,9,8
2015-07-10,12,7,5
2015-07-10,19,11,8
2015-07-10,13,4,9
2015-07-10,27,17,10
2015-07-10,16,9,7
2015-07-10,25,11,14
2015-07-10,40,27,13
2015-07-10,52,33,19
2015-07-10,35,19,16
2015-07-10,23,9,14
2015-07-10,14,8,6
2015-07-10,12,8,4
2015-07-10,9,4,5
2015-07-10,15,5,10
2015-07-11,7,4,3
2015-07-11,10,4,6
2015-07-11,9,4,5
2015-07-11,0,0,0
2015-07-11,4,0,4
2015-07-11,6,0,6
2015-07-11,9,2,7
2015-07-11,8,2,6
2015-07-11,7,4,3
2015-07-11,7,5,2
2015-07-11,8,3,5
2015-07-11,22,17,5
2015-07-11,14,5,9
2015-07-11,19,15,4
2015-07-11,16,5,11
2015-07-11,11,3,8
2015-07-11,16,10,6
2015-07-11,20,7,13
2015-07-11,17,8,9
2015-07-11,6,4,2
2015-07-11,12,4,8
2015-07-11,8,2,6
2015-07-11,12,6,6
2015-07-11,8,4,4
2015-07-12,15,8,7
2015-07-12,8,1,7
2015-07-12,6,2,4
2015-07-12,8,1,7
2015-07-12,5,1,4
2015-07-12,2,0,2
2015-07-12,6,2,4
2015-07-12,3,0,3
2015-07-12,2,2,0
2015-07-12,11,6,5
2015-07-12,12,6,6
2015-07-12,16,8,8
2015-07-12,14,5,9
2015-07-12,23,10,13
2015-07-12,11,6,5
2015-07-12,18,7,11
2015-07-12,29,14,15
2015-07-12,22,13,9
2015-07-12,14,8,6
2015-07-12,10,7,3
2015-07-12,13,7,6
2015-07-12,4,1,3
2015-07-12,8,4,4
2015-07-12,7,4,3
2015-07-13,4,0,4
2015-07-13,0,0,0
2015-07-13,4,1,3
2015-07-13,1,1,0
2015-07-13,1,0,1
2015-07-13,8,0,8
2015-07-13,24,7,17
2015-07-13,44,14,30
2015-07-13,29,7,22
2015-07-13,27,13,14
2015-07-13,15,8,7
2015-07-13,20,6,14
2015-07-13,24,12,12
2015-07-13,31,10,21
2015-07-13,23,9,14
2015-07-13,35,22,13
2015-07-13,36,21,15
2015-07-13,51,32,19
2015-07-13,36,18,18
2015-07-13,31,14,17
2015-07-13,17,8,9
2015-07-13,14,7,7
2015-07-13,11,2,9
2015-07-13,8,4,4
2015-07-14,1,1,0
2015-07-14,1,0,1
2015-07-14,1,0,1
2015-07-14,3,2,1
2015-07-14,3,1,2
2015-07-14,5,0,5
2015-07-14,32,9,23
2015-07-14,47,16,31
2015-07-14,35,12,23
2015-07-14,23,13,10
2015-07-14,12,7,5
2015-07-14,17,9,8
2015-07-14,20,7,13
2015-07-14,28,12,16
2015-07-14,16,6,10
2015-07-14,24,11,13
2015-07-14,49,31,18
2015-07-14,48,35,13
2015-07-14,38,18,20
2015-07-14,23,13,10
2015-07-14,21,7,14
2015-07-14,8,3,5
2015-07-14,16,8,8
2015-07-14,13,7,6
2015-07-15,3,1,2
2015-07-15,4,4,0
2015-07-15,2,0,2
2015-07-15,0,0,0
2015-07-15,2,1,1
2015-07-15,8,3,5
2015-07-15,24,8,16
2015-07-15,40,11,29
2015-07-15,37,14,23
2015-07-15,19,11,8
2015-07-15,13,4,9
2015-07-15,18,7,11
2015-07-15,16,7,9
2015-07-15,14,5,9
2015-07-15,19,10,9
2015-07-15,27,14,13
2015-07-15,48,29,19
2015-07-15,63,33,30
2015-07-15,41,22,19
2015-07-15,29,15,14
2015-07-15,25,13,12
2015-07-15,18,7,11
2015-07-15,14,8,6
2015-07-15,9,3,6
2015-07-16,4,3,1
2015-07-16,8,4,4
2015-07-16,1,0,1
2015-07-16,0,0,0
2015-07-16,6,3,3
2015-07-16,9,2,7
2015-07-16,20,6,14
2015-07-16,33,5,28
2015-07-16,23,11,12
2015-07-16,25,11,14
2015-07-16,19,14,5
2015-07-16,26,14,12
2015-07-16,24,11,13
2015-07-16,30,10,20
2015-07-16,14,6,8
2015-07-16,21,17,4
2015-07-16,37,21,16
2015-07-16,43,24,19
2015-07-16,44,24,20
2015-07-16,21,9,12
2015-07-16,28,16,12
2015-07-16,13,7,6
2015-07-16,15,8,7
2015-07-16,10,6,4
2015-07-17,8,4,4
2015-07-17,7,4,3
2015-07-17,5,2,3
2015-07-17,1,1,0
2015-07-17,4,1,3
2015-07-17,10,3,7
2015-07-17,13,4,9
2015-07-17,44,8,36
2015-07-17,25,6,19
2015-07-17,16,8,8
2015-07-17,17,13,4
2015-07-17,26,15,11
2015-07-17,15,8,7
2015-07-17,19,10,9
2015-07-17,19,11,8
2015-07-17,30,18,12
2015-07-17,30,24,6
2015-07-17,47,22,25
2015-07-17,29,17,12
2015-07-17,21,10,11
2015-07-17,11,5,6
2015-07-17,12,4,8
2015-07-17,15,10,5
2015-07-17,10,6,4
2015-07-18,13,7,6
2015-07-18,18,8,10
2015-07-18,6,0,6
2015-07-18,3,3,0
2015-07-18,2,0,2
2015-07-18,6,1,5
2015-07-18,9,3,6
2015-07-18,11,4,7
2015-07-18,7,3,4
2015-07-18,10,9,1
2015-07-18,7,3,4
2015-07-18,25,16,9
2015-07-18,18,7,11
2015-07-18,22,7,15
2015-07-18,20,12,8
2015-07-18,19,5,14
2015-07-18,19,8,11
2015-07-18,13,9,4
2015-07-18,11,1,10
2015-07-18,15,11,4
2015-07-18,8,4,4
2015-07-18,9,6,3
2015-07-18,11,4,7
2015-07-18,14,7,7
2015-07-19,5,3,2
2015-07-19,21,5,16
2015-07-19,7,1,6
2015-07-19,3,0,3
2015-07-19,1,0,1
2015-07-19,4,1,3
2015-07-19,7,3,4
2015-07-19,9,3,6
2015-07-19,9,6,3
2015-07-19,7,4,3
2015-07-19,7,5,2
2015-07-19,18,7,11
2015-07-19,14,5,9
2015-07-19,12,8,4
2015-07-19,23,11,12
2015-07-19,12,6,6
2015-07-19,12,7,5
2015-07-19,9,5,4
2015-07-19,12,6,6
2015-07-19,14,5,9
2015-07-19,16,8,8
2015-07-19,11,3,8
2015-07-19,13,7,6
2015-07-19,5,2,3
2015-07-20,6,3,3
2015-07-20,8,4,4
2015-07-20,1,0,1
2015-07-20,3,1,2
2015-07-20,2,0,2
2015-07-20,6,1,5
2015-07-20,18,3,15
2015-07-20,37,13,24
2015-07-20,45,16,29
2015-07-20,25,14,11
2015-07-20,19,6,13
2015-07-20,25,11,14
2015-07-20,25,17,8
2015-07-20,17,8,9
2015-07-20,27,12,15
2015-07-20,19,11,8
2015-07-20,39,29,10
2015-07-20,53,31,22
2015-07-20,43,21,22
2015-07-20,33,14,19
2015-07-20,29,15,14
2015-07-20,7,4,3
2015-07-20,15,6,9
2015-07-20,11,2,9
2015-07-21,3,1,2
2015-07-21,4,2,2
2015-07-21,2,0,2
2015-07-21,0,0,0
2015-07-21,1,0,1
2015-07-21,6,2,4
2015-07-21,21,5,16
2015-07-21,38,11,27
2015-07-21,34,10,24
2015-07-21,19,13,6
2015-07-21,12,7,5
2015-07-21,19,10,9
2015-07-21,16,13,3
2015-07-21,22,7,15
2015-07-21,20,13,7
2015-07-21,23,16,7
2015-07-21,36,21,15
2015-07-21,57,34,23
2015-07-21,37,20,17
2015-07-21,29,18,11
2015-07-21,23,8,15
2015-07-21,11,7,4
2015-07-21,22,11,11
2015-07-21,14,7,7
2015-07-22,4,1,3
2015-07-22,1,0,1
2015-07-22,3,2,1
2015-07-22,0,0,0
2015-07-22,1,0,1
2015-07-22,4,2,2
2015-07-22,28,5,23
2015-07-22,42,9,33
2015-07-22,31,16,15
2015-07-22,32,23,9
2015-07-22,14,10,4
2015-07-22,20,11,9
2015-07-22,22,10,12
2015-07-22,25,13,12
2015-07-22,22,11,11
2015-07-22,20,11,9
2015-07-22,45,19,26
2015-07-22,61,33,28
2015-07-22,50,33,17
2015-07-22,41,18,23
2015-07-22,13,9,4
2015-07-22,12,5,7
2015-07-22,20,9,11
2015-07-22,5,1,4
2015-07-23,7,4,3
2015-07-23,1,1,0
2015-07-23,4,2,2
2015-07-23,1,0,1
2015-07-23,1,0,1
2015-07-23,8,2,6
2015-07-23,35,6,29
2015-07-23,36,5,31
2015-07-23,31,11,20
2015-07-23,16,9,7
2015-07-23,11,6,5
2015-07-23,19,11,8
2015-07-23,22,16,6
2015-07-23,20,6,14
2015-07-23,12,9,3
2015-07-23,30,13,17
2015-07-23,29,21,8
2015-07-23,51,33,18
2015-07-23,46,28,18
2015-07-23,28,17,11
2015-07-23,20,8,12
2015-07-23,12,7,5
2015-07-23,12,6,6
2015-07-23,7,6,1
2015-07-24,2,2,0
2015-07-24,8,3,5
2015-07-24,4,1,3
2015-07-24,1,0,1
2015-07-24,3,1,2
2015-07-24,0,0,0
2015-07-24,1,0,1
2015-07-24,0,0,0
2015-07-24,3,3,0
2015-07-24,4,4,0
2015-07-24,2,1,1
2015-07-24,2,0,2
2015-07-24,3,1,2
2015-07-24,5,0,5
2015-07-24,5,0,5
2015-07-24,7,0,7
2015-07-24,6,0,6
2015-07-24,59,30,29
2015-07-24,43,23,20
2015-07-24,43,16,27
2015-07-24,51,25,26
2015-07-24,28,12,16
2015-07-24,29,14,15
2015-07-24,30,15,15
2015-07-25,16,4,12
2015-07-25,7,1,6
2015-07-25,0,0,0
2015-07-25,0,0,0
2015-07-25,0,0,0
2015-07-25,2,1,1
2015-07-25,4,0,4
2015-07-25,6,1,5
2015-07-25,6,4,2
2015-07-25,6,3,3
2015-07-25,8,6,2
2015-07-25,13,11,2
2015-07-25,22,10,12
2015-07-25,18,13,5
2015-07-25,8,4,4
2015-07-25,18,9,9
2015-07-25,22,10,12
2015-07-25,23,12,11
2015-07-25,20,9,11
2015-07-25,29,18,11
2015-07-25,2,1,1
2015-07-25,0,0,0
2015-07-25,8,1,7
2015-07-25,6,4,2
2015-07-26,3,0,3
2015-07-26,3,1,2
2015-07-26,2,0,2
2015-07-26,0,0,0
2015-07-26,0,0,0
2015-07-26,2,2,0
2015-07-26,1,0,1
2015-07-26,4,0,4
2015-07-26,0,0,0
2015-07-26,0,0,0
2015-07-26,0,0,0
2015-07-26,3,2,1
2015-07-26,0,0,0
2015-07-26,0,0,0
2015-07-26,0,0,0
2015-07-26,4,0,4
2015-07-26,1,0,1
2015-07-26,0,0,0
2015-07-26,2,0,2
2015-07-26,0,0,0
2015-07-26,0,0,0
2015-07-26,2,0,2
2015-07-26,0,0,0
2015-07-26,0,0,0
2015-07-27,0,0,0
2015-07-27,0,0,0
2015-07-27,0,0,0
2015-07-27,2,0,2
2015-07-27,0,0,0
2015-07-27,12,2,10
2015-07-27,23,4,19
2015-07-27,24,7,17
2015-07-27,23,7,16
2015-07-27,27,13,14
2015-07-27,9,7,2
2015-07-27,21,8,13
2015-07-27,19,10,9
2015-07-27,15,11,4
2015-07-27,21,10,11
2015-07-27,17,9,8
2015-07-27,35,20,15
2015-07-27,41,23,18
2015-07-27,23,13,10
2015-07-27,29,18,11
2015-07-27,20,12,8
2015-07-27,13,4,9
2015-07-27,6,3,3
2015-07-27,7,1,6
2015-07-28,4,2,2
2015-07-28,1,0,1
2015-07-28,1,0,1
2015-07-28,0,0,0
2015-07-28,1,0,1
2015-07-28,5,2,3
2015-07-28,14,2,12
2015-07-28,34,14,20
2015-07-28,36,13,23
2015-07-28,27,10,17
2015-07-28,15,9,6
2015-07-28,17,9,8
2015-07-28,17,10,7
2015-07-28,20,7,13
2015-07-28,11,3,8
2015-07-28,25,12,13
2015-07-28,34,22,12
2015-07-28,62,43,19
2015-07-28,26,15,11
2015-07-28,27,10,17
2015-07-28,18,9,9
2015-07-28,13,7,6
2015-07-28,8,6,2
2015-07-28,8,6,2
2015-07-29,2,2,0
2015-07-29,2,0,2
2015-07-29,6,4,2
2015-07-29,1,0,1
2015-07-29,2,2,0
2015-07-29,6,1,5
2015-07-29,17,4,13
2015-07-29,32,9,23
2015-07-29,33,14,19
2015-07-29,22,10,12
2015-07-29,14,8,6
2015-07-29,22,9,13
2015-07-29,26,15,11
2015-07-29,11,4,7
2015-07-29,21,10,11
2015-07-29,16,6,10
2015-07-29,41,26,15
2015-07-29,44,24,20
2015-07-29,35,18,17
2015-07-29,26,9,17
2015-07-29,25,15,10
2015-07-29,21,13,8
2015-07-29,10,3,7
2015-07-29,6,5,1
2015-07-30,6,2,4
2015-07-30,3,0,3
2015-07-30,17,8,9
2015-07-30,1,0,1
2015-07-30,2,1,1
2015-07-30,10,2,8
2015-07-30,13,4,9
2015-07-30,38,14,24
2015-07-30,33,8,25
2015-07-30,19,8,11
2015-07-30,12,7,5
2015-07-30,17,7,10
2015-07-30,18,10,8
2015-07-30,17,8,9
2015-07-30,13,5,8
2015-07-30,17,9,8
2015-07-30,35,22,13
2015-07-30,38,20,18
2015-07-30,44,24,20
2015-07-30,16,10,6
2015-07-30,20,7,13
2015-07-30,16,9,7
2015-07-30,11,5,6
2015-07-30,20,11,9
2015-07-31,12,7,5
2015-07-31,3,0,3
2015-07-31,0,0,0
2015-07-31,1,0,1
2015-07-31,2,1,1
2015-07-31,3,1,2
2015-07-31,17,3,14
2015-07-31,33,8,25
2015-07-31,38,15,23
2015-07-31,20,11,9
2015-07-31,7,4,3
2015-07-31,11,3,8
2015-07-31,13,3,10
2015-07-31,21,9,12
2015-07-31,25,13,12
2015-07-31,25,18,7
2015-07-31,32,18,14
2015-07-31,39,23,16
2015-07-31,24,16,8
2015-07-31,16,8,8
2015-07-31,16,9,7
2015-07-31,13,10,3
2015-07-31,15,6,9
2015-07-31,15,11,4
2015-08-01,10,5,5
2015-08-01,14,3,11
2015-08-01,9,5,4
2015-08-01,0,0,0
2015-08-01,1,0,1
2015-08-01,7,1,6
2015-08-01,3,0,3
2015-08-01,7,5,2
2015-08-01,6,2,4
2015-08-01,10,6,4
2015-08-01,13,7,6
2015-08-01,18,9,9
2015-08-01,14,6,8
2015-08-01,13,5,8
2015-08-01,11,7,4
2015-08-01,19,6,13
2015-08-01,27,12,15
2015-08-01,19,8,11
2015-08-01,26,10,16
2015-08-01,15,8,7
2015-08-01,8,1,7
2015-08-01,14,8,6
2015-08-01,14,5,9
2015-08-01,14,7,7
2015-08-02,10,5,5
2015-08-02,11,8,3
2015-08-02,9,2,7
2015-08-02,1,0,1
2015-08-02,0,0,0
2015-08-02,4,1,3
2015-08-02,10,1,9
2015-08-02,2,1,1
2015-08-02,6,4,2
2015-08-02,5,3,2
2015-08-02,12,5,7
2015-08-02,13,7,6
2015-08-02,11,4,7
2015-08-02,22,9,13
2015-08-02,18,6,12
2015-08-02,13,8,5
2015-08-02,17,10,7
2015-08-02,18,7,11
2015-08-02,17,11,6
2015-08-02,18,9,9
2015-08-02,10,3,7
2015-08-02,8,4,4
2015-08-02,11,3,8
2015-08-02,7,4,3
2015-08-03,6,5,1
2015-08-03,3,1,2
2015-08-03,3,2,1
2015-08-03,0,0,0
2015-08-03,3,1,2
2015-08-03,6,1,5
2015-08-03,29,6,23
2015-08-03,22,7,15
2015-08-03,34,9,25
2015-08-03,22,11,11
2015-08-03,19,10,9
2015-08-03,20,5,15
2015-08-03,20,6,14
2015-08-03,16,6,10
2015-08-03,18,8,10
2015-08-03,24,15,9
2015-08-03,38,23,15
2015-08-03,53,27,26
2015-08-03,42,25,17
2015-08-03,24,11,13
2015-08-03,24,9,15
2015-08-03,21,11,10
2015-08-03,13,7,6
2015-08-03,8,3,5
2015-08-04,3,1,2
2015-08-04,0,0,0
2015-08-04,2,0,2
2015-08-04,2,0,2
2015-08-04,3,0,3
2015-08-04,7,1,6
2015-08-04,18,6,12
2015-08-04,27,5,22
2015-08-04,36,10,26
2015-08-04,23,12,11
2015-08-04,15,11,4
2015-08-04,18,9,9
2015-08-04,22,13,9
2015-08-04,21,8,13
2015-08-04,18,14,4
2015-08-04,21,12,9
2015-08-04,43,27,16
2015-08-04,53,32,21
2015-08-04,36,21,15
2015-08-04,30,15,15
2015-08-04,23,13,10
2015-08-04,14,4,10
2015-08-04,10,3,7
2015-08-04,4,3,1
2015-08-05,4,1,3
2015-08-05,3,2,1
2015-08-05,2,0,2
2015-08-05,1,0,1
2015-08-05,2,0,2
2015-08-05,8,1,7
2015-08-05,27,8,19
2015-08-05,28,2,26
2015-08-05,29,9,20
2015-08-05,23,14,9
2015-08-05,13,7,6
2015-08-05,26,14,12
2015-08-05,26,11,15
2015-08-05,18,7,11
2015-08-05,19,5,14
2015-08-05,23,12,11
2015-08-05,50,29,21
2015-08-05,55,30,25
2015-08-05,49,31,18
2015-08-05,27,15,12
2015-08-05,20,11,9
2015-08-05,13,6,7
2015-08-05,9,2,7
2015-08-05,6,2,4
2015-08-06,9,2,7
2015-08-06,1,1,0
2015-08-06,5,4,1
2015-08-06,2,1,1
2015-08-06,2,1,1
2015-08-06,10,1,9
2015-08-06,20,5,15
2015-08-06,32,4,28
2015-08-06,30,9,21
2015-08-06,17,6,11
2015-08-06,11,9,2
2015-08-06,20,6,14
2015-08-06,16,11,5
2015-08-06,22,14,8
2015-08-06,15,8,7
2015-08-06,19,11,8
2015-08-06,45,30,15
2015-08-06,46,25,21
2015-08-06,38,22,16
2015-08-06,21,10,11
2015-08-06,21,15,6
2015-08-06,16,6,10
2015-08-06,5,2,3
2015-08-06,15,6,9
2015-08-07,21,11,10
2015-08-07,16,8,8
2015-08-07,4,0,4
2015-08-07,2,1,1
2015-08-07,3,0,3
2015-08-07,9,2,7
2015-08-07,22,8,14
2015-08-07,30,6,24
2015-08-07,28,3,25
2015-08-07,16,10,6
2015-08-07,15,7,8
2015-08-07,20,11,9
2015-08-07,18,14,4
2015-08-07,13,10,3
2015-08-07,20,12,8
2015-08-07,21,16,5
2015-08-07,44,32,12
2015-08-07,69,50,19
2015-08-07,52,32,20
2015-08-07,26,15,11
2015-08-07,14,8,6
2015-08-07,7,5,2
2015-08-07,10,5,5
2015-08-07,19,13,6
2015-08-08,13,8,5
2015-08-08,16,5,11
2015-08-08,21,12,9
2015-08-08,1,0,1
2015-08-08,1,0,1
2015-08-08,2,0,2
2015-08-08,8,2,6
2015-08-08,6,2,4
2015-08-08,8,6,2
2015-08-08,8,4,4
2015-08-08,5,5,0
2015-08-08,14,5,9
2015-08-08,11,5,6
2015-08-08,14,7,7
2015-08-08,15,8,7
2015-08-08,14,8,6
2015-08-08,14,8,6
2015-08-08,8,2,6
2015-08-08,12,5,7
2015-08-08,17,8,9
2015-08-08,12,7,5
2015-08-08,11,4,7
2015-08-08,12,7,5
2015-08-08,15,7,8
2015-08-09,13,5,8
2015-08-09,10,1,9
2015-08-09,6,3,3
2015-08-09,0,0,0
2015-08-09,1,1,0
2015-08-09,3,0,3
2015-08-09,8,1,7
2015-08-09,6,2,4
2015-08-09,8,3,5
2015-08-09,8,5,3
2015-08-09,6,6,0
2015-08-09,15,7,8
2015-08-09,10,6,4
2015-08-09,22,11,11
2015-08-09,24,15,9
2015-08-09,17,9,8
2015-08-09,19,10,9
2015-08-09,13,6,7
2015-08-09,16,5,11
2015-08-09,12,8,4
2015-08-09,9,5,4
2015-08-09,11,4,7
2015-08-09,12,3,9
2015-08-09,9,3,6
2015-08-10,5,3,2
2015-08-10,4,3,1
2015-08-10,0,0,0
2015-08-10,0,0,0
2015-08-10,2,0,2
2015-08-10,7,1,6
2015-08-10,18,5,13
2015-08-10,30,8,22
2015-08-10,23,4,19
2015-08-10,18,7,11
2015-08-10,7,5,2
2015-08-10,24,9,15
2015-08-10,14,6,8
2015-08-10,17,12,5
2015-08-10,16,9,7
2015-08-10,28,14,14
2015-08-10,41,28,13
2015-08-10,48,29,19
2015-08-10,41,23,18
2015-08-10,24,13,11
2015-08-10,16,8,8
2015-08-10,9,2,7
2015-08-10,13,7,6
2015-08-10,6,1,5
2015-08-11,4,0,4
2015-08-11,2,0,2
2015-08-11,1,1,0
2015-08-11,4,1,3
2015-08-11,1,1,0
2015-08-11,12,2,10
2015-08-11,17,3,14
2015-08-11,32,9,23
2015-08-11,30,12,18
2015-08-11,22,8,14
2015-08-11,17,10,7
2015-08-11,23,10,13
2015-08-11,27,16,11
2015-08-11,16,10,6
2015-08-11,24,11,13
2015-08-11,18,7,11
2015-08-11,34,23,11
2015-08-11,55,29,26
2015-08-11,45,25,20
2015-08-11,15,6,9
2015-08-11,18,8,10
2015-08-11,20,13,7
2015-08-11,7,5,2
2015-08-11,10,4,6
2015-08-12,5,4,1
2015-08-12,4,3,1
2015-08-12,5,1,4
2015-08-12,2,1,1
2015-08-12,2,0,2
2015-08-12,7,1,6
2015-08-12,19,6,13
2015-08-12,35,10,25
2015-08-12,38,13,25
2015-08-12,30,15,15
2015-08-12,10,7,3
2015-08-12,22,10,12
2015-08-12,15,9,6
2015-08-12,21,11,10
2015-08-12,21,10,11
2015-08-12,25,15,10
2015-08-12,45,25,20
2015-08-12,51,34,17
2015-08-12,41,23,18
2015-08-12,30,10,20
2015-08-12,16,5,11
2015-08-12,12,8,4
2015-08-12,10,2,8
2015-08-12,4,2,2
2015-08-13,4,2,2
2015-08-13,7,2,5
2015-08-13,5,4,1
2015-08-13,2,0,2
2015-08-13,4,2,2
2015-08-13,14,3,11
2015-08-13,19,9,10
2015-08-13,30,7,23
2015-08-13,33,11,22
2015-08-13,12,4,8
2015-08-13,11,3,8
2015-08-13,20,13,7
2015-08-13,17,9,8
2015-08-13,20,6,14
2015-08-13,16,9,7
2015-08-13,22,13,9
2015-08-13,28,18,10
2015-08-13,48,31,17
2015-08-13,57,30,27
2015-08-13,24,16,8
2015-08-13,21,13,8
2015-08-13,14,5,9
2015-08-13,15,3,12
2015-08-13,3,1,2
2015-08-14,9,2,7
2015-08-14,4,2,2
2015-08-14,5,1,4
2015-08-14,1,0,1
2015-08-14,4,1,3
2015-08-14,7,1,6
2015-08-14,11,4,7
2015-08-14,29,7,22
2015-08-14,17,8,9
2015-08-14,18,5,13
2015-08-14,8,5,3
2015-08-14,15,6,9
2015-08-14,18,13,5
2015-08-14,3,1,2
2015-08-14,15,8,7
2015-08-14,18,14,4
2015-08-14,23,15,8
2015-08-14,21,15,6
2015-08-14,14,9,5
2015-08-14,7,5,2
2015-08-14,15,8,7
2015-08-14,5,1,4
2015-08-14,3,1,2
2015-08-14,10,5,5
2015-08-15,5,1,4
2015-08-15,2,2,0
2015-08-15,1,0,1
2015-08-15,3,2,1
2015-08-15,1,1,0
2015-08-15,33,29,4
2015-08-15,11,3,8
2015-08-15,10,3,7
2015-08-15,6,3,3
2015-08-15,4,2,2
2015-08-15,2,0,2
2015-08-15,14,8,6
2015-08-15,7,3,4
2015-08-15,19,9,10
2015-08-15,15,8,7
2015-08-15,12,7,5
2015-08-15,13,8,5
2015-08-15,16,7,9
2015-08-15,10,4,6
2015-08-15,12,6,6
2015-08-15,13,7,6
2015-08-15,17,7,10
2015-08-15,13,6,7
2015-08-15,13,4,9
2015-08-16,13,1,12
2015-08-16,13,4,9
2015-08-16,12,4,8
2015-08-16,3,2,1
2015-08-16,1,1,0
2015-08-16,4,0,4
2015-08-16,5,3,2
2015-08-16,1,1,0
2015-08-16,5,3,2
2015-08-16,4,3,1
2015-08-16,8,3,5
2015-08-16,8,2,6
2015-08-16,22,8,14
2015-08-16,16,5,11
2015-08-16,20,4,16
2015-08-16,8,3,5
2015-08-16,19,9,10
2015-08-16,17,12,5
2015-08-16,13,8,5
2015-08-16,12,7,5
2015-08-16,9,3,6
2015-08-16,15,9,6
2015-08-16,12,5,7
2015-08-16,4,1,3
2015-08-17,1,0,1
2015-08-17,1,1,0
2015-08-17,0,0,0
2015-08-17,0,0,0
2015-08-17,1,1,0
2015-08-17,9,0,9
2015-08-17,24,5,19
2015-08-17,26,5,21
2015-08-17,29,10,19
2015-08-17,20,9,11
2015-08-17,13,9,4
2015-08-17,25,17,8
2015-08-17,22,11,11
2015-08-17,21,6,15
2015-08-17,22,15,7
2015-08-17,25,17,8
2015-08-17,41,25,16
2015-08-17,53,30,23
2015-08-17,33,19,14
2015-08-17,19,12,7
2015-08-17,18,6,12
2015-08-17,12,4,8
2015-08-17,8,1,7
2015-08-17,6,2,4
2015-08-18,8,5,3
2015-08-18,1,0,1
2015-08-18,3,1,2
2015-08-18,2,1,1
2015-08-18,1,0,1
2015-08-18,9,0,9
2015-08-18,20,5,15
2015-08-18,33,9,24
2015-08-18,29,10,19
2015-08-18,18,14,4
2015-08-18,16,11,5
2015-08-18,20,8,12
2015-08-18,23,11,12
2015-08-18,25,18,7
2015-08-18,23,9,14
2015-08-18,22,16,6
2015-08-18,33,24,9
2015-08-18,53,30,23
2015-08-18,50,26,24
2015-08-18,23,12,11
2015-08-18,24,10,14
2015-08-18,12,6,6
2015-08-18,15,8,7
2015-08-18,9,5,4
2015-08-19,5,4,1
2015-08-19,1,0,1
2015-08-19,0,0,0
2015-08-19,1,0,1
2015-08-19,2,2,0
2015-08-19,8,0,8
2015-08-19,23,10,13
2015-08-19,35,7,28
2015-08-19,30,11,19
2015-08-19,23,16,7
2015-08-19,13,7,6
2015-08-19,17,11,6
2015-08-19,20,8,12
2015-08-19,23,12,11
2015-08-19,27,12,15
2015-08-19,27,14,13
2015-08-19,49,36,13
2015-08-19,42,24,18
2015-08-19,46,22,24
2015-08-19,34,20,14
2015-08-19,18,7,11
2015-08-19,11,5,6
2015-08-19,10,5,5
2015-08-19,7,1,6
2015-08-20,5,2,3
2015-08-20,25,9,16
2015-08-20,5,3,2
2015-08-20,2,1,1
2015-08-20,2,0,2
2015-08-20,14,1,13
2015-08-20,14,3,11
2015-08-20,34,12,22
2015-08-20,21,6,15
2015-08-20,12,8,4
2015-08-20,11,6,5
2015-08-20,20,8,12
2015-08-20,18,8,10
2015-08-20,23,11,12
2015-08-20,18,8,10
2015-08-20,20,18,2
2015-08-20,37,26,11
2015-08-20,52,33,19
2015-08-20,32,18,14
2015-08-20,19,9,10
2015-08-20,30,19,11
2015-08-20,16,5,11
2015-08-20,10,2,8
2015-08-20,4,3,1
2015-08-21,6,4,2
2015-08-21,4,2,2
2015-08-21,1,0,1
2015-08-21,1,0,1
2015-08-21,4,0,4
2015-08-21,5,0,5
2015-08-21,13,1,12
2015-08-21,28,3,25
2015-08-21,29,5,24
2015-08-21,11,2,9
2015-08-21,14,7,7
2015-08-21,16,8,8
2015-08-21,20,11,9
2015-08-21,23,8,15
2015-08-21,24,18,6
2015-08-21,22,15,7
2015-08-21,31,20,11
2015-08-21,38,24,14
2015-08-21,21,11,10
2015-08-21,13,6,7
2015-08-21,10,4,6
2015-08-21,7,4,3
2015-08-21,10,6,4
2015-08-21,11,6,5
2015-08-22,9,6,3
2015-08-22,10,0,10
2015-08-22,9,1,8
2015-08-22,3,1,2
2015-08-22,1,0,1
2015-08-22,6,1,5
2015-08-22,6,1,5
2015-08-22,10,4,6
2015-08-22,5,5,0
2015-08-22,7,5,2
2015-08-22,7,4,3
2015-08-22,13,5,8
2015-08-22,18,9,9
2015-08-22,19,7,12
2015-08-22,16,9,7
2015-08-22,12,4,8
2015-08-22,16,10,6
2015-08-22,15,4,11
2015-08-22,11,4,7
2015-08-22,19,10,9
2015-08-22,19,11,8
2015-08-22,10,1,9
2015-08-22,10,5,5
2015-08-22,13,6,7
2015-08-23,6,2,4
2015-08-23,12,2,10
2015-08-23,12,3,9
2015-08-23,0,0,0
2015-08-23,2,1,1
2015-08-23,3,0,3
2015-08-23,7,1,6
2015-08-23,7,2,5
2015-08-23,2,1,1
2015-08-23,14,9,5
2015-08-23,9,8,1
2015-08-23,14,7,7
2015-08-23,22,9,13
2015-08-23,24,10,14
2015-08-23,24,9,15
2015-08-23,19,10,9
2015-08-23,23,12,11
2015-08-23,13,8,5
2015-08-23,7,6,1
2015-08-23,16,12,4
2015-08-23,14,6,8
2015-08-23,20,9,11
2015-08-23,4,1,3
2015-08-23,8,4,4
2015-08-24,3,1,2
2015-08-24,1,0,1
2015-08-24,1,1,0
2015-08-24,1,0,1
2015-08-24,2,1,1
2015-08-24,11,0,11
2015-08-24,15,3,12
2015-08-24,22,7,15
2015-08-24,30,7,23
2015-08-24,23,9,14
2015-08-24,16,12,4
2015-08-24,26,11,15
2015-08-24,29,15,14
2015-08-24,23,11,12
2015-08-24,21,11,10
2015-08-24,22,13,9
2015-08-24,28,17,11
2015-08-24,64,41,23
2015-08-24,34,27,7
2015-08-24,29,15,14
2015-08-24,27,12,15
2015-08-24,9,3,6
2015-08-24,7,4,3
2015-08-24,11,5,6
2015-08-25,5,3,2
2015-08-25,4,2,2
2015-08-25,0,0,0
2015-08-25,0,0,0
2015-08-25,1,0,1
2015-08-25,7,0,7
2015-08-25,21,4,17
2015-08-25,34,8,26
2015-08-25,31,10,21
2015-08-25,14,10,4
2015-08-25,15,11,4
2015-08-25,16,8,8
2015-08-25,25,11,14
2015-08-25,30,9,21
2015-08-25,18,11,7
2015-08-25,23,15,8
2015-08-25,38,23,15
2015-08-25,57,34,23
2015-08-25,33,18,15
2015-08-25,35,18,17
2015-08-25,18,9,9
2015-08-25,17,7,10
2015-08-25,8,3,5
2015-08-25,4,2,2
2015-08-26,1,1,0
2015-08-26,6,3,3
2015-08-26,3,3,0
2015-08-26,0,0,0
2015-08-26,3,0,3
2015-08-26,5,0,5
2015-08-26,20,3,17
2015-08-26,33,8,25
2015-08-26,35,9,26
2015-08-26,21,10,11
2015-08-26,18,11,7
2015-08-26,15,6,9
2015-08-26,15,5,10
2015-08-26,19,7,12
2015-08-26,17,9,8
2015-08-26,28,18,10
2015-08-26,43,21,22
2015-08-26,62,37,25
2015-08-26,42,24,18
2015-08-26,25,11,14
2015-08-26,36,14,22
2015-08-26,8,2,6
2015-08-26,9,4,5
2015-08-26,12,8,4
2015-08-27,6,0,6
2015-08-27,3,2,1
2015-08-27,3,2,1
2015-08-27,0,0,0
2015-08-27,1,0,1
2015-08-27,7,1,6
2015-08-27,20,4,16
2015-08-27,27,8,19
2015-08-27,22,3,19
2015-08-27,18,10,8
2015-08-27,14,8,6
2015-08-27,11,7,4
2015-08-27,25,7,18
2015-08-27,20,9,11
2015-08-27,9,4,5
2015-08-27,18,9,9
2015-08-27,33,19,14
2015-08-27,53,32,21
2015-08-27,37,15,22
2015-08-27,36,16,20
2015-08-27,21,13,8
2015-08-27,18,7,11
2015-08-27,19,5,14
2015-08-27,10,8,2
2015-08-28,13,10,3
2015-08-28,11,3,8
2015-08-28,2,1,1
2015-08-28,2,1,1
2015-08-28,3,1,2
2015-08-28,5,0,5
2015-08-28,13,5,8
2015-08-28,15,3,12
2015-08-28,25,11,14
2015-08-28,16,8,8
2015-08-28,10,7,3
2015-08-28,24,12,12
2015-08-28,12,7,5
2015-08-28,16,7,9
2015-08-28,18,4,14
2015-08-28,10,7,3
2015-08-28,32,19,13
2015-08-28,34,20,14
2015-08-28,33,20,13
2015-08-28,21,11,10
2015-08-28,10,5,5
2015-08-28,11,5,6
2015-08-28,12,5,7
2015-08-28,12,6,6
2015-08-29,6,3,3
2015-08-29,7,1,6
2015-08-29,3,1,2
2015-08-29,0,0,0
2015-08-29,0,0,0
2015-08-29,1,0,1
2015-08-29,2,2,0
2015-08-29,3,2,1
2015-08-29,6,5,1
2015-08-29,2,0,2
2015-08-29,6,2,4
2015-08-29,6,4,2
2015-08-29,11,4,7
2015-08-29,6,2,4
2015-08-29,11,3,8
2015-08-29,6,3,3
2015-08-29,9,5,4
2015-08-29,8,1,7
2015-08-29,7,2,5
2015-08-29,13,5,8
2015-08-29,9,4,5
2015-08-29,2,0,2
2015-08-29,0,0,0
2015-08-29,3,1,2
2015-08-30,1,0,1
2015-08-30,4,1,3
2015-08-30,0,0,0
2015-08-30,0,0,0
2015-08-30,0,0,0
2015-08-30,0,0,0
2015-08-30,0,0,0
2015-08-30,0,0,0
2015-08-30,0,0,0
2015-08-30,0,0,0
2015-08-30,0,0,0
2015-08-30,0,0,0
2015-08-30,2,0,2
2015-08-30,1,0,1
2015-08-30,2,0,2
2015-08-30,0,0,0
2015-08-30,2,0,2
2015-08-30,3,0,3
2015-08-30,24,9,15
2015-08-30,3,0,3
2015-08-30,3,0,3
2015-08-30,2,1,1
2015-08-30,5,0,5
2015-08-30,1,0,1
2015-08-31,1,1,0
2015-08-31,0,0,0
2015-08-31,0,0,0
2015-08-31,0,0,0
2015-08-31,0,0,0
2015-08-31,2,0,2
2015-08-31,3,1,2
2015-08-31,4,0,4
2015-08-31,4,0,4
2015-08-31,3,0,3
2015-08-31,3,0,3
2015-08-31,4,0,4
2015-08-31,3,0,3
2015-08-31,4,0,4
2015-08-31,8,0,8
2015-08-31,7,0,7
2015-08-31,9,0,9
2015-08-31,15,0,15
2015-08-31,18,0,18
2015-08-31,5,0,5
2015-08-31,3,0,3
2015-08-31,1,0,1
2015-08-31,5,0,5
2015-08-31,3,0,3
2015-09-01,0,0,0
2015-09-01,1,0,1
2015-09-01,0,0,0
2015-09-01,1,0,1
2015-09-01,0,0,0
2015-09-01,1,0,1
2015-09-01,3,0,3
2015-09-01,3,0,3
2015-09-01,7,0,7
2015-09-01,4,0,4
2015-09-01,10,4,6
2015-09-01,14,6,8
2015-09-01,15,5,10
2015-09-01,17,7,10
2015-09-01,12,5,7
2015-09-01,22,13,9
2015-09-01,19,14,5
2015-09-01,41,24,17
2015-09-01,29,15,14
2015-09-01,19,9,10
2015-09-01,11,7,4
2015-09-01,9,3,6
2015-09-01,3,1,2
2015-09-01,6,5,1
2015-09-02,2,2,0
2015-09-02,1,0,1
2015-09-02,2,1,1
2015-09-02,0,0,0
2015-09-02,1,0,1
2015-09-02,5,2,3
2015-09-02,14,1,13
2015-09-02,28,9,19
2015-09-02,28,6,22
2015-09-02,13,5,8
2015-09-02,12,8,4
2015-09-02,6,1,5
2015-09-02,22,12,10
2015-09-02,18,8,10
2015-09-02,15,11,4
2015-09-02,24,14,10
2015-09-02,28,13,15
2015-09-02,43,21,22
2015-09-02,39,23,16
2015-09-02,26,12,14
2015-09-02,26,11,15
2015-09-02,14,7,7
2015-09-02,11,0,11
2015-09-02,10,5,5
2015-09-03,2,1,1
2015-09-03,1,0,1
2015-09-03,2,0,2
2015-09-03,0,0,0
2015-09-03,2,0,2
2015-09-03,4,1,3
2015-09-03,13,2,11
2015-09-03,15,2,13
2015-09-03,23,9,14
2015-09-03,17,5,12
2015-09-03,14,7,7
2015-09-03,15,10,5
2015-09-03,14,7,7
2015-09-03,14,3,11
2015-09-03,17,6,11
2015-09-03,22,12,10
2015-09-03,23,15,8
2015-09-03,25,15,10
2015-09-03,32,14,18
2015-09-03,16,3,13
2015-09-03,17,11,6
2015-09-03,11,4,7
2015-09-03,10,5,5
2015-09-03,6,3,3
2015-09-04,8,3,5
2015-09-04,5,1,4
2015-09-04,0,0,0
2015-09-04,0,0,0
2015-09-04,4,1,3
2015-09-04,4,1,3
2015-09-04,15,3,12
2015-09-04,8,0,8
2015-09-04,23,12,11
2015-09-04,11,4,7
2015-09-04,7,5,2
2015-09-04,10,3,7
2015-09-04,0,0,0
2015-09-04,0,0,0
2015-09-04,0,0,0
2015-09-04,0,0,0
2015-09-04,0,0,0
2015-09-04,0,0,0
2015-09-04,0,0,0
2015-09-04,0,0,0
2015-09-04,0,0,0
2015-09-04,0,0,0
2015-09-04,0,0,0
2015-09-04,0,0,0
2015-09-05,0,0,0
2015-09-05,0,0,0
2015-09-05,1,1,0
2015-09-05,0,0,0
2015-09-05,0,0,0
2015-09-05,0,0,0
2015-09-05,0,0,0
2015-09-05,0,0,0
2015-09-05,0,0,0
2015-09-05,0,0,0
2015-09-05,0,0,0
2015-09-05,0,0,0
2015-09-05,0,0,0
2015-09-05,2,0,2
2015-09-05,0,0,0
2015-09-05,0,0,0
2015-09-05,0,0,0
2015-09-05,0,0,0
2015-09-05,0,0,0
2015-09-05,0,0,0
2015-09-05,0,0,0
2015-09-05,0,0,0
2015-09-05,0,0,0
2015-09-05,0,0,0
2015-09-06,0,0,0
2015-09-06,0,0,0
2015-09-06,0,0,0
2015-09-06,0,0,0
2015-09-06,0,0,0
2015-09-06,0,0,0
2015-09-06,0,0,0
2015-09-06,0,0,0
2015-09-06,0,0,0
2015-09-06,0,0,0
2015-09-06,0,0,0
2015-09-06,0,0,0
2015-09-06,0,0,0
2015-09-06,0,0,0
2015-09-06,1,0,1
2015-09-06,0,0,0
2015-09-06,0,0,0
2015-09-06,1,0,1
2015-09-06,0,0,0
2015-09-06,0,0,0
2015-09-06,0,0,0
2015-09-06,0,0,0
2015-09-06,0,0,0
2015-09-06,0,0,0
2015-09-07,0,0,0
2015-09-07,0,0,0
2015-09-07,0,0,0
2015-09-07,0,0,0
2015-09-07,0,0,0
2015-09-07,0,0,0
2015-09-07,0,0,0
2015-09-07,0,0,0
2015-09-07,0,0,0
2015-09-07,0,0,0
2015-09-07,0,0,0
2015-09-07,0,0,0
2015-09-07,0,0,0
2015-09-07,0,0,0
2015-09-07,0,0,0
2015-09-07,0,0,0
2015-09-07,0,0,0
2015-09-07,0,0,0
2015-09-07,0,0,0
2015-09-07,0,0,0
2015-09-07,0,0,0
2015-09-07,0,0,0
2015-09-07,0,0,0
2015-09-07,0,0,0
2015-09-08,0,0,0
2015-09-08,0,0,0
2015-09-08,0,0,0
2015-09-08,0,0,0
2015-09-08,0,0,0
2015-09-08,0,0,0
2015-09-08,0,0,0
2015-09-08,0,0,0
2015-09-08,0,0,0
2015-09-08,0,0,0
2015-09-08,0,0,0
2015-09-08,0,0,0
2015-09-08,0,0,0
2015-09-08,0,0,0
2015-09-08,0,0,0
2015-09-08,0,0,0
2015-09-08,1,0,1
2015-09-08,0,0,0
2015-09-08,0,0,0
2015-09-08,0,0,0
2015-09-08,0,0,0
2015-09-08,0,0,0
2015-09-08,0,0,0
2015-09-08,0,0,0
2015-09-09,0,0,0
2015-09-09,0,0,0
2015-09-09,0,0,0
2015-09-09,0,0,0
2015-09-09,0,0,0
2015-09-09,0,0,0
2015-09-09,0,0,0
2015-09-09,0,0,0
2015-09-09,0,0,0
2015-09-09,0,0,0
2015-09-09,0,0,0
2015-09-09,2,0,2
2015-09-09,0,0,0
2015-09-09,0,0,0
2015-09-09,0,0,0
2015-09-09,2,0,2
2015-09-09,0,0,0
2015-09-09,0,0,0
2015-09-09,0,0,0
2015-09-09,0,0,0
2015-09-09,0,0,0
2015-09-09,0,0,0
2015-09-09,1,0,1
2015-09-09,1,0,1
2015-09-10,0,0,0
2015-09-10,1,0,1
2015-09-10,1,0,1
2015-09-10,0,0,0
2015-09-10,0,0,0
2015-09-10,0,0,0
2015-09-10,0,0,0
2015-09-10,0,0,0
2015-09-10,0,0,0
2015-09-10,0,0,0
2015-09-10,0,0,0
2015-09-10,0,0,0
2015-09-10,0,0,0
2015-09-10,0,0,0
2015-09-10,0,0,0
2015-09-10,0,0,0
2015-09-10,0,0,0
2015-09-10,1,0,1
2015-09-10,0,0,0
2015-09-10,0,0,0
2015-09-10,0,0,0
2015-09-10,0,0,0
2015-09-10,0,0,0
2015-09-10,1,1,0
2015-09-11,10,4,6
2015-09-11,1,0,1
2015-09-11,0,0,0
2015-09-11,0,0,0
2015-09-11,0,0,0
2015-09-11,0,0,0
2015-09-11,0,0,0
2015-09-11,0,0,0
2015-09-11,0,0,0
2015-09-11,0,0,0
2015-09-11,0,0,0
2015-09-11,0,0,0
2015-09-11,0,0,0
2015-09-11,0,0,0
2015-09-11,0,0,0
2015-09-11,0,0,0
2015-09-11,0,0,0
2015-09-11,0,0,0
2015-09-11,0,0,0
2015-09-11,0,0,0
2015-09-11,0,0,0
2015-09-11,0,0,0
2015-09-11,0,0,0
2015-09-11,0,0,0
2015-09-12,0,0,0
2015-09-12,0,0,0
2015-09-12,0,0,0
2015-09-12,0,0,0
2015-09-12,0,0,0
2015-09-12,0,0,0
2015-09-12,0,0,0
2015-09-12,0,0,0
2015-09-12,0,0,0
2015-09-12,0,0,0
2015-09-12,0,0,0
2015-09-12,0,0,0
2015-09-12,0,0,0
2015-09-12,0,0,0
2015-09-12,0,0,0
2015-09-12,0,0,0
2015-09-12,0,0,0
2015-09-12,0,0,0
2015-09-12,0,0,0
2015-09-12,0,0,0
2015-09-12,0,0,0
2015-09-12,0,0,0
2015-09-12,0,0,0
2015-09-12,0,0,0
2015-09-13,0,0,0
2015-09-13,1,0,1
2015-09-13,0,0,0
2015-09-13,0,0,0
2015-09-13,0,0,0
2015-09-13,0,0,0
2015-09-13,0,0,0
2015-09-13,0,0,0
2015-09-13,0,0,0
2015-09-13,0,0,0
2015-09-13,0,0,0
2015-09-13,0,0,0
2015-09-13,0,0,0
2015-09-13,0,0,0
2015-09-13,0,0,0
2015-09-13,0,0,0
2015-09-13,0,0,0
2015-09-13,0,0,0
2015-09-13,0,0,0
2015-09-13,0,0,0
2015-09-13,0,0,0
2015-09-13,0,0,0
2015-09-13,0,0,0
2015-09-13,0,0,0
2015-09-14,0,0,0
2015-09-14,0,0,0
2015-09-14,0,0,0
2015-09-14,0,0,0
2015-09-14,0,0,0
2015-09-14,0,0,0
2015-09-14,0,0,0
2015-09-14,0,0,0
2015-09-14,0,0,0
2015-09-14,0,0,0
2015-09-14,0,0,0
2015-09-14,0,0,0
2015-09-14,0,0,0
2015-09-14,0,0,0
2015-09-14,0,0,0
2015-09-14,0,0,0
2015-09-14,0,0,0
2015-09-14,0,0,0
2015-09-14,0,0,0
2015-09-14,0,0,0
2015-09-14,0,0,0
2015-09-14,0,0,0
2015-09-14,0,0,0
2015-09-14,0,0,0
2015-09-15,0,0,0
2015-09-15,0,0,0
2015-09-15,0,0,0
2015-09-15,0,0,0
2015-09-15,0,0,0
2015-09-15,0,0,0
2015-09-15,0,0,0
2015-09-15,0,0,0
2015-09-15,0,0,0
2015-09-15,0,0,0
2015-09-15,0,0,0
2015-09-15,0,0,0
2015-09-15,0,0,0
2015-09-15,0,0,0
2015-09-15,0,0,0
2015-09-15,0,0,0
2015-09-15,0,0,0
2015-09-15,0,0,0
2015-09-15,0,0,0
2015-09-15,0,0,0
2015-09-15,0,0,0
2015-09-15,0,0,0
2015-09-15,0,0,0
2015-09-15,0,0,0
2015-09-16,0,0,0
2015-09-16,0,0,0
2015-09-16,2,0,2
2015-09-16,0,0,0
2015-09-16,0,0,0
2015-09-16,0,0,0
2015-09-16,0,0,0
2015-09-16,0,0,0
2015-09-16,0,0,0
2015-09-16,0,0,0
2015-09-16,0,0,0
2015-09-16,0,0,0
2015-09-16,0,0,0
2015-09-16,0,0,0
2015-09-16,0,0,0
2015-09-16,0,0,0
2015-09-16,0,0,0
2015-09-16,0,0,0
2015-09-16,0,0,0
2015-09-16,0,0,0
2015-09-16,0,0,0
2015-09-16,0,0,0
2015-09-16,0,0,0
2015-09-16,0,0,0
2015-09-17,0,0,0
2015-09-17,0,0,0
2015-09-17,0,0,0
2015-09-17,0,0,0
2015-09-17,0,0,0
2015-09-17,0,0,0
2015-09-17,0,0,0
2015-09-17,0,0,0
2015-09-17,0,0,0
2015-09-17,0,0,0
2015-09-17,0,0,0
2015-09-17,0,0,0
2015-09-17,0,0,0
2015-09-17,0,0,0
2015-09-17,0,0,0
2015-09-17,0,0,0
2015-09-17,0,0,0
2015-09-17,0,0,0
2015-09-17,0,0,0
2015-09-17,0,0,0
2015-09-17,0,0,0
2015-09-17,0,0,0
2015-09-17,0,0,0
2015-09-17,0,0,0
2015-09-18,0,0,0
2015-09-18,0,0,0
2015-09-18,2,0,2
2015-09-18,0,0,0
2015-09-18,0,0,0
2015-09-18,0,0,0
2015-09-18,0,0,0
2015-09-18,0,0,0
2015-09-18,0,0,0
2015-09-18,0,0,0
2015-09-18,0,0,0
2015-09-18,0,0,0
2015-09-18,0,0,0
2015-09-18,0,0,0
2015-09-18,45,19,26
2015-09-18,23,15,8
2015-09-18,22,11,11
2015-09-18,41,26,15
2015-09-18,24,13,11
2015-09-18,32,18,14
2015-09-18,12,3,9
2015-09-18,8,4,4
2015-09-18,9,6,3
2015-09-18,10,4,6
2015-09-19,22,5,17
2015-09-19,6,3,3
2015-09-19,6,4,2
2015-09-19,1,1,0
2015-09-19,0,0,0
2015-09-19,4,1,3
2015-09-19,5,2,3
2015-09-19,3,1,2
2015-09-19,11,5,6
2015-09-19,6,5,1
2015-09-19,11,6,5
2015-09-19,9,5,4
2015-09-19,22,12,10
2015-09-19,22,16,6
2015-09-19,12,4,8
2015-09-19,17,9,8
2015-09-19,10,8,2
2015-09-19,14,7,7
2015-09-19,23,15,8
2015-09-19,11,2,9
2015-09-19,10,4,6
2015-09-19,4,1,3
2015-09-19,10,7,3
2015-09-19,10,5,5
2015-09-20,9,3,6
2015-09-20,6,1,5
2015-09-20,23,13,10
2015-09-20,2,0,2
2015-09-20,2,1,1
2015-09-20,1,0,1
2015-09-20,4,1,3
2015-09-20,5,3,2
2015-09-20,1,0,1
2015-09-20,3,2,1
2015-09-20,4,1,3
2015-09-20,5,1,4
2015-09-20,10,7,3
2015-09-20,11,5,6
2015-09-20,10,6,4
2015-09-20,20,9,11
2015-09-20,21,10,11
2015-09-20,23,11,12
2015-09-20,6,4,2
2015-09-20,10,5,5
2015-09-20,2,0,2
2015-09-20,5,3,2
2015-09-20,3,1,2
2015-09-20,2,1,1
2015-09-21,3,0,3
2015-09-21,0,0,0
2015-09-21,0,0,0
2015-09-21,0,0,0
2015-09-21,1,0,1
2015-09-21,7,1,6
2015-09-21,15,2,13
2015-09-21,19,2,17
2015-09-21,33,9,24
2015-09-21,18,8,10
2015-09-21,19,13,6
2015-09-21,12,7,5
2015-09-21,23,9,14
2015-09-21,16,7,9
2015-09-21,15,5,10
2015-09-21,23,16,7
2015-09-21,33,24,9
2015-09-21,35,19,16
2015-09-21,37,22,15
2015-09-21,23,12,11
2015-09-21,9,3,6
2015-09-21,9,5,4
2015-09-21,4,2,2
2015-09-21,3,2,1
2015-09-22,2,1,1
2015-09-22,0,0,0
2015-09-22,1,0,1
2015-09-22,0,0,0
2015-09-22,1,0,1
2015-09-22,3,1,2
2015-09-22,17,2,15
2015-09-22,29,4,25
2015-09-22,31,7,24
2015-09-22,23,10,13
2015-09-22,11,6,5
2015-09-22,23,12,11
2015-09-22,15,7,8
2015-09-22,20,6,14
2015-09-22,16,8,8
2015-09-22,29,19,10
2015-09-22,28,20,8
2015-09-22,52,34,18
2015-09-22,26,15,11
2015-09-22,22,10,12
2015-09-22,19,7,12
2015-09-22,14,8,6
2015-09-22,6,3,3
2015-09-22,6,6,0
2015-09-23,4,1,3
2015-09-23,0,0,0
2015-09-23,0,0,0
2015-09-23,0,0,0
2015-09-23,1,0,1
2015-09-23,5,0,5
2015-09-23,14,3,11
2015-09-23,29,5,24
2015-09-23,34,9,25
2015-09-23,23,6,17
2015-09-23,16,9,7
2015-09-23,13,5,8
2015-09-23,27,15,12
2015-09-23,19,10,9
2015-09-23,16,8,8
2015-09-23,12,9,3
2015-09-23,41,24,17
2015-09-23,42,25,17
2015-09-23,36,19,17
2015-09-23,25,11,14
2015-09-23,19,14,5
2015-09-23,14,7,7
2015-09-23,7,2,5
2015-09-23,4,3,1
2015-09-24,4,0,4
2015-09-24,9,4,5
2015-09-24,2,0,2
2015-09-24,0,0,0
2015-09-24,3,2,1
2015-09-24,5,1,4
2015-09-24,16,0,16
2015-09-24,24,3,21
2015-09-24,36,10,26
2015-09-24,26,14,12
2015-09-24,14,8,6
2015-09-24,12,9,3
2015-09-24,24,11,13
2015-09-24,16,8,8
2015-09-24,18,8,10
2015-09-24,21,15,6
2015-09-24,33,21,12
2015-09-24,52,28,24
2015-09-24,41,23,18
2015-09-24,25,11,14
2015-09-24,18,8,10
2015-09-24,20,9,11
2015-09-24,8,5,3
2015-09-24,1,1,0
2015-09-25,6,2,4
2015-09-25,2,2,0
2015-09-25,2,0,2
2015-09-25,5,3,2
2015-09-25,3,1,2
2015-09-25,2,2,0
2015-09-25,9,1,8
2015-09-25,22,4,18
2015-09-25,21,6,15
2015-09-25,15,5,10
2015-09-25,13,6,7
2015-09-25,21,15,6
2015-09-25,19,12,7
2015-09-25,21,9,12
2015-09-25,12,8,4
2015-09-25,22,11,11
2015-09-25,28,15,13
2015-09-25,35,21,14
2015-09-25,25,15,10
2015-09-25,21,12,9
2015-09-25,17,9,8
2015-09-25,15,5,10
2015-09-25,10,7,3
2015-09-25,8,4,4
2015-09-26,6,4,2
2015-09-26,4,1,3
2015-09-26,11,2,9
2015-09-26,2,1,1
2015-09-26,7,4,3
2015-09-26,4,2,2
2015-09-26,11,3,8
2015-09-26,4,0,4
2015-09-26,7,4,3
2015-09-26,9,6,3
2015-09-26,1,0,1
2015-09-26,10,4,6
2015-09-26,14,9,5
2015-09-26,9,3,6
2015-09-26,12,8,4
2015-09-26,29,15,14
2015-09-26,19,10,9
2015-09-26,21,10,11
2015-09-26,11,3,8
2015-09-26,20,14,6
2015-09-26,6,3,3
2015-09-26,11,7,4
2015-09-26,17,8,9
2015-09-26,20,10,10
2015-09-27,6,3,3
2015-09-27,11,2,9
2015-09-27,18,4,14
2015-09-27,1,1,0
2015-09-27,7,5,2
2015-09-27,4,0,4
2015-09-27,11,1,10
2015-09-27,4,3,1
2015-09-27,4,2,2
2015-09-27,9,6,3
2015-09-27,11,4,7
2015-09-27,11,5,6
2015-09-27,18,14,4
2015-09-27,13,5,8
2015-09-27,17,4,13
2015-09-27,23,8,15
2015-09-27,20,13,7
2015-09-27,15,7,8
2015-09-27,23,10,13
2015-09-27,12,4,8
2015-09-27,6,4,2
2015-09-27,8,3,5
2015-09-27,2,1,1
2015-09-27,3,1,2
2015-09-28,4,1,3
2015-09-28,3,0,3
2015-09-28,5,3,2
2015-09-28,1,0,1
2015-09-28,0,0,0
2015-09-28,3,1,2
2015-09-28,16,4,12
2015-09-28,26,12,14
2015-09-28,26,12,14
2015-09-28,33,16,17
2015-09-28,10,5,5
2015-09-28,25,10,15
2015-09-28,21,11,10
2015-09-28,32,18,14
2015-09-28,24,10,14
2015-09-28,26,15,11
2015-09-28,32,19,13
2015-09-28,46,23,23
2015-09-28,36,19,17
2015-09-28,30,16,14
2015-09-28,16,6,10
2015-09-28,12,7,5
2015-09-28,6,2,4
2015-09-28,5,2,3
2015-09-29,4,1,3
2015-09-29,0,0,0
2015-09-29,1,0,1
2015-09-29,1,1,0
2015-09-29,3,1,2
2015-09-29,5,1,4
2015-09-29,14,0,14
2015-09-29,36,11,25
2015-09-29,32,11,21
2015-09-29,24,10,14
2015-09-29,12,5,7
2015-09-29,23,13,10
2015-09-29,25,16,9
2015-09-29,21,8,13
2015-09-29,21,7,14
2015-09-29,31,24,7
2015-09-29,29,19,10
2015-09-29,47,27,20
2015-09-29,43,24,19
2015-09-29,26,12,14
2015-09-29,23,7,16
2015-09-29,15,5,10
2015-09-29,4,4,0
2015-09-29,7,3,4
2015-09-30,3,1,2
2015-09-30,1,0,1
2015-09-30,0,0,0
2015-09-30,0,0,0
2015-09-30,0,0,0
2015-09-30,6,1,5
2015-09-30,16,2,14
2015-09-30,37,11,26
2015-09-30,32,12,20
2015-09-30,20,7,13
2015-09-30,17,7,10
2015-09-30,32,14,18
2015-09-30,21,9,12
2015-09-30,18,6,12
2015-09-30,12,6,6
2015-09-30,17,6,11
2015-09-30,39,24,15
2015-09-30,58,27,31
2015-09-30,35,16,19
2015-09-30,34,16,18
2015-09-30,24,8,16
2015-09-30,8,4,4
2015-09-30,7,5,2
2015-09-30,7,6,1
2015-10-01,3,1,2
2015-10-01,5,1,4
2015-10-01,1,0,1
2015-10-01,1,0,1
2015-10-01,2,1,1
2015-10-01,6,0,6
2015-10-01,21,2,19
2015-10-01,26,6,20
2015-10-01,27,13,14
2015-10-01,23,10,13
2015-10-01,32,17,15
2015-10-01,24,16,8
2015-10-01,36,12,24
2015-10-01,20,10,10
2015-10-01,22,13,9
2015-10-01,22,11,11
2015-10-01,30,16,14
2015-10-01,46,26,20
2015-10-01,27,9,18
2015-10-01,29,14,15
2015-10-01,24,11,13
2015-10-01,15,7,8
2015-10-01,8,4,4
2015-10-01,13,5,8
2015-10-02,5,2,3
2015-10-02,5,3,2
2015-10-02,2,1,1
2015-10-02,1,1,0
2015-10-02,2,0,2
2015-10-02,2,1,1
2015-10-02,23,3,20
2015-10-02,29,8,21
2015-10-02,17,9,8
2015-10-02,21,6,15
2015-10-02,12,7,5
2015-10-02,17,11,6
2015-10-02,20,9,11
2015-10-02,16,6,10
2015-10-02,19,11,8
2015-10-02,26,18,8
2015-10-02,44,21,23
2015-10-02,39,26,13
2015-10-02,38,19,19
2015-10-02,17,15,2
2015-10-02,14,2,12
2015-10-02,13,8,5
2015-10-02,7,4,3
2015-10-02,5,2,3
2015-10-03,12,5,7
2015-10-03,6,1,5
2015-10-03,5,2,3
2015-10-03,0,0,0
2015-10-03,0,0,0
2015-10-03,5,1,4
2015-10-03,4,1,3
2015-10-03,3,1,2
2015-10-03,7,5,2
2015-10-03,15,7,8
2015-10-03,11,4,7
2015-10-03,27,13,14
2015-10-03,18,15,3
2015-10-03,22,11,11
2015-10-03,22,9,13
2015-10-03,20,8,12
2015-10-03,15,10,5
2015-10-03,22,13,9
2015-10-03,11,6,5
2015-10-03,17,8,9
2015-10-03,15,7,8
2015-10-03,12,7,5
2015-10-03,10,4,6
2015-10-03,14,5,9
2015-10-04,12,1,11
2015-10-04,4,1,3
2015-10-04,7,3,4
2015-10-04,0,0,0
2015-10-04,1,1,0
2015-10-04,2,0,2
2015-10-04,4,0,4
2015-10-04,3,1,2
2015-10-04,7,1,6
2015-10-04,4,3,1
2015-10-04,12,7,5
2015-10-04,12,6,6
2015-10-04,15,7,8
2015-10-04,24,9,15
2015-10-04,16,5,11
2015-10-04,25,13,12
2015-10-04,21,10,11
2015-10-04,25,14,11
2015-10-04,22,9,13
2015-10-04,16,7,9
2015-10-04,11,8,3
2015-10-04,6,3,3
2015-10-04,12,6,6
2015-10-04,2,0,2
2015-10-05,3,0,3
2015-10-05,2,0,2
2015-10-05,1,0,1
2015-10-05,1,0,1
2015-10-05,0,0,0
2015-10-05,5,0,5
2015-10-05,14,3,11
2015-10-05,36,9,27
2015-10-05,36,13,23
2015-10-05,25,9,16
2015-10-05,14,6,8
2015-10-05,36,18,18
2015-10-05,18,11,7
2015-10-05,19,6,13
2015-10-05,25,9,16
2015-10-05,26,16,10
2015-10-05,49,23,26
2015-10-05,51,29,22
2015-10-05,44,25,19
2015-10-05,20,12,8
2015-10-05,11,6,5
2015-10-05,10,4,6
2015-10-05,7,3,4
2015-10-05,4,1,3
2015-10-06,2,0,2
2015-10-06,5,3,2
2015-10-06,0,0,0
2015-10-06,0,0,0
2015-10-06,2,1,1
2015-10-06,6,1,5
2015-10-06,18,3,15
2015-10-06,35,13,22
2015-10-06,29,11,18
2015-10-06,25,9,16
2015-10-06,19,9,10
2015-10-06,10,4,6
2015-10-06,11,5,6
2015-10-06,20,7,13
2015-10-06,20,9,11
2015-10-06,28,15,13
2015-10-06,28,17,11
2015-10-06,59,33,26
2015-10-06,38,23,15
2015-10-06,24,12,12
2015-10-06,16,7,9
2015-10-06,15,6,9
2015-10-06,4,1,3
2015-10-06,4,1,3
2015-10-07,2,1,1
2015-10-07,2,1,1
2015-10-07,4,3,1
2015-10-07,0,0,0
2015-10-07,0,0,0
2015-10-07,3,1,2
2015-10-07,13,4,9
2015-10-07,23,7,16
2015-10-07,18,7,11
2015-10-07,15,5,10
2015-10-07,13,7,6
2015-10-07,17,10,7
2015-10-07,14,8,6
2015-10-07,9,6,3
2015-10-07,18,8,10
2015-10-07,13,9,4
2015-10-07,23,14,9
2015-10-07,36,19,17
2015-10-07,28,16,12
2015-10-07,22,7,15
2015-10-07,5,1,4
2015-10-07,11,5,6
2015-10-07,12,7,5
2015-10-07,4,2,2
2015-10-08,3,1,2
2015-10-08,1,0,1
2015-10-08,1,1,0
2015-10-08,0,0,0
2015-10-08,1,1,0
2015-10-08,3,1,2
2015-10-08,10,1,9
2015-10-08,31,10,21
2015-10-08,26,14,12
2015-10-08,18,8,10
2015-10-08,19,7,12
2015-10-08,18,10,8
2015-10-08,26,9,17
2015-10-08,25,13,12
2015-10-08,16,8,8
2015-10-08,30,17,13
2015-10-08,29,19,10
2015-10-08,42,22,20
2015-10-08,41,21,20
2015-10-08,17,7,10
2015-10-08,22,7,15
2015-10-08,12,5,7
2015-10-08,7,5,2
2015-10-08,5,2,3
2015-10-09,6,4,2
2015-10-09,0,0,0
2015-10-09,1,0,1
2015-10-09,1,1,0
2015-10-09,2,0,2
2015-10-09,7,1,6
2015-10-09,16,2,14
2015-10-09,33,12,21
2015-10-09,25,11,14
2015-10-09,21,5,16
2015-10-09,15,8,7
2015-10-09,17,9,8
2015-10-09,28,14,14
2015-10-09,21,7,14
2015-10-09,22,10,12
2015-10-09,26,17,9
2015-10-09,30,20,10
2015-10-09,43,28,15
2015-10-09,21,7,14
2015-10-09,25,13,12
2015-10-09,20,9,11
2015-10-09,10,5,5
2015-10-09,8,4,4
2015-10-09,7,2,5
2015-10-10,7,4,3
2015-10-10,6,1,5
2015-10-10,4,1,3
2015-10-10,2,0,2
2015-10-10,0,0,0
2015-10-10,3,1,2
2015-10-10,4,0,4
2015-10-10,3,2,1
2015-10-10,7,5,2
2015-10-10,4,0,4
2015-10-10,1,0,1
2015-10-10,6,4,2
2015-10-10,10,8,2
2015-10-10,13,6,7
2015-10-10,12,5,7
2015-10-10,8,3,5
2015-10-10,7,4,3
2015-10-10,20,7,13
2015-10-10,13,6,7
2015-10-10,10,4,6
2015-10-10,7,5,2
2015-10-10,12,9,3
2015-10-10,7,2,5
2015-10-10,6,2,4
2015-10-11,7,3,4
2015-10-11,10,6,4
2015-10-11,3,2,1
2015-10-11,1,0,1
2015-10-11,0,0,0
2015-10-11,1,1,0
2015-10-11,10,2,8
2015-10-11,1,0,1
2015-10-11,3,2,1
2015-10-11,10,3,7
2015-10-11,5,4,1
2015-10-11,11,5,6
2015-10-11,14,9,5
2015-10-11,19,8,11
2015-10-11,25,7,18
2015-10-11,18,10,8
2015-10-11,15,6,9
2015-10-11,10,3,7
2015-10-11,19,6,13
2015-10-11,5,4,1
2015-10-11,11,8,3
2015-10-11,15,8,7
2015-10-11,9,2,7
2015-10-11,7,5,2
2015-10-12,2,2,0
2015-10-12,1,1,0
2015-10-12,0,0,0
2015-10-12,1,0,1
2015-10-12,1,0,1
2015-10-12,3,1,2
2015-10-12,14,2,12
2015-10-12,33,8,25
2015-10-12,26,7,19
2015-10-12,24,15,9
2015-10-12,14,3,11
2015-10-12,20,9,11
2015-10-12,19,9,10
2015-10-12,17,11,6
2015-10-12,24,9,15
2015-10-12,23,15,8
2015-10-12,30,20,10
2015-10-12,37,21,16
2015-10-12,45,23,22
2015-10-12,15,6,9
2015-10-12,11,6,5
2015-10-12,7,4,3
2015-10-12,1,1,0
2015-10-12,5,2,3
2015-10-13,1,0,1
2015-10-13,1,1,0
2015-10-13,0,0,0
2015-10-13,1,1,0
2015-10-13,0,0,0
2015-10-13,5,0,5
2015-10-13,18,3,15
2015-10-13,26,8,18
2015-10-13,29,9,20
2015-10-13,18,12,6
2015-10-13,17,8,9
2015-10-13,18,8,10
2015-10-13,22,8,14
2015-10-13,13,7,6
2015-10-13,17,7,10
2015-10-13,20,11,9
2015-10-13,35,26,9
2015-10-13,62,39,23
2015-10-13,34,17,17
2015-10-13,21,10,11
2015-10-13,24,10,14
2015-10-13,18,8,10
2015-10-13,8,3,5
2015-10-13,5,2,3
2015-10-14,3,1,2
2015-10-14,3,2,1
2015-10-14,0,0,0
2015-10-14,0,0,0
2015-10-14,0,0,0
2015-10-14,5,3,2
2015-10-14,21,3,18
2015-10-14,30,6,24
2015-10-14,28,12,16
2015-10-14,29,11,18
2015-10-14,11,4,7
2015-10-14,15,11,4
2015-10-14,12,9,3
2015-10-14,21,7,14
2015-10-14,21,9,12
2015-10-14,20,10,10
2015-10-14,40,30,10
2015-10-14,54,34,20
2015-10-14,50,26,24
2015-10-14,22,11,11
2015-10-14,24,15,9
2015-10-14,9,1,8
2015-10-14,14,4,10
2015-10-14,5,3,2
2015-10-15,5,2,3
2015-10-15,2,0,2
2015-10-15,0,0,0
2015-10-15,0,0,0
2015-10-15,2,0,2
2015-10-15,5,1,4
2015-10-15,24,4,20
2015-10-15,36,10,26
2015-10-15,21,9,12
2015-10-15,32,11,21
2015-10-15,20,10,10
2015-10-15,20,12,8
2015-10-15,25,14,11
2015-10-15,22,10,12
2015-10-15,17,10,7
2015-10-15,34,25,9
2015-10-15,36,23,13
2015-10-15,56,35,21
2015-10-15,48,19,29
2015-10-15,23,15,8
2015-10-15,25,15,10
2015-10-15,20,12,8
2015-10-15,7,2,5
2015-10-15,5,3,2
2015-10-16,1,0,1
2015-10-16,6,2,4
2015-10-16,0,0,0
2015-10-16,0,0,0
2015-10-16,2,0,2
2015-10-16,0,0,0
2015-10-16,0,0,0
2015-10-16,0,0,0
2015-10-16,11,4,7
2015-10-16,26,13,13
2015-10-16,34,17,17
2015-10-16,15,10,5
2015-10-16,22,11,11
2015-10-16,24,13,11
2015-10-16,31,16,15
2015-10-16,32,22,10
2015-10-16,30,15,15
2015-10-16,37,21,16
2015-10-16,34,21,13
2015-10-16,21,12,9
2015-10-16,15,9,6
2015-10-16,10,5,5
2015-10-16,5,1,4
2015-10-16,19,8,11
2015-10-17,10,4,6
2015-10-17,15,5,10
2015-10-17,26,6,20
2015-10-17,2,1,1
2015-10-17,0,0,0
2015-10-17,3,0,3
2015-10-17,10,3,7
2015-10-17,3,1,2
2015-10-17,5,3,2
2015-10-17,7,3,4
2015-10-17,9,3,6
2015-10-17,18,9,9
2015-10-17,13,8,5
2015-10-17,16,11,5
2015-10-17,8,3,5
2015-10-17,7,4,3
2015-10-17,12,6,6
2015-10-17,18,11,7
2015-10-17,14,6,8
2015-10-17,12,7,5
2015-10-17,11,7,4
2015-10-17,6,5,1
2015-10-17,15,4,11
2015-10-17,6,2,4
2015-10-18,4,1,3
2015-10-18,0,0,0
2015-10-18,10,1,9
2015-10-18,1,0,1
2015-10-18,0,0,0
2015-10-18,0,0,0
2015-10-18,5,1,4
2015-10-18,3,1,2
2015-10-18,6,3,3
2015-10-18,3,1,2
2015-10-18,6,3,3
2015-10-18,9,3,6
2015-10-18,9,6,3
2015-10-18,6,1,5
2015-10-18,9,7,2
2015-10-18,7,2,5
2015-10-18,9,3,6
2015-10-18,12,6,6
2015-10-18,11,6,5
2015-10-18,13,7,6
2015-10-18,10,4,6
2015-10-18,9,4,5
2015-10-18,5,1,4
2015-10-18,5,4,1
2015-10-19,4,2,2
2015-10-19,3,2,1
2015-10-19,1,1,0
2015-10-19,1,1,0
2015-10-19,1,0,1
2015-10-19,4,0,4
2015-10-19,15,2,13
2015-10-19,23,8,15
2015-10-19,33,14,19
2015-10-19,22,7,15
2015-10-19,7,3,4
2015-10-19,19,12,7
2015-10-19,21,8,13
2015-10-19,23,8,15
2015-10-19,15,7,8
2015-10-19,21,14,7
2015-10-19,28,15,13
2015-10-19,38,22,16
2015-10-19,39,26,13
2015-10-19,34,10,24
2015-10-19,21,12,9
2015-10-19,14,6,8
2015-10-19,3,0,3
2015-10-19,3,1,2
2015-10-20,2,0,2
2015-10-20,1,0,1
2015-10-20,0,0,0
2015-10-20,1,0,1
2015-10-20,0,0,0
2015-10-20,7,1,6
2015-10-20,22,4,18
2015-10-20,30,12,18
2015-10-20,26,7,19
2015-10-20,27,14,13
2015-10-20,23,13,10
2015-10-20,12,7,5
2015-10-20,13,6,7
2015-10-20,18,9,9
2015-10-20,23,12,11
2015-10-20,22,11,11
2015-10-20,32,17,15
2015-10-20,56,35,21
2015-10-20,45,26,19
2015-10-20,30,15,15
2015-10-20,23,9,14
2015-10-20,9,4,5
2015-10-20,14,6,8
2015-10-20,6,1,5
2015-10-21,3,1,2
2015-10-21,1,1,0
2015-10-21,1,0,1
2015-10-21,1,0,1
2015-10-21,2,1,1
2015-10-21,6,3,3
2015-10-21,15,2,13
2015-10-21,24,8,16
2015-10-21,28,11,17
2015-10-21,26,11,15
2015-10-21,15,5,10
2015-10-21,12,5,7
2015-10-21,18,8,10
2015-10-21,25,11,14
2015-10-21,25,12,13
2015-10-21,25,14,11
2015-10-21,29,21,8
2015-10-21,35,23,12
2015-10-21,45,22,23
2015-10-21,24,8,16
2015-10-21,18,8,10
2015-10-21,13,5,8
2015-10-21,9,7,2
2015-10-21,5,3,2
2015-10-22,3,0,3
2015-10-22,2,1,1
2015-10-22,2,1,1
2015-10-22,2,0,2
2015-10-22,4,1,3
2015-10-22,5,0,5
2015-10-22,12,1,11
2015-10-22,26,6,20
2015-10-22,30,11,19
2015-10-22,15,7,8
2015-10-22,15,8,7
2015-10-22,16,6,10
2015-10-22,14,6,8
2015-10-22,26,10,16
2015-10-22,24,17,7
2015-10-22,22,10,12
2015-10-22,31,18,13
2015-10-22,39,26,13
2015-10-22,44,24,20
2015-10-22,31,16,15
2015-10-22,24,11,13
2015-10-22,16,11,5
2015-10-22,13,10,3
2015-10-22,3,0,3
2015-10-23,3,1,2
2015-10-23,2,0,2
2015-10-23,4,0,4
2015-10-23,0,0,0
2015-10-23,4,2,2
2015-10-23,3,1,2
2015-10-23,13,1,12
2015-10-23,19,6,13
2015-10-23,32,13,19
2015-10-23,21,7,14
2015-10-23,14,7,7
2015-10-23,25,10,15
2015-10-23,14,8,6
2015-10-23,21,10,11
2015-10-23,25,11,14
2015-10-23,23,16,7
2015-10-23,31,15,16
2015-10-23,40,25,15
2015-10-23,22,11,11
2015-10-23,20,10,10
2015-10-23,20,13,7
2015-10-23,11,4,7
2015-10-23,9,2,7
2015-10-23,5,4,1
2015-10-24,9,3,6
2015-10-24,7,3,4
2015-10-24,4,0,4
2015-10-24,3,0,3
2015-10-24,1,1,0
2015-10-24,5,2,3
2015-10-24,4,1,3
2015-10-24,8,4,4
2015-10-24,3,3,0
2015-10-24,6,3,3
2015-10-24,11,8,3
2015-10-24,14,8,6
2015-10-24,15,6,9
2015-10-24,14,8,6
2015-10-24,14,6,8
2015-10-24,12,4,8
2015-10-24,15,7,8
2015-10-24,19,10,9
2015-10-24,8,2,6
2015-10-24,25,5,20
2015-10-24,11,3,8
2015-10-24,9,6,3
2015-10-24,10,3,7
2015-10-24,11,5,6
2015-10-25,9,6,3
2015-10-25,4,1,3
2015-10-25,7,3,4
2015-10-25,2,1,1
2015-10-25,0,0,0
2015-10-25,0,0,0
2015-10-25,6,0,6
2015-10-25,5,2,3
2015-10-25,4,4,0
2015-10-25,1,1,0
2015-10-25,9,5,4
2015-10-25,9,5,4
2015-10-25,13,7,6
2015-10-25,13,6,7
2015-10-25,18,8,10
2015-10-25,21,13,8
2015-10-25,12,4,8
2015-10-25,8,4,4
2015-10-25,8,5,3
2015-10-25,2,1,1
2015-10-25,6,3,3
2015-10-25,7,3,4
2015-10-25,4,1,3
2015-10-25,3,1,2
2015-10-26,0,0,0
2015-10-26,1,0,1
2015-10-26,1,1,0
2015-10-26,1,1,0
2015-10-26,3,1,2
2015-10-26,4,0,4
2015-10-26,10,0,10
2015-10-26,23,7,16
2015-10-26,20,9,11
2015-10-26,12,4,8
2015-10-26,8,3,5
2015-10-26,10,4,6
2015-10-26,15,7,8
2015-10-26,11,3,8
2015-10-26,8,5,3
2015-10-26,19,13,6
2015-10-26,21,11,10
2015-10-26,44,29,15
2015-10-26,25,9,16
2015-10-26,15,4,11
2015-10-26,18,8,10
2015-10-26,15,8,7
2015-10-26,9,1,8
2015-10-26,2,2,0
2015-10-27,3,2,1
2015-10-27,1,1,0
2015-10-27,2,2,0
2015-10-27,0,0,0
2015-10-27,0,0,0
2015-10-27,6,1,5
2015-10-27,9,0,9
2015-10-27,32,6,26
2015-10-27,39,17,22
2015-10-27,25,14,11
2015-10-27,11,6,5
2015-10-27,11,8,3
2015-10-27,23,11,12
2015-10-27,17,7,10
2015-10-27,19,7,12
2015-10-27,18,13,5
2015-10-27,29,12,17
2015-10-27,46,29,17
2015-10-27,27,13,14
2015-10-27,25,14,11
2015-10-27,19,5,14
2015-10-27,18,8,10
2015-10-27,3,0,3
2015-10-27,6,3,3
2015-10-28,4,1,3
2015-10-28,1,1,0
2015-10-28,1,0,1
2015-10-28,1,0,1
2015-10-28,0,0,0
2015-10-28,6,0,6
2015-10-28,15,2,13
2015-10-28,26,6,20
2015-10-28,21,11,10
2015-10-28,20,7,13
2015-10-28,12,5,7
2015-10-28,14,4,10
2015-10-28,16,6,10
2015-10-28,20,11,9
2015-10-28,10,4,6
2015-10-28,17,11,6
2015-10-28,29,14,15
2015-10-28,44,29,15
2015-10-28,32,15,17
2015-10-28,23,13,10
2015-10-28,15,5,10
2015-10-28,14,8,6
2015-10-28,6,3,3
2015-10-28,6,4,2
2015-10-29,2,0,2
2015-10-29,3,0,3
2015-10-29,2,1,1
2015-10-29,1,1,0
2015-10-29,1,0,1
2015-10-29,3,1,2
2015-10-29,21,4,17
2015-10-29,20,5,15
2015-10-29,27,13,14
2015-10-29,19,9,10
2015-10-29,16,7,9
2015-10-29,14,8,6
2015-10-29,18,6,12
2015-10-29,12,5,7
2015-10-29,17,6,11
2015-10-29,15,10,5
2015-10-29,24,10,14
2015-10-29,45,24,21
2015-10-29,29,16,13
2015-10-29,24,11,13
2015-10-29,59,49,10
2015-10-29,11,2,9
2015-10-29,11,5,6
2015-10-29,8,3,5
2015-10-30,2,0,2
2015-10-30,3,1,2
2015-10-30,1,0,1
2015-10-30,1,1,0
2015-10-30,0,0,0
2015-10-30,3,1,2
2015-10-30,10,3,7
2015-10-30,12,5,7
2015-10-30,17,7,10
2015-10-30,15,4,11
2015-10-30,8,4,4
2015-10-30,10,8,2
2015-10-30,11,4,7
2015-10-30,19,7,12
2015-10-30,16,6,10
2015-10-30,21,12,9
2015-10-30,18,11,7
2015-10-30,17,11,6
2015-10-30,19,11,8
2015-10-30,14,8,6
2015-10-30,11,3,8
2015-10-30,15,6,9
2015-10-30,12,6,6
2015-10-30,8,4,4
2015-10-31,2,1,1
2015-10-31,1,1,0
2015-10-31,0,0,0
2015-10-31,3,0,3
2015-10-31,1,0,1
2015-10-31,2,1,1
2015-10-31,3,1,2
2015-10-31,4,2,2
2015-10-31,0,0,0
2015-10-31,7,5,2
2015-10-31,5,3,2
2015-10-31,9,3,6
2015-10-31,12,11,1
2015-10-31,20,7,13
2015-10-31,2,2,0
2015-10-31,4,2,2
2015-10-31,9,7,2
2015-10-31,8,1,7
2015-10-31,12,3,9
2015-10-31,9,5,4
2015-10-31,10,7,3
2015-10-31,12,7,5
2015-10-31,6,3,3
2015-10-31,9,4,5
2015-11-01,11,6,5
2015-11-01,6,1,5
2015-11-01,4,1,3
2015-11-01,1,0,1
2015-11-01,2,1,1
2015-11-01,1,0,1
2015-11-01,3,1,2
2015-11-01,3,2,1
2015-11-01,2,1,1
2015-11-01,5,2,3
2015-11-01,12,7,5
2015-11-01,7,6,1
2015-11-01,5,1,4
2015-11-01,21,11,10
2015-11-01,9,4,5
2015-11-01,9,6,3
2015-11-01,8,4,4
2015-11-01,16,6,10
2015-11-01,8,2,6
2015-11-01,9,5,4
2015-11-01,6,6,0
2015-11-01,12,6,6
2015-11-01,5,2,3
2015-11-01,3,2,1
2015-11-02,2,1,1
2015-11-02,1,1,0
2015-11-02,0,0,0
2015-11-02,0,0,0
2015-11-02,0,0,0
2015-11-02,4,0,4
2015-11-02,12,1,11
2015-11-02,29,12,17
2015-11-02,29,11,18
2015-11-02,23,8,15
2015-11-02,15,8,7
2015-11-02,14,6,8
2015-11-02,14,5,9
2015-11-02,13,6,7
2015-11-02,13,5,8
2015-11-02,28,14,14
2015-11-02,25,15,10
2015-11-02,46,21,25
2015-11-02,30,20,10
2015-11-02,21,12,9
2015-11-02,21,10,11
2015-11-02,6,2,4
2015-11-02,6,3,3
2015-11-02,7,2,5
2015-11-03,5,2,3
2015-11-03,0,0,0
2015-11-03,1,0,1
2015-11-03,1,0,1
2015-11-03,1,0,1
2015-11-03,3,1,2
2015-11-03,11,1,10
2015-11-03,24,4,20
2015-11-03,31,18,13
2015-11-03,30,13,17
2015-11-03,9,5,4
2015-11-03,18,8,10
2015-11-03,13,3,10
2015-11-03,12,8,4
2015-11-03,27,12,15
2015-11-03,19,9,10
2015-11-03,24,16,8
2015-11-03,34,24,10
2015-11-03,42,22,20
2015-11-03,27,16,11
2015-11-03,12,6,6
2015-11-03,17,8,9
2015-11-03,6,4,2
2015-11-03,5,2,3
2015-11-04,3,2,1
2015-11-04,3,0,3
2015-11-04,1,0,1
2015-11-04,1,1,0
2015-11-04,2,1,1
2015-11-04,2,0,2
2015-11-04,13,1,12
2015-11-04,25,5,20
2015-11-04,33,9,24
2015-11-04,29,11,18
2015-11-04,14,10,4
2015-11-04,13,9,4
2015-11-04,13,7,6
2015-11-04,15,8,7
2015-11-04,21,8,13
2015-11-04,15,11,4
2015-11-04,42,21,21
2015-11-04,38,18,20
2015-11-04,34,15,19
2015-11-04,16,9,7
2015-11-04,20,9,11
2015-11-04,14,5,9
2015-11-04,4,0,4
2015-11-04,3,1,2
2015-11-05,4,2,2
2015-11-05,6,1,5
2015-11-05,4,2,2
2015-11-05,1,0,1
2015-11-05,1,1,0
2015-11-05,4,0,4
2015-11-05,9,2,7
2015-11-05,26,5,21
2015-11-05,29,12,17
2015-11-05,26,14,12
2015-11-05,17,8,9
2015-11-05,10,3,7
2015-11-05,20,10,10
2015-11-05,17,9,8
2015-11-05,21,11,10
2015-11-05,30,16,14
2015-11-05,28,20,8
2015-11-05,38,23,15
2015-11-05,25,10,15
2015-11-05,20,10,10
2015-11-05,22,12,10
2015-11-05,15,8,7
2015-11-05,8,3,5
2015-11-05,4,4,0
2015-11-06,1,0,1
2015-11-06,4,1,3
2015-11-06,3,1,2
2015-11-06,1,0,1
2015-11-06,1,0,1
2015-11-06,3,0,3
2015-11-06,8,0,8
2015-11-06,22,7,15
2015-11-06,21,6,15
2015-11-06,20,11,9
2015-11-06,11,8,3
2015-11-06,17,8,9
2015-11-06,15,10,5
2015-11-06,19,9,10
2015-11-06,17,7,10
2015-11-06,22,12,10
2015-11-06,23,14,9
2015-11-06,26,17,9
2015-11-06,20,9,11
2015-11-06,24,7,17
2015-11-06,14,8,6
2015-11-06,8,4,4
2015-11-06,7,4,3
2015-11-06,6,2,4
2015-11-07,5,2,3
2015-11-07,5,0,5
2015-11-07,10,1,9
2015-11-07,2,1,1
2015-11-07,0,0,0
2015-11-07,2,0,2
2015-11-07,3,0,3
2015-11-07,2,0,2
2015-11-07,5,2,3
2015-11-07,4,2,2
2015-11-07,2,1,1
2015-11-07,5,2,3
2015-11-07,11,6,5
2015-11-07,8,5,3
2015-11-07,7,2,5
2015-11-07,6,4,2
2015-11-07,8,6,2
2015-11-07,10,4,6
2015-11-07,8,4,4
2015-11-07,2,1,1
2015-11-07,8,6,2
2015-11-07,2,1,1
2015-11-07,1,0,1
2015-11-07,6,1,5
2015-11-08,2,0,2
2015-11-08,1,0,1
2015-11-08,5,3,2
2015-11-08,1,0,1
2015-11-08,2,1,1
2015-11-08,1,0,1
2015-11-08,4,0,4
2015-11-08,6,3,3
2015-11-08,9,5,4
2015-11-08,7,4,3
2015-11-08,4,0,4
2015-11-08,7,4,3
2015-11-08,8,2,6
2015-11-08,10,6,4
2015-11-08,12,6,6
2015-11-08,13,9,4
2015-11-08,21,6,15
2015-11-08,12,6,6
2015-11-08,3,0,3
2015-11-08,10,7,3
2015-11-08,11,5,6
2015-11-08,7,4,3
2015-11-08,3,0,3
2015-11-08,0,0,0
2015-11-09,1,0,1
2015-11-09,3,1,2
2015-11-09,1,0,1
2015-11-09,0,0,0
2015-11-09,3,1,2
2015-11-09,4,0,4
2015-11-09,10,1,9
2015-11-09,21,5,16
2015-11-09,25,9,16
2015-11-09,20,8,12
2015-11-09,13,9,4
2015-11-09,8,4,4
2015-11-09,13,3,10
2015-11-09,7,2,5
2015-11-09,11,2,9
2015-11-09,10,8,2
2015-11-09,24,16,8
2015-11-09,49,29,20
2015-11-09,26,17,9
2015-11-09,6,5,1
2015-11-09,7,3,4
2015-11-09,12,6,6
2015-11-09,4,0,4
2015-11-09,4,0,4
2015-11-10,4,1,3
2015-11-10,0,0,0
2015-11-10,1,0,1
2015-11-10,0,0,0
2015-11-10,2,1,1
2015-11-10,5,0,5
2015-11-10,13,3,10
2015-11-10,34,11,23
2015-11-10,33,15,18
2015-11-10,21,11,10
2015-11-10,19,7,12
2015-11-10,18,6,12
2015-11-10,16,3,13
2015-11-10,11,4,7
2015-11-10,21,9,12
2015-11-10,19,11,8
2015-11-10,32,21,11
2015-11-10,45,25,20
2015-11-10,45,25,20
2015-11-10,15,6,9
2015-11-10,14,8,6
2015-11-10,9,2,7
2015-11-10,4,0,4
2015-11-10,6,6,0
2015-11-11,2,2,0
2015-11-11,1,0,1
2015-11-11,1,0,1
2015-11-11,0,0,0
2015-11-11,0,0,0
2015-11-11,1,0,1
2015-11-11,7,1,6
2015-11-11,17,6,11
2015-11-11,12,4,8
2015-11-11,12,5,7
2015-11-11,8,3,5
2015-11-11,14,8,6
2015-11-11,20,9,11
2015-11-11,11,7,4
2015-11-11,15,12,3
2015-11-11,19,9,10
2015-11-11,17,11,6
2015-11-11,20,11,9
2015-11-11,26,15,11
2015-11-11,18,11,7
2015-11-11,10,9,1
2015-11-11,10,2,8
2015-11-11,3,1,2
2015-11-11,3,3,0
2015-11-12,5,3,2
2015-11-12,1,0,1
2015-11-12,3,0,3
2015-11-12,2,0,2
2015-11-12,1,0,1
2015-11-12,3,0,3
2015-11-12,11,5,6
2015-11-12,24,5,19
2015-11-12,27,13,14
2015-11-12,18,9,9
2015-11-12,18,8,10
2015-11-12,14,7,7
2015-11-12,20,11,9
2015-11-12,12,4,8
2015-11-12,16,9,7
2015-11-12,19,10,9
2015-11-12,28,16,12
2015-11-12,26,12,14
2015-11-12,36,22,14
2015-11-12,10,4,6
2015-11-12,10,5,5
2015-11-12,11,5,6
2015-11-12,4,1,3
2015-11-12,5,3,2
2015-11-13,4,1,3
2015-11-13,1,1,0
2015-11-13,1,0,1
2015-11-13,1,0,1
2015-11-13,0,0,0
2015-11-13,1,0,1
2015-11-13,10,2,8
2015-11-13,21,6,15
2015-11-13,21,9,12
2015-11-13,17,7,10
2015-11-13,12,7,5
2015-11-13,7,5,2
2015-11-13,10,6,4
2015-11-13,9,5,4
2015-11-13,11,5,6
2015-11-13,9,4,5
2015-11-13,23,14,9
2015-11-13,23,15,8
2015-11-13,24,14,10
2015-11-13,17,8,9
2015-11-13,4,2,2
2015-11-13,3,2,1
2015-11-13,9,1,8
2015-11-13,2,2,0
2015-11-14,4,3,1
2015-11-14,0,0,0
2015-11-14,2,0,2
2015-11-14,0,0,0
2015-11-14,2,0,2
2015-11-14,0,0,0
2015-11-14,7,6,1
2015-11-14,2,0,2
2015-11-14,8,5,3
2015-11-14,5,4,1
2015-11-14,8,3,5
2015-11-14,3,2,1
2015-11-14,10,9,1
2015-11-14,9,6,3
2015-11-14,12,7,5
2015-11-14,7,3,4
2015-11-14,6,2,4
2015-11-14,6,2,4
2015-11-14,3,2,1
2015-11-14,5,3,2
2015-11-14,6,3,3
2015-11-14,5,4,1
2015-11-14,3,0,3
2015-11-14,5,1,4
2015-11-15,4,1,3
2015-11-15,2,0,2
2015-11-15,0,0,0
2015-11-15,2,1,1
2015-11-15,0,0,0
2015-11-15,0,0,0
2015-11-15,3,1,2
2015-11-15,2,0,2
2015-11-15,3,2,1
2015-11-15,5,3,2
2015-11-15,2,1,1
2015-11-15,12,5,7
2015-11-15,15,5,10
2015-11-15,13,6,7
2015-11-15,6,2,4
2015-11-15,16,6,10
2015-11-15,11,5,6
2015-11-15,13,4,9
2015-11-15,11,7,4
2015-11-15,10,3,7
2015-11-15,4,1,3
2015-11-15,4,1,3
2015-11-15,8,3,5
2015-11-15,2,0,2
2015-11-16,1,0,1
2015-11-16,2,1,1
2015-11-16,1,0,1
2015-11-16,0,0,0
2015-11-16,2,1,1
2015-11-16,3,0,3
2015-11-16,9,2,7
2015-11-16,22,4,18
2015-11-16,27,6,21
2015-11-16,21,6,15
2015-11-16,12,4,8
2015-11-16,7,5,2
2015-11-16,16,6,10
2015-11-16,12,8,4
2015-11-16,16,10,6
2015-11-16,9,7,2
2015-11-16,21,14,7
2015-11-16,40,29,11
2015-11-16,21,13,8
2015-11-16,19,9,10
2015-11-16,7,3,4
2015-11-16,13,6,7
2015-11-16,7,4,3
2015-11-16,3,2,1
2015-11-17,1,1,0
2015-11-17,2,0,2
2015-11-17,3,1,2
2015-11-17,0,0,0
2015-11-17,1,1,0
2015-11-17,4,2,2
2015-11-17,8,1,7
2015-11-17,19,4,15
2015-11-17,21,13,8
2015-11-17,12,4,8
2015-11-17,7,1,6
2015-11-17,7,3,4
2015-11-17,8,4,4
2015-11-17,10,4,6
2015-11-17,7,3,4
2015-11-17,8,7,1
2015-11-17,25,16,9
2015-11-17,35,28,7
2015-11-17,17,6,11
2015-11-17,17,8,9
2015-11-17,12,5,7
2015-11-17,6,2,4
2015-11-17,5,2,3
2015-11-17,3,3,0
2015-11-18,2,0,2
2015-11-18,1,0,1
2015-11-18,0,0,0
2015-11-18,1,0,1
2015-11-18,1,1,0
2015-11-18,3,0,3
2015-11-18,10,1,9
2015-11-18,26,5,21
2015-11-18,28,10,18
2015-11-18,20,8,12
2015-11-18,15,7,8
2015-11-18,23,14,9
2015-11-18,24,8,16
2015-11-18,9,2,7
2015-11-18,19,6,13
2015-11-18,19,10,9
2015-11-18,35,25,10
2015-11-18,33,23,10
2015-11-18,28,14,14
2015-11-18,20,14,6
2015-11-18,14,6,8
2015-11-18,13,9,4
2015-11-18,2,0,2
2015-11-18,8,6,2
2015-11-19,0,0,0
2015-11-19,2,0,2
2015-11-19,2,0,2
2015-11-19,0,0,0
2015-11-19,0,0,0
2015-11-19,5,1,4
2015-11-19,9,1,8
2015-11-19,19,3,16
2015-11-19,25,14,11
2015-11-19,20,7,13
2015-11-19,14,7,7
2015-11-19,16,8,8
2015-11-19,25,8,17
2015-11-19,21,6,15
2015-11-19,12,6,6
2015-11-19,19,15,4
2015-11-19,31,22,9
2015-11-19,33,18,15
2015-11-19,36,15,21
2015-11-19,22,9,13
2015-11-19,16,5,11
2015-11-19,13,7,6
2015-11-19,8,4,4
2015-11-19,9,6,3
2015-11-20,4,3,1
2015-11-20,4,1,3
2015-11-20,0,0,0
2015-11-20,1,1,0
2015-11-20,1,0,1
2015-11-20,2,0,2
2015-11-20,6,0,6
2015-11-20,19,5,14
2015-11-20,20,7,13
2015-11-20,16,7,9
2015-11-20,11,5,6
2015-11-20,15,7,8
2015-11-20,16,8,8
2015-11-20,17,11,6
2015-11-20,15,5,10
2015-11-20,14,8,6
2015-11-20,18,9,9
2015-11-20,37,26,11
2015-11-20,29,19,10
2015-11-20,13,4,9
2015-11-20,15,7,8
2015-11-20,6,2,4
2015-11-20,6,2,4
2015-11-20,6,3,3
2015-11-21,6,3,3
2015-11-21,7,0,7
2015-11-21,10,2,8
2015-11-21,1,0,1
2015-11-21,1,1,0
2015-11-21,2,0,2
2015-11-21,4,1,3
2015-11-21,6,3,3
2015-11-21,6,5,1
2015-11-21,6,2,4
2015-11-21,7,5,2
2015-11-21,16,7,9
2015-11-21,22,9,13
2015-11-21,13,6,7
2015-11-21,16,7,9
2015-11-21,16,10,6
2015-11-21,11,7,4
2015-11-21,16,8,8
2015-11-21,9,4,5
2015-11-21,8,3,5
2015-11-21,14,8,6
2015-11-21,4,1,3
2015-11-21,13,7,6
2015-11-21,3,1,2
2015-11-22,8,5,3
2015-11-22,5,1,4
2015-11-22,4,0,4
2015-11-22,0,0,0
2015-11-22,0,0,0
2015-11-22,1,1,0
2015-11-22,4,1,3
2015-11-22,3,0,3
2015-11-22,3,2,1
2015-11-22,9,7,2
2015-11-22,2,1,1
2015-11-22,10,7,3
2015-11-22,8,1,7
2015-11-22,16,13,3
2015-11-22,10,7,3
2015-11-22,17,2,15
2015-11-22,19,9,10
2015-11-22,16,7,9
2015-11-22,7,5,2
2015-11-22,3,1,2
2015-11-22,9,3,6
2015-11-22,5,2,3
2015-11-22,3,0,3
2015-11-22,1,0,1
2015-11-23,1,0,1
2015-11-23,1,1,0
2015-11-23,0,0,0
2015-11-23,1,1,0
2015-11-23,1,1,0
2015-11-23,2,0,2
2015-11-23,15,4,11
2015-11-23,29,4,25
2015-11-23,15,3,12
2015-11-23,14,5,9
2015-11-23,12,5,7
2015-11-23,10,4,6
2015-11-23,12,4,8
2015-11-23,9,2,7
2015-11-23,15,4,11
2015-11-23,18,13,5
2015-11-23,43,27,16
2015-11-23,38,27,11
2015-11-23,20,14,6
2015-11-23,14,9,5
2015-11-23,8,3,5
2015-11-23,5,3,2
2015-11-23,7,3,4
2015-11-23,3,2,1
2015-11-24,1,0,1
2015-11-24,0,0,0
2015-11-24,0,0,0
2015-11-24,1,0,1
2015-11-24,0,0,0
2015-11-24,3,1,2
2015-11-24,6,1,5
2015-11-24,16,2,14
2015-11-24,21,8,13
2015-11-24,11,5,6
2015-11-24,9,4,5
2015-11-24,14,5,9
2015-11-24,10,4,6
2015-11-24,13,4,9
2015-11-24,15,11,4
2015-11-24,14,7,7
2015-11-24,22,12,10
2015-11-24,31,21,10
2015-11-24,27,11,16
2015-11-24,12,4,8
2015-11-24,10,4,6
2015-11-24,8,4,4
2015-11-24,8,2,6
2015-11-24,3,2,1
2015-11-25,3,2,1
2015-11-25,0,0,0
2015-11-25,0,0,0
2015-11-25,0,0,0
2015-11-25,0,0,0
2015-11-25,0,0,0
2015-11-25,13,1,12
2015-11-25,14,5,9
2015-11-25,14,2,12
2015-11-25,21,8,13
2015-11-25,9,5,4
2015-11-25,9,7,2
2015-11-25,13,4,9
2015-11-25,20,11,9
2015-11-25,15,10,5
2015-11-25,18,9,9
2015-11-25,20,14,6
2015-11-25,20,13,7
2015-11-25,14,10,4
2015-11-25,11,7,4
2015-11-25,7,2,5
2015-11-25,4,2,2
2015-11-25,8,6,2
2015-11-25,1,0,1
2015-11-26,0,0,0
2015-11-26,2,1,1
2015-11-26,1,1,0
2015-11-26,1,0,1
2015-11-26,0,0,0
2015-11-26,1,0,1
2015-11-26,3,0,3
2015-11-26,2,0,2
2015-11-26,3,2,1
2015-11-26,1,0,1
2015-11-26,4,1,3
2015-11-26,4,2,2
2015-11-26,5,1,4
2015-11-26,3,3,0
2015-11-26,4,2,2
2015-11-26,3,2,1
2015-11-26,3,1,2
2015-11-26,7,5,2
2015-11-26,1,0,1
2015-11-26,1,1,0
2015-11-26,3,2,1
2015-11-26,1,0,1
2015-11-26,3,3,0
2015-11-26,1,0,1
2015-11-27,0,0,0
2015-11-27,3,0,3
2015-11-27,0,0,0
2015-11-27,1,0,1
2015-11-27,1,0,1
2015-11-27,0,0,0
2015-11-27,4,2,2
2015-11-27,5,3,2
2015-11-27,3,3,0
2015-11-27,3,2,1
2015-11-27,4,4,0
2015-11-27,9,7,2
2015-11-27,16,6,10
2015-11-27,14,11,3
2015-11-27,13,4,9
2015-11-27,7,3,4
2015-11-27,13,7,6
2015-11-27,9,7,2
2015-11-27,9,3,6
2015-11-27,11,4,7
2015-11-27,6,3,3
2015-11-27,2,0,2
2015-11-27,5,1,4
2015-11-27,4,3,1
2015-11-28,3,2,1
2015-11-28,1,0,1
2015-11-28,5,0,5
2015-11-28,0,0,0
2015-11-28,1,0,1
2015-11-28,3,0,3
2015-11-28,3,1,2
2015-11-28,4,3,1
2015-11-28,1,1,0
2015-11-28,4,2,2
2015-11-28,3,2,1
2015-11-28,0,0,0
2015-11-28,11,4,7
2015-11-28,12,8,4
2015-11-28,19,8,11
2015-11-28,18,8,10
2015-11-28,7,5,2
2015-11-28,6,3,3
2015-11-28,8,3,5
2015-11-28,10,4,6
2015-11-28,7,1,6
2015-11-28,3,1,2
2015-11-28,4,1,3
2015-11-28,3,1,2
2015-11-29,3,0,3
2015-11-29,1,0,1
2015-11-29,0,0,0
2015-11-29,0,0,0
2015-11-29,0,0,0
2015-11-29,2,1,1
2015-11-29,5,3,2
2015-11-29,3,0,3
2015-11-29,4,2,2
2015-11-29,11,10,1
2015-11-29,6,3,3
2015-11-29,7,4,3
2015-11-29,9,5,4
2015-11-29,13,3,10
2015-11-29,8,5,3
2015-11-29,9,5,4
2015-11-29,8,3,5
2015-11-29,13,6,7
2015-11-29,13,7,6
2015-11-29,5,3,2
2015-11-29,7,2,5
2015-11-29,6,4,2
2015-11-29,3,1,2
2015-11-29,0,0,0
2015-11-30,2,0,2
2015-11-30,0,0,0
2015-11-30,0,0,0
2015-11-30,1,1,0
2015-11-30,0,0,0
2015-11-30,2,0,2
2015-11-30,6,2,4
2015-11-30,17,2,15
2015-11-30,22,8,14
2015-11-30,13,2,11
2015-11-30,7,2,5
2015-11-30,9,7,2
2015-11-30,18,5,13
2015-11-30,14,9,5
2015-11-30,18,8,10
2015-11-30,11,7,4
2015-11-30,24,12,12
2015-11-30,39,26,13
2015-11-30,25,11,14
2015-11-30,11,5,6
2015-11-30,7,2,5
2015-11-30,7,2,5
2015-11-30,6,4,2
2015-11-30,3,1,2
2015-12-01,2,0,2
2015-12-01,1,1,0
2015-12-01,0,0,0
2015-12-01,0,0,0
2015-12-01,2,1,1
2015-12-01,1,0,1
2015-12-01,10,4,6
2015-12-01,21,4,17
2015-12-01,24,9,15
2015-12-01,13,3,10
2015-12-01,20,9,11
2015-12-01,12,7,5
2015-12-01,15,4,11
2015-12-01,18,7,11
2015-12-01,9,4,5
2015-12-01,18,13,5
2015-12-01,23,11,12
2015-12-01,45,28,17
2015-12-01,29,17,12
2015-12-01,20,12,8
2015-12-01,12,7,5
2015-12-01,5,3,2
2015-12-01,6,3,3
2015-12-01,4,3,1
2015-12-02,0,0,0
2015-12-02,0,0,0
2015-12-02,0,0,0
2015-12-02,0,0,0
2015-12-02,1,0,1
2015-12-02,4,0,4
2015-12-02,10,1,9
2015-12-02,17,6,11
2015-12-02,21,9,12
2015-12-02,15,3,12
2015-12-02,10,7,3
2015-12-02,10,6,4
2015-12-02,9,0,9
2015-12-02,16,8,8
2015-12-02,14,7,7
2015-12-02,7,3,4
2015-12-02,30,20,10
2015-12-02,26,22,4
2015-12-02,27,17,10
2015-12-02,10,6,4
2015-12-02,22,9,13
2015-12-02,12,6,6
2015-12-02,9,6,3
2015-12-02,2,1,1
2015-12-03,3,0,3
2015-12-03,1,1,0
2015-12-03,2,0,2
2015-12-03,0,0,0
2015-12-03,0,0,0
2015-12-03,5,1,4
2015-12-03,9,2,7
2015-12-03,17,6,11
2015-12-03,19,7,12
2015-12-03,12,5,7
2015-12-03,14,10,4
2015-12-03,7,4,3
2015-12-03,17,5,12
2015-12-03,7,3,4
2015-12-03,8,2,6
2015-12-03,18,8,10
2015-12-03,16,8,8
2015-12-03,24,11,13
2015-12-03,17,9,8
2015-12-03,17,9,8
2015-12-03,12,6,6
2015-12-03,9,5,4
2015-12-03,7,4,3
2015-12-03,4,4,0
2015-12-04,4,2,2
2015-12-04,3,0,3
2015-12-04,2,0,2
2015-12-04,0,0,0
2015-12-04,1,1,0
2015-12-04,2,0,2
2015-12-04,3,0,3
2015-12-04,11,1,10
2015-12-04,19,5,14
2015-12-04,10,3,7
2015-12-04,6,2,4
2015-12-04,12,8,4
2015-12-04,17,11,6
2015-12-04,12,4,8
2015-12-04,15,5,10
2015-12-04,17,11,6
2015-12-04,29,13,16
2015-12-04,28,14,14
2015-12-04,15,8,7
2015-12-04,15,8,7
2015-12-04,8,4,4
2015-12-04,10,4,6
2015-12-04,10,7,3
2015-12-04,7,6,1
2015-12-05,7,4,3
2015-12-05,4,0,4
2015-12-05,6,3,3
2015-12-05,0,0,0
2015-12-05,2,1,1
2015-12-05,4,0,4
2015-12-05,0,0,0
2015-12-05,1,0,1
2015-12-05,3,3,0
2015-12-05,5,3,2
2015-12-05,5,3,2
2015-12-05,6,3,3
2015-12-05,3,2,1
2015-12-05,4,2,2
2015-12-05,7,6,1
2015-12-05,6,1,5
2015-12-05,5,3,2
2015-12-05,14,7,7
2015-12-05,8,2,6
2015-12-05,3,2,1
2015-12-05,5,4,1
2015-12-05,1,1,0
2015-12-05,4,1,3
2015-12-05,4,2,2
2015-12-06,3,2,1
2015-12-06,0,0,0
2015-12-06,1,1,0
2015-12-06,2,1,1
2015-12-06,0,0,0
2015-12-06,1,0,1
2015-12-06,0,0,0
2015-12-06,3,1,2
2015-12-06,2,1,1
2015-12-06,3,2,1
2015-12-06,3,1,2
2015-12-06,6,5,1
2015-12-06,7,3,4
2015-12-06,13,6,7
2015-12-06,17,8,9
2015-12-06,18,8,10
2015-12-06,10,4,6
2015-12-06,11,5,6
2015-12-06,7,2,5
2015-12-06,6,1,5
2015-12-06,2,2,0
2015-12-06,3,1,2
2015-12-06,3,1,2
2015-12-06,1,1,0
2015-12-07,0,0,0
2015-12-07,1,1,0
2015-12-07,0,0,0
2015-12-07,0,0,0
2015-12-07,1,1,0
2015-12-07,4,0,4
2015-12-07,7,1,6
2015-12-07,19,4,15
2015-12-07,21,6,15
2015-12-07,7,3,4
2015-12-07,7,3,4
2015-12-07,5,0,5
2015-12-07,8,5,3
2015-12-07,8,3,5
2015-12-07,7,2,5
2015-12-07,12,11,1
2015-12-07,20,9,11
2015-12-07,27,17,10
2015-12-07,31,17,14
2015-12-07,15,9,6
2015-12-07,17,11,6
2015-12-07,6,3,3
2015-12-07,2,1,1
2015-12-07,3,1,2
2015-12-08,1,0,1
2015-12-08,0,0,0
2015-12-08,1,0,1
2015-12-08,1,0,1
2015-12-08,1,1,0
2015-12-08,2,0,2
2015-12-08,6,1,5
2015-12-08,22,5,17
2015-12-08,21,8,13
2015-12-08,9,3,6
2015-12-08,6,3,3
2015-12-08,4,3,1
2015-12-08,8,2,6
2015-12-08,10,2,8
2015-12-08,15,8,7
2015-12-08,7,5,2
2015-12-08,18,12,6
2015-12-08,29,17,12
2015-12-08,19,13,6
2015-12-08,19,10,9
2015-12-08,12,3,9
2015-12-08,2,1,1
2015-12-08,2,1,1
2015-12-08,5,2,3
2015-12-09,2,0,2
2015-12-09,1,1,0
2015-12-09,0,0,0
2015-12-09,0,0,0
2015-12-09,1,1,0
2015-12-09,1,0,1
2015-12-09,4,0,4
2015-12-09,17,4,13
2015-12-09,16,7,9
2015-12-09,6,3,3
2015-12-09,7,5,2
2015-12-09,10,4,6
2015-12-09,18,8,10
2015-12-09,16,4,12
2015-12-09,11,8,3
2015-12-09,16,11,5
2015-12-09,33,16,17
2015-12-09,27,18,9
2015-12-09,20,7,13
2015-12-09,9,5,4
2015-12-09,12,4,8
2015-12-09,3,1,2
2015-12-09,7,2,5
2015-12-09,2,1,1
2015-12-10,1,1,0
2015-12-10,0,0,0
2015-12-10,1,0,1
2015-12-10,1,0,1
2015-12-10,1,0,1
2015-12-10,3,0,3
2015-12-10,2,0,2
2015-12-10,14,1,13
2015-12-10,26,10,16
2015-12-10,7,2,5
2015-12-10,9,5,4
2015-12-10,8,3,5
2015-12-10,8,2,6
2015-12-10,6,2,4
2015-12-10,8,1,7
2015-12-10,11,7,4
2015-12-10,14,6,8
2015-12-10,29,18,11
2015-12-10,18,15,3
2015-12-10,15,7,8
2015-12-10,9,3,6
2015-12-10,10,5,5
2015-12-10,6,4,2
2015-12-10,6,3,3
2015-12-11,1,1,0
2015-12-11,0,0,0
2015-12-11,1,1,0
2015-12-11,0,0,0
2015-12-11,2,1,1
2015-12-11,4,0,4
2015-12-11,6,0,6
2015-12-11,19,5,14
2015-12-11,22,7,15
2015-12-11,15,9,6
2015-12-11,7,4,3
2015-12-11,7,3,4
2015-12-11,11,7,4
2015-12-11,10,4,6
2015-12-11,14,7,7
2015-12-11,14,6,8
2015-12-11,29,18,11
2015-12-11,31,17,14
2015-12-11,19,7,12
2015-12-11,14,5,9
2015-12-11,12,7,5
2015-12-11,12,7,5
2015-12-11,2,1,1
2015-12-11,8,7,1
2015-12-12,3,2,1
2015-12-12,3,1,2
2015-12-12,1,1,0
2015-12-12,1,0,1
2015-12-12,0,0,0
2015-12-12,2,0,2
2015-12-12,2,0,2
2015-12-12,2,2,0
2015-12-12,9,6,3
2015-12-12,4,3,1
2015-12-12,3,3,0
2015-12-12,8,6,2
2015-12-12,4,2,2
2015-12-12,8,4,4
2015-12-12,7,3,4
2015-12-12,11,1,10
2015-12-12,5,2,3
2015-12-12,7,4,3
2015-12-12,8,5,3
2015-12-12,6,1,5
2015-12-12,5,5,0
2015-12-12,3,0,3
2015-12-12,4,1,3
2015-12-12,2,2,0
2015-12-13,6,2,4
2015-12-13,9,2,7
2015-12-13,2,1,1
2015-12-13,0,0,0
2015-12-13,1,0,1
2015-12-13,1,0,1
2015-12-13,2,0,2
2015-12-13,5,3,2
2015-12-13,3,1,2
2015-12-13,10,5,5
2015-12-13,8,5,3
2015-12-13,6,5,1
2015-12-13,8,4,4
2015-12-13,19,10,9
2015-12-13,14,7,7
2015-12-13,12,6,6
2015-12-13,9,5,4
2015-12-13,5,4,1
2015-12-13,7,4,3
2015-12-13,9,5,4
2015-12-13,3,0,3
2015-12-13,4,2,2
2015-12-13,3,0,3
2015-12-13,1,1,0
2015-12-14,2,1,1
2015-12-14,3,1,2
2015-12-14,0,0,0
2015-12-14,0,0,0
2015-12-14,0,0,0
2015-12-14,3,0,3
2015-12-14,13,3,10
2015-12-14,19,6,13
2015-12-14,23,7,16
2015-12-14,12,4,8
2015-12-14,16,7,9
2015-12-14,9,4,5
2015-12-14,15,5,10
2015-12-14,11,5,6
2015-12-14,9,5,4
2015-12-14,11,7,4
2015-12-14,21,14,7
2015-12-14,32,20,12
2015-12-14,21,12,9
2015-12-14,17,11,6
2015-12-14,2,1,1
2015-12-14,7,4,3
2015-12-14,5,2,3
2015-12-14,5,2,3
2015-12-15,3,0,3
2015-12-15,0,0,0
2015-12-15,0,0,0
2015-12-15,0,0,0
2015-12-15,1,1,0
2015-12-15,4,1,3
2015-12-15,11,3,8
2015-12-15,14,2,12
2015-12-15,20,10,10
2015-12-15,16,6,10
2015-12-15,16,7,9
2015-12-15,12,7,5
2015-12-15,15,4,11
2015-12-15,8,4,4
2015-12-15,19,10,9
2015-12-15,13,7,6
2015-12-15,25,21,4
2015-12-15,27,19,8
2015-12-15,27,17,10
2015-12-15,14,8,6
2015-12-15,10,2,8
2015-12-15,11,2,9
2015-12-15,1,1,0
2015-12-15,6,3,3
2015-12-16,2,2,0
2015-12-16,1,1,0
2015-12-16,0,0,0
2015-12-16,0,0,0
2015-12-16,2,1,1
2015-12-16,3,0,3
2015-12-16,10,1,9
2015-12-16,15,5,10
2015-12-16,24,12,12
2015-12-16,15,3,12
2015-12-16,16,5,11
2015-12-16,10,5,5
2015-12-16,15,6,9
2015-12-16,13,8,5
2015-12-16,14,6,8
2015-12-16,10,3,7
2015-12-16,22,17,5
2015-12-16,30,23,7
2015-12-16,38,15,23
2015-12-16,17,14,3
2015-12-16,8,4,4
2015-12-16,3,1,2
2015-12-16,5,3,2
2015-12-16,8,4,4
2015-12-17,5,1,4
2015-12-17,3,1,2
2015-12-17,6,1,5
2015-12-17,0,0,0
2015-12-17,0,0,0
2015-12-17,6,1,5
2015-12-17,7,1,6
2015-12-17,15,3,12
2015-12-17,18,2,16
2015-12-17,7,5,2
2015-12-17,6,1,5
2015-12-17,10,5,5
2015-12-17,8,1,7
2015-12-17,11,3,8
2015-12-17,6,4,2
2015-12-17,10,6,4
2015-12-17,17,13,4
2015-12-17,16,10,6
2015-12-17,20,12,8
2015-12-17,15,8,7
2015-12-17,9,4,5
2015-12-17,7,5,2
2015-12-17,3,2,1
2015-12-17,2,2,0
2015-12-18,0,0,0
2015-12-18,1,1,0
2015-12-18,2,1,1
2015-12-18,0,0,0
2015-12-18,0,0,0
2015-12-18,4,0,4
2015-12-18,7,1,6
2015-12-18,23,7,16
2015-12-18,14,2,12
2015-12-18,7,3,4
2015-12-18,9,6,3
2015-12-18,11,6,5
2015-12-18,11,6,5
2015-12-18,5,1,4
2015-12-18,12,8,4
2015-12-18,8,3,5
2015-12-18,20,13,7
2015-12-18,18,10,8
2015-12-18,16,11,5
2015-12-18,4,1,3
2015-12-18,12,7,5
2015-12-18,9,5,4
2015-12-18,9,5,4
2015-12-18,2,2,0
2015-12-19,2,2,0
2015-12-19,1,1,0
2015-12-19,6,0,6
2015-12-19,1,0,1
2015-12-19,1,1,0
2015-12-19,1,0,1
2015-12-19,3,0,3
2015-12-19,3,1,2
2015-12-19,1,1,0
2015-12-19,4,2,2
2015-12-19,7,3,4
2015-12-19,4,3,1
2015-12-19,9,4,5
2015-12-19,6,3,3
2015-12-19,4,3,1
2015-12-19,8,4,4
2015-12-19,16,3,13
2015-12-19,6,3,3
2015-12-19,11,6,5
2015-12-19,8,6,2
2015-12-19,8,3,5
2015-12-19,5,2,3
2015-12-19,4,1,3
2015-12-19,5,4,1
2015-12-20,2,1,1
2015-12-20,9,4,5
2015-12-20,5,3,2
2015-12-20,1,0,1
2015-12-20,0,0,0
2015-12-20,1,0,1
2015-12-20,3,2,1
2015-12-20,1,0,1
2015-12-20,2,2,0
2015-12-20,3,2,1
2015-12-20,6,1,5
2015-12-20,6,6,0
2015-12-20,12,10,2
2015-12-20,7,4,3
2015-12-20,12,2,10
2015-12-20,5,3,2
2015-12-20,2,2,0
2015-12-20,2,1,1
2015-12-20,7,4,3
2015-12-20,4,2,2
2015-12-20,1,1,0
2015-12-20,5,1,4
2015-12-20,3,1,2
2015-12-20,1,0,1
2015-12-21,1,0,1
2015-12-21,0,0,0
2015-12-21,0,0,0
2015-12-21,1,1,0
2015-12-21,0,0,0
2015-12-21,3,0,3
2015-12-21,5,2,3
2015-12-21,14,6,8
2015-12-21,10,3,7
2015-12-21,8,3,5
2015-12-21,4,2,2
2015-12-21,6,3,3
2015-12-21,9,6,3
2015-12-21,3,1,2
2015-12-21,3,2,1
2015-12-21,4,0,4
2015-12-21,12,8,4
2015-12-21,17,14,3
2015-12-21,16,9,7
2015-12-21,15,6,9
2015-12-21,7,5,2
2015-12-21,2,1,1
2015-12-21,2,0,2
2015-12-21,5,2,3
2015-12-22,0,0,0
2015-12-22,0,0,0
2015-12-22,0,0,0
2015-12-22,0,0,0
2015-12-22,1,1,0
2015-12-22,3,0,3
2015-12-22,7,1,6
2015-12-22,13,2,11
2015-12-22,15,4,11
2015-12-22,10,4,6
2015-12-22,5,2,3
2015-12-22,8,6,2
2015-12-22,9,4,5
2015-12-22,9,2,7
2015-12-22,10,3,7
2015-12-22,8,3,5
2015-12-22,23,17,6
2015-12-22,24,19,5
2015-12-22,13,7,6
2015-12-22,8,4,4
2015-12-22,6,2,4
2015-12-22,3,3,0
2015-12-22,3,1,2
2015-12-22,6,2,4
2015-12-23,1,1,0
2015-12-23,0,0,0
2015-12-23,1,0,1
2015-12-23,0,0,0
2015-12-23,1,1,0
2015-12-23,6,1,5
2015-12-23,7,0,7
2015-12-23,9,0,9
2015-12-23,7,2,5
2015-12-23,8,4,4
2015-12-23,9,3,6
2015-12-23,5,4,1
2015-12-23,5,0,5
2015-12-23,12,6,6
2015-12-23,2,1,1
2015-12-23,13,8,5
2015-12-23,14,10,4
2015-12-23,15,11,4
2015-12-23,11,4,7
2015-12-23,8,7,1
2015-12-23,7,2,5
2015-12-23,1,0,1
2015-12-23,5,3,2
2015-12-23,4,4,0
2015-12-24,3,0,3
2015-12-24,3,1,2
2015-12-24,2,2,0
2015-12-24,0,0,0
2015-12-24,1,1,0
2015-12-24,2,0,2
2015-12-24,8,2,6
2015-12-24,10,2,8
2015-12-24,3,1,2
2015-12-24,1,0,1
2015-12-24,4,2,2
2015-12-24,8,5,3
2015-12-24,8,6,2
2015-12-24,10,7,3
2015-12-24,12,4,8
2015-12-24,11,7,4
2015-12-24,7,7,0
2015-12-24,5,2,3
2015-12-24,4,2,2
2015-12-24,7,4,3
2015-12-24,3,2,1
2015-12-24,1,1,0
2015-12-24,0,0,0
2015-12-24,2,1,1
2015-12-25,2,1,1
2015-12-25,2,1,1
2015-12-25,1,0,1
2015-12-25,0,0,0
2015-12-25,1,0,1
2015-12-25,1,0,1
2015-12-25,2,1,1
2015-12-25,2,1,1
2015-12-25,2,2,0
2015-12-25,0,0,0
2015-12-25,3,2,1
2015-12-25,0,0,0
2015-12-25,4,3,1
2015-12-25,2,1,1
2015-12-25,3,1,2
2015-12-25,0,0,0
2015-12-25,2,1,1
2015-12-25,3,3,0
2015-12-25,2,1,1
2015-12-25,1,0,1
2015-12-25,0,0,0
2015-12-25,2,1,1
2015-12-25,1,1,0
2015-12-25,0,0,0
2015-12-26,0,0,0
2015-12-26,0,0,0
2015-12-26,1,1,0
2015-12-26,0,0,0
2015-12-26,0,0,0
2015-12-26,2,0,2
2015-12-26,3,1,2
2015-12-26,3,0,3
2015-12-26,3,1,2
2015-12-26,0,0,0
2015-12-26,5,2,3
2015-12-26,4,2,2
2015-12-26,10,6,4
2015-12-26,5,2,3
2015-12-26,5,2,3
2015-12-26,6,4,2
2015-12-26,6,3,3
2015-12-26,6,4,2
2015-12-26,9,5,4
2015-12-26,4,2,2
2015-12-26,4,1,3
2015-12-26,0,0,0
2015-12-26,8,1,7
2015-12-26,0,0,0
2015-12-27,4,4,0
2015-12-27,2,2,0
2015-12-27,3,0,3
2015-12-27,0,0,0
2015-12-27,0,0,0
2015-12-27,0,0,0
2015-12-27,2,0,2
2015-12-27,4,3,1
2015-12-27,3,2,1
2015-12-27,1,0,1
2015-12-27,2,2,0
2015-12-27,2,1,1
2015-12-27,9,5,4
2015-12-27,4,3,1
2015-12-27,5,2,3
2015-12-27,3,0,3
2015-12-27,2,1,1
2015-12-27,4,3,1
2015-12-27,6,1,5
2015-12-27,7,3,4
2015-12-27,3,2,1
2015-12-27,2,0,2
2015-12-27,0,0,0
2015-12-27,5,2,3
2015-12-28,2,1,1
2015-12-28,1,1,0
2015-12-28,1,0,1
2015-12-28,0,0,0
2015-12-28,2,1,1
2015-12-28,1,0,1
2015-12-28,4,1,3
2015-12-28,9,3,6
2015-12-28,5,3,2
2015-12-28,5,1,4
2015-12-28,2,1,1
2015-12-28,6,3,3
2015-12-28,8,2,6
2015-12-28,7,3,4
2015-12-28,8,4,4
2015-12-28,5,3,2
2015-12-28,17,9,8
2015-12-28,24,16,8
2015-12-28,15,4,11
2015-12-28,13,8,5
2015-12-28,1,1,0
2015-12-28,3,1,2
2015-12-28,4,3,1
2015-12-28,3,3,0
2015-12-29,4,3,1
2015-12-29,3,0,3
2015-12-29,0,0,0
2015-12-29,0,0,0
2015-12-29,1,1,0
2015-12-29,4,0,4
2015-12-29,6,1,5
2015-12-29,15,6,9
2015-12-29,7,1,6
2015-12-29,5,1,4
2015-12-29,6,3,3
2015-12-29,11,4,7
2015-12-29,5,3,2
2015-12-29,11,3,8
2015-12-29,8,6,2
2015-12-29,15,7,8
2015-12-29,19,14,5
2015-12-29,19,16,3
2015-12-29,17,9,8
2015-12-29,10,7,3
2015-12-29,5,3,2
2015-12-29,6,1,5
2015-12-29,2,0,2
2015-12-29,3,2,1
2015-12-30,3,1,2
2015-12-30,0,0,0
2015-12-30,0,0,0
2015-12-30,0,0,0
2015-12-30,1,0,1
2015-12-30,2,0,2
2015-12-30,5,1,4
2015-12-30,9,0,9
2015-12-30,7,1,6
2015-12-30,8,1,7
2015-12-30,6,3,3
2015-12-30,13,6,7
2015-12-30,18,6,12
2015-12-30,9,3,6
2015-12-30,6,4,2
2015-12-30,9,5,4
2015-12-30,17,12,5
2015-12-30,22,15,7
2015-12-30,21,13,8
2015-12-30,15,13,2
2015-12-30,5,1,4
2015-12-30,7,3,4
2015-12-30,6,2,4
2015-12-30,3,2,1
2015-12-31,1,1,0
2015-12-31,2,2,0
2015-12-31,4,0,4
2015-12-31,2,0,2
2015-12-31,0,0,0
2015-12-31,1,0,1
2015-12-31,6,1,5
2015-12-31,10,2,8
2015-12-31,11,5,6
2015-12-31,8,5,3
2015-12-31,10,2,8
2015-12-31,13,5,8
2015-12-31,18,10,8
2015-12-31,10,6,4
2015-12-31,9,6,3
2015-12-31,5,5,0
2015-12-31,18,10,8
2015-12-31,9,6,3
2015-12-31,16,9,7
2015-12-31,15,8,7
2015-12-31,4,2,2
2015-12-31,4,3,1
2015-12-31,2,0,2
2015-12-31,3,1,2
2016-01-01,7,3,4
2016-01-01,4,3,1
2016-01-01,4,0,4
2016-01-01,1,0,1
2016-01-01,0,0,0
2016-01-01,0,0,0
2016-01-01,1,0,1
2016-01-01,1,1,0
2016-01-01,3,2,1
2016-01-01,3,2,1
2016-01-01,1,1,0
2016-01-01,2,2,0
2016-01-01,7,4,3
2016-01-01,4,1,3
2016-01-01,5,4,1
2016-01-01,6,5,1
2016-01-01,5,4,1
2016-01-01,4,3,1
2016-01-01,3,2,1
2016-01-01,10,6,4
2016-01-01,3,2,1
2016-01-01,20,2,18
2016-01-01,0,0,0
2016-01-01,1,0,1
2016-01-02,1,1,0
2016-01-02,0,0,0
2016-01-02,2,1,1
2016-01-02,0,0,0
2016-01-02,1,0,1
2016-01-02,3,0,3
2016-01-02,4,1,3
2016-01-02,2,0,2
2016-01-02,4,2,2
2016-01-02,5,5,0
2016-01-02,2,2,0
2016-01-02,12,6,6
2016-01-02,22,8,14
2016-01-02,8,5,3
2016-01-02,9,5,4
2016-01-02,17,8,9
2016-01-02,14,7,7
2016-01-02,6,2,4
2016-01-02,5,2,3
2016-01-02,6,3,3
2016-01-02,8,4,4
2016-01-02,12,2,10
2016-01-02,3,0,3
2016-01-02,2,1,1
2016-01-03,5,3,2
2016-01-03,3,0,3
2016-01-03,1,0,1
2016-01-03,1,1,0
2016-01-03,0,0,0
2016-01-03,1,0,1
2016-01-03,5,3,2
2016-01-03,3,2,1
2016-01-03,2,0,2
2016-01-03,2,1,1
2016-01-03,4,3,1
2016-01-03,8,5,3
2016-01-03,13,9,4
2016-01-03,10,7,3
2016-01-03,5,0,5
2016-01-03,12,4,8
2016-01-03,10,5,5
2016-01-03,6,2,4
2016-01-03,4,2,2
2016-01-03,6,1,5
2016-01-03,4,3,1
2016-01-03,3,0,3
2016-01-03,3,3,0
2016-01-03,2,1,1
2016-01-04,1,0,1
2016-01-04,0,0,0
2016-01-04,0,0,0
2016-01-04,0,0,0
2016-01-04,0,0,0
2016-01-04,0,0,0
2016-01-04,2,0,2
2016-01-04,13,3,10
2016-01-04,18,6,12
2016-01-04,10,6,4
2016-01-04,26,7,19
2016-01-04,10,4,6
2016-01-04,8,3,5
2016-01-04,8,3,5
2016-01-04,8,3,5
2016-01-04,13,7,6
2016-01-04,20,11,9
2016-01-04,23,15,8
2016-01-04,22,11,11
2016-01-04,11,6,5
2016-01-04,10,5,5
2016-01-04,6,3,3
2016-01-04,1,1,0
2016-01-04,2,2,0
2016-01-05,1,0,1
2016-01-05,0,0,0
2016-01-05,1,1,0
2016-01-05,0,0,0
2016-01-05,2,0,2
2016-01-05,3,0,3
2016-01-05,7,2,5
2016-01-05,18,5,13
2016-01-05,24,8,16
2016-01-05,13,5,8
2016-01-05,12,6,6
2016-01-05,8,5,3
2016-01-05,15,7,8
2016-01-05,10,5,5
2016-01-05,14,5,9
2016-01-05,7,3,4
2016-01-05,17,8,9
2016-01-05,34,24,10
2016-01-05,22,14,8
2016-01-05,13,8,5
2016-01-05,3,2,1
2016-01-05,6,3,3
2016-01-05,2,0,2
2016-01-05,1,1,0
2016-01-06,1,1,0
2016-01-06,2,0,2
2016-01-06,0,0,0
2016-01-06,0,0,0
2016-01-06,1,0,1
2016-01-06,2,1,1
2016-01-06,10,1,9
2016-01-06,17,5,12
2016-01-06,26,12,14
2016-01-06,14,3,11
2016-01-06,13,7,6
2016-01-06,16,6,10
2016-01-06,17,8,9
2016-01-06,15,8,7
2016-01-06,20,8,12
2016-01-06,14,10,4
2016-01-06,21,13,8
2016-01-06,36,23,13
2016-01-06,35,20,15
2016-01-06,20,10,10
2016-01-06,13,4,9
2016-01-06,9,4,5
2016-01-06,4,3,1
2016-01-06,4,3,1
2016-01-07,4,1,3
2016-01-07,2,1,1
2016-01-07,2,0,2
2016-01-07,1,0,1
2016-01-07,1,0,1
2016-01-07,3,0,3
2016-01-07,7,2,5
2016-01-07,17,1,16
2016-01-07,31,13,18
2016-01-07,16,5,11
2016-01-07,13,7,6
2016-01-07,13,6,7
2016-01-07,9,6,3
2016-01-07,10,7,3
2016-01-07,14,10,4
2016-01-07,18,9,9
2016-01-07,27,15,12
2016-01-07,29,18,11
2016-01-07,22,10,12
2016-01-07,14,6,8
2016-01-07,10,6,4
2016-01-07,7,3,4
2016-01-07,2,0,2
2016-01-07,3,1,2
2016-01-08,1,0,1
2016-01-08,1,0,1
2016-01-08,2,0,2
2016-01-08,0,0,0
2016-01-08,1,0,1
2016-01-08,3,0,3
2016-01-08,7,2,5
2016-01-08,25,5,20
2016-01-08,19,5,14
2016-01-08,12,7,5
2016-01-08,11,7,4
2016-01-08,10,3,7
2016-01-08,10,6,4
2016-01-08,5,2,3
2016-01-08,11,3,8
2016-01-08,16,6,10
2016-01-08,18,12,6
2016-01-08,28,21,7
2016-01-08,15,5,10
2016-01-08,16,7,9
2016-01-08,10,7,3
2016-01-08,7,5,2
2016-01-08,11,3,8
2016-01-08,10,8,2
2016-01-09,4,4,0
2016-01-09,3,0,3
2016-01-09,3,0,3
2016-01-09,0,0,0
2016-01-09,1,0,1
2016-01-09,4,1,3
2016-01-09,2,0,2
2016-01-09,3,0,3
2016-01-09,6,5,1
2016-01-09,2,2,0
2016-01-09,9,5,4
2016-01-09,4,2,2
2016-01-09,6,3,3
2016-01-09,15,4,11
2016-01-09,8,5,3
2016-01-09,14,4,10
2016-01-09,17,10,7
2016-01-09,9,4,5
2016-01-09,11,6,5
2016-01-09,11,4,7
2016-01-09,4,2,2
2016-01-09,7,4,3
2016-01-09,6,2,4
2016-01-09,3,2,1
2016-01-10,5,2,3
2016-01-10,3,2,1
2016-01-10,3,2,1
2016-01-10,0,0,0
2016-01-10,0,0,0
2016-01-10,0,0,0
2016-01-10,3,0,3
2016-01-10,3,1,2
2016-01-10,7,5,2
2016-01-10,4,3,1
2016-01-10,12,6,6
2016-01-10,17,9,8
2016-01-10,11,8,3
2016-01-10,11,6,5
2016-01-10,11,5,6
2016-01-10,16,7,9
2016-01-10,12,3,9
2016-01-10,8,3,5
2016-01-10,9,6,3
2016-01-10,6,3,3
2016-01-10,9,2,7
2016-01-10,8,4,4
2016-01-10,5,2,3
2016-01-10,2,1,1
2016-01-11,1,1,0
2016-01-11,3,0,3
2016-01-11,3,2,1
2016-01-11,0,0,0
2016-01-11,1,0,1
2016-01-11,2,0,2
2016-01-11,9,1,8
2016-01-11,15,4,11
2016-01-11,21,10,11
2016-01-11,14,6,8
2016-01-11,8,3,5
2016-01-11,11,4,7
2016-01-11,11,6,5
2016-01-11,14,9,5
2016-01-11,13,6,7
2016-01-11,11,9,2
2016-01-11,25,18,7
2016-01-11,25,15,10
2016-01-11,15,7,8
2016-01-11,13,7,6
2016-01-11,10,4,6
2016-01-11,9,5,4
2016-01-11,2,1,1
2016-01-11,4,4,0
2016-01-12,2,1,1
2016-01-12,1,0,1
2016-01-12,2,0,2
2016-01-12,0,0,0
2016-01-12,1,0,1
2016-01-12,0,0,0
2016-01-12,8,3,5
2016-01-12,27,5,22
2016-01-12,21,3,18
2016-01-12,13,3,10
2016-01-12,9,3,6
2016-01-12,14,4,10
2016-01-12,18,10,8
2016-01-12,8,6,2
2016-01-12,15,8,7
2016-01-12,10,6,4
2016-01-12,17,9,8
2016-01-12,34,25,9
2016-01-12,22,13,9
2016-01-12,9,7,2
2016-01-12,17,10,7
2016-01-12,9,2,7
2016-01-12,3,0,3
2016-01-12,16,11,5
2016-01-13,0,0,0
2016-01-13,0,0,0
2016-01-13,0,0,0
2016-01-13,0,0,0
2016-01-13,1,0,1
2016-01-13,4,1,3
2016-01-13,7,1,6
2016-01-13,14,5,9
2016-01-13,19,6,13
2016-01-13,6,3,3
2016-01-13,9,3,6
2016-01-13,7,4,3
2016-01-13,11,6,5
2016-01-13,7,3,4
2016-01-13,12,5,7
2016-01-13,10,4,6
2016-01-13,15,10,5
2016-01-13,25,15,10
2016-01-13,27,13,14
2016-01-13,15,8,7
2016-01-13,15,8,7
2016-01-13,11,5,6
2016-01-13,3,2,1
2016-01-13,2,2,0
2016-01-14,1,1,0
2016-01-14,1,0,1
2016-01-14,2,1,1
2016-01-14,1,1,0
2016-01-14,1,0,1
2016-01-14,3,0,3
2016-01-14,7,3,4
2016-01-14,21,5,16
2016-01-14,25,9,16
2016-01-14,18,9,9
2016-01-14,11,3,8
2016-01-14,12,5,7
2016-01-14,18,11,7
2016-01-14,8,4,4
2016-01-14,13,9,4
2016-01-14,7,3,4
2016-01-14,20,12,8
2016-01-14,32,18,14
2016-01-14,26,13,13
2016-01-14,16,9,7
2016-01-14,13,5,8
2016-01-14,10,4,6
2016-01-14,11,8,3
2016-01-14,4,3,1
2016-01-15,4,1,3
2016-01-15,2,1,1
2016-01-15,1,0,1
2016-01-15,1,0,1
2016-01-15,2,0,2
2016-01-15,5,0,5
2016-01-15,6,1,5
2016-01-15,22,6,16
2016-01-15,17,5,12
2016-01-15,9,5,4
2016-01-15,8,3,5
2016-01-15,9,5,4
2016-01-15,22,16,6
2016-01-15,13,8,5
2016-01-15,13,7,6
2016-01-15,18,4,14
2016-01-15,22,10,12
2016-01-15,26,18,8
2016-01-15,35,27,8
2016-01-15,19,12,7
2016-01-15,7,5,2
2016-01-15,4,1,3
2016-01-15,8,2,6
2016-01-15,8,6,2
2016-01-16,3,3,0
2016-01-16,2,0,2
2016-01-16,3,1,2
2016-01-16,2,1,1
2016-01-16,0,0,0
2016-01-16,1,0,1
2016-01-16,3,0,3
2016-01-16,3,0,3
2016-01-16,4,3,1
2016-01-16,1,1,0
2016-01-16,1,0,1
2016-01-16,7,4,3
2016-01-16,9,4,5
2016-01-16,7,2,5
2016-01-16,8,3,5
2016-01-16,8,5,3
2016-01-16,4,1,3
2016-01-16,9,3,6
2016-01-16,11,6,5
2016-01-16,8,1,7
2016-01-16,5,2,3
2016-01-16,7,4,3
2016-01-16,9,3,6
2016-01-16,11,10,1
2016-01-17,7,3,4
2016-01-17,0,0,0
2016-01-17,5,3,2
2016-01-17,0,0,0
2016-01-17,3,1,2
2016-01-17,0,0,0
2016-01-17,3,0,3
2016-01-17,4,1,3
2016-01-17,4,3,1
2016-01-17,3,2,1
2016-01-17,3,2,1
2016-01-17,8,3,5
2016-01-17,5,2,3
2016-01-17,4,3,1
2016-01-17,7,2,5
2016-01-17,8,3,5
2016-01-17,8,3,5
2016-01-17,13,9,4
2016-01-17,9,3,6
2016-01-17,6,2,4
2016-01-17,9,6,3
2016-01-17,6,2,4
2016-01-17,3,1,2
2016-01-17,3,2,1
2016-01-18,1,1,0
2016-01-18,0,0,0
2016-01-18,0,0,0
2016-01-18,0,0,0
2016-01-18,0,0,0
2016-01-18,3,0,3
2016-01-18,7,3,4
2016-01-18,5,1,4
2016-01-18,10,4,6
2016-01-18,7,4,3
2016-01-18,5,3,2
2016-01-18,13,10,3
2016-01-18,4,1,3
2016-01-18,13,7,6
2016-01-18,14,11,3
2016-01-18,15,8,7
2016-01-18,13,9,4
2016-01-18,25,12,13
2016-01-18,13,4,9
2016-01-18,9,5,4
2016-01-18,9,5,4
2016-01-18,10,6,4
2016-01-18,6,3,3
2016-01-18,5,3,2
2016-01-19,1,0,1
2016-01-19,0,0,0
2016-01-19,1,0,1
2016-01-19,1,0,1
2016-01-19,2,0,2
2016-01-19,4,1,3
2016-01-19,6,1,5
2016-01-19,24,7,17
2016-01-19,23,8,15
2016-01-19,14,7,7
2016-01-19,10,7,3
2016-01-19,8,4,4
2016-01-19,10,5,5
2016-01-19,8,3,5
2016-01-19,13,8,5
2016-01-19,9,4,5
2016-01-19,18,10,8
2016-01-19,29,23,6
2016-01-19,8,4,4
2016-01-19,10,6,4
2016-01-19,7,4,3
2016-01-19,3,2,1
2016-01-19,8,4,4
2016-01-19,1,1,0
2016-01-20,0,0,0
2016-01-20,0,0,0
2016-01-20,1,1,0
2016-01-20,0,0,0
2016-01-20,1,0,1
2016-01-20,7,1,6
2016-01-20,12,3,9
2016-01-20,19,3,16
2016-01-20,25,7,18
2016-01-20,9,4,5
2016-01-20,8,8,0
2016-01-20,11,5,6
2016-01-20,13,4,9
2016-01-20,11,6,5
2016-01-20,15,7,8
2016-01-20,15,6,9
2016-01-20,17,11,6
2016-01-20,44,28,16
2016-01-20,35,23,12
2016-01-20,19,10,9
2016-01-20,15,6,9
2016-01-20,10,4,6
2016-01-20,3,2,1
2016-01-20,2,2,0
2016-01-21,5,3,2
2016-01-21,3,1,2
2016-01-21,0,0,0
2016-01-21,0,0,0
2016-01-21,1,0,1
2016-01-21,0,0,0
2016-01-21,9,1,8
2016-01-21,19,7,12
2016-01-21,16,4,12
2016-01-21,9,5,4
2016-01-21,8,1,7
2016-01-21,6,1,5
2016-01-21,5,3,2
2016-01-21,9,3,6
2016-01-21,13,4,9
2016-01-21,15,8,7
2016-01-21,10,7,3
2016-01-21,28,17,11
2016-01-21,19,11,8
2016-01-21,17,11,6
2016-01-21,9,3,6
2016-01-21,6,2,4
2016-01-21,1,1,0
2016-01-21,4,2,2
2016-01-22,2,2,0
2016-01-22,3,2,1
2016-01-22,0,0,0
2016-01-22,1,0,1
2016-01-22,2,0,2
2016-01-22,1,1,0
2016-01-22,8,2,6
2016-01-22,14,3,11
2016-01-22,12,6,6
2016-01-22,14,6,8
2016-01-22,10,0,10
2016-01-22,3,1,2
2016-01-22,10,5,5
2016-01-22,11,6,5
2016-01-22,13,8,5
2016-01-22,12,6,6
2016-01-22,20,10,10
2016-01-22,32,17,15
2016-01-22,34,19,15
2016-01-22,15,9,6
2016-01-22,8,1,7
2016-01-22,9,3,6
2016-01-22,4,3,1
2016-01-22,14,4,10
2016-01-23,6,3,3
2016-01-23,2,2,0
2016-01-23,0,0,0
2016-01-23,0,0,0
2016-01-23,1,0,1
2016-01-23,3,1,2
2016-01-23,4,1,3
2016-01-23,2,1,1
2016-01-23,4,4,0
2016-01-23,1,1,0
2016-01-23,3,1,2
2016-01-23,6,4,2
2016-01-23,12,7,5
2016-01-23,5,0,5
2016-01-23,6,3,3
2016-01-23,6,3,3
2016-01-23,5,4,1
2016-01-23,6,3,3
2016-01-23,8,4,4
2016-01-23,15,9,6
2016-01-23,11,5,6
2016-01-23,7,1,6
2016-01-23,4,1,3
2016-01-23,4,3,1
2016-01-24,6,3,3
2016-01-24,3,2,1
2016-01-24,3,1,2
2016-01-24,0,0,0
2016-01-24,0,0,0
2016-01-24,4,1,3
2016-01-24,5,1,4
2016-01-24,4,3,1
2016-01-24,4,1,3
2016-01-24,5,2,3
2016-01-24,7,6,1
2016-01-24,13,7,6
2016-01-24,14,5,9
2016-01-24,14,7,7
2016-01-24,17,12,5
2016-01-24,25,13,12
2016-01-24,18,8,10
2016-01-24,15,8,7
2016-01-24,12,4,8
2016-01-24,8,4,4
2016-01-24,12,5,7
2016-01-24,6,2,4
2016-01-24,2,1,1
2016-01-24,5,3,2
2016-01-25,0,0,0
2016-01-25,0,0,0
2016-01-25,0,0,0
2016-01-25,0,0,0
2016-01-25,0,0,0
2016-01-25,3,0,3
2016-01-25,8,1,7
2016-01-25,23,5,18
2016-01-25,23,7,16
2016-01-25,15,5,10
2016-01-25,6,3,3
2016-01-25,7,3,4
2016-01-25,14,4,10
2016-01-25,9,4,5
2016-01-25,10,5,5
2016-01-25,4,4,0
2016-01-25,20,13,7
2016-01-25,52,31,21
2016-01-25,37,19,18
2016-01-25,31,21,10
2016-01-25,27,11,16
2016-01-25,14,8,6
2016-01-25,9,4,5
2016-01-25,4,4,0
2016-01-26,2,0,2
2016-01-26,2,1,1
2016-01-26,0,0,0
2016-01-26,0,0,0
2016-01-26,4,2,2
2016-01-26,3,2,1
2016-01-26,2,1,1
2016-01-26,22,6,16
2016-01-26,19,5,14
2016-01-26,12,3,9
2016-01-26,12,5,7
2016-01-26,6,5,1
2016-01-26,9,3,6
2016-01-26,11,5,6
2016-01-26,14,4,10
2016-01-26,11,4,7
2016-01-26,22,13,9
2016-01-26,44,28,16
2016-01-26,25,12,13
2016-01-26,23,17,6
2016-01-26,20,11,9
2016-01-26,8,4,4
2016-01-26,8,3,5
2016-01-26,3,3,0
2016-01-27,3,3,0
2016-01-27,1,0,1
2016-01-27,0,0,0
2016-01-27,2,1,1
2016-01-27,4,3,1
2016-01-27,2,2,0
2016-01-27,11,2,9
2016-01-27,17,1,16
2016-01-27,17,5,12
2016-01-27,18,5,13
2016-01-27,10,6,4
2016-01-27,17,10,7
2016-01-27,17,10,7
2016-01-27,8,4,4
2016-01-27,11,4,7
2016-01-27,13,9,4
2016-01-27,16,10,6
2016-01-27,26,21,5
2016-01-27,22,12,10
2016-01-27,10,6,4
2016-01-27,7,5,2
2016-01-27,11,6,5
2016-01-27,3,1,2
2016-01-27,5,2,3
2016-01-28,3,2,1
2016-01-28,0,0,0
2016-01-28,0,0,0
2016-01-28,0,0,0
2016-01-28,1,0,1
2016-01-28,1,0,1
2016-01-28,2,0,2
2016-01-28,24,6,18
2016-01-28,18,7,11
2016-01-28,9,4,5
2016-01-28,4,1,3
2016-01-28,5,3,2
2016-01-28,11,1,10
2016-01-28,12,7,5
2016-01-28,9,4,5
2016-01-28,12,7,5
2016-01-28,14,8,6
2016-01-28,20,13,7
2016-01-28,31,16,15
2016-01-28,21,11,10
2016-01-28,16,9,7
2016-01-28,10,3,7
2016-01-28,4,3,1
2016-01-28,9,3,6
2016-01-29,5,4,1
2016-01-29,0,0,0
2016-01-29,0,0,0
2016-01-29,0,0,0
2016-01-29,1,0,1
2016-01-29,1,1,0
2016-01-29,8,2,6
2016-01-29,23,9,14
2016-01-29,15,5,10
2016-01-29,11,6,5
2016-01-29,4,1,3
2016-01-29,8,7,1
2016-01-29,8,3,5
2016-01-29,15,6,9
2016-01-29,16,6,10
2016-01-29,14,6,8
2016-01-29,19,12,7
2016-01-29,33,21,12
2016-01-29,17,10,7
2016-01-29,12,7,5
2016-01-29,16,8,8
2016-01-29,10,3,7
2016-01-29,6,3,3
2016-01-29,7,4,3
2016-01-30,4,3,1
2016-01-30,3,2,1
2016-01-30,3,2,1
2016-01-30,1,0,1
2016-01-30,2,1,1
2016-01-30,3,0,3
2016-01-30,6,0,6
2016-01-30,3,0,3
2016-01-30,4,4,0
2016-01-30,9,5,4
2016-01-30,2,2,0
2016-01-30,8,3,5
2016-01-30,11,3,8
2016-01-30,13,4,9
2016-01-30,9,5,4
2016-01-30,17,8,9
2016-01-30,8,6,2
2016-01-30,17,5,12
2016-01-30,13,7,6
2016-01-30,16,9,7
2016-01-30,21,8,13
2016-01-30,6,3,3
2016-01-30,5,2,3
2016-01-30,10,8,2
2016-01-31,4,1,3
2016-01-31,0,0,0
2016-01-31,2,1,1
2016-01-31,0,0,0
2016-01-31,1,0,1
2016-01-31,1,0,1
2016-01-31,5,0,5
2016-01-31,2,0,2
2016-01-31,4,2,2
2016-01-31,6,5,1
2016-01-31,9,6,3
2016-01-31,16,9,7
2016-01-31,13,1,12
2016-01-31,13,7,6
2016-01-31,6,4,2
2016-01-31,16,5,11
2016-01-31,12,5,7
2016-01-31,11,5,6
2016-01-31,10,5,5
2016-01-31,6,3,3
2016-01-31,10,7,3
2016-01-31,7,3,4
2016-01-31,6,2,4
2016-01-31,1,1,0
2016-02-01,5,2,3
2016-02-01,0,0,0
2016-02-01,0,0,0
2016-02-01,0,0,0
2016-02-01,1,0,1
2016-02-01,2,1,1
2016-02-01,12,3,9
2016-02-01,28,8,20
2016-02-01,24,6,18
2016-02-01,20,8,12
2016-02-01,15,6,9
2016-02-01,10,5,5
2016-02-01,7,4,3
2016-02-01,9,4,5
2016-02-01,14,10,4
2016-02-01,16,14,2
2016-02-01,14,10,4
2016-02-01,45,25,20
2016-02-01,22,12,10
2016-02-01,17,8,9
2016-02-01,19,8,11
2016-02-01,8,5,3
2016-02-01,2,1,1
2016-02-01,3,3,0
2016-02-02,1,0,1
2016-02-02,1,0,1
2016-02-02,1,0,1
2016-02-02,1,0,1
2016-02-02,1,0,1
2016-02-02,4,1,3
2016-02-02,11,2,9
2016-02-02,26,6,20
2016-02-02,32,13,19
2016-02-02,18,8,10
2016-02-02,5,2,3
2016-02-02,15,7,8
2016-02-02,16,8,8
2016-02-02,10,3,7
2016-02-02,13,8,5
2016-02-02,24,18,6
2016-02-02,20,10,10
2016-02-02,35,23,12
2016-02-02,44,22,22
2016-02-02,16,7,9
2016-02-02,21,11,10
2016-02-02,14,7,7
2016-02-02,5,1,4
2016-02-02,6,5,1
2016-02-03,1,0,1
2016-02-03,0,0,0
2016-02-03,1,1,0
2016-02-03,0,0,0
2016-02-03,2,1,1
2016-02-03,3,1,2
2016-02-03,19,3,16
2016-02-03,17,2,15
2016-02-03,28,11,17
2016-02-03,16,4,12
2016-02-03,8,1,7
2016-02-03,13,9,4
2016-02-03,12,5,7
2016-02-03,10,5,5
2016-02-03,8,1,7
2016-02-03,12,8,4
2016-02-03,15,7,8
2016-02-03,30,17,13
2016-02-03,22,8,14
2016-02-03,14,7,7
2016-02-03,15,5,10
2016-02-03,10,5,5
2016-02-03,7,5,2
2016-02-03,3,2,1
2016-02-04,1,0,1
2016-02-04,0,0,0
2016-02-04,0,0,0
2016-02-04,0,0,0
2016-02-04,1,1,0
2016-02-04,2,1,1
2016-02-04,11,0,11
2016-02-04,19,5,14
2016-02-04,22,7,15
2016-02-04,16,5,11
2016-02-04,9,6,3
2016-02-04,13,8,5
2016-02-04,10,5,5
2016-02-04,11,4,7
2016-02-04,9,6,3
2016-02-04,21,10,11
2016-02-04,19,11,8
2016-02-04,37,20,17
2016-02-04,32,18,14
2016-02-04,26,13,13
2016-02-04,15,5,10
2016-02-04,8,4,4
2016-02-04,6,4,2
2016-02-04,5,2,3
2016-02-05,0,0,0
2016-02-05,2,1,1
2016-02-05,2,1,1
2016-02-05,4,0,4
2016-02-05,2,0,2
2016-02-05,2,1,1
2016-02-05,4,1,3
2016-02-05,25,5,20
2016-02-05,23,9,14
2016-02-05,11,2,9
2016-02-05,14,10,4
2016-02-05,11,5,6
2016-02-05,15,7,8
2016-02-05,19,10,9
2016-02-05,16,4,12
2016-02-05,11,8,3
2016-02-05,23,14,9
2016-02-05,29,15,14
2016-02-05,17,9,8
2016-02-05,7,2,5
2016-02-05,5,2,3
2016-02-05,9,3,6
2016-02-05,6,4,2
2016-02-05,2,0,2
2016-02-06,6,3,3
2016-02-06,4,0,4
2016-02-06,3,1,2
2016-02-06,0,0,0
2016-02-06,0,0,0
2016-02-06,2,1,1
2016-02-06,6,2,4
2016-02-06,6,2,4
2016-02-06,4,2,2
2016-02-06,6,4,2
2016-02-06,6,3,3
2016-02-06,10,1,9
2016-02-06,6,4,2
2016-02-06,12,5,7
2016-02-06,23,19,4
2016-02-06,14,5,9
2016-02-06,21,13,8
2016-02-06,18,8,10
2016-02-06,11,6,5
2016-02-06,11,6,5
2016-02-06,9,5,4
2016-02-06,2,0,2
2016-02-06,4,1,3
2016-02-06,7,4,3
2016-02-07,4,3,1
2016-02-07,2,0,2
2016-02-07,2,0,2
2016-02-07,1,1,0
2016-02-07,0,0,0
2016-02-07,0,0,0
2016-02-07,5,1,4
2016-02-07,2,1,1
2016-02-07,7,3,4
2016-02-07,1,1,0
2016-02-07,10,7,3
2016-02-07,17,7,10
2016-02-07,24,11,13
2016-02-07,18,12,6
2016-02-07,17,8,9
2016-02-07,20,7,13
2016-02-07,9,5,4
2016-02-07,13,8,5
2016-02-07,13,6,7
2016-02-07,6,1,5
2016-02-07,9,6,3
2016-02-07,4,2,2
2016-02-07,7,2,5
2016-02-07,3,2,1
2016-02-08,0,0,0
2016-02-08,1,0,1
2016-02-08,1,1,0
2016-02-08,0,0,0
2016-02-08,0,0,0
2016-02-08,1,1,0
2016-02-08,12,2,10
2016-02-08,37,6,31
2016-02-08,26,8,18
2016-02-08,9,5,4
2016-02-08,9,4,5
2016-02-08,16,12,4
2016-02-08,18,13,5
2016-02-08,14,5,9
2016-02-08,13,4,9
2016-02-08,16,9,7
2016-02-08,21,12,9
2016-02-08,45,25,20
2016-02-08,30,15,15
2016-02-08,17,8,9
2016-02-08,14,3,11
2016-02-08,13,5,8
2016-02-08,7,4,3
2016-02-08,4,2,2
2016-02-09,0,0,0
2016-02-09,1,0,1
2016-02-09,0,0,0
2016-02-09,0,0,0
2016-02-09,1,0,1
2016-02-09,4,1,3
2016-02-09,12,2,10
2016-02-09,34,8,26
2016-02-09,24,7,17
2016-02-09,14,4,10
2016-02-09,14,7,7
2016-02-09,18,6,12
2016-02-09,15,7,8
2016-02-09,12,5,7
2016-02-09,21,11,10
2016-02-09,14,7,7
2016-02-09,28,18,10
2016-02-09,47,30,17
2016-02-09,30,16,14
2016-02-09,26,16,10
2016-02-09,16,7,9
2016-02-09,22,9,13
2016-02-09,8,3,5
2016-02-09,5,5,0
2016-02-10,1,0,1
2016-02-10,4,1,3
2016-02-10,4,0,4
2016-02-10,1,1,0
2016-02-10,1,0,1
2016-02-10,2,0,2
2016-02-10,15,3,12
2016-02-10,18,3,15
2016-02-10,26,4,22
2016-02-10,17,7,10
2016-02-10,7,4,3
2016-02-10,17,7,10
2016-02-10,9,5,4
2016-02-10,19,7,12
2016-02-10,12,6,6
2016-02-10,14,8,6
2016-02-10,29,15,14
2016-02-10,35,22,13
2016-02-10,40,24,16
2016-02-10,18,7,11
2016-02-10,11,4,7
2016-02-10,12,7,5
2016-02-10,8,5,3
2016-02-10,4,2,2
2016-02-11,5,4,1
2016-02-11,0,0,0
2016-02-11,1,0,1
2016-02-11,0,0,0
2016-02-11,3,0,3
2016-02-11,4,2,2
2016-02-11,11,3,8
2016-02-11,24,7,17
2016-02-11,18,4,14
2016-02-11,11,5,6
2016-02-11,18,8,10
2016-02-11,7,3,4
2016-02-11,12,6,6
2016-02-11,10,4,6
2016-02-11,12,4,8
2016-02-11,9,6,3
2016-02-11,14,8,6
2016-02-11,42,27,15
2016-02-11,25,14,11
2016-02-11,12,9,3
2016-02-11,7,6,1
2016-02-11,12,7,5
2016-02-11,2,2,0
2016-02-11,6,5,1
2016-02-12,0,0,0
2016-02-12,4,2,2
2016-02-12,5,4,1
2016-02-12,0,0,0
2016-02-12,1,0,1
2016-02-12,2,1,1
2016-02-12,5,0,5
2016-02-12,17,4,13
2016-02-12,19,8,11
2016-02-12,10,5,5
2016-02-12,5,3,2
2016-02-12,14,7,7
2016-02-12,9,7,2
2016-02-12,13,7,6
2016-02-12,15,5,10
2016-02-12,13,5,8
2016-02-12,18,10,8
2016-02-12,20,12,8
2016-02-12,21,12,9
2016-02-12,16,11,5
2016-02-12,9,3,6
2016-02-12,11,5,6
2016-02-12,7,4,3
2016-02-12,8,4,4
2016-02-13,2,1,1
2016-02-13,4,2,2
2016-02-13,2,1,1
2016-02-13,0,0,0
2016-02-13,0,0,0
2016-02-13,2,1,1
2016-02-13,3,0,3
2016-02-13,10,3,7
2016-02-13,4,1,3
2016-02-13,8,3,5
2016-02-13,7,4,3
2016-02-13,12,10,2
2016-02-13,11,5,6
2016-02-13,11,6,5
2016-02-13,10,6,4
2016-02-13,13,8,5
2016-02-13,9,4,5
2016-02-13,4,2,2
2016-02-13,10,4,6
2016-02-13,13,8,5
2016-02-13,3,3,0
2016-02-13,11,4,7
2016-02-13,3,0,3
2016-02-13,1,1,0
2016-02-14,4,1,3
2016-02-14,4,3,1
2016-02-14,0,0,0
2016-02-14,0,0,0
2016-02-14,0,0,0
2016-02-14,0,0,0
2016-02-14,4,0,4
2016-02-14,2,0,2
2016-02-14,2,1,1
2016-02-14,5,3,2
2016-02-14,8,3,5
2016-02-14,9,6,3
2016-02-14,12,6,6
2016-02-14,8,5,3
2016-02-14,9,7,2
2016-02-14,12,6,6
2016-02-14,12,10,2
2016-02-14,8,5,3
2016-02-14,4,2,2
2016-02-14,4,1,3
2016-02-14,3,3,0
2016-02-14,3,2,1
2016-02-14,0,0,0
2016-02-14,2,2,0
2016-02-15,1,0,1
2016-02-15,0,0,0
2016-02-15,2,1,1
2016-02-15,1,1,0
2016-02-15,0,0,0
2016-02-15,0,0,0
2016-02-15,2,0,2
2016-02-15,8,3,5
2016-02-15,6,3,3
2016-02-15,5,2,3
2016-02-15,11,5,6
2016-02-15,4,4,0
2016-02-15,10,8,2
2016-02-15,9,3,6
2016-02-15,6,4,2
2016-02-15,9,4,5
2016-02-15,13,10,3
2016-02-15,18,9,9
2016-02-15,17,10,7
2016-02-15,17,8,9
2016-02-15,2,1,1
2016-02-15,6,4,2
2016-02-15,3,3,0
2016-02-15,3,1,2
2016-02-16,2,0,2
2016-02-16,0,0,0
2016-02-16,0,0,0
2016-02-16,1,0,1
2016-02-16,1,0,1
2016-02-16,0,0,0
2016-02-16,6,1,5
2016-02-16,27,6,21
2016-02-16,18,4,14
2016-02-16,18,8,10
2016-02-16,13,5,8
2016-02-16,12,5,7
2016-02-16,17,7,10
2016-02-16,19,9,10
2016-02-16,14,7,7
2016-02-16,11,9,2
2016-02-16,21,9,12
2016-02-16,41,30,11
2016-02-16,21,12,9
2016-02-16,22,10,12
2016-02-16,11,4,7
2016-02-16,10,5,5
2016-02-16,6,0,6
2016-02-16,5,5,0
2016-02-17,1,0,1
2016-02-17,1,0,1
2016-02-17,0,0,0
2016-02-17,1,1,0
2016-02-17,1,0,1
2016-02-17,2,0,2
2016-02-17,13,1,12
2016-02-17,28,8,20
2016-02-17,14,5,9
2016-02-17,20,7,13
2016-02-17,12,7,5
2016-02-17,17,12,5
2016-02-17,8,6,2
2016-02-17,15,7,8
2016-02-17,13,7,6
2016-02-17,17,12,5
2016-02-17,29,15,14
2016-02-17,29,21,8
2016-02-17,37,18,19
2016-02-17,15,8,7
2016-02-17,8,5,3
2016-02-17,8,4,4
2016-02-17,3,1,2
2016-02-17,3,2,1
2016-02-18,6,3,3
2016-02-18,3,1,2
2016-02-18,3,2,1
2016-02-18,0,0,0
2016-02-18,1,0,1
2016-02-18,4,0,4
2016-02-18,9,2,7
2016-02-18,25,2,23
2016-02-18,21,9,12
2016-02-18,8,5,3
2016-02-18,14,10,4
2016-02-18,7,5,2
2016-02-18,8,5,3
2016-02-18,14,7,7
2016-02-18,10,6,4
2016-02-18,19,10,9
2016-02-18,21,11,10
2016-02-18,30,16,14
2016-02-18,22,15,7
2016-02-18,15,12,3
2016-02-18,14,9,5
2016-02-18,5,2,3
2016-02-18,3,1,2
2016-02-18,5,3,2
2016-02-19,2,0,2
2016-02-19,0,0,0
2016-02-19,2,0,2
2016-02-19,0,0,0
2016-02-19,2,0,2
2016-02-19,1,0,1
2016-02-19,6,1,5
2016-02-19,17,3,14
2016-02-19,18,8,10
2016-02-19,8,5,3
2016-02-19,9,7,2
2016-02-19,9,3,6
2016-02-19,10,5,5
2016-02-19,5,2,3
2016-02-19,9,3,6
2016-02-19,12,7,5
2016-02-19,19,9,10
2016-02-19,23,14,9
2016-02-19,15,8,7
2016-02-19,15,10,5
2016-02-19,5,3,2
2016-02-19,16,10,6
2016-02-19,6,0,6
2016-02-19,6,2,4
2016-02-20,5,5,0
2016-02-20,1,0,1
2016-02-20,3,1,2
2016-02-20,0,0,0
2016-02-20,0,0,0
2016-02-20,4,1,3
2016-02-20,6,1,5
2016-02-20,3,0,3
2016-02-20,4,4,0
2016-02-20,8,4,4
2016-02-20,11,5,6
2016-02-20,5,4,1
2016-02-20,11,6,5
2016-02-20,23,15,8
2016-02-20,26,12,14
2016-02-20,22,10,12
2016-02-20,9,7,2
2016-02-20,13,5,8
2016-02-20,11,4,7
2016-02-20,13,9,4
2016-02-20,12,5,7
2016-02-20,6,3,3
2016-02-20,5,1,4
2016-02-20,10,7,3
2016-02-21,3,2,1
2016-02-21,7,3,4
2016-02-21,3,2,1
2016-02-21,0,0,0
2016-02-21,0,0,0
2016-02-21,1,0,1
2016-02-21,5,0,5
2016-02-21,2,1,1
2016-02-21,5,2,3
2016-02-21,6,4,2
2016-02-21,7,4,3
2016-02-21,10,4,6
2016-02-21,4,1,3
2016-02-21,9,6,3
2016-02-21,11,8,3
2016-02-21,14,7,7
2016-02-21,8,4,4
2016-02-21,13,7,6
2016-02-21,11,5,6
2016-02-21,7,4,3
2016-02-21,6,3,3
2016-02-21,5,3,2
2016-02-21,7,3,4
2016-02-21,2,0,2
2016-02-22,0,0,0
2016-02-22,2,2,0
2016-02-22,0,0,0
2016-02-22,0,0,0
2016-02-22,2,0,2
2016-02-22,2,0,2
2016-02-22,11,1,10
2016-02-22,32,8,24
2016-02-22,28,7,21
2016-02-22,18,8,10
2016-02-22,11,8,3
2016-02-22,11,6,5
2016-02-22,10,2,8
2016-02-22,12,6,6
2016-02-22,16,7,9
2016-02-22,16,11,5
2016-02-22,28,20,8
2016-02-22,35,28,7
2016-02-22,29,16,13
2016-02-22,18,10,8
2016-02-22,13,5,8
2016-02-22,13,8,5
2016-02-22,3,1,2
2016-02-22,4,2,2
2016-02-23,2,1,1
2016-02-23,0,0,0
2016-02-23,1,0,1
2016-02-23,0,0,0
2016-02-23,2,0,2
2016-02-23,0,0,0
2016-02-23,7,0,7
2016-02-23,25,5,20
2016-02-23,27,13,14
2016-02-23,14,9,5
2016-02-23,30,13,17
2016-02-23,14,7,7
2016-02-23,13,7,6
2016-02-23,20,7,13
2016-02-23,17,9,8
2016-02-23,19,9,10
2016-02-23,23,15,8
2016-02-23,39,23,16
2016-02-23,32,18,14
2016-02-23,21,10,11
2016-02-23,10,3,7
2016-02-23,14,8,6
2016-02-23,6,3,3
2016-02-23,6,5,1
2016-02-24,1,1,0
2016-02-24,0,0,0
2016-02-24,2,1,1
2016-02-24,1,1,0
2016-02-24,1,0,1
2016-02-24,3,0,3
2016-02-24,8,2,6
2016-02-24,26,8,18
2016-02-24,25,5,20
2016-02-24,21,10,11
2016-02-24,13,9,4
2016-02-24,15,11,4
2016-02-24,18,7,11
2016-02-24,11,4,7
2016-02-24,6,4,2
2016-02-24,15,8,7
2016-02-24,29,13,16
2016-02-24,53,34,19
2016-02-24,26,15,11
2016-02-24,15,10,5
2016-02-24,13,5,8
2016-02-24,4,0,4
2016-02-24,1,0,1
2016-02-24,6,4,2
2016-02-25,2,1,1
2016-02-25,1,0,1
2016-02-25,0,0,0
2016-02-25,1,1,0
2016-02-25,0,0,0
2016-02-25,4,1,3
2016-02-25,7,0,7
2016-02-25,29,6,23
2016-02-25,34,12,22
2016-02-25,13,7,6
2016-02-25,7,1,6
2016-02-25,12,6,6
2016-02-25,15,8,7
2016-02-25,17,6,11
2016-02-25,19,13,6
2016-02-25,22,9,13
2016-02-25,27,21,6
2016-02-25,40,31,9
2016-02-25,29,15,14
2016-02-25,16,9,7
2016-02-25,14,6,8
2016-02-25,7,1,6
2016-02-25,8,3,5
2016-02-25,1,0,1
2016-02-26,3,0,3
2016-02-26,3,2,1
2016-02-26,2,0,2
2016-02-26,0,0,0
2016-02-26,2,0,2
2016-02-26,2,1,1
2016-02-26,6,2,4
2016-02-26,36,7,29
2016-02-26,21,6,15
2016-02-26,16,7,9
2016-02-26,8,3,5
2016-02-26,12,8,4
2016-02-26,24,7,17
2016-02-26,11,7,4
2016-02-26,12,7,5
2016-02-26,17,8,9
2016-02-26,26,16,10
2016-02-26,29,18,11
2016-02-26,24,15,9
2016-02-26,18,10,8
2016-02-26,9,7,2
2016-02-26,6,2,4
2016-02-26,7,3,4
2016-02-26,8,3,5
2016-02-27,1,1,0
2016-02-27,3,3,0
2016-02-27,7,1,6
2016-02-27,2,0,2
2016-02-27,0,0,0
2016-02-27,3,0,3
2016-02-27,2,0,2
2016-02-27,9,4,5
2016-02-27,1,1,0
2016-02-27,7,3,4
2016-02-27,5,3,2
2016-02-27,11,6,5
2016-02-27,14,6,8
2016-02-27,12,6,6
2016-02-27,16,8,8
2016-02-27,12,4,8
2016-02-27,15,11,4
2016-02-27,14,8,6
2016-02-27,14,8,6
2016-02-27,12,6,6
2016-02-27,18,6,12
2016-02-27,6,4,2
2016-02-27,3,2,1
2016-02-27,4,2,2
2016-02-28,5,1,4
2016-02-28,5,2,3
2016-02-28,4,3,1
2016-02-28,2,0,2
2016-02-28,0,0,0
2016-02-28,1,0,1
2016-02-28,4,0,4
2016-02-28,4,0,4
2016-02-28,4,3,1
2016-02-28,6,0,6
2016-02-28,4,2,2
2016-02-28,14,5,9
2016-02-28,7,3,4
2016-02-28,6,5,1
2016-02-28,6,0,6
2016-02-28,15,3,12
2016-02-28,13,8,5
2016-02-28,7,2,5
2016-02-28,12,7,5
2016-02-28,8,5,3
2016-02-28,9,2,7
2016-02-28,8,4,4
2016-02-28,2,2,0
2016-02-28,4,2,2
2016-02-29,1,0,1
2016-02-29,0,0,0
2016-02-29,0,0,0
2016-02-29,0,0,0
2016-02-29,1,0,1
2016-02-29,1,0,1
2016-02-29,6,0,6
2016-02-29,28,7,21
2016-02-29,26,7,19
2016-02-29,22,11,11
2016-02-29,11,6,5
2016-02-29,9,6,3
2016-02-29,11,3,8
2016-02-29,12,3,9
2016-02-29,13,5,8
2016-02-29,14,10,4
2016-02-29,24,16,8
2016-02-29,31,23,8
2016-02-29,27,17,10
2016-02-29,12,6,6
2016-02-29,14,7,7
2016-02-29,6,2,4
2016-02-29,5,2,3
2016-02-29,7,4,3
2016-03-01,4,0,4
2016-03-01,1,0,1
2016-03-01,0,0,0
2016-03-01,0,0,0
2016-03-01,1,0,1
2016-03-01,1,0,1
2016-03-01,8,1,7
2016-03-01,21,4,17
2016-03-01,22,7,15
2016-03-01,5,4,1
2016-03-01,15,2,13
2016-03-01,9,6,3
2016-03-01,9,4,5
2016-03-01,9,5,4
2016-03-01,13,8,5
2016-03-01,14,9,5
2016-03-01,13,9,4
2016-03-01,29,18,11
2016-03-01,22,16,6
2016-03-01,12,7,5
2016-03-01,10,6,4
2016-03-01,2,1,1
2016-03-01,3,2,1
2016-03-01,0,0,0
2016-03-02,3,0,3
2016-03-02,0,0,0
2016-03-02,0,0,0
2016-03-02,0,0,0
2016-03-02,1,0,1
2016-03-02,4,1,3
2016-03-02,8,2,6
2016-03-02,22,4,18
2016-03-02,22,6,16
2016-03-02,11,3,8
2016-03-02,13,4,9
2016-03-02,16,13,3
2016-03-02,13,10,3
2016-03-02,13,5,8
2016-03-02,13,7,6
2016-03-02,15,6,9
2016-03-02,20,11,9
2016-03-02,33,19,14
2016-03-02,20,15,5
2016-03-02,13,7,6
2016-03-02,11,5,6
2016-03-02,14,5,9
2016-03-02,3,1,2
2016-03-02,7,6,1
2016-03-03,1,1,0
2016-03-03,0,0,0
2016-03-03,1,0,1
2016-03-03,0,0,0
2016-03-03,2,1,1
2016-03-03,2,0,2
2016-03-03,11,1,10
2016-03-03,20,6,14
2016-03-03,29,12,17
2016-03-03,14,3,11
2016-03-03,9,6,3
2016-03-03,13,10,3
2016-03-03,10,6,4
2016-03-03,17,9,8
2016-03-03,16,6,10
2016-03-03,16,8,8
2016-03-03,19,14,5
2016-03-03,37,19,18
2016-03-03,26,13,13
2016-03-03,14,9,5
2016-03-03,11,8,3
2016-03-03,16,8,8
2016-03-03,1,1,0
2016-03-03,3,2,1
2016-03-04,3,2,1
2016-03-04,7,4,3
2016-03-04,3,0,3
2016-03-04,0,0,0
2016-03-04,2,0,2
2016-03-04,5,1,4
2016-03-04,10,3,7
2016-03-04,18,5,13
2016-03-04,31,14,17
2016-03-04,18,10,8
2016-03-04,9,5,4
2016-03-04,12,4,8
2016-03-04,12,5,7
2016-03-04,18,9,9
2016-03-04,8,6,2
2016-03-04,14,11,3
2016-03-04,21,14,7
2016-03-04,24,17,7
2016-03-04,22,14,8
2016-03-04,15,6,9
2016-03-04,9,3,6
2016-03-04,6,1,5
2016-03-04,8,3,5
2016-03-04,6,4,2
2016-03-05,4,3,1
2016-03-05,3,2,1
2016-03-05,4,0,4
2016-03-05,1,0,1
2016-03-05,0,0,0
2016-03-05,2,0,2
2016-03-05,0,0,0
2016-03-05,5,1,4
2016-03-05,6,5,1
2016-03-05,6,4,2
2016-03-05,9,5,4
2016-03-05,16,7,9
2016-03-05,10,5,5
2016-03-05,27,16,11
2016-03-05,21,11,10
2016-03-05,22,17,5
2016-03-05,18,9,9
2016-03-05,25,11,14
2016-03-05,15,10,5
2016-03-05,15,4,11
2016-03-05,6,0,6
2016-03-05,6,1,5
2016-03-05,2,1,1
2016-03-05,6,4,2
2016-03-06,2,2,0
2016-03-06,1,0,1
2016-03-06,3,1,2
2016-03-06,1,0,1
2016-03-06,0,0,0
2016-03-06,3,2,1
2016-03-06,4,1,3
2016-03-06,2,1,1
2016-03-06,2,0,2
2016-03-06,2,1,1
2016-03-06,5,2,3
2016-03-06,5,4,1
2016-03-06,4,4,0
2016-03-06,4,3,1
2016-03-06,12,7,5
2016-03-06,13,8,5
2016-03-06,7,1,6
2016-03-06,13,4,9
2016-03-06,13,7,6
2016-03-06,10,6,4
2016-03-06,11,3,8
2016-03-06,7,2,5
2016-03-06,2,1,1
2016-03-06,2,1,1
2016-03-07,1,0,1
2016-03-07,0,0,0
2016-03-07,2,1,1
2016-03-07,0,0,0
2016-03-07,2,1,1
2016-03-07,2,0,2
2016-03-07,11,1,10
2016-03-07,14,3,11
2016-03-07,20,4,16
2016-03-07,11,3,8
2016-03-07,4,1,3
2016-03-07,10,5,5
2016-03-07,7,5,2
2016-03-07,11,4,7
2016-03-07,15,12,3
2016-03-07,24,14,10
2016-03-07,18,8,10
2016-03-07,26,17,9
2016-03-07,22,12,10
2016-03-07,16,9,7
2016-03-07,10,3,7
2016-03-07,9,4,5
2016-03-07,4,3,1
2016-03-07,6,6,0
2016-03-08,2,1,1
2016-03-08,2,0,2
2016-03-08,0,0,0
2016-03-08,0,0,0
2016-03-08,0,0,0
2016-03-08,5,1,4
2016-03-08,16,5,11
2016-03-08,20,5,15
2016-03-08,26,4,22
2016-03-08,21,14,7
2016-03-08,10,4,6
2016-03-08,15,6,9
2016-03-08,10,4,6
2016-03-08,20,6,14
2016-03-08,16,12,4
2016-03-08,21,11,10
2016-03-08,25,12,13
2016-03-08,36,25,11
2016-03-08,37,25,12
2016-03-08,22,16,6
2016-03-08,19,7,12
2016-03-08,13,2,11
2016-03-08,5,2,3
2016-03-08,5,1,4
2016-03-09,2,1,1
2016-03-09,1,1,0
2016-03-09,2,2,0
2016-03-09,1,0,1
2016-03-09,2,0,2
2016-03-09,5,2,3
2016-03-09,11,2,9
2016-03-09,23,4,19
2016-03-09,27,9,18
2016-03-09,11,4,7
2016-03-09,12,7,5
2016-03-09,18,9,9
2016-03-09,12,6,6
2016-03-09,13,8,5
2016-03-09,11,6,5
2016-03-09,9,4,5
2016-03-09,19,12,7
2016-03-09,25,24,1
2016-03-09,34,20,14
2016-03-09,9,2,7
2016-03-09,9,4,5
2016-03-09,7,4,3
2016-03-09,3,2,1
2016-03-09,5,4,1
2016-03-10,3,1,2
2016-03-10,0,0,0
2016-03-10,2,0,2
2016-03-10,0,0,0
2016-03-10,1,0,1
2016-03-10,2,0,2
2016-03-10,4,0,4
2016-03-10,15,3,12
2016-03-10,19,7,12
2016-03-10,16,5,11
2016-03-10,11,4,7
2016-03-10,8,5,3
2016-03-10,18,8,10
2016-03-10,5,4,1
2016-03-10,12,5,7
2016-03-10,15,9,6
2016-03-10,15,8,7
2016-03-10,31,16,15
2016-03-10,23,16,7
2016-03-10,24,12,12
2016-03-10,22,13,9
2016-03-10,12,7,5
2016-03-10,4,0,4
2016-03-10,8,6,2
2016-03-11,1,1,0
2016-03-11,2,2,0
2016-03-11,4,2,2
2016-03-11,0,0,0
2016-03-11,4,0,4
2016-03-11,4,3,1
2016-03-11,9,1,8
2016-03-11,22,6,16
2016-03-11,20,3,17
2016-03-11,22,12,10
2016-03-11,13,7,6
2016-03-11,16,10,6
2016-03-11,25,13,12
2016-03-11,13,4,9
2016-03-11,14,9,5
2016-03-11,11,9,2
2016-03-11,21,11,10
2016-03-11,30,20,10
2016-03-11,29,17,12
2016-03-11,15,8,7
2016-03-11,13,6,7
2016-03-11,13,6,7
2016-03-11,10,4,6
2016-03-11,2,0,2
2016-03-12,2,2,0
2016-03-12,1,1,0
2016-03-12,1,0,1
2016-03-12,0,0,0
2016-03-12,1,0,1
2016-03-12,2,0,2
2016-03-12,5,0,5
2016-03-12,6,3,3
2016-03-12,3,3,0
2016-03-12,5,3,2
2016-03-12,7,5,2
2016-03-12,14,11,3
2016-03-12,8,1,7
2016-03-12,10,5,5
2016-03-12,13,4,9
2016-03-12,12,7,5
2016-03-12,10,4,6
2016-03-12,8,6,2
2016-03-12,13,6,7
2016-03-12,4,3,1
2016-03-12,8,4,4
2016-03-12,6,0,6
2016-03-12,4,2,2
2016-03-12,4,3,1
2016-03-13,6,3,3
2016-03-13,1,1,0
2016-03-13,0,0,0
2016-03-13,4,1,3
2016-03-13,0,0,0
2016-03-13,0,0,0
2016-03-13,4,0,4
2016-03-13,4,2,2
2016-03-13,3,1,2
2016-03-13,5,4,1
2016-03-13,4,2,2
2016-03-13,3,2,1
2016-03-13,14,8,6
2016-03-13,6,1,5
2016-03-13,16,7,9
2016-03-13,7,3,4
2016-03-13,9,6,3
2016-03-13,8,4,4
2016-03-13,14,6,8
2016-03-13,7,2,5
2016-03-13,11,7,4
2016-03-13,3,0,3
2016-03-13,6,3,3
2016-03-13,5,4,1
2016-03-14,5,1,4
2016-03-14,0,0,0
2016-03-14,0,0,0
2016-03-14,0,0,0
2016-03-14,1,1,0
2016-03-14,2,0,2
2016-03-14,10,2,8
2016-03-14,18,9,9
2016-03-14,18,4,14
2016-03-14,9,3,6
2016-03-14,11,5,6
2016-03-14,10,7,3
2016-03-14,11,5,6
2016-03-14,10,7,3
2016-03-14,10,8,2
2016-03-14,16,6,10
2016-03-14,10,5,5
2016-03-14,22,11,11
2016-03-14,25,15,10
2016-03-14,12,6,6
2016-03-14,13,8,5
2016-03-14,9,4,5
2016-03-14,7,1,6
2016-03-14,3,2,1
2016-03-15,2,0,2
2016-03-15,2,2,0
2016-03-15,0,0,0
2016-03-15,1,0,1
2016-03-15,0,0,0
2016-03-15,2,0,2
2016-03-15,11,1,10
2016-03-15,25,6,19
2016-03-15,30,8,22
2016-03-15,18,10,8
2016-03-15,8,4,4
2016-03-15,7,3,4
2016-03-15,12,3,9
2016-03-15,12,6,6
2016-03-15,15,7,8
2016-03-15,12,6,6
2016-03-15,14,7,7
2016-03-15,32,18,14
2016-03-15,25,13,12
2016-03-15,19,7,12
2016-03-15,18,10,8
2016-03-15,14,7,7
2016-03-15,7,4,3
2016-03-15,4,1,3
2016-03-16,6,2,4
2016-03-16,1,0,1
2016-03-16,0,0,0
2016-03-16,0,0,0
2016-03-16,0,0,0
2016-03-16,4,1,3
2016-03-16,12,0,12
2016-03-16,30,9,21
2016-03-16,27,6,21
2016-03-16,17,7,10
2016-03-16,6,3,3
2016-03-16,17,7,10
2016-03-16,11,5,6
2016-03-16,17,9,8
2016-03-16,14,5,9
2016-03-16,11,9,2
2016-03-16,23,12,11
2016-03-16,31,20,11
2016-03-16,36,21,15
2016-03-16,21,9,12
2016-03-16,22,13,9
2016-03-16,6,1,5
2016-03-16,9,6,3
2016-03-16,5,3,2
2016-03-17,4,3,1
2016-03-17,1,1,0
2016-03-17,0,0,0
2016-03-17,0,0,0
2016-03-17,0,0,0
2016-03-17,4,1,3
2016-03-17,14,2,12
2016-03-17,25,6,19
2016-03-17,29,9,20
2016-03-17,23,9,14
2016-03-17,4,3,1
2016-03-17,20,11,9
2016-03-17,18,8,10
2016-03-17,18,6,12
2016-03-17,19,7,12
2016-03-17,18,10,8
2016-03-17,22,15,7
2016-03-17,38,24,14
2016-03-17,31,14,17
2016-03-17,23,13,10
2016-03-17,13,9,4
2016-03-17,13,4,9
2016-03-17,8,2,6
2016-03-17,8,5,3
2016-03-18,2,2,0
2016-03-18,5,3,2
2016-03-18,1,0,1
2016-03-18,1,0,1
2016-03-18,3,2,1
2016-03-18,3,1,2
2016-03-18,7,1,6
2016-03-18,20,8,12
2016-03-18,25,10,15
2016-03-18,9,3,6
2016-03-18,8,4,4
2016-03-18,18,10,8
2016-03-18,22,11,11
2016-03-18,9,6,3
2016-03-18,18,7,11
2016-03-18,24,19,5
2016-03-18,25,14,11
2016-03-18,33,16,17
2016-03-18,18,12,6
2016-03-18,22,10,12
2016-03-18,14,7,7
2016-03-18,12,3,9
2016-03-18,9,2,7
2016-03-18,1,1,0
2016-03-19,6,3,3
2016-03-19,6,3,3
2016-03-19,5,0,5
2016-03-19,2,1,1
2016-03-19,2,2,0
2016-03-19,5,2,3
2016-03-19,3,2,1
2016-03-19,4,2,2
2016-03-19,5,2,3
2016-03-19,10,7,3
2016-03-19,11,5,6
2016-03-19,12,8,4
2016-03-19,19,9,10
2016-03-19,37,20,17
2016-03-19,23,19,4
2016-03-19,15,8,7
2016-03-19,22,13,9
2016-03-19,13,9,4
2016-03-19,12,3,9
2016-03-19,16,8,8
2016-03-19,15,7,8
2016-03-19,14,5,9
2016-03-19,6,4,2
2016-03-19,7,5,2
2016-03-20,11,5,6
2016-03-20,4,4,0
2016-03-20,6,3,3
2016-03-20,3,3,0
2016-03-20,0,0,0
2016-03-20,2,1,1
2016-03-20,1,0,1
2016-03-20,1,0,1
2016-03-20,5,1,4
2016-03-20,5,3,2
2016-03-20,7,0,7
2016-03-20,8,5,3
2016-03-20,8,3,5
2016-03-20,4,1,3
2016-03-20,4,1,3
2016-03-20,14,8,6
2016-03-20,14,9,5
2016-03-20,7,3,4
2016-03-20,7,4,3
2016-03-20,5,2,3
2016-03-20,9,5,4
2016-03-20,7,4,3
2016-03-20,3,0,3
2016-03-20,1,0,1
2016-03-21,4,2,2
2016-03-21,2,0,2
2016-03-21,1,1,0
2016-03-21,2,0,2
2016-03-21,1,0,1
2016-03-21,6,1,5
2016-03-21,5,1,4
2016-03-21,19,7,12
2016-03-21,17,5,12
2016-03-21,11,7,4
2016-03-21,5,1,4
2016-03-21,4,1,3
2016-03-21,6,2,4
2016-03-21,12,6,6
2016-03-21,13,7,6
2016-03-21,11,6,5
2016-03-21,8,4,4
2016-03-21,32,19,13
2016-03-21,25,14,11
2016-03-21,13,7,6
2016-03-21,11,5,6
2016-03-21,8,5,3
2016-03-21,2,0,2
2016-03-21,5,4,1
2016-03-22,1,1,0
2016-03-22,1,0,1
2016-03-22,0,0,0
2016-03-22,0,0,0
2016-03-22,3,1,2
2016-03-22,3,1,2
2016-03-22,11,1,10
2016-03-22,29,8,21
2016-03-22,26,12,14
2016-03-22,20,8,12
2016-03-22,16,7,9
2016-03-22,15,6,9
2016-03-22,10,7,3
2016-03-22,12,3,9
2016-03-22,13,6,7
2016-03-22,20,7,13
2016-03-22,14,9,5
2016-03-22,32,20,12
2016-03-22,25,17,8
2016-03-22,28,15,13
2016-03-22,13,4,9
2016-03-22,17,6,11
2016-03-22,4,1,3
2016-03-22,6,3,3
2016-03-23,3,2,1
2016-03-23,1,0,1
2016-03-23,2,2,0
2016-03-23,1,1,0
2016-03-23,3,1,2
2016-03-23,4,0,4
2016-03-23,6,0,6
2016-03-23,24,5,19
2016-03-23,21,0,21
2016-03-23,18,7,11
2016-03-23,7,3,4
2016-03-23,10,6,4
2016-03-23,13,7,6
2016-03-23,12,9,3
2016-03-23,7,3,4
2016-03-23,11,6,5
2016-03-23,22,12,10
2016-03-23,31,17,14
2016-03-23,25,16,9
2016-03-23,20,10,10
2016-03-23,15,7,8
2016-03-23,7,3,4
2016-03-23,9,2,7
2016-03-23,4,4,0
2016-03-24,3,3,0
2016-03-24,2,2,0
2016-03-24,0,0,0
2016-03-24,0,0,0
2016-03-24,2,1,1
2016-03-24,2,0,2
2016-03-24,9,1,8
2016-03-24,20,4,16
2016-03-24,32,13,19
2016-03-24,20,7,13
2016-03-24,9,5,4
2016-03-24,12,5,7
2016-03-24,13,8,5
2016-03-24,16,8,8
2016-03-24,11,3,8
2016-03-24,20,15,5
2016-03-24,17,12,5
2016-03-24,31,23,8
2016-03-24,25,13,12
2016-03-24,18,9,9
2016-03-24,16,11,5
2016-03-24,13,6,7
2016-03-24,11,6,5
2016-03-24,7,3,4
2016-03-25,3,3,0
2016-03-25,2,1,1
2016-03-25,2,0,2
2016-03-25,1,0,1
2016-03-25,2,0,2
2016-03-25,2,1,1
2016-03-25,7,1,6
2016-03-25,26,6,20
2016-03-25,25,6,19
2016-03-25,16,9,7
2016-03-25,14,7,7
2016-03-25,11,5,6
2016-03-25,13,8,5
2016-03-25,11,7,4
2016-03-25,9,4,5
2016-03-25,13,8,5
2016-03-25,28,17,11
2016-03-25,38,19,19
2016-03-25,20,9,11
2016-03-25,22,10,12
2016-03-25,11,2,9
2016-03-25,10,4,6
2016-03-25,15,7,8
2016-03-25,8,6,2
2016-03-26,1,1,0
2016-03-26,0,0,0
2016-03-26,3,2,1
2016-03-26,1,1,0
2016-03-26,1,0,1
2016-03-26,2,1,1
2016-03-26,12,4,8
2016-03-26,5,2,3
2016-03-26,3,3,0
2016-03-26,6,1,5
2016-03-26,15,10,5
2016-03-26,9,7,2
2016-03-26,8,2,6
2016-03-26,17,6,11
2016-03-26,18,6,12
2016-03-26,20,11,9
2016-03-26,21,12,9
2016-03-26,19,11,8
2016-03-26,10,6,4
2016-03-26,10,4,6
2016-03-26,7,3,4
2016-03-26,7,2,5
2016-03-26,1,1,0
2016-03-26,5,2,3
2016-03-27,5,4,1
2016-03-27,3,1,2
2016-03-27,1,1,0
2016-03-27,0,0,0
2016-03-27,2,0,2
2016-03-27,0,0,0
2016-03-27,7,0,7
2016-03-27,4,0,4
2016-03-27,1,1,0
2016-03-27,4,1,3
2016-03-27,4,2,2
2016-03-27,11,5,6
2016-03-27,7,5,2
2016-03-27,2,2,0
2016-03-27,8,4,4
2016-03-27,11,4,7
2016-03-27,6,4,2
2016-03-27,5,1,4
2016-03-27,3,1,2
2016-03-27,4,2,2
2016-03-27,6,4,2
2016-03-27,4,2,2
2016-03-27,4,1,3
2016-03-27,6,4,2
2016-03-28,5,2,3
2016-03-28,1,1,0
2016-03-28,0,0,0
2016-03-28,1,1,0
2016-03-28,3,3,0
2016-03-28,3,1,2
2016-03-28,10,1,9
2016-03-28,31,6,25
2016-03-28,26,5,21
2016-03-28,14,9,5
2016-03-28,7,4,3
2016-03-28,8,4,4
2016-03-28,15,10,5
2016-03-28,14,4,10
2016-03-28,10,4,6
2016-03-28,19,12,7
2016-03-28,29,21,8
2016-03-28,39,25,14
2016-03-28,26,11,15
2016-03-28,20,8,12
2016-03-28,23,11,12
2016-03-28,16,11,5
2016-03-28,1,0,1
2016-03-28,7,3,4
2016-03-29,1,1,0
2016-03-29,0,0,0
2016-03-29,2,2,0
2016-03-29,0,0,0
2016-03-29,0,0,0
2016-03-29,4,3,1
2016-03-29,17,4,13
2016-03-29,32,7,25
2016-03-29,35,7,28
2016-03-29,23,9,14
2016-03-29,11,3,8
2016-03-29,18,6,12
2016-03-29,15,8,7
2016-03-29,18,11,7
2016-03-29,18,9,9
2016-03-29,27,14,13
2016-03-29,23,11,12
2016-03-29,66,38,28
2016-03-29,40,27,13
2016-03-29,22,11,11
2016-03-29,13,3,10
2016-03-29,8,4,4
2016-03-29,4,1,3
2016-03-29,3,3,0
2016-03-30,2,1,1
2016-03-30,1,0,1
2016-03-30,0,0,0
2016-03-30,0,0,0
2016-03-30,2,2,0
2016-03-30,5,4,1
2016-03-30,12,0,12
2016-03-30,39,7,32
2016-03-30,36,6,30
2016-03-30,28,14,14
2016-03-30,18,7,11
2016-03-30,14,10,4
2016-03-30,21,12,9
2016-03-30,21,10,11
2016-03-30,15,8,7
2016-03-30,24,12,12
2016-03-30,29,17,12
2016-03-30,50,32,18
2016-03-30,37,15,22
2016-03-30,20,12,8
2016-03-30,16,8,8
2016-03-30,12,6,6
2016-03-30,9,6,3
2016-03-30,7,4,3
2016-03-31,4,3,1
2016-03-31,5,1,4
2016-03-31,8,1,7
2016-03-31,0,0,0
2016-03-31,4,4,0
2016-03-31,4,4,0
2016-03-31,18,1,17
2016-03-31,27,5,22
2016-03-31,30,7,23
2016-03-31,26,12,14
2016-03-31,12,5,7
2016-03-31,19,9,10
2016-03-31,24,12,12
2016-03-31,16,7,9
2016-03-31,18,8,10
2016-03-31,24,13,11
2016-03-31,22,15,7
2016-03-31,49,27,22
2016-03-31,27,11,16
2016-03-31,29,11,18
2016-03-31,24,13,11
2016-03-31,11,4,7
2016-03-31,3,1,2
2016-03-31,7,5,2
2016-04-01,9,7,2
2016-04-01,3,0,3
2016-04-01,1,0,1
2016-04-01,0,0,0
2016-04-01,3,2,1
2016-04-01,1,0,1
2016-04-01,7,0,7
2016-04-01,35,7,28
2016-04-01,37,6,31
2016-04-01,19,8,11
2016-04-01,35,12,23
2016-04-01,11,6,5
2016-04-01,17,6,11
2016-04-01,17,8,9
2016-04-01,15,7,8
2016-04-01,24,14,10
2016-04-01,37,25,12
2016-04-01,40,27,13
2016-04-01,27,12,15
2016-04-01,30,23,7
2016-04-01,21,6,15
2016-04-01,18,7,11
2016-04-01,2,1,1
2016-04-01,19,10,9
2016-04-02,6,4,2
2016-04-02,2,0,2
2016-04-02,5,0,5
2016-04-02,2,0,2
2016-04-02,0,0,0
2016-04-02,3,1,2
2016-04-02,6,1,5
2016-04-02,3,1,2
2016-04-02,5,2,3
2016-04-02,12,3,9
2016-04-02,9,7,2
2016-04-02,9,0,9
2016-04-02,9,5,4
2016-04-02,17,5,12
2016-04-02,37,15,22
2016-04-02,15,6,9
2016-04-02,29,17,12
2016-04-02,19,8,11
2016-04-02,30,15,15
2016-04-02,17,6,11
2016-04-02,12,5,7
2016-04-02,9,2,7
2016-04-02,6,3,3
2016-04-02,7,1,6
2016-04-03,11,8,3
2016-04-03,8,2,6
2016-04-03,5,1,4
2016-04-03,1,1,0
2016-04-03,0,0,0
2016-04-03,2,2,0
2016-04-03,18,15,3
2016-04-03,11,7,4
2016-04-03,8,3,5
2016-04-03,24,7,17
2016-04-03,20,10,10
2016-04-03,58,13,45
2016-04-03,26,16,10
2016-04-03,40,22,18
2016-04-03,20,8,12
2016-04-03,15,6,9
2016-04-03,19,7,12
2016-04-03,16,6,10
2016-04-03,13,8,5
2016-04-03,16,7,9
2016-04-03,11,3,8
2016-04-03,8,1,7
2016-04-03,8,2,6
2016-04-03,3,2,1
2016-04-04,1,1,0
2016-04-04,1,1,0
2016-04-04,0,0,0
2016-04-04,0,0,0
2016-04-04,0,0,0
2016-04-04,4,1,3
2016-04-04,11,1,10
2016-04-04,22,6,16
2016-04-04,35,8,27
2016-04-04,13,7,6
2016-04-04,16,7,9
2016-04-04,19,7,12
2016-04-04,17,3,14
2016-04-04,15,1,14
2016-04-04,15,7,8
2016-04-04,21,7,14
2016-04-04,38,20,18
2016-04-04,42,23,19
2016-04-04,37,23,14
2016-04-04,26,12,14
2016-04-04,17,8,9
2016-04-04,7,2,5
2016-04-04,13,3,10
2016-04-04,4,1,3
2016-04-05,1,0,1
2016-04-05,3,2,1
2016-04-05,1,0,1
2016-04-05,1,0,1
2016-04-05,3,2,1
2016-04-05,7,2,5
2016-04-05,12,1,11
2016-04-05,27,7,20
2016-04-05,38,11,27
2016-04-05,26,13,13
2016-04-05,23,6,17
2016-04-05,8,2,6
2016-04-05,16,3,13
2016-04-05,14,4,10
2016-04-05,12,6,6
2016-04-05,19,8,11
2016-04-05,27,9,18
2016-04-05,46,24,22
2016-04-05,47,26,21
2016-04-05,29,14,15
2016-04-05,17,6,11
2016-04-05,13,6,7
2016-04-05,9,2,7
2016-04-05,3,1,2
2016-04-06,2,1,1
2016-04-06,1,0,1
2016-04-06,3,2,1
2016-04-06,0,0,0
2016-04-06,0,0,0
2016-04-06,2,1,1
2016-04-06,24,4,20
2016-04-06,32,7,25
2016-04-06,38,10,28
2016-04-06,22,7,15
2016-04-06,22,10,12
2016-04-06,13,7,6
2016-04-06,22,12,10
2016-04-06,20,4,16
2016-04-06,25,13,12
2016-04-06,26,21,5
2016-04-06,35,19,16
2016-04-06,61,43,18
2016-04-06,35,18,17
2016-04-06,29,15,14
2016-04-06,16,8,8
2016-04-06,18,11,7
2016-04-06,10,4,6
2016-04-06,7,7,0
2016-04-07,1,1,0
2016-04-07,2,0,2
2016-04-07,2,0,2
2016-04-07,0,0,0
2016-04-07,0,0,0
2016-04-07,6,1,5
2016-04-07,12,1,11
2016-04-07,40,11,29
2016-04-07,27,4,23
2016-04-07,29,19,10
2016-04-07,15,3,12
2016-04-07,16,10,6
2016-04-07,20,7,13
2016-04-07,20,8,12
2016-04-07,20,8,12
2016-04-07,21,12,9
2016-04-07,40,27,13
2016-04-07,53,33,20
2016-04-07,46,23,23
2016-04-07,35,20,15
2016-04-07,22,9,13
2016-04-07,19,10,9
2016-04-07,4,3,1
2016-04-07,14,7,7
2016-04-08,4,3,1
2016-04-08,7,0,7
2016-04-08,3,2,1
2016-04-08,1,0,1
2016-04-08,2,0,2
2016-04-08,2,0,2
2016-04-08,16,2,14
2016-04-08,27,7,20
2016-04-08,32,9,23
2016-04-08,30,18,12
2016-04-08,18,9,9
2016-04-08,9,5,4
2016-04-08,25,13,12
2016-04-08,25,10,15
2016-04-08,20,11,9
2016-04-08,27,16,11
2016-04-08,44,23,21
2016-04-08,50,29,21
2016-04-08,36,15,21
2016-04-08,26,18,8
2016-04-08,24,10,14
2016-04-08,14,5,9
2016-04-08,13,7,6
2016-04-08,22,11,11
2016-04-09,5,2,3
2016-04-09,0,0,0
2016-04-09,2,1,1
2016-04-09,1,0,1
2016-04-09,1,1,0
2016-04-09,3,0,3
2016-04-09,6,1,5
2016-04-09,6,2,4
2016-04-09,7,4,3
2016-04-09,17,9,8
2016-04-09,19,11,8
2016-04-09,12,5,7
2016-04-09,12,5,7
2016-04-09,20,9,11
2016-04-09,18,7,11
2016-04-09,15,9,6
2016-04-09,25,10,15
2016-04-09,24,16,8
2016-04-09,20,10,10
2016-04-09,16,6,10
2016-04-09,17,11,6
2016-04-09,14,4,10
2016-04-09,3,2,1
2016-04-09,5,2,3
2016-04-10,3,0,3
2016-04-10,4,1,3
2016-04-10,1,0,1
2016-04-10,1,1,0
2016-04-10,1,0,1
2016-04-10,0,0,0
2016-04-10,6,1,5
2016-04-10,5,2,3
2016-04-10,2,0,2
2016-04-10,4,0,4
2016-04-10,4,0,4
2016-04-10,9,6,3
2016-04-10,15,5,10
2016-04-10,10,6,4
2016-04-10,21,9,12
2016-04-10,19,9,10
2016-04-10,17,11,6
2016-04-10,19,5,14
2016-04-10,13,6,7
2016-04-10,17,7,10
2016-04-10,11,3,8
2016-04-10,11,3,8
2016-04-10,8,6,2
2016-04-10,2,1,1
2016-04-11,1,0,1
2016-04-11,0,0,0
2016-04-11,1,0,1
2016-04-11,0,0,0
2016-04-11,0,0,0
2016-04-11,6,0,6
2016-04-11,17,3,14
2016-04-11,31,4,27
2016-04-11,29,7,22
2016-04-11,26,15,11
2016-04-11,15,7,8
2016-04-11,17,7,10
2016-04-11,19,12,7
2016-04-11,16,12,4
2016-04-11,14,7,7
2016-04-11,18,13,5
2016-04-11,32,16,16
2016-04-11,41,25,16
2016-04-11,26,16,10
2016-04-11,15,8,7
2016-04-11,15,9,6
2016-04-11,5,2,3
2016-04-11,8,5,3
2016-04-11,12,6,6
2016-04-12,6,2,4
2016-04-12,1,1,0
2016-04-12,3,1,2
2016-04-12,2,0,2
2016-04-12,2,0,2
2016-04-12,6,1,5
2016-04-12,11,1,10
2016-04-12,32,8,24
2016-04-12,26,5,21
2016-04-12,18,12,6
2016-04-12,18,7,11
2016-04-12,21,8,13
2016-04-12,16,8,8
2016-04-12,18,7,11
2016-04-12,19,8,11
2016-04-12,17,8,9
2016-04-12,16,11,5
2016-04-12,32,19,13
2016-04-12,27,17,10
2016-04-12,22,12,10
2016-04-12,12,4,8
2016-04-12,11,5,6
2016-04-12,5,3,2
2016-04-12,3,3,0
2016-04-13,1,1,0
2016-04-13,2,1,1
2016-04-13,0,0,0
2016-04-13,0,0,0
2016-04-13,0,0,0
2016-04-13,7,2,5
2016-04-13,15,2,13
2016-04-13,21,6,15
2016-04-13,33,10,23
2016-04-13,21,11,10
2016-04-13,16,8,8
2016-04-13,14,7,7
2016-04-13,17,9,8
2016-04-13,13,9,4
2016-04-13,17,9,8
2016-04-13,25,13,12
2016-04-13,31,16,15
2016-04-13,30,16,14
2016-04-13,34,18,16
2016-04-13,22,14,8
2016-04-13,18,8,10
2016-04-13,21,8,13
2016-04-13,8,1,7
2016-04-13,9,9,0
2016-04-14,4,3,1
2016-04-14,0,0,0
2016-04-14,1,1,0
2016-04-14,0,0,0
2016-04-14,1,0,1
2016-04-14,7,2,5
2016-04-14,7,0,7
2016-04-14,30,5,25
2016-04-14,41,10,31
2016-04-14,23,14,9
2016-04-14,19,6,13
2016-04-14,15,9,6
2016-04-14,14,4,10
2016-04-14,19,8,11
2016-04-14,13,7,6
2016-04-14,23,15,8
2016-04-14,31,19,12
2016-04-14,42,19,23
2016-04-14,32,17,15
2016-04-14,19,10,9
2016-04-14,17,7,10
2016-04-14,10,4,6
2016-04-14,1,1,0
2016-04-14,7,5,2
2016-04-15,1,0,1
2016-04-15,2,0,2
2016-04-15,2,0,2
2016-04-15,0,0,0
2016-04-15,2,1,1
2016-04-15,5,2,3
2016-04-15,12,0,12
2016-04-15,37,10,27
2016-04-15,24,3,21
2016-04-15,23,9,14
2016-04-15,18,10,8
2016-04-15,17,7,10
2016-04-15,12,4,8
2016-04-15,19,10,9
2016-04-15,18,6,12
2016-04-15,14,5,9
2016-04-15,30,20,10
2016-04-15,38,22,16
2016-04-15,15,7,8
2016-04-15,26,9,17
2016-04-15,20,8,12
2016-04-15,11,5,6
2016-04-15,12,7,5
2016-04-15,9,4,5
2016-04-16,5,0,5
2016-04-16,6,0,6
2016-04-16,3,2,1
2016-04-16,1,0,1
2016-04-16,3,0,3
2016-04-16,1,0,1
2016-04-16,4,0,4
2016-04-16,10,3,7
2016-04-16,8,6,2
2016-04-16,16,7,9
2016-04-16,17,6,11
2016-04-16,14,6,8
2016-04-16,16,5,11
2016-04-16,25,7,18
2016-04-16,13,5,8
2016-04-16,21,13,8
2016-04-16,22,12,10
2016-04-16,26,11,15
2016-04-16,10,5,5
2016-04-16,10,4,6
2016-04-16,18,11,7
2016-04-16,13,7,6
2016-04-16,5,0,5
2016-04-16,9,3,6
2016-04-17,8,6,2
2016-04-17,11,7,4
2016-04-17,6,4,2
2016-04-17,0,0,0
2016-04-17,0,0,0
2016-04-17,1,0,1
2016-04-17,7,2,5
2016-04-17,9,4,5
2016-04-17,6,2,4
2016-04-17,7,4,3
2016-04-17,21,10,11
2016-04-17,23,7,16
2016-04-17,15,8,7
2016-04-17,24,11,13
2016-04-17,25,9,16
2016-04-17,16,9,7
2016-04-17,14,4,10
2016-04-17,26,13,13
2016-04-17,21,9,12
2016-04-17,22,11,11
2016-04-17,13,5,8
2016-04-17,7,1,6
2016-04-17,4,2,2
2016-04-17,5,4,1
2016-04-18,6,3,3
2016-04-18,0,0,0
2016-04-18,0,0,0
2016-04-18,1,1,0
2016-04-18,1,0,1
2016-04-18,4,0,4
2016-04-18,15,6,9
2016-04-18,41,7,34
2016-04-18,34,9,25
2016-04-18,22,12,10
2016-04-18,19,8,11
2016-04-18,17,10,7
2016-04-18,10,5,5
2016-04-18,13,6,7
2016-04-18,20,11,9
2016-04-18,14,3,11
2016-04-18,38,22,16
2016-04-18,44,22,22
2016-04-18,55,22,33
2016-04-18,31,13,18
2016-04-18,13,4,9
2016-04-18,25,11,14
2016-04-18,5,2,3
2016-04-18,4,2,2
2016-04-19,4,0,4
2016-04-19,1,1,0
2016-04-19,0,0,0
2016-04-19,0,0,0
2016-04-19,0,0,0
2016-04-19,5,2,3
2016-04-19,15,2,13
2016-04-19,52,10,42
2016-04-19,44,15,29
2016-04-19,19,10,9
2016-04-19,24,9,15
2016-04-19,16,6,10
2016-04-19,18,11,7
2016-04-19,25,10,15
2016-04-19,27,18,9
2016-04-19,23,7,16
2016-04-19,30,20,10
2016-04-19,61,41,20
2016-04-19,40,25,15
2016-04-19,27,14,13
2016-04-19,21,11,10
2016-04-19,24,11,13
2016-04-19,9,1,8
2016-04-19,2,1,1
2016-04-20,1,1,0
2016-04-20,2,2,0
2016-04-20,1,1,0
2016-04-20,0,0,0
2016-04-20,2,1,1
2016-04-20,2,1,1
2016-04-20,14,1,13
2016-04-20,48,11,37
2016-04-20,43,12,31
2016-04-20,16,3,13
2016-04-20,14,8,6
2016-04-20,14,9,5
2016-04-20,20,7,13
2016-04-20,24,12,12
2016-04-20,33,13,20
2016-04-20,28,16,12
2016-04-20,36,19,17
2016-04-20,51,30,21
2016-04-20,45,25,20
2016-04-20,38,25,13
2016-04-20,38,13,25
2016-04-20,19,11,8
2016-04-20,11,4,7
2016-04-20,10,4,6
2016-04-21,3,0,3
2016-04-21,4,2,2
2016-04-21,1,0,1
2016-04-21,0,0,0
2016-04-21,2,0,2
2016-04-21,4,2,2
2016-04-21,11,1,10
2016-04-21,33,3,30
2016-04-21,42,11,31
2016-04-21,27,13,14
2016-04-21,15,5,10
2016-04-21,19,8,11
2016-04-21,22,12,10
2016-04-21,24,11,13
2016-04-21,23,11,12
2016-04-21,34,18,16
2016-04-21,26,19,7
2016-04-21,63,31,32
2016-04-21,45,24,21
2016-04-21,36,22,14
2016-04-21,21,7,14
2016-04-21,13,4,9
2016-04-21,7,3,4
2016-04-21,5,3,2
2016-04-22,18,2,16
2016-04-22,9,7,2
2016-04-22,1,0,1
2016-04-22,0,0,0
2016-04-22,3,0,3
2016-04-22,2,1,1
2016-04-22,14,0,14
2016-04-22,32,4,28
2016-04-22,33,9,24
2016-04-22,13,8,5
2016-04-22,19,9,10
2016-04-22,25,13,12
2016-04-22,11,7,4
2016-04-22,21,8,13
2016-04-22,17,9,8
2016-04-22,23,15,8
2016-04-22,24,17,7
2016-04-22,37,22,15
2016-04-22,30,20,10
2016-04-22,23,13,10
2016-04-22,10,6,4
2016-04-22,8,4,4
2016-04-22,10,6,4
2016-04-22,9,4,5
2016-04-23,11,5,6
2016-04-23,10,4,6
2016-04-23,2,2,0
2016-04-23,0,0,0
2016-04-23,0,0,0
2016-04-23,3,1,2
2016-04-23,6,0,6
2016-04-23,5,2,3
2016-04-23,10,2,8
2016-04-23,8,6,2
2016-04-23,9,4,5
2016-04-23,11,7,4
2016-04-23,22,12,10
2016-04-23,23,9,14
2016-04-23,19,9,10
2016-04-23,17,8,9
2016-04-23,14,9,5
2016-04-23,15,7,8
2016-04-23,17,12,5
2016-04-23,6,4,2
2016-04-23,17,11,6
2016-04-23,5,1,4
2016-04-23,5,2,3
2016-04-23,3,0,3
2016-04-24,4,2,2
2016-04-24,5,1,4
2016-04-24,5,0,5
2016-04-24,0,0,0
2016-04-24,0,0,0
2016-04-24,1,0,1
2016-04-24,7,0,7
2016-04-24,2,0,2
2016-04-24,3,1,2
2016-04-24,4,0,4
2016-04-24,4,1,3
2016-04-24,9,6,3
2016-04-24,7,4,3
2016-04-24,6,2,4
2016-04-24,10,5,5
2016-04-24,10,6,4
2016-04-24,9,5,4
2016-04-24,9,5,4
2016-04-24,13,10,3
2016-04-24,3,3,0
2016-04-24,8,3,5
2016-04-24,1,1,0
2016-04-24,0,0,0
2016-04-24,1,1,0
2016-04-25,1,0,1
2016-04-25,2,2,0
2016-04-25,1,0,1
2016-04-25,0,0,0
2016-04-25,1,0,1
2016-04-25,4,1,3
2016-04-25,13,2,11
2016-04-25,30,12,18
2016-04-25,35,4,31
2016-04-25,18,7,11
2016-04-25,6,4,2
2016-04-25,15,6,9
2016-04-25,17,10,7
2016-04-25,12,3,9
2016-04-25,21,9,12
2016-04-25,22,16,6
2016-04-25,29,15,14
2016-04-25,45,31,14
2016-04-25,42,25,17
2016-04-25,19,8,11
2016-04-25,10,6,4
2016-04-25,15,8,7
2016-04-25,5,3,2
2016-04-25,6,3,3
2016-04-26,1,0,1
2016-04-26,2,1,1
2016-04-26,0,0,0
2016-04-26,1,1,0
2016-04-26,3,2,1
2016-04-26,1,1,0
2016-04-26,22,4,18
2016-04-26,47,8,39
2016-04-26,45,14,31
2016-04-26,26,16,10
2016-04-26,19,7,12
2016-04-26,9,5,4
2016-04-26,19,7,12
2016-04-26,18,4,14
2016-04-26,22,10,12
2016-04-26,20,13,7
2016-04-26,29,18,11
2016-04-26,50,22,28
2016-04-26,30,13,17
2016-04-26,30,19,11
2016-04-26,17,8,9
2016-04-26,12,4,8
2016-04-26,11,5,6
2016-04-26,6,5,1
2016-04-27,0,0,0
2016-04-27,1,1,0
2016-04-27,1,1,0
2016-04-27,0,0,0
2016-04-27,2,1,1
2016-04-27,5,1,4
2016-04-27,12,0,12
2016-04-27,29,4,25
2016-04-27,46,14,32
2016-04-27,22,8,14
2016-04-27,17,7,10
2016-04-27,19,10,9
2016-04-27,15,5,10
2016-04-27,16,7,9
2016-04-27,16,6,10
2016-04-27,17,10,7
2016-04-27,31,22,9
2016-04-27,43,25,18
2016-04-27,42,21,21
2016-04-27,16,10,6
2016-04-27,15,4,11
2016-04-27,21,10,11
2016-04-27,8,4,4
2016-04-27,5,3,2
2016-04-28,4,2,2
2016-04-28,5,0,5
2016-04-28,2,0,2
2016-04-28,0,0,0
2016-04-28,0,0,0
2016-04-28,4,2,2
2016-04-28,15,4,11
2016-04-28,34,3,31
2016-04-28,35,8,27
2016-04-28,29,12,17
2016-04-28,15,10,5
2016-04-28,14,5,9
2016-04-28,22,9,13
2016-04-28,17,4,13
2016-04-28,30,18,12
2016-04-28,26,16,10
2016-04-28,21,14,7
2016-04-28,56,30,26
2016-04-28,43,22,21
2016-04-28,38,17,21
2016-04-28,19,8,11
2016-04-28,15,7,8
2016-04-28,5,1,4
2016-04-28,4,3,1
2016-04-29,8,2,6
2016-04-29,1,0,1
2016-04-29,0,0,0
2016-04-29,6,4,2
2016-04-29,8,7,1
2016-04-29,4,0,4
2016-04-29,11,0,11
2016-04-29,31,6,25
2016-04-29,31,9,22
2016-04-29,19,10,9
2016-04-29,15,2,13
2016-04-29,16,7,9
2016-04-29,19,9,10
2016-04-29,14,9,5
2016-04-29,18,10,8
2016-04-29,25,16,9
2016-04-29,31,18,13
2016-04-29,27,14,13
2016-04-29,34,19,15
2016-04-29,17,9,8
2016-04-29,15,8,7
2016-04-29,10,3,7
2016-04-29,13,2,11
2016-04-29,13,6,7
2016-04-30,3,3,0
2016-04-30,8,2,6
2016-04-30,0,0,0
2016-04-30,1,0,1
2016-04-30,1,1,0
2016-04-30,4,1,3
2016-04-30,5,0,5
2016-04-30,6,3,3
2016-04-30,8,4,4
2016-04-30,7,2,5
2016-04-30,16,10,6
2016-04-30,23,10,13
2016-04-30,15,7,8
2016-04-30,29,16,13
2016-04-30,30,15,15
2016-04-30,27,16,11
2016-04-30,28,15,13
2016-04-30,24,13,11
2016-04-30,27,14,13
2016-04-30,12,3,9
2016-04-30,8,3,5
2016-04-30,12,4,8
2016-04-30,10,6,4
2016-04-30,3,3,0
2016-05-01,2,0,2
2016-05-01,2,1,1
2016-05-01,1,0,1
2016-05-01,0,0,0
2016-05-01,3,2,1
2016-05-01,1,1,0
2016-05-01,6,0,6
2016-05-01,8,3,5
2016-05-01,4,3,1
2016-05-01,19,7,12
2016-05-01,15,7,8
2016-05-01,10,6,4
2016-05-01,26,11,15
2016-05-01,23,4,19
2016-05-01,26,11,15
2016-05-01,22,5,17
2016-05-01,35,25,10
2016-05-01,28,15,13
2016-05-01,25,7,18
2016-05-01,24,7,17
2016-05-01,16,9,7
2016-05-01,11,7,4
2016-05-01,5,0,5
2016-05-01,6,3,3
2016-05-02,1,1,0
2016-05-02,0,0,0
2016-05-02,1,0,1
2016-05-02,0,0,0
2016-05-02,0,0,0
2016-05-02,5,1,4
2016-05-02,20,6,14
2016-05-02,42,9,33
2016-05-02,45,4,41
2016-05-02,19,7,12
2016-05-02,33,7,26
2016-05-02,24,14,10
2016-05-02,21,10,11
2016-05-02,17,12,5
2016-05-02,27,15,12
2016-05-02,29,17,12
2016-05-02,34,15,19
2016-05-02,51,29,22
2016-05-02,50,24,26
2016-05-02,22,14,8
2016-05-02,29,11,18
2016-05-02,20,9,11
2016-05-02,14,2,12
2016-05-02,4,3,1
2016-05-03,4,2,2
2016-05-03,0,0,0
2016-05-03,0,0,0
2016-05-03,3,1,2
2016-05-03,2,1,1
2016-05-03,4,2,2
2016-05-03,25,3,22
2016-05-03,43,11,32
2016-05-03,49,16,33
2016-05-03,28,11,17
2016-05-03,18,7,11
2016-05-03,25,12,13
2016-05-03,20,9,11
2016-05-03,18,9,9
2016-05-03,24,10,14
2016-05-03,26,19,7
2016-05-03,46,22,24
2016-05-03,61,37,24
2016-05-03,47,28,19
2016-05-03,26,16,10
2016-05-03,25,11,14
2016-05-03,21,5,16
2016-05-03,7,2,5
2016-05-03,6,2,4
2016-05-04,0,0,0
2016-05-04,0,0,0
2016-05-04,1,1,0
2016-05-04,0,0,0
2016-05-04,2,2,0
2016-05-04,4,0,4
2016-05-04,20,3,17
2016-05-04,34,7,27
2016-05-04,32,4,28
2016-05-04,18,10,8
2016-05-04,14,9,5
2016-05-04,20,14,6
2016-05-04,25,13,12
2016-05-04,11,1,10
2016-05-04,17,4,13
2016-05-04,29,13,16
2016-05-04,38,26,12
2016-05-04,53,28,25
2016-05-04,47,34,13
2016-05-04,28,16,12
2016-05-04,27,11,16
2016-05-04,16,11,5
2016-05-04,7,2,5
2016-05-04,7,2,5
2016-05-05,4,3,1
2016-05-05,2,0,2
2016-05-05,4,2,2
2016-05-05,0,0,0
2016-05-05,2,0,2
2016-05-05,5,2,3
2016-05-05,18,2,16
2016-05-05,31,8,23
2016-05-05,46,15,31
2016-05-05,24,10,14
2016-05-05,10,5,5
2016-05-05,23,13,10
2016-05-05,21,9,12
2016-05-05,21,13,8
2016-05-05,24,8,16
2016-05-05,21,11,10
2016-05-05,32,14,18
2016-05-05,57,30,27
2016-05-05,62,37,25
2016-05-05,27,8,19
2016-05-05,19,10,9
2016-05-05,17,12,5
2016-05-05,13,5,8
2016-05-05,4,3,1
2016-05-06,10,3,7
2016-05-06,5,2,3
2016-05-06,3,1,2
2016-05-06,1,1,0
2016-05-06,2,1,1
2016-05-06,6,2,4
2016-05-06,17,1,16
2016-05-06,39,6,33
2016-05-06,37,7,30
2016-05-06,24,11,13
2016-05-06,16,6,10
2016-05-06,25,11,14
2016-05-06,24,17,7
2016-05-06,19,8,11
2016-05-06,41,21,20
2016-05-06,22,10,12
2016-05-06,41,27,14
2016-05-06,50,26,24
2016-05-06,38,24,14
2016-05-06,28,16,12
2016-05-06,18,9,9
2016-05-06,9,6,3
2016-05-06,23,11,12
2016-05-06,17,9,8
2016-05-07,13,7,6
2016-05-07,8,3,5
2016-05-07,9,4,5
2016-05-07,2,2,0
2016-05-07,3,2,1
2016-05-07,3,2,1
2016-05-07,4,0,4
2016-05-07,11,2,9
2016-05-07,12,7,5
2016-05-07,13,5,8
2016-05-07,17,9,8
2016-05-07,15,6,9
2016-05-07,41,12,29
2016-05-07,20,12,8
2016-05-07,25,8,17
2016-05-07,32,13,19
2016-05-07,25,12,13
2016-05-07,23,11,12
2016-05-07,22,14,8
2016-05-07,38,26,12
2016-05-07,11,5,6
2016-05-07,12,4,8
2016-05-07,10,4,6
2016-05-07,14,7,7
2016-05-08,11,6,5
2016-05-08,14,9,5
2016-05-08,12,5,7
2016-05-08,1,0,1
2016-05-08,1,0,1
2016-05-08,1,1,0
2016-05-08,5,2,3
2016-05-08,5,3,2
2016-05-08,12,5,7
2016-05-08,14,6,8
2016-05-08,9,8,1
2016-05-08,11,5,6
2016-05-08,20,6,14
2016-05-08,18,7,11
2016-05-08,26,17,9
2016-05-08,12,5,7
2016-05-08,17,8,9
2016-05-08,20,12,8
2016-05-08,24,9,15
2016-05-08,20,11,9
2016-05-08,9,2,7
2016-05-08,11,5,6
2016-05-08,2,1,1
2016-05-08,3,1,2
2016-05-09,2,2,0
2016-05-09,0,0,0
2016-05-09,0,0,0
2016-05-09,0,0,0
2016-05-09,1,0,1
2016-05-09,3,0,3
2016-05-09,15,1,14
2016-05-09,25,3,22
2016-05-09,46,11,35
2016-05-09,29,15,14
2016-05-09,8,3,5
2016-05-09,14,10,4
2016-05-09,14,7,7
2016-05-09,12,6,6
2016-05-09,17,11,6
2016-05-09,24,15,9
2016-05-09,39,17,22
2016-05-09,61,40,21
2016-05-09,47,22,25
2016-05-09,27,15,12
2016-05-09,17,11,6
2016-05-09,19,9,10
2016-05-09,7,2,5
2016-05-09,3,1,2
2016-05-10,6,2,4
2016-05-10,2,1,1
2016-05-10,0,0,0
2016-05-10,0,0,0
2016-05-10,1,0,1
2016-05-10,5,3,2
2016-05-10,19,5,14
2016-05-10,35,5,30
2016-05-10,43,14,29
2016-05-10,25,10,15
2016-05-10,16,5,11
2016-05-10,10,5,5
2016-05-10,21,9,12
2016-05-10,17,10,7
2016-05-10,15,8,7
2016-05-10,30,18,12
2016-05-10,33,18,15
2016-05-10,57,36,21
2016-05-10,40,16,24
2016-05-10,32,22,10
2016-05-10,18,8,10
2016-05-10,11,7,4
2016-05-10,16,11,5
2016-05-10,7,3,4
2016-05-11,8,4,4
2016-05-11,5,2,3
2016-05-11,4,2,2
2016-05-11,1,0,1
2016-05-11,2,1,1
2016-05-11,6,2,4
2016-05-11,22,2,20
2016-05-11,39,7,32
2016-05-11,49,13,36
2016-05-11,24,9,15
2016-05-11,18,9,9
2016-05-11,19,8,11
2016-05-11,20,10,10
2016-05-11,25,10,15
2016-05-11,17,10,7
2016-05-11,27,9,18
2016-05-11,38,24,14
2016-05-11,44,24,20
2016-05-11,45,21,24
2016-05-11,24,10,14
2016-05-11,33,11,22
2016-05-11,16,7,9
2016-05-11,12,2,10
2016-05-11,14,10,4
2016-05-12,4,0,4
2016-05-12,2,1,1
2016-05-12,2,1,1
2016-05-12,0,0,0
2016-05-12,0,0,0
2016-05-12,4,2,2
2016-05-12,8,0,8
2016-05-12,28,4,24
2016-05-12,38,17,21
2016-05-12,27,11,16
2016-05-12,16,3,13
2016-05-12,20,6,14
2016-05-12,20,10,10
2016-05-12,18,11,7
2016-05-12,16,4,12
2016-05-12,34,22,12
2016-05-12,38,20,18
2016-05-12,59,30,29
2016-05-12,49,22,27
2016-05-12,29,14,15
2016-05-12,12,6,6
2016-05-12,30,10,20
2016-05-12,12,5,7
2016-05-12,9,7,2
2016-05-13,5,3,2
2016-05-13,2,1,1
2016-05-13,2,0,2
2016-05-13,1,1,0
2016-05-13,2,0,2
2016-05-13,4,1,3
2016-05-13,17,4,13
2016-05-13,34,7,27
2016-05-13,40,11,29
2016-05-13,22,8,14
2016-05-13,17,7,10
2016-05-13,13,8,5
2016-05-13,28,14,14
2016-05-13,19,8,11
2016-05-13,15,9,6
2016-05-13,38,19,19
2016-05-13,40,24,16
2016-05-13,31,17,14
2016-05-13,37,15,22
2016-05-13,28,13,15
2016-05-13,22,11,11
2016-05-13,13,2,11
2016-05-13,19,8,11
2016-05-13,17,8,9
2016-05-14,12,5,7
2016-05-14,11,3,8
2016-05-14,12,4,8
2016-05-14,3,1,2
2016-05-14,0,0,0
2016-05-14,3,1,2
2016-05-14,7,2,5
2016-05-14,8,2,6
2016-05-14,10,7,3
2016-05-14,11,7,4
2016-05-14,11,4,7
2016-05-14,10,6,4
2016-05-14,7,1,6
2016-05-14,9,9,0
2016-05-14,14,9,5
2016-05-14,10,4,6
2016-05-14,10,4,6
2016-05-14,15,7,8
2016-05-14,21,6,15
2016-05-14,18,8,10
2016-05-14,8,4,4
2016-05-14,8,5,3
2016-05-14,7,2,5
2016-05-14,6,4,2
2016-05-15,7,1,6
2016-05-15,5,3,2
2016-05-15,5,0,5
2016-05-15,1,0,1
2016-05-15,1,0,1
2016-05-15,0,0,0
2016-05-15,6,0,6
2016-05-15,3,2,1
2016-05-15,4,4,0
2016-05-15,6,2,4
2016-05-15,15,3,12
2016-05-15,9,5,4
2016-05-15,4,1,3
2016-05-15,13,8,5
2016-05-15,11,7,4
2016-05-15,14,4,10
2016-05-15,9,6,3
2016-05-15,11,7,4
2016-05-15,11,5,6
2016-05-15,7,5,2
2016-05-15,10,1,9
2016-05-15,7,0,7
2016-05-15,4,2,2
2016-05-15,3,2,1
2016-05-16,1,1,0
2016-05-16,2,0,2
2016-05-16,0,0,0
2016-05-16,0,0,0
2016-05-16,3,2,1
2016-05-16,5,1,4
2016-05-16,17,2,15
2016-05-16,34,5,29
2016-05-16,45,7,38
2016-05-16,15,5,10
2016-05-16,11,5,6
2016-05-16,11,6,5
2016-05-16,18,9,9
2016-05-16,18,10,8
2016-05-16,18,11,7
2016-05-16,27,15,12
2016-05-16,28,19,9
2016-05-16,48,29,19
2016-05-16,51,30,21
2016-05-16,26,13,13
2016-05-16,9,6,3
2016-05-16,21,9,12
2016-05-16,10,2,8
2016-05-16,3,3,0
2016-05-17,1,0,1
2016-05-17,1,0,1
2016-05-17,0,0,0
2016-05-17,0,0,0
2016-05-17,1,0,1
2016-05-17,4,1,3
2016-05-17,15,2,13
2016-05-17,39,7,32
2016-05-17,44,11,33
2016-05-17,27,12,15
2016-05-17,14,2,12
2016-05-17,14,8,6
2016-05-17,15,7,8
2016-05-17,29,15,14
2016-05-17,21,12,9
2016-05-17,32,21,11
2016-05-17,25,19,6
2016-05-17,62,31,31
2016-05-17,47,28,19
2016-05-17,41,24,17
2016-05-17,32,19,13
2016-05-17,9,4,5
2016-05-17,3,0,3
2016-05-17,5,3,2
2016-05-18,3,2,1
2016-05-18,5,3,2
2016-05-18,2,2,0
2016-05-18,0,0,0
2016-05-18,2,1,1
2016-05-18,5,0,5
2016-05-18,23,4,19
2016-05-18,28,6,22
2016-05-18,47,12,35
2016-05-18,18,7,11
2016-05-18,10,4,6
2016-05-18,20,6,14
2016-05-18,28,13,15
2016-05-18,21,11,10
2016-05-18,16,11,5
2016-05-18,13,9,4
2016-05-18,31,17,14
2016-05-18,62,37,25
2016-05-18,27,17,10
2016-05-18,24,9,15
2016-05-18,22,12,10
2016-05-18,13,4,9
2016-05-18,9,3,6
2016-05-18,4,3,1
2016-05-19,1,1,0
2016-05-19,1,0,1
2016-05-19,0,0,0
2016-05-19,1,1,0
2016-05-19,1,0,1
2016-05-19,3,0,3
2016-05-19,17,3,14
2016-05-19,34,10,24
2016-05-19,31,10,21
2016-05-19,24,8,16
2016-05-19,9,2,7
2016-05-19,10,7,3
2016-05-19,12,4,8
2016-05-19,13,3,10
2016-05-19,25,16,9
2016-05-19,16,7,9
2016-05-19,23,16,7
2016-05-19,33,15,18
2016-05-19,42,23,19
2016-05-19,27,15,12
2016-05-19,11,7,4
2016-05-19,9,4,5
2016-05-19,8,2,6
2016-05-19,6,4,2
2016-05-20,7,3,4
2016-05-20,0,0,0
2016-05-20,2,0,2
2016-05-20,0,0,0
2016-05-20,1,0,1
2016-05-20,6,1,5
2016-05-20,11,0,11
2016-05-20,38,9,29
2016-05-20,46,17,29
2016-05-20,29,10,19
2016-05-20,19,8,11
2016-05-20,15,4,11
2016-05-20,20,9,11
2016-05-20,27,15,12
2016-05-20,21,8,13
2016-05-20,22,12,10
2016-05-20,46,28,18
2016-05-20,53,37,16
2016-05-20,33,9,24
2016-05-20,34,15,19
2016-05-20,18,6,12
2016-05-20,15,10,5
2016-05-20,11,3,8
2016-05-20,9,6,3
2016-05-21,7,6,1
2016-05-21,5,4,1
2016-05-21,15,5,10
2016-05-21,0,0,0
2016-05-21,0,0,0
2016-05-21,2,1,1
2016-05-21,6,0,6
2016-05-21,5,1,4
2016-05-21,10,7,3
2016-05-21,2,0,2
2016-05-21,2,1,1
2016-05-21,8,5,3
2016-05-21,9,4,5
2016-05-21,5,1,4
2016-05-21,7,2,5
2016-05-21,5,2,3
2016-05-21,11,5,6
2016-05-21,14,5,9
2016-05-21,13,7,6
2016-05-21,16,5,11
2016-05-21,10,5,5
2016-05-21,9,3,6
2016-05-21,5,3,2
2016-05-21,8,5,3
2016-05-22,8,4,4
2016-05-22,9,0,9
2016-05-22,2,0,2
2016-05-22,2,2,0
2016-05-22,0,0,0
2016-05-22,5,1,4
2016-05-22,7,2,5
2016-05-22,2,1,1
2016-05-22,6,4,2
2016-05-22,10,3,7
2016-05-22,8,5,3
2016-05-22,17,10,7
2016-05-22,16,13,3
2016-05-22,22,11,11
2016-05-22,26,14,12
2016-05-22,25,13,12
2016-05-22,25,16,9
2016-05-22,14,9,5
2016-05-22,27,14,13
2016-05-22,9,3,6
2016-05-22,11,9,2
2016-05-22,8,1,7
2016-05-22,4,2,2
2016-05-22,8,7,1
2016-05-23,4,2,2
2016-05-23,5,2,3
2016-05-23,4,0,4
2016-05-23,0,0,0
2016-05-23,0,0,0
2016-05-23,6,1,5
2016-05-23,8,0,8
2016-05-23,32,7,25
2016-05-23,46,13,33
2016-05-23,22,8,14
2016-05-23,10,4,6
2016-05-23,14,10,4
2016-05-23,17,9,8
2016-05-23,12,4,8
2016-05-23,15,10,5
2016-05-23,21,14,7
2016-05-23,31,19,12
2016-05-23,38,26,12
2016-05-23,43,18,25
2016-05-23,28,14,14
2016-05-23,20,9,11
2016-05-23,13,4,9
2016-05-23,9,1,8
2016-05-23,3,2,1
2016-05-24,1,1,0
2016-05-24,3,2,1
2016-05-24,1,1,0
2016-05-24,0,0,0
2016-05-24,5,1,4
2016-05-24,7,1,6
2016-05-24,16,3,13
2016-05-24,38,5,33
2016-05-24,44,12,32
2016-05-24,28,14,14
2016-05-24,16,4,12
2016-05-24,9,3,6
2016-05-24,20,6,14
2016-05-24,9,4,5
2016-05-24,26,12,14
2016-05-24,20,11,9
2016-05-24,29,17,12
2016-05-24,58,35,23
2016-05-24,48,22,26
2016-05-24,40,23,17
2016-05-24,35,22,13
2016-05-24,14,6,8
2016-05-24,13,6,7
2016-05-24,7,2,5
2016-05-25,3,3,0
2016-05-25,1,1,0
2016-05-25,1,0,1
2016-05-25,1,1,0
2016-05-25,0,0,0
2016-05-25,11,4,7
2016-05-25,17,0,17
2016-05-25,34,3,31
2016-05-25,41,10,31
2016-05-25,29,9,20
2016-05-25,30,18,12
2016-05-25,14,7,7
2016-05-25,17,8,9
2016-05-25,24,10,14
2016-05-25,31,12,19
2016-05-25,26,16,10
2016-05-25,34,22,12
2016-05-25,38,26,12
2016-05-25,40,15,25
2016-05-25,34,11,23
2016-05-25,12,3,9
2016-05-25,26,10,16
2016-05-25,8,3,5
2016-05-25,10,6,4
2016-05-26,2,0,2
2016-05-26,5,3,2
2016-05-26,2,0,2
2016-05-26,1,1,0
2016-05-26,1,1,0
2016-05-26,7,4,3
2016-05-26,18,1,17
2016-05-26,30,4,26
2016-05-26,46,15,31
2016-05-26,17,8,9
2016-05-26,9,5,4
2016-05-26,18,9,9
2016-05-26,20,9,11
2016-05-26,19,5,14
2016-05-26,13,7,6
2016-05-26,23,15,8
2016-05-26,31,23,8
2016-05-26,34,18,16
2016-05-26,29,11,18
2016-05-26,25,10,15
2016-05-26,13,5,8
2016-05-26,15,8,7
2016-05-26,9,2,7
2016-05-26,9,5,4
2016-05-27,7,4,3
2016-05-27,0,0,0
2016-05-27,1,1,0
2016-05-27,0,0,0
2016-05-27,3,1,2
2016-05-27,6,1,5
2016-05-27,2,0,2
2016-05-27,19,3,16
2016-05-27,29,9,20
2016-05-27,19,7,12
2016-05-27,10,4,6
2016-05-27,10,3,7
2016-05-27,17,10,7
2016-05-27,13,8,5
2016-05-27,13,9,4
2016-05-27,22,12,10
2016-05-27,28,19,9
2016-05-27,33,16,17
2016-05-27,17,12,5
2016-05-27,25,6,19
2016-05-27,16,10,6
2016-05-27,8,5,3
2016-05-27,7,5,2
2016-05-27,12,7,5
2016-05-28,3,1,2
2016-05-28,5,2,3
2016-05-28,5,0,5
2016-05-28,0,0,0
2016-05-28,1,0,1
2016-05-28,3,0,3
2016-05-28,4,1,3
2016-05-28,4,3,1
2016-05-28,4,3,1
2016-05-28,7,4,3
2016-05-28,6,2,4
2016-05-28,13,6,7
2016-05-28,15,6,9
2016-05-28,17,6,11
2016-05-28,9,2,7
2016-05-28,12,8,4
2016-05-28,7,5,2
2016-05-28,10,2,8
2016-05-28,13,5,8
2016-05-28,13,8,5
2016-05-28,7,2,5
2016-05-28,6,3,3
2016-05-28,10,2,8
2016-05-28,2,0,2
2016-05-29,6,3,3
2016-05-29,5,1,4
2016-05-29,5,3,2
2016-05-29,2,0,2
2016-05-29,1,0,1
2016-05-29,2,0,2
2016-05-29,4,2,2
2016-05-29,3,2,1
2016-05-29,3,2,1
2016-05-29,8,7,1
2016-05-29,5,1,4
2016-05-29,5,2,3
2016-05-29,4,1,3
2016-05-29,11,6,5
2016-05-29,12,6,6
2016-05-29,9,4,5
2016-05-29,11,5,6
2016-05-29,16,10,6
2016-05-29,10,3,7
2016-05-29,13,9,4
2016-05-29,6,3,3
2016-05-29,6,3,3
2016-05-29,3,3,0
2016-05-29,7,3,4
2016-05-30,3,1,2
2016-05-30,1,0,1
2016-05-30,1,0,1
2016-05-30,0,0,0
2016-05-30,1,0,1
2016-05-30,1,0,1
2016-05-30,4,1,3
2016-05-30,5,0,5
2016-05-30,9,3,6
2016-05-30,5,3,2
2016-05-30,14,7,7
2016-05-30,14,5,9
2016-05-30,22,11,11
2016-05-30,17,6,11
2016-05-30,16,11,5
2016-05-30,19,8,11
2016-05-30,12,9,3
2016-05-30,26,16,10
2016-05-30,18,7,11
2016-05-30,15,7,8
2016-05-30,21,7,14
2016-05-30,11,2,9
2016-05-30,6,3,3
2016-05-30,0,0,0
2016-05-31,1,1,0
2016-05-31,2,0,2
2016-05-31,0,0,0
2016-05-31,0,0,0
2016-05-31,2,0,2
2016-05-31,4,1,3
2016-05-31,17,4,13
2016-05-31,36,4,32
2016-05-31,36,9,27
2016-05-31,21,13,8
2016-05-31,16,5,11
2016-05-31,15,9,6
2016-05-31,26,10,16
2016-05-31,13,7,6
2016-05-31,19,8,11
2016-05-31,20,7,13
2016-05-31,31,19,12
2016-05-31,57,29,28
2016-05-31,54,26,28
2016-05-31,41,22,19
2016-05-31,24,13,11
2016-05-31,5,4,1
2016-05-31,11,2,9
2016-05-31,9,3,6
2016-06-01,4,2,2
2016-06-01,3,2,1
2016-06-01,2,2,0
2016-06-01,0,0,0
2016-06-01,0,0,0
2016-06-01,10,3,7
2016-06-01,19,3,16
2016-06-01,39,11,28
2016-06-01,45,11,34
2016-06-01,26,8,18
2016-06-01,31,13,18
2016-06-01,13,7,6
2016-06-01,23,8,15
2016-06-01,24,11,13
2016-06-01,29,11,18
2016-06-01,33,19,14
2016-06-01,40,18,22
2016-06-01,48,24,24
2016-06-01,49,24,25
2016-06-01,20,11,9
2016-06-01,17,11,6
2016-06-01,18,9,9
2016-06-01,15,8,7
2016-06-01,9,1,8
2016-06-02,8,1,7
2016-06-02,2,0,2
2016-06-02,1,0,1
2016-06-02,0,0,0
2016-06-02,1,1,0
2016-06-02,5,1,4
2016-06-02,14,1,13
2016-06-02,41,13,28
2016-06-02,47,13,34
2016-06-02,21,11,10
2016-06-02,16,3,13
2016-06-02,17,6,11
2016-06-02,23,9,14
2016-06-02,26,13,13
2016-06-02,19,9,10
2016-06-02,18,12,6
2016-06-02,29,20,9
2016-06-02,45,28,17
2016-06-02,31,17,14
2016-06-02,29,14,15
2016-06-02,20,10,10
2016-06-02,13,4,9
2016-06-02,16,9,7
2016-06-02,6,5,1
2016-06-03,5,2,3
2016-06-03,2,1,1
2016-06-03,3,1,2
2016-06-03,1,1,0
2016-06-03,3,1,2
2016-06-03,11,1,10
2016-06-03,19,1,18
2016-06-03,40,9,31
2016-06-03,38,15,23
2016-06-03,24,10,14
2016-06-03,15,3,12
2016-06-03,18,5,13
2016-06-03,24,10,14
2016-06-03,30,14,16
2016-06-03,33,14,19
2016-06-03,24,12,12
2016-06-03,48,28,20
2016-06-03,41,25,16
2016-06-03,34,18,16
2016-06-03,32,18,14
2016-06-03,23,14,9
2016-06-03,16,7,9
2016-06-03,9,6,3
2016-06-03,13,5,8
2016-06-04,8,3,5
2016-06-04,12,3,9
2016-06-04,1,0,1
2016-06-04,0,0,0
2016-06-04,0,0,0
2016-06-04,1,1,0
2016-06-04,6,0,6
2016-06-04,11,5,6
2016-06-04,17,7,10
2016-06-04,11,3,8
2016-06-04,15,7,8
2016-06-04,14,6,8
2016-06-04,22,12,10
2016-06-04,23,12,11
2016-06-04,16,10,6
2016-06-04,18,7,11
2016-06-04,15,7,8
2016-06-04,21,9,12
2016-06-04,20,11,9
2016-06-04,24,8,16
2016-06-04,21,12,9
2016-06-04,11,8,3
2016-06-04,17,7,10
2016-06-04,14,7,7
2016-06-05,7,5,2
2016-06-05,10,3,7
2016-06-05,11,4,7
2016-06-05,2,0,2
2016-06-05,1,1,0
2016-06-05,0,0,0
2016-06-05,4,0,4
2016-06-05,5,2,3
2016-06-05,6,3,3
2016-06-05,9,4,5
2016-06-05,8,5,3
2016-06-05,13,9,4
2016-06-05,18,11,7
2016-06-05,19,11,8
2016-06-05,14,2,12
2016-06-05,13,3,10
2016-06-05,16,9,7
2016-06-05,11,7,4
2016-06-05,14,4,10
2016-06-05,21,9,12
2016-06-05,5,1,4
2016-06-05,7,1,6
2016-06-05,10,4,6
2016-06-05,4,1,3
2016-06-06,3,1,2
2016-06-06,0,0,0
2016-06-06,2,2,0
2016-06-06,0,0,0
2016-06-06,1,1,0
2016-06-06,3,1,2
2016-06-06,13,2,11
2016-06-06,36,6,30
2016-06-06,42,8,34
2016-06-06,19,8,11
2016-06-06,19,11,8
2016-06-06,16,4,12
2016-06-06,16,11,5
2016-06-06,15,8,7
2016-06-06,23,15,8
2016-06-06,28,18,10
2016-06-06,33,17,16
2016-06-06,49,22,27
2016-06-06,52,29,23
2016-06-06,24,10,14
2016-06-06,19,11,8
2016-06-06,23,9,14
2016-06-06,17,5,12
2016-06-06,8,5,3
2016-06-07,5,1,4
2016-06-07,1,0,1
2016-06-07,1,0,1
2016-06-07,1,1,0
2016-06-07,0,0,0
2016-06-07,3,1,2
2016-06-07,19,4,15
2016-06-07,45,7,38
2016-06-07,47,12,35
2016-06-07,26,14,12
2016-06-07,18,7,11
2016-06-07,12,6,6
2016-06-07,15,7,8
2016-06-07,25,6,19
2016-06-07,20,12,8
2016-06-07,20,12,8
2016-06-07,35,25,10
2016-06-07,55,30,25
2016-06-07,45,23,22
2016-06-07,36,20,16
2016-06-07,25,14,11
2016-06-07,13,5,8
2016-06-07,7,4,3
2016-06-07,14,5,9
2016-06-08,3,1,2
2016-06-08,4,3,1
2016-06-08,1,1,0
2016-06-08,1,0,1
2016-06-08,1,0,1
2016-06-08,8,0,8
2016-06-08,14,2,12
2016-06-08,44,7,37
2016-06-08,47,12,35
2016-06-08,24,9,15
2016-06-08,9,4,5
2016-06-08,17,9,8
2016-06-08,15,6,9
2016-06-08,23,8,15
2016-06-08,30,17,13
2016-06-08,15,8,7
2016-06-08,24,13,11
2016-06-08,37,21,16
2016-06-08,29,22,7
2016-06-08,33,15,18
2016-06-08,16,9,7
2016-06-08,7,1,6
2016-06-08,10,2,8
2016-06-08,8,6,2
2016-06-09,6,5,1
2016-06-09,4,3,1
2016-06-09,1,0,1
2016-06-09,0,0,0
2016-06-09,0,0,0
2016-06-09,5,1,4
2016-06-09,12,1,11
2016-06-09,25,4,21
2016-06-09,39,12,27
2016-06-09,24,9,15
2016-06-09,16,1,15
2016-06-09,9,3,6
2016-06-09,16,6,10
2016-06-09,17,9,8
2016-06-09,13,5,8
2016-06-09,22,12,10
2016-06-09,30,19,11
2016-06-09,43,26,17
2016-06-09,30,13,17
2016-06-09,37,24,13
2016-06-09,25,8,17
2016-06-09,14,11,3
2016-06-09,9,3,6
2016-06-09,7,3,4
2016-06-10,2,0,2
2016-06-10,4,2,2
2016-06-10,3,1,2
2016-06-10,0,0,0
2016-06-10,1,0,1
2016-06-10,2,0,2
2016-06-10,10,1,9
2016-06-10,29,3,26
2016-06-10,30,7,23
2016-06-10,15,4,11
2016-06-10,17,5,12
2016-06-10,19,15,4
2016-06-10,13,3,10
2016-06-10,22,15,7
2016-06-10,18,8,10
2016-06-10,28,12,16
2016-06-10,31,18,13
2016-06-10,30,21,9
2016-06-10,34,15,19
2016-06-10,17,9,8
2016-06-10,14,8,6
2016-06-10,16,9,7
2016-06-10,10,5,5
2016-06-10,8,2,6
2016-06-11,23,7,16
2016-06-11,3,2,1
2016-06-11,13,4,9
2016-06-11,0,0,0
2016-06-11,0,0,0
2016-06-11,2,1,1
2016-06-11,8,3,5
2016-06-11,3,2,1
2016-06-11,6,4,2
2016-06-11,9,5,4
2016-06-11,11,4,7
2016-06-11,10,4,6
2016-06-11,14,6,8
2016-06-11,20,12,8
2016-06-11,13,9,4
2016-06-11,11,3,8
2016-06-11,17,6,11
2016-06-11,19,6,13
2016-06-11,12,6,6
2016-06-11,17,7,10
2016-06-11,12,7,5
2016-06-11,5,1,4
2016-06-11,14,3,11
2016-06-11,8,5,3
2016-06-12,7,3,4
2016-06-12,6,0,6
2016-06-12,5,0,5
2016-06-12,0,0,0
2016-06-12,4,3,1
2016-06-12,3,1,2
2016-06-12,10,1,9
2016-06-12,7,4,3
2016-06-12,4,2,2
2016-06-12,7,3,4
2016-06-12,20,14,6
2016-06-12,15,6,9
2016-06-12,16,9,7
2016-06-12,11,2,9
2016-06-12,18,8,10
2016-06-12,23,11,12
2016-06-12,19,11,8
2016-06-12,25,13,12
2016-06-12,19,11,8
2016-06-12,15,10,5
2016-06-12,9,6,3
2016-06-12,6,3,3
2016-06-12,5,3,2
2016-06-12,4,3,1
2016-06-13,1,0,1
2016-06-13,3,1,2
2016-06-13,1,1,0
2016-06-13,1,1,0
2016-06-13,3,2,1
2016-06-13,5,1,4
2016-06-13,19,3,16
2016-06-13,28,5,23
2016-06-13,35,7,28
2016-06-13,19,10,9
2016-06-13,11,3,8
2016-06-13,12,7,5
2016-06-13,16,7,9
2016-06-13,10,4,6
2016-06-13,15,6,9
2016-06-13,21,10,11
2016-06-13,22,10,12
2016-06-13,35,18,17
2016-06-13,44,19,25
2016-06-13,24,14,10
2016-06-13,15,4,11
2016-06-13,19,7,12
2016-06-13,7,3,4
2016-06-13,5,3,2
2016-06-14,1,0,1
2016-06-14,3,3,0
2016-06-14,1,0,1
2016-06-14,0,0,0
2016-06-14,0,0,0
2016-06-14,5,1,4
2016-06-14,20,5,15
2016-06-14,18,4,14
2016-06-14,37,10,27
2016-06-14,14,7,7
2016-06-14,10,4,6
2016-06-14,18,7,11
2016-06-14,13,8,5
2016-06-14,17,5,12
2016-06-14,18,7,11
2016-06-14,19,11,8
2016-06-14,29,20,9
2016-06-14,42,19,23
2016-06-14,30,15,15
2016-06-14,20,9,11
2016-06-14,14,9,5
2016-06-14,9,5,4
2016-06-14,7,5,2
2016-06-14,7,7,0
2016-06-15,5,4,1
2016-06-15,1,1,0
2016-06-15,0,0,0
2016-06-15,0,0,0
2016-06-15,1,0,1
2016-06-15,7,1,6
2016-06-15,17,10,7
2016-06-15,24,4,20
2016-06-15,42,13,29
2016-06-15,21,7,14
2016-06-15,16,5,11
2016-06-15,9,4,5
2016-06-15,12,7,5
2016-06-15,22,7,15
2016-06-15,23,15,8
2016-06-15,16,10,6
2016-06-15,32,15,17
2016-06-15,54,35,19
2016-06-15,36,17,19
2016-06-15,19,10,9
2016-06-15,19,7,12
2016-06-15,19,11,8
2016-06-15,11,6,5
2016-06-15,13,10,3
2016-06-16,7,3,4
2016-06-16,4,2,2
2016-06-16,2,0,2
2016-06-16,0,0,0
2016-06-16,0,0,0
2016-06-16,11,4,7
2016-06-16,17,1,16
2016-06-16,34,10,24
2016-06-16,34,17,17
2016-06-16,30,15,15
2016-06-16,9,4,5
2016-06-16,8,4,4
2016-06-16,20,10,10
2016-06-16,28,16,12
2016-06-16,22,12,10
2016-06-16,13,9,4
2016-06-16,25,15,10
2016-06-16,60,21,39
2016-06-16,36,22,14
2016-06-16,30,17,13
2016-06-16,17,7,10
2016-06-16,20,13,7
2016-06-16,7,3,4
2016-06-16,14,7,7
2016-06-17,10,4,6
2016-06-17,4,2,2
2016-06-17,4,0,4
2016-06-17,5,3,2
2016-06-17,2,0,2
2016-06-17,4,0,4
2016-06-17,12,1,11
2016-06-17,30,9,21
2016-06-17,39,11,28
2016-06-17,24,10,14
2016-06-17,12,6,6
2016-06-17,21,10,11
2016-06-17,19,7,12
2016-06-17,21,10,11
2016-06-17,26,15,11
2016-06-17,24,13,11
2016-06-17,25,12,13
2016-06-17,32,24,8
2016-06-17,31,15,16
2016-06-17,24,16,8
2016-06-17,10,5,5
2016-06-17,10,5,5
2016-06-17,11,4,7
2016-06-17,6,3,3
2016-06-18,2,1,1
2016-06-18,0,0,0
2016-06-18,3,2,1
2016-06-18,1,0,1
2016-06-18,0,0,0
2016-06-18,2,0,2
2016-06-18,7,4,3
2016-06-18,5,4,1
2016-06-18,8,7,1
2016-06-18,4,2,2
2016-06-18,6,1,5
2016-06-18,10,5,5
2016-06-18,6,3,3
2016-06-18,16,7,9
2016-06-18,17,13,4
2016-06-18,11,7,4
2016-06-18,23,8,15
2016-06-18,17,9,8
2016-06-18,26,12,14
2016-06-18,23,12,11
2016-06-18,5,2,3
2016-06-18,5,2,3
2016-06-18,4,2,2
2016-06-18,14,4,10
2016-06-19,9,2,7
2016-06-19,5,3,2
2016-06-19,6,1,5
2016-06-19,2,0,2
2016-06-19,0,0,0
2016-06-19,0,0,0
2016-06-19,5,1,4
2016-06-19,1,1,0
2016-06-19,7,0,7
2016-06-19,18,10,8
2016-06-19,10,3,7
2016-06-19,17,10,7
2016-06-19,23,10,13
2016-06-19,21,14,7
2016-06-19,28,14,14
2016-06-19,19,6,13
2016-06-19,18,9,9
2016-06-19,20,9,11
2016-06-19,15,7,8
2016-06-19,19,8,11
2016-06-19,14,4,10
2016-06-19,8,4,4
2016-06-19,5,2,3
2016-06-19,4,3,1
2016-06-20,3,1,2
2016-06-20,0,0,0
2016-06-20,0,0,0
2016-06-20,1,1,0
2016-06-20,6,2,4
2016-06-20,10,2,8
2016-06-20,9,2,7
2016-06-20,35,9,26
2016-06-20,49,13,36
2016-06-20,17,2,15
2016-06-20,13,7,6
2016-06-20,15,7,8
2016-06-20,22,11,11
2016-06-20,17,10,7
2016-06-20,15,8,7
2016-06-20,21,11,10
2016-06-20,32,21,11
2016-06-20,46,27,19
2016-06-20,41,16,25
2016-06-20,35,14,21
2016-06-20,24,13,11
2016-06-20,18,7,11
2016-06-20,8,2,6
2016-06-20,4,3,1
2016-06-21,0,0,0
2016-06-21,0,0,0
2016-06-21,0,0,0
2016-06-21,0,0,0
2016-06-21,3,1,2
2016-06-21,8,1,7
2016-06-21,16,2,14
2016-06-21,30,7,23
2016-06-21,48,11,37
2016-06-21,29,17,12
2016-06-21,7,2,5
2016-06-21,16,8,8
2016-06-21,12,5,7
2016-06-21,14,8,6
2016-06-21,24,9,15
2016-06-21,22,10,12
2016-06-21,25,13,12
2016-06-21,46,33,13
2016-06-21,40,26,14
2016-06-21,23,14,9
2016-06-21,13,4,9
2016-06-21,12,4,8
2016-06-21,3,0,3
2016-06-21,9,4,5
2016-06-22,7,5,2
2016-06-22,4,1,3
2016-06-22,0,0,0
2016-06-22,0,0,0
2016-06-22,0,0,0
2016-06-22,7,0,7
2016-06-22,20,5,15
2016-06-22,43,12,31
2016-06-22,37,8,29
2016-06-22,21,7,14
2016-06-22,21,11,10
2016-06-22,14,6,8
2016-06-22,20,9,11
2016-06-22,20,9,11
2016-06-22,25,12,13
2016-06-22,22,12,10
2016-06-22,36,21,15
2016-06-22,44,18,26
2016-06-22,44,25,19
2016-06-22,35,15,20
2016-06-22,16,6,10
2016-06-22,17,6,11
2016-06-22,11,3,8
2016-06-22,8,3,5
2016-06-23,5,3,2
2016-06-23,0,0,0
2016-06-23,2,0,2
2016-06-23,0,0,0
2016-06-23,3,1,2
2016-06-23,3,0,3
2016-06-23,11,3,8
2016-06-23,23,5,18
2016-06-23,34,8,26
2016-06-23,18,5,13
2016-06-23,9,3,6
2016-06-23,10,6,4
2016-06-23,19,13,6
2016-06-23,15,6,9
2016-06-23,12,5,7
2016-06-23,18,9,9
2016-06-23,26,18,8
2016-06-23,38,25,13
2016-06-23,31,18,13
2016-06-23,14,4,10
2016-06-23,25,12,13
2016-06-23,8,1,7
2016-06-23,7,4,3
2016-06-23,9,6,3
2016-06-24,2,1,1
2016-06-24,3,0,3
2016-06-24,0,0,0
2016-06-24,1,1,0
2016-06-24,1,0,1
2016-06-24,2,0,2
2016-06-24,11,1,10
2016-06-24,17,3,14
2016-06-24,28,9,19
2016-06-24,17,8,9
2016-06-24,9,5,4
2016-06-24,14,5,9
2016-06-24,17,10,7
2016-06-24,15,5,10
2016-06-24,24,9,15
2016-06-24,22,15,7
2016-06-24,23,12,11
2016-06-24,40,23,17
2016-06-24,44,29,15
2016-06-24,19,8,11
2016-06-24,16,11,5
2016-06-24,17,4,13
2016-06-24,7,3,4
2016-06-24,10,4,6
2016-06-25,12,9,3
2016-06-25,6,2,4
2016-06-25,6,0,6
2016-06-25,1,0,1
2016-06-25,0,0,0
2016-06-25,1,0,1
2016-06-25,5,0,5
2016-06-25,7,3,4
2016-06-25,6,3,3
2016-06-25,12,9,3
2016-06-25,12,6,6
2016-06-25,16,8,8
2016-06-25,24,10,14
2016-06-25,22,14,8
2016-06-25,14,9,5
2016-06-25,22,13,9
2016-06-25,28,14,14
2016-06-25,21,10,11
2016-06-25,16,3,13
2016-06-25,17,10,7
2016-06-25,19,9,10
2016-06-25,13,6,7
2016-06-25,22,9,13
2016-06-25,14,5,9
2016-06-26,7,6,1
2016-06-26,13,1,12
2016-06-26,6,2,4
2016-06-26,7,0,7
2016-06-26,2,0,2
2016-06-26,0,0,0
2016-06-26,7,0,7
2016-06-26,2,1,1
2016-06-26,6,3,3
2016-06-26,10,5,5
2016-06-26,17,7,10
2016-06-26,25,15,10
2016-06-26,24,18,6
2016-06-26,37,19,18
2016-06-26,22,11,11
2016-06-26,22,11,11
2016-06-26,30,11,19
2016-06-26,22,8,14
2016-06-26,20,6,14
2016-06-26,19,12,7
2016-06-26,17,5,12
2016-06-26,12,1,11
2016-06-26,8,4,4
2016-06-26,11,7,4
2016-06-27,4,4,0
2016-06-27,4,3,1
2016-06-27,0,0,0
2016-06-27,1,0,1
2016-06-27,2,0,2
2016-06-27,8,2,6
2016-06-27,15,1,14
2016-06-27,32,6,26
2016-06-27,37,7,30
2016-06-27,19,7,12
2016-06-27,13,9,4
2016-06-27,20,9,11
2016-06-27,16,12,4
2016-06-27,18,9,9
2016-06-27,21,9,12
2016-06-27,25,15,10
2016-06-27,25,15,10
2016-06-27,32,21,11
2016-06-27,44,26,18
2016-06-27,26,18,8
2016-06-27,21,12,9
2016-06-27,13,9,4
2016-06-27,11,2,9
2016-06-27,7,5,2
2016-06-28,3,1,2
2016-06-28,2,0,2
2016-06-28,1,0,1
2016-06-28,1,1,0
2016-06-28,2,0,2
2016-06-28,6,0,6
2016-06-28,20,5,15
2016-06-28,37,9,28
2016-06-28,36,11,25
2016-06-28,30,14,16
2016-06-28,12,7,5
2016-06-28,17,7,10
2016-06-28,21,7,14
2016-06-28,17,6,11
2016-06-28,23,11,12
2016-06-28,30,17,13
2016-06-28,23,16,7
2016-06-28,52,28,24
2016-06-28,46,23,23
2016-06-28,33,21,12
2016-06-28,21,8,13
2016-06-28,20,10,10
2016-06-28,8,3,5
2016-06-28,9,5,4
2016-06-29,2,0,2
2016-06-29,0,0,0
2016-06-29,0,0,0
2016-06-29,0,0,0
2016-06-29,2,1,1
2016-06-29,7,1,6
2016-06-29,18,0,18
2016-06-29,25,4,21
2016-06-29,40,7,33
2016-06-29,25,11,14
2016-06-29,12,2,10
2016-06-29,17,9,8
2016-06-29,18,4,14
2016-06-29,18,8,10
2016-06-29,24,15,9
2016-06-29,27,14,13
2016-06-29,29,14,15
2016-06-29,55,32,23
2016-06-29,32,18,14
2016-06-29,37,9,28
2016-06-29,17,9,8
2016-06-29,21,8,13
2016-06-29,13,6,7
2016-06-29,4,2,2
2016-06-30,13,6,7
2016-06-30,5,0,5
2016-06-30,2,0,2
2016-06-30,1,0,1
2016-06-30,0,0,0
2016-06-30,2,0,2
2016-06-30,13,1,12
2016-06-30,36,6,30
2016-06-30,47,11,36
2016-06-30,26,9,17
2016-06-30,11,5,6
2016-06-30,19,7,12
2016-06-30,19,9,10
2016-06-30,26,12,14
2016-06-30,20,7,13
2016-06-30,26,16,10
2016-06-30,26,15,11
2016-06-30,41,21,20
2016-06-30,33,24,9
2016-06-30,17,12,5
2016-06-30,28,18,10
2016-06-30,10,3,7
2016-06-30,17,11,6
2016-06-30,16,3,13
2016-07-01,4,1,3
2016-07-01,4,0,4
2016-07-01,5,2,3
2016-07-01,0,0,0
2016-07-01,1,0,1
2016-07-01,8,3,5
2016-07-01,18,3,15
2016-07-01,35,4,31
2016-07-01,28,6,22
2016-07-01,14,6,8
2016-07-01,20,9,11
2016-07-01,17,12,5
2016-07-01,20,10,10
2016-07-01,22,10,12
2016-07-01,20,9,11
2016-07-01,29,16,13
2016-07-01,24,18,6
2016-07-01,35,20,15
2016-07-01,47,25,22
2016-07-01,23,11,12
2016-07-01,16,9,7
2016-07-01,13,6,7
2016-07-01,8,2,6
2016-07-01,16,8,8
2016-07-02,6,2,4
2016-07-02,8,1,7
2016-07-02,7,3,4
2016-07-02,1,1,0
2016-07-02,1,0,1
2016-07-02,2,0,2
2016-07-02,10,1,9
2016-07-02,7,2,5
2016-07-02,11,7,4
2016-07-02,23,11,12
2016-07-02,12,3,9
2016-07-02,14,8,6
2016-07-02,6,4,2
2016-07-02,20,13,7
2016-07-02,9,2,7
2016-07-02,15,12,3
2016-07-02,18,13,5
2016-07-02,16,7,9
2016-07-02,9,4,5
2016-07-02,16,10,6
2016-07-02,13,3,10
2016-07-02,7,5,2
2016-07-02,7,2,5
2016-07-02,9,5,4
2016-07-03,5,1,4
2016-07-03,6,4,2
2016-07-03,4,1,3
2016-07-03,3,3,0
2016-07-03,0,0,0
2016-07-03,3,1,2
2016-07-03,8,2,6
2016-07-03,6,3,3
2016-07-03,3,1,2
2016-07-03,6,2,4
2016-07-03,12,7,5
2016-07-03,13,9,4
2016-07-03,9,6,3
2016-07-03,14,10,4
2016-07-03,14,7,7
2016-07-03,13,6,7
2016-07-03,24,14,10
2016-07-03,5,1,4
2016-07-03,14,7,7
2016-07-03,19,13,6
2016-07-03,9,4,5
2016-07-03,13,3,10
2016-07-03,5,0,5
2016-07-03,8,3,5
2016-07-04,14,3,11
2016-07-04,1,0,1
2016-07-04,6,4,2
2016-07-04,0,0,0
2016-07-04,0,0,0
2016-07-04,3,0,3
2016-07-04,9,2,7
2016-07-04,7,2,5
2016-07-04,8,2,6
2016-07-04,4,1,3
2016-07-04,18,10,8
2016-07-04,11,2,9
2016-07-04,21,9,12
2016-07-04,13,6,7
2016-07-04,9,6,3
2016-07-04,19,9,10
2016-07-04,18,11,7
2016-07-04,5,3,2
2016-07-04,11,2,9
2016-07-04,10,6,4
2016-07-04,6,2,4
2016-07-04,8,4,4
2016-07-04,4,1,3
2016-07-04,14,8,6
2016-07-05,2,1,1
2016-07-05,3,1,2
2016-07-05,1,0,1
2016-07-05,0,0,0
2016-07-05,0,0,0
2016-07-05,3,0,3
2016-07-05,16,4,12
2016-07-05,20,2,18
2016-07-05,28,7,21
2016-07-05,20,9,11
2016-07-05,14,9,5
2016-07-05,18,8,10
2016-07-05,17,8,9
2016-07-05,10,2,8
2016-07-05,13,8,5
2016-07-05,17,9,8
2016-07-05,25,17,8
2016-07-05,33,22,11
2016-07-05,37,21,16
2016-07-05,37,21,16
2016-07-05,21,11,10
2016-07-05,11,6,5
2016-07-05,12,5,7
2016-07-05,7,4,3
2016-07-06,3,0,3
2016-07-06,2,1,1
2016-07-06,0,0,0
2016-07-06,0,0,0
2016-07-06,5,4,1
2016-07-06,3,0,3
2016-07-06,22,2,20
2016-07-06,31,7,24
2016-07-06,40,12,28
2016-07-06,23,9,14
2016-07-06,12,4,8
2016-07-06,24,10,14
2016-07-06,14,4,10
2016-07-06,15,5,10
2016-07-06,22,9,13
2016-07-06,19,12,7
2016-07-06,38,24,14
2016-07-06,54,38,16
2016-07-06,35,17,18
2016-07-06,29,12,17
2016-07-06,23,10,13
2016-07-06,23,10,13
2016-07-06,5,4,1
2016-07-06,10,8,2
2016-07-07,6,1,5
2016-07-07,1,1,0
2016-07-07,0,0,0
2016-07-07,0,0,0
2016-07-07,1,0,1
2016-07-07,5,1,4
2016-07-07,23,1,22
2016-07-07,18,4,14
2016-07-07,35,12,23
2016-07-07,17,9,8
2016-07-07,12,3,9
2016-07-07,23,6,17
2016-07-07,25,11,14
2016-07-07,13,7,6
2016-07-07,26,16,10
2016-07-07,25,18,7
2016-07-07,29,15,14
2016-07-07,40,23,17
2016-07-07,30,14,16
2016-07-07,27,11,16
2016-07-07,21,10,11
2016-07-07,16,6,10
2016-07-07,8,4,4
2016-07-07,9,4,5
2016-07-08,4,1,3
2016-07-08,4,0,4
2016-07-08,1,0,1
2016-07-08,0,0,0
2016-07-08,1,0,1
2016-07-08,5,0,5
2016-07-08,20,2,18
2016-07-08,24,2,22
2016-07-08,34,10,24
2016-07-08,16,6,10
2016-07-08,9,6,3
2016-07-08,12,3,9
2016-07-08,16,8,8
2016-07-08,17,8,9
2016-07-08,16,9,7
2016-07-08,23,14,9
2016-07-08,40,26,14
2016-07-08,32,20,12
2016-07-08,25,11,14
2016-07-08,26,11,15
2016-07-08,19,10,9
2016-07-08,22,7,15
2016-07-08,12,6,6
2016-07-08,9,5,4
2016-07-09,3,2,1
2016-07-09,4,0,4
2016-07-09,7,2,5
2016-07-09,1,0,1
2016-07-09,1,1,0
2016-07-09,3,0,3
2016-07-09,5,2,3
2016-07-09,9,4,5
2016-07-09,9,5,4
2016-07-09,4,1,3
2016-07-09,28,21,7
2016-07-09,16,10,6
2016-07-09,14,6,8
2016-07-09,22,11,11
2016-07-09,23,15,8
2016-07-09,16,11,5
2016-07-09,21,15,6
2016-07-09,30,10,20
2016-07-09,11,5,6
2016-07-09,12,2,10
2016-07-09,8,4,4
2016-07-09,14,8,6
2016-07-09,10,3,7
2016-07-09,11,5,6
2016-07-10,10,5,5
2016-07-10,16,8,8
2016-07-10,32,12,20
2016-07-10,0,0,0
2016-07-10,3,1,2
2016-07-10,4,0,4
2016-07-10,6,1,5
2016-07-10,5,2,3
2016-07-10,10,5,5
2016-07-10,11,3,8
2016-07-10,10,7,3
2016-07-10,10,5,5
2016-07-10,38,15,23
2016-07-10,19,6,13
2016-07-10,20,13,7
2016-07-10,23,13,10
2016-07-10,15,9,6
2016-07-10,20,10,10
2016-07-10,20,7,13
2016-07-10,19,9,10
2016-07-10,19,7,12
2016-07-10,15,6,9
2016-07-10,13,6,7
2016-07-10,5,1,4
2016-07-11,4,2,2
2016-07-11,2,0,2
2016-07-11,2,2,0
2016-07-11,0,0,0
2016-07-11,4,2,2
2016-07-11,6,2,4
2016-07-11,21,3,18
2016-07-11,38,9,29
2016-07-11,37,6,31
2016-07-11,13,1,12
2016-07-11,9,5,4
2016-07-11,13,8,5
2016-07-11,11,7,4
2016-07-11,11,3,8
2016-07-11,15,5,10
2016-07-11,19,12,7
2016-07-11,33,24,9
2016-07-11,45,28,17
2016-07-11,51,25,26
2016-07-11,27,13,14
2016-07-11,24,13,11
2016-07-11,20,12,8
2016-07-11,9,4,5
2016-07-11,9,6,3
2016-07-12,2,1,1
2016-07-12,1,1,0
2016-07-12,1,1,0
2016-07-12,0,0,0
2016-07-12,4,1,3
2016-07-12,3,0,3
2016-07-12,19,3,16
2016-07-12,36,9,27
2016-07-12,42,15,27
2016-07-12,25,11,14
2016-07-12,17,8,9
2016-07-12,23,10,13
2016-07-12,23,10,13
2016-07-12,14,4,10
2016-07-12,10,2,8
2016-07-12,24,17,7
2016-07-12,42,27,15
2016-07-12,44,28,16
2016-07-12,39,22,17
2016-07-12,44,27,17
2016-07-12,23,9,14
2016-07-12,16,5,11
2016-07-12,16,7,9
2016-07-12,4,2,2
2016-07-13,7,4,3
2016-07-13,1,1,0
2016-07-13,1,0,1
2016-07-13,0,0,0
2016-07-13,1,0,1
2016-07-13,8,2,6
2016-07-13,10,1,9
2016-07-13,34,6,28
2016-07-13,46,16,30
2016-07-13,30,9,21
2016-07-13,16,7,9
2016-07-13,12,5,7
2016-07-13,18,9,9
2016-07-13,24,10,14
2016-07-13,22,10,12
2016-07-13,26,17,9
2016-07-13,43,30,13
2016-07-13,49,28,21
2016-07-13,58,24,34
2016-07-13,30,14,16
2016-07-13,18,8,10
2016-07-13,15,8,7
2016-07-13,15,8,7
2016-07-13,8,2,6
2016-07-14,1,1,0
2016-07-14,4,2,2
2016-07-14,5,0,5
2016-07-14,0,0,0
2016-07-14,2,0,2
2016-07-14,11,5,6
2016-07-14,30,7,23
2016-07-14,36,14,22
2016-07-14,39,19,20
2016-07-14,28,12,16
2016-07-14,22,10,12
2016-07-14,19,6,13
2016-07-14,16,8,8
2016-07-14,23,9,14
2016-07-14,17,9,8
2016-07-14,17,11,6
2016-07-14,33,17,16
2016-07-14,40,22,18
2016-07-14,47,23,24
2016-07-14,38,20,18
2016-07-14,24,7,17
2016-07-14,20,11,9
2016-07-14,19,13,6
2016-07-14,10,7,3
2016-07-15,2,2,0
2016-07-15,7,3,4
2016-07-15,5,1,4
2016-07-15,1,0,1
2016-07-15,4,2,2
2016-07-15,8,2,6
2016-07-15,17,4,13
2016-07-15,25,5,20
2016-07-15,32,10,22
2016-07-15,18,3,15
2016-07-15,18,12,6
2016-07-15,13,7,6
2016-07-15,12,4,8
2016-07-15,18,11,7
2016-07-15,25,12,13
2016-07-15,17,6,11
2016-07-15,31,20,11
2016-07-15,32,15,17
2016-07-15,22,13,9
2016-07-15,25,9,16
2016-07-15,28,12,16
2016-07-15,14,9,5
2016-07-15,8,5,3
2016-07-15,17,8,9
2016-07-16,7,2,5
2016-07-16,2,1,1
2016-07-16,11,3,8
2016-07-16,5,1,4
2016-07-16,1,1,0
2016-07-16,9,5,4
2016-07-16,8,1,7
2016-07-16,7,1,6
2016-07-16,3,2,1
2016-07-16,8,3,5
2016-07-16,14,7,7
2016-07-16,7,2,5
2016-07-16,12,5,7
2016-07-16,19,8,11
2016-07-16,27,14,13
2016-07-16,16,9,7
2016-07-16,13,7,6
2016-07-16,13,5,8
2016-07-16,10,4,6
2016-07-16,20,10,10
2016-07-16,7,3,4
2016-07-16,13,5,8
2016-07-16,13,5,8
2016-07-16,8,1,7
2016-07-17,8,4,4
2016-07-17,3,0,3
2016-07-17,5,1,4
2016-07-17,0,0,0
2016-07-17,0,0,0
2016-07-17,3,2,1
2016-07-17,3,0,3
2016-07-17,4,1,3
2016-07-17,6,2,4
2016-07-17,9,5,4
2016-07-17,7,5,2
2016-07-17,18,12,6
2016-07-17,19,13,6
2016-07-17,13,7,6
2016-07-17,20,7,13
2016-07-17,24,12,12
2016-07-17,13,7,6
2016-07-17,25,13,12
2016-07-17,18,8,10
2016-07-17,17,6,11
2016-07-17,20,8,12
2016-07-17,13,5,8
2016-07-17,1,1,0
2016-07-17,6,2,4
2016-07-18,4,2,2
2016-07-18,1,0,1
2016-07-18,2,1,1
2016-07-18,0,0,0
2016-07-18,0,0,0
2016-07-18,3,1,2
2016-07-18,20,2,18
2016-07-18,30,5,25
2016-07-18,28,6,22
2016-07-18,31,12,19
2016-07-18,10,6,4
2016-07-18,17,9,8
2016-07-18,16,6,10
2016-07-18,22,9,13
2016-07-18,21,10,11
2016-07-18,20,14,6
2016-07-18,25,18,7
2016-07-18,52,31,21
2016-07-18,31,11,20
2016-07-18,18,7,11
2016-07-18,18,11,7
2016-07-18,10,3,7
2016-07-18,9,6,3
2016-07-18,5,2,3
2016-07-19,3,1,2
2016-07-19,0,0,0
2016-07-19,1,1,0
2016-07-19,0,0,0
2016-07-19,2,1,1
2016-07-19,5,1,4
2016-07-19,15,2,13
2016-07-19,45,11,34
2016-07-19,36,9,27
2016-07-19,26,11,15
2016-07-19,13,7,6
2016-07-19,23,9,14
2016-07-19,30,11,19
2016-07-19,19,12,7
2016-07-19,16,4,12
2016-07-19,25,18,7
2016-07-19,28,18,10
2016-07-19,52,24,28
2016-07-19,33,22,11
2016-07-19,44,24,20
2016-07-19,17,7,10
2016-07-19,21,11,10
2016-07-19,10,3,7
2016-07-19,6,3,3
2016-07-20,5,2,3
2016-07-20,3,3,0
2016-07-20,0,0,0
2016-07-20,0,0,0
2016-07-20,4,4,0
2016-07-20,9,2,7
2016-07-20,23,2,21
2016-07-20,29,4,25
2016-07-20,40,9,31
2016-07-20,24,9,15
2016-07-20,12,5,7
2016-07-20,21,12,9
2016-07-20,21,7,14
2016-07-20,21,8,13
2016-07-20,23,8,15
2016-07-20,26,17,9
2016-07-20,33,22,11
2016-07-20,59,35,24
2016-07-20,43,21,22
2016-07-20,29,12,17
2016-07-20,27,14,13
2016-07-20,24,11,13
2016-07-20,5,3,2
2016-07-20,7,5,2
2016-07-21,5,0,5
2016-07-21,7,1,6
2016-07-21,2,0,2
2016-07-21,0,0,0
2016-07-21,0,0,0
2016-07-21,5,2,3
2016-07-21,22,3,19
2016-07-21,32,4,28
2016-07-21,40,13,27
2016-07-21,34,15,19
2016-07-21,15,7,8
2016-07-21,17,8,9
2016-07-21,23,14,9
2016-07-21,25,13,12
2016-07-21,22,14,8
2016-07-21,28,17,11
2016-07-21,40,23,17
2016-07-21,48,27,21
2016-07-21,36,16,20
2016-07-21,37,15,22
2016-07-21,16,7,9
2016-07-21,16,8,8
2016-07-21,10,6,4
2016-07-21,8,2,6
2016-07-22,7,4,3
2016-07-22,3,1,2
2016-07-22,6,4,2
2016-07-22,0,0,0
2016-07-22,2,1,1
2016-07-22,5,2,3
2016-07-22,0,0,0
2016-07-22,0,0,0
2016-07-22,0,0,0
2016-07-22,0,0,0
2016-07-22,2,1,1
2016-07-22,9,5,4
2016-07-22,7,5,2
2016-07-22,12,7,5
2016-07-22,15,11,4
2016-07-22,17,6,11
2016-07-22,27,13,14
2016-07-22,58,30,28
2016-07-22,15,11,4
2016-07-22,8,3,5
2016-07-22,6,3,3
2016-07-22,12,7,5
2016-07-22,7,2,5
2016-07-22,15,6,9
2016-07-23,26,9,17
2016-07-23,22,6,16
2016-07-23,21,5,16
2016-07-23,5,0,5
2016-07-23,1,0,1
2016-07-23,1,0,1
2016-07-23,12,2,10
2016-07-23,3,3,0
2016-07-23,1,0,1
2016-07-23,4,2,2
2016-07-23,17,7,10
2016-07-23,15,12,3
2016-07-23,16,7,9
2016-07-23,0,0,0
2016-07-23,2,2,0
2016-07-23,0,0,0
2016-07-23,0,0,0
2016-07-23,0,0,0
2016-07-23,0,0,0
2016-07-23,4,0,4
2016-07-23,2,0,2
2016-07-23,0,0,0
2016-07-23,1,1,0
2016-07-23,9,5,4
2016-07-24,2,0,2
2016-07-24,3,0,3
2016-07-24,5,0,5
2016-07-24,0,0,0
2016-07-24,0,0,0
2016-07-24,0,0,0
2016-07-24,0,0,0
2016-07-24,2,0,2
2016-07-24,5,3,2
2016-07-24,6,3,3
2016-07-24,14,10,4
2016-07-24,26,16,10
2016-07-24,31,24,7
2016-07-24,34,20,14
2016-07-24,37,22,15
2016-07-24,33,16,17
2016-07-24,45,15,30
2016-07-24,36,18,18
2016-07-24,38,21,17
2016-07-24,28,15,13
2016-07-24,23,9,14
2016-07-24,31,19,12
2016-07-24,14,8,6
2016-07-24,15,7,8
2016-07-25,4,2,2
2016-07-25,5,1,4
2016-07-25,3,2,1
2016-07-25,1,1,0
2016-07-25,4,0,4
2016-07-25,7,4,3
2016-07-25,27,3,24
2016-07-25,34,9,25
2016-07-25,39,10,29
2016-07-25,23,8,15
2016-07-25,22,14,8
2016-07-25,20,10,10
2016-07-25,17,10,7
2016-07-25,16,8,8
2016-07-25,19,9,10
2016-07-25,21,12,9
2016-07-25,19,13,6
2016-07-25,46,26,20
2016-07-25,36,19,17
2016-07-25,29,13,16
2016-07-25,20,9,11
2016-07-25,16,5,11
2016-07-25,10,6,4
2016-07-25,7,3,4
2016-07-26,7,5,2
2016-07-26,4,1,3
2016-07-26,5,4,1
2016-07-26,1,1,0
2016-07-26,0,0,0
2016-07-26,7,2,5
2016-07-26,23,1,22
2016-07-26,40,12,28
2016-07-26,40,10,30
2016-07-26,26,14,12
2016-07-26,20,8,12
2016-07-26,23,9,14
2016-07-26,17,9,8
2016-07-26,15,7,8
2016-07-26,19,6,13
2016-07-26,25,13,12
2016-07-26,29,18,11
2016-07-26,58,29,29
2016-07-26,41,20,21
2016-07-26,31,16,15
2016-07-26,20,11,9
2016-07-26,22,5,17
2016-07-26,9,5,4
2016-07-26,8,3,5
2016-07-27,6,3,3
2016-07-27,5,4,1
2016-07-27,0,0,0
2016-07-27,0,0,0
2016-07-27,1,1,0
2016-07-27,5,2,3
2016-07-27,28,2,26
2016-07-27,43,9,34
2016-07-27,34,10,24
2016-07-27,26,15,11
2016-07-27,12,7,5
2016-07-27,18,11,7
2016-07-27,20,7,13
2016-07-27,17,13,4
2016-07-27,14,7,7
2016-07-27,23,15,8
2016-07-27,33,18,15
2016-07-27,60,38,22
2016-07-27,46,23,23
2016-07-27,32,16,16
2016-07-27,26,12,14
2016-07-27,19,5,14
2016-07-27,8,4,4
2016-07-27,8,6,2
2016-07-28,5,2,3
2016-07-28,7,1,6
2016-07-28,3,0,3
2016-07-28,1,1,0
2016-07-28,0,0,0
2016-07-28,6,3,3
2016-07-28,24,2,22
2016-07-28,36,8,28
2016-07-28,50,10,40
2016-07-28,22,8,14
2016-07-28,13,5,8
2016-07-28,28,10,18
2016-07-28,29,16,13
2016-07-28,16,7,9
2016-07-28,19,10,9
2016-07-28,25,15,10
2016-07-28,34,22,12
2016-07-28,51,32,19
2016-07-28,43,21,22
2016-07-28,44,23,21
2016-07-28,24,13,11
2016-07-28,14,7,7
2016-07-28,18,8,10
2016-07-28,14,6,8
2016-07-29,5,2,3
2016-07-29,8,2,6
2016-07-29,6,2,4
2016-07-29,0,0,0
2016-07-29,2,1,1
2016-07-29,4,1,3
2016-07-29,18,2,16
2016-07-29,38,10,28
2016-07-29,28,5,23
2016-07-29,17,7,10
2016-07-29,11,1,10
2016-07-29,8,5,3
2016-07-29,18,9,9
2016-07-29,26,13,13
2016-07-29,20,13,7
2016-07-29,22,7,15
2016-07-29,39,25,14
2016-07-29,46,25,21
2016-07-29,36,16,20
2016-07-29,26,11,15
2016-07-29,17,9,8
2016-07-29,11,2,9
2016-07-29,34,8,26
2016-07-29,33,12,21
2016-07-30,17,7,10
2016-07-30,56,17,39
2016-07-30,37,18,19
2016-07-30,4,2,2
2016-07-30,4,3,1
2016-07-30,2,0,2
2016-07-30,5,0,5
2016-07-30,11,3,8
2016-07-30,4,1,3
2016-07-30,10,7,3
2016-07-30,11,7,4
2016-07-30,11,4,7
2016-07-30,14,9,5
2016-07-30,13,4,9
2016-07-30,11,4,7
2016-07-30,23,8,15
2016-07-30,15,12,3
2016-07-30,17,8,9
2016-07-30,20,6,14
2016-07-30,28,19,9
2016-07-30,12,9,3
2016-07-30,13,4,9
2016-07-30,12,6,6
2016-07-30,17,11,6
2016-07-31,15,5,10
2016-07-31,13,1,12
2016-07-31,6,0,6
2016-07-31,0,0,0
2016-07-31,0,0,0
2016-07-31,2,1,1
2016-07-31,4,0,4
2016-07-31,7,4,3
2016-07-31,5,1,4
2016-07-31,8,2,6
2016-07-31,13,7,6
2016-07-31,15,9,6
2016-07-31,13,6,7
2016-07-31,18,7,11
2016-07-31,17,3,14
2016-07-31,18,11,7
2016-07-31,20,12,8
2016-07-31,15,7,8
2016-07-31,20,6,14
2016-07-31,11,7,4
2016-07-31,12,5,7
2016-07-31,12,5,7
2016-07-31,5,4,1
2016-07-31,5,2,3
2016-08-01,7,4,3
2016-08-01,1,1,0
2016-08-01,2,1,1
2016-08-01,0,0,0
2016-08-01,2,1,1
2016-08-01,8,3,5
2016-08-01,11,2,9
2016-08-01,30,8,22
2016-08-01,36,6,30
2016-08-01,17,7,10
2016-08-01,21,11,10
2016-08-01,15,8,7
2016-08-01,21,13,8
2016-08-01,16,8,8
2016-08-01,22,12,10
2016-08-01,11,8,3
2016-08-01,21,12,9
2016-08-01,49,25,24
2016-08-01,38,16,22
2016-08-01,24,10,14
2016-08-01,30,12,18
2016-08-01,14,6,8
2016-08-01,9,4,5
2016-08-01,6,3,3
2016-08-02,3,2,1
2016-08-02,2,0,2
2016-08-02,0,0,0
2016-08-02,1,0,1
2016-08-02,0,0,0
2016-08-02,8,2,6
2016-08-02,16,2,14
2016-08-02,28,8,20
2016-08-02,39,10,29
2016-08-02,32,15,17
2016-08-02,16,9,7
2016-08-02,11,7,4
2016-08-02,21,11,10
2016-08-02,13,5,8
2016-08-02,23,6,17
2016-08-02,24,10,14
2016-08-02,39,22,17
2016-08-02,30,18,12
2016-08-02,37,22,15
2016-08-02,40,19,21
2016-08-02,21,12,9
2016-08-02,15,5,10
2016-08-02,9,6,3
2016-08-02,9,5,4
2016-08-03,2,1,1
2016-08-03,1,0,1
2016-08-03,2,0,2
2016-08-03,1,0,1
2016-08-03,0,0,0
2016-08-03,7,2,5
2016-08-03,13,2,11
2016-08-03,35,9,26
2016-08-03,33,8,25
2016-08-03,21,6,15
2016-08-03,11,4,7
2016-08-03,11,4,7
2016-08-03,16,7,9
2016-08-03,26,11,15
2016-08-03,21,9,12
2016-08-03,18,9,9
2016-08-03,32,19,13
2016-08-03,54,27,27
2016-08-03,48,24,24
2016-08-03,26,14,12
2016-08-03,20,12,8
2016-08-03,19,7,12
2016-08-03,12,8,4
2016-08-03,11,7,4
2016-08-04,6,4,2
2016-08-04,2,0,2
2016-08-04,1,0,1
2016-08-04,0,0,0
2016-08-04,1,0,1
2016-08-04,6,2,4
2016-08-04,14,1,13
2016-08-04,27,4,23
2016-08-04,36,11,25
2016-08-04,29,11,18
2016-08-04,23,14,9
2016-08-04,22,11,11
2016-08-04,20,9,11
2016-08-04,24,15,9
2016-08-04,26,13,13
2016-08-04,30,23,7
2016-08-04,40,25,15
2016-08-04,40,23,17
2016-08-04,35,17,18
2016-08-04,38,17,21
2016-08-04,12,6,6
2016-08-04,15,6,9
2016-08-04,9,3,6
2016-08-04,9,5,4
2016-08-05,6,5,1
2016-08-05,1,1,0
2016-08-05,3,2,1
2016-08-05,0,0,0
2016-08-05,2,0,2
2016-08-05,3,2,1
2016-08-05,13,2,11
2016-08-05,34,4,30
2016-08-05,34,12,22
2016-08-05,13,3,10
2016-08-05,12,5,7
2016-08-05,15,8,7
2016-08-05,15,7,8
2016-08-05,25,16,9
2016-08-05,20,10,10
2016-08-05,11,7,4
2016-08-05,42,28,14
2016-08-05,57,29,28
2016-08-05,35,19,16
2016-08-05,35,19,16
2016-08-05,18,13,5
2016-08-05,16,3,13
2016-08-05,19,8,11
2016-08-05,7,3,4
2016-08-06,15,5,10
2016-08-06,7,2,5
2016-08-06,7,2,5
2016-08-06,5,0,5
2016-08-06,1,0,1
2016-08-06,2,1,1
2016-08-06,10,3,7
2016-08-06,3,2,1
2016-08-06,3,1,2
2016-08-06,7,4,3
2016-08-06,15,6,9
2016-08-06,9,5,4
2016-08-06,22,4,18
2016-08-06,16,9,7
2016-08-06,16,8,8
2016-08-06,20,6,14
2016-08-06,23,6,17
2016-08-06,17,10,7
2016-08-06,24,9,15
2016-08-06,22,15,7
2016-08-06,10,3,7
2016-08-06,11,6,5
2016-08-06,9,1,8
2016-08-06,4,1,3
2016-08-07,13,8,5
2016-08-07,26,5,21
2016-08-07,0,0,0
2016-08-07,2,1,1
2016-08-07,3,2,1
2016-08-07,5,3,2
2016-08-07,3,1,2
2016-08-07,5,1,4
2016-08-07,3,2,1
2016-08-07,8,3,5
2016-08-07,12,4,8
2016-08-07,14,5,9
2016-08-07,11,7,4
2016-08-07,13,6,7
2016-08-07,13,5,8
2016-08-07,19,8,11
2016-08-07,16,11,5
2016-08-07,24,11,13
2016-08-07,18,6,12
2016-08-07,14,7,7
2016-08-07,13,6,7
2016-08-07,8,1,7
2016-08-07,12,4,8
2016-08-07,3,2,1
2016-08-08,2,1,1
2016-08-08,4,0,4
2016-08-08,1,1,0
2016-08-08,1,0,1
2016-08-08,2,1,1
2016-08-08,5,2,3
2016-08-08,17,1,16
2016-08-08,33,8,25
2016-08-08,26,9,17
2016-08-08,13,4,9
2016-08-08,15,7,8
2016-08-08,19,7,12
2016-08-08,15,8,7
2016-08-08,13,4,9
2016-08-08,22,11,11
2016-08-08,22,12,10
2016-08-08,23,13,10
2016-08-08,37,15,22
2016-08-08,28,11,17
2016-08-08,27,13,14
2016-08-08,14,6,8
2016-08-08,19,7,12
2016-08-08,8,2,6
2016-08-08,9,5,4
2016-08-09,2,0,2
2016-08-09,2,2,0
2016-08-09,2,0,2
2016-08-09,1,0,1
2016-08-09,1,0,1
2016-08-09,5,2,3
2016-08-09,9,1,8
2016-08-09,31,10,21
2016-08-09,42,12,30
2016-08-09,13,2,11
2016-08-09,18,4,14
2016-08-09,15,11,4
2016-08-09,25,14,11
2016-08-09,11,5,6
2016-08-09,25,12,13
2016-08-09,27,13,14
2016-08-09,41,27,14
2016-08-09,52,33,19
2016-08-09,36,14,22
2016-08-09,29,13,16
2016-08-09,16,9,7
2016-08-09,15,10,5
2016-08-09,8,2,6
2016-08-09,7,5,2
2016-08-10,1,1,0
2016-08-10,3,1,2
2016-08-10,4,3,1
2016-08-10,1,1,0
2016-08-10,0,0,0
2016-08-10,4,1,3
2016-08-10,19,1,18
2016-08-10,32,6,26
2016-08-10,44,16,28
2016-08-10,21,6,15
2016-08-10,8,1,7
2016-08-10,15,7,8
2016-08-10,19,8,11
2016-08-10,21,10,11
2016-08-10,14,7,7
2016-08-10,26,19,7
2016-08-10,34,16,18
2016-08-10,54,30,24
2016-08-10,46,28,18
2016-08-10,32,21,11
2016-08-10,22,12,10
2016-08-10,25,12,13
2016-08-10,11,6,5
2016-08-10,17,10,7
2016-08-11,5,3,2
2016-08-11,4,1,3
2016-08-11,4,3,1
2016-08-11,1,1,0
2016-08-11,0,0,0
2016-08-11,4,1,3
2016-08-11,10,1,9
2016-08-11,37,9,28
2016-08-11,37,10,27
2016-08-11,30,12,18
2016-08-11,11,4,7
2016-08-11,18,9,9
2016-08-11,28,10,18
2016-08-11,13,4,9
2016-08-11,20,8,12
2016-08-11,18,10,8
2016-08-11,34,25,9
2016-08-11,56,39,17
2016-08-11,34,16,18
2016-08-11,29,14,15
2016-08-11,20,11,9
2016-08-11,23,9,14
2016-08-11,15,5,10
2016-08-11,10,4,6
2016-08-12,1,1,0
2016-08-12,3,0,3
2016-08-12,3,0,3
2016-08-12,0,0,0
2016-08-12,2,1,1
2016-08-12,6,2,4
2016-08-12,14,2,12
2016-08-12,30,4,26
2016-08-12,31,7,24
2016-08-12,22,11,11
2016-08-12,10,0,10
2016-08-12,15,9,6
2016-08-12,17,11,6
2016-08-12,17,9,8
2016-08-12,23,14,9
2016-08-12,24,17,7
2016-08-12,47,30,17
2016-08-12,37,21,16
2016-08-12,40,20,20
2016-08-12,23,9,14
2016-08-12,10,2,8
2016-08-12,17,6,11
2016-08-12,11,8,3
2016-08-12,11,4,7
2016-08-13,10,4,6
2016-08-13,10,3,7
2016-08-13,2,1,1
2016-08-13,2,0,2
2016-08-13,0,0,0
2016-08-13,5,3,2
2016-08-13,4,0,4
2016-08-13,7,5,2
2016-08-13,5,4,1
2016-08-13,14,9,5
2016-08-13,10,7,3
2016-08-13,21,11,10
2016-08-13,10,1,9
2016-08-13,12,6,6
2016-08-13,16,9,7
2016-08-13,21,11,10
2016-08-13,10,5,5
2016-08-13,6,3,3
2016-08-13,19,7,12
2016-08-13,14,6,8
2016-08-13,5,4,1
2016-08-13,11,5,6
2016-08-13,8,3,5
2016-08-13,6,2,4
2016-08-14,7,3,4
2016-08-14,7,1,6
2016-08-14,4,3,1
2016-08-14,4,2,2
2016-08-14,0,0,0
2016-08-14,2,1,1
2016-08-14,10,2,8
2016-08-14,6,5,1
2016-08-14,4,1,3
2016-08-14,8,2,6
2016-08-14,4,3,1
2016-08-14,20,12,8
2016-08-14,19,10,9
2016-08-14,21,10,11
2016-08-14,20,11,9
2016-08-14,21,8,13
2016-08-14,19,5,14
2016-08-14,28,14,14
2016-08-14,25,12,13
2016-08-14,19,8,11
2016-08-14,6,3,3
2016-08-14,16,6,10
2016-08-14,3,0,3
2016-08-14,6,3,3
2016-08-15,4,1,3
2016-08-15,4,3,1
2016-08-15,0,0,0
2016-08-15,1,0,1
2016-08-15,1,1,0
2016-08-15,8,1,7
2016-08-15,17,1,16
2016-08-15,27,5,22
2016-08-15,35,7,28
2016-08-15,30,5,25
2016-08-15,11,7,4
2016-08-15,20,10,10
2016-08-15,24,12,12
2016-08-15,24,11,13
2016-08-15,22,13,9
2016-08-15,21,14,7
2016-08-15,38,16,22
2016-08-15,43,23,20
2016-08-15,44,24,20
2016-08-15,29,15,14
2016-08-15,20,6,14
2016-08-15,15,8,7
2016-08-15,16,7,9
2016-08-15,5,4,1
2016-08-16,7,2,5
2016-08-16,0,0,0
2016-08-16,1,0,1
2016-08-16,0,0,0
2016-08-16,0,0,0
2016-08-16,4,1,3
2016-08-16,20,2,18
2016-08-16,34,9,25
2016-08-16,36,12,24
2016-08-16,24,10,14
2016-08-16,22,7,15
2016-08-16,17,8,9
2016-08-16,11,2,9
2016-08-16,20,8,12
2016-08-16,15,7,8
2016-08-16,23,12,11
2016-08-16,35,22,13
2016-08-16,44,30,14
2016-08-16,29,21,8
2016-08-16,42,28,14
2016-08-16,14,7,7
2016-08-16,17,7,10
2016-08-16,10,5,5
2016-08-16,7,5,2
2016-08-17,1,0,1
2016-08-17,1,0,1
2016-08-17,1,0,1
2016-08-17,1,1,0
2016-08-17,3,0,3
2016-08-17,5,1,4
2016-08-17,19,0,19
2016-08-17,29,4,25
2016-08-17,38,11,27
2016-08-17,30,14,16
2016-08-17,13,8,5
2016-08-17,15,11,4
2016-08-17,14,4,10
2016-08-17,20,10,10
2016-08-17,17,8,9
2016-08-17,21,10,11
2016-08-17,43,28,15
2016-08-17,42,19,23
2016-08-17,37,24,13
2016-08-17,45,19,26
2016-08-17,24,12,12
2016-08-17,18,7,11
2016-08-17,13,7,6
2016-08-17,9,3,6
2016-08-18,7,3,4
2016-08-18,0,0,0
2016-08-18,1,1,0
2016-08-18,0,0,0
2016-08-18,3,0,3
2016-08-18,5,0,5
2016-08-18,19,4,15
2016-08-18,26,7,19
2016-08-18,41,14,27
2016-08-18,17,7,10
2016-08-18,18,8,10
2016-08-18,14,6,8
2016-08-18,24,12,12
2016-08-18,20,10,10
2016-08-18,18,10,8
2016-08-18,25,15,10
2016-08-18,34,20,14
2016-08-18,49,29,20
2016-08-18,41,21,20
2016-08-18,33,18,15
2016-08-18,19,8,11
2016-08-18,16,7,9
2016-08-18,2,1,1
2016-08-18,6,4,2
2016-08-19,4,3,1
2016-08-19,4,2,2
2016-08-19,2,0,2
2016-08-19,1,0,1
2016-08-19,4,1,3
2016-08-19,5,2,3
2016-08-19,17,0,17
2016-08-19,34,9,25
2016-08-19,22,9,13
2016-08-19,19,8,11
2016-08-19,14,6,8
2016-08-19,14,9,5
2016-08-19,16,11,5
2016-08-19,23,11,12
2016-08-19,22,8,14
2016-08-19,28,21,7
2016-08-19,36,20,16
2016-08-19,32,16,16
2016-08-19,20,8,12
2016-08-19,21,13,8
2016-08-19,21,7,14
2016-08-19,9,2,7
2016-08-19,11,6,5
2016-08-19,13,4,9
2016-08-20,12,6,6
2016-08-20,8,0,8
2016-08-20,9,2,7
2016-08-20,0,0,0
2016-08-20,2,1,1
2016-08-20,3,0,3
2016-08-20,11,2,9
2016-08-20,5,1,4
2016-08-20,5,3,2
2016-08-20,9,5,4
2016-08-20,9,4,5
2016-08-20,14,8,6
2016-08-20,12,8,4
2016-08-20,15,7,8
2016-08-20,14,8,6
2016-08-20,11,8,3
2016-08-20,15,7,8
2016-08-20,15,8,7
2016-08-20,11,3,8
2016-08-20,20,10,10
2016-08-20,16,8,8
2016-08-20,6,1,5
2016-08-20,12,4,8
2016-08-20,6,1,5
2016-08-21,20,6,14
2016-08-21,10,2,8
2016-08-21,2,0,2
2016-08-21,0,0,0
2016-08-21,0,0,0
2016-08-21,3,2,1
2016-08-21,8,1,7
2016-08-21,8,2,6
2016-08-21,5,0,5
2016-08-21,9,4,5
2016-08-21,4,3,1
2016-08-21,10,7,3
2016-08-21,7,3,4
2016-08-21,25,12,13
2016-08-21,15,8,7
2016-08-21,17,12,5
2016-08-21,11,6,5
2016-08-21,14,5,9
2016-08-21,24,14,10
2016-08-21,14,5,9
2016-08-21,12,6,6
2016-08-21,5,1,4
2016-08-21,4,3,1
2016-08-21,3,0,3
2016-08-22,0,0,0
2016-08-22,2,2,0
2016-08-22,2,1,1
2016-08-22,0,0,0
2016-08-22,2,1,1
2016-08-22,3,1,2
2016-08-22,23,0,23
2016-08-22,28,9,19
2016-08-22,33,12,21
2016-08-22,13,2,11
2016-08-22,8,3,5
2016-08-22,8,4,4
2016-08-22,13,6,7
2016-08-22,16,7,9
2016-08-22,14,7,7
2016-08-22,24,9,15
2016-08-22,25,14,11
2016-08-22,49,27,22
2016-08-22,41,20,21
2016-08-22,25,13,12
2016-08-22,16,7,9
2016-08-22,8,3,5
2016-08-22,9,4,5
2016-08-22,7,4,3
2016-08-23,1,1,0
2016-08-23,1,0,1
2016-08-23,1,1,0
2016-08-23,2,2,0
2016-08-23,2,1,1
2016-08-23,4,1,3
2016-08-23,23,2,21
2016-08-23,28,9,19
2016-08-23,34,5,29
2016-08-23,24,7,17
2016-08-23,21,9,12
2016-08-23,16,5,11
2016-08-23,11,6,5
2016-08-23,18,9,9
2016-08-23,19,15,4
2016-08-23,24,14,10
2016-08-23,31,22,9
2016-08-23,52,30,22
2016-08-23,38,20,18
2016-08-23,25,19,6
2016-08-23,26,13,13
2016-08-23,18,9,9
2016-08-23,12,7,5
2016-08-23,6,3,3
2016-08-24,3,2,1
2016-08-24,1,0,1
2016-08-24,3,1,2
2016-08-24,2,0,2
2016-08-24,0,0,0
2016-08-24,14,2,12
2016-08-24,12,0,12
2016-08-24,27,6,21
2016-08-24,27,6,21
2016-08-24,16,4,12
2016-08-24,17,6,11
2016-08-24,12,8,4
2016-08-24,14,8,6
2016-08-24,21,11,10
2016-08-24,23,11,12
2016-08-24,19,16,3
2016-08-24,33,19,14
2016-08-24,54,34,20
2016-08-24,38,19,19
2016-08-24,32,21,11
2016-08-24,24,10,14
2016-08-24,10,6,4
2016-08-24,10,6,4
2016-08-24,8,4,4
2016-08-25,12,5,7
2016-08-25,9,6,3
2016-08-25,3,0,3
2016-08-25,1,0,1
2016-08-25,2,0,2
2016-08-25,10,3,7
2016-08-25,13,0,13
2016-08-25,31,5,26
2016-08-25,32,6,26
2016-08-25,27,9,18
2016-08-25,13,4,9
2016-08-25,21,13,8
2016-08-25,20,9,11
2016-08-25,12,6,6
2016-08-25,16,9,7
2016-08-25,23,14,9
2016-08-25,35,18,17
2016-08-25,51,36,15
2016-08-25,44,17,27
2016-08-25,26,14,12
2016-08-25,25,8,17
2016-08-25,16,7,9
2016-08-25,9,6,3
2016-08-25,9,3,6
2016-08-26,8,0,8
2016-08-26,2,0,2
2016-08-26,6,1,5
2016-08-26,1,0,1
2016-08-26,2,1,1
2016-08-26,7,2,5
2016-08-26,16,2,14
2016-08-26,29,8,21
2016-08-26,24,7,17
2016-08-26,18,8,10
2016-08-26,13,4,9
2016-08-26,13,6,7
2016-08-26,29,17,12
2016-08-26,22,12,10
2016-08-26,13,9,4
2016-08-26,12,1,11
2016-08-26,28,19,9
2016-08-26,26,11,15
2016-08-26,26,14,12
2016-08-26,25,15,10
2016-08-26,8,3,5
2016-08-26,9,3,6
2016-08-26,21,6,15
2016-08-26,10,5,5
2016-08-27,13,3,10
2016-08-27,23,9,14
2016-08-27,25,1,24
2016-08-27,1,0,1
2016-08-27,0,0,0
2016-08-27,5,1,4
2016-08-27,7,3,4
2016-08-27,5,1,4
2016-08-27,13,9,4
2016-08-27,5,2,3
2016-08-27,8,5,3
2016-08-27,15,6,9
2016-08-27,17,7,10
2016-08-27,14,8,6
2016-08-27,8,4,4
2016-08-27,14,7,7
2016-08-27,17,6,11
2016-08-27,13,4,9
2016-08-27,16,2,14
2016-08-27,15,5,10
2016-08-27,14,7,7
2016-08-27,10,4,6
2016-08-27,4,3,1
2016-08-27,5,1,4
2016-08-28,11,5,6
2016-08-28,1,1,0
2016-08-28,7,5,2
2016-08-28,2,0,2
2016-08-28,0,0,0
2016-08-28,2,1,1
2016-08-28,7,1,6
2016-08-28,4,2,2
2016-08-28,5,3,2
2016-08-28,6,2,4
2016-08-28,3,2,1
2016-08-28,13,8,5
2016-08-28,18,9,9
2016-08-28,26,13,13
2016-08-28,32,13,19
2016-08-28,11,4,7
2016-08-28,22,18,4
2016-08-28,11,6,5
2016-08-28,20,6,14
2016-08-28,11,5,6
2016-08-28,8,3,5
2016-08-28,9,5,4
2016-08-28,3,0,3
2016-08-28,8,5,3
2016-08-29,3,1,2
2016-08-29,1,0,1
2016-08-29,4,2,2
2016-08-29,0,0,0
2016-08-29,1,0,1
2016-08-29,7,1,6
2016-08-29,18,3,15
2016-08-29,30,10,20
2016-08-29,32,9,23
2016-08-29,24,8,16
2016-08-29,16,6,10
2016-08-29,10,3,7
2016-08-29,12,4,8
2016-08-29,23,17,6
2016-08-29,12,4,8
2016-08-29,9,7,2
2016-08-29,19,10,9
2016-08-29,37,23,14
2016-08-29,44,20,24
2016-08-29,24,11,13
2016-08-29,17,12,5
2016-08-29,14,5,9
2016-08-29,8,5,3
2016-08-29,4,3,1
2016-08-30,4,3,1
2016-08-30,2,1,1
2016-08-30,2,1,1
2016-08-30,1,0,1
2016-08-30,2,1,1
2016-08-30,12,1,11
2016-08-30,19,2,17
2016-08-30,28,7,21
2016-08-30,36,18,18
2016-08-30,25,9,16
2016-08-30,16,4,12
2016-08-30,14,5,9
2016-08-30,12,7,5
2016-08-30,18,9,9
2016-08-30,18,9,9
2016-08-30,22,10,12
2016-08-30,30,18,12
2016-08-30,57,29,28
2016-08-30,49,22,27
2016-08-30,33,16,17
2016-08-30,18,5,13
2016-08-30,11,4,7
2016-08-30,10,6,4
2016-08-30,7,4,3
2016-08-31,5,2,3
2016-08-31,1,0,1
2016-08-31,1,0,1
2016-08-31,0,0,0
2016-08-31,2,1,1
2016-08-31,10,3,7
2016-08-31,18,2,16
2016-08-31,37,7,30
2016-08-31,29,11,18
2016-08-31,30,5,25
2016-08-31,11,3,8
2016-08-31,7,4,3
2016-08-31,16,6,10
2016-08-31,11,6,5
2016-08-31,16,8,8
2016-08-31,19,10,9
2016-08-31,36,24,12
2016-08-31,41,24,17
2016-08-31,25,10,15
2016-08-31,24,10,14
2016-08-31,25,13,12
2016-08-31,8,7,1
2016-08-31,7,4,3
2016-08-31,11,8,3
2016-09-01,4,1,3
2016-09-01,3,0,3
2016-09-01,1,0,1
2016-09-01,1,0,1
2016-09-01,3,1,2
2016-09-01,11,1,10
2016-09-01,12,3,9
2016-09-01,27,7,20
2016-09-01,32,7,25
2016-09-01,16,9,7
2016-09-01,18,8,10
2016-09-01,11,6,5
2016-09-01,20,8,12
2016-09-01,17,10,7
2016-09-01,15,13,2
2016-09-01,19,11,8
2016-09-01,22,13,9
2016-09-01,40,20,20
2016-09-01,37,17,20
2016-09-01,23,14,9
2016-09-01,11,5,6
2016-09-01,12,10,2
2016-09-01,16,6,10
2016-09-01,3,2,1
2016-09-02,8,5,3
2016-09-02,0,0,0
2016-09-02,1,0,1
2016-09-02,2,1,1
2016-09-02,2,1,1
2016-09-02,5,1,4
2016-09-02,15,0,15
2016-09-02,12,3,9
2016-09-02,20,6,14
2016-09-02,8,4,4
2016-09-02,6,4,2
2016-09-02,5,4,1
2016-09-02,12,8,4
2016-09-02,17,7,10
2016-09-02,13,3,10
2016-09-02,11,6,5
2016-09-02,24,13,11
2016-09-02,21,11,10
2016-09-02,25,16,9
2016-09-02,15,9,6
2016-09-02,14,7,7
2016-09-02,16,9,7
2016-09-02,14,9,5
2016-09-02,7,5,2
2016-09-03,1,0,1
2016-09-03,26,14,12
2016-09-03,10,0,10
2016-09-03,0,0,0
2016-09-03,2,0,2
2016-09-03,1,0,1
2016-09-03,3,0,3
2016-09-03,5,1,4
2016-09-03,8,5,3
2016-09-03,4,3,1
2016-09-03,9,3,6
2016-09-03,8,6,2
2016-09-03,12,5,7
2016-09-03,9,3,6
2016-09-03,11,5,6
2016-09-03,14,6,8
2016-09-03,11,4,7
2016-09-03,10,5,5
2016-09-03,16,4,12
2016-09-03,12,5,7
2016-09-03,15,10,5
2016-09-03,3,1,2
2016-09-03,5,2,3
2016-09-03,11,5,6
2016-09-04,15,6,9
2016-09-04,19,4,15
2016-09-04,7,4,3
2016-09-04,0,0,0
2016-09-04,1,0,1
2016-09-04,2,0,2
2016-09-04,7,2,5
2016-09-04,3,0,3
2016-09-04,3,2,1
2016-09-04,3,0,3
2016-09-04,3,3,0
2016-09-04,6,2,4
2016-09-04,17,6,11
2016-09-04,18,11,7
2016-09-04,20,6,14
2016-09-04,10,2,8
2016-09-04,13,9,4
2016-09-04,20,8,12
2016-09-04,23,9,14
2016-09-04,12,6,6
2016-09-04,16,8,8
2016-09-04,10,3,7
2016-09-04,8,1,7
2016-09-04,7,3,4
2016-09-05,7,0,7
2016-09-05,10,1,9
2016-09-05,1,0,1
2016-09-05,0,0,0
2016-09-05,1,0,1
2016-09-05,2,0,2
2016-09-05,6,0,6
2016-09-05,4,1,3
2016-09-05,4,0,4
2016-09-05,5,4,1
2016-09-05,12,6,6
2016-09-05,11,6,5
2016-09-05,16,9,7
2016-09-05,22,8,14
2016-09-05,15,9,6
2016-09-05,13,4,9
2016-09-05,17,9,8
2016-09-05,6,2,4
2016-09-05,15,6,9
2016-09-05,14,9,5
2016-09-05,14,7,7
2016-09-05,2,1,1
2016-09-05,2,1,1
2016-09-05,5,3,2
2016-09-06,1,0,1
2016-09-06,0,0,0
2016-09-06,1,0,1
2016-09-06,1,0,1
2016-09-06,2,1,1
2016-09-06,8,1,7
2016-09-06,5,1,4
2016-09-06,23,4,19
2016-09-06,27,7,20
2016-09-06,21,6,15
2016-09-06,10,5,5
2016-09-06,6,2,4
2016-09-06,15,8,7
2016-09-06,11,8,3
2016-09-06,14,5,9
2016-09-06,12,7,5
2016-09-06,26,15,11
2016-09-06,47,30,17
2016-09-06,20,12,8
2016-09-06,24,10,14
2016-09-06,12,7,5
2016-09-06,5,2,3
2016-09-06,8,5,3
2016-09-06,2,1,1
2016-09-07,3,1,2
2016-09-07,0,0,0
2016-09-07,0,0,0
2016-09-07,2,0,2
2016-09-07,2,0,2
2016-09-07,10,1,9
2016-09-07,12,1,11
2016-09-07,22,2,20
2016-09-07,31,12,19
2016-09-07,20,6,14
2016-09-07,7,2,5
2016-09-07,12,6,6
2016-09-07,21,11,10
2016-09-07,20,9,11
2016-09-07,17,11,6
2016-09-07,13,6,7
2016-09-07,16,12,4
2016-09-07,41,24,17
2016-09-07,27,14,13
2016-09-07,32,20,12
2016-09-07,10,7,3
2016-09-07,11,5,6
2016-09-07,4,2,2
2016-09-07,7,3,4
2016-09-08,4,3,1
2016-09-08,1,1,0
2016-09-08,0,0,0
2016-09-08,2,0,2
2016-09-08,0,0,0
2016-09-08,10,1,9
2016-09-08,13,1,12
2016-09-08,24,4,20
2016-09-08,30,5,25
2016-09-08,16,5,11
2016-09-08,12,5,7
2016-09-08,13,7,6
2016-09-08,13,9,4
2016-09-08,13,5,8
2016-09-08,18,7,11
2016-09-08,15,9,6
2016-09-08,28,19,9
2016-09-08,46,27,19
2016-09-08,28,17,11
2016-09-08,37,23,14
2016-09-08,10,6,4
2016-09-08,7,4,3
2016-09-08,9,5,4
2016-09-08,8,4,4
2016-09-09,3,1,2
2016-09-09,2,0,2
2016-09-09,0,0,0
2016-09-09,2,0,2
2016-09-09,2,0,2
2016-09-09,7,1,6
2016-09-09,21,1,20
2016-09-09,34,10,24
2016-09-09,34,10,24
2016-09-09,22,6,16
2016-09-09,13,5,8
2016-09-09,22,9,13
2016-09-09,22,9,13
2016-09-09,22,12,10
2016-09-09,15,7,8
2016-09-09,20,8,12
2016-09-09,40,25,15
2016-09-09,41,21,20
2016-09-09,33,12,21
2016-09-09,38,25,13
2016-09-09,9,4,5
2016-09-09,12,6,6
2016-09-09,15,9,6
2016-09-09,10,7,3
2016-09-10,3,0,3
2016-09-10,19,7,12
2016-09-10,6,0,6
2016-09-10,4,1,3
2016-09-10,1,0,1
2016-09-10,2,0,2
2016-09-10,7,1,6
2016-09-10,5,2,3
2016-09-10,1,1,0
2016-09-10,8,2,6
2016-09-10,5,3,2
2016-09-10,11,6,5
2016-09-10,16,9,7
2016-09-10,15,8,7
2016-09-10,15,11,4
2016-09-10,15,7,8
2016-09-10,11,5,6
2016-09-10,12,5,7
2016-09-10,26,13,13
2016-09-10,21,10,11
2016-09-10,8,2,6
2016-09-10,6,2,4
2016-09-10,8,3,5
2016-09-10,12,7,5
2016-09-11,4,0,4
2016-09-11,8,1,7
2016-09-11,14,5,9
2016-09-11,3,2,1
2016-09-11,6,3,3
2016-09-11,1,0,1
2016-09-11,5,1,4
2016-09-11,3,0,3
2016-09-11,6,1,5
2016-09-11,4,2,2
2016-09-11,14,9,5
2016-09-11,7,3,4
2016-09-11,13,7,6
2016-09-11,14,10,4
2016-09-11,19,10,9
2016-09-11,21,12,9
2016-09-11,16,8,8
2016-09-11,14,9,5
2016-09-11,23,6,17
2016-09-11,12,5,7
2016-09-11,14,7,7
2016-09-11,9,6,3
2016-09-11,9,3,6
2016-09-11,5,2,3
2016-09-12,3,0,3
2016-09-12,1,0,1
2016-09-12,1,0,1
2016-09-12,3,1,2
2016-09-12,2,1,1
2016-09-12,8,1,7
2016-09-12,18,4,14
2016-09-12,27,3,24
2016-09-12,43,11,32
2016-09-12,19,7,12
2016-09-12,13,5,8
2016-09-12,10,5,5
2016-09-12,13,8,5
2016-09-12,14,6,8
2016-09-12,23,11,12
2016-09-12,31,20,11
2016-09-12,30,19,11
2016-09-12,47,27,20
2016-09-12,34,18,16
2016-09-12,27,17,10
2016-09-12,16,10,6
2016-09-12,16,6,10
2016-09-12,8,5,3
2016-09-12,12,9,3
2016-09-13,3,0,3
2016-09-13,1,0,1
2016-09-13,2,1,1
2016-09-13,1,0,1
2016-09-13,4,4,0
2016-09-13,8,1,7
2016-09-13,12,2,10
2016-09-13,30,6,24
2016-09-13,41,11,30
2016-09-13,31,17,14
2016-09-13,13,6,7
2016-09-13,18,8,10
2016-09-13,15,7,8
2016-09-13,18,10,8
2016-09-13,23,12,11
2016-09-13,31,17,14
2016-09-13,28,18,10
2016-09-13,62,37,25
2016-09-13,59,23,36
2016-09-13,26,12,14
2016-09-13,23,15,8
2016-09-13,15,7,8
2016-09-13,7,4,3
2016-09-13,6,2,4
2016-09-14,2,1,1
2016-09-14,1,1,0
2016-09-14,2,2,0
2016-09-14,1,1,0
2016-09-14,0,0,0
2016-09-14,11,1,10
2016-09-14,12,1,11
2016-09-14,33,7,26
2016-09-14,41,12,29
2016-09-14,25,8,17
2016-09-14,11,5,6
2016-09-14,22,7,15
2016-09-14,29,13,16
2016-09-14,16,7,9
2016-09-14,27,15,12
2016-09-14,20,11,9
2016-09-14,36,27,9
2016-09-14,42,17,25
2016-09-14,28,15,13
2016-09-14,25,8,17
2016-09-14,21,13,8
2016-09-14,14,7,7
2016-09-14,6,2,4
2016-09-14,4,4,0
2016-09-15,7,1,6
2016-09-15,38,14,24
2016-09-15,1,1,0
2016-09-15,0,0,0
2016-09-15,1,0,1
2016-09-15,9,1,8
2016-09-15,16,2,14
2016-09-15,42,10,32
2016-09-15,36,12,24
2016-09-15,18,7,11
2016-09-15,13,4,9
2016-09-15,16,4,12
2016-09-15,21,8,13
2016-09-15,13,7,6
2016-09-15,17,8,9
2016-09-15,23,19,4
2016-09-15,39,24,15
2016-09-15,50,29,21
2016-09-15,46,29,17
2016-09-15,37,23,14
2016-09-15,23,11,12
2016-09-15,12,8,4
2016-09-15,8,2,6
2016-09-15,6,3,3
2016-09-16,5,3,2
2016-09-16,4,3,1
2016-09-16,0,0,0
2016-09-16,1,0,1
2016-09-16,2,0,2
2016-09-16,8,3,5
2016-09-16,20,3,17
2016-09-16,35,9,26
2016-09-16,27,6,21
2016-09-16,29,8,21
2016-09-16,14,8,6
2016-09-16,13,2,11
2016-09-16,12,5,7
2016-09-16,26,11,15
2016-09-16,19,14,5
2016-09-16,19,11,8
2016-09-16,24,15,9
2016-09-16,45,25,20
2016-09-16,32,18,14
2016-09-16,12,6,6
2016-09-16,12,6,6
2016-09-16,4,2,2
2016-09-16,5,2,3
2016-09-16,12,5,7
2016-09-17,2,2,0
2016-09-17,1,1,0
2016-09-17,1,0,1
2016-09-17,2,2,0
2016-09-17,1,0,1
2016-09-17,2,0,2
2016-09-17,12,4,8
2016-09-17,6,2,4
2016-09-17,2,0,2
2016-09-17,4,3,1
2016-09-17,6,3,3
2016-09-17,7,3,4
2016-09-17,9,4,5
2016-09-17,6,4,2
2016-09-17,8,2,6
2016-09-17,8,6,2
2016-09-17,11,5,6
2016-09-17,17,6,11
2016-09-17,5,1,4
2016-09-17,10,4,6
2016-09-17,6,1,5
2016-09-17,4,3,1
2016-09-17,6,5,1
2016-09-17,2,2,0
2016-09-18,9,3,6
2016-09-18,3,2,1
2016-09-18,5,1,4
2016-09-18,1,0,1
2016-09-18,0,0,0
2016-09-18,1,0,1
2016-09-18,5,2,3
2016-09-18,7,1,6
2016-09-18,6,1,5
2016-09-18,8,4,4
2016-09-18,11,7,4
2016-09-18,17,9,8
2016-09-18,19,11,8
2016-09-18,24,17,7
2016-09-18,14,8,6
2016-09-18,17,4,13
2016-09-18,14,9,5
2016-09-18,18,7,11
2016-09-18,12,4,8
2016-09-18,9,5,4
2016-09-18,6,4,2
2016-09-18,10,6,4
2016-09-18,4,2,2
2016-09-18,1,1,0
2016-09-19,2,2,0
2016-09-19,0,0,0
2016-09-19,2,2,0
2016-09-19,0,0,0
2016-09-19,0,0,0
2016-09-19,3,0,3
2016-09-19,13,4,9
2016-09-19,26,9,17
2016-09-19,43,16,27
2016-09-19,12,2,10
2016-09-19,16,8,8
2016-09-19,10,7,3
2016-09-19,8,4,4
2016-09-19,13,5,8
2016-09-19,19,14,5
2016-09-19,21,10,11
2016-09-19,26,16,10
2016-09-19,35,22,13
2016-09-19,36,19,17
2016-09-19,29,12,17
2016-09-19,8,6,2
2016-09-19,14,4,10
2016-09-19,12,5,7
2016-09-19,9,3,6
2016-09-20,6,2,4
2016-09-20,0,0,0
2016-09-20,0,0,0
2016-09-20,4,0,4
2016-09-20,2,1,1
2016-09-20,2,1,1
2016-09-20,18,2,16
2016-09-20,34,6,28
2016-09-20,41,9,32
2016-09-20,19,9,10
2016-09-20,13,6,7
2016-09-20,24,6,18
2016-09-20,14,5,9
2016-09-20,22,8,14
2016-09-20,23,13,10
2016-09-20,15,6,9
2016-09-20,32,26,6
2016-09-20,51,27,24
2016-09-20,39,16,23
2016-09-20,25,13,12
2016-09-20,9,6,3
2016-09-20,16,7,9
2016-09-20,7,3,4
2016-09-20,7,5,2
2016-09-21,1,0,1
2016-09-21,1,1,0
2016-09-21,0,0,0
2016-09-21,0,0,0
2016-09-21,0,0,0
2016-09-21,6,0,6
2016-09-21,19,2,17
2016-09-21,43,10,33
2016-09-21,42,9,33
2016-09-21,28,11,17
2016-09-21,28,14,14
2016-09-21,12,6,6
2016-09-21,21,8,13
2016-09-21,23,8,15
2016-09-21,26,18,8
2016-09-21,35,22,13
2016-09-21,33,22,11
2016-09-21,64,35,29
2016-09-21,46,25,21
2016-09-21,27,12,15
2016-09-21,11,9,2
2016-09-21,20,10,10
2016-09-21,16,3,13
2016-09-21,10,3,7
2016-09-22,7,1,6
2016-09-22,6,1,5
2016-09-22,4,0,4
2016-09-22,1,0,1
2016-09-22,2,0,2
2016-09-22,9,3,6
2016-09-22,23,4,19
2016-09-22,42,6,36
2016-09-22,31,9,22
2016-09-22,23,9,14
2016-09-22,15,6,9
2016-09-22,11,5,6
2016-09-22,21,8,13
2016-09-22,25,13,12
2016-09-22,14,7,7
2016-09-22,17,8,9
2016-09-22,32,18,14
2016-09-22,54,31,23
2016-09-22,37,13,24
2016-09-22,31,16,15
2016-09-22,21,12,9
2016-09-22,15,8,7
2016-09-22,14,5,9
2016-09-22,11,10,1
2016-09-23,2,1,1
2016-09-23,0,0,0
2016-09-23,2,1,1
2016-09-23,2,0,2
2016-09-23,2,2,0
2016-09-23,5,0,5
2016-09-23,14,3,11
2016-09-23,29,5,24
2016-09-23,33,9,24
2016-09-23,21,6,15
2016-09-23,10,3,7
2016-09-23,9,5,4
2016-09-23,12,7,5
2016-09-23,12,7,5
2016-09-23,20,11,9
2016-09-23,25,13,12
2016-09-23,34,19,15
2016-09-23,42,25,17
2016-09-23,29,15,14
2016-09-23,16,8,8
2016-09-23,12,7,5
2016-09-23,8,7,1
2016-09-23,12,7,5
2016-09-23,16,4,12
2016-09-24,9,5,4
2016-09-24,13,10,3
2016-09-24,10,0,10
2016-09-24,0,0,0
2016-09-24,2,1,1
2016-09-24,2,0,2
2016-09-24,11,1,10
2016-09-24,9,3,6
2016-09-24,6,3,3
2016-09-24,8,6,2
2016-09-24,16,7,9
2016-09-24,12,7,5
2016-09-24,15,7,8
2016-09-24,21,13,8
2016-09-24,18,7,11
2016-09-24,20,13,7
2016-09-24,20,11,9
2016-09-24,23,9,14
2016-09-24,11,6,5
2016-09-24,10,4,6
2016-09-24,14,5,9
2016-09-24,7,5,2
2016-09-24,12,4,8
2016-09-24,12,5,7
2016-09-25,5,3,2
2016-09-25,7,0,7
2016-09-25,4,0,4
2016-09-25,0,0,0
2016-09-25,3,0,3
2016-09-25,1,0,1
2016-09-25,6,1,5
2016-09-25,2,1,1
2016-09-25,6,3,3
2016-09-25,10,8,2
2016-09-25,6,4,2
2016-09-25,14,9,5
2016-09-25,10,3,7
2016-09-25,10,1,9
2016-09-25,12,4,8
2016-09-25,19,8,11
2016-09-25,23,15,8
2016-09-25,23,11,12
2016-09-25,18,9,9
2016-09-25,12,5,7
2016-09-25,17,7,10
2016-09-25,3,2,1
2016-09-25,3,2,1
2016-09-25,5,3,2
2016-09-26,1,0,1
2016-09-26,0,0,0
2016-09-26,2,0,2
2016-09-26,1,0,1
2016-09-26,0,0,0
2016-09-26,4,0,4
2016-09-26,12,3,9
2016-09-26,39,8,31
2016-09-26,54,13,41
2016-09-26,22,11,11
2016-09-26,19,8,11
2016-09-26,16,7,9
2016-09-26,12,5,7
2016-09-26,20,6,14
2016-09-26,19,10,9
2016-09-26,22,11,11
2016-09-26,34,20,14
2016-09-26,64,41,23
2016-09-26,35,17,18
2016-09-26,24,15,9
2016-09-26,31,22,9
2016-09-26,16,5,11
2016-09-26,8,5,3
2016-09-26,1,1,0
2016-09-27,4,3,1
2016-09-27,2,1,1
2016-09-27,0,0,0
2016-09-27,1,0,1
2016-09-27,0,0,0
2016-09-27,7,0,7
2016-09-27,13,0,13
2016-09-27,23,3,20
2016-09-27,56,19,37
2016-09-27,30,16,14
2016-09-27,22,10,12
2016-09-27,15,3,12
2016-09-27,28,11,17
2016-09-27,37,6,31
2016-09-27,20,13,7
2016-09-27,26,16,10
2016-09-27,43,23,20
2016-09-27,57,42,15
2016-09-27,35,11,24
2016-09-27,32,24,8
2016-09-27,19,10,9
2016-09-27,15,10,5
2016-09-27,7,3,4
2016-09-27,7,4,3
2016-09-28,3,1,2
2016-09-28,0,0,0
2016-09-28,1,0,1
2016-09-28,0,0,0
2016-09-28,0,0,0
2016-09-28,6,0,6
2016-09-28,20,4,16
2016-09-28,33,6,27
2016-09-28,43,17,26
2016-09-28,37,17,20
2016-09-28,19,4,15
2016-09-28,16,7,9
2016-09-28,20,9,11
2016-09-28,23,14,9
2016-09-28,35,11,24
2016-09-28,23,16,7
2016-09-28,36,19,17
2016-09-28,42,21,21
2016-09-28,35,15,20
2016-09-28,20,7,13
2016-09-28,20,8,12
2016-09-28,15,8,7
2016-09-28,12,8,4
2016-09-28,7,4,3
2016-09-29,8,3,5
2016-09-29,2,1,1
2016-09-29,3,2,1
2016-09-29,0,0,0
2016-09-29,1,1,0
2016-09-29,4,0,4
2016-09-29,11,0,11
2016-09-29,33,6,27
2016-09-29,43,17,26
2016-09-29,21,3,18
2016-09-29,27,12,15
2016-09-29,26,14,12
2016-09-29,29,20,9
2016-09-29,26,17,9
2016-09-29,25,11,14
2016-09-29,32,16,16
2016-09-29,35,19,16
2016-09-29,47,30,17
2016-09-29,46,18,28
2016-09-29,24,19,5
2016-09-29,24,14,10
2016-09-29,12,7,5
2016-09-29,13,5,8
2016-09-29,10,4,6
2016-09-30,2,0,2
2016-09-30,1,0,1
2016-09-30,9,4,5
2016-09-30,1,0,1
2016-09-30,2,1,1
2016-09-30,5,2,3
2016-09-30,9,0,9
2016-09-30,22,6,16
2016-09-30,40,13,27
2016-09-30,17,6,11
2016-09-30,16,2,14
2016-09-30,20,6,14
2016-09-30,24,13,11
2016-09-30,11,2,9
2016-09-30,9,3,6
2016-09-30,23,16,7
2016-09-30,30,21,9
2016-09-30,51,25,26
2016-09-30,23,7,16
2016-09-30,20,7,13
2016-09-30,23,13,10
2016-09-30,15,10,5
2016-09-30,10,7,3
2016-09-30,11,5,6
2016-10-01,5,2,3
2016-10-01,4,3,1
2016-10-01,6,1,5
2016-10-01,2,0,2
2016-10-01,2,0,2
2016-10-01,3,1,2
2016-10-01,10,3,7
2016-10-01,10,7,3
2016-10-01,8,3,5
2016-10-01,11,7,4
2016-10-01,9,6,3
2016-10-01,10,6,4
2016-10-01,15,4,11
2016-10-01,7,3,4
2016-10-01,8,4,4
2016-10-01,13,8,5
2016-10-01,9,5,4
2016-10-01,18,9,9
2016-10-01,10,8,2
2016-10-01,19,7,12
2016-10-01,5,1,4
2016-10-01,2,2,0
2016-10-01,2,2,0
2016-10-01,5,4,1
2016-10-02,3,1,2
2016-10-02,3,2,1
2016-10-02,5,0,5
2016-10-02,0,0,0
2016-10-02,1,0,1
2016-10-02,3,0,3
2016-10-02,5,1,4
2016-10-02,4,2,2
2016-10-02,2,1,1
2016-10-02,9,5,4
2016-10-02,12,2,10
2016-10-02,18,11,7
2016-10-02,14,10,4
2016-10-02,16,7,9
2016-10-02,17,13,4
2016-10-02,19,9,10
2016-10-02,16,11,5
2016-10-02,12,7,5
2016-10-02,13,2,11
2016-10-02,12,7,5
2016-10-02,14,8,6
2016-10-02,7,4,3
2016-10-02,9,4,5
2016-10-02,9,2,7
2016-10-03,3,1,2
2016-10-03,2,1,1
2016-10-03,0,0,0
2016-10-03,0,0,0
2016-10-03,1,0,1
2016-10-03,4,0,4
2016-10-03,15,2,13
2016-10-03,29,7,22
2016-10-03,47,13,34
2016-10-03,26,8,18
2016-10-03,25,12,13
2016-10-03,19,7,12
2016-10-03,23,8,15
2016-10-03,11,7,4
2016-10-03,12,5,7
2016-10-03,18,14,4
2016-10-03,33,20,13
2016-10-03,55,32,23
2016-10-03,52,22,30
2016-10-03,22,18,4
2016-10-03,27,17,10
2016-10-03,18,6,12
2016-10-03,17,12,5
2016-10-03,3,3,0
2016-10-04,1,0,1
2016-10-04,0,0,0
2016-10-04,0,0,0
2016-10-04,2,2,0
2016-10-04,0,0,0
2016-10-04,4,0,4
2016-10-04,9,1,8
2016-10-04,30,6,24
2016-10-04,40,10,30
2016-10-04,16,6,10
2016-10-04,19,7,12
2016-10-04,13,4,9
2016-10-04,9,5,4
2016-10-04,15,8,7
2016-10-04,13,5,8
2016-10-04,11,6,5
2016-10-04,30,16,14
2016-10-04,63,34,29
2016-10-04,32,23,9
2016-10-04,30,19,11
2016-10-04,17,11,6
2016-10-04,11,5,6
2016-10-04,2,1,1
2016-10-04,3,2,1
2016-10-05,7,2,5
2016-10-05,4,2,2
2016-10-05,1,0,1
2016-10-05,1,1,0
2016-10-05,0,0,0
2016-10-05,6,1,5
2016-10-05,17,3,14
2016-10-05,29,1,28
2016-10-05,42,17,25
2016-10-05,31,15,16
2016-10-05,18,6,12
2016-10-05,11,0,11
2016-10-05,20,6,14
2016-10-05,24,12,12
2016-10-05,19,12,7
2016-10-05,26,15,11
2016-10-05,41,28,13
2016-10-05,50,25,25
2016-10-05,46,25,21
2016-10-05,37,18,19
2016-10-05,19,12,7
2016-10-05,13,7,6
2016-10-05,8,4,4
2016-10-05,6,2,4
2016-10-06,3,1,2
2016-10-06,4,1,3
2016-10-06,2,0,2
2016-10-06,4,2,2
2016-10-06,1,0,1
2016-10-06,5,1,4
2016-10-06,7,0,7
2016-10-06,34,5,29
2016-10-06,40,14,26
2016-10-06,31,14,17
2016-10-06,14,3,11
2016-10-06,21,12,9
2016-10-06,15,6,9
2016-10-06,15,9,6
2016-10-06,25,11,14
2016-10-06,16,10,6
2016-10-06,33,23,10
2016-10-06,44,31,13
2016-10-06,44,19,25
2016-10-06,21,13,8
2016-10-06,20,11,9
2016-10-06,13,8,5
2016-10-06,8,2,6
2016-10-06,4,3,1
2016-10-07,1,1,0
2016-10-07,1,1,0
2016-10-07,0,0,0
2016-10-07,2,1,1
2016-10-07,0,0,0
2016-10-07,3,0,3
2016-10-07,12,1,11
2016-10-07,27,4,23
2016-10-07,30,10,20
2016-10-07,21,5,16
2016-10-07,15,7,8
2016-10-07,20,7,13
2016-10-07,19,8,11
2016-10-07,12,6,6
2016-10-07,22,15,7
2016-10-07,20,13,7
2016-10-07,30,21,9
2016-10-07,36,22,14
2016-10-07,25,11,14
2016-10-07,19,13,6
2016-10-07,11,5,6
2016-10-07,8,5,3
2016-10-07,8,2,6
2016-10-07,7,4,3
2016-10-08,2,2,0
2016-10-08,6,4,2
2016-10-08,0,0,0
2016-10-08,0,0,0
2016-10-08,1,0,1
2016-10-08,2,0,2
2016-10-08,4,2,2
2016-10-08,3,0,3
2016-10-08,7,5,2
2016-10-08,10,4,6
2016-10-08,9,5,4
2016-10-08,13,8,5
2016-10-08,7,3,4
2016-10-08,10,4,6
2016-10-08,6,3,3
2016-10-08,13,8,5
2016-10-08,13,8,5
2016-10-08,8,5,3
2016-10-08,9,2,7
2016-10-08,4,2,2
2016-10-08,3,0,3
2016-10-08,3,1,2
2016-10-08,4,1,3
2016-10-08,1,0,1
2016-10-09,6,0,6
2016-10-09,1,0,1
2016-10-09,7,1,6
2016-10-09,0,0,0
2016-10-09,2,0,2
2016-10-09,3,1,2
2016-10-09,4,0,4
2016-10-09,4,2,2
2016-10-09,2,2,0
2016-10-09,5,3,2
2016-10-09,9,3,6
2016-10-09,15,8,7
2016-10-09,13,8,5
2016-10-09,11,4,7
2016-10-09,11,4,7
2016-10-09,21,10,11
2016-10-09,19,9,10
2016-10-09,20,12,8
2016-10-09,13,7,6
2016-10-09,7,4,3
2016-10-09,6,2,4
2016-10-09,6,4,2
2016-10-09,1,0,1
2016-10-09,1,0,1
2016-10-10,1,1,0
2016-10-10,0,0,0
2016-10-10,0,0,0
2016-10-10,2,1,1
2016-10-10,1,1,0
2016-10-10,3,0,3
2016-10-10,18,3,15
2016-10-10,22,5,17
2016-10-10,48,10,38
2016-10-10,31,13,18
2016-10-10,17,6,11
2016-10-10,20,8,12
2016-10-10,22,9,13
2016-10-10,15,8,7
2016-10-10,18,13,5
2016-10-10,21,16,5
2016-10-10,36,24,12
2016-10-10,50,33,17
2016-10-10,39,21,18
2016-10-10,28,21,7
2016-10-10,16,4,12
2016-10-10,12,4,8
2016-10-10,4,3,1
2016-10-10,4,3,1
2016-10-11,1,0,1
2016-10-11,0,0,0
2016-10-11,2,1,1
2016-10-11,1,0,1
2016-10-11,1,1,0
2016-10-11,11,4,7
2016-10-11,16,5,11
2016-10-11,27,4,23
2016-10-11,44,14,30
2016-10-11,22,6,16
2016-10-11,22,6,16
2016-10-11,14,8,6
2016-10-11,29,14,15
2016-10-11,16,14,2
2016-10-11,26,11,15
2016-10-11,28,19,9
2016-10-11,48,27,21
2016-10-11,60,40,20
2016-10-11,48,22,26
2016-10-11,25,15,10
2016-10-11,19,4,15
2016-10-11,10,5,5
2016-10-11,6,2,4
2016-10-11,12,7,5
2016-10-12,4,3,1
2016-10-12,2,1,1
2016-10-12,2,0,2
2016-10-12,2,1,1
2016-10-12,1,1,0
2016-10-12,8,2,6
2016-10-12,12,3,9
2016-10-12,29,3,26
2016-10-12,35,10,25
2016-10-12,28,8,20
2016-10-12,16,5,11
2016-10-12,11,4,7
2016-10-12,18,10,8
2016-10-12,20,8,12
2016-10-12,15,7,8
2016-10-12,31,19,12
2016-10-12,34,26,8
2016-10-12,58,30,28
2016-10-12,37,16,21
2016-10-12,16,8,8
2016-10-12,15,8,7
2016-10-12,14,6,8
2016-10-12,5,3,2
2016-10-12,4,3,1
2016-10-13,5,3,2
2016-10-13,3,1,2
2016-10-13,0,0,0
2016-10-13,0,0,0
2016-10-13,2,0,2
2016-10-13,0,0,0
2016-10-13,6,1,5
2016-10-13,20,1,19
2016-10-13,22,8,14
2016-10-13,9,1,8
2016-10-13,8,1,7
2016-10-13,9,4,5
2016-10-13,15,8,7
2016-10-13,9,4,5
2016-10-13,11,5,6
2016-10-13,11,5,6
2016-10-13,22,12,10
2016-10-13,28,19,9
2016-10-13,14,7,7
2016-10-13,9,6,3
2016-10-13,8,4,4
2016-10-13,6,4,2
2016-10-13,3,2,1
2016-10-13,11,7,4
2016-10-14,1,1,0
2016-10-14,1,1,0
2016-10-14,3,2,1
2016-10-14,2,1,1
2016-10-14,0,0,0
2016-10-14,3,0,3
2016-10-14,8,1,7
2016-10-14,10,2,8
2016-10-14,12,5,7
2016-10-14,11,5,6
2016-10-14,10,5,5
2016-10-14,5,3,2
2016-10-14,10,8,2
2016-10-14,7,3,4
2016-10-14,4,3,1
2016-10-14,4,2,2
2016-10-14,16,12,4
2016-10-14,8,4,4
2016-10-14,15,7,8
2016-10-14,10,8,2
2016-10-14,12,5,7
2016-10-14,6,3,3
2016-10-14,7,3,4
2016-10-14,4,2,2
2016-10-15,2,1,1
2016-10-15,1,1,0
2016-10-15,15,3,12
2016-10-15,0,0,0
2016-10-15,3,1,2
2016-10-15,1,0,1
2016-10-15,1,0,1
2016-10-15,4,3,1
2016-10-15,4,1,3
2016-10-15,1,1,0
2016-10-15,3,0,3
2016-10-15,2,1,1
2016-10-15,5,1,4
2016-10-15,6,3,3
2016-10-15,6,2,4
2016-10-15,5,2,3
2016-10-15,6,3,3
2016-10-15,11,4,7
2016-10-15,2,2,0
2016-10-15,3,1,2
2016-10-15,6,4,2
2016-10-15,3,2,1
2016-10-15,3,1,2
2016-10-15,0,0,0
2016-10-16,0,0,0
2016-10-16,3,0,3
2016-10-16,7,3,4
2016-10-16,0,0,0
2016-10-16,2,0,2
2016-10-16,2,0,2
2016-10-16,1,0,1
2016-10-16,2,0,2
2016-10-16,3,1,2
2016-10-16,5,4,1
2016-10-16,3,3,0
2016-10-16,4,3,1
2016-10-16,7,5,2
2016-10-16,11,7,4
2016-10-16,9,5,4
2016-10-16,8,5,3
2016-10-16,8,3,5
2016-10-16,10,5,5
2016-10-16,8,5,3
2016-10-16,5,4,1
2016-10-16,4,1,3
2016-10-16,4,2,2
2016-10-16,6,4,2
2016-10-16,3,1,2
2016-10-17,1,0,1
2016-10-17,2,1,1
2016-10-17,1,0,1
2016-10-17,2,0,2
2016-10-17,2,1,1
2016-10-17,5,0,5
2016-10-17,13,0,13
2016-10-17,25,4,21
2016-10-17,35,11,24
2016-10-17,13,3,10
2016-10-17,20,10,10
2016-10-17,7,3,4
2016-10-17,12,3,9
2016-10-17,18,9,9
2016-10-17,15,8,7
2016-10-17,12,7,5
2016-10-17,30,19,11
2016-10-17,45,26,19
2016-10-17,28,11,17
2016-10-17,20,9,11
2016-10-17,15,9,6
2016-10-17,13,8,5
2016-10-17,5,0,5
2016-10-17,4,2,2
2016-10-18,4,1,3
2016-10-18,0,0,0
2016-10-18,1,0,1
2016-10-18,2,1,1
2016-10-18,0,0,0
2016-10-18,6,2,4
2016-10-18,10,0,10
2016-10-18,24,5,19
2016-10-18,34,11,23
2016-10-18,19,10,9
2016-10-18,20,4,16
2016-10-18,14,7,7
2016-10-18,19,5,14
2016-10-18,13,6,7
2016-10-18,18,11,7
2016-10-18,29,13,16
2016-10-18,28,22,6
2016-10-18,38,26,12
2016-10-18,46,24,22
2016-10-18,19,9,10
2016-10-18,13,6,7
2016-10-18,8,4,4
2016-10-18,8,6,2
2016-10-18,5,3,2
2016-10-19,2,2,0
2016-10-19,0,0,0
2016-10-19,1,0,1
2016-10-19,1,1,0
2016-10-19,1,0,1
2016-10-19,7,1,6
2016-10-19,11,1,10
2016-10-19,23,3,20
2016-10-19,37,9,28
2016-10-19,20,5,15
2016-10-19,12,5,7
2016-10-19,9,5,4
2016-10-19,18,8,10
2016-10-19,13,6,7
2016-10-19,14,11,3
2016-10-19,19,10,9
2016-10-19,31,21,10
2016-10-19,53,24,29
2016-10-19,28,10,18
2016-10-19,20,8,12
2016-10-19,21,13,8
2016-10-19,13,9,4
2016-10-19,5,3,2
2016-10-19,5,4,1
2016-10-20,1,0,1
2016-10-20,0,0,0
2016-10-20,0,0,0
2016-10-20,1,1,0
2016-10-20,1,0,1
2016-10-20,2,0,2
2016-10-20,8,0,8
2016-10-20,17,1,16
2016-10-20,20,2,18
2016-10-20,9,5,4
2016-10-20,12,3,9
2016-10-20,15,7,8
2016-10-20,12,4,8
2016-10-20,9,4,5
2016-10-20,13,6,7
2016-10-20,11,5,6
2016-10-20,21,15,6
2016-10-20,35,24,11
2016-10-20,30,18,12
2016-10-20,22,13,9
2016-10-20,16,8,8
2016-10-20,7,3,4
2016-10-20,9,5,4
2016-10-20,24,9,15
2016-10-21,1,0,1
2016-10-21,7,3,4
2016-10-21,1,0,1
2016-10-21,2,1,1
2016-10-21,1,0,1
2016-10-21,4,1,3
2016-10-21,8,0,8
2016-10-21,18,2,16
2016-10-21,27,9,18
2016-10-21,13,3,10
2016-10-21,13,6,7
2016-10-21,14,6,8
2016-10-21,19,7,12
2016-10-21,28,11,17
2016-10-21,10,7,3
2016-10-21,15,11,4
2016-10-21,21,14,7
2016-10-21,35,22,13
2016-10-21,30,18,12
2016-10-21,23,11,12
2016-10-21,18,11,7
2016-10-21,8,3,5
2016-10-21,7,4,3
2016-10-21,11,5,6
2016-10-22,7,1,6
2016-10-22,7,4,3
2016-10-22,3,0,3
2016-10-22,0,0,0
2016-10-22,1,0,1
2016-10-22,2,0,2
2016-10-22,6,0,6
2016-10-22,6,2,4
2016-10-22,4,1,3
2016-10-22,11,3,8
2016-10-22,7,2,5
2016-10-22,9,7,2
2016-10-22,8,3,5
2016-10-22,15,9,6
2016-10-22,9,3,6
2016-10-22,15,8,7
2016-10-22,24,9,15
2016-10-22,23,15,8
2016-10-22,14,5,9
2016-10-22,15,8,7
2016-10-22,6,2,4
2016-10-22,6,3,3
2016-10-22,7,1,6
2016-10-22,10,2,8
2016-10-23,5,3,2
2016-10-23,6,2,4
2016-10-23,5,1,4
2016-10-23,1,0,1
2016-10-23,3,1,2
2016-10-23,2,0,2
2016-10-23,4,0,4
2016-10-23,11,5,6
2016-10-23,3,1,2
2016-10-23,12,8,4
2016-10-23,9,8,1
2016-10-23,7,3,4
2016-10-23,26,11,15
2016-10-23,11,8,3
2016-10-23,10,3,7
2016-10-23,5,3,2
2016-10-23,12,8,4
2016-10-23,13,8,5
2016-10-23,18,8,10
2016-10-23,5,4,1
2016-10-23,10,4,6
2016-10-23,6,5,1
2016-10-23,6,4,2
2016-10-23,5,1,4
2016-10-24,5,3,2
2016-10-24,3,1,2
2016-10-24,1,0,1
2016-10-24,2,1,1
2016-10-24,1,1,0
2016-10-24,5,0,5
2016-10-24,13,1,12
2016-10-24,24,3,21
2016-10-24,37,11,26
2016-10-24,18,10,8
2016-10-24,11,3,8
2016-10-24,9,5,4
2016-10-24,10,6,4
2016-10-24,13,6,7
2016-10-24,20,13,7
2016-10-24,22,12,10
2016-10-24,27,16,11
2016-10-24,36,21,15
2016-10-24,34,14,20
2016-10-24,10,7,3
2016-10-24,17,10,7
2016-10-24,8,0,8
2016-10-24,4,3,1
2016-10-24,5,3,2
2016-10-25,3,1,2
2016-10-25,1,1,0
2016-10-25,2,1,1
2016-10-25,1,1,0
2016-10-25,0,0,0
2016-10-25,5,0,5
2016-10-25,11,1,10
2016-10-25,24,7,17
2016-10-25,36,12,24
2016-10-25,27,11,16
2016-10-25,18,3,15
2016-10-25,6,2,4
2016-10-25,16,5,11
2016-10-25,18,9,9
2016-10-25,18,12,6
2016-10-25,22,11,11
2016-10-25,20,15,5
2016-10-25,46,21,25
2016-10-25,39,17,22
2016-10-25,21,15,6
2016-10-25,19,8,11
2016-10-25,13,8,5
2016-10-25,6,4,2
2016-10-25,5,1,4
2016-10-26,5,1,4
2016-10-26,2,1,1
2016-10-26,0,0,0
2016-10-26,2,1,1
2016-10-26,0,0,0
2016-10-26,6,1,5
2016-10-26,6,1,5
2016-10-26,20,4,16
2016-10-26,16,5,11
2016-10-26,12,3,9
2016-10-26,14,8,6
2016-10-26,7,5,2
2016-10-26,13,7,6
2016-10-26,10,6,4
2016-10-26,6,4,2
2016-10-26,6,4,2
2016-10-26,14,9,5
2016-10-26,28,19,9
2016-10-26,30,21,9
2016-10-26,12,6,6
2016-10-26,13,5,8
2016-10-26,11,5,6
2016-10-26,7,4,3
2016-10-26,3,2,1
2016-10-27,1,0,1
2016-10-27,0,0,0
2016-10-27,0,0,0
2016-10-27,1,1,0
2016-10-27,0,0,0
2016-10-27,3,0,3
2016-10-27,13,2,11
2016-10-27,24,6,18
2016-10-27,29,6,23
2016-10-27,25,7,18
2016-10-27,14,2,12
2016-10-27,14,7,7
2016-10-27,15,7,8
2016-10-27,15,9,6
2016-10-27,16,6,10
2016-10-27,17,9,8
2016-10-27,32,21,11
2016-10-27,41,29,12
2016-10-27,40,18,22
2016-10-27,16,11,5
2016-10-27,18,11,7
2016-10-27,6,2,4
2016-10-27,4,1,3
2016-10-27,12,7,5
2016-10-28,1,0,1
2016-10-28,0,0,0
2016-10-28,1,1,0
2016-10-28,1,0,1
2016-10-28,0,0,0
2016-10-28,8,2,6
2016-10-28,7,2,5
2016-10-28,25,6,19
2016-10-28,13,5,8
2016-10-28,20,11,9
2016-10-28,17,5,12
2016-10-28,14,8,6
2016-10-28,20,9,11
2016-10-28,17,5,12
2016-10-28,21,13,8
2016-10-28,23,11,12
2016-10-28,38,24,14
2016-10-28,44,24,20
2016-10-28,27,16,11
2016-10-28,18,9,9
2016-10-28,19,9,10
2016-10-28,9,3,6
2016-10-28,3,3,0
2016-10-28,17,9,8
2016-10-29,6,1,5
2016-10-29,8,8,0
2016-10-29,8,1,7
2016-10-29,1,1,0
2016-10-29,1,0,1
2016-10-29,2,0,2
2016-10-29,3,1,2
2016-10-29,3,1,2
2016-10-29,4,2,2
2016-10-29,10,6,4
2016-10-29,3,1,2
2016-10-29,7,1,6
2016-10-29,5,1,4
2016-10-29,3,0,3
2016-10-29,9,3,6
2016-10-29,11,6,5
2016-10-29,16,10,6
2016-10-29,9,5,4
2016-10-29,12,3,9
2016-10-29,9,3,6
2016-10-29,6,3,3
2016-10-29,8,3,5
2016-10-29,12,3,9
2016-10-29,10,7,3
2016-10-30,16,8,8
2016-10-30,12,5,7
2016-10-30,24,13,11
2016-10-30,0,0,0
2016-10-30,1,0,1
2016-10-30,4,1,3
2016-10-30,5,0,5
2016-10-30,7,5,2
2016-10-30,11,6,5
2016-10-30,6,4,2
2016-10-30,11,6,5
2016-10-30,11,4,7
2016-10-30,9,7,2
2016-10-30,11,4,7
2016-10-30,8,5,3
2016-10-30,7,2,5
2016-10-30,11,7,4
2016-10-30,5,2,3
2016-10-30,13,5,8
2016-10-30,5,2,3
2016-10-30,4,3,1
2016-10-30,3,1,2
2016-10-30,2,0,2
2016-10-30,4,2,2
2016-10-31,3,3,0
2016-10-31,0,0,0
2016-10-31,0,0,0
2016-10-31,1,1,0
2016-10-31,1,1,0
2016-10-31,2,0,2
2016-10-31,7,0,7
2016-10-31,32,8,24
2016-10-31,25,3,22
2016-10-31,9,1,8
2016-10-31,13,7,6
2016-10-31,3,3,0
2016-10-31,9,3,6
2016-10-31,11,3,8
2016-10-31,17,10,7
2016-10-31,9,8,1
2016-10-31,21,16,5
2016-10-31,31,21,10
2016-10-31,24,11,13
2016-10-31,13,7,6
2016-10-31,11,7,4
2016-10-31,5,1,4
2016-10-31,8,3,5
2016-10-31,3,3,0
2016-11-01,0,0,0
2016-11-01,1,1,0
2016-11-01,1,0,1
2016-11-01,0,0,0
2016-11-01,1,1,0
2016-11-01,0,0,0
2016-11-01,8,0,8
2016-11-01,20,4,16
2016-11-01,25,6,19
2016-11-01,16,6,10
2016-11-01,28,15,13
2016-11-01,12,5,7
2016-11-01,11,4,7
2016-11-01,14,10,4
2016-11-01,17,9,8
2016-11-01,14,7,7
2016-11-01,28,15,13
2016-11-01,38,27,11
2016-11-01,25,13,12
2016-11-01,14,10,4
2016-11-01,16,7,9
2016-11-01,3,1,2
2016-11-01,6,1,5
2016-11-01,2,1,1
2016-11-02,0,0,0
2016-11-02,0,0,0
2016-11-02,2,0,2
2016-11-02,1,1,0
2016-11-02,1,1,0
2016-11-02,2,1,1
2016-11-02,7,0,7
2016-11-02,25,6,19
2016-11-02,20,7,13
2016-11-02,14,7,7
2016-11-02,15,6,9
2016-11-02,3,2,1
2016-11-02,11,5,6
2016-11-02,8,6,2
2016-11-02,8,4,4
2016-11-02,11,9,2
2016-11-02,16,10,6
2016-11-02,26,13,13
2016-11-02,30,15,15
2016-11-02,17,7,10
2016-11-02,17,9,8
2016-11-02,7,4,3
2016-11-02,6,3,3
2016-11-02,8,3,5
2016-11-03,0,0,0
2016-11-03,0,0,0
2016-11-03,1,0,1
2016-11-03,1,1,0
2016-11-03,0,0,0
2016-11-03,2,0,2
2016-11-03,9,0,9
2016-11-03,26,6,20
2016-11-03,34,10,24
2016-11-03,19,7,12
2016-11-03,16,5,11
2016-11-03,15,8,7
2016-11-03,17,5,12
2016-11-03,24,6,18
2016-11-03,22,11,11
2016-11-03,23,13,10
2016-11-03,42,25,17
2016-11-03,36,23,13
2016-11-03,44,26,18
2016-11-03,22,7,15
2016-11-03,26,14,12
2016-11-03,4,2,2
2016-11-03,11,3,8
2016-11-03,2,2,0
2016-11-04,5,3,2
2016-11-04,1,0,1
2016-11-04,0,0,0
2016-11-04,1,1,0
2016-11-04,2,1,1
2016-11-04,2,2,0
2016-11-04,10,1,9
2016-11-04,35,6,29
2016-11-04,38,10,28
2016-11-04,18,8,10
2016-11-04,9,1,8
2016-11-04,11,4,7
2016-11-04,17,9,8
2016-11-04,21,9,12
2016-11-04,24,16,8
2016-11-04,32,18,14
2016-11-04,31,18,13
2016-11-04,40,27,13
2016-11-04,43,9,34
2016-11-04,21,13,8
2016-11-04,15,9,6
2016-11-04,13,6,7
2016-11-04,11,5,6
2016-11-04,5,3,2
2016-11-05,14,5,9
2016-11-05,4,1,3
2016-11-05,0,0,0
2016-11-05,0,0,0
2016-11-05,0,0,0
2016-11-05,5,1,4
2016-11-05,1,0,1
2016-11-05,9,4,5
2016-11-05,6,3,3
2016-11-05,4,1,3
2016-11-05,1,1,0
2016-11-05,3,2,1
2016-11-05,8,5,3
2016-11-05,13,4,9
2016-11-05,2,1,1
2016-11-05,2,1,1
2016-11-05,5,3,2
2016-11-05,12,5,7
2016-11-05,3,1,2
2016-11-05,5,1,4
2016-11-05,2,2,0
2016-11-05,6,3,3
2016-11-05,5,2,3
2016-11-05,5,3,2
2016-11-06,4,2,2
2016-11-06,8,2,6
2016-11-06,1,0,1
2016-11-06,1,0,1
2016-11-06,0,0,0
2016-11-06,1,0,1
2016-11-06,2,0,2
2016-11-06,2,0,2
2016-11-06,11,6,5
2016-11-06,3,1,2
2016-11-06,12,6,6
2016-11-06,9,2,7
2016-11-06,18,13,5
2016-11-06,18,5,13
2016-11-06,18,11,7
2016-11-06,12,2,10
2016-11-06,13,7,6
2016-11-06,15,5,10
2016-11-06,19,12,7
2016-11-06,3,2,1
2016-11-06,5,3,2
2016-11-06,3,0,3
2016-11-06,5,1,4
2016-11-06,4,2,2
2016-11-07,1,0,1
2016-11-07,1,1,0
2016-11-07,1,0,1
2016-11-07,1,1,0
2016-11-07,0,0,0
2016-11-07,0,0,0
2016-11-07,16,0,16
2016-11-07,33,7,26
2016-11-07,35,7,28
2016-11-07,22,8,14
2016-11-07,13,5,8
2016-11-07,13,7,6
2016-11-07,16,4,12
2016-11-07,13,5,8
2016-11-07,14,11,3
2016-11-07,18,13,5
2016-11-07,31,20,11
2016-11-07,50,35,15
2016-11-07,37,24,13
2016-11-07,19,8,11
2016-11-07,13,6,7
2016-11-07,14,4,10
2016-11-07,7,6,1
2016-11-07,6,4,2
2016-11-08,2,2,0
2016-11-08,0,0,0
2016-11-08,2,0,2
2016-11-08,1,1,0
2016-11-08,0,0,0
2016-11-08,4,0,4
2016-11-08,15,2,13
2016-11-08,36,8,28
2016-11-08,43,10,33
2016-11-08,23,6,17
2016-11-08,25,8,17
2016-11-08,12,8,4
2016-11-08,23,10,13
2016-11-08,25,12,13
2016-11-08,16,8,8
2016-11-08,29,16,13
2016-11-08,46,34,12
2016-11-08,40,24,16
2016-11-08,39,16,23
2016-11-08,20,6,14
2016-11-08,13,7,6
2016-11-08,10,3,7
2016-11-08,9,4,5
2016-11-08,7,5,2
2016-11-09,1,1,0
2016-11-09,2,1,1
2016-11-09,3,2,1
2016-11-09,1,1,0
2016-11-09,1,0,1
2016-11-09,6,0,6
2016-11-09,15,1,14
2016-11-09,25,5,20
2016-11-09,32,8,24
2016-11-09,13,7,6
2016-11-09,15,2,13
2016-11-09,4,2,2
2016-11-09,18,10,8
2016-11-09,16,10,6
2016-11-09,16,13,3
2016-11-09,22,12,10
2016-11-09,23,15,8
2016-11-09,44,28,16
2016-11-09,32,18,14
2016-11-09,18,7,11
2016-11-09,14,7,7
2016-11-09,10,7,3
2016-11-09,6,3,3
2016-11-09,5,3,2
2016-11-10,3,1,2
2016-11-10,5,2,3
2016-11-10,1,0,1
2016-11-10,0,0,0
2016-11-10,3,1,2
2016-11-10,6,1,5
2016-11-10,14,1,13
2016-11-10,29,5,24
2016-11-10,40,12,28
2016-11-10,17,7,10
2016-11-10,18,5,13
2016-11-10,15,6,9
2016-11-10,29,9,20
2016-11-10,21,10,11
2016-11-10,24,12,12
2016-11-10,17,8,9
2016-11-10,38,22,16
2016-11-10,57,36,21
2016-11-10,35,18,17
2016-11-10,23,13,10
2016-11-10,17,8,9
2016-11-10,17,11,6
2016-11-10,8,6,2
2016-11-10,20,11,9
2016-11-11,7,2,5
2016-11-11,0,0,0
2016-11-11,6,1,5
2016-11-11,1,1,0
2016-11-11,2,1,1
2016-11-11,3,0,3
2016-11-11,20,2,18
2016-11-11,17,1,16
2016-11-11,19,6,13
2016-11-11,19,9,10
2016-11-11,12,8,4
2016-11-11,17,11,6
2016-11-11,8,3,5
2016-11-11,23,10,13
2016-11-11,22,11,11
2016-11-11,19,9,10
2016-11-11,31,17,14
2016-11-11,40,23,17
2016-11-11,27,12,15
2016-11-11,12,3,9
2016-11-11,11,6,5
2016-11-11,8,4,4
2016-11-11,4,2,2
2016-11-11,8,4,4
2016-11-12,16,4,12
2016-11-12,6,2,4
2016-11-12,2,2,0
2016-11-12,2,0,2
2016-11-12,3,0,3
2016-11-12,3,0,3
2016-11-12,7,2,5
2016-11-12,8,3,5
2016-11-12,6,1,5
2016-11-12,5,2,3
2016-11-12,4,2,2
2016-11-12,14,12,2
2016-11-12,10,6,4
2016-11-12,18,11,7
2016-11-12,11,7,4
2016-11-12,16,5,11
2016-11-12,12,6,6
2016-11-12,11,5,6
2016-11-12,11,4,7
2016-11-12,11,5,6
2016-11-12,15,9,6
2016-11-12,10,3,7
2016-11-12,10,5,5
2016-11-12,5,2,3
2016-11-13,5,3,2
2016-11-13,6,2,4
2016-11-13,6,0,6
2016-11-13,0,0,0
2016-11-13,2,0,2
2016-11-13,2,0,2
2016-11-13,4,0,4
2016-11-13,6,2,4
2016-11-13,7,4,3
2016-11-13,2,0,2
2016-11-13,4,4,0
2016-11-13,9,7,2
2016-11-13,10,3,7
2016-11-13,10,7,3
2016-11-13,11,7,4
2016-11-13,5,2,3
2016-11-13,11,4,7
2016-11-13,7,3,4
2016-11-13,17,12,5
2016-11-13,8,6,2
2016-11-13,5,1,4
2016-11-13,5,4,1
2016-11-13,3,0,3
2016-11-13,2,2,0
2016-11-14,1,0,1
2016-11-14,0,0,0
2016-11-14,1,0,1
2016-11-14,1,1,0
2016-11-14,0,0,0
2016-11-14,3,0,3
2016-11-14,13,0,13
2016-11-14,25,2,23
2016-11-14,42,13,29
2016-11-14,13,4,9
2016-11-14,15,5,10
2016-11-14,8,2,6
2016-11-14,17,8,9
2016-11-14,14,7,7
2016-11-14,26,11,15
2016-11-14,22,12,10
2016-11-14,38,22,16
2016-11-14,61,37,24
2016-11-14,27,15,12
2016-11-14,17,8,9
2016-11-14,17,7,10
2016-11-14,15,7,8
2016-11-14,6,3,3
2016-11-14,1,1,0
2016-11-15,1,1,0
2016-11-15,0,0,0
2016-11-15,0,0,0
2016-11-15,1,1,0
2016-11-15,1,0,1
2016-11-15,2,1,1
2016-11-15,7,1,6
2016-11-15,30,7,23
2016-11-15,35,10,25
2016-11-15,19,8,11
2016-11-15,13,4,9
2016-11-15,16,5,11
2016-11-15,16,3,13
2016-11-15,23,12,11
2016-11-15,17,7,10
2016-11-15,22,12,10
2016-11-15,24,17,7
2016-11-15,47,33,14
2016-11-15,31,17,14
2016-11-15,13,6,7
2016-11-15,11,6,5
2016-11-15,4,1,3
2016-11-15,5,3,2
2016-11-15,5,3,2
2016-11-16,0,0,0
2016-11-16,1,1,0
2016-11-16,1,0,1
2016-11-16,0,0,0
2016-11-16,2,1,1
2016-11-16,6,0,6
2016-11-16,11,0,11
2016-11-16,31,7,24
2016-11-16,45,16,29
2016-11-16,18,7,11
2016-11-16,10,4,6
2016-11-16,15,5,10
2016-11-16,14,4,10
2016-11-16,14,6,8
2016-11-16,18,11,7
2016-11-16,22,14,8
2016-11-16,27,18,9
2016-11-16,54,36,18
2016-11-16,38,23,15
2016-11-16,20,7,13
2016-11-16,18,7,11
2016-11-16,13,6,7
2016-11-16,5,3,2
2016-11-16,3,1,2
2016-11-17,2,2,0
2016-11-17,1,1,0
2016-11-17,2,1,1
2016-11-17,1,0,1
2016-11-17,0,0,0
2016-11-17,5,1,4
2016-11-17,12,2,10
2016-11-17,34,9,25
2016-11-17,31,15,16
2016-11-17,18,7,11
2016-11-17,12,3,9
2016-11-17,9,6,3
2016-11-17,18,8,10
2016-11-17,15,6,9
2016-11-17,25,12,13
2016-11-17,10,3,7
2016-11-17,25,15,10
2016-11-17,47,31,16
2016-11-17,39,19,20
2016-11-17,6,5,1
2016-11-17,0,0,0
2016-11-17,4,1,3
2016-11-17,1,0,1
2016-11-17,10,3,7
2016-11-18,5,1,4
2016-11-18,6,3,3
2016-11-18,2,0,2
2016-11-18,0,0,0
2016-11-18,1,0,1
2016-11-18,4,1,3
2016-11-18,11,2,9
2016-11-18,26,6,20
2016-11-18,38,17,21
2016-11-18,15,6,9
2016-11-18,9,3,6
2016-11-18,9,3,6
2016-11-18,19,7,12
2016-11-18,16,12,4
2016-11-18,18,13,5
2016-11-18,17,12,5
2016-11-18,20,12,8
2016-11-18,58,35,23
2016-11-18,29,13,16
2016-11-18,23,11,12
2016-11-18,19,11,8
2016-11-18,9,4,5
2016-11-18,6,2,4
2016-11-18,7,4,3
2016-11-19,11,7,4
2016-11-19,6,0,6
2016-11-19,0,0,0
2016-11-19,1,0,1
2016-11-19,0,0,0
2016-11-19,4,1,3
2016-11-19,1,0,1
2016-11-19,5,2,3
2016-11-19,3,1,2
2016-11-19,6,2,4
2016-11-19,6,3,3
2016-11-19,8,4,4
2016-11-19,20,11,9
2016-11-19,17,7,10
2016-11-19,10,2,8
2016-11-19,14,8,6
2016-11-19,16,12,4
2016-11-19,11,5,6
2016-11-19,14,5,9
2016-11-19,12,4,8
2016-11-19,12,1,11
2016-11-19,9,7,2
2016-11-19,10,5,5
2016-11-19,7,3,4
2016-11-20,1,1,0
2016-11-20,6,1,5
2016-11-20,6,1,5
2016-11-20,2,0,2
2016-11-20,0,0,0
2016-11-20,1,0,1
2016-11-20,3,0,3
2016-11-20,7,2,5
2016-11-20,4,2,2
2016-11-20,8,3,5
2016-11-20,6,3,3
2016-11-20,8,4,4
2016-11-20,13,9,4
2016-11-20,12,5,7
2016-11-20,4,2,2
2016-11-20,7,6,1
2016-11-20,16,6,10
2016-11-20,8,3,5
2016-11-20,13,7,6
2016-11-20,12,6,6
2016-11-20,6,1,5
2016-11-20,6,3,3
2016-11-20,10,5,5
2016-11-20,3,0,3
2016-11-21,2,0,2
2016-11-21,1,1,0
2016-11-21,1,0,1
2016-11-21,0,0,0
2016-11-21,1,1,0
2016-11-21,3,0,3
2016-11-21,14,1,13
2016-11-21,38,9,29
2016-11-21,36,13,23
2016-11-21,22,11,11
2016-11-21,16,8,8
2016-11-21,12,3,9
2016-11-21,12,5,7
2016-11-21,9,3,6
2016-11-21,15,11,4
2016-11-21,19,10,9
2016-11-21,27,19,8
2016-11-21,44,25,19
2016-11-21,35,20,15
2016-11-21,31,16,15
2016-11-21,18,8,10
2016-11-21,6,2,4
2016-11-21,7,2,5
2016-11-21,6,2,4
2016-11-22,3,1,2
2016-11-22,1,0,1
2016-11-22,0,0,0
2016-11-22,0,0,0
2016-11-22,0,0,0
2016-11-22,4,0,4
2016-11-22,9,1,8
2016-11-22,25,3,22
2016-11-22,23,8,15
2016-11-22,26,11,15
2016-11-22,18,8,10
2016-11-22,5,3,2
2016-11-22,20,5,15
2016-11-22,16,7,9
2016-11-22,6,3,3
2016-11-22,19,8,11
2016-11-22,21,16,5
2016-11-22,27,20,7
2016-11-22,26,15,11
2016-11-22,9,6,3
2016-11-22,5,3,2
2016-11-22,6,2,4
2016-11-22,4,0,4
2016-11-22,7,5,2
2016-11-23,3,1,2
2016-11-23,0,0,0
2016-11-23,1,0,1
2016-11-23,0,0,0
2016-11-23,0,0,0
2016-11-23,3,0,3
2016-11-23,12,1,11
2016-11-23,26,4,22
2016-11-23,28,9,19
2016-11-23,14,7,7
2016-11-23,11,6,5
2016-11-23,10,4,6
2016-11-23,15,9,6
2016-11-23,21,12,9
2016-11-23,15,6,9
2016-11-23,13,9,4
2016-11-23,21,15,6
2016-11-23,32,23,9
2016-11-23,18,11,7
2016-11-23,14,6,8
2016-11-23,5,2,3
2016-11-23,8,4,4
2016-11-23,9,9,0
2016-11-23,5,1,4
2016-11-24,6,4,2
2016-11-24,5,0,5
2016-11-24,1,0,1
2016-11-24,0,0,0
2016-11-24,0,0,0
2016-11-24,2,0,2
2016-11-24,0,0,0
2016-11-24,4,1,3
2016-11-24,3,3,0
2016-11-24,3,1,2
2016-11-24,1,1,0
2016-11-24,0,0,0
2016-11-24,1,1,0
2016-11-24,3,2,1
2016-11-24,5,4,1
2016-11-24,0,0,0
2016-11-24,3,0,3
2016-11-24,0,0,0
2016-11-24,1,1,0
2016-11-24,2,2,0
2016-11-24,0,0,0
2016-11-24,2,1,1
2016-11-24,1,0,1
2016-11-24,3,3,0
2016-11-25,1,1,0
2016-11-25,0,0,0
2016-11-25,0,0,0
2016-11-25,0,0,0
2016-11-25,0,0,0
2016-11-25,4,0,4
2016-11-25,6,1,5
2016-11-25,3,1,2
2016-11-25,5,3,2
2016-11-25,5,1,4
2016-11-25,11,6,5
2016-11-25,8,2,6
2016-11-25,18,4,14
2016-11-25,8,1,7
2016-11-25,6,5,1
2016-11-25,14,6,8
2016-11-25,11,5,6
2016-11-25,14,7,7
2016-11-25,4,1,3
2016-11-25,5,3,2
2016-11-25,5,4,1
2016-11-25,8,3,5
2016-11-25,2,1,1
2016-11-25,3,1,2
2016-11-26,11,7,4
2016-11-26,4,2,2
2016-11-26,3,2,1
2016-11-26,2,0,2
2016-11-26,1,0,1
2016-11-26,3,0,3
2016-11-26,4,0,4
2016-11-26,7,3,4
2016-11-26,2,1,1
2016-11-26,3,1,2
2016-11-26,0,0,0
2016-11-26,5,3,2
2016-11-26,4,2,2
2016-11-26,5,1,4
2016-11-26,7,5,2
2016-11-26,10,3,7
2016-11-26,7,6,1
2016-11-26,6,3,3
2016-11-26,7,3,4
2016-11-26,8,4,4
2016-11-26,5,1,4
2016-11-26,9,3,6
2016-11-26,5,2,3
2016-11-26,5,3,2
2016-11-27,3,1,2
2016-11-27,3,2,1
2016-11-27,0,0,0
2016-11-27,1,0,1
2016-11-27,0,0,0
2016-11-27,2,0,2
2016-11-27,1,0,1
2016-11-27,8,5,3
2016-11-27,9,3,6
2016-11-27,4,2,2
2016-11-27,8,6,2
2016-11-27,4,3,1
2016-11-27,2,1,1
2016-11-27,7,4,3
2016-11-27,6,5,1
2016-11-27,6,1,5
2016-11-27,11,4,7
2016-11-27,6,3,3
2016-11-27,5,2,3
2016-11-27,7,3,4
2016-11-27,3,0,3
2016-11-27,6,4,2
2016-11-27,1,0,1
2016-11-27,2,0,2
2016-11-28,2,0,2
2016-11-28,0,0,0
2016-11-28,1,1,0
2016-11-28,0,0,0
2016-11-28,0,0,0
2016-11-28,4,0,4
2016-11-28,15,1,14
2016-11-28,24,2,22
2016-11-28,32,6,26
2016-11-28,22,11,11
2016-11-28,15,5,10
2016-11-28,11,2,9
2016-11-28,18,8,10
2016-11-28,18,11,7
2016-11-28,15,8,7
2016-11-28,23,14,9
2016-11-28,27,21,6
2016-11-28,41,26,15
2016-11-28,34,21,13
2016-11-28,11,5,6
2016-11-28,13,7,6
2016-11-28,12,6,6
2016-11-28,2,0,2
2016-11-28,2,2,0
2016-11-29,4,3,1
2016-11-29,0,0,0
2016-11-29,0,0,0
2016-11-29,1,1,0
2016-11-29,1,0,1
2016-11-29,7,2,5
2016-11-29,10,0,10
2016-11-29,29,7,22
2016-11-29,26,5,21
2016-11-29,23,12,11
2016-11-29,16,3,13
2016-11-29,10,6,4
2016-11-29,16,8,8
2016-11-29,11,6,5
2016-11-29,14,10,4
2016-11-29,19,10,9
2016-11-29,26,21,5
2016-11-29,44,23,21
2016-11-29,37,19,18
2016-11-29,16,9,7
2016-11-29,20,6,14
2016-11-29,7,5,2
2016-11-29,9,4,5
2016-11-29,2,1,1
2016-11-30,1,0,1
2016-11-30,0,0,0
2016-11-30,0,0,0
2016-11-30,0,0,0
2016-11-30,1,0,1
2016-11-30,6,2,4
2016-11-30,16,2,14
2016-11-30,28,5,23
2016-11-30,29,14,15
2016-11-30,20,6,14
2016-11-30,12,4,8
2016-11-30,12,1,11
2016-11-30,8,3,5
2016-11-30,17,9,8
2016-11-30,15,8,7
2016-11-30,16,10,6
2016-11-30,25,15,10
2016-11-30,36,25,11
2016-11-30,41,22,19
2016-11-30,15,7,8
2016-11-30,14,10,4
2016-11-30,9,7,2
2016-11-30,11,5,6
2016-11-30,6,4,2
2016-12-01,1,1,0
2016-12-01,2,1,1
2016-12-01,1,1,0
2016-12-01,2,1,1
2016-12-01,6,1,5
2016-12-01,4,0,4
2016-12-01,12,1,11
2016-12-01,21,7,14
2016-12-01,30,14,16
2016-12-01,15,6,9
2016-12-01,16,7,9
2016-12-01,15,5,10
2016-12-01,18,10,8
2016-12-01,13,8,5
2016-12-01,16,9,7
2016-12-01,19,9,10
2016-12-01,25,13,12
2016-12-01,43,26,17
2016-12-01,39,29,10
2016-12-01,32,21,11
2016-12-01,12,7,5
2016-12-01,12,5,7
2016-12-01,6,0,6
2016-12-01,2,1,1
2016-12-02,3,1,2
2016-12-02,1,0,1
2016-12-02,0,0,0
2016-12-02,0,0,0
2016-12-02,1,0,1
2016-12-02,4,2,2
2016-12-02,13,1,12
2016-12-02,22,4,18
2016-12-02,12,3,9
2016-12-02,12,6,6
2016-12-02,8,2,6
2016-12-02,10,4,6
2016-12-02,17,9,8
2016-12-02,12,4,8
2016-12-02,16,5,11
2016-12-02,16,9,7
2016-12-02,28,16,12
2016-12-02,27,18,9
2016-12-02,17,9,8
2016-12-02,12,8,4
2016-12-02,11,5,6
2016-12-02,1,1,0
2016-12-02,4,2,2
2016-12-02,8,2,6
2016-12-03,1,0,1
2016-12-03,3,1,2
2016-12-03,1,1,0
2016-12-03,1,0,1
2016-12-03,0,0,0
2016-12-03,1,0,1
2016-12-03,7,1,6
2016-12-03,6,1,5
2016-12-03,4,1,3
2016-12-03,0,0,0
2016-12-03,7,3,4
2016-12-03,9,5,4
2016-12-03,6,3,3
2016-12-03,15,6,9
2016-12-03,13,4,9
2016-12-03,9,5,4
2016-12-03,8,4,4
2016-12-03,9,6,3
2016-12-03,9,6,3
2016-12-03,9,6,3
2016-12-03,3,1,2
2016-12-03,2,1,1
2016-12-03,2,1,1
2016-12-03,5,1,4
2016-12-04,8,3,5
2016-12-04,3,1,2
2016-12-04,1,1,0
2016-12-04,1,0,1
2016-12-04,0,0,0
2016-12-04,0,0,0
2016-12-04,4,0,4
2016-12-04,1,0,1
2016-12-04,1,0,1
2016-12-04,0,0,0
2016-12-04,3,2,1
2016-12-04,5,4,1
2016-12-04,9,7,2
2016-12-04,13,2,11
2016-12-04,9,6,3
2016-12-04,14,4,10
2016-12-04,15,6,9
2016-12-04,8,4,4
2016-12-04,2,1,1
2016-12-04,5,2,3
2016-12-04,8,3,5
2016-12-04,9,3,6
2016-12-04,4,1,3
2016-12-04,2,2,0
2016-12-05,4,1,3
2016-12-05,1,1,0
2016-12-05,1,0,1
2016-12-05,0,0,0
2016-12-05,0,0,0
2016-12-05,4,1,3
2016-12-05,13,1,12
2016-12-05,16,3,13
2016-12-05,21,6,15
2016-12-05,11,5,6
2016-12-05,9,3,6
2016-12-05,7,4,3
2016-12-05,5,3,2
2016-12-05,6,0,6
2016-12-05,7,5,2
2016-12-05,11,8,3
2016-12-05,13,9,4
2016-12-05,40,31,9
2016-12-05,17,7,10
2016-12-05,9,6,3
2016-12-05,19,7,12
2016-12-05,8,3,5
2016-12-05,6,4,2
2016-12-05,6,5,1
2016-12-06,1,0,1
2016-12-06,1,1,0
2016-12-06,0,0,0
2016-12-06,1,1,0
2016-12-06,2,1,1
2016-12-06,4,1,3
2016-12-06,6,0,6
2016-12-06,19,3,16
2016-12-06,26,7,19
2016-12-06,16,8,8
2016-12-06,13,4,9
2016-12-06,10,7,3
2016-12-06,13,7,6
2016-12-06,11,6,5
2016-12-06,17,9,8
2016-12-06,15,9,6
2016-12-06,17,10,7
2016-12-06,36,20,16
2016-12-06,31,18,13
2016-12-06,18,13,5
2016-12-06,9,4,5
2016-12-06,9,4,5
2016-12-06,4,1,3
2016-12-06,3,3,0
2016-12-07,0,0,0
2016-12-07,0,0,0
2016-12-07,0,0,0
2016-12-07,1,1,0
2016-12-07,0,0,0
2016-12-07,4,1,3
2016-12-07,8,2,6
2016-12-07,32,6,26
2016-12-07,21,4,17
2016-12-07,21,7,14
2016-12-07,18,12,6
2016-12-07,16,7,9
2016-12-07,21,6,15
2016-12-07,9,5,4
2016-12-07,9,5,4
2016-12-07,19,13,6
2016-12-07,21,15,6
2016-12-07,32,25,7
2016-12-07,30,17,13
2016-12-07,20,10,10
2016-12-07,12,5,7
2016-12-07,14,3,11
2016-12-07,7,5,2
2016-12-07,4,2,2
2016-12-08,1,1,0
2016-12-08,0,0,0
2016-12-08,1,0,1
2016-12-08,1,1,0
2016-12-08,2,1,1
2016-12-08,2,0,2
2016-12-08,6,0,6
2016-12-08,21,5,16
2016-12-08,16,3,13
2016-12-08,16,8,8
2016-12-08,7,4,3
2016-12-08,10,2,8
2016-12-08,14,9,5
2016-12-08,4,2,2
2016-12-08,18,9,9
2016-12-08,10,7,3
2016-12-08,13,9,4
2016-12-08,25,18,7
2016-12-08,25,14,11
2016-12-08,13,5,8
2016-12-08,12,10,2
2016-12-08,6,4,2
2016-12-08,2,1,1
2016-12-08,3,3,0
2016-12-09,1,1,0
2016-12-09,0,0,0
2016-12-09,0,0,0
2016-12-09,0,0,0
2016-12-09,2,1,1
2016-12-09,1,1,0
2016-12-09,3,0,3
2016-12-09,5,0,5
2016-12-09,6,2,4
2016-12-09,6,4,2
2016-12-09,6,2,4
2016-12-09,6,2,4
2016-12-09,5,4,1
2016-12-09,7,5,2
2016-12-09,9,0,9
2016-12-09,8,5,3
2016-12-09,9,6,3
2016-12-09,10,7,3
2016-12-09,13,4,9
2016-12-09,7,4,3
2016-12-09,5,3,2
2016-12-09,3,3,0
2016-12-09,1,0,1
2016-12-09,2,2,0
2016-12-10,3,0,3
2016-12-10,2,0,2
2016-12-10,1,0,1
2016-12-10,0,0,0
2016-12-10,0,0,0
2016-12-10,4,1,3
2016-12-10,5,2,3
2016-12-10,2,1,1
2016-12-10,2,1,1
2016-12-10,4,3,1
2016-12-10,6,3,3
2016-12-10,2,0,2
2016-12-10,5,3,2
2016-12-10,2,1,1
2016-12-10,4,1,3
2016-12-10,8,6,2
2016-12-10,5,4,1
2016-12-10,4,4,0
2016-12-10,4,1,3
2016-12-10,11,8,3
2016-12-10,2,1,1
2016-12-10,3,0,3
2016-12-10,2,0,2
2016-12-10,2,1,1
2016-12-11,4,2,2
2016-12-11,4,1,3
2016-12-11,6,1,5
2016-12-11,1,1,0
2016-12-11,1,0,1
2016-12-11,0,0,0
2016-12-11,4,0,4
2016-12-11,2,0,2
2016-12-11,5,1,4
2016-12-11,2,0,2
2016-12-11,5,3,2
2016-12-11,4,3,1
2016-12-11,3,2,1
2016-12-11,6,3,3
2016-12-11,5,1,4
2016-12-11,5,2,3
2016-12-11,3,2,1
2016-12-11,9,5,4
2016-12-11,7,2,5
2016-12-11,4,2,2
2016-12-11,5,1,4
2016-12-11,7,3,4
2016-12-11,3,2,1
2016-12-11,0,0,0
2016-12-12,1,0,1
2016-12-12,1,1,0
2016-12-12,0,0,0
2016-12-12,0,0,0
2016-12-12,1,0,1
2016-12-12,4,0,4
2016-12-12,14,3,11
2016-12-12,21,4,17
2016-12-12,20,7,13
2016-12-12,18,5,13
2016-12-12,8,5,3
2016-12-12,5,3,2
2016-12-12,6,4,2
2016-12-12,9,4,5
2016-12-12,12,6,6
2016-12-12,12,7,5
2016-12-12,15,11,4
2016-12-12,39,29,10
2016-12-12,20,13,7
2016-12-12,10,1,9
2016-12-12,9,5,4
2016-12-12,6,4,2
2016-12-12,4,2,2
2016-12-12,3,2,1
2016-12-13,1,0,1
2016-12-13,0,0,0
2016-12-13,0,0,0
2016-12-13,0,0,0
2016-12-13,2,1,1
2016-12-13,5,2,3
2016-12-13,7,0,7
2016-12-13,21,5,16
2016-12-13,30,12,18
2016-12-13,18,9,9
2016-12-13,9,4,5
2016-12-13,7,2,5
2016-12-13,18,9,9
2016-12-13,15,8,7
2016-12-13,13,6,7
2016-12-13,9,8,1
2016-12-13,23,16,7
2016-12-13,34,23,11
2016-12-13,23,13,10
2016-12-13,17,9,8
2016-12-13,11,4,7
2016-12-13,13,6,7
2016-12-13,2,1,1
2016-12-13,4,2,2
2016-12-14,0,0,0
2016-12-14,0,0,0
2016-12-14,0,0,0
2016-12-14,1,1,0
2016-12-14,1,0,1
2016-12-14,10,3,7
2016-12-14,10,0,10
2016-12-14,25,6,19
2016-12-14,20,5,15
2016-12-14,13,5,8
2016-12-14,7,2,5
2016-12-14,8,3,5
2016-12-14,10,3,7
2016-12-14,7,4,3
2016-12-14,15,8,7
2016-12-14,22,14,8
2016-12-14,15,8,7
2016-12-14,28,19,9
2016-12-14,34,20,14
2016-12-14,25,10,15
2016-12-14,13,5,8
2016-12-14,6,5,1
2016-12-14,8,6,2
2016-12-14,3,2,1
2016-12-15,2,0,2
2016-12-15,1,1,0
2016-12-15,1,1,0
2016-12-15,0,0,0
2016-12-15,0,0,0
2016-12-15,10,0,10
2016-12-15,6,0,6
2016-12-15,26,6,20
2016-12-15,24,10,14
2016-12-15,12,3,9
2016-12-15,10,5,5
2016-12-15,13,4,9
2016-12-15,8,7,1
2016-12-15,12,7,5
2016-12-15,13,6,7
2016-12-15,12,7,5
2016-12-15,25,18,7
2016-12-15,36,19,17
2016-12-15,25,17,8
2016-12-15,18,11,7
2016-12-15,10,5,5
2016-12-15,6,6,0
2016-12-15,9,5,4
2016-12-15,6,4,2
2016-12-16,4,1,3
2016-12-16,5,1,4
2016-12-16,0,0,0
2016-12-16,0,0,0
2016-12-16,0,0,0
2016-12-16,6,0,6
2016-12-16,10,0,10
2016-12-16,17,5,12
2016-12-16,17,6,11
2016-12-16,12,4,8
2016-12-16,5,3,2
2016-12-16,11,9,2
2016-12-16,12,4,8
2016-12-16,6,5,1
2016-12-16,6,3,3
2016-12-16,10,5,5
2016-12-16,16,9,7
2016-12-16,29,20,9
2016-12-16,22,14,8
2016-12-16,11,7,4
2016-12-16,6,5,1
2016-12-16,5,4,1
2016-12-16,7,2,5
2016-12-16,3,3,0
2016-12-17,6,3,3
2016-12-17,2,0,2
2016-12-17,0,0,0
2016-12-17,1,1,0
2016-12-17,0,0,0
2016-12-17,1,0,1
2016-12-17,7,0,7
2016-12-17,5,3,2
2016-12-17,5,1,4
2016-12-17,2,0,2
2016-12-17,8,3,5
2016-12-17,5,3,2
2016-12-17,11,7,4
2016-12-17,11,5,6
2016-12-17,11,6,5
2016-12-17,9,6,3
2016-12-17,14,7,7
2016-12-17,10,2,8
2016-12-17,11,6,5
2016-12-17,9,6,3
2016-12-17,3,2,1
2016-12-17,6,3,3
2016-12-17,5,2,3
2016-12-17,2,1,1
2016-12-18,3,1,2
2016-12-18,1,0,1
2016-12-18,3,1,2
2016-12-18,0,0,0
2016-12-18,2,2,0
2016-12-18,1,0,1
2016-12-18,1,0,1
2016-12-18,5,2,3
2016-12-18,4,1,3
2016-12-18,3,2,1
2016-12-18,2,2,0
2016-12-18,3,1,2
2016-12-18,11,9,2
2016-12-18,2,2,0
2016-12-18,7,4,3
2016-12-18,6,3,3
2016-12-18,9,6,3
2016-12-18,6,4,2
2016-12-18,8,2,6
2016-12-18,6,2,4
2016-12-18,3,1,2
2016-12-18,6,0,6
2016-12-18,6,2,4
2016-12-18,1,1,0
2016-12-19,2,1,1
2016-12-19,0,0,0
2016-12-19,0,0,0
2016-12-19,0,0,0
2016-12-19,0,0,0
2016-12-19,4,2,2
2016-12-19,8,0,8
2016-12-19,14,3,11
2016-12-19,16,3,13
2016-12-19,12,8,4
2016-12-19,8,5,3
2016-12-19,1,0,1
2016-12-19,4,1,3
2016-12-19,6,3,3
2016-12-19,12,6,6
2016-12-19,10,4,6
2016-12-19,15,12,3
2016-12-19,23,17,6
2016-12-19,22,11,11
2016-12-19,10,6,4
2016-12-19,10,4,6
2016-12-19,6,3,3
2016-12-19,6,2,4
2016-12-19,5,4,1
2016-12-20,0,0,0
2016-12-20,0,0,0
2016-12-20,0,0,0
2016-12-20,0,0,0
2016-12-20,0,0,0
2016-12-20,3,1,2
2016-12-20,9,1,8
2016-12-20,7,1,6
2016-12-20,22,6,16
2016-12-20,9,5,4
2016-12-20,9,4,5
2016-12-20,11,2,9
2016-12-20,13,4,9
2016-12-20,6,6,0
2016-12-20,9,5,4
2016-12-20,12,6,6
2016-12-20,14,10,4
2016-12-20,20,14,6
2016-12-20,25,14,11
2016-12-20,17,9,8
2016-12-20,12,5,7
2016-12-20,11,4,7
2016-12-20,4,3,1
2016-12-20,2,1,1
2016-12-21,1,0,1
2016-12-21,0,0,0
2016-12-21,0,0,0
2016-12-21,0,0,0
2016-12-21,0,0,0
2016-12-21,2,1,1
2016-12-21,8,0,8
2016-12-21,12,1,11
2016-12-21,25,8,17
2016-12-21,6,2,4
2016-12-21,7,2,5
2016-12-21,5,4,1
2016-12-21,11,4,7
2016-12-21,8,3,5
2016-12-21,11,4,7
2016-12-21,20,13,7
2016-12-21,19,13,6
2016-12-21,34,25,9
2016-12-21,27,13,14
2016-12-21,7,5,2
2016-12-21,6,1,5
2016-12-21,1,0,1
2016-12-21,4,0,4
2016-12-21,5,4,1
2016-12-22,6,1,5
2016-12-22,1,0,1
2016-12-22,1,1,0
2016-12-22,2,0,2
2016-12-22,3,1,2
2016-12-22,4,0,4
2016-12-22,10,0,10
2016-12-22,11,2,9
2016-12-22,22,6,16
2016-12-22,7,5,2
2016-12-22,5,1,4
2016-12-22,10,5,5
2016-12-22,7,4,3
2016-12-22,10,6,4
2016-12-22,11,6,5
2016-12-22,9,4,5
2016-12-22,16,8,8
2016-12-22,19,11,8
2016-12-22,17,8,9
2016-12-22,10,5,5
2016-12-22,5,3,2
2016-12-22,0,0,0
2016-12-22,2,1,1
2016-12-22,3,2,1
2016-12-23,2,2,0
2016-12-23,4,0,4
2016-12-23,1,1,0
2016-12-23,0,0,0
2016-12-23,0,0,0
2016-12-23,3,0,3
2016-12-23,4,1,3
2016-12-23,10,3,7
2016-12-23,15,5,10
2016-12-23,5,1,4
2016-12-23,3,3,0
2016-12-23,6,2,4
2016-12-23,5,4,1
2016-12-23,6,3,3
2016-12-23,5,2,3
2016-12-23,6,4,2
2016-12-23,11,7,4
2016-12-23,9,7,2
2016-12-23,7,2,5
2016-12-23,6,5,1
2016-12-23,3,3,0
2016-12-23,3,1,2
2016-12-23,3,3,0
2016-12-23,3,0,3
2016-12-24,1,1,0
2016-12-24,3,3,0
2016-12-24,0,0,0
2016-12-24,0,0,0
2016-12-24,0,0,0
2016-12-24,2,0,2
2016-12-24,2,0,2
2016-12-24,4,3,1
2016-12-24,0,0,0
2016-12-24,1,1,0
2016-12-24,1,1,0
2016-12-24,7,5,2
2016-12-24,7,3,4
2016-12-24,3,1,2
2016-12-24,7,4,3
2016-12-24,3,2,1
2016-12-24,3,3,0
2016-12-24,5,3,2
2016-12-24,7,1,6
2016-12-24,1,1,0
2016-12-24,0,0,0
2016-12-24,1,1,0
2016-12-24,3,0,3
2016-12-24,4,3,1
2016-12-25,3,2,1
2016-12-25,1,1,0
2016-12-25,0,0,0
2016-12-25,0,0,0
2016-12-25,0,0,0
2016-12-25,1,0,1
2016-12-25,2,0,2
2016-12-25,2,1,1
2016-12-25,2,1,1
2016-12-25,0,0,0
2016-12-25,3,1,2
2016-12-25,0,0,0
2016-12-25,1,1,0
2016-12-25,3,2,1
2016-12-25,6,3,3
2016-12-25,1,1,0
2016-12-25,2,0,2
2016-12-25,1,1,0
2016-12-25,1,0,1
2016-12-25,1,0,1
2016-12-25,2,1,1
2016-12-25,3,2,1
2016-12-25,2,1,1
2016-12-25,0,0,0
2016-12-26,0,0,0
2016-12-26,0,0,0
2016-12-26,0,0,0
2016-12-26,0,0,0
2016-12-26,0,0,0
2016-12-26,2,0,2
2016-12-26,6,1,5
2016-12-26,7,3,4
2016-12-26,1,0,1
2016-12-26,1,0,1
2016-12-26,0,0,0
2016-12-26,7,3,4
2016-12-26,11,5,6
2016-12-26,5,3,2
2016-12-26,2,2,0
2016-12-26,6,4,2
2016-12-26,8,6,2
2016-12-26,6,3,3
2016-12-26,6,2,4
2016-12-26,7,2,5
2016-12-26,4,1,3
2016-12-26,3,2,1
2016-12-26,0,0,0
2016-12-26,0,0,0
2016-12-27,1,0,1
2016-12-27,1,0,1
2016-12-27,0,0,0
2016-12-27,2,1,1
2016-12-27,2,1,1
2016-12-27,3,0,3
2016-12-27,4,0,4
2016-12-27,11,0,11
2016-12-27,12,4,8
2016-12-27,5,2,3
2016-12-27,5,1,4
2016-12-27,5,1,4
2016-12-27,11,8,3
2016-12-27,7,4,3
2016-12-27,11,3,8
2016-12-27,7,3,4
2016-12-27,13,9,4
2016-12-27,4,2,2
2016-12-27,8,1,7
2016-12-27,11,2,9
2016-12-27,3,0,3
2016-12-27,1,0,1
2016-12-27,2,0,2
2016-12-27,2,1,1
2016-12-28,0,0,0
2016-12-28,0,0,0
2016-12-28,0,0,0
2016-12-28,0,0,0
2016-12-28,1,0,1
2016-12-28,3,0,3
2016-12-28,6,0,6
2016-12-28,12,0,12
2016-12-28,5,0,5
2016-12-28,6,1,5
2016-12-28,5,2,3
2016-12-28,8,1,7
2016-12-28,5,0,5
2016-12-28,5,1,4
2016-12-28,3,1,2
2016-12-28,4,0,4
2016-12-28,5,2,3
2016-12-28,10,2,8
2016-12-28,7,1,6
2016-12-28,2,0,2
2016-12-28,4,0,4
2016-12-28,4,0,4
2016-12-28,2,0,2
2016-12-28,8,2,6
2016-12-29,4,1,3
2016-12-29,2,1,1
2016-12-29,1,0,1
2016-12-29,0,0,0
2016-12-29,0,0,0
2016-12-29,2,0,2
2016-12-29,5,0,5
2016-12-29,5,0,5
2016-12-29,4,0,4
2016-12-29,3,0,3
2016-12-29,3,0,3
2016-12-29,1,0,1
2016-12-29,3,0,3
2016-12-29,0,0,0
2016-12-29,1,1,0
2016-12-29,4,0,4
2016-12-29,2,0,2
2016-12-29,2,0,2
2016-12-29,1,0,1
2016-12-29,2,1,1
2016-12-29,0,0,0
2016-12-29,0,0,0
2016-12-29,0,0,0
2016-12-29,2,2,0
2016-12-30,0,0,0
2016-12-30,1,0,1
2016-12-30,6,4,2
2016-12-30,0,0,0
2016-12-30,0,0,0
2016-12-30,0,0,0
2016-12-30,0,0,0
2016-12-30,0,0,0
2016-12-30,0,0,0
2016-12-30,0,0,0
2016-12-30,0,0,0
2016-12-30,0,0,0
2016-12-30,0,0,0
2016-12-30,0,0,0
2016-12-30,1,0,1
2016-12-30,0,0,0
2016-12-30,0,0,0
2016-12-30,0,0,0
2016-12-30,0,0,0
2016-12-30,1,1,0
2016-12-30,0,0,0
2016-12-30,0,0,0
2016-12-30,1,0,1
2016-12-30,0,0,0
2016-12-31,0,0,0
2016-12-31,1,0,1
2016-12-31,1,1,0
2016-12-31,0,0,0
2016-12-31,0,0,0
2016-12-31,0,0,0
2016-12-31,0,0,0
2016-12-31,0,0,0
2016-12-31,0,0,0
2016-12-31,0,0,0
2016-12-31,0,0,0
2016-12-31,0,0,0
2016-12-31,0,0,0
2016-12-31,0,0,0
2016-12-31,0,0,0
2016-12-31,0,0,0
2016-12-31,0,0,0
2016-12-31,0,0,0
2016-12-31,0,0,0
2016-12-31,0,0,0
2016-12-31,0,0,0
2016-12-31,0,0,0
2016-12-31,1,1,0
2016-12-31,1,1,0
2017-01-01,1,1,0
2017-01-01,4,0,4
2017-01-01,2,1,1
2017-01-01,0,0,0
2017-01-01,0,0,0
2017-01-01,0,0,0
2017-01-01,0,0,0
2017-01-01,0,0,0
2017-01-01,0,0,0
2017-01-01,0,0,0
2017-01-01,0,0,0
2017-01-01,0,0,0
2017-01-01,7,4,3
2017-01-01,2,1,1
2017-01-01,3,1,2
2017-01-01,0,0,0
2017-01-01,3,2,1
2017-01-01,3,2,1
2017-01-01,5,4,1
2017-01-01,4,2,2
2017-01-01,2,1,1
2017-01-01,2,1,1
2017-01-01,1,1,0
2017-01-01,0,0,0
2017-01-02,0,0,0
2017-01-02,0,0,0
2017-01-02,0,0,0
2017-01-02,0,0,0
2017-01-02,0,0,0
2017-01-02,0,0,0
2017-01-02,2,1,1
2017-01-02,1,0,1
2017-01-02,1,0,1
2017-01-02,2,0,2
2017-01-02,2,0,2
2017-01-02,4,0,4
2017-01-02,1,0,1
2017-01-02,6,0,6
2017-01-02,4,0,4
2017-01-02,5,0,5
2017-01-02,7,0,7
2017-01-02,1,0,1
2017-01-02,0,0,0
2017-01-02,3,0,3
2017-01-02,4,0,4
2017-01-02,0,0,0
2017-01-02,1,1,0
2017-01-02,1,0,1
2017-01-03,0,0,0
2017-01-03,0,0,0
2017-01-03,0,0,0
2017-01-03,0,0,0
2017-01-03,2,2,0
2017-01-03,0,0,0
2017-01-03,2,0,2
2017-01-03,6,0,6
2017-01-03,2,0,2
2017-01-03,,,
2017-01-03,5,1,4
2017-01-03,1,0,1
2017-01-03,6,0,6
2017-01-03,4,0,4
2017-01-03,4,0,4
2017-01-03,2,0,2
2017-01-03,12,0,12
2017-01-03,12,0,12
2017-01-03,10,0,10
2017-01-03,2,0,2
2017-01-03,2,0,2
2017-01-03,3,0,3
2017-01-03,2,0,2
2017-01-03,2,0,2
2017-01-04,0,0,0
2017-01-04,0,0,0
2017-01-04,0,0,0
2017-01-04,0,0,0
2017-01-04,0,0,0
2017-01-04,1,0,1
2017-01-04,2,0,2
2017-01-04,9,3,6
2017-01-04,7,0,7
2017-01-04,6,0,6
2017-01-04,4,0,4
2017-01-04,0,0,0
2017-01-04,4,0,4
2017-01-04,29,11,18
2017-01-04,9,5,4
2017-01-04,19,11,8
2017-01-04,18,9,9
2017-01-04,29,23,6
2017-01-04,18,7,11
2017-01-04,13,6,7
2017-01-04,8,4,4
2017-01-04,9,4,5
2017-01-04,8,7,1
2017-01-04,4,2,2
2017-01-05,1,1,0
2017-01-05,1,1,0
2017-01-05,0,0,0
2017-01-05,0,0,0
2017-01-05,0,0,0
2017-01-05,3,0,3
2017-01-05,9,1,8
2017-01-05,16,2,14
2017-01-05,22,4,18
2017-01-05,11,5,6
2017-01-05,9,2,7
2017-01-05,8,3,5
2017-01-05,5,3,2
2017-01-05,13,7,6
2017-01-05,12,6,6
2017-01-05,12,7,5
2017-01-05,20,11,9
2017-01-05,31,21,10
2017-01-05,14,8,6
2017-01-05,10,6,4
2017-01-05,10,6,4
2017-01-05,11,4,7
2017-01-05,7,5,2
2017-01-05,5,3,2
2017-01-06,1,0,1
2017-01-06,0,0,0
2017-01-06,0,0,0
2017-01-06,1,0,1
2017-01-06,0,0,0
2017-01-06,3,1,2
2017-01-06,6,1,5
2017-01-06,17,2,15
2017-01-06,24,8,16
2017-01-06,21,7,14
2017-01-06,12,3,9
2017-01-06,9,4,5
2017-01-06,6,2,4
2017-01-06,13,7,6
2017-01-06,12,8,4
2017-01-06,10,6,4
2017-01-06,19,12,7
2017-01-06,25,17,8
2017-01-06,20,11,9
2017-01-06,11,6,5
2017-01-06,14,9,5
2017-01-06,9,6,3
2017-01-06,2,0,2
2017-01-06,5,2,3
2017-01-07,2,2,0
2017-01-07,3,0,3
2017-01-07,0,0,0
2017-01-07,0,0,0
2017-01-07,0,0,0
2017-01-07,0,0,0
2017-01-07,3,2,1
2017-01-07,3,0,3
2017-01-07,6,2,4
2017-01-07,2,0,2
2017-01-07,4,1,3
2017-01-07,8,7,1
2017-01-07,10,4,6
2017-01-07,11,4,7
2017-01-07,5,2,3
2017-01-07,8,5,3
2017-01-07,5,1,4
2017-01-07,4,1,3
2017-01-07,5,2,3
2017-01-07,5,3,2
2017-01-07,8,2,6
2017-01-07,5,3,2
2017-01-07,3,3,0
2017-01-07,5,3,2
2017-01-08,2,1,1
2017-01-08,0,0,0
2017-01-08,0,0,0
2017-01-08,3,2,1
2017-01-08,0,0,0
2017-01-08,1,1,0
2017-01-08,3,0,3
2017-01-08,2,1,1
2017-01-08,3,0,3
2017-01-08,5,3,2
2017-01-08,2,2,0
2017-01-08,10,6,4
2017-01-08,4,2,2
2017-01-08,3,1,2
2017-01-08,4,3,1
2017-01-08,8,3,5
2017-01-08,5,2,3
2017-01-08,6,4,2
2017-01-08,1,1,0
2017-01-08,1,1,0
2017-01-08,3,2,1
2017-01-08,6,2,4
2017-01-08,0,0,0
2017-01-08,0,0,0
2017-01-09,2,0,2
2017-01-09,0,0,0
2017-01-09,0,0,0
2017-01-09,0,0,0
2017-01-09,0,0,0
2017-01-09,4,0,4
2017-01-09,11,2,9
2017-01-09,17,2,15
2017-01-09,27,7,20
2017-01-09,14,6,8
2017-01-09,21,8,13
2017-01-09,10,6,4
2017-01-09,14,3,11
2017-01-09,17,8,9
2017-01-09,15,11,4
2017-01-09,13,4,9
2017-01-09,19,13,6
2017-01-09,42,28,14
2017-01-09,28,19,9
2017-01-09,15,7,8
2017-01-09,15,10,5
2017-01-09,7,3,4
2017-01-09,7,5,2
2017-01-09,1,1,0
2017-01-10,1,0,1
2017-01-10,0,0,0
2017-01-10,0,0,0
2017-01-10,1,1,0
2017-01-10,1,0,1
2017-01-10,6,1,5
2017-01-10,9,0,9
2017-01-10,18,2,16
2017-01-10,22,6,16
2017-01-10,15,6,9
2017-01-10,8,1,7
2017-01-10,9,4,5
2017-01-10,15,7,8
2017-01-10,9,4,5
2017-01-10,17,8,9
2017-01-10,11,8,3
2017-01-10,28,20,8
2017-01-10,28,13,15
2017-01-10,24,13,11
2017-01-10,17,11,6
2017-01-10,23,12,11
2017-01-10,14,5,9
2017-01-10,6,4,2
2017-01-10,3,1,2
2017-01-11,0,0,0
2017-01-11,1,0,1
2017-01-11,0,0,0
2017-01-11,0,0,0
2017-01-11,0,0,0
2017-01-11,3,0,3
2017-01-11,8,1,7
2017-01-11,23,5,18
2017-01-11,29,8,21
2017-01-11,13,7,6
2017-01-11,18,6,12
2017-01-11,8,6,2
2017-01-11,10,4,6
2017-01-11,15,7,8
2017-01-11,15,12,3
2017-01-11,14,10,4
2017-01-11,12,8,4
2017-01-11,26,19,7
2017-01-11,19,9,10
2017-01-11,18,10,8
2017-01-11,12,7,5
2017-01-11,8,4,4
2017-01-11,4,3,1
2017-01-11,6,3,3
2017-01-12,2,1,1
2017-01-12,1,0,1
2017-01-12,0,0,0
2017-01-12,1,1,0
2017-01-12,0,0,0
2017-01-12,7,2,5
2017-01-12,4,0,4
2017-01-12,18,3,15
2017-01-12,29,10,19
2017-01-12,9,7,2
2017-01-12,5,1,4
2017-01-12,13,7,6
2017-01-12,13,9,4
2017-01-12,12,4,8
2017-01-12,13,9,4
2017-01-12,11,5,6
2017-01-12,19,15,4
2017-01-12,29,19,10
2017-01-12,27,14,13
2017-01-12,19,9,10
2017-01-12,14,5,9
2017-01-12,15,5,10
2017-01-12,4,1,3
2017-01-12,2,2,0
2017-01-13,1,1,0
2017-01-13,0,0,0
2017-01-13,0,0,0
2017-01-13,0,0,0
2017-01-13,1,0,1
2017-01-13,5,1,4
2017-01-13,11,0,11
2017-01-13,17,6,11
2017-01-13,19,2,17
2017-01-13,17,9,8
2017-01-13,10,4,6
2017-01-13,12,7,5
2017-01-13,16,5,11
2017-01-13,12,4,8
2017-01-13,20,10,10
2017-01-13,19,15,4
2017-01-13,25,20,5
2017-01-13,21,12,9
2017-01-13,18,6,12
2017-01-13,11,4,7
2017-01-13,14,6,8
2017-01-13,5,1,4
2017-01-13,4,3,1
2017-01-13,7,5,2
2017-01-14,3,1,2
2017-01-14,3,0,3
2017-01-14,1,0,1
2017-01-14,0,0,0
2017-01-14,1,1,0
2017-01-14,0,0,0
2017-01-14,2,1,1
2017-01-14,0,0,0
2017-01-14,4,3,1
2017-01-14,5,2,3
2017-01-14,7,6,1
2017-01-14,10,5,5
2017-01-14,12,6,6
2017-01-14,11,7,4
2017-01-14,10,5,5
2017-01-14,10,7,3
2017-01-14,11,5,6
2017-01-14,14,5,9
2017-01-14,10,4,6
2017-01-14,6,5,1
2017-01-14,3,2,1
2017-01-14,3,2,1
2017-01-14,2,2,0
2017-01-14,3,1,2
2017-01-15,3,0,3
2017-01-15,5,3,2
2017-01-15,1,1,0
2017-01-15,1,0,1
2017-01-15,0,0,0
2017-01-15,1,0,1
2017-01-15,3,1,2
2017-01-15,3,3,0
2017-01-15,6,3,3
2017-01-15,6,2,4
2017-01-15,3,0,3
2017-01-15,10,8,2
2017-01-15,12,6,6
2017-01-15,14,10,4
2017-01-15,11,4,7
2017-01-15,15,9,6
2017-01-15,10,5,5
2017-01-15,11,6,5
2017-01-15,14,4,10
2017-01-15,7,5,2
2017-01-15,6,2,4
2017-01-15,5,2,3
2017-01-15,2,0,2
2017-01-15,2,0,2
2017-01-16,1,0,1
2017-01-16,6,5,1
2017-01-16,0,0,0
2017-01-16,0,0,0
2017-01-16,0,0,0
2017-01-16,3,0,3
2017-01-16,9,3,6
2017-01-16,10,4,6
2017-01-16,16,3,13
2017-01-16,8,4,4
2017-01-16,12,4,8
2017-01-16,4,2,2
2017-01-16,5,1,4
2017-01-16,7,2,5
2017-01-16,13,7,6
2017-01-16,11,6,5
2017-01-16,25,14,11
2017-01-16,13,7,6
2017-01-16,27,16,11
2017-01-16,13,7,6
2017-01-16,6,2,4
2017-01-16,8,2,6
2017-01-16,5,1,4
2017-01-16,2,1,1
2017-01-17,2,1,1
2017-01-17,0,0,0
2017-01-17,1,0,1
2017-01-17,0,0,0
2017-01-17,0,0,0
2017-01-17,1,1,0
2017-01-17,10,1,9
2017-01-17,21,4,17
2017-01-17,33,10,23
2017-01-17,16,8,8
2017-01-17,13,4,9
2017-01-17,5,3,2
2017-01-17,4,1,3
2017-01-17,9,6,3
2017-01-17,14,9,5
2017-01-17,10,6,4
2017-01-17,16,12,4
2017-01-17,37,26,11
2017-01-17,14,5,9
2017-01-17,6,3,3
2017-01-17,9,4,5
2017-01-17,7,3,4
2017-01-17,2,0,2
2017-01-17,1,1,0
2017-01-18,0,0,0
2017-01-18,0,0,0
2017-01-18,0,0,0
2017-01-18,0,0,0
2017-01-18,0,0,0
2017-01-18,2,0,2
2017-01-18,6,0,6
2017-01-18,17,3,14
2017-01-18,19,5,14
2017-01-18,5,3,2
2017-01-18,10,2,8
2017-01-18,4,1,3
2017-01-18,10,2,8
2017-01-18,6,4,2
2017-01-18,10,5,5
2017-01-18,5,3,2
2017-01-18,20,11,9
2017-01-18,29,21,8
2017-01-18,19,12,7
2017-01-18,12,8,4
2017-01-18,13,4,9
2017-01-18,8,3,5
2017-01-18,2,1,1
2017-01-18,2,1,1
2017-01-19,0,0,0
2017-01-19,0,0,0
2017-01-19,0,0,0
2017-01-19,0,0,0
2017-01-19,2,0,2
2017-01-19,3,0,3
2017-01-19,12,1,11
2017-01-19,23,6,17
2017-01-19,18,4,14
2017-01-19,17,9,8
2017-01-19,9,4,5
2017-01-19,4,2,2
2017-01-19,10,5,5
2017-01-19,8,2,6
2017-01-19,6,2,4
2017-01-19,6,5,1
2017-01-19,20,11,9
2017-01-19,33,20,13
2017-01-19,23,15,8
2017-01-19,12,5,7
2017-01-19,7,3,4
2017-01-19,15,6,9
2017-01-19,4,3,1
2017-01-19,2,1,1
2017-01-20,2,1,1
2017-01-20,1,1,0
2017-01-20,0,0,0
2017-01-20,0,0,0
2017-01-20,0,0,0
2017-01-20,3,0,3
2017-01-20,4,0,4
2017-01-20,18,4,14
2017-01-20,24,5,19
2017-01-20,12,2,10
2017-01-20,9,3,6
2017-01-20,8,2,6
2017-01-20,8,1,7
2017-01-20,10,5,5
2017-01-20,13,5,8
2017-01-20,10,6,4
2017-01-20,25,19,6
2017-01-20,26,17,9
2017-01-20,24,10,14
2017-01-20,13,9,4
2017-01-20,16,11,5
2017-01-20,7,3,4
2017-01-20,6,6,0
2017-01-20,3,1,2
2017-01-21,3,3,0
2017-01-21,2,0,2
2017-01-21,2,1,1
2017-01-21,0,0,0
2017-01-21,0,0,0
2017-01-21,2,0,2
2017-01-21,4,0,4
2017-01-21,8,4,4
2017-01-21,7,2,5
2017-01-21,6,1,5
2017-01-21,22,3,19
2017-01-21,18,4,14
2017-01-21,18,11,7
2017-01-21,9,7,2
2017-01-21,19,13,6
2017-01-21,8,7,1
2017-01-21,22,7,15
2017-01-21,9,5,4
2017-01-21,10,3,7
2017-01-21,14,6,8
2017-01-21,7,4,3
2017-01-21,5,2,3
2017-01-21,3,1,2
2017-01-21,5,2,3
2017-01-22,7,6,1
2017-01-22,2,0,2
2017-01-22,7,3,4
2017-01-22,1,1,0
2017-01-22,1,1,0
2017-01-22,3,1,2
2017-01-22,7,1,6
2017-01-22,1,1,0
2017-01-22,3,1,2
2017-01-22,4,1,3
2017-01-22,1,0,1
2017-01-22,2,2,0
2017-01-22,4,0,4
2017-01-22,5,4,1
2017-01-22,5,2,3
2017-01-22,2,0,2
2017-01-22,7,3,4
2017-01-22,8,4,4
2017-01-22,7,1,6
2017-01-22,8,4,4
2017-01-22,9,5,4
2017-01-22,4,2,2
2017-01-22,2,2,0
2017-01-22,3,1,2
2017-01-23,1,0,1
2017-01-23,0,0,0
2017-01-23,0,0,0
2017-01-23,0,0,0
2017-01-23,0,0,0
2017-01-23,6,1,5
2017-01-23,12,1,11
2017-01-23,25,5,20
2017-01-23,26,4,22
2017-01-23,14,4,10
2017-01-23,13,6,7
2017-01-23,6,3,3
2017-01-23,16,8,8
2017-01-23,10,4,6
2017-01-23,21,14,7
2017-01-23,17,8,9
2017-01-23,22,14,8
2017-01-23,49,33,16
2017-01-23,20,8,12
2017-01-23,13,6,7
2017-01-23,16,7,9
2017-01-23,15,6,9
2017-01-23,5,3,2
2017-01-23,5,1,4
2017-01-24,2,0,2
2017-01-24,1,1,0
2017-01-24,0,0,0
2017-01-24,0,0,0
2017-01-24,1,0,1
2017-01-24,3,0,3
2017-01-24,10,2,8
2017-01-24,26,4,22
2017-01-24,23,11,12
2017-01-24,17,6,11
2017-01-24,8,4,4
2017-01-24,11,4,7
2017-01-24,15,4,11
2017-01-24,12,5,7
2017-01-24,13,6,7
2017-01-24,11,8,3
2017-01-24,20,14,6
2017-01-24,30,14,16
2017-01-24,25,15,10
2017-01-24,16,7,9
2017-01-24,19,7,12
2017-01-24,13,6,7
2017-01-24,5,2,3
2017-01-24,4,2,2
2017-01-25,2,2,0
2017-01-25,2,2,0
2017-01-25,0,0,0
2017-01-25,0,0,0
2017-01-25,2,2,0
2017-01-25,3,0,3
2017-01-25,10,1,9
2017-01-25,23,3,20
2017-01-25,22,4,18
2017-01-25,18,9,9
2017-01-25,8,2,6
2017-01-25,9,5,4
2017-01-25,14,5,9
2017-01-25,14,4,10
2017-01-25,19,10,9
2017-01-25,12,10,2
2017-01-25,16,10,6
2017-01-25,32,19,13
2017-01-25,22,8,14
2017-01-25,14,6,8
2017-01-25,17,7,10
2017-01-25,12,5,7
2017-01-25,4,3,1
2017-01-25,7,6,1
2017-01-26,1,1,0
2017-01-26,0,0,0
2017-01-26,0,0,0
2017-01-26,0,0,0
2017-01-26,0,0,0
2017-01-26,4,2,2
2017-01-26,11,1,10
2017-01-26,25,5,20
2017-01-26,23,8,15
2017-01-26,22,13,9
2017-01-26,5,2,3
2017-01-26,13,7,6
2017-01-26,9,2,7
2017-01-26,12,4,8
2017-01-26,12,5,7
2017-01-26,13,7,6
2017-01-26,22,15,7
2017-01-26,31,21,10
2017-01-26,27,10,17
2017-01-26,12,5,7
2017-01-26,18,8,10
2017-01-26,16,6,10
2017-01-26,4,3,1
2017-01-26,4,3,1
2017-01-27,3,1,2
2017-01-27,0,0,0
2017-01-27,0,0,0
2017-01-27,0,0,0
2017-01-27,0,0,0
2017-01-27,6,2,4
2017-01-27,13,3,10
2017-01-27,20,5,15
2017-01-27,26,8,18
2017-01-27,15,3,12
2017-01-27,13,3,10
2017-01-27,10,5,5
2017-01-27,15,7,8
2017-01-27,13,6,7
2017-01-27,19,10,9
2017-01-27,13,5,8
2017-01-27,33,26,7
2017-01-27,43,22,21
2017-01-27,14,5,9
2017-01-27,22,13,9
2017-01-27,12,7,5
2017-01-27,14,9,5
2017-01-27,4,3,1
2017-01-27,8,4,4
2017-01-28,9,4,5
2017-01-28,4,3,1
2017-01-28,1,0,1
2017-01-28,2,1,1
2017-01-28,1,1,0
2017-01-28,3,0,3
2017-01-28,4,1,3
2017-01-28,5,1,4
2017-01-28,4,2,2
2017-01-28,5,2,3
2017-01-28,7,2,5
2017-01-28,6,4,2
2017-01-28,8,4,4
2017-01-28,14,6,8
2017-01-28,11,5,6
2017-01-28,12,5,7
2017-01-28,12,7,5
2017-01-28,12,5,7
2017-01-28,7,3,4
2017-01-28,6,2,4
2017-01-28,8,6,2
2017-01-28,3,3,0
2017-01-28,5,2,3
2017-01-28,8,4,4
2017-01-29,6,2,4
2017-01-29,10,3,7
2017-01-29,11,2,9
2017-01-29,0,0,0
2017-01-29,0,0,0
2017-01-29,1,0,1
2017-01-29,3,0,3
2017-01-29,4,2,2
2017-01-29,7,5,2
2017-01-29,8,3,5
2017-01-29,5,5,0
2017-01-29,13,5,8
2017-01-29,16,6,10
2017-01-29,11,2,9
2017-01-29,12,5,7
2017-01-29,10,6,4
2017-01-29,15,8,7
2017-01-29,15,9,6
2017-01-29,15,4,11
2017-01-29,17,9,8
2017-01-29,11,4,7
2017-01-29,5,1,4
2017-01-29,12,10,2
2017-01-29,2,2,0
2017-01-30,0,0,0
2017-01-30,2,0,2
2017-01-30,0,0,0
2017-01-30,1,0,1
2017-01-30,0,0,0
2017-01-30,6,1,5
2017-01-30,8,2,6
2017-01-30,28,4,24
2017-01-30,31,9,22
2017-01-30,14,5,9
2017-01-30,9,3,6
2017-01-30,11,9,2
2017-01-30,12,3,9
2017-01-30,6,4,2
2017-01-30,9,7,2
2017-01-30,14,9,5
2017-01-30,22,15,7
2017-01-30,37,20,17
2017-01-30,23,11,12
2017-01-30,12,7,5
2017-01-30,14,8,6
2017-01-30,9,4,5
2017-01-30,2,0,2
2017-01-30,1,1,0
2017-01-31,2,1,1
2017-01-31,1,0,1
2017-01-31,0,0,0
2017-01-31,0,0,0
2017-01-31,2,0,2
2017-01-31,4,0,4
2017-01-31,10,2,8
2017-01-31,23,5,18
2017-01-31,27,10,17
2017-01-31,17,5,12
2017-01-31,9,2,7
2017-01-31,11,4,7
2017-01-31,12,6,6
2017-01-31,20,8,12
2017-01-31,12,7,5
2017-01-31,18,15,3
2017-01-31,17,13,4
2017-01-31,37,22,15
2017-01-31,30,15,15
2017-01-31,14,7,7
2017-01-31,8,3,5
2017-01-31,16,12,4
2017-01-31,9,4,5
2017-01-31,7,4,3
2017-02-01,1,0,1
2017-02-01,0,0,0
2017-02-01,0,0,0
2017-02-01,0,0,0
2017-02-01,3,1,2
2017-02-01,5,0,5
2017-02-01,8,1,7
2017-02-01,15,2,13
2017-02-01,36,10,26
2017-02-01,18,9,9
2017-02-01,11,1,10
2017-02-01,3,3,0
2017-02-01,21,7,14
2017-02-01,19,11,8
2017-02-01,20,11,9
2017-02-01,14,8,6
2017-02-01,20,13,7
2017-02-01,47,26,21
2017-02-01,33,21,12
2017-02-01,32,18,14
2017-02-01,16,11,5
2017-02-01,7,4,3
2017-02-01,6,3,3
2017-02-01,4,1,3
2017-02-02,0,0,0
2017-02-02,0,0,0
2017-02-02,1,1,0
2017-02-02,0,0,0
2017-02-02,1,1,0
2017-02-02,6,1,5
2017-02-02,11,0,11
2017-02-02,19,5,14
2017-02-02,27,6,21
2017-02-02,12,4,8
2017-02-02,9,4,5
2017-02-02,7,2,5
2017-02-02,11,6,5
2017-02-02,9,4,5
2017-02-02,8,2,6
2017-02-02,15,11,4
2017-02-02,19,8,11
2017-02-02,30,18,12
2017-02-02,27,14,13
2017-02-02,17,7,10
2017-02-02,11,7,4
2017-02-02,14,10,4
2017-02-02,6,2,4
2017-02-02,41,34,7
2017-02-03,4,2,2
2017-02-03,6,2,4
2017-02-03,0,0,0
2017-02-03,0,0,0
2017-02-03,0,0,0
2017-02-03,3,1,2
2017-02-03,2,1,1
2017-02-03,11,1,10
2017-02-03,20,3,17
2017-02-03,15,9,6
2017-02-03,10,4,6
2017-02-03,10,8,2
2017-02-03,6,1,5
2017-02-03,9,5,4
2017-02-03,7,4,3
2017-02-03,8,6,2
2017-02-03,8,5,3
2017-02-03,14,7,7
2017-02-03,13,11,2
2017-02-03,5,3,2
2017-02-03,2,1,1
2017-02-03,6,4,2
2017-02-03,5,1,4
2017-02-03,3,1,2
2017-02-04,0,0,0
2017-02-04,2,2,0
2017-02-04,0,0,0
2017-02-04,0,0,0
2017-02-04,1,1,0
2017-02-04,2,0,2
2017-02-04,4,1,3
2017-02-04,3,0,3
2017-02-04,2,0,2
2017-02-04,5,0,5
2017-02-04,9,4,5
2017-02-04,2,2,0
2017-02-04,7,3,4
2017-02-04,6,3,3
2017-02-04,6,3,3
2017-02-04,5,3,2
2017-02-04,5,4,1
2017-02-04,5,2,3
2017-02-04,5,5,0
2017-02-04,3,0,3
2017-02-04,4,2,2
2017-02-04,1,0,1
2017-02-04,2,0,2
2017-02-04,5,4,1
2017-02-05,4,3,1
2017-02-05,0,0,0
2017-02-05,2,1,1
2017-02-05,0,0,0
2017-02-05,2,2,0
2017-02-05,0,0,0
2017-02-05,3,1,2
2017-02-05,2,0,2
2017-02-05,2,1,1
2017-02-05,1,0,1
2017-02-05,2,1,1
2017-02-05,9,5,4
2017-02-05,1,1,0
2017-02-05,5,3,2
2017-02-05,5,2,3
2017-02-05,7,2,5
2017-02-05,8,5,3
2017-02-05,3,0,3
2017-02-05,7,4,3
2017-02-05,4,2,2
2017-02-05,5,2,3
2017-02-05,2,0,2
2017-02-05,2,0,2
2017-02-05,1,1,0
2017-02-06,0,0,0
2017-02-06,0,0,0
2017-02-06,0,0,0
2017-02-06,0,0,0
2017-02-06,1,0,1
2017-02-06,0,0,0
2017-02-06,5,1,4
2017-02-06,4,0,4
2017-02-06,4,1,3
2017-02-06,3,1,2
2017-02-06,4,1,3
2017-02-06,2,1,1
2017-02-06,0,0,0
2017-02-06,1,1,0
2017-02-06,1,0,1
2017-02-06,1,1,0
2017-02-06,1,0,1
2017-02-06,4,2,2
2017-02-06,0,0,0
2017-02-06,1,1,0
2017-02-06,0,0,0
2017-02-06,1,0,1
2017-02-06,0,0,0
2017-02-06,2,2,0
2017-02-07,0,0,0
2017-02-07,0,0,0
2017-02-07,0,0,0
2017-02-07,0,0,0
2017-02-07,0,0,0
2017-02-07,0,0,0
2017-02-07,1,0,1
2017-02-07,3,0,3
2017-02-07,5,3,2
2017-02-07,3,1,2
2017-02-07,6,3,3
2017-02-07,3,1,2
2017-02-07,4,1,3
2017-02-07,7,5,2
2017-02-07,6,3,3
2017-02-07,4,1,3
2017-02-07,8,3,5
2017-02-07,20,12,8
2017-02-07,14,8,6
2017-02-07,6,4,2
2017-02-07,9,6,3
2017-02-07,5,3,2
2017-02-07,3,2,1
2017-02-07,1,1,0
2017-02-08,0,0,0
2017-02-08,0,0,0
2017-02-08,0,0,0
2017-02-08,0,0,0
2017-02-08,1,1,0
2017-02-08,5,1,4
2017-02-08,8,2,6
2017-02-08,18,2,16
2017-02-08,17,2,15
2017-02-08,14,6,8
2017-02-08,9,5,4
2017-02-08,5,4,1
2017-02-08,7,2,5
2017-02-08,7,2,5
2017-02-08,10,7,3
2017-02-08,9,6,3
2017-02-08,19,17,2
2017-02-08,14,7,7
2017-02-08,19,9,10
2017-02-08,13,8,5
2017-02-08,3,3,0
2017-02-08,5,3,2
2017-02-08,2,2,0
2017-02-08,0,0,0
2017-02-09,0,0,0
2017-02-09,0,0,0
2017-02-09,1,0,1
2017-02-09,0,0,0
2017-02-09,1,0,1
2017-02-09,5,1,4
2017-02-09,3,1,2
2017-02-09,11,1,10
2017-02-09,16,4,12
2017-02-09,8,5,3
2017-02-09,8,2,6
2017-02-09,7,4,3
2017-02-09,8,5,3
2017-02-09,7,5,2
2017-02-09,7,5,2
2017-02-09,12,7,5
2017-02-09,14,10,4
2017-02-09,26,18,8
2017-02-09,17,8,9
2017-02-09,10,5,5
2017-02-09,12,6,6
2017-02-09,7,7,0
2017-02-09,3,3,0
2017-02-09,2,0,2
2017-02-10,2,0,2
2017-02-10,2,2,0
2017-02-10,0,0,0
2017-02-10,0,0,0
2017-02-10,2,1,1
2017-02-10,4,1,3
2017-02-10,7,1,6
2017-02-10,16,3,13
2017-02-10,29,12,17
2017-02-10,12,3,9
2017-02-10,9,6,3
2017-02-10,6,2,4
2017-02-10,11,3,8
2017-02-10,9,3,6
2017-02-10,11,7,4
2017-02-10,11,8,3
2017-02-10,24,17,7
2017-02-10,29,18,11
2017-02-10,17,7,10
2017-02-10,8,5,3
2017-02-10,13,8,5
2017-02-10,4,2,2
2017-02-10,3,1,2
2017-02-10,4,3,1
2017-02-11,2,2,0
2017-02-11,2,2,0
2017-02-11,2,1,1
2017-02-11,0,0,0
2017-02-11,1,1,0
2017-02-11,2,0,2
2017-02-11,6,2,4
2017-02-11,4,1,3
2017-02-11,2,0,2
2017-02-11,3,1,2
2017-02-11,7,1,6
2017-02-11,13,7,6
2017-02-11,10,4,6
2017-02-11,11,4,7
2017-02-11,13,8,5
2017-02-11,12,6,6
2017-02-11,12,6,6
2017-02-11,13,10,3
2017-02-11,10,2,8
2017-02-11,12,5,7
2017-02-11,7,4,3
2017-02-11,0,0,0
2017-02-11,4,0,4
2017-02-11,4,3,1
2017-02-12,5,2,3
2017-02-12,2,2,0
2017-02-12,0,0,0
2017-02-12,0,0,0
2017-02-12,0,0,0
2017-02-12,1,1,0
2017-02-12,3,0,3
2017-02-12,2,1,1
2017-02-12,5,3,2
2017-02-12,5,1,4
2017-02-12,4,4,0
2017-02-12,13,8,5
2017-02-12,9,3,6
2017-02-12,12,6,6
2017-02-12,17,10,7
2017-02-12,24,12,12
2017-02-12,20,11,9
2017-02-12,8,4,4
2017-02-12,25,8,17
2017-02-12,7,4,3
2017-02-12,7,3,4
2017-02-12,10,3,7
2017-02-12,3,1,2
2017-02-12,1,1,0
2017-02-13,1,1,0
2017-02-13,2,0,2
2017-02-13,0,0,0
2017-02-13,0,0,0
2017-02-13,1,0,1
2017-02-13,3,1,2
2017-02-13,12,0,12
2017-02-13,30,5,25
2017-02-13,40,16,24
2017-02-13,20,9,11
2017-02-13,20,8,12
2017-02-13,8,4,4
2017-02-13,21,12,9
2017-02-13,10,5,5
2017-02-13,9,5,4
2017-02-13,16,12,4
2017-02-13,28,21,7
2017-02-13,40,29,11
2017-02-13,27,10,17
2017-02-13,18,9,9
2017-02-13,13,5,8
2017-02-13,9,3,6
2017-02-13,7,2,5
2017-02-13,3,2,1
2017-02-14,3,1,2
2017-02-14,0,0,0
2017-02-14,2,1,1
2017-02-14,0,0,0
2017-02-14,1,1,0
2017-02-14,4,1,3
2017-02-14,13,1,12
2017-02-14,25,7,18
2017-02-14,42,13,29
2017-02-14,14,6,8
2017-02-14,10,4,6
2017-02-14,10,4,6
2017-02-14,9,6,3
2017-02-14,14,5,9
2017-02-14,15,8,7
2017-02-14,20,10,10
2017-02-14,25,15,10
2017-02-14,33,20,13
2017-02-14,28,17,11
2017-02-14,13,4,9
2017-02-14,18,10,8
2017-02-14,10,3,7
2017-02-14,6,1,5
2017-02-14,5,3,2
2017-02-15,1,1,0
2017-02-15,0,0,0
2017-02-15,0,0,0
2017-02-15,0,0,0
2017-02-15,1,1,0
2017-02-15,2,0,2
2017-02-15,7,2,5
2017-02-15,19,6,13
2017-02-15,27,9,18
2017-02-15,12,4,8
2017-02-15,15,7,8
2017-02-15,9,4,5
2017-02-15,10,3,7
2017-02-15,5,2,3
2017-02-15,11,9,2
2017-02-15,8,5,3
2017-02-15,14,11,3
2017-02-15,25,18,7
2017-02-15,19,11,8
2017-02-15,16,7,9
2017-02-15,7,5,2
2017-02-15,12,7,5
2017-02-15,4,3,1
2017-02-15,2,2,0
2017-02-16,0,0,0
2017-02-16,0,0,0
2017-02-16,0,0,0
2017-02-16,1,0,1
2017-02-16,3,0,3
2017-02-16,1,0,1
2017-02-16,8,1,7
2017-02-16,24,5,19
2017-02-16,26,6,20
2017-02-16,16,5,11
2017-02-16,13,5,8
2017-02-16,13,4,9
2017-02-16,18,12,6
2017-02-16,7,2,5
2017-02-16,6,4,2
2017-02-16,14,6,8
2017-02-16,12,8,4
2017-02-16,37,22,15
2017-02-16,19,6,13
2017-02-16,14,6,8
2017-02-16,23,9,14
2017-02-16,18,9,9
2017-02-16,7,7,0
2017-02-16,6,5,1
2017-02-17,3,0,3
2017-02-17,3,1,2
2017-02-17,0,0,0
2017-02-17,0,0,0
2017-02-17,1,0,1
2017-02-17,3,0,3
2017-02-17,12,3,9
2017-02-17,28,5,23
2017-02-17,22,7,15
2017-02-17,16,4,12
2017-02-17,18,6,12
2017-02-17,18,15,3
2017-02-17,5,2,3
2017-02-17,12,5,7
2017-02-17,15,7,8
2017-02-17,25,15,10
2017-02-17,33,24,9
2017-02-17,33,22,11
2017-02-17,25,12,13
2017-02-17,8,5,3
2017-02-17,13,6,7
2017-02-17,8,3,5
2017-02-17,6,3,3
2017-02-17,11,5,6
2017-02-18,9,4,5
2017-02-18,4,2,2
2017-02-18,0,0,0
2017-02-18,0,0,0
2017-02-18,1,1,0
2017-02-18,1,0,1
2017-02-18,8,1,7
2017-02-18,6,2,4
2017-02-18,4,3,1
2017-02-18,4,1,3
2017-02-18,3,1,2
2017-02-18,5,4,1
2017-02-18,7,4,3
2017-02-18,8,5,3
2017-02-18,12,6,6
2017-02-18,2,2,0
2017-02-18,9,6,3
2017-02-18,16,6,10
2017-02-18,12,6,6
2017-02-18,10,3,7
2017-02-18,6,2,4
2017-02-18,5,2,3
2017-02-18,7,1,6
2017-02-18,4,4,0
2017-02-19,3,0,3
2017-02-19,7,4,3
2017-02-19,6,1,5
2017-02-19,0,0,0
2017-02-19,0,0,0
2017-02-19,0,0,0
2017-02-19,3,0,3
2017-02-19,9,6,3
2017-02-19,3,1,2
2017-02-19,2,1,1
2017-02-19,2,0,2
2017-02-19,4,2,2
2017-02-19,7,6,1
2017-02-19,9,4,5
2017-02-19,8,2,6
2017-02-19,12,3,9
2017-02-19,4,2,2
2017-02-19,3,0,3
2017-02-19,5,1,4
2017-02-19,4,1,3
2017-02-19,2,1,1
2017-02-19,4,0,4
2017-02-19,3,1,2
2017-02-19,5,3,2
2017-02-20,2,0,2
2017-02-20,2,1,1
2017-02-20,1,1,0
2017-02-20,0,0,0
2017-02-20,0,0,0
2017-02-20,4,1,3
2017-02-20,7,3,4
2017-02-20,10,2,8
2017-02-20,13,2,11
2017-02-20,6,3,3
2017-02-20,6,4,2
2017-02-20,3,2,1
2017-02-20,3,2,1
2017-02-20,5,4,1
2017-02-20,11,5,6
2017-02-20,4,3,1
2017-02-20,12,7,5
2017-02-20,18,11,7
2017-02-20,7,3,4
2017-02-20,7,5,2
2017-02-20,7,1,6
2017-02-20,5,1,4
2017-02-20,0,0,0
2017-02-20,4,2,2
2017-02-21,3,2,1
2017-02-21,0,0,0
2017-02-21,0,0,0
2017-02-21,0,0,0
2017-02-21,1,0,1
2017-02-21,4,1,3
2017-02-21,7,2,5
2017-02-21,21,3,18
2017-02-21,14,7,7
2017-02-21,12,4,8
2017-02-21,8,2,6
2017-02-21,12,6,6
2017-02-21,6,4,2
2017-02-21,9,2,7
2017-02-21,8,5,3
2017-02-21,15,8,7
2017-02-21,15,10,5
2017-02-21,34,23,11
2017-02-21,18,14,4
2017-02-21,14,6,8
2017-02-21,18,11,7
2017-02-21,10,4,6
2017-02-21,5,2,3
2017-02-21,4,3,1
2017-02-22,1,1,0
2017-02-22,1,0,1
2017-02-22,1,0,1
2017-02-22,0,0,0
2017-02-22,2,1,1
2017-02-22,2,0,2
2017-02-22,11,1,10
2017-02-22,23,4,19
2017-02-22,18,3,15
2017-02-22,14,10,4
2017-02-22,12,5,7
2017-02-22,14,1,13
2017-02-22,23,17,6
2017-02-22,12,4,8
2017-02-22,17,12,5
2017-02-22,16,10,6
2017-02-22,24,16,8
2017-02-22,40,24,16
2017-02-22,29,17,12
2017-02-22,12,6,6
2017-02-22,18,11,7
2017-02-22,10,4,6
2017-02-22,2,1,1
2017-02-22,5,3,2
2017-02-23,4,3,1
2017-02-23,4,1,3
2017-02-23,1,1,0
2017-02-23,0,0,0
2017-02-23,1,1,0
2017-02-23,3,1,2
2017-02-23,9,1,8
2017-02-23,25,4,21
2017-02-23,17,5,12
2017-02-23,12,8,4
2017-02-23,13,3,10
2017-02-23,11,2,9
2017-02-23,7,1,6
2017-02-23,7,4,3
2017-02-23,16,10,6
2017-02-23,15,7,8
2017-02-23,22,13,9
2017-02-23,35,22,13
2017-02-23,20,11,9
2017-02-23,25,13,12
2017-02-23,15,8,7
2017-02-23,10,5,5
2017-02-23,4,4,0
2017-02-23,5,5,0
2017-02-24,2,0,2
2017-02-24,1,0,1
2017-02-24,0,0,0
2017-02-24,0,0,0
2017-02-24,1,0,1
2017-02-24,4,1,3
2017-02-24,10,0,10
2017-02-24,15,3,12
2017-02-24,18,5,13
2017-02-24,9,4,5
2017-02-24,10,3,7
2017-02-24,8,3,5
2017-02-24,14,5,9
2017-02-24,15,8,7
2017-02-24,11,7,4
2017-02-24,13,10,3
2017-02-24,27,18,9
2017-02-24,26,16,10
2017-02-24,19,10,9
2017-02-24,15,7,8
2017-02-24,15,10,5
2017-02-24,10,5,5
2017-02-24,4,2,2
2017-02-24,1,1,0
2017-02-25,4,3,1
2017-02-25,6,1,5
2017-02-25,2,0,2
2017-02-25,1,0,1
2017-02-25,1,1,0
2017-02-25,3,0,3
2017-02-25,6,1,5
2017-02-25,5,1,4
2017-02-25,5,1,4
2017-02-25,4,1,3
2017-02-25,3,1,2
2017-02-25,11,3,8
2017-02-25,21,7,14
2017-02-25,13,7,6
2017-02-25,18,8,10
2017-02-25,12,6,6
2017-02-25,17,7,10
2017-02-25,10,7,3
2017-02-25,10,3,7
2017-02-25,9,5,4
2017-02-25,3,2,1
2017-02-25,4,1,3
2017-02-25,2,1,1
2017-02-25,8,4,4
2017-02-26,0,0,0
2017-02-26,1,1,0
2017-02-26,0,0,0
2017-02-26,0,0,0
2017-02-26,1,1,0
2017-02-26,2,0,2
2017-02-26,8,3,5
2017-02-26,7,3,4
2017-02-26,3,1,2
2017-02-26,4,3,1
2017-02-26,4,1,3
2017-02-26,10,5,5
2017-02-26,1,0,1
2017-02-26,8,3,5
2017-02-26,5,1,4
2017-02-26,9,4,5
2017-02-26,12,5,7
2017-02-26,4,4,0
2017-02-26,21,9,12
2017-02-26,9,5,4
2017-02-26,6,1,5
2017-02-26,5,2,3
2017-02-26,3,1,2
2017-02-26,3,2,1
2017-02-27,2,1,1
2017-02-27,4,0,4
2017-02-27,0,0,0
2017-02-27,1,0,1
2017-02-27,2,2,0
2017-02-27,2,0,2
2017-02-27,6,0,6
2017-02-27,12,1,11
2017-02-27,9,2,7
2017-02-27,11,6,5
2017-02-27,6,2,4
2017-02-27,7,2,5
2017-02-27,14,5,9
2017-02-27,6,3,3
2017-02-27,15,10,5
2017-02-27,11,6,5
2017-02-27,11,6,5
2017-02-27,19,13,6
2017-02-27,11,7,4
2017-02-27,7,5,2
2017-02-27,10,5,5
2017-02-27,2,0,2
2017-02-27,1,0,1
2017-02-27,4,3,1
2017-02-28,2,2,0
2017-02-28,0,0,0
2017-02-28,0,0,0
2017-02-28,1,0,1
2017-02-28,1,0,1
2017-02-28,3,0,3
2017-02-28,8,1,7
2017-02-28,21,3,18
2017-02-28,20,3,17
2017-02-28,9,4,5
2017-02-28,15,0,15
2017-02-28,10,3,7
2017-02-28,10,4,6
2017-02-28,16,9,7
2017-02-28,15,6,9
2017-02-28,17,11,6
2017-02-28,17,11,6
2017-02-28,28,14,14
2017-02-28,19,18,1
2017-02-28,18,12,6
2017-02-28,18,5,13
2017-02-28,10,7,3
2017-02-28,5,3,2
2017-02-28,6,5,1
2017-03-01,0,0,0
2017-03-01,0,0,0
2017-03-01,0,0,0
2017-03-01,0,0,0
2017-03-01,2,2,0
2017-03-01,5,2,3
2017-03-01,10,0,10
2017-03-01,21,5,16
2017-03-01,33,11,22
2017-03-01,18,3,15
2017-03-01,17,10,7
2017-03-01,12,5,7
2017-03-01,14,7,7
2017-03-01,15,6,9
2017-03-01,14,8,6
2017-03-01,22,13,9
2017-03-01,23,13,10
2017-03-01,35,24,11
2017-03-01,29,14,15
2017-03-01,20,11,9
2017-03-01,15,9,6
2017-03-01,7,3,4
2017-03-01,6,2,4
2017-03-01,6,4,2
2017-03-02,0,0,0
2017-03-02,3,0,3
2017-03-02,1,0,1
2017-03-02,0,0,0
2017-03-02,1,0,1
2017-03-02,6,2,4
2017-03-02,6,0,6
2017-03-02,20,2,18
2017-03-02,27,10,17
2017-03-02,19,7,12
2017-03-02,9,2,7
2017-03-02,12,6,6
2017-03-02,14,6,8
2017-03-02,5,4,1
2017-03-02,7,5,2
2017-03-02,7,3,4
2017-03-02,15,11,4
2017-03-02,24,15,9
2017-03-02,23,13,10
2017-03-02,10,8,2
2017-03-02,13,4,9
2017-03-02,3,2,1
2017-03-02,1,0,1
2017-03-02,5,4,1
2017-03-03,2,2,0
2017-03-03,2,0,2
2017-03-03,1,0,1
2017-03-03,0,0,0
2017-03-03,0,0,0
2017-03-03,4,1,3
2017-03-03,5,0,5
2017-03-03,24,3,21
2017-03-03,18,6,12
2017-03-03,11,2,9
2017-03-03,6,0,6
2017-03-03,3,3,0
2017-03-03,11,5,6
2017-03-03,7,1,6
2017-03-03,13,8,5
2017-03-03,10,4,6
2017-03-03,18,14,4
2017-03-03,27,17,10
2017-03-03,9,4,5
2017-03-03,12,9,3
2017-03-03,10,7,3
2017-03-03,11,4,7
2017-03-03,4,2,2
2017-03-03,4,2,2
2017-03-04,4,4,0
2017-03-04,2,1,1
2017-03-04,1,0,1
2017-03-04,0,0,0
2017-03-04,0,0,0
2017-03-04,0,0,0
2017-03-04,3,1,2
2017-03-04,12,4,8
2017-03-04,11,2,9
2017-03-04,5,2,3
2017-03-04,8,2,6
2017-03-04,7,4,3
2017-03-04,8,6,2
2017-03-04,17,8,9
2017-03-04,18,10,8
2017-03-04,7,5,2
2017-03-04,10,7,3
2017-03-04,14,8,6
2017-03-04,8,5,3
2017-03-04,19,6,13
2017-03-04,10,4,6
2017-03-04,5,2,3
2017-03-04,5,2,3
2017-03-04,3,1,2
2017-03-05,1,1,0
2017-03-05,3,1,2
2017-03-05,1,1,0
2017-03-05,0,0,0
2017-03-05,1,0,1
2017-03-05,2,0,2
2017-03-05,8,3,5
2017-03-05,6,1,5
2017-03-05,5,2,3
2017-03-05,3,0,3
2017-03-05,6,3,3
2017-03-05,13,4,9
2017-03-05,2,1,1
2017-03-05,3,2,1
2017-03-05,7,4,3
2017-03-05,11,4,7
2017-03-05,9,4,5
2017-03-05,4,3,1
2017-03-05,8,4,4
2017-03-05,8,5,3
2017-03-05,6,3,3
2017-03-05,4,0,4
2017-03-05,2,1,1
2017-03-05,2,2,0
2017-03-06,0,0,0
2017-03-06,0,0,0
2017-03-06,1,0,1
2017-03-06,1,0,1
2017-03-06,0,0,0
2017-03-06,4,0,4
2017-03-06,12,2,10
2017-03-06,25,4,21
2017-03-06,31,5,26
2017-03-06,12,3,9
2017-03-06,10,2,8
2017-03-06,7,5,2
2017-03-06,9,4,5
2017-03-06,12,6,6
2017-03-06,12,7,5
2017-03-06,12,10,2
2017-03-06,14,8,6
2017-03-06,41,25,16
2017-03-06,25,16,9
2017-03-06,17,11,6
2017-03-06,15,6,9
2017-03-06,7,3,4
2017-03-06,3,2,1
2017-03-06,2,2,0
2017-03-07,0,0,0
2017-03-07,1,0,1
2017-03-07,1,0,1
2017-03-07,1,0,1
2017-03-07,1,0,1
2017-03-07,4,1,3
2017-03-07,10,1,9
2017-03-07,25,5,20
2017-03-07,25,7,18
2017-03-07,7,2,5
2017-03-07,8,2,6
2017-03-07,8,3,5
2017-03-07,7,5,2
2017-03-07,11,4,7
2017-03-07,14,9,5
2017-03-07,6,6,0
2017-03-07,16,12,4
2017-03-07,24,18,6
2017-03-07,12,8,4
2017-03-07,13,11,2
2017-03-07,14,7,7
2017-03-07,10,4,6
2017-03-07,3,0,3
2017-03-07,4,4,0
2017-03-08,0,0,0
2017-03-08,0,0,0
2017-03-08,0,0,0
2017-03-08,1,0,1
2017-03-08,1,1,0
2017-03-08,5,0,5
2017-03-08,12,2,10
2017-03-08,27,5,22
2017-03-08,33,11,22
2017-03-08,11,3,8
2017-03-08,17,5,12
2017-03-08,9,5,4
2017-03-08,19,10,9
2017-03-08,16,10,6
2017-03-08,13,6,7
2017-03-08,18,9,9
2017-03-08,21,13,8
2017-03-08,28,22,6
2017-03-08,26,18,8
2017-03-08,12,6,6
2017-03-08,25,14,11
2017-03-08,4,3,1
2017-03-08,8,1,7
2017-03-08,4,3,1
2017-03-09,2,1,1
2017-03-09,0,0,0
2017-03-09,0,0,0
2017-03-09,1,0,1
2017-03-09,1,0,1
2017-03-09,5,0,5
2017-03-09,8,0,8
2017-03-09,23,4,19
2017-03-09,11,1,10
2017-03-09,15,5,10
2017-03-09,10,4,6
2017-03-09,6,2,4
2017-03-09,10,6,4
2017-03-09,9,4,5
2017-03-09,7,3,4
2017-03-09,8,5,3
2017-03-09,16,9,7
2017-03-09,22,18,4
2017-03-09,28,14,14
2017-03-09,20,10,10
2017-03-09,16,10,6
2017-03-09,13,5,8
2017-03-09,0,0,0
2017-03-09,4,3,1
2017-03-10,1,0,1
2017-03-10,0,0,0
2017-03-10,0,0,0
2017-03-10,1,0,1
2017-03-10,0,0,0
2017-03-10,3,0,3
2017-03-10,7,1,6
2017-03-10,16,2,14
2017-03-10,17,1,16
2017-03-10,11,3,8
2017-03-10,7,2,5
2017-03-10,8,0,8
2017-03-10,18,10,8
2017-03-10,8,4,4
2017-03-10,12,6,6
2017-03-10,14,8,6
2017-03-10,13,10,3
2017-03-10,26,14,12
2017-03-10,16,6,10
2017-03-10,15,11,4
2017-03-10,9,3,6
2017-03-10,9,6,3
2017-03-10,7,4,3
2017-03-10,3,2,1
2017-03-11,7,1,6
2017-03-11,6,1,5
2017-03-11,1,0,1
2017-03-11,0,0,0
2017-03-11,0,0,0
2017-03-11,3,2,1
2017-03-11,2,0,2
2017-03-11,3,2,1
2017-03-11,4,3,1
2017-03-11,5,2,3
2017-03-11,5,1,4
2017-03-11,3,1,2
2017-03-11,6,1,5
2017-03-11,7,6,1
2017-03-11,3,2,1
2017-03-11,10,6,4
2017-03-11,7,4,3
2017-03-11,8,6,2
2017-03-11,4,0,4
2017-03-11,7,3,4
2017-03-11,4,0,4
2017-03-11,4,3,1
2017-03-11,1,0,1
2017-03-11,0,0,0
2017-03-12,31,11,20
2017-03-12,2,0,2
2017-03-12,,,
2017-03-12,2,0,2
2017-03-12,0,0,0
2017-03-12,1,0,1
2017-03-12,6,1,5
2017-03-12,6,3,3
2017-03-12,3,1,2
2017-03-12,6,4,2
2017-03-12,1,1,0
2017-03-12,7,5,2
2017-03-12,0,0,0
2017-03-12,4,0,4
2017-03-12,11,7,4
2017-03-12,15,10,5
2017-03-12,6,4,2
2017-03-12,9,3,6
2017-03-12,10,2,8
2017-03-12,8,2,6
2017-03-12,9,4,5
2017-03-12,5,0,5
2017-03-12,5,2,3
2017-03-12,0,0,0
2017-03-13,0,0,0
2017-03-13,1,0,1
2017-03-13,0,0,0
2017-03-13,1,0,1
2017-03-13,0,0,0
2017-03-13,7,0,7
2017-03-13,9,2,7
2017-03-13,15,2,13
2017-03-13,24,6,18
2017-03-13,12,4,8
2017-03-13,10,5,5
2017-03-13,5,2,3
2017-03-13,8,3,5
2017-03-13,8,4,4
2017-03-13,9,4,5
2017-03-13,9,5,4
2017-03-13,17,11,6
2017-03-13,30,18,12
2017-03-13,26,16,10
2017-03-13,15,5,10
2017-03-13,11,4,7
2017-03-13,7,4,3
2017-03-13,3,0,3
2017-03-13,2,1,1
2017-03-14,1,0,1
2017-03-14,2,2,0
2017-03-14,0,0,0
2017-03-14,1,0,1
2017-03-14,0,0,0
2017-03-14,2,0,2
2017-03-14,13,7,6
2017-03-14,21,4,17
2017-03-14,19,7,12
2017-03-14,7,2,5
2017-03-14,12,4,8
2017-03-14,10,3,7
2017-03-14,11,3,8
2017-03-14,14,9,5
2017-03-14,11,5,6
2017-03-14,13,9,4
2017-03-14,15,11,4
2017-03-14,27,17,10
2017-03-14,22,9,13
2017-03-14,17,12,5
2017-03-14,12,5,7
2017-03-14,8,4,4
2017-03-14,7,2,5
2017-03-14,3,2,1
2017-03-15,1,0,1
2017-03-15,1,0,1
2017-03-15,0,0,0
2017-03-15,0,0,0
2017-03-15,0,0,0
2017-03-15,7,1,6
2017-03-15,5,1,4
2017-03-15,16,3,13
2017-03-15,20,7,13
2017-03-15,11,6,5
2017-03-15,10,2,8
2017-03-15,5,1,4
2017-03-15,8,6,2
2017-03-15,12,7,5
2017-03-15,9,3,6
2017-03-15,5,2,3
2017-03-15,18,15,3
2017-03-15,27,19,8
2017-03-15,25,15,10
2017-03-15,12,8,4
2017-03-15,9,3,6
2017-03-15,8,5,3
2017-03-15,6,4,2
2017-03-15,2,1,1
2017-03-16,1,1,0
2017-03-16,3,1,2
2017-03-16,0,0,0
2017-03-16,0,0,0
2017-03-16,0,0,0
2017-03-16,5,3,2
2017-03-16,14,1,13
2017-03-16,31,6,25
2017-03-16,22,6,16
2017-03-16,20,6,14
2017-03-16,16,6,10
2017-03-16,13,8,5
2017-03-16,10,5,5
2017-03-16,9,5,4
2017-03-16,11,6,5
2017-03-16,17,12,5
2017-03-16,24,15,9
2017-03-16,40,22,18
2017-03-16,35,24,11
2017-03-16,16,6,10
2017-03-16,14,7,7
2017-03-16,15,8,7
2017-03-16,10,5,5
2017-03-16,6,0,6
2017-03-17,3,1,2
2017-03-17,1,0,1
2017-03-17,0,0,0
2017-03-17,1,1,0
2017-03-17,1,0,1
2017-03-17,4,2,2
2017-03-17,7,0,7
2017-03-17,17,4,13
2017-03-17,18,4,14
2017-03-17,9,1,8
2017-03-17,10,7,3
2017-03-17,11,2,9
2017-03-17,18,6,12
2017-03-17,8,5,3
2017-03-17,4,2,2
2017-03-17,12,8,4
2017-03-17,16,11,5
2017-03-17,25,18,7
2017-03-17,17,10,7
2017-03-17,6,5,1
2017-03-17,9,6,3
2017-03-17,5,3,2
2017-03-17,3,2,1
2017-03-17,5,3,2
2017-03-18,0,0,0
2017-03-18,0,0,0
2017-03-18,2,1,1
2017-03-18,0,0,0
2017-03-18,1,1,0
2017-03-18,1,0,1
2017-03-18,3,0,3
2017-03-18,4,1,3
2017-03-18,1,0,1
2017-03-18,4,2,2
2017-03-18,2,1,1
2017-03-18,6,2,4
2017-03-18,7,1,6
2017-03-18,10,6,4
2017-03-18,8,7,1
2017-03-18,13,6,7
2017-03-18,14,7,7
2017-03-18,8,4,4
2017-03-18,9,2,7
2017-03-18,10,7,3
2017-03-18,5,1,4
2017-03-18,7,4,3
2017-03-18,2,2,0
2017-03-18,3,2,1
2017-03-19,1,0,1
2017-03-19,4,1,3
2017-03-19,1,1,0
2017-03-19,0,0,0
2017-03-19,0,0,0
2017-03-19,2,0,2
2017-03-19,7,2,5
2017-03-19,7,3,4
2017-03-19,6,0,6
2017-03-19,6,3,3
2017-03-19,7,7,0
2017-03-19,11,4,7
2017-03-19,16,8,8
2017-03-19,8,7,1
2017-03-19,24,14,10
2017-03-19,18,5,13
2017-03-19,13,6,7
2017-03-19,15,6,9
2017-03-19,5,3,2
2017-03-19,10,4,6
2017-03-19,7,5,2
2017-03-19,5,2,3
2017-03-19,3,0,3
2017-03-19,1,0,1
2017-03-20,0,0,0
2017-03-20,0,0,0
2017-03-20,0,0,0
2017-03-20,0,0,0
2017-03-20,1,1,0
2017-03-20,9,2,7
2017-03-20,6,2,4
2017-03-20,15,4,11
2017-03-20,29,8,21
2017-03-20,13,3,10
2017-03-20,9,4,5
2017-03-20,12,5,7
2017-03-20,14,6,8
2017-03-20,6,5,1
2017-03-20,8,5,3
2017-03-20,13,8,5
2017-03-20,22,14,8
2017-03-20,31,18,13
2017-03-20,41,24,17
2017-03-20,14,10,4
2017-03-20,4,1,3
2017-03-20,10,6,4
2017-03-20,0,0,0
2017-03-20,3,0,3
2017-03-21,3,2,1
2017-03-21,1,1,0
2017-03-21,0,0,0
2017-03-21,1,1,0
2017-03-21,2,1,1
2017-03-21,5,1,4
2017-03-21,8,1,7
2017-03-21,19,6,13
2017-03-21,22,7,15
2017-03-21,7,2,5
2017-03-21,4,1,3
2017-03-21,8,0,8
2017-03-21,9,3,6
2017-03-21,6,3,3
2017-03-21,10,7,3
2017-03-21,10,6,4
2017-03-21,20,14,6
2017-03-21,24,18,6
2017-03-21,26,13,13
2017-03-21,16,6,10
2017-03-21,10,3,7
2017-03-21,8,6,2
2017-03-21,3,1,2
2017-03-21,4,0,4
2017-03-22,2,1,1
2017-03-22,1,1,0
2017-03-22,0,0,0
2017-03-22,0,0,0
2017-03-22,0,0,0
2017-03-22,5,2,3
2017-03-22,12,2,10
2017-03-22,11,4,7
2017-03-22,34,7,27
2017-03-22,17,5,12
2017-03-22,12,7,5
2017-03-22,8,2,6
2017-03-22,10,5,5
2017-03-22,9,3,6
2017-03-22,16,8,8
2017-03-22,13,10,3
2017-03-22,16,11,5
2017-03-22,46,28,18
2017-03-22,25,17,8
2017-03-22,18,8,10
2017-03-22,14,8,6
2017-03-22,10,6,4
2017-03-22,5,3,2
2017-03-22,4,3,1
2017-03-23,1,0,1
2017-03-23,1,0,1
2017-03-23,1,1,0
2017-03-23,1,0,1
2017-03-23,2,0,2
2017-03-23,6,0,6
2017-03-23,10,1,9
2017-03-23,21,4,17
2017-03-23,29,11,18
2017-03-23,18,7,11
2017-03-23,10,6,4
2017-03-23,9,3,6
2017-03-23,11,4,7
2017-03-23,13,5,8
2017-03-23,12,8,4
2017-03-23,10,7,3
2017-03-23,23,15,8
2017-03-23,43,27,16
2017-03-23,31,19,12
2017-03-23,15,10,5
2017-03-23,13,6,7
2017-03-23,4,2,2
2017-03-23,2,0,2
2017-03-23,4,4,0
2017-03-24,2,0,2
2017-03-24,1,0,1
2017-03-24,0,0,0
2017-03-24,1,0,1
2017-03-24,2,0,2
2017-03-24,6,2,4
2017-03-24,5,0,5
2017-03-24,19,5,14
2017-03-24,13,2,11
2017-03-24,13,6,7
2017-03-24,6,3,3
2017-03-24,9,6,3
2017-03-24,11,5,6
2017-03-24,13,5,8
2017-03-24,10,9,1
2017-03-24,6,5,1
2017-03-24,22,15,7
2017-03-24,27,19,8
2017-03-24,23,12,11
2017-03-24,6,3,3
2017-03-24,4,1,3
2017-03-24,4,1,3
2017-03-24,6,3,3
2017-03-24,3,1,2
2017-03-25,3,0,3
2017-03-25,5,3,2
2017-03-25,3,0,3
2017-03-25,1,0,1
2017-03-25,1,0,1
2017-03-25,2,0,2
2017-03-25,3,0,3
2017-03-25,5,2,3
2017-03-25,8,5,3
2017-03-25,6,4,2
2017-03-25,4,2,2
2017-03-25,11,2,9
2017-03-25,18,14,4
2017-03-25,20,12,8
2017-03-25,15,6,9
2017-03-25,13,3,10
2017-03-25,13,8,5
2017-03-25,11,2,9
2017-03-25,19,11,8
2017-03-25,10,4,6
2017-03-25,5,1,4
2017-03-25,5,2,3
2017-03-25,8,5,3
2017-03-25,4,2,2
2017-03-26,2,1,1
2017-03-26,3,1,2
2017-03-26,6,1,5
2017-03-26,0,0,0
2017-03-26,1,0,1
2017-03-26,1,0,1
2017-03-26,8,1,7
2017-03-26,4,2,2
2017-03-26,7,3,4
2017-03-26,3,2,1
2017-03-26,2,0,2
2017-03-26,10,4,6
2017-03-26,9,4,5
2017-03-26,1,0,1
2017-03-26,4,2,2
2017-03-26,7,2,5
2017-03-26,7,3,4
2017-03-26,5,2,3
2017-03-26,9,4,5
2017-03-26,9,5,4
2017-03-26,9,3,6
2017-03-26,4,2,2
2017-03-26,2,0,2
2017-03-26,0,0,0
2017-03-27,1,0,1
2017-03-27,1,0,1
2017-03-27,1,0,1
2017-03-27,1,0,1
2017-03-27,0,0,0
2017-03-27,4,1,3
2017-03-27,5,0,5
2017-03-27,23,3,20
2017-03-27,27,6,21
2017-03-27,12,4,8
2017-03-27,9,5,4
2017-03-27,6,1,5
2017-03-27,8,3,5
2017-03-27,12,8,4
2017-03-27,6,4,2
2017-03-27,14,8,6
2017-03-27,18,13,5
2017-03-27,41,26,15
2017-03-27,25,15,10
2017-03-27,16,5,11
2017-03-27,17,8,9
2017-03-27,9,2,7
2017-03-27,3,0,3
2017-03-27,3,3,0
2017-03-28,3,1,2
2017-03-28,1,1,0
2017-03-28,0,0,0
2017-03-28,0,0,0
2017-03-28,1,0,1
2017-03-28,3,0,3
2017-03-28,5,1,4
2017-03-28,19,6,13
2017-03-28,12,4,8
2017-03-28,14,6,8
2017-03-28,12,4,8
2017-03-28,11,5,6
2017-03-28,12,2,10
2017-03-28,9,5,4
2017-03-28,15,9,6
2017-03-28,10,8,2
2017-03-28,13,9,4
2017-03-28,28,20,8
2017-03-28,14,10,4
2017-03-28,20,5,15
2017-03-28,12,6,6
2017-03-28,9,5,4
2017-03-28,7,4,3
2017-03-28,3,1,2
2017-03-29,0,0,0
2017-03-29,0,0,0
2017-03-29,0,0,0
2017-03-29,1,1,0
2017-03-29,1,0,1
2017-03-29,3,1,2
2017-03-29,7,1,6
2017-03-29,24,7,17
2017-03-29,16,5,11
2017-03-29,11,4,7
2017-03-29,9,6,3
2017-03-29,15,6,9
2017-03-29,7,2,5
2017-03-29,9,5,4
2017-03-29,8,4,4
2017-03-29,19,11,8
2017-03-29,18,13,5
2017-03-29,29,19,10
2017-03-29,33,20,13
2017-03-29,26,10,16
2017-03-29,12,7,5
2017-03-29,9,4,5
2017-03-29,4,1,3
2017-03-29,0,0,0
2017-03-30,4,0,4
2017-03-30,1,0,1
2017-03-30,0,0,0
2017-03-30,2,1,1
2017-03-30,1,0,1
2017-03-30,3,1,2
2017-03-30,10,3,7
2017-03-30,21,2,19
2017-03-30,26,5,21
2017-03-30,15,4,11
2017-03-30,19,7,12
2017-03-30,12,7,5
2017-03-30,18,6,12
2017-03-30,11,4,7
2017-03-30,12,9,3
2017-03-30,12,7,5
2017-03-30,26,22,4
2017-03-30,45,29,16
2017-03-30,30,13,17
2017-03-30,26,13,13
2017-03-30,20,7,13
2017-03-30,10,4,6
2017-03-30,3,1,2
2017-03-30,6,4,2
2017-03-31,3,1,2
2017-03-31,3,2,1
2017-03-31,1,0,1
2017-03-31,1,0,1
2017-03-31,0,0,0
2017-03-31,1,1,0
2017-03-31,15,3,12
2017-03-31,21,6,15
2017-03-31,25,4,21
2017-03-31,19,5,14
2017-03-31,9,5,4
2017-03-31,7,6,1
2017-03-31,15,8,7
2017-03-31,23,11,12
2017-03-31,11,6,5
2017-03-31,21,14,7
2017-03-31,21,14,7
2017-03-31,40,19,21
2017-03-31,17,5,12
2017-03-31,18,14,4
2017-03-31,12,8,4
2017-03-31,12,8,4
2017-03-31,12,4,8
2017-03-31,11,3,8
2017-04-01,4,2,2
2017-04-01,6,0,6
2017-04-01,14,8,6
2017-04-01,3,0,3
2017-04-01,1,0,1
2017-04-01,1,0,1
2017-04-01,7,1,6
2017-04-01,1,1,0
2017-04-01,2,0,2
2017-04-01,3,2,1
2017-04-01,14,8,6
2017-04-01,7,4,3
2017-04-01,8,2,6
2017-04-01,9,4,5
2017-04-01,11,4,7
2017-04-01,10,4,6
2017-04-01,15,6,9
2017-04-01,12,8,4
2017-04-01,11,5,6
2017-04-01,11,8,3
2017-04-01,9,2,7
2017-04-01,5,3,2
2017-04-01,6,1,5
2017-04-01,0,0,0
2017-04-02,2,2,0
2017-04-02,2,0,2
2017-04-02,7,0,7
2017-04-02,0,0,0
2017-04-02,0,0,0
2017-04-02,0,0,0
2017-04-02,4,0,4
2017-04-02,5,1,4
2017-04-02,6,2,4
2017-04-02,8,4,4
2017-04-02,14,4,10
2017-04-02,13,7,6
2017-04-02,12,9,3
2017-04-02,16,6,10
2017-04-02,23,11,12
2017-04-02,15,6,9
2017-04-02,18,5,13
2017-04-02,6,3,3
2017-04-02,10,4,6
2017-04-02,10,5,5
2017-04-02,9,6,3
2017-04-02,3,1,2
2017-04-02,2,1,1
2017-04-02,2,0,2
2017-04-03,2,1,1
2017-04-03,4,0,4
2017-04-03,0,0,0
2017-04-03,1,0,1
2017-04-03,0,0,0
2017-04-03,3,1,2
2017-04-03,21,2,19
2017-04-03,20,9,11
2017-04-03,38,10,28
2017-04-03,20,8,12
2017-04-03,20,10,10
2017-04-03,6,2,4
2017-04-03,17,7,10
2017-04-03,13,7,6
2017-04-03,21,11,10
2017-04-03,23,11,12
2017-04-03,31,18,13
2017-04-03,51,35,16
2017-04-03,36,21,15
2017-04-03,25,9,16
2017-04-03,10,5,5
2017-04-03,12,6,6
2017-04-03,4,1,3
2017-04-03,8,5,3
2017-04-04,0,0,0
2017-04-04,1,0,1
2017-04-04,0,0,0
2017-04-04,1,0,1
2017-04-04,3,1,2
2017-04-04,5,3,2
2017-04-04,8,2,6
2017-04-04,30,8,22
2017-04-04,40,15,25
2017-04-04,22,9,13
2017-04-04,15,6,9
2017-04-04,12,3,9
2017-04-04,14,9,5
2017-04-04,15,4,11
2017-04-04,5,3,2
2017-04-04,17,10,7
2017-04-04,24,12,12
2017-04-04,48,27,21
2017-04-04,42,24,18
2017-04-04,17,7,10
2017-04-04,15,8,7
2017-04-04,6,4,2
2017-04-04,12,6,6
2017-04-04,1,1,0
2017-04-05,0,0,0
2017-04-05,0,0,0
2017-04-05,0,0,0
2017-04-05,0,0,0
2017-04-05,0,0,0
2017-04-05,3,2,1
2017-04-05,7,0,7
2017-04-05,15,2,13
2017-04-05,24,9,15
2017-04-05,9,2,7
2017-04-05,12,7,5
2017-04-05,3,0,3
2017-04-05,7,2,5
2017-04-05,12,6,6
2017-04-05,9,5,4
2017-04-05,8,4,4
2017-04-05,15,12,3
2017-04-05,25,16,9
2017-04-05,27,15,12
2017-04-05,26,13,13
2017-04-05,13,6,7
2017-04-05,7,3,4
2017-04-05,3,1,2
2017-04-05,0,0,0
2017-04-06,3,1,2
2017-04-06,2,0,2
2017-04-06,1,0,1
2017-04-06,1,0,1
2017-04-06,2,0,2
2017-04-06,3,1,2
2017-04-06,8,1,7
2017-04-06,11,3,8
2017-04-06,20,6,14
2017-04-06,8,2,6
2017-04-06,11,4,7
2017-04-06,5,1,4
2017-04-06,13,3,10
2017-04-06,12,3,9
2017-04-06,18,11,7
2017-04-06,16,10,6
2017-04-06,20,12,8
2017-04-06,33,21,12
2017-04-06,34,19,15
2017-04-06,23,17,6
2017-04-06,17,11,6
2017-04-06,6,2,4
2017-04-06,5,3,2
2017-04-06,6,2,4
2017-04-07,3,2,1
2017-04-07,0,0,0
2017-04-07,1,0,1
2017-04-07,0,0,0
2017-04-07,0,0,0
2017-04-07,0,0,0
2017-04-07,12,1,11
2017-04-07,20,6,14
2017-04-07,21,5,16
2017-04-07,12,6,6
2017-04-07,12,4,8
2017-04-07,7,3,4
2017-04-07,15,3,12
2017-04-07,10,4,6
2017-04-07,8,3,5
2017-04-07,21,13,8
2017-04-07,21,15,6
2017-04-07,30,17,13
2017-04-07,13,6,7
2017-04-07,13,10,3
2017-04-07,12,6,6
2017-04-07,4,1,3
2017-04-07,3,1,2
2017-04-07,2,1,1
2017-04-08,5,3,2
2017-04-08,9,4,5
2017-04-08,5,2,3
2017-04-08,0,0,0
2017-04-08,0,0,0
2017-04-08,1,0,1
2017-04-08,5,0,5
2017-04-08,7,3,4
2017-04-08,11,7,4
2017-04-08,7,5,2
2017-04-08,8,1,7
2017-04-08,10,7,3
2017-04-08,15,8,7
2017-04-08,14,7,7
2017-04-08,18,9,9
2017-04-08,18,6,12
2017-04-08,7,5,2
2017-04-08,12,4,8
2017-04-08,10,5,5
2017-04-08,7,2,5
2017-04-08,8,1,7
2017-04-08,6,4,2
2017-04-08,6,5,1
2017-04-08,7,1,6
2017-04-09,2,0,2
2017-04-09,7,5,2
2017-04-09,2,1,1
2017-04-09,0,0,0
2017-04-09,0,0,0
2017-04-09,0,0,0
2017-04-09,7,1,6
2017-04-09,11,7,4
2017-04-09,3,1,2
2017-04-09,6,1,5
2017-04-09,8,5,3
2017-04-09,8,7,1
2017-04-09,14,8,6
2017-04-09,16,7,9
2017-04-09,15,10,5
2017-04-09,13,6,7
2017-04-09,23,10,13
2017-04-09,19,9,10
2017-04-09,16,7,9
2017-04-09,14,6,8
2017-04-09,10,6,4
2017-04-09,8,3,5
2017-04-09,2,0,2
2017-04-09,2,2,0
2017-04-10,0,0,0
2017-04-10,1,0,1
2017-04-10,0,0,0
2017-04-10,1,0,1
2017-04-10,1,0,1
2017-04-10,3,1,2
2017-04-10,7,0,7
2017-04-10,30,10,20
2017-04-10,29,10,19
2017-04-10,14,7,7
2017-04-10,7,3,4
2017-04-10,14,3,11
2017-04-10,10,2,8
2017-04-10,6,1,5
2017-04-10,6,4,2
2017-04-10,16,11,5
2017-04-10,18,13,5
2017-04-10,39,19,20
2017-04-10,27,15,12
2017-04-10,18,12,6
2017-04-10,13,7,6
2017-04-10,5,2,3
2017-04-10,3,0,3
2017-04-10,1,1,0
2017-04-11,0,0,0
2017-04-11,1,0,1
2017-04-11,1,1,0
2017-04-11,1,0,1
2017-04-11,3,1,2
2017-04-11,5,4,1
2017-04-11,5,1,4
2017-04-11,31,6,25
2017-04-11,36,12,24
2017-04-11,20,9,11
2017-04-11,16,5,11
2017-04-11,14,12,2
2017-04-11,16,5,11
2017-04-11,19,10,9
2017-04-11,20,13,7
2017-04-11,16,10,6
2017-04-11,30,17,13
2017-04-11,50,25,25
2017-04-11,27,16,11
2017-04-11,17,10,7
2017-04-11,19,8,11
2017-04-11,12,6,6
2017-04-11,8,7,1
2017-04-11,3,2,1
2017-04-12,1,0,1
2017-04-12,0,0,0
2017-04-12,0,0,0
2017-04-12,0,0,0
2017-04-12,4,2,2
2017-04-12,2,0,2
2017-04-12,9,1,8
2017-04-12,16,4,12
2017-04-12,21,9,12
2017-04-12,13,3,10
2017-04-12,9,3,6
2017-04-12,5,1,4
2017-04-12,12,4,8
2017-04-12,5,3,2
2017-04-12,2,0,2
2017-04-12,10,6,4
2017-04-12,23,16,7
2017-04-12,33,20,13
2017-04-12,23,16,7
2017-04-12,13,8,5
2017-04-12,15,5,10
2017-04-12,9,3,6
2017-04-12,5,3,2
2017-04-12,1,0,1
2017-04-13,3,1,2
2017-04-13,3,2,1
2017-04-13,0,0,0
2017-04-13,0,0,0
2017-04-13,4,2,2
2017-04-13,5,2,3
2017-04-13,7,1,6
2017-04-13,21,4,17
2017-04-13,28,8,20
2017-04-13,16,4,12
2017-04-13,11,5,6
2017-04-13,13,5,8
2017-04-13,10,4,6
2017-04-13,13,6,7
2017-04-13,5,3,2
2017-04-13,13,5,8
2017-04-13,30,20,10
2017-04-13,36,16,20
2017-04-13,32,15,17
2017-04-13,32,19,13
2017-04-13,11,5,6
2017-04-13,13,6,7
2017-04-13,8,6,2
2017-04-13,6,4,2
2017-04-14,1,1,0
2017-04-14,0,0,0
2017-04-14,0,0,0
2017-04-14,0,0,0
2017-04-14,0,0,0
2017-04-14,7,3,4
2017-04-14,8,0,8
2017-04-14,20,9,11
2017-04-14,20,7,13
2017-04-14,11,4,7
2017-04-14,7,2,5
2017-04-14,6,2,4
2017-04-14,9,3,6
2017-04-14,11,4,7
2017-04-14,12,7,5
2017-04-14,16,6,10
2017-04-14,22,15,7
2017-04-14,26,10,16
2017-04-14,28,13,15
2017-04-14,11,9,2
2017-04-14,12,6,6
2017-04-14,21,7,14
2017-04-14,2,0,2
2017-04-14,2,2,0
2017-04-15,3,1,2
2017-04-15,6,1,5
2017-04-15,11,5,6
2017-04-15,0,0,0
2017-04-15,0,0,0
2017-04-15,2,1,1
2017-04-15,5,0,5
2017-04-15,12,7,5
2017-04-15,8,4,4
2017-04-15,8,5,3
2017-04-15,9,8,1
2017-04-15,13,6,7
2017-04-15,17,10,7
2017-04-15,15,3,12
2017-04-15,16,4,12
2017-04-15,15,9,6
2017-04-15,17,9,8
2017-04-15,13,6,7
2017-04-15,23,8,15
2017-04-15,18,9,9
2017-04-15,9,4,5
2017-04-15,4,1,3
2017-04-15,11,3,8
2017-04-15,8,2,6
2017-04-16,3,1,2
2017-04-16,5,0,5
2017-04-16,2,0,2
2017-04-16,1,0,1
2017-04-16,0,0,0
2017-04-16,3,1,2
2017-04-16,7,1,6
2017-04-16,6,4,2
2017-04-16,5,3,2
2017-04-16,6,2,4
2017-04-16,5,5,0
2017-04-16,9,3,6
2017-04-16,9,6,3
2017-04-16,16,8,8
2017-04-16,11,7,4
2017-04-16,12,3,9
2017-04-16,19,11,8
2017-04-16,8,5,3
2017-04-16,2,0,2
2017-04-16,12,6,6
2017-04-16,11,3,8
2017-04-16,8,3,5
2017-04-16,6,0,6
2017-04-16,1,0,1
2017-04-17,0,0,0
2017-04-17,3,1,2
2017-04-17,0,0,0
2017-04-17,0,0,0
2017-04-17,1,1,0
2017-04-17,4,2,2
2017-04-17,15,1,14
2017-04-17,19,3,16
2017-04-17,19,7,12
2017-04-17,20,8,12
2017-04-17,14,8,6
2017-04-17,10,5,5
2017-04-17,14,5,9
2017-04-17,15,8,7
2017-04-17,17,4,13
2017-04-17,14,9,5
2017-04-17,23,15,8
2017-04-17,37,22,15
2017-04-17,19,9,10
2017-04-17,10,7,3
2017-04-17,12,9,3
2017-04-17,11,5,6
2017-04-17,3,2,1
2017-04-17,3,2,1
2017-04-18,3,0,3
2017-04-18,1,1,0
2017-04-18,0,0,0
2017-04-18,0,0,0
2017-04-18,1,0,1
2017-04-18,7,3,4
2017-04-18,13,2,11
2017-04-18,26,3,23
2017-04-18,22,5,17
2017-04-18,17,11,6
2017-04-18,8,3,5
2017-04-18,10,5,5
2017-04-18,9,2,7
2017-04-18,11,7,4
2017-04-18,7,2,5
2017-04-18,14,10,4
2017-04-18,26,17,9
2017-04-18,39,22,17
2017-04-18,30,15,15
2017-04-18,27,14,13
2017-04-18,16,11,5
2017-04-18,5,2,3
2017-04-18,4,2,2
2017-04-18,0,0,0
2017-04-19,2,1,1
2017-04-19,1,0,1
2017-04-19,0,0,0
2017-04-19,1,0,1
2017-04-19,2,0,2
2017-04-19,4,0,4
2017-04-19,8,1,7
2017-04-19,26,5,21
2017-04-19,28,11,17
2017-04-19,19,8,11
2017-04-19,13,10,3
2017-04-19,9,6,3
2017-04-19,13,4,9
2017-04-19,10,5,5
2017-04-19,12,8,4
2017-04-19,8,4,4
2017-04-19,22,14,8
2017-04-19,33,23,10
2017-04-19,24,14,10
2017-04-19,24,14,10
2017-04-19,11,2,9
2017-04-19,14,6,8
2017-04-19,5,5,0
2017-04-19,2,0,2
2017-04-20,1,1,0
2017-04-20,0,0,0
2017-04-20,0,0,0
2017-04-20,2,0,2
2017-04-20,0,0,0
2017-04-20,6,3,3
2017-04-20,10,0,10
2017-04-20,26,10,16
2017-04-20,30,10,20
2017-04-20,17,7,10
2017-04-20,11,5,6
2017-04-20,11,4,7
2017-04-20,18,8,10
2017-04-20,15,9,6
2017-04-20,12,5,7
2017-04-20,14,8,6
2017-04-20,21,14,7
2017-04-20,51,28,23
2017-04-20,22,15,7
2017-04-20,22,14,8
2017-04-20,18,9,9
2017-04-20,10,2,8
2017-04-20,6,6,0
2017-04-20,6,3,3
2017-04-21,4,0,4
2017-04-21,2,0,2
2017-04-21,0,0,0
2017-04-21,1,0,1
2017-04-21,0,0,0
2017-04-21,8,4,4
2017-04-21,16,4,12
2017-04-21,32,8,24
2017-04-21,38,8,30
2017-04-21,20,6,14
2017-04-21,17,5,12
2017-04-21,12,3,9
2017-04-21,9,5,4
2017-04-21,14,6,8
2017-04-21,14,3,11
2017-04-21,33,27,6
2017-04-21,35,21,14
2017-04-21,48,31,17
2017-04-21,25,12,13
2017-04-21,25,17,8
2017-04-21,10,5,5
2017-04-21,11,2,9
2017-04-21,7,4,3
2017-04-21,10,7,3
2017-04-22,10,4,6
2017-04-22,3,2,1
2017-04-22,9,4,5
2017-04-22,1,0,1
2017-04-22,0,0,0
2017-04-22,2,0,2
2017-04-22,5,1,4
2017-04-22,8,4,4
2017-04-22,4,2,2
2017-04-22,7,2,5
2017-04-22,26,20,6
2017-04-22,8,5,3
2017-04-22,8,3,5
2017-04-22,8,4,4
2017-04-22,7,3,4
2017-04-22,7,6,1
2017-04-22,6,4,2
2017-04-22,5,2,3
2017-04-22,4,1,3
2017-04-22,12,7,5
2017-04-22,9,4,5
2017-04-22,7,1,6
2017-04-22,5,3,2
2017-04-22,6,3,3
2017-04-23,4,0,4
2017-04-23,9,1,8
2017-04-23,4,1,3
2017-04-23,2,0,2
2017-04-23,0,0,0
2017-04-23,1,0,1
2017-04-23,3,0,3
2017-04-23,5,3,2
2017-04-23,4,0,4
2017-04-23,7,4,3
2017-04-23,7,2,5
2017-04-23,6,3,3
2017-04-23,10,6,4
2017-04-23,5,2,3
2017-04-23,6,4,2
2017-04-23,8,7,1
2017-04-23,5,1,4
2017-04-23,5,3,2
2017-04-23,8,3,5
2017-04-23,6,2,4
2017-04-23,4,1,3
2017-04-23,2,1,1
2017-04-23,1,0,1
2017-04-23,1,0,1
2017-04-24,1,1,0
2017-04-24,2,0,2
2017-04-24,0,0,0
2017-04-24,1,0,1
2017-04-24,2,2,0
2017-04-24,4,1,3
2017-04-24,10,1,9
2017-04-24,26,8,18
2017-04-24,26,10,16
2017-04-24,12,3,9
2017-04-24,12,6,6
2017-04-24,10,4,6
2017-04-24,12,4,8
2017-04-24,14,4,10
2017-04-24,15,10,5
2017-04-24,13,8,5
2017-04-24,27,17,10
2017-04-24,41,24,17
2017-04-24,38,23,15
2017-04-24,26,14,12
2017-04-24,11,6,5
2017-04-24,12,8,4
2017-04-24,4,2,2
2017-04-24,3,2,1
2017-04-25,1,0,1
2017-04-25,0,0,0
2017-04-25,1,0,1
2017-04-25,0,0,0
2017-04-25,0,0,0
2017-04-25,4,0,4
2017-04-25,16,2,14
2017-04-25,31,10,21
2017-04-25,29,11,18
2017-04-25,17,7,10
2017-04-25,16,4,12
2017-04-25,10,3,7
2017-04-25,23,12,11
2017-04-25,17,9,8
2017-04-25,11,10,1
2017-04-25,19,8,11
2017-04-25,25,9,16
2017-04-25,37,21,16
2017-04-25,24,13,11
2017-04-25,19,12,7
2017-04-25,16,9,7
2017-04-25,12,7,5
2017-04-25,4,3,1
2017-04-25,1,1,0
2017-04-26,2,0,2
2017-04-26,0,0,0
2017-04-26,0,0,0
2017-04-26,2,0,2
2017-04-26,1,1,0
2017-04-26,6,1,5
2017-04-26,5,0,5
2017-04-26,22,8,14
2017-04-26,21,8,13
2017-04-26,23,9,14
2017-04-26,14,5,9
2017-04-26,12,4,8
2017-04-26,21,11,10
2017-04-26,9,2,7
2017-04-26,10,8,2
2017-04-26,20,16,4
2017-04-26,20,14,6
2017-04-26,34,20,14
2017-04-26,22,13,9
2017-04-26,14,6,8
2017-04-26,15,6,9
2017-04-26,8,3,5
2017-04-26,2,0,2
2017-04-26,2,1,1
2017-04-27,4,1,3
2017-04-27,1,0,1
2017-04-27,0,0,0
2017-04-27,1,0,1
2017-04-27,3,2,1
2017-04-27,3,0,3
2017-04-27,6,1,5
2017-04-27,24,6,18
2017-04-27,32,10,22
2017-04-27,11,4,7
2017-04-27,17,8,9
2017-04-27,14,9,5
2017-04-27,12,5,7
2017-04-27,13,2,11
2017-04-27,10,5,5
2017-04-27,18,11,7
2017-04-27,29,17,12
2017-04-27,41,20,21
2017-04-27,27,13,14
2017-04-27,35,20,15
2017-04-27,17,10,7
2017-04-27,14,6,8
2017-04-27,8,1,7
2017-04-27,2,1,1
2017-04-28,0,0,0
2017-04-28,1,0,1
2017-04-28,0,0,0
2017-04-28,1,0,1
2017-04-28,0,0,0
2017-04-28,6,0,6
2017-04-28,10,3,7
2017-04-28,20,8,12
2017-04-28,27,6,21
2017-04-28,17,7,10
2017-04-28,13,1,12
2017-04-28,11,1,10
2017-04-28,15,7,8
2017-04-28,10,5,5
2017-04-28,16,8,8
2017-04-28,20,12,8
2017-04-28,33,17,16
2017-04-28,42,25,17
2017-04-28,26,18,8
2017-04-28,30,19,11
2017-04-28,12,4,8
2017-04-28,12,3,9
2017-04-28,8,1,7
2017-04-28,7,2,5
2017-04-29,7,4,3
2017-04-29,3,2,1
2017-04-29,0,0,0
2017-04-29,1,1,0
2017-04-29,2,2,0
2017-04-29,1,0,1
2017-04-29,3,0,3
2017-04-29,10,4,6
2017-04-29,7,5,2
2017-04-29,3,0,3
2017-04-29,20,13,7
2017-04-29,28,12,16
2017-04-29,14,1,13
2017-04-29,12,7,5
2017-04-29,17,12,5
2017-04-29,13,6,7
2017-04-29,13,7,6
2017-04-29,20,10,10
2017-04-29,10,5,5
2017-04-29,13,6,7
2017-04-29,3,0,3
2017-04-29,2,0,2
2017-04-29,4,1,3
2017-04-29,5,2,3
2017-04-30,2,1,1
2017-04-30,9,3,6
2017-04-30,2,0,2
2017-04-30,1,0,1
2017-04-30,3,3,0
2017-04-30,3,1,2
2017-04-30,1,0,1
2017-04-30,3,1,2
2017-04-30,6,3,3
2017-04-30,2,1,1
2017-04-30,5,2,3
2017-04-30,8,3,5
2017-04-30,8,5,3
2017-04-30,10,6,4
2017-04-30,12,4,8
2017-04-30,16,4,12
2017-04-30,12,4,8
2017-04-30,15,5,10
2017-04-30,14,7,7
2017-04-30,11,10,1
2017-04-30,10,4,6
2017-04-30,6,0,6
2017-04-30,2,1,1
2017-04-30,3,0,3
2017-05-01,1,0,1
2017-05-01,1,0,1
2017-05-01,0,0,0
2017-05-01,1,0,1
2017-05-01,3,2,1
2017-05-01,5,1,4
2017-05-01,11,0,11
2017-05-01,32,7,25
2017-05-01,30,7,23
2017-05-01,29,10,19
2017-05-01,25,18,7
2017-05-01,11,2,9
2017-05-01,17,9,8
2017-05-01,10,5,5
2017-05-01,50,34,16
2017-05-01,13,8,5
2017-05-01,39,25,14
2017-05-01,43,29,14
2017-05-01,23,10,13
2017-05-01,12,6,6
2017-05-01,11,7,4
2017-05-01,6,2,4
2017-05-01,4,3,1
2017-05-01,1,1,0
2017-05-02,2,2,0
2017-05-02,2,0,2
2017-05-02,0,0,0
2017-05-02,0,0,0
2017-05-02,2,2,0
2017-05-02,6,0,6
2017-05-02,15,1,14
2017-05-02,29,5,24
2017-05-02,39,15,24
2017-05-02,17,7,10
2017-05-02,20,6,14
2017-05-02,14,8,6
2017-05-02,14,10,4
2017-05-02,10,5,5
2017-05-02,20,9,11
2017-05-02,11,8,3
2017-05-02,32,22,10
2017-05-02,44,22,22
2017-05-02,29,18,11
2017-05-02,28,13,15
2017-05-02,18,9,9
2017-05-02,12,6,6
2017-05-02,5,2,3
2017-05-02,2,0,2
2017-05-03,1,1,0
2017-05-03,0,0,0
2017-05-03,0,0,0
2017-05-03,1,0,1
2017-05-03,1,1,0
2017-05-03,5,1,4
2017-05-03,14,2,12
2017-05-03,30,9,21
2017-05-03,39,11,28
2017-05-03,23,7,16
2017-05-03,16,8,8
2017-05-03,18,4,14
2017-05-03,22,8,14
2017-05-03,17,11,6
2017-05-03,13,9,4
2017-05-03,14,5,9
2017-05-03,30,18,12
2017-05-03,46,27,19
2017-05-03,51,28,23
2017-05-03,34,13,21
2017-05-03,28,15,13
2017-05-03,23,10,13
2017-05-03,13,8,5
2017-05-03,4,3,1
2017-05-04,1,1,0
2017-05-04,4,4,0
2017-05-04,1,0,1
2017-05-04,1,0,1
2017-05-04,1,0,1
2017-05-04,4,1,3
2017-05-04,12,0,12
2017-05-04,32,9,23
2017-05-04,34,14,20
2017-05-04,12,5,7
2017-05-04,16,5,11
2017-05-04,21,7,14
2017-05-04,18,9,9
2017-05-04,21,11,10
2017-05-04,15,7,8
2017-05-04,20,13,7
2017-05-04,20,16,4
2017-05-04,36,21,15
2017-05-04,22,9,13
2017-05-04,26,18,8
2017-05-04,18,10,8
2017-05-04,6,5,1
2017-05-04,3,1,2
2017-05-04,1,0,1
2017-05-05,1,0,1
2017-05-05,1,1,0
2017-05-05,0,0,0
2017-05-05,2,0,2
2017-05-05,1,1,0
2017-05-05,2,0,2
2017-05-05,14,0,14
2017-05-05,26,8,18
2017-05-05,20,5,15
2017-05-05,14,6,8
2017-05-05,18,9,9
2017-05-05,10,4,6
2017-05-05,12,5,7
2017-05-05,19,9,10
2017-05-05,11,8,3
2017-05-05,23,13,10
2017-05-05,25,15,10
2017-05-05,33,25,8
2017-05-05,38,16,22
2017-05-05,24,11,13
2017-05-05,14,8,6
2017-05-05,10,3,7
2017-05-05,5,4,1
2017-05-05,7,3,4
2017-05-06,6,1,5
2017-05-06,4,2,2
2017-05-06,4,0,4
2017-05-06,1,1,0
2017-05-06,0,0,0
2017-05-06,4,1,3
2017-05-06,6,2,4
2017-05-06,10,3,7
2017-05-06,6,1,5
2017-05-06,9,4,5
2017-05-06,15,10,5
2017-05-06,10,4,6
2017-05-06,16,9,7
2017-05-06,22,9,13
2017-05-06,22,8,14
2017-05-06,20,14,6
2017-05-06,19,14,5
2017-05-06,17,10,7
2017-05-06,12,5,7
2017-05-06,30,18,12
2017-05-06,7,2,5
2017-05-06,9,3,6
2017-05-06,7,3,4
2017-05-06,5,4,1
2017-05-07,6,4,2
2017-05-07,3,0,3
2017-05-07,2,0,2
2017-05-07,2,0,2
2017-05-07,0,0,0
2017-05-07,2,0,2
2017-05-07,2,0,2
2017-05-07,7,3,4
2017-05-07,8,4,4
2017-05-07,9,1,8
2017-05-07,8,2,6
2017-05-07,17,13,4
2017-05-07,10,3,7
2017-05-07,15,9,6
2017-05-07,18,11,7
2017-05-07,21,7,14
2017-05-07,24,9,15
2017-05-07,17,6,11
2017-05-07,15,11,4
2017-05-07,17,7,10
2017-05-07,7,4,3
2017-05-07,7,1,6
2017-05-07,8,5,3
2017-05-07,4,2,2
2017-05-08,2,2,0
2017-05-08,2,0,2
2017-05-08,1,0,1
2017-05-08,1,0,1
2017-05-08,2,1,1
2017-05-08,8,0,8
2017-05-08,13,2,11
2017-05-08,40,5,35
2017-05-08,51,16,35
2017-05-08,11,3,8
2017-05-08,11,5,6
2017-05-08,16,6,10
2017-05-08,19,12,7
2017-05-08,17,14,3
2017-05-08,13,5,8
2017-05-08,25,17,8
2017-05-08,43,33,10
2017-05-08,66,47,19
2017-05-08,40,26,14
2017-05-08,18,10,8
2017-05-08,21,11,10
2017-05-08,17,8,9
2017-05-08,10,5,5
2017-05-08,2,2,0
2017-05-09,2,0,2
2017-05-09,2,2,0
2017-05-09,0,0,0
2017-05-09,1,0,1
2017-05-09,3,1,2
2017-05-09,6,0,6
2017-05-09,21,5,16
2017-05-09,38,7,31
2017-05-09,41,9,32
2017-05-09,21,10,11
2017-05-09,20,7,13
2017-05-09,7,5,2
2017-05-09,24,12,12
2017-05-09,18,6,12
2017-05-09,21,16,5
2017-05-09,11,5,6
2017-05-09,38,22,16
2017-05-09,56,35,21
2017-05-09,46,23,23
2017-05-09,28,18,10
2017-05-09,20,12,8
2017-05-09,13,7,6
2017-05-09,4,3,1
2017-05-09,6,2,4
2017-05-10,1,0,1
2017-05-10,0,0,0
2017-05-10,5,2,3
2017-05-10,1,0,1
2017-05-10,2,1,1
2017-05-10,9,2,7
2017-05-10,25,4,21
2017-05-10,31,3,28
2017-05-10,52,17,35
2017-05-10,26,7,19
2017-05-10,13,4,9
2017-05-10,11,6,5
2017-05-10,29,9,20
2017-05-10,10,7,3
2017-05-10,15,7,8
2017-05-10,30,22,8
2017-05-10,25,16,9
2017-05-10,58,35,23
2017-05-10,33,18,15
2017-05-10,37,20,17
2017-05-10,24,13,11
2017-05-10,15,7,8
2017-05-10,7,5,2
2017-05-10,5,2,3
2017-05-11,3,1,2
2017-05-11,7,2,5
2017-05-11,4,2,2
2017-05-11,1,0,1
2017-05-11,4,1,3
2017-05-11,4,0,4
2017-05-11,15,0,15
2017-05-11,26,8,18
2017-05-11,30,11,19
2017-05-11,11,3,8
2017-05-11,6,3,3
2017-05-11,9,3,6
2017-05-11,9,4,5
2017-05-11,7,2,5
2017-05-11,12,6,6
2017-05-11,13,9,4
2017-05-11,16,10,6
2017-05-11,27,16,11
2017-05-11,40,15,25
2017-05-11,24,20,4
2017-05-11,14,7,7
2017-05-11,7,4,3
2017-05-11,4,2,2
2017-05-11,0,0,0
2017-05-12,6,3,3
2017-05-12,4,1,3
2017-05-12,1,0,1
2017-05-12,1,0,1
2017-05-12,3,2,1
2017-05-12,3,0,3
2017-05-12,11,1,10
2017-05-12,25,6,19
2017-05-12,30,4,26
2017-05-12,21,7,14
2017-05-12,17,6,11
2017-05-12,9,3,6
2017-05-12,13,3,10
2017-05-12,4,3,1
2017-05-12,12,7,5
2017-05-12,15,7,8
2017-05-12,28,22,6
2017-05-12,32,14,18
2017-05-12,34,15,19
2017-05-12,19,10,9
2017-05-12,13,8,5
2017-05-12,13,8,5
2017-05-12,9,5,4
2017-05-12,7,5,2
2017-05-13,8,2,6
2017-05-13,4,3,1
2017-05-13,4,1,3
2017-05-13,0,0,0
2017-05-13,0,0,0
2017-05-13,2,1,1
2017-05-13,4,1,3
2017-05-13,5,3,2
2017-05-13,4,3,1
2017-05-13,8,2,6
2017-05-13,2,2,0
2017-05-13,8,3,5
2017-05-13,16,10,6
2017-05-13,13,5,8
2017-05-13,112,99,13
2017-05-13,14,8,6
2017-05-13,13,6,7
2017-05-13,19,12,7
2017-05-13,8,3,5
2017-05-13,15,6,9
2017-05-13,7,5,2
2017-05-13,2,2,0
2017-05-13,7,1,6
2017-05-13,2,2,0
2017-05-14,7,0,7
2017-05-14,1,0,1
2017-05-14,3,0,3
2017-05-14,1,0,1
2017-05-14,0,0,0
2017-05-14,2,0,2
2017-05-14,6,1,5
2017-05-14,3,1,2
2017-05-14,6,2,4
2017-05-14,2,0,2
2017-05-14,8,4,4
2017-05-14,17,7,10
2017-05-14,14,6,8
2017-05-14,10,6,4
2017-05-14,16,9,7
2017-05-14,14,6,8
2017-05-14,19,9,10
2017-05-14,14,5,9
2017-05-14,17,8,9
2017-05-14,3,2,1
2017-05-14,9,3,6
2017-05-14,8,5,3
2017-05-14,1,0,1
2017-05-14,2,1,1
2017-05-15,2,1,1
2017-05-15,2,1,1
2017-05-15,0,0,0
2017-05-15,0,0,0
2017-05-15,3,1,2
2017-05-15,6,0,6
2017-05-15,17,1,16
2017-05-15,25,5,20
2017-05-15,30,9,21
2017-05-15,15,3,12
2017-05-15,11,5,6
2017-05-15,10,4,6
2017-05-15,16,8,8
2017-05-15,18,8,10
2017-05-15,14,7,7
2017-05-15,12,6,6
2017-05-15,23,16,7
2017-05-15,35,22,13
2017-05-15,15,8,7
2017-05-15,15,10,5
2017-05-15,8,4,4
2017-05-15,6,0,6
2017-05-15,3,2,1
2017-05-15,2,2,0
2017-05-16,1,0,1
2017-05-16,0,0,0
2017-05-16,0,0,0
2017-05-16,0,0,0
2017-05-16,3,2,1
2017-05-16,4,1,3
2017-05-16,5,1,4
2017-05-16,17,3,14
2017-05-16,19,6,13
2017-05-16,9,3,6
2017-05-16,7,1,6
2017-05-16,7,3,4
2017-05-16,11,6,5
2017-05-16,18,10,8
2017-05-16,7,4,3
2017-05-16,12,9,3
2017-05-16,22,14,8
2017-05-16,31,16,15
2017-05-16,40,18,22
2017-05-16,14,11,3
2017-05-16,15,10,5
2017-05-16,11,4,7
2017-05-16,4,0,4
2017-05-16,4,3,1
2017-05-17,0,0,0
2017-05-17,2,2,0
2017-05-17,0,0,0
2017-05-17,0,0,0
2017-05-17,2,1,1
2017-05-17,4,1,3
2017-05-17,25,2,23
2017-05-17,31,3,28
2017-05-17,34,6,28
2017-05-17,25,6,19
2017-05-17,12,6,6
2017-05-17,17,7,10
2017-05-17,19,10,9
2017-05-17,19,8,11
2017-05-17,13,7,6
2017-05-17,25,16,9
2017-05-17,32,20,12
2017-05-17,39,27,12
2017-05-17,34,20,14
2017-05-17,23,9,14
2017-05-17,14,8,6
2017-05-17,16,7,9
2017-05-17,10,5,5
2017-05-17,3,3,0
2017-05-18,3,1,2
2017-05-18,1,1,0
2017-05-18,4,1,3
2017-05-18,2,0,2
2017-05-18,4,1,3
2017-05-18,4,1,3
2017-05-18,18,1,17
2017-05-18,29,6,23
2017-05-18,30,5,25
2017-05-18,15,6,9
2017-05-18,13,6,7
2017-05-18,10,2,8
2017-05-18,13,4,9
2017-05-18,15,8,7
2017-05-18,16,8,8
2017-05-18,15,8,7
2017-05-18,37,20,17
2017-05-18,59,37,22
2017-05-18,40,20,20
2017-05-18,21,13,8
2017-05-18,17,12,5
2017-05-18,18,7,11
2017-05-18,4,1,3
2017-05-18,9,2,7
2017-05-19,0,0,0
2017-05-19,2,0,2
2017-05-19,2,1,1
2017-05-19,2,0,2
2017-05-19,2,1,1
2017-05-19,6,2,4
2017-05-19,19,3,16
2017-05-19,32,7,25
2017-05-19,57,20,37
2017-05-19,26,12,14
2017-05-19,37,12,25
2017-05-19,24,16,8
2017-05-19,23,11,12
2017-05-19,17,7,10
2017-05-19,24,10,14
2017-05-19,24,15,9
2017-05-19,46,35,11
2017-05-19,49,25,24
2017-05-19,34,19,15
2017-05-19,22,11,11
2017-05-19,19,3,16
2017-05-19,16,10,6
2017-05-19,9,6,3
2017-05-19,5,3,2
2017-05-20,9,3,6
2017-05-20,6,2,4
2017-05-20,4,1,3
2017-05-20,2,0,2
2017-05-20,0,0,0
2017-05-20,3,1,2
2017-05-20,6,2,4
2017-05-20,6,1,5
2017-05-20,7,3,4
2017-05-20,11,4,7
2017-05-20,15,6,9
2017-05-20,15,8,7
2017-05-20,26,11,15
2017-05-20,28,16,12
2017-05-20,19,7,12
2017-05-20,14,9,5
2017-05-20,19,15,4
2017-05-20,27,19,8
2017-05-20,13,4,9
2017-05-20,17,8,9
2017-05-20,5,0,5
2017-05-20,8,4,4
2017-05-20,11,6,5
2017-05-20,10,5,5
2017-05-21,6,2,4
2017-05-21,9,0,9
2017-05-21,4,2,2
2017-05-21,2,0,2
2017-05-21,0,0,0
2017-05-21,2,0,2
2017-05-21,8,0,8
2017-05-21,4,2,2
2017-05-21,11,3,8
2017-05-21,18,11,7
2017-05-21,11,7,4
2017-05-21,15,9,6
2017-05-21,26,13,13
2017-05-21,30,10,20
2017-05-21,15,4,11
2017-05-21,24,12,12
2017-05-21,15,7,8
2017-05-21,15,7,8
2017-05-21,17,8,9
2017-05-21,15,9,6
2017-05-21,17,8,9
2017-05-21,14,7,7
2017-05-21,10,6,4
2017-05-21,8,4,4
2017-05-22,1,0,1
2017-05-22,1,0,1
2017-05-22,1,1,0
2017-05-22,0,0,0
2017-05-22,2,1,1
2017-05-22,10,0,10
2017-05-22,18,2,16
2017-05-22,32,8,24
2017-05-22,42,9,33
2017-05-22,23,11,12
2017-05-22,11,4,7
2017-05-22,18,6,12
2017-05-22,21,10,11
2017-05-22,6,3,3
2017-05-22,14,8,6
2017-05-22,14,9,5
2017-05-22,34,22,12
2017-05-22,51,37,14
2017-05-22,31,16,15
2017-05-22,30,14,16
2017-05-22,11,3,8
2017-05-22,14,7,7
2017-05-22,7,3,4
2017-05-22,6,2,4
2017-05-23,5,0,5
2017-05-23,1,1,0
2017-05-23,1,1,0
2017-05-23,1,1,0
2017-05-23,5,1,4
2017-05-23,9,0,9
2017-05-23,23,3,20
2017-05-23,53,11,42
2017-05-23,37,8,29
2017-05-23,28,10,18
2017-05-23,17,5,12
2017-05-23,11,6,5
2017-05-23,17,9,8
2017-05-23,18,7,11
2017-05-23,14,6,8
2017-05-23,20,11,9
2017-05-23,57,36,21
2017-05-23,74,50,24
2017-05-23,28,9,19
2017-05-23,14,5,9
2017-05-23,14,8,6
2017-05-23,14,9,5
2017-05-23,14,5,9
2017-05-23,7,3,4
2017-05-24,4,2,2
2017-05-24,0,0,0
2017-05-24,0,0,0
2017-05-24,1,0,1
2017-05-24,2,1,1
2017-05-24,3,0,3
2017-05-24,21,3,18
2017-05-24,29,7,22
2017-05-24,32,10,22
2017-05-24,18,6,12
2017-05-24,20,10,10
2017-05-24,22,15,7
2017-05-24,27,18,9
2017-05-24,15,8,7
2017-05-24,19,12,7
2017-05-24,19,12,7
2017-05-24,33,27,6
2017-05-24,57,32,25
2017-05-24,49,25,24
2017-05-24,31,15,16
2017-05-24,17,10,7
2017-05-24,18,7,11
2017-05-24,6,1,5
2017-05-24,2,2,0
2017-05-25,3,0,3
2017-05-25,1,1,0
2017-05-25,1,0,1
2017-05-25,1,0,1
2017-05-25,0,0,0
2017-05-25,9,0,9
2017-05-25,20,1,19
2017-05-25,30,3,27
2017-05-25,54,20,34
2017-05-25,12,5,7
2017-05-25,15,7,8
2017-05-25,7,4,3
2017-05-25,19,7,12
2017-05-25,24,15,9
2017-05-25,21,7,14
2017-05-25,17,12,5
2017-05-25,34,27,7
2017-05-25,52,34,18
2017-05-25,43,24,19
2017-05-25,30,21,9
2017-05-25,19,13,6
2017-05-25,19,11,8
2017-05-25,11,5,6
2017-05-25,1,1,0
2017-05-26,4,3,1
2017-05-26,4,0,4
2017-05-26,1,1,0
2017-05-26,1,0,1
2017-05-26,0,0,0
2017-05-26,4,1,3
2017-05-26,15,4,11
2017-05-26,24,7,17
2017-05-26,27,8,19
2017-05-26,15,6,9
2017-05-26,10,3,7
2017-05-26,20,11,9
2017-05-26,17,12,5
2017-05-26,17,9,8
2017-05-26,26,18,8
2017-05-26,24,13,11
2017-05-26,27,23,4
2017-05-26,46,31,15
2017-05-26,41,24,17
2017-05-26,20,10,10
2017-05-26,16,9,7
2017-05-26,6,5,1
2017-05-26,17,9,8
2017-05-26,8,5,3
2017-05-27,8,2,6
2017-05-27,0,0,0
2017-05-27,5,1,4
2017-05-27,0,0,0
2017-05-27,0,0,0
2017-05-27,4,2,2
2017-05-27,2,1,1
2017-05-27,5,2,3
2017-05-27,4,3,1
2017-05-27,10,4,6
2017-05-27,20,13,7
2017-05-27,8,8,0
2017-05-27,8,6,2
2017-05-27,7,6,1
2017-05-27,12,10,2
2017-05-27,20,17,3
2017-05-27,13,11,2
2017-05-27,13,8,5
2017-05-27,4,4,0
2017-05-27,7,4,3
2017-05-27,3,3,0
2017-05-27,8,4,4
2017-05-27,3,2,1
2017-05-27,3,3,0
2017-05-28,7,5,2
2017-05-28,1,0,1
2017-05-28,3,1,2
2017-05-28,1,1,0
2017-05-28,1,1,0
2017-05-28,3,1,2
2017-05-28,4,0,4
2017-05-28,2,1,1
2017-05-28,1,1,0
2017-05-28,6,6,0
2017-05-28,13,11,2
2017-05-28,11,10,1
2017-05-28,5,4,1
2017-05-28,14,6,8
2017-05-28,13,9,4
2017-05-28,6,5,1
2017-05-28,12,11,1
2017-05-28,4,4,0
2017-05-28,5,3,2
2017-05-28,6,6,0
2017-05-28,4,4,0
2017-05-28,4,4,0
2017-05-28,4,3,1
2017-05-28,1,1,0
2017-05-29,1,1,0
2017-05-29,2,1,1
2017-05-29,0,0,0
2017-05-29,1,1,0
2017-05-29,2,2,0
2017-05-29,0,0,0
2017-05-29,3,3,0
2017-05-29,2,1,1
2017-05-29,5,3,2
2017-05-29,4,4,0
2017-05-29,4,4,0
2017-05-29,6,4,2
2017-05-29,7,6,1
2017-05-29,10,9,1
2017-05-29,10,9,1
2017-05-29,8,8,0
2017-05-29,1,1,0
2017-05-29,13,12,1
2017-05-29,4,3,1
2017-05-29,3,3,0
2017-05-29,3,2,1
2017-05-29,2,1,1
2017-05-29,4,4,0
2017-05-29,0,0,0
2017-05-30,1,1,0
2017-05-30,0,0,0
2017-05-30,0,0,0
2017-05-30,0,0,0
2017-05-30,2,2,0
2017-05-30,2,1,1
2017-05-30,0,0,0
2017-05-30,5,5,0
2017-05-30,6,5,1
2017-05-30,4,4,0
2017-05-30,5,5,0
2017-05-30,6,6,0
2017-05-30,3,3,0
2017-05-30,6,5,1
2017-05-30,3,3,0
2017-05-30,4,4,0
2017-05-30,16,16,0
2017-05-30,22,21,1
2017-05-30,20,20,0
2017-05-30,11,11,0
2017-05-30,13,12,1
2017-05-30,1,1,0
2017-05-30,1,0,1
2017-05-30,1,1,0
2017-05-31,0,0,0
2017-05-31,0,0,0
2017-05-31,0,0,0
2017-05-31,1,1,0
2017-05-31,4,4,0
2017-05-31,2,1,1
2017-05-31,5,3,2
2017-05-31,12,3,9
2017-05-31,13,10,3
2017-05-31,9,7,2
2017-05-31,11,10,1
2017-05-31,6,5,1
2017-05-31,4,4,0
2017-05-31,9,7,2
2017-05-31,11,9,2
2017-05-31,14,14,0
2017-05-31,29,27,2
2017-05-31,26,25,1
2017-05-31,16,15,1
2017-05-31,12,12,0
2017-05-31,17,15,2
2017-05-31,3,3,0
2017-05-31,0,0,0
2017-05-31,5,5,0
2017-06-01,0,0,0
2017-06-01,0,0,0
2017-06-01,0,0,0
2017-06-01,0,0,0
2017-06-01,2,2,0
2017-06-01,0,0,0
2017-06-01,2,1,1
2017-06-01,9,8,1
2017-06-01,4,4,0
2017-06-01,5,5,0
2017-06-01,0,0,0
2017-06-01,0,0,0
2017-06-01,0,0,0
2017-06-01,1,1,0
2017-06-01,0,0,0
2017-06-01,0,0,0
2017-06-01,0,0,0
2017-06-01,0,0,0
2017-06-01,0,0,0
2017-06-01,1,0,1
2017-06-01,0,0,0
2017-06-01,0,0,0
2017-06-01,0,0,0
2017-06-01,0,0,0
2017-06-02,0,0,0
2017-06-02,0,0,0
2017-06-02,0,0,0
2017-06-02,0,0,0
2017-06-02,0,0,0
2017-06-02,0,0,0
2017-06-02,0,0,0
2017-06-02,0,0,0
2017-06-02,2,0,2
2017-06-02,2,0,2
2017-06-02,0,0,0
2017-06-02,0,0,0
2017-06-02,0,0,0
2017-06-02,2,0,2
2017-06-02,1,1,0
2017-06-02,0,0,0
2017-06-02,19,12,7
2017-06-02,42,26,16
2017-06-02,47,16,31
2017-06-02,19,13,6
2017-06-02,12,7,5
2017-06-02,18,8,10
2017-06-02,6,5,1
2017-06-02,12,3,9
2017-06-03,16,2,14
2017-06-03,9,3,6
2017-06-03,9,0,9
2017-06-03,0,0,0
2017-06-03,0,0,0
2017-06-03,4,2,2
2017-06-03,10,5,5
2017-06-03,8,4,4
2017-06-03,12,4,8
2017-06-03,6,2,4
2017-06-03,12,5,7
2017-06-03,22,10,12
2017-06-03,26,8,18
2017-06-03,21,5,16
2017-06-03,28,22,6
2017-06-03,23,12,11
2017-06-03,13,4,9
2017-06-03,19,11,8
2017-06-03,20,8,12
2017-06-03,16,9,7
2017-06-03,20,7,13
2017-06-03,15,7,8
2017-06-03,11,7,4
2017-06-03,10,2,8
2017-06-04,12,2,10
2017-06-04,4,1,3
2017-06-04,7,0,7
2017-06-04,3,0,3
2017-06-04,1,0,1
2017-06-04,2,1,1
2017-06-04,9,2,7
2017-06-04,4,1,3
2017-06-04,7,4,3
2017-06-04,11,4,7
2017-06-04,7,3,4
2017-06-04,16,11,5
2017-06-04,17,8,9
2017-06-04,22,8,14
2017-06-04,15,10,5
2017-06-04,17,4,13
2017-06-04,20,11,9
2017-06-04,19,6,13
2017-06-04,18,9,9
2017-06-04,20,10,10
2017-06-04,9,5,4
2017-06-04,5,4,1
2017-06-04,2,0,2
2017-06-04,5,2,3
2017-06-05,0,0,0
2017-06-05,3,1,2
2017-06-05,0,0,0
2017-06-05,1,0,1
2017-06-05,2,1,1
2017-06-05,6,0,6
2017-06-05,21,2,19
2017-06-05,34,10,24
2017-06-05,47,13,34
2017-06-05,20,6,14
2017-06-05,17,9,8
2017-06-05,23,11,12
2017-06-05,19,10,9
2017-06-05,22,12,10
2017-06-05,14,6,8
2017-06-05,22,14,8
2017-06-05,31,20,11
2017-06-05,55,34,21
2017-06-05,41,23,18
2017-06-05,31,16,15
2017-06-05,19,8,11
2017-06-05,16,7,9
2017-06-05,7,5,2
2017-06-05,6,1,5
2017-06-06,2,1,1
2017-06-06,2,1,1
2017-06-06,1,1,0
2017-06-06,0,0,0
2017-06-06,2,0,2
2017-06-06,9,0,9
2017-06-06,14,0,14
2017-06-06,48,13,35
2017-06-06,41,18,23
2017-06-06,27,10,17
2017-06-06,9,3,6
2017-06-06,14,4,10
2017-06-06,16,9,7
2017-06-06,19,8,11
2017-06-06,23,10,13
2017-06-06,27,14,13
2017-06-06,36,25,11
2017-06-06,57,30,27
2017-06-06,47,27,20
2017-06-06,38,27,11
2017-06-06,23,11,12
2017-06-06,14,9,5
2017-06-06,6,2,4
2017-06-06,4,2,2
2017-06-07,5,1,4
2017-06-07,0,0,0
2017-06-07,0,0,0
2017-06-07,2,1,1
2017-06-07,2,1,1
2017-06-07,8,2,6
2017-06-07,21,3,18
2017-06-07,33,5,28
2017-06-07,52,15,37
2017-06-07,34,16,18
2017-06-07,21,7,14
2017-06-07,17,6,11
2017-06-07,32,17,15
2017-06-07,23,12,11
2017-06-07,21,15,6
2017-06-07,20,12,8
2017-06-07,25,15,10
2017-06-07,42,22,20
2017-06-07,51,28,23
2017-06-07,40,16,24
2017-06-07,17,6,11
2017-06-07,21,12,9
2017-06-07,16,6,10
2017-06-07,3,2,1
2017-06-08,4,1,3
2017-06-08,1,0,1
2017-06-08,1,0,1
2017-06-08,0,0,0
2017-06-08,1,1,0
2017-06-08,4,0,4
2017-06-08,8,1,7
2017-06-08,18,2,16
2017-06-08,15,3,12
2017-06-08,10,5,5
2017-06-08,4,0,4
2017-06-08,14,6,8
2017-06-08,6,2,4
2017-06-08,9,2,7
2017-06-08,8,4,4
2017-06-08,11,7,4
2017-06-08,16,9,7
2017-06-08,35,19,16
2017-06-08,31,13,18
2017-06-08,26,18,8
2017-06-08,13,4,9
2017-06-08,12,7,5
2017-06-08,9,5,4
2017-06-08,5,3,2
2017-06-09,5,1,4
2017-06-09,5,2,3
2017-06-09,1,0,1
2017-06-09,0,0,0
2017-06-09,1,1,0
2017-06-09,4,1,3
2017-06-09,15,2,13
2017-06-09,29,10,19
2017-06-09,27,9,18
2017-06-09,11,4,7
2017-06-09,15,5,10
2017-06-09,13,8,5
2017-06-09,13,6,7
2017-06-09,25,13,12
2017-06-09,12,3,9
2017-06-09,17,10,7
2017-06-09,24,16,8
2017-06-09,35,18,17
2017-06-09,30,13,17
2017-06-09,24,13,11
2017-06-09,6,3,3
2017-06-09,8,2,6
2017-06-09,11,2,9
2017-06-09,7,3,4
2017-06-10,6,3,3
2017-06-10,7,5,2
2017-06-10,11,3,8
2017-06-10,0,0,0
2017-06-10,0,0,0
2017-06-10,1,0,1
2017-06-10,8,1,7
2017-06-10,8,2,6
2017-06-10,6,5,1
2017-06-10,6,4,2
2017-06-10,6,2,4
2017-06-10,21,11,10
2017-06-10,13,6,7
2017-06-10,18,10,8
2017-06-10,16,7,9
2017-06-10,26,11,15
2017-06-10,16,11,5
2017-06-10,22,9,13
2017-06-10,19,9,10
2017-06-10,16,12,4
2017-06-10,13,5,8
2017-06-10,20,9,11
2017-06-10,4,1,3
2017-06-10,6,0,6
2017-06-11,7,1,6
2017-06-11,7,1,6
2017-06-11,8,1,7
2017-06-11,0,0,0
2017-06-11,1,1,0
2017-06-11,0,0,0
2017-06-11,3,0,3
2017-06-11,6,4,2
2017-06-11,8,5,3
2017-06-11,6,3,3
2017-06-11,5,3,2
2017-06-11,17,12,5
2017-06-11,13,6,7
2017-06-11,19,6,13
2017-06-11,12,4,8
2017-06-11,12,7,5
2017-06-11,13,5,8
2017-06-11,21,9,12
2017-06-11,18,3,15
2017-06-11,10,3,7
2017-06-11,19,12,7
2017-06-11,8,3,5
2017-06-11,7,4,3
2017-06-11,3,0,3
2017-06-12,3,1,2
2017-06-12,3,0,3
2017-06-12,0,0,0
2017-06-12,0,0,0
2017-06-12,1,0,1
2017-06-12,9,1,8
2017-06-12,11,1,10
2017-06-12,25,6,19
2017-06-12,53,15,38
2017-06-12,24,11,13
2017-06-12,14,4,10
2017-06-12,10,7,3
2017-06-12,14,7,7
2017-06-12,12,6,6
2017-06-12,11,6,5
2017-06-12,15,8,7
2017-06-12,29,21,8
2017-06-12,60,31,29
2017-06-12,51,25,26
2017-06-12,16,10,6
2017-06-12,14,8,6
2017-06-12,14,8,6
2017-06-12,7,3,4
2017-06-12,3,2,1
2017-06-13,4,3,1
2017-06-13,1,0,1
2017-06-13,0,0,0
2017-06-13,0,0,0
2017-06-13,2,1,1
2017-06-13,5,1,4
2017-06-13,12,1,11
2017-06-13,33,12,21
2017-06-13,33,8,25
2017-06-13,21,8,13
2017-06-13,11,4,7
2017-06-13,15,7,8
2017-06-13,9,3,6
2017-06-13,17,6,11
2017-06-13,9,5,4
2017-06-13,23,7,16
2017-06-13,28,17,11
2017-06-13,36,24,12
2017-06-13,39,24,15
2017-06-13,13,6,7
2017-06-13,8,1,7
2017-06-13,9,5,4
2017-06-13,1,1,0
2017-06-13,6,3,3
2017-06-14,4,2,2
2017-06-14,1,1,0
2017-06-14,0,0,0
2017-06-14,1,0,1
2017-06-14,0,0,0
2017-06-14,8,1,7
2017-06-14,19,5,14
2017-06-14,34,9,25
2017-06-14,31,6,25
2017-06-14,25,11,14
2017-06-14,11,6,5
2017-06-14,17,9,8
2017-06-14,15,7,8
2017-06-14,14,8,6
2017-06-14,7,3,4
2017-06-14,30,24,6
2017-06-14,21,16,5
2017-06-14,55,40,15
2017-06-14,34,22,12
2017-06-14,28,14,14
2017-06-14,30,19,11
2017-06-14,13,9,4
2017-06-14,7,1,6
2017-06-14,4,1,3
2017-06-15,7,2,5
2017-06-15,2,0,2
2017-06-15,3,1,2
2017-06-15,0,0,0
2017-06-15,2,0,2
2017-06-15,5,0,5
2017-06-15,18,2,16
2017-06-15,23,4,19
2017-06-15,22,7,15
2017-06-15,17,9,8
2017-06-15,12,5,7
2017-06-15,8,2,6
2017-06-15,3,3,0
2017-06-15,9,6,3
2017-06-15,13,7,6
2017-06-15,10,4,6
2017-06-15,21,15,6
2017-06-15,36,24,12
2017-06-15,27,12,15
2017-06-15,20,16,4
2017-06-15,7,5,2
2017-06-15,9,8,1
2017-06-15,7,4,3
2017-06-15,4,2,2
2017-06-16,0,0,0
2017-06-16,0,0,0
2017-06-16,3,1,2
2017-06-16,0,0,0
2017-06-16,1,1,0
2017-06-16,5,0,5
2017-06-16,11,2,9
2017-06-16,16,2,14
2017-06-16,28,4,24
2017-06-16,11,4,7
2017-06-16,11,1,10
2017-06-16,13,4,9
2017-06-16,12,3,9
2017-06-16,13,6,7
2017-06-16,17,6,11
2017-06-16,19,10,9
2017-06-16,21,16,5
2017-06-16,44,25,19
2017-06-16,40,18,22
2017-06-16,20,17,3
2017-06-16,15,8,7
2017-06-16,9,5,4
2017-06-16,11,7,4
2017-06-16,12,11,1
2017-06-17,15,8,7
2017-06-17,13,3,10
2017-06-17,3,2,1
2017-06-17,0,0,0
2017-06-17,0,0,0
2017-06-17,4,1,3
2017-06-17,4,0,4
2017-06-17,5,3,2
2017-06-17,9,7,2
2017-06-17,17,9,8
2017-06-17,18,13,5
2017-06-17,10,8,2
2017-06-17,19,8,11
2017-06-17,13,9,4
2017-06-17,12,6,6
2017-06-17,19,5,14
2017-06-17,18,10,8
2017-06-17,9,3,6
2017-06-17,7,5,2
2017-06-17,12,4,8
2017-06-17,8,2,6
2017-06-17,7,2,5
2017-06-17,5,2,3
2017-06-17,1,1,0
2017-06-18,10,3,7
2017-06-18,14,4,10
2017-06-18,5,3,2
2017-06-18,0,0,0
2017-06-18,2,1,1
2017-06-18,3,1,2
2017-06-18,7,3,4
2017-06-18,3,2,1
2017-06-18,8,5,3
2017-06-18,6,3,3
2017-06-18,5,1,4
2017-06-18,8,5,3
2017-06-18,12,7,5
2017-06-18,11,6,5
2017-06-18,11,2,9
2017-06-18,14,8,6
2017-06-18,19,12,7
2017-06-18,13,7,6
2017-06-18,16,7,9
2017-06-18,10,5,5
2017-06-18,4,3,1
2017-06-18,9,3,6
2017-06-18,4,1,3
2017-06-18,3,0,3
2017-06-19,3,2,1
2017-06-19,1,0,1
2017-06-19,3,0,3
2017-06-19,0,0,0
2017-06-19,0,0,0
2017-06-19,5,1,4
2017-06-19,13,2,11
2017-06-19,29,10,19
2017-06-19,27,6,21
2017-06-19,23,10,13
2017-06-19,14,6,8
2017-06-19,8,4,4
2017-06-19,15,6,9
2017-06-19,14,8,6
2017-06-19,17,8,9
2017-06-19,21,12,9
2017-06-19,26,21,5
2017-06-19,39,24,15
2017-06-19,34,17,17
2017-06-19,27,13,14
2017-06-19,20,14,6
2017-06-19,12,7,5
2017-06-19,1,1,0
2017-06-19,7,2,5
2017-06-20,2,1,1
2017-06-20,1,0,1
2017-06-20,1,0,1
2017-06-20,1,0,1
2017-06-20,0,0,0
2017-06-20,6,1,5
2017-06-20,14,1,13
2017-06-20,34,11,23
2017-06-20,34,9,25
2017-06-20,14,6,8
2017-06-20,10,3,7
2017-06-20,13,7,6
2017-06-20,10,5,5
2017-06-20,7,1,6
2017-06-20,14,6,8
2017-06-20,17,11,6
2017-06-20,29,16,13
2017-06-20,54,31,23
2017-06-20,30,15,15
2017-06-20,32,19,13
2017-06-20,16,7,9
2017-06-20,16,5,11
2017-06-20,6,2,4
2017-06-20,4,3,1
2017-06-21,2,1,1
2017-06-21,3,2,1
2017-06-21,0,0,0
2017-06-21,0,0,0
2017-06-21,2,1,1
2017-06-21,4,2,2
2017-06-21,16,5,11
2017-06-21,31,10,21
2017-06-21,38,13,25
2017-06-21,16,6,10
2017-06-21,15,5,10
2017-06-21,14,9,5
2017-06-21,27,15,12
2017-06-21,14,6,8
2017-06-21,20,12,8
2017-06-21,23,15,8
2017-06-21,36,24,12
2017-06-21,54,35,19
2017-06-21,42,21,21
2017-06-21,26,12,14
2017-06-21,27,13,14
2017-06-21,10,2,8
2017-06-21,11,2,9
2017-06-21,10,3,7
2017-06-22,1,1,0
2017-06-22,1,0,1
2017-06-22,2,1,1
2017-06-22,0,0,0
2017-06-22,1,1,0
2017-06-22,4,0,4
2017-06-22,15,2,13
2017-06-22,32,9,23
2017-06-22,32,9,23
2017-06-22,17,7,10
2017-06-22,8,4,4
2017-06-22,13,8,5
2017-06-22,19,6,13
2017-06-22,26,11,15
2017-06-22,26,14,12
2017-06-22,19,7,12
2017-06-22,39,23,16
2017-06-22,42,26,16
2017-06-22,43,22,21
2017-06-22,15,8,7
2017-06-22,15,7,8
2017-06-22,20,7,13
2017-06-22,12,6,6
2017-06-22,3,2,1
2017-06-23,3,1,2
2017-06-23,5,1,4
2017-06-23,4,3,1
2017-06-23,0,0,0
2017-06-23,1,1,0
2017-06-23,6,1,5
2017-06-23,15,2,13
2017-06-23,34,8,26
2017-06-23,36,13,23
2017-06-23,12,4,8
2017-06-23,13,5,8
2017-06-23,12,4,8
2017-06-23,12,4,8
2017-06-23,26,14,12
2017-06-23,24,13,11
2017-06-23,32,20,12
2017-06-23,43,25,18
2017-06-23,55,36,19
2017-06-23,28,11,17
2017-06-23,21,14,7
2017-06-23,24,12,12
2017-06-23,25,11,14
2017-06-23,19,9,10
2017-06-23,21,7,14
2017-06-24,18,5,13
2017-06-24,13,8,5
2017-06-24,0,0,0
2017-06-24,1,0,1
2017-06-24,2,0,2
2017-06-24,2,0,2
2017-06-24,7,0,7
2017-06-24,7,2,5
2017-06-24,9,3,6
2017-06-24,24,7,17
2017-06-24,26,12,14
2017-06-24,12,5,7
2017-06-24,23,11,12
2017-06-24,31,12,19
2017-06-24,25,14,11
2017-06-24,18,10,8
2017-06-24,22,14,8
2017-06-24,20,14,6
2017-06-24,12,7,5
2017-06-24,17,13,4
2017-06-24,9,4,5
2017-06-24,20,8,12
2017-06-24,11,7,4
2017-06-24,12,3,9
2017-06-25,18,11,7
2017-06-25,16,7,9
2017-06-25,9,2,7
2017-06-25,1,0,1
2017-06-25,0,0,0
2017-06-25,2,0,2
2017-06-25,5,1,4
2017-06-25,4,0,4
2017-06-25,11,4,7
2017-06-25,6,4,2
2017-06-25,6,4,2
2017-06-25,20,9,11
2017-06-25,24,17,7
2017-06-25,19,9,10
2017-06-25,21,11,10
2017-06-25,15,8,7
2017-06-25,22,16,6
2017-06-25,21,9,12
2017-06-25,12,7,5
2017-06-25,15,11,4
2017-06-25,12,3,9
2017-06-25,6,2,4
2017-06-25,9,2,7
2017-06-25,4,0,4
2017-06-26,1,1,0
2017-06-26,1,0,1
2017-06-26,2,1,1
2017-06-26,1,0,1
2017-06-26,3,2,1
2017-06-26,8,0,8
2017-06-26,19,1,18
2017-06-26,32,7,25
2017-06-26,40,8,32
2017-06-26,17,11,6
2017-06-26,13,7,6
2017-06-26,14,6,8
2017-06-26,10,4,6
2017-06-26,21,10,11
2017-06-26,23,15,8
2017-06-26,16,11,5
2017-06-26,28,24,4
2017-06-26,57,39,18
2017-06-26,47,20,27
2017-06-26,28,20,8
2017-06-26,21,9,12
2017-06-26,18,12,6
2017-06-26,8,2,6
2017-06-26,6,1,5
2017-06-27,5,1,4
2017-06-27,1,0,1
2017-06-27,0,0,0
2017-06-27,0,0,0
2017-06-27,1,1,0
2017-06-27,12,0,12
2017-06-27,31,4,27
2017-06-27,35,6,29
2017-06-27,30,6,24
2017-06-27,22,7,15
2017-06-27,13,5,8
2017-06-27,15,6,9
2017-06-27,21,11,10
2017-06-27,23,11,12
2017-06-27,19,8,11
2017-06-27,24,11,13
2017-06-27,40,30,10
2017-06-27,61,41,20
2017-06-27,35,18,17
2017-06-27,26,15,11
2017-06-27,15,9,6
2017-06-27,18,9,9
2017-06-27,14,6,8
2017-06-27,6,5,1
2017-06-28,4,1,3
2017-06-28,1,1,0
2017-06-28,2,2,0
2017-06-28,0,0,0
2017-06-28,0,0,0
2017-06-28,11,2,9
2017-06-28,17,4,13
2017-06-28,30,3,27
2017-06-28,37,7,30
2017-06-28,23,11,12
2017-06-28,17,7,10
2017-06-28,18,10,8
2017-06-28,15,11,4
2017-06-28,11,6,5
2017-06-28,30,14,16
2017-06-28,33,23,10
2017-06-28,31,20,11
2017-06-28,43,31,12
2017-06-28,51,27,24
2017-06-28,38,22,16
2017-06-28,26,10,16
2017-06-28,16,7,9
2017-06-28,14,5,9
2017-06-28,4,1,3
2017-06-29,7,3,4
2017-06-29,3,0,3
2017-06-29,0,0,0
2017-06-29,2,0,2
2017-06-29,0,0,0
2017-06-29,7,2,5
2017-06-29,21,4,17
2017-06-29,34,7,27
2017-06-29,47,9,38
2017-06-29,17,6,11
2017-06-29,15,4,11
2017-06-29,19,11,8
2017-06-29,17,11,6
2017-06-29,25,17,8
2017-06-29,21,3,18
2017-06-29,27,19,8
2017-06-29,49,30,19
2017-06-29,50,28,22
2017-06-29,48,27,21
2017-06-29,37,19,18
2017-06-29,16,7,9
2017-06-29,20,8,12
2017-06-29,13,4,9
2017-06-29,8,5,3
2017-06-30,9,3,6
2017-06-30,5,1,4
2017-06-30,1,0,1
2017-06-30,0,0,0
2017-06-30,0,0,0
2017-06-30,12,3,9
2017-06-30,16,1,15
2017-06-30,30,7,23
2017-06-30,36,10,26
2017-06-30,16,7,9
2017-06-30,18,6,12
2017-06-30,16,6,10
2017-06-30,18,8,10
2017-06-30,16,10,6
2017-06-30,26,15,11
2017-06-30,21,12,9
2017-06-30,50,32,18
2017-06-30,42,23,19
2017-06-30,34,19,15
2017-06-30,33,18,15
2017-06-30,22,8,14
2017-06-30,15,9,6
2017-06-30,9,0,9
2017-06-30,20,5,15
2017-07-01,9,1,8
2017-07-01,10,4,6
2017-07-01,10,0,10
2017-07-01,3,1,2
2017-07-01,2,1,1
2017-07-01,2,0,2
2017-07-01,10,1,9
2017-07-01,8,4,4
2017-07-01,7,2,5
2017-07-01,5,3,2
2017-07-01,12,9,3
2017-07-01,11,4,7
2017-07-01,23,12,11
2017-07-01,16,5,11
2017-07-01,9,5,4
2017-07-01,21,9,12
2017-07-01,11,6,5
2017-07-01,17,11,6
2017-07-01,23,6,17
2017-07-01,15,9,6
2017-07-01,13,6,7
2017-07-01,13,6,7
2017-07-01,8,5,3
2017-07-01,11,3,8
2017-07-02,9,2,7
2017-07-02,17,2,15
2017-07-02,7,0,7
2017-07-02,1,0,1
2017-07-02,2,1,1
2017-07-02,4,0,4
2017-07-02,4,0,4
2017-07-02,8,5,3
2017-07-02,6,2,4
2017-07-02,5,4,1
2017-07-02,7,4,3
2017-07-02,17,8,9
2017-07-02,20,11,9
2017-07-02,24,12,12
2017-07-02,19,18,1
2017-07-02,23,15,8
2017-07-02,24,13,11
2017-07-02,18,7,11
2017-07-02,22,8,14
2017-07-02,14,9,5
2017-07-02,13,8,5
2017-07-02,11,4,7
2017-07-02,4,0,4
2017-07-02,5,2,3
2017-07-03,2,1,1
2017-07-03,2,1,1
2017-07-03,2,1,1
2017-07-03,0,0,0
2017-07-03,1,0,1
2017-07-03,8,0,8
2017-07-03,16,1,15
2017-07-03,18,7,11
2017-07-03,17,6,11
2017-07-03,10,4,6
2017-07-03,11,5,6
2017-07-03,9,5,4
2017-07-03,13,7,6
2017-07-03,7,2,5
2017-07-03,21,12,9
2017-07-03,18,9,9
2017-07-03,27,16,11
2017-07-03,29,15,14
2017-07-03,25,10,15
2017-07-03,14,10,4
2017-07-03,10,6,4
2017-07-03,18,6,12
2017-07-03,4,1,3
2017-07-03,8,6,2
2017-07-04,5,0,5
2017-07-04,2,0,2
2017-07-04,4,3,1
2017-07-04,0,0,0
2017-07-04,2,1,1
2017-07-04,6,1,5
2017-07-04,6,3,3
2017-07-04,6,3,3
2017-07-04,8,3,5
2017-07-04,9,4,5
2017-07-04,6,4,2
2017-07-04,8,5,3
2017-07-04,12,7,5
2017-07-04,11,2,9
2017-07-04,15,7,8
2017-07-04,18,12,6
2017-07-04,14,8,6
2017-07-04,13,5,8
2017-07-04,10,1,9
2017-07-04,4,3,1
2017-07-04,10,8,2
2017-07-04,13,7,6
2017-07-04,5,0,5
2017-07-04,7,1,6
2017-07-05,8,1,7
2017-07-05,0,0,0
2017-07-05,0,0,0
2017-07-05,0,0,0
2017-07-05,3,0,3
2017-07-05,4,0,4
2017-07-05,23,2,21
2017-07-05,34,5,29
2017-07-05,32,7,25
2017-07-05,20,8,12
2017-07-05,8,2,6
2017-07-05,13,8,5
2017-07-05,20,11,9
2017-07-05,9,6,3
2017-07-05,35,20,15
2017-07-05,23,15,8
2017-07-05,31,22,9
2017-07-05,38,20,18
2017-07-05,39,19,20
2017-07-05,19,13,6
2017-07-05,19,7,12
2017-07-05,16,11,5
2017-07-05,18,9,9
2017-07-05,7,5,2
2017-07-06,3,1,2
2017-07-06,4,0,4
2017-07-06,1,0,1
2017-07-06,0,0,0
2017-07-06,1,0,1
2017-07-06,3,0,3
2017-07-06,21,3,18
2017-07-06,25,5,20
2017-07-06,36,9,27
2017-07-06,19,7,12
2017-07-06,21,5,16
2017-07-06,22,12,10
2017-07-06,24,13,11
2017-07-06,32,18,14
2017-07-06,26,12,14
2017-07-06,29,17,12
2017-07-06,25,16,9
2017-07-06,61,41,20
2017-07-06,53,30,23
2017-07-06,30,18,12
2017-07-06,20,9,11
2017-07-06,11,5,6
2017-07-06,9,4,5
2017-07-06,7,4,3
2017-07-07,4,2,2
2017-07-07,8,2,6
2017-07-07,1,0,1
2017-07-07,0,0,0
2017-07-07,1,0,1
2017-07-07,8,1,7
2017-07-07,23,5,18
2017-07-07,23,4,19
2017-07-07,41,12,29
2017-07-07,24,9,15
2017-07-07,12,4,8
2017-07-07,11,5,6
2017-07-07,19,7,12
2017-07-07,19,9,10
2017-07-07,21,10,11
2017-07-07,13,8,5
2017-07-07,31,25,6
2017-07-07,64,37,27
2017-07-07,51,21,30
2017-07-07,29,12,17
2017-07-07,22,11,11
2017-07-07,13,7,6
2017-07-07,18,9,9
2017-07-07,11,6,5
2017-07-08,6,3,3
2017-07-08,3,1,2
2017-07-08,7,2,5
2017-07-08,1,1,0
2017-07-08,2,0,2
2017-07-08,5,0,5
2017-07-08,10,0,10
2017-07-08,10,3,7
2017-07-08,12,2,10
2017-07-08,13,7,6
2017-07-08,11,7,4
2017-07-08,17,9,8
2017-07-08,24,6,18
2017-07-08,19,12,7
2017-07-08,24,12,12
2017-07-08,34,15,19
2017-07-08,26,19,7
2017-07-08,20,11,9
2017-07-08,19,8,11
2017-07-08,19,11,8
2017-07-08,14,7,7
2017-07-08,11,4,7
2017-07-08,5,1,4
2017-07-08,3,1,2
2017-07-09,6,3,3
2017-07-09,7,1,6
2017-07-09,4,1,3
2017-07-09,3,1,2
2017-07-09,0,0,0
2017-07-09,2,1,1
2017-07-09,7,0,7
2017-07-09,4,2,2
2017-07-09,7,2,5
2017-07-09,9,4,5
2017-07-09,13,6,7
2017-07-09,18,8,10
2017-07-09,14,7,7
2017-07-09,21,11,10
2017-07-09,20,11,9
2017-07-09,20,6,14
2017-07-09,21,17,4
2017-07-09,14,10,4
2017-07-09,20,12,8
2017-07-09,13,10,3
2017-07-09,11,6,5
2017-07-09,6,3,3
2017-07-09,4,1,3
2017-07-09,5,1,4
2017-07-10,4,0,4
2017-07-10,3,0,3
2017-07-10,0,0,0
2017-07-10,0,0,0
2017-07-10,2,1,1
2017-07-10,10,1,9
2017-07-10,23,3,20
2017-07-10,37,9,28
2017-07-10,30,10,20
2017-07-10,15,10,5
2017-07-10,15,6,9
2017-07-10,21,12,9
2017-07-10,23,12,11
2017-07-10,16,6,10
2017-07-10,22,15,7
2017-07-10,21,9,12
2017-07-10,38,26,12
2017-07-10,56,36,20
2017-07-10,40,21,19
2017-07-10,38,23,15
2017-07-10,18,8,10
2017-07-10,15,6,9
2017-07-10,9,6,3
2017-07-10,5,3,2
2017-07-11,3,1,2
2017-07-11,4,3,1
2017-07-11,1,1,0
2017-07-11,0,0,0
2017-07-11,0,0,0
2017-07-11,9,0,9
2017-07-11,24,3,21
2017-07-11,32,5,27
2017-07-11,36,16,20
2017-07-11,21,4,17
2017-07-11,14,7,7
2017-07-11,12,5,7
2017-07-11,15,7,8
2017-07-11,32,18,14
2017-07-11,27,18,9
2017-07-11,25,13,12
2017-07-11,44,29,15
2017-07-11,53,30,23
2017-07-11,48,23,25
2017-07-11,39,24,15
2017-07-11,24,12,12
2017-07-11,24,11,13
2017-07-11,10,3,7
2017-07-11,7,5,2
2017-07-12,6,2,4
2017-07-12,3,2,1
2017-07-12,0,0,0
2017-07-12,0,0,0
2017-07-12,1,1,0
2017-07-12,9,2,7
2017-07-12,19,4,15
2017-07-12,11,0,11
2017-07-12,40,13,27
2017-07-12,20,8,12
2017-07-12,8,4,4
2017-07-12,18,11,7
2017-07-12,21,10,11
2017-07-12,22,17,5
2017-07-12,14,8,6
2017-07-12,19,14,5
2017-07-12,46,26,20
2017-07-12,54,30,24
2017-07-12,52,25,27
2017-07-12,33,15,18
2017-07-12,27,16,11
2017-07-12,23,6,17
2017-07-12,8,3,5
2017-07-12,8,2,6
2017-07-13,6,5,1
2017-07-13,3,0,3
2017-07-13,2,0,2
2017-07-13,0,0,0
2017-07-13,1,0,1
2017-07-13,9,1,8
2017-07-13,21,4,17
2017-07-13,33,11,22
2017-07-13,33,12,21
2017-07-13,15,8,7
2017-07-13,11,5,6
2017-07-13,16,13,3
2017-07-13,13,5,8
2017-07-13,18,6,12
2017-07-13,24,13,11
2017-07-13,19,5,14
2017-07-13,29,20,9
2017-07-13,66,35,31
2017-07-13,39,16,23
2017-07-13,34,17,17
2017-07-13,30,20,10
2017-07-13,19,9,10
2017-07-13,20,14,6
2017-07-13,4,3,1
2017-07-14,10,6,4
2017-07-14,5,1,4
2017-07-14,0,0,0
2017-07-14,4,0,4
2017-07-14,1,0,1
2017-07-14,6,2,4
2017-07-14,18,2,16
2017-07-14,36,10,26
2017-07-14,20,5,15
2017-07-14,25,11,14
2017-07-14,14,8,6
2017-07-14,14,5,9
2017-07-14,23,8,15
2017-07-14,14,8,6
2017-07-14,18,9,9
2017-07-14,33,19,14
2017-07-14,29,15,14
2017-07-14,42,18,24
2017-07-14,33,14,19
2017-07-14,30,16,14
2017-07-14,14,7,7
2017-07-14,11,4,7
2017-07-14,13,2,11
2017-07-14,15,5,10
2017-07-15,5,1,4
2017-07-15,15,3,12
2017-07-15,4,1,3
2017-07-15,0,0,0
2017-07-15,4,2,2
2017-07-15,9,7,2
2017-07-15,10,1,9
2017-07-15,10,6,4
2017-07-15,12,5,7
2017-07-15,16,14,2
2017-07-15,8,4,4
2017-07-15,8,4,4
2017-07-15,27,15,12
2017-07-15,16,11,5
2017-07-15,20,12,8
2017-07-15,10,9,1
2017-07-15,8,3,5
2017-07-15,25,11,14
2017-07-15,19,6,13
2017-07-15,17,8,9
2017-07-15,8,6,2
2017-07-15,17,5,12
2017-07-15,4,3,1
2017-07-15,19,4,15
2017-07-16,6,2,4
2017-07-16,10,4,6
2017-07-16,14,2,12
2017-07-16,1,0,1
2017-07-16,0,0,0
2017-07-16,4,1,3
2017-07-16,6,1,5
2017-07-16,2,1,1
2017-07-16,7,5,2
2017-07-16,11,4,7
2017-07-16,8,7,1
2017-07-16,13,7,6
2017-07-16,18,9,9
2017-07-16,19,11,8
2017-07-16,21,12,9
2017-07-16,17,10,7
2017-07-16,21,11,10
2017-07-16,11,6,5
2017-07-16,25,10,15
2017-07-16,11,8,3
2017-07-16,11,5,6
2017-07-16,6,2,4
2017-07-16,2,2,0
2017-07-16,6,3,3
2017-07-17,6,0,6
2017-07-17,2,1,1
2017-07-17,1,1,0
2017-07-17,0,0,0
2017-07-17,1,0,1
2017-07-17,7,0,7
2017-07-17,19,1,18
2017-07-17,31,8,23
2017-07-17,31,9,22
2017-07-17,20,12,8
2017-07-17,13,7,6
2017-07-17,22,8,14
2017-07-17,17,9,8
2017-07-17,16,5,11
2017-07-17,21,8,13
2017-07-17,17,12,5
2017-07-17,37,24,13
2017-07-17,61,39,22
2017-07-17,55,23,32
2017-07-17,32,13,19
2017-07-17,23,12,11
2017-07-17,24,14,10
2017-07-17,4,3,1
2017-07-17,7,4,3
2017-07-18,3,1,2
2017-07-18,0,0,0
2017-07-18,0,0,0
2017-07-18,1,0,1
2017-07-18,1,0,1
2017-07-18,6,3,3
2017-07-18,28,1,27
2017-07-18,46,10,36
2017-07-18,35,14,21
2017-07-18,32,12,20
2017-07-18,17,7,10
2017-07-18,16,11,5
2017-07-18,19,10,9
2017-07-18,18,10,8
2017-07-18,21,11,10
2017-07-18,19,10,9
2017-07-18,44,33,11
2017-07-18,69,44,25
2017-07-18,39,24,15
2017-07-18,36,17,19
2017-07-18,14,6,8
2017-07-18,19,10,9
2017-07-18,7,3,4
2017-07-18,6,4,2
2017-07-19,4,1,3
2017-07-19,1,1,0
2017-07-19,1,1,0
2017-07-19,0,0,0
2017-07-19,0,0,0
2017-07-19,9,1,8
2017-07-19,22,1,21
2017-07-19,45,12,33
2017-07-19,46,12,34
2017-07-19,15,4,11
2017-07-19,18,8,10
2017-07-19,16,11,5
2017-07-19,24,16,8
2017-07-19,21,13,8
2017-07-19,19,12,7
2017-07-19,38,19,19
2017-07-19,36,23,13
2017-07-19,64,35,29
2017-07-19,43,22,21
2017-07-19,28,16,12
2017-07-19,24,11,13
2017-07-19,14,4,10
2017-07-19,7,2,5
2017-07-19,12,6,6
2017-07-20,5,3,2
2017-07-20,1,0,1
2017-07-20,2,0,2
2017-07-20,0,0,0
2017-07-20,2,1,1
2017-07-20,6,0,6
2017-07-20,23,2,21
2017-07-20,28,10,18
2017-07-20,38,12,26
2017-07-20,21,10,11
2017-07-20,13,6,7
2017-07-20,13,9,4
2017-07-20,22,9,13
2017-07-20,14,5,9
2017-07-20,17,8,9
2017-07-20,18,10,8
2017-07-20,33,24,9
2017-07-20,58,34,24
2017-07-20,41,20,21
2017-07-20,31,22,9
2017-07-20,26,13,13
2017-07-20,18,7,11
2017-07-20,11,4,7
2017-07-20,7,3,4
2017-07-21,17,3,14
2017-07-21,15,9,6
2017-07-21,0,0,0
2017-07-21,0,0,0
2017-07-21,0,0,0
2017-07-21,0,0,0
2017-07-21,0,0,0
2017-07-21,0,0,0
2017-07-21,0,0,0
2017-07-21,0,0,0
2017-07-21,0,0,0
2017-07-21,0,0,0
2017-07-21,0,0,0
2017-07-21,0,0,0
2017-07-21,0,0,0
2017-07-21,0,0,0
2017-07-21,0,0,0
2017-07-21,0,0,0
2017-07-21,0,0,0
2017-07-21,0,0,0
2017-07-21,0,0,0
2017-07-21,0,0,0
2017-07-21,0,0,0
2017-07-21,0,0,0
2017-07-22,0,0,0
2017-07-22,2,2,0
2017-07-22,2,1,1
2017-07-22,0,0,0
2017-07-22,0,0,0
2017-07-22,0,0,0
2017-07-22,0,0,0
2017-07-22,0,0,0
2017-07-22,0,0,0
2017-07-22,0,0,0
2017-07-22,0,0,0
2017-07-22,0,0,0
2017-07-22,0,0,0
2017-07-22,1,1,0
2017-07-22,0,0,0
2017-07-22,6,3,3
2017-07-22,0,0,0
2017-07-22,0,0,0
2017-07-22,4,0,4
2017-07-22,0,0,0
2017-07-22,0,0,0
2017-07-22,0,0,0
2017-07-22,0,0,0
2017-07-22,0,0,0
2017-07-23,0,0,0
2017-07-23,1,1,0
2017-07-23,0,0,0
2017-07-23,0,0,0
2017-07-23,0,0,0
2017-07-23,0,0,0
2017-07-23,0,0,0
2017-07-23,0,0,0
2017-07-23,0,0,0
2017-07-23,0,0,0
2017-07-23,0,0,0
2017-07-23,0,0,0
2017-07-23,0,0,0
2017-07-23,0,0,0
2017-07-23,0,0,0
2017-07-23,0,0,0
2017-07-23,6,0,6
2017-07-23,0,0,0
2017-07-23,0,0,0
2017-07-23,0,0,0
2017-07-23,0,0,0
2017-07-23,1,0,1
2017-07-23,2,2,0
2017-07-23,3,0,3
2017-07-24,0,0,0
2017-07-24,0,0,0
2017-07-24,3,3,0
2017-07-24,0,0,0
2017-07-24,0,0,0
2017-07-24,0,0,0
2017-07-24,0,0,0
2017-07-24,0,0,0
2017-07-24,1,1,0
2017-07-24,0,0,0
2017-07-24,0,0,0
2017-07-24,0,0,0
2017-07-24,0,0,0
2017-07-24,0,0,0
2017-07-24,0,0,0
2017-07-24,0,0,0
2017-07-24,0,0,0
2017-07-24,0,0,0
2017-07-24,0,0,0
2017-07-24,0,0,0
2017-07-24,0,0,0
2017-07-24,0,0,0
2017-07-24,0,0,0
2017-07-24,0,0,0
2017-07-25,0,0,0
2017-07-25,0,0,0
2017-07-25,0,0,0
2017-07-25,0,0,0
2017-07-25,0,0,0
2017-07-25,0,0,0
2017-07-25,0,0,0
2017-07-25,0,0,0
2017-07-25,0,0,0
2017-07-25,0,0,0
2017-07-25,0,0,0
2017-07-25,0,0,0
2017-07-25,0,0,0
2017-07-25,0,0,0
2017-07-25,0,0,0
2017-07-25,0,0,0
2017-07-25,0,0,0
2017-07-25,0,0,0
2017-07-25,0,0,0
2017-07-25,0,0,0
2017-07-25,0,0,0
2017-07-25,0,0,0
2017-07-25,0,0,0
2017-07-25,0,0,0
2017-07-26,0,0,0
2017-07-26,0,0,0
2017-07-26,0,0,0
2017-07-26,0,0,0
2017-07-26,0,0,0
2017-07-26,0,0,0
2017-07-26,0,0,0
2017-07-26,0,0,0
2017-07-26,0,0,0
2017-07-26,0,0,0
2017-07-26,0,0,0
2017-07-26,0,0,0
2017-07-26,0,0,0
2017-07-26,0,0,0
2017-07-26,0,0,0
2017-07-26,0,0,0
2017-07-26,0,0,0
2017-07-26,0,0,0
2017-07-26,0,0,0
2017-07-26,0,0,0
2017-07-26,0,0,0
2017-07-26,0,0,0
2017-07-26,0,0,0
2017-07-26,1,1,0
2017-07-27,0,0,0
2017-07-27,0,0,0
2017-07-27,1,1,0
2017-07-27,0,0,0
2017-07-27,0,0,0
2017-07-27,0,0,0
2017-07-27,0,0,0
2017-07-27,0,0,0
2017-07-27,0,0,0
2017-07-27,0,0,0
2017-07-27,0,0,0
2017-07-27,0,0,0
2017-07-27,0,0,0
2017-07-27,0,0,0
2017-07-27,0,0,0
2017-07-27,0,0,0
2017-07-27,0,0,0
2017-07-27,0,0,0
2017-07-27,0,0,0
2017-07-27,0,0,0
2017-07-27,2,0,2
2017-07-27,0,0,0
2017-07-27,0,0,0
2017-07-27,0,0,0
2017-07-28,1,0,1
2017-07-28,0,0,0
2017-07-28,2,1,1
2017-07-28,0,0,0
2017-07-28,0,0,0
2017-07-28,0,0,0
2017-07-28,0,0,0
2017-07-28,0,0,0
2017-07-28,0,0,0
2017-07-28,0,0,0
2017-07-28,0,0,0
2017-07-28,0,0,0
2017-07-28,0,0,0
2017-07-28,0,0,0
2017-07-28,3,2,1
2017-07-28,0,0,0
2017-07-28,0,0,0
2017-07-28,1,1,0
2017-07-28,0,0,0
2017-07-28,0,0,0
2017-07-28,0,0,0
2017-07-28,0,0,0
2017-07-28,2,2,0
2017-07-28,1,0,1
2017-07-29,4,2,2
2017-07-29,0,0,0
2017-07-29,1,0,1
2017-07-29,0,0,0
2017-07-29,0,0,0
2017-07-29,0,0,0
2017-07-29,0,0,0
2017-07-29,0,0,0
2017-07-29,0,0,0
2017-07-29,0,0,0
2017-07-29,0,0,0
2017-07-29,0,0,0
2017-07-29,0,0,0
2017-07-29,0,0,0
2017-07-29,0,0,0
2017-07-29,0,0,0
2017-07-29,0,0,0
2017-07-29,0,0,0
2017-07-29,0,0,0
2017-07-29,2,0,2
2017-07-29,0,0,0
2017-07-29,0,0,0
2017-07-29,1,0,1
2017-07-29,1,0,1
2017-07-30,0,0,0
2017-07-30,2,1,1
2017-07-30,3,2,1
2017-07-30,0,0,0
2017-07-30,0,0,0
2017-07-30,0,0,0
2017-07-30,0,0,0
2017-07-30,0,0,0
2017-07-30,0,0,0
2017-07-30,0,0,0
2017-07-30,0,0,0
2017-07-30,0,0,0
2017-07-30,0,0,0
2017-07-30,0,0,0
2017-07-30,0,0,0
2017-07-30,0,0,0
2017-07-30,0,0,0
2017-07-30,0,0,0
2017-07-30,0,0,0
2017-07-30,1,1,0
2017-07-30,0,0,0
2017-07-30,0,0,0
2017-07-30,0,0,0
2017-07-30,0,0,0
2017-07-31,0,0,0
2017-07-31,0,0,0
2017-07-31,0,0,0
2017-07-31,0,0,0
2017-07-31,0,0,0
2017-07-31,0,0,0
2017-07-31,0,0,0
2017-07-31,0,0,0
2017-07-31,0,0,0
2017-07-31,0,0,0
2017-07-31,0,0,0
2017-07-31,0,0,0
2017-07-31,0,0,0
2017-07-31,2,0,2
2017-07-31,0,0,0
2017-07-31,0,0,0
2017-07-31,0,0,0
2017-07-31,0,0,0
2017-07-31,0,0,0
2017-07-31,0,0,0
2017-07-31,0,0,0
2017-07-31,0,0,0
2017-07-31,0,0,0
2017-07-31,0,0,0
2017-08-01,1,0,1
2017-08-01,0,0,0
2017-08-01,0,0,0
2017-08-01,0,0,0
2017-08-01,1,0,1
2017-08-01,0,0,0
2017-08-01,0,0,0
2017-08-01,0,0,0
2017-08-01,0,0,0
2017-08-01,0,0,0
2017-08-01,0,0,0
2017-08-01,0,0,0
2017-08-01,49,29,20
2017-08-01,17,7,10
2017-08-01,24,13,11
2017-08-01,16,8,8
2017-08-01,34,24,10
2017-08-01,69,37,32
2017-08-01,49,26,23
2017-08-01,29,17,12
2017-08-01,24,14,10
2017-08-01,21,9,12
2017-08-01,11,5,6
2017-08-01,4,2,2
2017-08-02,5,2,3
2017-08-02,5,2,3
2017-08-02,0,0,0
2017-08-02,1,1,0
2017-08-02,1,0,1
2017-08-02,7,0,7
2017-08-02,29,4,25
2017-08-02,43,14,29
2017-08-02,35,16,19
2017-08-02,20,6,14
2017-08-02,15,4,11
2017-08-02,14,7,7
2017-08-02,19,10,9
2017-08-02,10,7,3
2017-08-02,32,17,15
2017-08-02,18,11,7
2017-08-02,39,26,13
2017-08-02,45,30,15
2017-08-02,38,17,21
2017-08-02,32,10,22
2017-08-02,22,10,12
2017-08-02,20,7,13
2017-08-02,7,3,4
2017-08-02,10,4,6
2017-08-03,10,7,3
2017-08-03,7,0,7
2017-08-03,7,0,7
2017-08-03,2,1,1
2017-08-03,4,0,4
2017-08-03,6,0,6
2017-08-03,25,3,22
2017-08-03,36,11,25
2017-08-03,34,13,21
2017-08-03,18,7,11
2017-08-03,17,8,9
2017-08-03,15,6,9
2017-08-03,12,5,7
2017-08-03,13,6,7
2017-08-03,21,11,10
2017-08-03,23,9,14
2017-08-03,30,18,12
2017-08-03,38,17,21
2017-08-03,35,16,19
2017-08-03,32,15,17
2017-08-03,24,13,11
2017-08-03,12,5,7
2017-08-03,13,8,5
2017-08-03,7,2,5
2017-08-04,5,3,2
2017-08-04,15,6,9
2017-08-04,9,5,4
2017-08-04,0,0,0
2017-08-04,2,0,2
2017-08-04,5,2,3
2017-08-04,18,1,17
2017-08-04,30,3,27
2017-08-04,19,7,12
2017-08-04,13,7,6
2017-08-04,17,6,11
2017-08-04,16,5,11
2017-08-04,12,8,4
2017-08-04,18,6,12
2017-08-04,19,11,8
2017-08-04,19,10,9
2017-08-04,17,15,2
2017-08-04,31,18,13
2017-08-04,28,15,13
2017-08-04,20,9,11
2017-08-04,17,7,10
2017-08-04,19,6,13
2017-08-04,14,9,5
2017-08-04,13,7,6
2017-08-05,12,7,5
2017-08-05,10,3,7
2017-08-05,7,2,5
2017-08-05,0,0,0
2017-08-05,1,0,1
2017-08-05,4,1,3
2017-08-05,8,2,6
2017-08-05,5,3,2
2017-08-05,5,2,3
2017-08-05,10,7,3
2017-08-05,18,10,8
2017-08-05,7,3,4
2017-08-05,16,6,10
2017-08-05,10,7,3
2017-08-05,17,7,10
2017-08-05,24,12,12
2017-08-05,20,16,4
2017-08-05,18,6,12
2017-08-05,10,4,6
2017-08-05,16,7,9
2017-08-05,7,1,6
2017-08-05,9,4,5
2017-08-05,13,9,4
2017-08-05,19,7,12
2017-08-06,10,3,7
2017-08-06,14,7,7
2017-08-06,16,6,10
2017-08-06,1,0,1
2017-08-06,0,0,0
2017-08-06,2,2,0
2017-08-06,6,1,5
2017-08-06,5,2,3
2017-08-06,7,4,3
2017-08-06,9,6,3
2017-08-06,13,3,10
2017-08-06,16,8,8
2017-08-06,13,7,6
2017-08-06,20,6,14
2017-08-06,16,12,4
2017-08-06,21,12,9
2017-08-06,30,22,8
2017-08-06,22,12,10
2017-08-06,15,8,7
2017-08-06,15,5,10
2017-08-06,15,5,10
2017-08-06,7,1,6
2017-08-06,6,3,3
2017-08-06,6,2,4
2017-08-07,4,1,3
2017-08-07,1,1,0
2017-08-07,1,1,0
2017-08-07,0,0,0
2017-08-07,1,0,1
2017-08-07,3,0,3
2017-08-07,17,2,15
2017-08-07,20,2,18
2017-08-07,49,13,36
2017-08-07,20,9,11
2017-08-07,16,9,7
2017-08-07,9,0,9
2017-08-07,8,4,4
2017-08-07,10,3,7
2017-08-07,16,10,6
2017-08-07,18,12,6
2017-08-07,38,23,15
2017-08-07,47,30,17
2017-08-07,34,21,13
2017-08-07,31,19,12
2017-08-07,17,7,10
2017-08-07,16,6,10
2017-08-07,3,2,1
2017-08-07,3,1,2
2017-08-08,4,1,3
2017-08-08,2,1,1
2017-08-08,1,1,0
2017-08-08,0,0,0
2017-08-08,6,2,4
2017-08-08,7,2,5
2017-08-08,20,0,20
2017-08-08,39,7,32
2017-08-08,43,17,26
2017-08-08,20,7,13
2017-08-08,14,6,8
2017-08-08,15,8,7
2017-08-08,17,9,8
2017-08-08,9,4,5
2017-08-08,18,7,11
2017-08-08,25,14,11
2017-08-08,33,21,12
2017-08-08,65,43,22
2017-08-08,42,21,21
2017-08-08,31,24,7
2017-08-08,21,13,8
2017-08-08,14,5,9
2017-08-08,7,2,5
2017-08-08,10,6,4
2017-08-09,1,1,0
2017-08-09,1,1,0
2017-08-09,0,0,0
2017-08-09,0,0,0
2017-08-09,2,0,2
2017-08-09,2,0,2
2017-08-09,21,1,20
2017-08-09,40,7,33
2017-08-09,40,13,27
2017-08-09,28,9,19
2017-08-09,12,3,9
2017-08-09,19,11,8
2017-08-09,9,4,5
2017-08-09,14,8,6
2017-08-09,14,7,7
2017-08-09,22,13,9
2017-08-09,33,24,9
2017-08-09,47,28,19
2017-08-09,40,19,21
2017-08-09,29,11,18
2017-08-09,26,12,14
2017-08-09,16,6,10
2017-08-09,8,3,5
2017-08-09,8,5,3
2017-08-10,2,0,2
2017-08-10,1,0,1
2017-08-10,2,1,1
2017-08-10,1,0,1
2017-08-10,0,0,0
2017-08-10,7,3,4
2017-08-10,18,4,14
2017-08-10,31,8,23
2017-08-10,33,12,21
2017-08-10,17,8,9
2017-08-10,21,9,12
2017-08-10,20,12,8
2017-08-10,13,5,8
2017-08-10,16,7,9
2017-08-10,30,18,12
2017-08-10,30,15,15
2017-08-10,21,16,5
2017-08-10,55,30,25
2017-08-10,35,18,17
2017-08-10,33,18,15
2017-08-10,23,11,12
2017-08-10,13,8,5
2017-08-10,13,5,8
2017-08-10,11,4,7
2017-08-11,10,5,5
2017-08-11,5,1,4
2017-08-11,4,0,4
2017-08-11,0,0,0
2017-08-11,2,0,2
2017-08-11,3,1,2
2017-08-11,16,1,15
2017-08-11,27,4,23
2017-08-11,39,14,25
2017-08-11,18,8,10
2017-08-11,19,8,11
2017-08-11,7,5,2
2017-08-11,14,10,4
2017-08-11,20,6,14
2017-08-11,20,9,11
2017-08-11,28,17,11
2017-08-11,23,15,8
2017-08-11,51,28,23
2017-08-11,28,10,18
2017-08-11,25,13,12
2017-08-11,18,8,10
2017-08-11,12,4,8
2017-08-11,14,4,10
2017-08-11,19,10,9
2017-08-12,25,6,19
2017-08-12,20,6,14
2017-08-12,7,3,4
2017-08-12,4,1,3
2017-08-12,1,0,1
2017-08-12,2,0,2
2017-08-12,8,1,7
2017-08-12,9,4,5
2017-08-12,10,5,5
2017-08-12,13,7,6
2017-08-12,4,1,3
2017-08-12,12,7,5
2017-08-12,16,9,7
2017-08-12,11,5,6
2017-08-12,23,14,9
2017-08-12,11,5,6
2017-08-12,19,10,9
2017-08-12,12,6,6
2017-08-12,15,8,7
2017-08-12,18,9,9
2017-08-12,16,8,8
2017-08-12,11,1,10
2017-08-12,10,6,4
2017-08-12,10,3,7
2017-08-13,9,1,8
2017-08-13,11,2,9
2017-08-13,9,7,2
2017-08-13,0,0,0
2017-08-13,0,0,0
2017-08-13,3,1,2
2017-08-13,7,3,4
2017-08-13,1,1,0
2017-08-13,6,3,3
2017-08-13,4,1,3
2017-08-13,9,4,5
2017-08-13,11,8,3
2017-08-13,15,8,7
2017-08-13,11,6,5
2017-08-13,23,11,12
2017-08-13,16,10,6
2017-08-13,15,7,8
2017-08-13,14,10,4
2017-08-13,14,4,10
2017-08-13,13,7,6
2017-08-13,8,4,4
2017-08-13,12,3,9
2017-08-13,5,0,5
2017-08-13,6,3,3
2017-08-14,3,0,3
2017-08-14,4,3,1
2017-08-14,0,0,0
2017-08-14,0,0,0
2017-08-14,1,0,1
2017-08-14,5,0,5
2017-08-14,15,3,12
2017-08-14,33,8,25
2017-08-14,36,11,25
2017-08-14,14,6,8
2017-08-14,10,5,5
2017-08-14,11,3,8
2017-08-14,18,7,11
2017-08-14,10,2,8
2017-08-14,13,6,7
2017-08-14,22,14,8
2017-08-14,25,17,8
2017-08-14,52,38,14
2017-08-14,26,13,13
2017-08-14,35,17,18
2017-08-14,21,9,12
2017-08-14,13,8,5
2017-08-14,7,3,4
2017-08-14,8,3,5
2017-08-15,5,2,3
2017-08-15,1,0,1
2017-08-15,1,0,1
2017-08-15,0,0,0
2017-08-15,2,1,1
2017-08-15,9,0,9
2017-08-15,29,2,27
2017-08-15,36,10,26
2017-08-15,32,11,21
2017-08-15,21,5,16
2017-08-15,21,11,10
2017-08-15,13,5,8
2017-08-15,15,4,11
2017-08-15,11,5,6
2017-08-15,12,8,4
2017-08-15,18,10,8
2017-08-15,34,20,14
2017-08-15,66,36,30
2017-08-15,32,16,16
2017-08-15,34,19,15
2017-08-15,22,11,11
2017-08-15,19,6,13
2017-08-15,14,6,8
2017-08-15,7,1,6
2017-08-16,4,2,2
2017-08-16,3,2,1
2017-08-16,2,0,2
2017-08-16,0,0,0
2017-08-16,0,0,0
2017-08-16,5,1,4
2017-08-16,15,1,14
2017-08-16,35,6,29
2017-08-16,45,12,33
2017-08-16,25,14,11
2017-08-16,19,10,9
2017-08-16,11,5,6
2017-08-16,19,11,8
2017-08-16,17,8,9
2017-08-16,16,6,10
2017-08-16,16,10,6
2017-08-16,32,20,12
2017-08-16,50,27,23
2017-08-16,44,24,20
2017-08-16,33,22,11
2017-08-16,23,8,15
2017-08-16,16,3,13
2017-08-16,7,3,4
2017-08-16,4,1,3
2017-08-17,2,1,1
2017-08-17,3,1,2
2017-08-17,1,0,1
2017-08-17,1,0,1
2017-08-17,3,1,2
2017-08-17,8,0,8
2017-08-17,26,4,22
2017-08-17,39,10,29
2017-08-17,36,12,24
2017-08-17,16,3,13
2017-08-17,22,12,10
2017-08-17,10,7,3
2017-08-17,19,10,9
2017-08-17,13,5,8
2017-08-17,19,13,6
2017-08-17,19,13,6
2017-08-17,31,17,14
2017-08-17,55,31,24
2017-08-17,45,29,16
2017-08-17,37,19,18
2017-08-17,28,17,11
2017-08-17,14,3,11
2017-08-17,16,10,6
2017-08-17,9,3,6
2017-08-18,2,1,1
2017-08-18,5,3,2
2017-08-18,3,2,1
2017-08-18,0,0,0
2017-08-18,1,0,1
2017-08-18,6,3,3
2017-08-18,16,1,15
2017-08-18,28,4,24
2017-08-18,29,3,26
2017-08-18,15,6,9
2017-08-18,13,3,10
2017-08-18,12,9,3
2017-08-18,7,5,2
2017-08-18,16,12,4
2017-08-18,15,9,6
2017-08-18,24,11,13
2017-08-18,38,26,12
2017-08-18,31,24,7
2017-08-18,29,13,16
2017-08-18,19,7,12
2017-08-18,11,8,3
2017-08-18,13,4,9
2017-08-18,14,8,6
2017-08-18,6,5,1
2017-08-19,12,7,5
2017-08-19,10,7,3
2017-08-19,2,1,1
2017-08-19,1,0,1
2017-08-19,2,0,2
2017-08-19,0,0,0
2017-08-19,6,1,5
2017-08-19,6,3,3
2017-08-19,7,4,3
2017-08-19,8,3,5
2017-08-19,16,8,8
2017-08-19,12,6,6
2017-08-19,21,13,8
2017-08-19,18,8,10
2017-08-19,29,23,6
2017-08-19,20,10,10
2017-08-19,18,9,9
2017-08-19,13,6,7
2017-08-19,19,7,12
2017-08-19,11,5,6
2017-08-19,6,2,4
2017-08-19,9,5,4
2017-08-19,10,1,9
2017-08-19,25,7,18
2017-08-20,9,4,5
2017-08-20,7,1,6
2017-08-20,18,3,15
2017-08-20,1,0,1
2017-08-20,0,0,0
2017-08-20,3,0,3
2017-08-20,1,0,1
2017-08-20,4,3,1
2017-08-20,2,0,2
2017-08-20,5,3,2
2017-08-20,5,4,1
2017-08-20,6,3,3
2017-08-20,18,11,7
2017-08-20,13,6,7
2017-08-20,12,6,6
2017-08-20,16,11,5
2017-08-20,15,10,5
2017-08-20,18,9,9
2017-08-20,14,4,10
2017-08-20,14,8,6
2017-08-20,8,3,5
2017-08-20,7,4,3
2017-08-20,6,3,3
2017-08-20,8,1,7
2017-08-21,1,1,0
2017-08-21,7,2,5
2017-08-21,3,1,2
2017-08-21,0,0,0
2017-08-21,0,0,0
2017-08-21,7,1,6
2017-08-21,11,0,11
2017-08-21,34,11,23
2017-08-21,19,4,15
2017-08-21,17,7,10
2017-08-21,16,7,9
2017-08-21,11,5,6
2017-08-21,17,10,7
2017-08-21,5,3,2
2017-08-21,17,8,9
2017-08-21,19,11,8
2017-08-21,22,17,5
2017-08-21,54,32,22
2017-08-21,28,16,12
2017-08-21,29,11,18
2017-08-21,14,6,8
2017-08-21,14,3,11
2017-08-21,10,2,8
2017-08-21,5,2,3
2017-08-22,2,0,2
2017-08-22,1,0,1
2017-08-22,1,1,0
2017-08-22,0,0,0
2017-08-22,1,1,0
2017-08-22,11,1,10
2017-08-22,15,2,13
2017-08-22,35,7,28
2017-08-22,45,12,33
2017-08-22,16,4,12
2017-08-22,17,9,8
2017-08-22,12,4,8
2017-08-22,15,6,9
2017-08-22,13,6,7
2017-08-22,16,12,4
2017-08-22,23,13,10
2017-08-22,41,31,10
2017-08-22,61,34,27
2017-08-22,45,21,24
2017-08-22,23,11,12
2017-08-22,26,12,14
2017-08-22,15,7,8
2017-08-22,12,7,5
2017-08-22,6,2,4
2017-08-23,4,1,3
2017-08-23,0,0,0
2017-08-23,0,0,0
2017-08-23,0,0,0
2017-08-23,0,0,0
2017-08-23,10,2,8
2017-08-23,20,2,18
2017-08-23,38,5,33
2017-08-23,34,7,27
2017-08-23,27,11,16
2017-08-23,20,6,14
2017-08-23,20,13,7
2017-08-23,18,11,7
2017-08-23,23,12,11
2017-08-23,21,12,9
2017-08-23,28,19,9
2017-08-23,32,20,12
2017-08-23,69,37,32
2017-08-23,32,13,19
2017-08-23,26,11,15
2017-08-23,19,13,6
2017-08-23,17,5,12
2017-08-23,7,4,3
2017-08-23,9,3,6
2017-08-24,2,1,1
2017-08-24,2,1,1
2017-08-24,0,0,0
2017-08-24,0,0,0
2017-08-24,0,0,0
2017-08-24,10,1,9
2017-08-24,17,3,14
2017-08-24,29,4,25
2017-08-24,41,11,30
2017-08-24,24,9,15
2017-08-24,11,3,8
2017-08-24,16,9,7
2017-08-24,22,11,11
2017-08-24,16,7,9
2017-08-24,18,10,8
2017-08-24,13,8,5
2017-08-24,33,25,8
2017-08-24,53,27,26
2017-08-24,38,16,22
2017-08-24,27,18,9
2017-08-24,16,9,7
2017-08-24,12,10,2
2017-08-24,16,6,10
2017-08-24,9,5,4
2017-08-25,6,2,4
2017-08-25,4,3,1
2017-08-25,0,0,0
2017-08-25,0,0,0
2017-08-25,2,0,2
2017-08-25,9,2,7
2017-08-25,16,2,14
2017-08-25,30,9,21
2017-08-25,26,8,18
2017-08-25,24,9,15
2017-08-25,24,12,12
2017-08-25,8,4,4
2017-08-25,13,7,6
2017-08-25,24,14,10
2017-08-25,20,11,9
2017-08-25,18,13,5
2017-08-25,31,21,10
2017-08-25,43,28,15
2017-08-25,37,13,24
2017-08-25,22,12,10
2017-08-25,18,13,5
2017-08-25,10,4,6
2017-08-25,5,2,3
2017-08-25,8,2,6
2017-08-26,26,9,17
2017-08-26,10,1,9
2017-08-26,5,3,2
2017-08-26,2,1,1
2017-08-26,0,0,0
2017-08-26,4,2,2
2017-08-26,8,1,7
2017-08-26,8,3,5
2017-08-26,4,1,3
2017-08-26,18,6,12
2017-08-26,14,8,6
2017-08-26,15,5,10
2017-08-26,28,16,12
2017-08-26,22,9,13
2017-08-26,19,12,7
2017-08-26,29,18,11
2017-08-26,17,9,8
2017-08-26,17,12,5
2017-08-26,13,6,7
2017-08-26,19,9,10
2017-08-26,8,4,4
2017-08-26,11,8,3
2017-08-26,8,2,6
2017-08-26,18,7,11
2017-08-27,7,3,4
2017-08-27,6,0,6
2017-08-27,16,5,11
2017-08-27,0,0,0
2017-08-27,1,1,0
2017-08-27,2,0,2
2017-08-27,15,2,13
2017-08-27,4,2,2
2017-08-27,5,2,3
2017-08-27,10,7,3
2017-08-27,11,7,4
2017-08-27,16,5,11
2017-08-27,18,12,6
2017-08-27,24,13,11
2017-08-27,30,15,15
2017-08-27,18,7,11
2017-08-27,20,9,11
2017-08-27,13,7,6
2017-08-27,11,6,5
2017-08-27,12,7,5
2017-08-27,6,3,3
2017-08-27,6,1,5
2017-08-27,2,1,1
2017-08-27,6,2,4
2017-08-28,2,0,2
2017-08-28,1,1,0
2017-08-28,0,0,0
2017-08-28,1,0,1
2017-08-28,1,1,0
2017-08-28,12,0,12
2017-08-28,18,2,16
2017-08-28,34,4,30
2017-08-28,46,18,28
2017-08-28,23,8,15
2017-08-28,10,4,6
2017-08-28,13,6,7
2017-08-28,15,8,7
2017-08-28,11,5,6
2017-08-28,13,7,6
2017-08-28,19,10,9
2017-08-28,40,25,15
2017-08-28,51,36,15
2017-08-28,30,21,9
2017-08-28,21,10,11
2017-08-28,17,11,6
2017-08-28,11,6,5
2017-08-28,3,1,2
2017-08-28,6,2,4
2017-08-29,1,0,1
2017-08-29,0,0,0
2017-08-29,0,0,0
2017-08-29,0,0,0
2017-08-29,0,0,0
2017-08-29,9,0,9
2017-08-29,21,3,18
2017-08-29,34,5,29
2017-08-29,54,11,43
2017-08-29,20,10,10
2017-08-29,12,3,9
2017-08-29,11,5,6
2017-08-29,16,8,8
2017-08-29,11,5,6
2017-08-29,17,7,10
2017-08-29,20,10,10
2017-08-29,34,17,17
2017-08-29,59,36,23
2017-08-29,38,16,22
2017-08-29,33,17,16
2017-08-29,13,4,9
2017-08-29,16,8,8
2017-08-29,12,5,7
2017-08-29,6,2,4
2017-08-30,2,0,2
2017-08-30,2,1,1
2017-08-30,1,0,1
2017-08-30,0,0,0
2017-08-30,0,0,0
2017-08-30,7,0,7
2017-08-30,14,0,14
2017-08-30,42,7,35
2017-08-30,41,11,30
2017-08-30,24,12,12
2017-08-30,8,1,7
2017-08-30,11,4,7
2017-08-30,18,12,6
2017-08-30,17,9,8
2017-08-30,18,13,5
2017-08-30,22,16,6
2017-08-30,37,22,15
2017-08-30,49,26,23
2017-08-30,44,21,23
2017-08-30,35,17,18
2017-08-30,23,15,8
2017-08-30,22,10,12
2017-08-30,16,8,8
2017-08-30,5,5,0
2017-08-31,5,0,5
2017-08-31,3,1,2
2017-08-31,1,0,1
2017-08-31,0,0,0
2017-08-31,0,0,0
2017-08-31,9,0,9
2017-08-31,13,0,13
2017-08-31,28,7,21
2017-08-31,29,5,24
2017-08-31,12,5,7
2017-08-31,13,5,8
2017-08-31,8,3,5
2017-08-31,15,6,9
2017-08-31,11,4,7
2017-08-31,13,7,6
2017-08-31,17,8,9
2017-08-31,34,15,19
2017-08-31,48,26,22
2017-08-31,44,21,23
2017-08-31,28,17,11
2017-08-31,15,7,8
2017-08-31,23,13,10
2017-08-31,11,5,6
2017-08-31,3,0,3
2017-09-01,9,4,5
2017-09-01,0,0,0
2017-09-01,1,1,0
2017-09-01,0,0,0
2017-09-01,1,0,1
2017-09-01,8,3,5
2017-09-01,13,2,11
2017-09-01,25,2,23
2017-09-01,37,11,26
2017-09-01,16,6,10
2017-09-01,19,9,10
2017-09-01,19,10,9
2017-09-01,15,8,7
2017-09-01,10,4,6
2017-09-01,19,11,8
2017-09-01,29,16,13
2017-09-01,29,22,7
2017-09-01,47,25,22
2017-09-01,43,15,28
2017-09-01,20,9,11
2017-09-01,11,8,3
2017-09-01,13,5,8
2017-09-01,12,6,6
2017-09-01,7,6,1
2017-09-02,9,1,8
2017-09-02,15,3,12
2017-09-02,5,2,3
2017-09-02,0,0,0
2017-09-02,3,0,3
2017-09-02,2,0,2
2017-09-02,4,0,4
2017-09-02,3,1,2
2017-09-02,5,3,2
2017-09-02,9,3,6
2017-09-02,15,10,5
2017-09-02,9,3,6
2017-09-02,16,12,4
2017-09-02,20,11,9
2017-09-02,11,6,5
2017-09-02,17,7,10
2017-09-02,14,7,7
2017-09-02,14,7,7
2017-09-02,18,7,11
2017-09-02,17,9,8
2017-09-02,14,4,10
2017-09-02,12,4,8
2017-09-02,7,4,3
2017-09-02,9,3,6
2017-09-03,7,2,5
2017-09-03,8,0,8
2017-09-03,9,3,6
2017-09-03,1,0,1
2017-09-03,0,0,0
2017-09-03,0,0,0
2017-09-03,5,0,5
2017-09-03,4,1,3
2017-09-03,9,2,7
2017-09-03,8,6,2
2017-09-03,15,9,6
2017-09-03,18,9,9
2017-09-03,17,10,7
2017-09-03,10,6,4
2017-09-03,18,8,10
2017-09-03,15,10,5
2017-09-03,18,8,10
2017-09-03,11,4,7
2017-09-03,7,2,5
2017-09-03,13,5,8
2017-09-03,13,8,5
2017-09-03,8,2,6
2017-09-03,6,3,3
2017-09-03,17,6,11
2017-09-04,11,1,10
2017-09-04,6,3,3
2017-09-04,11,3,8
2017-09-04,0,0,0
2017-09-04,0,0,0
2017-09-04,4,1,3
2017-09-04,6,0,6
2017-09-04,5,2,3
2017-09-04,4,4,0
2017-09-04,15,11,4
2017-09-04,13,4,9
2017-09-04,15,7,8
2017-09-04,16,5,11
2017-09-04,19,12,7
2017-09-04,11,2,9
2017-09-04,14,9,5
2017-09-04,16,6,10
2017-09-04,20,9,11
2017-09-04,12,4,8
2017-09-04,12,5,7
2017-09-04,14,6,8
2017-09-04,9,3,6
2017-09-04,4,1,3
2017-09-04,2,0,2
2017-09-05,2,1,1
2017-09-05,4,4,0
2017-09-05,0,0,0
2017-09-05,0,0,0
2017-09-05,2,0,2
2017-09-05,4,1,3
2017-09-05,18,0,18
2017-09-05,34,4,30
2017-09-05,41,10,31
2017-09-05,13,4,9
2017-09-05,14,6,8
2017-09-05,13,6,7
2017-09-05,12,4,8
2017-09-05,19,11,8
2017-09-05,9,6,3
2017-09-05,21,7,14
2017-09-05,30,21,9
2017-09-05,47,31,16
2017-09-05,39,21,18
2017-09-05,39,20,19
2017-09-05,7,2,5
2017-09-05,8,3,5
2017-09-05,5,3,2
2017-09-05,7,1,6
2017-09-06,1,0,1
2017-09-06,0,0,0
2017-09-06,1,0,1
2017-09-06,0,0,0
2017-09-06,2,0,2
2017-09-06,3,0,3
2017-09-06,16,1,15
2017-09-06,34,5,29
2017-09-06,38,11,27
2017-09-06,19,11,8
2017-09-06,16,4,12
2017-09-06,12,6,6
2017-09-06,19,10,9
2017-09-06,12,7,5
2017-09-06,13,9,4
2017-09-06,19,11,8
2017-09-06,27,20,7
2017-09-06,44,27,17
2017-09-06,46,16,30
2017-09-06,18,9,9
2017-09-06,23,13,10
2017-09-06,10,4,6
2017-09-06,11,7,4
2017-09-06,4,3,1
2017-09-07,2,0,2
2017-09-07,1,0,1
2017-09-07,1,0,1
2017-09-07,4,3,1
2017-09-07,1,0,1
2017-09-07,4,0,4
2017-09-07,17,1,16
2017-09-07,28,7,21
2017-09-07,45,11,34
2017-09-07,16,9,7
2017-09-07,39,15,24
2017-09-07,14,7,7
2017-09-07,18,8,10
2017-09-07,12,8,4
2017-09-07,22,11,11
2017-09-07,30,12,18
2017-09-07,35,20,15
2017-09-07,53,35,18
2017-09-07,38,22,16
2017-09-07,31,17,14
2017-09-07,23,13,10
2017-09-07,15,9,6
2017-09-07,7,4,3
2017-09-07,4,2,2
2017-09-08,2,1,1
2017-09-08,1,0,1
2017-09-08,1,1,0
2017-09-08,1,1,0
2017-09-08,1,0,1
2017-09-08,6,2,4
2017-09-08,16,0,16
2017-09-08,35,9,26
2017-09-08,41,10,31
2017-09-08,13,10,3
2017-09-08,19,6,13
2017-09-08,16,9,7
2017-09-08,20,9,11
2017-09-08,27,16,11
2017-09-08,21,13,8
2017-09-08,17,10,7
2017-09-08,25,12,13
2017-09-08,52,31,21
2017-09-08,18,12,6
2017-09-08,29,11,18
2017-09-08,17,9,8
2017-09-08,14,4,10
2017-09-08,11,4,7
2017-09-08,6,3,3
2017-09-09,10,4,6
2017-09-09,7,4,3
2017-09-09,8,4,4
2017-09-09,0,0,0
2017-09-09,3,1,2
2017-09-09,3,0,3
2017-09-09,2,0,2
2017-09-09,2,0,2
2017-09-09,6,1,5
2017-09-09,8,4,4
2017-09-09,11,8,3
2017-09-09,13,7,6
2017-09-09,8,5,3
2017-09-09,17,12,5
2017-09-09,13,9,4
2017-09-09,17,10,7
2017-09-09,21,17,4
2017-09-09,16,10,6
2017-09-09,15,7,8
2017-09-09,13,2,11
2017-09-09,8,3,5
2017-09-09,7,4,3
2017-09-09,9,5,4
2017-09-09,5,2,3
2017-09-10,8,1,7
2017-09-10,5,4,1
2017-09-10,14,6,8
2017-09-10,0,0,0
2017-09-10,0,0,0
2017-09-10,1,0,1
2017-09-10,5,0,5
2017-09-10,6,3,3
2017-09-10,8,0,8
2017-09-10,9,5,4
2017-09-10,3,1,2
2017-09-10,8,3,5
2017-09-10,14,9,5
2017-09-10,22,15,7
2017-09-10,11,8,3
2017-09-10,19,11,8
2017-09-10,13,8,5
2017-09-10,11,5,6
2017-09-10,12,8,4
2017-09-10,12,5,7
2017-09-10,14,4,10
2017-09-10,7,2,5
2017-09-10,2,0,2
2017-09-10,1,1,0
2017-09-11,2,1,1
2017-09-11,1,1,0
2017-09-11,2,1,1
2017-09-11,0,0,0
2017-09-11,5,2,3
2017-09-11,5,0,5
2017-09-11,17,1,16
2017-09-11,35,6,29
2017-09-11,33,9,24
2017-09-11,14,6,8
2017-09-11,7,0,7
2017-09-11,5,1,4
2017-09-11,7,0,7
2017-09-11,9,1,8
2017-09-11,10,0,10
2017-09-11,5,1,4
2017-09-11,15,4,11
2017-09-11,29,10,19
2017-09-11,21,8,13
2017-09-11,26,5,21
2017-09-11,8,1,7
2017-09-11,10,1,9
2017-09-11,5,0,5
2017-09-11,4,1,3
2017-09-12,1,0,1
2017-09-12,1,0,1
2017-09-12,0,0,0
2017-09-12,0,0,0
2017-09-12,2,0,2
2017-09-12,8,0,8
2017-09-12,14,0,14
2017-09-12,38,6,32
2017-09-12,34,9,25
2017-09-12,12,2,10
2017-09-12,13,4,9
2017-09-12,10,6,4
2017-09-12,8,4,4
2017-09-12,7,4,3
2017-09-12,6,3,3
2017-09-12,5,1,4
2017-09-12,4,1,3
2017-09-12,36,8,28
2017-09-12,22,1,21
2017-09-12,15,3,12
2017-09-12,8,0,8
2017-09-12,5,1,4
2017-09-12,2,0,2
2017-09-12,6,3,3
2017-09-13,0,0,0
2017-09-13,0,0,0
2017-09-13,0,0,0
2017-09-13,0,0,0
2017-09-13,0,0,0
2017-09-13,1,0,1
2017-09-13,4,0,4
2017-09-13,10,1,9
2017-09-13,14,3,11
2017-09-13,5,1,4
2017-09-13,5,1,4
2017-09-13,4,2,2
2017-09-13,1,0,1
2017-09-13,6,3,3
2017-09-13,7,4,3
2017-09-13,12,2,10
2017-09-13,7,1,6
2017-09-13,17,13,4
2017-09-13,13,2,11
2017-09-13,7,5,2
2017-09-13,13,4,9
2017-09-13,5,0,5
2017-09-13,1,1,0
2017-09-13,3,1,2
2017-09-14,3,0,3
2017-09-14,7,0,7
2017-09-14,4,2,2
2017-09-14,5,0,5
2017-09-14,3,0,3
2017-09-14,5,0,5
2017-09-14,23,1,22
2017-09-14,33,8,25
2017-09-14,28,6,22
2017-09-14,19,3,16
2017-09-14,20,7,13
2017-09-14,17,8,9
2017-09-14,19,7,12
2017-09-14,15,11,4
2017-09-14,23,13,10
2017-09-14,24,15,9
2017-09-14,35,21,14
2017-09-14,62,40,22
2017-09-14,51,29,22
2017-09-14,29,16,13
2017-09-14,18,11,7
2017-09-14,19,9,10
2017-09-14,11,5,6
2017-09-14,6,2,4
2017-09-15,2,0,2
2017-09-15,2,0,2
2017-09-15,7,5,2
2017-09-15,0,0,0
2017-09-15,2,0,2
2017-09-15,4,0,4
2017-09-15,19,1,18
2017-09-15,36,8,28
2017-09-15,34,5,29
2017-09-15,28,15,13
2017-09-15,16,12,4
2017-09-15,12,4,8
2017-09-15,18,11,7
2017-09-15,25,15,10
2017-09-15,24,14,10
2017-09-15,26,17,9
2017-09-15,33,23,10
2017-09-15,53,31,22
2017-09-15,25,10,15
2017-09-15,12,0,12
2017-09-15,11,1,10
2017-09-15,4,0,4
2017-09-15,8,1,7
2017-09-15,5,0,5
2017-09-16,3,1,2
2017-09-16,4,0,4
2017-09-16,1,1,0
2017-09-16,0,0,0
2017-09-16,0,0,0
2017-09-16,2,1,1
2017-09-16,0,0,0
2017-09-16,2,1,1
2017-09-16,2,0,2
2017-09-16,1,0,1
2017-09-16,3,0,3
2017-09-16,5,0,5
2017-09-16,9,0,9
2017-09-16,9,0,9
2017-09-16,12,0,12
2017-09-16,14,0,14
2017-09-16,8,2,6
2017-09-16,16,1,15
2017-09-16,8,0,8
2017-09-16,10,0,10
2017-09-16,7,2,5
2017-09-16,6,3,3
2017-09-16,3,1,2
2017-09-16,12,3,9
2017-09-17,1,1,0
2017-09-17,3,1,2
2017-09-17,16,4,12
2017-09-17,2,0,2
2017-09-17,0,0,0
2017-09-17,1,0,1
2017-09-17,8,0,8
2017-09-17,4,0,4
2017-09-17,4,0,4
2017-09-17,2,0,2
2017-09-17,10,1,9
2017-09-17,5,0,5
2017-09-17,5,0,5
2017-09-17,6,0,6
2017-09-17,3,0,3
2017-09-17,6,1,5
2017-09-17,6,3,3
2017-09-17,8,1,7
2017-09-17,10,2,8
2017-09-17,8,2,6
2017-09-17,8,3,5
2017-09-17,5,1,4
2017-09-17,3,0,3
2017-09-17,0,0,0
2017-09-18,0,0,0
2017-09-18,0,0,0
2017-09-18,0,0,0
2017-09-18,5,5,0
2017-09-18,1,0,1
2017-09-18,2,1,1
2017-09-18,11,0,11
2017-09-18,32,0,32
2017-09-18,29,0,29
2017-09-18,9,0,9
2017-09-18,7,1,6
2017-09-18,8,1,7
2017-09-18,14,0,14
2017-09-18,5,1,4
2017-09-18,12,3,9
2017-09-18,8,0,8
2017-09-18,14,2,12
2017-09-18,24,0,24
2017-09-18,16,2,14
2017-09-18,11,0,11
2017-09-18,4,0,4
2017-09-18,7,0,7
2017-09-18,5,0,5
2017-09-18,1,0,1
2017-09-19,1,0,1
2017-09-19,1,0,1
2017-09-19,0,0,0
2017-09-19,0,0,0
2017-09-19,1,0,1
2017-09-19,2,0,2
2017-09-19,8,0,8
2017-09-19,27,0,27
2017-09-19,31,2,29
2017-09-19,14,0,14
2017-09-19,4,0,4
2017-09-19,4,0,4
2017-09-19,13,3,10
2017-09-19,8,1,7
2017-09-19,6,0,6
2017-09-19,10,2,8
2017-09-19,0,0,0
2017-09-19,1,0,1
2017-09-19,0,0,0
2017-09-19,0,0,0
2017-09-19,0,0,0
2017-09-19,0,0,0
2017-09-19,0,0,0
2017-09-19,0,0,0
2017-09-20,0,0,0
2017-09-20,0,0,0
2017-09-20,0,0,0
2017-09-20,0,0,0
2017-09-20,0,0,0
2017-09-20,0,0,0
2017-09-20,0,0,0
2017-09-20,0,0,0
2017-09-20,0,0,0
2017-09-20,0,0,0
2017-09-20,0,0,0
2017-09-20,0,0,0
2017-09-20,0,0,0
2017-09-20,0,0,0
2017-09-20,0,0,0
2017-09-20,1,0,1
2017-09-20,40,23,17
2017-09-20,56,34,22
2017-09-20,48,17,31
2017-09-20,26,13,13
2017-09-20,17,11,6
2017-09-20,21,12,9
2017-09-20,7,3,4
2017-09-20,7,3,4
2017-09-21,3,1,2
2017-09-21,2,1,1
2017-09-21,0,0,0
2017-09-21,1,0,1
2017-09-21,0,0,0
2017-09-21,5,1,4
2017-09-21,11,0,11
2017-09-21,27,4,23
2017-09-21,44,12,32
2017-09-21,15,3,12
2017-09-21,21,7,14
2017-09-21,13,8,5
2017-09-21,19,6,13
2017-09-21,16,9,7
2017-09-21,18,12,6
2017-09-21,17,10,7
2017-09-21,25,19,6
2017-09-21,40,25,15
2017-09-21,23,11,12
2017-09-21,33,20,13
2017-09-21,16,7,9
2017-09-21,10,2,8
2017-09-21,14,6,8
2017-09-21,8,4,4
2017-09-22,2,0,2
2017-09-22,3,0,3
2017-09-22,1,0,1
2017-09-22,1,0,1
2017-09-22,1,0,1
2017-09-22,3,0,3
2017-09-22,10,1,9
2017-09-22,37,9,28
2017-09-22,34,6,28
2017-09-22,15,8,7
2017-09-22,16,9,7
2017-09-22,15,7,8
2017-09-22,17,7,10
2017-09-22,12,6,6
2017-09-22,20,8,12
2017-09-22,24,15,9
2017-09-22,37,27,10
2017-09-22,41,26,15
2017-09-22,29,13,16
2017-09-22,20,9,11
2017-09-22,12,7,5
2017-09-22,14,10,4
2017-09-22,5,2,3
2017-09-22,8,0,8
2017-09-23,11,4,7
2017-09-23,8,2,6
2017-09-23,9,1,8
2017-09-23,0,0,0
2017-09-23,0,0,0
2017-09-23,4,1,3
2017-09-23,1,0,1
2017-09-23,4,2,2
2017-09-23,8,4,4
2017-09-23,9,5,4
2017-09-23,10,4,6
2017-09-23,7,3,4
2017-09-23,19,6,13
2017-09-23,22,11,11
2017-09-23,16,8,8
2017-09-23,18,13,5
2017-09-23,16,9,7
2017-09-23,16,9,7
2017-09-23,18,9,9
2017-09-23,11,3,8
2017-09-23,6,2,4
2017-09-23,15,12,3
2017-09-23,7,4,3
2017-09-23,6,2,4
2017-09-24,13,3,10
2017-09-24,8,0,8
2017-09-24,8,3,5
2017-09-24,1,0,1
2017-09-24,1,0,1
2017-09-24,2,0,2
2017-09-24,3,0,3
2017-09-24,5,3,2
2017-09-24,5,2,3
2017-09-24,6,3,3
2017-09-24,9,9,0
2017-09-24,15,8,7
2017-09-24,18,10,8
2017-09-24,17,6,11
2017-09-24,22,9,13
2017-09-24,17,7,10
2017-09-24,14,8,6
2017-09-24,20,12,8
2017-09-24,10,3,7
2017-09-24,8,4,4
2017-09-24,10,5,5
2017-09-24,12,9,3
2017-09-24,4,1,3
2017-09-24,3,1,2
2017-09-25,5,3,2
2017-09-25,2,0,2
2017-09-25,0,0,0
2017-09-25,0,0,0
2017-09-25,0,0,0
2017-09-25,7,1,6
2017-09-25,16,3,13
2017-09-25,31,9,22
2017-09-25,40,13,27
2017-09-25,21,7,14
2017-09-25,10,4,6
2017-09-25,13,8,5
2017-09-25,12,7,5
2017-09-25,10,3,7
2017-09-25,15,6,9
2017-09-25,19,12,7
2017-09-25,35,21,14
2017-09-25,53,31,22
2017-09-25,38,13,25
2017-09-25,17,10,7
2017-09-25,18,10,8
2017-09-25,8,5,3
2017-09-25,2,1,1
2017-09-25,6,3,3
2017-09-26,2,1,1
2017-09-26,3,3,0
2017-09-26,0,0,0
2017-09-26,1,1,0
2017-09-26,2,0,2
2017-09-26,10,1,9
2017-09-26,13,3,10
2017-09-26,39,9,30
2017-09-26,42,15,27
2017-09-26,28,6,22
2017-09-26,26,6,20
2017-09-26,24,10,14
2017-09-26,21,6,15
2017-09-26,22,9,13
2017-09-26,15,6,9
2017-09-26,28,17,11
2017-09-26,47,27,20
2017-09-26,76,55,21
2017-09-26,50,29,21
2017-09-26,36,16,20
2017-09-26,17,4,13
2017-09-26,22,9,13
2017-09-26,8,1,7
2017-09-26,8,5,3
2017-09-27,6,2,4
2017-09-27,0,0,0
2017-09-27,0,0,0
2017-09-27,2,2,0
2017-09-27,0,0,0
2017-09-27,8,0,8
2017-09-27,11,1,10
2017-09-27,48,11,37
2017-09-27,49,17,32
2017-09-27,17,9,8
2017-09-27,13,3,10
2017-09-27,11,6,5
2017-09-27,25,14,11
2017-09-27,27,10,17
2017-09-27,23,13,10
2017-09-27,30,17,13
2017-09-27,53,37,16
2017-09-27,73,45,28
2017-09-27,48,24,24
2017-09-27,36,14,22
2017-09-27,25,9,16
2017-09-27,7,3,4
2017-09-27,12,2,10
2017-09-27,2,1,1
2017-09-28,3,2,1
2017-09-28,12,4,8
2017-09-28,21,3,18
2017-09-28,1,1,0
2017-09-28,1,0,1
2017-09-28,9,1,8
2017-09-28,10,0,10
2017-09-28,34,5,29
2017-09-28,43,18,25
2017-09-28,30,13,17
2017-09-28,22,7,15
2017-09-28,22,14,8
2017-09-28,24,11,13
2017-09-28,25,9,16
2017-09-28,27,20,7
2017-09-28,23,12,11
2017-09-28,48,31,17
2017-09-28,62,39,23
2017-09-28,48,19,29
2017-09-28,30,15,15
2017-09-28,12,5,7
2017-09-28,24,11,13
2017-09-28,14,7,7
2017-09-28,8,2,6
2017-09-29,5,1,4
2017-09-29,6,5,1
2017-09-29,8,2,6
2017-09-29,1,0,1
2017-09-29,2,1,1
2017-09-29,5,0,5
2017-09-29,12,0,12
2017-09-29,29,9,20
2017-09-29,33,16,17
2017-09-29,19,8,11
2017-09-29,17,6,11
2017-09-29,12,4,8
2017-09-29,16,5,11
2017-09-29,8,3,5
2017-09-29,13,6,7
2017-09-29,16,8,8
2017-09-29,36,25,11
2017-09-29,37,20,17
2017-09-29,27,13,14
2017-09-29,27,14,13
2017-09-29,16,9,7
2017-09-29,13,7,6
2017-09-29,11,7,4
2017-09-29,1,0,1
2017-09-30,6,2,4
2017-09-30,5,2,3
2017-09-30,2,0,2
2017-09-30,2,1,1
2017-09-30,0,0,0
2017-09-30,2,0,2
2017-09-30,6,1,5
2017-09-30,5,0,5
2017-09-30,3,3,0
2017-09-30,11,7,4
2017-09-30,8,3,5
2017-09-30,11,7,4
2017-09-30,20,15,5
2017-09-30,18,9,9
2017-09-30,13,6,7
2017-09-30,20,9,11
2017-09-30,14,5,9
2017-09-30,12,4,8
2017-09-30,11,6,5
2017-09-30,12,9,3
2017-09-30,5,1,4
2017-09-30,11,3,8
2017-09-30,5,3,2
2017-09-30,6,5,1
2017-10-01,0,0,0
2017-10-01,5,1,4
2017-10-01,10,3,7
2017-10-01,0,0,0
2017-10-01,0,0,0
2017-10-01,3,0,3
2017-10-01,3,0,3
2017-10-01,4,0,4
2017-10-01,3,1,2
2017-10-01,7,4,3
2017-10-01,5,5,0
2017-10-01,12,9,3
2017-10-01,16,7,9
2017-10-01,18,4,14
2017-10-01,16,9,7
2017-10-01,20,8,12
2017-10-01,14,7,7
2017-10-01,22,9,13
2017-10-01,14,3,11
2017-10-01,24,12,12
2017-10-01,10,3,7
2017-10-01,12,5,7
2017-10-01,8,5,3
2017-10-01,7,2,5
2017-10-02,2,1,1
2017-10-02,1,0,1
2017-10-02,0,0,0
2017-10-02,1,1,0
2017-10-02,3,0,3
2017-10-02,6,0,6
2017-10-02,14,2,12
2017-10-02,40,9,31
2017-10-02,38,12,26
2017-10-02,18,9,9
2017-10-02,14,7,7
2017-10-02,16,8,8
2017-10-02,10,4,6
2017-10-02,15,7,8
2017-10-02,12,6,6
2017-10-02,19,10,9
2017-10-02,39,27,12
2017-10-02,50,39,11
2017-10-02,41,17,24
2017-10-02,29,13,16
2017-10-02,18,9,9
2017-10-02,15,9,6
2017-10-02,7,3,4
2017-10-02,7,3,4
2017-10-03,2,1,1
2017-10-03,1,0,1
2017-10-03,1,0,1
2017-10-03,0,0,0
2017-10-03,2,0,2
2017-10-03,6,0,6
2017-10-03,21,3,18
2017-10-03,39,6,33
2017-10-03,43,15,28
2017-10-03,27,9,18
2017-10-03,21,13,8
2017-10-03,13,6,7
2017-10-03,25,14,11
2017-10-03,28,16,12
2017-10-03,25,13,12
2017-10-03,23,10,13
2017-10-03,33,19,14
2017-10-03,60,37,23
2017-10-03,36,24,12
2017-10-03,26,14,12
2017-10-03,28,17,11
2017-10-03,12,6,6
2017-10-03,11,4,7
2017-10-03,5,2,3
2017-10-04,4,3,1
2017-10-04,1,0,1
2017-10-04,2,1,1
2017-10-04,0,0,0
2017-10-04,1,0,1
2017-10-04,5,1,4
2017-10-04,15,3,12
2017-10-04,39,10,29
2017-10-04,41,11,30
2017-10-04,21,4,17
2017-10-04,15,8,7
2017-10-04,14,3,11
2017-10-04,31,13,18
2017-10-04,17,9,8
2017-10-04,25,12,13
2017-10-04,30,17,13
2017-10-04,35,28,7
2017-10-04,67,38,29
2017-10-04,44,24,20
2017-10-04,23,11,12
2017-10-04,27,8,19
2017-10-04,11,3,8
2017-10-04,6,3,3
2017-10-04,1,1,0
2017-10-05,2,2,0
2017-10-05,0,0,0
2017-10-05,0,0,0
2017-10-05,1,0,1
2017-10-05,0,0,0
2017-10-05,7,0,7
2017-10-05,18,5,13
2017-10-05,34,5,29
2017-10-05,43,18,25
2017-10-05,31,12,19
2017-10-05,18,7,11
2017-10-05,23,7,16
2017-10-05,23,10,13
2017-10-05,15,8,7
2017-10-05,19,10,9
2017-10-05,23,12,11
2017-10-05,42,27,15
2017-10-05,63,36,27
2017-10-05,45,24,21
2017-10-05,22,13,9
2017-10-05,21,11,10
2017-10-05,14,5,9
2017-10-05,11,5,6
2017-10-05,11,3,8
2017-10-06,3,2,1
2017-10-06,4,1,3
2017-10-06,1,0,1
2017-10-06,0,0,0
2017-10-06,2,0,2
2017-10-06,4,0,4
2017-10-06,16,2,14
2017-10-06,33,9,24
2017-10-06,39,14,25
2017-10-06,17,5,12
2017-10-06,10,4,6
2017-10-06,10,5,5
2017-10-06,19,6,13
2017-10-06,20,11,9
2017-10-06,13,4,9
2017-10-06,35,16,19
2017-10-06,33,21,12
2017-10-06,56,26,30
2017-10-06,24,13,11
2017-10-06,13,9,4
2017-10-06,14,7,7
2017-10-06,6,2,4
2017-10-06,12,6,6
2017-10-06,7,4,3
2017-10-07,4,4,0
2017-10-07,4,3,1
2017-10-07,0,0,0
2017-10-07,0,0,0
2017-10-07,3,1,2
2017-10-07,1,0,1
2017-10-07,8,2,6
2017-10-07,9,5,4
2017-10-07,4,3,1
2017-10-07,13,3,10
2017-10-07,15,9,6
2017-10-07,14,8,6
2017-10-07,17,8,9
2017-10-07,15,4,11
2017-10-07,23,14,9
2017-10-07,17,7,10
2017-10-07,22,18,4
2017-10-07,14,8,6
2017-10-07,12,7,5
2017-10-07,14,8,6
2017-10-07,14,4,10
2017-10-07,11,5,6
2017-10-07,7,2,5
2017-10-07,2,2,0
2017-10-08,4,1,3
2017-10-08,0,0,0
2017-10-08,4,0,4
2017-10-08,0,0,0
2017-10-08,1,0,1
2017-10-08,0,0,0
2017-10-08,5,0,5
2017-10-08,4,1,3
2017-10-08,2,1,1
2017-10-08,9,8,1
2017-10-08,8,4,4
2017-10-08,4,3,1
2017-10-08,12,6,6
2017-10-08,14,8,6
2017-10-08,14,8,6
2017-10-08,11,6,5
2017-10-08,17,8,9
2017-10-08,19,9,10
2017-10-08,17,6,11
2017-10-08,11,5,6
2017-10-08,5,1,4
2017-10-08,6,3,3
2017-10-08,4,2,2
2017-10-08,2,2,0
2017-10-09,3,1,2
2017-10-09,0,0,0
2017-10-09,1,0,1
2017-10-09,1,1,0
2017-10-09,3,0,3
2017-10-09,4,0,4
2017-10-09,18,0,18
2017-10-09,37,3,34
2017-10-09,39,14,25
2017-10-09,20,7,13
2017-10-09,18,7,11
2017-10-09,8,2,6
2017-10-09,14,3,11
2017-10-09,14,7,7
2017-10-09,21,13,8
2017-10-09,19,12,7
2017-10-09,30,18,12
2017-10-09,51,37,14
2017-10-09,33,17,16
2017-10-09,21,12,9
2017-10-09,19,11,8
2017-10-09,11,4,7
2017-10-09,10,4,6
2017-10-09,4,1,3
2017-10-10,1,0,1
2017-10-10,2,2,0
2017-10-10,0,0,0
2017-10-10,1,0,1
2017-10-10,2,1,1
2017-10-10,6,0,6
2017-10-10,17,1,16
2017-10-10,42,7,35
2017-10-10,40,13,27
2017-10-10,17,8,9
2017-10-10,13,4,9
2017-10-10,16,7,9
2017-10-10,16,6,10
2017-10-10,18,7,11
2017-10-10,19,8,11
2017-10-10,15,8,7
2017-10-10,44,29,15
2017-10-10,50,33,17
2017-10-10,39,20,19
2017-10-10,37,20,17
2017-10-10,25,10,15
2017-10-10,19,4,15
2017-10-10,5,1,4
2017-10-10,7,5,2
2017-10-11,4,2,2
2017-10-11,0,0,0
2017-10-11,1,1,0
2017-10-11,0,0,0
2017-10-11,1,0,1
2017-10-11,4,1,3
2017-10-11,17,3,14
2017-10-11,25,7,18
2017-10-11,30,8,22
2017-10-11,18,5,13
2017-10-11,10,3,7
2017-10-11,15,10,5
2017-10-11,25,10,15
2017-10-11,20,16,4
2017-10-11,19,6,13
2017-10-11,18,5,13
2017-10-11,40,23,17
2017-10-11,50,37,13
2017-10-11,39,19,20
2017-10-11,21,5,16
2017-10-11,15,5,10
2017-10-11,13,7,6
2017-10-11,3,0,3
2017-10-11,4,2,2
2017-10-12,1,0,1
2017-10-12,0,0,0
2017-10-12,1,1,0
2017-10-12,2,2,0
2017-10-12,2,0,2
2017-10-12,6,0,6
2017-10-12,14,4,10
2017-10-12,20,4,16
2017-10-12,25,9,16
2017-10-12,20,5,15
2017-10-12,8,4,4
2017-10-12,14,6,8
2017-10-12,11,6,5
2017-10-12,6,1,5
2017-10-12,12,5,7
2017-10-12,15,9,6
2017-10-12,29,20,9
2017-10-12,40,27,13
2017-10-12,31,12,19
2017-10-12,24,14,10
2017-10-12,11,8,3
2017-10-12,3,1,2
2017-10-12,11,6,5
2017-10-12,3,2,1
2017-10-13,4,1,3
2017-10-13,0,0,0
2017-10-13,0,0,0
2017-10-13,1,0,1
2017-10-13,2,0,2
2017-10-13,5,0,5
2017-10-13,11,1,10
2017-10-13,28,5,23
2017-10-13,26,9,17
2017-10-13,13,4,9
2017-10-13,13,6,7
2017-10-13,12,7,5
2017-10-13,12,4,8
2017-10-13,18,12,6
2017-10-13,12,6,6
2017-10-13,16,9,7
2017-10-13,24,16,8
2017-10-13,38,19,19
2017-10-13,26,7,19
2017-10-13,11,6,5
2017-10-13,7,1,6
2017-10-13,8,3,5
2017-10-13,5,4,1
2017-10-13,4,2,2
2017-10-14,4,2,2
2017-10-14,3,0,3
2017-10-14,6,3,3
2017-10-14,0,0,0
2017-10-14,1,0,1
2017-10-14,0,0,0
2017-10-14,8,2,6
2017-10-14,8,4,4
2017-10-14,6,3,3
2017-10-14,9,3,6
2017-10-14,7,3,4
2017-10-14,11,8,3
2017-10-14,11,3,8
2017-10-14,12,4,8
2017-10-14,22,10,12
2017-10-14,20,10,10
2017-10-14,15,8,7
2017-10-14,18,10,8
2017-10-14,18,9,9
2017-10-14,23,14,9
2017-10-14,13,4,9
2017-10-14,8,3,5
2017-10-14,6,2,4
2017-10-14,10,4,6
2017-10-15,5,0,5
2017-10-15,13,2,11
2017-10-15,4,0,4
2017-10-15,0,0,0
2017-10-15,1,0,1
2017-10-15,1,0,1
2017-10-15,8,2,6
2017-10-15,5,1,4
2017-10-15,2,1,1
2017-10-15,10,6,4
2017-10-15,0,0,0
2017-10-15,17,6,11
2017-10-15,10,5,5
2017-10-15,19,4,15
2017-10-15,10,3,7
2017-10-15,19,11,8
2017-10-15,17,7,10
2017-10-15,21,7,14
2017-10-15,19,7,12
2017-10-15,5,3,2
2017-10-15,5,2,3
2017-10-15,5,1,4
2017-10-15,3,0,3
2017-10-15,5,3,2
2017-10-16,2,1,1
2017-10-16,0,0,0
2017-10-16,1,0,1
2017-10-16,0,0,0
2017-10-16,1,0,1
2017-10-16,5,0,5
2017-10-16,11,2,9
2017-10-16,38,7,31
2017-10-16,43,12,31
2017-10-16,12,5,7
2017-10-16,12,3,9
2017-10-16,9,3,6
2017-10-16,11,6,5
2017-10-16,12,6,6
2017-10-16,18,10,8
2017-10-16,23,15,8
2017-10-16,28,22,6
2017-10-16,60,36,24
2017-10-16,45,23,22
2017-10-16,23,8,15
2017-10-16,16,6,10
2017-10-16,13,6,7
2017-10-16,6,2,4
2017-10-16,5,1,4
2017-10-17,2,1,1
2017-10-17,1,0,1
2017-10-17,0,0,0
2017-10-17,0,0,0
2017-10-17,1,0,1
2017-10-17,5,1,4
2017-10-17,16,2,14
2017-10-17,25,3,22
2017-10-17,40,9,31
2017-10-17,19,6,13
2017-10-17,14,5,9
2017-10-17,10,8,2
2017-10-17,11,6,5
2017-10-17,17,8,9
2017-10-17,18,9,9
2017-10-17,18,11,7
2017-10-17,28,18,10
2017-10-17,56,38,18
2017-10-17,44,20,24
2017-10-17,26,10,16
2017-10-17,17,11,6
2017-10-17,19,5,14
2017-10-17,2,1,1
2017-10-17,2,0,2
2017-10-18,2,0,2
2017-10-18,1,1,0
2017-10-18,0,0,0
2017-10-18,0,0,0
2017-10-18,0,0,0
2017-10-18,3,1,2
2017-10-18,9,1,8
2017-10-18,35,6,29
2017-10-18,25,9,16
2017-10-18,18,5,13
2017-10-18,9,3,6
2017-10-18,9,6,3
2017-10-18,11,5,6
2017-10-18,11,4,7
2017-10-18,10,6,4
2017-10-18,26,15,11
2017-10-18,24,15,9
2017-10-18,30,17,13
2017-10-18,19,13,6
2017-10-18,22,11,11
2017-10-18,13,5,8
2017-10-18,9,4,5
2017-10-18,4,2,2
2017-10-18,3,3,0
2017-10-19,2,1,1
2017-10-19,0,0,0
2017-10-19,0,0,0
2017-10-19,0,0,0
2017-10-19,3,0,3
2017-10-19,6,0,6
2017-10-19,9,2,7
2017-10-19,20,0,20
2017-10-19,23,6,17
2017-10-19,11,4,7
2017-10-19,10,4,6
2017-10-19,9,4,5
2017-10-19,5,2,3
2017-10-19,8,1,7
2017-10-19,8,1,7
2017-10-19,14,10,4
2017-10-19,27,16,11
2017-10-19,35,25,10
2017-10-19,23,14,9
2017-10-19,15,9,6
2017-10-19,12,5,7
2017-10-19,7,1,6
2017-10-19,4,2,2
2017-10-19,4,0,4
2017-10-20,6,3,3
2017-10-20,0,0,0
2017-10-20,3,0,3
2017-10-20,0,0,0
2017-10-20,1,0,1
2017-10-20,5,1,4
2017-10-20,10,1,9
2017-10-20,21,1,20
2017-10-20,31,5,26
2017-10-20,12,4,8
2017-10-20,11,5,6
2017-10-20,5,2,3
2017-10-20,15,9,6
2017-10-20,12,4,8
2017-10-20,14,7,7
2017-10-20,21,11,10
2017-10-20,39,23,16
2017-10-20,35,21,14
2017-10-20,31,10,21
2017-10-20,10,5,5
2017-10-20,12,3,9
2017-10-20,7,0,7
2017-10-20,6,1,5
2017-10-20,11,7,4
2017-10-21,5,3,2
2017-10-21,5,0,5
2017-10-21,0,0,0
2017-10-21,0,0,0
2017-10-21,0,0,0
2017-10-21,0,0,0
2017-10-21,6,1,5
2017-10-21,4,2,2
2017-10-21,4,3,1
2017-10-21,3,1,2
2017-10-21,9,6,3
2017-10-21,7,5,2
2017-10-21,7,3,4
2017-10-21,9,4,5
2017-10-21,16,9,7
2017-10-21,8,4,4
2017-10-21,7,4,3
2017-10-21,8,3,5
2017-10-21,7,5,2
2017-10-21,7,5,2
2017-10-21,6,3,3
2017-10-21,3,1,2
2017-10-21,5,2,3
2017-10-21,2,0,2
2017-10-22,3,3,0
2017-10-22,2,2,0
2017-10-22,5,2,3
2017-10-22,0,0,0
2017-10-22,0,0,0
2017-10-22,0,0,0
2017-10-22,5,0,5
2017-10-22,1,0,1
2017-10-22,2,1,1
2017-10-22,4,2,2
2017-10-22,13,8,5
2017-10-22,17,6,11
2017-10-22,22,11,11
2017-10-22,14,10,4
2017-10-22,14,5,9
2017-10-22,19,11,8
2017-10-22,16,11,5
2017-10-22,15,10,5
2017-10-22,23,9,14
2017-10-22,5,3,2
2017-10-22,11,4,7
2017-10-22,4,1,3
2017-10-22,1,1,0
2017-10-22,2,1,1
2017-10-23,3,1,2
2017-10-23,0,0,0
2017-10-23,0,0,0
2017-10-23,0,0,0
2017-10-23,0,0,0
2017-10-23,3,0,3
2017-10-23,12,1,11
2017-10-23,28,1,27
2017-10-23,31,10,21
2017-10-23,14,3,11
2017-10-23,12,5,7
2017-10-23,6,1,5
2017-10-23,17,9,8
2017-10-23,14,9,5
2017-10-23,20,10,10
2017-10-23,23,16,7
2017-10-23,37,24,13
2017-10-23,55,34,21
2017-10-23,37,16,21
2017-10-23,22,14,8
2017-10-23,15,5,10
2017-10-23,15,7,8
2017-10-23,5,4,1
2017-10-23,9,5,4
2017-10-24,0,0,0
2017-10-24,1,0,1
2017-10-24,1,0,1
2017-10-24,0,0,0
2017-10-24,1,0,1
2017-10-24,9,1,8
2017-10-24,15,3,12
2017-10-24,23,3,20
2017-10-24,48,15,33
2017-10-24,24,7,17
2017-10-24,25,14,11
2017-10-24,10,5,5
2017-10-24,16,5,11
2017-10-24,24,11,13
2017-10-24,19,11,8
2017-10-24,21,12,9
2017-10-24,47,29,18
2017-10-24,70,41,29
2017-10-24,56,30,26
2017-10-24,30,19,11
2017-10-24,22,13,9
2017-10-24,13,3,10
2017-10-24,6,4,2
2017-10-24,5,2,3
2017-10-25,2,2,0
2017-10-25,4,2,2
2017-10-25,1,1,0
2017-10-25,0,0,0
2017-10-25,2,0,2
2017-10-25,6,0,6
2017-10-25,15,0,15
2017-10-25,39,6,33
2017-10-25,33,7,26
2017-10-25,19,4,15
2017-10-25,8,5,3
2017-10-25,23,12,11
2017-10-25,17,10,7
2017-10-25,19,8,11
2017-10-25,20,9,11
2017-10-25,30,15,15
2017-10-25,31,26,5
2017-10-25,71,48,23
2017-10-25,41,19,22
2017-10-25,20,9,11
2017-10-25,16,7,9
2017-10-25,11,5,6
2017-10-25,6,4,2
2017-10-25,3,2,1
2017-10-26,2,2,0
2017-10-26,3,1,2
2017-10-26,0,0,0
2017-10-26,0,0,0
2017-10-26,3,0,3
2017-10-26,10,0,10
2017-10-26,14,3,11
2017-10-26,34,4,30
2017-10-26,36,9,27
2017-10-26,18,7,11
2017-10-26,15,4,11
2017-10-26,22,10,12
2017-10-26,18,11,7
2017-10-26,11,4,7
2017-10-26,18,11,7
2017-10-26,28,14,14
2017-10-26,31,19,12
2017-10-26,66,35,31
2017-10-26,35,22,13
2017-10-26,30,16,14
2017-10-26,21,15,6
2017-10-26,12,4,8
2017-10-26,11,5,6
2017-10-26,9,6,3
2017-10-27,6,3,3
2017-10-27,0,0,0
2017-10-27,4,0,4
2017-10-27,1,0,1
2017-10-27,2,0,2
2017-10-27,5,0,5
2017-10-27,12,1,11
2017-10-27,29,5,24
2017-10-27,38,10,28
2017-10-27,18,7,11
2017-10-27,19,8,11
2017-10-27,14,7,7
2017-10-27,20,12,8
2017-10-27,22,9,13
2017-10-27,28,9,19
2017-10-27,22,13,9
2017-10-27,26,17,9
2017-10-27,55,28,27
2017-10-27,28,15,13
2017-10-27,16,9,7
2017-10-27,6,3,3
2017-10-27,5,1,4
2017-10-27,7,1,6
2017-10-27,4,1,3
2017-10-28,7,3,4
2017-10-28,0,0,0
2017-10-28,2,0,2
2017-10-28,1,1,0
2017-10-28,0,0,0
2017-10-28,0,0,0
2017-10-28,4,0,4
2017-10-28,7,1,6
2017-10-28,9,3,6
2017-10-28,17,7,10
2017-10-28,11,7,4
2017-10-28,20,7,13
2017-10-28,11,7,4
2017-10-28,8,5,3
2017-10-28,16,8,8
2017-10-28,15,6,9
2017-10-28,23,12,11
2017-10-28,18,8,10
2017-10-28,20,12,8
2017-10-28,24,12,12
2017-10-28,9,4,5
2017-10-28,14,7,7
2017-10-28,10,7,3
2017-10-28,4,2,2
2017-10-29,7,1,6
2017-10-29,17,10,7
2017-10-29,11,1,10
2017-10-29,1,0,1
2017-10-29,1,0,1
2017-10-29,1,0,1
2017-10-29,3,1,2
2017-10-29,5,3,2
2017-10-29,0,0,0
2017-10-29,8,3,5
2017-10-29,7,4,3
2017-10-29,9,6,3
2017-10-29,10,4,6
2017-10-29,11,5,6
2017-10-29,22,12,10
2017-10-29,15,7,8
2017-10-29,23,13,10
2017-10-29,15,7,8
2017-10-29,17,5,12
2017-10-29,6,5,1
2017-10-29,10,3,7
2017-10-29,7,2,5
2017-10-29,4,2,2
2017-10-29,1,1,0
2017-10-30,1,0,1
2017-10-30,1,0,1
2017-10-30,0,0,0
2017-10-30,0,0,0
2017-10-30,3,0,3
2017-10-30,6,0,6
2017-10-30,13,0,13
2017-10-30,27,3,24
2017-10-30,40,13,27
2017-10-30,24,6,18
2017-10-30,12,4,8
2017-10-30,11,7,4
2017-10-30,10,8,2
2017-10-30,15,3,12
2017-10-30,17,10,7
2017-10-30,24,16,8
2017-10-30,40,25,15
2017-10-30,59,38,21
2017-10-30,39,21,18
2017-10-30,22,8,14
2017-10-30,13,8,5
2017-10-30,11,5,6
2017-10-30,6,2,4
2017-10-30,4,2,2
2017-10-31,4,1,3
2017-10-31,0,0,0
2017-10-31,0,0,0
2017-10-31,0,0,0
2017-10-31,2,0,2
2017-10-31,6,1,5
2017-10-31,13,1,12
2017-10-31,38,5,33
2017-10-31,43,10,33
2017-10-31,28,6,22
2017-10-31,20,4,16
2017-10-31,16,6,10
2017-10-31,19,13,6
2017-10-31,23,10,13
2017-10-31,23,14,9
2017-10-31,19,11,8
2017-10-31,46,31,15
2017-10-31,49,29,20
2017-10-31,40,24,16
2017-10-31,29,19,10
2017-10-31,11,7,4
2017-10-31,8,2,6
2017-10-31,7,1,6
2017-10-31,6,5,1
2017-11-01,3,2,1
2017-11-01,2,0,2
2017-11-01,2,0,2
2017-11-01,0,0,0
2017-11-01,1,0,1
2017-11-01,6,0,6
2017-11-01,10,1,9
2017-11-01,32,6,26
2017-11-01,37,16,21
2017-11-01,11,5,6
2017-11-01,15,6,9
2017-11-01,11,4,7
2017-11-01,14,7,7
2017-11-01,22,8,14
2017-11-01,18,10,8
2017-11-01,15,8,7
2017-11-01,36,23,13
2017-11-01,46,30,16
2017-11-01,36,16,20
2017-11-01,19,9,10
2017-11-01,22,7,15
2017-11-01,16,8,8
2017-11-01,11,5,6
2017-11-01,9,5,4
2017-11-02,3,3,0
2017-11-02,0,0,0
2017-11-02,4,4,0
2017-11-02,0,0,0
2017-11-02,3,0,3
2017-11-02,7,0,7
2017-11-02,12,2,10
2017-11-02,28,6,22
2017-11-02,27,8,19
2017-11-02,17,2,15
2017-11-02,13,5,8
2017-11-02,9,4,5
2017-11-02,9,3,6
2017-11-02,13,7,6
2017-11-02,11,7,4
2017-11-02,15,6,9
2017-11-02,26,13,13
2017-11-02,41,24,17
2017-11-02,34,15,19
2017-11-02,18,12,6
2017-11-02,11,5,6
2017-11-02,3,1,2
2017-11-02,2,1,1
2017-11-02,2,2,0
2017-11-03,3,2,1
2017-11-03,5,2,3
2017-11-03,0,0,0
2017-11-03,0,0,0
2017-11-03,2,0,2
2017-11-03,5,0,5
2017-11-03,10,2,8
2017-11-03,25,6,19
2017-11-03,23,9,14
2017-11-03,12,2,10
2017-11-03,5,1,4
2017-11-03,13,4,9
2017-11-03,11,4,7
2017-11-03,5,3,2
2017-11-03,2,2,0
2017-11-03,11,4,7
2017-11-03,20,19,1
2017-11-03,38,24,14
2017-11-03,28,15,13
2017-11-03,16,10,6
2017-11-03,9,5,4
2017-11-03,7,3,4
2017-11-03,4,4,0
2017-11-03,5,4,1
2017-11-04,7,6,1
2017-11-04,4,2,2
2017-11-04,9,3,6
2017-11-04,0,0,0
2017-11-04,1,0,1
2017-11-04,2,0,2
2017-11-04,5,0,5
2017-11-04,6,3,3
2017-11-04,4,3,1
2017-11-04,6,0,6
2017-11-04,12,4,8
2017-11-04,6,3,3
2017-11-04,6,3,3
2017-11-04,10,6,4
2017-11-04,21,17,4
2017-11-04,12,5,7
2017-11-04,11,7,4
2017-11-04,5,3,2
2017-11-04,8,4,4
2017-11-04,14,8,6
2017-11-04,5,3,2
2017-11-04,3,1,2
2017-11-04,1,1,0
2017-11-04,2,2,0
2017-11-05,2,2,0
2017-11-05,1,0,1
2017-11-05,0,0,0
2017-11-05,0,0,0
2017-11-05,0,0,0
2017-11-05,2,0,2
2017-11-05,3,0,3
2017-11-05,1,1,0
2017-11-05,2,0,2
2017-11-05,3,2,1
2017-11-05,2,1,1
2017-11-05,5,2,3
2017-11-05,9,4,5
2017-11-05,4,2,2
2017-11-05,9,3,6
2017-11-05,8,5,3
2017-11-05,8,3,5
2017-11-05,6,3,3
2017-11-05,7,2,5
2017-11-05,7,5,2
2017-11-05,8,5,3
2017-11-05,10,4,6
2017-11-05,3,1,2
2017-11-05,3,2,1
2017-11-06,0,0,0
2017-11-06,0,0,0
2017-11-06,1,0,1
2017-11-06,0,0,0
2017-11-06,1,0,1
2017-11-06,4,0,4
2017-11-06,10,1,9
2017-11-06,31,1,30
2017-11-06,31,12,19
2017-11-06,14,5,9
2017-11-06,8,6,2
2017-11-06,14,2,12
2017-11-06,12,8,4
2017-11-06,9,5,4
2017-11-06,20,10,10
2017-11-06,24,13,11
2017-11-06,38,27,11
2017-11-06,41,27,14
2017-11-06,33,19,14
2017-11-06,34,15,19
2017-11-06,17,6,11
2017-11-06,11,4,7
2017-11-06,10,3,7
2017-11-06,6,3,3
2017-11-07,4,1,3
2017-11-07,0,0,0
2017-11-07,1,1,0
2017-11-07,0,0,0
2017-11-07,0,0,0
2017-11-07,3,0,3
2017-11-07,11,2,9
2017-11-07,37,8,29
2017-11-07,32,6,26
2017-11-07,25,8,17
2017-11-07,19,9,10
2017-11-07,11,7,4
2017-11-07,7,2,5
2017-11-07,21,6,15
2017-11-07,21,9,12
2017-11-07,18,10,8
2017-11-07,32,21,11
2017-11-07,55,34,21
2017-11-07,36,18,18
2017-11-07,33,15,18
2017-11-07,22,9,13
2017-11-07,16,7,9
2017-11-07,7,3,4
2017-11-07,3,2,1
2017-11-08,2,0,2
2017-11-08,0,0,0
2017-11-08,0,0,0
2017-11-08,0,0,0
2017-11-08,2,1,1
2017-11-08,5,0,5
2017-11-08,13,2,11
2017-11-08,28,12,16
2017-11-08,35,9,26
2017-11-08,22,8,14
2017-11-08,13,4,9
2017-11-08,11,9,2
2017-11-08,20,6,14
2017-11-08,22,14,8
2017-11-08,15,7,8
2017-11-08,22,9,13
2017-11-08,23,17,6
2017-11-08,36,18,18
2017-11-08,34,18,16
2017-11-08,21,12,9
2017-11-08,13,5,8
2017-11-08,5,1,4
2017-11-08,3,1,2
2017-11-08,3,2,1
2017-11-09,1,0,1
2017-11-09,1,1,0
2017-11-09,0,0,0
2017-11-09,0,0,0
2017-11-09,2,0,2
2017-11-09,1,0,1
2017-11-09,10,2,8
2017-11-09,16,2,14
2017-11-09,29,5,24
2017-11-09,7,3,4
2017-11-09,17,9,8
2017-11-09,15,12,3
2017-11-09,10,6,4
2017-11-09,13,3,10
2017-11-09,11,5,6
2017-11-09,18,12,6
2017-11-09,31,20,11
2017-11-09,35,18,17
2017-11-09,25,14,11
2017-11-09,25,15,10
2017-11-09,10,7,3
2017-11-09,6,2,4
2017-11-09,6,3,3
2017-11-09,7,2,5
2017-11-10,2,0,2
2017-11-10,0,0,0
2017-11-10,3,3,0
2017-11-10,1,1,0
2017-11-10,1,0,1
2017-11-10,4,0,4
2017-11-10,9,0,9
2017-11-10,11,1,10
2017-11-10,23,9,14
2017-11-10,14,9,5
2017-11-10,10,5,5
2017-11-10,15,9,6
2017-11-10,12,4,8
2017-11-10,16,8,8
2017-11-10,13,7,6
2017-11-10,15,8,7
2017-11-10,21,14,7
2017-11-10,23,9,14
2017-11-10,23,10,13
2017-11-10,12,7,5
2017-11-10,10,8,2
2017-11-10,13,5,8
2017-11-10,2,2,0
2017-11-10,11,4,7
2017-11-11,2,1,1
2017-11-11,2,0,2
2017-11-11,1,1,0
2017-11-11,0,0,0
2017-11-11,1,0,1
2017-11-11,1,0,1
2017-11-11,4,0,4
2017-11-11,4,1,3
2017-11-11,3,1,2
2017-11-11,2,1,1
2017-11-11,1,1,0
2017-11-11,4,2,2
2017-11-11,9,3,6
2017-11-11,12,7,5
2017-11-11,14,6,8
2017-11-11,17,11,6
2017-11-11,9,7,2
2017-11-11,5,2,3
2017-11-11,16,9,7
2017-11-11,10,5,5
2017-11-11,6,3,3
2017-11-11,9,7,2
2017-11-11,7,4,3
2017-11-11,3,1,2
2017-11-12,1,0,1
2017-11-12,2,0,2
2017-11-12,0,0,0
2017-11-12,1,0,1
2017-11-12,0,0,0
2017-11-12,1,0,1
2017-11-12,2,0,2
2017-11-12,4,1,3
2017-11-12,2,1,1
2017-11-12,4,0,4
2017-11-12,4,2,2
2017-11-12,13,5,8
2017-11-12,7,5,2
2017-11-12,15,6,9
2017-11-12,14,8,6
2017-11-12,4,1,3
2017-11-12,6,2,4
2017-11-12,6,5,1
2017-11-12,9,4,5
2017-11-12,6,4,2
2017-11-12,5,1,4
2017-11-12,8,0,8
2017-11-12,8,3,5
2017-11-12,0,0,0
2017-11-13,2,1,1
2017-11-13,0,0,0
2017-11-13,0,0,0
2017-11-13,0,0,0
2017-11-13,0,0,0
2017-11-13,3,0,3
2017-11-13,10,1,9
2017-11-13,25,3,22
2017-11-13,30,10,20
2017-11-13,13,4,9
2017-11-13,12,6,6
2017-11-13,5,3,2
2017-11-13,7,3,4
2017-11-13,13,8,5
2017-11-13,13,6,7
2017-11-13,12,8,4
2017-11-13,10,6,4
2017-11-13,31,19,12
2017-11-13,27,12,15
2017-11-13,12,7,5
2017-11-13,5,2,3
2017-11-13,9,1,8
2017-11-13,1,1,0
2017-11-13,1,1,0
2017-11-14,0,0,0
2017-11-14,1,1,0
2017-11-14,0,0,0
2017-11-14,0,0,0
2017-11-14,1,0,1
2017-11-14,4,0,4
2017-11-14,7,1,6
2017-11-14,29,5,24
2017-11-14,35,10,25
2017-11-14,12,2,10
2017-11-14,5,3,2
2017-11-14,12,7,5
2017-11-14,18,6,12
2017-11-14,9,4,5
2017-11-14,12,4,8
2017-11-14,20,12,8
2017-11-14,24,16,8
2017-11-14,46,29,17
2017-11-14,25,11,14
2017-11-14,15,8,7
2017-11-14,15,6,9
2017-11-14,9,2,7
2017-11-14,4,2,2
2017-11-14,9,4,5
2017-11-15,0,0,0
2017-11-15,0,0,0
2017-11-15,2,2,0
2017-11-15,0,0,0
2017-11-15,1,0,1
2017-11-15,0,0,0
2017-11-15,6,0,6
2017-11-15,25,4,21
2017-11-15,22,5,17
2017-11-15,12,2,10
2017-11-15,12,5,7
2017-11-15,10,5,5
2017-11-15,15,10,5
2017-11-15,7,3,4
2017-11-15,16,5,11
2017-11-15,14,8,6
2017-11-15,27,17,10
2017-11-15,39,32,7
2017-11-15,30,18,12
2017-11-15,18,8,10
2017-11-15,9,6,3
2017-11-15,18,4,14
2017-11-15,5,3,2
2017-11-15,8,5,3
2017-11-16,4,2,2
2017-11-16,0,0,0
2017-11-16,0,0,0
2017-11-16,1,0,1
2017-11-16,1,0,1
2017-11-16,5,0,5
2017-11-16,8,0,8
2017-11-16,14,1,13
2017-11-16,32,13,19
2017-11-16,11,5,6
2017-11-16,7,0,7
2017-11-16,11,5,6
2017-11-16,17,10,7
2017-11-16,15,6,9
2017-11-16,14,5,9
2017-11-16,23,14,9
2017-11-16,31,17,14
2017-11-16,31,21,10
2017-11-16,23,15,8
2017-11-16,18,10,8
2017-11-16,20,8,12
2017-11-16,8,4,4
2017-11-16,4,1,3
2017-11-16,6,1,5
2017-11-17,2,2,0
2017-11-17,1,0,1
2017-11-17,2,0,2
2017-11-17,2,1,1
2017-11-17,0,0,0
2017-11-17,4,1,3
2017-11-17,12,1,11
2017-11-17,27,4,23
2017-11-17,32,15,17
2017-11-17,18,8,10
2017-11-17,9,4,5
2017-11-17,12,10,2
2017-11-17,18,4,14
2017-11-17,17,9,8
2017-11-17,18,8,10
2017-11-17,24,14,10
2017-11-17,36,25,11
2017-11-17,38,28,10
2017-11-17,27,14,13
2017-11-17,20,9,11
2017-11-17,7,5,2
2017-11-17,3,1,2
2017-11-17,13,5,8
2017-11-17,6,2,4
2017-11-18,3,3,0
2017-11-18,5,3,2
2017-11-18,0,0,0
2017-11-18,2,1,1
2017-11-18,0,0,0
2017-11-18,3,0,3
2017-11-18,5,0,5
2017-11-18,7,3,4
2017-11-18,7,4,3
2017-11-18,4,4,0
2017-11-18,22,9,13
2017-11-18,11,3,8
2017-11-18,11,1,10
2017-11-18,17,9,8
2017-11-18,22,11,11
2017-11-18,7,2,5
2017-11-18,19,9,10
2017-11-18,11,4,7
2017-11-18,16,5,11
2017-11-18,7,4,3
2017-11-18,12,8,4
2017-11-18,3,0,3
2017-11-18,5,3,2
2017-11-18,5,3,2
2017-11-19,7,4,3
2017-11-19,2,0,2
2017-11-19,3,0,3
2017-11-19,2,1,1
2017-11-19,1,1,0
2017-11-19,3,1,2
2017-11-19,4,0,4
2017-11-19,4,2,2
2017-11-19,4,2,2
2017-11-19,2,2,0
2017-11-19,9,5,4
2017-11-19,11,3,8
2017-11-19,6,3,3
2017-11-19,15,8,7
2017-11-19,9,7,2
2017-11-19,10,6,4
2017-11-19,7,1,6
2017-11-19,5,1,4
2017-11-19,9,3,6
2017-11-19,4,1,3
2017-11-19,2,1,1
2017-11-19,4,3,1
2017-11-19,0,0,0
2017-11-19,1,1,0
2017-11-20,0,0,0
2017-11-20,0,0,0
2017-11-20,0,0,0
2017-11-20,0,0,0
2017-11-20,0,0,0
2017-11-20,2,0,2
2017-11-20,8,0,8
2017-11-20,15,3,12
2017-11-20,22,6,16
2017-11-20,10,2,8
2017-11-20,13,6,7
2017-11-20,6,3,3
2017-11-20,8,3,5
2017-11-20,11,5,6
2017-11-20,11,4,7
2017-11-20,9,5,4
2017-11-20,21,14,7
2017-11-20,43,30,13
2017-11-20,15,6,9
2017-11-20,14,7,7
2017-11-20,14,3,11
2017-11-20,7,3,4
2017-11-20,1,0,1
2017-11-20,3,1,2
2017-11-21,0,0,0
2017-11-21,1,0,1
2017-11-21,0,0,0
2017-11-21,0,0,0
2017-11-21,4,0,4
2017-11-21,2,0,2
2017-11-21,6,1,5
2017-11-21,17,6,11
2017-11-21,23,7,16
2017-11-21,9,5,4
2017-11-21,9,2,7
2017-11-21,8,4,4
2017-11-21,10,3,7
2017-11-21,2,1,1
2017-11-21,11,8,3
2017-11-21,10,4,6
2017-11-21,21,13,8
2017-11-21,34,20,14
2017-11-21,22,12,10
2017-11-21,11,6,5
2017-11-21,13,5,8
2017-11-21,7,4,3
2017-11-21,3,1,2
2017-11-21,1,1,0
2017-11-22,3,2,1
2017-11-22,1,0,1
2017-11-22,0,0,0
2017-11-22,0,0,0
2017-11-22,1,0,1
2017-11-22,3,1,2
2017-11-22,15,1,14
2017-11-22,9,2,7
2017-11-22,21,5,16
2017-11-22,16,7,9
2017-11-22,13,3,10
2017-11-22,9,4,5
2017-11-22,16,9,7
2017-11-22,10,1,9
2017-11-22,15,8,7
2017-11-22,26,8,18
2017-11-22,20,13,7
2017-11-22,25,15,10
2017-11-22,14,7,7
2017-11-22,12,7,5
2017-11-22,7,4,3
2017-11-22,5,1,4
2017-11-22,2,1,1
2017-11-22,2,2,0
2017-11-23,3,1,2
2017-11-23,0,0,0
2017-11-23,1,1,0
2017-11-23,1,1,0
2017-11-23,0,0,0
2017-11-23,0,0,0
2017-11-23,1,0,1
2017-11-23,5,2,3
2017-11-23,1,1,0
2017-11-23,5,4,1
2017-11-23,3,3,0
2017-11-23,4,2,2
2017-11-23,2,1,1
2017-11-23,7,5,2
2017-11-23,5,2,3
2017-11-23,5,2,3
2017-11-23,6,3,3
2017-11-23,4,1,3
2017-11-23,4,1,3
2017-11-23,2,2,0
2017-11-23,3,1,2
2017-11-23,4,0,4
2017-11-23,1,1,0
2017-11-23,2,1,1
2017-11-24,0,0,0
2017-11-24,1,0,1
2017-11-24,0,0,0
2017-11-24,0,0,0
2017-11-24,2,1,1
2017-11-24,5,1,4
2017-11-24,3,0,3
2017-11-24,2,0,2
2017-11-24,2,2,0
2017-11-24,9,2,7
2017-11-24,3,1,2
2017-11-24,7,3,4
2017-11-24,8,6,2
2017-11-24,17,10,7
2017-11-24,15,6,9
2017-11-24,20,10,10
2017-11-24,9,5,4
2017-11-24,4,3,1
2017-11-24,10,4,6
2017-11-24,9,5,4
2017-11-24,7,3,4
2017-11-24,1,1,0
2017-11-24,2,0,2
2017-11-24,4,1,3
2017-11-25,3,1,2
2017-11-25,3,3,0
2017-11-25,7,0,7
2017-11-25,1,0,1
2017-11-25,1,1,0
2017-11-25,1,0,1
2017-11-25,2,0,2
2017-11-25,5,1,4
2017-11-25,5,1,4
2017-11-25,8,4,4
2017-11-25,3,2,1
2017-11-25,9,6,3
2017-11-25,8,4,4
2017-11-25,13,6,7
2017-11-25,14,5,9
2017-11-25,11,7,4
2017-11-25,8,6,2
2017-11-25,16,7,9
2017-11-25,9,6,3
2017-11-25,1,0,1
2017-11-25,4,2,2
2017-11-25,2,2,0
2017-11-25,2,2,0
2017-11-25,5,1,4
2017-11-26,3,3,0
2017-11-26,3,1,2
2017-11-26,2,0,2
2017-11-26,0,0,0
2017-11-26,0,0,0
2017-11-26,3,1,2
2017-11-26,4,0,4
2017-11-26,6,2,4
2017-11-26,2,1,1
2017-11-26,2,0,2
2017-11-26,7,4,3
2017-11-26,3,1,2
2017-11-26,13,6,7
2017-11-26,8,2,6
2017-11-26,5,4,1
2017-11-26,7,5,2
2017-11-26,7,4,3
2017-11-26,11,5,6
2017-11-26,17,7,10
2017-11-26,5,2,3
2017-11-26,3,1,2
2017-11-26,4,3,1
2017-11-26,2,1,1
2017-11-26,0,0,0
2017-11-27,1,0,1
2017-11-27,0,0,0
2017-11-27,0,0,0
2017-11-27,0,0,0
2017-11-27,1,0,1
2017-11-27,3,0,3
2017-11-27,17,0,17
2017-11-27,29,4,25
2017-11-27,43,13,30
2017-11-27,15,4,11
2017-11-27,13,4,9
2017-11-27,6,3,3
2017-11-27,9,4,5
2017-11-27,13,8,5
2017-11-27,13,2,11
2017-11-27,16,9,7
2017-11-27,26,18,8
2017-11-27,52,30,22
2017-11-27,29,17,12
2017-11-27,19,9,10
2017-11-27,9,6,3
2017-11-27,14,7,7
2017-11-27,7,3,4
2017-11-27,3,1,2
2017-11-28,0,0,0
2017-11-28,1,1,0
2017-11-28,2,2,0
2017-11-28,0,0,0
2017-11-28,2,0,2
2017-11-28,3,0,3
2017-11-28,13,4,9
2017-11-28,31,10,21
2017-11-28,33,6,27
2017-11-28,17,12,5
2017-11-28,14,4,10
2017-11-28,5,2,3
2017-11-28,6,4,2
2017-11-28,11,4,7
2017-11-28,13,4,9
2017-11-28,18,12,6
2017-11-28,31,17,14
2017-11-28,41,25,16
2017-11-28,25,16,9
2017-11-28,16,10,6
2017-11-28,12,4,8
2017-11-28,6,1,5
2017-11-28,3,2,1
2017-11-28,3,2,1
2017-11-29,2,1,1
2017-11-29,0,0,0
2017-11-29,0,0,0
2017-11-29,0,0,0
2017-11-29,2,1,1
2017-11-29,3,0,3
2017-11-29,10,0,10
2017-11-29,24,4,20
2017-11-29,36,11,25
2017-11-29,13,5,8
2017-11-29,11,4,7
2017-11-29,9,1,8
2017-11-29,17,10,7
2017-11-29,17,7,10
2017-11-29,22,14,8
2017-11-29,19,9,10
2017-11-29,25,18,7
2017-11-29,47,27,20
2017-11-29,40,17,23
2017-11-29,24,11,13
2017-11-29,14,8,6
2017-11-29,11,5,6
2017-11-29,13,6,7
2017-11-29,5,2,3
2017-11-30,5,2,3
2017-11-30,1,1,0
2017-11-30,0,0,0
2017-11-30,0,0,0
2017-11-30,3,1,2
2017-11-30,6,0,6
2017-11-30,7,1,6
2017-11-30,25,3,22
2017-11-30,22,6,16
2017-11-30,13,2,11
2017-11-30,10,3,7
2017-11-30,3,2,1
2017-11-30,9,5,4
2017-11-30,9,2,7
2017-11-30,12,8,4
2017-11-30,15,7,8
2017-11-30,14,7,7
2017-11-30,28,17,11
2017-11-30,29,17,12
2017-11-30,23,13,10
2017-11-30,7,3,4
2017-11-30,10,7,3
2017-11-30,9,4,5
2017-11-30,7,3,4
2017-12-01,4,2,2
2017-12-01,0,0,0
2017-12-01,2,0,2
2017-12-01,0,0,0
2017-12-01,3,0,3
2017-12-01,3,1,2
2017-12-01,10,0,10
2017-12-01,21,2,19
2017-12-01,22,7,15
2017-12-01,19,9,10
2017-12-01,9,4,5
2017-12-01,14,5,9
2017-12-01,15,10,5
2017-12-01,6,2,4
2017-12-01,9,6,3
2017-12-01,16,10,6
2017-12-01,22,13,9
2017-12-01,31,20,11
2017-12-01,27,8,19
2017-12-01,18,11,7
2017-12-01,15,5,10
2017-12-01,7,2,5
2017-12-01,2,1,1
2017-12-01,6,1,5
2017-12-02,1,1,0
2017-12-02,2,0,2
2017-12-02,4,0,4
2017-12-02,4,1,3
2017-12-02,1,1,0
2017-12-02,3,0,3
2017-12-02,3,0,3
2017-12-02,5,2,3
2017-12-02,3,1,2
2017-12-02,5,2,3
2017-12-02,3,2,1
2017-12-02,6,1,5
2017-12-02,7,3,4
2017-12-02,3,0,3
2017-12-02,7,3,4
2017-12-02,10,5,5
2017-12-02,9,6,3
2017-12-02,7,2,5
2017-12-02,4,2,2
2017-12-02,5,4,1
2017-12-02,1,1,0
2017-12-02,3,2,1
2017-12-02,5,0,5
2017-12-02,3,1,2
2017-12-03,5,0,5
2017-12-03,4,1,3
2017-12-03,9,3,6
2017-12-03,0,0,0
2017-12-03,6,6,0
2017-12-03,2,0,2
2017-12-03,2,0,2
2017-12-03,4,1,3
2017-12-03,3,2,1
2017-12-03,6,3,3
2017-12-03,6,3,3
2017-12-03,15,8,7
2017-12-03,9,5,4
2017-12-03,10,6,4
2017-12-03,10,4,6
2017-12-03,7,2,5
2017-12-03,11,4,7
2017-12-03,11,7,4
2017-12-03,10,6,4
2017-12-03,7,4,3
2017-12-03,5,2,3
2017-12-03,7,2,5
2017-12-03,0,0,0
2017-12-03,1,0,1
2017-12-04,2,2,0
2017-12-04,0,0,0
2017-12-04,0,0,0
2017-12-04,0,0,0
2017-12-04,1,0,1
2017-12-04,2,0,2
2017-12-04,10,1,9
2017-12-04,32,6,26
2017-12-04,32,11,21
2017-12-04,12,4,8
2017-12-04,10,3,7
2017-12-04,13,6,7
2017-12-04,11,8,3
2017-12-04,12,6,6
2017-12-04,7,3,4
2017-12-04,13,9,4
2017-12-04,21,12,9
2017-12-04,45,25,20
2017-12-04,35,18,17
2017-12-04,20,8,12
2017-12-04,7,4,3
2017-12-04,9,2,7
2017-12-04,8,5,3
2017-12-04,3,2,1
2017-12-05,1,1,0
2017-12-05,1,1,0
2017-12-05,0,0,0
2017-12-05,0,0,0
2017-12-05,2,1,1
2017-12-05,4,1,3
2017-12-05,16,3,13
2017-12-05,27,6,21
2017-12-05,31,9,22
2017-12-05,17,9,8
2017-12-05,18,4,14
2017-12-05,10,7,3
2017-12-05,12,6,6
2017-12-05,9,2,7
2017-12-05,16,10,6
2017-12-05,18,10,8
2017-12-05,28,22,6
2017-12-05,46,21,25
2017-12-05,38,23,15
2017-12-05,25,15,10
2017-12-05,19,10,9
2017-12-05,14,7,7
2017-12-05,5,2,3
2017-12-05,4,2,2
2017-12-06,4,3,1
2017-12-06,0,0,0
2017-12-06,0,0,0
2017-12-06,2,0,2
2017-12-06,1,0,1
2017-12-06,5,1,4
2017-12-06,10,1,9
2017-12-06,23,7,16
2017-12-06,33,9,24
2017-12-06,19,5,14
2017-12-06,10,5,5
2017-12-06,14,7,7
2017-12-06,15,4,11
2017-12-06,16,5,11
2017-12-06,26,4,22
2017-12-06,28,17,11
2017-12-06,34,22,12
2017-12-06,48,25,23
2017-12-06,49,28,21
2017-12-06,16,10,6
2017-12-06,9,7,2
2017-12-06,9,5,4
2017-12-06,13,6,7
2017-12-06,2,1,1
2017-12-07,2,2,0
2017-12-07,1,0,1
2017-12-07,0,0,0
2017-12-07,0,0,0
2017-12-07,1,0,1
2017-12-07,2,0,2
2017-12-07,7,2,5
2017-12-07,24,1,23
2017-12-07,29,9,20
2017-12-07,18,9,9
2017-12-07,13,6,7
2017-12-07,19,5,14
2017-12-07,13,5,8
2017-12-07,7,2,5
2017-12-07,20,3,17
2017-12-07,23,9,14
2017-12-07,29,19,10
2017-12-07,23,11,12
2017-12-07,30,13,17
2017-12-07,27,13,14
2017-12-07,9,6,3
2017-12-07,14,8,6
2017-12-07,3,1,2
2017-12-07,8,3,5
2017-12-08,6,4,2
2017-12-08,4,1,3
2017-12-08,0,0,0
2017-12-08,1,1,0
2017-12-08,0,0,0
2017-12-08,3,1,2
2017-12-08,11,1,10
2017-12-08,18,3,15
2017-12-08,22,4,18
2017-12-08,16,8,8
2017-12-08,5,2,3
2017-12-08,13,6,7
2017-12-08,14,7,7
2017-12-08,13,2,11
2017-12-08,22,8,14
2017-12-08,26,17,9
2017-12-08,28,22,6
2017-12-08,41,24,17
2017-12-08,21,8,13
2017-12-08,16,8,8
2017-12-08,9,6,3
2017-12-08,6,1,5
2017-12-08,6,5,1
2017-12-08,10,6,4
2017-12-09,3,0,3
2017-12-09,4,1,3
2017-12-09,10,2,8
2017-12-09,0,0,0
2017-12-09,1,0,1
2017-12-09,0,0,0
2017-12-09,3,0,3
2017-12-09,10,4,6
2017-12-09,3,1,2
2017-12-09,6,1,5
2017-12-09,5,3,2
2017-12-09,11,7,4
2017-12-09,13,6,7
2017-12-09,15,6,9
2017-12-09,7,5,2
2017-12-09,6,3,3
2017-12-09,13,7,6
2017-12-09,8,3,5
2017-12-09,10,3,7
2017-12-09,8,5,3
2017-12-09,4,1,3
2017-12-09,8,3,5
2017-12-09,5,2,3
2017-12-09,8,4,4
2017-12-10,4,3,1
2017-12-10,8,4,4
2017-12-10,4,4,0
2017-12-10,1,1,0
2017-12-10,0,0,0
2017-12-10,3,1,2
2017-12-10,1,0,1
2017-12-10,6,1,5
2017-12-10,5,2,3
2017-12-10,6,1,5
2017-12-10,8,6,2
2017-12-10,11,6,5
2017-12-10,4,3,1
2017-12-10,10,6,4
2017-12-10,6,3,3
2017-12-10,6,4,2
2017-12-10,24,12,12
2017-12-10,12,8,4
2017-12-10,11,6,5
2017-12-10,5,2,3
2017-12-10,3,1,2
2017-12-10,4,2,2
2017-12-10,3,1,2
2017-12-10,0,0,0
2017-12-11,0,0,0
2017-12-11,2,0,2
2017-12-11,1,1,0
2017-12-11,0,0,0
2017-12-11,1,0,1
2017-12-11,5,0,5
2017-12-11,8,0,8
2017-12-11,19,5,14
2017-12-11,23,5,18
2017-12-11,22,10,12
2017-12-11,14,5,9
2017-12-11,10,6,4
2017-12-11,15,8,7
2017-12-11,14,5,9
2017-12-11,16,9,7
2017-12-11,19,11,8
2017-12-11,27,19,8
2017-12-11,29,16,13
2017-12-11,30,13,17
2017-12-11,10,5,5
2017-12-11,7,4,3
2017-12-11,8,5,3
2017-12-11,3,2,1
2017-12-11,3,2,1
2017-12-12,1,1,0
2017-12-12,0,0,0
2017-12-12,3,2,1
2017-12-12,2,1,1
2017-12-12,1,0,1
2017-12-12,4,0,4
2017-12-12,8,1,7
2017-12-12,34,3,31
2017-12-12,30,4,26
2017-12-12,14,4,10
2017-12-12,11,3,8
2017-12-12,10,6,4
2017-12-12,12,4,8
2017-12-12,16,7,9
2017-12-12,8,4,4
2017-12-12,18,9,9
2017-12-12,34,21,13
2017-12-12,31,19,12
2017-12-12,33,17,16
2017-12-12,24,16,8
2017-12-12,13,5,8
2017-12-12,17,7,10
2017-12-12,6,1,5
2017-12-12,3,2,1
2017-12-13,5,4,1
2017-12-13,0,0,0
2017-12-13,0,0,0
2017-12-13,0,0,0
2017-12-13,1,0,1
2017-12-13,4,0,4
2017-12-13,11,1,10
2017-12-13,22,5,17
2017-12-13,29,4,25
2017-12-13,19,4,15
2017-12-13,15,8,7
2017-12-13,6,2,4
2017-12-13,6,2,4
2017-12-13,14,5,9
2017-12-13,14,8,6
2017-12-13,21,10,11
2017-12-13,30,23,7
2017-12-13,29,19,10
2017-12-13,32,24,8
2017-12-13,12,6,6
2017-12-13,13,7,6
2017-12-13,11,4,7
2017-12-13,3,1,2
2017-12-13,4,3,1
2017-12-14,1,0,1
2017-12-14,2,2,0
2017-12-14,1,0,1
2017-12-14,0,0,0
2017-12-14,1,0,1
2017-12-14,5,0,5
2017-12-14,9,1,8
2017-12-14,15,3,12
2017-12-14,25,4,21
2017-12-14,13,5,8
2017-12-14,11,0,11
2017-12-14,14,2,12
2017-12-14,18,9,9
2017-12-14,10,5,5
2017-12-14,10,7,3
2017-12-14,12,4,8
2017-12-14,19,13,6
2017-12-14,51,27,24
2017-12-14,37,26,11
2017-12-14,22,15,7
2017-12-14,11,8,3
2017-12-14,11,4,7
2017-12-14,6,3,3
2017-12-14,8,5,3
2017-12-15,1,0,1
2017-12-15,1,1,0
2017-12-15,2,0,2
2017-12-15,0,0,0
2017-12-15,0,0,0
2017-12-15,2,1,1
2017-12-15,8,3,5
2017-12-15,26,5,21
2017-12-15,24,5,19
2017-12-15,20,7,13
2017-12-15,21,10,11
2017-12-15,8,4,4
2017-12-15,12,7,5
2017-12-15,9,5,4
2017-12-15,14,7,7
2017-12-15,14,7,7
2017-12-15,23,16,7
2017-12-15,31,18,13
2017-12-15,30,15,15
2017-12-15,11,3,8
2017-12-15,4,1,3
2017-12-15,7,5,2
2017-12-15,5,1,4
2017-12-15,2,1,1
2017-12-16,2,2,0
2017-12-16,11,2,9
2017-12-16,3,2,1
2017-12-16,1,1,0
2017-12-16,0,0,0
2017-12-16,3,0,3
2017-12-16,0,0,0
2017-12-16,4,3,1
2017-12-16,6,4,2
2017-12-16,4,4,0
2017-12-16,2,1,1
2017-12-16,5,1,4
2017-12-16,6,2,4
2017-12-16,8,1,7
2017-12-16,12,5,7
2017-12-16,8,4,4
2017-12-16,12,6,6
2017-12-16,10,2,8
2017-12-16,14,7,7
2017-12-16,6,2,4
2017-12-16,3,2,1
2017-12-16,5,3,2
2017-12-16,4,1,3
2017-12-16,2,1,1
2017-12-17,1,1,0
2017-12-17,3,0,3
2017-12-17,0,0,0
2017-12-17,0,0,0
2017-12-17,1,1,0
2017-12-17,1,0,1
2017-12-17,4,2,2
2017-12-17,5,3,2
2017-12-17,2,2,0
2017-12-17,3,0,3
2017-12-17,6,4,2
2017-12-17,6,3,3
2017-12-17,8,3,5
2017-12-17,12,5,7
2017-12-17,13,7,6
2017-12-17,9,2,7
2017-12-17,16,9,7
2017-12-17,11,3,8
2017-12-17,8,2,6
2017-12-17,2,2,0
2017-12-17,6,3,3
2017-12-17,11,3,8
2017-12-17,1,0,1
2017-12-17,1,0,1
2017-12-18,1,0,1
2017-12-18,1,0,1
2017-12-18,0,0,0
2017-12-18,1,1,0
2017-12-18,3,1,2
2017-12-18,1,1,0
2017-12-18,8,3,5
2017-12-18,15,4,11
2017-12-18,23,5,18
2017-12-18,12,5,7
2017-12-18,6,3,3
2017-12-18,7,3,4
2017-12-18,5,2,3
2017-12-18,8,4,4
2017-12-18,10,5,5
2017-12-18,5,1,4
2017-12-18,17,13,4
2017-12-18,28,18,10
2017-12-18,23,14,9
2017-12-18,13,5,8
2017-12-18,7,2,5
2017-12-18,3,2,1
2017-12-18,1,1,0
2017-12-18,0,0,0
2017-12-19,1,0,1
2017-12-19,1,1,0
2017-12-19,0,0,0
2017-12-19,1,1,0
2017-12-19,3,1,2
2017-12-19,2,0,2
2017-12-19,9,1,8
2017-12-19,14,2,12
2017-12-19,13,2,11
2017-12-19,9,1,8
2017-12-19,5,2,3
2017-12-19,0,0,0
2017-12-19,6,4,2
2017-12-19,5,1,4
2017-12-19,10,4,6
2017-12-19,4,3,1
2017-12-19,19,14,5
2017-12-19,30,23,7
2017-12-19,13,6,7
2017-12-19,12,8,4
2017-12-19,7,3,4
2017-12-19,7,1,6
2017-12-19,2,2,0
2017-12-19,6,1,5
2017-12-20,1,0,1
2017-12-20,1,0,1
2017-12-20,0,0,0
2017-12-20,0,0,0
2017-12-20,1,0,1
2017-12-20,6,0,6
2017-12-20,6,1,5
2017-12-20,20,1,19
2017-12-20,23,3,20
2017-12-20,8,0,8
2017-12-20,9,4,5
2017-12-20,8,6,2
2017-12-20,12,9,3
2017-12-20,7,5,2
2017-12-20,13,8,5
2017-12-20,22,9,13
2017-12-20,20,14,6
2017-12-20,25,14,11
2017-12-20,35,19,16
2017-12-20,8,7,1
2017-12-20,11,5,6
2017-12-20,3,1,2
2017-12-20,2,0,2
2017-12-20,1,0,1
2017-12-21,1,1,0
2017-12-21,0,0,0
2017-12-21,0,0,0
2017-12-21,0,0,0
2017-12-21,1,0,1
2017-12-21,1,0,1
2017-12-21,7,0,7
2017-12-21,12,2,10
2017-12-21,24,4,20
2017-12-21,5,3,2
2017-12-21,6,3,3
2017-12-21,9,5,4
2017-12-21,10,5,5
2017-12-21,8,3,5
2017-12-21,6,6,0
2017-12-21,13,8,5
2017-12-21,11,8,3
2017-12-21,27,15,12
2017-12-21,26,18,8
2017-12-21,6,4,2
2017-12-21,7,4,3
2017-12-21,5,3,2
2017-12-21,3,1,2
2017-12-21,5,2,3
2017-12-22,3,0,3
2017-12-22,3,0,3
2017-12-22,1,1,0
2017-12-22,0,0,0
2017-12-22,2,1,1
2017-12-22,3,0,3
2017-12-22,5,0,5
2017-12-22,16,4,12
2017-12-22,16,3,13
2017-12-22,8,3,5
2017-12-22,5,1,4
2017-12-22,5,2,3
2017-12-22,11,6,5
2017-12-22,8,2,6
2017-12-22,13,10,3
2017-12-22,16,7,9
2017-12-22,21,10,11
2017-12-22,26,16,10
2017-12-22,21,11,10
2017-12-22,12,6,6
2017-12-22,2,1,1
2017-12-22,4,1,3
2017-12-22,6,1,5
2017-12-22,3,3,0
2017-12-23,1,1,0
2017-12-23,4,2,2
2017-12-23,1,0,1
2017-12-23,1,1,0
2017-12-23,1,1,0
2017-12-23,2,0,2
2017-12-23,7,1,6
2017-12-23,7,5,2
2017-12-23,0,0,0
2017-12-23,1,1,0
2017-12-23,5,2,3
2017-12-23,11,9,2
2017-12-23,8,1,7
2017-12-23,10,5,5
2017-12-23,6,3,3
2017-12-23,5,4,1
2017-12-23,12,7,5
2017-12-23,14,4,10
2017-12-23,9,4,5
2017-12-23,7,6,1
2017-12-23,9,5,4
2017-12-23,4,2,2
2017-12-23,5,2,3
2017-12-23,4,2,2
2017-12-24,3,2,1
2017-12-24,1,0,1
2017-12-24,2,0,2
2017-12-24,5,5,0
2017-12-24,3,2,1
2017-12-24,1,0,1
2017-12-24,3,0,3
2017-12-24,8,5,3
2017-12-24,0,0,0
2017-12-24,4,2,2
2017-12-24,0,0,0
2017-12-24,1,0,1
2017-12-24,4,1,3
2017-12-24,8,5,3
2017-12-24,10,6,4
2017-12-24,5,4,1
2017-12-24,5,2,3
2017-12-24,2,1,1
2017-12-24,8,3,5
2017-12-24,2,2,0
2017-12-24,2,2,0
2017-12-24,2,1,1
2017-12-24,1,0,1
2017-12-24,1,1,0
2017-12-25,0,0,0
2017-12-25,1,0,1
2017-12-25,0,0,0
2017-12-25,0,0,0
2017-12-25,0,0,0
2017-12-25,0,0,0
2017-12-25,2,0,2
2017-12-25,2,2,0
2017-12-25,0,0,0
2017-12-25,1,0,1
2017-12-25,1,0,1
2017-12-25,1,1,0
2017-12-25,3,3,0
2017-12-25,0,0,0
2017-12-25,1,1,0
2017-12-25,1,1,0
2017-12-25,0,0,0
2017-12-25,1,0,1
2017-12-25,7,5,2
2017-12-25,1,0,1
2017-12-25,0,0,0
2017-12-25,2,0,2
2017-12-25,0,0,0
2017-12-25,0,0,0
2017-12-26,0,0,0
2017-12-26,0,0,0
2017-12-26,0,0,0
2017-12-26,0,0,0
2017-12-26,1,0,1
2017-12-26,2,0,2
2017-12-26,3,0,3
2017-12-26,5,4,1
2017-12-26,5,1,4
2017-12-26,5,2,3
2017-12-26,4,3,1
2017-12-26,5,3,2
2017-12-26,5,2,3
2017-12-26,8,5,3
2017-12-26,6,6,0
2017-12-26,12,7,5
2017-12-26,10,5,5
2017-12-26,12,9,3
2017-12-26,5,3,2
2017-12-26,8,3,5
2017-12-26,6,2,4
2017-12-26,10,4,6
2017-12-26,1,1,0
2017-12-26,1,1,0
2017-12-27,3,2,1
2017-12-27,2,2,0
2017-12-27,5,0,5
2017-12-27,0,0,0
2017-12-27,0,0,0
2017-12-27,1,0,1
2017-12-27,1,0,1
2017-12-27,10,2,8
2017-12-27,10,4,6
2017-12-27,11,7,4
2017-12-27,10,5,5
2017-12-27,6,1,5
2017-12-27,2,0,2
2017-12-27,4,3,1
2017-12-27,6,3,3
2017-12-27,10,3,7
2017-12-27,5,3,2
2017-12-27,21,14,7
2017-12-27,19,9,10
2017-12-27,4,2,2
2017-12-27,6,2,4
2017-12-27,6,4,2
2017-12-27,1,0,1
2017-12-27,3,1,2
2017-12-28,1,1,0
2017-12-28,0,0,0
2017-12-28,0,0,0
2017-12-28,0,0,0
2017-12-28,2,0,2
2017-12-28,3,1,2
2017-12-28,4,1,3
2017-12-28,11,4,7
2017-12-28,6,1,5
2017-12-28,6,1,5
2017-12-28,10,7,3
2017-12-28,2,1,1
2017-12-28,5,2,3
2017-12-28,4,3,1
2017-12-28,20,10,10
2017-12-28,8,6,2
2017-12-28,14,10,4
2017-12-28,13,8,5
2017-12-28,9,4,5
2017-12-28,11,6,5
2017-12-28,5,1,4
2017-12-28,6,0,6
2017-12-28,2,2,0
2017-12-28,4,2,2
2017-12-29,1,1,0
2017-12-29,5,3,2
2017-12-29,0,0,0
2017-12-29,0,0,0
2017-12-29,0,0,0
2017-12-29,4,0,4
2017-12-29,8,2,6
2017-12-29,7,2,5
2017-12-29,6,2,4
2017-12-29,4,2,2
2017-12-29,6,1,5
2017-12-29,4,1,3
2017-12-29,1,0,1
2017-12-29,7,4,3
2017-12-29,6,3,3
2017-12-29,3,3,0
2017-12-29,13,9,4
2017-12-29,14,9,5
2017-12-29,6,4,2
2017-12-29,6,3,3
2017-12-29,4,3,1
2017-12-29,4,1,3
2017-12-29,5,4,1
2017-12-29,1,1,0
2017-12-30,0,0,0
2017-12-30,2,0,2
2017-12-30,7,2,5
2017-12-30,0,0,0
2017-12-30,0,0,0
2017-12-30,2,0,2
2017-12-30,3,0,3
2017-12-30,3,1,2
2017-12-30,0,0,0
2017-12-30,4,1,3
2017-12-30,7,4,3
2017-12-30,6,5,1
2017-12-30,16,11,5
2017-12-30,12,5,7
2017-12-30,5,2,3
2017-12-30,5,4,1
2017-12-30,13,8,5
2017-12-30,12,6,6
2017-12-30,8,6,2
2017-12-30,8,6,2
2017-12-30,3,1,2
2017-12-30,0,0,0
2017-12-30,3,1,2
2017-12-30,1,1,0
2017-12-31,2,2,0
2017-12-31,5,1,4
2017-12-31,0,0,0
2017-12-31,0,0,0
2017-12-31,0,0,0
2017-12-31,1,1,0
2017-12-31,5,4,1
2017-12-31,2,1,1
2017-12-31,1,1,0
2017-12-31,7,5,2
2017-12-31,6,0,6
2017-12-31,7,4,3
2017-12-31,7,3,4
2017-12-31,6,3,3
2017-12-31,9,6,3
2017-12-31,13,8,5
2017-12-31,13,4,9
2017-12-31,8,4,4
2017-12-31,8,1,7
2017-12-31,5,3,2
2017-12-31,6,4,2
2017-12-31,1,1,0
2017-12-31,7,3,4
2017-12-31,2,0,2
2018-01-01,2,0,2
2018-01-01,4,1,3
2018-01-01,2,2,0
2018-01-01,2,0,2
2018-01-01,1,1,0
2018-01-01,0,0,0
2018-01-01,0,0,0
2018-01-01,6,4,2
2018-01-01,2,2,0
2018-01-01,2,0,2
2018-01-01,0,0,0
2018-01-01,5,2,3
2018-01-01,11,6,5
2018-01-01,10,4,6
2018-01-01,14,8,6
2018-01-01,11,5,6
2018-01-01,13,11,2
2018-01-01,13,11,2
2018-01-01,12,1,11
2018-01-01,0,0,0
2018-01-01,2,0,2
2018-01-01,2,0,2
2018-01-01,3,0,3
2018-01-01,0,0,0
2018-01-02,0,0,0
2018-01-02,1,1,0
2018-01-02,0,0,0
2018-01-02,0,0,0
2018-01-02,2,0,2
2018-01-02,4,1,3
2018-01-02,7,2,5
2018-01-02,25,5,20
2018-01-02,30,6,24
2018-01-02,13,6,7
2018-01-02,10,4,6
2018-01-02,8,4,4
2018-01-02,14,8,6
2018-01-02,12,6,6
2018-01-02,19,9,10
2018-01-02,17,12,5
2018-01-02,26,21,5
2018-01-02,32,21,11
2018-01-02,26,18,8
2018-01-02,15,8,7
2018-01-02,11,8,3
2018-01-02,6,1,5
2018-01-02,2,1,1
2018-01-02,4,3,1
2018-01-03,7,5,2
2018-01-03,2,0,2
2018-01-03,0,0,0
2018-01-03,0,0,0
2018-01-03,0,0,0
2018-01-03,3,0,3
2018-01-03,6,1,5
2018-01-03,35,6,29
2018-01-03,20,5,15
2018-01-03,15,5,10
2018-01-03,11,6,5
2018-01-03,8,4,4
2018-01-03,9,7,2
2018-01-03,12,5,7
2018-01-03,19,10,9
2018-01-03,12,7,5
2018-01-03,29,21,8
2018-01-03,37,22,15
2018-01-03,33,16,17
2018-01-03,19,5,14
2018-01-03,5,1,4
2018-01-03,7,3,4
2018-01-03,6,2,4
2018-01-03,4,3,1
2018-01-04,0,0,0
2018-01-04,1,1,0
2018-01-04,0,0,0
2018-01-04,0,0,0
2018-01-04,2,0,2
2018-01-04,4,0,4
2018-01-04,12,4,8
2018-01-04,26,3,23
2018-01-04,22,8,14
2018-01-04,18,5,13
2018-01-04,5,3,2
2018-01-04,14,7,7
2018-01-04,14,7,7
2018-01-04,11,4,7
2018-01-04,10,5,5
2018-01-04,18,11,7
2018-01-04,20,14,6
2018-01-04,47,25,22
2018-01-04,31,13,18
2018-01-04,18,5,13
2018-01-04,13,6,7
2018-01-04,7,3,4
2018-01-04,3,1,2
2018-01-04,1,0,1
2018-01-05,1,0,1
2018-01-05,1,1,0
2018-01-05,0,0,0
2018-01-05,0,0,0
2018-01-05,1,0,1
2018-01-05,5,1,4
2018-01-05,9,2,7
2018-01-05,20,6,14
2018-01-05,16,5,11
2018-01-05,11,4,7
2018-01-05,10,4,6
2018-01-05,8,3,5
2018-01-05,7,4,3
2018-01-05,6,0,6
2018-01-05,10,6,4
2018-01-05,10,9,1
2018-01-05,21,13,8
2018-01-05,30,17,13
2018-01-05,27,15,12
2018-01-05,17,12,5
2018-01-05,14,5,9
2018-01-05,3,0,3
2018-01-05,4,1,3
2018-01-05,2,0,2
2018-01-06,0,0,0
2018-01-06,4,3,1
2018-01-06,0,0,0
2018-01-06,0,0,0
2018-01-06,0,0,0
2018-01-06,2,0,2
2018-01-06,5,1,4
2018-01-06,5,4,1
2018-01-06,9,6,3
2018-01-06,3,1,2
2018-01-06,2,1,1
2018-01-06,3,3,0
2018-01-06,7,2,5
2018-01-06,5,3,2
2018-01-06,6,3,3
2018-01-06,8,2,6
2018-01-06,11,7,4
2018-01-06,15,8,7
2018-01-06,9,5,4
2018-01-06,9,7,2
2018-01-06,6,2,4
2018-01-06,4,2,2
2018-01-06,3,2,1
2018-01-06,4,3,1
2018-01-07,3,1,2
2018-01-07,6,2,4
2018-01-07,0,0,0
2018-01-07,0,0,0
2018-01-07,0,0,0
2018-01-07,1,0,1
2018-01-07,7,0,7
2018-01-07,4,3,1
2018-01-07,5,3,2
2018-01-07,5,2,3
2018-01-07,8,4,4
2018-01-07,3,2,1
2018-01-07,4,2,2
2018-01-07,7,2,5
2018-01-07,8,2,6
2018-01-07,9,2,7
2018-01-07,10,6,4
2018-01-07,7,1,6
2018-01-07,7,3,4
2018-01-07,9,7,2
2018-01-07,2,2,0
2018-01-07,2,0,2
2018-01-07,2,2,0
2018-01-07,0,0,0
2018-01-08,1,0,1
2018-01-08,0,0,0
2018-01-08,0,0,0
2018-01-08,2,2,0
2018-01-08,2,0,2
2018-01-08,3,0,3
2018-01-08,6,2,4
2018-01-08,24,3,21
2018-01-08,24,7,17
2018-01-08,8,3,5
2018-01-08,15,3,12
2018-01-08,4,1,3
2018-01-08,5,1,4
2018-01-08,6,2,4
2018-01-08,16,10,6
2018-01-08,17,14,3
2018-01-08,25,15,10
2018-01-08,36,26,10
2018-01-08,24,11,13
2018-01-08,18,8,10
2018-01-08,11,3,8
2018-01-08,11,3,8
2018-01-08,5,5,0
2018-01-08,2,1,1
2018-01-09,5,3,2
2018-01-09,1,1,0
2018-01-09,1,1,0
2018-01-09,0,0,0
2018-01-09,1,0,1
2018-01-09,2,0,2
2018-01-09,6,1,5
2018-01-09,20,7,13
2018-01-09,30,8,22
2018-01-09,17,7,10
2018-01-09,11,6,5
2018-01-09,8,2,6
2018-01-09,10,7,3
2018-01-09,10,6,4
2018-01-09,11,4,7
2018-01-09,8,5,3
2018-01-09,21,16,5
2018-01-09,35,20,15
2018-01-09,28,15,13
2018-01-09,10,4,6
2018-01-09,9,7,2
2018-01-09,7,4,3
2018-01-09,4,2,2
2018-01-09,2,1,1
2018-01-10,3,1,2
2018-01-10,1,1,0
2018-01-10,0,0,0
2018-01-10,0,0,0
2018-01-10,1,0,1
2018-01-10,3,0,3
2018-01-10,7,1,6
2018-01-10,22,2,20
2018-01-10,20,4,16
2018-01-10,19,7,12
2018-01-10,15,10,5
2018-01-10,14,8,6
2018-01-10,21,10,11
2018-01-10,13,4,9
2018-01-10,21,10,11
2018-01-10,15,6,9
2018-01-10,22,13,9
2018-01-10,38,21,17
2018-01-10,33,16,17
2018-01-10,14,7,7
2018-01-10,19,10,9
2018-01-10,9,1,8
2018-01-10,6,1,5
2018-01-10,4,2,2
2018-01-11,4,2,2
2018-01-11,2,1,1
2018-01-11,1,0,1
2018-01-11,0,0,0
2018-01-11,3,1,2
2018-01-11,3,1,2
2018-01-11,3,0,3
2018-01-11,14,5,9
2018-01-11,11,4,7
2018-01-11,9,3,6
2018-01-11,10,3,7
2018-01-11,4,2,2
2018-01-11,8,2,6
2018-01-11,6,2,4
2018-01-11,8,6,2
2018-01-11,11,7,4
2018-01-11,18,13,5
2018-01-11,21,9,12
2018-01-11,26,13,13
2018-01-11,25,17,8
2018-01-11,9,7,2
2018-01-11,2,0,2
2018-01-11,3,2,1
2018-01-11,4,1,3
2018-01-12,6,3,3
2018-01-12,4,2,2
2018-01-12,1,1,0
2018-01-12,1,0,1
2018-01-12,2,0,2
2018-01-12,4,2,2
2018-01-12,10,0,10
2018-01-12,26,9,17
2018-01-12,23,7,16
2018-01-12,10,1,9
2018-01-12,3,2,1
2018-01-12,14,5,9
2018-01-12,14,8,6
2018-01-12,11,3,8
2018-01-12,9,4,5
2018-01-12,17,9,8
2018-01-12,18,12,6
2018-01-12,26,15,11
2018-01-12,21,10,11
2018-01-12,26,13,13
2018-01-12,5,3,2
2018-01-12,3,2,1
2018-01-12,5,2,3
2018-01-12,11,6,5
2018-01-13,3,1,2
2018-01-13,7,1,6
2018-01-13,1,1,0
2018-01-13,0,0,0
2018-01-13,1,1,0
2018-01-13,4,1,3
2018-01-13,4,0,4
2018-01-13,5,3,2
2018-01-13,4,3,1
2018-01-13,4,3,1
2018-01-13,3,3,0
2018-01-13,2,0,2
2018-01-13,8,4,4
2018-01-13,8,3,5
2018-01-13,12,9,3
2018-01-13,13,5,8
2018-01-13,15,9,6
2018-01-13,10,4,6
2018-01-13,12,2,10
2018-01-13,15,6,9
2018-01-13,8,5,3
2018-01-13,6,4,2
2018-01-13,6,5,1
2018-01-13,2,2,0
2018-01-14,3,2,1
2018-01-14,5,0,5
2018-01-14,7,2,5
2018-01-14,1,1,0
2018-01-14,1,1,0
2018-01-14,0,0,0
2018-01-14,8,0,8
2018-01-14,6,4,2
2018-01-14,3,3,0
2018-01-14,6,3,3
2018-01-14,7,5,2
2018-01-14,17,10,7
2018-01-14,9,2,7
2018-01-14,16,11,5
2018-01-14,8,6,2
2018-01-14,18,8,10
2018-01-14,25,12,13
2018-01-14,14,5,9
2018-01-14,15,7,8
2018-01-14,12,6,6
2018-01-14,10,6,4
2018-01-14,7,6,1
2018-01-14,6,0,6
2018-01-14,6,2,4
2018-01-15,4,0,4
2018-01-15,0,0,0
2018-01-15,1,0,1
2018-01-15,0,0,0
2018-01-15,1,0,1
2018-01-15,4,2,2
2018-01-15,2,0,2
2018-01-15,18,5,13
2018-01-15,15,6,9
2018-01-15,6,4,2
2018-01-15,10,6,4
2018-01-15,10,3,7
2018-01-15,17,9,8
2018-01-15,20,16,4
2018-01-15,11,8,3
2018-01-15,4,2,2
2018-01-15,26,17,9
2018-01-15,18,11,7
2018-01-15,22,8,14
2018-01-15,19,9,10
2018-01-15,3,1,2
2018-01-15,12,4,8
2018-01-15,1,1,0
2018-01-15,1,1,0
2018-01-16,3,1,2
2018-01-16,0,0,0
2018-01-16,0,0,0
2018-01-16,0,0,0
2018-01-16,2,0,2
2018-01-16,4,0,4
2018-01-16,9,0,9
2018-01-16,23,5,18
2018-01-16,32,9,23
2018-01-16,20,5,15
2018-01-16,15,2,13
2018-01-16,9,5,4
2018-01-16,15,5,10
2018-01-16,11,6,5
2018-01-16,15,9,6
2018-01-16,15,10,5
2018-01-16,22,10,12
2018-01-16,32,19,13
2018-01-16,31,19,12
2018-01-16,21,10,11
2018-01-16,16,7,9
2018-01-16,13,5,8
2018-01-16,4,1,3
2018-01-16,3,1,2
2018-01-17,1,1,0
2018-01-17,0,0,0
2018-01-17,0,0,0
2018-01-17,0,0,0
2018-01-17,0,0,0
2018-01-17,3,0,3
2018-01-17,4,0,4
2018-01-17,22,4,18
2018-01-17,26,8,18
2018-01-17,8,3,5
2018-01-17,6,2,4
2018-01-17,14,11,3
2018-01-17,17,11,6
2018-01-17,22,7,15
2018-01-17,13,4,9
2018-01-17,13,11,2
2018-01-17,23,17,6
2018-01-17,23,13,10
2018-01-17,26,13,13
2018-01-17,6,2,4
2018-01-17,10,3,7
2018-01-17,12,1,11
2018-01-17,3,2,1
2018-01-17,2,1,1
2018-01-18,0,0,0
2018-01-18,1,0,1
2018-01-18,1,1,0
2018-01-18,0,0,0
2018-01-18,0,0,0
2018-01-18,2,0,2
2018-01-18,9,1,8
2018-01-18,16,6,10
2018-01-18,32,10,22
2018-01-18,13,3,10
2018-01-18,11,5,6
2018-01-18,15,8,7
2018-01-18,15,5,10
2018-01-18,8,4,4
2018-01-18,9,3,6
2018-01-18,12,8,4
2018-01-18,21,14,7
2018-01-18,40,24,16
2018-01-18,28,11,17
2018-01-18,17,11,6
2018-01-18,9,6,3
2018-01-18,5,1,4
2018-01-18,3,2,1
2018-01-18,4,1,3
2018-01-19,1,1,0
2018-01-19,0,0,0
2018-01-19,1,0,1
2018-01-19,0,0,0
2018-01-19,0,0,0
2018-01-19,1,0,1
2018-01-19,6,1,5
2018-01-19,16,2,14
2018-01-19,23,5,18
2018-01-19,18,4,14
2018-01-19,10,5,5
2018-01-19,8,3,5
2018-01-19,14,7,7
2018-01-19,12,6,6
2018-01-19,10,4,6
2018-01-19,15,9,6
2018-01-19,18,14,4
2018-01-19,28,18,10
2018-01-19,19,7,12
2018-01-19,21,11,10
2018-01-19,16,5,11
2018-01-19,8,2,6
2018-01-19,2,2,0
2018-01-19,1,1,0
2018-01-20,0,0,0
2018-01-20,1,0,1
2018-01-20,2,2,0
2018-01-20,0,0,0
2018-01-20,0,0,0
2018-01-20,0,0,0
2018-01-20,5,1,4
2018-01-20,8,5,3
2018-01-20,7,5,2
2018-01-20,12,10,2
2018-01-20,8,4,4
2018-01-20,10,3,7
2018-01-20,15,13,2
2018-01-20,13,7,6
2018-01-20,13,5,8
2018-01-20,13,3,10
2018-01-20,12,7,5
2018-01-20,10,3,7
2018-01-20,16,5,11
2018-01-20,11,5,6
2018-01-20,11,7,4
2018-01-20,6,1,5
2018-01-20,4,1,3
2018-01-20,1,0,1
2018-01-21,6,1,5
2018-01-21,5,1,4
2018-01-21,0,0,0
2018-01-21,1,0,1
2018-01-21,1,0,1
2018-01-21,2,1,1
2018-01-21,4,0,4
2018-01-21,5,2,3
2018-01-21,1,1,0
2018-01-21,4,2,2
2018-01-21,5,1,4
2018-01-21,3,0,3
2018-01-21,9,4,5
2018-01-21,12,10,2
2018-01-21,8,2,6
2018-01-21,4,4,0
2018-01-21,5,3,2
2018-01-21,6,4,2
2018-01-21,7,2,5
2018-01-21,10,6,4
2018-01-21,5,2,3
2018-01-21,4,2,2
2018-01-21,0,0,0
2018-01-21,0,0,0
2018-01-22,3,2,1
2018-01-22,0,0,0
2018-01-22,1,0,1
2018-01-22,1,0,1
2018-01-22,0,0,0
2018-01-22,3,0,3
2018-01-22,11,2,9
2018-01-22,30,7,23
2018-01-22,30,9,21
2018-01-22,23,7,16
2018-01-22,7,4,3
2018-01-22,11,6,5
2018-01-22,10,7,3
2018-01-22,14,7,7
2018-01-22,11,6,5
2018-01-22,12,7,5
2018-01-22,37,27,10
2018-01-22,39,22,17
2018-01-22,26,16,10
2018-01-22,16,8,8
2018-01-22,10,5,5
2018-01-22,3,0,3
2018-01-22,5,4,1
2018-01-22,5,4,1
2018-01-23,2,1,1
2018-01-23,0,0,0
2018-01-23,1,0,1
2018-01-23,0,0,0
2018-01-23,2,1,1
2018-01-23,5,0,5
2018-01-23,7,1,6
2018-01-23,23,4,19
2018-01-23,23,5,18
2018-01-23,10,1,9
2018-01-23,9,6,3
2018-01-23,2,0,2
2018-01-23,8,4,4
2018-01-23,6,2,4
2018-01-23,17,11,6
2018-01-23,5,4,1
2018-01-23,13,10,3
2018-01-23,35,21,14
2018-01-23,24,12,12
2018-01-23,13,10,3
2018-01-23,8,4,4
2018-01-23,7,2,5
2018-01-23,3,1,2
2018-01-23,0,0,0
2018-01-24,1,1,0
2018-01-24,1,0,1
2018-01-24,2,1,1
2018-01-24,0,0,0
2018-01-24,0,0,0
2018-01-24,4,0,4
2018-01-24,7,0,7
2018-01-24,25,6,19
2018-01-24,26,7,19
2018-01-24,12,3,9
2018-01-24,14,6,8
2018-01-24,9,5,4
2018-01-24,8,5,3
2018-01-24,6,2,4
2018-01-24,11,6,5
2018-01-24,7,6,1
2018-01-24,22,19,3
2018-01-24,22,11,11
2018-01-24,27,15,12
2018-01-24,17,6,11
2018-01-24,11,5,6
2018-01-24,11,2,9
2018-01-24,5,2,3
2018-01-24,6,3,3
2018-01-25,3,3,0
2018-01-25,2,0,2
2018-01-25,2,1,1
2018-01-25,0,0,0
2018-01-25,2,0,2
2018-01-25,4,0,4
2018-01-25,7,1,6
2018-01-25,27,8,19
2018-01-25,19,5,14
2018-01-25,13,3,10
2018-01-25,9,3,6
2018-01-25,11,5,6
2018-01-25,15,3,12
2018-01-25,9,4,5
2018-01-25,12,9,3
2018-01-25,17,8,9
2018-01-25,17,12,5
2018-01-25,39,24,15
2018-01-25,34,14,20
2018-01-25,17,9,8
2018-01-25,7,5,2
2018-01-25,11,7,4
2018-01-25,8,5,3
2018-01-25,1,0,1
2018-01-26,1,0,1
2018-01-26,1,1,0
2018-01-26,0,0,0
2018-01-26,1,0,1
2018-01-26,2,2,0
2018-01-26,2,0,2
2018-01-26,8,1,7
2018-01-26,22,3,19
2018-01-26,26,8,18
2018-01-26,10,3,7
2018-01-26,8,3,5
2018-01-26,10,7,3
2018-01-26,13,3,10
2018-01-26,10,6,4
2018-01-26,12,5,7
2018-01-26,14,6,8
2018-01-26,25,18,7
2018-01-26,39,20,19
2018-01-26,30,14,16
2018-01-26,13,5,8
2018-01-26,8,2,6
2018-01-26,5,1,4
2018-01-26,3,0,3
2018-01-26,2,0,2
2018-01-27,5,2,3
2018-01-27,6,1,5
2018-01-27,1,0,1
2018-01-27,0,0,0
2018-01-27,1,1,0
2018-01-27,2,0,2
2018-01-27,2,0,2
2018-01-27,7,3,4
2018-01-27,2,1,1
2018-01-27,3,3,0
2018-01-27,3,1,2
2018-01-27,5,0,5
2018-01-27,8,2,6
2018-01-27,6,5,1
2018-01-27,5,2,3
2018-01-27,8,5,3
2018-01-27,7,5,2
2018-01-27,3,1,2
2018-01-27,9,1,8
2018-01-27,5,1,4
2018-01-27,5,4,1
2018-01-27,4,2,2
2018-01-27,5,2,3
2018-01-27,3,2,1
2018-01-28,6,3,3
2018-01-28,6,3,3
2018-01-28,3,3,0
2018-01-28,1,0,1
2018-01-28,0,0,0
2018-01-28,3,0,3
2018-01-28,5,0,5
2018-01-28,3,3,0
2018-01-28,5,3,2
2018-01-28,5,4,1
2018-01-28,9,5,4
2018-01-28,7,3,4
2018-01-28,6,2,4
2018-01-28,10,6,4
2018-01-28,8,3,5
2018-01-28,7,5,2
2018-01-28,17,7,10
2018-01-28,9,3,6
2018-01-28,9,4,5
2018-01-28,6,3,3
2018-01-28,12,5,7
2018-01-28,6,1,5
2018-01-28,4,1,3
2018-01-28,5,2,3
2018-01-29,1,0,1
2018-01-29,1,0,1
2018-01-29,0,0,0
2018-01-29,0,0,0
2018-01-29,2,1,1
2018-01-29,3,0,3
2018-01-29,3,0,3
2018-01-29,16,3,13
2018-01-29,34,8,26
2018-01-29,11,4,7
2018-01-29,10,4,6
2018-01-29,1,1,0
2018-01-29,6,2,4
2018-01-29,8,2,6
2018-01-29,10,6,4
2018-01-29,5,3,2
2018-01-29,10,9,1
2018-01-29,34,23,11
2018-01-29,19,9,10
2018-01-29,17,6,11
2018-01-29,12,7,5
2018-01-29,9,1,8
2018-01-29,3,2,1
2018-01-29,1,1,0
2018-01-30,2,2,0
2018-01-30,1,0,1
2018-01-30,0,0,0
2018-01-30,0,0,0
2018-01-30,1,0,1
2018-01-30,4,0,4
2018-01-30,11,1,10
2018-01-30,23,7,16
2018-01-30,28,8,20
2018-01-30,15,5,10
2018-01-30,20,9,11
2018-01-30,15,4,11
2018-01-30,15,10,5
2018-01-30,14,4,10
2018-01-30,15,11,4
2018-01-30,18,7,11
2018-01-30,27,19,8
2018-01-30,45,26,19
2018-01-30,29,15,14
2018-01-30,22,12,10
2018-01-30,11,4,7
2018-01-30,8,2,6
2018-01-30,3,1,2
2018-01-30,1,0,1
2018-01-31,0,0,0
2018-01-31,1,1,0
2018-01-31,1,1,0
2018-01-31,0,0,0
2018-01-31,0,0,0
2018-01-31,5,0,5
2018-01-31,7,1,6
2018-01-31,27,3,24
2018-01-31,32,12,20
2018-01-31,12,5,7
2018-01-31,6,3,3
2018-01-31,11,5,6
2018-01-31,8,0,8
2018-01-31,14,7,7
2018-01-31,17,6,11
2018-01-31,14,9,5
2018-01-31,24,20,4
2018-01-31,29,16,13
2018-01-31,31,16,15
2018-01-31,15,5,10
2018-01-31,19,6,13
2018-01-31,10,3,7
2018-01-31,11,8,3
2018-01-31,2,2,0
2018-02-01,3,2,1
2018-02-01,0,0,0
2018-02-01,1,1,0
2018-02-01,1,1,0
2018-02-01,2,1,1
2018-02-01,5,0,5
2018-02-01,9,0,9
2018-02-01,17,6,11
2018-02-01,23,3,20
2018-02-01,13,1,12
2018-02-01,11,4,7
2018-02-01,9,5,4
2018-02-01,15,6,9
2018-02-01,3,2,1
2018-02-01,14,9,5
2018-02-01,19,12,7
2018-02-01,20,14,6
2018-02-01,38,27,11
2018-02-01,18,10,8
2018-02-01,17,9,8
2018-02-01,10,5,5
2018-02-01,7,4,3
2018-02-01,5,3,2
2018-02-01,6,2,4
2018-02-02,1,1,0
2018-02-02,1,1,0
2018-02-02,0,0,0
2018-02-02,0,0,0
2018-02-02,2,0,2
2018-02-02,3,0,3
2018-02-02,8,0,8
2018-02-02,15,2,13
2018-02-02,24,5,19
2018-02-02,16,4,12
2018-02-02,7,3,4
2018-02-02,2,1,1
2018-02-02,12,7,5
2018-02-02,12,8,4
2018-02-02,17,10,7
2018-02-02,19,14,5
2018-02-02,21,12,9
2018-02-02,30,18,12
2018-02-02,19,11,8
2018-02-02,15,11,4
2018-02-02,19,7,12
2018-02-02,9,4,5
2018-02-02,4,2,2
2018-02-02,6,6,0
2018-02-03,3,0,3
2018-02-03,0,0,0
2018-02-03,0,0,0
2018-02-03,1,0,1
2018-02-03,0,0,0
2018-02-03,0,0,0
2018-02-03,5,0,5
2018-02-03,6,3,3
2018-02-03,7,4,3
2018-02-03,1,1,0
2018-02-03,11,4,7
2018-02-03,5,3,2
2018-02-03,11,6,5
2018-02-03,12,6,6
2018-02-03,10,4,6
2018-02-03,6,3,3
2018-02-03,17,8,9
2018-02-03,4,2,2
2018-02-03,11,2,9
2018-02-03,14,8,6
2018-02-03,5,3,2
2018-02-03,1,0,1
2018-02-03,2,2,0
2018-02-03,0,0,0
2018-02-04,3,1,2
2018-02-04,0,0,0
2018-02-04,5,2,3
2018-02-04,1,0,1
2018-02-04,0,0,0
2018-02-04,1,0,1
2018-02-04,4,0,4
2018-02-04,5,2,3
2018-02-04,2,2,0
2018-02-04,2,1,1
2018-02-04,2,2,0
2018-02-04,6,4,2
2018-02-04,15,8,7
2018-02-04,11,7,4
2018-02-04,22,7,15
2018-02-04,22,10,12
2018-02-04,6,2,4
2018-02-04,8,5,3
2018-02-04,13,2,11
2018-02-04,9,6,3
2018-02-04,8,3,5
2018-02-04,1,0,1
2018-02-04,2,2,0
2018-02-04,0,0,0
2018-02-05,0,0,0
2018-02-05,0,0,0
2018-02-05,0,0,0
2018-02-05,0,0,0
2018-02-05,2,0,2
2018-02-05,2,1,1
2018-02-05,11,0,11
2018-02-05,21,2,19
2018-02-05,25,8,17
2018-02-05,18,5,13
2018-02-05,11,7,4
2018-02-05,16,9,7
2018-02-05,6,3,3
2018-02-05,11,6,5
2018-02-05,14,9,5
2018-02-05,24,16,8
2018-02-05,21,15,6
2018-02-05,45,31,14
2018-02-05,22,11,11
2018-02-05,18,6,12
2018-02-05,9,1,8
2018-02-05,8,1,7
2018-02-05,2,2,0
2018-02-05,2,1,1
2018-02-06,3,2,1
2018-02-06,0,0,0
2018-02-06,0,0,0
2018-02-06,0,0,0
2018-02-06,3,1,2
2018-02-06,7,0,7
2018-02-06,8,0,8
2018-02-06,28,5,23
2018-02-06,31,11,20
2018-02-06,15,4,11
2018-02-06,14,3,11
2018-02-06,13,3,10
2018-02-06,13,5,8
2018-02-06,16,9,7
2018-02-06,14,7,7
2018-02-06,12,8,4
2018-02-06,20,16,4
2018-02-06,46,29,17
2018-02-06,35,13,22
2018-02-06,19,9,10
2018-02-06,18,10,8
2018-02-06,12,2,10
2018-02-06,7,3,4
2018-02-06,3,2,1
2018-02-07,1,1,0
2018-02-07,2,1,1
2018-02-07,0,0,0
2018-02-07,1,0,1
2018-02-07,0,0,0
2018-02-07,3,0,3
2018-02-07,6,1,5
2018-02-07,25,5,20
2018-02-07,35,14,21
2018-02-07,14,10,4
2018-02-07,11,3,8
2018-02-07,9,4,5
2018-02-07,14,5,9
2018-02-07,13,6,7
2018-02-07,12,6,6
2018-02-07,11,5,6
2018-02-07,23,18,5
2018-02-07,45,25,20
2018-02-07,29,15,14
2018-02-07,21,10,11
2018-02-07,14,6,8
2018-02-07,9,4,5
2018-02-07,9,1,8
2018-02-07,7,3,4
2018-02-08,2,2,0
2018-02-08,0,0,0
2018-02-08,0,0,0
2018-02-08,1,0,1
2018-02-08,1,0,1
2018-02-08,5,0,5
2018-02-08,12,1,11
2018-02-08,19,1,18
2018-02-08,23,9,14
2018-02-08,19,8,11
2018-02-08,12,1,11
2018-02-08,7,2,5
2018-02-08,12,5,7
2018-02-08,10,8,2
2018-02-08,16,8,8
2018-02-08,17,12,5
2018-02-08,30,20,10
2018-02-08,31,20,11
2018-02-08,27,16,11
2018-02-08,18,10,8
2018-02-08,19,10,9
2018-02-08,8,4,4
2018-02-08,4,1,3
2018-02-08,8,3,5
2018-02-09,2,2,0
2018-02-09,0,0,0
2018-02-09,1,0,1
2018-02-09,1,0,1
2018-02-09,0,0,0
2018-02-09,3,1,2
2018-02-09,12,0,12
2018-02-09,17,3,14
2018-02-09,25,10,15
2018-02-09,11,4,7
2018-02-09,12,3,9
2018-02-09,5,1,4
2018-02-09,16,10,6
2018-02-09,17,8,9
2018-02-09,17,10,7
2018-02-09,13,5,8
2018-02-09,23,13,10
2018-02-09,44,25,19
2018-02-09,13,8,5
2018-02-09,22,6,16
2018-02-09,13,6,7
2018-02-09,6,4,2
2018-02-09,8,5,3
2018-02-09,5,3,2
2018-02-10,4,1,3
2018-02-10,1,1,0
2018-02-10,1,0,1
2018-02-10,0,0,0
2018-02-10,0,0,0
2018-02-10,0,0,0
2018-02-10,8,1,7
2018-02-10,3,1,2
2018-02-10,4,4,0
2018-02-10,3,3,0
2018-02-10,9,5,4
2018-02-10,10,3,7
2018-02-10,19,8,11
2018-02-10,20,11,9
2018-02-10,17,6,11
2018-02-10,15,7,8
2018-02-10,26,19,7
2018-02-10,18,11,7
2018-02-10,16,4,12
2018-02-10,10,9,1
2018-02-10,12,6,6
2018-02-10,6,3,3
2018-02-10,5,2,3
2018-02-10,6,3,3
2018-02-11,9,2,7
2018-02-11,6,0,6
2018-02-11,2,1,1
2018-02-11,0,0,0
2018-02-11,0,0,0
2018-02-11,2,0,2
2018-02-11,7,0,7
2018-02-11,5,3,2
2018-02-11,3,1,2
2018-02-11,7,6,1
2018-02-11,9,7,2
2018-02-11,18,10,8
2018-02-11,17,11,6
2018-02-11,29,13,16
2018-02-11,22,9,13
2018-02-11,22,13,9
2018-02-11,21,12,9
2018-02-11,10,4,6
2018-02-11,19,10,9
2018-02-11,5,2,3
2018-02-11,8,4,4
2018-02-11,4,1,3
2018-02-11,1,0,1
2018-02-11,2,1,1
2018-02-12,1,0,1
2018-02-12,1,1,0
2018-02-12,1,1,0
2018-02-12,2,0,2
2018-02-12,0,0,0
2018-02-12,2,0,2
2018-02-12,6,0,6
2018-02-12,23,5,18
2018-02-12,24,9,15
2018-02-12,11,2,9
2018-02-12,13,8,5
2018-02-12,7,3,4
2018-02-12,15,4,11
2018-02-12,12,10,2
2018-02-12,14,8,6
2018-02-12,13,9,4
2018-02-12,20,11,9
2018-02-12,38,25,13
2018-02-12,25,15,10
2018-02-12,27,13,14
2018-02-12,14,4,10
2018-02-12,8,2,6
2018-02-12,4,1,3
2018-02-12,2,1,1
2018-02-13,2,2,0
2018-02-13,0,0,0
2018-02-13,0,0,0
2018-02-13,1,0,1
2018-02-13,1,0,1
2018-02-13,2,0,2
2018-02-13,10,0,10
2018-02-13,18,5,13
2018-02-13,31,6,25
2018-02-13,16,4,12
2018-02-13,14,4,10
2018-02-13,13,4,9
2018-02-13,17,6,11
2018-02-13,12,6,6
2018-02-13,18,9,9
2018-02-13,16,5,11
2018-02-13,26,16,10
2018-02-13,54,32,22
2018-02-13,32,17,15
2018-02-13,22,14,8
2018-02-13,15,4,11
2018-02-13,10,5,5
2018-02-13,8,3,5
2018-02-13,4,2,2
2018-02-14,2,1,1
2018-02-14,2,1,1
2018-02-14,0,0,0
2018-02-14,0,0,0
2018-02-14,1,0,1
2018-02-14,5,0,5
2018-02-14,13,1,12
2018-02-14,20,2,18
2018-02-14,22,7,15
2018-02-14,15,6,9
2018-02-14,15,4,11
2018-02-14,12,7,5
2018-02-14,18,6,12
2018-02-14,19,10,9
2018-02-14,16,7,9
2018-02-14,16,8,8
2018-02-14,26,17,9
2018-02-14,42,23,19
2018-02-14,23,9,14
2018-02-14,15,10,5
2018-02-14,13,8,5
2018-02-14,13,5,8
2018-02-14,8,2,6
2018-02-14,4,3,1
2018-02-15,1,1,0
2018-02-15,1,1,0
2018-02-15,0,0,0
2018-02-15,0,0,0
2018-02-15,2,0,2
2018-02-15,6,1,5
2018-02-15,12,1,11
2018-02-15,25,4,21
2018-02-15,27,10,17
2018-02-15,18,6,12
2018-02-15,14,1,13
2018-02-15,15,7,8
2018-02-15,11,6,5
2018-02-15,8,2,6
2018-02-15,20,8,12
2018-02-15,13,12,1
2018-02-15,23,10,13
2018-02-15,36,21,15
2018-02-15,31,10,21
2018-02-15,20,7,13
2018-02-15,15,9,6
2018-02-15,7,4,3
2018-02-15,10,7,3
2018-02-15,7,3,4
2018-02-16,3,2,1
2018-02-16,3,1,2
2018-02-16,2,2,0
2018-02-16,0,0,0
2018-02-16,2,0,2
2018-02-16,4,0,4
2018-02-16,12,0,12
2018-02-16,22,6,16
2018-02-16,23,5,18
2018-02-16,18,5,13
2018-02-16,10,2,8
2018-02-16,13,8,5
2018-02-16,11,6,5
2018-02-16,15,5,10
2018-02-16,14,7,7
2018-02-16,15,7,8
2018-02-16,21,15,6
2018-02-16,18,13,5
2018-02-16,19,9,10
2018-02-16,25,16,9
2018-02-16,5,4,1
2018-02-16,10,5,5
2018-02-16,4,2,2
2018-02-16,3,2,1
2018-02-17,2,2,0
2018-02-17,2,0,2
2018-02-17,0,0,0
2018-02-17,0,0,0
2018-02-17,1,0,1
2018-02-17,0,0,0
2018-02-17,3,0,3
2018-02-17,3,1,2
2018-02-17,3,2,1
2018-02-17,0,0,0
2018-02-17,4,2,2
2018-02-17,4,1,3
2018-02-17,5,5,0
2018-02-17,11,5,6
2018-02-17,11,6,5
2018-02-17,15,8,7
2018-02-17,8,5,3
2018-02-17,9,5,4
2018-02-17,7,2,5
2018-02-17,6,4,2
2018-02-17,10,5,5
2018-02-17,3,2,1
2018-02-17,3,0,3
2018-02-17,9,4,5
2018-02-18,7,5,2
2018-02-18,1,0,1
2018-02-18,10,5,5
2018-02-18,0,0,0
2018-02-18,1,0,1
2018-02-18,1,0,1
2018-02-18,3,0,3
2018-02-18,1,1,0
2018-02-18,1,0,1
2018-02-18,2,0,2
2018-02-18,12,5,7
2018-02-18,8,4,4
2018-02-18,10,6,4
2018-02-18,5,4,1
2018-02-18,7,4,3
2018-02-18,8,4,4
2018-02-18,8,4,4
2018-02-18,12,6,6
2018-02-18,10,3,7
2018-02-18,5,4,1
2018-02-18,8,2,6
2018-02-18,4,2,2
2018-02-18,4,2,2
2018-02-18,1,0,1
2018-02-19,0,0,0
2018-02-19,0,0,0
2018-02-19,1,0,1
2018-02-19,0,0,0
2018-02-19,0,0,0
2018-02-19,3,0,3
2018-02-19,5,0,5
2018-02-19,9,4,5
2018-02-19,9,1,8
2018-02-19,5,0,5
2018-02-19,3,2,1
2018-02-19,4,2,2
2018-02-19,8,2,6
2018-02-19,6,1,5
2018-02-19,8,4,4
2018-02-19,13,8,5
2018-02-19,21,13,8
2018-02-19,19,8,11
2018-02-19,10,2,8
2018-02-19,12,6,6
2018-02-19,7,3,4
2018-02-19,4,3,1
2018-02-19,2,2,0
2018-02-19,2,0,2
2018-02-20,1,1,0
2018-02-20,1,1,0
2018-02-20,1,0,1
2018-02-20,0,0,0
2018-02-20,1,0,1
2018-02-20,3,0,3
2018-02-20,4,0,4
2018-02-20,14,3,11
2018-02-20,27,4,23
2018-02-20,19,10,9
2018-02-20,9,5,4
2018-02-20,11,4,7
2018-02-20,13,2,11
2018-02-20,11,3,8
2018-02-20,17,7,10
2018-02-20,14,9,5
2018-02-20,18,11,7
2018-02-20,40,28,12
2018-02-20,25,9,16
2018-02-20,19,9,10
2018-02-20,12,5,7
2018-02-20,11,4,7
2018-02-20,2,2,0
2018-02-20,4,1,3
2018-02-21,2,2,0
2018-02-21,0,0,0
2018-02-21,0,0,0
2018-02-21,0,0,0
2018-02-21,1,0,1
2018-02-21,1,0,1
2018-02-21,7,0,7
2018-02-21,14,4,10
2018-02-21,20,5,15
2018-02-21,8,3,5
2018-02-21,12,3,9
2018-02-21,6,5,1
2018-02-21,11,3,8
2018-02-21,10,4,6
2018-02-21,15,8,7
2018-02-21,11,3,8
2018-02-21,19,12,7
2018-02-21,29,13,16
2018-02-21,13,6,7
2018-02-21,7,1,6
2018-02-21,18,13,5
2018-02-21,6,1,5
2018-02-21,5,2,3
2018-02-21,6,2,4
2018-02-22,2,2,0
2018-02-22,0,0,0
2018-02-22,0,0,0
2018-02-22,0,0,0
2018-02-22,2,0,2
2018-02-22,3,0,3
2018-02-22,0,0,0
2018-02-22,11,2,9
2018-02-22,4,1,3
2018-02-22,4,2,2
2018-02-22,11,1,10
2018-02-22,6,4,2
2018-02-22,9,5,4
2018-02-22,10,4,6
2018-02-22,14,6,8
2018-02-22,19,9,10
2018-02-22,17,10,7
2018-02-22,26,11,15
2018-02-22,17,11,6
2018-02-22,19,11,8
2018-02-22,9,3,6
2018-02-22,4,1,3
2018-02-22,5,1,4
2018-02-22,8,4,4
2018-02-23,0,0,0
2018-02-23,1,1,0
2018-02-23,0,0,0
2018-02-23,0,0,0
2018-02-23,2,1,1
2018-02-23,1,1,0
2018-02-23,6,0,6
2018-02-23,7,2,5
2018-02-23,10,2,8
2018-02-23,7,1,6
2018-02-23,10,5,5
2018-02-23,8,5,3
2018-02-23,11,7,4
2018-02-23,9,2,7
2018-02-23,7,2,5
2018-02-23,12,6,6
2018-02-23,15,8,7
2018-02-23,16,13,3
2018-02-23,16,8,8
2018-02-23,9,5,4
2018-02-23,3,1,2
2018-02-23,5,2,3
2018-02-23,3,3,0
2018-02-23,11,3,8
2018-02-24,0,0,0
2018-02-24,5,2,3
2018-02-24,0,0,0
2018-02-24,0,0,0
2018-02-24,0,0,0
2018-02-24,1,1,0
2018-02-24,4,0,4
2018-02-24,3,1,2
2018-02-24,3,3,0
2018-02-24,4,1,3
2018-02-24,7,5,2
2018-02-24,6,5,1
2018-02-24,5,4,1
2018-02-24,6,3,3
2018-02-24,5,1,4
2018-02-24,18,11,7
2018-02-24,16,8,8
2018-02-24,16,5,11
2018-02-24,16,5,11
2018-02-24,9,4,5
2018-02-24,11,4,7
2018-02-24,2,0,2
2018-02-24,11,5,6
2018-02-24,4,2,2
2018-02-25,4,4,0
2018-02-25,0,0,0
2018-02-25,2,2,0
2018-02-25,0,0,0
2018-02-25,0,0,0
2018-02-25,1,0,1
2018-02-25,4,0,4
2018-02-25,7,2,5
2018-02-25,5,2,3
2018-02-25,4,0,4
2018-02-25,5,2,3
2018-02-25,4,2,2
2018-02-25,13,5,8
2018-02-25,20,7,13
2018-02-25,21,8,13
2018-02-25,11,3,8
2018-02-25,20,9,11
2018-02-25,12,8,4
2018-02-25,7,3,4
2018-02-25,8,4,4
2018-02-25,7,3,4
2018-02-25,4,1,3
2018-02-25,4,2,2
2018-02-25,3,0,3
2018-02-26,2,1,1
2018-02-26,1,1,0
2018-02-26,1,1,0
2018-02-26,1,1,0
2018-02-26,2,0,2
2018-02-26,2,0,2
2018-02-26,6,0,6
2018-02-26,21,3,18
2018-02-26,24,5,19
2018-02-26,11,5,6
2018-02-26,10,3,7
2018-02-26,5,2,3
2018-02-26,8,5,3
2018-02-26,7,2,5
2018-02-26,17,10,7
2018-02-26,11,9,2
2018-02-26,24,14,10
2018-02-26,40,20,20
2018-02-26,30,16,14
2018-02-26,13,6,7
2018-02-26,20,11,9
2018-02-26,7,2,5
2018-02-26,4,3,1
2018-02-26,3,2,1
2018-02-27,1,1,0
2018-02-27,0,0,0
2018-02-27,1,0,1
2018-02-27,0,0,0
2018-02-27,4,0,4
2018-02-27,3,0,3
2018-02-27,7,1,6
2018-02-27,24,7,17
2018-02-27,26,6,20
2018-02-27,14,5,9
2018-02-27,14,5,9
2018-02-27,12,3,9
2018-02-27,8,6,2
2018-02-27,5,1,4
2018-02-27,12,6,6
2018-02-27,9,5,4
2018-02-27,10,6,4
2018-02-27,34,19,15
2018-02-27,17,8,9
2018-02-27,12,6,6
2018-02-27,10,6,4
2018-02-27,10,5,5
2018-02-27,6,1,5
2018-02-27,5,3,2
2018-02-28,5,4,1
2018-02-28,1,1,0
2018-02-28,0,0,0
2018-02-28,0,0,0
2018-02-28,2,0,2
2018-02-28,2,0,2
2018-02-28,9,0,9
2018-02-28,20,6,14
2018-02-28,19,6,13
2018-02-28,17,2,15
2018-02-28,10,3,7
2018-02-28,15,10,5
2018-02-28,13,4,9
2018-02-28,9,6,3
2018-02-28,14,5,9
2018-02-28,15,8,7
2018-02-28,19,12,7
2018-02-28,32,19,13
2018-02-28,26,15,11
2018-02-28,9,6,3
2018-02-28,12,6,6
2018-02-28,5,0,5
2018-02-28,2,2,0
2018-02-28,4,2,2
2018-03-01,1,1,0
2018-03-01,0,0,0
2018-03-01,0,0,0
2018-03-01,1,0,1
2018-03-01,0,0,0
2018-03-01,3,0,3
2018-03-01,10,0,10
2018-03-01,23,5,18
2018-03-01,22,10,12
2018-03-01,11,5,6
2018-03-01,16,4,12
2018-03-01,11,6,5
2018-03-01,21,7,14
2018-03-01,13,7,6
2018-03-01,20,9,11
2018-03-01,16,7,9
2018-03-01,20,10,10
2018-03-01,38,26,12
2018-03-01,31,17,14
2018-03-01,15,10,5
2018-03-01,18,11,7
2018-03-01,15,12,3
2018-03-01,5,3,2
2018-03-01,10,5,5
2018-03-02,0,0,0
2018-03-02,0,0,0
2018-03-02,0,0,0
2018-03-02,0,0,0
2018-03-02,1,0,1
2018-03-02,0,0,0
2018-03-02,5,0,5
2018-03-02,15,2,13
2018-03-02,20,7,13
2018-03-02,14,4,10
2018-03-02,9,5,4
2018-03-02,11,3,8
2018-03-02,16,11,5
2018-03-02,8,4,4
2018-03-02,14,5,9
2018-03-02,8,5,3
2018-03-02,24,13,11
2018-03-02,35,19,16
2018-03-02,17,8,9
2018-03-02,18,10,8
2018-03-02,15,9,6
2018-03-02,6,3,3
2018-03-02,4,2,2
2018-03-02,14,8,6
2018-03-03,8,3,5
2018-03-03,4,2,2
2018-03-03,1,1,0
2018-03-03,3,1,2
2018-03-03,1,0,1
2018-03-03,0,0,0
2018-03-03,4,0,4
2018-03-03,9,5,4
2018-03-03,3,2,1
2018-03-03,7,3,4
2018-03-03,11,4,7
2018-03-03,10,4,6
2018-03-03,23,12,11
2018-03-03,24,14,10
2018-03-03,20,8,12
2018-03-03,27,12,15
2018-03-03,15,6,9
2018-03-03,13,5,8
2018-03-03,16,4,12
2018-03-03,12,7,5
2018-03-03,7,5,2
2018-03-03,5,1,4
2018-03-03,5,3,2
2018-03-03,5,1,4
2018-03-04,4,0,4
2018-03-04,5,1,4
2018-03-04,0,0,0
2018-03-04,0,0,0
2018-03-04,1,0,1
2018-03-04,0,0,0
2018-03-04,6,0,6
2018-03-04,6,2,4
2018-03-04,7,4,3
2018-03-04,6,2,4
2018-03-04,6,4,2
2018-03-04,8,3,5
2018-03-04,12,6,6
2018-03-04,14,7,7
2018-03-04,12,6,6
2018-03-04,12,4,8
2018-03-04,6,3,3
2018-03-04,10,3,7
2018-03-04,16,10,6
2018-03-04,11,8,3
2018-03-04,3,1,2
2018-03-04,7,1,6
2018-03-04,3,0,3
2018-03-04,3,1,2
2018-03-05,1,0,1
2018-03-05,0,0,0
2018-03-05,0,0,0
2018-03-05,0,0,0
2018-03-05,2,0,2
2018-03-05,4,0,4
2018-03-05,6,0,6
2018-03-05,23,8,15
2018-03-05,30,7,23
2018-03-05,16,2,14
2018-03-05,11,5,6
2018-03-05,11,6,5
2018-03-05,14,5,9
2018-03-05,15,6,9
2018-03-05,18,8,10
2018-03-05,6,5,1
2018-03-05,30,19,11
2018-03-05,36,23,13
2018-03-05,36,19,17
2018-03-05,16,8,8
2018-03-05,10,4,6
2018-03-05,12,7,5
2018-03-05,2,2,0
2018-03-05,3,2,1
2018-03-06,2,1,1
2018-03-06,0,0,0
2018-03-06,1,0,1
2018-03-06,0,0,0
2018-03-06,1,0,1
2018-03-06,7,2,5
2018-03-06,7,0,7
2018-03-06,29,7,22
2018-03-06,30,8,22
2018-03-06,15,6,9
2018-03-06,26,6,20
2018-03-06,12,4,8
2018-03-06,10,7,3
2018-03-06,19,10,9
2018-03-06,21,13,8
2018-03-06,19,7,12
2018-03-06,33,21,12
2018-03-06,50,31,19
2018-03-06,31,11,20
2018-03-06,0,0,0
2018-03-06,0,0,0
2018-03-06,0,0,0
2018-03-06,0,0,0
2018-03-06,0,0,0
2018-03-07,0,0,0
2018-03-07,0,0,0
2018-03-07,0,0,0
2018-03-07,0,0,0
2018-03-07,0,0,0
2018-03-07,0,0,0
2018-03-07,0,0,0
2018-03-07,0,0,0
2018-03-07,0,0,0
2018-03-07,0,0,0
2018-03-07,0,0,0
2018-03-07,0,0,0
2018-03-07,0,0,0
2018-03-07,0,0,0
2018-03-07,0,0,0
2018-03-07,0,0,0
2018-03-07,0,0,0
2018-03-07,2,2,0
2018-03-07,3,1,2
2018-03-07,0,0,0
2018-03-07,0,0,0
2018-03-07,0,0,0
2018-03-07,0,0,0
2018-03-07,0,0,0
2018-03-08,0,0,0
2018-03-08,0,0,0
2018-03-08,0,0,0
2018-03-08,0,0,0
2018-03-08,0,0,0
2018-03-08,0,0,0
2018-03-08,0,0,0
2018-03-08,0,0,0
2018-03-08,0,0,0
2018-03-08,0,0,0
2018-03-08,0,0,0
2018-03-08,0,0,0
2018-03-08,0,0,0
2018-03-08,0,0,0
2018-03-08,0,0,0
2018-03-08,0,0,0
2018-03-08,0,0,0
2018-03-08,0,0,0
2018-03-08,4,2,2
2018-03-08,0,0,0
2018-03-08,4,4,0
2018-03-08,0,0,0
2018-03-08,0,0,0
2018-03-08,0,0,0
2018-03-09,0,0,0
2018-03-09,5,2,3
2018-03-09,0,0,0
2018-03-09,0,0,0
2018-03-09,0,0,0
2018-03-09,0,0,0
2018-03-09,0,0,0
2018-03-09,0,0,0
2018-03-09,0,0,0
2018-03-09,0,0,0
2018-03-09,0,0,0
2018-03-09,1,0,1
2018-03-09,0,0,0
2018-03-09,0,0,0
2018-03-09,0,0,0
2018-03-09,0,0,0
2018-03-09,0,0,0
2018-03-09,0,0,0
2018-03-09,0,0,0
2018-03-09,0,0,0
2018-03-09,0,0,0
2018-03-09,0,0,0
2018-03-09,0,0,0
2018-03-09,0,0,0
2018-03-10,1,0,1
2018-03-10,3,1,2
2018-03-10,0,0,0
2018-03-10,0,0,0
2018-03-10,0,0,0
2018-03-10,0,0,0
2018-03-10,0,0,0
2018-03-10,0,0,0
2018-03-10,0,0,0
2018-03-10,0,0,0
2018-03-10,0,0,0
2018-03-10,0,0,0
2018-03-10,1,0,1
2018-03-10,0,0,0
2018-03-10,0,0,0
2018-03-10,0,0,0
2018-03-10,0,0,0
2018-03-10,0,0,0
2018-03-10,0,0,0
2018-03-10,0,0,0
2018-03-10,0,0,0
2018-03-10,0,0,0
2018-03-10,6,0,6
2018-03-10,0,0,0
2018-03-11,0,0,0
2018-03-11,0,0,0
2018-03-11,,,
2018-03-11,0,0,0
2018-03-11,0,0,0
2018-03-11,0,0,0
2018-03-11,0,0,0
2018-03-11,0,0,0
2018-03-11,0,0,0
2018-03-11,0,0,0
2018-03-11,0,0,0
2018-03-11,0,0,0
2018-03-11,0,0,0
2018-03-11,0,0,0
2018-03-11,0,0,0
2018-03-11,0,0,0
2018-03-11,0,0,0
2018-03-11,0,0,0
2018-03-11,0,0,0
2018-03-11,0,0,0
2018-03-11,0,0,0
2018-03-11,0,0,0
2018-03-11,0,0,0
2018-03-11,0,0,0
2018-03-12,0,0,0
2018-03-12,0,0,0
2018-03-12,0,0,0
2018-03-12,0,0,0
2018-03-12,0,0,0
2018-03-12,0,0,0
2018-03-12,0,0,0
2018-03-12,0,0,0
2018-03-12,0,0,0
2018-03-12,0,0,0
2018-03-12,0,0,0
2018-03-12,0,0,0
2018-03-12,0,0,0
2018-03-12,0,0,0
2018-03-12,0,0,0
2018-03-12,0,0,0
2018-03-12,0,0,0
2018-03-12,0,0,0
2018-03-12,0,0,0
2018-03-12,0,0,0
2018-03-12,4,4,0
2018-03-12,0,0,0
2018-03-12,0,0,0
2018-03-12,0,0,0
2018-03-13,0,0,0
2018-03-13,0,0,0
2018-03-13,0,0,0
2018-03-13,0,0,0
2018-03-13,0,0,0
2018-03-13,0,0,0
2018-03-13,0,0,0
2018-03-13,0,0,0
2018-03-13,0,0,0
2018-03-13,0,0,0
2018-03-13,0,0,0
2018-03-13,0,0,0
2018-03-13,0,0,0
2018-03-13,0,0,0
2018-03-13,0,0,0
2018-03-13,0,0,0
2018-03-13,0,0,0
2018-03-13,0,0,0
2018-03-13,0,0,0
2018-03-13,0,0,0
2018-03-13,0,0,0
2018-03-13,0,0,0
2018-03-13,0,0,0
2018-03-13,0,0,0
2018-03-14,0,0,0
2018-03-14,0,0,0
2018-03-14,0,0,0
2018-03-14,0,0,0
2018-03-14,0,0,0
2018-03-14,0,0,0
2018-03-14,0,0,0
2018-03-14,0,0,0
2018-03-14,0,0,0
2018-03-14,0,0,0
2018-03-14,0,0,0
2018-03-14,0,0,0
2018-03-14,0,0,0
2018-03-14,0,0,0
2018-03-14,0,0,0
2018-03-14,0,0,0
2018-03-14,0,0,0
2018-03-14,0,0,0
2018-03-14,0,0,0
2018-03-14,0,0,0
2018-03-14,1,0,1
2018-03-14,0,0,0
2018-03-14,0,0,0
2018-03-14,0,0,0
2018-03-15,0,0,0
2018-03-15,0,0,0
2018-03-15,0,0,0
2018-03-15,0,0,0
2018-03-15,0,0,0
2018-03-15,0,0,0
2018-03-15,0,0,0
2018-03-15,0,0,0
2018-03-15,0,0,0
2018-03-15,0,0,0
2018-03-15,0,0,0
2018-03-15,0,0,0
2018-03-15,0,0,0
2018-03-15,0,0,0
2018-03-15,0,0,0
2018-03-15,0,0,0
2018-03-15,0,0,0
2018-03-15,0,0,0
2018-03-15,0,0,0
2018-03-15,1,0,1
2018-03-15,0,0,0
2018-03-15,0,0,0
2018-03-15,5,2,3
2018-03-15,0,0,0
2018-03-16,0,0,0
2018-03-16,0,0,0
2018-03-16,0,0,0
2018-03-16,0,0,0
2018-03-16,0,0,0
2018-03-16,0,0,0
2018-03-16,0,0,0
2018-03-16,0,0,0
2018-03-16,0,0,0
2018-03-16,0,0,0
2018-03-16,0,0,0
2018-03-16,0,0,0
2018-03-16,0,0,0
2018-03-16,0,0,0
2018-03-16,0,0,0
2018-03-16,0,0,0
2018-03-16,0,0,0
2018-03-16,0,0,0
2018-03-16,0,0,0
2018-03-16,0,0,0
2018-03-16,0,0,0
2018-03-16,1,1,0
2018-03-16,0,0,0
2018-03-16,0,0,0
2018-03-17,0,0,0
2018-03-17,0,0,0
2018-03-17,0,0,0
2018-03-17,0,0,0
2018-03-17,0,0,0
2018-03-17,0,0,0
2018-03-17,0,0,0
2018-03-17,0,0,0
2018-03-17,0,0,0
2018-03-17,0,0,0
2018-03-17,0,0,0
2018-03-17,0,0,0
2018-03-17,0,0,0
2018-03-17,0,0,0
2018-03-17,0,0,0
2018-03-17,0,0,0
2018-03-17,0,0,0
2018-03-17,0,0,0
2018-03-17,0,0,0
2018-03-17,0,0,0
2018-03-17,0,0,0
2018-03-17,0,0,0
2018-03-17,0,0,0
2018-03-17,1,0,1
2018-03-18,0,0,0
2018-03-18,1,0,1
2018-03-18,0,0,0
2018-03-18,0,0,0
2018-03-18,0,0,0
2018-03-18,0,0,0
2018-03-18,0,0,0
2018-03-18,0,0,0
2018-03-18,0,0,0
2018-03-18,0,0,0
2018-03-18,0,0,0
2018-03-18,0,0,0
2018-03-18,0,0,0
2018-03-18,0,0,0
2018-03-18,0,0,0
2018-03-18,0,0,0
2018-03-18,0,0,0
2018-03-18,0,0,0
2018-03-18,0,0,0
2018-03-18,0,0,0
2018-03-18,0,0,0
2018-03-18,0,0,0
2018-03-18,0,0,0
2018-03-18,0,0,0
2018-03-19,0,0,0
2018-03-19,0,0,0
2018-03-19,0,0,0
2018-03-19,0,0,0
2018-03-19,0,0,0
2018-03-19,0,0,0
2018-03-19,0,0,0
2018-03-19,0,0,0
2018-03-19,0,0,0
2018-03-19,0,0,0
2018-03-19,0,0,0
2018-03-19,0,0,0
2018-03-19,0,0,0
2018-03-19,0,0,0
2018-03-19,0,0,0
2018-03-19,0,0,0
2018-03-19,0,0,0
2018-03-19,0,0,0
2018-03-19,0,0,0
2018-03-19,0,0,0
2018-03-19,1,1,0
2018-03-19,0,0,0
2018-03-19,0,0,0
2018-03-19,0,0,0
2018-03-20,0,0,0
2018-03-20,0,0,0
2018-03-20,0,0,0
2018-03-20,0,0,0
2018-03-20,0,0,0
2018-03-20,0,0,0
2018-03-20,0,0,0
2018-03-20,0,0,0
2018-03-20,0,0,0
2018-03-20,0,0,0
2018-03-20,0,0,0
2018-03-20,0,0,0
2018-03-20,0,0,0
2018-03-20,0,0,0
2018-03-20,0,0,0
2018-03-20,0,0,0
2018-03-20,0,0,0
2018-03-20,0,0,0
2018-03-20,0,0,0
2018-03-20,0,0,0
2018-03-20,1,1,0
2018-03-20,0,0,0
2018-03-20,0,0,0
2018-03-20,0,0,0
2018-03-21,0,0,0
2018-03-21,0,0,0
2018-03-21,0,0,0
2018-03-21,0,0,0
2018-03-21,0,0,0
2018-03-21,0,0,0
2018-03-21,0,0,0
2018-03-21,0,0,0
2018-03-21,0,0,0
2018-03-21,0,0,0
2018-03-21,0,0,0
2018-03-21,0,0,0
2018-03-21,0,0,0
2018-03-21,0,0,0
2018-03-21,0,0,0
2018-03-21,0,0,0
2018-03-21,0,0,0
2018-03-21,0,0,0
2018-03-21,0,0,0
2018-03-21,0,0,0
2018-03-21,0,0,0
2018-03-21,0,0,0
2018-03-21,0,0,0
2018-03-21,0,0,0
2018-03-22,0,0,0
2018-03-22,0,0,0
2018-03-22,0,0,0
2018-03-22,0,0,0
2018-03-22,0,0,0
2018-03-22,0,0,0
2018-03-22,0,0,0
2018-03-22,0,0,0
2018-03-22,0,0,0
2018-03-22,0,0,0
2018-03-22,0,0,0
2018-03-22,0,0,0
2018-03-22,0,0,0
2018-03-22,0,0,0
2018-03-22,0,0,0
2018-03-22,0,0,0
2018-03-22,0,0,0
2018-03-22,0,0,0
2018-03-22,0,0,0
2018-03-22,0,0,0
2018-03-22,0,0,0
2018-03-22,0,0,0
2018-03-22,1,0,1
2018-03-22,0,0,0
2018-03-23,0,0,0
2018-03-23,0,0,0
2018-03-23,0,0,0
2018-03-23,0,0,0
2018-03-23,0,0,0
2018-03-23,0,0,0
2018-03-23,0,0,0
2018-03-23,0,0,0
2018-03-23,0,0,0
2018-03-23,0,0,0
2018-03-23,0,0,0
2018-03-23,0,0,0
2018-03-23,0,0,0
2018-03-23,0,0,0
2018-03-23,0,0,0
2018-03-23,0,0,0
2018-03-23,0,0,0
2018-03-23,1,0,1
2018-03-23,0,0,0
2018-03-23,0,0,0
2018-03-23,0,0,0
2018-03-23,0,0,0
2018-03-23,0,0,0
2018-03-23,0,0,0
2018-03-24,1,0,1
2018-03-24,0,0,0
2018-03-24,0,0,0
2018-03-24,0,0,0
2018-03-24,0,0,0
2018-03-24,0,0,0
2018-03-24,0,0,0
2018-03-24,0,0,0
2018-03-24,0,0,0
2018-03-24,4,3,1
2018-03-24,1,1,0
2018-03-24,0,0,0
2018-03-24,0,0,0
2018-03-24,0,0,0
2018-03-24,0,0,0
2018-03-24,0,0,0
2018-03-24,0,0,0
2018-03-24,0,0,0
2018-03-24,0,0,0
2018-03-24,0,0,0
2018-03-24,0,0,0
2018-03-24,1,1,0
2018-03-24,0,0,0
2018-03-24,0,0,0
2018-03-25,1,0,1
2018-03-25,2,0,2
2018-03-25,0,0,0
2018-03-25,0,0,0
2018-03-25,0,0,0
2018-03-25,0,0,0
2018-03-25,0,0,0
2018-03-25,0,0,0
2018-03-25,0,0,0
2018-03-25,0,0,0
2018-03-25,0,0,0
2018-03-25,0,0,0
2018-03-25,0,0,0
2018-03-25,0,0,0
2018-03-25,0,0,0
2018-03-25,0,0,0
2018-03-25,0,0,0
2018-03-25,0,0,0
2018-03-25,0,0,0
2018-03-25,1,0,1
2018-03-25,0,0,0
2018-03-25,0,0,0
2018-03-25,0,0,0
2018-03-25,0,0,0
2018-03-26,0,0,0
2018-03-26,0,0,0
2018-03-26,0,0,0
2018-03-26,0,0,0
2018-03-26,0,0,0
2018-03-26,0,0,0
2018-03-26,0,0,0
2018-03-26,9,4,5
2018-03-26,17,6,11
2018-03-26,0,0,0
2018-03-26,1,0,1
2018-03-26,0,0,0
2018-03-26,0,0,0
2018-03-26,0,0,0
2018-03-26,0,0,0
2018-03-26,0,0,0
2018-03-26,0,0,0
2018-03-26,1,1,0
2018-03-26,1,1,0
2018-03-26,0,0,0
2018-03-26,1,1,0
2018-03-26,2,2,0
2018-03-26,0,0,0
2018-03-26,0,0,0
2018-03-27,0,0,0
2018-03-27,0,0,0
2018-03-27,0,0,0
2018-03-27,0,0,0
2018-03-27,0,0,0
2018-03-27,1,0,1
2018-03-27,0,0,0
2018-03-27,0,0,0
2018-03-27,0,0,0
2018-03-27,0,0,0
2018-03-27,0,0,0
2018-03-27,0,0,0
2018-03-27,0,0,0
2018-03-27,1,1,0
2018-03-27,1,1,0
2018-03-27,1,1,0
2018-03-27,1,1,0
2018-03-27,8,8,0
2018-03-27,6,6,0
2018-03-27,10,9,1
2018-03-27,2,1,1
2018-03-27,0,0,0
2018-03-27,0,0,0
2018-03-27,0,0,0
2018-03-28,0,0,0
2018-03-28,0,0,0
2018-03-28,0,0,0
2018-03-28,0,0,0
2018-03-28,0,0,0
2018-03-28,0,0,0
2018-03-28,0,0,0
2018-03-28,0,0,0
2018-03-28,1,1,0
2018-03-28,0,0,0
2018-03-28,0,0,0
2018-03-28,0,0,0
2018-03-28,0,0,0
2018-03-28,3,2,1
2018-03-28,1,0,1
2018-03-28,1,0,1
2018-03-28,5,5,0
2018-03-28,4,4,0
2018-03-28,1,1,0
2018-03-28,3,3,0
2018-03-28,1,1,0
2018-03-28,0,0,0
2018-03-28,0,0,0
2018-03-28,0,0,0
2018-03-29,0,0,0
2018-03-29,0,0,0
2018-03-29,0,0,0
2018-03-29,0,0,0
2018-03-29,0,0,0
2018-03-29,0,0,0
2018-03-29,0,0,0
2018-03-29,0,0,0
2018-03-29,1,1,0
2018-03-29,3,3,0
2018-03-29,2,2,0
2018-03-29,1,1,0
2018-03-29,3,3,0
2018-03-29,2,2,0
2018-03-29,1,1,0
2018-03-29,3,3,0
2018-03-29,1,1,0
2018-03-29,6,6,0
2018-03-29,2,2,0
2018-03-29,2,2,0
2018-03-29,1,1,0
2018-03-29,2,2,0
2018-03-29,0,0,0
2018-03-29,0,0,0
2018-03-30,0,0,0
2018-03-30,0,0,0
2018-03-30,3,0,3
2018-03-30,0,0,0
2018-03-30,0,0,0
2018-03-30,0,0,0
2018-03-30,0,0,0
2018-03-30,0,0,0
2018-03-30,1,1,0
2018-03-30,1,0,1
2018-03-30,0,0,0
2018-03-30,1,0,1
2018-03-30,0,0,0
2018-03-30,2,2,0
2018-03-30,1,1,0
2018-03-30,0,0,0
2018-03-30,0,0,0
2018-03-30,0,0,0
2018-03-30,1,0,1
2018-03-30,0,0,0
2018-03-30,1,0,1
2018-03-30,3,0,3
2018-03-30,1,1,0
2018-03-30,1,0,1
2018-03-31,0,0,0
2018-03-31,0,0,0
2018-03-31,2,1,1
2018-03-31,0,0,0
2018-03-31,0,0,0
2018-03-31,0,0,0
2018-03-31,0,0,0
2018-03-31,0,0,0
2018-03-31,0,0,0
2018-03-31,0,0,0
2018-03-31,3,3,0
2018-03-31,5,3,2
2018-03-31,7,7,0
2018-03-31,8,5,3
2018-03-31,1,0,1
2018-03-31,5,2,3
2018-03-31,7,0,7
2018-03-31,4,0,4
2018-03-31,11,4,7
2018-03-31,4,1,3
2018-03-31,8,1,7
2018-03-31,4,0,4
2018-03-31,8,4,4
2018-03-31,2,0,2
2018-04-01,3,1,2
2018-04-01,1,0,1
2018-04-01,4,2,2
2018-04-01,0,0,0
2018-04-01,0,0,0
2018-04-01,0,0,0
2018-04-01,0,0,0
2018-04-01,0,0,0
2018-04-01,1,1,0
2018-04-01,1,1,0
2018-04-01,1,1,0
2018-04-01,1,1,0
2018-04-01,1,1,0
2018-04-01,2,2,0
2018-04-01,0,0,0
2018-04-01,0,0,0
2018-04-01,3,3,0
2018-04-01,1,1,0
2018-04-01,6,5,1
2018-04-01,3,2,1
2018-04-01,0,0,0
2018-04-01,2,0,2
2018-04-01,0,0,0
2018-04-01,0,0,0
2018-04-02,1,1,0
2018-04-02,1,0,1
2018-04-02,0,0,0
2018-04-02,0,0,0
2018-04-02,1,0,1
2018-04-02,0,0,0
2018-04-02,2,0,2
2018-04-02,16,2,14
2018-04-02,15,4,11
2018-04-02,11,0,11
2018-04-02,24,9,15
2018-04-02,7,3,4
2018-04-02,12,5,7
2018-04-02,14,6,8
2018-04-02,26,9,17
2018-04-02,18,11,7
2018-04-02,34,18,16
2018-04-02,41,26,15
2018-04-02,41,23,18
2018-04-02,13,5,8
2018-04-02,23,6,17
2018-04-02,10,7,3
2018-04-02,15,2,13
2018-04-02,4,3,1
2018-04-03,6,3,3
2018-04-03,6,4,2
2018-04-03,1,0,1
2018-04-03,0,0,0
2018-04-03,1,0,1
2018-04-03,0,0,0
2018-04-03,9,1,8
2018-04-03,32,7,25
2018-04-03,33,12,21
2018-04-03,31,12,19
2018-04-03,13,6,7
2018-04-03,10,4,6
2018-04-03,16,5,11
2018-04-03,13,7,6
2018-04-03,20,12,8
2018-04-03,19,13,6
2018-04-03,32,20,12
2018-04-03,48,30,18
2018-04-03,37,18,19
2018-04-03,25,16,9
2018-04-03,21,10,11
2018-04-03,13,8,5
2018-04-03,12,5,7
2018-04-03,2,1,1
2018-04-04,0,0,0
2018-04-04,1,1,0
2018-04-04,1,0,1
2018-04-04,0,0,0
2018-04-04,1,0,1
2018-04-04,3,0,3
2018-04-04,7,1,6
2018-04-04,18,3,15
2018-04-04,32,15,17
2018-04-04,15,2,13
2018-04-04,7,2,5
2018-04-04,11,4,7
2018-04-04,4,0,4
2018-04-04,6,2,4
2018-04-04,11,4,7
2018-04-04,14,11,3
2018-04-04,29,17,12
2018-04-04,40,23,17
2018-04-04,28,18,10
2018-04-04,22,11,11
2018-04-04,10,4,6
2018-04-04,11,2,9
2018-04-04,6,2,4
2018-04-04,2,2,0
2018-04-05,1,1,0
2018-04-05,0,0,0
2018-04-05,0,0,0
2018-04-05,0,0,0
2018-04-05,1,0,1
2018-04-05,5,1,4
2018-04-05,5,0,5
2018-04-05,27,9,18
2018-04-05,22,8,14
2018-04-05,21,10,11
2018-04-05,27,9,18
2018-04-05,3,2,1
2018-04-05,16,7,9
2018-04-05,8,2,6
2018-04-05,15,9,6
2018-04-05,13,8,5
2018-04-05,24,14,10
2018-04-05,36,15,21
2018-04-05,22,7,15
2018-04-05,19,11,8
2018-04-05,7,5,2
2018-04-05,9,4,5
2018-04-05,7,6,1
2018-04-05,5,3,2
2018-04-06,2,1,1
2018-04-06,0,0,0
2018-04-06,0,0,0
2018-04-06,0,0,0
2018-04-06,2,1,1
2018-04-06,1,0,1
2018-04-06,14,1,13
2018-04-06,19,5,14
2018-04-06,17,6,11
2018-04-06,24,10,14
2018-04-06,12,4,8
2018-04-06,15,8,7
2018-04-06,13,6,7
2018-04-06,16,6,10
2018-04-06,13,10,3
2018-04-06,18,14,4
2018-04-06,27,14,13
2018-04-06,45,19,26
2018-04-06,41,18,23
2018-04-06,31,19,12
2018-04-06,22,12,10
2018-04-06,12,7,5
2018-04-06,8,5,3
2018-04-06,13,5,8
2018-04-07,10,1,9
2018-04-07,3,2,1
2018-04-07,4,4,0
2018-04-07,1,0,1
2018-04-07,0,0,0
2018-04-07,2,0,2
2018-04-07,2,1,1
2018-04-07,4,3,1
2018-04-07,7,4,3
2018-04-07,2,0,2
2018-04-07,6,3,3
2018-04-07,8,3,5
2018-04-07,12,5,7
2018-04-07,8,3,5
2018-04-07,16,6,10
2018-04-07,11,3,8
2018-04-07,14,9,5
2018-04-07,15,12,3
2018-04-07,17,12,5
2018-04-07,5,3,2
2018-04-07,9,2,7
2018-04-07,0,0,0
2018-04-07,2,1,1
2018-04-07,1,1,0
2018-04-08,2,1,1
2018-04-08,1,0,1
2018-04-08,2,2,0
2018-04-08,1,1,0
2018-04-08,1,0,1
2018-04-08,2,0,2
2018-04-08,13,2,11
2018-04-08,16,2,14
2018-04-08,8,3,5
2018-04-08,8,4,4
2018-04-08,8,3,5
2018-04-08,12,9,3
2018-04-08,6,4,2
2018-04-08,11,7,4
2018-04-08,11,8,3
2018-04-08,11,6,5
2018-04-08,14,6,8
2018-04-08,14,5,9
2018-04-08,11,4,7
2018-04-08,15,11,4
2018-04-08,8,4,4
2018-04-08,11,2,9
2018-04-08,3,2,1
2018-04-08,3,2,1
2018-04-09,0,0,0
2018-04-09,0,0,0
2018-04-09,8,4,4
2018-04-09,2,2,0
2018-04-09,2,1,1
2018-04-09,5,0,5
2018-04-09,7,0,7
2018-04-09,21,4,17
2018-04-09,23,7,16
2018-04-09,23,11,12
2018-04-09,13,8,5
2018-04-09,5,0,5
2018-04-09,12,8,4
2018-04-09,21,10,11
2018-04-09,19,10,9
2018-04-09,20,13,7
2018-04-09,35,23,12
2018-04-09,45,26,19
2018-04-09,39,17,22
2018-04-09,23,11,12
2018-04-09,15,6,9
2018-04-09,13,1,12
2018-04-09,5,4,1
2018-04-09,2,1,1
2018-04-10,1,1,0
2018-04-10,1,0,1
2018-04-10,0,0,0
2018-04-10,0,0,0
2018-04-10,1,0,1
2018-04-10,5,0,5
2018-04-10,9,2,7
2018-04-10,22,4,18
2018-04-10,18,8,10
2018-04-10,9,3,6
2018-04-10,16,8,8
2018-04-10,14,6,8
2018-04-10,11,6,5
2018-04-10,16,8,8
2018-04-10,13,4,9
2018-04-10,10,7,3
2018-04-10,24,16,8
2018-04-10,32,23,9
2018-04-10,32,11,21
2018-04-10,29,13,16
2018-04-10,13,4,9
2018-04-10,16,8,8
2018-04-10,5,5,0
2018-04-10,3,0,3
2018-04-11,4,2,2
2018-04-11,3,2,1
2018-04-11,1,1,0
2018-04-11,0,0,0
2018-04-11,0,0,0
2018-04-11,3,0,3
2018-04-11,12,2,10
2018-04-11,20,4,16
2018-04-11,34,10,24
2018-04-11,17,8,9
2018-04-11,16,8,8
2018-04-11,8,2,6
2018-04-11,11,6,5
2018-04-11,10,8,2
2018-04-11,11,3,8
2018-04-11,10,6,4
2018-04-11,20,15,5
2018-04-11,31,22,9
2018-04-11,33,17,16
2018-04-11,23,12,11
2018-04-11,14,5,9
2018-04-11,4,2,2
2018-04-11,8,5,3
2018-04-11,5,3,2
2018-04-12,0,0,0
2018-04-12,0,0,0
2018-04-12,0,0,0
2018-04-12,1,0,1
2018-04-12,2,1,1
2018-04-12,4,1,3
2018-04-12,9,2,7
2018-04-12,23,6,17
2018-04-12,21,7,14
2018-04-12,12,7,5
2018-04-12,10,3,7
2018-04-12,10,3,7
2018-04-12,12,2,10
2018-04-12,9,4,5
2018-04-12,9,4,5
2018-04-12,14,9,5
2018-04-12,24,15,9
2018-04-12,39,18,21
2018-04-12,40,21,19
2018-04-12,15,9,6
2018-04-12,14,8,6
2018-04-12,20,15,5
2018-04-12,9,2,7
2018-04-12,7,4,3
2018-04-13,2,0,2
2018-04-13,1,0,1
2018-04-13,1,1,0
2018-04-13,0,0,0
2018-04-13,0,0,0
2018-04-13,3,1,2
2018-04-13,8,0,8
2018-04-13,24,4,20
2018-04-13,13,5,8
2018-04-13,13,5,8
2018-04-13,12,6,6
2018-04-13,25,12,13
2018-04-13,7,3,4
2018-04-13,16,7,9
2018-04-13,14,5,9
2018-04-13,8,5,3
2018-04-13,18,14,4
2018-04-13,24,19,5
2018-04-13,22,13,9
2018-04-13,11,4,7
2018-04-13,7,2,5
2018-04-13,4,1,3
2018-04-13,3,3,0
2018-04-13,3,3,0
2018-04-14,1,0,1
2018-04-14,5,0,5
2018-04-14,0,0,0
2018-04-14,0,0,0
2018-04-14,0,0,0
2018-04-14,0,0,0
2018-04-14,3,1,2
2018-04-14,8,2,6
2018-04-14,8,4,4
2018-04-14,10,4,6
2018-04-14,7,5,2
2018-04-14,13,7,6
2018-04-14,10,7,3
2018-04-14,13,3,10
2018-04-14,4,2,2
2018-04-14,7,2,5
2018-04-14,8,6,2
2018-04-14,2,0,2
2018-04-14,6,1,5
2018-04-14,10,8,2
2018-04-14,5,5,0
2018-04-14,0,0,0
2018-04-14,1,1,0
2018-04-14,3,0,3
2018-04-15,0,0,0
2018-04-15,1,0,1
2018-04-15,3,3,0
2018-04-15,0,0,0
2018-04-15,1,0,1
2018-04-15,1,0,1
2018-04-15,4,0,4
2018-04-15,6,4,2
2018-04-15,2,2,0
2018-04-15,4,2,2
2018-04-15,10,2,8
2018-04-15,11,8,3
2018-04-15,16,5,11
2018-04-15,18,11,7
2018-04-15,11,6,5
2018-04-15,13,6,7
2018-04-15,13,6,7
2018-04-15,9,3,6
2018-04-15,7,3,4
2018-04-15,13,4,9
2018-04-15,5,4,1
2018-04-15,13,5,8
2018-04-15,8,6,2
2018-04-15,3,0,3
2018-04-16,2,0,2
2018-04-16,0,0,0
2018-04-16,0,0,0
2018-04-16,0,0,0
2018-04-16,1,0,1
2018-04-16,4,2,2
2018-04-16,14,2,12
2018-04-16,25,3,22
2018-04-16,23,5,18
2018-04-16,5,1,4
2018-04-16,10,5,5
2018-04-16,6,4,2
2018-04-16,8,3,5
2018-04-16,9,5,4
2018-04-16,12,7,5
2018-04-16,8,4,4
2018-04-16,18,15,3
2018-04-16,26,15,11
2018-04-16,29,17,12
2018-04-16,13,7,6
2018-04-16,14,7,7
2018-04-16,6,2,4
2018-04-16,14,7,7
2018-04-16,4,2,2
2018-04-17,0,0,0
2018-04-17,2,0,2
2018-04-17,0,0,0
2018-04-17,0,0,0
2018-04-17,1,0,1
2018-04-17,2,0,2
2018-04-17,11,2,9
2018-04-17,25,6,19
2018-04-17,31,14,17
2018-04-17,14,7,7
2018-04-17,11,4,7
2018-04-17,17,5,12
2018-04-17,21,9,12
2018-04-17,12,8,4
2018-04-17,11,7,4
2018-04-17,19,6,13
2018-04-17,25,15,10
2018-04-17,53,34,19
2018-04-17,33,15,18
2018-04-17,25,15,10
2018-04-17,18,12,6
2018-04-17,13,3,10
2018-04-17,10,4,6
2018-04-17,4,3,1
2018-04-18,0,0,0
2018-04-18,1,1,0
2018-04-18,2,1,1
2018-04-18,1,1,0
2018-04-18,1,0,1
2018-04-18,5,0,5
2018-04-18,13,2,11
2018-04-18,30,6,24
2018-04-18,38,16,22
2018-04-18,18,6,12
2018-04-18,17,8,9
2018-04-18,16,7,9
2018-04-18,18,7,11
2018-04-18,10,4,6
2018-04-18,16,8,8
2018-04-18,16,10,6
2018-04-18,37,24,13
2018-04-18,51,37,14
2018-04-18,33,15,18
2018-04-18,19,4,15
2018-04-18,15,9,6
2018-04-18,7,1,6
2018-04-18,3,2,1
2018-04-18,6,5,1
2018-04-19,1,0,1
2018-04-19,1,0,1
2018-04-19,0,0,0
2018-04-19,0,0,0
2018-04-19,3,1,2
2018-04-19,8,0,8
2018-04-19,13,2,11
2018-04-19,33,8,25
2018-04-19,28,7,21
2018-04-19,20,8,12
2018-04-19,10,4,6
2018-04-19,14,8,6
2018-04-19,14,6,8
2018-04-19,13,6,7
2018-04-19,13,3,10
2018-04-19,32,17,15
2018-04-19,32,19,13
2018-04-19,39,22,17
2018-04-19,35,17,18
2018-04-19,27,14,13
2018-04-19,18,10,8
2018-04-19,7,4,3
2018-04-19,8,3,5
2018-04-19,10,4,6
2018-04-20,3,2,1
2018-04-20,2,0,2
2018-04-20,0,0,0
2018-04-20,2,1,1
2018-04-20,1,0,1
2018-04-20,5,1,4
2018-04-20,13,0,13
2018-04-20,37,6,31
2018-04-20,33,14,19
2018-04-20,18,3,15
2018-04-20,19,9,10
2018-04-20,16,10,6
2018-04-20,16,7,9
2018-04-20,11,5,6
2018-04-20,32,16,16
2018-04-20,18,7,11
2018-04-20,33,18,15
2018-04-20,47,29,18
2018-04-20,23,12,11
2018-04-20,23,15,8
2018-04-20,16,6,10
2018-04-20,9,3,6
2018-04-20,6,3,3
2018-04-20,4,3,1
2018-04-21,5,2,3
2018-04-21,2,0,2
2018-04-21,1,1,0
2018-04-21,0,0,0
2018-04-21,0,0,0
2018-04-21,3,1,2
2018-04-21,6,1,5
2018-04-21,10,3,7
2018-04-21,10,4,6
2018-04-21,11,2,9
2018-04-21,13,3,10
2018-04-21,15,9,6
2018-04-21,10,5,5
2018-04-21,20,9,11
2018-04-21,7,5,2
2018-04-21,7,1,6
2018-04-21,30,20,10
2018-04-21,6,1,5
2018-04-21,13,6,7
2018-04-21,18,10,8
2018-04-21,7,5,2
2018-04-21,10,6,4
2018-04-21,5,2,3
2018-04-21,11,7,4
2018-04-22,7,4,3
2018-04-22,7,6,1
2018-04-22,4,0,4
2018-04-22,0,0,0
2018-04-22,1,0,1
2018-04-22,3,0,3
2018-04-22,4,0,4
2018-04-22,2,1,1
2018-04-22,3,3,0
2018-04-22,9,5,4
2018-04-22,13,3,10
2018-04-22,10,8,2
2018-04-22,16,7,9
2018-04-22,28,15,13
2018-04-22,21,9,12
2018-04-22,22,13,9
2018-04-22,25,15,10
2018-04-22,13,7,6
2018-04-22,18,8,10
2018-04-22,21,10,11
2018-04-22,14,5,9
2018-04-22,9,4,5
2018-04-22,4,0,4
2018-04-22,0,0,0
2018-04-23,0,0,0
2018-04-23,0,0,0
2018-04-23,0,0,0
2018-04-23,0,0,0
2018-04-23,1,0,1
2018-04-23,6,2,4
2018-04-23,11,1,10
2018-04-23,36,6,30
2018-04-23,38,15,23
2018-04-23,24,6,18
2018-04-23,19,9,10
2018-04-23,15,7,8
2018-04-23,19,10,9
2018-04-23,20,7,13
2018-04-23,23,14,9
2018-04-23,28,18,10
2018-04-23,31,18,13
2018-04-23,56,36,20
2018-04-23,35,21,14
2018-04-23,25,12,13
2018-04-23,14,5,9
2018-04-23,8,3,5
2018-04-23,8,5,3
2018-04-23,9,4,5
2018-04-24,3,2,1
2018-04-24,0,0,0
2018-04-24,0,0,0
2018-04-24,0,0,0
2018-04-24,0,0,0
2018-04-24,7,0,7
2018-04-24,14,3,11
2018-04-24,46,11,35
2018-04-24,46,17,29
2018-04-24,23,10,13
2018-04-24,18,4,14
2018-04-24,17,10,7
2018-04-24,20,8,12
2018-04-24,13,8,5
2018-04-24,17,9,8
2018-04-24,26,10,16
2018-04-24,39,26,13
2018-04-24,57,29,28
2018-04-24,45,20,25
2018-04-24,25,15,10
2018-04-24,24,13,11
2018-04-24,18,8,10
2018-04-24,7,1,6
2018-04-24,6,2,4
2018-04-25,0,0,0
2018-04-25,1,0,1
2018-04-25,0,0,0
2018-04-25,0,0,0
2018-04-25,1,0,1
2018-04-25,4,1,3
2018-04-25,15,4,11
2018-04-25,52,13,39
2018-04-25,38,10,28
2018-04-25,14,9,5
2018-04-25,12,7,5
2018-04-25,27,15,12
2018-04-25,20,9,11
2018-04-25,14,6,8
2018-04-25,16,5,11
2018-04-25,25,14,11
2018-04-25,40,25,15
2018-04-25,70,40,30
2018-04-25,36,15,21
2018-04-25,35,22,13
2018-04-25,24,8,16
2018-04-25,9,4,5
2018-04-25,13,6,7
2018-04-25,11,6,5
2018-04-26,3,1,2
2018-04-26,2,2,0
2018-04-26,0,0,0
2018-04-26,1,0,1
2018-04-26,1,0,1
2018-04-26,9,3,6
2018-04-26,17,0,17
2018-04-26,38,13,25
2018-04-26,39,10,29
2018-04-26,21,9,12
2018-04-26,15,8,7
2018-04-26,15,6,9
2018-04-26,10,5,5
2018-04-26,14,11,3
2018-04-26,12,9,3
2018-04-26,29,14,15
2018-04-26,38,19,19
2018-04-26,62,36,26
2018-04-26,51,29,22
2018-04-26,24,15,9
2018-04-26,24,11,13
2018-04-26,24,14,10
2018-04-26,17,4,13
2018-04-26,10,6,4
2018-04-27,2,2,0
2018-04-27,5,3,2
2018-04-27,1,1,0
2018-04-27,1,1,0
2018-04-27,0,0,0
2018-04-27,5,0,5
2018-04-27,14,0,14
2018-04-27,30,7,23
2018-04-27,38,9,29
2018-04-27,22,9,13
2018-04-27,16,4,12
2018-04-27,7,4,3
2018-04-27,15,10,5
2018-04-27,18,8,10
2018-04-27,18,12,6
2018-04-27,25,15,10
2018-04-27,26,17,9
2018-04-27,46,34,12
2018-04-27,34,18,16
2018-04-27,22,16,6
2018-04-27,12,7,5
2018-04-27,5,4,1
2018-04-27,10,4,6
2018-04-27,10,5,5
2018-04-28,3,1,2
2018-04-28,7,1,6
2018-04-28,2,2,0
2018-04-28,1,0,1
2018-04-28,0,0,0
2018-04-28,1,0,1
2018-04-28,4,0,4
2018-04-28,3,2,1
2018-04-28,4,3,1
2018-04-28,5,1,4
2018-04-28,7,4,3
2018-04-28,7,6,1
2018-04-28,11,4,7
2018-04-28,14,7,7
2018-04-28,9,6,3
2018-04-28,13,5,8
2018-04-28,18,10,8
2018-04-28,9,3,6
2018-04-28,8,3,5
2018-04-28,11,5,6
2018-04-28,8,5,3
2018-04-28,5,1,4
2018-04-28,3,3,0
2018-04-28,2,1,1
2018-04-29,4,3,1
2018-04-29,2,0,2
2018-04-29,3,1,2
2018-04-29,1,1,0
2018-04-29,1,0,1
2018-04-29,1,0,1
2018-04-29,2,0,2
2018-04-29,2,0,2
2018-04-29,7,5,2
2018-04-29,15,6,9
2018-04-29,13,7,6
2018-04-29,11,5,6
2018-04-29,11,3,8
2018-04-29,15,8,7
2018-04-29,20,11,9
2018-04-29,6,4,2
2018-04-29,8,5,3
2018-04-29,9,2,7
2018-04-29,13,2,11
2018-04-29,7,4,3
2018-04-29,8,4,4
2018-04-29,1,1,0
2018-04-29,0,0,0
2018-04-29,1,1,0
2018-04-30,0,0,0
2018-04-30,0,0,0
2018-04-30,1,1,0
2018-04-30,0,0,0
2018-04-30,1,0,1
2018-04-30,3,0,3
2018-04-30,14,3,11
2018-04-30,33,7,26
2018-04-30,31,10,21
2018-04-30,7,5,2
2018-04-30,12,5,7
2018-04-30,10,3,7
2018-04-30,3,0,3
2018-04-30,17,7,10
2018-04-30,16,9,7
2018-04-30,11,7,4
2018-04-30,32,20,12
2018-04-30,39,25,14
2018-04-30,41,20,21
2018-04-30,26,13,13
2018-04-30,8,3,5
2018-04-30,10,3,7
2018-04-30,8,3,5
2018-04-30,4,2,2
2018-05-01,5,3,2
2018-05-01,0,0,0
2018-05-01,1,1,0
2018-05-01,0,0,0
2018-05-01,1,0,1
2018-05-01,6,0,6
2018-05-01,12,2,10
2018-05-01,45,11,34
2018-05-01,54,14,40
2018-05-01,18,6,12
2018-05-01,21,12,9
2018-05-01,12,6,6
2018-05-01,13,5,8
2018-05-01,14,9,5
2018-05-01,20,8,12
2018-05-01,20,10,10
2018-05-01,49,32,17
2018-05-01,54,34,20
2018-05-01,50,26,24
2018-05-01,28,14,14
2018-05-01,19,6,13
2018-05-01,16,5,11
2018-05-01,8,3,5
2018-05-01,2,2,0
2018-05-02,3,0,3
2018-05-02,2,2,0
2018-05-02,1,0,1
2018-05-02,0,0,0
2018-05-02,3,2,1
2018-05-02,5,0,5
2018-05-02,18,5,13
2018-05-02,43,9,34
2018-05-02,51,16,35
2018-05-02,19,8,11
2018-05-02,24,12,12
2018-05-02,12,8,4
2018-05-02,9,3,6
2018-05-02,16,6,10
2018-05-02,19,10,9
2018-05-02,27,17,10
2018-05-02,41,28,13
2018-05-02,64,40,24
2018-05-02,46,20,26
2018-05-02,26,13,13
2018-05-02,22,10,12
2018-05-02,13,4,9
2018-05-02,14,6,8
2018-05-02,5,2,3
2018-05-03,2,0,2
2018-05-03,1,1,0
2018-05-03,0,0,0
2018-05-03,0,0,0
2018-05-03,1,0,1
2018-05-03,3,0,3
2018-05-03,22,2,20
2018-05-03,33,3,30
2018-05-03,45,12,33
2018-05-03,16,6,10
2018-05-03,19,4,15
2018-05-03,14,3,11
2018-05-03,12,7,5
2018-05-03,18,9,9
2018-05-03,16,6,10
2018-05-03,26,15,11
2018-05-03,39,28,11
2018-05-03,49,26,23
2018-05-03,34,18,16
2018-05-03,37,11,26
2018-05-03,29,14,15
2018-05-03,15,8,7
2018-05-03,16,5,11
2018-05-03,14,9,5
2018-05-04,2,1,1
2018-05-04,3,0,3
2018-05-04,2,1,1
2018-05-04,1,0,1
2018-05-04,1,0,1
2018-05-04,3,1,2
2018-05-04,17,2,15
2018-05-04,26,7,19
2018-05-04,43,14,29
2018-05-04,18,4,14
2018-05-04,16,4,12
2018-05-04,12,6,6
2018-05-04,20,12,8
2018-05-04,17,11,6
2018-05-04,21,11,10
2018-05-04,27,18,9
2018-05-04,37,23,14
2018-05-04,54,25,29
2018-05-04,27,12,15
2018-05-04,28,12,16
2018-05-04,19,11,8
2018-05-04,11,2,9
2018-05-04,13,3,10
2018-05-04,12,6,6
2018-05-05,6,1,5
2018-05-05,7,1,6
2018-05-05,6,2,4
2018-05-05,1,1,0
2018-05-05,0,0,0
2018-05-05,3,0,3
2018-05-05,11,2,9
2018-05-05,9,5,4
2018-05-05,11,7,4
2018-05-05,13,3,10
2018-05-05,19,12,7
2018-05-05,14,7,7
2018-05-05,21,14,7
2018-05-05,15,10,5
2018-05-05,19,10,9
2018-05-05,28,11,17
2018-05-05,20,12,8
2018-05-05,18,9,9
2018-05-05,15,5,10
2018-05-05,23,13,10
2018-05-05,15,6,9
2018-05-05,7,4,3
2018-05-05,7,3,4
2018-05-05,5,0,5
2018-05-06,5,4,1
2018-05-06,2,0,2
2018-05-06,0,0,0
2018-05-06,1,0,1
2018-05-06,1,0,1
2018-05-06,2,1,1
2018-05-06,3,0,3
2018-05-06,3,1,2
2018-05-06,4,2,2
2018-05-06,13,5,8
2018-05-06,16,11,5
2018-05-06,28,14,14
2018-05-06,32,14,18
2018-05-06,22,9,13
2018-05-06,18,11,7
2018-05-06,24,11,13
2018-05-06,31,20,11
2018-05-06,9,3,6
2018-05-06,21,6,15
2018-05-06,16,8,8
2018-05-06,12,5,7
2018-05-06,9,2,7
2018-05-06,4,2,2
2018-05-06,9,4,5
2018-05-07,8,4,4
2018-05-07,0,0,0
2018-05-07,0,0,0
2018-05-07,1,1,0
2018-05-07,0,0,0
2018-05-07,4,0,4
2018-05-07,17,2,15
2018-05-07,30,7,23
2018-05-07,43,10,33
2018-05-07,16,5,11
2018-05-07,6,3,3
2018-05-07,11,5,6
2018-05-07,11,7,4
2018-05-07,12,5,7
2018-05-07,11,4,7
2018-05-07,27,17,10
2018-05-07,29,21,8
2018-05-07,42,24,18
2018-05-07,48,29,19
2018-05-07,24,11,13
2018-05-07,21,8,13
2018-05-07,13,4,9
2018-05-07,9,3,6
2018-05-07,5,3,2
2018-05-08,2,2,0
2018-05-08,2,1,1
2018-05-08,1,0,1
2018-05-08,1,1,0
2018-05-08,3,0,3
2018-05-08,6,1,5
2018-05-08,12,2,10
2018-05-08,49,11,38
2018-05-08,42,10,32
2018-05-08,24,13,11
2018-05-08,20,12,8
2018-05-08,13,6,7
2018-05-08,13,3,10
2018-05-08,19,8,11
2018-05-08,18,8,10
2018-05-08,34,20,14
2018-05-08,48,30,18
2018-05-08,63,25,38
2018-05-08,49,27,22
2018-05-08,29,12,17
2018-05-08,33,11,22
2018-05-08,13,4,9
2018-05-08,13,8,5
2018-05-08,8,4,4
2018-05-09,1,0,1
2018-05-09,1,1,0
2018-05-09,1,0,1
2018-05-09,3,3,0
2018-05-09,1,0,1
2018-05-09,4,0,4
2018-05-09,20,7,13
2018-05-09,33,5,28
2018-05-09,45,11,34
2018-05-09,31,13,18
2018-05-09,18,5,13
2018-05-09,21,11,10
2018-05-09,13,3,10
2018-05-09,19,12,7
2018-05-09,19,12,7
2018-05-09,17,13,4
2018-05-09,29,20,9
2018-05-09,58,33,25
2018-05-09,48,23,25
2018-05-09,33,18,15
2018-05-09,21,7,14
2018-05-09,13,7,6
2018-05-09,14,10,4
2018-05-09,6,2,4
2018-05-10,1,1,0
2018-05-10,0,0,0
2018-05-10,0,0,0
2018-05-10,0,0,0
2018-05-10,3,1,2
2018-05-10,3,0,3
2018-05-10,16,3,13
2018-05-10,21,7,14
2018-05-10,32,8,24
2018-05-10,17,7,10
2018-05-10,13,3,10
2018-05-10,13,6,7
2018-05-10,18,10,8
2018-05-10,6,1,5
2018-05-10,15,8,7
2018-05-10,23,14,9
2018-05-10,37,20,17
2018-05-10,61,37,24
2018-05-10,42,23,19
2018-05-10,46,21,25
2018-05-10,19,12,7
2018-05-10,18,9,9
2018-05-10,11,7,4
2018-05-10,4,1,3
2018-05-11,5,1,4
2018-05-11,1,0,1
2018-05-11,1,1,0
2018-05-11,0,0,0
2018-05-11,1,0,1
2018-05-11,5,1,4
2018-05-11,17,1,16
2018-05-11,31,6,25
2018-05-11,44,15,29
2018-05-11,18,4,14
2018-05-11,14,4,10
2018-05-11,12,4,8
2018-05-11,17,7,10
2018-05-11,13,5,8
2018-05-11,23,13,10
2018-05-11,26,19,7
2018-05-11,29,19,10
2018-05-11,41,20,21
2018-05-11,46,20,26
2018-05-11,22,10,12
2018-05-11,21,12,9
2018-05-11,16,6,10
2018-05-11,12,5,7
2018-05-11,9,5,4
2018-05-12,6,4,2
2018-05-12,11,2,9
2018-05-12,3,0,3
2018-05-12,3,1,2
2018-05-12,0,0,0
2018-05-12,1,0,1
2018-05-12,11,4,7
2018-05-12,9,4,5
2018-05-12,9,5,4
2018-05-12,10,6,4
2018-05-12,16,6,10
2018-05-12,21,15,6
2018-05-12,19,12,7
2018-05-12,22,13,9
2018-05-12,22,14,8
2018-05-12,16,8,8
2018-05-12,30,14,16
2018-05-12,14,10,4
2018-05-12,25,10,15
2018-05-12,24,11,13
2018-05-12,16,8,8
2018-05-12,17,11,6
2018-05-12,3,1,2
2018-05-12,6,3,3
2018-05-13,6,2,4
2018-05-13,7,2,5
2018-05-13,4,1,3
2018-05-13,2,1,1
2018-05-13,2,0,2
2018-05-13,0,0,0
2018-05-13,11,1,10
2018-05-13,4,3,1
2018-05-13,2,1,1
2018-05-13,10,7,3
2018-05-13,11,6,5
2018-05-13,11,8,3
2018-05-13,25,11,14
2018-05-13,15,5,10
2018-05-13,18,8,10
2018-05-13,17,4,13
2018-05-13,11,9,2
2018-05-13,24,14,10
2018-05-13,17,5,12
2018-05-13,13,6,7
2018-05-13,16,11,5
2018-05-13,9,3,6
2018-05-13,8,2,6
2018-05-13,6,3,3
2018-05-14,2,1,1
2018-05-14,3,0,3
2018-05-14,1,1,0
2018-05-14,0,0,0
2018-05-14,1,0,1
2018-05-14,5,0,5
2018-05-14,14,1,13
2018-05-14,35,6,29
2018-05-14,42,8,34
2018-05-14,18,10,8
2018-05-14,11,8,3
2018-05-14,13,3,10
2018-05-14,17,6,11
2018-05-14,15,5,10
2018-05-14,24,8,16
2018-05-14,26,14,12
2018-05-14,42,25,17
2018-05-14,50,39,11
2018-05-14,44,18,26
2018-05-14,26,15,11
2018-05-14,26,8,18
2018-05-14,16,5,11
2018-05-14,9,1,8
2018-05-14,3,1,2
2018-05-15,2,1,1
2018-05-15,0,0,0
2018-05-15,2,1,1
2018-05-15,0,0,0
2018-05-15,1,0,1
2018-05-15,5,1,4
2018-05-15,14,2,12
2018-05-15,42,7,35
2018-05-15,53,12,41
2018-05-15,25,10,15
2018-05-15,17,10,7
2018-05-15,13,7,6
2018-05-15,16,4,12
2018-05-15,12,4,8
2018-05-15,24,10,14
2018-05-15,43,22,21
2018-05-15,44,23,21
2018-05-15,69,41,28
2018-05-15,50,20,30
2018-05-15,31,17,14
2018-05-15,15,6,9
2018-05-15,27,9,18
2018-05-15,7,3,4
2018-05-15,4,2,2
2018-05-16,2,1,1
2018-05-16,1,0,1
2018-05-16,0,0,0
2018-05-16,2,2,0
2018-05-16,1,0,1
2018-05-16,4,2,2
2018-05-16,22,4,18
2018-05-16,34,6,28
2018-05-16,55,13,42
2018-05-16,22,8,14
2018-05-16,15,9,6
2018-05-16,21,7,14
2018-05-16,20,13,7
2018-05-16,11,7,4
2018-05-16,16,7,9
2018-05-16,21,11,10
2018-05-16,37,27,10
2018-05-16,53,35,18
2018-05-16,52,23,29
2018-05-16,24,13,11
2018-05-16,28,13,15
2018-05-16,19,7,12
2018-05-16,12,5,7
2018-05-16,5,2,3
2018-05-17,1,1,0
2018-05-17,1,0,1
2018-05-17,1,0,1
2018-05-17,0,0,0
2018-05-17,2,0,2
2018-05-17,5,1,4
2018-05-17,11,1,10
2018-05-17,39,9,30
2018-05-17,48,19,29
2018-05-17,22,11,11
2018-05-17,17,10,7
2018-05-17,17,8,9
2018-05-17,11,4,7
2018-05-17,20,12,8
2018-05-17,25,11,14
2018-05-17,34,20,14
2018-05-17,29,13,16
2018-05-17,53,30,23
2018-05-17,51,27,24
2018-05-17,31,9,22
2018-05-17,17,11,6
2018-05-17,18,3,15
2018-05-17,12,7,5
2018-05-17,4,1,3
2018-05-18,6,3,3
2018-05-18,4,2,2
2018-05-18,1,0,1
2018-05-18,2,2,0
2018-05-18,1,0,1
2018-05-18,2,0,2
2018-05-18,16,2,14
2018-05-18,33,4,29
2018-05-18,53,18,35
2018-05-18,28,10,18
2018-05-18,14,3,11
2018-05-18,15,12,3
2018-05-18,22,10,12
2018-05-18,15,7,8
2018-05-18,12,6,6
2018-05-18,24,12,12
2018-05-18,40,28,12
2018-05-18,32,17,15
2018-05-18,59,29,30
2018-05-18,22,12,10
2018-05-18,23,12,11
2018-05-18,14,4,10
2018-05-18,12,2,10
2018-05-18,20,14,6
2018-05-19,2,0,2
2018-05-19,4,3,1
2018-05-19,3,0,3
2018-05-19,2,1,1
2018-05-19,0,0,0
2018-05-19,1,0,1
2018-05-19,6,1,5
2018-05-19,3,3,0
2018-05-19,9,5,4
2018-05-19,16,6,10
2018-05-19,13,8,5
2018-05-19,15,11,4
2018-05-19,34,15,19
2018-05-19,16,8,8
2018-05-19,43,35,8
2018-05-19,13,8,5
2018-05-19,29,20,9
2018-05-19,15,5,10
2018-05-19,27,10,17
2018-05-19,12,7,5
2018-05-19,7,5,2
2018-05-19,8,5,3
2018-05-19,3,2,1
2018-05-19,8,3,5
2018-05-20,5,4,1
2018-05-20,6,3,3
2018-05-20,13,2,11
2018-05-20,0,0,0
2018-05-20,2,1,1
2018-05-20,1,0,1
2018-05-20,4,0,4
2018-05-20,4,3,1
2018-05-20,5,3,2
2018-05-20,9,3,6
2018-05-20,7,5,2
2018-05-20,12,5,7
2018-05-20,18,11,7
2018-05-20,17,9,8
2018-05-20,11,7,4
2018-05-20,17,6,11
2018-05-20,10,7,3
2018-05-20,13,5,8
2018-05-20,16,9,7
2018-05-20,15,13,2
2018-05-20,10,5,5
2018-05-20,9,2,7
2018-05-20,9,4,5
2018-05-20,6,3,3
2018-05-21,3,3,0
2018-05-21,1,0,1
2018-05-21,0,0,0
2018-05-21,0,0,0
2018-05-21,0,0,0
2018-05-21,6,3,3
2018-05-21,17,3,14
2018-05-21,34,9,25
2018-05-21,43,11,32
2018-05-21,21,12,9
2018-05-21,20,8,12
2018-05-21,10,5,5
2018-05-21,12,4,8
2018-05-21,24,10,14
2018-05-21,15,3,12
2018-05-21,33,18,15
2018-05-21,39,24,15
2018-05-21,56,29,27
2018-05-21,44,26,18
2018-05-21,33,14,19
2018-05-21,24,12,12
2018-05-21,13,8,5
2018-05-21,5,3,2
2018-05-21,9,6,3
2018-05-22,2,1,1
2018-05-22,1,1,0
2018-05-22,0,0,0
2018-05-22,1,1,0
2018-05-22,1,0,1
2018-05-22,4,1,3
2018-05-22,15,3,12
2018-05-22,56,10,46
2018-05-22,54,22,32
2018-05-22,24,6,18
2018-05-22,17,9,8
2018-05-22,16,6,10
2018-05-22,12,9,3
2018-05-22,21,12,9
2018-05-22,19,8,11
2018-05-22,32,18,14
2018-05-22,50,36,14
2018-05-22,63,35,28
2018-05-22,62,28,34
2018-05-22,30,12,18
2018-05-22,23,12,11
2018-05-22,23,10,13
2018-05-22,13,6,7
2018-05-22,5,3,2
2018-05-23,0,0,0
2018-05-23,1,0,1
2018-05-23,0,0,0
2018-05-23,0,0,0
2018-05-23,0,0,0
2018-05-23,5,2,3
2018-05-23,17,4,13
2018-05-23,40,7,33
2018-05-23,51,15,36
2018-05-23,22,8,14
2018-05-23,15,9,6
2018-05-23,20,11,9
2018-05-23,22,7,15
2018-05-23,19,7,12
2018-05-23,23,18,5
2018-05-23,27,17,10
2018-05-23,48,23,25
2018-05-23,66,40,26
2018-05-23,64,31,33
2018-05-23,46,21,25
2018-05-23,25,4,21
2018-05-23,19,10,9
2018-05-23,16,11,5
2018-05-23,6,4,2
2018-05-24,4,2,2
2018-05-24,5,2,3
2018-05-24,1,1,0
2018-05-24,1,0,1
2018-05-24,1,0,1
2018-05-24,6,0,6
2018-05-24,14,2,12
2018-05-24,37,9,28
2018-05-24,49,15,34
2018-05-24,25,11,14
2018-05-24,12,5,7
2018-05-24,20,8,12
2018-05-24,21,7,14
2018-05-24,13,12,1
2018-05-24,19,10,9
2018-05-24,22,13,9
2018-05-24,49,34,15
2018-05-24,66,41,25
2018-05-24,48,22,26
2018-05-24,29,14,15
2018-05-24,33,18,15
2018-05-24,24,12,12
2018-05-24,14,7,7
2018-05-24,6,5,1
2018-05-25,2,0,2
2018-05-25,3,1,2
2018-05-25,1,0,1
2018-05-25,7,3,4
2018-05-25,1,0,1
2018-05-25,4,1,3
2018-05-25,19,3,16
2018-05-25,31,4,27
2018-05-25,33,9,24
2018-05-25,17,9,8
2018-05-25,21,7,14
2018-05-25,11,7,4
2018-05-25,26,16,10
2018-05-25,22,11,11
2018-05-25,19,8,11
2018-05-25,34,24,10
2018-05-25,55,36,19
2018-05-25,49,27,22
2018-05-25,27,13,14
2018-05-25,22,13,9
2018-05-25,6,2,4
2018-05-25,13,9,4
2018-05-25,10,6,4
2018-05-25,3,1,2
2018-05-26,5,1,4
2018-05-26,3,1,2
2018-05-26,12,5,7
2018-05-26,2,2,0
2018-05-26,1,0,1
2018-05-26,2,0,2
2018-05-26,9,3,6
2018-05-26,9,3,6
2018-05-26,8,4,4
2018-05-26,3,3,0
2018-05-26,10,7,3
2018-05-26,20,10,10
2018-05-26,20,9,11
2018-05-26,18,11,7
2018-05-26,16,10,6
2018-05-26,19,12,7
2018-05-26,15,12,3
2018-05-26,6,4,2
2018-05-26,15,3,12
2018-05-26,18,10,8
2018-05-26,12,7,5
2018-05-26,7,3,4
2018-05-26,7,2,5
2018-05-26,3,2,1
2018-05-27,7,3,4
2018-05-27,5,0,5
2018-05-27,6,2,4
2018-05-27,1,0,1
2018-05-27,1,0,1
2018-05-27,2,0,2
2018-05-27,4,0,4
2018-05-27,3,3,0
2018-05-27,1,1,0
2018-05-27,5,5,0
2018-05-27,12,5,7
2018-05-27,8,7,1
2018-05-27,10,5,5
2018-05-27,11,4,7
2018-05-27,29,10,19
2018-05-27,16,6,10
2018-05-27,13,10,3
2018-05-27,15,7,8
2018-05-27,19,5,14
2018-05-27,16,12,4
2018-05-27,15,7,8
2018-05-27,8,3,5
2018-05-27,13,6,7
2018-05-27,10,4,6
2018-05-28,7,1,6
2018-05-28,1,1,0
2018-05-28,1,1,0
2018-05-28,0,0,0
2018-05-28,3,2,1
2018-05-28,2,0,2
2018-05-28,8,0,8
2018-05-28,4,2,2
2018-05-28,6,3,3
2018-05-28,7,4,3
2018-05-28,8,3,5
2018-05-28,17,11,6
2018-05-28,16,8,8
2018-05-28,12,5,7
2018-05-28,16,13,3
2018-05-28,25,10,15
2018-05-28,26,10,16
2018-05-28,14,3,11
2018-05-28,12,1,11
2018-05-28,16,7,9
2018-05-28,5,3,2
2018-05-28,9,4,5
2018-05-28,5,2,3
2018-05-28,3,2,1
2018-05-29,1,0,1
2018-05-29,2,1,1
2018-05-29,3,3,0
2018-05-29,0,0,0
2018-05-29,1,0,1
2018-05-29,5,1,4
2018-05-29,13,1,12
2018-05-29,31,7,24
2018-05-29,52,19,33
2018-05-29,15,5,10
2018-05-29,11,5,6
2018-05-29,10,4,6
2018-05-29,17,9,8
2018-05-29,16,8,8
2018-05-29,25,13,12
2018-05-29,33,18,15
2018-05-29,38,27,11
2018-05-29,60,39,21
2018-05-29,34,14,20
2018-05-29,24,11,13
2018-05-29,19,5,14
2018-05-29,10,5,5
2018-05-29,10,6,4
2018-05-29,5,2,3
2018-05-30,2,0,2
2018-05-30,0,0,0
2018-05-30,1,1,0
2018-05-30,1,0,1
2018-05-30,0,0,0
2018-05-30,5,1,4
2018-05-30,15,3,12
2018-05-30,34,5,29
2018-05-30,37,13,24
2018-05-30,28,14,14
2018-05-30,23,10,13
2018-05-30,15,6,9
2018-05-30,21,9,12
2018-05-30,26,14,12
2018-05-30,18,7,11
2018-05-30,33,21,12
2018-05-30,34,19,15
2018-05-30,65,42,23
2018-05-30,44,17,27
2018-05-30,35,18,17
2018-05-30,25,12,13
2018-05-30,18,7,11
2018-05-30,4,2,2
2018-05-30,4,2,2
2018-05-31,1,0,1
2018-05-31,0,0,0
2018-05-31,4,0,4
2018-05-31,0,0,0
2018-05-31,1,0,1
2018-05-31,4,0,4
2018-05-31,17,3,14
2018-05-31,36,10,26
2018-05-31,44,12,32
2018-05-31,15,6,9
2018-05-31,7,4,3
2018-05-31,14,4,10
2018-05-31,13,7,6
2018-05-31,18,8,10
2018-05-31,18,10,8
2018-05-31,17,11,6
2018-05-31,26,14,12
2018-05-31,50,29,21
2018-05-31,46,22,24
2018-05-31,25,13,12
2018-05-31,20,9,11
2018-05-31,15,8,7
2018-05-31,13,7,6
2018-05-31,8,4,4
2018-06-01,3,0,3
2018-06-01,2,1,1
2018-06-01,1,0,1
2018-06-01,0,0,0
2018-06-01,1,0,1
2018-06-01,4,2,2
2018-06-01,16,2,14
2018-06-01,21,2,19
2018-06-01,56,20,36
2018-06-01,18,7,11
2018-06-01,20,12,8
2018-06-01,7,3,4
2018-06-01,19,9,10
2018-06-01,23,12,11
2018-06-01,21,13,8
2018-06-01,17,10,7
2018-06-01,30,16,14
2018-06-01,36,24,12
2018-06-01,37,23,14
2018-06-01,30,17,13
2018-06-01,18,8,10
2018-06-01,20,7,13
2018-06-01,16,9,7
2018-06-01,9,8,1
2018-06-02,10,4,6
2018-06-02,12,0,12
2018-06-02,6,3,3
2018-06-02,1,1,0
2018-06-02,0,0,0
2018-06-02,0,0,0
2018-06-02,11,2,9
2018-06-02,8,4,4
2018-06-02,14,5,9
2018-06-02,12,4,8
2018-06-02,10,6,4
2018-06-02,20,12,8
2018-06-02,22,14,8
2018-06-02,12,5,7
2018-06-02,14,8,6
2018-06-02,13,7,6
2018-06-02,21,11,10
2018-06-02,17,9,8
2018-06-02,22,9,13
2018-06-02,26,14,12
2018-06-02,10,5,5
2018-06-02,14,6,8
2018-06-02,8,4,4
2018-06-02,8,4,4
2018-06-03,9,4,5
2018-06-03,8,4,4
2018-06-03,22,4,18
2018-06-03,3,2,1
2018-06-03,1,0,1
2018-06-03,3,0,3
2018-06-03,6,3,3
2018-06-03,3,1,2
2018-06-03,3,3,0
2018-06-03,8,2,6
2018-06-03,6,1,5
2018-06-03,11,7,4
2018-06-03,13,5,8
2018-06-03,25,16,9
2018-06-03,20,9,11
2018-06-03,10,5,5
2018-06-03,11,9,2
2018-06-03,10,5,5
2018-06-03,7,4,3
2018-06-03,8,5,3
2018-06-03,6,2,4
2018-06-03,4,0,4
2018-06-03,4,1,3
2018-06-03,5,2,3
2018-06-04,3,1,2
2018-06-04,1,1,0
2018-06-04,0,0,0
2018-06-04,0,0,0
2018-06-04,1,0,1
2018-06-04,3,1,2
2018-06-04,11,0,11
2018-06-04,17,1,16
2018-06-04,41,12,29
2018-06-04,16,6,10
2018-06-04,7,5,2
2018-06-04,11,3,8
2018-06-04,8,5,3
2018-06-04,16,6,10
2018-06-04,22,11,11
2018-06-04,17,11,6
2018-06-04,27,18,9
2018-06-04,44,26,18
2018-06-04,34,10,24
2018-06-04,32,19,13
2018-06-04,22,12,10
2018-06-04,13,6,7
2018-06-04,5,1,4
2018-06-04,10,5,5
2018-06-05,2,1,1
2018-06-05,1,1,0
2018-06-05,0,0,0
2018-06-05,1,0,1
2018-06-05,1,0,1
2018-06-05,5,1,4
2018-06-05,16,0,16
2018-06-05,42,10,32
2018-06-05,49,13,36
2018-06-05,24,10,14
2018-06-05,21,7,14
2018-06-05,23,13,10
2018-06-05,21,11,10
2018-06-05,13,6,7
2018-06-05,26,16,10
2018-06-05,20,9,11
2018-06-05,32,21,11
2018-06-05,69,39,30
2018-06-05,45,28,17
2018-06-05,31,15,16
2018-06-05,26,16,10
2018-06-05,22,8,14
2018-06-05,13,6,7
2018-06-05,5,2,3
2018-06-06,4,3,1
2018-06-06,1,1,0
2018-06-06,0,0,0
2018-06-06,0,0,0
2018-06-06,2,2,0
2018-06-06,8,3,5
2018-06-06,19,3,16
2018-06-06,38,6,32
2018-06-06,39,10,29
2018-06-06,25,12,13
2018-06-06,21,7,14
2018-06-06,18,6,12
2018-06-06,20,12,8
2018-06-06,29,15,14
2018-06-06,19,14,5
2018-06-06,34,18,16
2018-06-06,35,23,12
2018-06-06,56,38,18
2018-06-06,45,22,23
2018-06-06,36,14,22
2018-06-06,23,13,10
2018-06-06,14,5,9
2018-06-06,13,5,8
2018-06-06,5,3,2
2018-06-07,11,4,7
2018-06-07,2,0,2
2018-06-07,2,1,1
2018-06-07,2,2,0
2018-06-07,4,4,0
2018-06-07,6,2,4
2018-06-07,19,0,19
2018-06-07,28,7,21
2018-06-07,41,8,33
2018-06-07,18,9,9
2018-06-07,22,8,14
2018-06-07,13,8,5
2018-06-07,19,10,9
2018-06-07,18,10,8
2018-06-07,30,16,14
2018-06-07,15,10,5
2018-06-07,31,16,15
2018-06-07,51,34,17
2018-06-07,39,19,20
2018-06-07,29,15,14
2018-06-07,25,17,8
2018-06-07,13,5,8
2018-06-07,6,4,2
2018-06-07,7,3,4
2018-06-08,5,2,3
2018-06-08,1,0,1
2018-06-08,1,0,1
2018-06-08,1,0,1
2018-06-08,1,0,1
2018-06-08,3,0,3
2018-06-08,18,2,16
2018-06-08,22,11,11
2018-06-08,35,8,27
2018-06-08,22,12,10
2018-06-08,10,4,6
2018-06-08,12,7,5
2018-06-08,13,8,5
2018-06-08,14,8,6
2018-06-08,9,4,5
2018-06-08,10,7,3
2018-06-08,27,16,11
2018-06-08,28,19,9
2018-06-08,25,11,14
2018-06-08,12,7,5
2018-06-08,7,3,4
2018-06-08,7,2,5
2018-06-08,5,2,3
2018-06-08,4,4,0
2018-06-09,2,0,2
2018-06-09,0,0,0
2018-06-09,4,1,3
2018-06-09,0,0,0
2018-06-09,0,0,0
2018-06-09,2,1,1
2018-06-09,12,0,12
2018-06-09,5,2,3
2018-06-09,5,4,1
2018-06-09,1,1,0
2018-06-09,12,4,8
2018-06-09,9,3,6
2018-06-09,20,9,11
2018-06-09,20,7,13
2018-06-09,14,9,5
2018-06-09,10,2,8
2018-06-09,17,5,12
2018-06-09,23,14,9
2018-06-09,16,5,11
2018-06-09,10,6,4
2018-06-09,6,1,5
2018-06-09,7,1,6
2018-06-09,7,4,3
2018-06-09,4,3,1
2018-06-10,12,2,10
2018-06-10,4,0,4
2018-06-10,12,0,12
2018-06-10,0,0,0
2018-06-10,1,0,1
2018-06-10,2,1,1
2018-06-10,8,3,5
2018-06-10,6,3,3
2018-06-10,5,5,0
2018-06-10,5,5,0
2018-06-10,18,5,13
2018-06-10,9,6,3
2018-06-10,20,6,14
2018-06-10,15,8,7
2018-06-10,16,10,6
2018-06-10,12,8,4
2018-06-10,13,6,7
2018-06-10,13,9,4
2018-06-10,14,5,9
2018-06-10,10,5,5
2018-06-10,6,1,5
2018-06-10,3,2,1
2018-06-10,4,2,2
2018-06-10,0,0,0
2018-06-11,2,0,2
2018-06-11,3,1,2
2018-06-11,0,0,0
2018-06-11,0,0,0
2018-06-11,2,0,2
2018-06-11,6,3,3
2018-06-11,13,1,12
2018-06-11,33,4,29
2018-06-11,36,13,23
2018-06-11,22,10,12
2018-06-11,20,7,13
2018-06-11,12,5,7
2018-06-11,15,9,6
2018-06-11,16,5,11
2018-06-11,18,8,10
2018-06-11,29,19,10
2018-06-11,26,22,4
2018-06-11,50,34,16
2018-06-11,53,29,24
2018-06-11,24,15,9
2018-06-11,19,8,11
2018-06-11,14,5,9
2018-06-11,8,5,3
2018-06-11,3,1,2
2018-06-12,5,1,4
2018-06-12,3,0,3
2018-06-12,2,1,1
2018-06-12,0,0,0
2018-06-12,3,2,1
2018-06-12,6,0,6
2018-06-12,24,3,21
2018-06-12,50,10,40
2018-06-12,48,17,31
2018-06-12,20,5,15
2018-06-12,19,8,11
2018-06-12,9,4,5
2018-06-12,19,13,6
2018-06-12,16,9,7
2018-06-12,18,8,10
2018-06-12,21,12,9
2018-06-12,40,29,11
2018-06-12,62,34,28
2018-06-12,46,24,22
2018-06-12,23,13,10
2018-06-12,19,4,15
2018-06-12,17,9,8
2018-06-12,13,9,4
2018-06-12,8,4,4
2018-06-13,5,0,5
2018-06-13,2,0,2
2018-06-13,1,1,0
2018-06-13,0,0,0
2018-06-13,0,0,0
2018-06-13,1,0,1
2018-06-13,11,1,10
2018-06-13,25,3,22
2018-06-13,24,7,17
2018-06-13,13,8,5
2018-06-13,7,2,5
2018-06-13,11,7,4
2018-06-13,16,6,10
2018-06-13,14,8,6
2018-06-13,20,11,9
2018-06-13,21,9,12
2018-06-13,20,14,6
2018-06-13,48,29,19
2018-06-13,39,23,16
2018-06-13,16,8,8
2018-06-13,17,7,10
2018-06-13,12,6,6
2018-06-13,10,2,8
2018-06-13,7,2,5
2018-06-14,3,3,0
2018-06-14,3,0,3
2018-06-14,0,0,0
2018-06-14,3,3,0
2018-06-14,2,0,2
2018-06-14,4,1,3
2018-06-14,20,3,17
2018-06-14,31,12,19
2018-06-14,38,14,24
2018-06-14,21,7,14
2018-06-14,9,3,6
2018-06-14,10,3,7
2018-06-14,18,3,15
2018-06-14,21,9,12
2018-06-14,22,10,12
2018-06-14,18,9,9
2018-06-14,32,17,15
2018-06-14,60,35,25
2018-06-14,44,20,24
2018-06-14,28,19,9
2018-06-14,17,7,10
2018-06-14,17,8,9
2018-06-14,17,6,11
2018-06-14,5,2,3
2018-06-15,8,5,3
2018-06-15,3,3,0
2018-06-15,1,1,0
2018-06-15,0,0,0
2018-06-15,1,0,1
2018-06-15,7,1,6
2018-06-15,23,3,20
2018-06-15,31,2,29
2018-06-15,43,7,36
2018-06-15,21,6,15
2018-06-15,14,2,12
2018-06-15,19,14,5
2018-06-15,25,9,16
2018-06-15,12,6,6
2018-06-15,26,12,14
2018-06-15,24,17,7
2018-06-15,34,24,10
2018-06-15,45,33,12
2018-06-15,37,14,23
2018-06-15,29,18,11
2018-06-15,14,5,9
2018-06-15,13,7,6
2018-06-15,18,10,8
2018-06-15,18,11,7
2018-06-16,11,3,8
2018-06-16,9,7,2
2018-06-16,4,0,4
2018-06-16,1,1,0
2018-06-16,0,0,0
2018-06-16,2,1,1
2018-06-16,4,0,4
2018-06-16,3,3,0
2018-06-16,7,6,1
2018-06-16,3,1,2
2018-06-16,10,5,5
2018-06-16,22,15,7
2018-06-16,18,12,6
2018-06-16,24,15,9
2018-06-16,17,13,4
2018-06-16,18,7,11
2018-06-16,18,10,8
2018-06-16,22,10,12
2018-06-16,15,4,11
2018-06-16,16,8,8
2018-06-16,17,8,9
2018-06-16,14,3,11
2018-06-16,12,8,4
2018-06-16,16,9,7
2018-06-17,6,2,4
2018-06-17,4,1,3
2018-06-17,16,10,6
2018-06-17,1,1,0
2018-06-17,1,0,1
2018-06-17,3,0,3
2018-06-17,5,0,5
2018-06-17,3,2,1
2018-06-17,7,3,4
2018-06-17,10,3,7
2018-06-17,14,8,6
2018-06-17,21,10,11
2018-06-17,21,12,9
2018-06-17,23,7,16
2018-06-17,22,8,14
2018-06-17,26,15,11
2018-06-17,21,11,10
2018-06-17,19,13,6
2018-06-17,12,4,8
2018-06-17,15,10,5
2018-06-17,12,4,8
2018-06-17,9,2,7
2018-06-17,6,6,0
2018-06-17,4,1,3
2018-06-18,4,0,4
2018-06-18,2,0,2
2018-06-18,3,2,1
2018-06-18,1,1,0
2018-06-18,2,0,2
2018-06-18,7,2,5
2018-06-18,19,3,16
2018-06-18,30,4,26
2018-06-18,43,12,31
2018-06-18,24,8,16
2018-06-18,11,5,6
2018-06-18,16,7,9
2018-06-18,11,7,4
2018-06-18,20,13,7
2018-06-18,20,8,12
2018-06-18,22,16,6
2018-06-18,18,12,6
2018-06-18,51,29,22
2018-06-18,48,24,24
2018-06-18,19,9,10
2018-06-18,14,7,7
2018-06-18,14,9,5
2018-06-18,9,3,6
2018-06-18,11,6,5
2018-06-19,8,1,7
2018-06-19,1,0,1
2018-06-19,1,1,0
2018-06-19,1,1,0
2018-06-19,2,0,2
2018-06-19,7,3,4
2018-06-19,13,0,13
2018-06-19,43,9,34
2018-06-19,37,10,27
2018-06-19,22,7,15
2018-06-19,17,8,9
2018-06-19,15,6,9
2018-06-19,13,3,10
2018-06-19,18,9,9
2018-06-19,21,12,9
2018-06-19,22,9,13
2018-06-19,35,24,11
2018-06-19,63,36,27
2018-06-19,49,22,27
2018-06-19,36,15,21
2018-06-19,33,14,19
2018-06-19,21,7,14
2018-06-19,8,4,4
2018-06-19,12,9,3
2018-06-20,7,0,7
2018-06-20,3,2,1
2018-06-20,1,0,1
2018-06-20,0,0,0
2018-06-20,0,0,0
2018-06-20,7,1,6
2018-06-20,17,0,17
2018-06-20,33,8,25
2018-06-20,46,9,37
2018-06-20,27,10,17
2018-06-20,14,8,6
2018-06-20,12,8,4
2018-06-20,21,6,15
2018-06-20,9,6,3
2018-06-20,16,9,7
2018-06-20,29,16,13
2018-06-20,38,24,14
2018-06-20,52,31,21
2018-06-20,43,20,23
2018-06-20,25,12,13
2018-06-20,21,7,14
2018-06-20,21,14,7
2018-06-20,10,3,7
2018-06-20,10,4,6
2018-06-21,3,0,3
2018-06-21,0,0,0
2018-06-21,3,1,2
2018-06-21,1,1,0
2018-06-21,1,0,1
2018-06-21,9,3,6
2018-06-21,18,2,16
2018-06-21,53,13,40
2018-06-21,36,11,25
2018-06-21,18,6,12
2018-06-21,19,7,12
2018-06-21,22,14,8
2018-06-21,11,5,6
2018-06-21,12,6,6
2018-06-21,13,6,7
2018-06-21,18,7,11
2018-06-21,43,28,15
2018-06-21,39,24,15
2018-06-21,35,16,19
2018-06-21,49,24,25
2018-06-21,36,14,22
2018-06-21,14,11,3
2018-06-21,5,3,2
2018-06-21,8,4,4
2018-06-22,6,0,6
2018-06-22,1,1,0
2018-06-22,2,1,1
2018-06-22,1,1,0
2018-06-22,2,1,1
2018-06-22,2,1,1
2018-06-22,17,2,15
2018-06-22,27,7,20
2018-06-22,39,12,27
2018-06-22,14,10,4
2018-06-22,9,4,5
2018-06-22,12,7,5
2018-06-22,14,8,6
2018-06-22,24,16,8
2018-06-22,25,15,10
2018-06-22,35,20,15
2018-06-22,39,22,17
2018-06-22,53,30,23
2018-06-22,41,16,25
2018-06-22,33,20,13
2018-06-22,25,15,10
2018-06-22,24,14,10
2018-06-22,14,10,4
2018-06-22,6,4,2
2018-06-23,3,2,1
2018-06-23,5,0,5
2018-06-23,3,1,2
2018-06-23,2,0,2
2018-06-23,0,0,0
2018-06-23,0,0,0
2018-06-23,8,0,8
2018-06-23,10,4,6
2018-06-23,5,4,1
2018-06-23,8,3,5
2018-06-23,10,6,4
2018-06-23,21,11,10
2018-06-23,17,8,9
2018-06-23,22,7,15
2018-06-23,20,13,7
2018-06-23,21,14,7
2018-06-23,34,21,13
2018-06-23,27,16,11
2018-06-23,33,13,20
2018-06-23,19,13,6
2018-06-23,14,8,6
2018-06-23,19,12,7
2018-06-23,9,3,6
2018-06-23,14,6,8
2018-06-24,15,5,10
2018-06-24,10,2,8
2018-06-24,21,3,18
2018-06-24,2,0,2
2018-06-24,6,4,2
2018-06-24,0,0,0
2018-06-24,8,0,8
2018-06-24,11,7,4
2018-06-24,7,4,3
2018-06-24,9,5,4
2018-06-24,14,4,10
2018-06-24,16,7,9
2018-06-24,24,11,13
2018-06-24,24,9,15
2018-06-24,28,17,11
2018-06-24,36,21,15
2018-06-24,33,16,17
2018-06-24,31,15,16
2018-06-24,27,9,18
2018-06-24,21,15,6
2018-06-24,19,13,6
2018-06-24,15,10,5
2018-06-24,10,4,6
2018-06-24,1,1,0
2018-06-25,1,0,1
2018-06-25,8,4,4
2018-06-25,2,2,0
2018-06-25,0,0,0
2018-06-25,4,1,3
2018-06-25,3,0,3
2018-06-25,17,2,15
2018-06-25,23,8,15
2018-06-25,34,12,22
2018-06-25,21,13,8
2018-06-25,8,2,6
2018-06-25,22,4,18
2018-06-25,14,7,7
2018-06-25,13,5,8
2018-06-25,10,8,2
2018-06-25,17,10,7
2018-06-25,24,13,11
2018-06-25,45,21,24
2018-06-25,47,23,24
2018-06-25,17,9,8
2018-06-25,18,9,9
2018-06-25,11,4,7
2018-06-25,5,2,3
2018-06-25,5,2,3
2018-06-26,2,2,0
2018-06-26,1,0,1
2018-06-26,1,0,1
2018-06-26,0,0,0
2018-06-26,4,0,4
2018-06-26,4,1,3
2018-06-26,15,3,12
2018-06-26,43,12,31
2018-06-26,43,11,32
2018-06-26,25,14,11
2018-06-26,11,4,7
2018-06-26,13,4,9
2018-06-26,15,7,8
2018-06-26,15,9,6
2018-06-26,25,12,13
2018-06-26,27,16,11
2018-06-26,33,25,8
2018-06-26,57,32,25
2018-06-26,45,28,17
2018-06-26,28,13,15
2018-06-26,29,14,15
2018-06-26,17,8,9
2018-06-26,5,1,4
2018-06-26,10,6,4
2018-06-27,2,1,1
2018-06-27,2,0,2
2018-06-27,1,1,0
2018-06-27,1,0,1
2018-06-27,1,0,1
2018-06-27,6,1,5
2018-06-27,18,1,17
2018-06-27,40,13,27
2018-06-27,37,10,27
2018-06-27,25,11,14
2018-06-27,18,7,11
2018-06-27,8,5,3
2018-06-27,25,12,13
2018-06-27,17,6,11
2018-06-27,15,6,9
2018-06-27,16,9,7
2018-06-27,31,19,12
2018-06-27,69,40,29
2018-06-27,47,26,21
2018-06-27,23,10,13
2018-06-27,15,5,10
2018-06-27,14,7,7
2018-06-27,11,4,7
2018-06-27,5,4,1
2018-06-28,5,2,3
2018-06-28,0,0,0
2018-06-28,1,0,1
2018-06-28,1,0,1
2018-06-28,3,0,3
2018-06-28,8,3,5
2018-06-28,12,1,11
2018-06-28,36,8,28
2018-06-28,51,17,34
2018-06-28,20,10,10
2018-06-28,19,11,8
2018-06-28,13,3,10
2018-06-28,18,5,13
2018-06-28,12,4,8
2018-06-28,24,13,11
2018-06-28,25,12,13
2018-06-28,34,27,7
2018-06-28,62,43,19
2018-06-28,53,25,28
2018-06-28,44,26,18
2018-06-28,25,12,13
2018-06-28,23,8,15
2018-06-28,11,4,7
2018-06-28,13,9,4
2018-06-29,4,2,2
2018-06-29,3,0,3
2018-06-29,2,2,0
2018-06-29,1,0,1
2018-06-29,1,0,1
2018-06-29,6,1,5
2018-06-29,21,2,19
2018-06-29,22,4,18
2018-06-29,27,6,21
2018-06-29,25,12,13
2018-06-29,14,8,6
2018-06-29,15,7,8
2018-06-29,12,8,4
2018-06-29,16,8,8
2018-06-29,10,5,5
2018-06-29,24,15,9
2018-06-29,24,16,8
2018-06-29,48,32,16
2018-06-29,31,13,18
2018-06-29,22,8,14
2018-06-29,3,2,1
2018-06-29,13,4,9
2018-06-29,11,8,3
2018-06-29,7,3,4
2018-06-30,5,2,3
2018-06-30,5,2,3
2018-06-30,6,1,5
2018-06-30,2,0,2
2018-06-30,2,0,2
2018-06-30,3,1,2
2018-06-30,12,0,12
2018-06-30,8,7,1
2018-06-30,8,4,4
2018-06-30,8,2,6
2018-06-30,18,7,11
2018-06-30,18,13,5
2018-06-30,30,12,18
2018-06-30,16,9,7
2018-06-30,12,3,9
2018-06-30,12,5,7
2018-06-30,12,3,9
2018-06-30,23,8,15
2018-06-30,17,12,5
2018-06-30,10,8,2
2018-06-30,10,5,5
2018-06-30,12,5,7
2018-06-30,7,3,4
2018-06-30,8,2,6
2018-07-01,6,1,5
2018-07-01,13,5,8
2018-07-01,13,4,9
2018-07-01,2,1,1
2018-07-01,2,0,2
2018-07-01,3,1,2
2018-07-01,7,0,7
2018-07-01,4,2,2
2018-07-01,9,6,3
2018-07-01,7,6,1
2018-07-01,5,4,1
2018-07-01,11,3,8
2018-07-01,8,2,6
2018-07-01,22,12,10
2018-07-01,12,7,5
2018-07-01,22,11,11
2018-07-01,18,10,8
2018-07-01,21,13,8
2018-07-01,14,10,4
2018-07-01,10,8,2
2018-07-01,8,5,3
2018-07-01,6,3,3
2018-07-01,10,2,8
2018-07-01,6,2,4
2018-07-02,1,0,1
2018-07-02,0,0,0
2018-07-02,0,0,0
2018-07-02,0,0,0
2018-07-02,4,0,4
2018-07-02,8,2,6
2018-07-02,7,1,6
2018-07-02,22,5,17
2018-07-02,38,10,28
2018-07-02,18,4,14
2018-07-02,13,6,7
2018-07-02,15,10,5
2018-07-02,18,13,5
2018-07-02,15,8,7
2018-07-02,18,8,10
2018-07-02,25,15,10
2018-07-02,39,28,11
2018-07-02,63,30,33
2018-07-02,43,25,18
2018-07-02,22,9,13
2018-07-02,24,12,12
2018-07-02,13,8,5
2018-07-02,2,2,0
2018-07-02,9,7,2
2018-07-03,2,0,2
2018-07-03,2,0,2
2018-07-03,2,2,0
2018-07-03,0,0,0
2018-07-03,3,0,3
2018-07-03,7,0,7
2018-07-03,16,1,15
2018-07-03,38,8,30
2018-07-03,39,14,25
2018-07-03,17,10,7
2018-07-03,29,14,15
2018-07-03,15,5,10
2018-07-03,23,10,13
2018-07-03,25,12,13
2018-07-03,26,17,9
2018-07-03,29,15,14
2018-07-03,38,20,18
2018-07-03,59,35,24
2018-07-03,35,13,22
2018-07-03,31,21,10
2018-07-03,28,18,10
2018-07-03,18,5,13
2018-07-03,12,9,3
2018-07-03,7,2,5
2018-07-04,5,0,5
2018-07-04,5,0,5
2018-07-04,3,1,2
2018-07-04,0,0,0
2018-07-04,1,1,0
2018-07-04,5,0,5
2018-07-04,8,2,6
2018-07-04,8,5,3
2018-07-04,1,1,0
2018-07-04,15,5,10
2018-07-04,15,4,11
2018-07-04,14,8,6
2018-07-04,19,9,10
2018-07-04,14,9,5
2018-07-04,17,9,8
2018-07-04,18,5,13
2018-07-04,13,10,3
2018-07-04,15,8,7
2018-07-04,7,3,4
2018-07-04,12,6,6
2018-07-04,8,6,2
2018-07-04,5,4,1
2018-07-04,5,2,3
2018-07-04,13,2,11
2018-07-05,14,0,14
2018-07-05,6,0,6
2018-07-05,0,0,0
2018-07-05,2,0,2
2018-07-05,1,0,1
2018-07-05,6,2,4
2018-07-05,12,1,11
2018-07-05,20,8,12
2018-07-05,43,13,30
2018-07-05,19,12,7
2018-07-05,21,5,16
2018-07-05,24,7,17
2018-07-05,27,11,16
2018-07-05,17,9,8
2018-07-05,21,10,11
2018-07-05,15,9,6
2018-07-05,30,17,13
2018-07-05,43,22,21
2018-07-05,34,14,20
2018-07-05,34,12,22
2018-07-05,27,18,9
2018-07-05,17,13,4
2018-07-05,6,1,5
2018-07-05,13,8,5
2018-07-06,5,2,3
2018-07-06,4,2,2
2018-07-06,1,0,1
2018-07-06,0,0,0
2018-07-06,4,0,4
2018-07-06,5,2,3
2018-07-06,17,1,16
2018-07-06,28,6,22
2018-07-06,32,9,23
2018-07-06,17,6,11
2018-07-06,11,8,3
2018-07-06,9,4,5
2018-07-06,14,5,9
2018-07-06,13,7,6
2018-07-06,11,3,8
2018-07-06,28,17,11
2018-07-06,36,23,13
2018-07-06,44,22,22
2018-07-06,36,16,20
2018-07-06,19,15,4
2018-07-06,20,12,8
2018-07-06,11,4,7
2018-07-06,12,4,8
2018-07-06,10,4,6
2018-07-07,10,7,3
2018-07-07,7,3,4
2018-07-07,4,1,3
2018-07-07,1,1,0
2018-07-07,0,0,0
2018-07-07,4,0,4
2018-07-07,12,1,11
2018-07-07,6,0,6
2018-07-07,8,6,2
2018-07-07,12,9,3
2018-07-07,17,13,4
2018-07-07,20,10,10
2018-07-07,11,7,4
2018-07-07,11,8,3
2018-07-07,22,12,10
2018-07-07,19,13,6
2018-07-07,14,7,7
2018-07-07,25,17,8
2018-07-07,22,11,11
2018-07-07,23,12,11
2018-07-07,10,7,3
2018-07-07,14,6,8
2018-07-07,5,4,1
2018-07-07,9,6,3
2018-07-08,10,3,7
2018-07-08,13,4,9
2018-07-08,28,7,21
2018-07-08,3,0,3
2018-07-08,2,0,2
2018-07-08,0,0,0
2018-07-08,10,0,10
2018-07-08,3,1,2
2018-07-08,4,3,1
2018-07-08,10,6,4
2018-07-08,16,3,13
2018-07-08,20,11,9
2018-07-08,13,12,1
2018-07-08,10,2,8
2018-07-08,21,10,11
2018-07-08,27,15,12
2018-07-08,24,12,12
2018-07-08,25,15,10
2018-07-08,23,8,15
2018-07-08,14,7,7
2018-07-08,13,7,6
2018-07-08,7,2,5
2018-07-08,13,5,8
2018-07-08,0,0,0
2018-07-09,1,1,0
2018-07-09,3,0,3
2018-07-09,1,1,0
2018-07-09,0,0,0
2018-07-09,6,1,5
2018-07-09,7,1,6
2018-07-09,14,1,13
2018-07-09,39,11,28
2018-07-09,44,16,28
2018-07-09,22,12,10
2018-07-09,13,7,6
2018-07-09,16,7,9
2018-07-09,15,9,6
2018-07-09,17,8,9
2018-07-09,22,14,8
2018-07-09,18,11,7
2018-07-09,29,16,13
2018-07-09,56,33,23
2018-07-09,46,20,26
2018-07-09,31,13,18
2018-07-09,25,14,11
2018-07-09,11,2,9
2018-07-09,6,1,5
2018-07-09,7,1,6
2018-07-10,4,2,2
2018-07-10,1,0,1
2018-07-10,1,1,0
2018-07-10,0,0,0
2018-07-10,3,0,3
2018-07-10,5,1,4
2018-07-10,17,2,15
2018-07-10,42,9,33
2018-07-10,41,12,29
2018-07-10,24,7,17
2018-07-10,14,10,4
2018-07-10,11,3,8
2018-07-10,13,5,8
2018-07-10,24,11,13
2018-07-10,17,8,9
2018-07-10,20,10,10
2018-07-10,38,26,12
2018-07-10,63,36,27
2018-07-10,39,21,18
2018-07-10,30,17,13
2018-07-10,30,18,12
2018-07-10,16,9,7
2018-07-10,9,2,7
2018-07-10,8,4,4
2018-07-11,3,1,2
2018-07-11,3,1,2
2018-07-11,0,0,0
2018-07-11,1,1,0
2018-07-11,2,0,2
2018-07-11,10,2,8
2018-07-11,16,1,15
2018-07-11,31,9,22
2018-07-11,38,11,27
2018-07-11,20,7,13
2018-07-11,17,3,14
2018-07-11,12,6,6
2018-07-11,14,9,5
2018-07-11,22,12,10
2018-07-11,24,13,11
2018-07-11,35,20,15
2018-07-11,41,29,12
2018-07-11,49,33,16
2018-07-11,44,22,22
2018-07-11,22,12,10
2018-07-11,31,18,13
2018-07-11,19,7,12
2018-07-11,15,7,8
2018-07-11,7,6,1
2018-07-12,8,2,6
2018-07-12,3,1,2
2018-07-12,5,3,2
2018-07-12,0,0,0
2018-07-12,6,1,5
2018-07-12,5,0,5
2018-07-12,10,0,10
2018-07-12,32,12,20
2018-07-12,54,16,38
2018-07-12,21,8,13
2018-07-12,16,7,9
2018-07-12,17,12,5
2018-07-12,16,6,10
2018-07-12,17,8,9
2018-07-12,30,12,18
2018-07-12,28,15,13
2018-07-12,47,36,11
2018-07-12,56,40,16
2018-07-12,41,22,19
2018-07-12,75,34,41
2018-07-12,0,0,0
2018-07-12,0,0,0
2018-07-12,0,0,0
2018-07-12,0,0,0
2018-07-13,0,0,0
2018-07-13,0,0,0
2018-07-13,0,0,0
2018-07-13,0,0,0
2018-07-13,0,0,0
2018-07-13,0,0,0
2018-07-13,0,0,0
2018-07-13,0,0,0
2018-07-13,0,0,0
2018-07-13,0,0,0
2018-07-13,0,0,0
2018-07-13,0,0,0
2018-07-13,0,0,0
2018-07-13,0,0,0
2018-07-13,0,0,0
2018-07-13,0,0,0
2018-07-13,0,0,0
2018-07-13,0,0,0
2018-07-13,0,0,0
2018-07-13,0,0,0
2018-07-13,0,0,0
2018-07-13,0,0,0
2018-07-13,0,0,0
2018-07-13,0,0,0
2018-07-14,0,0,0
2018-07-14,0,0,0
2018-07-14,0,0,0
2018-07-14,0,0,0
2018-07-14,0,0,0
2018-07-14,0,0,0
2018-07-14,0,0,0
2018-07-14,0,0,0
2018-07-14,0,0,0
2018-07-14,0,0,0
2018-07-14,0,0,0
2018-07-14,0,0,0
2018-07-14,0,0,0
2018-07-14,0,0,0
2018-07-14,0,0,0
2018-07-14,0,0,0
2018-07-14,0,0,0
2018-07-14,0,0,0
2018-07-14,0,0,0
2018-07-14,0,0,0
2018-07-14,0,0,0
2018-07-14,0,0,0
2018-07-14,0,0,0
2018-07-14,0,0,0
2018-07-15,0,0,0
2018-07-15,0,0,0
2018-07-15,0,0,0
2018-07-15,0,0,0
2018-07-15,0,0,0
2018-07-15,0,0,0
2018-07-15,0,0,0
2018-07-15,0,0,0
2018-07-15,0,0,0
2018-07-15,0,0,0
2018-07-15,0,0,0
2018-07-15,0,0,0
2018-07-15,0,0,0
2018-07-15,0,0,0
2018-07-15,0,0,0
2018-07-15,0,0,0
2018-07-15,0,0,0
2018-07-15,0,0,0
2018-07-15,0,0,0
2018-07-15,0,0,0
2018-07-15,0,0,0
2018-07-15,0,0,0
2018-07-15,0,0,0
2018-07-15,0,0,0
2018-07-16,0,0,0
2018-07-16,0,0,0
2018-07-16,0,0,0
2018-07-16,0,0,0
2018-07-16,0,0,0
2018-07-16,0,0,0
2018-07-16,0,0,0
2018-07-16,0,0,0
2018-07-16,0,0,0
2018-07-16,0,0,0
2018-07-16,0,0,0
2018-07-16,0,0,0
2018-07-16,0,0,0
2018-07-16,0,0,0
2018-07-16,0,0,0
2018-07-16,0,0,0
2018-07-16,0,0,0
2018-07-16,0,0,0
2018-07-16,0,0,0
2018-07-16,0,0,0
2018-07-16,0,0,0
2018-07-16,0,0,0
2018-07-16,0,0,0
2018-07-16,0,0,0
2018-07-17,0,0,0
2018-07-17,0,0,0
2018-07-17,0,0,0
2018-07-17,0,0,0
2018-07-17,0,0,0
2018-07-17,0,0,0
2018-07-17,0,0,0
2018-07-17,0,0,0
2018-07-17,0,0,0
2018-07-17,0,0,0
2018-07-17,0,0,0
2018-07-17,0,0,0
2018-07-17,22,10,12
2018-07-17,28,13,15
2018-07-17,24,11,13
2018-07-17,26,13,13
2018-07-17,36,22,14
2018-07-17,58,34,24
2018-07-17,50,30,20
2018-07-17,17,9,8
2018-07-17,33,14,19
2018-07-17,28,12,16
2018-07-17,8,3,5
2018-07-17,7,3,4
2018-07-18,1,0,1
2018-07-18,3,1,2
2018-07-18,0,0,0
2018-07-18,0,0,0
2018-07-18,1,0,1
2018-07-18,7,3,4
2018-07-18,15,3,12
2018-07-18,33,6,27
2018-07-18,50,16,34
2018-07-18,14,8,6
2018-07-18,10,4,6
2018-07-18,25,8,17
2018-07-18,19,5,14
2018-07-18,15,7,8
2018-07-18,25,11,14
2018-07-18,13,5,8
2018-07-18,28,17,11
2018-07-18,48,27,21
2018-07-18,50,25,25
2018-07-18,48,26,22
2018-07-18,27,13,14
2018-07-18,11,6,5
2018-07-18,12,5,7
2018-07-18,9,3,6
2018-07-19,0,0,0
2018-07-19,1,0,1
2018-07-19,2,0,2
2018-07-19,0,0,0
2018-07-19,1,0,1
2018-07-19,8,1,7
2018-07-19,18,3,15
2018-07-19,34,3,31
2018-07-19,47,15,32
2018-07-19,29,13,16
2018-07-19,13,4,9
2018-07-19,21,12,9
2018-07-19,16,8,8
2018-07-19,10,6,4
2018-07-19,17,10,7
2018-07-19,26,15,11
2018-07-19,35,23,12
2018-07-19,63,32,31
2018-07-19,33,16,17
2018-07-19,29,13,16
2018-07-19,30,15,15
2018-07-19,22,11,11
2018-07-19,7,3,4
2018-07-19,7,4,3
2018-07-20,4,2,2
2018-07-20,8,4,4
2018-07-20,0,0,0
2018-07-20,0,0,0
2018-07-20,0,0,0
2018-07-20,0,0,0
2018-07-20,8,3,5
2018-07-20,29,7,22
2018-07-20,48,11,37
2018-07-20,17,7,10
2018-07-20,14,7,7
2018-07-20,22,15,7
2018-07-20,14,7,7
2018-07-20,23,12,11
2018-07-20,28,14,14
2018-07-20,22,13,9
2018-07-20,3,0,3
2018-07-20,1,0,1
2018-07-20,0,0,0
2018-07-20,0,0,0
2018-07-20,0,0,0
2018-07-20,0,0,0
2018-07-20,0,0,0
2018-07-20,0,0,0
2018-07-21,24,8,16
2018-07-21,2,1,1
2018-07-21,8,3,5
2018-07-21,1,0,1
2018-07-21,1,0,1
2018-07-21,1,1,0
2018-07-21,2,0,2
2018-07-21,4,0,4
2018-07-21,4,1,3
2018-07-21,5,0,5
2018-07-21,9,2,7
2018-07-21,2,0,2
2018-07-21,8,3,5
2018-07-21,0,0,0
2018-07-21,0,0,0
2018-07-21,0,0,0
2018-07-21,1,0,1
2018-07-21,0,0,0
2018-07-21,12,8,4
2018-07-21,1,0,1
2018-07-21,0,0,0
2018-07-21,9,2,7
2018-07-21,0,0,0
2018-07-21,10,1,9
2018-07-22,11,2,9
2018-07-22,10,3,7
2018-07-22,5,3,2
2018-07-22,0,0,0
2018-07-22,0,0,0
2018-07-22,0,0,0
2018-07-22,0,0,0
2018-07-22,1,0,1
2018-07-22,0,0,0
2018-07-22,2,1,1
2018-07-22,2,0,2
2018-07-22,0,0,0
2018-07-22,3,0,3
2018-07-22,0,0,0
2018-07-22,0,0,0
2018-07-22,0,0,0
2018-07-22,1,0,1
2018-07-22,5,0,5
2018-07-22,3,0,3
2018-07-22,0,0,0
2018-07-22,1,1,0
2018-07-22,0,0,0
2018-07-22,0,0,0
2018-07-22,1,0,1
2018-07-23,3,1,2
2018-07-23,1,1,0
2018-07-23,1,0,1
2018-07-23,1,1,0
2018-07-23,5,1,4
2018-07-23,8,3,5
2018-07-23,13,2,11
2018-07-23,37,7,30
2018-07-23,39,14,25
2018-07-23,25,10,15
2018-07-23,16,11,5
2018-07-23,11,5,6
2018-07-23,12,7,5
2018-07-23,10,4,6
2018-07-23,28,13,15
2018-07-23,21,14,7
2018-07-23,29,17,12
2018-07-23,45,25,20
2018-07-23,48,21,27
2018-07-23,35,15,20
2018-07-23,21,8,13
2018-07-23,14,5,9
2018-07-23,7,3,4
2018-07-23,4,3,1
2018-07-24,4,2,2
2018-07-24,1,1,0
2018-07-24,1,1,0
2018-07-24,0,0,0
2018-07-24,3,1,2
2018-07-24,7,0,7
2018-07-24,17,2,15
2018-07-24,38,11,27
2018-07-24,46,15,31
2018-07-24,33,13,20
2018-07-24,10,6,4
2018-07-24,18,8,10
2018-07-24,12,5,7
2018-07-24,13,5,8
2018-07-24,19,12,7
2018-07-24,15,8,7
2018-07-24,35,23,12
2018-07-24,41,18,23
2018-07-24,44,20,24
2018-07-24,32,15,17
2018-07-24,19,9,10
2018-07-24,22,12,10
2018-07-24,16,7,9
2018-07-24,6,1,5
2018-07-25,1,1,0
2018-07-25,4,0,4
2018-07-25,2,1,1
2018-07-25,3,1,2
2018-07-25,0,0,0
2018-07-25,7,0,7
2018-07-25,21,2,19
2018-07-25,36,11,25
2018-07-25,37,15,22
2018-07-25,29,12,17
2018-07-25,15,7,8
2018-07-25,19,9,10
2018-07-25,16,6,10
2018-07-25,21,7,14
2018-07-25,19,12,7
2018-07-25,22,19,3
2018-07-25,47,26,21
2018-07-25,51,36,15
2018-07-25,55,30,25
2018-07-25,25,13,12
2018-07-25,26,12,14
2018-07-25,16,9,7
2018-07-25,16,8,8
2018-07-25,9,0,9
2018-07-26,3,1,2
2018-07-26,4,3,1
2018-07-26,2,1,1
2018-07-26,0,0,0
2018-07-26,3,0,3
2018-07-26,7,0,7
2018-07-26,27,3,24
2018-07-26,37,7,30
2018-07-26,44,12,32
2018-07-26,37,18,19
2018-07-26,15,6,9
2018-07-26,20,12,8
2018-07-26,27,12,15
2018-07-26,15,9,6
2018-07-26,25,14,11
2018-07-26,21,13,8
2018-07-26,34,24,10
2018-07-26,45,24,21
2018-07-26,41,20,21
2018-07-26,27,14,13
2018-07-26,26,17,9
2018-07-26,20,12,8
2018-07-26,12,8,4
2018-07-26,5,1,4
2018-07-27,3,2,1
2018-07-27,3,1,2
2018-07-27,3,1,2
2018-07-27,0,0,0
2018-07-27,1,0,1
2018-07-27,7,3,4
2018-07-27,19,2,17
2018-07-27,25,3,22
2018-07-27,40,16,24
2018-07-27,14,7,7
2018-07-27,15,5,10
2018-07-27,13,5,8
2018-07-27,19,8,11
2018-07-27,17,7,10
2018-07-27,18,8,10
2018-07-27,35,21,14
2018-07-27,32,18,14
2018-07-27,48,32,16
2018-07-27,33,15,18
2018-07-27,24,10,14
2018-07-27,14,6,8
2018-07-27,25,16,9
2018-07-27,15,6,9
2018-07-27,6,1,5
2018-07-28,12,2,10
2018-07-28,12,6,6
2018-07-28,16,2,14
2018-07-28,3,1,2
2018-07-28,1,0,1
2018-07-28,2,0,2
2018-07-28,10,1,9
2018-07-28,7,3,4
2018-07-28,10,5,5
2018-07-28,6,5,1
2018-07-28,13,7,6
2018-07-28,22,12,10
2018-07-28,18,6,12
2018-07-28,17,12,5
2018-07-28,18,11,7
2018-07-28,12,5,7
2018-07-28,11,3,8
2018-07-28,22,14,8
2018-07-28,19,8,11
2018-07-28,12,3,9
2018-07-28,13,10,3
2018-07-28,13,5,8
2018-07-28,9,3,6
2018-07-28,8,5,3
2018-07-29,4,1,3
2018-07-29,11,3,8
2018-07-29,13,1,12
2018-07-29,0,0,0
2018-07-29,1,0,1
2018-07-29,1,0,1
2018-07-29,8,0,8
2018-07-29,7,5,2
2018-07-29,6,3,3
2018-07-29,5,3,2
2018-07-29,11,3,8
2018-07-29,14,10,4
2018-07-29,30,12,18
2018-07-29,26,8,18
2018-07-29,14,8,6
2018-07-29,16,7,9
2018-07-29,15,6,9
2018-07-29,14,10,4
2018-07-29,12,3,9
2018-07-29,29,13,16
2018-07-29,10,7,3
2018-07-29,14,6,8
2018-07-29,10,3,7
2018-07-29,5,0,5
2018-07-30,5,2,3
2018-07-30,3,3,0
2018-07-30,1,0,1
2018-07-30,0,0,0
2018-07-30,2,0,2
2018-07-30,8,2,6
2018-07-30,15,2,13
2018-07-30,28,6,22
2018-07-30,40,16,24
2018-07-30,20,6,14
2018-07-30,14,5,9
2018-07-30,12,5,7
2018-07-30,14,8,6
2018-07-30,16,6,10
2018-07-30,27,15,12
2018-07-30,20,15,5
2018-07-30,38,22,16
2018-07-30,50,33,17
2018-07-30,40,18,22
2018-07-30,28,16,12
2018-07-30,22,13,9
2018-07-30,25,11,14
2018-07-30,8,2,6
2018-07-30,8,4,4
2018-07-31,1,0,1
2018-07-31,1,0,1
2018-07-31,1,1,0
2018-07-31,0,0,0
2018-07-31,1,0,1
2018-07-31,6,1,5
2018-07-31,17,3,14
2018-07-31,39,9,30
2018-07-31,48,16,32
2018-07-31,24,8,16
2018-07-31,18,7,11
2018-07-31,22,11,11
2018-07-31,22,12,10
2018-07-31,25,13,12
2018-07-31,22,14,8
2018-07-31,28,14,14
2018-07-31,41,26,15
2018-07-31,65,34,31
2018-07-31,46,17,29
2018-07-31,44,23,21
2018-07-31,19,11,8
2018-07-31,14,6,8
2018-07-31,10,6,4
2018-07-31,17,10,7
2018-08-01,2,0,2
2018-08-01,2,1,1
2018-08-01,0,0,0
2018-08-01,0,0,0
2018-08-01,0,0,0
2018-08-01,3,0,3
2018-08-01,15,4,11
2018-08-01,40,12,28
2018-08-01,44,16,28
2018-08-01,24,6,18
2018-08-01,23,7,16
2018-08-01,13,3,10
2018-08-01,20,10,10
2018-08-01,17,11,6
2018-08-01,23,14,9
2018-08-01,22,13,9
2018-08-01,36,20,16
2018-08-01,58,28,30
2018-08-01,43,29,14
2018-08-01,27,9,18
2018-08-01,27,16,11
2018-08-01,23,6,17
2018-08-01,10,4,6
2018-08-01,7,4,3
2018-08-02,4,0,4
2018-08-02,0,0,0
2018-08-02,1,0,1
2018-08-02,4,3,1
2018-08-02,2,0,2
2018-08-02,4,1,3
2018-08-02,24,4,20
2018-08-02,32,13,19
2018-08-02,51,24,27
2018-08-02,31,11,20
2018-08-02,11,5,6
2018-08-02,13,2,11
2018-08-02,16,8,8
2018-08-02,19,7,12
2018-08-02,16,3,13
2018-08-02,23,18,5
2018-08-02,26,15,11
2018-08-02,60,32,28
2018-08-02,53,26,27
2018-08-02,33,14,19
2018-08-02,22,10,12
2018-08-02,19,13,6
2018-08-02,17,7,10
2018-08-02,7,2,5
2018-08-03,24,7,17
2018-08-03,2,1,1
2018-08-03,2,0,2
2018-08-03,1,1,0
2018-08-03,0,0,0
2018-08-03,7,1,6
2018-08-03,12,2,10
2018-08-03,23,8,15
2018-08-03,30,11,19
2018-08-03,15,5,10
2018-08-03,10,3,7
2018-08-03,13,6,7
2018-08-03,22,6,16
2018-08-03,18,9,9
2018-08-03,23,14,9
2018-08-03,20,14,6
2018-08-03,16,10,6
2018-08-03,40,22,18
2018-08-03,18,6,12
2018-08-03,22,12,10
2018-08-03,19,10,9
2018-08-03,13,8,5
2018-08-03,13,8,5
2018-08-03,11,8,3
2018-08-04,22,13,9
2018-08-04,5,2,3
2018-08-04,4,0,4
2018-08-04,1,1,0
2018-08-04,0,0,0
2018-08-04,0,0,0
2018-08-04,8,0,8
2018-08-04,11,2,9
2018-08-04,8,5,3
2018-08-04,8,5,3
2018-08-04,19,8,11
2018-08-04,11,6,5
2018-08-04,22,15,7
2018-08-04,25,12,13
2018-08-04,20,12,8
2018-08-04,19,8,11
2018-08-04,18,7,11
2018-08-04,20,11,9
2018-08-04,15,8,7
2018-08-04,12,6,6
2018-08-04,19,8,11
2018-08-04,16,8,8
2018-08-04,15,9,6
2018-08-04,15,7,8
2018-08-05,11,9,2
2018-08-05,22,5,17
2018-08-05,11,1,10
2018-08-05,4,2,2
2018-08-05,1,0,1
2018-08-05,2,1,1
2018-08-05,7,1,6
2018-08-05,6,2,4
2018-08-05,1,1,0
2018-08-05,12,7,5
2018-08-05,7,3,4
2018-08-05,20,5,15
2018-08-05,16,7,9
2018-08-05,10,4,6
2018-08-05,15,7,8
2018-08-05,29,15,14
2018-08-05,20,14,6
2018-08-05,31,21,10
2018-08-05,25,6,19
2018-08-05,25,9,16
2018-08-05,17,10,7
2018-08-05,9,4,5
2018-08-05,5,3,2
2018-08-05,4,3,1
2018-08-06,3,1,2
2018-08-06,3,1,2
2018-08-06,1,0,1
2018-08-06,0,0,0
2018-08-06,3,0,3
2018-08-06,5,0,5
2018-08-06,24,4,20
2018-08-06,31,13,18
2018-08-06,38,9,29
2018-08-06,22,9,13
2018-08-06,15,6,9
2018-08-06,17,11,6
2018-08-06,15,6,9
2018-08-06,8,3,5
2018-08-06,18,10,8
2018-08-06,24,11,13
2018-08-06,37,18,19
2018-08-06,61,41,20
2018-08-06,44,23,21
2018-08-06,36,22,14
2018-08-06,27,9,18
2018-08-06,9,5,4
2018-08-06,7,3,4
2018-08-06,8,5,3
2018-08-07,3,1,2
2018-08-07,2,2,0
2018-08-07,0,0,0
2018-08-07,0,0,0
2018-08-07,2,0,2
2018-08-07,2,0,2
2018-08-07,28,6,22
2018-08-07,38,7,31
2018-08-07,47,15,32
2018-08-07,27,10,17
2018-08-07,17,6,11
2018-08-07,13,4,9
2018-08-07,18,7,11
2018-08-07,21,9,12
2018-08-07,23,18,5
2018-08-07,28,16,12
2018-08-07,45,23,22
2018-08-07,80,51,29
2018-08-07,47,25,22
2018-08-07,33,14,19
2018-08-07,27,11,16
2018-08-07,19,11,8
2018-08-07,17,8,9
2018-08-07,11,7,4
2018-08-08,5,1,4
2018-08-08,2,0,2
2018-08-08,0,0,0
2018-08-08,0,0,0
2018-08-08,0,0,0
2018-08-08,5,0,5
2018-08-08,21,5,16
2018-08-08,37,10,27
2018-08-08,45,18,27
2018-08-08,21,11,10
2018-08-08,8,5,3
2018-08-08,9,2,7
2018-08-08,22,10,12
2018-08-08,16,6,10
2018-08-08,22,15,7
2018-08-08,24,16,8
2018-08-08,35,22,13
2018-08-08,62,34,28
2018-08-08,44,16,28
2018-08-08,24,15,9
2018-08-08,17,6,11
2018-08-08,18,6,12
2018-08-08,6,2,4
2018-08-08,9,6,3
2018-08-09,5,4,1
2018-08-09,2,2,0
2018-08-09,4,3,1
2018-08-09,0,0,0
2018-08-09,2,0,2
2018-08-09,5,0,5
2018-08-09,13,2,11
2018-08-09,35,7,28
2018-08-09,32,8,24
2018-08-09,30,15,15
2018-08-09,23,8,15
2018-08-09,12,4,8
2018-08-09,14,6,8
2018-08-09,13,6,7
2018-08-09,24,17,7
2018-08-09,21,12,9
2018-08-09,35,21,14
2018-08-09,46,29,17
2018-08-09,35,16,19
2018-08-09,29,12,17
2018-08-09,22,12,10
2018-08-09,18,10,8
2018-08-09,6,2,4
2018-08-09,7,2,5
2018-08-10,9,8,1
2018-08-10,2,1,1
2018-08-10,4,1,3
2018-08-10,0,0,0
2018-08-10,1,1,0
2018-08-10,4,0,4
2018-08-10,22,4,18
2018-08-10,30,10,20
2018-08-10,39,12,27
2018-08-10,18,8,10
2018-08-10,13,4,9
2018-08-10,13,4,9
2018-08-10,13,6,7
2018-08-10,12,5,7
2018-08-10,26,8,18
2018-08-10,23,12,11
2018-08-10,28,14,14
2018-08-10,58,35,23
2018-08-10,41,23,18
2018-08-10,28,21,7
2018-08-10,14,6,8
2018-08-10,19,10,9
2018-08-10,20,10,10
2018-08-10,12,7,5
2018-08-11,9,3,6
2018-08-11,3,1,2
2018-08-11,4,2,2
2018-08-11,1,0,1
2018-08-11,1,0,1
2018-08-11,2,0,2
2018-08-11,7,0,7
2018-08-11,8,5,3
2018-08-11,5,4,1
2018-08-11,5,1,4
2018-08-11,10,6,4
2018-08-11,12,3,9
2018-08-11,17,5,12
2018-08-11,16,6,10
2018-08-11,16,6,10
2018-08-11,9,2,7
2018-08-11,17,6,11
2018-08-11,5,2,3
2018-08-11,15,5,10
2018-08-11,12,5,7
2018-08-11,13,7,6
2018-08-11,11,5,6
2018-08-11,3,3,0
2018-08-11,6,3,3
2018-08-12,7,2,5
2018-08-12,6,2,4
2018-08-12,15,5,10
2018-08-12,4,4,0
2018-08-12,1,0,1
2018-08-12,4,0,4
2018-08-12,4,0,4
2018-08-12,7,2,5
2018-08-12,6,4,2
2018-08-12,7,3,4
2018-08-12,12,8,4
2018-08-12,25,10,15
2018-08-12,15,10,5
2018-08-12,11,5,6
2018-08-12,21,10,11
2018-08-12,16,8,8
2018-08-12,23,15,8
2018-08-12,23,7,16
2018-08-12,17,7,10
2018-08-12,23,18,5
2018-08-12,11,3,8
2018-08-12,10,9,1
2018-08-12,4,1,3
2018-08-12,6,1,5
2018-08-13,2,1,1
2018-08-13,5,4,1
2018-08-13,5,4,1
2018-08-13,0,0,0
2018-08-13,3,1,2
2018-08-13,9,2,7
2018-08-13,13,3,10
2018-08-13,31,11,20
2018-08-13,36,8,28
2018-08-13,23,11,12
2018-08-13,14,7,7
2018-08-13,14,5,9
2018-08-13,22,13,9
2018-08-13,20,6,14
2018-08-13,27,15,12
2018-08-13,22,13,9
2018-08-13,29,12,17
2018-08-13,51,29,22
2018-08-13,53,29,24
2018-08-13,28,18,10
2018-08-13,21,11,10
2018-08-13,7,3,4
2018-08-13,9,5,4
2018-08-13,6,2,4
2018-08-14,4,2,2
2018-08-14,3,0,3
2018-08-14,1,0,1
2018-08-14,1,1,0
2018-08-14,1,0,1
2018-08-14,3,0,3
2018-08-14,17,2,15
2018-08-14,43,16,27
2018-08-14,41,12,29
2018-08-14,24,7,17
2018-08-14,13,8,5
2018-08-14,17,10,7
2018-08-14,18,10,8
2018-08-14,16,7,9
2018-08-14,11,7,4
2018-08-14,25,14,11
2018-08-14,42,29,13
2018-08-14,55,32,23
2018-08-14,49,27,22
2018-08-14,29,14,15
2018-08-14,13,3,10
2018-08-14,19,7,12
2018-08-14,13,3,10
2018-08-14,8,1,7
2018-08-15,3,3,0
2018-08-15,3,0,3
2018-08-15,2,0,2
2018-08-15,1,1,0
2018-08-15,1,1,0
2018-08-15,4,1,3
2018-08-15,10,3,7
2018-08-15,40,13,27
2018-08-15,32,8,24
2018-08-15,20,5,15
2018-08-15,11,4,7
2018-08-15,7,3,4
2018-08-15,15,6,9
2018-08-15,12,10,2
2018-08-15,20,10,10
2018-08-15,23,13,10
2018-08-15,36,20,16
2018-08-15,55,38,17
2018-08-15,28,20,8
2018-08-15,35,20,15
2018-08-15,27,11,16
2018-08-15,9,6,3
2018-08-15,11,4,7
2018-08-15,5,1,4
2018-08-16,2,0,2
2018-08-16,1,0,1
2018-08-16,0,0,0
2018-08-16,0,0,0
2018-08-16,3,2,1
2018-08-16,6,2,4
2018-08-16,23,3,20
2018-08-16,38,9,29
2018-08-16,32,10,22
2018-08-16,20,7,13
2018-08-16,13,3,10
2018-08-16,21,11,10
2018-08-16,23,13,10
2018-08-16,19,7,12
2018-08-16,22,12,10
2018-08-16,17,8,9
2018-08-16,30,18,12
2018-08-16,44,26,18
2018-08-16,32,13,19
2018-08-16,28,8,20
2018-08-16,27,19,8
2018-08-16,22,12,10
2018-08-16,10,5,5
2018-08-16,7,3,4
2018-08-17,2,1,1
2018-08-17,2,2,0
2018-08-17,7,2,5
2018-08-17,0,0,0
2018-08-17,1,0,1
2018-08-17,7,2,5
2018-08-17,19,6,13
2018-08-17,25,5,20
2018-08-17,35,12,23
2018-08-17,16,6,10
2018-08-17,11,4,7
2018-08-17,19,12,7
2018-08-17,11,6,5
2018-08-17,14,9,5
2018-08-17,20,8,12
2018-08-17,19,11,8
2018-08-17,41,24,17
2018-08-17,47,28,19
2018-08-17,29,17,12
2018-08-17,26,8,18
2018-08-17,16,10,6
2018-08-17,18,8,10
2018-08-17,20,13,7
2018-08-17,11,7,4
2018-08-18,13,8,5
2018-08-18,8,6,2
2018-08-18,0,0,0
2018-08-18,0,0,0
2018-08-18,4,2,2
2018-08-18,1,0,1
2018-08-18,6,0,6
2018-08-18,3,2,1
2018-08-18,6,3,3
2018-08-18,11,7,4
2018-08-18,14,7,7
2018-08-18,16,6,10
2018-08-18,19,9,10
2018-08-18,15,10,5
2018-08-18,12,5,7
2018-08-18,10,5,5
2018-08-18,26,9,17
2018-08-18,12,5,7
2018-08-18,18,9,9
2018-08-18,18,13,5
2018-08-18,18,8,10
2018-08-18,13,6,7
2018-08-18,6,3,3
2018-08-18,10,2,8
2018-08-19,8,1,7
2018-08-19,14,2,12
2018-08-19,20,3,17
2018-08-19,2,1,1
2018-08-19,2,0,2
2018-08-19,1,0,1
2018-08-19,6,0,6
2018-08-19,7,5,2
2018-08-19,5,2,3
2018-08-19,10,5,5
2018-08-19,7,4,3
2018-08-19,13,4,9
2018-08-19,16,4,12
2018-08-19,14,6,8
2018-08-19,30,6,24
2018-08-19,20,12,8
2018-08-19,24,17,7
2018-08-19,25,9,16
2018-08-19,13,3,10
2018-08-19,16,8,8
2018-08-19,11,4,7
2018-08-19,8,5,3
2018-08-19,3,1,2
2018-08-19,5,1,4
2018-08-20,2,0,2
2018-08-20,2,0,2
2018-08-20,1,1,0
2018-08-20,2,1,1
2018-08-20,2,1,1
2018-08-20,4,0,4
2018-08-20,13,4,9
2018-08-20,26,8,18
2018-08-20,39,10,29
2018-08-20,15,7,8
2018-08-20,4,1,3
2018-08-20,10,4,6
2018-08-20,10,3,7
2018-08-20,13,6,7
2018-08-20,16,7,9
2018-08-20,16,13,3
2018-08-20,30,21,9
2018-08-20,31,22,9
2018-08-20,38,20,18
2018-08-20,11,6,5
2018-08-20,13,6,7
2018-08-20,11,3,8
2018-08-20,4,2,2
2018-08-20,7,2,5
2018-08-21,6,4,2
2018-08-21,4,3,1
2018-08-21,2,2,0
2018-08-21,1,1,0
2018-08-21,1,0,1
2018-08-21,6,0,6
2018-08-21,16,3,13
2018-08-21,20,5,15
2018-08-21,28,6,22
2018-08-21,15,7,8
2018-08-21,8,4,4
2018-08-21,17,8,9
2018-08-21,11,6,5
2018-08-21,12,2,10
2018-08-21,17,7,10
2018-08-21,16,10,6
2018-08-21,43,29,14
2018-08-21,54,34,20
2018-08-21,42,20,22
2018-08-21,15,9,6
2018-08-21,8,4,4
2018-08-21,14,6,8
2018-08-21,12,8,4
2018-08-21,4,2,2
2018-08-22,3,0,3
2018-08-22,1,1,0
2018-08-22,2,1,1
2018-08-22,0,0,0
2018-08-22,0,0,0
2018-08-22,4,1,3
2018-08-22,26,8,18
2018-08-22,24,4,20
2018-08-22,28,10,18
2018-08-22,15,6,9
2018-08-22,6,4,2
2018-08-22,13,3,10
2018-08-22,14,8,6
2018-08-22,22,15,7
2018-08-22,17,11,6
2018-08-22,17,10,7
2018-08-22,24,16,8
2018-08-22,34,20,14
2018-08-22,32,14,18
2018-08-22,25,18,7
2018-08-22,14,7,7
2018-08-22,9,3,6
2018-08-22,11,7,4
2018-08-22,6,3,3
2018-08-23,2,0,2
2018-08-23,1,0,1
2018-08-23,2,0,2
2018-08-23,0,0,0
2018-08-23,1,0,1
2018-08-23,6,0,6
2018-08-23,18,1,17
2018-08-23,27,4,23
2018-08-23,24,3,21
2018-08-23,15,7,8
2018-08-23,21,6,15
2018-08-23,10,3,7
2018-08-23,11,4,7
2018-08-23,12,3,9
2018-08-23,13,6,7
2018-08-23,20,15,5
2018-08-23,30,15,15
2018-08-23,46,30,16
2018-08-23,31,19,12
2018-08-23,26,18,8
2018-08-23,19,10,9
2018-08-23,14,9,5
2018-08-23,8,3,5
2018-08-23,12,9,3
2018-08-24,7,0,7
2018-08-24,1,1,0
2018-08-24,2,1,1
2018-08-24,1,1,0
2018-08-24,3,1,2
2018-08-24,5,1,4
2018-08-24,16,2,14
2018-08-24,25,5,20
2018-08-24,24,3,21
2018-08-24,15,5,10
2018-08-24,18,8,10
2018-08-24,9,4,5
2018-08-24,20,13,7
2018-08-24,18,8,10
2018-08-24,21,14,7
2018-08-24,18,9,9
2018-08-24,32,20,12
2018-08-24,40,23,17
2018-08-24,32,16,16
2018-08-24,30,14,16
2018-08-24,23,14,9
2018-08-24,15,6,9
2018-08-24,8,4,4
2018-08-24,8,6,2
2018-08-25,5,1,4
2018-08-25,3,2,1
2018-08-25,3,0,3
2018-08-25,1,1,0
2018-08-25,0,0,0
2018-08-25,0,0,0
2018-08-25,11,0,11
2018-08-25,3,3,0
2018-08-25,9,4,5
2018-08-25,9,1,8
2018-08-25,17,8,9
2018-08-25,13,10,3
2018-08-25,11,6,5
2018-08-25,13,8,5
2018-08-25,17,8,9
2018-08-25,12,6,6
2018-08-25,21,14,7
2018-08-25,15,9,6
2018-08-25,11,5,6
2018-08-25,13,4,9
2018-08-25,9,3,6
2018-08-25,14,7,7
2018-08-25,6,2,4
2018-08-25,14,6,8
2018-08-26,11,3,8
2018-08-26,14,5,9
2018-08-26,21,6,15
2018-08-26,1,1,0
2018-08-26,1,0,1
2018-08-26,4,0,4
2018-08-26,7,1,6
2018-08-26,2,1,1
2018-08-26,4,3,1
2018-08-26,9,5,4
2018-08-26,15,9,6
2018-08-26,4,1,3
2018-08-26,6,4,2
2018-08-26,21,15,6
2018-08-26,18,8,10
2018-08-26,16,8,8
2018-08-26,21,13,8
2018-08-26,20,5,15
2018-08-26,17,9,8
2018-08-26,10,6,4
2018-08-26,5,5,0
2018-08-26,9,4,5
2018-08-26,6,2,4
2018-08-26,5,4,1
2018-08-27,1,1,0
2018-08-27,1,0,1
2018-08-27,2,1,1
2018-08-27,0,0,0
2018-08-27,5,2,3
2018-08-27,6,2,4
2018-08-27,10,1,9
2018-08-27,28,8,20
2018-08-27,31,10,21
2018-08-27,25,10,15
2018-08-27,15,5,10
2018-08-27,7,4,3
2018-08-27,9,5,4
2018-08-27,12,5,7
2018-08-27,22,12,10
2018-08-27,24,8,16
2018-08-27,34,15,19
2018-08-27,52,31,21
2018-08-27,39,14,25
2018-08-27,29,18,11
2018-08-27,15,6,9
2018-08-27,21,12,9
2018-08-27,1,0,1
2018-08-27,3,0,3
2018-08-28,2,1,1
2018-08-28,1,1,0
2018-08-28,2,1,1
2018-08-28,1,0,1
2018-08-28,1,0,1
2018-08-28,5,1,4
2018-08-28,15,1,14
2018-08-28,41,9,32
2018-08-28,40,9,31
2018-08-28,25,9,16
2018-08-28,15,7,8
2018-08-28,18,7,11
2018-08-28,12,8,4
2018-08-28,17,5,12
2018-08-28,15,7,8
2018-08-28,21,13,8
2018-08-28,32,23,9
2018-08-28,71,37,34
2018-08-28,51,24,27
2018-08-28,35,19,16
2018-08-28,27,11,16
2018-08-28,17,6,11
2018-08-28,8,5,3
2018-08-28,14,4,10
2018-08-29,3,1,2
2018-08-29,2,1,1
2018-08-29,1,1,0
2018-08-29,0,0,0
2018-08-29,1,0,1
2018-08-29,3,0,3
2018-08-29,17,1,16
2018-08-29,36,10,26
2018-08-29,37,9,28
2018-08-29,28,11,17
2018-08-29,12,4,8
2018-08-29,15,7,8
2018-08-29,19,10,9
2018-08-29,15,7,8
2018-08-29,18,8,10
2018-08-29,20,13,7
2018-08-29,33,18,15
2018-08-29,64,33,31
2018-08-29,35,18,17
2018-08-29,28,19,9
2018-08-29,27,13,14
2018-08-29,15,8,7
2018-08-29,11,6,5
2018-08-29,2,1,1
2018-08-30,7,5,2
2018-08-30,0,0,0
2018-08-30,0,0,0
2018-08-30,0,0,0
2018-08-30,1,0,1
2018-08-30,6,2,4
2018-08-30,17,0,17
2018-08-30,24,10,14
2018-08-30,47,9,38
2018-08-30,20,7,13
2018-08-30,19,8,11
2018-08-30,15,8,7
2018-08-30,20,11,9
2018-08-30,9,7,2
2018-08-30,17,11,6
2018-08-30,21,9,12
2018-08-30,26,15,11
2018-08-30,60,28,32
2018-08-30,46,28,18
2018-08-30,26,17,9
2018-08-30,17,9,8
2018-08-30,13,6,7
2018-08-30,14,7,7
2018-08-30,6,3,3
2018-08-31,9,5,4
2018-08-31,1,1,0
2018-08-31,2,0,2
2018-08-31,1,0,1
2018-08-31,0,0,0
2018-08-31,3,0,3
2018-08-31,17,2,15
2018-08-31,17,3,14
2018-08-31,27,3,24
2018-08-31,16,8,8
2018-08-31,16,4,12
2018-08-31,18,12,6
2018-08-31,18,11,7
2018-08-31,17,9,8
2018-08-31,9,4,5
2018-08-31,23,9,14
2018-08-31,27,15,12
2018-08-31,36,25,11
2018-08-31,37,18,19
2018-08-31,27,15,12
2018-08-31,15,7,8
2018-08-31,7,1,6
2018-08-31,9,4,5
2018-08-31,9,5,4
2018-09-01,18,10,8
2018-09-01,14,5,9
2018-09-01,3,0,3
2018-09-01,1,1,0
2018-09-01,0,0,0
2018-09-01,5,1,4
2018-09-01,5,0,5
2018-09-01,5,4,1
2018-09-01,7,5,2
2018-09-01,8,5,3
2018-09-01,14,6,8
2018-09-01,12,5,7
2018-09-01,13,7,6
2018-09-01,19,8,11
2018-09-01,15,8,7
2018-09-01,31,19,12
2018-09-01,15,7,8
2018-09-01,14,8,6
2018-09-01,22,12,10
2018-09-01,17,7,10
2018-09-01,14,12,2
2018-09-01,9,4,5
2018-09-01,12,6,6
2018-09-01,8,1,7
2018-09-02,10,5,5
2018-09-02,2,0,2
2018-09-02,5,1,4
2018-09-02,2,1,1
2018-09-02,1,0,1
2018-09-02,1,0,1
2018-09-02,7,0,7
2018-09-02,5,3,2
2018-09-02,7,3,4
2018-09-02,15,8,7
2018-09-02,8,5,3
2018-09-02,10,4,6
2018-09-02,15,7,8
2018-09-02,15,9,6
2018-09-02,16,6,10
2018-09-02,33,18,15
2018-09-02,25,16,9
2018-09-02,19,10,9
2018-09-02,18,10,8
2018-09-02,17,10,7
2018-09-02,23,15,8
2018-09-02,18,13,5
2018-09-02,9,7,2
2018-09-02,3,1,2
2018-09-03,8,4,4
2018-09-03,5,0,5
2018-09-03,5,1,4
2018-09-03,1,0,1
2018-09-03,1,1,0
2018-09-03,5,0,5
2018-09-03,4,3,1
2018-09-03,9,4,5
2018-09-03,11,7,4
2018-09-03,5,4,1
2018-09-03,13,8,5
2018-09-03,14,8,6
2018-09-03,7,4,3
2018-09-03,12,8,4
2018-09-03,17,9,8
2018-09-03,19,9,10
2018-09-03,21,10,11
2018-09-03,18,9,9
2018-09-03,26,9,17
2018-09-03,9,7,2
2018-09-03,10,5,5
2018-09-03,6,2,4
2018-09-03,5,3,2
2018-09-03,6,2,4
2018-09-04,2,1,1
2018-09-04,3,1,2
2018-09-04,0,0,0
2018-09-04,0,0,0
2018-09-04,1,0,1
2018-09-04,7,1,6
2018-09-04,14,2,12
2018-09-04,29,10,19
2018-09-04,43,10,33
2018-09-04,20,9,11
2018-09-04,18,10,8
2018-09-04,13,5,8
2018-09-04,23,12,11
2018-09-04,25,13,12
2018-09-04,11,4,7
2018-09-04,22,14,8
2018-09-04,32,21,11
2018-09-04,68,39,29
2018-09-04,44,21,23
2018-09-04,31,18,13
2018-09-04,7,3,4
2018-09-04,18,8,10
2018-09-04,10,4,6
2018-09-04,9,3,6
2018-09-05,3,1,2
2018-09-05,1,1,0
2018-09-05,0,0,0
2018-09-05,1,0,1
2018-09-05,0,0,0
2018-09-05,8,1,7
2018-09-05,17,2,15
2018-09-05,42,6,36
2018-09-05,47,11,36
2018-09-05,14,4,10
2018-09-05,24,15,9
2018-09-05,17,8,9
2018-09-05,11,5,6
2018-09-05,10,3,7
2018-09-05,23,12,11
2018-09-05,20,11,9
2018-09-05,38,27,11
2018-09-05,58,38,20
2018-09-05,40,25,15
2018-09-05,31,18,13
2018-09-05,34,19,15
2018-09-05,23,8,15
2018-09-05,5,2,3
2018-09-05,6,4,2
2018-09-06,3,0,3
2018-09-06,0,0,0
2018-09-06,0,0,0
2018-09-06,1,0,1
2018-09-06,1,0,1
2018-09-06,10,2,8
2018-09-06,13,2,11
2018-09-06,28,5,23
2018-09-06,38,8,30
2018-09-06,16,7,9
2018-09-06,12,4,8
2018-09-06,10,3,7
2018-09-06,21,11,10
2018-09-06,6,3,3
2018-09-06,11,8,3
2018-09-06,25,13,12
2018-09-06,38,22,16
2018-09-06,47,29,18
2018-09-06,31,11,20
2018-09-06,28,12,16
2018-09-06,15,8,7
2018-09-06,15,9,6
2018-09-06,13,6,7
2018-09-06,6,4,2
2018-09-07,2,1,1
2018-09-07,1,1,0
2018-09-07,2,1,1
2018-09-07,0,0,0
2018-09-07,3,0,3
2018-09-07,5,1,4
2018-09-07,20,2,18
2018-09-07,19,2,17
2018-09-07,32,8,24
2018-09-07,22,9,13
2018-09-07,9,5,4
2018-09-07,15,8,7
2018-09-07,8,4,4
2018-09-07,16,6,10
2018-09-07,21,10,11
2018-09-07,32,18,14
2018-09-07,32,15,17
2018-09-07,51,27,24
2018-09-07,31,11,20
2018-09-07,25,13,12
2018-09-07,8,6,2
2018-09-07,13,7,6
2018-09-07,7,4,3
2018-09-07,7,6,1
2018-09-08,15,9,6
2018-09-08,5,2,3
2018-09-08,4,0,4
2018-09-08,2,0,2
2018-09-08,0,0,0
2018-09-08,2,0,2
2018-09-08,10,2,8
2018-09-08,7,1,6
2018-09-08,4,1,3
2018-09-08,5,2,3
2018-09-08,5,2,3
2018-09-08,13,2,11
2018-09-08,12,7,5
2018-09-08,13,9,4
2018-09-08,15,9,6
2018-09-08,19,12,7
2018-09-08,8,7,1
2018-09-08,33,19,14
2018-09-08,12,6,6
2018-09-08,7,3,4
2018-09-08,17,10,7
2018-09-08,13,9,4
2018-09-08,12,7,5
2018-09-08,13,7,6
2018-09-09,13,6,7
2018-09-09,9,2,7
2018-09-09,7,3,4
2018-09-09,1,0,1
2018-09-09,1,0,1
2018-09-09,4,1,3
2018-09-09,8,1,7
2018-09-09,7,4,3
2018-09-09,1,1,0
2018-09-09,4,1,3
2018-09-09,11,8,3
2018-09-09,22,14,8
2018-09-09,15,8,7
2018-09-09,15,8,7
2018-09-09,14,9,5
2018-09-09,19,7,12
2018-09-09,22,13,9
2018-09-09,18,9,9
2018-09-09,15,4,11
2018-09-09,17,12,5
2018-09-09,8,3,5
2018-09-09,5,3,2
2018-09-09,3,1,2
2018-09-09,2,0,2
2018-09-10,4,1,3
2018-09-10,0,0,0
2018-09-10,0,0,0
2018-09-10,0,0,0
2018-09-10,4,0,4
2018-09-10,4,1,3
2018-09-10,12,4,8
2018-09-10,32,5,27
2018-09-10,34,7,27
2018-09-10,25,11,14
2018-09-10,10,9,1
2018-09-10,6,2,4
2018-09-10,13,2,11
2018-09-10,12,6,6
2018-09-10,14,10,4
2018-09-10,20,12,8
2018-09-10,25,15,10
2018-09-10,44,22,22
2018-09-10,32,16,16
2018-09-10,22,11,11
2018-09-10,12,8,4
2018-09-10,17,7,10
2018-09-10,9,2,7
2018-09-10,5,3,2
2018-09-11,7,3,4
2018-09-11,2,0,2
2018-09-11,1,1,0
2018-09-11,1,1,0
2018-09-11,2,0,2
2018-09-11,4,0,4
2018-09-11,17,3,14
2018-09-11,24,6,18
2018-09-11,36,11,25
2018-09-11,24,6,18
2018-09-11,11,4,7
2018-09-11,14,8,6
2018-09-11,16,6,10
2018-09-11,17,9,8
2018-09-11,23,13,10
2018-09-11,22,12,10
2018-09-11,31,18,13
2018-09-11,56,37,19
2018-09-11,43,17,26
2018-09-11,26,9,17
2018-09-11,18,10,8
2018-09-11,14,7,7
2018-09-11,8,2,6
2018-09-11,13,7,6
2018-09-12,1,0,1
2018-09-12,2,0,2
2018-09-12,1,0,1
2018-09-12,0,0,0
2018-09-12,1,0,1
2018-09-12,5,0,5
2018-09-12,18,3,15
2018-09-12,26,6,20
2018-09-12,32,9,23
2018-09-12,19,6,13
2018-09-12,15,11,4
2018-09-12,7,3,4
2018-09-12,8,6,2
2018-09-12,15,7,8
2018-09-12,23,13,10
2018-09-12,15,8,7
2018-09-12,22,16,6
2018-09-12,47,34,13
2018-09-12,40,23,17
2018-09-12,35,20,15
2018-09-12,10,7,3
2018-09-12,17,8,9
2018-09-12,10,4,6
2018-09-12,5,2,3
2018-09-13,1,0,1
2018-09-13,2,1,1
2018-09-13,1,0,1
2018-09-13,1,1,0
2018-09-13,2,0,2
2018-09-13,6,1,5
2018-09-13,15,4,11
2018-09-13,28,10,18
2018-09-13,41,14,27
2018-09-13,22,9,13
2018-09-13,11,4,7
2018-09-13,17,9,8
2018-09-13,15,8,7
2018-09-13,13,8,5
2018-09-13,26,12,14
2018-09-13,22,11,11
2018-09-13,32,21,11
2018-09-13,49,30,19
2018-09-13,37,19,18
2018-09-13,35,14,21
2018-09-13,15,9,6
2018-09-13,9,3,6
2018-09-13,15,10,5
2018-09-13,6,3,3
2018-09-14,2,1,1
2018-09-14,6,3,3
2018-09-14,1,0,1
2018-09-14,1,0,1
2018-09-14,2,0,2
2018-09-14,4,1,3
2018-09-14,20,4,16
2018-09-14,19,5,14
2018-09-14,21,3,18
2018-09-14,8,5,3
2018-09-14,5,2,3
2018-09-14,15,8,7
2018-09-14,12,6,6
2018-09-14,7,3,4
2018-09-14,7,2,5
2018-09-14,26,12,14
2018-09-14,26,17,9
2018-09-14,39,21,18
2018-09-14,33,15,18
2018-09-14,24,15,9
2018-09-14,18,11,7
2018-09-14,10,2,8
2018-09-14,4,4,0
2018-09-14,15,7,8
2018-09-15,4,1,3
2018-09-15,6,1,5
2018-09-15,11,5,6
2018-09-15,2,0,2
2018-09-15,6,3,3
2018-09-15,1,1,0
2018-09-15,3,0,3
2018-09-15,7,6,1
2018-09-15,8,2,6
2018-09-15,6,4,2
2018-09-15,9,3,6
2018-09-15,17,7,10
2018-09-15,8,5,3
2018-09-15,14,9,5
2018-09-15,7,3,4
2018-09-15,12,8,4
2018-09-15,8,5,3
2018-09-15,14,5,9
2018-09-15,13,7,6
2018-09-15,15,7,8
2018-09-15,9,8,1
2018-09-15,5,3,2
2018-09-15,8,3,5
2018-09-15,6,3,3
2018-09-16,7,3,4
2018-09-16,12,4,8
2018-09-16,5,1,4
2018-09-16,1,0,1
2018-09-16,1,0,1
2018-09-16,1,0,1
2018-09-16,5,1,4
2018-09-16,3,2,1
2018-09-16,8,3,5
2018-09-16,7,3,4
2018-09-16,11,6,5
2018-09-16,6,4,2
2018-09-16,16,11,5
2018-09-16,16,9,7
2018-09-16,22,9,13
2018-09-16,14,4,10
2018-09-16,19,9,10
2018-09-16,24,10,14
2018-09-16,25,12,13
2018-09-16,18,9,9
2018-09-16,15,9,6
2018-09-16,16,4,12
2018-09-16,5,1,4
2018-09-16,9,4,5
2018-09-17,2,1,1
2018-09-17,0,0,0
2018-09-17,0,0,0
2018-09-17,1,1,0
2018-09-17,3,0,3
2018-09-17,4,1,3
2018-09-17,18,3,15
2018-09-17,34,8,26
2018-09-17,38,12,26
2018-09-17,31,18,13
2018-09-17,15,7,8
2018-09-17,7,5,2
2018-09-17,22,8,14
2018-09-17,18,7,11
2018-09-17,18,8,10
2018-09-17,18,10,8
2018-09-17,35,19,16
2018-09-17,56,37,19
2018-09-17,46,25,21
2018-09-17,27,13,14
2018-09-17,19,11,8
2018-09-17,10,3,7
2018-09-17,9,5,4
2018-09-17,6,3,3
2018-09-18,1,0,1
2018-09-18,2,1,1
2018-09-18,0,0,0
2018-09-18,1,0,1
2018-09-18,1,0,1
2018-09-18,7,2,5
2018-09-18,19,4,15
2018-09-18,36,8,28
2018-09-18,43,10,33
2018-09-18,26,10,16
2018-09-18,21,5,16
2018-09-18,11,5,6
2018-09-18,11,6,5
2018-09-18,18,10,8
2018-09-18,23,13,10
2018-09-18,31,20,11
2018-09-18,34,21,13
2018-09-18,50,31,19
2018-09-18,67,30,37
2018-09-18,37,26,11
2018-09-18,17,9,8
2018-09-18,21,11,10
2018-09-18,5,2,3
2018-09-18,13,5,8
2018-09-19,5,2,3
2018-09-19,2,2,0
2018-09-19,3,3,0
2018-09-19,0,0,0
2018-09-19,1,0,1
2018-09-19,1,1,0
2018-09-19,18,3,15
2018-09-19,31,4,27
2018-09-19,47,12,35
2018-09-19,21,8,13
2018-09-19,17,5,12
2018-09-19,19,11,8
2018-09-19,19,13,6
2018-09-19,22,10,12
2018-09-19,22,12,10
2018-09-19,20,10,10
2018-09-19,25,14,11
2018-09-19,43,24,19
2018-09-19,42,21,21
2018-09-19,21,12,9
2018-09-19,26,14,12
2018-09-19,20,9,11
2018-09-19,9,2,7
2018-09-19,6,5,1
2018-09-20,2,1,1
2018-09-20,0,0,0
2018-09-20,9,3,6
2018-09-20,1,1,0
2018-09-20,3,1,2
2018-09-20,7,2,5
2018-09-20,22,4,18
2018-09-20,20,4,16
2018-09-20,42,12,30
2018-09-20,20,9,11
2018-09-20,20,8,12
2018-09-20,9,2,7
2018-09-20,13,5,8
2018-09-20,18,8,10
2018-09-20,19,7,12
2018-09-20,19,9,10
2018-09-20,24,15,9
2018-09-20,61,39,22
2018-09-20,36,22,14
2018-09-20,43,23,20
2018-09-20,14,6,8
2018-09-20,10,9,1
2018-09-20,8,1,7
2018-09-20,15,5,10
2018-09-21,2,1,1
2018-09-21,8,4,4
2018-09-21,5,2,3
2018-09-21,2,1,1
2018-09-21,5,2,3
2018-09-21,5,3,2
2018-09-21,13,2,11
2018-09-21,18,2,16
2018-09-21,33,14,19
2018-09-21,26,9,17
2018-09-21,12,8,4
2018-09-21,11,3,8
2018-09-21,24,13,11
2018-09-21,12,6,6
2018-09-21,19,9,10
2018-09-21,28,18,10
2018-09-21,21,13,8
2018-09-21,54,34,20
2018-09-21,34,12,22
2018-09-21,26,19,7
2018-09-21,22,8,14
2018-09-21,8,4,4
2018-09-21,6,3,3
2018-09-21,5,4,1
2018-09-22,2,0,2
2018-09-22,4,2,2
2018-09-22,4,0,4
2018-09-22,2,0,2
2018-09-22,2,0,2
2018-09-22,2,1,1
2018-09-22,8,0,8
2018-09-22,8,5,3
2018-09-22,5,5,0
2018-09-22,7,4,3
2018-09-22,9,4,5
2018-09-22,10,4,6
2018-09-22,8,2,6
2018-09-22,14,5,9
2018-09-22,17,7,10
2018-09-22,14,7,7
2018-09-22,14,6,8
2018-09-22,17,9,8
2018-09-22,20,9,11
2018-09-22,12,9,3
2018-09-22,11,4,7
2018-09-22,11,4,7
2018-09-22,10,2,8
2018-09-22,6,2,4
2018-09-23,1,1,0
2018-09-23,3,2,1
2018-09-23,21,7,14
2018-09-23,2,1,1
2018-09-23,2,0,2
2018-09-23,3,0,3
2018-09-23,7,1,6
2018-09-23,6,4,2
2018-09-23,3,2,1
2018-09-23,8,2,6
2018-09-23,7,4,3
2018-09-23,11,6,5
2018-09-23,26,13,13
2018-09-23,19,13,6
2018-09-23,28,14,14
2018-09-23,19,8,11
2018-09-23,23,9,14
2018-09-23,14,6,8
2018-09-23,21,7,14
2018-09-23,15,4,11
2018-09-23,12,7,5
2018-09-23,16,3,13
2018-09-23,6,1,5
2018-09-23,8,5,3
2018-09-24,1,1,0
2018-09-24,3,1,2
2018-09-24,0,0,0
2018-09-24,2,1,1
2018-09-24,3,0,3
2018-09-24,2,0,2
2018-09-24,16,5,11
2018-09-24,35,7,28
2018-09-24,44,15,29
2018-09-24,20,7,13
2018-09-24,13,8,5
2018-09-24,24,13,11
2018-09-24,20,11,9
2018-09-24,18,8,10
2018-09-24,28,13,15
2018-09-24,20,9,11
2018-09-24,41,27,14
2018-09-24,49,27,22
2018-09-24,51,27,24
2018-09-24,29,12,17
2018-09-24,10,6,4
2018-09-24,18,6,12
2018-09-24,11,5,6
2018-09-24,5,3,2
2018-09-25,3,1,2
2018-09-25,1,0,1
2018-09-25,0,0,0
2018-09-25,1,0,1
2018-09-25,3,0,3
2018-09-25,3,0,3
2018-09-25,22,4,18
2018-09-25,32,6,26
2018-09-25,37,10,27
2018-09-25,21,11,10
2018-09-25,24,12,12
2018-09-25,18,7,11
2018-09-25,21,15,6
2018-09-25,17,3,14
2018-09-25,23,11,12
2018-09-25,25,16,9
2018-09-25,33,20,13
2018-09-25,62,39,23
2018-09-25,55,33,22
2018-09-25,29,15,14
2018-09-25,15,6,9
2018-09-25,11,4,7
2018-09-25,11,3,8
2018-09-25,8,5,3
2018-09-26,5,0,5
2018-09-26,0,0,0
2018-09-26,0,0,0
2018-09-26,0,0,0
2018-09-26,1,0,1
2018-09-26,5,0,5
2018-09-26,16,4,12
2018-09-26,42,4,38
2018-09-26,38,11,27
2018-09-26,26,9,17
2018-09-26,17,8,9
2018-09-26,14,5,9
2018-09-26,23,13,10
2018-09-26,11,3,8
2018-09-26,29,11,18
2018-09-26,19,10,9
2018-09-26,45,29,16
2018-09-26,60,34,26
2018-09-26,57,26,31
2018-09-26,36,20,16
2018-09-26,22,9,13
2018-09-26,18,9,9
2018-09-26,6,5,1
2018-09-26,9,4,5
2018-09-27,6,3,3
2018-09-27,3,1,2
2018-09-27,0,0,0
2018-09-27,0,0,0
2018-09-27,4,0,4
2018-09-27,5,1,4
2018-09-27,16,2,14
2018-09-27,39,11,28
2018-09-27,34,9,25
2018-09-27,28,13,15
2018-09-27,22,4,18
2018-09-27,15,12,3
2018-09-27,22,10,12
2018-09-27,26,17,9
2018-09-27,28,15,13
2018-09-27,26,16,10
2018-09-27,41,24,17
2018-09-27,49,33,16
2018-09-27,49,28,21
2018-09-27,29,11,18
2018-09-27,23,12,11
2018-09-27,9,2,7
2018-09-27,8,6,2
2018-09-27,13,6,7
2018-09-28,6,3,3
2018-09-28,1,0,1
2018-09-28,3,1,2
2018-09-28,0,0,0
2018-09-28,3,1,2
2018-09-28,8,2,6
2018-09-28,21,4,17
2018-09-28,33,5,28
2018-09-28,44,12,32
2018-09-28,25,11,14
2018-09-28,24,11,13
2018-09-28,14,6,8
2018-09-28,21,16,5
2018-09-28,19,8,11
2018-09-28,21,3,18
2018-09-28,25,14,11
2018-09-28,41,26,15
2018-09-28,52,33,19
2018-09-28,34,19,15
2018-09-28,27,17,10
2018-09-28,25,12,13
2018-09-28,19,13,6
2018-09-28,8,3,5
2018-09-28,6,4,2
2018-09-29,7,4,3
2018-09-29,7,6,1
2018-09-29,6,0,6
2018-09-29,1,0,1
2018-09-29,0,0,0
2018-09-29,2,0,2
2018-09-29,6,2,4
2018-09-29,12,3,9
2018-09-29,15,9,6
2018-09-29,15,6,9
2018-09-29,18,8,10
2018-09-29,15,11,4
2018-09-29,9,4,5
2018-09-29,16,8,8
2018-09-29,22,8,14
2018-09-29,19,9,10
2018-09-29,12,6,6
2018-09-29,12,8,4
2018-09-29,11,8,3
2018-09-29,8,4,4
2018-09-29,10,6,4
2018-09-29,5,1,4
2018-09-29,7,3,4
2018-09-29,8,4,4
2018-09-30,4,2,2
2018-09-30,16,9,7
2018-09-30,8,3,5
2018-09-30,3,1,2
2018-09-30,3,1,2
2018-09-30,2,1,1
2018-09-30,5,0,5
2018-09-30,5,2,3
2018-09-30,6,5,1
2018-09-30,8,3,5
2018-09-30,9,4,5
2018-09-30,8,5,3
2018-09-30,11,7,4
2018-09-30,29,12,17
2018-09-30,23,6,17
2018-09-30,23,12,11
2018-09-30,23,13,10
2018-09-30,18,11,7
2018-09-30,27,13,14
2018-09-30,13,6,7
2018-09-30,8,6,2
2018-09-30,8,4,4
2018-09-30,5,0,5
2018-09-30,2,1,1
2018-10-01,6,4,2
2018-10-01,1,0,1
2018-10-01,2,1,1
2018-10-01,1,1,0
2018-10-01,3,1,2
2018-10-01,2,1,1
2018-10-01,15,3,12
2018-10-01,36,6,30
2018-10-01,44,7,37
2018-10-01,16,7,9
2018-10-01,16,4,12
2018-10-01,16,7,9
2018-10-01,15,10,5
2018-10-01,14,9,5
2018-10-01,23,11,12
2018-10-01,21,8,13
2018-10-01,24,9,15
2018-10-01,49,30,19
2018-10-01,35,22,13
2018-10-01,20,13,7
2018-10-01,11,6,5
2018-10-01,9,4,5
2018-10-01,5,0,5
2018-10-01,3,2,1
2018-10-02,2,1,1
2018-10-02,3,1,2
2018-10-02,0,0,0
2018-10-02,1,0,1
2018-10-02,1,0,1
2018-10-02,5,1,4
2018-10-02,17,3,14
2018-10-02,29,3,26
2018-10-02,47,7,40
2018-10-02,19,7,12
2018-10-02,21,8,13
2018-10-02,17,6,11
2018-10-02,21,14,7
2018-10-02,13,3,10
2018-10-02,17,7,10
2018-10-02,24,16,8
2018-10-02,25,15,10
2018-10-02,56,41,15
2018-10-02,33,19,14
2018-10-02,18,9,9
2018-10-02,17,6,11
2018-10-02,11,4,7
2018-10-02,14,5,9
2018-10-02,2,1,1
2018-10-03,1,0,1
2018-10-03,0,0,0
2018-10-03,0,0,0
2018-10-03,0,0,0
2018-10-03,1,0,1
2018-10-03,2,0,2
2018-10-03,16,2,14
2018-10-03,36,11,25
2018-10-03,46,14,32
2018-10-03,16,7,9
2018-10-03,14,3,11
2018-10-03,12,5,7
2018-10-03,23,13,10
2018-10-03,17,10,7
2018-10-03,17,9,8
2018-10-03,22,10,12
2018-10-03,32,22,10
2018-10-03,55,32,23
2018-10-03,36,17,19
2018-10-03,30,16,14
2018-10-03,25,8,17
2018-10-03,13,6,7
2018-10-03,2,0,2
2018-10-03,8,6,2
2018-10-04,2,1,1
2018-10-04,1,0,1
2018-10-04,0,0,0
2018-10-04,0,0,0
2018-10-04,0,0,0
2018-10-04,6,2,4
2018-10-04,13,2,11
2018-10-04,33,11,22
2018-10-04,48,17,31
2018-10-04,20,8,12
2018-10-04,24,10,14
2018-10-04,16,5,11
2018-10-04,19,7,12
2018-10-04,19,9,10
2018-10-04,15,4,11
2018-10-04,24,19,5
2018-10-04,42,25,17
2018-10-04,63,37,26
2018-10-04,41,23,18
2018-10-04,37,23,14
2018-10-04,27,10,17
2018-10-04,13,5,8
2018-10-04,15,7,8
2018-10-04,12,8,4
2018-10-05,1,0,1
2018-10-05,6,1,5
2018-10-05,1,0,1
2018-10-05,1,0,1
2018-10-05,1,0,1
2018-10-05,1,0,1
2018-10-05,16,1,15
2018-10-05,19,4,15
2018-10-05,24,4,20
2018-10-05,24,10,14
2018-10-05,10,3,7
2018-10-05,9,4,5
2018-10-05,15,5,10
2018-10-05,13,5,8
2018-10-05,5,2,3
2018-10-05,16,8,8
2018-10-05,24,14,10
2018-10-05,24,16,8
2018-10-05,27,15,12
2018-10-05,22,14,8
2018-10-05,9,4,5
2018-10-05,4,1,3
2018-10-05,6,5,1
2018-10-05,4,2,2
2018-10-06,9,6,3
2018-10-06,10,5,5
2018-10-06,1,0,1
2018-10-06,1,0,1
2018-10-06,3,0,3
2018-10-06,2,1,1
2018-10-06,6,1,5
2018-10-06,8,4,4
2018-10-06,7,4,3
2018-10-06,11,7,4
2018-10-06,12,2,10
2018-10-06,17,13,4
2018-10-06,14,11,3
2018-10-06,15,4,11
2018-10-06,23,12,11
2018-10-06,22,11,11
2018-10-06,10,4,6
2018-10-06,17,7,10
2018-10-06,30,16,14
2018-10-06,23,12,11
2018-10-06,17,8,9
2018-10-06,7,4,3
2018-10-06,5,5,0
2018-10-06,2,1,1
2018-10-07,5,2,3
2018-10-07,24,13,11
2018-10-07,1,0,1
2018-10-07,2,0,2
2018-10-07,2,2,0
2018-10-07,4,3,1
2018-10-07,5,3,2
2018-10-07,0,0,0
2018-10-07,14,9,5
2018-10-07,6,5,1
2018-10-07,7,5,2
2018-10-07,10,7,3
2018-10-07,10,4,6
2018-10-07,10,6,4
2018-10-07,15,8,7
2018-10-07,9,5,4
2018-10-07,9,6,3
2018-10-07,24,17,7
2018-10-07,17,10,7
2018-10-07,16,8,8
2018-10-07,12,7,5
2018-10-07,6,2,4
2018-10-07,2,0,2
2018-10-07,1,0,1
2018-10-08,4,0,4
2018-10-08,0,0,0
2018-10-08,0,0,0
2018-10-08,0,0,0
2018-10-08,4,2,2
2018-10-08,1,0,1
2018-10-08,15,2,13
2018-10-08,21,6,15
2018-10-08,38,15,23
2018-10-08,20,9,11
2018-10-08,12,6,6
2018-10-08,8,2,6
2018-10-08,9,4,5
2018-10-08,10,5,5
2018-10-08,20,9,11
2018-10-08,12,8,4
2018-10-08,22,15,7
2018-10-08,34,23,11
2018-10-08,30,12,18
2018-10-08,22,11,11
2018-10-08,14,7,7
2018-10-08,11,6,5
2018-10-08,5,2,3
2018-10-08,3,1,2
2018-10-09,5,2,3
2018-10-09,0,0,0
2018-10-09,0,0,0
2018-10-09,1,0,1
2018-10-09,3,1,2
2018-10-09,2,1,1
2018-10-09,20,2,18
2018-10-09,31,12,19
2018-10-09,31,11,20
2018-10-09,19,9,10
2018-10-09,24,11,13
2018-10-09,12,2,10
2018-10-09,19,9,10
2018-10-09,15,6,9
2018-10-09,14,10,4
2018-10-09,19,9,10
2018-10-09,32,22,10
2018-10-09,58,37,21
2018-10-09,42,18,24
2018-10-09,33,14,19
2018-10-09,24,11,13
2018-10-09,10,5,5
2018-10-09,10,3,7
2018-10-09,5,2,3
2018-10-10,2,0,2
2018-10-10,1,0,1
2018-10-10,0,0,0
2018-10-10,0,0,0
2018-10-10,2,0,2
2018-10-10,3,1,2
2018-10-10,13,3,10
2018-10-10,36,5,31
2018-10-10,46,16,30
2018-10-10,23,7,16
2018-10-10,14,5,9
2018-10-10,21,11,10
2018-10-10,25,13,12
2018-10-10,17,8,9
2018-10-10,25,14,11
2018-10-10,30,19,11
2018-10-10,44,29,15
2018-10-10,52,29,23
2018-10-10,38,22,16
2018-10-10,24,10,14
2018-10-10,27,9,18
2018-10-10,16,8,8
2018-10-10,10,7,3
2018-10-10,11,6,5
2018-10-11,4,1,3
2018-10-11,3,1,2
2018-10-11,0,0,0
2018-10-11,0,0,0
2018-10-11,2,0,2
2018-10-11,1,1,0
2018-10-11,12,3,9
2018-10-11,39,9,30
2018-10-11,32,8,24
2018-10-11,21,6,15
2018-10-11,18,7,11
2018-10-11,15,8,7
2018-10-11,27,10,17
2018-10-11,20,10,10
2018-10-11,19,13,6
2018-10-11,16,8,8
2018-10-11,32,15,17
2018-10-11,58,48,10
2018-10-11,55,27,28
2018-10-11,35,20,15
2018-10-11,25,13,12
2018-10-11,21,17,4
2018-10-11,10,6,4
2018-10-11,13,5,8
2018-10-12,4,3,1
2018-10-12,4,2,2
2018-10-12,2,0,2
2018-10-12,0,0,0
2018-10-12,2,0,2
2018-10-12,4,1,3
2018-10-12,11,1,10
2018-10-12,26,7,19
2018-10-12,36,10,26
2018-10-12,24,7,17
2018-10-12,13,3,10
2018-10-12,20,6,14
2018-10-12,22,13,9
2018-10-12,12,5,7
2018-10-12,27,15,12
2018-10-12,35,21,14
2018-10-12,40,27,13
2018-10-12,36,19,17
2018-10-12,37,21,16
2018-10-12,18,13,5
2018-10-12,14,10,4
2018-10-12,15,6,9
2018-10-12,10,8,2
2018-10-12,8,5,3
2018-10-13,5,3,2
2018-10-13,6,2,4
2018-10-13,4,1,3
2018-10-13,2,1,1
2018-10-13,0,0,0
2018-10-13,2,1,1
2018-10-13,6,1,5
2018-10-13,5,1,4
2018-10-13,31,13,18
2018-10-13,18,8,10
2018-10-13,14,6,8
2018-10-13,14,8,6
2018-10-13,18,9,9
2018-10-13,18,10,8
2018-10-13,17,9,8
2018-10-13,20,10,10
2018-10-13,30,21,9
2018-10-13,44,27,17
2018-10-13,28,13,15
2018-10-13,16,9,7
2018-10-13,20,11,9
2018-10-13,11,5,6
2018-10-13,6,3,3
2018-10-13,7,4,3
2018-10-14,4,2,2
2018-10-14,2,1,1
2018-10-14,2,1,1
2018-10-14,0,0,0
2018-10-14,0,0,0
2018-10-14,3,1,2
2018-10-14,15,3,12
2018-10-14,20,6,14
2018-10-14,19,7,12
2018-10-14,17,7,10
2018-10-14,11,5,6
2018-10-14,13,8,5
2018-10-14,13,8,5
2018-10-14,16,8,8
2018-10-14,20,9,11
2018-10-14,17,9,8
2018-10-14,26,18,8
2018-10-14,32,20,12
2018-10-14,30,15,15
2018-10-14,25,14,11
2018-10-14,24,13,11
2018-10-14,11,5,6
2018-10-14,10,4,6
2018-10-14,8,3,5
2018-10-15,4,1,3
2018-10-15,5,1,4
2018-10-15,5,1,4
2018-10-15,0,0,0
2018-10-15,1,0,1
2018-10-15,3,1,2
2018-10-15,13,3,10
2018-10-15,20,6,14
2018-10-15,19,6,13
2018-10-15,17,7,10
2018-10-15,10,5,5
2018-10-15,16,8,8
2018-10-15,13,6,7
2018-10-15,18,6,12
2018-10-15,12,5,7
2018-10-15,20,12,8
2018-10-15,25,15,10
2018-10-15,33,18,15
2018-10-15,26,13,13
2018-10-15,13,9,4
2018-10-15,15,9,6
2018-10-15,11,5,6
2018-10-15,6,2,4
2018-10-15,5,3,2
2018-10-16,3,1,2
2018-10-16,3,1,2
2018-10-16,2,1,1
2018-10-16,0,0,0
2018-10-16,1,0,1
2018-10-16,2,0,2
2018-10-16,8,2,6
2018-10-16,17,5,12
2018-10-16,24,9,15
2018-10-16,16,8,8
2018-10-16,17,8,9
2018-10-16,13,6,7
2018-10-16,15,9,6
2018-10-16,19,10,9
2018-10-16,22,10,12
2018-10-16,24,16,8
2018-10-16,25,16,9
2018-10-16,40,24,16
2018-10-16,31,17,14
2018-10-16,20,10,10
2018-10-16,18,8,10
2018-10-16,11,6,5
2018-10-16,6,2,4
2018-10-16,9,4,5
2018-10-17,4,1,3
2018-10-17,5,2,3
2018-10-17,8,2,6
2018-10-17,1,0,1
2018-10-17,1,0,1
2018-10-17,5,1,4
2018-10-17,15,3,12
2018-10-17,22,5,17
2018-10-17,25,7,18
2018-10-17,16,6,10
2018-10-17,13,5,8
2018-10-17,12,6,6
2018-10-17,15,7,8
2018-10-17,18,9,9
2018-10-17,18,7,11
2018-10-17,16,8,8
2018-10-17,26,15,11
2018-10-17,43,25,18
2018-10-17,33,15,18
2018-10-17,19,9,10
2018-10-17,14,7,7
2018-10-17,15,8,7
2018-10-17,8,3,5
2018-10-17,8,4,4
2018-10-18,6,3,3
2018-10-18,2,1,1
2018-10-18,4,1,3
2018-10-18,1,0,1
2018-10-18,0,0,0
2018-10-18,3,1,2
2018-10-18,8,1,7
2018-10-18,18,5,13
2018-10-18,19,7,12
2018-10-18,12,4,8
2018-10-18,10,3,7
2018-10-18,11,6,5
2018-10-18,14,7,7
2018-10-18,11,5,6
2018-10-18,15,9,6
2018-10-18,20,10,10
2018-10-18,19,12,7
2018-10-18,25,13,12
2018-10-18,24,14,10
2018-10-18,20,11,9
2018-10-18,13,5,8
2018-10-18,9,5,4
2018-10-18,5,3,2
2018-10-18,5,3,2
2018-10-19,4,2,2
2018-10-19,3,1,2
2018-10-19,2,1,1
2018-10-19,1,1,0
2018-10-19,1,0,1
2018-10-19,5,0,5
2018-10-19,9,1,8
2018-10-19,20,5,15
2018-10-19,24,7,17
2018-10-19,15,5,10
2018-10-19,9,4,5
2018-10-19,13,7,6
2018-10-19,17,9,8
2018-10-19,18,7,11
2018-10-19,16,7,9
2018-10-19,21,13,8
2018-10-19,30,19,11
2018-10-19,38,22,16
2018-10-19,28,15,13
2018-10-19,21,9,12
2018-10-19,17,9,8
2018-10-19,11,6,5
2018-10-19,5,2,3
2018-10-19,5,2,3
2018-10-20,3,1,2
2018-10-20,2,1,1
2018-10-20,1,0,1
2018-10-20,0,0,0
2018-10-20,1,0,1
2018-10-20,5,1,4
2018-10-20,15,2,13
2018-10-20,23,5,18
2018-10-20,30,7,23
2018-10-20,18,7,11
2018-10-20,15,6,9
2018-10-20,12,6,6
2018-10-20,13,7,6
2018-10-20,17,6,11
2018-10-20,19,10,9
2018-10-20,21,12,9
2018-10-20,33,20,13
2018-10-20,43,25,18
2018-10-20,33,16,17
2018-10-20,22,12,10
2018-10-20,16,7,9
2018-10-20,11,4,7
2018-10-20,8,4,4
2018-10-20,12,6,6
2018-10-21,2,1,1
2018-10-21,3,1,2
2018-10-21,1,0,1
2018-10-21,2,1,1
2018-10-21,1,0,1
2018-10-21,5,2,3
2018-10-21,12,2,10
2018-10-21,21,7,14
2018-10-21,26,11,15
2018-10-21,14,5,9
2018-10-21,14,7,7
2018-10-21,13,7,6
2018-10-21,16,8,8
2018-10-21,21,10,11
2018-10-21,19,10,9
2018-10-21,16,9,7
2018-10-21,21,14,7
2018-10-21,31,19,12
2018-10-21,28,14,14
2018-10-21,19,10,9
2018-10-21,15,9,6
2018-10-21,9,3,6
2018-10-21,9,5,4
2018-10-21,7,2,5
2018-10-22,5,2,3
2018-10-22,4,2,2
2018-10-22,3,1,2
2018-10-22,1,0,1
2018-10-22,2,0,2
2018-10-22,2,0,2
2018-10-22,9,1,8
2018-10-22,18,5,13
2018-10-22,17,6,11
2018-10-22,15,6,9
2018-10-22,12,5,7
2018-10-22,14,7,7
2018-10-22,15,7,8
2018-10-22,19,9,10
2018-10-22,17,7,10
2018-10-22,17,8,9
2018-10-22,28,16,12
2018-10-22,31,20,11
2018-10-22,29,15,14
2018-10-22,17,9,8
2018-10-22,14,6,8
2018-10-22,9,6,3
2018-10-22,7,4,3
2018-10-22,7,2,5
2018-10-23,4,2,2
2018-10-23,3,1,2
2018-10-23,3,1,2
2018-10-23,1,1,0
2018-10-23,2,1,1
2018-10-23,4,0,4
2018-10-23,10,1,9
2018-10-23,23,7,16
2018-10-23,23,8,15
2018-10-23,18,7,11
2018-10-23,12,6,6
2018-10-23,14,5,9
2018-10-23,19,10,9
2018-10-23,18,10,8
2018-10-23,18,7,11
2018-10-23,18,11,7
2018-10-23,29,17,12
2018-10-23,41,25,16
2018-10-23,28,14,14
2018-10-23,21,11,10
2018-10-23,18,7,11
2018-10-23,10,5,5
2018-10-23,10,5,5
2018-10-23,6,3,3
2018-10-24,5,2,3
2018-10-24,3,1,2
2018-10-24,2,0,2
2018-10-24,1,0,1
2018-10-24,2,1,1
2018-10-24,6,1,5
2018-10-24,12,3,9
2018-10-24,21,5,16
2018-10-24,31,11,20
2018-10-24,20,8,12
2018-10-24,19,11,8
2018-10-24,15,6,9
2018-10-24,17,8,9
2018-10-24,18,9,9
2018-10-24,17,9,8
2018-10-24,20,10,10
2018-10-24,30,18,12
2018-10-24,43,26,17
2018-10-24,31,16,15
2018-10-24,19,9,10
2018-10-24,16,8,8
2018-10-24,9,3,6
2018-10-24,7,4,3
2018-10-24,10,5,5
2018-10-25,6,3,3
2018-10-25,4,3,1
2018-10-25,3,1,2
2018-10-25,1,1,0
2018-10-25,1,0,1
2018-10-25,3,0,3
2018-10-25,10,1,9
2018-10-25,19,5,14
2018-10-25,20,7,13
2018-10-25,13,5,8
2018-10-25,10,4,6
2018-10-25,13,6,7
2018-10-25,15,8,7
2018-10-25,18,7,11
2018-10-25,18,10,8
2018-10-25,19,10,9
2018-10-25,19,13,6
2018-10-25,35,19,16
2018-10-25,25,12,13
2018-10-25,13,6,7
2018-10-25,13,6,7
2018-10-25,9,5,4
2018-10-25,5,3,2
2018-10-25,4,2,2
2018-10-26,2,1,1
2018-10-26,3,1,2
2018-10-26,0,0,0
2018-10-26,1,1,0
2018-10-26,2,1,1
2018-10-26,6,1,5
2018-10-26,8,1,7
2018-10-26,20,4,16
2018-10-26,18,6,12
2018-10-26,11,4,7
2018-10-26,11,5,6
2018-10-26,12,5,7
2018-10-26,13,7,6
2018-10-26,13,6,7
2018-10-26,11,6,5
2018-10-26,15,8,7
2018-10-26,18,10,8
2018-10-26,38,21,17
2018-10-26,26,14,12
2018-10-26,17,7,10
2018-10-26,15,8,7
2018-10-26,10,4,6
2018-10-26,8,3,5
2018-10-26,5,3,2
2018-10-27,4,2,2
2018-10-27,0,0,0
2018-10-27,2,1,1
2018-10-27,0,0,0
2018-10-27,1,0,1
2018-10-27,4,0,4
2018-10-27,12,1,11
2018-10-27,28,6,22
2018-10-27,33,9,24
2018-10-27,22,8,14
2018-10-27,13,4,9
2018-10-27,13,6,7
2018-10-27,19,9,10
2018-10-27,16,6,10
2018-10-27,19,6,13
2018-10-27,21,11,10
2018-10-27,27,15,12
2018-10-27,41,23,18
2018-10-27,28,12,16
2018-10-27,17,10,7
2018-10-27,13,5,8
2018-10-27,10,4,6
2018-10-27,5,1,4
2018-10-27,7,3,4
2018-10-28,3,1,2
2018-10-28,0,0,0
2018-10-28,1,0,1
2018-10-28,1,0,1
2018-10-28,0,0,0
2018-10-28,5,1,4
2018-10-28,9,2,7
2018-10-28,18,5,13
2018-10-28,16,7,9
2018-10-28,17,7,10
2018-10-28,11,4,7
2018-10-28,13,5,8
2018-10-28,14,6,8
2018-10-28,15,7,8
2018-10-28,15,7,8
2018-10-28,17,8,9
2018-10-28,27,14,13
2018-10-28,31,16,15
2018-10-28,24,11,13
2018-10-28,18,9,9
2018-10-28,13,5,8
2018-10-28,12,6,6
2018-10-28,5,3,2
2018-10-28,8,4,4
2018-10-29,4,1,3
2018-10-29,8,5,3
2018-10-29,6,1,5
2018-10-29,2,1,1
2018-10-29,1,0,1
2018-10-29,2,0,2
2018-10-29,9,2,7
2018-10-29,11,3,8
2018-10-29,13,5,8
2018-10-29,0,0,0
2018-10-29,10,4,6
2018-10-29,11,4,7
2018-10-29,11,4,7
2018-10-29,34,7,27
2018-10-29,11,2,9
2018-10-29,16,9,7
2018-10-29,29,21,8
2018-10-29,35,18,17
2018-10-29,38,19,19
2018-10-29,24,12,12
2018-10-29,10,6,4
2018-10-29,9,3,6
2018-10-29,4,2,2
2018-10-29,3,2,1
2018-10-30,5,3,2
2018-10-30,2,0,2
2018-10-30,1,0,1
2018-10-30,0,0,0
2018-10-30,2,0,2
2018-10-30,6,1,5
2018-10-30,11,1,10
2018-10-30,32,8,24
2018-10-30,33,9,24
2018-10-30,31,9,22
2018-10-30,26,9,17
2018-10-30,16,9,7
2018-10-30,19,10,9
2018-10-30,21,9,12
2018-10-30,23,11,12
2018-10-30,23,11,12
2018-10-30,34,24,10
2018-10-30,50,34,16
2018-10-30,29,16,13
2018-10-30,26,11,15
2018-10-30,20,9,11
2018-10-30,18,7,11
2018-10-30,8,3,5
2018-10-30,7,4,3
2018-10-31,3,2,1
2018-10-31,2,1,1
2018-10-31,1,1,0
2018-10-31,0,0,0
2018-10-31,0,0,0
2018-10-31,4,0,4
2018-10-31,17,3,14
2018-10-31,22,5,17
2018-10-31,34,7,27
2018-10-31,19,6,13
2018-10-31,9,2,7
2018-10-31,5,0,5
2018-10-31,8,3,5
2018-10-31,19,7,12
2018-10-31,12,7,5
2018-10-31,21,10,11
2018-10-31,27,18,9
2018-10-31,43,27,16
2018-10-31,28,17,11
2018-10-31,22,11,11
2018-10-31,16,4,12
2018-10-31,7,6,1
2018-10-31,6,2,4
2018-10-31,8,2,6
2018-11-01,5,3,2
2018-11-01,5,2,3
2018-11-01,0,0,0
2018-11-01,0,0,0
2018-11-01,1,1,0
2018-11-01,3,0,3
2018-11-01,16,2,14
2018-11-01,16,3,13
2018-11-01,29,3,26
2018-11-01,29,12,17
2018-11-01,16,8,8
2018-11-01,14,4,10
2018-11-01,13,7,6
2018-11-01,17,4,13
2018-11-01,10,5,5
2018-11-01,23,11,12
2018-11-01,34,24,10
2018-11-01,46,28,18
2018-11-01,31,12,19
2018-11-01,26,15,11
2018-11-01,17,5,12
2018-11-01,9,6,3
2018-11-01,17,13,4
2018-11-01,7,3,4
2018-11-02,2,2,0
2018-11-02,1,1,0
2018-11-02,2,2,0
2018-11-02,0,0,0
2018-11-02,1,0,1
2018-11-02,4,0,4
2018-11-02,13,1,12
2018-11-02,22,7,15
2018-11-02,30,8,22
2018-11-02,25,8,17
2018-11-02,8,4,4
2018-11-02,11,5,6
2018-11-02,10,3,7
2018-11-02,15,7,8
2018-11-02,19,11,8
2018-11-02,20,11,9
2018-11-02,37,23,14
2018-11-02,32,19,13
2018-11-02,41,19,22
2018-11-02,18,12,6
2018-11-02,12,6,6
2018-11-02,9,4,5
2018-11-02,11,10,1
2018-11-02,5,0,5
2018-11-03,1,0,1
2018-11-03,2,0,2
2018-11-03,2,1,1
2018-11-03,0,0,0
2018-11-03,1,0,1
2018-11-03,12,2,10
2018-11-03,3,2,1
2018-11-03,9,5,4
2018-11-03,7,5,2
2018-11-03,8,5,3
2018-11-03,9,6,3
2018-11-03,7,3,4
2018-11-03,9,5,4
2018-11-03,4,1,3
2018-11-03,10,8,2
2018-11-03,14,6,8
2018-11-03,11,7,4
2018-11-03,12,1,11
2018-11-03,9,5,4
2018-11-03,2,2,0
2018-11-03,4,0,4
2018-11-03,6,1,5
2018-11-03,6,2,4
2018-11-03,3,0,3
2018-11-04,9,5,4
2018-11-04,4,0,4
2018-11-04,0,0,0
2018-11-04,1,0,1
2018-11-04,2,0,2
2018-11-04,4,0,4
2018-11-04,5,3,2
2018-11-04,4,1,3
2018-11-04,4,4,0
2018-11-04,19,8,11
2018-11-04,10,7,3
2018-11-04,15,10,5
2018-11-04,22,15,7
2018-11-04,14,5,9
2018-11-04,23,14,9
2018-11-04,31,22,9
2018-11-04,19,10,9
2018-11-04,13,6,7
2018-11-04,21,14,7
2018-11-04,12,3,9
2018-11-04,11,2,9
2018-11-04,4,1,3
2018-11-04,1,0,1
2018-11-04,1,0,1
2018-11-05,0,0,0
2018-11-05,0,0,0
2018-11-05,0,0,0
2018-11-05,1,0,1
2018-11-05,4,1,3
2018-11-05,4,0,4
2018-11-05,31,11,20
2018-11-05,45,12,33
2018-11-05,17,6,11
2018-11-05,9,1,8
2018-11-05,15,5,10
2018-11-05,13,9,4
2018-11-05,12,7,5
2018-11-05,16,5,11
2018-11-05,14,6,8
2018-11-05,29,20,9
2018-11-05,50,26,24
2018-11-05,31,16,15
2018-11-05,22,9,13
2018-11-05,15,3,12
2018-11-05,12,9,3
2018-11-05,6,3,3
2018-11-05,2,1,1
2018-11-05,3,1,2
2018-11-06,1,1,0
2018-11-06,0,0,0
2018-11-06,0,0,0
2018-11-06,2,0,2
2018-11-06,3,0,3
2018-11-06,13,2,11
2018-11-06,32,7,25
2018-11-06,38,10,28
2018-11-06,18,8,10
2018-11-06,18,8,10
2018-11-06,17,10,7
2018-11-06,20,9,11
2018-11-06,20,10,10
2018-11-06,10,4,6
2018-11-06,24,13,11
2018-11-06,35,27,8
2018-11-06,50,34,16
2018-11-06,50,25,25
2018-11-06,17,7,10
2018-11-06,12,5,7
2018-11-06,19,9,10
2018-11-06,11,2,9
2018-11-06,4,2,2
2018-11-06,2,1,1
2018-11-07,1,1,0
2018-11-07,1,0,1
2018-11-07,0,0,0
2018-11-07,2,1,1
2018-11-07,3,0,3
2018-11-07,13,3,10
2018-11-07,30,9,21
2018-11-07,39,11,28
2018-11-07,27,12,15
2018-11-07,15,8,7
2018-11-07,16,5,11
2018-11-07,18,8,10
2018-11-07,11,4,7
2018-11-07,14,9,5
2018-11-07,29,15,14
2018-11-07,34,28,6
2018-11-07,55,35,20
2018-11-07,33,16,17
2018-11-07,20,5,15
2018-11-07,17,7,10
2018-11-07,13,3,10
2018-11-07,7,3,4
2018-11-07,3,1,2
2018-11-07,3,2,1
2018-11-08,0,0,0
2018-11-08,0,0,0
2018-11-08,0,0,0
2018-11-08,0,0,0
2018-11-08,4,1,3
2018-11-08,16,3,13
2018-11-08,27,6,21
2018-11-08,37,12,25
2018-11-08,25,12,13
2018-11-08,20,7,13
2018-11-08,12,8,4
2018-11-08,20,9,11
2018-11-08,14,5,9
2018-11-08,19,12,7
2018-11-08,10,8,2
2018-11-08,39,34,5
2018-11-08,58,31,27
2018-11-08,45,24,21
2018-11-08,28,13,15
2018-11-08,9,4,5
2018-11-08,18,10,8
2018-11-08,6,3,3
2018-11-08,8,3,5
2018-11-08,8,4,4
2018-11-09,2,2,0
2018-11-09,0,0,0
2018-11-09,0,0,0
2018-11-09,0,0,0
2018-11-09,9,3,6
2018-11-09,6,0,6
2018-11-09,25,9,16
2018-11-09,34,11,23
2018-11-09,20,9,11
2018-11-09,8,6,2
2018-11-09,9,5,4
2018-11-09,12,4,8
2018-11-09,17,10,7
2018-11-09,10,5,5
2018-11-09,11,6,5
2018-11-09,20,11,9
2018-11-09,46,25,21
2018-11-09,23,13,10
2018-11-09,22,14,8
2018-11-09,7,5,2
2018-11-09,9,4,5
2018-11-09,6,2,4
2018-11-09,4,1,3
2018-11-09,2,2,0
2018-11-10,1,0,1
2018-11-10,2,1,1
2018-11-10,2,0,2
2018-11-10,2,1,1
2018-11-10,2,0,2
2018-11-10,14,2,12
2018-11-10,5,4,1
2018-11-10,6,3,3
2018-11-10,9,5,4
2018-11-10,15,7,8
2018-11-10,14,12,2
2018-11-10,15,8,7
2018-11-10,17,9,8
2018-11-10,22,13,9
2018-11-10,21,9,12
2018-11-10,24,17,7
2018-11-10,6,1,5
2018-11-10,29,12,17
2018-11-10,11,7,4
2018-11-10,9,3,6
2018-11-10,5,3,2
2018-11-10,9,4,5
2018-11-10,4,2,2
2018-11-10,3,2,1
2018-11-11,9,3,6
2018-11-11,2,0,2
2018-11-11,0,0,0
2018-11-11,0,0,0
2018-11-11,3,0,3
2018-11-11,3,0,3
2018-11-11,5,1,4
2018-11-11,5,3,2
2018-11-11,10,7,3
2018-11-11,1,1,0
2018-11-11,20,11,9
2018-11-11,18,10,8
2018-11-11,17,5,12
2018-11-11,16,11,5
2018-11-11,30,8,22
2018-11-11,18,12,6
2018-11-11,25,17,8
2018-11-11,17,7,10
2018-11-11,13,7,6
2018-11-11,12,8,4
2018-11-11,4,1,3
2018-11-11,8,3,5
2018-11-11,0,0,0
2018-11-11,4,0,4
2018-11-12,0,0,0
2018-11-12,0,0,0
2018-11-12,0,0,0
2018-11-12,2,0,2
2018-11-12,5,1,4
2018-11-12,10,2,8
2018-11-12,16,2,14
2018-11-12,21,5,16
2018-11-12,19,9,10
2018-11-12,15,3,12
2018-11-12,12,4,8
2018-11-12,9,1,8
2018-11-12,15,7,8
2018-11-12,14,9,5
2018-11-12,13,9,4
2018-11-12,21,14,7
2018-11-12,29,19,10
2018-11-12,22,10,12
2018-11-12,19,9,10
2018-11-12,7,3,4
2018-11-12,8,4,4
2018-11-12,8,3,5
2018-11-12,6,3,3
2018-11-12,3,1,2
2018-11-13,1,0,1
2018-11-13,0,0,0
2018-11-13,0,0,0
2018-11-13,2,0,2
2018-11-13,5,1,4
2018-11-13,12,1,11
2018-11-13,30,5,25
2018-11-13,36,10,26
2018-11-13,22,5,17
2018-11-13,17,5,12
2018-11-13,11,8,3
2018-11-13,16,6,10
2018-11-13,24,14,10
2018-11-13,24,10,14
2018-11-13,19,12,7
2018-11-13,33,21,12
2018-11-13,53,35,18
2018-11-13,40,24,16
2018-11-13,32,16,16
2018-11-13,18,7,11
2018-11-13,19,9,10
2018-11-13,9,2,7
2018-11-13,8,2,6
2018-11-13,2,1,1
2018-11-14,0,0,0
2018-11-14,1,0,1
2018-11-14,0,0,0
2018-11-14,1,0,1
2018-11-14,3,0,3
2018-11-14,9,1,8
2018-11-14,25,9,16
2018-11-14,26,7,19
2018-11-14,16,5,11
2018-11-14,11,2,9
2018-11-14,12,5,7
2018-11-14,13,6,7
2018-11-14,11,6,5
2018-11-14,13,7,6
2018-11-14,14,7,7
2018-11-14,33,25,8
2018-11-14,45,28,17
2018-11-14,31,14,17
2018-11-14,24,11,13
2018-11-14,14,5,9
2018-11-14,10,6,4
2018-11-14,8,3,5
2018-11-14,1,1,0
2018-11-14,1,0,1
2018-11-15,1,1,0
2018-11-15,0,0,0
2018-11-15,0,0,0
2018-11-15,1,0,1
2018-11-15,4,2,2
2018-11-15,11,1,10
2018-11-15,29,6,23
2018-11-15,36,13,23
2018-11-15,24,10,14
2018-11-15,18,6,12
2018-11-15,11,5,6
2018-11-15,23,13,10
2018-11-15,23,9,14
2018-11-15,16,7,9
2018-11-15,13,8,5
2018-11-15,28,20,8
2018-11-15,37,22,15
2018-11-15,34,16,18
2018-11-15,27,12,15
2018-11-15,21,10,11
2018-11-15,6,3,3
2018-11-15,18,7,11
2018-11-15,11,4,7
2018-11-15,0,0,0
2018-11-16,3,1,2
2018-11-16,1,1,0
2018-11-16,0,0,0
2018-11-16,1,1,0
2018-11-16,3,0,3
2018-11-16,10,0,10
2018-11-16,15,5,10
2018-11-16,31,9,22
2018-11-16,17,6,11
2018-11-16,15,4,11
2018-11-16,17,10,7
2018-11-16,10,5,5
2018-11-16,21,10,11
2018-11-16,23,14,9
2018-11-16,16,6,10
2018-11-16,28,22,6
2018-11-16,47,27,20
2018-11-16,38,22,16
2018-11-16,23,13,10
2018-11-16,24,14,10
2018-11-16,10,3,7
2018-11-16,14,6,8
2018-11-16,3,1,2
2018-11-16,6,3,3
2018-11-17,4,2,2
2018-11-17,3,0,3
2018-11-17,2,1,1
2018-11-17,1,0,1
2018-11-17,3,0,3
2018-11-17,9,1,8
2018-11-17,7,5,2
2018-11-17,4,0,4
2018-11-17,9,4,5
2018-11-17,15,2,13
2018-11-17,13,9,4
2018-11-17,24,11,13
2018-11-17,24,11,13
2018-11-17,19,8,11
2018-11-17,12,5,7
2018-11-17,25,15,10
2018-11-17,17,9,8
2018-11-17,20,9,11
2018-11-17,17,11,6
2018-11-17,6,6,0
2018-11-17,11,3,8
2018-11-17,5,1,4
2018-11-17,4,0,4
2018-11-17,5,2,3
2018-11-18,19,12,7
2018-11-18,1,0,1
2018-11-18,0,0,0
2018-11-18,1,0,1
2018-11-18,2,0,2
2018-11-18,9,1,8
2018-11-18,1,1,0
2018-11-18,4,2,2
2018-11-18,3,3,0
2018-11-18,5,3,2
2018-11-18,10,8,2
2018-11-18,13,5,8
2018-11-18,12,1,11
2018-11-18,11,6,5
2018-11-18,18,12,6
2018-11-18,15,6,9
2018-11-18,16,9,7
2018-11-18,11,3,8
2018-11-18,16,7,9
2018-11-18,14,8,6
2018-11-18,4,0,4
2018-11-18,3,2,1
2018-11-18,3,0,3
2018-11-18,6,3,3
2018-11-19,1,0,1
2018-11-19,0,0,0
2018-11-19,1,0,1
2018-11-19,0,0,0
2018-11-19,6,1,5
2018-11-19,12,4,8
2018-11-19,17,5,12
2018-11-19,32,5,27
2018-11-19,18,4,14
2018-11-19,17,7,10
2018-11-19,10,3,7
2018-11-19,7,4,3
2018-11-19,21,13,8
2018-11-19,17,8,9
2018-11-19,19,12,7
2018-11-19,37,21,16
2018-11-19,47,29,18
2018-11-19,32,18,14
2018-11-19,23,10,13
2018-11-19,15,8,7
2018-11-19,6,1,5
2018-11-19,4,2,2
2018-11-19,1,1,0
2018-11-19,3,1,2
2018-11-20,2,0,2
2018-11-20,1,0,1
2018-11-20,0,0,0
2018-11-20,1,0,1
2018-11-20,2,0,2
2018-11-20,12,2,10
2018-11-20,23,2,21
2018-11-20,32,10,22
2018-11-20,22,7,15
2018-11-20,10,3,7
2018-11-20,13,7,6
2018-11-20,12,6,6
2018-11-20,25,15,10
2018-11-20,12,4,8
2018-11-20,9,3,6
2018-11-20,30,19,11
2018-11-20,45,33,12
2018-11-20,34,19,15
2018-11-20,23,16,7
2018-11-20,16,8,8
2018-11-20,10,6,4
2018-11-20,14,2,12
2018-11-20,6,2,4
2018-11-20,3,0,3
2018-11-21,0,0,0
2018-11-21,0,0,0
2018-11-21,0,0,0
2018-11-21,0,0,0
2018-11-21,2,0,2
2018-11-21,6,2,4
2018-11-21,20,4,16
2018-11-21,22,9,13
2018-11-21,12,3,9
2018-11-21,11,4,7
2018-11-21,12,7,5
2018-11-21,9,4,5
2018-11-21,8,5,3
2018-11-21,10,6,4
2018-11-21,25,12,13
2018-11-21,22,13,9
2018-11-21,23,13,10
2018-11-21,20,11,9
2018-11-21,14,4,10
2018-11-21,10,3,7
2018-11-21,6,5,1
2018-11-21,7,2,5
2018-11-21,2,2,0
2018-11-21,2,0,2
2018-11-22,2,2,0
2018-11-22,0,0,0
2018-11-22,1,0,1
2018-11-22,0,0,0
2018-11-22,1,0,1
2018-11-22,1,1,0
2018-11-22,2,1,1
2018-11-22,1,1,0
2018-11-22,7,1,6
2018-11-22,10,6,4
2018-11-22,6,3,3
2018-11-22,8,1,7
2018-11-22,8,4,4
2018-11-22,2,0,2
2018-11-22,3,2,1
2018-11-22,4,1,3
2018-11-22,1,0,1
2018-11-22,4,0,4
2018-11-22,0,0,0
2018-11-22,2,1,1
2018-11-22,2,1,1
2018-11-22,1,0,1
2018-11-22,1,0,1
2018-11-22,1,0,1
2018-11-23,1,1,0
2018-11-23,0,0,0
2018-11-23,1,1,0
2018-11-23,0,0,0
2018-11-23,2,0,2
2018-11-23,4,1,3
2018-11-23,7,1,6
2018-11-23,2,1,1
2018-11-23,1,0,1
2018-11-23,4,2,2
2018-11-23,8,6,2
2018-11-23,4,0,4
2018-11-23,7,4,3
2018-11-23,11,5,6
2018-11-23,9,5,4
2018-11-23,11,7,4
2018-11-23,14,4,10
2018-11-23,10,4,6
2018-11-23,9,3,6
2018-11-23,6,5,1
2018-11-23,3,1,2
2018-11-23,3,1,2
2018-11-23,3,1,2
2018-11-23,4,0,4
2018-11-24,7,0,7
2018-11-24,0,0,0
2018-11-24,0,0,0
2018-11-24,1,0,1
2018-11-24,0,0,0
2018-11-24,6,0,6
2018-11-24,1,0,1
2018-11-24,4,3,1
2018-11-24,9,3,6
2018-11-24,10,7,3
2018-11-24,10,8,2
2018-11-24,7,5,2
2018-11-24,17,5,12
2018-11-24,11,7,4
2018-11-24,14,8,6
2018-11-24,18,10,8
2018-11-24,4,1,3
2018-11-24,8,3,5
2018-11-24,9,6,3
2018-11-24,3,0,3
2018-11-24,3,1,2
2018-11-24,6,2,4
2018-11-24,4,2,2
2018-11-24,3,1,2
2018-11-25,4,1,3
2018-11-25,1,0,1
2018-11-25,1,0,1
2018-11-25,1,0,1
2018-11-25,1,0,1
2018-11-25,4,0,4
2018-11-25,3,1,2
2018-11-25,4,4,0
2018-11-25,9,5,4
2018-11-25,5,0,5
2018-11-25,9,6,3
2018-11-25,11,5,6
2018-11-25,21,6,15
2018-11-25,13,8,5
2018-11-25,21,9,12
2018-11-25,22,13,9
2018-11-25,9,5,4
2018-11-25,9,3,6
2018-11-25,1,1,0
2018-11-25,7,2,5
2018-11-25,5,2,3
2018-11-25,7,4,3
2018-11-25,6,4,2
2018-11-25,4,0,4
2018-11-26,0,0,0
2018-11-26,0,0,0
2018-11-26,0,0,0
2018-11-26,2,1,1
2018-11-26,2,0,2
2018-11-26,7,1,6
2018-11-26,15,5,10
2018-11-26,24,7,17
2018-11-26,15,2,13
2018-11-26,12,1,11
2018-11-26,3,2,1
2018-11-26,5,2,3
2018-11-26,9,4,5
2018-11-26,5,1,4
2018-11-26,8,6,2
2018-11-26,22,13,9
2018-11-26,18,13,5
2018-11-26,24,9,15
2018-11-26,10,4,6
2018-11-26,11,7,4
2018-11-26,2,1,1
2018-11-26,2,1,1
2018-11-26,1,1,0
2018-11-26,1,0,1
2018-11-27,0,0,0
2018-11-27,1,0,1
2018-11-27,0,0,0
2018-11-27,3,0,3
2018-11-27,1,0,1
2018-11-27,7,0,7
2018-11-27,23,7,16
2018-11-27,30,9,21
2018-11-27,19,10,9
2018-11-27,9,4,5
2018-11-27,17,5,12
2018-11-27,12,6,6
2018-11-27,16,6,10
2018-11-27,11,5,6
2018-11-27,21,13,8
2018-11-27,28,17,11
2018-11-27,30,19,11
2018-11-27,32,17,15
2018-11-27,13,5,8
2018-11-27,5,1,4
2018-11-27,6,2,4
2018-11-27,3,1,2
2018-11-27,6,2,4
2018-11-27,1,0,1
2018-11-28,0,0,0
2018-11-28,1,0,1
2018-11-28,0,0,0
2018-11-28,1,0,1
2018-11-28,1,0,1
2018-11-28,9,1,8
2018-11-28,13,6,7
2018-11-28,28,10,18
2018-11-28,16,5,11
2018-11-28,15,4,11
2018-11-28,8,2,6
2018-11-28,7,4,3
2018-11-28,9,3,6
2018-11-28,12,4,8
2018-11-28,19,9,10
2018-11-28,19,13,6
2018-11-28,44,29,15
2018-11-28,22,11,11
2018-11-28,20,10,10
2018-11-28,10,5,5
2018-11-28,11,4,7
2018-11-28,13,9,4
2018-11-28,5,4,1
2018-11-28,3,2,1
2018-11-29,0,0,0
2018-11-29,0,0,0
2018-11-29,0,0,0
2018-11-29,2,0,2
2018-11-29,4,0,4
2018-11-29,8,1,7
2018-11-29,23,9,14
2018-11-29,24,4,20
2018-11-29,17,7,10
2018-11-29,13,3,10
2018-11-29,9,7,2
2018-11-29,10,5,5
2018-11-29,13,5,8
2018-11-29,18,8,10
2018-11-29,31,17,14
2018-11-29,26,17,9
2018-11-29,42,25,17
2018-11-29,49,18,31
2018-11-29,35,16,19
2018-11-29,21,10,11
2018-11-29,17,9,8
2018-11-29,11,6,5
2018-11-29,8,5,3
2018-11-29,0,0,0
2018-11-30,4,2,2
2018-11-30,0,0,0
2018-11-30,2,1,1
2018-11-30,0,0,0
2018-11-30,5,1,4
2018-11-30,15,3,12
2018-11-30,25,8,17
2018-11-30,29,11,18
2018-11-30,18,6,12
2018-11-30,10,5,5
2018-11-30,12,7,5
2018-11-30,23,14,9
2018-11-30,20,5,15
2018-11-30,15,7,8
2018-11-30,16,12,4
2018-11-30,27,14,13
2018-11-30,45,24,21
2018-11-30,30,14,16
2018-11-30,17,13,4
2018-11-30,12,5,7
2018-11-30,7,3,4
2018-11-30,7,4,3
2018-11-30,6,3,3
2018-11-30,6,0,6
2018-12-01,1,0,1
2018-12-01,3,0,3
2018-12-01,1,0,1
2018-12-01,1,0,1
2018-12-01,4,3,1
2018-12-01,8,1,7
2018-12-01,3,3,0
2018-12-01,7,5,2
2018-12-01,1,0,1
2018-12-01,17,10,7
2018-12-01,8,6,2
2018-12-01,14,5,9
2018-12-01,13,6,7
2018-12-01,6,3,3
2018-12-01,14,10,4
2018-12-01,11,10,1
2018-12-01,9,1,8
2018-12-01,12,6,6
2018-12-01,17,9,8
2018-12-01,6,2,4
2018-12-01,4,0,4
2018-12-01,7,1,6
2018-12-01,1,0,1
2018-12-01,3,1,2
2018-12-02,6,2,4
2018-12-02,2,0,2
2018-12-02,3,1,2
2018-12-02,0,0,0
2018-12-02,1,0,1
2018-12-02,5,2,3
2018-12-02,2,2,0
2018-12-02,2,1,1
2018-12-02,3,1,2
2018-12-02,5,4,1
2018-12-02,8,2,6
2018-12-02,12,9,3
2018-12-02,6,4,2
2018-12-02,17,9,8
2018-12-02,17,12,5
2018-12-02,27,10,17
2018-12-02,12,6,6
2018-12-02,15,6,9
2018-12-02,9,4,5
2018-12-02,7,2,5
2018-12-02,6,3,3
2018-12-02,5,1,4
2018-12-02,2,1,1
2018-12-02,2,0,2
2018-12-03,2,2,0
2018-12-03,1,1,0
2018-12-03,0,0,0
2018-12-03,3,1,2
2018-12-03,1,0,1
2018-12-03,12,3,9
2018-12-03,35,8,27
2018-12-03,26,6,20
2018-12-03,17,7,10
2018-12-03,14,7,7
2018-12-03,3,2,1
2018-12-03,11,7,4
2018-12-03,15,9,6
2018-12-03,13,6,7
2018-12-03,12,9,3
2018-12-03,30,15,15
2018-12-03,40,29,11
2018-12-03,34,20,14
2018-12-03,13,7,6
2018-12-03,17,10,7
2018-12-03,8,3,5
2018-12-03,3,0,3
2018-12-03,4,2,2
2018-12-03,3,1,2
2018-12-04,2,1,1
2018-12-04,1,1,0
2018-12-04,0,0,0
2018-12-04,3,1,2
2018-12-04,0,0,0
2018-12-04,11,3,8
2018-12-04,29,8,21
2018-12-04,26,6,20
2018-12-04,16,7,9
2018-12-04,15,7,8
2018-12-04,9,7,2
2018-12-04,22,10,12
2018-12-04,6,3,3
2018-12-04,18,11,7
2018-12-04,17,10,7
2018-12-04,32,19,13
2018-12-04,43,24,19
2018-12-04,40,19,21
2018-12-04,15,5,10
2018-12-04,10,3,7
2018-12-04,7,3,4
2018-12-04,6,3,3
2018-12-04,7,3,4
2018-12-04,1,1,0
2018-12-05,1,1,0
2018-12-05,0,0,0
2018-12-05,0,0,0
2018-12-05,1,0,1
2018-12-05,1,1,0
2018-12-05,12,2,10
2018-12-05,18,4,14
2018-12-05,26,9,17
2018-12-05,14,4,10
2018-12-05,10,2,8
2018-12-05,10,5,5
2018-12-05,19,8,11
2018-12-05,27,10,17
2018-12-05,2,0,2
2018-12-05,31,15,16
2018-12-05,22,10,12
2018-12-05,28,18,10
2018-12-05,43,23,20
2018-12-05,35,19,16
2018-12-05,19,5,14
2018-12-05,17,8,9
2018-12-05,9,5,4
2018-12-05,5,2,3
2018-12-05,7,4,3
2018-12-06,4,2,2
2018-12-06,2,1,1
2018-12-06,2,2,0
2018-12-06,1,1,0
2018-12-06,2,0,2
2018-12-06,2,1,1
2018-12-06,14,2,12
2018-12-06,24,7,17
2018-12-06,33,11,22
2018-12-06,17,6,11
2018-12-06,10,3,7
2018-12-06,15,6,9
2018-12-06,8,4,4
2018-12-06,13,5,8
2018-12-06,23,12,11
2018-12-06,14,8,6
2018-12-06,25,19,6
2018-12-06,40,26,14
2018-12-06,34,14,20
2018-12-06,25,15,10
2018-12-06,12,8,4
2018-12-06,10,4,6
2018-12-06,13,6,7
2018-12-06,8,4,4
2018-12-07,3,3,0
2018-12-07,1,1,0
2018-12-07,0,0,0
2018-12-07,0,0,0
2018-12-07,1,0,1
2018-12-07,3,2,1
2018-12-07,13,1,12
2018-12-07,21,7,14
2018-12-07,15,5,10
2018-12-07,25,8,17
2018-12-07,11,4,7
2018-12-07,13,5,8
2018-12-07,15,7,8
2018-12-07,17,5,12
2018-12-07,14,6,8
2018-12-07,23,13,10
2018-12-07,32,19,13
2018-12-07,37,20,17
2018-12-07,16,8,8
2018-12-07,22,10,12
2018-12-07,13,8,5
2018-12-07,7,3,4
2018-12-07,6,4,2
2018-12-07,6,4,2
2018-12-08,3,1,2
2018-12-08,5,4,1
2018-12-08,4,1,3
2018-12-08,1,0,1
2018-12-08,1,0,1
2018-12-08,2,0,2
2018-12-08,1,0,1
2018-12-08,9,5,4
2018-12-08,4,2,2
2018-12-08,8,2,6
2018-12-08,8,4,4
2018-12-08,18,10,8
2018-12-08,9,5,4
2018-12-08,14,10,4
2018-12-08,14,6,8
2018-12-08,15,10,5
2018-12-08,16,12,4
2018-12-08,14,8,6
2018-12-08,14,3,11
2018-12-08,7,5,2
2018-12-08,0,0,0
2018-12-08,17,14,3
2018-12-08,7,4,3
2018-12-08,4,1,3
2018-12-09,4,0,4
2018-12-09,7,5,2
2018-12-09,4,1,3
2018-12-09,2,0,2
2018-12-09,0,0,0
2018-12-09,0,0,0
2018-12-09,5,3,2
2018-12-09,6,1,5
2018-12-09,5,3,2
2018-12-09,6,2,4
2018-12-09,3,3,0
2018-12-09,2,0,2
2018-12-09,7,5,2
2018-12-09,4,2,2
2018-12-09,9,5,4
2018-12-09,9,4,5
2018-12-09,2,1,1
2018-12-09,5,4,1
2018-12-09,8,0,8
2018-12-09,5,3,2
2018-12-09,3,2,1
2018-12-09,2,0,2
2018-12-09,7,2,5
2018-12-09,0,0,0
2018-12-10,2,0,2
2018-12-10,0,0,0
2018-12-10,1,1,0
2018-12-10,0,0,0
2018-12-10,1,0,1
2018-12-10,8,2,6
2018-12-10,9,2,7
2018-12-10,18,6,12
2018-12-10,24,9,15
2018-12-10,23,7,16
2018-12-10,8,3,5
2018-12-10,20,8,12
2018-12-10,14,4,10
2018-12-10,13,8,5
2018-12-10,7,4,3
2018-12-10,18,10,8
2018-12-10,26,20,6
2018-12-10,34,23,11
2018-12-10,32,16,16
2018-12-10,18,9,9
2018-12-10,15,4,11
2018-12-10,13,5,8
2018-12-10,4,1,3
2018-12-10,5,5,0
2018-12-11,3,0,3
2018-12-11,2,0,2
2018-12-11,0,0,0
2018-12-11,0,0,0
2018-12-11,1,0,1
2018-12-11,1,0,1
2018-12-11,8,4,4
2018-12-11,21,6,15
2018-12-11,23,7,16
2018-12-11,10,7,3
2018-12-11,15,7,8
2018-12-11,9,4,5
2018-12-11,5,3,2
2018-12-11,10,4,6
2018-12-11,3,2,1
2018-12-11,14,9,5
2018-12-11,15,9,6
2018-12-11,26,20,6
2018-12-11,32,19,13
2018-12-11,24,13,11
2018-12-11,11,5,6
2018-12-11,8,2,6
2018-12-11,5,3,2
2018-12-11,8,3,5
2018-12-12,5,2,3
2018-12-12,2,1,1
2018-12-12,2,1,1
2018-12-12,0,0,0
2018-12-12,2,1,1
2018-12-12,2,0,2
2018-12-12,11,2,9
2018-12-12,18,5,13
2018-12-12,27,10,17
2018-12-12,20,3,17
2018-12-12,16,4,12
2018-12-12,7,5,2
2018-12-12,17,11,6
2018-12-12,10,5,5
2018-12-12,12,6,6
2018-12-12,20,13,7
2018-12-12,26,19,7
2018-12-12,39,20,19
2018-12-12,31,16,15
2018-12-12,17,7,10
2018-12-12,11,5,6
2018-12-12,8,5,3
2018-12-12,5,1,4
2018-12-12,3,2,1
2018-12-13,4,2,2
2018-12-13,0,0,0
2018-12-13,4,2,2
2018-12-13,1,0,1
2018-12-13,3,0,3
2018-12-13,2,1,1
2018-12-13,7,0,7
2018-12-13,11,5,6
2018-12-13,30,9,21
2018-12-13,17,10,7
2018-12-13,15,5,10
2018-12-13,12,5,7
2018-12-13,12,7,5
2018-12-13,10,4,6
2018-12-13,14,9,5
2018-12-13,10,5,5
2018-12-13,17,13,4
2018-12-13,33,19,14
2018-12-13,22,10,12
2018-12-13,13,10,3
2018-12-13,16,10,6
2018-12-13,8,2,6
2018-12-13,6,1,5
2018-12-13,7,2,5
2018-12-14,4,2,2
2018-12-14,0,0,0
2018-12-14,3,1,2
2018-12-14,1,0,1
2018-12-14,2,0,2
2018-12-14,1,0,1
2018-12-14,13,2,11
2018-12-14,18,3,15
2018-12-14,17,6,11
2018-12-14,12,3,9
2018-12-14,8,5,3
2018-12-14,11,4,7
2018-12-14,20,10,10
2018-12-14,20,10,10
2018-12-14,8,3,5
2018-12-14,13,6,7
2018-12-14,28,16,12
2018-12-14,38,23,15
2018-12-14,20,10,10
2018-12-14,21,13,8
2018-12-14,13,4,9
2018-12-14,6,4,2
2018-12-14,7,4,3
2018-12-14,5,3,2
2018-12-15,0,0,0
2018-12-15,7,1,6
2018-12-15,2,2,0
2018-12-15,1,0,1
2018-12-15,0,0,0
2018-12-15,7,3,4
2018-12-15,5,1,4
2018-12-15,6,2,4
2018-12-15,7,5,2
2018-12-15,4,1,3
2018-12-15,7,4,3
2018-12-15,7,3,4
2018-12-15,8,4,4
2018-12-15,13,8,5
2018-12-15,12,5,7
2018-12-15,16,8,8
2018-12-15,13,7,6
2018-12-15,8,5,3
2018-12-15,11,3,8
2018-12-15,15,11,4
2018-12-15,9,4,5
2018-12-15,2,2,0
2018-12-15,3,2,1
2018-12-15,2,1,1
2018-12-16,5,1,4
2018-12-16,7,0,7
2018-12-16,4,4,0
2018-12-16,0,0,0
2018-12-16,0,0,0
2018-12-16,1,0,1
2018-12-16,2,1,1
2018-12-16,2,2,0
2018-12-16,5,4,1
2018-12-16,2,2,0
2018-12-16,6,2,4
2018-12-16,9,3,6
2018-12-16,4,2,2
2018-12-16,6,3,3
2018-12-16,13,6,7
2018-12-16,6,3,3
2018-12-16,15,7,8
2018-12-16,4,3,1
2018-12-16,5,1,4
2018-12-16,5,2,3
2018-12-16,3,1,2
2018-12-16,5,1,4
2018-12-16,2,1,1
2018-12-16,1,0,1
2018-12-17,2,1,1
2018-12-17,1,1,0
2018-12-17,0,0,0
2018-12-17,1,0,1
2018-12-17,2,0,2
2018-12-17,1,0,1
2018-12-17,8,2,6
2018-12-17,19,4,15
2018-12-17,27,8,19
2018-12-17,9,2,7
2018-12-17,9,4,5
2018-12-17,10,3,7
2018-12-17,16,5,11
2018-12-17,11,5,6
2018-12-17,18,8,10
2018-12-17,15,11,4
2018-12-17,15,11,4
2018-12-17,29,18,11
2018-12-17,14,6,8
2018-12-17,7,5,2
2018-12-17,8,5,3
2018-12-17,4,1,3
2018-12-17,6,2,4
2018-12-17,2,2,0
2018-12-18,2,1,1
2018-12-18,1,0,1
2018-12-18,0,0,0
2018-12-18,0,0,0
2018-12-18,1,0,1
2018-12-18,0,0,0
2018-12-18,6,1,5
2018-12-18,18,3,15
2018-12-18,20,6,14
2018-12-18,13,2,11
2018-12-18,10,5,5
2018-12-18,10,6,4
2018-12-18,7,0,7
2018-12-18,4,1,3
2018-12-18,17,10,7
2018-12-18,16,8,8
2018-12-18,14,12,2
2018-12-18,20,16,4
2018-12-18,24,15,9
2018-12-18,8,2,6
2018-12-18,12,4,8
2018-12-18,6,2,4
2018-12-18,2,0,2
2018-12-18,7,2,5
2018-12-19,1,1,0
2018-12-19,2,0,2
2018-12-19,0,0,0
2018-12-19,0,0,0
2018-12-19,0,0,0
2018-12-19,1,0,1
2018-12-19,12,2,10
2018-12-19,25,3,22
2018-12-19,28,8,20
2018-12-19,18,9,9
2018-12-19,7,3,4
2018-12-19,13,7,6
2018-12-19,9,2,7
2018-12-19,4,2,2
2018-12-19,13,8,5
2018-12-19,14,7,7
2018-12-19,20,11,9
2018-12-19,36,22,14
2018-12-19,17,10,7
2018-12-19,24,13,11
2018-12-19,6,3,3
2018-12-19,11,7,4
2018-12-19,7,1,6
2018-12-19,3,3,0
2018-12-20,4,2,2
2018-12-20,1,1,0
2018-12-20,0,0,0
2018-12-20,1,0,1
2018-12-20,7,0,7
2018-12-20,4,2,2
2018-12-20,8,2,6
2018-12-20,10,1,9
2018-12-20,14,4,10
2018-12-20,16,6,10
2018-12-20,6,3,3
2018-12-20,5,1,4
2018-12-20,7,2,5
2018-12-20,2,1,1
2018-12-20,6,3,3
2018-12-20,7,4,3
2018-12-20,23,11,12
2018-12-20,30,24,6
2018-12-20,13,2,11
2018-12-20,11,9,2
2018-12-20,4,3,1
2018-12-20,3,1,2
2018-12-20,5,4,1
2018-12-20,14,9,5
2018-12-21,2,1,1
2018-12-21,1,0,1
2018-12-21,2,0,2
2018-12-21,0,0,0
2018-12-21,1,0,1
2018-12-21,2,0,2
2018-12-21,10,1,9
2018-12-21,20,6,14
2018-12-21,16,6,10
2018-12-21,15,3,12
2018-12-21,7,3,4
2018-12-21,8,4,4
2018-12-21,15,6,9
2018-12-21,12,6,6
2018-12-21,8,3,5
2018-12-21,17,11,6
2018-12-21,29,17,12
2018-12-21,28,21,7
2018-12-21,22,11,11
2018-12-21,13,6,7
2018-12-21,11,6,5
2018-12-21,8,3,5
2018-12-21,4,0,4
2018-12-21,9,3,6
2018-12-22,1,0,1
2018-12-22,3,3,0
2018-12-22,9,1,8
2018-12-22,2,0,2
2018-12-22,0,0,0
2018-12-22,0,0,0
2018-12-22,6,3,3
2018-12-22,4,0,4
2018-12-22,4,3,1
2018-12-22,5,2,3
2018-12-22,6,3,3
2018-12-22,13,4,9
2018-12-22,5,3,2
2018-12-22,8,4,4
2018-12-22,16,8,8
2018-12-22,12,4,8
2018-12-22,14,9,5
2018-12-22,8,4,4
2018-12-22,6,1,5
2018-12-22,8,6,2
2018-12-22,1,1,0
2018-12-22,3,2,1
2018-12-22,3,1,2
2018-12-22,2,1,1
2018-12-23,2,1,1
2018-12-23,3,0,3
2018-12-23,2,1,1
2018-12-23,0,0,0
2018-12-23,0,0,0
2018-12-23,0,0,0
2018-12-23,2,0,2
2018-12-23,2,1,1
2018-12-23,3,2,1
2018-12-23,0,0,0
2018-12-23,3,3,0
2018-12-23,9,4,5
2018-12-23,1,1,0
2018-12-23,9,5,4
2018-12-23,4,1,3
2018-12-23,7,6,1
2018-12-23,8,5,3
2018-12-23,9,3,6
2018-12-23,8,3,5
2018-12-23,10,5,5
2018-12-23,9,4,5
2018-12-23,4,2,2
2018-12-23,1,0,1
2018-12-23,1,1,0
2018-12-24,3,1,2
2018-12-24,1,1,0
2018-12-24,0,0,0
2018-12-24,0,0,0
2018-12-24,3,1,2
2018-12-24,2,0,2
2018-12-24,7,1,6
2018-12-24,7,2,5
2018-12-24,11,1,10
2018-12-24,7,4,3
2018-12-24,12,8,4
2018-12-24,6,3,3
2018-12-24,8,4,4
2018-12-24,13,7,6
2018-12-24,24,12,12
2018-12-24,5,5,0
2018-12-24,9,4,5
2018-12-24,12,5,7
2018-12-24,8,5,3
2018-12-24,11,5,6
2018-12-24,4,2,2
2018-12-24,4,1,3
2018-12-24,2,2,0
2018-12-24,2,2,0
2018-12-25,3,2,1
2018-12-25,0,0,0
2018-12-25,0,0,0
2018-12-25,0,0,0
2018-12-25,0,0,0
2018-12-25,0,0,0
2018-12-25,0,0,0
2018-12-25,4,2,2
2018-12-25,0,0,0
2018-12-25,0,0,0
2018-12-25,1,0,1
2018-12-25,4,3,1
2018-12-25,4,3,1
2018-12-25,1,0,1
2018-12-25,6,2,4
2018-12-25,3,2,1
2018-12-25,1,1,0
2018-12-25,3,2,1
2018-12-25,5,2,3
2018-12-25,3,3,0
2018-12-25,0,0,0
2018-12-25,5,0,5
2018-12-25,5,2,3
2018-12-25,3,2,1
2018-12-26,0,0,0
2018-12-26,0,0,0
2018-12-26,1,0,1
2018-12-26,0,0,0
2018-12-26,0,0,0
2018-12-26,1,1,0
2018-12-26,10,2,8
2018-12-26,12,2,10
2018-12-26,7,2,5
2018-12-26,6,1,5
2018-12-26,9,3,6
2018-12-26,5,3,2
2018-12-26,6,2,4
2018-12-26,8,4,4
2018-12-26,8,3,5
2018-12-26,13,5,8
2018-12-26,9,6,3
2018-12-26,9,6,3
2018-12-26,14,10,4
2018-12-26,10,4,6
2018-12-26,8,3,5
2018-12-26,4,1,3
2018-12-26,2,0,2
2018-12-26,2,2,0
2018-12-27,0,0,0
2018-12-27,0,0,0
2018-12-27,0,0,0
2018-12-27,0,0,0
2018-12-27,1,0,1
2018-12-27,1,0,1
2018-12-27,6,1,5
2018-12-27,16,2,14
2018-12-27,16,11,5
2018-12-27,9,5,4
2018-12-27,10,6,4
2018-12-27,7,1,6
2018-12-27,13,5,8
2018-12-27,6,2,4
2018-12-27,11,4,7
2018-12-27,10,7,3
2018-12-27,25,16,9
2018-12-27,27,15,12
2018-12-27,18,9,9
2018-12-27,9,4,5
2018-12-27,6,4,2
2018-12-27,4,3,1
2018-12-27,7,4,3
2018-12-27,8,5,3
2018-12-28,1,1,0
2018-12-28,1,1,0
2018-12-28,0,0,0
2018-12-28,0,0,0
2018-12-28,1,0,1
2018-12-28,8,3,5
2018-12-28,8,1,7
2018-12-28,12,2,10
2018-12-28,13,4,9
2018-12-28,7,5,2
2018-12-28,4,2,2
2018-12-28,4,2,2
2018-12-28,5,2,3
2018-12-28,7,4,3
2018-12-28,7,5,2
2018-12-28,9,5,4
2018-12-28,11,6,5
2018-12-28,15,11,4
2018-12-28,13,5,8
2018-12-28,17,10,7
2018-12-28,3,1,2
2018-12-28,3,2,1
2018-12-28,5,2,3
2018-12-28,5,4,1
2018-12-29,2,1,1
2018-12-29,0,0,0
2018-12-29,3,0,3
2018-12-29,0,0,0
2018-12-29,0,0,0
2018-12-29,1,0,1
2018-12-29,2,0,2
2018-12-29,3,2,1
2018-12-29,2,0,2
2018-12-29,5,2,3
2018-12-29,6,4,2
2018-12-29,5,4,1
2018-12-29,1,1,0
2018-12-29,5,2,3
2018-12-29,9,3,6
2018-12-29,4,0,4
2018-12-29,5,1,4
2018-12-29,8,6,2
2018-12-29,9,4,5
2018-12-29,6,3,3
2018-12-29,1,1,0
2018-12-29,4,1,3
2018-12-29,5,1,4
2018-12-29,6,4,2
2018-12-30,1,1,0
2018-12-30,3,1,2
2018-12-30,1,0,1
2018-12-30,1,0,1
2018-12-30,0,0,0
2018-12-30,2,0,2
2018-12-30,5,1,4
2018-12-30,3,2,1
2018-12-30,5,3,2
2018-12-30,3,1,2
2018-12-30,7,2,5
2018-12-30,6,2,4
2018-12-30,12,2,10
2018-12-30,17,9,8
2018-12-30,10,7,3
2018-12-30,17,7,10
2018-12-30,12,6,6
2018-12-30,14,8,6
2018-12-30,12,2,10
2018-12-30,8,3,5
2018-12-30,3,2,1
2018-12-30,8,4,4
2018-12-30,6,3,3
2018-12-30,4,3,1
2018-12-31,3,1,2
2018-12-31,2,0,2
2018-12-31,3,1,2
2018-12-31,0,0,0
2018-12-31,2,0,2
2018-12-31,2,0,2
2018-12-31,7,0,7
2018-12-31,16,5,11
2018-12-31,10,2,8
2018-12-31,5,2,3
2018-12-31,15,6,9
2018-12-31,3,3,0
2018-12-31,5,2,3
2018-12-31,11,6,5
2018-12-31,10,7,3
2018-12-31,10,5,5
2018-12-31,19,14,5
2018-12-31,24,13,11
2018-12-31,15,10,5
2018-12-31,10,7,3
2018-12-31,8,4,4
2018-12-31,9,3,6
2018-12-31,1,1,0
2018-12-31,6,0,6
