date,nw_58th_st_greenway_st_22nd_ave_nw_total,east,west
2019-01-01,1,1,0
2019-01-01,2,0,2
2019-01-01,0,0,0
2019-01-01,1,0,1
2019-01-01,0,0,0
2019-01-01,0,0,0
2019-01-01,0,0,0
2019-01-01,1,0,1
2019-01-01,3,1,2
2019-01-01,1,1,0
2019-01-01,1,0,1
2019-01-01,2,1,1
2019-01-01,7,5,2
2019-01-01,10,8,2
2019-01-01,3,2,1
2019-01-01,13,5,8
2019-01-01,10,7,3
2019-01-01,6,2,4
2019-01-01,1,0,1
2019-01-01,2,2,0
2019-01-01,2,2,0
2019-01-01,2,1,1
2019-01-01,0,0,0
2019-01-01,0,0,0
2019-01-02,1,0,1
2019-01-02,0,0,0
2019-01-02,0,0,0
2019-01-02,0,0,0
2019-01-02,0,0,0
2019-01-02,0,0,0
2019-01-02,2,1,1
2019-01-02,4,3,1
2019-01-02,4,3,1
2019-01-02,9,6,3
2019-01-02,2,2,0
2019-01-02,4,4,0
2019-01-02,9,6,3
2019-01-02,5,2,3
2019-01-02,3,2,1
2019-01-02,4,4,0
2019-01-02,8,2,6
2019-01-02,16,9,7
2019-01-02,7,4,3
2019-01-02,5,2,3
2019-01-02,1,0,1
2019-01-02,3,1,2
2019-01-02,0,0,0
2019-01-02,1,1,0
2019-01-03,0,0,0
2019-01-03,0,0,0
2019-01-03,0,0,0
2019-01-03,0,0,0
2019-01-03,0,0,0
2019-01-03,0,0,0
2019-01-03,1,0,1
2019-01-03,6,5,1
2019-01-03,5,2,3
2019-01-03,3,2,1
2019-01-03,2,1,1
2019-01-03,7,4,3
2019-01-03,4,3,1
2019-01-03,3,2,1
2019-01-03,6,3,3
2019-01-03,3,1,2
2019-01-03,4,1,3
2019-01-03,5,0,5
2019-01-03,3,1,2
2019-01-03,7,4,3
2019-01-03,2,1,1
2019-01-03,2,0,2
2019-01-03,1,1,0
2019-01-03,0,0,0
2019-01-04,0,0,0
2019-01-04,0,0,0
2019-01-04,0,0,0
2019-01-04,0,0,0
2019-01-04,0,0,0
2019-01-04,0,0,0
2019-01-04,0,0,0
2019-01-04,5,3,2
2019-01-04,9,5,4
2019-01-04,7,3,4
2019-01-04,8,5,3
2019-01-04,4,2,2
2019-01-04,3,1,2
2019-01-04,3,3,0
2019-01-04,9,2,7
2019-01-04,10,6,4
2019-01-04,4,2,2
2019-01-04,6,6,0
2019-01-04,8,4,4
2019-01-04,6,4,2
2019-01-04,2,1,1
2019-01-04,2,0,2
2019-01-04,1,1,0
2019-01-04,0,0,0
2019-01-05,2,0,2
2019-01-05,0,0,0
2019-01-05,0,0,0
2019-01-05,0,0,0
2019-01-05,0,0,0
2019-01-05,0,0,0
2019-01-05,0,0,0
2019-01-05,0,0,0
2019-01-05,3,1,2
2019-01-05,1,0,1
2019-01-05,3,3,0
2019-01-05,15,12,3
2019-01-05,11,5,6
2019-01-05,12,7,5
2019-01-05,8,4,4
2019-01-05,18,9,9
2019-01-05,5,4,1
2019-01-05,3,1,2
2019-01-05,2,1,1
2019-01-05,3,2,1
2019-01-05,0,0,0
2019-01-05,0,0,0
2019-01-05,1,0,1
2019-01-05,0,0,0
2019-01-06,0,0,0
2019-01-06,1,1,0
2019-01-06,0,0,0
2019-01-06,0,0,0
2019-01-06,0,0,0
2019-01-06,0,0,0
2019-01-06,0,0,0
2019-01-06,0,0,0
2019-01-06,6,3,3
2019-01-06,2,1,1
2019-01-06,13,4,9
2019-01-06,6,4,2
2019-01-06,10,7,3
2019-01-06,9,7,2
2019-01-06,8,4,4
2019-01-06,4,1,3
2019-01-06,0,0,0
2019-01-06,3,1,2
2019-01-06,0,0,0
2019-01-06,2,1,1
2019-01-06,0,0,0
2019-01-06,1,1,0
2019-01-06,2,1,1
2019-01-06,0,0,0
2019-01-07,0,0,0
2019-01-07,0,0,0
2019-01-07,1,0,1
2019-01-07,0,0,0
2019-01-07,0,0,0
2019-01-07,0,0,0
2019-01-07,4,2,2
2019-01-07,9,5,4
2019-01-07,8,2,6
2019-01-07,6,4,2
2019-01-07,3,1,2
2019-01-07,7,7,0
2019-01-07,3,3,0
2019-01-07,6,3,3
2019-01-07,6,2,4
2019-01-07,8,5,3
2019-01-07,13,4,9
2019-01-07,8,4,4
2019-01-07,13,8,5
2019-01-07,10,5,5
2019-01-07,3,0,3
2019-01-07,3,2,1
2019-01-07,1,0,1
2019-01-07,2,0,2
2019-01-08,0,0,0
2019-01-08,1,1,0
2019-01-08,1,0,1
2019-01-08,1,0,1
2019-01-08,1,0,1
2019-01-08,1,0,1
2019-01-08,2,1,1
2019-01-08,5,1,4
2019-01-08,6,5,1
2019-01-08,3,1,2
2019-01-08,3,1,2
2019-01-08,7,3,4
2019-01-08,1,1,0
2019-01-08,2,0,2
2019-01-08,2,1,1
2019-01-08,5,4,1
2019-01-08,10,4,6
2019-01-08,7,3,4
2019-01-08,4,1,3
2019-01-08,4,2,2
2019-01-08,2,0,2
2019-01-08,1,0,1
2019-01-08,0,0,0
2019-01-08,0,0,0
2019-01-09,1,0,1
2019-01-09,0,0,0
2019-01-09,0,0,0
2019-01-09,0,0,0
2019-01-09,1,0,1
2019-01-09,0,0,0
2019-01-09,2,2,0
2019-01-09,5,2,3
2019-01-09,5,3,2
2019-01-09,4,3,1
2019-01-09,4,4,0
2019-01-09,4,3,1
2019-01-09,4,2,2
2019-01-09,2,1,1
2019-01-09,2,0,2
2019-01-09,8,5,3
2019-01-09,6,1,5
2019-01-09,11,4,7
2019-01-09,2,1,1
2019-01-09,3,2,1
2019-01-09,1,0,1
2019-01-09,3,0,3
2019-01-09,0,0,0
2019-01-09,3,0,3
2019-01-10,1,0,1
2019-01-10,1,1,0
2019-01-10,0,0,0
2019-01-10,1,1,0
2019-01-10,1,1,0
2019-01-10,1,0,1
2019-01-10,2,1,1
2019-01-10,6,3,3
2019-01-10,5,3,2
2019-01-10,4,2,2
2019-01-10,1,0,1
2019-01-10,8,4,4
2019-01-10,8,5,3
2019-01-10,4,1,3
2019-01-10,7,2,5
2019-01-10,6,3,3
2019-01-10,10,6,4
2019-01-10,13,4,9
2019-01-10,10,7,3
2019-01-10,7,4,3
2019-01-10,3,1,2
2019-01-10,3,0,3
2019-01-10,3,0,3
2019-01-10,2,0,2
2019-01-11,0,0,0
2019-01-11,0,0,0
2019-01-11,1,0,1
2019-01-11,0,0,0
2019-01-11,0,0,0
2019-01-11,1,0,1
2019-01-11,1,0,1
2019-01-11,3,3,0
2019-01-11,13,8,5
2019-01-11,6,3,3
2019-01-11,4,2,2
2019-01-11,2,1,1
2019-01-11,9,4,5
2019-01-11,6,3,3
2019-01-11,5,3,2
2019-01-11,6,5,1
2019-01-11,14,8,6
2019-01-11,13,9,4
2019-01-11,4,3,1
2019-01-11,3,0,3
2019-01-11,5,2,3
2019-01-11,1,0,1
2019-01-11,3,1,2
2019-01-11,1,1,0
2019-01-12,1,0,1
2019-01-12,0,0,0
2019-01-12,2,1,1
2019-01-12,3,2,1
2019-01-12,1,1,0
2019-01-12,0,0,0
2019-01-12,2,0,2
2019-01-12,1,0,1
2019-01-12,2,1,1
2019-01-12,4,4,0
2019-01-12,4,3,1
2019-01-12,10,8,2
2019-01-12,23,12,11
2019-01-12,10,6,4
2019-01-12,20,16,4
2019-01-12,23,10,13
2019-01-12,18,13,5
2019-01-12,9,4,5
2019-01-12,8,4,4
2019-01-12,2,1,1
2019-01-12,2,1,1
2019-01-12,1,1,0
2019-01-12,2,0,2
2019-01-12,0,0,0
2019-01-13,0,0,0
2019-01-13,0,0,0
2019-01-13,0,0,0
2019-01-13,2,1,1
2019-01-13,0,0,0
2019-01-13,1,1,0
2019-01-13,0,0,0
2019-01-13,0,0,0
2019-01-13,4,2,2
2019-01-13,13,12,1
2019-01-13,9,5,4
2019-01-13,13,7,6
2019-01-13,24,17,7
2019-01-13,24,18,6
2019-01-13,23,14,9
2019-01-13,28,14,14
2019-01-13,14,6,8
2019-01-13,14,9,5
2019-01-13,2,1,1
2019-01-13,3,1,2
2019-01-13,2,0,2
2019-01-13,3,0,3
2019-01-13,0,0,0
2019-01-13,0,0,0
2019-01-14,1,1,0
2019-01-14,1,0,1
2019-01-14,0,0,0
2019-01-14,0,0,0
2019-01-14,1,1,0
2019-01-14,0,0,0
2019-01-14,2,2,0
2019-01-14,7,3,4
2019-01-14,12,9,3
2019-01-14,3,1,2
2019-01-14,7,4,3
2019-01-14,5,4,1
2019-01-14,7,5,2
2019-01-14,4,2,2
2019-01-14,9,4,5
2019-01-14,12,7,5
2019-01-14,16,12,4
2019-01-14,10,5,5
2019-01-14,7,3,4
2019-01-14,8,4,4
2019-01-14,2,2,0
2019-01-14,2,1,1
2019-01-14,1,0,1
2019-01-14,0,0,0
2019-01-15,0,0,0
2019-01-15,0,0,0
2019-01-15,1,1,0
2019-01-15,0,0,0
2019-01-15,0,0,0
2019-01-15,0,0,0
2019-01-15,1,1,0
2019-01-15,7,5,2
2019-01-15,8,6,2
2019-01-15,5,2,3
2019-01-15,3,3,0
2019-01-15,12,7,5
2019-01-15,4,3,1
2019-01-15,6,3,3
2019-01-15,7,4,3
2019-01-15,3,2,1
2019-01-15,7,4,3
2019-01-15,13,5,8
2019-01-15,12,6,6
2019-01-15,3,1,2
2019-01-15,1,0,1
2019-01-15,4,3,1
2019-01-15,1,0,1
2019-01-15,0,0,0
2019-01-16,0,0,0
2019-01-16,0,0,0
2019-01-16,0,0,0
2019-01-16,0,0,0
2019-01-16,0,0,0
2019-01-16,2,2,0
2019-01-16,1,0,1
2019-01-16,3,0,3
2019-01-16,10,9,1
2019-01-16,4,2,2
2019-01-16,6,5,1
2019-01-16,10,7,3
2019-01-16,4,1,3
2019-01-16,12,9,3
2019-01-16,6,4,2
2019-01-16,6,1,5
2019-01-16,5,3,2
2019-01-16,14,4,10
2019-01-16,8,6,2
2019-01-16,4,2,2
2019-01-16,0,0,0
2019-01-16,1,0,1
2019-01-16,1,1,0
2019-01-16,1,0,1
2019-01-17,0,0,0
2019-01-17,0,0,0
2019-01-17,1,0,1
2019-01-17,1,1,0
2019-01-17,0,0,0
2019-01-17,1,1,0
2019-01-17,2,1,1
2019-01-17,6,4,2
2019-01-17,7,5,2
2019-01-17,6,4,2
2019-01-17,2,1,1
2019-01-17,2,0,2
2019-01-17,4,2,2
2019-01-17,6,4,2
2019-01-17,6,5,1
2019-01-17,3,2,1
2019-01-17,10,5,5
2019-01-17,15,7,8
2019-01-17,6,4,2
2019-01-17,6,3,3
2019-01-17,6,2,4
2019-01-17,4,2,2
2019-01-17,0,0,0
2019-01-17,0,0,0
2019-01-18,2,1,1
2019-01-18,0,0,0
2019-01-18,3,3,0
2019-01-18,0,0,0
2019-01-18,1,1,0
2019-01-18,2,1,1
2019-01-18,2,1,1
2019-01-18,7,1,6
2019-01-18,9,5,4
2019-01-18,4,3,1
2019-01-18,4,3,1
2019-01-18,5,4,1
2019-01-18,12,8,4
2019-01-18,7,6,1
2019-01-18,7,4,3
2019-01-18,5,3,2
2019-01-18,6,2,4
2019-01-18,13,9,4
2019-01-18,9,4,5
2019-01-18,4,2,2
2019-01-18,0,0,0
2019-01-18,0,0,0
2019-01-18,0,0,0
2019-01-18,0,0,0
2019-01-19,0,0,0
2019-01-19,0,0,0
2019-01-19,0,0,0
2019-01-19,1,1,0
2019-01-19,0,0,0
2019-01-19,0,0,0
2019-01-19,1,1,0
2019-01-19,0,0,0
2019-01-19,2,0,2
2019-01-19,2,2,0
2019-01-19,11,8,3
2019-01-19,5,3,2
2019-01-19,5,3,2
2019-01-19,9,6,3
2019-01-19,3,1,2
2019-01-19,12,7,5
2019-01-19,3,0,3
2019-01-19,4,2,2
2019-01-19,3,1,2
2019-01-19,2,1,1
2019-01-19,2,0,2
2019-01-19,4,1,3
2019-01-19,1,1,0
2019-01-19,0,0,0
2019-01-20,0,0,0
2019-01-20,1,1,0
2019-01-20,0,0,0
2019-01-20,1,0,1
2019-01-20,0,0,0
2019-01-20,0,0,0
2019-01-20,0,0,0
2019-01-20,0,0,0
2019-01-20,0,0,0
2019-01-20,1,0,1
2019-01-20,3,2,1
2019-01-20,14,8,6
2019-01-20,12,8,4
2019-01-20,13,7,6
2019-01-20,11,6,5
2019-01-20,16,7,9
2019-01-20,6,3,3
2019-01-20,6,4,2
2019-01-20,1,0,1
2019-01-20,2,0,2
2019-01-20,2,1,1
2019-01-20,3,1,2
2019-01-20,0,0,0
2019-01-20,0,0,0
2019-01-21,2,0,2
2019-01-21,1,1,0
2019-01-21,0,0,0
2019-01-21,0,0,0
2019-01-21,1,1,0
2019-01-21,0,0,0
2019-01-21,3,1,2
2019-01-21,4,2,2
2019-01-21,8,6,2
2019-01-21,3,2,1
2019-01-21,3,3,0
2019-01-21,2,0,2
2019-01-21,6,4,2
2019-01-21,8,5,3
2019-01-21,15,8,7
2019-01-21,6,5,1
2019-01-21,6,4,2
2019-01-21,11,6,5
2019-01-21,8,4,4
2019-01-21,7,3,4
2019-01-21,1,1,0
2019-01-21,1,1,0
2019-01-21,2,1,1
2019-01-21,0,0,0
2019-01-22,1,0,1
2019-01-22,1,0,1
2019-01-22,0,0,0
2019-01-22,1,1,0
2019-01-22,1,0,1
2019-01-22,0,0,0
2019-01-22,2,1,1
2019-01-22,5,2,3
2019-01-22,10,4,6
2019-01-22,8,6,2
2019-01-22,4,2,2
2019-01-22,3,1,2
2019-01-22,2,2,0
2019-01-22,5,3,2
2019-01-22,2,1,1
2019-01-22,1,0,1
2019-01-22,6,6,0
2019-01-22,12,2,10
2019-01-22,6,4,2
2019-01-22,3,1,2
2019-01-22,0,0,0
2019-01-22,1,0,1
2019-01-22,1,0,1
2019-01-22,0,0,0
2019-01-23,0,0,0
2019-01-23,0,0,0
2019-01-23,0,0,0
2019-01-23,0,0,0
2019-01-23,0,0,0
2019-01-23,1,0,1
2019-01-23,2,0,2
2019-01-23,5,1,4
2019-01-23,7,4,3
2019-01-23,3,3,0
2019-01-23,2,1,1
2019-01-23,3,2,1
2019-01-23,5,2,3
2019-01-23,7,2,5
2019-01-23,7,5,2
2019-01-23,3,1,2
2019-01-23,4,1,3
2019-01-23,12,5,7
2019-01-23,12,4,8
2019-01-23,5,3,2
2019-01-23,9,4,5
2019-01-23,3,0,3
2019-01-23,0,0,0
2019-01-23,0,0,0
2019-01-24,0,0,0
2019-01-24,0,0,0
2019-01-24,0,0,0
2019-01-24,0,0,0
2019-01-24,0,0,0
2019-01-24,0,0,0
2019-01-24,3,1,2
2019-01-24,9,3,6
2019-01-24,8,3,5
2019-01-24,3,0,3
2019-01-24,5,3,2
2019-01-24,4,3,1
2019-01-24,11,10,1
2019-01-24,4,1,3
2019-01-24,4,2,2
2019-01-24,4,1,3
2019-01-24,5,3,2
2019-01-24,14,4,10
2019-01-24,11,5,6
2019-01-24,6,1,5
2019-01-24,2,0,2
2019-01-24,3,1,2
2019-01-24,1,0,1
2019-01-24,0,0,0
2019-01-25,0,0,0
2019-01-25,0,0,0
2019-01-25,0,0,0
2019-01-25,0,0,0
2019-01-25,1,0,1
2019-01-25,0,0,0
2019-01-25,1,1,0
2019-01-25,2,0,2
2019-01-25,8,3,5
2019-01-25,6,1,5
2019-01-25,5,4,1
2019-01-25,1,1,0
2019-01-25,3,3,0
2019-01-25,5,2,3
2019-01-25,10,5,5
2019-01-25,6,2,4
2019-01-25,8,1,7
2019-01-25,12,5,7
2019-01-25,6,2,4
2019-01-25,6,2,4
2019-01-25,5,1,4
2019-01-25,4,2,2
2019-01-25,1,0,1
2019-01-25,2,0,2
2019-01-26,3,2,1
2019-01-26,1,0,1
2019-01-26,0,0,0
2019-01-26,1,1,0
2019-01-26,0,0,0
2019-01-26,0,0,0
2019-01-26,1,0,1
2019-01-26,2,1,1
2019-01-26,5,3,2
2019-01-26,4,1,3
2019-01-26,6,4,2
2019-01-26,8,6,2
2019-01-26,8,1,7
2019-01-26,14,6,8
2019-01-26,18,4,14
2019-01-26,16,7,9
2019-01-26,7,1,6
2019-01-26,6,1,5
2019-01-26,8,5,3
2019-01-26,2,2,0
2019-01-26,3,1,2
2019-01-26,2,1,1
2019-01-26,0,0,0
2019-01-26,1,1,0
2019-01-27,0,0,0
2019-01-27,1,1,0
2019-01-27,0,0,0
2019-01-27,1,0,1
2019-01-27,0,0,0
2019-01-27,1,1,0
2019-01-27,1,0,1
2019-01-27,1,1,0
2019-01-27,3,2,1
2019-01-27,2,2,0
2019-01-27,2,1,1
2019-01-27,9,7,2
2019-01-27,21,8,13
2019-01-27,12,9,3
2019-01-27,9,5,4
2019-01-27,12,5,7
2019-01-27,7,3,4
2019-01-27,4,2,2
2019-01-27,6,4,2
2019-01-27,3,3,0
2019-01-27,0,0,0
2019-01-27,0,0,0
2019-01-27,1,0,1
2019-01-27,2,1,1
2019-01-28,0,0,0
2019-01-28,0,0,0
2019-01-28,0,0,0
2019-01-28,1,0,1
2019-01-28,1,1,0
2019-01-28,0,0,0
2019-01-28,3,0,3
2019-01-28,4,1,3
2019-01-28,5,3,2
2019-01-28,3,1,2
2019-01-28,8,1,7
2019-01-28,2,2,0
2019-01-28,2,2,0
2019-01-28,8,2,6
2019-01-28,7,3,4
2019-01-28,2,1,1
2019-01-28,5,3,2
2019-01-28,12,3,9
2019-01-28,8,4,4
2019-01-28,3,0,3
2019-01-28,3,0,3
2019-01-28,2,0,2
2019-01-28,1,0,1
2019-01-28,0,0,0
2019-01-29,1,0,1
2019-01-29,1,0,1
2019-01-29,0,0,0
2019-01-29,0,0,0
2019-01-29,1,0,1
2019-01-29,0,0,0
2019-01-29,0,0,0
2019-01-29,3,1,2
2019-01-29,9,4,5
2019-01-29,4,2,2
2019-01-29,4,0,4
2019-01-29,3,2,1
2019-01-29,9,1,8
2019-01-29,3,1,2
2019-01-29,4,3,1
2019-01-29,4,1,3
2019-01-29,11,4,7
2019-01-29,8,2,6
2019-01-29,2,1,1
2019-01-29,3,0,3
2019-01-29,2,0,2
2019-01-29,2,0,2
2019-01-29,0,0,0
2019-01-29,0,0,0
2019-01-30,0,0,0
2019-01-30,0,0,0
2019-01-30,0,0,0
2019-01-30,0,0,0
2019-01-30,0,0,0
2019-01-30,1,1,0
2019-01-30,2,0,2
2019-01-30,3,0,3
2019-01-30,14,8,6
2019-01-30,5,4,1
2019-01-30,10,7,3
2019-01-30,4,4,0
2019-01-30,2,0,2
2019-01-30,6,4,2
2019-01-30,4,3,1
2019-01-30,7,2,5
2019-01-30,8,1,7
2019-01-30,17,7,10
2019-01-30,13,7,6
2019-01-30,5,1,4
2019-01-30,7,4,3
2019-01-30,2,1,1
2019-01-30,0,0,0
2019-01-30,0,0,0
2019-01-31,0,0,0
2019-01-31,1,0,1
2019-01-31,0,0,0
2019-01-31,0,0,0
2019-01-31,0,0,0
2019-01-31,0,0,0
2019-01-31,4,2,2
2019-01-31,6,3,3
2019-01-31,8,5,3
2019-01-31,8,5,3
2019-01-31,2,1,1
2019-01-31,2,2,0
2019-01-31,4,3,1
2019-01-31,3,3,0
2019-01-31,6,3,3
2019-01-31,9,3,6
2019-01-31,8,5,3
2019-01-31,13,6,7
2019-01-31,10,5,5
2019-01-31,8,6,2
2019-01-31,3,1,2
2019-01-31,3,2,1
2019-01-31,1,1,0
2019-01-31,0,0,0
2019-08-01,0,0,0
2019-08-01,0,0,0
2019-08-01,0,0,0
2019-08-01,0,0,0
2019-08-01,0,0,0
2019-08-01,0,0,0
2019-08-01,0,0,0
2019-08-01,0,0,0
2019-08-01,0,0,0
2019-08-01,0,0,0
2019-08-01,0,0,0
2019-08-01,0,0,0
2019-08-01,0,0,0
2019-08-01,0,0,0
2019-08-01,0,0,0
2019-08-01,0,0,0
2019-08-01,0,0,0
2019-08-01,0,0,0
2019-08-01,0,0,0
2019-08-01,0,0,0
2019-08-01,0,0,0
2019-08-01,0,0,0
2019-08-01,0,0,0
2019-08-01,0,0,0
2019-08-02,0,0,0
2019-08-02,0,0,0
2019-08-02,0,0,0
2019-08-02,0,0,0
2019-08-02,0,0,0
2019-08-02,0,0,0
2019-08-02,0,0,0
2019-08-02,0,0,0
2019-03-01,0,0,0
2019-03-01,0,0,0
2019-03-01,0,0,0
2019-03-01,1,1,0
2019-03-01,0,0,0
2019-03-01,0,0,0
2019-03-01,0,0,0
2019-03-01,1,0,1
2019-03-01,5,3,2
2019-03-01,5,2,3
2019-03-01,4,3,1
2019-03-01,3,1,2
2019-03-01,7,4,3
2019-03-01,2,1,1
2019-03-01,4,2,2
2019-03-01,12,8,4
2019-03-01,9,2,7
2019-03-01,15,7,8
2019-03-01,7,2,5
2019-03-01,2,1,1
2019-03-01,5,3,2
2019-03-01,5,1,4
2019-03-01,2,1,1
2019-03-01,0,0,0
2019-03-02,1,1,0
2019-03-02,0,0,0
2019-03-02,0,0,0
2019-03-02,1,1,0
2019-03-02,0,0,0
2019-03-02,0,0,0
2019-03-02,0,0,0
2019-03-02,0,0,0
2019-03-02,3,0,3
2019-03-02,7,5,2
2019-03-02,5,3,2
2019-03-02,5,2,3
2019-03-02,11,6,5
2019-03-02,10,5,5
2019-03-02,12,5,7
2019-03-02,11,6,5
2019-03-02,6,2,4
2019-03-02,10,2,8
2019-03-02,3,2,1
2019-03-02,2,0,2
2019-03-02,4,1,3
2019-03-02,1,0,1
2019-03-02,1,1,0
2019-03-02,0,0,0
2019-03-03,0,0,0
2019-03-03,0,0,0
2019-03-03,0,0,0
2019-03-03,0,0,0
2019-03-03,0,0,0
2019-03-03,1,0,1
2019-03-03,0,0,0
2019-03-03,0,0,0
2019-03-03,6,4,2
2019-03-03,2,1,1
2019-03-03,10,6,4
2019-03-03,13,10,3
2019-03-03,15,6,9
2019-03-03,8,6,2
2019-03-03,6,2,4
2019-03-03,16,8,8
2019-03-03,16,9,7
2019-03-03,7,4,3
2019-03-03,3,2,1
2019-03-03,2,1,1
2019-03-03,3,1,2
2019-03-03,4,3,1
2019-03-03,0,0,0
2019-03-03,1,1,0
2019-03-04,0,0,0
2019-03-04,0,0,0
2019-03-04,0,0,0
2019-03-04,0,0,0
2019-03-04,0,0,0
2019-03-04,2,1,1
2019-03-04,1,0,1
2019-03-04,3,0,3
2019-03-04,6,3,3
2019-03-04,3,2,1
2019-03-04,1,0,1
2019-03-04,4,2,2
2019-03-04,4,1,3
2019-03-04,4,3,1
2019-03-04,8,2,6
2019-03-04,7,3,4
2019-03-04,13,9,4
2019-03-04,9,6,3
2019-03-04,9,3,6
2019-03-04,7,4,3
2019-03-04,3,0,3
2019-03-04,2,0,2
2019-03-04,0,0,0
2019-03-04,1,0,1
2019-03-05,0,0,0
2019-03-05,0,0,0
2019-03-05,0,0,0
2019-03-05,1,1,0
2019-03-05,0,0,0
2019-03-05,1,0,1
2019-03-05,0,0,0
2019-03-05,5,4,1
2019-03-05,10,4,6
2019-03-05,3,2,1
2019-03-05,2,1,1
2019-03-05,2,1,1
2019-03-05,2,1,1
2019-03-05,1,1,0
2019-03-05,7,5,2
2019-03-05,8,4,4
2019-03-05,10,7,3
2019-03-05,8,5,3
2019-03-05,9,3,6
2019-03-05,7,5,2
2019-03-05,1,1,0
2019-03-05,4,2,2
2019-03-05,2,1,1
2019-03-05,0,0,0
2019-03-06,0,0,0
2019-03-06,0,0,0
2019-03-06,0,0,0
2019-03-06,0,0,0
2019-03-06,0,0,0
2019-03-06,2,0,2
2019-03-06,2,2,0
2019-03-06,9,3,6
2019-03-06,9,7,2
2019-03-06,6,4,2
2019-03-06,7,6,1
2019-03-06,9,6,3
2019-03-06,2,1,1
2019-03-06,2,0,2
2019-03-06,7,2,5
2019-03-06,8,6,2
2019-03-06,5,3,2
2019-03-06,7,2,5
2019-03-06,5,4,1
2019-03-06,9,9,0
2019-03-06,2,2,0
2019-03-06,2,0,2
2019-03-06,0,0,0
2019-03-06,0,0,0
2019-03-07,0,0,0
2019-03-07,0,0,0
2019-03-07,0,0,0
2019-03-07,1,1,0
2019-03-07,0,0,0
2019-03-07,0,0,0
2019-03-07,1,0,1
2019-03-07,4,1,3
2019-03-07,8,6,2
2019-03-07,4,2,2
2019-03-07,4,2,2
2019-03-07,4,4,0
2019-03-07,5,5,0
2019-03-07,1,0,1
2019-03-07,6,4,2
2019-03-07,7,5,2
2019-03-07,2,1,1
2019-03-07,11,6,5
2019-03-07,4,3,1
2019-03-07,5,3,2
2019-03-07,0,0,0
2019-03-07,2,1,1
2019-03-07,0,0,0
2019-03-07,1,0,1
2019-03-08,0,0,0
2019-03-08,0,0,0
2019-03-08,1,0,1
2019-03-08,1,1,0
2019-03-08,0,0,0
2019-03-08,0,0,0
2019-03-08,0,0,0
2019-03-08,3,0,3
2019-03-08,6,4,2
2019-03-08,6,5,1
2019-03-08,3,3,0
2019-03-08,1,1,0
2019-03-08,4,3,1
2019-03-08,4,2,2
2019-03-08,5,2,3
2019-03-08,3,1,2
2019-03-08,8,5,3
2019-03-08,7,4,3
2019-03-08,10,6,4
2019-03-08,9,5,4
2019-03-08,6,3,3
2019-03-08,2,1,1
2019-03-08,2,0,2
2019-03-08,1,0,1
2019-03-09,0,0,0
2019-03-09,0,0,0
2019-03-09,1,1,0
2019-03-09,1,1,0
2019-03-09,0,0,0
2019-03-09,0,0,0
2019-03-09,0,0,0
2019-03-09,2,0,2
2019-03-09,4,4,0
2019-03-09,6,4,2
2019-03-09,8,6,2
2019-03-09,11,7,4
2019-03-09,15,7,8
2019-03-09,5,3,2
2019-03-09,14,7,7
2019-03-09,14,6,8
2019-03-09,16,9,7
2019-03-09,5,2,3
2019-03-09,2,0,2
2019-03-09,7,1,6
2019-03-09,2,1,1
2019-03-09,0,0,0
2019-03-09,1,0,1
2019-03-09,0,0,0
2019-03-10,0,0,0
2019-03-10,0,0,0
2019-03-10,0,0,0
2019-03-10,0,0,0
2019-03-10,1,0,1
2019-03-10,1,1,0
2019-03-10,0,0,0
2019-03-10,0,0,0
2019-03-10,4,2,2
2019-03-10,4,2,2
2019-03-10,7,6,1
2019-03-10,9,7,2
2019-03-10,7,4,3
2019-03-10,19,16,3
2019-03-10,19,12,7
2019-03-10,7,4,3
2019-03-10,17,9,8
2019-03-10,14,5,9
2019-03-10,9,0,9
2019-03-10,0,0,0
2019-03-10,3,1,2
2019-03-10,0,0,0
2019-03-10,1,0,1
2019-03-10,0,0,0
2019-03-11,0,0,0
2019-03-11,0,0,0
2019-03-11,0,0,0
2019-03-11,0,0,0
2019-03-11,0,0,0
2019-03-11,0,0,0
2019-03-11,2,2,0
2019-03-11,1,0,1
2019-03-11,11,6,5
2019-03-11,8,6,2
2019-03-11,1,1,0
2019-03-11,5,3,2
2019-03-11,4,1,3
2019-03-11,2,1,1
2019-03-11,6,4,2
2019-03-11,2,1,1
2019-03-11,1,1,0
2019-03-11,12,5,7
2019-03-11,4,3,1
2019-03-11,7,4,3
2019-03-11,1,0,1
2019-03-11,0,0,0
2019-03-11,3,2,1
2019-03-11,1,0,1
2019-03-12,0,0,0
2019-03-12,0,0,0
2019-03-12,0,0,0
2019-03-12,0,0,0
2019-03-12,0,0,0
2019-03-12,1,1,0
2019-03-12,0,0,0
2019-03-12,5,2,3
2019-03-12,10,6,4
2019-03-12,7,5,2
2019-03-12,13,5,8
2019-03-12,2,1,1
2019-03-12,5,2,3
2019-03-12,8,1,7
2019-03-12,14,10,4
2019-03-12,12,2,10
2019-03-12,8,6,2
2019-03-12,8,4,4
2019-03-12,10,6,4
2019-03-12,7,3,4
2019-03-12,3,1,2
2019-03-12,0,0,0
2019-03-12,3,2,1
2019-03-12,1,0,1
2019-03-13,0,0,0
2019-03-13,0,0,0
2019-03-13,0,0,0
2019-03-13,0,0,0
2019-03-13,0,0,0
2019-03-13,1,1,0
2019-03-13,2,1,1
2019-03-13,4,1,3
2019-03-13,9,5,4
2019-03-13,3,3,0
2019-03-13,5,4,1
2019-03-13,5,4,1
2019-03-13,10,7,3
2019-03-13,2,2,0
2019-03-13,6,3,3
2019-03-13,11,7,4
2019-03-13,3,1,2
2019-03-13,14,5,9
2019-03-13,9,8,1
2019-03-13,9,6,3
2019-03-13,3,2,1
2019-03-13,3,0,3
2019-03-13,0,0,0
2019-03-13,0,0,0
2019-03-14,2,1,1
2019-03-14,2,1,1
2019-03-14,0,0,0
2019-03-14,0,0,0
2019-03-14,0,0,0
2019-03-14,0,0,0
2019-03-14,2,1,1
2019-03-14,7,3,4
2019-03-14,13,10,3
2019-03-14,7,3,4
2019-03-14,5,4,1
2019-03-14,4,2,2
2019-03-14,12,8,4
2019-03-14,10,4,6
2019-03-14,12,3,9
2019-03-14,15,5,10
2019-03-14,8,5,3
2019-03-14,13,7,6
2019-03-14,11,6,5
2019-03-14,9,7,2
2019-03-14,10,5,5
2019-03-14,5,3,2
2019-03-14,2,2,0
2019-03-14,2,1,1
2019-03-15,0,0,0
2019-03-15,0,0,0
2019-03-15,0,0,0
2019-03-15,1,0,1
2019-03-15,0,0,0
2019-03-15,1,0,1
2019-03-15,5,2,3
2019-03-15,4,1,3
2019-03-15,10,4,6
2019-03-15,11,9,2
2019-03-15,10,6,4
2019-03-15,6,4,2
2019-03-15,9,1,8
2019-03-15,8,5,3
2019-03-15,13,6,7
2019-03-15,14,6,8
2019-03-15,10,7,3
2019-03-15,8,1,7
2019-03-15,9,4,5
2019-03-15,4,1,3
2019-03-15,8,5,3
2019-03-15,2,1,1
2019-03-15,1,0,1
2019-03-15,0,0,0
2019-03-16,1,0,1
2019-03-16,0,0,0
2019-03-16,0,0,0
2019-03-16,0,0,0
2019-03-16,0,0,0
2019-03-16,1,0,1
2019-03-16,0,0,0
2019-03-16,1,0,1
2019-03-16,1,0,1
2019-03-16,2,1,1
2019-03-16,3,1,2
2019-03-16,7,3,4
2019-03-16,9,4,5
2019-03-16,4,2,2
2019-03-16,9,0,9
2019-03-16,17,3,14
2019-03-16,7,1,6
2019-03-16,9,6,3
2019-03-16,6,2,4
2019-03-16,5,2,3
2019-03-16,0,0,0
2019-03-16,2,1,1
2019-03-16,3,1,2
2019-03-16,0,0,0
2019-03-17,0,0,0
2019-03-17,0,0,0
2019-03-17,0,0,0
2019-03-17,0,0,0
2019-03-17,0,0,0
2019-03-17,1,1,0
2019-03-17,0,0,0
2019-03-17,3,0,3
2019-03-17,2,1,1
2019-03-17,2,1,1
2019-03-17,9,1,8
2019-03-17,8,3,5
2019-03-17,21,11,10
2019-03-17,17,10,7
2019-03-17,19,8,11
2019-03-17,15,7,8
2019-03-17,14,6,8
2019-03-17,22,4,18
2019-03-17,8,5,3
2019-03-17,12,3,9
2019-03-17,8,3,5
2019-03-17,0,0,0
2019-03-17,1,1,0
2019-03-17,1,0,1
2019-03-18,1,0,1
2019-03-18,0,0,0
2019-03-18,0,0,0
2019-03-18,0,0,0
2019-03-18,0,0,0
2019-03-18,1,0,1
2019-03-18,2,1,1
2019-03-18,6,0,6
2019-03-18,7,4,3
2019-03-18,5,1,4
2019-03-18,8,7,1
2019-03-18,6,4,2
2019-03-18,4,4,0
2019-03-18,4,2,2
2019-03-18,6,1,5
2019-03-18,14,8,6
2019-03-18,19,8,11
2019-03-18,12,2,10
2019-03-18,12,6,6
2019-03-18,9,2,7
2019-03-18,7,2,5
2019-03-18,1,0,1
2019-03-18,1,1,0
2019-03-18,3,1,2
2019-03-19,0,0,0
2019-03-19,0,0,0
2019-03-19,0,0,0
2019-03-19,0,0,0
2019-03-19,0,0,0
2019-03-19,0,0,0
2019-03-19,2,1,1
2019-03-19,6,3,3
2019-03-19,10,5,5
2019-03-19,7,3,4
2019-03-19,4,2,2
2019-03-19,6,3,3
2019-03-19,5,2,3
2019-03-19,7,1,6
2019-03-19,5,2,3
2019-03-19,9,3,6
2019-03-19,24,10,14
2019-03-19,18,9,9
2019-03-19,14,5,9
2019-03-19,12,3,9
2019-03-19,11,4,7
2019-03-19,6,2,4
2019-03-19,2,0,2
2019-03-19,1,0,1
2019-03-20,1,0,1
2019-03-20,0,0,0
2019-03-20,0,0,0
2019-03-20,0,0,0
2019-03-20,1,1,0
2019-03-20,0,0,0
2019-03-20,2,0,2
2019-03-20,8,3,5
2019-03-20,14,6,8
2019-03-20,10,6,4
2019-03-20,6,4,2
2019-03-20,5,1,4
2019-03-20,4,2,2
2019-03-20,5,1,4
2019-03-20,9,2,7
2019-03-20,7,4,3
2019-03-20,15,6,9
2019-03-20,19,6,13
2019-03-20,34,7,27
2019-03-20,10,4,6
2019-03-20,6,2,4
2019-03-20,4,3,1
2019-03-20,0,0,0
2019-03-20,0,0,0
2019-03-21,0,0,0
2019-03-21,1,0,1
2019-03-21,0,0,0
2019-03-21,1,1,0
2019-03-21,0,0,0
2019-03-21,0,0,0
2019-03-21,3,1,2
2019-03-21,9,5,4
2019-03-21,13,10,3
2019-03-21,7,3,4
2019-03-21,8,3,5
2019-03-21,5,3,2
2019-03-21,7,4,3
2019-03-21,4,2,2
2019-03-21,7,4,3
2019-03-21,7,5,2
2019-03-21,15,9,6
2019-03-21,12,6,6
2019-03-21,6,4,2
2019-03-21,8,4,4
2019-03-21,7,1,6
2019-03-21,3,2,1
2019-03-21,1,0,1
2019-03-21,2,1,1
2019-03-22,0,0,0
2019-03-22,0,0,0
2019-03-22,0,0,0
2019-03-22,1,1,0
2019-03-22,0,0,0
2019-03-22,0,0,0
2019-03-22,2,1,1
2019-03-22,4,2,2
2019-03-22,13,5,8
2019-03-22,9,3,6
2019-03-22,6,5,1
2019-03-22,13,10,3
2019-03-22,5,1,4
2019-03-22,8,5,3
2019-03-22,12,4,8
2019-03-22,9,5,4
2019-03-22,7,3,4
2019-03-22,14,6,8
2019-03-22,9,6,3
2019-03-22,5,1,4
2019-03-22,6,2,4
2019-03-22,2,1,1
2019-03-22,3,2,1
2019-03-22,0,0,0
2019-03-23,0,0,0
2019-03-23,0,0,0
2019-03-23,1,1,0
2019-03-23,1,1,0
2019-03-23,0,0,0
2019-03-23,0,0,0
2019-03-23,1,0,1
2019-03-23,1,1,0
2019-03-23,2,1,1
2019-03-23,2,2,0
2019-03-23,32,30,2
2019-03-23,8,4,4
2019-03-23,16,7,9
2019-03-23,10,7,3
2019-03-23,14,6,8
2019-03-23,11,7,4
2019-03-23,9,4,5
2019-03-23,9,5,4
2019-03-23,8,2,6
2019-03-23,9,2,7
2019-03-23,6,1,5
2019-03-23,3,0,3
2019-03-23,8,4,4
2019-03-23,1,0,1
2019-03-24,0,0,0
2019-03-24,0,0,0
2019-03-24,0,0,0
2019-03-24,0,0,0
2019-03-24,0,0,0
2019-03-24,0,0,0
2019-03-24,0,0,0
2019-03-24,1,1,0
2019-03-24,4,4,0
2019-03-24,10,5,5
2019-03-24,15,11,4
2019-03-24,15,9,6
2019-03-24,15,5,10
2019-03-24,12,7,5
2019-03-24,6,5,1
2019-03-24,14,4,10
2019-03-24,10,4,6
2019-03-24,13,8,5
2019-03-24,11,5,6
2019-03-24,1,1,0
2019-03-24,2,2,0
2019-03-24,2,1,1
2019-03-24,2,0,2
2019-03-24,1,1,0
2019-03-25,0,0,0
2019-03-25,1,0,1
2019-03-25,0,0,0
2019-03-25,0,0,0
2019-03-25,0,0,0
2019-03-25,0,0,0
2019-03-25,1,1,0
2019-03-25,3,2,1
2019-03-25,11,6,5
2019-03-25,5,4,1
2019-03-25,10,9,1
2019-03-25,9,4,5
2019-03-25,1,1,0
2019-03-25,9,7,2
2019-03-25,7,4,3
2019-03-25,3,3,0
2019-03-25,4,3,1
2019-03-25,15,9,6
2019-03-25,5,2,3
2019-03-25,5,2,3
2019-03-25,4,0,4
2019-03-25,2,1,1
2019-03-25,3,1,2
2019-03-25,0,0,0
2019-03-26,2,0,2
2019-03-26,0,0,0
2019-03-26,0,0,0
2019-03-26,0,0,0
2019-03-26,0,0,0
2019-03-26,2,0,2
2019-03-26,1,1,0
2019-03-26,9,4,5
2019-03-26,10,6,4
2019-03-26,7,4,3
2019-03-26,6,4,2
2019-03-26,5,3,2
2019-03-26,7,7,0
2019-03-26,8,6,2
2019-03-26,5,2,3
2019-03-26,8,1,7
2019-03-26,11,5,6
2019-03-26,18,10,8
2019-03-26,23,16,7
2019-03-26,18,9,9
2019-03-26,8,5,3
2019-03-26,5,1,4
2019-03-26,3,1,2
2019-03-26,1,0,1
2019-03-27,3,3,0
2019-03-27,0,0,0
2019-03-27,0,0,0
2019-03-27,0,0,0
2019-03-27,0,0,0
2019-03-27,0,0,0
2019-03-27,5,3,2
2019-03-27,10,3,7
2019-03-27,15,7,8
2019-03-27,10,5,5
2019-03-27,6,4,2
2019-03-27,6,5,1
2019-03-27,2,2,0
2019-03-27,7,4,3
2019-03-27,4,2,2
2019-03-27,6,3,3
2019-03-27,9,6,3
2019-03-27,19,10,9
2019-03-27,12,6,6
2019-03-27,11,4,7
2019-03-27,7,3,4
2019-03-27,2,2,0
2019-03-27,6,3,3
2019-03-27,1,0,1
2019-03-28,1,1,0
2019-03-28,0,0,0
2019-03-28,0,0,0
2019-03-28,0,0,0
2019-03-28,0,0,0
2019-03-28,0,0,0
2019-03-28,6,1,5
2019-03-28,15,6,9
2019-03-28,16,7,9
2019-03-28,12,3,9
2019-03-28,7,4,3
2019-03-28,5,3,2
2019-03-28,8,2,6
2019-03-28,11,6,5
2019-03-28,9,4,5
2019-03-28,8,8,0
2019-03-28,11,6,5
2019-03-28,17,5,12
2019-03-28,11,3,8
2019-03-28,13,2,11
2019-03-28,5,1,4
2019-03-28,1,0,1
2019-03-28,7,4,3
2019-03-28,0,0,0
2019-03-29,0,0,0
2019-03-29,2,1,1
2019-03-29,1,1,0
2019-03-29,1,1,0
2019-03-29,0,0,0
2019-03-29,1,0,1
2019-03-29,1,0,1
2019-03-29,6,2,4
2019-03-29,11,6,5
2019-03-29,11,7,4
2019-03-29,7,5,2
2019-03-29,5,3,2
2019-03-29,12,5,7
2019-03-29,9,4,5
2019-03-29,5,4,1
2019-03-29,11,6,5
2019-03-29,8,3,5
2019-03-29,9,2,7
2019-03-29,10,4,6
2019-03-29,10,5,5
2019-03-29,5,4,1
2019-03-29,6,3,3
2019-03-29,4,2,2
2019-03-29,1,1,0
2019-03-30,0,0,0
2019-03-30,2,1,1
2019-03-30,0,0,0
2019-03-30,1,1,0
2019-03-30,0,0,0
2019-03-30,0,0,0
2019-03-30,0,0,0
2019-03-30,1,0,1
2019-03-30,4,1,3
2019-03-30,7,5,2
2019-03-30,6,0,6
2019-03-30,10,1,9
2019-03-30,17,5,12
2019-03-30,17,11,6
2019-03-30,23,10,13
2019-03-30,13,5,8
2019-03-30,22,8,14
2019-03-30,16,9,7
2019-03-30,12,10,2
2019-03-30,14,4,10
2019-03-30,11,4,7
2019-03-30,4,4,0
2019-03-30,3,3,0
2019-03-30,2,1,1
2019-03-31,4,4,0
2019-03-31,0,0,0
2019-03-31,2,2,0
2019-03-31,1,1,0
2019-03-31,0,0,0
2019-03-31,1,0,1
2019-03-31,0,0,0
2019-03-31,5,0,5
2019-03-31,1,1,0
2019-03-31,5,5,0
2019-03-31,16,11,5
2019-03-31,18,11,7
2019-03-31,28,18,10
2019-03-31,15,8,7
2019-03-31,29,18,11
2019-03-31,24,12,12
2019-03-31,20,14,6
2019-03-31,20,9,11
2019-03-31,7,4,3
2019-03-31,2,2,0
2019-03-31,8,1,7
2019-03-31,2,1,1
2019-03-31,1,0,1
2019-03-31,0,0,0
2019-08-02,0,0,0
2019-08-02,0,0,0
2019-08-02,0,0,0
2019-08-02,0,0,0
2019-08-02,0,0,0
2019-08-02,0,0,0
2019-08-02,0,0,0
2019-08-02,0,0,0
2019-08-02,3,2,1
2019-08-02,12,6,6
2019-08-02,16,9,7
2019-08-02,5,4,1
2019-08-02,9,5,4
2019-08-02,2,2,0
2019-08-02,4,4,0
2019-08-02,2,1,1
2019-08-03,1,0,1
2019-08-03,0,0,0
2019-08-03,0,0,0
2019-08-03,1,0,1
2019-08-03,0,0,0
2019-08-03,0,0,0
2019-08-03,0,0,0
2019-08-03,2,1,1
2019-08-03,9,1,8
2019-08-03,13,5,8
2019-08-03,13,6,7
2019-08-03,8,2,6
2019-08-03,20,9,11
2019-08-03,4,3,1
2019-08-03,15,9,6
2019-08-03,12,6,6
2019-04-01,0,0,0
2019-04-01,0,0,0
2019-04-01,1,1,0
2019-04-01,1,1,0
2019-04-01,0,0,0
2019-04-01,1,1,0
2019-04-01,1,0,1
2019-04-01,4,1,3
2019-04-01,11,7,4
2019-04-01,9,4,5
2019-04-01,8,5,3
2019-04-01,2,2,0
2019-04-01,3,2,1
2019-04-01,3,1,2
2019-04-01,7,4,3
2019-04-01,8,3,5
2019-04-01,10,8,2
2019-04-01,17,9,8
2019-04-01,10,5,5
2019-04-01,11,6,5
2019-04-01,5,2,3
2019-04-01,1,1,0
2019-04-01,2,1,1
2019-04-01,4,0,4
2019-04-02,0,0,0
2019-04-02,0,0,0
2019-04-02,0,0,0
2019-04-02,0,0,0
2019-04-02,1,0,1
2019-04-02,0,0,0
2019-04-02,3,1,2
2019-04-02,10,4,6
2019-04-02,11,4,7
2019-04-02,6,2,4
2019-04-02,7,3,4
2019-04-02,3,2,1
2019-04-02,5,5,0
2019-04-02,9,4,5
2019-04-02,8,1,7
2019-04-02,8,4,4
2019-04-02,11,5,6
2019-04-02,15,8,7
2019-04-02,11,6,5
2019-04-02,14,8,6
2019-04-02,4,1,3
2019-04-02,6,2,4
2019-04-02,2,0,2
2019-04-02,0,0,0
2019-04-03,0,0,0
2019-04-03,0,0,0
2019-04-03,0,0,0
2019-04-03,1,1,0
2019-04-03,0,0,0
2019-04-03,1,1,0
2019-04-03,5,1,4
2019-04-03,3,1,2
2019-04-03,8,5,3
2019-04-03,6,4,2
2019-04-03,2,2,0
2019-04-03,4,1,3
2019-04-03,2,2,0
2019-04-03,6,4,2
2019-04-03,5,3,2
2019-04-03,7,4,3
2019-04-03,4,2,2
2019-04-03,12,5,7
2019-04-03,7,4,3
2019-04-03,4,1,3
2019-04-03,6,3,3
2019-04-03,6,4,2
2019-04-03,1,1,0
2019-04-03,0,0,0
2019-04-04,0,0,0
2019-04-04,0,0,0
2019-04-04,0,0,0
2019-04-04,0,0,0
2019-04-04,0,0,0
2019-04-04,0,0,0
2019-04-04,3,2,1
2019-04-04,14,8,6
2019-04-04,11,7,4
2019-04-04,7,3,4
2019-04-04,9,7,2
2019-04-04,4,2,2
2019-04-04,7,3,4
2019-04-04,7,2,5
2019-04-04,8,4,4
2019-04-04,9,6,3
2019-04-04,13,5,8
2019-04-04,16,4,12
2019-04-04,14,3,11
2019-04-04,11,4,7
2019-04-04,8,3,5
2019-04-04,2,0,2
2019-04-04,1,1,0
2019-04-04,4,0,4
2019-04-05,2,0,2
2019-04-05,1,1,0
2019-04-05,1,1,0
2019-04-05,1,1,0
2019-04-05,0,0,0
2019-04-05,1,1,0
2019-04-05,3,1,2
2019-04-05,4,2,2
2019-04-05,8,6,2
2019-04-05,5,3,2
2019-04-05,7,3,4
2019-04-05,5,2,3
2019-04-05,7,4,3
2019-04-05,7,0,7
2019-04-05,4,0,4
2019-04-05,7,5,2
2019-04-05,7,4,3
2019-04-05,10,5,5
2019-04-05,6,2,4
2019-04-05,9,4,5
2019-04-05,5,2,3
2019-04-05,4,0,4
2019-04-05,2,0,2
2019-04-05,0,0,0
2019-04-06,1,0,1
2019-04-06,2,1,1
2019-04-06,0,0,0
2019-04-06,1,1,0
2019-04-06,1,1,0
2019-04-06,0,0,0
2019-04-06,1,0,1
2019-04-06,4,0,4
2019-04-06,2,1,1
2019-04-06,0,0,0
2019-04-06,8,4,4
2019-04-06,9,2,7
2019-04-06,6,2,4
2019-04-06,4,0,4
2019-04-06,6,1,5
2019-04-06,6,3,3
2019-04-06,3,1,2
2019-04-06,6,2,4
2019-04-06,3,0,3
2019-04-06,4,3,1
2019-04-06,8,2,6
2019-04-06,4,2,2
2019-04-06,2,1,1
2019-04-06,4,0,4
2019-04-07,1,0,1
2019-04-07,0,0,0
2019-04-07,0,0,0
2019-04-07,0,0,0
2019-04-07,0,0,0
2019-04-07,0,0,0
2019-04-07,0,0,0
2019-04-07,0,0,0
2019-04-07,2,1,1
2019-04-07,5,1,4
2019-04-07,9,3,6
2019-04-07,30,16,14
2019-04-07,25,5,20
2019-04-07,25,12,13
2019-04-07,16,8,8
2019-04-07,11,6,5
2019-04-07,13,6,7
2019-04-07,7,2,5
2019-04-07,8,3,5
2019-04-07,7,3,4
2019-04-07,3,0,3
2019-04-07,1,0,1
2019-04-07,3,1,2
2019-04-07,0,0,0
2019-04-08,0,0,0
2019-04-08,1,1,0
2019-04-08,0,0,0
2019-04-08,0,0,0
2019-04-08,0,0,0
2019-04-08,1,1,0
2019-04-08,3,1,2
2019-04-08,8,4,4
2019-04-08,8,5,3
2019-04-08,8,2,6
2019-04-08,2,2,0
2019-04-08,6,3,3
2019-04-08,9,1,8
2019-04-08,4,3,1
2019-04-08,6,3,3
2019-04-08,9,3,6
2019-04-08,12,5,7
2019-04-08,16,6,10
2019-04-08,12,3,9
2019-04-08,12,5,7
2019-04-08,5,4,1
2019-04-08,5,1,4
2019-04-08,3,2,1
2019-04-08,1,0,1
2019-04-09,0,0,0
2019-04-09,0,0,0
2019-04-09,0,0,0
2019-04-09,1,0,1
2019-04-09,0,0,0
2019-04-09,1,0,1
2019-04-09,1,1,0
2019-04-09,4,3,1
2019-04-09,8,2,6
2019-04-09,8,1,7
2019-04-09,6,2,4
2019-04-09,5,1,4
2019-04-09,5,3,2
2019-04-09,5,4,1
2019-04-09,3,2,1
2019-04-09,15,9,6
2019-04-09,8,6,2
2019-04-09,16,12,4
2019-04-09,19,7,12
2019-04-09,11,7,4
2019-04-09,9,5,4
2019-04-09,5,1,4
2019-04-09,2,1,1
2019-04-09,0,0,0
2019-04-10,1,0,1
2019-04-10,0,0,0
2019-04-10,1,1,0
2019-04-10,0,0,0
2019-04-10,0,0,0
2019-04-10,0,0,0
2019-04-10,1,0,1
2019-04-10,4,1,3
2019-04-10,7,5,2
2019-04-10,7,3,4
2019-04-10,4,1,3
2019-04-10,6,4,2
2019-04-10,7,4,3
2019-04-10,3,2,1
2019-04-10,10,5,5
2019-04-10,6,3,3
2019-04-10,3,1,2
2019-04-10,13,3,10
2019-04-10,3,1,2
2019-04-10,3,0,3
2019-04-10,1,0,1
2019-04-10,2,1,1
2019-04-10,2,0,2
2019-04-10,0,0,0
2019-04-11,2,1,1
2019-04-11,1,0,1
2019-04-11,2,0,2
2019-04-11,1,0,1
2019-04-11,0,0,0
2019-04-11,0,0,0
2019-04-11,0,0,0
2019-04-11,4,0,4
2019-04-11,4,4,0
2019-04-11,6,1,5
2019-04-11,2,1,1
2019-04-11,2,0,2
2019-04-11,4,2,2
2019-04-11,5,2,3
2019-04-11,5,2,3
2019-04-11,9,1,8
2019-04-11,6,0,6
2019-04-11,8,2,6
2019-04-11,8,2,6
2019-04-11,9,5,4
2019-04-11,2,1,1
2019-04-11,7,4,3
2019-04-11,3,0,3
2019-04-11,2,0,2
2019-04-12,0,0,0
2019-04-12,2,2,0
2019-04-12,0,0,0
2019-04-12,0,0,0
2019-04-12,0,0,0
2019-04-12,1,0,1
2019-04-12,0,0,0
2019-04-12,6,1,5
2019-04-12,7,4,3
2019-04-12,4,2,2
2019-04-12,2,0,2
2019-04-12,7,2,5
2019-04-12,5,1,4
2019-04-12,3,2,1
2019-04-12,6,2,4
2019-04-12,4,1,3
2019-04-12,12,6,6
2019-04-12,10,3,7
2019-04-12,9,0,9
2019-04-12,7,2,5
2019-04-12,4,0,4
2019-04-12,4,0,4
2019-04-12,4,0,4
2019-04-12,0,0,0
2019-04-13,3,0,3
2019-04-13,1,0,1
2019-04-13,0,0,0
2019-04-13,0,0,0
2019-04-13,1,0,1
2019-04-13,0,0,0
2019-04-13,1,0,1
2019-04-13,0,0,0
2019-04-13,1,0,1
2019-04-13,2,1,1
2019-04-13,5,1,4
2019-04-13,5,2,3
2019-04-13,7,3,4
2019-04-13,8,2,6
2019-04-13,11,4,7
2019-04-13,7,3,4
2019-04-13,7,2,5
2019-04-13,2,2,0
2019-04-13,6,4,2
2019-04-13,7,1,6
2019-04-13,6,3,3
2019-04-13,3,2,1
2019-04-13,2,0,2
2019-04-13,0,0,0
2019-04-14,2,1,1
2019-04-14,1,0,1
2019-04-14,1,0,1
2019-04-14,0,0,0
2019-04-14,0,0,0
2019-04-14,0,0,0
2019-04-14,0,0,0
2019-04-14,2,1,1
2019-04-14,0,0,0
2019-04-14,4,2,2
2019-04-14,8,4,4
2019-04-14,15,6,9
2019-04-14,14,6,8
2019-04-14,15,11,4
2019-04-14,19,11,8
2019-04-14,12,6,6
2019-04-14,12,6,6
2019-04-14,1,0,1
2019-04-14,2,0,2
2019-04-14,1,1,0
2019-04-14,1,1,0
2019-04-14,5,1,4
2019-04-14,0,0,0
2019-04-14,0,0,0
2019-04-15,0,0,0
2019-04-15,0,0,0
2019-04-15,0,0,0
2019-04-15,0,0,0
2019-04-15,1,1,0
2019-04-15,0,0,0
2019-04-15,1,1,0
2019-04-15,7,2,5
2019-04-15,9,7,2
2019-04-15,4,3,1
2019-04-15,6,3,3
2019-04-15,6,4,2
2019-04-15,5,4,1
2019-04-15,4,0,4
2019-04-15,3,2,1
2019-04-15,4,2,2
2019-04-15,7,0,7
2019-04-15,9,1,8
2019-04-15,1,1,0
2019-04-15,8,2,6
2019-04-15,1,0,1
2019-04-15,1,1,0
2019-04-15,1,1,0
2019-04-15,1,0,1
2019-04-16,1,0,1
2019-04-16,0,0,0
2019-04-16,1,0,1
2019-04-16,0,0,0
2019-04-16,1,0,1
2019-04-16,0,0,0
2019-04-16,2,1,1
2019-04-16,14,5,9
2019-04-16,9,3,6
2019-04-16,6,0,6
2019-04-16,5,2,3
2019-04-16,4,1,3
2019-04-16,1,1,0
2019-04-16,1,0,1
2019-04-16,4,2,2
2019-04-16,3,0,3
2019-04-16,8,2,6
2019-04-16,10,3,7
2019-04-16,4,0,4
2019-04-16,7,2,5
2019-04-16,6,1,5
2019-04-16,1,0,1
2019-04-16,0,0,0
2019-04-16,0,0,0
2019-04-17,0,0,0
2019-04-17,0,0,0
2019-04-17,0,0,0
2019-04-17,0,0,0
2019-04-17,1,1,0
2019-04-17,0,0,0
2019-04-17,3,0,3
2019-04-17,4,0,4
2019-04-17,9,7,2
2019-04-17,2,1,1
2019-04-17,1,1,0
2019-04-17,1,1,0
2019-04-17,4,2,2
2019-04-17,3,0,3
2019-04-17,7,2,5
2019-04-17,8,3,5
2019-04-17,14,7,7
2019-04-17,12,4,8
2019-04-17,11,2,9
2019-04-17,6,2,4
2019-04-17,6,3,3
2019-04-17,5,3,2
2019-04-17,2,1,1
2019-04-17,1,0,1
2019-04-18,1,1,0
2019-04-18,0,0,0
2019-04-18,0,0,0
2019-04-18,0,0,0
2019-04-18,0,0,0
2019-04-18,0,0,0
2019-04-18,3,0,3
2019-04-18,7,3,4
2019-04-18,6,3,3
2019-04-18,6,2,4
2019-04-18,4,3,1
2019-04-18,5,4,1
2019-04-18,6,4,2
2019-04-18,3,2,1
2019-04-18,2,1,1
2019-04-18,3,1,2
2019-04-18,5,1,4
2019-04-18,8,2,6
2019-04-18,13,3,10
2019-04-18,14,4,10
2019-04-18,5,3,2
2019-04-18,2,1,1
2019-04-18,0,0,0
2019-04-18,0,0,0
2019-04-19,1,1,0
2019-04-19,0,0,0
2019-04-19,0,0,0
2019-04-19,1,1,0
2019-04-19,0,0,0
2019-04-19,1,0,1
2019-04-19,1,1,0
2019-04-19,2,0,2
2019-04-19,6,4,2
2019-04-19,3,1,2
2019-04-19,4,3,1
2019-04-19,6,3,3
2019-04-19,2,1,1
2019-04-19,5,3,2
2019-04-19,5,2,3
2019-04-19,9,6,3
2019-04-19,5,1,4
2019-04-19,13,6,7
2019-04-19,5,4,1
2019-04-19,9,6,3
2019-04-19,8,2,6
2019-04-19,3,1,2
2019-04-19,3,2,1
2019-04-19,1,1,0
2019-04-20,1,0,1
2019-04-20,0,0,0
2019-04-20,0,0,0
2019-04-20,0,0,0
2019-04-20,0,0,0
2019-04-20,0,0,0
2019-04-20,2,0,2
2019-04-20,2,0,2
2019-04-20,4,3,1
2019-04-20,7,6,1
2019-04-20,20,10,10
2019-04-20,11,1,10
2019-04-20,8,4,4
2019-04-20,15,8,7
2019-04-20,12,7,5
2019-04-20,7,6,1
2019-04-20,10,4,6
2019-04-20,10,7,3
2019-04-20,11,4,7
2019-04-20,6,2,4
2019-04-20,3,1,2
2019-04-20,3,2,1
2019-04-20,1,1,0
2019-04-20,0,0,0
2019-04-21,0,0,0
2019-04-21,0,0,0
2019-04-21,0,0,0
2019-04-21,0,0,0
2019-04-21,0,0,0
2019-04-21,1,0,1
2019-04-21,1,0,1
2019-04-21,1,0,1
2019-04-21,1,1,0
2019-04-21,5,4,1
2019-04-21,8,6,2
2019-04-21,9,5,4
2019-04-21,7,7,0
2019-04-21,14,7,7
2019-04-21,7,4,3
2019-04-21,18,9,9
2019-04-21,13,7,6
2019-04-21,13,4,9
2019-04-21,12,4,8
2019-04-21,3,1,2
2019-04-21,4,4,0
2019-04-21,3,1,2
2019-04-21,1,0,1
2019-04-21,0,0,0
2019-04-22,0,0,0
2019-04-22,0,0,0
2019-04-22,0,0,0
2019-04-22,1,1,0
2019-04-22,0,0,0
2019-04-22,1,0,1
2019-04-22,4,2,2
2019-04-22,9,2,7
2019-04-22,1,0,1
2019-04-22,4,2,2
2019-04-22,1,0,1
2019-04-22,2,0,2
2019-04-22,3,1,2
2019-04-22,4,2,2
2019-04-22,6,2,4
2019-04-22,6,1,5
2019-04-22,3,1,2
2019-04-22,9,1,8
2019-04-22,4,0,4
2019-04-22,4,2,2
2019-04-22,1,0,1
2019-04-22,0,0,0
2019-04-22,3,1,2
2019-04-22,1,0,1
2019-04-23,0,0,0
2019-04-23,1,0,1
2019-04-23,1,0,1
2019-04-23,0,0,0
2019-04-23,0,0,0
2019-04-23,0,0,0
2019-04-23,2,2,0
2019-04-23,8,2,6
2019-04-23,4,0,4
2019-04-23,2,0,2
2019-04-23,5,2,3
2019-04-23,3,2,1
2019-04-23,2,0,2
2019-04-23,3,0,3
2019-04-23,10,3,7
2019-04-23,7,2,5
2019-04-23,5,1,4
2019-04-23,14,4,10
2019-04-23,5,2,3
2019-04-23,6,4,2
2019-04-23,5,1,4
2019-04-23,3,0,3
2019-04-23,2,1,1
2019-04-23,0,0,0
2019-04-24,0,0,0
2019-04-24,1,1,0
2019-04-24,0,0,0
2019-04-24,0,0,0
2019-04-24,0,0,0
2019-04-24,1,1,0
2019-04-24,1,0,1
2019-04-24,8,1,7
2019-04-24,16,10,6
2019-04-24,8,5,3
2019-04-24,6,4,2
2019-04-24,4,4,0
2019-04-24,7,1,6
2019-04-24,6,4,2
2019-04-24,7,1,6
2019-04-24,7,5,2
2019-04-24,13,7,6
2019-04-24,27,13,14
2019-04-24,14,6,8
2019-04-24,12,7,5
2019-04-24,4,3,1
2019-04-24,4,3,1
2019-04-24,2,0,2
2019-04-24,2,1,1
2019-04-25,0,0,0
2019-04-25,0,0,0
2019-04-25,0,0,0
2019-04-25,0,0,0
2019-04-25,1,1,0
2019-04-25,0,0,0
2019-04-25,4,0,4
2019-04-25,9,3,6
2019-04-25,5,3,2
2019-04-25,6,4,2
2019-04-25,5,3,2
2019-04-25,1,1,0
2019-04-25,2,1,1
2019-04-25,11,8,3
2019-04-25,3,0,3
2019-04-25,5,1,4
2019-04-25,8,5,3
2019-04-25,14,5,9
2019-04-25,15,11,4
2019-04-25,14,5,9
2019-04-25,1,0,1
2019-04-25,4,3,1
2019-04-25,1,0,1
2019-04-25,2,1,1
2019-04-26,1,0,1
2019-04-26,0,0,0
2019-04-26,0,0,0
2019-04-26,0,0,0
2019-04-26,0,0,0
2019-04-26,1,0,1
2019-04-26,4,3,1
2019-04-26,6,5,1
2019-04-26,7,4,3
2019-04-26,5,2,3
2019-04-26,3,2,1
2019-04-26,6,4,2
2019-04-26,10,5,5
2019-04-26,10,6,4
2019-04-26,5,1,4
2019-04-26,6,3,3
2019-04-26,7,5,2
2019-04-26,14,8,6
2019-04-26,15,8,7
2019-04-26,5,0,5
2019-04-26,12,3,9
2019-04-26,1,1,0
2019-04-26,3,2,1
2019-04-26,2,0,2
2019-04-27,0,0,0
2019-04-27,1,0,1
2019-04-27,0,0,0
2019-04-27,1,0,1
2019-04-27,1,1,0
2019-04-27,0,0,0
2019-04-27,0,0,0
2019-04-27,0,0,0
2019-04-27,1,0,1
2019-04-27,8,7,1
2019-04-27,10,7,3
2019-04-27,14,8,6
2019-04-27,12,5,7
2019-04-27,6,4,2
2019-04-27,13,11,2
2019-04-27,7,3,4
2019-04-27,5,3,2
2019-04-27,10,6,4
2019-04-27,15,9,6
2019-04-27,6,5,1
2019-04-27,4,3,1
2019-04-27,4,3,1
2019-04-27,0,0,0
2019-04-27,1,1,0
2019-04-28,2,2,0
2019-04-28,1,1,0
2019-04-28,0,0,0
2019-04-28,0,0,0
2019-04-28,0,0,0
2019-04-28,0,0,0
2019-04-28,1,1,0
2019-04-28,1,0,1
2019-04-28,4,4,0
2019-04-28,5,3,2
2019-04-28,13,9,4
2019-04-28,16,10,6
2019-04-28,11,7,4
2019-04-28,24,15,9
2019-04-28,16,11,5
2019-04-28,16,10,6
2019-04-28,21,14,7
2019-04-28,20,8,12
2019-04-28,13,6,7
2019-04-28,10,5,5
2019-04-28,2,2,0
2019-04-28,3,3,0
2019-04-28,1,1,0
2019-04-28,1,1,0
2019-04-29,0,0,0
2019-04-29,1,1,0
2019-04-29,0,0,0
2019-04-29,0,0,0
2019-04-29,0,0,0
2019-04-29,0,0,0
2019-04-29,3,0,3
2019-04-29,11,3,8
2019-04-29,6,3,3
2019-04-29,7,5,2
2019-04-29,7,6,1
2019-04-29,7,3,4
2019-04-29,10,7,3
2019-04-29,10,8,2
2019-04-29,6,3,3
2019-04-29,4,3,1
2019-04-29,7,5,2
2019-04-29,13,4,9
2019-04-29,7,1,6
2019-04-29,13,6,7
2019-04-29,6,2,4
2019-04-29,2,0,2
2019-04-29,1,1,0
2019-04-29,1,0,1
2019-04-30,0,0,0
2019-04-30,0,0,0
2019-04-30,0,0,0
2019-04-30,0,0,0
2019-04-30,0,0,0
2019-04-30,0,0,0
2019-04-30,4,1,3
2019-04-30,9,2,7
2019-04-30,7,4,3
2019-04-30,10,6,4
2019-04-30,5,3,2
2019-04-30,4,1,3
2019-04-30,3,3,0
2019-04-30,11,6,5
2019-04-30,6,2,4
2019-04-30,8,4,4
2019-04-30,10,6,4
2019-04-30,8,1,7
2019-04-30,16,4,12
2019-04-30,12,2,10
2019-04-30,5,1,4
2019-04-30,2,0,2
2019-04-30,4,2,2
2019-04-30,0,0,0
2019-08-03,11,3,8
2019-08-03,7,1,6
2019-08-03,18,7,11
2019-08-03,4,2,2
2019-08-03,5,1,4
2019-08-03,4,4,0
2019-08-03,5,4,1
2019-08-03,3,2,1
2019-08-04,0,0,0
2019-08-04,0,0,0
2019-08-04,1,1,0
2019-08-04,0,0,0
2019-08-04,0,0,0
2019-08-04,1,1,0
2019-08-04,0,0,0
2019-08-04,4,2,2
2019-08-04,6,2,4
2019-08-04,16,8,8
2019-08-04,23,6,17
2019-08-04,9,2,7
2019-08-04,35,14,21
2019-08-04,33,15,18
2019-08-04,23,11,12
2019-08-04,20,16,4
2019-08-04,16,10,6
2019-08-04,12,8,4
2019-08-04,11,4,7
2019-08-04,14,6,8
2019-08-04,8,2,6
2019-08-04,10,9,1
2019-08-04,1,0,1
2019-08-04,2,1,1
2019-08-05,2,0,2
2019-08-05,1,0,1
2019-08-05,0,0,0
2019-08-05,3,1,2
2019-08-05,2,1,1
2019-08-05,2,1,1
2019-08-05,3,2,1
2019-08-05,13,9,4
2019-08-05,13,7,6
2019-08-05,11,3,8
2019-08-05,11,5,6
2019-08-05,8,1,7
2019-08-05,12,2,10
2019-08-05,6,1,5
2019-08-05,12,6,6
2019-08-05,9,3,6
2019-08-05,11,6,5
2019-08-05,22,10,12
2019-08-05,16,8,8
2019-08-05,20,12,8
2019-08-05,7,3,4
2019-08-05,9,6,3
2019-08-05,4,1,3
2019-08-05,3,1,2
2019-05-01,1,1,0
2019-05-01,1,0,1
2019-05-01,0,0,0
2019-05-01,0,0,0
2019-05-01,0,0,0
2019-05-01,0,0,0
2019-05-01,3,0,3
2019-05-01,7,1,6
2019-05-01,7,2,5
2019-05-01,8,5,3
2019-05-01,5,1,4
2019-05-01,4,1,3
2019-05-01,5,2,3
2019-05-01,5,4,1
2019-05-01,3,0,3
2019-05-01,18,9,9
2019-05-01,13,7,6
2019-05-01,18,6,12
2019-05-01,13,7,6
2019-05-01,12,4,8
2019-05-01,8,4,4
2019-05-01,4,1,3
2019-05-01,4,0,4
2019-05-01,1,0,1
2019-05-02,0,0,0
2019-05-02,0,0,0
2019-05-02,0,0,0
2019-05-02,0,0,0
2019-05-02,0,0,0
2019-05-02,0,0,0
2019-05-02,1,0,1
2019-05-02,8,0,8
2019-05-02,7,2,5
2019-05-02,3,0,3
2019-05-02,4,4,0
2019-05-02,3,2,1
2019-05-02,8,5,3
2019-05-02,5,2,3
2019-05-02,5,3,2
2019-05-02,2,1,1
2019-05-02,19,10,9
2019-05-02,12,7,5
2019-05-02,17,7,10
2019-05-02,13,8,5
2019-05-02,10,3,7
2019-05-02,3,2,1
2019-05-02,2,2,0
2019-05-02,0,0,0
2019-05-03,1,0,1
2019-05-03,0,0,0
2019-05-03,1,1,0
2019-05-03,0,0,0
2019-05-03,0,0,0
2019-05-03,1,1,0
2019-05-03,6,3,3
2019-05-03,8,1,7
2019-05-03,13,4,9
2019-05-03,8,6,2
2019-05-03,3,1,2
2019-05-03,0,0,0
2019-05-03,14,6,8
2019-05-03,8,5,3
2019-05-03,11,4,7
2019-05-03,4,1,3
2019-05-03,11,6,5
2019-05-03,11,6,5
2019-05-03,11,5,6
2019-05-03,8,7,1
2019-05-03,7,2,5
2019-05-03,7,4,3
2019-05-03,3,2,1
2019-05-03,2,1,1
2019-05-04,0,0,0
2019-05-04,0,0,0
2019-05-04,0,0,0
2019-05-04,1,1,0
2019-05-04,0,0,0
2019-05-04,1,1,0
2019-05-04,2,1,1
2019-05-04,2,0,2
2019-05-04,5,5,0
2019-05-04,10,10,0
2019-05-04,16,10,6
2019-05-04,4,1,3
2019-05-04,12,6,6
2019-05-04,15,5,10
2019-05-04,7,4,3
2019-05-04,10,3,7
2019-05-04,10,7,3
2019-05-04,16,8,8
2019-05-04,16,11,5
2019-05-04,11,6,5
2019-05-04,5,2,3
2019-05-04,6,2,4
2019-05-04,1,1,0
2019-05-04,2,1,1
2019-05-05,1,1,0
2019-05-05,1,0,1
2019-05-05,0,0,0
2019-05-05,1,1,0
2019-05-05,0,0,0
2019-05-05,1,1,0
2019-05-05,0,0,0
2019-05-05,4,2,2
2019-05-05,2,1,1
2019-05-05,6,4,2
2019-05-05,10,4,6
2019-05-05,24,18,6
2019-05-05,24,16,8
2019-05-05,25,10,15
2019-05-05,20,11,9
2019-05-05,13,10,3
2019-05-05,12,4,8
2019-05-05,12,6,6
2019-05-05,12,7,5
2019-05-05,10,6,4
2019-05-05,4,1,3
2019-05-05,5,1,4
2019-05-05,0,0,0
2019-05-05,0,0,0
2019-05-06,1,1,0
2019-05-06,1,1,0
2019-05-06,0,0,0
2019-05-06,1,1,0
2019-05-06,0,0,0
2019-05-06,0,0,0
2019-05-06,4,2,2
2019-05-06,16,4,12
2019-05-06,14,10,4
2019-05-06,7,5,2
2019-05-06,5,4,1
2019-05-06,11,8,3
2019-05-06,7,5,2
2019-05-06,2,2,0
2019-05-06,8,6,2
2019-05-06,14,7,7
2019-05-06,18,7,11
2019-05-06,22,12,10
2019-05-06,13,3,10
2019-05-06,21,12,9
2019-05-06,9,5,4
2019-05-06,2,2,0
2019-05-06,2,1,1
2019-05-06,2,1,1
2019-05-07,1,0,1
2019-05-07,0,0,0
2019-05-07,0,0,0
2019-05-07,0,0,0
2019-05-07,0,0,0
2019-05-07,0,0,0
2019-05-07,0,0,0
2019-05-07,10,3,7
2019-05-07,12,3,9
2019-05-07,8,3,5
2019-05-07,4,2,2
2019-05-07,5,4,1
2019-05-07,3,1,2
2019-05-07,8,5,3
2019-05-07,8,7,1
2019-05-07,10,4,6
2019-05-07,12,7,5
2019-05-07,28,14,14
2019-05-07,23,12,11
2019-05-07,15,9,6
2019-05-07,9,2,7
2019-05-07,5,4,1
2019-05-07,3,0,3
2019-05-07,2,1,1
2019-05-08,0,0,0
2019-05-08,1,0,1
2019-05-08,0,0,0
2019-05-08,0,0,0
2019-05-08,0,0,0
2019-05-08,4,2,2
2019-05-08,2,0,2
2019-05-08,9,2,7
2019-05-08,20,5,15
2019-05-08,9,3,6
2019-05-08,3,3,0
2019-05-08,7,2,5
2019-05-08,7,3,4
2019-05-08,7,6,1
2019-05-08,15,9,6
2019-05-08,6,5,1
2019-05-08,11,9,2
2019-05-08,20,10,10
2019-05-08,14,7,7
2019-05-08,10,2,8
2019-05-08,5,4,1
2019-05-08,3,2,1
2019-05-08,3,2,1
2019-05-08,4,4,0
2019-05-09,0,0,0
2019-05-09,0,0,0
2019-05-09,0,0,0
2019-05-09,1,1,0
2019-05-09,0,0,0
2019-05-09,0,0,0
2019-05-09,6,3,3
2019-05-09,8,1,7
2019-05-09,15,5,10
2019-05-09,8,5,3
2019-05-09,10,7,3
2019-05-09,6,5,1
2019-05-09,8,5,3
2019-05-09,9,4,5
2019-05-09,13,8,5
2019-05-09,8,4,4
2019-05-09,13,7,6
2019-05-09,13,6,7
2019-05-09,34,18,16
2019-05-09,21,6,15
2019-05-09,8,3,5
2019-05-09,6,0,6
2019-05-09,4,4,0
2019-05-09,0,0,0
2019-05-10,0,0,0
2019-05-10,1,0,1
2019-05-10,1,0,1
2019-05-10,0,0,0
2019-05-10,0,0,0
2019-05-10,0,0,0
2019-05-10,1,0,1
2019-05-10,12,3,9
2019-05-10,16,2,14
2019-05-10,8,4,4
2019-05-10,10,4,6
2019-05-10,10,5,5
2019-05-10,7,3,4
2019-05-10,17,10,7
2019-05-10,12,7,5
2019-05-10,10,5,5
2019-05-10,12,6,6
2019-05-10,18,5,13
2019-05-10,15,12,3
2019-05-10,8,3,5
2019-05-10,10,0,10
2019-05-10,12,3,9
2019-05-10,1,1,0
2019-05-10,1,0,1
2019-05-11,2,0,2
2019-05-11,1,0,1
2019-05-11,1,1,0
2019-05-11,0,0,0
2019-05-11,1,1,0
2019-05-11,1,1,0
2019-05-11,1,0,1
2019-05-11,0,0,0
2019-05-11,6,3,3
2019-05-11,5,3,2
2019-05-11,16,11,5
2019-05-11,14,7,7
2019-05-11,19,8,11
2019-05-11,24,9,15
2019-05-11,33,18,15
2019-05-11,16,9,7
2019-05-11,18,10,8
2019-05-11,15,10,5
2019-05-11,13,4,9
2019-05-11,12,7,5
2019-05-11,4,2,2
2019-05-11,4,0,4
2019-05-11,5,3,2
2019-05-11,3,1,2
2019-05-12,3,3,0
2019-05-12,0,0,0
2019-05-12,0,0,0
2019-05-12,1,0,1
2019-05-12,1,1,0
2019-05-12,1,1,0
2019-05-12,2,2,0
2019-05-12,5,2,3
2019-05-12,2,1,1
2019-05-12,11,7,4
2019-05-12,11,7,4
2019-05-12,11,5,6
2019-05-12,21,11,10
2019-05-12,14,7,7
2019-05-12,9,4,5
2019-05-12,4,2,2
2019-05-12,14,5,9
2019-05-12,12,4,8
2019-05-12,11,6,5
2019-05-12,12,2,10
2019-05-12,11,5,6
2019-05-12,3,0,3
2019-05-12,2,0,2
2019-05-12,2,0,2
2019-05-13,0,0,0
2019-05-13,0,0,0
2019-05-13,0,0,0
2019-05-13,0,0,0
2019-05-13,0,0,0
2019-05-13,1,1,0
2019-05-13,2,1,1
2019-05-13,6,0,6
2019-05-13,8,5,3
2019-05-13,6,5,1
2019-05-13,10,5,5
2019-05-13,7,2,5
2019-05-13,6,5,1
2019-05-13,2,1,1
2019-05-13,6,2,4
2019-05-13,6,2,4
2019-05-13,10,6,4
2019-05-13,13,6,7
2019-05-13,11,5,6
2019-05-13,16,10,6
2019-05-13,10,3,7
2019-05-13,5,3,2
2019-05-13,2,2,0
2019-05-13,0,0,0
2019-05-14,0,0,0
2019-05-14,1,1,0
2019-05-14,0,0,0
2019-05-14,0,0,0
2019-05-14,0,0,0
2019-05-14,3,1,2
2019-05-14,2,1,1
2019-05-14,5,1,4
2019-05-14,8,1,7
2019-05-14,4,3,1
2019-05-14,1,1,0
2019-05-14,2,2,0
2019-05-14,2,2,0
2019-05-14,2,1,1
2019-05-14,4,2,2
2019-05-14,6,3,3
2019-05-14,10,5,5
2019-05-14,8,6,2
2019-05-14,12,8,4
2019-05-14,6,3,3
2019-05-14,8,1,7
2019-05-14,5,2,3
2019-05-14,0,0,0
2019-05-14,4,2,2
2019-05-15,1,1,0
2019-05-15,1,0,1
2019-05-15,0,0,0
2019-05-15,0,0,0
2019-05-15,1,0,1
2019-05-15,0,0,0
2019-05-15,2,1,1
2019-05-15,9,4,5
2019-05-15,13,3,10
2019-05-15,8,3,5
2019-05-15,7,5,2
2019-05-15,4,3,1
2019-05-15,6,1,5
2019-05-15,7,3,4
2019-05-15,8,8,0
2019-05-15,11,8,3
2019-05-15,5,3,2
2019-05-15,8,4,4
2019-05-15,12,9,3
2019-05-15,11,5,6
2019-05-15,6,3,3
2019-05-15,2,1,1
2019-05-15,0,0,0
2019-05-15,0,0,0
2019-05-16,1,1,0
2019-05-16,0,0,0
2019-05-16,0,0,0
2019-05-16,0,0,0
2019-05-16,2,1,1
2019-05-16,0,0,0
2019-05-16,1,0,1
2019-05-16,6,0,6
2019-05-16,8,4,4
2019-05-16,7,3,4
2019-05-16,5,4,1
2019-05-16,7,7,0
2019-05-16,4,1,3
2019-05-16,3,2,1
2019-05-16,2,1,1
2019-05-16,7,5,2
2019-05-16,4,3,1
2019-05-16,10,5,5
2019-05-16,13,11,2
2019-05-16,9,2,7
2019-05-16,6,1,5
2019-05-16,2,2,0
2019-05-16,1,1,0
2019-05-16,2,2,0
2019-05-17,1,1,0
2019-05-17,1,0,1
2019-05-17,0,0,0
2019-05-17,0,0,0
2019-05-17,0,0,0
2019-05-17,1,0,1
2019-05-17,0,0,0
2019-05-17,5,1,4
2019-05-17,8,3,5
2019-05-17,11,7,4
2019-05-17,7,5,2
2019-05-17,4,1,3
2019-05-17,5,3,2
2019-05-17,9,7,2
2019-05-17,4,1,3
2019-05-17,5,1,4
2019-05-17,13,8,5
2019-05-17,17,13,4
2019-05-17,29,21,8
2019-05-17,16,5,11
2019-05-17,17,4,13
2019-05-17,4,0,4
2019-05-17,6,1,5
2019-05-17,0,0,0
2019-05-18,0,0,0
2019-05-18,0,0,0
2019-05-18,0,0,0
2019-05-18,2,2,0
2019-05-18,0,0,0
2019-05-18,0,0,0
2019-05-18,3,2,1
2019-05-18,0,0,0
2019-05-18,3,2,1
2019-05-18,4,4,0
2019-05-18,15,7,8
2019-05-18,13,2,11
2019-05-18,11,5,6
2019-05-18,12,4,8
2019-05-18,11,3,8
2019-05-18,21,11,10
2019-05-18,9,4,5
2019-05-18,15,9,6
2019-05-18,8,2,6
2019-05-18,13,4,9
2019-05-18,4,3,1
2019-05-18,5,1,4
2019-05-18,2,1,1
2019-05-18,1,0,1
2019-05-19,0,0,0
2019-05-19,0,0,0
2019-05-19,0,0,0
2019-05-19,3,2,1
2019-05-19,0,0,0
2019-05-19,0,0,0
2019-05-19,1,0,1
2019-05-19,1,1,0
2019-05-19,5,4,1
2019-05-19,8,7,1
2019-05-19,15,5,10
2019-05-19,12,6,6
2019-05-19,10,7,3
2019-05-19,4,4,0
2019-05-19,16,7,9
2019-05-19,26,14,12
2019-05-19,9,3,6
2019-05-19,8,5,3
2019-05-19,7,4,3
2019-05-19,5,1,4
2019-05-19,9,2,7
2019-05-19,0,0,0
2019-05-19,2,1,1
2019-05-19,0,0,0
2019-05-20,0,0,0
2019-05-20,0,0,0
2019-05-20,0,0,0
2019-05-20,0,0,0
2019-05-20,0,0,0
2019-05-20,2,1,1
2019-05-20,4,2,2
2019-05-20,6,1,5
2019-05-20,6,2,4
2019-05-20,4,3,1
2019-05-20,5,5,0
2019-05-20,5,4,1
2019-05-20,11,9,2
2019-05-20,6,5,1
2019-05-20,8,4,4
2019-05-20,5,2,3
2019-05-20,7,4,3
2019-05-20,7,4,3
2019-05-20,7,6,1
2019-05-20,7,2,5
2019-05-20,5,3,2
2019-05-20,2,2,0
2019-05-20,0,0,0
2019-05-20,2,1,1
2019-05-21,1,0,1
2019-05-21,0,0,0
2019-05-21,0,0,0
2019-05-21,0,0,0
2019-05-21,0,0,0
2019-05-21,0,0,0
2019-05-21,4,4,0
2019-05-21,9,4,5
2019-05-21,12,5,7
2019-05-21,5,3,2
2019-05-21,3,1,2
2019-05-21,1,1,0
2019-05-21,3,2,1
2019-05-21,5,3,2
2019-05-21,2,1,1
2019-05-21,9,6,3
2019-05-21,7,7,0
2019-05-21,14,8,6
2019-05-21,21,13,8
2019-05-21,15,12,3
2019-05-21,4,2,2
2019-05-21,1,1,0
2019-05-21,3,2,1
2019-05-21,0,0,0
2019-05-22,1,0,1
2019-05-22,0,0,0
2019-05-22,0,0,0
2019-05-22,1,0,1
2019-05-22,0,0,0
2019-05-22,0,0,0
2019-05-22,4,1,3
2019-05-22,7,3,4
2019-05-22,15,6,9
2019-05-22,11,6,5
2019-05-22,5,5,0
2019-05-22,2,2,0
2019-05-22,8,3,5
2019-05-22,11,5,6
2019-05-22,8,6,2
2019-05-22,14,6,8
2019-05-22,12,6,6
2019-05-22,17,11,6
2019-05-22,21,6,15
2019-05-22,12,6,6
2019-05-22,12,4,8
2019-05-22,6,5,1
2019-05-22,1,0,1
2019-05-22,1,0,1
2019-05-23,0,0,0
2019-05-23,0,0,0
2019-05-23,0,0,0
2019-05-23,0,0,0
2019-05-23,0,0,0
2019-05-23,0,0,0
2019-05-23,2,0,2
2019-05-23,11,3,8
2019-05-23,10,4,6
2019-05-23,7,4,3
2019-05-23,5,3,2
2019-05-23,5,4,1
2019-05-23,9,2,7
2019-05-23,1,1,0
2019-05-23,8,3,5
2019-05-23,17,12,5
2019-05-23,16,11,5
2019-05-23,19,9,10
2019-05-23,27,17,10
2019-05-23,20,7,13
2019-05-23,10,3,7
2019-05-23,4,0,4
2019-05-23,4,2,2
2019-05-23,1,1,0
2019-05-24,0,0,0
2019-05-24,2,1,1
2019-05-24,0,0,0
2019-05-24,0,0,0
2019-05-24,0,0,0
2019-05-24,0,0,0
2019-05-24,3,2,1
2019-05-24,5,0,5
2019-05-24,6,1,5
2019-05-24,8,4,4
2019-05-24,4,3,1
2019-05-24,7,6,1
2019-05-24,9,4,5
2019-05-24,4,3,1
2019-05-24,9,5,4
2019-05-24,7,2,5
2019-05-24,9,5,4
2019-05-24,14,5,9
2019-05-24,11,3,8
2019-05-24,7,4,3
2019-05-24,0,0,0
2019-05-24,3,1,2
2019-05-24,0,0,0
2019-05-24,1,0,1
2019-05-25,0,0,0
2019-05-25,0,0,0
2019-05-25,0,0,0
2019-05-25,0,0,0
2019-05-25,0,0,0
2019-05-25,1,0,1
2019-05-25,0,0,0
2019-05-25,2,0,2
2019-05-25,5,4,1
2019-05-25,2,1,1
2019-05-25,7,3,4
2019-05-25,5,4,1
2019-05-25,5,3,2
2019-05-25,2,0,2
2019-05-25,2,2,0
2019-05-25,1,1,0
2019-05-25,0,0,0
2019-05-25,2,2,0
2019-05-25,0,0,0
2019-05-25,0,0,0
2019-05-25,4,2,2
2019-05-25,2,1,1
2019-05-25,2,2,0
2019-05-25,2,1,1
2019-05-26,0,0,0
2019-05-26,0,0,0
2019-05-26,0,0,0
2019-05-26,0,0,0
2019-05-26,0,0,0
2019-05-26,0,0,0
2019-05-26,1,1,0
2019-05-26,1,1,0
2019-05-26,2,2,0
2019-05-26,7,3,4
2019-05-26,9,5,4
2019-05-26,11,5,6
2019-05-26,9,2,7
2019-05-26,20,6,14
2019-05-26,12,9,3
2019-05-26,15,7,8
2019-05-26,6,5,1
2019-05-26,16,10,6
2019-05-26,11,4,7
2019-05-26,9,3,6
2019-05-26,9,4,5
2019-05-26,3,1,2
2019-05-26,0,0,0
2019-05-26,1,0,1
2019-05-27,2,1,1
2019-05-27,0,0,0
2019-05-27,0,0,0
2019-05-27,1,1,0
2019-05-27,1,1,0
2019-05-27,1,1,0
2019-05-27,1,0,1
2019-05-27,2,0,2
2019-05-27,4,0,4
2019-05-27,6,2,4
2019-05-27,19,11,8
2019-05-27,18,6,12
2019-05-27,19,10,9
2019-05-27,23,10,13
2019-05-27,19,10,9
2019-05-27,29,13,16
2019-05-27,19,4,15
2019-05-27,22,5,17
2019-05-27,13,7,6
2019-05-27,2,1,1
2019-05-27,5,4,1
2019-05-27,4,2,2
2019-05-27,0,0,0
2019-05-27,1,1,0
2019-05-28,0,0,0
2019-05-28,1,1,0
2019-05-28,0,0,0
2019-05-28,0,0,0
2019-05-28,0,0,0
2019-05-28,2,1,1
2019-05-28,3,1,2
2019-05-28,14,3,11
2019-05-28,10,6,4
2019-05-28,8,6,2
2019-05-28,3,2,1
2019-05-28,4,4,0
2019-05-28,3,2,1
2019-05-28,7,4,3
2019-05-28,7,3,4
2019-05-28,4,3,1
2019-05-28,13,5,8
2019-05-28,16,9,7
2019-05-28,24,15,9
2019-05-28,5,2,3
2019-05-28,7,1,6
2019-05-28,5,3,2
2019-05-28,2,1,1
2019-05-28,1,0,1
2019-05-29,0,0,0
2019-05-29,0,0,0
2019-05-29,1,0,1
2019-05-29,1,1,0
2019-05-29,0,0,0
2019-05-29,0,0,0
2019-05-29,6,2,4
2019-05-29,8,3,5
2019-05-29,17,6,11
2019-05-29,12,6,6
2019-05-29,12,8,4
2019-05-29,4,2,2
2019-05-29,9,9,0
2019-05-29,5,3,2
2019-05-29,7,4,3
2019-05-29,7,3,4
2019-05-29,7,3,4
2019-05-29,16,7,9
2019-05-29,21,9,12
2019-05-29,13,5,8
2019-05-29,8,3,5
2019-05-29,4,1,3
2019-05-29,5,0,5
2019-05-29,1,1,0
2019-05-30,1,0,1
2019-05-30,1,0,1
2019-05-30,0,0,0
2019-05-30,0,0,0
2019-05-30,0,0,0
2019-05-30,1,1,0
2019-05-30,3,2,1
2019-05-30,9,0,9
2019-05-30,15,5,10
2019-05-30,4,2,2
2019-05-30,6,4,2
2019-05-30,6,4,2
2019-05-30,6,1,5
2019-05-30,4,1,3
2019-05-30,7,4,3
2019-05-30,12,6,6
2019-05-30,7,5,2
2019-05-30,17,11,6
2019-05-30,21,9,12
2019-05-30,15,8,7
2019-05-30,21,7,14
2019-05-30,8,1,7
2019-05-30,3,2,1
2019-05-30,1,0,1
2019-05-31,0,0,0
2019-05-31,0,0,0
2019-05-31,1,0,1
2019-05-31,0,0,0
2019-05-31,0,0,0
2019-05-31,1,0,1
2019-05-31,2,1,1
2019-05-31,7,3,4
2019-05-31,12,8,4
2019-05-31,6,4,2
2019-05-31,9,6,3
2019-05-31,5,5,0
2019-05-31,11,7,4
2019-05-31,9,2,7
2019-05-31,8,3,5
2019-05-31,9,6,3
2019-05-31,10,6,4
2019-05-31,12,5,7
2019-05-31,20,10,10
2019-05-31,13,8,5
2019-05-31,12,7,5
2019-05-31,8,1,7
2019-05-31,2,0,2
2019-05-31,0,0,0
2019-06-01,4,0,4
2019-06-01,0,0,0
2019-06-01,0,0,0
2019-06-01,0,0,0
2019-06-01,0,0,0
2019-06-01,1,0,1
2019-06-01,2,0,2
2019-06-01,1,0,1
2019-06-01,8,5,3
2019-06-01,11,7,4
2019-06-01,9,7,2
2019-06-01,17,12,5
2019-06-01,17,10,7
2019-06-01,12,2,10
2019-06-01,11,5,6
2019-06-01,14,6,8
2019-06-01,15,6,9
2019-06-01,12,8,4
2019-06-01,11,5,6
2019-06-01,21,10,11
2019-06-01,7,2,5
2019-06-01,8,2,6
2019-06-01,2,2,0
2019-06-01,2,0,2
2019-06-02,1,1,0
2019-06-02,1,1,0
2019-06-02,0,0,0
2019-06-02,0,0,0
2019-06-02,0,0,0
2019-06-02,0,0,0
2019-06-02,0,0,0
2019-06-02,0,0,0
2019-06-02,7,4,3
2019-06-02,6,3,3
2019-06-02,13,11,2
2019-06-02,27,14,13
2019-06-02,18,9,9
2019-06-02,20,15,5
2019-06-02,16,3,13
2019-06-02,12,4,8
2019-06-02,19,8,11
2019-06-02,10,4,6
2019-06-02,6,2,4
2019-06-02,5,4,1
2019-06-02,4,2,2
2019-06-02,6,2,4
2019-06-02,1,1,0
2019-06-02,1,1,0
2019-06-03,0,0,0
2019-06-03,0,0,0
2019-06-03,0,0,0
2019-06-03,1,1,0
2019-06-03,0,0,0
2019-06-03,1,1,0
2019-06-03,4,0,4
2019-06-03,9,3,6
2019-06-03,14,3,11
2019-06-03,8,6,2
2019-06-03,9,4,5
2019-06-03,1,1,0
2019-06-03,7,6,1
2019-06-03,0,0,0
2019-06-03,8,3,5
2019-06-03,10,5,5
2019-06-03,22,13,9
2019-06-03,28,14,14
2019-06-03,19,9,10
2019-06-03,11,5,6
2019-06-03,5,1,4
2019-06-03,11,2,9
2019-06-03,2,0,2
2019-06-03,1,1,0
2019-06-04,1,1,0
2019-06-04,0,0,0
2019-06-04,0,0,0
2019-06-04,0,0,0
2019-06-04,0,0,0
2019-06-04,1,0,1
2019-06-04,4,2,2
2019-06-04,7,3,4
2019-06-04,11,5,6
2019-06-04,6,2,4
2019-06-04,3,2,1
2019-06-04,4,0,4
2019-06-04,7,5,2
2019-06-04,2,2,0
2019-06-04,5,2,3
2019-06-04,8,3,5
2019-06-04,12,9,3
2019-06-04,17,7,10
2019-06-04,17,4,13
2019-06-04,11,0,11
2019-06-04,6,2,4
2019-06-04,1,0,1
2019-06-04,2,1,1
2019-06-04,1,0,1
2019-06-05,0,0,0
2019-06-05,0,0,0
2019-06-05,0,0,0
2019-06-05,0,0,0
2019-06-05,0,0,0
2019-06-05,3,0,3
2019-06-05,5,0,5
2019-06-05,3,0,3
2019-06-05,14,6,8
2019-06-05,8,6,2
2019-06-05,9,5,4
2019-06-05,3,1,2
2019-06-05,5,3,2
2019-06-05,4,1,3
2019-06-05,6,3,3
2019-06-05,8,2,6
2019-06-05,13,7,6
2019-06-05,14,5,9
2019-06-05,13,6,7
2019-06-05,17,8,9
2019-06-05,3,0,3
2019-06-05,5,0,5
2019-06-05,0,0,0
2019-06-05,0,0,0
2019-06-06,0,0,0
2019-06-06,1,0,1
2019-06-06,2,2,0
2019-06-06,0,0,0
2019-06-06,0,0,0
2019-06-06,0,0,0
2019-06-06,2,1,1
2019-06-06,5,1,4
2019-06-06,8,5,3
2019-06-06,9,5,4
2019-06-06,6,4,2
2019-06-06,3,2,1
2019-06-06,4,1,3
2019-06-06,2,1,1
2019-06-06,4,0,4
2019-06-06,6,5,1
2019-06-06,7,4,3
2019-06-06,20,6,14
2019-06-06,8,3,5
2019-06-06,19,7,12
2019-06-06,5,2,3
2019-06-06,4,1,3
2019-06-06,0,0,0
2019-06-06,1,1,0
2019-06-07,1,1,0
2019-06-07,0,0,0
2019-06-07,0,0,0
2019-06-07,0,0,0
2019-06-07,0,0,0
2019-06-07,0,0,0
2019-06-07,3,1,2
2019-06-07,6,2,4
2019-06-07,8,5,3
2019-06-07,5,3,2
2019-06-07,5,4,1
2019-06-07,5,2,3
2019-06-07,8,4,4
2019-06-07,8,2,6
2019-06-07,5,3,2
2019-06-07,10,7,3
2019-06-07,11,7,4
2019-06-07,8,4,4
2019-06-07,4,3,1
2019-06-07,5,4,1
2019-06-07,0,0,0
2019-06-07,2,1,1
2019-06-07,0,0,0
2019-06-07,0,0,0
2019-06-08,1,0,1
2019-06-08,0,0,0
2019-06-08,2,0,2
2019-06-08,0,0,0
2019-06-08,1,0,1
2019-06-08,0,0,0
2019-06-08,2,0,2
2019-06-08,0,0,0
2019-06-08,2,1,1
2019-06-08,4,4,0
2019-06-08,11,9,2
2019-06-08,8,3,5
2019-06-08,17,13,4
2019-06-08,20,14,6
2019-06-08,6,1,5
2019-06-08,11,3,8
2019-06-08,21,8,13
2019-06-08,13,4,9
2019-06-08,13,6,7
2019-06-08,11,3,8
2019-06-08,5,2,3
2019-06-08,3,2,1
2019-06-08,1,0,1
2019-06-08,1,0,1
2019-06-09,1,1,0
2019-06-09,0,0,0
2019-06-09,0,0,0
2019-06-09,0,0,0
2019-06-09,0,0,0
2019-06-09,0,0,0
2019-06-09,0,0,0
2019-06-09,0,0,0
2019-06-09,3,0,3
2019-06-09,5,3,2
2019-06-09,21,15,6
2019-06-09,22,12,10
2019-06-09,29,13,16
2019-06-09,20,11,9
2019-06-09,24,12,12
2019-06-09,17,4,13
2019-06-09,20,7,13
2019-06-09,20,5,15
2019-06-09,18,9,9
2019-06-09,7,2,5
2019-06-09,4,4,0
2019-06-09,5,2,3
2019-06-09,4,1,3
2019-06-09,0,0,0
2019-06-10,0,0,0
2019-06-10,2,1,1
2019-06-10,1,1,0
2019-06-10,0,0,0
2019-06-10,1,1,0
2019-06-10,1,0,1
2019-06-10,3,1,2
2019-06-10,9,0,9
2019-06-10,19,7,12
2019-06-10,8,3,5
2019-06-10,12,9,3
2019-06-10,6,3,3
2019-06-10,7,6,1
2019-06-10,8,7,1
2019-06-10,16,2,14
2019-06-10,11,6,5
2019-06-10,9,5,4
2019-06-10,14,7,7
2019-06-10,11,6,5
2019-06-10,20,13,7
2019-06-10,6,4,2
2019-06-10,2,1,1
2019-06-10,4,0,4
2019-06-10,0,0,0
2019-06-11,1,0,1
2019-06-11,0,0,0
2019-06-11,2,1,1
2019-06-11,1,1,0
2019-06-11,0,0,0
2019-06-11,0,0,0
2019-06-11,4,0,4
2019-06-11,6,1,5
2019-06-11,11,4,7
2019-06-11,5,2,3
2019-06-11,7,3,4
2019-06-11,11,6,5
2019-06-11,6,5,1
2019-06-11,3,1,2
2019-06-11,8,3,5
2019-06-11,15,5,10
2019-06-11,11,5,6
2019-06-11,16,9,7
2019-06-11,17,8,9
2019-06-11,14,4,10
2019-06-11,9,0,9
2019-06-11,11,5,6
2019-06-11,4,1,3
2019-06-11,3,2,1
2019-06-12,0,0,0
2019-06-12,0,0,0
2019-06-12,0,0,0
2019-06-12,0,0,0
2019-06-12,0,0,0
2019-06-12,0,0,0
2019-06-12,4,1,3
2019-06-12,10,2,8
2019-06-12,11,5,6
2019-06-12,3,2,1
2019-06-12,8,6,2
2019-06-12,6,2,4
2019-06-12,9,5,4
2019-06-12,2,2,0
2019-06-12,4,1,3
2019-06-12,11,4,7
2019-06-12,8,4,4
2019-06-12,22,12,10
2019-06-12,21,10,11
2019-06-12,18,7,11
2019-06-12,18,5,13
2019-06-12,14,4,10
2019-06-12,4,1,3
2019-06-12,0,0,0
2019-06-13,0,0,0
2019-06-13,0,0,0
2019-06-13,0,0,0
2019-06-13,0,0,0
2019-06-13,0,0,0
2019-06-13,0,0,0
2019-06-13,3,2,1
2019-06-13,7,1,6
2019-06-13,11,2,9
2019-06-13,9,5,4
2019-06-13,5,2,3
2019-06-13,8,6,2
2019-06-13,7,4,3
2019-06-13,9,5,4
2019-06-13,11,4,7
2019-06-13,8,3,5
2019-06-13,10,6,4
2019-06-13,15,9,6
2019-06-13,13,8,5
2019-06-13,9,2,7
2019-06-13,12,6,6
2019-06-13,7,3,4
2019-06-13,5,2,3
2019-06-13,2,2,0
2019-06-14,1,0,1
2019-06-14,1,0,1
2019-06-14,0,0,0
2019-06-14,0,0,0
2019-06-14,0,0,0
2019-06-14,0,0,0
2019-06-14,1,1,0
2019-06-14,5,0,5
2019-06-14,5,3,2
2019-06-14,9,5,4
2019-06-14,8,3,5
2019-06-14,7,5,2
2019-06-14,10,3,7
2019-06-14,5,2,3
2019-06-14,7,4,3
2019-06-14,8,2,6
2019-06-14,14,9,5
2019-06-14,10,2,8
2019-06-14,11,6,5
2019-06-14,11,4,7
2019-06-14,4,0,4
2019-06-14,11,2,9
2019-06-14,0,0,0
2019-06-14,6,1,5
2019-06-15,1,0,1
2019-06-15,0,0,0
2019-06-15,0,0,0
2019-06-15,0,0,0
2019-06-15,0,0,0
2019-06-15,0,0,0
2019-06-15,2,0,2
2019-06-15,0,0,0
2019-06-15,6,2,4
2019-06-15,9,6,3
2019-06-15,14,5,9
2019-06-15,6,3,3
2019-06-15,14,5,9
2019-06-15,20,8,12
2019-06-15,12,3,9
2019-06-15,23,14,9
2019-06-15,11,4,7
2019-06-15,16,7,9
2019-06-15,14,10,4
2019-06-15,15,2,13
2019-06-15,8,4,4
2019-06-15,10,4,6
2019-06-15,3,0,3
2019-06-15,1,1,0
2019-06-16,2,2,0
2019-06-16,2,1,1
2019-06-16,0,0,0
2019-06-16,0,0,0
2019-06-16,1,1,0
2019-06-16,0,0,0
2019-06-16,0,0,0
2019-06-16,2,0,2
2019-06-16,5,4,1
2019-06-16,5,3,2
2019-06-16,18,11,7
2019-06-16,26,13,13
2019-06-16,14,5,9
2019-06-16,14,8,6
2019-06-16,11,4,7
2019-06-16,18,7,11
2019-06-16,19,8,11
2019-06-16,18,11,7
2019-06-16,8,2,6
2019-06-16,12,4,8
2019-06-16,9,5,4
2019-06-16,4,4,0
2019-06-16,3,0,3
2019-06-16,2,0,2
2019-06-17,0,0,0
2019-06-17,0,0,0
2019-06-17,0,0,0
2019-06-17,1,0,1
2019-06-17,1,1,0
2019-06-17,0,0,0
2019-06-17,3,0,3
2019-06-17,4,0,4
2019-06-17,16,7,9
2019-06-17,8,5,3
2019-06-17,9,4,5
2019-06-17,2,2,0
2019-06-17,6,3,3
2019-06-17,12,7,5
2019-06-17,10,8,2
2019-06-17,5,3,2
2019-06-17,7,4,3
2019-06-17,14,6,8
2019-06-17,12,8,4
2019-06-17,11,4,7
2019-06-17,8,3,5
2019-06-17,8,7,1
2019-06-17,3,1,2
2019-06-17,3,0,3
2019-06-18,1,0,1
2019-06-18,2,1,1
2019-06-18,0,0,0
2019-06-18,0,0,0
2019-06-18,0,0,0
2019-06-18,0,0,0
2019-06-18,2,2,0
2019-06-18,5,0,5
2019-06-18,7,2,5
2019-06-18,8,4,4
2019-06-18,13,2,11
2019-06-18,6,5,1
2019-06-18,6,3,3
2019-06-18,2,1,1
2019-06-18,4,2,2
2019-06-18,8,2,6
2019-06-18,7,3,4
2019-06-18,15,9,6
2019-06-18,12,7,5
2019-06-18,11,6,5
2019-06-18,7,2,5
2019-06-18,3,1,2
2019-06-18,3,0,3
2019-06-18,1,0,1
2019-06-19,1,0,1
2019-06-19,1,0,1
2019-06-19,0,0,0
2019-06-19,0,0,0
2019-06-19,0,0,0
2019-06-19,1,1,0
2019-06-19,4,1,3
2019-06-19,7,2,5
2019-06-19,6,0,6
2019-06-19,6,3,3
2019-06-19,6,5,1
2019-06-19,9,3,6
2019-06-19,6,4,2
2019-06-19,4,3,1
2019-06-19,10,5,5
2019-06-19,5,1,4
2019-06-19,4,1,3
2019-06-19,18,9,9
2019-06-19,14,11,3
2019-06-19,9,3,6
2019-06-19,8,2,6
2019-06-19,1,1,0
2019-06-19,1,1,0
2019-06-19,0,0,0
2019-06-20,1,0,1
2019-06-20,1,0,1
2019-06-20,0,0,0
2019-06-20,0,0,0
2019-06-20,0,0,0
2019-06-20,0,0,0
2019-06-20,3,2,1
2019-06-20,10,2,8
2019-06-20,9,5,4
2019-06-20,7,5,2
2019-06-20,4,3,1
2019-06-20,6,4,2
2019-06-20,10,7,3
2019-06-20,7,6,1
2019-06-20,11,3,8
2019-06-20,9,5,4
2019-06-20,9,3,6
2019-06-20,19,13,6
2019-06-20,10,5,5
2019-06-20,10,2,8
2019-06-20,8,3,5
2019-06-20,6,2,4
2019-06-20,3,2,1
2019-06-20,1,0,1
2019-06-21,0,0,0
2019-06-21,0,0,0
2019-06-21,1,0,1
2019-06-21,0,0,0
2019-06-21,0,0,0
2019-06-21,0,0,0
2019-06-21,1,1,0
2019-06-21,2,0,2
2019-06-21,7,3,4
2019-06-21,7,4,3
2019-06-21,4,4,0
2019-06-21,10,5,5
2019-06-21,10,4,6
2019-06-21,10,6,4
2019-06-21,8,3,5
2019-06-21,11,5,6
2019-06-21,27,15,12
2019-06-21,11,6,5
2019-06-21,22,12,10
2019-06-21,15,10,5
2019-06-21,13,5,8
2019-06-21,5,2,3
2019-06-21,4,1,3
2019-06-21,8,0,8
2019-06-22,0,0,0
2019-06-22,0,0,0
2019-06-22,0,0,0
2019-06-22,0,0,0
2019-06-22,1,0,1
2019-06-22,0,0,0
2019-06-22,0,0,0
2019-06-22,2,1,1
2019-06-22,4,4,0
2019-06-22,16,11,5
2019-06-22,18,6,12
2019-06-22,18,11,7
2019-06-22,14,5,9
2019-06-22,8,5,3
2019-06-22,11,7,4
2019-06-22,18,6,12
2019-06-22,24,15,9
2019-06-22,16,7,9
2019-06-22,4,1,3
2019-06-22,6,2,4
2019-06-22,11,4,7
2019-06-22,3,1,2
2019-06-22,2,0,2
2019-06-22,0,0,0
2019-06-23,1,0,1
2019-06-23,0,0,0
2019-06-23,0,0,0
2019-06-23,0,0,0
2019-06-23,0,0,0
2019-06-23,0,0,0
2019-06-23,0,0,0
2019-06-23,2,0,2
2019-06-23,3,2,1
2019-06-23,6,3,3
2019-06-23,6,5,1
2019-06-23,11,6,5
2019-06-23,10,3,7
2019-06-23,14,7,7
2019-06-23,9,6,3
2019-06-23,17,9,8
2019-06-23,12,7,5
2019-06-23,11,7,4
2019-06-23,5,3,2
2019-06-23,1,1,0
2019-06-23,2,0,2
2019-06-23,1,0,1
2019-06-23,2,0,2
2019-06-23,0,0,0
2019-06-24,4,2,2
2019-06-24,1,0,1
2019-06-24,0,0,0
2019-06-24,0,0,0
2019-06-24,0,0,0
2019-06-24,1,0,1
2019-06-24,5,3,2
2019-06-24,10,1,9
2019-06-24,5,3,2
2019-06-24,10,5,5
2019-06-24,5,3,2
2019-06-24,4,4,0
2019-06-24,6,3,3
2019-06-24,4,3,1
2019-06-24,6,4,2
2019-06-24,11,7,4
2019-06-24,10,2,8
2019-06-24,18,8,10
2019-06-24,9,4,5
2019-06-24,13,6,7
2019-06-24,13,4,9
2019-06-24,5,5,0
2019-06-24,3,1,2
2019-06-24,1,1,0
2019-06-25,0,0,0
2019-06-25,0,0,0
2019-06-25,0,0,0
2019-06-25,0,0,0
2019-06-25,0,0,0
2019-06-25,1,1,0
2019-06-25,5,2,3
2019-06-25,8,1,7
2019-06-25,8,2,6
2019-06-25,11,7,4
2019-06-25,8,3,5
2019-06-25,4,2,2
2019-06-25,11,9,2
2019-06-25,4,1,3
2019-06-25,12,3,9
2019-06-25,14,6,8
2019-06-25,16,10,6
2019-06-25,9,5,4
2019-06-25,16,3,13
2019-06-25,12,11,1
2019-06-25,6,0,6
2019-06-25,5,1,4
2019-06-25,2,2,0
2019-06-25,0,0,0
2019-06-26,1,0,1
2019-06-26,0,0,0
2019-06-26,1,1,0
2019-06-26,0,0,0
2019-06-26,4,2,2
2019-06-26,0,0,0
2019-06-26,4,2,2
2019-06-26,6,0,6
2019-06-26,9,5,4
2019-06-26,3,2,1
2019-06-26,3,1,2
2019-06-26,8,1,7
2019-06-26,3,2,1
2019-06-26,2,1,1
2019-06-26,9,4,5
2019-06-26,8,2,6
2019-06-26,3,2,1
2019-06-26,9,5,4
2019-06-26,10,5,5
2019-06-26,10,7,3
2019-06-26,7,4,3
2019-06-26,7,3,4
2019-06-26,3,2,1
2019-06-26,0,0,0
2019-06-27,1,1,0
2019-06-27,0,0,0
2019-06-27,0,0,0
2019-06-27,0,0,0
2019-06-27,0,0,0
2019-06-27,1,0,1
2019-06-27,5,3,2
2019-06-27,4,0,4
2019-06-27,7,3,4
2019-06-27,9,5,4
2019-06-27,8,2,6
2019-06-27,8,6,2
2019-06-27,3,1,2
2019-06-27,8,4,4
2019-06-27,7,2,5
2019-06-27,12,4,8
2019-06-27,10,3,7
2019-06-27,9,5,4
2019-06-27,7,4,3
2019-06-27,12,4,8
2019-06-27,8,1,7
2019-06-27,5,0,5
2019-06-27,3,0,3
2019-06-27,1,1,0
2019-06-28,0,0,0
2019-06-28,1,0,1
2019-06-28,0,0,0
2019-06-28,0,0,0
2019-06-28,0,0,0
2019-06-28,0,0,0
2019-06-28,2,1,1
2019-06-28,10,3,7
2019-06-28,11,5,6
2019-06-28,7,4,3
2019-06-28,7,5,2
2019-06-28,3,0,3
2019-06-28,9,8,1
2019-06-28,7,5,2
2019-06-28,7,1,6
2019-06-28,6,4,2
2019-06-28,6,2,4
2019-06-28,18,8,10
2019-06-28,7,3,4
2019-06-28,9,7,2
2019-06-28,4,1,3
2019-06-28,2,0,2
2019-06-28,2,1,1
2019-06-28,2,2,0
2019-06-29,0,0,0
2019-06-29,1,1,0
2019-06-29,0,0,0
2019-06-29,0,0,0
2019-06-29,1,0,1
2019-06-29,1,0,1
2019-06-29,2,0,2
2019-06-29,0,0,0
2019-06-29,4,2,2
2019-06-29,6,4,2
2019-06-29,11,6,5
2019-06-29,14,6,8
2019-06-29,13,5,8
2019-06-29,9,3,6
2019-06-29,12,9,3
2019-06-29,9,4,5
2019-06-29,12,5,7
2019-06-29,7,0,7
2019-06-29,12,8,4
2019-06-29,7,2,5
2019-06-29,8,2,6
2019-06-29,4,2,2
2019-06-29,1,1,0
2019-06-29,1,0,1
2019-06-30,0,0,0
2019-06-30,4,2,2
2019-06-30,1,0,1
2019-06-30,0,0,0
2019-06-30,0,0,0
2019-06-30,1,1,0
2019-06-30,0,0,0
2019-06-30,2,1,1
2019-06-30,10,6,4
2019-06-30,8,5,3
2019-06-30,10,7,3
2019-06-30,30,19,11
2019-06-30,16,8,8
2019-06-30,25,14,11
2019-06-30,20,7,13
2019-06-30,20,10,10
2019-06-30,12,6,6
2019-06-30,15,6,9
2019-06-30,10,3,7
2019-06-30,11,2,9
2019-06-30,5,1,4
2019-06-30,4,1,3
2019-06-30,3,1,2
2019-06-30,1,1,0
2019-08-06,0,0,0
2019-08-06,1,1,0
2019-08-06,3,2,1
2019-08-06,0,0,0
2019-08-06,0,0,0
2019-08-06,1,0,1
2019-08-06,6,3,3
2019-08-06,9,5,4
2019-08-06,15,7,8
2019-08-06,12,4,8
2019-08-06,10,4,6
2019-08-06,5,3,2
2019-08-06,11,4,7
2019-08-06,11,3,8
2019-08-06,15,8,7
2019-08-06,15,10,5
2019-08-06,11,4,7
2019-08-06,19,5,14
2019-08-06,21,6,15
2019-08-06,32,15,17
2019-08-06,10,4,6
2019-08-06,7,5,2
2019-08-06,4,1,3
2019-08-06,4,3,1
2019-08-07,0,0,0
2019-08-07,0,0,0
2019-08-07,1,1,0
2019-08-07,0,0,0
2019-08-07,0,0,0
2019-08-07,1,1,0
2019-08-07,5,4,1
2019-08-07,3,3,0
2019-08-07,14,10,4
2019-08-07,4,2,2
2019-08-07,4,2,2
2019-08-07,2,0,2
2019-08-07,6,0,6
2019-08-07,5,1,4
2019-08-07,12,7,5
2019-08-07,9,4,5
2019-08-07,13,8,5
2019-08-07,17,8,9
2019-08-07,21,10,11
2019-08-07,14,7,7
2019-08-07,13,4,9
2019-08-07,10,8,2
2019-08-07,2,2,0
2019-08-07,0,0,0
2019-08-08,3,0,3
2019-08-08,1,1,0
2019-08-08,0,0,0
2019-08-08,1,1,0
2019-08-08,0,0,0
2019-08-08,0,0,0
2019-08-08,2,2,0
2019-08-08,3,2,1
2019-08-08,7,5,2
2019-08-08,5,2,3
2019-08-08,11,6,5
2019-08-08,3,1,2
2019-08-08,7,3,4
2019-08-08,8,4,4
2019-08-08,5,2,3
2019-08-08,6,5,1
2019-08-08,15,6,9
2019-08-08,11,3,8
2019-08-08,16,8,8
2019-08-08,18,10,8
2019-08-08,11,2,9
2019-08-08,1,0,1
2019-08-08,1,1,0
2019-08-08,0,0,0
2019-08-09,3,0,3
2019-08-09,0,0,0
2019-08-09,2,2,0
2019-08-09,0,0,0
2019-08-09,0,0,0
2019-08-09,0,0,0
2019-08-09,2,2,0
2019-08-09,4,3,1
2019-08-09,6,3,3
2019-08-09,5,3,2
2019-08-09,9,3,6
2019-08-09,9,3,6
2019-08-09,9,6,3
2019-08-09,13,5,8
2019-08-09,9,4,5
2019-08-09,10,5,5
2019-07-01,1,1,0
2019-07-01,1,1,0
2019-07-01,0,0,0
2019-07-01,0,0,0
2019-07-01,0,0,0
2019-07-01,1,0,1
2019-07-01,5,5,0
2019-07-01,12,4,8
2019-07-01,11,4,7
2019-07-01,4,1,3
2019-07-01,2,1,1
2019-07-01,8,3,5
2019-07-01,8,3,5
2019-07-01,7,1,6
2019-07-01,15,8,7
2019-07-01,13,7,6
2019-07-01,11,1,10
2019-07-01,27,12,15
2019-07-01,14,6,8
2019-07-01,4,2,2
2019-07-01,9,2,7
2019-07-01,7,4,3
2019-07-01,3,1,2
2019-07-01,4,1,3
2019-07-02,0,0,0
2019-07-02,0,0,0
2019-07-02,0,0,0
2019-07-02,0,0,0
2019-07-02,0,0,0
2019-07-02,0,0,0
2019-07-02,1,1,0
2019-07-02,4,1,3
2019-07-02,7,4,3
2019-07-02,7,3,4
2019-07-02,3,1,2
2019-07-02,3,2,1
2019-07-02,5,2,3
2019-07-02,1,1,0
2019-07-02,5,3,2
2019-07-02,3,0,3
2019-07-02,3,0,3
2019-07-02,8,3,5
2019-07-02,5,3,2
2019-07-02,5,1,4
2019-07-02,4,2,2
2019-07-02,0,0,0
2019-07-02,2,1,1
2019-07-02,1,1,0
2019-07-03,4,1,3
2019-07-03,1,1,0
2019-07-03,0,0,0
2019-07-03,1,0,1
2019-07-03,1,0,1
2019-07-03,1,1,0
2019-07-03,3,2,1
2019-07-03,3,0,3
2019-07-03,6,3,3
2019-07-03,,,
2019-07-03,5,2,3
2019-07-03,8,6,2
2019-07-03,6,4,2
2019-07-03,3,0,3
2019-07-03,3,0,3
2019-07-03,7,5,2
2019-07-03,13,6,7
2019-07-03,7,4,3
2019-07-03,10,7,3
2019-07-03,6,3,3
2019-07-03,6,2,4
2019-07-03,7,4,3
2019-07-03,4,1,3
2019-07-03,2,1,1
2019-07-04,1,0,1
2019-07-04,5,2,3
2019-07-04,0,0,0
2019-07-04,0,0,0
2019-07-04,1,1,0
2019-07-04,0,0,0
2019-07-04,1,1,0
2019-07-04,0,0,0
2019-07-04,1,0,1
2019-07-04,8,1,7
2019-07-04,6,2,4
2019-07-04,7,2,5
2019-07-04,11,4,7
2019-07-04,20,12,8
2019-07-04,7,4,3
2019-07-04,7,1,6
2019-07-04,9,3,6
2019-07-04,13,4,9
2019-07-04,9,3,6
2019-07-04,6,2,4
2019-07-04,6,5,1
2019-07-04,5,1,4
2019-07-04,1,1,0
2019-07-04,2,2,0
2019-07-05,1,0,1
2019-07-05,2,1,1
2019-07-05,1,0,1
2019-07-05,0,0,0
2019-07-05,0,0,0
2019-07-05,0,0,0
2019-07-05,1,1,0
2019-07-05,1,0,1
2019-07-05,4,2,2
2019-07-05,4,0,4
2019-07-05,8,4,4
2019-07-05,5,1,4
2019-07-05,14,8,6
2019-07-05,12,7,5
2019-07-05,5,3,2
2019-07-05,9,6,3
2019-07-05,14,9,5
2019-07-05,8,5,3
2019-07-05,1,1,0
2019-07-05,6,2,4
2019-07-05,5,2,3
2019-07-05,3,0,3
2019-07-05,5,0,5
2019-07-05,0,0,0
2019-07-06,1,0,1
2019-07-06,0,0,0
2019-07-06,2,1,1
2019-07-06,1,1,0
2019-07-06,0,0,0
2019-07-06,0,0,0
2019-07-06,0,0,0
2019-07-06,0,0,0
2019-07-06,0,0,0
2019-07-06,5,2,3
2019-07-06,13,6,7
2019-07-06,5,0,5
2019-07-06,7,3,4
2019-07-06,12,4,8
2019-07-06,12,5,7
2019-07-06,8,2,6
2019-07-06,7,3,4
2019-07-06,8,1,7
2019-07-06,3,2,1
2019-07-06,3,2,1
2019-07-06,6,4,2
2019-07-06,1,0,1
2019-07-06,4,1,3
2019-07-06,4,1,3
2019-07-07,1,1,0
2019-07-07,0,0,0
2019-07-07,2,0,2
2019-07-07,0,0,0
2019-07-07,0,0,0
2019-07-07,1,0,1
2019-07-07,0,0,0
2019-07-07,0,0,0
2019-07-07,3,1,2
2019-07-07,1,0,1
2019-07-07,13,6,7
2019-07-07,9,3,6
2019-07-07,21,13,8
2019-07-07,16,8,8
2019-07-07,18,7,11
2019-07-07,13,10,3
2019-07-07,14,9,5
2019-07-07,6,2,4
2019-07-07,6,2,4
2019-07-07,5,1,4
2019-07-07,1,0,1
2019-07-07,3,1,2
2019-07-07,1,0,1
2019-07-07,2,2,0
2019-07-08,0,0,0
2019-07-08,0,0,0
2019-07-08,1,0,1
2019-07-08,0,0,0
2019-07-08,0,0,0
2019-07-08,0,0,0
2019-07-08,5,1,4
2019-07-08,9,1,8
2019-07-08,7,4,3
2019-07-08,4,0,4
2019-07-08,2,1,1
2019-07-08,9,8,1
2019-07-08,13,4,9
2019-07-08,4,1,3
2019-07-08,7,5,2
2019-07-08,5,1,4
2019-07-08,10,2,8
2019-07-08,19,10,9
2019-07-08,8,3,5
2019-07-08,15,6,9
2019-07-08,4,0,4
2019-07-08,1,0,1
2019-07-08,1,1,0
2019-07-08,2,0,2
2019-07-09,0,0,0
2019-07-09,1,0,1
2019-07-09,0,0,0
2019-07-09,0,0,0
2019-07-09,0,0,0
2019-07-09,1,1,0
2019-07-09,3,1,2
2019-07-09,7,2,5
2019-07-09,4,2,2
2019-07-09,9,3,6
2019-07-09,4,3,1
2019-07-09,8,2,6
2019-07-09,7,3,4
2019-07-09,11,5,6
2019-07-09,10,5,5
2019-07-09,7,2,5
2019-07-09,6,4,2
2019-07-09,11,6,5
2019-07-09,11,7,4
2019-07-09,13,5,8
2019-07-09,2,1,1
2019-07-09,2,1,1
2019-07-09,5,3,2
2019-07-09,0,0,0
2019-07-10,0,0,0
2019-07-10,0,0,0
2019-07-10,0,0,0
2019-07-10,0,0,0
2019-07-10,0,0,0
2019-07-10,0,0,0
2019-07-10,2,1,1
2019-07-10,4,0,4
2019-07-10,6,3,3
2019-07-10,3,2,1
2019-07-10,2,1,1
2019-07-10,8,7,1
2019-07-10,3,2,1
2019-07-10,8,4,4
2019-07-10,3,1,2
2019-07-10,6,1,5
2019-07-10,6,4,2
2019-07-10,13,7,6
2019-07-10,10,5,5
2019-07-10,17,7,10
2019-07-10,7,2,5
2019-07-10,9,2,7
2019-07-10,2,1,1
2019-07-10,2,0,2
2019-07-11,0,0,0
2019-07-11,1,0,1
2019-07-11,0,0,0
2019-07-11,1,1,0
2019-07-11,0,0,0
2019-07-11,1,1,0
2019-07-11,4,0,4
2019-07-11,8,1,7
2019-07-11,8,2,6
2019-07-11,4,2,2
2019-07-11,5,4,1
2019-07-11,10,3,7
2019-07-11,11,3,8
2019-07-11,7,4,3
2019-07-11,8,6,2
2019-07-11,11,2,9
2019-07-11,4,3,1
2019-07-11,13,4,9
2019-07-11,11,8,3
2019-07-11,11,3,8
2019-07-11,19,11,8
2019-07-11,9,3,6
2019-07-11,1,1,0
2019-07-11,4,0,4
2019-07-12,2,1,1
2019-07-12,1,0,1
2019-07-12,0,0,0
2019-07-12,0,0,0
2019-07-12,3,2,1
2019-07-12,0,0,0
2019-07-12,1,0,1
2019-07-12,3,1,2
2019-07-12,10,3,7
2019-07-12,4,1,3
2019-07-12,4,3,1
2019-07-12,11,3,8
2019-07-12,7,1,6
2019-07-12,12,5,7
2019-07-12,5,4,1
2019-07-12,3,1,2
2019-07-12,11,6,5
2019-07-12,21,10,11
2019-07-12,17,6,11
2019-07-12,16,6,10
2019-07-12,18,9,9
2019-07-12,3,1,2
2019-07-12,8,3,5
2019-07-12,3,1,2
2019-07-13,3,1,2
2019-07-13,3,1,2
2019-07-13,1,1,0
2019-07-13,0,0,0
2019-07-13,1,0,1
2019-07-13,0,0,0
2019-07-13,1,1,0
2019-07-13,2,0,2
2019-07-13,8,4,4
2019-07-13,13,9,4
2019-07-13,15,11,4
2019-07-13,14,12,2
2019-07-13,29,15,14
2019-07-13,23,14,9
2019-07-13,26,17,9
2019-07-13,28,14,14
2019-07-13,19,9,10
2019-07-13,33,23,10
2019-07-13,20,9,11
2019-07-13,15,5,10
2019-07-13,15,8,7
2019-07-13,12,1,11
2019-07-13,10,1,9
2019-07-13,8,0,8
2019-07-14,2,1,1
2019-07-14,0,0,0
2019-07-14,2,0,2
2019-07-14,1,1,0
2019-07-14,0,0,0
2019-07-14,0,0,0
2019-07-14,0,0,0
2019-07-14,2,1,1
2019-07-14,5,1,4
2019-07-14,13,8,5
2019-07-14,10,5,5
2019-07-14,24,19,5
2019-07-14,19,15,4
2019-07-14,28,15,13
2019-07-14,27,20,7
2019-07-14,21,11,10
2019-07-14,22,9,13
2019-07-14,18,4,14
2019-07-14,12,4,8
2019-07-14,14,8,6
2019-07-14,12,3,9
2019-07-14,6,4,2
2019-07-14,2,1,1
2019-07-14,0,0,0
2019-07-15,0,0,0
2019-07-15,1,0,1
2019-07-15,1,0,1
2019-07-15,0,0,0
2019-07-15,0,0,0
2019-07-15,0,0,0
2019-07-15,1,0,1
2019-07-15,8,2,6
2019-07-15,12,4,8
2019-07-15,7,5,2
2019-07-15,1,0,1
2019-07-15,6,5,1
2019-07-15,5,4,1
2019-07-15,5,2,3
2019-07-15,2,0,2
2019-07-15,6,2,4
2019-07-15,7,4,3
2019-07-15,17,9,8
2019-07-15,12,8,4
2019-07-15,15,5,10
2019-07-15,2,0,2
2019-07-15,6,3,3
2019-07-15,2,0,2
2019-07-15,0,0,0
2019-07-16,1,1,0
2019-07-16,0,0,0
2019-07-16,0,0,0
2019-07-16,1,1,0
2019-07-16,0,0,0
2019-07-16,0,0,0
2019-07-16,3,0,3
2019-07-16,9,3,6
2019-07-16,12,2,10
2019-07-16,8,4,4
2019-07-16,6,3,3
2019-07-16,13,5,8
2019-07-16,7,4,3
2019-07-16,7,2,5
2019-07-16,3,1,2
2019-07-16,15,11,4
2019-07-16,7,2,5
2019-07-16,11,6,5
2019-07-16,11,8,3
2019-07-16,11,4,7
2019-07-16,13,1,12
2019-07-16,9,3,6
2019-07-16,1,0,1
2019-07-16,0,0,0
2019-07-17,0,0,0
2019-07-17,2,0,2
2019-07-17,0,0,0
2019-07-17,0,0,0
2019-07-17,0,0,0
2019-07-17,0,0,0
2019-07-17,1,0,1
2019-07-17,7,2,5
2019-07-17,5,3,2
2019-07-17,1,1,0
2019-07-17,8,5,3
2019-07-17,5,3,2
2019-07-17,2,1,1
2019-07-17,5,5,0
2019-07-17,5,1,4
2019-07-17,8,5,3
2019-07-17,4,2,2
2019-07-17,5,4,1
2019-07-17,9,5,4
2019-07-17,14,4,10
2019-07-17,2,1,1
2019-07-17,3,2,1
2019-07-17,1,0,1
2019-07-17,0,0,0
2019-07-18,2,0,2
2019-07-18,0,0,0
2019-07-18,0,0,0
2019-07-18,0,0,0
2019-07-18,0,0,0
2019-07-18,1,1,0
2019-07-18,1,0,1
2019-07-18,6,1,5
2019-07-18,9,3,6
2019-07-18,4,3,1
2019-07-18,11,6,5
2019-07-18,5,4,1
2019-07-18,8,3,5
2019-07-18,7,4,3
2019-07-18,11,5,6
2019-07-18,15,4,11
2019-07-18,5,2,3
2019-07-18,15,9,6
2019-07-18,8,1,7
2019-07-18,7,4,3
2019-07-18,5,2,3
2019-07-18,1,0,1
2019-07-18,1,0,1
2019-07-18,0,0,0
2019-07-19,2,0,2
2019-07-19,2,2,0
2019-07-19,0,0,0
2019-07-19,0,0,0
2019-07-19,0,0,0
2019-07-19,0,0,0
2019-07-19,0,0,0
2019-07-19,4,0,4
2019-07-19,8,4,4
2019-07-19,10,3,7
2019-07-19,3,2,1
2019-07-19,8,5,3
2019-07-19,11,2,9
2019-07-19,14,7,7
2019-07-19,7,3,4
2019-07-19,8,4,4
2019-07-19,13,6,7
2019-07-19,16,4,12
2019-07-19,15,14,1
2019-07-19,10,3,7
2019-07-19,11,3,8
2019-07-19,4,2,2
2019-07-19,1,0,1
2019-07-19,1,0,1
2019-07-20,1,1,0
2019-07-20,0,0,0
2019-07-20,0,0,0
2019-07-20,1,1,0
2019-07-20,0,0,0
2019-07-20,0,0,0
2019-07-20,0,0,0
2019-07-20,0,0,0
2019-07-20,6,4,2
2019-07-20,8,6,2
2019-07-20,15,8,7
2019-07-20,26,12,14
2019-07-20,14,8,6
2019-07-20,17,10,7
2019-07-20,8,2,6
2019-07-20,22,12,10
2019-07-20,18,3,15
2019-07-20,8,3,5
2019-07-20,10,2,8
2019-07-20,10,6,4
2019-07-20,7,2,5
2019-07-20,3,1,2
2019-07-20,0,0,0
2019-07-20,4,0,4
2019-07-21,2,0,2
2019-07-21,0,0,0
2019-07-21,2,1,1
2019-07-21,1,1,0
2019-07-21,1,0,1
2019-07-21,1,1,0
2019-07-21,1,0,1
2019-07-21,2,1,1
2019-07-21,5,3,2
2019-07-21,7,2,5
2019-07-21,21,16,5
2019-07-21,15,3,12
2019-07-21,20,10,10
2019-07-21,9,5,4
2019-07-21,16,9,7
2019-07-21,10,3,7
2019-07-21,8,6,2
2019-07-21,14,6,8
2019-07-21,17,7,10
2019-07-21,11,5,6
2019-07-21,8,1,7
2019-07-21,1,0,1
2019-07-21,1,1,0
2019-07-21,1,1,0
2019-07-22,0,0,0
2019-07-22,0,0,0
2019-07-22,1,0,1
2019-07-22,0,0,0
2019-07-22,0,0,0
2019-07-22,1,1,0
2019-07-22,2,0,2
2019-07-22,8,0,8
2019-07-22,8,5,3
2019-07-22,16,8,8
2019-07-22,7,5,2
2019-07-22,13,9,4
2019-07-22,3,3,0
2019-07-22,0,0,0
2019-07-22,0,0,0
2019-07-22,0,0,0
2019-07-22,0,0,0
2019-07-22,0,0,0
2019-07-22,0,0,0
2019-07-22,0,0,0
2019-07-22,0,0,0
2019-07-22,0,0,0
2019-07-22,0,0,0
2019-07-22,0,0,0
2019-07-23,0,0,0
2019-07-23,0,0,0
2019-07-23,0,0,0
2019-07-23,0,0,0
2019-07-23,0,0,0
2019-07-23,0,0,0
2019-07-23,0,0,0
2019-07-23,0,0,0
2019-07-23,0,0,0
2019-07-23,0,0,0
2019-07-23,0,0,0
2019-07-23,0,0,0
2019-07-23,0,0,0
2019-07-23,0,0,0
2019-07-23,0,0,0
2019-07-23,0,0,0
2019-07-23,0,0,0
2019-07-23,0,0,0
2019-07-23,0,0,0
2019-07-23,0,0,0
2019-07-23,0,0,0
2019-07-23,0,0,0
2019-07-23,0,0,0
2019-07-23,0,0,0
2019-07-24,0,0,0
2019-07-24,0,0,0
2019-07-24,0,0,0
2019-07-24,0,0,0
2019-07-24,0,0,0
2019-07-24,0,0,0
2019-07-24,0,0,0
2019-07-24,0,0,0
2019-07-24,0,0,0
2019-07-24,0,0,0
2019-07-24,0,0,0
2019-07-24,0,0,0
2019-07-24,0,0,0
2019-07-24,0,0,0
2019-07-24,0,0,0
2019-07-24,0,0,0
2019-07-24,0,0,0
2019-07-24,0,0,0
2019-07-24,0,0,0
2019-07-24,0,0,0
2019-07-24,0,0,0
2019-07-24,0,0,0
2019-07-24,0,0,0
2019-07-24,0,0,0
2019-07-25,0,0,0
2019-07-25,0,0,0
2019-07-25,0,0,0
2019-07-25,0,0,0
2019-07-25,0,0,0
2019-07-25,0,0,0
2019-07-25,0,0,0
2019-07-25,0,0,0
2019-07-25,0,0,0
2019-07-25,0,0,0
2019-07-25,0,0,0
2019-07-25,0,0,0
2019-07-25,0,0,0
2019-07-25,0,0,0
2019-07-25,0,0,0
2019-07-25,0,0,0
2019-07-25,0,0,0
2019-07-25,0,0,0
2019-07-25,0,0,0
2019-07-25,0,0,0
2019-07-25,0,0,0
2019-07-25,0,0,0
2019-07-25,0,0,0
2019-07-25,0,0,0
2019-07-26,0,0,0
2019-07-26,0,0,0
2019-07-26,0,0,0
2019-07-26,0,0,0
2019-07-26,0,0,0
2019-07-26,0,0,0
2019-07-26,0,0,0
2019-07-26,0,0,0
2019-07-26,0,0,0
2019-07-26,0,0,0
2019-07-26,0,0,0
2019-07-26,0,0,0
2019-07-26,0,0,0
2019-07-26,0,0,0
2019-07-26,0,0,0
2019-07-26,0,0,0
2019-07-26,0,0,0
2019-07-26,0,0,0
2019-07-26,0,0,0
2019-07-26,0,0,0
2019-07-26,0,0,0
2019-07-26,0,0,0
2019-07-26,0,0,0
2019-07-26,0,0,0
2019-07-27,0,0,0
2019-07-27,0,0,0
2019-07-27,0,0,0
2019-07-27,0,0,0
2019-07-27,0,0,0
2019-07-27,0,0,0
2019-07-27,0,0,0
2019-07-27,0,0,0
2019-07-27,0,0,0
2019-07-27,0,0,0
2019-07-27,0,0,0
2019-07-27,0,0,0
2019-07-27,0,0,0
2019-07-27,0,0,0
2019-07-27,0,0,0
2019-07-27,0,0,0
2019-07-27,0,0,0
2019-07-27,0,0,0
2019-07-27,0,0,0
2019-07-27,0,0,0
2019-07-27,0,0,0
2019-07-27,0,0,0
2019-07-27,0,0,0
2019-07-27,0,0,0
2019-07-28,0,0,0
2019-07-28,0,0,0
2019-07-28,0,0,0
2019-07-28,0,0,0
2019-07-28,0,0,0
2019-07-28,0,0,0
2019-07-28,0,0,0
2019-07-28,0,0,0
2019-07-28,0,0,0
2019-07-28,0,0,0
2019-07-28,0,0,0
2019-07-28,0,0,0
2019-07-28,0,0,0
2019-07-28,0,0,0
2019-07-28,0,0,0
2019-07-28,1,0,1
2019-07-28,0,0,0
2019-07-28,0,0,0
2019-07-28,0,0,0
2019-07-28,0,0,0
2019-07-28,0,0,0
2019-07-28,0,0,0
2019-07-28,0,0,0
2019-07-28,0,0,0
2019-07-29,0,0,0
2019-07-29,0,0,0
2019-07-29,0,0,0
2019-07-29,0,0,0
2019-07-29,0,0,0
2019-07-29,0,0,0
2019-07-29,0,0,0
2019-07-29,0,0,0
2019-07-29,0,0,0
2019-07-29,0,0,0
2019-07-29,0,0,0
2019-07-29,0,0,0
2019-07-29,0,0,0
2019-07-29,0,0,0
2019-07-29,0,0,0
2019-07-29,0,0,0
2019-07-29,0,0,0
2019-07-29,0,0,0
2019-07-29,0,0,0
2019-07-29,0,0,0
2019-07-29,0,0,0
2019-07-29,0,0,0
2019-07-29,0,0,0
2019-07-29,0,0,0
2019-07-30,0,0,0
2019-07-30,0,0,0
2019-07-30,0,0,0
2019-07-30,0,0,0
2019-07-30,0,0,0
2019-07-30,0,0,0
2019-07-30,0,0,0
2019-07-30,0,0,0
2019-07-30,0,0,0
2019-07-30,0,0,0
2019-07-30,0,0,0
2019-07-30,0,0,0
2019-07-30,0,0,0
2019-07-30,0,0,0
2019-07-30,0,0,0
2019-07-30,0,0,0
2019-07-30,0,0,0
2019-07-30,0,0,0
2019-07-30,0,0,0
2019-07-30,0,0,0
2019-07-30,0,0,0
2019-07-30,0,0,0
2019-07-30,0,0,0
2019-07-30,0,0,0
2019-07-31,0,0,0
2019-07-31,0,0,0
2019-07-31,0,0,0
2019-07-31,0,0,0
2019-07-31,0,0,0
2019-07-31,0,0,0
2019-07-31,0,0,0
2019-07-31,0,0,0
2019-07-31,0,0,0
2019-07-31,0,0,0
2019-07-31,0,0,0
2019-07-31,0,0,0
2019-07-31,0,0,0
2019-07-31,0,0,0
2019-07-31,0,0,0
2019-07-31,0,0,0
2019-07-31,0,0,0
2019-07-31,0,0,0
2019-07-31,0,0,0
2019-07-31,0,0,0
2019-07-31,0,0,0
2019-07-31,0,0,0
2019-07-31,0,0,0
2019-07-31,0,0,0
2019-08-09,19,9,10
2019-08-09,14,7,7
2019-08-09,5,3,2
2019-08-09,9,5,4
2019-08-09,9,2,7
2019-08-09,4,1,3
2019-08-09,4,4,0
2019-08-09,0,0,0
2019-08-10,3,1,2
2019-08-10,1,0,1
2019-08-10,0,0,0
2019-08-10,0,0,0
2019-08-10,0,0,0
2019-08-10,0,0,0
2019-08-10,0,0,0
2019-08-10,0,0,0
2019-08-10,0,0,0
2019-08-10,2,1,1
2019-08-10,2,1,1
2019-08-10,1,0,1
2019-08-10,8,4,4
2019-08-10,4,1,3
2019-08-10,16,7,9
2019-08-10,10,3,7
2019-08-10,13,8,5
2019-08-10,22,10,12
2019-08-10,9,4,5
2019-08-10,9,1,8
2019-08-10,3,3,0
2019-08-10,2,1,1
2019-08-10,1,1,0
2019-08-10,2,0,2
2019-08-11,4,3,1
2019-08-11,0,0,0
2019-08-11,2,0,2
2019-08-11,1,1,0
2019-08-11,1,0,1
2019-08-11,0,0,0
2019-08-11,0,0,0
2019-08-11,0,0,0
2019-08-11,3,2,1
2019-08-11,4,0,4
2019-08-11,11,3,8
2019-08-11,18,12,6
2019-08-11,9,2,7
2019-08-11,12,3,9
2019-08-11,14,10,4
2019-08-11,17,9,8
2019-08-11,17,13,4
2019-08-11,5,2,3
2019-08-11,12,7,5
2019-08-11,5,3,2
2019-08-11,2,0,2
2019-08-11,0,0,0
2019-08-11,3,2,1
2019-08-11,0,0,0
2019-08-12,0,0,0
2019-08-12,0,0,0
2019-08-12,1,0,1
2019-08-12,2,1,1
2019-08-12,1,1,0
2019-08-12,1,1,0
2019-08-12,2,2,0
2019-08-12,8,7,1
2019-08-12,9,4,5
2019-08-12,8,4,4
2019-08-12,5,2,3
2019-08-12,4,2,2
2019-08-12,10,6,4
2019-08-12,5,3,2
2019-08-12,16,5,11
2019-08-12,15,9,6
2019-08-12,18,10,8
2019-08-12,20,6,14
2019-08-12,16,7,9
2019-08-12,12,3,9
2019-08-12,10,7,3
2019-08-12,6,3,3
2019-08-12,6,3,3
2019-08-12,2,1,1
2019-08-13,3,1,2
2019-08-13,1,0,1
2019-08-13,1,1,0
2019-08-13,2,0,2
2019-08-13,2,2,0
2019-08-13,1,1,0
2019-08-13,4,3,1
2019-08-13,16,9,7
2019-08-13,6,2,4
2019-08-13,3,1,2
2019-08-13,7,5,2
2019-08-13,7,4,3
2019-08-13,13,5,8
2019-08-13,8,3,5
2019-08-13,11,5,6
2019-08-13,8,5,3
2019-08-13,21,5,16
2019-08-13,16,6,10
2019-08-13,24,13,11
2019-08-13,9,4,5
2019-08-13,7,4,3
2019-08-13,8,4,4
2019-08-13,6,2,4
2019-08-13,1,0,1
2019-08-14,0,0,0
2019-08-14,0,0,0
2019-08-14,0,0,0
2019-08-14,0,0,0
2019-08-14,0,0,0
2019-08-14,1,1,0
2019-08-14,2,2,0
2019-08-14,16,9,7
2019-08-14,8,6,2
2019-08-14,5,3,2
2019-08-14,2,0,2
2019-08-14,10,6,4
2019-08-14,6,3,3
2019-08-14,5,2,3
2019-08-14,8,2,6
2019-08-14,7,1,6
2019-08-14,13,8,5
2019-08-14,14,2,12
2019-08-14,12,4,8
2019-08-14,10,6,4
2019-08-14,10,4,6
2019-08-14,10,9,1
2019-08-14,1,0,1
2019-08-14,0,0,0
2019-08-15,3,1,2
2019-08-15,0,0,0
2019-08-15,0,0,0
2019-08-15,1,0,1
2019-08-15,0,0,0
2019-08-15,4,4,0
2019-08-15,4,4,0
2019-08-15,6,3,3
2019-08-15,11,6,5
2019-08-15,13,10,3
2019-08-15,6,4,2
2019-08-15,6,1,5
2019-08-15,4,2,2
2019-08-15,9,5,4
2019-08-15,5,1,4
2019-08-15,9,5,4
2019-08-15,17,6,11
2019-08-15,24,11,13
2019-08-15,23,13,10
2019-08-15,16,7,9
2019-08-15,7,4,3
2019-08-15,4,2,2
2019-08-15,6,2,4
2019-08-15,0,0,0
2019-08-16,1,0,1
2019-08-16,1,0,1
2019-08-16,0,0,0
2019-08-16,0,0,0
2019-08-16,1,1,0
2019-08-16,2,2,0
2019-08-16,2,2,0
2019-08-16,7,6,1
2019-08-16,6,4,2
2019-08-16,12,6,6
2019-08-16,11,4,7
2019-08-16,10,2,8
2019-08-16,9,6,3
2019-08-16,8,4,4
2019-08-16,5,2,3
2019-08-16,9,3,6
2019-08-16,9,5,4
2019-08-16,15,4,11
2019-08-16,6,1,5
2019-08-16,8,3,5
2019-08-16,9,5,4
2019-08-16,3,2,1
2019-08-16,9,5,4
2019-08-16,1,1,0
2019-08-17,0,0,0
2019-08-17,1,0,1
2019-08-17,0,0,0
2019-08-17,1,1,0
2019-08-17,0,0,0
2019-08-17,1,1,0
2019-08-17,1,0,1
2019-08-17,1,1,0
2019-08-17,3,1,2
2019-08-17,10,6,4
2019-08-17,10,5,5
2019-08-17,9,4,5
2019-08-17,10,3,7
2019-08-17,24,12,12
2019-08-17,13,7,6
2019-08-17,19,9,10
2019-08-17,11,6,5
2019-08-17,16,9,7
2019-08-17,8,4,4
2019-08-17,6,3,3
2019-08-17,8,3,5
2019-08-17,5,2,3
2019-08-17,4,3,1
2019-08-17,1,1,0
2019-08-18,1,1,0
2019-08-18,1,0,1
2019-08-18,2,2,0
2019-08-18,1,0,1
2019-08-18,3,2,1
2019-08-18,0,0,0
2019-08-18,1,0,1
2019-08-18,2,2,0
2019-08-18,4,2,2
2019-08-18,6,3,3
2019-08-18,7,4,3
2019-08-18,9,5,4
2019-08-18,24,10,14
2019-08-18,20,6,14
2019-08-18,18,7,11
2019-08-18,11,8,3
2019-08-18,19,6,13
2019-08-18,18,9,9
2019-08-18,15,7,8
2019-08-18,10,6,4
2019-08-18,5,5,0
2019-08-18,1,1,0
2019-08-18,1,1,0
2019-08-18,0,0,0
2019-08-19,1,0,1
2019-08-19,0,0,0
2019-08-19,0,0,0
2019-08-19,2,1,1
2019-08-19,0,0,0
2019-08-19,0,0,0
2019-08-19,2,1,1
2019-08-19,10,8,2
2019-08-19,9,7,2
2019-08-19,15,6,9
2019-08-19,8,3,5
2019-08-19,4,1,3
2019-08-19,6,4,2
2019-08-19,9,4,5
2019-08-19,5,4,1
2019-08-19,4,2,2
2019-08-19,7,3,4
2019-08-19,18,10,8
2019-08-19,17,5,12
2019-08-19,10,4,6
2019-08-19,9,5,4
2019-08-19,4,1,3
2019-08-19,6,2,4
2019-08-19,3,0,3
2019-08-20,0,0,0
2019-08-20,0,0,0
2019-08-20,1,1,0
2019-08-20,0,0,0
2019-08-20,2,2,0
2019-08-20,2,1,1
2019-08-20,6,5,1
2019-08-20,9,4,5
2019-08-20,10,7,3
2019-08-20,11,5,6
2019-08-20,11,4,7
2019-08-20,16,10,6
2019-08-20,4,2,2
2019-08-20,8,4,4
2019-08-20,5,2,3
2019-08-20,8,2,6
2019-08-20,11,5,6
2019-08-20,16,4,12
2019-08-20,25,11,14
2019-08-20,11,5,6
2019-08-20,7,6,1
2019-08-20,1,1,0
2019-08-20,2,1,1
2019-08-20,1,0,1
2019-08-21,0,0,0
2019-08-21,2,2,0
2019-08-21,1,1,0
2019-08-21,1,1,0
2019-08-21,0,0,0
2019-08-21,2,1,1
2019-08-21,2,1,1
2019-08-21,3,2,1
2019-08-21,8,4,4
2019-08-21,3,1,2
2019-08-21,0,0,0
2019-08-21,6,0,6
2019-08-21,9,4,5
2019-08-21,8,5,3
2019-08-21,3,0,3
2019-08-21,5,4,1
2019-08-21,4,3,1
2019-08-21,9,2,7
2019-08-21,9,2,7
2019-08-21,5,3,2
2019-08-21,6,3,3
2019-08-21,4,4,0
2019-08-21,0,0,0
2019-08-21,2,0,2
2019-08-22,0,0,0
2019-08-22,0,0,0
2019-08-22,1,0,1
2019-08-22,1,0,1
2019-08-22,1,1,0
2019-08-22,1,1,0
2019-08-22,6,4,2
2019-08-22,8,5,3
2019-08-22,8,5,3
2019-08-22,10,5,5
2019-08-22,5,2,3
2019-08-22,6,3,3
2019-08-22,13,8,5
2019-08-22,15,14,1
2019-08-22,12,4,8
2019-08-22,5,5,0
2019-08-22,7,2,5
2019-08-22,21,12,9
2019-08-22,10,5,5
2019-08-22,12,5,7
2019-08-22,16,12,4
2019-08-22,9,5,4
2019-08-22,2,1,1
2019-08-22,1,0,1
2019-08-23,4,2,2
2019-08-23,3,3,0
2019-08-23,0,0,0
2019-08-23,1,0,1
2019-08-23,4,3,1
2019-08-23,0,0,0
2019-08-23,5,2,3
2019-08-23,15,9,6
2019-08-23,9,8,1
2019-08-23,9,5,4
2019-08-23,13,5,8
2019-08-23,9,3,6
2019-08-23,11,4,7
2019-08-23,9,7,2
2019-08-23,4,1,3
2019-08-23,5,2,3
2019-08-23,8,2,6
2019-08-23,20,2,18
2019-08-23,7,3,4
2019-08-23,6,4,2
2019-08-23,6,4,2
2019-08-23,2,2,0
2019-08-23,5,3,2
2019-08-23,3,0,3
2019-08-24,3,2,1
2019-08-24,0,0,0
2019-08-24,0,0,0
2019-08-24,2,1,1
2019-08-24,0,0,0
2019-08-24,2,1,1
2019-08-24,2,1,1
2019-08-24,3,1,2
2019-08-24,7,3,4
2019-08-24,12,4,8
2019-08-24,16,9,7
2019-08-24,11,4,7
2019-08-24,12,5,7
2019-08-24,20,9,11
2019-08-24,19,13,6
2019-08-24,16,9,7
2019-08-24,14,10,4
2019-08-24,8,4,4
2019-08-24,12,4,8
2019-08-24,5,3,2
2019-08-24,2,2,0
2019-08-24,2,1,1
2019-08-24,8,5,3
2019-08-24,1,0,1
2019-08-25,0,0,0
2019-08-25,2,0,2
2019-08-25,1,0,1
2019-08-25,1,1,0
2019-08-25,0,0,0
2019-08-25,0,0,0
2019-08-25,2,1,1
2019-08-25,1,0,1
2019-08-25,6,3,3
2019-08-25,6,2,4
2019-08-25,12,6,6
2019-08-25,25,7,18
2019-08-25,25,16,9
2019-08-25,22,10,12
2019-08-25,18,6,12
2019-08-25,12,12,0
2019-08-25,15,2,13
2019-08-25,14,10,4
2019-08-25,13,9,4
2019-08-25,18,12,6
2019-08-25,8,7,1
2019-08-25,1,0,1
2019-08-25,2,2,0
2019-08-25,0,0,0
2019-08-26,1,1,0
2019-08-26,2,1,1
2019-08-26,1,1,0
2019-08-26,2,1,1
2019-08-26,1,1,0
2019-08-26,1,0,1
2019-08-26,2,1,1
2019-08-26,6,6,0
2019-08-26,11,4,7
2019-08-26,5,2,3
2019-08-26,5,4,1
2019-08-26,8,2,6
2019-08-26,5,1,4
2019-08-26,7,4,3
2019-08-26,11,5,6
2019-08-26,7,1,6
2019-08-26,8,3,5
2019-08-26,21,6,15
2019-08-26,20,11,9
2019-08-26,15,6,9
2019-08-26,9,4,5
2019-08-26,7,4,3
2019-08-26,5,2,3
2019-08-26,1,0,1
2019-08-27,0,0,0
2019-08-27,2,1,1
2019-08-27,1,1,0
2019-08-27,0,0,0
2019-08-27,2,1,1
2019-08-27,1,0,1
2019-08-27,5,3,2
2019-08-27,9,5,4
2019-08-27,14,10,4
2019-08-27,12,7,5
2019-08-27,6,1,5
2019-08-27,3,0,3
2019-08-27,16,9,7
2019-08-27,9,6,3
2019-08-27,10,4,6
2019-08-27,10,7,3
2019-08-27,12,5,7
2019-08-27,22,11,11
2019-08-27,18,11,7
2019-08-27,8,5,3
2019-08-27,7,5,2
2019-08-27,5,2,3
2019-08-27,5,2,3
2019-08-27,1,1,0
2019-08-28,0,0,0
2019-08-28,0,0,0
2019-08-28,0,0,0
2019-08-28,3,2,1
2019-08-28,0,0,0
2019-08-28,1,0,1
2019-08-28,4,2,2
2019-08-28,8,5,3
2019-08-28,11,3,8
2019-08-28,8,6,2
2019-08-28,10,3,7
2019-08-28,15,8,7
2019-08-28,10,5,5
2019-08-28,5,3,2
2019-08-28,4,0,4
2019-08-28,3,1,2
2019-08-28,12,5,7
2019-08-28,11,6,5
2019-08-28,20,6,14
2019-08-28,17,5,12
2019-08-28,18,11,7
2019-08-28,7,4,3
2019-08-28,3,2,1
2019-08-28,2,1,1
2019-08-29,2,0,2
2019-08-29,1,0,1
2019-08-29,0,0,0
2019-08-29,3,2,1
2019-08-29,2,0,2
2019-08-29,0,0,0
2019-08-29,5,4,1
2019-08-29,3,2,1
2019-08-29,6,1,5
2019-08-29,7,3,4
2019-08-29,10,4,6
2019-08-29,10,6,4
2019-08-29,14,5,9
2019-08-29,10,8,2
2019-08-29,7,2,5
2019-08-29,8,2,6
2019-08-29,12,7,5
2019-08-29,15,5,10
2019-08-29,7,3,4
2019-08-29,9,5,4
2019-08-29,2,0,2
2019-08-29,4,2,2
2019-08-29,2,1,1
2019-08-29,0,0,0
2019-08-30,0,0,0
2019-08-30,1,0,1
2019-08-30,0,0,0
2019-08-30,0,0,0
2019-08-30,1,1,0
2019-08-30,0,0,0
2019-08-30,5,3,2
2019-08-30,2,0,2
2019-08-30,12,4,8
2019-08-30,9,2,7
2019-08-30,14,5,9
2019-08-30,11,8,3
2019-08-30,13,5,8
2019-08-30,10,5,5
2019-08-30,10,5,5
2019-08-30,15,6,9
2019-08-30,14,8,6
2019-08-30,21,8,13
2019-08-30,15,8,7
2019-08-30,8,6,2
2019-08-30,13,6,7
2019-08-30,4,2,2
2019-08-30,3,1,2
2019-08-30,4,0,4
2019-08-31,1,1,0
2019-08-31,1,0,1
2019-08-31,1,1,0
2019-08-31,2,2,0
2019-08-31,0,0,0
2019-08-31,0,0,0
2019-08-31,2,0,2
2019-08-31,1,1,0
2019-08-31,9,5,4
2019-08-31,10,4,6
2019-08-31,10,7,3
2019-08-31,12,6,6
2019-08-31,11,5,6
2019-08-31,11,2,9
2019-08-31,16,6,10
2019-08-31,16,8,8
2019-08-31,5,2,3
2019-08-31,13,8,5
2019-08-31,7,3,4
2019-08-31,9,3,6
2019-08-31,6,3,3
2019-08-31,6,4,2
2019-08-31,2,0,2
2019-08-31,0,0,0
2020-01-01,0,0,0
2020-01-01,0,0,0
2020-01-01,0,0,0
2020-01-01,1,0,1
2020-01-01,0,0,0
2020-01-01,0,0,0
2020-01-01,2,1,1
2020-01-01,3,2,1
2020-01-01,5,3,2
2020-01-01,3,2,1
2020-01-01,1,1,0
2020-01-01,2,1,1
2020-01-01,1,0,1
2020-01-01,3,1,2
2020-01-01,3,1,2
2020-01-01,4,2,2
2020-01-01,3,2,1
2020-01-01,4,2,2
2020-01-01,5,3,2
2020-01-01,3,3,0
2020-01-01,2,1,1
2020-01-01,1,1,0
2020-01-01,0,0,0
2020-01-01,0,0,0
2020-01-02,0,0,0
2020-01-02,0,0,0
2020-01-02,0,0,0
2020-01-02,0,0,0
2020-01-02,0,0,0
2020-01-02,0,0,0
2020-01-02,1,1,0
2020-01-02,5,4,1
2020-01-02,9,5,4
2020-01-02,7,3,4
2020-01-02,5,2,3
2020-01-02,6,3,3
2020-01-02,4,2,2
2020-01-02,4,2,2
2020-01-02,4,2,2
2020-01-02,5,2,3
2020-01-02,6,3,3
2020-01-02,5,1,4
2020-01-02,7,3,4
2020-01-02,4,2,2
2020-01-02,1,1,0
2020-01-02,1,1,0
2020-01-02,0,0,0
2020-01-02,2,1,1
2020-01-03,0,0,0
2020-01-03,0,0,0
2020-01-03,0,0,0
2020-01-03,0,0,0
2020-01-03,0,0,0
2020-01-03,0,0,0
2020-01-03,0,0,0
2020-01-03,3,2,1
2020-01-03,7,5,2
2020-01-03,2,1,1
2020-01-03,3,1,2
2020-01-03,4,3,1
2020-01-03,4,3,1
2020-01-03,2,1,1
2020-01-03,2,1,1
2020-01-03,4,3,1
2020-01-03,2,2,0
2020-01-03,4,3,1
2020-01-03,5,4,1
2020-01-03,3,3,0
2020-01-03,2,2,0
2020-01-03,2,2,0
2020-01-03,2,2,0
2020-01-03,1,1,0
2020-01-04,1,1,0
2020-01-04,1,1,0
2020-01-04,1,1,0
2020-01-04,0,0,0
2020-01-04,0,0,0
2020-01-04,0,0,0
2019-09-01,1,0,1
2019-09-01,1,0,1
2019-09-01,1,1,0
2019-09-01,0,0,0
2019-09-01,2,1,1
2019-09-01,2,1,1
2019-09-01,2,1,1
2019-09-01,1,0,1
2019-09-01,0,0,0
2019-09-01,8,1,7
2019-09-01,22,8,14
2019-09-01,19,12,7
2019-09-01,14,7,7
2019-09-01,26,3,23
2019-09-01,31,20,11
2019-09-01,5,2,3
2019-09-01,11,6,5
2019-09-01,13,7,6
2019-09-01,18,11,7
2019-09-01,11,6,5
2019-09-01,4,2,2
2019-09-01,4,3,1
2019-09-01,1,0,1
2019-09-01,2,0,2
2019-09-02,0,0,0
2019-09-02,0,0,0
2019-09-02,3,2,1
2019-09-02,0,0,0
2019-09-02,0,0,0
2019-09-02,0,0,0
2019-09-02,2,1,1
2019-09-02,1,0,1
2019-09-02,7,2,5
2019-09-02,2,1,1
2019-09-02,19,7,12
2019-09-02,9,3,6
2019-09-02,26,13,13
2019-09-02,16,7,9
2019-09-02,11,7,4
2019-09-02,12,8,4
2019-09-02,19,9,10
2019-09-02,9,3,6
2019-09-02,9,7,2
2019-09-02,10,4,6
2019-09-02,6,4,2
2019-09-02,3,2,1
2019-09-02,1,1,0
2019-09-02,0,0,0
2019-09-03,1,1,0
2019-09-03,0,0,0
2019-09-03,0,0,0
2019-09-03,0,0,0
2019-09-03,0,0,0
2019-09-03,0,0,0
2019-09-03,3,2,1
2019-09-03,5,4,1
2019-09-03,11,9,2
2019-09-03,13,5,8
2019-09-03,12,7,5
2019-09-03,5,3,2
2019-09-03,8,2,6
2019-09-03,12,5,7
2019-09-03,12,7,5
2019-09-03,10,6,4
2019-09-03,9,5,4
2019-09-03,16,8,8
2019-09-03,15,4,11
2019-09-03,13,7,6
2019-09-03,5,4,1
2019-09-03,3,1,2
2019-09-03,4,3,1
2019-09-03,1,0,1
2019-09-04,0,0,0
2019-09-04,2,1,1
2019-09-04,0,0,0
2019-09-04,2,2,0
2019-09-04,0,0,0
2019-09-04,0,0,0
2019-09-04,5,2,3
2019-09-04,4,4,0
2019-09-04,8,6,2
2019-09-04,5,2,3
2019-09-04,7,5,2
2019-09-04,4,2,2
2019-09-04,11,5,6
2019-09-04,8,4,4
2019-09-04,10,5,5
2019-09-04,13,8,5
2019-09-04,11,7,4
2019-09-04,14,3,11
2019-09-04,16,3,13
2019-09-04,14,8,6
2019-09-04,8,8,0
2019-09-04,1,1,0
2019-09-04,2,1,1
2019-09-04,1,0,1
2019-09-05,0,0,0
2019-09-05,2,2,0
2019-09-05,0,0,0
2019-09-05,0,0,0
2019-09-05,1,1,0
2019-09-05,2,0,2
2019-09-05,4,3,1
2019-09-05,6,4,2
2019-09-05,12,6,6
2019-09-05,13,8,5
2019-09-05,12,10,2
2019-09-05,5,4,1
2019-09-05,11,7,4
2019-09-05,4,3,1
2019-09-05,7,4,3
2019-09-05,6,1,5
2019-09-05,13,7,6
2019-09-05,20,9,11
2019-09-05,26,7,19
2019-09-05,19,11,8
2019-09-05,7,5,2
2019-09-05,1,1,0
2019-09-05,1,1,0
2019-09-05,0,0,0
2019-09-06,0,0,0
2019-09-06,1,1,0
2019-09-06,0,0,0
2019-09-06,0,0,0
2019-09-06,0,0,0
2019-09-06,0,0,0
2019-09-06,4,2,2
2019-09-06,4,3,1
2019-09-06,13,6,7
2019-09-06,4,2,2
2019-09-06,3,1,2
2019-09-06,11,6,5
2019-09-06,6,2,4
2019-09-06,12,7,5
2019-09-06,6,4,2
2019-09-06,12,3,9
2019-09-06,18,10,8
2019-09-06,23,12,11
2019-09-06,15,8,7
2019-09-06,15,4,11
2019-09-06,3,2,1
2019-09-06,3,3,0
2019-09-06,3,2,1
2019-09-06,1,1,0
2019-09-07,2,1,1
2019-09-07,1,0,1
2019-09-07,0,0,0
2019-09-07,0,0,0
2019-09-07,1,1,0
2019-09-07,0,0,0
2019-09-07,3,2,1
2019-09-07,0,0,0
2019-09-07,3,2,1
2019-09-07,8,5,3
2019-09-07,8,4,4
2019-09-07,10,4,6
2019-09-07,15,6,9
2019-09-07,19,13,6
2019-09-07,8,5,3
2019-09-07,13,5,8
2019-09-07,19,9,10
2019-09-07,9,2,7
2019-09-07,4,1,3
2019-09-07,12,7,5
2019-09-07,1,1,0
2019-09-07,1,0,1
2019-09-07,1,1,0
2019-09-07,1,0,1
2019-09-08,2,2,0
2019-09-08,0,0,0
2019-09-08,0,0,0
2019-09-08,0,0,0
2019-09-08,0,0,0
2019-09-08,0,0,0
2019-09-08,0,0,0
2019-09-08,5,3,2
2019-09-08,3,1,2
2019-09-08,6,2,4
2019-09-08,5,3,2
2019-09-08,11,5,6
2019-09-08,12,3,9
2019-09-08,12,4,8
2019-09-08,8,2,6
2019-09-08,7,4,3
2019-09-08,8,4,4
2019-09-08,12,7,5
2019-09-08,3,2,1
2019-09-08,2,1,1
2019-09-08,0,0,0
2019-09-08,1,1,0
2019-09-08,0,0,0
2019-09-08,1,1,0
2019-09-09,0,0,0
2019-09-09,0,0,0
2019-09-09,0,0,0
2019-09-09,0,0,0
2019-09-09,0,0,0
2019-09-09,1,1,0
2019-09-09,5,5,0
2019-09-09,10,5,5
2019-09-09,11,8,3
2019-09-09,6,3,3
2019-09-09,5,3,2
2019-09-09,6,3,3
2019-09-09,10,3,7
2019-09-09,3,2,1
2019-09-09,5,4,1
2019-09-09,6,3,3
2019-09-09,7,3,4
2019-09-09,12,7,5
2019-09-09,8,4,4
2019-09-09,6,1,5
2019-09-09,2,1,1
2019-09-09,7,4,3
2019-09-09,3,2,1
2019-09-09,1,1,0
2019-09-10,0,0,0
2019-09-10,0,0,0
2019-09-10,2,1,1
2019-09-10,0,0,0
2019-09-10,0,0,0
2019-09-10,1,0,1
2019-09-10,1,0,1
2019-09-10,3,1,2
2019-09-10,4,3,1
2019-09-10,1,1,0
2019-09-10,2,1,1
2019-09-10,5,2,3
2019-09-10,6,3,3
2019-09-10,2,2,0
2019-09-10,6,4,2
2019-09-10,10,6,4
2019-09-10,6,2,4
2019-09-10,11,4,7
2019-09-10,22,6,16
2019-09-10,11,9,2
2019-09-10,1,0,1
2019-09-10,4,4,0
2019-09-10,2,1,1
2019-09-10,4,1,3
2019-09-11,0,0,0
2019-09-11,0,0,0
2019-09-11,0,0,0
2019-09-11,0,0,0
2019-09-11,0,0,0
2019-09-11,1,0,1
2019-09-11,2,1,1
2019-09-11,15,9,6
2019-09-11,9,9,0
2019-09-11,8,4,4
2019-09-11,3,1,2
2019-09-11,3,1,2
2019-09-11,4,1,3
2019-09-11,6,1,5
2019-09-11,2,1,1
2019-09-11,1,1,0
2019-09-11,4,2,2
2019-09-11,26,5,21
2019-09-11,31,8,23
2019-09-11,9,5,4
2019-09-11,8,6,2
2019-09-11,4,2,2
2019-09-11,1,0,1
2019-09-11,3,1,2
2019-09-12,2,2,0
2019-09-12,1,1,0
2019-09-12,1,1,0
2019-09-12,0,0,0
2019-09-12,0,0,0
2019-09-12,0,0,0
2019-09-12,0,0,0
2019-09-12,8,1,7
2019-09-12,13,3,10
2019-09-12,21,2,19
2019-09-12,11,7,4
2019-09-12,15,5,10
2019-09-12,11,7,4
2019-09-12,10,0,10
2019-09-12,8,2,6
2019-09-12,10,2,8
2019-09-12,15,3,12
2019-09-12,10,2,8
2019-09-12,12,4,8
2019-09-12,12,5,7
2019-09-12,8,2,6
2019-09-12,6,1,5
2019-09-12,1,0,1
2019-09-12,3,0,3
2019-09-13,0,0,0
2019-09-13,1,1,0
2019-09-13,0,0,0
2019-09-13,0,0,0
2019-09-13,1,0,1
2019-09-13,1,0,1
2019-09-13,8,2,6
2019-09-13,6,3,3
2019-09-13,0,0,0
2019-09-13,0,0,0
2019-09-13,0,0,0
2019-09-13,0,0,0
2019-09-13,0,0,0
2019-09-13,0,0,0
2019-09-13,0,0,0
2019-09-13,0,0,0
2019-09-13,0,0,0
2019-09-13,0,0,0
2019-09-13,0,0,0
2019-09-13,0,0,0
2019-09-13,0,0,0
2019-09-13,0,0,0
2019-09-13,0,0,0
2019-09-13,0,0,0
2019-09-14,0,0,0
2019-09-14,0,0,0
2019-09-14,0,0,0
2019-09-14,0,0,0
2019-09-14,0,0,0
2019-09-14,0,0,0
2019-09-14,0,0,0
2019-09-14,0,0,0
2019-09-14,0,0,0
2019-09-14,0,0,0
2019-09-14,0,0,0
2019-09-14,0,0,0
2019-09-14,0,0,0
2019-09-14,0,0,0
2019-09-14,0,0,0
2019-09-14,0,0,0
2019-09-14,0,0,0
2019-09-14,0,0,0
2019-09-14,0,0,0
2019-09-14,0,0,0
2019-09-14,0,0,0
2019-09-14,0,0,0
2019-09-14,0,0,0
2019-09-14,0,0,0
2019-09-15,0,0,0
2019-09-15,0,0,0
2019-09-15,0,0,0
2019-09-15,0,0,0
2019-09-15,0,0,0
2019-09-15,0,0,0
2019-09-15,0,0,0
2019-09-15,0,0,0
2019-09-15,0,0,0
2019-09-15,0,0,0
2019-09-15,0,0,0
2019-09-15,0,0,0
2019-09-15,0,0,0
2019-09-15,0,0,0
2019-09-15,0,0,0
2019-09-15,0,0,0
2019-09-15,0,0,0
2019-09-15,0,0,0
2019-09-15,0,0,0
2019-09-15,0,0,0
2019-09-15,0,0,0
2019-09-15,0,0,0
2019-09-15,0,0,0
2019-09-15,0,0,0
2019-09-16,0,0,0
2019-09-16,0,0,0
2019-09-16,0,0,0
2019-09-16,0,0,0
2019-09-16,0,0,0
2019-09-16,0,0,0
2019-09-16,0,0,0
2019-09-16,0,0,0
2019-09-16,0,0,0
2019-09-16,0,0,0
2019-09-16,0,0,0
2019-09-16,0,0,0
2019-09-16,0,0,0
2019-09-16,0,0,0
2019-09-16,0,0,0
2019-09-16,0,0,0
2019-09-16,0,0,0
2019-09-16,0,0,0
2019-09-16,0,0,0
2019-09-16,0,0,0
2019-09-16,10,5,5
2019-09-16,2,1,1
2019-09-16,1,1,0
2019-09-16,0,0,0
2019-09-17,0,0,0
2019-09-17,0,0,0
2019-09-17,1,0,1
2019-09-17,1,1,0
2019-09-17,1,1,0
2019-09-17,0,0,0
2019-09-17,1,1,0
2019-09-17,10,6,4
2019-09-17,10,8,2
2019-09-17,5,2,3
2019-09-17,1,1,0
2019-09-17,2,1,1
2019-09-17,3,1,2
2019-09-17,2,0,2
2019-09-17,7,4,3
2019-09-17,4,1,3
2019-09-17,7,3,4
2019-09-17,8,2,6
2019-09-17,7,7,0
2019-09-17,4,2,2
2019-09-17,4,4,0
2019-09-17,3,2,1
2019-09-17,0,0,0
2019-09-17,0,0,0
2019-09-18,1,0,1
2019-09-18,0,0,0
2019-09-18,0,0,0
2019-09-18,0,0,0
2019-09-18,0,0,0
2019-09-18,0,0,0
2019-09-18,3,3,0
2019-09-18,8,6,2
2019-09-18,7,5,2
2019-09-18,7,3,4
2019-09-18,8,2,6
2019-09-18,14,9,5
2019-09-18,9,5,4
2019-09-18,11,6,5
2019-09-18,2,0,2
2019-09-18,2,2,0
2019-09-18,11,7,4
2019-09-18,19,13,6
2019-09-18,19,15,4
2019-09-18,5,4,1
2019-09-18,1,0,1
2019-09-18,3,2,1
2019-09-18,1,1,0
2019-09-18,0,0,0
2019-09-19,0,0,0
2019-09-19,0,0,0
2019-09-19,2,0,2
2019-09-19,0,0,0
2019-09-19,1,1,0
2019-09-19,1,1,0
2019-09-19,1,0,1
2019-09-19,4,2,2
2019-09-19,14,9,5
2019-09-19,24,15,9
2019-09-19,25,17,8
2019-09-19,25,15,10
2019-09-19,42,17,25
2019-09-19,55,32,23
2019-09-19,37,25,12
2019-09-19,26,15,11
2019-09-19,25,16,9
2019-09-19,33,25,8
2019-09-19,49,33,16
2019-09-19,17,14,3
2019-09-19,4,3,1
2019-09-19,1,1,0
2019-09-19,1,1,0
2019-09-19,0,0,0
2019-09-20,0,0,0
2019-09-20,1,1,0
2019-09-20,0,0,0
2019-09-20,0,0,0
2019-09-20,0,0,0
2019-09-20,0,0,0
2019-09-20,0,0,0
2019-09-20,0,0,0
2019-09-20,1,1,0
2019-09-20,0,0,0
2019-09-20,2,2,0
2019-09-20,0,0,0
2019-09-20,0,0,0
2019-09-20,0,0,0
2019-09-20,0,0,0
2019-09-20,0,0,0
2019-09-20,0,0,0
2019-09-20,0,0,0
2019-09-20,0,0,0
2019-09-20,0,0,0
2019-09-20,0,0,0
2019-09-20,0,0,0
2019-09-20,0,0,0
2019-09-20,0,0,0
2019-09-21,0,0,0
2019-09-21,0,0,0
2019-09-21,0,0,0
2019-09-21,0,0,0
2019-09-21,0,0,0
2019-09-21,0,0,0
2019-09-21,0,0,0
2019-09-21,0,0,0
2019-09-21,0,0,0
2019-09-21,0,0,0
2019-09-21,0,0,0
2019-09-21,0,0,0
2019-09-21,1,0,1
2019-09-21,0,0,0
2019-09-21,0,0,0
2019-09-21,0,0,0
2019-09-21,0,0,0
2019-09-21,0,0,0
2019-09-21,1,0,1
2019-09-21,0,0,0
2019-09-21,0,0,0
2019-09-21,0,0,0
2019-09-21,0,0,0
2019-09-21,0,0,0
2019-09-22,0,0,0
2019-09-22,0,0,0
2019-09-22,0,0,0
2019-09-22,0,0,0
2019-09-22,0,0,0
2019-09-22,0,0,0
2019-09-22,0,0,0
2019-09-22,0,0,0
2019-09-22,0,0,0
2019-09-22,0,0,0
2019-09-22,0,0,0
2019-09-22,0,0,0
2019-09-22,0,0,0
2019-09-22,0,0,0
2019-09-22,0,0,0
2019-09-22,6,4,2
2019-09-22,2,2,0
2019-09-22,3,0,3
2019-09-22,0,0,0
2019-09-22,1,1,0
2019-09-22,2,2,0
2019-09-22,1,0,1
2019-09-22,0,0,0
2019-09-22,0,0,0
2019-09-23,0,0,0
2019-09-23,0,0,0
2019-09-23,0,0,0
2019-09-23,0,0,0
2019-09-23,0,0,0
2019-09-23,1,0,1
2019-09-23,0,0,0
2019-09-23,0,0,0
2019-09-23,1,0,1
2019-09-23,1,1,0
2019-09-23,0,0,0
2019-09-23,1,1,0
2019-09-23,1,0,1
2019-09-23,3,3,0
2019-09-23,6,2,4
2019-09-23,5,3,2
2019-09-23,6,3,3
2019-09-23,17,4,13
2019-09-23,16,2,14
2019-09-23,11,5,6
2019-09-23,5,3,2
2019-09-23,4,2,2
2019-09-23,0,0,0
2019-09-23,0,0,0
2019-09-24,2,0,2
2019-09-24,1,0,1
2019-09-24,0,0,0
2019-09-24,1,0,1
2019-09-24,1,0,1
2019-09-24,0,0,0
2019-09-24,1,0,1
2019-09-24,15,11,4
2019-09-24,11,4,7
2019-09-24,5,2,3
2019-09-24,9,7,2
2019-09-24,9,3,6
2019-09-24,3,2,1
2019-09-24,8,5,3
2019-09-24,6,3,3
2019-09-24,7,4,3
2019-09-24,10,5,5
2019-09-24,16,3,13
2019-09-24,10,5,5
2019-09-24,7,5,2
2019-09-24,3,2,1
2019-09-24,3,2,1
2019-09-24,1,0,1
2019-09-24,3,1,2
2019-09-25,1,1,0
2019-09-25,4,2,2
2019-09-25,2,2,0
2019-09-25,1,0,1
2019-09-25,2,0,2
2019-09-25,0,0,0
2019-09-25,4,2,2
2019-09-25,11,7,4
2019-09-25,12,7,5
2019-09-25,11,3,8
2019-09-25,7,5,2
2019-09-25,6,2,4
2019-09-25,14,5,9
2019-09-25,5,2,3
2019-09-25,12,5,7
2019-09-25,11,5,6
2019-09-25,14,4,10
2019-09-25,17,8,9
2019-09-25,21,9,12
2019-09-25,26,19,7
2019-09-25,12,9,3
2019-09-25,10,9,1
2019-09-25,6,6,0
2019-09-25,5,5,0
2019-09-26,0,0,0
2019-09-26,1,1,0
2019-09-26,1,1,0
2019-09-26,1,0,1
2019-09-26,0,0,0
2019-09-26,2,1,1
2019-09-26,7,7,0
2019-09-26,20,18,2
2019-09-26,27,25,2
2019-09-26,15,15,0
2019-09-26,8,6,2
2019-09-26,22,22,0
2019-09-26,14,12,2
2019-09-26,5,1,4
2019-09-26,12,10,2
2019-09-26,8,5,3
2019-09-26,3,1,2
2019-09-26,9,4,5
2019-09-26,5,3,2
2019-09-26,3,3,0
2019-09-26,5,5,0
2019-09-26,1,1,0
2019-09-26,1,1,0
2019-09-26,2,0,2
2019-09-27,1,0,1
2019-09-27,1,0,1
2019-09-27,0,0,0
2019-09-27,1,0,1
2019-09-27,1,0,1
2019-09-27,0,0,0
2019-09-27,6,4,2
2019-09-27,7,5,2
2019-09-27,9,9,0
2019-09-27,7,7,0
2019-09-27,7,7,0
2019-09-27,3,2,1
2019-09-27,4,4,0
2019-09-27,14,7,7
2019-09-27,25,9,16
2019-09-27,17,12,5
2019-09-27,21,12,9
2019-09-27,35,18,17
2019-09-27,51,27,24
2019-09-27,27,21,6
2019-09-27,22,9,13
2019-09-27,15,8,7
2019-09-27,18,10,8
2019-09-27,4,2,2
2019-09-28,2,2,0
2019-09-28,1,1,0
2019-09-28,1,1,0
2019-09-28,4,2,2
2019-09-28,2,2,0
2019-09-28,2,2,0
2019-09-28,1,1,0
2019-09-28,2,2,0
2019-09-28,8,8,0
2019-09-28,18,15,3
2019-09-28,53,41,12
2019-09-28,44,37,7
2019-09-28,28,25,3
2019-09-28,20,17,3
2019-09-28,22,19,3
2019-09-28,30,16,14
2019-09-28,10,4,6
2019-09-28,16,1,15
2019-09-28,3,0,3
2019-09-28,2,0,2
2019-09-28,3,1,2
2019-09-28,0,0,0
2019-09-28,0,0,0
2019-09-28,1,1,0
2019-09-29,1,1,0
2019-09-29,0,0,0
2019-09-29,0,0,0
2019-09-29,0,0,0
2019-09-29,0,0,0
2019-09-29,1,1,0
2019-09-29,0,0,0
2019-09-29,2,2,0
2019-09-29,1,0,1
2019-09-29,6,4,2
2019-09-29,7,3,4
2019-09-29,8,3,5
2019-09-29,9,7,2
2019-09-29,28,26,2
2019-09-29,27,24,3
2019-09-29,23,22,1
2019-09-29,20,18,2
2019-09-29,12,11,1
2019-09-29,17,6,11
2019-09-29,16,10,6
2019-09-29,2,2,0
2019-09-29,1,1,0
2019-09-29,1,1,0
2019-09-29,1,1,0
2019-09-30,0,0,0
2019-09-30,0,0,0
2019-09-30,0,0,0
2019-09-30,1,1,0
2019-09-30,0,0,0
2019-09-30,1,1,0
2019-09-30,8,8,0
2019-09-30,24,24,0
2019-09-30,20,20,0
2019-09-30,10,9,1
2019-09-30,10,10,0
2019-09-30,6,6,0
2019-09-30,10,6,4
2019-09-30,3,3,0
2019-09-30,7,5,2
2019-09-30,5,2,3
2019-09-30,10,1,9
2019-09-30,20,9,11
2019-09-30,29,24,5
2019-09-30,20,17,3
2019-09-30,16,15,1
2019-09-30,9,8,1
2019-09-30,5,2,3
2019-09-30,2,2,0
2020-01-04,1,1,0
2020-01-04,0,0,0
2020-01-04,2,2,0
2020-01-04,3,2,1
2020-01-04,1,1,0
2020-01-04,1,0,1
2020-01-04,3,2,1
2020-01-04,4,3,1
2020-01-04,9,5,4
2020-01-04,5,4,1
2020-01-04,5,3,2
2020-01-04,7,6,1
2020-01-04,6,5,1
2020-01-04,4,2,2
2020-01-04,3,3,0
2020-01-04,1,1,0
2020-01-04,1,1,0
2020-01-04,2,2,0
2020-01-05,1,1,0
2020-01-05,1,1,0
2020-01-05,2,2,0
2020-01-05,0,0,0
2020-01-05,0,0,0
2020-01-05,0,0,0
2020-01-05,1,1,0
2020-01-05,1,1,0
2020-01-05,2,2,0
2020-01-05,3,2,1
2020-01-05,8,6,2
2020-01-05,13,10,3
2020-01-05,8,6,2
2020-01-05,8,6,2
2020-01-05,11,7,4
2020-01-05,9,5,4
2020-01-05,11,5,6
2020-01-05,3,2,1
2020-01-05,1,1,0
2020-01-05,0,0,0
2020-01-05,1,0,1
2020-01-05,2,1,1
2020-01-05,1,1,0
2020-01-05,0,0,0
2020-01-06,0,0,0
2020-01-06,0,0,0
2020-01-06,0,0,0
2020-01-06,1,1,0
2020-01-06,1,0,1
2020-01-06,1,1,0
2020-01-06,1,1,0
2020-01-06,2,2,0
2020-01-06,4,3,1
2020-01-06,3,2,1
2020-01-06,3,2,1
2020-01-06,2,2,0
2020-01-06,0,0,0
2020-01-06,2,1,1
2019-10-01,2,1,1
2019-10-01,1,1,0
2019-10-01,1,1,0
2019-10-01,0,0,0
2019-10-01,0,0,0
2019-10-01,7,7,0
2019-10-01,11,11,0
2019-10-01,26,23,3
2019-10-01,22,21,1
2019-10-01,13,9,4
2019-10-01,6,6,0
2019-10-01,0,0,0
2019-10-01,0,0,0
2019-10-01,0,0,0
2019-10-01,0,0,0
2019-10-01,0,0,0
2019-10-01,0,0,0
2019-10-01,0,0,0
2019-10-01,0,0,0
2019-10-01,0,0,0
2019-10-01,0,0,0
2019-10-01,0,0,0
2019-10-01,0,0,0
2019-10-01,0,0,0
2019-10-02,0,0,0
2019-10-02,0,0,0
2019-10-02,0,0,0
2019-10-02,0,0,0
2019-10-02,0,0,0
2019-10-02,0,0,0
2019-10-02,0,0,0
2019-10-02,0,0,0
2019-10-02,0,0,0
2019-10-02,0,0,0
2019-10-02,0,0,0
2019-10-02,0,0,0
2019-10-02,0,0,0
2019-10-02,0,0,0
2019-10-02,4,1,3
2019-10-02,13,3,10
2019-10-02,25,5,20
2019-10-02,21,3,18
2019-10-02,26,5,21
2019-10-02,20,5,15
2019-10-02,13,3,10
2019-10-02,7,4,3
2019-10-02,4,1,3
2019-10-02,0,0,0
2019-10-03,1,1,0
2019-10-03,0,0,0
2019-10-03,2,1,1
2019-10-03,0,0,0
2019-10-03,0,0,0
2019-10-03,1,0,1
2019-10-03,5,3,2
2019-10-03,9,7,2
2019-10-03,14,5,9
2019-10-03,16,9,7
2019-10-03,10,1,9
2019-10-03,7,3,4
2019-10-03,11,6,5
2019-10-03,13,2,11
2019-10-03,8,3,5
2019-10-03,17,11,6
2019-10-03,12,5,7
2019-10-03,16,4,12
2019-10-03,5,1,4
2019-10-03,13,3,10
2019-10-03,12,3,9
2019-10-03,13,2,11
2019-10-03,3,2,1
2019-10-03,3,0,3
2019-10-04,0,0,0
2019-10-04,0,0,0
2019-10-04,1,1,0
2019-10-04,1,0,1
2019-10-04,0,0,0
2019-10-04,1,0,1
2019-10-04,1,0,1
2019-10-04,9,2,7
2019-10-04,12,3,9
2019-10-04,13,3,10
2019-10-04,6,1,5
2019-10-04,9,3,6
2019-10-04,12,2,10
2019-10-04,11,5,6
2019-10-04,8,5,3
2019-10-04,10,3,7
2019-10-04,7,3,4
2019-10-04,17,7,10
2019-10-04,22,3,19
2019-10-04,12,3,9
2019-10-04,7,1,6
2019-10-04,6,0,6
2019-10-04,3,0,3
2019-10-04,3,0,3
2019-10-05,2,0,2
2019-10-05,4,0,4
2019-10-05,0,0,0
2019-10-05,0,0,0
2019-10-05,0,0,0
2019-10-05,2,1,1
2019-10-05,2,1,1
2019-10-05,3,2,1
2019-10-05,3,1,2
2019-10-05,10,4,6
2019-10-05,4,0,4
2019-10-05,15,5,10
2019-10-05,22,10,12
2019-10-05,10,5,5
2019-10-05,10,4,6
2019-10-05,19,5,14
2019-10-05,33,13,20
2019-10-05,20,2,18
2019-10-05,15,4,11
2019-10-05,16,5,11
2019-10-05,12,0,12
2019-10-05,5,0,5
2019-10-05,3,1,2
2019-10-05,2,0,2
2019-10-06,1,0,1
2019-10-06,1,0,1
2019-10-06,3,0,3
2019-10-06,0,0,0
2019-10-06,2,1,1
2019-10-06,0,0,0
2019-10-06,2,2,0
2019-10-06,2,1,1
2019-10-06,3,2,1
2019-10-06,8,2,6
2019-10-06,18,6,12
2019-10-06,29,6,23
2019-10-06,35,11,24
2019-10-06,40,12,28
2019-10-06,24,3,21
2019-10-06,27,8,19
2019-10-06,21,7,14
2019-10-06,22,10,12
2019-10-06,8,4,4
2019-10-06,7,4,3
2019-10-06,3,1,2
2019-10-06,5,2,3
2019-10-06,3,1,2
2019-10-06,4,0,4
2019-10-07,2,0,2
2019-10-07,0,0,0
2019-10-07,2,1,1
2019-10-07,0,0,0
2019-10-07,3,0,3
2019-10-07,3,1,2
2019-10-07,4,1,3
2019-10-07,7,7,0
2019-10-07,9,5,4
2019-10-07,7,1,6
2019-10-07,8,4,4
2019-10-07,4,2,2
2019-10-07,9,2,7
2019-10-07,21,8,13
2019-10-07,20,6,14
2019-10-07,21,3,18
2019-10-07,23,7,16
2019-10-07,22,7,15
2019-10-07,19,7,12
2019-10-07,8,1,7
2019-10-07,6,0,6
2019-10-07,4,2,2
2019-10-07,5,2,3
2019-10-07,2,1,1
2019-10-08,4,0,4
2019-10-08,1,0,1
2019-10-08,1,1,0
2019-10-08,0,0,0
2019-10-08,1,1,0
2019-10-08,0,0,0
2019-10-08,6,2,4
2019-10-08,15,9,6
2019-10-08,23,11,12
2019-10-08,12,3,9
2019-10-08,4,3,1
2019-10-08,17,1,16
2019-10-08,25,0,25
2019-10-08,15,4,11
2019-10-08,9,2,7
2019-10-08,13,2,11
2019-10-08,15,3,12
2019-10-08,18,2,16
2019-10-08,13,1,12
2019-10-08,21,9,12
2019-10-08,5,2,3
2019-10-08,1,0,1
2019-10-08,2,2,0
2019-10-08,0,0,0
2019-10-09,0,0,0
2019-10-09,1,1,0
2019-10-09,0,0,0
2019-10-09,1,0,1
2019-10-09,1,0,1
2019-10-09,2,1,1
2019-10-09,5,2,3
2019-10-09,12,6,6
2019-10-09,15,7,8
2019-10-09,9,6,3
2019-10-09,8,4,4
2019-10-09,6,4,2
2019-10-09,15,3,12
2019-10-09,11,8,3
2019-10-09,5,2,3
2019-10-09,12,4,8
2019-10-09,7,4,3
2019-10-09,19,3,16
2019-10-09,16,4,12
2019-10-09,12,6,6
2019-10-09,7,3,4
2019-10-09,4,0,4
2019-10-09,1,0,1
2019-10-09,5,2,3
2019-10-10,1,0,1
2019-10-10,0,0,0
2019-10-10,0,0,0
2019-10-10,1,0,1
2019-10-10,0,0,0
2019-10-10,2,0,2
2019-10-10,0,0,0
2019-10-10,12,8,4
2019-10-10,15,4,11
2019-10-10,11,4,7
2019-10-10,6,1,5
2019-10-10,12,3,9
2019-10-10,8,5,3
2019-10-10,3,2,1
2019-10-10,6,4,2
2019-10-10,8,3,5
2019-10-10,12,8,4
2019-10-10,20,7,13
2019-10-10,16,5,11
2019-10-10,12,6,6
2019-10-10,7,5,2
2019-10-10,2,0,2
2019-10-10,7,1,6
2019-10-10,1,0,1
2019-10-11,2,1,1
2019-10-11,2,1,1
2019-10-11,0,0,0
2019-10-11,0,0,0
2019-10-11,0,0,0
2019-10-11,3,0,3
2019-10-11,4,1,3
2019-10-11,6,2,4
2019-10-11,19,5,14
2019-10-11,15,3,12
2019-10-11,20,6,14
2019-10-11,7,1,6
2019-10-11,19,1,18
2019-10-11,20,8,12
2019-10-11,17,4,13
2019-10-11,6,4,2
2019-10-11,13,7,6
2019-10-11,11,3,8
2019-10-11,7,4,3
2019-10-11,3,2,1
2019-10-11,4,2,2
2019-10-11,6,2,4
2019-10-11,5,1,4
2019-10-11,0,0,0
2019-10-12,1,0,1
2019-10-12,1,0,1
2019-10-12,2,0,2
2019-10-12,0,0,0
2019-10-12,0,0,0
2019-10-12,1,1,0
2019-10-12,1,0,1
2019-10-12,1,0,1
2019-10-12,6,3,3
2019-10-12,8,3,5
2019-10-12,7,3,4
2019-10-12,8,4,4
2019-10-12,11,3,8
2019-10-12,12,5,7
2019-10-12,12,5,7
2019-10-12,12,6,6
2019-10-12,6,1,5
2019-10-12,9,4,5
2019-10-12,9,5,4
2019-10-12,3,2,1
2019-10-12,1,0,1
2019-10-12,5,3,2
2019-10-12,0,0,0
2019-10-12,0,0,0
2019-10-13,1,0,1
2019-10-13,0,0,0
2019-10-13,0,0,0
2019-10-13,1,0,1
2019-10-13,1,0,1
2019-10-13,0,0,0
2019-10-13,0,0,0
2019-10-13,2,1,1
2019-10-13,1,0,1
2019-10-13,8,2,6
2019-10-13,6,4,2
2019-10-13,4,0,4
2019-10-13,20,10,10
2019-10-13,8,5,3
2019-10-13,19,12,7
2019-10-13,9,0,9
2019-10-13,12,4,8
2019-10-13,10,6,4
2019-10-13,7,5,2
2019-10-13,4,3,1
2019-10-13,2,0,2
2019-10-13,1,0,1
2019-10-13,1,0,1
2019-10-13,1,1,0
2019-10-14,0,0,0
2019-10-14,1,0,1
2019-10-14,0,0,0
2019-10-14,0,0,0
2019-10-14,0,0,0
2019-10-14,0,0,0
2019-10-14,0,0,0
2019-10-14,9,5,4
2019-10-14,6,3,3
2019-10-14,9,6,3
2019-10-14,5,4,1
2019-10-14,1,1,0
2019-10-14,9,2,7
2019-10-14,4,3,1
2019-10-14,6,4,2
2019-10-14,12,4,8
2019-10-14,9,4,5
2019-10-14,16,9,7
2019-10-14,16,10,6
2019-10-14,6,3,3
2019-10-14,1,1,0
2019-10-14,3,2,1
2019-10-14,1,0,1
2019-10-14,0,0,0
2019-10-15,0,0,0
2019-10-15,0,0,0
2019-10-15,1,0,1
2019-10-15,0,0,0
2019-10-15,0,0,0
2019-10-15,1,0,1
2019-10-15,4,3,1
2019-10-15,7,5,2
2019-10-15,9,6,3
2019-10-15,7,4,3
2019-10-15,3,1,2
2019-10-15,3,1,2
2019-10-15,3,2,1
2019-10-15,2,1,1
2019-10-15,4,2,2
2019-10-15,8,5,3
2019-10-15,8,4,4
2019-10-15,14,7,7
2019-10-15,9,5,4
2019-10-15,11,8,3
2019-10-15,2,0,2
2019-10-15,4,3,1
2019-10-15,3,2,1
2019-10-15,0,0,0
2019-10-16,0,0,0
2019-10-16,1,0,1
2019-10-16,0,0,0
2019-10-16,0,0,0
2019-10-16,0,0,0
2019-10-16,1,0,1
2019-10-16,1,1,0
2019-10-16,3,3,0
2019-10-16,4,2,2
2019-10-16,2,1,1
2019-10-16,1,0,1
2019-10-16,4,1,3
2019-10-16,0,0,0
2019-10-16,6,4,2
2019-10-16,1,1,0
2019-10-16,3,2,1
2019-10-16,5,2,3
2019-10-16,7,3,4
2019-10-16,2,0,2
2019-10-16,3,2,1
2019-10-16,2,1,1
2019-10-16,3,1,2
2019-10-16,2,2,0
2019-10-16,1,1,0
2019-10-17,0,0,0
2019-10-17,0,0,0
2019-10-17,0,0,0
2019-10-17,1,0,1
2019-10-17,0,0,0
2019-10-17,0,0,0
2019-10-17,0,0,0
2019-10-17,7,6,1
2019-10-17,8,5,3
2019-10-17,4,3,1
2019-10-17,5,2,3
2019-10-17,2,0,2
2019-10-17,4,2,2
2019-10-17,3,3,0
2019-10-17,5,5,0
2019-10-17,5,1,4
2019-10-17,6,5,1
2019-10-17,6,1,5
2019-10-17,6,5,1
2019-10-17,2,2,0
2019-10-17,5,3,2
2019-10-17,2,2,0
2019-10-17,0,0,0
2019-10-17,0,0,0
2019-10-18,0,0,0
2019-10-18,0,0,0
2019-10-18,0,0,0
2019-10-18,1,0,1
2019-10-18,0,0,0
2019-10-18,0,0,0
2019-10-18,0,0,0
2019-10-18,6,2,4
2019-10-18,9,7,2
2019-10-18,7,3,4
2019-10-18,4,2,2
2019-10-18,2,2,0
2019-10-18,7,2,5
2019-10-18,4,3,1
2019-10-18,2,1,1
2019-10-18,0,0,0
2019-10-18,9,4,5
2019-10-18,5,0,5
2019-10-18,6,4,2
2019-10-18,4,2,2
2019-10-18,3,3,0
2019-10-18,1,1,0
2019-10-18,1,1,0
2019-10-18,1,1,0
2019-10-19,0,0,0
2019-10-19,0,0,0
2019-10-19,0,0,0
2019-10-19,1,1,0
2019-10-19,1,1,0
2019-10-19,0,0,0
2019-10-19,0,0,0
2019-10-19,0,0,0
2019-10-19,0,0,0
2019-10-19,2,0,2
2019-10-19,6,2,4
2019-10-19,5,1,4
2019-10-19,6,4,2
2019-10-19,4,3,1
2019-10-19,8,1,7
2019-10-19,5,5,0
2019-10-19,8,3,5
2019-10-19,6,4,2
2019-10-19,8,5,3
2019-10-19,1,0,1
2019-10-19,2,1,1
2019-10-19,1,0,1
2019-10-19,2,2,0
2019-10-19,4,2,2
2019-10-20,0,0,0
2019-10-20,0,0,0
2019-10-20,2,1,1
2019-10-20,1,1,0
2019-10-20,2,1,1
2019-10-20,0,0,0
2019-10-20,0,0,0
2019-10-20,2,1,1
2019-10-20,7,4,3
2019-10-20,4,1,3
2019-10-20,7,3,4
2019-10-20,5,2,3
2019-10-20,12,6,6
2019-10-20,11,5,6
2019-10-20,3,1,2
2019-10-20,7,1,6
2019-10-20,4,4,0
2019-10-20,4,3,1
2019-10-20,1,0,1
2019-10-20,3,2,1
2019-10-20,2,1,1
2019-10-20,0,0,0
2019-10-20,0,0,0
2019-10-20,1,1,0
2019-10-21,1,0,1
2019-10-21,0,0,0
2019-10-21,0,0,0
2019-10-21,0,0,0
2019-10-21,0,0,0
2019-10-21,1,1,0
2019-10-21,0,0,0
2019-10-21,5,3,2
2019-10-21,8,4,4
2019-10-21,4,3,1
2019-10-21,2,0,2
2019-10-21,4,2,2
2019-10-21,9,4,5
2019-10-21,2,2,0
2019-10-21,2,0,2
2019-10-21,4,3,1
2019-10-21,1,1,0
2019-10-21,9,2,7
2019-10-21,5,1,4
2019-10-21,6,4,2
2019-10-21,0,0,0
2019-10-21,2,2,0
2019-10-21,0,0,0
2019-10-21,0,0,0
2019-10-22,1,0,1
2019-10-22,0,0,0
2019-10-22,0,0,0
2019-10-22,0,0,0
2019-10-22,0,0,0
2019-10-22,0,0,0
2019-10-22,4,2,2
2019-10-22,2,1,1
2019-10-22,9,6,3
2019-10-22,4,3,1
2019-10-22,4,1,3
2019-10-22,7,3,4
2019-10-22,5,1,4
2019-10-22,5,3,2
2019-10-22,4,2,2
2019-10-22,5,3,2
2019-10-22,9,2,7
2019-10-22,16,6,10
2019-10-22,14,7,7
2019-10-22,4,2,2
2019-10-22,3,1,2
2019-10-22,3,1,2
2019-10-22,4,1,3
2019-10-22,1,1,0
2019-10-23,1,0,1
2019-10-23,1,0,1
2019-10-23,1,1,0
2019-10-23,0,0,0
2019-10-23,2,0,2
2019-10-23,1,0,1
2019-10-23,3,2,1
2019-10-23,9,7,2
2019-10-23,6,4,2
2019-10-23,5,4,1
2019-10-23,4,2,2
2019-10-23,7,5,2
2019-10-23,7,3,4
2019-10-23,7,3,4
2019-10-23,6,3,3
2019-10-23,10,4,6
2019-10-23,11,5,6
2019-10-23,17,7,10
2019-10-23,15,6,9
2019-10-23,7,4,3
2019-10-23,6,5,1
2019-10-23,3,2,1
2019-10-23,1,1,0
2019-10-23,3,1,2
2019-10-24,0,0,0
2019-10-24,0,0,0
2019-10-24,1,1,0
2019-10-24,0,0,0
2019-10-24,1,0,1
2019-10-24,2,2,0
2019-10-24,1,1,0
2019-10-24,5,4,1
2019-10-24,8,5,3
2019-10-24,4,4,0
2019-10-24,4,3,1
2019-10-24,8,1,7
2019-10-24,6,4,2
2019-10-24,10,5,5
2019-10-24,6,4,2
2019-10-24,7,3,4
2019-10-24,8,3,5
2019-10-24,17,7,10
2019-10-24,11,5,6
2019-10-24,8,5,3
2019-10-24,5,3,2
2019-10-24,2,2,0
2019-10-24,1,0,1
2019-10-24,0,0,0
2019-10-25,0,0,0
2019-10-25,0,0,0
2019-10-25,0,0,0
2019-10-25,0,0,0
2019-10-25,0,0,0
2019-10-25,0,0,0
2019-10-25,2,2,0
2019-10-25,3,3,0
2019-10-25,7,4,3
2019-10-25,9,7,2
2019-10-25,4,3,1
2019-10-25,2,2,0
2019-10-25,2,1,1
2019-10-25,5,2,3
2019-10-25,3,1,2
2019-10-25,6,1,5
2019-10-25,7,5,2
2019-10-25,15,6,9
2019-10-25,12,7,5
2019-10-25,5,2,3
2019-10-25,1,0,1
2019-10-25,0,0,0
2019-10-25,1,1,0
2019-10-25,0,0,0
2019-10-26,0,0,0
2019-10-26,1,0,1
2019-10-26,0,0,0
2019-10-26,0,0,0
2019-10-26,0,0,0
2019-10-26,0,0,0
2019-10-26,0,0,0
2019-10-26,2,0,2
2019-10-26,7,3,4
2019-10-26,10,7,3
2019-10-26,4,2,2
2019-10-26,8,0,8
2019-10-26,10,5,5
2019-10-26,6,4,2
2019-10-26,15,12,3
2019-10-26,8,4,4
2019-10-26,7,4,3
2019-10-26,10,3,7
2019-10-26,7,6,1
2019-10-26,1,0,1
2019-10-26,7,3,4
2019-10-26,1,1,0
2019-10-26,1,1,0
2019-10-26,1,0,1
2019-10-27,0,0,0
2019-10-27,2,1,1
2019-10-27,0,0,0
2019-10-27,0,0,0
2019-10-27,0,0,0
2019-10-27,0,0,0
2019-10-27,1,1,0
2019-10-27,2,0,2
2019-10-27,3,3,0
2019-10-27,6,2,4
2019-10-27,5,2,3
2019-10-27,14,6,8
2019-10-27,18,6,12
2019-10-27,22,16,6
2019-10-27,17,8,9
2019-10-27,4,2,2
2019-10-27,14,8,6
2019-10-27,11,6,5
2019-10-27,6,2,4
2019-10-27,5,4,1
2019-10-27,1,0,1
2019-10-27,2,2,0
2019-10-27,0,0,0
2019-10-27,0,0,0
2019-10-28,0,0,0
2019-10-28,0,0,0
2019-10-28,1,0,1
2019-10-28,0,0,0
2019-10-28,0,0,0
2019-10-28,0,0,0
2019-10-28,2,1,1
2019-10-28,7,6,1
2019-10-28,9,6,3
2019-10-28,7,3,4
2019-10-28,2,1,1
2019-10-28,3,0,3
2019-10-28,11,6,5
2019-10-28,6,2,4
2019-10-28,3,1,2
2019-10-28,4,2,2
2019-10-28,10,4,6
2019-10-28,11,4,7
2019-10-28,6,2,4
2019-10-28,5,3,2
2019-10-28,1,1,0
2019-10-28,2,2,0
2019-10-28,1,1,0
2019-10-28,0,0,0
2019-10-29,0,0,0
2019-10-29,0,0,0
2019-10-29,0,0,0
2019-10-29,0,0,0
2019-10-29,0,0,0
2019-10-29,0,0,0
2019-10-29,1,0,1
2019-10-29,6,5,1
2019-10-29,10,8,2
2019-10-29,9,4,5
2019-10-29,2,1,1
2019-10-29,4,1,3
2019-10-29,9,5,4
2019-10-29,9,4,5
2019-10-29,1,1,0
2019-10-29,7,3,4
2019-10-29,9,2,7
2019-10-29,9,5,4
2019-10-29,12,8,4
2019-10-29,6,3,3
2019-10-29,2,2,0
2019-10-29,3,2,1
2019-10-29,0,0,0
2019-10-29,2,2,0
2019-10-30,0,0,0
2019-10-30,0,0,0
2019-10-30,0,0,0
2019-10-30,2,1,1
2019-10-30,0,0,0
2019-10-30,0,0,0
2019-10-30,0,0,0
2019-10-30,7,6,1
2019-10-30,11,9,2
2019-10-30,6,4,2
2019-10-30,4,3,1
2019-10-30,6,4,2
2019-10-30,8,3,5
2019-10-30,7,3,4
2019-10-30,4,2,2
2019-10-30,7,3,4
2019-10-30,8,3,5
2019-10-30,15,5,10
2019-10-30,17,11,6
2019-10-30,3,1,2
2019-10-30,1,0,1
2019-10-30,2,2,0
2019-10-30,1,0,1
2019-10-30,1,1,0
2019-10-31,0,0,0
2019-10-31,0,0,0
2019-10-31,0,0,0
2019-10-31,2,1,1
2019-10-31,0,0,0
2019-10-31,0,0,0
2019-10-31,1,1,0
2019-10-31,7,6,1
2019-10-31,11,9,2
2019-10-31,5,2,3
2019-10-31,5,3,2
2019-10-31,6,1,5
2019-10-31,8,5,3
2019-10-31,8,5,3
2019-10-31,8,5,3
2019-10-31,8,6,2
2019-10-31,9,2,7
2019-10-31,13,8,5
2019-10-31,9,5,4
2019-10-31,2,1,1
2019-10-31,8,6,2
2019-10-31,1,0,1
2019-10-31,0,0,0
2019-10-31,0,0,0
2020-01-06,2,2,0
2020-01-06,4,2,2
2020-01-06,3,2,1
2020-01-06,4,3,1
2020-01-06,6,4,2
2020-01-06,4,3,1
2020-01-06,2,1,1
2020-01-06,0,0,0
2020-01-06,1,1,0
2020-01-06,0,0,0
2020-01-07,0,0,0
2020-01-07,0,0,0
2020-01-07,0,0,0
2020-01-07,0,0,0
2020-01-07,0,0,0
2020-01-07,0,0,0
2020-01-07,0,0,0
2020-01-07,4,3,1
2020-01-07,5,4,1
2020-01-07,5,3,2
2020-01-07,4,1,3
2020-01-07,0,0,0
2020-01-07,0,0,0
2020-01-07,0,0,0
2020-01-07,0,0,0
2020-01-07,0,0,0
2020-01-07,0,0,0
2020-01-07,0,0,0
2020-01-07,0,0,0
2020-01-07,0,0,0
2020-01-07,0,0,0
2020-01-07,0,0,0
2019-11-01,0,0,0
2019-11-01,1,1,0
2019-11-01,1,0,1
2019-11-01,0,0,0
2019-11-01,0,0,0
2019-11-01,0,0,0
2019-11-01,0,0,0
2019-11-01,4,4,0
2019-11-01,12,11,1
2019-11-01,6,3,3
2019-11-01,2,0,2
2019-11-01,4,1,3
2019-11-01,8,3,5
2019-11-01,6,2,4
2019-11-01,9,3,6
2019-11-01,8,4,4
2019-11-01,15,6,9
2019-11-01,14,8,6
2019-11-01,6,3,3
2019-11-01,5,1,4
2019-11-01,1,1,0
2019-11-01,0,0,0
2019-11-01,2,2,0
2019-11-01,2,1,1
2019-11-02,0,0,0
2019-11-02,0,0,0
2019-11-02,0,0,0
2019-11-02,0,0,0
2019-11-02,0,0,0
2019-11-02,1,1,0
2019-11-02,0,0,0
2019-11-02,0,0,0
2019-11-02,3,2,1
2019-11-02,2,0,2
2019-11-02,6,3,3
2019-11-02,11,4,7
2019-11-02,14,7,7
2019-11-02,8,4,4
2019-11-02,8,5,3
2019-11-02,4,4,0
2019-11-02,4,2,2
2019-11-02,8,4,4
2019-11-02,7,2,5
2019-11-02,8,4,4
2019-11-02,4,3,1
2019-11-02,5,1,4
2019-11-02,6,4,2
2019-11-02,0,0,0
2019-11-03,0,0,0
2019-11-03,4,2,2
2019-11-03,0,0,0
2019-11-03,0,0,0
2019-11-03,0,0,0
2019-11-03,0,0,0
2019-11-03,1,0,1
2019-11-03,1,1,0
2019-11-03,3,1,2
2019-11-03,7,6,1
2019-11-03,7,3,4
2019-11-03,8,6,2
2019-11-03,15,9,6
2019-11-03,12,6,6
2019-11-03,11,4,7
2019-11-03,9,5,4
2019-11-03,11,7,4
2019-11-03,5,4,1
2019-11-03,4,4,0
2019-11-03,1,0,1
2019-11-03,3,0,3
2019-11-03,0,0,0
2019-11-03,0,0,0
2019-11-03,1,0,1
2019-11-04,1,1,0
2019-11-04,0,0,0
2019-11-04,0,0,0
2019-11-04,1,0,1
2019-11-04,0,0,0
2019-11-04,2,1,1
2019-11-04,1,1,0
2019-11-04,4,4,0
2019-11-04,14,6,8
2019-11-04,3,1,2
2019-11-04,3,0,3
2019-11-04,3,1,2
2019-11-04,9,3,6
2019-11-04,4,4,0
2019-11-04,6,3,3
2019-11-04,7,4,3
2019-11-04,12,7,5
2019-11-04,10,2,8
2019-11-04,10,5,5
2019-11-04,8,3,5
2019-11-04,0,0,0
2019-11-04,3,2,1
2019-11-04,1,1,0
2019-11-04,0,0,0
2019-11-05,0,0,0
2019-11-05,0,0,0
2019-11-05,0,0,0
2019-11-05,1,1,0
2019-11-05,1,0,1
2019-11-05,1,0,1
2019-11-05,3,1,2
2019-11-05,16,11,5
2019-11-05,12,4,8
2019-11-05,14,6,8
2019-11-05,10,6,4
2019-11-05,11,7,4
2019-11-05,5,3,2
2019-11-05,8,4,4
2019-11-05,11,6,5
2019-11-05,13,6,7
2019-11-05,17,4,13
2019-11-05,28,10,18
2019-11-05,21,12,9
2019-11-05,10,10,0
2019-11-05,2,1,1
2019-11-05,2,2,0
2019-11-05,0,0,0
2019-11-05,0,0,0
2019-11-06,1,1,0
2019-11-06,0,0,0
2019-11-06,1,0,1
2019-11-06,1,1,0
2019-11-06,0,0,0
2019-11-06,0,0,0
2019-11-06,0,0,0
2019-11-06,8,4,4
2019-11-06,8,5,3
2019-11-06,3,1,2
2019-11-06,4,2,2
2019-11-06,9,5,4
2019-11-06,5,4,1
2019-11-06,6,3,3
2019-11-06,14,6,8
2019-11-06,11,5,6
2019-11-06,5,4,1
2019-11-06,12,1,11
2019-11-06,9,6,3
2019-11-06,9,2,7
2019-11-06,2,1,1
2019-11-06,2,1,1
2019-11-06,1,1,0
2019-11-06,1,1,0
2019-11-07,0,0,0
2019-11-07,1,0,1
2019-11-07,0,0,0
2019-11-07,1,1,0
2019-11-07,0,0,0
2019-11-07,0,0,0
2019-11-07,2,1,1
2019-11-07,4,4,0
2019-11-07,12,8,4
2019-11-07,3,2,1
2019-11-07,4,3,1
2019-11-07,2,1,1
2019-11-07,1,1,0
2019-11-07,6,1,5
2019-11-07,7,3,4
2019-11-07,10,6,4
2019-11-07,12,8,4
2019-11-07,13,5,8
2019-11-07,15,9,6
2019-11-07,6,4,2
2019-11-07,5,3,2
2019-11-07,2,2,0
2019-11-07,1,1,0
2019-11-07,2,2,0
2019-11-08,0,0,0
2019-11-08,0,0,0
2019-11-08,0,0,0
2019-11-08,0,0,0
2019-11-08,0,0,0
2019-11-08,0,0,0
2019-11-08,2,2,0
2019-11-08,6,4,2
2019-11-08,11,7,4
2019-11-08,5,3,2
2019-11-08,2,0,2
2019-11-08,6,4,2
2019-11-08,12,4,8
2019-11-08,4,3,1
2019-11-08,7,3,4
2019-11-08,9,6,3
2019-11-08,12,2,10
2019-11-08,8,1,7
2019-11-08,8,3,5
2019-11-08,4,0,4
2019-11-08,4,2,2
2019-11-08,2,1,1
2019-11-08,1,1,0
2019-11-08,0,0,0
2019-11-09,0,0,0
2019-11-09,1,1,0
2019-11-09,0,0,0
2019-11-09,1,1,0
2019-11-09,0,0,0
2019-11-09,0,0,0
2019-11-09,2,2,0
2019-11-09,3,0,3
2019-11-09,3,1,2
2019-11-09,3,2,1
2019-11-09,3,2,1
2019-11-09,6,2,4
2019-11-09,7,2,5
2019-11-09,6,4,2
2019-11-09,3,1,2
2019-11-09,2,1,1
2019-11-09,2,1,1
2019-11-09,3,2,1
2019-11-09,3,3,0
2019-11-09,0,0,0
2019-11-09,4,3,1
2019-11-09,0,0,0
2019-11-09,1,0,1
2019-11-09,1,0,1
2019-11-10,0,0,0
2019-11-10,0,0,0
2019-11-10,0,0,0
2019-11-10,0,0,0
2019-11-10,1,0,1
2019-11-10,0,0,0
2019-11-10,0,0,0
2019-11-10,0,0,0
2019-11-10,3,3,0
2019-11-10,4,1,3
2019-11-10,3,2,1
2019-11-10,10,4,6
2019-11-10,7,6,1
2019-11-10,8,2,6
2019-11-10,6,1,5
2019-11-10,7,2,5
2019-11-10,9,5,4
2019-11-10,5,1,4
2019-11-10,6,2,4
2019-11-10,1,0,1
2019-11-10,2,1,1
2019-11-10,2,0,2
2019-11-10,2,2,0
2019-11-10,0,0,0
2019-11-11,1,0,1
2019-11-11,0,0,0
2019-11-11,1,1,0
2019-11-11,1,0,1
2019-11-11,0,0,0
2019-11-11,0,0,0
2019-11-11,0,0,0
2019-11-11,3,1,2
2019-11-11,6,5,1
2019-11-11,2,1,1
2019-11-11,2,0,2
2019-11-11,4,2,2
2019-11-11,5,3,2
2019-11-11,10,4,6
2019-11-11,4,2,2
2019-11-11,12,6,6
2019-11-11,12,8,4
2019-11-11,8,5,3
2019-11-11,6,2,4
2019-11-11,9,3,6
2019-11-11,0,0,0
2019-11-11,4,3,1
2019-11-11,0,0,0
2019-11-11,0,0,0
2019-11-12,0,0,0
2019-11-12,1,0,1
2019-11-12,0,0,0
2019-11-12,0,0,0
2019-11-12,0,0,0
2019-11-12,0,0,0
2019-11-12,2,1,1
2019-11-12,4,1,3
2019-11-12,9,8,1
2019-11-12,8,4,4
2019-11-12,4,1,3
2019-11-12,7,4,3
2019-11-12,5,4,1
2019-11-12,2,0,2
2019-11-12,4,2,2
2019-11-12,2,2,0
2019-11-12,2,0,2
2019-11-12,11,4,7
2019-11-12,8,6,2
2019-11-12,5,1,4
2019-11-12,1,0,1
2019-11-12,1,1,0
2019-11-12,0,0,0
2019-11-12,0,0,0
2019-11-13,2,0,2
2019-11-13,0,0,0
2019-11-13,2,1,1
2019-11-13,0,0,0
2019-11-13,1,0,1
2019-11-13,1,1,0
2019-11-13,1,1,0
2019-11-13,3,1,2
2019-11-13,10,7,3
2019-11-13,2,1,1
2019-11-13,1,1,0
2019-11-13,4,2,2
2019-11-13,4,1,3
2019-11-13,11,5,6
2019-11-13,4,2,2
2019-11-13,6,4,2
2019-11-13,7,3,4
2019-11-13,11,2,9
2019-11-13,15,8,7
2019-11-13,5,2,3
2019-11-13,3,1,2
2019-11-13,4,3,1
2019-11-13,1,0,1
2019-11-13,1,0,1
2019-11-14,0,0,0
2019-11-14,0,0,0
2019-11-14,0,0,0
2019-11-14,0,0,0
2019-11-14,0,0,0
2019-11-14,0,0,0
2019-11-14,3,2,1
2019-11-14,5,4,1
2019-11-14,15,6,9
2019-11-14,7,2,5
2019-11-14,7,3,4
2019-11-14,4,4,0
2019-11-14,10,3,7
2019-11-14,6,3,3
2019-11-14,7,1,6
2019-11-14,4,2,2
2019-11-14,5,5,0
2019-11-14,11,2,9
2019-11-14,13,7,6
2019-11-14,5,4,1
2019-11-14,3,1,2
2019-11-14,2,2,0
2019-11-14,1,1,0
2019-11-14,0,0,0
2019-11-15,0,0,0
2019-11-15,0,0,0
2019-11-15,1,0,1
2019-11-15,0,0,0
2019-11-15,1,1,0
2019-11-15,0,0,0
2019-11-15,0,0,0
2019-11-15,4,3,1
2019-11-15,6,6,0
2019-11-15,7,5,2
2019-11-15,1,0,1
2019-11-15,4,4,0
2019-11-15,2,0,2
2019-11-15,3,2,1
2019-11-15,5,1,4
2019-11-15,9,3,6
2019-11-15,9,2,7
2019-11-15,8,4,4
2019-11-15,8,3,5
2019-11-15,8,5,3
2019-11-15,2,0,2
2019-11-15,5,1,4
2019-11-15,2,2,0
2019-11-15,2,0,2
2019-11-16,1,1,0
2019-11-16,1,1,0
2019-11-16,0,0,0
2019-11-16,1,1,0
2019-11-16,0,0,0
2019-11-16,1,0,1
2019-11-16,0,0,0
2019-11-16,4,2,2
2019-11-16,3,1,2
2019-11-16,5,3,2
2019-11-16,6,3,3
2019-11-16,7,7,0
2019-11-16,7,4,3
2019-11-16,8,3,5
2019-11-16,9,4,5
2019-11-16,3,2,1
2019-11-16,3,2,1
2019-11-16,4,3,1
2019-11-16,7,6,1
2019-11-16,2,0,2
2019-11-16,1,1,0
2019-11-16,1,0,1
2019-11-16,1,0,1
2019-11-16,1,0,1
2019-11-17,2,1,1
2019-11-17,0,0,0
2019-11-17,0,0,0
2019-11-17,2,1,1
2019-11-17,0,0,0
2019-11-17,0,0,0
2019-11-17,0,0,0
2019-11-17,2,2,0
2019-11-17,1,0,1
2019-11-17,2,2,0
2019-11-17,2,1,1
2019-11-17,6,1,5
2019-11-17,10,7,3
2019-11-17,6,3,3
2019-11-17,8,3,5
2019-11-17,5,2,3
2019-11-17,2,2,0
2019-11-17,3,2,1
2019-11-17,2,2,0
2019-11-17,0,0,0
2019-11-17,1,0,1
2019-11-17,1,1,0
2019-11-17,1,0,1
2019-11-17,0,0,0
2019-11-18,0,0,0
2019-11-18,0,0,0
2019-11-18,2,2,0
2019-11-18,2,1,1
2019-11-18,1,0,1
2019-11-18,0,0,0
2019-11-18,0,0,0
2019-11-18,4,4,0
2019-11-18,8,7,1
2019-11-18,2,2,0
2019-11-18,2,1,1
2019-11-18,2,0,2
2019-11-18,5,2,3
2019-11-18,6,5,1
2019-11-18,3,2,1
2019-11-18,3,3,0
2019-11-18,5,2,3
2019-11-18,4,1,3
2019-11-18,3,0,3
2019-11-18,7,4,3
2019-11-18,1,1,0
2019-11-18,1,0,1
2019-11-18,1,0,1
2019-11-18,2,0,2
2019-11-19,0,0,0
2019-11-19,0,0,0
2019-11-19,0,0,0
2019-11-19,0,0,0
2019-11-19,0,0,0
2019-11-19,0,0,0
2019-11-19,2,0,2
2019-11-19,5,4,1
2019-11-19,9,7,2
2019-11-19,4,2,2
2019-11-19,1,1,0
2019-11-19,6,2,4
2019-11-19,5,2,3
2019-11-19,6,3,3
2019-11-19,5,1,4
2019-11-19,5,4,1
2019-11-19,12,4,8
2019-11-19,9,4,5
2019-11-19,9,4,5
2019-11-19,5,1,4
2019-11-19,2,2,0
2019-11-19,0,0,0
2019-11-19,3,3,0
2019-11-19,1,1,0
2019-11-20,0,0,0
2019-11-20,1,0,1
2019-11-20,0,0,0
2019-11-20,2,0,2
2019-11-20,0,0,0
2019-11-20,0,0,0
2019-11-20,1,1,0
2019-11-20,10,7,3
2019-11-20,5,5,0
2019-11-20,3,3,0
2019-11-20,2,1,1
2019-11-20,3,2,1
2019-11-20,5,2,3
2019-11-20,6,4,2
2019-11-20,6,3,3
2019-11-20,9,4,5
2019-11-20,6,1,5
2019-11-20,8,1,7
2019-11-20,14,6,8
2019-11-20,5,4,1
2019-11-20,5,2,3
2019-11-20,1,1,0
2019-11-20,1,1,0
2019-11-20,2,1,1
2019-11-21,0,0,0
2019-11-21,1,0,1
2019-11-21,0,0,0
2019-11-21,0,0,0
2019-11-21,0,0,0
2019-11-21,0,0,0
2019-11-21,0,0,0
2019-11-21,8,5,3
2019-11-21,8,5,3
2019-11-21,6,3,3
2019-11-21,7,2,5
2019-11-21,5,1,4
2019-11-21,7,4,3
2019-11-21,6,3,3
2019-11-21,7,4,3
2019-11-21,4,2,2
2019-11-21,7,5,2
2019-11-21,6,2,4
2019-11-21,7,4,3
2019-11-21,6,3,3
2019-11-21,4,3,1
2019-11-21,3,1,2
2019-11-21,1,1,0
2019-11-21,2,0,2
2019-11-22,0,0,0
2019-11-22,0,0,0
2019-11-22,0,0,0
2019-11-22,0,0,0
2019-11-22,0,0,0
2019-11-22,1,0,1
2019-11-22,0,0,0
2019-11-22,6,4,2
2019-11-22,6,3,3
2019-11-22,6,3,3
2019-11-22,4,2,2
2019-11-22,2,1,1
2019-11-22,1,0,1
2019-11-22,9,5,4
2019-11-22,4,2,2
2019-11-22,6,3,3
2019-11-22,5,3,2
2019-11-22,11,3,8
2019-11-22,5,2,3
2019-11-22,0,0,0
2019-11-22,4,4,0
2019-11-22,1,0,1
2019-11-22,2,2,0
2019-11-22,2,0,2
2019-11-23,3,2,1
2019-11-23,0,0,0
2019-11-23,0,0,0
2019-11-23,0,0,0
2019-11-23,0,0,0
2019-11-23,0,0,0
2019-11-23,0,0,0
2019-11-23,0,0,0
2019-11-23,2,2,0
2019-11-23,5,1,4
2019-11-23,4,3,1
2019-11-23,4,1,3
2019-11-23,10,5,5
2019-11-23,2,2,0
2019-11-23,7,5,2
2019-11-23,10,6,4
2019-11-23,8,2,6
2019-11-23,7,5,2
2019-11-23,0,0,0
2019-11-23,2,1,1
2019-11-23,1,1,0
2019-11-23,0,0,0
2019-11-23,0,0,0
2019-11-23,0,0,0
2019-11-24,1,0,1
2019-11-24,0,0,0
2019-11-24,0,0,0
2019-11-24,0,0,0
2019-11-24,0,0,0
2019-11-24,0,0,0
2019-11-24,0,0,0
2019-11-24,1,0,1
2019-11-24,3,2,1
2019-11-24,6,4,2
2019-11-24,7,1,6
2019-11-24,7,3,4
2019-11-24,8,1,7
2019-11-24,8,4,4
2019-11-24,11,4,7
2019-11-24,10,7,3
2019-11-24,12,9,3
2019-11-24,4,4,0
2019-11-24,1,1,0
2019-11-24,1,1,0
2019-11-24,1,0,1
2019-11-24,1,1,0
2019-11-24,1,1,0
2019-11-24,2,1,1
2019-11-25,0,0,0
2019-11-25,0,0,0
2019-11-25,0,0,0
2019-11-25,0,0,0
2019-11-25,1,0,1
2019-11-25,1,1,0
2019-11-25,0,0,0
2019-11-25,8,5,3
2019-11-25,8,8,0
2019-11-25,3,2,1
2019-11-25,0,0,0
2019-11-25,3,0,3
2019-11-25,2,1,1
2019-11-25,1,0,1
2019-11-25,5,1,4
2019-11-25,6,3,3
2019-11-25,5,2,3
2019-11-25,11,5,6
2019-11-25,8,5,3
2019-11-25,3,0,3
2019-11-25,2,1,1
2019-11-25,0,0,0
2019-11-25,0,0,0
2019-11-25,2,2,0
2019-11-26,0,0,0
2019-11-26,0,0,0
2019-11-26,0,0,0
2019-11-26,0,0,0
2019-11-26,0,0,0
2019-11-26,0,0,0
2019-11-26,0,0,0
2019-11-26,7,5,2
2019-11-26,11,9,2
2019-11-26,7,4,3
2019-11-26,1,0,1
2019-11-26,2,1,1
2019-11-26,5,2,3
2019-11-26,0,0,0
2019-11-26,6,2,4
2019-11-26,7,2,5
2019-11-26,8,5,3
2019-11-26,9,1,8
2019-11-26,9,6,3
2019-11-26,5,3,2
2019-11-26,1,0,1
2019-11-26,0,0,0
2019-11-26,1,1,0
2019-11-26,1,1,0
2019-11-27,0,0,0
2019-11-27,0,0,0
2019-11-27,1,1,0
2019-11-27,0,0,0
2019-11-27,0,0,0
2019-11-27,1,0,1
2019-11-27,1,0,1
2019-11-27,3,2,1
2019-11-27,8,5,3
2019-11-27,6,4,2
2019-11-27,2,1,1
2019-11-27,5,4,1
2019-11-27,4,0,4
2019-11-27,6,0,6
2019-11-27,11,4,7
2019-11-27,8,3,5
2019-11-27,7,4,3
2019-11-27,8,2,6
2019-11-27,2,2,0
2019-11-27,0,0,0
2019-11-27,0,0,0
2019-11-27,0,0,0
2019-11-27,0,0,0
2019-11-27,0,0,0
2019-11-28,0,0,0
2019-11-28,0,0,0
2019-11-28,0,0,0
2019-11-28,0,0,0
2019-11-28,0,0,0
2019-11-28,0,0,0
2019-11-28,0,0,0
2019-11-28,0,0,0
2019-11-28,4,2,2
2019-11-28,2,1,1
2019-11-28,4,2,2
2019-11-28,7,3,4
2019-11-28,0,0,0
2019-11-28,4,1,3
2019-11-28,1,0,1
2019-11-28,0,0,0
2019-11-28,2,2,0
2019-11-28,2,0,2
2019-11-28,0,0,0
2019-11-28,0,0,0
2019-11-28,0,0,0
2019-11-28,1,0,1
2019-11-28,0,0,0
2019-11-28,0,0,0
2019-11-29,1,1,0
2019-11-29,0,0,0
2019-11-29,0,0,0
2019-11-29,0,0,0
2019-11-29,0,0,0
2019-11-29,0,0,0
2019-11-29,0,0,0
2019-11-29,2,1,1
2019-11-29,3,2,1
2019-11-29,1,1,0
2019-11-29,7,2,5
2019-11-29,6,5,1
2019-11-29,4,4,0
2019-11-29,5,3,2
2019-11-29,4,0,4
2019-11-29,8,5,3
2019-11-29,2,2,0
2019-11-29,1,0,1
2019-11-29,5,1,4
2019-11-29,0,0,0
2019-11-29,1,1,0
2019-11-29,1,1,0
2019-11-29,1,1,0
2019-11-29,1,1,0
2019-11-30,0,0,0
2019-11-30,1,0,1
2019-11-30,0,0,0
2019-11-30,1,0,1
2019-11-30,0,0,0
2019-11-30,0,0,0
2019-11-30,0,0,0
2019-11-30,1,0,1
2019-11-30,1,0,1
2019-11-30,2,0,2
2019-11-30,1,1,0
2019-11-30,7,2,5
2019-11-30,3,0,3
2019-11-30,7,3,4
2019-11-30,3,2,1
2019-11-30,7,5,2
2019-11-30,7,3,4
2019-11-30,3,1,2
2019-11-30,5,2,3
2019-11-30,2,1,1
2019-11-30,1,1,0
2019-11-30,0,0,0
2019-11-30,0,0,0
2019-11-30,0,0,0
2020-01-07,0,0,0
2020-01-07,0,0,0
2020-01-08,0,0,0
2020-01-08,0,0,0
2020-01-08,0,0,0
2020-01-08,0,0,0
2020-01-08,0,0,0
2020-01-08,0,0,0
2020-01-08,0,0,0
2020-01-08,0,0,0
2020-01-08,0,0,0
2020-01-08,0,0,0
2020-01-08,0,0,0
2020-01-08,0,0,0
2020-01-08,0,0,0
2020-01-08,0,0,0
2020-01-08,0,0,0
2020-01-08,0,0,0
2020-01-08,0,0,0
2020-01-08,0,0,0
2020-01-08,0,0,0
2020-01-08,0,0,0
2020-01-08,0,0,0
2020-01-08,0,0,0
2020-01-08,0,0,0
2020-01-08,0,0,0
2020-01-09,0,0,0
2020-01-09,0,0,0
2020-01-09,0,0,0
2020-01-09,0,0,0
2020-01-09,0,0,0
2020-01-09,0,0,0
2020-01-09,0,0,0
2020-01-09,0,0,0
2020-01-09,0,0,0
2020-01-09,0,0,0
2020-01-09,0,0,0
2020-01-09,0,0,0
2020-01-09,0,0,0
2020-01-09,0,0,0
2020-01-09,0,0,0
2020-01-09,0,0,0
2020-01-09,0,0,0
2020-01-09,0,0,0
2020-01-09,0,0,0
2020-01-09,0,0,0
2020-01-09,0,0,0
2020-01-09,3,2,1
2020-01-09,0,0,0
2020-01-09,2,1,1
2020-01-10,1,1,0
2020-01-10,0,0,0
2020-01-10,0,0,0
2020-01-10,1,1,0
2020-01-10,0,0,0
2020-01-10,0,0,0
2019-12-01,0,0,0
2019-12-01,0,0,0
2019-12-01,0,0,0
2019-12-01,0,0,0
2019-12-01,0,0,0
2019-12-01,1,1,0
2019-12-01,0,0,0
2019-12-01,0,0,0
2019-12-01,3,2,1
2019-12-01,10,4,6
2019-12-01,4,2,2
2019-12-01,14,3,11
2019-12-01,10,5,5
2019-12-01,3,1,2
2019-12-01,5,4,1
2019-12-01,4,3,1
2019-12-01,4,2,2
2019-12-01,3,1,2
2019-12-01,1,1,0
2019-12-01,0,0,0
2019-12-01,3,2,1
2019-12-01,1,0,1
2019-12-01,0,0,0
2019-12-01,0,0,0
2019-12-02,0,0,0
2019-12-02,0,0,0
2019-12-02,0,0,0
2019-12-02,2,1,1
2019-12-02,1,0,1
2019-12-02,0,0,0
2019-12-02,0,0,0
2019-12-02,9,7,2
2019-12-02,10,9,1
2019-12-02,1,1,0
2019-12-02,3,2,1
2019-12-02,3,2,1
2019-12-02,4,2,2
2019-12-02,4,2,2
2019-12-02,6,4,2
2019-12-02,5,3,2
2019-12-02,8,2,6
2019-12-02,12,6,6
2019-12-02,5,4,1
2019-12-02,6,3,3
2019-12-02,3,2,1
2019-12-02,3,3,0
2019-12-02,2,2,0
2019-12-02,0,0,0
2019-12-03,1,0,1
2019-12-03,2,1,1
2019-12-03,0,0,0
2019-12-03,0,0,0
2019-12-03,0,0,0
2019-12-03,2,0,2
2019-12-03,2,1,1
2019-12-03,8,6,2
2019-12-03,16,13,3
2019-12-03,4,2,2
2019-12-03,5,3,2
2019-12-03,4,2,2
2019-12-03,7,3,4
2019-12-03,6,3,3
2019-12-03,6,1,5
2019-12-03,4,3,1
2019-12-03,2,1,1
2019-12-03,17,5,12
2019-12-03,12,3,9
2019-12-03,6,2,4
2019-12-03,2,2,0
2019-12-03,1,0,1
2019-12-03,1,0,1
2019-12-03,0,0,0
2019-12-04,1,0,1
2019-12-04,0,0,0
2019-12-04,0,0,0
2019-12-04,1,1,0
2019-12-04,0,0,0
2019-12-04,0,0,0
2019-12-04,2,1,1
2019-12-04,5,5,0
2019-12-04,9,7,2
2019-12-04,7,4,3
2019-12-04,1,0,1
2019-12-04,1,1,0
2019-12-04,4,1,3
2019-12-04,5,2,3
2019-12-04,7,3,4
2019-12-04,6,5,1
2019-12-04,1,1,0
2019-12-04,11,3,8
2019-12-04,7,4,3
2019-12-04,8,7,1
2019-12-04,3,1,2
2019-12-04,4,1,3
2019-12-04,1,1,0
2019-12-04,2,0,2
2019-12-05,0,0,0
2019-12-05,0,0,0
2019-12-05,0,0,0
2019-12-05,0,0,0
2019-12-05,0,0,0
2019-12-05,0,0,0
2019-12-05,2,2,0
2019-12-05,13,9,4
2019-12-05,11,7,4
2019-12-05,11,6,5
2019-12-05,6,3,3
2019-12-05,4,2,2
2019-12-05,3,2,1
2019-12-05,3,2,1
2019-12-05,7,2,5
2019-12-05,8,4,4
2019-12-05,6,4,2
2019-12-05,6,1,5
2019-12-05,8,4,4
2019-12-05,4,2,2
2019-12-05,4,3,1
2019-12-05,3,3,0
2019-12-05,1,1,0
2019-12-05,3,1,2
2019-12-06,0,0,0
2019-12-06,0,0,0
2019-12-06,0,0,0
2019-12-06,1,0,1
2019-12-06,0,0,0
2019-12-06,0,0,0
2019-12-06,1,1,0
2019-12-06,4,3,1
2019-12-06,11,6,5
2019-12-06,6,3,3
2019-12-06,2,0,2
2019-12-06,8,7,1
2019-12-06,9,7,2
2019-12-06,1,1,0
2019-12-06,3,3,0
2019-12-06,8,6,2
2019-12-06,4,4,0
2019-12-06,10,10,0
2019-12-06,13,13,0
2019-12-06,11,11,0
2019-12-06,6,6,0
2019-12-06,9,9,0
2019-12-06,6,6,0
2019-12-06,4,4,0
2019-12-07,2,2,0
2019-12-07,3,3,0
2019-12-07,3,3,0
2019-12-07,1,1,0
2019-12-07,0,0,0
2019-12-07,1,1,0
2019-12-07,2,2,0
2019-12-07,0,0,0
2019-12-07,7,7,0
2019-12-07,7,7,0
2019-12-07,2,2,0
2019-12-07,0,0,0
2019-12-07,3,3,0
2019-12-07,3,3,0
2019-12-07,6,6,0
2019-12-07,7,7,0
2019-12-07,0,0,0
2019-12-07,0,0,0
2019-12-07,1,1,0
2019-12-07,3,3,0
2019-12-07,5,5,0
2019-12-07,2,2,0
2019-12-07,2,2,0
2019-12-07,2,2,0
2019-12-08,1,1,0
2019-12-08,0,0,0
2019-12-08,0,0,0
2019-12-08,1,1,0
2019-12-08,0,0,0
2019-12-08,0,0,0
2019-12-08,2,2,0
2019-12-08,2,2,0
2019-12-08,5,5,0
2019-12-08,4,4,0
2019-12-08,7,7,0
2019-12-08,14,13,1
2019-12-08,3,3,0
2019-12-08,6,3,3
2019-12-08,8,4,4
2019-12-08,6,4,2
2019-12-08,6,4,2
2019-12-08,3,2,1
2019-12-08,1,1,0
2019-12-08,0,0,0
2019-12-08,2,1,1
2019-12-08,1,1,0
2019-12-08,0,0,0
2019-12-08,0,0,0
2019-12-09,0,0,0
2019-12-09,0,0,0
2019-12-09,1,1,0
2019-12-09,2,1,1
2019-12-09,1,0,1
2019-12-09,0,0,0
2019-12-09,0,0,0
2019-12-09,7,5,2
2019-12-09,9,8,1
2019-12-09,2,2,0
2019-12-09,2,1,1
2019-12-09,3,1,2
2019-12-09,4,2,2
2019-12-09,3,2,1
2019-12-09,4,2,2
2019-12-09,5,3,2
2019-12-09,6,2,4
2019-12-09,9,4,5
2019-12-09,5,3,2
2019-12-09,5,2,3
2019-12-09,2,1,1
2019-12-09,1,1,0
2019-12-09,1,1,0
2019-12-09,2,1,1
2019-12-10,0,0,0
2019-12-10,0,0,0
2019-12-10,0,0,0
2019-12-10,0,0,0
2019-12-10,0,0,0
2019-12-10,1,0,1
2019-12-10,1,0,1
2019-12-10,7,5,2
2019-12-10,12,10,2
2019-12-10,5,3,2
2019-12-10,2,1,1
2019-12-10,4,2,2
2019-12-10,5,2,3
2019-12-10,4,2,2
2019-12-10,5,1,4
2019-12-10,5,3,2
2019-12-10,7,3,4
2019-12-10,11,3,8
2019-12-10,10,4,6
2019-12-10,5,2,3
2019-12-10,1,1,0
2019-12-10,0,0,0
2019-12-10,1,1,0
2019-12-10,1,1,0
2019-12-11,0,0,0
2019-12-11,0,0,0
2019-12-11,0,0,0
2019-12-11,1,0,1
2019-12-11,0,0,0
2019-12-11,0,0,0
2019-12-11,2,1,1
2019-12-11,6,5,1
2019-12-11,8,6,2
2019-12-11,6,4,2
2019-12-11,2,1,1
2019-12-11,3,2,1
2019-12-11,4,1,3
2019-12-11,6,2,4
2019-12-11,8,3,5
2019-12-11,8,4,4
2019-12-11,5,2,3
2019-12-11,9,2,7
2019-12-11,8,4,4
2019-12-11,5,4,1
2019-12-11,3,1,2
2019-12-11,2,1,1
2019-12-11,1,1,0
2019-12-11,1,0,1
2019-12-12,0,0,0
2019-12-12,0,0,0
2019-12-12,0,0,0
2019-12-12,0,0,0
2019-12-12,0,0,0
2019-12-12,0,0,0
2019-12-12,1,1,0
2019-12-12,7,5,2
2019-12-12,8,5,3
2019-12-12,6,3,3
2019-12-12,5,2,3
2019-12-12,5,2,3
2019-12-12,3,2,1
2019-12-12,4,2,2
2019-12-12,5,2,3
2019-12-12,4,2,2
2019-12-12,5,4,1
2019-12-12,5,1,4
2019-12-12,5,3,2
2019-12-12,4,2,2
2019-12-12,3,2,1
2019-12-12,2,1,1
2019-12-12,1,1,0
2019-12-12,1,0,1
2019-12-13,0,0,0
2019-12-13,0,0,0
2019-12-13,0,0,0
2019-12-13,0,0,0
2019-12-13,0,0,0
2019-12-13,0,0,0
2019-12-13,0,0,0
2019-12-13,4,3,1
2019-12-13,7,4,3
2019-12-13,4,2,2
2019-12-13,4,1,3
2019-12-13,5,4,1
2019-12-13,5,4,1
2019-12-13,5,3,2
2019-12-13,4,2,2
2019-12-13,8,5,3
2019-12-13,4,3,1
2019-12-13,7,4,3
2019-12-13,7,5,2
2019-12-13,4,4,0
2019-12-13,4,4,0
2019-12-13,3,3,0
2019-12-13,3,3,0
2019-12-13,3,2,1
2019-12-14,1,1,0
2019-12-14,1,1,0
2019-12-14,1,1,0
2019-12-14,0,0,0
2019-12-14,0,0,0
2019-12-14,0,0,0
2019-12-14,1,1,0
2019-12-14,0,0,0
2019-12-14,3,3,0
2019-12-14,5,3,2
2019-12-14,2,2,0
2019-12-14,4,1,3
2019-12-14,6,3,3
2019-12-14,4,3,1
2019-12-14,5,4,1
2019-12-14,8,6,2
2019-12-14,5,2,3
2019-12-14,3,2,1
2019-12-14,2,1,1
2019-12-14,3,2,1
2019-12-14,2,2,0
2019-12-14,1,1,0
2019-12-14,1,1,0
2019-12-14,1,1,0
2019-12-15,0,0,0
2019-12-15,0,0,0
2019-12-15,0,0,0
2019-12-15,0,0,0
2019-12-15,0,0,0
2019-12-15,0,0,0
2019-12-15,1,1,0
2019-12-15,1,1,0
2019-12-15,4,3,1
2019-12-15,7,4,3
2019-12-15,6,3,3
2019-12-15,11,6,5
2019-12-15,7,3,4
2019-12-15,6,3,3
2019-12-15,8,4,4
2019-12-15,7,5,2
2019-12-15,7,5,2
2019-12-15,3,2,1
2019-12-15,1,1,0
2019-12-15,0,0,0
2019-12-15,2,1,1
2019-12-15,1,1,0
2019-12-15,0,0,0
2019-12-15,0,0,0
2019-12-16,0,0,0
2019-12-16,0,0,0
2019-12-16,0,0,0
2019-12-16,2,1,1
2019-12-16,1,0,1
2019-12-16,0,0,0
2019-12-16,1,1,0
2019-12-16,2,2,0
2019-12-16,6,4,2
2019-12-16,1,1,0
2019-12-16,1,0,1
2019-12-16,1,1,0
2019-12-16,0,0,0
2019-12-16,2,1,1
2019-12-16,3,3,0
2019-12-16,6,3,3
2019-12-16,6,5,1
2019-12-16,5,5,0
2019-12-16,11,8,3
2019-12-16,8,7,1
2019-12-16,6,3,3
2019-12-16,1,0,1
2019-12-16,2,1,1
2019-12-16,0,0,0
2019-12-17,1,0,1
2019-12-17,0,0,0
2019-12-17,0,0,0
2019-12-17,0,0,0
2019-12-17,1,1,0
2019-12-17,1,1,0
2019-12-17,1,1,0
2019-12-17,5,4,1
2019-12-17,7,6,1
2019-12-17,7,5,2
2019-12-17,4,3,1
2019-12-17,10,6,4
2019-12-17,11,5,6
2019-12-17,10,9,1
2019-12-17,10,5,5
2019-12-17,10,8,2
2019-12-17,12,11,1
2019-12-17,13,9,4
2019-12-17,14,11,3
2019-12-17,9,5,4
2019-12-17,7,3,4
2019-12-17,4,3,1
2019-12-17,2,1,1
2019-12-17,3,1,2
2019-12-18,1,1,0
2019-12-18,0,0,0
2019-12-18,1,1,0
2019-12-18,0,0,0
2019-12-18,0,0,0
2019-12-18,1,1,0
2019-12-18,3,1,2
2019-12-18,0,0,0
2019-12-18,7,4,3
2019-12-18,2,2,0
2019-12-18,1,1,0
2019-12-18,3,2,1
2019-12-18,1,0,1
2019-12-18,2,1,1
2019-12-18,2,1,1
2019-12-18,1,0,1
2019-12-18,3,3,0
2019-12-18,3,3,0
2019-12-18,7,4,3
2019-12-18,5,5,0
2019-12-18,2,2,0
2019-12-18,0,0,0
2019-12-18,0,0,0
2019-12-18,0,0,0
2019-12-19,1,1,0
2019-12-19,0,0,0
2019-12-19,1,1,0
2019-12-19,0,0,0
2019-12-19,0,0,0
2019-12-19,1,1,0
2019-12-19,1,1,0
2019-12-19,2,2,0
2019-12-19,10,4,6
2019-12-19,6,2,4
2019-12-19,4,2,2
2019-12-19,7,5,2
2019-12-19,4,2,2
2019-12-19,2,1,1
2019-12-19,1,1,0
2019-12-19,4,1,3
2019-12-19,8,2,6
2019-12-19,7,2,5
2019-12-19,8,3,5
2019-12-19,5,2,3
2019-12-19,0,0,0
2019-12-19,0,0,0
2019-12-19,1,0,1
2019-12-19,1,1,0
2019-12-20,0,0,0
2019-12-20,0,0,0
2019-12-20,0,0,0
2019-12-20,0,0,0
2019-12-20,0,0,0
2019-12-20,0,0,0
2019-12-20,0,0,0
2019-12-20,0,0,0
2019-12-20,5,5,0
2019-12-20,0,0,0
2019-12-20,0,0,0
2019-12-20,1,1,0
2019-12-20,1,1,0
2019-12-20,0,0,0
2019-12-20,0,0,0
2019-12-20,0,0,0
2019-12-20,1,1,0
2019-12-20,1,1,0
2019-12-20,0,0,0
2019-12-20,0,0,0
2019-12-20,0,0,0
2019-12-20,0,0,0
2019-12-20,0,0,0
2019-12-20,0,0,0
2019-12-21,0,0,0
2019-12-21,0,0,0
2019-12-21,0,0,0
2019-12-21,0,0,0
2019-12-21,0,0,0
2019-12-21,0,0,0
2019-12-21,0,0,0
2019-12-21,0,0,0
2019-12-21,0,0,0
2019-12-21,0,0,0
2019-12-21,0,0,0
2019-12-21,0,0,0
2019-12-21,0,0,0
2019-12-21,5,4,1
2019-12-21,13,6,7
2019-12-21,1,1,0
2019-12-21,5,4,1
2019-12-21,12,11,1
2019-12-21,11,10,1
2019-12-21,6,3,3
2019-12-21,4,3,1
2019-12-21,1,1,0
2019-12-21,1,1,0
2019-12-21,3,3,0
2019-12-22,2,2,0
2019-12-22,3,3,0
2019-12-22,4,4,0
2019-12-22,0,0,0
2019-12-22,0,0,0
2019-12-22,0,0,0
2019-12-22,1,1,0
2019-12-22,0,0,0
2019-12-22,1,1,0
2019-12-22,0,0,0
2019-12-22,9,8,1
2019-12-22,16,14,2
2019-12-22,10,10,0
2019-12-22,10,10,0
2019-12-22,14,11,3
2019-12-22,11,5,6
2019-12-22,15,5,10
2019-12-22,1,1,0
2019-12-22,1,0,1
2019-12-22,1,0,1
2019-12-22,2,0,2
2019-12-22,2,1,1
2019-12-22,1,1,0
2019-12-22,0,0,0
2019-12-23,1,1,0
2019-12-23,0,0,0
2019-12-23,0,0,0
2019-12-23,1,1,0
2019-12-23,0,0,0
2019-12-23,1,1,0
2019-12-23,1,1,0
2019-12-23,1,1,0
2019-12-23,2,1,1
2019-12-23,4,2,2
2019-12-23,7,5,2
2019-12-23,3,3,0
2019-12-23,0,0,0
2019-12-23,0,0,0
2019-12-23,1,1,0
2019-12-23,2,1,1
2019-12-23,1,0,1
2019-12-23,0,0,0
2019-12-23,0,0,0
2019-12-23,0,0,0
2019-12-23,0,0,0
2019-12-23,0,0,0
2019-12-23,1,1,0
2019-12-23,0,0,0
2019-12-24,0,0,0
2019-12-24,1,1,0
2019-12-24,0,0,0
2019-12-24,0,0,0
2019-12-24,1,0,1
2019-12-24,0,0,0
2019-12-24,0,0,0
2019-12-24,1,1,0
2019-12-24,1,0,1
2019-12-24,2,0,2
2019-12-24,6,0,6
2019-12-24,3,1,2
2019-12-24,7,0,7
2019-12-24,10,1,9
2019-12-24,6,0,6
2019-12-24,8,2,6
2019-12-24,9,0,9
2019-12-24,6,2,4
2019-12-24,0,0,0
2019-12-24,4,0,4
2019-12-24,1,0,1
2019-12-24,3,0,3
2019-12-24,1,0,1
2019-12-24,2,0,2
2019-12-25,1,0,1
2019-12-25,0,0,0
2019-12-25,0,0,0
2019-12-25,1,0,1
2019-12-25,1,1,0
2019-12-25,0,0,0
2019-12-25,1,1,0
2019-12-25,2,0,2
2019-12-25,0,0,0
2019-12-25,0,0,0
2019-12-25,0,0,0
2019-12-25,0,0,0
2019-12-25,0,0,0
2019-12-25,0,0,0
2019-12-25,0,0,0
2019-12-25,1,1,0
2019-12-25,0,0,0
2019-12-25,0,0,0
2019-12-25,0,0,0
2019-12-25,0,0,0
2019-12-25,0,0,0
2019-12-25,1,1,0
2019-12-25,0,0,0
2019-12-25,0,0,0
2019-12-26,0,0,0
2019-12-26,0,0,0
2019-12-26,0,0,0
2019-12-26,0,0,0
2019-12-26,0,0,0
2019-12-26,0,0,0
2019-12-26,1,1,0
2019-12-26,7,5,2
2019-12-26,9,5,4
2019-12-26,8,4,4
2019-12-26,5,2,3
2019-12-26,5,3,2
2019-12-26,3,2,1
2019-12-26,3,2,1
2019-12-26,5,2,3
2019-12-26,5,2,3
2019-12-26,6,3,3
2019-12-26,6,1,5
2019-12-26,7,3,4
2019-12-26,4,2,2
2019-12-26,3,2,1
2019-12-26,1,1,0
2019-12-26,1,1,0
2019-12-26,2,1,1
2019-12-27,0,0,0
2019-12-27,0,0,0
2019-12-27,0,0,0
2019-12-27,0,0,0
2019-12-27,0,0,0
2019-12-27,0,0,0
2019-12-27,0,0,0
2019-12-27,3,2,1
2019-12-27,8,5,3
2019-12-27,4,2,2
2019-12-27,2,0,2
2019-12-27,5,4,1
2019-12-27,5,4,1
2019-12-27,2,1,1
2019-12-27,3,2,1
2019-12-27,6,4,2
2019-12-27,3,3,0
2019-12-27,6,5,1
2019-12-27,7,6,1
2019-12-27,5,5,0
2019-12-27,3,3,0
2019-12-27,4,4,0
2019-12-27,3,3,0
2019-12-27,2,2,0
2019-12-28,1,1,0
2019-12-28,1,1,0
2019-12-28,1,1,0
2019-12-28,0,0,0
2019-12-28,0,0,0
2019-12-28,0,0,0
2019-12-28,1,1,0
2019-12-28,0,0,0
2019-12-28,3,3,0
2019-12-28,4,3,1
2019-12-28,1,1,0
2019-12-28,1,0,1
2019-12-28,3,2,1
2019-12-28,4,3,1
2019-12-28,8,5,3
2019-12-28,6,5,1
2019-12-28,3,2,1
2019-12-28,5,4,1
2019-12-28,5,4,1
2019-12-28,4,3,1
2019-12-28,3,3,0
2019-12-28,1,1,0
2019-12-28,1,1,0
2019-12-28,2,2,0
2019-12-29,1,1,0
2019-12-29,1,1,0
2019-12-29,1,1,0
2019-12-29,0,0,0
2019-12-29,0,0,0
2019-12-29,0,0,0
2019-12-29,1,1,0
2019-12-29,1,1,0
2019-12-29,3,3,0
2019-12-29,4,3,1
2019-12-29,7,6,1
2019-12-29,14,11,3
2019-12-29,6,5,1
2019-12-29,7,5,2
2019-12-29,10,6,4
2019-12-29,8,5,3
2019-12-29,10,5,5
2019-12-29,3,2,1
2019-12-29,1,1,0
2019-12-29,0,0,0
2019-12-29,2,1,1
2019-12-29,2,1,1
2019-12-29,1,1,0
2019-12-29,0,0,0
2019-12-30,0,0,0
2019-12-30,0,0,0
2019-12-30,0,0,0
2019-12-30,1,1,0
2019-12-30,1,0,1
2019-12-30,1,1,0
2019-12-30,1,1,0
2019-12-30,4,3,1
2019-12-30,5,4,1
2019-12-30,3,2,1
2019-12-30,3,2,1
2019-12-30,3,2,1
2019-12-30,2,1,1
2019-12-30,2,1,1
2019-12-30,3,2,1
2019-12-30,4,2,2
2019-12-30,4,2,2
2019-12-30,5,3,2
2019-12-30,6,4,2
2019-12-30,4,3,1
2019-12-30,2,1,1
2019-12-30,0,0,0
2019-12-30,1,1,0
2019-12-30,0,0,0
2019-12-31,0,0,0
2019-12-31,0,0,0
2019-12-31,0,0,0
2019-12-31,0,0,0
2019-12-31,0,0,0
2019-12-31,0,0,0
2019-12-31,0,0,0
2019-12-31,4,3,1
2019-12-31,6,5,1
2019-12-31,5,3,2
2019-12-31,4,1,3
2019-12-31,6,3,3
2019-12-31,7,2,5
2019-12-31,8,4,4
2019-12-31,7,2,5
2019-12-31,7,4,3
2019-12-31,10,5,5
2019-12-31,10,5,5
2019-12-31,8,5,3
2019-12-31,6,2,4
2019-12-31,3,1,2
2019-12-31,2,1,1
2019-12-31,2,1,1
2019-12-31,2,1,1
2020-01-10,1,0,1
2020-01-10,2,1,1
2020-01-10,5,4,1
2020-01-10,1,1,0
2020-01-10,1,1,0
2020-01-10,2,0,2
2020-01-10,3,2,1
2020-01-10,1,1,0
2020-01-10,0,0,0
2020-01-10,3,1,2
2020-01-10,4,3,1
2020-01-10,4,2,2
2020-01-10,3,1,2
2020-01-10,4,4,0
2020-01-10,0,0,0
2020-01-10,0,0,0
2020-01-10,1,0,1
2020-01-10,1,0,1
2020-01-11,2,0,2
2020-01-11,0,0,0
2020-01-11,0,0,0
2020-01-11,0,0,0
2020-01-11,2,0,2
2020-01-11,1,0,1
2020-01-11,0,0,0
2020-01-11,1,1,0
2020-01-11,1,0,1
2020-01-11,0,0,0
2020-01-11,1,0,1
2020-01-11,2,1,1
2020-01-11,4,1,3
2020-01-11,4,1,3
2020-01-11,8,4,4
2020-01-11,9,4,5
2020-01-11,1,1,0
2020-01-11,3,2,1
2020-01-11,3,1,2
2020-01-11,2,1,1
2020-01-11,2,2,0
2020-01-11,1,1,0
2020-01-11,2,0,2
2020-01-11,1,1,0
2020-01-12,1,0,1
2020-01-12,0,0,0
2020-01-12,0,0,0
2020-01-12,0,0,0
2020-01-12,0,0,0
2020-01-12,1,0,1
2020-01-12,0,0,0
2020-01-12,2,0,2
2020-01-12,4,2,2
2020-01-12,3,2,1
2020-01-12,2,0,2
2020-01-12,4,2,2
2020-01-12,5,3,2
2020-01-12,4,1,3
2020-01-12,9,5,4
2020-01-12,7,3,4
2020-01-12,5,2,3
2020-01-12,3,3,0
2020-01-12,2,1,1
2020-01-12,3,2,1
2020-01-12,1,1,0
2020-01-12,1,0,1
2020-01-12,0,0,0
2020-01-12,0,0,0
2020-01-13,0,0,0
2020-01-13,0,0,0
2020-01-13,0,0,0
2020-01-13,1,0,1
2020-01-13,0,0,0
2020-01-13,0,0,0
2020-01-13,1,1,0
2020-01-13,1,1,0
2020-01-13,3,3,0
2020-01-13,2,1,1
2020-01-13,3,2,1
2020-01-13,0,0,0
2020-01-13,3,1,2
2020-01-13,3,2,1
2020-01-13,2,0,2
2020-01-13,1,1,0
2020-01-13,3,3,0
2020-01-13,2,0,2
2020-01-13,3,1,2
2020-01-13,0,0,0
2020-01-13,1,0,1
2020-01-13,0,0,0
2020-01-13,2,1,1
2020-01-13,0,0,0
2020-01-14,0,0,0
2020-01-14,0,0,0
2020-01-14,0,0,0
2020-01-14,0,0,0
2020-01-14,0,0,0
2020-01-14,0,0,0
2020-01-14,0,0,0
2020-01-14,0,0,0
2020-01-14,2,2,0
2020-01-14,3,2,1
2020-01-14,1,1,0
2020-01-14,0,0,0
2020-01-14,2,1,1
2020-01-14,1,1,0
2020-01-14,2,1,1
2020-01-14,1,1,0
2020-01-14,2,0,2
2020-01-14,2,0,2
2020-01-14,3,3,0
2020-01-14,2,1,1
2020-01-14,1,0,1
2020-01-14,0,0,0
2020-01-14,0,0,0
2020-01-14,0,0,0
2020-01-15,1,0,1
2020-01-15,0,0,0
2020-01-15,0,0,0
2020-01-15,0,0,0
2020-01-15,0,0,0
2020-01-15,0,0,0
2020-01-15,0,0,0
2020-01-15,2,2,0
2020-01-15,2,2,0
2020-01-15,0,0,0
2020-01-15,2,1,1
2020-01-15,0,0,0
2020-01-15,1,0,1
2020-01-15,2,0,2
2020-01-15,2,1,1
2020-01-15,0,0,0
2020-01-15,1,0,1
2020-01-15,3,0,3
2020-01-15,3,1,2
2020-01-15,0,0,0
2020-01-15,3,2,1
2020-01-15,1,1,0
2020-01-15,0,0,0
2020-01-15,0,0,0
2020-01-16,0,0,0
2020-01-16,0,0,0
2020-01-16,0,0,0
2020-01-16,0,0,0
2020-01-16,0,0,0
2020-01-16,0,0,0
2020-01-16,1,1,0
2020-01-16,4,3,1
2020-01-16,8,5,3
2020-01-16,1,1,0
2020-01-16,2,1,1
2020-01-16,3,2,1
2020-01-16,8,5,3
2020-01-16,9,3,6
2020-01-16,3,2,1
2020-01-16,7,3,4
2020-01-16,3,1,2
2020-01-16,5,0,5
2020-01-16,5,3,2
2020-01-16,3,2,1
2020-01-16,4,2,2
2020-01-16,2,1,1
2020-01-16,1,0,1
2020-01-16,1,0,1
2020-01-17,1,0,1
2020-01-17,0,0,0
2020-01-17,0,0,0
2020-01-17,0,0,0
2020-01-17,1,0,1
2020-01-17,0,0,0
2020-01-17,0,0,0
2020-01-17,6,4,2
2020-01-17,11,7,4
2020-01-17,3,1,2
2020-01-17,2,0,2
2020-01-17,3,1,2
2020-01-17,2,2,0
2020-01-17,2,2,0
2020-01-17,3,2,1
2020-01-17,0,0,0
2020-01-17,2,1,1
2020-01-17,0,0,0
2020-01-17,0,0,0
2020-01-17,0,0,0
2020-01-17,0,0,0
2020-01-17,0,0,0
2020-01-17,0,0,0
2020-01-17,1,0,1
2020-01-18,1,0,1
2020-01-18,0,0,0
2020-01-18,0,0,0
2020-01-18,0,0,0
2020-01-18,0,0,0
2020-01-18,0,0,0
2020-01-18,0,0,0
2020-01-18,0,0,0
2020-01-18,0,0,0
2020-01-18,2,1,1
2020-01-18,3,2,1
2020-01-18,1,0,1
2020-01-18,4,1,3
2020-01-18,4,2,2
2020-01-18,2,1,1
2020-01-18,4,2,2
2020-01-18,9,4,5
2020-01-18,4,3,1
2020-01-18,1,1,0
2020-01-18,2,1,1
2020-01-18,2,2,0
2020-01-18,4,3,1
2020-01-18,0,0,0
2020-01-18,0,0,0
2020-01-19,0,0,0
2020-01-19,2,2,0
2020-01-19,0,0,0
2020-01-19,0,0,0
2020-01-19,1,1,0
2020-01-19,0,0,0
2020-01-19,0,0,0
2020-01-19,1,1,0
2020-01-19,0,0,0
2020-01-19,2,0,2
2020-01-19,3,0,3
2020-01-19,3,1,2
2020-01-19,7,3,4
2020-01-19,3,2,1
2020-01-19,4,1,3
2020-01-19,4,1,3
2020-01-19,7,6,1
2020-01-19,5,4,1
2020-01-19,0,0,0
2020-01-19,1,0,1
2020-01-19,3,1,2
2020-01-19,0,0,0
2020-01-19,0,0,0
2020-01-19,0,0,0
2020-01-20,0,0,0
2020-01-20,0,0,0
2020-01-20,0,0,0
2020-01-20,1,1,0
2020-01-20,0,0,0
2020-01-20,0,0,0
2020-01-20,1,1,0
2020-01-20,2,2,0
2020-01-20,5,3,2
2020-01-20,2,0,2
2020-01-20,3,1,2
2020-01-20,2,2,0
2020-01-20,5,1,4
2020-01-20,5,3,2
2020-01-20,4,2,2
2020-01-20,4,2,2
2020-01-20,8,4,4
2020-01-20,8,6,2
2020-01-20,4,2,2
2020-01-20,7,5,2
2020-01-20,1,1,0
2020-01-20,2,2,0
2020-01-20,2,2,0
2020-01-20,0,0,0
2020-01-21,0,0,0
2020-01-21,0,0,0
2020-01-21,0,0,0
2020-01-21,0,0,0
2020-01-21,0,0,0
2020-01-21,0,0,0
2020-01-21,2,1,1
2020-01-21,1,1,0
2020-01-21,6,6,0
2020-01-21,8,3,5
2020-01-21,5,4,1
2020-01-21,1,1,0
2020-01-21,5,3,2
2020-01-21,3,3,0
2020-01-21,2,1,1
2020-01-21,3,2,1
2020-01-21,3,1,2
2020-01-21,9,3,6
2020-01-21,6,4,2
2020-01-21,3,2,1
2020-01-21,1,1,0
2020-01-21,1,1,0
2020-01-21,2,1,1
2020-01-21,0,0,0
2020-01-22,0,0,0
2020-01-22,0,0,0
2020-01-22,0,0,0
2020-01-22,1,0,1
2020-01-22,0,0,0
2020-01-22,0,0,0
2020-01-22,0,0,0
2020-01-22,2,1,1
2020-01-22,2,2,0
2020-01-22,4,3,1
2020-01-22,2,1,1
2020-01-22,0,0,0
2020-01-22,5,2,3
2020-01-22,7,5,2
2020-01-22,2,2,0
2020-01-22,5,4,1
2020-01-22,2,0,2
2020-01-22,4,1,3
2020-01-22,3,1,2
2020-01-22,3,3,0
2020-01-22,1,1,0
2020-01-22,2,1,1
2020-01-22,0,0,0
2020-01-22,0,0,0
2020-01-23,0,0,0
2020-01-23,0,0,0
2020-01-23,0,0,0
2020-01-23,0,0,0
2020-01-23,2,2,0
2020-01-23,0,0,0
2020-01-23,1,0,1
2020-01-23,2,2,0
2020-01-23,5,4,1
2020-01-23,3,2,1
2020-01-23,4,2,2
2020-01-23,3,0,3
2020-01-23,3,3,0
2020-01-23,0,0,0
2020-01-23,1,1,0
2020-01-23,2,1,1
2020-01-23,4,1,3
2020-01-23,9,3,6
2020-01-23,4,3,1
2020-01-23,5,3,2
2020-01-23,3,1,2
2020-01-23,2,1,1
2020-01-23,2,1,1
2020-01-23,0,0,0
2020-01-24,0,0,0
2020-01-24,0,0,0
2020-01-24,0,0,0
2020-01-24,0,0,0
2020-01-24,0,0,0
2020-01-24,0,0,0
2020-01-24,0,0,0
2020-01-24,3,2,1
2020-01-24,6,5,1
2020-01-24,3,2,1
2020-01-24,6,2,4
2020-01-24,4,3,1
2020-01-24,2,2,0
2020-01-24,2,2,0
2020-01-24,10,7,3
2020-01-24,5,1,4
2020-01-24,3,1,2
2020-01-24,6,0,6
2020-01-24,1,0,1
2020-01-24,2,1,1
2020-01-24,3,3,0
2020-01-24,0,0,0
2020-01-24,0,0,0
2020-01-24,0,0,0
2020-01-25,2,0,2
2020-01-25,0,0,0
2020-01-25,0,0,0
2020-01-25,0,0,0
2020-01-25,0,0,0
2020-01-25,0,0,0
2020-01-25,0,0,0
2020-01-25,1,1,0
2020-01-25,1,1,0
2020-01-25,1,1,0
2020-01-25,8,3,5
2020-01-25,9,2,7
2020-01-25,4,1,3
2020-01-25,7,3,4
2020-01-25,6,3,3
2020-01-25,3,1,2
2020-01-25,5,4,1
2020-01-25,5,3,2
2020-01-25,0,0,0
2020-01-25,0,0,0
2020-01-25,1,1,0
2020-01-25,0,0,0
2020-01-25,0,0,0
2020-01-25,2,2,0
2020-01-26,1,0,1
2020-01-26,0,0,0
2020-01-26,0,0,0
2020-01-26,0,0,0
2020-01-26,0,0,0
2020-01-26,0,0,0
2020-01-26,1,0,1
2020-01-26,1,1,0
2020-01-26,0,0,0
2020-01-26,4,1,3
2020-01-26,7,3,4
2020-01-26,13,6,7
2020-01-26,6,3,3
2020-01-26,10,7,3
2020-01-26,9,4,5
2020-01-26,15,10,5
2020-01-26,9,4,5
2020-01-26,2,2,0
2020-01-26,3,2,1
2020-01-26,1,0,1
2020-01-26,0,0,0
2020-01-26,1,0,1
2020-01-26,0,0,0
2020-01-26,0,0,0
2020-01-27,0,0,0
2020-01-27,0,0,0
2020-01-27,0,0,0
2020-01-27,0,0,0
2020-01-27,1,0,1
2020-01-27,1,0,1
2020-01-27,0,0,0
2020-01-27,3,2,1
2020-01-27,7,4,3
2020-01-27,5,1,4
2020-01-27,4,1,3
2020-01-27,3,0,3
2020-01-27,4,3,1
2020-01-27,3,3,0
2020-01-27,2,1,1
2020-01-27,4,1,3
2020-01-27,2,1,1
2020-01-27,5,1,4
2020-01-27,7,3,4
2020-01-27,2,2,0
2020-01-27,0,0,0
2020-01-27,1,0,1
2020-01-27,0,0,0
2020-01-27,0,0,0
2020-01-28,0,0,0
2020-01-28,2,1,1
2020-01-28,0,0,0
2020-01-28,0,0,0
2020-01-28,0,0,0
2020-01-28,1,0,1
2020-01-28,0,0,0
2020-01-28,3,2,1
2020-01-28,9,5,4
2020-01-28,5,2,3
2020-01-28,1,0,1
2020-01-28,5,2,3
2020-01-28,1,0,1
2020-01-28,3,2,1
2020-01-28,2,1,1
2020-01-28,7,5,2
2020-01-28,6,1,5
2020-01-28,9,4,5
2020-01-28,5,1,4
2020-01-28,3,3,0
2020-01-28,5,2,3
2020-01-28,2,2,0
2020-01-28,1,0,1
2020-01-28,1,1,0
2020-01-29,1,0,1
2020-01-29,0,0,0
2020-01-29,0,0,0
2020-01-29,1,0,1
2020-01-29,0,0,0
2020-01-29,0,0,0
2020-01-29,0,0,0
2020-01-29,4,3,1
2020-01-29,3,3,0
2020-01-29,4,2,2
2020-01-29,4,3,1
2020-01-29,2,0,2
2020-01-29,6,3,3
2020-01-29,2,1,1
2020-01-29,1,0,1
2020-01-29,4,1,3
2020-01-29,5,2,3
2020-01-29,8,3,5
2020-01-29,4,2,2
2020-01-29,4,3,1
2020-01-29,2,0,2
2020-01-29,4,3,1
2020-01-29,1,0,1
2020-01-29,0,0,0
2020-01-30,2,1,1
2020-01-30,0,0,0
2020-01-30,0,0,0
2020-01-30,0,0,0
2020-01-30,0,0,0
2020-01-30,0,0,0
2020-01-30,0,0,0
2020-01-30,7,5,2
2020-01-30,4,3,1
2020-01-30,5,1,4
2020-01-30,8,5,3
2020-01-30,6,2,4
2020-01-30,4,2,2
2020-01-30,8,2,6
2020-01-30,9,1,8
2020-01-30,11,10,1
2020-01-30,3,1,2
2020-01-30,7,3,4
2020-01-30,6,3,3
2020-01-30,4,2,2
2020-01-30,3,2,1
2020-01-30,4,2,2
2020-01-30,1,0,1
2020-01-30,0,0,0
2020-01-31,0,0,0
2020-01-31,0,0,0
2020-01-31,0,0,0
2020-01-31,0,0,0
2020-01-31,0,0,0
2020-01-31,0,0,0
2020-01-31,0,0,0
2020-01-31,3,2,1
2020-01-31,9,6,3
2020-01-31,2,1,1
2020-01-31,3,2,1
2020-01-31,5,1,4
2020-01-31,2,2,0
2020-01-31,2,0,2
2020-01-31,0,0,0
2020-01-31,1,0,1
2020-01-31,3,2,1
2020-01-31,4,3,1
2020-01-31,3,1,2
2020-01-31,2,2,0
2020-01-31,2,1,1
2020-01-31,0,0,0
2020-01-31,1,0,1
2020-01-31,1,0,1
2020-05-01,0,0,0
2020-05-01,0,0,0
2020-05-01,0,0,0
2020-05-01,0,0,0
2020-05-01,0,0,0
2020-05-01,0,0,0
2020-05-01,0,0,0
2020-05-01,0,0,0
2020-05-01,0,0,0
2020-05-01,0,0,0
2020-05-01,0,0,0
2020-05-01,0,0,0
2020-05-01,0,0,0
2020-05-01,0,0,0
2020-05-01,0,0,0
2020-05-01,0,0,0
2020-05-01,0,0,0
2020-05-01,0,0,0
2020-05-01,0,0,0
2020-05-01,0,0,0
2020-05-01,0,0,0
2020-05-01,0,0,0
2020-05-01,0,0,0
2020-05-01,0,0,0
2020-05-02,0,0,0
2020-05-02,0,0,0
2020-05-02,0,0,0
2020-05-02,0,0,0
2020-05-02,0,0,0
2020-05-02,0,0,0
2020-05-02,0,0,0
2020-05-02,0,0,0
2020-05-02,0,0,0
2020-05-02,0,0,0
2020-05-02,0,0,0
2020-05-02,0,0,0
2020-05-02,0,0,0
2020-05-02,0,0,0
2020-05-02,0,0,0
2020-05-02,0,0,0
2020-05-02,0,0,0
2020-05-02,0,0,0
2020-05-02,0,0,0
2020-05-02,0,0,0
2020-05-02,0,0,0
2020-05-02,0,0,0
2020-05-02,0,0,0
2020-05-02,0,0,0
2020-05-03,0,0,0
2020-05-03,0,0,0
2020-05-03,0,0,0
2020-05-03,0,0,0
2020-05-03,0,0,0
2020-05-03,0,0,0
2020-05-03,0,0,0
2020-05-03,0,0,0
2020-05-03,0,0,0
2020-05-03,0,0,0
2020-05-03,0,0,0
2020-05-03,0,0,0
2020-05-03,0,0,0
2020-05-03,0,0,0
2020-05-03,0,0,0
2020-05-03,0,0,0
2020-05-03,0,0,0
2020-05-03,0,0,0
2020-05-03,0,0,0
2020-05-03,0,0,0
2020-05-03,0,0,0
2020-05-03,0,0,0
2020-05-03,0,0,0
2020-05-03,0,0,0
2020-05-04,0,0,0
2020-05-04,0,0,0
2020-05-04,0,0,0
2020-05-04,0,0,0
2020-05-04,0,0,0
2020-05-04,0,0,0
2020-05-04,0,0,0
2020-05-04,0,0,0
2020-05-04,0,0,0
2020-05-04,0,0,0
2020-05-04,0,0,0
2020-05-04,0,0,0
2020-05-04,0,0,0
2020-05-04,0,0,0
2020-05-04,0,0,0
2020-05-04,0,0,0
2020-05-04,0,0,0
2020-05-04,0,0,0
2020-05-04,0,0,0
2020-05-04,0,0,0
2020-02-01,0,0,0
2020-02-01,0,0,0
2020-02-01,0,0,0
2020-02-01,0,0,0
2020-02-01,0,0,0
2020-02-01,0,0,0
2020-02-01,0,0,0
2020-02-01,0,0,0
2020-02-01,1,0,1
2020-02-01,4,1,3
2020-02-01,2,1,1
2020-02-01,2,1,1
2020-02-01,6,4,2
2020-02-01,3,3,0
2020-02-01,5,2,3
2020-02-01,1,0,1
2020-02-01,4,1,3
2020-02-01,4,3,1
2020-02-01,1,1,0
2020-02-01,1,1,0
2020-02-01,2,0,2
2020-02-01,1,1,0
2020-02-01,1,1,0
2020-02-01,0,0,0
2020-02-02,0,0,0
2020-02-02,0,0,0
2020-02-02,0,0,0
2020-02-02,1,0,1
2020-02-02,0,0,0
2020-02-02,1,0,1
2020-02-02,3,1,2
2020-02-02,1,1,0
2020-02-02,2,1,1
2020-02-02,3,0,3
2020-02-02,3,0,3
2020-02-02,7,1,6
2020-02-02,11,3,8
2020-02-02,9,3,6
2020-02-02,5,5,0
2020-02-02,7,4,3
2020-02-02,10,5,5
2020-02-02,2,1,1
2020-02-02,6,4,2
2020-02-02,2,1,1
2020-02-02,0,0,0
2020-02-02,1,1,0
2020-02-02,0,0,0
2020-02-02,0,0,0
2020-02-03,0,0,0
2020-02-03,0,0,0
2020-02-03,1,0,1
2020-02-03,2,0,2
2020-02-03,0,0,0
2020-02-03,0,0,0
2020-02-03,0,0,0
2020-02-03,9,8,1
2020-02-03,9,5,4
2020-02-03,2,1,1
2020-02-03,5,3,2
2020-02-03,1,1,0
2020-02-03,4,2,2
2020-02-03,4,4,0
2020-02-03,7,5,2
2020-02-03,6,0,6
2020-02-03,6,4,2
2020-02-03,11,4,7
2020-02-03,2,0,2
2020-02-03,1,0,1
2020-02-03,4,1,3
2020-02-03,3,3,0
2020-02-03,1,0,1
2020-02-03,0,0,0
2020-02-04,1,0,1
2020-02-04,0,0,0
2020-02-04,0,0,0
2020-02-04,0,0,0
2020-02-04,0,0,0
2020-02-04,0,0,0
2020-02-04,0,0,0
2020-02-04,3,3,0
2020-02-04,4,3,1
2020-02-04,4,1,3
2020-02-04,3,2,1
2020-02-04,4,3,1
2020-02-04,0,0,0
2020-02-04,2,1,1
2020-02-04,4,3,1
2020-02-04,4,4,0
2020-02-04,3,0,3
2020-02-04,10,3,7
2020-02-04,9,3,6
2020-02-04,2,1,1
2020-02-04,1,1,0
2020-02-04,3,2,1
2020-02-04,0,0,0
2020-02-04,1,0,1
2020-02-05,1,1,0
2020-02-05,0,0,0
2020-02-05,0,0,0
2020-02-05,0,0,0
2020-02-05,0,0,0
2020-02-05,0,0,0
2020-02-05,0,0,0
2020-02-05,2,2,0
2020-02-05,5,4,1
2020-02-05,2,1,1
2020-02-05,1,1,0
2020-02-05,0,0,0
2020-02-05,1,0,1
2020-02-05,1,0,1
2020-02-05,0,0,0
2020-02-05,1,1,0
2020-02-05,2,0,2
2020-02-05,3,1,2
2020-02-05,3,0,3
2020-02-05,2,1,1
2020-02-05,2,1,1
2020-02-05,3,2,1
2020-02-05,0,0,0
2020-02-05,3,2,1
2020-02-06,0,0,0
2020-02-06,1,1,0
2020-02-06,0,0,0
2020-02-06,1,0,1
2020-02-06,0,0,0
2020-02-06,0,0,0
2020-02-06,1,0,1
2020-02-06,2,2,0
2020-02-06,6,4,2
2020-02-06,4,1,3
2020-02-06,2,2,0
2020-02-06,2,0,2
2020-02-06,0,0,0
2020-02-06,1,1,0
2020-02-06,2,0,2
2020-02-06,3,2,1
2020-02-06,1,1,0
2020-02-06,6,2,4
2020-02-06,3,1,2
2020-02-06,4,2,2
2020-02-06,2,0,2
2020-02-06,1,1,0
2020-02-06,2,1,1
2020-02-06,0,0,0
2020-02-07,0,0,0
2020-02-07,1,0,1
2020-02-07,1,0,1
2020-02-07,0,0,0
2020-02-07,0,0,0
2020-02-07,0,0,0
2020-02-07,0,0,0
2020-02-07,5,3,2
2020-02-07,4,4,0
2020-02-07,2,2,0
2020-02-07,2,1,1
2020-02-07,2,0,2
2020-02-07,3,1,2
2020-02-07,1,0,1
2020-02-07,3,3,0
2020-02-07,0,0,0
2020-02-07,4,1,3
2020-02-07,6,2,4
2020-02-07,4,2,2
2020-02-07,4,1,3
2020-02-07,1,0,1
2020-02-07,1,1,0
2020-02-07,0,0,0
2020-02-07,0,0,0
2020-02-08,1,1,0
2020-02-08,1,0,1
2020-02-08,0,0,0
2020-02-08,0,0,0
2020-02-08,0,0,0
2020-02-08,0,0,0
2020-02-08,0,0,0
2020-02-08,2,2,0
2020-02-08,1,0,1
2020-02-08,2,1,1
2020-02-08,5,2,3
2020-02-08,13,8,5
2020-02-08,9,4,5
2020-02-08,4,4,0
2020-02-08,3,2,1
2020-02-08,4,3,1
2020-02-08,3,3,0
2020-02-08,7,1,6
2020-02-08,2,0,2
2020-02-08,3,2,1
2020-02-08,2,1,1
2020-02-08,0,0,0
2020-02-08,1,1,0
2020-02-08,2,1,1
2020-02-09,0,0,0
2020-02-09,0,0,0
2020-02-09,0,0,0
2020-02-09,0,0,0
2020-02-09,0,0,0
2020-02-09,0,0,0
2020-02-09,0,0,0
2020-02-09,3,1,2
2020-02-09,1,1,0
2020-02-09,1,0,1
2020-02-09,3,1,2
2020-02-09,11,3,8
2020-02-09,2,1,1
2020-02-09,15,6,9
2020-02-09,14,7,7
2020-02-09,6,3,3
2020-02-09,21,9,12
2020-02-09,9,6,3
2020-02-09,6,5,1
2020-02-09,3,3,0
2020-02-09,2,0,2
2020-02-09,0,0,0
2020-02-09,2,1,1
2020-02-09,0,0,0
2020-02-10,0,0,0
2020-02-10,0,0,0
2020-02-10,1,1,0
2020-02-10,1,0,1
2020-02-10,0,0,0
2020-02-10,0,0,0
2020-02-10,1,1,0
2020-02-10,4,4,0
2020-02-10,5,3,2
2020-02-10,3,1,2
2020-02-10,3,1,2
2020-02-10,5,2,3
2020-02-10,2,1,1
2020-02-10,7,1,6
2020-02-10,9,5,4
2020-02-10,8,4,4
2020-02-10,11,6,5
2020-02-10,12,1,11
2020-02-10,11,6,5
2020-02-10,2,1,1
2020-02-10,0,0,0
2020-02-10,1,0,1
2020-02-10,1,0,1
2020-02-10,0,0,0
2020-02-11,0,0,0
2020-02-11,2,0,2
2020-02-11,0,0,0
2020-02-11,0,0,0
2020-02-11,0,0,0
2020-02-11,0,0,0
2020-02-11,0,0,0
2020-02-11,3,3,0
2020-02-11,6,5,1
2020-02-11,5,2,3
2020-02-11,5,4,1
2020-02-11,5,3,2
2020-02-11,3,2,1
2020-02-11,2,1,1
2020-02-11,9,4,5
2020-02-11,1,1,0
2020-02-11,6,3,3
2020-02-11,5,1,4
2020-02-11,13,3,10
2020-02-11,5,1,4
2020-02-11,6,2,4
2020-02-11,6,4,2
2020-02-11,1,1,0
2020-02-11,1,1,0
2020-02-12,0,0,0
2020-02-12,0,0,0
2020-02-12,0,0,0
2020-02-12,1,0,1
2020-02-12,0,0,0
2020-02-12,1,0,1
2020-02-12,0,0,0
2020-02-12,10,10,0
2020-02-12,6,4,2
2020-02-12,5,0,5
2020-02-12,4,3,1
2020-02-12,2,0,2
2020-02-12,4,3,1
2020-02-12,5,2,3
2020-02-12,3,2,1
2020-02-12,9,2,7
2020-02-12,7,5,2
2020-02-12,11,3,8
2020-02-12,8,2,6
2020-02-12,6,1,5
2020-02-12,1,1,0
2020-02-12,1,1,0
2020-02-12,0,0,0
2020-02-12,0,0,0
2020-02-13,0,0,0
2020-02-13,0,0,0
2020-02-13,0,0,0
2020-02-13,0,0,0
2020-02-13,0,0,0
2020-02-13,0,0,0
2020-02-13,2,2,0
2020-02-13,6,5,1
2020-02-13,4,2,2
2020-02-13,4,3,1
2020-02-13,3,2,1
2020-02-13,5,2,3
2020-02-13,2,0,2
2020-02-13,3,1,2
2020-02-13,2,1,1
2020-02-13,4,2,2
2020-02-13,4,0,4
2020-02-13,2,0,2
2020-02-13,6,0,6
2020-02-13,5,4,1
2020-02-13,5,2,3
2020-02-13,1,0,1
2020-02-13,1,0,1
2020-02-13,1,0,1
2020-02-14,0,0,0
2020-02-14,0,0,0
2020-02-14,0,0,0
2020-02-14,0,0,0
2020-02-14,0,0,0
2020-02-14,0,0,0
2020-02-14,1,0,1
2020-02-14,7,5,2
2020-02-14,8,6,2
2020-02-14,5,3,2
2020-02-14,3,2,1
2020-02-14,5,3,2
2020-02-14,4,0,4
2020-02-14,8,4,4
2020-02-14,7,6,1
2020-02-14,10,5,5
2020-02-14,8,3,5
2020-02-14,7,4,3
2020-02-14,6,4,2
2020-02-14,6,5,1
2020-02-14,2,1,1
2020-02-14,0,0,0
2020-02-14,0,0,0
2020-02-14,1,0,1
2020-02-15,0,0,0
2020-02-15,1,0,1
2020-02-15,0,0,0
2020-02-15,0,0,0
2020-02-15,0,0,0
2020-02-15,1,0,1
2020-02-15,0,0,0
2020-02-15,1,1,0
2020-02-15,1,1,0
2020-02-15,4,1,3
2020-02-15,2,1,1
2020-02-15,2,1,1
2020-02-15,3,1,2
2020-02-15,5,2,3
2020-02-15,6,3,3
2020-02-15,11,5,6
2020-02-15,1,1,0
2020-02-15,2,0,2
2020-02-15,3,3,0
2020-02-15,4,2,2
2020-02-15,0,0,0
2020-02-15,0,0,0
2020-02-15,0,0,0
2020-02-15,1,0,1
2020-02-16,0,0,0
2020-02-16,0,0,0
2020-02-16,0,0,0
2020-02-16,0,0,0
2020-02-16,0,0,0
2020-02-16,0,0,0
2020-02-16,0,0,0
2020-02-16,1,1,0
2020-02-16,1,1,0
2020-02-16,3,3,0
2020-02-16,4,2,2
2020-02-16,1,0,1
2020-02-16,12,2,10
2020-02-16,8,5,3
2020-02-16,4,3,1
2020-02-16,6,4,2
2020-02-16,5,1,4
2020-02-16,4,2,2
2020-02-16,2,2,0
2020-02-16,1,1,0
2020-02-16,0,0,0
2020-02-16,0,0,0
2020-02-16,1,0,1
2020-02-16,0,0,0
2020-02-17,0,0,0
2020-02-17,0,0,0
2020-02-17,0,0,0
2020-02-17,1,0,1
2020-02-17,0,0,0
2020-02-17,0,0,0
2020-02-17,3,2,1
2020-02-17,6,6,0
2020-02-17,2,1,1
2020-02-17,4,1,3
2020-02-17,5,3,2
2020-02-17,4,2,2
2020-02-17,7,3,4
2020-02-17,8,4,4
2020-02-17,6,4,2
2020-02-17,13,3,10
2020-02-17,12,6,6
2020-02-17,7,1,6
2020-02-17,6,4,2
2020-02-17,5,3,2
2020-02-17,1,0,1
2020-02-17,0,0,0
2020-02-17,2,1,1
2020-02-17,0,0,0
2020-02-18,0,0,0
2020-02-18,0,0,0
2020-02-18,0,0,0
2020-02-18,0,0,0
2020-02-18,0,0,0
2020-02-18,0,0,0
2020-02-18,0,0,0
2020-02-18,3,1,2
2020-02-18,6,4,2
2020-02-18,3,1,2
2020-02-18,2,1,1
2020-02-18,2,1,1
2020-02-18,4,4,0
2020-02-18,3,1,2
2020-02-18,10,5,5
2020-02-18,6,3,3
2020-02-18,4,2,2
2020-02-18,10,3,7
2020-02-18,11,6,5
2020-02-18,5,3,2
2020-02-18,1,1,0
2020-02-18,0,0,0
2020-02-18,3,1,2
2020-02-18,2,1,1
2020-02-19,0,0,0
2020-02-19,0,0,0
2020-02-19,0,0,0
2020-02-19,0,0,0
2020-02-19,0,0,0
2020-02-19,1,1,0
2020-02-19,1,1,0
2020-02-19,5,5,0
2020-02-19,5,4,1
2020-02-19,6,2,4
2020-02-19,1,0,1
2020-02-19,1,0,1
2020-02-19,5,2,3
2020-02-19,8,4,4
2020-02-19,7,3,4
2020-02-19,8,4,4
2020-02-19,6,3,3
2020-02-19,13,3,10
2020-02-19,7,2,5
2020-02-19,7,6,1
2020-02-19,3,2,1
2020-02-19,1,1,0
2020-02-19,1,0,1
2020-02-19,0,0,0
2020-02-20,0,0,0
2020-02-20,0,0,0
2020-02-20,0,0,0
2020-02-20,1,0,1
2020-02-20,0,0,0
2020-02-20,0,0,0
2020-02-20,1,0,1
2020-02-20,4,4,0
2020-02-20,9,6,3
2020-02-20,9,2,7
2020-02-20,2,1,1
2020-02-20,5,3,2
2020-02-20,4,2,2
2020-02-20,8,2,6
2020-02-20,3,0,3
2020-02-20,5,3,2
2020-02-20,10,6,4
2020-02-20,10,4,6
2020-02-20,7,6,1
2020-02-20,4,1,3
2020-02-20,2,1,1
2020-02-20,1,0,1
2020-02-20,0,0,0
2020-02-20,0,0,0
2020-02-21,0,0,0
2020-02-21,0,0,0
2020-02-21,0,0,0
2020-02-21,0,0,0
2020-02-21,0,0,0
2020-02-21,0,0,0
2020-02-21,0,0,0
2020-02-21,4,3,1
2020-02-21,4,1,3
2020-02-21,4,1,3
2020-02-21,5,1,4
2020-02-21,1,0,1
2020-02-21,6,0,6
2020-02-21,5,3,2
2020-02-21,6,2,4
2020-02-21,9,2,7
2020-02-21,13,7,6
2020-02-21,8,5,3
2020-02-21,3,2,1
2020-02-21,3,2,1
2020-02-21,2,2,0
2020-02-21,3,1,2
2020-02-21,1,1,0
2020-02-21,1,1,0
2020-02-22,1,1,0
2020-02-22,0,0,0
2020-02-22,0,0,0
2020-02-22,0,0,0
2020-02-22,0,0,0
2020-02-22,1,0,1
2020-02-22,0,0,0
2020-02-22,0,0,0
2020-02-22,0,0,0
2020-02-22,1,0,1
2020-02-22,3,0,3
2020-02-22,5,3,2
2020-02-22,2,0,2
2020-02-22,10,4,6
2020-02-22,13,10,3
2020-02-22,11,6,5
2020-02-22,7,1,6
2020-02-22,5,1,4
2020-02-22,4,0,4
2020-02-22,3,1,2
2020-02-22,2,1,1
2020-02-22,1,1,0
2020-02-22,1,1,0
2020-02-22,0,0,0
2020-02-23,0,0,0
2020-02-23,0,0,0
2020-02-23,0,0,0
2020-02-23,0,0,0
2020-02-23,1,0,1
2020-02-23,0,0,0
2020-02-23,1,0,1
2020-02-23,5,4,1
2020-02-23,4,1,3
2020-02-23,1,0,1
2020-02-23,1,0,1
2020-02-23,4,0,4
2020-02-23,10,5,5
2020-02-23,11,7,4
2020-02-23,6,4,2
2020-02-23,5,4,1
2020-02-23,10,2,8
2020-02-23,12,8,4
2020-02-23,3,2,1
2020-02-23,0,0,0
2020-02-23,1,0,1
2020-02-23,0,0,0
2020-02-23,0,0,0
2020-02-23,0,0,0
2020-02-24,1,0,1
2020-02-24,0,0,0
2020-02-24,0,0,0
2020-02-24,1,0,1
2020-02-24,0,0,0
2020-02-24,1,0,1
2020-02-24,0,0,0
2020-02-24,6,6,0
2020-02-24,4,2,2
2020-02-24,3,1,2
2020-02-24,3,1,2
2020-02-24,3,2,1
2020-02-24,5,2,3
2020-02-24,4,2,2
2020-02-24,8,4,4
2020-02-24,2,1,1
2020-02-24,4,2,2
2020-02-24,6,2,4
2020-02-24,7,2,5
2020-02-24,3,1,2
2020-02-24,1,0,1
2020-02-24,1,1,0
2020-02-24,0,0,0
2020-02-24,0,0,0
2020-02-25,0,0,0
2020-02-25,0,0,0
2020-02-25,0,0,0
2020-02-25,0,0,0
2020-02-25,0,0,0
2020-02-25,0,0,0
2020-02-25,3,2,1
2020-02-25,4,4,0
2020-02-25,11,8,3
2020-02-25,6,1,5
2020-02-25,4,1,3
2020-02-25,1,1,0
2020-02-25,2,2,0
2020-02-25,1,0,1
2020-02-25,4,2,2
2020-02-25,10,4,6
2020-02-25,6,2,4
2020-02-25,8,4,4
2020-02-25,11,4,7
2020-02-25,4,0,4
2020-02-25,3,2,1
2020-02-25,2,1,1
2020-02-25,2,2,0
2020-02-25,0,0,0
2020-02-26,1,0,1
2020-02-26,0,0,0
2020-02-26,1,1,0
2020-02-26,0,0,0
2020-02-26,1,0,1
2020-02-26,1,1,0
2020-02-26,1,1,0
2020-02-26,9,8,1
2020-02-26,5,4,1
2020-02-26,5,2,3
2020-02-26,4,2,2
2020-02-26,3,0,3
2020-02-26,6,1,5
2020-02-26,8,5,3
2020-02-26,4,2,2
2020-02-26,11,4,7
2020-02-26,9,4,5
2020-02-26,14,6,8
2020-02-26,8,2,6
2020-02-26,5,2,3
2020-02-26,2,1,1
2020-02-26,3,0,3
2020-02-26,3,1,2
2020-02-26,3,2,1
2020-02-27,0,0,0
2020-02-27,1,1,0
2020-02-27,1,0,1
2020-02-27,0,0,0
2020-02-27,1,1,0
2020-02-27,0,0,0
2020-02-27,4,2,2
2020-02-27,5,3,2
2020-02-27,5,3,2
2020-02-27,6,5,1
2020-02-27,5,3,2
2020-02-27,5,1,4
2020-02-27,5,1,4
2020-02-27,5,3,2
2020-02-27,5,3,2
2020-02-27,8,4,4
2020-02-27,7,4,3
2020-02-27,20,7,13
2020-02-27,11,6,5
2020-02-27,6,4,2
2020-02-27,5,4,1
2020-02-27,3,1,2
2020-02-27,1,1,0
2020-02-27,0,0,0
2020-02-28,0,0,0
2020-02-28,0,0,0
2020-02-28,1,1,0
2020-02-28,0,0,0
2020-02-28,0,0,0
2020-02-28,1,0,1
2020-02-28,0,0,0
2020-02-28,5,3,2
2020-02-28,5,3,2
2020-02-28,6,3,3
2020-02-28,0,0,0
2020-02-28,2,0,2
2020-02-28,5,2,3
2020-02-28,5,4,1
2020-02-28,7,4,3
2020-02-28,3,1,2
2020-02-28,6,0,6
2020-02-28,5,4,1
2020-02-28,5,3,2
2020-02-28,2,0,2
2020-02-28,4,1,3
2020-02-28,1,1,0
2020-02-28,0,0,0
2020-02-28,0,0,0
2020-02-29,0,0,0
2020-02-29,0,0,0
2020-02-29,0,0,0
2020-02-29,0,0,0
2020-02-29,0,0,0
2020-02-29,0,0,0
2020-02-29,0,0,0
2020-02-29,2,1,1
2020-02-29,0,0,0
2020-02-29,0,0,0
2020-02-29,4,2,2
2020-02-29,12,2,10
2020-02-29,3,1,2
2020-02-29,9,4,5
2020-02-29,12,6,6
2020-02-29,16,5,11
2020-02-29,8,4,4
2020-02-29,8,5,3
2020-02-29,3,3,0
2020-02-29,1,0,1
2020-02-29,1,0,1
2020-02-29,1,1,0
2020-02-29,0,0,0
2020-02-29,0,0,0
2020-05-04,0,0,0
2020-05-04,0,0,0
2020-05-04,0,0,0
2020-05-04,0,0,0
2020-05-05,0,0,0
2020-05-05,0,0,0
2020-05-05,0,0,0
2020-05-05,0,0,0
2020-05-05,0,0,0
2020-05-05,0,0,0
2020-05-05,0,0,0
2020-05-05,0,0,0
2020-05-05,0,0,0
2020-05-05,0,0,0
2020-05-05,0,0,0
2020-05-05,0,0,0
2020-05-05,0,0,0
2020-05-05,0,0,0
2020-05-05,0,0,0
2020-05-05,0,0,0
2020-05-05,0,0,0
2020-05-05,19,7,12
2020-05-05,16,10,6
2020-05-05,17,8,9
2020-05-05,10,5,5
2020-05-05,1,1,0
2020-05-05,0,0,0
2020-05-05,3,2,1
2020-05-06,1,0,1
2020-05-06,0,0,0
2020-05-06,0,0,0
2020-05-06,2,0,2
2020-05-06,0,0,0
2020-05-06,0,0,0
2020-05-06,2,0,2
2020-05-06,2,2,0
2020-05-06,3,1,2
2020-05-06,3,0,3
2020-05-06,2,2,0
2020-05-06,4,2,2
2020-05-06,12,5,7
2020-05-06,12,5,7
2020-05-06,5,2,3
2020-05-06,7,2,5
2020-05-06,9,6,3
2020-05-06,23,10,13
2020-05-06,13,4,9
2020-05-06,7,3,4
2020-05-06,4,2,2
2020-05-06,3,1,2
2020-05-06,0,0,0
2020-05-06,0,0,0
2020-05-07,0,0,0
2020-05-07,0,0,0
2020-05-07,0,0,0
2020-05-07,0,0,0
2020-05-07,0,0,0
2020-05-07,1,1,0
2020-05-07,3,2,1
2020-05-07,8,4,4
2020-05-07,4,2,2
2020-05-07,5,4,1
2020-05-07,8,3,5
2020-05-07,11,8,3
2020-05-07,8,1,7
2020-05-07,15,7,8
2020-05-07,10,5,5
2020-05-07,14,6,8
2020-05-07,24,12,12
2020-05-07,26,11,15
2020-05-07,13,5,8
2020-05-07,24,13,11
2020-05-07,8,6,2
2020-05-07,3,3,0
2020-05-07,0,0,0
2020-05-07,0,0,0
2020-05-08,1,0,1
2020-05-08,0,0,0
2020-05-08,0,0,0
2020-05-08,0,0,0
2020-03-01,0,0,0
2020-03-01,1,1,0
2020-03-01,0,0,0
2020-03-01,0,0,0
2020-03-01,0,0,0
2020-03-01,0,0,0
2020-03-01,0,0,0
2020-03-01,3,3,0
2020-03-01,2,1,1
2020-03-01,5,1,4
2020-03-01,6,4,2
2020-03-01,9,6,3
2020-03-01,7,1,6
2020-03-01,12,7,5
2020-03-01,12,7,5
2020-03-01,6,2,4
2020-03-01,9,4,5
2020-03-01,2,0,2
2020-03-01,5,4,1
2020-03-01,2,1,1
2020-03-01,3,2,1
2020-03-01,0,0,0
2020-03-01,0,0,0
2020-03-01,1,1,0
2020-03-02,1,1,0
2020-03-02,0,0,0
2020-03-02,0,0,0
2020-03-02,1,0,1
2020-03-02,0,0,0
2020-03-02,1,0,1
2020-03-02,1,1,0
2020-03-02,4,4,0
2020-03-02,6,2,4
2020-03-02,3,1,2
2020-03-02,1,1,0
2020-03-02,2,1,1
2020-03-02,1,0,1
2020-03-02,2,1,1
2020-03-02,4,2,2
2020-03-02,2,2,0
2020-03-02,5,0,5
2020-03-02,7,3,4
2020-03-02,4,1,3
2020-03-02,5,3,2
2020-03-02,3,2,1
2020-03-02,0,0,0
2020-03-02,0,0,0
2020-03-02,1,1,0
2020-03-03,0,0,0
2020-03-03,0,0,0
2020-03-03,0,0,0
2020-03-03,1,0,1
2020-03-03,0,0,0
2020-03-03,0,0,0
2020-03-03,1,1,0
2020-03-03,4,2,2
2020-03-03,10,7,3
2020-03-03,6,3,3
2020-03-03,3,3,0
2020-03-03,4,1,3
2020-03-03,7,2,5
2020-03-03,2,1,1
2020-03-03,6,2,4
2020-03-03,8,6,2
2020-03-03,8,4,4
2020-03-03,13,7,6
2020-03-03,4,1,3
2020-03-03,7,1,6
2020-03-03,3,1,2
2020-03-03,3,2,1
2020-03-03,0,0,0
2020-03-03,0,0,0
2020-03-04,0,0,0
2020-03-04,0,0,0
2020-03-04,0,0,0
2020-03-04,0,0,0
2020-03-04,0,0,0
2020-03-04,0,0,0
2020-03-04,0,0,0
2020-03-04,5,4,1
2020-03-04,3,3,0
2020-03-04,7,1,6
2020-03-04,6,4,2
2020-03-04,5,2,3
2020-03-04,15,6,9
2020-03-04,7,6,1
2020-03-04,13,1,12
2020-03-04,5,2,3
2020-03-04,4,2,2
2020-03-04,12,4,8
2020-03-04,8,1,7
2020-03-04,4,4,0
2020-03-04,1,0,1
2020-03-04,1,0,1
2020-03-04,1,1,0
2020-03-04,1,0,1
2020-03-05,0,0,0
2020-03-05,0,0,0
2020-03-05,0,0,0
2020-03-05,0,0,0
2020-03-05,1,1,0
2020-03-05,0,0,0
2020-03-05,0,0,0
2020-03-05,5,3,2
2020-03-05,4,2,2
2020-03-05,3,3,0
2020-03-05,8,3,5
2020-03-05,3,0,3
2020-03-05,5,0,5
2020-03-05,12,6,6
2020-03-05,8,4,4
2020-03-05,4,2,2
2020-03-05,6,1,5
2020-03-05,4,1,3
2020-03-05,6,3,3
2020-03-05,3,0,3
2020-03-05,1,1,0
2020-03-05,1,0,1
2020-03-05,1,0,1
2020-03-05,1,0,1
2020-03-06,0,0,0
2020-03-06,0,0,0
2020-03-06,0,0,0
2020-03-06,0,0,0
2020-03-06,0,0,0
2020-03-06,0,0,0
2020-03-06,1,1,0
2020-03-06,1,0,1
2020-03-06,3,2,1
2020-03-06,3,1,2
2020-03-06,7,2,5
2020-03-06,3,1,2
2020-03-06,2,1,1
2020-03-06,4,2,2
2020-03-06,5,3,2
2020-03-06,5,1,4
2020-03-06,9,3,6
2020-03-06,6,4,2
2020-03-06,1,0,1
2020-03-06,8,5,3
2020-03-06,2,0,2
2020-03-06,0,0,0
2020-03-06,1,1,0
2020-03-06,2,1,1
2020-03-07,0,0,0
2020-03-07,0,0,0
2020-03-07,3,2,1
2020-03-07,0,0,0
2020-03-07,0,0,0
2020-03-07,1,1,0
2020-03-07,0,0,0
2020-03-07,1,0,1
2020-03-07,0,0,0
2020-03-07,5,1,4
2020-03-07,10,6,4
2020-03-07,12,4,8
2020-03-07,2,0,2
2020-03-07,6,3,3
2020-03-07,6,6,0
2020-03-07,7,0,7
2020-03-07,5,4,1
2020-03-07,14,6,8
2020-03-07,4,3,1
2020-03-07,0,0,0
2020-03-07,1,1,0
2020-03-07,1,1,0
2020-03-07,0,0,0
2020-03-07,0,0,0
2020-03-08,2,2,0
2020-03-08,1,0,1
2020-03-08,0,0,0
2020-03-08,0,0,0
2020-03-08,1,0,1
2020-03-08,0,0,0
2020-03-08,0,0,0
2020-03-08,1,0,1
2020-03-08,1,0,1
2020-03-08,2,1,1
2020-03-08,7,1,6
2020-03-08,4,1,3
2020-03-08,10,2,8
2020-03-08,10,6,4
2020-03-08,7,0,7
2020-03-08,7,3,4
2020-03-08,11,6,5
2020-03-08,7,4,3
2020-03-08,6,5,1
2020-03-08,1,0,1
2020-03-08,1,1,0
2020-03-08,4,4,0
2020-03-08,1,1,0
2020-03-08,1,0,1
2020-03-09,0,0,0
2020-03-09,1,0,1
2020-03-09,0,0,0
2020-03-09,1,0,1
2020-03-09,0,0,0
2020-03-09,0,0,0
2020-03-09,0,0,0
2020-03-09,1,0,1
2020-03-09,2,2,0
2020-03-09,6,2,4
2020-03-09,2,1,1
2020-03-09,3,2,1
2020-03-09,7,1,6
2020-03-09,8,4,4
2020-03-09,9,6,3
2020-03-09,9,5,4
2020-03-09,12,4,8
2020-03-09,11,5,6
2020-03-09,13,6,7
2020-03-09,5,3,2
2020-03-09,1,1,0
2020-03-09,2,0,2
2020-03-09,1,0,1
2020-03-09,1,1,0
2020-03-10,0,0,0
2020-03-10,0,0,0
2020-03-10,0,0,0
2020-03-10,0,0,0
2020-03-10,0,0,0
2020-03-10,0,0,0
2020-03-10,0,0,0
2020-03-10,4,3,1
2020-03-10,6,2,4
2020-03-10,2,0,2
2020-03-10,2,2,0
2020-03-10,6,4,2
2020-03-10,11,3,8
2020-03-10,5,3,2
2020-03-10,10,4,6
2020-03-10,3,2,1
2020-03-10,10,4,6
2020-03-10,21,11,10
2020-03-10,20,10,10
2020-03-10,9,6,3
2020-03-10,3,2,1
2020-03-10,1,1,0
2020-03-10,2,1,1
2020-03-10,0,0,0
2020-03-11,0,0,0
2020-03-11,0,0,0
2020-03-11,0,0,0
2020-03-11,0,0,0
2020-03-11,1,0,1
2020-03-11,1,0,1
2020-03-11,0,0,0
2020-03-11,4,2,2
2020-03-11,3,2,1
2020-03-11,3,1,2
2020-03-11,6,3,3
2020-03-11,10,2,8
2020-03-11,12,6,6
2020-03-11,4,2,2
2020-03-11,6,4,2
2020-03-11,11,4,7
2020-03-11,13,6,7
2020-03-11,8,2,6
2020-03-11,12,2,10
2020-03-11,6,4,2
2020-03-11,1,0,1
2020-03-11,4,1,3
2020-03-11,2,1,1
2020-03-11,0,0,0
2020-03-12,0,0,0
2020-03-12,0,0,0
2020-03-12,0,0,0
2020-03-12,0,0,0
2020-03-12,0,0,0
2020-03-12,0,0,0
2020-03-12,0,0,0
2020-03-12,1,1,0
2020-03-12,1,1,0
2020-03-12,2,1,1
2020-03-12,1,1,0
2020-03-12,2,2,0
2020-03-12,3,2,1
2020-03-12,2,1,1
2020-03-12,10,2,8
2020-03-12,4,2,2
2020-03-12,17,9,8
2020-03-12,16,7,9
2020-03-12,7,4,3
2020-03-12,5,5,0
2020-03-12,2,1,1
2020-03-12,0,0,0
2020-03-12,3,0,3
2020-03-12,1,0,1
2020-03-13,2,1,1
2020-03-13,0,0,0
2020-03-13,0,0,0
2020-03-13,0,0,0
2020-03-13,0,0,0
2020-03-13,1,0,1
2020-03-13,0,0,0
2020-03-13,3,1,2
2020-03-13,1,1,0
2020-03-13,2,0,2
2020-03-13,2,1,1
2020-03-13,2,1,1
2020-03-13,4,1,3
2020-03-13,4,3,1
2020-03-13,1,0,1
2020-03-13,2,0,2
2020-03-13,2,1,1
2020-03-13,7,1,6
2020-03-13,5,2,3
2020-03-13,0,0,0
2020-03-13,0,0,0
2020-03-13,0,0,0
2020-03-13,1,1,0
2020-03-13,0,0,0
2020-03-14,1,0,1
2020-03-14,0,0,0
2020-03-14,0,0,0
2020-03-14,0,0,0
2020-03-14,1,0,1
2020-03-14,0,0,0
2020-03-14,0,0,0
2020-03-14,0,0,0
2020-03-14,0,0,0
2020-03-14,1,1,0
2020-03-14,2,1,1
2020-03-14,2,1,1
2020-03-14,2,1,1
2020-03-14,11,4,7
2020-03-14,12,6,6
2020-03-14,11,5,6
2020-03-14,7,5,2
2020-03-14,6,2,4
2020-03-14,4,2,2
2020-03-14,1,0,1
2020-03-14,3,1,2
2020-03-14,1,1,0
2020-03-14,0,0,0
2020-03-14,2,0,2
2020-03-15,1,0,1
2020-03-15,0,0,0
2020-03-15,0,0,0
2020-03-15,0,0,0
2020-03-15,0,0,0
2020-03-15,1,0,1
2020-03-15,0,0,0
2020-03-15,1,1,0
2020-03-15,1,1,0
2020-03-15,4,0,4
2020-03-15,4,3,1
2020-03-15,6,3,3
2020-03-15,1,0,1
2020-03-15,9,4,5
2020-03-15,5,3,2
2020-03-15,12,8,4
2020-03-15,22,13,9
2020-03-15,13,3,10
2020-03-15,3,1,2
2020-03-15,4,2,2
2020-03-15,1,0,1
2020-03-15,0,0,0
2020-03-15,0,0,0
2020-03-15,0,0,0
2020-03-16,0,0,0
2020-03-16,0,0,0
2020-03-16,0,0,0
2020-03-16,0,0,0
2020-03-16,0,0,0
2020-03-16,0,0,0
2020-03-16,0,0,0
2020-03-16,1,0,1
2020-03-16,7,4,3
2020-03-16,6,1,5
2020-03-16,4,2,2
2020-03-16,2,1,1
2020-03-16,6,3,3
2020-03-16,9,5,4
2020-03-16,5,0,5
2020-03-16,7,4,3
2020-03-16,15,4,11
2020-03-16,13,6,7
2020-03-16,12,4,8
2020-03-16,2,0,2
2020-03-16,3,2,1
2020-03-16,2,2,0
2020-03-16,0,0,0
2020-03-16,1,0,1
2020-03-17,0,0,0
2020-03-17,0,0,0
2020-03-17,0,0,0
2020-03-17,0,0,0
2020-03-17,0,0,0
2020-03-17,1,0,1
2020-03-17,1,0,1
2020-03-17,4,1,3
2020-03-17,2,2,0
2020-03-17,1,0,1
2020-03-17,2,0,2
2020-03-17,4,1,3
2020-03-17,3,3,0
2020-03-17,5,2,3
2020-03-17,9,4,5
2020-03-17,3,2,1
2020-03-17,6,2,4
2020-03-17,10,4,6
2020-03-17,8,3,5
2020-03-17,4,3,1
2020-03-17,1,1,0
2020-03-17,0,0,0
2020-03-17,0,0,0
2020-03-17,0,0,0
2020-03-18,0,0,0
2020-03-18,1,0,1
2020-03-18,1,1,0
2020-03-18,0,0,0
2020-03-18,1,0,1
2020-03-18,0,0,0
2020-03-18,1,1,0
2020-03-18,3,2,1
2020-03-18,1,1,0
2020-03-18,1,1,0
2020-03-18,4,1,3
2020-03-18,6,2,4
2020-03-18,7,4,3
2020-03-18,11,3,8
2020-03-18,5,2,3
2020-03-18,9,4,5
2020-03-18,17,7,10
2020-03-18,20,8,12
2020-03-18,18,11,7
2020-03-18,4,1,3
2020-03-18,5,4,1
2020-03-18,1,0,1
2020-03-18,0,0,0
2020-03-18,2,1,1
2020-03-19,0,0,0
2020-03-19,0,0,0
2020-03-19,0,0,0
2020-03-19,0,0,0
2020-03-19,0,0,0
2020-03-19,0,0,0
2020-03-19,0,0,0
2020-03-19,4,2,2
2020-03-19,0,0,0
2020-03-19,2,1,1
2020-03-19,5,1,4
2020-03-19,9,4,5
2020-03-19,6,4,2
2020-03-19,8,6,2
2020-03-19,7,3,4
2020-03-19,9,5,4
2020-03-19,13,5,8
2020-03-19,18,4,14
2020-03-19,8,6,2
2020-03-19,6,2,4
2020-03-19,4,1,3
2020-03-19,0,0,0
2020-03-19,0,0,0
2020-03-19,0,0,0
2020-03-20,0,0,0
2020-03-20,2,0,2
2020-03-20,0,0,0
2020-03-20,0,0,0
2020-03-20,0,0,0
2020-03-20,1,0,1
2020-03-20,1,1,0
2020-03-20,7,3,4
2020-03-20,3,2,1
2020-03-20,3,1,2
2020-03-20,4,1,3
2020-03-20,7,2,5
2020-03-20,9,2,7
2020-03-20,7,4,3
2020-03-20,5,1,4
2020-03-20,8,5,3
2020-03-20,9,2,7
2020-03-20,12,2,10
2020-03-20,13,4,9
2020-03-20,9,5,4
2020-03-20,2,1,1
2020-03-20,2,0,2
2020-03-20,0,0,0
2020-03-20,1,0,1
2020-03-21,0,0,0
2020-03-21,0,0,0
2020-03-21,0,0,0
2020-03-21,0,0,0
2020-03-21,0,0,0
2020-03-21,1,0,1
2020-03-21,1,1,0
2020-03-21,3,2,1
2020-03-21,0,0,0
2020-03-21,3,2,1
2020-03-21,1,0,1
2020-03-21,4,3,1
2020-03-21,8,4,4
2020-03-21,12,5,7
2020-03-21,23,7,16
2020-03-21,24,11,13
2020-03-21,31,17,14
2020-03-21,21,8,13
2020-03-21,12,8,4
2020-03-21,5,3,2
2020-03-21,2,2,0
2020-03-21,3,2,1
2020-03-21,0,0,0
2020-03-21,0,0,0
2020-03-22,1,0,1
2020-03-22,0,0,0
2020-03-22,0,0,0
2020-03-22,0,0,0
2020-03-22,0,0,0
2020-03-22,2,0,2
2020-03-22,3,1,2
2020-03-22,1,1,0
2020-03-22,3,2,1
2020-03-22,1,1,0
2020-03-22,3,1,2
2020-03-22,9,5,4
2020-03-22,12,1,11
2020-03-22,20,11,9
2020-03-22,20,11,9
2020-03-22,15,9,6
2020-03-22,15,10,5
2020-03-22,4,4,0
2020-03-22,3,2,1
2020-03-22,4,2,2
2020-03-22,2,2,0
2020-03-22,2,1,1
2020-03-22,1,0,1
2020-03-22,0,0,0
2020-03-23,0,0,0
2020-03-23,0,0,0
2020-03-23,1,1,0
2020-03-23,1,0,1
2020-03-23,0,0,0
2020-03-23,1,0,1
2020-03-23,0,0,0
2020-03-23,2,1,1
2020-03-23,2,2,0
2020-03-23,2,0,2
2020-03-23,6,1,5
2020-03-23,3,1,2
2020-03-23,2,0,2
2020-03-23,2,0,2
2020-03-23,1,0,1
2020-03-23,18,5,13
2020-03-23,11,7,4
2020-03-23,6,2,4
2020-03-23,7,5,2
2020-03-23,6,4,2
2020-03-23,0,0,0
2020-03-23,0,0,0
2020-03-23,0,0,0
2020-03-23,1,0,1
2020-03-24,0,0,0
2020-03-24,0,0,0
2020-03-24,0,0,0
2020-03-24,0,0,0
2020-03-24,0,0,0
2020-03-24,0,0,0
2020-03-24,0,0,0
2020-03-24,2,1,1
2020-03-24,2,2,0
2020-03-24,1,0,1
2020-03-24,1,0,1
2020-03-24,0,0,0
2020-03-24,6,2,4
2020-03-24,5,2,3
2020-03-24,5,3,2
2020-03-24,8,7,1
2020-03-24,3,2,1
2020-03-24,8,1,7
2020-03-24,12,8,4
2020-03-24,2,1,1
2020-03-24,0,0,0
2020-03-24,0,0,0
2020-03-24,0,0,0
2020-03-24,0,0,0
2020-03-25,0,0,0
2020-03-25,0,0,0
2020-03-25,0,0,0
2020-03-25,0,0,0
2020-03-25,0,0,0
2020-03-25,0,0,0
2020-03-25,2,2,0
2020-03-25,1,1,0
2020-03-25,2,1,1
2020-03-25,1,0,1
2020-03-25,4,1,3
2020-03-25,3,1,2
2020-03-25,5,2,3
2020-03-25,1,1,0
2020-03-25,3,1,2
2020-03-25,10,3,7
2020-03-25,14,4,10
2020-03-25,16,7,9
2020-03-25,4,3,1
2020-03-25,4,4,0
2020-03-25,2,1,1
2020-03-25,1,0,1
2020-03-25,0,0,0
2020-03-25,1,0,1
2020-03-26,0,0,0
2020-03-26,0,0,0
2020-03-26,0,0,0
2020-03-26,0,0,0
2020-03-26,0,0,0
2020-03-26,0,0,0
2020-03-26,1,1,0
2020-03-26,2,1,1
2020-03-26,2,1,1
2020-03-26,1,0,1
2020-03-26,2,1,1
2020-03-26,5,0,5
2020-03-26,3,1,2
2020-03-26,4,2,2
2020-03-26,1,1,0
2020-03-26,2,1,1
2020-03-26,8,5,3
2020-03-26,12,5,7
2020-03-26,4,1,3
2020-03-26,2,0,2
2020-03-26,1,1,0
2020-03-26,1,1,0
2020-03-26,1,1,0
2020-03-26,0,0,0
2020-03-27,1,1,0
2020-03-27,0,0,0
2020-03-27,0,0,0
2020-03-27,0,0,0
2020-03-27,0,0,0
2020-03-27,0,0,0
2020-03-27,1,1,0
2020-03-27,1,1,0
2020-03-27,2,2,0
2020-03-27,1,0,1
2020-03-27,1,1,0
2020-03-27,3,2,1
2020-03-27,3,0,3
2020-03-27,6,2,4
2020-03-27,8,5,3
2020-03-27,11,7,4
2020-03-27,10,3,7
2020-03-27,8,4,4
2020-03-27,7,5,2
2020-03-27,6,2,4
2020-03-27,2,2,0
2020-03-27,0,0,0
2020-03-27,1,0,1
2020-03-27,0,0,0
2020-03-28,0,0,0
2020-03-28,0,0,0
2020-03-28,0,0,0
2020-03-28,1,0,1
2020-03-28,0,0,0
2020-03-28,0,0,0
2020-03-28,0,0,0
2020-03-28,2,0,2
2020-03-28,0,0,0
2020-03-28,7,1,6
2020-03-28,6,4,2
2020-03-28,13,6,7
2020-03-28,10,2,8
2020-03-28,9,3,6
2020-03-28,20,11,9
2020-03-28,8,5,3
2020-03-28,5,2,3
2020-03-28,4,2,2
2020-03-28,3,2,1
2020-03-28,0,0,0
2020-03-28,1,1,0
2020-03-28,0,0,0
2020-03-28,1,1,0
2020-03-28,0,0,0
2020-03-29,0,0,0
2020-03-29,0,0,0
2020-03-29,0,0,0
2020-03-29,1,1,0
2020-03-29,0,0,0
2020-03-29,0,0,0
2020-03-29,0,0,0
2020-03-29,1,1,0
2020-03-29,4,3,1
2020-03-29,1,1,0
2020-03-29,7,3,4
2020-03-29,14,4,10
2020-03-29,16,13,3
2020-03-29,19,15,4
2020-03-29,26,13,13
2020-03-29,27,15,12
2020-03-29,18,7,11
2020-03-29,10,7,3
2020-03-29,9,5,4
2020-03-29,0,0,0
2020-03-29,0,0,0
2020-03-29,0,0,0
2020-03-29,0,0,0
2020-03-29,0,0,0
2020-03-30,1,1,0
2020-03-30,0,0,0
2020-03-30,0,0,0
2020-03-30,0,0,0
2020-03-30,0,0,0
2020-03-30,0,0,0
2020-03-30,0,0,0
2020-03-30,4,2,2
2020-03-30,0,0,0
2020-03-30,1,0,1
2020-03-30,3,3,0
2020-03-30,8,4,4
2020-03-30,0,0,0
2020-03-30,1,1,0
2020-03-30,1,0,1
2020-03-30,6,4,2
2020-03-30,1,0,1
2020-03-30,3,1,2
2020-03-30,6,2,4
2020-03-30,3,2,1
2020-03-30,1,1,0
2020-03-30,0,0,0
2020-03-30,0,0,0
2020-03-30,0,0,0
2020-03-31,0,0,0
2020-03-31,0,0,0
2020-03-31,1,1,0
2020-03-31,0,0,0
2020-03-31,0,0,0
2020-03-31,0,0,0
2020-03-31,1,1,0
2020-03-31,4,0,4
2020-03-31,3,1,2
2020-03-31,2,0,2
2020-03-31,2,0,2
2020-03-31,10,4,6
2020-03-31,8,7,1
2020-03-31,5,1,4
2020-03-31,16,10,6
2020-03-31,9,7,2
2020-03-31,1,1,0
2020-03-31,5,1,4
2020-03-31,0,0,0
2020-03-31,1,0,1
2020-03-31,2,1,1
2020-03-31,0,0,0
2020-03-31,0,0,0
2020-03-31,1,0,1
2020-05-08,0,0,0
2020-05-08,2,1,1
2020-05-08,2,0,2
2020-05-08,4,2,2
2020-05-08,3,1,2
2020-05-08,5,1,4
2020-05-08,8,2,6
2020-05-08,13,11,2
2020-05-08,13,0,13
2020-05-08,21,9,12
2020-05-08,12,7,5
2020-05-08,17,3,14
2020-05-08,10,6,4
2020-05-08,22,13,9
2020-05-08,8,3,5
2020-05-08,11,5,6
2020-05-08,13,8,5
2020-05-08,0,0,0
2020-05-08,4,1,3
2020-05-08,1,1,0
2020-05-09,1,0,1
2020-05-09,2,2,0
2020-05-09,0,0,0
2020-05-09,0,0,0
2020-05-09,0,0,0
2020-05-09,0,0,0
2020-05-09,1,1,0
2020-05-09,1,0,1
2020-05-09,4,0,4
2020-05-09,11,4,7
2020-05-09,13,5,8
2020-05-09,16,4,12
2020-04-01,0,0,0
2020-04-01,0,0,0
2020-04-01,0,0,0
2020-04-01,0,0,0
2020-04-01,0,0,0
2020-04-01,0,0,0
2020-04-01,0,0,0
2020-04-01,6,3,3
2020-04-01,1,1,0
2020-04-01,0,0,0
2020-04-01,3,2,1
2020-04-01,4,1,3
2020-04-01,5,4,1
2020-04-01,9,3,6
2020-04-01,13,7,6
2020-04-01,29,13,16
2020-04-01,16,8,8
2020-04-01,14,6,8
2020-04-01,10,8,2
2020-04-01,11,4,7
2020-04-01,3,1,2
2020-04-01,0,0,0
2020-04-01,0,0,0
2020-04-01,0,0,0
2020-04-02,0,0,0
2020-04-02,0,0,0
2020-04-02,0,0,0
2020-04-02,0,0,0
2020-04-02,0,0,0
2020-04-02,0,0,0
2020-04-02,1,1,0
2020-04-02,2,1,1
2020-04-02,7,4,3
2020-04-02,2,1,1
2020-04-02,1,0,1
2020-04-02,6,2,4
2020-04-02,11,6,5
2020-04-02,7,3,4
2020-04-02,8,4,4
2020-04-02,7,4,3
2020-04-02,14,4,10
2020-04-02,14,4,10
2020-04-02,8,6,2
2020-04-02,3,3,0
2020-04-02,2,2,0
2020-04-02,0,0,0
2020-04-02,0,0,0
2020-04-02,0,0,0
2020-04-03,0,0,0
2020-04-03,0,0,0
2020-04-03,0,0,0
2020-04-03,0,0,0
2020-04-03,0,0,0
2020-04-03,0,0,0
2020-04-03,0,0,0
2020-04-03,4,2,2
2020-04-03,2,0,2
2020-04-03,0,0,0
2020-04-03,5,2,3
2020-04-03,4,1,3
2020-04-03,7,3,4
2020-04-03,5,4,1
2020-04-03,2,0,2
2020-04-03,6,4,2
2020-04-03,2,1,1
2020-04-03,5,1,4
2020-04-03,8,4,4
2020-04-03,2,1,1
2020-04-03,3,1,2
2020-04-03,1,1,0
2020-04-03,1,1,0
2020-04-03,1,0,1
2020-04-04,0,0,0
2020-04-04,1,0,1
2020-04-04,0,0,0
2020-04-04,0,0,0
2020-04-04,0,0,0
2020-04-04,0,0,0
2020-04-04,0,0,0
2020-04-04,0,0,0
2020-04-04,2,1,1
2020-04-04,2,1,1
2020-04-04,1,0,1
2020-04-04,10,5,5
2020-04-04,20,6,14
2020-04-04,20,9,11
2020-04-04,31,15,16
2020-04-04,35,20,15
2020-04-04,12,7,5
2020-04-04,11,4,7
2020-04-04,14,11,3
2020-04-04,6,5,1
2020-04-04,0,0,0
2020-04-04,1,0,1
2020-04-04,0,0,0
2020-04-04,0,0,0
2020-04-05,0,0,0
2020-04-05,0,0,0
2020-04-05,0,0,0
2020-04-05,0,0,0
2020-04-05,0,0,0
2020-04-05,0,0,0
2020-04-05,0,0,0
2020-04-05,2,2,0
2020-04-05,0,0,0
2020-04-05,2,1,1
2020-04-05,6,1,5
2020-04-05,17,7,10
2020-04-05,13,7,6
2020-04-05,9,3,6
2020-04-05,25,16,9
2020-04-05,23,10,13
2020-04-05,23,9,14
2020-04-05,7,4,3
2020-04-05,4,2,2
2020-04-05,2,1,1
2020-04-05,3,1,2
2020-04-05,0,0,0
2020-04-05,1,0,1
2020-04-05,0,0,0
2020-04-06,2,1,1
2020-04-06,0,0,0
2020-04-06,0,0,0
2020-04-06,0,0,0
2020-04-06,0,0,0
2020-04-06,0,0,0
2020-04-06,1,0,1
2020-04-06,2,1,1
2020-04-06,3,1,2
2020-04-06,1,1,0
2020-04-06,6,3,3
2020-04-06,8,5,3
2020-04-06,4,3,1
2020-04-06,8,2,6
2020-04-06,12,6,6
2020-04-06,17,9,8
2020-04-06,12,5,7
2020-04-06,23,12,11
2020-04-06,23,13,10
2020-04-06,18,12,6
2020-04-06,2,1,1
2020-04-06,0,0,0
2020-04-06,0,0,0
2020-04-06,0,0,0
2020-04-07,2,1,1
2020-04-07,0,0,0
2020-04-07,0,0,0
2020-04-07,0,0,0
2020-04-07,0,0,0
2020-04-07,0,0,0
2020-04-07,1,0,1
2020-04-07,4,2,2
2020-04-07,3,1,2
2020-04-07,3,1,2
2020-04-07,2,0,2
2020-04-07,9,4,5
2020-04-07,4,1,3
2020-04-07,9,2,7
2020-04-07,10,5,5
2020-04-07,15,8,7
2020-04-07,22,10,12
2020-04-07,24,11,13
2020-04-07,16,10,6
2020-04-07,10,5,5
2020-04-07,3,1,2
2020-04-07,2,1,1
2020-04-07,0,0,0
2020-04-07,0,0,0
2020-04-08,0,0,0
2020-04-08,0,0,0
2020-04-08,0,0,0
2020-04-08,0,0,0
2020-04-08,0,0,0
2020-04-08,0,0,0
2020-04-08,0,0,0
2020-04-08,4,2,2
2020-04-08,1,0,1
2020-04-08,2,1,1
2020-04-08,3,2,1
2020-04-08,9,3,6
2020-04-08,7,0,7
2020-04-08,8,2,6
2020-04-08,4,1,3
2020-04-08,3,2,1
2020-04-08,32,17,15
2020-04-08,16,11,5
2020-04-08,25,13,12
2020-04-08,7,4,3
2020-04-08,5,5,0
2020-04-08,0,0,0
2020-04-08,0,0,0
2020-04-08,0,0,0
2020-04-09,0,0,0
2020-04-09,0,0,0
2020-04-09,0,0,0
2020-04-09,0,0,0
2020-04-09,0,0,0
2020-04-09,0,0,0
2020-04-09,2,2,0
2020-04-09,2,1,1
2020-04-09,2,0,2
2020-04-09,2,1,1
2020-04-09,5,2,3
2020-04-09,5,1,4
2020-04-09,7,0,7
2020-04-09,5,2,3
2020-04-09,6,0,6
2020-04-09,1,1,0
2020-04-09,0,0,0
2020-04-09,1,0,1
2020-04-09,0,0,0
2020-04-09,5,3,2
2020-04-09,4,2,2
2020-04-09,1,1,0
2020-04-09,2,1,1
2020-04-09,0,0,0
2020-04-10,0,0,0
2020-04-10,0,0,0
2020-04-10,0,0,0
2020-04-10,0,0,0
2020-04-10,0,0,0
2020-04-10,0,0,0
2020-04-10,0,0,0
2020-04-10,1,1,0
2020-04-10,4,3,1
2020-04-10,1,0,1
2020-04-10,5,2,3
2020-04-10,6,3,3
2020-04-10,6,5,1
2020-04-10,18,10,8
2020-04-10,8,4,4
2020-04-10,24,8,16
2020-04-10,22,8,14
2020-04-10,38,25,13
2020-04-10,18,11,7
2020-04-10,5,2,3
2020-04-10,4,1,3
2020-04-10,1,1,0
2020-04-10,1,0,1
2020-04-10,0,0,0
2020-04-11,0,0,0
2020-04-11,1,1,0
2020-04-11,0,0,0
2020-04-11,0,0,0
2020-04-11,0,0,0
2020-04-11,0,0,0
2020-04-11,2,1,1
2020-04-11,2,1,1
2020-04-11,2,0,2
2020-04-11,3,2,1
2020-04-11,9,2,7
2020-04-11,7,4,3
2020-04-11,14,8,6
2020-04-11,10,4,6
2020-04-11,25,12,13
2020-04-11,20,10,10
2020-04-11,35,14,21
2020-04-11,14,9,5
2020-04-11,18,6,12
2020-04-11,7,4,3
2020-04-11,2,0,2
2020-04-11,1,1,0
2020-04-11,0,0,0
2020-04-11,1,1,0
2020-04-12,0,0,0
2020-04-12,0,0,0
2020-04-12,1,1,0
2020-04-12,2,1,1
2020-04-12,0,0,0
2020-04-12,0,0,0
2020-04-12,0,0,0
2020-04-12,2,2,0
2020-04-12,2,0,2
2020-04-12,6,4,2
2020-04-12,11,4,7
2020-04-12,8,1,7
2020-04-12,18,4,14
2020-04-12,23,10,13
2020-04-12,22,8,14
2020-04-12,37,21,16
2020-04-12,27,6,21
2020-04-12,9,5,4
2020-04-12,11,8,3
2020-04-12,12,5,7
2020-04-12,4,3,1
2020-04-12,0,0,0
2020-04-12,1,0,1
2020-04-12,1,0,1
2020-04-13,1,1,0
2020-04-13,0,0,0
2020-04-13,0,0,0
2020-04-13,0,0,0
2020-04-13,0,0,0
2020-04-13,0,0,0
2020-04-13,1,0,1
2020-04-13,2,1,1
2020-04-13,10,3,7
2020-04-13,3,0,3
2020-04-13,7,6,1
2020-04-13,6,2,4
2020-04-13,11,5,6
2020-04-13,7,5,2
2020-04-13,7,5,2
2020-04-13,9,5,4
2020-04-13,15,5,10
2020-04-13,16,7,9
2020-04-13,20,8,12
2020-04-13,9,6,3
2020-04-13,2,2,0
2020-04-13,2,2,0
2020-04-13,0,0,0
2020-04-13,0,0,0
2020-04-14,0,0,0
2020-04-14,0,0,0
2020-04-14,0,0,0
2020-04-14,1,0,1
2020-04-14,0,0,0
2020-04-14,0,0,0
2020-04-14,0,0,0
2020-04-14,6,2,4
2020-04-14,3,2,1
2020-04-14,3,1,2
2020-04-14,6,2,4
2020-04-14,13,7,6
2020-04-14,19,9,10
2020-04-14,12,10,2
2020-04-14,16,7,9
2020-04-14,17,6,11
2020-04-14,18,7,11
2020-04-14,14,8,6
2020-04-14,19,13,6
2020-04-14,11,9,2
2020-04-14,1,1,0
2020-04-14,3,0,3
2020-04-14,1,0,1
2020-04-14,1,0,1
2020-04-15,0,0,0
2020-04-15,0,0,0
2020-04-15,0,0,0
2020-04-15,0,0,0
2020-04-15,0,0,0
2020-04-15,0,0,0
2020-04-15,7,3,4
2020-04-15,5,1,4
2020-04-15,4,3,1
2020-04-15,3,2,1
2020-04-15,6,3,3
2020-04-15,4,3,1
2020-04-15,5,1,4
2020-04-15,4,1,3
2020-04-15,17,8,9
2020-04-15,9,2,7
2020-04-15,16,9,7
2020-04-15,22,11,11
2020-04-15,16,9,7
2020-04-15,12,8,4
2020-04-15,5,5,0
2020-04-15,1,0,1
2020-04-15,0,0,0
2020-04-15,1,0,1
2020-04-16,0,0,0
2020-04-16,0,0,0
2020-04-16,0,0,0
2020-04-16,0,0,0
2020-04-16,0,0,0
2020-04-16,0,0,0
2020-04-16,0,0,0
2020-04-16,7,5,2
2020-04-16,5,0,5
2020-04-16,3,2,1
2020-04-16,5,0,5
2020-04-16,9,5,4
2020-04-16,9,5,4
2020-04-16,11,4,7
2020-04-16,15,5,10
2020-04-16,17,10,7
2020-04-16,18,6,12
2020-04-16,18,13,5
2020-04-16,30,14,16
2020-04-16,8,3,5
2020-04-16,4,3,1
2020-04-16,1,0,1
2020-04-16,0,0,0
2020-04-16,1,0,1
2020-04-17,0,0,0
2020-04-17,0,0,0
2020-04-17,0,0,0
2020-04-17,0,0,0
2020-04-17,0,0,0
2020-04-17,1,1,0
2020-04-17,3,2,1
2020-04-17,2,0,2
2020-04-17,4,3,1
2020-04-17,5,1,4
2020-04-17,1,0,1
2020-04-17,7,2,5
2020-04-17,9,2,7
2020-04-17,10,7,3
2020-04-17,7,4,3
2020-04-17,18,11,7
2020-04-17,10,4,6
2020-04-17,10,2,8
2020-04-17,10,5,5
2020-04-17,9,6,3
2020-04-17,1,1,0
2020-04-17,0,0,0
2020-04-17,0,0,0
2020-04-17,1,0,1
2020-04-18,0,0,0
2020-04-18,0,0,0
2020-04-18,1,1,0
2020-04-18,0,0,0
2020-04-18,0,0,0
2020-04-18,0,0,0
2020-04-18,1,1,0
2020-04-18,2,2,0
2020-04-18,0,0,0
2020-04-18,0,0,0
2020-04-18,2,1,1
2020-04-18,1,0,1
2020-04-18,10,5,5
2020-04-18,18,8,10
2020-04-18,11,4,7
2020-04-18,18,12,6
2020-04-18,20,7,13
2020-04-18,17,8,9
2020-04-18,18,13,5
2020-04-18,14,6,8
2020-04-18,4,3,1
2020-04-18,0,0,0
2020-04-18,0,0,0
2020-04-18,0,0,0
2020-04-19,0,0,0
2020-04-19,1,0,1
2020-04-19,0,0,0
2020-04-19,0,0,0
2020-04-19,0,0,0
2020-04-19,0,0,0
2020-04-19,0,0,0
2020-04-19,0,0,0
2020-04-19,1,0,1
2020-04-19,5,0,5
2020-04-19,11,3,8
2020-04-19,26,11,15
2020-04-19,27,15,12
2020-04-19,43,21,22
2020-04-19,31,18,13
2020-04-19,45,24,21
2020-04-19,35,14,21
2020-04-19,33,22,11
2020-04-19,22,11,11
2020-04-19,5,4,1
2020-04-19,1,1,0
2020-04-19,0,0,0
2020-04-19,0,0,0
2020-04-19,0,0,0
2020-04-20,0,0,0
2020-04-20,0,0,0
2020-04-20,0,0,0
2020-04-20,0,0,0
2020-04-20,0,0,0
2020-04-20,0,0,0
2020-04-20,7,4,3
2020-04-20,8,2,6
2020-04-20,5,4,1
2020-04-20,2,1,1
2020-04-20,2,1,1
2020-04-20,0,0,0
2020-04-20,1,0,1
2020-04-20,0,0,0
2020-04-20,0,0,0
2020-04-20,0,0,0
2020-04-20,0,0,0
2020-04-20,0,0,0
2020-04-20,0,0,0
2020-04-20,0,0,0
2020-04-20,0,0,0
2020-04-20,0,0,0
2020-04-20,0,0,0
2020-04-20,0,0,0
2020-04-21,0,0,0
2020-04-21,0,0,0
2020-04-21,0,0,0
2020-04-21,0,0,0
2020-04-21,0,0,0
2020-04-21,0,0,0
2020-04-21,0,0,0
2020-04-21,0,0,0
2020-04-21,0,0,0
2020-04-21,1,1,0
2020-04-21,0,0,0
2020-04-21,0,0,0
2020-04-21,0,0,0
2020-04-21,0,0,0
2020-04-21,0,0,0
2020-04-21,0,0,0
2020-04-21,0,0,0
2020-04-21,0,0,0
2020-04-21,0,0,0
2020-04-21,0,0,0
2020-04-21,0,0,0
2020-04-21,0,0,0
2020-04-21,0,0,0
2020-04-21,0,0,0
2020-04-22,0,0,0
2020-04-22,0,0,0
2020-04-22,0,0,0
2020-04-22,0,0,0
2020-04-22,0,0,0
2020-04-22,0,0,0
2020-04-22,0,0,0
2020-04-22,0,0,0
2020-04-22,0,0,0
2020-04-22,0,0,0
2020-04-22,0,0,0
2020-04-22,0,0,0
2020-04-22,0,0,0
2020-04-22,0,0,0
2020-04-22,0,0,0
2020-04-22,0,0,0
2020-04-22,0,0,0
2020-04-22,0,0,0
2020-04-22,0,0,0
2020-04-22,0,0,0
2020-04-22,0,0,0
2020-04-22,0,0,0
2020-04-22,0,0,0
2020-04-22,0,0,0
2020-04-23,0,0,0
2020-04-23,0,0,0
2020-04-23,0,0,0
2020-04-23,0,0,0
2020-04-23,0,0,0
2020-04-23,0,0,0
2020-04-23,0,0,0
2020-04-23,0,0,0
2020-04-23,0,0,0
2020-04-23,0,0,0
2020-04-23,0,0,0
2020-04-23,0,0,0
2020-04-23,0,0,0
2020-04-23,0,0,0
2020-04-23,0,0,0
2020-04-23,0,0,0
2020-04-23,0,0,0
2020-04-23,0,0,0
2020-04-23,0,0,0
2020-04-23,0,0,0
2020-04-23,0,0,0
2020-04-23,0,0,0
2020-04-23,0,0,0
2020-04-23,0,0,0
2020-04-24,0,0,0
2020-04-24,0,0,0
2020-04-24,0,0,0
2020-04-24,0,0,0
2020-04-24,0,0,0
2020-04-24,0,0,0
2020-04-24,0,0,0
2020-04-24,0,0,0
2020-04-24,0,0,0
2020-04-24,0,0,0
2020-04-24,0,0,0
2020-04-24,0,0,0
2020-04-24,0,0,0
2020-04-24,0,0,0
2020-04-24,0,0,0
2020-04-24,0,0,0
2020-04-24,0,0,0
2020-04-24,0,0,0
2020-04-24,0,0,0
2020-04-24,0,0,0
2020-04-24,0,0,0
2020-04-24,0,0,0
2020-04-24,0,0,0
2020-04-24,0,0,0
2020-04-25,0,0,0
2020-04-25,0,0,0
2020-04-25,0,0,0
2020-04-25,0,0,0
2020-04-25,0,0,0
2020-04-25,0,0,0
2020-04-25,0,0,0
2020-04-25,0,0,0
2020-04-25,0,0,0
2020-04-25,0,0,0
2020-04-25,0,0,0
2020-04-25,0,0,0
2020-04-25,0,0,0
2020-04-25,0,0,0
2020-04-25,0,0,0
2020-04-25,0,0,0
2020-04-25,0,0,0
2020-04-25,0,0,0
2020-04-25,0,0,0
2020-04-25,0,0,0
2020-04-25,0,0,0
2020-04-25,0,0,0
2020-04-25,0,0,0
2020-04-25,0,0,0
2020-04-26,0,0,0
2020-04-26,0,0,0
2020-04-26,0,0,0
2020-04-26,0,0,0
2020-04-26,0,0,0
2020-04-26,0,0,0
2020-04-26,0,0,0
2020-04-26,0,0,0
2020-04-26,0,0,0
2020-04-26,0,0,0
2020-04-26,0,0,0
2020-04-26,0,0,0
2020-04-26,0,0,0
2020-04-26,0,0,0
2020-04-26,0,0,0
2020-04-26,0,0,0
2020-04-26,0,0,0
2020-04-26,1,1,0
2020-04-26,0,0,0
2020-04-26,0,0,0
2020-04-26,0,0,0
2020-04-26,0,0,0
2020-04-26,0,0,0
2020-04-26,0,0,0
2020-04-27,0,0,0
2020-04-27,0,0,0
2020-04-27,0,0,0
2020-04-27,0,0,0
2020-04-27,0,0,0
2020-04-27,0,0,0
2020-04-27,0,0,0
2020-04-27,0,0,0
2020-04-27,0,0,0
2020-04-27,0,0,0
2020-04-27,0,0,0
2020-04-27,0,0,0
2020-04-27,0,0,0
2020-04-27,0,0,0
2020-04-27,0,0,0
2020-04-27,0,0,0
2020-04-27,0,0,0
2020-04-27,0,0,0
2020-04-27,0,0,0
2020-04-27,0,0,0
2020-04-27,0,0,0
2020-04-27,0,0,0
2020-04-27,0,0,0
2020-04-27,0,0,0
2020-04-28,0,0,0
2020-04-28,0,0,0
2020-04-28,0,0,0
2020-04-28,0,0,0
2020-04-28,0,0,0
2020-04-28,0,0,0
2020-04-28,0,0,0
2020-04-28,0,0,0
2020-04-28,0,0,0
2020-04-28,0,0,0
2020-04-28,0,0,0
2020-04-28,0,0,0
2020-04-28,0,0,0
2020-04-28,0,0,0
2020-04-28,0,0,0
2020-04-28,0,0,0
2020-04-28,0,0,0
2020-04-28,0,0,0
2020-04-28,0,0,0
2020-04-28,0,0,0
2020-04-28,0,0,0
2020-04-28,0,0,0
2020-04-28,0,0,0
2020-04-28,0,0,0
2020-04-29,0,0,0
2020-04-29,0,0,0
2020-04-29,0,0,0
2020-04-29,0,0,0
2020-04-29,0,0,0
2020-04-29,0,0,0
2020-04-29,0,0,0
2020-04-29,0,0,0
2020-04-29,0,0,0
2020-04-29,0,0,0
2020-04-29,0,0,0
2020-04-29,0,0,0
2020-04-29,0,0,0
2020-04-29,0,0,0
2020-04-29,0,0,0
2020-04-29,0,0,0
2020-04-29,0,0,0
2020-04-29,0,0,0
2020-04-29,0,0,0
2020-04-29,0,0,0
2020-04-29,0,0,0
2020-04-29,0,0,0
2020-04-29,0,0,0
2020-04-29,0,0,0
2020-04-30,0,0,0
2020-04-30,0,0,0
2020-04-30,0,0,0
2020-04-30,0,0,0
2020-04-30,0,0,0
2020-04-30,0,0,0
2020-04-30,0,0,0
2020-04-30,0,0,0
2020-04-30,0,0,0
2020-04-30,0,0,0
2020-04-30,0,0,0
2020-04-30,0,0,0
2020-04-30,0,0,0
2020-04-30,0,0,0
2020-04-30,0,0,0
2020-04-30,0,0,0
2020-04-30,0,0,0
2020-04-30,0,0,0
2020-04-30,0,0,0
2020-04-30,0,0,0
2020-04-30,0,0,0
2020-04-30,0,0,0
2020-04-30,0,0,0
2020-04-30,0,0,0
2020-05-09,28,16,12
2020-05-09,21,10,11
2020-05-09,31,20,11
2020-05-09,23,8,15
2020-05-09,33,14,19
2020-05-09,24,12,12
2020-05-09,15,8,7
2020-05-09,14,9,5
2020-05-09,4,2,2
2020-05-09,1,1,0
2020-05-09,2,0,2
2020-05-09,1,0,1
2020-05-10,0,0,0
2020-05-10,0,0,0
2020-05-10,1,1,0
2020-05-10,0,0,0
2020-05-10,0,0,0
2020-05-10,0,0,0
2020-05-10,2,1,1
2020-05-10,4,2,2
2020-05-10,6,2,4
2020-05-10,6,4,2
2020-05-10,13,7,6
2020-05-10,10,4,6
2020-05-10,22,9,13
2020-05-10,25,9,16
2020-05-10,25,14,11
2020-05-10,27,8,19
2020-05-10,18,9,9
2020-05-10,21,14,7
2020-05-10,14,5,9
2020-05-10,4,0,4
2020-05-10,4,3,1
2020-05-10,1,0,1
2020-05-10,3,1,2
2020-05-10,0,0,0
2020-05-11,1,1,0
2020-05-11,0,0,0
2020-05-11,0,0,0
2020-05-11,1,0,1
2020-05-11,0,0,0
2020-05-11,0,0,0
2020-05-11,1,0,1
2020-05-11,4,2,2
2020-05-11,6,5,1
2020-05-11,3,1,2
2020-05-11,3,0,3
2020-05-11,5,1,4
2020-05-11,3,3,0
2020-05-11,14,5,9
2020-05-11,9,7,2
2020-05-11,7,5,2
2020-05-11,8,3,5
2020-05-11,2,0,2
2020-05-11,4,3,1
2020-05-11,1,1,0
2020-05-11,1,1,0
2020-05-11,0,0,0
2020-05-11,0,0,0
2020-05-11,2,0,2
2020-05-12,0,0,0
2020-05-12,1,0,1
2020-05-12,0,0,0
2020-05-12,0,0,0
2020-05-12,0,0,0
2020-05-12,0,0,0
2020-05-12,1,0,1
2020-05-12,1,0,1
2020-05-12,2,1,1
2020-05-12,3,2,1
2020-05-12,8,5,3
2020-05-12,7,5,2
2020-05-12,1,1,0
2020-05-12,4,2,2
2020-05-12,6,2,4
2020-05-12,8,2,6
2020-05-12,12,4,8
2020-05-12,9,5,4
2020-05-12,9,4,5
2020-05-12,9,5,4
2020-05-12,9,7,2
2020-05-12,0,0,0
2020-05-12,0,0,0
2020-05-12,0,0,0
2020-05-13,1,0,1
2020-05-13,0,0,0
2020-05-13,1,0,1
2020-05-13,0,0,0
2020-05-13,0,0,0
2020-05-13,0,0,0
2020-05-13,3,0,3
2020-05-13,5,5,0
2020-05-13,2,2,0
2020-05-13,4,2,2
2020-05-13,6,4,2
2020-05-13,5,1,4
2020-05-13,9,3,6
2020-05-13,4,1,3
2020-05-13,5,4,1
2020-05-13,13,6,7
2020-05-13,19,8,11
2020-05-13,26,7,19
2020-05-13,16,9,7
2020-05-13,11,7,4
2020-05-13,3,1,2
2020-05-13,1,1,0
2020-05-13,1,1,0
2020-05-13,1,1,0
2020-05-14,0,0,0
2020-05-14,0,0,0
2020-05-14,0,0,0
2020-05-14,0,0,0
2020-05-14,0,0,0
2020-05-14,0,0,0
2020-05-14,2,0,2
2020-05-14,2,0,2
2020-05-14,0,0,0
2020-05-14,2,1,1
2020-05-14,9,3,6
2020-05-14,3,3,0
2020-05-14,8,3,5
2020-05-14,11,5,6
2020-05-14,10,3,7
2020-05-14,17,9,8
2020-05-14,12,7,5
2020-05-14,22,7,15
2020-05-14,16,10,6
2020-05-14,8,6,2
2020-05-14,6,3,3
2020-05-14,0,0,0
2020-05-14,0,0,0
2020-05-14,1,0,1
2020-05-15,0,0,0
2020-05-15,1,1,0
2020-05-15,2,1,1
2020-05-15,0,0,0
2020-05-15,0,0,0
2020-05-15,0,0,0
2020-05-15,5,2,3
2020-05-15,3,2,1
2020-05-15,0,0,0
2020-05-15,2,1,1
2020-05-15,7,4,3
2020-05-15,4,2,2
2020-05-15,13,2,11
2020-05-15,7,1,6
2020-05-15,19,6,13
2020-05-15,11,8,3
2020-05-15,23,16,7
2020-05-15,32,12,20
2020-05-15,20,9,11
2020-05-15,15,7,8
2020-05-15,9,5,4
2020-05-15,1,1,0
2020-05-15,1,1,0
2020-05-15,0,0,0
2020-05-16,0,0,0
2020-05-16,1,1,0
2020-05-16,0,0,0
2020-05-16,0,0,0
2020-05-16,0,0,0
2020-05-16,0,0,0
2020-05-16,1,0,1
2020-05-16,2,1,1
2020-05-16,1,1,0
2020-05-16,5,2,3
2020-05-16,3,1,2
2020-05-16,2,2,0
2020-05-16,8,5,3
2020-05-16,3,2,1
2020-05-16,6,6,0
2020-05-16,11,4,7
2020-05-16,7,6,1
2020-05-16,3,1,2
2020-05-16,3,2,1
2020-05-16,1,1,0
2020-05-16,2,1,1
2020-05-16,0,0,0
2020-05-16,0,0,0
2020-05-16,0,0,0
2020-05-17,1,0,1
2020-05-17,0,0,0
2020-05-17,0,0,0
2020-05-17,0,0,0
2020-05-17,0,0,0
2020-05-17,1,0,1
2020-05-17,0,0,0
2020-05-17,2,1,1
2020-05-17,1,0,1
2020-05-17,4,3,1
2020-05-17,11,2,9
2020-05-17,4,2,2
2020-05-17,12,9,3
2020-05-17,33,20,13
2020-05-17,23,13,10
2020-05-17,40,18,22
2020-05-17,21,10,11
2020-05-17,13,5,8
2020-05-17,9,5,4
2020-05-17,6,2,4
2020-05-17,8,5,3
2020-05-17,3,3,0
2020-05-17,0,0,0
2020-05-17,3,1,2
2020-05-18,0,0,0
2020-05-18,0,0,0
2020-05-18,0,0,0
2020-05-18,0,0,0
2020-05-18,0,0,0
2020-05-18,1,0,1
2020-05-18,1,0,1
2020-05-18,5,2,3
2020-05-18,3,3,0
2020-05-18,6,4,2
2020-05-18,6,4,2
2020-05-18,3,0,3
2020-05-18,4,3,1
2020-05-18,2,1,1
2020-05-18,10,6,4
2020-05-18,9,3,6
2020-05-18,9,1,8
2020-05-18,19,7,12
2020-05-18,18,5,13
2020-05-18,9,8,1
2020-05-18,6,6,0
2020-05-18,2,1,1
2020-05-18,3,2,1
2020-05-18,1,0,1
2020-05-19,0,0,0
2020-05-19,0,0,0
2020-05-19,0,0,0
2020-05-19,0,0,0
2020-05-19,0,0,0
2020-05-19,0,0,0
2020-05-19,3,1,2
2020-05-19,6,3,3
2020-05-19,8,2,6
2020-05-19,4,2,2
2020-05-19,6,3,3
2020-05-19,9,4,5
2020-05-19,11,7,4
2020-05-19,7,2,5
2020-05-19,11,7,4
2020-05-19,23,14,9
2020-05-19,21,9,12
2020-05-19,24,13,11
2020-05-19,13,6,7
2020-05-19,15,9,6
2020-05-19,11,3,8
2020-05-19,5,4,1
2020-05-19,0,0,0
2020-05-19,2,1,1
2020-05-20,0,0,0
2020-05-20,0,0,0
2020-05-20,0,0,0
2020-05-20,0,0,0
2020-05-20,0,0,0
2020-05-20,1,1,0
2020-05-20,0,0,0
2020-05-20,6,3,3
2020-05-20,5,3,2
2020-05-20,3,1,2
2020-05-20,3,2,1
2020-05-20,6,3,3
2020-05-20,9,5,4
2020-05-20,4,2,2
2020-05-20,7,3,4
2020-05-20,4,2,2
2020-05-20,9,7,2
2020-05-20,7,3,4
2020-05-20,5,2,3
2020-05-20,2,1,1
2020-05-20,0,0,0
2020-05-20,0,0,0
2020-05-20,1,0,1
2020-05-20,2,0,2
2020-05-21,0,0,0
2020-05-21,0,0,0
2020-05-21,1,1,0
2020-05-21,0,0,0
2020-05-21,0,0,0
2020-05-21,0,0,0
2020-05-21,0,0,0
2020-05-21,1,1,0
2020-05-21,0,0,0
2020-05-21,4,3,1
2020-05-21,2,1,1
2020-05-21,3,2,1
2020-05-21,7,3,4
2020-05-21,8,4,4
2020-05-21,6,0,6
2020-05-21,8,3,5
2020-05-21,1,0,1
2020-05-21,6,4,2
2020-05-21,4,3,1
2020-05-21,3,1,2
2020-05-21,2,0,2
2020-05-21,1,0,1
2020-05-21,0,0,0
2020-05-21,1,1,0
2020-05-22,0,0,0
2020-05-22,1,1,0
2020-05-22,0,0,0
2020-05-22,0,0,0
2020-05-22,1,0,1
2020-05-22,0,0,0
2020-05-22,2,0,2
2020-05-22,3,1,2
2020-05-22,3,2,1
2020-05-22,10,3,7
2020-05-22,6,4,2
2020-05-22,3,1,2
2020-05-22,9,5,4
2020-05-22,9,3,6
2020-05-22,6,3,3
2020-05-22,5,3,2
2020-05-22,10,6,4
2020-05-22,8,4,4
2020-05-22,6,4,2
2020-05-22,5,2,3
2020-05-22,5,1,4
2020-05-22,1,1,0
2020-05-22,0,0,0
2020-05-22,1,1,0
2020-05-23,0,0,0
2020-05-23,0,0,0
2020-05-23,1,1,0
2020-05-23,0,0,0
2020-05-23,0,0,0
2020-05-23,0,0,0
2020-05-23,0,0,0
2020-05-23,5,4,1
2020-05-23,2,0,2
2020-05-23,6,2,4
2020-05-23,6,1,5
2020-05-23,5,2,3
2020-05-23,14,6,8
2020-05-23,13,8,5
2020-05-23,5,3,2
2020-05-23,12,4,8
2020-05-23,12,7,5
2020-05-23,13,7,6
2020-05-23,6,4,2
2020-05-23,8,3,5
2020-05-23,9,6,3
2020-05-23,1,1,0
2020-05-23,1,0,1
2020-05-23,0,0,0
2020-05-24,0,0,0
2020-05-24,0,0,0
2020-05-24,0,0,0
2020-05-24,0,0,0
2020-05-24,0,0,0
2020-05-24,0,0,0
2020-05-24,0,0,0
2020-05-24,1,1,0
2020-05-24,3,1,2
2020-05-24,11,1,10
2020-05-24,8,2,6
2020-05-24,13,5,8
2020-05-24,16,11,5
2020-05-24,18,11,7
2020-05-24,27,10,17
2020-05-24,32,11,21
2020-05-24,19,11,8
2020-05-24,19,10,9
2020-05-24,16,5,11
2020-05-24,7,3,4
2020-05-24,7,4,3
2020-05-24,1,0,1
2020-05-24,2,1,1
2020-05-24,3,0,3
2020-05-25,1,0,1
2020-05-25,0,0,0
2020-05-25,0,0,0
2020-05-25,0,0,0
2020-05-25,0,0,0
2020-05-25,0,0,0
2020-05-25,0,0,0
2020-05-25,2,2,0
2020-05-25,2,1,1
2020-05-25,1,1,0
2020-05-25,2,1,1
2020-05-25,7,2,5
2020-05-25,9,6,3
2020-05-25,7,7,0
2020-05-25,4,3,1
2020-05-25,2,1,1
2020-05-25,12,7,5
2020-05-25,5,3,2
2020-05-25,1,0,1
2020-05-25,0,0,0
2020-05-25,1,1,0
2020-05-25,0,0,0
2020-05-25,0,0,0
2020-05-25,0,0,0
2020-05-26,1,0,1
2020-05-26,0,0,0
2020-05-26,0,0,0
2020-05-26,0,0,0
2020-05-26,0,0,0
2020-05-26,1,0,1
2020-05-26,0,0,0
2020-05-26,3,2,1
2020-05-26,6,3,3
2020-05-26,4,2,2
2020-05-26,2,1,1
2020-05-26,5,4,1
2020-05-26,5,0,5
2020-05-26,8,0,8
2020-05-26,7,6,1
2020-05-26,9,2,7
2020-05-26,21,5,16
2020-05-26,25,13,12
2020-05-26,16,7,9
2020-05-26,13,5,8
2020-05-26,13,8,5
2020-05-26,1,0,1
2020-05-26,2,2,0
2020-05-26,0,0,0
2020-05-27,1,0,1
2020-05-27,0,0,0
2020-05-27,0,0,0
2020-05-27,0,0,0
2020-05-27,0,0,0
2020-05-27,0,0,0
2020-05-27,1,0,1
2020-05-27,3,2,1
2020-05-27,2,2,0
2020-05-27,4,0,4
2020-05-27,6,2,4
2020-05-27,12,4,8
2020-05-27,19,8,11
2020-05-27,9,6,3
2020-05-27,14,5,9
2020-05-27,13,2,11
2020-05-27,19,11,8
2020-05-27,19,9,10
2020-05-27,30,12,18
2020-05-27,14,4,10
2020-05-27,9,3,6
2020-05-27,6,4,2
2020-05-27,2,1,1
2020-05-27,1,1,0
2020-05-28,0,0,0
2020-05-28,0,0,0
2020-05-28,0,0,0
2020-05-28,1,0,1
2020-05-28,0,0,0
2020-05-28,1,0,1
2020-05-28,3,0,3
2020-05-28,5,3,2
2020-05-28,3,3,0
2020-05-28,2,1,1
2020-05-28,12,4,8
2020-05-28,5,3,2
2020-05-28,5,0,5
2020-05-28,3,1,2
2020-05-28,11,8,3
2020-05-28,13,6,7
2020-05-28,10,3,7
2020-05-28,21,16,5
2020-05-28,7,3,4
2020-05-28,11,5,6
2020-05-28,7,6,1
2020-05-28,1,1,0
2020-05-28,0,0,0
2020-05-28,0,0,0
2020-05-29,0,0,0
2020-05-29,0,0,0
2020-05-29,0,0,0
2020-05-29,0,0,0
2020-05-29,0,0,0
2020-05-29,1,1,0
2020-05-29,3,2,1
2020-05-29,4,2,2
2020-05-29,3,2,1
2020-05-29,4,1,3
2020-05-29,7,2,5
2020-05-29,5,2,3
2020-05-29,15,8,7
2020-05-29,10,5,5
2020-05-29,16,8,8
2020-05-29,17,9,8
2020-05-29,13,7,6
2020-05-29,17,5,12
2020-05-29,13,5,8
2020-05-29,23,16,7
2020-05-29,2,2,0
2020-05-29,3,3,0
2020-05-29,3,1,2
2020-05-29,0,0,0
2020-05-30,0,0,0
2020-05-30,1,0,1
2020-05-30,0,0,0
2020-05-30,0,0,0
2020-05-30,0,0,0
2020-05-30,0,0,0
2020-05-30,0,0,0
2020-05-30,5,2,3
2020-05-30,2,1,1
2020-05-30,0,0,0
2020-05-30,4,2,2
2020-05-30,1,0,1
2020-05-30,6,3,3
2020-05-30,0,0,0
2020-05-30,2,2,0
2020-05-30,3,0,3
2020-05-30,0,0,0
2020-05-30,2,2,0
2020-05-30,2,1,1
2020-05-30,0,0,0
2020-05-30,0,0,0
2020-05-30,0,0,0
2020-05-30,1,0,1
2020-05-30,0,0,0
2020-05-31,0,0,0
2020-05-31,0,0,0
2020-05-31,0,0,0
2020-05-31,0,0,0
2020-05-31,1,1,0
2020-05-31,0,0,0
2020-05-31,0,0,0
2020-05-31,1,1,0
2020-05-31,1,0,1
2020-05-31,1,1,0
2020-05-31,1,0,1
2020-05-31,4,0,4
2020-05-31,5,1,4
2020-05-31,4,1,3
2020-05-31,11,5,6
2020-05-31,19,7,12
2020-05-31,20,12,8
2020-05-31,3,2,1
2020-05-31,5,3,2
2020-05-31,4,4,0
2020-05-31,3,2,1
2020-05-31,6,4,2
2020-05-31,3,2,1
2020-05-31,0,0,0
2020-06-01,0,0,0
2020-06-01,0,0,0
2020-06-01,0,0,0
2020-06-01,0,0,0
2020-06-01,0,0,0
2020-06-01,0,0,0
2020-06-01,1,0,1
2020-06-01,0,0,0
2020-06-01,6,2,4
2020-06-01,3,2,1
2020-06-01,3,1,2
2020-06-01,4,2,2
2020-06-01,9,3,6
2020-06-01,10,4,6
2020-06-01,6,2,4
2020-06-01,2,0,2
2020-06-01,14,9,5
2020-06-01,17,7,10
2020-06-01,11,8,3
2020-06-01,9,3,6
2020-06-01,6,4,2
2020-06-01,1,0,1
2020-06-01,0,0,0
2020-06-01,0,0,0
2020-06-02,0,0,0
2020-06-02,0,0,0
2020-06-02,0,0,0
2020-06-02,0,0,0
2020-06-02,0,0,0
2020-06-02,0,0,0
2020-06-02,1,1,0
2020-06-02,9,4,5
2020-06-02,6,4,2
2020-06-02,2,0,2
2020-06-02,3,2,1
2020-06-02,6,4,2
2020-06-02,5,1,4
2020-06-02,5,2,3
2020-06-02,3,1,2
2020-06-02,4,0,4
2020-06-02,2,2,0
2020-06-02,6,1,5
2020-06-02,8,4,4
2020-06-02,3,0,3
2020-06-02,8,3,5
2020-06-02,1,0,1
2020-06-02,2,2,0
2020-06-02,0,0,0
2020-06-03,1,0,1
2020-06-03,0,0,0
2020-06-03,0,0,0
2020-06-03,1,1,0
2020-06-03,0,0,0
2020-06-03,0,0,0
2020-06-03,1,0,1
2020-06-03,5,2,3
2020-06-03,3,3,0
2020-06-03,3,1,2
2020-06-03,6,4,2
2020-06-03,3,1,2
2020-06-03,16,7,9
2020-06-03,3,0,3
2020-06-03,7,3,4
2020-06-03,17,5,12
2020-06-03,12,6,6
2020-06-03,12,6,6
2020-06-03,14,4,10
2020-06-03,6,4,2
2020-06-03,3,1,2
2020-06-03,1,0,1
2020-06-03,0,0,0
2020-06-03,0,0,0
2020-06-04,0,0,0
2020-06-04,0,0,0
2020-06-04,0,0,0
2020-06-04,0,0,0
2020-06-04,0,0,0
2020-06-04,1,1,0
2020-06-04,0,0,0
2020-06-04,6,3,3
2020-06-04,4,4,0
2020-06-04,2,1,1
2020-06-04,5,3,2
2020-06-04,5,4,1
2020-06-04,9,5,4
2020-06-04,3,1,2
2020-06-04,12,6,6
2020-06-04,15,9,6
2020-06-04,10,6,4
2020-06-04,14,6,8
2020-06-04,11,7,4
2020-06-04,12,7,5
2020-06-04,6,3,3
2020-06-04,1,1,0
2020-06-04,2,1,1
2020-06-04,1,1,0
2020-06-05,0,0,0
2020-06-05,0,0,0
2020-06-05,2,2,0
2020-06-05,0,0,0
2020-06-05,0,0,0
2020-06-05,0,0,0
2020-06-05,1,1,0
2020-06-05,4,2,2
2020-06-05,2,2,0
2020-06-05,2,0,2
2020-06-05,11,4,7
2020-06-05,11,7,4
2020-06-05,3,1,2
2020-06-05,6,2,4
2020-06-05,0,0,0
2020-06-05,17,8,9
2020-06-05,7,2,5
2020-06-05,13,7,6
2020-06-05,17,5,12
2020-06-05,5,3,2
2020-06-05,2,2,0
2020-06-05,2,1,1
2020-06-05,2,1,1
2020-06-05,0,0,0
2020-06-06,1,1,0
2020-06-06,2,1,1
2020-06-06,1,0,1
2020-06-06,0,0,0
2020-06-06,0,0,0
2020-06-06,1,1,0
2020-06-06,2,1,1
2020-06-06,1,1,0
2020-06-06,2,0,2
2020-06-06,2,2,0
2020-06-06,5,1,4
2020-06-06,6,2,4
2020-06-06,19,4,15
2020-06-06,23,18,5
2020-06-06,21,5,16
2020-06-06,9,6,3
2020-06-06,14,9,5
2020-06-06,10,8,2
2020-06-06,5,4,1
2020-06-06,10,4,6
2020-06-06,3,1,2
2020-06-06,0,0,0
2020-06-06,0,0,0
2020-06-06,1,1,0
2020-06-07,0,0,0
2020-06-07,0,0,0
2020-06-07,0,0,0
2020-06-07,0,0,0
2020-06-07,0,0,0
2020-06-07,0,0,0
2020-06-07,0,0,0
2020-06-07,0,0,0
2020-06-07,1,0,1
2020-06-07,1,1,0
2020-06-07,2,1,1
2020-06-07,9,9,0
2020-06-07,6,2,4
2020-06-07,10,6,4
2020-06-07,20,7,13
2020-06-07,17,6,11
2020-06-07,22,13,9
2020-06-07,21,12,9
2020-06-07,10,4,6
2020-06-07,2,1,1
2020-06-07,3,1,2
2020-06-07,2,2,0
2020-06-07,0,0,0
2020-06-07,0,0,0
2020-06-08,0,0,0
2020-06-08,0,0,0
2020-06-08,0,0,0
2020-06-08,0,0,0
2020-06-08,0,0,0
2020-06-08,1,0,1
2020-06-08,0,0,0
2020-06-08,3,1,2
2020-06-08,4,4,0
2020-06-08,1,1,0
2020-06-08,5,2,3
2020-06-08,11,3,8
2020-06-08,12,6,6
2020-06-08,14,11,3
2020-06-08,4,3,1
2020-06-08,9,3,6
2020-06-08,16,7,9
2020-06-08,9,3,6
2020-06-08,7,4,3
2020-06-08,2,2,0
2020-06-08,3,2,1
2020-06-08,3,3,0
2020-06-08,0,0,0
2020-06-08,0,0,0
2020-06-09,0,0,0
2020-06-09,0,0,0
2020-06-09,0,0,0
2020-06-09,1,0,1
2020-06-09,0,0,0
2020-06-09,1,0,1
2020-06-09,0,0,0
2020-06-09,3,2,1
2020-06-09,0,0,0
2020-06-09,1,1,0
2020-06-09,2,1,1
2020-06-09,2,1,1
2020-06-09,1,0,1
2020-06-09,3,1,2
2020-06-09,5,2,3
2020-06-09,3,0,3
2020-06-09,11,4,7
2020-06-09,2,1,1
2020-06-09,4,1,3
2020-06-09,2,2,0
2020-06-09,4,0,4
2020-06-09,1,0,1
2020-06-09,0,0,0
2020-06-09,0,0,0
2020-06-10,0,0,0
2020-06-10,1,1,0
2020-06-10,0,0,0
2020-06-10,0,0,0
2020-06-10,0,0,0
2020-06-10,0,0,0
2020-06-10,2,0,2
2020-06-10,7,4,3
2020-06-10,3,1,2
2020-06-10,3,3,0
2020-06-10,4,2,2
2020-06-10,8,4,4
2020-06-10,18,7,11
2020-06-10,15,4,11
2020-06-10,9,4,5
2020-06-10,13,4,9
2020-06-10,9,6,3
2020-06-10,24,14,10
2020-06-10,13,3,10
2020-06-10,10,4,6
2020-06-10,9,5,4
2020-06-10,6,4,2
2020-06-10,2,2,0
2020-06-10,1,1,0
2020-06-11,0,0,0
2020-06-11,0,0,0
2020-06-11,0,0,0
2020-06-11,0,0,0
2020-06-11,0,0,0
2020-06-11,0,0,0
2020-06-11,1,0,1
2020-06-11,3,2,1
2020-06-11,1,1,0
2020-06-11,1,1,0
2020-06-11,3,1,2
2020-06-11,2,0,2
2020-06-11,1,0,1
2020-06-11,4,0,4
2020-06-11,5,2,3
2020-06-11,14,7,7
2020-06-11,10,2,8
2020-06-11,12,3,9
2020-06-11,15,10,5
2020-06-11,13,8,5
2020-06-11,7,5,2
2020-06-11,2,2,0
2020-06-11,6,5,1
2020-06-11,0,0,0
2020-06-12,0,0,0
2020-06-12,0,0,0
2020-06-12,0,0,0
2020-06-12,0,0,0
2020-06-12,0,0,0
2020-06-12,0,0,0
2020-06-12,2,1,1
2020-06-12,7,3,4
2020-06-12,1,0,1
2020-06-12,4,0,4
2020-06-12,2,1,1
2020-06-12,3,1,2
2020-06-12,3,2,1
2020-06-12,4,2,2
2020-06-12,0,0,0
2020-06-12,1,0,1
2020-06-12,0,0,0
2020-06-12,11,7,4
2020-06-12,11,3,8
2020-06-12,2,0,2
2020-06-12,3,2,1
2020-06-12,2,1,1
2020-06-12,0,0,0
2020-06-12,1,1,0
2020-06-13,0,0,0
2020-06-13,0,0,0
2020-06-13,0,0,0
2020-06-13,0,0,0
2020-06-13,0,0,0
2020-06-13,0,0,0
2020-06-13,0,0,0
2020-06-13,1,0,1
2020-06-13,0,0,0
2020-06-13,0,0,0
2020-06-13,2,1,1
2020-06-13,10,1,9
2020-06-13,14,6,8
2020-06-13,6,1,5
2020-06-13,1,0,1
2020-06-13,5,3,2
2020-06-13,6,6,0
2020-06-13,4,2,2
2020-06-13,2,0,2
2020-06-13,1,1,0
2020-06-13,0,0,0
2020-06-13,3,1,2
2020-06-13,0,0,0
2020-06-13,3,0,3
2020-06-14,0,0,0
2020-06-14,0,0,0
2020-06-14,0,0,0
2020-06-14,0,0,0
2020-06-14,0,0,0
2020-06-14,0,0,0
2020-06-14,4,0,4
2020-06-14,1,1,0
2020-06-14,1,0,1
2020-06-14,2,1,1
2020-06-14,7,2,5
2020-06-14,15,2,13
2020-06-14,14,7,7
2020-06-14,27,15,12
2020-06-14,27,16,11
2020-06-14,17,10,7
2020-06-14,16,7,9
2020-06-14,11,4,7
2020-06-14,1,0,1
2020-06-14,8,2,6
2020-06-14,3,2,1
2020-06-14,1,1,0
2020-06-14,0,0,0
2020-06-14,0,0,0
2020-06-15,1,1,0
2020-06-15,0,0,0
2020-06-15,0,0,0
2020-06-15,0,0,0
2020-06-15,0,0,0
2020-06-15,1,0,1
2020-06-15,0,0,0
2020-06-15,0,0,0
2020-06-15,2,1,1
2020-06-15,0,0,0
2020-06-15,3,3,0
2020-06-15,4,2,2
2020-06-15,6,3,3
2020-06-15,3,1,2
2020-06-15,7,3,4
2020-06-15,5,4,1
2020-06-15,6,4,2
2020-06-15,9,4,5
2020-06-15,11,0,11
2020-06-15,2,2,0
2020-06-15,9,5,4
2020-06-15,1,0,1
2020-06-15,0,0,0
2020-06-15,0,0,0
2020-06-16,0,0,0
2020-06-16,0,0,0
2020-06-16,0,0,0
2020-06-16,0,0,0
2020-06-16,0,0,0
2020-06-16,0,0,0
2020-06-16,0,0,0
2020-06-16,4,1,3
2020-06-16,5,1,4
2020-06-16,3,2,1
2020-06-16,4,3,1
2020-06-16,2,1,1
2020-06-16,7,2,5
2020-06-16,8,1,7
2020-06-16,12,5,7
2020-06-16,11,4,7
2020-06-16,16,9,7
2020-06-16,19,10,9
2020-06-16,13,6,7
2020-06-16,18,10,8
2020-06-16,6,3,3
2020-06-16,2,0,2
2020-06-16,0,0,0
2020-06-16,0,0,0
2020-06-17,0,0,0
2020-06-17,0,0,0
2020-06-17,0,0,0
2020-06-17,0,0,0
2020-06-17,0,0,0
2020-06-17,0,0,0
2020-06-17,0,0,0
2020-06-17,5,3,2
2020-06-17,2,2,0
2020-06-17,6,6,0
2020-06-17,10,3,7
2020-06-17,7,2,5
2020-06-17,8,3,5
2020-06-17,8,2,6
2020-06-17,15,3,12
2020-06-17,11,7,4
2020-06-17,13,2,11
2020-06-17,32,10,22
2020-06-17,20,13,7
2020-06-17,7,3,4
2020-06-17,8,5,3
2020-06-17,4,2,2
2020-06-17,0,0,0
2020-06-17,1,1,0
2020-06-18,0,0,0
2020-06-18,0,0,0
2020-06-18,0,0,0
2020-06-18,0,0,0
2020-06-18,0,0,0
2020-06-18,0,0,0
2020-06-18,0,0,0
2020-06-18,3,2,1
2020-06-18,9,5,4
2020-06-18,4,2,2
2020-06-18,8,2,6
2020-06-18,7,5,2
2020-06-18,8,4,4
2020-06-18,13,4,9
2020-06-18,8,3,5
2020-06-18,13,8,5
2020-06-18,14,8,6
2020-06-18,15,8,7
2020-06-18,18,5,13
2020-06-18,12,4,8
2020-06-18,5,4,1
2020-06-18,7,5,2
2020-06-18,2,2,0
2020-06-18,0,0,0
2020-06-19,0,0,0
2020-06-19,0,0,0
2020-06-19,0,0,0
2020-06-19,0,0,0
2020-06-19,0,0,0
2020-06-19,0,0,0
2020-06-19,3,0,3
2020-06-19,4,3,1
2020-06-19,4,2,2
2020-06-19,4,2,2
2020-06-19,9,2,7
2020-06-19,6,4,2
2020-06-19,16,8,8
2020-06-19,15,7,8
2020-06-19,18,10,8
2020-06-19,9,5,4
2020-06-19,19,10,9
2020-06-19,27,15,12
2020-06-19,8,3,5
2020-06-19,17,9,8
2020-06-19,5,3,2
2020-06-19,1,0,1
2020-06-19,1,0,1
2020-06-19,0,0,0
2020-06-20,0,0,0
2020-06-20,0,0,0
2020-06-20,0,0,0
2020-06-20,0,0,0
2020-06-20,0,0,0
2020-06-20,0,0,0
2020-06-20,0,0,0
2020-06-20,0,0,0
2020-06-20,0,0,0
2020-06-20,1,1,0
2020-06-20,3,1,2
2020-06-20,8,1,7
2020-06-20,4,1,3
2020-06-20,14,9,5
2020-06-20,21,10,11
2020-06-20,10,7,3
2020-06-20,9,6,3
2020-06-20,6,3,3
2020-06-20,4,1,3
2020-06-20,13,10,3
2020-06-20,4,2,2
2020-06-20,1,0,1
2020-06-20,1,1,0
2020-06-20,0,0,0
2020-06-21,0,0,0
2020-06-21,0,0,0
2020-06-21,1,0,1
2020-06-21,0,0,0
2020-06-21,0,0,0
2020-06-21,0,0,0
2020-06-21,1,1,0
2020-06-21,0,0,0
2020-06-21,3,1,2
2020-06-21,3,2,1
2020-06-21,10,1,9
2020-06-21,15,6,9
2020-06-21,19,4,15
2020-06-21,19,17,2
2020-06-21,16,9,7
2020-06-21,10,4,6
2020-06-21,17,9,8
2020-06-21,9,6,3
2020-06-21,13,6,7
2020-06-21,5,2,3
2020-06-21,4,3,1
2020-06-21,5,3,2
2020-06-21,5,3,2
2020-06-21,0,0,0
2020-06-22,0,0,0
2020-06-22,0,0,0
2020-06-22,0,0,0
2020-06-22,0,0,0
2020-06-22,0,0,0
2020-06-22,1,0,1
2020-06-22,1,1,0
2020-06-22,4,2,2
2020-06-22,2,1,1
2020-06-22,4,2,2
2020-06-22,4,3,1
2020-06-22,3,2,1
2020-06-22,14,6,8
2020-06-22,12,7,5
2020-06-22,11,4,7
2020-06-22,18,6,12
2020-06-22,15,9,6
2020-06-22,19,12,7
2020-06-22,29,12,17
2020-06-22,16,10,6
2020-06-22,9,6,3
2020-06-22,6,4,2
2020-06-22,1,0,1
2020-06-22,0,0,0
2020-06-23,2,1,1
2020-06-23,2,1,1
2020-06-23,1,0,1
2020-06-23,1,1,0
2020-06-23,1,1,0
2020-06-23,0,0,0
2020-06-23,4,1,3
2020-06-23,1,0,1
2020-06-23,4,4,0
2020-06-23,2,0,2
2020-06-23,6,2,4
2020-06-23,0,0,0
2020-06-23,0,0,0
2020-06-23,13,6,7
2020-06-23,10,2,8
2020-06-23,8,6,2
2020-06-23,13,6,7
2020-06-23,10,5,5
2020-06-23,12,4,8
2020-06-23,14,4,10
2020-06-23,3,3,0
2020-06-23,11,10,1
2020-06-23,2,0,2
2020-06-23,0,0,0
2020-06-24,0,0,0
2020-06-24,2,1,1
2020-06-24,1,1,0
2020-06-24,0,0,0
2020-06-24,0,0,0
2020-06-24,0,0,0
2020-06-24,4,1,3
2020-06-24,3,2,1
2020-06-24,5,4,1
2020-06-24,1,0,1
2020-06-24,8,5,3
2020-06-24,6,2,4
2020-06-24,7,3,4
2020-06-24,8,3,5
2020-06-24,5,2,3
2020-06-24,14,9,5
2020-06-24,11,3,8
2020-06-24,15,4,11
2020-06-24,5,2,3
2020-06-24,11,6,5
2020-06-24,10,6,4
2020-06-24,1,1,0
2020-06-24,3,3,0
2020-06-24,0,0,0
2020-06-25,0,0,0
2020-06-25,0,0,0
2020-06-25,0,0,0
2020-06-25,0,0,0
2020-06-25,1,1,0
2020-06-25,0,0,0
2020-06-25,2,0,2
2020-06-25,2,1,1
2020-06-25,6,3,3
2020-06-25,6,2,4
2020-06-25,12,3,9
2020-06-25,3,1,2
2020-06-25,10,9,1
2020-06-25,16,8,8
2020-06-25,8,1,7
2020-06-25,5,2,3
2020-06-25,14,6,8
2020-06-25,20,9,11
2020-06-25,20,6,14
2020-06-25,13,5,8
2020-06-25,10,6,4
2020-06-25,5,3,2
2020-06-25,2,2,0
2020-06-25,0,0,0
2020-06-26,1,1,0
2020-06-26,0,0,0
2020-06-26,0,0,0
2020-06-26,0,0,0
2020-06-26,2,1,1
2020-06-26,2,1,1
2020-06-26,1,0,1
2020-06-26,3,3,0
2020-06-26,7,4,3
2020-06-26,5,3,2
2020-06-26,10,5,5
2020-06-26,10,3,7
2020-06-26,10,9,1
2020-06-26,15,7,8
2020-06-26,7,4,3
2020-06-26,17,6,11
2020-06-26,12,7,5
2020-06-26,10,4,6
2020-06-26,5,3,2
2020-06-26,6,2,4
2020-06-26,6,4,2
2020-06-26,3,0,3
2020-06-26,2,1,1
2020-06-26,1,0,1
2020-06-27,1,0,1
2020-06-27,0,0,0
2020-06-27,0,0,0
2020-06-27,0,0,0
2020-06-27,0,0,0
2020-06-27,0,0,0
2020-06-27,0,0,0
2020-06-27,3,2,1
2020-06-27,0,0,0
2020-06-27,2,1,1
2020-06-27,5,2,3
2020-06-27,2,0,2
2020-06-27,0,0,0
2020-06-27,2,0,2
2020-06-27,1,1,0
2020-06-27,2,0,2
2020-06-27,3,0,3
2020-06-27,4,2,2
2020-06-27,5,3,2
2020-06-27,1,0,1
2020-06-27,1,0,1
2020-06-27,1,1,0
2020-06-27,0,0,0
2020-06-27,0,0,0
2020-06-28,0,0,0
2020-06-28,0,0,0
2020-06-28,1,0,1
2020-06-28,0,0,0
2020-06-28,0,0,0
2020-06-28,0,0,0
2020-06-28,2,1,1
2020-06-28,3,2,1
2020-06-28,1,1,0
2020-06-28,3,3,0
2020-06-28,1,1,0
2020-06-28,11,3,8
2020-06-28,15,7,8
2020-06-28,7,1,6
2020-06-28,16,8,8
2020-06-28,16,8,8
2020-06-28,14,4,10
2020-06-28,14,8,6
2020-06-28,13,7,6
2020-06-28,9,4,5
2020-06-28,7,2,5
2020-06-28,2,2,0
2020-06-28,1,1,0
2020-06-28,1,1,0
2020-06-29,0,0,0
2020-06-29,0,0,0
2020-06-29,0,0,0
2020-06-29,1,0,1
2020-06-29,3,0,3
2020-06-29,1,0,1
2020-06-29,2,1,1
2020-06-29,2,2,0
2020-06-29,3,2,1
2020-06-29,5,5,0
2020-06-29,1,1,0
2020-06-29,12,4,8
2020-06-29,12,4,8
2020-06-29,2,1,1
2020-06-29,8,2,6
2020-06-29,11,7,4
2020-06-29,19,13,6
2020-06-29,11,3,8
2020-06-29,11,1,10
2020-06-29,13,4,9
2020-06-29,10,7,3
2020-06-29,3,1,2
2020-06-29,3,1,2
2020-06-29,3,2,1
2020-06-30,0,0,0
2020-06-30,0,0,0
2020-06-30,0,0,0
2020-06-30,1,0,1
2020-06-30,0,0,0
2020-06-30,0,0,0
2020-06-30,1,0,1
2020-06-30,3,3,0
2020-06-30,6,3,3
2020-06-30,2,1,1
2020-06-30,2,1,1
2020-06-30,4,3,1
2020-06-30,5,3,2
2020-06-30,4,2,2
2020-06-30,4,1,3
2020-06-30,7,5,2
2020-06-30,9,3,6
2020-06-30,5,2,3
2020-06-30,6,3,3
2020-06-30,3,2,1
2020-06-30,2,2,0
2020-06-30,0,0,0
2020-06-30,0,0,0
2020-06-30,0,0,0
2020-11-01,0,0,0
2020-11-01,0,0,0
2020-11-01,0,0,0
2020-11-01,0,0,0
2020-11-01,0,0,0
2020-11-01,0,0,0
2020-11-01,2,0,2
2020-11-01,2,1,1
2020-11-01,0,0,0
2020-11-01,6,3,3
2020-11-01,8,2,6
2020-11-01,11,5,6
2020-11-01,22,9,13
2020-11-01,11,8,3
2020-11-01,16,8,8
2020-11-01,18,9,9
2020-11-01,20,14,6
2020-11-01,6,4,2
2020-11-01,10,7,3
2020-11-01,1,1,0
2020-11-01,3,1,2
2020-11-01,0,0,0
2020-11-01,1,1,0
2020-11-01,0,0,0
2020-11-02,0,0,0
2020-11-02,0,0,0
2020-11-02,0,0,0
2020-11-02,0,0,0
2020-11-02,0,0,0
2020-11-02,0,0,0
2020-11-02,1,0,1
2020-11-02,5,1,4
2020-11-02,3,2,1
2020-11-02,1,1,0
2020-11-02,0,0,0
2020-11-02,6,1,5
2020-11-02,11,2,9
2020-11-02,15,7,8
2020-11-02,9,4,5
2020-11-02,14,5,9
2020-11-02,16,7,9
2020-11-02,12,6,6
2020-11-02,5,1,4
2020-11-02,2,1,1
2020-11-02,1,1,0
2020-11-02,0,0,0
2020-11-02,1,1,0
2020-11-02,1,0,1
2020-11-03,4,1,3
2020-11-03,0,0,0
2020-11-03,0,0,0
2020-11-03,0,0,0
2020-11-03,0,0,0
2020-11-03,0,0,0
2020-11-03,1,0,1
2020-11-03,5,3,2
2020-11-03,1,1,0
2020-07-01,2,1,1
2020-07-01,0,0,0
2020-07-01,0,0,0
2020-07-01,1,1,0
2020-07-01,0,0,0
2020-07-01,1,1,0
2020-07-01,1,0,1
2020-07-01,4,2,2
2020-07-01,4,2,2
2020-07-01,1,1,0
2020-07-01,3,1,2
2020-07-01,5,1,4
2020-07-01,4,2,2
2020-07-01,7,2,5
2020-07-01,6,2,4
2020-07-01,1,1,0
2020-07-01,4,1,3
2020-07-01,8,5,3
2020-07-01,7,3,4
2020-07-01,2,1,1
2020-07-01,2,0,2
2020-07-01,1,1,0
2020-07-01,2,0,2
2020-07-01,1,0,1
2020-07-02,1,0,1
2020-07-02,0,0,0
2020-07-02,0,0,0
2020-07-02,0,0,0
2020-07-02,1,0,1
2020-07-02,1,0,1
2020-07-02,1,0,1
2020-07-02,6,3,3
2020-07-02,0,0,0
2020-07-02,5,1,4
2020-07-02,6,4,2
2020-07-02,3,1,2
2020-07-02,4,3,1
2020-07-02,4,2,2
2020-07-02,7,4,3
2020-07-02,3,1,2
2020-07-02,13,4,9
2020-07-02,13,4,9
2020-07-02,7,5,2
2020-07-02,9,3,6
2020-07-02,5,0,5
2020-07-02,3,3,0
2020-07-02,2,2,0
2020-07-02,0,0,0
2020-07-03,0,0,0
2020-07-03,1,0,1
2020-07-03,0,0,0
2020-07-03,0,0,0
2020-07-03,1,1,0
2020-07-03,1,0,1
2020-07-03,1,1,0
2020-07-03,1,1,0
2020-07-03,1,0,1
2020-07-03,5,3,2
2020-07-03,11,5,6
2020-07-03,16,6,10
2020-07-03,11,6,5
2020-07-03,7,3,4
2020-07-03,2,1,1
2020-07-03,13,6,7
2020-07-03,19,13,6
2020-07-03,22,16,6
2020-07-03,13,5,8
2020-07-03,7,5,2
2020-07-03,3,1,2
2020-07-03,7,4,3
2020-07-03,1,0,1
2020-07-03,0,0,0
2020-07-04,0,0,0
2020-07-04,0,0,0
2020-07-04,0,0,0
2020-07-04,0,0,0
2020-07-04,3,1,2
2020-07-04,0,0,0
2020-07-04,0,0,0
2020-07-04,2,2,0
2020-07-04,3,1,2
2020-07-04,7,4,3
2020-07-04,5,2,3
2020-07-04,2,0,2
2020-07-04,17,6,11
2020-07-04,10,5,5
2020-07-04,13,8,5
2020-07-04,17,7,10
2020-07-04,24,8,16
2020-07-04,18,13,5
2020-07-04,12,5,7
2020-07-04,3,2,1
2020-07-04,3,3,0
2020-07-04,3,3,0
2020-07-04,1,1,0
2020-07-04,0,0,0
2020-07-05,0,0,0
2020-07-05,3,2,1
2020-07-05,0,0,0
2020-07-05,0,0,0
2020-07-05,0,0,0
2020-07-05,0,0,0
2020-07-05,0,0,0
2020-07-05,1,1,0
2020-07-05,4,1,3
2020-07-05,3,2,1
2020-07-05,9,3,6
2020-07-05,12,5,7
2020-07-05,21,10,11
2020-07-05,19,6,13
2020-07-05,18,6,12
2020-07-05,18,7,11
2020-07-05,23,14,9
2020-07-05,16,10,6
2020-07-05,12,7,5
2020-07-05,7,4,3
2020-07-05,6,3,3
2020-07-05,5,3,2
2020-07-05,1,1,0
2020-07-05,2,1,1
2020-07-06,1,0,1
2020-07-06,0,0,0
2020-07-06,0,0,0
2020-07-06,0,0,0
2020-07-06,0,0,0
2020-07-06,1,0,1
2020-07-06,2,0,2
2020-07-06,1,1,0
2020-07-06,6,3,3
2020-07-06,6,5,1
2020-07-06,5,1,4
2020-07-06,6,3,3
2020-07-06,13,7,6
2020-07-06,7,4,3
2020-07-06,8,5,3
2020-07-06,12,5,7
2020-07-06,12,8,4
2020-07-06,9,2,7
2020-07-06,13,6,7
2020-07-06,17,5,12
2020-07-06,9,8,1
2020-07-06,4,3,1
2020-07-06,0,0,0
2020-07-06,0,0,0
2020-07-07,1,0,1
2020-07-07,0,0,0
2020-07-07,0,0,0
2020-07-07,1,0,1
2020-07-07,0,0,0
2020-07-07,0,0,0
2020-07-07,3,1,2
2020-07-07,4,2,2
2020-07-07,5,2,3
2020-07-07,1,0,1
2020-07-07,6,4,2
2020-07-07,2,1,1
2020-07-07,9,5,4
2020-07-07,4,4,0
2020-07-07,7,5,2
2020-07-07,8,4,4
2020-07-07,6,4,2
2020-07-07,9,2,7
2020-07-07,9,3,6
2020-07-07,8,4,4
2020-07-07,5,3,2
2020-07-07,1,1,0
2020-07-07,1,1,0
2020-07-07,0,0,0
2020-07-08,0,0,0
2020-07-08,0,0,0
2020-07-08,0,0,0
2020-07-08,0,0,0
2020-07-08,1,1,0
2020-07-08,0,0,0
2020-07-08,0,0,0
2020-07-08,2,1,1
2020-07-08,9,7,2
2020-07-08,7,3,4
2020-07-08,3,2,1
2020-07-08,6,2,4
2020-07-08,7,5,2
2020-07-08,11,3,8
2020-07-08,6,2,4
2020-07-08,12,6,6
2020-07-08,13,6,7
2020-07-08,19,10,9
2020-07-08,19,6,13
2020-07-08,30,17,13
2020-07-08,12,4,8
2020-07-08,2,1,1
2020-07-08,0,0,0
2020-07-08,0,0,0
2020-07-09,3,3,0
2020-07-09,1,0,1
2020-07-09,0,0,0
2020-07-09,1,0,1
2020-07-09,0,0,0
2020-07-09,2,1,1
2020-07-09,1,0,1
2020-07-09,4,2,2
2020-07-09,4,1,3
2020-07-09,2,1,1
2020-07-09,5,2,3
2020-07-09,3,3,0
2020-07-09,9,6,3
2020-07-09,4,2,2
2020-07-09,8,4,4
2020-07-09,12,4,8
2020-07-09,5,3,2
2020-07-09,16,6,10
2020-07-09,9,1,8
2020-07-09,5,3,2
2020-07-09,6,2,4
2020-07-09,2,0,2
2020-07-09,0,0,0
2020-07-09,1,1,0
2020-07-10,0,0,0
2020-07-10,0,0,0
2020-07-10,0,0,0
2020-07-10,3,1,2
2020-07-10,2,1,1
2020-07-10,0,0,0
2020-07-10,1,0,1
2020-07-10,1,1,0
2020-07-10,7,4,3
2020-07-10,6,3,3
2020-07-10,5,3,2
2020-07-10,8,6,2
2020-07-10,6,3,3
2020-07-10,9,2,7
2020-07-10,17,8,9
2020-07-10,10,4,6
2020-07-10,16,6,10
2020-07-10,13,7,6
2020-07-10,15,6,9
2020-07-10,13,6,7
2020-07-10,6,3,3
2020-07-10,2,2,0
2020-07-10,0,0,0
2020-07-10,0,0,0
2020-07-11,0,0,0
2020-07-11,0,0,0
2020-07-11,0,0,0
2020-07-11,0,0,0
2020-07-11,0,0,0
2020-07-11,0,0,0
2020-07-11,0,0,0
2020-07-11,1,1,0
2020-07-11,1,0,1
2020-07-11,6,2,4
2020-07-11,10,4,6
2020-07-11,13,6,7
2020-07-11,26,10,16
2020-07-11,9,3,6
2020-07-11,29,19,10
2020-07-11,16,5,11
2020-07-11,11,6,5
2020-07-11,3,1,2
2020-07-11,4,3,1
2020-07-11,5,2,3
2020-07-11,7,1,6
2020-07-11,4,4,0
2020-07-11,0,0,0
2020-07-11,1,0,1
2020-07-12,0,0,0
2020-07-12,0,0,0
2020-07-12,1,0,1
2020-07-12,0,0,0
2020-07-12,1,1,0
2020-07-12,0,0,0
2020-07-12,0,0,0
2020-07-12,0,0,0
2020-07-12,2,0,2
2020-07-12,2,1,1
2020-07-12,5,2,3
2020-07-12,2,1,1
2020-07-12,10,3,7
2020-07-12,15,7,8
2020-07-12,15,8,7
2020-07-12,14,10,4
2020-07-12,18,10,8
2020-07-12,14,5,9
2020-07-12,22,11,11
2020-07-12,8,4,4
2020-07-12,1,0,1
2020-07-12,2,2,0
2020-07-12,1,1,0
2020-07-12,0,0,0
2020-07-13,0,0,0
2020-07-13,0,0,0
2020-07-13,1,0,1
2020-07-13,0,0,0
2020-07-13,0,0,0
2020-07-13,1,0,1
2020-07-13,2,2,0
2020-07-13,4,2,2
2020-07-13,3,2,1
2020-07-13,7,4,3
2020-07-13,6,2,4
2020-07-13,4,4,0
2020-07-13,6,3,3
2020-07-13,8,4,4
2020-07-13,11,5,6
2020-07-13,13,7,6
2020-07-13,17,8,9
2020-07-13,18,5,13
2020-07-13,16,10,6
2020-07-13,20,8,12
2020-07-13,6,3,3
2020-07-13,3,1,2
2020-07-13,1,1,0
2020-07-13,0,0,0
2020-07-14,0,0,0
2020-07-14,0,0,0
2020-07-14,0,0,0
2020-07-14,1,0,1
2020-07-14,0,0,0
2020-07-14,1,0,1
2020-07-14,2,0,2
2020-07-14,2,2,0
2020-07-14,4,2,2
2020-07-14,4,2,2
2020-07-14,7,2,5
2020-07-14,6,3,3
2020-07-14,19,9,10
2020-07-14,7,2,5
2020-07-14,7,2,5
2020-07-14,13,9,4
2020-07-14,17,7,10
2020-07-14,18,6,12
2020-07-14,21,13,8
2020-07-14,11,6,5
2020-07-14,12,7,5
2020-07-14,10,7,3
2020-07-14,2,0,2
2020-07-14,0,0,0
2020-07-15,4,4,0
2020-07-15,0,0,0
2020-07-15,0,0,0
2020-07-15,0,0,0
2020-07-15,1,0,1
2020-07-15,0,0,0
2020-07-15,2,1,1
2020-07-15,6,2,4
2020-07-15,4,3,1
2020-07-15,5,4,1
2020-07-15,4,2,2
2020-07-15,6,1,5
2020-07-15,9,5,4
2020-07-15,7,4,3
2020-07-15,13,8,5
2020-07-15,5,2,3
2020-07-15,25,15,10
2020-07-15,19,8,11
2020-07-15,12,3,9
2020-07-15,23,13,10
2020-07-15,10,5,5
2020-07-15,5,4,1
2020-07-15,5,3,2
2020-07-15,1,1,0
2020-07-16,0,0,0
2020-07-16,0,0,0
2020-07-16,0,0,0
2020-07-16,1,0,1
2020-07-16,0,0,0
2020-07-16,0,0,0
2020-07-16,1,0,1
2020-07-16,4,1,3
2020-07-16,3,1,2
2020-07-16,3,1,2
2020-07-16,8,3,5
2020-07-16,6,3,3
2020-07-16,10,5,5
2020-07-16,12,5,7
2020-07-16,15,7,8
2020-07-16,12,4,8
2020-07-16,13,6,7
2020-07-16,12,7,5
2020-07-16,14,7,7
2020-07-16,8,0,8
2020-07-16,5,4,1
2020-07-16,6,4,2
2020-07-16,1,1,0
2020-07-16,0,0,0
2020-07-17,1,1,0
2020-07-17,0,0,0
2020-07-17,0,0,0
2020-07-17,0,0,0
2020-07-17,0,0,0
2020-07-17,3,2,1
2020-07-17,1,0,1
2020-07-17,2,2,0
2020-07-17,3,3,0
2020-07-17,4,2,2
2020-07-17,7,5,2
2020-07-17,7,2,5
2020-07-17,11,4,7
2020-07-17,4,2,2
2020-07-17,5,1,4
2020-07-17,16,9,7
2020-07-17,15,9,6
2020-07-17,11,8,3
2020-07-17,14,7,7
2020-07-17,4,1,3
2020-07-17,6,5,1
2020-07-17,3,3,0
2020-07-17,1,1,0
2020-07-17,1,0,1
2020-07-18,0,0,0
2020-07-18,0,0,0
2020-07-18,0,0,0
2020-07-18,0,0,0
2020-07-18,0,0,0
2020-07-18,0,0,0
2020-07-18,1,0,1
2020-07-18,1,1,0
2020-07-18,5,0,5
2020-07-18,5,3,2
2020-07-18,20,7,13
2020-07-18,9,2,7
2020-07-18,19,8,11
2020-07-18,21,9,12
2020-07-18,23,15,8
2020-07-18,15,4,11
2020-07-18,16,9,7
2020-07-18,13,7,6
2020-07-18,15,9,6
2020-07-18,10,6,4
2020-07-18,10,3,7
2020-07-18,3,3,0
2020-07-18,1,1,0
2020-07-18,2,0,2
2020-07-19,0,0,0
2020-07-19,0,0,0
2020-07-19,0,0,0
2020-07-19,0,0,0
2020-07-19,0,0,0
2020-07-19,0,0,0
2020-07-19,0,0,0
2020-07-19,2,2,0
2020-07-19,6,1,5
2020-07-19,10,5,5
2020-07-19,17,6,11
2020-07-19,22,11,11
2020-07-19,12,5,7
2020-07-19,13,7,6
2020-07-19,26,9,17
2020-07-19,12,9,3
2020-07-19,10,6,4
2020-07-19,14,11,3
2020-07-19,11,8,3
2020-07-19,11,3,8
2020-07-19,9,3,6
2020-07-19,8,5,3
2020-07-19,2,1,1
2020-07-19,0,0,0
2020-07-20,1,0,1
2020-07-20,1,0,1
2020-07-20,1,0,1
2020-07-20,2,0,2
2020-07-20,0,0,0
2020-07-20,2,1,1
2020-07-20,1,0,1
2020-07-20,5,1,4
2020-07-20,5,2,3
2020-07-20,8,6,2
2020-07-20,7,4,3
2020-07-20,8,2,6
2020-07-20,5,2,3
2020-07-20,16,10,6
2020-07-20,4,2,2
2020-07-20,12,7,5
2020-07-20,12,2,10
2020-07-20,15,6,9
2020-07-20,14,7,7
2020-07-20,13,8,5
2020-07-20,11,7,4
2020-07-20,9,6,3
2020-07-20,1,1,0
2020-07-20,0,0,0
2020-07-21,0,0,0
2020-07-21,0,0,0
2020-07-21,1,0,1
2020-07-21,1,0,1
2020-07-21,0,0,0
2020-07-21,2,0,2
2020-07-21,2,1,1
2020-07-21,6,3,3
2020-07-21,7,4,3
2020-07-21,4,2,2
2020-07-21,7,2,5
2020-07-21,8,5,3
2020-07-21,20,13,7
2020-07-21,12,5,7
2020-07-21,11,5,6
2020-07-21,13,5,8
2020-07-21,12,6,6
2020-07-21,18,14,4
2020-07-21,16,8,8
2020-07-21,16,9,7
2020-07-21,8,4,4
2020-07-21,14,11,3
2020-07-21,6,4,2
2020-07-21,0,0,0
2020-07-22,1,0,1
2020-07-22,0,0,0
2020-07-22,1,1,0
2020-07-22,0,0,0
2020-07-22,0,0,0
2020-07-22,2,1,1
2020-07-22,0,0,0
2020-07-22,3,3,0
2020-07-22,8,4,4
2020-07-22,5,4,1
2020-07-22,4,2,2
2020-07-22,8,6,2
2020-07-22,8,4,4
2020-07-22,4,2,2
2020-07-22,7,6,1
2020-07-22,6,2,4
2020-07-22,8,2,6
2020-07-22,17,5,12
2020-07-22,12,6,6
2020-07-22,14,7,7
2020-07-22,8,6,2
2020-07-22,1,0,1
2020-07-22,1,1,0
2020-07-22,2,2,0
2020-07-23,0,0,0
2020-07-23,0,0,0
2020-07-23,0,0,0
2020-07-23,0,0,0
2020-07-23,0,0,0
2020-07-23,0,0,0
2020-07-23,1,0,1
2020-07-23,4,3,1
2020-07-23,2,2,0
2020-07-23,7,5,2
2020-07-23,8,4,4
2020-07-23,3,0,3
2020-07-23,9,3,6
2020-07-23,11,4,7
2020-07-23,13,6,7
2020-07-23,14,6,8
2020-07-23,9,6,3
2020-07-23,16,8,8
2020-07-23,17,8,9
2020-07-23,21,7,14
2020-07-23,16,11,5
2020-07-23,4,2,2
2020-07-23,1,1,0
2020-07-23,1,1,0
2020-07-24,0,0,0
2020-07-24,1,1,0
2020-07-24,0,0,0
2020-07-24,0,0,0
2020-07-24,0,0,0
2020-07-24,0,0,0
2020-07-24,0,0,0
2020-07-24,1,1,0
2020-07-24,1,1,0
2020-07-24,7,6,1
2020-07-24,10,4,6
2020-07-24,3,2,1
2020-07-24,18,9,9
2020-07-24,15,8,7
2020-07-24,18,11,7
2020-07-24,11,4,7
2020-07-24,12,2,10
2020-07-24,13,9,4
2020-07-24,17,9,8
2020-07-24,5,1,4
2020-07-24,5,4,1
2020-07-24,0,0,0
2020-07-24,1,1,0
2020-07-24,0,0,0
2020-07-25,0,0,0
2020-07-25,0,0,0
2020-07-25,0,0,0
2020-07-25,0,0,0
2020-07-25,0,0,0
2020-07-25,1,0,1
2020-07-25,1,1,0
2020-07-25,2,1,1
2020-07-25,2,1,1
2020-07-25,5,3,2
2020-07-25,11,5,6
2020-07-25,15,6,9
2020-07-25,21,12,9
2020-07-25,19,5,14
2020-07-25,21,7,14
2020-07-25,20,12,8
2020-07-25,16,9,7
2020-07-25,6,3,3
2020-07-25,18,8,10
2020-07-25,8,4,4
2020-07-25,0,0,0
2020-07-25,3,3,0
2020-07-25,1,0,1
2020-07-25,3,0,3
2020-07-26,0,0,0
2020-07-26,0,0,0
2020-07-26,0,0,0
2020-07-26,1,0,1
2020-07-26,1,0,1
2020-07-26,1,0,1
2020-07-26,0,0,0
2020-07-26,3,2,1
2020-07-26,3,1,2
2020-07-26,8,4,4
2020-07-26,13,3,10
2020-07-26,20,8,12
2020-07-26,16,4,12
2020-07-26,27,14,13
2020-07-26,14,8,6
2020-07-26,17,6,11
2020-07-26,13,9,4
2020-07-26,14,9,5
2020-07-26,12,6,6
2020-07-26,10,6,4
2020-07-26,11,5,6
2020-07-26,4,4,0
2020-07-26,4,2,2
2020-07-26,1,1,0
2020-07-27,0,0,0
2020-07-27,2,1,1
2020-07-27,1,0,1
2020-07-27,0,0,0
2020-07-27,0,0,0
2020-07-27,1,0,1
2020-07-27,3,1,2
2020-07-27,6,2,4
2020-07-27,6,1,5
2020-07-27,7,3,4
2020-07-27,9,1,8
2020-07-27,7,3,4
2020-07-27,9,6,3
2020-07-27,10,4,6
2020-07-27,10,6,4
2020-07-27,6,2,4
2020-07-27,13,6,7
2020-07-27,12,2,10
2020-07-27,18,9,9
2020-07-27,13,4,9
2020-07-27,6,4,2
2020-07-27,5,2,3
2020-07-27,3,2,1
2020-07-27,0,0,0
2020-07-28,3,2,1
2020-07-28,1,0,1
2020-07-28,0,0,0
2020-07-28,0,0,0
2020-07-28,1,0,1
2020-07-28,0,0,0
2020-07-28,1,0,1
2020-07-28,5,1,4
2020-07-28,11,4,7
2020-07-28,4,2,2
2020-07-28,4,1,3
2020-07-28,9,6,3
2020-07-28,10,3,7
2020-07-28,10,6,4
2020-07-28,8,2,6
2020-07-28,9,4,5
2020-07-28,16,7,9
2020-07-28,24,12,12
2020-07-28,14,5,9
2020-07-28,8,4,4
2020-07-28,17,5,12
2020-07-28,5,4,1
2020-07-28,1,1,0
2020-07-28,0,0,0
2020-07-29,0,0,0
2020-07-29,0,0,0
2020-07-29,0,0,0
2020-07-29,2,2,0
2020-07-29,1,1,0
2020-07-29,0,0,0
2020-07-29,2,2,0
2020-07-29,2,1,1
2020-07-29,2,1,1
2020-07-29,8,5,3
2020-07-29,15,5,10
2020-07-29,7,5,2
2020-07-29,10,7,3
2020-07-29,7,3,4
2020-07-29,8,6,2
2020-07-29,8,3,5
2020-07-29,18,10,8
2020-07-29,18,6,12
2020-07-29,27,7,20
2020-07-29,22,12,10
2020-07-29,13,9,4
2020-07-29,14,11,3
2020-07-29,0,0,0
2020-07-29,3,2,1
2020-07-30,0,0,0
2020-07-30,1,0,1
2020-07-30,0,0,0
2020-07-30,2,1,1
2020-07-30,0,0,0
2020-07-30,1,0,1
2020-07-30,1,1,0
2020-07-30,4,2,2
2020-07-30,5,4,1
2020-07-30,8,3,5
2020-07-30,11,7,4
2020-07-30,14,6,8
2020-07-30,11,7,4
2020-07-30,14,4,10
2020-07-30,5,3,2
2020-07-30,12,4,8
2020-07-30,10,4,6
2020-07-30,14,4,10
2020-07-30,21,10,11
2020-07-30,12,5,7
2020-07-30,7,4,3
2020-07-30,6,5,1
2020-07-30,1,1,0
2020-07-30,0,0,0
2020-07-31,3,0,3
2020-07-31,0,0,0
2020-07-31,0,0,0
2020-07-31,0,0,0
2020-07-31,1,1,0
2020-07-31,1,1,0
2020-07-31,2,0,2
2020-07-31,7,3,4
2020-07-31,2,1,1
2020-07-31,7,2,5
2020-07-31,11,6,5
2020-07-31,13,6,7
2020-07-31,11,6,5
2020-07-31,9,6,3
2020-07-31,13,4,9
2020-07-31,5,3,2
2020-07-31,11,4,7
2020-07-31,19,15,4
2020-07-31,17,8,9
2020-07-31,12,6,6
2020-07-31,13,9,4
2020-07-31,1,0,1
2020-07-31,5,0,5
2020-07-31,0,0,0
2020-11-03,1,1,0
2020-11-03,1,0,1
2020-11-03,3,2,1
2020-11-03,5,3,2
2020-11-03,7,2,5
2020-11-03,5,4,1
2020-11-03,5,2,3
2020-11-03,4,1,3
2020-11-03,6,5,1
2020-11-03,2,1,1
2020-11-03,4,1,3
2020-11-03,2,2,0
2020-11-03,3,2,1
2020-11-03,0,0,0
2020-11-03,1,0,1
2020-11-04,0,0,0
2020-11-04,0,0,0
2020-11-04,1,0,1
2020-11-04,0,0,0
2020-11-04,1,0,1
2020-11-04,0,0,0
2020-11-04,0,0,0
2020-11-04,2,1,1
2020-11-04,4,3,1
2020-11-04,3,2,1
2020-11-04,1,1,0
2020-11-04,8,2,6
2020-11-04,6,3,3
2020-11-04,8,6,2
2020-11-04,2,0,2
2020-11-04,2,1,1
2020-11-04,4,2,2
2020-09-01,1,0,1
2020-09-01,0,0,0
2020-09-01,1,0,1
2020-09-01,0,0,0
2020-09-01,1,1,0
2020-09-01,1,0,1
2020-09-01,2,1,1
2020-09-01,4,1,3
2020-09-01,7,4,3
2020-09-01,8,4,4
2020-09-01,6,3,3
2020-09-01,11,5,6
2020-09-01,10,4,6
2020-09-01,13,3,10
2020-09-01,4,2,2
2020-09-01,16,7,9
2020-09-01,27,17,10
2020-09-01,32,17,15
2020-09-01,23,7,16
2020-09-01,25,12,13
2020-09-01,5,5,0
2020-09-01,2,2,0
2020-09-01,1,1,0
2020-09-01,1,1,0
2020-09-02,1,1,0
2020-09-02,20,12,8
2020-09-02,0,0,0
2020-09-02,0,0,0
2020-09-02,0,0,0
2020-09-02,1,0,1
2020-09-02,1,0,1
2020-09-02,8,6,2
2020-09-02,12,5,7
2020-09-02,6,4,2
2020-09-02,4,1,3
2020-09-02,7,1,6
2020-09-02,14,5,9
2020-09-02,12,6,6
2020-09-02,7,4,3
2020-09-02,5,4,1
2020-09-02,14,10,4
2020-09-02,33,15,18
2020-09-02,15,8,7
2020-09-02,20,11,9
2020-09-02,6,4,2
2020-09-02,2,2,0
2020-09-02,2,0,2
2020-09-02,3,1,2
2020-09-03,0,0,0
2020-09-03,0,0,0
2020-09-03,0,0,0
2020-09-03,0,0,0
2020-09-03,0,0,0
2020-09-03,1,0,1
2020-09-03,1,0,1
2020-09-03,6,2,4
2020-09-03,4,3,1
2020-09-03,7,5,2
2020-09-03,6,3,3
2020-09-03,12,4,8
2020-09-03,10,5,5
2020-09-03,9,6,3
2020-09-03,6,3,3
2020-09-03,11,4,7
2020-09-03,16,4,12
2020-09-03,14,6,8
2020-09-03,9,5,4
2020-09-03,13,9,4
2020-09-03,9,3,6
2020-09-03,4,3,1
2020-09-03,2,1,1
2020-09-03,1,1,0
2020-09-04,2,0,2
2020-09-04,1,0,1
2020-09-04,0,0,0
2020-09-04,0,0,0
2020-09-04,0,0,0
2020-09-04,0,0,0
2020-09-04,5,3,2
2020-09-04,7,2,5
2020-09-04,10,4,6
2020-09-04,5,2,3
2020-09-04,9,5,4
2020-09-04,12,6,6
2020-09-04,9,4,5
2020-09-04,8,3,5
2020-09-04,20,8,12
2020-09-04,11,6,5
2020-09-04,15,8,7
2020-09-04,18,8,10
2020-09-04,19,10,9
2020-09-04,5,2,3
2020-09-04,6,2,4
2020-09-04,6,5,1
2020-09-04,1,1,0
2020-09-04,1,0,1
2020-09-05,1,1,0
2020-09-05,0,0,0
2020-09-05,0,0,0
2020-09-05,1,1,0
2020-09-05,1,0,1
2020-09-05,1,1,0
2020-09-05,6,3,3
2020-09-05,3,1,2
2020-09-05,3,2,1
2020-09-05,7,4,3
2020-09-05,14,7,7
2020-09-05,13,3,10
2020-09-05,4,1,3
2020-09-05,17,3,14
2020-09-05,18,8,10
2020-09-05,8,5,3
2020-09-05,17,9,8
2020-09-05,14,11,3
2020-09-05,16,10,6
2020-09-05,4,2,2
2020-09-05,4,2,2
2020-09-05,2,2,0
2020-09-05,0,0,0
2020-09-05,0,0,0
2020-09-06,3,0,3
2020-09-06,0,0,0
2020-09-06,0,0,0
2020-09-06,1,0,1
2020-09-06,0,0,0
2020-09-06,1,0,1
2020-09-06,0,0,0
2020-09-06,4,4,0
2020-09-06,7,5,2
2020-09-06,6,0,6
2020-09-06,16,7,9
2020-09-06,15,8,7
2020-09-06,12,5,7
2020-09-06,19,13,6
2020-09-06,13,5,8
2020-09-06,13,6,7
2020-09-06,15,11,4
2020-09-06,9,3,6
2020-09-06,21,11,10
2020-09-06,8,3,5
2020-09-06,7,7,0
2020-09-06,0,0,0
2020-09-06,3,3,0
2020-09-06,0,0,0
2020-09-07,1,0,1
2020-09-07,0,0,0
2020-09-07,0,0,0
2020-09-07,1,1,0
2020-09-07,0,0,0
2020-09-07,1,0,1
2020-09-07,3,0,3
2020-09-07,4,3,1
2020-09-07,2,0,2
2020-09-07,7,2,5
2020-09-07,15,6,9
2020-09-07,10,5,5
2020-09-07,14,9,5
2020-09-07,11,5,6
2020-09-07,6,4,2
2020-09-07,13,7,6
2020-09-07,22,4,18
2020-09-07,17,8,9
2020-09-07,17,8,9
2020-09-07,8,8,0
2020-09-07,5,2,3
2020-09-07,1,0,1
2020-09-07,3,2,1
2020-09-07,0,0,0
2020-09-08,0,0,0
2020-09-08,0,0,0
2020-09-08,0,0,0
2020-09-08,0,0,0
2020-09-08,0,0,0
2020-09-08,1,0,1
2020-09-08,0,0,0
2020-09-08,0,0,0
2020-09-08,3,1,2
2020-09-08,3,3,0
2020-09-08,4,2,2
2020-09-08,3,2,1
2020-09-08,3,0,3
2020-09-08,8,3,5
2020-09-08,5,2,3
2020-09-08,2,1,1
2020-09-08,6,2,4
2020-09-08,4,1,3
2020-09-08,13,9,4
2020-09-08,8,5,3
2020-09-08,3,1,2
2020-09-08,1,1,0
2020-09-08,2,1,1
2020-09-08,4,3,1
2020-09-09,0,0,0
2020-09-09,0,0,0
2020-09-09,1,0,1
2020-09-09,0,0,0
2020-09-09,0,0,0
2020-09-09,0,0,0
2020-09-09,1,0,1
2020-09-09,5,2,3
2020-09-09,7,4,3
2020-09-09,4,4,0
2020-09-09,4,2,2
2020-09-09,4,1,3
2020-09-09,7,3,4
2020-09-09,7,2,5
2020-09-09,3,1,2
2020-09-09,13,8,5
2020-09-09,9,4,5
2020-09-09,15,7,8
2020-09-09,11,7,4
2020-09-09,11,3,8
2020-09-09,4,3,1
2020-09-09,2,2,0
2020-09-09,2,1,1
2020-09-09,0,0,0
2020-09-10,0,0,0
2020-09-10,0,0,0
2020-09-10,0,0,0
2020-09-10,1,0,1
2020-09-10,0,0,0
2020-09-10,1,0,1
2020-09-10,2,1,1
2020-09-10,5,5,0
2020-09-10,10,6,4
2020-09-10,4,2,2
2020-09-10,4,0,4
2020-09-10,9,4,5
2020-09-10,6,1,5
2020-09-10,7,3,4
2020-09-10,7,4,3
2020-09-10,5,2,3
2020-09-10,13,8,5
2020-09-10,13,3,10
2020-09-10,9,3,6
2020-09-10,18,11,7
2020-09-10,6,4,2
2020-09-10,0,0,0
2020-09-10,1,1,0
2020-09-10,2,1,1
2020-09-11,0,0,0
2020-09-11,1,1,0
2020-09-11,0,0,0
2020-09-11,0,0,0
2020-09-11,0,0,0
2020-09-11,0,0,0
2020-09-11,0,0,0
2020-09-11,1,1,0
2020-09-11,1,1,0
2020-09-11,0,0,0
2020-09-11,1,0,1
2020-09-11,6,2,4
2020-09-11,1,0,1
2020-09-11,3,1,2
2020-09-11,2,0,2
2020-09-11,6,4,2
2020-09-11,7,1,6
2020-09-11,3,0,3
2020-09-11,2,1,1
2020-09-11,5,5,0
2020-09-11,1,0,1
2020-09-11,1,0,1
2020-09-11,2,1,1
2020-09-11,1,0,1
2020-09-12,2,0,2
2020-09-12,0,0,0
2020-09-12,2,0,2
2020-09-12,0,0,0
2020-09-12,2,1,1
2020-09-12,0,0,0
2020-09-12,0,0,0
2020-09-12,1,1,0
2020-09-12,2,0,2
2020-09-12,1,1,0
2020-09-12,3,2,1
2020-09-12,5,0,5
2020-09-12,1,1,0
2020-09-12,1,0,1
2020-09-12,3,1,2
2020-09-12,0,0,0
2020-09-12,3,2,1
2020-09-12,3,2,1
2020-09-12,2,2,0
2020-09-12,4,3,1
2020-09-12,1,1,0
2020-09-12,1,1,0
2020-09-12,0,0,0
2020-09-12,0,0,0
2020-09-13,0,0,0
2020-09-13,1,0,1
2020-09-13,0,0,0
2020-09-13,0,0,0
2020-09-13,0,0,0
2020-09-13,0,0,0
2020-09-13,0,0,0
2020-09-13,0,0,0
2020-09-13,1,0,1
2020-09-13,2,1,1
2020-09-13,1,0,1
2020-09-13,1,0,1
2020-09-13,5,3,2
2020-09-13,0,0,0
2020-09-13,3,2,1
2020-09-13,2,2,0
2020-09-13,4,2,2
2020-09-13,3,1,2
2020-09-13,2,1,1
2020-09-13,3,2,1
2020-09-13,1,0,1
2020-09-13,2,2,0
2020-09-13,1,1,0
2020-09-13,0,0,0
2020-09-14,1,1,0
2020-09-14,0,0,0
2020-09-14,0,0,0
2020-09-14,0,0,0
2020-09-14,0,0,0
2020-09-14,0,0,0
2020-09-14,0,0,0
2020-09-14,0,0,0
2020-09-14,0,0,0
2020-09-14,2,1,1
2020-09-14,1,1,0
2020-09-14,0,0,0
2020-09-14,6,3,3
2020-09-14,3,1,2
2020-09-14,1,1,0
2020-09-14,3,3,0
2020-09-14,6,4,2
2020-09-14,2,1,1
2020-09-14,4,1,3
2020-09-14,1,1,0
2020-09-14,6,3,3
2020-09-14,2,1,1
2020-09-14,1,0,1
2020-09-14,3,2,1
2020-09-15,0,0,0
2020-09-15,0,0,0
2020-09-15,0,0,0
2020-09-15,0,0,0
2020-09-15,0,0,0
2020-09-15,0,0,0
2020-09-15,0,0,0
2020-09-15,0,0,0
2020-09-15,2,1,1
2020-09-15,1,1,0
2020-09-15,2,0,2
2020-09-15,2,0,2
2020-09-15,3,0,3
2020-09-15,1,0,1
2020-09-15,1,1,0
2020-09-15,5,3,2
2020-09-15,6,2,4
2020-09-15,4,3,1
2020-09-15,6,2,4
2020-09-15,1,1,0
2020-09-15,4,1,3
2020-09-15,3,2,1
2020-09-15,1,1,0
2020-09-15,1,0,1
2020-09-16,0,0,0
2020-09-16,1,1,0
2020-09-16,0,0,0
2020-09-16,0,0,0
2020-09-16,0,0,0
2020-09-16,2,1,1
2020-09-16,0,0,0
2020-09-16,0,0,0
2020-09-16,4,2,2
2020-09-16,2,0,2
2020-09-16,4,1,3
2020-09-16,3,1,2
2020-09-16,4,1,3
2020-09-16,3,0,3
2020-09-16,6,3,3
2020-09-16,4,2,2
2020-09-16,4,3,1
2020-09-16,4,0,4
2020-09-16,5,3,2
2020-09-16,2,1,1
2020-09-16,3,1,2
2020-09-16,1,0,1
2020-09-16,2,1,1
2020-09-16,2,2,0
2020-09-17,0,0,0
2020-09-17,0,0,0
2020-09-17,0,0,0
2020-09-17,1,0,1
2020-09-17,0,0,0
2020-09-17,0,0,0
2020-09-17,0,0,0
2020-09-17,2,2,0
2020-09-17,3,0,3
2020-09-17,2,2,0
2020-09-17,0,0,0
2020-09-17,3,2,1
2020-09-17,2,1,1
2020-09-17,3,0,3
2020-09-17,3,1,2
2020-09-17,3,1,2
2020-09-17,7,3,4
2020-09-17,7,5,2
2020-09-17,7,3,4
2020-09-17,4,2,2
2020-09-17,2,2,0
2020-09-17,1,0,1
2020-09-17,2,1,1
2020-09-17,1,1,0
2020-09-18,1,1,0
2020-09-18,1,0,1
2020-09-18,1,0,1
2020-09-18,0,0,0
2020-09-18,0,0,0
2020-09-18,1,0,1
2020-09-18,0,0,0
2020-09-18,0,0,0
2020-09-18,1,1,0
2020-09-18,3,1,2
2020-09-18,1,1,0
2020-09-18,4,2,2
2020-09-18,1,1,0
2020-09-18,1,1,0
2020-09-18,1,1,0
2020-09-18,1,0,1
2020-09-18,1,0,1
2020-09-18,2,1,1
2020-09-18,2,1,1
2020-09-18,4,3,1
2020-09-18,1,1,0
2020-09-18,0,0,0
2020-09-18,1,0,1
2020-09-18,0,0,0
2020-09-19,1,1,0
2020-09-19,2,1,1
2020-09-19,1,0,1
2020-09-19,0,0,0
2020-09-19,0,0,0
2020-09-19,0,0,0
2020-09-19,1,1,0
2020-09-19,1,0,1
2020-09-19,0,0,0
2020-09-19,1,0,1
2020-09-19,5,2,3
2020-09-19,9,4,5
2020-09-19,7,3,4
2020-09-19,14,6,8
2020-09-19,6,4,2
2020-09-19,23,18,5
2020-09-19,23,14,9
2020-09-19,11,5,6
2020-09-19,7,4,3
2020-09-19,4,1,3
2020-09-19,2,2,0
2020-09-19,1,0,1
2020-09-19,0,0,0
2020-09-19,0,0,0
2020-09-20,0,0,0
2020-09-20,0,0,0
2020-09-20,0,0,0
2020-09-20,0,0,0
2020-09-20,0,0,0
2020-09-20,0,0,0
2020-09-20,0,0,0
2020-09-20,0,0,0
2020-09-20,0,0,0
2020-09-20,1,0,1
2020-09-20,2,2,0
2020-09-20,0,0,0
2020-09-20,10,5,5
2020-09-20,14,6,8
2020-09-20,24,20,4
2020-09-20,13,6,7
2020-09-20,9,4,5
2020-09-20,11,5,6
2020-09-20,11,5,6
2020-09-20,4,3,1
2020-09-20,1,0,1
2020-09-20,1,1,0
2020-09-20,1,1,0
2020-09-20,2,2,0
2020-09-21,0,0,0
2020-09-21,1,1,0
2020-09-21,1,0,1
2020-09-21,0,0,0
2020-09-21,0,0,0
2020-09-21,0,0,0
2020-09-21,2,1,1
2020-09-21,3,1,2
2020-09-21,4,2,2
2020-09-21,3,2,1
2020-09-21,4,3,1
2020-09-21,5,2,3
2020-09-21,14,3,11
2020-09-21,8,4,4
2020-09-21,10,6,4
2020-09-21,3,1,2
2020-09-21,9,4,5
2020-09-21,14,6,8
2020-09-21,13,9,4
2020-09-21,10,6,4
2020-09-21,1,0,1
2020-09-21,2,1,1
2020-09-21,1,1,0
2020-09-21,0,0,0
2020-09-22,0,0,0
2020-09-22,1,1,0
2020-09-22,0,0,0
2020-09-22,0,0,0
2020-09-22,0,0,0
2020-09-22,0,0,0
2020-09-22,1,0,1
2020-09-22,4,1,3
2020-09-22,7,5,2
2020-09-22,3,2,1
2020-09-22,3,2,1
2020-09-22,6,3,3
2020-09-22,11,3,8
2020-09-22,14,7,7
2020-09-22,20,12,8
2020-09-22,25,6,19
2020-09-22,35,19,16
2020-09-22,22,10,12
2020-09-22,30,18,12
2020-09-22,17,10,7
2020-09-22,9,3,6
2020-09-22,3,0,3
2020-09-22,2,1,1
2020-09-22,0,0,0
2020-09-23,1,1,0
2020-09-23,0,0,0
2020-09-23,0,0,0
2020-09-23,1,0,1
2020-09-23,0,0,0
2020-09-23,0,0,0
2020-09-23,1,1,0
2020-09-23,3,2,1
2020-09-23,4,2,2
2020-09-23,3,2,1
2020-09-23,2,1,1
2020-09-23,1,0,1
2020-09-23,4,1,3
2020-09-23,1,0,1
2020-09-23,2,1,1
2020-09-23,1,0,1
2020-09-23,6,5,1
2020-09-23,3,1,2
2020-09-23,4,2,2
2020-09-23,3,0,3
2020-09-23,1,0,1
2020-09-23,6,4,2
2020-09-23,1,1,0
2020-09-23,0,0,0
2020-09-24,0,0,0
2020-09-24,0,0,0
2020-09-24,0,0,0
2020-09-24,0,0,0
2020-09-24,0,0,0
2020-09-24,1,1,0
2020-09-24,1,0,1
2020-09-24,3,2,1
2020-09-24,1,1,0
2020-09-24,1,0,1
2020-09-24,2,1,1
2020-09-24,1,0,1
2020-09-24,3,2,1
2020-09-24,4,1,3
2020-09-24,7,3,4
2020-09-24,9,4,5
2020-09-24,12,7,5
2020-09-24,12,6,6
2020-09-24,14,8,6
2020-09-24,5,2,3
2020-09-24,2,1,1
2020-09-24,1,1,0
2020-09-24,2,0,2
2020-09-24,1,1,0
2020-09-25,1,0,1
2020-09-25,1,1,0
2020-09-25,1,0,1
2020-09-25,1,1,0
2020-09-25,0,0,0
2020-09-25,1,0,1
2020-09-25,1,0,1
2020-09-25,1,1,0
2020-09-25,2,1,1
2020-09-25,1,1,0
2020-09-25,2,1,1
2020-09-25,0,0,0
2020-09-25,4,2,2
2020-09-25,2,1,1
2020-09-25,2,0,2
2020-09-25,1,1,0
2020-09-25,6,1,5
2020-09-25,6,3,3
2020-09-25,10,3,7
2020-09-25,5,2,3
2020-09-25,4,1,3
2020-09-25,4,3,1
2020-09-25,2,0,2
2020-09-25,2,2,0
2020-09-26,0,0,0
2020-09-26,0,0,0
2020-09-26,0,0,0
2020-09-26,0,0,0
2020-09-26,0,0,0
2020-09-26,0,0,0
2020-09-26,3,2,1
2020-09-26,6,1,5
2020-09-26,2,1,1
2020-09-26,3,3,0
2020-09-26,8,4,4
2020-09-26,14,7,7
2020-09-26,13,6,7
2020-09-26,18,11,7
2020-09-26,10,4,6
2020-09-26,9,2,7
2020-09-26,16,7,9
2020-09-26,10,8,2
2020-09-26,7,6,1
2020-09-26,4,1,3
2020-09-26,3,0,3
2020-09-26,0,0,0
2020-09-26,1,1,0
2020-09-26,1,0,1
2020-09-27,0,0,0
2020-09-27,0,0,0
2020-09-27,1,1,0
2020-09-27,0,0,0
2020-09-27,0,0,0
2020-09-27,0,0,0
2020-09-27,3,0,3
2020-09-27,10,7,3
2020-09-27,2,1,1
2020-09-27,8,1,7
2020-09-27,13,4,9
2020-09-27,13,4,9
2020-09-27,25,11,14
2020-09-27,18,5,13
2020-09-27,28,16,12
2020-09-27,24,10,14
2020-09-27,8,5,3
2020-09-27,21,13,8
2020-09-27,11,1,10
2020-09-27,9,6,3
2020-09-27,4,4,0
2020-09-27,2,1,1
2020-09-27,2,2,0
2020-09-27,2,1,1
2020-09-28,0,0,0
2020-09-28,0,0,0
2020-09-28,0,0,0
2020-09-28,0,0,0
2020-09-28,2,2,0
2020-09-28,0,0,0
2020-09-28,3,2,1
2020-09-28,3,0,3
2020-09-28,4,2,2
2020-09-28,4,2,2
2020-09-28,7,1,6
2020-09-28,7,5,2
2020-09-28,7,5,2
2020-09-28,4,2,2
2020-09-28,12,6,6
2020-09-28,16,10,6
2020-09-28,14,9,5
2020-09-28,16,2,14
2020-09-28,16,9,7
2020-09-28,11,8,3
2020-09-28,3,2,1
2020-09-28,2,0,2
2020-09-28,0,0,0
2020-09-28,1,1,0
2020-09-29,0,0,0
2020-09-29,0,0,0
2020-09-29,0,0,0
2020-09-29,1,0,1
2020-09-29,1,1,0
2020-09-29,1,0,1
2020-09-29,2,1,1
2020-09-29,6,2,4
2020-09-29,12,8,4
2020-09-29,8,7,1
2020-09-29,11,9,2
2020-09-29,11,5,6
2020-09-29,10,2,8
2020-09-29,12,5,7
2020-09-29,12,3,9
2020-09-29,16,7,9
2020-09-29,34,18,16
2020-09-29,41,17,24
2020-09-29,20,10,10
2020-09-29,7,4,3
2020-09-29,8,6,2
2020-09-29,0,0,0
2020-09-29,2,1,1
2020-09-29,0,0,0
2020-09-30,1,0,1
2020-09-30,0,0,0
2020-09-30,0,0,0
2020-09-30,1,0,1
2020-09-30,0,0,0
2020-09-30,1,0,1
2020-09-30,1,0,1
2020-09-30,7,4,3
2020-09-30,10,4,6
2020-09-30,3,2,1
2020-09-30,5,1,4
2020-09-30,3,1,2
2020-09-30,13,6,7
2020-09-30,11,7,4
2020-09-30,11,6,5
2020-09-30,7,4,3
2020-09-30,6,4,2
2020-09-30,21,8,13
2020-09-30,20,14,6
2020-09-30,9,6,3
2020-09-30,1,0,1
2020-09-30,5,2,3
2020-09-30,2,2,0
2020-09-30,4,2,2
2020-10-01,1,1,0
2020-10-01,0,0,0
2020-10-01,0,0,0
2020-10-01,0,0,0
2020-10-01,1,0,1
2020-10-01,0,0,0
2020-10-01,0,0,0
2020-10-01,5,3,2
2020-10-01,5,3,2
2020-10-01,4,2,2
2020-10-01,5,3,2
2020-10-01,5,3,2
2020-10-01,8,7,1
2020-10-01,6,1,5
2020-10-01,6,4,2
2020-10-01,14,5,9
2020-10-01,11,5,6
2020-10-01,17,10,7
2020-10-01,12,6,6
2020-10-01,7,4,3
2020-10-01,0,0,0
2020-10-01,1,0,1
2020-10-01,3,2,1
2020-10-01,0,0,0
2020-10-02,1,1,0
2020-10-02,0,0,0
2020-10-02,0,0,0
2020-10-02,0,0,0
2020-10-02,0,0,0
2020-10-02,1,0,1
2020-10-02,0,0,0
2020-10-02,5,2,3
2020-10-02,3,3,0
2020-10-02,0,0,0
2020-10-02,4,3,1
2020-10-02,6,2,4
2020-10-02,10,5,5
2020-10-02,10,3,7
2020-10-02,7,4,3
2020-10-02,7,6,1
2020-10-02,15,9,6
2020-10-02,12,7,5
2020-10-02,20,8,12
2020-10-02,11,5,6
2020-10-02,2,1,1
2020-10-02,4,2,2
2020-10-02,0,0,0
2020-10-02,0,0,0
2020-10-03,1,1,0
2020-10-03,1,0,1
2020-10-03,0,0,0
2020-10-03,1,0,1
2020-10-03,0,0,0
2020-10-03,0,0,0
2020-10-03,2,2,0
2020-10-03,1,1,0
2020-10-03,2,0,2
2020-10-03,4,2,2
2020-10-03,7,3,4
2020-10-03,7,2,5
2020-10-03,19,16,3
2020-10-03,9,5,4
2020-10-03,12,5,7
2020-10-03,16,8,8
2020-10-03,6,3,3
2020-10-03,8,6,2
2020-10-03,7,2,5
2020-10-03,1,1,0
2020-10-03,0,0,0
2020-10-03,0,0,0
2020-10-03,4,4,0
2020-10-03,0,0,0
2020-10-04,2,1,1
2020-10-04,0,0,0
2020-10-04,0,0,0
2020-10-04,0,0,0
2020-10-04,0,0,0
2020-10-04,0,0,0
2020-10-04,1,1,0
2020-10-04,1,1,0
2020-10-04,0,0,0
2020-10-04,3,0,3
2020-10-04,10,6,4
2020-10-04,7,4,3
2020-10-04,4,1,3
2020-10-04,8,4,4
2020-10-04,13,4,9
2020-10-04,8,5,3
2020-10-04,5,5,0
2020-10-04,8,4,4
2020-10-04,4,1,3
2020-10-04,4,2,2
2020-10-04,0,0,0
2020-10-04,1,1,0
2020-10-04,1,0,1
2020-10-04,2,1,1
2020-10-05,3,2,1
2020-10-05,1,0,1
2020-10-05,1,1,0
2020-10-05,0,0,0
2020-10-05,0,0,0
2020-10-05,0,0,0
2020-10-05,0,0,0
2020-10-05,5,1,4
2020-10-05,7,5,2
2020-10-05,5,2,3
2020-10-05,3,1,2
2020-10-05,4,0,4
2020-10-05,7,0,7
2020-10-05,7,4,3
2020-10-05,14,9,5
2020-10-05,10,7,3
2020-10-05,17,7,10
2020-10-05,22,9,13
2020-10-05,21,9,12
2020-10-05,6,3,3
2020-10-05,0,0,0
2020-10-05,0,0,0
2020-10-05,1,1,0
2020-10-05,1,0,1
2020-10-06,0,0,0
2020-10-06,0,0,0
2020-10-06,2,1,1
2020-10-06,0,0,0
2020-10-06,0,0,0
2020-10-06,1,0,1
2020-10-06,0,0,0
2020-10-06,3,2,1
2020-10-06,8,6,2
2020-10-06,4,2,2
2020-10-06,4,1,3
2020-10-06,4,2,2
2020-10-06,6,3,3
2020-10-06,11,6,5
2020-10-06,4,1,3
2020-10-06,13,8,5
2020-10-06,18,8,10
2020-10-06,23,11,12
2020-10-06,25,13,12
2020-10-06,8,6,2
2020-10-06,4,3,1
2020-10-06,2,1,1
2020-10-06,0,0,0
2020-10-06,1,0,1
2020-10-07,0,0,0
2020-10-07,1,0,1
2020-10-07,1,0,1
2020-10-07,0,0,0
2020-10-07,2,1,1
2020-10-07,2,1,1
2020-10-07,2,1,1
2020-10-07,2,0,2
2020-10-07,7,5,2
2020-10-07,7,3,4
2020-10-07,1,1,0
2020-10-07,8,2,6
2020-10-07,13,7,6
2020-10-07,9,3,6
2020-10-07,10,4,6
2020-10-07,14,5,9
2020-10-07,16,8,8
2020-10-07,9,6,3
2020-10-07,16,8,8
2020-10-07,4,4,0
2020-10-07,1,1,0
2020-10-07,0,0,0
2020-10-07,0,0,0
2020-10-07,0,0,0
2020-10-08,0,0,0
2020-10-08,0,0,0
2020-10-08,0,0,0
2020-10-08,0,0,0
2020-10-08,0,0,0
2020-10-08,0,0,0
2020-10-08,0,0,0
2020-10-08,5,1,4
2020-10-08,5,4,1
2020-10-08,1,1,0
2020-10-08,3,2,1
2020-10-08,7,5,2
2020-10-08,9,5,4
2020-10-08,8,3,5
2020-10-08,11,7,4
2020-10-08,14,4,10
2020-10-08,15,8,7
2020-10-08,20,5,15
2020-10-08,11,4,7
2020-10-08,7,5,2
2020-10-08,4,3,1
2020-10-08,2,2,0
2020-10-08,3,3,0
2020-10-08,1,0,1
2020-10-09,0,0,0
2020-10-09,1,0,1
2020-10-09,0,0,0
2020-10-09,1,1,0
2020-10-09,1,1,0
2020-10-09,1,0,1
2020-10-09,0,0,0
2020-10-09,3,1,2
2020-10-09,4,4,0
2020-10-09,6,3,3
2020-10-09,6,3,3
2020-10-09,6,3,3
2020-10-09,8,2,6
2020-10-09,7,3,4
2020-10-09,7,2,5
2020-10-09,4,1,3
2020-10-09,16,9,7
2020-10-09,18,10,8
2020-10-09,8,4,4
2020-10-09,12,6,6
2020-10-09,3,0,3
2020-10-09,0,0,0
2020-10-09,1,1,0
2020-10-09,0,0,0
2020-10-10,0,0,0
2020-10-10,0,0,0
2020-10-10,0,0,0
2020-10-10,0,0,0
2020-10-10,1,1,0
2020-10-10,0,0,0
2020-10-10,0,0,0
2020-10-10,0,0,0
2020-10-10,1,0,1
2020-10-10,0,0,0
2020-10-10,2,1,1
2020-10-10,7,1,6
2020-10-10,17,12,5
2020-10-10,8,3,5
2020-10-10,10,6,4
2020-10-10,10,6,4
2020-10-10,19,8,11
2020-10-10,16,11,5
2020-10-10,10,5,5
2020-10-10,3,3,0
2020-10-10,2,1,1
2020-10-10,0,0,0
2020-10-10,1,0,1
2020-10-10,1,1,0
2020-10-11,1,0,1
2020-10-11,0,0,0
2020-10-11,1,0,1
2020-10-11,0,0,0
2020-10-11,1,0,1
2020-10-11,0,0,0
2020-10-11,0,0,0
2020-10-11,2,2,0
2020-10-11,5,3,2
2020-10-11,2,1,1
2020-10-11,15,8,7
2020-10-11,4,2,2
2020-10-11,6,1,5
2020-10-11,6,2,4
2020-10-11,6,3,3
2020-10-11,3,1,2
2020-10-11,2,2,0
2020-10-11,4,4,0
2020-10-11,2,1,1
2020-10-11,1,1,0
2020-10-11,0,0,0
2020-10-11,1,1,0
2020-10-11,1,1,0
2020-10-11,1,1,0
2020-10-12,0,0,0
2020-10-12,0,0,0
2020-10-12,0,0,0
2020-10-12,0,0,0
2020-10-12,0,0,0
2020-10-12,1,1,0
2020-10-12,0,0,0
2020-10-12,1,0,1
2020-10-12,6,3,3
2020-10-12,2,1,1
2020-10-12,1,0,1
2020-10-12,3,2,1
2020-10-12,4,1,3
2020-10-12,4,1,3
2020-10-12,12,5,7
2020-10-12,11,5,6
2020-10-12,16,8,8
2020-10-12,16,7,9
2020-10-12,9,5,4
2020-10-12,2,0,2
2020-10-12,1,1,0
2020-10-12,1,0,1
2020-10-12,2,1,1
2020-10-12,1,1,0
2020-10-13,0,0,0
2020-10-13,0,0,0
2020-10-13,0,0,0
2020-10-13,1,1,0
2020-10-13,1,0,1
2020-10-13,0,0,0
2020-10-13,0,0,0
2020-10-13,4,1,3
2020-10-13,5,4,1
2020-10-13,2,1,1
2020-10-13,2,1,1
2020-10-13,3,1,2
2020-10-13,9,5,4
2020-10-13,7,3,4
2020-10-13,9,5,4
2020-10-13,7,4,3
2020-10-13,6,2,4
2020-10-13,11,3,8
2020-10-13,13,6,7
2020-10-13,5,4,1
2020-10-13,2,2,0
2020-10-13,0,0,0
2020-10-13,1,1,0
2020-10-13,0,0,0
2020-10-14,0,0,0
2020-10-14,0,0,0
2020-10-14,0,0,0
2020-10-14,2,0,2
2020-10-14,2,0,2
2020-10-14,0,0,0
2020-10-14,1,0,1
2020-10-14,4,2,2
2020-10-14,10,4,6
2020-10-14,1,0,1
2020-10-14,5,2,3
2020-10-14,4,1,3
2020-10-14,12,7,5
2020-10-14,14,3,11
2020-10-14,12,5,7
2020-10-14,19,13,6
2020-10-14,9,3,6
2020-10-14,12,4,8
2020-10-14,10,7,3
2020-10-14,9,7,2
2020-10-14,1,1,0
2020-10-14,2,1,1
2020-10-14,2,1,1
2020-10-14,1,1,0
2020-10-15,0,0,0
2020-10-15,1,1,0
2020-10-15,0,0,0
2020-10-15,0,0,0
2020-10-15,0,0,0
2020-10-15,0,0,0
2020-10-15,1,1,0
2020-10-15,2,0,2
2020-10-15,4,2,2
2020-10-15,1,1,0
2020-10-15,3,1,2
2020-10-15,10,4,6
2020-10-15,16,8,8
2020-10-15,10,4,6
2020-10-15,14,8,6
2020-10-15,15,10,5
2020-10-15,18,8,10
2020-10-15,19,9,10
2020-10-15,8,6,2
2020-10-15,9,4,5
2020-10-15,9,6,3
2020-10-15,10,7,3
2020-10-15,1,0,1
2020-10-15,2,1,1
2020-10-16,0,0,0
2020-10-16,1,1,0
2020-10-16,1,1,0
2020-10-16,0,0,0
2020-10-16,0,0,0
2020-10-16,0,0,0
2020-10-16,0,0,0
2020-10-16,7,3,4
2020-10-16,2,2,0
2020-10-16,4,1,3
2020-10-16,7,1,6
2020-10-16,8,4,4
2020-10-16,12,3,9
2020-10-16,7,4,3
2020-10-16,16,6,10
2020-10-16,4,3,1
2020-10-16,9,6,3
2020-10-16,11,6,5
2020-10-16,7,1,6
2020-10-16,2,1,1
2020-10-16,4,2,2
2020-10-16,1,0,1
2020-10-16,1,0,1
2020-10-16,0,0,0
2020-10-17,1,0,1
2020-10-17,1,1,0
2020-10-17,0,0,0
2020-10-17,0,0,0
2020-10-17,1,0,1
2020-10-17,0,0,0
2020-10-17,2,1,1
2020-10-17,3,3,0
2020-10-17,7,5,2
2020-10-17,4,2,2
2020-10-17,8,3,5
2020-10-17,6,2,4
2020-10-17,5,2,3
2020-10-17,12,5,7
2020-10-17,12,10,2
2020-10-17,12,3,9
2020-10-17,13,7,6
2020-10-17,17,10,7
2020-10-17,8,3,5
2020-10-17,0,0,0
2020-10-17,7,3,4
2020-10-17,1,1,0
2020-10-17,2,1,1
2020-10-17,0,0,0
2020-10-18,1,1,0
2020-10-18,0,0,0
2020-10-18,0,0,0
2020-10-18,0,0,0
2020-10-18,0,0,0
2020-10-18,0,0,0
2020-10-18,0,0,0
2020-10-18,0,0,0
2020-10-18,2,1,1
2020-10-18,6,2,4
2020-10-18,4,3,1
2020-10-18,5,1,4
2020-10-18,12,3,9
2020-10-18,10,3,7
2020-10-18,4,2,2
2020-10-18,4,3,1
2020-10-18,7,3,4
2020-10-18,6,2,4
2020-10-18,4,2,2
2020-10-18,6,3,3
2020-10-18,2,0,2
2020-10-18,3,2,1
2020-10-18,0,0,0
2020-10-18,2,1,1
2020-10-19,1,1,0
2020-10-19,0,0,0
2020-10-19,1,0,1
2020-10-19,0,0,0
2020-10-19,0,0,0
2020-10-19,2,1,1
2020-10-19,1,0,1
2020-10-19,2,0,2
2020-10-19,3,3,0
2020-10-19,11,4,7
2020-10-19,12,8,4
2020-10-19,11,2,9
2020-10-19,13,4,9
2020-10-19,2,0,2
2020-10-19,7,3,4
2020-10-19,7,4,3
2020-10-19,9,4,5
2020-10-19,4,2,2
2020-10-19,2,1,1
2020-10-19,5,4,1
2020-10-19,0,0,0
2020-10-19,3,1,2
2020-10-19,0,0,0
2020-10-19,0,0,0
2020-10-20,0,0,0
2020-10-20,0,0,0
2020-10-20,0,0,0
2020-10-20,0,0,0
2020-10-20,1,0,1
2020-10-20,0,0,0
2020-10-20,1,1,0
2020-10-20,4,2,2
2020-10-20,7,5,2
2020-10-20,5,1,4
2020-10-20,5,2,3
2020-10-20,5,1,4
2020-10-20,17,3,14
2020-10-20,8,4,4
2020-10-20,10,3,7
2020-10-20,18,8,10
2020-10-20,29,7,22
2020-10-20,26,12,14
2020-10-20,14,5,9
2020-10-20,4,3,1
2020-10-20,2,0,2
2020-10-20,2,2,0
2020-10-20,1,0,1
2020-10-20,0,0,0
2020-10-21,0,0,0
2020-10-21,0,0,0
2020-10-21,0,0,0
2020-10-21,0,0,0
2020-10-21,3,1,2
2020-10-21,1,0,1
2020-10-21,0,0,0
2020-10-21,2,0,2
2020-10-21,4,3,1
2020-10-21,0,0,0
2020-10-21,1,1,0
2020-10-21,1,0,1
2020-10-21,5,3,2
2020-10-21,2,0,2
2020-10-21,7,3,4
2020-10-21,8,5,3
2020-10-21,1,1,0
2020-10-21,9,4,5
2020-10-21,5,2,3
2020-10-21,2,0,2
2020-10-21,1,1,0
2020-10-21,1,0,1
2020-10-21,0,0,0
2020-10-21,0,0,0
2020-10-22,0,0,0
2020-10-22,0,0,0
2020-10-22,0,0,0
2020-10-22,0,0,0
2020-10-22,0,0,0
2020-10-22,1,0,1
2020-10-22,1,1,0
2020-10-22,6,2,4
2020-10-22,5,3,2
2020-10-22,3,1,2
2020-10-22,9,3,6
2020-10-22,5,2,3
2020-10-22,13,6,7
2020-10-22,10,3,7
2020-10-22,11,5,6
2020-10-22,14,6,8
2020-10-22,12,4,8
2020-10-22,19,10,9
2020-10-22,11,3,8
2020-10-22,9,4,5
2020-10-22,1,1,0
2020-10-22,3,3,0
2020-10-22,2,0,2
2020-10-22,0,0,0
2020-10-23,1,0,1
2020-10-23,0,0,0
2020-10-23,0,0,0
2020-10-23,0,0,0
2020-10-23,0,0,0
2020-10-23,0,0,0
2020-10-23,0,0,0
2020-10-23,2,0,2
2020-10-23,2,1,1
2020-10-23,0,0,0
2020-10-23,6,3,3
2020-10-23,2,0,2
2020-10-23,3,1,2
2020-10-23,4,3,1
2020-10-23,3,2,1
2020-10-23,6,1,5
2020-10-23,4,2,2
2020-10-23,4,3,1
2020-10-23,9,3,6
2020-10-23,1,0,1
2020-10-23,2,1,1
2020-10-23,1,1,0
2020-10-23,1,1,0
2020-10-23,0,0,0
2020-10-24,0,0,0
2020-10-24,0,0,0
2020-10-24,0,0,0
2020-10-24,0,0,0
2020-10-24,0,0,0
2020-10-24,0,0,0
2020-10-24,1,0,1
2020-10-24,0,0,0
2020-10-24,0,0,0
2020-10-24,2,1,1
2020-10-24,5,0,5
2020-10-24,9,2,7
2020-10-24,13,6,7
2020-10-24,7,2,5
2020-10-24,7,3,4
2020-10-24,13,6,7
2020-10-24,13,7,6
2020-10-24,10,4,6
2020-10-24,8,4,4
2020-10-24,0,0,0
2020-10-24,1,1,0
2020-10-24,1,1,0
2020-10-24,0,0,0
2020-10-24,2,1,1
2020-10-25,1,1,0
2020-10-25,1,0,1
2020-10-25,0,0,0
2020-10-25,0,0,0
2020-10-25,0,0,0
2020-10-25,0,0,0
2020-10-25,0,0,0
2020-10-25,0,0,0
2020-10-25,1,0,1
2020-10-25,3,1,2
2020-10-25,5,1,4
2020-10-25,7,3,4
2020-10-25,11,4,7
2020-10-25,9,4,5
2020-10-25,10,6,4
2020-10-25,14,6,8
2020-10-25,5,2,3
2020-10-25,8,4,4
2020-10-25,7,5,2
2020-10-25,2,1,1
2020-10-25,2,2,0
2020-10-25,2,1,1
2020-10-25,0,0,0
2020-10-25,1,0,1
2020-10-26,1,1,0
2020-10-26,0,0,0
2020-10-26,0,0,0
2020-10-26,0,0,0
2020-10-26,0,0,0
2020-10-26,0,0,0
2020-10-26,0,0,0
2020-10-26,2,1,1
2020-10-26,3,2,1
2020-10-26,2,1,1
2020-10-26,5,1,4
2020-10-26,2,0,2
2020-10-26,3,0,3
2020-10-26,3,2,1
2020-10-26,7,5,2
2020-10-26,4,2,2
2020-10-26,8,3,5
2020-10-26,18,13,5
2020-10-26,6,4,2
2020-10-26,5,2,3
2020-10-26,5,2,3
2020-10-26,0,0,0
2020-10-26,1,0,1
2020-10-26,1,0,1
2020-10-27,0,0,0
2020-10-27,0,0,0
2020-10-27,1,0,1
2020-10-27,0,0,0
2020-10-27,0,0,0
2020-10-27,1,0,1
2020-10-27,1,0,1
2020-10-27,5,2,3
2020-10-27,5,4,1
2020-10-27,2,0,2
2020-10-27,5,3,2
2020-10-27,10,3,7
2020-10-27,9,1,8
2020-10-27,9,3,6
2020-10-27,13,7,6
2020-10-27,25,12,13
2020-10-27,11,3,8
2020-10-27,36,20,16
2020-10-27,15,8,7
2020-10-27,6,5,1
2020-10-27,0,0,0
2020-10-27,2,0,2
2020-10-27,2,1,1
2020-10-27,4,1,3
2020-10-28,0,0,0
2020-10-28,0,0,0
2020-10-28,0,0,0
2020-10-28,0,0,0
2020-10-28,0,0,0
2020-10-28,1,0,1
2020-10-28,1,0,1
2020-10-28,3,1,2
2020-10-28,10,5,5
2020-10-28,0,0,0
2020-10-28,2,1,1
2020-10-28,4,2,2
2020-10-28,6,1,5
2020-10-28,7,5,2
2020-10-28,9,5,4
2020-10-28,2,1,1
2020-10-28,12,5,7
2020-10-28,11,7,4
2020-10-28,7,3,4
2020-10-28,5,4,1
2020-10-28,2,2,0
2020-10-28,3,1,2
2020-10-28,5,2,3
2020-10-28,3,1,2
2020-10-29,0,0,0
2020-10-29,0,0,0
2020-10-29,0,0,0
2020-10-29,0,0,0
2020-10-29,0,0,0
2020-10-29,2,2,0
2020-10-29,1,0,1
2020-10-29,3,2,1
2020-10-29,6,2,4
2020-10-29,7,5,2
2020-10-29,0,0,0
2020-10-29,6,3,3
2020-10-29,6,1,5
2020-10-29,7,4,3
2020-10-29,6,2,4
2020-10-29,12,4,8
2020-10-29,16,6,10
2020-10-29,25,11,14
2020-10-29,11,10,1
2020-10-29,7,6,1
2020-10-29,0,0,0
2020-10-29,2,1,1
2020-10-29,2,2,0
2020-10-29,1,1,0
2020-10-30,1,1,0
2020-10-30,0,0,0
2020-10-30,0,0,0
2020-10-30,1,1,0
2020-10-30,0,0,0
2020-10-30,0,0,0
2020-10-30,1,0,1
2020-10-30,3,0,3
2020-10-30,2,2,0
2020-10-30,3,3,0
2020-10-30,8,1,7
2020-10-30,4,0,4
2020-10-30,3,1,2
2020-10-30,11,7,4
2020-10-30,11,5,6
2020-10-30,14,10,4
2020-10-30,11,8,3
2020-10-30,25,14,11
2020-10-30,6,2,4
2020-10-30,1,0,1
2020-10-30,2,2,0
2020-10-30,2,1,1
2020-10-30,1,1,0
2020-10-30,0,0,0
2020-10-31,1,1,0
2020-10-31,0,0,0
2020-10-31,2,1,1
2020-10-31,0,0,0
2020-10-31,1,1,0
2020-10-31,1,0,1
2020-10-31,0,0,0
2020-10-31,4,3,1
2020-10-31,0,0,0
2020-10-31,0,0,0
2020-10-31,5,4,1
2020-10-31,9,1,8
2020-10-31,19,11,8
2020-10-31,22,8,14
2020-10-31,10,3,7
2020-10-31,13,8,5
2020-10-31,10,5,5
2020-10-31,19,11,8
2020-10-31,5,3,2
2020-10-31,3,0,3
2020-10-31,3,1,2
2020-10-31,2,0,2
2020-10-31,1,1,0
2020-10-31,0,0,0
2020-11-04,1,0,1
2020-11-04,4,2,2
2020-11-04,2,1,1
2020-11-04,2,0,2
2020-11-04,1,0,1
2020-11-04,0,0,0
2020-11-04,0,0,0
2020-11-05,2,1,1
2020-11-05,2,1,1
2020-11-05,2,2,0
2020-11-05,0,0,0
2020-11-05,2,1,1
2020-11-05,0,0,0
2020-11-05,1,0,1
2020-11-05,5,2,3
2020-11-05,7,4,3
2020-11-05,6,4,2
2020-11-05,2,1,1
2020-11-05,5,1,4
2020-11-05,4,2,2
2020-11-05,7,3,4
2020-11-05,3,3,0
2020-11-05,0,0,0
2020-11-05,1,0,1
2020-11-05,7,4,3
2020-11-05,4,3,1
2020-11-05,0,0,0
2020-11-05,0,0,0
2020-11-05,0,0,0
2020-11-05,2,2,0
2020-11-05,0,0,0
2020-11-06,0,0,0
2020-11-06,0,0,0
2020-11-06,0,0,0
2020-11-06,0,0,0
2020-11-06,0,0,0
2020-11-06,0,0,0
2020-11-06,1,1,0
2020-11-06,3,3,0
2020-11-06,0,0,0
2020-11-06,2,1,1
2020-11-06,3,0,3
2020-11-06,3,1,2
2020-11-06,1,0,1
2020-11-06,9,0,9
2020-11-06,10,7,3
2020-11-06,8,3,5
2020-11-06,13,7,6
2020-11-06,5,2,3
2020-11-06,3,2,1
2020-11-06,4,2,2
2020-11-06,3,1,2
2020-11-06,0,0,0
2020-11-06,0,0,0
2020-11-06,0,0,0
2020-11-07,0,0,0
2020-11-07,0,0,0
2020-11-07,0,0,0
2020-11-07,0,0,0
2020-11-07,0,0,0
2020-11-07,0,0,0
2020-11-07,0,0,0
2020-11-07,5,2,3
2020-11-07,0,0,0
2020-11-07,3,3,0
2020-11-07,3,2,1
2020-11-07,5,1,4
2020-11-07,4,3,1
2020-11-07,9,3,6
2020-11-07,11,7,4
2020-11-07,12,9,3
2020-11-07,4,1,3
2020-11-07,2,1,1
2020-11-07,6,3,3
2020-11-07,4,1,3
2020-11-07,2,0,2
2020-11-07,1,1,0
2020-11-07,1,1,0
2020-11-07,1,0,1
2020-11-08,1,1,0
2020-11-08,0,0,0
2020-11-08,1,1,0
2020-11-08,0,0,0
2020-11-08,0,0,0
2020-11-08,0,0,0
2020-11-08,0,0,0
2020-11-08,3,3,0
2020-11-08,1,0,1
2020-11-08,13,5,8
2020-11-08,20,11,9
2020-11-08,14,7,7
2020-11-08,15,8,7
2020-11-08,14,3,11
2020-11-08,19,9,10
2020-11-08,8,8,0
2020-11-08,19,11,8
2020-11-08,9,6,3
2020-11-08,1,0,1
2020-11-08,1,1,0
2020-11-08,1,1,0
2020-11-08,0,0,0
2020-11-08,1,1,0
2020-11-08,0,0,0
2020-11-09,0,0,0
2020-11-09,1,0,1
2020-11-09,0,0,0
2020-11-09,1,0,1
2020-11-09,0,0,0
2020-11-09,1,0,1
2020-11-09,1,0,1
2020-11-09,4,2,2
2020-11-09,2,1,1
2020-11-09,2,1,1
2020-11-09,4,2,2
2020-11-09,7,5,2
2020-11-09,4,0,4
2020-11-09,6,0,6
2020-11-09,5,3,2
2020-11-09,8,4,4
2020-11-09,5,3,2
2020-11-09,3,2,1
2020-11-09,0,0,0
2020-11-09,0,0,0
2020-11-09,0,0,0
2020-11-09,0,0,0
2020-11-09,1,0,1
2020-11-09,0,0,0
2020-11-10,0,0,0
2020-11-10,0,0,0
2020-11-10,0,0,0
2020-11-10,0,0,0
2020-11-10,0,0,0
2020-11-10,0,0,0
2020-11-10,1,0,1
2020-11-10,1,0,1
2020-11-10,2,2,0
2020-11-10,4,3,1
2020-11-10,0,0,0
2020-11-10,5,2,3
2020-11-10,14,5,9
2020-11-10,3,0,3
2020-11-10,9,7,2
2020-11-10,7,1,6
2020-11-10,5,2,3
2020-11-10,3,1,2
2020-11-10,6,4,2
2020-11-10,4,2,2
2020-11-10,0,0,0
2020-11-10,1,0,1
2020-11-10,2,1,1
2020-11-10,0,0,0
2020-11-11,0,0,0
2020-11-11,0,0,0
2020-11-11,0,0,0
2020-11-11,0,0,0
2020-11-11,0,0,0
2020-11-11,1,0,1
2020-11-11,1,0,1
2020-11-11,3,1,2
2020-11-11,6,4,2
2020-11-11,3,0,3
2020-11-11,5,3,2
2020-11-11,6,5,1
2020-11-11,6,3,3
2020-11-11,8,4,4
2020-11-11,6,2,4
2020-11-11,8,4,4
2020-11-11,13,10,3
2020-11-11,8,3,5
2020-11-11,0,0,0
2020-11-11,2,1,1
2020-11-11,1,1,0
2020-11-11,2,1,1
2020-11-11,2,2,0
2020-11-11,0,0,0
2020-11-12,2,0,2
2020-11-12,1,1,0
2020-11-12,0,0,0
2020-11-12,0,0,0
2020-11-12,0,0,0
2020-11-12,0,0,0
2020-11-12,3,1,2
2020-11-12,7,2,5
2020-11-12,7,5,2
2020-11-12,5,3,2
2020-11-12,7,1,6
2020-11-12,3,2,1
2020-11-12,12,7,5
2020-11-12,4,0,4
2020-11-12,8,4,4
2020-11-12,6,1,5
2020-11-12,8,4,4
2020-11-12,2,1,1
2020-11-12,5,3,2
2020-11-12,1,1,0
2020-11-12,1,0,1
2020-11-12,1,0,1
2020-11-12,0,0,0
2020-11-12,0,0,0
2020-11-13,0,0,0
2020-11-13,0,0,0
2020-11-13,0,0,0
2020-11-13,0,0,0
2020-11-13,1,0,1
2020-11-13,0,0,0
2020-11-13,0,0,0
2020-11-13,1,1,0
2020-11-13,2,1,1
2020-11-13,1,1,0
2020-11-13,3,0,3
2020-11-13,2,1,1
2020-11-13,7,2,5
2020-11-13,6,1,5
2020-11-13,13,6,7
2020-11-13,9,4,5
2020-11-13,5,3,2
2020-11-13,7,4,3
2020-11-13,6,1,5
2020-11-13,4,2,2
2020-11-13,3,3,0
2020-11-13,2,0,2
2020-11-13,0,0,0
2020-11-13,1,0,1
2020-11-14,0,0,0
2020-11-14,0,0,0
2020-11-14,0,0,0
2020-11-14,0,0,0
2020-11-14,1,0,1
2020-11-14,0,0,0
2020-11-14,0,0,0
2020-11-14,1,0,1
2020-11-14,4,2,2
2020-11-14,4,0,4
2020-11-14,6,3,3
2020-11-14,11,3,8
2020-11-14,18,10,8
2020-11-14,9,3,6
2020-11-14,9,6,3
2020-11-14,3,1,2
2020-11-14,7,4,3
2020-11-14,2,1,1
2020-11-14,1,0,1
2020-11-14,1,1,0
2020-11-14,2,2,0
2020-11-14,0,0,0
2020-11-14,1,0,1
2020-11-14,0,0,0
2020-11-15,0,0,0
2020-11-15,0,0,0
2020-11-15,0,0,0
2020-11-15,0,0,0
2020-11-15,2,0,2
2020-11-15,0,0,0
2020-11-15,2,0,2
2020-11-15,1,1,0
2020-11-15,5,3,2
2020-11-15,4,2,2
2020-11-15,8,6,2
2020-11-15,9,5,4
2020-11-15,8,3,5
2020-11-15,14,6,8
2020-11-15,13,8,5
2020-11-15,13,3,10
2020-11-15,7,7,0
2020-11-15,5,3,2
2020-11-15,1,0,1
2020-11-15,1,1,0
2020-11-15,3,2,1
2020-11-15,0,0,0
2020-11-15,0,0,0
2020-11-15,0,0,0
2020-11-16,0,0,0
2020-11-16,0,0,0
2020-11-16,0,0,0
2020-11-16,0,0,0
2020-11-16,1,0,1
2020-11-16,0,0,0
2020-11-16,1,0,1
2020-11-16,1,0,1
2020-11-16,3,2,1
2020-11-16,2,2,0
2020-11-16,0,0,0
2020-11-16,2,1,1
2020-11-16,7,5,2
2020-11-16,0,0,0
2020-11-16,1,1,0
2020-11-16,2,1,1
2020-11-16,3,1,2
2020-11-16,1,1,0
2020-11-16,0,0,0
2020-11-16,0,0,0
2020-11-16,0,0,0
2020-11-16,1,0,1
2020-11-16,1,1,0
2020-11-16,0,0,0
2020-11-17,0,0,0
2020-11-17,0,0,0
2020-11-17,0,0,0
2020-11-17,0,0,0
2020-11-17,0,0,0
2020-11-17,1,0,1
2020-11-17,1,0,1
2020-11-17,2,0,2
2020-11-17,9,6,3
2020-11-17,3,3,0
2020-11-17,2,0,2
2020-11-17,4,2,2
2020-11-17,6,2,4
2020-11-17,5,2,3
2020-11-17,3,2,1
2020-11-17,10,4,6
2020-11-17,2,1,1
2020-11-17,3,1,2
2020-11-17,1,1,0
2020-11-17,0,0,0
2020-11-17,1,1,0
2020-11-17,0,0,0
2020-11-17,0,0,0
2020-11-17,0,0,0
2020-11-18,0,0,0
2020-11-18,0,0,0
2020-11-18,0,0,0
2020-11-18,0,0,0
2020-11-18,0,0,0
2020-11-18,0,0,0
2020-11-18,0,0,0
2020-11-18,1,1,0
2020-11-18,0,0,0
2020-11-18,4,3,1
2020-11-18,5,1,4
2020-11-18,3,1,2
2020-11-18,1,1,0
2020-11-18,3,0,3
2020-11-18,3,1,2
2020-11-18,5,2,3
2020-11-18,6,3,3
2020-11-18,3,1,2
2020-11-18,3,0,3
2020-11-18,4,2,2
2020-11-18,0,0,0
2020-11-18,1,1,0
2020-11-18,1,1,0
2020-11-18,0,0,0
2020-11-19,1,0,1
2020-11-19,0,0,0
2020-11-19,0,0,0
2020-11-19,0,0,0
2020-11-19,0,0,0
2020-11-19,1,0,1
2020-11-19,0,0,0
2020-11-19,6,1,5
2020-11-19,3,1,2
2020-11-19,3,1,2
2020-11-19,4,3,1
2020-11-19,4,2,2
2020-11-19,9,6,3
2020-11-19,9,4,5
2020-11-19,7,4,3
2020-11-19,12,5,7
2020-11-19,6,4,2
2020-11-19,3,1,2
2020-11-19,1,1,0
2020-11-19,2,1,1
2020-11-19,5,4,1
2020-11-19,0,0,0
2020-11-19,0,0,0
2020-11-19,0,0,0
2020-11-20,0,0,0
2020-11-20,0,0,0
2020-11-20,0,0,0
2020-11-20,0,0,0
2020-11-20,1,0,1
2020-11-20,0,0,0
2020-11-20,1,1,0
2020-11-20,1,0,1
2020-11-20,2,1,1
2020-11-20,0,0,0
2020-11-20,3,2,1
2020-11-20,0,0,0
2020-11-20,8,5,3
2020-11-20,7,4,3
2020-11-20,7,4,3
2020-11-20,9,6,3
2020-11-20,10,5,5
2020-11-20,4,4,0
2020-11-20,1,0,1
2020-11-20,4,2,2
2020-11-20,2,1,1
2020-11-20,0,0,0
2020-11-20,0,0,0
2020-11-20,0,0,0
2020-11-21,2,2,0
2020-11-21,0,0,0
2020-11-21,0,0,0
2020-11-21,1,1,0
2020-11-21,1,0,1
2020-11-21,0,0,0
2020-11-21,0,0,0
2020-11-21,4,3,1
2020-11-21,1,1,0
2020-11-21,7,4,3
2020-11-21,6,2,4
2020-11-21,9,6,3
2020-11-21,17,9,8
2020-11-21,20,4,16
2020-11-21,22,12,10
2020-11-21,22,9,13
2020-11-21,16,8,8
2020-11-21,5,1,4
2020-11-21,2,1,1
2020-11-21,1,1,0
2020-11-21,0,0,0
2020-11-21,1,1,0
2020-11-21,0,0,0
2020-11-21,0,0,0
2020-11-22,1,0,1
2020-11-22,0,0,0
2020-11-22,0,0,0
2020-11-22,1,0,1
2020-11-22,0,0,0
2020-11-22,3,1,2
2020-11-22,2,0,2
2020-11-22,0,0,0
2020-11-22,2,2,0
2020-11-22,2,0,2
2020-11-22,5,1,4
2020-11-22,8,5,3
2020-11-22,4,1,3
2020-11-22,8,3,5
2020-11-22,3,2,1
2020-11-22,9,3,6
2020-11-22,2,1,1
2020-11-22,1,0,1
2020-11-22,1,0,1
2020-11-22,0,0,0
2020-11-22,1,0,1
2020-11-22,0,0,0
2020-11-22,0,0,0
2020-11-22,0,0,0
2020-11-23,0,0,0
2020-11-23,0,0,0
2020-11-23,0,0,0
2020-11-23,0,0,0
2020-11-23,0,0,0
2020-11-23,1,0,1
2020-11-23,3,1,2
2020-11-23,1,0,1
2020-11-23,1,1,0
2020-11-23,1,0,1
2020-11-23,3,3,0
2020-11-23,7,2,5
2020-11-23,3,1,2
2020-11-23,9,5,4
2020-11-23,7,4,3
2020-11-23,3,1,2
2020-11-23,10,5,5
2020-11-23,5,2,3
2020-11-23,6,1,5
2020-11-23,2,1,1
2020-11-23,4,4,0
2020-11-23,0,0,0
2020-11-23,5,2,3
2020-11-23,1,1,0
2020-11-24,1,0,1
2020-11-24,0,0,0
2020-11-24,0,0,0
2020-11-24,2,0,2
2020-11-24,0,0,0
2020-11-24,1,0,1
2020-11-24,2,0,2
2020-11-24,2,1,1
2020-11-24,5,2,3
2020-11-24,5,2,3
2020-11-24,3,1,2
2020-11-24,2,1,1
2020-11-24,4,3,1
2020-11-24,5,3,2
2020-11-24,5,2,3
2020-11-24,5,2,3
2020-11-24,1,1,0
2020-11-24,5,1,4
2020-11-24,3,0,3
2020-11-24,3,0,3
2020-11-24,2,1,1
2020-11-24,0,0,0
2020-11-24,0,0,0
2020-11-24,0,0,0
2020-11-25,1,0,1
2020-11-25,2,1,1
2020-11-25,0,0,0
2020-11-25,0,0,0
2020-11-25,0,0,0
2020-11-25,1,0,1
2020-11-25,0,0,0
2020-11-25,4,0,4
2020-11-25,4,2,2
2020-11-25,7,3,4
2020-11-25,8,2,6
2020-11-25,6,1,5
2020-11-25,6,3,3
2020-11-25,15,7,8
2020-11-25,13,8,5
2020-11-25,16,7,9
2020-11-25,7,3,4
2020-11-25,1,1,0
2020-11-25,2,0,2
2020-11-25,0,0,0
2020-11-25,1,0,1
2020-11-25,5,5,0
2020-11-25,1,0,1
2020-11-25,1,0,1
2020-11-26,0,0,0
2020-11-26,0,0,0
2020-11-26,1,1,0
2020-11-26,0,0,0
2020-11-26,0,0,0
2020-11-26,0,0,0
2020-11-26,0,0,0
2020-11-26,0,0,0
2020-11-26,3,2,1
2020-11-26,0,0,0
2020-11-26,7,2,5
2020-11-26,8,1,7
2020-11-26,4,4,0
2020-11-26,5,4,1
2020-11-26,1,1,0
2020-11-26,1,1,0
2020-11-26,0,0,0
2020-11-26,2,0,2
2020-11-26,0,0,0
2020-11-26,1,0,1
2020-11-26,0,0,0
2020-11-26,0,0,0
2020-11-26,0,0,0
2020-11-26,1,0,1
2020-11-27,0,0,0
2020-11-27,0,0,0
2020-11-27,0,0,0
2020-11-27,0,0,0
2020-11-27,1,0,1
2020-11-27,0,0,0
2020-11-27,1,0,1
2020-11-27,1,1,0
2020-11-27,5,3,2
2020-11-27,2,1,1
2020-11-27,8,5,3
2020-11-27,10,4,6
2020-11-27,18,7,11
2020-11-27,6,3,3
2020-11-27,13,8,5
2020-11-27,17,5,12
2020-11-27,13,8,5
2020-11-27,6,3,3
2020-11-27,1,1,0
2020-11-27,2,1,1
2020-11-27,0,0,0
2020-11-27,0,0,0
2020-11-27,1,1,0
2020-11-27,0,0,0
2020-11-28,0,0,0
2020-11-28,0,0,0
2020-11-28,0,0,0
2020-11-28,0,0,0
2020-11-28,1,0,1
2020-11-28,0,0,0
2020-11-28,0,0,0
2020-11-28,2,2,0
2020-11-28,2,2,0
2020-11-28,1,0,1
2020-11-28,0,0,0
2020-11-28,4,0,4
2020-11-28,4,1,3
2020-11-28,3,0,3
2020-11-28,14,4,10
2020-11-28,11,5,6
2020-11-28,7,2,5
2020-11-28,2,2,0
2020-11-28,2,0,2
2020-11-28,2,2,0
2020-11-28,0,0,0
2020-11-28,0,0,0
2020-11-28,0,0,0
2020-11-28,0,0,0
2020-11-29,0,0,0
2020-11-29,0,0,0
2020-11-29,0,0,0
2020-11-29,0,0,0
2020-11-29,0,0,0
2020-11-29,1,0,1
2020-11-29,2,0,2
2020-11-29,2,1,1
2020-11-29,1,1,0
2020-11-29,3,2,1
2020-11-29,5,2,3
2020-11-29,6,1,5
2020-11-29,7,0,7
2020-11-29,25,13,12
2020-11-29,19,9,10
2020-11-29,24,11,13
2020-11-29,16,10,6
2020-11-29,5,3,2
2020-11-29,1,0,1
2020-11-29,3,2,1
2020-11-29,0,0,0
2020-11-29,0,0,0
2020-11-29,2,2,0
2020-11-29,0,0,0
2020-11-30,0,0,0
2020-11-30,0,0,0
2020-11-30,0,0,0
2020-11-30,0,0,0
2020-11-30,0,0,0
2020-11-30,1,0,1
2020-11-30,1,1,0
2020-11-30,3,0,3
2020-11-30,5,2,3
2020-11-30,1,1,0
2020-11-30,2,0,2
2020-11-30,10,3,7
2020-11-30,4,1,3
2020-11-30,5,1,4
2020-11-30,5,1,4
2020-11-30,9,4,5
2020-11-30,9,6,3
2020-11-30,4,2,2
2020-11-30,3,2,1
2020-11-30,1,0,1
2020-11-30,3,2,1
2020-11-30,0,0,0
2020-11-30,0,0,0
2020-11-30,0,0,0
2021-02-01,0,0,0
2021-02-01,0,0,0
2021-02-01,0,0,0
2021-02-01,0,0,0
2021-02-01,0,0,0
2021-02-01,1,0,1
2021-02-01,1,0,1
2021-02-01,0,0,0
2021-02-01,3,2,1
2021-02-01,3,1,2
2021-02-01,1,1,0
2021-02-01,2,1,1
2021-02-01,6,1,5
2021-02-01,3,2,1
2021-02-01,3,2,1
2021-02-01,4,1,3
2021-02-01,0,0,0
2021-02-01,2,0,2
2021-02-01,2,1,1
2021-02-01,1,0,1
2021-02-01,0,0,0
2021-02-01,0,0,0
2021-02-01,0,0,0
2021-02-01,0,0,0
2021-02-02,1,0,1
2021-02-02,0,0,0
2021-02-02,0,0,0
2021-02-02,0,0,0
2021-02-02,0,0,0
2021-02-02,0,0,0
2021-02-02,1,0,1
2021-02-02,2,0,2
2021-02-02,1,0,1
2021-02-02,1,0,1
2021-02-02,1,0,1
2021-02-02,2,2,0
2021-02-02,2,2,0
2021-02-02,0,0,0
2021-02-02,1,0,1
2020-12-01,0,0,0
2020-12-01,0,0,0
2020-12-01,0,0,0
2020-12-01,0,0,0
2020-12-01,0,0,0
2020-12-01,1,0,1
2020-12-01,0,0,0
2020-12-01,3,2,1
2020-12-01,5,3,2
2020-12-01,6,3,3
2020-12-01,3,2,1
2020-12-01,5,2,3
2020-12-01,12,5,7
2020-12-01,20,7,13
2020-12-01,12,6,6
2020-12-01,12,5,7
2020-12-01,13,6,7
2020-12-01,10,3,7
2020-12-01,3,1,2
2020-12-01,1,0,1
2020-12-01,1,1,0
2020-12-01,0,0,0
2020-12-01,1,1,0
2020-12-01,0,0,0
2020-12-02,0,0,0
2020-12-02,0,0,0
2020-12-02,0,0,0
2020-12-02,0,0,0
2020-12-02,1,1,0
2020-12-02,0,0,0
2020-12-02,0,0,0
2020-12-02,3,0,3
2020-12-02,2,1,1
2020-12-02,4,2,2
2020-12-02,3,1,2
2020-12-02,2,1,1
2020-12-02,9,7,2
2020-12-02,9,4,5
2020-12-02,8,4,4
2020-12-02,13,5,8
2020-12-02,13,3,10
2020-12-02,10,7,3
2020-12-02,6,3,3
2020-12-02,8,2,6
2020-12-02,0,0,0
2020-12-02,0,0,0
2020-12-02,0,0,0
2020-12-02,0,0,0
2020-12-03,0,0,0
2020-12-03,0,0,0
2020-12-03,0,0,0
2020-12-03,0,0,0
2020-12-03,0,0,0
2020-12-03,0,0,0
2020-12-03,0,0,0
2020-12-03,5,0,5
2020-12-03,4,1,3
2020-12-03,2,1,1
2020-12-03,4,1,3
2020-12-03,3,3,0
2020-12-03,8,4,4
2020-12-03,5,3,2
2020-12-03,15,5,10
2020-12-03,8,4,4
2020-12-03,6,3,3
2020-12-03,2,1,1
2020-12-03,3,1,2
2020-12-03,3,1,2
2020-12-03,2,1,1
2020-12-03,2,2,0
2020-12-03,0,0,0
2020-12-03,0,0,0
2020-12-04,0,0,0
2020-12-04,0,0,0
2020-12-04,0,0,0
2020-12-04,0,0,0
2020-12-04,0,0,0
2020-12-04,1,0,1
2020-12-04,1,0,1
2020-12-04,2,0,2
2020-12-04,2,1,1
2020-12-04,4,2,2
2020-12-04,5,3,2
2020-12-04,6,2,4
2020-12-04,8,5,3
2020-12-04,12,3,9
2020-12-04,12,3,9
2020-12-04,13,5,8
2020-12-04,20,11,9
2020-12-04,5,3,2
2020-12-04,7,2,5
2020-12-04,2,1,1
2020-12-04,2,1,1
2020-12-04,1,0,1
2020-12-04,2,0,2
2020-12-04,0,0,0
2020-12-05,0,0,0
2020-12-05,0,0,0
2020-12-05,0,0,0
2020-12-05,0,0,0
2020-12-05,0,0,0
2020-12-05,2,1,1
2020-12-05,0,0,0
2020-12-05,1,0,1
2020-12-05,2,1,1
2020-12-05,3,0,3
2020-12-05,10,3,7
2020-12-05,5,3,2
2020-12-05,12,6,6
2020-12-05,25,10,15
2020-12-05,28,11,17
2020-12-05,18,8,10
2020-12-05,13,8,5
2020-12-05,2,2,0
2020-12-05,2,1,1
2020-12-05,3,0,3
2020-12-05,1,0,1
2020-12-05,0,0,0
2020-12-05,0,0,0
2020-12-05,0,0,0
2020-12-06,1,1,0
2020-12-06,1,0,1
2020-12-06,0,0,0
2020-12-06,0,0,0
2020-12-06,0,0,0
2020-12-06,1,0,1
2020-12-06,3,0,3
2020-12-06,0,0,0
2020-12-06,2,2,0
2020-12-06,1,1,0
2020-12-06,3,1,2
2020-12-06,4,1,3
2020-12-06,8,3,5
2020-12-06,7,5,2
2020-12-06,5,0,5
2020-12-06,10,2,8
2020-12-06,12,9,3
2020-12-06,5,4,1
2020-12-06,2,1,1
2020-12-06,5,1,4
2020-12-06,2,1,1
2020-12-06,1,0,1
2020-12-06,2,1,1
2020-12-06,0,0,0
2020-12-07,1,1,0
2020-12-07,0,0,0
2020-12-07,0,0,0
2020-12-07,0,0,0
2020-12-07,0,0,0
2020-12-07,2,0,2
2020-12-07,0,0,0
2020-12-07,4,2,2
2020-12-07,6,3,3
2020-12-07,2,1,1
2020-12-07,3,0,3
2020-12-07,3,2,1
2020-12-07,4,1,3
2020-12-07,6,3,3
2020-12-07,9,5,4
2020-12-07,5,2,3
2020-12-07,5,4,1
2020-12-07,9,4,5
2020-12-07,2,1,1
2020-12-07,1,1,0
2020-12-07,0,0,0
2020-12-07,2,0,2
2020-12-07,0,0,0
2020-12-07,1,0,1
2020-12-08,1,1,0
2020-12-08,0,0,0
2020-12-08,0,0,0
2020-12-08,0,0,0
2020-12-08,0,0,0
2020-12-08,1,0,1
2020-12-08,0,0,0
2020-12-08,2,0,2
2020-12-08,2,1,1
2020-12-08,3,2,1
2020-12-08,0,0,0
2020-12-08,1,0,1
2020-12-08,2,1,1
2020-12-08,7,4,3
2020-12-08,4,2,2
2020-12-08,2,2,0
2020-12-08,8,5,3
2020-12-08,1,1,0
2020-12-08,2,2,0
2020-12-08,0,0,0
2020-12-08,1,0,1
2020-12-08,0,0,0
2020-12-08,0,0,0
2020-12-08,0,0,0
2020-12-09,1,1,0
2020-12-09,0,0,0
2020-12-09,0,0,0
2020-12-09,0,0,0
2020-12-09,0,0,0
2020-12-09,0,0,0
2020-12-09,0,0,0
2020-12-09,3,1,2
2020-12-09,0,0,0
2020-12-09,0,0,0
2020-12-09,4,0,4
2020-12-09,4,1,3
2020-12-09,5,3,2
2020-12-09,4,2,2
2020-12-09,14,8,6
2020-12-09,4,4,0
2020-12-09,10,5,5
2020-12-09,4,3,1
2020-12-09,7,4,3
2020-12-09,1,0,1
2020-12-09,4,2,2
2020-12-09,1,1,0
2020-12-09,0,0,0
2020-12-09,2,1,1
2020-12-10,0,0,0
2020-12-10,0,0,0
2020-12-10,0,0,0
2020-12-10,0,0,0
2020-12-10,0,0,0
2020-12-10,0,0,0
2020-12-10,0,0,0
2020-12-10,2,0,2
2020-12-10,0,0,0
2020-12-10,1,1,0
2020-12-10,2,0,2
2020-12-10,5,2,3
2020-12-10,3,0,3
2020-12-10,4,1,3
2020-12-10,7,4,3
2020-12-10,11,5,6
2020-12-10,13,8,5
2020-12-10,4,3,1
2020-12-10,4,2,2
2020-12-10,1,0,1
2020-12-10,2,1,1
2020-12-10,0,0,0
2020-12-10,1,0,1
2020-12-10,0,0,0
2020-12-11,2,1,1
2020-12-11,2,2,0
2020-12-11,0,0,0
2020-12-11,0,0,0
2020-12-11,0,0,0
2020-12-11,1,0,1
2020-12-11,0,0,0
2020-12-11,2,1,1
2020-12-11,1,0,1
2020-12-11,5,1,4
2020-12-11,2,1,1
2020-12-11,4,0,4
2020-12-11,7,5,2
2020-12-11,3,1,2
2020-12-11,10,7,3
2020-12-11,11,8,3
2020-12-11,6,2,4
2020-12-11,7,3,4
2020-12-11,4,2,2
2020-12-11,1,1,0
2020-12-11,0,0,0
2020-12-11,0,0,0
2020-12-11,2,0,2
2020-12-11,0,0,0
2020-12-12,0,0,0
2020-12-12,1,1,0
2020-12-12,0,0,0
2020-12-12,0,0,0
2020-12-12,0,0,0
2020-12-12,1,0,1
2020-12-12,2,0,2
2020-12-12,2,0,2
2020-12-12,2,2,0
2020-12-12,1,0,1
2020-12-12,4,2,2
2020-12-12,8,4,4
2020-12-12,11,5,6
2020-12-12,18,6,12
2020-12-12,17,7,10
2020-12-12,8,3,5
2020-12-12,15,10,5
2020-12-12,2,1,1
2020-12-12,3,1,2
2020-12-12,2,1,1
2020-12-12,2,1,1
2020-12-12,2,1,1
2020-12-12,1,1,0
2020-12-12,0,0,0
2020-12-13,0,0,0
2020-12-13,0,0,0
2020-12-13,0,0,0
2020-12-13,0,0,0
2020-12-13,0,0,0
2020-12-13,1,0,1
2020-12-13,2,0,2
2020-12-13,1,1,0
2020-12-13,4,2,2
2020-12-13,2,0,2
2020-12-13,4,2,2
2020-12-13,3,1,2
2020-12-13,2,1,1
2020-12-13,4,1,3
2020-12-13,3,2,1
2020-12-13,3,1,2
2020-12-13,6,6,0
2020-12-13,1,1,0
2020-12-13,3,2,1
2020-12-13,1,1,0
2020-12-13,0,0,0
2020-12-13,3,3,0
2020-12-13,1,1,0
2020-12-13,1,0,1
2020-12-14,2,1,1
2020-12-14,0,0,0
2020-12-14,0,0,0
2020-12-14,0,0,0
2020-12-14,0,0,0
2020-12-14,1,0,1
2020-12-14,2,1,1
2020-12-14,3,1,2
2020-12-14,3,2,1
2020-12-14,3,3,0
2020-12-14,5,2,3
2020-12-14,2,1,1
2020-12-14,5,2,3
2020-12-14,7,5,2
2020-12-14,10,7,3
2020-12-14,6,2,4
2020-12-14,2,2,0
2020-12-14,4,2,2
2020-12-14,1,1,0
2020-12-14,4,3,1
2020-12-14,1,0,1
2020-12-14,0,0,0
2020-12-14,1,1,0
2020-12-14,0,0,0
2020-12-15,0,0,0
2020-12-15,0,0,0
2020-12-15,0,0,0
2020-12-15,0,0,0
2020-12-15,0,0,0
2020-12-15,1,0,1
2020-12-15,1,0,1
2020-12-15,2,1,1
2020-12-15,2,1,1
2020-12-15,3,2,1
2020-12-15,2,2,0
2020-12-15,3,0,3
2020-12-15,2,2,0
2020-12-15,3,2,1
2020-12-15,8,6,2
2020-12-15,3,0,3
2020-12-15,4,3,1
2020-12-15,2,0,2
2020-12-15,4,1,3
2020-12-15,0,0,0
2020-12-15,1,0,1
2020-12-15,0,0,0
2020-12-15,1,1,0
2020-12-15,0,0,0
2020-12-16,0,0,0
2020-12-16,0,0,0
2020-12-16,0,0,0
2020-12-16,0,0,0
2020-12-16,0,0,0
2020-12-16,0,0,0
2020-12-16,1,0,1
2020-12-16,4,2,2
2020-12-16,3,2,1
2020-12-16,0,0,0
2020-12-16,2,0,2
2020-12-16,9,6,3
2020-12-16,4,2,2
2020-12-16,4,2,2
2020-12-16,2,1,1
2020-12-16,0,0,0
2020-12-16,1,1,0
2020-12-16,4,3,1
2020-12-16,2,1,1
2020-12-16,1,1,0
2020-12-16,2,0,2
2020-12-16,1,1,0
2020-12-16,0,0,0
2020-12-16,0,0,0
2020-12-17,1,1,0
2020-12-17,0,0,0
2020-12-17,1,0,1
2020-12-17,0,0,0
2020-12-17,0,0,0
2020-12-17,2,2,0
2020-12-17,1,0,1
2020-12-17,1,1,0
2020-12-17,0,0,0
2020-12-17,2,1,1
2020-12-17,2,1,1
2020-12-17,3,2,1
2020-12-17,3,3,0
2020-12-17,17,11,6
2020-12-17,17,6,11
2020-12-17,15,7,8
2020-12-17,3,2,1
2020-12-17,6,1,5
2020-12-17,1,0,1
2020-12-17,3,2,1
2020-12-17,1,1,0
2020-12-17,3,2,1
2020-12-17,2,1,1
2020-12-17,1,0,1
2020-12-18,0,0,0
2020-12-18,2,1,1
2020-12-18,0,0,0
2020-12-18,0,0,0
2020-12-18,0,0,0
2020-12-18,1,0,1
2020-12-18,1,0,1
2020-12-18,1,1,0
2020-12-18,2,0,2
2020-12-18,3,2,1
2020-12-18,3,1,2
2020-12-18,3,0,3
2020-12-18,1,1,0
2020-12-18,2,0,2
2020-12-18,5,1,4
2020-12-18,4,2,2
2020-12-18,4,1,3
2020-12-18,4,2,2
2020-12-18,5,2,3
2020-12-18,5,0,5
2020-12-18,0,0,0
2020-12-18,2,1,1
2020-12-18,1,0,1
2020-12-18,0,0,0
2020-12-19,0,0,0
2020-12-19,1,0,1
2020-12-19,0,0,0
2020-12-19,0,0,0
2020-12-19,0,0,0
2020-12-19,1,0,1
2020-12-19,2,1,1
2020-12-19,1,1,0
2020-12-19,1,0,1
2020-12-19,8,5,3
2020-12-19,4,1,3
2020-12-19,13,7,6
2020-12-19,6,4,2
2020-12-19,6,3,3
2020-12-19,6,1,5
2020-12-19,4,2,2
2020-12-19,3,1,2
2020-12-19,4,2,2
2020-12-19,1,0,1
2020-12-19,1,1,0
2020-12-19,1,0,1
2020-12-19,2,1,1
2020-12-19,0,0,0
2020-12-19,1,1,0
2020-12-20,0,0,0
2020-12-20,1,1,0
2020-12-20,0,0,0
2020-12-20,0,0,0
2020-12-20,0,0,0
2020-12-20,0,0,0
2020-12-20,0,0,0
2020-12-20,0,0,0
2020-12-20,0,0,0
2020-12-20,4,4,0
2020-12-20,3,2,1
2020-12-20,1,0,1
2020-12-20,2,2,0
2020-12-20,0,0,0
2020-12-20,0,0,0
2020-12-20,1,0,1
2020-12-20,6,5,1
2020-12-20,2,1,1
2020-12-20,1,1,0
2020-12-20,0,0,0
2020-12-20,0,0,0
2020-12-20,0,0,0
2020-12-20,0,0,0
2020-12-20,0,0,0
2020-12-21,0,0,0
2020-12-21,2,2,0
2020-12-21,0,0,0
2020-12-21,0,0,0
2020-12-21,0,0,0
2020-12-21,0,0,0
2020-12-21,0,0,0
2020-12-21,1,1,0
2020-12-21,0,0,0
2020-12-21,1,1,0
2020-12-21,3,2,1
2020-12-21,3,0,3
2020-12-21,2,1,1
2020-12-21,1,1,0
2020-12-21,0,0,0
2020-12-21,0,0,0
2020-12-21,1,0,1
2020-12-21,0,0,0
2020-12-21,0,0,0
2020-12-21,1,1,0
2020-12-21,0,0,0
2020-12-21,0,0,0
2020-12-21,0,0,0
2020-12-21,0,0,0
2020-12-22,0,0,0
2020-12-22,0,0,0
2020-12-22,0,0,0
2020-12-22,0,0,0
2020-12-22,0,0,0
2020-12-22,0,0,0
2020-12-22,1,0,1
2020-12-22,3,3,0
2020-12-22,3,1,2
2020-12-22,2,0,2
2020-12-22,4,3,1
2020-12-22,6,4,2
2020-12-22,5,3,2
2020-12-22,6,0,6
2020-12-22,4,1,3
2020-12-22,5,2,3
2020-12-22,5,1,4
2020-12-22,1,0,1
2020-12-22,1,0,1
2020-12-22,1,0,1
2020-12-22,0,0,0
2020-12-22,0,0,0
2020-12-22,0,0,0
2020-12-22,0,0,0
2020-12-23,0,0,0
2020-12-23,0,0,0
2020-12-23,0,0,0
2020-12-23,0,0,0
2020-12-23,0,0,0
2020-12-23,0,0,0
2020-12-23,1,0,1
2020-12-23,0,0,0
2020-12-23,0,0,0
2020-12-23,1,1,0
2020-12-23,1,1,0
2020-12-23,0,0,0
2020-12-23,0,0,0
2020-12-23,3,2,1
2020-12-23,1,1,0
2020-12-23,7,4,3
2020-12-23,3,0,3
2020-12-23,1,1,0
2020-12-23,0,0,0
2020-12-23,0,0,0
2020-12-23,1,1,0
2020-12-23,1,1,0
2020-12-23,0,0,0
2020-12-23,0,0,0
2020-12-24,0,0,0
2020-12-24,0,0,0
2020-12-24,0,0,0
2020-12-24,0,0,0
2020-12-24,0,0,0
2020-12-24,0,0,0
2020-12-24,0,0,0
2020-12-24,0,0,0
2020-12-24,0,0,0
2020-12-24,0,0,0
2020-12-24,3,2,1
2020-12-24,1,1,0
2020-12-24,7,2,5
2020-12-24,7,3,4
2020-12-24,7,5,2
2020-12-24,7,2,5
2020-12-24,8,5,3
2020-12-24,1,1,0
2020-12-24,1,1,0
2020-12-24,2,2,0
2020-12-24,0,0,0
2020-12-24,0,0,0
2020-12-24,0,0,0
2020-12-24,0,0,0
2020-12-25,0,0,0
2020-12-25,0,0,0
2020-12-25,0,0,0
2020-12-25,0,0,0
2020-12-25,0,0,0
2020-12-25,0,0,0
2020-12-25,0,0,0
2020-12-25,0,0,0
2020-12-25,0,0,0
2020-12-25,0,0,0
2020-12-25,0,0,0
2020-12-25,4,2,2
2020-12-25,1,0,1
2020-12-25,1,0,1
2020-12-25,2,2,0
2020-12-25,0,0,0
2020-12-25,1,0,1
2020-12-25,2,0,2
2020-12-25,0,0,0
2020-12-25,2,1,1
2020-12-25,1,1,0
2020-12-25,0,0,0
2020-12-25,0,0,0
2020-12-25,1,1,0
2020-12-26,1,1,0
2020-12-26,0,0,0
2020-12-26,0,0,0
2020-12-26,0,0,0
2020-12-26,0,0,0
2020-12-26,0,0,0
2020-12-26,0,0,0
2020-12-26,0,0,0
2020-12-26,0,0,0
2020-12-26,0,0,0
2020-12-26,0,0,0
2020-12-26,1,0,1
2020-12-26,7,3,4
2020-12-26,3,3,0
2020-12-26,10,3,7
2020-12-26,4,3,1
2020-12-26,4,2,2
2020-12-26,0,0,0
2020-12-26,2,1,1
2020-12-26,1,1,0
2020-12-26,1,0,1
2020-12-26,0,0,0
2020-12-26,0,0,0
2020-12-26,0,0,0
2020-12-27,0,0,0
2020-12-27,0,0,0
2020-12-27,0,0,0
2020-12-27,0,0,0
2020-12-27,0,0,0
2020-12-27,0,0,0
2020-12-27,0,0,0
2020-12-27,0,0,0
2020-12-27,0,0,0
2020-12-27,1,0,1
2020-12-27,0,0,0
2020-12-27,1,0,1
2020-12-27,4,1,3
2020-12-27,2,1,1
2020-12-27,8,7,1
2020-12-27,7,3,4
2020-12-27,1,1,0
2020-12-27,6,5,1
2020-12-27,2,1,1
2020-12-27,1,1,0
2020-12-27,0,0,0
2020-12-27,0,0,0
2020-12-27,1,1,0
2020-12-27,1,1,0
2020-12-28,0,0,0
2020-12-28,0,0,0
2020-12-28,0,0,0
2020-12-28,0,0,0
2020-12-28,0,0,0
2020-12-28,0,0,0
2020-12-28,0,0,0
2020-12-28,1,1,0
2020-12-28,1,1,0
2020-12-28,1,1,0
2020-12-28,0,0,0
2020-12-28,3,2,1
2020-12-28,0,0,0
2020-12-28,2,2,0
2020-12-28,9,5,4
2020-12-28,3,2,1
2020-12-28,2,1,1
2020-12-28,0,0,0
2020-12-28,1,0,1
2020-12-28,2,2,0
2020-12-28,2,2,0
2020-12-28,0,0,0
2020-12-28,1,0,1
2020-12-28,0,0,0
2020-12-29,0,0,0
2020-12-29,0,0,0
2020-12-29,2,1,1
2020-12-29,0,0,0
2020-12-29,0,0,0
2020-12-29,0,0,0
2020-12-29,0,0,0
2020-12-29,0,0,0
2020-12-29,1,0,1
2020-12-29,0,0,0
2020-12-29,2,1,1
2020-12-29,1,0,1
2020-12-29,1,0,1
2020-12-29,4,3,1
2020-12-29,1,1,0
2020-12-29,1,0,1
2020-12-29,1,1,0
2020-12-29,0,0,0
2020-12-29,1,1,0
2020-12-29,1,0,1
2020-12-29,1,0,1
2020-12-29,0,0,0
2020-12-29,0,0,0
2020-12-29,0,0,0
2020-12-30,0,0,0
2020-12-30,0,0,0
2020-12-30,0,0,0
2020-12-30,0,0,0
2020-12-30,0,0,0
2020-12-30,0,0,0
2020-12-30,0,0,0
2020-12-30,0,0,0
2020-12-30,2,0,2
2020-12-30,1,0,1
2020-12-30,0,0,0
2020-12-30,0,0,0
2020-12-30,0,0,0
2020-12-30,0,0,0
2020-12-30,2,1,1
2020-12-30,3,2,1
2020-12-30,4,3,1
2020-12-30,2,0,2
2020-12-30,0,0,0
2020-12-30,1,1,0
2020-12-30,1,0,1
2020-12-30,0,0,0
2020-12-30,0,0,0
2020-12-30,1,0,1
2020-12-31,0,0,0
2020-12-31,2,1,1
2020-12-31,0,0,0
2020-12-31,0,0,0
2020-12-31,0,0,0
2020-12-31,0,0,0
2020-12-31,0,0,0
2020-12-31,0,0,0
2020-12-31,1,0,1
2020-12-31,0,0,0
2020-12-31,2,1,1
2020-12-31,3,2,1
2020-12-31,3,2,1
2020-12-31,2,2,0
2020-12-31,3,2,1
2020-12-31,6,4,2
2020-12-31,2,0,2
2020-12-31,1,1,0
2020-12-31,4,2,2
2020-12-31,0,0,0
2020-12-31,4,2,2
2020-12-31,0,0,0
2020-12-31,1,1,0
2020-12-31,0,0,0
2021-01-01,0,0,0
2021-01-01,0,0,0
2021-01-01,0,0,0
2021-01-01,0,0,0
2021-01-01,0,0,0
2021-01-01,0,0,0
2021-01-01,0,0,0
2021-01-01,1,1,0
2021-01-01,0,0,0
2021-01-01,0,0,0
2021-01-01,0,0,0
2021-01-01,2,1,1
2021-01-01,4,4,0
2021-01-01,0,0,0
2021-01-01,2,2,0
2021-01-01,0,0,0
2021-01-01,0,0,0
2021-01-01,2,1,1
2021-01-01,2,1,1
2021-01-01,2,2,0
2021-01-01,0,0,0
2021-01-01,0,0,0
2021-01-01,0,0,0
2021-01-01,0,0,0
2021-01-02,0,0,0
2021-01-02,0,0,0
2021-01-02,0,0,0
2021-01-02,0,0,0
2021-01-02,0,0,0
2021-01-02,0,0,0
2021-01-02,0,0,0
2021-01-02,0,0,0
2021-01-02,0,0,0
2021-01-02,1,0,1
2021-01-02,1,1,0
2021-01-02,1,1,0
2021-01-02,2,0,2
2021-01-02,1,0,1
2021-01-02,2,2,0
2021-01-02,3,3,0
2021-01-02,4,3,1
2021-01-02,1,1,0
2021-01-02,0,0,0
2021-01-02,0,0,0
2021-01-02,0,0,0
2021-01-02,1,1,0
2021-01-02,0,0,0
2021-01-02,0,0,0
2021-01-03,0,0,0
2021-01-03,0,0,0
2021-01-03,0,0,0
2021-01-03,0,0,0
2021-01-03,0,0,0
2021-01-03,0,0,0
2021-01-03,0,0,0
2021-01-03,0,0,0
2021-01-03,0,0,0
2021-01-03,0,0,0
2021-01-03,0,0,0
2021-01-03,0,0,0
2021-01-03,3,3,0
2021-01-03,6,2,4
2021-01-03,1,1,0
2021-01-03,4,3,1
2021-01-03,3,2,1
2021-01-03,0,0,0
2021-01-03,2,2,0
2021-01-03,0,0,0
2021-01-03,0,0,0
2021-01-03,0,0,0
2021-01-03,0,0,0
2021-01-03,0,0,0
2021-01-04,0,0,0
2021-01-04,0,0,0
2021-01-04,0,0,0
2021-01-04,0,0,0
2021-01-04,0,0,0
2021-01-04,0,0,0
2021-01-04,0,0,0
2021-01-04,0,0,0
2021-01-04,1,1,0
2021-01-04,2,2,0
2021-01-04,0,0,0
2021-01-04,1,1,0
2021-01-04,1,1,0
2021-01-04,0,0,0
2021-01-04,1,1,0
2021-01-04,0,0,0
2021-01-04,2,1,1
2021-01-04,1,1,0
2021-01-04,0,0,0
2021-01-04,0,0,0
2021-01-04,0,0,0
2021-01-04,0,0,0
2021-01-04,1,1,0
2021-01-04,0,0,0
2021-01-05,0,0,0
2021-01-05,0,0,0
2021-01-05,0,0,0
2021-01-05,0,0,0
2021-01-05,0,0,0
2021-01-05,0,0,0
2021-01-05,0,0,0
2021-01-05,0,0,0
2021-01-05,2,0,2
2021-01-05,0,0,0
2021-01-05,0,0,0
2021-01-05,2,2,0
2021-01-05,2,2,0
2021-01-05,0,0,0
2021-01-05,1,1,0
2021-01-05,2,0,2
2021-01-05,2,0,2
2021-01-05,1,1,0
2021-01-05,1,0,1
2021-01-05,0,0,0
2021-01-05,1,0,1
2021-01-05,0,0,0
2021-01-05,0,0,0
2021-01-05,0,0,0
2021-01-06,0,0,0
2021-01-06,0,0,0
2021-01-06,0,0,0
2021-01-06,0,0,0
2021-01-06,0,0,0
2021-01-06,0,0,0
2021-01-06,0,0,0
2021-01-06,0,0,0
2021-01-06,2,2,0
2021-01-06,0,0,0
2021-01-06,3,2,1
2021-01-06,2,2,0
2021-01-06,3,1,2
2021-01-06,5,3,2
2021-01-06,14,12,2
2021-01-06,3,2,1
2021-01-06,5,5,0
2021-01-06,1,1,0
2021-01-06,1,0,1
2021-01-06,1,0,1
2021-01-06,0,0,0
2021-01-06,0,0,0
2021-01-06,0,0,0
2021-01-06,1,1,0
2021-01-07,0,0,0
2021-01-07,0,0,0
2021-01-07,0,0,0
2021-01-07,0,0,0
2021-01-07,0,0,0
2021-01-07,0,0,0
2021-01-07,0,0,0
2021-01-07,0,0,0
2021-01-07,1,0,1
2021-01-07,1,0,1
2021-01-07,1,1,0
2021-01-07,3,2,1
2021-01-07,3,2,1
2021-01-07,6,3,3
2021-01-07,8,4,4
2021-01-07,2,1,1
2021-01-07,3,3,0
2021-01-07,2,2,0
2021-01-07,1,0,1
2021-01-07,0,0,0
2021-01-07,0,0,0
2021-01-07,1,1,0
2021-01-07,0,0,0
2021-01-07,0,0,0
2021-01-08,0,0,0
2021-01-08,0,0,0
2021-01-08,0,0,0
2021-01-08,0,0,0
2021-01-08,0,0,0
2021-01-08,0,0,0
2021-01-08,0,0,0
2021-01-08,0,0,0
2021-01-08,0,0,0
2021-01-08,0,0,0
2021-01-08,1,1,0
2021-01-08,0,0,0
2021-01-08,0,0,0
2021-01-08,0,0,0
2021-01-08,0,0,0
2021-01-08,0,0,0
2021-01-08,4,4,0
2021-01-08,3,2,1
2021-01-08,0,0,0
2021-01-08,0,0,0
2021-01-08,0,0,0
2021-01-08,0,0,0
2021-01-08,0,0,0
2021-01-08,0,0,0
2021-01-09,0,0,0
2021-01-09,0,0,0
2021-01-09,0,0,0
2021-01-09,0,0,0
2021-01-09,0,0,0
2021-01-09,0,0,0
2021-01-09,0,0,0
2021-01-09,0,0,0
2021-01-09,0,0,0
2021-01-09,0,0,0
2021-01-09,2,2,0
2021-01-09,1,0,1
2021-01-09,0,0,0
2021-01-09,4,2,2
2021-01-09,3,0,3
2021-01-09,3,2,1
2021-01-09,5,4,1
2021-01-09,1,1,0
2021-01-09,1,1,0
2021-01-09,0,0,0
2021-01-09,1,1,0
2021-01-09,0,0,0
2021-01-09,0,0,0
2021-01-09,1,0,1
2021-01-10,1,1,0
2021-01-10,0,0,0
2021-01-10,0,0,0
2021-01-10,0,0,0
2021-01-10,0,0,0
2021-01-10,0,0,0
2021-01-10,0,0,0
2021-01-10,0,0,0
2021-01-10,1,0,1
2021-01-10,0,0,0
2021-01-10,1,0,1
2021-01-10,3,2,1
2021-01-10,8,5,3
2021-01-10,3,3,0
2021-01-10,3,3,0
2021-01-10,6,4,2
2021-01-10,9,9,0
2021-01-10,2,2,0
2021-01-10,1,1,0
2021-01-10,0,0,0
2021-01-10,1,0,1
2021-01-10,1,1,0
2021-01-10,0,0,0
2021-01-10,0,0,0
2021-01-11,0,0,0
2021-01-11,0,0,0
2021-01-11,0,0,0
2021-01-11,1,1,0
2021-01-11,0,0,0
2021-01-11,0,0,0
2021-01-11,0,0,0
2021-01-11,0,0,0
2021-01-11,2,2,0
2021-01-11,1,0,1
2021-01-11,0,0,0
2021-01-11,1,1,0
2021-01-11,1,1,0
2021-01-11,1,0,1
2021-01-11,5,3,2
2021-01-11,5,2,3
2021-01-11,0,0,0
2021-01-11,2,0,2
2021-01-11,0,0,0
2021-01-11,0,0,0
2021-01-11,0,0,0
2021-01-11,0,0,0
2021-01-11,0,0,0
2021-01-11,0,0,0
2021-01-12,0,0,0
2021-01-12,0,0,0
2021-01-12,0,0,0
2021-01-12,0,0,0
2021-01-12,0,0,0
2021-01-12,0,0,0
2021-01-12,0,0,0
2021-01-12,0,0,0
2021-01-12,2,1,1
2021-01-12,4,2,2
2021-01-12,0,0,0
2021-01-12,1,1,0
2021-01-12,5,5,0
2021-01-12,3,2,1
2021-01-12,8,3,5
2021-01-12,2,2,0
2021-01-12,2,0,2
2021-01-12,2,1,1
2021-01-12,1,0,1
2021-01-12,0,0,0
2021-01-12,0,0,0
2021-01-12,0,0,0
2021-01-12,0,0,0
2021-01-12,0,0,0
2021-01-13,0,0,0
2021-01-13,0,0,0
2021-01-13,1,0,1
2021-01-13,0,0,0
2021-01-13,0,0,0
2021-01-13,0,0,0
2021-01-13,0,0,0
2021-01-13,0,0,0
2021-01-13,0,0,0
2021-01-13,0,0,0
2021-01-13,0,0,0
2021-01-13,0,0,0
2021-01-13,2,1,1
2021-01-13,1,0,1
2021-01-13,1,1,0
2021-01-13,4,4,0
2021-01-13,4,3,1
2021-01-13,1,1,0
2021-01-13,1,1,0
2021-01-13,0,0,0
2021-01-13,2,2,0
2021-01-13,2,1,1
2021-01-13,0,0,0
2021-01-13,0,0,0
2021-01-14,0,0,0
2021-01-14,0,0,0
2021-01-14,0,0,0
2021-01-14,0,0,0
2021-01-14,0,0,0
2021-01-14,0,0,0
2021-01-14,0,0,0
2021-01-14,2,0,2
2021-01-14,0,0,0
2021-01-14,0,0,0
2021-01-14,0,0,0
2021-01-14,1,0,1
2021-01-14,9,3,6
2021-01-14,7,6,1
2021-01-14,5,5,0
2021-01-14,12,12,0
2021-01-14,9,7,2
2021-01-14,4,1,3
2021-01-14,2,0,2
2021-01-14,1,1,0
2021-01-14,2,1,1
2021-01-14,0,0,0
2021-01-14,0,0,0
2021-01-14,0,0,0
2021-01-15,0,0,0
2021-01-15,0,0,0
2021-01-15,0,0,0
2021-01-15,1,0,1
2021-01-15,0,0,0
2021-01-15,0,0,0
2021-01-15,1,0,1
2021-01-15,1,0,1
2021-01-15,2,2,0
2021-01-15,0,0,0
2021-01-15,0,0,0
2021-01-15,3,2,1
2021-01-15,3,1,2
2021-01-15,1,1,0
2021-01-15,5,3,2
2021-01-15,5,4,1
2021-01-15,7,2,5
2021-01-15,5,4,1
2021-01-15,0,0,0
2021-01-15,1,1,0
2021-01-15,0,0,0
2021-01-15,1,0,1
2021-01-15,0,0,0
2021-01-15,0,0,0
2021-01-16,0,0,0
2021-01-16,0,0,0
2021-01-16,0,0,0
2021-01-16,0,0,0
2021-01-16,0,0,0
2021-01-16,0,0,0
2021-01-16,0,0,0
2021-01-16,0,0,0
2021-01-16,1,0,1
2021-01-16,0,0,0
2021-01-16,1,1,0
2021-01-16,0,0,0
2021-01-16,1,1,0
2021-01-16,4,3,1
2021-01-16,2,1,1
2021-01-16,0,0,0
2021-01-16,1,1,0
2021-01-16,1,1,0
2021-01-16,0,0,0
2021-01-16,0,0,0
2021-01-16,1,0,1
2021-01-16,0,0,0
2021-01-16,0,0,0
2021-01-16,0,0,0
2021-01-17,0,0,0
2021-01-17,0,0,0
2021-01-17,0,0,0
2021-01-17,1,1,0
2021-01-17,0,0,0
2021-01-17,0,0,0
2021-01-17,0,0,0
2021-01-17,1,1,0
2021-01-17,0,0,0
2021-01-17,1,1,0
2021-01-17,2,1,1
2021-01-17,6,4,2
2021-01-17,7,5,2
2021-01-17,4,2,2
2021-01-17,6,6,0
2021-01-17,10,7,3
2021-01-17,3,1,2
2021-01-17,1,0,1
2021-01-17,0,0,0
2021-01-17,0,0,0
2021-01-17,0,0,0
2021-01-17,1,0,1
2021-01-17,0,0,0
2021-01-17,0,0,0
2021-01-18,0,0,0
2021-01-18,0,0,0
2021-01-18,0,0,0
2021-01-18,0,0,0
2021-01-18,0,0,0
2021-01-18,0,0,0
2021-01-18,0,0,0
2021-01-18,0,0,0
2021-01-18,1,1,0
2021-01-18,0,0,0
2021-01-18,3,1,2
2021-01-18,3,1,2
2021-01-18,3,0,3
2021-01-18,6,5,1
2021-01-18,3,2,1
2021-01-18,2,2,0
2021-01-18,5,2,3
2021-01-18,1,1,0
2021-01-18,1,1,0
2021-01-18,0,0,0
2021-01-18,1,1,0
2021-01-18,0,0,0
2021-01-18,0,0,0
2021-01-18,0,0,0
2021-01-19,0,0,0
2021-01-19,0,0,0
2021-01-19,0,0,0
2021-01-19,0,0,0
2021-01-19,0,0,0
2021-01-19,0,0,0
2021-01-19,0,0,0
2021-01-19,0,0,0
2021-01-19,0,0,0
2021-01-19,1,1,0
2021-01-19,1,1,0
2021-01-19,2,0,2
2021-01-19,0,0,0
2021-01-19,5,3,2
2021-01-19,3,1,2
2021-01-19,2,1,1
2021-01-19,0,0,0
2021-01-19,0,0,0
2021-01-19,0,0,0
2021-01-19,1,1,0
2021-01-19,1,1,0
2021-01-19,0,0,0
2021-01-19,0,0,0
2021-01-19,0,0,0
2021-01-20,0,0,0
2021-01-20,0,0,0
2021-01-20,0,0,0
2021-01-20,0,0,0
2021-01-20,0,0,0
2021-01-20,0,0,0
2021-01-20,0,0,0
2021-01-20,0,0,0
2021-01-20,0,0,0
2021-01-20,1,1,0
2021-01-20,0,0,0
2021-01-20,0,0,0
2021-01-20,5,2,3
2021-01-20,1,0,1
2021-01-20,1,0,1
2021-01-20,2,1,1
2021-01-20,2,1,1
2021-01-20,0,0,0
2021-01-20,1,1,0
2021-01-20,0,0,0
2021-01-20,1,0,1
2021-01-20,0,0,0
2021-01-20,0,0,0
2021-01-20,0,0,0
2021-01-21,0,0,0
2021-01-21,0,0,0
2021-01-21,0,0,0
2021-01-21,0,0,0
2021-01-21,0,0,0
2021-01-21,0,0,0
2021-01-21,0,0,0
2021-01-21,0,0,0
2021-01-21,2,2,0
2021-01-21,0,0,0
2021-01-21,1,1,0
2021-01-21,0,0,0
2021-01-21,1,1,0
2021-01-21,2,0,2
2021-01-21,0,0,0
2021-01-21,0,0,0
2021-01-21,1,1,0
2021-01-21,0,0,0
2021-01-21,1,1,0
2021-01-21,1,0,1
2021-01-21,0,0,0
2021-01-21,0,0,0
2021-01-21,0,0,0
2021-01-21,0,0,0
2021-01-22,0,0,0
2021-01-22,0,0,0
2021-01-22,0,0,0
2021-01-22,0,0,0
2021-01-22,0,0,0
2021-01-22,0,0,0
2021-01-22,0,0,0
2021-01-22,0,0,0
2021-01-22,0,0,0
2021-01-22,0,0,0
2021-01-22,4,3,1
2021-01-22,0,0,0
2021-01-22,4,3,1
2021-01-22,6,1,5
2021-01-22,3,2,1
2021-01-22,0,0,0
2021-01-22,3,2,1
2021-01-22,2,2,0
2021-01-22,1,0,1
2021-01-22,1,0,1
2021-01-22,1,1,0
2021-01-22,0,0,0
2021-01-22,0,0,0
2021-01-22,0,0,0
2021-01-23,0,0,0
2021-01-23,0,0,0
2021-01-23,0,0,0
2021-01-23,0,0,0
2021-01-23,0,0,0
2021-01-23,0,0,0
2021-01-23,0,0,0
2021-01-23,0,0,0
2021-01-23,0,0,0
2021-01-23,1,0,1
2021-01-23,0,0,0
2021-01-23,1,1,0
2021-01-23,5,3,2
2021-01-23,2,2,0
2021-01-23,1,1,0
2021-01-23,7,4,3
2021-01-23,11,8,3
2021-01-23,3,2,1
2021-01-23,3,3,0
2021-01-23,1,1,0
2021-01-23,0,0,0
2021-01-23,0,0,0
2021-01-23,0,0,0
2021-01-23,1,0,1
2021-01-24,1,1,0
2021-01-24,0,0,0
2021-01-24,1,1,0
2021-01-24,0,0,0
2021-01-24,0,0,0
2021-01-24,0,0,0
2021-01-24,0,0,0
2021-01-24,0,0,0
2021-01-24,0,0,0
2021-01-24,0,0,0
2021-01-24,0,0,0
2021-01-24,1,0,1
2021-01-24,6,4,2
2021-01-24,3,3,0
2021-01-24,0,0,0
2021-01-24,1,0,1
2021-01-24,4,2,2
2021-01-24,1,0,1
2021-01-24,0,0,0
2021-01-24,1,1,0
2021-01-24,1,1,0
2021-01-24,0,0,0
2021-01-24,0,0,0
2021-01-24,0,0,0
2021-01-25,0,0,0
2021-01-25,0,0,0
2021-01-25,0,0,0
2021-01-25,0,0,0
2021-01-25,0,0,0
2021-01-25,0,0,0
2021-01-25,0,0,0
2021-01-25,0,0,0
2021-01-25,1,1,0
2021-01-25,0,0,0
2021-01-25,2,1,1
2021-01-25,2,1,1
2021-01-25,0,0,0
2021-01-25,0,0,0
2021-01-25,6,6,0
2021-01-25,3,1,2
2021-01-25,6,4,2
2021-01-25,3,3,0
2021-01-25,0,0,0
2021-01-25,0,0,0
2021-01-25,0,0,0
2021-01-25,0,0,0
2021-01-25,0,0,0
2021-01-25,0,0,0
2021-01-26,0,0,0
2021-01-26,0,0,0
2021-01-26,0,0,0
2021-01-26,0,0,0
2021-01-26,0,0,0
2021-01-26,1,1,0
2021-01-26,1,0,1
2021-01-26,0,0,0
2021-01-26,1,0,1
2021-01-26,2,1,1
2021-01-26,0,0,0
2021-01-26,0,0,0
2021-01-26,0,0,0
2021-01-26,1,1,0
2021-01-26,3,2,1
2021-01-26,1,1,0
2021-01-26,4,3,1
2021-01-26,2,1,1
2021-01-26,1,0,1
2021-01-26,0,0,0
2021-01-26,0,0,0
2021-01-26,2,0,2
2021-01-26,0,0,0
2021-01-26,0,0,0
2021-01-27,0,0,0
2021-01-27,0,0,0
2021-01-27,1,1,0
2021-01-27,0,0,0
2021-01-27,0,0,0
2021-01-27,0,0,0
2021-01-27,0,0,0
2021-01-27,1,1,0
2021-01-27,0,0,0
2021-01-27,0,0,0
2021-01-27,1,0,1
2021-01-27,2,0,2
2021-01-27,3,3,0
2021-01-27,3,2,1
2021-01-27,0,0,0
2021-01-27,4,2,2
2021-01-27,3,1,2
2021-01-27,3,1,2
2021-01-27,5,2,3
2021-01-27,5,1,4
2021-01-27,0,0,0
2021-01-27,1,0,1
2021-01-27,0,0,0
2021-01-27,1,0,1
2021-01-28,1,0,1
2021-01-28,0,0,0
2021-01-28,0,0,0
2021-01-28,0,0,0
2021-01-28,0,0,0
2021-01-28,0,0,0
2021-01-28,0,0,0
2021-01-28,1,0,1
2021-01-28,1,1,0
2021-01-28,0,0,0
2021-01-28,2,1,1
2021-01-28,2,1,1
2021-01-28,1,0,1
2021-01-28,4,3,1
2021-01-28,1,1,0
2021-01-28,4,4,0
2021-01-28,2,2,0
2021-01-28,1,1,0
2021-01-28,3,2,1
2021-01-28,1,0,1
2021-01-28,0,0,0
2021-01-28,0,0,0
2021-01-28,0,0,0
2021-01-28,0,0,0
2021-01-29,0,0,0
2021-01-29,0,0,0
2021-01-29,0,0,0
2021-01-29,0,0,0
2021-01-29,0,0,0
2021-01-29,1,0,1
2021-01-29,0,0,0
2021-01-29,0,0,0
2021-01-29,0,0,0
2021-01-29,1,0,1
2021-01-29,1,0,1
2021-01-29,4,1,3
2021-01-29,4,0,4
2021-01-29,5,1,4
2021-01-29,3,1,2
2021-01-29,7,3,4
2021-01-29,5,5,0
2021-01-29,4,3,1
2021-01-29,3,3,0
2021-01-29,0,0,0
2021-01-29,0,0,0
2021-01-29,0,0,0
2021-01-29,0,0,0
2021-01-29,0,0,0
2021-01-30,0,0,0
2021-01-30,0,0,0
2021-01-30,0,0,0
2021-01-30,0,0,0
2021-01-30,0,0,0
2021-01-30,0,0,0
2021-01-30,0,0,0
2021-01-30,0,0,0
2021-01-30,1,1,0
2021-01-30,0,0,0
2021-01-30,2,1,1
2021-01-30,1,1,0
2021-01-30,1,0,1
2021-01-30,2,0,2
2021-01-30,3,2,1
2021-01-30,1,0,1
2021-01-30,1,1,0
2021-01-30,1,1,0
2021-01-30,0,0,0
2021-01-30,2,1,1
2021-01-30,1,0,1
2021-01-30,0,0,0
2021-01-30,0,0,0
2021-01-30,0,0,0
2021-01-31,0,0,0
2021-01-31,1,0,1
2021-01-31,0,0,0
2021-01-31,0,0,0
2021-01-31,0,0,0
2021-01-31,0,0,0
2021-01-31,0,0,0
2021-01-31,1,1,0
2021-01-31,0,0,0
2021-01-31,1,1,0
2021-01-31,2,1,1
2021-01-31,1,1,0
2021-01-31,0,0,0
2021-01-31,2,1,1
2021-02-02,2,2,0
2021-02-02,0,0,0
2021-02-02,0,0,0
2021-02-02,1,0,1
2021-02-02,0,0,0
2021-02-02,0,0,0
2021-02-02,0,0,0
2021-02-02,0,0,0
2021-02-02,0,0,0
2021-02-03,0,0,0
2021-02-03,0,0,0
2021-02-03,0,0,0
2021-02-03,0,0,0
2021-02-03,0,0,0
2021-02-03,0,0,0
2021-02-03,0,0,0
2021-02-03,0,0,0
2021-02-03,0,0,0
2021-02-03,1,0,1
2021-02-03,1,0,1
2021-02-03,2,2,0
2021-02-03,2,2,0
2021-02-03,4,2,2
2021-02-03,3,2,1
2021-02-03,5,3,2
2021-02-03,7,5,2
2021-02-03,4,2,2
2021-02-03,1,1,0
2021-02-03,0,0,0
2021-02-03,0,0,0
2021-02-03,0,0,0
2021-02-03,0,0,0
2021-02-03,0,0,0
2021-02-04,0,0,0
2021-02-04,1,0,1
2021-02-04,1,0,1
2021-02-04,1,1,0
2021-02-04,0,0,0
2021-02-04,0,0,0
2021-02-04,1,1,0
2021-02-04,2,1,1
2021-02-04,1,1,0
2021-02-04,1,1,0
2021-02-04,1,0,1
2021-02-04,4,2,2
2021-02-04,1,0,1
2021-02-04,3,1,2
2021-02-04,1,1,0
2021-02-04,0,0,0
2021-02-04,4,3,1
2021-02-04,2,2,0
2021-02-04,1,0,1
2021-02-04,1,1,0
2021-02-04,1,1,0
2021-02-04,0,0,0
2021-02-04,0,0,0
2021-02-04,0,0,0
2021-02-05,0,0,0
2021-02-05,0,0,0
2021-02-05,0,0,0
2021-02-05,0,0,0
2021-02-05,0,0,0
2021-02-05,0,0,0
2021-02-05,1,0,1
2021-02-05,0,0,0
2021-02-05,1,1,0
2021-02-05,1,1,0
2021-02-05,3,2,1
2021-02-05,6,4,2
2021-02-05,4,3,1
2021-02-05,1,0,1
2021-02-05,3,2,1
2021-02-05,4,0,4
2021-02-05,4,2,2
2021-02-05,3,3,0
2021-02-05,4,1,3
2021-02-05,1,1,0
2021-02-05,2,0,2
2021-02-05,0,0,0
2021-02-05,0,0,0
2021-02-05,0,0,0
2021-02-06,0,0,0
2021-02-06,0,0,0
2021-02-06,0,0,0
2021-02-06,1,1,0
2021-02-06,0,0,0
2021-02-06,0,0,0
2021-02-06,0,0,0
2021-02-06,0,0,0
2021-02-06,1,0,1
2021-02-06,0,0,0
2021-02-06,0,0,0
2021-02-06,1,0,1
2021-02-06,4,3,1
2021-02-06,2,2,0
2021-02-06,4,2,2
2021-02-06,4,3,1
2021-02-06,7,4,3
2021-02-06,5,3,2
2021-02-06,2,1,1
2021-02-06,0,0,0
2021-02-06,2,0,2
2021-02-06,0,0,0
2021-02-06,0,0,0
2021-02-06,0,0,0
2021-02-07,0,0,0
2021-02-07,0,0,0
2021-02-07,0,0,0
2021-02-07,0,0,0
2021-02-07,0,0,0
2021-02-07,0,0,0
2021-02-07,0,0,0
2021-02-07,1,1,0
2021-02-07,0,0,0
2021-02-07,0,0,0
2021-02-07,0,0,0
2021-02-07,2,1,1
2021-02-07,3,3,0
2021-02-07,1,0,1
2021-02-07,5,1,4
2021-02-07,3,3,0
2021-02-07,1,1,0
2021-02-07,0,0,0
2021-02-07,0,0,0
2021-02-07,1,1,0
2021-02-07,0,0,0
2021-02-07,0,0,0
2021-02-07,0,0,0
2021-02-07,0,0,0
2021-02-08,0,0,0
2021-02-08,0,0,0
2021-02-08,0,0,0
2021-02-08,0,0,0
2021-02-08,0,0,0
2021-02-08,0,0,0
2021-02-08,0,0,0
2021-02-08,0,0,0
2021-02-08,3,2,1
2021-02-08,1,1,0
2021-02-08,1,0,1
2021-02-08,2,1,1
2021-02-08,0,0,0
2021-02-08,1,1,0
2021-02-08,2,2,0
2021-02-08,2,1,1
2021-02-08,1,1,0
2021-02-08,2,1,1
2021-02-08,2,1,1
2021-02-08,0,0,0
2021-02-08,0,0,0
2021-02-08,0,0,0
2021-02-08,0,0,0
2021-02-08,0,0,0
2021-02-09,0,0,0
2021-02-09,0,0,0
2021-02-09,0,0,0
2021-02-09,0,0,0
2021-02-09,0,0,0
2021-02-09,0,0,0
2021-02-09,0,0,0
2021-02-09,1,1,0
2021-02-09,2,2,0
2021-02-09,1,0,1
2021-02-09,1,1,0
2021-02-09,2,2,0
2021-02-09,2,2,0
2021-02-09,4,2,2
2021-02-09,1,0,1
2021-02-09,2,0,2
2021-02-09,2,1,1
2021-02-09,3,3,0
2021-02-09,0,0,0
2021-02-09,1,0,1
2021-02-09,0,0,0
2021-02-09,0,0,0
2021-02-09,1,1,0
2021-02-09,0,0,0
2021-02-10,0,0,0
2021-02-10,0,0,0
2021-02-10,0,0,0
2021-02-10,0,0,0
2021-02-10,0,0,0
2021-02-10,0,0,0
2021-02-10,0,0,0
2021-02-10,0,0,0
2021-02-10,0,0,0
2021-02-10,1,1,0
2021-02-10,0,0,0
2021-02-10,2,2,0
2021-02-10,1,1,0
2021-02-10,4,1,3
2021-02-10,0,0,0
2021-02-10,3,2,1
2021-02-10,1,0,1
2021-02-10,1,1,0
2021-02-10,0,0,0
2021-02-10,2,2,0
2021-02-10,0,0,0
2021-02-10,0,0,0
2021-02-10,0,0,0
2021-02-10,0,0,0
2021-02-11,0,0,0
2021-02-11,0,0,0
2021-02-11,1,1,0
2021-02-11,0,0,0
2021-02-11,0,0,0
2021-02-11,0,0,0
2021-02-11,0,0,0
2021-02-11,1,0,1
2021-02-11,1,1,0
2021-02-11,1,1,0
2021-02-11,0,0,0
2021-02-11,2,0,2
2021-02-11,1,1,0
2021-02-11,1,0,1
2021-02-11,1,0,1
2021-02-11,0,0,0
2021-02-11,3,2,1
2021-02-11,1,0,1
2021-02-11,1,0,1
2021-02-11,1,1,0
2021-02-11,0,0,0
2021-02-11,0,0,0
2021-02-11,0,0,0
2021-02-11,0,0,0
2021-02-12,0,0,0
2021-02-12,0,0,0
2021-02-12,0,0,0
2021-02-12,0,0,0
2021-02-12,0,0,0
2021-02-12,0,0,0
2021-02-12,0,0,0
2021-02-12,0,0,0
2021-02-12,1,1,0
2021-02-12,0,0,0
2021-02-12,0,0,0
2021-02-12,0,0,0
2021-02-12,0,0,0
2021-02-12,0,0,0
2021-02-12,1,1,0
2021-02-12,0,0,0
2021-02-12,0,0,0
2021-02-12,0,0,0
2021-02-12,0,0,0
2021-02-12,0,0,0
2021-02-12,0,0,0
2021-02-12,0,0,0
2021-02-12,0,0,0
2021-02-12,0,0,0
2021-02-13,0,0,0
2021-02-13,0,0,0
2021-02-13,0,0,0
2021-02-13,0,0,0
2021-02-13,0,0,0
2021-02-13,0,0,0
2021-02-13,0,0,0
2021-02-13,1,0,1
2021-02-13,0,0,0
2021-02-13,0,0,0
2021-02-13,0,0,0
2021-02-13,1,1,0
2021-02-13,0,0,0
2021-02-13,0,0,0
2021-02-13,1,1,0
2021-02-13,0,0,0
2021-02-13,1,1,0
2021-02-13,0,0,0
2021-02-13,0,0,0
2021-02-13,0,0,0
2021-02-13,0,0,0
2021-02-13,1,1,0
2021-02-13,0,0,0
2021-02-13,0,0,0
2021-02-14,1,0,1
2021-02-14,0,0,0
2021-02-14,0,0,0
2021-02-14,0,0,0
2021-02-14,0,0,0
2021-02-14,0,0,0
2021-02-14,0,0,0
2021-02-14,0,0,0
2021-02-14,0,0,0
2021-02-14,0,0,0
2021-02-14,0,0,0
2021-02-14,0,0,0
2021-02-14,0,0,0
2021-02-14,0,0,0
2021-02-14,0,0,0
2021-02-14,0,0,0
2021-02-14,0,0,0
2021-02-14,1,1,0
2021-02-14,2,1,1
2021-02-14,0,0,0
2021-02-14,0,0,0
2021-02-14,0,0,0
2021-02-14,0,0,0
2021-02-14,1,1,0
2021-02-15,0,0,0
2021-02-15,0,0,0
2021-02-15,0,0,0
2021-02-15,0,0,0
2021-02-15,0,0,0
2021-02-15,0,0,0
2021-02-15,0,0,0
2021-02-15,0,0,0
2021-02-15,1,1,0
2021-02-15,2,1,1
2021-02-15,1,1,0
2021-02-15,0,0,0
2021-02-15,2,1,1
2021-02-15,2,1,1
2021-02-15,1,0,1
2021-02-15,1,0,1
2021-02-15,0,0,0
2021-02-15,0,0,0
2021-02-15,2,2,0
2021-02-15,0,0,0
2021-02-15,0,0,0
2021-02-15,0,0,0
2021-02-15,2,1,1
2021-02-15,0,0,0
2021-02-16,0,0,0
2021-02-16,0,0,0
2021-02-16,0,0,0
2021-02-16,0,0,0
2021-02-16,0,0,0
2021-02-16,0,0,0
2021-02-16,0,0,0
2021-02-16,1,1,0
2021-02-16,1,0,1
2021-02-16,1,0,1
2021-02-16,0,0,0
2021-02-16,2,1,1
2021-02-16,6,1,5
2021-02-16,2,0,2
2021-02-16,1,0,1
2021-02-16,2,2,0
2021-02-16,3,3,0
2021-02-16,3,2,1
2021-02-16,1,1,0
2021-02-16,1,1,0
2021-02-16,1,1,0
2021-02-16,0,0,0
2021-02-16,1,0,1
2021-02-16,0,0,0
2021-02-17,0,0,0
2021-02-17,1,0,1
2021-02-17,0,0,0
2021-02-17,0,0,0
2021-02-17,0,0,0
2021-02-17,0,0,0
2021-02-17,1,1,0
2021-02-17,0,0,0
2021-02-17,1,1,0
2021-02-17,1,1,0
2021-02-17,1,0,1
2021-02-17,2,1,1
2021-02-17,5,5,0
2021-02-17,3,0,3
2021-02-17,3,1,2
2021-02-17,3,2,1
2021-02-17,3,1,2
2021-02-17,6,3,3
2021-02-17,0,0,0
2021-02-17,2,1,1
2021-02-17,0,0,0
2021-02-17,0,0,0
2021-02-17,0,0,0
2021-02-17,0,0,0
2021-02-18,0,0,0
2021-02-18,0,0,0
2021-02-18,0,0,0
2021-02-18,0,0,0
2021-02-18,0,0,0
2021-02-18,0,0,0
2021-02-18,0,0,0
2021-02-18,0,0,0
2021-02-18,2,2,0
2021-02-18,0,0,0
2021-02-18,2,1,1
2021-02-18,1,0,1
2021-02-18,1,0,1
2021-02-18,1,0,1
2021-02-18,1,0,1
2021-02-18,1,1,0
2021-02-18,2,0,2
2021-02-18,2,1,1
2021-02-18,0,0,0
2021-02-18,1,1,0
2021-02-18,0,0,0
2021-02-18,1,1,0
2021-02-18,0,0,0
2021-02-18,0,0,0
2021-02-19,0,0,0
2021-02-19,0,0,0
2021-02-19,0,0,0
2021-02-19,0,0,0
2021-02-19,1,0,1
2021-02-19,0,0,0
2021-02-19,0,0,0
2021-02-19,1,1,0
2021-02-19,2,2,0
2021-02-19,1,0,1
2021-02-19,2,0,2
2021-02-19,2,0,2
2021-02-19,4,3,1
2021-02-19,2,2,0
2021-02-19,7,3,4
2021-02-19,3,1,2
2021-02-19,1,1,0
2021-02-19,3,2,1
2021-02-19,0,0,0
2021-02-19,1,1,0
2021-02-19,1,0,1
2021-02-19,0,0,0
2021-02-19,0,0,0
2021-02-19,0,0,0
2021-02-20,0,0,0
2021-02-20,0,0,0
2021-02-20,0,0,0
2021-02-20,0,0,0
2021-02-20,0,0,0
2021-02-20,0,0,0
2021-02-20,0,0,0
2021-02-20,0,0,0
2021-02-20,0,0,0
2021-02-20,0,0,0
2021-02-20,2,2,0
2021-02-20,1,0,1
2021-02-20,2,2,0
2021-02-20,6,6,0
2021-02-20,7,3,4
2021-02-20,9,7,2
2021-02-20,2,0,2
2021-02-20,1,1,0
2021-02-20,1,0,1
2021-02-20,0,0,0
2021-02-20,0,0,0
2021-02-20,0,0,0
2021-02-20,0,0,0
2021-02-20,0,0,0
2021-02-21,1,1,0
2021-02-21,0,0,0
2021-02-21,0,0,0
2021-02-21,0,0,0
2021-02-21,0,0,0
2021-02-21,0,0,0
2021-02-21,0,0,0
2021-02-21,0,0,0
2021-02-21,0,0,0
2021-02-21,0,0,0
2021-02-21,4,2,2
2021-02-21,2,2,0
2021-02-21,2,2,0
2021-02-21,1,1,0
2021-02-21,4,4,0
2021-02-21,4,4,0
2021-02-21,0,0,0
2021-02-21,1,1,0
2021-02-21,1,1,0
2021-02-21,0,0,0
2021-02-21,1,0,1
2021-02-21,0,0,0
2021-02-21,0,0,0
2021-02-21,0,0,0
2021-02-22,0,0,0
2021-02-22,0,0,0
2021-02-22,1,1,0
2021-02-22,0,0,0
2021-02-22,0,0,0
2021-02-22,0,0,0
2021-02-22,0,0,0
2021-02-22,0,0,0
2021-02-22,1,1,0
2021-02-22,0,0,0
2021-02-22,3,1,2
2021-02-22,0,0,0
2021-02-22,0,0,0
2021-02-22,1,0,1
2021-02-22,1,0,1
2021-02-22,2,2,0
2021-02-22,0,0,0
2021-02-22,2,0,2
2021-02-22,0,0,0
2021-02-22,0,0,0
2021-02-22,0,0,0
2021-02-22,0,0,0
2021-02-22,0,0,0
2021-02-22,0,0,0
2021-02-23,0,0,0
2021-02-23,1,1,0
2021-02-23,0,0,0
2021-02-23,0,0,0
2021-02-23,0,0,0
2021-02-23,0,0,0
2021-02-23,0,0,0
2021-02-23,0,0,0
2021-02-23,0,0,0
2021-02-23,0,0,0
2021-02-23,0,0,0
2021-02-23,2,0,2
2021-02-23,3,2,1
2021-02-23,2,2,0
2021-02-23,1,1,0
2021-02-23,0,0,0
2021-02-23,2,2,0
2021-02-23,0,0,0
2021-02-23,1,0,1
2021-02-23,0,0,0
2021-02-23,0,0,0
2021-02-23,0,0,0
2021-02-23,1,1,0
2021-02-23,0,0,0
2021-02-24,0,0,0
2021-02-24,0,0,0
2021-02-24,0,0,0
2021-02-24,1,1,0
2021-02-24,0,0,0
2021-02-24,0,0,0
2021-02-24,0,0,0
2021-02-24,1,1,0
2021-02-24,0,0,0
2021-02-24,0,0,0
2021-02-24,0,0,0
2021-02-24,1,1,0
2021-02-24,4,1,3
2021-02-24,0,0,0
2021-02-24,1,0,1
2021-02-24,1,1,0
2021-02-24,1,0,1
2021-02-24,2,2,0
2021-02-24,0,0,0
2021-02-24,0,0,0
2021-02-24,1,0,1
2021-02-24,0,0,0
2021-02-24,0,0,0
2021-02-24,0,0,0
2021-02-25,0,0,0
2021-02-25,0,0,0
2021-02-25,0,0,0
2021-02-25,0,0,0
2021-02-25,0,0,0
2021-02-25,0,0,0
2021-02-25,0,0,0
2021-02-25,1,0,1
2021-02-25,1,1,0
2021-02-25,1,1,0
2021-02-25,1,0,1
2021-02-25,1,1,0
2021-02-25,1,1,0
2021-02-25,1,1,0
2021-02-25,2,2,0
2021-02-25,2,0,2
2021-02-25,1,0,1
2021-02-25,0,0,0
2021-02-25,1,1,0
2021-02-25,2,1,1
2021-02-25,0,0,0
2021-02-25,0,0,0
2021-02-25,0,0,0
2021-02-25,1,0,1
2021-02-26,1,0,1
2021-02-26,0,0,0
2021-02-26,0,0,0
2021-02-26,0,0,0
2021-02-26,0,0,0
2021-02-26,0,0,0
2021-02-26,1,0,1
2021-02-26,0,0,0
2021-02-26,0,0,0
2021-02-26,0,0,0
2021-02-26,0,0,0
2021-02-26,1,0,1
2021-02-26,2,1,1
2021-02-26,1,1,0
2021-02-26,2,2,0
2021-02-26,3,2,1
2021-02-26,2,1,1
2021-02-26,3,2,1
2021-02-26,4,3,1
2021-02-26,1,1,0
2021-02-26,2,1,1
2021-02-26,0,0,0
2021-02-26,0,0,0
2021-02-26,0,0,0
2021-02-27,0,0,0
2021-02-27,0,0,0
2021-02-27,0,0,0
2021-02-27,0,0,0
2021-02-27,0,0,0
2021-02-27,0,0,0
2021-02-27,0,0,0
2021-02-27,0,0,0
2021-02-27,1,0,1
2021-02-27,0,0,0
2021-02-27,3,1,2
2021-02-27,2,0,2
2021-02-27,4,1,3
2021-02-27,9,7,2
2021-02-27,4,2,2
2021-02-27,6,6,0
2021-02-27,0,0,0
2021-02-27,2,2,0
2021-02-27,1,1,0
2021-02-27,0,0,0
2021-02-27,0,0,0
2021-02-27,0,0,0
2021-02-27,0,0,0
2021-02-27,0,0,0
2021-02-28,0,0,0
2021-02-28,0,0,0
2021-02-28,0,0,0
2021-02-28,0,0,0
2021-02-28,0,0,0
2021-02-28,0,0,0
2021-02-28,0,0,0
2021-02-28,0,0,0
2021-02-28,1,0,1
2021-02-28,3,2,1
2021-02-28,0,0,0
2021-02-28,8,6,2
2021-02-28,4,2,2
2021-02-28,3,1,2
2021-02-28,5,4,1
2021-02-28,5,3,2
2021-02-28,7,6,1
2021-02-28,3,1,2
2021-02-28,1,0,1
2021-02-28,1,1,0
2021-02-28,2,0,2
2021-02-28,0,0,0
2021-02-28,0,0,0
2021-02-28,0,0,0
2021-03-01,0,0,0
2021-03-01,0,0,0
2021-03-01,0,0,0
2021-03-01,0,0,0
2021-03-01,0,0,0
2021-03-01,0,0,0
2021-03-01,0,0,0
2021-03-01,1,0,1
2021-03-01,1,1,0
2021-03-01,2,1,1
2021-03-01,2,0,2
2021-03-01,5,1,4
2021-03-01,3,1,2
2021-03-01,5,1,4
2021-03-01,1,1,0
2021-03-01,2,2,0
2021-03-01,3,1,2
2021-03-01,3,2,1
2021-03-01,0,0,0
2021-03-01,0,0,0
2021-03-01,0,0,0
2021-03-01,0,0,0
2021-03-01,0,0,0
2021-03-01,0,0,0
2021-03-02,0,0,0
2021-03-02,0,0,0
2021-03-02,0,0,0
2021-03-02,0,0,0
2021-03-02,0,0,0
2021-03-02,0,0,0
2021-03-02,0,0,0
2021-03-02,0,0,0
2021-03-02,1,0,1
2021-03-02,1,1,0
2021-03-02,0,0,0
2021-03-02,0,0,0
2021-03-02,1,1,0
2021-03-02,1,1,0
2021-03-02,2,1,1
2021-03-02,3,2,1
2021-03-02,2,1,1
2021-03-02,2,1,1
2021-03-02,0,0,0
2021-03-02,1,1,0
2021-03-02,0,0,0
2021-03-02,0,0,0
2021-03-02,1,1,0
2021-03-02,0,0,0
2021-03-03,0,0,0
2021-03-03,0,0,0
2021-03-03,0,0,0
2021-03-03,0,0,0
2021-03-03,0,0,0
2021-03-03,0,0,0
2021-03-03,0,0,0
2021-03-03,1,1,0
2021-03-03,0,0,0
2021-03-03,1,1,0
2021-03-03,2,2,0
2021-03-03,12,11,1
2021-03-03,4,4,0
2021-03-03,4,2,2
2021-03-03,3,2,1
2021-03-03,8,5,3
2021-03-03,8,6,2
2021-03-03,13,8,5
2021-03-03,3,2,1
2021-03-03,1,1,0
2021-03-03,0,0,0
2021-03-03,0,0,0
2021-03-03,0,0,0
2021-03-03,0,0,0
2021-03-04,0,0,0
2021-03-04,0,0,0
2021-03-04,0,0,0
2021-03-04,0,0,0
2021-03-04,0,0,0
2021-03-04,0,0,0
2021-03-04,0,0,0
2021-03-04,1,0,1
2021-03-04,2,2,0
2021-03-04,0,0,0
2021-03-04,4,2,2
2021-03-04,1,1,0
2021-03-04,4,1,3
2021-03-04,4,4,0
2021-03-04,0,0,0
2021-03-04,0,0,0
2021-03-04,1,1,0
2021-03-04,1,1,0
2021-03-04,2,2,0
2021-03-04,1,1,0
2021-03-04,0,0,0
2021-03-04,0,0,0
2021-03-04,0,0,0
2021-03-04,1,0,1
2021-03-05,0,0,0
2021-03-05,0,0,0
2021-03-05,0,0,0
2021-03-05,0,0,0
2021-03-05,0,0,0
2021-03-05,0,0,0
2021-03-05,0,0,0
2021-03-05,2,0,2
2021-03-05,0,0,0
2021-03-05,0,0,0
2021-03-05,3,0,3
2021-03-05,2,1,1
2021-03-05,2,1,1
2021-03-05,4,3,1
2021-03-05,2,1,1
2021-03-05,5,2,3
2021-03-05,2,1,1
2021-03-05,1,1,0
2021-03-05,1,1,0
2021-03-05,0,0,0
2021-03-05,3,1,2
2021-03-05,0,0,0
2021-03-05,0,0,0
2021-03-05,0,0,0
2021-03-06,0,0,0
2021-03-06,0,0,0
2021-03-06,0,0,0
2021-03-06,0,0,0
2021-03-06,0,0,0
2021-03-06,0,0,0
2021-03-06,0,0,0
2021-03-06,0,0,0
2021-03-06,0,0,0
2021-03-06,2,2,0
2021-03-06,1,1,0
2021-03-06,5,4,1
2021-03-06,4,3,1
2021-03-06,9,7,2
2021-03-06,2,1,1
2021-03-06,8,7,1
2021-03-06,8,5,3
2021-03-06,1,1,0
2021-03-06,0,0,0
2021-03-06,1,0,1
2021-03-06,0,0,0
2021-03-06,0,0,0
2021-03-06,0,0,0
2021-03-06,1,0,1
2021-03-07,0,0,0
2021-03-07,1,0,1
2021-03-07,0,0,0
2021-03-07,0,0,0
2021-03-07,0,0,0
2021-03-07,0,0,0
2021-03-07,0,0,0
2021-03-07,0,0,0
2021-03-07,1,0,1
2021-03-07,3,3,0
2021-03-07,0,0,0
2021-03-07,4,2,2
2021-03-07,0,0,0
2021-03-07,0,0,0
2021-03-07,2,0,2
2021-03-07,0,0,0
2021-03-07,0,0,0
2021-03-07,1,0,1
2021-03-07,0,0,0
2021-03-07,1,1,0
2021-03-07,2,0,2
2021-03-07,2,0,2
2021-03-07,0,0,0
2021-03-07,3,0,3
2021-03-08,0,0,0
2021-03-08,0,0,0
2021-03-08,1,0,1
2021-03-08,0,0,0
2021-03-08,0,0,0
2021-03-08,0,0,0
2021-03-08,1,0,1
2021-03-08,4,0,4
2021-03-08,5,0,5
2021-03-08,5,0,5
2021-03-08,1,0,1
2021-03-08,4,1,3
2021-03-08,4,4,0
2021-03-08,2,0,2
2021-03-08,0,0,0
2021-03-08,2,2,0
2021-03-08,1,1,0
2021-03-08,2,2,0
2021-03-08,0,0,0
2021-03-08,0,0,0
2021-03-08,2,1,1
2021-03-08,0,0,0
2021-03-08,0,0,0
2021-03-08,0,0,0
2021-03-09,1,1,0
2021-03-09,1,0,1
2021-03-09,0,0,0
2021-03-09,0,0,0
2021-03-09,0,0,0
2021-03-09,0,0,0
2021-03-09,0,0,0
2021-03-09,1,0,1
2021-03-09,0,0,0
2021-03-09,0,0,0
2021-03-09,0,0,0
2021-03-09,0,0,0
2021-03-09,2,1,1
2021-03-09,3,1,2
2021-03-09,1,1,0
2021-03-09,1,1,0
2021-03-09,3,1,2
2021-03-09,1,0,1
2021-03-09,0,0,0
2021-03-09,1,1,0
2021-03-09,0,0,0
2021-03-09,0,0,0
2021-03-09,0,0,0
2021-03-09,0,0,0
2021-03-10,0,0,0
2021-03-10,0,0,0
2021-03-10,0,0,0
2021-03-10,0,0,0
2021-03-10,0,0,0
2021-03-10,0,0,0
2021-03-10,1,0,1
2021-03-10,1,1,0
2021-03-10,6,3,3
2021-03-10,1,0,1
2021-03-10,1,1,0
2021-03-10,6,1,5
2021-03-10,4,1,3
2021-03-10,5,1,4
2021-03-10,0,0,0
2021-03-10,1,0,1
2021-03-10,1,0,1
2021-03-10,3,0,3
2021-03-10,4,0,4
2021-03-10,1,1,0
2021-03-10,2,0,2
2021-03-10,0,0,0
2021-03-10,0,0,0
2021-03-10,0,0,0
2021-03-11,0,0,0
2021-03-11,0,0,0
2021-03-11,0,0,0
2021-03-11,0,0,0
2021-03-11,0,0,0
2021-03-11,0,0,0
2021-03-11,1,0,1
2021-03-11,1,0,1
2021-03-11,1,1,0
2021-03-11,0,0,0
2021-03-11,0,0,0
2021-03-11,1,0,1
2021-03-11,4,1,3
2021-03-11,2,0,2
2021-03-11,3,1,2
2021-03-11,4,1,3
2021-03-11,4,1,3
2021-03-11,7,2,5
2021-03-11,9,3,6
2021-03-11,1,0,1
2021-03-11,7,0,7
2021-03-11,3,1,2
2021-03-11,3,1,2
2021-03-11,0,0,0
2021-03-12,0,0,0
2021-03-12,0,0,0
2021-03-12,2,0,2
2021-03-12,0,0,0
2021-03-12,0,0,0
2021-03-12,0,0,0
2021-03-12,0,0,0
2021-03-12,0,0,0
2021-03-12,5,0,5
2021-03-12,2,0,2
2021-03-12,4,0,4
2021-03-12,4,1,3
2021-03-12,5,0,5
2021-03-12,9,0,9
2021-03-12,1,1,0
2021-03-12,2,1,1
2021-03-12,2,1,1
2021-03-12,3,3,0
2021-03-12,3,2,1
2021-03-12,5,0,5
2021-03-12,5,0,5
2021-03-12,3,1,2
2021-03-12,1,0,1
2021-03-12,2,0,2
2021-03-13,3,0,3
2021-03-13,0,0,0
2021-03-13,0,0,0
2021-03-13,0,0,0
2021-03-13,1,0,1
2021-03-13,0,0,0
2021-03-13,1,0,1
2021-03-13,3,0,3
2021-03-13,7,0,7
2021-03-13,10,1,9
2021-03-13,6,1,5
2021-03-13,6,1,5
2021-03-13,9,0,9
2021-03-13,14,1,13
2021-03-13,7,2,5
2021-03-13,10,0,10
2021-03-13,11,2,9
2021-03-13,6,2,4
2021-03-13,13,1,12
2021-03-13,5,0,5
2021-03-13,7,0,7
2021-03-13,3,0,3
2021-03-13,5,0,5
2021-03-13,9,0,9
2021-03-14,4,0,4
2021-03-14,3,0,3
2021-03-14,,,
2021-03-14,0,0,0
2021-03-14,2,0,2
2021-03-14,1,0,1
2021-03-14,0,0,0
2021-03-14,1,0,1
2021-03-14,0,0,0
2021-03-14,5,0,5
2021-03-14,4,1,3
2021-03-14,4,0,4
2021-03-14,7,0,7
2021-03-14,8,0,8
2021-03-14,10,0,10
2021-03-14,5,0,5
2021-03-14,5,0,5
2021-03-14,3,0,3
2021-03-14,5,0,5
2021-03-14,10,1,9
2021-03-14,2,0,2
2021-03-14,2,0,2
2021-03-14,0,0,0
2021-03-14,1,0,1
2021-03-15,1,0,1
2021-03-15,1,0,1
2021-03-15,0,0,0
2021-03-15,0,0,0
2021-03-15,0,0,0
2021-03-15,0,0,0
2021-03-15,1,0,1
2021-03-15,5,0,5
2021-03-15,5,0,5
2021-03-15,4,1,3
2021-03-15,2,0,2
2021-03-15,1,0,1
2021-03-15,3,0,3
2021-03-15,3,0,3
2021-03-15,5,4,1
2021-03-15,2,0,2
2021-03-15,10,0,10
2021-03-15,9,0,9
2021-03-15,16,1,15
2021-03-15,8,0,8
2021-03-15,3,1,2
2021-03-15,3,0,3
2021-03-15,1,0,1
2021-03-15,3,0,3
2021-03-16,1,0,1
2021-03-16,0,0,0
2021-03-16,0,0,0
2021-03-16,0,0,0
2021-03-16,0,0,0
2021-03-16,0,0,0
2021-03-16,2,0,2
2021-03-16,3,1,2
2021-03-16,4,0,4
2021-03-16,7,0,7
2021-03-16,4,0,4
2021-03-16,2,0,2
2021-03-16,4,0,4
2021-03-16,0,0,0
2021-03-16,3,0,3
2021-03-16,0,0,0
2021-03-16,6,6,0
2021-03-16,0,0,0
2021-03-16,7,1,6
2021-03-16,11,1,10
2021-03-16,4,0,4
2021-03-16,4,0,4
2021-03-16,1,0,1
2021-03-16,0,0,0
2021-03-17,0,0,0
2021-03-17,1,0,1
2021-03-17,0,0,0
2021-03-17,0,0,0
2021-03-17,0,0,0
2021-03-17,0,0,0
2021-03-17,1,0,1
2021-03-17,2,0,2
2021-03-17,3,0,3
2021-03-17,2,1,1
2021-03-17,5,1,4
2021-03-17,11,0,11
2021-03-17,6,2,4
2021-03-17,9,1,8
2021-03-17,6,0,6
2021-03-17,7,0,7
2021-03-17,0,0,0
2021-03-17,1,0,1
2021-03-17,1,1,0
2021-03-17,2,2,0
2021-03-17,5,2,3
2021-03-17,4,0,4
2021-03-17,2,0,2
2021-03-17,1,0,1
2021-03-18,1,0,1
2021-03-18,0,0,0
2021-03-18,0,0,0
2021-03-18,0,0,0
2021-03-18,0,0,0
2021-03-18,1,0,1
2021-03-18,2,0,2
2021-03-18,4,0,4
2021-03-18,5,0,5
2021-03-18,6,0,6
2021-03-18,3,0,3
2021-03-18,2,0,2
2021-03-18,1,0,1
2021-03-18,4,0,4
2021-03-18,2,0,2
2021-03-18,6,4,2
2021-03-18,1,0,1
2021-03-18,4,1,3
2021-03-18,6,0,6
2021-03-18,12,0,12
2021-03-18,10,0,10
2021-03-18,2,0,2
2021-03-18,2,0,2
2021-03-18,1,0,1
2021-03-19,2,0,2
2021-03-19,0,0,0
2021-03-19,0,0,0
2021-03-19,0,0,0
2021-03-19,0,0,0
2021-03-19,0,0,0
2021-03-19,2,0,2
2021-03-19,3,0,3
2021-03-19,4,1,3
2021-03-19,8,0,8
2021-03-19,0,0,0
2021-03-19,3,0,3
2021-03-19,4,1,3
2021-03-19,2,1,1
2021-03-19,6,0,6
2021-03-19,6,1,5
2021-03-19,2,0,2
2021-03-19,3,0,3
2021-03-19,5,1,4
2021-03-19,7,0,7
2021-03-19,4,0,4
2021-03-19,4,0,4
2021-03-19,1,0,1
2021-03-19,1,0,1
2021-03-20,3,1,2
2021-03-20,1,0,1
2021-03-20,0,0,0
2021-03-20,1,0,1
2021-03-20,1,0,1
2021-03-20,2,0,2
2021-03-20,2,0,2
2021-03-20,4,0,4
2021-03-20,2,0,2
2021-03-20,4,0,4
2021-03-20,6,1,5
2021-03-20,6,1,5
2021-03-20,6,0,6
2021-03-20,12,1,11
2021-03-20,12,1,11
2021-03-20,13,2,11
2021-03-20,9,1,8
2021-03-20,10,1,9
2021-03-20,15,2,13
2021-03-20,6,0,6
2021-03-20,5,1,4
2021-03-20,2,0,2
2021-03-20,2,1,1
2021-03-20,4,1,3
2021-03-21,4,0,4
2021-03-21,0,0,0
2021-03-21,2,0,2
2021-03-21,1,0,1
2021-03-21,0,0,0
2021-03-21,0,0,0
2021-03-21,0,0,0
2021-03-21,2,0,2
2021-03-21,3,0,3
2021-03-21,9,1,8
2021-03-21,7,0,7
2021-03-21,8,0,8
2021-03-21,8,0,8
2021-03-21,7,0,7
2021-03-21,7,1,6
2021-03-21,8,0,8
2021-03-21,10,2,8
2021-03-21,8,0,8
2021-03-21,9,0,9
2021-03-21,10,1,9
2021-03-21,3,0,3
2021-03-21,2,0,2
2021-03-21,3,0,3
2021-03-21,1,0,1
2021-03-22,1,0,1
2021-03-22,1,0,1
2021-03-22,0,0,0
2021-03-22,0,0,0
2021-03-22,1,0,1
2021-03-22,0,0,0
2021-03-22,2,0,2
2021-03-22,0,0,0
2021-03-22,8,1,7
2021-03-22,4,0,4
2021-03-22,7,0,7
2021-03-22,6,0,6
2021-03-22,3,0,3
2021-03-22,3,0,3
2021-03-22,2,0,2
2021-03-22,2,0,2
2021-03-22,3,0,3
2021-03-22,4,1,3
2021-03-22,4,1,3
2021-03-22,8,0,8
2021-03-22,11,0,11
2021-03-22,5,0,5
2021-03-22,4,0,4
2021-03-22,1,0,1
2021-03-23,1,0,1
2021-03-23,0,0,0
2021-03-23,0,0,0
2021-03-23,0,0,0
2021-03-23,1,0,1
2021-03-23,3,0,3
2021-03-23,4,0,4
2021-03-23,3,0,3
2021-03-23,5,1,4
2021-03-23,6,0,6
2021-03-23,7,0,7
2021-03-23,0,0,0
2021-03-23,11,0,11
2021-03-23,5,1,4
2021-03-23,8,0,8
2021-03-23,6,4,2
2021-03-23,8,0,8
2021-03-23,5,0,5
2021-03-23,7,2,5
2021-03-23,10,0,10
2021-03-23,4,0,4
2021-03-23,1,0,1
2021-03-23,2,0,2
2021-03-23,5,0,5
2021-03-24,3,2,1
2021-03-24,1,0,1
2021-03-24,1,0,1
2021-03-24,1,0,1
2021-03-24,1,0,1
2021-03-24,2,0,2
2021-03-24,6,1,5
2021-03-24,0,0,0
2021-03-24,7,0,7
2021-03-24,5,1,4
2021-03-24,5,0,5
2021-03-24,5,0,5
2021-03-24,7,0,7
2021-03-24,14,1,13
2021-03-24,9,3,6
2021-03-24,1,1,0
2021-03-24,3,1,2
2021-03-24,2,1,1
2021-03-24,5,2,3
2021-03-24,2,2,0
2021-03-24,1,1,0
2021-03-24,1,0,1
2021-03-24,0,0,0
2021-03-24,0,0,0
2021-03-25,0,0,0
2021-03-25,0,0,0
2021-03-25,0,0,0
2021-03-25,0,0,0
2021-03-25,0,0,0
2021-03-25,1,0,1
2021-03-25,2,1,1
2021-03-25,3,1,2
2021-03-25,1,1,0
2021-03-25,0,0,0
2021-03-25,0,0,0
2021-03-25,3,1,2
2021-03-25,8,5,3
2021-03-25,5,3,2
2021-03-25,5,4,1
2021-03-25,10,6,4
2021-03-25,8,3,5
2021-03-25,13,7,6
2021-03-25,13,8,5
2021-03-25,4,2,2
2021-03-25,3,3,0
2021-03-25,1,1,0
2021-03-25,0,0,0
2021-03-25,0,0,0
2021-03-26,1,1,0
2021-03-26,0,0,0
2021-03-26,1,0,1
2021-03-26,0,0,0
2021-03-26,1,0,1
2021-03-26,0,0,0
2021-03-26,2,0,2
2021-03-26,6,0,6
2021-03-26,2,2,0
2021-03-26,3,1,2
2021-03-26,1,1,0
2021-03-26,3,1,2
2021-03-26,8,7,1
2021-03-26,5,2,3
2021-03-26,7,3,4
2021-03-26,5,2,3
2021-03-26,11,5,6
2021-03-26,13,7,6
2021-03-26,9,3,6
2021-03-26,2,2,0
2021-03-26,2,1,1
2021-03-26,2,2,0
2021-03-26,1,0,1
2021-03-26,0,0,0
2021-03-27,0,0,0
2021-03-27,0,0,0
2021-03-27,0,0,0
2021-03-27,0,0,0
2021-03-27,0,0,0
2021-03-27,0,0,0
2021-03-27,0,0,0
2021-03-27,3,1,2
2021-03-27,2,1,1
2021-03-27,3,1,2
2021-03-27,2,1,1
2021-03-27,9,5,4
2021-03-27,17,10,7
2021-03-27,13,7,6
2021-03-27,18,4,14
2021-03-27,12,7,5
2021-03-27,18,8,10
2021-03-27,8,6,2
2021-03-27,3,2,1
2021-03-27,2,2,0
2021-03-27,3,2,1
2021-03-27,2,0,2
2021-03-27,2,2,0
2021-03-27,2,1,1
2021-03-28,0,0,0
2021-03-28,0,0,0
2021-03-28,0,0,0
2021-03-28,0,0,0
2021-03-28,0,0,0
2021-03-28,0,0,0
2021-03-28,0,0,0
2021-03-28,2,1,1
2021-03-28,0,0,0
2021-03-28,1,0,1
2021-03-28,1,0,1
2021-03-28,2,1,1
2021-03-28,5,2,3
2021-03-28,0,0,0
2021-03-28,1,1,0
2021-03-28,1,1,0
2021-03-28,4,2,2
2021-03-28,2,0,2
2021-03-28,3,1,2
2021-03-28,3,2,1
2021-03-28,0,0,0
2021-03-28,0,0,0
2021-03-28,0,0,0
2021-03-28,0,0,0
2021-03-29,0,0,0
2021-03-29,0,0,0
2021-03-29,0,0,0
2021-03-29,0,0,0
2021-03-29,1,0,1
2021-03-29,2,1,1
2021-03-29,0,0,0
2021-03-29,4,1,3
2021-03-29,9,5,4
2021-03-29,2,2,0
2021-03-29,5,3,2
2021-03-29,9,2,7
2021-03-29,8,4,4
2021-03-29,7,4,3
2021-03-29,6,5,1
2021-03-29,11,6,5
2021-03-29,6,4,2
2021-03-29,19,12,7
2021-03-29,14,6,8
2021-03-29,2,1,1
2021-03-29,1,0,1
2021-03-29,0,0,0
2021-03-29,0,0,0
2021-03-29,0,0,0
2021-03-30,0,0,0
2021-03-30,0,0,0
2021-03-30,1,1,0
2021-03-30,0,0,0
2021-03-30,0,0,0
2021-03-30,0,0,0
2021-03-30,0,0,0
2021-03-30,4,2,2
2021-03-30,4,1,3
2021-03-30,4,3,1
2021-03-30,3,2,1
2021-03-30,1,0,1
2021-03-30,5,1,4
2021-03-30,7,1,6
2021-03-30,12,7,5
2021-03-30,8,5,3
2021-03-30,9,4,5
2021-03-30,14,2,12
2021-03-30,14,7,7
2021-03-30,9,5,4
2021-03-30,3,2,1
2021-03-30,2,2,0
2021-03-30,0,0,0
2021-03-30,1,0,1
2021-03-31,1,0,1
2021-03-31,0,0,0
2021-03-31,0,0,0
2021-03-31,0,0,0
2021-03-31,0,0,0
2021-03-31,1,0,1
2021-03-31,1,1,0
2021-03-31,3,2,1
2021-03-31,7,4,3
2021-03-31,4,3,1
2021-03-31,3,3,0
2021-03-31,5,3,2
2021-03-31,7,4,3
2021-03-31,5,1,4
2021-03-31,8,3,5
2021-03-31,7,2,5
2021-03-31,6,5,1
2021-03-31,15,9,6
2021-03-31,18,10,8
2021-03-31,7,4,3
2021-03-31,0,0,0
2021-03-31,2,2,0
2021-03-31,1,0,1
2021-03-31,0,0,0
2021-04-01,1,1,0
2021-04-01,0,0,0
2021-04-01,0,0,0
2021-04-01,0,0,0
2021-04-01,2,2,0
2021-04-01,1,0,1
2021-04-01,4,2,2
2021-04-01,7,4,3
2021-04-01,3,3,0
2021-04-01,1,0,1
2021-04-01,1,1,0
2021-04-01,3,2,1
2021-04-01,4,3,1
2021-04-01,3,1,2
2021-04-01,4,2,2
2021-04-01,4,2,2
2021-04-01,10,5,5
2021-04-01,5,2,3
2021-04-01,6,4,2
2021-04-01,4,3,1
2021-04-01,3,1,2
2021-04-01,0,0,0
2021-04-01,0,0,0
2021-04-01,0,0,0
2021-04-02,0,0,0
2021-04-02,0,0,0
2021-04-02,0,0,0
2021-04-02,0,0,0
2021-04-02,0,0,0
2021-04-02,1,0,1
2021-04-02,1,0,1
2021-04-02,4,1,3
2021-04-02,6,5,1
2021-04-02,3,1,2
2021-04-02,4,3,1
2021-04-02,6,3,3
2021-04-02,8,3,5
2021-04-02,7,1,6
2021-04-02,7,3,4
2021-04-02,8,6,2
2021-04-02,11,6,5
2021-04-02,18,6,12
2021-04-02,11,7,4
2021-04-02,6,5,1
2021-04-02,1,1,0
2021-04-02,2,2,0
2021-04-02,3,3,0
2021-04-02,0,0,0
2021-04-03,0,0,0
2021-04-03,1,0,1
2021-04-03,0,0,0
2021-04-03,1,0,1
2021-04-03,0,0,0
2021-04-03,0,0,0
2021-04-03,0,0,0
2021-04-03,1,1,0
2021-04-03,1,1,0
2021-04-03,10,6,4
2021-04-03,11,4,7
2021-04-03,7,3,4
2021-04-03,14,7,7
2021-04-03,18,7,11
2021-04-03,16,10,6
2021-04-03,9,5,4
2021-04-03,18,12,6
2021-04-03,12,5,7
2021-04-03,9,7,2
2021-04-03,5,3,2
2021-04-03,3,3,0
2021-04-03,0,0,0
2021-04-03,1,0,1
2021-04-03,0,0,0
2021-04-04,0,0,0
2021-04-04,0,0,0
2021-04-04,0,0,0
2021-04-04,0,0,0
2021-04-04,0,0,0
2021-04-04,0,0,0
2021-04-04,0,0,0
2021-04-04,3,0,3
2021-04-04,1,1,0
2021-04-04,4,3,1
2021-04-04,13,10,3
2021-04-04,6,2,4
2021-04-04,4,2,2
2021-04-04,7,3,4
2021-04-04,9,6,3
2021-04-04,3,3,0
2021-04-04,5,2,3
2021-04-04,1,0,1
2021-04-04,6,2,4
2021-04-04,3,0,3
2021-04-04,3,3,0
2021-04-04,0,0,0
2021-04-04,1,0,1
2021-04-04,0,0,0
2021-04-05,0,0,0
2021-04-05,0,0,0
2021-04-05,1,1,0
2021-04-05,0,0,0
2021-04-05,0,0,0
2021-04-05,2,1,1
2021-04-05,0,0,0
2021-04-05,2,0,2
2021-04-05,2,2,0
2021-04-05,2,2,0
2021-04-05,3,1,2
2021-04-05,1,0,1
2021-04-05,8,4,4
2021-04-05,5,2,3
2021-04-05,11,6,5
2021-04-05,13,7,6
2021-04-05,15,4,11
2021-04-05,20,9,11
2021-04-05,14,10,4
2021-04-05,17,9,8
2021-04-05,3,3,0
2021-04-05,0,0,0
2021-04-05,1,0,1
2021-04-05,0,0,0
2021-04-06,0,0,0
2021-04-06,0,0,0
2021-04-06,0,0,0
2021-04-06,0,0,0
2021-04-06,0,0,0
2021-04-06,0,0,0
2021-04-06,0,0,0
2021-04-06,5,3,2
2021-04-06,5,4,1
2021-04-06,3,1,2
2021-04-06,7,5,2
2021-04-06,2,1,1
2021-04-06,7,4,3
2021-04-06,5,4,1
2021-04-06,4,2,2
2021-04-06,3,1,2
2021-04-06,9,2,7
2021-04-06,18,9,9
2021-04-06,13,10,3
2021-04-06,7,6,1
2021-04-06,4,4,0
2021-04-06,1,1,0
2021-04-06,1,0,1
2021-04-06,0,0,0
2021-04-07,0,0,0
2021-04-07,0,0,0
2021-04-07,0,0,0
2021-04-07,0,0,0
2021-04-07,0,0,0
2021-04-07,0,0,0
2021-04-07,1,1,0
2021-04-07,3,0,3
2021-04-07,2,1,1
2021-04-07,4,3,1
2021-04-07,4,1,3
2021-04-07,5,2,3
2021-04-07,3,2,1
2021-04-07,1,1,0
2021-04-07,0,0,0
2021-04-07,3,0,3
2021-04-07,6,3,3
2021-04-07,2,0,2
2021-04-07,3,1,2
2021-04-07,3,2,1
2021-04-07,0,0,0
2021-04-07,0,0,0
2021-04-07,0,0,0
2021-04-07,0,0,0
2021-04-08,0,0,0
2021-04-08,0,0,0
2021-04-08,0,0,0
2021-04-08,0,0,0
2021-04-08,0,0,0
2021-04-08,1,0,1
2021-04-08,3,1,2
2021-04-08,2,1,1
2021-04-08,3,2,1
2021-04-08,4,2,2
2021-04-08,8,7,1
2021-04-08,1,1,0
2021-04-08,2,0,2
2021-04-08,3,1,2
2021-04-08,10,5,5
2021-04-08,10,2,8
2021-04-08,12,6,6
2021-04-08,11,4,7
2021-04-08,11,9,2
2021-04-08,12,9,3
2021-04-08,2,0,2
2021-04-08,1,1,0
2021-04-08,0,0,0
2021-04-08,0,0,0
2021-04-09,0,0,0
2021-04-09,0,0,0
2021-04-09,0,0,0
2021-04-09,0,0,0
2021-04-09,0,0,0
2021-04-09,1,0,1
2021-04-09,0,0,0
2021-04-09,5,2,3
2021-04-09,8,6,2
2021-04-09,2,2,0
2021-04-09,5,1,4
2021-04-09,3,1,2
2021-04-09,5,2,3
2021-04-09,4,0,4
2021-04-09,3,2,1
2021-04-09,3,2,1
2021-04-09,4,1,3
2021-04-09,4,2,2
2021-04-09,9,6,3
2021-04-09,3,2,1
2021-04-09,1,0,1
2021-04-09,1,1,0
2021-04-09,1,1,0
2021-04-09,0,0,0
2021-04-10,0,0,0
2021-04-10,1,0,1
2021-04-10,0,0,0
2021-04-10,0,0,0
2021-04-10,0,0,0
2021-04-10,0,0,0
2021-04-10,0,0,0
2021-04-10,3,3,0
2021-04-10,3,3,0
2021-04-10,8,4,4
2021-04-10,9,3,6
2021-04-10,13,6,7
2021-04-10,16,9,7
2021-04-10,17,4,13
2021-04-10,14,7,7
2021-04-10,12,7,5
2021-04-10,16,9,7
2021-04-10,3,1,2
2021-04-10,3,1,2
2021-04-10,4,2,2
2021-04-10,0,0,0
2021-04-10,0,0,0
2021-04-10,1,0,1
2021-04-10,0,0,0
2021-04-11,1,1,0
2021-04-11,0,0,0
2021-04-11,0,0,0
2021-04-11,0,0,0
2021-04-11,0,0,0
2021-04-11,0,0,0
2021-04-11,0,0,0
2021-04-11,2,0,2
2021-04-11,2,1,1
2021-04-11,9,4,5
2021-04-11,6,1,5
2021-04-11,18,9,9
2021-04-11,10,3,7
2021-04-11,12,5,7
2021-04-11,13,8,5
2021-04-11,19,10,9
2021-04-11,13,10,3
2021-04-11,13,3,10
2021-04-11,7,5,2
2021-04-11,10,8,2
2021-04-11,2,2,0
2021-04-11,0,0,0
2021-04-11,0,0,0
2021-04-11,0,0,0
2021-04-12,0,0,0
2021-04-12,1,1,0
2021-04-12,0,0,0
2021-04-12,0,0,0
2021-04-12,0,0,0
2021-04-12,1,1,0
2021-04-12,0,0,0
2021-04-12,1,0,1
2021-04-12,2,2,0
2021-04-12,3,1,2
2021-04-12,3,0,3
2021-04-12,2,0,2
2021-04-12,5,2,3
2021-04-12,5,5,0
2021-04-12,6,3,3
2021-04-12,5,3,2
2021-04-12,7,4,3
2021-04-12,6,3,3
2021-04-12,9,4,5
2021-04-12,12,9,3
2021-04-12,3,3,0
2021-04-12,1,1,0
2021-04-12,1,0,1
2021-04-12,0,0,0
2021-04-13,0,0,0
2021-04-13,0,0,0
2021-04-13,0,0,0
2021-04-13,0,0,0
2021-04-13,0,0,0
2021-04-13,0,0,0
2021-04-13,0,0,0
2021-04-13,2,0,2
2021-04-13,6,2,4
2021-04-13,7,6,1
2021-04-13,7,4,3
2021-04-13,4,2,2
2021-04-13,10,7,3
2021-04-13,7,4,3
2021-04-13,9,5,4
2021-04-13,9,5,4
2021-04-13,18,8,10
2021-04-13,22,11,11
2021-04-13,26,10,16
2021-04-13,11,4,7
2021-04-13,4,1,3
2021-04-13,2,2,0
2021-04-13,3,1,2
2021-04-13,1,1,0
2021-04-14,0,0,0
2021-04-14,0,0,0
2021-04-14,0,0,0
2021-04-14,0,0,0
2021-04-14,0,0,0
2021-04-14,0,0,0
2021-04-14,0,0,0
2021-04-14,5,2,3
2021-04-14,7,4,3
2021-04-14,4,4,0
2021-04-14,2,0,2
2021-04-14,3,1,2
2021-04-14,8,5,3
2021-04-14,6,1,5
2021-04-14,8,3,5
2021-04-14,3,2,1
2021-04-14,8,4,4
2021-04-14,15,5,10
2021-04-14,14,9,5
2021-04-14,9,2,7
2021-04-14,7,5,2
2021-04-14,1,0,1
2021-04-14,1,1,0
2021-04-14,2,1,1
2021-04-15,0,0,0
2021-04-15,0,0,0
2021-04-15,0,0,0
2021-04-15,1,0,1
2021-04-15,0,0,0
2021-04-15,1,0,1
2021-04-15,2,1,1
2021-04-15,2,0,2
2021-04-15,4,2,2
2021-04-15,5,3,2
2021-04-15,3,1,2
2021-04-15,5,5,0
2021-04-15,6,4,2
2021-04-15,7,1,6
2021-04-15,12,7,5
2021-04-15,18,10,8
2021-04-15,13,7,6
2021-04-15,14,9,5
2021-04-15,19,4,15
2021-04-15,9,5,4
2021-04-15,9,9,0
2021-04-15,2,1,1
2021-04-15,4,3,1
2021-04-15,2,1,1
2021-04-16,0,0,0
2021-04-16,0,0,0
2021-04-16,0,0,0
2021-04-16,0,0,0
2021-04-16,0,0,0
2021-04-16,0,0,0
2021-04-16,2,0,2
2021-04-16,6,2,4
2021-04-16,3,1,2
2021-04-16,4,3,1
2021-04-16,5,2,3
2021-04-16,9,4,5
2021-04-16,15,7,8
2021-04-16,5,4,1
2021-04-16,10,5,5
2021-04-16,17,13,4
2021-04-16,21,7,14
2021-04-16,20,11,9
2021-04-16,10,3,7
2021-04-16,14,9,5
2021-04-16,8,8,0
2021-04-16,3,1,2
2021-04-16,0,0,0
2021-04-16,0,0,0
2021-04-17,2,2,0
2021-04-17,0,0,0
2021-04-17,0,0,0
2021-04-17,0,0,0
2021-04-17,0,0,0
2021-04-17,0,0,0
2021-04-17,0,0,0
2021-04-17,2,1,1
2021-04-17,4,3,1
2021-04-17,5,3,2
2021-04-17,13,8,5
2021-04-17,8,4,4
2021-04-17,11,3,8
2021-04-17,18,10,8
2021-04-17,16,9,7
2021-04-17,9,2,7
2021-04-17,21,10,11
2021-04-17,13,5,8
2021-04-17,13,8,5
2021-04-17,7,6,1
2021-04-17,4,2,2
2021-04-17,3,2,1
2021-04-17,1,1,0
2021-04-17,2,0,2
2021-04-18,2,0,2
2021-04-18,0,0,0
2021-04-18,0,0,0
2021-04-18,0,0,0
2021-04-18,1,1,0
2021-04-18,0,0,0
2021-04-18,4,1,3
2021-04-18,1,1,0
2021-04-18,5,3,2
2021-04-18,4,1,3
2021-04-18,16,9,7
2021-04-18,18,7,11
2021-04-18,23,8,15
2021-04-18,29,13,16
2021-04-18,23,16,7
2021-04-18,20,13,7
2021-04-18,23,7,16
2021-04-18,20,13,7
2021-04-18,16,9,7
2021-04-18,6,6,0
2021-04-18,3,0,3
2021-04-18,2,2,0
2021-04-18,3,3,0
2021-04-18,0,0,0
2021-04-19,0,0,0
2021-04-19,0,0,0
2021-04-19,2,0,2
2021-04-19,0,0,0
2021-04-19,0,0,0
2021-04-19,1,1,0
2021-04-19,2,0,2
2021-04-19,4,2,2
2021-04-19,8,4,4
2021-04-19,2,0,2
2021-04-19,3,1,2
2021-04-19,6,3,3
2021-04-19,4,3,1
2021-04-19,4,3,1
2021-04-19,4,3,1
2021-04-19,7,4,3
2021-04-19,3,1,2
2021-04-19,8,5,3
2021-04-19,9,7,2
2021-04-19,9,4,5
2021-04-19,2,2,0
2021-04-19,2,0,2
2021-04-19,1,0,1
2021-04-19,0,0,0
2021-04-20,0,0,0
2021-04-20,0,0,0
2021-04-20,0,0,0
2021-04-20,0,0,0
2021-04-20,0,0,0
2021-04-20,1,0,1
2021-04-20,0,0,0
2021-04-20,2,1,1
2021-04-20,12,8,4
2021-04-20,6,0,6
2021-04-20,10,4,6
2021-04-20,3,2,1
2021-04-20,17,7,10
2021-04-20,6,4,2
2021-04-20,9,2,7
2021-04-20,13,7,6
2021-04-20,12,6,6
2021-04-20,15,3,12
2021-04-20,14,8,6
2021-04-20,9,7,2
2021-04-20,10,8,2
2021-04-20,2,2,0
2021-04-20,1,1,0
2021-04-20,0,0,0
2021-04-21,0,0,0
2021-04-21,2,0,2
2021-04-21,1,1,0
2021-04-21,0,0,0
2021-04-21,0,0,0
2021-04-21,0,0,0
2021-04-21,1,0,1
2021-04-21,4,3,1
2021-04-21,6,4,2
2021-04-21,4,2,2
2021-04-21,5,1,4
2021-04-21,5,3,2
2021-04-21,6,2,4
2021-04-21,3,1,2
2021-04-21,2,1,1
2021-04-21,14,5,9
2021-04-21,16,5,11
2021-04-21,16,8,8
2021-04-21,9,6,3
2021-04-21,6,2,4
2021-04-21,5,3,2
2021-04-21,5,4,1
2021-04-21,1,1,0
2021-04-21,1,1,0
2021-04-22,0,0,0
2021-04-22,0,0,0
2021-04-22,0,0,0
2021-04-22,0,0,0
2021-04-22,0,0,0
2021-04-22,1,0,1
2021-04-22,2,0,2
2021-04-22,5,2,3
2021-04-22,5,4,1
2021-04-22,3,1,2
2021-04-22,4,2,2
2021-04-22,6,4,2
2021-04-22,9,2,7
2021-04-22,9,5,4
2021-04-22,3,1,2
2021-04-22,9,2,7
2021-04-22,17,7,10
2021-04-22,11,4,7
2021-04-22,11,5,6
2021-04-22,10,6,4
2021-04-22,3,2,1
2021-04-22,0,0,0
2021-04-22,2,2,0
2021-04-22,0,0,0
2021-04-23,0,0,0
2021-04-23,0,0,0
2021-04-23,0,0,0
2021-04-23,0,0,0
2021-04-23,0,0,0
2021-04-23,0,0,0
2021-04-23,2,1,1
2021-04-23,6,3,3
2021-04-23,7,2,5
2021-04-23,4,2,2
2021-04-23,4,3,1
2021-04-23,8,3,5
2021-04-23,7,2,5
2021-04-23,8,4,4
2021-04-23,5,3,2
2021-04-23,15,7,8
2021-04-23,8,1,7
2021-04-23,10,6,4
2021-04-23,10,4,6
2021-04-23,7,4,3
2021-04-23,2,1,1
2021-04-23,0,0,0
2021-04-23,2,1,1
2021-04-23,4,1,3
2021-04-24,0,0,0
2021-04-24,0,0,0
2021-04-24,0,0,0
2021-04-24,0,0,0
2021-04-24,0,0,0
2021-04-24,0,0,0
2021-04-24,0,0,0
2021-04-24,2,1,1
2021-04-24,1,1,0
2021-04-24,3,2,1
2021-04-24,3,2,1
2021-04-24,3,2,1
2021-04-24,2,0,2
2021-04-24,2,1,1
2021-04-24,3,3,0
2021-04-24,1,0,1
2021-04-24,3,2,1
2021-04-24,0,0,0
2021-04-24,6,2,4
2021-04-24,2,1,1
2021-04-24,1,0,1
2021-04-24,0,0,0
2021-04-24,0,0,0
2021-04-24,0,0,0
2021-04-25,0,0,0
2021-04-25,0,0,0
2021-04-25,0,0,0
2021-04-25,0,0,0
2021-04-25,0,0,0
2021-04-25,0,0,0
2021-04-25,1,0,1
2021-04-25,1,1,0
2021-04-25,1,1,0
2021-04-25,2,0,2
2021-04-25,2,0,2
2021-04-25,7,5,2
2021-04-25,7,3,4
2021-04-25,22,9,13
2021-04-25,7,5,2
2021-04-25,12,6,6
2021-04-25,12,9,3
2021-04-25,7,3,4
2021-04-25,10,2,8
2021-04-25,10,8,2
2021-04-25,3,3,0
2021-04-25,0,0,0
2021-04-25,0,0,0
2021-04-25,0,0,0
2021-04-26,0,0,0
2021-04-26,0,0,0
2021-04-26,0,0,0
2021-04-26,0,0,0
2021-04-26,0,0,0
2021-04-26,1,1,0
2021-04-26,2,1,1
2021-04-26,3,1,2
2021-04-26,2,1,1
2021-04-26,0,0,0
2021-04-26,7,3,4
2021-04-26,5,2,3
2021-04-26,6,4,2
2021-04-26,10,8,2
2021-04-26,6,3,3
2021-04-26,10,4,6
2021-04-26,11,7,4
2021-04-26,13,8,5
2021-04-26,12,4,8
2021-04-26,4,2,2
2021-04-26,5,3,2
2021-04-26,2,2,0
2021-04-26,0,0,0
2021-04-26,0,0,0
2021-04-27,0,0,0
2021-04-27,1,0,1
2021-04-27,0,0,0
2021-04-27,0,0,0
2021-04-27,1,0,1
2021-04-27,0,0,0
2021-04-27,0,0,0
2021-04-27,2,2,0
2021-04-27,7,3,4
2021-04-27,1,1,0
2021-04-27,3,3,0
2021-04-27,5,2,3
2021-04-27,10,7,3
2021-04-27,11,3,8
2021-04-27,7,6,1
2021-04-27,6,3,3
2021-04-27,14,4,10
2021-04-27,16,7,9
2021-04-27,16,8,8
2021-04-27,7,4,3
2021-04-27,1,0,1
2021-04-27,3,3,0
2021-04-27,2,1,1
2021-04-27,1,1,0
2021-04-28,1,0,1
2021-04-28,0,0,0
2021-04-28,0,0,0
2021-04-28,0,0,0
2021-04-28,0,0,0
2021-04-28,0,0,0
2021-04-28,1,0,1
2021-04-28,8,4,4
2021-04-28,4,4,0
2021-04-28,3,1,2
2021-04-28,5,3,2
2021-04-28,2,0,2
2021-04-28,7,6,1
2021-04-28,8,6,2
2021-04-28,6,2,4
2021-04-28,12,5,7
2021-04-28,8,3,5
2021-04-28,10,5,5
2021-04-28,14,7,7
2021-04-28,7,1,6
2021-04-28,11,7,4
2021-04-28,1,1,0
2021-04-28,1,0,1
2021-04-28,0,0,0
2021-04-29,0,0,0
2021-04-29,0,0,0
2021-04-29,0,0,0
2021-04-29,0,0,0
2021-04-29,1,0,1
2021-04-29,0,0,0
2021-04-29,1,0,1
2021-04-29,5,3,2
2021-04-29,4,3,1
2021-04-29,7,4,3
2021-04-29,5,1,4
2021-04-29,4,2,2
2021-04-29,5,4,1
2021-04-29,3,2,1
2021-04-29,8,4,4
2021-04-29,17,12,5
2021-04-29,15,9,6
2021-04-29,13,5,8
2021-04-29,26,15,11
2021-04-29,14,11,3
2021-04-29,2,2,0
2021-04-29,0,0,0
2021-04-29,1,1,0
2021-04-29,1,1,0
2021-04-30,0,0,0
2021-04-30,0,0,0
2021-04-30,0,0,0
2021-04-30,0,0,0
2021-04-30,0,0,0
2021-04-30,1,0,1
2021-04-30,0,0,0
2021-04-30,3,3,0
2021-04-30,1,1,0
2021-04-30,3,3,0
2021-04-30,4,3,1
2021-04-30,4,2,2
2021-04-30,5,3,2
2021-04-30,14,7,7
2021-04-30,11,5,6
2021-04-30,11,6,5
2021-04-30,15,7,8
2021-04-30,17,8,9
2021-04-30,11,3,8
2021-04-30,11,7,4
2021-04-30,4,4,0
2021-04-30,4,2,2
2021-04-30,1,1,0
2021-04-30,0,0,0
2021-06-01,0,0,0
2021-06-01,0,0,0
2021-06-01,0,0,0
2021-06-01,0,0,0
2021-06-01,1,0,1
2021-06-01,1,0,1
2021-06-01,3,1,2
2021-06-01,9,5,4
2021-06-01,5,1,4
2021-06-01,3,1,2
2021-06-01,5,1,4
2021-06-01,1,0,1
2021-06-01,7,2,5
2021-06-01,6,2,4
2021-05-01,0,0,0
2021-05-01,0,0,0
2021-05-01,1,1,0
2021-05-01,0,0,0
2021-05-01,0,0,0
2021-05-01,0,0,0
2021-05-01,0,0,0
2021-05-01,6,2,4
2021-05-01,1,1,0
2021-05-01,2,0,2
2021-05-01,8,3,5
2021-05-01,11,4,7
2021-05-01,5,2,3
2021-05-01,17,5,12
2021-05-01,14,7,7
2021-05-01,5,3,2
2021-05-01,19,11,8
2021-05-01,10,6,4
2021-05-01,6,5,1
2021-05-01,11,6,5
2021-05-01,3,0,3
2021-05-01,0,0,0
2021-05-01,2,1,1
2021-05-01,1,1,0
2021-05-02,1,1,0
2021-05-02,1,1,0
2021-05-02,0,0,0
2021-05-02,0,0,0
2021-05-02,0,0,0
2021-05-02,0,0,0
2021-05-02,1,0,1
2021-05-02,3,2,1
2021-05-02,3,1,2
2021-05-02,8,4,4
2021-05-02,11,3,8
2021-05-02,14,2,12
2021-05-02,10,5,5
2021-05-02,25,9,16
2021-05-02,23,10,13
2021-05-02,16,11,5
2021-05-02,18,6,12
2021-05-02,21,13,8
2021-05-02,15,11,4
2021-05-02,9,5,4
2021-05-02,12,7,5
2021-05-02,2,2,0
2021-05-02,2,0,2
2021-05-02,0,0,0
2021-05-03,0,0,0
2021-05-03,0,0,0
2021-05-03,0,0,0
2021-05-03,0,0,0
2021-05-03,0,0,0
2021-05-03,1,1,0
2021-05-03,0,0,0
2021-05-03,5,1,4
2021-05-03,6,3,3
2021-05-03,4,4,0
2021-05-03,6,3,3
2021-05-03,7,4,3
2021-05-03,5,2,3
2021-05-03,4,1,3
2021-05-03,2,2,0
2021-05-03,4,4,0
2021-05-03,1,1,0
2021-05-03,2,2,0
2021-05-03,3,0,3
2021-05-03,2,0,2
2021-05-03,1,1,0
2021-05-03,1,0,1
2021-05-03,0,0,0
2021-05-03,0,0,0
2021-05-04,0,0,0
2021-05-04,0,0,0
2021-05-04,0,0,0
2021-05-04,0,0,0
2021-05-04,0,0,0
2021-05-04,0,0,0
2021-05-04,2,1,1
2021-05-04,4,2,2
2021-05-04,7,6,1
2021-05-04,5,3,2
2021-05-04,5,3,2
2021-05-04,6,5,1
2021-05-04,7,2,5
2021-05-04,6,4,2
2021-05-04,13,7,6
2021-05-04,12,6,6
2021-05-04,11,6,5
2021-05-04,22,14,8
2021-05-04,12,5,7
2021-05-04,20,8,12
2021-05-04,5,5,0
2021-05-04,2,0,2
2021-05-04,1,1,0
2021-05-04,0,0,0
2021-05-05,0,0,0
2021-05-05,0,0,0
2021-05-05,0,0,0
2021-05-05,0,0,0
2021-05-05,0,0,0
2021-05-05,0,0,0
2021-05-05,0,0,0
2021-05-05,4,1,3
2021-05-05,8,5,3
2021-05-05,4,1,3
2021-05-05,5,3,2
2021-05-05,9,3,6
2021-05-05,9,5,4
2021-05-05,4,3,1
2021-05-05,6,2,4
2021-05-05,13,3,10
2021-05-05,7,3,4
2021-05-05,15,9,6
2021-05-05,20,7,13
2021-05-05,7,3,4
2021-05-05,4,2,2
2021-05-05,4,4,0
2021-05-05,0,0,0
2021-05-05,0,0,0
2021-05-06,0,0,0
2021-05-06,0,0,0
2021-05-06,0,0,0
2021-05-06,1,1,0
2021-05-06,0,0,0
2021-05-06,0,0,0
2021-05-06,2,0,2
2021-05-06,6,4,2
2021-05-06,4,2,2
2021-05-06,3,3,0
2021-05-06,6,3,3
2021-05-06,7,3,4
2021-05-06,10,6,4
2021-05-06,9,5,4
2021-05-06,7,2,5
2021-05-06,3,1,2
2021-05-06,6,3,3
2021-05-06,12,6,6
2021-05-06,7,6,1
2021-05-06,2,1,1
2021-05-06,0,0,0
2021-05-06,2,1,1
2021-05-06,0,0,0
2021-05-06,0,0,0
2021-05-07,0,0,0
2021-05-07,0,0,0
2021-05-07,1,0,1
2021-05-07,0,0,0
2021-05-07,0,0,0
2021-05-07,1,0,1
2021-05-07,0,0,0
2021-05-07,5,4,1
2021-05-07,3,1,2
2021-05-07,3,3,0
2021-05-07,1,1,0
2021-05-07,2,1,1
2021-05-07,7,2,5
2021-05-07,4,3,1
2021-05-07,4,2,2
2021-05-07,6,2,4
2021-05-07,7,4,3
2021-05-07,7,4,3
2021-05-07,6,2,4
2021-05-07,5,2,3
2021-05-07,2,0,2
2021-05-07,1,0,1
2021-05-07,1,1,0
2021-05-07,1,0,1
2021-05-08,0,0,0
2021-05-08,0,0,0
2021-05-08,0,0,0
2021-05-08,0,0,0
2021-05-08,0,0,0
2021-05-08,0,0,0
2021-05-08,2,1,1
2021-05-08,5,2,3
2021-05-08,4,3,1
2021-05-08,2,1,1
2021-05-08,5,2,3
2021-05-08,7,3,4
2021-05-08,12,0,12
2021-05-08,14,7,7
2021-05-08,18,13,5
2021-05-08,8,5,3
2021-05-08,17,8,9
2021-05-08,9,3,6
2021-05-08,5,5,0
2021-05-08,4,3,1
2021-05-08,1,1,0
2021-05-08,2,2,0
2021-05-08,0,0,0
2021-05-08,0,0,0
2021-05-09,1,0,1
2021-05-09,0,0,0
2021-05-09,0,0,0
2021-05-09,0,0,0
2021-05-09,1,0,1
2021-05-09,0,0,0
2021-05-09,0,0,0
2021-05-09,1,1,0
2021-05-09,3,1,2
2021-05-09,5,0,5
2021-05-09,15,7,8
2021-05-09,9,4,5
2021-05-09,7,3,4
2021-05-09,10,5,5
2021-05-09,9,4,5
2021-05-09,13,7,6
2021-05-09,21,13,8
2021-05-09,20,9,11
2021-05-09,8,4,4
2021-05-09,8,5,3
2021-05-09,2,0,2
2021-05-09,1,1,0
2021-05-09,0,0,0
2021-05-09,0,0,0
2021-05-10,0,0,0
2021-05-10,0,0,0
2021-05-10,0,0,0
2021-05-10,0,0,0
2021-05-10,0,0,0
2021-05-10,0,0,0
2021-05-10,1,1,0
2021-05-10,2,1,1
2021-05-10,4,3,1
2021-05-10,5,4,1
2021-05-10,4,1,3
2021-05-10,4,2,2
2021-05-10,5,2,3
2021-05-10,2,1,1
2021-05-10,11,5,6
2021-05-10,14,5,9
2021-05-10,10,4,6
2021-05-10,27,11,16
2021-05-10,9,3,6
2021-05-10,6,3,3
2021-05-10,1,1,0
2021-05-10,7,6,1
2021-05-10,1,1,0
2021-05-10,0,0,0
2021-05-11,0,0,0
2021-05-11,0,0,0
2021-05-11,0,0,0
2021-05-11,0,0,0
2021-05-11,0,0,0
2021-05-11,0,0,0
2021-05-11,2,0,2
2021-05-11,5,2,3
2021-05-11,10,6,4
2021-05-11,4,3,1
2021-05-11,4,2,2
2021-05-11,5,1,4
2021-05-11,5,2,3
2021-05-11,3,2,1
2021-05-11,14,6,8
2021-05-11,20,10,10
2021-05-11,11,5,6
2021-05-11,29,16,13
2021-05-11,11,6,5
2021-05-11,17,7,10
2021-05-11,4,2,2
2021-05-11,2,2,0
2021-05-11,0,0,0
2021-05-11,0,0,0
2021-05-12,0,0,0
2021-05-12,0,0,0
2021-05-12,0,0,0
2021-05-12,0,0,0
2021-05-12,0,0,0
2021-05-12,1,0,1
2021-05-12,1,0,1
2021-05-12,11,6,5
2021-05-12,3,1,2
2021-05-12,5,4,1
2021-05-12,5,2,3
2021-05-12,9,5,4
2021-05-12,1,1,0
2021-05-12,6,5,1
2021-05-12,6,3,3
2021-05-12,17,7,10
2021-05-12,18,8,10
2021-05-12,15,9,6
2021-05-12,14,8,6
2021-05-12,7,4,3
2021-05-12,6,5,1
2021-05-12,3,2,1
2021-05-12,1,1,0
2021-05-12,0,0,0
2021-05-13,0,0,0
2021-05-13,0,0,0
2021-05-13,0,0,0
2021-05-13,0,0,0
2021-05-13,0,0,0
2021-05-13,0,0,0
2021-05-13,2,1,1
2021-05-13,6,4,2
2021-05-13,5,3,2
2021-05-13,4,2,2
2021-05-13,5,3,2
2021-05-13,7,4,3
2021-05-13,6,3,3
2021-05-13,5,3,2
2021-05-13,15,6,9
2021-05-13,13,7,6
2021-05-13,18,8,10
2021-05-13,22,11,11
2021-05-13,22,9,13
2021-05-13,9,4,5
2021-05-13,16,13,3
2021-05-13,3,3,0
2021-05-13,1,1,0
2021-05-13,1,1,0
2021-05-14,0,0,0
2021-05-14,0,0,0
2021-05-14,0,0,0
2021-05-14,0,0,0
2021-05-14,0,0,0
2021-05-14,1,0,1
2021-05-14,1,0,1
2021-05-14,6,2,4
2021-05-14,8,5,3
2021-05-14,7,6,1
2021-05-14,10,4,6
2021-05-14,9,5,4
2021-05-14,5,2,3
2021-05-14,10,3,7
2021-05-14,6,3,3
2021-05-14,10,6,4
2021-05-14,13,7,6
2021-05-14,22,7,15
2021-05-14,16,8,8
2021-05-14,15,6,9
2021-05-14,11,5,6
2021-05-14,8,7,1
2021-05-14,4,3,1
2021-05-14,1,1,0
2021-05-15,0,0,0
2021-05-15,0,0,0
2021-05-15,0,0,0
2021-05-15,1,1,0
2021-05-15,0,0,0
2021-05-15,0,0,0
2021-05-15,1,0,1
2021-05-15,3,0,3
2021-05-15,3,2,1
2021-05-15,6,4,2
2021-05-15,12,7,5
2021-05-15,6,2,4
2021-05-15,17,5,12
2021-05-15,14,7,7
2021-05-15,23,10,13
2021-05-15,17,6,11
2021-05-15,13,6,7
2021-05-15,16,9,7
2021-05-15,15,11,4
2021-05-15,9,3,6
2021-05-15,11,5,6
2021-05-15,3,1,2
2021-05-15,1,0,1
2021-05-15,0,0,0
2021-05-16,1,1,0
2021-05-16,0,0,0
2021-05-16,0,0,0
2021-05-16,0,0,0
2021-05-16,0,0,0
2021-05-16,0,0,0
2021-05-16,2,0,2
2021-05-16,3,2,1
2021-05-16,7,5,2
2021-05-16,15,8,7
2021-05-16,12,4,8
2021-05-16,14,6,8
2021-05-16,14,7,7
2021-05-16,16,6,10
2021-05-16,13,8,5
2021-05-16,19,6,13
2021-05-16,13,6,7
2021-05-16,11,8,3
2021-05-16,12,9,3
2021-05-16,5,5,0
2021-05-16,4,1,3
2021-05-16,3,2,1
2021-05-16,1,1,0
2021-05-16,1,1,0
2021-05-17,0,0,0
2021-05-17,0,0,0
2021-05-17,1,0,1
2021-05-17,0,0,0
2021-05-17,0,0,0
2021-05-17,0,0,0
2021-05-17,0,0,0
2021-05-17,3,3,0
2021-05-17,3,0,3
2021-05-17,5,5,0
2021-05-17,4,4,0
2021-05-17,2,2,0
2021-05-17,2,0,2
2021-05-17,6,1,5
2021-05-17,7,3,4
2021-05-17,7,4,3
2021-05-17,5,3,2
2021-05-17,10,3,7
2021-05-17,8,3,5
2021-05-17,1,1,0
2021-05-17,5,2,3
2021-05-17,1,1,0
2021-05-17,1,1,0
2021-05-17,2,2,0
2021-05-18,0,0,0
2021-05-18,0,0,0
2021-05-18,0,0,0
2021-05-18,0,0,0
2021-05-18,0,0,0
2021-05-18,0,0,0
2021-05-18,0,0,0
2021-05-18,6,3,3
2021-05-18,5,3,2
2021-05-18,6,5,1
2021-05-18,3,1,2
2021-05-18,10,4,6
2021-05-18,15,5,10
2021-05-18,7,3,4
2021-05-18,2,1,1
2021-05-18,6,2,4
2021-05-18,5,4,1
2021-05-18,7,3,4
2021-05-18,7,4,3
2021-05-18,3,3,0
2021-05-18,6,0,6
2021-05-18,3,2,1
2021-05-18,0,0,0
2021-05-18,1,1,0
2021-05-19,0,0,0
2021-05-19,0,0,0
2021-05-19,0,0,0
2021-05-19,0,0,0
2021-05-19,0,0,0
2021-05-19,1,0,1
2021-05-19,1,1,0
2021-05-19,7,3,4
2021-05-19,4,2,2
2021-05-19,4,3,1
2021-05-19,14,7,7
2021-05-19,8,3,5
2021-05-19,5,4,1
2021-05-19,5,1,4
2021-05-19,6,2,4
2021-05-19,16,12,4
2021-05-19,7,3,4
2021-05-19,13,3,10
2021-05-19,9,5,4
2021-05-19,11,5,6
2021-05-19,7,5,2
2021-05-19,0,0,0
2021-05-19,1,1,0
2021-05-19,0,0,0
2021-05-20,1,0,1
2021-05-20,0,0,0
2021-05-20,2,1,1
2021-05-20,0,0,0
2021-05-20,0,0,0
2021-05-20,0,0,0
2021-05-20,1,1,0
2021-05-20,5,4,1
2021-05-20,2,0,2
2021-05-20,4,3,1
2021-05-20,5,2,3
2021-05-20,6,3,3
2021-05-20,10,5,5
2021-05-20,4,1,3
2021-05-20,5,1,4
2021-05-20,7,3,4
2021-05-20,14,8,6
2021-05-20,11,4,7
2021-05-20,8,3,5
2021-05-20,9,6,3
2021-05-20,8,4,4
2021-05-20,4,2,2
2021-05-20,2,1,1
2021-05-20,2,0,2
2021-05-21,0,0,0
2021-05-21,0,0,0
2021-05-21,0,0,0
2021-05-21,0,0,0
2021-05-21,0,0,0
2021-05-21,1,0,1
2021-05-21,0,0,0
2021-05-21,6,1,5
2021-05-21,8,6,2
2021-05-21,8,6,2
2021-05-21,8,3,5
2021-05-21,4,1,3
2021-05-21,17,5,12
2021-05-21,7,2,5
2021-05-21,6,3,3
2021-05-21,9,6,3
2021-05-21,14,10,4
2021-05-21,13,5,8
2021-05-21,15,10,5
2021-05-21,7,4,3
2021-05-21,6,2,4
2021-05-21,1,1,0
2021-05-21,1,0,1
2021-05-21,0,0,0
2021-05-22,0,0,0
2021-05-22,0,0,0
2021-05-22,0,0,0
2021-05-22,0,0,0
2021-05-22,0,0,0
2021-05-22,0,0,0
2021-05-22,0,0,0
2021-05-22,0,0,0
2021-05-22,0,0,0
2021-05-22,0,0,0
2021-05-22,0,0,0
2021-05-22,0,0,0
2021-05-22,0,0,0
2021-05-22,8,2,6
2021-05-22,9,6,3
2021-05-22,16,12,4
2021-05-22,24,12,12
2021-05-22,13,9,4
2021-05-22,9,6,3
2021-05-22,11,5,6
2021-05-22,8,5,3
2021-05-22,1,1,0
2021-05-22,3,2,1
2021-05-22,1,1,0
2021-05-23,0,0,0
2021-05-23,0,0,0
2021-05-23,0,0,0
2021-05-23,0,0,0
2021-05-23,0,0,0
2021-05-23,0,0,0
2021-05-23,1,0,1
2021-05-23,2,1,1
2021-05-23,3,3,0
2021-05-23,3,1,2
2021-05-23,6,0,6
2021-05-23,12,8,4
2021-05-23,4,4,0
2021-05-23,8,5,3
2021-05-23,24,11,13
2021-05-23,6,4,2
2021-05-23,8,3,5
2021-05-23,11,9,2
2021-05-23,3,2,1
2021-05-23,5,3,2
2021-05-23,2,1,1
2021-05-23,2,1,1
2021-05-23,0,0,0
2021-05-23,0,0,0
2021-05-24,0,0,0
2021-05-24,0,0,0
2021-05-24,1,0,1
2021-05-24,1,1,0
2021-05-24,0,0,0
2021-05-24,0,0,0
2021-05-24,0,0,0
2021-05-24,3,1,2
2021-05-24,5,5,0
2021-05-24,6,4,2
2021-05-24,2,1,1
2021-05-24,2,1,1
2021-05-24,6,5,1
2021-05-24,2,1,1
2021-05-24,5,2,3
2021-05-24,3,1,2
2021-05-24,7,6,1
2021-05-24,13,4,9
2021-05-24,11,6,5
2021-05-24,6,1,5
2021-05-24,5,2,3
2021-05-24,2,2,0
2021-05-24,0,0,0
2021-05-24,0,0,0
2021-05-25,0,0,0
2021-05-25,0,0,0
2021-05-25,0,0,0
2021-05-25,0,0,0
2021-05-25,0,0,0
2021-05-25,0,0,0
2021-05-25,2,0,2
2021-05-25,8,4,4
2021-05-25,2,2,0
2021-05-25,3,1,2
2021-05-25,3,2,1
2021-05-25,9,4,5
2021-05-25,5,2,3
2021-05-25,5,4,1
2021-05-25,10,7,3
2021-05-25,5,2,3
2021-05-25,10,4,6
2021-05-25,12,8,4
2021-05-25,12,7,5
2021-05-25,9,6,3
2021-05-25,5,4,1
2021-05-25,2,2,0
2021-05-25,1,1,0
2021-05-25,0,0,0
2021-05-26,1,1,0
2021-05-26,0,0,0
2021-05-26,0,0,0
2021-05-26,2,2,0
2021-05-26,0,0,0
2021-05-26,1,0,1
2021-05-26,0,0,0
2021-05-26,8,4,4
2021-05-26,6,3,3
2021-05-26,7,4,3
2021-05-26,8,1,7
2021-05-26,2,2,0
2021-05-26,7,4,3
2021-05-26,10,5,5
2021-05-26,6,5,1
2021-05-26,5,0,5
2021-05-26,12,7,5
2021-05-26,9,4,5
2021-05-26,10,4,6
2021-05-26,6,3,3
2021-05-26,10,4,6
2021-05-26,5,2,3
2021-05-26,0,0,0
2021-05-26,0,0,0
2021-05-27,1,1,0
2021-05-27,0,0,0
2021-05-27,0,0,0
2021-05-27,0,0,0
2021-05-27,0,0,0
2021-05-27,1,0,1
2021-05-27,1,0,1
2021-05-27,3,2,1
2021-05-27,0,0,0
2021-05-27,0,0,0
2021-05-27,0,0,0
2021-05-27,0,0,0
2021-05-27,2,1,1
2021-05-27,2,1,1
2021-05-27,2,1,1
2021-05-27,1,1,0
2021-05-27,3,1,2
2021-05-27,5,5,0
2021-05-27,5,2,3
2021-05-27,1,0,1
2021-05-27,1,1,0
2021-05-27,0,0,0
2021-05-27,1,0,1
2021-05-27,0,0,0
2021-05-28,0,0,0
2021-05-28,0,0,0
2021-05-28,0,0,0
2021-05-28,0,0,0
2021-05-28,0,0,0
2021-05-28,1,0,1
2021-05-28,0,0,0
2021-05-28,6,3,3
2021-05-28,6,6,0
2021-05-28,3,3,0
2021-05-28,9,6,3
2021-05-28,10,1,9
2021-05-28,6,3,3
2021-05-28,5,3,2
2021-05-28,6,3,3
2021-05-28,6,3,3
2021-05-28,10,5,5
2021-05-28,11,4,7
2021-05-28,10,4,6
2021-05-28,8,2,6
2021-05-28,3,3,0
2021-05-28,5,2,3
2021-05-28,3,0,3
2021-05-28,0,0,0
2021-05-29,1,1,0
2021-05-29,0,0,0
2021-05-29,0,0,0
2021-05-29,0,0,0
2021-05-29,0,0,0
2021-05-29,0,0,0
2021-05-29,1,0,1
2021-05-29,2,1,1
2021-05-29,7,3,4
2021-05-29,5,2,3
2021-05-29,8,3,5
2021-05-29,17,11,6
2021-05-29,25,15,10
2021-05-29,15,6,9
2021-05-29,10,4,6
2021-05-29,15,9,6
2021-05-29,21,10,11
2021-05-29,12,9,3
2021-05-29,5,3,2
2021-05-29,3,1,2
2021-05-29,5,2,3
2021-05-29,1,1,0
2021-05-29,1,1,0
2021-05-29,1,0,1
2021-05-30,0,0,0
2021-05-30,1,1,0
2021-05-30,0,0,0
2021-05-30,0,0,0
2021-05-30,1,0,1
2021-05-30,0,0,0
2021-05-30,1,0,1
2021-05-30,2,1,1
2021-05-30,3,1,2
2021-05-30,4,2,2
2021-05-30,7,2,5
2021-05-30,18,6,12
2021-05-30,12,5,7
2021-05-30,6,4,2
2021-05-30,12,6,6
2021-05-30,18,10,8
2021-05-30,10,5,5
2021-05-30,15,10,5
2021-05-30,8,5,3
2021-05-30,2,0,2
2021-05-30,4,2,2
2021-05-30,1,1,0
2021-05-30,0,0,0
2021-05-30,1,0,1
2021-05-31,1,1,0
2021-05-31,2,2,0
2021-05-31,0,0,0
2021-05-31,0,0,0
2021-05-31,0,0,0
2021-05-31,0,0,0
2021-05-31,0,0,0
2021-05-31,3,1,2
2021-05-31,4,2,2
2021-05-31,4,1,3
2021-05-31,8,4,4
2021-05-31,18,10,8
2021-05-31,20,10,10
2021-05-31,12,7,5
2021-05-31,25,14,11
2021-05-31,20,12,8
2021-05-31,13,11,2
2021-05-31,11,5,6
2021-05-31,15,12,3
2021-05-31,13,10,3
2021-05-31,2,1,1
2021-05-31,2,2,0
2021-05-31,1,0,1
2021-05-31,0,0,0
2021-06-01,7,3,4
2021-06-01,7,5,2
2021-06-01,8,3,5
2021-06-01,23,14,9
2021-06-01,15,8,7
2021-06-01,17,8,9
2021-06-01,9,5,4
2021-06-01,7,6,1
2021-06-01,1,1,0
2021-06-01,0,0,0
2021-06-02,0,0,0
2021-06-02,0,0,0
2021-06-02,0,0,0
2021-06-02,0,0,0
2021-06-02,0,0,0
2021-06-02,1,0,1
2021-06-02,2,0,2
2021-06-02,2,1,1
2021-06-02,9,4,5
2021-06-02,8,4,4
2021-06-02,9,2,7
2021-06-02,12,5,7
2021-06-02,3,1,2
2021-06-02,8,5,3
2021-06-02,11,4,7
2021-06-02,5,1,4
2021-06-02,19,9,10
2021-06-02,15,5,10
2021-06-02,18,7,11
2021-06-02,8,4,4
2021-06-02,14,9,5
2021-06-02,5,3,2
2021-06-02,5,3,2
2021-06-02,1,1,0
2021-06-03,1,0,1
2021-06-03,1,1,0
2021-06-03,2,0,2
2021-06-03,0,0,0
2021-06-03,0,0,0
2021-06-03,1,0,1
2021-06-03,0,0,0
2021-06-03,8,3,5
2021-06-03,10,7,3
2021-06-03,4,4,0
2021-06-03,4,1,3
2021-06-03,8,2,6
2021-06-03,13,4,9
2021-06-03,7,5,2
2021-06-03,8,3,5
2021-06-03,13,10,3
2021-06-03,17,9,8
2021-06-03,21,11,10
2021-06-03,12,1,11
2021-06-03,16,7,9
2021-06-03,11,4,7
2021-06-03,4,3,1
2021-06-03,3,2,1
2021-06-03,2,2,0
2021-06-04,0,0,0
2021-06-04,0,0,0
2021-06-04,0,0,0
2021-06-04,0,0,0
2021-06-04,0,0,0
2021-06-04,1,0,1
2021-06-04,0,0,0
2021-06-04,4,2,2
2021-06-04,10,3,7
2021-06-04,12,5,7
2021-06-04,3,1,2
2021-06-04,4,2,2
2021-06-04,6,1,5
2021-06-04,7,3,4
2021-06-04,11,7,4
2021-06-04,5,2,3
2021-06-04,13,6,7
2021-06-04,13,6,7
2021-06-04,16,10,6
2021-06-04,12,6,6
2021-06-04,6,4,2
2021-06-04,1,1,0
2021-06-04,4,1,3
2021-06-04,0,0,0
2021-06-05,0,0,0
2021-06-05,0,0,0
2021-06-05,0,0,0
2021-06-05,0,0,0
2021-06-05,0,0,0
2021-06-05,0,0,0
2021-06-05,1,1,0
2021-06-05,4,1,3
2021-06-05,2,2,0
2021-06-05,5,5,0
2021-06-05,11,4,7
2021-06-05,11,5,6
2021-06-05,7,4,3
2021-06-05,5,3,2
2021-06-05,5,3,2
2021-06-05,8,4,4
2021-06-05,10,4,6
2021-06-05,8,6,2
2021-06-05,2,1,1
2021-06-05,3,1,2
2021-06-05,2,1,1
2021-06-05,0,0,0
2021-06-05,1,0,1
2021-06-05,0,0,0
2021-06-06,1,0,1
2021-06-06,0,0,0
2021-06-06,0,0,0
2021-06-06,0,0,0
2021-06-06,0,0,0
2021-06-06,0,0,0
2021-06-06,0,0,0
2021-06-06,2,0,2
2021-06-06,2,2,0
2021-06-06,8,2,6
2021-06-06,4,2,2
2021-06-06,7,2,5
2021-06-06,9,3,6
2021-06-06,4,2,2
2021-06-06,5,1,4
2021-06-06,3,0,3
2021-06-06,7,3,4
2021-06-06,6,6,0
2021-06-06,3,3,0
2021-06-06,3,3,0
2021-06-06,5,2,3
2021-06-06,2,1,1
2021-06-06,0,0,0
2021-06-06,0,0,0
2021-06-07,0,0,0
2021-06-07,1,1,0
2021-06-07,1,0,1
2021-06-07,0,0,0
2021-06-07,0,0,0
2021-06-07,0,0,0
2021-06-07,0,0,0
2021-06-07,3,2,1
2021-06-07,5,2,3
2021-06-07,3,1,2
2021-06-07,4,3,1
2021-06-07,9,6,3
2021-06-07,7,4,3
2021-06-07,6,3,3
2021-06-07,9,5,4
2021-06-07,15,5,10
2021-06-07,15,7,8
2021-06-07,16,9,7
2021-06-07,12,6,6
2021-06-07,7,4,3
2021-06-07,3,1,2
2021-06-07,1,0,1
2021-06-07,1,1,0
2021-06-07,0,0,0
2021-06-08,0,0,0
2021-06-08,0,0,0
2021-06-08,0,0,0
2021-06-08,0,0,0
2021-06-08,0,0,0
2021-06-08,1,0,1
2021-06-08,2,1,1
2021-06-08,4,2,2
2021-06-08,5,4,1
2021-06-08,4,3,1
2021-06-08,8,1,7
2021-06-08,8,3,5
2021-06-08,17,13,4
2021-06-08,9,5,4
2021-06-08,6,3,3
2021-06-08,8,4,4
2021-06-08,15,6,9
2021-06-08,22,10,12
2021-06-08,15,8,7
2021-06-08,8,5,3
2021-06-08,5,3,2
2021-06-08,1,0,1
2021-06-08,2,1,1
2021-06-08,1,1,0
2021-06-09,0,0,0
2021-06-09,0,0,0
2021-06-09,0,0,0
2021-06-09,0,0,0
2021-06-09,0,0,0
2021-06-09,1,0,1
2021-06-09,0,0,0
2021-06-09,8,4,4
2021-06-09,9,3,6
2021-06-09,4,4,0
2021-06-09,8,1,7
2021-06-09,5,2,3
2021-06-09,8,4,4
2021-06-09,8,3,5
2021-06-09,6,1,5
2021-06-09,15,11,4
2021-06-09,14,5,9
2021-06-09,16,6,10
2021-06-09,14,4,10
2021-06-09,11,4,7
2021-06-09,14,4,10
2021-06-09,6,6,0
2021-06-09,1,0,1
2021-06-09,1,0,1
2021-06-10,0,0,0
2021-06-10,0,0,0
2021-06-10,0,0,0
2021-06-10,0,0,0
2021-06-10,0,0,0
2021-06-10,1,0,1
2021-06-10,3,1,2
2021-06-10,4,3,1
2021-06-10,8,6,2
2021-06-10,6,3,3
2021-06-10,7,1,6
2021-06-10,7,3,4
2021-06-10,8,5,3
2021-06-10,3,1,2
2021-06-10,10,7,3
2021-06-10,5,3,2
2021-06-10,15,7,8
2021-06-10,15,5,10
2021-06-10,13,3,10
2021-06-10,12,7,5
2021-06-10,11,5,6
2021-06-10,2,0,2
2021-06-10,0,0,0
2021-06-10,3,1,2
2021-06-11,0,0,0
2021-06-11,0,0,0
2021-06-11,0,0,0
2021-06-11,0,0,0
2021-06-11,0,0,0
2021-06-11,0,0,0
2021-06-11,2,0,2
2021-06-11,4,3,1
2021-06-11,2,2,0
2021-06-11,2,2,0
2021-06-11,9,4,5
2021-06-11,2,1,1
2021-06-11,3,2,1
2021-06-11,4,1,3
2021-06-11,6,1,5
2021-06-11,3,3,0
2021-06-11,3,2,1
2021-06-11,9,6,3
2021-06-11,5,4,1
2021-06-11,3,3,0
2021-06-11,1,1,0
2021-06-11,2,0,2
2021-06-11,2,1,1
2021-06-11,1,0,1
2021-06-12,2,2,0
2021-06-12,0,0,0
2021-06-12,0,0,0
2021-06-12,0,0,0
2021-06-12,1,0,1
2021-06-12,0,0,0
2021-06-12,2,1,1
2021-06-12,6,3,3
2021-06-12,5,1,4
2021-06-12,7,2,5
2021-06-12,10,4,6
2021-06-12,9,3,6
2021-06-12,16,7,9
2021-06-12,13,4,9
2021-06-12,28,13,15
2021-06-12,19,10,9
2021-06-12,9,5,4
2021-06-12,20,16,4
2021-06-12,5,3,2
2021-06-12,12,5,7
2021-06-12,7,4,3
2021-06-12,5,2,3
2021-06-12,2,0,2
2021-06-12,2,1,1
2021-06-13,0,0,0
2021-06-13,0,0,0
2021-06-13,0,0,0
2021-06-13,1,0,1
2021-06-13,0,0,0
2021-06-13,0,0,0
2021-06-13,1,0,1
2021-06-13,0,0,0
2021-06-13,0,0,0
2021-06-13,1,1,0
2021-06-13,9,4,5
2021-06-13,7,2,5
2021-06-13,8,6,2
2021-06-13,17,8,9
2021-06-13,5,1,4
2021-06-13,10,6,4
2021-06-13,2,2,0
2021-06-13,8,3,5
2021-06-13,1,1,0
2021-06-13,4,3,1
2021-06-13,1,1,0
2021-06-13,1,1,0
2021-06-13,1,0,1
2021-06-13,0,0,0
2021-06-14,0,0,0
2021-06-14,1,0,1
2021-06-14,0,0,0
2021-06-14,0,0,0
2021-06-14,1,0,1
2021-06-14,0,0,0
2021-06-14,0,0,0
2021-06-14,3,1,2
2021-06-14,4,4,0
2021-06-14,6,3,3
2021-06-14,3,2,1
2021-06-14,3,3,0
2021-06-14,6,3,3
2021-06-14,3,3,0
2021-06-14,2,0,2
2021-06-14,9,2,7
2021-06-14,4,2,2
2021-06-14,14,6,8
2021-06-14,12,5,7
2021-06-14,8,6,2
2021-06-14,2,1,1
2021-06-14,2,2,0
2021-06-14,3,2,1
2021-06-14,0,0,0
2021-06-15,0,0,0
2021-06-15,0,0,0
2021-06-15,0,0,0
2021-06-15,0,0,0
2021-06-15,0,0,0
2021-06-15,0,0,0
2021-06-15,0,0,0
2021-06-15,0,0,0
2021-06-15,0,0,0
2021-06-15,0,0,0
2021-06-15,0,0,0
2021-06-15,0,0,0
2021-06-15,0,0,0
2021-06-15,0,0,0
2021-06-15,0,0,0
2021-06-15,0,0,0
2021-06-15,0,0,0
2021-06-15,0,0,0
2021-06-15,0,0,0
2021-06-15,0,0,0
2021-06-15,0,0,0
2021-06-15,0,0,0
2021-06-15,0,0,0
2021-06-15,0,0,0
2021-06-16,0,0,0
2021-06-16,0,0,0
2021-06-16,0,0,0
2021-06-16,0,0,0
2021-06-16,0,0,0
2021-06-16,0,0,0
2021-06-16,0,0,0
2021-06-16,0,0,0
2021-06-16,0,0,0
2021-06-16,0,0,0
2021-06-16,0,0,0
2021-06-16,0,0,0
2021-06-16,0,0,0
2021-06-16,0,0,0
2021-06-16,0,0,0
2021-06-16,0,0,0
2021-06-16,0,0,0
2021-06-16,0,0,0
2021-06-16,0,0,0
2021-06-16,0,0,0
2021-06-16,0,0,0
2021-06-16,0,0,0
2021-06-16,0,0,0
2021-06-16,0,0,0
2021-06-17,0,0,0
2021-06-17,0,0,0
2021-06-17,0,0,0
2021-06-17,0,0,0
2021-06-17,0,0,0
2021-06-17,0,0,0
2021-06-17,0,0,0
2021-06-17,0,0,0
2021-06-17,0,0,0
2021-06-17,0,0,0
2021-06-17,4,1,3
2021-06-17,6,4,2
2021-06-17,8,6,2
2021-06-17,7,2,5
2021-06-17,7,4,3
2021-06-17,12,4,8
2021-06-17,12,5,7
2021-06-17,25,9,16
2021-06-17,16,8,8
2021-06-17,14,12,2
2021-06-17,7,5,2
2021-06-17,7,3,4
2021-06-17,0,0,0
2021-06-17,0,0,0
2021-06-18,0,0,0
2021-06-18,0,0,0
2021-06-18,0,0,0
2021-06-18,0,0,0
2021-06-18,0,0,0
2021-06-18,0,0,0
2021-06-18,3,0,3
2021-06-18,1,0,1
2021-06-18,8,5,3
2021-06-18,10,7,3
2021-06-18,6,0,6
2021-06-18,15,7,8
2021-06-18,13,6,7
2021-06-18,15,9,6
2021-06-18,15,5,10
2021-06-18,16,5,11
2021-06-18,14,7,7
2021-06-18,14,6,8
2021-06-18,11,3,8
2021-06-18,7,3,4
2021-06-18,2,2,0
2021-06-18,4,2,2
2021-06-18,0,0,0
2021-06-18,1,1,0
2021-06-19,0,0,0
2021-06-19,0,0,0
2021-06-19,2,0,2
2021-06-19,0,0,0
2021-06-19,0,0,0
2021-06-19,0,0,0
2021-06-19,2,0,2
2021-06-19,3,2,1
2021-06-19,1,0,1
2021-06-19,7,4,3
2021-06-19,4,3,1
2021-06-19,9,2,7
2021-06-19,14,6,8
2021-06-19,19,7,12
2021-06-19,9,3,6
2021-06-19,16,6,10
2021-06-19,14,8,6
2021-06-19,7,4,3
2021-06-19,9,4,5
2021-06-19,16,9,7
2021-06-19,3,2,1
2021-06-19,6,3,3
2021-06-19,4,1,3
2021-06-19,2,2,0
2021-06-20,0,0,0
2021-06-20,0,0,0
2021-06-20,0,0,0
2021-06-20,0,0,0
2021-06-20,1,1,0
2021-06-20,1,0,1
2021-06-20,0,0,0
2021-06-20,1,1,0
2021-06-20,3,0,3
2021-06-20,10,5,5
2021-06-20,11,1,10
2021-06-20,15,5,10
2021-06-20,15,11,4
2021-06-20,20,9,11
2021-06-20,20,9,11
2021-06-20,9,1,8
2021-06-20,23,14,9
2021-06-20,19,14,5
2021-06-20,12,8,4
2021-06-20,4,3,1
2021-06-20,10,5,5
2021-06-20,3,3,0
2021-06-20,2,1,1
2021-06-20,1,1,0
2021-06-21,0,0,0
2021-06-21,0,0,0
2021-06-21,1,0,1
2021-06-21,0,0,0
2021-06-21,0,0,0
2021-06-21,0,0,0
2021-06-21,1,0,1
2021-06-21,3,2,1
2021-06-21,12,7,5
2021-06-21,7,6,1
2021-06-21,7,2,5
2021-06-21,7,2,5
2021-06-21,8,5,3
2021-06-21,7,3,4
2021-06-21,10,7,3
2021-06-21,6,3,3
2021-06-21,18,7,11
2021-06-21,10,8,2
2021-06-21,15,8,7
2021-06-21,1,1,0
2021-06-21,1,1,0
2021-06-21,8,7,1
2021-06-21,2,1,1
2021-06-21,0,0,0
2021-06-22,0,0,0
2021-06-22,0,0,0
2021-06-22,0,0,0
2021-06-22,0,0,0
2021-06-22,0,0,0
2021-06-22,0,0,0
2021-06-22,3,2,1
2021-06-22,6,1,5
2021-06-22,15,6,9
2021-06-22,5,3,2
2021-06-22,8,3,5
2021-06-22,17,5,12
2021-06-22,12,6,6
2021-06-22,8,4,4
2021-06-22,10,3,7
2021-06-22,16,12,4
2021-06-22,8,3,5
2021-06-22,14,9,5
2021-06-22,17,5,12
2021-06-22,6,3,3
2021-06-22,15,6,9
2021-06-22,10,7,3
2021-06-22,1,0,1
2021-06-22,1,1,0
2021-06-23,1,1,0
2021-06-23,0,0,0
2021-06-23,0,0,0
2021-06-23,0,0,0
2021-06-23,0,0,0
2021-06-23,0,0,0
2021-06-23,1,0,1
2021-06-23,2,1,1
2021-06-23,7,4,3
2021-06-23,9,4,5
2021-06-23,7,4,3
2021-06-23,7,2,5
2021-06-23,5,3,2
2021-06-23,5,1,4
2021-06-23,14,8,6
2021-06-23,8,1,7
2021-06-23,17,8,9
2021-06-23,22,14,8
2021-06-23,14,6,8
2021-06-23,11,8,3
2021-06-23,8,2,6
2021-06-23,8,5,3
2021-06-23,2,0,2
2021-06-23,2,2,0
2021-06-24,0,0,0
2021-06-24,0,0,0
2021-06-24,0,0,0
2021-06-24,0,0,0
2021-06-24,2,0,2
2021-06-24,0,0,0
2021-06-24,3,2,1
2021-06-24,4,2,2
2021-06-24,5,3,2
2021-06-24,7,4,3
2021-06-24,17,9,8
2021-06-24,7,2,5
2021-06-24,12,8,4
2021-06-24,10,5,5
2021-06-24,2,2,0
2021-06-24,5,2,3
2021-06-24,18,8,10
2021-06-24,17,9,8
2021-06-24,17,9,8
2021-06-24,9,3,6
2021-06-24,6,3,3
2021-06-24,7,4,3
2021-06-24,2,1,1
2021-06-24,1,1,0
2021-06-25,0,0,0
2021-06-25,2,2,0
2021-06-25,0,0,0
2021-06-25,0,0,0
2021-06-25,1,0,1
2021-06-25,2,1,1
2021-06-25,1,1,0
2021-06-25,4,0,4
2021-06-25,5,3,2
2021-06-25,8,6,2
2021-06-25,16,12,4
2021-06-25,11,2,9
2021-06-25,11,7,4
2021-06-25,11,3,8
2021-06-25,8,4,4
2021-06-25,7,4,3
2021-06-25,10,7,3
2021-06-25,20,10,10
2021-06-25,9,5,4
2021-06-25,9,4,5
2021-06-25,8,3,5
2021-06-25,6,3,3
2021-06-25,3,3,0
2021-06-25,0,0,0
2021-06-26,0,0,0
2021-06-26,1,0,1
2021-06-26,0,0,0
2021-06-26,2,2,0
2021-06-26,1,1,0
2021-06-26,0,0,0
2021-06-26,3,1,2
2021-06-26,5,1,4
2021-06-26,4,0,4
2021-06-26,10,4,6
2021-06-26,33,6,27
2021-06-26,4,2,2
2021-06-26,14,10,4
2021-06-26,12,4,8
2021-06-26,5,2,3
2021-06-26,9,4,5
2021-06-26,3,2,1
2021-06-26,2,1,1
2021-06-26,11,7,4
2021-06-26,7,6,1
2021-06-26,1,0,1
2021-06-26,7,4,3
2021-06-26,2,2,0
2021-06-26,3,2,1
2021-06-27,1,0,1
2021-06-27,0,0,0
2021-06-27,0,0,0
2021-06-27,0,0,0
2021-06-27,1,1,0
2021-06-27,0,0,0
2021-06-27,4,2,2
2021-06-27,1,0,1
2021-06-27,8,2,6
2021-06-27,8,3,5
2021-06-27,14,5,9
2021-06-27,17,10,7
2021-06-27,13,10,3
2021-06-27,10,4,6
2021-06-27,5,1,4
2021-06-27,1,0,1
2021-06-27,4,2,2
2021-06-27,5,3,2
2021-06-27,1,0,1
2021-06-27,3,3,0
2021-06-27,2,2,0
2021-06-27,5,3,2
2021-06-27,1,0,1
2021-06-27,0,0,0
2021-06-28,0,0,0
2021-06-28,1,1,0
2021-06-28,0,0,0
2021-06-28,0,0,0
2021-06-28,1,0,1
2021-06-28,0,0,0
2021-06-28,1,0,1
2021-06-28,7,4,3
2021-06-28,6,2,4
2021-06-28,9,5,4
2021-06-28,2,1,1
2021-06-28,3,2,1
2021-06-28,6,3,3
2021-06-28,3,2,1
2021-06-28,3,1,2
2021-06-28,7,2,5
2021-06-28,6,2,4
2021-06-28,5,3,2
2021-06-28,2,1,1
2021-06-28,4,3,1
2021-06-28,4,1,3
2021-06-28,1,1,0
2021-06-28,1,1,0
2021-06-28,0,0,0
2021-06-29,0,0,0
2021-06-29,1,0,1
2021-06-29,1,0,1
2021-06-29,0,0,0
2021-06-29,0,0,0
2021-06-29,1,0,1
2021-06-29,0,0,0
2021-06-29,11,5,6
2021-06-29,7,3,4
2021-06-29,6,5,1
2021-06-29,11,6,5
2021-06-29,6,3,3
2021-06-29,5,3,2
2021-06-29,7,3,4
2021-06-29,4,2,2
2021-06-29,7,3,4
2021-06-29,8,5,3
2021-06-29,12,5,7
2021-06-29,16,5,11
2021-06-29,6,4,2
2021-06-29,2,1,1
2021-06-29,7,5,2
2021-06-29,2,1,1
2021-06-29,4,3,1
2021-06-30,1,1,0
2021-06-30,1,0,1
2021-06-30,0,0,0
2021-06-30,0,0,0
2021-06-30,1,1,0
2021-06-30,0,0,0
2021-06-30,2,0,2
2021-06-30,6,5,1
2021-06-30,2,1,1
2021-06-30,0,0,0
2021-06-30,0,0,0
2021-06-30,0,0,0
2021-06-30,0,0,0
2021-06-30,0,0,0
2021-06-30,0,0,0
2021-06-30,0,0,0
2021-06-30,4,1,3
2021-06-30,17,9,8
2021-06-30,10,4,6
2021-06-30,11,7,4
2021-06-30,9,3,6
2021-06-30,8,5,3
2021-06-30,0,0,0
2021-06-30,2,0,2
2021-07-01,2,0,2
2021-07-01,0,0,0
2021-07-01,0,0,0
2021-07-01,0,0,0
2021-07-01,0,0,0
2021-07-01,3,0,3
2021-07-01,1,0,1
2021-07-01,5,3,2
2021-07-01,6,4,2
2021-07-01,12,6,6
2021-07-01,9,5,4
2021-07-01,6,1,5
2021-07-01,13,8,5
2021-07-01,7,5,2
2021-07-01,7,4,3
2021-07-01,5,0,5
2021-07-01,19,12,7
2021-07-01,19,7,12
2021-07-01,13,7,6
2021-07-01,6,3,3
2021-07-01,6,0,6
2021-07-01,3,1,2
2021-07-01,5,4,1
2021-07-01,3,0,3
2021-07-02,1,1,0
2021-07-02,0,0,0
2021-07-02,0,0,0
2021-07-02,0,0,0
2021-07-02,0,0,0
2021-07-02,1,1,0
2021-07-02,3,1,2
2021-07-02,9,5,4
2021-07-02,9,7,2
2021-07-02,8,6,2
2021-07-02,9,3,6
2021-07-02,7,5,2
2021-07-02,3,3,0
2021-07-02,6,3,3
2021-07-02,11,6,5
2021-07-02,7,2,5
2021-07-02,11,4,7
2021-07-02,13,3,10
2021-07-02,13,7,6
2021-07-02,11,5,6
2021-07-02,6,3,3
2021-07-02,5,5,0
2021-07-02,5,2,3
2021-07-02,0,0,0
2021-07-03,1,0,1
2021-07-03,1,1,0
2021-07-03,0,0,0
2021-07-03,0,0,0
2021-07-03,0,0,0
2021-07-03,1,0,1
2021-07-03,0,0,0
2021-07-03,6,3,3
2021-07-03,3,3,0
2021-07-03,4,3,1
2021-07-03,9,3,6
2021-07-03,11,7,4
2021-07-03,6,3,3
2021-07-03,6,3,3
2021-07-03,10,4,6
2021-07-03,9,4,5
2021-07-03,9,2,7
2021-07-03,13,4,9
2021-07-03,8,3,5
2021-07-03,6,2,4
2021-07-03,2,1,1
2021-07-03,5,3,2
2021-07-03,2,0,2
2021-07-03,2,0,2
2021-07-04,1,0,1
2021-07-04,0,0,0
2021-07-04,0,0,0
2021-07-04,2,0,2
2021-07-04,0,0,0
2021-07-04,0,0,0
2021-07-04,1,1,0
2021-07-04,3,1,2
2021-07-04,3,1,2
2021-07-04,6,4,2
2021-07-04,13,3,10
2021-07-04,18,10,8
2021-07-04,10,6,4
2021-07-04,17,4,13
2021-07-04,11,6,5
2021-07-04,11,5,6
2021-07-04,9,2,7
2021-07-04,14,11,3
2021-07-04,8,4,4
2021-07-04,10,6,4
2021-07-04,6,4,2
2021-07-04,4,0,4
2021-07-04,2,2,0
2021-07-04,1,1,0
2021-07-05,2,2,0
2021-07-05,0,0,0
2021-07-05,2,1,1
2021-07-05,2,1,1
2021-07-05,0,0,0
2021-07-05,0,0,0
2021-07-05,1,0,1
2021-07-05,2,1,1
2021-07-05,7,3,4
2021-07-05,10,3,7
2021-07-05,4,1,3
2021-07-05,12,7,5
2021-07-05,12,7,5
2021-07-05,12,6,6
2021-07-05,9,5,4
2021-07-05,20,10,10
2021-07-05,22,11,11
2021-07-05,17,12,5
2021-07-05,14,11,3
2021-07-05,9,3,6
2021-07-05,2,1,1
2021-07-05,3,1,2
2021-07-05,0,0,0
2021-07-05,0,0,0
2021-07-06,0,0,0
2021-07-06,0,0,0
2021-07-06,0,0,0
2021-07-06,0,0,0
2021-07-06,0,0,0
2021-07-06,0,0,0
2021-07-06,0,0,0
2021-07-06,1,1,0
2021-07-06,2,1,1
2021-07-06,1,0,1
2021-07-06,0,0,0
2021-07-06,0,0,0
2021-07-06,1,1,0
2021-07-06,0,0,0
2021-07-06,0,0,0
2021-07-06,0,0,0
2021-07-06,1,1,0
2021-07-06,0,0,0
2021-07-06,0,0,0
2021-07-06,2,1,1
2021-07-06,6,2,4
2021-07-06,4,2,2
2021-07-06,0,0,0
2021-07-06,0,0,0
2021-07-07,0,0,0
2021-07-07,0,0,0
2021-07-07,0,0,0
2021-07-07,0,0,0
2021-07-07,0,0,0
2021-07-07,0,0,0
2021-07-07,0,0,0
2021-07-07,0,0,0
2021-07-07,0,0,0
2021-07-07,0,0,0
2021-07-07,0,0,0
2021-07-07,0,0,0
2021-07-07,0,0,0
2021-07-07,0,0,0
2021-07-07,0,0,0
2021-07-07,0,0,0
2021-07-07,0,0,0
2021-07-07,0,0,0
2021-07-07,0,0,0
2021-07-07,0,0,0
2021-07-07,0,0,0
2021-07-07,0,0,0
2021-07-07,0,0,0
2021-07-07,0,0,0
2021-07-08,0,0,0
2021-07-08,0,0,0
2021-07-08,0,0,0
2021-07-08,0,0,0
2021-07-08,0,0,0
2021-07-08,0,0,0
2021-07-08,0,0,0
2021-07-08,0,0,0
2021-07-08,0,0,0
2021-07-08,0,0,0
2021-07-08,0,0,0
2021-07-08,0,0,0
2021-07-08,0,0,0
2021-07-08,0,0,0
2021-07-08,0,0,0
2021-07-08,0,0,0
2021-07-08,0,0,0
2021-07-08,4,3,1
2021-07-08,19,10,9
2021-07-08,10,6,4
2021-07-08,8,3,5
2021-07-08,5,4,1
2021-07-08,7,5,2
2021-07-08,0,0,0
2021-07-09,0,0,0
2021-07-09,0,0,0
2021-07-09,2,1,1
2021-07-09,0,0,0
2021-07-09,0,0,0
2021-07-09,1,0,1
2021-07-09,0,0,0
2021-07-09,6,4,2
2021-07-09,9,6,3
2021-07-09,11,8,3
2021-07-09,8,4,4
2021-07-09,6,3,3
2021-07-09,4,0,4
2021-07-09,8,3,5
2021-07-09,10,8,2
2021-07-09,17,5,12
2021-07-09,22,15,7
2021-07-09,22,13,9
2021-07-09,10,5,5
2021-07-09,7,5,2
2021-07-09,10,7,3
2021-07-09,7,4,3
2021-07-09,4,2,2
2021-07-09,1,0,1
2021-07-10,0,0,0
2021-07-10,2,1,1
2021-07-10,1,1,0
2021-07-10,0,0,0
2021-07-10,1,1,0
2021-07-10,0,0,0
2021-07-10,1,0,1
2021-07-10,1,1,0
2021-07-10,6,2,4
2021-07-10,6,4,2
2021-07-10,8,4,4
2021-07-10,8,5,3
2021-07-10,19,9,10
2021-07-10,9,3,6
2021-07-10,8,3,5
2021-07-10,19,14,5
2021-07-10,12,8,4
2021-07-10,12,5,7
2021-07-10,11,5,6
2021-07-10,7,2,5
2021-07-10,13,7,6
2021-07-10,5,5,0
2021-07-10,2,2,0
2021-07-10,0,0,0
2021-07-11,0,0,0
2021-07-11,0,0,0
2021-07-11,0,0,0
2021-07-11,0,0,0
2021-07-11,1,1,0
2021-07-11,0,0,0
2021-07-11,0,0,0
2021-07-11,5,1,4
2021-07-11,6,1,5
2021-07-11,15,5,10
2021-07-11,10,5,5
2021-07-11,22,11,11
2021-07-11,16,6,10
2021-07-11,10,7,3
2021-07-11,10,6,4
2021-07-11,8,4,4
2021-07-11,10,4,6
2021-07-11,10,5,5
2021-07-11,7,6,1
2021-07-11,15,9,6
2021-07-11,6,2,4
2021-07-11,4,2,2
2021-07-11,3,2,1
2021-07-11,0,0,0
2021-07-12,0,0,0
2021-07-12,0,0,0
2021-07-12,0,0,0
2021-07-12,0,0,0
2021-07-12,0,0,0
2021-07-12,0,0,0
2021-07-12,1,0,1
2021-07-12,4,1,3
2021-07-12,4,3,1
2021-07-12,6,3,3
2021-07-12,5,2,3
2021-07-12,8,3,5
2021-07-12,4,1,3
2021-07-12,6,4,2
2021-07-12,10,2,8
2021-07-12,6,5,1
2021-07-12,19,12,7
2021-07-12,18,6,12
2021-07-12,17,7,10
2021-07-12,3,2,1
2021-07-12,8,5,3
2021-07-12,12,10,2
2021-07-12,1,0,1
2021-07-12,0,0,0
2021-07-13,2,0,2
2021-07-13,0,0,0
2021-07-13,0,0,0
2021-07-13,0,0,0
2021-07-13,0,0,0
2021-07-13,1,0,1
2021-07-13,2,1,1
2021-07-13,7,4,3
2021-07-13,4,4,0
2021-07-13,9,7,2
2021-07-13,7,2,5
2021-07-13,2,0,2
2021-07-13,10,6,4
2021-07-13,11,4,7
2021-07-13,4,3,1
2021-07-13,9,2,7
2021-07-13,15,4,11
2021-07-13,15,5,10
2021-07-13,10,5,5
2021-07-13,16,4,12
2021-07-13,15,9,6
2021-07-13,4,3,1
2021-07-13,2,2,0
2021-07-13,3,1,2
2021-07-14,1,0,1
2021-07-14,1,1,0
2021-07-14,1,0,1
2021-07-14,0,0,0
2021-07-14,0,0,0
2021-07-14,0,0,0
2021-07-14,2,1,1
2021-07-14,7,4,3
2021-07-14,5,3,2
2021-07-14,11,6,5
2021-07-14,3,1,2
2021-07-14,14,7,7
2021-07-14,6,4,2
2021-07-14,11,4,7
2021-07-14,10,4,6
2021-07-14,18,9,9
2021-07-14,10,3,7
2021-07-14,29,17,12
2021-07-14,30,19,11
2021-07-14,17,13,4
2021-07-14,7,3,4
2021-07-14,7,4,3
2021-07-14,5,2,3
2021-07-14,1,0,1
2021-07-15,0,0,0
2021-07-15,0,0,0
2021-07-15,0,0,0
2021-07-15,0,0,0
2021-07-15,0,0,0
2021-07-15,0,0,0
2021-07-15,2,1,1
2021-07-15,6,4,2
2021-07-15,8,3,5
2021-07-15,6,2,4
2021-07-15,3,3,0
2021-07-15,2,2,0
2021-07-15,7,4,3
2021-07-15,5,1,4
2021-07-15,12,7,5
2021-07-15,8,3,5
2021-07-15,16,8,8
2021-07-15,13,4,9
2021-07-15,12,7,5
2021-07-15,15,10,5
2021-07-15,6,4,2
2021-07-15,9,4,5
2021-07-15,3,3,0
2021-07-15,2,1,1
2021-07-16,1,1,0
2021-07-16,3,1,2
2021-07-16,4,2,2
2021-07-16,0,0,0
2021-07-16,0,0,0
2021-07-16,3,0,3
2021-07-16,2,2,0
2021-07-16,1,0,1
2021-07-16,7,5,2
2021-07-16,10,7,3
2021-07-16,5,1,4
2021-07-16,8,5,3
2021-07-16,10,4,6
2021-07-16,2,1,1
2021-07-16,6,6,0
2021-07-16,5,0,5
2021-07-16,8,5,3
2021-07-16,10,6,4
2021-07-16,5,1,4
2021-07-16,9,3,6
2021-07-16,6,2,4
2021-07-16,2,1,1
2021-07-16,3,2,1
2021-07-16,2,1,1
2021-07-17,1,1,0
2021-07-17,0,0,0
2021-07-17,1,1,0
2021-07-17,0,0,0
2021-07-17,0,0,0
2021-07-17,0,0,0
2021-07-17,1,0,1
2021-07-17,7,2,5
2021-07-17,5,4,1
2021-07-17,3,2,1
2021-07-17,0,0,0
2021-07-17,0,0,0
2021-07-17,9,7,2
2021-07-17,0,0,0
2021-07-17,0,0,0
2021-07-17,0,0,0
2021-07-17,0,0,0
2021-07-17,0,0,0
2021-07-17,0,0,0
2021-07-17,3,3,0
2021-07-17,11,6,5
2021-07-17,2,1,1
2021-07-17,3,2,1
2021-07-17,2,1,1
2021-07-18,1,0,1
2021-07-18,0,0,0
2021-07-18,0,0,0
2021-07-18,0,0,0
2021-07-18,0,0,0
2021-07-18,0,0,0
2021-07-18,1,0,1
2021-07-18,0,0,0
2021-07-18,2,1,1
2021-07-18,6,1,5
2021-07-18,13,5,8
2021-07-18,23,10,13
2021-07-18,24,11,13
2021-07-18,19,9,10
2021-07-18,22,13,9
2021-07-18,11,4,7
2021-07-18,15,6,9
2021-07-18,8,7,1
2021-07-18,10,6,4
2021-07-18,3,2,1
2021-07-18,2,1,1
2021-07-18,5,1,4
2021-07-18,2,1,1
2021-07-18,1,1,0
2021-07-19,0,0,0
2021-07-19,0,0,0
2021-07-19,1,0,1
2021-07-19,0,0,0
2021-07-19,1,1,0
2021-07-19,1,0,1
2021-07-19,1,0,1
2021-07-19,5,2,3
2021-07-19,8,5,3
2021-07-19,8,3,5
2021-07-19,3,3,0
2021-07-19,10,7,3
2021-07-19,9,8,1
2021-07-19,5,2,3
2021-07-19,8,8,0
2021-07-19,12,6,6
2021-07-19,13,6,7
2021-07-19,14,8,6
2021-07-19,18,9,9
2021-07-19,8,3,5
2021-07-19,5,1,4
2021-07-19,5,3,2
2021-07-19,1,1,0
2021-07-19,1,0,1
2021-07-20,0,0,0
2021-07-20,0,0,0
2021-07-20,0,0,0
2021-07-20,0,0,0
2021-07-20,0,0,0
2021-07-20,0,0,0
2021-07-20,0,0,0
2021-07-20,4,2,2
2021-07-20,8,4,4
2021-07-20,2,1,1
2021-07-20,6,2,4
2021-07-20,8,3,5
2021-07-20,7,5,2
2021-07-20,7,5,2
2021-07-20,10,8,2
2021-07-20,6,4,2
2021-07-20,8,2,6
2021-07-20,20,8,12
2021-07-20,18,8,10
2021-07-20,15,11,4
2021-07-20,5,4,1
2021-07-20,9,4,5
2021-07-20,1,1,0
2021-07-20,1,0,1
2021-07-21,3,2,1
2021-07-21,1,1,0
2021-07-21,0,0,0
2021-07-21,1,1,0
2021-07-21,0,0,0
2021-07-21,0,0,0
2021-07-21,2,1,1
2021-07-21,5,1,4
2021-07-21,6,3,3
2021-07-21,4,2,2
2021-07-21,9,1,8
2021-07-21,8,4,4
2021-07-21,9,5,4
2021-07-21,9,6,3
2021-07-21,10,4,6
2021-07-21,9,6,3
2021-07-21,6,2,4
2021-07-21,15,6,9
2021-07-21,13,8,5
2021-07-21,11,6,5
2021-07-21,8,3,5
2021-07-21,6,5,1
2021-07-21,2,1,1
2021-07-21,1,1,0
2021-07-22,0,0,0
2021-07-22,1,1,0
2021-07-22,0,0,0
2021-07-22,0,0,0
2021-07-22,0,0,0
2021-07-22,0,0,0
2021-07-22,2,2,0
2021-07-22,4,1,3
2021-07-22,4,3,1
2021-07-22,4,3,1
2021-07-22,3,1,2
2021-07-22,7,2,5
2021-07-22,10,5,5
2021-07-22,12,7,5
2021-07-22,11,5,6
2021-07-22,15,7,8
2021-07-22,11,4,7
2021-07-22,15,6,9
2021-07-22,15,8,7
2021-07-22,10,9,1
2021-07-22,5,3,2
2021-07-22,6,5,1
2021-07-22,0,0,0
2021-07-22,1,1,0
2021-07-23,1,0,1
2021-07-23,0,0,0
2021-07-23,0,0,0
2021-07-23,1,0,1
2021-07-23,0,0,0
2021-07-23,0,0,0
2021-07-23,0,0,0
2021-07-23,2,0,2
2021-07-23,8,5,3
2021-07-23,9,5,4
2021-07-23,8,4,4
2021-07-23,11,5,6
2021-07-23,8,2,6
2021-07-23,6,4,2
2021-07-23,7,3,4
2021-07-23,9,2,7
2021-07-23,12,5,7
2021-07-23,23,14,9
2021-07-23,8,5,3
2021-07-23,11,3,8
2021-07-23,9,4,5
2021-07-23,4,3,1
2021-07-23,2,1,1
2021-07-23,2,1,1
2021-07-24,0,0,0
2021-07-24,2,1,1
2021-07-24,1,0,1
2021-07-24,0,0,0
2021-07-24,0,0,0
2021-07-24,1,0,1
2021-07-24,1,0,1
2021-07-24,2,1,1
2021-07-24,4,1,3
2021-07-24,4,2,2
2021-07-24,10,2,8
2021-07-24,8,6,2
2021-07-24,16,8,8
2021-07-24,18,7,11
2021-07-24,18,9,9
2021-07-24,21,14,7
2021-07-24,11,6,5
2021-07-24,5,4,1
2021-07-24,12,10,2
2021-07-24,8,3,5
2021-07-24,6,3,3
2021-07-24,4,2,2
2021-07-24,1,1,0
2021-07-24,1,1,0
2021-07-25,0,0,0
2021-07-25,1,0,1
2021-07-25,1,0,1
2021-07-25,1,1,0
2021-07-25,0,0,0
2021-07-25,0,0,0
2021-07-25,1,0,1
2021-07-25,3,1,2
2021-07-25,5,1,4
2021-07-25,11,2,9
2021-07-25,20,11,9
2021-07-25,21,10,11
2021-07-25,29,11,18
2021-07-25,23,16,7
2021-07-25,15,10,5
2021-07-25,19,13,6
2021-07-25,12,5,7
2021-07-25,15,8,7
2021-07-25,13,6,7
2021-07-25,13,6,7
2021-07-25,4,2,2
2021-07-25,2,2,0
2021-07-25,8,4,4
2021-07-25,2,2,0
2021-07-26,1,1,0
2021-07-26,0,0,0
2021-07-26,0,0,0
2021-07-26,0,0,0
2021-07-26,0,0,0
2021-07-26,1,0,1
2021-07-26,2,1,1
2021-07-26,6,3,3
2021-07-26,4,2,2
2021-07-26,14,9,5
2021-07-26,6,4,2
2021-07-26,12,8,4
2021-07-26,6,2,4
2021-07-26,1,1,0
2021-07-26,9,7,2
2021-07-26,9,6,3
2021-07-26,12,6,6
2021-07-26,13,7,6
2021-07-26,9,4,5
2021-07-26,17,5,12
2021-07-26,3,3,0
2021-07-26,4,3,1
2021-07-26,1,1,0
2021-07-26,0,0,0
2021-07-27,1,0,1
2021-07-27,1,0,1
2021-07-27,0,0,0
2021-07-27,0,0,0
2021-07-27,0,0,0
2021-07-27,0,0,0
2021-07-27,3,0,3
2021-07-27,8,5,3
2021-07-27,9,5,4
2021-07-27,6,5,1
2021-07-27,6,2,4
2021-07-27,7,3,4
2021-07-27,10,5,5
2021-07-27,11,7,4
2021-07-27,11,4,7
2021-07-27,11,5,6
2021-07-27,12,6,6
2021-07-27,12,3,9
2021-07-27,17,8,9
2021-07-27,24,8,16
2021-07-27,9,6,3
2021-07-27,3,0,3
2021-07-27,2,1,1
2021-07-27,1,0,1
2021-07-28,0,0,0
2021-07-28,0,0,0
2021-07-28,0,0,0
2021-07-28,1,0,1
2021-07-28,1,0,1
2021-07-28,0,0,0
2021-07-28,3,1,2
2021-07-28,10,2,8
2021-07-28,14,9,5
2021-07-28,10,6,4
2021-07-28,13,8,5
2021-07-28,7,2,5
2021-07-28,16,6,10
2021-07-28,10,7,3
2021-07-28,14,9,5
2021-07-28,10,8,2
2021-07-28,13,5,8
2021-07-28,14,6,8
2021-07-28,21,14,7
2021-07-28,10,9,1
2021-07-28,14,8,6
2021-07-28,6,5,1
2021-07-28,3,2,1
2021-07-28,1,1,0
2021-07-29,2,0,2
2021-07-29,0,0,0
2021-07-29,0,0,0
2021-07-29,1,0,1
2021-07-29,0,0,0
2021-07-29,1,0,1
2021-07-29,3,1,2
2021-07-29,4,2,2
2021-07-29,9,4,5
2021-07-29,11,6,5
2021-07-29,7,3,4
2021-07-29,9,4,5
2021-07-29,11,8,3
2021-07-29,3,1,2
2021-07-29,13,9,4
2021-07-29,14,10,4
2021-07-29,9,4,5
2021-07-29,20,7,13
2021-07-29,21,9,12
2021-07-29,22,13,9
2021-07-29,11,8,3
2021-07-29,3,2,1
2021-07-29,3,2,1
2021-07-29,1,1,0
2021-07-30,0,0,0
2021-07-30,0,0,0
2021-07-30,0,0,0
2021-07-30,0,0,0
2021-07-30,0,0,0
2021-07-30,2,1,1
2021-07-30,1,0,1
2021-07-30,4,2,2
2021-07-30,12,6,6
2021-07-30,10,4,6
2021-07-30,15,5,10
2021-07-30,10,2,8
2021-07-30,8,3,5
2021-07-30,11,6,5
2021-07-30,7,5,2
2021-07-30,10,3,7
2021-07-30,14,7,7
2021-07-30,15,7,8
2021-07-30,11,4,7
2021-07-30,9,1,8
2021-07-30,9,4,5
2021-07-30,5,4,1
2021-07-30,2,0,2
2021-07-30,1,0,1
2021-07-31,0,0,0
2021-07-31,1,1,0
2021-07-31,2,2,0
2021-07-31,1,0,1
2021-07-31,0,0,0
2021-07-31,1,1,0
2021-07-31,3,2,1
2021-07-31,3,1,2
2021-07-31,2,1,1
2021-07-31,3,2,1
2021-07-31,7,3,4
2021-07-31,11,5,6
2021-07-31,10,4,6
2021-07-31,7,6,1
2021-07-31,6,3,3
2021-07-31,14,3,11
2021-07-31,17,10,7
2021-07-31,5,4,1
2021-07-31,8,2,6
2021-07-31,3,2,1
2021-07-31,5,2,3
2021-07-31,4,2,2
2021-07-31,2,0,2
2021-07-31,3,2,1
2021-08-01,3,1,2
2021-08-01,2,2,0
2021-08-01,0,0,0
2021-08-01,0,0,0
2021-08-01,0,0,0
2021-08-01,0,0,0
2021-08-01,0,0,0
2021-08-01,1,0,1
2021-08-01,4,1,3
2021-08-01,7,3,4
2021-08-01,8,3,5
2021-08-01,21,9,12
2021-08-01,12,3,9
2021-08-01,22,16,6
2021-08-01,29,18,11
2021-08-01,18,8,10
2021-08-01,14,2,12
2021-08-01,14,9,5
2021-08-01,11,8,3
2021-08-01,14,5,9
2021-08-01,8,6,2
2021-08-01,4,3,1
2021-08-01,1,1,0
2021-08-01,1,0,1
2021-08-02,0,0,0
2021-08-02,0,0,0
2021-08-02,0,0,0
2021-08-02,0,0,0
2021-08-02,1,1,0
2021-08-02,1,0,1
2021-08-02,2,1,1
2021-08-02,6,5,1
2021-08-02,8,5,3
2021-08-02,8,4,4
2021-08-02,2,1,1
2021-08-02,5,3,2
2021-08-02,10,5,5
2021-08-02,10,5,5
2021-08-02,10,8,2
2021-08-02,18,6,12
2021-08-02,20,11,9
2021-08-02,14,7,7
2021-08-02,17,11,6
2021-08-02,16,11,5
2021-08-02,6,3,3
2021-08-02,8,6,2
2021-08-02,2,1,1
2021-08-02,1,0,1
2021-08-03,2,2,0
2021-08-03,0,0,0
2021-08-03,0,0,0
2021-08-03,0,0,0
2021-08-03,0,0,0
2021-08-03,0,0,0
2021-08-03,2,0,2
2021-08-03,6,4,2
2021-08-03,12,8,4
2021-08-03,9,5,4
2021-08-03,11,5,6
2021-08-03,10,6,4
2021-08-03,7,4,3
2021-08-03,11,4,7
2021-08-03,5,4,1
2021-08-03,19,10,9
2021-08-03,21,8,13
2021-08-03,30,9,21
2021-08-03,21,9,12
2021-08-03,32,14,18
2021-08-03,6,2,4
2021-08-03,6,5,1
2021-08-03,2,0,2
2021-08-03,1,0,1
2021-08-04,0,0,0
2021-08-04,0,0,0
2021-08-04,0,0,0
2021-08-04,0,0,0
2021-08-04,1,1,0
2021-08-04,0,0,0
2021-08-04,10,5,5
2021-08-04,3,1,2
2021-08-04,3,1,2
2021-08-04,6,5,1
2021-08-04,9,6,3
2021-08-04,6,3,3
2021-08-04,9,6,3
2021-08-04,6,5,1
2021-08-04,9,5,4
2021-08-04,9,4,5
2021-08-04,13,4,9
2021-08-04,29,14,15
2021-08-04,21,11,10
2021-08-04,13,7,6
2021-08-04,7,4,3
2021-08-04,13,8,5
2021-08-04,3,2,1
2021-08-04,1,1,0
2021-08-05,1,0,1
2021-08-05,1,1,0
2021-08-05,0,0,0
2021-08-05,0,0,0
2021-08-05,0,0,0
2021-08-05,0,0,0
2021-08-05,4,2,2
2021-08-05,6,2,4
2021-08-05,9,5,4
2021-08-05,11,6,5
2021-08-05,3,0,3
2021-08-05,3,2,1
2021-08-05,6,2,4
2021-08-05,16,12,4
2021-08-05,15,9,6
2021-08-05,6,1,5
2021-08-05,13,5,8
2021-08-05,22,10,12
2021-08-05,14,8,6
2021-08-05,19,2,17
2021-08-05,16,8,8
2021-08-05,5,3,2
2021-08-05,0,0,0
2021-08-05,0,0,0
2021-08-06,2,2,0
2021-08-06,0,0,0
2021-08-06,0,0,0
2021-08-06,0,0,0
2021-08-06,0,0,0
2021-08-06,2,2,0
2021-08-06,4,1,3
2021-08-06,3,0,3
2021-08-06,0,0,0
2021-08-06,2,2,0
2021-08-06,5,2,3
2021-08-06,0,0,0
2021-08-06,4,2,2
2021-08-06,4,4,0
2021-08-06,7,5,2
2021-08-06,8,5,3
2021-08-06,13,6,7
2021-08-06,16,11,5
2021-08-06,16,7,9
2021-08-06,6,1,5
2021-08-06,2,1,1
2021-08-06,1,1,0
2021-08-06,0,0,0
2021-08-06,1,1,0
2021-08-07,0,0,0
2021-08-07,0,0,0
2021-08-07,0,0,0
2021-08-07,0,0,0
2021-08-07,0,0,0
2021-08-07,0,0,0
2021-08-07,0,0,0
2021-08-07,3,0,3
2021-08-07,4,0,4
2021-08-07,6,2,4
2021-08-07,14,6,8
2021-08-07,15,8,7
2021-08-07,2,1,1
2021-08-07,11,3,8
2021-08-07,2,2,0
2021-08-07,11,4,7
2021-08-07,20,15,5
2021-08-07,10,2,8
2021-08-07,15,10,5
2021-08-07,3,1,2
2021-08-07,6,4,2
2021-08-07,2,2,0
2021-08-07,1,0,1
2021-08-07,1,0,1
2021-08-08,1,1,0
2021-08-08,1,1,0
2021-08-08,1,0,1
2021-08-08,0,0,0
2021-08-08,0,0,0
2021-08-08,1,1,0
2021-08-08,1,0,1
2021-08-08,2,2,0
2021-08-08,6,2,4
2021-08-08,8,1,7
2021-08-08,13,8,5
2021-08-08,20,6,14
2021-08-08,22,13,9
2021-08-08,14,9,5
2021-08-08,19,8,11
2021-08-08,16,11,5
2021-08-08,13,4,9
2021-08-08,7,2,5
2021-08-08,17,11,6
2021-08-08,10,7,3
2021-08-08,8,7,1
2021-08-08,5,1,4
2021-08-08,0,0,0
2021-08-08,0,0,0
2021-08-09,0,0,0
2021-08-09,1,1,0
2021-08-09,0,0,0
2021-08-09,0,0,0
2021-08-09,0,0,0
2021-08-09,0,0,0
2021-08-09,3,0,3
2021-08-09,9,5,4
2021-08-09,5,3,2
2021-08-09,8,4,4
2021-08-09,1,0,1
2021-08-09,7,3,4
2021-08-09,6,5,1
2021-08-09,10,3,7
2021-08-09,8,6,2
2021-08-09,7,4,3
2021-08-09,6,5,1
2021-08-09,18,7,11
2021-08-09,19,7,12
2021-08-09,12,8,4
2021-08-09,6,4,2
2021-08-09,6,3,3
2021-08-09,1,1,0
2021-08-09,1,0,1
2021-08-10,0,0,0
2021-08-10,1,1,0
2021-08-10,0,0,0
2021-08-10,0,0,0
2021-08-10,1,1,0
2021-08-10,0,0,0
2021-08-10,0,0,0
2021-08-10,6,3,3
2021-08-10,11,8,3
2021-08-10,6,3,3
2021-08-10,7,2,5
2021-08-10,10,3,7
2021-08-10,17,11,6
2021-08-10,12,8,4
2021-08-10,13,4,9
2021-08-10,7,2,5
2021-08-10,11,6,5
2021-08-10,18,10,8
2021-08-10,16,6,10
2021-08-10,19,7,12
2021-08-10,12,5,7
2021-08-10,12,12,0
2021-08-10,1,0,1
2021-08-10,1,1,0
2021-08-11,0,0,0
2021-08-11,1,1,0
2021-08-11,0,0,0
2021-08-11,0,0,0
2021-08-11,0,0,0
2021-08-11,0,0,0
2021-08-11,3,1,2
2021-08-11,7,3,4
2021-08-11,9,4,5
2021-08-11,13,12,1
2021-08-11,10,6,4
2021-08-11,7,3,4
2021-08-11,5,1,4
2021-08-11,13,5,8
2021-08-11,10,5,5
2021-08-11,9,6,3
2021-08-11,15,8,7
2021-08-11,17,4,13
2021-08-11,15,10,5
2021-08-11,19,7,12
2021-08-11,11,5,6
2021-08-11,7,6,1
2021-08-11,2,2,0
2021-08-11,2,2,0
2021-08-12,1,1,0
2021-08-12,0,0,0
2021-08-12,1,0,1
2021-08-12,0,0,0
2021-08-12,2,0,2
2021-08-12,0,0,0
2021-08-12,4,1,3
2021-08-12,8,2,6
2021-08-12,5,4,1
2021-08-12,7,5,2
2021-08-12,9,6,3
2021-08-12,6,3,3
2021-08-12,5,2,3
2021-08-12,11,7,4
2021-08-12,3,2,1
2021-08-12,4,3,1
2021-08-12,11,6,5
2021-08-12,11,6,5
2021-08-12,16,10,6
2021-08-12,15,6,9
2021-08-12,10,5,5
2021-08-12,3,3,0
2021-08-12,0,0,0
2021-08-12,4,1,3
2021-08-13,1,0,1
2021-08-13,0,0,0
2021-08-13,2,1,1
2021-08-13,0,0,0
2021-08-13,0,0,0
2021-08-13,0,0,0
2021-08-13,1,0,1
2021-08-13,4,2,2
2021-08-13,6,4,2
2021-08-13,7,4,3
2021-08-13,6,5,1
2021-08-13,5,2,3
2021-08-13,11,9,2
2021-08-13,3,1,2
2021-08-13,3,1,2
2021-08-13,4,2,2
2021-08-13,8,3,5
2021-08-13,11,7,4
2021-08-13,6,4,2
2021-08-13,9,5,4
2021-08-13,7,4,3
2021-08-13,8,5,3
2021-08-13,0,0,0
2021-08-13,1,0,1
2021-08-14,2,1,1
2021-08-14,1,0,1
2021-08-14,0,0,0
2021-08-14,0,0,0
2021-08-14,0,0,0
2021-08-14,0,0,0
2021-08-14,0,0,0
2021-08-14,5,1,4
2021-08-14,3,2,1
2021-08-14,7,1,6
2021-08-14,13,2,11
2021-08-14,15,6,9
2021-08-14,9,3,6
2021-08-14,10,6,4
2021-08-14,11,3,8
2021-08-14,12,7,5
2021-08-14,14,10,4
2021-08-14,17,10,7
2021-08-14,7,2,5
2021-08-14,3,2,1
2021-08-14,3,1,2
2021-08-14,2,1,1
2021-08-14,3,2,1
2021-08-14,3,3,0
2021-08-15,0,0,0
2021-08-15,0,0,0
2021-08-15,0,0,0
2021-08-15,0,0,0
2021-08-15,0,0,0
2021-08-15,0,0,0
2021-08-15,0,0,0
2021-08-15,8,3,5
2021-08-15,1,0,1
2021-08-15,8,4,4
2021-08-15,11,4,7
2021-08-15,26,12,14
2021-08-15,12,4,8
2021-08-15,17,7,10
2021-08-15,11,7,4
2021-08-15,17,8,9
2021-08-15,25,11,14
2021-08-15,11,7,4
2021-08-15,13,5,8
2021-08-15,11,8,3
2021-08-15,4,1,3
2021-08-15,3,2,1
2021-08-15,3,2,1
2021-08-15,0,0,0
2021-08-16,1,1,0
2021-08-16,0,0,0
2021-08-16,0,0,0
2021-08-16,0,0,0
2021-08-16,0,0,0
2021-08-16,0,0,0
2021-08-16,2,1,1
2021-08-16,8,5,3
2021-08-16,5,4,1
2021-08-16,5,2,3
2021-08-16,6,5,1
2021-08-16,2,0,2
2021-08-16,14,5,9
2021-08-16,5,4,1
2021-08-16,5,4,1
2021-08-16,8,4,4
2021-08-16,7,2,5
2021-08-16,14,7,7
2021-08-16,6,1,5
2021-08-16,8,4,4
2021-08-16,2,1,1
2021-08-16,1,0,1
2021-08-16,2,2,0
2021-08-16,1,1,0
2021-08-17,0,0,0
2021-08-17,0,0,0
2021-08-17,0,0,0
2021-08-17,0,0,0
2021-08-17,0,0,0
2021-08-17,0,0,0
2021-08-17,4,1,3
2021-08-17,4,1,3
2021-08-17,8,4,4
2021-08-17,6,4,2
2021-08-17,3,0,3
2021-08-17,7,5,2
2021-08-17,10,6,4
2021-08-17,8,4,4
2021-08-17,7,5,2
2021-08-17,6,3,3
2021-08-17,17,8,9
2021-08-17,19,10,9
2021-08-17,15,5,10
2021-08-17,12,7,5
2021-08-17,5,2,3
2021-08-17,4,3,1
2021-08-17,3,2,1
2021-08-17,1,1,0
2021-08-18,2,0,2
2021-08-18,0,0,0
2021-08-18,0,0,0
2021-08-18,0,0,0
2021-08-18,0,0,0
2021-08-18,0,0,0
2021-08-18,0,0,0
2021-08-18,4,2,2
2021-08-18,4,3,1
2021-08-18,8,4,4
2021-08-18,5,2,3
2021-08-18,3,2,1
2021-08-18,6,2,4
2021-08-18,14,7,7
2021-08-18,11,2,9
2021-08-18,7,3,4
2021-08-18,23,12,11
2021-08-18,8,6,2
2021-08-18,22,11,11
2021-08-18,10,8,2
2021-08-18,6,6,0
2021-08-18,9,4,5
2021-08-18,3,1,2
2021-08-18,0,0,0
2021-08-19,0,0,0
2021-08-19,1,1,0
2021-08-19,0,0,0
2021-08-19,0,0,0
2021-08-19,0,0,0
2021-08-19,0,0,0
2021-08-19,1,0,1
2021-08-19,8,3,5
2021-08-19,15,8,7
2021-08-19,9,6,3
2021-08-19,6,1,5
2021-08-19,4,2,2
2021-08-19,11,6,5
2021-08-19,14,6,8
2021-08-19,11,7,4
2021-08-19,9,5,4
2021-08-19,16,8,8
2021-08-19,18,8,10
2021-08-19,16,11,5
2021-08-19,10,4,6
2021-08-19,9,9,0
2021-08-19,6,5,1
2021-08-19,1,1,0
2021-08-19,0,0,0
2021-08-20,0,0,0
2021-08-20,0,0,0
2021-08-20,1,0,1
2021-08-20,0,0,0
2021-08-20,0,0,0
2021-08-20,0,0,0
2021-08-20,1,0,1
2021-08-20,5,4,1
2021-08-20,6,2,4
2021-08-20,10,4,6
2021-08-20,10,8,2
2021-08-20,6,4,2
2021-08-20,8,1,7
2021-08-20,10,3,7
2021-08-20,5,3,2
2021-08-20,13,6,7
2021-08-20,16,9,7
2021-08-20,18,3,15
2021-08-20,6,3,3
2021-08-20,6,4,2
2021-08-20,9,8,1
2021-08-20,0,0,0
2021-08-20,0,0,0
2021-08-20,0,0,0
2021-08-21,0,0,0
2021-08-21,1,1,0
2021-08-21,0,0,0
2021-08-21,0,0,0
2021-08-21,0,0,0
2021-08-21,0,0,0
2021-08-21,0,0,0
2021-08-21,3,1,2
2021-08-21,1,0,1
2021-08-21,11,6,5
2021-08-21,10,2,8
2021-08-21,7,6,1
2021-08-21,12,6,6
2021-08-21,14,5,9
2021-08-21,12,5,7
2021-08-21,19,14,5
2021-08-21,10,2,8
2021-08-21,12,10,2
2021-08-21,14,6,8
2021-08-21,10,8,2
2021-08-21,2,1,1
2021-08-21,1,0,1
2021-08-21,0,0,0
2021-08-21,1,0,1
2021-08-22,0,0,0
2021-08-22,0,0,0
2021-08-22,1,0,1
2021-08-22,1,1,0
2021-08-22,0,0,0
2021-08-22,0,0,0
2021-08-22,2,0,2
2021-08-22,1,0,1
2021-08-22,4,2,2
2021-08-22,10,5,5
2021-08-22,8,3,5
2021-08-22,10,3,7
2021-08-22,5,1,4
2021-08-22,12,6,6
2021-08-22,11,5,6
2021-08-22,12,1,11
2021-08-22,10,4,6
2021-08-22,4,2,2
2021-08-22,10,3,7
2021-08-22,9,2,7
2021-08-22,5,3,2
2021-08-22,1,1,0
2021-08-22,0,0,0
2021-08-22,0,0,0
2021-08-23,2,1,1
2021-08-23,0,0,0
2021-08-23,0,0,0
2021-08-23,0,0,0
2021-08-23,0,0,0
2021-08-23,0,0,0
2021-08-23,0,0,0
2021-08-23,3,2,1
2021-08-23,5,0,5
2021-08-23,1,1,0
2021-08-23,1,0,1
2021-08-23,1,0,1
2021-08-23,5,3,2
2021-08-23,9,4,5
2021-08-23,8,6,2
2021-08-23,10,3,7
2021-08-23,12,4,8
2021-08-23,19,8,11
2021-08-23,25,13,12
2021-08-23,17,9,8
2021-08-23,11,6,5
2021-08-23,2,2,0
2021-08-23,0,0,0
2021-08-23,1,0,1
2021-08-24,0,0,0
2021-08-24,0,0,0
2021-08-24,0,0,0
2021-08-24,0,0,0
2021-08-24,0,0,0
2021-08-24,0,0,0
2021-08-24,2,1,1
2021-08-24,6,3,3
2021-08-24,12,7,5
2021-08-24,8,3,5
2021-08-24,8,4,4
2021-08-24,4,3,1
2021-08-24,13,5,8
2021-08-24,10,3,7
2021-08-24,4,1,3
2021-08-24,13,8,5
2021-08-24,17,9,8
2021-08-24,17,5,12
2021-08-24,17,12,5
2021-08-24,15,8,7
2021-08-24,11,8,3
2021-08-24,1,1,0
2021-08-24,0,0,0
2021-08-24,1,1,0
2021-08-25,0,0,0
2021-08-25,1,0,1
2021-08-25,0,0,0
2021-08-25,0,0,0
2021-08-25,0,0,0
2021-08-25,1,0,1
2021-08-25,1,1,0
2021-08-25,7,5,2
2021-08-25,10,4,6
2021-08-25,8,6,2
2021-08-25,8,2,6
2021-08-25,7,4,3
2021-08-25,13,8,5
2021-08-25,6,4,2
2021-08-25,6,2,4
2021-08-25,20,8,12
2021-08-25,19,13,6
2021-08-25,25,14,11
2021-08-25,21,7,14
2021-08-25,13,4,9
2021-08-25,16,10,6
2021-08-25,4,4,0
2021-08-25,1,0,1
2021-08-25,1,1,0
2021-08-26,0,0,0
2021-08-26,0,0,0
2021-08-26,1,1,0
2021-08-26,2,1,1
2021-08-26,0,0,0
2021-08-26,0,0,0
2021-08-26,2,1,1
2021-08-26,5,1,4
2021-08-26,8,4,4
2021-08-26,7,2,5
2021-08-26,5,3,2
2021-08-26,12,8,4
2021-08-26,4,3,1
2021-08-26,6,1,5
2021-08-26,14,9,5
2021-08-26,10,5,5
2021-08-26,9,6,3
2021-08-26,21,12,9
2021-08-26,21,8,13
2021-08-26,7,6,1
2021-08-26,5,2,3
2021-08-26,1,0,1
2021-08-26,4,0,4
2021-08-26,2,1,1
2021-08-27,0,0,0
2021-08-27,0,0,0
2021-08-27,0,0,0
2021-08-27,1,0,1
2021-08-27,0,0,0
2021-08-27,0,0,0
2021-08-27,2,1,1
2021-08-27,1,1,0
2021-08-27,4,1,3
2021-08-27,11,8,3
2021-08-27,2,2,0
2021-08-27,6,3,3
2021-08-27,17,9,8
2021-08-27,21,8,13
2021-08-27,4,2,2
2021-08-27,12,5,7
2021-08-27,11,6,5
2021-08-27,14,11,3
2021-08-27,12,7,5
2021-08-27,14,5,9
2021-08-27,2,2,0
2021-08-27,6,3,3
2021-08-27,0,0,0
2021-08-27,0,0,0
2021-08-28,1,1,0
2021-08-28,0,0,0
2021-08-28,1,0,1
2021-08-28,0,0,0
2021-08-28,1,1,0
2021-08-28,2,0,2
2021-08-28,1,0,1
2021-08-28,5,0,5
2021-08-28,2,2,0
2021-08-28,8,3,5
2021-08-28,16,6,10
2021-08-28,15,4,11
2021-08-28,16,9,7
2021-08-28,15,9,6
2021-08-28,21,7,14
2021-08-28,12,8,4
2021-08-28,16,9,7
2021-08-28,15,9,6
2021-08-28,12,11,1
2021-08-28,9,7,2
2021-08-28,6,2,4
2021-08-28,1,1,0
2021-08-28,4,0,4
2021-08-28,0,0,0
2021-08-29,0,0,0
2021-08-29,0,0,0
2021-08-29,0,0,0
2021-08-29,0,0,0
2021-08-29,0,0,0
2021-08-29,1,0,1
2021-08-29,2,2,0
2021-08-29,6,1,5
2021-08-29,4,2,2
2021-08-29,11,6,5
2021-08-29,11,6,5
2021-08-29,9,2,7
2021-08-29,19,7,12
2021-08-29,13,9,4
2021-08-29,14,8,6
2021-08-29,23,14,9
2021-08-29,13,6,7
2021-08-29,17,9,8
2021-08-29,12,4,8
2021-08-29,12,10,2
2021-08-29,3,3,0
2021-08-29,2,1,1
2021-08-29,3,1,2
2021-08-29,1,1,0
2021-08-30,0,0,0
2021-08-30,0,0,0
2021-08-30,0,0,0
2021-08-30,0,0,0
2021-08-30,0,0,0
2021-08-30,0,0,0
2021-08-30,0,0,0
2021-08-30,4,2,2
2021-08-30,8,3,5
2021-08-30,6,3,3
2021-08-30,6,4,2
2021-08-30,8,6,2
2021-08-30,5,2,3
2021-08-30,4,2,2
2021-08-30,9,3,6
2021-08-30,12,9,3
2021-08-30,5,2,3
2021-08-30,9,5,4
2021-08-30,10,6,4
2021-08-30,12,8,4
2021-08-30,3,2,1
2021-08-30,3,2,1
2021-08-30,0,0,0
2021-08-30,1,0,1
2021-08-31,0,0,0
2021-08-31,0,0,0
2021-08-31,0,0,0
2021-08-31,0,0,0
2021-08-31,0,0,0
2021-08-31,2,0,2
2021-08-31,5,2,3
2021-08-31,9,5,4
2021-08-31,7,5,2
2021-08-31,4,1,3
2021-08-31,7,4,3
2021-08-31,4,2,2
2021-08-31,5,4,1
2021-08-31,11,7,4
2021-08-31,8,4,4
2021-08-31,8,5,3
2021-08-31,7,4,3
2021-08-31,8,4,4
2021-08-31,13,3,10
2021-08-31,2,1,1
2021-08-31,4,3,1
2021-08-31,0,0,0
2021-08-31,1,1,0
2021-08-31,0,0,0
2021-09-01,0,0,0
2021-09-01,0,0,0
2021-09-01,0,0,0
2021-09-01,0,0,0
2021-09-01,0,0,0
2021-09-01,0,0,0
2021-09-01,0,0,0
2021-09-01,7,5,2
2021-09-01,3,1,2
2021-09-01,8,5,3
2021-09-01,8,4,4
2021-09-01,6,2,4
2021-09-01,6,3,3
2021-09-01,4,1,3
2021-09-01,10,4,6
2021-09-01,16,7,9
2021-09-01,19,10,9
2021-09-01,18,13,5
2021-09-01,18,7,11
2021-09-01,12,6,6
2021-09-01,5,3,2
2021-09-01,2,1,1
2021-09-01,3,3,0
2021-09-01,0,0,0
2021-09-02,0,0,0
2021-09-02,0,0,0
2021-09-02,1,0,1
2021-09-02,0,0,0
2021-09-02,0,0,0
2021-09-02,0,0,0
2021-09-02,4,2,2
2021-09-02,6,3,3
2021-09-02,6,3,3
2021-09-02,8,4,4
2021-09-02,4,4,0
2021-09-02,11,6,5
2021-09-02,8,4,4
2021-09-02,7,3,4
2021-09-02,10,6,4
2021-09-02,6,1,5
2021-09-02,10,6,4
2021-09-02,22,12,10
2021-09-02,28,12,16
2021-09-02,14,7,7
2021-09-02,7,7,0
2021-09-02,3,2,1
2021-09-02,1,1,0
2021-09-02,1,1,0
2021-09-03,0,0,0
2021-09-03,0,0,0
2021-09-03,0,0,0
2021-09-03,0,0,0
2021-09-03,1,1,0
2021-09-03,2,1,1
2021-09-03,0,0,0
2021-09-03,9,3,6
2021-09-03,8,2,6
2021-09-03,17,13,4
2021-09-03,6,4,2
2021-09-03,9,5,4
2021-09-03,7,3,4
2021-09-03,12,6,6
2021-09-03,10,4,6
2021-09-03,10,6,4
2021-09-03,17,12,5
2021-09-03,9,2,7
2021-09-03,13,11,2
2021-09-03,8,4,4
2021-09-03,3,2,1
2021-09-03,0,0,0
2021-09-03,1,1,0
2021-09-03,3,2,1
2021-09-04,2,1,1
2021-09-04,1,1,0
2021-09-04,1,0,1
2021-09-04,2,1,1
2021-09-04,0,0,0
2021-09-04,0,0,0
2021-09-04,0,0,0
2021-09-04,3,0,3
2021-09-04,4,2,2
2021-09-04,8,3,5
2021-09-04,5,3,2
2021-09-04,22,8,14
2021-09-04,21,7,14
2021-09-04,16,8,8
2021-09-04,14,8,6
2021-09-04,10,6,4
2021-09-04,12,6,6
2021-09-04,9,8,1
2021-09-04,8,6,2
2021-09-04,4,4,0
2021-09-04,10,8,2
2021-09-04,4,1,3
2021-09-04,2,2,0
2021-09-04,3,2,1
2021-09-05,0,0,0
2021-09-05,0,0,0
2021-09-05,0,0,0
2021-09-05,0,0,0
2021-09-05,0,0,0
2021-09-05,0,0,0
2021-09-05,0,0,0
2021-09-05,2,2,0
2021-09-05,5,2,3
2021-09-05,7,3,4
2021-09-05,9,3,6
2021-09-05,11,5,6
2021-09-05,27,11,16
2021-09-05,21,9,12
2021-09-05,21,16,5
2021-09-05,31,25,6
2021-09-05,14,5,9
2021-09-05,14,9,5
2021-09-05,8,2,6
2021-09-05,8,5,3
2021-09-05,1,1,0
2021-09-05,1,1,0
2021-09-05,2,0,2
2021-09-05,0,0,0
2021-09-06,0,0,0
2021-09-06,0,0,0
2021-09-06,0,0,0
2021-09-06,1,1,0
2021-09-06,1,0,1
2021-09-06,1,1,0
2021-09-06,0,0,0
2021-09-06,2,2,0
2021-09-06,4,1,3
2021-09-06,4,1,3
2021-09-06,7,4,3
2021-09-06,11,5,6
2021-09-06,17,8,9
2021-09-06,24,15,9
2021-09-06,19,6,13
2021-09-06,15,3,12
2021-09-06,16,10,6
2021-09-06,16,12,4
2021-09-06,8,6,2
2021-09-06,10,5,5
2021-09-06,2,2,0
2021-09-06,1,1,0
2021-09-06,1,1,0
2021-09-06,2,2,0
2021-09-07,0,0,0
2021-09-07,3,1,2
2021-09-07,0,0,0
2021-09-07,0,0,0
2021-09-07,0,0,0
2021-09-07,0,0,0
2021-09-07,1,0,1
2021-09-07,3,0,3
2021-09-07,7,5,2
2021-09-07,2,1,1
2021-09-07,8,4,4
2021-09-07,5,2,3
2021-09-07,10,5,5
2021-09-07,6,2,4
2021-09-07,10,6,4
2021-09-07,13,4,9
2021-09-07,17,8,9
2021-09-07,29,16,13
2021-09-07,15,5,10
2021-09-07,13,7,6
2021-09-07,7,5,2
2021-09-07,3,0,3
2021-09-07,4,1,3
2021-09-07,0,0,0
2021-09-08,0,0,0
2021-09-08,0,0,0
2021-09-08,0,0,0
2021-09-08,0,0,0
2021-09-08,0,0,0
2021-09-08,0,0,0
2021-09-08,3,1,2
2021-09-08,10,7,3
2021-09-08,9,3,6
2021-09-08,7,4,3
2021-09-08,4,1,3
2021-09-08,13,6,7
2021-09-08,11,7,4
2021-09-08,16,11,5
2021-09-08,7,2,5
2021-09-08,4,3,1
2021-09-08,10,6,4
2021-09-08,14,4,10
2021-09-08,20,12,8
2021-09-08,10,4,6
2021-09-08,5,4,1
2021-09-08,1,0,1
2021-09-08,2,1,1
2021-09-08,1,1,0
2021-09-09,1,0,1
2021-09-09,0,0,0
2021-09-09,0,0,0
2021-09-09,0,0,0
2021-09-09,0,0,0
2021-09-09,0,0,0
2021-09-09,1,0,1
2021-09-09,8,5,3
2021-09-09,12,7,5
2021-09-09,2,1,1
2021-09-09,8,3,5
2021-09-09,10,6,4
2021-09-09,6,2,4
2021-09-09,9,1,8
2021-09-09,7,6,1
2021-09-09,4,0,4
2021-09-09,16,8,8
2021-09-09,23,13,10
2021-09-09,24,15,9
2021-09-09,10,3,7
2021-09-09,6,3,3
2021-09-09,3,1,2
2021-09-09,3,2,1
2021-09-09,1,0,1
2021-09-10,0,0,0
2021-09-10,0,0,0
2021-09-10,0,0,0
2021-09-10,0,0,0
2021-09-10,0,0,0
2021-09-10,1,0,1
2021-09-10,2,1,1
2021-09-10,7,2,5
2021-09-10,9,7,2
2021-09-10,7,3,4
2021-09-10,10,4,6
2021-09-10,5,1,4
2021-09-10,10,6,4
2021-09-10,5,2,3
2021-09-10,8,6,2
2021-09-10,13,4,9
2021-09-10,11,7,4
2021-09-10,8,3,5
2021-09-10,12,6,6
2021-09-10,4,1,3
2021-09-10,8,8,0
2021-09-10,0,0,0
2021-09-10,3,1,2
2021-09-10,1,1,0
2021-09-11,1,0,1
2021-09-11,0,0,0
2021-09-11,1,0,1
2021-09-11,1,1,0
2021-09-11,1,0,1
2021-09-11,0,0,0
2021-09-11,1,1,0
2021-09-11,2,1,1
2021-09-11,0,0,0
2021-09-11,4,3,1
2021-09-11,14,5,9
2021-09-11,12,8,4
2021-09-11,12,6,6
2021-09-11,8,3,5
2021-09-11,15,7,8
2021-09-11,15,10,5
2021-09-11,13,6,7
2021-09-11,11,4,7
2021-09-11,9,7,2
2021-09-11,7,5,2
2021-09-11,3,3,0
2021-09-11,2,1,1
2021-09-11,3,1,2
2021-09-11,1,1,0
2021-09-12,0,0,0
2021-09-12,0,0,0
2021-09-12,0,0,0
2021-09-12,0,0,0
2021-09-12,0,0,0
2021-09-12,0,0,0
2021-09-12,0,0,0
2021-09-12,4,1,3
2021-09-12,1,1,0
2021-09-12,8,4,4
2021-09-12,5,4,1
2021-09-12,7,2,5
2021-09-12,5,4,1
2021-09-12,8,4,4
2021-09-12,18,10,8
2021-09-12,19,13,6
2021-09-12,12,8,4
2021-09-12,11,8,3
2021-09-12,18,10,8
2021-09-12,3,2,1
2021-09-12,4,2,2
2021-09-12,1,1,0
2021-09-12,0,0,0
2021-09-12,1,0,1
2021-09-13,0,0,0
2021-09-13,0,0,0
2021-09-13,0,0,0
2021-09-13,0,0,0
2021-09-13,0,0,0
2021-09-13,0,0,0
2021-09-13,0,0,0
2021-09-13,3,1,2
2021-09-13,8,4,4
2021-09-13,5,4,1
2021-09-13,0,0,0
2021-09-13,2,1,1
2021-09-13,6,4,2
2021-09-13,4,1,3
2021-09-13,6,4,2
2021-09-13,11,7,4
2021-09-13,12,7,5
2021-09-13,18,10,8
2021-09-13,20,13,7
2021-09-13,6,1,5
2021-09-13,1,1,0
2021-09-13,6,4,2
2021-09-13,1,1,0
2021-09-13,1,0,1
2021-09-14,0,0,0
2021-09-14,0,0,0
2021-09-14,0,0,0
2021-09-14,0,0,0
2021-09-14,0,0,0
2021-09-14,0,0,0
2021-09-14,1,1,0
2021-09-14,5,3,2
2021-09-14,16,7,9
2021-09-14,10,6,4
2021-09-14,3,2,1
2021-09-14,3,2,1
2021-09-14,8,5,3
2021-09-14,11,7,4
2021-09-14,6,3,3
2021-09-14,9,3,6
2021-09-14,9,6,3
2021-09-14,18,6,12
2021-09-14,10,5,5
2021-09-14,8,6,2
2021-09-14,5,4,1
2021-09-14,3,1,2
2021-09-14,0,0,0
2021-09-14,1,1,0
2021-09-15,0,0,0
2021-09-15,0,0,0
2021-09-15,0,0,0
2021-09-15,1,0,1
2021-09-15,1,0,1
2021-09-15,0,0,0
2021-09-15,1,0,1
2021-09-15,4,3,1
2021-09-15,12,9,3
2021-09-15,2,2,0
2021-09-15,7,5,2
2021-09-15,4,1,3
2021-09-15,8,3,5
2021-09-15,8,5,3
2021-09-15,5,2,3
2021-09-15,9,7,2
2021-09-15,12,7,5
2021-09-15,16,7,9
2021-09-15,14,6,8
2021-09-15,14,11,3
2021-09-15,2,2,0
2021-09-15,2,2,0
2021-09-15,1,1,0
2021-09-15,0,0,0
2021-09-16,1,1,0
2021-09-16,0,0,0
2021-09-16,0,0,0
2021-09-16,0,0,0
2021-09-16,0,0,0
2021-09-16,1,0,1
2021-09-16,4,2,2
2021-09-16,4,2,2
2021-09-16,10,6,4
2021-09-16,5,2,3
2021-09-16,10,9,1
2021-09-16,7,3,4
2021-09-16,8,5,3
2021-09-16,14,4,10
2021-09-16,14,7,7
2021-09-16,16,8,8
2021-09-16,8,4,4
2021-09-16,17,7,10
2021-09-16,20,10,10
2021-09-16,6,3,3
2021-09-16,8,7,1
2021-09-16,1,0,1
2021-09-16,2,2,0
2021-09-16,2,1,1
2021-09-17,1,0,1
2021-09-17,0,0,0
2021-09-17,0,0,0
2021-09-17,0,0,0
2021-09-17,0,0,0
2021-09-17,0,0,0
2021-09-17,1,0,1
2021-09-17,3,2,1
2021-09-17,4,1,3
2021-09-17,3,1,2
2021-09-17,3,2,1
2021-09-17,2,2,0
2021-09-17,2,2,0
2021-09-17,1,0,1
2021-09-17,5,1,4
2021-09-17,8,5,3
2021-09-17,10,7,3
2021-09-17,5,4,1
2021-09-17,2,0,2
2021-09-17,4,3,1
2021-09-17,1,1,0
2021-09-17,0,0,0
2021-09-17,1,1,0
2021-09-17,3,2,1
2021-09-18,0,0,0
2021-09-18,0,0,0
2021-09-18,0,0,0
2021-09-18,0,0,0
2021-09-18,0,0,0
2021-09-18,0,0,0
2021-09-18,0,0,0
2021-09-18,2,0,2
2021-09-18,4,2,2
2021-09-18,2,1,1
2021-09-18,11,5,6
2021-09-18,11,1,10
2021-09-18,10,5,5
2021-09-18,9,4,5
2021-09-18,3,3,0
2021-09-18,4,2,2
2021-09-18,0,0,0
2021-09-18,3,2,1
2021-09-18,4,3,1
2021-09-18,1,0,1
2021-09-18,3,2,1
2021-09-18,0,0,0
2021-09-18,0,0,0
2021-09-18,0,0,0
2021-09-19,0,0,0
2021-09-19,0,0,0
2021-09-19,1,0,1
2021-09-19,0,0,0
2021-09-19,0,0,0
2021-09-19,0,0,0
2021-09-19,0,0,0
2021-09-19,4,2,2
2021-09-19,4,3,1
2021-09-19,5,1,4
2021-09-19,6,4,2
2021-09-19,9,4,5
2021-09-19,4,4,0
2021-09-19,13,7,6
2021-09-19,12,6,6
2021-09-19,12,6,6
2021-09-19,12,7,5
2021-09-19,0,0,0
2021-09-19,3,2,1
2021-09-19,1,0,1
2021-09-19,3,2,1
2021-09-19,0,0,0
2021-09-19,0,0,0
2021-09-19,0,0,0
2021-09-20,0,0,0
2021-09-20,0,0,0
2021-09-20,0,0,0
2021-09-20,1,1,0
2021-09-20,0,0,0
2021-09-20,0,0,0
2021-09-20,1,1,0
2021-09-20,6,4,2
2021-09-20,7,5,2
2021-09-20,7,5,2
2021-09-20,2,1,1
2021-09-20,8,4,4
2021-09-20,7,4,3
2021-09-20,8,5,3
2021-09-20,4,1,3
2021-09-20,6,2,4
2021-09-20,16,8,8
2021-09-20,18,14,4
2021-09-20,17,8,9
2021-09-20,10,3,7
2021-09-20,8,5,3
2021-09-20,2,1,1
2021-09-20,0,0,0
2021-09-20,0,0,0
2021-09-21,3,2,1
2021-09-21,0,0,0
2021-09-21,0,0,0
2021-09-21,1,0,1
2021-09-21,1,0,1
2021-09-21,1,0,1
2021-09-21,2,2,0
2021-09-21,6,2,4
2021-09-21,19,13,6
2021-09-21,3,2,1
2021-09-21,2,0,2
2021-09-21,10,6,4
2021-09-21,4,2,2
2021-09-21,10,6,4
2021-09-21,8,4,4
2021-09-21,14,7,7
2021-09-21,14,7,7
2021-09-21,20,8,12
2021-09-21,32,15,17
2021-09-21,13,7,6
2021-09-21,4,1,3
2021-09-21,4,1,3
2021-09-21,2,1,1
2021-09-21,1,1,0
2021-09-22,0,0,0
2021-09-22,0,0,0
2021-09-22,0,0,0
2021-09-22,1,1,0
2021-09-22,0,0,0
2021-09-22,0,0,0
2021-09-22,1,1,0
2021-09-22,8,7,1
2021-09-22,14,11,3
2021-09-22,4,2,2
2021-09-22,6,2,4
2021-09-22,3,1,2
2021-09-22,7,5,2
2021-09-22,6,3,3
2021-09-22,7,5,2
2021-09-22,10,3,7
2021-09-22,9,2,7
2021-09-22,18,11,7
2021-09-22,29,12,17
2021-09-22,7,5,2
2021-09-22,8,6,2
2021-09-22,6,5,1
2021-09-22,0,0,0
2021-09-22,0,0,0
2021-09-23,0,0,0
2021-09-23,2,1,1
2021-09-23,0,0,0
2021-09-23,0,0,0
2021-09-23,0,0,0
2021-09-23,1,0,1
2021-09-23,1,0,1
2021-09-23,6,4,2
2021-09-23,15,10,5
2021-09-23,4,3,1
2021-09-23,3,2,1
2021-09-23,10,6,4
2021-09-23,6,2,4
2021-09-23,8,4,4
2021-09-23,13,4,9
2021-09-23,6,3,3
2021-09-23,13,5,8
2021-09-23,16,10,6
2021-09-23,19,10,9
2021-09-23,12,9,3
2021-09-23,0,0,0
2021-09-23,2,2,0
2021-09-23,2,0,2
2021-09-23,1,0,1
2021-09-24,0,0,0
2021-09-24,0,0,0
2021-09-24,0,0,0
2021-09-24,1,0,1
2021-09-24,0,0,0
2021-09-24,0,0,0
2021-09-24,1,1,0
2021-09-24,4,2,2
2021-09-24,7,4,3
2021-09-24,7,4,3
2021-09-24,10,5,5
2021-09-24,2,1,1
2021-09-24,5,5,0
2021-09-24,6,5,1
2021-09-24,4,2,2
2021-09-24,14,7,7
2021-09-24,12,4,8
2021-09-24,16,6,10
2021-09-24,14,7,7
2021-09-24,12,8,4
2021-09-24,4,3,1
2021-09-24,3,2,1
2021-09-24,0,0,0
2021-09-24,2,1,1
2021-09-25,1,0,1
2021-09-25,0,0,0
2021-09-25,0,0,0
2021-09-25,0,0,0
2021-09-25,0,0,0
2021-09-25,0,0,0
2021-09-25,0,0,0
2021-09-25,2,1,1
2021-09-25,3,0,3
2021-09-25,7,3,4
2021-09-25,14,6,8
2021-09-25,17,2,15
2021-09-25,19,13,6
2021-09-25,10,4,6
2021-09-25,25,15,10
2021-09-25,17,11,6
2021-09-25,15,8,7
2021-09-25,9,4,5
2021-09-25,10,6,4
2021-09-25,6,3,3
2021-09-25,1,1,0
2021-09-25,2,0,2
2021-09-25,1,1,0
2021-09-25,1,0,1
2021-09-26,0,0,0
2021-09-26,1,0,1
2021-09-26,0,0,0
2021-09-26,0,0,0
2021-09-26,0,0,0
2021-09-26,0,0,0
2021-09-26,1,1,0
2021-09-26,1,0,1
2021-09-26,3,3,0
2021-09-26,3,1,2
2021-09-26,11,5,6
2021-09-26,10,6,4
2021-09-26,8,0,8
2021-09-26,6,4,2
2021-09-26,6,3,3
2021-09-26,2,0,2
2021-09-26,1,0,1
2021-09-26,0,0,0
2021-09-26,0,0,0
2021-09-26,4,4,0
2021-09-26,2,1,1
2021-09-26,2,0,2
2021-09-26,2,0,2
2021-09-26,0,0,0
2021-09-27,0,0,0
2021-09-27,0,0,0
2021-09-27,0,0,0
2021-09-27,0,0,0
2021-09-27,0,0,0
2021-09-27,0,0,0
2021-09-27,0,0,0
2021-09-27,5,4,1
2021-09-27,4,1,3
2021-09-27,4,3,1
2021-09-27,4,2,2
2021-09-27,0,0,0
2021-09-27,5,2,3
2021-09-27,5,2,3
2021-09-27,2,1,1
2021-09-27,3,2,1
2021-09-27,3,1,2
2021-09-27,5,3,2
2021-09-27,7,5,2
2021-09-27,4,3,1
2021-09-27,3,2,1
2021-09-27,2,0,2
2021-09-27,2,2,0
2021-09-27,0,0,0
2021-09-28,0,0,0
2021-09-28,0,0,0
2021-09-28,0,0,0
2021-09-28,0,0,0
2021-09-28,0,0,0
2021-09-28,1,0,1
2021-09-28,1,0,1
2021-09-28,5,3,2
2021-09-28,13,7,6
2021-09-28,5,2,3
2021-09-28,0,0,0
2021-09-28,1,0,1
2021-09-28,3,1,2
2021-09-28,7,3,4
2021-09-28,5,3,2
2021-09-28,10,5,5
2021-09-28,5,2,3
2021-09-28,12,5,7
2021-09-28,15,7,8
2021-09-28,6,1,5
2021-09-28,6,3,3
2021-09-28,3,2,1
2021-09-28,1,0,1
2021-09-28,0,0,0
2021-09-29,0,0,0
2021-09-29,1,1,0
2021-09-29,0,0,0
2021-09-29,1,1,0
2021-09-29,0,0,0
2021-09-29,0,0,0
2021-09-29,2,1,1
2021-09-29,5,2,3
2021-09-29,12,8,4
2021-09-29,5,3,2
2021-09-29,4,1,3
2021-09-29,3,1,2
2021-09-29,5,3,2
2021-09-29,3,2,1
2021-09-29,3,2,1
2021-09-29,3,1,2
2021-09-29,10,6,4
2021-09-29,13,8,5
2021-09-29,6,1,5
2021-09-29,5,3,2
2021-09-29,0,0,0
2021-09-29,2,1,1
2021-09-29,1,1,0
2021-09-29,1,0,1
2021-09-30,0,0,0
2021-09-30,0,0,0
2021-09-30,0,0,0
2021-09-30,0,0,0
2021-09-30,0,0,0
2021-09-30,0,0,0
2021-09-30,0,0,0
2021-09-30,5,3,2
2021-09-30,8,6,2
2021-09-30,6,4,2
2021-09-30,6,2,4
2021-09-30,2,1,1
2021-09-30,1,1,0
2021-09-30,3,3,0
2021-09-30,2,2,0
2021-09-30,1,0,1
2021-09-30,7,2,5
2021-09-30,7,4,3
2021-09-30,7,3,4
2021-09-30,3,2,1
2021-09-30,5,1,4
2021-09-30,1,1,0
2021-09-30,1,1,0
2021-09-30,0,0,0
2021-10-01,0,0,0
2021-10-01,0,0,0
2021-10-01,0,0,0
2021-10-01,0,0,0
2021-10-01,0,0,0
2021-10-01,0,0,0
2021-10-01,1,1,0
2021-10-01,4,2,2
2021-10-01,8,7,1
2021-10-01,5,5,0
2021-10-01,6,1,5
2021-10-01,8,3,5
2021-10-01,10,6,4
2021-10-01,13,8,5
2021-10-01,7,4,3
2021-10-01,6,3,3
2021-10-01,17,4,13
2021-10-01,14,8,6
2021-10-01,13,6,7
2021-10-01,3,3,0
2021-10-01,2,2,0
2021-10-01,1,1,0
2021-10-01,2,1,1
2021-10-01,0,0,0
2021-10-02,1,0,1
2021-10-02,0,0,0
2021-10-02,0,0,0
2021-10-02,1,1,0
2021-10-02,0,0,0
2021-10-02,0,0,0
2021-10-02,1,1,0
2021-10-02,2,1,1
2021-10-02,4,1,3
2021-10-02,7,4,3
2021-10-02,8,5,3
2021-10-02,7,4,3
2021-10-02,11,7,4
2021-10-02,12,4,8
2021-10-02,9,4,5
2021-10-02,9,5,4
2021-10-02,8,6,2
2021-10-02,7,6,1
2021-10-02,1,0,1
2021-10-02,7,7,0
2021-10-02,1,1,0
2021-10-02,3,1,2
2021-10-02,0,0,0
2021-10-02,2,2,0
2021-10-03,0,0,0
2021-10-03,0,0,0
2021-10-03,0,0,0
2021-10-03,0,0,0
2021-10-03,0,0,0
2021-10-03,0,0,0
2021-10-03,1,1,0
2021-10-03,1,0,1
2021-10-03,5,2,3
2021-10-03,4,2,2
2021-10-03,8,5,3
2021-10-03,3,1,2
2021-10-03,14,3,11
2021-10-03,5,3,2
2021-10-03,5,2,3
2021-10-03,7,5,2
2021-10-03,4,2,2
2021-10-03,9,3,6
2021-10-03,3,2,1
2021-10-03,2,1,1
2021-10-03,1,0,1
2021-10-03,1,1,0
2021-10-03,0,0,0
2021-10-03,1,0,1
2021-10-04,2,1,1
2021-10-04,0,0,0
2021-10-04,0,0,0
2021-10-04,0,0,0
2021-10-04,0,0,0
2021-10-04,2,1,1
2021-10-04,2,2,0
2021-10-04,6,4,2
2021-10-04,15,11,4
2021-10-04,5,3,2
2021-10-04,6,3,3
2021-10-04,2,0,2
2021-10-04,2,1,1
2021-10-04,6,3,3
2021-10-04,4,2,2
2021-10-04,7,4,3
2021-10-04,15,11,4
2021-10-04,10,4,6
2021-10-04,13,7,6
2021-10-04,1,1,0
2021-10-04,4,3,1
2021-10-04,1,0,1
2021-10-04,3,1,2
2021-10-04,0,0,0
2021-10-05,0,0,0
2021-10-05,0,0,0
2021-10-05,0,0,0
2021-10-05,0,0,0
2021-10-05,1,0,1
2021-10-05,0,0,0
2021-10-05,4,2,2
2021-10-05,2,1,1
2021-10-05,4,3,1
2021-10-05,4,3,1
2021-10-05,4,0,4
2021-10-05,5,3,2
2021-10-05,1,1,0
2021-10-05,6,2,4
2021-10-05,1,1,0
2021-10-05,3,1,2
2021-10-05,8,5,3
2021-10-05,6,5,1
2021-10-05,10,4,6
2021-10-05,4,2,2
2021-10-05,3,3,0
2021-10-05,1,0,1
2021-10-05,1,1,0
2021-10-05,0,0,0
2021-10-06,3,3,0
2021-10-06,0,0,0
2021-10-06,0,0,0
2021-10-06,0,0,0
2021-10-06,0,0,0
2021-10-06,1,1,0
2021-10-06,2,1,1
2021-10-06,7,5,2
2021-10-06,12,6,6
2021-10-06,7,5,2
2021-10-06,8,4,4
2021-10-06,2,1,1
2021-10-06,6,3,3
2021-10-06,10,5,5
2021-10-06,7,4,3
2021-10-06,9,2,7
2021-10-06,18,7,11
2021-10-06,16,6,10
2021-10-06,10,3,7
2021-10-06,12,8,4
2021-10-06,2,1,1
2021-10-06,2,2,0
2021-10-06,1,1,0
2021-10-06,0,0,0
2021-10-07,1,0,1
2021-10-07,0,0,0
2021-10-07,0,0,0
2021-10-07,0,0,0
2021-10-07,0,0,0
2021-10-07,0,0,0
2021-10-07,1,0,1
2021-10-07,4,1,3
2021-10-07,13,12,1
2021-10-07,3,1,2
2021-10-07,8,6,2
2021-10-07,12,5,7
2021-10-07,5,2,3
2021-10-07,5,2,3
2021-10-07,5,3,2
2021-10-07,12,6,6
2021-10-07,15,4,11
2021-10-07,15,10,5
2021-10-07,10,5,5
2021-10-07,8,3,5
2021-10-07,5,3,2
2021-10-07,0,0,0
2021-10-07,0,0,0
2021-10-07,0,0,0
2021-10-08,0,0,0
2021-10-08,0,0,0
2021-10-08,0,0,0
2021-10-08,0,0,0
2021-10-08,1,1,0
2021-10-08,0,0,0
2021-10-08,1,1,0
2021-10-08,7,4,3
2021-10-08,5,5,0
2021-10-08,5,5,0
2021-10-08,8,2,6
2021-10-08,2,1,1
2021-10-08,6,3,3
2021-10-08,7,3,4
2021-10-08,14,4,10
2021-10-08,6,4,2
2021-10-08,7,1,6
2021-10-08,18,13,5
2021-10-08,7,3,4
2021-10-08,8,5,3
2021-10-08,2,2,0
2021-10-08,3,3,0
2021-10-08,2,2,0
2021-10-08,0,0,0
2021-10-09,0,0,0
2021-10-09,1,0,1
2021-10-09,0,0,0
2021-10-09,0,0,0
2021-10-09,0,0,0
2021-10-09,0,0,0
2021-10-09,1,1,0
2021-10-09,1,0,1
2021-10-09,3,1,2
2021-10-09,5,3,2
2021-10-09,9,2,7
2021-10-09,6,5,1
2021-10-09,9,3,6
2021-10-09,11,2,9
2021-10-09,6,3,3
2021-10-09,14,9,5
2021-10-09,8,7,1
2021-10-09,1,0,1
2021-10-09,9,2,7
2021-10-09,1,1,0
2021-10-09,2,1,1
2021-10-09,2,1,1
2021-10-09,0,0,0
2021-10-09,0,0,0
2021-10-10,1,1,0
2021-10-10,0,0,0
2021-10-10,0,0,0
2021-10-10,1,0,1
2021-10-10,0,0,0
2021-10-10,0,0,0
2021-10-10,0,0,0
2021-10-10,2,0,2
2021-10-10,3,2,1
2021-10-10,1,1,0
2021-10-10,10,2,8
2021-10-10,16,8,8
2021-10-10,16,9,7
2021-10-10,4,3,1
2021-10-10,9,4,5
2021-10-10,6,4,2
2021-10-10,7,5,2
2021-10-10,4,3,1
2021-10-10,2,1,1
2021-10-10,3,2,1
2021-10-10,4,1,3
2021-10-10,1,0,1
2021-10-10,0,0,0
2021-10-10,0,0,0
2021-10-11,0,0,0
2021-10-11,1,1,0
2021-10-11,0,0,0
2021-10-11,0,0,0
2021-10-11,0,0,0
2021-10-11,0,0,0
2021-10-11,1,1,0
2021-10-11,4,3,1
2021-10-11,13,11,2
2021-10-11,5,4,1
2021-10-11,5,4,1
2021-10-11,2,2,0
2021-10-11,7,1,6
2021-10-11,7,5,2
2021-10-11,4,2,2
2021-10-11,6,6,0
2021-10-11,7,1,6
2021-10-11,15,5,10
2021-10-11,11,5,6
2021-10-11,7,4,3
2021-10-11,0,0,0
2021-10-11,3,2,1
2021-10-11,1,1,0
2021-10-11,0,0,0
2021-10-12,1,0,1
2021-10-12,0,0,0
2021-10-12,0,0,0
2021-10-12,0,0,0
2021-10-12,0,0,0
2021-10-12,0,0,0
2021-10-12,2,1,1
2021-10-12,3,1,2
2021-10-12,12,9,3
2021-10-12,8,4,4
2021-10-12,9,6,3
2021-10-12,1,1,0
2021-10-12,9,4,5
2021-10-12,8,4,4
2021-10-12,6,3,3
2021-10-12,8,2,6
2021-10-12,7,4,3
2021-10-12,9,6,3
2021-10-12,13,6,7
2021-10-12,4,2,2
2021-10-12,0,0,0
2021-10-12,0,0,0
2021-10-12,2,0,2
2021-10-12,1,1,0
2021-10-13,0,0,0
2021-10-13,0,0,0
2021-10-13,0,0,0
2021-10-13,0,0,0
2021-10-13,0,0,0
2021-10-13,0,0,0
2021-10-13,1,1,0
2021-10-13,6,4,2
2021-10-13,13,9,4
2021-10-13,2,2,0
2021-10-13,2,1,1
2021-10-13,11,6,5
2021-10-13,10,5,5
2021-10-13,8,3,5
2021-10-13,11,7,4
2021-10-13,11,7,4
2021-10-13,9,3,6
2021-10-13,25,11,14
2021-10-13,10,5,5
2021-10-13,2,1,1
2021-10-13,5,1,4
2021-10-13,3,1,2
2021-10-13,5,2,3
2021-10-13,0,0,0
2021-10-14,1,1,0
2021-10-14,1,0,1
2021-10-14,0,0,0
2021-10-14,1,1,0
2021-10-14,0,0,0
2021-10-14,0,0,0
2021-10-14,0,0,0
2021-10-14,2,1,1
2021-10-14,6,4,2
2021-10-14,9,5,4
2021-10-14,4,2,2
2021-10-14,8,4,4
2021-10-14,6,4,2
2021-10-14,2,1,1
2021-10-14,3,1,2
2021-10-14,5,4,1
2021-10-14,6,1,5
2021-10-14,6,4,2
2021-10-14,10,3,7
2021-10-14,5,2,3
2021-10-14,0,0,0
2021-10-14,0,0,0
2021-10-14,2,0,2
2021-10-14,1,0,1
2021-10-15,1,0,1
2021-10-15,0,0,0
2021-10-15,0,0,0
2021-10-15,1,1,0
2021-10-15,0,0,0
2021-10-15,2,1,1
2021-10-15,0,0,0
2021-10-15,1,0,1
2021-10-15,8,4,4
2021-10-15,11,7,4
2021-10-15,7,2,5
2021-10-15,6,2,4
2021-10-15,3,1,2
2021-10-15,10,3,7
2021-10-15,7,4,3
2021-10-15,4,2,2
2021-10-15,7,5,2
2021-10-15,12,10,2
2021-10-15,15,11,4
2021-10-15,7,2,5
2021-10-15,3,2,1
2021-10-15,2,1,1
2021-10-15,1,1,0
2021-10-15,2,1,1
2021-10-16,1,1,0
2021-10-16,1,1,0
2021-10-16,0,0,0
2021-10-16,0,0,0
2021-10-16,0,0,0
2021-10-16,0,0,0
2021-10-16,0,0,0
2021-10-16,1,0,1
2021-10-16,2,1,1
2021-10-16,4,2,2
2021-10-16,10,4,6
2021-10-16,19,11,8
2021-10-16,13,8,5
2021-10-16,22,14,8
2021-10-16,14,7,7
2021-10-16,18,12,6
2021-10-16,14,8,6
2021-10-16,9,5,4
2021-10-16,6,3,3
2021-10-16,6,3,3
2021-10-16,0,0,0
2021-10-16,0,0,0
2021-10-16,0,0,0
2021-10-16,1,0,1
2021-10-17,1,1,0
2021-10-17,0,0,0
2021-10-17,1,1,0
2021-10-17,0,0,0
2021-10-17,1,0,1
2021-10-17,0,0,0
2021-10-17,1,0,1
2021-10-17,2,0,2
2021-10-17,2,2,0
2021-10-17,8,1,7
2021-10-17,8,6,2
2021-10-17,12,6,6
2021-10-17,5,2,3
2021-10-17,9,6,3
2021-10-17,18,9,9
2021-10-17,10,4,6
2021-10-17,5,5,0
2021-10-17,3,1,2
2021-10-17,5,3,2
2021-10-17,0,0,0
2021-10-17,1,0,1
2021-10-17,0,0,0
2021-10-17,0,0,0
2021-10-17,0,0,0
2021-10-18,0,0,0
2021-10-18,0,0,0
2021-10-18,0,0,0
2021-10-18,0,0,0
2021-10-18,0,0,0
2021-10-18,1,1,0
2021-10-18,1,1,0
2021-10-18,3,3,0
2021-10-18,9,7,2
2021-10-18,8,3,5
2021-10-18,2,1,1
2021-10-18,3,2,1
2021-10-18,7,3,4
2021-10-18,10,5,5
2021-10-18,9,7,2
2021-10-18,6,3,3
2021-10-18,8,3,5
2021-10-18,14,7,7
2021-10-18,7,4,3
2021-10-18,2,0,2
2021-10-18,0,0,0
2021-10-18,2,1,1
2021-10-18,1,1,0
2021-10-18,0,0,0
2021-10-19,0,0,0
2021-10-19,0,0,0
2021-10-19,0,0,0
2021-10-19,0,0,0
2021-10-19,0,0,0
2021-10-19,0,0,0
2021-10-19,1,0,1
2021-10-19,7,2,5
2021-10-19,14,10,4
2021-10-19,10,7,3
2021-10-19,4,1,3
2021-10-19,5,2,3
2021-10-19,3,1,2
2021-10-19,9,5,4
2021-10-19,4,3,1
2021-10-19,6,2,4
2021-10-19,8,3,5
2021-10-19,12,6,6
2021-10-19,9,7,2
2021-10-19,5,5,0
2021-10-19,1,1,0
2021-10-19,1,1,0
2021-10-19,2,1,1
2021-10-19,2,0,2
2021-10-20,0,0,0
2021-10-20,0,0,0
2021-10-20,0,0,0
2021-10-20,1,1,0
2021-10-20,0,0,0
2021-10-20,1,0,1
2021-10-20,0,0,0
2021-10-20,2,1,1
2021-10-20,4,3,1
2021-10-20,1,0,1
2021-10-20,2,0,2
2021-10-20,2,1,1
2021-10-20,4,3,1
2021-10-20,2,1,1
2021-10-20,10,4,6
2021-10-20,8,6,2
2021-10-20,8,4,4
2021-10-20,13,7,6
2021-10-20,7,7,0
2021-10-20,1,0,1
2021-10-20,3,2,1
2021-10-20,1,0,1
2021-10-20,0,0,0
2021-10-20,0,0,0
2021-10-21,0,0,0
2021-10-21,0,0,0
2021-10-21,0,0,0
2021-10-21,1,0,1
2021-10-21,0,0,0
2021-10-21,1,1,0
2021-10-21,0,0,0
2021-10-21,5,4,1
2021-10-21,8,1,7
2021-10-21,5,3,2
2021-10-21,5,3,2
2021-10-21,4,3,1
2021-10-21,9,7,2
2021-10-21,8,4,4
2021-10-21,6,3,3
2021-10-21,4,2,2
2021-10-21,7,2,5
2021-10-21,13,6,7
2021-10-21,9,7,2
2021-10-21,3,3,0
2021-10-21,1,0,1
2021-10-21,4,0,4
2021-10-21,0,0,0
2021-10-21,0,0,0
2021-10-22,0,0,0
2021-10-22,0,0,0
2021-10-22,0,0,0
2021-10-22,0,0,0
2021-10-22,0,0,0
2021-10-22,1,0,1
2021-10-22,1,1,0
2021-10-22,2,0,2
2021-10-22,4,3,1
2021-10-22,6,3,3
2021-10-22,4,2,2
2021-10-22,6,1,5
2021-10-22,2,2,0
2021-10-22,4,3,1
2021-10-22,4,2,2
2021-10-22,7,4,3
2021-10-22,5,4,1
2021-10-22,8,7,1
2021-10-22,10,8,2
2021-10-22,4,3,1
2021-10-22,1,1,0
2021-10-22,1,0,1
2021-10-22,4,3,1
2021-10-22,1,1,0
2021-10-23,0,0,0
2021-10-23,0,0,0
2021-10-23,0,0,0
2021-10-23,0,0,0
2021-10-23,0,0,0
2021-10-23,0,0,0
2021-10-23,0,0,0
2021-10-23,1,0,1
2021-10-23,1,1,0
2021-10-23,2,2,0
2021-10-23,8,2,6
2021-10-23,11,4,7
2021-10-23,5,2,3
2021-10-23,8,3,5
2021-10-23,2,1,1
2021-10-23,4,3,1
2021-10-23,8,5,3
2021-10-23,7,3,4
2021-10-23,8,5,3
2021-10-23,6,5,1
2021-10-23,2,1,1
2021-10-23,0,0,0
2021-10-23,1,0,1
2021-10-23,0,0,0
2021-10-24,0,0,0
2021-10-24,0,0,0
2021-10-24,0,0,0
2021-10-24,0,0,0
2021-10-24,0,0,0
2021-10-24,0,0,0
2021-10-24,0,0,0
2021-10-24,1,0,1
2021-10-24,1,0,1
2021-10-24,1,1,0
2021-10-24,6,2,4
2021-10-24,3,0,3
2021-10-24,3,3,0
2021-10-24,1,0,1
2021-10-24,3,3,0
2021-10-24,0,0,0
2021-10-24,2,1,1
2021-10-24,3,1,2
2021-10-24,1,0,1
2021-10-24,0,0,0
2021-10-24,4,2,2
2021-10-24,0,0,0
2021-10-24,0,0,0
2021-10-24,0,0,0
2021-10-25,1,0,1
2021-10-25,0,0,0
2021-10-25,1,0,1
2021-10-25,0,0,0
2021-10-25,0,0,0
2021-10-25,0,0,0
2021-10-25,0,0,0
2021-10-25,2,1,1
2021-10-25,2,1,1
2021-10-25,1,0,1
2021-10-25,0,0,0
2021-10-25,2,1,1
2021-10-25,4,2,2
2021-10-25,3,2,1
2021-10-25,1,1,0
2021-10-25,2,2,0
2021-10-25,1,0,1
2021-10-25,1,1,0
2021-10-25,4,3,1
2021-10-25,1,0,1
2021-10-25,1,1,0
2021-10-25,2,1,1
2021-10-25,0,0,0
2021-10-25,1,0,1
2021-10-26,2,2,0
2021-10-26,0,0,0
2021-10-26,2,0,2
2021-10-26,0,0,0
2021-10-26,0,0,0
2021-10-26,0,0,0
2021-10-26,2,1,1
2021-10-26,4,1,3
2021-10-26,5,3,2
2021-10-26,3,2,1
2021-10-26,6,2,4
2021-10-26,1,1,0
2021-10-26,2,0,2
2021-10-26,1,1,0
2021-10-26,4,2,2
2021-10-26,2,0,2
2021-10-26,5,3,2
2021-10-26,13,6,7
2021-10-26,4,1,3
2021-10-26,5,4,1
2021-10-26,1,0,1
2021-10-26,0,0,0
2021-10-26,1,0,1
2021-10-26,1,1,0
2021-10-27,1,1,0
2021-10-27,1,1,0
2021-10-27,1,0,1
2021-10-27,0,0,0
2021-10-27,0,0,0
2021-10-27,0,0,0
2021-10-27,1,0,1
2021-10-27,6,4,2
2021-10-27,12,8,4
2021-10-27,1,1,0
2021-10-27,5,3,2
2021-10-27,5,2,3
2021-10-27,3,1,2
2021-10-27,9,3,6
2021-10-27,6,4,2
2021-10-27,9,6,3
2021-10-27,8,2,6
2021-10-27,4,1,3
2021-10-27,19,3,16
2021-10-27,4,3,1
2021-10-27,8,8,0
2021-10-27,0,0,0
2021-10-27,0,0,0
2021-10-27,0,0,0
2021-10-28,0,0,0
2021-10-28,0,0,0
2021-10-28,0,0,0
2021-10-28,0,0,0
2021-10-28,0,0,0
2021-10-28,0,0,0
2021-10-28,2,1,1
2021-10-28,2,1,1
2021-10-28,5,3,2
2021-10-28,1,1,0
2021-10-28,1,0,1
2021-10-28,2,2,0
2021-10-28,2,0,2
2021-10-28,4,4,0
2021-10-28,1,0,1
2021-10-28,3,3,0
2021-10-28,3,2,1
2021-10-28,3,2,1
2021-10-28,4,3,1
2021-10-28,1,0,1
2021-10-28,1,1,0
2021-10-28,1,0,1
2021-10-28,1,1,0
2021-10-28,0,0,0
2021-10-29,0,0,0
2021-10-29,0,0,0
2021-10-29,0,0,0
2021-10-29,0,0,0
2021-10-29,0,0,0
2021-10-29,1,0,1
2021-10-29,0,0,0
2021-10-29,6,3,3
2021-10-29,0,0,0
2021-10-29,1,1,0
2021-10-29,3,1,2
2021-10-29,4,3,1
2021-10-29,5,2,3
2021-10-29,11,5,6
2021-10-29,6,3,3
2021-10-29,7,5,2
2021-10-29,8,4,4
2021-10-29,7,7,0
2021-10-29,11,6,5
2021-10-29,7,3,4
2021-10-29,5,2,3
2021-10-29,0,0,0
2021-10-29,2,0,2
2021-10-29,2,2,0
2021-10-30,0,0,0
2021-10-30,0,0,0
2021-10-30,0,0,0
2021-10-30,0,0,0
2021-10-30,0,0,0
2021-10-30,0,0,0
2021-10-30,1,1,0
2021-10-30,1,0,1
2021-10-30,3,1,2
2021-10-30,5,3,2
2021-10-30,8,2,6
2021-10-30,10,7,3
2021-10-30,13,5,8
2021-10-30,11,5,6
2021-10-30,7,2,5
2021-10-30,17,11,6
2021-10-30,14,7,7
2021-10-30,13,8,5
2021-10-30,6,2,4
2021-10-30,3,2,1
2021-10-30,4,4,0
2021-10-30,2,2,0
2021-10-30,2,1,1
2021-10-30,1,1,0
2021-11-01,0,0,0
2021-11-01,0,0,0
2021-11-01,0,0,0
2021-11-01,0,0,0
2021-11-01,1,0,1
2021-11-01,0,0,0
2021-11-01,0,0,0
2021-11-01,2,0,2
2021-11-01,11,7,4
2021-11-01,3,1,2
2021-11-01,2,1,1
2021-11-01,5,1,4
2021-11-01,5,3,2
2021-11-01,2,2,0
2021-11-01,4,1,3
2021-11-01,3,3,0
2021-11-01,3,1,2
2021-11-01,3,2,1
2021-11-01,13,5,8
2021-11-01,3,2,1
2021-11-01,4,1,3
2021-11-01,0,0,0
2021-11-01,1,1,0
2021-11-01,0,0,0
2021-11-02,0,0,0
2021-11-02,1,1,0
2021-11-02,0,0,0
2021-11-02,0,0,0
2021-11-02,0,0,0
2021-11-02,0,0,0
2021-11-02,3,0,3
2021-11-02,5,4,1
2021-11-02,8,2,6
2021-11-02,7,5,2
2021-11-02,5,3,2
2021-11-02,4,2,2
2021-11-02,6,3,3
2021-11-02,5,3,2
2021-11-02,5,3,2
2021-11-02,6,5,1
2021-11-02,7,4,3
2021-11-02,11,4,7
2021-11-02,15,11,4
2021-11-02,4,3,1
2021-11-02,1,1,0
2021-11-02,0,0,0
2021-11-02,2,1,1
2021-11-02,4,1,3
2021-11-03,0,0,0
2021-11-03,1,1,0
2021-11-03,0,0,0
2021-11-03,0,0,0
2021-11-03,0,0,0
2021-11-03,0,0,0
2021-11-03,3,1,2
2021-11-03,4,3,1
2021-11-03,4,2,2
2021-11-03,2,2,0
2021-11-03,5,1,4
2021-11-03,3,1,2
2021-11-03,4,3,1
2021-11-03,8,3,5
2021-11-03,7,2,5
2021-11-03,4,2,2
2021-11-03,5,1,4
2021-11-03,5,3,2
2021-11-03,7,6,1
2021-11-03,3,2,1
2021-11-03,1,1,0
2021-11-03,2,1,1
2021-11-03,2,0,2
2021-11-03,0,0,0
2021-11-04,0,0,0
2021-11-04,0,0,0
2021-11-04,0,0,0
2021-11-04,0,0,0
2021-11-04,0,0,0
2021-11-04,0,0,0
2021-11-04,1,0,1
2021-11-04,3,2,1
2021-11-04,1,0,1
2021-11-04,1,0,1
2021-11-04,1,1,0
2021-11-04,0,0,0
2021-11-04,1,1,0
2021-11-04,3,2,1
2021-11-04,3,1,2
2021-11-04,4,2,2
2021-11-04,4,2,2
2021-11-04,7,3,4
2021-11-04,4,1,3
2021-11-04,3,3,0
2021-11-04,2,1,1
2021-11-04,1,0,1
2021-11-04,2,0,2
2021-11-04,0,0,0
2021-11-05,0,0,0
2021-11-05,2,1,1
2021-11-05,0,0,0
2021-11-05,0,0,0
2021-11-05,0,0,0
2021-11-05,1,0,1
2021-11-05,0,0,0
2021-11-05,3,0,3
2021-11-05,7,4,3
2021-11-05,2,2,0
2021-11-05,5,3,2
2021-11-05,4,3,1
2021-11-05,8,4,4
2021-11-05,9,7,2
2021-11-05,5,4,1
2021-11-05,10,7,3
2021-11-05,12,10,2
2021-11-05,8,3,5
2021-11-05,12,7,5
2021-11-05,4,1,3
2021-11-05,0,0,0
2021-11-05,2,0,2
2021-11-05,0,0,0
2021-11-05,0,0,0
2021-11-06,0,0,0
2021-11-06,0,0,0
2021-11-06,1,1,0
2021-11-06,0,0,0
2021-11-06,1,1,0
2021-11-06,0,0,0
2021-11-06,0,0,0
2021-11-06,1,1,0
2021-11-06,2,1,1
2021-11-06,1,0,1
2021-11-06,3,0,3
2021-11-06,7,2,5
2021-11-06,6,3,3
2021-11-06,2,1,1
2021-11-06,6,2,4
2021-11-06,6,3,3
2021-11-06,6,5,1
2021-11-06,2,1,1
2021-11-06,3,1,2
2021-11-06,1,0,1
2021-11-06,2,1,1
2021-11-06,3,3,0
2021-11-06,1,0,1
2021-11-06,1,0,1
2021-11-07,0,0,0
2021-11-07,0,0,0
2021-11-07,0,0,0
2021-11-07,0,0,0
2021-11-07,0,0,0
2021-11-07,0,0,0
2021-11-07,0,0,0
2021-11-07,1,0,1
2021-11-07,3,2,1
2021-11-07,6,3,3
2021-11-07,5,2,3
2021-11-07,9,7,2
2021-11-07,4,4,0
2021-11-07,4,1,3
2021-11-07,2,2,0
2021-11-07,7,4,3
2021-11-07,0,0,0
2021-11-07,2,1,1
2021-11-07,5,3,2
2021-11-07,0,0,0
2021-11-07,1,1,0
2021-11-07,0,0,0
2021-11-07,2,2,0
2021-11-07,1,0,1
2021-11-08,0,0,0
2021-11-08,0,0,0
2021-11-08,0,0,0
2021-11-08,0,0,0
2021-11-08,0,0,0
2021-11-08,0,0,0
2021-11-08,0,0,0
2021-11-08,5,4,1
2021-11-08,1,1,0
2021-11-08,2,2,0
2021-11-08,5,3,2
2021-11-08,5,3,2
2021-11-08,15,10,5
2021-11-08,6,4,2
2021-11-08,9,6,3
2021-11-08,12,7,5
2021-11-08,7,5,2
2021-11-08,10,3,7
2021-11-08,2,1,1
2021-11-08,2,1,1
2021-11-08,3,2,1
2021-11-08,1,1,0
2021-11-08,2,1,1
2021-11-08,1,1,0
2021-11-09,0,0,0
2021-11-09,0,0,0
2021-11-09,0,0,0
2021-11-09,0,0,0
2021-11-09,0,0,0
2021-11-09,0,0,0
2021-11-09,0,0,0
2021-11-09,0,0,0
2021-11-09,6,4,2
2021-11-09,3,2,1
2021-11-09,5,1,4
2021-11-09,4,3,1
2021-11-09,5,2,3
2021-11-09,2,2,0
2021-11-09,3,2,1
2021-11-09,1,1,0
2021-11-09,8,4,4
2021-11-09,0,0,0
2021-11-09,4,2,2
2021-11-09,1,1,0
2021-11-09,2,2,0
2021-11-09,0,0,0
2021-11-09,1,1,0
2021-11-09,1,1,0
2021-11-10,0,0,0
2021-11-10,0,0,0
2021-11-10,0,0,0
2021-11-10,0,0,0
2021-11-10,0,0,0
2021-11-10,0,0,0
2021-11-10,0,0,0
2021-11-10,5,4,1
2021-11-10,11,4,7
2021-11-10,3,3,0
2021-11-10,3,2,1
2021-11-10,6,3,3
2021-11-10,4,1,3
2021-11-10,6,3,3
2021-11-10,8,6,2
2021-11-10,5,2,3
2021-11-10,8,2,6
2021-11-10,12,4,8
2021-11-10,6,2,4
2021-11-10,3,2,1
2021-11-10,4,4,0
2021-11-10,0,0,0
2021-11-10,2,1,1
2021-11-10,0,0,0
2021-11-11,0,0,0
2021-11-11,0,0,0
2021-11-11,1,0,1
2021-11-11,0,0,0
2021-11-11,0,0,0
2021-11-11,0,0,0
2021-11-11,0,0,0
2021-11-11,2,1,1
2021-11-11,4,1,3
2021-11-11,2,1,1
2021-11-11,3,2,1
2021-11-11,3,1,2
2021-11-11,3,2,1
2021-11-11,2,2,0
2021-11-11,2,1,1
2021-11-11,3,3,0
2021-11-11,3,0,3
2021-11-11,1,0,1
2021-11-11,1,0,1
2021-11-11,0,0,0
2021-11-11,0,0,0
2021-11-11,0,0,0
2021-11-11,0,0,0
2021-11-11,0,0,0
2021-11-12,0,0,0
2021-11-12,1,1,0
2021-11-12,0,0,0
2021-11-12,1,1,0
2021-11-12,0,0,0
2021-11-12,2,0,2
2021-11-12,0,0,0
2021-11-12,2,0,2
2021-11-12,1,1,0
2021-11-12,3,3,0
2021-11-12,0,0,0
2021-11-12,3,2,1
2021-11-12,5,1,4
2021-11-12,1,1,0
2021-11-12,4,3,1
2021-11-12,3,2,1
2021-11-12,3,1,2
2021-11-12,5,3,2
2021-11-12,3,1,2
2021-11-12,2,1,1
2021-11-12,1,1,0
2021-11-12,4,4,0
2021-11-12,1,0,1
2021-11-12,0,0,0
2021-11-13,1,1,0
2021-11-13,0,0,0
2021-11-13,0,0,0
2021-11-13,0,0,0
2021-11-13,0,0,0
2021-11-13,0,0,0
2021-11-13,0,0,0
2021-11-13,2,0,2
2021-11-13,4,3,1
2021-11-13,3,3,0
2021-11-13,12,4,8
2021-11-13,6,5,1
2021-11-13,13,5,8
2021-11-13,9,4,5
2021-11-13,11,8,3
2021-11-13,8,4,4
2021-11-13,6,4,2
2021-11-13,7,4,3
2021-11-13,1,1,0
2021-11-13,1,1,0
2021-11-13,0,0,0
2021-11-13,1,1,0
2021-11-13,0,0,0
2021-11-13,0,0,0
2021-11-14,0,0,0
2021-11-14,1,1,0
2021-11-14,0,0,0
2021-11-14,0,0,0
2021-11-14,0,0,0
2021-11-14,0,0,0
2021-11-14,0,0,0
2021-11-14,2,0,2
2021-11-14,2,2,0
2021-11-14,5,2,3
2021-11-14,4,2,2
2021-11-14,2,2,0
2021-11-14,3,2,1
2021-11-14,2,1,1
2021-11-14,3,1,2
2021-11-14,5,3,2
2021-11-14,3,3,0
2021-11-14,1,1,0
2021-11-14,0,0,0
2021-11-14,0,0,0
2021-11-14,0,0,0
2021-11-14,0,0,0
2021-11-14,1,0,1
2021-11-14,0,0,0
2021-11-15,0,0,0
2021-11-15,0,0,0
2021-11-15,1,0,1
2021-11-15,1,0,1
2021-11-15,0,0,0
2021-11-15,0,0,0
2021-11-15,0,0,0
2021-11-15,4,3,1
2021-11-15,1,1,0
2021-11-15,5,1,4
2021-11-15,1,0,1
2021-11-15,4,4,0
2021-11-15,1,1,0
2021-11-15,7,4,3
2021-11-15,8,4,4
2021-11-15,9,6,3
2021-11-15,10,4,6
2021-11-15,4,1,3
2021-11-15,2,2,0
2021-11-15,3,2,1
2021-11-15,3,2,1
2021-11-15,0,0,0
2021-11-15,2,2,0
2021-11-15,0,0,0
2021-11-16,0,0,0
2021-11-16,1,0,1
2021-11-16,0,0,0
2021-11-16,0,0,0
2021-11-16,0,0,0
2021-11-16,2,2,0
2021-11-16,1,1,0
2021-11-16,2,1,1
2021-11-16,14,7,7
2021-11-16,2,1,1
2021-11-16,2,2,0
2021-11-16,1,0,1
2021-11-16,2,2,0
2021-11-16,3,2,1
2021-11-16,3,3,0
2021-11-16,3,2,1
2021-11-16,3,2,1
2021-11-16,6,6,0
2021-11-16,1,1,0
2021-11-16,0,0,0
2021-11-16,0,0,0
2021-11-16,7,3,4
2021-11-16,0,0,0
2021-11-16,2,1,1
2021-11-17,1,0,1
2021-11-17,0,0,0
2021-11-17,0,0,0
2021-11-17,0,0,0
2021-11-17,0,0,0
2021-11-17,1,1,0
2021-11-17,0,0,0
2021-11-17,1,0,1
2021-11-17,0,0,0
2021-11-17,2,2,0
2021-11-17,0,0,0
2021-11-17,1,1,0
2021-11-17,0,0,0
2021-11-17,4,1,3
2021-11-17,1,1,0
2021-11-17,0,0,0
2021-11-17,2,2,0
2021-11-17,2,2,0
2021-11-17,0,0,0
2021-11-17,1,1,0
2021-11-17,0,0,0
2021-11-17,0,0,0
2021-11-17,0,0,0
2021-11-17,0,0,0
2021-11-18,0,0,0
2021-11-18,0,0,0
2021-11-18,0,0,0
2021-11-18,1,1,0
2021-11-18,0,0,0
2021-11-18,0,0,0
2021-11-18,0,0,0
2021-11-18,3,2,1
2021-11-18,8,3,5
2021-11-18,1,1,0
2021-11-18,2,1,1
2021-11-18,5,3,2
2021-11-18,2,2,0
2021-11-18,1,1,0
2021-11-18,2,1,1
2021-11-18,2,2,0
2021-11-18,2,0,2
2021-11-18,3,2,1
2021-11-18,4,2,2
2021-11-18,2,1,1
2021-11-18,1,1,0
2021-11-18,0,0,0
2021-11-18,1,0,1
2021-11-18,0,0,0
2021-11-19,0,0,0
2021-11-19,0,0,0
2021-11-19,0,0,0
2021-11-19,0,0,0
2021-11-19,0,0,0
2021-11-19,0,0,0
2021-11-19,0,0,0
2021-11-19,3,3,0
2021-11-19,4,2,2
2021-11-19,6,2,4
2021-11-19,3,2,1
2021-11-19,1,0,1
2021-11-19,7,3,4
2021-11-19,9,5,4
2021-11-19,6,4,2
2021-11-19,5,5,0
2021-11-19,9,4,5
2021-11-19,7,3,4
2021-11-19,5,3,2
2021-11-19,3,1,2
2021-11-19,1,1,0
2021-11-19,2,1,1
2021-11-19,0,0,0
2021-11-19,0,0,0
2021-11-20,2,1,1
2021-11-20,1,0,1
2021-11-20,0,0,0
2021-11-20,0,0,0
2021-11-20,0,0,0
2021-11-20,0,0,0
2021-11-20,0,0,0
2021-11-20,1,0,1
2021-11-20,1,1,0
2021-11-20,3,1,2
2021-11-20,13,9,4
2021-11-20,4,1,3
2021-11-20,11,5,6
2021-11-20,11,5,6
2021-11-20,11,6,5
2021-11-20,11,7,4
2021-11-20,9,6,3
2021-11-20,0,0,0
2021-11-20,2,1,1
2021-11-20,4,1,3
2021-11-20,1,1,0
2021-11-20,0,0,0
2021-11-20,1,0,1
2021-11-20,0,0,0
2021-11-21,0,0,0
2021-11-21,0,0,0
2021-11-21,1,0,1
2021-11-21,1,0,1
2021-11-21,0,0,0
2021-11-21,0,0,0
2021-11-21,0,0,0
2021-11-21,2,0,2
2021-11-21,3,2,1
2021-11-21,6,2,4
2021-11-21,10,3,7
2021-11-21,9,7,2
2021-11-21,21,8,13
2021-11-21,13,8,5
2021-11-21,14,6,8
2021-11-21,21,11,10
2021-11-21,14,13,1
2021-11-21,3,1,2
2021-11-21,4,2,2
2021-11-21,1,1,0
2021-11-21,1,1,0
2021-11-21,2,1,1
2021-11-21,1,1,0
2021-11-21,0,0,0
2021-11-22,0,0,0
2021-11-22,1,1,0
2021-11-22,1,0,1
2021-11-22,0,0,0
2021-11-22,0,0,0
2021-11-22,1,0,1
2021-11-22,0,0,0
2021-11-22,4,3,1
2021-11-22,8,5,3
2021-11-22,3,1,2
2021-11-22,2,1,1
2021-11-22,4,4,0
2021-11-22,3,2,1
2021-11-22,6,6,0
2021-11-22,1,0,1
2021-11-22,1,0,1
2021-11-22,2,1,1
2021-11-22,1,0,1
2021-11-22,3,1,2
2021-11-22,1,0,1
2021-11-22,2,0,2
2021-11-22,0,0,0
2021-11-22,0,0,0
2021-11-22,0,0,0
2021-11-23,0,0,0
2021-11-23,0,0,0
2021-11-23,0,0,0
2021-11-23,0,0,0
2021-11-23,1,0,1
2021-11-23,0,0,0
2021-11-23,0,0,0
2021-11-23,2,0,2
2021-11-23,3,3,0
2021-11-23,2,0,2
2021-11-23,3,1,2
2021-11-23,2,1,1
2021-11-23,4,1,3
2021-11-23,3,0,3
2021-11-23,2,0,2
2021-11-23,6,4,2
2021-11-23,3,1,2
2021-11-23,6,2,4
2021-11-23,5,3,2
2021-11-23,5,2,3
2021-11-23,2,1,1
2021-11-23,0,0,0
2021-11-23,1,1,0
2021-11-23,1,1,0
2021-11-24,1,1,0
2021-11-24,0,0,0
2021-11-24,0,0,0
2021-11-24,0,0,0
2021-11-24,0,0,0
2021-11-24,0,0,0
2021-11-24,1,1,0
2021-11-24,4,3,1
2021-11-24,4,3,1
2021-11-24,6,3,3
2021-11-24,6,3,3
2021-11-24,5,3,2
2021-11-24,3,0,3
2021-11-24,2,2,0
2021-11-24,11,6,5
2021-11-24,7,2,5
2021-11-24,11,8,3
2021-11-24,6,2,4
2021-11-24,3,3,0
2021-11-24,5,3,2
2021-11-24,2,0,2
2021-11-24,3,2,1
2021-11-24,1,0,1
2021-11-24,0,0,0
2021-11-25,0,0,0
2021-11-25,1,1,0
2021-11-25,0,0,0
2021-11-25,0,0,0
2021-11-25,0,0,0
2021-11-25,0,0,0
2021-11-25,0,0,0
2021-11-25,1,0,1
2021-11-25,1,0,1
2021-11-25,2,2,0
2021-11-25,5,2,3
2021-11-25,2,1,1
2021-11-25,3,1,2
2021-11-25,11,5,6
2021-11-25,3,3,0
2021-11-25,1,1,0
2021-11-25,0,0,0
2021-11-25,0,0,0
2021-11-25,1,1,0
2021-11-25,1,0,1
2021-11-25,0,0,0
2021-11-25,0,0,0
2021-11-25,1,1,0
2021-11-25,0,0,0
2021-11-26,0,0,0
2021-11-26,1,0,1
2021-11-26,0,0,0
2021-11-26,0,0,0
2021-11-26,0,0,0
2021-11-26,0,0,0
2021-11-26,1,0,1
2021-11-26,0,0,0
2021-11-26,0,0,0
2021-11-26,1,1,0
2021-11-26,13,1,12
2021-11-26,6,4,2
2021-11-26,3,0,3
2021-11-26,4,4,0
2021-11-26,1,1,0
2021-11-26,3,2,1
2021-11-26,1,1,0
2021-11-26,1,1,0
2021-11-26,8,4,4
2021-11-26,1,1,0
2021-11-26,2,1,1
2021-11-26,2,2,0
2021-11-26,0,0,0
2021-11-26,0,0,0
2021-11-27,0,0,0
2021-11-27,0,0,0
2021-11-27,0,0,0
2021-11-27,0,0,0
2021-11-27,0,0,0
2021-11-27,0,0,0
2021-11-27,0,0,0
2021-11-27,2,1,1
2021-11-27,1,0,1
2021-11-27,1,0,1
2021-11-27,9,7,2
2021-11-27,1,1,0
2021-11-27,0,0,0
2021-11-27,1,0,1
2021-11-27,3,3,0
2021-11-27,4,3,1
2021-11-27,0,0,0
2021-11-27,1,1,0
2021-11-27,0,0,0
2021-11-27,2,0,2
2021-11-27,0,0,0
2021-11-27,0,0,0
2021-11-27,0,0,0
2021-11-27,0,0,0
2021-11-28,0,0,0
2021-11-28,0,0,0
2021-11-28,1,1,0
2021-11-28,0,0,0
2021-11-28,0,0,0
2021-11-28,1,0,1
2021-11-28,1,0,1
2021-11-28,0,0,0
2021-11-28,1,1,0
2021-11-28,1,0,1
2021-11-28,7,4,3
2021-11-28,3,0,3
2021-11-28,2,2,0
2021-11-28,7,4,3
2021-11-28,4,4,0
2021-11-28,2,0,2
2021-11-28,3,3,0
2021-11-28,4,1,3
2021-11-28,1,0,1
2021-11-28,1,1,0
2021-11-28,0,0,0
2021-11-28,1,1,0
2021-11-28,1,0,1
2021-11-28,1,0,1
2021-11-29,0,0,0
2021-11-29,0,0,0
2021-11-29,0,0,0
2021-11-29,0,0,0
2021-11-29,0,0,0
2021-11-29,0,0,0
2021-11-29,2,2,0
2021-11-29,2,1,1
2021-11-29,8,7,1
2021-11-29,4,3,1
2021-11-29,5,4,1
2021-11-29,3,2,1
2021-11-29,3,3,0
2021-11-29,7,4,3
2021-11-29,11,5,6
2021-11-29,7,6,1
2021-11-29,10,7,3
2021-11-29,8,5,3
2021-11-29,4,1,3
2021-11-29,2,1,1
2021-11-29,2,0,2
2021-11-29,2,2,0
2021-11-29,1,0,1
2021-11-29,0,0,0
2021-11-30,0,0,0
2021-11-30,0,0,0
2021-11-30,0,0,0
2021-11-30,0,0,0
2021-11-30,0,0,0
2021-11-30,0,0,0
2021-11-30,1,1,0
2021-11-30,2,2,0
2021-11-30,5,3,2
2021-11-30,4,4,0
2021-11-30,3,2,1
2021-11-30,1,0,1
2021-11-30,5,4,1
2021-11-30,3,2,1
2021-11-30,2,2,0
2021-11-30,8,2,6
2021-11-30,7,4,3
2021-11-30,5,4,1
2021-11-30,4,1,3
2021-11-30,0,0,0
2021-11-30,0,0,0
2021-11-30,1,1,0
2021-11-30,2,2,0
2021-11-30,0,0,0
2021-12-01,0,0,0
2021-12-01,0,0,0
2021-12-01,0,0,0
2021-12-01,0,0,0
2021-12-01,0,0,0
2021-12-01,0,0,0
2021-12-01,0,0,0
2021-12-01,2,1,1
2021-12-01,4,3,1
2021-12-01,2,1,1
2021-12-01,3,0,3
2021-12-01,4,2,2
2021-12-01,3,2,1
2021-12-01,12,7,5
2021-12-01,5,1,4
2021-12-01,4,2,2
2021-12-01,11,6,5
2021-12-01,10,6,4
2021-12-01,4,3,1
2021-12-01,3,2,1
2021-12-01,2,0,2
2021-12-01,2,2,0
2021-12-01,1,1,0
2021-12-01,1,1,0
2021-12-02,1,0,1
2021-12-02,0,0,0
2021-12-02,2,1,1
2021-12-02,0,0,0
2021-12-02,0,0,0
2021-12-02,0,0,0
2021-12-02,1,0,1
2021-12-02,1,0,1
2021-12-02,7,4,3
2021-12-02,4,3,1
2021-12-02,8,3,5
2021-12-02,2,1,1
2021-12-02,2,1,1
2021-12-02,0,0,0
2021-12-02,1,0,1
2021-12-02,5,2,3
2021-12-02,7,5,2
2021-12-02,5,2,3
2021-12-02,7,7,0
2021-12-02,5,2,3
2021-12-02,2,1,1
2021-12-02,0,0,0
2021-12-02,0,0,0
2021-12-02,0,0,0
2021-12-03,0,0,0
2021-12-03,0,0,0
2021-12-03,0,0,0
2021-12-03,0,0,0
2021-12-03,0,0,0
2021-12-03,1,0,1
2021-12-03,1,1,0
2021-12-03,4,2,2
2021-12-03,5,2,3
2021-12-03,4,3,1
2021-12-03,7,2,5
2021-12-03,5,3,2
2021-12-03,5,4,1
2021-12-03,8,3,5
2021-12-03,6,2,4
2021-12-03,12,6,6
2021-12-03,10,5,5
2021-12-03,3,3,0
2021-12-03,4,3,1
2021-12-03,8,3,5
2021-12-03,2,1,1
2021-12-03,2,2,0
2021-12-03,0,0,0
2021-12-03,0,0,0
2021-12-04,1,1,0
2021-12-04,0,0,0
2021-12-04,0,0,0
2021-12-04,0,0,0
2021-12-04,0,0,0
2021-12-04,0,0,0
2021-12-04,0,0,0
2021-12-04,2,1,1
2021-12-04,0,0,0
2021-12-04,1,0,1
2021-12-04,3,2,1
2021-12-04,3,1,2
2021-12-04,1,1,0
2021-12-04,3,1,2
2021-12-04,2,0,2
2021-12-04,2,1,1
2021-12-04,2,1,1
2021-12-04,1,1,0
2021-12-04,1,1,0
2021-12-04,0,0,0
2021-12-04,1,0,1
2021-12-04,3,2,1
2021-12-04,0,0,0
2021-12-04,0,0,0
2021-12-05,2,1,1
2021-12-05,1,0,1
2021-12-05,0,0,0
2021-12-05,0,0,0
2021-12-05,0,0,0
2021-12-05,0,0,0
2021-12-05,1,0,1
2021-12-05,1,0,1
2021-12-05,2,1,1
2021-12-05,5,3,2
2021-12-05,6,1,5
2021-12-05,2,1,1
2021-12-05,5,0,5
2021-12-05,4,3,1
2021-12-05,5,3,2
2021-12-05,11,8,3
2021-12-05,11,5,6
2021-12-05,5,3,2
2021-12-05,2,1,1
2021-12-05,2,0,2
2021-12-05,1,1,0
2021-12-05,0,0,0
2021-12-05,0,0,0
2021-12-05,0,0,0
2021-12-06,0,0,0
2021-12-06,0,0,0
2021-12-06,1,1,0
2021-12-06,0,0,0
2021-12-06,0,0,0
2021-12-06,0,0,0
2021-12-06,0,0,0
2021-12-06,3,1,2
2021-12-06,6,4,2
2021-12-06,5,5,0
2021-12-06,3,1,2
2021-12-06,4,3,1
2021-12-06,1,1,0
2021-12-06,5,2,3
2021-12-06,4,2,2
2021-12-06,3,2,1
2021-12-06,3,2,1
2021-12-06,8,3,5
2021-12-06,4,2,2
2021-12-06,0,0,0
2021-12-06,2,1,1
2021-12-06,1,1,0
2021-12-06,0,0,0
2021-12-06,0,0,0
2021-12-07,0,0,0
2021-12-07,0,0,0
2021-12-07,0,0,0
2021-12-07,0,0,0
2021-12-07,0,0,0
2021-12-07,1,0,1
2021-12-07,1,0,1
2021-12-07,2,1,1
2021-12-07,7,3,4
2021-12-07,6,5,1
2021-12-07,1,1,0
2021-12-07,4,1,3
2021-12-07,5,4,1
2021-12-07,6,4,2
2021-12-07,3,1,2
2021-12-07,6,3,3
2021-12-07,12,7,5
2021-12-07,4,3,1
2021-12-07,4,4,0
2021-12-07,2,2,0
2021-12-07,2,1,1
2021-12-07,2,0,2
2021-12-07,0,0,0
2021-12-07,0,0,0
2021-12-08,0,0,0
2021-12-08,1,0,1
2021-12-08,0,0,0
2021-12-08,0,0,0
2021-12-08,1,1,0
2021-12-08,0,0,0
2021-12-08,0,0,0
2021-12-08,1,0,1
2021-12-08,3,2,1
2021-12-08,3,2,1
2021-12-08,2,1,1
2021-12-08,3,2,1
2021-12-08,3,1,2
2021-12-08,7,4,3
2021-12-08,4,1,3
2021-12-08,10,9,1
2021-12-08,11,7,4
2021-12-08,6,4,2
2021-12-08,4,1,3
2021-12-08,2,1,1
2021-12-08,0,0,0
2021-12-08,1,1,0
2021-12-08,0,0,0
2021-12-08,0,0,0
2021-12-09,0,0,0
2021-12-09,0,0,0
2021-12-09,0,0,0
2021-12-09,0,0,0
2021-12-09,0,0,0
2021-12-09,0,0,0
2021-12-09,0,0,0
2021-12-09,3,2,1
2021-12-09,6,3,3
2021-12-09,2,2,0
2021-12-09,5,2,3
2021-12-09,3,2,1
2021-12-09,0,0,0
2021-12-09,2,1,1
2021-12-09,7,4,3
2021-12-09,5,3,2
2021-12-09,7,4,3
2021-12-09,4,3,1
2021-12-09,5,2,3
2021-12-09,4,2,2
2021-12-09,2,0,2
2021-12-09,2,2,0
2021-12-09,0,0,0
2021-12-09,0,0,0
2021-12-10,0,0,0
2021-12-10,2,2,0
2021-12-10,0,0,0
2021-12-10,0,0,0
2021-12-10,0,0,0
2021-12-10,0,0,0
2021-12-10,2,1,1
2021-12-10,2,0,2
2021-12-10,2,2,0
2021-12-10,5,4,1
2021-12-10,2,0,2
2021-12-10,5,2,3
2021-12-10,5,2,3
2021-12-10,1,1,0
2021-12-10,3,3,0
2021-12-10,8,6,2
2021-12-10,5,4,1
2021-12-10,4,2,2
2021-12-10,5,3,2
2021-12-10,1,0,1
2021-12-10,0,0,0
2021-12-10,0,0,0
2021-12-10,4,2,2
2021-12-10,0,0,0
2021-12-11,0,0,0
2021-12-11,0,0,0
2021-12-11,0,0,0
2021-12-11,0,0,0
2021-12-11,0,0,0
2021-12-11,0,0,0
2021-12-11,0,0,0
2021-12-11,2,1,1
2021-12-11,1,0,1
2021-12-11,3,2,1
2021-12-11,3,1,2
2021-12-11,8,3,5
2021-12-11,6,5,1
2021-12-11,10,3,7
2021-12-11,3,2,1
2021-12-11,1,1,0
2021-12-11,4,2,2
2021-12-11,2,0,2
2021-12-11,2,1,1
2021-12-11,1,1,0
2021-12-11,1,0,1
2021-12-11,2,1,1
2021-12-11,0,0,0
2021-12-11,0,0,0
2021-12-12,0,0,0
2021-12-12,0,0,0
2021-12-12,0,0,0
2021-12-12,0,0,0
2021-12-12,0,0,0
2021-12-12,0,0,0
2021-12-12,1,0,1
2021-12-12,1,0,1
2021-12-12,3,3,0
2021-12-12,0,0,0
2021-12-12,5,0,5
2021-12-12,4,3,1
2021-12-12,6,3,3
2021-12-12,3,1,2
2021-12-12,4,1,3
2021-12-12,9,5,4
2021-12-12,1,1,0
2021-12-12,1,0,1
2021-12-12,1,0,1
2021-12-12,4,3,1
2021-12-12,1,0,1
2021-12-12,1,1,0
2021-12-12,0,0,0
2021-12-12,0,0,0
2021-12-13,0,0,0
2021-12-13,1,0,1
2021-12-13,0,0,0
2021-12-13,0,0,0
2021-12-13,0,0,0
2021-12-13,0,0,0
2021-12-13,0,0,0
2021-12-13,2,1,1
2021-12-13,3,3,0
2021-12-13,2,1,1
2021-12-13,2,0,2
2021-12-13,4,4,0
2021-12-13,6,4,2
2021-12-13,3,2,1
2021-12-13,2,1,1
2021-12-13,6,2,4
2021-12-13,1,1,0
2021-12-13,5,2,3
2021-12-13,4,2,2
2021-12-13,4,1,3
2021-12-13,2,1,1
2021-12-13,1,1,0
2021-12-13,1,0,1
2021-12-13,0,0,0
2021-12-14,0,0,0
2021-12-14,0,0,0
2021-12-14,0,0,0
2021-12-14,0,0,0
2021-12-14,0,0,0
2021-12-14,1,0,1
2021-12-14,1,0,1
2021-12-14,2,1,1
2021-12-14,4,2,2
2021-12-14,4,3,1
2021-12-14,1,1,0
2021-12-14,4,3,1
2021-12-14,4,2,2
2021-12-14,4,3,1
2021-12-14,3,3,0
2021-12-14,7,1,6
2021-12-14,5,1,4
2021-12-14,5,2,3
2021-12-14,2,2,0
2021-12-14,2,2,0
2021-12-14,0,0,0
2021-12-14,0,0,0
2021-12-14,0,0,0
2021-12-14,0,0,0
2021-12-15,0,0,0
2021-12-15,0,0,0
2021-12-15,0,0,0
2021-12-15,0,0,0
2021-12-15,1,0,1
2021-12-15,0,0,0
2021-12-15,1,1,0
2021-12-15,3,3,0
2021-12-15,4,2,2
2021-12-15,1,1,0
2021-12-15,4,2,2
2021-12-15,4,2,2
2021-12-15,3,3,0
2021-12-15,1,1,0
2021-12-15,2,1,1
2021-12-15,2,1,1
2021-12-15,4,3,1
2021-12-15,4,3,1
2021-12-15,1,0,1
2021-12-15,0,0,0
2021-12-15,2,0,2
2021-12-15,3,1,2
2021-12-15,0,0,0
2021-12-15,0,0,0
2021-12-16,0,0,0
2021-12-16,1,1,0
2021-12-16,0,0,0
2021-12-16,0,0,0
2021-12-16,0,0,0
2021-12-16,0,0,0
2021-12-16,2,1,1
2021-12-16,1,1,0
2021-12-16,6,2,4
2021-12-16,2,1,1
2021-12-16,4,1,3
2021-12-16,3,1,2
2021-12-16,4,0,4
2021-12-16,3,1,2
2021-12-16,4,2,2
2021-12-16,5,3,2
2021-12-16,5,3,2
2021-12-16,6,3,3
2021-12-16,4,3,1
2021-12-16,1,0,1
2021-12-16,1,0,1
2021-12-16,0,0,0
2021-12-16,2,1,1
2021-12-16,0,0,0
2021-12-17,0,0,0
2021-12-17,0,0,0
2021-12-17,0,0,0
2021-12-17,0,0,0
2021-12-17,1,0,1
2021-12-17,0,0,0
2021-12-17,0,0,0
2021-12-17,2,1,1
2021-12-17,1,1,0
2021-12-17,3,2,1
2021-12-17,7,4,3
2021-12-17,4,2,2
2021-12-17,7,2,5
2021-12-17,8,5,3
2021-12-17,8,4,4
2021-12-17,4,2,2
2021-12-17,7,2,5
2021-12-17,9,6,3
2021-12-17,4,3,1
2021-12-17,2,1,1
2021-12-17,0,0,0
2021-12-17,1,1,0
2021-12-17,0,0,0
2021-12-17,1,0,1
2021-12-18,0,0,0
2021-12-18,0,0,0
2021-12-18,0,0,0
2021-12-18,1,0,1
2021-12-18,1,0,1
2021-12-18,0,0,0
2021-12-18,0,0,0
2021-12-18,2,0,2
2021-12-18,2,1,1
2021-12-18,1,1,0
2021-12-18,3,2,1
2021-12-18,1,0,1
2021-12-18,1,0,1
2021-12-18,1,0,1
2021-12-18,1,1,0
2021-12-18,1,1,0
2021-12-18,3,3,0
2021-12-18,1,0,1
2021-12-18,1,1,0
2021-12-18,4,3,1
2021-12-18,1,1,0
2021-12-18,0,0,0
2021-12-18,5,2,3
2021-12-18,0,0,0
2021-12-19,1,0,1
2021-12-19,0,0,0
2021-12-19,0,0,0
2021-12-19,0,0,0
2021-12-19,0,0,0
2021-12-19,0,0,0
2021-12-19,1,0,1
2021-12-19,1,0,1
2021-12-19,1,0,1
2021-12-19,2,0,2
2021-12-19,4,3,1
2021-12-19,9,6,3
2021-12-19,8,3,5
2021-12-19,14,5,9
2021-12-19,14,5,9
2021-12-19,7,5,2
2021-12-19,4,2,2
2021-12-19,0,0,0
2021-12-19,3,1,2
2021-12-19,1,0,1
2021-12-19,1,1,0
2021-12-19,0,0,0
2021-12-19,2,1,1
2021-12-19,0,0,0
2021-12-20,0,0,0
2021-12-20,0,0,0
2021-12-20,0,0,0
2021-12-20,0,0,0
2021-12-20,0,0,0
2021-12-20,0,0,0
2021-12-20,0,0,0
2021-12-20,4,2,2
2021-12-20,5,2,3
2021-12-20,6,4,2
2021-12-20,2,0,2
2021-12-20,3,2,1
2021-12-20,5,4,1
2021-12-20,5,4,1
2021-12-20,2,0,2
2021-12-20,4,3,1
2021-12-20,2,1,1
2021-12-20,3,2,1
2021-12-20,5,3,2
2021-12-20,1,0,1
2021-12-20,0,0,0
2021-12-20,0,0,0
2021-12-20,0,0,0
2021-12-20,0,0,0
2021-12-21,0,0,0
2021-12-21,0,0,0
2021-12-21,0,0,0
2021-12-21,0,0,0
2021-12-21,0,0,0
2021-12-21,0,0,0
2021-12-21,1,0,1
2021-12-21,1,0,1
2021-12-21,5,2,3
2021-12-21,4,3,1
2021-12-21,4,3,1
2021-12-21,4,1,3
2021-12-21,7,3,4
2021-12-21,4,3,1
2021-12-21,3,1,2
2021-12-21,8,3,5
2021-12-21,8,6,2
2021-12-21,4,3,1
2021-12-21,3,0,3
2021-12-21,1,0,1
2021-12-21,0,0,0
2021-12-21,1,1,0
2021-12-21,1,0,1
2021-12-21,1,1,0
2021-12-22,0,0,0
2021-12-22,0,0,0
2021-12-22,0,0,0
2021-12-22,0,0,0
2021-12-22,0,0,0
2021-12-22,0,0,0
2021-12-22,0,0,0
2021-12-22,1,0,1
2021-12-22,2,2,0
2021-12-22,3,2,1
2021-12-22,2,1,1
2021-12-22,3,1,2
2021-12-22,5,2,3
2021-12-22,5,4,1
2021-12-22,1,0,1
2021-12-22,2,1,1
2021-12-22,2,2,0
2021-12-22,1,0,1
2021-12-22,1,0,1
2021-12-22,1,0,1
2021-12-22,1,0,1
2021-12-22,1,1,0
2021-12-22,1,1,0
2021-12-22,0,0,0
2021-12-23,0,0,0
2021-12-23,0,0,0
2021-12-23,0,0,0
2021-12-23,0,0,0
2021-12-23,0,0,0
2021-12-23,0,0,0
2021-12-23,1,0,1
2021-12-23,2,1,1
2021-12-23,2,0,2
2021-12-23,4,2,2
2021-12-23,4,3,1
2021-12-23,8,2,6
2021-12-23,5,3,2
2021-12-23,4,3,1
2021-12-23,5,4,1
2021-12-23,7,5,2
2021-12-23,3,2,1
2021-12-23,2,1,1
2021-12-23,6,2,4
2021-12-23,2,1,1
2021-12-23,1,1,0
2021-12-23,0,0,0
2021-12-23,2,1,1
2021-12-23,0,0,0
2021-12-24,0,0,0
2021-12-24,0,0,0
2021-12-24,0,0,0
2021-12-24,0,0,0
2021-12-24,0,0,0
2021-12-24,0,0,0
2021-12-24,0,0,0
2021-12-24,1,1,0
2021-12-24,3,1,2
2021-12-24,0,0,0
2021-12-24,2,1,1
2021-12-24,1,0,1
2021-12-24,1,1,0
2021-12-24,2,0,2
2021-12-24,2,2,0
2021-12-24,4,3,1
2021-12-24,3,1,2
2021-12-24,0,0,0
2021-12-24,0,0,0
2021-12-24,1,0,1
2021-12-24,0,0,0
2021-12-24,0,0,0
2021-12-24,0,0,0
2021-12-24,0,0,0
2021-12-25,0,0,0
2021-12-25,0,0,0
2021-12-25,0,0,0
2021-12-25,0,0,0
2021-12-25,0,0,0
2021-12-25,0,0,0
2021-12-25,0,0,0
2021-12-25,0,0,0
2021-12-25,2,2,0
2021-12-25,2,1,1
2021-12-25,0,0,0
2021-12-25,1,1,0
2021-12-25,2,1,1
2021-12-25,1,1,0
2021-12-25,2,1,1
2021-12-25,2,0,2
2021-12-25,0,0,0
2021-12-25,0,0,0
2021-12-25,1,0,1
2021-12-25,0,0,0
2021-12-25,0,0,0
2021-12-25,0,0,0
2021-12-25,1,0,1
2021-12-25,1,1,0
2021-12-26,1,1,0
2021-12-26,0,0,0
2021-12-26,0,0,0
2021-12-26,0,0,0
2021-12-26,0,0,0
2021-12-26,0,0,0
2021-12-26,0,0,0
2021-12-26,0,0,0
2021-12-26,0,0,0
2021-12-26,1,1,0
2021-12-26,0,0,0
2021-12-26,0,0,0
2021-12-26,0,0,0
2021-12-26,0,0,0
2021-12-26,0,0,0
2021-12-26,0,0,0
2021-12-26,0,0,0
2021-12-26,0,0,0
2021-12-26,0,0,0
2021-12-26,1,1,0
2021-12-26,0,0,0
2021-12-26,0,0,0
2021-12-26,0,0,0
2021-12-26,0,0,0
2021-12-27,0,0,0
2021-12-27,0,0,0
2021-12-27,0,0,0
2021-12-27,0,0,0
2021-12-27,0,0,0
2021-12-27,0,0,0
2021-12-27,0,0,0
2021-12-27,0,0,0
2021-12-27,0,0,0
2021-12-27,0,0,0
2021-12-27,0,0,0
2021-12-27,0,0,0
2021-12-27,0,0,0
2021-12-27,0,0,0
2021-12-27,0,0,0
2021-12-27,0,0,0
2021-12-27,0,0,0
2021-12-27,0,0,0
2021-12-27,0,0,0
2021-12-27,0,0,0
2021-12-27,0,0,0
2021-12-27,0,0,0
2021-12-27,0,0,0
2021-12-27,0,0,0
2021-12-28,1,0,1
2021-12-28,0,0,0
2021-12-28,0,0,0
2021-12-28,0,0,0
2021-12-28,0,0,0
2021-12-28,0,0,0
2021-12-28,0,0,0
2021-12-28,0,0,0
2021-12-28,0,0,0
2021-12-28,0,0,0
2021-12-28,0,0,0
2021-12-28,0,0,0
2021-12-28,0,0,0
2021-12-28,1,1,0
2021-12-28,1,0,1
2021-12-28,0,0,0
2021-12-28,0,0,0
2021-12-28,0,0,0
2021-12-28,0,0,0
2021-12-28,0,0,0
2021-12-28,0,0,0
2021-12-28,0,0,0
2021-12-28,0,0,0
2021-12-28,0,0,0
2021-12-29,0,0,0
2021-12-29,0,0,0
2021-12-29,0,0,0
2021-12-29,0,0,0
2021-12-29,0,0,0
2021-12-29,0,0,0
2021-12-29,0,0,0
2021-12-29,0,0,0
2021-12-29,0,0,0
2021-12-29,0,0,0
2021-12-29,0,0,0
2021-12-29,0,0,0
2021-12-29,0,0,0
2021-12-29,0,0,0
2021-12-29,0,0,0
2021-12-29,0,0,0
2021-12-29,0,0,0
2021-12-29,0,0,0
2021-12-29,0,0,0
2021-12-29,0,0,0
2021-12-29,0,0,0
2021-12-29,0,0,0
2021-12-29,0,0,0
2021-12-29,0,0,0
2021-12-30,0,0,0
2021-12-30,0,0,0
2021-12-30,0,0,0
2021-12-30,0,0,0
2021-12-30,0,0,0
2021-12-30,0,0,0
2021-12-30,0,0,0
2021-12-30,0,0,0
2021-12-30,0,0,0
2021-12-30,1,0,1
2021-12-30,1,1,0
2021-12-30,0,0,0
2021-12-30,0,0,0
2021-12-30,1,0,1
2021-12-30,2,2,0
2021-12-30,0,0,0
2021-12-30,2,1,1
2021-12-30,0,0,0
2021-12-30,2,2,0
2021-12-30,1,1,0
2021-12-30,0,0,0
2021-12-30,0,0,0
2021-12-30,0,0,0
2021-12-30,0,0,0
2021-12-31,0,0,0
2021-12-31,0,0,0
2021-12-31,0,0,0
2021-12-31,0,0,0
2021-12-31,0,0,0
2021-12-31,0,0,0
2021-12-31,0,0,0
2021-12-31,0,0,0
2021-12-31,0,0,0
2021-12-31,0,0,0
2021-12-31,0,0,0
2021-12-31,0,0,0
2021-12-31,0,0,0
2021-12-31,0,0,0
2021-12-31,0,0,0
2021-12-31,0,0,0
2021-12-31,0,0,0
2021-12-31,0,0,0
2021-12-31,0,0,0
2021-12-31,0,0,0
2021-12-31,0,0,0
2021-12-31,0,0,0
2021-12-31,0,0,0
2021-12-31,0,0,0
2022-01-01,0,0,0
2022-01-01,0,0,0
2022-01-01,0,0,0
2022-01-01,0,0,0
2022-01-01,0,0,0
2022-01-01,0,0,0
2022-01-01,0,0,0
2022-01-01,0,0,0
2022-01-01,0,0,0
2022-01-01,0,0,0
2022-01-01,0,0,0
2022-01-01,0,0,0
2022-01-01,1,0,1
2022-01-01,0,0,0
2022-01-01,0,0,0
2022-01-01,2,0,2
2022-01-01,0,0,0
2022-01-01,1,0,1
2022-01-01,0,0,0
2022-01-01,0,0,0
2022-01-01,0,0,0
2022-01-01,0,0,0
2022-01-01,0,0,0
2022-01-01,0,0,0
2022-01-02,0,0,0
2022-01-02,0,0,0
2022-01-02,0,0,0
2022-01-02,0,0,0
2022-01-02,0,0,0
2022-01-02,0,0,0
2022-01-02,0,0,0
2022-01-02,0,0,0
2022-01-02,0,0,0
2022-01-02,0,0,0
2022-01-02,0,0,0
2022-01-02,0,0,0
2022-01-02,0,0,0
2022-01-02,0,0,0
2022-01-02,2,1,1
2022-01-02,1,0,1
2022-01-02,0,0,0
2022-01-02,3,1,2
2022-01-02,3,1,2
2022-01-02,0,0,0
2022-01-02,1,1,0
2022-01-02,0,0,0
2022-01-02,0,0,0
2022-01-02,0,0,0
2022-01-03,0,0,0
2022-01-03,0,0,0
2022-01-03,0,0,0
2022-01-03,0,0,0
2022-01-03,0,0,0
2022-01-03,0,0,0
2022-01-03,0,0,0
2022-01-03,0,0,0
2022-01-03,0,0,0
2022-01-03,1,1,0
2022-01-03,2,1,1
2022-01-03,3,2,1
2022-01-03,2,1,1
2022-01-03,1,1,0
2022-01-03,4,1,3
2022-01-03,0,0,0
2022-01-03,2,0,2
2022-01-03,2,1,1
2022-01-03,3,3,0
2022-01-03,1,0,1
2022-01-03,0,0,0
2022-01-03,0,0,0
2022-01-03,0,0,0
2022-01-03,0,0,0
2022-01-04,0,0,0
2022-01-04,0,0,0
2022-01-04,0,0,0
2022-01-04,0,0,0
2022-01-04,1,1,0
2022-01-04,0,0,0
2022-01-04,2,1,1
2022-01-04,0,0,0
2022-01-04,7,3,4
2022-01-04,4,2,2
2022-01-04,3,2,1
2022-01-04,6,1,5
2022-01-04,8,4,4
2022-01-04,3,1,2
2022-01-04,3,2,1
2022-01-04,6,4,2
2022-01-04,4,2,2
2022-01-04,1,0,1
2022-01-04,1,1,0
2022-01-04,0,0,0
2022-01-04,1,1,0
2022-01-04,1,1,0
2022-01-04,1,0,1
2022-01-04,0,0,0
2022-01-05,0,0,0
2022-01-05,0,0,0
2022-01-05,0,0,0
2022-01-05,0,0,0
2022-01-05,0,0,0
2022-01-05,1,1,0
2022-01-05,1,1,0
2022-01-05,1,1,0
2022-01-05,5,3,2
2022-01-05,0,0,0
2022-01-05,0,0,0
2022-01-05,5,2,3
2022-01-05,1,0,1
2022-01-05,4,0,4
2022-01-05,6,3,3
2022-01-05,1,1,0
2022-01-05,3,2,1
2022-01-05,4,2,2
2022-01-05,5,2,3
2022-01-05,1,1,0
2022-01-05,0,0,0
2022-01-05,0,0,0
2022-01-05,0,0,0
2022-01-05,0,0,0
2022-01-06,0,0,0
2022-01-06,0,0,0
2022-01-06,0,0,0
2022-01-06,0,0,0
2022-01-06,0,0,0
2022-01-06,0,0,0
2022-01-06,0,0,0
2022-01-06,2,1,1
2022-01-06,3,1,2
2022-01-06,2,2,0
2022-01-06,2,0,2
2022-01-06,2,2,0
2022-01-06,1,0,1
2022-01-06,2,0,2
2022-01-06,4,1,3
2022-01-06,2,1,1
2022-01-06,2,2,0
2022-01-06,1,0,1
2022-01-06,3,1,2
2022-01-06,0,0,0
2022-01-06,1,1,0
2022-01-06,1,1,0
2022-01-06,1,1,0
2022-01-06,0,0,0
2022-01-07,1,1,0
2022-01-07,0,0,0
2022-01-07,0,0,0
2022-01-07,0,0,0
2022-01-07,0,0,0
2022-01-07,1,0,1
2022-01-07,0,0,0
2022-01-07,0,0,0
2022-01-07,2,1,1
2022-01-07,3,2,1
2022-01-07,5,3,2
2022-01-07,3,2,1
2022-01-07,3,2,1
2022-01-07,8,5,3
2022-01-07,3,1,2
2022-01-07,5,3,2
2022-01-07,7,3,4
2022-01-07,0,0,0
2022-01-07,5,3,2
2022-01-07,1,0,1
2022-01-07,1,1,0
2022-01-07,1,0,1
2022-01-07,0,0,0
2022-01-07,0,0,0
2022-01-08,1,1,0
2022-01-08,0,0,0
2022-01-08,1,0,1
2022-01-08,0,0,0
2022-01-08,0,0,0
2022-01-08,1,0,1
2022-01-08,0,0,0
2022-01-08,3,2,1
2022-01-08,3,1,2
2022-01-08,1,0,1
2022-01-08,7,4,3
2022-01-08,9,5,4
2022-01-08,9,1,8
2022-01-08,10,5,5
2022-01-08,12,6,6
2022-01-08,7,4,3
2022-01-08,13,10,3
2022-01-08,8,5,3
2022-01-08,5,2,3
2022-01-08,1,1,0
2022-01-08,3,1,2
2022-01-08,0,0,0
2022-01-08,3,2,1
2022-01-08,1,0,1
2022-01-09,0,0,0
2022-01-09,0,0,0
2022-01-09,0,0,0
2022-01-09,0,0,0
2022-01-09,0,0,0
2022-01-09,0,0,0
2022-01-09,1,0,1
2022-01-09,0,0,0
2022-01-09,1,0,1
2022-01-09,2,0,2
2022-01-09,6,2,4
2022-01-09,13,7,6
2022-01-09,25,9,16
2022-01-09,19,10,9
2022-01-09,19,15,4
2022-01-09,10,6,4
2022-01-09,17,8,9
2022-01-09,7,5,2
2022-01-09,3,2,1
2022-01-09,0,0,0
2022-01-09,1,1,0
2022-01-09,0,0,0
2022-01-09,0,0,0
2022-01-09,0,0,0
2022-01-10,0,0,0
2022-01-10,0,0,0
2022-01-10,0,0,0
2022-01-10,0,0,0
2022-01-10,0,0,0
2022-01-10,1,0,1
2022-01-10,0,0,0
2022-01-10,0,0,0
2022-01-10,5,3,2
2022-01-10,4,4,0
2022-01-10,3,1,2
2022-01-10,3,2,1
2022-01-10,0,0,0
2022-01-10,9,3,6
2022-01-10,4,2,2
2022-01-10,0,0,0
2022-01-10,3,2,1
2022-01-10,4,1,3
2022-01-10,2,1,1
2022-01-10,1,1,0
2022-01-10,0,0,0
2022-01-10,1,0,1
2022-01-10,0,0,0
2022-01-10,0,0,0
2022-01-11,0,0,0
2022-01-11,0,0,0
2022-01-11,0,0,0
2022-01-11,0,0,0
2022-01-11,0,0,0
2022-01-11,0,0,0
2022-01-11,1,0,1
2022-01-11,3,2,1
2022-01-11,5,1,4
2022-01-11,4,2,2
2022-01-11,1,0,1
2022-01-11,3,2,1
2022-01-11,0,0,0
2022-01-11,2,0,2
2022-01-11,5,3,2
2022-01-11,5,2,3
2022-01-11,4,2,2
2022-01-11,1,0,1
2022-01-11,5,1,4
2022-01-11,0,0,0
2022-01-11,2,1,1
2022-01-11,0,0,0
2022-01-11,4,2,2
2022-01-11,0,0,0
2022-01-12,0,0,0
2022-01-12,0,0,0
2022-01-12,0,0,0
2022-01-12,0,0,0
2022-01-12,0,0,0
2022-01-12,0,0,0
2022-01-12,1,0,1
2022-01-12,3,3,0
2022-01-12,4,1,3
2022-01-12,1,1,0
2022-01-12,2,0,2
2022-01-12,10,5,5
2022-01-12,4,2,2
2022-01-12,8,3,5
2022-01-12,3,0,3
2022-01-12,8,4,4
2022-01-12,5,4,1
2022-01-12,9,6,3
2022-01-12,9,3,6
2022-01-12,2,2,0
2022-01-12,2,0,2
2022-01-12,3,2,1
2022-01-12,0,0,0
2022-01-12,1,0,1
2022-01-13,0,0,0
2022-01-13,0,0,0
2022-01-13,0,0,0
2022-01-13,0,0,0
2022-01-13,0,0,0
2022-01-13,0,0,0
2022-01-13,0,0,0
2022-01-13,6,3,3
2022-01-13,3,1,2
2022-01-13,2,1,1
2022-01-13,1,0,1
2022-01-13,3,2,1
2022-01-13,1,0,1
2022-01-13,0,0,0
2022-01-13,6,1,5
2022-01-13,15,11,4
2022-01-13,20,8,12
2022-01-13,10,4,6
2022-01-13,1,0,1
2022-01-13,2,1,1
2022-01-13,1,0,1
2022-01-13,0,0,0
2022-01-13,0,0,0
2022-01-13,0,0,0
2022-01-14,0,0,0
2022-01-14,0,0,0
2022-01-14,0,0,0
2022-01-14,1,1,0
2022-01-14,0,0,0
2022-01-14,0,0,0
2022-01-14,0,0,0
2022-01-14,5,4,1
2022-01-14,4,4,0
2022-01-14,1,1,0
2022-01-14,5,2,3
2022-01-14,4,3,1
2022-01-14,7,3,4
2022-01-14,11,6,5
2022-01-14,15,6,9
2022-01-14,10,4,6
2022-01-14,11,5,6
2022-01-14,10,5,5
2022-01-14,7,4,3
2022-01-14,3,2,1
2022-01-14,0,0,0
2022-01-14,2,0,2
2022-01-14,0,0,0
2022-01-14,0,0,0
2022-01-15,1,1,0
2022-01-15,1,0,1
2022-01-15,0,0,0
2022-01-15,1,1,0
2022-01-15,0,0,0
2022-01-15,0,0,0
2022-01-15,0,0,0
2022-01-15,1,0,1
2022-01-15,1,1,0
2022-01-15,4,2,2
2022-01-15,1,1,0
2022-01-15,9,3,6
2022-01-15,7,6,1
2022-01-15,5,2,3
2022-01-15,6,3,3
2022-01-15,12,5,7
2022-01-15,5,1,4
2022-01-15,6,3,3
2022-01-15,6,6,0
2022-01-15,0,0,0
2022-01-15,2,1,1
2022-01-15,0,0,0
2022-01-15,1,1,0
2022-01-15,0,0,0
2022-01-16,0,0,0
2022-01-16,0,0,0
2022-01-16,0,0,0
2022-01-16,0,0,0
2022-01-16,0,0,0
2022-01-16,0,0,0
2022-01-16,0,0,0
2022-01-16,0,0,0
2022-01-16,5,3,2
2022-01-16,2,0,2
2022-01-16,3,0,3
2022-01-16,7,2,5
2022-01-16,7,0,7
2022-01-16,9,4,5
2022-01-16,9,4,5
2022-01-16,12,8,4
2022-01-16,7,5,2
2022-01-16,6,3,3
2022-01-16,3,3,0
2022-01-16,2,2,0
2022-01-16,1,0,1
2022-01-16,1,0,1
2022-01-16,1,0,1
2022-01-16,1,1,0
2022-01-17,0,0,0
2022-01-17,0,0,0
2022-01-17,0,0,0
2022-01-17,0,0,0
2022-01-17,0,0,0
2022-01-17,0,0,0
2022-01-17,0,0,0
2022-01-17,2,1,1
2022-01-17,1,0,1
2022-01-17,3,1,2
2022-01-17,1,1,0
2022-01-17,12,6,6
2022-01-17,11,6,5
2022-01-17,16,7,9
2022-01-17,8,2,6
2022-01-17,9,5,4
2022-01-17,12,9,3
2022-01-17,5,3,2
2022-01-17,1,1,0
2022-01-17,3,0,3
2022-01-17,2,2,0
2022-01-17,0,0,0
2022-01-17,0,0,0
2022-01-17,0,0,0
2022-01-18,0,0,0
2022-01-18,0,0,0
2022-01-18,0,0,0
2022-01-18,0,0,0
2022-01-18,0,0,0
2022-01-18,1,1,0
2022-01-18,0,0,0
2022-01-18,2,2,0
2022-01-18,5,2,3
2022-01-18,7,4,3
2022-01-18,0,0,0
2022-01-18,0,0,0
2022-01-18,3,1,2
2022-01-18,4,2,2
2022-01-18,5,2,3
2022-01-18,6,2,4
2022-01-18,2,2,0
2022-01-18,9,6,3
2022-01-18,4,1,3
2022-01-18,1,1,0
2022-01-18,1,1,0
2022-01-18,0,0,0
2022-01-18,2,0,2
2022-01-18,0,0,0
2022-01-19,0,0,0
2022-01-19,0,0,0
2022-01-19,0,0,0
2022-01-19,0,0,0
2022-01-19,0,0,0
2022-01-19,0,0,0
2022-01-19,1,0,1
2022-01-19,2,2,0
2022-01-19,6,2,4
2022-01-19,3,1,2
2022-01-19,3,1,2
2022-01-19,4,3,1
2022-01-19,3,2,1
2022-01-19,1,1,0
2022-01-19,3,2,1
2022-01-19,12,3,9
2022-01-19,13,8,5
2022-01-19,5,4,1
2022-01-19,5,4,1
2022-01-19,1,1,0
2022-01-19,1,0,1
2022-01-19,0,0,0
2022-01-19,1,1,0
2022-01-19,1,1,0
2022-01-20,1,0,1
2022-01-20,0,0,0
2022-01-20,0,0,0
2022-01-20,0,0,0
2022-01-20,0,0,0
2022-01-20,0,0,0
2022-01-20,1,1,0
2022-01-20,2,1,1
2022-01-20,5,2,3
2022-01-20,2,1,1
2022-01-20,4,1,3
2022-01-20,3,2,1
2022-01-20,6,6,0
2022-01-20,5,1,4
2022-01-20,3,1,2
2022-01-20,2,1,1
2022-01-20,7,4,3
2022-01-20,5,3,2
2022-01-20,3,1,2
2022-01-20,1,1,0
2022-01-20,2,1,1
2022-01-20,1,0,1
2022-01-20,0,0,0
2022-01-20,0,0,0
2022-01-21,0,0,0
2022-01-21,0,0,0
2022-01-21,0,0,0
2022-01-21,0,0,0
2022-01-21,2,0,2
2022-01-21,0,0,0
2022-01-21,1,0,1
2022-01-21,4,2,2
2022-01-21,2,2,0
2022-01-21,2,1,1
2022-01-21,16,1,15
2022-01-21,7,4,3
2022-01-21,8,4,4
2022-01-21,1,1,0
2022-01-21,10,7,3
2022-01-21,16,9,7
2022-01-21,6,5,1
2022-01-21,9,6,3
2022-01-21,10,4,6
2022-01-21,2,2,0
2022-01-21,0,0,0
2022-01-21,0,0,0
2022-01-21,0,0,0
2022-01-21,0,0,0
2022-01-22,0,0,0
2022-01-22,0,0,0
2022-01-22,0,0,0
2022-01-22,0,0,0
2022-01-22,0,0,0
2022-01-22,0,0,0
2022-01-22,0,0,0
2022-01-22,2,0,2
2022-01-22,1,1,0
2022-01-22,1,0,1
2022-01-22,7,4,3
2022-01-22,3,0,3
2022-01-22,9,7,2
2022-01-22,12,7,5
2022-01-22,12,9,3
2022-01-22,16,9,7
2022-01-22,11,7,4
2022-01-22,11,8,3
2022-01-22,4,3,1
2022-01-22,7,4,3
2022-01-22,2,1,1
2022-01-22,3,3,0
2022-01-22,0,0,0
2022-01-22,0,0,0
2022-01-23,0,0,0
2022-01-23,0,0,0
2022-01-23,0,0,0
2022-01-23,0,0,0
2022-01-23,0,0,0
2022-01-23,0,0,0
2022-01-23,1,0,1
2022-01-23,1,0,1
2022-01-23,1,1,0
2022-01-23,3,1,2
2022-01-23,6,2,4
2022-01-23,9,4,5
2022-01-23,7,4,3
2022-01-23,9,3,6
2022-01-23,13,6,7
2022-01-23,15,7,8
2022-01-23,8,6,2
2022-01-23,6,3,3
2022-01-23,4,2,2
2022-01-23,1,1,0
2022-01-23,1,1,0
2022-01-23,0,0,0
2022-01-23,0,0,0
2022-01-23,0,0,0
2022-01-24,0,0,0
2022-01-24,1,1,0
2022-01-24,0,0,0
2022-01-24,0,0,0
2022-01-24,0,0,0
2022-01-24,0,0,0
2022-01-24,0,0,0
2022-01-24,2,2,0
2022-01-24,2,1,1
2022-01-24,5,5,0
2022-01-24,4,3,1
2022-01-24,2,0,2
2022-01-24,2,1,1
2022-01-24,3,3,0
2022-01-24,2,1,1
2022-01-24,3,2,1
2022-01-24,2,1,1
2022-01-24,4,1,3
2022-01-24,3,2,1
2022-01-24,2,1,1
2022-01-24,0,0,0
2022-01-24,1,1,0
2022-01-24,0,0,0
2022-01-24,0,0,0
2022-01-25,0,0,0
2022-01-25,0,0,0
2022-01-25,0,0,0
2022-01-25,0,0,0
2022-01-25,0,0,0
2022-01-25,0,0,0
2022-01-25,1,0,1
2022-01-25,4,2,2
2022-01-25,11,7,4
2022-01-25,4,2,2
2022-01-25,5,4,1
2022-01-25,4,1,3
2022-01-25,3,1,2
2022-01-25,4,1,3
2022-01-25,3,1,2
2022-01-25,10,6,4
2022-01-25,5,2,3
2022-01-25,8,3,5
2022-01-25,7,6,1
2022-01-25,2,0,2
2022-01-25,4,2,2
2022-01-25,0,0,0
2022-01-25,1,1,0
2022-01-25,0,0,0
2022-01-26,0,0,0
2022-01-26,0,0,0
2022-01-26,0,0,0
2022-01-26,0,0,0
2022-01-26,0,0,0
2022-01-26,0,0,0
2022-01-26,1,1,0
2022-01-26,6,5,1
2022-01-26,3,0,3
2022-01-26,3,1,2
2022-01-26,4,2,2
2022-01-26,5,3,2
2022-01-26,5,4,1
2022-01-26,2,1,1
2022-01-26,4,2,2
2022-01-26,8,5,3
2022-01-26,10,5,5
2022-01-26,10,7,3
2022-01-26,6,2,4
2022-01-26,7,3,4
2022-01-26,2,1,1
2022-01-26,0,0,0
2022-01-26,0,0,0
2022-01-26,0,0,0
2022-01-27,0,0,0
2022-01-27,0,0,0
2022-01-27,0,0,0
2022-01-27,0,0,0
2022-01-27,0,0,0
2022-01-27,1,0,1
2022-01-27,0,0,0
2022-01-27,4,2,2
2022-01-27,9,6,3
2022-01-27,4,3,1
2022-01-27,0,0,0
2022-01-27,2,1,1
2022-01-27,6,3,3
2022-01-27,13,7,6
2022-01-27,12,5,7
2022-01-27,7,2,5
2022-01-27,15,8,7
2022-01-27,13,8,5
2022-01-27,4,3,1
2022-01-27,1,1,0
2022-01-27,4,1,3
2022-01-27,3,3,0
2022-01-27,1,1,0
2022-01-27,0,0,0
2022-01-28,0,0,0
2022-01-28,0,0,0
2022-01-28,0,0,0
2022-01-28,0,0,0
2022-01-28,0,0,0
2022-01-28,0,0,0
2022-01-28,0,0,0
2022-01-28,5,4,1
2022-01-28,6,5,1
2022-01-28,4,2,2
2022-01-28,2,1,1
2022-01-28,4,3,1
2022-01-28,5,2,3
2022-01-28,11,4,7
2022-01-28,6,4,2
2022-01-28,5,2,3
2022-01-28,9,5,4
2022-01-28,10,5,5
2022-01-28,10,8,2
2022-01-28,5,2,3
2022-01-28,2,1,1
2022-01-28,1,1,0
2022-01-28,0,0,0
2022-01-28,0,0,0
2022-01-29,0,0,0
2022-01-29,0,0,0
2022-01-29,0,0,0
2022-01-29,0,0,0
2022-01-29,0,0,0
2022-01-29,0,0,0
2022-01-29,0,0,0
2022-01-29,2,1,1
2022-01-29,0,0,0
2022-01-29,0,0,0
2022-01-29,2,1,1
2022-01-29,4,1,3
2022-01-29,3,0,3
2022-01-29,5,1,4
2022-01-29,13,6,7
2022-01-29,28,8,20
2022-01-29,14,7,7
2022-01-29,23,3,20
2022-01-29,26,12,14
2022-01-29,15,3,12
2022-01-29,14,9,5
2022-01-29,9,2,7
2022-01-29,5,1,4
2022-01-29,5,4,1
2022-01-30,9,2,7
2022-01-30,2,1,1
2022-01-30,1,1,0
2022-01-30,1,0,1
2022-01-30,1,0,1
2022-01-30,2,2,0
2022-01-30,1,0,1
2022-01-30,7,4,3
2022-01-30,8,5,3
2022-01-30,11,3,8
2022-01-30,9,5,4
2022-01-30,18,8,10
2022-01-30,26,15,11
2022-01-30,21,10,11
2022-01-30,25,8,17
2022-01-30,22,13,9
2022-01-30,25,13,12
2022-01-30,12,4,8
2022-01-30,15,6,9
2022-01-30,12,4,8
2022-01-30,12,2,10
2022-01-30,3,2,1
2022-01-30,9,2,7
2022-01-30,6,2,4
2022-01-31,3,1,2
2022-01-31,3,2,1
2022-01-31,2,1,1
2022-01-31,1,0,1
2022-01-31,0,0,0
2022-01-31,4,2,2
2022-01-31,8,4,4
2022-01-31,7,4,3
2022-01-31,23,15,8
2022-01-31,10,4,6
2022-01-31,20,7,13
2022-01-31,12,8,4
2022-01-31,22,14,8
2022-01-31,24,13,11
2022-01-31,24,16,8
2022-01-31,22,9,13
2022-01-31,26,11,15
2022-01-31,38,20,18
2022-01-31,12,9,3
2022-01-31,18,7,11
2022-01-31,9,3,6
2022-01-31,9,5,4
2022-01-31,7,1,6
2022-01-31,3,2,1
2022-02-01,2,0,2
2022-02-01,1,0,1
2022-02-01,1,0,1
2022-02-01,0,0,0
2022-02-01,0,0,0
2022-02-01,2,2,0
2022-02-01,10,7,3
2022-02-01,9,6,3
2022-02-01,15,9,6
2022-02-01,18,11,7
2022-02-01,16,8,8
2022-02-01,19,13,6
2022-02-01,17,10,7
2022-02-01,19,12,7
2022-02-01,11,4,7
2022-02-01,17,10,7
2022-02-01,17,8,9
2022-02-01,23,13,10
2022-02-01,22,9,13
2022-02-01,20,5,15
2022-02-01,14,7,7
2022-02-01,4,3,1
2022-02-01,3,1,2
2022-02-01,2,1,1
2022-02-02,1,0,1
2022-02-02,1,1,0
2022-02-02,0,0,0
2022-02-02,1,1,0
2022-02-02,0,0,0
2022-02-02,0,0,0
2022-02-02,3,1,2
2022-02-02,4,3,1
2022-02-02,19,11,8
2022-02-02,17,9,8
2022-02-02,14,7,7
2022-02-02,8,6,2
2022-02-02,2,2,0
2022-02-02,0,0,0
2022-02-02,0,0,0
2022-02-02,0,0,0
2022-02-02,0,0,0
2022-02-02,0,0,0
2022-02-02,0,0,0
2022-02-02,0,0,0
2022-02-02,0,0,0
2022-02-02,0,0,0
2022-02-02,0,0,0
2022-02-02,0,0,0
2022-02-03,1,0,1
2022-02-03,1,1,0
2022-02-03,0,0,0
2022-02-03,0,0,0
2022-02-03,0,0,0
2022-02-03,0,0,0
2022-02-03,0,0,0
2022-02-03,0,0,0
2022-02-03,0,0,0
2022-02-03,1,0,1
2022-02-03,0,0,0
2022-02-03,1,0,1
2022-02-03,0,0,0
2022-02-03,3,1,2
2022-02-03,4,1,3
2022-02-03,2,0,2
2022-02-03,2,0,2
2022-02-03,0,0,0
2022-02-03,1,0,1
2022-02-03,2,0,2
2022-02-03,4,2,2
2022-02-03,1,1,0
2022-02-03,2,0,2
2022-02-03,1,0,1
2022-02-04,0,0,0
2022-02-04,0,0,0
2022-02-04,0,0,0
2022-02-04,1,1,0
2022-02-04,0,0,0
2022-02-04,1,1,0
2022-02-04,1,1,0
2022-02-04,0,0,0
2022-02-04,3,2,1
2022-02-04,7,3,4
2022-02-04,5,2,3
2022-02-04,1,1,0
2022-02-04,7,1,6
2022-02-04,0,0,0
2022-02-04,2,1,1
2022-02-04,3,1,2
2022-02-04,9,8,1
2022-02-04,4,4,0
2022-02-04,4,3,1
2022-02-04,9,8,1
2022-02-04,8,5,3
2022-02-04,6,4,2
2022-02-04,6,4,2
2022-02-04,2,2,0
2022-02-05,6,2,4
2022-02-05,4,4,0
2022-02-05,2,1,1
2022-02-05,2,1,1
2022-02-05,1,0,1
2022-02-05,1,0,1
2022-02-05,0,0,0
2022-02-05,3,0,3
2022-02-05,2,1,1
2022-02-05,11,6,5
2022-02-05,12,4,8
2022-02-05,18,11,7
2022-02-05,11,8,3
2022-02-05,18,14,4
2022-02-05,9,5,4
2022-02-05,15,8,7
2022-02-05,19,12,7
2022-02-05,21,13,8
2022-02-05,12,8,4
2022-02-05,11,9,2
2022-02-05,11,6,5
2022-02-05,8,1,7
2022-02-05,13,7,6
2022-02-05,11,6,5
2022-02-06,7,5,2
2022-02-06,8,2,6
2022-02-06,7,3,4
2022-02-06,3,0,3
2022-02-06,2,2,0
2022-02-06,2,0,2
2022-02-06,4,1,3
2022-02-06,5,2,3
2022-02-06,11,7,4
2022-02-06,13,5,8
2022-02-06,18,12,6
2022-02-06,30,17,13
2022-02-06,32,18,14
2022-02-06,31,21,10
2022-02-06,29,20,9
2022-02-06,21,11,10
2022-02-06,18,10,8
2022-02-06,22,11,11
2022-02-06,16,10,6
2022-02-06,13,5,8
2022-02-06,13,7,6
2022-02-06,13,2,11
2022-02-06,4,2,2
2022-02-06,3,1,2
2022-02-07,5,2,3
2022-02-07,1,1,0
2022-02-07,0,0,0
2022-02-07,0,0,0
2022-02-07,1,1,0
2022-02-07,2,1,1
2022-02-07,4,2,2
2022-02-07,13,7,6
2022-02-07,12,1,11
2022-02-07,11,4,7
2022-02-07,15,8,7
2022-02-07,15,6,9
2022-02-07,10,4,6
2022-02-07,13,4,9
2022-02-07,18,9,9
2022-02-07,27,10,17
2022-02-07,26,9,17
2022-02-07,23,13,10
2022-02-07,24,8,16
2022-02-07,20,8,12
2022-02-07,7,3,4
2022-02-07,6,3,3
2022-02-07,6,4,2
2022-02-07,1,1,0
2022-02-08,1,0,1
2022-02-08,2,2,0
2022-02-08,0,0,0
2022-02-08,2,0,2
2022-02-08,1,1,0
2022-02-08,2,1,1
2022-02-08,7,2,5
2022-02-08,7,4,3
2022-02-08,18,10,8
2022-02-08,18,8,10
2022-02-08,17,7,10
2022-02-08,16,12,4
2022-02-08,18,9,9
2022-02-08,17,12,5
2022-02-08,18,10,8
2022-02-08,16,9,7
2022-02-08,30,16,14
2022-02-08,33,17,16
2022-02-08,32,17,15
2022-02-08,20,11,9
2022-02-08,10,9,1
2022-02-08,9,5,4
2022-02-08,2,2,0
2022-02-08,5,1,4
2022-02-09,5,4,1
2022-02-09,0,0,0
2022-02-09,1,1,0
2022-02-09,2,0,2
2022-02-09,0,0,0
2022-02-09,3,1,2
2022-02-09,9,5,4
2022-02-09,14,10,4
2022-02-09,15,13,2
2022-02-09,18,12,6
2022-02-09,15,8,7
2022-02-09,21,13,8
2022-02-09,13,8,5
2022-02-09,20,11,9
2022-02-09,26,13,13
2022-02-09,27,17,10
2022-02-09,28,17,11
2022-02-09,20,11,9
2022-02-09,21,12,9
2022-02-09,18,11,7
2022-02-09,15,9,6
2022-02-09,6,3,3
2022-02-09,10,4,6
2022-02-09,9,6,3
2022-02-10,2,1,1
2022-02-10,1,1,0
2022-02-10,3,1,2
2022-02-10,3,1,2
2022-02-10,1,1,0
2022-02-10,3,0,3
2022-02-10,15,12,3
2022-02-10,13,11,2
2022-02-10,22,13,9
2022-02-10,19,11,8
2022-02-10,20,14,6
2022-02-10,20,11,9
2022-02-10,23,16,7
2022-02-10,22,14,8
2022-02-10,19,12,7
2022-02-10,30,17,13
2022-02-10,26,15,11
2022-02-10,33,19,14
2022-02-10,20,11,9
2022-02-10,22,14,8
2022-02-10,13,8,5
2022-02-10,8,4,4
2022-02-10,7,4,3
2022-02-10,5,3,2
2022-02-11,6,2,4
2022-02-11,0,0,0
2022-02-11,1,0,1
2022-02-11,1,0,1
2022-02-11,2,0,2
2022-02-11,2,2,0
2022-02-11,5,2,3
2022-02-11,16,11,5
2022-02-11,22,14,8
2022-02-11,17,8,9
2022-02-11,17,13,4
2022-02-11,17,14,3
2022-02-11,27,21,6
2022-02-11,18,12,6
2022-02-11,20,15,5
2022-02-11,21,14,7
2022-02-11,26,13,13
2022-02-11,31,23,8
2022-02-11,28,15,13
2022-02-11,23,15,8
2022-02-11,13,9,4
2022-02-11,20,7,13
2022-02-11,11,4,7
2022-02-11,10,4,6
2022-02-12,10,2,8
2022-02-12,5,4,1
2022-02-12,9,6,3
2022-02-12,1,0,1
2022-02-12,0,0,0
2022-02-12,1,1,0
2022-02-12,7,3,4
2022-02-12,8,5,3
2022-02-12,16,8,8
2022-02-12,24,18,6
2022-02-12,25,14,11
2022-02-12,28,16,12
2022-02-12,34,16,18
2022-02-12,28,17,11
2022-02-12,31,16,15
2022-02-12,24,10,14
2022-02-12,29,15,14
2022-02-12,33,22,11
2022-02-12,32,15,17
2022-02-12,17,10,7
2022-02-12,15,7,8
2022-02-12,17,5,12
2022-02-12,22,18,4
2022-02-12,9,4,5
2022-02-13,6,3,3
2022-02-13,5,0,5
2022-02-13,5,2,3
2022-02-13,3,0,3
2022-02-13,4,2,2
2022-02-13,3,2,1
2022-02-13,5,2,3
2022-02-13,3,1,2
2022-02-13,8,2,6
2022-02-13,22,12,10
2022-02-13,20,14,6
2022-02-13,23,14,9
2022-02-13,28,22,6
2022-02-13,23,19,4
2022-02-13,42,28,14
2022-02-13,35,16,19
2022-02-13,20,13,7
2022-02-13,14,5,9
2022-02-13,18,9,9
2022-02-13,14,3,11
2022-02-13,16,6,10
2022-02-13,16,5,11
2022-02-13,10,4,6
2022-02-13,3,2,1
2022-02-14,4,3,1
2022-02-14,0,0,0
2022-02-14,1,0,1
2022-02-14,0,0,0
2022-02-14,0,0,0
2022-02-14,1,0,1
2022-02-14,11,8,3
2022-02-14,13,10,3
2022-02-14,19,7,12
2022-02-14,20,9,11
2022-02-14,17,12,5
2022-02-14,14,7,7
2022-02-14,22,11,11
2022-02-14,35,22,13
2022-02-14,20,15,5
2022-02-14,29,16,13
2022-02-14,38,20,18
2022-02-14,36,18,18
2022-02-14,31,16,15
2022-02-14,24,12,12
2022-02-14,8,3,5
2022-02-14,8,5,3
2022-02-14,3,2,1
2022-02-14,5,1,4
2022-02-15,4,0,4
2022-02-15,0,0,0
2022-02-15,1,0,1
2022-02-15,1,0,1
2022-02-15,0,0,0
2022-02-15,4,0,4
2022-02-15,3,2,1
2022-02-15,10,8,2
2022-02-15,18,12,6
2022-02-15,12,6,6
2022-02-15,20,14,6
2022-02-15,15,12,3
2022-02-15,19,12,7
2022-02-15,15,9,6
2022-02-15,10,9,1
2022-02-15,24,8,16
2022-02-15,16,5,11
2022-02-15,26,7,19
2022-02-15,19,9,10
2022-02-15,22,10,12
2022-02-15,12,8,4
2022-02-15,7,4,3
2022-02-15,1,0,1
2022-02-15,3,2,1
2022-02-16,3,1,2
2022-02-16,0,0,0
2022-02-16,1,1,0
2022-02-16,0,0,0
2022-02-16,0,0,0
2022-02-16,2,0,2
2022-02-16,4,2,2
2022-02-16,9,7,2
2022-02-16,6,3,3
2022-02-16,8,2,6
2022-02-16,6,4,2
2022-02-16,13,6,7
2022-02-16,12,4,8
2022-02-16,9,5,4
2022-02-16,11,5,6
2022-02-16,19,10,9
2022-02-16,16,2,14
2022-02-16,26,8,18
2022-02-16,29,11,18
2022-02-16,21,10,11
2022-02-16,20,9,11
2022-02-16,13,6,7
2022-02-16,13,3,10
2022-02-16,11,6,5
2022-02-17,4,3,1
2022-02-17,3,0,3
2022-02-17,1,1,0
2022-02-17,1,0,1
2022-02-17,0,0,0
2022-02-17,3,2,1
2022-02-17,9,6,3
2022-02-17,7,5,2
2022-02-17,17,13,4
2022-02-17,16,7,9
2022-02-17,15,9,6
2022-02-17,11,6,5
2022-02-17,18,14,4
2022-02-17,12,6,6
2022-02-17,20,6,14
2022-02-17,32,13,19
2022-02-17,31,11,20
2022-02-17,31,12,19
2022-02-17,26,11,15
2022-02-17,16,6,10
2022-02-17,20,9,11
2022-02-17,6,1,5
2022-02-17,7,6,1
2022-02-17,4,3,1
2022-02-18,2,1,1
2022-02-18,0,0,0
2022-02-18,0,0,0
2022-02-18,1,0,1
2022-02-18,0,0,0
2022-02-18,4,0,4
2022-02-18,5,3,2
2022-02-18,13,8,5
2022-02-18,25,16,9
2022-02-18,15,10,5
2022-02-18,18,8,10
2022-02-18,23,14,9
2022-02-18,19,11,8
2022-02-18,20,8,12
2022-02-18,25,17,8
2022-02-18,26,11,15
2022-02-18,22,10,12
2022-02-18,26,11,15
2022-02-18,25,10,15
2022-02-18,26,11,15
2022-02-18,12,9,3
2022-02-18,5,3,2
2022-02-18,8,2,6
2022-02-18,10,6,4
2022-02-19,6,3,3
2022-02-19,5,2,3
2022-02-19,4,3,1
2022-02-19,1,0,1
2022-02-19,0,0,0
2022-02-19,1,1,0
2022-02-19,2,0,2
2022-02-19,6,3,3
2022-02-19,10,4,6
2022-02-19,15,11,4
2022-02-19,15,8,7
2022-02-19,13,6,7
2022-02-19,21,13,8
2022-02-19,22,12,10
2022-02-19,27,22,5
2022-02-19,16,6,10
2022-02-19,25,13,12
2022-02-19,30,14,16
2022-02-19,20,11,9
2022-02-19,19,6,13
2022-02-19,7,3,4
2022-02-19,14,6,8
2022-02-19,11,4,7
2022-02-19,7,4,3
2022-02-20,5,2,3
2022-02-20,3,0,3
2022-02-20,4,2,2
2022-02-20,1,0,1
2022-02-20,3,2,1
2022-02-20,0,0,0
2022-02-20,0,0,0
2022-02-20,4,3,1
2022-02-20,10,4,6
2022-02-20,4,0,4
2022-02-20,5,1,4
2022-02-20,10,6,4
2022-02-20,16,13,3
2022-02-20,15,9,6
2022-02-20,30,16,14
2022-02-20,19,9,10
2022-02-20,18,9,9
2022-02-20,8,5,3
2022-02-20,13,6,7
2022-02-20,4,2,2
2022-02-20,0,0,0
2022-02-20,1,0,1
2022-02-20,0,0,0
2022-02-20,2,0,2
2022-02-21,3,1,2
2022-02-21,0,0,0
2022-02-21,1,0,1
2022-02-21,0,0,0
2022-02-21,0,0,0
2022-02-21,1,1,0
2022-02-21,1,1,0
2022-02-21,0,0,0
2022-02-21,0,0,0
2022-02-21,1,0,1
2022-02-21,0,0,0
2022-02-21,0,0,0
2022-02-21,0,0,0
2022-02-21,0,0,0
2022-02-21,0,0,0
2022-02-21,9,4,5
2022-02-21,9,5,4
2022-02-21,8,6,2
2022-02-21,1,1,0
2022-02-21,1,0,1
2022-02-21,2,1,1
2022-02-21,1,1,0
2022-02-21,0,0,0
2022-02-21,0,0,0
2022-02-22,1,0,1
2022-02-22,0,0,0
2022-02-22,0,0,0
2022-02-22,0,0,0
2022-02-22,0,0,0
2022-02-22,0,0,0
2022-02-22,0,0,0
2022-02-22,0,0,0
2022-02-22,2,2,0
2022-02-22,4,3,1
2022-02-22,2,0,2
2022-02-22,2,2,0
2022-02-22,1,0,1
2022-02-22,2,1,1
2022-02-22,3,1,2
2022-02-22,1,0,1
2022-02-22,6,5,1
2022-02-22,7,2,5
2022-02-22,3,1,2
2022-02-22,0,0,0
2022-02-22,0,0,0
2022-02-22,0,0,0
2022-02-22,0,0,0
2022-02-22,0,0,0
2022-02-23,0,0,0
2022-02-23,0,0,0
2022-02-23,0,0,0
2022-02-23,0,0,0
2022-02-23,0,0,0
2022-02-23,0,0,0
2022-02-23,1,0,1
2022-02-23,2,1,1
2022-02-23,0,0,0
2022-02-23,1,1,0
2022-02-23,1,0,1
2022-02-23,4,2,2
2022-02-23,4,2,2
2022-02-23,3,1,2
2022-02-23,3,2,1
2022-02-23,1,1,0
2022-02-23,8,3,5
2022-02-23,7,6,1
2022-02-23,3,1,2
2022-02-23,0,0,0
2022-02-23,1,0,1
2022-02-23,0,0,0
2022-02-23,0,0,0
2022-02-23,0,0,0
2022-02-24,0,0,0
2022-02-24,0,0,0
2022-02-24,0,0,0
2022-02-24,0,0,0
2022-02-24,0,0,0
2022-02-24,0,0,0
2022-02-24,1,0,1
2022-02-24,2,1,1
2022-02-24,2,2,0
2022-02-24,3,0,3
2022-02-24,1,0,1
2022-02-24,7,4,3
2022-02-24,5,2,3
2022-02-24,3,3,0
2022-02-24,6,2,4
2022-02-24,3,1,2
2022-02-24,7,4,3
2022-02-24,3,2,1
2022-02-24,2,1,1
2022-02-24,2,0,2
2022-02-24,4,3,1
2022-02-24,3,2,1
2022-02-24,0,0,0
2022-02-24,0,0,0
2022-02-25,0,0,0
2022-02-25,0,0,0
2022-02-25,0,0,0
2022-02-25,0,0,0
2022-02-25,0,0,0
2022-02-25,0,0,0
2022-02-25,0,0,0
2022-02-25,1,1,0
2022-02-25,3,1,2
2022-02-25,0,0,0
2022-02-25,5,2,3
2022-02-25,5,2,3
2022-02-25,2,1,1
2022-02-25,5,3,2
2022-02-25,11,8,3
2022-02-25,10,5,5
2022-02-25,16,9,7
2022-02-25,7,2,5
2022-02-25,9,8,1
2022-02-25,3,0,3
2022-02-25,1,0,1
2022-02-25,0,0,0
2022-02-25,0,0,0
2022-02-25,0,0,0
2022-02-26,1,0,1
2022-02-26,0,0,0
2022-02-26,2,1,1
2022-02-26,0,0,0
2022-02-26,1,1,0
2022-02-26,0,0,0
2022-02-26,1,1,0
2022-02-26,3,1,2
2022-02-26,2,1,1
2022-02-26,6,3,3
2022-02-26,6,3,3
2022-02-26,3,2,1
2022-02-26,12,4,8
2022-02-26,5,2,3
2022-02-26,4,2,2
2022-02-26,4,4,0
2022-02-26,4,3,1
2022-02-26,1,1,0
2022-02-26,3,2,1
2022-02-26,0,0,0
2022-02-26,0,0,0
2022-02-26,0,0,0
2022-02-26,0,0,0
2022-02-26,1,0,1
2022-02-27,0,0,0
2022-02-27,0,0,0
2022-02-27,0,0,0
2022-02-27,0,0,0
2022-02-27,0,0,0
2022-02-27,0,0,0
2022-02-27,1,0,1
2022-02-27,0,0,0
2022-02-27,1,1,0
2022-02-27,1,0,1
2022-02-27,3,2,1
2022-02-27,4,4,0
2022-02-27,3,2,1
2022-02-27,3,3,0
2022-02-27,2,2,0
2022-02-27,0,0,0
2022-02-27,0,0,0
2022-02-27,1,1,0
2022-02-27,1,0,1
2022-02-27,1,1,0
2022-02-27,2,2,0
2022-02-27,0,0,0
2022-02-27,0,0,0
2022-02-27,0,0,0
2022-02-28,0,0,0
2022-02-28,0,0,0
2022-02-28,0,0,0
2022-02-28,0,0,0
2022-02-28,0,0,0
2022-02-28,0,0,0
2022-02-28,1,1,0
2022-02-28,3,2,1
2022-02-28,2,1,1
2022-02-28,2,2,0
2022-02-28,1,1,0
2022-02-28,0,0,0
2022-02-28,1,1,0
2022-02-28,0,0,0
2022-02-28,3,3,0
2022-02-28,2,1,1
2022-02-28,2,2,0
2022-02-28,1,1,0
2022-02-28,10,0,10
2022-02-28,5,0,5
2022-02-28,8,0,8
2022-02-28,0,0,0
2022-02-28,2,1,1
2022-02-28,0,0,0
2022-03-01,0,0,0
2022-03-01,0,0,0
2022-03-01,0,0,0
2022-03-01,0,0,0
2022-03-01,0,0,0
2022-03-01,0,0,0
2022-03-01,0,0,0
2022-03-01,1,0,1
2022-03-01,2,0,2
2022-03-01,5,1,4
2022-03-01,0,0,0
2022-03-01,1,0,1
2022-03-01,4,0,4
2022-03-01,5,4,1
2022-03-01,2,0,2
2022-03-01,4,0,4
2022-03-01,2,0,2
2022-03-01,2,1,1
2022-03-01,1,0,1
2022-03-01,1,1,0
2022-03-01,0,0,0
2022-03-01,0,0,0
2022-03-01,0,0,0
2022-03-01,0,0,0
2022-03-02,0,0,0
2022-03-02,0,0,0
2022-03-02,0,0,0
2022-03-02,0,0,0
2022-03-02,0,0,0
2022-03-02,0,0,0
2022-03-02,0,0,0
2022-03-02,1,0,1
2022-03-02,2,0,2
2022-03-02,1,0,1
2022-03-02,2,1,1
2022-03-02,5,2,3
2022-03-02,5,2,3
2022-03-02,1,0,1
2022-03-02,0,0,0
2022-03-02,0,0,0
2022-03-02,1,0,1
2022-03-02,1,0,1
2022-03-02,8,1,7
2022-03-02,0,0,0
2022-03-02,1,0,1
2022-03-02,0,0,0
2022-03-02,0,0,0
2022-03-02,0,0,0
2022-03-03,0,0,0
2022-03-03,0,0,0
2022-03-03,0,0,0
2022-03-03,0,0,0
2022-03-03,0,0,0
2022-03-03,0,0,0
2022-03-03,0,0,0
2022-03-03,2,0,2
2022-03-03,1,0,1
2022-03-03,0,0,0
2022-03-03,1,0,1
2022-03-03,2,0,2
2022-03-03,4,0,4
2022-03-03,1,0,1
2022-03-03,3,0,3
2022-03-03,7,0,7
2022-03-03,2,0,2
2022-03-03,2,0,2
2022-03-03,4,1,3
2022-03-03,1,0,1
2022-03-03,3,2,1
2022-03-03,3,2,1
2022-03-03,0,0,0
2022-03-03,0,0,0
2022-03-04,0,0,0
2022-03-04,0,0,0
2022-03-04,0,0,0
2022-03-04,0,0,0
2022-03-04,0,0,0
2022-03-04,0,0,0
2022-03-04,0,0,0
2022-03-04,2,0,2
2022-03-04,2,2,0
2022-03-04,1,0,1
2022-03-04,0,0,0
2022-03-04,3,0,3
2022-03-04,0,0,0
2022-03-04,0,0,0
2022-03-04,1,0,1
2022-03-04,0,0,0
2022-03-04,2,0,2
2022-03-04,3,1,2
2022-03-04,10,5,5
2022-03-04,8,6,2
2022-03-04,4,2,2
2022-03-04,0,0,0
2022-03-04,1,0,1
2022-03-04,1,1,0
2022-03-05,1,0,1
2022-03-05,0,0,0
2022-03-05,0,0,0
2022-03-05,0,0,0
2022-03-05,0,0,0
2022-03-05,0,0,0
2022-03-05,1,1,0
2022-03-05,4,2,2
2022-03-05,4,2,2
2022-03-05,4,3,1
2022-03-05,6,3,3
2022-03-05,9,5,4
2022-03-05,15,8,7
2022-03-05,19,8,11
2022-03-05,18,8,10
2022-03-05,16,6,10
2022-03-05,11,5,6
2022-03-05,7,5,2
2022-03-05,10,9,1
2022-03-05,5,2,3
2022-03-05,0,0,0
2022-03-05,3,0,3
2022-03-05,2,2,0
2022-03-05,1,1,0
2022-03-06,0,0,0
2022-03-06,0,0,0
2022-03-06,0,0,0
2022-03-06,0,0,0
2022-03-06,0,0,0
2022-03-06,0,0,0
2022-03-06,2,0,2
2022-03-06,1,0,1
2022-03-06,6,3,3
2022-03-06,4,2,2
2022-03-06,6,1,5
2022-03-06,8,5,3
2022-03-06,10,2,8
2022-03-06,10,5,5
2022-03-06,9,6,3
2022-03-06,20,10,10
2022-03-06,14,9,5
2022-03-06,7,4,3
2022-03-06,5,4,1
2022-03-06,2,2,0
2022-03-06,2,2,0
2022-03-06,0,0,0
2022-03-06,0,0,0
2022-03-06,0,0,0
2022-03-07,0,0,0
2022-03-07,1,1,0
2022-03-07,0,0,0
2022-03-07,0,0,0
2022-03-07,0,0,0
2022-03-07,0,0,0
2022-03-07,2,1,1
2022-03-07,1,1,0
2022-03-07,7,5,2
2022-03-07,6,4,2
2022-03-07,3,3,0
2022-03-07,6,2,4
2022-03-07,6,5,1
2022-03-07,6,5,1
2022-03-07,12,8,4
2022-03-07,10,6,4
2022-03-07,11,3,8
2022-03-07,18,9,9
2022-03-07,10,7,3
2022-03-07,1,1,0
2022-03-07,3,3,0
2022-03-07,1,1,0
2022-03-07,0,0,0
2022-03-07,2,2,0
2022-03-08,0,0,0
2022-03-08,0,0,0
2022-03-08,0,0,0
2022-03-08,0,0,0
2022-03-08,0,0,0
2022-03-08,1,1,0
2022-03-08,0,0,0
2022-03-08,0,0,0
2022-03-08,7,5,2
2022-03-08,10,6,4
2022-03-08,3,1,2
2022-03-08,3,3,0
2022-03-08,6,3,3
2022-03-08,5,1,4
2022-03-08,5,2,3
2022-03-08,8,2,6
2022-03-08,16,8,8
2022-03-08,6,2,4
2022-03-08,9,5,4
2022-03-08,4,2,2
2022-03-08,1,0,1
2022-03-08,1,0,1
2022-03-08,2,0,2
2022-03-08,0,0,0
2022-03-09,0,0,0
2022-03-09,0,0,0
2022-03-09,0,0,0
2022-03-09,0,0,0
2022-03-09,0,0,0
2022-03-09,0,0,0
2022-03-09,2,1,1
2022-03-09,8,4,4
2022-03-09,9,8,1
2022-03-09,6,1,5
2022-03-09,1,0,1
2022-03-09,3,2,1
2022-03-09,9,4,5
2022-03-09,5,3,2
2022-03-09,8,4,4
2022-03-09,6,2,4
2022-03-09,13,9,4
2022-03-09,13,8,5
2022-03-09,6,3,3
2022-03-09,4,3,1
2022-03-09,2,1,1
2022-03-09,3,0,3
2022-03-09,0,0,0
2022-03-09,0,0,0
2022-03-10,0,0,0
2022-03-10,0,0,0
2022-03-10,0,0,0
2022-03-10,0,0,0
2022-03-10,0,0,0
2022-03-10,0,0,0
2022-03-10,1,1,0
2022-03-10,6,3,3
2022-03-10,8,3,5
2022-03-10,9,4,5
2022-03-10,5,3,2
2022-03-10,8,7,1
2022-03-10,4,2,2
2022-03-10,4,0,4
2022-03-10,10,6,4
2022-03-10,4,0,4
2022-03-10,15,10,5
2022-03-10,9,3,6
2022-03-10,12,6,6
2022-03-10,3,3,0
2022-03-10,2,1,1
2022-03-10,0,0,0
2022-03-10,0,0,0
2022-03-10,2,0,2
2022-03-11,0,0,0
2022-03-11,0,0,0
2022-03-11,0,0,0
2022-03-11,0,0,0
2022-03-11,0,0,0
2022-03-11,2,0,2
2022-03-11,2,1,1
2022-03-11,5,3,2
2022-03-11,5,4,1
2022-03-11,3,2,1
2022-03-11,8,4,4
2022-03-11,3,1,2
2022-03-11,8,4,4
2022-03-11,5,2,3
2022-03-11,6,3,3
2022-03-11,11,6,5
2022-03-11,12,7,5
2022-03-11,12,8,4
2022-03-11,5,3,2
2022-03-11,4,0,4
2022-03-11,4,4,0
2022-03-11,4,2,2
2022-03-11,1,0,1
2022-03-11,3,0,3
2022-03-12,3,1,2
2022-03-12,0,0,0
2022-03-12,0,0,0
2022-03-12,0,0,0
2022-03-12,0,0,0
2022-03-12,0,0,0
2022-03-12,0,0,0
2022-03-12,5,2,3
2022-03-12,1,1,0
2022-03-12,7,2,5
2022-03-12,14,7,7
2022-03-12,14,7,7
2022-03-12,17,13,4
2022-03-12,13,4,9
2022-03-12,17,11,6
2022-03-12,11,6,5
2022-03-12,5,3,2
2022-03-12,3,1,2
2022-03-12,1,0,1
2022-03-12,4,2,2
2022-03-12,3,1,2
2022-03-12,1,0,1
2022-03-12,1,0,1
2022-03-12,3,3,0
2022-03-13,1,0,1
2022-03-13,0,0,0
2022-03-13,,,
2022-03-13,1,0,1
2022-03-13,1,0,1
2022-03-13,0,0,0
2022-03-13,1,0,1
2022-03-13,1,0,1
2022-03-13,5,2,3
2022-03-13,3,1,2
2022-03-13,9,2,7
2022-03-13,15,1,14
2022-03-13,18,12,6
2022-03-13,19,13,6
2022-03-13,18,15,3
2022-03-13,11,8,3
2022-03-13,7,4,3
2022-03-13,6,3,3
2022-03-13,1,0,1
2022-03-13,8,6,2
2022-03-13,1,1,0
2022-03-13,1,0,1
2022-03-13,0,0,0
2022-03-13,0,0,0
2022-03-14,1,1,0
2022-03-14,0,0,0
2022-03-14,0,0,0
2022-03-14,1,1,0
2022-03-14,0,0,0
2022-03-14,0,0,0
2022-03-14,2,1,1
2022-03-14,2,1,1
2022-03-14,5,4,1
2022-03-14,4,2,2
2022-03-14,4,1,3
2022-03-14,5,2,3
2022-03-14,3,1,2
2022-03-14,1,1,0
2022-03-14,3,2,1
2022-03-14,4,2,2
2022-03-14,5,1,4
2022-03-14,1,0,1
2022-03-14,6,2,4
2022-03-14,5,4,1
2022-03-14,1,0,1
2022-03-14,0,0,0
2022-03-14,0,0,0
2022-03-14,0,0,0
2022-03-15,1,0,1
2022-03-15,0,0,0
2022-03-15,0,0,0
2022-03-15,0,0,0
2022-03-15,0,0,0
2022-03-15,2,0,2
2022-03-15,4,1,3
2022-03-15,5,4,1
2022-03-15,5,4,1
2022-03-15,7,2,5
2022-03-15,2,2,0
2022-03-15,5,1,4
2022-03-15,10,6,4
2022-03-15,5,2,3
2022-03-15,6,4,2
2022-03-15,8,5,3
2022-03-15,9,5,4
2022-03-15,9,4,5
2022-03-15,9,5,4
2022-03-15,8,1,7
2022-03-15,6,5,1
2022-03-15,1,0,1
2022-03-15,3,1,2
2022-03-15,0,0,0
2022-03-16,0,0,0
2022-03-16,0,0,0
2022-03-16,0,0,0
2022-03-16,0,0,0
2022-03-16,1,0,1
2022-03-16,0,0,0
2022-03-16,1,0,1
2022-03-16,4,4,0
2022-03-16,7,5,2
2022-03-16,7,6,1
2022-03-16,2,1,1
2022-03-16,2,0,2
2022-03-16,15,4,11
2022-03-16,7,6,1
2022-03-16,16,11,5
2022-03-16,9,4,5
2022-03-16,11,3,8
2022-03-16,9,5,4
2022-03-16,14,8,6
2022-03-16,3,2,1
2022-03-16,4,2,2
2022-03-16,1,0,1
2022-03-16,3,1,2
2022-03-16,1,1,0
2022-03-17,0,0,0
2022-03-17,0,0,0
2022-03-17,0,0,0
2022-03-17,0,0,0
2022-03-17,0,0,0
2022-03-17,1,0,1
2022-03-17,1,1,0
2022-03-17,0,0,0
2022-03-17,0,0,0
2022-03-17,6,1,5
2022-03-17,5,1,4
2022-03-17,5,4,1
2022-03-17,5,2,3
2022-03-17,3,1,2
2022-03-17,7,4,3
2022-03-17,5,3,2
2022-03-17,8,6,2
2022-03-17,9,5,4
2022-03-17,8,4,4
2022-03-17,4,2,2
2022-03-17,0,0,0
2022-03-17,2,1,1
2022-03-17,2,1,1
2022-03-17,0,0,0
2022-03-18,0,0,0
2022-03-18,0,0,0
2022-03-18,0,0,0
2022-03-18,0,0,0
2022-03-18,0,0,0
2022-03-18,0,0,0
2022-03-18,0,0,0
2022-03-18,5,4,1
2022-03-18,4,4,0
2022-03-18,3,2,1
2022-03-18,3,1,2
2022-03-18,6,4,2
2022-03-18,8,3,5
2022-03-18,6,2,4
2022-03-18,8,7,1
2022-03-18,8,3,5
2022-03-18,9,5,4
2022-03-18,13,6,7
2022-03-18,15,9,6
2022-03-18,10,6,4
2022-03-18,5,4,1
2022-03-18,0,0,0
2022-03-18,1,1,0
2022-03-18,2,2,0
2022-03-19,4,2,2
2022-03-19,0,0,0
2022-03-19,0,0,0
2022-03-19,0,0,0
2022-03-19,0,0,0
2022-03-19,0,0,0
2022-03-19,0,0,0
2022-03-19,2,1,1
2022-03-19,2,1,1
2022-03-19,6,2,4
2022-03-19,5,5,0
2022-03-19,3,0,3
2022-03-19,5,4,1
2022-03-19,7,4,3
2022-03-19,8,6,2
2022-03-19,6,3,3
2022-03-19,1,0,1
2022-03-19,2,0,2
2022-03-19,4,3,1
2022-03-19,2,0,2
2022-03-19,2,1,1
2022-03-19,1,1,0
2022-03-19,0,0,0
2022-03-19,0,0,0
2022-03-20,0,0,0
2022-03-20,0,0,0
2022-03-20,0,0,0
2022-03-20,0,0,0
2022-03-20,1,1,0
2022-03-20,0,0,0
2022-03-20,1,0,1
2022-03-20,2,1,1
2022-03-20,4,2,2
2022-03-20,3,0,3
2022-03-20,5,2,3
2022-03-20,20,6,14
2022-03-20,12,7,5
2022-03-20,13,7,6
2022-03-20,18,13,5
2022-03-20,5,2,3
2022-03-20,5,3,2
2022-03-20,4,1,3
2022-03-20,6,2,4
2022-03-20,1,1,0
2022-03-20,1,1,0
2022-03-20,0,0,0
2022-03-20,0,0,0
2022-03-20,0,0,0
2022-03-21,1,1,0
2022-03-21,1,0,1
2022-03-21,0,0,0
2022-03-21,0,0,0
2022-03-21,1,1,0
2022-03-21,0,0,0
2022-03-21,1,1,0
2022-03-21,2,2,0
2022-03-21,2,2,0
2022-03-21,3,1,2
2022-03-21,2,2,0
2022-03-21,1,1,0
2022-03-21,2,1,1
2022-03-21,2,2,0
2022-03-21,2,1,1
2022-03-21,5,3,2
2022-03-21,8,3,5
2022-03-21,5,2,3
2022-03-21,3,3,0
2022-03-21,0,0,0
2022-03-21,1,1,0
2022-03-21,1,1,0
2022-03-21,1,1,0
2022-03-21,0,0,0
2022-03-22,1,0,1
2022-03-22,0,0,0
2022-03-22,0,0,0
2022-03-22,0,0,0
2022-03-22,0,0,0
2022-03-22,0,0,0
2022-03-22,0,0,0
2022-03-22,3,2,1
2022-03-22,10,5,5
2022-03-22,3,1,2
2022-03-22,1,1,0
2022-03-22,3,2,1
2022-03-22,4,2,2
2022-03-22,6,2,4
2022-03-22,7,2,5
2022-03-22,18,8,10
2022-03-22,19,5,14
2022-03-22,17,12,5
2022-03-22,10,6,4
2022-03-22,17,8,9
2022-03-22,3,3,0
2022-03-22,2,2,0
2022-03-22,3,2,1
2022-03-22,0,0,0
2022-03-23,0,0,0
2022-03-23,0,0,0
2022-03-23,0,0,0
2022-03-23,0,0,0
2022-03-23,1,0,1
2022-03-23,0,0,0
2022-03-23,2,1,1
2022-03-23,5,4,1
2022-03-23,9,5,4
2022-03-23,5,3,2
2022-03-23,0,0,0
2022-03-23,2,2,0
2022-03-23,6,5,1
2022-03-23,1,1,0
2022-03-23,1,1,0
2022-03-23,1,0,1
2022-03-23,2,1,1
2022-03-23,9,5,4
2022-03-23,8,3,5
2022-03-23,5,4,1
2022-03-23,2,2,0
2022-03-23,0,0,0
2022-03-23,0,0,0
2022-03-23,0,0,0
2022-03-24,1,0,1
2022-03-24,0,0,0
2022-03-24,0,0,0
2022-03-24,0,0,0
2022-03-24,0,0,0
2022-03-24,0,0,0
2022-03-24,1,0,1
2022-03-24,3,3,0
2022-03-24,7,5,2
2022-03-24,6,3,3
2022-03-24,6,4,2
2022-03-24,5,5,0
2022-03-24,4,4,0
2022-03-24,8,6,2
2022-03-24,4,4,0
2022-03-24,3,2,1
2022-03-24,2,2,0
2022-03-24,15,13,2
2022-03-24,4,4,0
2022-03-24,5,4,1
2022-03-24,4,3,1
2022-03-24,0,0,0
2022-03-24,1,1,0
2022-03-24,1,0,1
2022-03-25,0,0,0
2022-03-25,0,0,0
2022-03-25,0,0,0
2022-03-25,1,0,1
2022-03-25,0,0,0
2022-03-25,0,0,0
2022-03-25,0,0,0
2022-03-25,1,1,0
2022-03-25,3,2,1
2022-03-25,2,1,1
2022-03-25,0,0,0
2022-03-25,3,3,0
2022-03-25,0,0,0
2022-03-25,8,6,2
2022-03-25,6,5,1
2022-03-25,7,5,2
2022-03-25,12,10,2
2022-03-25,4,4,0
2022-03-25,10,9,1
2022-03-25,4,4,0
2022-03-25,0,0,0
2022-03-25,1,1,0
2022-03-25,2,2,0
2022-03-25,1,1,0
2022-03-26,0,0,0
2022-03-26,1,0,1
2022-03-26,0,0,0
2022-03-26,0,0,0
2022-03-26,0,0,0
2022-03-26,0,0,0
2022-03-26,0,0,0
2022-03-26,1,1,0
2022-03-26,1,1,0
2022-03-26,3,1,2
2022-03-26,9,4,5
2022-03-26,5,4,1
2022-03-26,5,4,1
2022-03-26,8,7,1
2022-03-26,6,4,2
2022-03-26,5,4,1
2022-03-26,3,2,1
2022-03-26,1,1,0
2022-03-26,2,2,0
2022-03-26,2,2,0
2022-03-26,2,1,1
2022-03-26,0,0,0
2022-03-26,2,1,1
2022-03-26,2,2,0
2022-03-27,0,0,0
2022-03-27,0,0,0
2022-03-27,0,0,0
2022-03-27,0,0,0
2022-03-27,0,0,0
2022-03-27,0,0,0
2022-03-27,0,0,0
2022-03-27,0,0,0
2022-03-27,0,0,0
2022-03-27,2,1,1
2022-03-27,5,4,1
2022-03-27,11,11,0
2022-03-27,8,8,0
2022-03-27,8,7,1
2022-03-27,6,4,2
2022-03-27,8,8,0
2022-03-27,6,4,2
2022-03-27,1,1,0
2022-03-27,1,1,0
2022-03-27,3,2,1
2022-03-27,0,0,0
2022-03-27,0,0,0
2022-03-27,6,1,5
2022-03-27,0,0,0
2022-03-28,0,0,0
2022-03-28,0,0,0
2022-03-28,0,0,0
2022-03-28,0,0,0
2022-03-28,1,1,0
2022-03-28,0,0,0
2022-03-28,2,1,1
2022-03-28,0,0,0
2022-03-28,1,0,1
2022-03-28,3,2,1
2022-03-28,2,1,1
2022-03-28,2,0,2
2022-03-28,3,0,3
2022-03-28,5,2,3
2022-03-28,4,3,1
2022-03-28,2,0,2
2022-03-28,10,1,9
2022-03-28,6,2,4
2022-03-28,4,2,2
2022-03-28,2,1,1
2022-03-28,0,0,0
2022-03-28,1,1,0
2022-03-28,0,0,0
2022-03-28,4,1,3
2022-03-29,0,0,0
2022-03-29,0,0,0
2022-03-29,0,0,0
2022-03-29,0,0,0
2022-03-29,0,0,0
2022-03-29,0,0,0
2022-03-29,1,1,0
2022-03-29,4,3,1
2022-03-29,5,5,0
2022-03-29,7,5,2
2022-03-29,2,0,2
2022-03-29,3,3,0
2022-03-29,0,0,0
2022-03-29,6,3,3
2022-03-29,6,2,4
2022-03-29,13,5,8
2022-03-29,14,8,6
2022-03-29,22,14,8
2022-03-29,11,5,6
2022-03-29,3,1,2
2022-03-29,3,2,1
2022-03-29,4,2,2
2022-03-29,2,0,2
2022-03-29,0,0,0
2022-03-30,0,0,0
2022-03-30,1,1,0
2022-03-30,0,0,0
2022-03-30,0,0,0
2022-03-30,1,0,1
2022-03-30,1,0,1
2022-03-30,1,1,0
2022-03-30,6,3,3
2022-03-30,11,6,5
2022-03-30,4,1,3
2022-03-30,3,3,0
2022-03-30,8,5,3
2022-03-30,3,0,3
2022-03-30,2,1,1
2022-03-30,3,3,0
2022-03-30,2,0,2
2022-03-30,12,8,4
2022-03-30,8,5,3
2022-03-30,3,2,1
2022-03-30,0,0,0
2022-03-30,2,0,2
2022-03-30,1,0,1
2022-03-30,0,0,0
2022-03-30,0,0,0
2022-03-31,0,0,0
2022-03-31,0,0,0
2022-03-31,0,0,0
2022-03-31,0,0,0
2022-03-31,0,0,0
2022-03-31,0,0,0
2022-03-31,1,1,0
2022-03-31,2,2,0
2022-03-31,3,2,1
2022-03-31,0,0,0
2022-03-31,3,1,2
2022-03-31,4,3,1
2022-03-31,7,5,2
2022-03-31,2,1,1
2022-03-31,4,4,0
2022-03-31,6,6,0
2022-03-31,6,5,1
2022-03-31,4,2,2
2022-03-31,3,3,0
2022-03-31,1,1,0
2022-03-31,3,2,1
2022-03-31,6,5,1
2022-03-31,0,0,0
2022-03-31,0,0,0
2022-04-01,0,0,0
2022-04-01,0,0,0
2022-04-01,0,0,0
2022-04-01,0,0,0
2022-04-01,0,0,0
2022-04-01,0,0,0
2022-04-01,1,1,0
2022-04-01,0,0,0
2022-04-01,2,2,0
2022-04-01,4,3,1
2022-04-01,3,3,0
2022-04-01,2,2,0
2022-04-01,3,2,1
2022-04-01,5,5,0
2022-04-01,5,5,0
2022-04-01,9,8,1
2022-04-01,6,5,1
2022-04-01,2,2,0
2022-04-01,4,2,2
2022-04-01,2,1,1
2022-04-01,2,2,0
2022-04-01,0,0,0
2022-04-01,0,0,0
2022-04-01,0,0,0
2022-04-02,2,1,1
2022-04-02,0,0,0
2022-04-02,0,0,0
2022-04-02,0,0,0
2022-04-02,0,0,0
2022-04-02,0,0,0
2022-04-02,1,1,0
2022-04-02,1,1,0
2022-04-02,0,0,0
2022-04-02,3,2,1
2022-04-02,1,1,0
2022-04-02,6,3,3
2022-04-02,11,11,0
2022-04-02,5,5,0
2022-04-02,7,6,1
2022-04-02,12,12,0
2022-04-02,6,5,1
2022-04-02,5,4,1
2022-04-02,2,1,1
2022-04-02,3,2,1
2022-04-02,2,2,0
2022-04-02,0,0,0
2022-04-02,0,0,0
2022-04-02,0,0,0
2022-04-03,0,0,0
2022-04-03,0,0,0
2022-04-03,0,0,0
2022-04-03,0,0,0
2022-04-03,0,0,0
2022-04-03,0,0,0
2022-04-03,0,0,0
2022-04-03,0,0,0
2022-04-03,0,0,0
2022-04-03,2,2,0
2022-04-03,3,2,1
2022-04-03,2,2,0
2022-04-03,1,1,0
2022-04-03,5,4,1
2022-04-03,2,2,0
2022-04-03,1,0,1
2022-04-03,2,1,1
2022-04-03,1,1,0
2022-04-03,0,0,0
2022-04-03,2,2,0
2022-04-03,1,1,0
2022-04-03,0,0,0
2022-04-03,0,0,0
2022-04-03,0,0,0
2022-04-04,0,0,0
2022-04-04,1,1,0
2022-04-04,0,0,0
2022-04-04,0,0,0
2022-04-04,0,0,0
2022-04-04,0,0,0
2022-04-04,0,0,0
2022-04-04,1,1,0
2022-04-04,4,3,1
2022-04-04,3,3,0
2022-04-04,1,1,0
2022-04-04,4,4,0
2022-04-04,5,3,2
2022-04-04,4,2,2
2022-04-04,1,1,0
2022-04-04,5,3,2
2022-04-04,5,2,3
2022-04-04,5,3,2
2022-04-04,5,2,3
2022-04-04,6,3,3
2022-04-04,8,6,2
2022-04-04,1,1,0
2022-04-04,1,1,0
2022-04-04,0,0,0
2022-04-05,0,0,0
2022-04-05,0,0,0
2022-04-05,0,0,0
2022-04-05,0,0,0
2022-04-05,0,0,0
2022-04-05,0,0,0
2022-04-05,0,0,0
2022-04-05,2,1,1
2022-04-05,12,8,4
2022-04-05,11,6,5
2022-04-05,5,2,3
2022-04-05,5,2,3
2022-04-05,13,6,7
2022-04-05,9,8,1
2022-04-05,4,0,4
2022-04-05,7,2,5
2022-04-05,5,4,1
2022-04-05,11,4,7
2022-04-05,6,3,3
2022-04-05,5,2,3
2022-04-05,3,2,1
2022-04-05,1,0,1
2022-04-05,1,0,1
2022-04-05,0,0,0
2022-04-06,0,0,0
2022-04-06,0,0,0
2022-04-06,0,0,0
2022-04-06,0,0,0
2022-04-06,1,0,1
2022-04-06,1,0,1
2022-04-06,0,0,0
2022-04-06,3,2,1
2022-04-06,6,3,3
2022-04-06,7,2,5
2022-04-06,1,0,1
2022-04-06,5,3,2
2022-04-06,8,2,6
2022-04-06,4,1,3
2022-04-06,7,5,2
2022-04-06,5,4,1
2022-04-06,8,1,7
2022-04-06,21,12,9
2022-04-06,18,6,12
2022-04-06,5,1,4
2022-04-06,3,1,2
2022-04-06,2,2,0
2022-04-06,0,0,0
2022-04-06,0,0,0
2022-04-07,0,0,0
2022-04-07,0,0,0
2022-04-07,0,0,0
2022-04-07,0,0,0
2022-04-07,0,0,0
2022-04-07,0,0,0
2022-04-07,0,0,0
2022-04-07,7,5,2
2022-04-07,9,5,4
2022-04-07,7,1,6
2022-04-07,4,0,4
2022-04-07,10,3,7
2022-04-07,6,2,4
2022-04-07,11,7,4
2022-04-07,7,1,6
2022-04-07,11,9,2
2022-04-07,16,6,10
2022-04-07,29,11,18
2022-04-07,23,15,8
2022-04-07,12,7,5
2022-04-07,9,7,2
2022-04-07,3,0,3
2022-04-07,1,1,0
2022-04-07,0,0,0
2022-04-08,0,0,0
2022-04-08,0,0,0
2022-04-08,0,0,0
2022-04-08,0,0,0
2022-04-08,0,0,0
2022-04-08,0,0,0
2022-04-08,0,0,0
2022-04-08,3,3,0
2022-04-08,3,1,2
2022-04-08,1,1,0
2022-04-08,3,2,1
2022-04-08,9,4,5
2022-04-08,9,6,3
2022-04-08,14,10,4
2022-04-08,11,5,6
2022-04-08,4,1,3
2022-04-08,13,8,5
2022-04-08,6,3,3
2022-04-08,8,4,4
2022-04-08,3,0,3
2022-04-08,1,1,0
2022-04-08,2,1,1
2022-04-08,1,0,1
2022-04-08,2,2,0
2022-04-09,1,0,1
2022-04-09,1,1,0
2022-04-09,1,0,1
2022-04-09,0,0,0
2022-04-09,0,0,0
2022-04-09,0,0,0
2022-04-09,0,0,0
2022-04-09,3,1,2
2022-04-09,5,3,2
2022-04-09,5,2,3
2022-04-09,5,3,2
2022-04-09,10,5,5
2022-04-09,5,3,2
2022-04-09,10,8,2
2022-04-09,10,4,6
2022-04-09,4,1,3
2022-04-09,7,7,0
2022-04-09,15,9,6
2022-04-09,2,1,1
2022-04-09,4,0,4
2022-04-09,1,1,0
2022-04-09,2,1,1
2022-04-09,1,1,0
2022-04-09,0,0,0
2022-04-10,0,0,0
2022-04-10,0,0,0
2022-04-10,0,0,0
2022-04-10,0,0,0
2022-04-10,0,0,0
2022-04-10,0,0,0
2022-04-10,1,0,1
2022-04-10,1,0,1
2022-04-10,1,1,0
2022-04-10,0,0,0
2022-04-10,2,2,0
2022-04-10,5,4,1
2022-04-10,2,2,0
2022-04-10,7,6,1
2022-04-10,6,5,1
2022-04-10,7,5,2
2022-04-10,4,3,1
2022-04-10,4,3,1
2022-04-10,1,1,0
2022-04-10,1,1,0
2022-04-10,1,1,0
2022-04-10,1,1,0
2022-04-10,0,0,0
2022-04-10,0,0,0
2022-04-11,1,1,0
2022-04-11,0,0,0
2022-04-11,0,0,0
2022-04-11,0,0,0
2022-04-11,0,0,0
2022-04-11,0,0,0
2022-04-11,0,0,0
2022-04-11,1,1,0
2022-04-11,2,2,0
2022-04-11,1,1,0
2022-04-11,3,2,1
2022-04-11,1,1,0
2022-04-11,1,0,1
2022-04-11,4,3,1
2022-04-11,3,3,0
2022-04-11,4,0,4
2022-04-11,7,6,1
2022-04-11,6,4,2
2022-04-11,4,1,3
2022-04-11,3,0,3
2022-04-11,0,0,0
2022-04-11,1,0,1
2022-04-11,0,0,0
2022-04-11,0,0,0
2022-04-12,0,0,0
2022-04-12,0,0,0
2022-04-12,0,0,0
2022-04-12,0,0,0
2022-04-12,1,0,1
2022-04-12,2,0,2
2022-04-12,5,1,4
2022-04-12,0,0,0
2022-04-12,0,0,0
2022-04-12,2,2,0
2022-04-12,4,3,1
2022-04-12,3,3,0
2022-04-12,3,2,1
2022-04-12,3,2,1
2022-04-12,1,1,0
2022-04-12,5,2,3
2022-04-12,1,1,0
2022-04-12,3,1,2
2022-04-12,2,0,2
2022-04-12,1,0,1
2022-04-12,1,0,1
2022-04-12,1,0,1
2022-04-12,0,0,0
2022-04-12,0,0,0
2022-04-13,0,0,0
2022-04-13,0,0,0
2022-04-13,0,0,0
2022-04-13,0,0,0
2022-04-13,1,0,1
2022-04-13,0,0,0
2022-04-13,0,0,0
2022-04-13,1,1,0
2022-04-13,1,1,0
2022-04-13,3,1,2
2022-04-13,1,1,0
2022-04-13,3,2,1
2022-04-13,1,0,1
2022-04-13,2,2,0
2022-04-13,2,2,0
2022-04-13,4,1,3
2022-04-13,4,0,4
2022-04-13,5,3,2
2022-04-13,1,0,1
2022-04-13,4,2,2
2022-04-13,0,0,0
2022-04-13,0,0,0
2022-04-13,1,1,0
2022-04-13,0,0,0
2022-04-14,1,0,1
2022-04-14,0,0,0
2022-04-14,0,0,0
2022-04-14,1,0,1
2022-04-14,0,0,0
2022-04-14,1,0,1
2022-04-14,0,0,0
2022-04-14,4,2,2
2022-04-14,2,2,0
2022-04-14,1,0,1
2022-04-14,2,1,1
2022-04-14,3,3,0
2022-04-14,3,3,0
2022-04-14,3,3,0
2022-04-14,2,1,1
2022-04-14,3,0,3
2022-04-14,3,1,2
2022-04-14,5,3,2
2022-04-14,0,0,0
2022-04-14,1,1,0
2022-04-14,0,0,0
2022-04-14,0,0,0
2022-04-14,0,0,0
2022-04-14,1,0,1
2022-04-15,0,0,0
2022-04-15,0,0,0
2022-04-15,0,0,0
2022-04-15,0,0,0
2022-04-15,0,0,0
2022-04-15,0,0,0
2022-04-15,0,0,0
2022-04-15,0,0,0
2022-04-15,0,0,0
2022-04-15,4,4,0
2022-04-15,1,0,1
2022-04-15,1,0,1
2022-04-15,3,2,1
2022-04-15,5,1,4
2022-04-15,3,2,1
2022-04-15,9,6,3
2022-04-15,12,4,8
2022-04-15,10,4,6
2022-04-15,11,8,3
2022-04-15,8,6,2
2022-04-15,5,3,2
2022-04-15,0,0,0
2022-04-15,0,0,0
2022-04-15,4,1,3
2022-04-16,0,0,0
2022-04-16,0,0,0
2022-04-16,0,0,0
2022-04-16,0,0,0
2022-04-16,0,0,0
2022-04-16,0,0,0
2022-04-16,0,0,0
2022-04-16,1,0,1
2022-04-16,1,1,0
2022-04-16,3,2,1
2022-04-16,12,5,7
2022-04-16,6,4,2
2022-04-16,8,4,4
2022-04-16,6,4,2
2022-04-16,10,6,4
2022-04-16,10,4,6
2022-04-16,7,3,4
2022-04-16,4,4,0
2022-04-16,4,3,1
2022-04-16,2,2,0
2022-04-16,0,0,0
2022-04-16,1,0,1
2022-04-16,1,1,0
2022-04-16,1,0,1
2022-04-17,1,1,0
2022-04-17,1,1,0
2022-04-17,0,0,0
2022-04-17,0,0,0
2022-04-17,0,0,0
2022-04-17,0,0,0
2022-04-17,1,0,1
2022-04-17,2,1,1
2022-04-17,5,2,3
2022-04-17,5,3,2
2022-04-17,5,0,5
2022-04-17,14,10,4
2022-04-17,16,7,9
2022-04-17,10,6,4
2022-04-17,13,6,7
2022-04-17,15,11,4
2022-04-17,17,12,5
2022-04-17,6,2,4
2022-04-17,9,3,6
2022-04-17,14,8,6
2022-04-17,3,2,1
2022-04-17,0,0,0
2022-04-17,0,0,0
2022-04-17,0,0,0
2022-04-18,0,0,0
2022-04-18,0,0,0
2022-04-18,0,0,0
2022-04-18,0,0,0
2022-04-18,0,0,0
2022-04-18,1,1,0
2022-04-18,0,0,0
2022-04-18,0,0,0
2022-04-18,1,1,0
2022-04-18,9,5,4
2022-04-18,3,2,1
2022-04-18,2,0,2
2022-04-18,1,1,0
2022-04-18,5,2,3
2022-04-18,0,0,0
2022-04-18,1,0,1
2022-04-18,1,1,0
2022-04-18,4,3,1
2022-04-18,2,2,0
2022-04-18,0,0,0
2022-04-18,1,0,1
2022-04-18,0,0,0
2022-04-18,0,0,0
2022-04-18,0,0,0
2022-04-19,0,0,0
2022-04-19,0,0,0
2022-04-19,0,0,0
2022-04-19,0,0,0
2022-04-19,0,0,0
2022-04-19,0,0,0
2022-04-19,2,1,1
2022-04-19,3,1,2
2022-04-19,9,5,4
2022-04-19,3,2,1
2022-04-19,6,4,2
2022-04-19,10,6,4
2022-04-19,6,3,3
2022-04-19,3,1,2
2022-04-19,12,9,3
2022-04-19,11,6,5
2022-04-19,10,6,4
2022-04-19,15,7,8
2022-04-19,11,8,3
2022-04-19,7,4,3
2022-04-19,4,4,0
2022-04-19,0,0,0
2022-04-19,3,0,3
2022-04-19,1,1,0
2022-04-20,0,0,0
2022-04-20,0,0,0
2022-04-20,0,0,0
2022-04-20,0,0,0
2022-04-20,0,0,0
2022-04-20,0,0,0
2022-04-20,0,0,0
2022-04-20,4,2,2
2022-04-20,8,6,2
2022-04-20,11,4,7
2022-04-20,8,4,4
2022-04-20,10,5,5
2022-04-20,5,2,3
2022-04-20,3,1,2
2022-04-20,4,3,1
2022-04-20,3,3,0
2022-04-20,3,2,1
2022-04-20,8,6,2
2022-04-20,11,5,6
2022-04-20,5,1,4
2022-04-20,1,0,1
2022-04-20,2,2,0
2022-04-20,0,0,0
2022-04-20,1,0,1
2022-04-21,0,0,0
2022-04-21,0,0,0
2022-04-21,0,0,0
2022-04-21,0,0,0
2022-04-21,0,0,0
2022-04-21,4,2,2
2022-04-21,1,0,1
2022-04-21,6,4,2
2022-04-21,8,6,2
2022-04-21,8,4,4
2022-04-21,7,4,3
2022-04-21,10,5,5
2022-04-21,3,3,0
2022-04-21,7,3,4
2022-04-21,4,1,3
2022-04-21,3,1,2
2022-04-21,11,3,8
2022-04-21,14,11,3
2022-04-21,8,6,2
2022-04-21,2,2,0
2022-04-21,1,0,1
2022-04-21,3,2,1
2022-04-21,2,1,1
2022-04-21,0,0,0
2022-04-22,0,0,0
2022-04-22,0,0,0
2022-04-22,0,0,0
2022-04-22,0,0,0
2022-04-22,0,0,0
2022-04-22,0,0,0
2022-04-22,0,0,0
2022-04-22,0,0,0
2022-04-22,1,1,0
2022-04-22,2,1,1
2022-04-22,0,0,0
2022-04-22,2,1,1
2022-04-22,2,2,0
2022-04-22,12,9,3
2022-04-22,5,2,3
2022-04-22,4,4,0
2022-04-22,7,5,2
2022-04-22,2,2,0
2022-04-22,3,3,0
2022-04-22,2,1,1
2022-04-22,6,5,1
2022-04-22,1,1,0
2022-04-22,1,1,0
2022-04-22,1,1,0
2022-04-23,1,1,0
2022-04-23,1,0,1
2022-04-23,0,0,0
2022-04-23,0,0,0
2022-04-23,0,0,0
2022-04-23,0,0,0
2022-04-23,0,0,0
2022-04-23,0,0,0
2022-04-23,2,1,1
2022-04-23,1,1,0
2022-04-23,6,4,2
2022-04-23,5,2,3
2022-04-23,6,4,2
2022-04-23,7,5,2
2022-04-23,7,6,1
2022-04-23,6,5,1
2022-04-23,13,12,1
2022-04-23,13,12,1
2022-04-23,5,4,1
2022-04-23,7,7,0
2022-04-23,1,1,0
2022-04-23,0,0,0
2022-04-23,0,0,0
2022-04-23,0,0,0
2022-04-24,0,0,0
2022-04-24,0,0,0
2022-04-24,0,0,0
2022-04-24,0,0,0
2022-04-24,0,0,0
2022-04-24,0,0,0
2022-04-24,0,0,0
2022-04-24,0,0,0
2022-04-24,0,0,0
2022-04-24,2,1,1
2022-04-24,3,2,1
2022-04-24,8,4,4
2022-04-24,8,7,1
2022-04-24,9,8,1
2022-04-24,7,5,2
2022-04-24,13,11,2
2022-04-24,7,5,2
2022-04-24,4,4,0
2022-04-24,5,4,1
2022-04-24,2,2,0
2022-04-24,0,0,0
2022-04-24,0,0,0
2022-04-24,0,0,0
2022-04-24,0,0,0
2022-04-25,0,0,0
2022-04-25,0,0,0
2022-04-25,0,0,0
2022-04-25,0,0,0
2022-04-25,0,0,0
2022-04-25,0,0,0
2022-04-25,0,0,0
2022-04-25,0,0,0
2022-04-25,1,1,0
2022-04-25,1,0,1
2022-04-25,0,0,0
2022-04-25,2,1,1
2022-04-25,0,0,0
2022-04-25,1,0,1
2022-04-25,5,2,3
2022-04-25,3,3,0
2022-04-25,2,0,2
2022-04-25,4,1,3
2022-04-25,0,0,0
2022-04-25,0,0,0
2022-04-25,1,1,0
2022-04-25,2,1,1
2022-04-25,0,0,0
2022-04-25,0,0,0
2022-04-26,0,0,0
2022-04-26,0,0,0
2022-04-26,1,1,0
2022-04-26,0,0,0
2022-04-26,0,0,0
2022-04-26,1,0,1
2022-04-26,0,0,0
2022-04-26,1,1,0
2022-04-26,5,4,1
2022-04-26,8,5,3
2022-04-26,0,0,0
2022-04-26,2,1,1
2022-04-26,4,4,0
2022-04-26,4,3,1
2022-04-26,5,5,0
2022-04-26,13,6,7
2022-04-26,11,7,4
2022-04-26,10,5,5
2022-04-26,5,2,3
2022-04-26,8,4,4
2022-04-26,2,1,1
2022-04-26,1,0,1
2022-04-26,2,2,0
2022-04-26,0,0,0
2022-04-27,0,0,0
2022-04-27,0,0,0
2022-04-27,0,0,0
2022-04-27,1,1,0
2022-04-27,0,0,0
2022-04-27,0,0,0
2022-04-27,0,0,0
2022-04-27,7,6,1
2022-04-27,7,6,1
2022-04-27,6,2,4
2022-04-27,14,7,7
2022-04-27,7,5,2
2022-04-27,3,1,2
2022-04-27,9,4,5
2022-04-27,4,3,1
2022-04-27,2,2,0
2022-04-27,12,2,10
2022-04-27,20,13,7
2022-04-27,9,4,5
2022-04-27,7,4,3
2022-04-27,7,5,2
2022-04-27,1,0,1
2022-04-27,1,0,1
2022-04-27,1,1,0
2022-04-28,0,0,0
2022-04-28,0,0,0
2022-04-28,0,0,0
2022-04-28,0,0,0
2022-04-28,0,0,0
2022-04-28,1,0,1
2022-04-28,0,0,0
2022-04-28,9,6,3
2022-04-28,11,8,3
2022-04-28,4,1,3
2022-04-28,6,3,3
2022-04-28,8,5,3
2022-04-28,9,3,6
2022-04-28,8,8,0
2022-04-28,6,4,2
2022-04-28,8,5,3
2022-04-28,10,3,7
2022-04-28,14,9,5
2022-04-28,3,1,2
2022-04-28,7,3,4
2022-04-28,2,1,1
2022-04-28,1,1,0
2022-04-28,0,0,0
2022-04-28,1,1,0
2022-04-29,0,0,0
2022-04-29,0,0,0
2022-04-29,1,1,0
2022-04-29,0,0,0
2022-04-29,0,0,0
2022-04-29,0,0,0
2022-04-29,1,0,1
2022-04-29,5,3,2
2022-04-29,8,6,2
2022-04-29,2,1,1
2022-04-29,3,3,0
2022-04-29,5,3,2
2022-04-29,8,6,2
2022-04-29,11,8,3
2022-04-29,9,5,4
2022-04-29,7,5,2
2022-04-29,16,9,7
2022-04-29,14,7,7
2022-04-29,18,11,7
2022-04-29,9,6,3
2022-04-29,3,1,2
2022-04-29,2,2,0
2022-04-29,1,0,1
2022-04-29,4,0,4
2022-04-30,0,0,0
2022-04-30,0,0,0
2022-04-30,1,0,1
2022-04-30,0,0,0
2022-04-30,0,0,0
2022-04-30,0,0,0
2022-04-30,0,0,0
2022-04-30,1,1,0
2022-04-30,1,0,1
2022-04-30,4,2,2
2022-04-30,5,4,1
2022-04-30,6,1,5
2022-04-30,9,5,4
2022-04-30,14,5,9
2022-04-30,11,3,8
2022-04-30,20,9,11
2022-04-30,21,14,7
2022-04-30,24,15,9
2022-04-30,7,5,2
2022-04-30,11,9,2
2022-04-30,4,3,1
2022-04-30,1,0,1
2022-04-30,3,1,2
2022-04-30,0,0,0
2022-05-01,1,1,0
2022-05-01,1,1,0
2022-05-01,0,0,0
2022-05-01,0,0,0
2022-05-01,0,0,0
2022-05-01,0,0,0
2022-05-01,1,0,1
2022-05-01,3,1,2
2022-05-01,2,1,1
2022-05-01,8,2,6
2022-05-01,9,1,8
2022-05-01,26,13,13
2022-05-01,37,23,14
2022-05-01,17,10,7
2022-05-01,15,5,10
2022-05-01,23,15,8
2022-05-01,14,9,5
2022-05-01,9,4,5
2022-05-01,8,3,5
2022-05-01,2,2,0
2022-05-01,2,1,1
2022-05-01,3,1,2
2022-05-01,2,2,0
2022-05-01,0,0,0
2022-05-02,1,0,1
2022-05-02,0,0,0
2022-05-02,1,0,1
2022-05-02,0,0,0
2022-05-02,0,0,0
2022-05-02,0,0,0
2022-05-02,3,0,3
2022-05-02,0,0,0
2022-05-02,2,1,1
2022-05-02,3,0,3
2022-05-02,0,0,0
2022-05-02,0,0,0
2022-05-02,2,0,2
2022-05-02,4,2,2
2022-05-02,6,0,6
2022-05-02,6,1,5
2022-05-02,3,2,1
2022-05-02,3,3,0
2022-05-02,3,3,0
2022-05-02,1,0,1
2022-05-02,4,4,0
2022-05-02,0,0,0
2022-05-02,0,0,0
2022-05-02,0,0,0
2022-05-03,1,1,0
2022-05-03,0,0,0
2022-05-03,0,0,0
2022-05-03,1,1,0
2022-05-03,0,0,0
2022-05-03,0,0,0
2022-05-03,0,0,0
2022-05-03,2,2,0
2022-05-03,3,3,0
2022-05-03,4,2,2
2022-05-03,3,1,2
2022-05-03,2,1,1
2022-05-03,7,4,3
2022-05-03,3,3,0
2022-05-03,11,8,3
2022-05-03,2,0,2
2022-05-03,4,4,0
2022-05-03,10,8,2
2022-05-03,10,8,2
2022-05-03,3,3,0
2022-05-03,0,0,0
2022-05-03,1,1,0
2022-05-03,1,1,0
2022-05-03,0,0,0
2022-05-04,1,1,0
2022-05-04,0,0,0
2022-05-04,0,0,0
2022-05-04,0,0,0
2022-05-04,1,0,1
2022-05-04,0,0,0
2022-05-04,1,0,1
2022-05-04,3,2,1
2022-05-04,7,7,0
2022-05-04,5,3,2
2022-05-04,3,2,1
2022-05-04,2,0,2
2022-05-04,7,5,2
2022-05-04,1,0,1
2022-05-04,2,1,1
2022-05-04,7,5,2
2022-05-04,8,2,6
2022-05-04,12,7,5
2022-05-04,11,9,2
2022-05-04,4,3,1
2022-05-04,2,2,0
2022-05-04,1,0,1
2022-05-04,1,1,0
2022-05-04,0,0,0
2022-05-05,0,0,0
2022-05-05,0,0,0
2022-05-05,0,0,0
2022-05-05,0,0,0
2022-05-05,0,0,0
2022-05-05,1,0,1
2022-05-05,3,0,3
2022-05-05,2,2,0
2022-05-05,4,4,0
2022-05-05,2,0,2
2022-05-05,4,1,3
2022-05-05,3,2,1
2022-05-05,3,2,1
2022-05-05,3,3,0
2022-05-05,2,1,1
2022-05-05,2,2,0
2022-05-05,5,3,2
2022-05-05,7,4,3
2022-05-05,3,2,1
2022-05-05,1,0,1
2022-05-05,1,1,0
2022-05-05,2,2,0
2022-05-05,0,0,0
2022-05-05,0,0,0
2022-05-06,0,0,0
2022-05-06,0,0,0
2022-05-06,0,0,0
2022-05-06,0,0,0
2022-05-06,0,0,0
2022-05-06,0,0,0
2022-05-06,0,0,0
2022-05-06,5,5,0
2022-05-06,4,3,1
2022-05-06,1,1,0
2022-05-06,3,1,2
2022-05-06,6,6,0
2022-05-06,0,0,0
2022-05-06,1,0,1
2022-05-06,2,1,1
2022-05-06,7,2,5
2022-05-06,7,5,2
2022-05-06,6,5,1
2022-05-06,5,5,0
2022-05-06,3,2,1
2022-05-06,2,2,0
2022-05-06,2,2,0
2022-05-06,0,0,0
2022-05-06,0,0,0
2022-05-07,1,0,1
2022-05-07,0,0,0
2022-05-07,3,0,3
2022-05-07,0,0,0
2022-05-07,0,0,0
2022-05-07,1,0,1
2022-05-07,1,0,1
2022-05-07,1,0,1
2022-05-07,1,0,1
2022-05-07,3,0,3
2022-05-07,5,3,2
2022-05-07,9,5,4
2022-05-07,11,9,2
2022-05-07,9,8,1
2022-05-07,6,3,3
2022-05-07,5,4,1
2022-05-07,8,8,0
2022-05-07,7,7,0
2022-05-07,4,3,1
2022-05-07,4,3,1
2022-05-07,3,2,1
2022-05-07,1,1,0
2022-05-07,2,1,1
2022-05-07,1,1,0
2022-05-08,0,0,0
2022-05-08,0,0,0
2022-05-08,0,0,0
2022-05-08,0,0,0
2022-05-08,0,0,0
2022-05-08,0,0,0
2022-05-08,1,0,1
2022-05-08,0,0,0
2022-05-08,6,4,2
2022-05-08,3,2,1
2022-05-08,9,7,2
2022-05-08,13,9,4
2022-05-08,7,5,2
2022-05-08,12,5,7
2022-05-08,14,9,5
2022-05-08,26,24,2
2022-05-08,20,15,5
2022-05-08,14,7,7
2022-05-08,9,9,0
2022-05-08,3,3,0
2022-05-08,4,4,0
2022-05-08,1,1,0
2022-05-08,0,0,0
2022-05-08,0,0,0
2022-05-09,1,1,0
2022-05-09,0,0,0
2022-05-09,0,0,0
2022-05-09,0,0,0
2022-05-09,0,0,0
2022-05-09,0,0,0
2022-05-09,1,1,0
2022-05-09,3,3,0
2022-05-09,4,4,0
2022-05-09,5,5,0
2022-05-09,4,3,1
2022-05-09,7,5,2
2022-05-09,7,6,1
2022-05-09,1,1,0
2022-05-09,2,2,0
2022-05-09,10,6,4
2022-05-09,10,6,4
2022-05-09,6,4,2
2022-05-09,5,1,4
2022-05-09,5,1,4
2022-05-09,2,2,0
2022-05-09,1,1,0
2022-05-09,1,1,0
2022-05-09,0,0,0
2022-05-10,0,0,0
2022-05-10,0,0,0
2022-05-10,0,0,0
2022-05-10,0,0,0
2022-05-10,0,0,0
2022-05-10,0,0,0
2022-05-10,2,1,1
2022-05-10,4,4,0
2022-05-10,5,5,0
2022-05-10,4,3,1
2022-05-10,1,1,0
2022-05-10,5,2,3
2022-05-10,2,2,0
2022-05-10,2,1,1
2022-05-10,5,2,3
2022-05-10,5,3,2
2022-05-10,13,6,7
2022-05-10,9,8,1
2022-05-10,11,10,1
2022-05-10,9,6,3
2022-05-10,3,3,0
2022-05-10,2,2,0
2022-05-10,0,0,0
2022-05-10,0,0,0
2022-05-11,0,0,0
2022-05-11,0,0,0
2022-05-11,0,0,0
2022-05-11,0,0,0
2022-05-11,0,0,0
2022-05-11,0,0,0
2022-05-11,0,0,0
2022-05-11,4,4,0
2022-05-11,8,7,1
2022-05-11,3,1,2
2022-05-11,0,0,0
2022-05-11,6,4,2
2022-05-11,6,5,1
2022-05-11,2,2,0
2022-05-11,7,4,3
2022-05-11,5,2,3
2022-05-11,13,7,6
2022-05-11,19,13,6
2022-05-11,14,11,3
2022-05-11,4,4,0
2022-05-11,2,2,0
2022-05-11,3,1,2
2022-05-11,0,0,0
2022-05-11,0,0,0
2022-05-12,0,0,0
2022-05-12,0,0,0
2022-05-12,0,0,0
2022-05-12,0,0,0
2022-05-12,0,0,0
2022-05-12,1,0,1
2022-05-12,0,0,0
2022-05-12,3,3,0
2022-05-12,3,2,1
2022-05-12,1,1,0
2022-05-12,0,0,0
2022-05-12,3,2,1
2022-05-12,3,3,0
2022-05-12,1,1,0
2022-05-12,3,2,1
2022-05-12,4,1,3
2022-05-12,5,3,2
2022-05-12,7,5,2
2022-05-12,5,3,2
2022-05-12,4,3,1
2022-05-12,4,1,3
2022-05-12,4,3,1
2022-05-12,0,0,0
2022-05-12,1,1,0
2022-05-13,0,0,0
2022-05-13,1,1,0
2022-05-13,0,0,0
2022-05-13,2,2,0
2022-05-13,0,0,0
2022-05-13,0,0,0
2022-05-13,0,0,0
2022-05-13,6,4,2
2022-05-13,10,9,1
2022-05-13,1,1,0
2022-05-13,3,3,0
2022-05-13,3,2,1
2022-05-13,7,4,3
2022-05-13,6,4,2
2022-05-13,4,2,2
2022-05-13,9,4,5
2022-05-13,12,10,2
2022-05-13,10,5,5
2022-05-13,9,7,2
2022-05-13,4,4,0
2022-05-13,1,1,0
2022-05-13,1,1,0
2022-05-13,0,0,0
2022-05-13,2,2,0
2022-05-14,0,0,0
2022-05-14,1,1,0
2022-05-14,0,0,0
2022-05-14,0,0,0
2022-05-14,0,0,0
2022-05-14,0,0,0
2022-05-14,0,0,0
2022-05-14,0,0,0
2022-05-14,1,0,1
2022-05-14,2,1,1
2022-05-14,4,4,0
2022-05-14,5,5,0
2022-05-14,9,5,4
2022-05-14,2,1,1
2022-05-14,9,8,1
2022-05-14,16,9,7
2022-05-14,11,7,4
2022-05-14,7,1,6
2022-05-14,17,12,5
2022-05-14,13,9,4
2022-05-14,2,2,0
2022-05-14,0,0,0
2022-05-14,1,1,0
2022-05-14,1,1,0
2022-05-15,0,0,0
2022-05-15,0,0,0
2022-05-15,1,1,0
2022-05-15,0,0,0
2022-05-15,1,1,0
2022-05-15,0,0,0
2022-05-15,1,1,0
2022-05-15,0,0,0
2022-05-15,1,1,0
2022-05-15,2,1,1
2022-05-15,2,1,1
2022-05-15,3,0,3
2022-05-15,10,3,7
2022-05-15,2,1,1
2022-05-15,5,4,1
2022-05-15,4,2,2
2022-05-15,4,1,3
2022-05-15,4,0,4
2022-05-15,1,1,0
2022-05-15,1,0,1
2022-05-15,3,1,2
2022-05-15,3,0,3
2022-05-15,4,1,3
2022-05-15,1,0,1
2022-05-16,0,0,0
2022-05-16,0,0,0
2022-05-16,1,0,1
2022-05-16,1,0,1
2022-05-16,0,0,0
2022-05-16,1,0,1
2022-05-16,2,0,2
2022-05-16,2,2,0
2022-05-16,7,1,6
2022-05-16,5,0,5
2022-05-16,3,0,3
2022-05-16,5,0,5
2022-05-16,5,2,3
2022-05-16,4,2,2
2022-05-16,6,4,2
2022-05-16,5,2,3
2022-05-16,5,4,1
2022-05-16,14,3,11
2022-05-16,22,15,7
2022-05-16,11,11,0
2022-05-16,4,3,1
2022-05-16,1,1,0
2022-05-16,1,1,0
2022-05-16,1,0,1
2022-05-17,1,0,1
2022-05-17,1,1,0
2022-05-17,1,1,0
2022-05-17,0,0,0
2022-05-17,0,0,0
2022-05-17,1,1,0
2022-05-17,2,1,1
2022-05-17,3,3,0
2022-05-17,9,5,4
2022-05-17,2,2,0
2022-05-17,3,2,1
2022-05-17,6,4,2
2022-05-17,3,2,1
2022-05-17,5,3,2
2022-05-17,7,4,3
2022-05-17,8,6,2
2022-05-17,15,8,7
2022-05-17,13,9,4
2022-05-17,25,8,17
2022-05-17,22,11,11
2022-05-17,5,5,0
2022-05-17,5,5,0
2022-05-17,3,3,0
2022-05-17,2,2,0
2022-05-18,0,0,0
2022-05-18,0,0,0
2022-05-18,1,1,0
2022-05-18,0,0,0
2022-05-18,1,0,1
2022-05-18,1,0,1
2022-05-18,0,0,0
2022-05-18,2,2,0
2022-05-18,3,1,2
2022-05-18,3,3,0
2022-05-18,6,4,2
2022-05-18,0,0,0
2022-05-18,2,2,0
2022-05-18,7,3,4
2022-05-18,5,4,1
2022-05-18,5,5,0
2022-05-18,12,8,4
2022-05-18,11,5,6
2022-05-18,5,1,4
2022-05-18,5,3,2
2022-05-18,3,2,1
2022-05-18,7,4,3
2022-05-18,1,0,1
2022-05-18,0,0,0
2022-05-19,1,1,0
2022-05-19,1,1,0
2022-05-19,0,0,0
2022-05-19,0,0,0
2022-05-19,0,0,0
2022-05-19,3,1,2
2022-05-19,2,1,1
2022-05-19,9,7,2
2022-05-19,13,7,6
2022-05-19,0,0,0
2022-05-19,3,3,0
2022-05-19,8,4,4
2022-05-19,8,6,2
2022-05-19,10,8,2
2022-05-19,6,6,0
2022-05-19,8,5,3
2022-05-19,18,12,6
2022-05-19,10,7,3
2022-05-19,15,13,2
2022-05-19,5,3,2
2022-05-19,4,4,0
2022-05-19,4,4,0
2022-05-19,1,0,1
2022-05-19,0,0,0
2022-05-20,0,0,0
2022-05-20,0,0,0
2022-05-20,0,0,0
2022-05-20,0,0,0
2022-05-20,0,0,0
2022-05-20,0,0,0
2022-05-20,3,1,2
2022-05-20,3,2,1
2022-05-20,22,15,7
2022-05-20,4,2,2
2022-05-20,4,4,0
2022-05-20,4,3,1
2022-05-20,7,1,6
2022-05-20,11,10,1
2022-05-20,6,5,1
2022-05-20,11,9,2
2022-05-20,13,9,4
2022-05-20,22,5,17
2022-05-20,14,12,2
2022-05-20,12,10,2
2022-05-20,11,8,3
2022-05-20,4,3,1
2022-05-20,1,1,0
2022-05-20,1,1,0
2022-05-21,1,1,0
2022-05-21,0,0,0
2022-05-21,0,0,0
2022-05-21,0,0,0
2022-05-21,0,0,0
2022-05-21,1,0,1
2022-05-21,1,0,1
2022-05-21,0,0,0
2022-05-21,3,3,0
2022-05-21,6,3,3
2022-05-21,4,2,2
2022-05-21,14,11,3
2022-05-21,11,6,5
2022-05-21,13,10,3
2022-05-21,10,7,3
2022-05-21,10,8,2
2022-05-21,25,18,7
2022-05-21,5,5,0
2022-05-21,5,4,1
2022-05-21,11,7,4
2022-05-21,6,5,1
2022-05-21,3,3,0
2022-05-21,3,2,1
2022-05-21,0,0,0
2022-05-22,0,0,0
2022-05-22,0,0,0
2022-05-22,1,0,1
2022-05-22,0,0,0
2022-05-22,1,1,0
2022-05-22,0,0,0
2022-05-22,0,0,0
2022-05-22,0,0,0
2022-05-22,1,1,0
2022-05-22,9,5,4
2022-05-22,3,1,2
2022-05-22,17,6,11
2022-05-22,33,24,9
2022-05-22,19,13,6
2022-05-22,17,11,6
2022-05-22,20,13,7
2022-05-22,21,16,5
2022-05-22,8,5,3
2022-05-22,11,6,5
2022-05-22,16,10,6
2022-05-22,6,0,6
2022-05-22,1,0,1
2022-05-22,1,1,0
2022-05-22,1,0,1
2022-05-23,2,0,2
2022-05-23,0,0,0
2022-05-23,1,1,0
2022-05-23,0,0,0
2022-05-23,0,0,0
2022-05-23,1,0,1
2022-05-23,0,0,0
2022-05-23,5,4,1
2022-05-23,3,3,0
2022-05-23,6,2,4
2022-05-23,3,3,0
2022-05-23,5,2,3
2022-05-23,3,2,1
2022-05-23,4,3,1
2022-05-23,10,6,4
2022-05-23,6,3,3
2022-05-23,4,3,1
2022-05-23,18,12,6
2022-05-23,15,5,10
2022-05-23,8,3,5
2022-05-23,7,2,5
2022-05-23,4,1,3
2022-05-23,3,1,2
2022-05-23,1,0,1
2022-05-24,0,0,0
2022-05-24,0,0,0
2022-05-24,2,1,1
2022-05-24,0,0,0
2022-05-24,0,0,0
2022-05-24,1,0,1
2022-05-24,2,2,0
2022-05-24,4,4,0
2022-05-24,5,5,0
2022-05-24,6,4,2
2022-05-24,4,4,0
2022-05-24,6,3,3
2022-05-24,4,3,1
2022-05-24,3,3,0
2022-05-24,3,2,1
2022-05-24,1,1,0
2022-05-24,10,4,6
2022-05-24,15,7,8
2022-05-24,12,6,6
2022-05-24,5,4,1
2022-05-24,4,3,1
2022-05-24,2,1,1
2022-05-24,2,2,0
2022-05-24,0,0,0
2022-05-25,1,1,0
2022-05-25,0,0,0
2022-05-25,0,0,0
2022-05-25,0,0,0
2022-05-25,0,0,0
2022-05-25,1,0,1
2022-05-25,0,0,0
2022-05-25,3,3,0
2022-05-25,9,6,3
2022-05-25,4,3,1
2022-05-25,4,3,1
2022-05-25,8,6,2
2022-05-25,3,2,1
2022-05-25,4,2,2
2022-05-25,7,5,2
2022-05-25,8,7,1
2022-05-25,14,8,6
2022-05-25,15,8,7
2022-05-25,15,6,9
2022-05-25,6,3,3
2022-05-25,3,0,3
2022-05-25,3,1,2
2022-05-25,1,0,1
2022-05-25,1,1,0
2022-05-26,0,0,0
2022-05-26,1,1,0
2022-05-26,1,1,0
2022-05-26,0,0,0
2022-05-26,0,0,0
2022-05-26,1,1,0
2022-05-26,1,1,0
2022-05-26,3,2,1
2022-05-26,6,5,1
2022-05-26,6,3,3
2022-05-26,7,5,2
2022-05-26,9,6,3
2022-05-26,2,2,0
2022-05-26,16,9,7
2022-05-26,4,0,4
2022-05-26,3,1,2
2022-05-26,4,2,2
2022-05-26,14,9,5
2022-05-26,9,6,3
2022-05-26,5,2,3
2022-05-26,9,5,4
2022-05-26,3,3,0
2022-05-26,2,0,2
2022-05-26,2,1,1
2022-05-27,0,0,0
2022-05-27,0,0,0
2022-05-27,1,0,1
2022-05-27,0,0,0
2022-05-27,0,0,0
2022-05-27,0,0,0
2022-05-27,0,0,0
2022-05-27,3,3,0
2022-05-27,2,2,0
2022-05-27,4,1,3
2022-05-27,4,4,0
2022-05-27,11,7,4
2022-05-27,4,4,0
2022-05-27,8,5,3
2022-05-27,5,4,1
2022-05-27,10,6,4
2022-05-27,17,11,6
2022-05-27,14,8,6
2022-05-27,13,4,9
2022-05-27,13,8,5
2022-05-27,9,4,5
2022-05-27,3,2,1
2022-05-27,3,2,1
2022-05-27,2,1,1
2022-05-28,3,2,1
2022-05-28,3,2,1
2022-05-28,1,0,1
2022-05-28,0,0,0
2022-05-28,0,0,0
2022-05-28,0,0,0
2022-05-28,1,1,0
2022-05-28,1,1,0
2022-05-28,0,0,0
2022-05-28,1,1,0
2022-05-28,4,2,2
2022-05-28,5,4,1
2022-05-28,4,3,1
2022-05-28,12,7,5
2022-05-28,6,4,2
2022-05-28,10,5,5
2022-05-28,7,4,3
2022-05-28,5,3,2
2022-05-28,9,4,5
2022-05-28,4,4,0
2022-05-28,2,1,1
2022-05-28,1,0,1
2022-05-28,4,3,1
2022-05-28,0,0,0
2022-05-29,1,1,0
2022-05-29,2,2,0
2022-05-29,0,0,0
2022-05-29,1,1,0
2022-05-29,0,0,0
2022-05-29,0,0,0
2022-05-29,0,0,0
2022-05-29,0,0,0
2022-05-29,0,0,0
2022-05-29,0,0,0
2022-05-29,9,4,5
2022-05-29,5,4,1
2022-05-29,13,8,5
2022-05-29,12,9,3
2022-05-29,0,0,0
2022-05-29,2,2,0
2022-05-29,0,0,0
2022-05-29,2,2,0
2022-05-29,1,1,0
2022-05-29,1,1,0
2022-05-29,1,1,0
2022-05-29,1,0,1
2022-05-29,0,0,0
2022-05-29,0,0,0
2022-05-30,0,0,0
2022-05-30,1,0,1
2022-05-30,0,0,0
2022-05-30,0,0,0
2022-05-30,0,0,0
2022-05-30,0,0,0
2022-05-30,1,1,0
2022-05-30,0,0,0
2022-05-30,2,2,0
2022-05-30,5,2,3
2022-05-30,7,6,1
2022-05-30,8,7,1
2022-05-30,8,6,2
2022-05-30,6,3,3
2022-05-30,5,1,4
2022-05-30,11,9,2
2022-05-30,10,7,3
2022-05-30,10,7,3
2022-05-30,10,10,0
2022-05-30,3,2,1
2022-05-30,6,2,4
2022-05-30,4,4,0
2022-05-30,0,0,0
2022-05-30,1,0,1
2022-05-31,0,0,0
2022-05-31,0,0,0
2022-05-31,0,0,0
2022-05-31,1,1,0
2022-05-31,0,0,0
2022-05-31,0,0,0
2022-05-31,2,1,1
2022-05-31,3,3,0
2022-05-31,4,4,0
2022-05-31,6,3,3
2022-05-31,7,4,3
2022-05-31,5,3,2
2022-05-31,8,3,5
2022-05-31,7,5,2
2022-05-31,2,1,1
2022-05-31,3,3,0
2022-05-31,10,4,6
2022-05-31,10,5,5
2022-05-31,3,0,3
2022-05-31,2,1,1
2022-05-31,3,0,3
2022-05-31,2,0,2
2022-05-31,0,0,0
2022-05-31,0,0,0
2022-06-01,0,0,0
2022-06-01,0,0,0
2022-06-01,0,0,0
2022-06-01,0,0,0
2022-06-01,0,0,0
2022-06-01,0,0,0
2022-06-01,0,0,0
2022-06-01,0,0,0
2022-06-01,1,0,1
2022-06-01,1,0,1
2022-06-01,0,0,0
2022-06-01,2,0,2
2022-06-01,3,0,3
2022-06-01,2,0,2
2022-06-01,2,1,1
2022-06-01,2,0,2
2022-06-01,7,0,7
2022-06-01,5,0,5
2022-06-01,3,0,3
2022-06-01,1,0,1
2022-06-01,0,0,0
2022-06-01,0,0,0
2022-06-01,0,0,0
2022-06-01,2,2,0
2022-06-02,0,0,0
2022-06-02,0,0,0
2022-06-02,0,0,0
2022-06-02,0,0,0
2022-06-02,0,0,0
2022-06-02,1,0,1
2022-06-02,0,0,0
2022-06-02,1,0,1
2022-06-02,1,0,1
2022-06-02,4,0,4
2022-06-02,0,0,0
2022-06-02,1,0,1
2022-06-02,1,0,1
2022-06-02,4,0,4
2022-06-02,0,0,0
2022-06-02,2,0,2
2022-06-02,3,0,3
2022-06-02,1,0,1
2022-06-02,2,1,1
2022-06-02,2,0,2
2022-06-02,1,0,1
2022-06-02,1,0,1
2022-06-02,4,0,4
2022-06-02,0,0,0
2022-06-03,0,0,0
2022-06-03,0,0,0
2022-06-03,0,0,0
2022-06-03,0,0,0
2022-06-03,0,0,0
2022-06-03,0,0,0
2022-06-03,0,0,0
2022-06-03,3,0,3
2022-06-03,3,0,3
2022-06-03,1,0,1
2022-06-03,0,0,0
2022-06-03,0,0,0
2022-06-03,5,0,5
2022-06-03,0,0,0
2022-06-03,4,1,3
2022-06-03,1,0,1
2022-06-03,2,0,2
2022-06-03,2,0,2
2022-06-03,2,1,1
2022-06-03,1,0,1
2022-06-03,2,0,2
2022-06-03,0,0,0
2022-06-03,3,0,3
2022-06-03,1,0,1
2022-06-04,3,0,3
2022-06-04,0,0,0
2022-06-04,0,0,0
2022-06-04,0,0,0
2022-06-04,0,0,0
2022-06-04,0,0,0
2022-06-04,0,0,0
2022-06-04,1,0,1
2022-06-04,0,0,0
2022-06-04,1,0,1
2022-06-04,2,0,2
2022-06-04,4,1,3
2022-06-04,3,0,3
2022-06-04,1,0,1
2022-06-04,2,0,2
2022-06-04,0,0,0
2022-06-04,4,0,4
2022-06-04,0,0,0
2022-06-04,1,0,1
2022-06-04,1,0,1
2022-06-04,1,0,1
2022-06-04,1,0,1
2022-06-04,1,0,1
2022-06-04,4,3,1
2022-06-05,1,0,1
2022-06-05,0,0,0
2022-06-05,0,0,0
2022-06-05,0,0,0
2022-06-05,0,0,0
2022-06-05,0,0,0
2022-06-05,1,1,0
2022-06-05,0,0,0
2022-06-05,0,0,0
2022-06-05,1,0,1
2022-06-05,1,0,1
2022-06-05,9,0,9
2022-06-05,15,1,14
2022-06-05,11,5,6
2022-06-05,7,0,7
2022-06-05,4,1,3
2022-06-05,8,5,3
2022-06-05,7,0,7
2022-06-05,1,0,1
2022-06-05,2,0,2
2022-06-05,0,0,0
2022-06-05,1,0,1
2022-06-05,0,0,0
2022-06-05,0,0,0
2022-06-06,0,0,0
2022-06-06,0,0,0
2022-06-06,0,0,0
2022-06-06,0,0,0
2022-06-06,0,0,0
2022-06-06,0,0,0
2022-06-06,1,0,1
2022-06-06,2,0,2
2022-06-06,7,0,7
2022-06-06,5,0,5
2022-06-06,6,0,6
2022-06-06,4,0,4
2022-06-06,10,4,6
2022-06-06,11,0,11
2022-06-06,9,4,5
2022-06-06,2,0,2
2022-06-06,7,1,6
2022-06-06,9,1,8
2022-06-06,4,1,3
2022-06-06,2,1,1
2022-06-06,1,0,1
2022-06-06,4,1,3
2022-06-06,0,0,0
2022-06-06,1,0,1
2022-06-07,1,0,1
2022-06-07,1,0,1
2022-06-07,0,0,0
2022-06-07,0,0,0
2022-06-07,0,0,0
2022-06-07,0,0,0
2022-06-07,2,0,2
2022-06-07,0,0,0
2022-06-07,6,1,5
2022-06-07,2,0,2
2022-06-07,12,3,9
2022-06-07,7,5,2
2022-06-07,2,0,2
2022-06-07,1,0,1
2022-06-07,1,0,1
2022-06-07,2,0,2
2022-06-07,1,0,1
2022-06-07,0,0,0
2022-06-07,2,0,2
2022-06-07,0,0,0
2022-06-07,2,0,2
2022-06-07,0,0,0
2022-06-07,0,0,0
2022-06-07,0,0,0
2022-06-08,0,0,0
2022-06-08,0,0,0
2022-06-08,0,0,0
2022-06-08,0,0,0
2022-06-08,0,0,0
2022-06-08,0,0,0
2022-06-08,0,0,0
2022-06-08,0,0,0
2022-06-08,0,0,0
2022-06-08,1,0,1
2022-06-08,2,0,2
2022-06-08,1,0,1
2022-06-08,2,0,2
2022-06-08,3,0,3
2022-06-08,4,0,4
2022-06-08,4,0,4
2022-06-08,0,0,0
2022-06-08,3,2,1
2022-06-08,5,2,3
2022-06-08,2,1,1
2022-06-08,1,1,0
2022-06-08,1,0,1
2022-06-08,0,0,0
2022-06-08,0,0,0
2022-06-09,0,0,0
2022-06-09,0,0,0
2022-06-09,0,0,0
2022-06-09,0,0,0
2022-06-09,0,0,0
2022-06-09,0,0,0
2022-06-09,0,0,0
2022-06-09,0,0,0
2022-06-09,1,1,0
2022-06-09,4,0,4
2022-06-09,1,0,1
2022-06-09,3,1,2
2022-06-09,3,0,3
2022-06-09,5,0,5
2022-06-09,2,0,2
2022-06-09,4,0,4
2022-06-09,0,0,0
2022-06-09,0,0,0
2022-06-09,0,0,0
2022-06-09,1,0,1
2022-06-09,0,0,0
2022-06-09,0,0,0
2022-06-09,0,0,0
2022-06-09,0,0,0
2022-06-10,1,0,1
2022-06-10,0,0,0
2022-06-10,0,0,0
2022-06-10,0,0,0
2022-06-10,0,0,0
2022-06-10,0,0,0
2022-06-10,0,0,0
2022-06-10,4,0,4
2022-06-10,5,0,5
2022-06-10,4,0,4
2022-06-10,1,0,1
2022-06-10,11,1,10
2022-06-10,3,0,3
2022-06-10,2,1,1
2022-06-10,1,0,1
2022-06-10,2,0,2
2022-06-10,2,0,2
2022-06-10,0,0,0
2022-06-10,1,0,1
2022-06-10,1,0,1
2022-06-10,0,0,0
2022-06-10,2,0,2
2022-06-10,0,0,0
2022-06-10,0,0,0
2022-06-11,0,0,0
2022-06-11,0,0,0
2022-06-11,0,0,0
2022-06-11,0,0,0
2022-06-11,0,0,0
2022-06-11,0,0,0
2022-06-11,0,0,0
2022-06-11,0,0,0
2022-06-11,0,0,0
2022-06-11,0,0,0
2022-06-11,1,0,1
2022-06-11,2,0,2
2022-06-11,4,1,3
2022-06-11,2,0,2
2022-06-11,2,0,2
2022-06-11,1,0,1
2022-06-11,4,0,4
2022-06-11,2,0,2
2022-06-11,2,0,2
2022-06-11,5,0,5
2022-06-11,0,0,0
2022-06-11,0,0,0
2022-06-11,1,0,1
2022-06-11,1,0,1
2022-06-12,0,0,0
2022-06-12,0,0,0
2022-06-12,1,0,1
2022-06-12,0,0,0
2022-06-12,0,0,0
2022-06-12,0,0,0
2022-06-12,0,0,0
2022-06-12,0,0,0
2022-06-12,2,0,2
2022-06-12,2,0,2
2022-06-12,5,1,4
2022-06-12,7,2,5
2022-06-12,14,0,14
2022-06-12,7,0,7
2022-06-12,6,0,6
2022-06-12,1,0,1
2022-06-12,3,1,2
2022-06-12,3,0,3
2022-06-12,2,0,2
2022-06-12,1,0,1
2022-06-12,3,0,3
2022-06-12,1,0,1
2022-06-12,1,0,1
2022-06-12,2,1,1
2022-06-13,0,0,0
2022-06-13,0,0,0
2022-06-13,0,0,0
2022-06-13,0,0,0
2022-06-13,0,0,0
2022-06-13,0,0,0
2022-06-13,1,1,0
2022-06-13,0,0,0
2022-06-13,2,0,2
2022-06-13,5,1,4
2022-06-13,1,0,1
2022-06-13,0,0,0
2022-06-13,1,0,1
2022-06-13,0,0,0
2022-06-13,0,0,0
2022-06-13,2,0,2
2022-06-13,3,0,3
2022-06-13,2,0,2
2022-06-13,1,0,1
2022-06-13,2,0,2
2022-06-13,2,0,2
2022-06-13,2,0,2
2022-06-13,1,0,1
2022-06-13,1,0,1
2022-06-14,0,0,0
2022-06-14,0,0,0
2022-06-14,0,0,0
2022-06-14,0,0,0
2022-06-14,0,0,0
2022-06-14,0,0,0
2022-06-14,2,0,2
2022-06-14,3,0,3
2022-06-14,5,2,3
2022-06-14,4,3,1
2022-06-14,2,0,2
2022-06-14,3,0,3
2022-06-14,4,0,4
2022-06-14,4,1,3
2022-06-14,4,0,4
2022-06-14,6,0,6
2022-06-14,5,0,5
2022-06-14,6,0,6
2022-06-14,8,1,7
2022-06-14,0,0,0
2022-06-14,0,0,0
2022-06-14,2,0,2
2022-06-14,3,1,2
2022-06-14,0,0,0
2022-06-15,0,0,0
2022-06-15,0,0,0
2022-06-15,0,0,0
2022-06-15,0,0,0
2022-06-15,0,0,0
2022-06-15,0,0,0
2022-06-15,0,0,0
2022-06-15,2,2,0
2022-06-15,0,0,0
2022-06-15,2,0,2
2022-06-15,3,0,3
2022-06-15,1,0,1
2022-06-15,1,0,1
2022-06-15,1,0,1
2022-06-15,1,0,1
2022-06-15,1,0,1
2022-06-15,2,0,2
2022-06-15,1,1,0
2022-06-15,5,0,5
2022-06-15,2,0,2
2022-06-15,0,0,0
2022-06-15,2,0,2
2022-06-15,0,0,0
2022-06-15,0,0,0
2022-06-16,1,1,0
2022-06-16,0,0,0
2022-06-16,0,0,0
2022-06-16,0,0,0
2022-06-16,0,0,0
2022-06-16,0,0,0
2022-06-16,0,0,0
2022-06-16,1,0,1
2022-06-16,4,0,4
2022-06-16,6,2,4
2022-06-16,1,0,1
2022-06-16,0,0,0
2022-06-16,0,0,0
2022-06-16,2,0,2
2022-06-16,3,0,3
2022-06-16,4,1,3
2022-06-16,3,0,3
2022-06-16,2,0,2
2022-06-16,1,0,1
2022-06-16,1,0,1
2022-06-16,0,0,0
2022-06-16,1,0,1
2022-06-16,0,0,0
2022-06-16,0,0,0
2022-06-17,0,0,0
2022-06-17,0,0,0
2022-06-17,0,0,0
2022-06-17,0,0,0
2022-06-17,0,0,0
2022-06-17,0,0,0
2022-06-17,2,0,2
2022-06-17,3,2,1
2022-06-17,1,0,1
2022-06-17,2,0,2
2022-06-17,1,0,1
2022-06-17,2,0,2
2022-06-17,1,0,1
2022-06-17,1,0,1
2022-06-17,2,0,2
2022-06-17,5,0,5
2022-06-17,2,0,2
2022-06-17,8,2,6
2022-06-17,6,2,4
2022-06-17,6,0,6
2022-06-17,3,0,3
2022-06-17,2,0,2
2022-06-17,6,0,6
2022-06-17,2,0,2
2022-06-18,1,0,1
2022-06-18,2,0,2
2022-06-18,1,0,1
2022-06-18,0,0,0
2022-06-18,0,0,0
2022-06-18,0,0,0
2022-06-18,0,0,0
2022-06-18,3,0,3
2022-06-18,2,1,1
2022-06-18,1,0,1
2022-06-18,4,0,4
2022-06-18,3,0,3
2022-06-18,6,0,6
2022-06-18,7,1,6
2022-06-18,5,0,5
2022-06-18,1,0,1
2022-06-18,2,0,2
2022-06-18,8,2,6
2022-06-18,4,0,4
2022-06-18,5,3,2
2022-06-18,2,0,2
2022-06-18,2,0,2
2022-06-18,1,0,1
2022-06-18,1,1,0
2022-06-19,0,0,0
2022-06-19,0,0,0
2022-06-19,0,0,0
2022-06-19,1,0,1
2022-06-19,0,0,0
2022-06-19,0,0,0
2022-06-19,0,0,0
2022-06-19,1,0,1
2022-06-19,2,0,2
2022-06-19,4,0,4
2022-06-19,7,1,6
2022-06-19,14,0,14
2022-06-19,12,2,10
2022-06-19,3,1,2
2022-06-19,1,0,1
2022-06-19,2,0,2
2022-06-19,2,1,1
2022-06-19,5,0,5
2022-06-19,1,1,0
2022-06-19,5,5,0
2022-06-19,0,0,0
2022-06-19,0,0,0
2022-06-19,0,0,0
2022-06-19,0,0,0
2022-06-20,1,0,1
2022-06-20,0,0,0
2022-06-20,0,0,0
2022-06-20,0,0,0
2022-06-20,0,0,0
2022-06-20,0,0,0
2022-06-20,0,0,0
2022-06-20,1,0,1
2022-06-20,2,0,2
2022-06-20,3,0,3
2022-06-20,1,0,1
2022-06-20,1,0,1
2022-06-20,4,0,4
2022-06-20,4,1,3
2022-06-20,9,1,8
2022-06-20,4,0,4
2022-06-20,8,1,7
2022-06-20,3,0,3
2022-06-20,5,1,4
2022-06-20,0,0,0
2022-06-20,0,0,0
2022-06-20,0,0,0
2022-06-20,0,0,0
2022-06-20,1,1,0
2022-06-21,0,0,0
2022-06-21,0,0,0
2022-06-21,0,0,0
2022-06-21,0,0,0
2022-06-21,0,0,0
2022-06-21,0,0,0
2022-06-21,1,0,1
2022-06-21,0,0,0
2022-06-21,0,0,0
2022-06-21,3,2,1
2022-06-21,0,0,0
2022-06-21,3,0,3
2022-06-21,4,1,3
2022-06-21,8,1,7
2022-06-21,2,0,2
2022-06-21,11,3,8
2022-06-21,2,0,2
2022-06-21,0,0,0
2022-06-21,3,1,2
2022-06-21,1,0,1
2022-06-21,0,0,0
2022-06-21,1,0,1
2022-06-21,7,0,7
2022-06-21,0,0,0
2022-06-22,0,0,0
2022-06-22,0,0,0
2022-06-22,0,0,0
2022-06-22,0,0,0
2022-06-22,0,0,0
2022-06-22,0,0,0
2022-06-22,1,0,1
2022-06-22,3,2,1
2022-06-22,4,0,4
2022-06-22,1,0,1
2022-06-22,2,0,2
2022-06-22,2,0,2
2022-06-22,6,1,5
2022-06-22,4,1,3
2022-06-22,1,0,1
2022-06-22,0,0,0
2022-06-22,5,1,4
2022-06-22,2,0,2
2022-06-22,3,0,3
2022-06-22,3,0,3
2022-06-22,1,1,0
2022-06-22,0,0,0
2022-06-22,1,1,0
2022-06-22,0,0,0
2022-06-23,0,0,0
2022-06-23,0,0,0
2022-06-23,0,0,0
2022-06-23,0,0,0
2022-06-23,0,0,0
2022-06-23,0,0,0
2022-06-23,2,0,2
2022-06-23,2,0,2
2022-06-23,7,0,7
2022-06-23,1,0,1
2022-06-23,4,0,4
2022-06-23,6,0,6
2022-06-23,6,0,6
2022-06-23,3,0,3
2022-06-23,8,0,8
2022-06-23,4,0,4
2022-06-23,4,0,4
2022-06-23,7,0,7
2022-06-23,9,0,9
2022-06-23,4,1,3
2022-06-23,0,0,0
2022-06-23,1,0,1
2022-06-23,1,0,1
2022-06-23,0,0,0
2022-06-24,0,0,0
2022-06-24,0,0,0
2022-06-24,0,0,0
2022-06-24,0,0,0
2022-06-24,0,0,0
2022-06-24,0,0,0
2022-06-24,0,0,0
2022-06-24,3,0,3
2022-06-24,1,0,1
2022-06-24,2,0,2
2022-06-24,6,0,6
2022-06-24,4,0,4
2022-06-24,1,0,1
2022-06-24,2,0,2
2022-06-24,7,0,7
2022-06-24,2,0,2
2022-06-24,5,1,4
2022-06-24,2,0,2
2022-06-24,0,0,0
2022-06-24,1,1,0
2022-06-24,1,1,0
2022-06-24,2,2,0
2022-06-24,1,0,1
2022-06-24,0,0,0
2022-06-25,0,0,0
2022-06-25,1,0,1
2022-06-25,0,0,0
2022-06-25,0,0,0
2022-06-25,0,0,0
2022-06-25,0,0,0
2022-06-25,0,0,0
2022-06-25,1,0,1
2022-06-25,2,0,2
2022-06-25,1,0,1
2022-06-25,0,0,0
2022-06-25,7,0,7
2022-06-25,1,0,1
2022-06-25,3,0,3
2022-06-25,4,0,4
2022-06-25,6,0,6
2022-06-25,2,0,2
2022-06-25,1,0,1
2022-06-25,2,0,2
2022-06-25,0,0,0
2022-06-25,3,0,3
2022-06-25,0,0,0
2022-06-25,2,0,2
2022-06-25,0,0,0
2022-06-26,0,0,0
2022-06-26,1,0,1
2022-06-26,0,0,0
2022-06-26,0,0,0
2022-06-26,1,0,1
2022-06-26,0,0,0
2022-06-26,0,0,0
2022-06-26,3,0,3
2022-06-26,2,0,2
2022-06-26,4,1,3
2022-06-26,9,0,9
2022-06-26,8,1,7
2022-06-26,6,0,6
2022-06-26,1,0,1
2022-06-26,1,0,1
2022-06-26,0,0,0
2022-06-26,0,0,0
2022-06-26,3,0,3
2022-06-26,4,1,3
2022-06-26,1,0,1
2022-06-26,1,1,0
2022-06-26,0,0,0
2022-06-26,1,1,0
2022-06-26,0,0,0
2022-06-27,0,0,0
2022-06-27,0,0,0
2022-06-27,0,0,0
2022-06-27,0,0,0
2022-06-27,0,0,0
2022-06-27,0,0,0
2022-06-27,0,0,0
2022-06-27,0,0,0
2022-06-27,0,0,0
2022-06-27,1,0,1
2022-06-27,0,0,0
2022-06-27,0,0,0
2022-06-27,0,0,0
2022-06-27,0,0,0
2022-06-27,0,0,0
2022-06-27,1,0,1
2022-06-27,4,0,4
2022-06-27,1,0,1
2022-06-27,1,1,0
2022-06-27,1,0,1
2022-06-27,1,0,1
2022-06-27,2,0,2
2022-06-27,0,0,0
2022-06-27,0,0,0
2022-06-28,0,0,0
2022-06-28,0,0,0
2022-06-28,0,0,0
2022-06-28,0,0,0
2022-06-28,0,0,0
2022-06-28,0,0,0
2022-06-28,0,0,0
2022-06-28,0,0,0
2022-06-28,2,0,2
2022-06-28,0,0,0
2022-06-28,2,0,2
2022-06-28,0,0,0
2022-06-28,0,0,0
2022-06-28,0,0,0
2022-06-28,0,0,0
2022-06-28,0,0,0
2022-06-28,1,1,0
2022-06-28,0,0,0
2022-06-28,2,0,2
2022-06-28,0,0,0
2022-06-28,0,0,0
2022-06-28,0,0,0
2022-06-28,0,0,0
2022-06-28,0,0,0
2022-06-29,0,0,0
2022-06-29,0,0,0
2022-06-29,0,0,0
2022-06-29,0,0,0
2022-06-29,0,0,0
2022-06-29,0,0,0
2022-06-29,0,0,0
2022-06-29,0,0,0
2022-06-29,0,0,0
2022-06-29,0,0,0
2022-06-29,1,0,1
2022-06-29,0,0,0
2022-06-29,1,0,1
2022-06-29,0,0,0
2022-06-29,0,0,0
2022-06-29,0,0,0
2022-06-29,3,0,3
2022-06-29,1,0,1
2022-06-29,0,0,0
2022-06-29,2,0,2
2022-06-29,0,0,0
2022-06-29,0,0,0
2022-06-29,0,0,0
2022-06-29,0,0,0
2022-06-30,0,0,0
2022-06-30,0,0,0
2022-06-30,0,0,0
2022-06-30,0,0,0
2022-06-30,0,0,0
2022-06-30,1,0,1
2022-06-30,0,0,0
2022-06-30,3,0,3
2022-06-30,1,0,1
2022-06-30,1,0,1
2022-06-30,1,0,1
2022-06-30,5,2,3
2022-06-30,0,0,0
2022-06-30,3,1,2
2022-06-30,3,0,3
2022-06-30,5,0,5
2022-06-30,9,1,8
2022-06-30,8,0,8
2022-06-30,2,0,2
2022-06-30,5,1,4
2022-06-30,3,0,3
2022-06-30,4,2,2
2022-06-30,0,0,0
2022-06-30,0,0,0
2022-07-01,0,0,0
2022-07-01,0,0,0
2022-07-01,0,0,0
2022-07-01,0,0,0
2022-07-01,0,0,0
2022-07-01,0,0,0
2022-07-01,0,0,0
2022-07-01,0,0,0
2022-07-01,2,0,2
2022-07-01,3,0,3
2022-07-01,0,0,0
2022-07-01,1,0,1
2022-07-01,3,0,3
2022-07-01,7,0,7
2022-07-01,4,0,4
2022-07-01,5,0,5
2022-07-01,1,0,1
2022-07-01,4,0,4
2022-07-01,3,0,3
2022-07-01,2,1,1
2022-07-01,0,0,0
2022-07-01,0,0,0
2022-07-01,1,1,0
2022-07-01,0,0,0
2022-07-02,0,0,0
2022-07-02,0,0,0
2022-07-02,0,0,0
2022-07-02,0,0,0
2022-07-02,0,0,0
2022-07-02,0,0,0
2022-07-02,0,0,0
2022-07-02,0,0,0
2022-07-02,0,0,0
2022-07-02,1,1,0
2022-07-02,0,0,0
2022-07-02,0,0,0
2022-07-02,8,1,7
2022-07-02,1,0,1
2022-07-02,0,0,0
2022-07-02,3,0,3
2022-07-02,4,0,4
2022-07-02,1,0,1
2022-07-02,4,0,4
2022-07-02,2,0,2
2022-07-02,0,0,0
2022-07-02,0,0,0
2022-07-02,1,0,1
2022-07-02,0,0,0
2022-07-03,0,0,0
2022-07-03,0,0,0
2022-07-03,0,0,0
2022-07-03,0,0,0
2022-07-03,0,0,0
2022-07-03,0,0,0
2022-07-03,0,0,0
2022-07-03,0,0,0
2022-07-03,0,0,0
2022-07-03,0,0,0
2022-07-03,0,0,0
2022-07-03,2,0,2
2022-07-03,6,0,6
2022-07-03,7,0,7
2022-07-03,3,0,3
2022-07-03,2,0,2
2022-07-03,0,0,0
2022-07-03,7,0,7
2022-07-03,1,0,1
2022-07-03,1,0,1
2022-07-03,0,0,0
2022-07-03,0,0,0
2022-07-03,1,0,1
2022-07-03,0,0,0
2022-07-04,0,0,0
2022-07-04,0,0,0
2022-07-04,0,0,0
2022-07-04,0,0,0
2022-07-04,1,0,1
2022-07-04,1,0,1
2022-07-04,1,0,1
2022-07-04,1,0,1
2022-07-04,3,3,0
2022-07-04,0,0,0
2022-07-04,3,2,1
2022-07-04,1,1,0
2022-07-04,7,4,3
2022-07-04,11,4,7
2022-07-04,12,3,9
2022-07-04,8,8,0
2022-07-04,7,4,3
2022-07-04,10,7,3
2022-07-04,6,3,3
2022-07-04,3,2,1
2022-07-04,4,3,1
2022-07-04,3,2,1
2022-07-04,2,1,1
2022-07-04,1,1,0
2022-07-05,2,0,2
2022-07-05,1,1,0
2022-07-05,0,0,0
2022-07-05,0,0,0
2022-07-05,1,0,1
2022-07-05,0,0,0
2022-07-05,2,1,1
2022-07-05,1,1,0
2022-07-05,3,2,1
2022-07-05,8,3,5
2022-07-05,7,3,4
2022-07-05,5,3,2
2022-07-05,10,3,7
2022-07-05,9,3,6
2022-07-05,5,1,4
2022-07-05,10,4,6
2022-07-05,20,6,14
2022-07-05,12,6,6
2022-07-05,13,1,12
2022-07-05,5,3,2
2022-07-05,2,2,0
2022-07-05,4,1,3
2022-07-05,2,1,1
2022-07-05,0,0,0
2022-07-06,0,0,0
2022-07-06,0,0,0
2022-07-06,0,0,0
2022-07-06,0,0,0
2022-07-06,0,0,0
2022-07-06,1,0,1
2022-07-06,0,0,0
2022-07-06,5,4,1
2022-07-06,4,3,1
2022-07-06,11,4,7
2022-07-06,7,1,6
2022-07-06,3,2,1
2022-07-06,8,4,4
2022-07-06,10,2,8
2022-07-06,9,4,5
2022-07-06,3,2,1
2022-07-06,14,7,7
2022-07-06,17,8,9
2022-07-06,6,4,2
2022-07-06,6,5,1
2022-07-06,14,9,5
2022-07-06,3,2,1
2022-07-06,1,1,0
2022-07-06,2,0,2
2022-07-07,0,0,0
2022-07-07,0,0,0
2022-07-07,0,0,0
2022-07-07,2,0,2
2022-07-07,0,0,0
2022-07-07,0,0,0
2022-07-07,0,0,0
2022-07-07,3,1,2
2022-07-07,5,0,5
2022-07-07,2,0,2
2022-07-07,9,0,9
2022-07-07,5,1,4
2022-07-07,4,1,3
2022-07-07,7,1,6
2022-07-07,9,1,8
2022-07-07,11,8,3
2022-07-07,3,3,0
2022-07-07,3,2,1
2022-07-07,1,0,1
2022-07-07,2,0,2
2022-07-07,1,1,0
2022-07-07,2,2,0
2022-07-07,3,2,1
2022-07-07,0,0,0
2022-07-08,0,0,0
2022-07-08,0,0,0
2022-07-08,0,0,0
2022-07-08,0,0,0
2022-07-08,0,0,0
2022-07-08,0,0,0
2022-07-08,0,0,0
2022-07-08,0,0,0
2022-07-08,6,0,6
2022-07-08,5,0,5
2022-07-08,9,0,9
2022-07-08,8,0,8
2022-07-08,4,0,4
2022-07-08,2,0,2
2022-07-08,2,0,2
2022-07-08,2,0,2
2022-07-08,5,3,2
2022-07-08,5,2,3
2022-07-08,10,4,6
2022-07-08,7,1,6
2022-07-08,2,0,2
2022-07-08,0,0,0
2022-07-08,0,0,0
2022-07-08,1,0,1
2022-07-09,2,0,2
2022-07-09,1,1,0
2022-07-09,0,0,0
2022-07-09,0,0,0
2022-07-09,0,0,0
2022-07-09,1,0,1
2022-07-09,1,0,1
2022-07-09,1,0,1
2022-07-09,1,1,0
2022-07-09,5,0,5
2022-07-09,3,0,3
2022-07-09,6,4,2
2022-07-09,9,5,4
2022-07-09,19,15,4
2022-07-09,13,6,7
2022-07-09,15,12,3
2022-07-09,4,3,1
2022-07-09,13,9,4
2022-07-09,10,8,2
2022-07-09,1,0,1
2022-07-09,6,4,2
2022-07-09,1,1,0
2022-07-09,1,0,1
2022-07-09,1,0,1
2022-07-10,0,0,0
2022-07-10,0,0,0
2022-07-10,0,0,0
2022-07-10,0,0,0
2022-07-10,0,0,0
2022-07-10,0,0,0
2022-07-10,0,0,0
2022-07-10,0,0,0
2022-07-10,0,0,0
2022-07-10,2,0,2
2022-07-10,5,0,5
2022-07-10,5,3,2
2022-07-10,7,3,4
2022-07-10,4,1,3
2022-07-10,7,1,6
2022-07-10,3,0,3
2022-07-10,4,2,2
2022-07-10,12,7,5
2022-07-10,1,1,0
2022-07-10,5,3,2
2022-07-10,2,2,0
2022-07-10,0,0,0
2022-07-10,1,0,1
2022-07-10,0,0,0
2022-07-11,0,0,0
2022-07-11,0,0,0
2022-07-11,0,0,0
2022-07-11,0,0,0
2022-07-11,0,0,0
2022-07-11,0,0,0
2022-07-11,0,0,0
2022-07-11,3,1,2
2022-07-11,5,0,5
2022-07-11,5,2,3
2022-07-11,6,0,6
2022-07-11,1,0,1
2022-07-11,3,0,3
2022-07-11,5,0,5
2022-07-11,4,1,3
2022-07-11,6,2,4
2022-07-11,4,2,2
2022-07-11,3,1,2
2022-07-11,6,1,5
2022-07-11,2,1,1
2022-07-11,1,0,1
2022-07-11,3,2,1
2022-07-11,0,0,0
2022-07-11,0,0,0
2022-07-12,0,0,0
2022-07-12,0,0,0
2022-07-12,0,0,0
2022-07-12,0,0,0
2022-07-12,0,0,0
2022-07-12,0,0,0
2022-07-12,0,0,0
2022-07-12,3,0,3
2022-07-12,4,0,4
2022-07-12,1,0,1
2022-07-12,3,0,3
2022-07-12,1,0,1
2022-07-12,2,0,2
2022-07-12,1,0,1
2022-07-12,6,0,6
2022-07-12,2,0,2
2022-07-12,2,0,2
2022-07-12,11,2,9
2022-07-12,5,3,2
2022-07-12,5,3,2
2022-07-12,4,3,1
2022-07-12,4,0,4
2022-07-12,0,0,0
2022-07-12,0,0,0
2022-07-13,0,0,0
2022-07-13,0,0,0
2022-07-13,0,0,0
2022-07-13,0,0,0
2022-07-13,0,0,0
2022-07-13,0,0,0
2022-07-13,1,0,1
2022-07-13,1,0,1
2022-07-13,3,1,2
2022-07-13,5,1,4
2022-07-13,1,0,1
2022-07-13,1,1,0
2022-07-13,3,0,3
2022-07-13,5,2,3
2022-07-13,1,0,1
2022-07-13,1,0,1
2022-07-13,3,1,2
2022-07-13,2,1,1
2022-07-13,5,4,1
2022-07-13,4,2,2
2022-07-13,2,1,1
2022-07-13,0,0,0
2022-07-13,2,0,2
2022-07-13,0,0,0
2022-07-14,0,0,0
2022-07-14,0,0,0
2022-07-14,0,0,0
2022-07-14,0,0,0
2022-07-14,0,0,0
2022-07-14,0,0,0
2022-07-14,0,0,0
2022-07-14,1,0,1
2022-07-14,1,0,1
2022-07-14,2,1,1
2022-07-14,3,0,3
2022-07-14,0,0,0
2022-07-14,3,0,3
2022-07-14,0,0,0
2022-07-14,2,0,2
2022-07-14,2,1,1
2022-07-14,3,1,2
2022-07-14,0,0,0
2022-07-14,0,0,0
2022-07-14,1,1,0
2022-07-14,0,0,0
2022-07-14,0,0,0
2022-07-14,0,0,0
2022-07-14,1,1,0
2022-07-15,0,0,0
2022-07-15,0,0,0
2022-07-15,0,0,0
2022-07-15,0,0,0
2022-07-15,0,0,0
2022-07-15,0,0,0
2022-07-15,0,0,0
2022-07-15,1,0,1
2022-07-15,0,0,0
2022-07-15,0,0,0
2022-07-15,1,1,0
2022-07-15,1,0,1
2022-07-15,0,0,0
2022-07-15,1,0,1
2022-07-15,0,0,0
2022-07-15,1,1,0
2022-07-15,0,0,0
2022-07-15,6,1,5
2022-07-15,5,0,5
2022-07-15,3,2,1
2022-07-15,0,0,0
2022-07-15,3,0,3
2022-07-15,1,1,0
2022-07-15,1,0,1
2022-07-16,0,0,0
2022-07-16,1,0,1
2022-07-16,0,0,0
2022-07-16,0,0,0
2022-07-16,0,0,0
2022-07-16,2,2,0
2022-07-16,0,0,0
2022-07-16,0,0,0
2022-07-16,0,0,0
2022-07-16,2,1,1
2022-07-16,0,0,0
2022-07-16,4,1,3
2022-07-16,8,1,7
2022-07-16,13,6,7
2022-07-16,1,0,1
2022-07-16,7,4,3
2022-07-16,6,1,5
2022-07-16,4,2,2
2022-07-16,5,5,0
2022-07-16,6,2,4
2022-07-16,7,2,5
2022-07-16,4,1,3
2022-07-16,1,0,1
2022-07-16,1,0,1
2022-07-17,1,1,0
2022-07-17,0,0,0
2022-07-17,0,0,0
2022-07-17,0,0,0
2022-07-17,0,0,0
2022-07-17,1,0,1
2022-07-17,0,0,0
2022-07-17,0,0,0
2022-07-17,1,1,0
2022-07-17,2,2,0
2022-07-17,4,3,1
2022-07-17,3,2,1
2022-07-17,0,0,0
2022-07-17,0,0,0
2022-07-17,3,0,3
2022-07-17,2,0,2
2022-07-17,5,3,2
2022-07-17,0,0,0
2022-07-17,1,0,1
2022-07-17,6,1,5
2022-07-17,7,5,2
2022-07-17,1,1,0
2022-07-17,2,2,0
2022-07-17,0,0,0
2022-07-18,0,0,0
2022-07-18,0,0,0
2022-07-18,0,0,0
2022-07-18,0,0,0
2022-07-18,0,0,0
2022-07-18,0,0,0
2022-07-18,0,0,0
2022-07-18,0,0,0
2022-07-18,3,0,3
2022-07-18,3,0,3
2022-07-18,6,1,5
2022-07-18,3,0,3
2022-07-18,2,0,2
2022-07-18,1,1,0
2022-07-18,3,2,1
2022-07-18,4,2,2
2022-07-18,3,0,3
2022-07-18,2,0,2
2022-07-18,0,0,0
2022-07-18,1,1,0
2022-07-18,2,0,2
2022-07-18,0,0,0
2022-07-18,0,0,0
2022-07-18,0,0,0
2022-07-19,0,0,0
2022-07-19,0,0,0
2022-07-19,0,0,0
2022-07-19,0,0,0
2022-07-19,0,0,0
2022-07-19,0,0,0
2022-07-19,0,0,0
2022-07-19,0,0,0
2022-07-19,0,0,0
2022-07-19,0,0,0
2022-07-19,0,0,0
2022-07-19,1,1,0
2022-07-19,1,1,0
2022-07-19,4,0,4
2022-07-19,2,0,2
2022-07-19,4,2,2
2022-07-19,9,6,3
2022-07-19,14,10,4
2022-07-19,6,4,2
2022-07-19,13,11,2
2022-07-19,7,5,2
2022-07-19,5,4,1
2022-07-19,0,0,0
2022-07-19,1,0,1
2022-07-20,0,0,0
2022-07-20,0,0,0
2022-07-20,0,0,0
2022-07-20,0,0,0
2022-07-20,0,0,0
2022-07-20,1,1,0
2022-07-20,0,0,0
2022-07-20,1,1,0
2022-07-20,7,2,5
2022-07-20,8,3,5
2022-07-20,2,1,1
2022-07-20,6,3,3
2022-07-20,6,3,3
2022-07-20,4,2,2
2022-07-20,6,4,2
2022-07-20,1,1,0
2022-07-20,4,3,1
2022-07-20,1,0,1
2022-07-20,1,0,1
2022-07-20,1,0,1
2022-07-20,1,0,1
2022-07-20,2,0,2
2022-07-20,0,0,0
2022-07-20,1,1,0
2022-07-21,0,0,0
2022-07-21,0,0,0
2022-07-21,0,0,0
2022-07-21,0,0,0
2022-07-21,0,0,0
2022-07-21,0,0,0
2022-07-21,0,0,0
2022-07-21,1,0,1
2022-07-21,3,0,3
2022-07-21,6,2,4
2022-07-21,0,0,0
2022-07-21,0,0,0
2022-07-21,3,0,3
2022-07-21,2,0,2
2022-07-21,2,1,1
2022-07-21,1,0,1
2022-07-21,3,0,3
2022-07-21,5,0,5
2022-07-21,8,2,6
2022-07-21,1,0,1
2022-07-21,4,0,4
2022-07-21,0,0,0
2022-07-21,0,0,0
2022-07-21,0,0,0
2022-07-22,0,0,0
2022-07-22,0,0,0
2022-07-22,0,0,0
2022-07-22,0,0,0
2022-07-22,0,0,0
2022-07-22,0,0,0
2022-07-22,0,0,0
2022-07-22,0,0,0
2022-07-22,1,0,1
2022-07-22,5,2,3
2022-07-22,1,0,1
2022-07-22,6,0,6
2022-07-22,4,0,4
2022-07-22,2,0,2
2022-07-22,5,0,5
2022-07-22,1,0,1
2022-07-22,2,0,2
2022-07-22,4,2,2
2022-07-22,1,0,1
2022-07-22,0,0,0
2022-07-22,1,0,1
2022-07-22,0,0,0
2022-07-22,0,0,0
2022-07-22,0,0,0
2022-07-23,1,0,1
2022-07-23,0,0,0
2022-07-23,0,0,0
2022-07-23,0,0,0
2022-07-23,0,0,0
2022-07-23,0,0,0
2022-07-23,0,0,0
2022-07-23,1,0,1
2022-07-23,0,0,0
2022-07-23,2,1,1
2022-07-23,0,0,0
2022-07-23,1,0,1
2022-07-23,3,0,3
2022-07-23,1,0,1
2022-07-23,3,1,2
2022-07-23,3,0,3
2022-07-23,8,0,8
2022-07-23,0,0,0
2022-07-23,0,0,0
2022-07-23,4,1,3
2022-07-23,0,0,0
2022-07-23,0,0,0
2022-07-23,1,0,1
2022-07-23,0,0,0
2022-07-24,0,0,0
2022-07-24,0,0,0
2022-07-24,0,0,0
2022-07-24,0,0,0
2022-07-24,0,0,0
2022-07-24,0,0,0
2022-07-24,0,0,0
2022-07-24,0,0,0
2022-07-24,0,0,0
2022-07-24,0,0,0
2022-07-24,4,0,4
2022-07-24,6,0,6
2022-07-24,8,0,8
2022-07-24,1,0,1
2022-07-24,7,0,7
2022-07-24,1,0,1
2022-07-24,3,0,3
2022-07-24,2,0,2
2022-07-24,2,0,2
2022-07-24,1,0,1
2022-07-24,0,0,0
2022-07-24,0,0,0
2022-07-24,1,1,0
2022-07-24,1,0,1
2022-07-25,0,0,0
2022-07-25,0,0,0
2022-07-25,0,0,0
2022-07-25,0,0,0
2022-07-25,0,0,0
2022-07-25,0,0,0
2022-07-25,0,0,0
2022-07-25,0,0,0
2022-07-25,1,0,1
2022-07-25,1,1,0
2022-07-25,0,0,0
2022-07-25,0,0,0
2022-07-25,1,0,1
2022-07-25,0,0,0
2022-07-25,0,0,0
2022-07-25,0,0,0
2022-07-25,1,0,1
2022-07-25,0,0,0
2022-07-25,1,0,1
2022-07-25,2,0,2
2022-07-25,3,0,3
2022-07-25,0,0,0
2022-07-25,0,0,0
2022-07-25,0,0,0
2022-07-26,0,0,0
2022-07-26,0,0,0
2022-07-26,0,0,0
2022-07-26,0,0,0
2022-07-26,0,0,0
2022-07-26,0,0,0
2022-07-26,0,0,0
2022-07-26,0,0,0
2022-07-26,2,0,2
2022-07-26,1,0,1
2022-07-26,0,0,0
2022-07-26,1,0,1
2022-07-26,8,2,6
2022-07-26,0,0,0
2022-07-26,0,0,0
2022-07-26,1,1,0
2022-07-26,0,0,0
2022-07-26,1,0,1
2022-07-26,2,1,1
2022-07-26,1,0,1
2022-07-26,1,0,1
2022-07-26,0,0,0
2022-07-26,0,0,0
2022-07-26,0,0,0
2022-07-27,0,0,0
2022-07-27,0,0,0
2022-07-27,0,0,0
2022-07-27,0,0,0
2022-07-27,0,0,0
2022-07-27,0,0,0
2022-07-27,0,0,0
2022-07-27,4,2,2
2022-07-27,2,0,2
2022-07-27,0,0,0
2022-07-27,1,0,1
2022-07-27,1,0,1
2022-07-27,0,0,0
2022-07-27,0,0,0
2022-07-27,0,0,0
2022-07-27,1,1,0
2022-07-27,0,0,0
2022-07-27,1,0,1
2022-07-27,2,2,0
2022-07-27,0,0,0
2022-07-27,0,0,0
2022-07-27,3,2,1
2022-07-27,0,0,0
2022-07-27,0,0,0
2022-07-28,0,0,0
2022-07-28,0,0,0
2022-07-28,0,0,0
2022-07-28,0,0,0
2022-07-28,0,0,0
2022-07-28,0,0,0
2022-07-28,0,0,0
2022-07-28,1,0,1
2022-07-28,4,3,1
2022-07-28,1,1,0
2022-07-28,0,0,0
2022-07-28,1,1,0
2022-07-28,0,0,0
2022-07-28,0,0,0
2022-07-28,0,0,0
2022-07-28,0,0,0
2022-07-28,0,0,0
2022-07-28,1,1,0
2022-07-28,1,0,1
2022-07-28,3,1,2
2022-07-28,0,0,0
2022-07-28,0,0,0
2022-07-28,0,0,0
2022-07-28,0,0,0
2022-07-29,0,0,0
2022-07-29,0,0,0
2022-07-29,0,0,0
2022-07-29,0,0,0
2022-07-29,0,0,0
2022-07-29,0,0,0
2022-07-29,0,0,0
2022-07-29,1,1,0
2022-07-29,1,1,0
2022-07-29,1,0,1
2022-07-29,1,0,1
2022-07-29,2,2,0
2022-07-29,0,0,0
2022-07-29,2,0,2
2022-07-29,1,0,1
2022-07-29,2,0,2
2022-07-29,3,1,2
2022-07-29,3,0,3
2022-07-29,2,0,2
2022-07-29,1,0,1
2022-07-29,2,2,0
2022-07-29,0,0,0
2022-07-29,1,1,0
2022-07-29,0,0,0
2022-07-30,0,0,0
2022-07-30,0,0,0
2022-07-30,0,0,0
2022-07-30,0,0,0
2022-07-30,0,0,0
2022-07-30,0,0,0
2022-07-30,0,0,0
2022-07-30,0,0,0
2022-07-30,0,0,0
2022-07-30,0,0,0
2022-07-30,1,1,0
2022-07-30,0,0,0
2022-07-30,0,0,0
2022-07-30,0,0,0
2022-07-30,0,0,0
2022-07-30,0,0,0
2022-07-30,0,0,0
2022-07-30,1,1,0
2022-07-30,0,0,0
2022-07-30,0,0,0
2022-07-30,0,0,0
2022-07-30,0,0,0
2022-07-30,0,0,0
2022-07-30,0,0,0
2022-07-31,0,0,0
2022-07-31,0,0,0
2022-07-31,0,0,0
2022-07-31,0,0,0
2022-07-31,0,0,0
2022-07-31,0,0,0
2022-07-31,0,0,0
2022-07-31,0,0,0
2022-07-31,0,0,0
2022-07-31,0,0,0
2022-07-31,0,0,0
2022-07-31,0,0,0
2022-07-31,0,0,0
2022-07-31,0,0,0
2022-07-31,0,0,0
2022-07-31,0,0,0
2022-07-31,0,0,0
2022-07-31,0,0,0
2022-07-31,0,0,0
2022-07-31,0,0,0
2022-07-31,0,0,0
2022-07-31,0,0,0
2022-07-31,0,0,0
2022-07-31,0,0,0
2014-01-01,18,6,12
2014-01-01,6,3,3
2014-01-01,3,0,3
2014-01-01,4,2,2
2014-01-01,5,3,2
2014-01-01,0,0,0
2014-01-01,2,2,0
2014-01-01,6,2,4
2014-01-01,2,0,2
2014-01-01,5,3,2
2014-01-01,16,0,16
2014-01-01,16,9,7
2014-01-01,29,8,21
2014-01-01,30,18,12
2014-01-01,31,19,12
2014-01-01,41,28,13
2014-01-01,37,29,8
2014-01-01,30,17,13
2014-01-01,20,15,5
2014-01-01,15,12,3
2014-01-01,27,17,10
2014-01-01,17,8,9
2014-01-01,10,6,4
2014-01-01,14,8,6
2014-01-02,3,2,1
2014-01-02,2,2,0
2014-01-02,0,0,0
2014-01-02,4,2,2
2014-01-02,1,1,0
2014-01-02,2,0,2
2014-01-02,9,8,1
2014-01-02,16,10,6
2014-01-02,27,22,5
2014-01-02,26,16,10
2014-01-02,46,28,18
2014-01-02,43,27,16
2014-01-02,26,18,8
2014-01-02,24,19,5
2014-01-02,18,15,3
2014-01-02,42,27,15
2014-01-02,26,16,10
2014-01-02,53,30,23
2014-01-02,27,19,8
2014-01-02,18,10,8
2014-01-02,14,12,2
2014-01-02,9,7,2
2014-01-02,16,12,4
2014-01-02,3,1,2
2014-01-03,7,7,0
2014-01-03,1,0,1
2014-01-03,0,0,0
2014-01-03,6,0,6
2014-01-03,0,0,0
2014-01-03,4,2,2
2014-01-03,4,2,2
2014-01-03,11,8,3
2014-01-03,27,17,10
2014-01-03,40,31,9
2014-01-03,39,25,14
2014-01-03,40,28,12
2014-01-03,39,22,17
2014-01-03,51,25,26
2014-01-03,42,19,23
2014-01-03,50,30,20
2014-01-03,52,26,26
2014-01-03,45,22,23
2014-01-03,49,27,22
2014-01-03,23,16,7
2014-01-03,16,14,2
2014-01-03,14,12,2
2014-01-03,9,7,2
2014-01-03,8,4,4
2014-01-04,8,6,2
2014-01-04,2,1,1
2014-01-04,4,4,0
2014-01-04,4,4,0
2014-01-04,4,4,0
2014-01-04,1,1,0
2014-01-04,2,2,0
2014-01-04,12,8,4
2014-01-04,13,5,8
2014-01-04,34,25,9
2014-01-04,26,14,12
2014-01-04,62,37,25
2014-01-04,64,40,24
2014-01-04,59,33,26
2014-01-04,77,43,34
2014-01-04,45,34,11
2014-01-04,37,23,14
2014-01-04,19,10,9
2014-01-04,23,16,7
2014-01-04,14,8,6
2014-01-04,12,11,1
2014-01-04,17,8,9
2014-01-04,10,7,3
2014-01-04,6,4,2
2014-01-05,5,4,1
2014-01-05,2,2,0
2014-01-05,3,0,3
2014-01-05,4,0,4
2014-01-05,4,2,2
2014-01-05,2,2,0
2014-01-05,5,3,2
2014-01-05,1,0,1
2014-01-05,12,5,7
2014-01-05,12,4,8
2014-01-05,21,12,9
2014-01-05,73,47,26
2014-01-05,68,37,31
2014-01-05,58,16,42
2014-01-05,69,28,41
2014-01-05,36,18,18
2014-01-05,27,20,7
2014-01-05,20,11,9
2014-01-05,19,12,7
2014-01-05,13,9,4
2014-01-05,9,4,5
2014-01-05,13,8,5
2014-01-05,8,6,2
2014-01-05,4,4,0
2014-01-06,1,1,0
2014-01-06,4,3,1
2014-01-06,0,0,0
2014-01-06,1,0,1
2014-01-06,0,0,0
2014-01-06,0,0,0
2014-01-06,14,9,5
2014-01-06,13,9,4
2014-01-06,25,19,6
2014-01-06,24,15,9
2014-01-06,28,16,12
2014-01-06,34,17,17
2014-01-06,31,23,8
2014-01-06,23,10,13
2014-01-06,42,32,10
2014-01-06,26,17,9
2014-01-06,35,24,11
2014-01-06,50,27,23
2014-01-06,39,24,15
2014-01-06,20,13,7
2014-01-06,6,4,2
2014-01-06,11,6,5
2014-01-06,4,4,0
2014-01-06,1,1,0
2014-01-07,2,2,0
2014-01-07,1,0,1
2014-01-07,2,2,0
2014-01-07,2,2,0
2014-01-07,0,0,0
2014-01-07,5,1,4
2014-01-07,3,2,1
2014-01-07,27,20,7
2014-01-07,29,20,9
2014-01-07,32,14,18
2014-01-07,22,18,4
2014-01-07,13,12,1
2014-01-07,24,14,10
2014-01-07,41,24,17
2014-01-07,23,20,3
2014-01-07,24,17,7
2014-01-07,30,16,14
2014-01-07,35,18,17
2014-01-07,22,15,7
2014-01-07,26,12,14
2014-01-07,12,5,7
2014-01-07,11,6,5
2014-01-07,0,0,0
2014-01-07,1,1,0
2014-01-08,5,3,2
2014-01-08,0,0,0
2014-01-08,0,0,0
2014-01-08,2,0,2
2014-01-08,4,4,0
2014-01-08,4,2,2
2014-01-08,8,6,2
2014-01-08,15,10,5
2014-01-08,34,22,12
2014-01-08,35,24,11
2014-01-08,25,20,5
2014-01-08,19,12,7
2014-01-08,28,17,11
2014-01-08,24,17,7
2014-01-08,25,14,11
2014-01-08,33,24,9
2014-01-08,38,26,12
2014-01-08,44,23,21
2014-01-08,53,35,18
2014-01-08,24,21,3
2014-01-08,16,11,5
2014-01-08,20,13,7
2014-01-08,8,7,1
2014-01-08,8,6,2
2014-01-09,1,1,0
2014-01-09,2,0,2
2014-01-09,0,0,0
2014-01-09,0,0,0
2014-01-09,0,0,0
2014-01-09,0,0,0
2014-01-09,11,10,1
2014-01-09,25,21,4
2014-01-09,40,34,6
2014-01-09,22,16,6
2014-01-09,21,15,6
2014-01-09,14,12,2
2014-01-09,20,15,5
2014-01-09,25,16,9
2014-01-09,24,22,2
2014-01-09,37,28,9
2014-01-09,21,15,6
2014-01-09,28,18,10
2014-01-09,38,17,21
2014-01-09,20,15,5
2014-01-09,9,8,1
2014-01-09,8,8,0
2014-01-09,5,5,0
2014-01-09,1,1,0
2014-01-10,3,0,3
2014-01-10,1,0,1
2014-01-10,2,0,2
2014-01-10,6,4,2
2014-01-10,0,0,0
2014-01-10,0,0,0
2014-01-10,5,3,2
2014-01-10,22,19,3
2014-01-10,29,15,14
2014-01-10,35,23,12
2014-01-10,21,11,10
2014-01-10,16,11,5
2014-01-10,24,14,10
2014-01-10,17,12,5
2014-01-10,39,25,14
2014-01-10,35,20,15
2014-01-10,23,13,10
2014-01-10,35,22,13
2014-01-10,53,30,23
2014-01-10,51,25,26
2014-01-10,19,11,8
2014-01-10,19,15,4
2014-01-10,13,6,7
2014-01-10,11,4,7
2014-01-11,6,2,4
2014-01-11,0,0,0
2014-01-11,3,3,0
2014-01-11,2,2,0
2014-01-11,0,0,0
2014-01-11,3,3,0
2014-01-11,15,12,3
2014-01-11,13,8,5
2014-01-11,17,8,9
2014-01-11,31,19,12
2014-01-11,1,1,0
2014-01-11,28,14,14
2014-01-11,58,36,22
2014-01-11,72,43,29
2014-01-11,51,24,27
2014-01-11,17,15,2
2014-01-11,13,12,1
2014-01-11,37,20,17
2014-01-11,56,37,19
2014-01-11,24,19,5
2014-01-11,32,12,20
2014-01-11,16,15,1
2014-01-11,17,16,1
2014-01-11,5,1,4
2014-01-12,6,6,0
2014-01-12,3,2,1
2014-01-12,4,2,2
2014-01-12,3,0,3
2014-01-12,0,0,0
2014-01-12,2,2,0
2014-01-12,4,4,0
2014-01-12,8,8,0
2014-01-12,6,4,2
2014-01-12,8,4,4
2014-01-12,19,10,9
2014-01-12,28,17,11
2014-01-12,66,29,37
2014-01-12,72,42,30
2014-01-12,78,30,48
2014-01-12,38,19,19
2014-01-12,38,31,7
2014-01-12,39,24,15
2014-01-12,36,20,16
2014-01-12,14,8,6
2014-01-12,11,7,4
2014-01-12,6,2,4
2014-01-12,7,5,2
2014-01-12,7,6,1
2014-01-13,6,6,0
2014-01-13,1,0,1
2014-01-13,5,0,5
2014-01-13,2,2,0
2014-01-13,2,2,0
2014-01-13,0,0,0
2014-01-13,19,6,13
2014-01-13,23,18,5
2014-01-13,22,13,9
2014-01-13,36,19,17
2014-01-13,31,18,13
2014-01-13,27,12,15
2014-01-13,37,18,19
2014-01-13,24,12,12
2014-01-13,28,10,18
2014-01-13,29,20,9
2014-01-13,50,30,20
2014-01-13,29,15,14
2014-01-13,35,16,19
2014-01-13,37,19,18
2014-01-13,22,9,13
2014-01-13,22,7,15
2014-01-13,8,2,6
2014-01-13,3,0,3
2014-01-14,4,4,0
2014-01-14,2,2,0
2014-01-14,0,0,0
2014-01-14,2,2,0
2014-01-14,3,2,1
2014-01-14,3,1,2
2014-01-14,17,9,8
2014-01-14,16,10,6
2014-01-14,39,26,13
2014-01-14,22,11,11
2014-01-14,16,10,6
2014-01-14,15,6,9
2014-01-14,28,16,12
2014-01-14,24,16,8
2014-01-14,17,15,2
2014-01-14,42,18,24
2014-01-14,21,7,14
2014-01-14,43,14,29
2014-01-14,28,14,14
2014-01-14,13,8,5
2014-01-14,13,5,8
2014-01-14,15,7,8
2014-01-14,4,2,2
2014-01-14,4,2,2
2014-01-15,2,2,0
2014-01-15,4,4,0
2014-01-15,0,0,0
2014-01-15,5,0,5
2014-01-15,0,0,0
2014-01-15,4,0,4
2014-01-15,7,4,3
2014-01-15,11,7,4
2014-01-15,23,12,11
2014-01-15,22,10,12
2014-01-15,19,8,11
2014-01-15,37,13,24
2014-01-15,39,26,13
2014-01-15,28,11,17
2014-01-15,22,11,11
2014-01-15,31,21,10
2014-01-15,52,25,27
2014-01-15,46,31,15
2014-01-15,22,16,6
2014-01-15,31,15,16
2014-01-15,12,8,4
2014-01-15,10,10,0
2014-01-15,16,9,7
2014-01-15,21,12,9
2014-01-16,0,0,0
2014-01-16,0,0,0
2014-01-16,3,3,0
2014-01-16,2,2,0
2014-01-16,0,0,0
2014-01-16,2,2,0
2014-01-16,6,4,2
2014-01-16,22,13,9
2014-01-16,18,9,9
2014-01-16,40,22,18
2014-01-16,28,16,12
2014-01-16,36,19,17
2014-01-16,14,9,5
2014-01-16,36,21,15
2014-01-16,20,14,6
2014-01-16,35,22,13
2014-01-16,17,11,6
2014-01-16,38,21,17
2014-01-16,36,22,14
2014-01-16,19,16,3
2014-01-16,11,9,2
2014-01-16,16,11,5
2014-01-16,13,12,1
2014-01-16,9,7,2
2014-01-17,2,2,0
2014-01-17,0,0,0
2014-01-17,5,3,2
2014-01-17,0,0,0
2014-01-17,4,4,0
2014-01-17,0,0,0
2014-01-17,19,12,7
2014-01-17,14,11,3
2014-01-17,29,19,10
2014-01-17,51,32,19
2014-01-17,43,18,25
2014-01-17,35,19,16
2014-01-17,38,18,20
2014-01-17,43,26,17
2014-01-17,20,15,5
2014-01-17,39,26,13
2014-01-17,40,27,13
2014-01-17,27,22,5
2014-01-17,62,31,31
2014-01-17,51,33,18
2014-01-17,15,9,6
2014-01-17,14,11,3
2014-01-17,5,4,1
2014-01-17,13,4,9
2014-01-18,6,6,0
2014-01-18,4,4,0
2014-01-18,4,2,2
2014-01-18,4,2,2
2014-01-18,2,0,2
2014-01-18,6,4,2
2014-01-18,0,0,0
2014-01-18,7,6,1
2014-01-18,13,8,5
2014-01-18,29,20,9
2014-01-18,45,25,20
2014-01-18,36,24,12
2014-01-18,41,19,22
2014-01-18,56,39,17
2014-01-18,37,23,14
2014-01-18,48,21,27
2014-01-18,43,21,22
2014-01-18,29,22,7
2014-01-18,21,17,4
2014-01-18,53,28,25
2014-01-18,20,16,4
2014-01-18,3,1,2
2014-01-18,11,8,3
2014-01-18,4,3,1
2014-01-19,4,2,2
2014-01-19,3,3,0
2014-01-19,4,4,0
2014-01-19,3,0,3
2014-01-19,3,0,3
2014-01-19,4,2,2
2014-01-19,2,2,0
2014-01-19,7,4,3
2014-01-19,8,3,5
2014-01-19,24,6,18
2014-01-19,44,23,21
2014-01-19,55,33,22
2014-01-19,44,22,22
2014-01-19,62,33,29
2014-01-19,27,13,14
2014-01-19,18,7,11
2014-01-19,8,2,6
2014-01-19,14,12,2
2014-01-19,2,2,0
2014-01-19,25,14,11
2014-01-19,12,9,3
2014-01-19,6,4,2
2014-01-19,10,10,0
2014-01-19,6,6,0
2014-01-20,3,2,1
2014-01-20,1,1,0
2014-01-20,0,0,0
2014-01-20,4,4,0
2014-01-20,0,0,0
2014-01-20,1,0,1
2014-01-20,10,4,6
2014-01-20,5,5,0
2014-01-20,26,15,11
2014-01-20,32,25,7
2014-01-20,31,10,21
2014-01-20,17,14,3
2014-01-20,30,22,8
2014-01-20,39,20,19
2014-01-20,45,23,22
2014-01-20,35,23,12
2014-01-20,25,16,9
2014-01-20,20,15,5
2014-01-20,37,22,15
2014-01-20,15,12,3
2014-01-20,21,15,6
2014-01-20,4,3,1
2014-01-20,2,2,0
2014-01-20,4,4,0
2014-01-21,2,2,0
2014-01-21,0,0,0
2014-01-21,0,0,0
2014-01-21,2,2,0
2014-01-21,0,0,0
2014-01-21,4,4,0
2014-01-21,11,5,6
2014-01-21,23,22,1
2014-01-21,27,15,12
2014-01-21,23,14,9
2014-01-21,16,11,5
2014-01-21,40,22,18
2014-01-21,26,9,17
2014-01-21,31,20,11
2014-01-21,39,20,19
2014-01-21,26,9,17
2014-01-21,41,28,13
2014-01-21,28,11,17
2014-01-21,27,20,7
2014-01-21,21,13,8
2014-01-21,8,6,2
2014-01-21,8,6,2
2014-01-21,2,2,0
2014-01-21,2,2,0
2014-01-22,2,0,2
2014-01-22,6,0,6
2014-01-22,1,0,1
2014-01-22,0,0,0
2014-01-22,0,0,0
2014-01-22,1,1,0
2014-01-22,15,11,4
2014-01-22,19,15,4
2014-01-22,26,17,9
2014-01-22,29,22,7
2014-01-22,27,13,14
2014-01-22,27,15,12
2014-01-22,41,23,18
2014-01-22,25,10,15
2014-01-22,22,12,10
2014-01-22,30,8,22
2014-01-22,30,16,14
2014-01-22,37,12,25
2014-01-22,37,17,20
2014-01-22,28,13,15
2014-01-22,32,20,12
2014-01-22,12,9,3
2014-01-22,11,6,5
2014-01-22,5,3,2
2014-01-23,2,2,0
2014-01-23,2,1,1
2014-01-23,2,2,0
2014-01-23,2,0,2
2014-01-23,0,0,0
2014-01-23,0,0,0
2014-01-23,5,4,1
2014-01-23,26,19,7
2014-01-23,38,20,18
2014-01-23,19,7,12
2014-01-23,21,7,14
2014-01-23,25,12,13
2014-01-23,20,4,16
2014-01-23,35,21,14
2014-01-23,29,10,19
2014-01-23,33,13,20
2014-01-23,24,10,14
2014-01-23,35,22,13
2014-01-23,42,25,17
2014-01-23,36,21,15
2014-01-23,15,9,6
2014-01-23,8,6,2
2014-01-23,6,6,0
2014-01-23,7,6,1
2014-01-24,0,0,0
2014-01-24,4,2,2
2014-01-24,2,2,0
2014-01-24,3,2,1
2014-01-24,0,0,0
2014-01-24,2,2,0
2014-01-24,8,5,3
2014-01-24,23,14,9
2014-01-24,18,12,6
2014-01-24,33,22,11
2014-01-24,25,8,17
2014-01-24,39,24,15
2014-01-24,44,26,18
2014-01-24,47,25,22
2014-01-24,25,14,11
2014-01-24,32,18,14
2014-01-24,58,30,28
2014-01-24,45,30,15
2014-01-24,41,32,9
2014-01-24,36,24,12
2014-01-24,23,21,2
2014-01-24,13,7,6
2014-01-24,13,8,5
2014-01-24,7,4,3
2014-01-25,9,5,4
2014-01-25,2,0,2
2014-01-25,3,0,3
2014-01-25,0,0,0
2014-01-25,1,1,0
2014-01-25,0,0,0
2014-01-25,3,2,1
2014-01-25,7,7,0
2014-01-25,18,10,8
2014-01-25,26,19,7
2014-01-25,33,7,26
2014-01-25,68,34,34
2014-01-25,81,46,35
2014-01-25,82,39,43
2014-01-25,101,61,40
2014-01-25,52,32,20
2014-01-25,59,34,25
2014-01-25,36,26,10
2014-01-25,59,44,15
2014-01-25,45,27,18
2014-01-25,18,10,8
2014-01-25,15,6,9
2014-01-25,24,13,11
2014-01-25,18,14,4
2014-01-26,6,6,0
2014-01-26,4,1,3
2014-01-26,0,0,0
2014-01-26,1,0,1
2014-01-26,0,0,0
2014-01-26,6,6,0
2014-01-26,1,0,1
2014-01-26,2,2,0
2014-01-26,6,5,1
2014-01-26,18,11,7
2014-01-26,54,30,24
2014-01-26,47,23,24
2014-01-26,71,45,26
2014-01-26,54,29,25
2014-01-26,59,45,14
2014-01-26,40,23,17
2014-01-26,57,43,14
2014-01-26,38,24,14
2014-01-26,27,18,9
2014-01-26,12,11,1
2014-01-26,15,10,5
2014-01-26,12,9,3
2014-01-26,8,4,4
2014-01-26,3,1,2
2014-01-27,1,1,0
2014-01-27,4,2,2
2014-01-27,2,2,0
2014-01-27,2,2,0
2014-01-27,0,0,0
2014-01-27,3,2,1
2014-01-27,10,9,1
2014-01-27,27,17,10
2014-01-27,27,14,13
2014-01-27,24,7,17
2014-01-27,13,7,6
2014-01-27,20,6,14
2014-01-27,16,7,9
2014-01-27,24,14,10
2014-01-27,35,16,19
2014-01-27,33,16,17
2014-01-27,22,8,14
2014-01-27,22,10,12
2014-01-27,18,8,10
2014-01-27,23,10,13
2014-01-27,12,6,6
2014-01-27,9,5,4
2014-01-27,11,8,3
2014-01-27,8,5,3
2014-01-28,6,4,2
2014-01-28,0,0,0
2014-01-28,2,2,0
2014-01-28,0,0,0
2014-01-28,0,0,0
2014-01-28,6,0,6
2014-01-28,15,8,7
2014-01-28,24,18,6
2014-01-28,29,17,12
2014-01-28,40,19,21
2014-01-28,14,6,8
2014-01-28,14,13,1
2014-01-28,34,22,12
2014-01-28,50,33,17
2014-01-28,29,15,14
2014-01-28,17,10,7
2014-01-28,40,19,21
2014-01-28,26,14,12
2014-01-28,34,13,21
2014-01-28,15,6,9
2014-01-28,4,2,2
2014-01-28,18,8,10
2014-01-28,18,5,13
2014-01-28,0,0,0
2014-01-29,3,0,3
2014-01-29,2,0,2
2014-01-29,2,0,2
2014-01-29,2,0,2
2014-01-29,0,0,0
2014-01-29,7,4,3
2014-01-29,15,12,3
2014-01-29,21,13,8
2014-01-29,14,7,7
2014-01-29,26,10,16
2014-01-29,17,10,7
2014-01-29,23,5,18
2014-01-29,19,6,13
2014-01-29,12,8,4
2014-01-29,29,12,17
2014-01-29,18,10,8
2014-01-29,34,18,16
2014-01-29,30,12,18
2014-01-29,23,6,17
2014-01-29,22,10,12
2014-01-29,20,9,11
2014-01-29,9,6,3
2014-01-29,8,0,8
2014-01-29,6,3,3
2014-01-30,5,3,2
2014-01-30,0,0,0
2014-01-30,1,0,1
2014-01-30,1,0,1
2014-01-30,2,0,2
2014-01-30,2,0,2
2014-01-30,14,8,6
2014-01-30,17,10,7
2014-01-30,24,14,10
2014-01-30,39,25,14
2014-01-30,21,10,11
2014-01-30,18,13,5
2014-01-30,15,4,11
2014-01-30,13,9,4
2014-01-30,27,9,18
2014-01-30,26,15,11
2014-01-30,16,9,7
2014-01-30,27,17,10
2014-01-30,33,17,16
2014-01-30,34,21,13
2014-01-30,24,12,12
2014-01-30,6,3,3
2014-01-30,14,10,4
2014-01-30,3,2,1
2014-01-31,9,4,5
2014-01-31,2,0,2
2014-01-31,8,0,8
2014-01-31,2,0,2
2014-01-31,0,0,0
2014-01-31,0,0,0
2014-01-31,18,12,6
2014-01-31,20,9,11
2014-01-31,27,17,10
2014-01-31,22,13,9
2014-01-31,36,14,22
2014-01-31,44,20,24
2014-01-31,42,26,16
2014-01-31,34,22,12
2014-01-31,53,23,30
2014-01-31,29,15,14
2014-01-31,41,23,18
2014-01-31,49,19,30
2014-01-31,30,15,15
2014-01-31,41,12,29
2014-01-31,25,10,15
2014-01-31,12,6,6
2014-01-31,15,6,9
2014-01-31,18,12,6
2014-02-01,2,2,0
2014-02-01,0,0,0
2014-02-01,1,1,0
2014-02-01,0,0,0
2014-02-01,4,1,3
2014-02-01,0,0,0
2014-02-01,1,1,0
2014-02-01,2,2,0
2014-02-01,11,4,7
2014-02-01,23,13,10
2014-02-01,30,20,10
2014-02-01,43,15,28
2014-02-01,55,20,35
2014-02-01,79,40,39
2014-02-01,64,28,36
2014-02-01,32,20,12
2014-02-01,47,24,23
2014-02-01,33,15,18
2014-02-01,30,14,16
2014-02-01,28,12,16
2014-02-01,19,16,3
2014-02-01,24,16,8
2014-02-01,15,1,14
2014-02-01,5,2,3
2014-02-02,6,3,3
2014-02-02,6,6,0
2014-02-02,0,0,0
2014-02-02,4,2,2
2014-02-02,4,2,2
2014-02-02,3,0,3
2014-02-02,2,2,0
2014-02-02,5,4,1
2014-02-02,11,8,3
2014-02-02,10,8,2
2014-02-02,36,16,20
2014-02-02,44,23,21
2014-02-02,30,12,18
2014-02-02,42,21,21
2014-02-02,74,37,37
2014-02-02,25,17,8
2014-02-02,14,4,10
2014-02-02,10,8,2
2014-02-02,4,4,0
2014-02-02,20,13,7
2014-02-02,24,14,10
2014-02-02,22,12,10
2014-02-02,6,2,4
2014-02-02,7,3,4
2014-02-03,6,4,2
2014-02-03,2,0,2
2014-02-03,0,0,0
2014-02-03,0,0,0
2014-02-03,2,2,0
2014-02-03,2,1,1
2014-02-03,15,6,9
2014-02-03,21,17,4
2014-02-03,30,13,17
2014-02-03,30,13,17
2014-02-03,33,14,19
2014-02-03,17,10,7
2014-02-03,36,19,17
2014-02-03,35,17,18
2014-02-03,21,7,14
2014-02-03,35,13,22
2014-02-03,37,22,15
2014-02-03,30,13,17
2014-02-03,36,17,19
2014-02-03,14,2,12
2014-02-03,10,5,5
2014-02-03,11,7,4
2014-02-03,4,4,0
2014-02-03,2,2,0
2014-02-04,3,3,0
2014-02-04,0,0,0
2014-02-04,2,2,0
2014-02-04,0,0,0
2014-02-04,0,0,0
2014-02-04,2,0,2
2014-02-04,13,6,7
2014-02-04,23,16,7
2014-02-04,25,14,11
2014-02-04,43,23,20
2014-02-04,41,18,23
2014-02-04,37,16,21
2014-02-04,23,15,8
2014-02-04,28,18,10
2014-02-04,27,17,10
2014-02-04,34,18,16
2014-02-04,46,30,16
2014-02-04,75,29,46
2014-02-04,36,12,24
2014-02-04,29,15,14
2014-02-04,17,10,7
2014-02-04,10,4,6
2014-02-04,6,4,2
2014-02-04,4,0,4
2014-02-05,6,6,0
2014-02-05,0,0,0
2014-02-05,6,0,6
2014-02-05,4,0,4
2014-02-05,0,0,0
2014-02-05,0,0,0
2014-02-05,12,9,3
2014-02-05,34,25,9
2014-02-05,45,20,25
2014-02-05,48,24,24
2014-02-05,24,14,10
2014-02-05,25,9,16
2014-02-05,22,11,11
2014-02-05,29,21,8
2014-02-05,42,20,22
2014-02-05,28,9,19
2014-02-05,50,22,28
2014-02-05,30,23,7
2014-02-05,47,14,33
2014-02-05,15,8,7
2014-02-05,15,11,4
2014-02-05,9,6,3
2014-02-05,5,5,0
2014-02-05,3,2,1
2014-02-06,5,4,1
2014-02-06,2,2,0
2014-02-06,2,0,2
2014-02-06,0,0,0
2014-02-06,0,0,0
2014-02-06,9,4,5
2014-02-06,7,1,6
2014-02-06,28,17,11
2014-02-06,50,27,23
2014-02-06,43,6,37
2014-02-06,27,10,17
2014-02-06,50,14,36
2014-02-06,35,9,26
2014-02-06,39,16,23
2014-02-06,38,17,21
2014-02-06,30,7,23
2014-02-06,21,9,12
2014-02-06,43,13,30
2014-02-06,25,6,19
2014-02-06,21,6,15
2014-02-06,14,7,7
2014-02-06,15,7,8
2014-02-06,6,4,2
2014-02-06,5,4,1
2014-02-07,2,2,0
2014-02-07,6,6,0
2014-02-07,1,1,0
2014-02-07,2,0,2
2014-02-07,0,0,0
2014-02-07,3,0,3
2014-02-07,16,11,5
2014-02-07,58,35,23
2014-02-07,21,14,7
2014-02-07,51,38,13
2014-02-07,32,23,9
2014-02-07,52,30,22
2014-02-07,62,23,39
2014-02-07,57,27,30
2014-02-07,50,32,18
2014-02-07,40,21,19
2014-02-07,40,16,24
2014-02-07,55,21,34
2014-02-07,42,12,30
2014-02-07,71,34,37
2014-02-07,23,18,5
2014-02-07,10,2,8
2014-02-07,4,4,0
2014-02-07,15,9,6
2014-02-08,4,3,1
2014-02-08,0,0,0
2014-02-08,0,0,0
2014-02-08,2,0,2
2014-02-08,8,2,6
2014-02-08,5,4,1
2014-02-08,4,4,0
2014-02-08,9,3,6
2014-02-08,12,3,9
2014-02-08,27,13,14
2014-02-08,53,27,26
2014-02-08,75,25,50
2014-02-08,81,48,33
2014-02-08,93,59,34
2014-02-08,63,26,37
2014-02-08,59,38,21
2014-02-08,59,24,35
2014-02-08,61,37,24
2014-02-08,31,13,18
2014-02-08,41,18,23
2014-02-08,16,6,10
2014-02-08,5,2,3
2014-02-08,7,3,4
2014-02-08,2,2,0
2014-02-09,4,2,2
2014-02-09,2,2,0
2014-02-09,0,0,0
2014-02-09,2,0,2
2014-02-09,4,2,2
2014-02-09,0,0,0
2014-02-09,0,0,0
2014-02-09,0,0,0
2014-02-09,5,1,4
2014-02-09,7,2,5
2014-02-09,9,3,6
2014-02-09,14,4,10
2014-02-09,37,20,17
2014-02-09,50,18,32
2014-02-09,33,12,21
2014-02-09,20,9,11
2014-02-09,25,11,14
2014-02-09,20,6,14
2014-02-09,22,12,10
2014-02-09,9,5,4
2014-02-09,3,3,0
2014-02-09,21,14,7
2014-02-09,4,3,1
2014-02-09,7,5,2
2014-02-10,4,2,2
2014-02-10,3,0,3
2014-02-10,0,0,0
2014-02-10,0,0,0
2014-02-10,2,2,0
2014-02-10,5,3,2
2014-02-10,10,5,5
2014-02-10,21,15,6
2014-02-10,41,21,20
2014-02-10,40,12,28
2014-02-10,36,10,26
2014-02-10,43,16,27
2014-02-10,45,21,24
2014-02-10,47,18,29
2014-02-10,49,26,23
2014-02-10,44,13,31
2014-02-10,62,24,38
2014-02-10,55,21,34
2014-02-10,51,23,28
2014-02-10,44,17,27
2014-02-10,19,9,10
2014-02-10,9,5,4
2014-02-10,2,1,1
2014-02-10,0,0,0
2014-02-11,6,5,1
2014-02-11,2,0,2
2014-02-11,0,0,0
2014-02-11,0,0,0
2014-02-11,1,1,0
2014-02-11,6,1,5
2014-02-11,18,12,6
2014-02-11,23,9,14
2014-02-11,26,4,22
2014-02-11,31,15,16
2014-02-11,34,17,17
2014-02-11,53,23,30
2014-02-11,50,24,26
2014-02-11,33,20,13
2014-02-11,27,10,17
2014-02-11,51,19,32
2014-02-11,36,19,17
2014-02-11,39,17,22
2014-02-11,47,17,30
2014-02-11,25,12,13
2014-02-11,42,7,35
2014-02-11,18,10,8
2014-02-11,14,7,7
2014-02-11,9,6,3
2014-02-12,4,2,2
2014-02-12,4,0,4
2014-02-12,2,0,2
2014-02-12,2,0,2
2014-02-12,0,0,0
2014-02-12,4,2,2
2014-02-12,15,5,10
2014-02-12,20,9,11
2014-02-12,47,25,22
2014-02-12,41,23,18
2014-02-12,20,3,17
2014-02-12,36,13,23
2014-02-12,38,9,29
2014-02-12,33,10,23
2014-02-12,39,23,16
2014-02-12,36,22,14
2014-02-12,44,31,13
2014-02-12,39,13,26
2014-02-12,41,20,21
2014-02-12,32,19,13
2014-02-12,14,11,3
2014-02-12,19,11,8
2014-02-12,10,7,3
2014-02-12,3,2,1
2014-02-13,7,4,3
2014-02-13,5,2,3
2014-02-13,6,2,4
2014-02-13,1,0,1
2014-02-13,0,0,0
2014-02-13,2,0,2
2014-02-13,5,4,1
2014-02-13,32,18,14
2014-02-13,32,18,14
2014-02-13,38,16,22
2014-02-13,16,8,8
2014-02-13,44,24,20
2014-02-13,46,20,26
2014-02-13,41,23,18
2014-02-13,40,21,19
2014-02-13,40,20,20
2014-02-13,43,15,28
2014-02-13,67,26,41
2014-02-13,53,24,29
2014-02-13,33,15,18
2014-02-13,19,7,12
2014-02-13,8,5,3
2014-02-13,9,6,3
2014-02-13,5,3,2
2014-02-14,9,4,5
2014-02-14,2,1,1
2014-02-14,6,0,6
2014-02-14,1,0,1
2014-02-14,0,0,0
2014-02-14,8,6,2
2014-02-14,12,2,10
2014-02-14,35,24,11
2014-02-14,40,21,19
2014-02-14,56,28,28
2014-02-14,39,24,15
2014-02-14,37,26,11
2014-02-14,51,25,26
2014-02-14,42,21,21
2014-02-14,45,32,13
2014-02-14,43,19,24
2014-02-14,26,10,16
2014-02-14,67,27,40
2014-02-14,54,25,29
2014-02-14,35,19,16
2014-02-14,17,8,9
2014-02-14,19,5,14
2014-02-14,5,0,5
2014-02-14,7,3,4
2014-02-15,6,2,4
2014-02-15,4,2,2
2014-02-15,0,0,0
2014-02-15,6,0,6
2014-02-15,1,0,1
2014-02-15,1,0,1
2014-02-15,8,4,4
2014-02-15,3,1,2
2014-02-15,21,11,10
2014-02-15,49,28,21
2014-02-15,44,14,30
2014-02-15,47,17,30
2014-02-15,59,27,32
2014-02-15,51,18,33
2014-02-15,59,29,30
2014-02-15,45,24,21
2014-02-15,44,17,27
2014-02-15,41,16,25
2014-02-15,54,29,25
2014-02-15,28,21,7
2014-02-15,20,10,10
2014-02-15,8,2,6
2014-02-15,7,4,3
2014-02-15,5,2,3
2014-02-16,5,2,3
2014-02-16,3,3,0
2014-02-16,1,0,1
2014-02-16,0,0,0
2014-02-16,5,2,3
2014-02-16,0,0,0
2014-02-16,0,0,0
2014-02-16,2,2,0
2014-02-16,2,2,0
2014-02-16,14,6,8
2014-02-16,31,13,18
2014-02-16,45,21,24
2014-02-16,46,18,28
2014-02-16,29,1,28
2014-02-16,29,6,23
2014-02-16,57,29,28
2014-02-16,23,12,11
2014-02-16,29,16,13
2014-02-16,23,17,6
2014-02-16,12,1,11
2014-02-16,22,9,13
2014-02-16,17,8,9
2014-02-16,3,2,1
2014-02-16,7,5,2
2014-02-17,6,0,6
2014-02-17,1,0,1
2014-02-17,1,0,1
2014-02-17,0,0,0
2014-02-17,0,0,0
2014-02-17,2,0,2
2014-02-17,2,0,2
2014-02-17,21,8,13
2014-02-17,22,8,14
2014-02-17,28,7,21
2014-02-17,27,16,11
2014-02-17,34,20,14
2014-02-17,36,12,24
2014-02-17,58,24,34
2014-02-17,55,28,27
2014-02-17,40,16,24
2014-02-17,34,23,11
2014-02-17,31,18,13
2014-02-17,21,14,7
2014-02-17,14,3,11
2014-02-17,19,10,9
2014-02-17,13,11,2
2014-02-17,17,12,5
2014-02-17,3,3,0
2014-02-18,2,2,0
2014-02-18,0,0,0
2014-02-18,2,0,2
2014-02-18,0,0,0
2014-02-18,0,0,0
2014-02-18,4,0,4
2014-02-18,15,9,6
2014-02-18,24,12,12
2014-02-18,19,10,9
2014-02-18,33,14,19
2014-02-18,45,19,26
2014-02-18,37,12,25
2014-02-18,30,22,8
2014-02-18,38,27,11
2014-02-18,30,18,12
2014-02-18,35,19,16
2014-02-18,64,29,35
2014-02-18,47,19,28
2014-02-18,33,16,17
2014-02-18,33,5,28
2014-02-18,24,12,12
2014-02-18,12,10,2
2014-02-18,6,5,1
2014-02-18,4,0,4
2014-02-19,2,0,2
2014-02-19,6,2,4
2014-02-19,2,0,2
2014-02-19,2,2,0
2014-02-19,0,0,0
2014-02-19,4,0,4
2014-02-19,11,5,6
2014-02-19,21,15,6
2014-02-19,46,22,24
2014-02-19,33,14,19
2014-02-19,47,27,20
2014-02-19,50,22,28
2014-02-19,30,10,20
2014-02-19,43,16,27
2014-02-19,39,24,15
2014-02-19,28,17,11
2014-02-19,17,8,9
2014-02-19,36,18,18
2014-02-19,44,25,19
2014-02-19,26,18,8
2014-02-19,16,13,3
2014-02-19,14,12,2
2014-02-19,8,3,5
2014-02-19,12,4,8
2014-02-20,3,0,3
2014-02-20,0,0,0
2014-02-20,1,0,1
2014-02-20,0,0,0
2014-02-20,0,0,0
2014-02-20,2,2,0
2014-02-20,8,4,4
2014-02-20,28,16,12
2014-02-20,29,18,11
2014-02-20,30,15,15
2014-02-20,27,18,9
2014-02-20,42,20,22
2014-02-20,50,26,24
2014-02-20,36,21,15
2014-02-20,49,33,16
2014-02-20,27,10,17
2014-02-20,21,13,8
2014-02-20,55,25,30
2014-02-20,25,12,13
2014-02-20,38,21,17
2014-02-20,31,20,11
2014-02-20,12,11,1
2014-02-20,11,5,6
2014-02-20,6,6,0
2014-02-21,1,0,1
2014-02-21,7,4,3
2014-02-21,2,0,2
2014-02-21,2,2,0
2014-02-21,0,0,0
2014-02-21,3,0,3
2014-02-21,13,6,7
2014-02-21,39,22,17
2014-02-21,17,10,7
2014-02-21,33,15,18
2014-02-21,19,13,6
2014-02-21,24,9,15
2014-02-21,46,24,22
2014-02-21,45,27,18
2014-02-21,33,16,17
2014-02-21,48,25,23
2014-02-21,26,5,21
2014-02-21,41,27,14
2014-02-21,40,24,16
2014-02-21,23,14,9
2014-02-21,37,17,20
2014-02-21,22,13,9
2014-02-21,8,1,7
2014-02-21,14,4,10
2014-02-22,7,5,2
2014-02-22,8,1,7
2014-02-22,4,2,2
2014-02-22,4,2,2
2014-02-22,2,0,2
2014-02-22,3,2,1
2014-02-22,4,2,2
2014-02-22,9,4,5
2014-02-22,16,4,12
2014-02-22,38,19,19
2014-02-22,42,17,25
2014-02-22,57,22,35
2014-02-22,68,30,38
2014-02-22,53,26,27
2014-02-22,104,44,60
2014-02-22,61,22,39
2014-02-22,42,17,25
2014-02-22,78,37,41
2014-02-22,48,27,21
2014-02-22,43,25,18
2014-02-22,39,13,26
2014-02-22,20,10,10
2014-02-22,14,6,8
2014-02-22,5,0,5
2014-02-23,14,7,7
2014-02-23,9,2,7
2014-02-23,2,0,2
2014-02-23,1,0,1
2014-02-23,4,0,4
2014-02-23,0,0,0
2014-02-23,3,2,1
2014-02-23,5,0,5
2014-02-23,23,15,8
2014-02-23,10,4,6
2014-02-23,45,29,16
2014-02-23,68,31,37
2014-02-23,61,28,33
2014-02-23,66,38,28
2014-02-23,65,38,27
2014-02-23,44,23,21
2014-02-23,36,14,22
2014-02-23,48,18,30
2014-02-23,33,17,16
2014-02-23,25,11,14
2014-02-23,18,14,4
2014-02-23,17,11,6
2014-02-23,10,4,6
2014-02-23,4,2,2
2014-02-24,1,1,0
2014-02-24,7,1,6
2014-02-24,0,0,0
2014-02-24,0,0,0
2014-02-24,0,0,0
2014-02-24,9,2,7
2014-02-24,7,4,3
2014-02-24,15,6,9
2014-02-24,42,18,24
2014-02-24,36,21,15
2014-02-24,22,9,13
2014-02-24,25,14,11
2014-02-24,39,26,13
2014-02-24,30,16,14
2014-02-24,30,16,14
2014-02-24,22,8,14
2014-02-24,30,12,18
2014-02-24,56,28,28
2014-02-24,39,21,18
2014-02-24,34,21,13
2014-02-24,16,15,1
2014-02-24,11,6,5
2014-02-24,14,9,5
2014-02-24,4,2,2
2014-02-25,0,0,0
2014-02-25,0,0,0
2014-02-25,0,0,0
2014-02-25,0,0,0
2014-02-25,0,0,0
2014-02-25,4,0,4
2014-02-25,4,2,2
2014-02-25,22,16,6
2014-02-25,48,23,25
2014-02-25,49,24,25
2014-02-25,39,20,19
2014-02-25,31,14,17
2014-02-25,51,23,28
2014-02-25,48,24,24
2014-02-25,30,21,9
2014-02-25,24,11,13
2014-02-25,41,20,21
2014-02-25,64,28,36
2014-02-25,49,20,29
2014-02-25,31,23,8
2014-02-25,4,3,1
2014-02-25,10,8,2
2014-02-25,4,4,0
2014-02-25,1,1,0
2014-02-26,0,0,0
2014-02-26,4,4,0
2014-02-26,0,0,0
2014-02-26,0,0,0
2014-02-26,0,0,0
2014-02-26,2,1,1
2014-02-26,12,6,6
2014-02-26,38,28,10
2014-02-26,38,19,19
2014-02-26,39,19,20
2014-02-26,27,15,12
2014-02-26,46,19,27
2014-02-26,27,9,18
2014-02-26,52,29,23
2014-02-26,42,23,19
2014-02-26,33,16,17
2014-02-26,52,32,20
2014-02-26,42,24,18
2014-02-26,24,15,9
2014-02-26,10,3,7
2014-02-26,11,10,1
2014-02-26,16,12,4
2014-02-26,4,4,0
2014-02-26,2,2,0
2014-02-27,4,2,2
2014-02-27,0,0,0
2014-02-27,1,0,1
2014-02-27,2,0,2
2014-02-27,0,0,0
2014-02-27,6,2,4
2014-02-27,13,6,7
2014-02-27,20,11,9
2014-02-27,41,22,19
2014-02-27,47,26,21
2014-02-27,48,19,29
2014-02-27,30,15,15
2014-02-27,52,23,29
2014-02-27,40,20,20
2014-02-27,30,16,14
2014-02-27,47,19,28
2014-02-27,63,29,34
2014-02-27,51,20,31
2014-02-27,50,30,20
2014-02-27,30,16,14
2014-02-27,23,14,9
2014-02-27,21,19,2
2014-02-27,9,6,3
2014-02-27,16,6,10
2014-02-28,6,2,4
2014-02-28,3,0,3
2014-02-28,6,0,6
2014-02-28,2,0,2
2014-02-28,2,0,2
2014-02-28,3,0,3
2014-02-28,16,9,7
2014-02-28,33,19,14
2014-02-28,58,31,27
2014-02-28,41,20,21
2014-02-28,40,19,21
2014-02-28,54,34,20
2014-02-28,57,31,26
2014-02-28,36,13,23
2014-02-28,36,21,15
2014-02-28,42,22,20
2014-02-28,47,22,25
2014-02-28,56,34,22
2014-02-28,47,29,18
2014-02-28,30,19,11
2014-02-28,24,18,6
2014-02-28,20,12,8
2014-02-28,6,3,3
2014-02-28,3,2,1
2014-03-01,8,5,3
2014-03-01,4,4,0
2014-03-01,4,2,2
2014-03-01,0,0,0
2014-03-01,6,2,4
2014-03-01,0,0,0
2014-03-01,2,2,0
2014-03-01,9,5,4
2014-03-01,13,6,7
2014-03-01,29,20,9
2014-03-01,35,11,24
2014-03-01,70,29,41
2014-03-01,91,49,42
2014-03-01,65,38,27
2014-03-01,47,26,21
2014-03-01,45,20,25
2014-03-01,49,18,31
2014-03-01,21,15,6
2014-03-01,43,27,16
2014-03-01,42,24,18
2014-03-01,11,9,2
2014-03-01,19,9,10
2014-03-01,6,3,3
2014-03-01,5,4,1
2014-03-02,6,4,2
2014-03-02,8,3,5
2014-03-02,2,2,0
2014-03-02,2,2,0
2014-03-02,4,0,4
2014-03-02,3,1,2
2014-03-02,3,0,3
2014-03-02,9,4,5
2014-03-02,8,3,5
2014-03-02,31,15,16
2014-03-02,18,8,10
2014-03-02,35,14,21
2014-03-02,50,24,26
2014-03-02,53,28,25
2014-03-02,53,28,25
2014-03-02,43,25,18
2014-03-02,39,3,36
2014-03-02,37,8,29
2014-03-02,18,7,11
2014-03-02,15,6,9
2014-03-02,14,6,8
2014-03-02,16,3,13
2014-03-02,10,4,6
2014-03-02,0,0,0
2014-03-03,0,0,0
2014-03-03,0,0,0
2014-03-03,0,0,0
2014-03-03,2,1,1
2014-03-03,2,2,0
2014-03-03,6,4,2
2014-03-03,7,5,2
2014-03-03,32,24,8
2014-03-03,19,8,11
2014-03-03,33,10,23
2014-03-03,45,22,23
2014-03-03,48,15,33
2014-03-03,28,9,19
2014-03-03,34,25,9
2014-03-03,44,23,21
2014-03-03,47,26,21
2014-03-03,33,11,22
2014-03-03,57,25,32
2014-03-03,33,17,16
2014-03-03,23,10,13
2014-03-03,28,16,12
2014-03-03,9,7,2
2014-03-03,2,2,0
2014-03-03,7,4,3
2014-03-04,0,0,0
2014-03-04,0,0,0
2014-03-04,2,0,2
2014-03-04,0,0,0
2014-03-04,0,0,0
2014-03-04,5,2,3
2014-03-04,2,2,0
2014-03-04,28,21,7
2014-03-04,43,24,19
2014-03-04,41,21,20
2014-03-04,28,15,13
2014-03-04,25,13,12
2014-03-04,48,17,31
2014-03-04,36,18,18
2014-03-04,22,10,12
2014-03-04,43,17,26
2014-03-04,40,17,23
2014-03-04,64,29,35
2014-03-04,26,10,16
2014-03-04,24,7,17
2014-03-04,11,7,4
2014-03-04,15,9,6
2014-03-04,5,5,0
2014-03-04,1,1,0
2014-03-05,3,2,1
2014-03-05,2,2,0
2014-03-05,2,2,0
2014-03-05,2,1,1
2014-03-05,0,0,0
2014-03-05,5,1,4
2014-03-05,14,6,8
2014-03-05,29,20,9
2014-03-05,36,24,12
2014-03-05,54,22,32
2014-03-05,33,19,14
2014-03-05,41,21,20
2014-03-05,37,16,21
2014-03-05,35,21,14
2014-03-05,32,13,19
2014-03-05,29,16,13
2014-03-05,28,12,16
2014-03-05,51,29,22
2014-03-05,47,27,20
2014-03-05,28,15,13
2014-03-05,16,5,11
2014-03-05,13,9,4
2014-03-05,11,7,4
2014-03-05,15,5,10
2014-03-06,0,0,0
2014-03-06,0,0,0
2014-03-06,0,0,0
2014-03-06,0,0,0
2014-03-06,0,0,0
2014-03-06,2,0,2
2014-03-06,9,3,6
2014-03-06,22,7,15
2014-03-06,21,14,7
2014-03-06,43,27,16
2014-03-06,24,9,15
2014-03-06,38,20,18
2014-03-06,52,23,29
2014-03-06,25,12,13
2014-03-06,39,20,19
2014-03-06,49,28,21
2014-03-06,46,22,24
2014-03-06,47,20,27
2014-03-06,48,17,31
2014-03-06,26,7,19
2014-03-06,28,10,18
2014-03-06,13,11,2
2014-03-06,9,9,0
2014-03-06,6,4,2
2014-03-07,2,2,0
2014-03-07,1,1,0
2014-03-07,4,2,2
2014-03-07,2,0,2
2014-03-07,0,0,0
2014-03-07,0,0,0
2014-03-07,5,4,1
2014-03-07,34,24,10
2014-03-07,39,17,22
2014-03-07,41,24,17
2014-03-07,32,13,19
2014-03-07,48,18,30
2014-03-07,40,20,20
2014-03-07,40,27,13
2014-03-07,58,33,25
2014-03-07,45,28,17
2014-03-07,48,27,21
2014-03-07,41,20,21
2014-03-07,50,31,19
2014-03-07,40,24,16
2014-03-07,22,16,6
2014-03-07,17,13,4
2014-03-07,12,5,7
2014-03-07,0,0,0
2014-03-08,7,4,3
2014-03-08,2,2,0
2014-03-08,8,6,2
2014-03-08,2,0,2
2014-03-08,0,0,0
2014-03-08,2,2,0
2014-03-08,2,2,0
2014-03-08,9,1,8
2014-03-08,19,13,6
2014-03-08,34,22,12
2014-03-08,40,16,24
2014-03-08,71,35,36
2014-03-08,80,33,47
2014-03-08,62,26,36
2014-03-08,72,33,39
2014-03-08,48,7,41
2014-03-08,50,24,26
2014-03-08,56,23,33
2014-03-08,38,18,20
2014-03-08,51,22,29
2014-03-08,46,22,24
2014-03-08,16,2,14
2014-03-08,14,4,10
2014-03-08,17,4,13
2014-03-09,6,6,0
2014-03-09,6,2,4
2014-03-09,0,0,0
2014-03-09,4,2,2
2014-03-09,0,0,0
2014-03-09,0,0,0
2014-03-09,0,0,0
2014-03-09,2,0,2
2014-03-09,0,0,0
2014-03-09,12,8,4
2014-03-09,24,11,13
2014-03-09,47,18,29
2014-03-09,50,18,32
2014-03-09,50,26,24
2014-03-09,98,45,53
2014-03-09,69,41,28
2014-03-09,46,22,24
2014-03-09,31,21,10
2014-03-09,34,20,14
2014-03-09,15,8,7
2014-03-09,26,14,12
2014-03-09,8,4,4
2014-03-09,13,9,4
2014-03-09,8,2,6
2014-03-10,2,0,2
2014-03-10,0,0,0
2014-03-10,2,2,0
2014-03-10,0,0,0
2014-03-10,0,0,0
2014-03-10,2,0,2
2014-03-10,12,7,5
2014-03-10,22,13,9
2014-03-10,43,23,20
2014-03-10,32,21,11
2014-03-10,27,17,10
2014-03-10,22,10,12
2014-03-10,28,8,20
2014-03-10,48,18,30
2014-03-10,42,20,22
2014-03-10,40,18,22
2014-03-10,39,10,29
2014-03-10,51,22,29
2014-03-10,41,20,21
2014-03-10,19,8,11
2014-03-10,14,6,8
2014-03-10,19,10,9
2014-03-10,5,5,0
2014-03-10,6,3,3
2014-03-11,0,0,0
2014-03-11,2,0,2
2014-03-11,2,2,0
2014-03-11,0,0,0
2014-03-11,0,0,0
2014-03-11,9,3,6
2014-03-11,20,18,2
2014-03-11,44,28,16
2014-03-11,33,11,22
2014-03-11,45,30,15
2014-03-11,23,17,6
2014-03-11,36,16,20
2014-03-11,40,19,21
2014-03-11,45,20,25
2014-03-11,32,15,17
2014-03-11,36,24,12
2014-03-11,43,23,20
2014-03-11,34,14,20
2014-03-11,47,30,17
2014-03-11,38,24,14
2014-03-11,20,13,7
2014-03-11,21,13,8
2014-03-11,11,5,6
2014-03-11,3,3,0
2014-03-12,3,3,0
2014-03-12,2,0,2
2014-03-12,1,0,1
2014-03-12,0,0,0
2014-03-12,0,0,0
2014-03-12,4,4,0
2014-03-12,14,11,3
2014-03-12,37,30,7
2014-03-12,18,9,9
2014-03-12,43,26,17
2014-03-12,33,16,17
2014-03-12,47,21,26
2014-03-12,50,29,21
2014-03-12,44,26,18
2014-03-12,48,23,25
2014-03-12,32,16,16
2014-03-12,35,17,18
2014-03-12,69,36,33
2014-03-12,40,12,28
2014-03-12,32,13,19
2014-03-12,16,9,7
2014-03-12,21,16,5
2014-03-12,9,6,3
2014-03-12,6,6,0
2014-03-13,2,1,1
2014-03-13,0,0,0
2014-03-13,3,0,3
2014-03-13,1,0,1
2014-03-13,0,0,0
2014-03-13,8,0,8
2014-03-13,16,10,6
2014-03-13,27,23,4
2014-03-13,35,25,10
2014-03-13,43,21,22
2014-03-13,24,15,9
2014-03-13,26,15,11
2014-03-13,48,25,23
2014-03-13,27,17,10
2014-03-13,43,25,18
2014-03-13,48,35,13
2014-03-13,46,22,24
2014-03-13,49,33,16
2014-03-13,72,48,24
2014-03-13,25,7,18
2014-03-13,34,23,11
2014-03-13,14,9,5
2014-03-13,16,13,3
2014-03-13,8,6,2
2014-03-14,0,0,0
2014-03-14,2,2,0
2014-03-14,4,0,4
2014-03-14,1,0,1
2014-03-14,2,0,2
2014-03-14,2,2,0
2014-03-14,12,9,3
2014-03-14,34,29,5
2014-03-14,32,21,11
2014-03-14,40,21,19
2014-03-14,42,18,24
2014-03-14,35,15,20
2014-03-14,49,17,32
2014-03-14,48,19,29
2014-03-14,47,25,22
2014-03-14,38,30,8
2014-03-14,46,24,22
2014-03-14,46,28,18
2014-03-14,52,26,26
2014-03-14,36,20,16
2014-03-14,43,33,10
2014-03-14,10,3,7
2014-03-14,10,8,2
2014-03-14,11,9,2
2014-03-15,4,4,0
2014-03-15,2,2,0
2014-03-15,0,0,0
2014-03-15,2,2,0
2014-03-15,2,0,2
2014-03-15,10,6,4
2014-03-15,4,4,0
2014-03-15,9,4,5
2014-03-15,11,2,9
2014-03-15,33,24,9
2014-03-15,31,16,15
2014-03-15,51,29,22
2014-03-15,56,35,21
2014-03-15,40,19,21
2014-03-15,53,30,23
2014-03-15,63,34,29
2014-03-15,41,21,20
2014-03-15,40,13,27
2014-03-15,40,20,20
2014-03-15,26,12,14
2014-03-15,9,7,2
2014-03-15,33,15,18
2014-03-15,18,8,10
2014-03-15,10,4,6
2014-03-16,11,7,4
2014-03-16,7,5,2
2014-03-16,2,2,0
2014-03-16,0,0,0
2014-03-16,0,0,0
2014-03-16,0,0,0
2014-03-16,1,1,0
2014-03-16,6,6,0
2014-03-16,7,3,4
2014-03-16,16,10,6
2014-03-16,17,12,5
2014-03-16,45,21,24
2014-03-16,39,25,14
2014-03-16,74,42,32
2014-03-16,43,18,25
2014-03-16,34,14,20
2014-03-16,37,17,20
2014-03-16,37,26,11
2014-03-16,26,12,14
2014-03-16,28,16,12
2014-03-16,6,6,0
2014-03-16,7,6,1
2014-03-16,3,3,0
2014-03-16,11,8,3
2014-03-17,1,0,1
2014-03-17,2,0,2
2014-03-17,0,0,0
2014-03-17,0,0,0
2014-03-17,0,0,0
2014-03-17,1,0,1
2014-03-17,8,5,3
2014-03-17,25,16,9
2014-03-17,37,21,16
2014-03-17,50,22,28
2014-03-17,20,8,12
2014-03-17,46,23,23
2014-03-17,46,21,25
2014-03-17,39,17,22
2014-03-17,36,12,24
2014-03-17,37,17,20
2014-03-17,50,30,20
2014-03-17,54,14,40
2014-03-17,42,17,25
2014-03-17,35,15,20
2014-03-17,29,14,15
2014-03-17,6,6,0
2014-03-17,8,5,3
2014-03-17,4,3,1
2014-03-18,3,2,1
2014-03-18,0,0,0
2014-03-18,1,0,1
2014-03-18,0,0,0
2014-03-18,4,3,1
2014-03-18,11,4,7
2014-03-18,6,5,1
2014-03-18,20,10,10
2014-03-18,37,24,13
2014-03-18,30,13,17
2014-03-18,12,5,7
2014-03-18,36,18,18
2014-03-18,39,20,19
2014-03-18,19,10,9
2014-03-18,34,17,17
2014-03-18,48,29,19
2014-03-18,51,29,22
2014-03-18,48,32,16
2014-03-18,39,17,22
2014-03-18,37,14,23
2014-03-18,16,12,4
2014-03-18,13,7,6
2014-03-18,0,0,0
2014-03-18,5,3,2
2014-03-19,4,2,2
2014-03-19,4,2,2
2014-03-19,4,2,2
2014-03-19,2,1,1
2014-03-19,0,0,0
2014-03-19,8,5,3
2014-03-19,14,10,4
2014-03-19,23,18,5
2014-03-19,30,13,17
2014-03-19,31,8,23
2014-03-19,30,17,13
2014-03-19,25,7,18
2014-03-19,38,25,13
2014-03-19,22,9,13
2014-03-19,31,18,13
2014-03-19,20,10,10
2014-03-19,31,17,14
2014-03-19,41,26,15
2014-03-19,32,19,13
2014-03-19,32,15,17
2014-03-19,20,11,9
2014-03-19,12,8,4
2014-03-19,3,0,3
2014-03-19,5,3,2
2014-03-20,2,0,2
2014-03-20,0,0,0
2014-03-20,0,0,0
2014-03-20,0,0,0
2014-03-20,2,2,0
2014-03-20,5,5,0
2014-03-20,1,0,1
2014-03-20,18,13,5
2014-03-20,38,24,14
2014-03-20,24,15,9
2014-03-20,34,16,18
2014-03-20,20,11,9
2014-03-20,32,15,17
2014-03-20,36,22,14
2014-03-20,44,21,23
2014-03-20,32,21,11
2014-03-20,30,16,14
2014-03-20,29,17,12
2014-03-20,70,37,33
2014-03-20,36,20,16
2014-03-20,26,13,13
2014-03-20,21,14,7
2014-03-20,6,6,0
2014-03-20,9,9,0
2014-03-21,2,2,0
2014-03-21,0,0,0
2014-03-21,2,2,0
2014-03-21,0,0,0
2014-03-21,2,2,0
2014-03-21,6,4,2
2014-03-21,4,0,4
2014-03-21,18,14,4
2014-03-21,30,20,10
2014-03-21,31,22,9
2014-03-21,40,30,10
2014-03-21,37,26,11
2014-03-21,47,28,19
2014-03-21,33,26,7
2014-03-21,28,16,12
2014-03-21,28,20,8
2014-03-21,34,16,18
2014-03-21,50,29,21
2014-03-21,49,26,23
2014-03-21,35,24,11
2014-03-21,33,25,8
2014-03-21,18,16,2
2014-03-21,15,12,3
2014-03-21,8,8,0
2014-03-22,6,5,1
2014-03-22,7,4,3
2014-03-22,2,2,0
2014-03-22,0,0,0
2014-03-22,2,0,2
2014-03-22,2,2,0
2014-03-22,0,0,0
2014-03-22,11,8,3
2014-03-22,12,3,9
2014-03-22,28,20,8
2014-03-22,53,20,33
2014-03-22,39,20,19
2014-03-22,51,32,19
2014-03-22,68,47,21
2014-03-22,57,29,28
2014-03-22,52,25,27
2014-03-22,30,16,14
2014-03-22,29,18,11
2014-03-22,34,19,15
2014-03-22,23,15,8
2014-03-22,21,18,3
2014-03-22,11,6,5
2014-03-22,11,11,0
2014-03-22,4,2,2
2014-03-23,3,3,0
2014-03-23,3,0,3
2014-03-23,3,3,0
2014-03-23,0,0,0
2014-03-23,0,0,0
2014-03-23,0,0,0
2014-03-23,0,0,0
2014-03-23,4,0,4
2014-03-23,13,8,5
2014-03-23,18,15,3
2014-03-23,43,24,19
2014-03-23,58,30,28
2014-03-23,74,37,37
2014-03-23,74,43,31
2014-03-23,41,21,20
2014-03-23,72,46,26
2014-03-23,65,38,27
2014-03-23,40,26,14
2014-03-23,19,11,8
2014-03-23,18,11,7
2014-03-23,20,16,4
2014-03-23,12,12,0
2014-03-23,3,3,0
2014-03-23,7,6,1
2014-03-24,0,0,0
2014-03-24,2,2,0
2014-03-24,2,0,2
2014-03-24,1,0,1
2014-03-24,0,0,0
2014-03-24,10,8,2
2014-03-24,12,11,1
2014-03-24,30,14,16
2014-03-24,39,22,17
2014-03-24,24,13,11
2014-03-24,26,12,14
2014-03-24,35,19,16
2014-03-24,52,29,23
2014-03-24,27,15,12
2014-03-24,54,34,20
2014-03-24,33,10,23
2014-03-24,36,21,15
2014-03-24,60,34,26
2014-03-24,45,27,18
2014-03-24,35,26,9
2014-03-24,11,4,7
2014-03-24,2,2,0
2014-03-24,6,6,0
2014-03-24,13,5,8
2014-03-25,1,0,1
2014-03-25,0,0,0
2014-03-25,1,1,0
2014-03-25,0,0,0
2014-03-25,0,0,0
2014-03-25,0,0,0
2014-03-25,2,1,1
2014-03-25,26,15,11
2014-03-25,32,14,18
2014-03-25,26,19,7
2014-03-25,19,12,7
2014-03-25,27,21,6
2014-03-25,33,16,17
2014-03-25,32,16,16
2014-03-25,25,17,8
2014-03-25,34,17,17
2014-03-25,30,18,12
2014-03-25,52,22,30
2014-03-25,41,17,24
2014-03-25,40,13,27
2014-03-25,8,6,2
2014-03-25,16,13,3
2014-03-25,4,1,3
2014-03-25,7,7,0
2014-03-26,3,0,3
2014-03-26,2,0,2
2014-03-26,0,0,0
2014-03-26,0,0,0
2014-03-26,0,0,0
2014-03-26,6,4,2
2014-03-26,10,6,4
2014-03-26,21,18,3
2014-03-26,34,25,9
2014-03-26,26,17,9
2014-03-26,38,20,18
2014-03-26,37,24,13
2014-03-26,47,28,19
2014-03-26,38,15,23
2014-03-26,33,17,16
2014-03-26,29,18,11
2014-03-26,38,23,15
2014-03-26,35,22,13
2014-03-26,44,15,29
2014-03-26,29,11,18
2014-03-26,13,6,7
2014-03-26,14,8,6
2014-03-26,5,2,3
2014-03-26,5,4,1
2014-03-27,3,2,1
2014-03-27,4,0,4
2014-03-27,0,0,0
2014-03-27,2,2,0
2014-03-27,0,0,0
2014-03-27,2,2,0
2014-03-27,11,8,3
2014-03-27,20,15,5
2014-03-27,27,4,23
2014-03-27,40,28,12
2014-03-27,26,14,12
2014-03-27,38,21,17
2014-03-27,47,20,27
2014-03-27,29,13,16
2014-03-27,43,29,14
2014-03-27,62,34,28
2014-03-27,39,26,13
2014-03-27,50,29,21
2014-03-27,42,18,24
2014-03-27,51,24,27
2014-03-27,18,12,6
2014-03-27,8,5,3
2014-03-27,16,13,3
2014-03-27,9,5,4
2014-03-28,2,0,2
2014-03-28,0,0,0
2014-03-28,4,0,4
2014-03-28,2,0,2
2014-03-28,0,0,0
2014-03-28,8,4,4
2014-03-28,11,7,4
2014-03-28,22,8,14
2014-03-28,33,15,18
2014-03-28,30,9,21
2014-03-28,22,9,13
2014-03-28,32,14,18
2014-03-28,39,15,24
2014-03-28,28,12,16
2014-03-28,28,10,18
2014-03-28,36,13,23
2014-03-28,62,29,33
2014-03-28,60,24,36
2014-03-28,48,22,26
2014-03-28,45,18,27
2014-03-28,33,13,20
2014-03-28,23,13,10
2014-03-28,6,6,0
2014-03-28,12,10,2
2014-03-29,2,2,0
2014-03-29,0,0,0
2014-03-29,2,2,0
2014-03-29,2,2,0
2014-03-29,1,1,0
2014-03-29,0,0,0
2014-03-29,4,2,2
2014-03-29,2,2,0
2014-03-29,33,13,20
2014-03-29,35,13,22
2014-03-29,43,21,22
2014-03-29,61,17,44
2014-03-29,64,31,33
2014-03-29,33,13,20
2014-03-29,76,37,39
2014-03-29,33,10,23
2014-03-29,32,13,19
2014-03-29,40,7,33
2014-03-29,31,15,16
2014-03-29,42,17,25
2014-03-29,17,8,9
2014-03-29,21,9,12
2014-03-29,14,4,10
2014-03-29,2,1,1
2014-03-30,8,6,2
2014-03-30,6,4,2
2014-03-30,2,1,1
2014-03-30,0,0,0
2014-03-30,2,2,0
2014-03-30,2,0,2
2014-03-30,6,5,1
2014-03-30,8,6,2
2014-03-30,3,1,2
2014-03-30,32,18,14
2014-03-30,34,14,20
2014-03-30,47,20,27
2014-03-30,56,19,37
2014-03-30,88,41,47
2014-03-30,56,35,21
2014-03-30,52,38,14
2014-03-30,69,39,30
2014-03-30,60,26,34
2014-03-30,34,14,20
2014-03-30,44,25,19
2014-03-30,22,7,15
2014-03-30,31,19,12
2014-03-30,4,2,2
2014-03-30,7,7,0
2014-03-31,2,1,1
2014-03-31,4,2,2
2014-03-31,0,0,0
2014-03-31,2,0,2
2014-03-31,0,0,0
2014-03-31,4,2,2
2014-03-31,9,6,3
2014-03-31,28,23,5
2014-03-31,34,19,15
2014-03-31,44,20,24
2014-03-31,30,21,9
2014-03-31,68,29,39
2014-03-31,63,25,38
2014-03-31,55,21,34
2014-03-31,52,23,29
2014-03-31,50,21,29
2014-03-31,62,23,39
2014-03-31,60,30,30
2014-03-31,48,26,22
2014-03-31,29,12,17
2014-03-31,15,5,10
2014-03-31,16,7,9
2014-03-31,14,9,5
2014-03-31,6,3,3
2014-04-01,4,2,2
2014-04-01,7,2,5
2014-04-01,2,0,2
2014-04-01,1,1,0
2014-04-01,1,1,0
2014-04-01,5,3,2
2014-04-01,13,9,4
2014-04-01,29,25,4
2014-04-01,55,21,34
2014-04-01,55,31,24
2014-04-01,41,22,19
2014-04-01,37,17,20
2014-04-01,44,24,20
2014-04-01,63,32,31
2014-04-01,29,14,15
2014-04-01,22,13,9
2014-04-01,58,30,28
2014-04-01,57,27,30
2014-04-01,56,36,20
2014-04-01,35,21,14
2014-04-01,35,23,12
2014-04-01,14,12,2
2014-04-01,11,5,6
2014-04-01,2,1,1
2014-04-02,1,1,0
2014-04-02,0,0,0
2014-04-02,2,0,2
2014-04-02,0,0,0
2014-04-02,0,0,0
2014-04-02,6,4,2
2014-04-02,6,5,1
2014-04-02,28,21,7
2014-04-02,50,23,27
2014-04-02,45,31,14
2014-04-02,35,19,16
2014-04-02,27,9,18
2014-04-02,44,19,25
2014-04-02,38,9,29
2014-04-02,37,18,19
2014-04-02,41,22,19
2014-04-02,52,26,26
2014-04-02,67,23,44
2014-04-02,54,28,26
2014-04-02,23,11,12
2014-04-02,22,19,3
2014-04-02,12,7,5
2014-04-02,6,6,0
2014-04-02,2,2,0
2014-04-03,0,0,0
2014-04-03,1,0,1
2014-04-03,2,0,2
2014-04-03,0,0,0
2014-04-03,5,4,1
2014-04-03,10,7,3
2014-04-03,11,6,5
2014-04-03,18,15,3
2014-04-03,31,16,15
2014-04-03,34,20,14
2014-04-03,32,3,29
2014-04-03,23,9,14
2014-04-03,28,17,11
2014-04-03,36,16,20
2014-04-03,60,33,27
2014-04-03,36,24,12
2014-04-03,38,21,17
2014-04-03,39,26,13
2014-04-03,66,32,34
2014-04-03,46,21,25
2014-04-03,19,12,7
2014-04-03,14,3,11
2014-04-03,5,0,5
2014-04-03,14,8,6
2014-04-04,0,0,0
2014-04-04,1,0,1
2014-04-04,0,0,0
2014-04-04,0,0,0
2014-04-04,0,0,0
2014-04-04,5,3,2
2014-04-04,20,9,11
2014-04-04,17,10,7
2014-04-04,36,23,13
2014-04-04,50,25,25
2014-04-04,26,15,11
2014-04-04,36,9,27
2014-04-04,56,21,35
2014-04-04,50,18,32
2014-04-04,46,26,20
2014-04-04,39,19,20
2014-04-04,52,24,28
2014-04-04,69,38,31
2014-04-04,55,26,29
2014-04-04,44,23,21
2014-04-04,26,15,11
2014-04-04,11,6,5
2014-04-04,23,16,7
2014-04-04,4,1,3
2014-04-05,7,4,3
2014-04-05,9,2,7
2014-04-05,3,3,0
2014-04-05,7,5,2
2014-04-05,0,0,0
2014-04-05,2,2,0
2014-04-05,0,0,0
2014-04-05,4,3,1
2014-04-05,25,16,9
2014-04-05,24,11,13
2014-04-05,48,26,22
2014-04-05,48,26,22
2014-04-05,75,40,35
2014-04-05,69,37,32
2014-04-05,71,29,42
2014-04-05,46,27,19
2014-04-05,39,17,22
2014-04-05,51,35,16
2014-04-05,40,14,26
2014-04-05,30,19,11
2014-04-05,38,13,25
2014-04-05,15,12,3
2014-04-05,9,8,1
2014-04-05,0,0,0
2014-04-06,15,9,6
2014-04-06,0,0,0
2014-04-06,2,2,0
2014-04-06,3,2,1
2014-04-06,0,0,0
2014-04-06,0,0,0
2014-04-06,0,0,0
2014-04-06,4,3,1
2014-04-06,14,4,10
2014-04-06,14,6,8
2014-04-06,39,21,18
2014-04-06,42,14,28
2014-04-06,41,16,25
2014-04-06,54,33,21
2014-04-06,60,32,28
2014-04-06,35,19,16
2014-04-06,52,34,18
2014-04-06,35,20,15
2014-04-06,33,20,13
2014-04-06,35,17,18
2014-04-06,15,8,7
2014-04-06,18,11,7
2014-04-06,11,8,3
2014-04-06,3,3,0
2014-04-07,0,0,0
2014-04-07,5,3,2
2014-04-07,2,0,2
2014-04-07,3,3,0
2014-04-07,2,2,0
2014-04-07,2,2,0
2014-04-07,14,10,4
2014-04-07,50,29,21
2014-04-07,70,49,21
2014-04-07,39,28,11
2014-04-07,42,24,18
2014-04-07,48,25,23
2014-04-07,40,23,17
2014-04-07,57,35,22
2014-04-07,41,21,20
2014-04-07,43,30,13
2014-04-07,40,29,11
2014-04-07,52,27,25
2014-04-07,57,30,27
2014-04-07,29,16,13
2014-04-07,18,9,9
2014-04-07,17,14,3
2014-04-07,8,4,4
2014-04-07,6,3,3
2014-04-08,2,0,2
2014-04-08,2,2,0
2014-04-08,0,0,0
2014-04-08,0,0,0
2014-04-08,0,0,0
2014-04-08,5,4,1
2014-04-08,13,8,5
2014-04-08,20,15,5
2014-04-08,27,15,12
2014-04-08,38,32,6
2014-04-08,17,11,6
2014-04-08,23,23,0
2014-04-08,43,33,10
2014-04-08,34,18,16
2014-04-08,20,10,10
2014-04-08,35,24,11
2014-04-08,43,19,24
2014-04-08,25,11,14
2014-04-08,28,13,15
2014-04-08,36,12,24
2014-04-08,9,8,1
2014-04-08,8,3,5
2014-04-08,10,4,6
2014-04-08,4,3,1
2014-04-09,2,2,0
2014-04-09,2,0,2
2014-04-09,4,0,4
2014-04-09,0,0,0
2014-04-09,0,0,0
2014-04-09,0,0,0
2014-04-09,10,6,4
2014-04-09,26,12,14
2014-04-09,19,5,14
2014-04-09,37,23,14
2014-04-09,22,7,15
2014-04-09,49,31,18
2014-04-09,32,22,10
2014-04-09,34,21,13
2014-04-09,34,24,10
2014-04-09,37,28,9
2014-04-09,29,14,15
2014-04-09,29,20,9
2014-04-09,54,31,23
2014-04-09,43,21,22
2014-04-09,23,18,5
2014-04-09,16,9,7
2014-04-09,10,9,1
2014-04-09,6,5,1
2014-04-10,2,2,0
2014-04-10,6,2,4
2014-04-10,2,0,2
2014-04-10,0,0,0
2014-04-10,2,2,0
2014-04-10,0,0,0
2014-04-10,9,8,1
2014-04-10,29,20,9
2014-04-10,40,28,12
2014-04-10,27,18,9
2014-04-10,39,26,13
2014-04-10,33,12,21
2014-04-10,55,31,24
2014-04-10,54,30,24
2014-04-10,40,23,17
2014-04-10,25,12,13
2014-04-10,28,22,6
2014-04-10,30,20,10
2014-04-10,46,23,23
2014-04-10,34,23,11
2014-04-10,9,7,2
2014-04-10,11,5,6
2014-04-10,10,6,4
2014-04-10,8,6,2
2014-04-11,3,1,2
2014-04-11,2,0,2
2014-04-11,2,0,2
2014-04-11,0,0,0
2014-04-11,0,0,0
2014-04-11,5,4,1
2014-04-11,2,0,2
2014-04-11,24,17,7
2014-04-11,40,22,18
2014-04-11,60,45,15
2014-04-11,36,21,15
2014-04-11,35,15,20
2014-04-11,41,26,15
2014-04-11,19,11,8
2014-04-11,45,30,15
2014-04-11,35,22,13
2014-04-11,42,22,20
2014-04-11,55,30,25
2014-04-11,64,37,27
2014-04-11,35,17,18
2014-04-11,30,19,11
2014-04-11,12,10,2
2014-04-11,14,9,5
2014-04-11,15,12,3
2014-04-12,0,0,0
2014-04-12,2,2,0
2014-04-12,2,0,2
2014-04-12,3,2,1
2014-04-12,0,0,0
2014-04-12,1,1,0
2014-04-12,5,3,2
2014-04-12,13,7,6
2014-04-12,25,15,10
2014-04-12,39,17,22
2014-04-12,39,20,19
2014-04-12,80,43,37
2014-04-12,87,52,35
2014-04-12,68,27,41
2014-04-12,38,19,19
2014-04-12,56,29,27
2014-04-12,54,23,31
2014-04-12,60,31,29
2014-04-12,59,38,21
2014-04-12,49,30,19
2014-04-12,25,18,7
2014-04-12,14,8,6
2014-04-12,15,6,9
2014-04-12,8,5,3
2014-04-13,0,0,0
2014-04-13,5,5,0
2014-04-13,3,3,0
2014-04-13,2,0,2
2014-04-13,0,0,0
2014-04-13,0,0,0
2014-04-13,0,0,0
2014-04-13,8,3,5
2014-04-13,8,3,5
2014-04-13,23,11,12
2014-04-13,42,24,18
2014-04-13,50,22,28
2014-04-13,63,34,29
2014-04-13,67,49,18
2014-04-13,49,30,19
2014-04-13,51,29,22
2014-04-13,58,43,15
2014-04-13,60,44,16
2014-04-13,54,36,18
2014-04-13,22,20,2
2014-04-13,24,16,8
2014-04-13,9,7,2
2014-04-13,9,6,3
2014-04-13,8,8,0
2014-04-14,0,0,0
2014-04-14,1,1,0
2014-04-14,1,1,0
2014-04-14,0,0,0
2014-04-14,0,0,0
2014-04-14,5,3,2
2014-04-14,9,5,4
2014-04-14,18,10,8
2014-04-14,29,18,11
2014-04-14,33,18,15
2014-04-14,23,14,9
2014-04-14,34,17,17
2014-04-14,33,16,17
2014-04-14,32,18,14
2014-04-14,28,22,6
2014-04-14,35,22,13
2014-04-14,51,25,26
2014-04-14,50,33,17
2014-04-14,50,30,20
2014-04-14,36,21,15
2014-04-14,29,22,7
2014-04-14,11,7,4
2014-04-14,4,4,0
2014-04-14,5,5,0
2014-04-15,4,4,0
2014-04-15,3,2,1
2014-04-15,0,0,0
2014-04-15,5,2,3
2014-04-15,0,0,0
2014-04-15,2,2,0
2014-04-15,7,2,5
2014-04-15,26,17,9
2014-04-15,48,36,12
2014-04-15,32,17,15
2014-04-15,27,18,9
2014-04-15,37,22,15
2014-04-15,66,47,19
2014-04-15,31,21,10
2014-04-15,18,12,6
2014-04-15,44,28,16
2014-04-15,48,34,14
2014-04-15,43,22,21
2014-04-15,22,14,8
2014-04-15,39,15,24
2014-04-15,15,13,2
2014-04-15,10,5,5
2014-04-15,8,6,2
2014-04-15,4,3,1
2014-04-16,0,0,0
2014-04-16,0,0,0
2014-04-16,0,0,0
2014-04-16,2,2,0
2014-04-16,0,0,0
2014-04-16,3,3,0
2014-04-16,12,6,6
2014-04-16,27,22,5
2014-04-16,34,29,5
2014-04-16,17,10,7
2014-04-16,23,14,9
2014-04-16,32,17,15
2014-04-16,37,17,20
2014-04-16,30,16,14
2014-04-16,38,17,21
2014-04-16,34,17,17
2014-04-16,34,25,9
2014-04-16,38,23,15
2014-04-16,40,22,18
2014-04-16,18,3,15
2014-04-16,15,10,5
2014-04-16,7,4,3
2014-04-16,12,7,5
2014-04-16,5,2,3
2014-04-17,0,0,0
2014-04-17,4,0,4
2014-04-17,0,0,0
2014-04-17,2,2,0
2014-04-17,0,0,0
2014-04-17,3,2,1
2014-04-17,7,5,2
2014-04-17,39,20,19
2014-04-17,27,19,8
2014-04-17,19,15,4
2014-04-17,21,13,8
2014-04-17,35,18,17
2014-04-17,24,7,17
2014-04-17,17,6,11
2014-04-17,20,14,6
2014-04-17,24,17,7
2014-04-17,28,14,14
2014-04-17,38,11,27
2014-04-17,32,10,22
2014-04-17,35,25,10
2014-04-17,17,9,8
2014-04-17,14,14,0
2014-04-17,2,0,2
2014-04-17,7,6,1
2014-04-18,0,0,0
2014-04-18,0,0,0
2014-04-18,2,2,0
2014-04-18,2,0,2
2014-04-18,0,0,0
2014-04-18,4,3,1
2014-04-18,7,3,4
2014-04-18,20,14,6
2014-04-18,33,22,11
2014-04-18,22,14,8
2014-04-18,31,20,11
2014-04-18,42,25,17
2014-04-18,33,15,18
2014-04-18,36,23,13
2014-04-18,43,25,18
2014-04-18,50,36,14
2014-04-18,34,18,16
2014-04-18,53,36,17
2014-04-18,60,31,29
2014-04-18,33,18,15
2014-04-18,28,19,9
2014-04-18,26,21,5
2014-04-18,19,17,2
2014-04-18,6,5,1
2014-04-19,8,7,1
2014-04-19,0,0,0
2014-04-19,4,4,0
2014-04-19,1,1,0
2014-04-19,0,0,0
2014-04-19,1,1,0
2014-04-19,0,0,0
2014-04-19,4,1,3
2014-04-19,17,12,5
2014-04-19,35,20,15
2014-04-19,32,15,17
2014-04-19,53,27,26
2014-04-19,57,35,22
2014-04-19,61,41,20
2014-04-19,59,32,27
2014-04-19,50,15,35
2014-04-19,25,14,11
2014-04-19,32,21,11
2014-04-19,44,33,11
2014-04-19,29,18,11
2014-04-19,34,26,8
2014-04-19,24,15,9
2014-04-19,13,9,4
2014-04-19,6,4,2
2014-04-20,4,4,0
2014-04-20,3,3,0
2014-04-20,9,5,4
2014-04-20,0,0,0
2014-04-20,0,0,0
2014-04-20,0,0,0
2014-04-20,1,0,1
2014-04-20,8,6,2
2014-04-20,10,6,4
2014-04-20,26,18,8
2014-04-20,35,26,9
2014-04-20,40,21,19
2014-04-20,46,21,25
2014-04-20,49,34,15
2014-04-20,36,17,19
2014-04-20,29,20,9
2014-04-20,27,18,9
2014-04-20,25,19,6
2014-04-20,23,17,6
2014-04-20,16,8,8
2014-04-20,10,9,1
2014-04-20,13,8,5
2014-04-20,4,4,0
2014-04-20,8,4,4
2014-04-21,1,0,1
2014-04-21,0,0,0
2014-04-21,0,0,0
2014-04-21,0,0,0
2014-04-21,0,0,0
2014-04-21,1,1,0
2014-04-21,9,4,5
2014-04-21,24,15,9
2014-04-21,21,9,12
2014-04-21,41,28,13
2014-04-21,24,7,17
2014-04-21,22,16,6
2014-04-21,42,20,22
2014-04-21,28,18,10
2014-04-21,24,18,6
2014-04-21,24,18,6
2014-04-21,22,15,7
2014-04-21,41,30,11
2014-04-21,43,21,22
2014-04-21,26,13,13
2014-04-21,25,15,10
2014-04-21,5,2,3
2014-04-21,5,5,0
2014-04-21,7,7,0
2014-04-22,3,3,0
2014-04-22,0,0,0
2014-04-22,0,0,0
2014-04-22,0,0,0
2014-04-22,0,0,0
2014-04-22,6,2,4
2014-04-22,5,2,3
2014-04-22,40,29,11
2014-04-22,23,15,8
2014-04-22,31,15,16
2014-04-22,23,14,9
2014-04-22,27,22,5
2014-04-22,40,27,13
2014-04-22,35,11,24
2014-04-22,28,20,8
2014-04-22,31,16,15
2014-04-22,53,26,27
2014-04-22,54,23,31
2014-04-22,26,11,15
2014-04-22,59,33,26
2014-04-22,30,25,5
2014-04-22,17,9,8
2014-04-22,10,8,2
2014-04-22,5,3,2
2014-04-23,1,0,1
2014-04-23,2,2,0
2014-04-23,1,1,0
2014-04-23,0,0,0
2014-04-23,0,0,0
2014-04-23,2,2,0
2014-04-23,4,2,2
2014-04-23,20,13,7
2014-04-23,29,18,11
2014-04-23,31,23,8
2014-04-23,20,15,5
2014-04-23,20,10,10
2014-04-23,26,21,5
2014-04-23,29,21,8
2014-04-23,25,17,8
2014-04-23,33,19,14
2014-04-23,30,19,11
2014-04-23,21,9,12
2014-04-23,16,8,8
2014-04-23,18,11,7
2014-04-23,13,8,5
2014-04-23,20,15,5
2014-04-23,11,6,5
2014-04-23,5,3,2
2014-04-24,5,4,1
2014-04-24,0,0,0
2014-04-24,0,0,0
2014-04-24,0,0,0
2014-04-24,0,0,0
2014-04-24,6,4,2
2014-04-24,5,2,3
2014-04-24,39,19,20
2014-04-24,39,17,22
2014-04-24,27,17,10
2014-04-24,32,24,8
2014-04-24,29,8,21
2014-04-24,29,17,12
2014-04-24,68,40,28
2014-04-24,40,21,19
2014-04-24,28,15,13
2014-04-24,43,21,22
2014-04-24,67,38,29
2014-04-24,50,32,18
2014-04-24,51,33,18
2014-04-24,18,6,12
2014-04-24,18,11,7
2014-04-24,9,6,3
2014-04-24,11,11,0
2014-04-25,4,2,2
2014-04-25,4,2,2
2014-04-25,6,0,6
2014-04-25,0,0,0
2014-04-25,0,0,0
2014-04-25,3,3,0
2014-04-25,12,7,5
2014-04-25,17,12,5
2014-04-25,36,22,14
2014-04-25,36,16,20
2014-04-25,25,16,9
2014-04-25,36,24,12
2014-04-25,44,33,11
2014-04-25,49,28,21
2014-04-25,28,12,16
2014-04-25,35,24,11
2014-04-25,43,29,14
2014-04-25,41,26,15
2014-04-25,55,28,27
2014-04-25,41,29,12
2014-04-25,15,7,8
2014-04-25,10,5,5
2014-04-25,5,2,3
2014-04-25,12,6,6
2014-04-26,8,7,1
2014-04-26,8,4,4
2014-04-26,2,0,2
2014-04-26,1,1,0
2014-04-26,0,0,0
2014-04-26,4,4,0
2014-04-26,5,5,0
2014-04-26,2,0,2
2014-04-26,19,15,4
2014-04-26,31,23,8
2014-04-26,43,25,18
2014-04-26,63,34,29
2014-04-26,52,24,28
2014-04-26,43,31,12
2014-04-26,69,37,32
2014-04-26,38,16,22
2014-04-26,54,30,24
2014-04-26,72,53,19
2014-04-26,45,27,18
2014-04-26,32,18,14
2014-04-26,24,18,6
2014-04-26,27,24,3
2014-04-26,10,10,0
2014-04-26,7,4,3
2014-04-27,3,2,1
2014-04-27,5,4,1
2014-04-27,1,0,1
2014-04-27,0,0,0
2014-04-27,0,0,0
2014-04-27,3,2,1
2014-04-27,0,0,0
2014-04-27,5,5,0
2014-04-27,12,5,7
2014-04-27,30,20,10
2014-04-27,62,34,28
2014-04-27,90,48,42
2014-04-27,67,44,23
2014-04-27,77,43,34
2014-04-27,51,38,13
2014-04-27,36,19,17
2014-04-27,55,38,17
2014-04-27,24,11,13
2014-04-27,38,17,21
2014-04-27,33,16,17
2014-04-27,16,10,6
2014-04-27,3,1,2
2014-04-27,6,5,1
2014-04-27,5,5,0
2014-04-28,0,0,0
2014-04-28,4,4,0
2014-04-28,0,0,0
2014-04-28,4,3,1
2014-04-28,2,2,0
2014-04-28,6,0,6
2014-04-28,2,1,1
2014-04-28,36,27,9
2014-04-28,30,18,12
2014-04-28,40,29,11
2014-04-28,18,17,1
2014-04-28,27,17,10
2014-04-28,40,23,17
2014-04-28,38,23,15
2014-04-28,32,21,11
2014-04-28,35,20,15
2014-04-28,41,26,15
2014-04-28,49,20,29
2014-04-28,47,28,19
2014-04-28,26,19,7
2014-04-28,26,17,9
2014-04-28,4,2,2
2014-04-28,6,4,2
2014-04-28,2,2,0
2014-04-29,2,2,0
2014-04-29,0,0,0
2014-04-29,0,0,0
2014-04-29,0,0,0
2014-04-29,0,0,0
2014-04-29,6,5,1
2014-04-29,13,9,4
2014-04-29,28,22,6
2014-04-29,21,13,8
2014-04-29,49,28,21
2014-04-29,20,9,11
2014-04-29,37,18,19
2014-04-29,46,29,17
2014-04-29,32,21,11
2014-04-29,28,16,12
2014-04-29,39,25,14
2014-04-29,35,22,13
2014-04-29,50,34,16
2014-04-29,69,32,37
2014-04-29,58,33,25
2014-04-29,32,21,11
2014-04-29,12,10,2
2014-04-29,6,2,4
2014-04-29,5,2,3
2014-04-30,6,4,2
2014-04-30,2,2,0
2014-04-30,2,2,0
2014-04-30,0,0,0
2014-04-30,1,1,0
2014-04-30,2,2,0
2014-04-30,11,8,3
2014-04-30,24,13,11
2014-04-30,28,13,15
2014-04-30,37,19,18
2014-04-30,21,14,7
2014-04-30,48,31,17
2014-04-30,38,24,14
2014-04-30,35,24,11
2014-04-30,47,33,14
2014-04-30,41,22,19
2014-04-30,56,37,19
2014-04-30,69,39,30
2014-04-30,60,33,27
2014-04-30,66,43,23
2014-04-30,26,15,11
2014-04-30,32,23,9
2014-04-30,13,6,7
2014-04-30,7,5,2
2014-05-01,2,2,0
2014-05-01,0,0,0
2014-05-01,1,0,1
2014-05-01,1,0,1
2014-05-01,0,0,0
2014-05-01,7,5,2
2014-05-01,26,20,6
2014-05-01,42,27,15
2014-05-01,51,37,14
2014-05-01,34,24,10
2014-05-01,34,11,23
2014-05-01,56,24,32
2014-05-01,38,18,20
2014-05-01,25,8,17
2014-05-01,35,25,10
2014-05-01,54,31,23
2014-05-01,45,25,20
2014-05-01,56,27,29
2014-05-01,42,25,17
2014-05-01,30,19,11
2014-05-01,26,18,8
2014-05-01,25,17,8
2014-05-01,11,8,3
2014-05-01,8,5,3
2014-05-02,6,5,1
2014-05-02,2,1,1
2014-05-02,2,2,0
2014-05-02,5,5,0
2014-05-02,0,0,0
2014-05-02,2,2,0
2014-05-02,11,7,4
2014-05-02,24,17,7
2014-05-02,54,42,12
2014-05-02,50,36,14
2014-05-02,32,22,10
2014-05-02,31,25,6
2014-05-02,34,21,13
2014-05-02,49,31,18
2014-05-02,44,26,18
2014-05-02,30,19,11
2014-05-02,58,27,31
2014-05-02,64,44,20
2014-05-02,64,36,28
2014-05-02,55,37,18
2014-05-02,25,16,9
2014-05-02,26,18,8
2014-05-02,22,15,7
2014-05-02,8,5,3
2014-05-03,2,0,2
2014-05-03,0,0,0
2014-05-03,4,3,1
2014-05-03,0,0,0
2014-05-03,0,0,0
2014-05-03,2,2,0
2014-05-03,4,4,0
2014-05-03,8,2,6
2014-05-03,29,20,9
2014-05-03,51,28,23
2014-05-03,49,31,18
2014-05-03,63,33,30
2014-05-03,49,28,21
2014-05-03,80,46,34
2014-05-03,59,39,20
2014-05-03,53,28,25
2014-05-03,23,15,8
2014-05-03,28,19,9
2014-05-03,41,34,7
2014-05-03,19,13,6
2014-05-03,24,14,10
2014-05-03,19,7,12
2014-05-03,16,8,8
2014-05-03,19,15,4
2014-05-04,6,6,0
2014-05-04,2,2,0
2014-05-04,1,0,1
2014-05-04,9,4,5
2014-05-04,0,0,0
2014-05-04,3,3,0
2014-05-04,1,1,0
2014-05-04,5,4,1
2014-05-04,9,7,2
2014-05-04,16,12,4
2014-05-04,33,23,10
2014-05-04,25,13,12
2014-05-04,43,25,18
2014-05-04,61,37,24
2014-05-04,43,28,15
2014-05-04,40,31,9
2014-05-04,32,25,7
2014-05-04,35,23,12
2014-05-04,33,26,7
2014-05-04,11,10,1
2014-05-04,13,12,1
2014-05-04,5,5,0
2014-05-04,3,2,1
2014-05-04,11,9,2
2014-05-05,2,2,0
2014-05-05,0,0,0
2014-05-05,4,4,0
2014-05-05,0,0,0
2014-05-05,2,2,0
2014-05-05,4,3,1
2014-05-05,21,14,7
2014-05-05,31,21,10
2014-05-05,45,33,12
2014-05-05,29,17,12
2014-05-05,23,17,6
2014-05-05,42,25,17
2014-05-05,40,15,25
2014-05-05,43,28,15
2014-05-05,30,24,6
2014-05-05,34,20,14
2014-05-05,23,16,7
2014-05-05,36,25,11
2014-05-05,48,29,19
2014-05-05,35,21,14
2014-05-05,22,15,7
2014-05-05,14,11,3
2014-05-05,9,8,1
2014-05-05,7,6,1
2014-05-06,6,5,1
2014-05-06,3,2,1
2014-05-06,0,0,0
2014-05-06,0,0,0
2014-05-06,0,0,0
2014-05-06,2,2,0
2014-05-06,16,12,4
2014-05-06,27,18,9
2014-05-06,31,17,14
2014-05-06,33,20,13
2014-05-06,27,16,11
2014-05-06,18,11,7
2014-05-06,23,17,6
2014-05-06,28,21,7
2014-05-06,31,23,8
2014-05-06,17,13,4
2014-05-06,32,25,7
2014-05-06,35,25,10
2014-05-06,50,33,17
2014-05-06,26,16,10
2014-05-06,31,28,3
2014-05-06,16,10,6
2014-05-06,4,3,1
2014-05-06,4,4,0
2014-05-07,0,0,0
2014-05-07,0,0,0
2014-05-07,0,0,0
2014-05-07,0,0,0
2014-05-07,0,0,0
2014-05-07,2,2,0
2014-05-07,3,0,3
2014-05-07,38,32,6
2014-05-07,35,23,12
2014-05-07,44,30,14
2014-05-07,30,15,15
2014-05-07,28,15,13
2014-05-07,33,24,9
2014-05-07,26,16,10
2014-05-07,38,22,16
2014-05-07,49,25,24
2014-05-07,37,23,14
2014-05-07,48,26,22
2014-05-07,56,37,19
2014-05-07,44,29,15
2014-05-07,16,15,1
2014-05-07,21,19,2
2014-05-07,13,13,0
2014-05-07,6,5,1
2014-05-08,0,0,0
2014-05-08,0,0,0
2014-05-08,2,2,0
2014-05-08,0,0,0
2014-05-08,2,2,0
2014-05-08,0,0,0
2014-05-08,7,4,3
2014-05-08,38,33,5
2014-05-08,39,32,7
2014-05-08,22,17,5
2014-05-08,19,16,3
2014-05-08,23,11,12
2014-05-08,18,16,2
2014-05-08,29,18,11
2014-05-08,29,14,15
2014-05-08,40,26,14
2014-05-08,30,14,16
2014-05-08,54,39,15
2014-05-08,35,30,5
2014-05-08,39,30,9
2014-05-08,25,15,10
2014-05-08,9,4,5
2014-05-08,16,13,3
2014-05-08,6,6,0
2014-05-09,2,2,0
2014-05-09,0,0,0
2014-05-09,0,0,0
2014-05-09,2,2,0
2014-05-09,0,0,0
2014-05-09,0,0,0
2014-05-09,18,17,1
2014-05-09,26,19,7
2014-05-09,16,11,5
2014-05-09,37,27,10
2014-05-09,21,12,9
2014-05-09,32,12,20
2014-05-09,33,21,12
2014-05-09,34,22,12
2014-05-09,23,15,8
2014-05-09,38,26,12
2014-05-09,29,24,5
2014-05-09,51,35,16
2014-05-09,28,16,12
2014-05-09,37,28,9
2014-05-09,18,14,4
2014-05-09,24,17,7
2014-05-09,12,12,0
2014-05-09,7,6,1
2014-05-10,4,4,0
2014-05-10,3,3,0
2014-05-10,7,6,1
2014-05-10,0,0,0
2014-05-10,2,2,0
2014-05-10,2,2,0
2014-05-10,0,0,0
2014-05-10,10,10,0
2014-05-10,15,14,1
2014-05-10,38,28,10
2014-05-10,41,26,15
2014-05-10,53,34,19
2014-05-10,51,38,13
2014-05-10,54,42,12
2014-05-10,41,27,14
2014-05-10,42,34,8
2014-05-10,43,26,17
2014-05-10,38,30,8
2014-05-10,22,11,11
2014-05-10,25,19,6
2014-05-10,18,9,9
2014-05-10,5,5,0
2014-05-10,10,9,1
2014-05-10,2,2,0
2014-05-11,4,3,1
2014-05-11,6,4,2
2014-05-11,2,2,0
2014-05-11,2,2,0
2014-05-11,0,0,0
2014-05-11,1,0,1
2014-05-11,2,2,0
2014-05-11,2,0,2
2014-05-11,1,1,0
2014-05-11,15,5,10
2014-05-11,45,30,15
2014-05-11,44,28,16
2014-05-11,49,22,27
2014-05-11,45,21,24
2014-05-11,70,41,29
2014-05-11,55,39,16
2014-05-11,28,19,9
2014-05-11,38,20,18
2014-05-11,21,14,7
2014-05-11,18,10,8
2014-05-11,15,12,3
2014-05-11,10,6,4
2014-05-11,12,10,2
2014-05-11,5,5,0
2014-05-12,4,2,2
2014-05-12,2,2,0
2014-05-12,0,0,0
2014-05-12,0,0,0
2014-05-12,4,4,0
2014-05-12,7,5,2
2014-05-12,9,5,4
2014-05-12,9,8,1
2014-05-12,29,16,13
2014-05-12,23,16,7
2014-05-12,27,18,9
2014-05-12,24,16,8
2014-05-12,28,17,11
2014-05-12,43,23,20
2014-05-12,26,14,12
2014-05-12,38,25,13
2014-05-12,38,19,19
2014-05-12,49,32,17
2014-05-12,46,30,16
2014-05-12,21,15,6
2014-05-12,24,17,7
2014-05-12,16,13,3
2014-05-12,8,6,2
2014-05-12,4,3,1
2014-05-13,6,6,0
2014-05-13,2,2,0
2014-05-13,0,0,0
2014-05-13,0,0,0
2014-05-13,0,0,0
2014-05-13,4,4,0
2014-05-13,10,2,8
2014-05-13,22,13,9
2014-05-13,19,15,4
2014-05-13,29,21,8
2014-05-13,27,15,12
2014-05-13,20,10,10
2014-05-13,35,19,16
2014-05-13,24,18,6
2014-05-13,31,21,10
2014-05-13,28,19,9
2014-05-13,48,35,13
2014-05-13,62,40,22
2014-05-13,64,34,30
2014-05-13,44,28,16
2014-05-13,36,25,11
2014-05-13,16,14,2
2014-05-13,7,6,1
2014-05-13,4,4,0
2014-05-14,2,2,0
2014-05-14,2,0,2
2014-05-14,0,0,0
2014-05-14,0,0,0
2014-05-14,2,2,0
2014-05-14,3,3,0
2014-05-14,14,10,4
2014-05-14,26,20,6
2014-05-14,29,17,12
2014-05-14,19,10,9
2014-05-14,31,22,9
2014-05-14,38,17,21
2014-05-14,24,15,9
2014-05-14,27,21,6
2014-05-14,26,14,12
2014-05-14,31,18,13
2014-05-14,42,22,20
2014-05-14,46,21,25
2014-05-14,60,35,25
2014-05-14,48,40,8
2014-05-14,22,19,3
2014-05-14,18,15,3
2014-05-14,21,21,0
2014-05-14,10,7,3
2014-05-15,1,0,1
2014-05-15,3,3,0
2014-05-15,3,3,0
2014-05-15,0,0,0
2014-05-15,0,0,0
2014-05-15,3,2,1
2014-05-15,7,7,0
2014-05-15,32,20,12
2014-05-15,42,39,3
2014-05-15,27,20,7
2014-05-15,29,19,10
2014-05-15,42,23,19
2014-05-15,32,17,15
2014-05-15,30,19,11
2014-05-15,36,29,7
2014-05-15,35,24,11
2014-05-15,57,37,20
2014-05-15,36,22,14
2014-05-15,53,31,22
2014-05-15,29,15,14
2014-05-15,21,16,5
2014-05-15,24,18,6
2014-05-15,10,10,0
2014-05-15,10,9,1
2014-05-16,6,1,5
2014-05-16,0,0,0
2014-05-16,6,1,5
2014-05-16,0,0,0
2014-05-16,0,0,0
2014-05-16,9,6,3
2014-05-16,14,9,5
2014-05-16,30,24,6
2014-05-16,48,37,11
2014-05-16,29,18,11
2014-05-16,21,13,8
2014-05-16,37,21,16
2014-05-16,49,38,11
2014-05-16,36,19,17
2014-05-16,19,15,4
2014-05-16,41,23,18
2014-05-16,30,21,9
2014-05-16,57,26,31
2014-05-16,32,21,11
2014-05-16,49,27,22
2014-05-16,28,11,17
2014-05-16,14,6,8
2014-05-16,15,5,10
2014-05-16,8,8,0
2014-05-17,3,3,0
2014-05-17,8,6,2
2014-05-17,0,0,0
2014-05-17,10,6,4
2014-05-17,3,0,3
2014-05-17,4,4,0
2014-05-17,2,2,0
2014-05-17,11,6,5
2014-05-17,18,12,6
2014-05-17,27,15,12
2014-05-17,39,16,23
2014-05-17,60,43,17
2014-05-17,48,34,14
2014-05-17,68,40,28
2014-05-17,84,31,53
2014-05-17,91,55,36
2014-05-17,73,50,23
2014-05-17,101,53,48
2014-05-17,100,57,43
2014-05-17,84,45,39
2014-05-17,26,23,3
2014-05-17,28,27,1
2014-05-17,9,7,2
2014-05-17,19,8,11
2014-05-18,1,1,0
2014-05-18,4,3,1
2014-05-18,2,2,0
2014-05-18,0,0,0
2014-05-18,0,0,0
2014-05-18,2,2,0
2014-05-18,1,1,0
2014-05-18,4,2,2
2014-05-18,12,9,3
2014-05-18,18,17,1
2014-05-18,34,19,15
2014-05-18,51,36,15
2014-05-18,50,34,16
2014-05-18,65,46,19
2014-05-18,60,42,18
2014-05-18,36,30,6
2014-05-18,51,34,17
2014-05-18,38,31,7
2014-05-18,41,34,7
2014-05-18,14,8,6
2014-05-18,19,17,2
2014-05-18,12,9,3
2014-05-18,2,2,0
2014-05-18,2,2,0
2014-05-19,2,2,0
2014-05-19,0,0,0
2014-05-19,1,0,1
2014-05-19,0,0,0
2014-05-19,4,3,1
2014-05-19,2,2,0
2014-05-19,9,7,2
2014-05-19,22,17,5
2014-05-19,33,23,10
2014-05-19,39,30,9
2014-05-19,42,34,8
2014-05-19,36,28,8
2014-05-19,54,33,21
2014-05-19,26,18,8
2014-05-19,22,14,8
2014-05-19,38,27,11
2014-05-19,43,28,15
2014-05-19,63,37,26
2014-05-19,55,28,27
2014-05-19,38,25,13
2014-05-19,21,11,10
2014-05-19,26,19,7
2014-05-19,8,7,1
2014-05-19,6,6,0
2014-05-20,0,0,0
2014-05-20,2,2,0
2014-05-20,2,2,0
2014-05-20,0,0,0
2014-05-20,0,0,0
2014-05-20,2,2,0
2014-05-20,5,3,2
2014-05-20,30,25,5
2014-05-20,28,22,6
2014-05-20,37,24,13
2014-05-20,31,17,14
2014-05-20,27,15,12
2014-05-20,46,20,26
2014-05-20,36,18,18
2014-05-20,27,13,14
2014-05-20,31,12,19
2014-05-20,52,30,22
2014-05-20,40,14,26
2014-05-20,48,16,32
2014-05-20,32,20,12
2014-05-20,16,12,4
2014-05-20,12,10,2
2014-05-20,9,8,1
2014-05-20,7,7,0
2014-05-21,3,2,1
2014-05-21,3,0,3
2014-05-21,2,0,2
2014-05-21,0,0,0
2014-05-21,2,2,0
2014-05-21,3,2,1
2014-05-21,3,1,2
2014-05-21,30,11,19
2014-05-21,21,13,8
2014-05-21,29,23,6
2014-05-21,23,18,5
2014-05-21,12,4,8
2014-05-21,46,32,14
2014-05-21,24,20,4
2014-05-21,28,17,11
2014-05-21,33,20,13
2014-05-21,30,19,11
2014-05-21,46,30,16
2014-05-21,59,33,26
2014-05-21,30,18,12
2014-05-21,26,16,10
2014-05-21,13,9,4
2014-05-21,16,14,2
2014-05-21,9,9,0
2014-05-22,2,1,1
2014-05-22,3,1,2
2014-05-22,0,0,0
2014-05-22,2,2,0
2014-05-22,1,0,1
2014-05-22,1,0,1
2014-05-22,6,5,1
2014-05-22,25,20,5
2014-05-22,44,22,22
2014-05-22,27,16,11
2014-05-22,37,27,10
2014-05-22,40,36,4
2014-05-22,38,30,8
2014-05-22,45,33,12
2014-05-22,42,34,8
2014-05-22,26,18,8
2014-05-22,37,22,15
2014-05-22,41,30,11
2014-05-22,38,22,16
2014-05-22,27,15,12
2014-05-22,23,13,10
2014-05-22,21,13,8
2014-05-22,14,6,8
2014-05-22,15,12,3
2014-05-23,8,7,1
2014-05-23,2,2,0
2014-05-23,0,0,0
2014-05-23,2,2,0
2014-05-23,5,2,3
2014-05-23,7,6,1
2014-05-23,10,7,3
2014-05-23,22,18,4
2014-05-23,37,29,8
2014-05-23,32,21,11
2014-05-23,19,12,7
2014-05-23,29,17,12
2014-05-23,34,25,9
2014-05-23,42,29,13
2014-05-23,40,31,9
2014-05-23,24,13,11
2014-05-23,37,23,14
2014-05-23,28,23,5
2014-05-23,47,35,12
2014-05-23,28,18,10
2014-05-23,13,8,5
2014-05-23,20,14,6
2014-05-23,5,5,0
2014-05-23,7,5,2
2014-05-24,2,1,1
2014-05-24,4,2,2
2014-05-24,4,4,0
2014-05-24,0,0,0
2014-05-24,0,0,0
2014-05-24,2,1,1
2014-05-24,0,0,0
2014-05-24,9,7,2
2014-05-24,16,11,5
2014-05-24,26,20,6
2014-05-24,21,15,6
2014-05-24,41,13,28
2014-05-24,56,33,23
2014-05-24,59,36,23
2014-05-24,43,29,14
2014-05-24,35,22,13
2014-05-24,40,20,20
2014-05-24,23,16,7
2014-05-24,29,15,14
2014-05-24,32,26,6
2014-05-24,8,7,1
2014-05-24,23,18,5
2014-05-24,11,10,1
2014-05-24,6,5,1
2014-05-25,2,2,0
2014-05-25,2,2,0
2014-05-25,0,0,0
2014-05-25,2,2,0
2014-05-25,0,0,0
2014-05-25,0,0,0
2014-05-25,2,2,0
2014-05-25,8,7,1
2014-05-25,8,3,5
2014-05-25,19,15,4
2014-05-25,19,9,10
2014-05-25,40,25,15
2014-05-25,51,42,9
2014-05-25,48,30,18
2014-05-25,38,24,14
2014-05-25,14,10,4
2014-05-25,40,24,16
2014-05-25,20,10,10
2014-05-25,14,13,1
2014-05-25,13,10,3
2014-05-25,14,10,4
2014-05-25,10,7,3
2014-05-25,4,4,0
2014-05-25,4,4,0
2014-05-26,0,0,0
2014-05-26,7,6,1
2014-05-26,4,3,1
2014-05-26,0,0,0
2014-05-26,0,0,0
2014-05-26,2,2,0
2014-05-26,0,0,0
2014-05-26,3,2,1
2014-05-26,11,4,7
2014-05-26,14,10,4
2014-05-26,24,8,16
2014-05-26,43,27,16
2014-05-26,36,13,23
2014-05-26,44,29,15
2014-05-26,40,24,16
2014-05-26,38,28,10
2014-05-26,30,15,15
2014-05-26,25,14,11
2014-05-26,31,20,11
2014-05-26,35,29,6
2014-05-26,22,13,9
2014-05-26,14,14,0
2014-05-26,4,4,0
2014-05-26,1,1,0
2014-05-27,0,0,0
2014-05-27,2,2,0
2014-05-27,0,0,0
2014-05-27,3,0,3
2014-05-27,0,0,0
2014-05-27,0,0,0
2014-05-27,5,2,3
2014-05-27,29,24,5
2014-05-27,40,24,16
2014-05-27,25,18,7
2014-05-27,33,26,7
2014-05-27,25,16,9
2014-05-27,44,26,18
2014-05-27,24,15,9
2014-05-27,43,19,24
2014-05-27,44,26,18
2014-05-27,37,18,19
2014-05-27,53,28,25
2014-05-27,49,30,19
2014-05-27,30,20,10
2014-05-27,28,20,8
2014-05-27,15,12,3
2014-05-27,8,4,4
2014-05-27,6,6,0
2014-05-28,2,2,0
2014-05-28,0,0,0
2014-05-28,0,0,0
2014-05-28,0,0,0
2014-05-28,2,2,0
2014-05-28,0,0,0
2014-05-28,5,2,3
2014-05-28,21,17,4
2014-05-28,34,22,12
2014-05-28,46,25,21
2014-05-28,14,9,5
2014-05-28,31,16,15
2014-05-28,38,27,11
2014-05-28,29,17,12
2014-05-28,36,19,17
2014-05-28,41,22,19
2014-05-28,36,24,12
2014-05-28,33,24,9
2014-05-28,54,36,18
2014-05-28,21,11,10
2014-05-28,32,22,10
2014-05-28,14,8,6
2014-05-28,9,6,3
2014-05-28,4,4,0
2014-05-29,2,2,0
2014-05-29,0,0,0
2014-05-29,4,4,0
2014-05-29,0,0,0
2014-05-29,2,2,0
2014-05-29,3,3,0
2014-05-29,17,12,5
2014-05-29,38,25,13
2014-05-29,32,16,16
2014-05-29,32,27,5
2014-05-29,21,12,9
2014-05-29,24,14,10
2014-05-29,31,18,13
2014-05-29,53,37,16
2014-05-29,15,5,10
2014-05-29,75,27,48
2014-05-29,35,20,15
2014-05-29,77,48,29
2014-05-29,61,47,14
2014-05-29,55,32,23
2014-05-29,22,17,5
2014-05-29,20,16,4
2014-05-29,5,5,0
2014-05-29,4,4,0
2014-05-30,3,3,0
2014-05-30,3,3,0
2014-05-30,4,4,0
2014-05-30,0,0,0
2014-05-30,0,0,0
2014-05-30,0,0,0
2014-05-30,7,2,5
2014-05-30,14,11,3
2014-05-30,22,12,10
2014-05-30,32,26,6
2014-05-30,24,17,7
2014-05-30,29,16,13
2014-05-30,56,42,14
2014-05-30,33,17,16
2014-05-30,48,29,19
2014-05-30,46,25,21
2014-05-30,53,31,22
2014-05-30,53,34,19
2014-05-30,77,40,37
2014-05-30,49,33,16
2014-05-30,26,18,8
2014-05-30,24,17,7
2014-05-30,16,12,4
2014-05-30,5,4,1
2014-05-31,13,10,3
2014-05-31,6,6,0
2014-05-31,0,0,0
2014-05-31,0,0,0
2014-05-31,2,2,0
2014-05-31,5,4,1
2014-05-31,9,7,2
2014-05-31,3,2,1
2014-05-31,19,14,5
2014-05-31,36,19,17
2014-05-31,52,36,16
2014-05-31,70,35,35
2014-05-31,74,39,35
2014-05-31,63,40,23
2014-05-31,56,44,12
2014-05-31,45,24,21
2014-05-31,52,27,25
2014-05-31,44,29,15
2014-05-31,30,23,7
2014-05-31,40,28,12
2014-05-31,25,16,9
2014-05-31,12,10,2
2014-05-31,8,6,2
2014-05-31,7,6,1
2014-06-01,4,3,1
2014-06-01,3,2,1
2014-06-01,2,2,0
2014-06-01,4,4,0
2014-06-01,2,2,0
2014-06-01,2,2,0
2014-06-01,0,0,0
2014-06-01,2,1,1
2014-06-01,11,7,4
2014-06-01,17,5,12
2014-06-01,30,17,13
2014-06-01,64,29,35
2014-06-01,76,46,30
2014-06-01,66,34,32
2014-06-01,82,47,35
2014-06-01,41,20,21
2014-06-01,72,46,26
2014-06-01,59,40,19
2014-06-01,37,19,18
2014-06-01,35,23,12
2014-06-01,31,20,11
2014-06-01,20,16,4
2014-06-01,5,4,1
2014-06-01,2,2,0
2014-06-02,3,2,1
2014-06-02,2,0,2
2014-06-02,0,0,0
2014-06-02,0,0,0
2014-06-02,1,1,0
2014-06-02,2,2,0
2014-06-02,10,8,2
2014-06-02,25,18,7
2014-06-02,20,15,5
2014-06-02,18,12,6
2014-06-02,25,11,14
2014-06-02,41,27,14
2014-06-02,45,23,22
2014-06-02,37,23,14
2014-06-02,33,19,14
2014-06-02,25,15,10
2014-06-02,45,24,21
2014-06-02,44,20,24
2014-06-02,53,35,18
2014-06-02,33,19,14
2014-06-02,16,14,2
2014-06-02,17,13,4
2014-06-02,7,5,2
2014-06-02,5,4,1
2014-06-03,5,5,0
2014-06-03,0,0,0
2014-06-03,0,0,0
2014-06-03,0,0,0
2014-06-03,0,0,0
2014-06-03,0,0,0
2014-06-03,4,2,2
2014-06-03,28,18,10
2014-06-03,28,11,17
2014-06-03,38,25,13
2014-06-03,23,17,6
2014-06-03,34,16,18
2014-06-03,36,24,12
2014-06-03,23,16,7
2014-06-03,18,15,3
2014-06-03,24,17,7
2014-06-03,27,20,7
2014-06-03,43,27,16
2014-06-03,44,25,19
2014-06-03,33,18,15
2014-06-03,31,24,7
2014-06-03,19,17,2
2014-06-03,22,17,5
2014-06-03,6,6,0
2014-06-04,1,1,0
2014-06-04,1,0,1
2014-06-04,0,0,0
2014-06-04,0,0,0
2014-06-04,0,0,0
2014-06-04,8,8,0
2014-06-04,7,6,1
2014-06-04,27,23,4
2014-06-04,49,37,12
2014-06-04,31,23,8
2014-06-04,33,20,13
2014-06-04,39,24,15
2014-06-04,30,10,20
2014-06-04,32,18,14
2014-06-04,42,25,17
2014-06-04,38,23,15
2014-06-04,46,35,11
2014-06-04,34,19,15
2014-06-04,66,37,29
2014-06-04,53,20,33
2014-06-04,30,17,13
2014-06-04,16,9,7
2014-06-04,5,4,1
2014-06-04,6,6,0
2014-06-05,0,0,0
2014-06-05,6,4,2
2014-06-05,3,1,2
2014-06-05,0,0,0
2014-06-05,0,0,0
2014-06-05,0,0,0
2014-06-05,4,3,1
2014-06-05,22,15,7
2014-06-05,30,22,8
2014-06-05,38,29,9
2014-06-05,26,16,10
2014-06-05,46,27,19
2014-06-05,56,34,22
2014-06-05,24,18,6
2014-06-05,49,37,12
2014-06-05,29,21,8
2014-06-05,34,26,8
2014-06-05,54,29,25
2014-06-05,46,26,20
2014-06-05,54,39,15
2014-06-05,26,9,17
2014-06-05,20,14,6
2014-06-05,14,9,5
2014-06-05,13,13,0
2014-06-06,0,0,0
2014-06-06,2,2,0
2014-06-06,0,0,0
2014-06-06,0,0,0
2014-06-06,0,0,0
2014-06-06,1,1,0
2014-06-06,15,12,3
2014-06-06,26,23,3
2014-06-06,44,28,16
2014-06-06,32,22,10
2014-06-06,58,25,33
2014-06-06,37,21,16
2014-06-06,53,43,10
2014-06-06,47,28,19
2014-06-06,34,26,8
2014-06-06,38,25,13
2014-06-06,52,40,12
2014-06-06,50,35,15
2014-06-06,60,37,23
2014-06-06,39,28,11
2014-06-06,21,17,4
2014-06-06,33,28,5
2014-06-06,9,9,0
2014-06-06,1,0,1
2014-06-07,4,3,1
2014-06-07,2,2,0
2014-06-07,1,0,1
2014-06-07,0,0,0
2014-06-07,2,2,0
2014-06-07,2,2,0
2014-06-07,1,0,1
2014-06-07,5,5,0
2014-06-07,15,9,6
2014-06-07,35,19,16
2014-06-07,38,20,18
2014-06-07,37,19,18
2014-06-07,54,29,25
2014-06-07,45,25,20
2014-06-07,51,39,12
2014-06-07,68,37,31
2014-06-07,75,42,33
2014-06-07,76,45,31
2014-06-07,58,32,26
2014-06-07,58,47,11
2014-06-07,27,22,5
2014-06-07,22,14,8
2014-06-07,25,21,4
2014-06-07,4,3,1
2014-06-08,5,3,2
2014-06-08,4,4,0
2014-06-08,2,2,0
2014-06-08,2,2,0
2014-06-08,0,0,0
2014-06-08,0,0,0
2014-06-08,6,3,3
2014-06-08,5,2,3
2014-06-08,12,6,6
2014-06-08,23,17,6
2014-06-08,14,11,3
2014-06-08,49,32,17
2014-06-08,66,27,39
2014-06-08,80,50,30
2014-06-08,43,32,11
2014-06-08,51,24,27
2014-06-08,49,21,28
2014-06-08,45,33,12
2014-06-08,36,21,15
2014-06-08,34,22,12
2014-06-08,21,11,10
2014-06-08,16,13,3
2014-06-08,0,0,0
2014-06-08,5,5,0
2014-06-09,2,2,0
2014-06-09,2,2,0
2014-06-09,0,0,0
2014-06-09,0,0,0
2014-06-09,0,0,0
2014-06-09,2,0,2
2014-06-09,11,7,4
2014-06-09,29,19,10
2014-06-09,46,23,23
2014-06-09,44,22,22
2014-06-09,23,11,12
2014-06-09,38,15,23
2014-06-09,41,23,18
2014-06-09,38,24,14
2014-06-09,37,27,10
2014-06-09,37,21,16
2014-06-09,32,15,17
2014-06-09,36,21,15
2014-06-09,42,23,19
2014-06-09,32,21,11
2014-06-09,13,9,4
2014-06-09,14,10,4
2014-06-09,8,2,6
2014-06-09,2,0,2
2014-06-10,5,4,1
2014-06-10,1,1,0
2014-06-10,0,0,0
2014-06-10,0,0,0
2014-06-10,2,2,0
2014-06-10,0,0,0
2014-06-10,9,6,3
2014-06-10,23,17,6
2014-06-10,41,27,14
2014-06-10,46,25,21
2014-06-10,32,14,18
2014-06-10,25,17,8
2014-06-10,53,29,24
2014-06-10,38,22,16
2014-06-10,28,14,14
2014-06-10,41,24,17
2014-06-10,34,18,16
2014-06-10,41,27,14
2014-06-10,42,26,16
2014-06-10,37,21,16
2014-06-10,25,11,14
2014-06-10,20,13,7
2014-06-10,18,11,7
2014-06-10,6,2,4
2014-06-11,5,2,3
2014-06-11,1,1,0
2014-06-11,0,0,0
2014-06-11,0,0,0
2014-06-11,0,0,0
2014-06-11,2,2,0
2014-06-11,10,8,2
2014-06-11,34,27,7
2014-06-11,33,24,9
2014-06-11,21,12,9
2014-06-11,27,14,13
2014-06-11,39,32,7
2014-06-11,42,30,12
2014-06-11,48,27,21
2014-06-11,55,21,34
2014-06-11,55,34,21
2014-06-11,56,48,8
2014-06-11,56,37,19
2014-06-11,54,31,23
2014-06-11,51,30,21
2014-06-11,20,12,8
2014-06-11,23,17,6
2014-06-11,6,5,1
2014-06-11,1,0,1
2014-06-12,1,1,0
2014-06-12,0,0,0
2014-06-12,0,0,0
2014-06-12,3,2,1
2014-06-12,4,4,0
2014-06-12,4,1,3
2014-06-12,19,12,7
2014-06-12,35,20,15
2014-06-12,22,12,10
2014-06-12,46,27,19
2014-06-12,36,21,15
2014-06-12,39,20,19
2014-06-12,40,27,13
2014-06-12,38,20,18
2014-06-12,23,16,7
2014-06-12,29,17,12
2014-06-12,38,27,11
2014-06-12,41,26,15
2014-06-12,47,24,23
2014-06-12,23,14,9
2014-06-12,37,23,14
2014-06-12,11,8,3
2014-06-12,6,5,1
2014-06-12,10,10,0
2014-06-13,13,9,4
2014-06-13,0,0,0
2014-06-13,0,0,0
2014-06-13,2,2,0
2014-06-13,0,0,0
2014-06-13,4,2,2
2014-06-13,20,14,6
2014-06-13,28,21,7
2014-06-13,27,19,8
2014-06-13,36,26,10
2014-06-13,22,13,9
2014-06-13,24,11,13
2014-06-13,39,26,13
2014-06-13,44,31,13
2014-06-13,33,22,11
2014-06-13,32,26,6
2014-06-13,35,20,15
2014-06-13,49,32,17
2014-06-13,46,24,22
2014-06-13,52,29,23
2014-06-13,20,17,3
2014-06-13,8,5,3
2014-06-13,15,14,1
2014-06-13,16,11,5
2014-06-14,1,1,0
2014-06-14,6,5,1
2014-06-14,2,2,0
2014-06-14,1,0,1
2014-06-14,2,2,0
2014-06-14,1,0,1
2014-06-14,3,2,1
2014-06-14,8,8,0
2014-06-14,11,6,5
2014-06-14,24,13,11
2014-06-14,35,20,15
2014-06-14,43,29,14
2014-06-14,41,18,23
2014-06-14,54,35,19
2014-06-14,61,36,25
2014-06-14,57,41,16
2014-06-14,32,23,9
2014-06-14,29,13,16
2014-06-14,37,22,15
2014-06-14,40,31,9
2014-06-14,32,20,12
2014-06-14,8,1,7
2014-06-14,11,5,6
2014-06-14,6,4,2
2014-06-15,3,0,3
2014-06-15,2,0,2
2014-06-15,4,0,4
2014-06-15,2,0,2
2014-06-15,2,2,0
2014-06-15,2,0,2
2014-06-15,1,0,1
2014-06-15,4,2,2
2014-06-15,10,7,3
2014-06-15,26,11,15
2014-06-15,31,16,15
2014-06-15,62,38,24
2014-06-15,35,15,20
2014-06-15,72,39,33
2014-06-15,19,3,16
2014-06-15,17,8,9
2014-06-15,10,6,4
2014-06-15,23,13,10
2014-06-15,25,20,5
2014-06-15,12,10,2
2014-06-15,27,17,10
2014-06-15,7,4,3
2014-06-15,8,6,2
2014-06-15,3,1,2
2014-06-16,1,1,0
2014-06-16,2,2,0
2014-06-16,0,0,0
2014-06-16,0,0,0
2014-06-16,0,0,0
2014-06-16,3,1,2
2014-06-16,9,5,4
2014-06-16,19,11,8
2014-06-16,21,11,10
2014-06-16,43,25,18
2014-06-16,23,8,15
2014-06-16,31,25,6
2014-06-16,28,16,12
2014-06-16,36,22,14
2014-06-16,41,26,15
2014-06-16,27,9,18
2014-06-16,52,34,18
2014-06-16,46,29,17
2014-06-16,39,25,14
2014-06-16,24,14,10
2014-06-16,29,20,9
2014-06-16,18,16,2
2014-06-16,10,10,0
2014-06-16,1,1,0
2014-06-17,2,2,0
2014-06-17,0,0,0
2014-06-17,0,0,0
2014-06-17,0,0,0
2014-06-17,0,0,0
2014-06-17,1,0,1
2014-06-17,6,2,4
2014-06-17,19,15,4
2014-06-17,30,18,12
2014-06-17,27,21,6
2014-06-17,32,16,16
2014-06-17,23,11,12
2014-06-17,58,36,22
2014-06-17,38,19,19
2014-06-17,42,25,17
2014-06-17,25,11,14
2014-06-17,46,29,17
2014-06-17,43,26,17
2014-06-17,41,25,16
2014-06-17,45,29,16
2014-06-17,25,14,11
2014-06-17,13,11,2
2014-06-17,10,10,0
2014-06-17,1,1,0
2014-06-18,2,2,0
2014-06-18,4,2,2
2014-06-18,4,4,0
2014-06-18,0,0,0
2014-06-18,2,2,0
2014-06-18,0,0,0
2014-06-18,15,10,5
2014-06-18,31,22,9
2014-06-18,17,12,5
2014-06-18,29,22,7
2014-06-18,12,8,4
2014-06-18,43,23,20
2014-06-18,33,20,13
2014-06-18,29,17,12
2014-06-18,36,23,13
2014-06-18,34,24,10
2014-06-18,46,32,14
2014-06-18,71,40,31
2014-06-18,56,41,15
2014-06-18,44,30,14
2014-06-18,35,27,8
2014-06-18,36,33,3
2014-06-18,7,6,1
2014-06-18,11,8,3
2014-06-19,1,0,1
2014-06-19,2,2,0
2014-06-19,3,3,0
2014-06-19,0,0,0
2014-06-19,2,2,0
2014-06-19,2,2,0
2014-06-19,18,15,3
2014-06-19,25,23,2
2014-06-19,40,24,16
2014-06-19,46,34,12
2014-06-19,24,14,10
2014-06-19,34,22,12
2014-06-19,33,13,20
2014-06-19,46,29,17
2014-06-19,42,32,10
2014-06-19,38,17,21
2014-06-19,59,24,35
2014-06-19,48,38,10
2014-06-19,35,18,17
2014-06-19,48,34,14
2014-06-19,21,13,8
2014-06-19,24,20,4
2014-06-19,11,8,3
2014-06-19,4,3,1
2014-06-20,5,4,1
2014-06-20,2,0,2
2014-06-20,0,0,0
2014-06-20,0,0,0
2014-06-20,2,2,0
2014-06-20,0,0,0
2014-06-20,14,10,4
2014-06-20,28,24,4
2014-06-20,36,16,20
2014-06-20,38,25,13
2014-06-20,34,22,12
2014-06-20,26,13,13
2014-06-20,70,42,28
2014-06-20,32,18,14
2014-06-20,46,27,19
2014-06-20,37,18,19
2014-06-20,29,16,13
2014-06-20,51,31,20
2014-06-20,58,39,19
2014-06-20,33,21,12
2014-06-20,20,14,6
2014-06-20,10,4,6
2014-06-20,18,15,3
2014-06-20,16,13,3
2014-06-21,7,5,2
2014-06-21,6,4,2
2014-06-21,4,4,0
2014-06-21,2,2,0
2014-06-21,0,0,0
2014-06-21,2,2,0
2014-06-21,4,0,4
2014-06-21,6,5,1
2014-06-21,15,8,7
2014-06-21,37,22,15
2014-06-21,36,17,19
2014-06-21,35,7,28
2014-06-21,32,20,12
2014-06-21,67,46,21
2014-06-21,85,65,20
2014-06-21,44,23,21
2014-06-21,36,20,16
2014-06-21,55,27,28
2014-06-21,48,30,18
2014-06-21,45,34,11
2014-06-21,35,20,15
2014-06-21,32,25,7
2014-06-21,7,7,0
2014-06-21,5,2,3
2014-06-22,10,7,3
2014-06-22,2,1,1
2014-06-22,3,3,0
2014-06-22,0,0,0
2014-06-22,0,0,0
2014-06-22,4,4,0
2014-06-22,2,2,0
2014-06-22,9,7,2
2014-06-22,12,5,7
2014-06-22,20,13,7
2014-06-22,27,18,9
2014-06-22,31,17,14
2014-06-22,67,36,31
2014-06-22,77,46,31
2014-06-22,64,41,23
2014-06-22,55,42,13
2014-06-22,40,29,11
2014-06-22,57,36,21
2014-06-22,47,25,22
2014-06-22,23,18,5
2014-06-22,19,17,2
2014-06-22,15,12,3
2014-06-22,4,2,2
2014-06-22,7,6,1
2014-06-23,1,1,0
2014-06-23,0,0,0
2014-06-23,0,0,0
2014-06-23,0,0,0
2014-06-23,2,2,0
2014-06-23,4,4,0
2014-06-23,8,4,4
2014-06-23,14,9,5
2014-06-23,27,16,11
2014-06-23,27,14,13
2014-06-23,20,12,8
2014-06-23,45,31,14
2014-06-23,39,27,12
2014-06-23,25,16,9
2014-06-23,27,11,16
2014-06-23,33,27,6
2014-06-23,25,18,7
2014-06-23,44,36,8
2014-06-23,32,20,12
2014-06-23,27,15,12
2014-06-23,25,19,6
2014-06-23,17,13,4
2014-06-23,3,3,0
2014-06-23,4,4,0
2014-06-24,1,1,0
2014-06-24,1,1,0
2014-06-24,6,4,2
2014-06-24,2,2,0
2014-06-24,2,2,0
2014-06-24,4,4,0
2014-06-24,11,9,2
2014-06-24,16,13,3
2014-06-24,21,10,11
2014-06-24,34,23,11
2014-06-24,25,15,10
2014-06-24,23,12,11
2014-06-24,34,23,11
2014-06-24,24,15,9
2014-06-24,26,18,8
2014-06-24,33,25,8
2014-06-24,66,51,15
2014-06-24,44,26,18
2014-06-24,48,36,12
2014-06-24,54,27,27
2014-06-24,22,17,5
2014-06-24,9,7,2
2014-06-24,12,10,2
2014-06-24,8,5,3
2014-06-25,2,2,0
2014-06-25,4,4,0
2014-06-25,0,0,0
2014-06-25,0,0,0
2014-06-25,2,2,0
2014-06-25,2,0,2
2014-06-25,5,3,2
2014-06-25,15,12,3
2014-06-25,42,28,14
2014-06-25,35,27,8
2014-06-25,18,15,3
2014-06-25,56,34,22
2014-06-25,56,39,17
2014-06-25,48,31,17
2014-06-25,35,30,5
2014-06-25,32,25,7
2014-06-25,41,23,18
2014-06-25,34,28,6
2014-06-25,40,27,13
2014-06-25,33,20,13
2014-06-25,27,22,5
2014-06-25,16,13,3
2014-06-25,20,17,3
2014-06-25,8,5,3
2014-06-26,6,6,0
2014-06-26,2,2,0
2014-06-26,5,5,0
2014-06-26,0,0,0
2014-06-26,0,0,0
2014-06-26,2,1,1
2014-06-26,2,1,1
2014-06-26,20,13,7
2014-06-26,37,34,3
2014-06-26,45,29,16
2014-06-26,38,29,9
2014-06-26,41,31,10
2014-06-26,42,35,7
2014-06-26,33,30,3
2014-06-26,32,25,7
2014-06-26,14,10,4
2014-06-26,42,26,16
2014-06-26,35,22,13
2014-06-26,44,28,16
2014-06-26,29,20,9
2014-06-26,20,15,5
2014-06-26,25,15,10
2014-06-26,9,5,4
2014-06-26,5,5,0
2014-06-27,4,4,0
2014-06-27,1,1,0
2014-06-27,0,0,0
2014-06-27,2,2,0
2014-06-27,3,3,0
2014-06-27,2,2,0
2014-06-27,7,4,3
2014-06-27,19,12,7
2014-06-27,21,14,7
2014-06-27,27,17,10
2014-06-27,32,24,8
2014-06-27,26,21,5
2014-06-27,26,15,11
2014-06-27,26,15,11
2014-06-27,36,18,18
2014-06-27,23,17,6
2014-06-27,36,23,13
2014-06-27,44,27,17
2014-06-27,28,18,10
2014-06-27,26,21,5
2014-06-27,14,7,7
2014-06-27,16,12,4
2014-06-27,17,14,3
2014-06-27,6,4,2
2014-06-28,17,13,4
2014-06-28,0,0,0
2014-06-28,1,1,0
2014-06-28,1,0,1
2014-06-28,0,0,0
2014-06-28,3,3,0
2014-06-28,1,0,1
2014-06-28,7,6,1
2014-06-28,13,9,4
2014-06-28,27,16,11
2014-06-28,27,17,10
2014-06-28,37,26,11
2014-06-28,59,35,24
2014-06-28,32,15,17
2014-06-28,49,33,16
2014-06-28,42,27,15
2014-06-28,40,21,19
2014-06-28,34,17,17
2014-06-28,27,18,9
2014-06-28,42,31,11
2014-06-28,15,10,5
2014-06-28,19,15,4
2014-06-28,17,16,1
2014-06-28,11,9,2
2014-06-29,4,4,0
2014-06-29,2,2,0
2014-06-29,3,1,2
2014-06-29,0,0,0
2014-06-29,0,0,0
2014-06-29,2,2,0
2014-06-29,5,4,1
2014-06-29,3,2,1
2014-06-29,9,4,5
2014-06-29,23,16,7
2014-06-29,35,27,8
2014-06-29,44,24,20
2014-06-29,38,25,13
2014-06-29,48,31,17
2014-06-29,48,33,15
2014-06-29,42,24,18
2014-06-29,43,31,12
2014-06-29,21,13,8
2014-06-29,32,22,10
2014-06-29,33,22,11
2014-06-29,8,8,0
2014-06-29,21,18,3
2014-06-29,12,11,1
2014-06-29,4,1,3
2014-06-30,2,2,0
2014-06-30,3,1,2
2014-06-30,0,0,0
2014-06-30,0,0,0
2014-06-30,2,0,2
2014-06-30,4,2,2
2014-06-30,12,9,3
2014-06-30,11,8,3
2014-06-30,39,32,7
2014-06-30,20,13,7
2014-06-30,16,6,10
2014-06-30,23,16,7
2014-06-30,25,15,10
2014-06-30,44,33,11
2014-06-30,43,29,14
2014-06-30,38,21,17
2014-06-30,75,61,14
2014-06-30,97,67,30
2014-06-30,76,62,14
2014-06-30,63,49,14
2014-06-30,18,15,3
2014-06-30,14,13,1
2014-06-30,12,10,2
2014-06-30,8,8,0
2014-07-01,1,0,1
2014-07-01,3,2,1
2014-07-01,0,0,0
2014-07-01,2,2,0
2014-07-01,0,0,0
2014-07-01,3,2,1
2014-07-01,8,4,4
2014-07-01,24,17,7
2014-07-01,48,41,7
2014-07-01,39,28,11
2014-07-01,52,33,19
2014-07-01,52,36,16
2014-07-01,53,36,17
2014-07-01,47,35,12
2014-07-01,42,34,8
2014-07-01,45,25,20
2014-07-01,58,49,9
2014-07-01,46,36,10
2014-07-01,58,41,17
2014-07-01,48,31,17
2014-07-01,34,24,10
2014-07-01,26,18,8
2014-07-01,9,4,5
2014-07-01,10,9,1
2014-07-02,6,6,0
2014-07-02,3,3,0
2014-07-02,0,0,0
2014-07-02,0,0,0
2014-07-02,0,0,0
2014-07-02,4,3,1
2014-07-02,15,11,4
2014-07-02,24,20,4
2014-07-02,28,18,10
2014-07-02,26,20,6
2014-07-02,25,8,17
2014-07-02,31,16,15
2014-07-02,60,44,16
2014-07-02,38,21,17
2014-07-02,35,28,7
2014-07-02,31,22,9
2014-07-02,38,23,15
2014-07-02,43,28,15
2014-07-02,55,35,20
2014-07-02,29,24,5
2014-07-02,24,13,11
2014-07-02,23,19,4
2014-07-02,11,8,3
2014-07-02,12,11,1
2014-07-03,5,5,0
2014-07-03,0,0,0
2014-07-03,1,1,0
2014-07-03,1,0,1
2014-07-03,1,0,1
2014-07-03,1,0,1
2014-07-03,8,5,3
2014-07-03,21,11,10
2014-07-03,33,28,5
2014-07-03,33,25,8
2014-07-03,23,15,8
2014-07-03,49,23,26
2014-07-03,49,34,15
2014-07-03,44,33,11
2014-07-03,33,18,15
2014-07-03,34,20,14
2014-07-03,32,21,11
2014-07-03,39,21,18
2014-07-03,50,35,15
2014-07-03,18,12,6
2014-07-03,39,24,15
2014-07-03,28,23,5
2014-07-03,6,6,0
2014-07-03,6,6,0
2014-07-04,5,4,1
2014-07-04,1,1,0
2014-07-04,2,2,0
2014-07-04,1,1,0
2014-07-04,0,0,0
2014-07-04,0,0,0
2014-07-04,6,2,4
2014-07-04,2,0,2
2014-07-04,9,3,6
2014-07-04,28,17,11
2014-07-04,29,19,10
2014-07-04,43,20,23
2014-07-04,50,35,15
2014-07-04,59,38,21
2014-07-04,20,16,4
2014-07-04,40,26,14
2014-07-04,25,20,5
2014-07-04,30,22,8
2014-07-04,24,19,5
2014-07-04,25,17,8
2014-07-04,17,17,0
2014-07-04,9,9,0
2014-07-04,4,1,3
2014-07-04,17,16,1
2014-07-05,0,0,0
2014-07-05,3,3,0
2014-07-05,0,0,0
2014-07-05,0,0,0
2014-07-05,4,1,3
2014-07-05,4,3,1
2014-07-05,2,2,0
2014-07-05,6,6,0
2014-07-05,13,10,3
2014-07-05,18,13,5
2014-07-05,30,14,16
2014-07-05,39,30,9
2014-07-05,36,26,10
2014-07-05,36,23,13
2014-07-05,36,26,10
2014-07-05,40,25,15
2014-07-05,42,22,20
2014-07-05,30,24,6
2014-07-05,29,25,4
2014-07-05,30,17,13
2014-07-05,25,19,6
2014-07-05,14,7,7
2014-07-05,4,3,1
2014-07-05,4,4,0
2014-07-06,2,2,0
2014-07-06,1,1,0
2014-07-06,0,0,0
2014-07-06,2,0,2
2014-07-06,0,0,0
2014-07-06,6,6,0
2014-07-06,5,4,1
2014-07-06,4,2,2
2014-07-06,12,6,6
2014-07-06,19,10,9
2014-07-06,43,27,16
2014-07-06,60,29,31
2014-07-06,72,46,26
2014-07-06,69,45,24
2014-07-06,74,50,24
2014-07-06,63,36,27
2014-07-06,45,32,13
2014-07-06,36,23,13
2014-07-06,20,17,3
2014-07-06,32,25,7
2014-07-06,12,9,3
2014-07-06,9,4,5
2014-07-06,10,8,2
2014-07-06,6,4,2
2014-07-07,0,0,0
2014-07-07,0,0,0
2014-07-07,0,0,0
2014-07-07,2,1,1
2014-07-07,5,3,2
2014-07-07,3,0,3
2014-07-07,7,5,2
2014-07-07,20,12,8
2014-07-07,30,14,16
2014-07-07,25,17,8
2014-07-07,25,16,9
2014-07-07,31,21,10
2014-07-07,44,20,24
2014-07-07,59,31,28
2014-07-07,40,32,8
2014-07-07,38,28,10
2014-07-07,31,27,4
2014-07-07,55,33,22
2014-07-07,44,23,21
2014-07-07,32,20,12
2014-07-07,34,23,11
2014-07-07,23,21,2
2014-07-07,11,11,0
2014-07-07,3,3,0
2014-07-08,3,2,1
2014-07-08,0,0,0
2014-07-08,0,0,0
2014-07-08,0,0,0
2014-07-08,0,0,0
2014-07-08,3,2,1
2014-07-08,14,9,5
2014-07-08,37,28,9
2014-07-08,30,21,9
2014-07-08,27,16,11
2014-07-08,31,16,15
2014-07-08,34,22,12
2014-07-08,47,38,9
2014-07-08,31,11,20
2014-07-08,49,43,6
2014-07-08,27,16,11
2014-07-08,46,36,10
2014-07-08,49,36,13
2014-07-08,60,34,26
2014-07-08,52,24,28
2014-07-08,28,18,10
2014-07-08,26,16,10
2014-07-08,14,12,2
2014-07-08,4,4,0
2014-07-09,2,2,0
2014-07-09,5,4,1
2014-07-09,1,1,0
2014-07-09,2,0,2
2014-07-09,4,2,2
2014-07-09,3,2,1
2014-07-09,8,4,4
2014-07-09,26,20,6
2014-07-09,39,28,11
2014-07-09,48,27,21
2014-07-09,27,18,9
2014-07-09,37,24,13
2014-07-09,30,18,12
2014-07-09,42,21,21
2014-07-09,44,26,18
2014-07-09,36,22,14
2014-07-09,39,28,11
2014-07-09,39,27,12
2014-07-09,59,39,20
2014-07-09,64,48,16
2014-07-09,46,28,18
2014-07-09,12,6,6
2014-07-09,14,11,3
2014-07-09,8,6,2
2014-07-10,3,3,0
2014-07-10,0,0,0
2014-07-10,22,9,13
2014-07-10,4,0,4
2014-07-10,0,0,0
2014-07-10,6,6,0
2014-07-10,13,5,8
2014-07-10,24,20,4
2014-07-10,34,22,12
2014-07-10,40,27,13
2014-07-10,40,21,19
2014-07-10,39,26,13
2014-07-10,42,29,13
2014-07-10,25,15,10
2014-07-10,26,8,18
2014-07-10,33,19,14
2014-07-10,41,31,10
2014-07-10,65,33,32
2014-07-10,61,30,31
2014-07-10,32,21,11
2014-07-10,36,19,17
2014-07-10,43,31,12
2014-07-10,19,18,1
2014-07-10,12,11,1
2014-07-11,9,6,3
2014-07-11,5,4,1
2014-07-11,2,2,0
2014-07-11,0,0,0
2014-07-11,0,0,0
2014-07-11,1,0,1
2014-07-11,9,5,4
2014-07-11,25,18,7
2014-07-11,31,13,18
2014-07-11,42,20,22
2014-07-11,49,41,8
2014-07-11,56,31,25
2014-07-11,44,32,12
2014-07-11,44,26,18
2014-07-11,52,39,13
2014-07-11,37,21,16
2014-07-11,47,35,12
2014-07-11,53,31,22
2014-07-11,49,40,9
2014-07-11,39,22,17
2014-07-11,45,31,14
2014-07-11,24,21,3
2014-07-11,13,12,1
2014-07-11,27,22,5
2014-07-12,35,30,5
2014-07-12,27,26,1
2014-07-12,26,21,5
2014-07-12,4,2,2
2014-07-12,4,4,0
2014-07-12,8,6,2
2014-07-12,28,12,16
2014-07-12,87,33,54
2014-07-12,155,78,77
2014-07-12,215,93,122
2014-07-12,103,65,38
2014-07-12,81,45,36
2014-07-12,94,50,44
2014-07-12,80,46,34
2014-07-12,88,54,34
2014-07-12,88,52,36
2014-07-12,68,50,18
2014-07-12,60,32,28
2014-07-12,55,41,14
2014-07-12,51,29,22
2014-07-12,42,28,14
2014-07-12,70,43,27
2014-07-12,79,40,39
2014-07-12,58,25,33
2014-07-13,40,19,21
2014-07-13,19,15,4
2014-07-13,10,8,2
2014-07-13,7,6,1
2014-07-13,7,6,1
2014-07-13,9,3,6
2014-07-13,16,4,12
2014-07-13,36,13,23
2014-07-13,71,25,46
2014-07-13,123,54,69
2014-07-13,132,82,50
2014-07-13,123,62,61
2014-07-13,87,26,61
2014-07-13,81,28,53
2014-07-13,100,35,65
2014-07-13,110,47,63
2014-07-13,64,41,23
2014-07-13,73,44,29
2014-07-13,51,31,20
2014-07-13,85,43,42
2014-07-13,114,64,50
2014-07-13,43,28,15
2014-07-13,22,15,7
2014-07-13,2,1,1
2014-07-14,5,3,2
2014-07-14,2,0,2
2014-07-14,5,5,0
2014-07-14,1,1,0
2014-07-14,5,4,1
2014-07-14,9,5,4
2014-07-14,8,2,6
2014-07-14,20,15,5
2014-07-14,51,39,12
2014-07-14,38,21,17
2014-07-14,36,21,15
2014-07-14,36,26,10
2014-07-14,42,25,17
2014-07-14,43,25,18
2014-07-14,64,50,14
2014-07-14,48,32,16
2014-07-14,49,42,7
2014-07-14,73,45,28
2014-07-14,41,23,18
2014-07-14,52,32,20
2014-07-14,27,16,11
2014-07-14,23,18,5
2014-07-14,11,8,3
2014-07-14,1,1,0
2014-07-15,3,2,1
2014-07-15,0,0,0
2014-07-15,2,0,2
2014-07-15,0,0,0
2014-07-15,0,0,0
2014-07-15,6,4,2
2014-07-15,10,6,4
2014-07-15,17,8,9
2014-07-15,40,27,13
2014-07-15,32,16,16
2014-07-15,37,20,17
2014-07-15,42,27,15
2014-07-15,74,44,30
2014-07-15,50,39,11
2014-07-15,44,36,8
2014-07-15,28,14,14
2014-07-15,38,21,17
2014-07-15,54,29,25
2014-07-15,58,23,35
2014-07-15,30,14,16
2014-07-15,29,18,11
2014-07-15,33,17,16
2014-07-15,7,6,1
2014-07-15,9,7,2
2014-07-16,2,2,0
2014-07-16,2,2,0
2014-07-16,2,0,2
2014-07-16,0,0,0
2014-07-16,0,0,0
2014-07-16,4,2,2
2014-07-16,10,7,3
2014-07-16,13,7,6
2014-07-16,34,20,14
2014-07-16,35,25,10
2014-07-16,27,12,15
2014-07-16,33,24,9
2014-07-16,38,29,9
2014-07-16,34,27,7
2014-07-16,37,23,14
2014-07-16,54,39,15
2014-07-16,41,32,9
2014-07-16,22,16,6
2014-07-16,52,32,20
2014-07-16,60,33,27
2014-07-16,44,33,11
2014-07-16,32,28,4
2014-07-16,12,11,1
2014-07-16,4,4,0
2014-07-17,3,3,0
2014-07-17,2,2,0
2014-07-17,1,0,1
2014-07-17,0,0,0
2014-07-17,0,0,0
2014-07-17,7,6,1
2014-07-17,11,4,7
2014-07-17,27,21,6
2014-07-17,36,25,11
2014-07-17,45,25,20
2014-07-17,25,23,2
2014-07-17,38,24,14
2014-07-17,57,43,14
2014-07-17,38,29,9
2014-07-17,46,31,15
2014-07-17,25,19,6
2014-07-17,50,33,17
2014-07-17,50,32,18
2014-07-17,60,42,18
2014-07-17,49,28,21
2014-07-17,33,21,12
2014-07-17,15,10,5
2014-07-17,17,11,6
2014-07-17,7,4,3
2014-07-18,2,2,0
2014-07-18,2,2,0
2014-07-18,1,0,1
2014-07-18,0,0,0
2014-07-18,0,0,0
2014-07-18,3,0,3
2014-07-18,11,7,4
2014-07-18,16,9,7
2014-07-18,59,41,18
2014-07-18,50,39,11
2014-07-18,42,28,14
2014-07-18,35,18,17
2014-07-18,34,23,11
2014-07-18,56,27,29
2014-07-18,53,35,18
2014-07-18,32,16,16
2014-07-18,50,38,12
2014-07-18,72,39,33
2014-07-18,54,34,20
2014-07-18,35,21,14
2014-07-18,26,15,11
2014-07-18,39,26,13
2014-07-18,7,3,4
2014-07-18,11,6,5
2014-07-19,7,4,3
2014-07-19,6,5,1
2014-07-19,2,0,2
2014-07-19,2,0,2
2014-07-19,0,0,0
2014-07-19,10,9,1
2014-07-19,2,2,0
2014-07-19,10,10,0
2014-07-19,19,13,6
2014-07-19,38,24,14
2014-07-19,39,18,21
2014-07-19,43,19,24
2014-07-19,64,39,25
2014-07-19,53,28,25
2014-07-19,57,38,19
2014-07-19,56,24,32
2014-07-19,53,30,23
2014-07-19,52,36,16
2014-07-19,43,27,16
2014-07-19,27,19,8
2014-07-19,33,18,15
2014-07-19,30,23,7
2014-07-19,9,9,0
2014-07-19,10,7,3
2014-07-20,3,1,2
2014-07-20,8,8,0
2014-07-20,3,1,2
2014-07-20,1,1,0
2014-07-20,0,0,0
2014-07-20,2,2,0
2014-07-20,2,0,2
2014-07-20,6,4,2
2014-07-20,12,10,2
2014-07-20,28,20,8
2014-07-20,48,30,18
2014-07-20,68,42,26
2014-07-20,72,40,32
2014-07-20,79,48,31
2014-07-20,52,37,15
2014-07-20,65,47,18
2014-07-20,47,34,13
2014-07-20,33,23,10
2014-07-20,29,21,8
2014-07-20,10,8,2
2014-07-20,33,21,12
2014-07-20,16,12,4
2014-07-20,9,8,1
2014-07-20,3,3,0
2014-07-21,5,4,1
2014-07-21,0,0,0
2014-07-21,0,0,0
2014-07-21,0,0,0
2014-07-21,0,0,0
2014-07-21,5,3,2
2014-07-21,13,9,4
2014-07-21,25,20,5
2014-07-21,39,23,16
2014-07-21,43,23,20
2014-07-21,18,8,10
2014-07-21,39,29,10
2014-07-21,35,31,4
2014-07-21,39,26,13
2014-07-21,59,39,20
2014-07-21,44,33,11
2014-07-21,59,43,16
2014-07-21,65,40,25
2014-07-21,63,45,18
2014-07-21,37,23,14
2014-07-21,39,29,10
2014-07-21,21,16,5
2014-07-21,10,10,0
2014-07-21,13,13,0
2014-07-22,0,0,0
2014-07-22,2,1,1
2014-07-22,4,3,1
2014-07-22,0,0,0
2014-07-22,0,0,0
2014-07-22,4,2,2
2014-07-22,10,7,3
2014-07-22,33,23,10
2014-07-22,33,23,10
2014-07-22,34,27,7
2014-07-22,29,19,10
2014-07-22,34,21,13
2014-07-22,51,36,15
2014-07-22,42,27,15
2014-07-22,34,26,8
2014-07-22,29,15,14
2014-07-22,52,35,17
2014-07-22,37,19,18
2014-07-22,52,33,19
2014-07-22,44,23,21
2014-07-22,24,18,6
2014-07-22,35,24,11
2014-07-22,4,4,0
2014-07-22,11,8,3
2014-07-23,0,0,0
2014-07-23,1,0,1
2014-07-23,0,0,0
2014-07-23,1,0,1
2014-07-23,0,0,0
2014-07-23,2,2,0
2014-07-23,10,3,7
2014-07-23,28,23,5
2014-07-23,22,16,6
2014-07-23,36,19,17
2014-07-23,26,18,8
2014-07-23,36,21,15
2014-07-23,36,16,20
2014-07-23,20,10,10
2014-07-23,13,6,7
2014-07-23,17,7,10
2014-07-23,25,9,16
2014-07-23,46,33,13
2014-07-23,50,31,19
2014-07-23,26,17,9
2014-07-23,28,21,7
2014-07-23,29,23,6
2014-07-23,8,5,3
2014-07-23,9,9,0
2014-07-24,2,0,2
2014-07-24,2,1,1
2014-07-24,0,0,0
2014-07-24,1,0,1
2014-07-24,7,7,0
2014-07-24,4,4,0
2014-07-24,17,11,6
2014-07-24,20,16,4
2014-07-24,20,17,3
2014-07-24,23,20,3
2014-07-24,29,20,9
2014-07-24,36,25,11
2014-07-24,46,31,15
2014-07-24,40,33,7
2014-07-24,48,40,8
2014-07-24,26,17,9
2014-07-24,42,29,13
2014-07-24,40,26,14
2014-07-24,42,25,17
2014-07-24,38,28,10
2014-07-24,13,5,8
2014-07-24,11,7,4
2014-07-24,6,4,2
2014-07-24,3,1,2
2014-07-25,4,3,1
2014-07-25,2,2,0
2014-07-25,0,0,0
2014-07-25,0,0,0
2014-07-25,0,0,0
2014-07-25,2,2,0
2014-07-25,9,4,5
2014-07-25,26,23,3
2014-07-25,37,28,9
2014-07-25,35,23,12
2014-07-25,43,27,16
2014-07-25,44,24,20
2014-07-25,45,25,20
2014-07-25,56,42,14
2014-07-25,55,29,26
2014-07-25,56,33,23
2014-07-25,38,19,19
2014-07-25,41,24,17
2014-07-25,43,29,14
2014-07-25,29,19,10
2014-07-25,29,21,8
2014-07-25,26,18,8
2014-07-25,19,14,5
2014-07-25,14,12,2
2014-07-26,7,7,0
2014-07-26,7,3,4
2014-07-26,0,0,0
2014-07-26,0,0,0
2014-07-26,1,0,1
2014-07-26,6,6,0
2014-07-26,7,5,2
2014-07-26,13,11,2
2014-07-26,15,8,7
2014-07-26,29,16,13
2014-07-26,58,25,33
2014-07-26,52,36,16
2014-07-26,40,23,17
2014-07-26,83,62,21
2014-07-26,70,45,25
2014-07-26,64,44,20
2014-07-26,52,34,18
2014-07-26,44,31,13
2014-07-26,37,29,8
2014-07-26,32,27,5
2014-07-26,12,11,1
2014-07-26,23,10,13
2014-07-26,6,5,1
2014-07-26,8,8,0
2014-07-27,7,7,0
2014-07-27,8,8,0
2014-07-27,1,1,0
2014-07-27,2,2,0
2014-07-27,0,0,0
2014-07-27,2,2,0
2014-07-27,4,2,2
2014-07-27,8,7,1
2014-07-27,7,4,3
2014-07-27,21,19,2
2014-07-27,36,26,10
2014-07-27,61,36,25
2014-07-27,47,24,23
2014-07-27,86,56,30
2014-07-27,74,44,30
2014-07-27,51,38,13
2014-07-27,40,30,10
2014-07-27,40,33,7
2014-07-27,53,41,12
2014-07-27,31,18,13
2014-07-27,27,16,11
2014-07-27,20,16,4
2014-07-27,14,12,2
2014-07-27,10,8,2
2014-07-28,0,0,0
2014-07-28,1,0,1
2014-07-28,0,0,0
2014-07-28,0,0,0
2014-07-28,0,0,0
2014-07-28,1,0,1
2014-07-28,7,4,3
2014-07-28,29,22,7
2014-07-28,34,28,6
2014-07-28,28,18,10
2014-07-28,37,18,19
2014-07-28,31,21,10
2014-07-28,32,24,8
2014-07-28,57,42,15
2014-07-28,54,32,22
2014-07-28,51,38,13
2014-07-28,64,37,27
2014-07-28,49,32,17
2014-07-28,60,38,22
2014-07-28,51,32,19
2014-07-28,25,19,6
2014-07-28,27,16,11
2014-07-28,5,4,1
2014-07-28,1,1,0
2014-07-29,1,1,0
2014-07-29,2,2,0
2014-07-29,0,0,0
2014-07-29,2,2,0
2014-07-29,0,0,0
2014-07-29,2,2,0
2014-07-29,17,9,8
2014-07-29,22,16,6
2014-07-29,54,37,17
2014-07-29,44,28,16
2014-07-29,39,25,14
2014-07-29,36,25,11
2014-07-29,50,36,14
2014-07-29,45,34,11
2014-07-29,59,43,16
2014-07-29,28,16,12
2014-07-29,39,24,15
2014-07-29,43,29,14
2014-07-29,61,36,25
2014-07-29,53,34,19
2014-07-29,34,24,10
2014-07-29,32,29,3
2014-07-29,7,7,0
2014-07-29,6,5,1
2014-07-30,1,0,1
2014-07-30,0,0,0
2014-07-30,0,0,0
2014-07-30,2,2,0
2014-07-30,0,0,0
2014-07-30,3,0,3
2014-07-30,9,3,6
2014-07-30,23,19,4
2014-07-30,26,22,4
2014-07-30,50,34,16
2014-07-30,45,21,24
2014-07-30,30,15,15
2014-07-30,51,31,20
2014-07-30,42,24,18
2014-07-30,29,20,9
2014-07-30,50,31,19
2014-07-30,42,21,21
2014-07-30,45,28,17
2014-07-30,52,31,21
2014-07-30,43,18,25
2014-07-30,49,29,20
2014-07-30,38,25,13
2014-07-30,23,20,3
2014-07-30,7,4,3
2014-07-31,3,2,1
2014-07-31,3,3,0
2014-07-31,2,0,2
2014-07-31,0,0,0
2014-07-31,0,0,0
2014-07-31,0,0,0
2014-07-31,12,6,6
2014-07-31,25,20,5
2014-07-31,21,14,7
2014-07-31,44,29,15
2014-07-31,45,37,8
2014-07-31,59,37,22
2014-07-31,45,25,20
2014-07-31,46,33,13
2014-07-31,49,36,13
2014-07-31,59,27,32
2014-07-31,66,45,21
2014-07-31,66,39,27
2014-07-31,55,28,27
2014-07-31,56,28,28
2014-07-31,30,17,13
2014-07-31,32,24,8
2014-07-31,7,5,2
2014-07-31,9,8,1
2014-08-01,8,8,0
2014-08-01,4,3,1
2014-08-01,0,0,0
2014-08-01,0,0,0
2014-08-01,0,0,0
2014-08-01,1,0,1
2014-08-01,11,7,4
2014-08-01,26,23,3
2014-08-01,27,17,10
2014-08-01,14,10,4
2014-08-01,54,33,21
2014-08-01,54,37,17
2014-08-01,43,30,13
2014-08-01,23,15,8
2014-08-01,33,19,14
2014-08-01,50,32,18
2014-08-01,35,13,22
2014-08-01,54,31,23
2014-08-01,49,26,23
2014-08-01,26,16,10
2014-08-01,25,13,12
2014-08-01,29,19,10
2014-08-01,8,7,1
2014-08-01,14,12,2
2014-08-02,2,2,0
2014-08-02,4,4,0
2014-08-02,2,2,0
2014-08-02,3,3,0
2014-08-02,1,0,1
2014-08-02,3,2,1
2014-08-02,0,0,0
2014-08-02,3,1,2
2014-08-02,14,11,3
2014-08-02,39,30,9
2014-08-02,35,17,18
2014-08-02,45,21,24
2014-08-02,61,27,34
2014-08-02,35,18,17
2014-08-02,50,26,24
2014-08-02,49,27,22
2014-08-02,51,34,17
2014-08-02,57,34,23
2014-08-02,48,37,11
2014-08-02,44,26,18
2014-08-02,36,25,11
2014-08-02,38,24,14
2014-08-02,13,13,0
2014-08-02,9,5,4
2014-08-03,9,5,4
2014-08-03,0,0,0
2014-08-03,1,1,0
2014-08-03,2,0,2
2014-08-03,1,1,0
2014-08-03,2,2,0
2014-08-03,1,1,0
2014-08-03,5,2,3
2014-08-03,14,12,2
2014-08-03,28,16,12
2014-08-03,39,25,14
2014-08-03,51,26,25
2014-08-03,66,39,27
2014-08-03,77,45,32
2014-08-03,62,33,29
2014-08-03,49,25,24
2014-08-03,66,55,11
2014-08-03,34,26,8
2014-08-03,35,25,10
2014-08-03,28,18,10
2014-08-03,36,29,7
2014-08-03,23,19,4
2014-08-03,5,5,0
2014-08-03,6,2,4
2014-08-04,1,0,1
2014-08-04,6,3,3
2014-08-04,0,0,0
2014-08-04,0,0,0
2014-08-04,4,4,0
2014-08-04,0,0,0
2014-08-04,20,13,7
2014-08-04,16,8,8
2014-08-04,36,20,16
2014-08-04,47,33,14
2014-08-04,46,29,17
2014-08-04,43,36,7
2014-08-04,57,42,15
2014-08-04,55,45,10
2014-08-04,62,42,20
2014-08-04,46,24,22
2014-08-04,55,47,8
2014-08-04,73,45,28
2014-08-04,70,38,32
2014-08-04,50,39,11
2014-08-04,31,18,13
2014-08-04,15,7,8
2014-08-04,8,7,1
2014-08-04,8,6,2
2014-08-05,3,2,1
2014-08-05,3,3,0
2014-08-05,0,0,0
2014-08-05,0,0,0
2014-08-05,2,2,0
2014-08-05,3,2,1
2014-08-05,17,10,7
2014-08-05,29,22,7
2014-08-05,57,40,17
2014-08-05,33,18,15
2014-08-05,36,22,14
2014-08-05,37,26,11
2014-08-05,37,25,12
2014-08-05,53,32,21
2014-08-05,40,25,15
2014-08-05,54,36,18
2014-08-05,57,45,12
2014-08-05,74,44,30
2014-08-05,29,16,13
2014-08-05,40,10,30
2014-08-05,14,10,4
2014-08-05,7,5,2
2014-08-05,3,3,0
2014-08-05,7,4,3
2014-08-06,1,1,0
2014-08-06,0,0,0
2014-08-06,0,0,0
2014-08-06,0,0,0
2014-08-06,1,1,0
2014-08-06,1,1,0
2014-08-06,13,9,4
2014-08-06,30,21,9
2014-08-06,44,29,15
2014-08-06,40,22,18
2014-08-06,39,26,13
2014-08-06,30,18,12
2014-08-06,39,26,13
2014-08-06,19,13,6
2014-08-06,32,19,13
2014-08-06,36,19,17
2014-08-06,60,40,20
2014-08-06,44,32,12
2014-08-06,66,36,30
2014-08-06,31,16,15
2014-08-06,36,22,14
2014-08-06,22,19,3
2014-08-06,5,4,1
2014-08-06,5,3,2
2014-08-07,2,2,0
2014-08-07,3,3,0
2014-08-07,0,0,0
2014-08-07,1,0,1
2014-08-07,0,0,0
2014-08-07,8,4,4
2014-08-07,8,4,4
2014-08-07,25,22,3
2014-08-07,36,26,10
2014-08-07,33,18,15
2014-08-07,38,21,17
2014-08-07,34,25,9
2014-08-07,41,24,17
2014-08-07,47,39,8
2014-08-07,60,42,18
2014-08-07,49,37,12
2014-08-07,35,25,10
2014-08-07,58,47,11
2014-08-07,53,25,28
2014-08-07,26,13,13
2014-08-07,21,11,10
2014-08-07,17,12,5
2014-08-07,7,6,1
2014-08-07,11,7,4
2014-08-08,1,0,1
2014-08-08,5,4,1
2014-08-08,2,0,2
2014-08-08,1,0,1
2014-08-08,0,0,0
2014-08-08,3,2,1
2014-08-08,11,8,3
2014-08-08,23,15,8
2014-08-08,28,20,8
2014-08-08,24,12,12
2014-08-08,28,11,17
2014-08-08,52,37,15
2014-08-08,48,19,29
2014-08-08,54,36,18
2014-08-08,37,27,10
2014-08-08,29,20,9
2014-08-08,47,34,13
2014-08-08,49,38,11
2014-08-08,69,40,29
2014-08-08,18,11,7
2014-08-08,29,21,8
2014-08-08,21,15,6
2014-08-08,9,6,3
2014-08-08,8,7,1
2014-08-09,2,2,0
2014-08-09,7,4,3
2014-08-09,0,0,0
2014-08-09,1,0,1
2014-08-09,0,0,0
2014-08-09,2,2,0
2014-08-09,1,0,1
2014-08-09,14,8,6
2014-08-09,28,15,13
2014-08-09,36,29,7
2014-08-09,37,25,12
2014-08-09,50,30,20
2014-08-09,53,38,15
2014-08-09,60,50,10
2014-08-09,38,21,17
2014-08-09,38,22,16
2014-08-09,38,24,14
2014-08-09,54,28,26
2014-08-09,27,21,6
2014-08-09,27,19,8
2014-08-09,30,26,4
2014-08-09,12,10,2
2014-08-09,21,16,5
2014-08-09,8,6,2
2014-08-10,7,4,3
2014-08-10,5,4,1
2014-08-10,3,3,0
2014-08-10,3,3,0
2014-08-10,0,0,0
2014-08-10,2,2,0
2014-08-10,2,2,0
2014-08-10,3,1,2
2014-08-10,10,3,7
2014-08-10,31,19,12
2014-08-10,42,28,14
2014-08-10,47,18,29
2014-08-10,87,57,30
2014-08-10,64,38,26
2014-08-10,67,36,31
2014-08-10,53,37,16
2014-08-10,48,23,25
2014-08-10,39,31,8
2014-08-10,56,40,16
2014-08-10,30,16,14
2014-08-10,14,11,3
2014-08-10,8,7,1
2014-08-10,14,13,1
2014-08-10,3,3,0
2014-08-11,1,0,1
2014-08-11,2,0,2
2014-08-11,0,0,0
2014-08-11,0,0,0
2014-08-11,0,0,0
2014-08-11,0,0,0
2014-08-11,10,8,2
2014-08-11,28,21,7
2014-08-11,50,33,17
2014-08-11,25,11,14
2014-08-11,38,22,16
2014-08-11,30,20,10
2014-08-11,52,31,21
2014-08-11,41,24,17
2014-08-11,43,29,14
2014-08-11,32,24,8
2014-08-11,43,33,10
2014-08-11,66,38,28
2014-08-11,46,19,27
2014-08-11,31,17,14
2014-08-11,19,15,4
2014-08-11,16,13,3
2014-08-11,4,4,0
2014-08-11,2,0,2
2014-08-12,2,2,0
2014-08-12,2,1,1
2014-08-12,1,1,0
2014-08-12,0,0,0
2014-08-12,5,4,1
2014-08-12,8,6,2
2014-08-12,16,13,3
2014-08-12,20,15,5
2014-08-12,21,18,3
2014-08-12,40,28,12
2014-08-12,37,18,19
2014-08-12,35,25,10
2014-08-12,46,31,15
2014-08-12,36,23,13
2014-08-12,39,26,13
2014-08-12,45,27,18
2014-08-12,63,37,26
2014-08-12,51,27,24
2014-08-12,78,36,42
2014-08-12,34,22,12
2014-08-12,33,26,7
2014-08-12,20,17,3
2014-08-12,5,2,3
2014-08-12,3,2,1
2014-08-13,5,4,1
2014-08-13,2,0,2
2014-08-13,2,2,0
2014-08-13,2,2,0
2014-08-13,0,0,0
2014-08-13,5,5,0
2014-08-13,6,2,4
2014-08-13,25,15,10
2014-08-13,31,24,7
2014-08-13,21,18,3
2014-08-13,21,11,10
2014-08-13,19,10,9
2014-08-13,33,20,13
2014-08-13,35,24,11
2014-08-13,40,32,8
2014-08-13,27,23,4
2014-08-13,41,30,11
2014-08-13,40,22,18
2014-08-13,73,40,33
2014-08-13,42,29,13
2014-08-13,22,13,9
2014-08-13,22,13,9
2014-08-13,13,10,3
2014-08-13,8,7,1
2014-08-14,1,1,0
2014-08-14,0,0,0
2014-08-14,1,1,0
2014-08-14,1,0,1
2014-08-14,0,0,0
2014-08-14,0,0,0
2014-08-14,6,3,3
2014-08-14,21,14,7
2014-08-14,33,21,12
2014-08-14,32,14,18
2014-08-14,31,23,8
2014-08-14,27,15,12
2014-08-14,45,35,10
2014-08-14,57,34,23
2014-08-14,44,31,13
2014-08-14,39,19,20
2014-08-14,21,16,5
2014-08-14,54,35,19
2014-08-14,64,43,21
2014-08-14,54,40,14
2014-08-14,24,17,7
2014-08-14,23,18,5
2014-08-14,9,6,3
2014-08-14,6,6,0
2014-08-15,4,4,0
2014-08-15,4,3,1
2014-08-15,0,0,0
2014-08-15,0,0,0
2014-08-15,0,0,0
2014-08-15,3,3,0
2014-08-15,5,3,2
2014-08-15,20,17,3
2014-08-15,19,14,5
2014-08-15,31,25,6
2014-08-15,27,22,5
2014-08-15,37,31,6
2014-08-15,29,15,14
2014-08-15,34,21,13
2014-08-15,55,39,16
2014-08-15,32,27,5
2014-08-15,38,28,10
2014-08-15,54,37,17
2014-08-15,42,28,14
2014-08-15,52,31,21
2014-08-15,19,14,5
2014-08-15,20,14,6
2014-08-15,13,4,9
2014-08-15,5,4,1
2014-08-16,6,6,0
2014-08-16,2,2,0
2014-08-16,1,1,0
2014-08-16,4,2,2
2014-08-16,0,0,0
2014-08-16,8,7,1
2014-08-16,8,6,2
2014-08-16,3,2,1
2014-08-16,9,6,3
2014-08-16,32,21,11
2014-08-16,33,23,10
2014-08-16,39,19,20
2014-08-16,49,37,12
2014-08-16,44,22,22
2014-08-16,62,37,25
2014-08-16,60,47,13
2014-08-16,52,40,12
2014-08-16,46,25,21
2014-08-16,45,32,13
2014-08-16,31,21,10
2014-08-16,32,23,9
2014-08-16,19,19,0
2014-08-16,11,10,1
2014-08-16,2,1,1
2014-08-17,5,5,0
2014-08-17,0,0,0
2014-08-17,4,4,0
2014-08-17,1,0,1
2014-08-17,1,1,0
2014-08-17,2,2,0
2014-08-17,1,0,1
2014-08-17,4,2,2
2014-08-17,13,8,5
2014-08-17,22,14,8
2014-08-17,50,29,21
2014-08-17,70,45,25
2014-08-17,53,35,18
2014-08-17,57,38,19
2014-08-17,64,38,26
2014-08-17,61,34,27
2014-08-17,72,50,22
2014-08-17,56,41,15
2014-08-17,38,26,12
2014-08-17,26,16,10
2014-08-17,18,16,2
2014-08-17,14,10,4
2014-08-17,9,8,1
2014-08-17,10,9,1
2014-08-18,2,2,0
2014-08-18,5,5,0
2014-08-18,2,2,0
2014-08-18,1,1,0
2014-08-18,0,0,0
2014-08-18,0,0,0
2014-08-18,6,2,4
2014-08-18,34,27,7
2014-08-18,21,10,11
2014-08-18,42,27,15
2014-08-18,47,27,20
2014-08-18,41,31,10
2014-08-18,55,38,17
2014-08-18,47,22,25
2014-08-18,45,28,17
2014-08-18,37,28,9
2014-08-18,52,37,15
2014-08-18,53,32,21
2014-08-18,66,37,29
2014-08-18,41,29,12
2014-08-18,22,16,6
2014-08-18,16,14,2
2014-08-18,20,19,1
2014-08-18,4,2,2
2014-08-19,2,2,0
2014-08-19,2,0,2
2014-08-19,0,0,0
2014-08-19,0,0,0
2014-08-19,0,0,0
2014-08-19,7,7,0
2014-08-19,29,18,11
2014-08-19,24,19,5
2014-08-19,39,28,11
2014-08-19,28,18,10
2014-08-19,28,22,6
2014-08-19,27,10,17
2014-08-19,50,33,17
2014-08-19,42,23,19
2014-08-19,36,28,8
2014-08-19,46,32,14
2014-08-19,63,41,22
2014-08-19,40,27,13
2014-08-19,51,42,9
2014-08-19,58,39,19
2014-08-19,29,16,13
2014-08-19,14,11,3
2014-08-19,11,11,0
2014-08-19,1,0,1
2014-08-20,1,1,0
2014-08-20,3,1,2
2014-08-20,1,0,1
2014-08-20,0,0,0
2014-08-20,0,0,0
2014-08-20,8,5,3
2014-08-20,12,5,7
2014-08-20,18,14,4
2014-08-20,24,17,7
2014-08-20,26,23,3
2014-08-20,27,14,13
2014-08-20,28,15,13
2014-08-20,28,15,13
2014-08-20,45,32,13
2014-08-20,55,28,27
2014-08-20,44,29,15
2014-08-20,40,30,10
2014-08-20,56,40,16
2014-08-20,45,26,19
2014-08-20,27,15,12
2014-08-20,23,17,6
2014-08-20,38,31,7
2014-08-20,5,4,1
2014-08-20,11,8,3
2014-08-21,1,0,1
2014-08-21,1,1,0
2014-08-21,1,0,1
2014-08-21,2,2,0
2014-08-21,0,0,0
2014-08-21,2,0,2
2014-08-21,13,7,6
2014-08-21,38,26,12
2014-08-21,39,21,18
2014-08-21,44,21,23
2014-08-21,43,30,13
2014-08-21,35,28,7
2014-08-21,45,23,22
2014-08-21,40,27,13
2014-08-21,44,24,20
2014-08-21,28,20,8
2014-08-21,53,37,16
2014-08-21,52,32,20
2014-08-21,47,36,11
2014-08-21,46,36,10
2014-08-21,25,16,9
2014-08-21,20,12,8
2014-08-21,11,8,3
2014-08-21,7,6,1
2014-08-22,5,2,3
2014-08-22,2,2,0
2014-08-22,0,0,0
2014-08-22,2,2,0
2014-08-22,2,2,0
2014-08-22,0,0,0
2014-08-22,4,3,1
2014-08-22,26,20,6
2014-08-22,45,30,15
2014-08-22,33,27,6
2014-08-22,58,28,30
2014-08-22,37,26,11
2014-08-22,47,24,23
2014-08-22,53,28,25
2014-08-22,46,29,17
2014-08-22,60,39,21
2014-08-22,55,36,19
2014-08-22,76,53,23
2014-08-22,57,38,19
2014-08-22,32,18,14
2014-08-22,36,23,13
2014-08-22,12,9,3
2014-08-22,12,11,1
2014-08-22,8,8,0
2014-08-23,4,3,1
2014-08-23,0,0,0
2014-08-23,3,2,1
2014-08-23,2,2,0
2014-08-23,2,2,0
2014-08-23,3,3,0
2014-08-23,2,2,0
2014-08-23,9,5,4
2014-08-23,18,13,5
2014-08-23,34,19,15
2014-08-23,32,17,15
2014-08-23,65,46,19
2014-08-23,38,18,20
2014-08-23,42,31,11
2014-08-23,72,35,37
2014-08-23,45,25,20
2014-08-23,57,38,19
2014-08-23,28,24,4
2014-08-23,33,21,12
2014-08-23,24,20,4
2014-08-23,32,19,13
2014-08-23,7,4,3
2014-08-23,11,8,3
2014-08-23,8,4,4
2014-08-24,3,1,2
2014-08-24,3,3,0
2014-08-24,0,0,0
2014-08-24,2,2,0
2014-08-24,0,0,0
2014-08-24,1,1,0
2014-08-24,2,2,0
2014-08-24,0,0,0
2014-08-24,13,8,5
2014-08-24,21,13,8
2014-08-24,40,26,14
2014-08-24,58,35,23
2014-08-24,43,32,11
2014-08-24,79,39,40
2014-08-24,65,36,29
2014-08-24,32,24,8
2014-08-24,52,34,18
2014-08-24,39,22,17
2014-08-24,31,18,13
2014-08-24,19,14,5
2014-08-24,16,14,2
2014-08-24,17,10,7
2014-08-24,20,15,5
2014-08-24,3,3,0
2014-08-25,1,0,1
2014-08-25,0,0,0
2014-08-25,0,0,0
2014-08-25,0,0,0
2014-08-25,0,0,0
2014-08-25,4,3,1
2014-08-25,6,5,1
2014-08-25,23,19,4
2014-08-25,28,14,14
2014-08-25,36,24,12
2014-08-25,20,9,11
2014-08-25,23,17,6
2014-08-25,27,14,13
2014-08-25,30,26,4
2014-08-25,26,17,9
2014-08-25,5,0,5
2014-08-25,0,0,0
2014-08-25,0,0,0
2014-08-25,0,0,0
2014-08-25,0,0,0
2014-08-25,0,0,0
2014-08-25,0,0,0
2014-08-25,0,0,0
2014-08-25,0,0,0
2014-08-26,0,0,0
2014-08-26,0,0,0
2014-08-26,0,0,0
2014-08-26,0,0,0
2014-08-26,0,0,0
2014-08-26,0,0,0
2014-08-26,0,0,0
2014-08-26,0,0,0
2014-08-26,0,0,0
2014-08-26,0,0,0
2014-08-26,0,0,0
2014-08-26,0,0,0
2014-08-26,0,0,0
2014-08-26,0,0,0
2014-08-26,0,0,0
2014-08-26,0,0,0
2014-08-26,0,0,0
2014-08-26,0,0,0
2014-08-26,0,0,0
2014-08-26,0,0,0
2014-08-26,0,0,0
2014-08-26,0,0,0
2014-08-26,0,0,0
2014-08-26,0,0,0
2014-08-27,0,0,0
2014-08-27,0,0,0
2014-08-27,0,0,0
2014-08-27,0,0,0
2014-08-27,0,0,0
2014-08-27,0,0,0
2014-08-27,0,0,0
2014-08-27,0,0,0
2014-08-27,0,0,0
2014-08-27,0,0,0
2014-08-27,0,0,0
2014-08-27,0,0,0
2014-08-27,0,0,0
2014-08-27,0,0,0
2014-08-27,0,0,0
2014-08-27,0,0,0
2014-08-27,0,0,0
2014-08-27,0,0,0
2014-08-27,0,0,0
2014-08-27,0,0,0
2014-08-27,0,0,0
2014-08-27,0,0,0
2014-08-27,0,0,0
2014-08-27,0,0,0
2014-08-28,0,0,0
2014-08-28,0,0,0
2014-08-28,0,0,0
2014-08-28,0,0,0
2014-08-28,0,0,0
2014-08-28,0,0,0
2014-08-28,0,0,0
2014-08-28,0,0,0
2014-08-28,0,0,0
2014-08-28,0,0,0
2014-08-28,0,0,0
2014-08-28,0,0,0
2014-08-28,0,0,0
2014-08-28,0,0,0
2014-08-28,7,3,4
2014-08-28,21,14,7
2014-08-28,51,34,17
2014-08-28,51,41,10
2014-08-28,53,30,23
2014-08-28,48,39,9
2014-08-28,39,30,9
2014-08-28,28,23,5
2014-08-28,13,10,3
2014-08-28,8,8,0
2014-08-29,2,2,0
2014-08-29,2,2,0
2014-08-29,1,1,0
2014-08-29,1,0,1
2014-08-29,0,0,0
2014-08-29,5,4,1
2014-08-29,8,7,1
2014-08-29,12,9,3
2014-08-29,31,23,8
2014-08-29,36,26,10
2014-08-29,20,14,6
2014-08-29,22,20,2
2014-08-29,31,25,6
2014-08-29,34,25,9
2014-08-29,40,25,15
2014-08-29,47,39,8
2014-08-29,63,42,21
2014-08-29,43,21,22
2014-08-29,41,31,10
2014-08-29,34,23,11
2014-08-29,24,18,6
2014-08-29,8,6,2
2014-08-29,17,16,1
2014-08-29,7,6,1
2014-08-30,2,0,2
2014-08-30,10,9,1
2014-08-30,4,4,0
2014-08-30,0,0,0
2014-08-30,1,0,1
2014-08-30,4,4,0
2014-08-30,3,3,0
2014-08-30,7,7,0
2014-08-30,15,11,4
2014-08-30,36,27,9
2014-08-30,29,20,9
2014-08-30,36,23,13
2014-08-30,42,28,14
2014-08-30,29,19,10
2014-08-30,27,11,16
2014-08-30,40,29,11
2014-08-30,50,41,9
2014-08-30,32,25,7
2014-08-30,15,8,7
2014-08-30,22,17,5
2014-08-30,24,19,5
2014-08-30,14,8,6
2014-08-30,7,5,2
2014-08-30,11,8,3
2014-08-31,0,0,0
2014-08-31,2,2,0
2014-08-31,2,2,0
2014-08-31,4,2,2
2014-08-31,0,0,0
2014-08-31,3,2,1
2014-08-31,6,6,0
2014-08-31,0,0,0
2014-08-31,9,5,4
2014-08-31,21,11,10
2014-08-31,41,32,9
2014-08-31,40,28,12
2014-08-31,65,51,14
2014-08-31,75,58,17
2014-08-31,49,31,18
2014-08-31,45,35,10
2014-08-31,41,33,8
2014-08-31,39,22,17
2014-08-31,26,20,6
2014-08-31,29,17,12
2014-08-31,17,12,5
2014-08-31,12,10,2
2014-08-31,8,5,3
2014-08-31,4,4,0
2014-09-01,3,3,0
2014-09-01,3,1,2
2014-09-01,6,6,0
2014-09-01,1,1,0
2014-09-01,0,0,0
2014-09-01,8,6,2
2014-09-01,3,3,0
2014-09-01,9,5,4
2014-09-01,5,2,3
2014-09-01,14,6,8
2014-09-01,42,21,21
2014-09-01,39,25,14
2014-09-01,40,32,8
2014-09-01,47,31,16
2014-09-01,49,33,16
2014-09-01,51,26,25
2014-09-01,68,36,32
2014-09-01,37,26,11
2014-09-01,35,24,11
2014-09-01,26,11,15
2014-09-01,15,8,7
2014-09-01,12,8,4
2014-09-01,8,6,2
2014-09-01,1,1,0
2014-09-02,5,5,0
2014-09-02,0,0,0
2014-09-02,0,0,0
2014-09-02,1,0,1
2014-09-02,3,3,0
2014-09-02,1,1,0
2014-09-02,10,7,3
2014-09-02,27,24,3
2014-09-02,40,22,18
2014-09-02,16,8,8
2014-09-02,28,18,10
2014-09-02,31,19,12
2014-09-02,50,32,18
2014-09-02,26,16,10
2014-09-02,41,30,11
2014-09-02,34,21,13
2014-09-02,37,26,11
2014-09-02,53,29,24
2014-09-02,53,36,17
2014-09-02,36,20,16
2014-09-02,28,17,11
2014-09-02,28,14,14
2014-09-02,13,12,1
2014-09-02,0,0,0
2014-09-03,0,0,0
2014-09-03,0,0,0
2014-09-03,0,0,0
2014-09-03,0,0,0
2014-09-03,1,0,1
2014-09-03,2,2,0
2014-09-03,11,9,2
2014-09-03,29,25,4
2014-09-03,33,16,17
2014-09-03,32,18,14
2014-09-03,16,9,7
2014-09-03,44,21,23
2014-09-03,36,16,20
2014-09-03,24,18,6
2014-09-03,41,25,16
2014-09-03,24,10,14
2014-09-03,39,24,15
2014-09-03,70,47,23
2014-09-03,47,25,22
2014-09-03,32,25,7
2014-09-03,48,41,7
2014-09-03,13,10,3
2014-09-03,17,17,0
2014-09-03,4,3,1
2014-09-04,0,0,0
2014-09-04,3,2,1
2014-09-04,0,0,0
2014-09-04,0,0,0
2014-09-04,2,2,0
2014-09-04,6,5,1
2014-09-04,5,3,2
2014-09-04,33,26,7
2014-09-04,40,31,9
2014-09-04,32,21,11
2014-09-04,26,19,7
2014-09-04,28,19,9
2014-09-04,51,31,20
2014-09-04,43,31,12
2014-09-04,39,32,7
2014-09-04,36,18,18
2014-09-04,39,24,15
2014-09-04,71,41,30
2014-09-04,34,18,16
2014-09-04,32,26,6
2014-09-04,14,12,2
2014-09-04,26,24,2
2014-09-04,13,12,1
2014-09-04,11,10,1
2014-09-05,1,1,0
2014-09-05,1,0,1
2014-09-05,0,0,0
2014-09-05,2,2,0
2014-09-05,0,0,0
2014-09-05,1,0,1
2014-09-05,3,2,1
2014-09-05,21,15,6
2014-09-05,38,26,12
2014-09-05,39,30,9
2014-09-05,33,15,18
2014-09-05,41,33,8
2014-09-05,44,27,17
2014-09-05,44,28,16
2014-09-05,38,27,11
2014-09-05,40,27,13
2014-09-05,28,16,12
2014-09-05,46,31,15
2014-09-05,49,31,18
2014-09-05,45,24,21
2014-09-05,31,24,7
2014-09-05,10,9,1
2014-09-05,5,4,1
2014-09-05,3,3,0
2014-09-06,4,4,0
2014-09-06,1,1,0
2014-09-06,1,0,1
2014-09-06,1,0,1
2014-09-06,0,0,0
2014-09-06,6,4,2
2014-09-06,1,1,0
2014-09-06,7,4,3
2014-09-06,16,12,4
2014-09-06,35,21,14
2014-09-06,41,29,12
2014-09-06,57,26,31
2014-09-06,73,54,19
2014-09-06,68,49,19
2014-09-06,48,32,16
2014-09-06,30,19,11
2014-09-06,49,34,15
2014-09-06,36,26,10
2014-09-06,35,23,12
2014-09-06,42,28,14
2014-09-06,15,12,3
2014-09-06,11,7,4
2014-09-06,17,12,5
2014-09-06,7,6,1
2014-09-07,8,6,2
2014-09-07,18,10,8
2014-09-07,5,3,2
2014-09-07,1,0,1
2014-09-07,4,2,2
2014-09-07,2,2,0
2014-09-07,3,3,0
2014-09-07,5,3,2
2014-09-07,14,5,9
2014-09-07,16,8,8
2014-09-07,57,36,21
2014-09-07,62,39,23
2014-09-07,61,42,19
2014-09-07,55,42,13
2014-09-07,54,33,21
2014-09-07,41,30,11
2014-09-07,37,23,14
2014-09-07,38,25,13
2014-09-07,45,28,17
2014-09-07,28,19,9
2014-09-07,19,16,3
2014-09-07,14,12,2
2014-09-07,12,9,3
2014-09-07,2,2,0
2014-09-08,2,1,1
2014-09-08,3,0,3
2014-09-08,3,0,3
2014-09-08,0,0,0
2014-09-08,0,0,0
2014-09-08,0,0,0
2014-09-08,11,4,7
2014-09-08,30,19,11
2014-09-08,37,18,19
2014-09-08,29,18,11
2014-09-08,24,14,10
2014-09-08,23,17,6
2014-09-08,18,9,9
2014-09-08,29,15,14
2014-09-08,15,9,6
2014-09-08,37,21,16
2014-09-08,58,47,11
2014-09-08,47,30,17
2014-09-08,45,29,16
2014-09-08,28,21,7
2014-09-08,18,12,6
2014-09-08,5,4,1
2014-09-08,10,7,3
2014-09-08,6,4,2
2014-09-09,3,2,1
2014-09-09,0,0,0
2014-09-09,0,0,0
2014-09-09,1,0,1
2014-09-09,1,0,1
2014-09-09,6,4,2
2014-09-09,14,7,7
2014-09-09,32,25,7
2014-09-09,67,48,19
2014-09-09,33,22,11
2014-09-09,26,20,6
2014-09-09,28,21,7
2014-09-09,27,23,4
2014-09-09,46,32,14
2014-09-09,56,36,20
2014-09-09,36,23,13
2014-09-09,60,47,13
2014-09-09,63,39,24
2014-09-09,42,31,11
2014-09-09,39,24,15
2014-09-09,28,18,10
2014-09-09,29,23,6
2014-09-09,3,2,1
2014-09-09,5,5,0
2014-09-10,3,2,1
2014-09-10,0,0,0
2014-09-10,0,0,0
2014-09-10,2,2,0
2014-09-10,2,2,0
2014-09-10,3,2,1
2014-09-10,11,10,1
2014-09-10,46,37,9
2014-09-10,53,39,14
2014-09-10,44,32,12
2014-09-10,25,18,7
2014-09-10,29,23,6
2014-09-10,39,27,12
2014-09-10,55,33,22
2014-09-10,36,29,7
2014-09-10,39,26,13
2014-09-10,41,30,11
2014-09-10,44,28,16
2014-09-10,70,53,17
2014-09-10,55,38,17
2014-09-10,30,24,6
2014-09-10,24,17,7
2014-09-10,11,10,1
2014-09-10,8,7,1
2014-09-11,0,0,0
2014-09-11,0,0,0
2014-09-11,0,0,0
2014-09-11,0,0,0
2014-09-11,3,2,1
2014-09-11,8,8,0
2014-09-11,20,16,4
2014-09-11,36,25,11
2014-09-11,27,16,11
2014-09-11,45,33,12
2014-09-11,32,26,6
2014-09-11,34,24,10
2014-09-11,44,30,14
2014-09-11,49,44,5
2014-09-11,45,31,14
2014-09-11,52,35,17
2014-09-11,47,29,18
2014-09-11,62,46,16
2014-09-11,48,32,16
2014-09-11,49,29,20
2014-09-11,36,23,13
2014-09-11,13,10,3
2014-09-11,6,6,0
2014-09-11,5,4,1
2014-09-12,2,1,1
2014-09-12,0,0,0
2014-09-12,0,0,0
2014-09-12,0,0,0
2014-09-12,0,0,0
2014-09-12,4,3,1
2014-09-12,3,2,1
2014-09-12,20,14,6
2014-09-12,32,21,11
2014-09-12,38,29,9
2014-09-12,51,19,32
2014-09-12,32,23,9
2014-09-12,39,25,14
2014-09-12,37,21,16
2014-09-12,66,58,8
2014-09-12,45,25,20
2014-09-12,52,35,17
2014-09-12,49,30,19
2014-09-12,45,33,12
2014-09-12,32,18,14
2014-09-12,27,16,11
2014-09-12,20,17,3
2014-09-12,14,12,2
2014-09-12,9,6,3
2014-09-13,8,2,6
2014-09-13,5,5,0
2014-09-13,2,0,2
2014-09-13,0,0,0
2014-09-13,1,0,1
2014-09-13,3,3,0
2014-09-13,2,2,0
2014-09-13,5,3,2
2014-09-13,18,11,7
2014-09-13,43,25,18
2014-09-13,26,10,16
2014-09-13,64,44,20
2014-09-13,40,20,20
2014-09-13,48,29,19
2014-09-13,39,28,11
2014-09-13,50,29,21
2014-09-13,33,28,5
2014-09-13,48,41,7
2014-09-13,40,24,16
2014-09-13,44,33,11
2014-09-13,26,17,9
2014-09-13,7,5,2
2014-09-13,14,9,5
2014-09-13,8,6,2
2014-09-14,4,3,1
2014-09-14,7,6,1
2014-09-14,1,1,0
2014-09-14,0,0,0
2014-09-14,2,2,0
2014-09-14,4,4,0
2014-09-14,4,4,0
2014-09-14,4,1,3
2014-09-14,16,9,7
2014-09-14,31,19,12
2014-09-14,42,24,18
2014-09-14,57,34,23
2014-09-14,65,45,20
2014-09-14,55,35,20
2014-09-14,39,27,12
2014-09-14,27,17,10
2014-09-14,34,15,19
2014-09-14,53,31,22
2014-09-14,28,17,11
2014-09-14,41,30,11
2014-09-14,21,17,4
2014-09-14,22,20,2
2014-09-14,2,2,0
2014-09-14,5,3,2
2014-09-15,2,2,0
2014-09-15,0,0,0
2014-09-15,1,0,1
2014-09-15,2,2,0
2014-09-15,2,2,0
2014-09-15,5,3,2
2014-09-15,9,6,3
2014-09-15,40,33,7
2014-09-15,16,9,7
2014-09-15,9,3,6
2014-09-15,6,3,3
2014-09-15,12,3,9
2014-09-15,11,3,8
2014-09-15,7,3,4
2014-09-15,21,14,7
2014-09-15,65,51,14
2014-09-15,43,31,12
2014-09-15,53,29,24
2014-09-15,46,30,16
2014-09-15,51,34,17
2014-09-15,27,27,0
2014-09-15,26,21,5
2014-09-15,16,12,4
2014-09-15,1,1,0
2014-09-16,0,0,0
2014-09-16,2,2,0
2014-09-16,2,2,0
2014-09-16,0,0,0
2014-09-16,0,0,0
2014-09-16,3,3,0
2014-09-16,15,12,3
2014-09-16,32,22,10
2014-09-16,32,24,8
2014-09-16,35,25,10
2014-09-16,31,23,8
2014-09-16,28,21,7
2014-09-16,28,22,6
2014-09-16,50,38,12
2014-09-16,35,28,7
2014-09-16,40,26,14
2014-09-16,41,32,9
2014-09-16,64,44,20
2014-09-16,49,35,14
2014-09-16,54,40,14
2014-09-16,30,23,7
2014-09-16,17,17,0
2014-09-16,10,6,4
2014-09-16,6,6,0
2014-09-17,3,2,1
2014-09-17,0,0,0
2014-09-17,0,0,0
2014-09-17,2,2,0
2014-09-17,0,0,0
2014-09-17,4,4,0
2014-09-17,20,18,2
2014-09-17,28,23,5
2014-09-17,44,33,11
2014-09-17,46,35,11
2014-09-17,22,17,5
2014-09-17,42,35,7
2014-09-17,48,34,14
2014-09-17,24,19,5
2014-09-17,48,39,9
2014-09-17,42,32,10
2014-09-17,46,36,10
2014-09-17,32,23,9
2014-09-17,64,43,21
2014-09-17,31,25,6
2014-09-17,32,28,4
2014-09-17,23,12,11
2014-09-17,12,12,0
2014-09-17,10,8,2
2014-09-18,6,6,0
2014-09-18,0,0,0
2014-09-18,0,0,0
2014-09-18,0,0,0
2014-09-18,0,0,0
2014-09-18,8,4,4
2014-09-18,9,5,4
2014-09-18,38,29,9
2014-09-18,34,21,13
2014-09-18,41,34,7
2014-09-18,33,30,3
2014-09-18,34,26,8
2014-09-18,35,25,10
2014-09-18,43,38,5
2014-09-18,32,26,6
2014-09-18,19,14,5
2014-09-18,30,22,8
2014-09-18,36,16,20
2014-09-18,55,40,15
2014-09-18,34,23,11
2014-09-18,37,29,8
2014-09-18,16,13,3
2014-09-18,6,6,0
2014-09-18,8,8,0
2014-09-19,2,2,0
2014-09-19,0,0,0
2014-09-19,0,0,0
2014-09-19,3,3,0
2014-09-19,3,3,0
2014-09-19,4,4,0
2014-09-19,12,8,4
2014-09-19,27,22,5
2014-09-19,45,27,18
2014-09-19,34,26,8
2014-09-19,38,23,15
2014-09-19,46,38,8
2014-09-19,57,44,13
2014-09-19,43,35,8
2014-09-19,47,40,7
2014-09-19,30,26,4
2014-09-19,59,45,14
2014-09-19,61,44,17
2014-09-19,43,29,14
2014-09-19,43,27,16
2014-09-19,25,19,6
2014-09-19,32,25,7
2014-09-19,8,6,2
2014-09-19,10,9,1
2014-09-20,6,6,0
2014-09-20,7,4,3
2014-09-20,0,0,0
2014-09-20,0,0,0
2014-09-20,1,1,0
2014-09-20,7,6,1
2014-09-20,10,8,2
2014-09-20,9,8,1
2014-09-20,21,17,4
2014-09-20,46,38,8
2014-09-20,42,27,15
2014-09-20,64,40,24
2014-09-20,52,34,18
2014-09-20,60,45,15
2014-09-20,38,27,11
2014-09-20,58,40,18
2014-09-20,41,29,12
2014-09-20,43,31,12
2014-09-20,41,32,9
2014-09-20,42,34,8
2014-09-20,25,24,1
2014-09-20,24,19,5
2014-09-20,11,9,2
2014-09-20,5,5,0
2014-09-21,7,5,2
2014-09-21,3,2,1
2014-09-21,3,3,0
2014-09-21,3,3,0
2014-09-21,1,0,1
2014-09-21,3,2,1
2014-09-21,0,0,0
2014-09-21,4,4,0
2014-09-21,10,4,6
2014-09-21,22,17,5
2014-09-21,56,41,15
2014-09-21,42,23,19
2014-09-21,73,51,22
2014-09-21,59,38,21
2014-09-21,54,39,15
2014-09-21,30,22,8
2014-09-21,31,20,11
2014-09-21,45,30,15
2014-09-21,47,34,13
2014-09-21,27,23,4
2014-09-21,9,7,2
2014-09-21,9,6,3
2014-09-21,6,5,1
2014-09-21,3,3,0
2014-09-22,3,2,1
2014-09-22,0,0,0
2014-09-22,0,0,0
2014-09-22,0,0,0
2014-09-22,0,0,0
2014-09-22,4,2,2
2014-09-22,7,6,1
2014-09-22,30,22,8
2014-09-22,33,25,8
2014-09-22,38,28,10
2014-09-22,34,26,8
2014-09-22,44,28,16
2014-09-22,40,24,16
2014-09-22,41,29,12
2014-09-22,30,22,8
2014-09-22,39,30,9
2014-09-22,41,32,9
2014-09-22,63,47,16
2014-09-22,47,27,20
2014-09-22,18,9,9
2014-09-22,9,7,2
2014-09-22,13,13,0
2014-09-22,7,7,0
2014-09-22,5,4,1
2014-09-23,1,1,0
2014-09-23,2,0,2
2014-09-23,0,0,0
2014-09-23,0,0,0
2014-09-23,0,0,0
2014-09-23,2,2,0
2014-09-23,16,15,1
2014-09-23,32,24,8
2014-09-23,43,37,6
2014-09-23,50,43,7
2014-09-23,33,27,6
2014-09-23,30,23,7
2014-09-23,39,33,6
2014-09-23,36,24,12
2014-09-23,46,36,10
2014-09-23,42,25,17
2014-09-23,39,28,11
2014-09-23,36,24,12
2014-09-23,28,17,11
2014-09-23,17,15,2
2014-09-23,11,9,2
2014-09-23,14,12,2
2014-09-23,12,12,0
2014-09-23,0,0,0
2014-09-24,3,1,2
2014-09-24,1,1,0
2014-09-24,2,2,0
2014-09-24,0,0,0
2014-09-24,0,0,0
2014-09-24,5,5,0
2014-09-24,12,5,7
2014-09-24,32,23,9
2014-09-24,40,29,11
2014-09-24,41,36,5
2014-09-24,34,32,2
2014-09-24,39,29,10
2014-09-24,30,21,9
2014-09-24,50,31,19
2014-09-24,32,25,7
2014-09-24,31,25,6
2014-09-24,37,30,7
2014-09-24,38,30,8
2014-09-24,64,48,16
2014-09-24,36,31,5
2014-09-24,23,16,7
2014-09-24,10,10,0
2014-09-24,9,8,1
2014-09-24,2,2,0
2014-09-25,1,0,1
2014-09-25,5,3,2
2014-09-25,0,0,0
2014-09-25,0,0,0
2014-09-25,2,2,0
2014-09-25,4,4,0
2014-09-25,18,15,3
2014-09-25,37,31,6
2014-09-25,34,25,9
2014-09-25,44,37,7
2014-09-25,35,30,5
2014-09-25,36,30,6
2014-09-25,32,17,15
2014-09-25,25,16,9
2014-09-25,34,22,12
2014-09-25,31,23,8
2014-09-25,54,46,8
2014-09-25,57,38,19
2014-09-25,64,39,25
2014-09-25,29,14,15
2014-09-25,16,14,2
2014-09-25,10,9,1
2014-09-25,17,13,4
2014-09-25,5,5,0
2014-09-26,4,4,0
2014-09-26,2,2,0
2014-09-26,1,0,1
2014-09-26,0,0,0
2014-09-26,1,1,0
2014-09-26,4,3,1
2014-09-26,13,8,5
2014-09-26,32,23,9
2014-09-26,37,30,7
2014-09-26,60,51,9
2014-09-26,25,16,9
2014-09-26,38,30,8
2014-09-26,49,34,15
2014-09-26,41,35,6
2014-09-26,32,23,9
2014-09-26,42,34,8
2014-09-26,50,31,19
2014-09-26,43,31,12
2014-09-26,57,47,10
2014-09-26,28,24,4
2014-09-26,31,23,8
2014-09-26,19,14,5
2014-09-26,16,13,3
2014-09-26,9,5,4
2014-09-27,10,6,4
2014-09-27,4,4,0
2014-09-27,4,4,0
2014-09-27,0,0,0
2014-09-27,2,2,0
2014-09-27,0,0,0
2014-09-27,8,6,2
2014-09-27,3,1,2
2014-09-27,13,8,5
2014-09-27,25,16,9
2014-09-27,46,25,21
2014-09-27,54,36,18
2014-09-27,61,45,16
2014-09-27,53,31,22
2014-09-27,49,29,20
2014-09-27,52,34,18
2014-09-27,60,39,21
2014-09-27,63,50,13
2014-09-27,38,27,11
2014-09-27,62,58,4
2014-09-27,29,27,2
2014-09-27,26,22,4
2014-09-27,8,8,0
2014-09-27,14,13,1
2014-09-28,5,5,0
2014-09-28,4,4,0
2014-09-28,7,7,0
2014-09-28,2,2,0
2014-09-28,1,0,1
2014-09-28,0,0,0
2014-09-28,0,0,0
2014-09-28,7,4,3
2014-09-28,24,16,8
2014-09-28,70,54,16
2014-09-28,109,83,26
2014-09-28,106,87,19
2014-09-28,149,105,44
2014-09-28,149,113,36
2014-09-28,173,147,26
2014-09-28,117,93,24
2014-09-28,101,79,22
2014-09-28,93,70,23
2014-09-28,54,43,11
2014-09-28,35,31,4
2014-09-28,13,13,0
2014-09-28,14,14,0
2014-09-28,6,6,0
2014-09-28,6,6,0
2014-09-29,2,2,0
2014-09-29,0,0,0
2014-09-29,0,0,0
2014-09-29,0,0,0
2014-09-29,2,1,1
2014-09-29,2,2,0
2014-09-29,11,10,1
2014-09-29,43,32,11
2014-09-29,57,45,12
2014-09-29,37,31,6
2014-09-29,31,20,11
2014-09-29,32,25,7
2014-09-29,40,32,8
2014-09-29,35,29,6
2014-09-29,23,16,7
2014-09-29,36,22,14
2014-09-29,39,34,5
2014-09-29,29,18,11
2014-09-29,38,26,12
2014-09-29,18,14,4
2014-09-29,29,24,5
2014-09-29,12,10,2
2014-09-29,2,1,1
2014-09-29,4,4,0
2014-09-30,2,2,0
2014-09-30,0,0,0
2014-09-30,0,0,0
2014-09-30,0,0,0
2014-09-30,2,2,0
2014-09-30,1,0,1
2014-09-30,10,5,5
2014-09-30,38,32,6
2014-09-30,48,36,12
2014-09-30,30,15,15
2014-09-30,44,31,13
2014-09-30,28,21,7
2014-09-30,41,28,13
2014-09-30,37,27,10
2014-09-30,47,43,4
2014-09-30,40,27,13
2014-09-30,41,26,15
2014-09-30,41,31,10
2014-09-30,39,24,15
2014-09-30,28,15,13
2014-09-30,23,18,5
2014-09-30,12,10,2
2014-09-30,4,4,0
2014-09-30,0,0,0
2014-10-01,2,1,1
2014-10-01,0,0,0
2014-10-01,0,0,0
2014-10-01,0,0,0
2014-10-01,0,0,0
2014-10-01,3,2,1
2014-10-01,15,12,3
2014-10-01,41,32,9
2014-10-01,50,32,18
2014-10-01,28,23,5
2014-10-01,28,20,8
2014-10-01,42,35,7
2014-10-01,28,20,8
2014-10-01,31,19,12
2014-10-01,44,29,15
2014-10-01,46,33,13
2014-10-01,55,44,11
2014-10-01,57,45,12
2014-10-01,26,20,6
2014-10-01,34,24,10
2014-10-01,17,15,2
2014-10-01,13,10,3
2014-10-01,14,11,3
2014-10-01,10,10,0
2014-10-02,4,4,0
2014-10-02,0,0,0
2014-10-02,0,0,0
2014-10-02,0,0,0
2014-10-02,0,0,0
2014-10-02,4,3,1
2014-10-02,14,13,1
2014-10-02,30,24,6
2014-10-02,43,34,9
2014-10-02,51,42,9
2014-10-02,38,29,9
2014-10-02,43,25,18
2014-10-02,37,23,14
2014-10-02,32,23,9
2014-10-02,36,30,6
2014-10-02,35,28,7
2014-10-02,47,32,15
2014-10-02,51,33,18
2014-10-02,39,21,18
2014-10-02,38,29,9
2014-10-02,20,11,9
2014-10-02,15,13,2
2014-10-02,12,9,3
2014-10-02,7,6,1
2014-10-03,4,3,1
2014-10-03,2,2,0
2014-10-03,1,1,0
2014-10-03,3,2,1
2014-10-03,0,0,0
2014-10-03,0,0,0
2014-10-03,6,5,1
2014-10-03,25,19,6
2014-10-03,28,18,10
2014-10-03,36,25,11
2014-10-03,39,26,13
2014-10-03,35,29,6
2014-10-03,64,50,14
2014-10-03,53,34,19
2014-10-03,51,33,18
2014-10-03,51,39,12
2014-10-03,48,36,12
2014-10-03,70,48,22
2014-10-03,69,52,17
2014-10-03,57,43,14
2014-10-03,20,17,3
2014-10-03,16,13,3
2014-10-03,8,7,1
2014-10-03,12,11,1
2014-10-04,0,0,0
2014-10-04,0,0,0
2014-10-04,2,1,1
2014-10-04,5,5,0
2014-10-04,0,0,0
2014-10-04,3,3,0
2014-10-04,7,6,1
2014-10-04,7,5,2
2014-10-04,12,9,3
2014-10-04,45,40,5
2014-10-04,30,20,10
2014-10-04,48,28,20
2014-10-04,57,34,23
2014-10-04,78,56,22
2014-10-04,62,43,19
2014-10-04,57,46,11
2014-10-04,75,52,23
2014-10-04,49,23,26
2014-10-04,55,30,25
2014-10-04,51,41,10
2014-10-04,40,25,15
2014-10-04,32,18,14
2014-10-04,9,6,3
2014-10-04,4,3,1
2014-10-05,9,9,0
2014-10-05,7,6,1
2014-10-05,6,4,2
2014-10-05,0,0,0
2014-10-05,0,0,0
2014-10-05,2,2,0
2014-10-05,0,0,0
2014-10-05,3,2,1
2014-10-05,24,19,5
2014-10-05,25,19,6
2014-10-05,48,30,18
2014-10-05,39,16,23
2014-10-05,76,47,29
2014-10-05,66,45,21
2014-10-05,60,36,24
2014-10-05,54,37,17
2014-10-05,51,37,14
2014-10-05,40,30,10
2014-10-05,33,24,9
2014-10-05,22,15,7
2014-10-05,20,17,3
2014-10-05,8,7,1
2014-10-05,4,2,2
2014-10-05,5,4,1
2014-10-06,0,0,0
2014-10-06,0,0,0
2014-10-06,0,0,0
2014-10-06,2,2,0
2014-10-06,0,0,0
2014-10-06,0,0,0
2014-10-06,15,10,5
2014-10-06,28,19,9
2014-10-06,34,29,5
2014-10-06,25,14,11
2014-10-06,23,20,3
2014-10-06,35,25,10
2014-10-06,28,16,12
2014-10-06,29,19,10
2014-10-06,54,44,10
2014-10-06,51,41,10
2014-10-06,40,21,19
2014-10-06,59,41,18
2014-10-06,42,33,9
2014-10-06,25,20,5
2014-10-06,17,15,2
2014-10-06,17,11,6
2014-10-06,4,4,0
2014-10-06,5,4,1
2014-10-07,0,0,0
2014-10-07,3,2,1
2014-10-07,2,1,1
2014-10-07,2,2,0
2014-10-07,2,2,0
2014-10-07,2,2,0
2014-10-07,10,6,4
2014-10-07,39,30,9
2014-10-07,52,46,6
2014-10-07,26,17,9
2014-10-07,30,24,6
2014-10-07,50,39,11
2014-10-07,38,26,12
2014-10-07,27,25,2
2014-10-07,40,28,12
2014-10-07,24,15,9
2014-10-07,33,28,5
2014-10-07,59,41,18
2014-10-07,37,20,17
2014-10-07,42,28,14
2014-10-07,17,16,1
2014-10-07,14,11,3
2014-10-07,8,6,2
2014-10-07,4,4,0
2014-10-08,1,0,1
2014-10-08,2,2,0
2014-10-08,0,0,0
2014-10-08,0,0,0
2014-10-08,0,0,0
2014-10-08,4,3,1
2014-10-08,10,7,3
2014-10-08,32,26,6
2014-10-08,43,36,7
2014-10-08,32,27,5
2014-10-08,28,21,7
2014-10-08,39,26,13
2014-10-08,42,32,10
2014-10-08,46,35,11
2014-10-08,25,13,12
2014-10-08,39,32,7
2014-10-08,35,30,5
2014-10-08,53,35,18
2014-10-08,55,37,18
2014-10-08,45,38,7
2014-10-08,17,12,5
2014-10-08,11,11,0
2014-10-08,9,6,3
2014-10-08,4,4,0
2014-10-09,4,4,0
2014-10-09,3,3,0
2014-10-09,0,0,0
2014-10-09,1,0,1
2014-10-09,0,0,0
2014-10-09,9,7,2
2014-10-09,16,14,2
2014-10-09,38,32,6
2014-10-09,24,19,5
2014-10-09,24,20,4
2014-10-09,37,23,14
2014-10-09,30,19,11
2014-10-09,43,27,16
2014-10-09,35,20,15
2014-10-09,40,26,14
2014-10-09,33,24,9
2014-10-09,37,27,10
2014-10-09,41,32,9
2014-10-09,49,36,13
2014-10-09,33,24,9
2014-10-09,23,15,8
2014-10-09,13,10,3
2014-10-09,13,10,3
2014-10-09,15,14,1
2014-10-10,6,6,0
2014-10-10,3,3,0
2014-10-10,4,4,0
2014-10-10,2,0,2
2014-10-10,0,0,0
2014-10-10,3,2,1
2014-10-10,7,3,4
2014-10-10,20,17,3
2014-10-10,44,35,9
2014-10-10,37,34,3
2014-10-10,43,31,12
2014-10-10,52,40,12
2014-10-10,67,40,27
2014-10-10,47,33,14
2014-10-10,40,30,10
2014-10-10,30,18,12
2014-10-10,50,39,11
2014-10-10,64,51,13
2014-10-10,51,33,18
2014-10-10,33,26,7
2014-10-10,20,17,3
2014-10-10,7,6,1
2014-10-10,12,10,2
2014-10-10,8,7,1
2014-10-11,7,5,2
2014-10-11,1,0,1
2014-10-11,4,4,0
2014-10-11,1,0,1
2014-10-11,3,3,0
2014-10-11,3,3,0
2014-10-11,5,5,0
2014-10-11,8,7,1
2014-10-11,16,13,3
2014-10-11,43,28,15
2014-10-11,50,32,18
2014-10-11,67,43,24
2014-10-11,61,42,19
2014-10-11,55,38,17
2014-10-11,70,53,17
2014-10-11,54,37,17
2014-10-11,27,24,3
2014-10-11,55,42,13
2014-10-11,54,40,14
2014-10-11,39,27,12
2014-10-11,20,14,6
2014-10-11,23,12,11
2014-10-11,16,11,5
2014-10-11,18,15,3
2014-10-12,9,9,0
2014-10-12,10,10,0
2014-10-12,4,4,0
2014-10-12,0,0,0
2014-10-12,0,0,0
2014-10-12,0,0,0
2014-10-12,5,5,0
2014-10-12,4,3,1
2014-10-12,15,9,6
2014-10-12,26,17,9
2014-10-12,43,26,17
2014-10-12,61,49,12
2014-10-12,65,50,15
2014-10-12,53,41,12
2014-10-12,44,32,12
2014-10-12,38,28,10
2014-10-12,33,28,5
2014-10-12,40,26,14
2014-10-12,27,21,6
2014-10-12,22,19,3
2014-10-12,17,14,3
2014-10-12,12,7,5
2014-10-12,9,6,3
2014-10-12,2,2,0
2014-10-13,4,4,0
2014-10-13,2,2,0
2014-10-13,4,4,0
2014-10-13,2,2,0
2014-10-13,0,0,0
2014-10-13,1,0,1
2014-10-13,16,13,3
2014-10-13,30,23,7
2014-10-13,38,24,14
2014-10-13,23,12,11
2014-10-13,28,23,5
2014-10-13,32,24,8
2014-10-13,48,31,17
2014-10-13,40,23,17
2014-10-13,45,35,10
2014-10-13,44,29,15
2014-10-13,37,30,7
2014-10-13,63,35,28
2014-10-13,32,18,14
2014-10-13,38,30,8
2014-10-13,13,12,1
2014-10-13,16,15,1
2014-10-13,14,12,2
2014-10-13,4,4,0
2014-10-14,2,2,0
2014-10-14,1,0,1
2014-10-14,6,6,0
2014-10-14,0,0,0
2014-10-14,0,0,0
2014-10-14,1,0,1
2014-10-14,13,8,5
2014-10-14,38,28,10
2014-10-14,40,27,13
2014-10-14,47,27,20
2014-10-14,21,12,9
2014-10-14,24,13,11
2014-10-14,44,27,17
2014-10-14,33,21,12
2014-10-14,39,27,12
2014-10-14,31,19,12
2014-10-14,28,14,14
2014-10-14,52,34,18
2014-10-14,47,31,16
2014-10-14,32,24,8
2014-10-14,26,13,13
2014-10-14,5,4,1
2014-10-14,14,12,2
2014-10-14,5,4,1
2014-10-15,2,1,1
2014-10-15,0,0,0
2014-10-15,5,2,3
2014-10-15,1,0,1
2014-10-15,0,0,0
2014-10-15,3,2,1
2014-10-15,12,10,2
2014-10-15,24,22,2
2014-10-15,56,39,17
2014-10-15,49,36,13
2014-10-15,40,35,5
2014-10-15,35,29,6
2014-10-15,41,22,19
2014-10-15,43,33,10
2014-10-15,48,33,15
2014-10-15,41,32,9
2014-10-15,44,33,11
2014-10-15,38,26,12
2014-10-15,40,22,18
2014-10-15,28,18,10
2014-10-15,15,8,7
2014-10-15,10,5,5
2014-10-15,1,1,0
2014-10-15,7,5,2
2014-10-16,5,5,0
2014-10-16,1,1,0
2014-10-16,0,0,0
2014-10-16,0,0,0
2014-10-16,2,2,0
2014-10-16,2,2,0
2014-10-16,17,15,2
2014-10-16,24,19,5
2014-10-16,42,28,14
2014-10-16,17,13,4
2014-10-16,30,17,13
2014-10-16,36,27,9
2014-10-16,44,32,12
2014-10-16,53,33,20
2014-10-16,36,18,18
2014-10-16,44,24,20
2014-10-16,47,33,14
2014-10-16,48,33,15
2014-10-16,58,46,12
2014-10-16,56,41,15
2014-10-16,29,21,8
2014-10-16,12,10,2
2014-10-16,8,8,0
2014-10-16,3,3,0
2014-10-17,7,5,2
2014-10-17,0,0,0
2014-10-17,4,2,2
2014-10-17,3,2,1
2014-10-17,0,0,0
2014-10-17,7,4,3
2014-10-17,17,15,2
2014-10-17,20,12,8
2014-10-17,29,22,7
2014-10-17,50,42,8
2014-10-17,34,26,8
2014-10-17,42,37,5
2014-10-17,27,19,8
2014-10-17,46,36,10
2014-10-17,55,42,13
2014-10-17,30,21,9
2014-10-17,47,34,13
2014-10-17,54,37,17
2014-10-17,68,40,28
2014-10-17,35,27,8
2014-10-17,38,31,7
2014-10-17,23,17,6
2014-10-17,5,5,0
2014-10-17,3,3,0
2014-10-18,4,4,0
2014-10-18,1,1,0
2014-10-18,3,2,1
2014-10-18,0,0,0
2014-10-18,0,0,0
2014-10-18,4,4,0
2014-10-18,4,4,0
2014-10-18,12,11,1
2014-10-18,20,15,5
2014-10-18,47,38,9
2014-10-18,64,44,20
2014-10-18,85,54,31
2014-10-18,85,57,28
2014-10-18,58,40,18
2014-10-18,49,31,18
2014-10-18,57,35,22
2014-10-18,48,37,11
2014-10-18,68,48,20
2014-10-18,56,43,13
2014-10-18,19,15,4
2014-10-18,33,23,10
2014-10-18,19,14,5
2014-10-18,14,9,5
2014-10-18,7,6,1
2014-10-19,2,1,1
2014-10-19,2,2,0
2014-10-19,3,3,0
2014-10-19,0,0,0
2014-10-19,0,0,0
2014-10-19,4,4,0
2014-10-19,6,6,0
2014-10-19,7,4,3
2014-10-19,12,2,10
2014-10-19,29,22,7
2014-10-19,48,31,17
2014-10-19,54,41,13
2014-10-19,68,48,20
2014-10-19,95,63,32
2014-10-19,67,48,19
2014-10-19,51,37,14
2014-10-19,34,18,16
2014-10-19,45,33,12
2014-10-19,35,26,9
2014-10-19,17,12,5
2014-10-19,16,11,5
2014-10-19,8,8,0
2014-10-19,2,2,0
2014-10-19,5,3,2
2014-10-20,0,0,0
2014-10-20,5,5,0
2014-10-20,2,0,2
2014-10-20,0,0,0
2014-10-20,0,0,0
2014-10-20,1,0,1
2014-10-20,11,7,4
2014-10-20,20,11,9
2014-10-20,17,10,7
2014-10-20,31,21,10
2014-10-20,18,14,4
2014-10-20,33,21,12
2014-10-20,44,27,17
2014-10-20,33,25,8
2014-10-20,46,36,10
2014-10-20,61,47,14
2014-10-20,43,24,19
2014-10-20,37,20,17
2014-10-20,44,25,19
2014-10-20,44,31,13
2014-10-20,21,15,6
2014-10-20,8,8,0
2014-10-20,19,15,4
2014-10-20,6,6,0
2014-10-21,0,0,0
2014-10-21,1,0,1
2014-10-21,0,0,0
2014-10-21,0,0,0
2014-10-21,3,2,1
2014-10-21,3,2,1
2014-10-21,7,5,2
2014-10-21,24,21,3
2014-10-21,41,30,11
2014-10-21,35,31,4
2014-10-21,29,14,15
2014-10-21,45,34,11
2014-10-21,53,35,18
2014-10-21,37,28,9
2014-10-21,54,32,22
2014-10-21,45,37,8
2014-10-21,54,36,18
2014-10-21,51,34,17
2014-10-21,48,36,12
2014-10-21,28,27,1
2014-10-21,17,16,1
2014-10-21,14,11,3
2014-10-21,12,8,4
2014-10-21,8,2,6
2014-10-22,2,1,1
2014-10-22,1,1,0
2014-10-22,0,0,0
2014-10-22,0,0,0
2014-10-22,0,0,0
2014-10-22,1,1,0
2014-10-22,15,9,6
2014-10-22,25,15,10
2014-10-22,51,40,11
2014-10-22,55,42,13
2014-10-22,36,21,15
2014-10-22,40,30,10
2014-10-22,58,32,26
2014-10-22,34,27,7
2014-10-22,32,27,5
2014-10-22,55,35,20
2014-10-22,51,33,18
2014-10-22,59,41,18
2014-10-22,43,30,13
2014-10-22,34,21,13
2014-10-22,22,10,12
2014-10-22,16,10,6
2014-10-22,10,6,4
2014-10-22,10,10,0
2014-10-23,2,2,0
2014-10-23,0,0,0
2014-10-23,0,0,0
2014-10-23,0,0,0
2014-10-23,3,0,3
2014-10-23,0,0,0
2014-10-23,27,16,11
2014-10-23,28,25,3
2014-10-23,33,28,5
2014-10-23,26,25,1
2014-10-23,44,23,21
2014-10-23,49,35,14
2014-10-23,62,45,17
2014-10-23,23,18,5
2014-10-23,55,43,12
2014-10-23,34,27,7
2014-10-23,39,28,11
2014-10-23,53,35,18
2014-10-23,39,31,8
2014-10-23,41,33,8
2014-10-23,27,27,0
2014-10-23,14,12,2
2014-10-23,12,9,3
2014-10-23,2,2,0
2014-10-24,3,3,0
2014-10-24,8,6,2
2014-10-24,3,3,0
2014-10-24,0,0,0
2014-10-24,0,0,0
2014-10-24,4,3,1
2014-10-24,11,10,1
2014-10-24,30,25,5
2014-10-24,50,33,17
2014-10-24,66,57,9
2014-10-24,56,45,11
2014-10-24,68,50,18
2014-10-24,96,65,31
2014-10-24,71,49,22
2014-10-24,88,64,24
2014-10-24,62,45,17
2014-10-24,65,50,15
2014-10-24,47,33,14
2014-10-24,70,47,23
2014-10-24,42,36,6
2014-10-24,24,20,4
2014-10-24,23,15,8
2014-10-24,11,6,5
2014-10-24,11,10,1
2014-10-25,7,7,0
2014-10-25,9,9,0
2014-10-25,1,1,0
2014-10-25,4,2,2
2014-10-25,0,0,0
2014-10-25,2,2,0
2014-10-25,4,2,2
2014-10-25,9,6,3
2014-10-25,16,12,4
2014-10-25,35,24,11
2014-10-25,41,19,22
2014-10-25,56,34,22
2014-10-25,84,56,28
2014-10-25,67,44,23
2014-10-25,79,40,39
2014-10-25,48,27,21
2014-10-25,75,53,22
2014-10-25,47,18,29
2014-10-25,88,57,31
2014-10-25,29,15,14
2014-10-25,25,21,4
2014-10-25,20,13,7
2014-10-25,10,10,0
2014-10-25,7,6,1
2014-10-26,14,8,6
2014-10-26,6,6,0
2014-10-26,4,4,0
2014-10-26,2,2,0
2014-10-26,0,0,0
2014-10-26,2,2,0
2014-10-26,3,2,1
2014-10-26,5,5,0
2014-10-26,16,12,4
2014-10-26,29,24,5
2014-10-26,62,44,18
2014-10-26,54,36,18
2014-10-26,58,25,33
2014-10-26,76,50,26
2014-10-26,68,47,21
2014-10-26,44,30,14
2014-10-26,41,30,11
2014-10-26,36,29,7
2014-10-26,40,36,4
2014-10-26,16,14,2
2014-10-26,17,17,0
2014-10-26,12,11,1
2014-10-26,1,0,1
2014-10-26,7,7,0
2014-10-27,0,0,0
2014-10-27,1,1,0
2014-10-27,4,4,0
2014-10-27,0,0,0
2014-10-27,0,0,0
2014-10-27,2,2,0
2014-10-27,16,11,5
2014-10-27,31,22,9
2014-10-27,28,15,13
2014-10-27,50,41,9
2014-10-27,69,53,16
2014-10-27,56,35,21
2014-10-27,92,62,30
2014-10-27,70,58,12
2014-10-27,67,48,19
2014-10-27,61,37,24
2014-10-27,96,69,27
2014-10-27,108,74,34
2014-10-27,86,53,33
2014-10-27,40,31,9
2014-10-27,38,24,14
2014-10-27,27,22,5
2014-10-27,13,12,1
2014-10-27,4,4,0
2014-10-28,2,2,0
2014-10-28,0,0,0
2014-10-28,0,0,0
2014-10-28,0,0,0
2014-10-28,2,2,0
2014-10-28,5,5,0
2014-10-28,20,11,9
2014-10-28,25,23,2
2014-10-28,58,39,19
2014-10-28,41,30,11
2014-10-28,57,28,29
2014-10-28,58,38,20
2014-10-28,66,50,16
2014-10-28,78,54,24
2014-10-28,67,45,22
2014-10-28,54,43,11
2014-10-28,110,76,34
2014-10-28,73,41,32
2014-10-28,88,56,32
2014-10-28,42,29,13
2014-10-28,18,17,1
2014-10-28,12,12,0
2014-10-28,11,8,3
2014-10-28,5,4,1
2014-10-29,0,0,0
2014-10-29,5,4,1
2014-10-29,2,2,0
2014-10-29,0,0,0
2014-10-29,0,0,0
2014-10-29,6,4,2
2014-10-29,23,16,7
2014-10-29,32,22,10
2014-10-29,68,49,19
2014-10-29,54,40,14
2014-10-29,53,41,12
2014-10-29,46,31,15
2014-10-29,71,56,15
2014-10-29,60,29,31
2014-10-29,75,50,25
2014-10-29,78,51,27
2014-10-29,77,47,30
2014-10-29,80,40,40
2014-10-29,131,91,40
2014-10-29,49,33,16
2014-10-29,32,18,14
2014-10-29,18,13,5
2014-10-29,12,10,2
2014-10-29,7,4,3
2014-10-30,2,2,0
2014-10-30,1,1,0
2014-10-30,4,4,0
2014-10-30,1,1,0
2014-10-30,0,0,0
2014-10-30,1,0,1
2014-10-30,14,13,1
2014-10-30,55,51,4
2014-10-30,38,29,9
2014-10-30,66,44,22
2014-10-30,59,43,16
2014-10-30,68,43,25
2014-10-30,56,41,15
2014-10-30,70,41,29
2014-10-30,86,50,36
2014-10-30,73,46,27
2014-10-30,81,51,30
2014-10-30,117,72,45
2014-10-30,105,64,41
2014-10-30,63,34,29
2014-10-30,40,32,8
2014-10-30,23,17,6
2014-10-30,12,10,2
2014-10-30,11,8,3
2014-10-31,3,1,2
2014-10-31,4,4,0
2014-10-31,2,2,0
2014-10-31,0,0,0
2014-10-31,2,2,0
2014-10-31,4,0,4
2014-10-31,18,14,4
2014-10-31,22,14,8
2014-10-31,47,36,11
2014-10-31,53,30,23
2014-10-31,48,23,25
2014-10-31,59,40,19
2014-10-31,88,54,34
2014-10-31,62,41,21
2014-10-31,55,37,18
2014-10-31,61,39,22
2014-10-31,127,84,43
2014-10-31,80,58,22
2014-10-31,47,23,24
2014-10-31,49,35,14
2014-10-31,29,21,8
2014-10-31,21,12,9
2014-10-31,17,10,7
2014-10-31,9,6,3
2014-11-01,7,5,2
2014-11-01,5,5,0
2014-11-01,6,5,1
2014-11-01,3,2,1
2014-11-01,4,4,0
2014-11-01,4,2,2
2014-11-01,6,5,1
2014-11-01,3,2,1
2014-11-01,13,10,3
2014-11-01,38,31,7
2014-11-01,52,30,22
2014-11-01,70,54,16
2014-11-01,63,43,20
2014-11-01,50,29,21
2014-11-01,71,45,26
2014-11-01,42,19,23
2014-11-01,48,38,10
2014-11-01,51,31,20
2014-11-01,44,30,14
2014-11-01,32,26,6
2014-11-01,22,15,7
2014-11-01,25,19,6
2014-11-01,9,7,2
2014-11-01,4,3,1
2014-11-02,2,0,2
2014-11-02,11,10,1
2014-11-02,0,0,0
2014-11-02,3,2,1
2014-11-02,0,0,0
2014-11-02,0,0,0
2014-11-02,7,4,3
2014-11-02,9,6,3
2014-11-02,13,7,6
2014-11-02,44,30,14
2014-11-02,62,37,25
2014-11-02,62,31,31
2014-11-02,79,56,23
2014-11-02,69,41,28
2014-11-02,64,43,21
2014-11-02,39,28,11
2014-11-02,38,21,17
2014-11-02,45,30,15
2014-11-02,18,12,6
2014-11-02,20,15,5
2014-11-02,10,5,5
2014-11-02,13,10,3
2014-11-02,3,2,1
2014-11-02,1,0,1
2014-11-03,3,2,1
2014-11-03,0,0,0
2014-11-03,0,0,0
2014-11-03,2,2,0
2014-11-03,6,4,2
2014-11-03,5,4,1
2014-11-03,18,12,6
2014-11-03,34,24,10
2014-11-03,35,19,16
2014-11-03,42,31,11
2014-11-03,39,25,14
2014-11-03,65,38,27
2014-11-03,56,43,13
2014-11-03,43,23,20
2014-11-03,25,17,8
2014-11-03,39,29,10
2014-11-03,42,25,17
2014-11-03,45,35,10
2014-11-03,31,22,9
2014-11-03,25,19,6
2014-11-03,6,6,0
2014-11-03,12,9,3
2014-11-03,2,2,0
2014-11-03,5,3,2
2014-11-04,3,3,0
2014-11-04,4,4,0
2014-11-04,0,0,0
2014-11-04,0,0,0
2014-11-04,3,2,1
2014-11-04,9,8,1
2014-11-04,19,13,6
2014-11-04,32,18,14
2014-11-04,53,36,17
2014-11-04,61,37,24
2014-11-04,53,37,16
2014-11-04,44,32,12
2014-11-04,52,31,21
2014-11-04,52,31,21
2014-11-04,53,32,21
2014-11-04,36,25,11
2014-11-04,65,44,21
2014-11-04,89,58,31
2014-11-04,165,99,66
2014-11-04,131,84,47
2014-11-04,22,18,4
2014-11-04,10,9,1
2014-11-04,8,6,2
2014-11-04,3,2,1
2014-11-05,0,0,0
2014-11-05,2,2,0
2014-11-05,0,0,0
2014-11-05,2,2,0
2014-11-05,2,2,0
2014-11-05,1,0,1
2014-11-05,13,10,3
2014-11-05,30,26,4
2014-11-05,40,24,16
2014-11-05,47,33,14
2014-11-05,45,40,5
2014-11-05,41,29,12
2014-11-05,26,18,8
2014-11-05,13,5,8
2014-11-05,28,18,10
2014-11-05,37,25,12
2014-11-05,27,21,6
2014-11-05,35,20,15
2014-11-05,45,29,16
2014-11-05,30,21,9
2014-11-05,18,16,2
2014-11-05,16,14,2
2014-11-05,10,8,2
2014-11-05,6,6,0
2014-11-06,5,2,3
2014-11-06,1,0,1
2014-11-06,0,0,0
2014-11-06,2,2,0
2014-11-06,0,0,0
2014-11-06,3,3,0
2014-11-06,24,21,3
2014-11-06,44,33,11
2014-11-06,53,37,16
2014-11-06,19,16,3
2014-11-06,34,23,11
2014-11-06,18,13,5
2014-11-06,31,22,9
2014-11-06,40,31,9
2014-11-06,26,18,8
2014-11-06,25,17,8
2014-11-06,58,46,12
2014-11-06,35,24,11
2014-11-06,51,41,10
2014-11-06,26,19,7
2014-11-06,20,16,4
2014-11-06,14,11,3
2014-11-06,10,4,6
2014-11-06,12,11,1
2014-11-07,0,0,0
2014-11-07,2,0,2
2014-11-07,8,6,2
2014-11-07,0,0,0
2014-11-07,2,2,0
2014-11-07,4,2,2
2014-11-07,13,12,1
2014-11-07,35,30,5
2014-11-07,43,28,15
2014-11-07,51,44,7
2014-11-07,18,12,6
2014-11-07,49,45,4
2014-11-07,38,24,14
2014-11-07,66,42,24
2014-11-07,38,28,10
2014-11-07,41,34,7
2014-11-07,40,32,8
2014-11-07,55,33,22
2014-11-07,30,20,10
2014-11-07,46,35,11
2014-11-07,16,12,4
2014-11-07,14,9,5
2014-11-07,9,7,2
2014-11-07,16,12,4
2014-11-08,7,6,1
2014-11-08,5,5,0
2014-11-08,5,5,0
2014-11-08,2,2,0
2014-11-08,2,2,0
2014-11-08,2,2,0
2014-11-08,8,8,0
2014-11-08,11,9,2
2014-11-08,17,9,8
2014-11-08,48,40,8
2014-11-08,49,40,9
2014-11-08,55,32,23
2014-11-08,55,44,11
2014-11-08,64,50,14
2014-11-08,71,53,18
2014-11-08,56,46,10
2014-11-08,43,34,9
2014-11-08,25,19,6
2014-11-08,39,31,8
2014-11-08,16,12,4
2014-11-08,21,16,5
2014-11-08,18,17,1
2014-11-08,17,15,2
2014-11-08,10,9,1
2014-11-09,6,4,2
2014-11-09,10,8,2
2014-11-09,2,2,0
2014-11-09,5,3,2
2014-11-09,0,0,0
2014-11-09,4,4,0
2014-11-09,5,4,1
2014-11-09,9,8,1
2014-11-09,15,12,3
2014-11-09,42,28,14
2014-11-09,44,32,12
2014-11-09,48,40,8
2014-11-09,76,50,26
2014-11-09,67,46,21
2014-11-09,34,24,10
2014-11-09,23,18,5
2014-11-09,27,18,9
2014-11-09,21,9,12
2014-11-09,16,12,4
2014-11-09,15,13,2
2014-11-09,15,8,7
2014-11-09,10,9,1
2014-11-09,5,4,1
2014-11-09,3,3,0
2014-11-10,1,0,1
2014-11-10,4,3,1
2014-11-10,0,0,0
2014-11-10,0,0,0
2014-11-10,0,0,0
2014-11-10,1,0,1
2014-11-10,17,14,3
2014-11-10,42,35,7
2014-11-10,47,33,14
2014-11-10,42,33,9
2014-11-10,43,28,15
2014-11-10,29,24,5
2014-11-10,39,23,16
2014-11-10,32,18,14
2014-11-10,58,43,15
2014-11-10,55,39,16
2014-11-10,34,22,12
2014-11-10,49,35,14
2014-11-10,23,19,4
2014-11-10,18,12,6
2014-11-10,25,17,8
2014-11-10,9,6,3
2014-11-10,13,13,0
2014-11-10,2,2,0
2014-11-11,1,0,1
2014-11-11,1,1,0
2014-11-11,0,0,0
2014-11-11,0,0,0
2014-11-11,0,0,0
2014-11-11,0,0,0
2014-11-11,21,19,2
2014-11-11,16,15,1
2014-11-11,34,29,5
2014-11-11,27,23,4
2014-11-11,30,23,7
2014-11-11,57,37,20
2014-11-11,52,41,11
2014-11-11,45,37,8
2014-11-11,30,25,5
2014-11-11,34,24,10
2014-11-11,44,35,9
2014-11-11,42,31,11
2014-11-11,25,21,4
2014-11-11,28,22,6
2014-11-11,13,12,1
2014-11-11,11,11,0
2014-11-11,12,11,1
2014-11-11,1,0,1
2014-11-12,1,0,1
2014-11-12,0,0,0
2014-11-12,0,0,0
2014-11-12,2,2,0
2014-11-12,0,0,0
2014-11-12,0,0,0
2014-11-12,16,13,3
2014-11-12,17,16,1
2014-11-12,44,35,9
2014-11-12,29,21,8
2014-11-12,45,32,13
2014-11-12,36,28,8
2014-11-12,24,21,3
2014-11-12,27,17,10
2014-11-12,39,31,8
2014-11-12,39,29,10
2014-11-12,39,35,4
2014-11-12,30,22,8
2014-11-12,32,14,18
2014-11-12,44,30,14
2014-11-12,28,23,5
2014-11-12,11,10,1
2014-11-12,3,3,0
2014-11-12,0,0,0
2014-11-13,0,0,0
2014-11-13,0,0,0
2014-11-13,0,0,0
2014-11-13,0,0,0
2014-11-13,0,0,0
2014-11-13,3,3,0
2014-11-13,10,8,2
2014-11-13,29,22,7
2014-11-13,38,30,8
2014-11-13,36,28,8
2014-11-13,44,29,15
2014-11-13,22,15,7
2014-11-13,29,22,7
2014-11-13,51,41,10
2014-11-13,29,23,6
2014-11-13,38,33,5
2014-11-13,32,30,2
2014-11-13,39,22,17
2014-11-13,31,21,10
2014-11-13,25,18,7
2014-11-13,23,14,9
2014-11-13,10,7,3
2014-11-13,8,4,4
2014-11-13,2,2,0
2014-11-14,0,0,0
2014-11-14,1,0,1
2014-11-14,0,0,0
2014-11-14,0,0,0
2014-11-14,0,0,0
2014-11-14,4,4,0
2014-11-14,5,4,1
2014-11-14,21,21,0
2014-11-14,23,19,4
2014-11-14,31,25,6
2014-11-14,40,30,10
2014-11-14,32,29,3
2014-11-14,33,29,4
2014-11-14,36,33,3
2014-11-14,48,36,12
2014-11-14,40,29,11
2014-11-14,48,41,7
2014-11-14,43,34,9
2014-11-14,32,23,9
2014-11-14,52,41,11
2014-11-14,30,26,4
2014-11-14,23,19,4
2014-11-14,13,12,1
2014-11-14,5,4,1
2014-11-15,2,1,1
2014-11-15,11,7,4
2014-11-15,2,2,0
2014-11-15,0,0,0
2014-11-15,0,0,0
2014-11-15,2,2,0
2014-11-15,4,4,0
2014-11-15,2,2,0
2014-11-15,15,13,2
2014-11-15,35,26,9
2014-11-15,56,43,13
2014-11-15,42,31,11
2014-11-15,63,46,17
2014-11-15,44,33,11
2014-11-15,44,37,7
2014-11-15,56,42,14
2014-11-15,49,37,12
2014-11-15,30,27,3
2014-11-15,39,32,7
2014-11-15,34,26,8
2014-11-15,17,16,1
2014-11-15,12,8,4
2014-11-15,13,11,2
2014-11-15,10,8,2
2014-11-16,6,6,0
2014-11-16,2,2,0
2014-11-16,0,0,0
2014-11-16,2,2,0
2014-11-16,0,0,0
2014-11-16,0,0,0
2014-11-16,0,0,0
2014-11-16,7,7,0
2014-11-16,8,6,2
2014-11-16,20,17,3
2014-11-16,24,22,2
2014-11-16,43,31,12
2014-11-16,52,40,12
2014-11-16,48,41,7
2014-11-16,46,32,14
2014-11-16,45,33,12
2014-11-16,36,27,9
2014-11-16,27,15,12
2014-11-16,26,22,4
2014-11-16,20,16,4
2014-11-16,12,10,2
2014-11-16,6,6,0
2014-11-16,9,8,1
2014-11-16,4,2,2
2014-11-17,1,0,1
2014-11-17,0,0,0
2014-11-17,0,0,0
2014-11-17,2,2,0
2014-11-17,2,2,0
2014-11-17,2,2,0
2014-11-17,11,10,1
2014-11-17,29,23,6
2014-11-17,38,25,13
2014-11-17,38,28,10
2014-11-17,28,18,10
2014-11-17,40,33,7
2014-11-17,44,39,5
2014-11-17,32,18,14
2014-11-17,36,30,6
2014-11-17,36,25,11
2014-11-17,43,32,11
2014-11-17,35,29,6
2014-11-17,38,26,12
2014-11-17,26,20,6
2014-11-17,22,17,5
2014-11-17,8,7,1
2014-11-17,12,12,0
2014-11-17,2,2,0
2014-11-18,0,0,0
2014-11-18,0,0,0
2014-11-18,0,0,0
2014-11-18,0,0,0
2014-11-18,0,0,0
2014-11-18,5,4,1
2014-11-18,12,8,4
2014-11-18,33,26,7
2014-11-18,45,34,11
2014-11-18,31,21,10
2014-11-18,31,22,9
2014-11-18,16,11,5
2014-11-18,37,23,14
2014-11-18,43,29,14
2014-11-18,43,35,8
2014-11-18,39,30,9
2014-11-18,37,22,15
2014-11-18,48,35,13
2014-11-18,34,22,12
2014-11-18,31,26,5
2014-11-18,24,15,9
2014-11-18,21,16,5
2014-11-18,3,3,0
2014-11-18,1,1,0
2014-11-19,0,0,0
2014-11-19,0,0,0
2014-11-19,0,0,0
2014-11-19,2,2,0
2014-11-19,2,2,0
2014-11-19,5,2,3
2014-11-19,8,5,3
2014-11-19,47,40,7
2014-11-19,40,29,11
2014-11-19,46,40,6
2014-11-19,30,18,12
2014-11-19,34,25,9
2014-11-19,31,25,6
2014-11-19,41,31,10
2014-11-19,34,21,13
2014-11-19,32,25,7
2014-11-19,55,36,19
2014-11-19,25,19,6
2014-11-19,37,24,13
2014-11-19,35,27,8
2014-11-19,24,22,2
2014-11-19,14,12,2
2014-11-19,11,9,2
2014-11-19,4,4,0
2014-11-20,6,6,0
2014-11-20,0,0,0
2014-11-20,0,0,0
2014-11-20,0,0,0
2014-11-20,0,0,0
2014-11-20,3,2,1
2014-11-20,16,10,6
2014-11-20,32,20,12
2014-11-20,37,33,4
2014-11-20,33,27,6
2014-11-20,22,14,8
2014-11-20,36,24,12
2014-11-20,44,31,13
2014-11-20,30,21,9
2014-11-20,34,29,5
2014-11-20,41,28,13
2014-11-20,23,15,8
2014-11-20,32,22,10
2014-11-20,51,29,22
2014-11-20,40,24,16
2014-11-20,24,13,11
2014-11-20,13,9,4
2014-11-20,15,8,7
2014-11-20,3,1,2
2014-11-21,4,2,2
2014-11-21,6,4,2
2014-11-21,4,2,2
2014-11-21,1,1,0
2014-11-21,1,0,1
2014-11-21,0,0,0
2014-11-21,13,8,5
2014-11-21,32,25,7
2014-11-21,31,24,7
2014-11-21,38,30,8
2014-11-21,22,12,10
2014-11-21,31,26,5
2014-11-21,46,35,11
2014-11-21,43,29,14
2014-11-21,31,22,9
2014-11-21,44,35,9
2014-11-21,31,26,5
2014-11-21,53,45,8
2014-11-21,39,33,6
2014-11-21,26,22,4
2014-11-21,31,29,2
2014-11-21,23,23,0
2014-11-21,3,3,0
2014-11-21,6,6,0
2014-11-22,1,0,1
2014-11-22,6,6,0
2014-11-22,0,0,0
2014-11-22,0,0,0
2014-11-22,4,4,0
2014-11-22,4,4,0
2014-11-22,5,4,1
2014-11-22,10,9,1
2014-11-22,22,15,7
2014-11-22,35,27,8
2014-11-22,57,41,16
2014-11-22,62,49,13
2014-11-22,81,54,27
2014-11-22,60,44,16
2014-11-22,72,56,16
2014-11-22,41,24,17
2014-11-22,47,33,14
2014-11-22,61,47,14
2014-11-22,48,35,13
2014-11-22,25,17,8
2014-11-22,26,13,13
2014-11-22,8,5,3
2014-11-22,8,5,3
2014-11-22,13,9,4
2014-11-23,9,8,1
2014-11-23,4,4,0
2014-11-23,0,0,0
2014-11-23,2,2,0
2014-11-23,0,0,0
2014-11-23,0,0,0
2014-11-23,1,1,0
2014-11-23,4,4,0
2014-11-23,4,4,0
2014-11-23,12,6,6
2014-11-23,34,26,8
2014-11-23,31,23,8
2014-11-23,71,50,21
2014-11-23,59,40,19
2014-11-23,41,28,13
2014-11-23,47,36,11
2014-11-23,21,6,15
2014-11-23,32,22,10
2014-11-23,19,14,5
2014-11-23,10,9,1
2014-11-23,7,6,1
2014-11-23,7,6,1
2014-11-23,7,7,0
2014-11-23,7,5,2
2014-11-24,0,0,0
2014-11-24,2,2,0
2014-11-24,0,0,0
2014-11-24,0,0,0
2014-11-24,0,0,0
2014-11-24,0,0,0
2014-11-24,20,11,9
2014-11-24,40,39,1
2014-11-24,33,28,5
2014-11-24,16,10,6
2014-11-24,19,15,4
2014-11-24,28,21,7
2014-11-24,43,28,15
2014-11-24,37,31,6
2014-11-24,42,39,3
2014-11-24,33,25,8
2014-11-24,36,29,7
2014-11-24,39,27,12
2014-11-24,37,21,16
2014-11-24,21,15,6
2014-11-24,17,13,4
2014-11-24,14,11,3
2014-11-24,11,9,2
2014-11-24,2,2,0
2014-11-25,2,2,0
2014-11-25,0,0,0
2014-11-25,2,0,2
2014-11-25,0,0,0
2014-11-25,0,0,0
2014-11-25,0,0,0
2014-11-25,10,8,2
2014-11-25,19,14,5
2014-11-25,41,24,17
2014-11-25,39,33,6
2014-11-25,27,25,2
2014-11-25,23,10,13
2014-11-25,47,39,8
2014-11-25,31,19,12
2014-11-25,28,24,4
2014-11-25,25,18,7
2014-11-25,22,13,9
2014-11-25,30,23,7
2014-11-25,17,12,5
2014-11-25,22,15,7
2014-11-25,15,11,4
2014-11-25,8,5,3
2014-11-25,10,6,4
2014-11-25,1,0,1
2014-11-26,0,0,0
2014-11-26,3,3,0
2014-11-26,0,0,0
2014-11-26,0,0,0
2014-11-26,0,0,0
2014-11-26,2,2,0
2014-11-26,7,5,2
2014-11-26,16,14,2
2014-11-26,24,17,7
2014-11-26,36,25,11
2014-11-26,40,35,5
2014-11-26,20,13,7
2014-11-26,40,33,7
2014-11-26,55,42,13
2014-11-26,47,36,11
2014-11-26,50,41,9
2014-11-26,38,26,12
2014-11-26,25,21,4
2014-11-26,17,11,6
2014-11-26,10,5,5
2014-11-26,17,12,5
2014-11-26,14,14,0
2014-11-26,7,7,0
2014-11-26,7,5,2
2014-11-27,8,7,1
2014-11-27,10,7,3
2014-11-27,2,0,2
2014-11-27,0,0,0
2014-11-27,2,2,0
2014-11-27,0,0,0
2014-11-27,0,0,0
2014-11-27,0,0,0
2014-11-27,19,9,10
2014-11-27,11,10,1
2014-11-27,27,20,7
2014-11-27,9,4,5
2014-11-27,23,19,4
2014-11-27,25,21,4
2014-11-27,9,5,4
2014-11-27,20,19,1
2014-11-27,16,12,4
2014-11-27,5,4,1
2014-11-27,2,0,2
2014-11-27,9,8,1
2014-11-27,8,5,3
2014-11-27,19,14,5
2014-11-27,9,6,3
2014-11-27,5,5,0
2014-11-28,2,2,0
2014-11-28,1,0,1
2014-11-28,2,2,0
2014-11-28,0,0,0
2014-11-28,0,0,0
2014-11-28,1,1,0
2014-11-28,9,8,1
2014-11-28,9,8,1
2014-11-28,16,14,2
2014-11-28,33,27,6
2014-11-28,13,5,8
2014-11-28,19,1,18
2014-11-28,35,17,18
2014-11-28,15,10,5
2014-11-28,20,6,14
2014-11-28,23,14,9
2014-11-28,28,15,13
2014-11-28,40,27,13
2014-11-28,37,29,8
2014-11-28,6,4,2
2014-11-28,14,14,0
2014-11-28,3,2,1
2014-11-28,17,15,2
2014-11-28,3,2,1
2014-11-29,4,4,0
2014-11-29,2,2,0
2014-11-29,0,0,0
2014-11-29,1,0,1
2014-11-29,0,0,0
2014-11-29,4,3,1
2014-11-29,7,7,0
2014-11-29,1,0,1
2014-11-29,7,2,5
2014-11-29,23,18,5
2014-11-29,31,20,11
2014-11-29,19,14,5
2014-11-29,43,31,12
2014-11-29,29,26,3
2014-11-29,23,16,7
2014-11-29,46,35,11
2014-11-29,37,28,9
2014-11-29,18,13,5
2014-11-29,20,15,5
2014-11-29,19,16,3
2014-11-29,14,11,3
2014-11-29,13,11,2
2014-11-29,7,7,0
2014-11-29,5,3,2
2014-11-30,5,5,0
2014-11-30,3,2,1
2014-11-30,0,0,0
2014-11-30,0,0,0
2014-11-30,3,2,1
2014-11-30,0,0,0
2014-11-30,3,2,1
2014-11-30,1,0,1
2014-11-30,2,2,0
2014-11-30,9,6,3
2014-11-30,11,8,3
2014-11-30,14,8,6
2014-11-30,32,17,15
2014-11-30,34,28,6
2014-11-30,36,24,12
2014-11-30,46,37,9
2014-11-30,24,24,0
2014-11-30,24,21,3
2014-11-30,17,12,5
2014-11-30,11,9,2
2014-11-30,7,6,1
2014-11-30,8,6,2
2014-11-30,10,10,0
2014-11-30,6,6,0
2014-12-01,3,3,0
2014-12-01,4,4,0
2014-12-01,3,1,2
2014-12-01,0,0,0
2014-12-01,0,0,0
2014-12-01,2,2,0
2014-12-01,5,4,1
2014-12-01,20,18,2
2014-12-01,21,14,7
2014-12-01,34,20,14
2014-12-01,32,23,9
2014-12-01,20,16,4
2014-12-01,20,13,7
2014-12-01,36,28,8
2014-12-01,31,23,8
2014-12-01,51,35,16
2014-12-01,50,41,9
2014-12-01,27,17,10
2014-12-01,19,14,5
2014-12-01,21,17,4
2014-12-01,15,9,6
2014-12-01,13,11,2
2014-12-01,8,7,1
2014-12-01,6,3,3
2014-12-02,0,0,0
2014-12-02,0,0,0
2014-12-02,0,0,0
2014-12-02,3,3,0
2014-12-02,0,0,0
2014-12-02,0,0,0
2014-12-02,5,4,1
2014-12-02,23,14,9
2014-12-02,37,30,7
2014-12-02,28,22,6
2014-12-02,26,19,7
2014-12-02,29,20,9
2014-12-02,23,20,3
2014-12-02,32,23,9
2014-12-02,47,42,5
2014-12-02,20,18,2
2014-12-02,32,23,9
2014-12-02,30,23,7
2014-12-02,30,16,14
2014-12-02,24,21,3
2014-12-02,7,4,3
2014-12-02,6,4,2
2014-12-02,6,6,0
2014-12-02,1,1,0
2014-12-03,0,0,0
2014-12-03,3,3,0
2014-12-03,0,0,0
2014-12-03,5,4,1
2014-12-03,2,2,0
2014-12-03,2,2,0
2014-12-03,10,6,4
2014-12-03,17,10,7
2014-12-03,34,21,13
2014-12-03,31,24,7
2014-12-03,25,18,7
2014-12-03,30,23,7
2014-12-03,47,38,9
2014-12-03,31,22,9
2014-12-03,40,22,18
2014-12-03,37,27,10
2014-12-03,39,32,7
2014-12-03,30,20,10
2014-12-03,24,20,4
2014-12-03,18,13,5
2014-12-03,26,24,2
2014-12-03,18,14,4
2014-12-03,7,5,2
2014-12-03,1,1,0
2014-12-04,4,4,0
2014-12-04,2,2,0
2014-12-04,0,0,0
2014-12-04,0,0,0
2014-12-04,2,2,0
2014-12-04,1,0,1
2014-12-04,5,4,1
2014-12-04,25,22,3
2014-12-04,34,27,7
2014-12-04,38,32,6
2014-12-04,27,17,10
2014-12-04,25,21,4
2014-12-04,38,25,13
2014-12-04,39,27,12
2014-12-04,39,25,14
2014-12-04,38,28,10
2014-12-04,31,20,11
2014-12-04,37,32,5
2014-12-04,25,21,4
2014-12-04,18,13,5
2014-12-04,32,23,9
2014-12-04,7,5,2
2014-12-04,8,7,1
2014-12-04,4,4,0
2014-12-05,1,1,0
2014-12-05,2,2,0
2014-12-05,0,0,0
2014-12-05,2,1,1
2014-12-05,0,0,0
2014-12-05,3,2,1
2014-12-05,15,11,4
2014-12-05,24,17,7
2014-12-05,46,36,10
2014-12-05,42,31,11
2014-12-05,25,16,9
2014-12-05,27,14,13
2014-12-05,22,13,9
2014-12-05,36,21,15
2014-12-05,39,27,12
2014-12-05,28,19,9
2014-12-05,35,27,8
2014-12-05,56,35,21
2014-12-05,39,26,13
2014-12-05,35,29,6
2014-12-05,14,12,2
2014-12-05,10,8,2
2014-12-05,8,6,2
2014-12-05,4,2,2
2014-12-06,2,2,0
2014-12-06,1,1,0
2014-12-06,0,0,0
2014-12-06,1,0,1
2014-12-06,0,0,0
2014-12-06,2,2,0
2014-12-06,0,0,0
2014-12-06,2,1,1
2014-12-06,17,11,6
2014-12-06,38,34,4
2014-12-06,44,26,18
2014-12-06,56,38,18
2014-12-06,43,25,18
2014-12-06,102,68,34
2014-12-06,59,38,21
2014-12-06,44,34,10
2014-12-06,45,27,18
2014-12-06,57,43,14
2014-12-06,51,36,15
2014-12-06,68,50,18
2014-12-06,14,11,3
2014-12-06,13,12,1
2014-12-06,14,11,3
2014-12-06,11,10,1
2014-12-07,4,4,0
2014-12-07,13,11,2
2014-12-07,2,2,0
2014-12-07,0,0,0
2014-12-07,3,3,0
2014-12-07,4,4,0
2014-12-07,2,2,0
2014-12-07,5,4,1
2014-12-07,13,12,1
2014-12-07,18,14,4
2014-12-07,21,14,7
2014-12-07,43,30,13
2014-12-07,52,42,10
2014-12-07,86,64,22
2014-12-07,80,58,22
2014-12-07,48,40,8
2014-12-07,44,38,6
2014-12-07,32,19,13
2014-12-07,29,19,10
2014-12-07,12,10,2
2014-12-07,5,4,1
2014-12-07,4,3,1
2014-12-07,1,1,0
2014-12-07,2,2,0
2014-12-08,0,0,0
2014-12-08,0,0,0
2014-12-08,3,3,0
2014-12-08,1,0,1
2014-12-08,0,0,0
2014-12-08,1,0,1
2014-12-08,4,2,2
2014-12-08,26,19,7
2014-12-08,32,22,10
2014-12-08,39,30,9
2014-12-08,36,22,14
2014-12-08,45,29,16
2014-12-08,43,25,18
2014-12-08,25,15,10
2014-12-08,45,28,17
2014-12-08,35,24,11
2014-12-08,44,29,15
2014-12-08,45,25,20
2014-12-08,40,24,16
2014-12-08,44,34,10
2014-12-08,29,20,9
2014-12-08,14,12,2
2014-12-08,11,9,2
2014-12-08,4,4,0
2014-12-09,2,0,2
2014-12-09,5,5,0
2014-12-09,0,0,0
2014-12-09,2,2,0
2014-12-09,0,0,0
2014-12-09,2,0,2
2014-12-09,15,11,4
2014-12-09,34,32,2
2014-12-09,32,24,8
2014-12-09,43,33,10
2014-12-09,30,17,13
2014-12-09,48,35,13
2014-12-09,29,24,5
2014-12-09,44,29,15
2014-12-09,37,22,15
2014-12-09,55,42,13
2014-12-09,34,21,13
2014-12-09,43,31,12
2014-12-09,55,39,16
2014-12-09,44,26,18
2014-12-09,28,21,7
2014-12-09,29,24,5
2014-12-09,4,2,2
2014-12-09,5,4,1
2014-12-10,2,2,0
2014-12-10,2,2,0
2014-12-10,0,0,0
2014-12-10,1,0,1
2014-12-10,2,2,0
2014-12-10,10,5,5
2014-12-10,18,12,6
2014-12-10,29,25,4
2014-12-10,45,31,14
2014-12-10,26,18,8
2014-12-10,39,35,4
2014-12-10,49,32,17
2014-12-10,34,30,4
2014-12-10,46,30,16
2014-12-10,48,30,18
2014-12-10,29,19,10
2014-12-10,35,25,10
2014-12-10,66,37,29
2014-12-10,33,22,11
2014-12-10,25,19,6
2014-12-10,30,27,3
2014-12-10,14,13,1
2014-12-10,5,3,2
2014-12-10,5,3,2
2014-12-11,1,0,1
2014-12-11,4,4,0
2014-12-11,0,0,0
2014-12-11,0,0,0
2014-12-11,5,5,0
2014-12-11,4,3,1
2014-12-11,20,20,0
2014-12-11,29,29,0
2014-12-11,29,25,4
2014-12-11,37,28,9
2014-12-11,39,26,13
2014-12-11,37,26,11
2014-12-11,40,31,9
2014-12-11,40,26,14
2014-12-11,34,25,9
2014-12-11,27,23,4
2014-12-11,51,41,10
2014-12-11,66,48,18
2014-12-11,53,37,16
2014-12-11,37,17,20
2014-12-11,35,20,15
2014-12-11,11,10,1
2014-12-11,9,5,4
2014-12-11,11,4,7
2014-12-12,5,4,1
2014-12-12,0,0,0
2014-12-12,0,0,0
2014-12-12,4,4,0
2014-12-12,3,0,3
2014-12-12,1,1,0
2014-12-12,20,18,2
2014-12-12,59,48,11
2014-12-12,39,31,8
2014-12-12,53,36,17
2014-12-12,30,21,9
2014-12-12,51,39,12
2014-12-12,43,32,11
2014-12-12,46,35,11
2014-12-12,12,5,7
2014-12-12,50,39,11
2014-12-12,56,49,7
2014-12-12,51,31,20
2014-12-12,38,23,15
2014-12-12,45,33,12
2014-12-12,22,16,6
2014-12-12,25,21,4
2014-12-12,19,16,3
2014-12-12,21,21,0
2014-12-13,9,8,1
2014-12-13,11,10,1
2014-12-13,3,2,1
2014-12-13,0,0,0
2014-12-13,2,2,0
2014-12-13,2,2,0
2014-12-13,10,7,3
2014-12-13,5,3,2
2014-12-13,11,6,5
2014-12-13,36,32,4
2014-12-13,0,0,0
2014-12-13,0,0,0
2014-12-13,41,28,13
2014-12-13,68,51,17
2014-12-13,47,36,11
2014-12-13,56,43,13
2014-12-13,63,46,17
2014-12-13,48,35,13
2014-12-13,37,24,13
2014-12-13,29,24,5
2014-12-13,19,13,6
2014-12-13,9,6,3
2014-12-13,24,19,5
2014-12-13,11,9,2
2014-12-14,8,6,2
2014-12-14,4,2,2
2014-12-14,3,2,1
2014-12-14,6,4,2
2014-12-14,0,0,0
2014-12-14,3,3,0
2014-12-14,0,0,0
2014-12-14,2,2,0
2014-12-14,8,3,5
2014-12-14,26,18,8
2014-12-14,26,24,2
2014-12-14,75,53,22
2014-12-14,80,57,23
2014-12-14,84,70,14
2014-12-14,50,41,9
2014-12-14,26,16,10
2014-12-14,57,45,12
2014-12-14,36,35,1
2014-12-14,37,29,8
2014-12-14,14,9,5
2014-12-14,12,10,2
2014-12-14,10,9,1
2014-12-14,4,3,1
2014-12-14,4,3,1
2014-12-15,2,2,0
2014-12-15,2,2,0
2014-12-15,2,1,1
2014-12-15,2,2,0
2014-12-15,0,0,0
2014-12-15,0,0,0
2014-12-15,20,16,4
2014-12-15,23,21,2
2014-12-15,37,32,5
2014-12-15,59,41,18
2014-12-15,40,27,13
2014-12-15,49,30,19
2014-12-15,42,31,11
2014-12-15,45,37,8
2014-12-15,40,30,10
2014-12-15,53,47,6
2014-12-15,38,27,11
2014-12-15,43,26,17
2014-12-15,36,22,14
2014-12-15,32,26,6
2014-12-15,17,14,3
2014-12-15,20,19,1
2014-12-15,7,7,0
2014-12-15,7,5,2
2014-12-16,7,4,3
2014-12-16,4,3,1
2014-12-16,4,4,0
2014-12-16,2,2,0
2014-12-16,2,2,0
2014-12-16,6,4,2
2014-12-16,10,8,2
2014-12-16,23,20,3
2014-12-16,46,37,9
2014-12-16,57,44,13
2014-12-16,42,31,11
2014-12-16,28,19,9
2014-12-16,50,37,13
2014-12-16,62,40,22
2014-12-16,63,47,16
2014-12-16,47,40,7
2014-12-16,55,47,8
2014-12-16,58,44,14
2014-12-16,29,18,11
2014-12-16,47,23,24
2014-12-16,19,17,2
2014-12-16,23,22,1
2014-12-16,10,10,0
2014-12-16,4,4,0
2014-12-17,3,3,0
2014-12-17,1,0,1
2014-12-17,2,2,0
2014-12-17,0,0,0
2014-12-17,0,0,0
2014-12-17,0,0,0
2014-12-17,12,10,2
2014-12-17,25,21,4
2014-12-17,54,42,12
2014-12-17,53,39,14
2014-12-17,38,27,11
2014-12-17,28,21,7
2014-12-17,61,37,24
2014-12-17,70,50,20
2014-12-17,69,46,23
2014-12-17,49,33,16
2014-12-17,39,26,13
2014-12-17,53,31,22
2014-12-17,51,35,16
2014-12-17,30,22,8
2014-12-17,25,24,1
2014-12-17,24,22,2
2014-12-17,14,12,2
2014-12-17,2,1,1
2014-12-18,2,2,0
2014-12-18,0,0,0
2014-12-18,3,3,0
2014-12-18,2,2,0
2014-12-18,0,0,0
2014-12-18,9,5,4
2014-12-18,12,10,2
2014-12-18,29,24,5
2014-12-18,38,34,4
2014-12-18,45,37,8
2014-12-18,49,35,14
2014-12-18,63,49,14
2014-12-18,55,37,18
2014-12-18,44,36,8
2014-12-18,53,33,20
2014-12-18,55,42,13
2014-12-18,48,36,12
2014-12-18,39,32,7
2014-12-18,43,29,14
2014-12-18,45,29,16
2014-12-18,43,40,3
2014-12-18,10,7,3
2014-12-18,16,12,4
2014-12-18,8,6,2
2014-12-19,2,0,2
2014-12-19,4,4,0
2014-12-19,0,0,0
2014-12-19,1,0,1
2014-12-19,2,0,2
2014-12-19,3,2,1
2014-12-19,5,0,5
2014-12-19,7,6,1
2014-12-19,7,6,1
2014-12-19,8,7,1
2014-12-19,8,8,0
2014-12-19,16,14,2
2014-12-19,19,18,1
2014-12-19,19,19,0
2014-12-19,9,7,2
2014-12-19,18,16,2
2014-12-19,19,11,8
2014-12-19,30,20,10
2014-12-19,23,20,3
2014-12-19,19,18,1
2014-12-19,15,13,2
2014-12-19,6,6,0
2014-12-19,3,3,0
2014-12-19,5,5,0
2014-12-20,2,2,0
2014-12-20,3,2,1
2014-12-20,1,0,1
2014-12-20,0,0,0
2014-12-20,0,0,0
2014-12-20,0,0,0
2014-12-20,2,2,0
2014-12-20,4,4,0
2014-12-20,8,7,1
2014-12-20,10,9,1
2014-12-20,27,24,3
2014-12-20,29,29,0
2014-12-20,41,39,2
2014-12-20,48,43,5
2014-12-20,39,38,1
2014-12-20,35,34,1
2014-12-20,31,28,3
2014-12-20,15,13,2
2014-12-20,26,24,2
2014-12-20,28,27,1
2014-12-20,17,17,0
2014-12-20,17,17,0
2014-12-20,11,11,0
2014-12-20,10,8,2
2014-12-21,7,7,0
2014-12-21,2,2,0
2014-12-21,4,4,0
2014-12-21,6,6,0
2014-12-21,0,0,0
2014-12-21,0,0,0
2014-12-21,4,4,0
2014-12-21,5,5,0
2014-12-21,5,5,0
2014-12-21,16,16,0
2014-12-21,19,19,0
2014-12-21,50,48,2
2014-12-21,52,51,1
2014-12-21,58,56,2
2014-12-21,54,54,0
2014-12-21,30,28,2
2014-12-21,55,54,1
2014-12-21,34,34,0
2014-12-21,11,11,0
2014-12-21,10,10,0
2014-12-21,8,8,0
2014-12-21,25,25,0
2014-12-21,5,5,0
2014-12-21,4,4,0
2014-12-22,3,3,0
2014-12-22,2,2,0
2014-12-22,1,1,0
2014-12-22,0,0,0
2014-12-22,1,1,0
2014-12-22,0,0,0
2014-12-22,10,10,0
2014-12-22,14,14,0
2014-12-22,39,39,0
2014-12-22,22,21,1
2014-12-22,34,29,5
2014-12-22,37,36,1
2014-12-22,51,50,1
2014-12-22,35,35,0
2014-12-22,37,35,2
2014-12-22,29,27,2
2014-12-22,32,31,1
2014-12-22,36,35,1
2014-12-22,22,22,0
2014-12-22,21,21,0
2014-12-22,24,23,1
2014-12-22,6,6,0
2014-12-22,12,12,0
2014-12-22,1,1,0
2014-12-23,2,2,0
2014-12-23,0,0,0
2014-12-23,1,1,0
2014-12-23,1,1,0
2014-12-23,2,2,0
2014-12-23,4,2,2
2014-12-23,7,7,0
2014-12-23,12,11,1
2014-12-23,19,19,0
2014-12-23,16,16,0
2014-12-23,26,23,3
2014-12-23,33,31,2
2014-12-23,41,38,3
2014-12-23,46,44,2
2014-12-23,36,36,0
2014-12-23,26,21,5
2014-12-23,31,30,1
2014-12-23,28,25,3
2014-12-23,31,31,0
2014-12-23,22,22,0
2014-12-23,18,16,2
2014-12-23,10,10,0
2014-12-23,12,9,3
2014-12-23,4,4,0
2014-12-24,2,2,0
2014-12-24,1,1,0
2014-12-24,0,0,0
2014-12-24,2,2,0
2014-12-24,0,0,0
2014-12-24,6,6,0
2014-12-24,6,6,0
2014-12-24,8,8,0
2014-12-24,15,15,0
2014-12-24,22,22,0
2014-12-24,17,17,0
2014-12-24,38,38,0
2014-12-24,37,37,0
2014-12-24,28,28,0
2014-12-24,33,33,0
2014-12-24,26,26,0
2014-12-24,20,20,0
2014-12-24,13,13,0
2014-12-24,12,12,0
2014-12-24,16,14,2
2014-12-24,8,8,0
2014-12-24,4,4,0
2014-12-24,7,7,0
2014-12-24,5,5,0
2014-12-25,2,2,0
2014-12-25,3,3,0
2014-12-25,0,0,0
2014-12-25,0,0,0
2014-12-25,2,2,0
2014-12-25,0,0,0
2014-12-25,2,2,0
2014-12-25,1,1,0
2014-12-25,4,4,0
2014-12-25,8,8,0
2014-12-25,8,8,0
2014-12-25,12,12,0
2014-12-25,9,8,1
2014-12-25,15,15,0
2014-12-25,10,10,0
2014-12-25,24,23,1
2014-12-25,7,7,0
2014-12-25,4,4,0
2014-12-25,7,5,2
2014-12-25,7,7,0
2014-12-25,1,1,0
2014-12-25,4,4,0
2014-12-25,1,1,0
2014-12-25,3,3,0
2014-12-26,0,0,0
2014-12-26,0,0,0
2014-12-26,1,1,0
2014-12-26,1,1,0
2014-12-26,0,0,0
2014-12-26,3,3,0
2014-12-26,4,4,0
2014-12-26,3,3,0
2014-12-26,6,6,0
2014-12-26,11,11,0
2014-12-26,19,19,0
2014-12-26,21,18,3
2014-12-26,24,22,2
2014-12-26,18,18,0
2014-12-26,24,23,1
2014-12-26,24,24,0
2014-12-26,24,24,0
2014-12-26,25,25,0
2014-12-26,15,15,0
2014-12-26,19,19,0
2014-12-26,16,13,3
2014-12-26,10,10,0
2014-12-26,7,7,0
2014-12-26,4,4,0
2014-12-27,3,3,0
2014-12-27,3,3,0
2014-12-27,2,2,0
2014-12-27,1,1,0
2014-12-27,2,2,0
2014-12-27,1,1,0
2014-12-27,3,3,0
2014-12-27,2,2,0
2014-12-27,7,7,0
2014-12-27,16,16,0
2014-12-27,18,17,1
2014-12-27,21,21,0
2014-12-27,36,36,0
2014-12-27,24,24,0
2014-12-27,21,21,0
2014-12-27,23,23,0
2014-12-27,16,15,1
2014-12-27,21,21,0
2014-12-27,19,19,0
2014-12-27,19,14,5
2014-12-27,12,12,0
2014-12-27,10,10,0
2014-12-27,9,9,0
2014-12-27,0,0,0
2014-12-28,2,2,0
2014-12-28,3,3,0
2014-12-28,5,5,0
2014-12-28,0,0,0
2014-12-28,0,0,0
2014-12-28,0,0,0
2014-12-28,1,1,0
2014-12-28,2,2,0
2014-12-28,3,3,0
2014-12-28,16,16,0
2014-12-28,13,13,0
2014-12-28,26,23,3
2014-12-28,30,26,4
2014-12-28,24,23,1
2014-12-28,13,13,0
2014-12-28,12,12,0
2014-12-28,8,8,0
2014-12-28,19,16,3
2014-12-28,11,11,0
2014-12-28,12,12,0
2014-12-28,3,3,0
2014-12-28,5,5,0
2014-12-28,4,3,1
2014-12-28,4,4,0
2014-12-29,4,4,0
2014-12-29,3,3,0
2014-12-29,1,1,0
2014-12-29,1,1,0
2014-12-29,0,0,0
2014-12-29,0,0,0
2014-12-29,4,4,0
2014-12-29,14,11,3
2014-12-29,7,7,0
2014-12-29,25,25,0
2014-12-29,20,16,4
2014-12-29,18,18,0
2014-12-29,26,25,1
2014-12-29,36,32,4
2014-12-29,23,23,0
2014-12-29,24,24,0
2014-12-29,22,22,0
2014-12-29,15,15,0
2014-12-29,19,17,2
2014-12-29,7,7,0
2014-12-29,11,11,0
2014-12-29,8,8,0
2014-12-29,3,3,0
2014-12-29,4,4,0
2014-12-30,2,2,0
2014-12-30,1,1,0
2014-12-30,0,0,0
2014-12-30,0,0,0
2014-12-30,0,0,0
2014-12-30,0,0,0
2014-12-30,0,0,0
2014-12-30,0,0,0
2014-12-30,0,0,0
2014-12-30,0,0,0
2014-12-30,0,0,0
2014-12-30,0,0,0
2014-12-30,0,0,0
2014-12-30,0,0,0
2014-12-30,0,0,0
2014-12-30,0,0,0
2014-12-30,0,0,0
2014-12-30,0,0,0
2014-12-30,0,0,0
2014-12-30,0,0,0
2014-12-30,0,0,0
2014-12-30,0,0,0
2014-12-30,0,0,0
2014-12-30,0,0,0
2014-12-31,0,0,0
2014-12-31,0,0,0
2014-12-31,0,0,0
2014-12-31,0,0,0
2014-12-31,0,0,0
2014-12-31,0,0,0
2014-12-31,0,0,0
2014-12-31,0,0,0
2014-12-31,0,0,0
2014-12-31,1,1,0
2014-12-31,0,0,0
2014-12-31,0,0,0
2014-12-31,0,0,0
2014-12-31,0,0,0
2014-12-31,1,1,0
2014-12-31,1,1,0
2014-12-31,0,0,0
2014-12-31,0,0,0
2014-12-31,0,0,0
2014-12-31,0,0,0
2014-12-31,0,0,0
2014-12-31,0,0,0
2014-12-31,0,0,0
2014-12-31,0,0,0
2015-01-01,0,0,0
2015-01-01,0,0,0
2015-01-01,0,0,0
2015-01-01,0,0,0
2015-01-01,0,0,0
2015-01-01,0,0,0
2015-01-01,0,0,0
2015-01-01,0,0,0
2015-01-01,0,0,0
2015-01-01,0,0,0
2015-01-01,0,0,0
2015-01-01,0,0,0
2015-01-01,0,0,0
2015-01-01,9,9,0
2015-01-01,16,16,0
2015-01-01,23,22,1
2015-01-01,16,16,0
2015-01-01,18,18,0
2015-01-01,2,2,0
2015-01-01,0,0,0
2015-01-01,0,0,0
2015-01-01,0,0,0
2015-01-01,0,0,0
2015-01-01,0,0,0
2015-01-02,0,0,0
2015-01-02,0,0,0
2015-01-02,0,0,0
2015-01-02,0,0,0
2015-01-02,0,0,0
2015-01-02,0,0,0
2015-01-02,0,0,0
2015-01-02,0,0,0
2015-01-02,0,0,0
2015-01-02,17,16,1
2015-01-02,22,22,0
2015-01-02,51,51,0
2015-01-02,42,40,2
2015-01-02,44,44,0
2015-01-02,39,39,0
2015-01-02,35,35,0
2015-01-02,30,28,2
2015-01-02,24,23,1
2015-01-02,17,17,0
2015-01-02,16,16,0
2015-01-02,19,19,0
2015-01-02,20,19,1
2015-01-02,10,10,0
2015-01-02,10,5,5
2015-01-03,3,3,0
2015-01-03,4,4,0
2015-01-03,1,1,0
2015-01-03,2,2,0
2015-01-03,1,1,0
2015-01-03,0,0,0
2015-01-03,3,3,0
2015-01-03,10,10,0
2015-01-03,7,7,0
2015-01-03,15,15,0
2015-01-03,18,17,1
2015-01-03,24,23,1
2015-01-03,25,25,0
2015-01-03,45,44,1
2015-01-03,41,41,0
2015-01-03,26,26,0
2015-01-03,20,20,0
2015-01-03,29,28,1
2015-01-03,27,27,0
2015-01-03,28,28,0
2015-01-03,14,14,0
2015-01-03,17,17,0
2015-01-03,7,7,0
2015-01-03,8,8,0
2015-01-04,3,3,0
2015-01-04,6,6,0
2015-01-04,4,4,0
2015-01-04,1,1,0
2015-01-04,2,2,0
2015-01-04,0,0,0
2015-01-04,5,5,0
2015-01-04,4,4,0
2015-01-04,8,7,1
2015-01-04,15,15,0
2015-01-04,12,12,0
2015-01-04,22,22,0
2015-01-04,42,42,0
2015-01-04,43,43,0
2015-01-04,20,19,1
2015-01-04,20,20,0
2015-01-04,21,21,0
2015-01-04,22,22,0
2015-01-04,11,10,1
2015-01-04,12,12,0
2015-01-04,9,9,0
2015-01-04,9,9,0
2015-01-04,12,12,0
2015-01-04,0,0,0
2015-01-05,0,0,0
2015-01-05,1,1,0
2015-01-05,0,0,0
2015-01-05,1,1,0
2015-01-05,0,0,0
2015-01-05,6,6,0
2015-01-05,7,5,2
2015-01-05,16,16,0
2015-01-05,21,21,0
2015-01-05,26,24,2
2015-01-05,19,19,0
2015-01-05,26,26,0
2015-01-05,28,26,2
2015-01-05,27,27,0
2015-01-05,38,36,2
2015-01-05,38,38,0
2015-01-05,35,35,0
2015-01-05,37,37,0
2015-01-05,47,47,0
2015-01-05,23,23,0
2015-01-05,12,12,0
2015-01-05,17,17,0
2015-01-05,2,2,0
2015-01-05,9,9,0
2015-01-06,2,2,0
2015-01-06,0,0,0
2015-01-06,2,2,0
2015-01-06,0,0,0
2015-01-06,1,1,0
2015-01-06,4,4,0
2015-01-06,8,8,0
2015-01-06,24,24,0
2015-01-06,41,41,0
2015-01-06,42,42,0
2015-01-06,29,28,1
2015-01-06,41,41,0
2015-01-06,36,36,0
2015-01-06,46,46,0
2015-01-06,45,45,0
2015-01-06,48,48,0
2015-01-06,47,47,0
2015-01-06,21,21,0
2015-01-06,24,24,0
2015-01-06,28,28,0
2015-01-06,22,22,0
2015-01-06,8,8,0
2015-01-06,9,9,0
2015-01-06,2,2,0
2015-01-07,2,2,0
2015-01-07,0,0,0
2015-01-07,2,2,0
2015-01-07,1,1,0
2015-01-07,0,0,0
2015-01-07,3,3,0
2015-01-07,13,13,0
2015-01-07,33,32,1
2015-01-07,29,28,1
2015-01-07,36,36,0
2015-01-07,28,28,0
2015-01-07,27,26,1
2015-01-07,37,37,0
2015-01-07,27,27,0
2015-01-07,36,36,0
2015-01-07,33,33,0
2015-01-07,44,44,0
2015-01-07,15,15,0
2015-01-07,0,0,0
2015-01-07,0,0,0
2015-01-07,0,0,0
2015-01-07,0,0,0
2015-01-07,0,0,0
2015-01-07,0,0,0
2015-01-08,0,0,0
2015-01-08,0,0,0
2015-01-08,0,0,0
2015-01-08,0,0,0
2015-01-08,0,0,0
2015-01-08,0,0,0
2015-01-08,0,0,0
2015-01-08,14,13,1
2015-01-08,34,34,0
2015-01-08,18,18,0
2015-01-08,22,22,0
2015-01-08,18,18,0
2015-01-08,22,22,0
2015-01-08,24,24,0
2015-01-08,26,25,1
2015-01-08,40,39,1
2015-01-08,41,41,0
2015-01-08,23,23,0
2015-01-08,29,28,1
2015-01-08,17,17,0
2015-01-08,20,20,0
2015-01-08,17,17,0
2015-01-08,14,14,0
2015-01-08,2,2,0
2015-01-09,4,4,0
2015-01-09,1,1,0
2015-01-09,1,1,0
2015-01-09,1,1,0
2015-01-09,1,1,0
2015-01-09,4,4,0
2015-01-09,10,9,1
2015-01-09,12,12,0
2015-01-09,15,15,0
2015-01-09,20,20,0
2015-01-09,14,14,0
2015-01-09,23,23,0
2015-01-09,19,19,0
2015-01-09,18,18,0
2015-01-09,37,36,1
2015-01-09,24,24,0
2015-01-09,31,31,0
2015-01-09,40,40,0
2015-01-09,34,34,0
2015-01-09,33,33,0
2015-01-09,21,20,1
2015-01-09,11,11,0
2015-01-09,9,9,0
2015-01-09,8,8,0
2015-01-10,7,7,0
2015-01-10,4,4,0
2015-01-10,2,2,0
2015-01-10,3,3,0
2015-01-10,0,0,0
2015-01-10,1,1,0
2015-01-10,4,4,0
2015-01-10,3,3,0
2015-01-10,9,9,0
2015-01-10,21,21,0
2015-01-10,22,22,0
2015-01-10,35,33,2
2015-01-10,42,40,2
2015-01-10,50,48,2
2015-01-10,36,36,0
2015-01-10,40,40,0
2015-01-10,36,36,0
2015-01-10,29,29,0
2015-01-10,16,16,0
2015-01-10,12,12,0
2015-01-10,23,23,0
2015-01-10,21,21,0
2015-01-10,5,5,0
2015-01-10,9,9,0
2015-01-11,6,6,0
2015-01-11,8,8,0
2015-01-11,5,5,0
2015-01-11,0,0,0
2015-01-11,2,2,0
2015-01-11,0,0,0
2015-01-11,4,4,0
2015-01-11,7,7,0
2015-01-11,10,10,0
2015-01-11,16,16,0
2015-01-11,31,31,0
2015-01-11,39,39,0
2015-01-11,62,62,0
2015-01-11,64,64,0
2015-01-11,45,44,1
2015-01-11,30,30,0
2015-01-11,40,40,0
2015-01-11,35,34,1
2015-01-11,22,22,0
2015-01-11,16,16,0
2015-01-11,12,12,0
2015-01-11,11,11,0
2015-01-11,6,6,0
2015-01-11,2,2,0
2015-01-12,0,0,0
2015-01-12,0,0,0
2015-01-12,3,3,0
2015-01-12,0,0,0
2015-01-12,0,0,0
2015-01-12,2,2,0
2015-01-12,7,7,0
2015-01-12,21,21,0
2015-01-12,20,20,0
2015-01-12,21,21,0
2015-01-12,15,15,0
2015-01-12,14,13,1
2015-01-12,23,23,0
2015-01-12,35,35,0
2015-01-12,35,35,0
2015-01-12,39,39,0
2015-01-12,34,34,0
2015-01-12,28,27,1
2015-01-12,27,27,0
2015-01-12,20,20,0
2015-01-12,8,8,0
2015-01-12,17,17,0
2015-01-12,9,9,0
2015-01-12,4,4,0
2015-01-13,4,4,0
2015-01-13,3,3,0
2015-01-13,3,3,0
2015-01-13,2,2,0
2015-01-13,0,0,0
2015-01-13,1,1,0
2015-01-13,6,6,0
2015-01-13,24,24,0
2015-01-13,25,25,0
2015-01-13,28,28,0
2015-01-13,27,27,0
2015-01-13,30,29,1
2015-01-13,29,29,0
2015-01-13,23,22,1
2015-01-13,31,31,0
2015-01-13,34,34,0
2015-01-13,26,26,0
2015-01-13,43,42,1
2015-01-13,27,27,0
2015-01-13,21,21,0
2015-01-13,17,17,0
2015-01-13,14,14,0
2015-01-13,14,14,0
2015-01-13,4,4,0
2015-01-14,1,1,0
2015-01-14,0,0,0
2015-01-14,0,0,0
2015-01-14,2,2,0
2015-01-14,2,2,0
2015-01-14,4,4,0
2015-01-14,10,10,0
2015-01-14,20,20,0
2015-01-14,27,26,1
2015-01-14,22,22,0
2015-01-14,18,18,0
2015-01-14,13,13,0
2015-01-14,22,21,1
2015-01-14,31,31,0
2015-01-14,32,32,0
2015-01-14,20,20,0
2015-01-14,25,25,0
2015-01-14,28,28,0
2015-01-14,26,25,1
2015-01-14,31,31,0
2015-01-14,16,16,0
2015-01-14,16,16,0
2015-01-14,10,10,0
2015-01-14,5,5,0
2015-01-15,6,6,0
2015-01-15,0,0,0
2015-01-15,2,2,0
2015-01-15,1,1,0
2015-01-15,0,0,0
2015-01-15,5,5,0
2015-01-15,6,6,0
2015-01-15,15,15,0
2015-01-15,15,15,0
2015-01-15,25,25,0
2015-01-15,17,17,0
2015-01-15,28,28,0
2015-01-15,30,29,1
2015-01-15,25,25,0
2015-01-15,28,28,0
2015-01-15,34,34,0
2015-01-15,38,37,1
2015-01-15,24,24,0
2015-01-15,21,21,0
2015-01-15,30,30,0
2015-01-15,9,8,1
2015-01-15,26,26,0
2015-01-15,12,12,0
2015-01-15,2,2,0
2015-01-16,4,4,0
2015-01-16,1,1,0
2015-01-16,3,3,0
2015-01-16,2,2,0
2015-01-16,1,1,0
2015-01-16,3,3,0
2015-01-16,10,10,0
2015-01-16,17,17,0
2015-01-16,26,26,0
2015-01-16,24,24,0
2015-01-16,32,32,0
2015-01-16,43,43,0
2015-01-16,37,36,1
2015-01-16,40,40,0
2015-01-16,33,33,0
2015-01-16,42,42,0
2015-01-16,31,31,0
2015-01-16,47,47,0
2015-01-16,47,47,0
2015-01-16,56,56,0
2015-01-16,56,50,6
2015-01-16,29,29,0
2015-01-16,13,13,0
2015-01-16,14,14,0
2015-01-17,7,7,0
2015-01-17,5,5,0
2015-01-17,1,1,0
2015-01-17,0,0,0
2015-01-17,2,2,0
2015-01-17,3,3,0
2015-01-17,5,5,0
2015-01-17,6,6,0
2015-01-17,14,14,0
2015-01-17,34,34,0
2015-01-17,50,50,0
2015-01-17,58,57,1
2015-01-17,76,76,0
2015-01-17,63,63,0
2015-01-17,65,64,1
2015-01-17,54,54,0
2015-01-17,39,39,0
2015-01-17,37,37,0
2015-01-17,41,41,0
2015-01-17,25,25,0
2015-01-17,21,21,0
2015-01-17,19,19,0
2015-01-17,12,12,0
2015-01-17,7,7,0
2015-01-18,10,10,0
2015-01-18,4,4,0
2015-01-18,3,3,0
2015-01-18,0,0,0
2015-01-18,1,1,0
2015-01-18,1,1,0
2015-01-18,3,3,0
2015-01-18,4,4,0
2015-01-18,15,14,1
2015-01-18,26,26,0
2015-01-18,28,28,0
2015-01-18,54,53,1
2015-01-18,35,35,0
2015-01-18,29,29,0
2015-01-18,26,26,0
2015-01-18,21,21,0
2015-01-18,29,29,0
2015-01-18,14,14,0
2015-01-18,23,23,0
2015-01-18,15,15,0
2015-01-18,9,9,0
2015-01-18,14,14,0
2015-01-18,6,6,0
2015-01-18,2,2,0
2015-01-19,2,2,0
2015-01-19,0,0,0
2015-01-19,0,0,0
2015-01-19,1,1,0
2015-01-19,2,2,0
2015-01-19,2,2,0
2015-01-19,7,7,0
2015-01-19,7,7,0
2015-01-19,8,8,0
2015-01-19,14,14,0
2015-01-19,22,21,1
2015-01-19,37,36,1
2015-01-19,54,54,0
2015-01-19,44,42,2
2015-01-19,43,43,0
2015-01-19,36,36,0
2015-01-19,35,35,0
2015-01-19,27,27,0
2015-01-19,33,33,0
2015-01-19,23,23,0
2015-01-19,14,14,0
2015-01-19,15,15,0
2015-01-19,9,9,0
2015-01-19,4,4,0
2015-01-20,0,0,0
2015-01-20,0,0,0
2015-01-20,1,1,0
2015-01-20,2,2,0
2015-01-20,0,0,0
2015-01-20,2,2,0
2015-01-20,12,12,0
2015-01-20,15,15,0
2015-01-20,26,26,0
2015-01-20,34,34,0
2015-01-20,23,23,0
2015-01-20,24,24,0
2015-01-20,34,34,0
2015-01-20,41,40,1
2015-01-20,38,38,0
2015-01-20,32,31,1
2015-01-20,29,28,1
2015-01-20,27,27,0
2015-01-20,31,31,0
2015-01-20,24,24,0
2015-01-20,21,21,0
2015-01-20,15,15,0
2015-01-20,13,13,0
2015-01-20,4,4,0
2015-01-21,3,3,0
2015-01-21,0,0,0
2015-01-21,0,0,0
2015-01-21,3,3,0
2015-01-21,1,1,0
2015-01-21,2,2,0
2015-01-21,5,5,0
2015-01-21,11,11,0
2015-01-21,10,10,0
2015-01-21,22,22,0
2015-01-21,20,20,0
2015-01-21,27,27,0
2015-01-21,20,20,0
2015-01-21,38,38,0
2015-01-21,30,30,0
2015-01-21,33,33,0
2015-01-21,31,27,4
2015-01-21,28,27,1
2015-01-21,25,25,0
2015-01-21,26,26,0
2015-01-21,19,19,0
2015-01-21,14,14,0
2015-01-21,10,10,0
2015-01-21,2,2,0
2015-01-22,2,2,0
2015-01-22,1,1,0
2015-01-22,0,0,0
2015-01-22,0,0,0
2015-01-22,0,0,0
2015-01-22,3,3,0
2015-01-22,12,12,0
2015-01-22,15,15,0
2015-01-22,21,21,0
2015-01-22,21,21,0
2015-01-22,26,26,0
2015-01-22,34,34,0
2015-01-22,35,35,0
2015-01-22,32,32,0
2015-01-22,46,45,1
2015-01-22,30,30,0
2015-01-22,35,35,0
2015-01-22,49,48,1
2015-01-22,30,30,0
2015-01-22,25,25,0
2015-01-22,17,17,0
2015-01-22,14,14,0
2015-01-22,13,13,0
2015-01-22,8,8,0
2015-01-23,1,1,0
2015-01-23,0,0,0
2015-01-23,4,4,0
2015-01-23,1,1,0
2015-01-23,0,0,0
2015-01-23,0,0,0
2015-01-23,10,10,0
2015-01-23,30,30,0
2015-01-23,40,40,0
2015-01-23,29,29,0
2015-01-23,17,16,1
2015-01-23,53,52,1
2015-01-23,37,36,1
2015-01-23,37,37,0
2015-01-23,44,44,0
2015-01-23,41,41,0
2015-01-23,41,41,0
2015-01-23,42,42,0
2015-01-23,49,49,0
2015-01-23,54,50,4
2015-01-23,36,36,0
2015-01-23,22,21,1
2015-01-23,12,12,0
2015-01-23,9,9,0
2015-01-24,4,4,0
2015-01-24,7,7,0
2015-01-24,2,2,0
2015-01-24,2,2,0
2015-01-24,0,0,0
2015-01-24,2,2,0
2015-01-24,2,2,0
2015-01-24,8,8,0
2015-01-24,11,11,0
2015-01-24,33,33,0
2015-01-24,45,43,2
2015-01-24,35,35,0
2015-01-24,72,72,0
2015-01-24,69,69,0
2015-01-24,76,76,0
2015-01-24,42,42,0
2015-01-24,31,31,0
2015-01-24,49,49,0
2015-01-24,48,48,0
2015-01-24,49,49,0
2015-01-24,23,22,1
2015-01-24,22,21,1
2015-01-24,17,17,0
2015-01-24,11,11,0
2015-01-25,14,14,0
2015-01-25,3,3,0
2015-01-25,1,1,0
2015-01-25,2,2,0
2015-01-25,0,0,0
2015-01-25,0,0,0
2015-01-25,3,3,0
2015-01-25,5,5,0
2015-01-25,5,5,0
2015-01-25,17,17,0
2015-01-25,19,19,0
2015-01-25,40,40,0
2015-01-25,54,54,0
2015-01-25,62,62,0
2015-01-25,44,44,0
2015-01-25,43,43,0
2015-01-25,56,55,1
2015-01-25,38,38,0
2015-01-25,30,30,0
2015-01-25,22,22,0
2015-01-25,10,10,0
2015-01-25,17,17,0
2015-01-25,7,7,0
2015-01-25,8,8,0
2015-01-26,8,8,0
2015-01-26,2,2,0
2015-01-26,2,2,0
2015-01-26,3,3,0
2015-01-26,2,2,0
2015-01-26,0,0,0
2015-01-26,11,11,0
2015-01-26,22,22,0
2015-01-26,32,32,0
2015-01-26,21,21,0
2015-01-26,26,25,1
2015-01-26,21,21,0
2015-01-26,38,38,0
2015-01-26,30,30,0
2015-01-26,39,39,0
2015-01-26,29,29,0
2015-01-26,39,39,0
2015-01-26,35,35,0
2015-01-26,34,34,0
2015-01-26,32,32,0
2015-01-26,19,19,0
2015-01-26,24,24,0
2015-01-26,8,8,0
2015-01-26,4,4,0
2015-01-27,3,3,0
2015-01-27,4,4,0
2015-01-27,2,2,0
2015-01-27,3,3,0
2015-01-27,0,0,0
2015-01-27,1,1,0
2015-01-27,13,13,0
2015-01-27,26,26,0
2015-01-27,38,37,1
2015-01-27,37,37,0
2015-01-27,19,19,0
2015-01-27,37,34,3
2015-01-27,39,39,0
2015-01-27,55,54,1
2015-01-27,42,42,0
2015-01-27,40,40,0
2015-01-27,39,39,0
2015-01-27,45,45,0
2015-01-27,27,27,0
2015-01-27,24,24,0
2015-01-27,10,10,0
2015-01-27,10,10,0
2015-01-27,6,6,0
2015-01-27,5,5,0
2015-01-28,2,2,0
2015-01-28,0,0,0
2015-01-28,1,1,0
2015-01-28,0,0,0
2015-01-28,3,3,0
2015-01-28,1,1,0
2015-01-28,9,9,0
2015-01-28,28,28,0
2015-01-28,23,21,2
2015-01-28,31,30,1
2015-01-28,29,29,0
2015-01-28,26,25,1
2015-01-28,37,37,0
2015-01-28,33,33,0
2015-01-28,43,43,0
2015-01-28,35,35,0
2015-01-28,35,35,0
2015-01-28,42,42,0
2015-01-28,39,38,1
2015-01-28,31,31,0
2015-01-28,27,27,0
2015-01-28,14,14,0
2015-01-28,8,8,0
2015-01-28,0,0,0
2015-01-29,4,4,0
2015-01-29,1,1,0
2015-01-29,2,2,0
2015-01-29,2,2,0
2015-01-29,0,0,0
2015-01-29,4,4,0
2015-01-29,3,3,0
2015-01-29,30,28,2
2015-01-29,25,25,0
2015-01-29,38,38,0
2015-01-29,41,41,0
2015-01-29,41,41,0
2015-01-29,33,33,0
2015-01-29,40,39,1
2015-01-29,22,22,0
2015-01-29,43,43,0
2015-01-29,39,39,0
2015-01-29,39,39,0
2015-01-29,34,34,0
2015-01-29,27,27,0
2015-01-29,15,15,0
2015-01-29,13,13,0
2015-01-29,13,13,0
2015-01-29,5,5,0
2015-01-30,2,2,0
2015-01-30,3,3,0
2015-01-30,5,5,0
2015-01-30,0,0,0
2015-01-30,0,0,0
2015-01-30,3,3,0
2015-01-30,6,6,0
2015-01-30,16,16,0
2015-01-30,26,26,0
2015-01-30,21,21,0
2015-01-30,43,43,0
2015-01-30,36,35,1
2015-01-30,33,33,0
2015-01-30,56,56,0
2015-01-30,44,44,0
2015-01-30,42,42,0
2015-01-30,36,36,0
2015-01-30,26,26,0
2015-01-30,49,49,0
2015-01-30,46,46,0
2015-01-30,27,27,0
2015-01-30,20,20,0
2015-01-30,6,6,0
2015-01-30,13,13,0
2015-01-31,3,3,0
2015-01-31,2,2,0
2015-01-31,3,2,1
2015-01-31,0,0,0
2015-01-31,2,2,0
2015-01-31,2,2,0
2015-01-31,0,0,0
2015-01-31,7,7,0
2015-01-31,15,15,0
2015-01-31,28,28,0
2015-01-31,50,50,0
2015-01-31,60,60,0
2015-01-31,60,60,0
2015-01-31,52,52,0
2015-01-31,61,59,2
2015-01-31,54,54,0
2015-01-31,45,44,1
2015-01-31,38,37,1
2015-01-31,55,55,0
2015-01-31,41,41,0
2015-01-31,16,16,0
2015-01-31,19,19,0
2015-01-31,13,13,0
2015-01-31,4,4,0
2015-02-01,4,4,0
2015-02-01,8,8,0
2015-02-01,2,2,0
2015-02-01,1,1,0
2015-02-01,1,1,0
2015-02-01,1,1,0
2015-02-01,7,7,0
2015-02-01,5,5,0
2015-02-01,10,10,0
2015-02-01,18,18,0
2015-02-01,22,22,0
2015-02-01,35,34,1
2015-02-01,43,42,1
2015-02-01,34,33,1
2015-02-01,49,48,1
2015-02-01,33,32,1
2015-02-01,11,11,0
2015-02-01,6,6,0
2015-02-01,5,5,0
2015-02-01,28,28,0
2015-02-01,25,25,0
2015-02-01,7,7,0
2015-02-01,4,4,0
2015-02-01,1,1,0
2015-02-02,2,2,0
2015-02-02,2,2,0
2015-02-02,0,0,0
2015-02-02,0,0,0
2015-02-02,4,4,0
2015-02-02,3,3,0
2015-02-02,19,19,0
2015-02-02,21,21,0
2015-02-02,18,18,0
2015-02-02,34,34,0
2015-02-02,30,27,3
2015-02-02,42,42,0
2015-02-02,52,52,0
2015-02-02,32,32,0
2015-02-02,43,42,1
2015-02-02,62,62,0
2015-02-02,44,43,1
2015-02-02,57,57,0
2015-02-02,42,42,0
2015-02-02,29,29,0
2015-02-02,20,20,0
2015-02-02,27,27,0
2015-02-02,9,9,0
2015-02-02,3,3,0
2015-02-03,4,4,0
2015-02-03,0,0,0
2015-02-03,0,0,0
2015-02-03,1,1,0
2015-02-03,5,5,0
2015-02-03,5,5,0
2015-02-03,17,16,1
2015-02-03,38,38,0
2015-02-03,47,47,0
2015-02-03,44,44,0
2015-02-03,44,44,0
2015-02-03,38,38,0
2015-02-03,,,
2015-02-03,,,
2015-02-03,,,
2015-02-03,,,
2015-02-03,,,
2015-02-03,,,
2015-02-03,,,
2015-02-03,,,
2015-02-03,,,
2015-02-03,,,
2015-02-03,,,
2015-02-03,,,
2015-02-04,,,
2015-02-04,,,
2015-02-04,,,
2015-02-04,,,
2015-02-04,,,
2015-02-04,,,
2015-02-04,,,
2015-02-04,,,
2015-02-04,,,
2015-02-04,,,
2015-02-04,,,
2015-02-04,,,
2015-02-04,,,
2015-02-04,,,
2015-02-04,,,
2015-02-04,,,
2015-02-04,,,
2015-02-04,,,
2015-02-04,,,
2015-02-04,,,
2015-02-04,,,
2015-02-04,,,
2015-02-04,,,
2015-02-04,,,
2015-02-05,,,
2015-02-05,,,
2015-02-05,,,
2015-02-05,,,
2015-02-05,,,
2015-02-05,,,
2015-02-05,,,
2015-02-05,,,
2015-02-05,,,
2015-02-05,,,
2015-02-05,,,
2015-02-05,,,
2015-02-05,,,
2015-02-05,,,
2015-02-05,,,
2015-02-05,,,
2015-02-05,,,
2015-02-05,,,
2015-02-05,,,
2015-02-05,,,
2015-02-05,,,
2015-02-05,,,
2015-02-05,,,
2015-02-05,,,
2015-02-06,,,
2015-02-06,,,
2015-02-06,,,
2015-02-06,,,
2015-02-06,,,
2015-02-06,,,
2015-02-06,,,
2015-02-06,,,
2015-02-06,,,
2015-02-06,,,
2015-02-06,,,
2015-02-06,,,
2015-02-06,,,
2015-02-06,,,
2015-02-06,,,
2015-02-06,,,
2015-02-06,,,
2015-02-06,,,
2015-02-06,,,
2015-02-06,,,
2015-02-06,,,
2015-02-06,,,
2015-02-06,,,
2015-02-06,,,
2015-02-07,,,
2015-02-07,,,
2015-02-07,,,
2015-02-07,,,
2015-02-07,,,
2015-02-07,,,
2015-02-07,,,
2015-02-07,,,
2015-02-07,,,
2015-02-07,,,
2015-02-07,,,
2015-02-07,,,
2015-02-07,,,
2015-02-07,,,
2015-02-07,,,
2015-02-07,,,
2015-02-07,,,
2015-02-07,,,
2015-02-07,,,
2015-02-07,,,
2015-02-07,,,
2015-02-07,,,
2015-02-07,,,
2015-02-07,,,
2015-02-08,,,
2015-02-08,,,
2015-02-08,,,
2015-02-08,,,
2015-02-08,,,
2015-02-08,,,
2015-02-08,,,
2015-02-08,,,
2015-02-08,,,
2015-02-08,,,
2015-02-08,,,
2015-02-08,,,
2015-02-08,,,
2015-02-08,,,
2015-02-08,,,
2015-02-08,,,
2015-02-08,,,
2015-02-08,,,
2015-02-08,,,
2015-02-08,,,
2015-02-08,,,
2015-02-08,,,
2015-02-08,,,
2015-02-08,,,
2015-02-09,,,
2015-02-09,,,
2015-02-09,,,
2015-02-09,,,
2015-02-09,,,
2015-02-09,,,
2015-02-09,,,
2015-02-09,,,
2015-02-09,,,
2015-02-09,,,
2015-02-09,,,
2015-02-09,,,
2015-02-09,,,
2015-02-09,,,
2015-02-09,,,
2015-02-09,,,
2015-02-09,,,
2015-02-09,,,
2015-02-09,,,
2015-02-09,,,
2015-02-09,,,
2015-02-09,,,
2015-02-09,,,
2015-02-09,,,
2015-02-10,,,
2015-02-10,,,
2015-02-10,,,
2015-02-10,,,
2015-02-10,,,
2015-02-10,,,
2015-02-10,,,
2015-02-10,,,
2015-02-10,,,
2015-02-10,,,
2015-02-10,,,
2015-02-10,,,
2015-02-10,,,
2015-02-10,,,
2015-02-10,,,
2015-02-10,,,
2015-02-10,,,
2015-02-10,,,
2015-02-10,,,
2015-02-10,,,
2015-02-10,,,
2015-02-10,,,
2015-02-10,,,
2015-02-10,,,
2015-02-11,,,
2015-02-11,,,
2015-02-11,,,
2015-02-11,,,
2015-02-11,,,
2015-02-11,,,
2015-02-11,,,
2015-02-11,,,
2015-02-11,,,
2015-02-11,,,
2015-02-11,,,
2015-02-11,,,
2015-02-11,,,
2015-02-11,,,
2015-02-11,,,
2015-02-11,,,
2015-02-11,,,
2015-02-11,,,
2015-02-11,,,
2015-02-11,,,
2015-02-11,,,
2015-02-11,,,
2015-02-11,,,
2015-02-11,,,
2015-02-12,,,
2015-02-12,,,
2015-02-12,,,
2015-02-12,,,
2015-02-12,,,
2015-02-12,,,
2015-02-12,,,
2015-02-12,,,
2015-02-12,,,
2015-02-12,,,
2015-02-12,,,
2015-02-12,,,
2015-02-12,,,
2015-02-12,17,14,3
2015-02-12,12,6,6
2015-02-12,19,8,11
2015-02-12,14,5,9
2015-02-12,18,8,10
2015-02-12,16,7,9
2015-02-12,16,7,9
2015-02-12,3,3,0
2015-02-12,10,3,7
2015-02-12,0,0,0
2015-02-12,1,0,1
2015-02-13,0,0,0
2015-02-13,0,0,0
2015-02-13,0,0,0
2015-02-13,0,0,0
2015-02-13,0,0,0
2015-02-13,1,1,0
2015-02-13,4,3,1
2015-02-13,10,4,6
2015-02-13,8,5,3
2015-02-13,18,8,10
2015-02-13,6,5,1
2015-02-13,9,5,4
2015-02-13,8,5,3
2015-02-13,6,3,3
2015-02-13,15,12,3
2015-02-13,16,13,3
2015-02-13,11,5,6
2015-02-13,20,11,9
2015-02-13,14,7,7
2015-02-13,6,3,3
2015-02-13,5,2,3
2015-02-13,2,2,0
2015-02-13,4,1,3
2015-02-13,1,1,0
2015-02-14,2,1,1
2015-02-14,1,0,1
2015-02-14,2,2,0
2015-02-14,0,0,0
2015-02-14,0,0,0
2015-02-14,1,1,0
2015-02-14,0,0,0
2015-02-14,2,1,1
2015-02-14,3,1,2
2015-02-14,14,5,9
2015-02-14,16,11,5
2015-02-14,11,7,4
2015-02-14,7,6,1
2015-02-14,14,6,8
2015-02-14,27,16,11
2015-02-14,17,8,9
2015-02-14,20,14,6
2015-02-14,13,10,3
2015-02-14,15,11,4
2015-02-14,5,1,4
2015-02-14,11,8,3
2015-02-14,0,0,0
2015-02-14,10,8,2
2015-02-14,2,2,0
2015-02-15,0,0,0
2015-02-15,1,1,0
2015-02-15,0,0,0
2015-02-15,0,0,0
2015-02-15,0,0,0
2015-02-15,0,0,0
2015-02-15,0,0,0
2015-02-15,1,1,0
2015-02-15,8,7,1
2015-02-15,14,8,6
2015-02-15,5,1,4
2015-02-15,25,17,8
2015-02-15,15,10,5
2015-02-15,17,11,6
2015-02-15,16,9,7
2015-02-15,21,15,6
2015-02-15,10,4,6
2015-02-15,16,7,9
2015-02-15,4,3,1
2015-02-15,1,1,0
2015-02-15,4,3,1
2015-02-15,2,1,1
2015-02-15,2,0,2
2015-02-15,0,0,0
2015-02-16,1,0,1
2015-02-16,0,0,0
2015-02-16,2,2,0
2015-02-16,0,0,0
2015-02-16,0,0,0
2015-02-16,0,0,0
2015-02-16,2,0,2
2015-02-16,4,1,3
2015-02-16,3,2,1
2015-02-16,20,4,16
2015-02-16,9,1,8
2015-02-16,22,13,9
2015-02-16,15,8,7
2015-02-16,20,12,8
2015-02-16,8,3,5
2015-02-16,17,11,6
2015-02-16,10,6,4
2015-02-16,10,8,2
2015-02-16,7,4,3
2015-02-16,4,4,0
2015-02-16,4,1,3
2015-02-16,0,0,0
2015-02-16,4,3,1
2015-02-16,0,0,0
2015-02-17,0,0,0
2015-02-17,0,0,0
2015-02-17,0,0,0
2015-02-17,0,0,0
2015-02-17,0,0,0
2015-02-17,1,1,0
2015-02-17,3,1,2
2015-02-17,5,3,2
2015-02-17,11,6,5
2015-02-17,10,5,5
2015-02-17,1,1,0
2015-02-17,2,1,1
2015-02-17,5,3,2
2015-02-17,8,6,2
2015-02-17,5,4,1
2015-02-17,9,7,2
2015-02-17,11,5,6
2015-02-17,16,11,5
2015-02-17,21,16,5
2015-02-17,8,4,4
2015-02-17,6,5,1
2015-02-17,10,10,0
2015-02-17,3,2,1
2015-02-17,1,1,0
2015-02-18,0,0,0
2015-02-18,0,0,0
2015-02-18,0,0,0
2015-02-18,0,0,0
2015-02-18,0,0,0
2015-02-18,0,0,0
2015-02-18,4,2,2
2015-02-18,6,4,2
2015-02-18,7,4,3
2015-02-18,15,10,5
2015-02-18,3,1,2
2015-02-18,11,8,3
2015-02-18,11,6,5
2015-02-18,7,2,5
2015-02-18,17,11,6
2015-02-18,15,10,5
2015-02-18,9,1,8
2015-02-18,14,9,5
2015-02-18,9,4,5
2015-02-18,3,2,1
2015-02-18,2,2,0
2015-02-18,2,1,1
2015-02-18,7,5,2
2015-02-18,4,4,0
2015-02-19,1,0,1
2015-02-19,0,0,0
2015-02-19,0,0,0
2015-02-19,0,0,0
2015-02-19,0,0,0
2015-02-19,2,2,0
2015-02-19,4,3,1
2015-02-19,3,3,0
2015-02-19,7,4,3
2015-02-19,5,3,2
2015-02-19,7,2,5
2015-02-19,8,3,5
2015-02-19,3,2,1
2015-02-19,1,1,0
2015-02-19,4,1,3
2015-02-19,8,6,2
2015-02-19,17,12,5
2015-02-19,12,5,7
2015-02-19,23,9,14
2015-02-19,9,7,2
2015-02-19,3,1,2
2015-02-19,2,1,1
2015-02-19,3,3,0
2015-02-19,3,3,0
2015-02-20,0,0,0
2015-02-20,1,1,0
2015-02-20,0,0,0
2015-02-20,0,0,0
2015-02-20,0,0,0
2015-02-20,0,0,0
2015-02-20,4,4,0
2015-02-20,4,2,2
2015-02-20,7,3,4
2015-02-20,11,7,4
2015-02-20,10,6,4
2015-02-20,17,8,9
2015-02-20,12,8,4
2015-02-20,10,7,3
2015-02-20,14,9,5
2015-02-20,16,7,9
2015-02-20,15,5,10
2015-02-20,14,7,7
2015-02-20,16,4,12
2015-02-20,2,2,0
2015-02-20,3,2,1
2015-02-20,5,1,4
2015-02-20,5,2,3
2015-02-20,0,0,0
2015-02-21,3,1,2
2015-02-21,0,0,0
2015-02-21,0,0,0
2015-02-21,0,0,0
2015-02-21,2,0,2
2015-02-21,0,0,0
2015-02-21,0,0,0
2015-02-21,0,0,0
2015-02-21,3,3,0
2015-02-21,4,1,3
2015-02-21,10,7,3
2015-02-21,13,9,4
2015-02-21,42,39,3
2015-02-21,15,7,8
2015-02-21,17,10,7
2015-02-21,12,6,6
2015-02-21,6,1,5
2015-02-21,14,10,4
2015-02-21,19,15,4
2015-02-21,16,9,7
2015-02-21,0,0,0
2015-02-21,2,2,0
2015-02-21,2,0,2
2015-02-21,1,1,0
2015-02-22,2,2,0
2015-02-22,0,0,0
2015-02-22,1,1,0
2015-02-22,2,0,2
2015-02-22,0,0,0
2015-02-22,0,0,0
2015-02-22,1,0,1
2015-02-22,1,1,0
2015-02-22,2,1,1
2015-02-22,3,1,2
2015-02-22,16,9,7
2015-02-22,7,4,3
2015-02-22,22,6,16
2015-02-22,16,11,5
2015-02-22,23,15,8
2015-02-22,7,5,2
2015-02-22,13,5,8
2015-02-22,19,10,9
2015-02-22,9,5,4
2015-02-22,2,2,0
2015-02-22,5,5,0
2015-02-22,0,0,0
2015-02-22,1,1,0
2015-02-22,0,0,0
2015-02-23,0,0,0
2015-02-23,0,0,0
2015-02-23,0,0,0
2015-02-23,0,0,0
2015-02-23,0,0,0
2015-02-23,2,0,2
2015-02-23,1,0,1
2015-02-23,7,6,1
2015-02-23,10,5,5
2015-02-23,8,3,5
2015-02-23,15,10,5
2015-02-23,5,3,2
2015-02-23,14,8,6
2015-02-23,10,5,5
2015-02-23,9,6,3
2015-02-23,21,12,9
2015-02-23,13,8,5
2015-02-23,28,14,14
2015-02-23,16,8,8
2015-02-23,7,5,2
2015-02-23,2,1,1
2015-02-23,0,0,0
2015-02-23,2,0,2
2015-02-23,2,0,2
2015-02-24,1,1,0
2015-02-24,0,0,0
2015-02-24,0,0,0
2015-02-24,0,0,0
2015-02-24,0,0,0
2015-02-24,0,0,0
2015-02-24,4,2,2
2015-02-24,8,5,3
2015-02-24,18,10,8
2015-02-24,8,2,6
2015-02-24,5,4,1
2015-02-24,6,2,4
2015-02-24,9,5,4
2015-02-24,3,2,1
2015-02-24,14,10,4
2015-02-24,16,9,7
2015-02-24,11,6,5
2015-02-24,14,8,6
2015-02-24,8,5,3
2015-02-24,14,4,10
2015-02-24,3,2,1
2015-02-24,12,9,3
2015-02-24,3,3,0
2015-02-24,1,1,0
2015-02-25,1,0,1
2015-02-25,0,0,0
2015-02-25,0,0,0
2015-02-25,0,0,0
2015-02-25,0,0,0
2015-02-25,1,0,1
2015-02-25,2,1,1
2015-02-25,7,4,3
2015-02-25,10,6,4
2015-02-25,8,1,7
2015-02-25,1,1,0
2015-02-25,3,2,1
2015-02-25,6,2,4
2015-02-25,6,5,1
2015-02-25,3,1,2
2015-02-25,5,3,2
2015-02-25,11,8,3
2015-02-25,4,2,2
2015-02-25,9,5,4
2015-02-25,3,3,0
2015-02-25,2,2,0
2015-02-25,2,1,1
2015-02-25,0,0,0
2015-02-25,4,2,2
2015-02-26,0,0,0
2015-02-26,0,0,0
2015-02-26,0,0,0
2015-02-26,0,0,0
2015-02-26,0,0,0
2015-02-26,0,0,0
2015-02-26,4,3,1
2015-02-26,8,6,2
2015-02-26,13,6,7
2015-02-26,5,4,1
2015-02-26,4,0,4
2015-02-26,1,1,0
2015-02-26,7,2,5
2015-02-26,7,6,1
2015-02-26,4,2,2
2015-02-26,3,2,1
2015-02-26,7,3,4
2015-02-26,13,6,7
2015-02-26,12,7,5
2015-02-26,6,4,2
2015-02-26,6,1,5
2015-02-26,2,2,0
2015-02-26,1,1,0
2015-02-26,1,1,0
2015-02-27,0,0,0
2015-02-27,0,0,0
2015-02-27,0,0,0
2015-02-27,0,0,0
2015-02-27,0,0,0
2015-02-27,0,0,0
2015-02-27,3,2,1
2015-02-27,6,4,2
2015-02-27,8,4,4
2015-02-27,6,4,2
2015-02-27,8,4,4
2015-02-27,6,6,0
2015-02-27,11,6,5
2015-02-27,9,4,5
2015-02-27,11,6,5
2015-02-27,11,9,2
2015-02-27,4,2,2
2015-02-27,8,5,3
2015-02-27,9,4,5
2015-02-27,4,2,2
2015-02-27,2,0,2
2015-02-27,3,2,1
2015-02-27,1,1,0
2015-02-27,1,1,0
2015-02-28,0,0,0
2015-02-28,0,0,0
2015-02-28,1,0,1
2015-02-28,0,0,0
2015-02-28,0,0,0
2015-02-28,1,1,0
2015-02-28,0,0,0
2015-02-28,2,2,0
2015-02-28,5,1,4
2015-02-28,10,8,2
2015-02-28,17,3,14
2015-02-28,17,8,9
2015-02-28,19,11,8
2015-02-28,16,5,11
2015-02-28,28,8,20
2015-02-28,9,3,6
2015-02-28,27,15,12
2015-02-28,14,10,4
2015-02-28,10,2,8
2015-02-28,5,5,0
2015-02-28,4,2,2
2015-02-28,4,4,0
2015-02-28,3,2,1
2015-02-28,5,4,1
2015-03-01,1,0,1
2015-03-01,0,0,0
2015-03-01,0,0,0
2015-03-01,0,0,0
2015-03-01,0,0,0
2015-03-01,0,0,0
2015-03-01,0,0,0
2015-03-01,2,2,0
2015-03-01,5,3,2
2015-03-01,4,1,3
2015-03-01,10,5,5
2015-03-01,15,3,12
2015-03-01,27,18,9
2015-03-01,27,10,17
2015-03-01,15,10,5
2015-03-01,15,8,7
2015-03-01,27,17,10
2015-03-01,9,6,3
2015-03-01,9,4,5
2015-03-01,1,1,0
2015-03-01,4,3,1
2015-03-01,1,1,0
2015-03-01,2,2,0
2015-03-01,1,0,1
2015-03-02,0,0,0
2015-03-02,1,0,1
2015-03-02,0,0,0
2015-03-02,0,0,0
2015-03-02,0,0,0
2015-03-02,0,0,0
2015-03-02,2,1,1
2015-03-02,5,5,0
2015-03-02,8,3,5
2015-03-02,10,4,6
2015-03-02,6,3,3
2015-03-02,7,1,6
2015-03-02,7,1,6
2015-03-02,9,4,5
2015-03-02,10,5,5
2015-03-02,3,1,2
2015-03-02,4,4,0
2015-03-02,12,6,6
2015-03-02,8,4,4
2015-03-02,7,6,1
2015-03-02,2,0,2
2015-03-02,0,0,0
2015-03-02,2,2,0
2015-03-02,0,0,0
2015-03-03,0,0,0
2015-03-03,0,0,0
2015-03-03,0,0,0
2015-03-03,0,0,0
2015-03-03,1,0,1
2015-03-03,0,0,0
2015-03-03,2,0,2
2015-03-03,10,10,0
2015-03-03,9,2,7
2015-03-03,13,6,7
2015-03-03,7,1,6
2015-03-03,13,6,7
2015-03-03,14,4,10
2015-03-03,11,6,5
2015-03-03,17,8,9
2015-03-03,12,6,6
2015-03-03,19,8,11
2015-03-03,26,12,14
2015-03-03,13,6,7
2015-03-03,12,4,8
2015-03-03,4,3,1
2015-03-03,4,4,0
2015-03-03,2,2,0
2015-03-03,0,0,0
2015-03-04,0,0,0
2015-03-04,0,0,0
2015-03-04,0,0,0
2015-03-04,0,0,0
2015-03-04,0,0,0
2015-03-04,0,0,0
2015-03-04,3,0,3
2015-03-04,7,4,3
2015-03-04,6,3,3
2015-03-04,13,7,6
2015-03-04,9,4,5
2015-03-04,11,4,7
2015-03-04,8,3,5
2015-03-04,23,14,9
2015-03-04,7,1,6
2015-03-04,10,7,3
2015-03-04,14,9,5
2015-03-04,13,9,4
2015-03-04,9,1,8
2015-03-04,7,4,3
2015-03-04,2,1,1
2015-03-04,2,2,0
2015-03-04,1,1,0
2015-03-04,4,3,1
2015-03-05,0,0,0
2015-03-05,0,0,0
2015-03-05,0,0,0
2015-03-05,0,0,0
2015-03-05,0,0,0
2015-03-05,0,0,0
2015-03-05,6,3,3
2015-03-05,3,3,0
2015-03-05,9,7,2
2015-03-05,7,4,3
2015-03-05,5,2,3
2015-03-05,4,1,3
2015-03-05,16,9,7
2015-03-05,9,3,6
2015-03-05,5,4,1
2015-03-05,10,4,6
2015-03-05,15,8,7
2015-03-05,22,13,9
2015-03-05,15,8,7
2015-03-05,5,3,2
2015-03-05,8,3,5
2015-03-05,6,5,1
2015-03-05,3,1,2
2015-03-05,7,6,1
2015-03-06,0,0,0
2015-03-06,1,0,1
2015-03-06,0,0,0
2015-03-06,0,0,0
2015-03-06,0,0,0
2015-03-06,0,0,0
2015-03-06,2,2,0
2015-03-06,3,1,2
2015-03-06,10,2,8
2015-03-06,9,2,7
2015-03-06,8,4,4
2015-03-06,17,5,12
2015-03-06,11,7,4
2015-03-06,21,11,10
2015-03-06,14,11,3
2015-03-06,20,11,9
2015-03-06,7,4,3
2015-03-06,14,6,8
2015-03-06,17,9,8
2015-03-06,6,1,5
2015-03-06,5,4,1
2015-03-06,3,2,1
2015-03-06,4,4,0
2015-03-06,2,1,1
2015-03-07,6,5,1
2015-03-07,1,1,0
2015-03-07,3,3,0
2015-03-07,0,0,0
2015-03-07,0,0,0
2015-03-07,0,0,0
2015-03-07,2,2,0
2015-03-07,1,0,1
2015-03-07,7,4,3
2015-03-07,8,5,3
2015-03-07,19,12,7
2015-03-07,21,12,9
2015-03-07,24,20,4
2015-03-07,18,7,11
2015-03-07,19,9,10
2015-03-07,32,16,16
2015-03-07,23,13,10
2015-03-07,27,17,10
2015-03-07,17,8,9
2015-03-07,4,1,3
2015-03-07,2,1,1
2015-03-07,4,2,2
2015-03-07,1,0,1
2015-03-07,4,3,1
2015-03-08,2,1,1
2015-03-08,1,1,0
2015-03-08,,,
2015-03-08,0,0,0
2015-03-08,0,0,0
2015-03-08,0,0,0
2015-03-08,0,0,0
2015-03-08,0,0,0
2015-03-08,2,0,2
2015-03-08,4,1,3
2015-03-08,8,2,6
2015-03-08,16,6,10
2015-03-08,22,11,11
2015-03-08,29,11,18
2015-03-08,32,17,15
2015-03-08,33,16,17
2015-03-08,35,19,16
2015-03-08,11,8,3
2015-03-08,6,4,2
2015-03-08,7,4,3
2015-03-08,0,0,0
2015-03-08,2,1,1
2015-03-08,3,2,1
2015-03-08,0,0,0
2015-03-09,0,0,0
2015-03-09,1,0,1
2015-03-09,0,0,0
2015-03-09,0,0,0
2015-03-09,0,0,0
2015-03-09,1,0,1
2015-03-09,2,1,1
2015-03-09,8,7,1
2015-03-09,8,1,7
2015-03-09,10,5,5
2015-03-09,4,1,3
2015-03-09,7,2,5
2015-03-09,7,1,6
2015-03-09,1,1,0
2015-03-09,8,3,5
2015-03-09,9,6,3
2015-03-09,12,7,5
2015-03-09,17,5,12
2015-03-09,8,5,3
2015-03-09,22,16,6
2015-03-09,3,1,2
2015-03-09,5,3,2
2015-03-09,0,0,0
2015-03-09,5,5,0
2015-03-10,1,0,1
2015-03-10,1,1,0
2015-03-10,0,0,0
2015-03-10,0,0,0
2015-03-10,0,0,0
2015-03-10,0,0,0
2015-03-10,7,5,2
2015-03-10,3,3,0
2015-03-10,16,9,7
2015-03-10,22,10,12
2015-03-10,3,2,1
2015-03-10,8,3,5
2015-03-10,13,8,5
2015-03-10,10,8,2
2015-03-10,7,4,3
2015-03-10,8,7,1
2015-03-10,5,2,3
2015-03-10,21,10,11
2015-03-10,17,8,9
2015-03-10,6,2,4
2015-03-10,5,0,5
2015-03-10,8,8,0
2015-03-10,3,1,2
2015-03-10,2,0,2
2015-03-11,1,0,1
2015-03-11,1,0,1
2015-03-11,0,0,0
2015-03-11,0,0,0
2015-03-11,0,0,0
2015-03-11,0,0,0
2015-03-11,2,0,2
2015-03-11,4,3,1
2015-03-11,6,4,2
2015-03-11,15,6,9
2015-03-11,2,0,2
2015-03-11,4,4,0
2015-03-11,5,3,2
2015-03-11,15,9,6
2015-03-11,14,7,7
2015-03-11,3,0,3
2015-03-11,5,3,2
2015-03-11,15,11,4
2015-03-11,8,6,2
2015-03-11,14,6,8
2015-03-11,3,2,1
2015-03-11,6,4,2
2015-03-11,2,2,0
2015-03-11,1,1,0
2015-03-12,0,0,0
2015-03-12,2,0,2
2015-03-12,0,0,0
2015-03-12,0,0,0
2015-03-12,0,0,0
2015-03-12,3,3,0
2015-03-12,7,6,1
2015-03-12,2,2,0
2015-03-12,10,5,5
2015-03-12,8,3,5
2015-03-12,9,6,3
2015-03-12,8,6,2
2015-03-12,8,3,5
2015-03-12,10,8,2
2015-03-12,4,1,3
2015-03-12,8,6,2
2015-03-12,14,12,2
2015-03-12,22,11,11
2015-03-12,13,4,9
2015-03-12,10,6,4
2015-03-12,10,5,5
2015-03-12,5,3,2
2015-03-12,3,3,0
2015-03-12,1,1,0
2015-03-13,2,2,0
2015-03-13,0,0,0
2015-03-13,0,0,0
2015-03-13,0,0,0
2015-03-13,0,0,0
2015-03-13,1,0,1
2015-03-13,5,5,0
2015-03-13,2,1,1
2015-03-13,15,8,7
2015-03-13,6,3,3
2015-03-13,8,4,4
2015-03-13,4,2,2
2015-03-13,15,5,10
2015-03-13,10,5,5
2015-03-13,16,10,6
2015-03-13,8,2,6
2015-03-13,14,8,6
2015-03-13,17,6,11
2015-03-13,8,4,4
2015-03-13,6,3,3
2015-03-13,4,2,2
2015-03-13,4,1,3
2015-03-13,4,3,1
2015-03-13,1,1,0
2015-03-14,0,0,0
2015-03-14,0,0,0
2015-03-14,0,0,0
2015-03-14,0,0,0
2015-03-14,0,0,0
2015-03-14,1,1,0
2015-03-14,3,2,1
2015-03-14,1,1,0
2015-03-14,2,1,1
2015-03-14,3,3,0
2015-03-14,5,3,2
2015-03-14,10,6,4
2015-03-14,4,4,0
2015-03-14,17,6,11
2015-03-14,11,7,4
2015-03-14,9,3,6
2015-03-14,9,5,4
2015-03-14,11,5,6
2015-03-14,11,5,6
2015-03-14,9,4,5
2015-03-14,5,5,0
2015-03-14,3,2,1
2015-03-14,2,2,0
2015-03-14,1,0,1
2015-03-15,0,0,0
2015-03-15,0,0,0
2015-03-15,1,1,0
2015-03-15,0,0,0
2015-03-15,0,0,0
2015-03-15,0,0,0
2015-03-15,0,0,0
2015-03-15,0,0,0
2015-03-15,1,0,1
2015-03-15,4,2,2
2015-03-15,2,1,1
2015-03-15,0,0,0
2015-03-15,3,2,1
2015-03-15,14,6,8
2015-03-15,10,3,7
2015-03-15,8,1,7
2015-03-15,3,1,2
2015-03-15,1,0,1
2015-03-15,2,2,0
2015-03-15,4,4,0
2015-03-15,4,2,2
2015-03-15,4,2,2
2015-03-15,2,2,0
2015-03-15,5,5,0
2015-03-16,0,0,0
2015-03-16,0,0,0
2015-03-16,0,0,0
2015-03-16,0,0,0
2015-03-16,0,0,0
2015-03-16,1,0,1
2015-03-16,2,0,2
2015-03-16,4,1,3
2015-03-16,9,1,8
2015-03-16,8,2,6
2015-03-16,6,4,2
2015-03-16,7,3,4
2015-03-16,7,4,3
2015-03-16,3,1,2
2015-03-16,4,3,1
2015-03-16,6,3,3
2015-03-16,13,6,7
2015-03-16,14,11,3
2015-03-16,13,3,10
2015-03-16,11,5,6
2015-03-16,6,4,2
2015-03-16,4,3,1
2015-03-16,2,2,0
2015-03-16,0,0,0
2015-03-17,0,0,0
2015-03-17,0,0,0
2015-03-17,0,0,0
2015-03-17,0,0,0
2015-03-17,0,0,0
2015-03-17,0,0,0
2015-03-17,1,0,1
2015-03-17,6,5,1
2015-03-17,8,2,6
2015-03-17,10,5,5
2015-03-17,7,2,5
2015-03-17,2,1,1
2015-03-17,6,5,1
2015-03-17,12,6,6
2015-03-17,5,4,1
2015-03-17,11,4,7
2015-03-17,11,5,6
2015-03-17,12,10,2
2015-03-17,17,4,13
2015-03-17,7,1,6
2015-03-17,4,4,0
2015-03-17,4,4,0
2015-03-17,2,0,2
2015-03-17,2,2,0
2015-03-18,1,0,1
2015-03-18,1,0,1
2015-03-18,0,0,0
2015-03-18,0,0,0
2015-03-18,0,0,0
2015-03-18,0,0,0
2015-03-18,7,6,1
2015-03-18,5,2,3
2015-03-18,10,3,7
2015-03-18,8,2,6
2015-03-18,4,3,1
2015-03-18,12,8,4
2015-03-18,10,5,5
2015-03-18,13,6,7
2015-03-18,6,2,4
2015-03-18,8,4,4
2015-03-18,13,5,8
2015-03-18,28,16,12
2015-03-18,13,6,7
2015-03-18,10,8,2
2015-03-18,7,3,4
2015-03-18,0,0,0
2015-03-18,1,1,0
2015-03-18,1,0,1
2015-03-19,0,0,0
2015-03-19,0,0,0
2015-03-19,0,0,0
2015-03-19,0,0,0
2015-03-19,0,0,0
2015-03-19,1,1,0
2015-03-19,5,2,3
2015-03-19,4,3,1
2015-03-19,8,2,6
2015-03-19,5,4,1
2015-03-19,5,3,2
2015-03-19,5,2,3
2015-03-19,9,5,4
2015-03-19,10,8,2
2015-03-19,8,5,3
2015-03-19,3,2,1
2015-03-19,10,7,3
2015-03-19,17,9,8
2015-03-19,6,4,2
2015-03-19,12,5,7
2015-03-19,7,4,3
2015-03-19,8,5,3
2015-03-19,0,0,0
2015-03-19,3,2,1
2015-03-20,2,1,1
2015-03-20,0,0,0
2015-03-20,0,0,0
2015-03-20,0,0,0
2015-03-20,0,0,0
2015-03-20,1,0,1
2015-03-20,2,2,0
2015-03-20,3,3,0
2015-03-20,7,4,3
2015-03-20,12,2,10
2015-03-20,6,3,3
2015-03-20,6,4,2
2015-03-20,16,9,7
2015-03-20,5,2,3
2015-03-20,4,2,2
2015-03-20,4,2,2
2015-03-20,9,7,2
2015-03-20,6,2,4
2015-03-20,11,1,10
2015-03-20,0,0,0
2015-03-20,2,0,2
2015-03-20,0,0,0
2015-03-20,3,2,1
2015-03-20,0,0,0
2015-03-21,0,0,0
2015-03-21,0,0,0
2015-03-21,1,0,1
2015-03-21,0,0,0
2015-03-21,0,0,0
2015-03-21,0,0,0
2015-03-21,1,0,1
2015-03-21,0,0,0
2015-03-21,2,0,2
2015-03-21,7,4,3
2015-03-21,11,3,8
2015-03-21,44,10,34
2015-03-21,12,3,9
2015-03-21,16,10,6
2015-03-21,19,10,9
2015-03-21,22,9,13
2015-03-21,14,7,7
2015-03-21,17,5,12
2015-03-21,13,8,5
2015-03-21,8,5,3
2015-03-21,5,3,2
2015-03-21,6,5,1
2015-03-21,1,0,1
2015-03-21,0,0,0
2015-03-22,1,0,1
2015-03-22,1,1,0
2015-03-22,0,0,0
2015-03-22,0,0,0
2015-03-22,0,0,0
2015-03-22,0,0,0
2015-03-22,0,0,0
2015-03-22,0,0,0
2015-03-22,6,1,5
2015-03-22,3,2,1
2015-03-22,10,4,6
2015-03-22,6,1,5
2015-03-22,8,2,6
2015-03-22,15,8,7
2015-03-22,3,1,2
2015-03-22,6,2,4
2015-03-22,13,5,8
2015-03-22,7,2,5
2015-03-22,5,1,4
2015-03-22,1,1,0
2015-03-22,3,3,0
2015-03-22,2,2,0
2015-03-22,1,1,0
2015-03-22,1,1,0
2015-03-23,0,0,0
2015-03-23,0,0,0
2015-03-23,0,0,0
2015-03-23,0,0,0
2015-03-23,0,0,0
2015-03-23,0,0,0
2015-03-23,0,0,0
2015-03-23,7,3,4
2015-03-23,2,0,2
2015-03-23,7,1,6
2015-03-23,7,4,3
2015-03-23,5,3,2
2015-03-23,4,2,2
2015-03-23,6,3,3
2015-03-23,3,2,1
2015-03-23,3,1,2
2015-03-23,12,4,8
2015-03-23,14,7,7
2015-03-23,7,0,7
2015-03-23,3,3,0
2015-03-23,1,1,0
2015-03-23,3,3,0
2015-03-23,2,2,0
2015-03-23,3,1,2
2015-03-24,3,2,1
2015-03-24,1,1,0
2015-03-24,1,0,1
2015-03-24,0,0,0
2015-03-24,0,0,0
2015-03-24,0,0,0
2015-03-24,3,2,1
2015-03-24,3,0,3
2015-03-24,11,3,8
2015-03-24,9,1,8
2015-03-24,11,4,7
2015-03-24,8,4,4
2015-03-24,8,7,1
2015-03-24,5,4,1
2015-03-24,8,5,3
2015-03-24,7,5,2
2015-03-24,10,5,5
2015-03-24,14,5,9
2015-03-24,15,6,9
2015-03-24,9,1,8
2015-03-24,4,2,2
2015-03-24,2,1,1
2015-03-24,4,3,1
2015-03-24,1,1,0
2015-03-25,3,1,2
2015-03-25,0,0,0
2015-03-25,0,0,0
2015-03-25,0,0,0
2015-03-25,0,0,0
2015-03-25,1,0,1
2015-03-25,1,0,1
2015-03-25,8,5,3
2015-03-25,3,3,0
2015-03-25,9,2,7
2015-03-25,13,8,5
2015-03-25,8,2,6
2015-03-25,8,6,2
2015-03-25,8,6,2
2015-03-25,4,3,1
2015-03-25,8,6,2
2015-03-25,7,6,1
2015-03-25,9,2,7
2015-03-25,15,4,11
2015-03-25,8,5,3
2015-03-25,2,0,2
2015-03-25,8,5,3
2015-03-25,1,0,1
2015-03-25,2,1,1
2015-03-26,0,0,0
2015-03-26,0,0,0
2015-03-26,0,0,0
2015-03-26,0,0,0
2015-03-26,0,0,0
2015-03-26,0,0,0
2015-03-26,8,5,3
2015-03-26,8,4,4
2015-03-26,9,2,7
2015-03-26,8,4,4
2015-03-26,10,3,7
2015-03-26,4,4,0
2015-03-26,14,8,6
2015-03-26,11,10,1
2015-03-26,9,7,2
2015-03-26,11,7,4
2015-03-26,19,10,9
2015-03-26,15,9,6
2015-03-26,18,7,11
2015-03-26,9,8,1
2015-03-26,8,5,3
2015-03-26,5,0,5
2015-03-26,2,0,2
2015-03-26,6,6,0
2015-03-27,0,0,0
2015-03-27,0,0,0
2015-03-27,0,0,0
2015-03-27,0,0,0
2015-03-27,0,0,0
2015-03-27,0,0,0
2015-03-27,0,0,0
2015-03-27,4,2,2
2015-03-27,13,9,4
2015-03-27,12,2,10
2015-03-27,7,3,4
2015-03-27,12,9,3
2015-03-27,11,4,7
2015-03-27,8,3,5
2015-03-27,11,7,4
2015-03-27,11,5,6
2015-03-27,15,6,9
2015-03-27,18,11,7
2015-03-27,18,8,10
2015-03-27,15,7,8
2015-03-27,5,1,4
2015-03-27,9,7,2
2015-03-27,0,0,0
2015-03-27,2,0,2
2015-03-28,2,2,0
2015-03-28,0,0,0
2015-03-28,0,0,0
2015-03-28,0,0,0
2015-03-28,0,0,0
2015-03-28,0,0,0
2015-03-28,2,2,0
2015-03-28,0,0,0
2015-03-28,6,1,5
2015-03-28,8,4,4
2015-03-28,10,3,7
2015-03-28,16,9,7
2015-03-28,24,18,6
2015-03-28,24,3,21
2015-03-28,8,4,4
2015-03-28,17,9,8
2015-03-28,18,11,7
2015-03-28,16,8,8
2015-03-28,9,6,3
2015-03-28,4,3,1
2015-03-28,9,6,3
2015-03-28,3,1,2
2015-03-28,1,0,1
2015-03-28,5,2,3
2015-03-29,0,0,0
2015-03-29,0,0,0
2015-03-29,0,0,0
2015-03-29,0,0,0
2015-03-29,0,0,0
2015-03-29,0,0,0
2015-03-29,0,0,0
2015-03-29,0,0,0
2015-03-29,3,1,2
2015-03-29,6,3,3
2015-03-29,4,0,4
2015-03-29,10,4,6
2015-03-29,16,10,6
2015-03-29,10,4,6
2015-03-29,10,4,6
2015-03-29,10,4,6
2015-03-29,9,4,5
2015-03-29,13,8,5
2015-03-29,2,2,0
2015-03-29,7,5,2
2015-03-29,8,8,0
2015-03-29,2,1,1
2015-03-29,0,0,0
2015-03-29,1,1,0
2015-03-30,0,0,0
2015-03-30,0,0,0
2015-03-30,0,0,0
2015-03-30,0,0,0
2015-03-30,1,0,1
2015-03-30,0,0,0
2015-03-30,4,2,2
2015-03-30,10,7,3
2015-03-30,10,0,10
2015-03-30,10,6,4
2015-03-30,6,2,4
2015-03-30,7,4,3
2015-03-30,6,3,3
2015-03-30,11,6,5
2015-03-30,7,1,6
2015-03-30,14,7,7
2015-03-30,18,9,9
2015-03-30,15,6,9
2015-03-30,17,8,9
2015-03-30,8,7,1
2015-03-30,7,2,5
2015-03-30,1,1,0
2015-03-30,3,2,1
2015-03-30,2,1,1
2015-03-31,0,0,0
2015-03-31,1,0,1
2015-03-31,0,0,0
2015-03-31,0,0,0
2015-03-31,1,0,1
2015-03-31,2,2,0
2015-03-31,2,1,1
2015-03-31,3,2,1
2015-03-31,6,2,4
2015-03-31,5,4,1
2015-03-31,3,0,3
2015-03-31,6,2,4
2015-03-31,3,2,1
2015-03-31,6,3,3
2015-03-31,11,4,7
2015-03-31,10,4,6
2015-03-31,6,5,1
2015-03-31,6,5,1
2015-03-31,3,1,2
2015-03-31,10,4,6
2015-03-31,3,3,0
2015-03-31,1,1,0
2015-03-31,1,0,1
2015-03-31,3,2,1
2015-04-01,5,5,0
2015-04-01,0,0,0
2015-04-01,0,0,0
2015-04-01,0,0,0
2015-04-01,1,0,1
2015-04-01,1,0,1
2015-04-01,0,0,0
2015-04-01,9,6,3
2015-04-01,8,4,4
2015-04-01,9,3,6
2015-04-01,7,4,3
2015-04-01,4,2,2
2015-04-01,10,4,6
2015-04-01,10,6,4
2015-04-01,7,3,4
2015-04-01,6,4,2
2015-04-01,6,3,3
2015-04-01,18,11,7
2015-04-01,13,4,9
2015-04-01,5,4,1
2015-04-01,2,1,1
2015-04-01,1,0,1
2015-04-01,4,1,3
2015-04-01,1,1,0
2015-04-02,0,0,0
2015-04-02,1,0,1
2015-04-02,0,0,0
2015-04-02,0,0,0
2015-04-02,1,0,1
2015-04-02,1,0,1
2015-04-02,1,0,1
2015-04-02,5,2,3
2015-04-02,5,1,4
2015-04-02,3,1,2
2015-04-02,3,3,0
2015-04-02,4,2,2
2015-04-02,5,3,2
2015-04-02,8,2,6
2015-04-02,3,1,2
2015-04-02,7,2,5
2015-04-02,23,10,13
2015-04-02,20,8,12
2015-04-02,23,11,12
2015-04-02,12,9,3
2015-04-02,3,3,0
2015-04-02,3,1,2
2015-04-02,2,1,1
2015-04-02,3,2,1
2015-04-03,0,0,0
2015-04-03,0,0,0
2015-04-03,0,0,0
2015-04-03,0,0,0
2015-04-03,0,0,0
2015-04-03,1,0,1
2015-04-03,1,0,1
2015-04-03,4,2,2
2015-04-03,12,4,8
2015-04-03,12,9,3
2015-04-03,6,4,2
2015-04-03,9,8,1
2015-04-03,5,2,3
2015-04-03,11,6,5
2015-04-03,5,1,4
2015-04-03,5,5,0
2015-04-03,2,1,1
2015-04-03,17,8,9
2015-04-03,8,5,3
2015-04-03,5,1,4
2015-04-03,1,0,1
2015-04-03,2,0,2
2015-04-03,2,2,0
2015-04-03,1,0,1
2015-04-04,0,0,0
2015-04-04,0,0,0
2015-04-04,1,1,0
2015-04-04,0,0,0
2015-04-04,0,0,0
2015-04-04,0,0,0
2015-04-04,1,0,1
2015-04-04,0,0,0
2015-04-04,4,0,4
2015-04-04,6,1,5
2015-04-04,9,4,5
2015-04-04,9,5,4
2015-04-04,9,5,4
2015-04-04,27,21,6
2015-04-04,14,10,4
2015-04-04,11,7,4
2015-04-04,16,8,8
2015-04-04,18,6,12
2015-04-04,12,9,3
2015-04-04,15,7,8
2015-04-04,4,1,3
2015-04-04,5,3,2
2015-04-04,2,1,1
2015-04-04,1,1,0
2015-04-05,2,2,0
2015-04-05,2,0,2
2015-04-05,0,0,0
2015-04-05,1,1,0
2015-04-05,1,0,1
2015-04-05,1,0,1
2015-04-05,2,1,1
2015-04-05,1,0,1
2015-04-05,2,0,2
2015-04-05,10,1,9
2015-04-05,16,10,6
2015-04-05,13,8,5
2015-04-05,22,5,17
2015-04-05,11,3,8
2015-04-05,22,19,3
2015-04-05,18,12,6
2015-04-05,8,5,3
2015-04-05,20,12,8
2015-04-05,7,7,0
2015-04-05,7,0,7
2015-04-05,8,5,3
2015-04-05,0,0,0
2015-04-05,0,0,0
2015-04-05,0,0,0
2015-04-06,0,0,0
2015-04-06,0,0,0
2015-04-06,0,0,0
2015-04-06,0,0,0
2015-04-06,0,0,0
2015-04-06,1,0,1
2015-04-06,4,0,4
2015-04-06,8,3,5
2015-04-06,12,7,5
2015-04-06,10,7,3
2015-04-06,10,3,7
2015-04-06,4,2,2
2015-04-06,15,8,7
2015-04-06,8,4,4
2015-04-06,10,6,4
2015-04-06,9,6,3
2015-04-06,11,7,4
2015-04-06,20,11,9
2015-04-06,11,6,5
2015-04-06,8,4,4
2015-04-06,7,6,1
2015-04-06,8,4,4
2015-04-06,2,2,0
2015-04-06,0,0,0
2015-04-07,2,2,0
2015-04-07,2,0,2
2015-04-07,0,0,0
2015-04-07,1,1,0
2015-04-07,1,0,1
2015-04-07,0,0,0
2015-04-07,1,0,1
2015-04-07,3,3,0
2015-04-07,7,3,4
2015-04-07,10,5,5
2015-04-07,6,6,0
2015-04-07,3,2,1
2015-04-07,9,8,1
2015-04-07,9,5,4
2015-04-07,6,4,2
2015-04-07,6,4,2
2015-04-07,3,2,1
2015-04-07,21,10,11
2015-04-07,11,3,8
2015-04-07,15,1,14
2015-04-07,2,0,2
2015-04-07,7,6,1
2015-04-07,1,1,0
2015-04-07,2,2,0
2015-04-08,1,0,1
2015-04-08,0,0,0
2015-04-08,0,0,0
2015-04-08,0,0,0
2015-04-08,0,0,0
2015-04-08,0,0,0
2015-04-08,2,0,2
2015-04-08,6,3,3
2015-04-08,13,4,9
2015-04-08,7,2,5
2015-04-08,5,4,1
2015-04-08,5,3,2
2015-04-08,5,3,2
2015-04-08,11,5,6
2015-04-08,6,3,3
2015-04-08,4,2,2
2015-04-08,12,4,8
2015-04-08,19,7,12
2015-04-08,26,12,14
2015-04-08,13,8,5
2015-04-08,16,9,7
2015-04-08,2,2,0
2015-04-08,3,2,1
2015-04-08,1,1,0
2015-04-09,0,0,0
2015-04-09,0,0,0
2015-04-09,0,0,0
2015-04-09,0,0,0
2015-04-09,1,0,1
2015-04-09,2,2,0
2015-04-09,3,0,3
2015-04-09,8,3,5
2015-04-09,13,8,5
2015-04-09,6,2,4
2015-04-09,9,4,5
2015-04-09,4,2,2
2015-04-09,7,3,4
2015-04-09,10,5,5
2015-04-09,9,8,1
2015-04-09,12,3,9
2015-04-09,14,5,9
2015-04-09,27,17,10
2015-04-09,23,8,15
2015-04-09,11,11,0
2015-04-09,6,4,2
2015-04-09,4,4,0
2015-04-09,2,0,2
2015-04-09,2,2,0
2015-04-10,0,0,0
2015-04-10,0,0,0
2015-04-10,2,2,0
2015-04-10,0,0,0
2015-04-10,0,0,0
2015-04-10,1,0,1
2015-04-10,1,0,1
2015-04-10,9,8,1
2015-04-10,6,0,6
2015-04-10,12,6,6
2015-04-10,6,2,4
2015-04-10,13,3,10
2015-04-10,10,4,6
2015-04-10,5,4,1
2015-04-10,9,5,4
2015-04-10,7,5,2
2015-04-10,6,5,1
2015-04-10,13,5,8
2015-04-10,5,2,3
2015-04-10,3,2,1
2015-04-10,1,1,0
2015-04-10,2,0,2
2015-04-10,0,0,0
2015-04-10,3,2,1
2015-04-11,0,0,0
2015-04-11,0,0,0
2015-04-11,0,0,0
2015-04-11,0,0,0
2015-04-11,0,0,0
2015-04-11,0,0,0
2015-04-11,0,0,0
2015-04-11,0,0,0
2015-04-11,0,0,0
2015-04-11,0,0,0
2015-04-11,0,0,0
2015-04-11,0,0,0
2015-04-11,0,0,0
2015-04-11,0,0,0
2015-04-11,0,0,0
2015-04-11,0,0,0
2015-04-11,0,0,0
2015-04-11,0,0,0
2015-04-11,0,0,0
2015-04-11,0,0,0
2015-04-11,0,0,0
2015-04-11,0,0,0
2015-04-11,0,0,0
2015-04-11,0,0,0
2015-04-12,0,0,0
2015-04-12,0,0,0
2015-04-12,0,0,0
2015-04-12,0,0,0
2015-04-12,0,0,0
2015-04-12,0,0,0
2015-04-12,0,0,0
2015-04-12,0,0,0
2015-04-12,0,0,0
2015-04-12,0,0,0
2015-04-12,0,0,0
2015-04-12,0,0,0
2015-04-12,0,0,0
2015-04-12,0,0,0
2015-04-12,0,0,0
2015-04-12,0,0,0
2015-04-12,0,0,0
2015-04-12,0,0,0
2015-04-12,0,0,0
2015-04-12,0,0,0
2015-04-12,0,0,0
2015-04-12,0,0,0
2015-04-12,0,0,0
2015-04-12,0,0,0
2015-04-13,0,0,0
2015-04-13,0,0,0
2015-04-13,0,0,0
2015-04-13,0,0,0
2015-04-13,0,0,0
2015-04-13,0,0,0
2015-04-13,0,0,0
2015-04-13,4,3,1
2015-04-13,6,3,3
2015-04-13,7,2,5
2015-04-13,1,0,1
2015-04-13,5,1,4
2015-04-13,6,4,2
2015-04-13,7,5,2
2015-04-13,6,4,2
2015-04-13,1,0,1
2015-04-13,3,3,0
2015-04-13,16,9,7
2015-04-13,4,1,3
2015-04-13,2,2,0
2015-04-13,0,0,0
2015-04-13,0,0,0
2015-04-13,0,0,0
2015-04-13,0,0,0
2015-04-14,0,0,0
2015-04-14,0,0,0
2015-04-14,0,0,0
2015-04-14,0,0,0
2015-04-14,0,0,0
2015-04-14,0,0,0
2015-04-14,0,0,0
2015-04-14,2,1,1
2015-04-14,10,4,6
2015-04-14,6,3,3
2015-04-14,2,0,2
2015-04-14,12,4,8
2015-04-14,13,7,6
2015-04-14,5,4,1
2015-04-14,11,6,5
2015-04-14,7,2,5
2015-04-14,2,1,1
2015-04-14,17,12,5
2015-04-14,11,4,7
2015-04-14,5,2,3
2015-04-14,4,3,1
2015-04-14,6,5,1
2015-04-14,1,1,0
2015-04-14,2,2,0
2015-04-15,0,0,0
2015-04-15,1,1,0
2015-04-15,0,0,0
2015-04-15,0,0,0
2015-04-15,0,0,0
2015-04-15,0,0,0
2015-04-15,1,0,1
2015-04-15,6,4,2
2015-04-15,10,5,5
2015-04-15,7,3,4
2015-04-15,2,2,0
2015-04-15,10,5,5
2015-04-15,7,5,2
2015-04-15,13,6,7
2015-04-15,3,2,1
2015-04-15,6,2,4
2015-04-15,14,10,4
2015-04-15,6,3,3
2015-04-15,0,0,0
2015-04-15,0,0,0
2015-04-15,0,0,0
2015-04-15,0,0,0
2015-04-15,0,0,0
2015-04-15,0,0,0
2015-04-16,0,0,0
2015-04-16,0,0,0
2015-04-16,0,0,0
2015-04-16,0,0,0
2015-04-16,0,0,0
2015-04-16,0,0,0
2015-04-16,0,0,0
2015-04-16,5,3,2
2015-04-16,4,1,3
2015-04-16,18,6,12
2015-04-16,7,4,3
2015-04-16,7,4,3
2015-04-16,7,4,3
2015-04-16,20,12,8
2015-04-16,7,2,5
2015-04-16,9,5,4
2015-04-16,12,8,4
2015-04-16,14,8,6
2015-04-16,17,10,7
2015-04-16,10,3,7
2015-04-16,3,1,2
2015-04-16,1,0,1
2015-04-16,2,2,0
2015-04-16,3,3,0
2015-04-17,4,1,3
2015-04-17,0,0,0
2015-04-17,1,0,1
2015-04-17,0,0,0
2015-04-17,0,0,0
2015-04-17,1,0,1
2015-04-17,2,2,0
2015-04-17,7,3,4
2015-04-17,3,1,2
2015-04-17,5,1,4
2015-04-17,2,0,2
2015-04-17,13,6,7
2015-04-17,18,10,8
2015-04-17,6,1,5
2015-04-17,13,8,5
2015-04-17,5,4,1
2015-04-17,15,5,10
2015-04-17,12,10,2
2015-04-17,12,3,9
2015-04-17,13,6,7
2015-04-17,0,0,0
2015-04-17,2,0,2
2015-04-17,2,1,1
2015-04-17,1,0,1
2015-04-18,3,2,1
2015-04-18,2,1,1
2015-04-18,1,0,1
2015-04-18,0,0,0
2015-04-18,2,1,1
2015-04-18,0,0,0
2015-04-18,0,0,0
2015-04-18,1,1,0
2015-04-18,2,1,1
2015-04-18,8,3,5
2015-04-18,8,2,6
2015-04-18,21,6,15
2015-04-18,19,6,13
2015-04-18,15,4,11
2015-04-18,15,12,3
2015-04-18,13,3,10
2015-04-18,22,14,8
2015-04-18,10,9,1
2015-04-18,0,0,0
2015-04-18,0,0,0
2015-04-18,0,0,0
2015-04-18,0,0,0
2015-04-18,0,0,0
2015-04-18,0,0,0
2015-04-19,0,0,0
2015-04-19,0,0,0
2015-04-19,0,0,0
2015-04-19,0,0,0
2015-04-19,0,0,0
2015-04-19,0,0,0
2015-04-19,0,0,0
2015-04-19,1,0,1
2015-04-19,3,1,2
2015-04-19,8,3,5
2015-04-19,11,7,4
2015-04-19,22,4,18
2015-04-19,14,4,10
2015-04-19,0,0,0
2015-04-19,14,6,8
2015-04-19,17,8,9
2015-04-19,20,13,7
2015-04-19,12,5,7
2015-04-19,10,4,6
2015-04-19,18,10,8
2015-04-19,2,0,2
2015-04-19,0,0,0
2015-04-19,0,0,0
2015-04-19,0,0,0
2015-04-20,0,0,0
2015-04-20,4,0,4
2015-04-20,0,0,0
2015-04-20,0,0,0
2015-04-20,0,0,0
2015-04-20,0,0,0
2015-04-20,2,1,1
2015-04-20,6,0,6
2015-04-20,12,4,8
2015-04-20,8,3,5
2015-04-20,5,4,1
2015-04-20,7,4,3
2015-04-20,11,8,3
2015-04-20,15,10,5
2015-04-20,21,6,15
2015-04-20,12,7,5
2015-04-20,17,10,7
2015-04-20,22,9,13
2015-04-20,14,9,5
2015-04-20,12,5,7
2015-04-20,7,4,3
2015-04-20,5,2,3
2015-04-20,3,2,1
2015-04-20,0,0,0
2015-04-21,2,2,0
2015-04-21,0,0,0
2015-04-21,0,0,0
2015-04-21,0,0,0
2015-04-21,1,0,1
2015-04-21,0,0,0
2015-04-21,1,1,0
2015-04-21,8,7,1
2015-04-21,9,3,6
2015-04-21,13,4,9
2015-04-21,7,6,1
2015-04-21,11,3,8
2015-04-21,6,5,1
2015-04-21,18,9,9
2015-04-21,3,0,3
2015-04-21,12,7,5
2015-04-21,17,11,6
2015-04-21,9,4,5
2015-04-21,8,1,7
2015-04-21,3,2,1
2015-04-21,3,3,0
2015-04-21,6,5,1
2015-04-21,4,2,2
2015-04-21,0,0,0
2015-04-22,1,0,1
2015-04-22,0,0,0
2015-04-22,2,2,0
2015-04-22,0,0,0
2015-04-22,0,0,0
2015-04-22,0,0,0
2015-04-22,1,0,1
2015-04-22,4,2,2
2015-04-22,7,2,5
2015-04-22,19,8,11
2015-04-22,9,5,4
2015-04-22,7,3,4
2015-04-22,11,8,3
2015-04-22,8,4,4
2015-04-22,6,3,3
2015-04-22,5,4,1
2015-04-22,16,9,7
2015-04-22,13,3,10
2015-04-22,16,8,8
2015-04-22,1,0,1
2015-04-22,7,4,3
2015-04-22,0,0,0
2015-04-22,2,1,1
2015-04-22,0,0,0
2015-04-23,2,1,1
2015-04-23,0,0,0
2015-04-23,0,0,0
2015-04-23,0,0,0
2015-04-23,0,0,0
2015-04-23,1,0,1
2015-04-23,2,0,2
2015-04-23,4,4,0
2015-04-23,11,3,8
2015-04-23,3,1,2
2015-04-23,6,3,3
2015-04-23,7,3,4
2015-04-23,9,6,3
2015-04-23,3,1,2
2015-04-23,3,1,2
2015-04-23,9,5,4
2015-04-23,2,2,0
2015-04-23,7,1,6
2015-04-23,12,8,4
2015-04-23,6,1,5
2015-04-23,4,2,2
2015-04-23,1,1,0
2015-04-23,0,0,0
2015-04-23,1,1,0
2015-04-24,0,0,0
2015-04-24,0,0,0
2015-04-24,0,0,0
2015-04-24,0,0,0
2015-04-24,0,0,0
2015-04-24,1,1,0
2015-04-24,4,0,4
2015-04-24,2,2,0
2015-04-24,6,0,6
2015-04-24,12,2,10
2015-04-24,4,0,4
2015-04-24,2,2,0
2015-04-24,7,4,3
2015-04-24,8,5,3
2015-04-24,7,4,3
2015-04-24,1,1,0
2015-04-24,9,2,7
2015-04-24,3,1,2
2015-04-24,15,14,1
2015-04-24,0,0,0
2015-04-24,0,0,0
2015-04-24,0,0,0
2015-04-24,0,0,0
2015-04-24,0,0,0
2015-04-25,0,0,0
2015-04-25,0,0,0
2015-04-25,0,0,0
2015-04-25,0,0,0
2015-04-25,0,0,0
2015-04-25,0,0,0
2015-04-25,0,0,0
2015-04-25,0,0,0
2015-04-25,0,0,0
2015-04-25,0,0,0
2015-04-25,0,0,0
2015-04-25,4,0,4
2015-04-25,15,3,12
2015-04-25,15,11,4
2015-04-25,10,3,7
2015-04-25,8,3,5
2015-04-25,7,4,3
2015-04-25,13,5,8
2015-04-25,7,3,4
2015-04-25,9,3,6
2015-04-25,3,2,1
2015-04-25,2,2,0
2015-04-25,1,1,0
2015-04-25,3,3,0
2015-04-26,5,3,2
2015-04-26,2,1,1
2015-04-26,1,0,1
2015-04-26,0,0,0
2015-04-26,0,0,0
2015-04-26,0,0,0
2015-04-26,0,0,0
2015-04-26,1,0,1
2015-04-26,1,0,1
2015-04-26,7,5,2
2015-04-26,11,5,6
2015-04-26,12,4,8
2015-04-26,17,8,9
2015-04-26,12,4,8
2015-04-26,9,5,4
2015-04-26,18,6,12
2015-04-26,11,6,5
2015-04-26,9,3,6
2015-04-26,10,5,5
2015-04-26,11,4,7
2015-04-26,1,0,1
2015-04-26,4,1,3
2015-04-26,1,1,0
2015-04-26,0,0,0
2015-04-27,0,0,0
2015-04-27,0,0,0
2015-04-27,0,0,0
2015-04-27,0,0,0
2015-04-27,0,0,0
2015-04-27,3,1,2
2015-04-27,2,1,1
2015-04-27,6,2,4
2015-04-27,7,1,6
2015-04-27,8,3,5
2015-04-27,9,6,3
2015-04-27,4,2,2
2015-04-27,14,6,8
2015-04-27,14,9,5
2015-04-27,12,11,1
2015-04-27,10,2,8
2015-04-27,9,3,6
2015-04-27,19,11,8
2015-04-27,21,12,9
2015-04-27,19,14,5
2015-04-27,18,16,2
2015-04-27,3,3,0
2015-04-27,0,0,0
2015-04-27,0,0,0
2015-04-28,3,2,1
2015-04-28,0,0,0
2015-04-28,1,0,1
2015-04-28,0,0,0
2015-04-28,0,0,0
2015-04-28,1,0,1
2015-04-28,3,2,1
2015-04-28,6,6,0
2015-04-28,13,5,8
2015-04-28,11,4,7
2015-04-28,5,4,1
2015-04-28,6,0,6
2015-04-28,1,1,0
2015-04-28,10,5,5
2015-04-28,14,9,5
2015-04-28,8,7,1
2015-04-28,10,5,5
2015-04-28,12,9,3
2015-04-28,7,4,3
2015-04-28,6,5,1
2015-04-28,4,1,3
2015-04-28,5,5,0
2015-04-28,1,0,1
2015-04-28,0,0,0
2015-04-29,2,1,1
2015-04-29,0,0,0
2015-04-29,0,0,0
2015-04-29,0,0,0
2015-04-29,0,0,0
2015-04-29,1,0,1
2015-04-29,0,0,0
2015-04-29,7,5,2
2015-04-29,14,6,8
2015-04-29,13,4,9
2015-04-29,9,3,6
2015-04-29,13,5,8
2015-04-29,10,5,5
2015-04-29,14,8,6
2015-04-29,12,2,10
2015-04-29,8,7,1
2015-04-29,12,5,7
2015-04-29,12,4,8
2015-04-29,14,5,9
2015-04-29,19,8,11
2015-04-29,7,6,1
2015-04-29,8,5,3
2015-04-29,0,0,0
2015-04-29,1,0,1
2015-04-30,0,0,0
2015-04-30,0,0,0
2015-04-30,0,0,0
2015-04-30,0,0,0
2015-04-30,0,0,0
2015-04-30,1,0,1
2015-04-30,0,0,0
2015-04-30,5,5,0
2015-04-30,10,5,5
2015-04-30,3,2,1
2015-04-30,3,3,0
2015-04-30,10,3,7
2015-04-30,19,11,8
2015-04-30,8,5,3
2015-04-30,2,1,1
2015-04-30,9,3,6
2015-04-30,9,7,2
2015-04-30,22,9,13
2015-04-30,13,6,7
2015-04-30,7,2,5
2015-04-30,6,4,2
2015-04-30,4,4,0
2015-04-30,5,4,1
2015-04-30,0,0,0
2015-05-01,2,1,1
2015-05-01,1,0,1
2015-05-01,0,0,0
2015-05-01,1,0,1
2015-05-01,0,0,0
2015-05-01,0,0,0
2015-05-01,3,1,2
2015-05-01,12,9,3
2015-05-01,11,4,7
2015-05-01,11,8,3
2015-05-01,9,3,6
2015-05-01,7,2,5
2015-05-01,8,4,4
2015-05-01,7,5,2
2015-05-01,11,5,6
2015-05-01,22,6,16
2015-05-01,30,21,9
2015-05-01,21,9,12
2015-05-01,10,6,4
2015-05-01,11,7,4
2015-05-01,8,1,7
2015-05-01,4,3,1
2015-05-01,3,2,1
2015-05-01,2,2,0
2015-05-02,0,0,0
2015-05-02,1,1,0
2015-05-02,0,0,0
2015-05-02,0,0,0
2015-05-02,0,0,0
2015-05-02,0,0,0
2015-05-02,0,0,0
2015-05-02,0,0,0
2015-05-02,6,4,2
2015-05-02,8,4,4
2015-05-02,17,9,8
2015-05-02,21,13,8
2015-05-02,37,18,19
2015-05-02,20,10,10
2015-05-02,23,21,2
2015-05-02,19,9,10
2015-05-02,17,10,7
2015-05-02,14,11,3
2015-05-02,22,10,12
2015-05-02,9,2,7
2015-05-02,7,2,5
2015-05-02,5,3,2
2015-05-02,5,3,2
2015-05-02,4,2,2
2015-05-03,2,2,0
2015-05-03,2,1,1
2015-05-03,0,0,0
2015-05-03,0,0,0
2015-05-03,0,0,0
2015-05-03,0,0,0
2015-05-03,0,0,0
2015-05-03,0,0,0
2015-05-03,4,0,4
2015-05-03,7,4,3
2015-05-03,16,8,8
2015-05-03,12,5,7
2015-05-03,28,20,8
2015-05-03,0,0,0
2015-05-03,0,0,0
2015-05-03,23,14,9
2015-05-03,16,11,5
2015-05-03,22,17,5
2015-05-03,9,5,4
2015-05-03,6,4,2
2015-05-03,4,4,0
2015-05-03,0,0,0
2015-05-03,1,1,0
2015-05-03,2,2,0
2015-05-04,0,0,0
2015-05-04,2,2,0
2015-05-04,1,0,1
2015-05-04,0,0,0
2015-05-04,0,0,0
2015-05-04,1,0,1
2015-05-04,6,1,5
2015-05-04,11,7,4
2015-05-04,16,8,8
2015-05-04,12,4,8
2015-05-04,6,0,6
2015-05-04,7,3,4
2015-05-04,8,3,5
2015-05-04,13,8,5
2015-05-04,7,5,2
2015-05-04,9,3,6
2015-05-04,14,9,5
2015-05-04,19,11,8
2015-05-04,8,5,3
2015-05-04,19,11,8
2015-05-04,6,4,2
2015-05-04,5,3,2
2015-05-04,4,4,0
2015-05-04,1,0,1
2015-05-05,1,1,0
2015-05-05,0,0,0
2015-05-05,0,0,0
2015-05-05,0,0,0
2015-05-05,0,0,0
2015-05-05,1,0,1
2015-05-05,6,2,4
2015-05-05,4,4,0
2015-05-05,19,11,8
2015-05-05,3,1,2
2015-05-05,6,3,3
2015-05-05,4,1,3
2015-05-05,13,3,10
2015-05-05,4,2,2
2015-05-05,7,3,4
2015-05-05,7,5,2
2015-05-05,3,2,1
2015-05-05,6,3,3
2015-05-05,11,7,4
2015-05-05,6,4,2
2015-05-05,1,1,0
2015-05-05,0,0,0
2015-05-05,0,0,0
2015-05-05,0,0,0
2015-05-06,0,0,0
2015-05-06,0,0,0
2015-05-06,0,0,0
2015-05-06,0,0,0
2015-05-06,0,0,0
2015-05-06,0,0,0
2015-05-06,2,1,1
2015-05-06,11,7,4
2015-05-06,25,12,13
2015-05-06,9,4,5
2015-05-06,6,2,4
2015-05-06,9,5,4
2015-05-06,10,6,4
2015-05-06,7,3,4
2015-05-06,11,3,8
2015-05-06,17,9,8
2015-05-06,14,7,7
2015-05-06,24,10,14
2015-05-06,22,13,9
2015-05-06,10,6,4
2015-05-06,7,6,1
2015-05-06,3,3,0
2015-05-06,3,1,2
2015-05-06,1,0,1
2015-05-07,0,0,0
2015-05-07,1,0,1
2015-05-07,0,0,0
2015-05-07,0,0,0
2015-05-07,0,0,0
2015-05-07,0,0,0
2015-05-07,4,0,4
2015-05-07,6,5,1
2015-05-07,16,9,7
2015-05-07,14,9,5
2015-05-07,4,2,2
2015-05-07,10,5,5
2015-05-07,8,2,6
2015-05-07,5,3,2
2015-05-07,13,8,5
2015-05-07,14,9,5
2015-05-07,9,6,3
2015-05-07,17,9,8
2015-05-07,28,12,16
2015-05-07,18,10,8
2015-05-07,7,4,3
2015-05-07,7,5,2
2015-05-07,2,0,2
2015-05-07,1,0,1
2015-05-08,1,1,0
2015-05-08,0,0,0
2015-05-08,0,0,0
2015-05-08,0,0,0
2015-05-08,0,0,0
2015-05-08,1,0,1
2015-05-08,1,0,1
2015-05-08,5,3,2
2015-05-08,8,5,3
2015-05-08,11,6,5
2015-05-08,13,4,9
2015-05-08,5,3,2
2015-05-08,16,6,10
2015-05-08,8,7,1
2015-05-08,14,6,8
2015-05-08,27,13,14
2015-05-08,19,8,11
2015-05-08,25,9,16
2015-05-08,13,10,3
2015-05-08,10,3,7
2015-05-08,8,7,1
2015-05-08,3,3,0
2015-05-08,3,2,1
2015-05-08,0,0,0
2015-05-09,3,3,0
2015-05-09,0,0,0
2015-05-09,2,2,0
2015-05-09,0,0,0
2015-05-09,0,0,0
2015-05-09,0,0,0
2015-05-09,0,0,0
2015-05-09,2,0,2
2015-05-09,8,3,5
2015-05-09,18,8,10
2015-05-09,10,5,5
2015-05-09,17,8,9
2015-05-09,23,12,11
2015-05-09,12,6,6
2015-05-09,25,10,15
2015-05-09,20,16,4
2015-05-09,26,12,14
2015-05-09,22,17,5
2015-05-09,9,4,5
2015-05-09,12,5,7
2015-05-09,5,5,0
2015-05-09,2,1,1
2015-05-09,5,5,0
2015-05-09,3,3,0
2015-05-10,4,3,1
2015-05-10,1,0,1
2015-05-10,0,0,0
2015-05-10,0,0,0
2015-05-10,0,0,0
2015-05-10,1,1,0
2015-05-10,0,0,0
2015-05-10,2,2,0
2015-05-10,3,0,3
2015-05-10,10,5,5
2015-05-10,14,5,9
2015-05-10,21,9,12
2015-05-10,22,10,12
2015-05-10,32,19,13
2015-05-10,39,24,15
2015-05-10,24,13,11
2015-05-10,15,9,6
2015-05-10,18,11,7
2015-05-10,17,13,4
2015-05-10,9,5,4
2015-05-10,1,0,1
2015-05-10,4,2,2
2015-05-10,3,2,1
2015-05-10,0,0,0
2015-05-11,1,0,1
2015-05-11,0,0,0
2015-05-11,0,0,0
2015-05-11,0,0,0
2015-05-11,0,0,0
2015-05-11,0,0,0
2015-05-11,4,1,3
2015-05-11,5,2,3
2015-05-11,8,4,4
2015-05-11,7,3,4
2015-05-11,7,2,5
2015-05-11,2,2,0
2015-05-11,5,3,2
2015-05-11,2,0,2
2015-05-11,10,6,4
2015-05-11,5,2,3
2015-05-11,16,11,5
2015-05-11,11,7,4
2015-05-11,6,5,1
2015-05-11,12,7,5
2015-05-11,2,1,1
2015-05-11,3,3,0
2015-05-11,1,0,1
2015-05-11,1,0,1
2015-05-12,1,0,1
2015-05-12,1,0,1
2015-05-12,0,0,0
2015-05-12,0,0,0
2015-05-12,0,0,0
2015-05-12,1,0,1
2015-05-12,1,0,1
2015-05-12,12,8,4
2015-05-12,9,4,5
2015-05-12,6,4,2
2015-05-12,5,1,4
2015-05-12,2,1,1
2015-05-12,5,2,3
2015-05-12,3,1,2
2015-05-12,5,3,2
2015-05-12,2,2,0
2015-05-12,8,2,6
2015-05-12,16,10,6
2015-05-12,12,4,8
2015-05-12,9,5,4
2015-05-12,4,3,1
2015-05-12,8,7,1
2015-05-12,2,2,0
2015-05-12,0,0,0
2015-05-13,1,0,1
2015-05-13,0,0,0
2015-05-13,0,0,0
2015-05-13,0,0,0
2015-05-13,0,0,0
2015-05-13,1,0,1
2015-05-13,4,3,1
2015-05-13,6,1,5
2015-05-13,6,3,3
2015-05-13,9,4,5
2015-05-13,4,1,3
2015-05-13,3,1,2
2015-05-13,8,4,4
2015-05-13,4,3,1
2015-05-13,6,3,3
2015-05-13,5,5,0
2015-05-13,3,3,0
2015-05-13,2,2,0
2015-05-13,16,7,9
2015-05-13,6,3,3
2015-05-13,1,1,0
2015-05-13,3,2,1
2015-05-13,1,1,0
2015-05-13,0,0,0
2015-05-14,0,0,0
2015-05-14,0,0,0
2015-05-14,0,0,0
2015-05-14,0,0,0
2015-05-14,0,0,0
2015-05-14,1,0,1
2015-05-14,2,0,2
2015-05-14,7,4,3
2015-05-14,7,1,6
2015-05-14,11,7,4
2015-05-14,7,3,4
2015-05-14,3,2,1
2015-05-14,9,5,4
2015-05-14,7,3,4
2015-05-14,6,2,4
2015-05-14,4,2,2
2015-05-14,14,8,6
2015-05-14,24,12,12
2015-05-14,20,9,11
2015-05-14,10,7,3
2015-05-14,9,6,3
2015-05-14,3,1,2
2015-05-14,3,3,0
2015-05-14,0,0,0
2015-05-15,1,0,1
2015-05-15,0,0,0
2015-05-15,0,0,0
2015-05-15,0,0,0
2015-05-15,0,0,0
2015-05-15,2,1,1
2015-05-15,5,4,1
2015-05-15,11,5,6
2015-05-15,12,8,4
2015-05-15,9,3,6
2015-05-15,2,1,1
2015-05-15,1,1,0
2015-05-15,14,11,3
2015-05-15,6,5,1
2015-05-15,13,8,5
2015-05-15,19,11,8
2015-05-15,17,11,6
2015-05-15,18,12,6
2015-05-15,0,0,0
2015-05-15,0,0,0
2015-05-15,0,0,0
2015-05-15,0,0,0
2015-05-15,0,0,0
2015-05-15,0,0,0
2015-05-16,0,0,0
2015-05-16,0,0,0
2015-05-16,0,0,0
2015-05-16,0,0,0
2015-05-16,0,0,0
2015-05-16,0,0,0
2015-05-16,0,0,0
2015-05-16,0,0,0
2015-05-16,0,0,0
2015-05-16,0,0,0
2015-05-16,0,0,0
2015-05-16,0,0,0
2015-05-16,0,0,0
2015-05-16,0,0,0
2015-05-16,0,0,0
2015-05-16,0,0,0
2015-05-16,0,0,0
2015-05-16,0,0,0
2015-05-16,0,0,0
2015-05-16,0,0,0
2015-05-16,0,0,0
2015-05-16,0,0,0
2015-05-16,0,0,0
2015-05-16,0,0,0
2015-05-17,0,0,0
2015-05-17,0,0,0
2015-05-17,0,0,0
2015-05-17,0,0,0
2015-05-17,0,0,0
2015-05-17,0,0,0
2015-05-17,0,0,0
2015-05-17,1,0,1
2015-05-17,3,1,2
2015-05-17,12,3,9
2015-05-17,4,3,1
2015-05-17,22,11,11
2015-05-17,10,3,7
2015-05-17,28,8,20
2015-05-17,32,12,20
2015-05-17,37,9,28
2015-05-17,10,3,7
2015-05-17,24,16,8
2015-05-17,29,20,9
2015-05-17,6,2,4
2015-05-17,5,5,0
2015-05-17,0,0,0
2015-05-17,0,0,0
2015-05-17,1,0,1
2015-05-18,0,0,0
2015-05-18,0,0,0
2015-05-18,0,0,0
2015-05-18,0,0,0
2015-05-18,0,0,0
2015-05-18,2,1,1
2015-05-18,3,1,2
2015-05-18,15,10,5
2015-05-18,14,8,6
2015-05-18,8,2,6
2015-05-18,6,1,5
2015-05-18,5,3,2
2015-05-18,8,5,3
2015-05-18,11,4,7
2015-05-18,15,9,6
2015-05-18,13,7,6
2015-05-18,23,13,10
2015-05-18,30,14,16
2015-05-18,17,10,7
2015-05-18,14,11,3
2015-05-18,11,5,6
2015-05-18,5,4,1
2015-05-18,1,1,0
2015-05-18,2,1,1
2015-05-19,2,1,1
2015-05-19,0,0,0
2015-05-19,1,1,0
2015-05-19,0,0,0
2015-05-19,0,0,0
2015-05-19,1,0,1
2015-05-19,3,2,1
2015-05-19,12,7,5
2015-05-19,11,7,4
2015-05-19,11,2,9
2015-05-19,10,5,5
2015-05-19,2,0,2
2015-05-19,3,2,1
2015-05-19,16,8,8
2015-05-19,10,7,3
2015-05-19,8,6,2
2015-05-19,11,7,4
2015-05-19,21,13,8
2015-05-19,18,8,10
2015-05-19,22,8,14
2015-05-19,12,5,7
2015-05-19,7,6,1
2015-05-19,9,6,3
2015-05-19,0,0,0
2015-05-20,0,0,0
2015-05-20,1,0,1
2015-05-20,0,0,0
2015-05-20,0,0,0
2015-05-20,0,0,0
2015-05-20,0,0,0
2015-05-20,0,0,0
2015-05-20,12,9,3
2015-05-20,12,4,8
2015-05-20,12,5,7
2015-05-20,2,0,2
2015-05-20,7,2,5
2015-05-20,9,6,3
2015-05-20,8,3,5
2015-05-20,13,4,9
2015-05-20,11,8,3
2015-05-20,18,8,10
2015-05-20,29,16,13
2015-05-20,17,13,4
2015-05-20,33,25,8
2015-05-20,17,10,7
2015-05-20,6,4,2
2015-05-20,9,7,2
2015-05-20,1,1,0
2015-05-21,0,0,0
2015-05-21,1,0,1
2015-05-21,0,0,0
2015-05-21,1,0,1
2015-05-21,0,0,0
2015-05-21,2,0,2
2015-05-21,5,2,3
2015-05-21,9,5,4
2015-05-21,15,8,7
2015-05-21,11,3,8
2015-05-21,5,3,2
2015-05-21,13,10,3
2015-05-21,6,5,1
2015-05-21,16,10,6
2015-05-21,10,4,6
2015-05-21,9,1,8
2015-05-21,15,9,6
2015-05-21,27,15,12
2015-05-21,25,13,12
2015-05-21,13,8,5
2015-05-21,7,2,5
2015-05-21,11,6,5
2015-05-21,3,3,0
2015-05-21,3,3,0
2015-05-22,0,0,0
2015-05-22,1,0,1
2015-05-22,3,3,0
2015-05-22,0,0,0
2015-05-22,0,0,0
2015-05-22,3,0,3
2015-05-22,3,1,2
2015-05-22,6,3,3
2015-05-22,8,6,2
2015-05-22,6,2,4
2015-05-22,4,1,3
2015-05-22,5,2,3
2015-05-22,5,1,4
2015-05-22,13,9,4
2015-05-22,8,4,4
2015-05-22,12,8,4
2015-05-22,12,8,4
2015-05-22,18,9,9
2015-05-22,7,3,4
2015-05-22,9,7,2
2015-05-22,11,7,4
2015-05-22,6,1,5
2015-05-22,4,2,2
2015-05-22,2,1,1
2015-05-23,1,1,0
2015-05-23,1,1,0
2015-05-23,0,0,0
2015-05-23,0,0,0
2015-05-23,0,0,0
2015-05-23,0,0,0
2015-05-23,0,0,0
2015-05-23,3,0,3
2015-05-23,3,1,2
2015-05-23,7,4,3
2015-05-23,9,5,4
2015-05-23,5,2,3
2015-05-23,3,3,0
2015-05-23,8,5,3
2015-05-23,7,4,3
2015-05-23,12,7,5
2015-05-23,13,5,8
2015-05-23,5,1,4
2015-05-23,16,6,10
2015-05-23,5,0,5
2015-05-23,5,4,1
2015-05-23,3,1,2
2015-05-23,2,1,1
2015-05-23,3,2,1
2015-05-24,3,2,1
2015-05-24,1,1,0
2015-05-24,1,1,0
2015-05-24,0,0,0
2015-05-24,0,0,0
2015-05-24,0,0,0
2015-05-24,1,0,1
2015-05-24,1,1,0
2015-05-24,3,1,2
2015-05-24,7,3,4
2015-05-24,10,6,4
2015-05-24,11,10,1
2015-05-24,20,8,12
2015-05-24,9,4,5
2015-05-24,18,9,9
2015-05-24,22,14,8
2015-05-24,15,8,7
2015-05-24,12,8,4
2015-05-24,15,9,6
2015-05-24,4,1,3
2015-05-24,4,1,3
2015-05-24,2,2,0
2015-05-24,2,0,2
2015-05-24,6,5,1
2015-05-25,2,1,1
2015-05-25,1,0,1
2015-05-25,0,0,0
2015-05-25,0,0,0
2015-05-25,0,0,0
2015-05-25,0,0,0
2015-05-25,0,0,0
2015-05-25,3,3,0
2015-05-25,0,0,0
2015-05-25,10,2,8
2015-05-25,5,1,4
2015-05-25,17,12,5
2015-05-25,9,9,0
2015-05-25,7,3,4
2015-05-25,11,5,6
2015-05-25,9,2,7
2015-05-25,17,6,11
2015-05-25,7,5,2
2015-05-25,16,12,4
2015-05-25,4,4,0
2015-05-25,2,0,2
2015-05-25,2,1,1
2015-05-25,1,0,1
2015-05-25,1,1,0
2015-05-26,0,0,0
2015-05-26,0,0,0
2015-05-26,0,0,0
2015-05-26,0,0,0
2015-05-26,0,0,0
2015-05-26,1,0,1
2015-05-26,1,0,1
2015-05-26,13,8,5
2015-05-26,19,9,10
2015-05-26,16,7,9
2015-05-26,7,2,5
2015-05-26,6,3,3
2015-05-26,9,3,6
2015-05-26,8,6,2
2015-05-26,7,3,4
2015-05-26,12,7,5
2015-05-26,18,9,9
2015-05-26,23,13,10
2015-05-26,19,10,9
2015-05-26,17,9,8
2015-05-26,9,7,2
2015-05-26,7,3,4
2015-05-26,1,0,1
2015-05-26,5,4,1
2015-05-27,5,3,2
2015-05-27,0,0,0
2015-05-27,1,0,1
2015-05-27,0,0,0
2015-05-27,1,0,1
2015-05-27,0,0,0
2015-05-27,3,1,2
2015-05-27,9,3,6
2015-05-27,23,15,8
2015-05-27,9,4,5
2015-05-27,9,2,7
2015-05-27,6,4,2
2015-05-27,12,7,5
2015-05-27,4,2,2
2015-05-27,13,5,8
2015-05-27,9,3,6
2015-05-27,13,8,5
2015-05-27,34,21,13
2015-05-27,19,12,7
2015-05-27,27,15,12
2015-05-27,7,3,4
2015-05-27,9,6,3
2015-05-27,3,3,0
2015-05-27,1,0,1
2015-05-28,0,0,0
2015-05-28,0,0,0
2015-05-28,0,0,0
2015-05-28,0,0,0
2015-05-28,1,0,1
2015-05-28,0,0,0
2015-05-28,2,0,2
2015-05-28,14,8,6
2015-05-28,16,9,7
2015-05-28,12,8,4
2015-05-28,11,3,8
2015-05-28,8,5,3
2015-05-28,7,3,4
2015-05-28,13,8,5
2015-05-28,9,5,4
2015-05-28,3,2,1
2015-05-28,13,4,9
2015-05-28,12,4,8
2015-05-28,19,8,11
2015-05-28,14,6,8
2015-05-28,11,6,5
2015-05-28,7,5,2
2015-05-28,3,1,2
2015-05-28,1,1,0
2015-05-29,1,1,0
2015-05-29,0,0,0
2015-05-29,0,0,0
2015-05-29,0,0,0
2015-05-29,1,0,1
2015-05-29,3,1,2
2015-05-29,3,2,1
2015-05-29,15,7,8
2015-05-29,12,3,9
2015-05-29,5,1,4
2015-05-29,6,1,5
2015-05-29,10,4,6
2015-05-29,3,3,0
2015-05-29,2,2,0
2015-05-29,15,11,4
2015-05-29,12,6,6
2015-05-29,23,11,12
2015-05-29,24,16,8
2015-05-29,18,8,10
2015-05-29,12,8,4
2015-05-29,19,7,12
2015-05-29,3,2,1
2015-05-29,5,0,5
2015-05-29,4,2,2
2015-05-30,2,2,0
2015-05-30,0,0,0
2015-05-30,0,0,0
2015-05-30,0,0,0
2015-05-30,0,0,0
2015-05-30,0,0,0
2015-05-30,1,1,0
2015-05-30,0,0,0
2015-05-30,2,0,2
2015-05-30,6,1,5
2015-05-30,9,5,4
2015-05-30,9,3,6
2015-05-30,20,8,12
2015-05-30,15,9,6
2015-05-30,38,21,17
2015-05-30,19,2,17
2015-05-30,20,12,8
2015-05-30,24,16,8
2015-05-30,14,9,5
2015-05-30,12,7,5
2015-05-30,10,4,6
2015-05-30,7,5,2
2015-05-30,5,1,4
2015-05-30,4,1,3
2015-05-31,2,0,2
2015-05-31,5,4,1
2015-05-31,0,0,0
2015-05-31,0,0,0
2015-05-31,0,0,0
2015-05-31,2,1,1
2015-05-31,3,3,0
2015-05-31,5,1,4
2015-05-31,5,3,2
2015-05-31,5,3,2
2015-05-31,25,11,14
2015-05-31,36,21,15
2015-05-31,21,7,14
2015-05-31,27,20,7
2015-05-31,15,8,7
2015-05-31,16,6,10
2015-05-31,23,18,5
2015-05-31,23,16,7
2015-05-31,10,7,3
2015-05-31,10,6,4
2015-05-31,6,2,4
2015-05-31,4,3,1
2015-05-31,2,1,1
2015-05-31,1,1,0
2015-06-01,0,0,0
2015-06-01,2,0,2
2015-06-01,0,0,0
2015-06-01,0,0,0
2015-06-01,0,0,0
2015-06-01,1,0,1
2015-06-01,2,1,1
2015-06-01,5,2,3
2015-06-01,9,1,8
2015-06-01,8,5,3
2015-06-01,4,1,3
2015-06-01,1,1,0
2015-06-01,3,2,1
2015-06-01,7,5,2
2015-06-01,8,6,2
2015-06-01,8,3,5
2015-06-01,5,5,0
2015-06-01,6,3,3
2015-06-01,13,7,6
2015-06-01,9,4,5
2015-06-01,7,4,3
2015-06-01,1,1,0
2015-06-01,1,1,0
2015-06-01,0,0,0
2015-06-02,0,0,0
2015-06-02,0,0,0
2015-06-02,0,0,0
2015-06-02,0,0,0
2015-06-02,0,0,0
2015-06-02,1,0,1
2015-06-02,1,0,1
2015-06-02,13,9,4
2015-06-02,6,2,4
2015-06-02,7,2,5
2015-06-02,8,2,6
2015-06-02,7,7,0
2015-06-02,9,4,5
2015-06-02,1,0,1
2015-06-02,5,3,2
2015-06-02,8,4,4
2015-06-02,11,4,7
2015-06-02,10,8,2
2015-06-02,16,9,7
2015-06-02,10,1,9
2015-06-02,5,3,2
2015-06-02,5,4,1
2015-06-02,0,0,0
2015-06-02,0,0,0
2015-06-03,0,0,0
2015-06-03,1,0,1
2015-06-03,1,0,1
2015-06-03,2,1,1
2015-06-03,0,0,0
2015-06-03,1,0,1
2015-06-03,6,3,3
2015-06-03,6,2,4
2015-06-03,8,3,5
2015-06-03,5,3,2
2015-06-03,5,4,1
2015-06-03,8,5,3
2015-06-03,3,2,1
2015-06-03,8,5,3
2015-06-03,14,7,7
2015-06-03,5,1,4
2015-06-03,9,7,2
2015-06-03,22,10,12
2015-06-03,23,15,8
2015-06-03,15,8,7
2015-06-03,7,6,1
2015-06-03,5,1,4
2015-06-03,3,2,1
2015-06-03,0,0,0
2015-06-04,0,0,0
2015-06-04,0,0,0
2015-06-04,0,0,0
2015-06-04,0,0,0
2015-06-04,0,0,0
2015-06-04,1,0,1
2015-06-04,7,3,4
2015-06-04,9,3,6
2015-06-04,11,4,7
2015-06-04,12,4,8
2015-06-04,3,2,1
2015-06-04,4,4,0
2015-06-04,6,3,3
2015-06-04,5,2,3
2015-06-04,14,7,7
2015-06-04,7,6,1
2015-06-04,22,13,9
2015-06-04,21,14,7
2015-06-04,18,5,13
2015-06-04,15,10,5
2015-06-04,9,4,5
2015-06-04,4,2,2
2015-06-04,2,2,0
2015-06-04,9,8,1
2015-06-05,0,0,0
2015-06-05,1,1,0
2015-06-05,0,0,0
2015-06-05,0,0,0
2015-06-05,2,2,0
2015-06-05,4,3,1
2015-06-05,3,1,2
2015-06-05,6,4,2
2015-06-05,22,7,15
2015-06-05,15,4,11
2015-06-05,12,6,6
2015-06-05,17,12,5
2015-06-05,9,7,2
2015-06-05,8,3,5
2015-06-05,12,6,6
2015-06-05,15,12,3
2015-06-05,17,9,8
2015-06-05,18,7,11
2015-06-05,26,8,18
2015-06-05,14,10,4
2015-06-05,11,6,5
2015-06-05,9,5,4
2015-06-05,7,3,4
2015-06-05,1,0,1
2015-06-06,4,4,0
2015-06-06,2,1,1
2015-06-06,1,0,1
2015-06-06,0,0,0
2015-06-06,0,0,0
2015-06-06,0,0,0
2015-06-06,1,0,1
2015-06-06,4,2,2
2015-06-06,8,1,7
2015-06-06,11,6,5
2015-06-06,17,6,11
2015-06-06,21,11,10
2015-06-06,19,9,10
2015-06-06,13,3,10
2015-06-06,23,15,8
2015-06-06,23,14,9
2015-06-06,12,8,4
2015-06-06,15,10,5
2015-06-06,14,5,9
2015-06-06,21,15,6
2015-06-06,8,3,5
2015-06-06,12,8,4
2015-06-06,10,4,6
2015-06-06,3,2,1
2015-06-07,5,3,2
2015-06-07,1,1,0
2015-06-07,1,0,1
2015-06-07,0,0,0
2015-06-07,0,0,0
2015-06-07,0,0,0
2015-06-07,0,0,0
2015-06-07,3,0,3
2015-06-07,8,4,4
2015-06-07,11,7,4
2015-06-07,15,4,11
2015-06-07,28,13,15
2015-06-07,21,10,11
2015-06-07,16,5,11
2015-06-07,17,10,7
2015-06-07,33,17,16
2015-06-07,32,19,13
2015-06-07,16,9,7
2015-06-07,11,4,7
2015-06-07,7,4,3
2015-06-07,8,8,0
2015-06-07,7,4,3
2015-06-07,1,1,0
2015-06-07,1,1,0
2015-06-08,1,1,0
2015-06-08,0,0,0
2015-06-08,0,0,0
2015-06-08,0,0,0
2015-06-08,0,0,0
2015-06-08,1,0,1
2015-06-08,4,2,2
2015-06-08,8,5,3
2015-06-08,16,9,7
2015-06-08,19,3,16
2015-06-08,4,1,3
2015-06-08,13,4,9
2015-06-08,9,5,4
2015-06-08,7,2,5
2015-06-08,10,7,3
2015-06-08,11,7,4
2015-06-08,20,8,12
2015-06-08,30,18,12
2015-06-08,22,13,9
2015-06-08,16,9,7
2015-06-08,7,3,4
2015-06-08,7,5,2
2015-06-08,5,3,2
2015-06-08,2,2,0
2015-06-09,2,0,2
2015-06-09,1,0,1
2015-06-09,0,0,0
2015-06-09,0,0,0
2015-06-09,1,0,1
2015-06-09,1,0,1
2015-06-09,3,1,2
2015-06-09,10,8,2
2015-06-09,10,3,7
2015-06-09,8,6,2
2015-06-09,7,4,3
2015-06-09,10,5,5
2015-06-09,10,4,6
2015-06-09,7,3,4
2015-06-09,18,13,5
2015-06-09,14,7,7
2015-06-09,14,8,6
2015-06-09,22,17,5
2015-06-09,26,13,13
2015-06-09,20,9,11
2015-06-09,9,3,6
2015-06-09,17,12,5
2015-06-09,0,0,0
2015-06-09,0,0,0
2015-06-10,1,0,1
2015-06-10,0,0,0
2015-06-10,0,0,0
2015-06-10,0,0,0
2015-06-10,1,0,1
2015-06-10,1,0,1
2015-06-10,1,0,1
2015-06-10,11,5,6
2015-06-10,14,7,7
2015-06-10,11,6,5
2015-06-10,7,4,3
2015-06-10,9,5,4
2015-06-10,10,4,6
2015-06-10,8,5,3
2015-06-10,9,3,6
2015-06-10,13,9,4
2015-06-10,17,13,4
2015-06-10,18,10,8
2015-06-10,46,19,27
2015-06-10,20,12,8
2015-06-10,23,10,13
2015-06-10,14,10,4
2015-06-10,6,6,0
2015-06-10,4,3,1
2015-06-11,0,0,0
2015-06-11,0,0,0
2015-06-11,0,0,0
2015-06-11,0,0,0
2015-06-11,1,0,1
2015-06-11,2,0,2
2015-06-11,3,1,2
2015-06-11,13,7,6
2015-06-11,10,3,7
2015-06-11,14,7,7
2015-06-11,8,5,3
2015-06-11,9,5,4
2015-06-11,3,1,2
2015-06-11,4,4,0
2015-06-11,9,5,4
2015-06-11,9,2,7
2015-06-11,16,8,8
2015-06-11,20,8,12
2015-06-11,28,12,16
2015-06-11,16,5,11
2015-06-11,12,6,6
2015-06-11,2,2,0
2015-06-11,3,3,0
2015-06-11,4,4,0
2015-06-12,1,1,0
2015-06-12,0,0,0
2015-06-12,1,1,0
2015-06-12,0,0,0
2015-06-12,1,0,1
2015-06-12,2,1,1
2015-06-12,3,1,2
2015-06-12,6,3,3
2015-06-12,21,10,11
2015-06-12,8,4,4
2015-06-12,8,5,3
2015-06-12,6,3,3
2015-06-12,9,4,5
2015-06-12,10,7,3
2015-06-12,9,6,3
2015-06-12,11,3,8
2015-06-12,13,5,8
2015-06-12,12,9,3
2015-06-12,20,10,10
2015-06-12,9,7,2
2015-06-12,8,5,3
2015-06-12,1,1,0
2015-06-12,3,3,0
2015-06-12,3,3,0
2015-06-13,1,1,0
2015-06-13,2,1,1
2015-06-13,0,0,0
2015-06-13,0,0,0
2015-06-13,0,0,0
2015-06-13,0,0,0
2015-06-13,2,0,2
2015-06-13,4,1,3
2015-06-13,4,1,3
2015-06-13,9,5,4
2015-06-13,12,6,6
2015-06-13,18,10,8
2015-06-13,22,1,21
2015-06-13,21,13,8
2015-06-13,23,13,10
2015-06-13,8,4,4
2015-06-13,21,17,4
2015-06-13,18,7,11
2015-06-13,13,6,7
2015-06-13,10,4,6
2015-06-13,9,7,2
2015-06-13,7,5,2
2015-06-13,4,4,0
2015-06-13,1,1,0
2015-06-14,4,4,0
2015-06-14,5,5,0
2015-06-14,0,0,0
2015-06-14,1,1,0
2015-06-14,0,0,0
2015-06-14,2,0,2
2015-06-14,1,1,0
2015-06-14,0,0,0
2015-06-14,10,7,3
2015-06-14,12,6,6
2015-06-14,15,6,9
2015-06-14,18,11,7
2015-06-14,22,11,11
2015-06-14,22,9,13
2015-06-14,17,6,11
2015-06-14,22,17,5
2015-06-14,22,8,14
2015-06-14,15,8,7
2015-06-14,11,7,4
2015-06-14,12,7,5
2015-06-14,8,6,2
2015-06-14,5,2,3
2015-06-14,2,2,0
2015-06-14,1,1,0
2015-06-15,1,1,0
2015-06-15,0,0,0
2015-06-15,1,0,1
2015-06-15,0,0,0
2015-06-15,1,0,1
2015-06-15,2,1,1
2015-06-15,3,2,1
2015-06-15,7,2,5
2015-06-15,15,7,8
2015-06-15,8,1,7
2015-06-15,15,10,5
2015-06-15,5,2,3
2015-06-15,9,7,2
2015-06-15,13,7,6
2015-06-15,14,10,4
2015-06-15,10,5,5
2015-06-15,15,6,9
2015-06-15,25,17,8
2015-06-15,11,3,8
2015-06-15,10,2,8
2015-06-15,6,3,3
2015-06-15,7,4,3
2015-06-15,8,6,2
2015-06-15,1,1,0
2015-06-16,1,1,0
2015-06-16,0,0,0
2015-06-16,1,0,1
2015-06-16,0,0,0
2015-06-16,1,0,1
2015-06-16,1,0,1
2015-06-16,3,2,1
2015-06-16,8,5,3
2015-06-16,15,7,8
2015-06-16,12,3,9
2015-06-16,10,4,6
2015-06-16,7,2,5
2015-06-16,9,6,3
2015-06-16,5,3,2
2015-06-16,7,3,4
2015-06-16,9,3,6
2015-06-16,18,12,6
2015-06-16,15,14,1
2015-06-16,21,7,14
2015-06-16,13,10,3
2015-06-16,10,7,3
2015-06-16,6,4,2
2015-06-16,5,3,2
2015-06-16,3,2,1
2015-06-17,0,0,0
2015-06-17,0,0,0
2015-06-17,1,1,0
2015-06-17,0,0,0
2015-06-17,1,0,1
2015-06-17,2,1,1
2015-06-17,5,2,3
2015-06-17,9,4,5
2015-06-17,9,2,7
2015-06-17,12,4,8
2015-06-17,9,7,2
2015-06-17,10,6,4
2015-06-17,11,9,2
2015-06-17,9,3,6
2015-06-17,11,2,9
2015-06-17,9,5,4
2015-06-17,15,10,5
2015-06-17,21,14,7
2015-06-17,30,14,16
2015-06-17,22,6,16
2015-06-17,6,4,2
2015-06-17,8,5,3
2015-06-17,3,2,1
2015-06-17,2,2,0
2015-06-18,0,0,0
2015-06-18,1,1,0
2015-06-18,2,1,1
2015-06-18,0,0,0
2015-06-18,1,0,1
2015-06-18,2,1,1
2015-06-18,1,0,1
2015-06-18,9,6,3
2015-06-18,7,4,3
2015-06-18,7,4,3
2015-06-18,9,5,4
2015-06-18,7,4,3
2015-06-18,5,4,1
2015-06-18,13,6,7
2015-06-18,5,4,1
2015-06-18,7,3,4
2015-06-18,5,3,2
2015-06-18,25,22,3
2015-06-18,20,13,7
2015-06-18,5,3,2
2015-06-18,8,5,3
2015-06-18,2,2,0
2015-06-18,1,1,0
2015-06-18,1,1,0
2015-06-19,0,0,0
2015-06-19,0,0,0
2015-06-19,2,2,0
2015-06-19,0,0,0
2015-06-19,1,0,1
2015-06-19,2,1,1
2015-06-19,2,1,1
2015-06-19,7,4,3
2015-06-19,13,5,8
2015-06-19,9,3,6
2015-06-19,9,5,4
2015-06-19,12,2,10
2015-06-19,7,5,2
2015-06-19,3,1,2
2015-06-19,13,7,6
2015-06-19,18,9,9
2015-06-19,10,5,5
2015-06-19,13,7,6
2015-06-19,12,8,4
2015-06-19,11,2,9
2015-06-19,10,8,2
2015-06-19,5,5,0
2015-06-19,1,1,0
2015-06-19,2,2,0
2015-06-20,2,0,2
2015-06-20,1,1,0
2015-06-20,0,0,0
2015-06-20,0,0,0
2015-06-20,1,0,1
2015-06-20,0,0,0
2015-06-20,2,1,1
2015-06-20,2,1,1
2015-06-20,7,3,4
2015-06-20,10,5,5
2015-06-20,13,5,8
2015-06-20,7,3,4
2015-06-20,27,17,10
2015-06-20,32,23,9
2015-06-20,36,25,11
2015-06-20,11,3,8
2015-06-20,19,5,14
2015-06-20,13,8,5
2015-06-20,6,4,2
2015-06-20,8,6,2
2015-06-20,10,2,8
2015-06-20,7,3,4
2015-06-20,5,2,3
2015-06-20,4,3,1
2015-06-21,0,0,0
2015-06-21,4,1,3
2015-06-21,1,0,1
2015-06-21,0,0,0
2015-06-21,0,0,0
2015-06-21,0,0,0
2015-06-21,0,0,0
2015-06-21,1,1,0
2015-06-21,3,1,2
2015-06-21,10,3,7
2015-06-21,12,6,6
2015-06-21,12,6,6
2015-06-21,12,5,7
2015-06-21,11,6,5
2015-06-21,9,3,6
2015-06-21,11,2,9
2015-06-21,16,12,4
2015-06-21,14,9,5
2015-06-21,12,10,2
2015-06-21,15,9,6
2015-06-21,6,3,3
2015-06-21,6,3,3
2015-06-21,2,2,0
2015-06-21,1,1,0
2015-06-22,1,1,0
2015-06-22,0,0,0
2015-06-22,0,0,0
2015-06-22,0,0,0
2015-06-22,2,1,1
2015-06-22,3,2,1
2015-06-22,4,2,2
2015-06-22,6,4,2
2015-06-22,16,4,12
2015-06-22,9,3,6
2015-06-22,8,4,4
2015-06-22,12,5,7
2015-06-22,5,4,1
2015-06-22,9,6,3
2015-06-22,5,2,3
2015-06-22,7,2,5
2015-06-22,14,5,9
2015-06-22,23,11,12
2015-06-22,37,24,13
2015-06-22,15,8,7
2015-06-22,13,11,2
2015-06-22,7,2,5
2015-06-22,3,3,0
2015-06-22,2,2,0
2015-06-23,0,0,0
2015-06-23,0,0,0
2015-06-23,1,0,1
2015-06-23,0,0,0
2015-06-23,1,0,1
2015-06-23,2,1,1
2015-06-23,2,1,1
2015-06-23,13,6,7
2015-06-23,13,4,9
2015-06-23,11,5,6
2015-06-23,6,5,1
2015-06-23,7,5,2
2015-06-23,7,7,0
2015-06-23,11,2,9
2015-06-23,5,4,1
2015-06-23,12,6,6
2015-06-23,16,9,7
2015-06-23,23,15,8
2015-06-23,19,6,13
2015-06-23,18,11,7
2015-06-23,12,10,2
2015-06-23,6,5,1
2015-06-23,3,2,1
2015-06-23,1,0,1
2015-06-24,0,0,0
2015-06-24,0,0,0
2015-06-24,1,0,1
2015-06-24,0,0,0
2015-06-24,1,0,1
2015-06-24,2,1,1
2015-06-24,4,2,2
2015-06-24,7,3,4
2015-06-24,13,7,6
2015-06-24,11,3,8
2015-06-24,6,3,3
2015-06-24,8,4,4
2015-06-24,7,6,1
2015-06-24,12,1,11
2015-06-24,12,7,5
2015-06-24,10,5,5
2015-06-24,23,13,10
2015-06-24,17,10,7
2015-06-24,19,7,12
2015-06-24,16,8,8
2015-06-24,12,10,2
2015-06-24,4,3,1
2015-06-24,11,5,6
2015-06-24,7,7,0
2015-06-25,2,2,0
2015-06-25,0,0,0
2015-06-25,0,0,0
2015-06-25,0,0,0
2015-06-25,1,0,1
2015-06-25,1,0,1
2015-06-25,6,4,2
2015-06-25,7,2,5
2015-06-25,14,7,7
2015-06-25,17,5,12
2015-06-25,8,3,5
2015-06-25,8,2,6
2015-06-25,8,4,4
2015-06-25,13,5,8
2015-06-25,6,5,1
2015-06-25,7,4,3
2015-06-25,12,7,5
2015-06-25,24,13,11
2015-06-25,17,10,7
2015-06-25,25,15,10
2015-06-25,4,2,2
2015-06-25,7,3,4
2015-06-25,3,2,1
2015-06-25,0,0,0
2015-06-26,0,0,0
2015-06-26,4,3,1
2015-06-26,0,0,0
2015-06-26,0,0,0
2015-06-26,1,0,1
2015-06-26,2,1,1
2015-06-26,6,3,3
2015-06-26,11,5,6
2015-06-26,22,9,13
2015-06-26,13,5,8
2015-06-26,7,3,4
2015-06-26,12,7,5
2015-06-26,14,5,9
2015-06-26,8,1,7
2015-06-26,8,4,4
2015-06-26,8,4,4
2015-06-26,18,12,6
2015-06-26,15,8,7
2015-06-26,8,0,8
2015-06-26,10,6,4
2015-06-26,9,6,3
2015-06-26,9,5,4
2015-06-26,1,1,0
2015-06-26,4,2,2
2015-06-27,1,0,1
2015-06-27,1,0,1
2015-06-27,0,0,0
2015-06-27,0,0,0
2015-06-27,0,0,0
2015-06-27,0,0,0
2015-06-27,1,0,1
2015-06-27,4,0,4
2015-06-27,8,1,7
2015-06-27,9,5,4
2015-06-27,18,12,6
2015-06-27,17,10,7
2015-06-27,14,10,4
2015-06-27,21,8,13
2015-06-27,15,11,4
2015-06-27,12,4,8
2015-06-27,17,7,10
2015-06-27,12,9,3
2015-06-27,11,5,6
2015-06-27,2,2,0
2015-06-27,3,1,2
2015-06-27,2,2,0
2015-06-27,1,0,1
2015-06-27,2,2,0
2015-06-28,0,0,0
2015-06-28,0,0,0
2015-06-28,1,0,1
2015-06-28,0,0,0
2015-06-28,2,1,1
2015-06-28,4,0,4
2015-06-28,1,1,0
2015-06-28,2,0,2
2015-06-28,6,2,4
2015-06-28,8,4,4
2015-06-28,8,4,4
2015-06-28,10,5,5
2015-06-28,14,7,7
2015-06-28,10,3,7
2015-06-28,17,7,10
2015-06-28,17,7,10
2015-06-28,11,6,5
2015-06-28,19,5,14
2015-06-28,12,8,4
2015-06-28,11,6,5
2015-06-28,7,3,4
2015-06-28,1,1,0
2015-06-28,1,1,0
2015-06-28,2,0,2
2015-06-29,2,2,0
2015-06-29,1,0,1
2015-06-29,2,2,0
2015-06-29,0,0,0
2015-06-29,1,0,1
2015-06-29,2,0,2
2015-06-29,1,0,1
2015-06-29,7,3,4
2015-06-29,11,7,4
2015-06-29,17,8,9
2015-06-29,11,4,7
2015-06-29,5,2,3
2015-06-29,6,5,1
2015-06-29,13,6,7
2015-06-29,10,8,2
2015-06-29,7,5,2
2015-06-29,14,5,9
2015-06-29,20,15,5
2015-06-29,17,7,10
2015-06-29,16,4,12
2015-06-29,17,8,9
2015-06-29,7,4,3
2015-06-29,3,2,1
2015-06-29,1,1,0
2015-06-30,0,0,0
2015-06-30,1,0,1
2015-06-30,0,0,0
2015-06-30,1,0,1
2015-06-30,1,0,1
2015-06-30,3,2,1
2015-06-30,7,4,3
2015-06-30,7,5,2
2015-06-30,10,2,8
2015-06-30,15,8,7
2015-06-30,13,6,7
2015-06-30,9,5,4
2015-06-30,17,8,9
2015-06-30,12,3,9
2015-06-30,14,3,11
2015-06-30,19,9,10
2015-06-30,9,7,2
2015-06-30,12,7,5
2015-06-30,20,11,9
2015-06-30,16,11,5
2015-06-30,9,5,4
2015-06-30,16,8,8
2015-06-30,8,7,1
2015-06-30,5,3,2
2015-07-01,0,0,0
2015-07-01,0,0,0
2015-07-01,0,0,0
2015-07-01,0,0,0
2015-07-01,2,1,1
2015-07-01,2,2,0
2015-07-01,3,1,2
2015-07-01,13,7,6
2015-07-01,11,3,8
2015-07-01,10,3,7
2015-07-01,9,2,7
2015-07-01,14,9,5
2015-07-01,7,4,3
2015-07-01,10,5,5
2015-07-01,5,4,1
2015-07-01,10,5,5
2015-07-01,16,7,9
2015-07-01,22,14,8
2015-07-01,19,13,6
2015-07-01,10,9,1
2015-07-01,9,3,6
2015-07-01,8,2,6
2015-07-01,4,3,1
2015-07-01,4,2,2
2015-07-02,2,1,1
2015-07-02,0,0,0
2015-07-02,0,0,0
2015-07-02,0,0,0
2015-07-02,1,0,1
2015-07-02,1,1,0
2015-07-02,5,4,1
2015-07-02,9,5,4
2015-07-02,18,7,11
2015-07-02,10,6,4
2015-07-02,6,1,5
2015-07-02,10,5,5
2015-07-02,22,20,2
2015-07-02,14,8,6
2015-07-02,6,4,2
2015-07-02,6,3,3
2015-07-02,16,7,9
2015-07-02,21,8,13
2015-07-02,6,4,2
2015-07-02,10,7,3
2015-07-02,7,4,3
2015-07-02,15,9,6
2015-07-02,5,5,0
2015-07-02,1,0,1
2015-07-03,0,0,0
2015-07-03,0,0,0
2015-07-03,0,0,0
2015-07-03,0,0,0
2015-07-03,1,0,1
2015-07-03,0,0,0
2015-07-03,2,2,0
2015-07-03,1,1,0
2015-07-03,11,0,11
2015-07-03,10,3,7
2015-07-03,13,4,9
2015-07-03,28,14,14
2015-07-03,18,8,10
2015-07-03,12,6,6
2015-07-03,12,6,6
2015-07-03,14,5,9
2015-07-03,21,10,11
2015-07-03,11,6,5
2015-07-03,12,5,7
2015-07-03,11,5,6
2015-07-03,10,7,3
2015-07-03,13,11,2
2015-07-03,8,3,5
2015-07-03,1,0,1
2015-07-04,0,0,0
2015-07-04,0,0,0
2015-07-04,1,0,1
2015-07-04,0,0,0
2015-07-04,0,0,0
2015-07-04,1,1,0
2015-07-04,0,0,0
2015-07-04,1,0,1
2015-07-04,6,0,6
2015-07-04,8,4,4
2015-07-04,22,14,8
2015-07-04,17,7,10
2015-07-04,11,4,7
2015-07-04,13,5,8
2015-07-04,10,7,3
2015-07-04,12,7,5
2015-07-04,8,6,2
2015-07-04,7,4,3
2015-07-04,6,4,2
2015-07-04,6,4,2
2015-07-04,7,6,1
2015-07-04,13,12,1
2015-07-04,2,2,0
2015-07-04,10,3,7
2015-07-05,5,0,5
2015-07-05,1,0,1
2015-07-05,2,1,1
2015-07-05,0,0,0
2015-07-05,1,1,0
2015-07-05,0,0,0
2015-07-05,2,1,1
2015-07-05,0,0,0
2015-07-05,3,1,2
2015-07-05,11,4,7
2015-07-05,9,5,4
2015-07-05,18,9,9
2015-07-05,14,5,9
2015-07-05,27,21,6
2015-07-05,11,4,7
2015-07-05,13,4,9
2015-07-05,8,7,1
2015-07-05,8,1,7
2015-07-05,8,7,1
2015-07-05,15,6,9
2015-07-05,9,3,6
2015-07-05,7,5,2
2015-07-05,8,8,0
2015-07-05,3,3,0
2015-07-06,1,0,1
2015-07-06,2,2,0
2015-07-06,0,0,0
2015-07-06,0,0,0
2015-07-06,1,0,1
2015-07-06,0,0,0
2015-07-06,3,1,2
2015-07-06,5,2,3
2015-07-06,9,2,7
2015-07-06,21,6,15
2015-07-06,1,0,1
2015-07-06,0,0,0
2015-07-06,0,0,0
2015-07-06,1,0,1
2015-07-06,7,6,1
2015-07-06,10,8,2
2015-07-06,18,10,8
2015-07-06,12,9,3
2015-07-06,21,13,8
2015-07-06,8,3,5
2015-07-06,7,3,4
2015-07-06,7,4,3
2015-07-06,5,3,2
2015-07-06,3,3,0
2015-07-07,0,0,0
2015-07-07,0,0,0
2015-07-07,0,0,0
2015-07-07,0,0,0
2015-07-07,1,0,1
2015-07-07,1,1,0
2015-07-07,1,0,1
2015-07-07,7,2,5
2015-07-07,13,6,7
2015-07-07,8,3,5
2015-07-07,9,2,7
2015-07-07,5,3,2
2015-07-07,15,10,5
2015-07-07,4,3,1
2015-07-07,2,1,1
2015-07-07,11,7,4
2015-07-07,16,7,9
2015-07-07,18,6,12
2015-07-07,15,10,5
2015-07-07,18,10,8
2015-07-07,8,5,3
2015-07-07,2,2,0
2015-07-07,3,1,2
2015-07-07,0,0,0
2015-07-08,0,0,0
2015-07-08,0,0,0
2015-07-08,1,0,1
2015-07-08,0,0,0
2015-07-08,1,0,1
2015-07-08,1,1,0
2015-07-08,9,3,6
2015-07-08,7,4,3
2015-07-08,11,5,6
2015-07-08,10,4,6
2015-07-08,11,2,9
2015-07-08,7,6,1
2015-07-08,11,7,4
2015-07-08,7,2,5
2015-07-08,2,1,1
2015-07-08,8,6,2
2015-07-08,17,9,8
2015-07-08,21,12,9
2015-07-08,18,10,8
2015-07-08,13,6,7
2015-07-08,9,5,4
2015-07-08,6,4,2
2015-07-08,8,5,3
2015-07-08,1,1,0
2015-07-09,0,0,0
2015-07-09,0,0,0
2015-07-09,1,0,1
2015-07-09,1,0,1
2015-07-09,0,0,0
2015-07-09,2,2,0
2015-07-09,0,0,0
2015-07-09,8,1,7
2015-07-09,9,2,7
2015-07-09,9,2,7
2015-07-09,9,5,4
2015-07-09,7,5,2
2015-07-09,9,7,2
2015-07-09,8,2,6
2015-07-09,3,1,2
2015-07-09,10,6,4
2015-07-09,12,6,6
2015-07-09,14,10,4
2015-07-09,16,12,4
2015-07-09,18,10,8
2015-07-09,10,5,5
2015-07-09,5,3,2
2015-07-09,2,2,0
2015-07-09,2,0,2
2015-07-10,0,0,0
2015-07-10,0,0,0
2015-07-10,0,0,0
2015-07-10,0,0,0
2015-07-10,1,0,1
2015-07-10,1,1,0
2015-07-10,5,0,5
2015-07-10,4,2,2
2015-07-10,4,2,2
2015-07-10,5,3,2
2015-07-10,10,2,8
2015-07-10,7,2,5
2015-07-10,10,8,2
2015-07-10,6,4,2
2015-07-10,6,4,2
2015-07-10,9,6,3
2015-07-10,16,7,9
2015-07-10,11,9,2
2015-07-10,12,4,8
2015-07-10,1,1,0
2015-07-10,11,5,6
2015-07-10,4,4,0
2015-07-10,4,2,2
2015-07-10,1,1,0
2015-07-11,2,2,0
2015-07-11,0,0,0
2015-07-11,3,2,1
2015-07-11,1,0,1
2015-07-11,0,0,0
2015-07-11,1,1,0
2015-07-11,2,0,2
2015-07-11,6,2,4
2015-07-11,9,4,5
2015-07-11,16,7,9
2015-07-11,22,8,14
2015-07-11,11,2,9
2015-07-11,13,5,8
2015-07-11,19,4,15
2015-07-11,16,10,6
2015-07-11,22,10,12
2015-07-11,6,1,5
2015-07-11,23,11,12
2015-07-11,25,9,16
2015-07-11,10,6,4
2015-07-11,9,0,9
2015-07-11,10,5,5
2015-07-11,5,2,3
2015-07-11,3,3,0
2015-07-12,1,1,0
2015-07-12,1,1,0
2015-07-12,4,4,0
2015-07-12,4,3,1
2015-07-12,1,0,1
2015-07-12,0,0,0
2015-07-12,1,0,1
2015-07-12,3,1,2
2015-07-12,5,1,4
2015-07-12,10,7,3
2015-07-12,26,9,17
2015-07-12,26,6,20
2015-07-12,27,6,21
2015-07-12,22,11,11
2015-07-12,26,19,7
2015-07-12,16,4,12
2015-07-12,28,16,12
2015-07-12,22,12,10
2015-07-12,16,10,6
2015-07-12,26,17,9
2015-07-12,5,0,5
2015-07-12,6,4,2
2015-07-12,4,3,1
2015-07-12,2,0,2
2015-07-13,1,1,0
2015-07-13,0,0,0
2015-07-13,0,0,0
2015-07-13,0,0,0
2015-07-13,1,0,1
2015-07-13,0,0,0
2015-07-13,3,0,3
2015-07-13,8,5,3
2015-07-13,13,7,6
2015-07-13,6,1,5
2015-07-13,9,3,6
2015-07-13,5,1,4
2015-07-13,9,5,4
2015-07-13,8,4,4
2015-07-13,10,3,7
2015-07-13,7,1,6
2015-07-13,11,7,4
2015-07-13,19,10,9
2015-07-13,15,8,7
2015-07-13,16,10,6
2015-07-13,9,4,5
2015-07-13,9,2,7
2015-07-13,1,1,0
2015-07-13,2,2,0
2015-07-14,0,0,0
2015-07-14,0,0,0
2015-07-14,0,0,0
2015-07-14,1,1,0
2015-07-14,2,1,1
2015-07-14,2,2,0
2015-07-14,1,0,1
2015-07-14,7,2,5
2015-07-14,15,7,8
2015-07-14,16,5,11
2015-07-14,8,3,5
2015-07-14,7,3,4
2015-07-14,9,6,3
2015-07-14,3,3,0
2015-07-14,7,4,3
2015-07-14,12,9,3
2015-07-14,14,8,6
2015-07-14,31,18,13
2015-07-14,19,11,8
2015-07-14,18,9,9
2015-07-14,11,7,4
2015-07-14,10,6,4
2015-07-14,6,2,4
2015-07-14,6,5,1
2015-07-15,1,0,1
2015-07-15,0,0,0
2015-07-15,0,0,0
2015-07-15,1,1,0
2015-07-15,3,2,1
2015-07-15,0,0,0
2015-07-15,2,0,2
2015-07-15,11,6,5
2015-07-15,9,4,5
2015-07-15,13,5,8
2015-07-15,4,2,2
2015-07-15,4,2,2
2015-07-15,13,7,6
2015-07-15,6,3,3
2015-07-15,4,1,3
2015-07-15,20,11,9
2015-07-15,11,8,3
2015-07-15,17,10,7
2015-07-15,25,10,15
2015-07-15,16,6,10
2015-07-15,10,10,0
2015-07-15,2,1,1
2015-07-15,7,5,2
2015-07-15,0,0,0
2015-07-16,0,0,0
2015-07-16,0,0,0
2015-07-16,0,0,0
2015-07-16,0,0,0
2015-07-16,1,0,1
2015-07-16,0,0,0
2015-07-16,3,1,2
2015-07-16,5,2,3
2015-07-16,15,5,10
2015-07-16,11,5,6
2015-07-16,15,3,12
2015-07-16,12,7,5
2015-07-16,15,11,4
2015-07-16,4,2,2
2015-07-16,6,4,2
2015-07-16,8,1,7
2015-07-16,10,5,5
2015-07-16,13,8,5
2015-07-16,27,13,14
2015-07-16,19,9,10
2015-07-16,13,6,7
2015-07-16,10,4,6
2015-07-16,1,0,1
2015-07-16,6,6,0
2015-07-17,0,0,0
2015-07-17,0,0,0
2015-07-17,2,1,1
2015-07-17,0,0,0
2015-07-17,1,0,1
2015-07-17,1,1,0
2015-07-17,6,1,5
2015-07-17,6,2,4
2015-07-17,13,4,9
2015-07-17,11,3,8
2015-07-17,7,2,5
2015-07-17,6,4,2
2015-07-17,10,6,4
2015-07-17,14,9,5
2015-07-17,9,4,5
2015-07-17,11,4,7
2015-07-17,24,20,4
2015-07-17,16,9,7
2015-07-17,12,7,5
2015-07-17,19,13,6
2015-07-17,11,8,3
2015-07-17,4,2,2
2015-07-17,3,2,1
2015-07-17,4,4,0
2015-07-18,2,1,1
2015-07-18,0,0,0
2015-07-18,2,2,0
2015-07-18,0,0,0
2015-07-18,0,0,0
2015-07-18,0,0,0
2015-07-18,0,0,0
2015-07-18,0,0,0
2015-07-18,6,0,6
2015-07-18,10,8,2
2015-07-18,17,10,7
2015-07-18,16,8,8
2015-07-18,7,5,2
2015-07-18,26,14,12
2015-07-18,22,6,16
2015-07-18,11,6,5
2015-07-18,11,7,4
2015-07-18,12,8,4
2015-07-18,7,4,3
2015-07-18,7,4,3
2015-07-18,8,3,5
2015-07-18,11,11,0
2015-07-18,7,6,1
2015-07-18,0,0,0
2015-07-19,0,0,0
2015-07-19,2,2,0
2015-07-19,0,0,0
2015-07-19,0,0,0
2015-07-19,0,0,0
2015-07-19,0,0,0
2015-07-19,0,0,0
2015-07-19,2,1,1
2015-07-19,5,0,5
2015-07-19,11,6,5
2015-07-19,28,19,9
2015-07-19,26,13,13
2015-07-19,21,11,10
2015-07-19,10,3,7
2015-07-19,31,15,16
2015-07-19,16,9,7
2015-07-19,8,6,2
2015-07-19,19,14,5
2015-07-19,7,5,2
2015-07-19,8,3,5
2015-07-19,9,6,3
2015-07-19,8,7,1
2015-07-19,0,0,0
2015-07-19,1,0,1
2015-07-20,2,2,0
2015-07-20,1,1,0
2015-07-20,2,2,0
2015-07-20,0,0,0
2015-07-20,1,0,1
2015-07-20,1,1,0
2015-07-20,3,0,3
2015-07-20,7,3,4
2015-07-20,12,8,4
2015-07-20,20,6,14
2015-07-20,6,2,4
2015-07-20,7,4,3
2015-07-20,8,6,2
2015-07-20,6,2,4
2015-07-20,8,6,2
2015-07-20,8,2,6
2015-07-20,12,10,2
2015-07-20,23,13,10
2015-07-20,21,10,11
2015-07-20,15,8,7
2015-07-20,7,4,3
2015-07-20,4,2,2
2015-07-20,4,3,1
2015-07-20,2,2,0
2015-07-21,0,0,0
2015-07-21,1,1,0
2015-07-21,0,0,0
2015-07-21,0,0,0
2015-07-21,1,0,1
2015-07-21,1,1,0
2015-07-21,1,1,0
2015-07-21,6,3,3
2015-07-21,11,7,4
2015-07-21,11,3,8
2015-07-21,5,0,5
2015-07-21,7,1,6
2015-07-21,13,8,5
2015-07-21,9,4,5
2015-07-21,6,2,4
2015-07-21,8,7,1
2015-07-21,7,4,3
2015-07-21,18,13,5
2015-07-21,13,6,7
2015-07-21,32,9,23
2015-07-21,9,3,6
2015-07-21,6,3,3
2015-07-21,9,8,1
2015-07-21,2,2,0
2015-07-22,0,0,0
2015-07-22,0,0,0
2015-07-22,0,0,0
2015-07-22,1,1,0
2015-07-22,1,0,1
2015-07-22,1,1,0
2015-07-22,2,1,1
2015-07-22,7,4,3
2015-07-22,10,2,8
2015-07-22,12,3,9
2015-07-22,14,5,9
2015-07-22,11,8,3
2015-07-22,2,0,2
2015-07-22,5,3,2
2015-07-22,4,3,1
2015-07-22,6,5,1
2015-07-22,13,8,5
2015-07-22,19,8,11
2015-07-22,17,11,6
2015-07-22,11,6,5
2015-07-22,5,2,3
2015-07-22,11,7,4
2015-07-22,1,0,1
2015-07-22,0,0,0
2015-07-23,2,0,2
2015-07-23,1,0,1
2015-07-23,0,0,0
2015-07-23,0,0,0
2015-07-23,1,0,1
2015-07-23,1,1,0
2015-07-23,2,0,2
2015-07-23,7,3,4
2015-07-23,14,8,6
2015-07-23,10,4,6
2015-07-23,6,3,3
2015-07-23,9,4,5
2015-07-23,5,2,3
2015-07-23,12,7,5
2015-07-23,2,2,0
2015-07-23,7,2,5
2015-07-23,12,3,9
2015-07-23,17,13,4
2015-07-23,13,9,4
2015-07-23,14,8,6
2015-07-23,12,6,6
2015-07-23,7,5,2
2015-07-23,5,2,3
2015-07-23,4,4,0
2015-07-24,0,0,0
2015-07-24,1,0,1
2015-07-24,1,1,0
2015-07-24,0,0,0
2015-07-24,1,0,1
2015-07-24,0,0,0
2015-07-24,2,0,2
2015-07-24,11,4,7
2015-07-24,7,3,4
2015-07-24,12,6,6
2015-07-24,4,1,3
2015-07-24,6,5,1
2015-07-24,5,1,4
2015-07-24,12,6,6
2015-07-24,6,4,2
2015-07-24,11,7,4
2015-07-24,14,8,6
2015-07-24,21,13,8
2015-07-24,13,4,9
2015-07-24,3,3,0
2015-07-24,6,3,3
2015-07-24,8,5,3
2015-07-24,0,0,0
2015-07-24,9,1,8
2015-07-25,0,0,0
2015-07-25,2,2,0
2015-07-25,1,0,1
2015-07-25,0,0,0
2015-07-25,0,0,0
2015-07-25,0,0,0
2015-07-25,0,0,0
2015-07-25,1,0,1
2015-07-25,2,0,2
2015-07-25,7,3,4
2015-07-25,7,3,4
2015-07-25,3,1,2
2015-07-25,9,5,4
2015-07-25,9,1,8
2015-07-25,1,0,1
2015-07-25,4,4,0
2015-07-25,14,5,9
2015-07-25,14,7,7
2015-07-25,4,3,1
2015-07-25,4,0,4
2015-07-25,1,1,0
2015-07-25,6,4,2
2015-07-25,0,0,0
2015-07-25,1,1,0
2015-07-26,0,0,0
2015-07-26,2,0,2
2015-07-26,0,0,0
2015-07-26,0,0,0
2015-07-26,0,0,0
2015-07-26,1,0,1
2015-07-26,0,0,0
2015-07-26,1,1,0
2015-07-26,4,0,4
2015-07-26,12,8,4
2015-07-26,17,5,12
2015-07-26,12,4,8
2015-07-26,12,6,6
2015-07-26,17,9,8
2015-07-26,17,8,9
2015-07-26,14,10,4
2015-07-26,8,7,1
2015-07-26,4,0,4
2015-07-26,3,0,3
2015-07-26,5,4,1
2015-07-26,6,2,4
2015-07-26,0,0,0
2015-07-26,1,1,0
2015-07-26,0,0,0
2015-07-27,1,1,0
2015-07-27,0,0,0
2015-07-27,1,1,0
2015-07-27,0,0,0
2015-07-27,1,0,1
2015-07-27,1,1,0
2015-07-27,1,0,1
2015-07-27,4,2,2
2015-07-27,14,7,7
2015-07-27,8,4,4
2015-07-27,7,5,2
2015-07-27,3,0,3
2015-07-27,7,5,2
2015-07-27,10,3,7
2015-07-27,3,1,2
2015-07-27,8,3,5
2015-07-27,10,5,5
2015-07-27,23,13,10
2015-07-27,25,17,8
2015-07-27,8,7,1
2015-07-27,9,2,7
2015-07-27,4,3,1
2015-07-27,3,3,0
2015-07-27,2,2,0
2015-07-28,2,1,1
2015-07-28,1,0,1
2015-07-28,0,0,0
2015-07-28,0,0,0
2015-07-28,1,0,1
2015-07-28,1,1,0
2015-07-28,2,1,1
2015-07-28,7,2,5
2015-07-28,7,5,2
2015-07-28,10,3,7
2015-07-28,10,3,7
2015-07-28,6,2,4
2015-07-28,14,6,8
2015-07-28,14,6,8
2015-07-28,14,6,8
2015-07-28,17,13,4
2015-07-28,17,7,10
2015-07-28,24,10,14
2015-07-28,25,14,11
2015-07-28,20,5,15
2015-07-28,12,8,4
2015-07-28,12,7,5
2015-07-28,4,4,0
2015-07-28,2,1,1
2015-07-29,0,0,0
2015-07-29,0,0,0
2015-07-29,0,0,0
2015-07-29,1,0,1
2015-07-29,0,0,0
2015-07-29,1,1,0
2015-07-29,2,1,1
2015-07-29,4,1,3
2015-07-29,7,3,4
2015-07-29,6,4,2
2015-07-29,6,1,5
2015-07-29,7,6,1
2015-07-29,5,4,1
2015-07-29,3,1,2
2015-07-29,12,7,5
2015-07-29,14,9,5
2015-07-29,16,8,8
2015-07-29,18,12,6
2015-07-29,25,13,12
2015-07-29,13,7,6
2015-07-29,9,4,5
2015-07-29,9,4,5
2015-07-29,11,6,5
2015-07-29,0,0,0
2015-07-30,3,1,2
2015-07-30,1,1,0
2015-07-30,1,1,0
2015-07-30,0,0,0
2015-07-30,2,1,1
2015-07-30,1,1,0
2015-07-30,2,0,2
2015-07-30,7,2,5
2015-07-30,12,10,2
2015-07-30,13,8,5
2015-07-30,9,6,3
2015-07-30,12,10,2
2015-07-30,6,4,2
2015-07-30,14,3,11
2015-07-30,8,5,3
2015-07-30,9,7,2
2015-07-30,9,7,2
2015-07-30,21,10,11
2015-07-30,17,7,10
2015-07-30,22,12,10
2015-07-30,14,8,6
2015-07-30,4,4,0
2015-07-30,5,4,1
2015-07-30,5,5,0
2015-07-31,0,0,0
2015-07-31,0,0,0
2015-07-31,0,0,0
2015-07-31,0,0,0
2015-07-31,1,0,1
2015-07-31,2,1,1
2015-07-31,1,1,0
2015-07-31,7,4,3
2015-07-31,8,6,2
2015-07-31,11,3,8
2015-07-31,12,2,10
2015-07-31,7,2,5
2015-07-31,8,3,5
2015-07-31,8,6,2
2015-07-31,14,3,11
2015-07-31,8,5,3
2015-07-31,21,12,9
2015-07-31,23,11,12
2015-07-31,15,8,7
2015-07-31,14,7,7
2015-07-31,10,4,6
2015-07-31,10,6,4
2015-07-31,3,1,2
2015-07-31,2,2,0
2015-08-01,3,1,2
2015-08-01,2,2,0
2015-08-01,0,0,0
2015-08-01,1,0,1
2015-08-01,1,0,1
2015-08-01,0,0,0
2015-08-01,4,3,1
2015-08-01,3,2,1
2015-08-01,4,2,2
2015-08-01,8,5,3
2015-08-01,11,5,6
2015-08-01,7,2,5
2015-08-01,8,2,6
2015-08-01,12,4,8
2015-08-01,17,7,10
2015-08-01,14,9,5
2015-08-01,11,5,6
2015-08-01,5,0,5
2015-08-01,14,10,4
2015-08-01,7,2,5
2015-08-01,8,5,3
2015-08-01,5,2,3
2015-08-01,2,2,0
2015-08-01,4,3,1
2015-08-02,3,2,1
2015-08-02,1,0,1
2015-08-02,1,1,0
2015-08-02,1,1,0
2015-08-02,0,0,0
2015-08-02,0,0,0
2015-08-02,1,0,1
2015-08-02,0,0,0
2015-08-02,3,3,0
2015-08-02,18,5,13
2015-08-02,8,3,5
2015-08-02,28,4,24
2015-08-02,10,6,4
2015-08-02,11,7,4
2015-08-02,30,22,8
2015-08-02,26,17,9
2015-08-02,10,6,4
2015-08-02,9,1,8
2015-08-02,15,9,6
2015-08-02,7,7,0
2015-08-02,4,4,0
2015-08-02,1,0,1
2015-08-02,0,0,0
2015-08-02,3,3,0
2015-08-03,1,1,0
2015-08-03,0,0,0
2015-08-03,0,0,0
2015-08-03,1,0,1
2015-08-03,0,0,0
2015-08-03,2,1,1
2015-08-03,3,1,2
2015-08-03,6,4,2
2015-08-03,12,5,7
2015-08-03,13,7,6
2015-08-03,5,0,5
2015-08-03,11,5,6
2015-08-03,12,8,4
2015-08-03,10,4,6
2015-08-03,9,5,4
2015-08-03,10,4,6
2015-08-03,9,6,3
2015-08-03,19,14,5
2015-08-03,25,13,12
2015-08-03,19,9,10
2015-08-03,4,1,3
2015-08-03,11,9,2
2015-08-03,3,3,0
2015-08-03,4,3,1
2015-08-04,0,0,0
2015-08-04,0,0,0
2015-08-04,0,0,0
2015-08-04,1,0,1
2015-08-04,0,0,0
2015-08-04,1,1,0
2015-08-04,5,3,2
2015-08-04,8,2,6
2015-08-04,20,10,10
2015-08-04,5,2,3
2015-08-04,10,5,5
2015-08-04,10,5,5
2015-08-04,12,8,4
2015-08-04,17,8,9
2015-08-04,5,2,3
2015-08-04,10,5,5
2015-08-04,22,12,10
2015-08-04,26,11,15
2015-08-04,27,18,9
2015-08-04,21,10,11
2015-08-04,7,4,3
2015-08-04,9,8,1
2015-08-04,3,2,1
2015-08-04,0,0,0
2015-08-05,1,0,1
2015-08-05,2,2,0
2015-08-05,0,0,0
2015-08-05,0,0,0
2015-08-05,1,0,1
2015-08-05,2,2,0
2015-08-05,5,3,2
2015-08-05,11,5,6
2015-08-05,8,6,2
2015-08-05,9,1,8
2015-08-05,3,0,3
2015-08-05,18,12,6
2015-08-05,6,6,0
2015-08-05,7,4,3
2015-08-05,10,6,4
2015-08-05,6,4,2
2015-08-05,12,6,6
2015-08-05,11,6,5
2015-08-05,27,15,12
2015-08-05,10,3,7
2015-08-05,8,6,2
2015-08-05,4,2,2
2015-08-05,1,0,1
2015-08-05,1,0,1
2015-08-06,2,0,2
2015-08-06,0,0,0
2015-08-06,0,0,0
2015-08-06,2,1,1
2015-08-06,2,1,1
2015-08-06,2,1,1
2015-08-06,5,2,3
2015-08-06,2,0,2
2015-08-06,6,3,3
2015-08-06,9,5,4
2015-08-06,16,1,15
2015-08-06,6,3,3
2015-08-06,11,10,1
2015-08-06,8,3,5
2015-08-06,8,6,2
2015-08-06,11,6,5
2015-08-06,19,10,9
2015-08-06,11,8,3
2015-08-06,14,7,7
2015-08-06,23,15,8
2015-08-06,16,10,6
2015-08-06,8,5,3
2015-08-06,2,2,0
2015-08-06,2,2,0
2015-08-07,0,0,0
2015-08-07,1,1,0
2015-08-07,0,0,0
2015-08-07,0,0,0
2015-08-07,1,0,1
2015-08-07,0,0,0
2015-08-07,5,3,2
2015-08-07,13,5,8
2015-08-07,10,7,3
2015-08-07,12,7,5
2015-08-07,9,3,6
2015-08-07,4,1,3
2015-08-07,15,13,2
2015-08-07,12,4,8
2015-08-07,13,2,11
2015-08-07,17,7,10
2015-08-07,12,9,3
2015-08-07,17,10,7
2015-08-07,20,14,6
2015-08-07,13,9,4
2015-08-07,4,3,1
2015-08-07,9,6,3
2015-08-07,3,1,2
2015-08-07,1,1,0
2015-08-08,4,3,1
2015-08-08,2,2,0
2015-08-08,0,0,0
2015-08-08,0,0,0
2015-08-08,0,0,0
2015-08-08,0,0,0
2015-08-08,1,1,0
2015-08-08,4,3,1
2015-08-08,16,4,12
2015-08-08,7,4,3
2015-08-08,6,0,6
2015-08-08,12,3,9
2015-08-08,23,15,8
2015-08-08,11,5,6
2015-08-08,14,8,6
2015-08-08,13,11,2
2015-08-08,9,3,6
2015-08-08,15,5,10
2015-08-08,9,8,1
2015-08-08,0,0,0
2015-08-08,7,4,3
2015-08-08,2,2,0
2015-08-08,6,6,0
2015-08-08,0,0,0
2015-08-09,2,2,0
2015-08-09,1,1,0
2015-08-09,0,0,0
2015-08-09,0,0,0
2015-08-09,0,0,0
2015-08-09,0,0,0
2015-08-09,0,0,0
2015-08-09,2,0,2
2015-08-09,4,1,3
2015-08-09,7,5,2
2015-08-09,9,3,6
2015-08-09,22,7,15
2015-08-09,17,10,7
2015-08-09,49,24,25
2015-08-09,31,18,13
2015-08-09,10,3,7
2015-08-09,25,6,19
2015-08-09,9,4,5
2015-08-09,0,0,0
2015-08-09,0,0,0
2015-08-09,10,8,2
2015-08-09,3,3,0
2015-08-09,4,4,0
2015-08-09,2,0,2
2015-08-10,2,1,1
2015-08-10,0,0,0
2015-08-10,0,0,0
2015-08-10,0,0,0
2015-08-10,2,1,1
2015-08-10,0,0,0
2015-08-10,4,1,3
2015-08-10,4,1,3
2015-08-10,10,4,6
2015-08-10,8,2,6
2015-08-10,7,5,2
2015-08-10,6,2,4
2015-08-10,12,3,9
2015-08-10,8,5,3
2015-08-10,12,5,7
2015-08-10,9,2,7
2015-08-10,19,12,7
2015-08-10,15,5,10
2015-08-10,23,16,7
2015-08-10,24,13,11
2015-08-10,13,9,4
2015-08-10,6,3,3
2015-08-10,3,0,3
2015-08-10,0,0,0
2015-08-11,0,0,0
2015-08-11,0,0,0
2015-08-11,2,2,0
2015-08-11,0,0,0
2015-08-11,2,1,1
2015-08-11,1,0,1
2015-08-11,4,0,4
2015-08-11,16,5,11
2015-08-11,9,5,4
2015-08-11,8,4,4
2015-08-11,6,2,4
2015-08-11,7,3,4
2015-08-11,15,11,4
2015-08-11,10,3,7
2015-08-11,6,1,5
2015-08-11,8,2,6
2015-08-11,16,12,4
2015-08-11,19,9,10
2015-08-11,20,11,9
2015-08-11,11,5,6
2015-08-11,7,5,2
2015-08-11,4,0,4
2015-08-11,5,4,1
2015-08-11,5,4,1
2015-08-12,2,0,2
2015-08-12,1,1,0
2015-08-12,0,0,0
2015-08-12,0,0,0
2015-08-12,1,0,1
2015-08-12,0,0,0
2015-08-12,5,4,1
2015-08-12,8,3,5
2015-08-12,16,5,11
2015-08-12,6,2,4
2015-08-12,13,1,12
2015-08-12,6,2,4
2015-08-12,6,2,4
2015-08-12,12,6,6
2015-08-12,2,0,2
2015-08-12,4,3,1
2015-08-12,10,4,6
2015-08-12,22,11,11
2015-08-12,26,11,15
2015-08-12,9,4,5
2015-08-12,24,19,5
2015-08-12,7,5,2
2015-08-12,9,6,3
2015-08-12,1,0,1
2015-08-13,0,0,0
2015-08-13,0,0,0
2015-08-13,1,1,0
2015-08-13,0,0,0
2015-08-13,1,0,1
2015-08-13,3,2,1
2015-08-13,6,2,4
2015-08-13,5,3,2
2015-08-13,14,7,7
2015-08-13,9,4,5
2015-08-13,13,9,4
2015-08-13,7,3,4
2015-08-13,17,6,11
2015-08-13,9,4,5
2015-08-13,14,8,6
2015-08-13,8,5,3
2015-08-13,14,8,6
2015-08-13,18,13,5
2015-08-13,10,6,4
2015-08-13,23,10,13
2015-08-13,19,12,7
2015-08-13,4,3,1
2015-08-13,3,2,1
2015-08-13,2,1,1
2015-08-14,0,0,0
2015-08-14,0,0,0
2015-08-14,2,2,0
2015-08-14,0,0,0
2015-08-14,2,1,1
2015-08-14,1,0,1
2015-08-14,3,1,2
2015-08-14,4,1,3
2015-08-14,6,3,3
2015-08-14,8,3,5
2015-08-14,10,3,7
2015-08-14,4,3,1
2015-08-14,4,4,0
2015-08-14,5,1,4
2015-08-14,2,1,1
2015-08-14,1,1,0
2015-08-14,2,1,1
2015-08-14,8,4,4
2015-08-14,7,5,2
2015-08-14,2,2,0
2015-08-14,0,0,0
2015-08-14,2,0,2
2015-08-14,0,0,0
2015-08-14,1,1,0
2015-08-15,2,2,0
2015-08-15,0,0,0
2015-08-15,0,0,0
2015-08-15,0,0,0
2015-08-15,0,0,0
2015-08-15,1,1,0
2015-08-15,1,1,0
2015-08-15,2,1,1
2015-08-15,5,1,4
2015-08-15,5,5,0
2015-08-15,10,5,5
2015-08-15,16,9,7
2015-08-15,24,15,9
2015-08-15,17,3,14
2015-08-15,20,10,10
2015-08-15,16,8,8
2015-08-15,7,4,3
2015-08-15,13,7,6
2015-08-15,11,5,6
2015-08-15,6,3,3
2015-08-15,5,2,3
2015-08-15,4,4,0
2015-08-15,5,2,3
2015-08-15,0,0,0
2015-08-16,1,0,1
2015-08-16,2,1,1
2015-08-16,0,0,0
2015-08-16,0,0,0
2015-08-16,0,0,0
2015-08-16,2,1,1
2015-08-16,1,1,0
2015-08-16,3,2,1
2015-08-16,4,1,3
2015-08-16,11,6,5
2015-08-16,14,8,6
2015-08-16,16,5,11
2015-08-16,15,4,11
2015-08-16,21,8,13
2015-08-16,24,13,11
2015-08-16,18,11,7
2015-08-16,17,10,7
2015-08-16,20,12,8
2015-08-16,17,4,13
2015-08-16,7,3,4
2015-08-16,3,2,1
2015-08-16,10,6,4
2015-08-16,3,2,1
2015-08-16,0,0,0
2015-08-17,1,1,0
2015-08-17,2,2,0
2015-08-17,1,0,1
2015-08-17,0,0,0
2015-08-17,1,0,1
2015-08-17,1,1,0
2015-08-17,2,0,2
2015-08-17,10,6,4
2015-08-17,8,3,5
2015-08-17,11,2,9
2015-08-17,3,0,3
2015-08-17,6,2,4
2015-08-17,18,15,3
2015-08-17,13,7,6
2015-08-17,7,2,5
2015-08-17,9,7,2
2015-08-17,30,12,18
2015-08-17,17,11,6
2015-08-17,15,9,6
2015-08-17,17,10,7
2015-08-17,9,3,6
2015-08-17,3,3,0
2015-08-17,3,0,3
2015-08-17,0,0,0
2015-08-18,2,1,1
2015-08-18,3,1,2
2015-08-18,4,2,2
2015-08-18,1,0,1
2015-08-18,1,0,1
2015-08-18,0,0,0
2015-08-18,6,2,4
2015-08-18,14,9,5
2015-08-18,11,4,7
2015-08-18,9,2,7
2015-08-18,9,5,4
2015-08-18,10,3,7
2015-08-18,13,6,7
2015-08-18,9,5,4
2015-08-18,11,4,7
2015-08-18,12,7,5
2015-08-18,17,12,5
2015-08-18,23,11,12
2015-08-18,27,16,11
2015-08-18,21,9,12
2015-08-18,11,5,6
2015-08-18,9,8,1
2015-08-18,2,2,0
2015-08-18,3,2,1
2015-08-19,1,1,0
2015-08-19,0,0,0
2015-08-19,0,0,0
2015-08-19,0,0,0
2015-08-19,1,0,1
2015-08-19,1,0,1
2015-08-19,3,1,2
2015-08-19,13,10,3
2015-08-19,16,7,9
2015-08-19,13,7,6
2015-08-19,8,2,6
2015-08-19,11,7,4
2015-08-19,14,7,7
2015-08-19,10,6,4
2015-08-19,18,11,7
2015-08-19,11,7,4
2015-08-19,14,5,9
2015-08-19,19,14,5
2015-08-19,26,19,7
2015-08-19,23,13,10
2015-08-19,8,5,3
2015-08-19,4,0,4
2015-08-19,4,3,1
2015-08-19,1,1,0
2015-08-20,4,3,1
2015-08-20,1,1,0
2015-08-20,0,0,0
2015-08-20,0,0,0
2015-08-20,1,0,1
2015-08-20,1,0,1
2015-08-20,1,0,1
2015-08-20,6,5,1
2015-08-20,10,6,4
2015-08-20,8,4,4
2015-08-20,18,7,11
2015-08-20,7,6,1
2015-08-20,7,4,3
2015-08-20,9,5,4
2015-08-20,4,0,4
2015-08-20,9,2,7
2015-08-20,8,4,4
2015-08-20,13,9,4
2015-08-20,29,20,9
2015-08-20,15,5,10
2015-08-20,6,2,4
2015-08-20,5,5,0
2015-08-20,5,5,0
2015-08-20,6,5,1
2015-08-21,2,1,1
2015-08-21,0,0,0
2015-08-21,0,0,0
2015-08-21,1,0,1
2015-08-21,1,0,1
2015-08-21,0,0,0
2015-08-21,5,4,1
2015-08-21,2,1,1
2015-08-21,12,8,4
2015-08-21,7,1,6
2015-08-21,11,7,4
2015-08-21,14,5,9
2015-08-21,17,15,2
2015-08-21,12,5,7
2015-08-21,5,2,3
2015-08-21,15,7,8
2015-08-21,11,6,5
2015-08-21,21,15,6
2015-08-21,14,3,11
2015-08-21,12,7,5
2015-08-21,12,5,7
2015-08-21,2,2,0
2015-08-21,6,3,3
2015-08-21,3,3,0
2015-08-22,0,0,0
2015-08-22,0,0,0
2015-08-22,2,2,0
2015-08-22,0,0,0
2015-08-22,0,0,0
2015-08-22,0,0,0
2015-08-22,0,0,0
2015-08-22,3,2,1
2015-08-22,2,1,1
2015-08-22,10,5,5
2015-08-22,15,3,12
2015-08-22,16,9,7
2015-08-22,22,9,13
2015-08-22,21,7,14
2015-08-22,9,4,5
2015-08-22,10,4,6
2015-08-22,17,9,8
2015-08-22,11,8,3
2015-08-22,11,5,6
2015-08-22,14,9,5
2015-08-22,12,7,5
2015-08-22,5,4,1
2015-08-22,4,3,1
2015-08-22,2,2,0
2015-08-23,1,1,0
2015-08-23,0,0,0
2015-08-23,1,0,1
2015-08-23,0,0,0
2015-08-23,0,0,0
2015-08-23,0,0,0
2015-08-23,1,0,1
2015-08-23,1,1,0
2015-08-23,7,2,5
2015-08-23,10,4,6
2015-08-23,12,4,8
2015-08-23,21,7,14
2015-08-23,30,12,18
2015-08-23,16,7,9
2015-08-23,14,3,11
2015-08-23,19,11,8
2015-08-23,13,6,7
2015-08-23,12,10,2
2015-08-23,4,2,2
2015-08-23,9,5,4
2015-08-23,2,1,1
2015-08-23,3,2,1
2015-08-23,1,1,0
2015-08-23,2,0,2
2015-08-24,1,0,1
2015-08-24,0,0,0
2015-08-24,0,0,0
2015-08-24,1,1,0
2015-08-24,3,1,2
2015-08-24,1,0,1
2015-08-24,6,1,5
2015-08-24,7,6,1
2015-08-24,10,7,3
2015-08-24,10,3,7
2015-08-24,9,4,5
2015-08-24,9,6,3
2015-08-24,8,6,2
2015-08-24,6,5,1
2015-08-24,13,8,5
2015-08-24,6,1,5
2015-08-24,23,9,14
2015-08-24,20,9,11
2015-08-24,19,9,10
2015-08-24,5,2,3
2015-08-24,0,0,0
2015-08-24,0,0,0
2015-08-24,0,0,0
2015-08-24,0,0,0
2015-08-25,0,0,0
2015-08-25,0,0,0
2015-08-25,0,0,0
2015-08-25,0,0,0
2015-08-25,0,0,0
2015-08-25,0,0,0
2015-08-25,0,0,0
2015-08-25,6,4,2
2015-08-25,15,5,10
2015-08-25,9,5,4
2015-08-25,4,1,3
2015-08-25,9,5,4
2015-08-25,9,7,2
2015-08-25,15,10,5
2015-08-25,8,4,4
2015-08-25,6,5,1
2015-08-25,14,8,6
2015-08-25,22,14,8
2015-08-25,19,11,8
2015-08-25,9,5,4
2015-08-25,7,4,3
2015-08-25,4,2,2
2015-08-25,6,3,3
2015-08-25,2,0,2
2015-08-26,0,0,0
2015-08-26,1,0,1
2015-08-26,2,2,0
2015-08-26,0,0,0
2015-08-26,1,0,1
2015-08-26,1,0,1
2015-08-26,4,1,3
2015-08-26,10,3,7
2015-08-26,14,8,6
2015-08-26,8,3,5
2015-08-26,6,2,4
2015-08-26,4,0,4
2015-08-26,9,4,5
2015-08-26,4,0,4
2015-08-26,11,5,6
2015-08-26,3,1,2
2015-08-26,17,8,9
2015-08-26,22,9,13
2015-08-26,23,12,11
2015-08-26,23,13,10
2015-08-26,8,5,3
2015-08-26,5,4,1
2015-08-26,6,4,2
2015-08-26,2,1,1
2015-08-27,2,0,2
2015-08-27,0,0,0
2015-08-27,0,0,0
2015-08-27,0,0,0
2015-08-27,2,1,1
2015-08-27,1,0,1
2015-08-27,2,1,1
2015-08-27,9,5,4
2015-08-27,19,10,9
2015-08-27,9,3,6
2015-08-27,5,2,3
2015-08-27,6,2,4
2015-08-27,11,7,4
2015-08-27,9,4,5
2015-08-27,6,3,3
2015-08-27,8,4,4
2015-08-27,11,4,7
2015-08-27,23,12,11
2015-08-27,10,7,3
2015-08-27,18,8,10
2015-08-27,6,1,5
2015-08-27,3,3,0
2015-08-27,3,2,1
2015-08-27,3,3,0
2015-08-28,0,0,0
2015-08-28,0,0,0
2015-08-28,0,0,0
2015-08-28,0,0,0
2015-08-28,2,1,1
2015-08-28,0,0,0
2015-08-28,2,1,1
2015-08-28,6,4,2
2015-08-28,6,2,4
2015-08-28,6,0,6
2015-08-28,9,2,7
2015-08-28,8,1,7
2015-08-28,17,10,7
2015-08-28,9,7,2
2015-08-28,8,6,2
2015-08-28,10,5,5
2015-08-28,20,17,3
2015-08-28,18,9,9
2015-08-28,8,8,0
2015-08-28,8,7,1
2015-08-28,7,3,4
2015-08-28,6,2,4
2015-08-28,1,1,0
2015-08-28,0,0,0
2015-08-29,1,1,0
2015-08-29,5,5,0
2015-08-29,0,0,0
2015-08-29,0,0,0
2015-08-29,0,0,0
2015-08-29,1,1,0
2015-08-29,1,1,0
2015-08-29,0,0,0
2015-08-29,3,1,2
2015-08-29,7,4,3
2015-08-29,4,0,4
2015-08-29,2,1,1
2015-08-29,4,2,2
2015-08-29,5,2,3
2015-08-29,6,3,3
2015-08-29,5,4,1
2015-08-29,4,2,2
2015-08-29,3,2,1
2015-08-29,2,1,1
2015-08-29,3,0,3
2015-08-29,2,1,1
2015-08-29,5,3,2
2015-08-29,3,3,0
2015-08-29,1,1,0
2015-08-30,0,0,0
2015-08-30,0,0,0
2015-08-30,0,0,0
2015-08-30,0,0,0
2015-08-30,0,0,0
2015-08-30,0,0,0
2015-08-30,0,0,0
2015-08-30,1,0,1
2015-08-30,3,1,2
2015-08-30,6,1,5
2015-08-30,8,5,3
2015-08-30,16,11,5
2015-08-30,14,3,11
2015-08-30,15,5,10
2015-08-30,9,7,2
2015-08-30,12,10,2
2015-08-30,11,5,6
2015-08-30,8,5,3
2015-08-30,5,1,4
2015-08-30,5,4,1
2015-08-30,3,1,2
2015-08-30,5,3,2
2015-08-30,1,1,0
2015-08-30,1,1,0
2015-08-31,1,1,0
2015-08-31,1,0,1
2015-08-31,1,0,1
2015-08-31,0,0,0
2015-08-31,1,0,1
2015-08-31,1,0,1
2015-08-31,5,1,4
2015-08-31,9,6,3
2015-08-31,5,3,2
2015-08-31,8,2,6
2015-08-31,6,3,3
2015-08-31,1,0,1
2015-08-31,8,5,3
2015-08-31,4,1,3
2015-08-31,6,3,3
2015-08-31,10,6,4
2015-08-31,5,5,0
2015-08-31,9,7,2
2015-08-31,10,7,3
2015-08-31,8,4,4
2015-08-31,5,4,1
2015-08-31,5,0,5
2015-08-31,4,3,1
2015-08-31,0,0,0
2015-09-01,0,0,0
2015-09-01,1,0,1
2015-09-01,1,1,0
2015-09-01,1,1,0
2015-09-01,0,0,0
2015-09-01,1,0,1
2015-09-01,4,3,1
2015-09-01,7,4,3
2015-09-01,9,4,5
2015-09-01,9,2,7
2015-09-01,6,5,1
2015-09-01,5,1,4
2015-09-01,10,5,5
2015-09-01,5,1,4
2015-09-01,9,3,6
2015-09-01,4,2,2
2015-09-01,9,5,4
2015-09-01,14,8,6
2015-09-01,10,4,6
2015-09-01,11,5,6
2015-09-01,0,0,0
2015-09-01,3,1,2
2015-09-01,2,0,2
2015-09-01,0,0,0
2015-09-02,0,0,0
2015-09-02,1,0,1
2015-09-02,0,0,0
2015-09-02,0,0,0
2015-09-02,0,0,0
2015-09-02,1,0,1
2015-09-02,5,2,3
2015-09-02,13,6,7
2015-09-02,10,6,4
2015-09-02,12,6,6
2015-09-02,5,2,3
2015-09-02,0,0,0
2015-09-02,8,5,3
2015-09-02,6,4,2
2015-09-02,11,7,4
2015-09-02,8,4,4
2015-09-02,11,9,2
2015-09-02,9,4,5
2015-09-02,34,18,16
2015-09-02,13,8,5
2015-09-02,2,1,1
2015-09-02,3,1,2
2015-09-02,4,1,3
2015-09-02,1,0,1
2015-09-03,1,0,1
2015-09-03,2,2,0
2015-09-03,1,1,0
2015-09-03,0,0,0
2015-09-03,1,0,1
2015-09-03,1,0,1
2015-09-03,3,0,3
2015-09-03,7,5,2
2015-09-03,13,5,8
2015-09-03,6,4,2
2015-09-03,4,2,2
2015-09-03,10,5,5
2015-09-03,19,14,5
2015-09-03,11,3,8
2015-09-03,5,0,5
2015-09-03,17,13,4
2015-09-03,11,7,4
2015-09-03,11,9,2
2015-09-03,19,10,9
2015-09-03,6,3,3
2015-09-03,9,6,3
2015-09-03,1,1,0
2015-09-03,1,0,1
2015-09-03,4,2,2
2015-09-04,0,0,0
2015-09-04,0,0,0
2015-09-04,1,0,1
2015-09-04,0,0,0
2015-09-04,0,0,0
2015-09-04,1,0,1
2015-09-04,2,2,0
2015-09-04,4,1,3
2015-09-04,14,6,8
2015-09-04,7,3,4
2015-09-04,6,3,3
2015-09-04,10,5,5
2015-09-04,4,3,1
2015-09-04,9,6,3
2015-09-04,6,3,3
2015-09-04,6,3,3
2015-09-04,15,8,7
2015-09-04,14,8,6
2015-09-04,10,6,4
2015-09-04,8,4,4
2015-09-04,2,0,2
2015-09-04,5,2,3
2015-09-04,1,0,1
2015-09-04,2,1,1
2015-09-05,3,3,0
2015-09-05,1,1,0
2015-09-05,1,0,1
2015-09-05,0,0,0
2015-09-05,0,0,0
2015-09-05,0,0,0
2015-09-05,0,0,0
2015-09-05,4,1,3
2015-09-05,5,3,2
2015-09-05,3,1,2
2015-09-05,7,1,6
2015-09-05,15,10,5
2015-09-05,19,5,14
2015-09-05,4,1,3
2015-09-05,27,18,9
2015-09-05,6,2,4
2015-09-05,12,5,7
2015-09-05,6,3,3
2015-09-05,2,2,0
2015-09-05,0,0,0
2015-09-05,7,4,3
2015-09-05,4,2,2
2015-09-05,0,0,0
2015-09-05,1,1,0
2015-09-06,1,1,0
2015-09-06,0,0,0
2015-09-06,0,0,0
2015-09-06,0,0,0
2015-09-06,0,0,0
2015-09-06,1,1,0
2015-09-06,0,0,0
2015-09-06,2,1,1
2015-09-06,3,2,1
2015-09-06,4,2,2
2015-09-06,1,1,0
2015-09-06,4,2,2
2015-09-06,6,3,3
2015-09-06,4,3,1
2015-09-06,15,8,7
2015-09-06,11,5,6
2015-09-06,12,4,8
2015-09-06,4,4,0
2015-09-06,2,1,1
2015-09-06,4,3,1
2015-09-06,2,1,1
2015-09-06,0,0,0
2015-09-06,0,0,0
2015-09-06,1,0,1
2015-09-07,1,1,0
2015-09-07,1,0,1
2015-09-07,0,0,0
2015-09-07,0,0,0
2015-09-07,1,1,0
2015-09-07,0,0,0
2015-09-07,0,0,0
2015-09-07,2,0,2
2015-09-07,3,0,3
2015-09-07,16,7,9
2015-09-07,10,3,7
2015-09-07,4,3,1
2015-09-07,20,11,9
2015-09-07,15,13,2
2015-09-07,22,18,4
2015-09-07,17,9,8
2015-09-07,14,11,3
2015-09-07,20,8,12
2015-09-07,11,6,5
2015-09-07,8,5,3
2015-09-07,7,3,4
2015-09-07,6,4,2
2015-09-07,3,3,0
2015-09-07,0,0,0
2015-09-08,0,0,0
2015-09-08,1,0,1
2015-09-08,0,0,0
2015-09-08,0,0,0
2015-09-08,1,0,1
2015-09-08,0,0,0
2015-09-08,2,0,2
2015-09-08,7,5,2
2015-09-08,17,9,8
2015-09-08,6,3,3
2015-09-08,7,5,2
2015-09-08,8,4,4
2015-09-08,5,1,4
2015-09-08,8,4,4
2015-09-08,8,5,3
2015-09-08,5,3,2
2015-09-08,8,3,5
2015-09-08,2,2,0
2015-09-08,7,4,3
2015-09-08,4,0,4
2015-09-08,4,3,1
2015-09-08,6,2,4
2015-09-08,3,2,1
2015-09-08,0,0,0
2015-09-09,0,0,0
2015-09-09,0,0,0
2015-09-09,2,0,2
2015-09-09,0,0,0
2015-09-09,1,0,1
2015-09-09,3,1,2
2015-09-09,6,2,4
2015-09-09,10,2,8
2015-09-09,11,8,3
2015-09-09,5,0,5
2015-09-09,9,4,5
2015-09-09,10,4,6
2015-09-09,15,8,7
2015-09-09,8,4,4
2015-09-09,10,4,6
2015-09-09,11,7,4
2015-09-09,19,11,8
2015-09-09,16,11,5
2015-09-09,39,18,21
2015-09-09,18,10,8
2015-09-09,15,11,4
2015-09-09,5,4,1
2015-09-09,2,0,2
2015-09-09,1,1,0
2015-09-10,0,0,0
2015-09-10,1,0,1
2015-09-10,0,0,0
2015-09-10,0,0,0
2015-09-10,0,0,0
2015-09-10,0,0,0
2015-09-10,3,2,1
2015-09-10,11,5,6
2015-09-10,19,12,7
2015-09-10,8,2,6
2015-09-10,6,2,4
2015-09-10,8,3,5
2015-09-10,4,3,1
2015-09-10,8,3,5
2015-09-10,14,11,3
2015-09-10,7,4,3
2015-09-10,15,10,5
2015-09-10,16,6,10
2015-09-10,13,5,8
2015-09-10,14,4,10
2015-09-10,9,8,1
2015-09-10,1,1,0
2015-09-10,2,1,1
2015-09-10,2,2,0
2015-09-11,2,2,0
2015-09-11,0,0,0
2015-09-11,3,2,1
2015-09-11,0,0,0
2015-09-11,0,0,0
2015-09-11,0,0,0
2015-09-11,1,0,1
2015-09-11,2,1,1
2015-09-11,16,10,6
2015-09-11,7,2,5
2015-09-11,6,3,3
2015-09-11,8,2,6
2015-09-11,8,4,4
2015-09-11,9,4,5
2015-09-11,8,3,5
2015-09-11,6,2,4
2015-09-11,12,9,3
2015-09-11,16,6,10
2015-09-11,25,9,16
2015-09-11,16,8,8
2015-09-11,8,6,2
2015-09-11,6,3,3
2015-09-11,2,1,1
2015-09-11,0,0,0
2015-09-12,2,1,1
2015-09-12,0,0,0
2015-09-12,1,0,1
2015-09-12,1,0,1
2015-09-12,0,0,0
2015-09-12,0,0,0
2015-09-12,1,0,1
2015-09-12,1,0,1
2015-09-12,4,1,3
2015-09-12,11,5,6
2015-09-12,10,5,5
2015-09-12,9,3,6
2015-09-12,16,8,8
2015-09-12,20,7,13
2015-09-12,16,9,7
2015-09-12,16,12,4
2015-09-12,12,3,9
2015-09-12,24,12,12
2015-09-12,28,20,8
2015-09-12,9,6,3
2015-09-12,8,4,4
2015-09-12,3,0,3
2015-09-12,4,2,2
2015-09-12,0,0,0
2015-09-13,0,0,0
2015-09-13,1,0,1
2015-09-13,0,0,0
2015-09-13,0,0,0
2015-09-13,0,0,0
2015-09-13,0,0,0
2015-09-13,1,0,1
2015-09-13,0,0,0
2015-09-13,4,1,3
2015-09-13,9,5,4
2015-09-13,8,5,3
2015-09-13,3,2,1
2015-09-13,7,5,2
2015-09-13,9,3,6
2015-09-13,6,2,4
2015-09-13,5,3,2
2015-09-13,7,6,1
2015-09-13,6,2,4
2015-09-13,10,4,6
2015-09-13,7,5,2
2015-09-13,5,4,1
2015-09-13,2,2,0
2015-09-13,0,0,0
2015-09-13,1,0,1
2015-09-14,1,0,1
2015-09-14,0,0,0
2015-09-14,1,0,1
2015-09-14,1,0,1
2015-09-14,0,0,0
2015-09-14,1,0,1
2015-09-14,3,0,3
2015-09-14,8,6,2
2015-09-14,13,7,6
2015-09-14,6,1,5
2015-09-14,7,4,3
2015-09-14,3,2,1
2015-09-14,8,4,4
2015-09-14,7,5,2
2015-09-14,14,5,9
2015-09-14,7,5,2
2015-09-14,17,15,2
2015-09-14,15,8,7
2015-09-14,10,1,9
2015-09-14,14,7,7
2015-09-14,4,2,2
2015-09-14,0,0,0
2015-09-14,1,1,0
2015-09-14,2,0,2
2015-09-15,0,0,0
2015-09-15,0,0,0
2015-09-15,0,0,0
2015-09-15,1,0,1
2015-09-15,0,0,0
2015-09-15,1,0,1
2015-09-15,4,1,3
2015-09-15,9,6,3
2015-09-15,9,7,2
2015-09-15,8,2,6
2015-09-15,6,4,2
2015-09-15,6,3,3
2015-09-15,8,3,5
2015-09-15,8,7,1
2015-09-15,3,1,2
2015-09-15,14,9,5
2015-09-15,13,9,4
2015-09-15,13,7,6
2015-09-15,14,3,11
2015-09-15,6,2,4
2015-09-15,6,5,1
2015-09-15,5,4,1
2015-09-15,2,1,1
2015-09-15,2,1,1
2015-09-16,0,0,0
2015-09-16,3,3,0
2015-09-16,2,1,1
2015-09-16,1,0,1
2015-09-16,0,0,0
2015-09-16,0,0,0
2015-09-16,5,1,4
2015-09-16,9,3,6
2015-09-16,9,5,4
2015-09-16,13,4,9
2015-09-16,14,9,5
2015-09-16,0,0,0
2015-09-16,11,7,4
2015-09-16,10,8,2
2015-09-16,12,7,5
2015-09-16,9,0,9
2015-09-16,16,12,4
2015-09-16,28,16,12
2015-09-16,23,11,12
2015-09-16,13,10,3
2015-09-16,9,5,4
2015-09-16,4,3,1
2015-09-16,2,1,1
2015-09-16,1,1,0
2015-09-17,2,0,2
2015-09-17,1,0,1
2015-09-17,1,0,1
2015-09-17,0,0,0
2015-09-17,0,0,0
2015-09-17,2,0,2
2015-09-17,3,0,3
2015-09-17,1,1,0
2015-09-17,8,4,4
2015-09-17,6,4,2
2015-09-17,2,1,1
2015-09-17,2,1,1
2015-09-17,0,0,0
2015-09-17,6,4,2
2015-09-17,5,3,2
2015-09-17,11,8,3
2015-09-17,11,5,6
2015-09-17,7,2,5
2015-09-17,2,0,2
2015-09-17,4,3,1
2015-09-17,1,1,0
2015-09-17,5,3,2
2015-09-17,1,0,1
2015-09-17,1,0,1
2015-09-18,1,1,0
2015-09-18,0,0,0
2015-09-18,3,2,1
2015-09-18,0,0,0
2015-09-18,0,0,0
2015-09-18,0,0,0
2015-09-18,1,0,1
2015-09-18,6,3,3
2015-09-18,12,7,5
2015-09-18,17,5,12
2015-09-18,5,1,4
2015-09-18,8,4,4
2015-09-18,5,1,4
2015-09-18,8,6,2
2015-09-18,11,6,5
2015-09-18,7,3,4
2015-09-18,16,9,7
2015-09-18,14,11,3
2015-09-18,19,7,12
2015-09-18,10,4,6
2015-09-18,4,3,1
2015-09-18,3,2,1
2015-09-18,2,2,0
2015-09-18,2,1,1
2015-09-19,4,2,2
2015-09-19,0,0,0
2015-09-19,2,2,0
2015-09-19,0,0,0
2015-09-19,1,1,0
2015-09-19,1,0,1
2015-09-19,0,0,0
2015-09-19,4,1,3
2015-09-19,7,4,3
2015-09-19,52,9,43
2015-09-19,25,14,11
2015-09-19,76,14,62
2015-09-19,113,61,52
2015-09-19,179,116,63
2015-09-19,192,109,83
2015-09-19,82,50,32
2015-09-19,30,21,9
2015-09-19,27,9,18
2015-09-19,8,5,3
2015-09-19,18,15,3
2015-09-19,5,5,0
2015-09-19,1,1,0
2015-09-19,3,1,2
2015-09-19,6,2,4
2015-09-20,2,0,2
2015-09-20,0,0,0
2015-09-20,1,1,0
2015-09-20,1,0,1
2015-09-20,0,0,0
2015-09-20,0,0,0
2015-09-20,3,2,1
2015-09-20,1,0,1
2015-09-20,2,2,0
2015-09-20,11,5,6
2015-09-20,14,5,9
2015-09-20,23,13,10
2015-09-20,18,11,7
2015-09-20,16,6,10
2015-09-20,11,5,6
2015-09-20,22,14,8
2015-09-20,26,11,15
2015-09-20,18,7,11
2015-09-20,10,5,5
2015-09-20,2,0,2
2015-09-20,4,2,2
2015-09-20,6,5,1
2015-09-20,2,1,1
2015-09-20,1,1,0
2015-09-21,0,0,0
2015-09-21,2,1,1
2015-09-21,1,0,1
2015-09-21,0,0,0
2015-09-21,0,0,0
2015-09-21,1,0,1
2015-09-21,3,1,2
2015-09-21,7,5,2
2015-09-21,14,9,5
2015-09-21,10,4,6
2015-09-21,8,3,5
2015-09-21,13,5,8
2015-09-21,8,7,1
2015-09-21,12,5,7
2015-09-21,14,9,5
2015-09-21,7,2,5
2015-09-21,20,16,4
2015-09-21,22,12,10
2015-09-21,22,10,12
2015-09-21,10,6,4
2015-09-21,6,5,1
2015-09-21,3,2,1
2015-09-21,1,1,0
2015-09-21,0,0,0
2015-09-22,0,0,0
2015-09-22,0,0,0
2015-09-22,0,0,0
2015-09-22,2,2,0
2015-09-22,1,0,1
2015-09-22,2,1,1
2015-09-22,5,0,5
2015-09-22,6,5,1
2015-09-22,11,7,4
2015-09-22,11,6,5
2015-09-22,2,0,2
2015-09-22,10,8,2
2015-09-22,7,2,5
2015-09-22,10,5,5
2015-09-22,10,3,7
2015-09-22,10,8,2
2015-09-22,10,6,4
2015-09-22,30,15,15
2015-09-22,12,5,7
2015-09-22,16,10,6
2015-09-22,11,6,5
2015-09-22,10,7,3
2015-09-22,1,0,1
2015-09-22,2,2,0
2015-09-23,0,0,0
2015-09-23,0,0,0
2015-09-23,0,0,0
2015-09-23,0,0,0
2015-09-23,0,0,0
2015-09-23,2,0,2
2015-09-23,4,2,2
2015-09-23,9,5,4
2015-09-23,11,3,8
2015-09-23,5,3,2
2015-09-23,4,0,4
2015-09-23,5,0,5
2015-09-23,8,5,3
2015-09-23,5,2,3
2015-09-23,13,9,4
2015-09-23,12,8,4
2015-09-23,17,9,8
2015-09-23,24,16,8
2015-09-23,24,10,14
2015-09-23,19,11,8
2015-09-23,4,1,3
2015-09-23,4,4,0
2015-09-23,3,2,1
2015-09-23,2,2,0
2015-09-24,0,0,0
2015-09-24,0,0,0
2015-09-24,0,0,0
2015-09-24,2,1,1
2015-09-24,0,0,0
2015-09-24,1,0,1
2015-09-24,3,0,3
2015-09-24,8,7,1
2015-09-24,14,8,6
2015-09-24,8,5,3
2015-09-24,12,5,7
2015-09-24,5,2,3
2015-09-24,5,3,2
2015-09-24,9,2,7
2015-09-24,14,8,6
2015-09-24,10,7,3
2015-09-24,18,9,9
2015-09-24,14,9,5
2015-09-24,13,7,6
2015-09-24,19,11,8
2015-09-24,6,1,5
2015-09-24,8,7,1
2015-09-24,4,3,1
2015-09-24,0,0,0
2015-09-25,0,0,0
2015-09-25,0,0,0
2015-09-25,0,0,0
2015-09-25,2,2,0
2015-09-25,0,0,0
2015-09-25,0,0,0
2015-09-25,4,3,1
2015-09-25,7,4,3
2015-09-25,15,9,6
2015-09-25,6,3,3
2015-09-25,5,3,2
2015-09-25,3,1,2
2015-09-25,11,6,5
2015-09-25,8,6,2
2015-09-25,9,5,4
2015-09-25,10,6,4
2015-09-25,6,2,4
2015-09-25,22,13,9
2015-09-25,8,1,7
2015-09-25,11,7,4
2015-09-25,5,1,4
2015-09-25,2,2,0
2015-09-25,1,0,1
2015-09-25,0,0,0
2015-09-26,2,0,2
2015-09-26,5,3,2
2015-09-26,0,0,0
2015-09-26,0,0,0
2015-09-26,0,0,0
2015-09-26,0,0,0
2015-09-26,6,3,3
2015-09-26,2,1,1
2015-09-26,7,1,6
2015-09-26,6,1,5
2015-09-26,14,6,8
2015-09-26,33,25,8
2015-09-26,17,10,7
2015-09-26,16,11,5
2015-09-26,5,4,1
2015-09-26,11,4,7
2015-09-26,12,6,6
2015-09-26,9,7,2
2015-09-26,6,3,3
2015-09-26,6,2,4
2015-09-26,1,1,0
2015-09-26,0,0,0
2015-09-26,6,3,3
2015-09-26,1,1,0
2015-09-27,1,1,0
2015-09-27,2,1,1
2015-09-27,0,0,0
2015-09-27,0,0,0
2015-09-27,0,0,0
2015-09-27,0,0,0
2015-09-27,0,0,0
2015-09-27,3,0,3
2015-09-27,6,3,3
2015-09-27,11,4,7
2015-09-27,16,7,9
2015-09-27,16,9,7
2015-09-27,20,13,7
2015-09-27,15,9,6
2015-09-27,11,6,5
2015-09-27,15,12,3
2015-09-27,8,3,5
2015-09-27,7,3,4
2015-09-27,4,3,1
2015-09-27,3,1,2
2015-09-27,6,4,2
2015-09-27,0,0,0
2015-09-27,0,0,0
2015-09-27,1,1,0
2015-09-28,0,0,0
2015-09-28,0,0,0
2015-09-28,0,0,0
2015-09-28,0,0,0
2015-09-28,0,0,0
2015-09-28,1,0,1
2015-09-28,1,0,1
2015-09-28,7,4,3
2015-09-28,6,4,2
2015-09-28,13,5,8
2015-09-28,6,3,3
2015-09-28,7,4,3
2015-09-28,12,6,6
2015-09-28,8,4,4
2015-09-28,10,3,7
2015-09-28,7,1,6
2015-09-28,9,7,2
2015-09-28,15,8,7
2015-09-28,18,9,9
2015-09-28,13,6,7
2015-09-28,8,4,4
2015-09-28,6,6,0
2015-09-28,1,1,0
2015-09-28,2,2,0
2015-09-29,1,1,0
2015-09-29,0,0,0
2015-09-29,0,0,0
2015-09-29,0,0,0
2015-09-29,0,0,0
2015-09-29,3,2,1
2015-09-29,2,0,2
2015-09-29,8,5,3
2015-09-29,18,11,7
2015-09-29,10,4,6
2015-09-29,7,4,3
2015-09-29,6,2,4
2015-09-29,7,3,4
2015-09-29,7,1,6
2015-09-29,13,6,7
2015-09-29,12,5,7
2015-09-29,12,4,8
2015-09-29,24,15,9
2015-09-29,16,6,10
2015-09-29,20,6,14
2015-09-29,4,3,1
2015-09-29,7,7,0
2015-09-29,1,0,1
2015-09-29,3,1,2
2015-09-30,2,2,0
2015-09-30,0,0,0
2015-09-30,1,0,1
2015-09-30,0,0,0
2015-09-30,0,0,0
2015-09-30,3,2,1
2015-09-30,2,0,2
2015-09-30,12,7,5
2015-09-30,9,8,1
2015-09-30,13,5,8
2015-09-30,8,1,7
2015-09-30,2,0,2
2015-09-30,13,9,4
2015-09-30,9,5,4
2015-09-30,6,3,3
2015-09-30,10,4,6
2015-09-30,8,7,1
2015-09-30,17,6,11
2015-09-30,20,7,13
2015-09-30,9,5,4
2015-09-30,6,3,3
2015-09-30,2,1,1
2015-09-30,3,2,1
2015-09-30,1,1,0
2015-10-01,0,0,0
2015-10-01,0,0,0
2015-10-01,0,0,0
2015-10-01,0,0,0
2015-10-01,2,0,2
2015-10-01,1,0,1
2015-10-01,6,1,5
2015-10-01,7,5,2
2015-10-01,13,8,5
2015-10-01,5,3,2
2015-10-01,6,3,3
2015-10-01,4,3,1
2015-10-01,3,1,2
2015-10-01,16,9,7
2015-10-01,9,5,4
2015-10-01,8,2,6
2015-10-01,14,6,8
2015-10-01,15,10,5
2015-10-01,13,8,5
2015-10-01,7,2,5
2015-10-01,5,2,3
2015-10-01,2,1,1
2015-10-01,0,0,0
2015-10-01,2,2,0
2015-10-02,1,0,1
2015-10-02,0,0,0
2015-10-02,4,3,1
2015-10-02,0,0,0
2015-10-02,0,0,0
2015-10-02,0,0,0
2015-10-02,2,1,1
2015-10-02,7,4,3
2015-10-02,6,4,2
2015-10-02,8,3,5
2015-10-02,3,2,1
2015-10-02,5,3,2
2015-10-02,11,5,6
2015-10-02,3,1,2
2015-10-02,3,0,3
2015-10-02,10,4,6
2015-10-02,14,4,10
2015-10-02,18,8,10
2015-10-02,19,9,10
2015-10-02,11,3,8
2015-10-02,5,2,3
2015-10-02,3,3,0
2015-10-02,3,3,0
2015-10-02,0,0,0
2015-10-03,1,0,1
2015-10-03,0,0,0
2015-10-03,0,0,0
2015-10-03,1,0,1
2015-10-03,0,0,0
2015-10-03,0,0,0
2015-10-03,1,1,0
2015-10-03,3,3,0
2015-10-03,2,1,1
2015-10-03,6,1,5
2015-10-03,10,5,5
2015-10-03,8,2,6
2015-10-03,14,6,8
2015-10-03,12,5,7
2015-10-03,7,3,4
2015-10-03,9,5,4
2015-10-03,17,12,5
2015-10-03,9,3,6
2015-10-03,8,4,4
2015-10-03,12,8,4
2015-10-03,1,0,1
2015-10-03,3,2,1
2015-10-03,0,0,0
2015-10-03,2,1,1
2015-10-04,3,3,0
2015-10-04,0,0,0
2015-10-04,1,0,1
2015-10-04,0,0,0
2015-10-04,1,1,0
2015-10-04,1,0,1
2015-10-04,3,0,3
2015-10-04,1,1,0
2015-10-04,3,0,3
2015-10-04,7,4,3
2015-10-04,22,9,13
2015-10-04,27,15,12
2015-10-04,25,13,12
2015-10-04,15,8,7
2015-10-04,18,7,11
2015-10-04,20,7,13
2015-10-04,18,14,4
2015-10-04,16,9,7
2015-10-04,7,4,3
2015-10-04,6,4,2
2015-10-04,3,3,0
2015-10-04,1,1,0
2015-10-04,2,0,2
2015-10-04,0,0,0
2015-10-05,0,0,0
2015-10-05,1,0,1
2015-10-05,1,0,1
2015-10-05,0,0,0
2015-10-05,0,0,0
2015-10-05,0,0,0
2015-10-05,2,0,2
2015-10-05,7,5,2
2015-10-05,9,6,3
2015-10-05,8,5,3
2015-10-05,8,5,3
2015-10-05,6,2,4
2015-10-05,6,2,4
2015-10-05,12,7,5
2015-10-05,20,12,8
2015-10-05,18,7,11
2015-10-05,20,11,9
2015-10-05,26,15,11
2015-10-05,12,5,7
2015-10-05,10,3,7
2015-10-05,10,8,2
2015-10-05,5,3,2
2015-10-05,9,3,6
2015-10-05,2,1,1
2015-10-06,0,0,0
2015-10-06,0,0,0
2015-10-06,2,2,0
2015-10-06,0,0,0
2015-10-06,0,0,0
2015-10-06,1,0,1
2015-10-06,2,0,2
2015-10-06,12,8,4
2015-10-06,11,5,6
2015-10-06,9,4,5
2015-10-06,8,6,2
2015-10-06,5,2,3
2015-10-06,5,3,2
2015-10-06,8,4,4
2015-10-06,6,3,3
2015-10-06,5,1,4
2015-10-06,13,10,3
2015-10-06,14,8,6
2015-10-06,12,5,7
2015-10-06,14,8,6
2015-10-06,12,7,5
2015-10-06,5,5,0
2015-10-06,2,0,2
2015-10-06,0,0,0
2015-10-07,1,0,1
2015-10-07,1,1,0
2015-10-07,0,0,0
2015-10-07,0,0,0
2015-10-07,0,0,0
2015-10-07,1,0,1
2015-10-07,2,0,2
2015-10-07,5,4,1
2015-10-07,9,8,1
2015-10-07,4,3,1
2015-10-07,1,0,1
2015-10-07,6,4,2
2015-10-07,1,0,1
2015-10-07,0,0,0
2015-10-07,1,1,0
2015-10-07,3,2,1
2015-10-07,3,2,1
2015-10-07,11,6,5
2015-10-07,9,1,8
2015-10-07,12,7,5
2015-10-07,3,2,1
2015-10-07,3,2,1
2015-10-07,0,0,0
2015-10-07,0,0,0
2015-10-08,0,0,0
2015-10-08,0,0,0
2015-10-08,0,0,0
2015-10-08,1,0,1
2015-10-08,0,0,0
2015-10-08,2,0,2
2015-10-08,3,1,2
2015-10-08,3,3,0
2015-10-08,7,5,2
2015-10-08,6,3,3
2015-10-08,5,3,2
2015-10-08,4,2,2
2015-10-08,11,4,7
2015-10-08,2,2,0
2015-10-08,8,2,6
2015-10-08,5,3,2
2015-10-08,12,5,7
2015-10-08,18,10,8
2015-10-08,17,13,4
2015-10-08,12,12,0
2015-10-08,7,7,0
2015-10-08,8,8,0
2015-10-08,3,3,0
2015-10-08,1,1,0
2015-10-09,1,1,0
2015-10-09,0,0,0
2015-10-09,1,1,0
2015-10-09,0,0,0
2015-10-09,0,0,0
2015-10-09,0,0,0
2015-10-09,3,3,0
2015-10-09,6,6,0
2015-10-09,10,4,6
2015-10-09,8,5,3
2015-10-09,7,3,4
2015-10-09,6,6,0
2015-10-09,3,2,1
2015-10-09,5,3,2
2015-10-09,4,1,3
2015-10-09,6,3,3
2015-10-09,12,7,5
2015-10-09,15,8,7
2015-10-09,15,6,9
2015-10-09,5,1,4
2015-10-09,4,2,2
2015-10-09,4,2,2
2015-10-09,2,1,1
2015-10-09,1,1,0
2015-10-10,2,2,0
2015-10-10,1,0,1
2015-10-10,0,0,0
2015-10-10,0,0,0
2015-10-10,0,0,0
2015-10-10,0,0,0
2015-10-10,0,0,0
2015-10-10,1,1,0
2015-10-10,4,2,2
2015-10-10,7,3,4
2015-10-10,2,2,0
2015-10-10,5,2,3
2015-10-10,6,4,2
2015-10-10,1,1,0
2015-10-10,5,1,4
2015-10-10,3,2,1
2015-10-10,5,3,2
2015-10-10,3,1,2
2015-10-10,10,5,5
2015-10-10,1,1,0
2015-10-10,2,2,0
2015-10-10,2,2,0
2015-10-10,1,1,0
2015-10-10,2,2,0
2015-10-11,4,4,0
2015-10-11,1,0,1
2015-10-11,1,0,1
2015-10-11,1,0,1
2015-10-11,0,0,0
2015-10-11,0,0,0
2015-10-11,0,0,0
2015-10-11,1,0,1
2015-10-11,5,1,4
2015-10-11,10,2,8
2015-10-11,15,8,7
2015-10-11,4,3,1
2015-10-11,14,7,7
2015-10-11,23,10,13
2015-10-11,17,9,8
2015-10-11,22,15,7
2015-10-11,19,12,7
2015-10-11,6,1,5
2015-10-11,10,6,4
2015-10-11,3,1,2
2015-10-11,5,2,3
2015-10-11,1,0,1
2015-10-11,1,0,1
2015-10-11,0,0,0
2015-10-12,0,0,0
2015-10-12,0,0,0
2015-10-12,0,0,0
2015-10-12,0,0,0
2015-10-12,0,0,0
2015-10-12,0,0,0
2015-10-12,1,0,1
2015-10-12,4,2,2
2015-10-12,8,5,3
2015-10-12,8,5,3
2015-10-12,6,2,4
2015-10-12,3,0,3
2015-10-12,5,3,2
2015-10-12,3,1,2
2015-10-12,12,6,6
2015-10-12,5,3,2
2015-10-12,6,3,3
2015-10-12,9,5,4
2015-10-12,7,4,3
2015-10-12,3,0,3
2015-10-12,5,4,1
2015-10-12,0,0,0
2015-10-12,3,1,2
2015-10-12,1,0,1
2015-10-13,0,0,0
2015-10-13,0,0,0
2015-10-13,0,0,0
2015-10-13,0,0,0
2015-10-13,0,0,0
2015-10-13,1,0,1
2015-10-13,2,2,0
2015-10-13,10,6,4
2015-10-13,11,6,5
2015-10-13,8,3,5
2015-10-13,4,3,1
2015-10-13,8,4,4
2015-10-13,19,12,7
2015-10-13,6,4,2
2015-10-13,7,2,5
2015-10-13,8,3,5
2015-10-13,8,5,3
2015-10-13,25,10,15
2015-10-13,13,7,6
2015-10-13,12,6,6
2015-10-13,3,3,0
2015-10-13,6,4,2
2015-10-13,5,5,0
2015-10-13,2,1,1
2015-10-14,0,0,0
2015-10-14,0,0,0
2015-10-14,0,0,0
2015-10-14,0,0,0
2015-10-14,0,0,0
2015-10-14,1,0,1
2015-10-14,1,0,1
2015-10-14,10,7,3
2015-10-14,14,9,5
2015-10-14,11,8,3
2015-10-14,7,2,5
2015-10-14,4,2,2
2015-10-14,9,4,5
2015-10-14,1,1,0
2015-10-14,11,6,5
2015-10-14,8,2,6
2015-10-14,3,2,1
2015-10-14,13,8,5
2015-10-14,19,5,14
2015-10-14,7,3,4
2015-10-14,8,7,1
2015-10-14,3,3,0
2015-10-14,2,0,2
2015-10-14,3,1,2
2015-10-15,0,0,0
2015-10-15,0,0,0
2015-10-15,0,0,0
2015-10-15,0,0,0
2015-10-15,0,0,0
2015-10-15,1,0,1
2015-10-15,1,0,1
2015-10-15,13,7,6
2015-10-15,10,6,4
2015-10-15,7,5,2
2015-10-15,9,7,2
2015-10-15,8,5,3
2015-10-15,10,5,5
2015-10-15,15,9,6
2015-10-15,7,4,3
2015-10-15,7,3,4
2015-10-15,17,8,9
2015-10-15,16,7,9
2015-10-15,12,6,6
2015-10-15,15,8,7
2015-10-15,4,1,3
2015-10-15,4,3,1
2015-10-15,2,2,0
2015-10-15,0,0,0
2015-10-16,0,0,0
2015-10-16,1,1,0
2015-10-16,0,0,0
2015-10-16,0,0,0
2015-10-16,0,0,0
2015-10-16,1,0,1
2015-10-16,0,0,0
2015-10-16,4,4,0
2015-10-16,11,4,7
2015-10-16,13,10,3
2015-10-16,13,6,7
2015-10-16,7,6,1
2015-10-16,3,1,2
2015-10-16,6,3,3
2015-10-16,10,4,6
2015-10-16,11,5,6
2015-10-16,16,10,6
2015-10-16,24,11,13
2015-10-16,16,9,7
2015-10-16,10,4,6
2015-10-16,8,6,2
2015-10-16,1,1,0
2015-10-16,5,4,1
2015-10-16,2,2,0
2015-10-17,1,0,1
2015-10-17,0,0,0
2015-10-17,0,0,0
2015-10-17,0,0,0
2015-10-17,3,2,1
2015-10-17,0,0,0
2015-10-17,1,0,1
2015-10-17,0,0,0
2015-10-17,5,2,3
2015-10-17,9,7,2
2015-10-17,20,13,7
2015-10-17,18,5,13
2015-10-17,18,9,9
2015-10-17,22,10,12
2015-10-17,15,9,6
2015-10-17,10,8,2
2015-10-17,11,4,7
2015-10-17,12,9,3
2015-10-17,5,1,4
2015-10-17,1,1,0
2015-10-17,2,1,1
2015-10-17,3,1,2
2015-10-17,2,1,1
2015-10-17,0,0,0
2015-10-18,0,0,0
2015-10-18,0,0,0
2015-10-18,1,0,1
2015-10-18,3,0,3
2015-10-18,1,0,1
2015-10-18,1,0,1
2015-10-18,0,0,0
2015-10-18,0,0,0
2015-10-18,1,1,0
2015-10-18,7,3,4
2015-10-18,6,3,3
2015-10-18,7,2,5
2015-10-18,13,9,4
2015-10-18,8,1,7
2015-10-18,8,3,5
2015-10-18,3,2,1
2015-10-18,13,5,8
2015-10-18,3,0,3
2015-10-18,8,5,3
2015-10-18,8,4,4
2015-10-18,3,0,3
2015-10-18,1,1,0
2015-10-18,0,0,0
2015-10-18,2,0,2
2015-10-19,0,0,0
2015-10-19,0,0,0
2015-10-19,0,0,0
2015-10-19,2,0,2
2015-10-19,0,0,0
2015-10-19,2,1,1
2015-10-19,4,1,3
2015-10-19,7,5,2
2015-10-19,6,4,2
2015-10-19,10,7,3
2015-10-19,10,5,5
2015-10-19,8,3,5
2015-10-19,10,5,5
2015-10-19,5,4,1
2015-10-19,9,4,5
2015-10-19,3,0,3
2015-10-19,17,13,4
2015-10-19,5,3,2
2015-10-19,9,3,6
2015-10-19,6,2,4
2015-10-19,1,1,0
2015-10-19,4,4,0
2015-10-19,1,0,1
2015-10-19,0,0,0
2015-10-20,0,0,0
2015-10-20,1,0,1
2015-10-20,0,0,0
2015-10-20,0,0,0
2015-10-20,0,0,0
2015-10-20,1,0,1
2015-10-20,4,1,3
2015-10-20,8,7,1
2015-10-20,18,10,8
2015-10-20,11,5,6
2015-10-20,3,0,3
2015-10-20,14,7,7
2015-10-20,9,5,4
2015-10-20,12,6,6
2015-10-20,4,2,2
2015-10-20,5,3,2
2015-10-20,18,14,4
2015-10-20,22,13,9
2015-10-20,13,3,10
2015-10-20,18,9,9
2015-10-20,2,1,1
2015-10-20,3,3,0
2015-10-20,2,1,1
2015-10-20,0,0,0
2015-10-21,0,0,0
2015-10-21,0,0,0
2015-10-21,0,0,0
2015-10-21,0,0,0
2015-10-21,0,0,0
2015-10-21,0,0,0
2015-10-21,2,0,2
2015-10-21,8,6,2
2015-10-21,7,3,4
2015-10-21,8,3,5
2015-10-21,6,2,4
2015-10-21,5,3,2
2015-10-21,6,3,3
2015-10-21,6,5,1
2015-10-21,11,9,2
2015-10-21,10,7,3
2015-10-21,5,4,1
2015-10-21,14,5,9
2015-10-21,14,6,8
2015-10-21,8,5,3
2015-10-21,2,1,1
2015-10-21,2,0,2
2015-10-21,1,0,1
2015-10-21,3,0,3
2015-10-22,0,0,0
2015-10-22,0,0,0
2015-10-22,0,0,0
2015-10-22,0,0,0
2015-10-22,1,1,0
2015-10-22,0,0,0
2015-10-22,6,1,5
2015-10-22,6,4,2
2015-10-22,13,6,7
2015-10-22,6,5,1
2015-10-22,7,6,1
2015-10-22,3,1,2
2015-10-22,7,3,4
2015-10-22,4,2,2
2015-10-22,10,5,5
2015-10-22,10,7,3
2015-10-22,10,3,7
2015-10-22,20,7,13
2015-10-22,10,6,4
2015-10-22,4,3,1
2015-10-22,8,4,4
2015-10-22,3,2,1
2015-10-22,2,2,0
2015-10-22,1,0,1
2015-10-23,1,1,0
2015-10-23,1,1,0
2015-10-23,1,0,1
2015-10-23,1,0,1
2015-10-23,2,1,1
2015-10-23,0,0,0
2015-10-23,4,2,2
2015-10-23,6,4,2
2015-10-23,11,7,4
2015-10-23,8,4,4
2015-10-23,5,2,3
2015-10-23,9,7,2
2015-10-23,5,2,3
2015-10-23,6,3,3
2015-10-23,8,3,5
2015-10-23,4,2,2
2015-10-23,6,3,3
2015-10-23,18,10,8
2015-10-23,10,7,3
2015-10-23,6,3,3
2015-10-23,6,6,0
2015-10-23,1,1,0
2015-10-23,7,4,3
2015-10-23,0,0,0
2015-10-24,2,1,1
2015-10-24,1,1,0
2015-10-24,1,0,1
2015-10-24,1,0,1
2015-10-24,0,0,0
2015-10-24,1,1,0
2015-10-24,0,0,0
2015-10-24,0,0,0
2015-10-24,2,1,1
2015-10-24,51,0,51
2015-10-24,18,10,8
2015-10-24,7,5,2
2015-10-24,10,5,5
2015-10-24,10,3,7
2015-10-24,11,5,6
2015-10-24,16,7,9
2015-10-24,16,10,6
2015-10-24,10,3,7
2015-10-24,8,4,4
2015-10-24,2,1,1
2015-10-24,3,3,0
2015-10-24,2,2,0
2015-10-24,0,0,0
2015-10-24,2,1,1
2015-10-25,0,0,0
2015-10-25,0,0,0
2015-10-25,0,0,0
2015-10-25,0,0,0
2015-10-25,0,0,0
2015-10-25,0,0,0
2015-10-25,1,0,1
2015-10-25,0,0,0
2015-10-25,5,3,2
2015-10-25,3,2,1
2015-10-25,13,3,10
2015-10-25,11,6,5
2015-10-25,17,8,9
2015-10-25,13,9,4
2015-10-25,19,6,13
2015-10-25,16,11,5
2015-10-25,7,4,3
2015-10-25,6,0,6
2015-10-25,4,2,2
2015-10-25,1,1,0
2015-10-25,3,3,0
2015-10-25,1,0,1
2015-10-25,0,0,0
2015-10-25,0,0,0
2015-10-26,0,0,0
2015-10-26,0,0,0
2015-10-26,0,0,0
2015-10-26,0,0,0
2015-10-26,0,0,0
2015-10-26,1,0,1
2015-10-26,2,0,2
2015-10-26,8,6,2
2015-10-26,10,4,6
2015-10-26,3,1,2
2015-10-26,5,0,5
2015-10-26,0,0,0
2015-10-26,3,0,3
2015-10-26,3,2,1
2015-10-26,6,2,4
2015-10-26,7,5,2
2015-10-26,6,4,2
2015-10-26,17,8,9
2015-10-26,5,4,1
2015-10-26,4,3,1
2015-10-26,2,1,1
2015-10-26,0,0,0
2015-10-26,3,2,1
2015-10-26,0,0,0
2015-10-27,0,0,0
2015-10-27,0,0,0
2015-10-27,1,0,1
2015-10-27,0,0,0
2015-10-27,1,0,1
2015-10-27,0,0,0
2015-10-27,3,0,3
2015-10-27,9,5,4
2015-10-27,10,5,5
2015-10-27,8,5,3
2015-10-27,7,0,7
2015-10-27,6,5,1
2015-10-27,9,5,4
2015-10-27,9,4,5
2015-10-27,4,0,4
2015-10-27,11,7,4
2015-10-27,12,8,4
2015-10-27,16,7,9
2015-10-27,15,7,8
2015-10-27,7,2,5
2015-10-27,8,6,2
2015-10-27,5,3,2
2015-10-27,2,2,0
2015-10-27,2,1,1
2015-10-28,2,0,2
2015-10-28,0,0,0
2015-10-28,2,0,2
2015-10-28,1,1,0
2015-10-28,2,1,1
2015-10-28,0,0,0
2015-10-28,2,0,2
2015-10-28,5,2,3
2015-10-28,4,1,3
2015-10-28,6,3,3
2015-10-28,4,3,1
2015-10-28,6,1,5
2015-10-28,5,3,2
2015-10-28,8,6,2
2015-10-28,1,0,1
2015-10-28,5,4,1
2015-10-28,5,2,3
2015-10-28,22,10,12
2015-10-28,8,2,6
2015-10-28,9,7,2
2015-10-28,4,3,1
2015-10-28,3,2,1
2015-10-28,0,0,0
2015-10-28,4,2,2
2015-10-29,0,0,0
2015-10-29,2,1,1
2015-10-29,0,0,0
2015-10-29,0,0,0
2015-10-29,3,2,1
2015-10-29,1,0,1
2015-10-29,4,0,4
2015-10-29,5,3,2
2015-10-29,5,3,2
2015-10-29,5,4,1
2015-10-29,3,3,0
2015-10-29,4,0,4
2015-10-29,4,2,2
2015-10-29,2,1,1
2015-10-29,4,1,3
2015-10-29,4,2,2
2015-10-29,5,3,2
2015-10-29,9,4,5
2015-10-29,8,2,6
2015-10-29,9,2,7
2015-10-29,5,2,3
2015-10-29,4,4,0
2015-10-29,4,1,3
2015-10-29,2,2,0
2015-10-30,1,0,1
2015-10-30,0,0,0
2015-10-30,0,0,0
2015-10-30,0,0,0
2015-10-30,0,0,0
2015-10-30,0,0,0
2015-10-30,0,0,0
2015-10-30,6,3,3
2015-10-30,4,2,2
2015-10-30,4,1,3
2015-10-30,5,1,4
2015-10-30,2,2,0
2015-10-30,5,2,3
2015-10-30,8,4,4
2015-10-30,8,2,6
2015-10-30,5,2,3
2015-10-30,9,4,5
2015-10-30,5,3,2
2015-10-30,2,1,1
2015-10-30,2,1,1
2015-10-30,2,2,0
2015-10-30,1,1,0
2015-10-30,1,0,1
2015-10-30,1,0,1
2015-10-31,0,0,0
2015-10-31,0,0,0
2015-10-31,0,0,0
2015-10-31,0,0,0
2015-10-31,3,1,2
2015-10-31,3,2,1
2015-10-31,0,0,0
2015-10-31,0,0,0
2015-10-31,1,1,0
2015-10-31,4,0,4
2015-10-31,0,0,0
2015-10-31,3,1,2
2015-10-31,1,1,0
2015-10-31,2,0,2
2015-10-31,10,2,8
2015-10-31,8,4,4
2015-10-31,4,2,2
2015-10-31,3,0,3
2015-10-31,1,0,1
2015-10-31,2,2,0
2015-10-31,1,1,0
2015-10-31,0,0,0
2015-10-31,2,2,0
2015-10-31,2,0,2
2015-11-01,1,0,1
2015-11-01,0,0,0
2015-11-01,0,0,0
2015-11-01,0,0,0
2015-11-01,1,0,1
2015-11-01,0,0,0
2015-11-01,1,1,0
2015-11-01,3,1,2
2015-11-01,5,2,3
2015-11-01,9,2,7
2015-11-01,5,2,3
2015-11-01,6,2,4
2015-11-01,6,2,4
2015-11-01,5,3,2
2015-11-01,8,6,2
2015-11-01,3,2,1
2015-11-01,2,0,2
2015-11-01,1,0,1
2015-11-01,9,5,4
2015-11-01,1,1,0
2015-11-01,1,1,0
2015-11-01,0,0,0
2015-11-01,0,0,0
2015-11-01,3,0,3
2015-11-02,0,0,0
2015-11-02,1,1,0
2015-11-02,1,0,1
2015-11-02,1,0,1
2015-11-02,1,0,1
2015-11-02,1,0,1
2015-11-02,2,0,2
2015-11-02,9,7,2
2015-11-02,13,7,6
2015-11-02,5,1,4
2015-11-02,2,1,1
2015-11-02,7,3,4
2015-11-02,6,3,3
2015-11-02,12,6,6
2015-11-02,12,8,4
2015-11-02,10,6,4
2015-11-02,19,6,13
2015-11-02,21,11,10
2015-11-02,5,2,3
2015-11-02,6,3,3
2015-11-02,3,1,2
2015-11-02,10,5,5
2015-11-02,0,0,0
2015-11-02,0,0,0
2015-11-03,0,0,0
2015-11-03,1,0,1
2015-11-03,0,0,0
2015-11-03,1,0,1
2015-11-03,1,1,0
2015-11-03,1,0,1
2015-11-03,3,1,2
2015-11-03,17,7,10
2015-11-03,15,5,10
2015-11-03,10,2,8
2015-11-03,6,2,4
2015-11-03,6,3,3
2015-11-03,8,5,3
2015-11-03,11,3,8
2015-11-03,15,7,8
2015-11-03,9,3,6
2015-11-03,13,3,10
2015-11-03,25,14,11
2015-11-03,18,8,10
2015-11-03,24,9,15
2015-11-03,8,4,4
2015-11-03,3,3,0
2015-11-03,1,1,0
2015-11-03,0,0,0
2015-11-04,3,2,1
2015-11-04,0,0,0
2015-11-04,0,0,0
2015-11-04,1,0,1
2015-11-04,0,0,0
2015-11-04,1,0,1
2015-11-04,6,2,4
2015-11-04,6,4,2
2015-11-04,5,1,4
2015-11-04,9,4,5
2015-11-04,4,1,3
2015-11-04,5,2,3
2015-11-04,13,4,9
2015-11-04,12,7,5
2015-11-04,7,7,0
2015-11-04,11,4,7
2015-11-04,14,8,6
2015-11-04,24,9,15
2015-11-04,13,5,8
2015-11-04,5,3,2
2015-11-04,6,3,3
2015-11-04,2,2,0
2015-11-04,3,2,1
2015-11-04,3,1,2
2015-11-05,0,0,0
2015-11-05,0,0,0
2015-11-05,0,0,0
2015-11-05,1,0,1
2015-11-05,2,1,1
2015-11-05,0,0,0
2015-11-05,2,0,2
2015-11-05,9,9,0
2015-11-05,10,5,5
2015-11-05,7,5,2
2015-11-05,6,3,3
2015-11-05,3,3,0
2015-11-05,5,5,0
2015-11-05,4,1,3
2015-11-05,3,1,2
2015-11-05,11,5,6
2015-11-05,9,5,4
2015-11-05,11,3,8
2015-11-05,15,5,10
2015-11-05,7,4,3
2015-11-05,3,0,3
2015-11-05,6,5,1
2015-11-05,2,2,0
2015-11-05,1,1,0
2015-11-06,0,0,0
2015-11-06,0,0,0
2015-11-06,1,1,0
2015-11-06,0,0,0
2015-11-06,0,0,0
2015-11-06,0,0,0
2015-11-06,5,1,4
2015-11-06,3,3,0
2015-11-06,5,5,0
2015-11-06,11,6,5
2015-11-06,6,4,2
2015-11-06,5,4,1
2015-11-06,9,2,7
2015-11-06,15,4,11
2015-11-06,2,2,0
2015-11-06,1,1,0
2015-11-06,8,6,2
2015-11-06,10,3,7
2015-11-06,9,6,3
2015-11-06,5,5,0
2015-11-06,2,0,2
2015-11-06,0,0,0
2015-11-06,1,0,1
2015-11-06,1,0,1
2015-11-07,1,0,1
2015-11-07,0,0,0
2015-11-07,0,0,0
2015-11-07,1,0,1
2015-11-07,0,0,0
2015-11-07,0,0,0
2015-11-07,1,0,1
2015-11-07,0,0,0
2015-11-07,2,2,0
2015-11-07,0,0,0
2015-11-07,1,0,1
2015-11-07,1,0,1
2015-11-07,3,0,3
2015-11-07,4,2,2
2015-11-07,2,2,0
2015-11-07,1,1,0
2015-11-07,5,1,4
2015-11-07,4,3,1
2015-11-07,1,1,0
2015-11-07,3,2,1
2015-11-07,1,0,1
2015-11-07,0,0,0
2015-11-07,0,0,0
2015-11-07,1,1,0
2015-11-08,0,0,0
2015-11-08,1,0,1
2015-11-08,0,0,0
2015-11-08,0,0,0
2015-11-08,0,0,0
2015-11-08,0,0,0
2015-11-08,0,0,0
2015-11-08,1,1,0
2015-11-08,2,1,1
2015-11-08,3,0,3
2015-11-08,3,2,1
2015-11-08,5,3,2
2015-11-08,8,4,4
2015-11-08,8,4,4
2015-11-08,15,6,9
2015-11-08,7,4,3
2015-11-08,14,7,7
2015-11-08,2,2,0
2015-11-08,3,2,1
2015-11-08,1,1,0
2015-11-08,3,3,0
2015-11-08,2,0,2
2015-11-08,2,2,0
2015-11-08,0,0,0
2015-11-09,0,0,0
2015-11-09,1,0,1
2015-11-09,0,0,0
2015-11-09,0,0,0
2015-11-09,0,0,0
2015-11-09,2,0,2
2015-11-09,5,3,2
2015-11-09,4,4,0
2015-11-09,8,4,4
2015-11-09,8,4,4
2015-11-09,1,0,1
2015-11-09,2,1,1
2015-11-09,6,4,2
2015-11-09,4,0,4
2015-11-09,7,4,3
2015-11-09,3,2,1
2015-11-09,5,1,4
2015-11-09,8,3,5
2015-11-09,4,1,3
2015-11-09,7,2,5
2015-11-09,9,7,2
2015-11-09,3,1,2
2015-11-09,2,2,0
2015-11-09,1,0,1
2015-11-10,0,0,0
2015-11-10,1,0,1
2015-11-10,0,0,0
2015-11-10,0,0,0
2015-11-10,0,0,0
2015-11-10,2,0,2
2015-11-10,1,0,1
2015-11-10,8,6,2
2015-11-10,8,2,6
2015-11-10,16,6,10
2015-11-10,3,1,2
2015-11-10,5,1,4
2015-11-10,10,4,6
2015-11-10,6,1,5
2015-11-10,8,6,2
2015-11-10,5,2,3
2015-11-10,11,5,6
2015-11-10,8,5,3
2015-11-10,8,2,6
2015-11-10,7,3,4
2015-11-10,5,3,2
2015-11-10,3,1,2
2015-11-10,2,2,0
2015-11-10,0,0,0
2015-11-11,0,0,0
2015-11-11,0,0,0
2015-11-11,0,0,0
2015-11-11,0,0,0
2015-11-11,0,0,0
2015-11-11,0,0,0
2015-11-11,3,0,3
2015-11-11,7,4,3
2015-11-11,2,1,1
2015-11-11,7,5,2
2015-11-11,15,5,10
2015-11-11,10,4,6
2015-11-11,15,10,5
2015-11-11,10,6,4
2015-11-11,4,2,2
2015-11-11,11,8,3
2015-11-11,3,2,1
2015-11-11,14,10,4
2015-11-11,9,5,4
2015-11-11,3,2,1
2015-11-11,2,0,2
2015-11-11,6,3,3
2015-11-11,0,0,0
2015-11-11,2,1,1
2015-11-12,0,0,0
2015-11-12,1,1,0
2015-11-12,0,0,0
2015-11-12,1,0,1
2015-11-12,0,0,0
2015-11-12,0,0,0
2015-11-12,2,0,2
2015-11-12,4,2,2
2015-11-12,13,6,7
2015-11-12,4,2,2
2015-11-12,5,1,4
2015-11-12,12,5,7
2015-11-12,12,9,3
2015-11-12,5,4,1
2015-11-12,4,2,2
2015-11-12,4,3,1
2015-11-12,4,3,1
2015-11-12,3,2,1
2015-11-12,4,1,3
2015-11-12,6,3,3
2015-11-12,2,2,0
2015-11-12,1,1,0
2015-11-12,2,2,0
2015-11-12,2,1,1
2015-11-13,0,0,0
2015-11-13,0,0,0
2015-11-13,1,1,0
2015-11-13,0,0,0
2015-11-13,0,0,0
2015-11-13,1,0,1
2015-11-13,2,0,2
2015-11-13,2,1,1
2015-11-13,7,2,5
2015-11-13,1,1,0
2015-11-13,3,1,2
2015-11-13,2,2,0
2015-11-13,0,0,0
2015-11-13,1,1,0
2015-11-13,1,1,0
2015-11-13,0,0,0
2015-11-13,3,3,0
2015-11-13,1,1,0
2015-11-13,7,1,6
2015-11-13,3,1,2
2015-11-13,0,0,0
2015-11-13,4,2,2
2015-11-13,3,3,0
2015-11-13,1,1,0
2015-11-14,0,0,0
2015-11-14,2,1,1
2015-11-14,0,0,0
2015-11-14,0,0,0
2015-11-14,0,0,0
2015-11-14,0,0,0
2015-11-14,4,2,2
2015-11-14,5,1,4
2015-11-14,0,0,0
2015-11-14,4,2,2
2015-11-14,5,2,3
2015-11-14,5,1,4
2015-11-14,6,1,5
2015-11-14,4,4,0
2015-11-14,3,3,0
2015-11-14,2,1,1
2015-11-14,2,1,1
2015-11-14,5,3,2
2015-11-14,1,1,0
2015-11-14,3,0,3
2015-11-14,2,2,0
2015-11-14,1,1,0
2015-11-14,0,0,0
2015-11-14,2,1,1
2015-11-15,0,0,0
2015-11-15,2,1,1
2015-11-15,0,0,0
2015-11-15,0,0,0
2015-11-15,0,0,0
2015-11-15,0,0,0
2015-11-15,1,0,1
2015-11-15,0,0,0
2015-11-15,0,0,0
2015-11-15,5,2,3
2015-11-15,5,4,1
2015-11-15,9,1,8
2015-11-15,9,4,5
2015-11-15,11,7,4
2015-11-15,9,7,2
2015-11-15,10,4,6
2015-11-15,7,2,5
2015-11-15,8,5,3
2015-11-15,6,3,3
2015-11-15,5,4,1
2015-11-15,4,3,1
2015-11-15,2,1,1
2015-11-15,2,0,2
2015-11-15,0,0,0
2015-11-16,0,0,0
2015-11-16,0,0,0
2015-11-16,0,0,0
2015-11-16,0,0,0
2015-11-16,0,0,0
2015-11-16,0,0,0
2015-11-16,2,0,2
2015-11-16,6,3,3
2015-11-16,6,2,4
2015-11-16,6,2,4
2015-11-16,3,2,1
2015-11-16,2,1,1
2015-11-16,1,0,1
2015-11-16,3,1,2
2015-11-16,1,1,0
2015-11-16,1,1,0
2015-11-16,4,3,1
2015-11-16,8,4,4
2015-11-16,8,2,6
2015-11-16,3,2,1
2015-11-16,4,1,3
2015-11-16,1,1,0
2015-11-16,1,1,0
2015-11-16,1,0,1
2015-11-17,0,0,0
2015-11-17,0,0,0
2015-11-17,0,0,0
2015-11-17,2,2,0
2015-11-17,0,0,0
2015-11-17,0,0,0
2015-11-17,1,0,1
2015-11-17,3,2,1
2015-11-17,6,2,4
2015-11-17,5,1,4
2015-11-17,1,1,0
2015-11-17,4,1,3
2015-11-17,2,1,1
2015-11-17,4,3,1
2015-11-17,4,2,2
2015-11-17,6,1,5
2015-11-17,1,1,0
2015-11-17,4,3,1
2015-11-17,7,1,6
2015-11-17,4,4,0
2015-11-17,3,2,1
2015-11-17,0,0,0
2015-11-17,2,1,1
2015-11-17,0,0,0
2015-11-18,0,0,0
2015-11-18,0,0,0
2015-11-18,0,0,0
2015-11-18,0,0,0
2015-11-18,0,0,0
2015-11-18,0,0,0
2015-11-18,6,0,6
2015-11-18,15,7,8
2015-11-18,6,4,2
2015-11-18,4,1,3
2015-11-18,7,3,4
2015-11-18,3,2,1
2015-11-18,8,5,3
2015-11-18,7,2,5
2015-11-18,4,2,2
2015-11-18,2,2,0
2015-11-18,8,6,2
2015-11-18,15,7,8
2015-11-18,19,8,11
2015-11-18,6,4,2
2015-11-18,2,2,0
2015-11-18,0,0,0
2015-11-18,1,0,1
2015-11-18,2,1,1
2015-11-19,1,0,1
2015-11-19,0,0,0
2015-11-19,0,0,0
2015-11-19,0,0,0
2015-11-19,1,0,1
2015-11-19,0,0,0
2015-11-19,4,0,4
2015-11-19,3,2,1
2015-11-19,10,8,2
2015-11-19,5,2,3
2015-11-19,6,3,3
2015-11-19,7,3,4
2015-11-19,10,6,4
2015-11-19,4,2,2
2015-11-19,3,1,2
2015-11-19,9,4,5
2015-11-19,11,5,6
2015-11-19,10,9,1
2015-11-19,7,1,6
2015-11-19,6,3,3
2015-11-19,3,1,2
2015-11-19,2,2,0
2015-11-19,1,1,0
2015-11-19,0,0,0
2015-11-20,1,0,1
2015-11-20,0,0,0
2015-11-20,0,0,0
2015-11-20,0,0,0
2015-11-20,1,1,0
2015-11-20,1,0,1
2015-11-20,2,0,2
2015-11-20,4,2,2
2015-11-20,7,4,3
2015-11-20,5,2,3
2015-11-20,8,5,3
2015-11-20,5,2,3
2015-11-20,7,2,5
2015-11-20,18,7,11
2015-11-20,7,2,5
2015-11-20,6,5,1
2015-11-20,11,7,4
2015-11-20,12,8,4
2015-11-20,7,2,5
2015-11-20,5,3,2
2015-11-20,0,0,0
2015-11-20,9,6,3
2015-11-20,1,0,1
2015-11-20,1,0,1
2015-11-21,2,1,1
2015-11-21,1,1,0
2015-11-21,0,0,0
2015-11-21,0,0,0
2015-11-21,2,1,1
2015-11-21,0,0,0
2015-11-21,0,0,0
2015-11-21,0,0,0
2015-11-21,1,1,0
2015-11-21,9,2,7
2015-11-21,4,1,3
2015-11-21,15,0,15
2015-11-21,15,9,6
2015-11-21,13,5,8
2015-11-21,13,7,6
2015-11-21,15,8,7
2015-11-21,14,7,7
2015-11-21,7,1,6
2015-11-21,1,1,0
2015-11-21,1,1,0
2015-11-21,4,1,3
2015-11-21,0,0,0
2015-11-21,2,0,2
2015-11-21,3,3,0
2015-11-22,2,0,2
2015-11-22,1,0,1
2015-11-22,0,0,0
2015-11-22,0,0,0
2015-11-22,0,0,0
2015-11-22,0,0,0
2015-11-22,0,0,0
2015-11-22,2,1,1
2015-11-22,0,0,0
2015-11-22,9,4,5
2015-11-22,2,1,1
2015-11-22,22,3,19
2015-11-22,21,16,5
2015-11-22,12,5,7
2015-11-22,14,8,6
2015-11-22,10,5,5
2015-11-22,12,6,6
2015-11-22,4,0,4
2015-11-22,1,1,0
2015-11-22,4,2,2
2015-11-22,6,4,2
2015-11-22,1,0,1
2015-11-22,0,0,0
2015-11-22,1,0,1
2015-11-23,0,0,0
2015-11-23,0,0,0
2015-11-23,0,0,0
2015-11-23,0,0,0
2015-11-23,2,1,1
2015-11-23,1,0,1
2015-11-23,2,0,2
2015-11-23,4,2,2
2015-11-23,11,6,5
2015-11-23,3,0,3
2015-11-23,8,2,6
2015-11-23,3,0,3
2015-11-23,4,3,1
2015-11-23,1,0,1
2015-11-23,6,6,0
2015-11-23,0,0,0
2015-11-23,6,4,2
2015-11-23,9,6,3
2015-11-23,7,3,4
2015-11-23,3,1,2
2015-11-23,4,2,2
2015-11-23,0,0,0
2015-11-23,2,1,1
2015-11-23,1,1,0
2015-11-24,0,0,0
2015-11-24,0,0,0
2015-11-24,0,0,0
2015-11-24,0,0,0
2015-11-24,1,0,1
2015-11-24,5,1,4
2015-11-24,5,4,1
2015-11-24,4,4,0
2015-11-24,2,1,1
2015-11-24,6,2,4
2015-11-24,5,2,3
2015-11-24,4,2,2
2015-11-24,11,8,3
2015-11-24,6,3,3
2015-11-24,6,1,5
2015-11-24,4,2,2
2015-11-24,3,1,2
2015-11-24,5,2,3
2015-11-24,7,1,6
2015-11-24,7,6,1
2015-11-24,4,1,3
2015-11-24,1,1,0
2015-11-24,1,1,0
2015-11-24,0,0,0
2015-11-25,1,0,1
2015-11-25,0,0,0
2015-11-25,0,0,0
2015-11-25,0,0,0
2015-11-25,1,0,1
2015-11-25,1,0,1
2015-11-25,2,1,1
2015-11-25,11,6,5
2015-11-25,5,1,4
2015-11-25,4,3,1
2015-11-25,9,4,5
2015-11-25,7,3,4
2015-11-25,6,3,3
2015-11-25,6,1,5
2015-11-25,5,2,3
2015-11-25,7,5,2
2015-11-25,14,6,8
2015-11-25,7,2,5
2015-11-25,9,6,3
2015-11-25,1,0,1
2015-11-25,1,1,0
2015-11-25,0,0,0
2015-11-25,2,0,2
2015-11-25,0,0,0
2015-11-26,0,0,0
2015-11-26,0,0,0
2015-11-26,2,1,1
2015-11-26,1,0,1
2015-11-26,0,0,0
2015-11-26,0,0,0
2015-11-26,0,0,0
2015-11-26,0,0,0
2015-11-26,1,1,0
2015-11-26,0,0,0
2015-11-26,2,1,1
2015-11-26,8,1,7
2015-11-26,4,2,2
2015-11-26,4,2,2
2015-11-26,6,3,3
2015-11-26,1,0,1
2015-11-26,0,0,0
2015-11-26,4,0,4
2015-11-26,5,4,1
2015-11-26,0,0,0
2015-11-26,2,2,0
2015-11-26,0,0,0
2015-11-26,1,1,0
2015-11-26,0,0,0
2015-11-27,3,0,3
2015-11-27,0,0,0
2015-11-27,0,0,0
2015-11-27,0,0,0
2015-11-27,0,0,0
2015-11-27,0,0,0
2015-11-27,0,0,0
2015-11-27,0,0,0
2015-11-27,0,0,0
2015-11-27,4,2,2
2015-11-27,2,1,1
2015-11-27,3,1,2
2015-11-27,11,4,7
2015-11-27,10,5,5
2015-11-27,1,1,0
2015-11-27,4,2,2
2015-11-27,7,3,4
2015-11-27,3,1,2
2015-11-27,1,1,0
2015-11-27,0,0,0
2015-11-27,4,3,1
2015-11-27,0,0,0
2015-11-27,2,0,2
2015-11-27,1,1,0
2015-11-28,0,0,0
2015-11-28,1,0,1
2015-11-28,0,0,0
2015-11-28,0,0,0
2015-11-28,1,0,1
2015-11-28,0,0,0
2015-11-28,0,0,0
2015-11-28,0,0,0
2015-11-28,4,1,3
2015-11-28,4,1,3
2015-11-28,7,5,2
2015-11-28,7,4,3
2015-11-28,3,2,1
2015-11-28,5,3,2
2015-11-28,10,6,4
2015-11-28,4,2,2
2015-11-28,9,4,5
2015-11-28,7,4,3
2015-11-28,2,0,2
2015-11-28,1,0,1
2015-11-28,0,0,0
2015-11-28,3,3,0
2015-11-28,2,2,0
2015-11-28,4,1,3
2015-11-29,0,0,0
2015-11-29,2,0,2
2015-11-29,0,0,0
2015-11-29,1,1,0
2015-11-29,0,0,0
2015-11-29,0,0,0
2015-11-29,0,0,0
2015-11-29,1,1,0
2015-11-29,1,0,1
2015-11-29,9,2,7
2015-11-29,5,4,1
2015-11-29,22,1,21
2015-11-29,4,3,1
2015-11-29,7,2,5
2015-11-29,6,3,3
2015-11-29,10,8,2
2015-11-29,8,3,5
2015-11-29,2,0,2
2015-11-29,4,2,2
2015-11-29,3,2,1
2015-11-29,2,1,1
2015-11-29,0,0,0
2015-11-29,0,0,0
2015-11-29,1,0,1
2015-11-30,0,0,0
2015-11-30,0,0,0
2015-11-30,0,0,0
2015-11-30,0,0,0
2015-11-30,0,0,0
2015-11-30,0,0,0
2015-11-30,2,0,2
2015-11-30,6,4,2
2015-11-30,8,5,3
2015-11-30,4,2,2
2015-11-30,4,3,1
2015-11-30,2,1,1
2015-11-30,8,3,5
2015-11-30,5,1,4
2015-11-30,8,4,4
2015-11-30,6,3,3
2015-11-30,5,2,3
2015-11-30,7,6,1
2015-11-30,9,1,8
2015-11-30,2,2,0
2015-11-30,3,1,2
2015-11-30,2,2,0
2015-11-30,2,1,1
2015-11-30,1,0,1
2015-12-01,1,0,1
2015-12-01,0,0,0
2015-12-01,1,0,1
2015-12-01,1,1,0
2015-12-01,1,0,1
2015-12-01,1,0,1
2015-12-01,2,0,2
2015-12-01,5,5,0
2015-12-01,6,3,3
2015-12-01,14,6,8
2015-12-01,3,1,2
2015-12-01,5,1,4
2015-12-01,6,4,2
2015-12-01,1,0,1
2015-12-01,2,1,1
2015-12-01,7,5,2
2015-12-01,7,3,4
2015-12-01,8,4,4
2015-12-01,12,4,8
2015-12-01,8,4,4
2015-12-01,1,0,1
2015-12-01,1,1,0
2015-12-01,2,1,1
2015-12-01,2,0,2
2015-12-02,1,1,0
2015-12-02,0,0,0
2015-12-02,0,0,0
2015-12-02,1,1,0
2015-12-02,1,0,1
2015-12-02,0,0,0
2015-12-02,2,0,2
2015-12-02,9,7,2
2015-12-02,2,2,0
2015-12-02,10,5,5
2015-12-02,7,4,3
2015-12-02,7,3,4
2015-12-02,2,1,1
2015-12-02,5,4,1
2015-12-02,5,3,2
2015-12-02,3,2,1
2015-12-02,9,7,2
2015-12-02,7,7,0
2015-12-02,6,0,6
2015-12-02,6,3,3
2015-12-02,1,0,1
2015-12-02,5,2,3
2015-12-02,5,3,2
2015-12-02,2,1,1
2015-12-03,0,0,0
2015-12-03,2,2,0
2015-12-03,0,0,0
2015-12-03,2,1,1
2015-12-03,0,0,0
2015-12-03,0,0,0
2015-12-03,4,2,2
2015-12-03,8,5,3
2015-12-03,3,2,1
2015-12-03,3,1,2
2015-12-03,1,1,0
2015-12-03,6,2,4
2015-12-03,4,3,1
2015-12-03,5,0,5
2015-12-03,6,3,3
2015-12-03,6,4,2
2015-12-03,3,3,0
2015-12-03,8,2,6
2015-12-03,3,2,1
2015-12-03,4,2,2
2015-12-03,3,3,0
2015-12-03,1,1,0
2015-12-03,0,0,0
2015-12-03,0,0,0
2015-12-04,0,0,0
2015-12-04,0,0,0
2015-12-04,1,0,1
2015-12-04,0,0,0
2015-12-04,0,0,0
2015-12-04,1,1,0
2015-12-04,2,0,2
2015-12-04,2,2,0
2015-12-04,9,4,5
2015-12-04,5,3,2
2015-12-04,3,3,0
2015-12-04,3,2,1
2015-12-04,2,2,0
2015-12-04,11,7,4
2015-12-04,2,1,1
2015-12-04,5,3,2
2015-12-04,7,4,3
2015-12-04,16,10,6
2015-12-04,5,0,5
2015-12-04,2,0,2
2015-12-04,2,0,2
2015-12-04,0,0,0
2015-12-04,2,0,2
2015-12-04,2,1,1
2015-12-05,2,0,2
2015-12-05,0,0,0
2015-12-05,0,0,0
2015-12-05,0,0,0
2015-12-05,0,0,0
2015-12-05,0,0,0
2015-12-05,2,2,0
2015-12-05,0,0,0
2015-12-05,2,1,1
2015-12-05,3,2,1
2015-12-05,0,0,0
2015-12-05,3,0,3
2015-12-05,1,0,1
2015-12-05,1,0,1
2015-12-05,0,0,0
2015-12-05,1,0,1
2015-12-05,6,4,2
2015-12-05,4,2,2
2015-12-05,4,3,1
2015-12-05,2,1,1
2015-12-05,0,0,0
2015-12-05,0,0,0
2015-12-05,0,0,0
2015-12-05,0,0,0
2015-12-06,1,0,1
2015-12-06,0,0,0
2015-12-06,0,0,0
2015-12-06,0,0,0
2015-12-06,0,0,0
2015-12-06,0,0,0
2015-12-06,1,0,1
2015-12-06,2,2,0
2015-12-06,3,2,1
2015-12-06,4,1,3
2015-12-06,5,2,3
2015-12-06,5,3,2
2015-12-06,5,3,2
2015-12-06,5,1,4
2015-12-06,6,2,4
2015-12-06,12,7,5
2015-12-06,6,2,4
2015-12-06,2,2,0
2015-12-06,5,4,1
2015-12-06,2,1,1
2015-12-06,1,0,1
2015-12-06,0,0,0
2015-12-06,0,0,0
2015-12-06,0,0,0
2015-12-07,0,0,0
2015-12-07,0,0,0
2015-12-07,1,1,0
2015-12-07,0,0,0
2015-12-07,0,0,0
2015-12-07,1,0,1
2015-12-07,4,1,3
2015-12-07,5,5,0
2015-12-07,7,3,4
2015-12-07,11,7,4
2015-12-07,1,1,0
2015-12-07,3,1,2
2015-12-07,7,7,0
2015-12-07,1,0,1
2015-12-07,6,3,3
2015-12-07,1,1,0
2015-12-07,9,6,3
2015-12-07,9,7,2
2015-12-07,5,2,3
2015-12-07,4,1,3
2015-12-07,4,1,3
2015-12-07,4,3,1
2015-12-07,0,0,0
2015-12-07,0,0,0
2015-12-08,0,0,0
2015-12-08,1,0,1
2015-12-08,1,0,1
2015-12-08,0,0,0
2015-12-08,0,0,0
2015-12-08,0,0,0
2015-12-08,4,0,4
2015-12-08,2,2,0
2015-12-08,5,2,3
2015-12-08,7,2,5
2015-12-08,5,3,2
2015-12-08,4,2,2
2015-12-08,0,0,0
2015-12-08,0,0,0
2015-12-08,1,0,1
2015-12-08,4,2,2
2015-12-08,5,4,1
2015-12-08,2,2,0
2015-12-08,6,1,5
2015-12-08,1,1,0
2015-12-08,1,1,0
2015-12-08,2,1,1
2015-12-08,0,0,0
2015-12-08,0,0,0
2015-12-09,2,2,0
2015-12-09,1,1,0
2015-12-09,1,0,1
2015-12-09,0,0,0
2015-12-09,0,0,0
2015-12-09,0,0,0
2015-12-09,3,0,3
2015-12-09,4,3,1
2015-12-09,5,4,1
2015-12-09,11,9,2
2015-12-09,3,2,1
2015-12-09,4,0,4
2015-12-09,9,6,3
2015-12-09,6,1,5
2015-12-09,9,3,6
2015-12-09,2,1,1
2015-12-09,3,2,1
2015-12-09,7,4,3
2015-12-09,4,3,1
2015-12-09,10,7,3
2015-12-09,5,2,3
2015-12-09,4,3,1
2015-12-09,2,1,1
2015-12-09,0,0,0
2015-12-10,1,0,1
2015-12-10,0,0,0
2015-12-10,0,0,0
2015-12-10,1,0,1
2015-12-10,0,0,0
2015-12-10,0,0,0
2015-12-10,3,1,2
2015-12-10,3,1,2
2015-12-10,3,1,2
2015-12-10,5,5,0
2015-12-10,0,0,0
2015-12-10,3,2,1
2015-12-10,2,2,0
2015-12-10,1,1,0
2015-12-10,1,1,0
2015-12-10,4,2,2
2015-12-10,2,1,1
2015-12-10,4,2,2
2015-12-10,6,4,2
2015-12-10,4,2,2
2015-12-10,0,0,0
2015-12-10,1,1,0
2015-12-10,1,1,0
2015-12-10,0,0,0
2015-12-11,1,0,1
2015-12-11,0,0,0
2015-12-11,3,1,2
2015-12-11,0,0,0
2015-12-11,0,0,0
2015-12-11,0,0,0
2015-12-11,2,0,2
2015-12-11,6,6,0
2015-12-11,9,4,5
2015-12-11,5,2,3
2015-12-11,6,4,2
2015-12-11,8,4,4
2015-12-11,3,2,1
2015-12-11,3,0,3
2015-12-11,12,7,5
2015-12-11,6,4,2
2015-12-11,12,6,6
2015-12-11,7,4,3
2015-12-11,12,7,5
2015-12-11,5,3,2
2015-12-11,1,0,1
2015-12-11,0,0,0
2015-12-11,0,0,0
2015-12-11,4,3,1
2015-12-12,3,0,3
2015-12-12,0,0,0
2015-12-12,0,0,0
2015-12-12,0,0,0
2015-12-12,0,0,0
2015-12-12,0,0,0
2015-12-12,1,0,1
2015-12-12,0,0,0
2015-12-12,0,0,0
2015-12-12,1,0,1
2015-12-12,3,2,1
2015-12-12,3,1,2
2015-12-12,6,5,1
2015-12-12,3,1,2
2015-12-12,4,2,2
2015-12-12,3,3,0
2015-12-12,1,1,0
2015-12-12,5,3,2
2015-12-12,4,1,3
2015-12-12,2,1,1
2015-12-12,2,1,1
2015-12-12,0,0,0
2015-12-12,0,0,0
2015-12-12,2,2,0
2015-12-13,1,0,1
2015-12-13,0,0,0
2015-12-13,0,0,0
2015-12-13,0,0,0
2015-12-13,0,0,0
2015-12-13,0,0,0
2015-12-13,0,0,0
2015-12-13,0,0,0
2015-12-13,2,1,1
2015-12-13,2,1,1
2015-12-13,4,1,3
2015-12-13,2,0,2
2015-12-13,3,3,0
2015-12-13,4,2,2
2015-12-13,8,3,5
2015-12-13,4,3,1
2015-12-13,2,2,0
2015-12-13,6,2,4
2015-12-13,0,0,0
2015-12-13,0,0,0
2015-12-13,0,0,0
2015-12-13,0,0,0
2015-12-13,1,0,1
2015-12-13,0,0,0
2015-12-14,0,0,0
2015-12-14,0,0,0
2015-12-14,0,0,0
2015-12-14,0,0,0
2015-12-14,0,0,0
2015-12-14,1,0,1
2015-12-14,2,0,2
2015-12-14,6,0,6
2015-12-14,13,7,6
2015-12-14,11,7,4
2015-12-14,0,0,0
2015-12-14,4,2,2
2015-12-14,5,1,4
2015-12-14,7,3,4
2015-12-14,9,6,3
2015-12-14,7,6,1
2015-12-14,6,4,2
2015-12-14,4,2,2
2015-12-14,7,3,4
2015-12-14,6,3,3
2015-12-14,5,4,1
2015-12-14,1,1,0
2015-12-14,0,0,0
2015-12-14,0,0,0
2015-12-15,1,0,1
2015-12-15,1,0,1
2015-12-15,1,0,1
2015-12-15,1,0,1
2015-12-15,0,0,0
2015-12-15,1,0,1
2015-12-15,2,0,2
2015-12-15,2,2,0
2015-12-15,7,4,3
2015-12-15,10,5,5
2015-12-15,5,2,3
2015-12-15,8,3,5
2015-12-15,3,2,1
2015-12-15,5,4,1
2015-12-15,6,5,1
2015-12-15,3,3,0
2015-12-15,5,4,1
2015-12-15,8,4,4
2015-12-15,4,0,4
2015-12-15,3,2,1
2015-12-15,5,2,3
2015-12-15,1,1,0
2015-12-15,1,0,1
2015-12-15,0,0,0
2015-12-16,3,2,1
2015-12-16,0,0,0
2015-12-16,0,0,0
2015-12-16,0,0,0
2015-12-16,0,0,0
2015-12-16,1,0,1
2015-12-16,2,0,2
2015-12-16,5,3,2
2015-12-16,9,5,4
2015-12-16,4,1,3
2015-12-16,4,2,2
2015-12-16,3,3,0
2015-12-16,4,2,2
2015-12-16,4,2,2
2015-12-16,6,3,3
2015-12-16,6,5,1
2015-12-16,4,3,1
2015-12-16,10,7,3
2015-12-16,5,1,4
2015-12-16,9,3,6
2015-12-16,2,1,1
2015-12-16,3,2,1
2015-12-16,1,1,0
2015-12-16,3,0,3
2015-12-17,0,0,0
2015-12-17,0,0,0
2015-12-17,0,0,0
2015-12-17,0,0,0
2015-12-17,0,0,0
2015-12-17,1,0,1
2015-12-17,3,0,3
2015-12-17,4,3,1
2015-12-17,9,7,2
2015-12-17,1,1,0
2015-12-17,4,1,3
2015-12-17,1,0,1
2015-12-17,0,0,0
2015-12-17,0,0,0
2015-12-17,4,3,1
2015-12-17,3,2,1
2015-12-17,3,2,1
2015-12-17,8,4,4
2015-12-17,3,0,3
2015-12-17,5,5,0
2015-12-17,2,2,0
2015-12-17,0,0,0
2015-12-17,2,1,1
2015-12-17,0,0,0
2015-12-18,0,0,0
2015-12-18,0,0,0
2015-12-18,0,0,0
2015-12-18,0,0,0
2015-12-18,0,0,0
2015-12-18,1,0,1
2015-12-18,2,0,2
2015-12-18,3,1,2
2015-12-18,3,3,0
2015-12-18,5,2,3
2015-12-18,3,2,1
2015-12-18,9,4,5
2015-12-18,7,4,3
2015-12-18,9,3,6
2015-12-18,3,1,2
2015-12-18,8,4,4
2015-12-18,8,5,3
2015-12-18,10,6,4
2015-12-18,5,2,3
2015-12-18,2,1,1
2015-12-18,0,0,0
2015-12-18,4,4,0
2015-12-18,3,3,0
2015-12-18,0,0,0
2015-12-19,0,0,0
2015-12-19,0,0,0
2015-12-19,0,0,0
2015-12-19,0,0,0
2015-12-19,0,0,0
2015-12-19,0,0,0
2015-12-19,1,1,0
2015-12-19,0,0,0
2015-12-19,2,1,1
2015-12-19,1,0,1
2015-12-19,6,4,2
2015-12-19,5,0,5
2015-12-19,5,3,2
2015-12-19,1,1,0
2015-12-19,3,1,2
2015-12-19,3,2,1
2015-12-19,7,5,2
2015-12-19,9,6,3
2015-12-19,13,7,6
2015-12-19,1,1,0
2015-12-19,2,0,2
2015-12-19,1,1,0
2015-12-19,2,1,1
2015-12-19,2,2,0
2015-12-20,1,1,0
2015-12-20,0,0,0
2015-12-20,0,0,0
2015-12-20,0,0,0
2015-12-20,0,0,0
2015-12-20,0,0,0
2015-12-20,1,0,1
2015-12-20,0,0,0
2015-12-20,0,0,0
2015-12-20,2,1,1
2015-12-20,2,1,1
2015-12-20,5,5,0
2015-12-20,6,3,3
2015-12-20,9,6,3
2015-12-20,13,3,10
2015-12-20,8,7,1
2015-12-20,8,4,4
2015-12-20,1,0,1
2015-12-20,3,2,1
2015-12-20,2,2,0
2015-12-20,5,5,0
2015-12-20,1,1,0
2015-12-20,1,1,0
2015-12-20,1,0,1
2015-12-21,0,0,0
2015-12-21,0,0,0
2015-12-21,0,0,0
2015-12-21,0,0,0
2015-12-21,0,0,0
2015-12-21,1,0,1
2015-12-21,0,0,0
2015-12-21,3,2,1
2015-12-21,5,3,2
2015-12-21,3,1,2
2015-12-21,0,0,0
2015-12-21,1,0,1
2015-12-21,1,0,1
2015-12-21,4,1,3
2015-12-21,1,1,0
2015-12-21,2,2,0
2015-12-21,3,1,2
2015-12-21,6,3,3
2015-12-21,2,2,0
2015-12-21,4,3,1
2015-12-21,0,0,0
2015-12-21,0,0,0
2015-12-21,0,0,0
2015-12-21,0,0,0
2015-12-22,0,0,0
2015-12-22,0,0,0
2015-12-22,0,0,0
2015-12-22,1,0,1
2015-12-22,0,0,0
2015-12-22,1,0,1
2015-12-22,1,0,1
2015-12-22,4,3,1
2015-12-22,5,1,4
2015-12-22,7,4,3
2015-12-22,5,1,4
2015-12-22,11,4,7
2015-12-22,5,2,3
2015-12-22,5,3,2
2015-12-22,3,1,2
2015-12-22,4,2,2
2015-12-22,6,4,2
2015-12-22,5,4,1
2015-12-22,3,1,2
2015-12-22,0,0,0
2015-12-22,1,1,0
2015-12-22,2,2,0
2015-12-22,1,1,0
2015-12-22,0,0,0
2015-12-23,0,0,0
2015-12-23,0,0,0
2015-12-23,0,0,0
2015-12-23,0,0,0
2015-12-23,0,0,0
2015-12-23,2,0,2
2015-12-23,1,0,1
2015-12-23,2,2,0
2015-12-23,4,1,3
2015-12-23,2,1,1
2015-12-23,0,0,0
2015-12-23,5,4,1
2015-12-23,6,1,5
2015-12-23,5,5,0
2015-12-23,1,0,1
2015-12-23,6,3,3
2015-12-23,11,7,4
2015-12-23,6,3,3
2015-12-23,3,3,0
2015-12-23,5,2,3
2015-12-23,3,2,1
2015-12-23,0,0,0
2015-12-23,0,0,0
2015-12-23,0,0,0
2015-12-24,0,0,0
2015-12-24,1,0,1
2015-12-24,0,0,0
2015-12-24,0,0,0
2015-12-24,0,0,0
2015-12-24,0,0,0
2015-12-24,1,0,1
2015-12-24,0,0,0
2015-12-24,2,2,0
2015-12-24,2,1,1
2015-12-24,3,0,3
2015-12-24,8,3,5
2015-12-24,9,5,4
2015-12-24,2,2,0
2015-12-24,7,4,3
2015-12-24,2,0,2
2015-12-24,3,2,1
2015-12-24,3,3,0
2015-12-24,0,0,0
2015-12-24,2,0,2
2015-12-24,2,2,0
2015-12-24,0,0,0
2015-12-24,0,0,0
2015-12-24,0,0,0
2015-12-25,0,0,0
2015-12-25,0,0,0
2015-12-25,0,0,0
2015-12-25,0,0,0
2015-12-25,0,0,0
2015-12-25,0,0,0
2015-12-25,0,0,0
2015-12-25,2,0,2
2015-12-25,0,0,0
2015-12-25,0,0,0
2015-12-25,1,0,1
2015-12-25,0,0,0
2015-12-25,2,2,0
2015-12-25,2,1,1
2015-12-25,2,2,0
2015-12-25,1,0,1
2015-12-25,2,0,2
2015-12-25,0,0,0
2015-12-25,0,0,0
2015-12-25,0,0,0
2015-12-25,0,0,0
2015-12-25,0,0,0
2015-12-25,0,0,0
2015-12-25,0,0,0
2015-12-26,0,0,0
2015-12-26,0,0,0
2015-12-26,0,0,0
2015-12-26,0,0,0
2015-12-26,0,0,0
2015-12-26,0,0,0
2015-12-26,0,0,0
2015-12-26,0,0,0
2015-12-26,0,0,0
2015-12-26,0,0,0
2015-12-26,4,4,0
2015-12-26,0,0,0
2015-12-26,5,1,4
2015-12-26,11,5,6
2015-12-26,9,6,3
2015-12-26,2,0,2
2015-12-26,0,0,0
2015-12-26,12,7,5
2015-12-26,3,3,0
2015-12-26,1,0,1
2015-12-26,1,0,1
2015-12-26,1,0,1
2015-12-26,0,0,0
2015-12-26,2,1,1
2015-12-27,0,0,0
2015-12-27,0,0,0
2015-12-27,0,0,0
2015-12-27,0,0,0
2015-12-27,0,0,0
2015-12-27,0,0,0
2015-12-27,0,0,0
2015-12-27,0,0,0
2015-12-27,1,1,0
2015-12-27,2,0,2
2015-12-27,1,1,0
2015-12-27,3,2,1
2015-12-27,3,2,1
2015-12-27,0,0,0
2015-12-27,0,0,0
2015-12-27,0,0,0
2015-12-27,1,1,0
2015-12-27,2,1,1
2015-12-27,1,1,0
2015-12-27,0,0,0
2015-12-27,0,0,0
2015-12-27,0,0,0
2015-12-27,1,0,1
2015-12-27,0,0,0
2015-12-28,0,0,0
2015-12-28,0,0,0
2015-12-28,0,0,0
2015-12-28,0,0,0
2015-12-28,0,0,0
2015-12-28,2,0,2
2015-12-28,1,0,1
2015-12-28,2,1,1
2015-12-28,4,3,1
2015-12-28,8,5,3
2015-12-28,3,1,2
2015-12-28,11,4,7
2015-12-28,6,6,0
2015-12-28,10,5,5
2015-12-28,7,6,1
2015-12-28,9,5,4
2015-12-28,8,3,5
2015-12-28,2,0,2
2015-12-28,8,5,3
2015-12-28,3,1,2
2015-12-28,2,2,0
2015-12-28,1,1,0
2015-12-28,0,0,0
2015-12-28,1,1,0
2015-12-29,0,0,0
2015-12-29,0,0,0
2015-12-29,0,0,0
2015-12-29,0,0,0
2015-12-29,0,0,0
2015-12-29,1,0,1
2015-12-29,3,0,3
2015-12-29,1,1,0
2015-12-29,3,1,2
2015-12-29,6,3,3
2015-12-29,3,2,1
2015-12-29,6,1,5
2015-12-29,6,4,2
2015-12-29,6,4,2
2015-12-29,1,0,1
2015-12-29,2,2,0
2015-12-29,7,4,3
2015-12-29,13,6,7
2015-12-29,8,4,4
2015-12-29,5,4,1
2015-12-29,4,2,2
2015-12-29,1,1,0
2015-12-29,4,0,4
2015-12-29,0,0,0
2015-12-30,0,0,0
2015-12-30,0,0,0
2015-12-30,0,0,0
2015-12-30,0,0,0
2015-12-30,0,0,0
2015-12-30,0,0,0
2015-12-30,2,0,2
2015-12-30,1,0,1
2015-12-30,6,5,1
2015-12-30,4,3,1
2015-12-30,2,2,0
2015-12-30,4,1,3
2015-12-30,3,2,1
2015-12-30,3,2,1
2015-12-30,9,6,3
2015-12-30,4,2,2
2015-12-30,4,2,2
2015-12-30,11,7,4
2015-12-30,9,6,3
2015-12-30,3,1,2
2015-12-30,3,2,1
2015-12-30,1,1,0
2015-12-30,0,0,0
2015-12-30,2,1,1
2015-12-31,1,0,1
2015-12-31,0,0,0
2015-12-31,0,0,0
2015-12-31,0,0,0
2015-12-31,0,0,0
2015-12-31,0,0,0
2015-12-31,2,0,2
2015-12-31,2,0,2
2015-12-31,4,4,0
2015-12-31,2,1,1
2015-12-31,0,0,0
2015-12-31,5,1,4
2015-12-31,4,3,1
2015-12-31,7,3,4
2015-12-31,8,5,3
2015-12-31,6,4,2
2015-12-31,7,4,3
2015-12-31,1,0,1
2015-12-31,0,0,0
2015-12-31,2,2,0
2015-12-31,0,0,0
2015-12-31,3,0,3
2015-12-31,2,2,0
2015-12-31,0,0,0
2016-01-01,0,0,0
2016-01-01,0,0,0
2016-01-01,1,0,1
2016-01-01,0,0,0
2016-01-01,0,0,0
2016-01-01,0,0,0
2016-01-01,0,0,0
2016-01-01,1,0,1
2016-01-01,0,0,0
2016-01-01,0,0,0
2016-01-01,2,0,2
2016-01-01,7,0,7
2016-01-01,1,0,1
2016-01-01,14,7,7
2016-01-01,9,2,7
2016-01-01,12,5,7
2016-01-01,4,4,0
2016-01-01,4,1,3
2016-01-01,3,0,3
2016-01-01,2,0,2
2016-01-01,0,0,0
2016-01-01,1,0,1
2016-01-01,0,0,0
2016-01-01,1,0,1
2016-01-02,0,0,0
2016-01-02,0,0,0
2016-01-02,0,0,0
2016-01-02,0,0,0
2016-01-02,0,0,0
2016-01-02,0,0,0
2016-01-02,1,0,1
2016-01-02,0,0,0
2016-01-02,1,0,1
2016-01-02,4,1,3
2016-01-02,1,0,1
2016-01-02,5,2,3
2016-01-02,8,4,4
2016-01-02,8,4,4
2016-01-02,9,3,6
2016-01-02,10,5,5
2016-01-02,7,6,1
2016-01-02,2,2,0
2016-01-02,2,1,1
2016-01-02,3,1,2
2016-01-02,2,1,1
2016-01-02,1,1,0
2016-01-02,0,0,0
2016-01-02,0,0,0
2016-01-03,1,0,1
2016-01-03,0,0,0
2016-01-03,0,0,0
2016-01-03,0,0,0
2016-01-03,0,0,0
2016-01-03,1,0,1
2016-01-03,1,1,0
2016-01-03,1,0,1
2016-01-03,0,0,0
2016-01-03,0,0,0
2016-01-03,8,4,4
2016-01-03,11,10,1
2016-01-03,9,3,6
2016-01-03,2,2,0
2016-01-03,3,0,3
2016-01-03,3,1,2
2016-01-03,8,4,4
2016-01-03,2,0,2
2016-01-03,0,0,0
2016-01-03,0,0,0
2016-01-03,0,0,0
2016-01-03,0,0,0
2016-01-03,0,0,0
2016-01-03,0,0,0
2016-01-04,0,0,0
2016-01-04,1,0,1
2016-01-04,0,0,0
2016-01-04,0,0,0
2016-01-04,0,0,0
2016-01-04,1,0,1
2016-01-04,4,1,3
2016-01-04,2,1,1
2016-01-04,7,4,3
2016-01-04,7,5,2
2016-01-04,1,0,1
2016-01-04,4,1,3
2016-01-04,0,0,0
2016-01-04,5,3,2
2016-01-04,1,0,1
2016-01-04,1,1,0
2016-01-04,10,6,4
2016-01-04,8,4,4
2016-01-04,2,1,1
2016-01-04,4,1,3
2016-01-04,3,3,0
2016-01-04,0,0,0
2016-01-04,2,0,2
2016-01-04,0,0,0
2016-01-05,0,0,0
2016-01-05,3,1,2
2016-01-05,0,0,0
2016-01-05,0,0,0
2016-01-05,0,0,0
2016-01-05,2,0,2
2016-01-05,3,1,2
2016-01-05,6,4,2
2016-01-05,2,0,2
2016-01-05,7,4,3
2016-01-05,5,1,4
2016-01-05,4,1,3
2016-01-05,5,3,2
2016-01-05,5,3,2
2016-01-05,3,3,0
2016-01-05,1,0,1
2016-01-05,10,5,5
2016-01-05,4,2,2
2016-01-05,5,1,4
2016-01-05,4,2,2
2016-01-05,2,1,1
2016-01-05,2,1,1
2016-01-05,4,1,3
2016-01-05,2,1,1
2016-01-06,0,0,0
2016-01-06,0,0,0
2016-01-06,0,0,0
2016-01-06,0,0,0
2016-01-06,0,0,0
2016-01-06,1,0,1
2016-01-06,4,1,3
2016-01-06,7,4,3
2016-01-06,4,3,1
2016-01-06,10,5,5
2016-01-06,6,1,5
2016-01-06,6,4,2
2016-01-06,4,2,2
2016-01-06,11,7,4
2016-01-06,10,5,5
2016-01-06,6,4,2
2016-01-06,6,4,2
2016-01-06,7,6,1
2016-01-06,9,3,6
2016-01-06,2,0,2
2016-01-06,2,1,1
2016-01-06,3,3,0
2016-01-06,1,0,1
2016-01-06,3,1,2
2016-01-07,1,1,0
2016-01-07,0,0,0
2016-01-07,0,0,0
2016-01-07,0,0,0
2016-01-07,0,0,0
2016-01-07,0,0,0
2016-01-07,3,0,3
2016-01-07,4,3,1
2016-01-07,2,0,2
2016-01-07,6,3,3
2016-01-07,1,0,1
2016-01-07,5,3,2
2016-01-07,1,1,0
2016-01-07,1,0,1
2016-01-07,7,5,2
2016-01-07,6,5,1
2016-01-07,6,4,2
2016-01-07,9,3,6
2016-01-07,10,6,4
2016-01-07,2,0,2
2016-01-07,4,4,0
2016-01-07,4,1,3
2016-01-07,3,2,1
2016-01-07,3,2,1
2016-01-08,1,1,0
2016-01-08,0,0,0
2016-01-08,1,1,0
2016-01-08,1,0,1
2016-01-08,2,2,0
2016-01-08,0,0,0
2016-01-08,0,0,0
2016-01-08,3,2,1
2016-01-08,10,6,4
2016-01-08,7,5,2
2016-01-08,7,3,4
2016-01-08,6,2,4
2016-01-08,6,2,4
2016-01-08,3,2,1
2016-01-08,4,2,2
2016-01-08,6,3,3
2016-01-08,3,3,0
2016-01-08,9,4,5
2016-01-08,3,1,2
2016-01-08,10,2,8
2016-01-08,2,2,0
2016-01-08,2,2,0
2016-01-08,1,0,1
2016-01-08,1,0,1
2016-01-09,3,2,1
2016-01-09,0,0,0
2016-01-09,0,0,0
2016-01-09,2,1,1
2016-01-09,0,0,0
2016-01-09,0,0,0
2016-01-09,4,2,2
2016-01-09,1,1,0
2016-01-09,1,0,1
2016-01-09,8,7,1
2016-01-09,7,1,6
2016-01-09,11,7,4
2016-01-09,7,4,3
2016-01-09,9,1,8
2016-01-09,3,0,3
2016-01-09,8,6,2
2016-01-09,7,5,2
2016-01-09,3,3,0
2016-01-09,1,0,1
2016-01-09,0,0,0
2016-01-09,1,0,1
2016-01-09,0,0,0
2016-01-09,0,0,0
2016-01-09,0,0,0
2016-01-10,0,0,0
2016-01-10,0,0,0
2016-01-10,0,0,0
2016-01-10,0,0,0
2016-01-10,0,0,0
2016-01-10,1,1,0
2016-01-10,1,0,1
2016-01-10,0,0,0
2016-01-10,4,2,2
2016-01-10,5,0,5
2016-01-10,6,2,4
2016-01-10,6,5,1
2016-01-10,16,6,10
2016-01-10,2,1,1
2016-01-10,12,7,5
2016-01-10,13,5,8
2016-01-10,4,2,2
2016-01-10,2,2,0
2016-01-10,4,1,3
2016-01-10,1,1,0
2016-01-10,1,1,0
2016-01-10,0,0,0
2016-01-10,0,0,0
2016-01-10,0,0,0
2016-01-11,0,0,0
2016-01-11,0,0,0
2016-01-11,0,0,0
2016-01-11,2,1,1
2016-01-11,0,0,0
2016-01-11,0,0,0
2016-01-11,1,0,1
2016-01-11,4,3,1
2016-01-11,9,2,7
2016-01-11,11,5,6
2016-01-11,2,0,2
2016-01-11,0,0,0
2016-01-11,2,0,2
2016-01-11,1,0,1
2016-01-11,5,3,2
2016-01-11,5,3,2
2016-01-11,12,9,3
2016-01-11,16,10,6
2016-01-11,10,4,6
2016-01-11,6,3,3
2016-01-11,2,2,0
2016-01-11,2,1,1
2016-01-11,3,2,1
2016-01-11,1,0,1
2016-01-12,0,0,0
2016-01-12,0,0,0
2016-01-12,0,0,0
2016-01-12,2,1,1
2016-01-12,0,0,0
2016-01-12,2,0,2
2016-01-12,2,1,1
2016-01-12,8,5,3
2016-01-12,11,6,5
2016-01-12,7,4,3
2016-01-12,3,0,3
2016-01-12,5,2,3
2016-01-12,1,0,1
2016-01-12,6,3,3
2016-01-12,3,0,3
2016-01-12,3,1,2
2016-01-12,4,2,2
2016-01-12,7,3,4
2016-01-12,11,6,5
2016-01-12,5,3,2
2016-01-12,3,1,2
2016-01-12,2,1,1
2016-01-12,1,1,0
2016-01-12,0,0,0
2016-01-13,0,0,0
2016-01-13,0,0,0
2016-01-13,0,0,0
2016-01-13,0,0,0
2016-01-13,0,0,0
2016-01-13,0,0,0
2016-01-13,2,0,2
2016-01-13,3,3,0
2016-01-13,4,3,1
2016-01-13,4,2,2
2016-01-13,5,2,3
2016-01-13,2,0,2
2016-01-13,3,1,2
2016-01-13,0,0,0
2016-01-13,3,1,2
2016-01-13,6,6,0
2016-01-13,4,4,0
2016-01-13,1,1,0
2016-01-13,4,1,3
2016-01-13,5,1,4
2016-01-13,2,0,2
2016-01-13,3,1,2
2016-01-13,1,1,0
2016-01-13,2,0,2
2016-01-14,1,0,1
2016-01-14,0,0,0
2016-01-14,0,0,0
2016-01-14,0,0,0
2016-01-14,0,0,0
2016-01-14,2,1,1
2016-01-14,3,0,3
2016-01-14,3,2,1
2016-01-14,6,3,3
2016-01-14,9,9,0
2016-01-14,3,1,2
2016-01-14,6,1,5
2016-01-14,9,6,3
2016-01-14,10,4,6
2016-01-14,5,4,1
2016-01-14,3,2,1
2016-01-14,8,4,4
2016-01-14,10,5,5
2016-01-14,12,3,9
2016-01-14,10,8,2
2016-01-14,1,0,1
2016-01-14,4,3,1
2016-01-14,1,0,1
2016-01-14,2,1,1
2016-01-15,0,0,0
2016-01-15,0,0,0
2016-01-15,0,0,0
2016-01-15,2,1,1
2016-01-15,0,0,0
2016-01-15,0,0,0
2016-01-15,3,0,3
2016-01-15,2,0,2
2016-01-15,5,5,0
2016-01-15,5,4,1
2016-01-15,1,0,1
2016-01-15,4,2,2
2016-01-15,3,2,1
2016-01-15,8,3,5
2016-01-15,5,3,2
2016-01-15,10,3,7
2016-01-15,9,6,3
2016-01-15,8,4,4
2016-01-15,11,6,5
2016-01-15,3,1,2
2016-01-15,5,2,3
2016-01-15,1,1,0
2016-01-15,1,0,1
2016-01-15,3,1,2
2016-01-16,0,0,0
2016-01-16,0,0,0
2016-01-16,0,0,0
2016-01-16,0,0,0
2016-01-16,0,0,0
2016-01-16,0,0,0
2016-01-16,0,0,0
2016-01-16,1,1,0
2016-01-16,2,1,1
2016-01-16,2,0,2
2016-01-16,2,1,1
2016-01-16,3,1,2
2016-01-16,5,2,3
2016-01-16,12,8,4
2016-01-16,9,5,4
2016-01-16,3,2,1
2016-01-16,1,1,0
2016-01-16,2,2,0
2016-01-16,5,3,2
2016-01-16,0,0,0
2016-01-16,0,0,0
2016-01-16,1,1,0
2016-01-16,2,1,1
2016-01-16,0,0,0
2016-01-17,2,2,0
2016-01-17,2,0,2
2016-01-17,1,1,0
2016-01-17,0,0,0
2016-01-17,0,0,0
2016-01-17,0,0,0
2016-01-17,1,0,1
2016-01-17,0,0,0
2016-01-17,0,0,0
2016-01-17,3,1,2
2016-01-17,3,2,1
2016-01-17,1,1,0
2016-01-17,1,1,0
2016-01-17,2,0,2
2016-01-17,2,0,2
2016-01-17,3,3,0
2016-01-17,3,0,3
2016-01-17,1,1,0
2016-01-17,3,2,1
2016-01-17,1,1,0
2016-01-17,0,0,0
2016-01-17,3,2,1
2016-01-17,0,0,0
2016-01-17,2,1,1
2016-01-18,0,0,0
2016-01-18,0,0,0
2016-01-18,1,0,1
2016-01-18,0,0,0
2016-01-18,1,0,1
2016-01-18,0,0,0
2016-01-18,1,0,1
2016-01-18,7,4,3
2016-01-18,9,5,4
2016-01-18,4,1,3
2016-01-18,12,5,7
2016-01-18,9,2,7
2016-01-18,5,3,2
2016-01-18,13,5,8
2016-01-18,6,4,2
2016-01-18,15,12,3
2016-01-18,5,4,1
2016-01-18,5,5,0
2016-01-18,7,2,5
2016-01-18,5,4,1
2016-01-18,0,0,0
2016-01-18,2,1,1
2016-01-18,0,0,0
2016-01-18,2,1,1
2016-01-19,0,0,0
2016-01-19,1,0,1
2016-01-19,0,0,0
2016-01-19,2,1,1
2016-01-19,0,0,0
2016-01-19,0,0,0
2016-01-19,4,1,3
2016-01-19,5,5,0
2016-01-19,6,3,3
2016-01-19,8,3,5
2016-01-19,5,1,4
2016-01-19,2,1,1
2016-01-19,11,6,5
2016-01-19,4,2,2
2016-01-19,4,4,0
2016-01-19,2,1,1
2016-01-19,3,2,1
2016-01-19,6,4,2
2016-01-19,9,6,3
2016-01-19,7,3,4
2016-01-19,1,0,1
2016-01-19,3,3,0
2016-01-19,0,0,0
2016-01-19,1,0,1
2016-01-20,0,0,0
2016-01-20,1,1,0
2016-01-20,0,0,0
2016-01-20,0,0,0
2016-01-20,0,0,0
2016-01-20,1,0,1
2016-01-20,3,1,2
2016-01-20,7,6,1
2016-01-20,6,4,2
2016-01-20,9,3,6
2016-01-20,2,1,1
2016-01-20,7,1,6
2016-01-20,8,5,3
2016-01-20,8,6,2
2016-01-20,6,3,3
2016-01-20,6,4,2
2016-01-20,7,6,1
2016-01-20,4,4,0
2016-01-20,5,1,4
2016-01-20,8,3,5
2016-01-20,4,2,2
2016-01-20,2,1,1
2016-01-20,3,3,0
2016-01-20,0,0,0
2016-01-21,0,0,0
2016-01-21,2,2,0
2016-01-21,0,0,0
2016-01-21,0,0,0
2016-01-21,0,0,0
2016-01-21,2,1,1
2016-01-21,2,0,2
2016-01-21,5,4,1
2016-01-21,3,2,1
2016-01-21,2,1,1
2016-01-21,0,0,0
2016-01-21,2,0,2
2016-01-21,0,0,0
2016-01-21,4,2,2
2016-01-21,2,2,0
2016-01-21,9,5,4
2016-01-21,2,1,1
2016-01-21,2,1,1
2016-01-21,5,1,4
2016-01-21,1,1,0
2016-01-21,0,0,0
2016-01-21,2,2,0
2016-01-21,1,0,1
2016-01-21,1,0,1
2016-01-22,2,1,1
2016-01-22,0,0,0
2016-01-22,1,0,1
2016-01-22,0,0,0
2016-01-22,3,2,1
2016-01-22,1,0,1
2016-01-22,2,1,1
2016-01-22,6,4,2
2016-01-22,4,0,4
2016-01-22,4,3,1
2016-01-22,2,1,1
2016-01-22,12,3,9
2016-01-22,10,6,4
2016-01-22,7,4,3
2016-01-22,6,3,3
2016-01-22,8,4,4
2016-01-22,9,3,6
2016-01-22,12,8,4
2016-01-22,10,4,6
2016-01-22,2,1,1
2016-01-22,1,0,1
2016-01-22,3,2,1
2016-01-22,2,0,2
2016-01-22,1,0,1
2016-01-23,1,1,0
2016-01-23,0,0,0
2016-01-23,1,0,1
2016-01-23,2,1,1
2016-01-23,0,0,0
2016-01-23,0,0,0
2016-01-23,0,0,0
2016-01-23,1,1,0
2016-01-23,1,0,1
2016-01-23,1,0,1
2016-01-23,4,1,3
2016-01-23,4,0,4
2016-01-23,6,3,3
2016-01-23,3,2,1
2016-01-23,1,1,0
2016-01-23,6,1,5
2016-01-23,4,2,2
2016-01-23,0,0,0
2016-01-23,1,0,1
2016-01-23,1,1,0
2016-01-23,0,0,0
2016-01-23,3,1,2
2016-01-23,1,1,0
2016-01-23,1,0,1
2016-01-24,2,1,1
2016-01-24,0,0,0
2016-01-24,0,0,0
2016-01-24,1,1,0
2016-01-24,2,1,1
2016-01-24,0,0,0
2016-01-24,1,0,1
2016-01-24,1,1,0
2016-01-24,2,0,2
2016-01-24,6,3,3
2016-01-24,11,4,7
2016-01-24,14,6,8
2016-01-24,15,11,4
2016-01-24,17,9,8
2016-01-24,11,5,6
2016-01-24,5,1,4
2016-01-24,21,12,9
2016-01-24,5,5,0
2016-01-24,5,3,2
2016-01-24,1,1,0
2016-01-24,1,1,0
2016-01-24,0,0,0
2016-01-24,2,0,2
2016-01-24,1,0,1
2016-01-25,0,0,0
2016-01-25,0,0,0
2016-01-25,0,0,0
2016-01-25,0,0,0
2016-01-25,2,1,1
2016-01-25,1,0,1
2016-01-25,5,2,3
2016-01-25,7,5,2
2016-01-25,9,5,4
2016-01-25,5,3,2
2016-01-25,3,1,2
2016-01-25,3,0,3
2016-01-25,12,8,4
2016-01-25,5,3,2
2016-01-25,8,3,5
2016-01-25,8,5,3
2016-01-25,19,16,3
2016-01-25,7,5,2
2016-01-25,12,4,8
2016-01-25,3,3,0
2016-01-25,3,3,0
2016-01-25,3,2,1
2016-01-25,4,2,2
2016-01-25,2,0,2
2016-01-26,2,0,2
2016-01-26,1,1,0
2016-01-26,0,0,0
2016-01-26,0,0,0
2016-01-26,1,1,0
2016-01-26,1,0,1
2016-01-26,2,0,2
2016-01-26,7,6,1
2016-01-26,7,3,4
2016-01-26,5,3,2
2016-01-26,4,1,3
2016-01-26,5,3,2
2016-01-26,5,0,5
2016-01-26,2,1,1
2016-01-26,3,3,0
2016-01-26,5,1,4
2016-01-26,5,2,3
2016-01-26,8,6,2
2016-01-26,8,5,3
2016-01-26,4,2,2
2016-01-26,0,0,0
2016-01-26,1,0,1
2016-01-26,3,3,0
2016-01-26,1,1,0
2016-01-27,0,0,0
2016-01-27,0,0,0
2016-01-27,1,0,1
2016-01-27,0,0,0
2016-01-27,1,0,1
2016-01-27,1,0,1
2016-01-27,4,1,3
2016-01-27,9,5,4
2016-01-27,6,4,2
2016-01-27,8,6,2
2016-01-27,4,1,3
2016-01-27,1,0,1
2016-01-27,4,1,3
2016-01-27,6,4,2
2016-01-27,8,4,4
2016-01-27,1,1,0
2016-01-27,12,6,6
2016-01-27,4,4,0
2016-01-27,6,1,5
2016-01-27,4,3,1
2016-01-27,3,3,0
2016-01-27,1,0,1
2016-01-27,0,0,0
2016-01-27,1,0,1
2016-01-28,0,0,0
2016-01-28,0,0,0
2016-01-28,0,0,0
2016-01-28,1,1,0
2016-01-28,1,0,1
2016-01-28,1,0,1
2016-01-28,4,1,3
2016-01-28,5,4,1
2016-01-28,0,0,0
2016-01-28,4,2,2
2016-01-28,2,1,1
2016-01-28,4,2,2
2016-01-28,5,5,0
2016-01-28,5,3,2
2016-01-28,4,2,2
2016-01-28,13,6,7
2016-01-28,8,4,4
2016-01-28,4,2,2
2016-01-28,3,1,2
2016-01-28,7,5,2
2016-01-28,6,2,4
2016-01-28,2,2,0
2016-01-28,1,0,1
2016-01-28,3,0,3
2016-01-29,0,0,0
2016-01-29,1,0,1
2016-01-29,0,0,0
2016-01-29,0,0,0
2016-01-29,0,0,0
2016-01-29,2,1,1
2016-01-29,4,0,4
2016-01-29,8,3,5
2016-01-29,4,2,2
2016-01-29,3,3,0
2016-01-29,0,0,0
2016-01-29,1,0,1
2016-01-29,4,3,1
2016-01-29,10,5,5
2016-01-29,3,1,2
2016-01-29,7,4,3
2016-01-29,10,8,2
2016-01-29,6,5,1
2016-01-29,4,2,2
2016-01-29,6,5,1
2016-01-29,2,1,1
2016-01-29,2,2,0
2016-01-29,3,0,3
2016-01-29,3,0,3
2016-01-30,4,3,1
2016-01-30,1,0,1
2016-01-30,0,0,0
2016-01-30,2,1,1
2016-01-30,0,0,0
2016-01-30,0,0,0
2016-01-30,0,0,0
2016-01-30,1,1,0
2016-01-30,3,2,1
2016-01-30,6,3,3
2016-01-30,7,2,5
2016-01-30,6,0,6
2016-01-30,12,9,3
2016-01-30,14,9,5
2016-01-30,13,7,6
2016-01-30,9,5,4
2016-01-30,17,9,8
2016-01-30,4,4,0
2016-01-30,5,2,3
2016-01-30,1,1,0
2016-01-30,2,2,0
2016-01-30,3,1,2
2016-01-30,0,0,0
2016-01-30,4,2,2
2016-01-31,3,1,2
2016-01-31,1,0,1
2016-01-31,0,0,0
2016-01-31,0,0,0
2016-01-31,1,1,0
2016-01-31,1,1,0
2016-01-31,1,0,1
2016-01-31,0,0,0
2016-01-31,5,1,4
2016-01-31,3,2,1
2016-01-31,7,2,5
2016-01-31,5,4,1
2016-01-31,27,24,3
2016-01-31,8,3,5
2016-01-31,8,3,5
2016-01-31,6,3,3
2016-01-31,8,2,6
2016-01-31,4,1,3
2016-01-31,1,0,1
2016-01-31,0,0,0
2016-01-31,1,0,1
2016-01-31,0,0,0
2016-01-31,0,0,0
2016-01-31,1,0,1
2016-02-01,1,1,0
2016-02-01,1,0,1
2016-02-01,0,0,0
2016-02-01,0,0,0
2016-02-01,2,1,1
2016-02-01,1,0,1
2016-02-01,3,0,3
2016-02-01,8,5,3
2016-02-01,11,6,5
2016-02-01,10,6,4
2016-02-01,,,
2016-02-01,6,3,3
2016-02-01,10,6,4
2016-02-01,9,7,2
2016-02-01,3,2,1
2016-02-01,6,3,3
2016-02-01,10,8,2
2016-02-01,16,8,8
2016-02-01,8,3,5
2016-02-01,5,2,3
2016-02-01,0,0,0
2016-02-01,1,0,1
2016-02-01,0,0,0
2016-02-01,0,0,0
2016-02-02,1,1,0
2016-02-02,1,0,1
2016-02-02,1,1,0
2016-02-02,0,0,0
2016-02-02,0,0,0
2016-02-02,1,0,1
2016-02-02,1,0,1
2016-02-02,5,3,2
2016-02-02,9,4,5
2016-02-02,6,2,4
2016-02-02,6,2,4
2016-02-02,6,1,5
2016-02-02,9,3,6
2016-02-02,3,1,2
2016-02-02,4,4,0
2016-02-02,6,4,2
2016-02-02,11,9,2
2016-02-02,9,5,4
2016-02-02,10,3,7
2016-02-02,10,5,5
2016-02-02,4,2,2
2016-02-02,4,4,0
2016-02-02,3,1,2
2016-02-02,1,0,1
2016-02-03,1,1,0
2016-02-03,4,2,2
2016-02-03,0,0,0
2016-02-03,1,1,0
2016-02-03,0,0,0
2016-02-03,1,0,1
2016-02-03,3,0,3
2016-02-03,5,3,2
2016-02-03,7,5,2
2016-02-03,4,1,3
2016-02-03,4,1,3
2016-02-03,2,1,1
2016-02-03,1,0,1
2016-02-03,3,1,2
2016-02-03,5,3,2
2016-02-03,1,0,1
2016-02-03,6,4,2
2016-02-03,3,2,1
2016-02-03,8,5,3
2016-02-03,5,3,2
2016-02-03,4,3,1
2016-02-03,4,2,2
2016-02-03,0,0,0
2016-02-03,0,0,0
2016-02-04,0,0,0
2016-02-04,0,0,0
2016-02-04,0,0,0
2016-02-04,1,1,0
2016-02-04,0,0,0
2016-02-04,0,0,0
2016-02-04,2,0,2
2016-02-04,8,5,3
2016-02-04,7,5,2
2016-02-04,8,3,5
2016-02-04,3,1,2
2016-02-04,5,3,2
2016-02-04,1,0,1
2016-02-04,3,1,2
2016-02-04,3,2,1
2016-02-04,0,0,0
2016-02-04,14,9,5
2016-02-04,4,3,1
2016-02-04,5,0,5
2016-02-04,3,2,1
2016-02-04,1,1,0
2016-02-04,2,1,1
2016-02-04,0,0,0
2016-02-04,2,1,1
2016-02-05,0,0,0
2016-02-05,0,0,0
2016-02-05,0,0,0
2016-02-05,0,0,0
2016-02-05,0,0,0
2016-02-05,1,0,1
2016-02-05,3,2,1
2016-02-05,7,3,4
2016-02-05,6,1,5
2016-02-05,4,2,2
2016-02-05,4,2,2
2016-02-05,9,6,3
2016-02-05,4,2,2
2016-02-05,6,1,5
2016-02-05,6,4,2
2016-02-05,8,4,4
2016-02-05,12,8,4
2016-02-05,4,0,4
2016-02-05,5,3,2
2016-02-05,2,1,1
2016-02-05,0,0,0
2016-02-05,1,1,0
2016-02-05,2,2,0
2016-02-05,0,0,0
2016-02-06,1,1,0
2016-02-06,0,0,0
2016-02-06,0,0,0
2016-02-06,0,0,0
2016-02-06,0,0,0
2016-02-06,0,0,0
2016-02-06,2,0,2
2016-02-06,0,0,0
2016-02-06,0,0,0
2016-02-06,4,0,4
2016-02-06,11,5,6
2016-02-06,9,2,7
2016-02-06,18,13,5
2016-02-06,9,3,6
2016-02-06,3,2,1
2016-02-06,10,5,5
2016-02-06,15,7,8
2016-02-06,2,0,2
2016-02-06,5,1,4
2016-02-06,2,0,2
2016-02-06,2,0,2
2016-02-06,4,3,1
2016-02-06,3,2,1
2016-02-06,2,0,2
2016-02-07,0,0,0
2016-02-07,0,0,0
2016-02-07,1,0,1
2016-02-07,0,0,0
2016-02-07,0,0,0
2016-02-07,0,0,0
2016-02-07,1,0,1
2016-02-07,0,0,0
2016-02-07,3,0,3
2016-02-07,4,3,1
2016-02-07,12,7,5
2016-02-07,10,2,8
2016-02-07,20,12,8
2016-02-07,8,4,4
2016-02-07,19,11,8
2016-02-07,23,14,9
2016-02-07,5,1,4
2016-02-07,5,3,2
2016-02-07,2,1,1
2016-02-07,4,4,0
2016-02-07,3,0,3
2016-02-07,0,0,0
2016-02-07,0,0,0
2016-02-07,2,2,0
2016-02-08,0,0,0
2016-02-08,1,0,1
2016-02-08,0,0,0
2016-02-08,0,0,0
2016-02-08,1,1,0
2016-02-08,1,0,1
2016-02-08,2,0,2
2016-02-08,10,7,3
2016-02-08,10,5,5
2016-02-08,7,4,3
2016-02-08,7,3,4
2016-02-08,4,2,2
2016-02-08,5,3,2
2016-02-08,9,3,6
2016-02-08,7,5,2
2016-02-08,9,5,4
2016-02-08,15,6,9
2016-02-08,20,11,9
2016-02-08,10,6,4
2016-02-08,5,3,2
2016-02-08,1,0,1
2016-02-08,1,1,0
2016-02-08,2,1,1
2016-02-08,0,0,0
2016-02-09,1,1,0
2016-02-09,2,0,2
2016-02-09,0,0,0
2016-02-09,0,0,0
2016-02-09,0,0,0
2016-02-09,1,0,1
2016-02-09,2,1,1
2016-02-09,6,5,1
2016-02-09,8,2,6
2016-02-09,9,4,5
2016-02-09,5,2,3
2016-02-09,2,0,2
2016-02-09,10,5,5
2016-02-09,6,3,3
2016-02-09,7,3,4
2016-02-09,15,9,6
2016-02-09,18,12,6
2016-02-09,13,9,4
2016-02-09,13,6,7
2016-02-09,7,3,4
2016-02-09,4,2,2
2016-02-09,4,4,0
2016-02-09,1,0,1
2016-02-09,0,0,0
2016-02-10,1,0,1
2016-02-10,0,0,0
2016-02-10,0,0,0
2016-02-10,0,0,0
2016-02-10,0,0,0
2016-02-10,3,1,2
2016-02-10,3,0,3
2016-02-10,9,7,2
2016-02-10,8,3,5
2016-02-10,5,2,3
2016-02-10,8,2,6
2016-02-10,0,0,0
2016-02-10,2,1,1
2016-02-10,7,3,4
2016-02-10,4,3,1
2016-02-10,6,3,3
2016-02-10,8,5,3
2016-02-10,5,3,2
2016-02-10,7,3,4
2016-02-10,10,4,6
2016-02-10,3,2,1
2016-02-10,2,2,0
2016-02-10,1,1,0
2016-02-10,1,0,1
2016-02-11,1,0,1
2016-02-11,0,0,0
2016-02-11,0,0,0
2016-02-11,0,0,0
2016-02-11,0,0,0
2016-02-11,1,0,1
2016-02-11,1,0,1
2016-02-11,6,4,2
2016-02-11,3,2,1
2016-02-11,7,4,3
2016-02-11,11,4,7
2016-02-11,1,0,1
2016-02-11,1,1,0
2016-02-11,6,3,3
2016-02-11,5,3,2
2016-02-11,5,2,3
2016-02-11,4,4,0
2016-02-11,9,5,4
2016-02-11,7,0,7
2016-02-11,6,3,3
2016-02-11,3,3,0
2016-02-11,3,2,1
2016-02-11,0,0,0
2016-02-11,0,0,0
2016-02-12,0,0,0
2016-02-12,0,0,0
2016-02-12,0,0,0
2016-02-12,0,0,0
2016-02-12,0,0,0
2016-02-12,1,0,1
2016-02-12,1,0,1
2016-02-12,6,3,3
2016-02-12,4,2,2
2016-02-12,2,2,0
2016-02-12,1,0,1
2016-02-12,1,0,1
2016-02-12,2,2,0
2016-02-12,5,2,3
2016-02-12,9,3,6
2016-02-12,8,1,7
2016-02-12,9,7,2
2016-02-12,8,3,5
2016-02-12,6,4,2
2016-02-12,5,3,2
2016-02-12,7,3,4
2016-02-12,1,0,1
2016-02-12,1,1,0
2016-02-12,1,1,0
2016-02-13,0,0,0
2016-02-13,1,0,1
2016-02-13,0,0,0
2016-02-13,0,0,0
2016-02-13,0,0,0
2016-02-13,1,1,0
2016-02-13,1,0,1
2016-02-13,0,0,0
2016-02-13,2,0,2
2016-02-13,3,0,3
2016-02-13,6,3,3
2016-02-13,7,4,3
2016-02-13,6,4,2
2016-02-13,7,6,1
2016-02-13,3,3,0
2016-02-13,2,1,1
2016-02-13,2,1,1
2016-02-13,3,2,1
2016-02-13,6,2,4
2016-02-13,1,1,0
2016-02-13,3,2,1
2016-02-13,1,0,1
2016-02-13,0,0,0
2016-02-13,2,2,0
2016-02-14,1,1,0
2016-02-14,0,0,0
2016-02-14,0,0,0
2016-02-14,0,0,0
2016-02-14,0,0,0
2016-02-14,0,0,0
2016-02-14,0,0,0
2016-02-14,2,1,1
2016-02-14,1,0,1
2016-02-14,4,1,3
2016-02-14,6,5,1
2016-02-14,6,0,6
2016-02-14,6,2,4
2016-02-14,4,1,3
2016-02-14,4,2,2
2016-02-14,7,2,5
2016-02-14,2,0,2
2016-02-14,1,1,0
2016-02-14,2,1,1
2016-02-14,1,0,1
2016-02-14,3,1,2
2016-02-14,0,0,0
2016-02-14,0,0,0
2016-02-14,1,1,0
2016-02-15,0,0,0
2016-02-15,0,0,0
2016-02-15,0,0,0
2016-02-15,0,0,0
2016-02-15,0,0,0
2016-02-15,0,0,0
2016-02-15,1,0,1
2016-02-15,2,2,0
2016-02-15,3,1,2
2016-02-15,9,3,6
2016-02-15,3,3,0
2016-02-15,5,0,5
2016-02-15,3,2,1
2016-02-15,3,2,1
2016-02-15,1,1,0
2016-02-15,2,0,2
2016-02-15,4,4,0
2016-02-15,5,4,1
2016-02-15,4,1,3
2016-02-15,3,1,2
2016-02-15,1,1,0
2016-02-15,0,0,0
2016-02-15,4,2,2
2016-02-15,0,0,0
2016-02-16,0,0,0
2016-02-16,0,0,0
2016-02-16,0,0,0
2016-02-16,0,0,0
2016-02-16,0,0,0
2016-02-16,0,0,0
2016-02-16,4,1,3
2016-02-16,4,3,1
2016-02-16,9,4,5
2016-02-16,6,3,3
2016-02-16,9,6,3
2016-02-16,2,1,1
2016-02-16,4,1,3
2016-02-16,7,4,3
2016-02-16,2,1,1
2016-02-16,5,4,1
2016-02-16,6,4,2
2016-02-16,16,7,9
2016-02-16,8,5,3
2016-02-16,11,4,7
2016-02-16,3,3,0
2016-02-16,0,0,0
2016-02-16,2,1,1
2016-02-16,0,0,0
2016-02-17,0,0,0
2016-02-17,0,0,0
2016-02-17,0,0,0
2016-02-17,0,0,0
2016-02-17,0,0,0
2016-02-17,0,0,0
2016-02-17,1,0,1
2016-02-17,4,3,1
2016-02-17,12,5,7
2016-02-17,14,8,6
2016-02-17,3,1,2
2016-02-17,3,0,3
2016-02-17,5,3,2
2016-02-17,8,2,6
2016-02-17,1,1,0
2016-02-17,4,2,2
2016-02-17,7,7,0
2016-02-17,8,5,3
2016-02-17,5,3,2
2016-02-17,5,2,3
2016-02-17,2,1,1
2016-02-17,0,0,0
2016-02-17,0,0,0
2016-02-17,1,0,1
2016-02-18,0,0,0
2016-02-18,0,0,0
2016-02-18,0,0,0
2016-02-18,0,0,0
2016-02-18,0,0,0
2016-02-18,0,0,0
2016-02-18,3,1,2
2016-02-18,6,6,0
2016-02-18,5,3,2
2016-02-18,7,4,3
2016-02-18,8,2,6
2016-02-18,0,0,0
2016-02-18,6,5,1
2016-02-18,6,2,4
2016-02-18,8,5,3
2016-02-18,4,2,2
2016-02-18,9,5,4
2016-02-18,9,3,6
2016-02-18,8,3,5
2016-02-18,6,2,4
2016-02-18,4,1,3
2016-02-18,3,3,0
2016-02-18,0,0,0
2016-02-18,0,0,0
2016-02-19,0,0,0
2016-02-19,0,0,0
2016-02-19,0,0,0
2016-02-19,0,0,0
2016-02-19,0,0,0
2016-02-19,0,0,0
2016-02-19,2,1,1
2016-02-19,3,2,1
2016-02-19,4,1,3
2016-02-19,2,1,1
2016-02-19,3,0,3
2016-02-19,2,0,2
2016-02-19,5,4,1
2016-02-19,1,0,1
2016-02-19,3,2,1
2016-02-19,2,1,1
2016-02-19,1,1,0
2016-02-19,4,3,1
2016-02-19,1,0,1
2016-02-19,6,2,4
2016-02-19,1,0,1
2016-02-19,3,3,0
2016-02-19,1,1,0
2016-02-19,0,0,0
2016-02-20,0,0,0
2016-02-20,0,0,0
2016-02-20,0,0,0
2016-02-20,0,0,0
2016-02-20,0,0,0
2016-02-20,0,0,0
2016-02-20,1,0,1
2016-02-20,1,1,0
2016-02-20,1,0,1
2016-02-20,7,4,3
2016-02-20,12,10,2
2016-02-20,13,1,12
2016-02-20,17,10,7
2016-02-20,10,5,5
2016-02-20,10,8,2
2016-02-20,10,7,3
2016-02-20,7,3,4
2016-02-20,6,3,3
2016-02-20,8,5,3
2016-02-20,4,3,1
2016-02-20,8,5,3
2016-02-20,0,0,0
2016-02-20,1,0,1
2016-02-20,1,0,1
2016-02-21,2,0,2
2016-02-21,0,0,0
2016-02-21,0,0,0
2016-02-21,0,0,0
2016-02-21,0,0,0
2016-02-21,0,0,0
2016-02-21,2,0,2
2016-02-21,0,0,0
2016-02-21,5,1,4
2016-02-21,4,2,2
2016-02-21,4,1,3
2016-02-21,7,2,5
2016-02-21,5,5,0
2016-02-21,2,0,2
2016-02-21,12,5,7
2016-02-21,5,2,3
2016-02-21,3,1,2
2016-02-21,8,6,2
2016-02-21,2,1,1
2016-02-21,4,1,3
2016-02-21,3,0,3
2016-02-21,3,3,0
2016-02-21,0,0,0
2016-02-21,3,1,2
2016-02-22,0,0,0
2016-02-22,0,0,0
2016-02-22,0,0,0
2016-02-22,0,0,0
2016-02-22,0,0,0
2016-02-22,1,0,1
2016-02-22,2,0,2
2016-02-22,11,8,3
2016-02-22,7,0,7
2016-02-22,13,7,6
2016-02-22,6,4,2
2016-02-22,1,0,1
2016-02-22,4,3,1
2016-02-22,6,1,5
2016-02-22,6,4,2
2016-02-22,9,3,6
2016-02-22,10,6,4
2016-02-22,7,3,4
2016-02-22,6,2,4
2016-02-22,1,1,0
2016-02-22,2,1,1
2016-02-22,1,1,0
2016-02-22,1,1,0
2016-02-22,2,2,0
2016-02-23,0,0,0
2016-02-23,0,0,0
2016-02-23,0,0,0
2016-02-23,0,0,0
2016-02-23,0,0,0
2016-02-23,1,0,1
2016-02-23,2,0,2
2016-02-23,5,3,2
2016-02-23,13,7,6
2016-02-23,5,3,2
2016-02-23,6,1,5
2016-02-23,7,3,4
2016-02-23,6,3,3
2016-02-23,5,2,3
2016-02-23,5,4,1
2016-02-23,4,3,1
2016-02-23,11,6,5
2016-02-23,7,4,3
2016-02-23,10,3,7
2016-02-23,11,3,8
2016-02-23,2,1,1
2016-02-23,2,2,0
2016-02-23,1,1,0
2016-02-23,0,0,0
2016-02-24,0,0,0
2016-02-24,0,0,0
2016-02-24,0,0,0
2016-02-24,0,0,0
2016-02-24,0,0,0
2016-02-24,1,0,1
2016-02-24,2,0,2
2016-02-24,10,6,4
2016-02-24,10,6,4
2016-02-24,8,4,4
2016-02-24,2,0,2
2016-02-24,5,2,3
2016-02-24,12,4,8
2016-02-24,7,4,3
2016-02-24,5,3,2
2016-02-24,6,2,4
2016-02-24,13,5,8
2016-02-24,9,5,4
2016-02-24,9,5,4
2016-02-24,3,2,1
2016-02-24,1,1,0
2016-02-24,0,0,0
2016-02-24,2,2,0
2016-02-24,0,0,0
2016-02-25,0,0,0
2016-02-25,0,0,0
2016-02-25,2,2,0
2016-02-25,0,0,0
2016-02-25,2,0,2
2016-02-25,1,0,1
2016-02-25,4,2,2
2016-02-25,4,1,3
2016-02-25,5,3,2
2016-02-25,6,5,1
2016-02-25,4,1,3
2016-02-25,7,4,3
2016-02-25,8,2,6
2016-02-25,7,2,5
2016-02-25,13,8,5
2016-02-25,10,3,7
2016-02-25,16,10,6
2016-02-25,19,7,12
2016-02-25,13,5,8
2016-02-25,13,9,4
2016-02-25,2,0,2
2016-02-25,6,4,2
2016-02-25,2,2,0
2016-02-25,0,0,0
2016-02-26,0,0,0
2016-02-26,0,0,0
2016-02-26,0,0,0
2016-02-26,0,0,0
2016-02-26,0,0,0
2016-02-26,1,0,1
2016-02-26,3,0,3
2016-02-26,3,1,2
2016-02-26,6,3,3
2016-02-26,8,5,3
2016-02-26,5,4,1
2016-02-26,9,4,5
2016-02-26,7,3,4
2016-02-26,13,7,6
2016-02-26,1,1,0
2016-02-26,6,4,2
2016-02-26,5,1,4
2016-02-26,3,0,3
2016-02-26,1,1,0
2016-02-26,0,0,0
2016-02-26,0,0,0
2016-02-26,1,1,0
2016-02-26,1,1,0
2016-02-26,0,0,0
2016-02-27,0,0,0
2016-02-27,0,0,0
2016-02-27,0,0,0
2016-02-27,0,0,0
2016-02-27,0,0,0
2016-02-27,0,0,0
2016-02-27,0,0,0
2016-02-27,0,0,0
2016-02-27,2,1,1
2016-02-27,4,0,4
2016-02-27,9,1,8
2016-02-27,40,3,37
2016-02-27,9,6,3
2016-02-27,15,8,7
2016-02-27,12,6,6
2016-02-27,18,9,9
2016-02-27,7,0,7
2016-02-27,15,11,4
2016-02-27,6,5,1
2016-02-27,5,3,2
2016-02-27,1,1,0
2016-02-27,0,0,0
2016-02-27,0,0,0
2016-02-27,0,0,0
2016-02-28,0,0,0
2016-02-28,1,1,0
2016-02-28,2,2,0
2016-02-28,0,0,0
2016-02-28,0,0,0
2016-02-28,0,0,0
2016-02-28,0,0,0
2016-02-28,1,0,1
2016-02-28,3,0,3
2016-02-28,0,0,0
2016-02-28,2,2,0
2016-02-28,8,5,3
2016-02-28,5,2,3
2016-02-28,2,1,1
2016-02-28,2,1,1
2016-02-28,6,3,3
2016-02-28,2,0,2
2016-02-28,5,2,3
2016-02-28,6,5,1
2016-02-28,3,3,0
2016-02-28,1,1,0
2016-02-28,0,0,0
2016-02-28,0,0,0
2016-02-28,0,0,0
2016-02-29,0,0,0
2016-02-29,0,0,0
2016-02-29,0,0,0
2016-02-29,0,0,0
2016-02-29,0,0,0
2016-02-29,2,0,2
2016-02-29,0,0,0
2016-02-29,4,2,2
2016-02-29,9,6,3
2016-02-29,8,6,2
2016-02-29,7,3,4
2016-02-29,4,2,2
2016-02-29,14,4,10
2016-02-29,9,3,6
2016-02-29,13,10,3
2016-02-29,11,8,3
2016-02-29,15,13,2
2016-02-29,9,5,4
2016-02-29,14,6,8
2016-02-29,4,3,1
2016-02-29,5,4,1
2016-02-29,2,0,2
2016-02-29,1,1,0
2016-02-29,0,0,0
2016-03-01,0,0,0
2016-03-01,1,0,1
2016-03-01,2,1,1
2016-03-01,0,0,0
2016-03-01,0,0,0
2016-03-01,1,0,1
2016-03-01,1,0,1
2016-03-01,4,4,0
2016-03-01,4,3,1
2016-03-01,8,5,3
2016-03-01,5,0,5
2016-03-01,3,2,1
2016-03-01,4,0,4
2016-03-01,2,1,1
2016-03-01,1,1,0
2016-03-01,3,3,0
2016-03-01,4,3,1
2016-03-01,6,3,3
2016-03-01,3,3,0
2016-03-01,4,2,2
2016-03-01,4,2,2
2016-03-01,1,1,0
2016-03-01,4,2,2
2016-03-01,0,0,0
2016-03-02,0,0,0
2016-03-02,0,0,0
2016-03-02,0,0,0
2016-03-02,0,0,0
2016-03-02,0,0,0
2016-03-02,1,0,1
2016-03-02,3,0,3
2016-03-02,6,4,2
2016-03-02,8,3,5
2016-03-02,12,7,5
2016-03-02,4,2,2
2016-03-02,6,0,6
2016-03-02,11,5,6
2016-03-02,6,2,4
2016-03-02,6,1,5
2016-03-02,5,4,1
2016-03-02,13,8,5
2016-03-02,10,3,7
2016-03-02,4,2,2
2016-03-02,3,1,2
2016-03-02,3,0,3
2016-03-02,1,0,1
2016-03-02,0,0,0
2016-03-02,0,0,0
2016-03-03,0,0,0
2016-03-03,0,0,0
2016-03-03,0,0,0
2016-03-03,0,0,0
2016-03-03,0,0,0
2016-03-03,1,0,1
2016-03-03,3,0,3
2016-03-03,8,5,3
2016-03-03,7,4,3
2016-03-03,8,3,5
2016-03-03,3,0,3
2016-03-03,1,0,1
2016-03-03,2,1,1
2016-03-03,4,1,3
2016-03-03,0,0,0
2016-03-03,2,2,0
2016-03-03,10,9,1
2016-03-03,13,2,11
2016-03-03,5,2,3
2016-03-03,0,0,0
2016-03-03,4,1,3
2016-03-03,1,1,0
2016-03-03,1,0,1
2016-03-03,2,1,1
2016-03-04,3,3,0
2016-03-04,0,0,0
2016-03-04,0,0,0
2016-03-04,0,0,0
2016-03-04,0,0,0
2016-03-04,0,0,0
2016-03-04,4,3,1
2016-03-04,9,4,5
2016-03-04,6,2,4
2016-03-04,5,3,2
2016-03-04,4,1,3
2016-03-04,0,0,0
2016-03-04,9,4,5
2016-03-04,11,4,7
2016-03-04,5,3,2
2016-03-04,8,5,3
2016-03-04,3,1,2
2016-03-04,4,0,4
2016-03-04,4,0,4
2016-03-04,2,2,0
2016-03-04,6,3,3
2016-03-04,5,4,1
2016-03-04,1,1,0
2016-03-04,0,0,0
2016-03-05,1,0,1
2016-03-05,0,0,0
2016-03-05,1,0,1
2016-03-05,0,0,0
2016-03-05,1,1,0
2016-03-05,0,0,0
2016-03-05,0,0,0
2016-03-05,0,0,0
2016-03-05,0,0,0
2016-03-05,7,4,3
2016-03-05,12,2,10
2016-03-05,15,8,7
2016-03-05,8,2,6
2016-03-05,7,6,1
2016-03-05,13,6,7
2016-03-05,14,7,7
2016-03-05,12,5,7
2016-03-05,10,7,3
2016-03-05,1,0,1
2016-03-05,4,1,3
2016-03-05,0,0,0
2016-03-05,2,0,2
2016-03-05,2,1,1
2016-03-05,0,0,0
2016-03-06,1,0,1
2016-03-06,3,2,1
2016-03-06,0,0,0
2016-03-06,0,0,0
2016-03-06,0,0,0
2016-03-06,0,0,0
2016-03-06,1,0,1
2016-03-06,0,0,0
2016-03-06,0,0,0
2016-03-06,3,2,1
2016-03-06,6,3,3
2016-03-06,6,3,3
2016-03-06,4,3,1
2016-03-06,7,2,5
2016-03-06,6,3,3
2016-03-06,6,4,2
2016-03-06,6,3,3
2016-03-06,2,1,1
2016-03-06,3,1,2
2016-03-06,6,5,1
2016-03-06,1,1,0
2016-03-06,0,0,0
2016-03-06,4,3,1
2016-03-06,0,0,0
2016-03-07,0,0,0
2016-03-07,0,0,0
2016-03-07,0,0,0
2016-03-07,0,0,0
2016-03-07,0,0,0
2016-03-07,3,2,1
2016-03-07,2,0,2
2016-03-07,1,1,0
2016-03-07,9,5,4
2016-03-07,7,4,3
2016-03-07,0,0,0
2016-03-07,3,0,3
2016-03-07,4,3,1
2016-03-07,4,1,3
2016-03-07,5,3,2
2016-03-07,4,3,1
2016-03-07,6,2,4
2016-03-07,14,7,7
2016-03-07,8,4,4
2016-03-07,1,1,0
2016-03-07,1,0,1
2016-03-07,2,2,0
2016-03-07,0,0,0
2016-03-07,3,2,1
2016-03-08,0,0,0
2016-03-08,0,0,0
2016-03-08,0,0,0
2016-03-08,0,0,0
2016-03-08,0,0,0
2016-03-08,2,0,2
2016-03-08,3,0,3
2016-03-08,9,8,1
2016-03-08,12,5,7
2016-03-08,5,4,1
2016-03-08,7,1,6
2016-03-08,4,3,1
2016-03-08,4,1,3
2016-03-08,5,3,2
2016-03-08,12,11,1
2016-03-08,3,1,2
2016-03-08,4,2,2
2016-03-08,18,10,8
2016-03-08,6,5,1
2016-03-08,8,2,6
2016-03-08,1,1,0
2016-03-08,4,3,1
2016-03-08,2,1,1
2016-03-08,0,0,0
2016-03-09,0,0,0
2016-03-09,0,0,0
2016-03-09,0,0,0
2016-03-09,0,0,0
2016-03-09,0,0,0
2016-03-09,1,0,1
2016-03-09,5,2,3
2016-03-09,9,3,6
2016-03-09,8,2,6
2016-03-09,5,3,2
2016-03-09,2,0,2
2016-03-09,3,2,1
2016-03-09,8,6,2
2016-03-09,0,0,0
2016-03-09,0,0,0
2016-03-09,2,2,0
2016-03-09,4,2,2
2016-03-09,4,2,2
2016-03-09,4,2,2
2016-03-09,2,1,1
2016-03-09,0,0,0
2016-03-09,1,1,0
2016-03-09,0,0,0
2016-03-09,1,0,1
2016-03-10,1,1,0
2016-03-10,0,0,0
2016-03-10,0,0,0
2016-03-10,0,0,0
2016-03-10,0,0,0
2016-03-10,1,0,1
2016-03-10,0,0,0
2016-03-10,6,3,3
2016-03-10,4,3,1
2016-03-10,3,2,1
2016-03-10,2,0,2
2016-03-10,6,1,5
2016-03-10,4,4,0
2016-03-10,3,0,3
2016-03-10,3,2,1
2016-03-10,0,0,0
2016-03-10,5,5,0
2016-03-10,9,4,5
2016-03-10,12,7,5
2016-03-10,5,3,2
2016-03-10,1,0,1
2016-03-10,1,1,0
2016-03-10,2,2,0
2016-03-10,1,1,0
2016-03-11,0,0,0
2016-03-11,0,0,0
2016-03-11,0,0,0
2016-03-11,0,0,0
2016-03-11,0,0,0
2016-03-11,0,0,0
2016-03-11,3,0,3
2016-03-11,7,5,2
2016-03-11,10,5,5
2016-03-11,6,4,2
2016-03-11,5,3,2
2016-03-11,7,0,7
2016-03-11,6,4,2
2016-03-11,3,0,3
2016-03-11,6,6,0
2016-03-11,3,2,1
2016-03-11,7,3,4
2016-03-11,5,2,3
2016-03-11,7,4,3
2016-03-11,5,3,2
2016-03-11,2,0,2
2016-03-11,1,1,0
2016-03-11,1,0,1
2016-03-11,2,2,0
2016-03-12,0,0,0
2016-03-12,0,0,0
2016-03-12,0,0,0
2016-03-12,0,0,0
2016-03-12,0,0,0
2016-03-12,0,0,0
2016-03-12,2,0,2
2016-03-12,1,1,0
2016-03-12,1,1,0
2016-03-12,12,4,8
2016-03-12,4,4,0
2016-03-12,6,4,2
2016-03-12,5,2,3
2016-03-12,7,5,2
2016-03-12,3,1,2
2016-03-12,7,4,3
2016-03-12,5,5,0
2016-03-12,4,2,2
2016-03-12,2,2,0
2016-03-12,6,3,3
2016-03-12,0,0,0
2016-03-12,0,0,0
2016-03-12,0,0,0
2016-03-12,0,0,0
2016-03-13,0,0,0
2016-03-13,0,0,0
2016-03-13,,,
2016-03-13,0,0,0
2016-03-13,0,0,0
2016-03-13,0,0,0
2016-03-13,1,0,1
2016-03-13,2,0,2
2016-03-13,0,0,0
2016-03-13,1,0,1
2016-03-13,0,0,0
2016-03-13,2,0,2
2016-03-13,2,1,1
2016-03-13,5,2,3
2016-03-13,3,1,2
2016-03-13,1,0,1
2016-03-13,0,0,0
2016-03-13,2,2,0
2016-03-13,1,1,0
2016-03-13,3,2,1
2016-03-13,0,0,0
2016-03-13,2,2,0
2016-03-13,0,0,0
2016-03-13,0,0,0
2016-03-14,0,0,0
2016-03-14,0,0,0
2016-03-14,1,0,1
2016-03-14,0,0,0
2016-03-14,0,0,0
2016-03-14,1,0,1
2016-03-14,2,1,1
2016-03-14,4,2,2
2016-03-14,5,2,3
2016-03-14,5,3,2
2016-03-14,9,4,5
2016-03-14,3,1,2
2016-03-14,4,2,2
2016-03-14,5,2,3
2016-03-14,3,2,1
2016-03-14,10,5,5
2016-03-14,2,1,1
2016-03-14,12,3,9
2016-03-14,8,3,5
2016-03-14,12,4,8
2016-03-14,1,0,1
2016-03-14,1,1,0
2016-03-14,0,0,0
2016-03-14,0,0,0
2016-03-15,1,1,0
2016-03-15,0,0,0
2016-03-15,0,0,0
2016-03-15,0,0,0
2016-03-15,0,0,0
2016-03-15,1,0,1
2016-03-15,2,0,2
2016-03-15,7,4,3
2016-03-15,5,1,4
2016-03-15,4,4,0
2016-03-15,8,0,8
2016-03-15,10,9,1
2016-03-15,1,1,0
2016-03-15,9,4,5
2016-03-15,10,6,4
2016-03-15,4,3,1
2016-03-15,6,2,4
2016-03-15,14,7,7
2016-03-15,9,4,5
2016-03-15,7,4,3
2016-03-15,5,1,4
2016-03-15,6,3,3
2016-03-15,2,1,1
2016-03-15,0,0,0
2016-03-16,0,0,0
2016-03-16,0,0,0
2016-03-16,0,0,0
2016-03-16,0,0,0
2016-03-16,0,0,0
2016-03-16,3,2,1
2016-03-16,4,3,1
2016-03-16,7,3,4
2016-03-16,10,6,4
2016-03-16,9,7,2
2016-03-16,6,2,4
2016-03-16,3,1,2
2016-03-16,8,3,5
2016-03-16,2,1,1
2016-03-16,6,5,1
2016-03-16,7,4,3
2016-03-16,7,4,3
2016-03-16,13,5,8
2016-03-16,32,8,24
2016-03-16,17,10,7
2016-03-16,6,4,2
2016-03-16,1,1,0
2016-03-16,3,2,1
2016-03-16,0,0,0
2016-03-17,0,0,0
2016-03-17,2,0,2
2016-03-17,0,0,0
2016-03-17,0,0,0
2016-03-17,0,0,0
2016-03-17,1,0,1
2016-03-17,0,0,0
2016-03-17,6,3,3
2016-03-17,7,3,4
2016-03-17,4,3,1
2016-03-17,14,4,10
2016-03-17,5,3,2
2016-03-17,6,2,4
2016-03-17,4,2,2
2016-03-17,3,0,3
2016-03-17,9,5,4
2016-03-17,5,4,1
2016-03-17,13,8,5
2016-03-17,11,6,5
2016-03-17,5,4,1
2016-03-17,4,2,2
2016-03-17,0,0,0
2016-03-17,2,1,1
2016-03-17,1,0,1
2016-03-18,0,0,0
2016-03-18,0,0,0
2016-03-18,0,0,0
2016-03-18,0,0,0
2016-03-18,0,0,0
2016-03-18,0,0,0
2016-03-18,2,1,1
2016-03-18,3,2,1
2016-03-18,8,5,3
2016-03-18,10,5,5
2016-03-18,8,3,5
2016-03-18,5,3,2
2016-03-18,9,2,7
2016-03-18,8,4,4
2016-03-18,4,2,2
2016-03-18,10,4,6
2016-03-18,11,5,6
2016-03-18,7,3,4
2016-03-18,14,5,9
2016-03-18,13,8,5
2016-03-18,4,3,1
2016-03-18,4,1,3
2016-03-18,2,2,0
2016-03-18,3,2,1
2016-03-19,3,1,2
2016-03-19,1,1,0
2016-03-19,0,0,0
2016-03-19,0,0,0
2016-03-19,0,0,0
2016-03-19,0,0,0
2016-03-19,0,0,0
2016-03-19,1,0,1
2016-03-19,1,0,1
2016-03-19,4,2,2
2016-03-19,4,0,4
2016-03-19,8,4,4
2016-03-19,12,5,7
2016-03-19,6,4,2
2016-03-19,9,3,6
2016-03-19,10,6,4
2016-03-19,8,3,5
2016-03-19,4,2,2
2016-03-19,9,4,5
2016-03-19,0,0,0
2016-03-19,0,0,0
2016-03-19,0,0,0
2016-03-19,0,0,0
2016-03-19,2,2,0
2016-03-20,0,0,0
2016-03-20,2,2,0
2016-03-20,2,1,1
2016-03-20,0,0,0
2016-03-20,1,0,1
2016-03-20,1,1,0
2016-03-20,1,0,1
2016-03-20,0,0,0
2016-03-20,2,0,2
2016-03-20,2,1,1
2016-03-20,4,3,1
2016-03-20,5,2,3
2016-03-20,6,5,1
2016-03-20,4,2,2
2016-03-20,3,3,0
2016-03-20,5,2,3
2016-03-20,0,0,0
2016-03-20,5,3,2
2016-03-20,4,3,1
2016-03-20,2,1,1
2016-03-20,3,2,1
2016-03-20,1,0,1
2016-03-20,0,0,0
2016-03-20,0,0,0
2016-03-21,1,1,0
2016-03-21,0,0,0
2016-03-21,0,0,0
2016-03-21,0,0,0
2016-03-21,0,0,0
2016-03-21,1,0,1
2016-03-21,2,0,2
2016-03-21,2,2,0
2016-03-21,5,0,5
2016-03-21,7,4,3
2016-03-21,3,3,0
2016-03-21,3,0,3
2016-03-21,3,1,2
2016-03-21,1,1,0
2016-03-21,1,1,0
2016-03-21,3,2,1
2016-03-21,4,3,1
2016-03-21,9,3,6
2016-03-21,7,3,4
2016-03-21,4,1,3
2016-03-21,1,0,1
2016-03-21,4,0,4
2016-03-21,0,0,0
2016-03-21,0,0,0
2016-03-22,0,0,0
2016-03-22,1,1,0
2016-03-22,1,1,0
2016-03-22,0,0,0
2016-03-22,0,0,0
2016-03-22,1,0,1
2016-03-22,1,0,1
2016-03-22,4,3,1
2016-03-22,7,4,3
2016-03-22,4,3,1
2016-03-22,6,1,5
2016-03-22,9,4,5
2016-03-22,14,9,5
2016-03-22,10,5,5
2016-03-22,10,4,6
2016-03-22,7,5,2
2016-03-22,14,12,2
2016-03-22,15,9,6
2016-03-22,9,7,2
2016-03-22,3,1,2
2016-03-22,4,2,2
2016-03-22,2,2,0
2016-03-22,3,1,2
2016-03-22,3,1,2
2016-03-23,0,0,0
2016-03-23,0,0,0
2016-03-23,0,0,0
2016-03-23,0,0,0
2016-03-23,0,0,0
2016-03-23,1,0,1
2016-03-23,2,1,1
2016-03-23,5,3,2
2016-03-23,11,6,5
2016-03-23,6,1,5
2016-03-23,5,3,2
2016-03-23,2,1,1
2016-03-23,3,1,2
2016-03-23,6,2,4
2016-03-23,0,0,0
2016-03-23,3,3,0
2016-03-23,3,2,1
2016-03-23,7,4,3
2016-03-23,8,5,3
2016-03-23,5,2,3
2016-03-23,4,2,2
2016-03-23,2,1,1
2016-03-23,2,2,0
2016-03-23,1,1,0
2016-03-24,0,0,0
2016-03-24,1,0,1
2016-03-24,1,0,1
2016-03-24,0,0,0
2016-03-24,0,0,0
2016-03-24,1,0,1
2016-03-24,1,0,1
2016-03-24,7,4,3
2016-03-24,8,5,3
2016-03-24,4,4,0
2016-03-24,4,1,3
2016-03-24,5,2,3
2016-03-24,4,4,0
2016-03-24,9,5,4
2016-03-24,6,2,4
2016-03-24,4,3,1
2016-03-24,5,3,2
2016-03-24,9,3,6
2016-03-24,9,5,4
2016-03-24,6,3,3
2016-03-24,4,1,3
2016-03-24,3,2,1
2016-03-24,1,0,1
2016-03-24,0,0,0
2016-03-25,1,0,1
2016-03-25,1,0,1
2016-03-25,1,0,1
2016-03-25,0,0,0
2016-03-25,0,0,0
2016-03-25,0,0,0
2016-03-25,1,0,1
2016-03-25,8,5,3
2016-03-25,8,5,3
2016-03-25,3,1,2
2016-03-25,3,1,2
2016-03-25,8,5,3
2016-03-25,9,6,3
2016-03-25,10,5,5
2016-03-25,11,6,5
2016-03-25,14,8,6
2016-03-25,12,5,7
2016-03-25,18,7,11
2016-03-25,12,6,6
2016-03-25,6,3,3
2016-03-25,4,4,0
2016-03-25,4,1,3
2016-03-25,2,2,0
2016-03-25,0,0,0
2016-03-26,0,0,0
2016-03-26,0,0,0
2016-03-26,1,0,1
2016-03-26,0,0,0
2016-03-26,0,0,0
2016-03-26,0,0,0
2016-03-26,1,0,1
2016-03-26,3,1,2
2016-03-26,4,1,3
2016-03-26,8,3,5
2016-03-26,45,2,43
2016-03-26,11,8,3
2016-03-26,15,4,11
2016-03-26,21,13,8
2016-03-26,17,6,11
2016-03-26,21,9,12
2016-03-26,18,5,13
2016-03-26,14,12,2
2016-03-26,4,2,2
2016-03-26,3,3,0
2016-03-26,4,1,3
2016-03-26,4,2,2
2016-03-26,0,0,0
2016-03-26,0,0,0
2016-03-27,1,1,0
2016-03-27,0,0,0
2016-03-27,0,0,0
2016-03-27,0,0,0
2016-03-27,2,2,0
2016-03-27,0,0,0
2016-03-27,1,0,1
2016-03-27,0,0,0
2016-03-27,1,0,1
2016-03-27,4,4,0
2016-03-27,1,1,0
2016-03-27,2,0,2
2016-03-27,2,0,2
2016-03-27,6,2,4
2016-03-27,4,3,1
2016-03-27,9,4,5
2016-03-27,6,4,2
2016-03-27,1,0,1
2016-03-27,3,2,1
2016-03-27,0,0,0
2016-03-27,1,1,0
2016-03-27,1,0,1
2016-03-27,1,0,1
2016-03-27,2,1,1
2016-03-28,0,0,0
2016-03-28,0,0,0
2016-03-28,0,0,0
2016-03-28,0,0,0
2016-03-28,1,1,0
2016-03-28,2,0,2
2016-03-28,3,2,1
2016-03-28,4,2,2
2016-03-28,8,4,4
2016-03-28,14,5,9
2016-03-28,7,4,3
2016-03-28,2,0,2
2016-03-28,6,3,3
2016-03-28,7,6,1
2016-03-28,6,4,2
2016-03-28,5,4,1
2016-03-28,11,4,7
2016-03-28,15,7,8
2016-03-28,18,9,9
2016-03-28,8,3,5
2016-03-28,9,6,3
2016-03-28,2,1,1
2016-03-28,2,2,0
2016-03-28,1,1,0
2016-03-29,0,0,0
2016-03-29,0,0,0
2016-03-29,1,0,1
2016-03-29,0,0,0
2016-03-29,1,1,0
2016-03-29,1,0,1
2016-03-29,1,0,1
2016-03-29,7,2,5
2016-03-29,10,4,6
2016-03-29,15,8,7
2016-03-29,10,5,5
2016-03-29,8,4,4
2016-03-29,10,4,6
2016-03-29,7,5,2
2016-03-29,15,10,5
2016-03-29,9,3,6
2016-03-29,14,7,7
2016-03-29,19,9,10
2016-03-29,9,5,4
2016-03-29,11,7,4
2016-03-29,5,1,4
2016-03-29,5,4,1
2016-03-29,4,3,1
2016-03-29,2,2,0
2016-03-30,2,2,0
2016-03-30,2,0,2
2016-03-30,0,0,0
2016-03-30,0,0,0
2016-03-30,0,0,0
2016-03-30,2,0,2
2016-03-30,2,0,2
2016-03-30,9,4,5
2016-03-30,7,2,5
2016-03-30,14,7,7
2016-03-30,4,4,0
2016-03-30,7,4,3
2016-03-30,12,2,10
2016-03-30,9,6,3
2016-03-30,18,8,10
2016-03-30,5,4,1
2016-03-30,18,11,7
2016-03-30,27,16,11
2016-03-30,19,7,12
2016-03-30,15,7,8
2016-03-30,12,10,2
2016-03-30,4,3,1
2016-03-30,5,5,0
2016-03-30,1,0,1
2016-03-31,3,0,3
2016-03-31,0,0,0
2016-03-31,0,0,0
2016-03-31,0,0,0
2016-03-31,0,0,0
2016-03-31,1,0,1
2016-03-31,0,0,0
2016-03-31,7,4,3
2016-03-31,9,5,4
2016-03-31,9,5,4
2016-03-31,7,3,4
2016-03-31,11,6,5
2016-03-31,9,5,4
2016-03-31,10,4,6
2016-03-31,12,7,5
2016-03-31,17,10,7
2016-03-31,27,17,10
2016-03-31,23,15,8
2016-03-31,15,6,9
2016-03-31,11,5,6
2016-03-31,6,4,2
2016-03-31,4,1,3
2016-03-31,2,2,0
2016-03-31,1,0,1
2016-04-01,0,0,0
2016-04-01,0,0,0
2016-04-01,0,0,0
2016-04-01,1,1,0
2016-04-01,0,0,0
2016-04-01,0,0,0
2016-04-01,1,0,1
2016-04-01,6,2,4
2016-04-01,14,4,10
2016-04-01,9,6,3
2016-04-01,9,2,7
2016-04-01,6,2,4
2016-04-01,13,4,9
2016-04-01,14,9,5
2016-04-01,11,8,3
2016-04-01,19,11,8
2016-04-01,16,13,3
2016-04-01,17,10,7
2016-04-01,21,13,8
2016-04-01,18,7,11
2016-04-01,4,2,2
2016-04-01,8,6,2
2016-04-01,2,2,0
2016-04-01,3,2,1
2016-04-02,0,0,0
2016-04-02,0,0,0
2016-04-02,2,1,1
2016-04-02,0,0,0
2016-04-02,0,0,0
2016-04-02,0,0,0
2016-04-02,1,0,1
2016-04-02,1,0,1
2016-04-02,2,1,1
2016-04-02,10,5,5
2016-04-02,15,4,11
2016-04-02,11,8,3
2016-04-02,15,7,8
2016-04-02,34,24,10
2016-04-02,14,5,9
2016-04-02,23,13,10
2016-04-02,12,7,5
2016-04-02,23,18,5
2016-04-02,12,3,9
2016-04-02,7,1,6
2016-04-02,11,8,3
2016-04-02,4,3,1
2016-04-02,3,3,0
2016-04-02,3,2,1
2016-04-03,0,0,0
2016-04-03,0,0,0
2016-04-03,1,0,1
2016-04-03,0,0,0
2016-04-03,0,0,0
2016-04-03,3,3,0
2016-04-03,7,7,0
2016-04-03,2,0,2
2016-04-03,1,0,1
2016-04-03,11,3,8
2016-04-03,7,5,2
2016-04-03,12,5,7
2016-04-03,19,11,8
2016-04-03,26,9,17
2016-04-03,20,8,12
2016-04-03,22,14,8
2016-04-03,12,4,8
2016-04-03,18,8,10
2016-04-03,6,4,2
2016-04-03,2,0,2
2016-04-03,2,0,2
2016-04-03,1,1,0
2016-04-03,1,1,0
2016-04-03,0,0,0
2016-04-04,0,0,0
2016-04-04,0,0,0
2016-04-04,0,0,0
2016-04-04,0,0,0
2016-04-04,1,0,1
2016-04-04,0,0,0
2016-04-04,1,1,0
2016-04-04,9,5,4
2016-04-04,9,3,6
2016-04-04,12,7,5
2016-04-04,9,2,7
2016-04-04,5,1,4
2016-04-04,6,6,0
2016-04-04,6,5,1
2016-04-04,5,4,1
2016-04-04,4,3,1
2016-04-04,14,8,6
2016-04-04,20,7,13
2016-04-04,17,7,10
2016-04-04,4,3,1
2016-04-04,2,2,0
2016-04-04,5,2,3
2016-04-04,0,0,0
2016-04-04,0,0,0
2016-04-05,0,0,0
2016-04-05,1,1,0
2016-04-05,1,1,0
2016-04-05,2,0,2
2016-04-05,0,0,0
2016-04-05,1,0,1
2016-04-05,2,0,2
2016-04-05,9,6,3
2016-04-05,7,1,6
2016-04-05,10,4,6
2016-04-05,8,5,3
2016-04-05,3,3,0
2016-04-05,6,3,3
2016-04-05,1,0,1
2016-04-05,6,4,2
2016-04-05,15,6,9
2016-04-05,12,5,7
2016-04-05,19,4,15
2016-04-05,19,10,9
2016-04-05,10,5,5
2016-04-05,3,2,1
2016-04-05,4,1,3
2016-04-05,3,2,1
2016-04-05,4,3,1
2016-04-06,0,0,0
2016-04-06,1,0,1
2016-04-06,1,0,1
2016-04-06,0,0,0
2016-04-06,0,0,0
2016-04-06,1,0,1
2016-04-06,0,0,0
2016-04-06,11,5,6
2016-04-06,10,3,7
2016-04-06,7,3,4
2016-04-06,9,4,5
2016-04-06,5,1,4
2016-04-06,3,1,2
2016-04-06,12,7,5
2016-04-06,12,4,8
2016-04-06,8,2,6
2016-04-06,13,6,7
2016-04-06,20,11,9
2016-04-06,39,14,25
2016-04-06,13,6,7
2016-04-06,5,5,0
2016-04-06,3,2,1
2016-04-06,1,0,1
2016-04-06,2,1,1
2016-04-07,0,0,0
2016-04-07,0,0,0
2016-04-07,0,0,0
2016-04-07,0,0,0
2016-04-07,0,0,0
2016-04-07,1,0,1
2016-04-07,0,0,0
2016-04-07,6,5,1
2016-04-07,8,2,6
2016-04-07,7,5,2
2016-04-07,13,8,5
2016-04-07,12,7,5
2016-04-07,11,3,8
2016-04-07,15,7,8
2016-04-07,16,7,9
2016-04-07,7,4,3
2016-04-07,13,7,6
2016-04-07,24,19,5
2016-04-07,12,7,5
2016-04-07,21,13,8
2016-04-07,5,2,3
2016-04-07,11,9,2
2016-04-07,3,1,2
2016-04-07,2,1,1
2016-04-08,0,0,0
2016-04-08,0,0,0
2016-04-08,1,0,1
2016-04-08,0,0,0
2016-04-08,0,0,0
2016-04-08,1,0,1
2016-04-08,3,0,3
2016-04-08,9,3,6
2016-04-08,8,3,5
2016-04-08,5,3,2
2016-04-08,11,4,7
2016-04-08,11,4,7
2016-04-08,5,0,5
2016-04-08,14,11,3
2016-04-08,25,14,11
2016-04-08,21,15,6
2016-04-08,7,3,4
2016-04-08,18,5,13
2016-04-08,19,7,12
2016-04-08,14,13,1
2016-04-08,5,5,0
2016-04-08,5,3,2
2016-04-08,5,1,4
2016-04-08,2,1,1
2016-04-09,1,1,0
2016-04-09,1,0,1
2016-04-09,0,0,0
2016-04-09,1,0,1
2016-04-09,0,0,0
2016-04-09,0,0,0
2016-04-09,2,0,2
2016-04-09,3,1,2
2016-04-09,5,4,1
2016-04-09,11,5,6
2016-04-09,6,2,4
2016-04-09,10,6,4
2016-04-09,13,0,13
2016-04-09,22,14,8
2016-04-09,23,8,15
2016-04-09,11,5,6
2016-04-09,26,18,8
2016-04-09,9,5,4
2016-04-09,17,6,11
2016-04-09,4,1,3
2016-04-09,2,0,2
2016-04-09,5,2,3
2016-04-09,2,2,0
2016-04-09,2,2,0
2016-04-10,0,0,0
2016-04-10,0,0,0
2016-04-10,3,3,0
2016-04-10,0,0,0
2016-04-10,0,0,0
2016-04-10,0,0,0
2016-04-10,0,0,0
2016-04-10,1,0,1
2016-04-10,2,0,2
2016-04-10,6,4,2
2016-04-10,10,5,5
2016-04-10,9,3,6
2016-04-10,18,14,4
2016-04-10,18,8,10
2016-04-10,26,12,14
2016-04-10,16,6,10
2016-04-10,10,4,6
2016-04-10,18,11,7
2016-04-10,7,4,3
2016-04-10,7,5,2
2016-04-10,2,1,1
2016-04-10,0,0,0
2016-04-10,0,0,0
2016-04-10,0,0,0
2016-04-11,0,0,0
2016-04-11,0,0,0
2016-04-11,0,0,0
2016-04-11,0,0,0
2016-04-11,0,0,0
2016-04-11,1,0,1
2016-04-11,3,1,2
2016-04-11,12,4,8
2016-04-11,7,1,6
2016-04-11,12,6,6
2016-04-11,4,3,1
2016-04-11,2,1,1
2016-04-11,7,4,3
2016-04-11,14,11,3
2016-04-11,5,3,2
2016-04-11,7,6,1
2016-04-11,12,8,4
2016-04-11,12,5,7
2016-04-11,12,6,6
2016-04-11,4,2,2
2016-04-11,8,5,3
2016-04-11,2,2,0
2016-04-11,3,3,0
2016-04-11,0,0,0
2016-04-12,0,0,0
2016-04-12,0,0,0
2016-04-12,0,0,0
2016-04-12,0,0,0
2016-04-12,0,0,0
2016-04-12,1,0,1
2016-04-12,2,1,1
2016-04-12,8,6,2
2016-04-12,6,2,4
2016-04-12,6,1,5
2016-04-12,8,1,7
2016-04-12,6,5,1
2016-04-12,9,7,2
2016-04-12,5,3,2
2016-04-12,4,2,2
2016-04-12,0,0,0
2016-04-12,5,3,2
2016-04-12,6,3,3
2016-04-12,5,2,3
2016-04-12,11,6,5
2016-04-12,5,2,3
2016-04-12,1,1,0
2016-04-12,2,1,1
2016-04-12,1,1,0
2016-04-13,0,0,0
2016-04-13,0,0,0
2016-04-13,1,0,1
2016-04-13,0,0,0
2016-04-13,0,0,0
2016-04-13,2,0,2
2016-04-13,2,0,2
2016-04-13,14,10,4
2016-04-13,10,7,3
2016-04-13,13,7,6
2016-04-13,10,1,9
2016-04-13,5,0,5
2016-04-13,6,1,5
2016-04-13,2,0,2
2016-04-13,10,8,2
2016-04-13,4,2,2
2016-04-13,12,8,4
2016-04-13,10,5,5
2016-04-13,15,6,9
2016-04-13,8,0,8
2016-04-13,5,3,2
2016-04-13,2,2,0
2016-04-13,0,0,0
2016-04-13,0,0,0
2016-04-14,0,0,0
2016-04-14,0,0,0
2016-04-14,0,0,0
2016-04-14,0,0,0
2016-04-14,0,0,0
2016-04-14,2,1,1
2016-04-14,0,0,0
2016-04-14,4,2,2
2016-04-14,7,3,4
2016-04-14,4,2,2
2016-04-14,6,3,3
2016-04-14,6,3,3
2016-04-14,14,9,5
2016-04-14,14,5,9
2016-04-14,9,7,2
2016-04-14,10,5,5
2016-04-14,16,7,9
2016-04-14,17,9,8
2016-04-14,17,10,7
2016-04-14,14,10,4
2016-04-14,7,3,4
2016-04-14,3,2,1
2016-04-14,0,0,0
2016-04-14,1,1,0
2016-04-15,0,0,0
2016-04-15,0,0,0
2016-04-15,0,0,0
2016-04-15,0,0,0
2016-04-15,0,0,0
2016-04-15,0,0,0
2016-04-15,3,0,3
2016-04-15,6,3,3
2016-04-15,5,2,3
2016-04-15,9,5,4
2016-04-15,9,5,4
2016-04-15,4,1,3
2016-04-15,11,7,4
2016-04-15,4,2,2
2016-04-15,10,8,2
2016-04-15,9,2,7
2016-04-15,11,7,4
2016-04-15,9,5,4
2016-04-15,15,10,5
2016-04-15,11,6,5
2016-04-15,7,3,4
2016-04-15,2,2,0
2016-04-15,2,0,2
2016-04-15,0,0,0
2016-04-16,2,2,0
2016-04-16,1,1,0
2016-04-16,1,1,0
2016-04-16,0,0,0
2016-04-16,0,0,0
2016-04-16,0,0,0
2016-04-16,0,0,0
2016-04-16,1,0,1
2016-04-16,3,1,2
2016-04-16,5,3,2
2016-04-16,8,2,6
2016-04-16,17,12,5
2016-04-16,18,7,11
2016-04-16,15,6,9
2016-04-16,14,8,6
2016-04-16,14,4,10
2016-04-16,16,9,7
2016-04-16,16,8,8
2016-04-16,13,5,8
2016-04-16,11,11,0
2016-04-16,10,10,0
2016-04-16,2,0,2
2016-04-16,0,0,0
2016-04-16,1,0,1
2016-04-17,1,0,1
2016-04-17,2,1,1
2016-04-17,0,0,0
2016-04-17,0,0,0
2016-04-17,0,0,0
2016-04-17,0,0,0
2016-04-17,1,0,1
2016-04-17,3,0,3
2016-04-17,7,2,5
2016-04-17,14,3,11
2016-04-17,21,15,6
2016-04-17,25,13,12
2016-04-17,26,13,13
2016-04-17,21,8,13
2016-04-17,30,14,16
2016-04-17,33,10,23
2016-04-17,21,7,14
2016-04-17,10,4,6
2016-04-17,18,5,13
2016-04-17,13,10,3
2016-04-17,5,2,3
2016-04-17,4,3,1
2016-04-17,1,1,0
2016-04-17,0,0,0
2016-04-18,0,0,0
2016-04-18,0,0,0
2016-04-18,0,0,0
2016-04-18,0,0,0
2016-04-18,0,0,0
2016-04-18,3,2,1
2016-04-18,7,4,3
2016-04-18,15,6,9
2016-04-18,10,3,7
2016-04-18,12,5,7
2016-04-18,9,4,5
2016-04-18,4,2,2
2016-04-18,18,9,9
2016-04-18,23,10,13
2016-04-18,19,7,12
2016-04-18,25,16,9
2016-04-18,14,9,5
2016-04-18,27,14,13
2016-04-18,30,16,14
2016-04-18,17,8,9
2016-04-18,13,10,3
2016-04-18,9,7,2
2016-04-18,3,2,1
2016-04-18,0,0,0
2016-04-19,0,0,0
2016-04-19,1,0,1
2016-04-19,1,0,1
2016-04-19,1,1,0
2016-04-19,0,0,0
2016-04-19,2,0,2
2016-04-19,2,2,0
2016-04-19,17,7,10
2016-04-19,9,2,7
2016-04-19,18,6,12
2016-04-19,10,7,3
2016-04-19,9,3,6
2016-04-19,14,5,9
2016-04-19,14,4,10
2016-04-19,17,9,8
2016-04-19,14,7,7
2016-04-19,15,8,7
2016-04-19,20,13,7
2016-04-19,23,12,11
2016-04-19,19,6,13
2016-04-19,3,3,0
2016-04-19,10,8,2
2016-04-19,0,0,0
2016-04-19,0,0,0
2016-04-20,1,0,1
2016-04-20,0,0,0
2016-04-20,0,0,0
2016-04-20,0,0,0
2016-04-20,0,0,0
2016-04-20,1,0,1
2016-04-20,1,0,1
2016-04-20,9,3,6
2016-04-20,14,8,6
2016-04-20,13,5,8
2016-04-20,7,4,3
2016-04-20,6,3,3
2016-04-20,18,8,10
2016-04-20,6,4,2
2016-04-20,10,6,4
2016-04-20,18,11,7
2016-04-20,10,6,4
2016-04-20,33,24,9
2016-04-20,25,10,15
2016-04-20,9,7,2
2016-04-20,13,7,6
2016-04-20,9,3,6
2016-04-20,1,1,0
2016-04-20,0,0,0
2016-04-21,1,1,0
2016-04-21,0,0,0
2016-04-21,0,0,0
2016-04-21,0,0,0
2016-04-21,1,1,0
2016-04-21,1,0,1
2016-04-21,2,1,1
2016-04-21,14,5,9
2016-04-21,11,10,1
2016-04-21,9,5,4
2016-04-21,10,2,8
2016-04-21,9,5,4
2016-04-21,8,7,1
2016-04-21,7,1,6
2016-04-21,16,5,11
2016-04-21,8,5,3
2016-04-21,23,12,11
2016-04-21,27,15,12
2016-04-21,14,5,9
2016-04-21,14,10,4
2016-04-21,9,3,6
2016-04-21,9,4,5
2016-04-21,6,3,3
2016-04-21,1,1,0
2016-04-22,0,0,0
2016-04-22,0,0,0
2016-04-22,1,0,1
2016-04-22,0,0,0
2016-04-22,0,0,0
2016-04-22,0,0,0
2016-04-22,1,1,0
2016-04-22,10,3,7
2016-04-22,9,3,6
2016-04-22,10,4,6
2016-04-22,7,4,3
2016-04-22,5,2,3
2016-04-22,2,2,0
2016-04-22,8,5,3
2016-04-22,3,1,2
2016-04-22,0,0,0
2016-04-22,10,5,5
2016-04-22,12,5,7
2016-04-22,3,1,2
2016-04-22,2,1,1
2016-04-22,1,1,0
2016-04-22,2,0,2
2016-04-22,1,0,1
2016-04-22,2,1,1
2016-04-23,0,0,0
2016-04-23,0,0,0
2016-04-23,0,0,0
2016-04-23,0,0,0
2016-04-23,0,0,0
2016-04-23,1,1,0
2016-04-23,1,0,1
2016-04-23,4,1,3
2016-04-23,6,4,2
2016-04-23,6,5,1
2016-04-23,7,1,6
2016-04-23,16,5,11
2016-04-23,10,4,6
2016-04-23,17,12,5
2016-04-23,20,3,17
2016-04-23,11,3,8
2016-04-23,16,8,8
2016-04-23,17,9,8
2016-04-23,13,6,7
2016-04-23,4,3,1
2016-04-23,2,2,0
2016-04-23,2,0,2
2016-04-23,4,2,2
2016-04-23,1,1,0
2016-04-24,3,1,2
2016-04-24,0,0,0
2016-04-24,0,0,0
2016-04-24,0,0,0
2016-04-24,0,0,0
2016-04-24,0,0,0
2016-04-24,1,0,1
2016-04-24,2,1,1
2016-04-24,3,0,3
2016-04-24,4,4,0
2016-04-24,1,1,0
2016-04-24,1,1,0
2016-04-24,5,4,1
2016-04-24,5,4,1
2016-04-24,6,3,3
2016-04-24,11,5,6
2016-04-24,7,5,2
2016-04-24,5,2,3
2016-04-24,4,1,3
2016-04-24,1,0,1
2016-04-24,4,2,2
2016-04-24,1,1,0
2016-04-24,2,1,1
2016-04-24,0,0,0
2016-04-25,0,0,0
2016-04-25,0,0,0
2016-04-25,0,0,0
2016-04-25,0,0,0
2016-04-25,1,1,0
2016-04-25,3,1,2
2016-04-25,2,1,1
2016-04-25,9,2,7
2016-04-25,10,5,5
2016-04-25,2,2,0
2016-04-25,5,2,3
2016-04-25,5,2,3
2016-04-25,7,4,3
2016-04-25,6,4,2
2016-04-25,11,5,6
2016-04-25,11,6,5
2016-04-25,7,5,2
2016-04-25,18,16,2
2016-04-25,20,10,10
2016-04-25,7,5,2
2016-04-25,11,6,5
2016-04-25,1,0,1
2016-04-25,1,0,1
2016-04-25,1,1,0
2016-04-26,0,0,0
2016-04-26,1,0,1
2016-04-26,0,0,0
2016-04-26,0,0,0
2016-04-26,0,0,0
2016-04-26,3,1,2
2016-04-26,2,1,1
2016-04-26,5,4,1
2016-04-26,15,3,12
2016-04-26,10,4,6
2016-04-26,5,4,1
2016-04-26,1,0,1
2016-04-26,4,2,2
2016-04-26,4,3,1
2016-04-26,8,6,2
2016-04-26,9,4,5
2016-04-26,9,4,5
2016-04-26,20,12,8
2016-04-26,11,4,7
2016-04-26,11,7,4
2016-04-26,5,4,1
2016-04-26,9,5,4
2016-04-26,1,0,1
2016-04-26,1,1,0
2016-04-27,3,1,2
2016-04-27,0,0,0
2016-04-27,0,0,0
2016-04-27,0,0,0
2016-04-27,0,0,0
2016-04-27,3,0,3
2016-04-27,3,3,0
2016-04-27,10,6,4
2016-04-27,10,3,7
2016-04-27,9,5,4
2016-04-27,6,1,5
2016-04-27,9,2,7
2016-04-27,13,7,6
2016-04-27,6,5,1
2016-04-27,8,5,3
2016-04-27,8,4,4
2016-04-27,13,8,5
2016-04-27,20,12,8
2016-04-27,23,12,11
2016-04-27,14,10,4
2016-04-27,10,5,5
2016-04-27,2,1,1
2016-04-27,0,0,0
2016-04-27,0,0,0
2016-04-28,0,0,0
2016-04-28,1,0,1
2016-04-28,0,0,0
2016-04-28,0,0,0
2016-04-28,0,0,0
2016-04-28,2,0,2
2016-04-28,3,1,2
2016-04-28,11,6,5
2016-04-28,12,6,6
2016-04-28,7,3,4
2016-04-28,6,5,1
2016-04-28,7,6,1
2016-04-28,7,6,1
2016-04-28,9,5,4
2016-04-28,7,2,5
2016-04-28,11,4,7
2016-04-28,11,5,6
2016-04-28,16,15,1
2016-04-28,16,9,7
2016-04-28,7,5,2
2016-04-28,4,0,4
2016-04-28,9,6,3
2016-04-28,2,2,0
2016-04-28,0,0,0
2016-04-29,1,1,0
2016-04-29,0,0,0
2016-04-29,4,4,0
2016-04-29,0,0,0
2016-04-29,0,0,0
2016-04-29,2,0,2
2016-04-29,1,0,1
2016-04-29,6,3,3
2016-04-29,7,3,4
2016-04-29,6,3,3
2016-04-29,5,3,2
2016-04-29,7,5,2
2016-04-29,2,0,2
2016-04-29,5,1,4
2016-04-29,7,4,3
2016-04-29,10,5,5
2016-04-29,7,4,3
2016-04-29,15,9,6
2016-04-29,15,9,6
2016-04-29,4,2,2
2016-04-29,7,4,3
2016-04-29,5,2,3
2016-04-29,2,1,1
2016-04-29,4,1,3
2016-04-30,1,1,0
2016-04-30,0,0,0
2016-04-30,0,0,0
2016-04-30,1,0,1
2016-04-30,0,0,0
2016-04-30,1,0,1
2016-04-30,1,0,1
2016-04-30,1,0,1
2016-04-30,1,1,0
2016-04-30,11,7,4
2016-04-30,18,11,7
2016-04-30,7,4,3
2016-04-30,15,9,6
2016-04-30,22,13,9
2016-04-30,20,6,14
2016-04-30,24,8,16
2016-04-30,31,16,15
2016-04-30,18,10,8
2016-04-30,10,5,5
2016-04-30,9,5,4
2016-04-30,11,11,0
2016-04-30,2,2,0
2016-04-30,2,1,1
2016-04-30,1,0,1
2016-05-01,2,2,0
2016-05-01,0,0,0
2016-05-01,1,0,1
2016-05-01,0,0,0
2016-05-01,1,1,0
2016-05-01,0,0,0
2016-05-01,0,0,0
2016-05-01,1,0,1
2016-05-01,1,1,0
2016-05-01,17,5,12
2016-05-01,16,11,5
2016-05-01,28,14,14
2016-05-01,26,17,9
2016-05-01,24,8,16
2016-05-01,29,9,20
2016-05-01,21,8,13
2016-05-01,26,16,10
2016-05-01,16,12,4
2016-05-01,13,9,4
2016-05-01,6,5,1
2016-05-01,13,7,6
2016-05-01,1,0,1
2016-05-01,1,1,0
2016-05-01,0,0,0
2016-05-02,0,0,0
2016-05-02,0,0,0
2016-05-02,1,0,1
2016-05-02,1,1,0
2016-05-02,0,0,0
2016-05-02,2,1,1
2016-05-02,6,2,4
2016-05-02,17,8,9
2016-05-02,21,11,10
2016-05-02,16,6,10
2016-05-02,12,7,5
2016-05-02,6,4,2
2016-05-02,15,8,7
2016-05-02,10,5,5
2016-05-02,19,8,11
2016-05-02,18,7,11
2016-05-02,18,7,11
2016-05-02,27,15,12
2016-05-02,21,12,9
2016-05-02,16,9,7
2016-05-02,17,10,7
2016-05-02,8,6,2
2016-05-02,1,1,0
2016-05-02,1,0,1
2016-05-03,1,1,0
2016-05-03,1,1,0
2016-05-03,0,0,0
2016-05-03,0,0,0
2016-05-03,0,0,0
2016-05-03,4,2,2
2016-05-03,2,1,1
2016-05-03,9,4,5
2016-05-03,18,6,12
2016-05-03,13,6,7
2016-05-03,14,9,5
2016-05-03,10,4,6
2016-05-03,10,1,9
2016-05-03,5,4,1
2016-05-03,15,12,3
2016-05-03,13,8,5
2016-05-03,19,9,10
2016-05-03,22,11,11
2016-05-03,15,8,7
2016-05-03,12,8,4
2016-05-03,6,5,1
2016-05-03,7,4,3
2016-05-03,0,0,0
2016-05-03,2,0,2
2016-05-04,3,3,0
2016-05-04,0,0,0
2016-05-04,0,0,0
2016-05-04,1,0,1
2016-05-04,0,0,0
2016-05-04,2,1,1
2016-05-04,0,0,0
2016-05-04,11,4,7
2016-05-04,20,11,9
2016-05-04,13,7,6
2016-05-04,5,2,3
2016-05-04,6,1,5
2016-05-04,3,2,1
2016-05-04,7,6,1
2016-05-04,5,1,4
2016-05-04,8,5,3
2016-05-04,12,6,6
2016-05-04,18,12,6
2016-05-04,15,7,8
2016-05-04,6,4,2
2016-05-04,7,4,3
2016-05-04,6,5,1
2016-05-04,1,1,0
2016-05-04,0,0,0
2016-05-05,0,0,0
2016-05-05,0,0,0
2016-05-05,0,0,0
2016-05-05,0,0,0
2016-05-05,0,0,0
2016-05-05,2,1,1
2016-05-05,5,4,1
2016-05-05,10,4,6
2016-05-05,20,9,11
2016-05-05,10,7,3
2016-05-05,17,7,10
2016-05-05,2,0,2
2016-05-05,6,5,1
2016-05-05,12,5,7
2016-05-05,11,8,3
2016-05-05,1,1,0
2016-05-05,17,10,7
2016-05-05,20,13,7
2016-05-05,26,16,10
2016-05-05,13,5,8
2016-05-05,17,11,6
2016-05-05,1,1,0
2016-05-05,1,0,1
2016-05-05,0,0,0
2016-05-06,2,2,0
2016-05-06,0,0,0
2016-05-06,0,0,0
2016-05-06,2,0,2
2016-05-06,0,0,0
2016-05-06,1,0,1
2016-05-06,2,0,2
2016-05-06,10,4,6
2016-05-06,15,6,9
2016-05-06,11,5,6
2016-05-06,7,5,2
2016-05-06,5,3,2
2016-05-06,6,3,3
2016-05-06,13,6,7
2016-05-06,21,10,11
2016-05-06,18,8,10
2016-05-06,14,8,6
2016-05-06,30,11,19
2016-05-06,15,6,9
2016-05-06,15,7,8
2016-05-06,14,9,5
2016-05-06,7,4,3
2016-05-06,4,4,0
2016-05-06,0,0,0
2016-05-07,1,1,0
2016-05-07,2,0,2
2016-05-07,1,0,1
2016-05-07,0,0,0
2016-05-07,1,1,0
2016-05-07,0,0,0
2016-05-07,2,0,2
2016-05-07,5,3,2
2016-05-07,7,2,5
2016-05-07,14,14,0
2016-05-07,16,5,11
2016-05-07,29,9,20
2016-05-07,13,6,7
2016-05-07,18,13,5
2016-05-07,34,17,17
2016-05-07,16,7,9
2016-05-07,35,17,18
2016-05-07,13,9,4
2016-05-07,15,3,12
2016-05-07,19,14,5
2016-05-07,9,7,2
2016-05-07,7,2,5
2016-05-07,3,1,2
2016-05-07,1,0,1
2016-05-08,0,0,0
2016-05-08,3,0,3
2016-05-08,0,0,0
2016-05-08,0,0,0
2016-05-08,0,0,0
2016-05-08,0,0,0
2016-05-08,1,0,1
2016-05-08,1,1,0
2016-05-08,5,2,3
2016-05-08,4,4,0
2016-05-08,7,1,6
2016-05-08,16,7,9
2016-05-08,16,7,9
2016-05-08,9,5,4
2016-05-08,8,1,7
2016-05-08,10,2,8
2016-05-08,9,6,3
2016-05-08,4,2,2
2016-05-08,7,4,3
2016-05-08,4,3,1
2016-05-08,1,0,1
2016-05-08,6,6,0
2016-05-08,1,1,0
2016-05-08,0,0,0
2016-05-09,0,0,0
2016-05-09,0,0,0
2016-05-09,1,0,1
2016-05-09,0,0,0
2016-05-09,0,0,0
2016-05-09,1,0,1
2016-05-09,3,3,0
2016-05-09,11,7,4
2016-05-09,19,7,12
2016-05-09,6,3,3
2016-05-09,10,4,6
2016-05-09,7,5,2
2016-05-09,8,3,5
2016-05-09,10,3,7
2016-05-09,14,8,6
2016-05-09,10,4,6
2016-05-09,13,9,4
2016-05-09,22,11,11
2016-05-09,20,7,13
2016-05-09,14,5,9
2016-05-09,8,7,1
2016-05-09,2,1,1
2016-05-09,1,1,0
2016-05-09,2,1,1
2016-05-10,0,0,0
2016-05-10,0,0,0
2016-05-10,0,0,0
2016-05-10,0,0,0
2016-05-10,0,0,0
2016-05-10,2,0,2
2016-05-10,5,2,3
2016-05-10,12,8,4
2016-05-10,24,12,12
2016-05-10,10,4,6
2016-05-10,10,4,6
2016-05-10,11,5,6
2016-05-10,8,8,0
2016-05-10,6,4,2
2016-05-10,18,13,5
2016-05-10,24,10,14
2016-05-10,15,7,8
2016-05-10,17,9,8
2016-05-10,20,15,5
2016-05-10,14,2,12
2016-05-10,9,5,4
2016-05-10,2,2,0
2016-05-10,3,2,1
2016-05-10,1,1,0
2016-05-11,1,0,1
2016-05-11,1,1,0
2016-05-11,0,0,0
2016-05-11,0,0,0
2016-05-11,0,0,0
2016-05-11,1,0,1
2016-05-11,2,0,2
2016-05-11,14,7,7
2016-05-11,25,12,13
2016-05-11,13,6,7
2016-05-11,5,2,3
2016-05-11,12,5,7
2016-05-11,7,6,1
2016-05-11,9,5,4
2016-05-11,11,1,10
2016-05-11,12,6,6
2016-05-11,8,5,3
2016-05-11,32,12,20
2016-05-11,31,14,17
2016-05-11,24,11,13
2016-05-11,9,7,2
2016-05-11,4,4,0
2016-05-11,1,1,0
2016-05-11,1,0,1
2016-05-12,0,0,0
2016-05-12,3,2,1
2016-05-12,0,0,0
2016-05-12,0,0,0
2016-05-12,1,1,0
2016-05-12,1,0,1
2016-05-12,3,1,2
2016-05-12,12,6,6
2016-05-12,13,6,7
2016-05-12,12,5,7
2016-05-12,8,3,5
2016-05-12,8,3,5
2016-05-12,7,4,3
2016-05-12,3,1,2
2016-05-12,14,9,5
2016-05-12,14,9,5
2016-05-12,10,6,4
2016-05-12,33,17,16
2016-05-12,22,15,7
2016-05-12,13,8,5
2016-05-12,6,3,3
2016-05-12,11,7,4
2016-05-12,5,3,2
2016-05-12,2,0,2
2016-05-13,0,0,0
2016-05-13,0,0,0
2016-05-13,1,1,0
2016-05-13,0,0,0
2016-05-13,0,0,0
2016-05-13,0,0,0
2016-05-13,2,0,2
2016-05-13,11,5,6
2016-05-13,24,11,13
2016-05-13,15,8,7
2016-05-13,8,4,4
2016-05-13,8,3,5
2016-05-13,16,7,9
2016-05-13,14,10,4
2016-05-13,10,3,7
2016-05-13,7,4,3
2016-05-13,19,9,10
2016-05-13,24,14,10
2016-05-13,20,8,12
2016-05-13,5,0,5
2016-05-13,9,6,3
2016-05-13,5,5,0
2016-05-13,7,4,3
2016-05-13,3,0,3
2016-05-14,0,0,0
2016-05-14,4,3,1
2016-05-14,0,0,0
2016-05-14,3,2,1
2016-05-14,0,0,0
2016-05-14,0,0,0
2016-05-14,1,0,1
2016-05-14,1,1,0
2016-05-14,5,2,3
2016-05-14,17,11,6
2016-05-14,6,4,2
2016-05-14,8,5,3
2016-05-14,17,10,7
2016-05-14,2,1,1
2016-05-14,6,3,3
2016-05-14,2,2,0
2016-05-14,10,6,4
2016-05-14,7,5,2
2016-05-14,4,1,3
2016-05-14,1,0,1
2016-05-14,6,5,1
2016-05-14,0,0,0
2016-05-14,1,0,1
2016-05-14,0,0,0
2016-05-15,0,0,0
2016-05-15,0,0,0
2016-05-15,0,0,0
2016-05-15,4,2,2
2016-05-15,0,0,0
2016-05-15,0,0,0
2016-05-15,2,0,2
2016-05-15,3,2,1
2016-05-15,3,1,2
2016-05-15,4,2,2
2016-05-15,6,5,1
2016-05-15,3,0,3
2016-05-15,4,3,1
2016-05-15,16,8,8
2016-05-15,10,4,6
2016-05-15,8,2,6
2016-05-15,11,8,3
2016-05-15,4,3,1
2016-05-15,3,2,1
2016-05-15,3,1,2
2016-05-15,5,4,1
2016-05-15,1,1,0
2016-05-15,0,0,0
2016-05-15,0,0,0
2016-05-16,1,1,0
2016-05-16,1,0,1
2016-05-16,0,0,0
2016-05-16,0,0,0
2016-05-16,0,0,0
2016-05-16,1,0,1
2016-05-16,1,0,1
2016-05-16,9,3,6
2016-05-16,12,6,6
2016-05-16,11,6,5
2016-05-16,6,2,4
2016-05-16,8,3,5
2016-05-16,12,6,6
2016-05-16,5,2,3
2016-05-16,11,5,6
2016-05-16,4,2,2
2016-05-16,10,8,2
2016-05-16,17,9,8
2016-05-16,15,8,7
2016-05-16,15,6,9
2016-05-16,6,5,1
2016-05-16,2,2,0
2016-05-16,3,0,3
2016-05-16,1,0,1
2016-05-17,0,0,0
2016-05-17,0,0,0
2016-05-17,0,0,0
2016-05-17,0,0,0
2016-05-17,0,0,0
2016-05-17,2,1,1
2016-05-17,3,1,2
2016-05-17,9,6,3
2016-05-17,20,7,13
2016-05-17,8,3,5
2016-05-17,19,6,13
2016-05-17,9,4,5
2016-05-17,14,8,6
2016-05-17,8,4,4
2016-05-17,6,2,4
2016-05-17,16,8,8
2016-05-17,15,10,5
2016-05-17,37,6,31
2016-05-17,22,8,14
2016-05-17,30,21,9
2016-05-17,13,8,5
2016-05-17,4,1,3
2016-05-17,3,3,0
2016-05-17,2,2,0
2016-05-18,0,0,0
2016-05-18,0,0,0
2016-05-18,0,0,0
2016-05-18,2,2,0
2016-05-18,0,0,0
2016-05-18,3,2,1
2016-05-18,2,1,1
2016-05-18,15,7,8
2016-05-18,11,4,7
2016-05-18,15,8,7
2016-05-18,12,8,4
2016-05-18,5,2,3
2016-05-18,9,4,5
2016-05-18,9,5,4
2016-05-18,6,4,2
2016-05-18,11,5,6
2016-05-18,6,3,3
2016-05-18,9,6,3
2016-05-18,20,12,8
2016-05-18,17,11,6
2016-05-18,7,3,4
2016-05-18,7,6,1
2016-05-18,1,1,0
2016-05-18,0,0,0
2016-05-19,0,0,0
2016-05-19,0,0,0
2016-05-19,0,0,0
2016-05-19,0,0,0
2016-05-19,0,0,0
2016-05-19,1,0,1
2016-05-19,2,0,2
2016-05-19,10,5,5
2016-05-19,13,5,8
2016-05-19,8,4,4
2016-05-19,7,3,4
2016-05-19,11,4,7
2016-05-19,5,2,3
2016-05-19,9,3,6
2016-05-19,4,3,1
2016-05-19,7,4,3
2016-05-19,11,8,3
2016-05-19,9,6,3
2016-05-19,14,7,7
2016-05-19,12,5,7
2016-05-19,3,1,2
2016-05-19,5,5,0
2016-05-19,5,3,2
2016-05-19,0,0,0
2016-05-20,0,0,0
2016-05-20,0,0,0
2016-05-20,1,1,0
2016-05-20,0,0,0
2016-05-20,0,0,0
2016-05-20,1,1,0
2016-05-20,4,2,2
2016-05-20,18,8,10
2016-05-20,20,16,4
2016-05-20,9,4,5
2016-05-20,13,5,8
2016-05-20,14,7,7
2016-05-20,10,8,2
2016-05-20,5,1,4
2016-05-20,8,4,4
2016-05-20,11,3,8
2016-05-20,22,14,8
2016-05-20,17,11,6
2016-05-20,15,9,6
2016-05-20,8,4,4
2016-05-20,11,8,3
2016-05-20,1,0,1
2016-05-20,4,2,2
2016-05-20,2,2,0
2016-05-21,0,0,0
2016-05-21,1,0,1
2016-05-21,1,0,1
2016-05-21,0,0,0
2016-05-21,0,0,0
2016-05-21,0,0,0
2016-05-21,1,0,1
2016-05-21,0,0,0
2016-05-21,2,2,0
2016-05-21,5,3,2
2016-05-21,3,1,2
2016-05-21,2,1,1
2016-05-21,2,1,1
2016-05-21,3,3,0
2016-05-21,8,3,5
2016-05-21,9,2,7
2016-05-21,8,5,3
2016-05-21,17,11,6
2016-05-21,4,2,2
2016-05-21,2,0,2
2016-05-21,5,2,3
2016-05-21,1,1,0
2016-05-21,5,4,1
2016-05-21,3,1,2
2016-05-22,3,3,0
2016-05-22,1,1,0
2016-05-22,1,1,0
2016-05-22,0,0,0
2016-05-22,0,0,0
2016-05-22,1,0,1
2016-05-22,0,0,0
2016-05-22,1,0,1
2016-05-22,3,2,1
2016-05-22,8,2,6
2016-05-22,12,6,6
2016-05-22,22,6,16
2016-05-22,26,9,17
2016-05-22,22,17,5
2016-05-22,33,20,13
2016-05-22,16,7,9
2016-05-22,19,11,8
2016-05-22,12,8,4
2016-05-22,3,2,1
2016-05-22,2,1,1
2016-05-22,0,0,0
2016-05-22,2,1,1
2016-05-22,1,0,1
2016-05-22,1,0,1
2016-05-23,0,0,0
2016-05-23,0,0,0
2016-05-23,2,1,1
2016-05-23,2,2,0
2016-05-23,0,0,0
2016-05-23,1,0,1
2016-05-23,0,0,0
2016-05-23,8,2,6
2016-05-23,21,11,10
2016-05-23,12,5,7
2016-05-23,8,2,6
2016-05-23,11,2,9
2016-05-23,7,4,3
2016-05-23,10,5,5
2016-05-23,5,2,3
2016-05-23,11,4,7
2016-05-23,14,10,4
2016-05-23,16,9,7
2016-05-23,19,8,11
2016-05-23,15,9,6
2016-05-23,8,5,3
2016-05-23,0,0,0
2016-05-23,2,1,1
2016-05-23,0,0,0
2016-05-24,0,0,0
2016-05-24,0,0,0
2016-05-24,0,0,0
2016-05-24,0,0,0
2016-05-24,0,0,0
2016-05-24,2,1,1
2016-05-24,1,0,1
2016-05-24,15,8,7
2016-05-24,19,10,9
2016-05-24,13,6,7
2016-05-24,7,1,6
2016-05-24,3,3,0
2016-05-24,8,2,6
2016-05-24,12,8,4
2016-05-24,4,2,2
2016-05-24,10,4,6
2016-05-24,11,7,4
2016-05-24,23,12,11
2016-05-24,19,8,11
2016-05-24,18,5,13
2016-05-24,9,4,5
2016-05-24,5,4,1
2016-05-24,3,2,1
2016-05-24,0,0,0
2016-05-25,0,0,0
2016-05-25,0,0,0
2016-05-25,1,1,0
2016-05-25,0,0,0
2016-05-25,0,0,0
2016-05-25,0,0,0
2016-05-25,3,0,3
2016-05-25,9,3,6
2016-05-25,16,12,4
2016-05-25,12,7,5
2016-05-25,7,2,5
2016-05-25,7,2,5
2016-05-25,4,1,3
2016-05-25,4,3,1
2016-05-25,6,3,3
2016-05-25,2,2,0
2016-05-25,19,15,4
2016-05-25,12,8,4
2016-05-25,22,15,7
2016-05-25,9,5,4
2016-05-25,6,3,3
2016-05-25,4,1,3
2016-05-25,2,1,1
2016-05-25,0,0,0
2016-05-26,1,1,0
2016-05-26,0,0,0
2016-05-26,0,0,0
2016-05-26,0,0,0
2016-05-26,0,0,0
2016-05-26,2,0,2
2016-05-26,2,0,2
2016-05-26,10,5,5
2016-05-26,14,6,8
2016-05-26,14,5,9
2016-05-26,9,5,4
2016-05-26,6,4,2
2016-05-26,4,1,3
2016-05-26,12,4,8
2016-05-26,5,2,3
2016-05-26,7,2,5
2016-05-26,5,1,4
2016-05-26,14,8,6
2016-05-26,16,8,8
2016-05-26,16,13,3
2016-05-26,5,4,1
2016-05-26,6,5,1
2016-05-26,4,1,3
2016-05-26,1,1,0
2016-05-27,0,0,0
2016-05-27,0,0,0
2016-05-27,0,0,0
2016-05-27,0,0,0
2016-05-27,0,0,0
2016-05-27,0,0,0
2016-05-27,2,0,2
2016-05-27,7,4,3
2016-05-27,14,9,5
2016-05-27,4,4,0
2016-05-27,10,3,7
2016-05-27,8,5,3
2016-05-27,4,4,0
2016-05-27,12,6,6
2016-05-27,9,8,1
2016-05-27,6,5,1
2016-05-27,17,9,8
2016-05-27,16,14,2
2016-05-27,4,1,3
2016-05-27,8,1,7
2016-05-27,4,3,1
2016-05-27,0,0,0
2016-05-27,1,0,1
2016-05-27,1,0,1
2016-05-28,0,0,0
2016-05-28,0,0,0
2016-05-28,0,0,0
2016-05-28,0,0,0
2016-05-28,0,0,0
2016-05-28,0,0,0
2016-05-28,1,0,1
2016-05-28,2,1,1
2016-05-28,2,0,2
2016-05-28,5,3,2
2016-05-28,7,1,6
2016-05-28,10,3,7
2016-05-28,10,6,4
2016-05-28,3,3,0
2016-05-28,5,2,3
2016-05-28,4,3,1
2016-05-28,11,6,5
2016-05-28,3,1,2
2016-05-28,8,4,4
2016-05-28,10,7,3
2016-05-28,1,1,0
2016-05-28,0,0,0
2016-05-28,2,0,2
2016-05-28,0,0,0
2016-05-29,0,0,0
2016-05-29,1,0,1
2016-05-29,2,0,2
2016-05-29,0,0,0
2016-05-29,0,0,0
2016-05-29,0,0,0
2016-05-29,1,0,1
2016-05-29,3,1,2
2016-05-29,1,0,1
2016-05-29,2,2,0
2016-05-29,0,0,0
2016-05-29,5,0,5
2016-05-29,4,0,4
2016-05-29,13,8,5
2016-05-29,6,3,3
2016-05-29,9,4,5
2016-05-29,3,2,1
2016-05-29,7,2,5
2016-05-29,10,3,7
2016-05-29,4,1,3
2016-05-29,2,0,2
2016-05-29,3,3,0
2016-05-29,2,0,2
2016-05-29,4,3,1
2016-05-30,2,2,0
2016-05-30,0,0,0
2016-05-30,0,0,0
2016-05-30,0,0,0
2016-05-30,1,1,0
2016-05-30,0,0,0
2016-05-30,0,0,0
2016-05-30,1,1,0
2016-05-30,3,1,2
2016-05-30,10,2,8
2016-05-30,19,9,10
2016-05-30,33,10,23
2016-05-30,26,12,14
2016-05-30,20,15,5
2016-05-30,37,14,23
2016-05-30,16,9,7
2016-05-30,20,12,8
2016-05-30,17,11,6
2016-05-30,16,13,3
2016-05-30,13,7,6
2016-05-30,3,1,2
2016-05-30,2,1,1
2016-05-30,6,1,5
2016-05-30,0,0,0
2016-05-31,0,0,0
2016-05-31,1,0,1
2016-05-31,0,0,0
2016-05-31,0,0,0
2016-05-31,0,0,0
2016-05-31,1,0,1
2016-05-31,3,1,2
2016-05-31,7,5,2
2016-05-31,17,4,13
2016-05-31,9,6,3
2016-05-31,9,5,4
2016-05-31,12,3,9
2016-05-31,13,6,7
2016-05-31,7,3,4
2016-05-31,11,5,6
2016-05-31,8,4,4
2016-05-31,10,6,4
2016-05-31,23,10,13
2016-05-31,15,9,6
2016-05-31,18,5,13
2016-05-31,8,7,1
2016-05-31,6,4,2
2016-05-31,3,3,0
2016-05-31,2,1,1
2016-06-01,1,0,1
2016-06-01,0,0,0
2016-06-01,0,0,0
2016-06-01,1,1,0
2016-06-01,0,0,0
2016-06-01,1,0,1
2016-06-01,3,0,3
2016-06-01,19,11,8
2016-06-01,16,8,8
2016-06-01,11,6,5
2016-06-01,8,5,3
2016-06-01,6,2,4
2016-06-01,15,7,8
2016-06-01,4,0,4
2016-06-01,2,0,2
2016-06-01,7,1,6
2016-06-01,16,6,10
2016-06-01,18,10,8
2016-06-01,21,12,9
2016-06-01,19,11,8
2016-06-01,6,2,4
2016-06-01,8,3,5
2016-06-01,5,5,0
2016-06-01,1,1,0
2016-06-02,0,0,0
2016-06-02,1,1,0
2016-06-02,0,0,0
2016-06-02,0,0,0
2016-06-02,0,0,0
2016-06-02,1,0,1
2016-06-02,4,2,2
2016-06-02,6,5,1
2016-06-02,13,4,9
2016-06-02,13,6,7
2016-06-02,5,4,1
2016-06-02,6,4,2
2016-06-02,8,6,2
2016-06-02,5,1,4
2016-06-02,8,6,2
2016-06-02,9,4,5
2016-06-02,13,8,5
2016-06-02,19,12,7
2016-06-02,11,8,3
2016-06-02,10,3,7
2016-06-02,4,1,3
2016-06-02,4,3,1
2016-06-02,2,0,2
2016-06-02,2,1,1
2016-06-03,2,1,1
2016-06-03,0,0,0
2016-06-03,0,0,0
2016-06-03,0,0,0
2016-06-03,0,0,0
2016-06-03,0,0,0
2016-06-03,1,1,0
2016-06-03,12,6,6
2016-06-03,18,8,10
2016-06-03,15,7,8
2016-06-03,15,7,8
2016-06-03,7,3,4
2016-06-03,10,6,4
2016-06-03,15,5,10
2016-06-03,11,5,6
2016-06-03,21,9,12
2016-06-03,22,14,8
2016-06-03,21,13,8
2016-06-03,14,2,12
2016-06-03,17,4,13
2016-06-03,16,8,8
2016-06-03,5,4,1
2016-06-03,1,1,0
2016-06-03,2,2,0
2016-06-04,1,1,0
2016-06-04,0,0,0
2016-06-04,0,0,0
2016-06-04,0,0,0
2016-06-04,0,0,0
2016-06-04,4,2,2
2016-06-04,2,1,1
2016-06-04,7,2,5
2016-06-04,9,6,3
2016-06-04,14,10,4
2016-06-04,24,10,14
2016-06-04,22,14,8
2016-06-04,28,13,15
2016-06-04,12,5,7
2016-06-04,26,11,15
2016-06-04,22,9,13
2016-06-04,12,7,5
2016-06-04,16,13,3
2016-06-04,11,5,6
2016-06-04,8,8,0
2016-06-04,14,7,7
2016-06-04,13,10,3
2016-06-04,1,0,1
2016-06-04,2,1,1
2016-06-05,3,3,0
2016-06-05,0,0,0
2016-06-05,0,0,0
2016-06-05,1,0,1
2016-06-05,0,0,0
2016-06-05,1,0,1
2016-06-05,1,0,1
2016-06-05,3,1,2
2016-06-05,5,2,3
2016-06-05,11,5,6
2016-06-05,17,4,13
2016-06-05,18,9,9
2016-06-05,20,12,8
2016-06-05,32,14,18
2016-06-05,24,10,14
2016-06-05,30,19,11
2016-06-05,18,12,6
2016-06-05,12,5,7
2016-06-05,11,6,5
2016-06-05,12,2,10
2016-06-05,4,2,2
2016-06-05,5,2,3
2016-06-05,3,3,0
2016-06-05,0,0,0
2016-06-06,1,1,0
2016-06-06,0,0,0
2016-06-06,0,0,0
2016-06-06,3,0,3
2016-06-06,1,1,0
2016-06-06,0,0,0
2016-06-06,1,0,1
2016-06-06,6,1,5
2016-06-06,26,12,14
2016-06-06,11,6,5
2016-06-06,10,4,6
2016-06-06,9,2,7
2016-06-06,8,5,3
2016-06-06,10,6,4
2016-06-06,16,5,11
2016-06-06,13,2,11
2016-06-06,16,8,8
2016-06-06,25,20,5
2016-06-06,30,16,14
2016-06-06,26,12,14
2016-06-06,6,5,1
2016-06-06,10,9,1
2016-06-06,5,4,1
2016-06-06,0,0,0
2016-06-07,0,0,0
2016-06-07,0,0,0
2016-06-07,1,1,0
2016-06-07,0,0,0
2016-06-07,0,0,0
2016-06-07,0,0,0
2016-06-07,3,1,2
2016-06-07,8,5,3
2016-06-07,16,7,9
2016-06-07,11,4,7
2016-06-07,15,7,8
2016-06-07,4,1,3
2016-06-07,14,8,6
2016-06-07,7,1,6
2016-06-07,5,0,5
2016-06-07,7,5,2
2016-06-07,13,8,5
2016-06-07,24,12,12
2016-06-07,25,9,16
2016-06-07,17,16,1
2016-06-07,14,9,5
2016-06-07,2,0,2
2016-06-07,0,0,0
2016-06-07,0,0,0
2016-06-08,4,4,0
2016-06-08,0,0,0
2016-06-08,1,0,1
2016-06-08,0,0,0
2016-06-08,0,0,0
2016-06-08,0,0,0
2016-06-08,5,3,2
2016-06-08,7,3,4
2016-06-08,16,8,8
2016-06-08,12,7,5
2016-06-08,5,2,3
2016-06-08,3,3,0
2016-06-08,7,2,5
2016-06-08,4,0,4
2016-06-08,5,4,1
2016-06-08,6,3,3
2016-06-08,10,4,6
2016-06-08,16,10,6
2016-06-08,17,11,6
2016-06-08,12,6,6
2016-06-08,11,7,4
2016-06-08,7,2,5
2016-06-08,4,2,2
2016-06-08,14,9,5
2016-06-09,1,1,0
2016-06-09,1,0,1
2016-06-09,3,0,3
2016-06-09,0,0,0
2016-06-09,0,0,0
2016-06-09,1,0,1
2016-06-09,3,1,2
2016-06-09,7,6,1
2016-06-09,13,6,7
2016-06-09,7,4,3
2016-06-09,14,5,9
2016-06-09,10,2,8
2016-06-09,6,6,0
2016-06-09,4,2,2
2016-06-09,2,1,1
2016-06-09,2,1,1
2016-06-09,11,7,4
2016-06-09,5,3,2
2016-06-09,20,11,9
2016-06-09,12,5,7
2016-06-09,8,5,3
2016-06-09,3,2,1
2016-06-09,3,1,2
2016-06-09,1,1,0
2016-06-10,0,0,0
2016-06-10,0,0,0
2016-06-10,1,0,1
2016-06-10,0,0,0
2016-06-10,0,0,0
2016-06-10,2,0,2
2016-06-10,2,2,0
2016-06-10,8,4,4
2016-06-10,10,4,6
2016-06-10,8,5,3
2016-06-10,9,5,4
2016-06-10,4,1,3
2016-06-10,11,3,8
2016-06-10,19,9,10
2016-06-10,10,7,3
2016-06-10,3,1,2
2016-06-10,10,4,6
2016-06-10,11,6,5
2016-06-10,2,1,1
2016-06-10,6,5,1
2016-06-10,5,3,2
2016-06-10,4,2,2
2016-06-10,0,0,0
2016-06-10,6,4,2
2016-06-11,1,1,0
2016-06-11,0,0,0
2016-06-11,0,0,0
2016-06-11,2,2,0
2016-06-11,0,0,0
2016-06-11,1,1,0
2016-06-11,0,0,0
2016-06-11,7,4,3
2016-06-11,2,1,1
2016-06-11,4,3,1
2016-06-11,7,2,5
2016-06-11,25,12,13
2016-06-11,16,6,10
2016-06-11,13,9,4
2016-06-11,9,7,2
2016-06-11,13,5,8
2016-06-11,10,8,2
2016-06-11,14,9,5
2016-06-11,9,5,4
2016-06-11,3,0,3
2016-06-11,8,5,3
2016-06-11,5,3,2
2016-06-11,1,1,0
2016-06-11,0,0,0
2016-06-12,0,0,0
2016-06-12,0,0,0
2016-06-12,0,0,0
2016-06-12,0,0,0
2016-06-12,0,0,0
2016-06-12,0,0,0
2016-06-12,0,0,0
2016-06-12,0,0,0
2016-06-12,6,2,4
2016-06-12,11,4,7
2016-06-12,17,12,5
2016-06-12,21,9,12
2016-06-12,7,3,4
2016-06-12,20,7,13
2016-06-12,21,10,11
2016-06-12,22,10,12
2016-06-12,21,12,9
2016-06-12,16,5,11
2016-06-12,23,13,10
2016-06-12,16,7,9
2016-06-12,7,2,5
2016-06-12,7,5,2
2016-06-12,4,3,1
2016-06-12,3,1,2
2016-06-13,0,0,0
2016-06-13,1,0,1
2016-06-13,0,0,0
2016-06-13,1,1,0
2016-06-13,0,0,0
2016-06-13,2,1,1
2016-06-13,0,0,0
2016-06-13,6,3,3
2016-06-13,14,4,10
2016-06-13,19,5,14
2016-06-13,2,0,2
2016-06-13,2,1,1
2016-06-13,4,0,4
2016-06-13,4,0,4
2016-06-13,17,13,4
2016-06-13,11,5,6
2016-06-13,11,4,7
2016-06-13,9,7,2
2016-06-13,17,9,8
2016-06-13,4,2,2
2016-06-13,3,1,2
2016-06-13,5,5,0
2016-06-13,3,2,1
2016-06-13,3,1,2
2016-06-14,0,0,0
2016-06-14,0,0,0
2016-06-14,0,0,0
2016-06-14,0,0,0
2016-06-14,3,1,2
2016-06-14,1,0,1
2016-06-14,4,3,1
2016-06-14,5,4,1
2016-06-14,8,3,5
2016-06-14,10,5,5
2016-06-14,8,0,8
2016-06-14,8,2,6
2016-06-14,9,4,5
2016-06-14,11,5,6
2016-06-14,9,4,5
2016-06-14,10,8,2
2016-06-14,8,7,1
2016-06-14,15,4,11
2016-06-14,21,10,11
2016-06-14,15,10,5
2016-06-14,1,0,1
2016-06-14,6,3,3
2016-06-14,0,0,0
2016-06-14,1,1,0
2016-06-15,0,0,0
2016-06-15,0,0,0
2016-06-15,0,0,0
2016-06-15,0,0,0
2016-06-15,0,0,0
2016-06-15,4,0,4
2016-06-15,0,0,0
2016-06-15,14,11,3
2016-06-15,9,5,4
2016-06-15,17,4,13
2016-06-15,5,3,2
2016-06-15,11,4,7
2016-06-15,14,6,8
2016-06-15,12,5,7
2016-06-15,4,2,2
2016-06-15,15,8,7
2016-06-15,11,7,4
2016-06-15,25,16,9
2016-06-15,27,15,12
2016-06-15,14,6,8
2016-06-15,12,7,5
2016-06-15,10,6,4
2016-06-15,7,7,0
2016-06-15,1,1,0
2016-06-16,1,0,1
2016-06-16,0,0,0
2016-06-16,0,0,0
2016-06-16,0,0,0
2016-06-16,0,0,0
2016-06-16,1,0,1
2016-06-16,1,0,1
2016-06-16,12,10,2
2016-06-16,10,4,6
2016-06-16,14,7,7
2016-06-16,6,0,6
2016-06-16,8,4,4
2016-06-16,5,2,3
2016-06-16,15,4,11
2016-06-16,10,7,3
2016-06-16,10,3,7
2016-06-16,13,7,6
2016-06-16,9,5,4
2016-06-16,19,13,6
2016-06-16,15,10,5
2016-06-16,11,9,2
2016-06-16,5,3,2
2016-06-16,3,1,2
2016-06-16,1,1,0
2016-06-17,0,0,0
2016-06-17,0,0,0
2016-06-17,2,0,2
2016-06-17,0,0,0
2016-06-17,1,1,0
2016-06-17,0,0,0
2016-06-17,2,0,2
2016-06-17,4,3,1
2016-06-17,15,5,10
2016-06-17,12,6,6
2016-06-17,6,3,3
2016-06-17,6,4,2
2016-06-17,14,7,7
2016-06-17,11,5,6
2016-06-17,9,5,4
2016-06-17,3,3,0
2016-06-17,10,7,3
2016-06-17,12,3,9
2016-06-17,8,5,3
2016-06-17,5,2,3
2016-06-17,9,7,2
2016-06-17,1,0,1
2016-06-17,4,1,3
2016-06-17,2,1,1
2016-06-18,0,0,0
2016-06-18,0,0,0
2016-06-18,0,0,0
2016-06-18,0,0,0
2016-06-18,0,0,0
2016-06-18,0,0,0
2016-06-18,2,2,0
2016-06-18,0,0,0
2016-06-18,4,1,3
2016-06-18,7,4,3
2016-06-18,9,4,5
2016-06-18,3,1,2
2016-06-18,12,9,3
2016-06-18,10,2,8
2016-06-18,23,19,4
2016-06-18,6,4,2
2016-06-18,7,5,2
2016-06-18,12,6,6
2016-06-18,1,1,0
2016-06-18,0,0,0
2016-06-18,4,1,3
2016-06-18,3,3,0
2016-06-18,1,0,1
2016-06-18,0,0,0
2016-06-19,1,1,0
2016-06-19,0,0,0
2016-06-19,0,0,0
2016-06-19,0,0,0
2016-06-19,0,0,0
2016-06-19,0,0,0
2016-06-19,1,0,1
2016-06-19,4,2,2
2016-06-19,2,2,0
2016-06-19,4,3,1
2016-06-19,15,2,13
2016-06-19,8,5,3
2016-06-19,9,3,6
2016-06-19,18,8,10
2016-06-19,22,11,11
2016-06-19,10,4,6
2016-06-19,24,14,10
2016-06-19,28,16,12
2016-06-19,8,7,1
2016-06-19,3,3,0
2016-06-19,4,1,3
2016-06-19,2,2,0
2016-06-19,0,0,0
2016-06-19,0,0,0
2016-06-20,1,1,0
2016-06-20,0,0,0
2016-06-20,0,0,0
2016-06-20,0,0,0
2016-06-20,0,0,0
2016-06-20,1,1,0
2016-06-20,4,1,3
2016-06-20,10,6,4
2016-06-20,13,4,9
2016-06-20,10,6,4
2016-06-20,9,1,8
2016-06-20,5,0,5
2016-06-20,11,4,7
2016-06-20,10,6,4
2016-06-20,4,3,1
2016-06-20,11,5,6
2016-06-20,9,3,6
2016-06-20,14,10,4
2016-06-20,18,9,9
2016-06-20,15,6,9
2016-06-20,11,5,6
2016-06-20,7,2,5
2016-06-20,5,2,3
2016-06-20,0,0,0
2016-06-21,0,0,0
2016-06-21,0,0,0
2016-06-21,0,0,0
2016-06-21,0,0,0
2016-06-21,0,0,0
2016-06-21,1,0,1
2016-06-21,2,1,1
2016-06-21,10,6,4
2016-06-21,15,10,5
2016-06-21,9,2,7
2016-06-21,11,3,8
2016-06-21,8,4,4
2016-06-21,12,6,6
2016-06-21,11,4,7
2016-06-21,8,6,2
2016-06-21,11,5,6
2016-06-21,14,5,9
2016-06-21,14,7,7
2016-06-21,33,16,17
2016-06-21,19,3,16
2016-06-21,16,10,6
2016-06-21,7,3,4
2016-06-21,6,2,4
2016-06-21,1,1,0
2016-06-22,0,0,0
2016-06-22,0,0,0
2016-06-22,0,0,0
2016-06-22,0,0,0
2016-06-22,0,0,0
2016-06-22,1,0,1
2016-06-22,4,1,3
2016-06-22,8,6,2
2016-06-22,16,11,5
2016-06-22,8,1,7
2016-06-22,22,6,16
2016-06-22,8,4,4
2016-06-22,8,2,6
2016-06-22,7,4,3
2016-06-22,8,4,4
2016-06-22,9,8,1
2016-06-22,11,5,6
2016-06-22,15,7,8
2016-06-22,27,11,16
2016-06-22,15,9,6
2016-06-22,6,3,3
2016-06-22,3,3,0
2016-06-22,1,1,0
2016-06-22,2,2,0
2016-06-23,0,0,0
2016-06-23,0,0,0
2016-06-23,1,1,0
2016-06-23,1,0,1
2016-06-23,0,0,0
2016-06-23,4,2,2
2016-06-23,1,1,0
2016-06-23,9,7,2
2016-06-23,8,4,4
2016-06-23,11,6,5
2016-06-23,6,3,3
2016-06-23,8,1,7
2016-06-23,11,2,9
2016-06-23,7,2,5
2016-06-23,8,4,4
2016-06-23,6,6,0
2016-06-23,8,5,3
2016-06-23,7,4,3
2016-06-23,6,3,3
2016-06-23,6,2,4
2016-06-23,4,3,1
2016-06-23,4,4,0
2016-06-23,2,1,1
2016-06-23,0,0,0
2016-06-24,0,0,0
2016-06-24,0,0,0
2016-06-24,0,0,0
2016-06-24,0,0,0
2016-06-24,0,0,0
2016-06-24,1,0,1
2016-06-24,2,0,2
2016-06-24,4,2,2
2016-06-24,9,5,4
2016-06-24,7,3,4
2016-06-24,7,3,4
2016-06-24,6,2,4
2016-06-24,20,8,12
2016-06-24,6,2,4
2016-06-24,9,3,6
2016-06-24,17,8,9
2016-06-24,6,1,5
2016-06-24,9,3,6
2016-06-24,13,9,4
2016-06-24,7,3,4
2016-06-24,3,2,1
2016-06-24,4,4,0
2016-06-24,2,0,2
2016-06-24,4,2,2
2016-06-25,3,2,1
2016-06-25,2,1,1
2016-06-25,2,1,1
2016-06-25,0,0,0
2016-06-25,0,0,0
2016-06-25,1,1,0
2016-06-25,0,0,0
2016-06-25,2,1,1
2016-06-25,11,6,5
2016-06-25,11,5,6
2016-06-25,12,6,6
2016-06-25,18,8,10
2016-06-25,20,7,13
2016-06-25,12,8,4
2016-06-25,14,2,12
2016-06-25,12,5,7
2016-06-25,14,11,3
2016-06-25,14,7,7
2016-06-25,22,15,7
2016-06-25,2,2,0
2016-06-25,6,6,0
2016-06-25,5,2,3
2016-06-25,3,0,3
2016-06-25,4,4,0
2016-06-26,2,1,1
2016-06-26,0,0,0
2016-06-26,0,0,0
2016-06-26,0,0,0
2016-06-26,0,0,0
2016-06-26,0,0,0
2016-06-26,1,1,0
2016-06-26,0,0,0
2016-06-26,5,2,3
2016-06-26,18,5,13
2016-06-26,15,8,7
2016-06-26,23,13,10
2016-06-26,28,9,19
2016-06-26,32,8,24
2016-06-26,24,11,13
2016-06-26,30,20,10
2016-06-26,31,24,7
2016-06-26,19,14,5
2016-06-26,16,12,4
2016-06-26,7,5,2
2016-06-26,5,4,1
2016-06-26,8,3,5
2016-06-26,1,0,1
2016-06-26,0,0,0
2016-06-27,2,2,0
2016-06-27,0,0,0
2016-06-27,0,0,0
2016-06-27,0,0,0
2016-06-27,1,1,0
2016-06-27,1,0,1
2016-06-27,3,1,2
2016-06-27,13,5,8
2016-06-27,16,7,9
2016-06-27,8,5,3
2016-06-27,8,2,6
2016-06-27,6,1,5
2016-06-27,6,2,4
2016-06-27,11,7,4
2016-06-27,2,1,1
2016-06-27,9,4,5
2016-06-27,21,9,12
2016-06-27,23,8,15
2016-06-27,29,21,8
2016-06-27,13,9,4
2016-06-27,25,10,15
2016-06-27,12,8,4
2016-06-27,7,5,2
2016-06-27,5,3,2
2016-06-28,1,0,1
2016-06-28,0,0,0
2016-06-28,0,0,0
2016-06-28,0,0,0
2016-06-28,1,0,1
2016-06-28,0,0,0
2016-06-28,2,0,2
2016-06-28,7,5,2
2016-06-28,16,3,13
2016-06-28,8,6,2
2016-06-28,12,5,7
2016-06-28,5,2,3
2016-06-28,14,6,8
2016-06-28,8,5,3
2016-06-28,15,6,9
2016-06-28,18,10,8
2016-06-28,13,9,4
2016-06-28,15,9,6
2016-06-28,27,16,11
2016-06-28,27,11,16
2016-06-28,15,9,6
2016-06-28,14,10,4
2016-06-28,8,7,1
2016-06-28,1,1,0
2016-06-29,1,0,1
2016-06-29,2,0,2
2016-06-29,0,0,0
2016-06-29,0,0,0
2016-06-29,0,0,0
2016-06-29,2,2,0
2016-06-29,2,1,1
2016-06-29,8,4,4
2016-06-29,11,2,9
2016-06-29,13,3,10
2016-06-29,12,4,8
2016-06-29,10,6,4
2016-06-29,7,3,4
2016-06-29,16,8,8
2016-06-29,4,2,2
2016-06-29,8,5,3
2016-06-29,20,8,12
2016-06-29,30,14,16
2016-06-29,31,13,18
2016-06-29,22,12,10
2016-06-29,10,8,2
2016-06-29,11,7,4
2016-06-29,5,4,1
2016-06-29,0,0,0
2016-06-30,0,0,0
2016-06-30,0,0,0
2016-06-30,0,0,0
2016-06-30,0,0,0
2016-06-30,0,0,0
2016-06-30,1,0,1
2016-06-30,1,1,0
2016-06-30,14,9,5
2016-06-30,10,3,7
2016-06-30,8,5,3
2016-06-30,7,4,3
2016-06-30,2,0,2
2016-06-30,8,2,6
2016-06-30,5,2,3
2016-06-30,5,3,2
2016-06-30,5,4,1
2016-06-30,11,2,9
2016-06-30,28,18,10
2016-06-30,17,12,5
2016-06-30,13,5,8
2016-06-30,11,5,6
2016-06-30,9,3,6
2016-06-30,9,6,3
2016-06-30,3,2,1
2016-07-01,1,0,1
2016-07-01,0,0,0
2016-07-01,0,0,0
2016-07-01,2,1,1
2016-07-01,0,0,0
2016-07-01,1,0,1
2016-07-01,2,0,2
2016-07-01,9,6,3
2016-07-01,7,1,6
2016-07-01,5,3,2
2016-07-01,4,1,3
2016-07-01,19,4,15
2016-07-01,11,5,6
2016-07-01,17,8,9
2016-07-01,12,4,8
2016-07-01,9,5,4
2016-07-01,13,7,6
2016-07-01,24,16,8
2016-07-01,20,10,10
2016-07-01,15,6,9
2016-07-01,12,2,10
2016-07-01,5,4,1
2016-07-01,6,3,3
2016-07-01,5,2,3
2016-07-02,2,2,0
2016-07-02,1,0,1
2016-07-02,2,0,2
2016-07-02,0,0,0
2016-07-02,2,0,2
2016-07-02,3,3,0
2016-07-02,1,0,1
2016-07-02,0,0,0
2016-07-02,5,1,4
2016-07-02,8,6,2
2016-07-02,16,10,6
2016-07-02,10,3,7
2016-07-02,18,7,11
2016-07-02,22,9,13
2016-07-02,15,6,9
2016-07-02,16,5,11
2016-07-02,18,7,11
2016-07-02,18,6,12
2016-07-02,9,5,4
2016-07-02,10,8,2
2016-07-02,0,0,0
2016-07-02,4,2,2
2016-07-02,0,0,0
2016-07-02,3,2,1
2016-07-03,1,1,0
2016-07-03,0,0,0
2016-07-03,2,2,0
2016-07-03,1,1,0
2016-07-03,0,0,0
2016-07-03,0,0,0
2016-07-03,1,0,1
2016-07-03,2,2,0
2016-07-03,7,4,3
2016-07-03,9,5,4
2016-07-03,10,6,4
2016-07-03,30,21,9
2016-07-03,21,12,9
2016-07-03,20,10,10
2016-07-03,19,6,13
2016-07-03,18,5,13
2016-07-03,20,10,10
2016-07-03,15,6,9
2016-07-03,17,7,10
2016-07-03,13,5,8
2016-07-03,9,9,0
2016-07-03,4,4,0
2016-07-03,4,4,0
2016-07-03,0,0,0
2016-07-04,4,3,1
2016-07-04,2,2,0
2016-07-04,1,0,1
2016-07-04,0,0,0
2016-07-04,0,0,0
2016-07-04,0,0,0
2016-07-04,0,0,0
2016-07-04,3,1,2
2016-07-04,1,1,0
2016-07-04,6,1,5
2016-07-04,5,1,4
2016-07-04,19,9,10
2016-07-04,15,5,10
2016-07-04,17,8,9
2016-07-04,20,9,11
2016-07-04,10,10,0
2016-07-04,22,12,10
2016-07-04,11,4,7
2016-07-04,3,2,1
2016-07-04,9,7,2
2016-07-04,10,9,1
2016-07-04,1,0,1
2016-07-04,2,0,2
2016-07-04,3,2,1
2016-07-05,0,0,0
2016-07-05,0,0,0
2016-07-05,0,0,0
2016-07-05,0,0,0
2016-07-05,0,0,0
2016-07-05,2,0,2
2016-07-05,3,2,1
2016-07-05,5,3,2
2016-07-05,15,10,5
2016-07-05,9,4,5
2016-07-05,10,3,7
2016-07-05,7,3,4
2016-07-05,7,0,7
2016-07-05,4,4,0
2016-07-05,12,6,6
2016-07-05,16,9,7
2016-07-05,18,11,7
2016-07-05,12,2,10
2016-07-05,16,8,8
2016-07-05,20,11,9
2016-07-05,3,1,2
2016-07-05,4,3,1
2016-07-05,4,3,1
2016-07-05,1,0,1
2016-07-06,1,0,1
2016-07-06,1,1,0
2016-07-06,1,1,0
2016-07-06,0,0,0
2016-07-06,0,0,0
2016-07-06,1,0,1
2016-07-06,2,1,1
2016-07-06,12,9,3
2016-07-06,11,2,9
2016-07-06,18,9,9
2016-07-06,20,8,12
2016-07-06,10,6,4
2016-07-06,11,7,4
2016-07-06,9,5,4
2016-07-06,16,7,9
2016-07-06,14,4,10
2016-07-06,18,10,8
2016-07-06,26,15,11
2016-07-06,30,19,11
2016-07-06,23,12,11
2016-07-06,15,7,8
2016-07-06,4,0,4
2016-07-06,4,4,0
2016-07-06,1,1,0
2016-07-07,1,1,0
2016-07-07,0,0,0
2016-07-07,0,0,0
2016-07-07,0,0,0
2016-07-07,0,0,0
2016-07-07,0,0,0
2016-07-07,3,0,3
2016-07-07,6,2,4
2016-07-07,10,3,7
2016-07-07,5,2,3
2016-07-07,7,3,4
2016-07-07,11,5,6
2016-07-07,5,3,2
2016-07-07,4,2,2
2016-07-07,2,1,1
2016-07-07,9,7,2
2016-07-07,11,8,3
2016-07-07,13,7,6
2016-07-07,7,2,5
2016-07-07,7,1,6
2016-07-07,4,4,0
2016-07-07,4,1,3
2016-07-07,3,3,0
2016-07-07,1,1,0
2016-07-08,0,0,0
2016-07-08,0,0,0
2016-07-08,0,0,0
2016-07-08,0,0,0
2016-07-08,0,0,0
2016-07-08,0,0,0
2016-07-08,3,2,1
2016-07-08,7,5,2
2016-07-08,13,10,3
2016-07-08,7,3,4
2016-07-08,5,2,3
2016-07-08,7,4,3
2016-07-08,12,5,7
2016-07-08,10,5,5
2016-07-08,15,4,11
2016-07-08,19,14,5
2016-07-08,19,10,9
2016-07-08,17,8,9
2016-07-08,11,4,7
2016-07-08,12,8,4
2016-07-08,12,7,5
2016-07-08,5,5,0
2016-07-08,4,0,4
2016-07-08,0,0,0
2016-07-09,2,2,0
2016-07-09,0,0,0
2016-07-09,0,0,0
2016-07-09,0,0,0
2016-07-09,1,0,1
2016-07-09,2,0,2
2016-07-09,0,0,0
2016-07-09,2,1,1
2016-07-09,8,4,4
2016-07-09,11,6,5
2016-07-09,16,7,9
2016-07-09,13,6,7
2016-07-09,37,17,20
2016-07-09,26,12,14
2016-07-09,25,9,16
2016-07-09,28,15,13
2016-07-09,40,19,21
2016-07-09,20,12,8
2016-07-09,28,15,13
2016-07-09,14,10,4
2016-07-09,19,9,10
2016-07-09,5,5,0
2016-07-09,12,9,3
2016-07-09,2,1,1
2016-07-10,3,2,1
2016-07-10,3,3,0
2016-07-10,2,1,1
2016-07-10,0,0,0
2016-07-10,0,0,0
2016-07-10,4,2,2
2016-07-10,2,1,1
2016-07-10,1,1,0
2016-07-10,2,2,0
2016-07-10,5,3,2
2016-07-10,29,11,18
2016-07-10,30,16,14
2016-07-10,22,13,9
2016-07-10,37,17,20
2016-07-10,41,20,21
2016-07-10,33,19,14
2016-07-10,25,9,16
2016-07-10,32,21,11
2016-07-10,12,6,6
2016-07-10,24,11,13
2016-07-10,13,8,5
2016-07-10,11,8,3
2016-07-10,5,3,2
2016-07-10,1,1,0
2016-07-11,0,0,0
2016-07-11,0,0,0
2016-07-11,0,0,0
2016-07-11,0,0,0
2016-07-11,0,0,0
2016-07-11,1,0,1
2016-07-11,4,3,1
2016-07-11,11,3,8
2016-07-11,11,6,5
2016-07-11,12,5,7
2016-07-11,5,2,3
2016-07-11,10,5,5
2016-07-11,9,3,6
2016-07-11,9,5,4
2016-07-11,8,5,3
2016-07-11,8,6,2
2016-07-11,16,9,7
2016-07-11,24,10,14
2016-07-11,24,16,8
2016-07-11,11,7,4
2016-07-11,14,10,4
2016-07-11,10,6,4
2016-07-11,2,2,0
2016-07-11,1,1,0
2016-07-12,0,0,0
2016-07-12,0,0,0
2016-07-12,0,0,0
2016-07-12,0,0,0
2016-07-12,1,0,1
2016-07-12,0,0,0
2016-07-12,2,1,1
2016-07-12,5,4,1
2016-07-12,14,6,8
2016-07-12,10,6,4
2016-07-12,8,2,6
2016-07-12,21,7,14
2016-07-12,14,9,5
2016-07-12,17,7,10
2016-07-12,13,6,7
2016-07-12,13,8,5
2016-07-12,16,16,0
2016-07-12,12,6,6
2016-07-12,19,10,9
2016-07-12,13,3,10
2016-07-12,10,6,4
2016-07-12,12,11,1
2016-07-12,1,0,1
2016-07-12,2,2,0
2016-07-13,1,1,0
2016-07-13,0,0,0
2016-07-13,0,0,0
2016-07-13,0,0,0
2016-07-13,2,1,1
2016-07-13,1,0,1
2016-07-13,5,4,1
2016-07-13,8,6,2
2016-07-13,16,5,11
2016-07-13,9,4,5
2016-07-13,16,4,12
2016-07-13,21,8,13
2016-07-13,14,7,7
2016-07-13,14,9,5
2016-07-13,9,6,3
2016-07-13,20,13,7
2016-07-13,17,9,8
2016-07-13,27,14,13
2016-07-13,26,9,17
2016-07-13,9,4,5
2016-07-13,14,9,5
2016-07-13,4,2,2
2016-07-13,3,3,0
2016-07-13,1,1,0
2016-07-14,3,0,3
2016-07-14,0,0,0
2016-07-14,0,0,0
2016-07-14,0,0,0
2016-07-14,1,0,1
2016-07-14,0,0,0
2016-07-14,5,2,3
2016-07-14,6,4,2
2016-07-14,15,9,6
2016-07-14,8,6,2
2016-07-14,12,6,6
2016-07-14,13,8,5
2016-07-14,17,5,12
2016-07-14,11,3,8
2016-07-14,6,2,4
2016-07-14,11,5,6
2016-07-14,20,10,10
2016-07-14,13,9,4
2016-07-14,27,13,14
2016-07-14,26,17,9
2016-07-14,10,9,1
2016-07-14,14,9,5
2016-07-14,9,7,2
2016-07-14,1,0,1
2016-07-15,1,0,1
2016-07-15,0,0,0
2016-07-15,1,1,0
2016-07-15,0,0,0
2016-07-15,0,0,0
2016-07-15,1,0,1
2016-07-15,5,3,2
2016-07-15,5,4,1
2016-07-15,12,5,7
2016-07-15,10,5,5
2016-07-15,9,5,4
2016-07-15,11,5,6
2016-07-15,6,1,5
2016-07-15,10,8,2
2016-07-15,12,8,4
2016-07-15,25,16,9
2016-07-15,18,5,13
2016-07-15,20,9,11
2016-07-15,13,8,5
2016-07-15,6,3,3
2016-07-15,7,6,1
2016-07-15,9,7,2
2016-07-15,1,0,1
2016-07-15,5,3,2
2016-07-16,2,0,2
2016-07-16,2,1,1
2016-07-16,1,1,0
2016-07-16,0,0,0
2016-07-16,1,1,0
2016-07-16,0,0,0
2016-07-16,0,0,0
2016-07-16,4,3,1
2016-07-16,4,0,4
2016-07-16,7,3,4
2016-07-16,7,2,5
2016-07-16,15,7,8
2016-07-16,13,5,8
2016-07-16,21,6,15
2016-07-16,9,6,3
2016-07-16,0,0,0
2016-07-16,0,0,0
2016-07-16,0,0,0
2016-07-16,0,0,0
2016-07-16,0,0,0
2016-07-16,0,0,0
2016-07-16,0,0,0
2016-07-16,0,0,0
2016-07-16,0,0,0
2016-07-17,0,0,0
2016-07-17,0,0,0
2016-07-17,0,0,0
2016-07-17,0,0,0
2016-07-17,0,0,0
2016-07-17,0,0,0
2016-07-17,0,0,0
2016-07-17,0,0,0
2016-07-17,0,0,0
2016-07-17,0,0,0
2016-07-17,0,0,0
2016-07-17,0,0,0
2016-07-17,0,0,0
2016-07-17,0,0,0
2016-07-17,0,0,0
2016-07-17,0,0,0
2016-07-17,0,0,0
2016-07-17,0,0,0
2016-07-17,0,0,0
2016-07-17,0,0,0
2016-07-17,0,0,0
2016-07-17,0,0,0
2016-07-17,0,0,0
2016-07-17,0,0,0
2016-07-18,0,0,0
2016-07-18,0,0,0
2016-07-18,0,0,0
2016-07-18,0,0,0
2016-07-18,0,0,0
2016-07-18,0,0,0
2016-07-18,0,0,0
2016-07-18,0,0,0
2016-07-18,0,0,0
2016-07-18,0,0,0
2016-07-18,0,0,0
2016-07-18,0,0,0
2016-07-18,0,0,0
2016-07-18,0,0,0
2016-07-18,0,0,0
2016-07-18,0,0,0
2016-07-18,0,0,0
2016-07-18,0,0,0
2016-07-18,0,0,0
2016-07-18,0,0,0
2016-07-18,0,0,0
2016-07-18,0,0,0
2016-07-18,0,0,0
2016-07-18,0,0,0
2016-07-19,0,0,0
2016-07-19,0,0,0
2016-07-19,0,0,0
2016-07-19,0,0,0
2016-07-19,0,0,0
2016-07-19,0,0,0
2016-07-19,0,0,0
2016-07-19,0,0,0
2016-07-19,0,0,0
2016-07-19,0,0,0
2016-07-19,0,0,0
2016-07-19,0,0,0
2016-07-19,0,0,0
2016-07-19,0,0,0
2016-07-19,0,0,0
2016-07-19,0,0,0
2016-07-19,0,0,0
2016-07-19,0,0,0
2016-07-19,0,0,0
2016-07-19,0,0,0
2016-07-19,0,0,0
2016-07-19,0,0,0
2016-07-19,0,0,0
2016-07-19,0,0,0
2016-07-20,0,0,0
2016-07-20,0,0,0
2016-07-20,0,0,0
2016-07-20,0,0,0
2016-07-20,0,0,0
2016-07-20,0,0,0
2016-07-20,0,0,0
2016-07-20,0,0,0
2016-07-20,0,0,0
2016-07-20,0,0,0
2016-07-20,0,0,0
2016-07-20,0,0,0
2016-07-20,0,0,0
2016-07-20,0,0,0
2016-07-20,0,0,0
2016-07-20,0,0,0
2016-07-20,0,0,0
2016-07-20,1,1,0
2016-07-20,0,0,0
2016-07-20,0,0,0
2016-07-20,0,0,0
2016-07-20,0,0,0
2016-07-20,0,0,0
2016-07-20,0,0,0
2016-07-21,0,0,0
2016-07-21,0,0,0
2016-07-21,0,0,0
2016-07-21,0,0,0
2016-07-21,0,0,0
2016-07-21,0,0,0
2016-07-21,0,0,0
2016-07-21,0,0,0
2016-07-21,0,0,0
2016-07-21,0,0,0
2016-07-21,0,0,0
2016-07-21,0,0,0
2016-07-21,0,0,0
2016-07-21,0,0,0
2016-07-21,0,0,0
2016-07-21,0,0,0
2016-07-21,0,0,0
2016-07-21,0,0,0
2016-07-21,0,0,0
2016-07-21,0,0,0
2016-07-21,0,0,0
2016-07-21,0,0,0
2016-07-21,0,0,0
2016-07-21,0,0,0
2016-07-22,0,0,0
2016-07-22,0,0,0
2016-07-22,0,0,0
2016-07-22,0,0,0
2016-07-22,0,0,0
2016-07-22,0,0,0
2016-07-22,0,0,0
2016-07-22,0,0,0
2016-07-22,0,0,0
2016-07-22,0,0,0
2016-07-22,0,0,0
2016-07-22,0,0,0
2016-07-22,0,0,0
2016-07-22,0,0,0
2016-07-22,0,0,0
2016-07-22,0,0,0
2016-07-22,0,0,0
2016-07-22,0,0,0
2016-07-22,0,0,0
2016-07-22,0,0,0
2016-07-22,0,0,0
2016-07-22,0,0,0
2016-07-22,0,0,0
2016-07-22,0,0,0
2016-07-23,0,0,0
2016-07-23,0,0,0
2016-07-23,0,0,0
2016-07-23,0,0,0
2016-07-23,0,0,0
2016-07-23,0,0,0
2016-07-23,0,0,0
2016-07-23,0,0,0
2016-07-23,0,0,0
2016-07-23,0,0,0
2016-07-23,0,0,0
2016-07-23,0,0,0
2016-07-23,0,0,0
2016-07-23,0,0,0
2016-07-23,0,0,0
2016-07-23,0,0,0
2016-07-23,0,0,0
2016-07-23,0,0,0
2016-07-23,0,0,0
2016-07-23,0,0,0
2016-07-23,0,0,0
2016-07-23,0,0,0
2016-07-23,0,0,0
2016-07-23,0,0,0
2016-07-24,0,0,0
2016-07-24,0,0,0
2016-07-24,0,0,0
2016-07-24,0,0,0
2016-07-24,0,0,0
2016-07-24,0,0,0
2016-07-24,0,0,0
2016-07-24,0,0,0
2016-07-24,0,0,0
2016-07-24,0,0,0
2016-07-24,0,0,0
2016-07-24,0,0,0
2016-07-24,0,0,0
2016-07-24,0,0,0
2016-07-24,0,0,0
2016-07-24,0,0,0
2016-07-24,0,0,0
2016-07-24,0,0,0
2016-07-24,0,0,0
2016-07-24,0,0,0
2016-07-24,0,0,0
2016-07-24,0,0,0
2016-07-24,0,0,0
2016-07-24,0,0,0
2016-07-25,0,0,0
2016-07-25,0,0,0
2016-07-25,0,0,0
2016-07-25,0,0,0
2016-07-25,0,0,0
2016-07-25,0,0,0
2016-07-25,0,0,0
2016-07-25,0,0,0
2016-07-25,0,0,0
2016-07-25,0,0,0
2016-07-25,0,0,0
2016-07-25,0,0,0
2016-07-25,0,0,0
2016-07-25,0,0,0
2016-07-25,0,0,0
2016-07-25,0,0,0
2016-07-25,0,0,0
2016-07-25,0,0,0
2016-07-25,0,0,0
2016-07-25,0,0,0
2016-07-25,0,0,0
2016-07-25,0,0,0
2016-07-25,0,0,0
2016-07-25,0,0,0
2016-07-26,0,0,0
2016-07-26,0,0,0
2016-07-26,0,0,0
2016-07-26,0,0,0
2016-07-26,0,0,0
2016-07-26,0,0,0
2016-07-26,0,0,0
2016-07-26,0,0,0
2016-07-26,0,0,0
2016-07-26,0,0,0
2016-07-26,0,0,0
2016-07-26,0,0,0
2016-07-26,0,0,0
2016-07-26,0,0,0
2016-07-26,0,0,0
2016-07-26,0,0,0
2016-07-26,0,0,0
2016-07-26,0,0,0
2016-07-26,0,0,0
2016-07-26,0,0,0
2016-07-26,0,0,0
2016-07-26,0,0,0
2016-07-26,0,0,0
2016-07-26,0,0,0
2016-07-27,0,0,0
2016-07-27,0,0,0
2016-07-27,0,0,0
2016-07-27,0,0,0
2016-07-27,0,0,0
2016-07-27,0,0,0
2016-07-27,0,0,0
2016-07-27,0,0,0
2016-07-27,0,0,0
2016-07-27,0,0,0
2016-07-27,0,0,0
2016-07-27,0,0,0
2016-07-27,0,0,0
2016-07-27,0,0,0
2016-07-27,0,0,0
2016-07-27,0,0,0
2016-07-27,0,0,0
2016-07-27,0,0,0
2016-07-27,0,0,0
2016-07-27,0,0,0
2016-07-27,0,0,0
2016-07-27,0,0,0
2016-07-27,0,0,0
2016-07-27,0,0,0
2016-07-28,0,0,0
2016-07-28,0,0,0
2016-07-28,0,0,0
2016-07-28,0,0,0
2016-07-28,0,0,0
2016-07-28,0,0,0
2016-07-28,0,0,0
2016-07-28,0,0,0
2016-07-28,0,0,0
2016-07-28,0,0,0
2016-07-28,0,0,0
2016-07-28,0,0,0
2016-07-28,0,0,0
2016-07-28,0,0,0
2016-07-28,1,1,0
2016-07-28,0,0,0
2016-07-28,0,0,0
2016-07-28,0,0,0
2016-07-28,0,0,0
2016-07-28,0,0,0
2016-07-28,0,0,0
2016-07-28,0,0,0
2016-07-28,0,0,0
2016-07-28,0,0,0
2016-07-29,0,0,0
2016-07-29,0,0,0
2016-07-29,0,0,0
2016-07-29,0,0,0
2016-07-29,0,0,0
2016-07-29,0,0,0
2016-07-29,0,0,0
2016-07-29,0,0,0
2016-07-29,0,0,0
2016-07-29,0,0,0
2016-07-29,0,0,0
2016-07-29,0,0,0
2016-07-29,0,0,0
2016-07-29,0,0,0
2016-07-29,0,0,0
2016-07-29,0,0,0
2016-07-29,0,0,0
2016-07-29,0,0,0
2016-07-29,0,0,0
2016-07-29,0,0,0
2016-07-29,0,0,0
2016-07-29,0,0,0
2016-07-29,0,0,0
2016-07-29,0,0,0
2016-07-30,0,0,0
2016-07-30,0,0,0
2016-07-30,0,0,0
2016-07-30,0,0,0
2016-07-30,0,0,0
2016-07-30,0,0,0
2016-07-30,0,0,0
2016-07-30,0,0,0
2016-07-30,0,0,0
2016-07-30,0,0,0
2016-07-30,0,0,0
2016-07-30,0,0,0
2016-07-30,0,0,0
2016-07-30,0,0,0
2016-07-30,0,0,0
2016-07-30,0,0,0
2016-07-30,0,0,0
2016-07-30,0,0,0
2016-07-30,0,0,0
2016-07-30,0,0,0
2016-07-30,0,0,0
2016-07-30,0,0,0
2016-07-30,0,0,0
2016-07-30,0,0,0
2016-07-31,0,0,0
2016-07-31,0,0,0
2016-07-31,0,0,0
2016-07-31,0,0,0
2016-07-31,0,0,0
2016-07-31,0,0,0
2016-07-31,0,0,0
2016-07-31,0,0,0
2016-07-31,0,0,0
2016-07-31,0,0,0
2016-07-31,0,0,0
2016-07-31,0,0,0
2016-07-31,0,0,0
2016-07-31,0,0,0
2016-07-31,0,0,0
2016-07-31,0,0,0
2016-07-31,0,0,0
2016-07-31,0,0,0
2016-07-31,0,0,0
2016-07-31,0,0,0
2016-07-31,0,0,0
2016-07-31,0,0,0
2016-07-31,0,0,0
2016-07-31,0,0,0
2016-08-01,0,0,0
2016-08-01,0,0,0
2016-08-01,0,0,0
2016-08-01,0,0,0
2016-08-01,0,0,0
2016-08-01,0,0,0
2016-08-01,0,0,0
2016-08-01,0,0,0
2016-08-01,0,0,0
2016-08-01,0,0,0
2016-08-01,0,0,0
2016-08-01,0,0,0
2016-08-01,0,0,0
2016-08-01,0,0,0
2016-08-01,2,2,0
2016-08-01,1,1,0
2016-08-01,0,0,0
2016-08-01,0,0,0
2016-08-01,0,0,0
2016-08-01,0,0,0
2016-08-01,0,0,0
2016-08-01,0,0,0
2016-08-01,0,0,0
2016-08-01,0,0,0
2016-08-02,0,0,0
2016-08-02,0,0,0
2016-08-02,0,0,0
2016-08-02,0,0,0
2016-08-02,0,0,0
2016-08-02,0,0,0
2016-08-02,0,0,0
2016-08-02,1,1,0
2016-08-02,1,1,0
2016-08-02,0,0,0
2016-08-02,1,1,0
2016-08-02,1,0,1
2016-08-02,1,1,0
2016-08-02,3,3,0
2016-08-02,0,0,0
2016-08-02,0,0,0
2016-08-02,0,0,0
2016-08-02,0,0,0
2016-08-02,0,0,0
2016-08-02,0,0,0
2016-08-02,0,0,0
2016-08-02,0,0,0
2016-08-02,0,0,0
2016-08-02,0,0,0
2016-08-03,0,0,0
2016-08-03,0,0,0
2016-08-03,0,0,0
2016-08-03,0,0,0
2016-08-03,0,0,0
2016-08-03,0,0,0
2016-08-03,0,0,0
2016-08-03,0,0,0
2016-08-03,0,0,0
2016-08-03,0,0,0
2016-08-03,0,0,0
2016-08-03,0,0,0
2016-08-03,0,0,0
2016-08-03,0,0,0
2016-08-03,0,0,0
2016-08-03,1,1,0
2016-08-03,1,1,0
2016-08-03,0,0,0
2016-08-03,0,0,0
2016-08-03,0,0,0
2016-08-03,0,0,0
2016-08-03,0,0,0
2016-08-03,0,0,0
2016-08-03,0,0,0
2016-08-04,0,0,0
2016-08-04,0,0,0
2016-08-04,0,0,0
2016-08-04,0,0,0
2016-08-04,0,0,0
2016-08-04,0,0,0
2016-08-04,0,0,0
2016-08-04,0,0,0
2016-08-04,0,0,0
2016-08-04,0,0,0
2016-08-04,0,0,0
2016-08-04,0,0,0
2016-08-04,0,0,0
2016-08-04,0,0,0
2016-08-04,0,0,0
2016-08-04,0,0,0
2016-08-04,0,0,0
2016-08-04,0,0,0
2016-08-04,0,0,0
2016-08-04,1,1,0
2016-08-04,0,0,0
2016-08-04,0,0,0
2016-08-04,0,0,0
2016-08-04,0,0,0
2016-08-05,0,0,0
2016-08-05,0,0,0
2016-08-05,0,0,0
2016-08-05,0,0,0
2016-08-05,0,0,0
2016-08-05,0,0,0
2016-08-05,0,0,0
2016-08-05,0,0,0
2016-08-05,0,0,0
2016-08-05,0,0,0
2016-08-05,0,0,0
2016-08-05,0,0,0
2016-08-05,0,0,0
2016-08-05,0,0,0
2016-08-05,0,0,0
2016-08-05,0,0,0
2016-08-05,0,0,0
2016-08-05,0,0,0
2016-08-05,0,0,0
2016-08-05,2,2,0
2016-08-05,0,0,0
2016-08-05,0,0,0
2016-08-05,0,0,0
2016-08-05,1,1,0
2016-08-06,0,0,0
2016-08-06,0,0,0
2016-08-06,0,0,0
2016-08-06,0,0,0
2016-08-06,0,0,0
2016-08-06,0,0,0
2016-08-06,0,0,0
2016-08-06,0,0,0
2016-08-06,0,0,0
2016-08-06,0,0,0
2016-08-06,0,0,0
2016-08-06,0,0,0
2016-08-06,0,0,0
2016-08-06,0,0,0
2016-08-06,0,0,0
2016-08-06,0,0,0
2016-08-06,0,0,0
2016-08-06,0,0,0
2016-08-06,0,0,0
2016-08-06,0,0,0
2016-08-06,0,0,0
2016-08-06,0,0,0
2016-08-06,0,0,0
2016-08-06,0,0,0
2016-08-07,0,0,0
2016-08-07,0,0,0
2016-08-07,0,0,0
2016-08-07,0,0,0
2016-08-07,0,0,0
2016-08-07,0,0,0
2016-08-07,0,0,0
2016-08-07,0,0,0
2016-08-07,0,0,0
2016-08-07,0,0,0
2016-08-07,0,0,0
2016-08-07,0,0,0
2016-08-07,0,0,0
2016-08-07,0,0,0
2016-08-07,0,0,0
2016-08-07,1,1,0
2016-08-07,0,0,0
2016-08-07,0,0,0
2016-08-07,0,0,0
2016-08-07,0,0,0
2016-08-07,0,0,0
2016-08-07,0,0,0
2016-08-07,0,0,0
2016-08-07,0,0,0
2016-08-08,0,0,0
2016-08-08,0,0,0
2016-08-08,0,0,0
2016-08-08,0,0,0
2016-08-08,0,0,0
2016-08-08,0,0,0
2016-08-08,0,0,0
2016-08-08,0,0,0
2016-08-08,0,0,0
2016-08-08,0,0,0
2016-08-08,0,0,0
2016-08-08,0,0,0
2016-08-08,0,0,0
2016-08-08,0,0,0
2016-08-08,0,0,0
2016-08-08,0,0,0
2016-08-08,0,0,0
2016-08-08,0,0,0
2016-08-08,0,0,0
2016-08-08,0,0,0
2016-08-08,0,0,0
2016-08-08,0,0,0
2016-08-08,0,0,0
2016-08-08,0,0,0
2016-08-09,0,0,0
2016-08-09,0,0,0
2016-08-09,0,0,0
2016-08-09,0,0,0
2016-08-09,0,0,0
2016-08-09,0,0,0
2016-08-09,0,0,0
2016-08-09,0,0,0
2016-08-09,0,0,0
2016-08-09,0,0,0
2016-08-09,0,0,0
2016-08-09,0,0,0
2016-08-09,0,0,0
2016-08-09,0,0,0
2016-08-09,0,0,0
2016-08-09,0,0,0
2016-08-09,0,0,0
2016-08-09,0,0,0
2016-08-09,0,0,0
2016-08-09,0,0,0
2016-08-09,0,0,0
2016-08-09,0,0,0
2016-08-09,0,0,0
2016-08-09,0,0,0
2016-08-10,0,0,0
2016-08-10,0,0,0
2016-08-10,0,0,0
2016-08-10,0,0,0
2016-08-10,0,0,0
2016-08-10,0,0,0
2016-08-10,0,0,0
2016-08-10,0,0,0
2016-08-10,0,0,0
2016-08-10,1,1,0
2016-08-10,0,0,0
2016-08-10,0,0,0
2016-08-10,0,0,0
2016-08-10,0,0,0
2016-08-10,0,0,0
2016-08-10,0,0,0
2016-08-10,0,0,0
2016-08-10,0,0,0
2016-08-10,0,0,0
2016-08-10,0,0,0
2016-08-10,0,0,0
2016-08-10,0,0,0
2016-08-10,0,0,0
2016-08-10,0,0,0
2016-08-11,0,0,0
2016-08-11,0,0,0
2016-08-11,0,0,0
2016-08-11,0,0,0
2016-08-11,0,0,0
2016-08-11,0,0,0
2016-08-11,0,0,0
2016-08-11,0,0,0
2016-08-11,0,0,0
2016-08-11,0,0,0
2016-08-11,0,0,0
2016-08-11,0,0,0
2016-08-11,0,0,0
2016-08-11,0,0,0
2016-08-11,0,0,0
2016-08-11,0,0,0
2016-08-11,0,0,0
2016-08-11,0,0,0
2016-08-11,0,0,0
2016-08-11,0,0,0
2016-08-11,0,0,0
2016-08-11,0,0,0
2016-08-11,0,0,0
2016-08-11,0,0,0
2016-08-12,0,0,0
2016-08-12,0,0,0
2016-08-12,0,0,0
2016-08-12,0,0,0
2016-08-12,0,0,0
2016-08-12,0,0,0
2016-08-12,0,0,0
2016-08-12,0,0,0
2016-08-12,0,0,0
2016-08-12,0,0,0
2016-08-12,0,0,0
2016-08-12,0,0,0
2016-08-12,0,0,0
2016-08-12,0,0,0
2016-08-12,0,0,0
2016-08-12,0,0,0
2016-08-12,1,1,0
2016-08-12,0,0,0
2016-08-12,0,0,0
2016-08-12,0,0,0
2016-08-12,0,0,0
2016-08-12,0,0,0
2016-08-12,0,0,0
2016-08-12,0,0,0
2016-08-13,0,0,0
2016-08-13,0,0,0
2016-08-13,0,0,0
2016-08-13,0,0,0
2016-08-13,0,0,0
2016-08-13,0,0,0
2016-08-13,0,0,0
2016-08-13,0,0,0
2016-08-13,0,0,0
2016-08-13,0,0,0
2016-08-13,0,0,0
2016-08-13,0,0,0
2016-08-13,0,0,0
2016-08-13,0,0,0
2016-08-13,0,0,0
2016-08-13,0,0,0
2016-08-13,0,0,0
2016-08-13,0,0,0
2016-08-13,0,0,0
2016-08-13,0,0,0
2016-08-13,0,0,0
2016-08-13,0,0,0
2016-08-13,0,0,0
2016-08-13,0,0,0
2016-08-14,0,0,0
2016-08-14,0,0,0
2016-08-14,0,0,0
2016-08-14,0,0,0
2016-08-14,0,0,0
2016-08-14,0,0,0
2016-08-14,0,0,0
2016-08-14,0,0,0
2016-08-14,0,0,0
2016-08-14,0,0,0
2016-08-14,0,0,0
2016-08-14,0,0,0
2016-08-14,0,0,0
2016-08-14,0,0,0
2016-08-14,0,0,0
2016-08-14,0,0,0
2016-08-14,0,0,0
2016-08-14,0,0,0
2016-08-14,0,0,0
2016-08-14,0,0,0
2016-08-14,0,0,0
2016-08-14,0,0,0
2016-08-14,0,0,0
2016-08-14,0,0,0
2016-08-15,0,0,0
2016-08-15,0,0,0
2016-08-15,0,0,0
2016-08-15,0,0,0
2016-08-15,0,0,0
2016-08-15,0,0,0
2016-08-15,0,0,0
2016-08-15,0,0,0
2016-08-15,0,0,0
2016-08-15,0,0,0
2016-08-15,0,0,0
2016-08-15,0,0,0
2016-08-15,0,0,0
2016-08-15,0,0,0
2016-08-15,0,0,0
2016-08-15,0,0,0
2016-08-15,0,0,0
2016-08-15,0,0,0
2016-08-15,0,0,0
2016-08-15,0,0,0
2016-08-15,0,0,0
2016-08-15,0,0,0
2016-08-15,0,0,0
2016-08-15,0,0,0
2016-08-16,0,0,0
2016-08-16,0,0,0
2016-08-16,0,0,0
2016-08-16,0,0,0
2016-08-16,0,0,0
2016-08-16,0,0,0
2016-08-16,0,0,0
2016-08-16,0,0,0
2016-08-16,0,0,0
2016-08-16,0,0,0
2016-08-16,0,0,0
2016-08-16,0,0,0
2016-08-16,0,0,0
2016-08-16,0,0,0
2016-08-16,0,0,0
2016-08-16,0,0,0
2016-08-16,0,0,0
2016-08-16,0,0,0
2016-08-16,0,0,0
2016-08-16,0,0,0
2016-08-16,0,0,0
2016-08-16,0,0,0
2016-08-16,0,0,0
2016-08-16,0,0,0
2016-08-17,0,0,0
2016-08-17,0,0,0
2016-08-17,0,0,0
2016-08-17,0,0,0
2016-08-17,0,0,0
2016-08-17,0,0,0
2016-08-17,0,0,0
2016-08-17,0,0,0
2016-08-17,0,0,0
2016-08-17,0,0,0
2016-08-17,0,0,0
2016-08-17,0,0,0
2016-08-17,0,0,0
2016-08-17,2,2,0
2016-08-17,0,0,0
2016-08-17,0,0,0
2016-08-17,0,0,0
2016-08-17,0,0,0
2016-08-17,0,0,0
2016-08-17,0,0,0
2016-08-17,0,0,0
2016-08-17,0,0,0
2016-08-17,0,0,0
2016-08-17,0,0,0
2016-08-18,0,0,0
2016-08-18,0,0,0
2016-08-18,0,0,0
2016-08-18,0,0,0
2016-08-18,0,0,0
2016-08-18,0,0,0
2016-08-18,0,0,0
2016-08-18,0,0,0
2016-08-18,0,0,0
2016-08-18,0,0,0
2016-08-18,0,0,0
2016-08-18,0,0,0
2016-08-18,0,0,0
2016-08-18,0,0,0
2016-08-18,0,0,0
2016-08-18,0,0,0
2016-08-18,0,0,0
2016-08-18,0,0,0
2016-08-18,0,0,0
2016-08-18,0,0,0
2016-08-18,0,0,0
2016-08-18,0,0,0
2016-08-18,0,0,0
2016-08-18,0,0,0
2016-08-19,0,0,0
2016-08-19,0,0,0
2016-08-19,0,0,0
2016-08-19,0,0,0
2016-08-19,0,0,0
2016-08-19,0,0,0
2016-08-19,0,0,0
2016-08-19,0,0,0
2016-08-19,0,0,0
2016-08-19,0,0,0
2016-08-19,0,0,0
2016-08-19,0,0,0
2016-08-19,0,0,0
2016-08-19,0,0,0
2016-08-19,0,0,0
2016-08-19,0,0,0
2016-08-19,0,0,0
2016-08-19,0,0,0
2016-08-19,0,0,0
2016-08-19,1,1,0
2016-08-19,0,0,0
2016-08-19,0,0,0
2016-08-19,0,0,0
2016-08-19,0,0,0
2016-08-20,0,0,0
2016-08-20,0,0,0
2016-08-20,0,0,0
2016-08-20,0,0,0
2016-08-20,0,0,0
2016-08-20,0,0,0
2016-08-20,0,0,0
2016-08-20,0,0,0
2016-08-20,0,0,0
2016-08-20,0,0,0
2016-08-20,0,0,0
2016-08-20,0,0,0
2016-08-20,0,0,0
2016-08-20,0,0,0
2016-08-20,0,0,0
2016-08-20,0,0,0
2016-08-20,0,0,0
2016-08-20,0,0,0
2016-08-20,0,0,0
2016-08-20,0,0,0
2016-08-20,0,0,0
2016-08-20,0,0,0
2016-08-20,0,0,0
2016-08-20,0,0,0
2016-08-21,0,0,0
2016-08-21,0,0,0
2016-08-21,0,0,0
2016-08-21,0,0,0
2016-08-21,0,0,0
2016-08-21,0,0,0
2016-08-21,0,0,0
2016-08-21,0,0,0
2016-08-21,0,0,0
2016-08-21,0,0,0
2016-08-21,0,0,0
2016-08-21,0,0,0
2016-08-21,0,0,0
2016-08-21,0,0,0
2016-08-21,0,0,0
2016-08-21,0,0,0
2016-08-21,0,0,0
2016-08-21,0,0,0
2016-08-21,0,0,0
2016-08-21,0,0,0
2016-08-21,0,0,0
2016-08-21,0,0,0
2016-08-21,0,0,0
2016-08-21,0,0,0
2016-08-22,0,0,0
2016-08-22,0,0,0
2016-08-22,0,0,0
2016-08-22,0,0,0
2016-08-22,0,0,0
2016-08-22,0,0,0
2016-08-22,0,0,0
2016-08-22,0,0,0
2016-08-22,0,0,0
2016-08-22,0,0,0
2016-08-22,0,0,0
2016-08-22,0,0,0
2016-08-22,0,0,0
2016-08-22,0,0,0
2016-08-22,0,0,0
2016-08-22,0,0,0
2016-08-22,0,0,0
2016-08-22,0,0,0
2016-08-22,0,0,0
2016-08-22,0,0,0
2016-08-22,0,0,0
2016-08-22,0,0,0
2016-08-22,0,0,0
2016-08-22,0,0,0
2016-08-23,0,0,0
2016-08-23,0,0,0
2016-08-23,0,0,0
2016-08-23,0,0,0
2016-08-23,0,0,0
2016-08-23,0,0,0
2016-08-23,0,0,0
2016-08-23,0,0,0
2016-08-23,0,0,0
2016-08-23,0,0,0
2016-08-23,0,0,0
2016-08-23,0,0,0
2016-08-23,0,0,0
2016-08-23,0,0,0
2016-08-23,0,0,0
2016-08-23,0,0,0
2016-08-23,0,0,0
2016-08-23,0,0,0
2016-08-23,0,0,0
2016-08-23,0,0,0
2016-08-23,0,0,0
2016-08-23,0,0,0
2016-08-23,0,0,0
2016-08-23,0,0,0
2016-08-24,0,0,0
2016-08-24,0,0,0
2016-08-24,0,0,0
2016-08-24,0,0,0
2016-08-24,0,0,0
2016-08-24,0,0,0
2016-08-24,0,0,0
2016-08-24,0,0,0
2016-08-24,0,0,0
2016-08-24,0,0,0
2016-08-24,0,0,0
2016-08-24,0,0,0
2016-08-24,0,0,0
2016-08-24,0,0,0
2016-08-24,0,0,0
2016-08-24,0,0,0
2016-08-24,0,0,0
2016-08-24,0,0,0
2016-08-24,0,0,0
2016-08-24,0,0,0
2016-08-24,0,0,0
2016-08-24,0,0,0
2016-08-24,0,0,0
2016-08-24,0,0,0
2016-08-25,0,0,0
2016-08-25,0,0,0
2016-08-25,0,0,0
2016-08-25,0,0,0
2016-08-25,0,0,0
2016-08-25,0,0,0
2016-08-25,0,0,0
2016-08-25,0,0,0
2016-08-25,0,0,0
2016-08-25,0,0,0
2016-08-25,0,0,0
2016-08-25,0,0,0
2016-08-25,0,0,0
2016-08-25,0,0,0
2016-08-25,0,0,0
2016-08-25,0,0,0
2016-08-25,0,0,0
2016-08-25,0,0,0
2016-08-25,0,0,0
2016-08-25,0,0,0
2016-08-25,0,0,0
2016-08-25,0,0,0
2016-08-25,0,0,0
2016-08-25,0,0,0
2016-08-26,0,0,0
2016-08-26,0,0,0
2016-08-26,0,0,0
2016-08-26,0,0,0
2016-08-26,0,0,0
2016-08-26,0,0,0
2016-08-26,0,0,0
2016-08-26,0,0,0
2016-08-26,0,0,0
2016-08-26,0,0,0
2016-08-26,0,0,0
2016-08-26,0,0,0
2016-08-26,0,0,0
2016-08-26,0,0,0
2016-08-26,0,0,0
2016-08-26,0,0,0
2016-08-26,0,0,0
2016-08-26,0,0,0
2016-08-26,0,0,0
2016-08-26,0,0,0
2016-08-26,0,0,0
2016-08-26,0,0,0
2016-08-26,0,0,0
2016-08-26,0,0,0
2016-08-27,0,0,0
2016-08-27,0,0,0
2016-08-27,0,0,0
2016-08-27,0,0,0
2016-08-27,0,0,0
2016-08-27,0,0,0
2016-08-27,0,0,0
2016-08-27,0,0,0
2016-08-27,0,0,0
2016-08-27,0,0,0
2016-08-27,0,0,0
2016-08-27,0,0,0
2016-08-27,0,0,0
2016-08-27,0,0,0
2016-08-27,0,0,0
2016-08-27,0,0,0
2016-08-27,0,0,0
2016-08-27,0,0,0
2016-08-27,0,0,0
2016-08-27,0,0,0
2016-08-27,0,0,0
2016-08-27,0,0,0
2016-08-27,0,0,0
2016-08-27,0,0,0
2016-08-28,0,0,0
2016-08-28,0,0,0
2016-08-28,0,0,0
2016-08-28,0,0,0
2016-08-28,0,0,0
2016-08-28,0,0,0
2016-08-28,0,0,0
2016-08-28,0,0,0
2016-08-28,0,0,0
2016-08-28,0,0,0
2016-08-28,0,0,0
2016-08-28,0,0,0
2016-08-28,0,0,0
2016-08-28,0,0,0
2016-08-28,0,0,0
2016-08-28,0,0,0
2016-08-28,0,0,0
2016-08-28,0,0,0
2016-08-28,0,0,0
2016-08-28,0,0,0
2016-08-28,0,0,0
2016-08-28,0,0,0
2016-08-28,0,0,0
2016-08-28,0,0,0
2016-08-29,0,0,0
2016-08-29,0,0,0
2016-08-29,0,0,0
2016-08-29,0,0,0
2016-08-29,0,0,0
2016-08-29,0,0,0
2016-08-29,0,0,0
2016-08-29,0,0,0
2016-08-29,0,0,0
2016-08-29,0,0,0
2016-08-29,0,0,0
2016-08-29,0,0,0
2016-08-29,0,0,0
2016-08-29,0,0,0
2016-08-29,0,0,0
2016-08-29,0,0,0
2016-08-29,0,0,0
2016-08-29,0,0,0
2016-08-29,0,0,0
2016-08-29,0,0,0
2016-08-29,0,0,0
2016-08-29,0,0,0
2016-08-29,0,0,0
2016-08-29,0,0,0
2016-08-30,0,0,0
2016-08-30,0,0,0
2016-08-30,0,0,0
2016-08-30,0,0,0
2016-08-30,0,0,0
2016-08-30,0,0,0
2016-08-30,0,0,0
2016-08-30,0,0,0
2016-08-30,0,0,0
2016-08-30,0,0,0
2016-08-30,0,0,0
2016-08-30,0,0,0
2016-08-30,0,0,0
2016-08-30,0,0,0
2016-08-30,0,0,0
2016-08-30,0,0,0
2016-08-30,0,0,0
2016-08-30,0,0,0
2016-08-30,0,0,0
2016-08-30,0,0,0
2016-08-30,0,0,0
2016-08-30,0,0,0
2016-08-30,0,0,0
2016-08-30,0,0,0
2016-08-31,0,0,0
2016-08-31,0,0,0
2016-08-31,0,0,0
2016-08-31,0,0,0
2016-08-31,0,0,0
2016-08-31,0,0,0
2016-08-31,0,0,0
2016-08-31,0,0,0
2016-08-31,0,0,0
2016-08-31,0,0,0
2016-08-31,0,0,0
2016-08-31,0,0,0
2016-08-31,0,0,0
2016-08-31,0,0,0
2016-08-31,0,0,0
2016-08-31,0,0,0
2016-08-31,0,0,0
2016-08-31,0,0,0
2016-08-31,0,0,0
2016-08-31,0,0,0
2016-08-31,0,0,0
2016-08-31,0,0,0
2016-08-31,0,0,0
2016-08-31,0,0,0
2016-09-01,0,0,0
2016-09-01,0,0,0
2016-09-01,0,0,0
2016-09-01,0,0,0
2016-09-01,0,0,0
2016-09-01,0,0,0
2016-09-01,0,0,0
2016-09-01,0,0,0
2016-09-01,0,0,0
2016-09-01,0,0,0
2016-09-01,0,0,0
2016-09-01,0,0,0
2016-09-01,0,0,0
2016-09-01,0,0,0
2016-09-01,0,0,0
2016-09-01,0,0,0
2016-09-01,0,0,0
2016-09-01,0,0,0
2016-09-01,0,0,0
2016-09-01,0,0,0
2016-09-01,0,0,0
2016-09-01,0,0,0
2016-09-01,0,0,0
2016-09-01,0,0,0
2016-09-02,0,0,0
2016-09-02,0,0,0
2016-09-02,0,0,0
2016-09-02,0,0,0
2016-09-02,0,0,0
2016-09-02,0,0,0
2016-09-02,0,0,0
2016-09-02,0,0,0
2016-09-02,0,0,0
2016-09-02,0,0,0
2016-09-02,,,
2016-09-02,0,0,0
2016-09-02,0,0,0
2016-09-02,0,0,0
2016-09-02,0,0,0
2016-09-02,0,0,0
2016-09-02,0,0,0
2016-09-02,0,0,0
2016-09-02,0,0,0
2016-09-02,0,0,0
2016-09-02,0,0,0
2016-09-02,0,0,0
2016-09-02,0,0,0
2016-09-02,0,0,0
2016-09-03,0,0,0
2016-09-03,0,0,0
2016-09-03,0,0,0
2016-09-03,0,0,0
2016-09-03,0,0,0
2016-09-03,0,0,0
2016-09-03,0,0,0
2016-09-03,0,0,0
2016-09-03,0,0,0
2016-09-03,0,0,0
2016-09-03,0,0,0
2016-09-03,0,0,0
2016-09-03,0,0,0
2016-09-03,0,0,0
2016-09-03,0,0,0
2016-09-03,0,0,0
2016-09-03,0,0,0
2016-09-03,0,0,0
2016-09-03,0,0,0
2016-09-03,0,0,0
2016-09-03,0,0,0
2016-09-03,0,0,0
2016-09-03,0,0,0
2016-09-03,0,0,0
2016-09-04,0,0,0
2016-09-04,0,0,0
2016-09-04,0,0,0
2016-09-04,0,0,0
2016-09-04,0,0,0
2016-09-04,0,0,0
2016-09-04,0,0,0
2016-09-04,0,0,0
2016-09-04,0,0,0
2016-09-04,0,0,0
2016-09-04,0,0,0
2016-09-04,0,0,0
2016-09-04,0,0,0
2016-09-04,0,0,0
2016-09-04,0,0,0
2016-09-04,0,0,0
2016-09-04,0,0,0
2016-09-04,0,0,0
2016-09-04,0,0,0
2016-09-04,0,0,0
2016-09-04,0,0,0
2016-09-04,0,0,0
2016-09-04,0,0,0
2016-09-04,0,0,0
2016-09-05,0,0,0
2016-09-05,0,0,0
2016-09-05,0,0,0
2016-09-05,0,0,0
2016-09-05,0,0,0
2016-09-05,0,0,0
2016-09-05,0,0,0
2016-09-05,0,0,0
2016-09-05,0,0,0
2016-09-05,0,0,0
2016-09-05,0,0,0
2016-09-05,0,0,0
2016-09-05,0,0,0
2016-09-05,0,0,0
2016-09-05,0,0,0
2016-09-05,0,0,0
2016-09-05,0,0,0
2016-09-05,0,0,0
2016-09-05,0,0,0
2016-09-05,0,0,0
2016-09-05,0,0,0
2016-09-05,0,0,0
2016-09-05,0,0,0
2016-09-05,0,0,0
2016-09-06,0,0,0
2016-09-06,0,0,0
2016-09-06,0,0,0
2016-09-06,0,0,0
2016-09-06,0,0,0
2016-09-06,0,0,0
2016-09-06,0,0,0
2016-09-06,0,0,0
2016-09-06,0,0,0
2016-09-06,0,0,0
2016-09-06,0,0,0
2016-09-06,0,0,0
2016-09-06,0,0,0
2016-09-06,0,0,0
2016-09-06,0,0,0
2016-09-06,0,0,0
2016-09-06,0,0,0
2016-09-06,0,0,0
2016-09-06,0,0,0
2016-09-06,0,0,0
2016-09-06,0,0,0
2016-09-06,0,0,0
2016-09-06,0,0,0
2016-09-06,0,0,0
2016-09-07,0,0,0
2016-09-07,0,0,0
2016-09-07,0,0,0
2016-09-07,0,0,0
2016-09-07,0,0,0
2016-09-07,0,0,0
2016-09-07,0,0,0
2016-09-07,0,0,0
2016-09-07,0,0,0
2016-09-07,0,0,0
2016-09-07,0,0,0
2016-09-07,0,0,0
2016-09-07,0,0,0
2016-09-07,0,0,0
2016-09-07,0,0,0
2016-09-07,0,0,0
2016-09-07,0,0,0
2016-09-07,0,0,0
2016-09-07,0,0,0
2016-09-07,0,0,0
2016-09-07,0,0,0
2016-09-07,0,0,0
2016-09-07,0,0,0
2016-09-07,0,0,0
2016-09-08,0,0,0
2016-09-08,0,0,0
2016-09-08,0,0,0
2016-09-08,0,0,0
2016-09-08,0,0,0
2016-09-08,0,0,0
2016-09-08,0,0,0
2016-09-08,0,0,0
2016-09-08,0,0,0
2016-09-08,0,0,0
2016-09-08,0,0,0
2016-09-08,0,0,0
2016-09-08,0,0,0
2016-09-08,0,0,0
2016-09-08,0,0,0
2016-09-08,0,0,0
2016-09-08,0,0,0
2016-09-08,0,0,0
2016-09-08,0,0,0
2016-09-08,0,0,0
2016-09-08,0,0,0
2016-09-08,0,0,0
2016-09-08,0,0,0
2016-09-08,0,0,0
2016-09-09,0,0,0
2016-09-09,0,0,0
2016-09-09,0,0,0
2016-09-09,0,0,0
2016-09-09,0,0,0
2016-09-09,0,0,0
2016-09-09,0,0,0
2016-09-09,0,0,0
2016-09-09,0,0,0
2016-09-09,0,0,0
2016-09-09,0,0,0
2016-09-09,25,17,8
2016-09-09,19,12,7
2016-09-09,37,32,5
2016-09-09,25,17,8
2016-09-09,17,13,4
2016-09-09,41,35,6
2016-09-09,21,12,9
2016-09-09,29,22,7
2016-09-09,25,21,4
2016-09-09,14,11,3
2016-09-09,14,11,3
2016-09-09,7,5,2
2016-09-09,6,3,3
2016-09-10,4,4,0
2016-09-10,8,7,1
2016-09-10,3,2,1
2016-09-10,0,0,0
2016-09-10,1,1,0
2016-09-10,0,0,0
2016-09-10,0,0,0
2016-09-10,2,2,0
2016-09-10,17,12,5
2016-09-10,21,15,6
2016-09-10,26,21,5
2016-09-10,49,38,11
2016-09-10,34,26,8
2016-09-10,44,33,11
2016-09-10,32,23,9
2016-09-10,39,27,12
2016-09-10,35,32,3
2016-09-10,38,26,12
2016-09-10,21,16,5
2016-09-10,39,34,5
2016-09-10,7,6,1
2016-09-10,8,7,1
2016-09-10,12,11,1
2016-09-10,11,7,4
2016-09-11,7,6,1
2016-09-11,2,2,0
2016-09-11,0,0,0
2016-09-11,0,0,0
2016-09-11,0,0,0
2016-09-11,2,2,0
2016-09-11,2,1,1
2016-09-11,4,2,2
2016-09-11,10,9,1
2016-09-11,18,10,8
2016-09-11,37,27,10
2016-09-11,53,44,9
2016-09-11,49,35,14
2016-09-11,71,44,27
2016-09-11,57,40,17
2016-09-11,19,15,4
2016-09-11,29,21,8
2016-09-11,28,25,3
2016-09-11,23,17,6
2016-09-11,15,10,5
2016-09-11,16,12,4
2016-09-11,5,5,0
2016-09-11,2,2,0
2016-09-11,5,3,2
2016-09-12,5,4,1
2016-09-12,2,2,0
2016-09-12,0,0,0
2016-09-12,0,0,0
2016-09-12,0,0,0
2016-09-12,1,0,1
2016-09-12,15,12,3
2016-09-12,31,26,5
2016-09-12,26,20,6
2016-09-12,26,21,5
2016-09-12,16,11,5
2016-09-12,41,36,5
2016-09-12,36,30,6
2016-09-12,44,33,11
2016-09-12,30,26,4
2016-09-12,28,24,4
2016-09-12,47,33,14
2016-09-12,49,40,9
2016-09-12,44,31,13
2016-09-12,31,29,2
2016-09-12,23,19,4
2016-09-12,10,9,1
2016-09-12,11,8,3
2016-09-12,3,2,1
2016-09-13,0,0,0
2016-09-13,0,0,0
2016-09-13,2,2,0
2016-09-13,0,0,0
2016-09-13,2,0,2
2016-09-13,2,0,2
2016-09-13,2,1,1
2016-09-13,25,22,3
2016-09-13,37,24,13
2016-09-13,23,13,10
2016-09-13,24,17,7
2016-09-13,32,17,15
2016-09-13,26,13,13
2016-09-13,52,40,12
2016-09-13,40,31,9
2016-09-13,36,27,9
2016-09-13,27,20,7
2016-09-13,54,41,13
2016-09-13,20,14,6
2016-09-13,26,13,13
2016-09-13,22,18,4
2016-09-13,19,18,1
2016-09-13,3,2,1
2016-09-13,3,2,1
2016-09-14,1,1,0
2016-09-14,0,0,0
2016-09-14,4,4,0
2016-09-14,0,0,0
2016-09-14,2,0,2
2016-09-14,5,2,3
2016-09-14,11,10,1
2016-09-14,28,22,6
2016-09-14,28,19,9
2016-09-14,17,9,8
2016-09-14,16,9,7
2016-09-14,31,22,9
2016-09-14,38,32,6
2016-09-14,28,20,8
2016-09-14,29,21,8
2016-09-14,39,32,7
2016-09-14,26,12,14
2016-09-14,33,26,7
2016-09-14,45,29,16
2016-09-14,29,19,10
2016-09-14,16,8,8
2016-09-14,10,6,4
2016-09-14,3,3,0
2016-09-14,5,3,2
2016-09-15,2,0,2
2016-09-15,1,0,1
2016-09-15,0,0,0
2016-09-15,0,0,0
2016-09-15,1,0,1
2016-09-15,2,0,2
2016-09-15,11,8,3
2016-09-15,28,26,2
2016-09-15,34,26,8
2016-09-15,39,34,5
2016-09-15,37,30,7
2016-09-15,17,10,7
2016-09-15,2,1,1
2016-09-15,7,4,3
2016-09-15,8,4,4
2016-09-15,10,4,6
2016-09-15,12,5,7
2016-09-15,22,12,10
2016-09-15,20,9,11
2016-09-15,11,6,5
2016-09-15,6,3,3
2016-09-15,5,1,4
2016-09-15,1,1,0
2016-09-15,2,1,1
2016-09-16,0,0,0
2016-09-16,0,0,0
2016-09-16,0,0,0
2016-09-16,0,0,0
2016-09-16,0,0,0
2016-09-16,2,1,1
2016-09-16,3,1,2
2016-09-16,11,5,6
2016-09-16,13,8,5
2016-09-16,10,6,4
2016-09-16,18,1,17
2016-09-16,3,1,2
2016-09-16,5,2,3
2016-09-16,9,5,4
2016-09-16,20,15,5
2016-09-16,13,7,6
2016-09-16,12,6,6
2016-09-16,13,6,7
2016-09-16,7,4,3
2016-09-16,10,3,7
2016-09-16,4,2,2
2016-09-16,2,0,2
2016-09-16,3,0,3
2016-09-16,1,0,1
2016-09-17,1,0,1
2016-09-17,1,0,1
2016-09-17,1,0,1
2016-09-17,1,1,0
2016-09-17,0,0,0
2016-09-17,0,0,0
2016-09-17,1,0,1
2016-09-17,3,0,3
2016-09-17,4,1,3
2016-09-17,4,1,3
2016-09-17,10,1,9
2016-09-17,8,5,3
2016-09-17,9,5,4
2016-09-17,10,3,7
2016-09-17,11,4,7
2016-09-17,9,2,7
2016-09-17,10,5,5
2016-09-17,10,4,6
2016-09-17,6,2,4
2016-09-17,7,5,2
2016-09-17,2,0,2
2016-09-17,4,1,3
2016-09-17,1,0,1
2016-09-17,1,1,0
2016-09-18,2,2,0
2016-09-18,1,0,1
2016-09-18,1,1,0
2016-09-18,0,0,0
2016-09-18,1,0,1
2016-09-18,0,0,0
2016-09-18,2,1,1
2016-09-18,3,0,3
2016-09-18,4,3,1
2016-09-18,8,2,6
2016-09-18,22,3,19
2016-09-18,12,6,6
2016-09-18,18,9,9
2016-09-18,19,7,12
2016-09-18,19,8,11
2016-09-18,24,10,14
2016-09-18,23,13,10
2016-09-18,13,6,7
2016-09-18,8,3,5
2016-09-18,6,3,3
2016-09-18,3,0,3
2016-09-18,5,2,3
2016-09-18,1,0,1
2016-09-18,1,1,0
2016-09-19,0,0,0
2016-09-19,0,0,0
2016-09-19,1,0,1
2016-09-19,0,0,0
2016-09-19,0,0,0
2016-09-19,3,0,3
2016-09-19,0,0,0
2016-09-19,11,4,7
2016-09-19,11,5,6
2016-09-19,8,5,3
2016-09-19,5,2,3
2016-09-19,8,5,3
2016-09-19,10,4,6
2016-09-19,10,3,7
2016-09-19,8,2,6
2016-09-19,6,2,4
2016-09-19,10,7,3
2016-09-19,14,4,10
2016-09-19,19,8,11
2016-09-19,11,4,7
2016-09-19,6,4,2
2016-09-19,1,1,0
2016-09-19,0,0,0
2016-09-19,1,1,0
2016-09-20,1,1,0
2016-09-20,0,0,0
2016-09-20,0,0,0
2016-09-20,0,0,0
2016-09-20,0,0,0
2016-09-20,1,0,1
2016-09-20,2,1,1
2016-09-20,12,5,7
2016-09-20,15,7,8
2016-09-20,12,3,9
2016-09-20,2,0,2
2016-09-20,10,3,7
2016-09-20,5,3,2
2016-09-20,6,3,3
2016-09-20,9,5,4
2016-09-20,10,4,6
2016-09-20,12,8,4
2016-09-20,22,15,7
2016-09-20,24,6,18
2016-09-20,12,7,5
2016-09-20,3,1,2
2016-09-20,2,1,1
2016-09-20,1,1,0
2016-09-20,2,1,1
2016-09-21,0,0,0
2016-09-21,0,0,0
2016-09-21,0,0,0
2016-09-21,0,0,0
2016-09-21,1,1,0
2016-09-21,3,1,2
2016-09-21,2,0,2
2016-09-21,13,7,6
2016-09-21,12,4,8
2016-09-21,8,4,4
2016-09-21,7,3,4
2016-09-21,7,1,6
2016-09-21,7,2,5
2016-09-21,11,5,6
2016-09-21,4,2,2
2016-09-21,11,5,6
2016-09-21,10,7,3
2016-09-21,13,4,9
2016-09-21,13,7,6
2016-09-21,8,2,6
2016-09-21,3,0,3
2016-09-21,6,2,4
2016-09-21,5,3,2
2016-09-21,2,0,2
2016-09-22,0,0,0
2016-09-22,0,0,0
2016-09-22,0,0,0
2016-09-22,0,0,0
2016-09-22,0,0,0
2016-09-22,2,0,2
2016-09-22,3,2,1
2016-09-22,6,3,3
2016-09-22,10,6,4
2016-09-22,13,5,8
2016-09-22,7,2,5
2016-09-22,7,3,4
2016-09-22,15,7,8
2016-09-22,7,4,3
2016-09-22,8,3,5
2016-09-22,6,2,4
2016-09-22,15,5,10
2016-09-22,25,17,8
2016-09-22,15,4,11
2016-09-22,9,4,5
2016-09-22,4,4,0
2016-09-22,2,1,1
2016-09-22,2,0,2
2016-09-22,1,0,1
2016-09-23,1,0,1
2016-09-23,0,0,0
2016-09-23,0,0,0
2016-09-23,2,0,2
2016-09-23,1,0,1
2016-09-23,1,0,1
2016-09-23,2,0,2
2016-09-23,9,3,6
2016-09-23,9,4,5
2016-09-23,7,1,6
2016-09-23,9,2,7
2016-09-23,11,1,10
2016-09-23,5,3,2
2016-09-23,7,3,4
2016-09-23,6,3,3
2016-09-23,3,2,1
2016-09-23,8,4,4
2016-09-23,14,3,11
2016-09-23,8,0,8
2016-09-23,11,1,10
2016-09-23,3,3,0
2016-09-23,2,1,1
2016-09-23,3,0,3
2016-09-23,0,0,0
2016-09-24,2,1,1
2016-09-24,2,1,1
2016-09-24,1,1,0
2016-09-24,1,0,1
2016-09-24,0,0,0
2016-09-24,1,0,1
2016-09-24,1,1,0
2016-09-24,1,0,1
2016-09-24,6,2,4
2016-09-24,6,4,2
2016-09-24,9,1,8
2016-09-24,10,5,5
2016-09-24,16,12,4
2016-09-24,11,3,8
2016-09-24,14,5,9
2016-09-24,9,3,6
2016-09-24,22,9,13
2016-09-24,10,7,3
2016-09-24,17,5,12
2016-09-24,9,6,3
2016-09-24,3,1,2
2016-09-24,6,3,3
2016-09-24,3,1,2
2016-09-24,1,0,1
2016-09-25,0,0,0
2016-09-25,0,0,0
2016-09-25,0,0,0
2016-09-25,1,0,1
2016-09-25,0,0,0
2016-09-25,0,0,0
2016-09-25,1,1,0
2016-09-25,3,1,2
2016-09-25,2,0,2
2016-09-25,10,6,4
2016-09-25,7,2,5
2016-09-25,17,8,9
2016-09-25,10,4,6
2016-09-25,22,9,13
2016-09-25,13,4,9
2016-09-25,14,7,7
2016-09-25,16,6,10
2016-09-25,9,3,6
2016-09-25,10,8,2
2016-09-25,10,2,8
2016-09-25,6,4,2
2016-09-25,1,1,0
2016-09-25,3,2,1
2016-09-25,2,1,1
2016-09-26,0,0,0
2016-09-26,0,0,0
2016-09-26,0,0,0
2016-09-26,0,0,0
2016-09-26,0,0,0
2016-09-26,1,0,1
2016-09-26,5,2,3
2016-09-26,6,3,3
2016-09-26,13,5,8
2016-09-26,13,4,9
2016-09-26,12,6,6
2016-09-26,10,4,6
2016-09-26,8,0,8
2016-09-26,16,6,10
2016-09-26,14,9,5
2016-09-26,18,8,10
2016-09-26,12,7,5
2016-09-26,24,16,8
2016-09-26,22,9,13
2016-09-26,4,4,0
2016-09-26,11,5,6
2016-09-26,4,0,4
2016-09-26,2,1,1
2016-09-26,1,0,1
2016-09-27,2,1,1
2016-09-27,0,0,0
2016-09-27,0,0,0
2016-09-27,0,0,0
2016-09-27,0,0,0
2016-09-27,4,1,3
2016-09-27,2,2,0
2016-09-27,5,3,2
2016-09-27,11,5,6
2016-09-27,7,2,5
2016-09-27,12,2,10
2016-09-27,7,5,2
2016-09-27,8,3,5
2016-09-27,12,3,9
2016-09-27,6,4,2
2016-09-27,11,6,5
2016-09-27,15,6,9
2016-09-27,24,12,12
2016-09-27,13,7,6
2016-09-27,6,5,1
2016-09-27,8,2,6
2016-09-27,5,3,2
2016-09-27,3,2,1
2016-09-27,0,0,0
2016-09-28,0,0,0
2016-09-28,1,1,0
2016-09-28,0,0,0
2016-09-28,0,0,0
2016-09-28,0,0,0
2016-09-28,1,0,1
2016-09-28,2,1,1
2016-09-28,5,3,2
2016-09-28,10,4,6
2016-09-28,10,5,5
2016-09-28,8,1,7
2016-09-28,6,2,4
2016-09-28,5,1,4
2016-09-28,11,6,5
2016-09-28,11,2,9
2016-09-28,8,4,4
2016-09-28,13,7,6
2016-09-28,22,16,6
2016-09-28,20,8,12
2016-09-28,8,3,5
2016-09-28,11,7,4
2016-09-28,5,2,3
2016-09-28,0,0,0
2016-09-28,1,1,0
2016-09-29,0,0,0
2016-09-29,0,0,0
2016-09-29,1,0,1
2016-09-29,0,0,0
2016-09-29,0,0,0
2016-09-29,1,0,1
2016-09-29,3,2,1
2016-09-29,3,3,0
2016-09-29,16,7,9
2016-09-29,16,8,8
2016-09-29,5,2,3
2016-09-29,19,12,7
2016-09-29,3,1,2
2016-09-29,10,3,7
2016-09-29,12,7,5
2016-09-29,8,3,5
2016-09-29,9,4,5
2016-09-29,7,6,1
2016-09-29,13,7,6
2016-09-29,11,3,8
2016-09-29,2,2,0
2016-09-29,2,1,1
2016-09-29,2,1,1
2016-09-29,2,1,1
2016-09-30,0,0,0
2016-09-30,0,0,0
2016-09-30,0,0,0
2016-09-30,1,1,0
2016-09-30,0,0,0
2016-09-30,1,1,0
2016-09-30,5,4,1
2016-09-30,6,5,1
2016-09-30,15,5,10
2016-09-30,11,5,6
2016-09-30,5,1,4
2016-09-30,13,0,13
2016-09-30,14,4,10
2016-09-30,15,9,6
2016-09-30,9,5,4
2016-09-30,8,2,6
2016-09-30,11,5,6
2016-09-30,16,8,8
2016-09-30,17,8,9
2016-09-30,7,2,5
2016-09-30,7,2,5
2016-09-30,8,1,7
2016-09-30,3,0,3
2016-09-30,3,2,1
2016-10-01,3,1,2
2016-10-01,1,1,0
2016-10-01,0,0,0
2016-10-01,0,0,0
2016-10-01,1,1,0
2016-10-01,0,0,0
2016-10-01,1,0,1
2016-10-01,1,0,1
2016-10-01,4,1,3
2016-10-01,8,4,4
2016-10-01,12,7,5
2016-10-01,21,6,15
2016-10-01,15,4,11
2016-10-01,6,1,5
2016-10-01,5,2,3
2016-10-01,15,5,10
2016-10-01,10,4,6
2016-10-01,14,6,8
2016-10-01,2,2,0
2016-10-01,3,0,3
2016-10-01,5,2,3
2016-10-01,2,1,1
2016-10-01,5,2,3
2016-10-01,0,0,0
2016-10-02,1,1,0
2016-10-02,2,1,1
2016-10-02,0,0,0
2016-10-02,0,0,0
2016-10-02,1,0,1
2016-10-02,0,0,0
2016-10-02,1,0,1
2016-10-02,1,0,1
2016-10-02,3,2,1
2016-10-02,8,5,3
2016-10-02,5,2,3
2016-10-02,13,7,6
2016-10-02,11,9,2
2016-10-02,21,11,10
2016-10-02,12,5,7
2016-10-02,15,7,8
2016-10-02,13,7,6
2016-10-02,8,4,4
2016-10-02,7,5,2
2016-10-02,9,6,3
2016-10-02,3,3,0
2016-10-02,4,2,2
2016-10-02,2,0,2
2016-10-02,0,0,0
2016-10-03,0,0,0
2016-10-03,0,0,0
2016-10-03,1,0,1
2016-10-03,0,0,0
2016-10-03,0,0,0
2016-10-03,1,0,1
2016-10-03,4,2,2
2016-10-03,12,6,6
2016-10-03,12,6,6
2016-10-03,11,5,6
2016-10-03,6,2,4
2016-10-03,9,5,4
2016-10-03,12,3,9
2016-10-03,14,6,8
2016-10-03,10,3,7
2016-10-03,11,3,8
2016-10-03,17,12,5
2016-10-03,19,5,14
2016-10-03,17,9,8
2016-10-03,6,2,4
2016-10-03,2,1,1
2016-10-03,0,0,0
2016-10-03,2,0,2
2016-10-03,2,1,1
2016-10-04,1,0,1
2016-10-04,0,0,0
2016-10-04,0,0,0
2016-10-04,0,0,0
2016-10-04,0,0,0
2016-10-04,1,0,1
2016-10-04,1,0,1
2016-10-04,6,4,2
2016-10-04,18,10,8
2016-10-04,10,2,8
2016-10-04,11,2,9
2016-10-04,14,6,8
2016-10-04,11,5,6
2016-10-04,4,2,2
2016-10-04,1,1,0
2016-10-04,8,3,5
2016-10-04,6,1,5
2016-10-04,15,2,13
2016-10-04,16,8,8
2016-10-04,4,3,1
2016-10-04,6,3,3
2016-10-04,5,3,2
2016-10-04,2,0,2
2016-10-04,2,0,2
2016-10-05,0,0,0
2016-10-05,0,0,0
2016-10-05,0,0,0
2016-10-05,2,1,1
2016-10-05,2,1,1
2016-10-05,1,0,1
2016-10-05,4,2,2
2016-10-05,9,5,4
2016-10-05,18,5,13
2016-10-05,8,3,5
2016-10-05,9,3,6
2016-10-05,13,2,11
2016-10-05,10,2,8
2016-10-05,10,5,5
2016-10-05,5,3,2
2016-10-05,14,4,10
2016-10-05,8,4,4
2016-10-05,12,7,5
2016-10-05,21,6,15
2016-10-05,14,4,10
2016-10-05,4,1,3
2016-10-05,2,2,0
2016-10-05,1,1,0
2016-10-05,0,0,0
2016-10-06,0,0,0
2016-10-06,0,0,0
2016-10-06,0,0,0
2016-10-06,0,0,0
2016-10-06,0,0,0
2016-10-06,1,0,1
2016-10-06,4,1,3
2016-10-06,8,4,4
2016-10-06,12,2,10
2016-10-06,18,7,11
2016-10-06,15,3,12
2016-10-06,9,3,6
2016-10-06,13,3,10
2016-10-06,9,4,5
2016-10-06,17,8,9
2016-10-06,15,4,11
2016-10-06,8,5,3
2016-10-06,24,8,16
2016-10-06,8,0,8
2016-10-06,4,2,2
2016-10-06,4,1,3
2016-10-06,5,3,2
2016-10-06,2,0,2
2016-10-06,1,0,1
2016-10-07,3,2,1
2016-10-07,1,0,1
2016-10-07,0,0,0
2016-10-07,0,0,0
2016-10-07,0,0,0
2016-10-07,1,0,1
2016-10-07,2,1,1
2016-10-07,3,3,0
2016-10-07,9,3,6
2016-10-07,7,1,6
2016-10-07,7,2,5
2016-10-07,8,2,6
2016-10-07,10,2,8
2016-10-07,11,6,5
2016-10-07,6,2,4
2016-10-07,11,5,6
2016-10-07,12,4,8
2016-10-07,12,5,7
2016-10-07,18,8,10
2016-10-07,2,1,1
2016-10-07,2,1,1
2016-10-07,10,3,7
2016-10-07,1,0,1
2016-10-07,3,3,0
2016-10-08,1,0,1
2016-10-08,0,0,0
2016-10-08,0,0,0
2016-10-08,0,0,0
2016-10-08,0,0,0
2016-10-08,0,0,0
2016-10-08,0,0,0
2016-10-08,2,0,2
2016-10-08,3,2,1
2016-10-08,8,1,7
2016-10-08,4,1,3
2016-10-08,16,5,11
2016-10-08,6,1,5
2016-10-08,13,6,7
2016-10-08,4,1,3
2016-10-08,7,2,5
2016-10-08,8,3,5
2016-10-08,2,1,1
2016-10-08,6,0,6
2016-10-08,5,3,2
2016-10-08,3,2,1
2016-10-08,3,1,2
2016-10-08,1,1,0
2016-10-08,0,0,0
2016-10-09,1,0,1
2016-10-09,1,0,1
2016-10-09,0,0,0
2016-10-09,1,0,1
2016-10-09,0,0,0
2016-10-09,0,0,0
2016-10-09,0,0,0
2016-10-09,1,1,0
2016-10-09,2,1,1
2016-10-09,4,2,2
2016-10-09,13,3,10
2016-10-09,4,1,3
2016-10-09,16,8,8
2016-10-09,16,6,10
2016-10-09,12,8,4
2016-10-09,10,6,4
2016-10-09,10,5,5
2016-10-09,12,4,8
2016-10-09,6,1,5
2016-10-09,4,4,0
2016-10-09,3,0,3
2016-10-09,1,1,0
2016-10-09,1,1,0
2016-10-09,1,1,0
2016-10-10,1,0,1
2016-10-10,1,0,1
2016-10-10,1,0,1
2016-10-10,0,0,0
2016-10-10,1,1,0
2016-10-10,3,0,3
2016-10-10,2,1,1
2016-10-10,5,2,3
2016-10-10,12,4,8
2016-10-10,9,6,3
2016-10-10,9,3,6
2016-10-10,7,3,4
2016-10-10,7,5,2
2016-10-10,13,6,7
2016-10-10,9,6,3
2016-10-10,8,2,6
2016-10-10,15,6,9
2016-10-10,16,8,8
2016-10-10,7,5,2
2016-10-10,9,5,4
2016-10-10,6,3,3
2016-10-10,6,3,3
2016-10-10,0,0,0
2016-10-10,0,0,0
2016-10-11,0,0,0
2016-10-11,0,0,0
2016-10-11,0,0,0
2016-10-11,0,0,0
2016-10-11,0,0,0
2016-10-11,2,0,2
2016-10-11,2,2,0
2016-10-11,9,5,4
2016-10-11,13,7,6
2016-10-11,12,5,7
2016-10-11,8,2,6
2016-10-11,11,9,2
2016-10-11,14,4,10
2016-10-11,11,4,7
2016-10-11,15,8,7
2016-10-11,7,5,2
2016-10-11,11,3,8
2016-10-11,22,12,10
2016-10-11,18,7,11
2016-10-11,12,5,7
2016-10-11,5,0,5
2016-10-11,3,3,0
2016-10-11,2,1,1
2016-10-11,1,0,1
2016-10-12,0,0,0
2016-10-12,0,0,0
2016-10-12,0,0,0
2016-10-12,0,0,0
2016-10-12,0,0,0
2016-10-12,2,2,0
2016-10-12,5,2,3
2016-10-12,6,5,1
2016-10-12,11,4,7
2016-10-12,15,7,8
2016-10-12,10,5,5
2016-10-12,4,1,3
2016-10-12,13,5,8
2016-10-12,10,4,6
2016-10-12,8,2,6
2016-10-12,10,5,5
2016-10-12,20,12,8
2016-10-12,11,5,6
2016-10-12,16,9,7
2016-10-12,7,4,3
2016-10-12,7,2,5
2016-10-12,3,2,1
2016-10-12,2,0,2
2016-10-12,0,0,0
2016-10-13,0,0,0
2016-10-13,0,0,0
2016-10-13,0,0,0
2016-10-13,0,0,0
2016-10-13,0,0,0
2016-10-13,2,1,1
2016-10-13,1,1,0
2016-10-13,7,3,4
2016-10-13,4,2,2
2016-10-13,2,1,1
2016-10-13,1,0,1
2016-10-13,5,0,5
2016-10-13,3,0,3
2016-10-13,8,1,7
2016-10-13,8,3,5
2016-10-13,10,3,7
2016-10-13,4,2,2
2016-10-13,8,4,4
2016-10-13,14,7,7
2016-10-13,3,0,3
2016-10-13,4,1,3
2016-10-13,0,0,0
2016-10-13,1,0,1
2016-10-13,1,1,0
2016-10-14,0,0,0
2016-10-14,0,0,0
2016-10-14,0,0,0
2016-10-14,0,0,0
2016-10-14,0,0,0
2016-10-14,1,0,1
2016-10-14,0,0,0
2016-10-14,2,1,1
2016-10-14,7,4,3
2016-10-14,3,1,2
2016-10-14,1,0,1
2016-10-14,8,3,5
2016-10-14,7,1,6
2016-10-14,5,3,2
2016-10-14,6,4,2
2016-10-14,4,2,2
2016-10-14,6,1,5
2016-10-14,11,0,11
2016-10-14,7,3,4
2016-10-14,4,1,3
2016-10-14,3,1,2
2016-10-14,4,1,3
2016-10-14,2,1,1
2016-10-14,5,3,2
2016-10-15,2,1,1
2016-10-15,0,0,0
2016-10-15,1,0,1
2016-10-15,0,0,0
2016-10-15,0,0,0
2016-10-15,0,0,0
2016-10-15,1,0,1
2016-10-15,2,0,2
2016-10-15,2,2,0
2016-10-15,8,2,6
2016-10-15,6,0,6
2016-10-15,9,3,6
2016-10-15,7,2,5
2016-10-15,3,1,2
2016-10-15,7,1,6
2016-10-15,13,4,9
2016-10-15,2,1,1
2016-10-15,4,0,4
2016-10-15,2,2,0
2016-10-15,2,1,1
2016-10-15,3,2,1
2016-10-15,0,0,0
2016-10-15,1,1,0
2016-10-15,0,0,0
2016-10-16,0,0,0
2016-10-16,0,0,0
2016-10-16,1,0,1
2016-10-16,0,0,0
2016-10-16,0,0,0
2016-10-16,0,0,0
2016-10-16,1,0,1
2016-10-16,1,0,1
2016-10-16,2,1,1
2016-10-16,5,1,4
2016-10-16,5,3,2
2016-10-16,9,4,5
2016-10-16,8,1,7
2016-10-16,9,1,8
2016-10-16,8,4,4
2016-10-16,9,5,4
2016-10-16,4,0,4
2016-10-16,8,7,1
2016-10-16,1,1,0
2016-10-16,3,1,2
2016-10-16,2,0,2
2016-10-16,1,0,1
2016-10-16,4,1,3
2016-10-16,0,0,0
2016-10-17,0,0,0
2016-10-17,0,0,0
2016-10-17,0,0,0
2016-10-17,0,0,0
2016-10-17,0,0,0
2016-10-17,1,0,1
2016-10-17,4,3,1
2016-10-17,8,2,6
2016-10-17,9,3,6
2016-10-17,8,2,6
2016-10-17,11,5,6
2016-10-17,8,0,8
2016-10-17,5,1,4
2016-10-17,4,1,3
2016-10-17,11,3,8
2016-10-17,9,3,6
2016-10-17,7,2,5
2016-10-17,13,6,7
2016-10-17,13,6,7
2016-10-17,10,3,7
2016-10-17,8,4,4
2016-10-17,1,1,0
2016-10-17,1,1,0
2016-10-17,1,0,1
2016-10-18,0,0,0
2016-10-18,0,0,0
2016-10-18,0,0,0
2016-10-18,0,0,0
2016-10-18,0,0,0
2016-10-18,1,0,1
2016-10-18,0,0,0
2016-10-18,7,2,5
2016-10-18,7,3,4
2016-10-18,9,6,3
2016-10-18,9,2,7
2016-10-18,7,2,5
2016-10-18,2,1,1
2016-10-18,13,7,6
2016-10-18,12,4,8
2016-10-18,6,0,6
2016-10-18,12,6,6
2016-10-18,21,10,11
2016-10-18,15,9,6
2016-10-18,5,4,1
2016-10-18,7,4,3
2016-10-18,3,1,2
2016-10-18,0,0,0
2016-10-18,0,0,0
2016-10-19,0,0,0
2016-10-19,0,0,0
2016-10-19,1,0,1
2016-10-19,0,0,0
2016-10-19,0,0,0
2016-10-19,1,0,1
2016-10-19,3,1,2
2016-10-19,8,6,2
2016-10-19,9,2,7
2016-10-19,7,1,6
2016-10-19,11,4,7
2016-10-19,7,3,4
2016-10-19,11,2,9
2016-10-19,9,2,7
2016-10-19,8,5,3
2016-10-19,9,4,5
2016-10-19,9,6,3
2016-10-19,17,6,11
2016-10-19,8,3,5
2016-10-19,7,1,6
2016-10-19,6,3,3
2016-10-19,6,3,3
2016-10-19,3,3,0
2016-10-19,0,0,0
2016-10-20,0,0,0
2016-10-20,1,0,1
2016-10-20,0,0,0
2016-10-20,0,0,0
2016-10-20,0,0,0
2016-10-20,2,0,2
2016-10-20,1,0,1
2016-10-20,6,4,2
2016-10-20,8,4,4
2016-10-20,7,3,4
2016-10-20,4,0,4
2016-10-20,7,1,6
2016-10-20,5,1,4
2016-10-20,10,2,8
2016-10-20,8,3,5
2016-10-20,4,2,2
2016-10-20,7,3,4
2016-10-20,16,7,9
2016-10-20,9,5,4
2016-10-20,6,3,3
2016-10-20,7,3,4
2016-10-20,4,2,2
2016-10-20,1,1,0
2016-10-20,1,1,0
2016-10-21,1,0,1
2016-10-21,0,0,0
2016-10-21,0,0,0
2016-10-21,0,0,0
2016-10-21,0,0,0
2016-10-21,0,0,0
2016-10-21,2,2,0
2016-10-21,2,1,1
2016-10-21,10,2,8
2016-10-21,10,1,9
2016-10-21,4,2,2
2016-10-21,12,4,8
2016-10-21,8,2,6
2016-10-21,11,5,6
2016-10-21,14,7,7
2016-10-21,15,7,8
2016-10-21,11,7,4
2016-10-21,9,7,2
2016-10-21,10,4,6
2016-10-21,9,5,4
2016-10-21,3,2,1
2016-10-21,6,4,2
2016-10-21,0,0,0
2016-10-21,1,1,0
2016-10-22,0,0,0
2016-10-22,0,0,0
2016-10-22,1,1,0
2016-10-22,0,0,0
2016-10-22,0,0,0
2016-10-22,0,0,0
2016-10-22,1,0,1
2016-10-22,1,0,1
2016-10-22,3,1,2
2016-10-22,7,2,5
2016-10-22,15,6,9
2016-10-22,9,5,4
2016-10-22,7,2,5
2016-10-22,11,5,6
2016-10-22,10,7,3
2016-10-22,16,7,9
2016-10-22,17,8,9
2016-10-22,8,3,5
2016-10-22,6,4,2
2016-10-22,4,2,2
2016-10-22,2,0,2
2016-10-22,3,0,3
2016-10-22,1,0,1
2016-10-22,2,0,2
2016-10-23,3,3,0
2016-10-23,0,0,0
2016-10-23,0,0,0
2016-10-23,0,0,0
2016-10-23,0,0,0
2016-10-23,0,0,0
2016-10-23,2,0,2
2016-10-23,0,0,0
2016-10-23,3,2,1
2016-10-23,7,5,2
2016-10-23,6,2,4
2016-10-23,9,1,8
2016-10-23,15,3,12
2016-10-23,17,9,8
2016-10-23,18,11,7
2016-10-23,13,6,7
2016-10-23,8,5,3
2016-10-23,4,3,1
2016-10-23,4,3,1
2016-10-23,2,1,1
2016-10-23,0,0,0
2016-10-23,4,3,1
2016-10-23,2,1,1
2016-10-23,0,0,0
2016-10-24,0,0,0
2016-10-24,0,0,0
2016-10-24,0,0,0
2016-10-24,0,0,0
2016-10-24,0,0,0
2016-10-24,2,1,1
2016-10-24,3,0,3
2016-10-24,9,4,5
2016-10-24,7,3,4
2016-10-24,13,4,9
2016-10-24,7,5,2
2016-10-24,6,4,2
2016-10-24,6,0,6
2016-10-24,12,5,7
2016-10-24,11,4,7
2016-10-24,15,6,9
2016-10-24,10,4,6
2016-10-24,13,6,7
2016-10-24,8,1,7
2016-10-24,6,2,4
2016-10-24,4,3,1
2016-10-24,5,2,3
2016-10-24,2,1,1
2016-10-24,0,0,0
2016-10-25,1,1,0
2016-10-25,0,0,0
2016-10-25,0,0,0
2016-10-25,0,0,0
2016-10-25,0,0,0
2016-10-25,1,0,1
2016-10-25,0,0,0
2016-10-25,11,7,4
2016-10-25,10,3,7
2016-10-25,6,1,5
2016-10-25,7,1,6
2016-10-25,2,1,1
2016-10-25,13,7,6
2016-10-25,8,3,5
2016-10-25,9,3,6
2016-10-25,7,2,5
2016-10-25,8,4,4
2016-10-25,21,6,15
2016-10-25,1,1,0
2016-10-25,0,0,0
2016-10-25,0,0,0
2016-10-25,0,0,0
2016-10-25,0,0,0
2016-10-25,0,0,0
2016-10-26,0,0,0
2016-10-26,0,0,0
2016-10-26,0,0,0
2016-10-26,0,0,0
2016-10-26,0,0,0
2016-10-26,0,0,0
2016-10-26,0,0,0
2016-10-26,6,4,2
2016-10-26,8,3,5
2016-10-26,7,1,6
2016-10-26,4,0,4
2016-10-26,3,1,2
2016-10-26,5,3,2
2016-10-26,4,0,4
2016-10-26,6,1,5
2016-10-26,7,4,3
2016-10-26,8,3,5
2016-10-26,10,3,7
2016-10-26,5,2,3
2016-10-26,13,4,9
2016-10-26,1,0,1
2016-10-26,1,0,1
2016-10-26,2,0,2
2016-10-26,3,2,1
2016-10-27,0,0,0
2016-10-27,0,0,0
2016-10-27,0,0,0
2016-10-27,2,0,2
2016-10-27,0,0,0
2016-10-27,1,0,1
2016-10-27,0,0,0
2016-10-27,5,2,3
2016-10-27,5,1,4
2016-10-27,11,5,6
2016-10-27,5,1,4
2016-10-27,5,2,3
2016-10-27,4,3,1
2016-10-27,10,3,7
2016-10-27,2,2,0
2016-10-27,11,4,7
2016-10-27,10,2,8
2016-10-27,16,7,9
2016-10-27,14,6,8
2016-10-27,7,5,2
2016-10-27,2,1,1
2016-10-27,4,1,3
2016-10-27,2,1,1
2016-10-27,1,0,1
2016-10-28,1,1,0
2016-10-28,0,0,0
2016-10-28,1,0,1
2016-10-28,0,0,0
2016-10-28,0,0,0
2016-10-28,0,0,0
2016-10-28,3,3,0
2016-10-28,5,4,1
2016-10-28,8,2,6
2016-10-28,5,1,4
2016-10-28,9,5,4
2016-10-28,7,1,6
2016-10-28,3,0,3
2016-10-28,11,4,7
2016-10-28,7,3,4
2016-10-28,12,5,7
2016-10-28,21,12,9
2016-10-28,2,1,1
2016-10-28,0,0,0
2016-10-28,0,0,0
2016-10-28,0,0,0
2016-10-28,0,0,0
2016-10-28,0,0,0
2016-10-28,0,0,0
2016-10-29,0,0,0
2016-10-29,0,0,0
2016-10-29,0,0,0
2016-10-29,0,0,0
2016-10-29,0,0,0
2016-10-29,0,0,0
2016-10-29,0,0,0
2016-10-29,2,1,1
2016-10-29,0,0,0
2016-10-29,3,2,1
2016-10-29,9,2,7
2016-10-29,4,0,4
2016-10-29,6,2,4
2016-10-29,6,2,4
2016-10-29,7,4,3
2016-10-29,12,4,8
2016-10-29,5,2,3
2016-10-29,9,3,6
2016-10-29,8,2,6
2016-10-29,5,2,3
2016-10-29,9,4,5
2016-10-29,6,2,4
2016-10-29,5,2,3
2016-10-29,2,2,0
2016-10-30,1,0,1
2016-10-30,2,0,2
2016-10-30,1,1,0
2016-10-30,0,0,0
2016-10-30,0,0,0
2016-10-30,0,0,0
2016-10-30,0,0,0
2016-10-30,1,0,1
2016-10-30,0,0,0
2016-10-30,1,0,1
2016-10-30,14,2,12
2016-10-30,5,4,1
2016-10-30,12,4,8
2016-10-30,6,2,4
2016-10-30,5,1,4
2016-10-30,10,3,7
2016-10-30,8,3,5
2016-10-30,3,1,2
2016-10-30,4,2,2
2016-10-30,3,2,1
2016-10-30,3,2,1
2016-10-30,1,1,0
2016-10-30,2,0,2
2016-10-30,0,0,0
2016-10-31,1,0,1
2016-10-31,0,0,0
2016-10-31,0,0,0
2016-10-31,0,0,0
2016-10-31,0,0,0
2016-10-31,1,0,1
2016-10-31,2,2,0
2016-10-31,8,5,3
2016-10-31,4,3,1
2016-10-31,2,1,1
2016-10-31,0,0,0
2016-10-31,9,2,7
2016-10-31,7,1,6
2016-10-31,9,3,6
2016-10-31,9,4,5
2016-10-31,5,3,2
2016-10-31,12,3,9
2016-10-31,8,2,6
2016-10-31,5,1,4
2016-10-31,4,3,1
2016-10-31,3,1,2
2016-10-31,3,1,2
2016-10-31,1,1,0
2016-10-31,3,2,1
2016-11-01,0,0,0
2016-11-01,0,0,0
2016-11-01,0,0,0
2016-11-01,1,0,1
2016-11-01,0,0,0
2016-11-01,1,0,1
2016-11-01,0,0,0
2016-11-01,5,3,2
2016-11-01,5,4,1
2016-11-01,11,3,8
2016-11-01,3,2,1
2016-11-01,4,2,2
2016-11-01,7,2,5
2016-11-01,9,4,5
2016-11-01,10,3,7
2016-11-01,10,1,9
2016-11-01,8,2,6
2016-11-01,14,8,6
2016-11-01,4,2,2
2016-11-01,8,1,7
2016-11-01,1,0,1
2016-11-01,3,3,0
2016-11-01,1,1,0
2016-11-01,1,0,1
2016-11-02,0,0,0
2016-11-02,0,0,0
2016-11-02,0,0,0
2016-11-02,1,1,0
2016-11-02,0,0,0
2016-11-02,3,1,2
2016-11-02,4,3,1
2016-11-02,6,2,4
2016-11-02,8,5,3
2016-11-02,10,5,5
2016-11-02,3,0,3
2016-11-02,9,4,5
2016-11-02,4,1,3
2016-11-02,8,4,4
2016-11-02,4,2,2
2016-11-02,10,6,4
2016-11-02,19,5,14
2016-11-02,18,6,12
2016-11-02,10,3,7
2016-11-02,12,2,10
2016-11-02,7,4,3
2016-11-02,3,2,1
2016-11-02,2,1,1
2016-11-02,0,0,0
2016-11-03,1,0,1
2016-11-03,1,0,1
2016-11-03,0,0,0
2016-11-03,1,0,1
2016-11-03,0,0,0
2016-11-03,1,0,1
2016-11-03,2,1,1
2016-11-03,5,3,2
2016-11-03,8,3,5
2016-11-03,4,2,2
2016-11-03,8,4,4
2016-11-03,12,2,10
2016-11-03,7,2,5
2016-11-03,9,4,5
2016-11-03,17,6,11
2016-11-03,18,7,11
2016-11-03,17,5,12
2016-11-03,21,14,7
2016-11-03,15,8,7
2016-11-03,7,3,4
2016-11-03,1,0,1
2016-11-03,3,2,1
2016-11-03,0,0,0
2016-11-03,1,0,1
2016-11-04,0,0,0
2016-11-04,0,0,0
2016-11-04,0,0,0
2016-11-04,0,0,0
2016-11-04,0,0,0
2016-11-04,1,0,1
2016-11-04,4,3,1
2016-11-04,6,4,2
2016-11-04,16,4,12
2016-11-04,9,4,5
2016-11-04,9,3,6
2016-11-04,10,0,10
2016-11-04,15,4,11
2016-11-04,11,5,6
2016-11-04,7,4,3
2016-11-04,13,2,11
2016-11-04,17,9,8
2016-11-04,15,5,10
2016-11-04,18,6,12
2016-11-04,12,4,8
2016-11-04,3,2,1
2016-11-04,5,2,3
2016-11-04,0,0,0
2016-11-04,2,2,0
2016-11-05,2,0,2
2016-11-05,2,2,0
2016-11-05,1,1,0
2016-11-05,1,0,1
2016-11-05,0,0,0
2016-11-05,0,0,0
2016-11-05,3,0,3
2016-11-05,1,1,0
2016-11-05,3,0,3
2016-11-05,4,2,2
2016-11-05,6,2,4
2016-11-05,9,2,7
2016-11-05,6,1,5
2016-11-05,16,7,9
2016-11-05,10,3,7
2016-11-05,6,2,4
2016-11-05,8,3,5
2016-11-05,10,2,8
2016-11-05,7,1,6
2016-11-05,4,1,3
2016-11-05,3,2,1
2016-11-05,1,1,0
2016-11-05,0,0,0
2016-11-05,1,1,0
2016-11-06,0,0,0
2016-11-06,1,0,1
2016-11-06,0,0,0
2016-11-06,1,1,0
2016-11-06,0,0,0
2016-11-06,0,0,0
2016-11-06,1,0,1
2016-11-06,1,0,1
2016-11-06,7,2,5
2016-11-06,8,4,4
2016-11-06,8,0,8
2016-11-06,21,9,12
2016-11-06,18,1,17
2016-11-06,16,4,12
2016-11-06,12,7,5
2016-11-06,22,9,13
2016-11-06,13,6,7
2016-11-06,6,2,4
2016-11-06,3,3,0
2016-11-06,0,0,0
2016-11-06,0,0,0
2016-11-06,0,0,0
2016-11-06,0,0,0
2016-11-06,0,0,0
2016-11-07,0,0,0
2016-11-07,0,0,0
2016-11-07,0,0,0
2016-11-07,0,0,0
2016-11-07,0,0,0
2016-11-07,0,0,0
2016-11-07,2,0,2
2016-11-07,7,4,3
2016-11-07,12,5,7
2016-11-07,8,3,5
2016-11-07,6,2,4
2016-11-07,6,3,3
2016-11-07,14,4,10
2016-11-07,10,2,8
2016-11-07,9,7,2
2016-11-07,7,2,5
2016-11-07,15,8,7
2016-11-07,8,6,2
2016-11-07,0,0,0
2016-11-07,0,0,0
2016-11-07,0,0,0
2016-11-07,0,0,0
2016-11-07,0,0,0
2016-11-07,0,0,0
2016-11-08,1,0,1
2016-11-08,0,0,0
2016-11-08,1,0,1
2016-11-08,0,0,0
2016-11-08,0,0,0
2016-11-08,2,0,2
2016-11-08,2,1,1
2016-11-08,6,2,4
2016-11-08,15,5,10
2016-11-08,7,2,5
2016-11-08,23,9,14
2016-11-08,5,2,3
2016-11-08,22,8,14
2016-11-08,10,3,7
2016-11-08,12,7,5
2016-11-08,20,7,13
2016-11-08,24,9,15
2016-11-08,15,8,7
2016-11-08,7,6,1
2016-11-08,19,9,10
2016-11-08,1,0,1
2016-11-08,3,2,1
2016-11-08,4,1,3
2016-11-08,3,2,1
2016-11-09,2,1,1
2016-11-09,0,0,0
2016-11-09,2,0,2
2016-11-09,0,0,0
2016-11-09,0,0,0
2016-11-09,3,2,1
2016-11-09,2,1,1
2016-11-09,4,4,0
2016-11-09,12,6,6
2016-11-09,7,2,5
2016-11-09,4,1,3
2016-11-09,8,5,3
2016-11-09,4,2,2
2016-11-09,12,2,10
2016-11-09,5,1,4
2016-11-09,5,1,4
2016-11-09,5,1,4
2016-11-09,11,6,5
2016-11-09,9,2,7
2016-11-09,9,3,6
2016-11-09,2,1,1
2016-11-09,4,3,1
2016-11-09,2,2,0
2016-11-09,1,1,0
2016-11-10,1,1,0
2016-11-10,1,0,1
2016-11-10,0,0,0
2016-11-10,0,0,0
2016-11-10,0,0,0
2016-11-10,1,0,1
2016-11-10,1,1,0
2016-11-10,10,7,3
2016-11-10,13,5,8
2016-11-10,7,3,4
2016-11-10,7,3,4
2016-11-10,3,1,2
2016-11-10,8,4,4
2016-11-10,11,3,8
2016-11-10,15,8,7
2016-11-10,11,5,6
2016-11-10,5,5,0
2016-11-10,18,13,5
2016-11-10,18,6,12
2016-11-10,7,4,3
2016-11-10,3,2,1
2016-11-10,7,3,4
2016-11-10,8,7,1
2016-11-10,5,4,1
2016-11-11,1,1,0
2016-11-11,0,0,0
2016-11-11,1,0,1
2016-11-11,0,0,0
2016-11-11,0,0,0
2016-11-11,2,2,0
2016-11-11,0,0,0
2016-11-11,7,5,2
2016-11-11,10,3,7
2016-11-11,5,1,4
2016-11-11,2,0,2
2016-11-11,10,3,7
2016-11-11,10,3,7
2016-11-11,5,3,2
2016-11-11,14,7,7
2016-11-11,9,6,3
2016-11-11,12,7,5
2016-11-11,5,4,1
2016-11-11,11,7,4
2016-11-11,11,6,5
2016-11-11,4,3,1
2016-11-11,1,1,0
2016-11-11,3,0,3
2016-11-11,1,1,0
2016-11-12,2,2,0
2016-11-12,2,0,2
2016-11-12,1,1,0
2016-11-12,2,2,0
2016-11-12,0,0,0
2016-11-12,0,0,0
2016-11-12,1,0,1
2016-11-12,0,0,0
2016-11-12,6,4,2
2016-11-12,4,0,4
2016-11-12,4,1,3
2016-11-12,13,4,9
2016-11-12,4,1,3
2016-11-12,7,3,4
2016-11-12,14,5,9
2016-11-12,12,2,10
2016-11-12,13,7,6
2016-11-12,4,1,3
2016-11-12,7,2,5
2016-11-12,6,1,5
2016-11-12,4,1,3
2016-11-12,1,1,0
2016-11-12,0,0,0
2016-11-12,1,1,0
2016-11-13,1,0,1
2016-11-13,0,0,0
2016-11-13,0,0,0
2016-11-13,0,0,0
2016-11-13,0,0,0
2016-11-13,2,2,0
2016-11-13,0,0,0
2016-11-13,1,1,0
2016-11-13,3,2,1
2016-11-13,2,1,1
2016-11-13,11,2,9
2016-11-13,11,3,8
2016-11-13,3,1,2
2016-11-13,8,3,5
2016-11-13,13,5,8
2016-11-13,6,2,4
2016-11-13,5,2,3
2016-11-13,2,0,2
2016-11-13,7,4,3
2016-11-13,4,1,3
2016-11-13,2,1,1
2016-11-13,3,1,2
2016-11-13,0,0,0
2016-11-13,0,0,0
2016-11-14,0,0,0
2016-11-14,1,0,1
2016-11-14,0,0,0
2016-11-14,0,0,0
2016-11-14,0,0,0
2016-11-14,4,0,4
2016-11-14,2,2,0
2016-11-14,12,4,8
2016-11-14,7,5,2
2016-11-14,10,7,3
2016-11-14,6,2,4
2016-11-14,8,2,6
2016-11-14,6,1,5
2016-11-14,11,5,6
2016-11-14,9,3,6
2016-11-14,11,1,10
2016-11-14,7,6,1
2016-11-14,16,2,14
2016-11-14,16,3,13
2016-11-14,10,7,3
2016-11-14,3,3,0
2016-11-14,1,1,0
2016-11-14,0,0,0
2016-11-14,0,0,0
2016-11-15,0,0,0
2016-11-15,1,0,1
2016-11-15,0,0,0
2016-11-15,0,0,0
2016-11-15,0,0,0
2016-11-15,1,0,1
2016-11-15,3,0,3
2016-11-15,6,5,1
2016-11-15,6,3,3
2016-11-15,10,4,6
2016-11-15,11,2,9
2016-11-15,6,2,4
2016-11-15,8,4,4
2016-11-15,7,2,5
2016-11-15,10,3,7
2016-11-15,6,3,3
2016-11-15,7,3,4
2016-11-15,12,6,6
2016-11-15,16,4,12
2016-11-15,11,7,4
2016-11-15,3,1,2
2016-11-15,1,1,0
2016-11-15,0,0,0
2016-11-15,0,0,0
2016-11-16,1,0,1
2016-11-16,0,0,0
2016-11-16,0,0,0
2016-11-16,0,0,0
2016-11-16,0,0,0
2016-11-16,2,1,1
2016-11-16,3,3,0
2016-11-16,9,5,4
2016-11-16,6,3,3
2016-11-16,7,2,5
2016-11-16,5,1,4
2016-11-16,8,2,6
2016-11-16,7,2,5
2016-11-16,10,2,8
2016-11-16,5,4,1
2016-11-16,8,3,5
2016-11-16,3,1,2
2016-11-16,15,11,4
2016-11-16,7,3,4
2016-11-16,10,8,2
2016-11-16,1,1,0
2016-11-16,8,3,5
2016-11-16,3,2,1
2016-11-16,3,2,1
2016-11-17,1,0,1
2016-11-17,0,0,0
2016-11-17,0,0,0
2016-11-17,1,1,0
2016-11-17,0,0,0
2016-11-17,1,0,1
2016-11-17,1,1,0
2016-11-17,5,3,2
2016-11-17,7,5,2
2016-11-17,10,4,6
2016-11-17,6,1,5
2016-11-17,6,3,3
2016-11-17,9,5,4
2016-11-17,11,4,7
2016-11-17,11,5,6
2016-11-17,14,4,10
2016-11-17,15,6,9
2016-11-17,11,7,4
2016-11-17,16,8,8
2016-11-17,7,5,2
2016-11-17,5,2,3
2016-11-17,5,3,2
2016-11-17,3,3,0
2016-11-17,3,1,2
2016-11-18,0,0,0
2016-11-18,1,0,1
2016-11-18,0,0,0
2016-11-18,1,1,0
2016-11-18,0,0,0
2016-11-18,0,0,0
2016-11-18,3,1,2
2016-11-18,3,1,2
2016-11-18,4,2,2
2016-11-18,4,2,2
2016-11-18,8,6,2
2016-11-18,7,6,1
2016-11-18,5,2,3
2016-11-18,10,2,8
2016-11-18,14,5,9
2016-11-18,3,2,1
2016-11-18,11,6,5
2016-11-18,2,1,1
2016-11-18,8,2,6
2016-11-18,8,2,6
2016-11-18,0,0,0
2016-11-18,7,3,4
2016-11-18,2,2,0
2016-11-18,2,0,2
2016-11-19,0,0,0
2016-11-19,1,0,1
2016-11-19,1,1,0
2016-11-19,0,0,0
2016-11-19,0,0,0
2016-11-19,0,0,0
2016-11-19,1,0,1
2016-11-19,1,0,1
2016-11-19,3,1,2
2016-11-19,2,1,1
2016-11-19,7,1,6
2016-11-19,3,0,3
2016-11-19,5,3,2
2016-11-19,9,3,6
2016-11-19,12,6,6
2016-11-19,10,4,6
2016-11-19,5,3,2
2016-11-19,4,1,3
2016-11-19,10,7,3
2016-11-19,3,3,0
2016-11-19,3,3,0
2016-11-19,4,1,3
2016-11-19,2,0,2
2016-11-19,1,1,0
2016-11-20,2,2,0
2016-11-20,0,0,0
2016-11-20,0,0,0
2016-11-20,0,0,0
2016-11-20,0,0,0
2016-11-20,0,0,0
2016-11-20,0,0,0
2016-11-20,1,1,0
2016-11-20,3,1,2
2016-11-20,5,2,3
2016-11-20,5,2,3
2016-11-20,12,4,8
2016-11-20,9,3,6
2016-11-20,5,1,4
2016-11-20,9,3,6
2016-11-20,4,2,2
2016-11-20,5,2,3
2016-11-20,6,2,4
2016-11-20,6,3,3
2016-11-20,1,0,1
2016-11-20,4,1,3
2016-11-20,1,0,1
2016-11-20,0,0,0
2016-11-20,0,0,0
2016-11-21,2,1,1
2016-11-21,0,0,0
2016-11-21,0,0,0
2016-11-21,0,0,0
2016-11-21,0,0,0
2016-11-21,1,0,1
2016-11-21,1,0,1
2016-11-21,5,2,3
2016-11-21,9,6,3
2016-11-21,9,2,7
2016-11-21,8,4,4
2016-11-21,5,2,3
2016-11-21,8,2,6
2016-11-21,9,4,5
2016-11-21,11,7,4
2016-11-21,15,7,8
2016-11-21,9,4,5
2016-11-21,10,6,4
2016-11-21,12,6,6
2016-11-21,5,2,3
2016-11-21,7,2,5
2016-11-21,1,1,0
2016-11-21,3,2,1
2016-11-21,1,1,0
2016-11-22,0,0,0
2016-11-22,0,0,0
2016-11-22,0,0,0
2016-11-22,0,0,0
2016-11-22,0,0,0
2016-11-22,1,0,1
2016-11-22,1,0,1
2016-11-22,7,4,3
2016-11-22,4,3,1
2016-11-22,7,3,4
2016-11-22,13,2,11
2016-11-22,11,4,7
2016-11-22,12,1,11
2016-11-22,9,5,4
2016-11-22,4,3,1
2016-11-22,12,5,7
2016-11-22,8,1,7
2016-11-22,8,3,5
2016-11-22,12,4,8
2016-11-22,3,1,2
2016-11-22,3,1,2
2016-11-22,4,2,2
2016-11-22,1,0,1
2016-11-22,1,0,1
2016-11-23,0,0,0
2016-11-23,0,0,0
2016-11-23,0,0,0
2016-11-23,1,1,0
2016-11-23,1,0,1
2016-11-23,1,0,1
2016-11-23,5,1,4
2016-11-23,8,6,2
2016-11-23,7,5,2
2016-11-23,8,5,3
2016-11-23,9,0,9
2016-11-23,13,2,11
2016-11-23,9,4,5
2016-11-23,5,4,1
2016-11-23,7,2,5
2016-11-23,7,3,4
2016-11-23,7,2,5
2016-11-23,9,6,3
2016-11-23,8,0,8
2016-11-23,3,0,3
2016-11-23,6,1,5
2016-11-23,0,0,0
2016-11-23,0,0,0
2016-11-23,2,2,0
2016-11-24,0,0,0
2016-11-24,0,0,0
2016-11-24,0,0,0
2016-11-24,0,0,0
2016-11-24,0,0,0
2016-11-24,0,0,0
2016-11-24,0,0,0
2016-11-24,1,1,0
2016-11-24,0,0,0
2016-11-24,1,0,1
2016-11-24,3,2,1
2016-11-24,1,1,0
2016-11-24,1,1,0
2016-11-24,1,0,1
2016-11-24,0,0,0
2016-11-24,0,0,0
2016-11-24,3,3,0
2016-11-24,0,0,0
2016-11-24,0,0,0
2016-11-24,2,0,2
2016-11-24,1,0,1
2016-11-24,0,0,0
2016-11-24,0,0,0
2016-11-24,2,1,1
2016-11-25,0,0,0
2016-11-25,0,0,0
2016-11-25,0,0,0
2016-11-25,0,0,0
2016-11-25,1,1,0
2016-11-25,1,0,1
2016-11-25,0,0,0
2016-11-25,3,0,3
2016-11-25,3,2,1
2016-11-25,3,1,2
2016-11-25,6,1,5
2016-11-25,7,3,4
2016-11-25,13,5,8
2016-11-25,5,0,5
2016-11-25,11,8,3
2016-11-25,13,7,6
2016-11-25,8,4,4
2016-11-25,4,1,3
2016-11-25,3,1,2
2016-11-25,3,2,1
2016-11-25,3,0,3
2016-11-25,2,0,2
2016-11-25,0,0,0
2016-11-25,0,0,0
2016-11-26,1,0,1
2016-11-26,2,2,0
2016-11-26,0,0,0
2016-11-26,0,0,0
2016-11-26,0,0,0
2016-11-26,0,0,0
2016-11-26,0,0,0
2016-11-26,0,0,0
2016-11-26,2,1,1
2016-11-26,0,0,0
2016-11-26,9,4,5
2016-11-26,3,1,2
2016-11-26,5,1,4
2016-11-26,7,2,5
2016-11-26,2,1,1
2016-11-26,6,3,3
2016-11-26,7,1,6
2016-11-26,4,2,2
2016-11-26,7,4,3
2016-11-26,5,2,3
2016-11-26,4,4,0
2016-11-26,2,0,2
2016-11-26,0,0,0
2016-11-26,1,0,1
2016-11-27,0,0,0
2016-11-27,0,0,0
2016-11-27,0,0,0
2016-11-27,0,0,0
2016-11-27,1,1,0
2016-11-27,0,0,0
2016-11-27,2,0,2
2016-11-27,4,0,4
2016-11-27,1,1,0
2016-11-27,6,4,2
2016-11-27,3,0,3
2016-11-27,9,5,4
2016-11-27,17,7,10
2016-11-27,11,7,4
2016-11-27,6,4,2
2016-11-27,6,5,1
2016-11-27,1,0,1
2016-11-27,4,1,3
2016-11-27,0,0,0
2016-11-27,3,1,2
2016-11-27,2,1,1
2016-11-27,2,1,1
2016-11-27,1,0,1
2016-11-27,4,3,1
2016-11-28,1,0,1
2016-11-28,0,0,0
2016-11-28,0,0,0
2016-11-28,1,1,0
2016-11-28,0,0,0
2016-11-28,1,0,1
2016-11-28,1,1,0
2016-11-28,13,10,3
2016-11-28,6,3,3
2016-11-28,15,5,10
2016-11-28,12,8,4
2016-11-28,7,2,5
2016-11-28,8,4,4
2016-11-28,12,1,11
2016-11-28,6,2,4
2016-11-28,10,4,6
2016-11-28,13,7,6
2016-11-28,12,6,6
2016-11-28,7,3,4
2016-11-28,6,2,4
2016-11-28,3,2,1
2016-11-28,2,2,0
2016-11-28,0,0,0
2016-11-28,0,0,0
2016-11-29,0,0,0
2016-11-29,1,1,0
2016-11-29,0,0,0
2016-11-29,0,0,0
2016-11-29,0,0,0
2016-11-29,3,2,1
2016-11-29,3,2,1
2016-11-29,10,3,7
2016-11-29,7,4,3
2016-11-29,9,2,7
2016-11-29,5,1,4
2016-11-29,4,3,1
2016-11-29,3,3,0
2016-11-29,11,6,5
2016-11-29,7,0,7
2016-11-29,10,6,4
2016-11-29,2,1,1
2016-11-29,14,7,7
2016-11-29,8,3,5
2016-11-29,4,0,4
2016-11-29,5,4,1
2016-11-29,3,2,1
2016-11-29,1,1,0
2016-11-29,1,0,1
2016-11-30,1,1,0
2016-11-30,0,0,0
2016-11-30,0,0,0
2016-11-30,1,1,0
2016-11-30,0,0,0
2016-11-30,2,0,2
2016-11-30,6,5,1
2016-11-30,7,6,1
2016-11-30,5,2,3
2016-11-30,3,1,2
2016-11-30,6,4,2
2016-11-30,9,4,5
2016-11-30,6,4,2
2016-11-30,3,1,2
2016-11-30,10,0,10
2016-11-30,3,1,2
2016-11-30,7,5,2
2016-11-30,9,6,3
2016-11-30,10,7,3
2016-11-30,7,4,3
2016-11-30,5,2,3
2016-11-30,2,2,0
2016-11-30,0,0,0
2016-11-30,1,0,1
2016-12-01,1,0,1
2016-12-01,0,0,0
2016-12-01,1,1,0
2016-12-01,1,0,1
2016-12-01,0,0,0
2016-12-01,1,0,1
2016-12-01,1,0,1
2016-12-01,4,3,1
2016-12-01,4,2,2
2016-12-01,7,4,3
2016-12-01,5,0,5
2016-12-01,9,3,6
2016-12-01,5,2,3
2016-12-01,10,4,6
2016-12-01,9,5,4
2016-12-01,8,4,4
2016-12-01,9,4,5
2016-12-01,7,4,3
2016-12-01,4,3,1
2016-12-01,5,3,2
2016-12-01,3,2,1
2016-12-01,5,3,2
2016-12-01,0,0,0
2016-12-01,0,0,0
2016-12-02,0,0,0
2016-12-02,0,0,0
2016-12-02,0,0,0
2016-12-02,0,0,0
2016-12-02,0,0,0
2016-12-02,1,0,1
2016-12-02,1,1,0
2016-12-02,6,4,2
2016-12-02,10,6,4
2016-12-02,5,2,3
2016-12-02,4,0,4
2016-12-02,2,0,2
2016-12-02,6,1,5
2016-12-02,7,3,4
2016-12-02,4,1,3
2016-12-02,2,1,1
2016-12-02,4,4,0
2016-12-02,1,0,1
2016-12-02,0,0,0
2016-12-02,0,0,0
2016-12-02,0,0,0
2016-12-02,0,0,0
2016-12-02,0,0,0
2016-12-02,0,0,0
2016-12-03,0,0,0
2016-12-03,0,0,0
2016-12-03,0,0,0
2016-12-03,0,0,0
2016-12-03,0,0,0
2016-12-03,0,0,0
2016-12-03,0,0,0
2016-12-03,0,0,0
2016-12-03,0,0,0
2016-12-03,0,0,0
2016-12-03,0,0,0
2016-12-03,3,2,1
2016-12-03,7,3,4
2016-12-03,12,6,6
2016-12-03,10,6,4
2016-12-03,9,3,6
2016-12-03,11,8,3
2016-12-03,7,5,2
2016-12-03,4,2,2
2016-12-03,6,3,3
2016-12-03,1,1,0
2016-12-03,1,0,1
2016-12-03,2,1,1
2016-12-03,0,0,0
2016-12-04,1,1,0
2016-12-04,0,0,0
2016-12-04,0,0,0
2016-12-04,0,0,0
2016-12-04,0,0,0
2016-12-04,0,0,0
2016-12-04,1,0,1
2016-12-04,1,0,1
2016-12-04,4,0,4
2016-12-04,2,2,0
2016-12-04,7,3,4
2016-12-04,4,3,1
2016-12-04,19,13,6
2016-12-04,16,9,7
2016-12-04,12,8,4
2016-12-04,7,4,3
2016-12-04,11,5,6
2016-12-04,4,2,2
2016-12-04,2,1,1
2016-12-04,5,4,1
2016-12-04,0,0,0
2016-12-04,2,1,1
2016-12-04,1,1,0
2016-12-04,1,1,0
2016-12-05,0,0,0
2016-12-05,0,0,0
2016-12-05,0,0,0
2016-12-05,0,0,0
2016-12-05,0,0,0
2016-12-05,1,0,1
2016-12-05,3,2,1
2016-12-05,7,4,3
2016-12-05,6,2,4
2016-12-05,4,1,3
2016-12-05,1,0,1
2016-12-05,9,3,6
2016-12-05,4,0,4
2016-12-05,7,2,5
2016-12-05,5,3,2
2016-12-05,8,2,6
2016-12-05,5,2,3
2016-12-05,8,4,4
2016-12-05,9,3,6
2016-12-05,3,1,2
2016-12-05,1,0,1
2016-12-05,2,1,1
2016-12-05,0,0,0
2016-12-05,2,1,1
2016-12-06,0,0,0
2016-12-06,0,0,0
2016-12-06,0,0,0
2016-12-06,0,0,0
2016-12-06,0,0,0
2016-12-06,1,0,1
2016-12-06,1,1,0
2016-12-06,2,1,1
2016-12-06,2,2,0
2016-12-06,4,2,2
2016-12-06,3,2,1
2016-12-06,4,3,1
2016-12-06,8,4,4
2016-12-06,4,1,3
2016-12-06,7,3,4
2016-12-06,8,4,4
2016-12-06,8,6,2
2016-12-06,12,7,5
2016-12-06,10,5,5
2016-12-06,8,4,4
2016-12-06,3,2,1
2016-12-06,4,3,1
2016-12-06,3,1,2
2016-12-06,0,0,0
2016-12-07,0,0,0
2016-12-07,0,0,0
2016-12-07,0,0,0
2016-12-07,0,0,0
2016-12-07,0,0,0
2016-12-07,1,0,1
2016-12-07,0,0,0
2016-12-07,1,1,0
2016-12-07,7,2,5
2016-12-07,1,1,0
2016-12-07,3,1,2
2016-12-07,2,1,1
2016-12-07,6,4,2
2016-12-07,3,2,1
2016-12-07,5,3,2
2016-12-07,6,4,2
2016-12-07,7,6,1
2016-12-07,7,4,3
2016-12-07,5,4,1
2016-12-07,2,1,1
2016-12-07,1,0,1
2016-12-07,2,2,0
2016-12-07,0,0,0
2016-12-07,0,0,0
2016-12-08,3,1,2
2016-12-08,0,0,0
2016-12-08,0,0,0
2016-12-08,0,0,0
2016-12-08,0,0,0
2016-12-08,1,0,1
2016-12-08,1,0,1
2016-12-08,5,2,3
2016-12-08,6,4,2
2016-12-08,7,3,4
2016-12-08,5,1,4
2016-12-08,7,5,2
2016-12-08,7,3,4
2016-12-08,3,2,1
2016-12-08,10,5,5
2016-12-08,5,2,3
2016-12-08,8,3,5
2016-12-08,8,6,2
2016-12-08,3,3,0
2016-12-08,3,2,1
2016-12-08,3,2,1
2016-12-08,2,2,0
2016-12-08,0,0,0
2016-12-08,0,0,0
2016-12-09,0,0,0
2016-12-09,1,1,0
2016-12-09,0,0,0
2016-12-09,1,0,1
2016-12-09,0,0,0
2016-12-09,0,0,0
2016-12-09,2,0,2
2016-12-09,3,0,3
2016-12-09,5,4,1
2016-12-09,3,1,2
2016-12-09,3,1,2
2016-12-09,4,0,4
2016-12-09,3,2,1
2016-12-09,10,2,8
2016-12-09,4,1,3
2016-12-09,4,1,3
2016-12-09,7,0,7
2016-12-09,4,2,2
2016-12-09,2,2,0
2016-12-09,5,5,0
2016-12-09,1,1,0
2016-12-09,1,1,0
2016-12-09,0,0,0
2016-12-09,0,0,0
2016-12-10,0,0,0
2016-12-10,0,0,0
2016-12-10,0,0,0
2016-12-10,0,0,0
2016-12-10,0,0,0
2016-12-10,0,0,0
2016-12-10,1,0,1
2016-12-10,0,0,0
2016-12-10,0,0,0
2016-12-10,3,2,1
2016-12-10,5,2,3
2016-12-10,9,2,7
2016-12-10,3,2,1
2016-12-10,3,2,1
2016-12-10,1,0,1
2016-12-10,5,2,3
2016-12-10,4,1,3
2016-12-10,4,1,3
2016-12-10,5,2,3
2016-12-10,3,3,0
2016-12-10,1,0,1
2016-12-10,3,2,1
2016-12-10,2,1,1
2016-12-10,4,3,1
2016-12-11,1,1,0
2016-12-11,2,1,1
2016-12-11,0,0,0
2016-12-11,0,0,0
2016-12-11,0,0,0
2016-12-11,0,0,0
2016-12-11,1,0,1
2016-12-11,0,0,0
2016-12-11,2,1,1
2016-12-11,1,0,1
2016-12-11,3,2,1
2016-12-11,10,4,6
2016-12-11,7,4,3
2016-12-11,12,5,7
2016-12-11,5,2,3
2016-12-11,1,0,1
2016-12-11,5,2,3
2016-12-11,4,1,3
2016-12-11,1,1,0
2016-12-11,1,1,0
2016-12-11,0,0,0
2016-12-11,0,0,0
2016-12-11,1,0,1
2016-12-11,0,0,0
2016-12-12,1,1,0
2016-12-12,0,0,0
2016-12-12,0,0,0
2016-12-12,0,0,0
2016-12-12,0,0,0
2016-12-12,1,0,1
2016-12-12,3,1,2
2016-12-12,9,2,7
2016-12-12,12,5,7
2016-12-12,7,2,5
2016-12-12,3,0,3
2016-12-12,3,1,2
2016-12-12,10,3,7
2016-12-12,8,1,7
2016-12-12,11,4,7
2016-12-12,4,1,3
2016-12-12,8,5,3
2016-12-12,8,5,3
2016-12-12,5,3,2
2016-12-12,3,3,0
2016-12-12,0,0,0
2016-12-12,0,0,0
2016-12-12,1,1,0
2016-12-12,1,0,1
2016-12-13,0,0,0
2016-12-13,0,0,0
2016-12-13,0,0,0
2016-12-13,0,0,0
2016-12-13,0,0,0
2016-12-13,0,0,0
2016-12-13,1,1,0
2016-12-13,6,6,0
2016-12-13,3,3,0
2016-12-13,4,3,1
2016-12-13,8,2,6
2016-12-13,9,4,5
2016-12-13,6,1,5
2016-12-13,9,4,5
2016-12-13,5,2,3
2016-12-13,8,4,4
2016-12-13,15,8,7
2016-12-13,15,5,10
2016-12-13,9,5,4
2016-12-13,9,7,2
2016-12-13,3,2,1
2016-12-13,1,0,1
2016-12-13,1,0,1
2016-12-13,0,0,0
2016-12-14,0,0,0
2016-12-14,0,0,0
2016-12-14,0,0,0
2016-12-14,0,0,0
2016-12-14,0,0,0
2016-12-14,1,0,1
2016-12-14,2,2,0
2016-12-14,5,4,1
2016-12-14,1,1,0
2016-12-14,7,5,2
2016-12-14,5,1,4
2016-12-14,2,0,2
2016-12-14,6,2,4
2016-12-14,4,2,2
2016-12-14,7,3,4
2016-12-14,4,3,1
2016-12-14,8,3,5
2016-12-14,3,2,1
2016-12-14,5,2,3
2016-12-14,2,1,1
2016-12-14,6,4,2
2016-12-14,3,0,3
2016-12-14,2,1,1
2016-12-14,2,1,1
2016-12-15,0,0,0
2016-12-15,0,0,0
2016-12-15,0,0,0
2016-12-15,0,0,0
2016-12-15,0,0,0
2016-12-15,0,0,0
2016-12-15,2,0,2
2016-12-15,6,4,2
2016-12-15,6,2,4
2016-12-15,8,3,5
2016-12-15,4,1,3
2016-12-15,10,4,6
2016-12-15,2,0,2
2016-12-15,6,2,4
2016-12-15,2,2,0
2016-12-15,7,4,3
2016-12-15,8,5,3
2016-12-15,7,4,3
2016-12-15,6,3,3
2016-12-15,6,5,1
2016-12-15,0,0,0
2016-12-15,2,1,1
2016-12-15,2,2,0
2016-12-15,0,0,0
2016-12-16,0,0,0
2016-12-16,0,0,0
2016-12-16,0,0,0
2016-12-16,0,0,0
2016-12-16,0,0,0
2016-12-16,0,0,0
2016-12-16,0,0,0
2016-12-16,5,4,1
2016-12-16,6,4,2
2016-12-16,2,0,2
2016-12-16,6,3,3
2016-12-16,3,1,2
2016-12-16,9,1,8
2016-12-16,6,2,4
2016-12-16,7,5,2
2016-12-16,9,2,7
2016-12-16,8,2,6
2016-12-16,8,3,5
2016-12-16,4,1,3
2016-12-16,8,6,2
2016-12-16,5,1,4
2016-12-16,1,0,1
2016-12-16,5,3,2
2016-12-16,2,2,0
2016-12-17,3,1,2
2016-12-17,1,0,1
2016-12-17,1,1,0
2016-12-17,0,0,0
2016-12-17,0,0,0
2016-12-17,0,0,0
2016-12-17,0,0,0
2016-12-17,1,1,0
2016-12-17,2,1,1
2016-12-17,4,2,2
2016-12-17,2,1,1
2016-12-17,6,3,3
2016-12-17,6,3,3
2016-12-17,10,4,6
2016-12-17,7,1,6
2016-12-17,3,1,2
2016-12-17,4,3,1
2016-12-17,4,3,1
2016-12-17,5,3,2
2016-12-17,7,3,4
2016-12-17,1,1,0
2016-12-17,0,0,0
2016-12-17,0,0,0
2016-12-17,1,1,0
2016-12-18,1,1,0
2016-12-18,0,0,0
2016-12-18,0,0,0
2016-12-18,0,0,0
2016-12-18,0,0,0
2016-12-18,0,0,0
2016-12-18,2,0,2
2016-12-18,0,0,0
2016-12-18,1,1,0
2016-12-18,6,3,3
2016-12-18,6,2,4
2016-12-18,6,1,5
2016-12-18,15,3,12
2016-12-18,12,9,3
2016-12-18,15,6,9
2016-12-18,10,2,8
2016-12-18,11,4,7
2016-12-18,3,2,1
2016-12-18,2,2,0
2016-12-18,4,2,2
2016-12-18,2,0,2
2016-12-18,2,0,2
2016-12-18,0,0,0
2016-12-18,2,1,1
2016-12-19,0,0,0
2016-12-19,0,0,0
2016-12-19,0,0,0
2016-12-19,0,0,0
2016-12-19,1,1,0
2016-12-19,1,0,1
2016-12-19,1,1,0
2016-12-19,7,5,2
2016-12-19,4,2,2
2016-12-19,8,4,4
2016-12-19,1,1,0
2016-12-19,7,0,7
2016-12-19,3,1,2
2016-12-19,4,0,4
2016-12-19,8,2,6
2016-12-19,6,3,3
2016-12-19,8,2,6
2016-12-19,10,2,8
2016-12-19,3,1,2
2016-12-19,8,2,6
2016-12-19,3,3,0
2016-12-19,3,2,1
2016-12-19,2,1,1
2016-12-19,0,0,0
2016-12-20,0,0,0
2016-12-20,0,0,0
2016-12-20,0,0,0
2016-12-20,0,0,0
2016-12-20,0,0,0
2016-12-20,0,0,0
2016-12-20,1,0,1
2016-12-20,3,3,0
2016-12-20,11,6,5
2016-12-20,4,4,0
2016-12-20,1,0,1
2016-12-20,9,4,5
2016-12-20,8,3,5
2016-12-20,9,5,4
2016-12-20,3,1,2
2016-12-20,11,5,6
2016-12-20,7,2,5
2016-12-20,9,7,2
2016-12-20,10,7,3
2016-12-20,4,3,1
2016-12-20,2,2,0
2016-12-20,1,1,0
2016-12-20,1,0,1
2016-12-20,3,3,0
2016-12-21,1,0,1
2016-12-21,0,0,0
2016-12-21,0,0,0
2016-12-21,0,0,0
2016-12-21,0,0,0
2016-12-21,0,0,0
2016-12-21,3,1,2
2016-12-21,4,3,1
2016-12-21,7,2,5
2016-12-21,4,1,3
2016-12-21,5,2,3
2016-12-21,8,1,7
2016-12-21,10,2,8
2016-12-21,4,1,3
2016-12-21,4,4,0
2016-12-21,5,2,3
2016-12-21,2,1,1
2016-12-21,11,3,8
2016-12-21,4,1,3
2016-12-21,7,6,1
2016-12-21,1,1,0
2016-12-21,0,0,0
2016-12-21,1,0,1
2016-12-21,1,1,0
2016-12-22,0,0,0
2016-12-22,0,0,0
2016-12-22,0,0,0
2016-12-22,0,0,0
2016-12-22,0,0,0
2016-12-22,1,0,1
2016-12-22,0,0,0
2016-12-22,7,7,0
2016-12-22,2,2,0
2016-12-22,5,3,2
2016-12-22,3,2,1
2016-12-22,10,5,5
2016-12-22,3,3,0
2016-12-22,13,1,12
2016-12-22,6,2,4
2016-12-22,4,2,2
2016-12-22,1,1,0
2016-12-22,9,3,6
2016-12-22,6,3,3
2016-12-22,4,0,4
2016-12-22,7,3,4
2016-12-22,0,0,0
2016-12-22,1,1,0
2016-12-22,1,1,0
2016-12-23,1,1,0
2016-12-23,1,0,1
2016-12-23,0,0,0
2016-12-23,0,0,0
2016-12-23,0,0,0
2016-12-23,0,0,0
2016-12-23,0,0,0
2016-12-23,2,2,0
2016-12-23,5,2,3
2016-12-23,5,3,2
2016-12-23,4,2,2
2016-12-23,3,2,1
2016-12-23,3,1,2
2016-12-23,4,3,1
2016-12-23,4,2,2
2016-12-23,5,1,4
2016-12-23,2,1,1
2016-12-23,6,0,6
2016-12-23,3,1,2
2016-12-23,1,0,1
2016-12-23,0,0,0
2016-12-23,1,1,0
2016-12-23,0,0,0
2016-12-23,1,1,0
2016-12-24,0,0,0
2016-12-24,0,0,0
2016-12-24,0,0,0
2016-12-24,0,0,0
2016-12-24,0,0,0
2016-12-24,0,0,0
2016-12-24,0,0,0
2016-12-24,0,0,0
2016-12-24,0,0,0
2016-12-24,1,1,0
2016-12-24,2,1,1
2016-12-24,2,1,1
2016-12-24,3,3,0
2016-12-24,4,2,2
2016-12-24,3,3,0
2016-12-24,5,2,3
2016-12-24,2,1,1
2016-12-24,0,0,0
2016-12-24,1,1,0
2016-12-24,1,1,0
2016-12-24,3,1,2
2016-12-24,2,2,0
2016-12-24,0,0,0
2016-12-24,0,0,0
2016-12-25,0,0,0
2016-12-25,0,0,0
2016-12-25,0,0,0
2016-12-25,0,0,0
2016-12-25,0,0,0
2016-12-25,0,0,0
2016-12-25,0,0,0
2016-12-25,0,0,0
2016-12-25,1,1,0
2016-12-25,0,0,0
2016-12-25,0,0,0
2016-12-25,3,3,0
2016-12-25,0,0,0
2016-12-25,3,3,0
2016-12-25,1,1,0
2016-12-25,1,1,0
2016-12-25,1,1,0
2016-12-25,0,0,0
2016-12-25,0,0,0
2016-12-25,1,1,0
2016-12-25,0,0,0
2016-12-25,0,0,0
2016-12-25,0,0,0
2016-12-25,0,0,0
2016-12-26,0,0,0
2016-12-26,1,1,0
2016-12-26,0,0,0
2016-12-26,0,0,0
2016-12-26,0,0,0
2016-12-26,0,0,0
2016-12-26,1,1,0
2016-12-26,0,0,0
2016-12-26,0,0,0
2016-12-26,4,3,1
2016-12-26,0,0,0
2016-12-26,4,4,0
2016-12-26,1,1,0
2016-12-26,5,5,0
2016-12-26,2,1,1
2016-12-26,5,3,2
2016-12-26,2,2,0
2016-12-26,0,0,0
2016-12-26,2,2,0
2016-12-26,1,1,0
2016-12-26,0,0,0
2016-12-26,0,0,0
2016-12-26,0,0,0
2016-12-26,0,0,0
2016-12-27,0,0,0
2016-12-27,0,0,0
2016-12-27,1,1,0
2016-12-27,0,0,0
2016-12-27,0,0,0
2016-12-27,0,0,0
2016-12-27,0,0,0
2016-12-27,2,1,1
2016-12-27,2,2,0
2016-12-27,3,2,1
2016-12-27,1,0,1
2016-12-27,3,1,2
2016-12-27,3,1,2
2016-12-27,4,4,0
2016-12-27,2,1,1
2016-12-27,1,1,0
2016-12-27,1,1,0
2016-12-27,5,4,1
2016-12-27,2,2,0
2016-12-27,4,3,1
2016-12-27,1,1,0
2016-12-27,1,1,0
2016-12-27,0,0,0
2016-12-27,0,0,0
2016-12-28,0,0,0
2016-12-28,0,0,0
2016-12-28,0,0,0
2016-12-28,0,0,0
2016-12-28,0,0,0
2016-12-28,0,0,0
2016-12-28,1,0,1
2016-12-28,6,5,1
2016-12-28,2,2,0
2016-12-28,5,2,3
2016-12-28,3,2,1
2016-12-28,6,1,5
2016-12-28,4,3,1
2016-12-28,7,6,1
2016-12-28,8,5,3
2016-12-28,6,6,0
2016-12-28,3,2,1
2016-12-28,3,2,1
2016-12-28,3,3,0
2016-12-28,2,2,0
2016-12-28,1,1,0
2016-12-28,1,1,0
2016-12-28,0,0,0
2016-12-28,1,1,0
2016-12-29,0,0,0
2016-12-29,0,0,0
2016-12-29,0,0,0
2016-12-29,0,0,0
2016-12-29,0,0,0
2016-12-29,0,0,0
2016-12-29,1,1,0
2016-12-29,3,2,1
2016-12-29,6,5,1
2016-12-29,2,2,0
2016-12-29,3,3,0
2016-12-29,3,3,0
2016-12-29,5,4,1
2016-12-29,3,2,1
2016-12-29,1,1,0
2016-12-29,5,5,0
2016-12-29,4,3,1
2016-12-29,1,1,0
2016-12-29,6,5,1
2016-12-29,4,4,0
2016-12-29,3,2,1
2016-12-29,1,1,0
2016-12-29,2,2,0
2016-12-29,0,0,0
2016-12-30,0,0,0
2016-12-30,0,0,0
2016-12-30,0,0,0
2016-12-30,0,0,0
2016-12-30,0,0,0
2016-12-30,0,0,0
2016-12-30,2,2,0
2016-12-30,4,4,0
2016-12-30,0,0,0
2016-12-30,7,7,0
2016-12-30,4,3,1
2016-12-30,7,6,1
2016-12-30,6,6,0
2016-12-30,7,6,1
2016-12-30,3,3,0
2016-12-30,5,2,3
2016-12-30,7,5,2
2016-12-30,4,3,1
2016-12-30,0,0,0
2016-12-30,2,1,1
2016-12-30,3,2,1
2016-12-30,4,4,0
2016-12-30,1,0,1
2016-12-30,1,1,0
2016-12-31,2,1,1
2016-12-31,0,0,0
2016-12-31,0,0,0
2016-12-31,0,0,0
2016-12-31,0,0,0
2016-12-31,0,0,0
2016-12-31,0,0,0
2016-12-31,1,1,0
2016-12-31,2,1,1
2016-12-31,1,0,1
2016-12-31,5,5,0
2016-12-31,4,2,2
2016-12-31,4,3,1
2016-12-31,7,5,2
2016-12-31,3,1,2
2016-12-31,3,2,1
2016-12-31,3,2,1
2016-12-31,3,3,0
2016-12-31,1,0,1
2016-12-31,1,1,0
2016-12-31,2,1,1
2016-12-31,0,0,0
2016-12-31,0,0,0
2016-12-31,2,1,1
2017-01-01,0,0,0
2017-01-01,2,1,1
2017-01-01,0,0,0
2017-01-01,0,0,0
2017-01-01,0,0,0
2017-01-01,0,0,0
2017-01-01,0,0,0
2017-01-01,1,1,0
2017-01-01,0,0,0
2017-01-01,3,3,0
2017-01-01,1,1,0
2017-01-01,1,1,0
2017-01-01,4,3,1
2017-01-01,2,2,0
2017-01-01,0,0,0
2017-01-01,4,1,3
2017-01-01,4,0,4
2017-01-01,1,0,1
2017-01-01,7,1,6
2017-01-01,0,0,0
2017-01-01,4,0,4
2017-01-01,6,1,5
2017-01-01,2,0,2
2017-01-01,1,0,1
2017-01-02,3,0,3
2017-01-02,2,1,1
2017-01-02,0,0,0
2017-01-02,1,0,1
2017-01-02,1,0,1
2017-01-02,0,0,0
2017-01-02,0,0,0
2017-01-02,4,1,3
2017-01-02,1,0,1
2017-01-02,3,1,2
2017-01-02,0,0,0
2017-01-02,6,5,1
2017-01-02,9,8,1
2017-01-02,2,1,1
2017-01-02,7,4,3
2017-01-02,8,6,2
2017-01-02,5,3,2
2017-01-02,8,4,4
2017-01-02,3,2,1
2017-01-02,1,1,0
2017-01-02,3,1,2
2017-01-02,6,1,5
2017-01-02,3,1,2
2017-01-02,2,1,1
2017-01-03,2,0,2
2017-01-03,0,0,0
2017-01-03,0,0,0
2017-01-03,1,1,0
2017-01-03,0,0,0
2017-01-03,0,0,0
2017-01-03,2,0,2
2017-01-03,2,1,1
2017-01-03,0,0,0
2017-01-03,4,3,1
2017-01-03,,,
2017-01-03,3,3,0
2017-01-03,0,0,0
2017-01-03,5,2,3
2017-01-03,11,2,9
2017-01-03,5,2,3
2017-01-03,6,1,5
2017-01-03,5,4,1
2017-01-03,2,2,0
2017-01-03,2,2,0
2017-01-03,1,1,0
2017-01-03,2,1,1
2017-01-03,1,0,1
2017-01-03,0,0,0
2017-01-04,0,0,0
2017-01-04,0,0,0
2017-01-04,0,0,0
2017-01-04,0,0,0
2017-01-04,0,0,0
2017-01-04,0,0,0
2017-01-04,0,0,0
2017-01-04,0,0,0
2017-01-04,0,0,0
2017-01-04,0,0,0
2017-01-04,0,0,0
2017-01-04,4,2,2
2017-01-04,0,0,0
2017-01-04,4,3,1
2017-01-04,4,1,3
2017-01-04,6,1,5
2017-01-04,5,5,0
2017-01-04,9,9,0
2017-01-04,1,1,0
2017-01-04,0,0,0
2017-01-04,0,0,0
2017-01-04,0,0,0
2017-01-04,0,0,0
2017-01-04,0,0,0
2017-01-05,0,0,0
2017-01-05,0,0,0
2017-01-05,0,0,0
2017-01-05,0,0,0
2017-01-05,0,0,0
2017-01-05,0,0,0
2017-01-05,0,0,0
2017-01-05,0,0,0
2017-01-05,0,0,0
2017-01-05,0,0,0
2017-01-05,0,0,0
2017-01-05,0,0,0
2017-01-05,2,1,1
2017-01-05,2,2,0
2017-01-05,0,0,0
2017-01-05,0,0,0
2017-01-05,1,1,0
2017-01-05,0,0,0
2017-01-05,2,2,0
2017-01-05,0,0,0
2017-01-05,1,1,0
2017-01-05,3,3,0
2017-01-05,1,1,0
2017-01-05,0,0,0
2017-01-06,0,0,0
2017-01-06,0,0,0
2017-01-06,0,0,0
2017-01-06,0,0,0
2017-01-06,0,0,0
2017-01-06,0,0,0
2017-01-06,0,0,0
2017-01-06,0,0,0
2017-01-06,0,0,0
2017-01-06,0,0,0
2017-01-06,3,3,0
2017-01-06,0,0,0
2017-01-06,0,0,0
2017-01-06,0,0,0
2017-01-06,0,0,0
2017-01-06,3,3,0
2017-01-06,0,0,0
2017-01-06,0,0,0
2017-01-06,0,0,0
2017-01-06,0,0,0
2017-01-06,1,1,0
2017-01-06,0,0,0
2017-01-06,0,0,0
2017-01-06,0,0,0
2017-01-07,0,0,0
2017-01-07,0,0,0
2017-01-07,0,0,0
2017-01-07,0,0,0
2017-01-07,0,0,0
2017-01-07,0,0,0
2017-01-07,0,0,0
2017-01-07,0,0,0
2017-01-07,0,0,0
2017-01-07,1,0,1
2017-01-07,7,4,3
2017-01-07,8,4,4
2017-01-07,4,1,3
2017-01-07,4,1,3
2017-01-07,5,3,2
2017-01-07,7,4,3
2017-01-07,4,2,2
2017-01-07,5,2,3
2017-01-07,4,3,1
2017-01-07,1,1,0
2017-01-07,2,1,1
2017-01-07,1,0,1
2017-01-07,1,0,1
2017-01-07,1,1,0
2017-01-08,0,0,0
2017-01-08,0,0,0
2017-01-08,0,0,0
2017-01-08,2,0,2
2017-01-08,0,0,0
2017-01-08,0,0,0
2017-01-08,0,0,0
2017-01-08,0,0,0
2017-01-08,0,0,0
2017-01-08,1,1,0
2017-01-08,3,3,0
2017-01-08,2,2,0
2017-01-08,3,2,1
2017-01-08,3,3,0
2017-01-08,6,5,1
2017-01-08,3,1,2
2017-01-08,2,2,0
2017-01-08,3,2,1
2017-01-08,7,2,5
2017-01-08,2,0,2
2017-01-08,3,2,1
2017-01-08,0,0,0
2017-01-08,1,0,1
2017-01-08,2,0,2
2017-01-09,0,0,0
2017-01-09,0,0,0
2017-01-09,0,0,0
2017-01-09,0,0,0
2017-01-09,0,0,0
2017-01-09,1,0,1
2017-01-09,1,0,1
2017-01-09,3,3,0
2017-01-09,4,1,3
2017-01-09,0,0,0
2017-01-09,3,1,2
2017-01-09,6,3,3
2017-01-09,2,2,0
2017-01-09,3,1,2
2017-01-09,6,3,3
2017-01-09,3,1,2
2017-01-09,4,2,2
2017-01-09,8,5,3
2017-01-09,2,0,2
2017-01-09,3,0,3
2017-01-09,5,2,3
2017-01-09,3,0,3
2017-01-09,3,0,3
2017-01-09,1,1,0
2017-01-10,1,0,1
2017-01-10,1,1,0
2017-01-10,0,0,0
2017-01-10,0,0,0
2017-01-10,0,0,0
2017-01-10,2,0,2
2017-01-10,1,0,1
2017-01-10,1,0,1
2017-01-10,1,1,0
2017-01-10,3,1,2
2017-01-10,3,3,0
2017-01-10,5,2,3
2017-01-10,13,2,11
2017-01-10,11,2,9
2017-01-10,8,2,6
2017-01-10,11,0,11
2017-01-10,17,4,13
2017-01-10,25,6,19
2017-01-10,13,1,12
2017-01-10,9,2,7
2017-01-10,4,0,4
2017-01-10,9,0,9
2017-01-10,7,0,7
2017-01-10,1,1,0
2017-01-11,3,0,3
2017-01-11,1,0,1
2017-01-11,1,0,1
2017-01-11,0,0,0
2017-01-11,0,0,0
2017-01-11,4,0,4
2017-01-11,3,2,1
2017-01-11,4,0,4
2017-01-11,8,5,3
2017-01-11,3,1,2
2017-01-11,5,4,1
2017-01-11,4,3,1
2017-01-11,13,7,6
2017-01-11,12,3,9
2017-01-11,12,8,4
2017-01-11,10,8,2
2017-01-11,14,8,6
2017-01-11,8,3,5
2017-01-11,4,2,2
2017-01-11,5,1,4
2017-01-11,4,1,3
2017-01-11,6,1,5
2017-01-11,0,0,0
2017-01-11,2,1,1
2017-01-12,1,0,1
2017-01-12,0,0,0
2017-01-12,0,0,0
2017-01-12,0,0,0
2017-01-12,0,0,0
2017-01-12,1,0,1
2017-01-12,2,1,1
2017-01-12,1,1,0
2017-01-12,3,3,0
2017-01-12,2,1,1
2017-01-12,4,1,3
2017-01-12,2,1,1
2017-01-12,3,2,1
2017-01-12,14,4,10
2017-01-12,4,3,1
2017-01-12,1,1,0
2017-01-12,1,1,0
2017-01-12,4,3,1
2017-01-12,7,5,2
2017-01-12,8,4,4
2017-01-12,1,0,1
2017-01-12,0,0,0
2017-01-12,3,1,2
2017-01-12,1,1,0
2017-01-13,0,0,0
2017-01-13,1,1,0
2017-01-13,0,0,0
2017-01-13,0,0,0
2017-01-13,1,1,0
2017-01-13,0,0,0
2017-01-13,0,0,0
2017-01-13,3,0,3
2017-01-13,2,2,0
2017-01-13,3,3,0
2017-01-13,3,2,1
2017-01-13,3,3,0
2017-01-13,3,2,1
2017-01-13,5,3,2
2017-01-13,2,2,0
2017-01-13,3,2,1
2017-01-13,1,1,0
2017-01-13,2,2,0
2017-01-13,4,2,2
2017-01-13,5,3,2
2017-01-13,1,0,1
2017-01-13,0,0,0
2017-01-13,1,0,1
2017-01-13,2,2,0
2017-01-14,0,0,0
2017-01-14,0,0,0
2017-01-14,1,0,1
2017-01-14,0,0,0
2017-01-14,0,0,0
2017-01-14,0,0,0
2017-01-14,1,1,0
2017-01-14,2,1,1
2017-01-14,1,1,0
2017-01-14,4,3,1
2017-01-14,7,5,2
2017-01-14,5,3,2
2017-01-14,2,1,1
2017-01-14,7,4,3
2017-01-14,0,0,0
2017-01-14,2,2,0
2017-01-14,7,5,2
2017-01-14,5,5,0
2017-01-14,1,1,0
2017-01-14,1,0,1
2017-01-14,2,2,0
2017-01-14,0,0,0
2017-01-14,0,0,0
2017-01-14,2,1,1
2017-01-15,1,1,0
2017-01-15,2,0,2
2017-01-15,1,0,1
2017-01-15,0,0,0
2017-01-15,0,0,0
2017-01-15,0,0,0
2017-01-15,0,0,0
2017-01-15,1,0,1
2017-01-15,0,0,0
2017-01-15,1,1,0
2017-01-15,5,5,0
2017-01-15,7,4,3
2017-01-15,6,5,1
2017-01-15,12,10,2
2017-01-15,15,11,4
2017-01-15,8,4,4
2017-01-15,5,5,0
2017-01-15,4,3,1
2017-01-15,8,8,0
2017-01-15,1,1,0
2017-01-15,2,1,1
2017-01-15,0,0,0
2017-01-15,0,0,0
2017-01-15,0,0,0
2017-01-16,0,0,0
2017-01-16,0,0,0
2017-01-16,0,0,0
2017-01-16,0,0,0
2017-01-16,0,0,0
2017-01-16,0,0,0
2017-01-16,4,4,0
2017-01-16,6,4,2
2017-01-16,2,1,1
2017-01-16,6,6,0
2017-01-16,2,1,1
2017-01-16,2,1,1
2017-01-16,4,3,1
2017-01-16,9,6,3
2017-01-16,4,3,1
2017-01-16,2,1,1
2017-01-16,2,0,2
2017-01-16,7,6,1
2017-01-16,0,0,0
2017-01-16,2,2,0
2017-01-16,2,2,0
2017-01-16,1,0,1
2017-01-16,0,0,0
2017-01-16,0,0,0
2017-01-17,0,0,0
2017-01-17,0,0,0
2017-01-17,0,0,0
2017-01-17,0,0,0
2017-01-17,0,0,0
2017-01-17,0,0,0
2017-01-17,1,1,0
2017-01-17,8,8,0
2017-01-17,5,5,0
2017-01-17,6,6,0
2017-01-17,2,0,2
2017-01-17,5,4,1
2017-01-17,5,1,4
2017-01-17,2,0,2
2017-01-17,5,2,3
2017-01-17,0,0,0
2017-01-17,5,2,3
2017-01-17,2,2,0
2017-01-17,6,0,6
2017-01-17,4,0,4
2017-01-17,3,0,3
2017-01-17,3,1,2
2017-01-17,1,0,1
2017-01-17,2,0,2
2017-01-18,1,0,1
2017-01-18,0,0,0
2017-01-18,2,0,2
2017-01-18,0,0,0
2017-01-18,0,0,0
2017-01-18,4,1,3
2017-01-18,2,1,1
2017-01-18,1,1,0
2017-01-18,3,1,2
2017-01-18,7,2,5
2017-01-18,1,0,1
2017-01-18,1,0,1
2017-01-18,1,0,1
2017-01-18,0,0,0
2017-01-18,4,1,3
2017-01-18,5,3,2
2017-01-18,1,0,1
2017-01-18,2,2,0
2017-01-18,2,1,1
2017-01-18,2,1,1
2017-01-18,0,0,0
2017-01-18,2,1,1
2017-01-18,1,0,1
2017-01-18,0,0,0
2017-01-19,0,0,0
2017-01-19,0,0,0
2017-01-19,0,0,0
2017-01-19,0,0,0
2017-01-19,1,0,1
2017-01-19,0,0,0
2017-01-19,2,1,1
2017-01-19,1,1,0
2017-01-19,2,0,2
2017-01-19,1,1,0
2017-01-19,3,2,1
2017-01-19,0,0,0
2017-01-19,4,4,0
2017-01-19,3,1,2
2017-01-19,6,1,5
2017-01-19,2,1,1
2017-01-19,4,2,2
2017-01-19,1,1,0
2017-01-19,4,1,3
2017-01-19,2,0,2
2017-01-19,1,0,1
2017-01-19,2,0,2
2017-01-19,2,1,1
2017-01-19,2,0,2
2017-01-20,0,0,0
2017-01-20,1,1,0
2017-01-20,0,0,0
2017-01-20,0,0,0
2017-01-20,0,0,0
2017-01-20,0,0,0
2017-01-20,1,0,1
2017-01-20,3,2,1
2017-01-20,2,0,2
2017-01-20,4,1,3
2017-01-20,3,1,2
2017-01-20,5,1,4
2017-01-20,2,0,2
2017-01-20,2,1,1
2017-01-20,9,1,8
2017-01-20,8,4,4
2017-01-20,5,1,4
2017-01-20,3,0,3
2017-01-20,2,2,0
2017-01-20,8,1,7
2017-01-20,5,1,4
2017-01-20,3,0,3
2017-01-20,1,1,0
2017-01-20,4,0,4
2017-01-21,2,0,2
2017-01-21,1,0,1
2017-01-21,1,0,1
2017-01-21,0,0,0
2017-01-21,0,0,0
2017-01-21,0,0,0
2017-01-21,0,0,0
2017-01-21,2,0,2
2017-01-21,3,0,3
2017-01-21,3,1,2
2017-01-21,2,0,2
2017-01-21,3,1,2
2017-01-21,3,1,2
2017-01-21,2,1,1
2017-01-21,7,0,7
2017-01-21,5,0,5
2017-01-21,10,4,6
2017-01-21,3,0,3
2017-01-21,6,0,6
2017-01-21,4,0,4
2017-01-21,2,0,2
2017-01-21,2,0,2
2017-01-21,2,2,0
2017-01-21,2,0,2
2017-01-22,2,0,2
2017-01-22,0,0,0
2017-01-22,1,0,1
2017-01-22,2,0,2
2017-01-22,1,0,1
2017-01-22,0,0,0
2017-01-22,0,0,0
2017-01-22,0,0,0
2017-01-22,2,1,1
2017-01-22,0,0,0
2017-01-22,0,0,0
2017-01-22,4,2,2
2017-01-22,0,0,0
2017-01-22,7,1,6
2017-01-22,4,2,2
2017-01-22,5,2,3
2017-01-22,3,0,3
2017-01-22,5,3,2
2017-01-22,2,0,2
2017-01-22,4,0,4
2017-01-22,5,0,5
2017-01-22,0,0,0
2017-01-22,2,1,1
2017-01-22,1,0,1
2017-01-23,0,0,0
2017-01-23,0,0,0
2017-01-23,0,0,0
2017-01-23,0,0,0
2017-01-23,0,0,0
2017-01-23,1,0,1
2017-01-23,0,0,0
2017-01-23,1,1,0
2017-01-23,1,1,0
2017-01-23,2,1,1
2017-01-23,3,1,2
2017-01-23,3,1,2
2017-01-23,3,0,3
2017-01-23,2,1,1
2017-01-23,4,3,1
2017-01-23,5,2,3
2017-01-23,9,3,6
2017-01-23,14,3,11
2017-01-23,2,0,2
2017-01-23,5,0,5
2017-01-23,2,0,2
2017-01-23,3,1,2
2017-01-23,1,0,1
2017-01-23,2,0,2
2017-01-24,0,0,0
2017-01-24,1,0,1
2017-01-24,0,0,0
2017-01-24,0,0,0
2017-01-24,1,0,1
2017-01-24,1,0,1
2017-01-24,0,0,0
2017-01-24,5,2,3
2017-01-24,0,0,0
2017-01-24,2,0,2
2017-01-24,1,1,0
2017-01-24,8,2,6
2017-01-24,7,1,6
2017-01-24,6,0,6
2017-01-24,5,3,2
2017-01-24,2,0,2
2017-01-24,6,1,5
2017-01-24,2,0,2
2017-01-24,4,2,2
2017-01-24,3,1,2
2017-01-24,2,1,1
2017-01-24,1,1,0
2017-01-24,1,1,0
2017-01-24,0,0,0
2017-01-25,0,0,0
2017-01-25,0,0,0
2017-01-25,0,0,0
2017-01-25,0,0,0
2017-01-25,0,0,0
2017-01-25,2,2,0
2017-01-25,1,1,0
2017-01-25,2,2,0
2017-01-25,3,3,0
2017-01-25,2,2,0
2017-01-25,1,0,1
2017-01-25,2,1,1
2017-01-25,2,1,1
2017-01-25,0,0,0
2017-01-25,4,4,0
2017-01-25,0,0,0
2017-01-25,4,4,0
2017-01-25,2,2,0
2017-01-25,2,2,0
2017-01-25,6,6,0
2017-01-25,3,3,0
2017-01-25,3,2,1
2017-01-25,1,1,0
2017-01-25,0,0,0
2017-01-26,0,0,0
2017-01-26,0,0,0
2017-01-26,0,0,0
2017-01-26,1,1,0
2017-01-26,0,0,0
2017-01-26,0,0,0
2017-01-26,0,0,0
2017-01-26,1,1,0
2017-01-26,3,3,0
2017-01-26,0,0,0
2017-01-26,3,3,0
2017-01-26,2,2,0
2017-01-26,2,2,0
2017-01-26,2,1,1
2017-01-26,2,2,0
2017-01-26,3,3,0
2017-01-26,0,0,0
2017-01-26,4,4,0
2017-01-26,0,0,0
2017-01-26,4,4,0
2017-01-26,0,0,0
2017-01-26,0,0,0
2017-01-26,0,0,0
2017-01-26,0,0,0
2017-01-27,0,0,0
2017-01-27,0,0,0
2017-01-27,0,0,0
2017-01-27,0,0,0
2017-01-27,1,1,0
2017-01-27,0,0,0
2017-01-27,1,1,0
2017-01-27,0,0,0
2017-01-27,1,1,0
2017-01-27,2,2,0
2017-01-27,1,1,0
2017-01-27,0,0,0
2017-01-27,1,1,0
2017-01-27,1,1,0
2017-01-27,0,0,0
2017-01-27,0,0,0
2017-01-27,2,2,0
2017-01-27,1,1,0
2017-01-27,1,1,0
2017-01-27,3,3,0
2017-01-27,5,5,0
2017-01-27,0,0,0
2017-01-27,1,1,0
2017-01-27,0,0,0
2017-01-28,0,0,0
2017-01-28,0,0,0
2017-01-28,1,0,1
2017-01-28,0,0,0
2017-01-28,0,0,0
2017-01-28,0,0,0
2017-01-28,0,0,0
2017-01-28,0,0,0
2017-01-28,0,0,0
2017-01-28,0,0,0
2017-01-28,3,2,1
2017-01-28,1,1,0
2017-01-28,0,0,0
2017-01-28,0,0,0
2017-01-28,1,1,0
2017-01-28,2,2,0
2017-01-28,1,1,0
2017-01-28,3,3,0
2017-01-28,1,1,0
2017-01-28,0,0,0
2017-01-28,0,0,0
2017-01-28,0,0,0
2017-01-28,1,1,0
2017-01-28,0,0,0
2017-01-29,0,0,0
2017-01-29,0,0,0
2017-01-29,0,0,0
2017-01-29,0,0,0
2017-01-29,0,0,0
2017-01-29,0,0,0
2017-01-29,0,0,0
2017-01-29,0,0,0
2017-01-29,0,0,0
2017-01-29,1,1,0
2017-01-29,2,2,0
2017-01-29,2,2,0
2017-01-29,2,2,0
2017-01-29,3,3,0
2017-01-29,1,1,0
2017-01-29,2,2,0
2017-01-29,1,0,1
2017-01-29,1,1,0
2017-01-29,0,0,0
2017-01-29,0,0,0
2017-01-29,0,0,0
2017-01-29,0,0,0
2017-01-29,0,0,0
2017-01-29,0,0,0
2017-01-30,0,0,0
2017-01-30,0,0,0
2017-01-30,0,0,0
2017-01-30,0,0,0
2017-01-30,0,0,0
2017-01-30,0,0,0
2017-01-30,0,0,0
2017-01-30,0,0,0
2017-01-30,0,0,0
2017-01-30,5,5,0
2017-01-30,1,0,1
2017-01-30,2,1,1
2017-01-30,1,1,0
2017-01-30,1,1,0
2017-01-30,2,2,0
2017-01-30,3,3,0
2017-01-30,2,2,0
2017-01-30,1,1,0
2017-01-30,3,3,0
2017-01-30,2,2,0
2017-01-30,0,0,0
2017-01-30,0,0,0
2017-01-30,0,0,0
2017-01-30,0,0,0
2017-01-31,0,0,0
2017-01-31,0,0,0
2017-01-31,0,0,0
2017-01-31,0,0,0
2017-01-31,0,0,0
2017-01-31,1,1,0
2017-01-31,0,0,0
2017-01-31,2,2,0
2017-01-31,0,0,0
2017-01-31,1,0,1
2017-01-31,2,2,0
2017-01-31,4,2,2
2017-01-31,0,0,0
2017-01-31,1,1,0
2017-01-31,2,2,0
2017-01-31,2,2,0
2017-01-31,0,0,0
2017-01-31,1,1,0
2017-01-31,0,0,0
2017-01-31,0,0,0
2017-01-31,0,0,0
2017-01-31,0,0,0
2017-01-31,0,0,0
2017-01-31,0,0,0
2017-02-01,0,0,0
2017-02-01,0,0,0
2017-02-01,0,0,0
2017-02-01,0,0,0
2017-02-01,0,0,0
2017-02-01,0,0,0
2017-02-01,1,1,0
2017-02-01,0,0,0
2017-02-01,1,1,0
2017-02-01,1,1,0
2017-02-01,0,0,0
2017-02-01,1,0,1
2017-02-01,0,0,0
2017-02-01,0,0,0
2017-02-01,1,1,0
2017-02-01,0,0,0
2017-02-01,1,1,0
2017-02-01,1,1,0
2017-02-01,0,0,0
2017-02-01,0,0,0
2017-02-01,0,0,0
2017-02-01,0,0,0
2017-02-01,0,0,0
2017-02-01,0,0,0
2017-02-02,0,0,0
2017-02-02,0,0,0
2017-02-02,0,0,0
2017-02-02,0,0,0
2017-02-02,0,0,0
2017-02-02,0,0,0
2017-02-02,0,0,0
2017-02-02,0,0,0
2017-02-02,1,1,0
2017-02-02,0,0,0
2017-02-02,0,0,0
2017-02-02,0,0,0
2017-02-02,0,0,0
2017-02-02,0,0,0
2017-02-02,0,0,0
2017-02-02,0,0,0
2017-02-02,0,0,0
2017-02-02,1,1,0
2017-02-02,0,0,0
2017-02-02,0,0,0
2017-02-02,0,0,0
2017-02-02,0,0,0
2017-02-02,0,0,0
2017-02-02,0,0,0
2017-02-03,0,0,0
2017-02-03,0,0,0
2017-02-03,0,0,0
2017-02-03,0,0,0
2017-02-03,0,0,0
2017-02-03,0,0,0
2017-02-03,0,0,0
2017-02-03,0,0,0
2017-02-03,1,1,0
2017-02-03,1,1,0
2017-02-03,0,0,0
2017-02-03,2,2,0
2017-02-03,1,1,0
2017-02-03,0,0,0
2017-02-03,0,0,0
2017-02-03,0,0,0
2017-02-03,1,1,0
2017-02-03,2,2,0
2017-02-03,1,1,0
2017-02-03,0,0,0
2017-02-03,1,1,0
2017-02-03,0,0,0
2017-02-03,0,0,0
2017-02-03,0,0,0
2017-02-04,0,0,0
2017-02-04,0,0,0
2017-02-04,0,0,0
2017-02-04,0,0,0
2017-02-04,0,0,0
2017-02-04,1,1,0
2017-02-04,0,0,0
2017-02-04,0,0,0
2017-02-04,0,0,0
2017-02-04,2,2,0
2017-02-04,1,1,0
2017-02-04,0,0,0
2017-02-04,1,1,0
2017-02-04,1,1,0
2017-02-04,1,1,0
2017-02-04,0,0,0
2017-02-04,2,2,0
2017-02-04,0,0,0
2017-02-04,0,0,0
2017-02-04,0,0,0
2017-02-04,1,1,0
2017-02-04,1,1,0
2017-02-04,0,0,0
2017-02-04,1,1,0
2017-02-05,0,0,0
2017-02-05,0,0,0
2017-02-05,1,1,0
2017-02-05,0,0,0
2017-02-05,0,0,0
2017-02-05,0,0,0
2017-02-05,0,0,0
2017-02-05,0,0,0
2017-02-05,0,0,0
2017-02-05,0,0,0
2017-02-05,0,0,0
2017-02-05,1,1,0
2017-02-05,2,2,0
2017-02-05,0,0,0
2017-02-05,1,1,0
2017-02-05,4,4,0
2017-02-05,0,0,0
2017-02-05,0,0,0
2017-02-05,0,0,0
2017-02-05,0,0,0
2017-02-05,0,0,0
2017-02-05,0,0,0
2017-02-05,0,0,0
2017-02-05,0,0,0
2017-02-06,0,0,0
2017-02-06,0,0,0
2017-02-06,0,0,0
2017-02-06,0,0,0
2017-02-06,0,0,0
2017-02-06,0,0,0
2017-02-06,1,1,0
2017-02-06,0,0,0
2017-02-06,1,1,0
2017-02-06,1,1,0
2017-02-06,2,2,0
2017-02-06,3,1,2
2017-02-06,1,1,0
2017-02-06,0,0,0
2017-02-06,0,0,0
2017-02-06,1,1,0
2017-02-06,2,2,0
2017-02-06,1,1,0
2017-02-06,0,0,0
2017-02-06,0,0,0
2017-02-06,1,1,0
2017-02-06,1,1,0
2017-02-06,0,0,0
2017-02-06,0,0,0
2017-02-07,0,0,0
2017-02-07,0,0,0
2017-02-07,0,0,0
2017-02-07,0,0,0
2017-02-07,0,0,0
2017-02-07,0,0,0
2017-02-07,0,0,0
2017-02-07,0,0,0
2017-02-07,0,0,0
2017-02-07,1,0,1
2017-02-07,2,1,1
2017-02-07,0,0,0
2017-02-07,0,0,0
2017-02-07,1,1,0
2017-02-07,0,0,0
2017-02-07,0,0,0
2017-02-07,3,3,0
2017-02-07,1,1,0
2017-02-07,1,1,0
2017-02-07,0,0,0
2017-02-07,0,0,0
2017-02-07,0,0,0
2017-02-07,0,0,0
2017-02-07,0,0,0
2017-02-08,0,0,0
2017-02-08,0,0,0
2017-02-08,0,0,0
2017-02-08,0,0,0
2017-02-08,0,0,0
2017-02-08,0,0,0
2017-02-08,0,0,0
2017-02-08,1,1,0
2017-02-08,1,0,1
2017-02-08,0,0,0
2017-02-08,0,0,0
2017-02-08,0,0,0
2017-02-08,2,1,1
2017-02-08,0,0,0
2017-02-08,0,0,0
2017-02-08,0,0,0
2017-02-08,0,0,0
2017-02-08,0,0,0
2017-02-08,1,1,0
2017-02-08,0,0,0
2017-02-08,0,0,0
2017-02-08,0,0,0
2017-02-08,0,0,0
2017-02-08,0,0,0
2017-02-09,0,0,0
2017-02-09,0,0,0
2017-02-09,0,0,0
2017-02-09,0,0,0
2017-02-09,0,0,0
2017-02-09,0,0,0
2017-02-09,0,0,0
2017-02-09,0,0,0
2017-02-09,0,0,0
2017-02-09,1,1,0
2017-02-09,1,1,0
2017-02-09,1,0,1
2017-02-09,0,0,0
2017-02-09,2,2,0
2017-02-09,1,0,1
2017-02-09,1,1,0
2017-02-09,0,0,0
2017-02-09,1,1,0
2017-02-09,2,2,0
2017-02-09,0,0,0
2017-02-09,0,0,0
2017-02-09,0,0,0
2017-02-09,0,0,0
2017-02-09,0,0,0
2017-02-10,0,0,0
2017-02-10,0,0,0
2017-02-10,0,0,0
2017-02-10,0,0,0
2017-02-10,0,0,0
2017-02-10,0,0,0
2017-02-10,0,0,0
2017-02-10,0,0,0
2017-02-10,1,1,0
2017-02-10,1,1,0
2017-02-10,0,0,0
2017-02-10,2,2,0
2017-02-10,1,1,0
2017-02-10,0,0,0
2017-02-10,0,0,0
2017-02-10,0,0,0
2017-02-10,1,1,0
2017-02-10,1,0,1
2017-02-10,0,0,0
2017-02-10,2,0,2
2017-02-10,0,0,0
2017-02-10,0,0,0
2017-02-10,3,0,3
2017-02-10,3,0,3
2017-02-11,1,1,0
2017-02-11,1,0,1
2017-02-11,4,0,4
2017-02-11,0,0,0
2017-02-11,0,0,0
2017-02-11,0,0,0
2017-02-11,2,0,2
2017-02-11,3,1,2
2017-02-11,6,1,5
2017-02-11,2,0,2
2017-02-11,0,0,0
2017-02-11,1,1,0
2017-02-11,5,2,3
2017-02-11,2,1,1
2017-02-11,4,0,4
2017-02-11,6,2,4
2017-02-11,5,3,2
2017-02-11,10,1,9
2017-02-11,3,0,3
2017-02-11,2,0,2
2017-02-11,3,0,3
2017-02-11,3,0,3
2017-02-11,3,0,3
2017-02-11,3,0,3
2017-02-12,4,1,3
2017-02-12,6,0,6
2017-02-12,0,0,0
2017-02-12,0,0,0
2017-02-12,0,0,0
2017-02-12,0,0,0
2017-02-12,0,0,0
2017-02-12,1,0,1
2017-02-12,1,0,1
2017-02-12,3,0,3
2017-02-12,4,2,2
2017-02-12,5,0,5
2017-02-12,8,3,5
2017-02-12,8,2,6
2017-02-12,11,6,5
2017-02-12,10,4,6
2017-02-12,3,1,2
2017-02-12,6,3,3
2017-02-12,2,1,1
2017-02-12,2,0,2
2017-02-12,2,0,2
2017-02-12,4,1,3
2017-02-12,0,0,0
2017-02-12,2,0,2
2017-02-13,0,0,0
2017-02-13,0,0,0
2017-02-13,1,0,1
2017-02-13,0,0,0
2017-02-13,0,0,0
2017-02-13,0,0,0
2017-02-13,2,1,1
2017-02-13,3,2,1
2017-02-13,2,2,0
2017-02-13,3,1,2
2017-02-13,3,0,3
2017-02-13,5,1,4
2017-02-13,1,0,1
2017-02-13,3,0,3
2017-02-13,6,5,1
2017-02-13,6,1,5
2017-02-13,5,0,5
2017-02-13,1,1,0
2017-02-13,2,1,1
2017-02-13,3,0,3
2017-02-13,1,0,1
2017-02-13,1,0,1
2017-02-13,2,0,2
2017-02-13,0,0,0
2017-02-14,0,0,0
2017-02-14,0,0,0
2017-02-14,0,0,0
2017-02-14,0,0,0
2017-02-14,0,0,0
2017-02-14,1,0,1
2017-02-14,1,1,0
2017-02-14,3,3,0
2017-02-14,3,1,2
2017-02-14,3,2,1
2017-02-14,0,0,0
2017-02-14,3,0,3
2017-02-14,2,1,1
2017-02-14,2,1,1
2017-02-14,3,2,1
2017-02-14,4,1,3
2017-02-14,5,3,2
2017-02-14,5,4,1
2017-02-14,2,1,1
2017-02-14,3,1,2
2017-02-14,1,1,0
2017-02-14,3,0,3
2017-02-14,3,0,3
2017-02-14,0,0,0
2017-02-15,0,0,0
2017-02-15,0,0,0
2017-02-15,1,0,1
2017-02-15,0,0,0
2017-02-15,1,0,1
2017-02-15,1,0,1
2017-02-15,1,0,1
2017-02-15,3,1,2
2017-02-15,2,0,2
2017-02-15,3,1,2
2017-02-15,3,0,3
2017-02-15,5,2,3
2017-02-15,2,0,2
2017-02-15,5,1,4
2017-02-15,2,1,1
2017-02-15,2,0,2
2017-02-15,3,0,3
2017-02-15,4,1,3
2017-02-15,5,0,5
2017-02-15,3,0,3
2017-02-15,4,0,4
2017-02-15,1,0,1
2017-02-15,1,0,1
2017-02-15,0,0,0
2017-02-16,1,0,1
2017-02-16,0,0,0
2017-02-16,0,0,0
2017-02-16,0,0,0
2017-02-16,0,0,0
2017-02-16,2,0,2
2017-02-16,1,0,1
2017-02-16,3,1,2
2017-02-16,3,1,2
2017-02-16,1,0,1
2017-02-16,3,1,2
2017-02-16,1,0,1
2017-02-16,2,1,1
2017-02-16,2,0,2
2017-02-16,5,2,3
2017-02-16,3,1,2
2017-02-16,2,0,2
2017-02-16,4,2,2
2017-02-16,7,1,6
2017-02-16,0,0,0
2017-02-16,4,0,4
2017-02-16,3,0,3
2017-02-16,0,0,0
2017-02-16,1,1,0
2017-02-17,0,0,0
2017-02-17,0,0,0
2017-02-17,0,0,0
2017-02-17,0,0,0
2017-02-17,1,0,1
2017-02-17,3,1,2
2017-02-17,2,1,1
2017-02-17,3,1,2
2017-02-17,1,0,1
2017-02-17,8,1,7
2017-02-17,7,1,6
2017-02-17,5,0,5
2017-02-17,3,1,2
2017-02-17,7,1,6
2017-02-17,9,3,6
2017-02-17,4,2,2
2017-02-17,5,0,5
2017-02-17,8,3,5
2017-02-17,5,2,3
2017-02-17,3,1,2
2017-02-17,2,0,2
2017-02-17,1,1,0
2017-02-17,1,0,1
2017-02-17,0,0,0
2017-02-18,3,1,2
2017-02-18,0,0,0
2017-02-18,2,0,2
2017-02-18,0,0,0
2017-02-18,0,0,0
2017-02-18,2,1,1
2017-02-18,1,0,1
2017-02-18,0,0,0
2017-02-18,1,0,1
2017-02-18,5,0,5
2017-02-18,1,1,0
2017-02-18,4,1,3
2017-02-18,3,1,2
2017-02-18,1,0,1
2017-02-18,2,2,0
2017-02-18,2,1,1
2017-02-18,3,1,2
2017-02-18,3,2,1
2017-02-18,4,2,2
2017-02-18,1,1,0
2017-02-18,1,0,1
2017-02-18,0,0,0
2017-02-18,0,0,0
2017-02-18,2,0,2
2017-02-19,2,0,2
2017-02-19,2,0,2
2017-02-19,0,0,0
2017-02-19,0,0,0
2017-02-19,0,0,0
2017-02-19,0,0,0
2017-02-19,0,0,0
2017-02-19,1,0,1
2017-02-19,0,0,0
2017-02-19,1,1,0
2017-02-19,3,1,2
2017-02-19,4,1,3
2017-02-19,5,3,2
2017-02-19,7,5,2
2017-02-19,0,0,0
2017-02-19,2,1,1
2017-02-19,1,0,1
2017-02-19,0,0,0
2017-02-19,3,1,2
2017-02-19,3,2,1
2017-02-19,3,0,3
2017-02-19,0,0,0
2017-02-19,1,0,1
2017-02-19,1,1,0
2017-02-20,0,0,0
2017-02-20,1,0,1
2017-02-20,1,0,1
2017-02-20,1,0,1
2017-02-20,1,0,1
2017-02-20,1,0,1
2017-02-20,0,0,0
2017-02-20,1,1,0
2017-02-20,0,0,0
2017-02-20,3,0,3
2017-02-20,0,0,0
2017-02-20,3,0,3
2017-02-20,3,0,3
2017-02-20,3,1,2
2017-02-20,5,2,3
2017-02-20,0,0,0
2017-02-20,0,0,0
2017-02-20,3,2,1
2017-02-20,2,2,0
2017-02-20,9,6,3
2017-02-20,1,0,1
2017-02-20,2,2,0
2017-02-20,0,0,0
2017-02-20,0,0,0
2017-02-21,0,0,0
2017-02-21,1,0,1
2017-02-21,0,0,0
2017-02-21,0,0,0
2017-02-21,0,0,0
2017-02-21,1,0,1
2017-02-21,2,1,1
2017-02-21,2,2,0
2017-02-21,0,0,0
2017-02-21,2,2,0
2017-02-21,1,0,1
2017-02-21,3,0,3
2017-02-21,5,2,3
2017-02-21,4,3,1
2017-02-21,5,5,0
2017-02-21,0,0,0
2017-02-21,0,0,0
2017-02-21,0,0,0
2017-02-21,0,0,0
2017-02-21,2,2,0
2017-02-21,3,3,0
2017-02-21,0,0,0
2017-02-21,0,0,0
2017-02-21,0,0,0
2017-02-22,0,0,0
2017-02-22,0,0,0
2017-02-22,0,0,0
2017-02-22,0,0,0
2017-02-22,0,0,0
2017-02-22,0,0,0
2017-02-22,0,0,0
2017-02-22,0,0,0
2017-02-22,0,0,0
2017-02-22,0,0,0
2017-02-22,3,3,0
2017-02-22,0,0,0
2017-02-22,0,0,0
2017-02-22,0,0,0
2017-02-22,3,3,0
2017-02-22,3,3,0
2017-02-22,1,1,0
2017-02-22,2,2,0
2017-02-22,1,1,0
2017-02-22,4,4,0
2017-02-22,1,1,0
2017-02-22,0,0,0
2017-02-22,0,0,0
2017-02-22,0,0,0
2017-02-23,0,0,0
2017-02-23,0,0,0
2017-02-23,0,0,0
2017-02-23,0,0,0
2017-02-23,0,0,0
2017-02-23,0,0,0
2017-02-23,2,2,0
2017-02-23,0,0,0
2017-02-23,0,0,0
2017-02-23,1,1,0
2017-02-23,0,0,0
2017-02-23,0,0,0
2017-02-23,2,2,0
2017-02-23,4,4,0
2017-02-23,1,1,0
2017-02-23,0,0,0
2017-02-23,0,0,0
2017-02-23,0,0,0
2017-02-23,0,0,0
2017-02-23,0,0,0
2017-02-23,0,0,0
2017-02-23,0,0,0
2017-02-23,0,0,0
2017-02-23,0,0,0
2017-02-24,0,0,0
2017-02-24,0,0,0
2017-02-24,0,0,0
2017-02-24,0,0,0
2017-02-24,0,0,0
2017-02-24,0,0,0
2017-02-24,0,0,0
2017-02-24,0,0,0
2017-02-24,0,0,0
2017-02-24,0,0,0
2017-02-24,0,0,0
2017-02-24,0,0,0
2017-02-24,1,1,0
2017-02-24,0,0,0
2017-02-24,1,1,0
2017-02-24,1,1,0
2017-02-24,3,0,3
2017-02-24,2,2,0
2017-02-24,1,1,0
2017-02-24,0,0,0
2017-02-24,0,0,0
2017-02-24,0,0,0
2017-02-24,0,0,0
2017-02-24,0,0,0
2017-02-25,0,0,0
2017-02-25,0,0,0
2017-02-25,0,0,0
2017-02-25,0,0,0
2017-02-25,0,0,0
2017-02-25,0,0,0
2017-02-25,0,0,0
2017-02-25,0,0,0
2017-02-25,0,0,0
2017-02-25,0,0,0
2017-02-25,2,2,0
2017-02-25,1,1,0
2017-02-25,0,0,0
2017-02-25,1,1,0
2017-02-25,1,1,0
2017-02-25,1,1,0
2017-02-25,1,1,0
2017-02-25,1,1,0
2017-02-25,0,0,0
2017-02-25,0,0,0
2017-02-25,1,1,0
2017-02-25,0,0,0
2017-02-25,0,0,0
2017-02-25,0,0,0
2017-02-26,0,0,0
2017-02-26,0,0,0
2017-02-26,0,0,0
2017-02-26,0,0,0
2017-02-26,0,0,0
2017-02-26,1,0,1
2017-02-26,0,0,0
2017-02-26,0,0,0
2017-02-26,0,0,0
2017-02-26,0,0,0
2017-02-26,2,2,0
2017-02-26,1,1,0
2017-02-26,1,1,0
2017-02-26,2,2,0
2017-02-26,1,1,0
2017-02-26,1,1,0
2017-02-26,1,1,0
2017-02-26,1,1,0
2017-02-26,1,1,0
2017-02-26,0,0,0
2017-02-26,0,0,0
2017-02-26,0,0,0
2017-02-26,0,0,0
2017-02-26,0,0,0
2017-02-27,0,0,0
2017-02-27,0,0,0
2017-02-27,0,0,0
2017-02-27,0,0,0
2017-02-27,0,0,0
2017-02-27,0,0,0
2017-02-27,0,0,0
2017-02-27,0,0,0
2017-02-27,0,0,0
2017-02-27,0,0,0
2017-02-27,0,0,0
2017-02-27,0,0,0
2017-02-27,1,1,0
2017-02-27,0,0,0
2017-02-27,0,0,0
2017-02-27,0,0,0
2017-02-27,1,1,0
2017-02-27,0,0,0
2017-02-27,1,1,0
2017-02-27,1,1,0
2017-02-27,0,0,0
2017-02-27,0,0,0
2017-02-27,0,0,0
2017-02-27,0,0,0
2017-02-28,0,0,0
2017-02-28,0,0,0
2017-02-28,0,0,0
2017-02-28,0,0,0
2017-02-28,0,0,0
2017-02-28,0,0,0
2017-02-28,0,0,0
2017-02-28,0,0,0
2017-02-28,0,0,0
2017-02-28,1,1,0
2017-02-28,0,0,0
2017-02-28,2,1,1
2017-02-28,0,0,0
2017-02-28,0,0,0
2017-02-28,3,2,1
2017-02-28,1,1,0
2017-02-28,2,2,0
2017-02-28,2,2,0
2017-02-28,3,3,0
2017-02-28,1,0,1
2017-02-28,3,2,1
2017-02-28,0,0,0
2017-02-28,0,0,0
2017-02-28,0,0,0
2017-03-01,0,0,0
2017-03-01,0,0,0
2017-03-01,0,0,0
2017-03-01,0,0,0
2017-03-01,0,0,0
2017-03-01,0,0,0
2017-03-01,0,0,0
2017-03-01,0,0,0
2017-03-01,1,1,0
2017-03-01,2,2,0
2017-03-01,1,1,0
2017-03-01,0,0,0
2017-03-01,1,1,0
2017-03-01,1,1,0
2017-03-01,1,1,0
2017-03-01,1,1,0
2017-03-01,1,1,0
2017-03-01,0,0,0
2017-03-01,2,2,0
2017-03-01,0,0,0
2017-03-01,1,1,0
2017-03-01,0,0,0
2017-03-01,0,0,0
2017-03-01,0,0,0
2017-03-02,0,0,0
2017-03-02,1,1,0
2017-03-02,0,0,0
2017-03-02,0,0,0
2017-03-02,0,0,0
2017-03-02,1,1,0
2017-03-02,0,0,0
2017-03-02,1,1,0
2017-03-02,1,1,0
2017-03-02,1,1,0
2017-03-02,1,1,0
2017-03-02,1,1,0
2017-03-02,2,1,1
2017-03-02,2,2,0
2017-03-02,1,1,0
2017-03-02,0,0,0
2017-03-02,2,2,0
2017-03-02,2,2,0
2017-03-02,1,1,0
2017-03-02,0,0,0
2017-03-02,0,0,0
2017-03-02,0,0,0
2017-03-02,0,0,0
2017-03-02,0,0,0
2017-03-03,0,0,0
2017-03-03,0,0,0
2017-03-03,0,0,0
2017-03-03,0,0,0
2017-03-03,0,0,0
2017-03-03,0,0,0
2017-03-03,0,0,0
2017-03-03,1,1,0
2017-03-03,2,1,1
2017-03-03,0,0,0
2017-03-03,0,0,0
2017-03-03,0,0,0
2017-03-03,2,1,1
2017-03-03,2,2,0
2017-03-03,1,1,0
2017-03-03,1,1,0
2017-03-03,0,0,0
2017-03-03,3,3,0
2017-03-03,2,1,1
2017-03-03,0,0,0
2017-03-03,1,1,0
2017-03-03,1,1,0
2017-03-03,1,1,0
2017-03-03,0,0,0
2017-03-04,0,0,0
2017-03-04,0,0,0
2017-03-04,0,0,0
2017-03-04,0,0,0
2017-03-04,0,0,0
2017-03-04,0,0,0
2017-03-04,0,0,0
2017-03-04,0,0,0
2017-03-04,0,0,0
2017-03-04,2,2,0
2017-03-04,0,0,0
2017-03-04,5,5,0
2017-03-04,1,1,0
2017-03-04,1,1,0
2017-03-04,5,5,0
2017-03-04,1,1,0
2017-03-04,2,2,0
2017-03-04,1,1,0
2017-03-04,1,1,0
2017-03-04,4,3,1
2017-03-04,2,0,2
2017-03-04,2,2,0
2017-03-04,0,0,0
2017-03-04,0,0,0
2017-03-05,0,0,0
2017-03-05,0,0,0
2017-03-05,1,1,0
2017-03-05,0,0,0
2017-03-05,0,0,0
2017-03-05,0,0,0
2017-03-05,0,0,0
2017-03-05,1,1,0
2017-03-05,0,0,0
2017-03-05,1,1,0
2017-03-05,2,2,0
2017-03-05,2,2,0
2017-03-05,2,2,0
2017-03-05,2,2,0
2017-03-05,4,4,0
2017-03-05,1,1,0
2017-03-05,0,0,0
2017-03-05,1,1,0
2017-03-05,2,2,0
2017-03-05,3,3,0
2017-03-05,0,0,0
2017-03-05,1,1,0
2017-03-05,0,0,0
2017-03-05,1,1,0
2017-03-06,0,0,0
2017-03-06,0,0,0
2017-03-06,0,0,0
2017-03-06,0,0,0
2017-03-06,0,0,0
2017-03-06,0,0,0
2017-03-06,1,1,0
2017-03-06,3,2,1
2017-03-06,3,3,0
2017-03-06,1,0,1
2017-03-06,0,0,0
2017-03-06,2,2,0
2017-03-06,1,1,0
2017-03-06,4,4,0
2017-03-06,9,8,1
2017-03-06,7,5,2
2017-03-06,10,3,7
2017-03-06,1,1,0
2017-03-06,2,2,0
2017-03-06,2,2,0
2017-03-06,0,0,0
2017-03-06,0,0,0
2017-03-06,1,1,0
2017-03-06,0,0,0
2017-03-07,0,0,0
2017-03-07,0,0,0
2017-03-07,0,0,0
2017-03-07,0,0,0
2017-03-07,0,0,0
2017-03-07,0,0,0
2017-03-07,0,0,0
2017-03-07,1,0,1
2017-03-07,1,1,0
2017-03-07,3,2,1
2017-03-07,1,1,0
2017-03-07,2,1,1
2017-03-07,4,0,4
2017-03-07,2,2,0
2017-03-07,1,1,0
2017-03-07,2,0,2
2017-03-07,2,0,2
2017-03-07,8,5,3
2017-03-07,3,1,2
2017-03-07,5,0,5
2017-03-07,2,2,0
2017-03-07,6,1,5
2017-03-07,8,1,7
2017-03-07,0,0,0
2017-03-08,1,0,1
2017-03-08,0,0,0
2017-03-08,2,0,2
2017-03-08,0,0,0
2017-03-08,1,0,1
2017-03-08,2,0,2
2017-03-08,2,0,2
2017-03-08,1,0,1
2017-03-08,4,1,3
2017-03-08,8,0,8
2017-03-08,5,1,4
2017-03-08,5,1,4
2017-03-08,10,3,7
2017-03-08,2,1,1
2017-03-08,3,1,2
2017-03-08,5,0,5
2017-03-08,12,2,10
2017-03-08,12,3,9
2017-03-08,9,3,6
2017-03-08,11,3,8
2017-03-08,1,0,1
2017-03-08,4,0,4
2017-03-08,4,0,4
2017-03-08,2,1,1
2017-03-09,0,0,0
2017-03-09,0,0,0
2017-03-09,0,0,0
2017-03-09,0,0,0
2017-03-09,0,0,0
2017-03-09,0,0,0
2017-03-09,1,0,1
2017-03-09,3,1,2
2017-03-09,5,5,0
2017-03-09,1,1,0
2017-03-09,0,0,0
2017-03-09,3,2,1
2017-03-09,2,1,1
2017-03-09,1,1,0
2017-03-09,5,3,2
2017-03-09,5,0,5
2017-03-09,3,0,3
2017-03-09,5,0,5
2017-03-09,2,0,2
2017-03-09,5,0,5
2017-03-09,3,1,2
2017-03-09,3,1,2
2017-03-09,3,0,3
2017-03-09,2,1,1
2017-03-10,1,0,1
2017-03-10,0,0,0
2017-03-10,0,0,0
2017-03-10,1,0,1
2017-03-10,0,0,0
2017-03-10,1,0,1
2017-03-10,2,0,2
2017-03-10,3,1,2
2017-03-10,4,0,4
2017-03-10,6,1,5
2017-03-10,0,0,0
2017-03-10,6,3,3
2017-03-10,9,0,9
2017-03-10,10,4,6
2017-03-10,5,1,4
2017-03-10,6,3,3
2017-03-10,5,0,5
2017-03-10,5,1,4
2017-03-10,5,3,2
2017-03-10,6,0,6
2017-03-10,6,2,4
2017-03-10,3,0,3
2017-03-10,6,2,4
2017-03-10,4,0,4
2017-03-11,1,0,1
2017-03-11,1,0,1
2017-03-11,0,0,0
2017-03-11,0,0,0
2017-03-11,0,0,0
2017-03-11,0,0,0
2017-03-11,2,0,2
2017-03-11,2,2,0
2017-03-11,2,0,2
2017-03-11,5,2,3
2017-03-11,3,1,2
2017-03-11,11,1,10
2017-03-11,8,0,8
2017-03-11,6,4,2
2017-03-11,3,2,1
2017-03-11,3,3,0
2017-03-11,1,1,0
2017-03-11,2,1,1
2017-03-11,8,6,2
2017-03-11,5,0,5
2017-03-11,7,2,5
2017-03-11,2,1,1
2017-03-11,3,3,0
2017-03-11,0,0,0
2017-03-12,0,0,0
2017-03-12,0,0,0
2017-03-12,,,
2017-03-12,0,0,0
2017-03-12,0,0,0
2017-03-12,0,0,0
2017-03-12,0,0,0
2017-03-12,0,0,0
2017-03-12,1,1,0
2017-03-12,0,0,0
2017-03-12,2,2,0
2017-03-12,0,0,0
2017-03-12,0,0,0
2017-03-12,3,3,0
2017-03-12,2,2,0
2017-03-12,1,1,0
2017-03-12,4,4,0
2017-03-12,2,1,1
2017-03-12,5,5,0
2017-03-12,1,0,1
2017-03-12,2,2,0
2017-03-12,0,0,0
2017-03-12,1,1,0
2017-03-12,0,0,0
2017-03-13,1,1,0
2017-03-13,0,0,0
2017-03-13,0,0,0
2017-03-13,0,0,0
2017-03-13,0,0,0
2017-03-13,1,0,1
2017-03-13,4,2,2
2017-03-13,3,1,2
2017-03-13,5,3,2
2017-03-13,2,1,1
2017-03-13,7,6,1
2017-03-13,1,1,0
2017-03-13,0,0,0
2017-03-13,2,2,0
2017-03-13,5,2,3
2017-03-13,9,1,8
2017-03-13,3,1,2
2017-03-13,7,2,5
2017-03-13,10,0,10
2017-03-13,4,0,4
2017-03-13,3,0,3
2017-03-13,6,1,5
2017-03-13,1,0,1
2017-03-13,1,0,1
2017-03-14,0,0,0
2017-03-14,2,0,2
2017-03-14,0,0,0
2017-03-14,0,0,0
2017-03-14,1,0,1
2017-03-14,0,0,0
2017-03-14,1,0,1
2017-03-14,2,1,1
2017-03-14,5,3,2
2017-03-14,4,1,3
2017-03-14,1,0,1
2017-03-14,6,0,6
2017-03-14,4,1,3
2017-03-14,7,0,7
2017-03-14,6,0,6
2017-03-14,9,1,8
2017-03-14,4,2,2
2017-03-14,4,2,2
2017-03-14,3,1,2
2017-03-14,4,1,3
2017-03-14,5,0,5
2017-03-14,2,1,1
2017-03-14,1,1,0
2017-03-14,2,0,2
2017-03-15,1,0,1
2017-03-15,1,0,1
2017-03-15,0,0,0
2017-03-15,0,0,0
2017-03-15,0,0,0
2017-03-15,1,0,1
2017-03-15,0,0,0
2017-03-15,1,0,1
2017-03-15,1,0,1
2017-03-15,3,2,1
2017-03-15,4,0,4
2017-03-15,7,0,7
2017-03-15,2,2,0
2017-03-15,7,1,6
2017-03-15,5,1,4
2017-03-15,3,0,3
2017-03-15,5,1,4
2017-03-15,7,1,6
2017-03-15,7,1,6
2017-03-15,5,2,3
2017-03-15,3,0,3
2017-03-15,4,0,4
2017-03-15,0,0,0
2017-03-15,0,0,0
2017-03-16,0,0,0
2017-03-16,0,0,0
2017-03-16,0,0,0
2017-03-16,1,0,1
2017-03-16,1,0,1
2017-03-16,0,0,0
2017-03-16,0,0,0
2017-03-16,9,1,8
2017-03-16,7,1,6
2017-03-16,4,3,1
2017-03-16,8,2,6
2017-03-16,5,2,3
2017-03-16,5,1,4
2017-03-16,2,0,2
2017-03-16,8,3,5
2017-03-16,6,1,5
2017-03-16,2,1,1
2017-03-16,5,1,4
2017-03-16,5,1,4
2017-03-16,6,3,3
2017-03-16,6,1,5
2017-03-16,3,2,1
2017-03-16,2,0,2
2017-03-16,3,1,2
2017-03-17,2,1,1
2017-03-17,0,0,0
2017-03-17,0,0,0
2017-03-17,0,0,0
2017-03-17,1,0,1
2017-03-17,2,0,2
2017-03-17,1,0,1
2017-03-17,4,3,1
2017-03-17,3,1,2
2017-03-17,3,2,1
2017-03-17,0,0,0
2017-03-17,3,2,1
2017-03-17,4,1,3
2017-03-17,5,0,5
2017-03-17,4,0,4
2017-03-17,5,2,3
2017-03-17,3,1,2
2017-03-17,2,0,2
2017-03-17,5,1,4
2017-03-17,3,1,2
2017-03-17,1,0,1
2017-03-17,0,0,0
2017-03-17,1,0,1
2017-03-17,1,0,1
2017-03-18,1,0,1
2017-03-18,0,0,0
2017-03-18,2,1,1
2017-03-18,0,0,0
2017-03-18,1,0,1
2017-03-18,2,0,2
2017-03-18,1,0,1
2017-03-18,0,0,0
2017-03-18,2,1,1
2017-03-18,2,0,2
2017-03-18,2,0,2
2017-03-18,1,0,1
2017-03-18,2,1,1
2017-03-18,2,2,0
2017-03-18,1,1,0
2017-03-18,5,1,4
2017-03-18,6,4,2
2017-03-18,3,2,1
2017-03-18,3,2,1
2017-03-18,3,2,1
2017-03-18,3,2,1
2017-03-18,3,2,1
2017-03-18,3,1,2
2017-03-18,3,1,2
2017-03-19,2,0,2
2017-03-19,0,0,0
2017-03-19,0,0,0
2017-03-19,1,1,0
2017-03-19,1,0,1
2017-03-19,1,0,1
2017-03-19,0,0,0
2017-03-19,1,0,1
2017-03-19,3,1,2
2017-03-19,2,2,0
2017-03-19,3,2,1
2017-03-19,9,9,0
2017-03-19,7,5,2
2017-03-19,6,5,1
2017-03-19,6,5,1
2017-03-19,5,5,0
2017-03-19,10,10,0
2017-03-19,3,3,0
2017-03-19,4,4,0
2017-03-19,1,1,0
2017-03-19,0,0,0
2017-03-19,1,1,0
2017-03-19,1,1,0
2017-03-19,0,0,0
2017-03-20,0,0,0
2017-03-20,0,0,0
2017-03-20,0,0,0
2017-03-20,0,0,0
2017-03-20,0,0,0
2017-03-20,0,0,0
2017-03-20,0,0,0
2017-03-20,1,1,0
2017-03-20,0,0,0
2017-03-20,3,2,1
2017-03-20,3,2,1
2017-03-20,3,3,0
2017-03-20,4,3,1
2017-03-20,6,6,0
2017-03-20,3,2,1
2017-03-20,0,0,0
2017-03-20,1,1,0
2017-03-20,5,5,0
2017-03-20,4,4,0
2017-03-20,3,3,0
2017-03-20,4,3,1
2017-03-20,2,1,1
2017-03-20,1,1,0
2017-03-20,0,0,0
2017-03-21,0,0,0
2017-03-21,0,0,0
2017-03-21,0,0,0
2017-03-21,0,0,0
2017-03-21,0,0,0
2017-03-21,0,0,0
2017-03-21,0,0,0
2017-03-21,0,0,0
2017-03-21,1,0,1
2017-03-21,1,0,1
2017-03-21,5,4,1
2017-03-21,4,1,3
2017-03-21,5,3,2
2017-03-21,6,6,0
2017-03-21,6,3,3
2017-03-21,8,3,5
2017-03-21,4,1,3
2017-03-21,2,1,1
2017-03-21,2,0,2
2017-03-21,2,2,0
2017-03-21,3,2,1
2017-03-21,0,0,0
2017-03-21,2,1,1
2017-03-21,1,1,0
2017-03-22,0,0,0
2017-03-22,0,0,0
2017-03-22,1,0,1
2017-03-22,0,0,0
2017-03-22,0,0,0
2017-03-22,0,0,0
2017-03-22,1,0,1
2017-03-22,4,4,0
2017-03-22,4,2,2
2017-03-22,8,3,5
2017-03-22,2,1,1
2017-03-22,0,0,0
2017-03-22,0,0,0
2017-03-22,1,1,0
2017-03-22,3,3,0
2017-03-22,1,1,0
2017-03-22,2,0,2
2017-03-22,13,7,6
2017-03-22,16,9,7
2017-03-22,5,3,2
2017-03-22,3,1,2
2017-03-22,2,0,2
2017-03-22,0,0,0
2017-03-22,1,0,1
2017-03-23,0,0,0
2017-03-23,0,0,0
2017-03-23,0,0,0
2017-03-23,0,0,0
2017-03-23,2,0,2
2017-03-23,3,0,3
2017-03-23,2,1,1
2017-03-23,3,2,1
2017-03-23,6,4,2
2017-03-23,5,3,2
2017-03-23,3,3,0
2017-03-23,4,4,0
2017-03-23,4,4,0
2017-03-23,2,1,1
2017-03-23,1,0,1
2017-03-23,1,1,0
2017-03-23,3,1,2
2017-03-23,9,6,3
2017-03-23,5,4,1
2017-03-23,5,3,2
2017-03-23,2,2,0
2017-03-23,0,0,0
2017-03-23,1,1,0
2017-03-23,3,1,2
2017-03-24,1,0,1
2017-03-24,0,0,0
2017-03-24,0,0,0
2017-03-24,0,0,0
2017-03-24,1,0,1
2017-03-24,0,0,0
2017-03-24,2,1,1
2017-03-24,1,1,0
2017-03-24,5,4,1
2017-03-24,1,1,0
2017-03-24,3,1,2
2017-03-24,11,3,8
2017-03-24,10,3,7
2017-03-24,8,2,6
2017-03-24,7,0,7
2017-03-24,7,3,4
2017-03-24,4,1,3
2017-03-24,4,4,0
2017-03-24,1,1,0
2017-03-24,0,0,0
2017-03-24,0,0,0
2017-03-24,1,1,0
2017-03-24,0,0,0
2017-03-24,1,0,1
2017-03-25,0,0,0
2017-03-25,0,0,0
2017-03-25,0,0,0
2017-03-25,0,0,0
2017-03-25,0,0,0
2017-03-25,0,0,0
2017-03-25,0,0,0
2017-03-25,0,0,0
2017-03-25,0,0,0
2017-03-25,0,0,0
2017-03-25,2,2,0
2017-03-25,2,0,2
2017-03-25,1,1,0
2017-03-25,4,4,0
2017-03-25,2,2,0
2017-03-25,0,0,0
2017-03-25,3,2,1
2017-03-25,4,3,1
2017-03-25,5,3,2
2017-03-25,9,2,7
2017-03-25,2,1,1
2017-03-25,2,1,1
2017-03-25,4,0,4
2017-03-25,4,1,3
2017-03-26,2,0,2
2017-03-26,1,0,1
2017-03-26,3,1,2
2017-03-26,1,1,0
2017-03-26,0,0,0
2017-03-26,1,0,1
2017-03-26,0,0,0
2017-03-26,1,0,1
2017-03-26,5,1,4
2017-03-26,9,1,8
2017-03-26,6,1,5
2017-03-26,7,2,5
2017-03-26,6,2,4
2017-03-26,15,8,7
2017-03-26,5,4,1
2017-03-26,2,1,1
2017-03-26,7,1,6
2017-03-26,3,1,2
2017-03-26,2,1,1
2017-03-26,6,0,6
2017-03-26,1,0,1
2017-03-26,1,0,1
2017-03-26,0,0,0
2017-03-26,1,0,1
2017-03-27,0,0,0
2017-03-27,0,0,0
2017-03-27,0,0,0
2017-03-27,0,0,0
2017-03-27,0,0,0
2017-03-27,1,0,1
2017-03-27,0,0,0
2017-03-27,2,0,2
2017-03-27,2,0,2
2017-03-27,4,1,3
2017-03-27,7,1,6
2017-03-27,2,1,1
2017-03-27,3,2,1
2017-03-27,2,2,0
2017-03-27,0,0,0
2017-03-27,1,1,0
2017-03-27,3,3,0
2017-03-27,1,1,0
2017-03-27,5,3,2
2017-03-27,3,1,2
2017-03-27,1,1,0
2017-03-27,1,1,0
2017-03-27,3,1,2
2017-03-27,0,0,0
2017-03-28,0,0,0
2017-03-28,0,0,0
2017-03-28,0,0,0
2017-03-28,0,0,0
2017-03-28,0,0,0
2017-03-28,0,0,0
2017-03-28,0,0,0
2017-03-28,3,3,0
2017-03-28,8,7,1
2017-03-28,2,1,1
2017-03-28,3,0,3
2017-03-28,1,0,1
2017-03-28,2,2,0
2017-03-28,7,2,5
2017-03-28,0,0,0
2017-03-28,7,3,4
2017-03-28,4,1,3
2017-03-28,0,0,0
2017-03-28,7,7,0
2017-03-28,3,2,1
2017-03-28,3,2,1
2017-03-28,1,1,0
2017-03-28,1,1,0
2017-03-28,0,0,0
2017-03-29,0,0,0
2017-03-29,0,0,0
2017-03-29,0,0,0
2017-03-29,1,0,1
2017-03-29,1,0,1
2017-03-29,0,0,0
2017-03-29,3,1,2
2017-03-29,1,1,0
2017-03-29,2,2,0
2017-03-29,0,0,0
2017-03-29,0,0,0
2017-03-29,1,0,1
2017-03-29,5,0,5
2017-03-29,1,1,0
2017-03-29,1,1,0
2017-03-29,0,0,0
2017-03-29,0,0,0
2017-03-29,1,1,0
2017-03-29,0,0,0
2017-03-29,1,1,0
2017-03-29,0,0,0
2017-03-29,0,0,0
2017-03-29,0,0,0
2017-03-29,0,0,0
2017-03-30,0,0,0
2017-03-30,0,0,0
2017-03-30,0,0,0
2017-03-30,0,0,0
2017-03-30,0,0,0
2017-03-30,0,0,0
2017-03-30,0,0,0
2017-03-30,2,2,0
2017-03-30,3,2,1
2017-03-30,4,3,1
2017-03-30,2,1,1
2017-03-30,2,2,0
2017-03-30,3,2,1
2017-03-30,1,0,1
2017-03-30,1,0,1
2017-03-30,2,2,0
2017-03-30,1,1,0
2017-03-30,2,1,1
2017-03-30,7,5,2
2017-03-30,7,6,1
2017-03-30,3,2,1
2017-03-30,3,3,0
2017-03-30,4,2,2
2017-03-30,1,1,0
2017-03-31,0,0,0
2017-03-31,0,0,0
2017-03-31,0,0,0
2017-03-31,1,0,1
2017-03-31,0,0,0
2017-03-31,0,0,0
2017-03-31,0,0,0
2017-03-31,1,1,0
2017-03-31,4,1,3
2017-03-31,4,3,1
2017-03-31,3,1,2
2017-03-31,4,0,4
2017-03-31,4,1,3
2017-03-31,4,1,3
2017-03-31,7,3,4
2017-03-31,7,6,1
2017-03-31,3,2,1
2017-03-31,13,10,3
2017-03-31,5,4,1
2017-03-31,7,7,0
2017-03-31,9,6,3
2017-03-31,1,1,0
2017-03-31,3,1,2
2017-03-31,1,1,0
2017-04-01,3,2,1
2017-04-01,0,0,0
2017-04-01,1,1,0
2017-04-01,0,0,0
2017-04-01,0,0,0
2017-04-01,0,0,0
2017-04-01,0,0,0
2017-04-01,1,0,1
2017-04-01,4,4,0
2017-04-01,5,1,4
2017-04-01,5,3,2
2017-04-01,6,6,0
2017-04-01,6,6,0
2017-04-01,6,5,1
2017-04-01,5,3,2
2017-04-01,3,3,0
2017-04-01,5,5,0
2017-04-01,5,5,0
2017-04-01,6,6,0
2017-04-01,1,1,0
2017-04-01,3,2,1
2017-04-01,0,0,0
2017-04-01,0,0,0
2017-04-01,0,0,0
2017-04-02,0,0,0
2017-04-02,0,0,0
2017-04-02,0,0,0
2017-04-02,1,1,0
2017-04-02,0,0,0
2017-04-02,0,0,0
2017-04-02,0,0,0
2017-04-02,0,0,0
2017-04-02,0,0,0
2017-04-02,5,5,0
2017-04-02,4,4,0
2017-04-02,4,4,0
2017-04-02,9,9,0
2017-04-02,7,7,0
2017-04-02,4,4,0
2017-04-02,4,3,1
2017-04-02,3,3,0
2017-04-02,5,5,0
2017-04-02,4,3,1
2017-04-02,3,3,0
2017-04-02,0,0,0
2017-04-02,2,1,1
2017-04-02,1,1,0
2017-04-02,0,0,0
2017-04-03,0,0,0
2017-04-03,0,0,0
2017-04-03,0,0,0
2017-04-03,1,1,0
2017-04-03,0,0,0
2017-04-03,1,1,0
2017-04-03,1,0,1
2017-04-03,2,1,1
2017-04-03,0,0,0
2017-04-03,2,1,1
2017-04-03,3,3,0
2017-04-03,2,2,0
2017-04-03,7,6,1
2017-04-03,2,2,0
2017-04-03,1,1,0
2017-04-03,2,2,0
2017-04-03,3,3,0
2017-04-03,5,5,0
2017-04-03,6,5,1
2017-04-03,5,5,0
2017-04-03,0,0,0
2017-04-03,1,0,1
2017-04-03,0,0,0
2017-04-03,0,0,0
2017-04-04,1,0,1
2017-04-04,2,2,0
2017-04-04,0,0,0
2017-04-04,1,0,1
2017-04-04,0,0,0
2017-04-04,1,0,1
2017-04-04,1,1,0
2017-04-04,1,1,0
2017-04-04,5,5,0
2017-04-04,2,2,0
2017-04-04,3,3,0
2017-04-04,3,3,0
2017-04-04,1,1,0
2017-04-04,10,9,1
2017-04-04,0,0,0
2017-04-04,2,1,1
2017-04-04,2,1,1
2017-04-04,6,6,0
2017-04-04,5,3,2
2017-04-04,4,4,0
2017-04-04,3,3,0
2017-04-04,1,1,0
2017-04-04,0,0,0
2017-04-04,0,0,0
2017-04-05,0,0,0
2017-04-05,0,0,0
2017-04-05,0,0,0
2017-04-05,0,0,0
2017-04-05,0,0,0
2017-04-05,0,0,0
2017-04-05,1,1,0
2017-04-05,2,2,0
2017-04-05,3,2,1
2017-04-05,2,0,2
2017-04-05,4,0,4
2017-04-05,5,1,4
2017-04-05,8,4,4
2017-04-05,5,2,3
2017-04-05,6,1,5
2017-04-05,3,1,2
2017-04-05,6,3,3
2017-04-05,6,3,3
2017-04-05,8,1,7
2017-04-05,2,1,1
2017-04-05,1,0,1
2017-04-05,3,2,1
2017-04-05,1,0,1
2017-04-05,2,0,2
2017-04-06,1,0,1
2017-04-06,0,0,0
2017-04-06,0,0,0
2017-04-06,0,0,0
2017-04-06,1,0,1
2017-04-06,0,0,0
2017-04-06,0,0,0
2017-04-06,4,2,2
2017-04-06,6,1,5
2017-04-06,2,0,2
2017-04-06,3,0,3
2017-04-06,5,0,5
2017-04-06,8,2,6
2017-04-06,6,1,5
2017-04-06,5,0,5
2017-04-06,5,0,5
2017-04-06,3,0,3
2017-04-06,12,3,9
2017-04-06,7,3,4
2017-04-06,7,5,2
2017-04-06,4,0,4
2017-04-06,9,1,8
2017-04-06,8,0,8
2017-04-06,4,0,4
2017-04-07,2,0,2
2017-04-07,0,0,0
2017-04-07,1,0,1
2017-04-07,1,1,0
2017-04-07,0,0,0
2017-04-07,0,0,0
2017-04-07,0,0,0
2017-04-07,1,0,1
2017-04-07,5,1,4
2017-04-07,5,1,4
2017-04-07,6,3,3
2017-04-07,4,1,3
2017-04-07,10,0,10
2017-04-07,0,0,0
2017-04-07,1,0,1
2017-04-07,4,4,0
2017-04-07,3,1,2
2017-04-07,6,2,4
2017-04-07,3,1,2
2017-04-07,4,0,4
2017-04-07,4,1,3
2017-04-07,1,1,0
2017-04-07,1,0,1
2017-04-07,2,0,2
2017-04-08,0,0,0
2017-04-08,0,0,0
2017-04-08,0,0,0
2017-04-08,0,0,0
2017-04-08,0,0,0
2017-04-08,1,0,1
2017-04-08,0,0,0
2017-04-08,0,0,0
2017-04-08,0,0,0
2017-04-08,6,5,1
2017-04-08,5,5,0
2017-04-08,4,4,0
2017-04-08,7,6,1
2017-04-08,5,5,0
2017-04-08,4,3,1
2017-04-08,2,1,1
2017-04-08,5,3,2
2017-04-08,10,4,6
2017-04-08,7,6,1
2017-04-08,2,1,1
2017-04-08,1,1,0
2017-04-08,1,0,1
2017-04-08,0,0,0
2017-04-08,1,0,1
2017-04-09,1,1,0
2017-04-09,0,0,0
2017-04-09,0,0,0
2017-04-09,0,0,0
2017-04-09,0,0,0
2017-04-09,0,0,0
2017-04-09,2,0,2
2017-04-09,0,0,0
2017-04-09,1,1,0
2017-04-09,3,2,1
2017-04-09,7,6,1
2017-04-09,10,4,6
2017-04-09,8,4,4
2017-04-09,4,2,2
2017-04-09,5,4,1
2017-04-09,3,0,3
2017-04-09,10,8,2
2017-04-09,11,9,2
2017-04-09,5,4,1
2017-04-09,3,3,0
2017-04-09,2,1,1
2017-04-09,2,2,0
2017-04-09,1,1,0
2017-04-09,0,0,0
2017-04-10,0,0,0
2017-04-10,0,0,0
2017-04-10,0,0,0
2017-04-10,0,0,0
2017-04-10,0,0,0
2017-04-10,0,0,0
2017-04-10,0,0,0
2017-04-10,3,3,0
2017-04-10,2,2,0
2017-04-10,6,5,1
2017-04-10,1,1,0
2017-04-10,3,2,1
2017-04-10,1,1,0
2017-04-10,0,0,0
2017-04-10,7,4,3
2017-04-10,3,0,3
2017-04-10,1,1,0
2017-04-10,1,0,1
2017-04-10,1,0,1
2017-04-10,5,4,1
2017-04-10,5,4,1
2017-04-10,0,0,0
2017-04-10,3,3,0
2017-04-10,0,0,0
2017-04-11,1,1,0
2017-04-11,0,0,0
2017-04-11,0,0,0
2017-04-11,0,0,0
2017-04-11,0,0,0
2017-04-11,1,1,0
2017-04-11,0,0,0
2017-04-11,2,2,0
2017-04-11,2,1,1
2017-04-11,9,7,2
2017-04-11,2,2,0
2017-04-11,5,5,0
2017-04-11,1,1,0
2017-04-11,4,2,2
2017-04-11,4,4,0
2017-04-11,1,0,1
2017-04-11,3,1,2
2017-04-11,2,1,1
2017-04-11,3,2,1
2017-04-11,0,0,0
2017-04-11,1,1,0
2017-04-11,2,1,1
2017-04-11,2,1,1
2017-04-11,1,1,0
2017-04-12,0,0,0
2017-04-12,0,0,0
2017-04-12,0,0,0
2017-04-12,0,0,0
2017-04-12,0,0,0
2017-04-12,1,1,0
2017-04-12,2,0,2
2017-04-12,2,2,0
2017-04-12,2,1,1
2017-04-12,3,2,1
2017-04-12,4,1,3
2017-04-12,5,3,2
2017-04-12,3,3,0
2017-04-12,1,0,1
2017-04-12,1,1,0
2017-04-12,5,3,2
2017-04-12,3,3,0
2017-04-12,10,6,4
2017-04-12,7,3,4
2017-04-12,3,0,3
2017-04-12,1,1,0
2017-04-12,0,0,0
2017-04-12,1,0,1
2017-04-12,0,0,0
2017-04-13,0,0,0
2017-04-13,0,0,0
2017-04-13,1,0,1
2017-04-13,0,0,0
2017-04-13,0,0,0
2017-04-13,0,0,0
2017-04-13,0,0,0
2017-04-13,9,4,5
2017-04-13,4,0,4
2017-04-13,3,0,3
2017-04-13,6,0,6
2017-04-13,5,3,2
2017-04-13,4,4,0
2017-04-13,7,3,4
2017-04-13,14,2,12
2017-04-13,5,1,4
2017-04-13,10,0,10
2017-04-13,15,0,15
2017-04-13,14,0,14
2017-04-13,12,5,7
2017-04-13,10,1,9
2017-04-13,12,5,7
2017-04-13,9,0,9
2017-04-13,3,0,3
2017-04-14,1,0,1
2017-04-14,1,0,1
2017-04-14,0,0,0
2017-04-14,0,0,0
2017-04-14,0,0,0
2017-04-14,0,0,0
2017-04-14,3,0,3
2017-04-14,3,1,2
2017-04-14,6,1,5
2017-04-14,6,0,6
2017-04-14,7,2,5
2017-04-14,6,2,4
2017-04-14,3,0,3
2017-04-14,2,1,1
2017-04-14,5,0,5
2017-04-14,8,1,7
2017-04-14,12,5,7
2017-04-14,12,2,10
2017-04-14,10,1,9
2017-04-14,3,0,3
2017-04-14,9,1,8
2017-04-14,1,0,1
2017-04-14,3,1,2
2017-04-14,3,1,2
2017-04-15,2,1,1
2017-04-15,4,3,1
2017-04-15,0,0,0
2017-04-15,1,0,1
2017-04-15,0,0,0
2017-04-15,0,0,0
2017-04-15,1,1,0
2017-04-15,2,2,0
2017-04-15,4,3,1
2017-04-15,10,4,6
2017-04-15,1,0,1
2017-04-15,6,5,1
2017-04-15,5,0,5
2017-04-15,5,2,3
2017-04-15,9,4,5
2017-04-15,3,0,3
2017-04-15,1,0,1
2017-04-15,6,1,5
2017-04-15,6,2,4
2017-04-15,9,1,8
2017-04-15,1,1,0
2017-04-15,0,0,0
2017-04-15,0,0,0
2017-04-15,0,0,0
2017-04-16,0,0,0
2017-04-16,0,0,0
2017-04-16,0,0,0
2017-04-16,0,0,0
2017-04-16,0,0,0
2017-04-16,0,0,0
2017-04-16,0,0,0
2017-04-16,0,0,0
2017-04-16,0,0,0
2017-04-16,0,0,0
2017-04-16,1,1,0
2017-04-16,7,2,5
2017-04-16,5,3,2
2017-04-16,4,2,2
2017-04-16,6,2,4
2017-04-16,5,4,1
2017-04-16,3,2,1
2017-04-16,3,1,2
2017-04-16,2,0,2
2017-04-16,2,0,2
2017-04-16,5,3,2
2017-04-16,2,0,2
2017-04-16,0,0,0
2017-04-16,0,0,0
2017-04-17,0,0,0
2017-04-17,0,0,0
2017-04-17,0,0,0
2017-04-17,0,0,0
2017-04-17,0,0,0
2017-04-17,0,0,0
2017-04-17,0,0,0
2017-04-17,1,1,0
2017-04-17,3,0,3
2017-04-17,3,3,0
2017-04-17,2,0,2
2017-04-17,3,1,2
2017-04-17,3,2,1
2017-04-17,5,3,2
2017-04-17,2,2,0
2017-04-17,5,1,4
2017-04-17,6,5,1
2017-04-17,7,3,4
2017-04-17,7,1,6
2017-04-17,4,1,3
2017-04-17,2,0,2
2017-04-17,4,0,4
2017-04-17,2,0,2
2017-04-17,2,0,2
2017-04-18,0,0,0
2017-04-18,1,0,1
2017-04-18,1,0,1
2017-04-18,0,0,0
2017-04-18,2,0,2
2017-04-18,1,0,1
2017-04-18,2,0,2
2017-04-18,1,0,1
2017-04-18,4,2,2
2017-04-18,6,2,4
2017-04-18,1,0,1
2017-04-18,1,1,0
2017-04-18,4,1,3
2017-04-18,1,1,0
2017-04-18,2,1,1
2017-04-18,4,2,2
2017-04-18,0,0,0
2017-04-18,3,2,1
2017-04-18,0,0,0
2017-04-18,0,0,0
2017-04-18,2,2,0
2017-04-18,1,0,1
2017-04-18,1,0,1
2017-04-18,0,0,0
2017-04-19,0,0,0
2017-04-19,0,0,0
2017-04-19,0,0,0
2017-04-19,0,0,0
2017-04-19,1,0,1
2017-04-19,3,0,3
2017-04-19,4,0,4
2017-04-19,8,6,2
2017-04-19,10,2,8
2017-04-19,5,2,3
2017-04-19,2,1,1
2017-04-19,6,0,6
2017-04-19,2,1,1
2017-04-19,3,1,2
2017-04-19,1,1,0
2017-04-19,5,3,2
2017-04-19,9,3,6
2017-04-19,14,4,10
2017-04-19,4,2,2
2017-04-19,12,2,10
2017-04-19,5,0,5
2017-04-19,3,1,2
2017-04-19,3,0,3
2017-04-19,2,0,2
2017-04-20,1,0,1
2017-04-20,0,0,0
2017-04-20,0,0,0
2017-04-20,0,0,0
2017-04-20,1,0,1
2017-04-20,1,1,0
2017-04-20,5,1,4
2017-04-20,4,2,2
2017-04-20,3,2,1
2017-04-20,8,2,6
2017-04-20,4,0,4
2017-04-20,0,0,0
2017-04-20,5,3,2
2017-04-20,3,0,3
2017-04-20,0,0,0
2017-04-20,4,1,3
2017-04-20,10,3,7
2017-04-20,17,5,12
2017-04-20,14,5,9
2017-04-20,1,0,1
2017-04-20,7,2,5
2017-04-20,3,0,3
2017-04-20,0,0,0
2017-04-20,1,0,1
2017-04-21,3,0,3
2017-04-21,1,0,1
2017-04-21,1,0,1
2017-04-21,0,0,0
2017-04-21,0,0,0
2017-04-21,1,0,1
2017-04-21,5,2,3
2017-04-21,6,2,4
2017-04-21,3,0,3
2017-04-21,5,0,5
2017-04-21,4,0,4
2017-04-21,3,1,2
2017-04-21,0,0,0
2017-04-21,0,0,0
2017-04-21,0,0,0
2017-04-21,0,0,0
2017-04-21,0,0,0
2017-04-21,0,0,0
2017-04-21,0,0,0
2017-04-21,0,0,0
2017-04-21,0,0,0
2017-04-21,0,0,0
2017-04-21,0,0,0
2017-04-21,0,0,0
2017-04-22,0,0,0
2017-04-22,0,0,0
2017-04-22,0,0,0
2017-04-22,0,0,0
2017-04-22,0,0,0
2017-04-22,0,0,0
2017-04-22,0,0,0
2017-04-22,0,0,0
2017-04-22,0,0,0
2017-04-22,0,0,0
2017-04-22,0,0,0
2017-04-22,0,0,0
2017-04-22,0,0,0
2017-04-22,0,0,0
2017-04-22,0,0,0
2017-04-22,0,0,0
2017-04-22,0,0,0
2017-04-22,0,0,0
2017-04-22,0,0,0
2017-04-22,0,0,0
2017-04-22,0,0,0
2017-04-22,0,0,0
2017-04-22,0,0,0
2017-04-22,0,0,0
2017-04-23,0,0,0
2017-04-23,0,0,0
2017-04-23,0,0,0
2017-04-23,0,0,0
2017-04-23,0,0,0
2017-04-23,0,0,0
2017-04-23,0,0,0
2017-04-23,0,0,0
2017-04-23,0,0,0
2017-04-23,0,0,0
2017-04-23,0,0,0
2017-04-23,0,0,0
2017-04-23,0,0,0
2017-04-23,0,0,0
2017-04-23,0,0,0
2017-04-23,0,0,0
2017-04-23,0,0,0
2017-04-23,0,0,0
2017-04-23,0,0,0
2017-04-23,0,0,0
2017-04-23,0,0,0
2017-04-23,0,0,0
2017-04-23,0,0,0
2017-04-23,0,0,0
2017-04-24,0,0,0
2017-04-24,0,0,0
2017-04-24,0,0,0
2017-04-24,0,0,0
2017-04-24,0,0,0
2017-04-24,0,0,0
2017-04-24,0,0,0
2017-04-24,0,0,0
2017-04-24,0,0,0
2017-04-24,0,0,0
2017-04-24,0,0,0
2017-04-24,0,0,0
2017-04-24,0,0,0
2017-04-24,0,0,0
2017-04-24,0,0,0
2017-04-24,0,0,0
2017-04-24,0,0,0
2017-04-24,0,0,0
2017-04-24,0,0,0
2017-04-24,0,0,0
2017-04-24,0,0,0
2017-04-24,0,0,0
2017-04-24,0,0,0
2017-04-24,0,0,0
2017-04-25,0,0,0
2017-04-25,0,0,0
2017-04-25,0,0,0
2017-04-25,0,0,0
2017-04-25,0,0,0
2017-04-25,0,0,0
2017-04-25,0,0,0
2017-04-25,0,0,0
2017-04-25,0,0,0
2017-04-25,0,0,0
2017-04-25,0,0,0
2017-04-25,0,0,0
2017-04-25,4,3,1
2017-04-25,7,6,1
2017-04-25,9,5,4
2017-04-25,7,3,4
2017-04-25,7,1,6
2017-04-25,14,7,7
2017-04-25,9,8,1
2017-04-25,5,3,2
2017-04-25,8,4,4
2017-04-25,4,2,2
2017-04-25,0,0,0
2017-04-25,2,0,2
2017-04-26,0,0,0
2017-04-26,1,0,1
2017-04-26,1,1,0
2017-04-26,1,1,0
2017-04-26,0,0,0
2017-04-26,1,1,0
2017-04-26,3,2,1
2017-04-26,11,4,7
2017-04-26,4,3,1
2017-04-26,6,2,4
2017-04-26,5,4,1
2017-04-26,8,5,3
2017-04-26,2,1,1
2017-04-26,3,1,2
2017-04-26,4,1,3
2017-04-26,5,0,5
2017-04-26,6,2,4
2017-04-26,15,9,6
2017-04-26,10,8,2
2017-04-26,6,2,4
2017-04-26,5,3,2
2017-04-26,3,0,3
2017-04-26,3,2,1
2017-04-26,0,0,0
2017-04-27,0,0,0
2017-04-27,0,0,0
2017-04-27,0,0,0
2017-04-27,0,0,0
2017-04-27,0,0,0
2017-04-27,0,0,0
2017-04-27,4,1,3
2017-04-27,3,0,3
2017-04-27,7,3,4
2017-04-27,3,1,2
2017-04-27,10,7,3
2017-04-27,10,5,5
2017-04-27,10,5,5
2017-04-27,9,2,7
2017-04-27,8,6,2
2017-04-27,10,7,3
2017-04-27,11,8,3
2017-04-27,9,4,5
2017-04-27,14,11,3
2017-04-27,5,3,2
2017-04-27,1,1,0
2017-04-27,2,1,1
2017-04-27,0,0,0
2017-04-27,3,1,2
2017-04-28,1,1,0
2017-04-28,0,0,0
2017-04-28,1,1,0
2017-04-28,0,0,0
2017-04-28,0,0,0
2017-04-28,0,0,0
2017-04-28,3,1,2
2017-04-28,5,1,4
2017-04-28,9,6,3
2017-04-28,3,2,1
2017-04-28,2,0,2
2017-04-28,7,2,5
2017-04-28,11,5,6
2017-04-28,4,3,1
2017-04-28,0,0,0
2017-04-28,0,0,0
2017-04-28,0,0,0
2017-04-28,0,0,0
2017-04-28,0,0,0
2017-04-28,0,0,0
2017-04-28,0,0,0
2017-04-28,0,0,0
2017-04-28,0,0,0
2017-04-28,1,0,1
2017-04-29,0,0,0
2017-04-29,0,0,0
2017-04-29,0,0,0
2017-04-29,0,0,0
2017-04-29,0,0,0
2017-04-29,0,0,0
2017-04-29,0,0,0
2017-04-29,0,0,0
2017-04-29,0,0,0
2017-04-29,0,0,0
2017-04-29,0,0,0
2017-04-29,0,0,0
2017-04-29,0,0,0
2017-04-29,0,0,0
2017-04-29,0,0,0
2017-04-29,0,0,0
2017-04-29,0,0,0
2017-04-29,0,0,0
2017-04-29,0,0,0
2017-04-29,0,0,0
2017-04-29,0,0,0
2017-04-29,0,0,0
2017-04-29,0,0,0
2017-04-29,0,0,0
2017-04-30,0,0,0
2017-04-30,0,0,0
2017-04-30,0,0,0
2017-04-30,0,0,0
2017-04-30,0,0,0
2017-04-30,0,0,0
2017-04-30,0,0,0
2017-04-30,0,0,0
2017-04-30,0,0,0
2017-04-30,0,0,0
2017-04-30,0,0,0
2017-04-30,0,0,0
2017-04-30,0,0,0
2017-04-30,0,0,0
2017-04-30,0,0,0
2017-04-30,0,0,0
2017-04-30,0,0,0
2017-04-30,0,0,0
2017-04-30,0,0,0
2017-04-30,0,0,0
2017-04-30,0,0,0
2017-04-30,0,0,0
2017-04-30,0,0,0
2017-04-30,0,0,0
2017-05-01,0,0,0
2017-05-01,0,0,0
2017-05-01,0,0,0
2017-05-01,0,0,0
2017-05-01,0,0,0
2017-05-01,0,0,0
2017-05-01,0,0,0
2017-05-01,0,0,0
2017-05-01,0,0,0
2017-05-01,0,0,0
2017-05-01,1,0,1
2017-05-01,0,0,0
2017-05-01,0,0,0
2017-05-01,0,0,0
2017-05-01,0,0,0
2017-05-01,0,0,0
2017-05-01,0,0,0
2017-05-01,0,0,0
2017-05-01,0,0,0
2017-05-01,0,0,0
2017-05-01,0,0,0
2017-05-01,0,0,0
2017-05-01,0,0,0
2017-05-01,0,0,0
2017-05-02,0,0,0
2017-05-02,0,0,0
2017-05-02,0,0,0
2017-05-02,0,0,0
2017-05-02,0,0,0
2017-05-02,0,0,0
2017-05-02,0,0,0
2017-05-02,0,0,0
2017-05-02,0,0,0
2017-05-02,0,0,0
2017-05-02,0,0,0
2017-05-02,0,0,0
2017-05-02,0,0,0
2017-05-02,0,0,0
2017-05-02,0,0,0
2017-05-02,0,0,0
2017-05-02,0,0,0
2017-05-02,0,0,0
2017-05-02,0,0,0
2017-05-02,0,0,0
2017-05-02,0,0,0
2017-05-02,0,0,0
2017-05-02,0,0,0
2017-05-02,0,0,0
2017-05-03,0,0,0
2017-05-03,0,0,0
2017-05-03,0,0,0
2017-05-03,0,0,0
2017-05-03,0,0,0
2017-05-03,0,0,0
2017-05-03,0,0,0
2017-05-03,0,0,0
2017-05-03,0,0,0
2017-05-03,0,0,0
2017-05-03,0,0,0
2017-05-03,0,0,0
2017-05-03,0,0,0
2017-05-03,4,1,3
2017-05-03,11,7,4
2017-05-03,13,8,5
2017-05-03,14,11,3
2017-05-03,25,14,11
2017-05-03,20,13,7
2017-05-03,31,16,15
2017-05-03,7,4,3
2017-05-03,9,4,5
2017-05-03,6,0,6
2017-05-03,2,1,1
2017-05-04,0,0,0
2017-05-04,0,0,0
2017-05-04,1,0,1
2017-05-04,0,0,0
2017-05-04,0,0,0
2017-05-04,1,0,1
2017-05-04,4,1,3
2017-05-04,8,2,6
2017-05-04,10,6,4
2017-05-04,14,10,4
2017-05-04,10,4,6
2017-05-04,12,5,7
2017-05-04,18,7,11
2017-05-04,17,7,10
2017-05-04,14,6,8
2017-05-04,22,5,17
2017-05-04,14,3,11
2017-05-04,11,3,8
2017-05-04,3,2,1
2017-05-04,11,4,7
2017-05-04,10,2,8
2017-05-04,3,1,2
2017-05-04,2,1,1
2017-05-04,1,0,1
2017-05-05,0,0,0
2017-05-05,0,0,0
2017-05-05,1,0,1
2017-05-05,0,0,0
2017-05-05,0,0,0
2017-05-05,2,0,2
2017-05-05,4,0,4
2017-05-05,10,3,7
2017-05-05,9,3,6
2017-05-05,,,
2017-05-05,3,2,1
2017-05-05,9,3,6
2017-05-05,8,5,3
2017-05-05,7,2,5
2017-05-05,3,3,0
2017-05-05,8,3,5
2017-05-05,16,10,6
2017-05-05,14,6,8
2017-05-05,12,7,5
2017-05-05,9,7,2
2017-05-05,4,4,0
2017-05-05,5,5,0
2017-05-05,1,0,1
2017-05-05,0,0,0
2017-05-06,0,0,0
2017-05-06,0,0,0
2017-05-06,0,0,0
2017-05-06,0,0,0
2017-05-06,0,0,0
2017-05-06,1,0,1
2017-05-06,2,1,1
2017-05-06,8,5,3
2017-05-06,3,2,1
2017-05-06,11,7,4
2017-05-06,12,6,6
2017-05-06,14,5,9
2017-05-06,21,6,15
2017-05-06,11,4,7
2017-05-06,19,9,10
2017-05-06,22,10,12
2017-05-06,13,7,6
2017-05-06,24,11,13
2017-05-06,6,2,4
2017-05-06,9,7,2
2017-05-06,1,1,0
2017-05-06,2,2,0
2017-05-06,0,0,0
2017-05-06,3,2,1
2017-05-07,1,0,1
2017-05-07,0,0,0
2017-05-07,0,0,0
2017-05-07,0,0,0
2017-05-07,0,0,0
2017-05-07,0,0,0
2017-05-07,1,1,0
2017-05-07,3,0,3
2017-05-07,6,3,3
2017-05-07,6,4,2
2017-05-07,21,5,16
2017-05-07,28,15,13
2017-05-07,14,3,11
2017-05-07,26,16,10
2017-05-07,17,9,8
2017-05-07,22,16,6
2017-05-07,18,10,8
2017-05-07,10,5,5
2017-05-07,11,6,5
2017-05-07,9,2,7
2017-05-07,10,3,7
2017-05-07,2,2,0
2017-05-07,0,0,0
2017-05-07,0,0,0
2017-05-08,0,0,0
2017-05-08,0,0,0
2017-05-08,0,0,0
2017-05-08,0,0,0
2017-05-08,1,1,0
2017-05-08,2,1,1
2017-05-08,4,2,2
2017-05-08,13,6,7
2017-05-08,8,5,3
2017-05-08,8,4,4
2017-05-08,9,7,2
2017-05-08,7,3,4
2017-05-08,7,2,5
2017-05-08,8,7,1
2017-05-08,10,5,5
2017-05-08,11,6,5
2017-05-08,19,11,8
2017-05-08,17,5,12
2017-05-08,15,10,5
2017-05-08,11,7,4
2017-05-08,9,2,7
2017-05-08,2,0,2
2017-05-08,1,0,1
2017-05-08,0,0,0
2017-05-09,0,0,0
2017-05-09,1,1,0
2017-05-09,2,1,1
2017-05-09,0,0,0
2017-05-09,1,0,1
2017-05-09,1,0,1
2017-05-09,4,2,2
2017-05-09,10,5,5
2017-05-09,14,5,9
2017-05-09,8,6,2
2017-05-09,7,5,2
2017-05-09,9,6,3
2017-05-09,5,3,2
2017-05-09,7,4,3
2017-05-09,15,8,7
2017-05-09,13,8,5
2017-05-09,24,12,12
2017-05-09,18,10,8
2017-05-09,16,9,7
2017-05-09,21,7,14
2017-05-09,10,2,8
2017-05-09,2,0,2
2017-05-09,5,2,3
2017-05-09,2,0,2
2017-05-10,3,2,1
2017-05-10,0,0,0
2017-05-10,0,0,0
2017-05-10,1,1,0
2017-05-10,1,1,0
2017-05-10,1,1,0
2017-05-10,3,2,1
2017-05-10,15,5,10
2017-05-10,15,8,7
2017-05-10,10,6,4
2017-05-10,9,7,2
2017-05-10,10,6,4
2017-05-10,6,4,2
2017-05-10,10,6,4
2017-05-10,13,8,5
2017-05-10,13,4,9
2017-05-10,22,13,9
2017-05-10,18,12,6
2017-05-10,15,9,6
2017-05-10,7,4,3
2017-05-10,7,4,3
2017-05-10,3,3,0
2017-05-10,1,0,1
2017-05-10,0,0,0
2017-05-11,0,0,0
2017-05-11,0,0,0
2017-05-11,0,0,0
2017-05-11,0,0,0
2017-05-11,1,0,1
2017-05-11,0,0,0
2017-05-11,3,1,2
2017-05-11,3,1,2
2017-05-11,8,5,3
2017-05-11,2,1,1
2017-05-11,5,2,3
2017-05-11,3,1,2
2017-05-11,4,0,4
2017-05-11,3,2,1
2017-05-11,6,1,5
2017-05-11,6,3,3
2017-05-11,10,6,4
2017-05-11,11,5,6
2017-05-11,17,10,7
2017-05-11,5,2,3
2017-05-11,1,1,0
2017-05-11,2,1,1
2017-05-11,0,0,0
2017-05-11,0,0,0
2017-05-12,0,0,0
2017-05-12,1,1,0
2017-05-12,1,0,1
2017-05-12,0,0,0
2017-05-12,0,0,0
2017-05-12,1,0,1
2017-05-12,4,3,1
2017-05-12,6,3,3
2017-05-12,11,7,4
2017-05-12,0,0,0
2017-05-12,0,0,0
2017-05-12,0,0,0
2017-05-12,0,0,0
2017-05-12,0,0,0
2017-05-12,0,0,0
2017-05-12,1,1,0
2017-05-12,0,0,0
2017-05-12,0,0,0
2017-05-12,0,0,0
2017-05-12,0,0,0
2017-05-12,0,0,0
2017-05-12,0,0,0
2017-05-12,0,0,0
2017-05-12,0,0,0
2017-05-13,0,0,0
2017-05-13,0,0,0
2017-05-13,0,0,0
2017-05-13,0,0,0
2017-05-13,0,0,0
2017-05-13,0,0,0
2017-05-13,0,0,0
2017-05-13,0,0,0
2017-05-13,0,0,0
2017-05-13,0,0,0
2017-05-13,0,0,0
2017-05-13,0,0,0
2017-05-13,0,0,0
2017-05-13,0,0,0
2017-05-13,0,0,0
2017-05-13,1,0,1
2017-05-13,1,0,1
2017-05-13,0,0,0
2017-05-13,0,0,0
2017-05-13,0,0,0
2017-05-13,0,0,0
2017-05-13,0,0,0
2017-05-13,1,1,0
2017-05-13,0,0,0
2017-05-14,0,0,0
2017-05-14,0,0,0
2017-05-14,0,0,0
2017-05-14,0,0,0
2017-05-14,0,0,0
2017-05-14,0,0,0
2017-05-14,0,0,0
2017-05-14,0,0,0
2017-05-14,0,0,0
2017-05-14,0,0,0
2017-05-14,0,0,0
2017-05-14,0,0,0
2017-05-14,0,0,0
2017-05-14,0,0,0
2017-05-14,0,0,0
2017-05-14,0,0,0
2017-05-14,0,0,0
2017-05-14,0,0,0
2017-05-14,1,0,1
2017-05-14,0,0,0
2017-05-14,0,0,0
2017-05-14,0,0,0
2017-05-14,0,0,0
2017-05-14,0,0,0
2017-05-15,0,0,0
2017-05-15,0,0,0
2017-05-15,0,0,0
2017-05-15,0,0,0
2017-05-15,0,0,0
2017-05-15,0,0,0
2017-05-15,1,1,0
2017-05-15,0,0,0
2017-05-15,0,0,0
2017-05-15,0,0,0
2017-05-15,0,0,0
2017-05-15,0,0,0
2017-05-15,0,0,0
2017-05-15,0,0,0
2017-05-15,0,0,0
2017-05-15,0,0,0
2017-05-15,0,0,0
2017-05-15,0,0,0
2017-05-15,0,0,0
2017-05-15,0,0,0
2017-05-15,0,0,0
2017-05-15,0,0,0
2017-05-15,0,0,0
2017-05-15,0,0,0
2017-05-16,0,0,0
2017-05-16,0,0,0
2017-05-16,0,0,0
2017-05-16,0,0,0
2017-05-16,0,0,0
2017-05-16,0,0,0
2017-05-16,0,0,0
2017-05-16,0,0,0
2017-05-16,0,0,0
2017-05-16,0,0,0
2017-05-16,0,0,0
2017-05-16,0,0,0
2017-05-16,0,0,0
2017-05-16,0,0,0
2017-05-16,0,0,0
2017-05-16,0,0,0
2017-05-16,0,0,0
2017-05-16,0,0,0
2017-05-16,0,0,0
2017-05-16,0,0,0
2017-05-16,0,0,0
2017-05-16,0,0,0
2017-05-16,0,0,0
2017-05-16,0,0,0
2017-05-17,0,0,0
2017-05-17,0,0,0
2017-05-17,0,0,0
2017-05-17,0,0,0
2017-05-17,0,0,0
2017-05-17,0,0,0
2017-05-17,0,0,0
2017-05-17,0,0,0
2017-05-17,0,0,0
2017-05-17,0,0,0
2017-05-17,0,0,0
2017-05-17,0,0,0
2017-05-17,0,0,0
2017-05-17,0,0,0
2017-05-17,0,0,0
2017-05-17,0,0,0
2017-05-17,0,0,0
2017-05-17,0,0,0
2017-05-17,0,0,0
2017-05-17,0,0,0
2017-05-17,0,0,0
2017-05-17,0,0,0
2017-05-17,0,0,0
2017-05-17,0,0,0
2017-05-18,0,0,0
2017-05-18,0,0,0
2017-05-18,0,0,0
2017-05-18,0,0,0
2017-05-18,0,0,0
2017-05-18,0,0,0
2017-05-18,0,0,0
2017-05-18,0,0,0
2017-05-18,0,0,0
2017-05-18,0,0,0
2017-05-18,0,0,0
2017-05-18,0,0,0
2017-05-18,0,0,0
2017-05-18,0,0,0
2017-05-18,0,0,0
2017-05-18,0,0,0
2017-05-18,0,0,0
2017-05-18,0,0,0
2017-05-18,0,0,0
2017-05-18,0,0,0
2017-05-18,0,0,0
2017-05-18,0,0,0
2017-05-18,0,0,0
2017-05-18,0,0,0
2017-05-19,0,0,0
2017-05-19,0,0,0
2017-05-19,0,0,0
2017-05-19,0,0,0
2017-05-19,0,0,0
2017-05-19,0,0,0
2017-05-19,0,0,0
2017-05-19,0,0,0
2017-05-19,0,0,0
2017-05-19,0,0,0
2017-05-19,0,0,0
2017-05-19,0,0,0
2017-05-19,0,0,0
2017-05-19,0,0,0
2017-05-19,0,0,0
2017-05-19,0,0,0
2017-05-19,0,0,0
2017-05-19,0,0,0
2017-05-19,0,0,0
2017-05-19,0,0,0
2017-05-19,0,0,0
2017-05-19,0,0,0
2017-05-19,0,0,0
2017-05-19,0,0,0
2017-05-20,0,0,0
2017-05-20,0,0,0
2017-05-20,0,0,0
2017-05-20,0,0,0
2017-05-20,0,0,0
2017-05-20,0,0,0
2017-05-20,0,0,0
2017-05-20,0,0,0
2017-05-20,0,0,0
2017-05-20,0,0,0
2017-05-20,0,0,0
2017-05-20,0,0,0
2017-05-20,0,0,0
2017-05-20,0,0,0
2017-05-20,0,0,0
2017-05-20,0,0,0
2017-05-20,0,0,0
2017-05-20,0,0,0
2017-05-20,0,0,0
2017-05-20,0,0,0
2017-05-20,0,0,0
2017-05-20,0,0,0
2017-05-20,0,0,0
2017-05-20,0,0,0
2017-05-21,0,0,0
2017-05-21,0,0,0
2017-05-21,0,0,0
2017-05-21,0,0,0
2017-05-21,0,0,0
2017-05-21,0,0,0
2017-05-21,0,0,0
2017-05-21,0,0,0
2017-05-21,0,0,0
2017-05-21,0,0,0
2017-05-21,0,0,0
2017-05-21,0,0,0
2017-05-21,0,0,0
2017-05-21,0,0,0
2017-05-21,0,0,0
2017-05-21,0,0,0
2017-05-21,0,0,0
2017-05-21,0,0,0
2017-05-21,0,0,0
2017-05-21,0,0,0
2017-05-21,0,0,0
2017-05-21,0,0,0
2017-05-21,0,0,0
2017-05-21,0,0,0
2017-05-22,0,0,0
2017-05-22,0,0,0
2017-05-22,0,0,0
2017-05-22,0,0,0
2017-05-22,0,0,0
2017-05-22,0,0,0
2017-05-22,0,0,0
2017-05-22,0,0,0
2017-05-22,0,0,0
2017-05-22,0,0,0
2017-05-22,0,0,0
2017-05-22,0,0,0
2017-05-22,0,0,0
2017-05-22,0,0,0
2017-05-22,0,0,0
2017-05-22,0,0,0
2017-05-22,0,0,0
2017-05-22,0,0,0
2017-05-22,0,0,0
2017-05-22,0,0,0
2017-05-22,0,0,0
2017-05-22,0,0,0
2017-05-22,0,0,0
2017-05-22,0,0,0
2017-05-23,0,0,0
2017-05-23,0,0,0
2017-05-23,0,0,0
2017-05-23,0,0,0
2017-05-23,0,0,0
2017-05-23,0,0,0
2017-05-23,0,0,0
2017-05-23,0,0,0
2017-05-23,0,0,0
2017-05-23,0,0,0
2017-05-23,0,0,0
2017-05-23,0,0,0
2017-05-23,0,0,0
2017-05-23,0,0,0
2017-05-23,0,0,0
2017-05-23,0,0,0
2017-05-23,0,0,0
2017-05-23,0,0,0
2017-05-23,0,0,0
2017-05-23,0,0,0
2017-05-23,0,0,0
2017-05-23,0,0,0
2017-05-23,0,0,0
2017-05-23,0,0,0
2017-05-24,0,0,0
2017-05-24,0,0,0
2017-05-24,0,0,0
2017-05-24,0,0,0
2017-05-24,0,0,0
2017-05-24,0,0,0
2017-05-24,0,0,0
2017-05-24,0,0,0
2017-05-24,0,0,0
2017-05-24,0,0,0
2017-05-24,0,0,0
2017-05-24,0,0,0
2017-05-24,0,0,0
2017-05-24,0,0,0
2017-05-24,0,0,0
2017-05-24,0,0,0
2017-05-24,0,0,0
2017-05-24,1,1,0
2017-05-24,0,0,0
2017-05-24,0,0,0
2017-05-24,0,0,0
2017-05-24,0,0,0
2017-05-24,0,0,0
2017-05-24,0,0,0
2017-05-25,0,0,0
2017-05-25,0,0,0
2017-05-25,0,0,0
2017-05-25,0,0,0
2017-05-25,0,0,0
2017-05-25,0,0,0
2017-05-25,0,0,0
2017-05-25,0,0,0
2017-05-25,0,0,0
2017-05-25,0,0,0
2017-05-25,0,0,0
2017-05-25,0,0,0
2017-05-25,0,0,0
2017-05-25,0,0,0
2017-05-25,0,0,0
2017-05-25,0,0,0
2017-05-25,0,0,0
2017-05-25,0,0,0
2017-05-25,0,0,0
2017-05-25,0,0,0
2017-05-25,0,0,0
2017-05-25,0,0,0
2017-05-25,0,0,0
2017-05-25,0,0,0
2017-05-26,0,0,0
2017-05-26,0,0,0
2017-05-26,0,0,0
2017-05-26,0,0,0
2017-05-26,0,0,0
2017-05-26,0,0,0
2017-05-26,0,0,0
2017-05-26,0,0,0
2017-05-26,0,0,0
2017-05-26,0,0,0
2017-05-26,0,0,0
2017-05-26,0,0,0
2017-05-26,2,1,1
2017-05-26,0,0,0
2017-05-26,0,0,0
2017-05-26,0,0,0
2017-05-26,0,0,0
2017-05-26,0,0,0
2017-05-26,0,0,0
2017-05-26,0,0,0
2017-05-26,0,0,0
2017-05-26,0,0,0
2017-05-26,0,0,0
2017-05-26,0,0,0
2017-05-27,0,0,0
2017-05-27,0,0,0
2017-05-27,0,0,0
2017-05-27,0,0,0
2017-05-27,0,0,0
2017-05-27,0,0,0
2017-05-27,0,0,0
2017-05-27,0,0,0
2017-05-27,0,0,0
2017-05-27,0,0,0
2017-05-27,0,0,0
2017-05-27,0,0,0
2017-05-27,0,0,0
2017-05-27,0,0,0
2017-05-27,0,0,0
2017-05-27,0,0,0
2017-05-27,0,0,0
2017-05-27,0,0,0
2017-05-27,0,0,0
2017-05-27,0,0,0
2017-05-27,0,0,0
2017-05-27,0,0,0
2017-05-27,0,0,0
2017-05-27,0,0,0
2017-05-28,0,0,0
2017-05-28,0,0,0
2017-05-28,0,0,0
2017-05-28,0,0,0
2017-05-28,0,0,0
2017-05-28,0,0,0
2017-05-28,0,0,0
2017-05-28,0,0,0
2017-05-28,0,0,0
2017-05-28,0,0,0
2017-05-28,0,0,0
2017-05-28,0,0,0
2017-05-28,0,0,0
2017-05-28,0,0,0
2017-05-28,0,0,0
2017-05-28,0,0,0
2017-05-28,0,0,0
2017-05-28,0,0,0
2017-05-28,0,0,0
2017-05-28,0,0,0
2017-05-28,0,0,0
2017-05-28,0,0,0
2017-05-28,0,0,0
2017-05-28,0,0,0
2017-05-29,0,0,0
2017-05-29,0,0,0
2017-05-29,0,0,0
2017-05-29,0,0,0
2017-05-29,0,0,0
2017-05-29,0,0,0
2017-05-29,0,0,0
2017-05-29,0,0,0
2017-05-29,0,0,0
2017-05-29,0,0,0
2017-05-29,0,0,0
2017-05-29,0,0,0
2017-05-29,0,0,0
2017-05-29,0,0,0
2017-05-29,0,0,0
2017-05-29,0,0,0
2017-05-29,0,0,0
2017-05-29,0,0,0
2017-05-29,0,0,0
2017-05-29,0,0,0
2017-05-29,0,0,0
2017-05-29,0,0,0
2017-05-29,0,0,0
2017-05-29,0,0,0
2017-05-30,0,0,0
2017-05-30,0,0,0
2017-05-30,0,0,0
2017-05-30,0,0,0
2017-05-30,0,0,0
2017-05-30,0,0,0
2017-05-30,0,0,0
2017-05-30,0,0,0
2017-05-30,0,0,0
2017-05-30,0,0,0
2017-05-30,0,0,0
2017-05-30,0,0,0
2017-05-30,0,0,0
2017-05-30,0,0,0
2017-05-30,0,0,0
2017-05-30,0,0,0
2017-05-30,0,0,0
2017-05-30,0,0,0
2017-05-30,0,0,0
2017-05-30,0,0,0
2017-05-30,0,0,0
2017-05-30,0,0,0
2017-05-30,0,0,0
2017-05-30,0,0,0
2017-05-31,0,0,0
2017-05-31,0,0,0
2017-05-31,0,0,0
2017-05-31,0,0,0
2017-05-31,0,0,0
2017-05-31,0,0,0
2017-05-31,0,0,0
2017-05-31,0,0,0
2017-05-31,0,0,0
2017-05-31,0,0,0
2017-05-31,0,0,0
2017-05-31,0,0,0
2017-05-31,0,0,0
2017-05-31,0,0,0
2017-05-31,0,0,0
2017-05-31,0,0,0
2017-05-31,0,0,0
2017-05-31,0,0,0
2017-05-31,0,0,0
2017-05-31,0,0,0
2017-05-31,0,0,0
2017-05-31,0,0,0
2017-05-31,0,0,0
2017-05-31,0,0,0
2017-06-01,0,0,0
2017-06-01,0,0,0
2017-06-01,0,0,0
2017-06-01,0,0,0
2017-06-01,0,0,0
2017-06-01,0,0,0
2017-06-01,0,0,0
2017-06-01,0,0,0
2017-06-01,0,0,0
2017-06-01,0,0,0
2017-06-01,0,0,0
2017-06-01,0,0,0
2017-06-01,0,0,0
2017-06-01,0,0,0
2017-06-01,0,0,0
2017-06-01,0,0,0
2017-06-01,0,0,0
2017-06-01,0,0,0
2017-06-01,0,0,0
2017-06-01,0,0,0
2017-06-01,0,0,0
2017-06-01,0,0,0
2017-06-01,0,0,0
2017-06-01,0,0,0
2017-06-02,0,0,0
2017-06-02,0,0,0
2017-06-02,0,0,0
2017-06-02,0,0,0
2017-06-02,0,0,0
2017-06-02,0,0,0
2017-06-02,0,0,0
2017-06-02,0,0,0
2017-06-02,0,0,0
2017-06-02,0,0,0
2017-06-02,0,0,0
2017-06-02,0,0,0
2017-06-02,0,0,0
2017-06-02,3,1,2
2017-06-02,10,1,9
2017-06-02,15,11,4
2017-06-02,18,9,9
2017-06-02,21,11,10
2017-06-02,11,8,3
2017-06-02,10,9,1
2017-06-02,3,2,1
2017-06-02,4,2,2
2017-06-02,1,0,1
2017-06-02,4,1,3
2017-06-03,0,0,0
2017-06-03,2,1,1
2017-06-03,0,0,0
2017-06-03,0,0,0
2017-06-03,0,0,0
2017-06-03,0,0,0
2017-06-03,3,2,1
2017-06-03,6,3,3
2017-06-03,2,1,1
2017-06-03,15,7,8
2017-06-03,12,4,8
2017-06-03,15,5,10
2017-06-03,10,6,4
2017-06-03,13,8,5
2017-06-03,15,8,7
2017-06-03,22,13,9
2017-06-03,8,2,6
2017-06-03,9,9,0
2017-06-03,8,4,4
2017-06-03,6,4,2
2017-06-03,3,2,1
2017-06-03,5,2,3
2017-06-03,0,0,0
2017-06-03,0,0,0
2017-06-04,0,0,0
2017-06-04,0,0,0
2017-06-04,0,0,0
2017-06-04,0,0,0
2017-06-04,0,0,0
2017-06-04,1,1,0
2017-06-04,2,2,0
2017-06-04,1,0,1
2017-06-04,8,6,2
2017-06-04,11,8,3
2017-06-04,20,14,6
2017-06-04,15,9,6
2017-06-04,15,10,5
2017-06-04,18,11,7
2017-06-04,19,13,6
2017-06-04,23,12,11
2017-06-04,13,6,7
2017-06-04,13,5,8
2017-06-04,8,5,3
2017-06-04,2,2,0
2017-06-04,3,1,2
2017-06-04,0,0,0
2017-06-04,0,0,0
2017-06-04,0,0,0
2017-06-05,1,1,0
2017-06-05,1,1,0
2017-06-05,0,0,0
2017-06-05,0,0,0
2017-06-05,1,0,1
2017-06-05,3,2,1
2017-06-05,9,5,4
2017-06-05,5,4,1
2017-06-05,8,3,5
2017-06-05,3,2,1
2017-06-05,7,3,4
2017-06-05,4,3,1
2017-06-05,9,6,3
2017-06-05,13,7,6
2017-06-05,11,7,4
2017-06-05,15,6,9
2017-06-05,18,8,10
2017-06-05,21,15,6
2017-06-05,15,11,4
2017-06-05,6,2,4
2017-06-05,5,0,5
2017-06-05,2,0,2
2017-06-05,1,0,1
2017-06-05,0,0,0
2017-06-06,2,0,2
2017-06-06,0,0,0
2017-06-06,0,0,0
2017-06-06,0,0,0
2017-06-06,0,0,0
2017-06-06,2,1,1
2017-06-06,8,4,4
2017-06-06,10,7,3
2017-06-06,9,5,4
2017-06-06,10,8,2
2017-06-06,6,1,5
2017-06-06,8,8,0
2017-06-06,8,1,7
2017-06-06,10,5,5
2017-06-06,11,4,7
2017-06-06,12,3,9
2017-06-06,24,10,14
2017-06-06,22,12,10
2017-06-06,11,5,6
2017-06-06,17,6,11
2017-06-06,6,3,3
2017-06-06,3,0,3
2017-06-06,0,0,0
2017-06-06,2,0,2
2017-06-07,1,0,1
2017-06-07,0,0,0
2017-06-07,0,0,0
2017-06-07,0,0,0
2017-06-07,1,1,0
2017-06-07,4,3,1
2017-06-07,10,4,6
2017-06-07,11,6,5
2017-06-07,10,5,5
2017-06-07,7,4,3
2017-06-07,14,9,5
2017-06-07,9,6,3
2017-06-07,11,6,5
2017-06-07,14,10,4
2017-06-07,12,8,4
2017-06-07,22,13,9
2017-06-07,15,5,10
2017-06-07,16,10,6
2017-06-07,33,10,23
2017-06-07,6,3,3
2017-06-07,5,2,3
2017-06-07,5,1,4
2017-06-07,0,0,0
2017-06-07,1,0,1
2017-06-08,0,0,0
2017-06-08,0,0,0
2017-06-08,0,0,0
2017-06-08,0,0,0
2017-06-08,0,0,0
2017-06-08,2,1,1
2017-06-08,3,1,2
2017-06-08,2,1,1
2017-06-08,6,6,0
2017-06-08,3,2,1
2017-06-08,5,5,0
2017-06-08,7,5,2
2017-06-08,8,4,4
2017-06-08,8,5,3
2017-06-08,6,5,1
2017-06-08,7,2,5
2017-06-08,16,10,6
2017-06-08,25,18,7
2017-06-08,9,8,1
2017-06-08,4,4,0
2017-06-08,4,3,1
2017-06-08,2,1,1
2017-06-08,1,0,1
2017-06-08,0,0,0
2017-06-09,0,0,0
2017-06-09,0,0,0
2017-06-09,0,0,0
2017-06-09,2,2,0
2017-06-09,1,1,0
2017-06-09,5,4,1
2017-06-09,8,3,5
2017-06-09,8,2,6
2017-06-09,4,3,1
2017-06-09,6,6,0
2017-06-09,7,4,3
2017-06-09,11,7,4
2017-06-09,9,5,4
2017-06-09,10,5,5
2017-06-09,6,3,3
2017-06-09,19,12,7
2017-06-09,21,12,9
2017-06-09,14,8,6
2017-06-09,10,6,4
2017-06-09,12,7,5
2017-06-09,4,4,0
2017-06-09,0,0,0
2017-06-09,4,2,2
2017-06-09,0,0,0
2017-06-10,0,0,0
2017-06-10,0,0,0
2017-06-10,0,0,0
2017-06-10,2,1,1
2017-06-10,0,0,0
2017-06-10,0,0,0
2017-06-10,4,3,1
2017-06-10,10,8,2
2017-06-10,13,8,5
2017-06-10,19,16,3
2017-06-10,19,9,10
2017-06-10,17,9,8
2017-06-10,23,17,6
2017-06-10,20,8,12
2017-06-10,24,19,5
2017-06-10,14,7,7
2017-06-10,18,17,1
2017-06-10,16,12,4
2017-06-10,14,7,7
2017-06-10,14,7,7
2017-06-10,4,3,1
2017-06-10,11,6,5
2017-06-10,1,0,1
2017-06-10,0,0,0
2017-06-11,0,0,0
2017-06-11,0,0,0
2017-06-11,1,1,0
2017-06-11,0,0,0
2017-06-11,1,1,0
2017-06-11,0,0,0
2017-06-11,3,3,0
2017-06-11,2,1,1
2017-06-11,9,4,5
2017-06-11,17,13,4
2017-06-11,20,15,5
2017-06-11,25,17,8
2017-06-11,34,25,9
2017-06-11,23,12,11
2017-06-11,19,11,8
2017-06-11,22,15,7
2017-06-11,21,8,13
2017-06-11,14,8,6
2017-06-11,10,4,6
2017-06-11,5,4,1
2017-06-11,8,6,2
2017-06-11,1,1,0
2017-06-11,2,2,0
2017-06-11,1,0,1
2017-06-12,0,0,0
2017-06-12,0,0,0
2017-06-12,0,0,0
2017-06-12,1,0,1
2017-06-12,1,1,0
2017-06-12,5,3,2
2017-06-12,8,4,4
2017-06-12,5,4,1
2017-06-12,14,12,2
2017-06-12,6,4,2
2017-06-12,5,4,1
2017-06-12,4,4,0
2017-06-12,9,8,1
2017-06-12,16,7,9
2017-06-12,10,5,5
2017-06-12,8,5,3
2017-06-12,17,8,9
2017-06-12,15,10,5
2017-06-12,10,5,5
2017-06-12,3,2,1
2017-06-12,2,1,1
2017-06-12,1,0,1
2017-06-12,1,0,1
2017-06-12,2,1,1
2017-06-13,0,0,0
2017-06-13,0,0,0
2017-06-13,1,0,1
2017-06-13,1,1,0
2017-06-13,1,1,0
2017-06-13,5,2,3
2017-06-13,11,4,7
2017-06-13,5,3,2
2017-06-13,8,7,1
2017-06-13,5,3,2
2017-06-13,7,5,2
2017-06-13,6,4,2
2017-06-13,5,3,2
2017-06-13,6,2,4
2017-06-13,8,3,5
2017-06-13,13,9,4
2017-06-13,18,8,10
2017-06-13,14,9,5
2017-06-13,13,7,6
2017-06-13,7,4,3
2017-06-13,4,2,2
2017-06-13,0,0,0
2017-06-13,0,0,0
2017-06-13,1,0,1
2017-06-14,1,0,1
2017-06-14,1,0,1
2017-06-14,0,0,0
2017-06-14,0,0,0
2017-06-14,1,1,0
2017-06-14,1,1,0
2017-06-14,5,2,3
2017-06-14,9,7,2
2017-06-14,9,6,3
2017-06-14,2,2,0
2017-06-14,9,6,3
2017-06-14,5,4,1
2017-06-14,10,4,6
2017-06-14,3,1,2
2017-06-14,7,3,4
2017-06-14,8,4,4
2017-06-14,16,9,7
2017-06-14,18,12,6
2017-06-14,10,4,6
2017-06-14,9,6,3
2017-06-14,1,1,0
2017-06-14,4,1,3
2017-06-14,1,0,1
2017-06-14,1,0,1
2017-06-15,1,1,0
2017-06-15,1,0,1
2017-06-15,0,0,0
2017-06-15,0,0,0
2017-06-15,1,1,0
2017-06-15,3,2,1
2017-06-15,7,3,4
2017-06-15,8,4,4
2017-06-15,2,2,0
2017-06-15,5,5,0
2017-06-15,6,5,1
2017-06-15,7,6,1
2017-06-15,5,5,0
2017-06-15,7,5,2
2017-06-15,4,2,2
2017-06-15,11,10,1
2017-06-15,8,5,3
2017-06-15,7,5,2
2017-06-15,5,1,4
2017-06-15,4,3,1
2017-06-15,2,0,2
2017-06-15,0,0,0
2017-06-15,0,0,0
2017-06-15,1,1,0
2017-06-16,0,0,0
2017-06-16,0,0,0
2017-06-16,0,0,0
2017-06-16,1,1,0
2017-06-16,0,0,0
2017-06-16,4,2,2
2017-06-16,4,3,1
2017-06-16,7,4,3
2017-06-16,9,7,2
2017-06-16,11,7,4
2017-06-16,10,8,2
2017-06-16,4,3,1
2017-06-16,4,4,0
2017-06-16,6,3,3
2017-06-16,12,6,6
2017-06-16,20,13,7
2017-06-16,24,17,7
2017-06-16,13,10,3
2017-06-16,9,7,2
2017-06-16,8,4,4
2017-06-16,4,2,2
2017-06-16,2,1,1
2017-06-16,2,1,1
2017-06-16,2,1,1
2017-06-17,0,0,0
2017-06-17,0,0,0
2017-06-17,0,0,0
2017-06-17,2,1,1
2017-06-17,0,0,0
2017-06-17,1,0,1
2017-06-17,3,3,0
2017-06-17,7,6,1
2017-06-17,9,5,4
2017-06-17,17,10,7
2017-06-17,25,10,15
2017-06-17,13,9,4
2017-06-17,23,11,12
2017-06-17,12,4,8
2017-06-17,28,16,12
2017-06-17,10,8,2
2017-06-17,11,4,7
2017-06-17,4,2,2
2017-06-17,4,2,2
2017-06-17,1,1,0
2017-06-17,2,1,1
2017-06-17,2,1,1
2017-06-17,0,0,0
2017-06-17,2,1,1
2017-06-18,2,1,1
2017-06-18,0,0,0
2017-06-18,0,0,0
2017-06-18,3,1,2
2017-06-18,0,0,0
2017-06-18,0,0,0
2017-06-18,2,0,2
2017-06-18,2,2,0
2017-06-18,8,4,4
2017-06-18,6,2,4
2017-06-18,15,10,5
2017-06-18,10,7,3
2017-06-18,18,14,4
2017-06-18,20,12,8
2017-06-18,20,9,11
2017-06-18,16,8,8
2017-06-18,17,9,8
2017-06-18,5,2,3
2017-06-18,7,7,0
2017-06-18,5,2,3
2017-06-18,0,0,0
2017-06-18,4,4,0
2017-06-18,1,1,0
2017-06-18,0,0,0
2017-06-19,1,0,1
2017-06-19,0,0,0
2017-06-19,0,0,0
2017-06-19,0,0,0
2017-06-19,3,2,1
2017-06-19,5,4,1
2017-06-19,9,4,5
2017-06-19,9,6,3
2017-06-19,9,5,4
2017-06-19,9,7,2
2017-06-19,4,1,3
2017-06-19,5,4,1
2017-06-19,14,11,3
2017-06-19,10,7,3
2017-06-19,11,9,2
2017-06-19,17,10,7
2017-06-19,25,14,11
2017-06-19,20,10,10
2017-06-19,17,14,3
2017-06-19,7,3,4
2017-06-19,10,1,9
2017-06-19,2,0,2
2017-06-19,2,0,2
2017-06-19,3,3,0
2017-06-20,0,0,0
2017-06-20,0,0,0
2017-06-20,1,0,1
2017-06-20,0,0,0
2017-06-20,0,0,0
2017-06-20,4,3,1
2017-06-20,5,1,4
2017-06-20,8,6,2
2017-06-20,8,6,2
2017-06-20,6,5,1
2017-06-20,9,8,1
2017-06-20,2,0,2
2017-06-20,11,4,7
2017-06-20,9,5,4
2017-06-20,6,2,4
2017-06-20,11,6,5
2017-06-20,16,10,6
2017-06-20,15,9,6
2017-06-20,16,13,3
2017-06-20,3,2,1
2017-06-20,6,3,3
2017-06-20,2,1,1
2017-06-20,2,1,1
2017-06-20,0,0,0
2017-06-21,0,0,0
2017-06-21,0,0,0
2017-06-21,0,0,0
2017-06-21,0,0,0
2017-06-21,0,0,0
2017-06-21,2,2,0
2017-06-21,9,4,5
2017-06-21,8,5,3
2017-06-21,5,5,0
2017-06-21,10,7,3
2017-06-21,10,7,3
2017-06-21,14,10,4
2017-06-21,13,5,8
2017-06-21,14,9,5
2017-06-21,17,9,8
2017-06-21,22,14,8
2017-06-21,16,11,5
2017-06-21,17,11,6
2017-06-21,19,12,7
2017-06-21,12,8,4
2017-06-21,10,7,3
2017-06-21,5,1,4
2017-06-21,0,0,0
2017-06-21,1,1,0
2017-06-22,1,1,0
2017-06-22,0,0,0
2017-06-22,0,0,0
2017-06-22,0,0,0
2017-06-22,1,0,1
2017-06-22,2,0,2
2017-06-22,5,2,3
2017-06-22,9,3,6
2017-06-22,10,9,1
2017-06-22,10,7,3
2017-06-22,5,4,1
2017-06-22,8,7,1
2017-06-22,11,7,4
2017-06-22,11,6,5
2017-06-22,9,7,2
2017-06-22,13,7,6
2017-06-22,16,7,9
2017-06-22,14,6,8
2017-06-22,9,6,3
2017-06-22,6,5,1
2017-06-22,7,2,5
2017-06-22,2,2,0
2017-06-22,3,2,1
2017-06-22,0,0,0
2017-06-23,0,0,0
2017-06-23,0,0,0
2017-06-23,1,0,1
2017-06-23,1,1,0
2017-06-23,0,0,0
2017-06-23,4,2,2
2017-06-23,6,5,1
2017-06-23,13,5,8
2017-06-23,8,6,2
2017-06-23,8,8,0
2017-06-23,9,5,4
2017-06-23,7,5,2
2017-06-23,9,3,6
2017-06-23,19,8,11
2017-06-23,16,6,10
2017-06-23,18,10,8
2017-06-23,12,7,5
2017-06-23,13,11,2
2017-06-23,11,6,5
2017-06-23,12,8,4
2017-06-23,11,5,6
2017-06-23,4,2,2
2017-06-23,5,0,5
2017-06-23,1,0,1
2017-06-24,1,1,0
2017-06-24,0,0,0
2017-06-24,1,0,1
2017-06-24,0,0,0
2017-06-24,0,0,0
2017-06-24,0,0,0
2017-06-24,1,1,0
2017-06-24,6,4,2
2017-06-24,18,12,6
2017-06-24,13,8,5
2017-06-24,23,11,12
2017-06-24,11,7,4
2017-06-24,20,13,7
2017-06-24,22,12,10
2017-06-24,17,14,3
2017-06-24,7,4,3
2017-06-24,8,4,4
2017-06-24,14,5,9
2017-06-24,10,6,4
2017-06-24,7,4,3
2017-06-24,6,2,4
2017-06-24,9,4,5
2017-06-24,1,0,1
2017-06-24,1,1,0
2017-06-25,0,0,0
2017-06-25,0,0,0
2017-06-25,0,0,0
2017-06-25,1,0,1
2017-06-25,0,0,0
2017-06-25,2,2,0
2017-06-25,2,1,1
2017-06-25,8,2,6
2017-06-25,10,6,4
2017-06-25,11,7,4
2017-06-25,20,10,10
2017-06-25,10,7,3
2017-06-25,11,3,8
2017-06-25,20,12,8
2017-06-25,15,6,9
2017-06-25,17,7,10
2017-06-25,8,6,2
2017-06-25,6,1,5
2017-06-25,4,1,3
2017-06-25,6,5,1
2017-06-25,8,1,7
2017-06-25,0,0,0
2017-06-25,1,0,1
2017-06-25,0,0,0
2017-06-26,1,1,0
2017-06-26,0,0,0
2017-06-26,1,0,1
2017-06-26,2,1,1
2017-06-26,0,0,0
2017-06-26,3,1,2
2017-06-26,11,5,6
2017-06-26,4,2,2
2017-06-26,15,11,4
2017-06-26,11,4,7
2017-06-26,4,4,0
2017-06-26,10,4,6
2017-06-26,10,4,6
2017-06-26,8,5,3
2017-06-26,8,5,3
2017-06-26,19,10,9
2017-06-26,16,12,4
2017-06-26,18,11,7
2017-06-26,7,5,2
2017-06-26,7,1,6
2017-06-26,4,1,3
2017-06-26,4,1,3
2017-06-26,1,0,1
2017-06-26,1,1,0
2017-06-27,0,0,0
2017-06-27,0,0,0
2017-06-27,0,0,0
2017-06-27,0,0,0
2017-06-27,1,0,1
2017-06-27,1,0,1
2017-06-27,9,2,7
2017-06-27,8,6,2
2017-06-27,9,4,5
2017-06-27,10,8,2
2017-06-27,7,4,3
2017-06-27,8,6,2
2017-06-27,8,5,3
2017-06-27,9,2,7
2017-06-27,13,5,8
2017-06-27,16,8,8
2017-06-27,17,9,8
2017-06-27,12,9,3
2017-06-27,20,10,10
2017-06-27,9,4,5
2017-06-27,11,3,8
2017-06-27,6,2,4
2017-06-27,1,0,1
2017-06-27,1,1,0
2017-06-28,0,0,0
2017-06-28,0,0,0
2017-06-28,1,1,0
2017-06-28,0,0,0
2017-06-28,0,0,0
2017-06-28,1,0,1
2017-06-28,12,7,5
2017-06-28,4,1,3
2017-06-28,9,3,6
2017-06-28,5,2,3
2017-06-28,4,2,2
2017-06-28,5,4,1
2017-06-28,2,0,2
2017-06-28,9,7,2
2017-06-28,13,6,7
2017-06-28,8,6,2
2017-06-28,16,10,6
2017-06-28,18,10,8
2017-06-28,7,3,4
2017-06-28,7,4,3
2017-06-28,10,5,5
2017-06-28,4,0,4
2017-06-28,0,0,0
2017-06-28,0,0,0
2017-06-29,0,0,0
2017-06-29,0,0,0
2017-06-29,1,1,0
2017-06-29,0,0,0
2017-06-29,3,2,1
2017-06-29,4,2,2
2017-06-29,6,1,5
2017-06-29,12,8,4
2017-06-29,15,15,0
2017-06-29,13,8,5
2017-06-29,13,8,5
2017-06-29,12,9,3
2017-06-29,14,9,5
2017-06-29,12,9,3
2017-06-29,10,6,4
2017-06-29,12,7,5
2017-06-29,19,11,8
2017-06-29,25,11,14
2017-06-29,19,11,8
2017-06-29,10,4,6
2017-06-29,8,2,6
2017-06-29,5,2,3
2017-06-29,2,2,0
2017-06-29,1,1,0
2017-06-30,0,0,0
2017-06-30,1,1,0
2017-06-30,0,0,0
2017-06-30,0,0,0
2017-06-30,1,1,0
2017-06-30,4,1,3
2017-06-30,8,5,3
2017-06-30,12,6,6
2017-06-30,5,2,3
2017-06-30,7,5,2
2017-06-30,13,10,3
2017-06-30,18,13,5
2017-06-30,4,2,2
2017-06-30,6,4,2
2017-06-30,11,6,5
2017-06-30,16,9,7
2017-06-30,14,3,11
2017-06-30,13,4,9
2017-06-30,12,9,3
2017-06-30,12,7,5
2017-06-30,8,5,3
2017-06-30,3,2,1
2017-06-30,6,2,4
2017-06-30,2,0,2
2017-07-01,1,1,0
2017-07-01,0,0,0
2017-07-01,0,0,0
2017-07-01,0,0,0
2017-07-01,1,0,1
2017-07-01,0,0,0
2017-07-01,5,4,1
2017-07-01,5,2,3
2017-07-01,7,3,4
2017-07-01,12,9,3
2017-07-01,14,9,5
2017-07-01,18,11,7
2017-07-01,14,9,5
2017-07-01,15,10,5
2017-07-01,16,6,10
2017-07-01,17,10,7
2017-07-01,15,9,6
2017-07-01,15,4,11
2017-07-01,6,3,3
2017-07-01,15,2,13
2017-07-01,6,4,2
2017-07-01,1,0,1
2017-07-01,3,2,1
2017-07-01,0,0,0
2017-07-02,2,2,0
2017-07-02,0,0,0
2017-07-02,0,0,0
2017-07-02,0,0,0
2017-07-02,0,0,0
2017-07-02,0,0,0
2017-07-02,1,0,1
2017-07-02,5,2,3
2017-07-02,8,3,5
2017-07-02,13,7,6
2017-07-02,12,9,3
2017-07-02,15,11,4
2017-07-02,21,12,9
2017-07-02,20,7,13
2017-07-02,29,13,16
2017-07-02,10,5,5
2017-07-02,16,5,11
2017-07-02,13,7,6
2017-07-02,8,4,4
2017-07-02,12,5,7
2017-07-02,5,3,2
2017-07-02,6,3,3
2017-07-02,1,1,0
2017-07-02,2,1,1
2017-07-03,1,1,0
2017-07-03,0,0,0
2017-07-03,0,0,0
2017-07-03,0,0,0
2017-07-03,1,1,0
2017-07-03,0,0,0
2017-07-03,6,4,2
2017-07-03,6,4,2
2017-07-03,9,4,5
2017-07-03,14,10,4
2017-07-03,0,0,0
2017-07-03,19,14,5
2017-07-03,9,7,2
2017-07-03,17,9,8
2017-07-03,12,5,7
2017-07-03,22,10,12
2017-07-03,19,13,6
2017-07-03,30,11,19
2017-07-03,10,2,8
2017-07-03,11,5,6
2017-07-03,7,3,4
2017-07-03,9,5,4
2017-07-03,6,1,5
2017-07-03,5,2,3
2017-07-04,0,0,0
2017-07-04,1,1,0
2017-07-04,0,0,0
2017-07-04,1,0,1
2017-07-04,0,0,0
2017-07-04,0,0,0
2017-07-04,0,0,0
2017-07-04,4,1,3
2017-07-04,13,5,8
2017-07-04,12,9,3
2017-07-04,18,11,7
2017-07-04,34,13,21
2017-07-04,18,7,11
2017-07-04,17,7,10
2017-07-04,10,5,5
2017-07-04,15,6,9
2017-07-04,18,8,10
2017-07-04,14,6,8
2017-07-04,6,2,4
2017-07-04,8,4,4
2017-07-04,8,3,5
2017-07-04,4,2,2
2017-07-04,3,0,3
2017-07-04,9,7,2
2017-07-05,4,4,0
2017-07-05,1,0,1
2017-07-05,0,0,0
2017-07-05,1,0,1
2017-07-05,1,0,1
2017-07-05,0,0,0
2017-07-05,1,1,0
2017-07-05,9,4,5
2017-07-05,8,5,3
2017-07-05,11,6,5
2017-07-05,10,7,3
2017-07-05,6,0,6
2017-07-05,10,8,2
2017-07-05,7,2,5
2017-07-05,6,4,2
2017-07-05,6,2,4
2017-07-05,13,4,9
2017-07-05,20,9,11
2017-07-05,15,6,9
2017-07-05,9,7,2
2017-07-05,14,7,7
2017-07-05,2,1,1
2017-07-05,2,1,1
2017-07-05,1,0,1
2017-07-06,0,0,0
2017-07-06,0,0,0
2017-07-06,0,0,0
2017-07-06,0,0,0
2017-07-06,0,0,0
2017-07-06,0,0,0
2017-07-06,3,1,2
2017-07-06,8,4,4
2017-07-06,13,6,7
2017-07-06,6,5,1
2017-07-06,20,12,8
2017-07-06,10,7,3
2017-07-06,13,7,6
2017-07-06,8,1,7
2017-07-06,6,2,4
2017-07-06,9,2,7
2017-07-06,13,6,7
2017-07-06,10,2,8
2017-07-06,17,10,7
2017-07-06,9,2,7
2017-07-06,4,2,2
2017-07-06,6,2,4
2017-07-06,5,2,3
2017-07-06,0,0,0
2017-07-07,0,0,0
2017-07-07,0,0,0
2017-07-07,0,0,0
2017-07-07,1,0,1
2017-07-07,2,2,0
2017-07-07,1,1,0
2017-07-07,1,0,1
2017-07-07,5,1,4
2017-07-07,11,5,6
2017-07-07,10,6,4
2017-07-07,3,1,2
2017-07-07,5,3,2
2017-07-07,6,4,2
2017-07-07,8,2,6
2017-07-07,8,4,4
2017-07-07,12,5,7
2017-07-07,8,6,2
2017-07-07,26,10,16
2017-07-07,18,14,4
2017-07-07,9,5,4
2017-07-07,15,7,8
2017-07-07,7,1,6
2017-07-07,6,5,1
2017-07-07,10,9,1
2017-07-08,10,7,3
2017-07-08,1,0,1
2017-07-08,0,0,0
2017-07-08,0,0,0
2017-07-08,0,0,0
2017-07-08,0,0,0
2017-07-08,2,1,1
2017-07-08,5,4,1
2017-07-08,11,9,2
2017-07-08,19,10,9
2017-07-08,35,20,15
2017-07-08,24,18,6
2017-07-08,27,19,8
2017-07-08,32,19,13
2017-07-08,14,10,4
2017-07-08,41,19,22
2017-07-08,19,10,9
2017-07-08,33,23,10
2017-07-08,20,11,9
2017-07-08,16,6,10
2017-07-08,13,7,6
2017-07-08,5,3,2
2017-07-08,4,2,2
2017-07-08,1,0,1
2017-07-09,3,1,2
2017-07-09,1,0,1
2017-07-09,1,1,0
2017-07-09,2,1,1
2017-07-09,1,1,0
2017-07-09,0,0,0
2017-07-09,0,0,0
2017-07-09,4,2,2
2017-07-09,5,3,2
2017-07-09,17,13,4
2017-07-09,31,20,11
2017-07-09,29,14,15
2017-07-09,19,10,9
2017-07-09,25,18,7
2017-07-09,37,23,14
2017-07-09,26,17,9
2017-07-09,19,8,11
2017-07-09,20,10,10
2017-07-09,20,10,10
2017-07-09,17,9,8
2017-07-09,9,8,1
2017-07-09,8,6,2
2017-07-09,3,3,0
2017-07-09,3,3,0
2017-07-10,2,1,1
2017-07-10,0,0,0
2017-07-10,0,0,0
2017-07-10,0,0,0
2017-07-10,1,1,0
2017-07-10,1,1,0
2017-07-10,4,2,2
2017-07-10,9,3,6
2017-07-10,15,8,7
2017-07-10,9,5,4
2017-07-10,14,12,2
2017-07-10,8,7,1
2017-07-10,12,8,4
2017-07-10,5,1,4
2017-07-10,9,2,7
2017-07-10,6,4,2
2017-07-10,11,6,5
2017-07-10,19,8,11
2017-07-10,19,9,10
2017-07-10,13,9,4
2017-07-10,11,5,6
2017-07-10,8,3,5
2017-07-10,1,1,0
2017-07-10,0,0,0
2017-07-11,0,0,0
2017-07-11,0,0,0
2017-07-11,0,0,0
2017-07-11,0,0,0
2017-07-11,0,0,0
2017-07-11,1,1,0
2017-07-11,6,5,1
2017-07-11,10,5,5
2017-07-11,12,7,5
2017-07-11,6,3,3
2017-07-11,8,6,2
2017-07-11,9,5,4
2017-07-11,15,10,5
2017-07-11,20,12,8
2017-07-11,9,6,3
2017-07-11,13,5,8
2017-07-11,18,7,11
2017-07-11,20,5,15
2017-07-11,26,17,9
2017-07-11,9,5,4
2017-07-11,10,6,4
2017-07-11,7,3,4
2017-07-11,2,0,2
2017-07-11,0,0,0
2017-07-12,0,0,0
2017-07-12,0,0,0
2017-07-12,0,0,0
2017-07-12,2,0,2
2017-07-12,0,0,0
2017-07-12,0,0,0
2017-07-12,14,9,5
2017-07-12,14,7,7
2017-07-12,9,7,2
2017-07-12,11,6,5
2017-07-12,6,4,2
2017-07-12,9,4,5
2017-07-12,8,6,2
2017-07-12,6,5,1
2017-07-12,12,6,6
2017-07-12,6,3,3
2017-07-12,21,11,10
2017-07-12,23,11,12
2017-07-12,22,15,7
2017-07-12,18,11,7
2017-07-12,14,6,8
2017-07-12,6,4,2
2017-07-12,3,3,0
2017-07-12,2,0,2
2017-07-13,0,0,0
2017-07-13,0,0,0
2017-07-13,0,0,0
2017-07-13,0,0,0
2017-07-13,1,1,0
2017-07-13,0,0,0
2017-07-13,4,2,2
2017-07-13,7,3,4
2017-07-13,9,4,5
2017-07-13,12,5,7
2017-07-13,9,7,2
2017-07-13,10,6,4
2017-07-13,10,9,1
2017-07-13,9,4,5
2017-07-13,4,2,2
2017-07-13,8,5,3
2017-07-13,16,9,7
2017-07-13,27,11,16
2017-07-13,20,7,13
2017-07-13,19,12,7
2017-07-13,14,10,4
2017-07-13,6,2,4
2017-07-13,5,4,1
2017-07-13,0,0,0
2017-07-14,0,0,0
2017-07-14,1,0,1
2017-07-14,0,0,0
2017-07-14,1,1,0
2017-07-14,0,0,0
2017-07-14,0,0,0
2017-07-14,3,2,1
2017-07-14,11,4,7
2017-07-14,9,5,4
2017-07-14,10,3,7
2017-07-14,11,7,4
2017-07-14,9,6,3
2017-07-14,8,3,5
2017-07-14,5,3,2
2017-07-14,8,1,7
2017-07-14,7,2,5
2017-07-14,13,6,7
2017-07-14,20,14,6
2017-07-14,8,4,4
2017-07-14,11,4,7
2017-07-14,9,3,6
2017-07-14,7,3,4
2017-07-14,1,1,0
2017-07-14,1,1,0
2017-07-15,3,2,1
2017-07-15,0,0,0
2017-07-15,1,1,0
2017-07-15,1,1,0
2017-07-15,1,0,1
2017-07-15,1,1,0
2017-07-15,1,1,0
2017-07-15,3,2,1
2017-07-15,4,1,3
2017-07-15,8,6,2
2017-07-15,15,10,5
2017-07-15,15,6,9
2017-07-15,19,9,10
2017-07-15,10,1,9
2017-07-15,29,9,20
2017-07-15,6,4,2
2017-07-15,11,5,6
2017-07-15,9,7,2
2017-07-15,8,4,4
2017-07-15,4,1,3
2017-07-15,13,6,7
2017-07-15,3,3,0
2017-07-15,2,1,1
2017-07-15,1,1,0
2017-07-16,0,0,0
2017-07-16,0,0,0
2017-07-16,0,0,0
2017-07-16,0,0,0
2017-07-16,0,0,0
2017-07-16,0,0,0
2017-07-16,4,3,1
2017-07-16,4,2,2
2017-07-16,6,6,0
2017-07-16,10,5,5
2017-07-16,7,3,4
2017-07-16,10,5,5
2017-07-16,11,4,7
2017-07-16,16,7,9
2017-07-16,17,10,7
2017-07-16,21,12,9
2017-07-16,16,10,6
2017-07-16,14,6,8
2017-07-16,11,4,7
2017-07-16,7,4,3
2017-07-16,13,9,4
2017-07-16,4,1,3
2017-07-16,5,2,3
2017-07-16,1,1,0
2017-07-17,2,2,0
2017-07-17,0,0,0
2017-07-17,0,0,0
2017-07-17,1,0,1
2017-07-17,0,0,0
2017-07-17,0,0,0
2017-07-17,4,3,1
2017-07-17,16,7,9
2017-07-17,8,6,2
2017-07-17,9,8,1
2017-07-17,7,4,3
2017-07-17,11,10,1
2017-07-17,13,10,3
2017-07-17,10,2,8
2017-07-17,13,3,10
2017-07-17,11,5,6
2017-07-17,22,12,10
2017-07-17,17,9,8
2017-07-17,24,17,7
2017-07-17,12,6,6
2017-07-17,12,4,8
2017-07-17,3,0,3
2017-07-17,2,1,1
2017-07-17,1,1,0
2017-07-18,0,0,0
2017-07-18,0,0,0
2017-07-18,2,1,1
2017-07-18,1,0,1
2017-07-18,0,0,0
2017-07-18,3,1,2
2017-07-18,6,4,2
2017-07-18,11,4,7
2017-07-18,12,8,4
2017-07-18,12,5,7
2017-07-18,14,6,8
2017-07-18,13,7,6
2017-07-18,7,4,3
2017-07-18,16,6,10
2017-07-18,7,6,1
2017-07-18,9,5,4
2017-07-18,11,4,7
2017-07-18,19,10,9
2017-07-18,19,12,7
2017-07-18,19,14,5
2017-07-18,12,7,5
2017-07-18,10,4,6
2017-07-18,5,3,2
2017-07-18,4,2,2
2017-07-19,0,0,0
2017-07-19,2,1,1
2017-07-19,2,1,1
2017-07-19,0,0,0
2017-07-19,0,0,0
2017-07-19,2,1,1
2017-07-19,2,1,1
2017-07-19,14,5,9
2017-07-19,12,7,5
2017-07-19,14,11,3
2017-07-19,12,5,7
2017-07-19,12,8,4
2017-07-19,12,9,3
2017-07-19,17,5,12
2017-07-19,14,9,5
2017-07-19,11,4,7
2017-07-19,22,11,11
2017-07-19,15,8,7
2017-07-19,19,15,4
2017-07-19,13,9,4
2017-07-19,11,3,8
2017-07-19,1,1,0
2017-07-19,4,3,1
2017-07-19,2,2,0
2017-07-20,1,1,0
2017-07-20,1,1,0
2017-07-20,0,0,0
2017-07-20,0,0,0
2017-07-20,0,0,0
2017-07-20,1,0,1
2017-07-20,3,2,1
2017-07-20,9,3,6
2017-07-20,8,5,3
2017-07-20,8,6,2
2017-07-20,10,10,0
2017-07-20,7,2,5
2017-07-20,6,3,3
2017-07-20,8,2,6
2017-07-20,7,5,2
2017-07-20,10,4,6
2017-07-20,6,4,2
2017-07-20,11,7,4
2017-07-20,15,9,6
2017-07-20,9,4,5
2017-07-20,11,7,4
2017-07-20,4,1,3
2017-07-20,3,3,0
2017-07-20,3,1,2
2017-07-21,3,2,1
2017-07-21,0,0,0
2017-07-21,0,0,0
2017-07-21,2,1,1
2017-07-21,1,0,1
2017-07-21,0,0,0
2017-07-21,3,2,1
2017-07-21,11,4,7
2017-07-21,12,6,6
2017-07-21,10,8,2
2017-07-21,6,3,3
2017-07-21,11,7,4
2017-07-21,11,6,5
2017-07-21,8,2,6
2017-07-21,10,6,4
2017-07-21,17,10,7
2017-07-21,10,3,7
2017-07-21,16,9,7
2017-07-21,16,9,7
2017-07-21,11,5,6
2017-07-21,7,5,2
2017-07-21,5,1,4
2017-07-21,3,2,1
2017-07-21,2,0,2
2017-07-22,5,2,3
2017-07-22,2,2,0
2017-07-22,0,0,0
2017-07-22,0,0,0
2017-07-22,0,0,0
2017-07-22,1,1,0
2017-07-22,1,1,0
2017-07-22,2,1,1
2017-07-22,10,6,4
2017-07-22,11,6,5
2017-07-22,14,10,4
2017-07-22,17,8,9
2017-07-22,16,10,6
2017-07-22,11,4,7
2017-07-22,14,10,4
2017-07-22,14,9,5
2017-07-22,12,6,6
2017-07-22,15,8,7
2017-07-22,17,6,11
2017-07-22,9,2,7
2017-07-22,5,2,3
2017-07-22,7,4,3
2017-07-22,2,2,0
2017-07-22,5,1,4
2017-07-23,2,1,1
2017-07-23,1,0,1
2017-07-23,2,0,2
2017-07-23,0,0,0
2017-07-23,0,0,0
2017-07-23,0,0,0
2017-07-23,1,1,0
2017-07-23,1,0,1
2017-07-23,2,1,1
2017-07-23,5,4,1
2017-07-23,10,6,4
2017-07-23,9,5,4
2017-07-23,26,11,15
2017-07-23,18,7,11
2017-07-23,16,9,7
2017-07-23,17,7,10
2017-07-23,12,7,5
2017-07-23,8,5,3
2017-07-23,4,2,2
2017-07-23,8,6,2
2017-07-23,4,2,2
2017-07-23,2,2,0
2017-07-23,3,2,1
2017-07-23,4,2,2
2017-07-24,1,1,0
2017-07-24,0,0,0
2017-07-24,0,0,0
2017-07-24,1,0,1
2017-07-24,1,0,1
2017-07-24,1,1,0
2017-07-24,6,4,2
2017-07-24,11,5,6
2017-07-24,18,8,10
2017-07-24,7,5,2
2017-07-24,13,8,5
2017-07-24,8,7,1
2017-07-24,8,5,3
2017-07-24,13,8,5
2017-07-24,11,5,6
2017-07-24,14,8,6
2017-07-24,14,6,8
2017-07-24,26,14,12
2017-07-24,18,11,7
2017-07-24,18,12,6
2017-07-24,15,4,11
2017-07-24,6,2,4
2017-07-24,4,2,2
2017-07-24,1,0,1
2017-07-25,3,1,2
2017-07-25,1,1,0
2017-07-25,0,0,0
2017-07-25,0,0,0
2017-07-25,1,1,0
2017-07-25,1,0,1
2017-07-25,5,3,2
2017-07-25,7,3,4
2017-07-25,9,3,6
2017-07-25,10,4,6
2017-07-25,7,5,2
2017-07-25,12,7,5
2017-07-25,15,10,5
2017-07-25,11,3,8
2017-07-25,6,3,3
2017-07-25,17,9,8
2017-07-25,26,16,10
2017-07-25,19,8,11
2017-07-25,16,11,5
2017-07-25,13,6,7
2017-07-25,6,4,2
2017-07-25,6,3,3
2017-07-25,0,0,0
2017-07-25,4,2,2
2017-07-26,1,1,0
2017-07-26,1,0,1
2017-07-26,0,0,0
2017-07-26,0,0,0
2017-07-26,1,0,1
2017-07-26,1,0,1
2017-07-26,2,1,1
2017-07-26,8,3,5
2017-07-26,13,7,6
2017-07-26,10,7,3
2017-07-26,7,5,2
2017-07-26,19,13,6
2017-07-26,10,3,7
2017-07-26,15,9,6
2017-07-26,11,4,7
2017-07-26,13,6,7
2017-07-26,14,4,10
2017-07-26,19,11,8
2017-07-26,25,19,6
2017-07-26,15,6,9
2017-07-26,14,7,7
2017-07-26,6,3,3
2017-07-26,2,0,2
2017-07-26,1,1,0
2017-07-27,1,1,0
2017-07-27,0,0,0
2017-07-27,0,0,0
2017-07-27,0,0,0
2017-07-27,1,1,0
2017-07-27,1,1,0
2017-07-27,7,4,3
2017-07-27,5,2,3
2017-07-27,12,4,8
2017-07-27,8,7,1
2017-07-27,2,0,2
2017-07-27,13,9,4
2017-07-27,8,2,6
2017-07-27,9,5,4
2017-07-27,12,3,9
2017-07-27,4,2,2
2017-07-27,12,6,6
2017-07-27,20,9,11
2017-07-27,18,10,8
2017-07-27,18,8,10
2017-07-27,9,6,3
2017-07-27,6,5,1
2017-07-27,3,2,1
2017-07-27,1,1,0
2017-07-28,2,0,2
2017-07-28,0,0,0
2017-07-28,0,0,0
2017-07-28,1,0,1
2017-07-28,3,1,2
2017-07-28,2,1,1
2017-07-28,0,0,0
2017-07-28,8,2,6
2017-07-28,14,5,9
2017-07-28,5,1,4
2017-07-28,10,8,2
2017-07-28,16,10,6
2017-07-28,15,11,4
2017-07-28,14,7,7
2017-07-28,12,6,6
2017-07-28,14,9,5
2017-07-28,12,8,4
2017-07-28,19,3,16
2017-07-28,16,12,4
2017-07-28,9,3,6
2017-07-28,6,4,2
2017-07-28,11,5,6
2017-07-28,6,4,2
2017-07-28,1,0,1
2017-07-29,2,2,0
2017-07-29,0,0,0
2017-07-29,0,0,0
2017-07-29,2,1,1
2017-07-29,0,0,0
2017-07-29,1,0,1
2017-07-29,3,1,2
2017-07-29,1,1,0
2017-07-29,7,2,5
2017-07-29,12,6,6
2017-07-29,10,6,4
2017-07-29,23,14,9
2017-07-29,8,5,3
2017-07-29,15,8,7
2017-07-29,13,8,5
2017-07-29,16,10,6
2017-07-29,14,8,6
2017-07-29,11,5,6
2017-07-29,7,4,3
2017-07-29,7,0,7
2017-07-29,2,1,1
2017-07-29,4,2,2
2017-07-29,9,5,4
2017-07-29,2,1,1
2017-07-30,2,2,0
2017-07-30,0,0,0
2017-07-30,1,0,1
2017-07-30,0,0,0
2017-07-30,0,0,0
2017-07-30,0,0,0
2017-07-30,1,0,1
2017-07-30,1,0,1
2017-07-30,7,2,5
2017-07-30,1,1,0
2017-07-30,15,8,7
2017-07-30,27,22,5
2017-07-30,28,16,12
2017-07-30,30,17,13
2017-07-30,25,14,11
2017-07-30,25,13,12
2017-07-30,17,8,9
2017-07-30,16,8,8
2017-07-30,13,9,4
2017-07-30,11,6,5
2017-07-30,9,6,3
2017-07-30,5,2,3
2017-07-30,7,4,3
2017-07-30,1,1,0
2017-07-31,1,0,1
2017-07-31,0,0,0
2017-07-31,0,0,0
2017-07-31,1,0,1
2017-07-31,1,0,1
2017-07-31,1,0,1
2017-07-31,5,3,2
2017-07-31,14,5,9
2017-07-31,16,8,8
2017-07-31,21,14,7
2017-07-31,14,7,7
2017-07-31,5,1,4
2017-07-31,10,7,3
2017-07-31,14,10,4
2017-07-31,11,8,3
2017-07-31,21,11,10
2017-07-31,17,7,10
2017-07-31,24,13,11
2017-07-31,27,16,11
2017-07-31,24,17,7
2017-07-31,16,7,9
2017-07-31,10,3,7
2017-07-31,8,5,3
2017-07-31,3,1,2
2017-08-01,0,0,0
2017-08-01,0,0,0
2017-08-01,0,0,0
2017-08-01,0,0,0
2017-08-01,0,0,0
2017-08-01,1,0,1
2017-08-01,2,2,0
2017-08-01,21,10,11
2017-08-01,20,11,9
2017-08-01,13,9,4
2017-08-01,15,9,6
2017-08-01,13,9,4
2017-08-01,18,12,6
2017-08-01,12,7,5
2017-08-01,14,6,8
2017-08-01,21,14,7
2017-08-01,20,16,4
2017-08-01,27,17,10
2017-08-01,40,25,15
2017-08-01,32,18,14
2017-08-01,17,5,12
2017-08-01,11,2,9
2017-08-01,6,3,3
2017-08-01,0,0,0
2017-08-02,0,0,0
2017-08-02,1,0,1
2017-08-02,0,0,0
2017-08-02,1,0,1
2017-08-02,0,0,0
2017-08-02,1,1,0
2017-08-02,4,3,1
2017-08-02,14,4,10
2017-08-02,14,8,6
2017-08-02,8,4,4
2017-08-02,16,12,4
2017-08-02,4,2,2
2017-08-02,11,6,5
2017-08-02,8,4,4
2017-08-02,9,4,5
2017-08-02,10,6,4
2017-08-02,11,6,5
2017-08-02,17,10,7
2017-08-02,30,16,14
2017-08-02,13,3,10
2017-08-02,12,5,7
2017-08-02,7,2,5
2017-08-02,5,4,1
2017-08-02,7,2,5
2017-08-03,1,0,1
2017-08-03,2,1,1
2017-08-03,0,0,0
2017-08-03,0,0,0
2017-08-03,0,0,0
2017-08-03,3,1,2
2017-08-03,3,2,1
2017-08-03,6,2,4
2017-08-03,7,3,4
2017-08-03,10,6,4
2017-08-03,8,5,3
2017-08-03,9,4,5
2017-08-03,12,8,4
2017-08-03,13,8,5
2017-08-03,4,4,0
2017-08-03,8,6,2
2017-08-03,13,8,5
2017-08-03,14,9,5
2017-08-03,18,13,5
2017-08-03,14,7,7
2017-08-03,8,2,6
2017-08-03,6,3,3
2017-08-03,2,1,1
2017-08-03,2,1,1
2017-08-04,0,0,0
2017-08-04,1,1,0
2017-08-04,0,0,0
2017-08-04,0,0,0
2017-08-04,1,1,0
2017-08-04,1,1,0
2017-08-04,4,4,0
2017-08-04,6,4,2
2017-08-04,9,2,7
2017-08-04,8,3,5
2017-08-04,10,8,2
2017-08-04,11,6,5
2017-08-04,6,5,1
2017-08-04,7,6,1
2017-08-04,8,5,3
2017-08-04,15,7,8
2017-08-04,20,9,11
2017-08-04,17,8,9
2017-08-04,13,8,5
2017-08-04,10,7,3
2017-08-04,5,2,3
2017-08-04,2,2,0
2017-08-04,5,2,3
2017-08-04,3,0,3
2017-08-05,1,0,1
2017-08-05,0,0,0
2017-08-05,1,1,0
2017-08-05,0,0,0
2017-08-05,0,0,0
2017-08-05,0,0,0
2017-08-05,0,0,0
2017-08-05,3,2,1
2017-08-05,10,7,3
2017-08-05,12,5,7
2017-08-05,14,7,7
2017-08-05,8,4,4
2017-08-05,7,5,2
2017-08-05,18,12,6
2017-08-05,24,16,8
2017-08-05,11,6,5
2017-08-05,21,13,8
2017-08-05,12,8,4
2017-08-05,7,4,3
2017-08-05,13,2,11
2017-08-05,5,3,2
2017-08-05,4,1,3
2017-08-05,3,2,1
2017-08-05,3,1,2
2017-08-06,0,0,0
2017-08-06,2,1,1
2017-08-06,0,0,0
2017-08-06,0,0,0
2017-08-06,0,0,0
2017-08-06,0,0,0
2017-08-06,0,0,0
2017-08-06,2,2,0
2017-08-06,5,3,2
2017-08-06,12,6,6
2017-08-06,22,15,7
2017-08-06,23,14,9
2017-08-06,26,16,10
2017-08-06,17,12,5
2017-08-06,17,7,10
2017-08-06,19,8,11
2017-08-06,12,5,7
2017-08-06,8,5,3
2017-08-06,10,6,4
2017-08-06,5,3,2
2017-08-06,7,3,4
2017-08-06,4,1,3
2017-08-06,3,2,1
2017-08-06,0,0,0
2017-08-07,2,1,1
2017-08-07,0,0,0
2017-08-07,0,0,0
2017-08-07,1,0,1
2017-08-07,0,0,0
2017-08-07,1,0,1
2017-08-07,9,6,3
2017-08-07,18,7,11
2017-08-07,15,6,9
2017-08-07,13,4,9
2017-08-07,6,2,4
2017-08-07,11,8,3
2017-08-07,10,6,4
2017-08-07,11,8,3
2017-08-07,5,3,2
2017-08-07,12,5,7
2017-08-07,10,8,2
2017-08-07,24,12,12
2017-08-07,25,9,16
2017-08-07,7,4,3
2017-08-07,13,7,6
2017-08-07,5,2,3
2017-08-07,2,1,1
2017-08-07,1,1,0
2017-08-08,1,0,1
2017-08-08,0,0,0
2017-08-08,0,0,0
2017-08-08,0,0,0
2017-08-08,0,0,0
2017-08-08,2,0,2
2017-08-08,4,0,4
2017-08-08,12,7,5
2017-08-08,11,6,5
2017-08-08,11,4,7
2017-08-08,14,9,5
2017-08-08,13,7,6
2017-08-08,7,1,6
2017-08-08,9,5,4
2017-08-08,11,7,4
2017-08-08,14,5,9
2017-08-08,15,8,7
2017-08-08,21,11,10
2017-08-08,17,6,11
2017-08-08,18,16,2
2017-08-08,13,5,8
2017-08-08,6,1,5
2017-08-08,2,0,2
2017-08-08,1,0,1
2017-08-09,0,0,0
2017-08-09,0,0,0
2017-08-09,1,0,1
2017-08-09,1,1,0
2017-08-09,1,1,0
2017-08-09,1,1,0
2017-08-09,1,1,0
2017-08-09,11,7,4
2017-08-09,18,10,8
2017-08-09,17,8,9
2017-08-09,12,3,9
2017-08-09,11,6,5
2017-08-09,10,4,6
2017-08-09,9,7,2
2017-08-09,9,1,8
2017-08-09,14,5,9
2017-08-09,16,8,8
2017-08-09,18,7,11
2017-08-09,16,13,3
2017-08-09,7,3,4
2017-08-09,6,4,2
2017-08-09,10,4,6
2017-08-09,6,3,3
2017-08-09,1,0,1
2017-08-10,0,0,0
2017-08-10,0,0,0
2017-08-10,0,0,0
2017-08-10,1,0,1
2017-08-10,0,0,0
2017-08-10,0,0,0
2017-08-10,6,2,4
2017-08-10,10,4,6
2017-08-10,10,6,4
2017-08-10,15,9,6
2017-08-10,12,4,8
2017-08-10,7,2,5
2017-08-10,7,2,5
2017-08-10,14,6,8
2017-08-10,8,3,5
2017-08-10,18,7,11
2017-08-10,22,14,8
2017-08-10,17,7,10
2017-08-10,28,17,11
2017-08-10,20,10,10
2017-08-10,11,5,6
2017-08-10,8,4,4
2017-08-10,3,3,0
2017-08-10,2,1,1
2017-08-11,2,1,1
2017-08-11,0,0,0
2017-08-11,0,0,0
2017-08-11,4,2,2
2017-08-11,1,1,0
2017-08-11,2,2,0
2017-08-11,4,1,3
2017-08-11,8,3,5
2017-08-11,9,5,4
2017-08-11,10,5,5
2017-08-11,13,9,4
2017-08-11,12,7,5
2017-08-11,10,7,3
2017-08-11,16,10,6
2017-08-11,10,4,6
2017-08-11,12,6,6
2017-08-11,19,12,7
2017-08-11,16,9,7
2017-08-11,13,7,6
2017-08-11,16,8,8
2017-08-11,14,7,7
2017-08-11,6,4,2
2017-08-11,4,3,1
2017-08-11,2,2,0
2017-08-12,3,1,2
2017-08-12,3,1,2
2017-08-12,0,0,0
2017-08-12,0,0,0
2017-08-12,0,0,0
2017-08-12,0,0,0
2017-08-12,0,0,0
2017-08-12,3,3,0
2017-08-12,5,5,0
2017-08-12,9,6,3
2017-08-12,22,14,8
2017-08-12,16,5,11
2017-08-12,16,9,7
2017-08-12,7,4,3
2017-08-12,21,15,6
2017-08-12,29,17,12
2017-08-12,14,9,5
2017-08-12,13,9,4
2017-08-12,21,7,14
2017-08-12,13,7,6
2017-08-12,9,4,5
2017-08-12,3,2,1
2017-08-12,7,2,5
2017-08-12,2,1,1
2017-08-13,2,0,2
2017-08-13,0,0,0
2017-08-13,0,0,0
2017-08-13,0,0,0
2017-08-13,0,0,0
2017-08-13,0,0,0
2017-08-13,0,0,0
2017-08-13,1,0,1
2017-08-13,5,2,3
2017-08-13,7,5,2
2017-08-13,10,5,5
2017-08-13,16,9,7
2017-08-13,28,8,20
2017-08-13,17,12,5
2017-08-13,22,7,15
2017-08-13,7,3,4
2017-08-13,14,11,3
2017-08-13,21,10,11
2017-08-13,4,3,1
2017-08-13,6,3,3
2017-08-13,3,1,2
2017-08-13,2,2,0
2017-08-13,0,0,0
2017-08-13,0,0,0
2017-08-14,1,1,0
2017-08-14,0,0,0
2017-08-14,1,0,1
2017-08-14,1,1,0
2017-08-14,1,0,1
2017-08-14,1,0,1
2017-08-14,2,2,0
2017-08-14,9,4,5
2017-08-14,4,2,2
2017-08-14,7,3,4
2017-08-14,11,7,4
2017-08-14,12,7,5
2017-08-14,16,12,4
2017-08-14,13,7,6
2017-08-14,9,8,1
2017-08-14,17,9,8
2017-08-14,10,6,4
2017-08-14,13,10,3
2017-08-14,13,6,7
2017-08-14,7,5,2
2017-08-14,12,6,6
2017-08-14,9,3,6
2017-08-14,0,0,0
2017-08-14,2,1,1
2017-08-15,0,0,0
2017-08-15,2,2,0
2017-08-15,0,0,0
2017-08-15,0,0,0
2017-08-15,0,0,0
2017-08-15,0,0,0
2017-08-15,4,1,3
2017-08-15,12,3,9
2017-08-15,14,6,8
2017-08-15,2,1,1
2017-08-15,7,2,5
2017-08-15,10,7,3
2017-08-15,16,9,7
2017-08-15,13,5,8
2017-08-15,16,8,8
2017-08-15,14,10,4
2017-08-15,15,10,5
2017-08-15,18,10,8
2017-08-15,36,23,13
2017-08-15,30,20,10
2017-08-15,11,4,7
2017-08-15,4,1,3
2017-08-15,6,3,3
2017-08-15,1,1,0
2017-08-16,0,0,0
2017-08-16,1,0,1
2017-08-16,0,0,0
2017-08-16,1,0,1
2017-08-16,0,0,0
2017-08-16,0,0,0
2017-08-16,2,1,1
2017-08-16,12,8,4
2017-08-16,15,7,8
2017-08-16,11,6,5
2017-08-16,9,3,6
2017-08-16,12,9,3
2017-08-16,10,5,5
2017-08-16,14,8,6
2017-08-16,7,5,2
2017-08-16,13,7,6
2017-08-16,17,10,7
2017-08-16,21,5,16
2017-08-16,24,9,15
2017-08-16,28,16,12
2017-08-16,18,7,11
2017-08-16,3,1,2
2017-08-16,4,0,4
2017-08-16,3,3,0
2017-08-17,2,1,1
2017-08-17,0,0,0
2017-08-17,0,0,0
2017-08-17,0,0,0
2017-08-17,1,1,0
2017-08-17,0,0,0
2017-08-17,6,3,3
2017-08-17,8,3,5
2017-08-17,11,4,7
2017-08-17,7,3,4
2017-08-17,10,6,4
2017-08-17,8,6,2
2017-08-17,6,3,3
2017-08-17,17,8,9
2017-08-17,13,7,6
2017-08-17,9,6,3
2017-08-17,18,10,8
2017-08-17,14,6,8
2017-08-17,23,13,10
2017-08-17,15,6,9
2017-08-17,8,4,4
2017-08-17,0,0,0
2017-08-17,3,1,2
2017-08-17,1,1,0
2017-08-18,0,0,0
2017-08-18,0,0,0
2017-08-18,0,0,0
2017-08-18,0,0,0
2017-08-18,2,0,2
2017-08-18,0,0,0
2017-08-18,5,3,2
2017-08-18,7,1,6
2017-08-18,11,6,5
2017-08-18,13,10,3
2017-08-18,2,2,0
2017-08-18,15,10,5
2017-08-18,9,3,6
2017-08-18,10,4,6
2017-08-18,11,5,6
2017-08-18,12,4,8
2017-08-18,17,10,7
2017-08-18,18,17,1
2017-08-18,17,9,8
2017-08-18,8,4,4
2017-08-18,6,2,4
2017-08-18,6,3,3
2017-08-18,2,2,0
2017-08-18,2,1,1
2017-08-19,1,0,1
2017-08-19,0,0,0
2017-08-19,0,0,0
2017-08-19,0,0,0
2017-08-19,0,0,0
2017-08-19,0,0,0
2017-08-19,3,3,0
2017-08-19,4,2,2
2017-08-19,4,4,0
2017-08-19,12,7,5
2017-08-19,13,9,4
2017-08-19,16,8,8
2017-08-19,21,13,8
2017-08-19,0,0,0
2017-08-19,0,0,0
2017-08-19,0,0,0
2017-08-19,0,0,0
2017-08-19,0,0,0
2017-08-19,9,5,4
2017-08-19,11,8,3
2017-08-19,10,6,4
2017-08-19,3,2,1
2017-08-19,1,0,1
2017-08-19,0,0,0
2017-08-20,2,2,0
2017-08-20,2,0,2
2017-08-20,0,0,0
2017-08-20,1,1,0
2017-08-20,0,0,0
2017-08-20,0,0,0
2017-08-20,1,1,0
2017-08-20,4,3,1
2017-08-20,1,0,1
2017-08-20,5,2,3
2017-08-20,11,7,4
2017-08-20,15,7,8
2017-08-20,14,6,8
2017-08-20,17,11,6
2017-08-20,20,14,6
2017-08-20,20,9,11
2017-08-20,20,13,7
2017-08-20,20,9,11
2017-08-20,8,2,6
2017-08-20,4,2,2
2017-08-20,1,0,1
2017-08-20,5,5,0
2017-08-20,4,2,2
2017-08-20,3,1,2
2017-08-21,0,0,0
2017-08-21,0,0,0
2017-08-21,0,0,0
2017-08-21,0,0,0
2017-08-21,0,0,0
2017-08-21,0,0,0
2017-08-21,6,1,5
2017-08-21,9,6,3
2017-08-21,11,4,7
2017-08-21,9,5,4
2017-08-21,6,5,1
2017-08-21,8,5,3
2017-08-21,17,10,7
2017-08-21,9,6,3
2017-08-21,13,7,6
2017-08-21,8,5,3
2017-08-21,14,9,5
2017-08-21,21,14,7
2017-08-21,20,14,6
2017-08-21,14,5,9
2017-08-21,5,3,2
2017-08-21,6,2,4
2017-08-21,4,1,3
2017-08-21,1,0,1
2017-08-22,2,1,1
2017-08-22,0,0,0
2017-08-22,1,0,1
2017-08-22,0,0,0
2017-08-22,0,0,0
2017-08-22,1,1,0
2017-08-22,4,1,3
2017-08-22,8,3,5
2017-08-22,8,1,7
2017-08-22,5,3,2
2017-08-22,11,7,4
2017-08-22,8,4,4
2017-08-22,6,4,2
2017-08-22,8,5,3
2017-08-22,17,11,6
2017-08-22,16,9,7
2017-08-22,32,18,14
2017-08-22,12,5,7
2017-08-22,21,15,6
2017-08-22,18,12,6
2017-08-22,15,5,10
2017-08-22,4,1,3
2017-08-22,1,0,1
2017-08-22,0,0,0
2017-08-23,2,1,1
2017-08-23,0,0,0
2017-08-23,0,0,0
2017-08-23,0,0,0
2017-08-23,0,0,0
2017-08-23,0,0,0
2017-08-23,2,0,2
2017-08-23,10,1,9
2017-08-23,11,3,8
2017-08-23,18,11,7
2017-08-23,12,6,6
2017-08-23,8,2,6
2017-08-23,11,10,1
2017-08-23,5,3,2
2017-08-23,11,6,5
2017-08-23,10,4,6
2017-08-23,11,7,4
2017-08-23,25,17,8
2017-08-23,20,12,8
2017-08-23,18,9,9
2017-08-23,10,2,8
2017-08-23,5,3,2
2017-08-23,0,0,0
2017-08-23,3,0,3
2017-08-24,1,1,0
2017-08-24,1,0,1
2017-08-24,1,0,1
2017-08-24,0,0,0
2017-08-24,0,0,0
2017-08-24,2,1,1
2017-08-24,6,2,4
2017-08-24,18,9,9
2017-08-24,11,4,7
2017-08-24,14,7,7
2017-08-24,3,1,2
2017-08-24,9,7,2
2017-08-24,13,7,6
2017-08-24,12,6,6
2017-08-24,10,4,6
2017-08-24,10,7,3
2017-08-24,20,13,7
2017-08-24,20,10,10
2017-08-24,24,10,14
2017-08-24,9,3,6
2017-08-24,8,2,6
2017-08-24,5,0,5
2017-08-24,1,1,0
2017-08-24,0,0,0
2017-08-25,1,1,0
2017-08-25,1,1,0
2017-08-25,0,0,0
2017-08-25,0,0,0
2017-08-25,2,1,1
2017-08-25,0,0,0
2017-08-25,3,1,2
2017-08-25,11,3,8
2017-08-25,10,3,7
2017-08-25,5,2,3
2017-08-25,17,8,9
2017-08-25,6,1,5
2017-08-25,20,12,8
2017-08-25,7,4,3
2017-08-25,15,5,10
2017-08-25,19,8,11
2017-08-25,8,3,5
2017-08-25,24,9,15
2017-08-25,14,7,7
2017-08-25,13,3,10
2017-08-25,10,6,4
2017-08-25,4,2,2
2017-08-25,3,2,1
2017-08-25,2,1,1
2017-08-26,2,0,2
2017-08-26,1,0,1
2017-08-26,1,1,0
2017-08-26,0,0,0
2017-08-26,0,0,0
2017-08-26,0,0,0
2017-08-26,0,0,0
2017-08-26,1,1,0
2017-08-26,6,2,4
2017-08-26,23,9,14
2017-08-26,11,4,7
2017-08-26,17,8,9
2017-08-26,25,9,16
2017-08-26,20,15,5
2017-08-26,20,12,8
2017-08-26,23,16,7
2017-08-26,29,15,14
2017-08-26,18,11,7
2017-08-26,10,4,6
2017-08-26,6,2,4
2017-08-26,10,3,7
2017-08-26,3,1,2
2017-08-26,7,3,4
2017-08-26,2,1,1
2017-08-27,1,1,0
2017-08-27,2,1,1
2017-08-27,1,0,1
2017-08-27,0,0,0
2017-08-27,0,0,0
2017-08-27,0,0,0
2017-08-27,1,1,0
2017-08-27,3,1,2
2017-08-27,6,5,1
2017-08-27,14,8,6
2017-08-27,16,11,5
2017-08-27,24,7,17
2017-08-27,24,15,9
2017-08-27,21,15,6
2017-08-27,25,15,10
2017-08-27,13,6,7
2017-08-27,19,12,7
2017-08-27,7,3,4
2017-08-27,9,2,7
2017-08-27,9,7,2
2017-08-27,6,2,4
2017-08-27,3,1,2
2017-08-27,5,1,4
2017-08-27,1,1,0
2017-08-28,0,0,0
2017-08-28,0,0,0
2017-08-28,0,0,0
2017-08-28,0,0,0
2017-08-28,0,0,0
2017-08-28,0,0,0
2017-08-28,3,3,0
2017-08-28,18,6,12
2017-08-28,12,7,5
2017-08-28,10,7,3
2017-08-28,8,3,5
2017-08-28,13,11,2
2017-08-28,11,8,3
2017-08-28,6,5,1
2017-08-28,13,7,6
2017-08-28,10,6,4
2017-08-28,14,7,7
2017-08-28,14,4,10
2017-08-28,27,15,12
2017-08-28,11,8,3
2017-08-28,9,3,6
2017-08-28,4,4,0
2017-08-28,1,0,1
2017-08-28,2,1,1
2017-08-29,4,2,2
2017-08-29,0,0,0
2017-08-29,0,0,0
2017-08-29,0,0,0
2017-08-29,0,0,0
2017-08-29,2,1,1
2017-08-29,3,0,3
2017-08-29,6,2,4
2017-08-29,14,6,8
2017-08-29,10,4,6
2017-08-29,7,4,3
2017-08-29,11,6,5
2017-08-29,7,3,4
2017-08-29,12,6,6
2017-08-29,9,7,2
2017-08-29,10,4,6
2017-08-29,17,6,11
2017-08-29,21,12,9
2017-08-29,34,24,10
2017-08-29,20,9,11
2017-08-29,18,7,11
2017-08-29,8,3,5
2017-08-29,5,4,1
2017-08-29,3,0,3
2017-08-30,0,0,0
2017-08-30,1,0,1
2017-08-30,0,0,0
2017-08-30,0,0,0
2017-08-30,0,0,0
2017-08-30,0,0,0
2017-08-30,3,1,2
2017-08-30,8,4,4
2017-08-30,7,3,4
2017-08-30,10,6,4
2017-08-30,13,8,5
2017-08-30,10,6,4
2017-08-30,13,9,4
2017-08-30,9,3,6
2017-08-30,9,6,3
2017-08-30,2,1,1
2017-08-30,9,3,6
2017-08-30,15,6,9
2017-08-30,24,14,10
2017-08-30,18,12,6
2017-08-30,15,7,8
2017-08-30,5,2,3
2017-08-30,2,0,2
2017-08-30,4,1,3
2017-08-31,0,0,0
2017-08-31,0,0,0
2017-08-31,0,0,0
2017-08-31,1,1,0
2017-08-31,0,0,0
2017-08-31,0,0,0
2017-08-31,6,0,6
2017-08-31,7,3,4
2017-08-31,5,3,2
2017-08-31,12,5,7
2017-08-31,7,3,4
2017-08-31,0,0,0
2017-08-31,10,5,5
2017-08-31,4,3,1
2017-08-31,14,6,8
2017-08-31,11,8,3
2017-08-31,15,9,6
2017-08-31,16,7,9
2017-08-31,14,10,4
2017-08-31,6,2,4
2017-08-31,9,5,4
2017-08-31,10,1,9
2017-08-31,6,3,3
2017-08-31,4,2,2
2017-09-01,0,0,0
2017-09-01,0,0,0
2017-09-01,2,0,2
2017-09-01,0,0,0
2017-09-01,1,1,0
2017-09-01,0,0,0
2017-09-01,0,0,0
2017-09-01,7,2,5
2017-09-01,8,5,3
2017-09-01,14,7,7
2017-09-01,13,3,10
2017-09-01,6,2,4
2017-09-01,7,2,5
2017-09-01,15,14,1
2017-09-01,11,6,5
2017-09-01,12,4,8
2017-09-01,12,5,7
2017-09-01,13,8,5
2017-09-01,19,8,11
2017-09-01,25,14,11
2017-09-01,7,2,5
2017-09-01,7,4,3
2017-09-01,2,1,1
2017-09-01,4,1,3
2017-09-02,0,0,0
2017-09-02,1,0,1
2017-09-02,0,0,0
2017-09-02,1,0,1
2017-09-02,1,0,1
2017-09-02,1,0,1
2017-09-02,2,1,1
2017-09-02,1,0,1
2017-09-02,2,1,1
2017-09-02,11,6,5
2017-09-02,15,8,7
2017-09-02,17,9,8
2017-09-02,16,4,12
2017-09-02,19,14,5
2017-09-02,13,6,7
2017-09-02,14,7,7
2017-09-02,23,13,10
2017-09-02,12,6,6
2017-09-02,21,13,8
2017-09-02,9,4,5
2017-09-02,9,0,9
2017-09-02,4,2,2
2017-09-02,1,0,1
2017-09-02,5,2,3
2017-09-03,3,1,2
2017-09-03,1,0,1
2017-09-03,0,0,0
2017-09-03,2,0,2
2017-09-03,0,0,0
2017-09-03,0,0,0
2017-09-03,1,0,1
2017-09-03,2,2,0
2017-09-03,2,0,2
2017-09-03,5,0,5
2017-09-03,4,1,3
2017-09-03,20,6,14
2017-09-03,22,7,15
2017-09-03,22,11,11
2017-09-03,18,8,10
2017-09-03,8,4,4
2017-09-03,11,3,8
2017-09-03,14,8,6
2017-09-03,10,5,5
2017-09-03,13,7,6
2017-09-03,9,1,8
2017-09-03,5,0,5
2017-09-03,3,2,1
2017-09-03,4,4,0
2017-09-04,1,1,0
2017-09-04,1,0,1
2017-09-04,1,1,0
2017-09-04,0,0,0
2017-09-04,0,0,0
2017-09-04,0,0,0
2017-09-04,3,2,1
2017-09-04,6,4,2
2017-09-04,4,2,2
2017-09-04,8,6,2
2017-09-04,14,7,7
2017-09-04,11,5,6
2017-09-04,11,2,9
2017-09-04,8,3,5
2017-09-04,2,0,2
2017-09-04,24,11,13
2017-09-04,17,7,10
2017-09-04,19,10,9
2017-09-04,10,2,8
2017-09-04,10,2,8
2017-09-04,5,1,4
2017-09-04,5,3,2
2017-09-04,2,1,1
2017-09-04,1,0,1
2017-09-05,0,0,0
2017-09-05,0,0,0
2017-09-05,0,0,0
2017-09-05,0,0,0
2017-09-05,1,1,0
2017-09-05,0,0,0
2017-09-05,2,0,2
2017-09-05,10,3,7
2017-09-05,3,1,2
2017-09-05,3,0,3
2017-09-05,7,3,4
2017-09-05,9,5,4
2017-09-05,9,3,6
2017-09-05,8,4,4
2017-09-05,9,3,6
2017-09-05,5,2,3
2017-09-05,10,3,7
2017-09-05,18,14,4
2017-09-05,16,9,7
2017-09-05,17,13,4
2017-09-05,8,4,4
2017-09-05,8,3,5
2017-09-05,2,0,2
2017-09-05,0,0,0
2017-09-06,2,2,0
2017-09-06,0,0,0
2017-09-06,0,0,0
2017-09-06,0,0,0
2017-09-06,1,1,0
2017-09-06,1,0,1
2017-09-06,5,5,0
2017-09-06,8,1,7
2017-09-06,15,9,6
2017-09-06,6,1,5
2017-09-06,10,3,7
2017-09-06,8,5,3
2017-09-06,4,3,1
2017-09-06,12,9,3
2017-09-06,11,4,7
2017-09-06,9,5,4
2017-09-06,7,4,3
2017-09-06,19,6,13
2017-09-06,20,11,9
2017-09-06,11,6,5
2017-09-06,8,4,4
2017-09-06,3,1,2
2017-09-06,0,0,0
2017-09-06,1,0,1
2017-09-07,1,1,0
2017-09-07,2,1,1
2017-09-07,0,0,0
2017-09-07,0,0,0
2017-09-07,0,0,0
2017-09-07,0,0,0
2017-09-07,2,0,2
2017-09-07,3,1,2
2017-09-07,4,0,4
2017-09-07,8,2,6
2017-09-07,4,3,1
2017-09-07,7,2,5
2017-09-07,4,3,1
2017-09-07,13,7,6
2017-09-07,7,4,3
2017-09-07,9,6,3
2017-09-07,10,5,5
2017-09-07,12,5,7
2017-09-07,16,10,6
2017-09-07,13,8,5
2017-09-07,8,5,3
2017-09-07,3,3,0
2017-09-07,3,1,2
2017-09-07,1,0,1
2017-09-08,0,0,0
2017-09-08,0,0,0
2017-09-08,0,0,0
2017-09-08,0,0,0
2017-09-08,1,0,1
2017-09-08,0,0,0
2017-09-08,5,4,1
2017-09-08,10,4,6
2017-09-08,9,2,7
2017-09-08,13,9,4
2017-09-08,8,3,5
2017-09-08,10,3,7
2017-09-08,12,8,4
2017-09-08,12,8,4
2017-09-08,9,7,2
2017-09-08,12,2,10
2017-09-08,10,4,6
2017-09-08,23,12,11
2017-09-08,18,11,7
2017-09-08,15,6,9
2017-09-08,11,6,5
2017-09-08,3,1,2
2017-09-08,4,2,2
2017-09-08,2,0,2
2017-09-09,0,0,0
2017-09-09,0,0,0
2017-09-09,1,0,1
2017-09-09,0,0,0
2017-09-09,0,0,0
2017-09-09,0,0,0
2017-09-09,1,0,1
2017-09-09,2,0,2
2017-09-09,4,3,1
2017-09-09,8,5,3
2017-09-09,7,5,2
2017-09-09,20,9,11
2017-09-09,16,8,8
2017-09-09,10,3,7
2017-09-09,11,5,6
2017-09-09,9,2,7
2017-09-09,18,4,14
2017-09-09,4,2,2
2017-09-09,3,1,2
2017-09-09,6,0,6
2017-09-09,7,0,7
2017-09-09,3,1,2
2017-09-09,2,1,1
2017-09-09,5,1,4
2017-09-10,4,1,3
2017-09-10,0,0,0
2017-09-10,0,0,0
2017-09-10,0,0,0
2017-09-10,0,0,0
2017-09-10,0,0,0
2017-09-10,0,0,0
2017-09-10,1,1,0
2017-09-10,2,2,0
2017-09-10,6,4,2
2017-09-10,8,1,7
2017-09-10,4,0,4
2017-09-10,10,5,5
2017-09-10,9,3,6
2017-09-10,11,3,8
2017-09-10,17,4,13
2017-09-10,7,4,3
2017-09-10,14,11,3
2017-09-10,14,5,9
2017-09-10,11,5,6
2017-09-10,10,5,5
2017-09-10,0,0,0
2017-09-10,0,0,0
2017-09-10,3,1,2
2017-09-11,0,0,0
2017-09-11,1,1,0
2017-09-11,0,0,0
2017-09-11,0,0,0
2017-09-11,0,0,0
2017-09-11,0,0,0
2017-09-11,3,2,1
2017-09-11,11,5,6
2017-09-11,16,5,11
2017-09-11,4,1,3
2017-09-11,6,0,6
2017-09-11,7,2,5
2017-09-11,12,5,7
2017-09-11,9,4,5
2017-09-11,11,4,7
2017-09-11,21,12,9
2017-09-11,13,7,6
2017-09-11,9,2,7
2017-09-11,17,13,4
2017-09-11,12,9,3
2017-09-11,13,3,10
2017-09-11,3,1,2
2017-09-11,4,2,2
2017-09-11,0,0,0
2017-09-12,0,0,0
2017-09-12,0,0,0
2017-09-12,1,1,0
2017-09-12,1,1,0
2017-09-12,1,0,1
2017-09-12,1,0,1
2017-09-12,2,0,2
2017-09-12,15,4,11
2017-09-12,17,11,6
2017-09-12,9,4,5
2017-09-12,5,2,3
2017-09-12,16,8,8
2017-09-12,15,9,6
2017-09-12,9,5,4
2017-09-12,9,7,2
2017-09-12,23,14,9
2017-09-12,19,11,8
2017-09-12,25,16,9
2017-09-12,27,12,15
2017-09-12,16,12,4
2017-09-12,10,5,5
2017-09-12,5,2,3
2017-09-12,3,0,3
2017-09-12,3,1,2
2017-09-13,0,0,0
2017-09-13,0,0,0
2017-09-13,0,0,0
2017-09-13,0,0,0
2017-09-13,1,0,1
2017-09-13,0,0,0
2017-09-13,1,0,1
2017-09-13,9,2,7
2017-09-13,24,7,17
2017-09-13,16,5,11
2017-09-13,8,4,4
2017-09-13,11,8,3
2017-09-13,6,2,4
2017-09-13,10,6,4
2017-09-13,6,4,2
2017-09-13,11,6,5
2017-09-13,9,4,5
2017-09-13,21,14,7
2017-09-13,26,13,13
2017-09-13,11,3,8
2017-09-13,4,2,2
2017-09-13,0,0,0
2017-09-13,2,1,1
2017-09-13,0,0,0
2017-09-14,2,2,0
2017-09-14,1,1,0
2017-09-14,0,0,0
2017-09-14,0,0,0
2017-09-14,0,0,0
2017-09-14,2,0,2
2017-09-14,5,0,5
2017-09-14,5,1,4
2017-09-14,8,1,7
2017-09-14,7,5,2
2017-09-14,9,6,3
2017-09-14,7,5,2
2017-09-14,9,6,3
2017-09-14,7,3,4
2017-09-14,13,2,11
2017-09-14,13,7,6
2017-09-14,20,9,11
2017-09-14,17,9,8
2017-09-14,23,15,8
2017-09-14,11,5,6
2017-09-14,8,3,5
2017-09-14,10,7,3
2017-09-14,0,0,0
2017-09-14,0,0,0
2017-09-15,0,0,0
2017-09-15,0,0,0
2017-09-15,2,0,2
2017-09-15,1,0,1
2017-09-15,0,0,0
2017-09-15,1,0,1
2017-09-15,5,2,3
2017-09-15,7,2,5
2017-09-15,11,5,6
2017-09-15,12,7,5
2017-09-15,22,11,11
2017-09-15,2,1,1
2017-09-15,2,1,1
2017-09-15,5,1,4
2017-09-15,11,2,9
2017-09-15,18,10,8
2017-09-15,17,8,9
2017-09-15,18,9,9
2017-09-15,23,13,10
2017-09-15,23,9,14
2017-09-15,10,5,5
2017-09-15,3,1,2
2017-09-15,6,0,6
2017-09-15,5,1,4
2017-09-16,5,0,5
2017-09-16,2,0,2
2017-09-16,0,0,0
2017-09-16,0,0,0
2017-09-16,1,0,1
2017-09-16,0,0,0
2017-09-16,0,0,0
2017-09-16,2,0,2
2017-09-16,7,4,3
2017-09-16,16,9,7
2017-09-16,9,1,8
2017-09-16,11,0,11
2017-09-16,8,1,7
2017-09-16,5,0,5
2017-09-16,11,3,8
2017-09-16,4,1,3
2017-09-16,6,1,5
2017-09-16,17,8,9
2017-09-16,7,3,4
2017-09-16,10,2,8
2017-09-16,2,2,0
2017-09-16,7,0,7
2017-09-16,2,0,2
2017-09-16,1,1,0
2017-09-17,1,0,1
2017-09-17,1,1,0
2017-09-17,0,0,0
2017-09-17,1,0,1
2017-09-17,1,1,0
2017-09-17,2,1,1
2017-09-17,1,0,1
2017-09-17,1,0,1
2017-09-17,4,1,3
2017-09-17,9,5,4
2017-09-17,7,2,5
2017-09-17,5,1,4
2017-09-17,15,4,11
2017-09-17,6,2,4
2017-09-17,1,0,1
2017-09-17,3,0,3
2017-09-17,2,0,2
2017-09-17,9,2,7
2017-09-17,5,2,3
2017-09-17,1,0,1
2017-09-17,1,0,1
2017-09-17,1,0,1
2017-09-17,1,0,1
2017-09-17,3,1,2
2017-09-18,0,0,0
2017-09-18,0,0,0
2017-09-18,0,0,0
2017-09-18,0,0,0
2017-09-18,0,0,0
2017-09-18,2,1,1
2017-09-18,2,0,2
2017-09-18,3,0,3
2017-09-18,4,1,3
2017-09-18,4,0,4
2017-09-18,2,0,2
2017-09-18,8,2,6
2017-09-18,2,2,0
2017-09-18,7,0,7
2017-09-18,12,3,9
2017-09-18,6,3,3
2017-09-18,8,1,7
2017-09-18,10,6,4
2017-09-18,10,3,7
2017-09-18,6,5,1
2017-09-18,2,1,1
2017-09-18,2,1,1
2017-09-18,2,0,2
2017-09-18,1,0,1
2017-09-19,1,0,1
2017-09-19,0,0,0
2017-09-19,0,0,0
2017-09-19,0,0,0
2017-09-19,0,0,0
2017-09-19,0,0,0
2017-09-19,2,0,2
2017-09-19,1,0,1
2017-09-19,7,0,7
2017-09-19,6,3,3
2017-09-19,4,3,1
2017-09-19,3,2,1
2017-09-19,5,4,1
2017-09-19,3,1,2
2017-09-19,6,3,3
2017-09-19,8,4,4
2017-09-19,2,1,1
2017-09-19,3,1,2
2017-09-19,9,2,7
2017-09-19,13,2,11
2017-09-19,7,0,7
2017-09-19,2,0,2
2017-09-19,1,0,1
2017-09-19,0,0,0
2017-09-20,0,0,0
2017-09-20,0,0,0
2017-09-20,2,0,2
2017-09-20,0,0,0
2017-09-20,0,0,0
2017-09-20,0,0,0
2017-09-20,2,0,2
2017-09-20,7,2,5
2017-09-20,9,0,9
2017-09-20,3,0,3
2017-09-20,8,3,5
2017-09-20,6,1,5
2017-09-20,9,1,8
2017-09-20,9,1,8
2017-09-20,5,2,3
2017-09-20,10,5,5
2017-09-20,14,9,5
2017-09-20,19,12,7
2017-09-20,29,10,19
2017-09-20,20,6,14
2017-09-20,12,4,8
2017-09-20,1,0,1
2017-09-20,0,0,0
2017-09-20,1,0,1
2017-09-21,1,1,0
2017-09-21,0,0,0
2017-09-21,0,0,0
2017-09-21,0,0,0
2017-09-21,0,0,0
2017-09-21,1,1,0
2017-09-21,6,1,5
2017-09-21,8,1,7
2017-09-21,8,4,4
2017-09-21,10,5,5
2017-09-21,3,1,2
2017-09-21,8,4,4
2017-09-21,4,1,3
2017-09-21,2,0,2
2017-09-21,6,1,5
2017-09-21,12,6,6
2017-09-21,8,5,3
2017-09-21,23,10,13
2017-09-21,15,9,6
2017-09-21,10,3,7
2017-09-21,8,5,3
2017-09-21,2,1,1
2017-09-21,1,1,0
2017-09-21,3,2,1
2017-09-22,3,1,2
2017-09-22,0,0,0
2017-09-22,0,0,0
2017-09-22,1,0,1
2017-09-22,1,1,0
2017-09-22,1,0,1
2017-09-22,3,2,1
2017-09-22,6,2,4
2017-09-22,11,5,6
2017-09-22,8,5,3
2017-09-22,12,7,5
2017-09-22,14,8,6
2017-09-22,12,7,5
2017-09-22,17,12,5
2017-09-22,17,11,6
2017-09-22,11,3,8
2017-09-22,8,4,4
2017-09-22,20,13,7
2017-09-22,14,12,2
2017-09-22,8,5,3
2017-09-22,4,1,3
2017-09-22,3,1,2
2017-09-22,1,0,1
2017-09-22,1,0,1
2017-09-23,1,1,0
2017-09-23,5,3,2
2017-09-23,1,0,1
2017-09-23,0,0,0
2017-09-23,1,0,1
2017-09-23,0,0,0
2017-09-23,1,0,1
2017-09-23,2,2,0
2017-09-23,9,3,6
2017-09-23,7,5,2
2017-09-23,9,7,2
2017-09-23,19,12,7
2017-09-23,18,11,7
2017-09-23,17,10,7
2017-09-23,8,6,2
2017-09-23,12,4,8
2017-09-23,12,6,6
2017-09-23,20,12,8
2017-09-23,12,9,3
2017-09-23,3,1,2
2017-09-23,7,3,4
2017-09-23,3,1,2
2017-09-23,0,0,0
2017-09-23,2,2,0
2017-09-24,1,0,1
2017-09-24,2,2,0
2017-09-24,1,1,0
2017-09-24,0,0,0
2017-09-24,0,0,0
2017-09-24,2,0,2
2017-09-24,0,0,0
2017-09-24,4,3,1
2017-09-24,7,4,3
2017-09-24,13,7,6
2017-09-24,10,8,2
2017-09-24,6,4,2
2017-09-24,0,0,0
2017-09-24,0,0,0
2017-09-24,0,0,0
2017-09-24,0,0,0
2017-09-24,0,0,0
2017-09-24,0,0,0
2017-09-24,0,0,0
2017-09-24,0,0,0
2017-09-24,0,0,0
2017-09-24,0,0,0
2017-09-24,0,0,0
2017-09-24,0,0,0
2017-09-25,0,0,0
2017-09-25,0,0,0
2017-09-25,0,0,0
2017-09-25,0,0,0
2017-09-25,0,0,0
2017-09-25,0,0,0
2017-09-25,0,0,0
2017-09-25,4,2,2
2017-09-25,10,5,5
2017-09-25,9,7,2
2017-09-25,8,4,4
2017-09-25,5,1,4
2017-09-25,5,2,3
2017-09-25,13,10,3
2017-09-25,12,8,4
2017-09-25,10,8,2
2017-09-25,18,8,10
2017-09-25,15,7,8
2017-09-25,13,6,7
2017-09-25,7,2,5
2017-09-25,3,2,1
2017-09-25,1,1,0
2017-09-25,2,0,2
2017-09-25,0,0,0
2017-09-26,1,0,1
2017-09-26,0,0,0
2017-09-26,0,0,0
2017-09-26,0,0,0
2017-09-26,0,0,0
2017-09-26,0,0,0
2017-09-26,1,0,1
2017-09-26,9,4,5
2017-09-26,17,9,8
2017-09-26,9,6,3
2017-09-26,10,7,3
2017-09-26,5,2,3
2017-09-26,13,10,3
2017-09-26,11,5,6
2017-09-26,8,3,5
2017-09-26,14,9,5
2017-09-26,9,3,6
2017-09-26,18,10,8
2017-09-26,20,11,9
2017-09-26,13,8,5
2017-09-26,6,3,3
2017-09-26,6,2,4
2017-09-26,3,2,1
2017-09-26,2,2,0
2017-09-27,1,1,0
2017-09-27,0,0,0
2017-09-27,0,0,0
2017-09-27,1,1,0
2017-09-27,0,0,0
2017-09-27,1,1,0
2017-09-27,4,2,2
2017-09-27,10,4,6
2017-09-27,15,7,8
2017-09-27,12,8,4
2017-09-27,7,4,3
2017-09-27,9,8,1
2017-09-27,12,6,6
2017-09-27,8,0,8
2017-09-27,7,5,2
2017-09-27,13,5,8
2017-09-27,12,7,5
2017-09-27,21,13,8
2017-09-27,26,15,11
2017-09-27,12,6,6
2017-09-27,6,2,4
2017-09-27,2,1,1
2017-09-27,5,1,4
2017-09-27,3,2,1
2017-09-28,0,0,0
2017-09-28,0,0,0
2017-09-28,1,1,0
2017-09-28,1,1,0
2017-09-28,0,0,0
2017-09-28,0,0,0
2017-09-28,2,0,2
2017-09-28,6,3,3
2017-09-28,9,3,6
2017-09-28,11,8,3
2017-09-28,14,4,10
2017-09-28,10,10,0
2017-09-28,7,4,3
2017-09-28,13,10,3
2017-09-28,14,6,8
2017-09-28,8,3,5
2017-09-28,15,6,9
2017-09-28,26,16,10
2017-09-28,33,25,8
2017-09-28,19,7,12
2017-09-28,10,4,6
2017-09-28,8,3,5
2017-09-28,7,5,2
2017-09-28,1,0,1
2017-09-29,1,1,0
2017-09-29,0,0,0
2017-09-29,1,0,1
2017-09-29,0,0,0
2017-09-29,2,2,0
2017-09-29,2,1,1
2017-09-29,1,0,1
2017-09-29,6,2,4
2017-09-29,5,2,3
2017-09-29,3,3,0
2017-09-29,9,5,4
2017-09-29,8,4,4
2017-09-29,3,2,1
2017-09-29,7,4,3
2017-09-29,9,6,3
2017-09-29,7,6,1
2017-09-29,14,9,5
2017-09-29,14,10,4
2017-09-29,11,8,3
2017-09-29,9,4,5
2017-09-29,10,8,2
2017-09-29,9,5,4
2017-09-29,1,0,1
2017-09-29,2,1,1
2017-09-30,1,0,1
2017-09-30,0,0,0
2017-09-30,2,1,1
2017-09-30,0,0,0
2017-09-30,1,0,1
2017-09-30,0,0,0
2017-09-30,0,0,0
2017-09-30,2,1,1
2017-09-30,5,3,2
2017-09-30,13,7,6
2017-09-30,12,11,1
2017-09-30,18,7,11
2017-09-30,10,9,1
2017-09-30,12,8,4
2017-09-30,11,8,3
2017-09-30,11,9,2
2017-09-30,11,6,5
2017-09-30,8,5,3
2017-09-30,14,11,3
2017-09-30,5,3,2
2017-09-30,6,4,2
2017-09-30,2,1,1
2017-09-30,3,1,2
2017-09-30,1,1,0
2017-10-01,2,0,2
2017-10-01,0,0,0
2017-10-01,3,1,2
2017-10-01,1,1,0
2017-10-01,1,1,0
2017-10-01,0,0,0
2017-10-01,1,1,0
2017-10-01,2,2,0
2017-10-01,3,2,1
2017-10-01,7,7,0
2017-10-01,6,4,2
2017-10-01,15,9,6
2017-10-01,21,12,9
2017-10-01,18,9,9
2017-10-01,15,9,6
2017-10-01,15,10,5
2017-10-01,18,8,10
2017-10-01,24,15,9
2017-10-01,9,7,2
2017-10-01,3,2,1
2017-10-01,7,4,3
2017-10-01,1,1,0
2017-10-01,3,1,2
2017-10-01,1,0,1
2017-10-02,0,0,0
2017-10-02,0,0,0
2017-10-02,0,0,0
2017-10-02,0,0,0
2017-10-02,0,0,0
2017-10-02,2,0,2
2017-10-02,3,3,0
2017-10-02,9,6,3
2017-10-02,10,4,6
2017-10-02,8,7,1
2017-10-02,5,2,3
2017-10-02,6,5,1
2017-10-02,8,6,2
2017-10-02,5,4,1
2017-10-02,9,8,1
2017-10-02,9,6,3
2017-10-02,13,10,3
2017-10-02,18,13,5
2017-10-02,20,10,10
2017-10-02,13,9,4
2017-10-02,5,2,3
2017-10-02,7,4,3
2017-10-02,3,2,1
2017-10-02,2,0,2
2017-10-03,0,0,0
2017-10-03,0,0,0
2017-10-03,0,0,0
2017-10-03,0,0,0
2017-10-03,0,0,0
2017-10-03,0,0,0
2017-10-03,3,1,2
2017-10-03,14,6,8
2017-10-03,15,3,12
2017-10-03,6,3,3
2017-10-03,4,2,2
2017-10-03,7,5,2
2017-10-03,10,5,5
2017-10-03,10,8,2
2017-10-03,8,8,0
2017-10-03,14,8,6
2017-10-03,15,9,6
2017-10-03,23,12,11
2017-10-03,25,18,7
2017-10-03,4,2,2
2017-10-03,0,0,0
2017-10-03,0,0,0
2017-10-03,0,0,0
2017-10-03,0,0,0
2017-10-04,0,0,0
2017-10-04,0,0,0
2017-10-04,0,0,0
2017-10-04,0,0,0
2017-10-04,0,0,0
2017-10-04,0,0,0
2017-10-04,0,0,0
2017-10-04,6,3,3
2017-10-04,7,3,4
2017-10-04,6,5,1
2017-10-04,9,4,5
2017-10-04,10,8,2
2017-10-04,10,7,3
2017-10-04,8,5,3
2017-10-04,7,6,1
2017-10-04,9,3,6
2017-10-04,15,10,5
2017-10-04,19,15,4
2017-10-04,25,16,9
2017-10-04,17,4,13
2017-10-04,8,5,3
2017-10-04,4,2,2
2017-10-04,4,1,3
2017-10-04,0,0,0
2017-10-05,0,0,0
2017-10-05,1,0,1
2017-10-05,0,0,0
2017-10-05,0,0,0
2017-10-05,0,0,0
2017-10-05,1,0,1
2017-10-05,3,1,2
2017-10-05,11,4,7
2017-10-05,9,4,5
2017-10-05,5,4,1
2017-10-05,6,3,3
2017-10-05,11,6,5
2017-10-05,11,9,2
2017-10-05,3,3,0
2017-10-05,11,4,7
2017-10-05,15,9,6
2017-10-05,12,9,3
2017-10-05,16,11,5
2017-10-05,18,9,9
2017-10-05,12,4,8
2017-10-05,5,1,4
2017-10-05,1,1,0
2017-10-05,2,1,1
2017-10-05,0,0,0
2017-10-06,0,0,0
2017-10-06,2,1,1
2017-10-06,0,0,0
2017-10-06,0,0,0
2017-10-06,0,0,0
2017-10-06,0,0,0
2017-10-06,4,1,3
2017-10-06,6,3,3
2017-10-06,9,3,6
2017-10-06,8,7,1
2017-10-06,7,3,4
2017-10-06,10,6,4
2017-10-06,13,10,3
2017-10-06,5,1,4
2017-10-06,11,7,4
2017-10-06,10,6,4
2017-10-06,17,7,10
2017-10-06,14,5,9
2017-10-06,17,8,9
2017-10-06,4,3,1
2017-10-06,5,1,4
2017-10-06,4,2,2
2017-10-06,3,1,2
2017-10-06,1,1,0
2017-10-07,0,0,0
2017-10-07,1,1,0
2017-10-07,0,0,0
2017-10-07,0,0,0
2017-10-07,0,0,0
2017-10-07,0,0,0
2017-10-07,1,1,0
2017-10-07,0,0,0
2017-10-07,3,2,1
2017-10-07,11,5,6
2017-10-07,14,10,4
2017-10-07,10,3,7
2017-10-07,14,9,5
2017-10-07,7,6,1
2017-10-07,7,6,1
2017-10-07,9,5,4
2017-10-07,13,7,6
2017-10-07,10,5,5
2017-10-07,10,7,3
2017-10-07,7,6,1
2017-10-07,2,0,2
2017-10-07,4,2,2
2017-10-07,1,0,1
2017-10-07,3,2,1
2017-10-08,0,0,0
2017-10-08,2,0,2
2017-10-08,1,1,0
2017-10-08,1,0,1
2017-10-08,2,1,1
2017-10-08,1,0,1
2017-10-08,0,0,0
2017-10-08,0,0,0
2017-10-08,1,1,0
2017-10-08,7,4,3
2017-10-08,13,9,4
2017-10-08,14,9,5
2017-10-08,19,16,3
2017-10-08,12,8,4
2017-10-08,12,6,6
2017-10-08,8,4,4
2017-10-08,13,9,4
2017-10-08,5,3,2
2017-10-08,10,3,7
2017-10-08,3,0,3
2017-10-08,1,0,1
2017-10-08,2,0,2
2017-10-08,1,0,1
2017-10-08,1,1,0
2017-10-09,0,0,0
2017-10-09,0,0,0
2017-10-09,0,0,0
2017-10-09,0,0,0
2017-10-09,0,0,0
2017-10-09,0,0,0
2017-10-09,1,0,1
2017-10-09,8,6,2
2017-10-09,13,6,7
2017-10-09,8,6,2
2017-10-09,6,3,3
2017-10-09,12,9,3
2017-10-09,15,8,7
2017-10-09,12,5,7
2017-10-09,4,3,1
2017-10-09,11,7,4
2017-10-09,8,6,2
2017-10-09,20,13,7
2017-10-09,10,5,5
2017-10-09,5,2,3
2017-10-09,9,4,5
2017-10-09,4,2,2
2017-10-09,4,2,2
2017-10-09,1,1,0
2017-10-10,0,0,0
2017-10-10,1,1,0
2017-10-10,0,0,0
2017-10-10,0,0,0
2017-10-10,0,0,0
2017-10-10,1,0,1
2017-10-10,1,1,0
2017-10-10,13,8,5
2017-10-10,10,5,5
2017-10-10,10,3,7
2017-10-10,11,9,2
2017-10-10,5,3,2
2017-10-10,8,6,2
2017-10-10,10,3,7
2017-10-10,7,5,2
2017-10-10,6,3,3
2017-10-10,6,4,2
2017-10-10,21,13,8
2017-10-10,16,10,6
2017-10-10,6,2,4
2017-10-10,8,3,5
2017-10-10,5,3,2
2017-10-10,2,2,0
2017-10-10,0,0,0
2017-10-11,0,0,0
2017-10-11,0,0,0
2017-10-11,0,0,0
2017-10-11,0,0,0
2017-10-11,0,0,0
2017-10-11,0,0,0
2017-10-11,4,2,2
2017-10-11,4,1,3
2017-10-11,7,4,3
2017-10-11,17,8,9
2017-10-11,9,8,1
2017-10-11,8,5,3
2017-10-11,6,4,2
2017-10-11,9,8,1
2017-10-11,10,8,2
2017-10-11,9,5,4
2017-10-11,7,5,2
2017-10-11,18,14,4
2017-10-11,13,8,5
2017-10-11,10,5,5
2017-10-11,6,5,1
2017-10-11,1,1,0
2017-10-11,2,2,0
2017-10-11,0,0,0
2017-10-12,1,0,1
2017-10-12,1,1,0
2017-10-12,0,0,0
2017-10-12,0,0,0
2017-10-12,0,0,0
2017-10-12,0,0,0
2017-10-12,4,1,3
2017-10-12,8,2,6
2017-10-12,8,4,4
2017-10-12,3,1,2
2017-10-12,6,6,0
2017-10-12,6,4,2
2017-10-12,4,1,3
2017-10-12,3,2,1
2017-10-12,4,2,2
2017-10-12,6,4,2
2017-10-12,12,3,9
2017-10-12,10,8,2
2017-10-12,18,11,7
2017-10-12,8,2,6
2017-10-12,9,5,4
2017-10-12,4,1,3
2017-10-12,1,1,0
2017-10-12,4,3,1
2017-10-13,0,0,0
2017-10-13,0,0,0
2017-10-13,0,0,0
2017-10-13,0,0,0
2017-10-13,0,0,0
2017-10-13,1,0,1
2017-10-13,2,1,1
2017-10-13,4,1,3
2017-10-13,6,4,2
2017-10-13,11,4,7
2017-10-13,6,3,3
2017-10-13,11,6,5
2017-10-13,6,3,3
2017-10-13,3,1,2
2017-10-13,11,7,4
2017-10-13,9,8,1
2017-10-13,14,10,4
2017-10-13,16,12,4
2017-10-13,14,7,7
2017-10-13,8,2,6
2017-10-13,4,3,1
2017-10-13,1,0,1
2017-10-13,2,0,2
2017-10-13,2,1,1
2017-10-14,0,0,0
2017-10-14,0,0,0
2017-10-14,4,3,1
2017-10-14,0,0,0
2017-10-14,0,0,0
2017-10-14,0,0,0
2017-10-14,1,1,0
2017-10-14,3,2,1
2017-10-14,2,0,2
2017-10-14,11,10,1
2017-10-14,8,6,2
2017-10-14,16,6,10
2017-10-14,18,7,11
2017-10-14,15,13,2
2017-10-14,12,5,7
2017-10-14,8,3,5
2017-10-14,14,8,6
2017-10-14,6,3,3
2017-10-14,11,4,7
2017-10-14,6,4,2
2017-10-14,3,1,2
2017-10-14,1,0,1
2017-10-14,3,2,1
2017-10-14,1,1,0
2017-10-15,0,0,0
2017-10-15,1,1,0
2017-10-15,0,0,0
2017-10-15,0,0,0
2017-10-15,0,0,0
2017-10-15,0,0,0
2017-10-15,0,0,0
2017-10-15,2,1,1
2017-10-15,8,5,3
2017-10-15,6,3,3
2017-10-15,7,7,0
2017-10-15,17,7,10
2017-10-15,12,11,1
2017-10-15,19,10,9
2017-10-15,22,14,8
2017-10-15,28,16,12
2017-10-15,16,8,8
2017-10-15,13,5,8
2017-10-15,5,2,3
2017-10-15,5,3,2
2017-10-15,6,2,4
2017-10-15,4,2,2
2017-10-15,0,0,0
2017-10-15,1,0,1
2017-10-16,1,0,1
2017-10-16,0,0,0
2017-10-16,0,0,0
2017-10-16,0,0,0
2017-10-16,0,0,0
2017-10-16,1,0,1
2017-10-16,3,2,1
2017-10-16,7,3,4
2017-10-16,15,6,9
2017-10-16,5,3,2
2017-10-16,11,5,6
2017-10-16,3,2,1
2017-10-16,6,2,4
2017-10-16,13,9,4
2017-10-16,6,5,1
2017-10-16,11,5,6
2017-10-16,8,5,3
2017-10-16,15,7,8
2017-10-16,12,7,5
2017-10-16,6,2,4
2017-10-16,0,0,0
2017-10-16,1,0,1
2017-10-16,2,1,1
2017-10-16,1,0,1
2017-10-17,0,0,0
2017-10-17,0,0,0
2017-10-17,2,2,0
2017-10-17,0,0,0
2017-10-17,0,0,0
2017-10-17,2,1,1
2017-10-17,0,0,0
2017-10-17,4,1,3
2017-10-17,4,3,1
2017-10-17,8,2,6
2017-10-17,5,3,2
2017-10-17,7,5,2
2017-10-17,8,7,1
2017-10-17,11,6,5
2017-10-17,9,4,5
2017-10-17,7,4,3
2017-10-17,11,7,4
2017-10-17,11,6,5
2017-10-17,15,9,6
2017-10-17,9,2,7
2017-10-17,2,0,2
2017-10-17,3,1,2
2017-10-17,1,1,0
2017-10-17,1,1,0
2017-10-18,0,0,0
2017-10-18,1,0,1
2017-10-18,0,0,0
2017-10-18,0,0,0
2017-10-18,1,1,0
2017-10-18,0,0,0
2017-10-18,2,2,0
2017-10-18,5,1,4
2017-10-18,7,2,5
2017-10-18,10,4,6
2017-10-18,9,7,2
2017-10-18,4,3,1
2017-10-18,4,2,2
2017-10-18,6,3,3
2017-10-18,5,3,2
2017-10-18,6,3,3
2017-10-18,3,1,2
2017-10-18,6,3,3
2017-10-18,7,5,2
2017-10-18,10,8,2
2017-10-18,2,2,0
2017-10-18,5,3,2
2017-10-18,1,1,0
2017-10-18,0,0,0
2017-10-19,0,0,0
2017-10-19,0,0,0
2017-10-19,0,0,0
2017-10-19,0,0,0
2017-10-19,0,0,0
2017-10-19,1,1,0
2017-10-19,2,1,1
2017-10-19,2,1,1
2017-10-19,7,4,3
2017-10-19,3,3,0
2017-10-19,9,8,1
2017-10-19,3,3,0
2017-10-19,2,1,1
2017-10-19,6,5,1
2017-10-19,10,6,4
2017-10-19,7,5,2
2017-10-19,3,3,0
2017-10-19,9,8,1
2017-10-19,6,2,4
2017-10-19,7,4,3
2017-10-19,4,2,2
2017-10-19,3,2,1
2017-10-19,2,2,0
2017-10-19,1,1,0
2017-10-20,2,2,0
2017-10-20,1,0,1
2017-10-20,0,0,0
2017-10-20,0,0,0
2017-10-20,0,0,0
2017-10-20,0,0,0
2017-10-20,4,4,0
2017-10-20,5,2,3
2017-10-20,9,4,5
2017-10-20,8,6,2
2017-10-20,12,8,4
2017-10-20,8,7,1
2017-10-20,15,11,4
2017-10-20,8,6,2
2017-10-20,3,2,1
2017-10-20,6,3,3
2017-10-20,14,12,2
2017-10-20,12,5,7
2017-10-20,8,3,5
2017-10-20,6,4,2
2017-10-20,7,2,5
2017-10-20,6,3,3
2017-10-20,3,2,1
2017-10-20,0,0,0
2017-10-21,1,0,1
2017-10-21,3,1,2
2017-10-21,0,0,0
2017-10-21,2,1,1
2017-10-21,0,0,0
2017-10-21,0,0,0
2017-10-21,1,1,0
2017-10-21,0,0,0
2017-10-21,3,2,1
2017-10-21,13,5,8
2017-10-21,11,10,1
2017-10-21,2,0,2
2017-10-21,11,6,5
2017-10-21,14,10,4
2017-10-21,6,3,3
2017-10-21,2,2,0
2017-10-21,4,3,1
2017-10-21,2,1,1
2017-10-21,4,4,0
2017-10-21,4,4,0
2017-10-21,4,2,2
2017-10-21,1,0,1
2017-10-21,0,0,0
2017-10-21,0,0,0
2017-10-22,0,0,0
2017-10-22,0,0,0
2017-10-22,2,1,1
2017-10-22,0,0,0
2017-10-22,0,0,0
2017-10-22,0,0,0
2017-10-22,0,0,0
2017-10-22,0,0,0
2017-10-22,2,1,1
2017-10-22,3,2,1
2017-10-22,9,5,4
2017-10-22,17,7,10
2017-10-22,17,7,10
2017-10-22,17,10,7
2017-10-22,7,3,4
2017-10-22,10,7,3
2017-10-22,11,2,9
2017-10-22,11,4,7
2017-10-22,5,1,4
2017-10-22,5,4,1
2017-10-22,1,0,1
2017-10-22,3,0,3
2017-10-22,0,0,0
2017-10-22,1,1,0
2017-10-23,1,0,1
2017-10-23,0,0,0
2017-10-23,0,0,0
2017-10-23,0,0,0
2017-10-23,0,0,0
2017-10-23,0,0,0
2017-10-23,6,2,4
2017-10-23,8,3,5
2017-10-23,11,6,5
2017-10-23,15,10,5
2017-10-23,6,2,4
2017-10-23,5,3,2
2017-10-23,7,4,3
2017-10-23,18,9,9
2017-10-23,9,4,5
2017-10-23,19,9,10
2017-10-23,27,12,15
2017-10-23,20,8,12
2017-10-23,15,9,6
2017-10-23,4,2,2
2017-10-23,6,2,4
2017-10-23,1,1,0
2017-10-23,2,0,2
2017-10-23,0,0,0
2017-10-24,1,1,0
2017-10-24,0,0,0
2017-10-24,1,1,0
2017-10-24,0,0,0
2017-10-24,0,0,0
2017-10-24,0,0,0
2017-10-24,2,1,1
2017-10-24,11,6,5
2017-10-24,13,7,6
2017-10-24,8,4,4
2017-10-24,9,8,1
2017-10-24,5,3,2
2017-10-24,13,5,8
2017-10-24,9,4,5
2017-10-24,13,7,6
2017-10-24,10,5,5
2017-10-24,7,4,3
2017-10-24,22,12,10
2017-10-24,14,7,7
2017-10-24,12,6,6
2017-10-24,6,2,4
2017-10-24,4,2,2
2017-10-24,0,0,0
2017-10-24,3,2,1
2017-10-25,0,0,0
2017-10-25,0,0,0
2017-10-25,0,0,0
2017-10-25,0,0,0
2017-10-25,0,0,0
2017-10-25,0,0,0
2017-10-25,1,1,0
2017-10-25,6,2,4
2017-10-25,8,4,4
2017-10-25,4,2,2
2017-10-25,7,6,1
2017-10-25,19,12,7
2017-10-25,9,9,0
2017-10-25,10,8,2
2017-10-25,4,3,1
2017-10-25,11,5,6
2017-10-25,9,5,4
2017-10-25,15,8,7
2017-10-25,19,8,11
2017-10-25,7,4,3
2017-10-25,7,2,5
2017-10-25,6,3,3
2017-10-25,4,2,2
2017-10-25,3,2,1
2017-10-26,1,0,1
2017-10-26,1,0,1
2017-10-26,0,0,0
2017-10-26,0,0,0
2017-10-26,0,0,0
2017-10-26,0,0,0
2017-10-26,6,2,4
2017-10-26,3,1,2
2017-10-26,7,5,2
2017-10-26,9,5,4
2017-10-26,2,1,1
2017-10-26,13,11,2
2017-10-26,1,0,1
2017-10-26,12,4,8
2017-10-26,9,7,2
2017-10-26,15,11,4
2017-10-26,25,11,14
2017-10-26,25,15,10
2017-10-26,23,14,9
2017-10-26,10,5,5
2017-10-26,4,2,2
2017-10-26,1,1,0
2017-10-26,3,0,3
2017-10-26,1,1,0
2017-10-27,0,0,0
2017-10-27,1,1,0
2017-10-27,0,0,0
2017-10-27,0,0,0
2017-10-27,0,0,0
2017-10-27,1,0,1
2017-10-27,4,3,1
2017-10-27,8,0,8
2017-10-27,7,4,3
2017-10-27,8,6,2
2017-10-27,13,9,4
2017-10-27,7,5,2
2017-10-27,5,5,0
2017-10-27,3,3,0
2017-10-27,8,5,3
2017-10-27,21,13,8
2017-10-27,14,6,8
2017-10-27,9,3,6
2017-10-27,12,10,2
2017-10-27,8,5,3
2017-10-27,7,6,1
2017-10-27,5,3,2
2017-10-27,0,0,0
2017-10-27,2,1,1
2017-10-28,0,0,0
2017-10-28,3,2,1
2017-10-28,0,0,0
2017-10-28,0,0,0
2017-10-28,0,0,0
2017-10-28,0,0,0
2017-10-28,0,0,0
2017-10-28,3,1,2
2017-10-28,2,0,2
2017-10-28,8,3,5
2017-10-28,8,5,3
2017-10-28,11,8,3
2017-10-28,18,6,12
2017-10-28,12,9,3
2017-10-28,15,10,5
2017-10-28,17,7,10
2017-10-28,9,6,3
2017-10-28,11,6,5
2017-10-28,9,3,6
2017-10-28,3,3,0
2017-10-28,6,1,5
2017-10-28,3,1,2
2017-10-28,1,0,1
2017-10-28,0,0,0
2017-10-29,1,0,1
2017-10-29,4,3,1
2017-10-29,0,0,0
2017-10-29,0,0,0
2017-10-29,0,0,0
2017-10-29,0,0,0
2017-10-29,0,0,0
2017-10-29,2,1,1
2017-10-29,3,1,2
2017-10-29,8,2,6
2017-10-29,8,7,1
2017-10-29,14,8,6
2017-10-29,15,5,10
2017-10-29,15,10,5
2017-10-29,24,13,11
2017-10-29,18,6,12
2017-10-29,20,10,10
2017-10-29,10,9,1
2017-10-29,3,2,1
2017-10-29,1,1,0
2017-10-29,2,1,1
2017-10-29,2,1,1
2017-10-29,1,0,1
2017-10-29,3,1,2
2017-10-30,0,0,0
2017-10-30,0,0,0
2017-10-30,0,0,0
2017-10-30,0,0,0
2017-10-30,0,0,0
2017-10-30,1,0,1
2017-10-30,2,0,2
2017-10-30,8,5,3
2017-10-30,9,3,6
2017-10-30,8,5,3
2017-10-30,7,3,4
2017-10-30,7,6,1
2017-10-30,9,7,2
2017-10-30,10,7,3
2017-10-30,6,6,0
2017-10-30,10,8,2
2017-10-30,11,7,4
2017-10-30,20,13,7
2017-10-30,23,14,9
2017-10-30,4,2,2
2017-10-30,2,1,1
2017-10-30,2,0,2
2017-10-30,0,0,0
2017-10-30,0,0,0
2017-10-31,0,0,0
2017-10-31,0,0,0
2017-10-31,0,0,0
2017-10-31,0,0,0
2017-10-31,0,0,0
2017-10-31,1,1,0
2017-10-31,1,0,1
2017-10-31,9,3,6
2017-10-31,5,5,0
2017-10-31,7,3,4
2017-10-31,7,2,5
2017-10-31,8,6,2
2017-10-31,5,1,4
2017-10-31,14,6,8
2017-10-31,7,3,4
2017-10-31,8,6,2
2017-10-31,8,4,4
2017-10-31,14,4,10
2017-10-31,7,4,3
2017-10-31,5,3,2
2017-10-31,5,2,3
2017-10-31,2,0,2
2017-10-31,3,1,2
2017-10-31,1,1,0
2017-11-01,1,0,1
2017-11-01,0,0,0
2017-11-01,0,0,0
2017-11-01,0,0,0
2017-11-01,2,1,1
2017-11-01,1,1,0
2017-11-01,2,2,0
2017-11-01,2,1,1
2017-11-01,4,3,1
2017-11-01,5,3,2
2017-11-01,5,4,1
2017-11-01,6,5,1
2017-11-01,6,4,2
2017-11-01,9,7,2
2017-11-01,12,6,6
2017-11-01,10,5,5
2017-11-01,8,7,1
2017-11-01,11,5,6
2017-11-01,13,4,9
2017-11-01,4,1,3
2017-11-01,3,1,2
2017-11-01,0,0,0
2017-11-01,1,0,1
2017-11-01,2,2,0
2017-11-02,0,0,0
2017-11-02,1,1,0
2017-11-02,0,0,0
2017-11-02,0,0,0
2017-11-02,0,0,0
2017-11-02,0,0,0
2017-11-02,1,1,0
2017-11-02,1,0,1
2017-11-02,4,2,2
2017-11-02,8,8,0
2017-11-02,12,6,6
2017-11-02,5,3,2
2017-11-02,7,2,5
2017-11-02,7,4,3
2017-11-02,6,1,5
2017-11-02,7,5,2
2017-11-02,8,4,4
2017-11-02,11,7,4
2017-11-02,14,3,11
2017-11-02,8,2,6
2017-11-02,6,4,2
2017-11-02,1,0,1
2017-11-02,1,0,1
2017-11-02,4,2,2
2017-11-03,4,3,1
2017-11-03,0,0,0
2017-11-03,0,0,0
2017-11-03,1,1,0
2017-11-03,2,1,1
2017-11-03,0,0,0
2017-11-03,1,0,1
2017-11-03,4,1,3
2017-11-03,8,5,3
2017-11-03,13,10,3
2017-11-03,4,4,0
2017-11-03,8,7,1
2017-11-03,5,3,2
2017-11-03,9,7,2
2017-11-03,7,5,2
2017-11-03,8,4,4
2017-11-03,12,7,5
2017-11-03,9,8,1
2017-11-03,9,5,4
2017-11-03,8,7,1
2017-11-03,8,4,4
2017-11-03,1,0,1
2017-11-03,2,1,1
2017-11-03,0,0,0
2017-11-04,2,1,1
2017-11-04,1,1,0
2017-11-04,0,0,0
2017-11-04,0,0,0
2017-11-04,0,0,0
2017-11-04,1,1,0
2017-11-04,1,1,0
2017-11-04,2,2,0
2017-11-04,2,1,1
2017-11-04,6,4,2
2017-11-04,5,4,1
2017-11-04,9,7,2
2017-11-04,12,8,4
2017-11-04,10,6,4
2017-11-04,12,9,3
2017-11-04,4,2,2
2017-11-04,5,1,4
2017-11-04,3,3,0
2017-11-04,6,5,1
2017-11-04,2,1,1
2017-11-04,2,1,1
2017-11-04,0,0,0
2017-11-04,2,2,0
2017-11-04,0,0,0
2017-11-05,0,0,0
2017-11-05,1,0,1
2017-11-05,1,0,1
2017-11-05,0,0,0
2017-11-05,0,0,0
2017-11-05,0,0,0
2017-11-05,0,0,0
2017-11-05,0,0,0
2017-11-05,1,1,0
2017-11-05,0,0,0
2017-11-05,1,0,1
2017-11-05,0,0,0
2017-11-05,0,0,0
2017-11-05,0,0,0
2017-11-05,0,0,0
2017-11-05,3,2,1
2017-11-05,6,5,1
2017-11-05,5,3,2
2017-11-05,2,2,0
2017-11-05,1,0,1
2017-11-05,1,1,0
2017-11-05,0,0,0
2017-11-05,0,0,0
2017-11-05,0,0,0
2017-11-06,0,0,0
2017-11-06,0,0,0
2017-11-06,0,0,0
2017-11-06,0,0,0
2017-11-06,0,0,0
2017-11-06,2,1,1
2017-11-06,5,4,1
2017-11-06,4,1,3
2017-11-06,5,4,1
2017-11-06,3,3,0
2017-11-06,6,3,3
2017-11-06,4,4,0
2017-11-06,3,2,1
2017-11-06,6,6,0
2017-11-06,8,6,2
2017-11-06,5,2,3
2017-11-06,5,1,4
2017-11-06,9,4,5
2017-11-06,9,6,3
2017-11-06,8,4,4
2017-11-06,10,4,6
2017-11-06,0,0,0
2017-11-06,4,2,2
2017-11-06,1,0,1
2017-11-07,2,0,2
2017-11-07,0,0,0
2017-11-07,0,0,0
2017-11-07,1,0,1
2017-11-07,0,0,0
2017-11-07,1,0,1
2017-11-07,3,0,3
2017-11-07,9,6,3
2017-11-07,15,12,3
2017-11-07,16,12,4
2017-11-07,6,5,1
2017-11-07,15,13,2
2017-11-07,10,5,5
2017-11-07,6,5,1
2017-11-07,11,8,3
2017-11-07,8,7,1
2017-11-07,13,9,4
2017-11-07,28,25,3
2017-11-07,24,16,8
2017-11-07,25,19,6
2017-11-07,5,2,3
2017-11-07,3,0,3
2017-11-07,1,0,1
2017-11-07,0,0,0
2017-11-08,0,0,0
2017-11-08,3,3,0
2017-11-08,0,0,0
2017-11-08,0,0,0
2017-11-08,0,0,0
2017-11-08,3,1,2
2017-11-08,2,1,1
2017-11-08,7,2,5
2017-11-08,0,0,0
2017-11-08,7,5,2
2017-11-08,8,7,1
2017-11-08,8,3,5
2017-11-08,4,3,1
2017-11-08,8,6,2
2017-11-08,4,3,1
2017-11-08,6,4,2
2017-11-08,6,2,4
2017-11-08,5,3,2
2017-11-08,4,2,2
2017-11-08,8,5,3
2017-11-08,4,2,2
2017-11-08,2,2,0
2017-11-08,0,0,0
2017-11-08,1,0,1
2017-11-09,0,0,0
2017-11-09,0,0,0
2017-11-09,1,1,0
2017-11-09,0,0,0
2017-11-09,0,0,0
2017-11-09,0,0,0
2017-11-09,2,2,0
2017-11-09,5,2,3
2017-11-09,6,4,2
2017-11-09,7,6,1
2017-11-09,2,1,1
2017-11-09,7,5,2
2017-11-09,5,4,1
2017-11-09,5,2,3
2017-11-09,2,1,1
2017-11-09,7,4,3
2017-11-09,10,4,6
2017-11-09,10,5,5
2017-11-09,9,7,2
2017-11-09,5,3,2
2017-11-09,9,7,2
2017-11-09,1,0,1
2017-11-09,0,0,0
2017-11-09,0,0,0
2017-11-10,0,0,0
2017-11-10,0,0,0
2017-11-10,0,0,0
2017-11-10,0,0,0
2017-11-10,0,0,0
2017-11-10,0,0,0
2017-11-10,3,2,1
2017-11-10,6,4,2
2017-11-10,4,4,0
2017-11-10,7,6,1
2017-11-10,7,6,1
2017-11-10,10,7,3
2017-11-10,10,8,2
2017-11-10,18,13,5
2017-11-10,12,5,7
2017-11-10,7,6,1
2017-11-10,9,6,3
2017-11-10,5,2,3
2017-11-10,5,2,3
2017-11-10,7,5,2
2017-11-10,5,4,1
2017-11-10,1,0,1
2017-11-10,0,0,0
2017-11-10,4,4,0
2017-11-11,1,1,0
2017-11-11,0,0,0
2017-11-11,0,0,0
2017-11-11,0,0,0
2017-11-11,0,0,0
2017-11-11,0,0,0
2017-11-11,0,0,0
2017-11-11,4,3,1
2017-11-11,2,1,1
2017-11-11,4,4,0
2017-11-11,5,4,1
2017-11-11,3,1,2
2017-11-11,8,4,4
2017-11-11,8,6,2
2017-11-11,3,2,1
2017-11-11,10,4,6
2017-11-11,9,8,1
2017-11-11,5,2,3
2017-11-11,7,2,5
2017-11-11,3,2,1
2017-11-11,3,2,1
2017-11-11,4,4,0
2017-11-11,0,0,0
2017-11-11,1,0,1
2017-11-12,0,0,0
2017-11-12,0,0,0
2017-11-12,0,0,0
2017-11-12,0,0,0
2017-11-12,0,0,0
2017-11-12,0,0,0
2017-11-12,1,1,0
2017-11-12,0,0,0
2017-11-12,1,1,0
2017-11-12,4,3,1
2017-11-12,5,1,4
2017-11-12,10,6,4
2017-11-12,9,5,4
2017-11-12,17,5,12
2017-11-12,9,8,1
2017-11-12,3,1,2
2017-11-12,6,4,2
2017-11-12,4,2,2
2017-11-12,3,3,0
2017-11-12,0,0,0
2017-11-12,0,0,0
2017-11-12,1,1,0
2017-11-12,0,0,0
2017-11-12,0,0,0
2017-11-13,0,0,0
2017-11-13,0,0,0
2017-11-13,0,0,0
2017-11-13,0,0,0
2017-11-13,0,0,0
2017-11-13,0,0,0
2017-11-13,3,3,0
2017-11-13,9,4,5
2017-11-13,3,3,0
2017-11-13,4,3,1
2017-11-13,9,3,6
2017-11-13,5,0,5
2017-11-13,8,4,4
2017-11-13,1,0,1
2017-11-13,5,3,2
2017-11-13,11,6,5
2017-11-13,5,1,4
2017-11-13,8,5,3
2017-11-13,7,5,2
2017-11-13,6,4,2
2017-11-13,4,2,2
2017-11-13,3,3,0
2017-11-13,0,0,0
2017-11-13,0,0,0
2017-11-14,0,0,0
2017-11-14,1,0,1
2017-11-14,0,0,0
2017-11-14,0,0,0
2017-11-14,3,1,2
2017-11-14,0,0,0
2017-11-14,1,1,0
2017-11-14,6,3,3
2017-11-14,4,4,0
2017-11-14,4,2,2
2017-11-14,9,7,2
2017-11-14,4,2,2
2017-11-14,8,3,5
2017-11-14,5,4,1
2017-11-14,6,4,2
2017-11-14,4,1,3
2017-11-14,9,6,3
2017-11-14,11,2,9
2017-11-14,11,8,3
2017-11-14,8,5,3
2017-11-14,5,0,5
2017-11-14,0,0,0
2017-11-14,1,0,1
2017-11-14,0,0,0
2017-11-15,0,0,0
2017-11-15,0,0,0
2017-11-15,0,0,0
2017-11-15,0,0,0
2017-11-15,0,0,0
2017-11-15,0,0,0
2017-11-15,1,1,0
2017-11-15,2,1,1
2017-11-15,5,3,2
2017-11-15,4,4,0
2017-11-15,4,2,2
2017-11-15,4,4,0
2017-11-15,6,5,1
2017-11-15,5,3,2
2017-11-15,5,2,3
2017-11-15,3,0,3
2017-11-15,7,4,3
2017-11-15,16,7,9
2017-11-15,12,3,9
2017-11-15,7,4,3
2017-11-15,2,1,1
2017-11-15,0,0,0
2017-11-15,0,0,0
2017-11-15,3,1,2
2017-11-16,2,1,1
2017-11-16,0,0,0
2017-11-16,0,0,0
2017-11-16,0,0,0
2017-11-16,0,0,0
2017-11-16,1,1,0
2017-11-16,1,0,1
2017-11-16,8,3,5
2017-11-16,5,1,4
2017-11-16,3,2,1
2017-11-16,7,5,2
2017-11-16,11,4,7
2017-11-16,6,4,2
2017-11-16,4,2,2
2017-11-16,7,4,3
2017-11-16,3,3,0
2017-11-16,6,3,3
2017-11-16,16,12,4
2017-11-16,7,3,4
2017-11-16,4,2,2
2017-11-16,1,0,1
2017-11-16,1,0,1
2017-11-16,1,0,1
2017-11-16,0,0,0
2017-11-17,1,0,1
2017-11-17,1,0,1
2017-11-17,0,0,0
2017-11-17,0,0,0
2017-11-17,0,0,0
2017-11-17,2,1,1
2017-11-17,4,1,3
2017-11-17,6,5,1
2017-11-17,10,2,8
2017-11-17,9,8,1
2017-11-17,14,8,6
2017-11-17,4,2,2
2017-11-17,16,14,2
2017-11-17,14,9,5
2017-11-17,12,6,6
2017-11-17,6,2,4
2017-11-17,12,6,6
2017-11-17,11,7,4
2017-11-17,9,6,3
2017-11-17,1,0,1
2017-11-17,7,3,4
2017-11-17,1,1,0
2017-11-17,1,0,1
2017-11-17,2,2,0
2017-11-18,0,0,0
2017-11-18,1,0,1
2017-11-18,0,0,0
2017-11-18,0,0,0
2017-11-18,0,0,0
2017-11-18,0,0,0
2017-11-18,0,0,0
2017-11-18,2,1,1
2017-11-18,3,2,1
2017-11-18,3,3,0
2017-11-18,7,5,2
2017-11-18,11,6,5
2017-11-18,19,7,12
2017-11-18,12,6,6
2017-11-18,11,6,5
2017-11-18,10,2,8
2017-11-18,8,4,4
2017-11-18,13,6,7
2017-11-18,6,2,4
2017-11-18,7,6,1
2017-11-18,3,2,1
2017-11-18,2,1,1
2017-11-18,4,2,2
2017-11-18,2,1,1
2017-11-19,2,0,2
2017-11-19,0,0,0
2017-11-19,0,0,0
2017-11-19,0,0,0
2017-11-19,0,0,0
2017-11-19,0,0,0
2017-11-19,0,0,0
2017-11-19,2,2,0
2017-11-19,3,0,3
2017-11-19,8,6,2
2017-11-19,7,6,1
2017-11-19,9,5,4
2017-11-19,10,4,6
2017-11-19,18,16,2
2017-11-19,7,3,4
2017-11-19,2,2,0
2017-11-19,2,2,0
2017-11-19,1,1,0
2017-11-19,4,4,0
2017-11-19,2,0,2
2017-11-19,4,1,3
2017-11-19,2,2,0
2017-11-19,0,0,0
2017-11-19,0,0,0
2017-11-20,2,2,0
2017-11-20,0,0,0
2017-11-20,0,0,0
2017-11-20,0,0,0
2017-11-20,0,0,0
2017-11-20,0,0,0
2017-11-20,1,1,0
2017-11-20,3,1,2
2017-11-20,1,1,0
2017-11-20,5,3,2
2017-11-20,2,0,2
2017-11-20,2,2,0
2017-11-20,4,2,2
2017-11-20,9,6,3
2017-11-20,2,1,1
2017-11-20,4,3,1
2017-11-20,2,2,0
2017-11-20,6,4,2
2017-11-20,6,3,3
2017-11-20,4,3,1
2017-11-20,3,1,2
2017-11-20,7,2,5
2017-11-20,1,1,0
2017-11-20,0,0,0
2017-11-21,2,1,1
2017-11-21,0,0,0
2017-11-21,0,0,0
2017-11-21,0,0,0
2017-11-21,0,0,0
2017-11-21,2,0,2
2017-11-21,2,2,0
2017-11-21,2,1,1
2017-11-21,1,0,1
2017-11-21,4,2,2
2017-11-21,2,1,1
2017-11-21,3,2,1
2017-11-21,1,0,1
2017-11-21,3,2,1
2017-11-21,3,2,1
2017-11-21,5,3,2
2017-11-21,7,5,2
2017-11-21,9,5,4
2017-11-21,15,13,2
2017-11-21,4,2,2
2017-11-21,5,3,2
2017-11-21,4,0,4
2017-11-21,2,0,2
2017-11-21,0,0,0
2017-11-22,0,0,0
2017-11-22,0,0,0
2017-11-22,0,0,0
2017-11-22,0,0,0
2017-11-22,0,0,0
2017-11-22,0,0,0
2017-11-22,2,1,1
2017-11-22,4,2,2
2017-11-22,4,3,1
2017-11-22,6,3,3
2017-11-22,12,9,3
2017-11-22,1,1,0
2017-11-22,5,4,1
2017-11-22,2,0,2
2017-11-22,6,2,4
2017-11-22,8,8,0
2017-11-22,13,7,6
2017-11-22,9,4,5
2017-11-22,8,5,3
2017-11-22,3,2,1
2017-11-22,0,0,0
2017-11-22,4,4,0
2017-11-22,2,2,0
2017-11-22,1,0,1
2017-11-23,0,0,0
2017-11-23,0,0,0
2017-11-23,0,0,0
2017-11-23,1,0,1
2017-11-23,0,0,0
2017-11-23,0,0,0
2017-11-23,0,0,0
2017-11-23,1,1,0
2017-11-23,3,3,0
2017-11-23,0,0,0
2017-11-23,1,1,0
2017-11-23,1,0,1
2017-11-23,2,2,0
2017-11-23,2,1,1
2017-11-23,2,1,1
2017-11-23,1,0,1
2017-11-23,2,0,2
2017-11-23,0,0,0
2017-11-23,1,0,1
2017-11-23,2,0,2
2017-11-23,1,1,0
2017-11-23,0,0,0
2017-11-23,4,2,2
2017-11-23,0,0,0
2017-11-24,0,0,0
2017-11-24,0,0,0
2017-11-24,0,0,0
2017-11-24,0,0,0
2017-11-24,0,0,0
2017-11-24,1,1,0
2017-11-24,0,0,0
2017-11-24,1,0,1
2017-11-24,4,4,0
2017-11-24,1,1,0
2017-11-24,11,5,6
2017-11-24,8,8,0
2017-11-24,17,12,5
2017-11-24,8,5,3
2017-11-24,9,6,3
2017-11-24,6,3,3
2017-11-24,6,4,2
2017-11-24,5,1,4
2017-11-24,3,1,2
2017-11-24,3,2,1
2017-11-24,4,1,3
2017-11-24,1,0,1
2017-11-24,0,0,0
2017-11-24,1,1,0
2017-11-25,0,0,0
2017-11-25,0,0,0
2017-11-25,2,1,1
2017-11-25,0,0,0
2017-11-25,0,0,0
2017-11-25,0,0,0
2017-11-25,0,0,0
2017-11-25,2,1,1
2017-11-25,1,1,0
2017-11-25,4,2,2
2017-11-25,11,8,3
2017-11-25,9,4,5
2017-11-25,10,6,4
2017-11-25,6,4,2
2017-11-25,6,2,4
2017-11-25,5,4,1
2017-11-25,9,3,6
2017-11-25,5,5,0
2017-11-25,5,4,1
2017-11-25,5,2,3
2017-11-25,2,0,2
2017-11-25,1,0,1
2017-11-25,1,0,1
2017-11-25,0,0,0
2017-11-26,0,0,0
2017-11-26,0,0,0
2017-11-26,0,0,0
2017-11-26,0,0,0
2017-11-26,0,0,0
2017-11-26,1,0,1
2017-11-26,0,0,0
2017-11-26,1,0,1
2017-11-26,0,0,0
2017-11-26,1,0,1
2017-11-26,4,3,1
2017-11-26,6,4,2
2017-11-26,4,2,2
2017-11-26,6,4,2
2017-11-26,3,1,2
2017-11-26,3,2,1
2017-11-26,5,2,3
2017-11-26,3,3,0
2017-11-26,2,0,2
2017-11-26,2,1,1
2017-11-26,5,1,4
2017-11-26,0,0,0
2017-11-26,1,0,1
2017-11-26,0,0,0
2017-11-27,0,0,0
2017-11-27,0,0,0
2017-11-27,0,0,0
2017-11-27,0,0,0
2017-11-27,1,1,0
2017-11-27,0,0,0
2017-11-27,2,2,0
2017-11-27,8,4,4
2017-11-27,5,4,1
2017-11-27,11,6,5
2017-11-27,6,4,2
2017-11-27,6,3,3
2017-11-27,2,0,2
2017-11-27,6,6,0
2017-11-27,7,5,2
2017-11-27,3,2,1
2017-11-27,11,5,6
2017-11-27,10,6,4
2017-11-27,10,5,5
2017-11-27,9,5,4
2017-11-27,2,0,2
2017-11-27,0,0,0
2017-11-27,1,1,0
2017-11-27,0,0,0
2017-11-28,0,0,0
2017-11-28,0,0,0
2017-11-28,0,0,0
2017-11-28,0,0,0
2017-11-28,0,0,0
2017-11-28,0,0,0
2017-11-28,2,0,2
2017-11-28,4,1,3
2017-11-28,4,3,1
2017-11-28,1,0,1
2017-11-28,2,1,1
2017-11-28,1,1,0
2017-11-28,5,2,3
2017-11-28,4,2,2
2017-11-28,2,0,2
2017-11-28,0,0,0
2017-11-28,5,5,0
2017-11-28,15,7,8
2017-11-28,6,4,2
2017-11-28,3,1,2
2017-11-28,4,2,2
2017-11-28,3,1,2
2017-11-28,0,0,0
2017-11-28,2,0,2
2017-11-29,0,0,0
2017-11-29,1,1,0
2017-11-29,3,0,3
2017-11-29,0,0,0
2017-11-29,0,0,0
2017-11-29,0,0,0
2017-11-29,3,1,2
2017-11-29,6,2,4
2017-11-29,5,5,0
2017-11-29,5,4,1
2017-11-29,5,2,3
2017-11-29,7,2,5
2017-11-29,6,5,1
2017-11-29,2,2,0
2017-11-29,5,4,1
2017-11-29,6,3,3
2017-11-29,4,3,1
2017-11-29,8,4,4
2017-11-29,3,1,2
2017-11-29,14,9,5
2017-11-29,4,1,3
2017-11-29,2,0,2
2017-11-29,0,0,0
2017-11-29,1,0,1
2017-11-30,0,0,0
2017-11-30,1,1,0
2017-11-30,0,0,0
2017-11-30,0,0,0
2017-11-30,0,0,0
2017-11-30,0,0,0
2017-11-30,0,0,0
2017-11-30,9,3,6
2017-11-30,5,3,2
2017-11-30,3,3,0
2017-11-30,4,2,2
2017-11-30,4,2,2
2017-11-30,5,3,2
2017-11-30,4,1,3
2017-11-30,4,1,3
2017-11-30,7,3,4
2017-11-30,7,4,3
2017-11-30,7,2,5
2017-11-30,3,1,2
2017-11-30,5,2,3
2017-11-30,0,0,0
2017-11-30,0,0,0
2017-11-30,0,0,0
2017-11-30,0,0,0
2017-12-01,0,0,0
2017-12-01,0,0,0
2017-12-01,0,0,0
2017-12-01,0,0,0
2017-12-01,0,0,0
2017-12-01,1,0,1
2017-12-01,3,1,2
2017-12-01,9,7,2
2017-12-01,8,4,4
2017-12-01,10,9,1
2017-12-01,6,4,2
2017-12-01,5,1,4
2017-12-01,4,3,1
2017-12-01,3,2,1
2017-12-01,3,2,1
2017-12-01,5,2,3
2017-12-01,11,4,7
2017-12-01,4,4,0
2017-12-01,4,0,4
2017-12-01,4,4,0
2017-12-01,5,4,1
2017-12-01,3,3,0
2017-12-01,0,0,0
2017-12-01,2,2,0
2017-12-02,0,0,0
2017-12-02,0,0,0
2017-12-02,0,0,0
2017-12-02,1,0,1
2017-12-02,0,0,0
2017-12-02,0,0,0
2017-12-02,0,0,0
2017-12-02,2,1,1
2017-12-02,2,1,1
2017-12-02,9,4,5
2017-12-02,4,2,2
2017-12-02,4,1,3
2017-12-02,8,5,3
2017-12-02,7,2,5
2017-12-02,5,0,5
2017-12-02,13,0,13
2017-12-02,9,1,8
2017-12-02,12,1,11
2017-12-02,1,0,1
2017-12-02,3,1,2
2017-12-02,5,4,1
2017-12-02,4,0,4
2017-12-02,2,0,2
2017-12-02,2,0,2
2017-12-03,1,1,0
2017-12-03,1,0,1
2017-12-03,3,1,2
2017-12-03,0,0,0
2017-12-03,0,0,0
2017-12-03,0,0,0
2017-12-03,1,0,1
2017-12-03,1,0,1
2017-12-03,3,1,2
2017-12-03,6,0,6
2017-12-03,15,2,13
2017-12-03,24,4,20
2017-12-03,21,1,20
2017-12-03,36,7,29
2017-12-03,18,0,18
2017-12-03,24,2,22
2017-12-03,17,1,16
2017-12-03,18,1,17
2017-12-03,18,0,18
2017-12-03,10,1,9
2017-12-03,4,0,4
2017-12-03,10,0,10
2017-12-03,2,0,2
2017-12-03,8,0,8
2017-12-04,0,0,0
2017-12-04,3,0,3
2017-12-04,0,0,0
2017-12-04,1,0,1
2017-12-04,2,0,2
2017-12-04,3,0,3
2017-12-04,8,0,8
2017-12-04,4,0,4
2017-12-04,20,0,20
2017-12-04,23,2,21
2017-12-04,19,2,17
2017-12-04,22,0,22
2017-12-04,19,1,18
2017-12-04,27,2,25
2017-12-04,18,1,17
2017-12-04,33,6,27
2017-12-04,29,1,28
2017-12-04,19,1,18
2017-12-04,24,0,24
2017-12-04,11,1,10
2017-12-04,12,1,11
2017-12-04,13,0,13
2017-12-04,5,1,4
2017-12-04,5,0,5
2017-12-05,2,0,2
2017-12-05,4,0,4
2017-12-05,1,0,1
2017-12-05,1,0,1
2017-12-05,3,0,3
2017-12-05,3,0,3
2017-12-05,6,0,6
2017-12-05,13,1,12
2017-12-05,17,2,15
2017-12-05,17,1,16
2017-12-05,15,1,14
2017-12-05,18,1,17
2017-12-05,24,3,21
2017-12-05,32,1,31
2017-12-05,25,0,25
2017-12-05,33,3,30
2017-12-05,7,0,7
2017-12-05,14,1,13
2017-12-05,9,0,9
2017-12-05,10,0,10
2017-12-05,18,0,18
2017-12-05,10,0,10
2017-12-05,6,0,6
2017-12-05,5,0,5
2017-12-06,2,0,2
2017-12-06,0,0,0
2017-12-06,0,0,0
2017-12-06,1,0,1
2017-12-06,2,0,2
2017-12-06,3,0,3
2017-12-06,4,2,2
2017-12-06,10,1,9
2017-12-06,10,0,10
2017-12-06,6,0,6
2017-12-06,18,1,17
2017-12-06,14,0,14
2017-12-06,15,0,15
2017-12-06,21,0,21
2017-12-06,12,1,11
2017-12-06,13,3,10
2017-12-06,12,0,12
2017-12-06,10,3,7
2017-12-06,6,5,1
2017-12-06,5,0,5
2017-12-06,4,0,4
2017-12-06,4,0,4
2017-12-06,5,4,1
2017-12-06,2,0,2
2017-12-07,0,0,0
2017-12-07,1,0,1
2017-12-07,0,0,0
2017-12-07,0,0,0
2017-12-07,1,0,1
2017-12-07,3,0,3
2017-12-07,5,0,5
2017-12-07,6,0,6
2017-12-07,14,5,9
2017-12-07,7,1,6
2017-12-07,5,3,2
2017-12-07,10,6,4
2017-12-07,11,2,9
2017-12-07,8,3,5
2017-12-07,10,5,5
2017-12-07,2,0,2
2017-12-07,5,1,4
2017-12-07,16,1,15
2017-12-07,12,0,12
2017-12-07,11,0,11
2017-12-07,10,0,10
2017-12-07,5,0,5
2017-12-07,6,0,6
2017-12-07,3,0,3
2017-12-08,1,0,1
2017-12-08,0,0,0
2017-12-08,0,0,0
2017-12-08,1,0,1
2017-12-08,0,0,0
2017-12-08,2,0,2
2017-12-08,3,0,3
2017-12-08,5,1,4
2017-12-08,0,0,0
2017-12-08,0,0,0
2017-12-08,1,0,1
2017-12-08,8,1,7
2017-12-08,8,1,7
2017-12-08,11,1,10
2017-12-08,23,6,17
2017-12-08,25,1,24
2017-12-08,21,1,20
2017-12-08,15,0,15
2017-12-08,7,1,6
2017-12-08,11,1,10
2017-12-08,22,0,22
2017-12-08,7,1,6
2017-12-08,9,0,9
2017-12-08,2,0,2
2017-12-09,6,4,2
2017-12-09,1,0,1
2017-12-09,1,0,1
2017-12-09,0,0,0
2017-12-09,1,0,1
2017-12-09,0,0,0
2017-12-09,0,0,0
2017-12-09,1,0,1
2017-12-09,4,0,4
2017-12-09,11,2,9
2017-12-09,10,1,9
2017-12-09,22,2,20
2017-12-09,21,1,20
2017-12-09,19,4,15
2017-12-09,18,1,17
2017-12-09,11,2,9
2017-12-09,15,2,13
2017-12-09,7,0,7
2017-12-09,7,0,7
2017-12-09,3,1,2
2017-12-09,2,1,1
2017-12-09,3,0,3
2017-12-09,4,2,2
2017-12-09,1,0,1
2017-12-10,0,0,0
2017-12-10,1,1,0
2017-12-10,0,0,0
2017-12-10,0,0,0
2017-12-10,0,0,0
2017-12-10,0,0,0
2017-12-10,0,0,0
2017-12-10,0,0,0
2017-12-10,1,0,1
2017-12-10,1,0,1
2017-12-10,4,1,3
2017-12-10,5,5,0
2017-12-10,8,5,3
2017-12-10,13,8,5
2017-12-10,5,1,4
2017-12-10,5,3,2
2017-12-10,7,5,2
2017-12-10,5,0,5
2017-12-10,6,3,3
2017-12-10,2,2,0
2017-12-10,2,0,2
2017-12-10,0,0,0
2017-12-10,1,0,1
2017-12-10,0,0,0
2017-12-11,1,0,1
2017-12-11,0,0,0
2017-12-11,0,0,0
2017-12-11,0,0,0
2017-12-11,0,0,0
2017-12-11,0,0,0
2017-12-11,1,1,0
2017-12-11,2,0,2
2017-12-11,4,1,3
2017-12-11,5,5,0
2017-12-11,3,1,2
2017-12-11,7,6,1
2017-12-11,9,7,2
2017-12-11,2,0,2
2017-12-11,5,2,3
2017-12-11,0,0,0
2017-12-11,5,4,1
2017-12-11,10,3,7
2017-12-11,9,2,7
2017-12-11,6,0,6
2017-12-11,6,0,6
2017-12-11,7,1,6
2017-12-11,2,0,2
2017-12-11,0,0,0
2017-12-12,1,0,1
2017-12-12,0,0,0
2017-12-12,0,0,0
2017-12-12,2,0,2
2017-12-12,0,0,0
2017-12-12,0,0,0
2017-12-12,0,0,0
2017-12-12,2,0,2
2017-12-12,1,1,0
2017-12-12,4,1,3
2017-12-12,4,0,4
2017-12-12,5,2,3
2017-12-12,5,4,1
2017-12-12,4,3,1
2017-12-12,4,3,1
2017-12-12,12,2,10
2017-12-12,4,1,3
2017-12-12,8,2,6
2017-12-12,8,2,6
2017-12-12,9,1,8
2017-12-12,6,0,6
2017-12-12,2,1,1
2017-12-12,2,0,2
2017-12-12,6,0,6
2017-12-13,2,0,2
2017-12-13,0,0,0
2017-12-13,0,0,0
2017-12-13,0,0,0
2017-12-13,3,0,3
2017-12-13,1,0,1
2017-12-13,0,0,0
2017-12-13,3,0,3
2017-12-13,2,1,1
2017-12-13,7,1,6
2017-12-13,4,1,3
2017-12-13,7,2,5
2017-12-13,3,1,2
2017-12-13,2,0,2
2017-12-13,8,3,5
2017-12-13,4,0,4
2017-12-13,10,0,10
2017-12-13,7,1,6
2017-12-13,10,0,10
2017-12-13,6,0,6
2017-12-13,5,0,5
2017-12-13,2,0,2
2017-12-13,3,0,3
2017-12-13,1,0,1
2017-12-14,0,0,0
2017-12-14,0,0,0
2017-12-14,0,0,0
2017-12-14,0,0,0
2017-12-14,0,0,0
2017-12-14,0,0,0
2017-12-14,1,1,0
2017-12-14,1,0,1
2017-12-14,2,2,0
2017-12-14,7,3,4
2017-12-14,5,1,4
2017-12-14,8,0,8
2017-12-14,2,0,2
2017-12-14,5,1,4
2017-12-14,7,0,7
2017-12-14,4,0,4
2017-12-14,11,4,7
2017-12-14,12,4,8
2017-12-14,10,1,9
2017-12-14,6,0,6
2017-12-14,6,1,5
2017-12-14,3,0,3
2017-12-14,0,0,0
2017-12-14,0,0,0
2017-12-15,2,0,2
2017-12-15,0,0,0
2017-12-15,0,0,0
2017-12-15,0,0,0
2017-12-15,0,0,0
2017-12-15,1,0,1
2017-12-15,2,1,1
2017-12-15,3,3,0
2017-12-15,2,0,2
2017-12-15,4,1,3
2017-12-15,3,1,2
2017-12-15,4,3,1
2017-12-15,3,0,3
2017-12-15,4,1,3
2017-12-15,8,5,3
2017-12-15,5,1,4
2017-12-15,4,1,3
2017-12-15,4,0,4
2017-12-15,6,5,1
2017-12-15,1,1,0
2017-12-15,1,0,1
2017-12-15,2,0,2
2017-12-15,2,1,1
2017-12-15,2,0,2
2017-12-16,2,1,1
2017-12-16,0,0,0
2017-12-16,1,1,0
2017-12-16,0,0,0
2017-12-16,0,0,0
2017-12-16,1,0,1
2017-12-16,1,1,0
2017-12-16,0,0,0
2017-12-16,5,1,4
2017-12-16,1,0,1
2017-12-16,2,2,0
2017-12-16,5,1,4
2017-12-16,6,6,0
2017-12-16,2,2,0
2017-12-16,7,6,1
2017-12-16,1,1,0
2017-12-16,3,1,2
2017-12-16,8,1,7
2017-12-16,1,1,0
2017-12-16,1,0,1
2017-12-16,0,0,0
2017-12-16,2,2,0
2017-12-16,1,0,1
2017-12-16,1,0,1
2017-12-17,0,0,0
2017-12-17,0,0,0
2017-12-17,0,0,0
2017-12-17,0,0,0
2017-12-17,0,0,0
2017-12-17,0,0,0
2017-12-17,0,0,0
2017-12-17,0,0,0
2017-12-17,2,0,2
2017-12-17,0,0,0
2017-12-17,0,0,0
2017-12-17,4,2,2
2017-12-17,8,5,3
2017-12-17,5,1,4
2017-12-17,3,0,3
2017-12-17,4,3,1
2017-12-17,2,0,2
2017-12-17,1,0,1
2017-12-17,0,0,0
2017-12-17,0,0,0
2017-12-17,1,0,1
2017-12-17,1,1,0
2017-12-17,0,0,0
2017-12-17,0,0,0
2017-12-18,1,0,1
2017-12-18,0,0,0
2017-12-18,0,0,0
2017-12-18,0,0,0
2017-12-18,1,0,1
2017-12-18,0,0,0
2017-12-18,1,1,0
2017-12-18,3,2,1
2017-12-18,6,0,6
2017-12-18,2,0,2
2017-12-18,0,0,0
2017-12-18,1,1,0
2017-12-18,3,1,2
2017-12-18,2,2,0
2017-12-18,1,0,1
2017-12-18,2,2,0
2017-12-18,1,1,0
2017-12-18,2,2,0
2017-12-18,6,4,2
2017-12-18,1,0,1
2017-12-18,1,1,0
2017-12-18,2,2,0
2017-12-18,0,0,0
2017-12-18,1,0,1
2017-12-19,0,0,0
2017-12-19,0,0,0
2017-12-19,1,1,0
2017-12-19,0,0,0
2017-12-19,0,0,0
2017-12-19,0,0,0
2017-12-19,5,1,4
2017-12-19,7,0,7
2017-12-19,11,2,9
2017-12-19,15,3,12
2017-12-19,7,0,7
2017-12-19,11,1,10
2017-12-19,10,1,9
2017-12-19,9,0,9
2017-12-19,15,7,8
2017-12-19,15,1,14
2017-12-19,14,4,10
2017-12-19,13,0,13
2017-12-19,9,3,6
2017-12-19,6,2,4
2017-12-19,5,0,5
2017-12-19,2,0,2
2017-12-19,4,0,4
2017-12-19,0,0,0
2017-12-20,0,0,0
2017-12-20,0,0,0
2017-12-20,0,0,0
2017-12-20,0,0,0
2017-12-20,0,0,0
2017-12-20,0,0,0
2017-12-20,0,0,0
2017-12-20,0,0,0
2017-12-20,0,0,0
2017-12-20,0,0,0
2017-12-20,1,0,1
2017-12-20,9,4,5
2017-12-20,16,2,14
2017-12-20,12,1,11
2017-12-20,6,0,6
2017-12-20,8,1,7
2017-12-20,13,1,12
2017-12-20,7,0,7
2017-12-20,11,2,9
2017-12-20,12,0,12
2017-12-20,6,0,6
2017-12-20,5,0,5
2017-12-20,4,0,4
2017-12-20,2,0,2
2017-12-21,0,0,0
2017-12-21,0,0,0
2017-12-21,1,0,1
2017-12-21,0,0,0
2017-12-21,1,0,1
2017-12-21,3,0,3
2017-12-21,0,0,0
2017-12-21,0,0,0
2017-12-21,0,0,0
2017-12-21,7,1,6
2017-12-21,17,0,17
2017-12-21,10,1,9
2017-12-21,11,2,9
2017-12-21,11,3,8
2017-12-21,5,1,4
2017-12-21,12,3,9
2017-12-21,9,3,6
2017-12-21,8,0,8
2017-12-21,8,3,5
2017-12-21,5,0,5
2017-12-21,4,0,4
2017-12-21,4,1,3
2017-12-21,3,0,3
2017-12-21,1,0,1
2017-12-22,2,0,2
2017-12-22,1,0,1
2017-12-22,0,0,0
2017-12-22,0,0,0
2017-12-22,0,0,0
2017-12-22,2,0,2
2017-12-22,0,0,0
2017-12-22,8,3,5
2017-12-22,3,0,3
2017-12-22,5,1,4
2017-12-22,12,3,9
2017-12-22,10,2,8
2017-12-22,10,0,10
2017-12-22,12,5,7
2017-12-22,11,2,9
2017-12-22,16,1,15
2017-12-22,12,6,6
2017-12-22,8,3,5
2017-12-22,11,7,4
2017-12-22,10,3,7
2017-12-22,3,0,3
2017-12-22,3,1,2
2017-12-22,2,0,2
2017-12-22,2,0,2
2017-12-23,0,0,0
2017-12-23,1,0,1
2017-12-23,0,0,0
2017-12-23,2,0,2
2017-12-23,0,0,0
2017-12-23,1,1,0
2017-12-23,0,0,0
2017-12-23,5,0,5
2017-12-23,4,0,4
2017-12-23,9,3,6
2017-12-23,10,1,9
2017-12-23,20,5,15
2017-12-23,11,3,8
2017-12-23,21,10,11
2017-12-23,11,3,8
2017-12-23,5,1,4
2017-12-23,2,0,2
2017-12-23,1,0,1
2017-12-23,9,0,9
2017-12-23,4,0,4
2017-12-23,4,2,2
2017-12-23,10,1,9
2017-12-23,0,0,0
2017-12-23,0,0,0
2017-12-24,0,0,0
2017-12-24,0,0,0
2017-12-24,0,0,0
2017-12-24,0,0,0
2017-12-24,0,0,0
2017-12-24,0,0,0
2017-12-24,0,0,0
2017-12-24,0,0,0
2017-12-24,0,0,0
2017-12-24,0,0,0
2017-12-24,6,1,5
2017-12-24,12,0,12
2017-12-24,4,0,4
2017-12-24,6,0,6
2017-12-24,1,0,1
2017-12-24,9,2,7
2017-12-24,0,0,0
2017-12-24,0,0,0
2017-12-24,1,0,1
2017-12-24,0,0,0
2017-12-24,0,0,0
2017-12-24,1,0,1
2017-12-24,1,0,1
2017-12-24,1,0,1
2017-12-25,0,0,0
2017-12-25,1,0,1
2017-12-25,0,0,0
2017-12-25,0,0,0
2017-12-25,0,0,0
2017-12-25,1,0,1
2017-12-25,0,0,0
2017-12-25,1,0,1
2017-12-25,0,0,0
2017-12-25,0,0,0
2017-12-25,1,1,0
2017-12-25,2,0,2
2017-12-25,1,0,1
2017-12-25,1,1,0
2017-12-25,1,0,1
2017-12-25,2,0,2
2017-12-25,2,0,2
2017-12-25,3,3,0
2017-12-25,1,0,1
2017-12-25,1,0,1
2017-12-25,3,0,3
2017-12-25,2,0,2
2017-12-25,1,0,1
2017-12-25,0,0,0
2017-12-26,0,0,0
2017-12-26,0,0,0
2017-12-26,0,0,0
2017-12-26,1,0,1
2017-12-26,2,0,2
2017-12-26,0,0,0
2017-12-26,1,0,1
2017-12-26,3,1,2
2017-12-26,5,0,5
2017-12-26,3,0,3
2017-12-26,5,0,5
2017-12-26,6,1,5
2017-12-26,5,0,5
2017-12-26,8,1,7
2017-12-26,12,1,11
2017-12-26,9,1,8
2017-12-26,8,0,8
2017-12-26,6,0,6
2017-12-26,7,1,6
2017-12-26,3,0,3
2017-12-26,4,0,4
2017-12-26,0,0,0
2017-12-26,1,0,1
2017-12-26,4,0,4
2017-12-27,0,0,0
2017-12-27,0,0,0
2017-12-27,0,0,0
2017-12-27,0,0,0
2017-12-27,1,0,1
2017-12-27,0,0,0
2017-12-27,2,0,2
2017-12-27,4,0,4
2017-12-27,2,1,1
2017-12-27,1,1,0
2017-12-27,1,1,0
2017-12-27,3,3,0
2017-12-27,2,1,1
2017-12-27,8,3,5
2017-12-27,4,1,3
2017-12-27,2,2,0
2017-12-27,2,2,0
2017-12-27,4,3,1
2017-12-27,4,2,2
2017-12-27,1,1,0
2017-12-27,2,0,2
2017-12-27,1,0,1
2017-12-27,0,0,0
2017-12-27,0,0,0
2017-12-28,1,0,1
2017-12-28,0,0,0
2017-12-28,0,0,0
2017-12-28,1,0,1
2017-12-28,0,0,0
2017-12-28,0,0,0
2017-12-28,0,0,0
2017-12-28,3,1,2
2017-12-28,2,0,2
2017-12-28,2,1,1
2017-12-28,3,3,0
2017-12-28,3,2,1
2017-12-28,2,2,0
2017-12-28,7,6,1
2017-12-28,5,3,2
2017-12-28,5,5,0
2017-12-28,2,1,1
2017-12-28,3,2,1
2017-12-28,2,0,2
2017-12-28,2,0,2
2017-12-28,2,1,1
2017-12-28,0,0,0
2017-12-28,0,0,0
2017-12-28,0,0,0
2017-12-29,0,0,0
2017-12-29,0,0,0
2017-12-29,0,0,0
2017-12-29,0,0,0
2017-12-29,2,1,1
2017-12-29,0,0,0
2017-12-29,1,0,1
2017-12-29,0,0,0
2017-12-29,0,0,0
2017-12-29,1,0,1
2017-12-29,5,3,2
2017-12-29,3,2,1
2017-12-29,2,1,1
2017-12-29,3,0,3
2017-12-29,4,0,4
2017-12-29,15,4,11
2017-12-29,18,2,16
2017-12-29,12,0,12
2017-12-29,6,2,4
2017-12-29,7,0,7
2017-12-29,4,1,3
2017-12-29,10,0,10
2017-12-29,2,0,2
2017-12-29,5,0,5
2017-12-30,1,0,1
2017-12-30,0,0,0
2017-12-30,0,0,0
2017-12-30,2,0,2
2017-12-30,1,0,1
2017-12-30,1,0,1
2017-12-30,1,0,1
2017-12-30,3,0,3
2017-12-30,5,0,5
2017-12-30,9,0,9
2017-12-30,16,1,15
2017-12-30,26,2,24
2017-12-30,23,0,23
2017-12-30,26,0,26
2017-12-30,29,1,28
2017-12-30,23,0,23
2017-12-30,18,0,18
2017-12-30,18,1,17
2017-12-30,12,0,12
2017-12-30,10,0,10
2017-12-30,7,2,5
2017-12-30,1,0,1
2017-12-30,3,0,3
2017-12-30,3,0,3
2017-12-31,0,0,0
2017-12-31,2,0,2
2017-12-31,1,0,1
2017-12-31,1,0,1
2017-12-31,0,0,0
2017-12-31,1,0,1
2017-12-31,1,0,1
2017-12-31,2,0,2
2017-12-31,4,0,4
2017-12-31,8,0,8
2017-12-31,15,0,15
2017-12-31,20,1,19
2017-12-31,18,0,18
2017-12-31,18,2,16
2017-12-31,5,2,3
2017-12-31,8,1,7
2017-12-31,7,0,7
2017-12-31,5,2,3
2017-12-31,6,1,5
2017-12-31,10,0,10
2017-12-31,5,2,3
2017-12-31,11,0,11
2017-12-31,2,0,2
2017-12-31,3,0,3
2018-01-01,5,0,5
2018-01-01,1,0,1
2018-01-01,4,0,4
2018-01-01,2,1,1
2018-01-01,1,0,1
2018-01-01,0,0,0
2018-01-01,1,0,1
2018-01-01,0,0,0
2018-01-01,0,0,0
2018-01-01,5,0,5
2018-01-01,0,0,0
2018-01-01,4,1,3
2018-01-01,3,0,3
2018-01-01,5,1,4
2018-01-01,2,0,2
2018-01-01,4,2,2
2018-01-01,5,0,5
2018-01-01,2,0,2
2018-01-01,3,1,2
2018-01-01,1,0,1
2018-01-01,1,0,1
2018-01-01,2,0,2
2018-01-01,0,0,0
2018-01-01,0,0,0
2018-01-02,0,0,0
2018-01-02,0,0,0
2018-01-02,0,0,0
2018-01-02,0,0,0
2018-01-02,0,0,0
2018-01-02,0,0,0
2018-01-02,1,0,1
2018-01-02,4,3,1
2018-01-02,2,1,1
2018-01-02,2,0,2
2018-01-02,2,0,2
2018-01-02,10,4,6
2018-01-02,5,2,3
2018-01-02,4,2,2
2018-01-02,3,1,2
2018-01-02,3,2,1
2018-01-02,6,2,4
2018-01-02,3,2,1
2018-01-02,7,2,5
2018-01-02,2,2,0
2018-01-02,2,1,1
2018-01-02,2,0,2
2018-01-02,1,0,1
2018-01-02,0,0,0
2018-01-03,0,0,0
2018-01-03,0,0,0
2018-01-03,0,0,0
2018-01-03,0,0,0
2018-01-03,1,0,1
2018-01-03,0,0,0
2018-01-03,0,0,0
2018-01-03,1,0,1
2018-01-03,2,1,1
2018-01-03,3,1,2
2018-01-03,6,3,3
2018-01-03,6,1,5
2018-01-03,1,0,1
2018-01-03,5,0,5
2018-01-03,9,3,6
2018-01-03,4,1,3
2018-01-03,6,0,6
2018-01-03,8,5,3
2018-01-03,4,1,3
2018-01-03,4,0,4
2018-01-03,4,0,4
2018-01-03,3,1,2
2018-01-03,0,0,0
2018-01-03,0,0,0
2018-01-04,1,0,1
2018-01-04,0,0,0
2018-01-04,0,0,0
2018-01-04,0,0,0
2018-01-04,0,0,0
2018-01-04,0,0,0
2018-01-04,2,0,2
2018-01-04,4,0,4
2018-01-04,4,3,1
2018-01-04,1,0,1
2018-01-04,8,4,4
2018-01-04,3,1,2
2018-01-04,3,0,3
2018-01-04,2,1,1
2018-01-04,7,3,4
2018-01-04,3,1,2
2018-01-04,4,1,3
2018-01-04,8,1,7
2018-01-04,2,0,2
2018-01-04,4,2,2
2018-01-04,0,0,0
2018-01-04,5,3,2
2018-01-04,1,0,1
2018-01-04,0,0,0
2018-01-05,0,0,0
2018-01-05,0,0,0
2018-01-05,0,0,0
2018-01-05,1,1,0
2018-01-05,0,0,0
2018-01-05,0,0,0
2018-01-05,1,0,1
2018-01-05,2,1,1
2018-01-05,5,0,5
2018-01-05,3,0,3
2018-01-05,2,1,1
2018-01-05,1,0,1
2018-01-05,0,0,0
2018-01-05,3,3,0
2018-01-05,4,3,1
2018-01-05,9,5,4
2018-01-05,5,5,0
2018-01-05,6,5,1
2018-01-05,11,1,10
2018-01-05,4,1,3
2018-01-05,3,1,2
2018-01-05,2,2,0
2018-01-05,0,0,0
2018-01-05,1,0,1
2018-01-06,0,0,0
2018-01-06,1,0,1
2018-01-06,0,0,0
2018-01-06,2,0,2
2018-01-06,0,0,0
2018-01-06,2,0,2
2018-01-06,0,0,0
2018-01-06,1,0,1
2018-01-06,8,3,5
2018-01-06,18,3,15
2018-01-06,21,0,21
2018-01-06,23,2,21
2018-01-06,17,3,14
2018-01-06,11,0,11
2018-01-06,9,1,8
2018-01-06,18,2,16
2018-01-06,19,1,18
2018-01-06,9,0,9
2018-01-06,14,1,13
2018-01-06,10,1,9
2018-01-06,6,0,6
2018-01-06,6,0,6
2018-01-06,11,1,10
2018-01-06,5,0,5
2018-01-07,4,0,4
2018-01-07,2,0,2
2018-01-07,1,0,1
2018-01-07,0,0,0
2018-01-07,0,0,0
2018-01-07,0,0,0
2018-01-07,0,0,0
2018-01-07,5,1,4
2018-01-07,7,1,6
2018-01-07,16,0,16
2018-01-07,24,1,23
2018-01-07,25,4,21
2018-01-07,24,1,23
2018-01-07,23,2,21
2018-01-07,26,2,24
2018-01-07,19,0,19
2018-01-07,22,1,21
2018-01-07,12,1,11
2018-01-07,14,1,13
2018-01-07,15,0,15
2018-01-07,11,1,10
2018-01-07,8,0,8
2018-01-07,6,0,6
2018-01-07,4,0,4
2018-01-08,2,0,2
2018-01-08,0,0,0
2018-01-08,0,0,0
2018-01-08,1,0,1
2018-01-08,5,0,5
2018-01-08,2,0,2
2018-01-08,9,0,9
2018-01-08,12,1,11
2018-01-08,28,0,28
2018-01-08,22,1,21
2018-01-08,27,0,27
2018-01-08,31,2,29
2018-01-08,20,1,19
2018-01-08,22,0,22
2018-01-08,17,0,17
2018-01-08,29,0,29
2018-01-08,27,2,25
2018-01-08,21,3,18
2018-01-08,21,0,21
2018-01-08,16,2,14
2018-01-08,13,0,13
2018-01-08,14,0,14
2018-01-08,8,0,8
2018-01-08,2,0,2
2018-01-09,0,0,0
2018-01-09,2,0,2
2018-01-09,0,0,0
2018-01-09,1,0,1
2018-01-09,4,0,4
2018-01-09,5,0,5
2018-01-09,9,0,9
2018-01-09,14,0,14
2018-01-09,33,1,32
2018-01-09,19,0,19
2018-01-09,21,0,21
2018-01-09,33,1,32
2018-01-09,16,1,15
2018-01-09,12,0,12
2018-01-09,18,0,18
2018-01-09,30,0,30
2018-01-09,23,1,22
2018-01-09,19,0,19
2018-01-09,20,2,18
2018-01-09,30,1,29
2018-01-09,17,1,16
2018-01-09,12,0,12
2018-01-09,5,0,5
2018-01-09,2,0,2
2018-01-10,2,0,2
2018-01-10,0,0,0
2018-01-10,1,0,1
2018-01-10,0,0,0
2018-01-10,2,0,2
2018-01-10,4,0,4
2018-01-10,5,0,5
2018-01-10,17,1,16
2018-01-10,20,0,20
2018-01-10,24,2,22
2018-01-10,14,1,13
2018-01-10,11,2,9
2018-01-10,10,0,10
2018-01-10,13,0,13
2018-01-10,20,0,20
2018-01-10,5,3,2
2018-01-10,4,2,2
2018-01-10,7,6,1
2018-01-10,4,3,1
2018-01-10,7,3,4
2018-01-10,2,1,1
2018-01-10,0,0,0
2018-01-10,0,0,0
2018-01-10,0,0,0
2018-01-11,0,0,0
2018-01-11,0,0,0
2018-01-11,2,2,0
2018-01-11,0,0,0
2018-01-11,0,0,0
2018-01-11,0,0,0
2018-01-11,3,1,2
2018-01-11,2,2,0
2018-01-11,3,1,2
2018-01-11,1,0,1
2018-01-11,6,3,3
2018-01-11,0,0,0
2018-01-11,3,1,2
2018-01-11,2,0,2
2018-01-11,0,0,0
2018-01-11,0,0,0
2018-01-11,1,0,1
2018-01-11,6,4,2
2018-01-11,4,3,1
2018-01-11,2,1,1
2018-01-11,3,1,2
2018-01-11,5,5,0
2018-01-11,2,1,1
2018-01-11,0,0,0
2018-01-12,1,1,0
2018-01-12,0,0,0
2018-01-12,0,0,0
2018-01-12,0,0,0
2018-01-12,0,0,0
2018-01-12,0,0,0
2018-01-12,1,0,1
2018-01-12,4,4,0
2018-01-12,2,1,1
2018-01-12,2,2,0
2018-01-12,5,2,3
2018-01-12,6,2,4
2018-01-12,2,1,1
2018-01-12,1,0,1
2018-01-12,10,5,5
2018-01-12,3,1,2
2018-01-12,8,4,4
2018-01-12,9,3,6
2018-01-12,3,1,2
2018-01-12,3,3,0
2018-01-12,0,0,0
2018-01-12,1,1,0
2018-01-12,1,0,1
2018-01-12,1,1,0
2018-01-13,1,0,1
2018-01-13,1,1,0
2018-01-13,1,1,0
2018-01-13,0,0,0
2018-01-13,0,0,0
2018-01-13,0,0,0
2018-01-13,1,0,1
2018-01-13,1,0,1
2018-01-13,3,2,1
2018-01-13,4,3,1
2018-01-13,2,1,1
2018-01-13,9,5,4
2018-01-13,6,3,3
2018-01-13,6,5,1
2018-01-13,7,1,6
2018-01-13,5,1,4
2018-01-13,13,6,7
2018-01-13,4,2,2
2018-01-13,4,2,2
2018-01-13,4,1,3
2018-01-13,3,2,1
2018-01-13,3,2,1
2018-01-13,2,1,1
2018-01-13,1,0,1
2018-01-14,1,1,0
2018-01-14,0,0,0
2018-01-14,1,0,1
2018-01-14,0,0,0
2018-01-14,0,0,0
2018-01-14,0,0,0
2018-01-14,0,0,0
2018-01-14,0,0,0
2018-01-14,4,1,3
2018-01-14,5,3,2
2018-01-14,7,3,4
2018-01-14,17,7,10
2018-01-14,10,8,2
2018-01-14,15,13,2
2018-01-14,9,2,7
2018-01-14,10,4,6
2018-01-14,6,2,4
2018-01-14,5,5,0
2018-01-14,2,0,2
2018-01-14,2,0,2
2018-01-14,2,2,0
2018-01-14,1,0,1
2018-01-14,3,3,0
2018-01-14,0,0,0
2018-01-15,0,0,0
2018-01-15,0,0,0
2018-01-15,0,0,0
2018-01-15,0,0,0
2018-01-15,0,0,0
2018-01-15,0,0,0
2018-01-15,1,0,1
2018-01-15,4,3,1
2018-01-15,5,2,3
2018-01-15,9,5,4
2018-01-15,10,2,8
2018-01-15,6,4,2
2018-01-15,4,0,4
2018-01-15,10,4,6
2018-01-15,12,5,7
2018-01-15,13,5,8
2018-01-15,10,4,6
2018-01-15,7,3,4
2018-01-15,3,1,2
2018-01-15,4,1,3
2018-01-15,1,0,1
2018-01-15,2,2,0
2018-01-15,0,0,0
2018-01-15,0,0,0
2018-01-16,0,0,0
2018-01-16,2,2,0
2018-01-16,1,1,0
2018-01-16,0,0,0
2018-01-16,0,0,0
2018-01-16,0,0,0
2018-01-16,3,0,3
2018-01-16,6,6,0
2018-01-16,4,3,1
2018-01-16,4,1,3
2018-01-16,7,3,4
2018-01-16,2,1,1
2018-01-16,7,1,6
2018-01-16,4,0,4
2018-01-16,3,1,2
2018-01-16,9,5,4
2018-01-16,3,1,2
2018-01-16,8,4,4
2018-01-16,9,4,5
2018-01-16,9,4,5
2018-01-16,2,1,1
2018-01-16,3,2,1
2018-01-16,1,0,1
2018-01-16,1,1,0
2018-01-17,0,0,0
2018-01-17,0,0,0
2018-01-17,0,0,0
2018-01-17,0,0,0
2018-01-17,0,0,0
2018-01-17,0,0,0
2018-01-17,0,0,0
2018-01-17,0,0,0
2018-01-17,5,2,3
2018-01-17,2,1,1
2018-01-17,5,1,4
2018-01-17,7,3,4
2018-01-17,3,2,1
2018-01-17,4,1,3
2018-01-17,1,1,0
2018-01-17,3,3,0
2018-01-17,1,0,1
2018-01-17,2,2,0
2018-01-17,4,1,3
2018-01-17,5,2,3
2018-01-17,0,0,0
2018-01-17,0,0,0
2018-01-17,0,0,0
2018-01-17,1,1,0
2018-01-18,0,0,0
2018-01-18,0,0,0
2018-01-18,0,0,0
2018-01-18,0,0,0
2018-01-18,0,0,0
2018-01-18,1,1,0
2018-01-18,0,0,0
2018-01-18,2,2,0
2018-01-18,4,3,1
2018-01-18,6,1,5
2018-01-18,2,1,1
2018-01-18,2,2,0
2018-01-18,6,4,2
2018-01-18,3,2,1
2018-01-18,4,2,2
2018-01-18,0,0,0
2018-01-18,2,1,1
2018-01-18,2,1,1
2018-01-18,4,1,3
2018-01-18,2,0,2
2018-01-18,0,0,0
2018-01-18,1,1,0
2018-01-18,2,1,1
2018-01-18,0,0,0
2018-01-19,1,1,0
2018-01-19,0,0,0
2018-01-19,0,0,0
2018-01-19,0,0,0
2018-01-19,1,1,0
2018-01-19,0,0,0
2018-01-19,4,2,2
2018-01-19,3,3,0
2018-01-19,1,0,1
2018-01-19,6,4,2
2018-01-19,2,1,1
2018-01-19,2,1,1
2018-01-19,5,1,4
2018-01-19,0,0,0
2018-01-19,1,1,0
2018-01-19,8,4,4
2018-01-19,5,3,2
2018-01-19,4,1,3
2018-01-19,6,1,5
2018-01-19,1,0,1
2018-01-19,2,2,0
2018-01-19,1,1,0
2018-01-19,0,0,0
2018-01-19,0,0,0
2018-01-20,1,1,0
2018-01-20,0,0,0
2018-01-20,0,0,0
2018-01-20,0,0,0
2018-01-20,0,0,0
2018-01-20,0,0,0
2018-01-20,0,0,0
2018-01-20,1,0,1
2018-01-20,0,0,0
2018-01-20,1,1,0
2018-01-20,0,0,0
2018-01-20,0,0,0
2018-01-20,0,0,0
2018-01-20,0,0,0
2018-01-20,0,0,0
2018-01-20,0,0,0
2018-01-20,0,0,0
2018-01-20,0,0,0
2018-01-20,2,0,2
2018-01-20,2,1,1
2018-01-20,3,2,1
2018-01-20,1,0,1
2018-01-20,0,0,0
2018-01-20,0,0,0
2018-01-21,1,1,0
2018-01-21,2,2,0
2018-01-21,0,0,0
2018-01-21,0,0,0
2018-01-21,0,0,0
2018-01-21,0,0,0
2018-01-21,0,0,0
2018-01-21,0,0,0
2018-01-21,1,0,1
2018-01-21,1,0,1
2018-01-21,4,4,0
2018-01-21,1,1,0
2018-01-21,3,1,2
2018-01-21,6,3,3
2018-01-21,4,2,2
2018-01-21,6,1,5
2018-01-21,6,2,4
2018-01-21,5,1,4
2018-01-21,2,1,1
2018-01-21,1,0,1
2018-01-21,1,1,0
2018-01-21,1,0,1
2018-01-21,1,1,0
2018-01-21,0,0,0
2018-01-22,0,0,0
2018-01-22,0,0,0
2018-01-22,0,0,0
2018-01-22,0,0,0
2018-01-22,0,0,0
2018-01-22,0,0,0
2018-01-22,2,0,2
2018-01-22,3,2,1
2018-01-22,7,3,4
2018-01-22,6,2,4
2018-01-22,2,2,0
2018-01-22,1,1,0
2018-01-22,2,0,2
2018-01-22,5,3,2
2018-01-22,6,3,3
2018-01-22,3,2,1
2018-01-22,6,3,3
2018-01-22,5,4,1
2018-01-22,6,2,4
2018-01-22,8,2,6
2018-01-22,4,2,2
2018-01-22,1,1,0
2018-01-22,1,1,0
2018-01-22,0,0,0
2018-01-23,1,1,0
2018-01-23,0,0,0
2018-01-23,1,0,1
2018-01-23,0,0,0
2018-01-23,0,0,0
2018-01-23,0,0,0
2018-01-23,3,0,3
2018-01-23,4,3,1
2018-01-23,3,1,2
2018-01-23,2,1,1
2018-01-23,3,3,0
2018-01-23,3,1,2
2018-01-23,3,2,1
2018-01-23,2,0,2
2018-01-23,0,0,0
2018-01-23,3,2,1
2018-01-23,0,0,0
2018-01-23,0,0,0
2018-01-23,2,0,2
2018-01-23,1,0,1
2018-01-23,2,2,0
2018-01-23,1,1,0
2018-01-23,0,0,0
2018-01-23,0,0,0
2018-01-24,0,0,0
2018-01-24,0,0,0
2018-01-24,0,0,0
2018-01-24,0,0,0
2018-01-24,0,0,0
2018-01-24,0,0,0
2018-01-24,3,1,2
2018-01-24,1,1,0
2018-01-24,6,2,4
2018-01-24,5,2,3
2018-01-24,5,1,4
2018-01-24,3,1,2
2018-01-24,5,2,3
2018-01-24,2,1,1
2018-01-24,1,0,1
2018-01-24,2,0,2
2018-01-24,2,2,0
2018-01-24,6,4,2
2018-01-24,5,3,2
2018-01-24,4,2,2
2018-01-24,1,1,0
2018-01-24,1,0,1
2018-01-24,0,0,0
2018-01-24,1,1,0
2018-01-25,0,0,0
2018-01-25,0,0,0
2018-01-25,0,0,0
2018-01-25,0,0,0
2018-01-25,0,0,0
2018-01-25,0,0,0
2018-01-25,2,0,2
2018-01-25,2,2,0
2018-01-25,4,3,1
2018-01-25,10,9,1
2018-01-25,4,2,2
2018-01-25,2,1,1
2018-01-25,3,1,2
2018-01-25,7,5,2
2018-01-25,1,0,1
2018-01-25,3,0,3
2018-01-25,1,1,0
2018-01-25,8,3,5
2018-01-25,5,4,1
2018-01-25,3,2,1
2018-01-25,2,0,2
2018-01-25,2,1,1
2018-01-25,2,1,1
2018-01-25,0,0,0
2018-01-26,1,0,1
2018-01-26,0,0,0
2018-01-26,0,0,0
2018-01-26,0,0,0
2018-01-26,0,0,0
2018-01-26,0,0,0
2018-01-26,3,0,3
2018-01-26,5,4,1
2018-01-26,1,1,0
2018-01-26,1,0,1
2018-01-26,5,3,2
2018-01-26,1,0,1
2018-01-26,4,0,4
2018-01-26,7,2,5
2018-01-26,4,1,3
2018-01-26,7,4,3
2018-01-26,7,2,5
2018-01-26,6,2,4
2018-01-26,3,1,2
2018-01-26,8,4,4
2018-01-26,1,1,0
2018-01-26,3,1,2
2018-01-26,0,0,0
2018-01-26,2,1,1
2018-01-27,0,0,0
2018-01-27,1,1,0
2018-01-27,0,0,0
2018-01-27,0,0,0
2018-01-27,0,0,0
2018-01-27,0,0,0
2018-01-27,0,0,0
2018-01-27,0,0,0
2018-01-27,1,0,1
2018-01-27,0,0,0
2018-01-27,3,2,1
2018-01-27,1,0,1
2018-01-27,4,2,2
2018-01-27,5,2,3
2018-01-27,4,1,3
2018-01-27,1,0,1
2018-01-27,6,3,3
2018-01-27,4,2,2
2018-01-27,5,4,1
2018-01-27,1,1,0
2018-01-27,0,0,0
2018-01-27,3,0,3
2018-01-27,0,0,0
2018-01-27,1,1,0
2018-01-28,1,0,1
2018-01-28,0,0,0
2018-01-28,0,0,0
2018-01-28,0,0,0
2018-01-28,0,0,0
2018-01-28,0,0,0
2018-01-28,0,0,0
2018-01-28,0,0,0
2018-01-28,3,1,2
2018-01-28,1,0,1
2018-01-28,2,1,1
2018-01-28,5,2,3
2018-01-28,4,3,1
2018-01-28,7,1,6
2018-01-28,5,5,0
2018-01-28,4,2,2
2018-01-28,3,3,0
2018-01-28,3,1,2
2018-01-28,2,1,1
2018-01-28,3,1,2
2018-01-28,3,2,1
2018-01-28,0,0,0
2018-01-28,1,1,0
2018-01-28,0,0,0
2018-01-29,1,0,1
2018-01-29,1,0,1
2018-01-29,0,0,0
2018-01-29,0,0,0
2018-01-29,0,0,0
2018-01-29,0,0,0
2018-01-29,0,0,0
2018-01-29,6,3,3
2018-01-29,2,1,1
2018-01-29,0,0,0
2018-01-29,1,0,1
2018-01-29,0,0,0
2018-01-29,1,0,1
2018-01-29,2,2,0
2018-01-29,3,3,0
2018-01-29,1,0,1
2018-01-29,2,2,0
2018-01-29,2,1,1
2018-01-29,3,3,0
2018-01-29,2,2,0
2018-01-29,2,2,0
2018-01-29,0,0,0
2018-01-29,0,0,0
2018-01-29,1,1,0
2018-01-30,0,0,0
2018-01-30,0,0,0
2018-01-30,1,1,0
2018-01-30,0,0,0
2018-01-30,0,0,0
2018-01-30,1,1,0
2018-01-30,3,0,3
2018-01-30,6,3,3
2018-01-30,5,2,3
2018-01-30,4,1,3
2018-01-30,4,2,2
2018-01-30,2,1,1
2018-01-30,5,3,2
2018-01-30,4,3,1
2018-01-30,6,1,5
2018-01-30,6,3,3
2018-01-30,4,3,1
2018-01-30,11,4,7
2018-01-30,11,4,7
2018-01-30,10,7,3
2018-01-30,1,1,0
2018-01-30,1,1,0
2018-01-30,1,0,1
2018-01-30,0,0,0
2018-01-31,1,0,1
2018-01-31,0,0,0
2018-01-31,1,0,1
2018-01-31,0,0,0
2018-01-31,0,0,0
2018-01-31,0,0,0
2018-01-31,1,0,1
2018-01-31,5,2,3
2018-01-31,3,2,1
2018-01-31,4,3,1
2018-01-31,8,2,6
2018-01-31,2,0,2
2018-01-31,4,2,2
2018-01-31,7,3,4
2018-01-31,6,3,3
2018-01-31,7,4,3
2018-01-31,1,0,1
2018-01-31,10,5,5
2018-01-31,3,1,2
2018-01-31,5,1,4
2018-01-31,1,0,1
2018-01-31,1,1,0
2018-01-31,0,0,0
2018-01-31,0,0,0
2018-02-01,0,0,0
2018-02-01,0,0,0
2018-02-01,0,0,0
2018-02-01,0,0,0
2018-02-01,0,0,0
2018-02-01,0,0,0
2018-02-01,2,0,2
2018-02-01,3,2,1
2018-02-01,5,2,3
2018-02-01,3,1,2
2018-02-01,2,0,2
2018-02-01,2,1,1
2018-02-01,2,0,2
2018-02-01,1,1,0
2018-02-01,1,1,0
2018-02-01,4,2,2
2018-02-01,3,2,1
2018-02-01,3,1,2
2018-02-01,2,2,0
2018-02-01,3,2,1
2018-02-01,1,0,1
2018-02-01,2,1,1
2018-02-01,1,1,0
2018-02-01,2,1,1
2018-02-02,0,0,0
2018-02-02,0,0,0
2018-02-02,0,0,0
2018-02-02,0,0,0
2018-02-02,0,0,0
2018-02-02,0,0,0
2018-02-02,1,1,0
2018-02-02,2,2,0
2018-02-02,8,5,3
2018-02-02,2,2,0
2018-02-02,6,1,5
2018-02-02,3,0,3
2018-02-02,4,2,2
2018-02-02,8,3,5
2018-02-02,5,1,4
2018-02-02,5,2,3
2018-02-02,5,1,4
2018-02-02,8,2,6
2018-02-02,2,1,1
2018-02-02,2,2,0
2018-02-02,2,1,1
2018-02-02,1,1,0
2018-02-02,0,0,0
2018-02-02,0,0,0
2018-02-03,0,0,0
2018-02-03,0,0,0
2018-02-03,0,0,0
2018-02-03,0,0,0
2018-02-03,0,0,0
2018-02-03,0,0,0
2018-02-03,0,0,0
2018-02-03,4,1,3
2018-02-03,1,1,0
2018-02-03,3,2,1
2018-02-03,5,2,3
2018-02-03,5,1,4
2018-02-03,6,4,2
2018-02-03,3,2,1
2018-02-03,2,0,2
2018-02-03,0,0,0
2018-02-03,1,1,0
2018-02-03,0,0,0
2018-02-03,0,0,0
2018-02-03,1,1,0
2018-02-03,0,0,0
2018-02-03,0,0,0
2018-02-03,0,0,0
2018-02-03,2,1,1
2018-02-04,0,0,0
2018-02-04,0,0,0
2018-02-04,0,0,0
2018-02-04,0,0,0
2018-02-04,0,0,0
2018-02-04,0,0,0
2018-02-04,1,0,1
2018-02-04,0,0,0
2018-02-04,0,0,0
2018-02-04,0,0,0
2018-02-04,3,2,1
2018-02-04,5,5,0
2018-02-04,2,2,0
2018-02-04,8,4,4
2018-02-04,9,5,4
2018-02-04,12,10,2
2018-02-04,2,1,1
2018-02-04,2,2,0
2018-02-04,0,0,0
2018-02-04,0,0,0
2018-02-04,1,1,0
2018-02-04,0,0,0
2018-02-04,1,1,0
2018-02-04,0,0,0
2018-02-05,0,0,0
2018-02-05,0,0,0
2018-02-05,0,0,0
2018-02-05,0,0,0
2018-02-05,0,0,0
2018-02-05,0,0,0
2018-02-05,1,1,0
2018-02-05,4,4,0
2018-02-05,4,3,1
2018-02-05,4,0,4
2018-02-05,5,1,4
2018-02-05,5,1,4
2018-02-05,4,2,2
2018-02-05,4,1,3
2018-02-05,6,4,2
2018-02-05,5,4,1
2018-02-05,6,2,4
2018-02-05,5,4,1
2018-02-05,2,2,0
2018-02-05,2,1,1
2018-02-05,2,2,0
2018-02-05,3,2,1
2018-02-05,0,0,0
2018-02-05,0,0,0
2018-02-06,0,0,0
2018-02-06,0,0,0
2018-02-06,0,0,0
2018-02-06,0,0,0
2018-02-06,0,0,0
2018-02-06,0,0,0
2018-02-06,2,0,2
2018-02-06,4,4,0
2018-02-06,2,1,1
2018-02-06,3,0,3
2018-02-06,5,1,4
2018-02-06,3,0,3
2018-02-06,3,3,0
2018-02-06,3,3,0
2018-02-06,3,0,3
2018-02-06,5,4,1
2018-02-06,2,1,1
2018-02-06,6,3,3
2018-02-06,7,4,3
2018-02-06,1,0,1
2018-02-06,4,3,1
2018-02-06,0,0,0
2018-02-06,1,0,1
2018-02-06,1,0,1
2018-02-07,1,0,1
2018-02-07,0,0,0
2018-02-07,0,0,0
2018-02-07,0,0,0
2018-02-07,0,0,0
2018-02-07,0,0,0
2018-02-07,1,1,0
2018-02-07,6,5,1
2018-02-07,5,4,1
2018-02-07,2,0,2
2018-02-07,5,3,2
2018-02-07,3,2,1
2018-02-07,4,2,2
2018-02-07,5,3,2
2018-02-07,3,0,3
2018-02-07,2,1,1
2018-02-07,2,0,2
2018-02-07,4,0,4
2018-02-07,4,2,2
2018-02-07,6,3,3
2018-02-07,1,0,1
2018-02-07,1,0,1
2018-02-07,1,0,1
2018-02-07,0,0,0
2018-02-08,0,0,0
2018-02-08,0,0,0
2018-02-08,0,0,0
2018-02-08,0,0,0
2018-02-08,0,0,0
2018-02-08,0,0,0
2018-02-08,0,0,0
2018-02-08,2,1,1
2018-02-08,2,1,1
2018-02-08,3,1,2
2018-02-08,6,4,2
2018-02-08,2,0,2
2018-02-08,3,2,1
2018-02-08,2,2,0
2018-02-08,5,3,2
2018-02-08,3,2,1
2018-02-08,2,1,1
2018-02-08,5,1,4
2018-02-08,4,3,1
2018-02-08,1,0,1
2018-02-08,1,1,0
2018-02-08,0,0,0
2018-02-08,0,0,0
2018-02-08,0,0,0
2018-02-09,0,0,0
2018-02-09,0,0,0
2018-02-09,0,0,0
2018-02-09,1,0,1
2018-02-09,0,0,0
2018-02-09,0,0,0
2018-02-09,0,0,0
2018-02-09,2,2,0
2018-02-09,3,2,1
2018-02-09,3,1,2
2018-02-09,4,2,2
2018-02-09,4,3,1
2018-02-09,4,1,3
2018-02-09,6,2,4
2018-02-09,5,3,2
2018-02-09,3,1,2
2018-02-09,3,3,0
2018-02-09,5,3,2
2018-02-09,8,4,4
2018-02-09,2,0,2
2018-02-09,1,1,0
2018-02-09,1,1,0
2018-02-09,0,0,0
2018-02-09,0,0,0
2018-02-10,0,0,0
2018-02-10,0,0,0
2018-02-10,0,0,0
2018-02-10,0,0,0
2018-02-10,0,0,0
2018-02-10,0,0,0
2018-02-10,0,0,0
2018-02-10,1,1,0
2018-02-10,2,1,1
2018-02-10,5,2,3
2018-02-10,10,5,5
2018-02-10,10,6,4
2018-02-10,11,7,4
2018-02-10,5,2,3
2018-02-10,12,8,4
2018-02-10,12,3,9
2018-02-10,8,2,6
2018-02-10,6,4,2
2018-02-10,4,3,1
2018-02-10,2,1,1
2018-02-10,5,3,2
2018-02-10,0,0,0
2018-02-10,0,0,0
2018-02-10,2,2,0
2018-02-11,0,0,0
2018-02-11,0,0,0
2018-02-11,1,1,0
2018-02-11,0,0,0
2018-02-11,0,0,0
2018-02-11,0,0,0
2018-02-11,1,0,1
2018-02-11,0,0,0
2018-02-11,0,0,0
2018-02-11,5,2,3
2018-02-11,9,2,7
2018-02-11,10,6,4
2018-02-11,15,6,9
2018-02-11,9,4,5
2018-02-11,25,15,10
2018-02-11,7,4,3
2018-02-11,6,2,4
2018-02-11,3,1,2
2018-02-11,1,1,0
2018-02-11,2,0,2
2018-02-11,1,1,0
2018-02-11,1,0,1
2018-02-11,1,0,1
2018-02-11,0,0,0
2018-02-12,0,0,0
2018-02-12,0,0,0
2018-02-12,0,0,0
2018-02-12,0,0,0
2018-02-12,1,1,0
2018-02-12,0,0,0
2018-02-12,0,0,0
2018-02-12,3,2,1
2018-02-12,0,0,0
2018-02-12,3,2,1
2018-02-12,3,1,2
2018-02-12,6,4,2
2018-02-12,6,1,5
2018-02-12,7,4,3
2018-02-12,2,2,0
2018-02-12,6,2,4
2018-02-12,5,3,2
2018-02-12,3,1,2
2018-02-12,7,4,3
2018-02-12,1,1,0
2018-02-12,1,1,0
2018-02-12,3,3,0
2018-02-12,0,0,0
2018-02-12,0,0,0
2018-02-13,0,0,0
2018-02-13,0,0,0
2018-02-13,0,0,0
2018-02-13,0,0,0
2018-02-13,0,0,0
2018-02-13,0,0,0
2018-02-13,0,0,0
2018-02-13,0,0,0
2018-02-13,0,0,0
2018-02-13,4,2,2
2018-02-13,4,3,1
2018-02-13,6,4,2
2018-02-13,4,2,2
2018-02-13,3,1,2
2018-02-13,3,1,2
2018-02-13,5,3,2
2018-02-13,12,9,3
2018-02-13,5,4,1
2018-02-13,5,2,3
2018-02-13,5,2,3
2018-02-13,2,1,1
2018-02-13,1,1,0
2018-02-13,0,0,0
2018-02-13,1,1,0
2018-02-14,0,0,0
2018-02-14,0,0,0
2018-02-14,0,0,0
2018-02-14,0,0,0
2018-02-14,0,0,0
2018-02-14,0,0,0
2018-02-14,1,1,0
2018-02-14,2,2,0
2018-02-14,1,1,0
2018-02-14,3,2,1
2018-02-14,1,0,1
2018-02-14,3,2,1
2018-02-14,3,0,3
2018-02-14,4,3,1
2018-02-14,4,2,2
2018-02-14,2,2,0
2018-02-14,7,5,2
2018-02-14,9,6,3
2018-02-14,4,3,1
2018-02-14,6,2,4
2018-02-14,3,3,0
2018-02-14,1,0,1
2018-02-14,1,1,0
2018-02-14,0,0,0
2018-02-15,1,0,1
2018-02-15,0,0,0
2018-02-15,0,0,0
2018-02-15,0,0,0
2018-02-15,0,0,0
2018-02-15,0,0,0
2018-02-15,1,0,1
2018-02-15,5,2,3
2018-02-15,5,4,1
2018-02-15,7,3,4
2018-02-15,4,2,2
2018-02-15,6,2,4
2018-02-15,6,4,2
2018-02-15,2,2,0
2018-02-15,2,1,1
2018-02-15,3,1,2
2018-02-15,2,1,1
2018-02-15,12,7,5
2018-02-15,4,1,3
2018-02-15,5,2,3
2018-02-15,6,5,1
2018-02-15,1,1,0
2018-02-15,1,0,1
2018-02-15,1,1,0
2018-02-16,0,0,0
2018-02-16,0,0,0
2018-02-16,0,0,0
2018-02-16,0,0,0
2018-02-16,0,0,0
2018-02-16,1,0,1
2018-02-16,0,0,0
2018-02-16,2,1,1
2018-02-16,4,1,3
2018-02-16,2,2,0
2018-02-16,4,0,4
2018-02-16,5,3,2
2018-02-16,3,1,2
2018-02-16,4,2,2
2018-02-16,1,0,1
2018-02-16,4,3,1
2018-02-16,3,1,2
2018-02-16,8,4,4
2018-02-16,8,4,4
2018-02-16,5,0,5
2018-02-16,2,2,0
2018-02-16,1,1,0
2018-02-16,1,0,1
2018-02-16,0,0,0
2018-02-17,0,0,0
2018-02-17,0,0,0
2018-02-17,0,0,0
2018-02-17,0,0,0
2018-02-17,0,0,0
2018-02-17,0,0,0
2018-02-17,0,0,0
2018-02-17,1,0,1
2018-02-17,0,0,0
2018-02-17,1,0,1
2018-02-17,2,0,2
2018-02-17,0,0,0
2018-02-17,4,1,3
2018-02-17,8,2,6
2018-02-17,5,1,4
2018-02-17,5,4,1
2018-02-17,6,3,3
2018-02-17,9,3,6
2018-02-17,2,2,0
2018-02-17,4,3,1
2018-02-17,3,1,2
2018-02-17,1,1,0
2018-02-17,2,1,1
2018-02-17,0,0,0
2018-02-18,1,1,0
2018-02-18,0,0,0
2018-02-18,0,0,0
2018-02-18,0,0,0
2018-02-18,0,0,0
2018-02-18,0,0,0
2018-02-18,0,0,0
2018-02-18,1,0,1
2018-02-18,0,0,0
2018-02-18,0,0,0
2018-02-18,0,0,0
2018-02-18,4,2,2
2018-02-18,2,1,1
2018-02-18,2,1,1
2018-02-18,6,2,4
2018-02-18,6,3,3
2018-02-18,2,2,0
2018-02-18,2,1,1
2018-02-18,1,0,1
2018-02-18,3,2,1
2018-02-18,1,1,0
2018-02-18,0,0,0
2018-02-18,1,1,0
2018-02-18,1,0,1
2018-02-19,0,0,0
2018-02-19,0,0,0
2018-02-19,0,0,0
2018-02-19,0,0,0
2018-02-19,0,0,0
2018-02-19,0,0,0
2018-02-19,0,0,0
2018-02-19,1,0,1
2018-02-19,0,0,0
2018-02-19,0,0,0
2018-02-19,5,4,1
2018-02-19,2,1,1
2018-02-19,5,2,3
2018-02-19,3,0,3
2018-02-19,9,3,6
2018-02-19,9,5,4
2018-02-19,8,5,3
2018-02-19,5,4,1
2018-02-19,2,1,1
2018-02-19,2,1,1
2018-02-19,0,0,0
2018-02-19,0,0,0
2018-02-19,0,0,0
2018-02-19,0,0,0
2018-02-20,0,0,0
2018-02-20,0,0,0
2018-02-20,0,0,0
2018-02-20,0,0,0
2018-02-20,0,0,0
2018-02-20,0,0,0
2018-02-20,0,0,0
2018-02-20,0,0,0
2018-02-20,1,0,1
2018-02-20,1,0,1
2018-02-20,4,3,1
2018-02-20,8,3,5
2018-02-20,3,1,2
2018-02-20,3,2,1
2018-02-20,1,0,1
2018-02-20,3,2,1
2018-02-20,1,1,0
2018-02-20,6,4,2
2018-02-20,3,3,0
2018-02-20,1,1,0
2018-02-20,2,2,0
2018-02-20,0,0,0
2018-02-20,1,1,0
2018-02-20,0,0,0
2018-02-21,0,0,0
2018-02-21,0,0,0
2018-02-21,0,0,0
2018-02-21,0,0,0
2018-02-21,0,0,0
2018-02-21,0,0,0
2018-02-21,0,0,0
2018-02-21,0,0,0
2018-02-21,0,0,0
2018-02-21,4,4,0
2018-02-21,2,1,1
2018-02-21,3,2,1
2018-02-21,2,0,2
2018-02-21,7,5,2
2018-02-21,4,2,2
2018-02-21,3,2,1
2018-02-21,4,3,1
2018-02-21,1,1,0
2018-02-21,4,3,1
2018-02-21,1,1,0
2018-02-21,2,0,2
2018-02-21,2,1,1
2018-02-21,0,0,0
2018-02-21,0,0,0
2018-02-22,1,0,1
2018-02-22,0,0,0
2018-02-22,0,0,0
2018-02-22,0,0,0
2018-02-22,0,0,0
2018-02-22,0,0,0
2018-02-22,1,0,1
2018-02-22,1,0,1
2018-02-22,3,2,1
2018-02-22,2,2,0
2018-02-22,2,1,1
2018-02-22,2,1,1
2018-02-22,1,0,1
2018-02-22,2,1,1
2018-02-22,2,1,1
2018-02-22,2,1,1
2018-02-22,6,3,3
2018-02-22,5,3,2
2018-02-22,2,1,1
2018-02-22,2,1,1
2018-02-22,0,0,0
2018-02-22,0,0,0
2018-02-22,1,0,1
2018-02-22,0,0,0
2018-02-23,0,0,0
2018-02-23,0,0,0
2018-02-23,0,0,0
2018-02-23,0,0,0
2018-02-23,0,0,0
2018-02-23,0,0,0
2018-02-23,0,0,0
2018-02-23,0,0,0
2018-02-23,0,0,0
2018-02-23,0,0,0
2018-02-23,0,0,0
2018-02-23,0,0,0
2018-02-23,1,0,1
2018-02-23,2,1,1
2018-02-23,1,1,0
2018-02-23,1,0,1
2018-02-23,2,2,0
2018-02-23,2,0,2
2018-02-23,7,6,1
2018-02-23,2,0,2
2018-02-23,1,1,0
2018-02-23,0,0,0
2018-02-23,0,0,0
2018-02-23,0,0,0
2018-02-24,1,1,0
2018-02-24,0,0,0
2018-02-24,0,0,0
2018-02-24,0,0,0
2018-02-24,0,0,0
2018-02-24,0,0,0
2018-02-24,0,0,0
2018-02-24,1,0,1
2018-02-24,2,1,1
2018-02-24,2,2,0
2018-02-24,1,1,0
2018-02-24,5,3,2
2018-02-24,5,1,4
2018-02-24,4,0,4
2018-02-24,5,2,3
2018-02-24,3,2,1
2018-02-24,6,2,4
2018-02-24,3,1,2
2018-02-24,2,2,0
2018-02-24,3,1,2
2018-02-24,6,5,1
2018-02-24,0,0,0
2018-02-24,2,2,0
2018-02-24,1,1,0
2018-02-25,0,0,0
2018-02-25,0,0,0
2018-02-25,1,0,1
2018-02-25,0,0,0
2018-02-25,0,0,0
2018-02-25,0,0,0
2018-02-25,0,0,0
2018-02-25,1,1,0
2018-02-25,1,1,0
2018-02-25,4,2,2
2018-02-25,2,1,1
2018-02-25,9,3,6
2018-02-25,5,3,2
2018-02-25,5,2,3
2018-02-25,8,3,5
2018-02-25,3,3,0
2018-02-25,2,1,1
2018-02-25,0,0,0
2018-02-25,3,2,1
2018-02-25,2,1,1
2018-02-25,1,1,0
2018-02-25,0,0,0
2018-02-25,0,0,0
2018-02-25,0,0,0
2018-02-26,0,0,0
2018-02-26,0,0,0
2018-02-26,0,0,0
2018-02-26,0,0,0
2018-02-26,0,0,0
2018-02-26,0,0,0
2018-02-26,1,1,0
2018-02-26,0,0,0
2018-02-26,1,0,1
2018-02-26,4,1,3
2018-02-26,3,3,0
2018-02-26,1,1,0
2018-02-26,4,1,3
2018-02-26,4,2,2
2018-02-26,7,4,3
2018-02-26,2,2,0
2018-02-26,2,2,0
2018-02-26,8,5,3
2018-02-26,2,2,0
2018-02-26,3,1,2
2018-02-26,3,2,1
2018-02-26,2,2,0
2018-02-26,0,0,0
2018-02-26,1,1,0
2018-02-27,0,0,0
2018-02-27,0,0,0
2018-02-27,0,0,0
2018-02-27,0,0,0
2018-02-27,0,0,0
2018-02-27,0,0,0
2018-02-27,0,0,0
2018-02-27,7,4,3
2018-02-27,2,1,1
2018-02-27,4,2,2
2018-02-27,3,0,3
2018-02-27,2,1,1
2018-02-27,6,2,4
2018-02-27,2,1,1
2018-02-27,9,4,5
2018-02-27,3,2,1
2018-02-27,3,1,2
2018-02-27,8,4,4
2018-02-27,7,4,3
2018-02-27,3,2,1
2018-02-27,5,3,2
2018-02-27,1,1,0
2018-02-27,0,0,0
2018-02-27,0,0,0
2018-02-28,0,0,0
2018-02-28,0,0,0
2018-02-28,0,0,0
2018-02-28,0,0,0
2018-02-28,0,0,0
2018-02-28,0,0,0
2018-02-28,0,0,0
2018-02-28,2,1,1
2018-02-28,4,3,1
2018-02-28,1,0,1
2018-02-28,5,2,3
2018-02-28,3,2,1
2018-02-28,3,2,1
2018-02-28,1,1,0
2018-02-28,0,0,0
2018-02-28,1,1,0
2018-02-28,1,1,0
2018-02-28,5,3,2
2018-02-28,4,2,2
2018-02-28,1,1,0
2018-02-28,0,0,0
2018-02-28,2,2,0
2018-02-28,0,0,0
2018-02-28,0,0,0
2018-03-01,0,0,0
2018-03-01,1,0,1
2018-03-01,0,0,0
2018-03-01,0,0,0
2018-03-01,0,0,0
2018-03-01,0,0,0
2018-03-01,0,0,0
2018-03-01,4,3,1
2018-03-01,0,0,0
2018-03-01,4,0,4
2018-03-01,3,2,1
2018-03-01,3,2,1
2018-03-01,5,2,3
2018-03-01,6,3,3
2018-03-01,2,2,0
2018-03-01,3,0,3
2018-03-01,7,5,2
2018-03-01,13,8,5
2018-03-01,11,9,2
2018-03-01,2,0,2
2018-03-01,1,1,0
2018-03-01,1,1,0
2018-03-01,1,0,1
2018-03-01,0,0,0
2018-03-02,0,0,0
2018-03-02,0,0,0
2018-03-02,0,0,0
2018-03-02,0,0,0
2018-03-02,0,0,0
2018-03-02,0,0,0
2018-03-02,1,1,0
2018-03-02,0,0,0
2018-03-02,5,2,3
2018-03-02,5,2,3
2018-03-02,4,2,2
2018-03-02,2,2,0
2018-03-02,2,1,1
2018-03-02,6,2,4
2018-03-02,2,1,1
2018-03-02,1,0,1
2018-03-02,4,2,2
2018-03-02,5,3,2
2018-03-02,2,1,1
2018-03-02,4,3,1
2018-03-02,3,2,1
2018-03-02,2,0,2
2018-03-02,0,0,0
2018-03-02,1,1,0
2018-03-03,0,0,0
2018-03-03,1,1,0
2018-03-03,0,0,0
2018-03-03,0,0,0
2018-03-03,0,0,0
2018-03-03,0,0,0
2018-03-03,0,0,0
2018-03-03,0,0,0
2018-03-03,1,1,0
2018-03-03,1,1,0
2018-03-03,7,1,6
2018-03-03,6,2,4
2018-03-03,11,5,6
2018-03-03,7,2,5
2018-03-03,3,0,3
2018-03-03,12,10,2
2018-03-03,10,4,6
2018-03-03,7,3,4
2018-03-03,9,5,4
2018-03-03,2,1,1
2018-03-03,2,2,0
2018-03-03,0,0,0
2018-03-03,2,2,0
2018-03-03,0,0,0
2018-03-04,0,0,0
2018-03-04,0,0,0
2018-03-04,0,0,0
2018-03-04,0,0,0
2018-03-04,0,0,0
2018-03-04,0,0,0
2018-03-04,0,0,0
2018-03-04,0,0,0
2018-03-04,1,1,0
2018-03-04,1,0,1
2018-03-04,9,2,7
2018-03-04,6,1,5
2018-03-04,8,4,4
2018-03-04,11,6,5
2018-03-04,5,4,1
2018-03-04,3,2,1
2018-03-04,1,1,0
2018-03-04,4,1,3
2018-03-04,3,2,1
2018-03-04,3,2,1
2018-03-04,5,3,2
2018-03-04,2,2,0
2018-03-04,0,0,0
2018-03-04,0,0,0
2018-03-05,0,0,0
2018-03-05,0,0,0
2018-03-05,0,0,0
2018-03-05,0,0,0
2018-03-05,0,0,0
2018-03-05,1,0,1
2018-03-05,0,0,0
2018-03-05,2,1,1
2018-03-05,4,2,2
2018-03-05,2,2,0
2018-03-05,7,2,5
2018-03-05,1,0,1
2018-03-05,11,2,9
2018-03-05,9,7,2
2018-03-05,4,3,1
2018-03-05,6,2,4
2018-03-05,4,3,1
2018-03-05,10,7,3
2018-03-05,7,1,6
2018-03-05,7,3,4
2018-03-05,2,2,0
2018-03-05,1,1,0
2018-03-05,0,0,0
2018-03-05,0,0,0
2018-03-06,0,0,0
2018-03-06,1,1,0
2018-03-06,0,0,0
2018-03-06,1,1,0
2018-03-06,0,0,0
2018-03-06,1,1,0
2018-03-06,3,1,2
2018-03-06,5,4,1
2018-03-06,3,3,0
2018-03-06,5,2,3
2018-03-06,3,1,2
2018-03-06,6,2,4
2018-03-06,11,4,7
2018-03-06,3,2,1
2018-03-06,2,1,1
2018-03-06,9,5,4
2018-03-06,8,6,2
2018-03-06,17,9,8
2018-03-06,11,6,5
2018-03-06,6,4,2
2018-03-06,7,4,3
2018-03-06,4,3,1
2018-03-06,2,1,1
2018-03-06,0,0,0
2018-03-07,0,0,0
2018-03-07,0,0,0
2018-03-07,0,0,0
2018-03-07,0,0,0
2018-03-07,0,0,0
2018-03-07,0,0,0
2018-03-07,0,0,0
2018-03-07,5,4,1
2018-03-07,3,2,1
2018-03-07,9,2,7
2018-03-07,3,1,2
2018-03-07,5,2,3
2018-03-07,5,2,3
2018-03-07,4,1,3
2018-03-07,2,1,1
2018-03-07,1,0,1
2018-03-07,4,1,3
2018-03-07,5,3,2
2018-03-07,5,2,3
2018-03-07,9,2,7
2018-03-07,1,1,0
2018-03-07,4,3,1
2018-03-07,0,0,0
2018-03-07,0,0,0
2018-03-08,0,0,0
2018-03-08,0,0,0
2018-03-08,0,0,0
2018-03-08,1,1,0
2018-03-08,0,0,0
2018-03-08,0,0,0
2018-03-08,2,1,1
2018-03-08,2,2,0
2018-03-08,2,1,1
2018-03-08,2,1,1
2018-03-08,0,0,0
2018-03-08,5,3,2
2018-03-08,2,2,0
2018-03-08,0,0,0
2018-03-08,0,0,0
2018-03-08,1,1,0
2018-03-08,1,1,0
2018-03-08,3,1,2
2018-03-08,4,2,2
2018-03-08,6,1,5
2018-03-08,2,1,1
2018-03-08,2,2,0
2018-03-08,2,2,0
2018-03-08,0,0,0
2018-03-09,0,0,0
2018-03-09,0,0,0
2018-03-09,0,0,0
2018-03-09,0,0,0
2018-03-09,0,0,0
2018-03-09,0,0,0
2018-03-09,1,0,1
2018-03-09,2,0,2
2018-03-09,4,1,3
2018-03-09,2,0,2
2018-03-09,9,4,5
2018-03-09,6,4,2
2018-03-09,4,1,3
2018-03-09,5,1,4
2018-03-09,5,3,2
2018-03-09,4,2,2
2018-03-09,7,3,4
2018-03-09,10,3,7
2018-03-09,7,1,6
2018-03-09,2,2,0
2018-03-09,1,1,0
2018-03-09,1,0,1
2018-03-09,0,0,0
2018-03-09,0,0,0
2018-03-10,0,0,0
2018-03-10,3,1,2
2018-03-10,0,0,0
2018-03-10,0,0,0
2018-03-10,1,1,0
2018-03-10,0,0,0
2018-03-10,0,0,0
2018-03-10,2,1,1
2018-03-10,4,1,3
2018-03-10,5,1,4
2018-03-10,7,0,7
2018-03-10,7,4,3
2018-03-10,5,3,2
2018-03-10,9,4,5
2018-03-10,9,5,4
2018-03-10,19,8,11
2018-03-10,13,6,7
2018-03-10,8,3,5
2018-03-10,9,7,2
2018-03-10,5,1,4
2018-03-10,1,1,0
2018-03-10,1,0,1
2018-03-10,0,0,0
2018-03-10,0,0,0
2018-03-11,0,0,0
2018-03-11,0,0,0
2018-03-11,,,
2018-03-11,1,1,0
2018-03-11,0,0,0
2018-03-11,1,0,1
2018-03-11,0,0,0
2018-03-11,1,0,1
2018-03-11,0,0,0
2018-03-11,2,2,0
2018-03-11,4,0,4
2018-03-11,11,3,8
2018-03-11,15,9,6
2018-03-11,30,13,17
2018-03-11,19,13,6
2018-03-11,11,4,7
2018-03-11,17,9,8
2018-03-11,10,6,4
2018-03-11,13,5,8
2018-03-11,6,4,2
2018-03-11,4,4,0
2018-03-11,2,1,1
2018-03-11,0,0,0
2018-03-11,0,0,0
2018-03-12,0,0,0
2018-03-12,0,0,0
2018-03-12,0,0,0
2018-03-12,0,0,0
2018-03-12,1,0,1
2018-03-12,0,0,0
2018-03-12,2,1,1
2018-03-12,0,0,0
2018-03-12,10,2,8
2018-03-12,4,1,3
2018-03-12,5,2,3
2018-03-12,10,4,6
2018-03-12,9,4,5
2018-03-12,7,4,3
2018-03-12,7,7,0
2018-03-12,11,7,4
2018-03-12,9,3,6
2018-03-12,17,9,8
2018-03-12,8,4,4
2018-03-12,5,2,3
2018-03-12,6,6,0
2018-03-12,1,1,0
2018-03-12,1,0,1
2018-03-12,1,0,1
2018-03-13,0,0,0
2018-03-13,1,1,0
2018-03-13,0,0,0
2018-03-13,0,0,0
2018-03-13,0,0,0
2018-03-13,0,0,0
2018-03-13,2,0,2
2018-03-13,4,2,2
2018-03-13,6,4,2
2018-03-13,6,2,4
2018-03-13,3,3,0
2018-03-13,1,0,1
2018-03-13,3,3,0
2018-03-13,3,0,3
2018-03-13,2,1,1
2018-03-13,5,3,2
2018-03-13,8,5,3
2018-03-13,6,5,1
2018-03-13,6,2,4
2018-03-13,6,4,2
2018-03-13,1,1,0
2018-03-13,3,1,2
2018-03-13,3,1,2
2018-03-13,1,1,0
2018-03-14,0,0,0
2018-03-14,1,0,1
2018-03-14,0,0,0
2018-03-14,0,0,0
2018-03-14,0,0,0
2018-03-14,0,0,0
2018-03-14,3,2,1
2018-03-14,6,6,0
2018-03-14,9,4,5
2018-03-14,4,3,1
2018-03-14,4,1,3
2018-03-14,4,2,2
2018-03-14,4,0,4
2018-03-14,5,0,5
2018-03-14,4,2,2
2018-03-14,13,7,6
2018-03-14,8,5,3
2018-03-14,20,9,11
2018-03-14,16,10,6
2018-03-14,15,8,7
2018-03-14,2,1,1
2018-03-14,2,2,0
2018-03-14,2,1,1
2018-03-14,0,0,0
2018-03-15,0,0,0
2018-03-15,1,1,0
2018-03-15,0,0,0
2018-03-15,0,0,0
2018-03-15,0,0,0
2018-03-15,0,0,0
2018-03-15,1,0,1
2018-03-15,8,5,3
2018-03-15,3,2,1
2018-03-15,5,2,3
2018-03-15,10,4,6
2018-03-15,4,2,2
2018-03-15,5,3,2
2018-03-15,7,4,3
2018-03-15,6,4,2
2018-03-15,6,1,5
2018-03-15,5,2,3
2018-03-15,13,8,5
2018-03-15,12,8,4
2018-03-15,8,1,7
2018-03-15,7,6,1
2018-03-15,4,1,3
2018-03-15,1,1,0
2018-03-15,3,3,0
2018-03-16,1,0,1
2018-03-16,0,0,0
2018-03-16,0,0,0
2018-03-16,0,0,0
2018-03-16,0,0,0
2018-03-16,0,0,0
2018-03-16,1,0,1
2018-03-16,7,4,3
2018-03-16,6,1,5
2018-03-16,7,3,4
2018-03-16,5,2,3
2018-03-16,4,2,2
2018-03-16,7,3,4
2018-03-16,7,4,3
2018-03-16,6,4,2
2018-03-16,8,3,5
2018-03-16,5,3,2
2018-03-16,16,6,10
2018-03-16,14,6,8
2018-03-16,9,4,5
2018-03-16,7,7,0
2018-03-16,1,1,0
2018-03-16,0,0,0
2018-03-16,0,0,0
2018-03-17,0,0,0
2018-03-17,0,0,0
2018-03-17,0,0,0
2018-03-17,0,0,0
2018-03-17,0,0,0
2018-03-17,0,0,0
2018-03-17,0,0,0
2018-03-17,1,0,1
2018-03-17,4,4,0
2018-03-17,1,1,0
2018-03-17,13,10,3
2018-03-17,5,2,3
2018-03-17,8,5,3
2018-03-17,9,3,6
2018-03-17,11,9,2
2018-03-17,4,1,3
2018-03-17,10,6,4
2018-03-17,8,2,6
2018-03-17,8,5,3
2018-03-17,6,4,2
2018-03-17,2,1,1
2018-03-17,2,2,0
2018-03-17,0,0,0
2018-03-17,1,0,1
2018-03-18,0,0,0
2018-03-18,1,0,1
2018-03-18,0,0,0
2018-03-18,0,0,0
2018-03-18,0,0,0
2018-03-18,0,0,0
2018-03-18,0,0,0
2018-03-18,0,0,0
2018-03-18,4,3,1
2018-03-18,2,0,2
2018-03-18,8,3,5
2018-03-18,17,7,10
2018-03-18,7,2,5
2018-03-18,11,5,6
2018-03-18,11,5,6
2018-03-18,10,5,5
2018-03-18,10,4,6
2018-03-18,11,9,2
2018-03-18,8,4,4
2018-03-18,6,5,1
2018-03-18,3,2,1
2018-03-18,1,1,0
2018-03-18,2,1,1
2018-03-18,0,0,0
2018-03-19,0,0,0
2018-03-19,0,0,0
2018-03-19,0,0,0
2018-03-19,0,0,0
2018-03-19,0,0,0
2018-03-19,0,0,0
2018-03-19,2,1,1
2018-03-19,4,1,3
2018-03-19,5,2,3
2018-03-19,6,3,3
2018-03-19,4,1,3
2018-03-19,6,3,3
2018-03-19,3,2,1
2018-03-19,3,1,2
2018-03-19,10,6,4
2018-03-19,7,4,3
2018-03-19,9,5,4
2018-03-19,8,5,3
2018-03-19,14,8,6
2018-03-19,5,4,1
2018-03-19,6,3,3
2018-03-19,1,0,1
2018-03-19,1,0,1
2018-03-19,1,1,0
2018-03-20,1,1,0
2018-03-20,0,0,0
2018-03-20,0,0,0
2018-03-20,0,0,0
2018-03-20,0,0,0
2018-03-20,0,0,0
2018-03-20,2,1,1
2018-03-20,6,3,3
2018-03-20,5,2,3
2018-03-20,7,3,4
2018-03-20,4,1,3
2018-03-20,3,1,2
2018-03-20,5,1,4
2018-03-20,3,2,1
2018-03-20,4,3,1
2018-03-20,10,4,6
2018-03-20,7,5,2
2018-03-20,17,9,8
2018-03-20,15,8,7
2018-03-20,22,13,9
2018-03-20,9,6,3
2018-03-20,2,2,0
2018-03-20,3,0,3
2018-03-20,1,1,0
2018-03-21,0,0,0
2018-03-21,0,0,0
2018-03-21,0,0,0
2018-03-21,0,0,0
2018-03-21,0,0,0
2018-03-21,0,0,0
2018-03-21,2,1,1
2018-03-21,3,3,0
2018-03-21,7,2,5
2018-03-21,3,1,2
2018-03-21,8,2,6
2018-03-21,8,5,3
2018-03-21,10,6,4
2018-03-21,3,1,2
2018-03-21,1,0,1
2018-03-21,12,4,8
2018-03-21,9,6,3
2018-03-21,12,8,4
2018-03-21,16,14,2
2018-03-21,9,3,6
2018-03-21,1,1,0
2018-03-21,5,3,2
2018-03-21,2,1,1
2018-03-21,0,0,0
2018-03-22,0,0,0
2018-03-22,0,0,0
2018-03-22,1,1,0
2018-03-22,0,0,0
2018-03-22,0,0,0
2018-03-22,0,0,0
2018-03-22,2,1,1
2018-03-22,4,3,1
2018-03-22,5,3,2
2018-03-22,3,2,1
2018-03-22,0,0,0
2018-03-22,4,3,1
2018-03-22,2,1,1
2018-03-22,2,2,0
2018-03-22,1,0,1
2018-03-22,0,0,0
2018-03-22,5,2,3
2018-03-22,2,1,1
2018-03-22,8,4,4
2018-03-22,4,4,0
2018-03-22,1,1,0
2018-03-22,2,1,1
2018-03-22,1,1,0
2018-03-22,2,1,1
2018-03-23,0,0,0
2018-03-23,0,0,0
2018-03-23,0,0,0
2018-03-23,0,0,0
2018-03-23,1,1,0
2018-03-23,0,0,0
2018-03-23,0,0,0
2018-03-23,4,3,1
2018-03-23,5,1,4
2018-03-23,3,1,2
2018-03-23,3,2,1
2018-03-23,1,1,0
2018-03-23,4,3,1
2018-03-23,3,2,1
2018-03-23,0,0,0
2018-03-23,2,1,1
2018-03-23,5,3,2
2018-03-23,7,3,4
2018-03-23,8,5,3
2018-03-23,3,2,1
2018-03-23,0,0,0
2018-03-23,1,0,1
2018-03-23,0,0,0
2018-03-23,0,0,0
2018-03-24,1,0,1
2018-03-24,0,0,0
2018-03-24,0,0,0
2018-03-24,0,0,0
2018-03-24,0,0,0
2018-03-24,0,0,0
2018-03-24,0,0,0
2018-03-24,3,1,2
2018-03-24,1,1,0
2018-03-24,5,3,2
2018-03-24,33,3,30
2018-03-24,6,4,2
2018-03-24,5,3,2
2018-03-24,7,5,2
2018-03-24,13,5,8
2018-03-24,12,4,8
2018-03-24,11,6,5
2018-03-24,7,2,5
2018-03-24,5,2,3
2018-03-24,5,4,1
2018-03-24,7,2,5
2018-03-24,2,2,0
2018-03-24,3,2,1
2018-03-24,1,0,1
2018-03-25,1,1,0
2018-03-25,1,1,0
2018-03-25,1,0,1
2018-03-25,1,1,0
2018-03-25,1,1,0
2018-03-25,0,0,0
2018-03-25,0,0,0
2018-03-25,0,0,0
2018-03-25,2,1,1
2018-03-25,3,1,2
2018-03-25,11,3,8
2018-03-25,11,5,6
2018-03-25,10,3,7
2018-03-25,11,7,4
2018-03-25,20,12,8
2018-03-25,13,5,8
2018-03-25,13,7,6
2018-03-25,9,4,5
2018-03-25,10,6,4
2018-03-25,8,8,0
2018-03-25,2,2,0
2018-03-25,1,1,0
2018-03-25,0,0,0
2018-03-25,2,0,2
2018-03-26,0,0,0
2018-03-26,0,0,0
2018-03-26,0,0,0
2018-03-26,0,0,0
2018-03-26,1,1,0
2018-03-26,0,0,0
2018-03-26,0,0,0
2018-03-26,2,1,1
2018-03-26,9,2,7
2018-03-26,3,2,1
2018-03-26,3,2,1
2018-03-26,4,3,1
2018-03-26,1,1,0
2018-03-26,0,0,0
2018-03-26,5,2,3
2018-03-26,3,3,0
2018-03-26,6,5,1
2018-03-26,4,1,3
2018-03-26,5,3,2
2018-03-26,3,1,2
2018-03-26,4,3,1
2018-03-26,5,2,3
2018-03-26,0,0,0
2018-03-26,0,0,0
2018-03-27,0,0,0
2018-03-27,0,0,0
2018-03-27,0,0,0
2018-03-27,0,0,0
2018-03-27,0,0,0
2018-03-27,1,1,0
2018-03-27,2,2,0
2018-03-27,6,4,2
2018-03-27,7,4,3
2018-03-27,9,3,6
2018-03-27,1,0,1
2018-03-27,4,3,1
2018-03-27,6,3,3
2018-03-27,4,2,2
2018-03-27,3,2,1
2018-03-27,8,5,3
2018-03-27,11,8,3
2018-03-27,6,1,5
2018-03-27,9,3,6
2018-03-27,9,6,3
2018-03-27,5,4,1
2018-03-27,3,3,0
2018-03-27,2,0,2
2018-03-27,1,0,1
2018-03-28,1,1,0
2018-03-28,0,0,0
2018-03-28,0,0,0
2018-03-28,0,0,0
2018-03-28,1,0,1
2018-03-28,0,0,0
2018-03-28,5,4,1
2018-03-28,4,3,1
2018-03-28,14,4,10
2018-03-28,10,7,3
2018-03-28,3,0,3
2018-03-28,5,3,2
2018-03-28,8,4,4
2018-03-28,7,6,1
2018-03-28,7,4,3
2018-03-28,9,3,6
2018-03-28,7,4,3
2018-03-28,12,8,4
2018-03-28,13,10,3
2018-03-28,15,13,2
2018-03-28,5,1,4
2018-03-28,4,2,2
2018-03-28,0,0,0
2018-03-28,0,0,0
2018-03-29,0,0,0
2018-03-29,0,0,0
2018-03-29,0,0,0
2018-03-29,0,0,0
2018-03-29,0,0,0
2018-03-29,1,0,1
2018-03-29,3,3,0
2018-03-29,3,3,0
2018-03-29,8,3,5
2018-03-29,4,2,2
2018-03-29,3,0,3
2018-03-29,8,4,4
2018-03-29,4,3,1
2018-03-29,5,5,0
2018-03-29,7,3,4
2018-03-29,11,8,3
2018-03-29,8,2,6
2018-03-29,14,6,8
2018-03-29,19,16,3
2018-03-29,11,4,7
2018-03-29,6,4,2
2018-03-29,2,1,1
2018-03-29,2,1,1
2018-03-29,0,0,0
2018-03-30,0,0,0
2018-03-30,0,0,0
2018-03-30,0,0,0
2018-03-30,0,0,0
2018-03-30,0,0,0
2018-03-30,1,1,0
2018-03-30,1,1,0
2018-03-30,7,4,3
2018-03-30,7,3,4
2018-03-30,5,2,3
2018-03-30,3,1,2
2018-03-30,5,2,3
2018-03-30,6,3,3
2018-03-30,8,3,5
2018-03-30,5,2,3
2018-03-30,13,12,1
2018-03-30,11,6,5
2018-03-30,14,6,8
2018-03-30,6,4,2
2018-03-30,15,8,7
2018-03-30,8,6,2
2018-03-30,5,4,1
2018-03-30,4,2,2
2018-03-30,4,1,3
2018-03-31,2,2,0
2018-03-31,1,0,1
2018-03-31,0,0,0
2018-03-31,0,0,0
2018-03-31,0,0,0
2018-03-31,0,0,0
2018-03-31,2,2,0
2018-03-31,1,0,1
2018-03-31,0,0,0
2018-03-31,10,2,8
2018-03-31,10,5,5
2018-03-31,13,6,7
2018-03-31,11,8,3
2018-03-31,5,1,4
2018-03-31,9,6,3
2018-03-31,16,10,6
2018-03-31,17,8,9
2018-03-31,12,4,8
2018-03-31,7,4,3
2018-03-31,4,4,0
2018-03-31,6,3,3
2018-03-31,2,1,1
2018-03-31,1,0,1
2018-03-31,3,2,1
2018-04-01,4,4,0
2018-04-01,0,0,0
2018-04-01,0,0,0
2018-04-01,0,0,0
2018-04-01,0,0,0
2018-04-01,0,0,0
2018-04-01,0,0,0
2018-04-01,1,1,0
2018-04-01,0,0,0
2018-04-01,7,3,4
2018-04-01,4,3,1
2018-04-01,5,3,2
2018-04-01,8,4,4
2018-04-01,7,5,2
2018-04-01,6,4,2
2018-04-01,9,6,3
2018-04-01,3,3,0
2018-04-01,2,2,0
2018-04-01,2,2,0
2018-04-01,1,0,1
2018-04-01,6,3,3
2018-04-01,3,3,0
2018-04-01,0,0,0
2018-04-01,0,0,0
2018-04-02,0,0,0
2018-04-02,0,0,0
2018-04-02,0,0,0
2018-04-02,0,0,0
2018-04-02,0,0,0
2018-04-02,2,2,0
2018-04-02,5,4,1
2018-04-02,4,2,2
2018-04-02,11,7,4
2018-04-02,10,6,4
2018-04-02,,,
2018-04-02,4,3,1
2018-04-02,7,4,3
2018-04-02,4,1,3
2018-04-02,8,7,1
2018-04-02,19,11,8
2018-04-02,9,7,2
2018-04-02,14,7,7
2018-04-02,26,11,15
2018-04-02,7,4,3
2018-04-02,6,4,2
2018-04-02,1,1,0
2018-04-02,3,1,2
2018-04-02,1,1,0
2018-04-03,0,0,0
2018-04-03,0,0,0
2018-04-03,0,0,0
2018-04-03,0,0,0
2018-04-03,1,1,0
2018-04-03,2,1,1
2018-04-03,3,3,0
2018-04-03,7,2,5
2018-04-03,12,7,5
2018-04-03,9,4,5
2018-04-03,7,3,4
2018-04-03,5,2,3
2018-04-03,4,2,2
2018-04-03,10,8,2
2018-04-03,4,2,2
2018-04-03,6,5,1
2018-04-03,10,5,5
2018-04-03,14,9,5
2018-04-03,13,3,10
2018-04-03,7,5,2
2018-04-03,2,1,1
2018-04-03,2,2,0
2018-04-03,2,2,0
2018-04-03,0,0,0
2018-04-04,0,0,0
2018-04-04,0,0,0
2018-04-04,0,0,0
2018-04-04,0,0,0
2018-04-04,1,1,0
2018-04-04,0,0,0
2018-04-04,2,2,0
2018-04-04,5,4,1
2018-04-04,8,6,2
2018-04-04,3,1,2
2018-04-04,4,1,3
2018-04-04,3,1,2
2018-04-04,5,3,2
2018-04-04,3,2,1
2018-04-04,3,0,3
2018-04-04,6,4,2
2018-04-04,4,1,3
2018-04-04,8,4,4
2018-04-04,9,6,3
2018-04-04,6,2,4
2018-04-04,1,1,0
2018-04-04,1,0,1
2018-04-04,0,0,0
2018-04-04,0,0,0
2018-04-05,0,0,0
2018-04-05,0,0,0
2018-04-05,0,0,0
2018-04-05,0,0,0
2018-04-05,0,0,0
2018-04-05,0,0,0
2018-04-05,2,2,0
2018-04-05,3,3,0
2018-04-05,7,2,5
2018-04-05,1,0,1
2018-04-05,2,0,2
2018-04-05,2,1,1
2018-04-05,7,5,2
2018-04-05,5,3,2
2018-04-05,8,6,2
2018-04-05,2,0,2
2018-04-05,3,1,2
2018-04-05,7,7,0
2018-04-05,8,4,4
2018-04-05,2,0,2
2018-04-05,2,2,0
2018-04-05,3,2,1
2018-04-05,3,2,1
2018-04-05,0,0,0
2018-04-06,1,0,1
2018-04-06,0,0,0
2018-04-06,0,0,0
2018-04-06,0,0,0
2018-04-06,0,0,0
2018-04-06,0,0,0
2018-04-06,3,3,0
2018-04-06,4,2,2
2018-04-06,6,4,2
2018-04-06,10,4,6
2018-04-06,6,2,4
2018-04-06,6,4,2
2018-04-06,9,2,7
2018-04-06,7,7,0
2018-04-06,7,6,1
2018-04-06,7,1,6
2018-04-06,8,4,4
2018-04-06,18,7,11
2018-04-06,21,17,4
2018-04-06,11,5,6
2018-04-06,11,10,1
2018-04-06,8,3,5
2018-04-06,3,2,1
2018-04-06,1,0,1
2018-04-07,1,0,1
2018-04-07,0,0,0
2018-04-07,0,0,0
2018-04-07,0,0,0
2018-04-07,0,0,0
2018-04-07,1,1,0
2018-04-07,0,0,0
2018-04-07,2,0,2
2018-04-07,6,3,3
2018-04-07,4,4,0
2018-04-07,5,1,4
2018-04-07,10,5,5
2018-04-07,8,6,2
2018-04-07,5,1,4
2018-04-07,5,1,4
2018-04-07,6,5,1
2018-04-07,3,3,0
2018-04-07,5,3,2
2018-04-07,3,3,0
2018-04-07,10,7,3
2018-04-07,8,5,3
2018-04-07,0,0,0
2018-04-07,3,3,0
2018-04-07,5,4,1
2018-04-08,2,0,2
2018-04-08,0,0,0
2018-04-08,0,0,0
2018-04-08,0,0,0
2018-04-08,0,0,0
2018-04-08,0,0,0
2018-04-08,3,2,1
2018-04-08,1,0,1
2018-04-08,2,1,1
2018-04-08,3,0,3
2018-04-08,8,8,0
2018-04-08,9,7,2
2018-04-08,17,14,3
2018-04-08,14,6,8
2018-04-08,14,11,3
2018-04-08,7,5,2
2018-04-08,11,6,5
2018-04-08,9,6,3
2018-04-08,7,4,3
2018-04-08,9,6,3
2018-04-08,4,2,2
2018-04-08,2,1,1
2018-04-08,2,1,1
2018-04-08,0,0,0
2018-04-09,0,0,0
2018-04-09,0,0,0
2018-04-09,0,0,0
2018-04-09,0,0,0
2018-04-09,0,0,0
2018-04-09,0,0,0
2018-04-09,4,3,1
2018-04-09,8,2,6
2018-04-09,5,3,2
2018-04-09,11,6,5
2018-04-09,13,5,8
2018-04-09,8,4,4
2018-04-09,12,3,9
2018-04-09,11,7,4
2018-04-09,5,3,2
2018-04-09,18,11,7
2018-04-09,19,10,9
2018-04-09,27,12,15
2018-04-09,18,10,8
2018-04-09,12,6,6
2018-04-09,9,4,5
2018-04-09,6,3,3
2018-04-09,2,1,1
2018-04-09,1,0,1
2018-04-10,0,0,0
2018-04-10,0,0,0
2018-04-10,0,0,0
2018-04-10,0,0,0
2018-04-10,0,0,0
2018-04-10,0,0,0
2018-04-10,1,0,1
2018-04-10,6,4,2
2018-04-10,7,5,2
2018-04-10,5,3,2
2018-04-10,3,1,2
2018-04-10,9,4,5
2018-04-10,7,4,3
2018-04-10,8,6,2
2018-04-10,7,4,3
2018-04-10,17,8,9
2018-04-10,7,2,5
2018-04-10,9,5,4
2018-04-10,16,9,7
2018-04-10,8,3,5
2018-04-10,6,4,2
2018-04-10,6,3,3
2018-04-10,2,2,0
2018-04-10,0,0,0
2018-04-11,1,1,0
2018-04-11,0,0,0
2018-04-11,0,0,0
2018-04-11,0,0,0
2018-04-11,0,0,0
2018-04-11,0,0,0
2018-04-11,0,0,0
2018-04-11,4,4,0
2018-04-11,10,6,4
2018-04-11,9,2,7
2018-04-11,6,4,2
2018-04-11,6,4,2
2018-04-11,5,4,1
2018-04-11,1,0,1
2018-04-11,4,3,1
2018-04-11,2,2,0
2018-04-11,5,5,0
2018-04-11,7,2,5
2018-04-11,9,5,4
2018-04-11,5,4,1
2018-04-11,1,0,1
2018-04-11,2,2,0
2018-04-11,3,2,1
2018-04-11,0,0,0
2018-04-12,0,0,0
2018-04-12,0,0,0
2018-04-12,0,0,0
2018-04-12,0,0,0
2018-04-12,2,0,2
2018-04-12,0,0,0
2018-04-12,1,0,1
2018-04-12,1,1,0
2018-04-12,1,0,1
2018-04-12,1,1,0
2018-04-12,0,0,0
2018-04-12,3,2,1
2018-04-12,7,4,3
2018-04-12,2,2,0
2018-04-12,0,0,0
2018-04-12,0,0,0
2018-04-12,5,5,0
2018-04-12,4,2,2
2018-04-12,8,8,0
2018-04-12,6,5,1
2018-04-12,2,1,1
2018-04-12,2,2,0
2018-04-12,1,1,0
2018-04-12,0,0,0
2018-04-13,0,0,0
2018-04-13,0,0,0
2018-04-13,0,0,0
2018-04-13,0,0,0
2018-04-13,0,0,0
2018-04-13,1,1,0
2018-04-13,0,0,0
2018-04-13,4,2,2
2018-04-13,3,2,1
2018-04-13,1,1,0
2018-04-13,0,0,0
2018-04-13,1,0,1
2018-04-13,1,1,0
2018-04-13,7,3,4
2018-04-13,5,3,2
2018-04-13,5,3,2
2018-04-13,12,5,7
2018-04-13,10,4,6
2018-04-13,19,6,13
2018-04-13,13,1,12
2018-04-13,9,0,9
2018-04-13,6,3,3
2018-04-13,2,0,2
2018-04-13,3,2,1
2018-04-14,0,0,0
2018-04-14,0,0,0
2018-04-14,1,0,1
2018-04-14,1,0,1
2018-04-14,1,0,1
2018-04-14,0,0,0
2018-04-14,0,0,0
2018-04-14,3,1,2
2018-04-14,2,0,2
2018-04-14,2,0,2
2018-04-14,6,4,2
2018-04-14,5,0,5
2018-04-14,1,0,1
2018-04-14,6,2,4
2018-04-14,17,4,13
2018-04-14,7,4,3
2018-04-14,3,1,2
2018-04-14,4,1,3
2018-04-14,3,0,3
2018-04-14,5,1,4
2018-04-14,1,0,1
2018-04-14,3,1,2
2018-04-14,3,0,3
2018-04-14,2,0,2
2018-04-15,1,0,1
2018-04-15,0,0,0
2018-04-15,4,1,3
2018-04-15,0,0,0
2018-04-15,0,0,0
2018-04-15,0,0,0
2018-04-15,0,0,0
2018-04-15,0,0,0
2018-04-15,0,0,0
2018-04-15,2,0,2
2018-04-15,5,1,4
2018-04-15,6,4,2
2018-04-15,6,3,3
2018-04-15,13,4,9
2018-04-15,12,3,9
2018-04-15,7,1,6
2018-04-15,8,2,6
2018-04-15,3,0,3
2018-04-15,4,0,4
2018-04-15,2,0,2
2018-04-15,4,0,4
2018-04-15,5,1,4
2018-04-15,1,1,0
2018-04-15,0,0,0
2018-04-16,1,0,1
2018-04-16,0,0,0
2018-04-16,0,0,0
2018-04-16,0,0,0
2018-04-16,2,0,2
2018-04-16,4,0,4
2018-04-16,6,0,6
2018-04-16,6,3,3
2018-04-16,6,0,6
2018-04-16,7,0,7
2018-04-16,13,3,10
2018-04-16,8,2,6
2018-04-16,6,0,6
2018-04-16,1,0,1
2018-04-16,1,0,1
2018-04-16,2,1,1
2018-04-16,1,1,0
2018-04-16,2,0,2
2018-04-16,6,2,4
2018-04-16,3,0,3
2018-04-16,8,0,8
2018-04-16,5,1,4
2018-04-16,5,0,5
2018-04-16,5,0,5
2018-04-17,4,0,4
2018-04-17,1,1,0
2018-04-17,1,0,1
2018-04-17,0,0,0
2018-04-17,2,0,2
2018-04-17,2,1,1
2018-04-17,0,0,0
2018-04-17,6,1,5
2018-04-17,7,0,7
2018-04-17,4,0,4
2018-04-17,6,4,2
2018-04-17,3,2,1
2018-04-17,8,1,7
2018-04-17,6,1,5
2018-04-17,6,0,6
2018-04-17,4,0,4
2018-04-17,6,2,4
2018-04-17,5,1,4
2018-04-17,9,1,8
2018-04-17,12,0,12
2018-04-17,10,0,10
2018-04-17,6,0,6
2018-04-17,4,0,4
2018-04-17,1,0,1
2018-04-18,0,0,0
2018-04-18,0,0,0
2018-04-18,0,0,0
2018-04-18,1,0,1
2018-04-18,1,0,1
2018-04-18,1,0,1
2018-04-18,5,0,5
2018-04-18,5,0,5
2018-04-18,2,0,2
2018-04-18,6,2,4
2018-04-18,4,1,3
2018-04-18,9,2,7
2018-04-18,3,1,2
2018-04-18,9,0,9
2018-04-18,6,0,6
2018-04-18,9,1,8
2018-04-18,7,0,7
2018-04-18,11,1,10
2018-04-18,9,3,6
2018-04-18,4,0,4
2018-04-18,8,1,7
2018-04-18,5,0,5
2018-04-18,5,0,5
2018-04-18,2,0,2
2018-04-19,1,0,1
2018-04-19,1,0,1
2018-04-19,1,0,1
2018-04-19,0,0,0
2018-04-19,1,0,1
2018-04-19,2,0,2
2018-04-19,6,2,4
2018-04-19,3,1,2
2018-04-19,6,0,6
2018-04-19,4,1,3
2018-04-19,3,3,0
2018-04-19,7,1,6
2018-04-19,4,3,1
2018-04-19,4,0,4
2018-04-19,8,3,5
2018-04-19,5,1,4
2018-04-19,9,2,7
2018-04-19,5,1,4
2018-04-19,4,0,4
2018-04-19,10,3,7
2018-04-19,3,0,3
2018-04-19,5,0,5
2018-04-19,6,0,6
2018-04-19,3,0,3
2018-04-20,0,0,0
2018-04-20,1,0,1
2018-04-20,1,0,1
2018-04-20,0,0,0
2018-04-20,0,0,0
2018-04-20,5,1,4
2018-04-20,8,2,6
2018-04-20,6,1,5
2018-04-20,7,1,6
2018-04-20,6,1,5
2018-04-20,1,0,1
2018-04-20,4,1,3
2018-04-20,4,1,3
2018-04-20,6,0,6
2018-04-20,4,0,4
2018-04-20,4,3,1
2018-04-20,6,1,5
2018-04-20,5,0,5
2018-04-20,10,7,3
2018-04-20,6,1,5
2018-04-20,7,0,7
2018-04-20,9,2,7
2018-04-20,5,0,5
2018-04-20,5,1,4
2018-04-21,0,0,0
2018-04-21,3,0,3
2018-04-21,1,0,1
2018-04-21,0,0,0
2018-04-21,2,1,1
2018-04-21,1,0,1
2018-04-21,0,0,0
2018-04-21,2,1,1
2018-04-21,4,3,1
2018-04-21,4,1,3
2018-04-21,6,1,5
2018-04-21,5,2,3
2018-04-21,4,1,3
2018-04-21,2,1,1
2018-04-21,5,1,4
2018-04-21,3,0,3
2018-04-21,5,0,5
2018-04-21,3,3,0
2018-04-21,2,0,2
2018-04-21,10,4,6
2018-04-21,10,2,8
2018-04-21,4,1,3
2018-04-21,4,3,1
2018-04-21,10,4,6
2018-04-22,4,0,4
2018-04-22,3,0,3
2018-04-22,1,0,1
2018-04-22,1,1,0
2018-04-22,0,0,0
2018-04-22,2,0,2
2018-04-22,1,0,1
2018-04-22,1,0,1
2018-04-22,1,0,1
2018-04-22,2,1,1
2018-04-22,4,3,1
2018-04-22,1,1,0
2018-04-22,6,4,2
2018-04-22,6,4,2
2018-04-22,1,0,1
2018-04-22,3,2,1
2018-04-22,6,0,6
2018-04-22,5,2,3
2018-04-22,4,0,4
2018-04-22,6,2,4
2018-04-22,5,1,4
2018-04-22,6,1,5
2018-04-22,3,0,3
2018-04-22,2,0,2
2018-04-23,2,0,2
2018-04-23,0,0,0
2018-04-23,0,0,0
2018-04-23,0,0,0
2018-04-23,0,0,0
2018-04-23,0,0,0
2018-04-23,0,0,0
2018-04-23,2,0,2
2018-04-23,5,2,3
2018-04-23,1,1,0
2018-04-23,6,2,4
2018-04-23,6,4,2
2018-04-23,3,1,2
2018-04-23,3,0,3
2018-04-23,7,0,7
2018-04-23,7,2,5
2018-04-23,13,2,11
2018-04-23,7,0,7
2018-04-23,14,2,12
2018-04-23,11,3,8
2018-04-23,8,1,7
2018-04-23,2,0,2
2018-04-23,4,0,4
2018-04-23,0,0,0
2018-04-24,1,0,1
2018-04-24,0,0,0
2018-04-24,0,0,0
2018-04-24,1,0,1
2018-04-24,1,0,1
2018-04-24,3,3,0
2018-04-24,2,1,1
2018-04-24,6,3,3
2018-04-24,9,2,7
2018-04-24,6,1,5
2018-04-24,6,1,5
2018-04-24,6,1,5
2018-04-24,10,1,9
2018-04-24,9,3,6
2018-04-24,5,4,1
2018-04-24,4,0,4
2018-04-24,5,0,5
2018-04-24,8,3,5
2018-04-24,11,3,8
2018-04-24,9,3,6
2018-04-24,11,5,6
2018-04-24,7,1,6
2018-04-24,9,0,9
2018-04-24,3,0,3
2018-04-25,0,0,0
2018-04-25,1,0,1
2018-04-25,1,1,0
2018-04-25,0,0,0
2018-04-25,2,0,2
2018-04-25,2,0,2
2018-04-25,3,0,3
2018-04-25,7,2,5
2018-04-25,9,2,7
2018-04-25,5,2,3
2018-04-25,10,7,3
2018-04-25,6,0,6
2018-04-25,13,2,11
2018-04-25,11,3,8
2018-04-25,11,3,8
2018-04-25,8,0,8
2018-04-25,12,2,10
2018-04-25,10,3,7
2018-04-25,9,2,7
2018-04-25,6,2,4
2018-04-25,14,2,12
2018-04-25,6,1,5
2018-04-25,4,1,3
2018-04-25,4,0,4
2018-04-26,0,0,0
2018-04-26,0,0,0
2018-04-26,0,0,0
2018-04-26,0,0,0
2018-04-26,0,0,0
2018-04-26,1,1,0
2018-04-26,3,3,0
2018-04-26,6,1,5
2018-04-26,6,1,5
2018-04-26,4,2,2
2018-04-26,4,0,4
2018-04-26,4,1,3
2018-04-26,8,1,7
2018-04-26,4,0,4
2018-04-26,6,1,5
2018-04-26,11,2,9
2018-04-26,7,2,5
2018-04-26,11,2,9
2018-04-26,12,3,9
2018-04-26,7,2,5
2018-04-26,6,2,4
2018-04-26,1,0,1
2018-04-26,3,1,2
2018-04-26,0,0,0
2018-04-27,2,2,0
2018-04-27,0,0,0
2018-04-27,0,0,0
2018-04-27,0,0,0
2018-04-27,0,0,0
2018-04-27,0,0,0
2018-04-27,0,0,0
2018-04-27,0,0,0
2018-04-27,3,2,1
2018-04-27,3,3,0
2018-04-27,2,2,0
2018-04-27,5,5,0
2018-04-27,11,8,3
2018-04-27,7,3,4
2018-04-27,3,2,1
2018-04-27,4,3,1
2018-04-27,3,2,1
2018-04-27,4,3,1
2018-04-27,4,3,1
2018-04-27,1,1,0
2018-04-27,4,3,1
2018-04-27,2,2,0
2018-04-27,5,0,5
2018-04-27,2,2,0
2018-04-28,1,0,1
2018-04-28,0,0,0
2018-04-28,0,0,0
2018-04-28,0,0,0
2018-04-28,0,0,0
2018-04-28,0,0,0
2018-04-28,0,0,0
2018-04-28,3,1,2
2018-04-28,6,3,3
2018-04-28,18,13,5
2018-04-28,6,3,3
2018-04-28,3,1,2
2018-04-28,4,3,1
2018-04-28,1,0,1
2018-04-28,4,1,3
2018-04-28,3,2,1
2018-04-28,9,5,4
2018-04-28,4,0,4
2018-04-28,1,0,1
2018-04-28,3,2,1
2018-04-28,1,1,0
2018-04-28,1,0,1
2018-04-28,1,0,1
2018-04-28,2,1,1
2018-04-29,0,0,0
2018-04-29,0,0,0
2018-04-29,0,0,0
2018-04-29,0,0,0
2018-04-29,0,0,0
2018-04-29,0,0,0
2018-04-29,0,0,0
2018-04-29,1,0,1
2018-04-29,1,0,1
2018-04-29,2,1,1
2018-04-29,0,0,0
2018-04-29,8,4,4
2018-04-29,13,9,4
2018-04-29,9,4,5
2018-04-29,11,7,4
2018-04-29,5,4,1
2018-04-29,7,4,3
2018-04-29,7,1,6
2018-04-29,10,1,9
2018-04-29,12,4,8
2018-04-29,7,4,3
2018-04-29,3,0,3
2018-04-29,3,1,2
2018-04-29,2,0,2
2018-04-30,0,0,0
2018-04-30,0,0,0
2018-04-30,0,0,0
2018-04-30,0,0,0
2018-04-30,0,0,0
2018-04-30,1,1,0
2018-04-30,1,0,1
2018-04-30,1,1,0
2018-04-30,3,1,2
2018-04-30,4,1,3
2018-04-30,2,2,0
2018-04-30,3,2,1
2018-04-30,4,3,1
2018-04-30,1,1,0
2018-04-30,3,1,2
2018-04-30,4,1,3
2018-04-30,13,6,7
2018-04-30,10,3,7
2018-04-30,14,3,11
2018-04-30,4,2,2
2018-04-30,6,0,6
2018-04-30,5,1,4
2018-04-30,1,0,1
2018-04-30,1,0,1
2018-05-01,0,0,0
2018-05-01,1,1,0
2018-05-01,1,1,0
2018-05-01,0,0,0
2018-05-01,0,0,0
2018-05-01,1,1,0
2018-05-01,0,0,0
2018-05-01,4,2,2
2018-05-01,5,4,1
2018-05-01,6,3,3
2018-05-01,2,0,2
2018-05-01,2,1,1
2018-05-01,6,2,4
2018-05-01,9,1,8
2018-05-01,4,1,3
2018-05-01,12,5,7
2018-05-01,17,3,14
2018-05-01,13,1,12
2018-05-01,12,3,9
2018-05-01,13,3,10
2018-05-01,5,0,5
2018-05-01,4,1,3
2018-05-01,4,2,2
2018-05-01,0,0,0
2018-05-02,0,0,0
2018-05-02,0,0,0
2018-05-02,0,0,0
2018-05-02,0,0,0
2018-05-02,1,1,0
2018-05-02,1,0,1
2018-05-02,2,1,1
2018-05-02,2,2,0
2018-05-02,1,0,1
2018-05-02,8,6,2
2018-05-02,4,3,1
2018-05-02,5,0,5
2018-05-02,5,0,5
2018-05-02,8,1,7
2018-05-02,8,1,7
2018-05-02,11,2,9
2018-05-02,9,1,8
2018-05-02,14,4,10
2018-05-02,11,4,7
2018-05-02,3,1,2
2018-05-02,5,1,4
2018-05-02,1,1,0
2018-05-02,1,1,0
2018-05-02,1,1,0
2018-05-03,1,0,1
2018-05-03,0,0,0
2018-05-03,0,0,0
2018-05-03,0,0,0
2018-05-03,2,0,2
2018-05-03,0,0,0
2018-05-03,0,0,0
2018-05-03,5,3,2
2018-05-03,1,0,1
2018-05-03,1,0,1
2018-05-03,4,1,3
2018-05-03,8,1,7
2018-05-03,7,3,4
2018-05-03,9,2,7
2018-05-03,6,1,5
2018-05-03,7,1,6
2018-05-03,6,0,6
2018-05-03,18,4,14
2018-05-03,16,3,13
2018-05-03,9,1,8
2018-05-03,7,1,6
2018-05-03,6,1,5
2018-05-03,12,2,10
2018-05-03,5,0,5
2018-05-04,1,0,1
2018-05-04,0,0,0
2018-05-04,1,0,1
2018-05-04,2,0,2
2018-05-04,0,0,0
2018-05-04,4,2,2
2018-05-04,8,5,3
2018-05-04,8,1,7
2018-05-04,8,4,4
2018-05-04,3,2,1
2018-05-04,6,3,3
2018-05-04,3,2,1
2018-05-04,12,1,11
2018-05-04,14,5,9
2018-05-04,8,4,4
2018-05-04,15,4,11
2018-05-04,9,1,8
2018-05-04,8,2,6
2018-05-04,7,2,5
2018-05-04,8,4,4
2018-05-04,8,1,7
2018-05-04,10,2,8
2018-05-04,8,1,7
2018-05-04,5,1,4
2018-05-05,4,1,3
2018-05-05,4,0,4
2018-05-05,4,0,4
2018-05-05,2,0,2
2018-05-05,0,0,0
2018-05-05,3,0,3
2018-05-05,2,0,2
2018-05-05,4,2,2
2018-05-05,0,0,0
2018-05-05,4,4,0
2018-05-05,22,11,11
2018-05-05,9,3,6
2018-05-05,7,1,6
2018-05-05,17,11,6
2018-05-05,10,5,5
2018-05-05,9,3,6
2018-05-05,3,2,1
2018-05-05,8,3,5
2018-05-05,12,4,8
2018-05-05,7,0,7
2018-05-05,6,1,5
2018-05-05,3,1,2
2018-05-05,7,0,7
2018-05-05,3,2,1
2018-05-06,3,3,0
2018-05-06,1,0,1
2018-05-06,1,0,1
2018-05-06,1,0,1
2018-05-06,0,0,0
2018-05-06,0,0,0
2018-05-06,1,0,1
2018-05-06,2,1,1
2018-05-06,3,3,0
2018-05-06,5,1,4
2018-05-06,13,4,9
2018-05-06,19,11,8
2018-05-06,13,2,11
2018-05-06,9,4,5
2018-05-06,10,2,8
2018-05-06,9,3,6
2018-05-06,9,0,9
2018-05-06,9,1,8
2018-05-06,10,3,7
2018-05-06,4,1,3
2018-05-06,6,1,5
2018-05-06,4,1,3
2018-05-06,1,1,0
2018-05-06,2,0,2
2018-05-07,0,0,0
2018-05-07,1,0,1
2018-05-07,0,0,0
2018-05-07,1,1,0
2018-05-07,0,0,0
2018-05-07,2,1,1
2018-05-07,0,0,0
2018-05-07,1,1,0
2018-05-07,5,1,4
2018-05-07,4,1,3
2018-05-07,4,3,1
2018-05-07,7,1,6
2018-05-07,12,3,9
2018-05-07,10,1,9
2018-05-07,10,1,9
2018-05-07,12,2,10
2018-05-07,11,2,9
2018-05-07,14,2,12
2018-05-07,11,2,9
2018-05-07,6,2,4
2018-05-07,8,2,6
2018-05-07,9,0,9
2018-05-07,7,0,7
2018-05-07,2,2,0
2018-05-08,3,1,2
2018-05-08,1,0,1
2018-05-08,0,0,0
2018-05-08,0,0,0
2018-05-08,2,0,2
2018-05-08,3,0,3
2018-05-08,3,1,2
2018-05-08,3,0,3
2018-05-08,7,4,3
2018-05-08,4,0,4
2018-05-08,9,2,7
2018-05-08,5,0,5
2018-05-08,9,0,9
2018-05-08,6,0,6
2018-05-08,7,4,3
2018-05-08,7,4,3
2018-05-08,14,2,12
2018-05-08,7,3,4
2018-05-08,13,2,11
2018-05-08,3,2,1
2018-05-08,5,3,2
2018-05-08,2,0,2
2018-05-08,1,0,1
2018-05-08,1,1,0
2018-05-09,0,0,0
2018-05-09,0,0,0
2018-05-09,0,0,0
2018-05-09,1,0,1
2018-05-09,0,0,0
2018-05-09,0,0,0
2018-05-09,0,0,0
2018-05-09,1,1,0
2018-05-09,7,5,2
2018-05-09,6,2,4
2018-05-09,0,0,0
2018-05-09,4,0,4
2018-05-09,3,2,1
2018-05-09,4,1,3
2018-05-09,3,2,1
2018-05-09,6,3,3
2018-05-09,7,5,2
2018-05-09,1,0,1
2018-05-09,11,8,3
2018-05-09,2,0,2
2018-05-09,3,1,2
2018-05-09,2,2,0
2018-05-09,0,0,0
2018-05-09,1,0,1
2018-05-10,1,0,1
2018-05-10,0,0,0
2018-05-10,0,0,0
2018-05-10,0,0,0
2018-05-10,0,0,0
2018-05-10,0,0,0
2018-05-10,1,1,0
2018-05-10,4,0,4
2018-05-10,7,2,5
2018-05-10,6,3,3
2018-05-10,0,0,0
2018-05-10,0,0,0
2018-05-10,1,0,1
2018-05-10,7,5,2
2018-05-10,2,1,1
2018-05-10,6,4,2
2018-05-10,2,1,1
2018-05-10,10,3,7
2018-05-10,6,3,3
2018-05-10,14,5,9
2018-05-10,4,1,3
2018-05-10,6,1,5
2018-05-10,2,0,2
2018-05-10,0,0,0
2018-05-11,0,0,0
2018-05-11,0,0,0
2018-05-11,0,0,0
2018-05-11,0,0,0
2018-05-11,1,0,1
2018-05-11,0,0,0
2018-05-11,6,3,3
2018-05-11,4,3,1
2018-05-11,8,2,6
2018-05-11,2,1,1
2018-05-11,4,3,1
2018-05-11,2,1,1
2018-05-11,4,1,3
2018-05-11,12,2,10
2018-05-11,5,2,3
2018-05-11,6,0,6
2018-05-11,6,0,6
2018-05-11,2,0,2
2018-05-11,8,4,4
2018-05-11,8,0,8
2018-05-11,8,5,3
2018-05-11,13,4,9
2018-05-11,13,2,11
2018-05-11,7,1,6
2018-05-12,1,0,1
2018-05-12,3,0,3
2018-05-12,0,0,0
2018-05-12,0,0,0
2018-05-12,0,0,0
2018-05-12,0,0,0
2018-05-12,0,0,0
2018-05-12,0,0,0
2018-05-12,4,0,4
2018-05-12,1,0,1
2018-05-12,4,0,4
2018-05-12,13,7,6
2018-05-12,10,6,4
2018-05-12,13,2,11
2018-05-12,14,8,6
2018-05-12,2,1,1
2018-05-12,8,3,5
2018-05-12,6,2,4
2018-05-12,6,0,6
2018-05-12,3,1,2
2018-05-12,0,0,0
2018-05-12,2,2,0
2018-05-12,3,0,3
2018-05-12,0,0,0
2018-05-13,3,1,2
2018-05-13,0,0,0
2018-05-13,0,0,0
2018-05-13,0,0,0
2018-05-13,0,0,0
2018-05-13,0,0,0
2018-05-13,1,0,1
2018-05-13,2,0,2
2018-05-13,3,0,3
2018-05-13,3,0,3
2018-05-13,5,2,3
2018-05-13,9,2,7
2018-05-13,8,3,5
2018-05-13,12,7,5
2018-05-13,14,6,8
2018-05-13,10,6,4
2018-05-13,9,0,9
2018-05-13,12,4,8
2018-05-13,9,4,5
2018-05-13,5,1,4
2018-05-13,2,1,1
2018-05-13,5,0,5
2018-05-13,5,2,3
2018-05-13,2,0,2
2018-05-14,3,2,1
2018-05-14,1,0,1
2018-05-14,0,0,0
2018-05-14,0,0,0
2018-05-14,1,1,0
2018-05-14,0,0,0
2018-05-14,0,0,0
2018-05-14,3,3,0
2018-05-14,5,2,3
2018-05-14,2,1,1
2018-05-14,3,2,1
2018-05-14,5,2,3
2018-05-14,6,2,4
2018-05-14,7,4,3
2018-05-14,4,0,4
2018-05-14,9,2,7
2018-05-14,18,6,12
2018-05-14,5,1,4
2018-05-14,7,4,3
2018-05-14,3,2,1
2018-05-14,2,2,0
2018-05-14,3,1,2
2018-05-14,1,0,1
2018-05-14,0,0,0
2018-05-15,1,0,1
2018-05-15,0,0,0
2018-05-15,0,0,0
2018-05-15,0,0,0
2018-05-15,0,0,0
2018-05-15,0,0,0
2018-05-15,1,1,0
2018-05-15,3,3,0
2018-05-15,1,1,0
2018-05-15,4,1,3
2018-05-15,2,2,0
2018-05-15,4,4,0
2018-05-15,3,0,3
2018-05-15,7,3,4
2018-05-15,5,0,5
2018-05-15,5,1,4
2018-05-15,5,0,5
2018-05-15,6,2,4
2018-05-15,8,0,8
2018-05-15,12,6,6
2018-05-15,3,1,2
2018-05-15,4,2,2
2018-05-15,3,1,2
2018-05-15,1,0,1
2018-05-16,1,0,1
2018-05-16,0,0,0
2018-05-16,0,0,0
2018-05-16,0,0,0
2018-05-16,0,0,0
2018-05-16,1,0,1
2018-05-16,0,0,0
2018-05-16,2,0,2
2018-05-16,1,1,0
2018-05-16,1,1,0
2018-05-16,1,0,1
2018-05-16,5,4,1
2018-05-16,9,5,4
2018-05-16,4,4,0
2018-05-16,3,1,2
2018-05-16,6,3,3
2018-05-16,7,2,5
2018-05-16,3,1,2
2018-05-16,10,4,6
2018-05-16,4,3,1
2018-05-16,6,5,1
2018-05-16,0,0,0
2018-05-16,1,0,1
2018-05-16,0,0,0
2018-05-17,0,0,0
2018-05-17,1,1,0
2018-05-17,0,0,0
2018-05-17,0,0,0
2018-05-17,0,0,0
2018-05-17,0,0,0
2018-05-17,1,1,0
2018-05-17,2,1,1
2018-05-17,5,3,2
2018-05-17,3,2,1
2018-05-17,1,1,0
2018-05-17,3,3,0
2018-05-17,1,1,0
2018-05-17,8,3,5
2018-05-17,4,2,2
2018-05-17,11,3,8
2018-05-17,8,6,2
2018-05-17,15,5,10
2018-05-17,14,6,8
2018-05-17,12,5,7
2018-05-17,1,0,1
2018-05-17,1,0,1
2018-05-17,2,0,2
2018-05-17,1,1,0
2018-05-18,0,0,0
2018-05-18,1,0,1
2018-05-18,0,0,0
2018-05-18,0,0,0
2018-05-18,0,0,0
2018-05-18,0,0,0
2018-05-18,1,0,1
2018-05-18,1,1,0
2018-05-18,1,1,0
2018-05-18,2,1,1
2018-05-18,1,1,0
2018-05-18,5,3,2
2018-05-18,4,2,2
2018-05-18,2,2,0
2018-05-18,4,1,3
2018-05-18,7,2,5
2018-05-18,11,6,5
2018-05-18,10,4,6
2018-05-18,7,4,3
2018-05-18,3,2,1
2018-05-18,3,2,1
2018-05-18,0,0,0
2018-05-18,0,0,0
2018-05-18,1,0,1
2018-05-19,1,1,0
2018-05-19,0,0,0
2018-05-19,0,0,0
2018-05-19,0,0,0
2018-05-19,0,0,0
2018-05-19,1,1,0
2018-05-19,0,0,0
2018-05-19,2,0,2
2018-05-19,3,2,1
2018-05-19,9,6,3
2018-05-19,9,5,4
2018-05-19,11,9,2
2018-05-19,10,6,4
2018-05-19,6,5,1
2018-05-19,8,5,3
2018-05-19,7,3,4
2018-05-19,9,7,2
2018-05-19,2,2,0
2018-05-19,5,1,4
2018-05-19,5,2,3
2018-05-19,10,5,5
2018-05-19,2,1,1
2018-05-19,0,0,0
2018-05-19,1,1,0
2018-05-20,1,0,1
2018-05-20,0,0,0
2018-05-20,0,0,0
2018-05-20,1,0,1
2018-05-20,0,0,0
2018-05-20,0,0,0
2018-05-20,1,0,1
2018-05-20,0,0,0
2018-05-20,0,0,0
2018-05-20,2,0,2
2018-05-20,2,1,1
2018-05-20,7,4,3
2018-05-20,5,1,4
2018-05-20,4,4,0
2018-05-20,11,8,3
2018-05-20,11,8,3
2018-05-20,18,10,8
2018-05-20,8,5,3
2018-05-20,6,5,1
2018-05-20,4,2,2
2018-05-20,2,0,2
2018-05-20,2,2,0
2018-05-20,0,0,0
2018-05-20,0,0,0
2018-05-21,0,0,0
2018-05-21,0,0,0
2018-05-21,1,1,0
2018-05-21,0,0,0
2018-05-21,0,0,0
2018-05-21,1,0,1
2018-05-21,0,0,0
2018-05-21,2,0,2
2018-05-21,4,0,4
2018-05-21,4,0,4
2018-05-21,1,0,1
2018-05-21,7,7,0
2018-05-21,2,2,0
2018-05-21,3,0,3
2018-05-21,5,2,3
2018-05-21,7,4,3
2018-05-21,19,7,12
2018-05-21,12,5,7
2018-05-21,10,5,5
2018-05-21,6,3,3
2018-05-21,3,0,3
2018-05-21,4,2,2
2018-05-21,1,0,1
2018-05-21,0,0,0
2018-05-22,1,0,1
2018-05-22,0,0,0
2018-05-22,0,0,0
2018-05-22,0,0,0
2018-05-22,0,0,0
2018-05-22,0,0,0
2018-05-22,1,1,0
2018-05-22,1,0,1
2018-05-22,7,4,3
2018-05-22,3,1,2
2018-05-22,6,4,2
2018-05-22,4,2,2
2018-05-22,5,0,5
2018-05-22,3,2,1
2018-05-22,4,1,3
2018-05-22,8,2,6
2018-05-22,7,0,7
2018-05-22,6,4,2
2018-05-22,4,1,3
2018-05-22,3,1,2
2018-05-22,3,2,1
2018-05-22,3,3,0
2018-05-22,2,0,2
2018-05-22,1,0,1
2018-05-23,0,0,0
2018-05-23,0,0,0
2018-05-23,0,0,0
2018-05-23,0,0,0
2018-05-23,2,0,2
2018-05-23,1,0,1
2018-05-23,4,1,3
2018-05-23,7,1,6
2018-05-23,13,3,10
2018-05-23,3,2,1
2018-05-23,7,5,2
2018-05-23,8,8,0
2018-05-23,12,6,6
2018-05-23,10,6,4
2018-05-23,10,8,2
2018-05-23,12,4,8
2018-05-23,13,7,6
2018-05-23,15,11,4
2018-05-23,13,8,5
2018-05-23,14,9,5
2018-05-23,15,11,4
2018-05-23,7,2,5
2018-05-23,3,2,1
2018-05-23,2,0,2
2018-05-24,1,0,1
2018-05-24,0,0,0
2018-05-24,0,0,0
2018-05-24,0,0,0
2018-05-24,1,0,1
2018-05-24,1,0,1
2018-05-24,2,2,0
2018-05-24,4,3,1
2018-05-24,4,1,3
2018-05-24,1,0,1
2018-05-24,4,3,1
2018-05-24,6,4,2
2018-05-24,4,1,3
2018-05-24,4,1,3
2018-05-24,2,1,1
2018-05-24,9,2,7
2018-05-24,7,4,3
2018-05-24,11,4,7
2018-05-24,5,1,4
2018-05-24,3,1,2
2018-05-24,3,1,2
2018-05-24,5,1,4
2018-05-24,2,2,0
2018-05-24,1,1,0
2018-05-25,1,1,0
2018-05-25,0,0,0
2018-05-25,1,0,1
2018-05-25,0,0,0
2018-05-25,1,0,1
2018-05-25,1,0,1
2018-05-25,2,0,2
2018-05-25,1,1,0
2018-05-25,6,1,5
2018-05-25,10,2,8
2018-05-25,2,0,2
2018-05-25,4,3,1
2018-05-25,4,3,1
2018-05-25,6,3,3
2018-05-25,5,3,2
2018-05-25,4,3,1
2018-05-25,3,2,1
2018-05-25,5,2,3
2018-05-25,2,0,2
2018-05-25,6,3,3
2018-05-25,4,3,1
2018-05-25,5,3,2
2018-05-25,1,1,0
2018-05-25,0,0,0
2018-05-26,1,0,1
2018-05-26,2,2,0
2018-05-26,0,0,0
2018-05-26,2,0,2
2018-05-26,0,0,0
2018-05-26,0,0,0
2018-05-26,2,0,2
2018-05-26,3,0,3
2018-05-26,3,2,1
2018-05-26,4,2,2
2018-05-26,7,7,0
2018-05-26,8,6,2
2018-05-26,5,2,3
2018-05-26,5,4,1
2018-05-26,4,3,1
2018-05-26,5,5,0
2018-05-26,6,4,2
2018-05-26,4,4,0
2018-05-26,3,0,3
2018-05-26,1,1,0
2018-05-26,3,1,2
2018-05-26,0,0,0
2018-05-26,1,1,0
2018-05-26,0,0,0
2018-05-27,0,0,0
2018-05-27,1,0,1
2018-05-27,1,0,1
2018-05-27,0,0,0
2018-05-27,1,1,0
2018-05-27,1,0,1
2018-05-27,0,0,0
2018-05-27,1,0,1
2018-05-27,3,0,3
2018-05-27,7,3,4
2018-05-27,19,8,11
2018-05-27,16,10,6
2018-05-27,23,13,10
2018-05-27,6,1,5
2018-05-27,7,4,3
2018-05-27,10,7,3
2018-05-27,8,6,2
2018-05-27,3,1,2
2018-05-27,2,2,0
2018-05-27,8,6,2
2018-05-27,3,2,1
2018-05-27,0,0,0
2018-05-27,8,3,5
2018-05-27,3,1,2
2018-05-28,5,0,5
2018-05-28,1,0,1
2018-05-28,2,0,2
2018-05-28,0,0,0
2018-05-28,1,0,1
2018-05-28,0,0,0
2018-05-28,4,3,1
2018-05-28,4,2,2
2018-05-28,1,0,1
2018-05-28,2,0,2
2018-05-28,0,0,0
2018-05-28,1,0,1
2018-05-28,11,6,5
2018-05-28,7,4,3
2018-05-28,8,6,2
2018-05-28,16,8,8
2018-05-28,11,8,3
2018-05-28,10,5,5
2018-05-28,6,4,2
2018-05-28,3,1,2
2018-05-28,7,5,2
2018-05-28,4,3,1
2018-05-28,1,1,0
2018-05-28,0,0,0
2018-05-29,0,0,0
2018-05-29,0,0,0
2018-05-29,0,0,0
2018-05-29,0,0,0
2018-05-29,1,1,0
2018-05-29,3,3,0
2018-05-29,2,1,1
2018-05-29,2,0,2
2018-05-29,5,2,3
2018-05-29,4,1,3
2018-05-29,8,6,2
2018-05-29,2,1,1
2018-05-29,3,3,0
2018-05-29,2,0,2
2018-05-29,6,4,2
2018-05-29,3,1,2
2018-05-29,4,2,2
2018-05-29,5,2,3
2018-05-29,2,0,2
2018-05-29,7,4,3
2018-05-29,7,1,6
2018-05-29,5,4,1
2018-05-29,9,4,5
2018-05-29,3,0,3
2018-05-30,2,0,2
2018-05-30,1,0,1
2018-05-30,0,0,0
2018-05-30,0,0,0
2018-05-30,1,0,1
2018-05-30,4,0,4
2018-05-30,2,0,2
2018-05-30,12,5,7
2018-05-30,16,3,13
2018-05-30,8,2,6
2018-05-30,17,8,9
2018-05-30,3,2,1
2018-05-30,2,0,2
2018-05-30,2,0,2
2018-05-30,2,1,1
2018-05-30,4,2,2
2018-05-30,5,3,2
2018-05-30,7,2,5
2018-05-30,6,5,1
2018-05-30,10,5,5
2018-05-30,7,0,7
2018-05-30,6,0,6
2018-05-30,3,0,3
2018-05-30,2,0,2
2018-05-31,3,0,3
2018-05-31,0,0,0
2018-05-31,2,0,2
2018-05-31,1,0,1
2018-05-31,0,0,0
2018-05-31,2,0,2
2018-05-31,2,1,1
2018-05-31,6,0,6
2018-05-31,8,1,7
2018-05-31,6,1,5
2018-05-31,4,0,4
2018-05-31,13,1,12
2018-05-31,4,0,4
2018-05-31,2,1,1
2018-05-31,6,4,2
2018-05-31,5,3,2
2018-05-31,15,10,5
2018-05-31,6,3,3
2018-05-31,10,2,8
2018-05-31,5,1,4
2018-05-31,3,0,3
2018-05-31,6,0,6
2018-05-31,4,0,4
2018-05-31,2,0,2
2018-06-01,4,2,2
2018-06-01,0,0,0
2018-06-01,0,0,0
2018-06-01,0,0,0
2018-06-01,1,0,1
2018-06-01,3,0,3
2018-06-01,1,0,1
2018-06-01,3,0,3
2018-06-01,13,0,13
2018-06-01,10,1,9
2018-06-01,20,4,16
2018-06-01,25,5,20
2018-06-01,18,4,14
2018-06-01,15,1,14
2018-06-01,11,1,10
2018-06-01,22,3,19
2018-06-01,19,3,16
2018-06-01,21,3,18
2018-06-01,22,2,20
2018-06-01,18,6,12
2018-06-01,7,1,6
2018-06-01,6,0,6
2018-06-01,10,0,10
2018-06-01,6,0,6
2018-06-02,6,2,4
2018-06-02,6,1,5
2018-06-02,6,0,6
2018-06-02,3,0,3
2018-06-02,0,0,0
2018-06-02,1,0,1
2018-06-02,2,0,2
2018-06-02,5,0,5
2018-06-02,12,2,10
2018-06-02,9,2,7
2018-06-02,10,2,8
2018-06-02,10,3,7
2018-06-02,24,5,19
2018-06-02,16,2,14
2018-06-02,17,2,15
2018-06-02,14,2,12
2018-06-02,11,1,10
2018-06-02,14,4,10
2018-06-02,10,1,9
2018-06-02,7,2,5
2018-06-02,2,2,0
2018-06-02,11,2,9
2018-06-02,9,1,8
2018-06-02,14,2,12
2018-06-03,4,1,3
2018-06-03,5,0,5
2018-06-03,4,0,4
2018-06-03,3,0,3
2018-06-03,1,0,1
2018-06-03,0,0,0
2018-06-03,5,2,3
2018-06-03,4,0,4
2018-06-03,4,2,2
2018-06-03,9,2,7
2018-06-03,11,4,7
2018-06-03,20,6,14
2018-06-03,12,4,8
2018-06-03,18,5,13
2018-06-03,16,2,14
2018-06-03,10,1,9
2018-06-03,16,3,13
2018-06-03,21,2,19
2018-06-03,17,6,11
2018-06-03,9,0,9
2018-06-03,7,2,5
2018-06-03,5,0,5
2018-06-03,8,0,8
2018-06-03,6,2,4
2018-06-04,2,0,2
2018-06-04,1,0,1
2018-06-04,0,0,0
2018-06-04,0,0,0
2018-06-04,1,1,0
2018-06-04,4,1,3
2018-06-04,4,3,1
2018-06-04,9,1,8
2018-06-04,14,3,11
2018-06-04,11,1,10
2018-06-04,12,1,11
2018-06-04,12,6,6
2018-06-04,20,14,6
2018-06-04,13,7,6
2018-06-04,14,3,11
2018-06-04,7,1,6
2018-06-04,16,6,10
2018-06-04,10,2,8
2018-06-04,14,2,12
2018-06-04,13,2,11
2018-06-04,7,1,6
2018-06-04,6,0,6
2018-06-04,4,0,4
2018-06-04,9,2,7
2018-06-05,3,0,3
2018-06-05,1,0,1
2018-06-05,1,0,1
2018-06-05,1,0,1
2018-06-05,0,0,0
2018-06-05,2,0,2
2018-06-05,5,0,5
2018-06-05,7,2,5
2018-06-05,14,6,8
2018-06-05,5,0,5
2018-06-05,14,1,13
2018-06-05,11,0,11
2018-06-05,13,6,7
2018-06-05,13,0,13
2018-06-05,13,2,11
2018-06-05,9,0,9
2018-06-05,10,2,8
2018-06-05,15,4,11
2018-06-05,18,5,13
2018-06-05,12,4,8
2018-06-05,10,5,5
2018-06-05,9,1,8
2018-06-05,5,0,5
2018-06-05,8,1,7
2018-06-06,4,0,4
2018-06-06,1,0,1
2018-06-06,2,0,2
2018-06-06,0,0,0
2018-06-06,2,0,2
2018-06-06,7,2,5
2018-06-06,5,1,4
2018-06-06,11,1,10
2018-06-06,19,3,16
2018-06-06,11,6,5
2018-06-06,8,4,4
2018-06-06,6,1,5
2018-06-06,12,0,12
2018-06-06,10,1,9
2018-06-06,18,3,15
2018-06-06,11,2,9
2018-06-06,14,2,12
2018-06-06,19,4,15
2018-06-06,22,3,19
2018-06-06,10,3,7
2018-06-06,9,5,4
2018-06-06,10,3,7
2018-06-06,8,1,7
2018-06-06,6,2,4
2018-06-07,1,1,0
2018-06-07,0,0,0
2018-06-07,1,0,1
2018-06-07,1,0,1
2018-06-07,0,0,0
2018-06-07,2,1,1
2018-06-07,6,0,6
2018-06-07,9,2,7
2018-06-07,15,4,11
2018-06-07,14,3,11
2018-06-07,5,2,3
2018-06-07,9,2,7
2018-06-07,14,3,11
2018-06-07,7,1,6
2018-06-07,9,0,9
2018-06-07,16,2,14
2018-06-07,11,1,10
2018-06-07,21,6,15
2018-06-07,11,1,10
2018-06-07,6,0,6
2018-06-07,9,1,8
2018-06-07,1,0,1
2018-06-07,6,0,6
2018-06-07,2,0,2
2018-06-08,1,1,0
2018-06-08,1,0,1
2018-06-08,1,0,1
2018-06-08,1,0,1
2018-06-08,1,0,1
2018-06-08,5,2,3
2018-06-08,4,1,3
2018-06-08,10,1,9
2018-06-08,11,1,10
2018-06-08,9,1,8
2018-06-08,4,2,2
2018-06-08,10,2,8
2018-06-08,10,1,9
2018-06-08,15,2,13
2018-06-08,7,1,6
2018-06-08,6,0,6
2018-06-08,10,6,4
2018-06-08,21,9,12
2018-06-08,15,2,13
2018-06-08,10,3,7
2018-06-08,9,2,7
2018-06-08,4,1,3
2018-06-08,5,1,4
2018-06-08,4,1,3
2018-06-09,2,0,2
2018-06-09,4,1,3
2018-06-09,3,0,3
2018-06-09,1,0,1
2018-06-09,2,1,1
2018-06-09,2,1,1
2018-06-09,2,0,2
2018-06-09,2,1,1
2018-06-09,5,2,3
2018-06-09,8,3,5
2018-06-09,16,7,9
2018-06-09,12,1,11
2018-06-09,3,1,2
2018-06-09,21,9,12
2018-06-09,11,2,9
2018-06-09,21,7,14
2018-06-09,6,2,4
2018-06-09,12,6,6
2018-06-09,15,5,10
2018-06-09,16,5,11
2018-06-09,11,2,9
2018-06-09,2,1,1
2018-06-09,2,0,2
2018-06-09,5,2,3
2018-06-10,4,0,4
2018-06-10,5,1,4
2018-06-10,2,0,2
2018-06-10,2,0,2
2018-06-10,0,0,0
2018-06-10,3,1,2
2018-06-10,1,1,0
2018-06-10,0,0,0
2018-06-10,6,0,6
2018-06-10,5,0,5
2018-06-10,10,6,4
2018-06-10,18,8,10
2018-06-10,16,5,11
2018-06-10,12,4,8
2018-06-10,8,3,5
2018-06-10,9,0,9
2018-06-10,6,2,4
2018-06-10,14,1,13
2018-06-10,16,5,11
2018-06-10,6,1,5
2018-06-10,4,0,4
2018-06-10,4,0,4
2018-06-10,2,0,2
2018-06-10,1,0,1
2018-06-11,1,0,1
2018-06-11,0,0,0
2018-06-11,0,0,0
2018-06-11,0,0,0
2018-06-11,3,0,3
2018-06-11,3,1,2
2018-06-11,4,0,4
2018-06-11,9,2,7
2018-06-11,5,0,5
2018-06-11,13,2,11
2018-06-11,10,2,8
2018-06-11,11,3,8
2018-06-11,10,2,8
2018-06-11,10,1,9
2018-06-11,3,0,3
2018-06-11,14,4,10
2018-06-11,13,1,12
2018-06-11,12,2,10
2018-06-11,20,7,13
2018-06-11,10,2,8
2018-06-11,6,1,5
2018-06-11,2,2,0
2018-06-11,2,0,2
2018-06-11,2,0,2
2018-06-12,1,0,1
2018-06-12,1,0,1
2018-06-12,1,0,1
2018-06-12,0,0,0
2018-06-12,0,0,0
2018-06-12,6,3,3
2018-06-12,5,0,5
2018-06-12,6,0,6
2018-06-12,16,4,12
2018-06-12,5,1,4
2018-06-12,13,3,10
2018-06-12,10,1,9
2018-06-12,16,0,16
2018-06-12,18,5,13
2018-06-12,8,1,7
2018-06-12,15,1,14
2018-06-12,5,1,4
2018-06-12,18,9,9
2018-06-12,7,0,7
2018-06-12,13,3,10
2018-06-12,17,3,14
2018-06-12,6,0,6
2018-06-12,6,0,6
2018-06-12,3,0,3
2018-06-13,1,0,1
2018-06-13,2,0,2
2018-06-13,0,0,0
2018-06-13,1,0,1
2018-06-13,0,0,0
2018-06-13,2,0,2
2018-06-13,2,1,1
2018-06-13,1,1,0
2018-06-13,4,4,0
2018-06-13,3,2,1
2018-06-13,2,1,1
2018-06-13,1,1,0
2018-06-13,2,2,0
2018-06-13,5,2,3
2018-06-13,1,1,0
2018-06-13,5,4,1
2018-06-13,4,3,1
2018-06-13,1,0,1
2018-06-13,1,1,0
2018-06-13,2,1,1
2018-06-13,5,0,5
2018-06-13,5,1,4
2018-06-13,3,2,1
2018-06-13,5,1,4
2018-06-14,1,0,1
2018-06-14,1,0,1
2018-06-14,2,0,2
2018-06-14,0,0,0
2018-06-14,0,0,0
2018-06-14,2,2,0
2018-06-14,6,0,6
2018-06-14,11,1,10
2018-06-14,9,0,9
2018-06-14,10,0,10
2018-06-14,7,3,4
2018-06-14,13,3,10
2018-06-14,17,5,12
2018-06-14,11,4,7
2018-06-14,15,6,9
2018-06-14,12,1,11
2018-06-14,17,2,15
2018-06-14,18,3,15
2018-06-14,21,2,19
2018-06-14,13,2,11
2018-06-14,13,5,8
2018-06-14,13,3,10
2018-06-14,7,3,4
2018-06-14,6,1,5
2018-06-15,2,0,2
2018-06-15,1,0,1
2018-06-15,1,0,1
2018-06-15,2,0,2
2018-06-15,1,0,1
2018-06-15,2,0,2
2018-06-15,5,0,5
2018-06-15,5,0,5
2018-06-15,21,6,15
2018-06-15,9,0,9
2018-06-15,13,5,8
2018-06-15,12,0,12
2018-06-15,15,3,12
2018-06-15,6,1,5
2018-06-15,12,1,11
2018-06-15,9,1,8
2018-06-15,20,2,18
2018-06-15,13,2,11
2018-06-15,9,1,8
2018-06-15,10,1,9
2018-06-15,7,1,6
2018-06-15,9,0,9
2018-06-15,8,2,6
2018-06-15,4,0,4
2018-06-16,3,0,3
2018-06-16,3,0,3
2018-06-16,1,0,1
2018-06-16,2,0,2
2018-06-16,2,1,1
2018-06-16,0,0,0
2018-06-16,3,1,2
2018-06-16,6,0,6
2018-06-16,7,1,6
2018-06-16,11,4,7
2018-06-16,8,0,8
2018-06-16,8,1,7
2018-06-16,13,1,12
2018-06-16,7,2,5
2018-06-16,15,2,13
2018-06-16,8,0,8
2018-06-16,6,1,5
2018-06-16,8,3,5
2018-06-16,7,0,7
2018-06-16,12,2,10
2018-06-16,9,1,8
2018-06-16,6,1,5
2018-06-16,8,0,8
2018-06-16,8,1,7
2018-06-17,3,0,3
2018-06-17,1,0,1
2018-06-17,1,0,1
2018-06-17,1,0,1
2018-06-17,1,0,1
2018-06-17,0,0,0
2018-06-17,0,0,0
2018-06-17,2,0,2
2018-06-17,4,0,4
2018-06-17,2,0,2
2018-06-17,6,0,6
2018-06-17,11,3,8
2018-06-17,6,1,5
2018-06-17,4,1,3
2018-06-17,15,3,12
2018-06-17,9,1,8
2018-06-17,4,0,4
2018-06-17,10,1,9
2018-06-17,10,1,9
2018-06-17,7,1,6
2018-06-17,2,0,2
2018-06-17,3,1,2
2018-06-17,3,0,3
2018-06-17,8,0,8
2018-06-18,2,0,2
2018-06-18,1,0,1
2018-06-18,0,0,0
2018-06-18,2,0,2
2018-06-18,0,0,0
2018-06-18,2,1,1
2018-06-18,6,0,6
2018-06-18,10,1,9
2018-06-18,5,0,5
2018-06-18,5,1,4
2018-06-18,13,4,9
2018-06-18,6,1,5
2018-06-18,10,0,10
2018-06-18,7,2,5
2018-06-18,4,0,4
2018-06-18,15,5,10
2018-06-18,7,4,3
2018-06-18,8,1,7
2018-06-18,10,1,9
2018-06-18,10,2,8
2018-06-18,6,1,5
2018-06-18,15,0,15
2018-06-18,5,0,5
2018-06-18,6,2,4
2018-06-19,2,1,1
2018-06-19,1,0,1
2018-06-19,1,0,1
2018-06-19,0,0,0
2018-06-19,3,1,2
2018-06-19,4,0,4
2018-06-19,6,1,5
2018-06-19,6,1,5
2018-06-19,10,1,9
2018-06-19,12,3,9
2018-06-19,3,2,1
2018-06-19,18,4,14
2018-06-19,9,1,8
2018-06-19,10,1,9
2018-06-19,6,2,4
2018-06-19,14,3,11
2018-06-19,8,3,5
2018-06-19,11,4,7
2018-06-19,16,5,11
2018-06-19,15,0,15
2018-06-19,12,3,9
2018-06-19,7,2,5
2018-06-19,4,0,4
2018-06-19,3,1,2
2018-06-20,3,0,3
2018-06-20,1,0,1
2018-06-20,1,0,1
2018-06-20,0,0,0
2018-06-20,2,1,1
2018-06-20,2,0,2
2018-06-20,11,3,8
2018-06-20,12,3,9
2018-06-20,15,3,12
2018-06-20,10,1,9
2018-06-20,6,3,3
2018-06-20,8,4,4
2018-06-20,8,2,6
2018-06-20,8,0,8
2018-06-20,8,2,6
2018-06-20,5,1,4
2018-06-20,12,5,7
2018-06-20,15,3,12
2018-06-20,11,3,8
2018-06-20,18,2,16
2018-06-20,8,2,6
2018-06-20,7,1,6
2018-06-20,12,1,11
2018-06-20,3,0,3
2018-06-21,2,1,1
2018-06-21,0,0,0
2018-06-21,1,0,1
2018-06-21,0,0,0
2018-06-21,0,0,0
2018-06-21,0,0,0
2018-06-21,5,1,4
2018-06-21,5,1,4
2018-06-21,16,3,13
2018-06-21,13,5,8
2018-06-21,4,3,1
2018-06-21,9,4,5
2018-06-21,9,1,8
2018-06-21,6,2,4
2018-06-21,10,2,8
2018-06-21,13,1,12
2018-06-21,12,2,10
2018-06-21,18,6,12
2018-06-21,19,6,13
2018-06-21,18,8,10
2018-06-21,18,6,12
2018-06-21,13,2,11
2018-06-21,11,1,10
2018-06-21,6,1,5
2018-06-22,6,1,5
2018-06-22,2,0,2
2018-06-22,2,0,2
2018-06-22,1,0,1
2018-06-22,2,0,2
2018-06-22,6,1,5
2018-06-22,6,0,6
2018-06-22,11,0,11
2018-06-22,16,4,12
2018-06-22,18,3,15
2018-06-22,9,3,6
2018-06-22,11,1,10
2018-06-22,13,3,10
2018-06-22,14,3,11
2018-06-22,11,3,8
2018-06-22,13,7,6
2018-06-22,12,2,10
2018-06-22,16,3,13
2018-06-22,13,3,10
2018-06-22,20,3,17
2018-06-22,8,3,5
2018-06-22,9,2,7
2018-06-22,5,0,5
2018-06-22,11,1,10
2018-06-23,2,0,2
2018-06-23,1,0,1
2018-06-23,0,0,0
2018-06-23,0,0,0
2018-06-23,1,0,1
2018-06-23,4,1,3
2018-06-23,3,1,2
2018-06-23,5,0,5
2018-06-23,9,0,9
2018-06-23,8,1,7
2018-06-23,15,2,13
2018-06-23,9,0,9
2018-06-23,8,0,8
2018-06-23,18,1,17
2018-06-23,13,1,12
2018-06-23,6,1,5
2018-06-23,12,4,8
2018-06-23,11,2,9
2018-06-23,13,2,11
2018-06-23,14,3,11
2018-06-23,8,1,7
2018-06-23,9,0,9
2018-06-23,10,1,9
2018-06-23,6,0,6
2018-06-24,7,2,5
2018-06-24,8,1,7
2018-06-24,2,0,2
2018-06-24,3,0,3
2018-06-24,0,0,0
2018-06-24,2,0,2
2018-06-24,2,0,2
2018-06-24,1,1,0
2018-06-24,3,0,3
2018-06-24,11,2,9
2018-06-24,16,2,14
2018-06-24,19,3,16
2018-06-24,22,9,13
2018-06-24,20,5,15
2018-06-24,13,3,10
2018-06-24,17,4,13
2018-06-24,11,3,8
2018-06-24,13,3,10
2018-06-24,11,1,10
2018-06-24,10,2,8
2018-06-24,6,2,4
2018-06-24,10,0,10
2018-06-24,4,0,4
2018-06-24,4,0,4
2018-06-25,2,0,2
2018-06-25,3,0,3
2018-06-25,1,0,1
2018-06-25,0,0,0
2018-06-25,2,0,2
2018-06-25,5,1,4
2018-06-25,3,0,3
2018-06-25,13,2,11
2018-06-25,14,4,10
2018-06-25,8,3,5
2018-06-25,15,3,12
2018-06-25,13,4,9
2018-06-25,11,3,8
2018-06-25,7,1,6
2018-06-25,14,2,12
2018-06-25,14,1,13
2018-06-25,12,3,9
2018-06-25,8,0,8
2018-06-25,15,4,11
2018-06-25,13,1,12
2018-06-25,5,2,3
2018-06-25,9,0,9
2018-06-25,6,1,5
2018-06-25,1,0,1
2018-06-26,3,0,3
2018-06-26,1,0,1
2018-06-26,0,0,0
2018-06-26,1,0,1
2018-06-26,0,0,0
2018-06-26,2,0,2
2018-06-26,8,1,7
2018-06-26,6,0,6
2018-06-26,13,0,13
2018-06-26,10,3,7
2018-06-26,9,1,8
2018-06-26,9,0,9
2018-06-26,13,3,10
2018-06-26,9,2,7
2018-06-26,12,2,10
2018-06-26,15,4,11
2018-06-26,21,1,20
2018-06-26,13,0,13
2018-06-26,15,6,9
2018-06-26,14,4,10
2018-06-26,16,1,15
2018-06-26,5,0,5
2018-06-26,5,0,5
2018-06-26,1,0,1
2018-06-27,0,0,0
2018-06-27,2,0,2
2018-06-27,0,0,0
2018-06-27,0,0,0
2018-06-27,0,0,0
2018-06-27,4,2,2
2018-06-27,6,0,6
2018-06-27,9,2,7
2018-06-27,15,4,11
2018-06-27,6,0,6
2018-06-27,4,0,4
2018-06-27,11,6,5
2018-06-27,4,0,4
2018-06-27,14,1,13
2018-06-27,14,4,10
2018-06-27,8,2,6
2018-06-27,17,2,15
2018-06-27,20,4,16
2018-06-27,27,10,17
2018-06-27,15,1,14
2018-06-27,7,1,6
2018-06-27,11,2,9
2018-06-27,4,2,2
2018-06-27,8,1,7
2018-06-28,6,1,5
2018-06-28,0,0,0
2018-06-28,1,0,1
2018-06-28,0,0,0
2018-06-28,0,0,0
2018-06-28,4,1,3
2018-06-28,5,1,4
2018-06-28,11,0,11
2018-06-28,7,2,5
2018-06-28,17,2,15
2018-06-28,10,6,4
2018-06-28,6,3,3
2018-06-28,5,1,4
2018-06-28,13,4,9
2018-06-28,18,2,16
2018-06-28,15,4,11
2018-06-28,21,5,16
2018-06-28,18,6,12
2018-06-28,18,5,13
2018-06-28,13,0,13
2018-06-28,13,3,10
2018-06-28,7,0,7
2018-06-28,9,2,7
2018-06-28,3,0,3
2018-06-29,2,0,2
2018-06-29,2,0,2
2018-06-29,0,0,0
2018-06-29,2,0,2
2018-06-29,0,0,0
2018-06-29,4,1,3
2018-06-29,2,0,2
2018-06-29,13,2,11
2018-06-29,12,3,9
2018-06-29,6,3,3
2018-06-29,10,2,8
2018-06-29,8,0,8
2018-06-29,16,6,10
2018-06-29,19,7,12
2018-06-29,12,7,5
2018-06-29,14,0,14
2018-06-29,22,1,21
2018-06-29,12,0,12
2018-06-29,19,4,15
2018-06-29,15,2,13
2018-06-29,14,3,11
2018-06-29,5,0,5
2018-06-29,10,1,9
2018-06-29,5,1,4
2018-06-30,2,0,2
2018-06-30,3,0,3
2018-06-30,4,0,4
2018-06-30,3,0,3
2018-06-30,1,0,1
2018-06-30,0,0,0
2018-06-30,3,0,3
2018-06-30,4,2,2
2018-06-30,11,0,11
2018-06-30,10,3,7
2018-06-30,16,1,15
2018-06-30,18,2,16
2018-06-30,17,6,11
2018-06-30,12,1,11
2018-06-30,11,0,11
2018-06-30,15,2,13
2018-06-30,11,1,10
2018-06-30,22,4,18
2018-06-30,11,2,9
2018-06-30,18,1,17
2018-06-30,9,1,8
2018-06-30,3,0,3
2018-06-30,7,0,7
2018-06-30,12,1,11
2018-07-01,7,1,6
2018-07-01,1,0,1
2018-07-01,5,0,5
2018-07-01,1,0,1
2018-07-01,2,0,2
2018-07-01,0,0,0
2018-07-01,2,0,2
2018-07-01,2,0,2
2018-07-01,3,0,3
2018-07-01,11,2,9
2018-07-01,10,0,10
2018-07-01,26,9,17
2018-07-01,10,1,9
2018-07-01,14,3,11
2018-07-01,8,0,8
2018-07-01,11,0,11
2018-07-01,13,1,12
2018-07-01,17,0,17
2018-07-01,13,2,11
2018-07-01,10,1,9
2018-07-01,9,0,9
2018-07-01,12,1,11
2018-07-01,6,1,5
2018-07-01,4,0,4
2018-07-02,2,0,2
2018-07-02,0,0,0
2018-07-02,1,0,1
2018-07-02,1,0,1
2018-07-02,0,0,0
2018-07-02,4,0,4
2018-07-02,3,0,3
2018-07-02,13,1,12
2018-07-02,6,0,6
2018-07-02,15,3,12
2018-07-02,10,1,9
2018-07-02,14,1,13
2018-07-02,15,6,9
2018-07-02,13,1,12
2018-07-02,12,2,10
2018-07-02,8,1,7
2018-07-02,13,1,12
2018-07-02,16,2,14
2018-07-02,20,2,18
2018-07-02,18,5,13
2018-07-02,5,0,5
2018-07-02,5,2,3
2018-07-02,6,0,6
2018-07-02,3,2,1
2018-07-03,7,2,5
2018-07-03,3,0,3
2018-07-03,1,0,1
2018-07-03,1,0,1
2018-07-03,0,0,0
2018-07-03,2,1,1
2018-07-03,3,0,3
2018-07-03,7,0,7
2018-07-03,14,3,11
2018-07-03,7,0,7
2018-07-03,12,1,11
2018-07-03,14,2,12
2018-07-03,6,2,4
2018-07-03,19,1,18
2018-07-03,17,2,15
2018-07-03,14,1,13
2018-07-03,16,1,15
2018-07-03,17,3,14
2018-07-03,7,1,6
2018-07-03,7,0,7
2018-07-03,1,1,0
2018-07-03,5,0,5
2018-07-03,5,1,4
2018-07-03,3,0,3
2018-07-04,1,0,1
2018-07-04,6,1,5
2018-07-04,0,0,0
2018-07-04,0,0,0
2018-07-04,1,0,1
2018-07-04,2,1,1
2018-07-04,1,0,1
2018-07-04,3,0,3
2018-07-04,0,0,0
2018-07-04,0,0,0
2018-07-04,4,1,3
2018-07-04,5,2,3
2018-07-04,12,1,11
2018-07-04,14,0,14
2018-07-04,2,0,2
2018-07-04,3,2,1
2018-07-04,11,5,6
2018-07-04,5,1,4
2018-07-04,13,1,12
2018-07-04,6,3,3
2018-07-04,6,1,5
2018-07-04,7,2,5
2018-07-04,2,0,2
2018-07-04,6,0,6
2018-07-05,2,0,2
2018-07-05,1,0,1
2018-07-05,0,0,0
2018-07-05,0,0,0
2018-07-05,1,0,1
2018-07-05,1,0,1
2018-07-05,5,0,5
2018-07-05,3,0,3
2018-07-05,4,0,4
2018-07-05,7,0,7
2018-07-05,7,1,6
2018-07-05,7,0,7
2018-07-05,11,0,11
2018-07-05,5,2,3
2018-07-05,13,0,13
2018-07-05,14,0,14
2018-07-05,10,1,9
2018-07-05,11,0,11
2018-07-05,14,1,13
2018-07-05,11,3,8
2018-07-05,4,0,4
2018-07-05,4,0,4
2018-07-05,3,1,2
2018-07-05,5,0,5
2018-07-06,1,0,1
2018-07-06,0,0,0
2018-07-06,0,0,0
2018-07-06,1,0,1
2018-07-06,1,0,1
2018-07-06,4,0,4
2018-07-06,5,0,5
2018-07-06,8,1,7
2018-07-06,11,0,11
2018-07-06,7,0,7
2018-07-06,8,0,8
2018-07-06,5,0,5
2018-07-06,11,0,11
2018-07-06,12,1,11
2018-07-06,5,0,5
2018-07-06,14,2,12
2018-07-06,12,0,12
2018-07-06,12,1,11
2018-07-06,11,0,11
2018-07-06,5,0,5
2018-07-06,6,2,4
2018-07-06,6,2,4
2018-07-06,3,0,3
2018-07-06,4,1,3
2018-07-07,2,0,2
2018-07-07,4,0,4
2018-07-07,0,0,0
2018-07-07,1,0,1
2018-07-07,0,0,0
2018-07-07,3,2,1
2018-07-07,2,2,0
2018-07-07,3,0,3
2018-07-07,4,0,4
2018-07-07,6,2,4
2018-07-07,8,0,8
2018-07-07,13,2,11
2018-07-07,7,1,6
2018-07-07,4,1,3
2018-07-07,5,0,5
2018-07-07,7,1,6
2018-07-07,11,1,10
2018-07-07,5,1,4
2018-07-07,14,0,14
2018-07-07,5,1,4
2018-07-07,2,0,2
2018-07-07,2,0,2
2018-07-07,0,0,0
2018-07-07,8,0,8
2018-07-08,0,0,0
2018-07-08,2,0,2
2018-07-08,3,0,3
2018-07-08,1,0,1
2018-07-08,1,1,0
2018-07-08,1,0,1
2018-07-08,2,1,1
2018-07-08,1,0,1
2018-07-08,3,0,3
2018-07-08,4,0,4
2018-07-08,9,0,9
2018-07-08,9,4,5
2018-07-08,15,2,13
2018-07-08,14,0,14
2018-07-08,13,4,9
2018-07-08,11,2,9
2018-07-08,17,0,17
2018-07-08,14,2,12
2018-07-08,8,2,6
2018-07-08,5,1,4
2018-07-08,8,2,6
2018-07-08,6,2,4
2018-07-08,5,1,4
2018-07-08,3,1,2
2018-07-09,5,0,5
2018-07-09,0,0,0
2018-07-09,0,0,0
2018-07-09,0,0,0
2018-07-09,0,0,0
2018-07-09,4,0,4
2018-07-09,9,3,6
2018-07-09,11,1,10
2018-07-09,9,0,9
2018-07-09,4,1,3
2018-07-09,7,0,7
2018-07-09,7,2,5
2018-07-09,10,2,8
2018-07-09,7,3,4
2018-07-09,8,2,6
2018-07-09,15,3,12
2018-07-09,8,0,8
2018-07-09,10,3,7
2018-07-09,11,0,11
2018-07-09,15,0,15
2018-07-09,5,1,4
2018-07-09,10,1,9
2018-07-09,4,0,4
2018-07-09,7,3,4
2018-07-10,3,0,3
2018-07-10,1,0,1
2018-07-10,2,0,2
2018-07-10,0,0,0
2018-07-10,0,0,0
2018-07-10,4,0,4
2018-07-10,7,0,7
2018-07-10,4,0,4
2018-07-10,9,3,6
2018-07-10,5,0,5
2018-07-10,6,2,4
2018-07-10,8,2,6
2018-07-10,5,0,5
2018-07-10,10,2,8
2018-07-10,13,0,13
2018-07-10,15,2,13
2018-07-10,18,3,15
2018-07-10,11,2,9
2018-07-10,13,3,10
2018-07-10,14,4,10
2018-07-10,3,3,0
2018-07-10,2,2,0
2018-07-10,1,0,1
2018-07-10,0,0,0
2018-07-11,2,1,1
2018-07-11,1,1,0
2018-07-11,0,0,0
2018-07-11,0,0,0
2018-07-11,2,1,1
2018-07-11,0,0,0
2018-07-11,3,2,1
2018-07-11,2,0,2
2018-07-11,5,3,2
2018-07-11,5,0,5
2018-07-11,4,1,3
2018-07-11,11,1,10
2018-07-11,11,1,10
2018-07-11,11,2,9
2018-07-11,10,2,8
2018-07-11,16,4,12
2018-07-11,8,2,6
2018-07-11,16,3,13
2018-07-11,10,4,6
2018-07-11,6,2,4
2018-07-11,7,7,0
2018-07-11,3,2,1
2018-07-11,2,1,1
2018-07-11,1,1,0
2018-07-12,0,0,0
2018-07-12,0,0,0
2018-07-12,0,0,0
2018-07-12,0,0,0
2018-07-12,0,0,0
2018-07-12,0,0,0
2018-07-12,2,1,1
2018-07-12,0,0,0
2018-07-12,2,1,1
2018-07-12,3,1,2
2018-07-12,13,4,9
2018-07-12,3,1,2
2018-07-12,12,2,10
2018-07-12,13,1,12
2018-07-12,10,2,8
2018-07-12,10,2,8
2018-07-12,21,2,19
2018-07-12,13,0,13
2018-07-12,8,4,4
2018-07-12,12,6,6
2018-07-12,11,1,10
2018-07-12,8,1,7
2018-07-12,4,0,4
2018-07-12,1,0,1
2018-07-13,3,0,3
2018-07-13,2,0,2
2018-07-13,1,0,1
2018-07-13,2,0,2
2018-07-13,0,0,0
2018-07-13,3,0,3
2018-07-13,4,0,4
2018-07-13,3,0,3
2018-07-13,6,0,6
2018-07-13,11,2,9
2018-07-13,8,3,5
2018-07-13,8,3,5
2018-07-13,10,1,9
2018-07-13,18,3,15
2018-07-13,17,4,13
2018-07-13,15,1,14
2018-07-13,17,6,11
2018-07-13,20,3,17
2018-07-13,14,3,11
2018-07-13,14,8,6
2018-07-13,11,9,2
2018-07-13,6,3,3
2018-07-13,11,4,7
2018-07-13,10,2,8
2018-07-14,3,1,2
2018-07-14,7,1,6
2018-07-14,2,0,2
2018-07-14,1,0,1
2018-07-14,1,0,1
2018-07-14,2,0,2
2018-07-14,4,0,4
2018-07-14,5,1,4
2018-07-14,6,0,6
2018-07-14,9,2,7
2018-07-14,13,1,12
2018-07-14,17,6,11
2018-07-14,20,8,12
2018-07-14,5,1,4
2018-07-14,6,0,6
2018-07-14,6,3,3
2018-07-14,12,4,8
2018-07-14,13,8,5
2018-07-14,12,9,3
2018-07-14,10,7,3
2018-07-14,13,7,6
2018-07-14,4,1,3
2018-07-14,12,2,10
2018-07-14,14,4,10
2018-07-15,7,3,4
2018-07-15,3,0,3
2018-07-15,2,0,2
2018-07-15,2,0,2
2018-07-15,2,1,1
2018-07-15,0,0,0
2018-07-15,0,0,0
2018-07-15,4,1,3
2018-07-15,6,0,6
2018-07-15,8,3,5
2018-07-15,7,1,6
2018-07-15,8,2,6
2018-07-15,9,4,5
2018-07-15,15,6,9
2018-07-15,21,12,9
2018-07-15,11,3,8
2018-07-15,14,4,10
2018-07-15,12,4,8
2018-07-15,6,2,4
2018-07-15,7,2,5
2018-07-15,13,2,11
2018-07-15,9,2,7
2018-07-15,18,1,17
2018-07-15,10,0,10
2018-07-16,4,0,4
2018-07-16,0,0,0
2018-07-16,1,0,1
2018-07-16,2,0,2
2018-07-16,0,0,0
2018-07-16,0,0,0
2018-07-16,3,0,3
2018-07-16,3,1,2
2018-07-16,7,0,7
2018-07-16,7,2,5
2018-07-16,4,1,3
2018-07-16,7,3,4
2018-07-16,13,5,8
2018-07-16,9,5,4
2018-07-16,7,3,4
2018-07-16,9,2,7
2018-07-16,13,2,11
2018-07-16,5,1,4
2018-07-16,16,3,13
2018-07-16,9,1,8
2018-07-16,4,2,2
2018-07-16,4,1,3
2018-07-16,3,0,3
2018-07-16,4,0,4
2018-07-17,1,0,1
2018-07-17,0,0,0
2018-07-17,1,0,1
2018-07-17,1,0,1
2018-07-17,2,0,2
2018-07-17,5,1,4
2018-07-17,6,1,5
2018-07-17,5,0,5
2018-07-17,12,1,11
2018-07-17,3,0,3
2018-07-17,9,0,9
2018-07-17,11,2,9
2018-07-17,8,2,6
2018-07-17,7,4,3
2018-07-17,10,0,10
2018-07-17,9,1,8
2018-07-17,9,0,9
2018-07-17,13,3,10
2018-07-17,14,1,13
2018-07-17,6,0,6
2018-07-17,7,0,7
2018-07-17,17,4,13
2018-07-17,10,1,9
2018-07-17,1,0,1
2018-07-18,1,0,1
2018-07-18,2,0,2
2018-07-18,0,0,0
2018-07-18,2,0,2
2018-07-18,0,0,0
2018-07-18,2,0,2
2018-07-18,5,0,5
2018-07-18,5,0,5
2018-07-18,4,1,3
2018-07-18,10,2,8
2018-07-18,4,1,3
2018-07-18,10,1,9
2018-07-18,19,1,18
2018-07-18,17,4,13
2018-07-18,12,0,12
2018-07-18,16,1,15
2018-07-18,10,4,6
2018-07-18,20,3,17
2018-07-18,18,3,15
2018-07-18,8,2,6
2018-07-18,9,1,8
2018-07-18,10,0,10
2018-07-18,10,1,9
2018-07-18,4,0,4
2018-07-19,3,1,2
2018-07-19,2,0,2
2018-07-19,1,0,1
2018-07-19,0,0,0
2018-07-19,3,0,3
2018-07-19,2,0,2
2018-07-19,8,2,6
2018-07-19,4,0,4
2018-07-19,7,1,6
2018-07-19,5,1,4
2018-07-19,7,0,7
2018-07-19,6,0,6
2018-07-19,9,2,7
2018-07-19,13,4,9
2018-07-19,7,2,5
2018-07-19,9,0,9
2018-07-19,6,1,5
2018-07-19,16,1,15
2018-07-19,10,1,9
2018-07-19,10,0,10
2018-07-19,6,0,6
2018-07-19,8,3,5
2018-07-19,8,0,8
2018-07-19,9,0,9
2018-07-20,0,0,0
2018-07-20,2,0,2
2018-07-20,0,0,0
2018-07-20,2,0,2
2018-07-20,0,0,0
2018-07-20,3,0,3
2018-07-20,8,0,8
2018-07-20,6,0,6
2018-07-20,6,0,6
2018-07-20,7,0,7
2018-07-20,12,2,10
2018-07-20,12,0,12
2018-07-20,18,2,16
2018-07-20,10,0,10
2018-07-20,9,0,9
2018-07-20,13,3,10
2018-07-20,15,0,15
2018-07-20,12,1,11
2018-07-20,11,2,9
2018-07-20,15,3,12
2018-07-20,7,2,5
2018-07-20,13,0,13
2018-07-20,7,0,7
2018-07-20,2,0,2
2018-07-21,10,0,10
2018-07-21,3,0,3
2018-07-21,0,0,0
2018-07-21,4,0,4
2018-07-21,3,0,3
2018-07-21,0,0,0
2018-07-21,1,0,1
2018-07-21,2,0,2
2018-07-21,2,0,2
2018-07-21,7,0,7
2018-07-21,12,1,11
2018-07-21,12,0,12
2018-07-21,7,2,5
2018-07-21,13,3,10
2018-07-21,12,3,9
2018-07-21,13,1,12
2018-07-21,13,2,11
2018-07-21,11,0,11
2018-07-21,11,1,10
2018-07-21,8,3,5
2018-07-21,6,3,3
2018-07-21,4,0,4
2018-07-21,2,1,1
2018-07-21,5,2,3
2018-07-22,8,2,6
2018-07-22,3,0,3
2018-07-22,4,1,3
2018-07-22,0,0,0
2018-07-22,0,0,0
2018-07-22,2,0,2
2018-07-22,0,0,0
2018-07-22,2,1,1
2018-07-22,7,1,6
2018-07-22,9,1,8
2018-07-22,8,2,6
2018-07-22,13,2,11
2018-07-22,14,1,13
2018-07-22,20,2,18
2018-07-22,13,2,11
2018-07-22,10,2,8
2018-07-22,12,3,9
2018-07-22,8,1,7
2018-07-22,10,1,9
2018-07-22,7,1,6
2018-07-22,5,0,5
2018-07-22,5,1,4
2018-07-22,7,1,6
2018-07-22,6,1,5
2018-07-23,4,0,4
2018-07-23,0,0,0
2018-07-23,1,0,1
2018-07-23,0,0,0
2018-07-23,0,0,0
2018-07-23,1,0,1
2018-07-23,5,0,5
2018-07-23,8,0,8
2018-07-23,6,1,5
2018-07-23,3,0,3
2018-07-23,8,1,7
2018-07-23,5,1,4
2018-07-23,10,2,8
2018-07-23,12,2,10
2018-07-23,13,2,11
2018-07-23,5,1,4
2018-07-23,14,2,12
2018-07-23,20,1,19
2018-07-23,14,1,13
2018-07-23,13,5,8
2018-07-23,12,1,11
2018-07-23,7,2,5
2018-07-23,0,0,0
2018-07-23,1,0,1
2018-07-24,2,0,2
2018-07-24,0,0,0
2018-07-24,0,0,0
2018-07-24,0,0,0
2018-07-24,0,0,0
2018-07-24,0,0,0
2018-07-24,5,0,5
2018-07-24,5,0,5
2018-07-24,11,3,8
2018-07-24,3,0,3
2018-07-24,4,0,4
2018-07-24,9,2,7
2018-07-24,9,2,7
2018-07-24,6,0,6
2018-07-24,11,1,10
2018-07-24,14,3,11
2018-07-24,9,0,9
2018-07-24,8,1,7
2018-07-24,8,4,4
2018-07-24,7,0,7
2018-07-24,6,0,6
2018-07-24,4,2,2
2018-07-24,3,1,2
2018-07-24,3,0,3
2018-07-25,1,0,1
2018-07-25,2,0,2
2018-07-25,0,0,0
2018-07-25,0,0,0
2018-07-25,0,0,0
2018-07-25,2,0,2
2018-07-25,5,1,4
2018-07-25,6,2,4
2018-07-25,7,3,4
2018-07-25,2,0,2
2018-07-25,9,2,7
2018-07-25,11,0,11
2018-07-25,5,0,5
2018-07-25,8,1,7
2018-07-25,12,2,10
2018-07-25,14,0,14
2018-07-25,18,2,16
2018-07-25,14,1,13
2018-07-25,19,3,16
2018-07-25,11,2,9
2018-07-25,6,0,6
2018-07-25,4,1,3
2018-07-25,2,0,2
2018-07-25,4,0,4
2018-07-26,4,1,3
2018-07-26,1,1,0
2018-07-26,0,0,0
2018-07-26,0,0,0
2018-07-26,2,0,2
2018-07-26,2,0,2
2018-07-26,0,0,0
2018-07-26,3,0,3
2018-07-26,2,2,0
2018-07-26,7,1,6
2018-07-26,3,1,2
2018-07-26,9,4,5
2018-07-26,7,3,4
2018-07-26,11,2,9
2018-07-26,13,1,12
2018-07-26,11,1,10
2018-07-26,13,0,13
2018-07-26,13,4,9
2018-07-26,23,2,21
2018-07-26,9,1,8
2018-07-26,5,0,5
2018-07-26,8,1,7
2018-07-26,6,1,5
2018-07-26,6,0,6
2018-07-27,6,0,6
2018-07-27,2,1,1
2018-07-27,1,0,1
2018-07-27,1,0,1
2018-07-27,2,0,2
2018-07-27,0,0,0
2018-07-27,4,0,4
2018-07-27,9,0,9
2018-07-27,8,0,8
2018-07-27,9,1,8
2018-07-27,8,0,8
2018-07-27,7,2,5
2018-07-27,9,0,9
2018-07-27,18,2,16
2018-07-27,14,1,13
2018-07-27,12,3,9
2018-07-27,12,0,12
2018-07-27,21,5,16
2018-07-27,8,2,6
2018-07-27,12,1,11
2018-07-27,7,1,6
2018-07-27,4,0,4
2018-07-27,6,0,6
2018-07-27,5,1,4
2018-07-28,2,0,2
2018-07-28,3,0,3
2018-07-28,4,1,3
2018-07-28,1,0,1
2018-07-28,1,0,1
2018-07-28,2,1,1
2018-07-28,0,0,0
2018-07-28,5,0,5
2018-07-28,2,0,2
2018-07-28,7,1,6
2018-07-28,14,2,12
2018-07-28,13,3,10
2018-07-28,8,0,8
2018-07-28,9,0,9
2018-07-28,11,0,11
2018-07-28,8,0,8
2018-07-28,5,0,5
2018-07-28,12,0,12
2018-07-28,6,2,4
2018-07-28,11,5,6
2018-07-28,4,0,4
2018-07-28,8,0,8
2018-07-28,7,0,7
2018-07-28,8,0,8
2018-07-29,2,0,2
2018-07-29,1,0,1
2018-07-29,3,0,3
2018-07-29,0,0,0
2018-07-29,0,0,0
2018-07-29,0,0,0
2018-07-29,1,0,1
2018-07-29,3,1,2
2018-07-29,4,1,3
2018-07-29,7,0,7
2018-07-29,6,4,2
2018-07-29,13,4,9
2018-07-29,5,0,5
2018-07-29,9,4,5
2018-07-29,16,1,15
2018-07-29,10,0,10
2018-07-29,15,4,11
2018-07-29,10,0,10
2018-07-29,8,1,7
2018-07-29,8,1,7
2018-07-29,5,1,4
2018-07-29,12,1,11
2018-07-29,3,0,3
2018-07-29,6,0,6
2018-07-30,4,0,4
2018-07-30,2,0,2
2018-07-30,0,0,0
2018-07-30,0,0,0
2018-07-30,0,0,0
2018-07-30,1,0,1
2018-07-30,4,0,4
2018-07-30,9,2,7
2018-07-30,5,0,5
2018-07-30,12,0,12
2018-07-30,6,1,5
2018-07-30,6,0,6
2018-07-30,8,0,8
2018-07-30,10,0,10
2018-07-30,8,1,7
2018-07-30,14,2,12
2018-07-30,14,4,10
2018-07-30,9,3,6
2018-07-30,4,2,2
2018-07-30,11,4,7
2018-07-30,4,1,3
2018-07-30,5,2,3
2018-07-30,4,2,2
2018-07-30,2,0,2
2018-07-31,0,0,0
2018-07-31,0,0,0
2018-07-31,0,0,0
2018-07-31,1,0,1
2018-07-31,1,0,1
2018-07-31,3,1,2
2018-07-31,3,0,3
2018-07-31,3,1,2
2018-07-31,5,1,4
2018-07-31,7,1,6
2018-07-31,4,0,4
2018-07-31,4,0,4
2018-07-31,9,1,8
2018-07-31,7,0,7
2018-07-31,8,2,6
2018-07-31,8,1,7
2018-07-31,15,2,13
2018-07-31,8,0,8
2018-07-31,11,4,7
2018-07-31,8,1,7
2018-07-31,8,4,4
2018-07-31,7,1,6
2018-07-31,4,0,4
2018-07-31,3,0,3
2018-08-01,1,1,0
2018-08-01,1,0,1
2018-08-01,1,0,1
2018-08-01,0,0,0
2018-08-01,1,0,1
2018-08-01,1,0,1
2018-08-01,3,1,2
2018-08-01,4,1,3
2018-08-01,7,2,5
2018-08-01,8,2,6
2018-08-01,9,0,9
2018-08-01,12,1,11
2018-08-01,11,5,6
2018-08-01,14,1,13
2018-08-01,5,1,4
2018-08-01,11,1,10
2018-08-01,13,0,13
2018-08-01,16,2,14
2018-08-01,10,4,6
2018-08-01,7,3,4
2018-08-01,4,2,2
2018-08-01,10,3,7
2018-08-01,4,0,4
2018-08-01,1,0,1
2018-08-02,2,0,2
2018-08-02,2,0,2
2018-08-02,2,0,2
2018-08-02,0,0,0
2018-08-02,1,0,1
2018-08-02,0,0,0
2018-08-02,2,1,1
2018-08-02,3,1,2
2018-08-02,3,2,1
2018-08-02,3,1,2
2018-08-02,4,3,1
2018-08-02,4,1,3
2018-08-02,3,2,1
2018-08-02,0,0,0
2018-08-02,3,1,2
2018-08-02,3,1,2
2018-08-02,7,2,5
2018-08-02,7,2,5
2018-08-02,6,1,5
2018-08-02,11,1,10
2018-08-02,4,2,2
2018-08-02,2,1,1
2018-08-02,1,0,1
2018-08-02,3,0,3
2018-08-03,0,0,0
2018-08-03,2,0,2
2018-08-03,1,0,1
2018-08-03,0,0,0
2018-08-03,0,0,0
2018-08-03,0,0,0
2018-08-03,0,0,0
2018-08-03,2,0,2
2018-08-03,1,1,0
2018-08-03,2,2,0
2018-08-03,5,2,3
2018-08-03,5,1,4
2018-08-03,12,3,9
2018-08-03,4,0,4
2018-08-03,14,1,13
2018-08-03,5,1,4
2018-08-03,4,0,4
2018-08-03,13,1,12
2018-08-03,11,2,9
2018-08-03,9,3,6
2018-08-03,5,3,2
2018-08-03,5,0,5
2018-08-03,5,0,5
2018-08-03,2,0,2
2018-08-04,1,0,1
2018-08-04,0,0,0
2018-08-04,0,0,0
2018-08-04,0,0,0
2018-08-04,1,0,1
2018-08-04,1,0,1
2018-08-04,1,0,1
2018-08-04,4,1,3
2018-08-04,6,0,6
2018-08-04,10,1,9
2018-08-04,6,0,6
2018-08-04,13,2,11
2018-08-04,6,0,6
2018-08-04,13,4,9
2018-08-04,12,2,10
2018-08-04,12,0,12
2018-08-04,15,1,14
2018-08-04,8,0,8
2018-08-04,7,2,5
2018-08-04,2,1,1
2018-08-04,4,0,4
2018-08-04,5,3,2
2018-08-04,5,0,5
2018-08-04,1,0,1
2018-08-05,6,0,6
2018-08-05,4,1,3
2018-08-05,4,0,4
2018-08-05,0,0,0
2018-08-05,1,0,1
2018-08-05,0,0,0
2018-08-05,1,0,1
2018-08-05,3,0,3
2018-08-05,4,0,4
2018-08-05,6,1,5
2018-08-05,7,3,4
2018-08-05,8,5,3
2018-08-05,10,1,9
2018-08-05,8,1,7
2018-08-05,13,2,11
2018-08-05,12,1,11
2018-08-05,10,1,9
2018-08-05,15,1,14
2018-08-05,10,2,8
2018-08-05,9,2,7
2018-08-05,9,3,6
2018-08-05,8,2,6
2018-08-05,2,0,2
2018-08-05,1,0,1
2018-08-06,2,1,1
2018-08-06,0,0,0
2018-08-06,2,0,2
2018-08-06,1,0,1
2018-08-06,0,0,0
2018-08-06,2,0,2
2018-08-06,5,1,4
2018-08-06,7,2,5
2018-08-06,4,0,4
2018-08-06,11,1,10
2018-08-06,3,0,3
2018-08-06,10,4,6
2018-08-06,9,1,8
2018-08-06,6,0,6
2018-08-06,8,1,7
2018-08-06,9,1,8
2018-08-06,8,1,7
2018-08-06,8,0,8
2018-08-06,5,2,3
2018-08-06,7,2,5
2018-08-06,2,0,2
2018-08-06,6,1,5
2018-08-06,7,0,7
2018-08-06,2,0,2
2018-08-07,0,0,0
2018-08-07,0,0,0
2018-08-07,0,0,0
2018-08-07,2,1,1
2018-08-07,0,0,0
2018-08-07,0,0,0
2018-08-07,3,0,3
2018-08-07,6,0,6
2018-08-07,4,0,4
2018-08-07,7,0,7
2018-08-07,8,0,8
2018-08-07,12,1,11
2018-08-07,13,3,10
2018-08-07,10,1,9
2018-08-07,14,1,13
2018-08-07,18,4,14
2018-08-07,7,0,7
2018-08-07,17,2,15
2018-08-07,9,4,5
2018-08-07,6,2,4
2018-08-07,2,1,1
2018-08-07,2,0,2
2018-08-07,9,1,8
2018-08-07,6,1,5
2018-08-08,1,0,1
2018-08-08,1,0,1
2018-08-08,4,0,4
2018-08-08,0,0,0
2018-08-08,1,0,1
2018-08-08,1,0,1
2018-08-08,7,3,4
2018-08-08,4,0,4
2018-08-08,10,1,9
2018-08-08,4,0,4
2018-08-08,6,0,6
2018-08-08,9,2,7
2018-08-08,7,0,7
2018-08-08,12,1,11
2018-08-08,10,0,10
2018-08-08,12,1,11
2018-08-08,14,0,14
2018-08-08,6,0,6
2018-08-08,10,1,9
2018-08-08,9,2,7
2018-08-08,8,0,8
2018-08-08,3,0,3
2018-08-08,4,2,2
2018-08-08,4,0,4
2018-08-09,1,0,1
2018-08-09,1,0,1
2018-08-09,1,1,0
2018-08-09,0,0,0
2018-08-09,0,0,0
2018-08-09,0,0,0
2018-08-09,1,0,1
2018-08-09,4,0,4
2018-08-09,2,0,2
2018-08-09,8,0,8
2018-08-09,6,0,6
2018-08-09,9,2,7
2018-08-09,7,0,7
2018-08-09,8,0,8
2018-08-09,11,1,10
2018-08-09,14,1,13
2018-08-09,6,0,6
2018-08-09,6,2,4
2018-08-09,14,4,10
2018-08-09,10,3,7
2018-08-09,7,3,4
2018-08-09,2,1,1
2018-08-09,2,0,2
2018-08-09,1,0,1
2018-08-10,1,0,1
2018-08-10,0,0,0
2018-08-10,0,0,0
2018-08-10,0,0,0
2018-08-10,0,0,0
2018-08-10,0,0,0
2018-08-10,3,0,3
2018-08-10,1,0,1
2018-08-10,9,1,8
2018-08-10,11,0,11
2018-08-10,8,0,8
2018-08-10,10,2,8
2018-08-10,7,1,6
2018-08-10,6,1,5
2018-08-10,8,1,7
2018-08-10,5,1,4
2018-08-10,7,2,5
2018-08-10,8,0,8
2018-08-10,8,3,5
2018-08-10,6,0,6
2018-08-10,6,4,2
2018-08-10,3,1,2
2018-08-10,4,2,2
2018-08-10,3,0,3
2018-08-11,4,0,4
2018-08-11,1,0,1
2018-08-11,3,0,3
2018-08-11,1,0,1
2018-08-11,2,1,1
2018-08-11,0,0,0
2018-08-11,1,0,1
2018-08-11,0,0,0
2018-08-11,3,0,3
2018-08-11,6,0,6
2018-08-11,7,1,6
2018-08-11,8,3,5
2018-08-11,7,2,5
2018-08-11,13,4,9
2018-08-11,11,1,10
2018-08-11,11,0,11
2018-08-11,8,1,7
2018-08-11,10,3,7
2018-08-11,7,3,4
2018-08-11,1,0,1
2018-08-11,7,2,5
2018-08-11,3,1,2
2018-08-11,1,1,0
2018-08-11,2,0,2
2018-08-12,4,1,3
2018-08-12,3,1,2
2018-08-12,2,0,2
2018-08-12,1,0,1
2018-08-12,1,0,1
2018-08-12,1,0,1
2018-08-12,0,0,0
2018-08-12,1,1,0
2018-08-12,3,0,3
2018-08-12,8,1,7
2018-08-12,4,0,4
2018-08-12,3,1,2
2018-08-12,10,3,7
2018-08-12,14,3,11
2018-08-12,12,3,9
2018-08-12,7,3,4
2018-08-12,11,1,10
2018-08-12,9,3,6
2018-08-12,7,1,6
2018-08-12,4,0,4
2018-08-12,5,0,5
2018-08-12,2,1,1
2018-08-12,4,0,4
2018-08-12,4,1,3
2018-08-13,3,0,3
2018-08-13,1,0,1
2018-08-13,1,0,1
2018-08-13,1,0,1
2018-08-13,0,0,0
2018-08-13,2,0,2
2018-08-13,5,0,5
2018-08-13,7,0,7
2018-08-13,11,1,10
2018-08-13,10,2,8
2018-08-13,7,1,6
2018-08-13,6,2,4
2018-08-13,6,0,6
2018-08-13,8,1,7
2018-08-13,9,3,6
2018-08-13,5,1,4
2018-08-13,10,0,10
2018-08-13,9,3,6
2018-08-13,10,2,8
2018-08-13,8,1,7
2018-08-13,3,0,3
2018-08-13,4,1,3
2018-08-13,1,1,0
2018-08-13,0,0,0
2018-08-14,0,0,0
2018-08-14,0,0,0
2018-08-14,1,0,1
2018-08-14,0,0,0
2018-08-14,0,0,0
2018-08-14,0,0,0
2018-08-14,1,0,1
2018-08-14,4,1,3
2018-08-14,8,1,7
2018-08-14,2,1,1
2018-08-14,6,1,5
2018-08-14,7,0,7
2018-08-14,10,0,10
2018-08-14,7,0,7
2018-08-14,6,1,5
2018-08-14,10,0,10
2018-08-14,8,0,8
2018-08-14,10,1,9
2018-08-14,8,2,6
2018-08-14,4,2,2
2018-08-14,10,4,6
2018-08-14,5,1,4
2018-08-14,7,0,7
2018-08-14,1,0,1
2018-08-15,1,0,1
2018-08-15,0,0,0
2018-08-15,1,0,1
2018-08-15,0,0,0
2018-08-15,1,0,1
2018-08-15,1,0,1
2018-08-15,4,1,3
2018-08-15,7,1,6
2018-08-15,9,0,9
2018-08-15,4,0,4
2018-08-15,5,0,5
2018-08-15,7,1,6
2018-08-15,4,0,4
2018-08-15,12,1,11
2018-08-15,10,0,10
2018-08-15,9,4,5
2018-08-15,12,1,11
2018-08-15,8,0,8
2018-08-15,4,3,1
2018-08-15,5,1,4
2018-08-15,6,2,4
2018-08-15,5,1,4
2018-08-15,2,0,2
2018-08-15,0,0,0
2018-08-16,0,0,0
2018-08-16,0,0,0
2018-08-16,0,0,0
2018-08-16,0,0,0
2018-08-16,0,0,0
2018-08-16,0,0,0
2018-08-16,2,1,1
2018-08-16,2,0,2
2018-08-16,1,1,0
2018-08-16,3,1,2
2018-08-16,7,0,7
2018-08-16,7,1,6
2018-08-16,4,0,4
2018-08-16,5,0,5
2018-08-16,6,2,4
2018-08-16,7,3,4
2018-08-16,11,4,7
2018-08-16,9,1,8
2018-08-16,12,1,11
2018-08-16,8,1,7
2018-08-16,8,3,5
2018-08-16,6,0,6
2018-08-16,8,1,7
2018-08-16,4,0,4
2018-08-17,0,0,0
2018-08-17,2,0,2
2018-08-17,0,0,0
2018-08-17,0,0,0
2018-08-17,1,0,1
2018-08-17,4,2,2
2018-08-17,5,2,3
2018-08-17,7,0,7
2018-08-17,7,1,6
2018-08-17,7,0,7
2018-08-17,4,1,3
2018-08-17,0,0,0
2018-08-17,2,2,0
2018-08-17,7,2,5
2018-08-17,7,4,3
2018-08-17,11,4,7
2018-08-17,7,1,6
2018-08-17,6,1,5
2018-08-17,11,1,10
2018-08-17,8,3,5
2018-08-17,7,1,6
2018-08-17,8,1,7
2018-08-17,3,1,2
2018-08-17,2,0,2
2018-08-18,4,0,4
2018-08-18,4,0,4
2018-08-18,1,0,1
2018-08-18,3,0,3
2018-08-18,0,0,0
2018-08-18,0,0,0
2018-08-18,1,0,1
2018-08-18,1,0,1
2018-08-18,5,1,4
2018-08-18,8,4,4
2018-08-18,6,4,2
2018-08-18,5,2,3
2018-08-18,4,1,3
2018-08-18,4,2,2
2018-08-18,7,3,4
2018-08-18,9,5,4
2018-08-18,2,0,2
2018-08-18,4,0,4
2018-08-18,8,2,6
2018-08-18,5,3,2
2018-08-18,2,2,0
2018-08-18,3,0,3
2018-08-18,2,1,1
2018-08-18,3,1,2
2018-08-19,1,0,1
2018-08-19,0,0,0
2018-08-19,6,1,5
2018-08-19,1,0,1
2018-08-19,2,0,2
2018-08-19,1,1,0
2018-08-19,0,0,0
2018-08-19,1,0,1
2018-08-19,1,1,0
2018-08-19,3,0,3
2018-08-19,13,2,11
2018-08-19,6,0,6
2018-08-19,9,3,6
2018-08-19,11,3,8
2018-08-19,11,2,9
2018-08-19,9,4,5
2018-08-19,4,0,4
2018-08-19,5,1,4
2018-08-19,6,0,6
2018-08-19,5,5,0
2018-08-19,1,0,1
2018-08-19,0,0,0
2018-08-19,1,1,0
2018-08-19,0,0,0
2018-08-20,0,0,0
2018-08-20,0,0,0
2018-08-20,0,0,0
2018-08-20,0,0,0
2018-08-20,1,0,1
2018-08-20,0,0,0
2018-08-20,1,1,0
2018-08-20,2,0,2
2018-08-20,2,0,2
2018-08-20,2,0,2
2018-08-20,2,1,1
2018-08-20,5,1,4
2018-08-20,2,0,2
2018-08-20,5,0,5
2018-08-20,3,1,2
2018-08-20,6,4,2
2018-08-20,4,2,2
2018-08-20,5,1,4
2018-08-20,9,0,9
2018-08-20,3,1,2
2018-08-20,1,0,1
2018-08-20,2,1,1
2018-08-20,2,0,2
2018-08-20,3,1,2
2018-08-21,0,0,0
2018-08-21,0,0,0
2018-08-21,0,0,0
2018-08-21,0,0,0
2018-08-21,0,0,0
2018-08-21,0,0,0
2018-08-21,2,2,0
2018-08-21,1,0,1
2018-08-21,2,0,2
2018-08-21,0,0,0
2018-08-21,1,1,0
2018-08-21,6,3,3
2018-08-21,13,3,10
2018-08-21,7,2,5
2018-08-21,5,2,3
2018-08-21,7,3,4
2018-08-21,9,1,8
2018-08-21,9,2,7
2018-08-21,8,2,6
2018-08-21,1,0,1
2018-08-21,10,1,9
2018-08-21,1,1,0
2018-08-21,6,4,2
2018-08-21,0,0,0
2018-08-22,1,0,1
2018-08-22,0,0,0
2018-08-22,0,0,0
2018-08-22,1,0,1
2018-08-22,0,0,0
2018-08-22,0,0,0
2018-08-22,1,1,0
2018-08-22,2,2,0
2018-08-22,2,0,2
2018-08-22,3,0,3
2018-08-22,6,4,2
2018-08-22,2,1,1
2018-08-22,10,4,6
2018-08-22,2,0,2
2018-08-22,6,1,5
2018-08-22,6,2,4
2018-08-22,9,3,6
2018-08-22,11,7,4
2018-08-22,5,5,0
2018-08-22,9,6,3
2018-08-22,1,1,0
2018-08-22,3,3,0
2018-08-22,0,0,0
2018-08-22,1,1,0
2018-08-23,0,0,0
2018-08-23,0,0,0
2018-08-23,0,0,0
2018-08-23,0,0,0
2018-08-23,0,0,0
2018-08-23,0,0,0
2018-08-23,2,2,0
2018-08-23,3,1,2
2018-08-23,2,1,1
2018-08-23,2,0,2
2018-08-23,1,1,0
2018-08-23,3,1,2
2018-08-23,3,0,3
2018-08-23,3,0,3
2018-08-23,6,1,5
2018-08-23,3,1,2
2018-08-23,7,3,4
2018-08-23,13,6,7
2018-08-23,4,1,3
2018-08-23,9,3,6
2018-08-23,9,1,8
2018-08-23,6,2,4
2018-08-23,5,0,5
2018-08-23,1,0,1
2018-08-24,3,1,2
2018-08-24,0,0,0
2018-08-24,0,0,0
2018-08-24,0,0,0
2018-08-24,0,0,0
2018-08-24,1,0,1
2018-08-24,0,0,0
2018-08-24,2,2,0
2018-08-24,2,2,0
2018-08-24,1,0,1
2018-08-24,6,3,3
2018-08-24,7,2,5
2018-08-24,1,1,0
2018-08-24,5,4,1
2018-08-24,5,3,2
2018-08-24,4,2,2
2018-08-24,7,1,6
2018-08-24,3,1,2
2018-08-24,9,4,5
2018-08-24,8,7,1
2018-08-24,4,2,2
2018-08-24,1,1,0
2018-08-24,0,0,0
2018-08-24,2,0,2
2018-08-25,0,0,0
2018-08-25,1,1,0
2018-08-25,0,0,0
2018-08-25,0,0,0
2018-08-25,0,0,0
2018-08-25,0,0,0
2018-08-25,1,1,0
2018-08-25,0,0,0
2018-08-25,2,1,1
2018-08-25,3,0,3
2018-08-25,1,1,0
2018-08-25,2,1,1
2018-08-25,2,2,0
2018-08-25,1,1,0
2018-08-25,2,2,0
2018-08-25,3,1,2
2018-08-25,5,5,0
2018-08-25,1,1,0
2018-08-25,1,0,1
2018-08-25,1,1,0
2018-08-25,3,2,1
2018-08-25,1,1,0
2018-08-25,1,1,0
2018-08-25,0,0,0
2018-08-26,0,0,0
2018-08-26,0,0,0
2018-08-26,0,0,0
2018-08-26,0,0,0
2018-08-26,0,0,0
2018-08-26,0,0,0
2018-08-26,1,1,0
2018-08-26,0,0,0
2018-08-26,1,1,0
2018-08-26,4,2,2
2018-08-26,6,2,4
2018-08-26,9,7,2
2018-08-26,8,8,0
2018-08-26,11,6,5
2018-08-26,2,1,1
2018-08-26,6,3,3
2018-08-26,2,2,0
2018-08-26,6,4,2
2018-08-26,4,4,0
2018-08-26,2,2,0
2018-08-26,3,3,0
2018-08-26,0,0,0
2018-08-26,1,0,1
2018-08-26,1,0,1
2018-08-27,0,0,0
2018-08-27,0,0,0
2018-08-27,0,0,0
2018-08-27,0,0,0
2018-08-27,0,0,0
2018-08-27,2,1,1
2018-08-27,1,0,1
2018-08-27,1,1,0
2018-08-27,1,0,1
2018-08-27,2,1,1
2018-08-27,4,1,3
2018-08-27,3,1,2
2018-08-27,12,3,9
2018-08-27,6,0,6
2018-08-27,9,3,6
2018-08-27,9,1,8
2018-08-27,18,5,13
2018-08-27,12,3,9
2018-08-27,7,5,2
2018-08-27,3,0,3
2018-08-27,3,1,2
2018-08-27,5,1,4
2018-08-27,2,0,2
2018-08-27,2,0,2
2018-08-28,0,0,0
2018-08-28,0,0,0
2018-08-28,1,1,0
2018-08-28,0,0,0
2018-08-28,0,0,0
2018-08-28,0,0,0
2018-08-28,0,0,0
2018-08-28,6,2,4
2018-08-28,2,0,2
2018-08-28,1,0,1
2018-08-28,6,5,1
2018-08-28,4,2,2
2018-08-28,8,2,6
2018-08-28,2,0,2
2018-08-28,6,1,5
2018-08-28,6,4,2
2018-08-28,7,5,2
2018-08-28,20,15,5
2018-08-28,11,8,3
2018-08-28,12,7,5
2018-08-28,3,1,2
2018-08-28,4,3,1
2018-08-28,2,2,0
2018-08-28,0,0,0
2018-08-29,0,0,0
2018-08-29,0,0,0
2018-08-29,0,0,0
2018-08-29,0,0,0
2018-08-29,0,0,0
2018-08-29,0,0,0
2018-08-29,0,0,0
2018-08-29,1,0,1
2018-08-29,3,3,0
2018-08-29,4,2,2
2018-08-29,8,6,2
2018-08-29,1,1,0
2018-08-29,7,6,1
2018-08-29,6,4,2
2018-08-29,6,4,2
2018-08-29,11,7,4
2018-08-29,14,6,8
2018-08-29,16,13,3
2018-08-29,12,7,5
2018-08-29,8,7,1
2018-08-29,3,2,1
2018-08-29,1,1,0
2018-08-29,0,0,0
2018-08-29,0,0,0
2018-08-30,1,0,1
2018-08-30,1,1,0
2018-08-30,0,0,0
2018-08-30,0,0,0
2018-08-30,1,1,0
2018-08-30,0,0,0
2018-08-30,2,2,0
2018-08-30,4,1,3
2018-08-30,1,0,1
2018-08-30,2,0,2
2018-08-30,2,2,0
2018-08-30,0,0,0
2018-08-30,1,1,0
2018-08-30,7,7,0
2018-08-30,7,6,1
2018-08-30,13,10,3
2018-08-30,10,8,2
2018-08-30,6,2,4
2018-08-30,16,10,6
2018-08-30,8,6,2
2018-08-30,3,3,0
2018-08-30,2,2,0
2018-08-30,1,1,0
2018-08-30,0,0,0
2018-08-31,1,1,0
2018-08-31,0,0,0
2018-08-31,2,1,1
2018-08-31,0,0,0
2018-08-31,0,0,0
2018-08-31,0,0,0
2018-08-31,0,0,0
2018-08-31,3,2,1
2018-08-31,3,3,0
2018-08-31,4,2,2
2018-08-31,5,3,2
2018-08-31,2,0,2
2018-08-31,8,5,3
2018-08-31,14,6,8
2018-08-31,8,5,3
2018-08-31,9,3,6
2018-08-31,6,3,3
2018-08-31,12,6,6
2018-08-31,6,5,1
2018-08-31,7,5,2
2018-08-31,5,5,0
2018-08-31,1,1,0
2018-08-31,1,0,1
2018-08-31,0,0,0
2018-09-01,4,3,1
2018-09-01,0,0,0
2018-09-01,0,0,0
2018-09-01,0,0,0
2018-09-01,0,0,0
2018-09-01,0,0,0
2018-09-01,1,1,0
2018-09-01,0,0,0
2018-09-01,3,0,3
2018-09-01,7,5,2
2018-09-01,6,3,3
2018-09-01,1,1,0
2018-09-01,9,6,3
2018-09-01,11,2,9
2018-09-01,8,5,3
2018-09-01,13,11,2
2018-09-01,14,9,5
2018-09-01,9,4,5
2018-09-01,12,11,1
2018-09-01,0,0,0
2018-09-01,3,2,1
2018-09-01,1,1,0
2018-09-01,3,2,1
2018-09-01,1,0,1
2018-09-02,5,4,1
2018-09-02,0,0,0
2018-09-02,0,0,0
2018-09-02,0,0,0
2018-09-02,0,0,0
2018-09-02,0,0,0
2018-09-02,2,1,1
2018-09-02,0,0,0
2018-09-02,2,2,0
2018-09-02,2,1,1
2018-09-02,7,3,4
2018-09-02,20,12,8
2018-09-02,11,8,3
2018-09-02,15,8,7
2018-09-02,8,5,3
2018-09-02,2,1,1
2018-09-02,7,6,1
2018-09-02,7,5,2
2018-09-02,9,6,3
2018-09-02,2,2,0
2018-09-02,4,3,1
2018-09-02,2,2,0
2018-09-02,0,0,0
2018-09-02,1,0,1
2018-09-03,0,0,0
2018-09-03,1,0,1
2018-09-03,0,0,0
2018-09-03,1,0,1
2018-09-03,0,0,0
2018-09-03,0,0,0
2018-09-03,1,0,1
2018-09-03,1,1,0
2018-09-03,1,1,0
2018-09-03,0,0,0
2018-09-03,6,5,1
2018-09-03,12,5,7
2018-09-03,10,6,4
2018-09-03,14,8,6
2018-09-03,9,7,2
2018-09-03,9,6,3
2018-09-03,13,8,5
2018-09-03,11,10,1
2018-09-03,10,6,4
2018-09-03,15,10,5
2018-09-03,7,3,4
2018-09-03,2,0,2
2018-09-03,1,0,1
2018-09-03,0,0,0
2018-09-04,0,0,0
2018-09-04,0,0,0
2018-09-04,1,0,1
2018-09-04,0,0,0
2018-09-04,0,0,0
2018-09-04,0,0,0
2018-09-04,2,1,1
2018-09-04,2,2,0
2018-09-04,6,2,4
2018-09-04,4,3,1
2018-09-04,2,0,2
2018-09-04,4,1,3
2018-09-04,3,2,1
2018-09-04,4,0,4
2018-09-04,8,2,6
2018-09-04,6,2,4
2018-09-04,8,3,5
2018-09-04,11,10,1
2018-09-04,10,5,5
2018-09-04,6,4,2
2018-09-04,4,4,0
2018-09-04,4,3,1
2018-09-04,0,0,0
2018-09-04,0,0,0
2018-09-05,0,0,0
2018-09-05,0,0,0
2018-09-05,0,0,0
2018-09-05,0,0,0
2018-09-05,0,0,0
2018-09-05,0,0,0
2018-09-05,1,0,1
2018-09-05,5,5,0
2018-09-05,3,2,1
2018-09-05,5,3,2
2018-09-05,5,2,3
2018-09-05,5,4,1
2018-09-05,17,8,9
2018-09-05,5,3,2
2018-09-05,6,5,1
2018-09-05,5,2,3
2018-09-05,6,4,2
2018-09-05,9,5,4
2018-09-05,12,11,1
2018-09-05,6,6,0
2018-09-05,2,2,0
2018-09-05,2,2,0
2018-09-05,2,2,0
2018-09-05,1,1,0
2018-09-06,1,1,0
2018-09-06,0,0,0
2018-09-06,0,0,0
2018-09-06,0,0,0
2018-09-06,0,0,0
2018-09-06,0,0,0
2018-09-06,2,1,1
2018-09-06,2,0,2
2018-09-06,8,3,5
2018-09-06,4,2,2
2018-09-06,5,4,1
2018-09-06,6,2,4
2018-09-06,2,0,2
2018-09-06,7,4,3
2018-09-06,10,8,2
2018-09-06,6,3,3
2018-09-06,9,6,3
2018-09-06,11,6,5
2018-09-06,15,9,6
2018-09-06,10,6,4
2018-09-06,7,5,2
2018-09-06,2,1,1
2018-09-06,2,2,0
2018-09-06,0,0,0
2018-09-07,0,0,0
2018-09-07,0,0,0
2018-09-07,0,0,0
2018-09-07,0,0,0
2018-09-07,0,0,0
2018-09-07,0,0,0
2018-09-07,1,0,1
2018-09-07,2,2,0
2018-09-07,10,7,3
2018-09-07,3,2,1
2018-09-07,2,1,1
2018-09-07,5,4,1
2018-09-07,3,2,1
2018-09-07,4,3,1
2018-09-07,5,2,3
2018-09-07,6,4,2
2018-09-07,4,2,2
2018-09-07,2,1,1
2018-09-07,3,1,2
2018-09-07,4,2,2
2018-09-07,2,2,0
2018-09-07,1,1,0
2018-09-07,0,0,0
2018-09-07,0,0,0
2018-09-08,0,0,0
2018-09-08,0,0,0
2018-09-08,0,0,0
2018-09-08,0,0,0
2018-09-08,0,0,0
2018-09-08,0,0,0
2018-09-08,0,0,0
2018-09-08,2,2,0
2018-09-08,0,0,0
2018-09-08,1,0,1
2018-09-08,4,4,0
2018-09-08,9,6,3
2018-09-08,4,1,3
2018-09-08,15,11,4
2018-09-08,11,9,2
2018-09-08,8,7,1
2018-09-08,11,8,3
2018-09-08,1,1,0
2018-09-08,7,5,2
2018-09-08,3,3,0
2018-09-08,5,5,0
2018-09-08,2,0,2
2018-09-08,1,0,1
2018-09-08,0,0,0
2018-09-09,0,0,0
2018-09-09,1,0,1
2018-09-09,0,0,0
2018-09-09,0,0,0
2018-09-09,0,0,0
2018-09-09,0,0,0
2018-09-09,1,1,0
2018-09-09,0,0,0
2018-09-09,1,1,0
2018-09-09,1,1,0
2018-09-09,13,7,6
2018-09-09,10,7,3
2018-09-09,16,8,8
2018-09-09,14,8,6
2018-09-09,7,6,1
2018-09-09,16,11,5
2018-09-09,5,3,2
2018-09-09,9,8,1
2018-09-09,7,7,0
2018-09-09,1,1,0
2018-09-09,1,1,0
2018-09-09,1,1,0
2018-09-09,1,1,0
2018-09-09,1,1,0
2018-09-10,0,0,0
2018-09-10,0,0,0
2018-09-10,0,0,0
2018-09-10,0,0,0
2018-09-10,0,0,0
2018-09-10,1,1,0
2018-09-10,0,0,0
2018-09-10,3,3,0
2018-09-10,5,4,1
2018-09-10,3,3,0
2018-09-10,2,0,2
2018-09-10,3,1,2
2018-09-10,4,3,1
2018-09-10,4,3,1
2018-09-10,6,2,4
2018-09-10,3,2,1
2018-09-10,3,2,1
2018-09-10,10,9,1
2018-09-10,12,8,4
2018-09-10,5,3,2
2018-09-10,1,1,0
2018-09-10,0,0,0
2018-09-10,2,1,1
2018-09-10,0,0,0
2018-09-11,0,0,0
2018-09-11,0,0,0
2018-09-11,0,0,0
2018-09-11,0,0,0
2018-09-11,0,0,0
2018-09-11,1,1,0
2018-09-11,2,1,1
2018-09-11,3,3,0
2018-09-11,7,3,4
2018-09-11,2,2,0
2018-09-11,3,2,1
2018-09-11,3,1,2
2018-09-11,5,3,2
2018-09-11,7,1,6
2018-09-11,5,4,1
2018-09-11,6,2,4
2018-09-11,6,2,4
2018-09-11,7,6,1
2018-09-11,4,3,1
2018-09-11,5,5,0
2018-09-11,3,0,3
2018-09-11,3,0,3
2018-09-11,1,0,1
2018-09-11,0,0,0
2018-09-12,0,0,0
2018-09-12,0,0,0
2018-09-12,0,0,0
2018-09-12,0,0,0
2018-09-12,0,0,0
2018-09-12,0,0,0
2018-09-12,0,0,0
2018-09-12,3,3,0
2018-09-12,4,3,1
2018-09-12,5,3,2
2018-09-12,3,2,1
2018-09-12,5,5,0
2018-09-12,2,1,1
2018-09-12,4,4,0
2018-09-12,6,2,4
2018-09-12,9,9,0
2018-09-12,7,5,2
2018-09-12,12,11,1
2018-09-12,12,9,3
2018-09-12,3,1,2
2018-09-12,1,1,0
2018-09-12,3,2,1
2018-09-12,1,1,0
2018-09-12,0,0,0
2018-09-13,0,0,0
2018-09-13,0,0,0
2018-09-13,0,0,0
2018-09-13,0,0,0
2018-09-13,0,0,0
2018-09-13,0,0,0
2018-09-13,1,1,0
2018-09-13,3,1,2
2018-09-13,5,3,2
2018-09-13,4,3,1
2018-09-13,5,4,1
2018-09-13,5,4,1
2018-09-13,3,2,1
2018-09-13,3,3,0
2018-09-13,4,2,2
2018-09-13,7,6,1
2018-09-13,4,3,1
2018-09-13,4,3,1
2018-09-13,9,7,2
2018-09-13,3,3,0
2018-09-13,1,1,0
2018-09-13,2,2,0
2018-09-13,1,1,0
2018-09-13,1,1,0
2018-09-14,0,0,0
2018-09-14,1,0,1
2018-09-14,0,0,0
2018-09-14,0,0,0
2018-09-14,1,1,0
2018-09-14,0,0,0
2018-09-14,0,0,0
2018-09-14,4,4,0
2018-09-14,8,7,1
2018-09-14,0,0,0
2018-09-14,4,2,2
2018-09-14,2,0,2
2018-09-14,5,0,5
2018-09-14,5,3,2
2018-09-14,11,7,4
2018-09-14,5,5,0
2018-09-14,6,4,2
2018-09-14,7,5,2
2018-09-14,4,4,0
2018-09-14,3,3,0
2018-09-14,5,4,1
2018-09-14,4,2,2
2018-09-14,4,0,4
2018-09-14,2,0,2
2018-09-15,5,1,4
2018-09-15,2,0,2
2018-09-15,1,0,1
2018-09-15,0,0,0
2018-09-15,0,0,0
2018-09-15,0,0,0
2018-09-15,0,0,0
2018-09-15,0,0,0
2018-09-15,1,0,1
2018-09-15,1,1,0
2018-09-15,6,5,1
2018-09-15,6,5,1
2018-09-15,5,3,2
2018-09-15,3,2,1
2018-09-15,5,1,4
2018-09-15,6,6,0
2018-09-15,6,6,0
2018-09-15,5,4,1
2018-09-15,1,1,0
2018-09-15,1,0,1
2018-09-15,1,1,0
2018-09-15,0,0,0
2018-09-15,0,0,0
2018-09-15,0,0,0
2018-09-16,0,0,0
2018-09-16,0,0,0
2018-09-16,1,1,0
2018-09-16,0,0,0
2018-09-16,0,0,0
2018-09-16,0,0,0
2018-09-16,0,0,0
2018-09-16,1,1,0
2018-09-16,0,0,0
2018-09-16,0,0,0
2018-09-16,2,2,0
2018-09-16,5,0,5
2018-09-16,10,7,3
2018-09-16,4,4,0
2018-09-16,7,4,3
2018-09-16,5,2,3
2018-09-16,18,5,13
2018-09-16,4,3,1
2018-09-16,10,8,2
2018-09-16,4,3,1
2018-09-16,2,2,0
2018-09-16,1,0,1
2018-09-16,4,0,4
2018-09-16,2,0,2
2018-09-17,4,0,4
2018-09-17,0,0,0
2018-09-17,0,0,0
2018-09-17,0,0,0
2018-09-17,0,0,0
2018-09-17,0,0,0
2018-09-17,4,4,0
2018-09-17,4,1,3
2018-09-17,7,4,3
2018-09-17,3,3,0
2018-09-17,2,1,1
2018-09-17,3,0,3
2018-09-17,0,0,0
2018-09-17,0,0,0
2018-09-17,3,3,0
2018-09-17,0,0,0
2018-09-17,1,1,0
2018-09-17,1,1,0
2018-09-17,0,0,0
2018-09-17,2,2,0
2018-09-17,2,2,0
2018-09-17,1,1,0
2018-09-17,0,0,0
2018-09-17,0,0,0
2018-09-18,0,0,0
2018-09-18,0,0,0
2018-09-18,0,0,0
2018-09-18,0,0,0
2018-09-18,0,0,0
2018-09-18,0,0,0
2018-09-18,1,1,0
2018-09-18,8,0,8
2018-09-18,10,0,10
2018-09-18,6,2,4
2018-09-18,5,0,5
2018-09-18,12,1,11
2018-09-18,10,1,9
2018-09-18,15,4,11
2018-09-18,8,1,7
2018-09-18,9,1,8
2018-09-18,17,5,12
2018-09-18,10,4,6
2018-09-18,23,3,20
2018-09-18,14,5,9
2018-09-18,8,1,7
2018-09-18,4,0,4
2018-09-18,6,0,6
2018-09-18,2,0,2
2018-09-19,1,0,1
2018-09-19,0,0,0
2018-09-19,0,0,0
2018-09-19,0,0,0
2018-09-19,0,0,0
2018-09-19,0,0,0
2018-09-19,5,2,3
2018-09-19,4,3,1
2018-09-19,8,2,6
2018-09-19,11,3,8
2018-09-19,11,4,7
2018-09-19,5,1,4
2018-09-19,12,4,8
2018-09-19,7,2,5
2018-09-19,16,3,13
2018-09-19,9,3,6
2018-09-19,14,4,10
2018-09-19,13,5,8
2018-09-19,22,10,12
2018-09-19,7,1,6
2018-09-19,13,4,9
2018-09-19,5,1,4
2018-09-19,1,1,0
2018-09-19,2,0,2
2018-09-20,2,0,2
2018-09-20,2,1,1
2018-09-20,1,0,1
2018-09-20,0,0,0
2018-09-20,2,0,2
2018-09-20,0,0,0
2018-09-20,4,1,3
2018-09-20,6,4,2
2018-09-20,11,3,8
2018-09-20,9,3,6
2018-09-20,4,0,4
2018-09-20,16,1,15
2018-09-20,9,1,8
2018-09-20,6,0,6
2018-09-20,6,2,4
2018-09-20,10,1,9
2018-09-20,16,2,14
2018-09-20,18,9,9
2018-09-20,16,2,14
2018-09-20,7,1,6
2018-09-20,12,5,7
2018-09-20,3,1,2
2018-09-20,3,0,3
2018-09-20,2,0,2
2018-09-21,0,0,0
2018-09-21,0,0,0
2018-09-21,0,0,0
2018-09-21,1,0,1
2018-09-21,1,0,1
2018-09-21,0,0,0
2018-09-21,1,0,1
2018-09-21,5,0,5
2018-09-21,5,1,4
2018-09-21,4,1,3
2018-09-21,11,1,10
2018-09-21,6,3,3
2018-09-21,13,3,10
2018-09-21,7,3,4
2018-09-21,4,0,4
2018-09-21,13,2,11
2018-09-21,14,1,13
2018-09-21,12,3,9
2018-09-21,12,2,10
2018-09-21,15,3,12
2018-09-21,10,1,9
2018-09-21,7,1,6
2018-09-21,2,1,1
2018-09-21,6,0,6
2018-09-22,5,0,5
2018-09-22,4,2,2
2018-09-22,2,2,0
2018-09-22,1,0,1
2018-09-22,1,1,0
2018-09-22,3,1,2
2018-09-22,2,1,1
2018-09-22,3,0,3
2018-09-22,3,0,3
2018-09-22,5,0,5
2018-09-22,27,3,24
2018-09-22,14,3,11
2018-09-22,22,4,18
2018-09-22,31,5,26
2018-09-22,16,4,12
2018-09-22,18,4,14
2018-09-22,20,8,12
2018-09-22,16,3,13
2018-09-22,12,0,12
2018-09-22,11,1,10
2018-09-22,13,0,13
2018-09-22,4,0,4
2018-09-22,4,0,4
2018-09-22,1,0,1
2018-09-23,5,0,5
2018-09-23,5,0,5
2018-09-23,2,0,2
2018-09-23,1,0,1
2018-09-23,0,0,0
2018-09-23,1,0,1
2018-09-23,0,0,0
2018-09-23,3,0,3
2018-09-23,7,2,5
2018-09-23,2,0,2
2018-09-23,7,1,6
2018-09-23,16,3,13
2018-09-23,12,0,12
2018-09-23,18,3,15
2018-09-23,12,3,9
2018-09-23,18,7,11
2018-09-23,16,2,14
2018-09-23,13,2,11
2018-09-23,10,3,7
2018-09-23,6,0,6
2018-09-23,7,1,6
2018-09-23,3,0,3
2018-09-23,2,0,2
2018-09-23,5,0,5
2018-09-24,7,0,7
2018-09-24,0,0,0
2018-09-24,1,0,1
2018-09-24,0,0,0
2018-09-24,1,0,1
2018-09-24,2,0,2
2018-09-24,4,1,3
2018-09-24,7,1,6
2018-09-24,14,1,13
2018-09-24,12,0,12
2018-09-24,3,0,3
2018-09-24,7,2,5
2018-09-24,12,2,10
2018-09-24,11,0,11
2018-09-24,13,2,11
2018-09-24,12,3,9
2018-09-24,20,3,17
2018-09-24,5,0,5
2018-09-24,19,1,18
2018-09-24,15,1,14
2018-09-24,13,0,13
2018-09-24,8,0,8
2018-09-24,5,0,5
2018-09-24,3,0,3
2018-09-25,3,0,3
2018-09-25,0,0,0
2018-09-25,0,0,0
2018-09-25,0,0,0
2018-09-25,1,0,1
2018-09-25,3,0,3
2018-09-25,5,2,3
2018-09-25,3,2,1
2018-09-25,15,2,13
2018-09-25,10,0,10
2018-09-25,10,5,5
2018-09-25,10,1,9
2018-09-25,8,8,0
2018-09-25,6,6,0
2018-09-25,9,9,0
2018-09-25,10,10,0
2018-09-25,8,8,0
2018-09-25,7,6,1
2018-09-25,5,1,4
2018-09-25,3,0,3
2018-09-25,1,1,0
2018-09-25,0,0,0
2018-09-25,0,0,0
2018-09-25,0,0,0
2018-09-26,0,0,0
2018-09-26,0,0,0
2018-09-26,0,0,0
2018-09-26,0,0,0
2018-09-26,0,0,0
2018-09-26,0,0,0
2018-09-26,0,0,0
2018-09-26,1,0,1
2018-09-26,2,1,1
2018-09-26,4,4,0
2018-09-26,0,0,0
2018-09-26,0,0,0
2018-09-26,0,0,0
2018-09-26,3,2,1
2018-09-26,1,0,1
2018-09-26,3,1,2
2018-09-26,10,4,6
2018-09-26,20,14,6
2018-09-26,18,10,8
2018-09-26,12,3,9
2018-09-26,7,4,3
2018-09-26,2,1,1
2018-09-26,1,0,1
2018-09-26,1,0,1
2018-09-27,0,0,0
2018-09-27,0,0,0
2018-09-27,0,0,0
2018-09-27,0,0,0
2018-09-27,0,0,0
2018-09-27,2,1,1
2018-09-27,0,0,0
2018-09-27,6,4,2
2018-09-27,17,10,7
2018-09-27,6,3,3
2018-09-27,4,2,2
2018-09-27,11,5,6
2018-09-27,4,3,1
2018-09-27,9,3,6
2018-09-27,5,3,2
2018-09-27,10,4,6
2018-09-27,14,11,3
2018-09-27,20,7,13
2018-09-27,16,9,7
2018-09-27,2,2,0
2018-09-27,6,2,4
2018-09-27,3,0,3
2018-09-27,1,1,0
2018-09-27,0,0,0
2018-09-28,1,0,1
2018-09-28,1,1,0
2018-09-28,0,0,0
2018-09-28,0,0,0
2018-09-28,0,0,0
2018-09-28,0,0,0
2018-09-28,2,1,1
2018-09-28,4,3,1
2018-09-28,13,7,6
2018-09-28,7,2,5
2018-09-28,6,3,3
2018-09-28,3,3,0
2018-09-28,20,10,10
2018-09-28,10,5,5
2018-09-28,14,6,8
2018-09-28,22,14,8
2018-09-28,17,9,8
2018-09-28,23,17,6
2018-09-28,10,6,4
2018-09-28,11,5,6
2018-09-28,6,2,4
2018-09-28,1,1,0
2018-09-28,6,3,3
2018-09-28,1,1,0
2018-09-29,1,0,1
2018-09-29,2,1,1
2018-09-29,0,0,0
2018-09-29,0,0,0
2018-09-29,0,0,0
2018-09-29,0,0,0
2018-09-29,0,0,0
2018-09-29,0,0,0
2018-09-29,3,1,2
2018-09-29,7,4,3
2018-09-29,7,3,4
2018-09-29,6,3,3
2018-09-29,17,11,6
2018-09-29,8,4,4
2018-09-29,13,5,8
2018-09-29,14,7,7
2018-09-29,14,4,10
2018-09-29,9,4,5
2018-09-29,8,4,4
2018-09-29,3,0,3
2018-09-29,3,2,1
2018-09-29,0,0,0
2018-09-29,0,0,0
2018-09-29,2,1,1
2018-09-30,3,1,2
2018-09-30,0,0,0
2018-09-30,0,0,0
2018-09-30,0,0,0
2018-09-30,0,0,0
2018-09-30,1,0,1
2018-09-30,1,0,1
2018-09-30,0,0,0
2018-09-30,1,1,0
2018-09-30,10,7,3
2018-09-30,9,4,5
2018-09-30,18,13,5
2018-09-30,23,13,10
2018-09-30,16,9,7
2018-09-30,15,4,11
2018-09-30,18,11,7
2018-09-30,13,4,9
2018-09-30,6,5,1
2018-09-30,2,1,1
2018-09-30,2,2,0
2018-09-30,2,0,2
2018-09-30,4,2,2
2018-09-30,1,1,0
2018-09-30,2,1,1
2018-10-01,1,0,1
2018-10-01,0,0,0
2018-10-01,0,0,0
2018-10-01,0,0,0
2018-10-01,0,0,0
2018-10-01,0,0,0
2018-10-01,4,2,2
2018-10-01,7,2,5
2018-10-01,13,7,6
2018-10-01,8,5,3
2018-10-01,4,3,1
2018-10-01,5,3,2
2018-10-01,6,6,0
2018-10-01,4,1,3
2018-10-01,8,5,3
2018-10-01,3,3,0
2018-10-01,8,7,1
2018-10-01,12,6,6
2018-10-01,10,8,2
2018-10-01,6,1,5
2018-10-01,4,2,2
2018-10-01,0,0,0
2018-10-01,2,0,2
2018-10-01,0,0,0
2018-10-02,1,1,0
2018-10-02,0,0,0
2018-10-02,0,0,0
2018-10-02,0,0,0
2018-10-02,0,0,0
2018-10-02,1,0,1
2018-10-02,2,1,1
2018-10-02,7,3,4
2018-10-02,8,4,4
2018-10-02,1,1,0
2018-10-02,7,5,2
2018-10-02,5,2,3
2018-10-02,6,2,4
2018-10-02,12,5,7
2018-10-02,7,2,5
2018-10-02,11,9,2
2018-10-02,5,4,1
2018-10-02,18,12,6
2018-10-02,13,7,6
2018-10-02,4,3,1
2018-10-02,3,1,2
2018-10-02,1,0,1
2018-10-02,1,1,0
2018-10-02,0,0,0
2018-10-03,1,1,0
2018-10-03,0,0,0
2018-10-03,0,0,0
2018-10-03,0,0,0
2018-10-03,1,1,0
2018-10-03,0,0,0
2018-10-03,2,1,1
2018-10-03,10,2,8
2018-10-03,6,3,3
2018-10-03,6,5,1
2018-10-03,8,5,3
2018-10-03,5,3,2
2018-10-03,10,4,6
2018-10-03,11,5,6
2018-10-03,5,3,2
2018-10-03,14,9,5
2018-10-03,7,4,3
2018-10-03,13,6,7
2018-10-03,13,8,5
2018-10-03,8,3,5
2018-10-03,5,1,4
2018-10-03,4,2,2
2018-10-03,2,2,0
2018-10-03,0,0,0
2018-10-04,0,0,0
2018-10-04,0,0,0
2018-10-04,0,0,0
2018-10-04,0,0,0
2018-10-04,0,0,0
2018-10-04,1,0,1
2018-10-04,0,0,0
2018-10-04,7,3,4
2018-10-04,13,5,8
2018-10-04,5,3,2
2018-10-04,3,2,1
2018-10-04,6,3,3
2018-10-04,10,5,5
2018-10-04,9,5,4
2018-10-04,13,5,8
2018-10-04,3,2,1
2018-10-04,6,6,0
2018-10-04,20,15,5
2018-10-04,16,10,6
2018-10-04,8,3,5
2018-10-04,3,1,2
2018-10-04,3,1,2
2018-10-04,2,2,0
2018-10-04,1,0,1
2018-10-05,1,1,0
2018-10-05,0,0,0
2018-10-05,0,0,0
2018-10-05,0,0,0
2018-10-05,0,0,0
2018-10-05,0,0,0
2018-10-05,2,0,2
2018-10-05,5,1,4
2018-10-05,7,6,1
2018-10-05,7,4,3
2018-10-05,10,4,6
2018-10-05,5,1,4
2018-10-05,7,3,4
2018-10-05,9,2,7
2018-10-05,5,3,2
2018-10-05,12,5,7
2018-10-05,6,1,5
2018-10-05,17,2,15
2018-10-05,7,3,4
2018-10-05,6,0,6
2018-10-05,5,2,3
2018-10-05,9,1,8
2018-10-05,2,1,1
2018-10-05,3,0,3
2018-10-06,4,1,3
2018-10-06,3,1,2
2018-10-06,1,0,1
2018-10-06,1,0,1
2018-10-06,1,1,0
2018-10-06,2,0,2
2018-10-06,2,0,2
2018-10-06,1,0,1
2018-10-06,6,2,4
2018-10-06,14,6,8
2018-10-06,8,4,4
2018-10-06,10,4,6
2018-10-06,15,6,9
2018-10-06,15,5,10
2018-10-06,23,8,15
2018-10-06,18,11,7
2018-10-06,21,10,11
2018-10-06,11,6,5
2018-10-06,4,1,3
2018-10-06,4,3,1
2018-10-06,7,4,3
2018-10-06,2,2,0
2018-10-06,3,1,2
2018-10-06,8,1,7
2018-10-07,1,0,1
2018-10-07,0,0,0
2018-10-07,0,0,0
2018-10-07,0,0,0
2018-10-07,0,0,0
2018-10-07,0,0,0
2018-10-07,1,0,1
2018-10-07,2,1,1
2018-10-07,2,0,2
2018-10-07,7,3,4
2018-10-07,20,10,10
2018-10-07,14,8,6
2018-10-07,6,2,4
2018-10-07,16,5,11
2018-10-07,13,8,5
2018-10-07,8,2,6
2018-10-07,7,4,3
2018-10-07,8,3,5
2018-10-07,8,3,5
2018-10-07,3,1,2
2018-10-07,6,2,4
2018-10-07,1,0,1
2018-10-07,2,0,2
2018-10-07,2,0,2
2018-10-08,0,0,0
2018-10-08,0,0,0
2018-10-08,1,0,1
2018-10-08,0,0,0
2018-10-08,0,0,0
2018-10-08,2,0,2
2018-10-08,2,0,2
2018-10-08,13,6,7
2018-10-08,13,5,8
2018-10-08,10,4,6
2018-10-08,6,5,1
2018-10-08,6,3,3
2018-10-08,7,4,3
2018-10-08,2,0,2
2018-10-08,5,1,4
2018-10-08,4,2,2
2018-10-08,12,7,5
2018-10-08,5,3,2
2018-10-08,7,3,4
2018-10-08,3,2,1
2018-10-08,4,1,3
2018-10-08,3,0,3
2018-10-08,3,1,2
2018-10-08,1,0,1
2018-10-09,0,0,0
2018-10-09,0,0,0
2018-10-09,1,1,0
2018-10-09,0,0,0
2018-10-09,1,0,1
2018-10-09,1,0,1
2018-10-09,1,1,0
2018-10-09,8,3,5
2018-10-09,19,9,10
2018-10-09,11,5,6
2018-10-09,12,2,10
2018-10-09,5,1,4
2018-10-09,9,3,6
2018-10-09,4,1,3
2018-10-09,8,2,6
2018-10-09,7,3,4
2018-10-09,6,1,5
2018-10-09,12,9,3
2018-10-09,17,10,7
2018-10-09,11,6,5
2018-10-09,5,3,2
2018-10-09,3,0,3
2018-10-09,1,1,0
2018-10-09,4,4,0
2018-10-10,0,0,0
2018-10-10,1,0,1
2018-10-10,0,0,0
2018-10-10,0,0,0
2018-10-10,0,0,0
2018-10-10,0,0,0
2018-10-10,3,0,3
2018-10-10,12,6,6
2018-10-10,15,9,6
2018-10-10,12,6,6
2018-10-10,6,3,3
2018-10-10,5,3,2
2018-10-10,11,6,5
2018-10-10,6,2,4
2018-10-10,7,5,2
2018-10-10,6,0,6
2018-10-10,12,6,6
2018-10-10,17,8,9
2018-10-10,20,9,11
2018-10-10,10,6,4
2018-10-10,4,2,2
2018-10-10,1,1,0
2018-10-10,0,0,0
2018-10-10,0,0,0
2018-10-11,0,0,0
2018-10-11,0,0,0
2018-10-11,0,0,0
2018-10-11,0,0,0
2018-10-11,1,0,1
2018-10-11,1,0,1
2018-10-11,2,1,1
2018-10-11,10,7,3
2018-10-11,10,5,5
2018-10-11,17,11,6
2018-10-11,6,4,2
2018-10-11,7,3,4
2018-10-11,6,3,3
2018-10-11,5,3,2
2018-10-11,7,2,5
2018-10-11,9,3,6
2018-10-11,10,4,6
2018-10-11,17,6,11
2018-10-11,18,11,7
2018-10-11,8,1,7
2018-10-11,12,6,6
2018-10-11,0,0,0
2018-10-11,4,3,1
2018-10-11,2,0,2
2018-10-12,3,0,3
2018-10-12,0,0,0
2018-10-12,0,0,0
2018-10-12,2,2,0
2018-10-12,0,0,0
2018-10-12,0,0,0
2018-10-12,0,0,0
2018-10-12,6,4,2
2018-10-12,13,8,5
2018-10-12,8,6,2
2018-10-12,5,4,1
2018-10-12,6,5,1
2018-10-12,6,1,5
2018-10-12,8,3,5
2018-10-12,3,1,2
2018-10-12,11,7,4
2018-10-12,10,4,6
2018-10-12,14,4,10
2018-10-12,5,4,1
2018-10-12,7,3,4
2018-10-12,3,0,3
2018-10-12,1,0,1
2018-10-12,0,0,0
2018-10-12,0,0,0
2018-10-13,1,0,1
2018-10-13,0,0,0
2018-10-13,1,1,0
2018-10-13,0,0,0
2018-10-13,0,0,0
2018-10-13,1,0,1
2018-10-13,0,0,0
2018-10-13,0,0,0
2018-10-13,5,4,1
2018-10-13,13,11,2
2018-10-13,35,33,2
2018-10-13,6,5,1
2018-10-13,10,3,7
2018-10-13,9,4,5
2018-10-13,10,4,6
2018-10-13,6,3,3
2018-10-13,5,5,0
2018-10-13,9,5,4
2018-10-13,7,5,2
2018-10-13,6,1,5
2018-10-13,4,1,3
2018-10-13,1,0,1
2018-10-13,0,0,0
2018-10-13,7,2,5
2018-10-14,0,0,0
2018-10-14,1,0,1
2018-10-14,0,0,0
2018-10-14,0,0,0
2018-10-14,0,0,0
2018-10-14,0,0,0
2018-10-14,0,0,0
2018-10-14,0,0,0
2018-10-14,3,2,1
2018-10-14,3,2,1
2018-10-14,7,6,1
2018-10-14,12,7,5
2018-10-14,13,11,2
2018-10-14,21,11,10
2018-10-14,7,4,3
2018-10-14,18,9,9
2018-10-14,21,9,12
2018-10-14,10,5,5
2018-10-14,8,2,6
2018-10-14,5,1,4
2018-10-14,6,4,2
2018-10-14,1,0,1
2018-10-14,1,1,0
2018-10-14,0,0,0
2018-10-15,1,0,1
2018-10-15,0,0,0
2018-10-15,0,0,0
2018-10-15,0,0,0
2018-10-15,0,0,0
2018-10-15,3,1,2
2018-10-15,2,2,0
2018-10-15,6,4,2
2018-10-15,1,1,0
2018-10-15,8,6,2
2018-10-15,1,1,0
2018-10-15,6,4,2
2018-10-15,6,3,3
2018-10-15,8,2,6
2018-10-15,5,2,3
2018-10-15,4,1,3
2018-10-15,10,9,1
2018-10-15,17,9,8
2018-10-15,17,10,7
2018-10-15,5,1,4
2018-10-15,0,0,0
2018-10-15,1,0,1
2018-10-15,2,2,0
2018-10-15,1,0,1
2018-10-16,0,0,0
2018-10-16,1,0,1
2018-10-16,0,0,0
2018-10-16,0,0,0
2018-10-16,0,0,0
2018-10-16,1,1,0
2018-10-16,2,0,2
2018-10-16,6,4,2
2018-10-16,10,4,6
2018-10-16,4,2,2
2018-10-16,3,0,3
2018-10-16,8,3,5
2018-10-16,6,1,5
2018-10-16,7,1,6
2018-10-16,7,2,5
2018-10-16,7,5,2
2018-10-16,7,2,5
2018-10-16,16,2,14
2018-10-16,8,1,7
2018-10-16,9,3,6
2018-10-16,5,1,4
2018-10-16,1,0,1
2018-10-16,2,0,2
2018-10-16,2,0,2
2018-10-17,0,0,0
2018-10-17,0,0,0
2018-10-17,0,0,0
2018-10-17,0,0,0
2018-10-17,0,0,0
2018-10-17,0,0,0
2018-10-17,3,1,2
2018-10-17,5,1,4
2018-10-17,9,3,6
2018-10-17,7,2,5
2018-10-17,5,3,2
2018-10-17,7,3,4
2018-10-17,6,2,4
2018-10-17,3,1,2
2018-10-17,2,0,2
2018-10-17,6,3,3
2018-10-17,8,1,7
2018-10-17,18,5,13
2018-10-17,10,2,8
2018-10-17,7,1,6
2018-10-17,1,0,1
2018-10-17,2,0,2
2018-10-17,1,0,1
2018-10-17,0,0,0
2018-10-18,1,1,0
2018-10-18,0,0,0
2018-10-18,1,0,1
2018-10-18,0,0,0
2018-10-18,0,0,0
2018-10-18,0,0,0
2018-10-18,2,0,2
2018-10-18,6,4,2
2018-10-18,12,2,10
2018-10-18,6,3,3
2018-10-18,3,1,2
2018-10-18,3,0,3
2018-10-18,7,2,5
2018-10-18,5,4,1
2018-10-18,6,1,5
2018-10-18,10,2,8
2018-10-18,12,1,11
2018-10-18,12,6,6
2018-10-18,8,5,3
2018-10-18,13,4,9
2018-10-18,8,4,4
2018-10-18,0,0,0
2018-10-18,1,0,1
2018-10-18,3,1,2
2018-10-19,1,1,0
2018-10-19,0,0,0
2018-10-19,0,0,0
2018-10-19,0,0,0
2018-10-19,0,0,0
2018-10-19,0,0,0
2018-10-19,4,2,2
2018-10-19,8,1,7
2018-10-19,14,8,6
2018-10-19,4,3,1
2018-10-19,4,2,2
2018-10-19,7,3,4
2018-10-19,7,2,5
2018-10-19,8,2,6
2018-10-19,6,4,2
2018-10-19,5,1,4
2018-10-19,13,4,9
2018-10-19,9,3,6
2018-10-19,8,4,4
2018-10-19,6,1,5
2018-10-19,3,0,3
2018-10-19,2,0,2
2018-10-19,2,0,2
2018-10-19,1,0,1
2018-10-20,2,1,1
2018-10-20,1,0,1
2018-10-20,0,0,0
2018-10-20,0,0,0
2018-10-20,1,1,0
2018-10-20,0,0,0
2018-10-20,0,0,0
2018-10-20,3,0,3
2018-10-20,1,0,1
2018-10-20,4,1,3
2018-10-20,7,3,4
2018-10-20,10,6,4
2018-10-20,8,1,7
2018-10-20,11,1,10
2018-10-20,7,4,3
2018-10-20,14,5,9
2018-10-20,10,6,4
2018-10-20,13,6,7
2018-10-20,9,4,5
2018-10-20,4,1,3
2018-10-20,3,0,3
2018-10-20,1,0,1
2018-10-20,0,0,0
2018-10-20,0,0,0
2018-10-21,0,0,0
2018-10-21,0,0,0
2018-10-21,0,0,0
2018-10-21,0,0,0
2018-10-21,0,0,0
2018-10-21,0,0,0
2018-10-21,0,0,0
2018-10-21,3,0,3
2018-10-21,1,0,1
2018-10-21,3,1,2
2018-10-21,10,8,2
2018-10-21,11,4,7
2018-10-21,16,7,9
2018-10-21,9,3,6
2018-10-21,10,3,7
2018-10-21,14,3,11
2018-10-21,9,2,7
2018-10-21,11,4,7
2018-10-21,9,1,8
2018-10-21,3,3,0
2018-10-21,1,0,1
2018-10-21,1,0,1
2018-10-21,1,0,1
2018-10-21,0,0,0
2018-10-22,0,0,0
2018-10-22,0,0,0
2018-10-22,0,0,0
2018-10-22,0,0,0
2018-10-22,0,0,0
2018-10-22,1,1,0
2018-10-22,2,0,2
2018-10-22,8,0,8
2018-10-22,10,5,5
2018-10-22,3,1,2
2018-10-22,5,2,3
2018-10-22,7,3,4
2018-10-22,11,4,7
2018-10-22,9,1,8
2018-10-22,7,2,5
2018-10-22,6,1,5
2018-10-22,3,1,2
2018-10-22,18,6,12
2018-10-22,8,4,4
2018-10-22,3,0,3
2018-10-22,3,0,3
2018-10-22,0,0,0
2018-10-22,0,0,0
2018-10-22,0,0,0
2018-10-23,1,0,1
2018-10-23,0,0,0
2018-10-23,0,0,0
2018-10-23,0,0,0
2018-10-23,0,0,0
2018-10-23,1,0,1
2018-10-23,1,1,0
2018-10-23,6,0,6
2018-10-23,13,5,8
2018-10-23,4,3,1
2018-10-23,3,2,1
2018-10-23,4,1,3
2018-10-23,12,3,9
2018-10-23,8,5,3
2018-10-23,6,1,5
2018-10-23,9,4,5
2018-10-23,16,7,9
2018-10-23,24,13,11
2018-10-23,13,3,10
2018-10-23,8,2,6
2018-10-23,2,2,0
2018-10-23,1,0,1
2018-10-23,1,1,0
2018-10-23,0,0,0
2018-10-24,0,0,0
2018-10-24,1,0,1
2018-10-24,0,0,0
2018-10-24,0,0,0
2018-10-24,1,0,1
2018-10-24,0,0,0
2018-10-24,0,0,0
2018-10-24,10,2,8
2018-10-24,12,7,5
2018-10-24,6,4,2
2018-10-24,6,4,2
2018-10-24,12,9,3
2018-10-24,9,4,5
2018-10-24,4,3,1
2018-10-24,9,1,8
2018-10-24,7,4,3
2018-10-24,7,1,6
2018-10-24,17,7,10
2018-10-24,16,8,8
2018-10-24,6,4,2
2018-10-24,1,0,1
2018-10-24,2,1,1
2018-10-24,2,2,0
2018-10-24,1,1,0
2018-10-25,0,0,0
2018-10-25,2,2,0
2018-10-25,0,0,0
2018-10-25,1,0,1
2018-10-25,0,0,0
2018-10-25,0,0,0
2018-10-25,4,1,3
2018-10-25,8,4,4
2018-10-25,5,2,3
2018-10-25,6,4,2
2018-10-25,3,3,0
2018-10-25,4,1,3
2018-10-25,7,6,1
2018-10-25,3,0,3
2018-10-25,7,3,4
2018-10-25,5,3,2
2018-10-25,6,5,1
2018-10-25,12,7,5
2018-10-25,6,3,3
2018-10-25,4,2,2
2018-10-25,2,0,2
2018-10-25,5,2,3
2018-10-25,3,1,2
2018-10-25,4,1,3
2018-10-26,0,0,0
2018-10-26,0,0,0
2018-10-26,0,0,0
2018-10-26,1,1,0
2018-10-26,0,0,0
2018-10-26,0,0,0
2018-10-26,2,1,1
2018-10-26,4,1,3
2018-10-26,11,6,5
2018-10-26,5,2,3
2018-10-26,1,0,1
2018-10-26,6,3,3
2018-10-26,5,3,2
2018-10-26,9,3,6
2018-10-26,6,3,3
2018-10-26,5,4,1
2018-10-26,3,1,2
2018-10-26,9,3,6
2018-10-26,7,1,6
2018-10-26,6,3,3
2018-10-26,5,2,3
2018-10-26,1,0,1
2018-10-26,1,1,0
2018-10-26,1,0,1
2018-10-27,0,0,0
2018-10-27,0,0,0
2018-10-27,0,0,0
2018-10-27,0,0,0
2018-10-27,0,0,0
2018-10-27,0,0,0
2018-10-27,0,0,0
2018-10-27,2,1,1
2018-10-27,3,3,0
2018-10-27,6,5,1
2018-10-27,2,2,0
2018-10-27,8,7,1
2018-10-27,5,1,4
2018-10-27,15,4,11
2018-10-27,9,3,6
2018-10-27,7,4,3
2018-10-27,8,4,4
2018-10-27,6,0,6
2018-10-27,2,0,2
2018-10-27,0,0,0
2018-10-27,2,0,2
2018-10-27,1,0,1
2018-10-27,2,0,2
2018-10-27,1,0,1
2018-10-28,0,0,0
2018-10-28,0,0,0
2018-10-28,0,0,0
2018-10-28,0,0,0
2018-10-28,0,0,0
2018-10-28,0,0,0
2018-10-28,0,0,0
2018-10-28,1,0,1
2018-10-28,0,0,0
2018-10-28,2,1,1
2018-10-28,1,0,1
2018-10-28,5,1,4
2018-10-28,5,3,2
2018-10-28,11,5,6
2018-10-28,5,2,3
2018-10-28,9,5,4
2018-10-28,9,5,4
2018-10-28,5,4,1
2018-10-28,1,1,0
2018-10-28,1,1,0
2018-10-28,2,1,1
2018-10-28,1,1,0
2018-10-28,0,0,0
2018-10-28,0,0,0
2018-10-29,0,0,0
2018-10-29,0,0,0
2018-10-29,0,0,0
2018-10-29,0,0,0
2018-10-29,1,1,0
2018-10-29,1,0,1
2018-10-29,1,1,0
2018-10-29,5,2,3
2018-10-29,7,3,4
2018-10-29,10,6,4
2018-10-29,2,1,1
2018-10-29,5,4,1
2018-10-29,7,4,3
2018-10-29,0,0,0
2018-10-29,5,2,3
2018-10-29,10,4,6
2018-10-29,4,4,0
2018-10-29,11,4,7
2018-10-29,13,8,5
2018-10-29,6,3,3
2018-10-29,1,0,1
2018-10-29,2,1,1
2018-10-29,2,1,1
2018-10-29,2,0,2
2018-10-30,0,0,0
2018-10-30,0,0,0
2018-10-30,0,0,0
2018-10-30,0,0,0
2018-10-30,2,2,0
2018-10-30,1,0,1
2018-10-30,2,2,0
2018-10-30,6,2,4
2018-10-30,13,8,5
2018-10-30,5,3,2
2018-10-30,2,2,0
2018-10-30,3,2,1
2018-10-30,4,4,0
2018-10-30,0,0,0
2018-10-30,5,3,2
2018-10-30,16,8,8
2018-10-30,13,5,8
2018-10-30,15,3,12
2018-10-30,17,9,8
2018-10-30,13,6,7
2018-10-30,6,2,4
2018-10-30,5,1,4
2018-10-30,0,0,0
2018-10-30,0,0,0
2018-10-31,0,0,0
2018-10-31,0,0,0
2018-10-31,0,0,0
2018-10-31,0,0,0
2018-10-31,0,0,0
2018-10-31,2,0,2
2018-10-31,3,3,0
2018-10-31,5,2,3
2018-10-31,5,2,3
2018-10-31,8,7,1
2018-10-31,8,6,2
2018-10-31,6,5,1
2018-10-31,8,6,2
2018-10-31,8,1,7
2018-10-31,7,7,0
2018-10-31,8,5,3
2018-10-31,11,8,3
2018-10-31,12,6,6
2018-10-31,9,5,4
2018-10-31,2,0,2
2018-10-31,4,1,3
2018-10-31,3,2,1
2018-10-31,3,0,3
2018-10-31,1,1,0
2018-11-01,0,0,0
2018-11-01,0,0,0
2018-11-01,1,1,0
2018-11-01,0,0,0
2018-11-01,0,0,0
2018-11-01,0,0,0
2018-11-01,2,0,2
2018-11-01,6,4,2
2018-11-01,8,3,5
2018-11-01,8,6,2
2018-11-01,4,3,1
2018-11-01,4,0,4
2018-11-01,10,6,4
2018-11-01,4,3,1
2018-11-01,7,3,4
2018-11-01,5,1,4
2018-11-01,12,8,4
2018-11-01,20,11,9
2018-11-01,12,7,5
2018-11-01,6,1,5
2018-11-01,3,0,3
2018-11-01,3,2,1
2018-11-01,2,1,1
2018-11-01,2,1,1
2018-11-02,0,0,0
2018-11-02,4,1,3
2018-11-02,0,0,0
2018-11-02,0,0,0
2018-11-02,1,1,0
2018-11-02,0,0,0
2018-11-02,2,2,0
2018-11-02,6,3,3
2018-11-02,6,4,2
2018-11-02,7,4,3
2018-11-02,3,3,0
2018-11-02,6,3,3
2018-11-02,6,4,2
2018-11-02,6,4,2
2018-11-02,11,7,4
2018-11-02,11,7,4
2018-11-02,10,5,5
2018-11-02,17,8,9
2018-11-02,13,7,6
2018-11-02,4,2,2
2018-11-02,6,3,3
2018-11-02,1,1,0
2018-11-02,1,0,1
2018-11-02,4,2,2
2018-11-03,1,1,0
2018-11-03,2,1,1
2018-11-03,1,1,0
2018-11-03,0,0,0
2018-11-03,0,0,0
2018-11-03,0,0,0
2018-11-03,2,0,2
2018-11-03,0,0,0
2018-11-03,1,0,1
2018-11-03,3,2,1
2018-11-03,5,5,0
2018-11-03,5,3,2
2018-11-03,9,6,3
2018-11-03,8,7,1
2018-11-03,0,0,0
2018-11-03,6,4,2
2018-11-03,4,4,0
2018-11-03,3,2,1
2018-11-03,4,1,3
2018-11-03,2,1,1
2018-11-03,0,0,0
2018-11-03,1,0,1
2018-11-03,2,0,2
2018-11-03,0,0,0
2018-11-04,2,1,1
2018-11-04,0,0,0
2018-11-04,0,0,0
2018-11-04,0,0,0
2018-11-04,0,0,0
2018-11-04,0,0,0
2018-11-04,1,0,1
2018-11-04,1,0,1
2018-11-04,3,3,0
2018-11-04,6,2,4
2018-11-04,12,7,5
2018-11-04,7,2,5
2018-11-04,16,10,6
2018-11-04,23,13,10
2018-11-04,11,7,4
2018-11-04,7,2,5
2018-11-04,7,3,4
2018-11-04,7,3,4
2018-11-04,3,2,1
2018-11-04,2,1,1
2018-11-04,2,0,2
2018-11-04,2,2,0
2018-11-04,1,0,1
2018-11-04,3,2,1
2018-11-05,0,0,0
2018-11-05,0,0,0
2018-11-05,0,0,0
2018-11-05,0,0,0
2018-11-05,0,0,0
2018-11-05,1,0,1
2018-11-05,4,4,0
2018-11-05,12,3,9
2018-11-05,10,4,6
2018-11-05,8,6,2
2018-11-05,8,6,2
2018-11-05,6,4,2
2018-11-05,2,1,1
2018-11-05,7,4,3
2018-11-05,7,4,3
2018-11-05,13,7,6
2018-11-05,16,10,6
2018-11-05,12,7,5
2018-11-05,10,6,4
2018-11-05,8,1,7
2018-11-05,2,2,0
2018-11-05,1,1,0
2018-11-05,1,0,1
2018-11-05,1,0,1
2018-11-06,3,3,0
2018-11-06,0,0,0
2018-11-06,0,0,0
2018-11-06,0,0,0
2018-11-06,0,0,0
2018-11-06,2,1,1
2018-11-06,5,5,0
2018-11-06,9,6,3
2018-11-06,17,12,5
2018-11-06,16,14,2
2018-11-06,8,7,1
2018-11-06,5,2,3
2018-11-06,11,6,5
2018-11-06,12,7,5
2018-11-06,9,5,4
2018-11-06,17,10,7
2018-11-06,13,7,6
2018-11-06,22,10,12
2018-11-06,16,7,9
2018-11-06,11,7,4
2018-11-06,3,3,0
2018-11-06,3,2,1
2018-11-06,4,2,2
2018-11-06,2,1,1
2018-11-07,0,0,0
2018-11-07,1,0,1
2018-11-07,0,0,0
2018-11-07,1,0,1
2018-11-07,0,0,0
2018-11-07,0,0,0
2018-11-07,5,3,2
2018-11-07,6,3,3
2018-11-07,13,10,3
2018-11-07,5,4,1
2018-11-07,7,7,0
2018-11-07,7,2,5
2018-11-07,7,4,3
2018-11-07,7,5,2
2018-11-07,10,3,7
2018-11-07,9,7,2
2018-11-07,4,2,2
2018-11-07,13,7,6
2018-11-07,13,2,11
2018-11-07,5,3,2
2018-11-07,4,2,2
2018-11-07,0,0,0
2018-11-07,4,2,2
2018-11-07,0,0,0
2018-11-08,0,0,0
2018-11-08,0,0,0
2018-11-08,0,0,0
2018-11-08,3,2,1
2018-11-08,1,0,1
2018-11-08,0,0,0
2018-11-08,3,3,0
2018-11-08,8,3,5
2018-11-08,5,3,2
2018-11-08,6,1,5
2018-11-08,4,4,0
2018-11-08,5,3,2
2018-11-08,9,6,3
2018-11-08,10,5,5
2018-11-08,10,5,5
2018-11-08,8,7,1
2018-11-08,14,9,5
2018-11-08,22,12,10
2018-11-08,9,5,4
2018-11-08,6,1,5
2018-11-08,1,1,0
2018-11-08,3,2,1
2018-11-08,1,1,0
2018-11-08,0,0,0
2018-11-09,0,0,0
2018-11-09,1,1,0
2018-11-09,0,0,0
2018-11-09,1,1,0
2018-11-09,0,0,0
2018-11-09,0,0,0
2018-11-09,4,2,2
2018-11-09,3,0,3
2018-11-09,17,8,9
2018-11-09,4,3,1
2018-11-09,2,2,0
2018-11-09,6,6,0
2018-11-09,4,4,0
2018-11-09,13,8,5
2018-11-09,11,6,5
2018-11-09,10,3,7
2018-11-09,8,3,5
2018-11-09,4,3,1
2018-11-09,7,5,2
2018-11-09,3,0,3
2018-11-09,2,1,1
2018-11-09,0,0,0
2018-11-09,0,0,0
2018-11-09,0,0,0
2018-11-10,0,0,0
2018-11-10,2,0,2
2018-11-10,0,0,0
2018-11-10,0,0,0
2018-11-10,0,0,0
2018-11-10,1,0,1
2018-11-10,1,0,1
2018-11-10,0,0,0
2018-11-10,2,2,0
2018-11-10,5,4,1
2018-11-10,4,3,1
2018-11-10,8,4,4
2018-11-10,11,8,3
2018-11-10,13,3,10
2018-11-10,12,7,5
2018-11-10,12,6,6
2018-11-10,16,6,10
2018-11-10,6,3,3
2018-11-10,5,2,3
2018-11-10,2,0,2
2018-11-10,2,1,1
2018-11-10,0,0,0
2018-11-10,2,0,2
2018-11-10,1,1,0
2018-11-11,2,1,1
2018-11-11,0,0,0
2018-11-11,0,0,0
2018-11-11,0,0,0
2018-11-11,0,0,0
2018-11-11,0,0,0
2018-11-11,0,0,0
2018-11-11,0,0,0
2018-11-11,2,1,1
2018-11-11,1,0,1
2018-11-11,12,11,1
2018-11-11,12,11,1
2018-11-11,18,10,8
2018-11-11,18,11,7
2018-11-11,5,4,1
2018-11-11,9,5,4
2018-11-11,9,3,6
2018-11-11,5,3,2
2018-11-11,2,1,1
2018-11-11,5,3,2
2018-11-11,0,0,0
2018-11-11,2,0,2
2018-11-11,1,1,0
2018-11-11,0,0,0
2018-11-12,2,0,2
2018-11-12,0,0,0
2018-11-12,0,0,0
2018-11-12,0,0,0
2018-11-12,0,0,0
2018-11-12,2,1,1
2018-11-12,1,0,1
2018-11-12,4,2,2
2018-11-12,8,5,3
2018-11-12,7,5,2
2018-11-12,6,3,3
2018-11-12,12,5,7
2018-11-12,13,5,8
2018-11-12,5,3,2
2018-11-12,19,10,9
2018-11-12,13,8,5
2018-11-12,11,6,5
2018-11-12,8,2,6
2018-11-12,6,4,2
2018-11-12,3,3,0
2018-11-12,1,0,1
2018-11-12,0,0,0
2018-11-12,2,0,2
2018-11-12,0,0,0
2018-11-13,0,0,0
2018-11-13,1,1,0
2018-11-13,0,0,0
2018-11-13,0,0,0
2018-11-13,0,0,0
2018-11-13,2,1,1
2018-11-13,4,3,1
2018-11-13,7,2,5
2018-11-13,12,7,5
2018-11-13,5,3,2
2018-11-13,7,6,1
2018-11-13,7,5,2
2018-11-13,4,4,0
2018-11-13,8,4,4
2018-11-13,8,4,4
2018-11-13,10,5,5
2018-11-13,11,6,5
2018-11-13,17,8,9
2018-11-13,10,8,2
2018-11-13,10,5,5
2018-11-13,6,1,5
2018-11-13,4,1,3
2018-11-13,0,0,0
2018-11-13,0,0,0
2018-11-14,0,0,0
2018-11-14,0,0,0
2018-11-14,1,0,1
2018-11-14,0,0,0
2018-11-14,0,0,0
2018-11-14,1,1,0
2018-11-14,2,1,1
2018-11-14,6,3,3
2018-11-14,5,3,2
2018-11-14,5,5,0
2018-11-14,2,1,1
2018-11-14,7,6,1
2018-11-14,10,7,3
2018-11-14,4,1,3
2018-11-14,13,11,2
2018-11-14,4,1,3
2018-11-14,9,6,3
2018-11-14,7,4,3
2018-11-14,17,8,9
2018-11-14,7,4,3
2018-11-14,4,0,4
2018-11-14,5,4,1
2018-11-14,1,1,0
2018-11-14,0,0,0
2018-11-15,0,0,0
2018-11-15,0,0,0
2018-11-15,0,0,0
2018-11-15,1,1,0
2018-11-15,0,0,0
2018-11-15,0,0,0
2018-11-15,5,4,1
2018-11-15,5,3,2
2018-11-15,13,8,5
2018-11-15,9,6,3
2018-11-15,5,5,0
2018-11-15,10,7,3
2018-11-15,6,3,3
2018-11-15,5,1,4
2018-11-15,10,7,3
2018-11-15,17,12,5
2018-11-15,12,3,9
2018-11-15,10,5,5
2018-11-15,10,6,4
2018-11-15,12,8,4
2018-11-15,10,2,8
2018-11-15,5,3,2
2018-11-15,1,1,0
2018-11-15,3,2,1
2018-11-16,0,0,0
2018-11-16,0,0,0
2018-11-16,0,0,0
2018-11-16,1,1,0
2018-11-16,0,0,0
2018-11-16,1,0,1
2018-11-16,2,1,1
2018-11-16,6,4,2
2018-11-16,11,5,6
2018-11-16,11,5,6
2018-11-16,10,7,3
2018-11-16,6,4,2
2018-11-16,6,3,3
2018-11-16,6,4,2
2018-11-16,11,4,7
2018-11-16,7,2,5
2018-11-16,15,11,4
2018-11-16,17,8,9
2018-11-16,8,3,5
2018-11-16,6,2,4
2018-11-16,1,1,0
2018-11-16,3,2,1
2018-11-16,1,1,0
2018-11-16,3,1,2
2018-11-17,2,1,1
2018-11-17,0,0,0
2018-11-17,0,0,0
2018-11-17,0,0,0
2018-11-17,0,0,0
2018-11-17,0,0,0
2018-11-17,1,0,1
2018-11-17,1,0,1
2018-11-17,5,3,2
2018-11-17,6,6,0
2018-11-17,13,8,5
2018-11-17,15,5,10
2018-11-17,14,8,6
2018-11-17,13,7,6
2018-11-17,18,11,7
2018-11-17,14,10,4
2018-11-17,11,6,5
2018-11-17,6,1,5
2018-11-17,2,0,2
2018-11-17,5,0,5
2018-11-17,2,2,0
2018-11-17,1,0,1
2018-11-17,2,1,1
2018-11-17,0,0,0
2018-11-18,0,0,0
2018-11-18,0,0,0
2018-11-18,0,0,0
2018-11-18,0,0,0
2018-11-18,0,0,0
2018-11-18,0,0,0
2018-11-18,1,0,1
2018-11-18,2,0,2
2018-11-18,2,2,0
2018-11-18,8,4,4
2018-11-18,10,10,0
2018-11-18,19,12,7
2018-11-18,19,6,13
2018-11-18,12,7,5
2018-11-18,9,8,1
2018-11-18,21,11,10
2018-11-18,15,5,10
2018-11-18,3,2,1
2018-11-18,3,1,2
2018-11-18,2,2,0
2018-11-18,2,2,0
2018-11-18,0,0,0
2018-11-18,1,1,0
2018-11-18,1,0,1
2018-11-19,0,0,0
2018-11-19,0,0,0
2018-11-19,0,0,0
2018-11-19,2,2,0
2018-11-19,0,0,0
2018-11-19,1,1,0
2018-11-19,1,1,0
2018-11-19,3,2,1
2018-11-19,14,10,4
2018-11-19,9,4,5
2018-11-19,9,6,3
2018-11-19,5,3,2
2018-11-19,1,0,1
2018-11-19,9,6,3
2018-11-19,5,1,4
2018-11-19,10,5,5
2018-11-19,7,4,3
2018-11-19,12,3,9
2018-11-19,7,3,4
2018-11-19,2,1,1
2018-11-19,6,1,5
2018-11-19,1,1,0
2018-11-19,0,0,0
2018-11-19,0,0,0
2018-11-20,0,0,0
2018-11-20,0,0,0
2018-11-20,1,0,1
2018-11-20,1,1,0
2018-11-20,0,0,0
2018-11-20,1,0,1
2018-11-20,1,1,0
2018-11-20,4,3,1
2018-11-20,10,5,5
2018-11-20,1,1,0
2018-11-20,2,1,1
2018-11-20,6,5,1
2018-11-20,1,0,1
2018-11-20,4,3,1
2018-11-20,11,6,5
2018-11-20,8,5,3
2018-11-20,11,7,4
2018-11-20,11,6,5
2018-11-20,8,4,4
2018-11-20,3,2,1
2018-11-20,2,1,1
2018-11-20,5,3,2
2018-11-20,0,0,0
2018-11-20,2,0,2
2018-11-21,0,0,0
2018-11-21,0,0,0
2018-11-21,0,0,0
2018-11-21,1,1,0
2018-11-21,1,0,1
2018-11-21,1,0,1
2018-11-21,7,3,4
2018-11-21,1,0,1
2018-11-21,4,2,2
2018-11-21,9,6,3
2018-11-21,7,6,1
2018-11-21,2,2,0
2018-11-21,5,3,2
2018-11-21,6,3,3
2018-11-21,6,2,4
2018-11-21,10,5,5
2018-11-21,5,2,3
2018-11-21,10,5,5
2018-11-21,4,1,3
2018-11-21,2,0,2
2018-11-21,5,2,3
2018-11-21,1,1,0
2018-11-21,0,0,0
2018-11-21,1,1,0
2018-11-22,0,0,0
2018-11-22,0,0,0
2018-11-22,0,0,0
2018-11-22,0,0,0
2018-11-22,0,0,0
2018-11-22,1,0,1
2018-11-22,1,0,1
2018-11-22,1,0,1
2018-11-22,5,3,2
2018-11-22,5,5,0
2018-11-22,2,0,2
2018-11-22,5,3,2
2018-11-22,5,2,3
2018-11-22,4,2,2
2018-11-22,2,2,0
2018-11-22,1,0,1
2018-11-22,1,1,0
2018-11-22,4,2,2
2018-11-22,3,2,1
2018-11-22,3,2,1
2018-11-22,0,0,0
2018-11-22,2,1,1
2018-11-22,1,1,0
2018-11-22,0,0,0
2018-11-23,3,1,2
2018-11-23,0,0,0
2018-11-23,0,0,0
2018-11-23,0,0,0
2018-11-23,0,0,0
2018-11-23,0,0,0
2018-11-23,0,0,0
2018-11-23,2,2,0
2018-11-23,2,1,1
2018-11-23,9,7,2
2018-11-23,3,3,0
2018-11-23,4,4,0
2018-11-23,12,6,6
2018-11-23,4,3,1
2018-11-23,2,2,0
2018-11-23,6,4,2
2018-11-23,7,5,2
2018-11-23,4,2,2
2018-11-23,4,1,3
2018-11-23,1,1,0
2018-11-23,1,0,1
2018-11-23,3,2,1
2018-11-23,1,1,0
2018-11-23,0,0,0
2018-11-24,0,0,0
2018-11-24,0,0,0
2018-11-24,0,0,0
2018-11-24,0,0,0
2018-11-24,0,0,0
2018-11-24,1,1,0
2018-11-24,0,0,0
2018-11-24,1,1,0
2018-11-24,6,4,2
2018-11-24,2,1,1
2018-11-24,12,7,5
2018-11-24,4,2,2
2018-11-24,7,2,5
2018-11-24,15,4,11
2018-11-24,8,6,2
2018-11-24,8,3,5
2018-11-24,14,9,5
2018-11-24,6,4,2
2018-11-24,2,1,1
2018-11-24,3,2,1
2018-11-24,3,3,0
2018-11-24,0,0,0
2018-11-24,4,2,2
2018-11-24,0,0,0
2018-11-25,1,0,1
2018-11-25,0,0,0
2018-11-25,0,0,0
2018-11-25,0,0,0
2018-11-25,2,0,2
2018-11-25,1,1,0
2018-11-25,1,0,1
2018-11-25,3,1,2
2018-11-25,0,0,0
2018-11-25,7,2,5
2018-11-25,5,4,1
2018-11-25,13,7,6
2018-11-25,13,4,9
2018-11-25,8,6,2
2018-11-25,15,10,5
2018-11-25,17,10,7
2018-11-25,5,2,3
2018-11-25,3,1,2
2018-11-25,2,1,1
2018-11-25,4,3,1
2018-11-25,1,0,1
2018-11-25,0,0,0
2018-11-25,1,0,1
2018-11-25,0,0,0
2018-11-26,0,0,0
2018-11-26,0,0,0
2018-11-26,0,0,0
2018-11-26,2,1,1
2018-11-26,0,0,0
2018-11-26,0,0,0
2018-11-26,2,2,0
2018-11-26,8,6,2
2018-11-26,5,2,3
2018-11-26,5,3,2
2018-11-26,1,1,0
2018-11-26,2,1,1
2018-11-26,0,0,0
2018-11-26,3,2,1
2018-11-26,5,4,1
2018-11-26,1,1,0
2018-11-26,5,2,3
2018-11-26,10,4,6
2018-11-26,4,3,1
2018-11-26,7,1,6
2018-11-26,2,2,0
2018-11-26,3,0,3
2018-11-26,0,0,0
2018-11-26,0,0,0
2018-11-27,0,0,0
2018-11-27,0,0,0
2018-11-27,0,0,0
2018-11-27,1,1,0
2018-11-27,0,0,0
2018-11-27,0,0,0
2018-11-27,2,1,1
2018-11-27,5,2,3
2018-11-27,7,3,4
2018-11-27,6,5,1
2018-11-27,7,7,0
2018-11-27,3,0,3
2018-11-27,5,4,1
2018-11-27,6,2,4
2018-11-27,11,6,5
2018-11-27,7,6,1
2018-11-27,5,3,2
2018-11-27,7,4,3
2018-11-27,10,4,6
2018-11-27,4,3,1
2018-11-27,1,1,0
2018-11-27,3,1,2
2018-11-27,1,0,1
2018-11-27,1,0,1
2018-11-28,0,0,0
2018-11-28,1,1,0
2018-11-28,0,0,0
2018-11-28,2,1,1
2018-11-28,0,0,0
2018-11-28,0,0,0
2018-11-28,2,2,0
2018-11-28,3,2,1
2018-11-28,9,5,4
2018-11-28,10,6,4
2018-11-28,4,4,0
2018-11-28,4,3,1
2018-11-28,4,2,2
2018-11-28,5,2,3
2018-11-28,6,3,3
2018-11-28,8,8,0
2018-11-28,3,2,1
2018-11-28,6,2,4
2018-11-28,7,4,3
2018-11-28,5,3,2
2018-11-28,1,1,0
2018-11-28,2,1,1
2018-11-28,1,0,1
2018-11-28,0,0,0
2018-11-29,0,0,0
2018-11-29,0,0,0
2018-11-29,0,0,0
2018-11-29,0,0,0
2018-11-29,0,0,0
2018-11-29,0,0,0
2018-11-29,3,2,1
2018-11-29,9,3,6
2018-11-29,9,5,4
2018-11-29,6,2,4
2018-11-29,5,5,0
2018-11-29,8,8,0
2018-11-29,6,1,5
2018-11-29,4,3,1
2018-11-29,9,5,4
2018-11-29,4,2,2
2018-11-29,5,3,2
2018-11-29,18,10,8
2018-11-29,9,5,4
2018-11-29,11,2,9
2018-11-29,3,2,1
2018-11-29,1,1,0
2018-11-29,0,0,0
2018-11-29,1,1,0
2018-11-30,1,1,0
2018-11-30,0,0,0
2018-11-30,1,0,1
2018-11-30,0,0,0
2018-11-30,0,0,0
2018-11-30,0,0,0
2018-11-30,3,3,0
2018-11-30,7,5,2
2018-11-30,10,4,6
2018-11-30,6,5,1
2018-11-30,4,3,1
2018-11-30,5,3,2
2018-11-30,9,5,4
2018-11-30,12,6,6
2018-11-30,5,2,3
2018-11-30,9,6,3
2018-11-30,15,5,10
2018-11-30,13,9,4
2018-11-30,15,6,9
2018-11-30,2,1,1
2018-11-30,3,1,2
2018-11-30,1,0,1
2018-11-30,0,0,0
2018-11-30,1,0,1
2018-12-01,0,0,0
2018-12-01,0,0,0
2018-12-01,0,0,0
2018-12-01,1,1,0
2018-12-01,0,0,0
2018-12-01,0,0,0
2018-12-01,1,0,1
2018-12-01,0,0,0
2018-12-01,2,2,0
2018-12-01,6,3,3
2018-12-01,9,7,2
2018-12-01,4,2,2
2018-12-01,4,3,1
2018-12-01,9,4,5
2018-12-01,7,3,4
2018-12-01,12,9,3
2018-12-01,11,10,1
2018-12-01,2,1,1
2018-12-01,2,0,2
2018-12-01,6,5,1
2018-12-01,2,0,2
2018-12-01,3,0,3
2018-12-01,1,1,0
2018-12-01,0,0,0
2018-12-02,1,1,0
2018-12-02,1,1,0
2018-12-02,0,0,0
2018-12-02,1,0,1
2018-12-02,1,0,1
2018-12-02,0,0,0
2018-12-02,4,2,2
2018-12-02,2,1,1
2018-12-02,1,1,0
2018-12-02,4,4,0
2018-12-02,5,2,3
2018-12-02,6,2,4
2018-12-02,4,3,1
2018-12-02,12,7,5
2018-12-02,6,2,4
2018-12-02,11,5,6
2018-12-02,5,3,2
2018-12-02,7,3,4
2018-12-02,2,1,1
2018-12-02,3,1,2
2018-12-02,1,1,0
2018-12-02,2,0,2
2018-12-02,0,0,0
2018-12-02,0,0,0
2018-12-03,0,0,0
2018-12-03,0,0,0
2018-12-03,0,0,0
2018-12-03,1,1,0
2018-12-03,0,0,0
2018-12-03,0,0,0
2018-12-03,2,2,0
2018-12-03,8,4,4
2018-12-03,13,10,3
2018-12-03,8,4,4
2018-12-03,6,3,3
2018-12-03,6,3,3
2018-12-03,14,10,4
2018-12-03,9,4,5
2018-12-03,9,5,4
2018-12-03,7,3,4
2018-12-03,5,3,2
2018-12-03,9,2,7
2018-12-03,7,4,3
2018-12-03,4,2,2
2018-12-03,3,0,3
2018-12-03,2,1,1
2018-12-03,1,0,1
2018-12-03,1,0,1
2018-12-04,0,0,0
2018-12-04,0,0,0
2018-12-04,0,0,0
2018-12-04,1,1,0
2018-12-04,0,0,0
2018-12-04,0,0,0
2018-12-04,2,2,0
2018-12-04,7,5,2
2018-12-04,10,8,2
2018-12-04,6,3,3
2018-12-04,8,6,2
2018-12-04,4,3,1
2018-12-04,7,6,1
2018-12-04,9,4,5
2018-12-04,7,3,4
2018-12-04,1,1,0
2018-12-04,10,6,4
2018-12-04,10,3,7
2018-12-04,14,7,7
2018-12-04,9,4,5
2018-12-04,3,0,3
2018-12-04,0,0,0
2018-12-04,0,0,0
2018-12-04,1,1,0
2018-12-05,0,0,0
2018-12-05,0,0,0
2018-12-05,0,0,0
2018-12-05,1,1,0
2018-12-05,0,0,0
2018-12-05,0,0,0
2018-12-05,1,0,1
2018-12-05,8,4,4
2018-12-05,13,9,4
2018-12-05,12,10,2
2018-12-05,12,7,5
2018-12-05,6,4,2
2018-12-05,7,5,2
2018-12-05,9,5,4
2018-12-05,8,5,3
2018-12-05,7,4,3
2018-12-05,14,7,7
2018-12-05,14,5,9
2018-12-05,11,4,7
2018-12-05,9,5,4
2018-12-05,3,0,3
2018-12-05,1,0,1
2018-12-05,0,0,0
2018-12-05,0,0,0
2018-12-06,0,0,0
2018-12-06,0,0,0
2018-12-06,0,0,0
2018-12-06,0,0,0
2018-12-06,0,0,0
2018-12-06,0,0,0
2018-12-06,2,1,1
2018-12-06,8,4,4
2018-12-06,15,7,8
2018-12-06,12,3,9
2018-12-06,6,3,3
2018-12-06,5,4,1
2018-12-06,9,7,2
2018-12-06,2,1,1
2018-12-06,4,3,1
2018-12-06,18,12,6
2018-12-06,20,17,3
2018-12-06,20,13,7
2018-12-06,21,18,3
2018-12-06,16,14,2
2018-12-06,13,8,5
2018-12-06,4,3,1
2018-12-06,3,0,3
2018-12-06,0,0,0
2018-12-07,0,0,0
2018-12-07,0,0,0
2018-12-07,0,0,0
2018-12-07,0,0,0
2018-12-07,0,0,0
2018-12-07,0,0,0
2018-12-07,2,0,2
2018-12-07,10,3,7
2018-12-07,7,5,2
2018-12-07,8,3,5
2018-12-07,9,4,5
2018-12-07,7,6,1
2018-12-07,7,5,2
2018-12-07,9,5,4
2018-12-07,8,4,4
2018-12-07,5,2,3
2018-12-07,5,3,2
2018-12-07,6,3,3
2018-12-07,7,6,1
2018-12-07,4,2,2
2018-12-07,5,2,3
2018-12-07,10,2,8
2018-12-07,1,0,1
2018-12-07,0,0,0
2018-12-08,1,0,1
2018-12-08,0,0,0
2018-12-08,0,0,0
2018-12-08,1,0,1
2018-12-08,1,0,1
2018-12-08,2,1,1
2018-12-08,0,0,0
2018-12-08,1,1,0
2018-12-08,6,4,2
2018-12-08,2,2,0
2018-12-08,6,2,4
2018-12-08,4,2,2
2018-12-08,3,3,0
2018-12-08,6,2,4
2018-12-08,5,1,4
2018-12-08,8,5,3
2018-12-08,4,0,4
2018-12-08,4,1,3
2018-12-08,6,3,3
2018-12-08,2,0,2
2018-12-08,2,0,2
2018-12-08,2,1,1
2018-12-08,1,0,1
2018-12-08,1,0,1
2018-12-09,1,0,1
2018-12-09,1,1,0
2018-12-09,0,0,0
2018-12-09,1,0,1
2018-12-09,0,0,0
2018-12-09,1,1,0
2018-12-09,1,0,1
2018-12-09,0,0,0
2018-12-09,1,1,0
2018-12-09,2,2,0
2018-12-09,2,1,1
2018-12-09,2,2,0
2018-12-09,0,0,0
2018-12-09,0,0,0
2018-12-09,2,0,2
2018-12-09,2,1,1
2018-12-09,3,0,3
2018-12-09,1,1,0
2018-12-09,0,0,0
2018-12-09,0,0,0
2018-12-09,0,0,0
2018-12-09,0,0,0
2018-12-09,0,0,0
2018-12-09,0,0,0
2018-12-10,0,0,0
2018-12-10,0,0,0
2018-12-10,0,0,0
2018-12-10,0,0,0
2018-12-10,0,0,0
2018-12-10,1,0,1
2018-12-10,3,2,1
2018-12-10,3,2,1
2018-12-10,5,3,2
2018-12-10,7,3,4
2018-12-10,3,2,1
2018-12-10,4,2,2
2018-12-10,3,3,0
2018-12-10,5,2,3
2018-12-10,5,2,3
2018-12-10,11,5,6
2018-12-10,9,5,4
2018-12-10,8,2,6
2018-12-10,11,9,2
2018-12-10,3,1,2
2018-12-10,1,0,1
2018-12-10,1,0,1
2018-12-10,1,1,0
2018-12-10,0,0,0
2018-12-11,0,0,0
2018-12-11,0,0,0
2018-12-11,0,0,0
2018-12-11,0,0,0
2018-12-11,0,0,0
2018-12-11,0,0,0
2018-12-11,3,2,1
2018-12-11,1,1,0
2018-12-11,4,4,0
2018-12-11,4,1,3
2018-12-11,4,3,1
2018-12-11,1,1,0
2018-12-11,0,0,0
2018-12-11,2,0,2
2018-12-11,1,1,0
2018-12-11,4,2,2
2018-12-11,1,0,1
2018-12-11,5,2,3
2018-12-11,2,1,1
2018-12-11,4,1,3
2018-12-11,2,2,0
2018-12-11,1,1,0
2018-12-11,3,2,1
2018-12-11,0,0,0
2018-12-12,0,0,0
2018-12-12,0,0,0
2018-12-12,0,0,0
2018-12-12,0,0,0
2018-12-12,0,0,0
2018-12-12,0,0,0
2018-12-12,5,3,2
2018-12-12,5,2,3
2018-12-12,3,3,0
2018-12-12,6,5,1
2018-12-12,1,1,0
2018-12-12,5,4,1
2018-12-12,3,1,2
2018-12-12,7,6,1
2018-12-12,4,2,2
2018-12-12,4,4,0
2018-12-12,3,1,2
2018-12-12,12,6,6
2018-12-12,4,2,2
2018-12-12,8,3,5
2018-12-12,1,0,1
2018-12-12,1,0,1
2018-12-12,1,0,1
2018-12-12,0,0,0
2018-12-13,0,0,0
2018-12-13,1,1,0
2018-12-13,0,0,0
2018-12-13,1,1,0
2018-12-13,0,0,0
2018-12-13,0,0,0
2018-12-13,2,0,2
2018-12-13,5,4,1
2018-12-13,4,2,2
2018-12-13,3,1,2
2018-12-13,0,0,0
2018-12-13,4,2,2
2018-12-13,7,5,2
2018-12-13,3,0,3
2018-12-13,3,1,2
2018-12-13,3,0,3
2018-12-13,0,0,0
2018-12-13,10,6,4
2018-12-13,4,1,3
2018-12-13,4,1,3
2018-12-13,1,0,1
2018-12-13,6,3,3
2018-12-13,1,0,1
2018-12-13,2,2,0
2018-12-14,1,0,1
2018-12-14,0,0,0
2018-12-14,0,0,0
2018-12-14,1,1,0
2018-12-14,1,0,1
2018-12-14,0,0,0
2018-12-14,0,0,0
2018-12-14,4,2,2
2018-12-14,3,1,2
2018-12-14,9,5,4
2018-12-14,2,2,0
2018-12-14,6,3,3
2018-12-14,13,7,6
2018-12-14,2,1,1
2018-12-14,9,4,5
2018-12-14,8,4,4
2018-12-14,3,1,2
2018-12-14,10,8,2
2018-12-14,6,3,3
2018-12-14,3,1,2
2018-12-14,0,0,0
2018-12-14,1,0,1
2018-12-14,0,0,0
2018-12-14,2,1,1
2018-12-15,2,1,1
2018-12-15,0,0,0
2018-12-15,0,0,0
2018-12-15,0,0,0
2018-12-15,0,0,0
2018-12-15,0,0,0
2018-12-15,0,0,0
2018-12-15,1,0,1
2018-12-15,2,1,1
2018-12-15,6,4,2
2018-12-15,2,1,1
2018-12-15,6,5,1
2018-12-15,13,8,5
2018-12-15,16,6,10
2018-12-15,7,5,2
2018-12-15,13,6,7
2018-12-15,12,8,4
2018-12-15,4,2,2
2018-12-15,4,1,3
2018-12-15,2,2,0
2018-12-15,5,2,3
2018-12-15,1,0,1
2018-12-15,1,0,1
2018-12-15,2,1,1
2018-12-16,1,1,0
2018-12-16,0,0,0
2018-12-16,0,0,0
2018-12-16,0,0,0
2018-12-16,0,0,0
2018-12-16,1,1,0
2018-12-16,1,1,0
2018-12-16,1,1,0
2018-12-16,1,1,0
2018-12-16,2,2,0
2018-12-16,2,1,1
2018-12-16,5,4,1
2018-12-16,9,5,4
2018-12-16,8,3,5
2018-12-16,4,2,2
2018-12-16,8,4,4
2018-12-16,0,0,0
2018-12-16,4,2,2
2018-12-16,2,0,2
2018-12-16,3,3,0
2018-12-16,1,1,0
2018-12-16,0,0,0
2018-12-16,0,0,0
2018-12-16,0,0,0
2018-12-17,1,0,1
2018-12-17,2,1,1
2018-12-17,0,0,0
2018-12-17,0,0,0
2018-12-17,0,0,0
2018-12-17,1,0,1
2018-12-17,0,0,0
2018-12-17,8,3,5
2018-12-17,9,7,2
2018-12-17,8,5,3
2018-12-17,2,0,2
2018-12-17,6,3,3
2018-12-17,5,4,1
2018-12-17,3,2,1
2018-12-17,3,1,2
2018-12-17,4,1,3
2018-12-17,5,3,2
2018-12-17,3,1,2
2018-12-17,3,2,1
2018-12-17,7,5,2
2018-12-17,4,1,3
2018-12-17,0,0,0
2018-12-17,0,0,0
2018-12-17,0,0,0
2018-12-18,0,0,0
2018-12-18,0,0,0
2018-12-18,0,0,0
2018-12-18,0,0,0
2018-12-18,1,1,0
2018-12-18,0,0,0
2018-12-18,1,1,0
2018-12-18,6,2,4
2018-12-18,8,2,6
2018-12-18,5,1,4
2018-12-18,4,3,1
2018-12-18,6,4,2
2018-12-18,2,2,0
2018-12-18,2,2,0
2018-12-18,4,2,2
2018-12-18,6,3,3
2018-12-18,11,8,3
2018-12-18,4,2,2
2018-12-18,8,6,2
2018-12-18,4,2,2
2018-12-18,5,1,4
2018-12-18,1,1,0
2018-12-18,0,0,0
2018-12-18,1,1,0
2018-12-19,0,0,0
2018-12-19,1,0,1
2018-12-19,1,1,0
2018-12-19,1,0,1
2018-12-19,0,0,0
2018-12-19,0,0,0
2018-12-19,1,0,1
2018-12-19,10,7,3
2018-12-19,12,9,3
2018-12-19,10,6,4
2018-12-19,5,4,1
2018-12-19,4,2,2
2018-12-19,3,0,3
2018-12-19,5,4,1
2018-12-19,8,5,3
2018-12-19,7,4,3
2018-12-19,7,5,2
2018-12-19,19,9,10
2018-12-19,10,5,5
2018-12-19,7,5,2
2018-12-19,3,1,2
2018-12-19,4,0,4
2018-12-19,2,0,2
2018-12-19,0,0,0
2018-12-20,1,0,1
2018-12-20,0,0,0
2018-12-20,0,0,0
2018-12-20,1,1,0
2018-12-20,0,0,0
2018-12-20,0,0,0
2018-12-20,1,0,1
2018-12-20,5,2,3
2018-12-20,5,2,3
2018-12-20,2,1,1
2018-12-20,2,0,2
2018-12-20,4,3,1
2018-12-20,4,1,3
2018-12-20,2,1,1
2018-12-20,6,4,2
2018-12-20,9,7,2
2018-12-20,7,4,3
2018-12-20,10,4,6
2018-12-20,9,6,3
2018-12-20,5,3,2
2018-12-20,6,3,3
2018-12-20,2,2,0
2018-12-20,0,0,0
2018-12-20,1,1,0
2018-12-21,1,0,1
2018-12-21,0,0,0
2018-12-21,0,0,0
2018-12-21,1,1,0
2018-12-21,0,0,0
2018-12-21,0,0,0
2018-12-21,0,0,0
2018-12-21,1,0,1
2018-12-21,9,4,5
2018-12-21,6,3,3
2018-12-21,4,2,2
2018-12-21,5,1,4
2018-12-21,9,5,4
2018-12-21,7,4,3
2018-12-21,6,2,4
2018-12-21,8,5,3
2018-12-21,11,7,4
2018-12-21,7,5,2
2018-12-21,5,2,3
2018-12-21,7,5,2
2018-12-21,3,1,2
2018-12-21,1,0,1
2018-12-21,0,0,0
2018-12-21,1,0,1
2018-12-22,0,0,0
2018-12-22,0,0,0
2018-12-22,1,1,0
2018-12-22,0,0,0
2018-12-22,0,0,0
2018-12-22,1,0,1
2018-12-22,0,0,0
2018-12-22,2,1,1
2018-12-22,1,1,0
2018-12-22,9,5,4
2018-12-22,7,4,3
2018-12-22,7,4,3
2018-12-22,4,1,3
2018-12-22,7,6,1
2018-12-22,4,0,4
2018-12-22,6,0,6
2018-12-22,8,3,5
2018-12-22,4,3,1
2018-12-22,1,1,0
2018-12-22,3,1,2
2018-12-22,1,0,1
2018-12-22,1,0,1
2018-12-22,1,1,0
2018-12-22,1,0,1
2018-12-23,0,0,0
2018-12-23,0,0,0
2018-12-23,0,0,0
2018-12-23,0,0,0
2018-12-23,1,1,0
2018-12-23,0,0,0
2018-12-23,1,0,1
2018-12-23,1,1,0
2018-12-23,1,0,1
2018-12-23,3,1,2
2018-12-23,5,3,2
2018-12-23,5,4,1
2018-12-23,8,3,5
2018-12-23,6,4,2
2018-12-23,7,1,6
2018-12-23,7,2,5
2018-12-23,3,1,2
2018-12-23,1,0,1
2018-12-23,0,0,0
2018-12-23,1,1,0
2018-12-23,0,0,0
2018-12-23,1,1,0
2018-12-23,1,1,0
2018-12-23,0,0,0
2018-12-24,1,1,0
2018-12-24,0,0,0
2018-12-24,1,0,1
2018-12-24,0,0,0
2018-12-24,1,1,0
2018-12-24,0,0,0
2018-12-24,0,0,0
2018-12-24,1,0,1
2018-12-24,2,0,2
2018-12-24,6,5,1
2018-12-24,6,1,5
2018-12-24,2,2,0
2018-12-24,8,5,3
2018-12-24,9,5,4
2018-12-24,5,2,3
2018-12-24,6,1,5
2018-12-24,2,0,2
2018-12-24,3,1,2
2018-12-24,2,2,0
2018-12-24,1,0,1
2018-12-24,2,1,1
2018-12-24,1,0,1
2018-12-24,0,0,0
2018-12-24,1,1,0
2018-12-25,0,0,0
2018-12-25,0,0,0
2018-12-25,0,0,0
2018-12-25,0,0,0
2018-12-25,0,0,0
2018-12-25,0,0,0
2018-12-25,1,0,1
2018-12-25,3,1,2
2018-12-25,2,1,1
2018-12-25,0,0,0
2018-12-25,4,0,4
2018-12-25,1,1,0
2018-12-25,1,1,0
2018-12-25,8,2,6
2018-12-25,9,7,2
2018-12-25,4,2,2
2018-12-25,1,1,0
2018-12-25,1,0,1
2018-12-25,2,2,0
2018-12-25,3,1,2
2018-12-25,0,0,0
2018-12-25,1,1,0
2018-12-25,1,0,1
2018-12-25,0,0,0
2018-12-26,0,0,0
2018-12-26,0,0,0
2018-12-26,0,0,0
2018-12-26,0,0,0
2018-12-26,0,0,0
2018-12-26,0,0,0
2018-12-26,0,0,0
2018-12-26,1,1,0
2018-12-26,4,4,0
2018-12-26,5,5,0
2018-12-26,2,1,1
2018-12-26,2,1,1
2018-12-26,1,0,1
2018-12-26,2,2,0
2018-12-26,1,1,0
2018-12-26,2,2,0
2018-12-26,3,2,1
2018-12-26,6,2,4
2018-12-26,0,0,0
2018-12-26,0,0,0
2018-12-26,0,0,0
2018-12-26,0,0,0
2018-12-26,3,1,2
2018-12-26,0,0,0
2018-12-27,0,0,0
2018-12-27,0,0,0
2018-12-27,0,0,0
2018-12-27,0,0,0
2018-12-27,0,0,0
2018-12-27,0,0,0
2018-12-27,0,0,0
2018-12-27,5,3,2
2018-12-27,2,2,0
2018-12-27,2,2,0
2018-12-27,6,2,4
2018-12-27,5,2,3
2018-12-27,10,8,2
2018-12-27,4,3,1
2018-12-27,7,4,3
2018-12-27,11,5,6
2018-12-27,7,5,2
2018-12-27,4,2,2
2018-12-27,5,2,3
2018-12-27,6,3,3
2018-12-27,0,0,0
2018-12-27,1,1,0
2018-12-27,1,1,0
2018-12-27,0,0,0
2018-12-28,1,0,1
2018-12-28,0,0,0
2018-12-28,1,1,0
2018-12-28,0,0,0
2018-12-28,0,0,0
2018-12-28,0,0,0
2018-12-28,0,0,0
2018-12-28,2,1,1
2018-12-28,4,2,2
2018-12-28,5,4,1
2018-12-28,3,0,3
2018-12-28,2,1,1
2018-12-28,4,3,1
2018-12-28,0,0,0
2018-12-28,1,0,1
2018-12-28,7,4,3
2018-12-28,5,2,3
2018-12-28,3,1,2
2018-12-28,6,2,4
2018-12-28,2,0,2
2018-12-28,0,0,0
2018-12-28,2,1,1
2018-12-28,2,2,0
2018-12-28,1,0,1
2018-12-29,1,0,1
2018-12-29,1,1,0
2018-12-29,0,0,0
2018-12-29,0,0,0
2018-12-29,0,0,0
2018-12-29,0,0,0
2018-12-29,0,0,0
2018-12-29,4,2,2
2018-12-29,2,1,1
2018-12-29,3,0,3
2018-12-29,1,0,1
2018-12-29,5,1,4
2018-12-29,2,1,1
2018-12-29,2,0,2
2018-12-29,1,0,1
2018-12-29,3,1,2
2018-12-29,1,1,0
2018-12-29,0,0,0
2018-12-29,4,2,2
2018-12-29,2,1,1
2018-12-29,2,1,1
2018-12-29,1,0,1
2018-12-29,0,0,0
2018-12-29,0,0,0
2018-12-30,0,0,0
2018-12-30,1,1,0
2018-12-30,0,0,0
2018-12-30,0,0,0
2018-12-30,0,0,0
2018-12-30,0,0,0
2018-12-30,0,0,0
2018-12-30,0,0,0
2018-12-30,1,1,0
2018-12-30,5,2,3
2018-12-30,2,2,0
2018-12-30,6,6,0
2018-12-30,8,5,3
2018-12-30,11,7,4
2018-12-30,5,2,3
2018-12-30,7,4,3
2018-12-30,0,0,0
2018-12-30,1,1,0
2018-12-30,2,1,1
2018-12-30,3,2,1
2018-12-30,2,1,1
2018-12-30,1,0,1
2018-12-30,3,2,1
2018-12-30,2,1,1
2018-12-31,0,0,0
2018-12-31,0,0,0
2018-12-31,0,0,0
2018-12-31,0,0,0
2018-12-31,0,0,0
2018-12-31,1,0,1
2018-12-31,1,1,0
2018-12-31,3,2,1
2018-12-31,1,1,0
2018-12-31,3,3,0
2018-12-31,3,2,1
2018-12-31,6,6,0
2018-12-31,2,1,1
2018-12-31,9,6,3
2018-12-31,4,4,0
2018-12-31,10,5,5
2018-12-31,11,6,5
2018-12-31,6,2,4
2018-12-31,3,2,1
2018-12-31,0,0,0
2018-12-31,2,2,0
2018-12-31,0,0,0
2018-12-31,0,0,0
2018-12-31,0,0,0
