date,_2nd_ave_pbl_south_of_cedar_st,nb,sb
2020-01-01,7,1,6
2020-01-01,9,1,8
2020-01-01,3,0,3
2020-01-01,0,0,0
2020-01-01,0,0,0
2020-01-01,0,0,0
2020-01-01,0,0,0
2020-01-01,1,0,1
2020-01-01,0,0,0
2020-01-01,4,1,3
2020-01-01,3,0,3
2020-01-01,8,0,8
2020-01-01,9,4,5
2020-01-01,17,5,12
2020-01-01,5,2,3
2020-01-01,8,5,3
2020-01-01,6,2,4
2020-01-01,7,2,5
2020-01-01,16,0,16
2020-01-01,3,0,3
2020-01-01,0,0,0
2020-01-01,0,0,0
2020-01-01,1,0,1
2020-01-01,0,0,0
2020-01-02,1,0,1
2020-01-02,0,0,0
2020-01-02,0,0,0
2020-01-02,1,1,0
2020-01-02,0,0,0
2020-01-02,1,0,1
2020-01-02,8,1,7
2020-01-02,14,1,13
2020-01-02,25,3,22
2020-01-02,26,7,19
2020-01-02,8,1,7
2020-01-02,7,2,5
2020-01-02,6,0,6
2020-01-02,2,0,2
2020-01-02,2,0,2
2020-01-02,5,2,3
2020-01-02,19,3,16
2020-01-02,27,8,19
2020-01-02,15,3,12
2020-01-02,10,1,9
2020-01-02,4,0,4
2020-01-02,5,0,5
2020-01-02,3,0,3
2020-01-02,3,0,3
2020-01-03,2,0,2
2020-01-03,0,0,0
2020-01-03,0,0,0
2020-01-03,0,0,0
2020-01-03,0,0,0
2020-01-03,1,0,1
2020-01-03,4,1,3
2020-01-03,9,0,9
2020-01-03,31,6,25
2020-01-03,22,3,19
2020-01-03,8,2,6
2020-01-03,7,0,7
2020-01-03,7,2,5
2020-01-03,13,3,10
2020-01-03,8,0,8
2020-01-03,17,5,12
2020-01-03,28,2,26
2020-01-03,20,6,14
2020-01-03,9,5,4
2020-01-03,10,1,9
2020-01-03,3,0,3
2020-01-03,2,0,2
2020-01-03,4,0,4
2020-01-03,3,0,3
2020-01-04,2,0,2
2020-01-04,3,1,2
2020-01-04,1,0,1
2020-01-04,0,0,0
2020-01-04,0,0,0
2020-01-04,0,0,0
2020-01-04,1,0,1
2020-01-04,0,0,0
2020-01-04,2,0,2
2020-01-04,8,1,7
2020-01-04,7,1,6
2020-01-04,10,2,8
2020-01-04,10,2,8
2020-01-04,10,4,6
2020-01-04,8,2,6
2020-01-04,8,3,5
2020-01-04,16,4,12
2020-01-04,0,0,0
2020-01-04,9,2,7
2020-01-04,7,2,5
2020-01-04,2,0,2
2020-01-04,1,0,1
2020-01-04,2,0,2
2020-01-04,3,1,2
2020-01-05,0,0,0
2020-01-05,2,0,2
2020-01-05,0,0,0
2020-01-05,0,0,0
2020-01-05,0,0,0
2020-01-05,0,0,0
2020-01-05,0,0,0
2020-01-05,2,1,1
2020-01-05,1,0,1
2020-01-05,2,0,2
2020-01-05,2,0,2
2020-01-05,3,0,3
2020-01-05,3,1,2
2020-01-05,6,1,5
2020-01-05,13,0,13
2020-01-05,11,1,10
2020-01-05,5,3,2
2020-01-05,11,2,9
2020-01-05,6,2,4
2020-01-05,4,0,4
2020-01-05,4,0,4
2020-01-05,4,0,4
2020-01-05,2,0,2
2020-01-05,4,3,1
2020-01-06,1,0,1
2020-01-06,1,0,1
2020-01-06,0,0,0
2020-01-06,1,1,0
2020-01-06,0,0,0
2020-01-06,1,0,1
2020-01-06,6,1,5
2020-01-06,17,2,15
2020-01-06,26,2,24
2020-01-06,23,2,21
2020-01-06,4,0,4
2020-01-06,6,1,5
2020-01-06,6,0,6
2020-01-06,8,3,5
2020-01-06,7,0,7
2020-01-06,7,0,7
2020-01-06,16,2,14
2020-01-06,24,7,17
2020-01-06,13,3,10
2020-01-06,11,4,7
2020-01-06,4,0,4
2020-01-06,1,0,1
2020-01-06,2,0,2
2020-01-06,0,0,0
2020-01-07,0,0,0
2020-01-07,1,0,1
2020-01-07,0,0,0
2020-01-07,0,0,0
2020-01-07,0,0,0
2020-01-07,4,0,4
2020-01-07,9,2,7
2020-01-07,17,3,14
2020-01-07,35,3,32
2020-01-07,29,3,26
2020-01-07,10,1,9
2020-01-07,11,1,10
2020-01-07,14,8,6
2020-01-07,2,0,2
2020-01-07,10,5,5
2020-01-07,11,2,9
2020-01-07,22,4,18
2020-01-07,41,15,26
2020-01-07,15,6,9
2020-01-07,10,4,6
2020-01-07,4,2,2
2020-01-07,1,0,1
2020-01-07,4,0,4
2020-01-07,2,2,0
2020-01-08,0,0,0
2020-01-08,1,1,0
2020-01-08,1,0,1
2020-01-08,0,0,0
2020-01-08,0,0,0
2020-01-08,1,0,1
2020-01-08,11,3,8
2020-01-08,21,6,15
2020-01-08,45,7,38
2020-01-08,33,10,23
2020-01-08,11,1,10
2020-01-08,4,0,4
2020-01-08,7,1,6
2020-01-08,7,0,7
2020-01-08,5,0,5
2020-01-08,11,1,10
2020-01-08,25,6,19
2020-01-08,36,11,25
2020-01-08,26,12,14
2020-01-08,10,6,4
2020-01-08,9,2,7
2020-01-08,2,1,1
2020-01-08,1,0,1
2020-01-08,2,0,2
2020-01-09,1,0,1
2020-01-09,1,1,0
2020-01-09,0,0,0
2020-01-09,0,0,0
2020-01-09,0,0,0
2020-01-09,2,0,2
2020-01-09,9,3,6
2020-01-09,14,0,14
2020-01-09,35,3,32
2020-01-09,22,6,16
2020-01-09,9,0,9
2020-01-09,4,0,4
2020-01-09,9,3,6
2020-01-09,8,3,5
2020-01-09,11,1,10
2020-01-09,16,3,13
2020-01-09,30,6,24
2020-01-09,31,9,22
2020-01-09,19,4,15
2020-01-09,11,1,10
2020-01-09,0,0,0
2020-01-09,6,1,5
2020-01-09,4,2,2
2020-01-09,0,0,0
2020-01-10,2,0,2
2020-01-10,1,0,1
2020-01-10,1,1,0
2020-01-10,0,0,0
2020-01-10,1,0,1
2020-01-10,2,0,2
2020-01-10,8,2,6
2020-01-10,16,5,11
2020-01-10,30,6,24
2020-01-10,18,1,17
2020-01-10,6,0,6
2020-01-10,1,0,1
2020-01-10,5,0,5
2020-01-10,1,0,1
2020-01-10,7,2,5
2020-01-10,13,2,11
2020-01-10,9,1,8
2020-01-10,18,5,13
2020-01-10,18,4,14
2020-01-10,5,1,4
2020-01-10,3,0,3
2020-01-10,4,2,2
2020-01-10,3,0,3
2020-01-10,1,0,1
2020-01-11,0,0,0
2020-01-11,1,1,0
2020-01-11,0,0,0
2020-01-11,0,0,0
2020-01-11,0,0,0
2020-01-11,0,0,0
2020-01-11,0,0,0
2020-01-11,4,0,4
2020-01-11,2,0,2
2020-01-11,1,0,1
2020-01-11,4,1,3
2020-01-11,1,0,1
2020-01-11,20,1,19
2020-01-11,1,0,1
2020-01-11,10,4,6
2020-01-11,13,2,11
2020-01-11,13,3,10
2020-01-11,10,1,9
2020-01-11,7,2,5
2020-01-11,2,0,2
2020-01-11,2,0,2
2020-01-11,3,0,3
2020-01-11,2,0,2
2020-01-11,4,0,4
2020-01-12,1,0,1
2020-01-12,4,1,3
2020-01-12,1,1,0
2020-01-12,1,0,1
2020-01-12,0,0,0
2020-01-12,1,0,1
2020-01-12,0,0,0
2020-01-12,2,1,1
2020-01-12,1,0,1
2020-01-12,2,1,1
2020-01-12,4,0,4
2020-01-12,6,1,5
2020-01-12,6,0,6
2020-01-12,11,1,10
2020-01-12,7,0,7
2020-01-12,10,3,7
2020-01-12,4,1,3
2020-01-12,6,2,4
2020-01-12,9,2,7
2020-01-12,7,1,6
2020-01-12,9,1,8
2020-01-12,4,1,3
2020-01-12,1,0,1
2020-01-12,1,0,1
2020-01-13,1,0,1
2020-01-13,0,0,0
2020-01-13,1,1,0
2020-01-13,0,0,0
2020-01-13,0,0,0
2020-01-13,2,0,2
2020-01-13,7,1,6
2020-01-13,11,3,8
2020-01-13,10,3,7
2020-01-13,18,7,11
2020-01-13,5,2,3
2020-01-13,4,1,3
2020-01-13,8,1,7
2020-01-13,4,0,4
2020-01-13,7,2,5
2020-01-13,10,4,6
2020-01-13,15,2,13
2020-01-13,24,10,14
2020-01-13,7,2,5
2020-01-13,2,2,0
2020-01-13,8,1,7
2020-01-13,1,0,1
2020-01-13,2,0,2
2020-01-13,1,0,1
2020-01-14,1,0,1
2020-01-14,0,0,0
2020-01-14,0,0,0
2020-01-14,0,0,0
2020-01-14,0,0,0
2020-01-14,0,0,0
2020-01-14,0,0,0
2020-01-14,0,0,0
2020-01-14,0,0,0
2020-01-14,0,0,0
2020-01-14,0,0,0
2020-01-14,0,0,0
2020-01-14,0,0,0
2020-01-14,0,0,0
2020-01-14,0,0,0
2020-01-14,0,0,0
2020-01-14,0,0,0
2020-01-14,0,0,0
2020-01-14,2,1,1
2020-01-14,7,1,6
2020-01-14,2,0,2
2020-01-14,1,0,1
2020-01-14,2,0,2
2020-01-14,0,0,0
2020-01-15,0,0,0
2020-01-15,1,1,0
2020-01-15,0,0,0
2020-01-15,0,0,0
2020-01-15,0,0,0
2020-01-15,2,0,2
2020-01-15,8,1,7
2020-01-15,5,2,3
2020-01-15,20,2,18
2020-01-15,16,2,14
2020-01-15,7,1,6
2020-01-15,5,2,3
2020-01-15,10,3,7
2020-01-15,7,3,4
2020-01-15,9,5,4
2020-01-15,8,3,5
2020-01-15,12,4,8
2020-01-15,14,4,10
2020-01-15,10,3,7
2020-01-15,7,4,3
2020-01-15,7,2,5
2020-01-15,4,2,2
2020-01-15,4,0,4
2020-01-15,0,0,0
2020-01-16,1,0,1
2020-01-16,0,0,0
2020-01-16,0,0,0
2020-01-16,0,0,0
2020-01-16,0,0,0
2020-01-16,3,0,3
2020-01-16,6,0,6
2020-01-16,15,2,13
2020-01-16,35,5,30
2020-01-16,22,0,22
2020-01-16,5,1,4
2020-01-16,12,1,11
2020-01-16,13,3,10
2020-01-16,10,3,7
2020-01-16,6,2,4
2020-01-16,11,1,10
2020-01-16,14,5,9
2020-01-16,28,9,19
2020-01-16,12,6,6
2020-01-16,16,6,10
2020-01-16,7,2,5
2020-01-16,4,1,3
2020-01-16,5,0,5
2020-01-16,0,0,0
2020-01-17,2,0,2
2020-01-17,1,0,1
2020-01-17,0,0,0
2020-01-17,0,0,0
2020-01-17,0,0,0
2020-01-17,4,1,3
2020-01-17,5,1,4
2020-01-17,18,2,16
2020-01-17,30,8,22
2020-01-17,30,7,23
2020-01-17,9,3,6
2020-01-17,9,1,8
2020-01-17,6,4,2
2020-01-17,9,2,7
2020-01-17,7,2,5
2020-01-17,17,7,10
2020-01-17,25,6,19
2020-01-17,24,9,15
2020-01-17,10,4,6
2020-01-17,18,9,9
2020-01-17,1,0,1
2020-01-17,4,1,3
2020-01-17,2,0,2
2020-01-17,1,1,0
2020-01-18,0,0,0
2020-01-18,2,1,1
2020-01-18,0,0,0
2020-01-18,0,0,0
2020-01-18,0,0,0
2020-01-18,0,0,0
2020-01-18,1,0,1
2020-01-18,0,0,0
2020-01-18,0,0,0
2020-01-18,1,1,0
2020-01-18,5,0,5
2020-01-18,8,3,5
2020-01-18,6,0,6
2020-01-18,9,1,8
2020-01-18,15,2,13
2020-01-18,13,3,10
2020-01-18,15,4,11
2020-01-18,3,0,3
2020-01-18,11,2,9
2020-01-18,12,1,11
2020-01-18,6,3,3
2020-01-18,0,0,0
2020-01-18,1,1,0
2020-01-18,1,0,1
2020-01-19,2,0,2
2020-01-19,3,1,2
2020-01-19,0,0,0
2020-01-19,0,0,0
2020-01-19,3,0,3
2020-01-19,0,0,0
2020-01-19,2,0,2
2020-01-19,0,0,0
2020-01-19,4,2,2
2020-01-19,1,0,1
2020-01-19,8,1,7
2020-01-19,8,5,3
2020-01-19,3,0,3
2020-01-19,8,0,8
2020-01-19,5,1,4
2020-01-19,7,1,6
2020-01-19,10,1,9
2020-01-19,5,0,5
2020-01-19,8,3,5
2020-01-19,2,1,1
2020-01-19,6,2,4
2020-01-19,0,0,0
2020-01-19,3,2,1
2020-01-19,0,0,0
2020-01-20,1,0,1
2020-01-20,1,0,1
2020-01-20,0,0,0
2020-01-20,0,0,0
2020-01-20,0,0,0
2020-01-20,0,0,0
2020-01-20,1,0,1
2020-01-20,14,2,12
2020-01-20,15,2,13
2020-01-20,16,1,15
2020-01-20,11,2,9
2020-01-20,4,0,4
2020-01-20,8,1,7
2020-01-20,10,1,9
2020-01-20,13,5,8
2020-01-20,10,4,6
2020-01-20,19,5,14
2020-01-20,17,8,9
2020-01-20,8,2,6
2020-01-20,15,5,10
2020-01-20,3,0,3
2020-01-20,4,0,4
2020-01-20,3,0,3
2020-01-20,0,0,0
2020-01-21,0,0,0
2020-01-21,0,0,0
2020-01-21,2,1,1
2020-01-21,0,0,0
2020-01-21,0,0,0
2020-01-21,4,1,3
2020-01-21,8,1,7
2020-01-21,20,3,17
2020-01-21,35,2,33
2020-01-21,23,1,22
2020-01-21,10,1,9
2020-01-21,9,1,8
2020-01-21,7,0,7
2020-01-21,2,0,2
2020-01-21,8,0,8
2020-01-21,10,1,9
2020-01-21,20,3,17
2020-01-21,20,4,16
2020-01-21,13,3,10
2020-01-21,9,1,8
2020-01-21,4,1,3
2020-01-21,1,0,1
2020-01-21,0,0,0
2020-01-21,1,0,1
2020-01-22,0,0,0
2020-01-22,0,0,0
2020-01-22,0,0,0
2020-01-22,0,0,0
2020-01-22,0,0,0
2020-01-22,2,0,2
2020-01-22,8,1,7
2020-01-22,17,5,12
2020-01-22,26,3,23
2020-01-22,24,5,19
2020-01-22,8,0,8
2020-01-22,2,0,2
2020-01-22,7,0,7
2020-01-22,7,0,7
2020-01-22,9,3,6
2020-01-22,8,1,7
2020-01-22,17,7,10
2020-01-22,27,12,15
2020-01-22,22,10,12
2020-01-22,6,2,4
2020-01-22,6,2,4
2020-01-22,5,0,5
2020-01-22,5,1,4
2020-01-22,0,0,0
2020-01-23,0,0,0
2020-01-23,0,0,0
2020-01-23,0,0,0
2020-01-23,0,0,0
2020-01-23,0,0,0
2020-01-23,2,0,2
2020-01-23,12,2,10
2020-01-23,9,0,9
2020-01-23,19,2,17
2020-01-23,18,1,17
2020-01-23,4,0,4
2020-01-23,4,1,3
2020-01-23,5,0,5
2020-01-23,4,1,3
2020-01-23,7,1,6
2020-01-23,8,2,6
2020-01-23,13,1,12
2020-01-23,19,0,19
2020-01-23,17,5,12
2020-01-23,13,2,11
2020-01-23,4,1,3
2020-01-23,5,0,5
2020-01-23,2,0,2
2020-01-23,0,0,0
2020-01-24,1,0,1
2020-01-24,1,0,1
2020-01-24,0,0,0
2020-01-24,0,0,0
2020-01-24,0,0,0
2020-01-24,1,0,1
2020-01-24,6,0,6
2020-01-24,13,2,11
2020-01-24,31,4,27
2020-01-24,15,2,13
2020-01-24,13,2,11
2020-01-24,5,0,5
2020-01-24,8,3,5
2020-01-24,5,1,4
2020-01-24,10,1,9
2020-01-24,12,3,9
2020-01-24,14,6,8
2020-01-24,32,12,20
2020-01-24,14,4,10
2020-01-24,13,6,7
2020-01-24,8,1,7
2020-01-24,4,0,4
2020-01-24,2,0,2
2020-01-24,0,0,0
2020-01-25,1,0,1
2020-01-25,1,1,0
2020-01-25,0,0,0
2020-01-25,0,0,0
2020-01-25,0,0,0
2020-01-25,0,0,0
2020-01-25,2,0,2
2020-01-25,0,0,0
2020-01-25,2,0,2
2020-01-25,7,0,7
2020-01-25,6,1,5
2020-01-25,7,0,7
2020-01-25,7,0,7
2020-01-25,5,1,4
2020-01-25,18,2,16
2020-01-25,10,3,7
2020-01-25,12,6,6
2020-01-25,7,0,7
2020-01-25,7,1,6
2020-01-25,8,1,7
2020-01-25,5,1,4
2020-01-25,4,0,4
2020-01-25,6,1,5
2020-01-25,0,0,0
2020-01-26,2,0,2
2020-01-26,1,0,1
2020-01-26,0,0,0
2020-01-26,0,0,0
2020-01-26,1,0,1
2020-01-26,1,1,0
2020-01-26,0,0,0
2020-01-26,0,0,0
2020-01-26,0,0,0
2020-01-26,3,2,1
2020-01-26,4,0,4
2020-01-26,10,0,10
2020-01-26,13,1,12
2020-01-26,6,3,3
2020-01-26,8,2,6
2020-01-26,7,0,7
2020-01-26,4,3,1
2020-01-26,10,0,10
2020-01-26,2,0,2
2020-01-26,3,0,3
2020-01-26,3,0,3
2020-01-26,0,0,0
2020-01-26,2,0,2
2020-01-26,3,2,1
2020-01-27,0,0,0
2020-01-27,0,0,0
2020-01-27,0,0,0
2020-01-27,0,0,0
2020-01-27,0,0,0
2020-01-27,2,1,1
2020-01-27,8,4,4
2020-01-27,15,2,13
2020-01-27,44,7,37
2020-01-27,25,3,22
2020-01-27,4,1,3
2020-01-27,14,2,12
2020-01-27,11,2,9
2020-01-27,10,5,5
2020-01-27,19,4,15
2020-01-27,11,1,10
2020-01-27,23,9,14
2020-01-27,29,2,27
2020-01-27,11,2,9
2020-01-27,10,4,6
2020-01-27,6,2,4
2020-01-27,4,0,4
2020-01-27,3,0,3
2020-01-27,0,0,0
2020-01-28,0,0,0
2020-01-28,0,0,0
2020-01-28,1,1,0
2020-01-28,0,0,0
2020-01-28,0,0,0
2020-01-28,2,0,2
2020-01-28,7,2,5
2020-01-28,11,1,10
2020-01-28,25,3,22
2020-01-28,30,6,24
2020-01-28,10,1,9
2020-01-28,9,2,7
2020-01-28,12,1,11
2020-01-28,5,1,4
2020-01-28,11,5,6
2020-01-28,17,4,13
2020-01-28,18,6,12
2020-01-28,46,16,30
2020-01-28,10,5,5
2020-01-28,12,3,9
2020-01-28,2,1,1
2020-01-28,3,0,3
2020-01-28,4,1,3
2020-01-28,3,1,2
2020-01-29,1,0,1
2020-01-29,1,0,1
2020-01-29,0,0,0
2020-01-29,0,0,0
2020-01-29,1,0,1
2020-01-29,1,0,1
2020-01-29,3,1,2
2020-01-29,19,3,16
2020-01-29,29,5,24
2020-01-29,26,1,25
2020-01-29,9,0,9
2020-01-29,8,1,7
2020-01-29,7,0,7
2020-01-29,5,0,5
2020-01-29,14,3,11
2020-01-29,15,2,13
2020-01-29,24,6,18
2020-01-29,22,10,12
2020-01-29,16,7,9
2020-01-29,7,1,6
2020-01-29,8,2,6
2020-01-29,5,2,3
2020-01-29,4,0,4
2020-01-29,2,0,2
2020-01-30,0,0,0
2020-01-30,0,0,0
2020-01-30,0,0,0
2020-01-30,0,0,0
2020-01-30,0,0,0
2020-01-30,4,0,4
2020-01-30,9,1,8
2020-01-30,21,2,19
2020-01-30,36,4,32
2020-01-30,30,9,21
2020-01-30,10,1,9
2020-01-30,14,1,13
2020-01-30,9,4,5
2020-01-30,10,5,5
2020-01-30,11,2,9
2020-01-30,15,3,12
2020-01-30,19,2,17
2020-01-30,29,13,16
2020-01-30,19,7,12
2020-01-30,9,4,5
2020-01-30,5,2,3
2020-01-30,5,1,4
2020-01-30,3,0,3
2020-01-30,1,0,1
2020-01-31,1,0,1
2020-01-31,2,1,1
2020-01-31,0,0,0
2020-01-31,0,0,0
2020-01-31,0,0,0
2020-01-31,2,0,2
2020-01-31,3,0,3
2020-01-31,9,0,9
2020-01-31,19,4,15
2020-01-31,18,0,18
2020-01-31,5,1,4
2020-01-31,4,0,4
2020-01-31,3,0,3
2020-01-31,3,0,3
2020-01-31,7,1,6
2020-01-31,5,1,4
2020-01-31,11,1,10
2020-01-31,12,3,9
2020-01-31,12,6,6
2020-01-31,10,3,7
2020-01-31,7,0,7
2020-01-31,3,1,2
2020-01-31,1,0,1
2020-01-31,1,0,1
2020-03-01,2,0,2
2020-03-01,2,0,2
2020-03-01,4,1,3
2020-03-01,0,0,0
2020-03-01,0,0,0
2020-03-01,3,0,3
2020-03-01,1,0,1
2020-03-01,1,0,1
2020-03-01,3,0,3
2020-03-01,5,2,3
2020-03-01,5,3,2
2020-03-01,20,2,18
2020-03-01,10,4,6
2020-03-01,15,7,8
2020-03-01,12,1,11
2020-03-01,11,2,9
2020-03-01,25,6,19
2020-03-01,11,4,7
2020-03-01,5,0,5
2020-03-01,8,3,5
2020-03-01,6,0,6
2020-03-01,2,0,2
2020-03-01,1,0,1
2020-03-01,1,0,1
2020-03-02,0,0,0
2020-03-02,2,1,1
2020-03-02,0,0,0
2020-03-02,1,1,0
2020-03-02,1,0,1
2020-03-02,2,0,2
2020-03-02,9,1,8
2020-03-02,15,5,10
2020-02-01,0,0,0
2020-02-01,1,0,1
2020-02-01,0,0,0
2020-02-01,0,0,0
2020-02-01,0,0,0
2020-02-01,2,0,2
2020-02-01,1,0,1
2020-02-01,1,1,0
2020-02-01,1,0,1
2020-02-01,6,0,6
2020-02-01,7,2,5
2020-02-01,6,2,4
2020-02-01,6,1,5
2020-02-01,14,2,12
2020-02-01,4,2,2
2020-02-01,11,1,10
2020-02-01,7,1,6
2020-02-01,15,1,14
2020-02-01,14,2,12
2020-02-01,11,1,10
2020-02-01,10,1,9
2020-02-01,8,1,7
2020-02-01,3,1,2
2020-02-01,4,1,3
2020-02-02,1,0,1
2020-02-02,0,0,0
2020-02-02,0,0,0
2020-02-02,1,1,0
2020-02-02,2,0,2
2020-02-02,0,0,0
2020-02-02,3,0,3
2020-02-02,0,0,0
2020-02-02,1,0,1
2020-02-02,1,0,1
2020-02-02,9,3,6
2020-02-02,6,1,5
2020-02-02,14,2,12
2020-02-02,15,6,9
2020-02-02,17,11,6
2020-02-02,25,5,20
2020-02-02,18,2,16
2020-02-02,12,4,8
2020-02-02,6,0,6
2020-02-02,6,0,6
2020-02-02,5,0,5
2020-02-02,0,0,0
2020-02-02,4,1,3
2020-02-02,0,0,0
2020-02-03,0,0,0
2020-02-03,1,0,1
2020-02-03,1,1,0
2020-02-03,0,0,0
2020-02-03,1,0,1
2020-02-03,3,0,3
2020-02-03,5,1,4
2020-02-03,19,3,16
2020-02-03,40,12,28
2020-02-03,37,7,30
2020-02-03,7,1,6
2020-02-03,14,3,11
2020-02-03,9,4,5
2020-02-03,9,3,6
2020-02-03,13,2,11
2020-02-03,13,3,10
2020-02-03,28,11,17
2020-02-03,40,15,25
2020-02-03,25,11,14
2020-02-03,20,5,15
2020-02-03,7,2,5
2020-02-03,4,1,3
2020-02-03,3,0,3
2020-02-03,1,0,1
2020-02-04,1,0,1
2020-02-04,0,0,0
2020-02-04,1,0,1
2020-02-04,0,0,0
2020-02-04,0,0,0
2020-02-04,1,0,1
2020-02-04,13,2,11
2020-02-04,15,2,13
2020-02-04,38,8,30
2020-02-04,22,1,21
2020-02-04,9,2,7
2020-02-04,5,1,4
2020-02-04,9,3,6
2020-02-04,4,0,4
2020-02-04,6,0,6
2020-02-04,10,4,6
2020-02-04,17,2,15
2020-02-04,33,14,19
2020-02-04,13,4,9
2020-02-04,7,3,4
2020-02-04,7,1,6
2020-02-04,2,0,2
2020-02-04,4,0,4
2020-02-04,1,1,0
2020-02-05,1,0,1
2020-02-05,0,0,0
2020-02-05,0,0,0
2020-02-05,0,0,0
2020-02-05,0,0,0
2020-02-05,2,0,2
2020-02-05,4,0,4
2020-02-05,14,1,13
2020-02-05,22,1,21
2020-02-05,14,2,12
2020-02-05,9,1,8
2020-02-05,7,2,5
2020-02-05,6,0,6
2020-02-05,5,1,4
2020-02-05,5,0,5
2020-02-05,8,2,6
2020-02-05,12,1,11
2020-02-05,25,8,17
2020-02-05,14,3,11
2020-02-05,8,0,8
2020-02-05,5,3,2
2020-02-05,1,0,1
2020-02-05,3,0,3
2020-02-05,1,0,1
2020-02-06,0,0,0
2020-02-06,0,0,0
2020-02-06,0,0,0
2020-02-06,0,0,0
2020-02-06,0,0,0
2020-02-06,1,0,1
2020-02-06,7,1,6
2020-02-06,9,0,9
2020-02-06,23,2,21
2020-02-06,14,0,14
2020-02-06,9,0,9
2020-02-06,7,1,6
2020-02-06,9,1,8
2020-02-06,9,3,6
2020-02-06,7,1,6
2020-02-06,12,4,8
2020-02-06,9,1,8
2020-02-06,23,10,13
2020-02-06,18,7,11
2020-02-06,15,6,9
2020-02-06,8,1,7
2020-02-06,4,2,2
2020-02-06,4,0,4
2020-02-06,4,0,4
2020-02-07,3,0,3
2020-02-07,0,0,0
2020-02-07,0,0,0
2020-02-07,0,0,0
2020-02-07,0,0,0
2020-02-07,2,0,2
2020-02-07,5,1,4
2020-02-07,16,4,12
2020-02-07,26,1,25
2020-02-07,10,1,9
2020-02-07,6,1,5
2020-02-07,2,0,2
2020-02-07,7,0,7
2020-02-07,8,2,6
2020-02-07,7,1,6
2020-02-07,14,2,12
2020-02-07,17,4,13
2020-02-07,14,3,11
2020-02-07,15,1,14
2020-02-07,12,2,10
2020-02-07,6,1,5
2020-02-07,1,0,1
2020-02-07,2,0,2
2020-02-07,3,0,3
2020-02-08,2,0,2
2020-02-08,2,0,2
2020-02-08,1,0,1
2020-02-08,0,0,0
2020-02-08,0,0,0
2020-02-08,0,0,0
2020-02-08,1,0,1
2020-02-08,4,0,4
2020-02-08,3,0,3
2020-02-08,5,2,3
2020-02-08,3,0,3
2020-02-08,12,0,12
2020-02-08,11,1,10
2020-02-08,6,3,3
2020-02-08,9,2,7
2020-02-08,20,3,17
2020-02-08,8,1,7
2020-02-08,22,8,14
2020-02-08,13,8,5
2020-02-08,13,1,12
2020-02-08,6,0,6
2020-02-08,6,2,4
2020-02-08,2,0,2
2020-02-08,0,0,0
2020-02-09,2,0,2
2020-02-09,1,0,1
2020-02-09,0,0,0
2020-02-09,0,0,0
2020-02-09,0,0,0
2020-02-09,0,0,0
2020-02-09,1,0,1
2020-02-09,0,0,0
2020-02-09,2,0,2
2020-02-09,4,1,3
2020-02-09,6,3,3
2020-02-09,16,3,13
2020-02-09,13,2,11
2020-02-09,15,5,10
2020-02-09,19,7,12
2020-02-09,9,1,8
2020-02-09,21,7,14
2020-02-09,17,3,14
2020-02-09,19,2,17
2020-02-09,7,1,6
2020-02-09,9,2,7
2020-02-09,11,3,8
2020-02-09,2,0,2
2020-02-09,2,2,0
2020-02-10,1,1,0
2020-02-10,1,0,1
2020-02-10,1,1,0
2020-02-10,0,0,0
2020-02-10,0,0,0
2020-02-10,3,0,3
2020-02-10,10,4,6
2020-02-10,25,3,22
2020-02-10,33,4,29
2020-02-10,33,5,28
2020-02-10,10,0,10
2020-02-10,12,3,9
2020-02-10,12,0,12
2020-02-10,6,0,6
2020-02-10,11,3,8
2020-02-10,12,3,9
2020-02-10,27,4,23
2020-02-10,31,10,21
2020-02-10,14,5,9
2020-02-10,14,6,8
2020-02-10,13,5,8
2020-02-10,6,0,6
2020-02-10,4,0,4
2020-02-10,1,0,1
2020-02-11,0,0,0
2020-02-11,0,0,0
2020-02-11,0,0,0
2020-02-11,1,0,1
2020-02-11,0,0,0
2020-02-11,2,0,2
2020-02-11,9,2,7
2020-02-11,25,4,21
2020-02-11,45,3,42
2020-02-11,31,3,28
2020-02-11,11,1,10
2020-02-11,8,1,7
2020-02-11,9,2,7
2020-02-11,9,2,7
2020-02-11,11,1,10
2020-02-11,11,1,10
2020-02-11,22,2,20
2020-02-11,30,6,24
2020-02-11,18,7,11
2020-02-11,15,7,8
2020-02-11,6,3,3
2020-02-11,3,1,2
2020-02-11,2,1,1
2020-02-11,0,0,0
2020-02-12,1,0,1
2020-02-12,0,0,0
2020-02-12,1,0,1
2020-02-12,0,0,0
2020-02-12,0,0,0
2020-02-12,2,0,2
2020-02-12,8,1,7
2020-02-12,23,3,20
2020-02-12,31,7,24
2020-02-12,37,3,34
2020-02-12,14,4,10
2020-02-12,11,2,9
2020-02-12,10,3,7
2020-02-12,5,1,4
2020-02-12,6,1,5
2020-02-12,14,3,11
2020-02-12,31,9,22
2020-02-12,48,18,30
2020-02-12,23,6,17
2020-02-12,16,5,11
2020-02-12,6,0,6
2020-02-12,4,2,2
2020-02-12,4,1,3
2020-02-12,0,0,0
2020-02-13,1,0,1
2020-02-13,2,0,2
2020-02-13,0,0,0
2020-02-13,0,0,0
2020-02-13,0,0,0
2020-02-13,4,0,4
2020-02-13,11,1,10
2020-02-13,25,3,22
2020-02-13,32,2,30
2020-02-13,17,1,16
2020-02-13,3,0,3
2020-02-13,8,0,8
2020-02-13,8,0,8
2020-02-13,7,1,6
2020-02-13,3,1,2
2020-02-13,10,3,7
2020-02-13,19,4,15
2020-02-13,27,10,17
2020-02-13,19,5,14
2020-02-13,9,4,5
2020-02-13,7,1,6
2020-02-13,5,0,5
2020-02-13,4,1,3
2020-02-13,2,1,1
2020-02-14,0,0,0
2020-02-14,2,0,2
2020-02-14,0,0,0
2020-02-14,0,0,0
2020-02-14,1,0,1
2020-02-14,6,1,5
2020-02-14,7,0,7
2020-02-14,20,2,18
2020-02-14,31,7,24
2020-02-14,17,0,17
2020-02-14,10,3,7
2020-02-14,6,0,6
2020-02-14,12,3,9
2020-02-14,9,1,8
2020-02-14,8,2,6
2020-02-14,19,2,17
2020-02-14,17,6,11
2020-02-14,19,7,12
2020-02-14,16,8,8
2020-02-14,18,1,17
2020-02-14,12,1,11
2020-02-14,8,2,6
2020-02-14,6,0,6
2020-02-14,1,1,0
2020-02-15,0,0,0
2020-02-15,1,0,1
2020-02-15,0,0,0
2020-02-15,0,0,0
2020-02-15,0,0,0
2020-02-15,1,0,1
2020-02-15,1,1,0
2020-02-15,1,0,1
2020-02-15,0,0,0
2020-02-15,4,0,4
2020-02-15,2,1,1
2020-02-15,12,0,12
2020-02-15,37,2,35
2020-02-15,10,1,9
2020-02-15,9,1,8
2020-02-15,14,2,12
2020-02-15,6,1,5
2020-02-15,10,2,8
2020-02-15,13,1,12
2020-02-15,9,2,7
2020-02-15,9,1,8
2020-02-15,8,1,7
2020-02-15,3,0,3
2020-02-15,3,1,2
2020-02-16,1,0,1
2020-02-16,1,0,1
2020-02-16,1,0,1
2020-02-16,0,0,0
2020-02-16,0,0,0
2020-02-16,2,0,2
2020-02-16,0,0,0
2020-02-16,0,0,0
2020-02-16,0,0,0
2020-02-16,2,0,2
2020-02-16,7,2,5
2020-02-16,7,1,6
2020-02-16,10,1,9
2020-02-16,7,1,6
2020-02-16,10,1,9
2020-02-16,8,0,8
2020-02-16,15,2,13
2020-02-16,16,1,15
2020-02-16,8,0,8
2020-02-16,7,1,6
2020-02-16,1,0,1
2020-02-16,5,0,5
2020-02-16,2,0,2
2020-02-16,2,2,0
2020-02-17,1,0,1
2020-02-17,1,0,1
2020-02-17,0,0,0
2020-02-17,0,0,0
2020-02-17,0,0,0
2020-02-17,0,0,0
2020-02-17,5,2,3
2020-02-17,6,2,4
2020-02-17,18,3,15
2020-02-17,17,1,16
2020-02-17,8,2,6
2020-02-17,5,2,3
2020-02-17,6,0,6
2020-02-17,8,1,7
2020-02-17,16,7,9
2020-02-17,9,4,5
2020-02-17,15,3,12
2020-02-17,27,8,19
2020-02-17,15,3,12
2020-02-17,1,0,1
2020-02-17,5,2,3
2020-02-17,4,0,4
2020-02-17,2,0,2
2020-02-17,0,0,0
2020-02-18,1,0,1
2020-02-18,0,0,0
2020-02-18,1,1,0
2020-02-18,0,0,0
2020-02-18,0,0,0
2020-02-18,3,0,3
2020-02-18,15,3,12
2020-02-18,16,3,13
2020-02-18,42,7,35
2020-02-18,28,4,24
2020-02-18,9,4,5
2020-02-18,8,4,4
2020-02-18,17,5,12
2020-02-18,16,5,11
2020-02-18,12,3,9
2020-02-18,14,2,12
2020-02-18,21,10,11
2020-02-18,47,21,26
2020-02-18,22,9,13
2020-02-18,13,6,7
2020-02-18,14,7,7
2020-02-18,3,3,0
2020-02-18,4,3,1
2020-02-18,1,1,0
2020-02-19,0,0,0
2020-02-19,0,0,0
2020-02-19,0,0,0
2020-02-19,0,0,0
2020-02-19,0,0,0
2020-02-19,1,1,0
2020-02-19,10,2,8
2020-02-19,17,1,16
2020-02-19,49,7,42
2020-02-19,23,1,22
2020-02-19,16,0,16
2020-02-19,7,0,7
2020-02-19,15,2,13
2020-02-19,10,2,8
2020-02-19,9,0,9
2020-02-19,21,4,17
2020-02-19,24,4,20
2020-02-19,32,5,27
2020-02-19,18,1,17
2020-02-19,11,3,8
2020-02-19,13,1,12
2020-02-19,4,0,4
2020-02-19,3,0,3
2020-02-19,0,0,0
2020-02-20,1,0,1
2020-02-20,1,0,1
2020-02-20,1,1,0
2020-02-20,0,0,0
2020-02-20,1,0,1
2020-02-20,0,0,0
2020-02-20,14,1,13
2020-02-20,12,0,12
2020-02-20,39,1,38
2020-02-20,22,2,20
2020-02-20,9,1,8
2020-02-20,6,1,5
2020-02-20,15,3,12
2020-02-20,9,3,6
2020-02-20,5,0,5
2020-02-20,14,5,9
2020-02-20,35,7,28
2020-02-20,28,10,18
2020-02-20,21,4,17
2020-02-20,6,1,5
2020-02-20,5,0,5
2020-02-20,4,0,4
2020-02-20,1,0,1
2020-02-20,2,0,2
2020-02-21,2,0,2
2020-02-21,0,0,0
2020-02-21,0,0,0
2020-02-21,1,1,0
2020-02-21,2,0,2
2020-02-21,4,1,3
2020-02-21,6,1,5
2020-02-21,16,5,11
2020-02-21,37,1,36
2020-02-21,19,2,17
2020-02-21,6,1,5
2020-02-21,5,0,5
2020-02-21,9,3,6
2020-02-21,3,1,2
2020-02-21,13,3,10
2020-02-21,13,2,11
2020-02-21,18,5,13
2020-02-21,27,6,21
2020-02-21,26,4,22
2020-02-21,12,2,10
2020-02-21,5,0,5
2020-02-21,6,0,6
2020-02-21,4,0,4
2020-02-21,4,1,3
2020-02-22,2,0,2
2020-02-22,2,0,2
2020-02-22,1,1,0
2020-02-22,0,0,0
2020-02-22,0,0,0
2020-02-22,0,0,0
2020-02-22,2,0,2
2020-02-22,1,0,1
2020-02-22,2,0,2
2020-02-22,3,1,2
2020-02-22,8,0,8
2020-02-22,12,3,9
2020-02-22,11,0,11
2020-02-22,21,5,16
2020-02-22,18,3,15
2020-02-22,13,2,11
2020-02-22,48,13,35
2020-02-22,18,9,9
2020-02-22,15,4,11
2020-02-22,18,2,16
2020-02-22,20,0,20
2020-02-22,7,0,7
2020-02-22,7,0,7
2020-02-22,1,0,1
2020-02-23,3,0,3
2020-02-23,1,0,1
2020-02-23,1,0,1
2020-02-23,0,0,0
2020-02-23,0,0,0
2020-02-23,0,0,0
2020-02-23,4,0,4
2020-02-23,7,0,7
2020-02-23,1,1,0
2020-02-23,1,0,1
2020-02-23,5,0,5
2020-02-23,5,0,5
2020-02-23,7,0,7
2020-02-23,8,1,7
2020-02-23,11,2,9
2020-02-23,7,3,4
2020-02-23,3,1,2
2020-02-23,24,5,19
2020-02-23,6,1,5
2020-02-23,11,2,9
2020-02-23,6,1,5
2020-02-23,5,1,4
2020-02-23,3,0,3
2020-02-23,2,2,0
2020-02-24,1,0,1
2020-02-24,0,0,0
2020-02-24,0,0,0
2020-02-24,0,0,0
2020-02-24,0,0,0
2020-02-24,2,0,2
2020-02-24,5,2,3
2020-02-24,19,2,17
2020-02-24,47,6,41
2020-02-24,27,4,23
2020-02-24,9,1,8
2020-02-24,8,3,5
2020-02-24,8,2,6
2020-02-24,7,1,6
2020-02-24,14,1,13
2020-02-24,22,8,14
2020-02-24,25,4,21
2020-02-24,34,9,25
2020-02-24,21,4,17
2020-02-24,10,2,8
2020-02-24,7,3,4
2020-02-24,10,6,4
2020-02-24,1,0,1
2020-02-24,2,1,1
2020-02-25,0,0,0
2020-02-25,1,1,0
2020-02-25,0,0,0
2020-02-25,0,0,0
2020-02-25,0,0,0
2020-02-25,3,0,3
2020-02-25,11,1,10
2020-02-25,21,2,19
2020-02-25,47,9,38
2020-02-25,21,1,20
2020-02-25,12,1,11
2020-02-25,8,1,7
2020-02-25,12,1,11
2020-02-25,10,1,9
2020-02-25,12,3,9
2020-02-25,9,2,7
2020-02-25,33,7,26
2020-02-25,48,17,31
2020-02-25,18,7,11
2020-02-25,13,3,10
2020-02-25,11,2,9
2020-02-25,6,0,6
2020-02-25,2,1,1
2020-02-25,1,0,1
2020-02-26,1,1,0
2020-02-26,1,0,1
2020-02-26,0,0,0
2020-02-26,1,0,1
2020-02-26,0,0,0
2020-02-26,1,0,1
2020-02-26,15,3,12
2020-02-26,17,1,16
2020-02-26,45,7,38
2020-02-26,22,4,18
2020-02-26,18,5,13
2020-02-26,9,1,8
2020-02-26,15,3,12
2020-02-26,8,1,7
2020-02-26,6,0,6
2020-02-26,15,3,12
2020-02-26,36,8,28
2020-02-26,37,13,24
2020-02-26,24,12,12
2020-02-26,12,1,11
2020-02-26,10,1,9
2020-02-26,2,0,2
2020-02-26,3,0,3
2020-02-26,3,0,3
2020-02-27,1,0,1
2020-02-27,1,0,1
2020-02-27,0,0,0
2020-02-27,0,0,0
2020-02-27,0,0,0
2020-02-27,5,0,5
2020-02-27,12,2,10
2020-02-27,23,4,19
2020-02-27,43,11,32
2020-02-27,28,4,24
2020-02-27,11,1,10
2020-02-27,9,2,7
2020-02-27,12,1,11
2020-02-27,10,1,9
2020-02-27,21,3,18
2020-02-27,18,5,13
2020-02-27,38,10,28
2020-02-27,54,20,34
2020-02-27,26,6,20
2020-02-27,15,3,12
2020-02-27,8,2,6
2020-02-27,10,2,8
2020-02-27,4,2,2
2020-02-27,4,2,2
2020-02-28,4,1,3
2020-02-28,0,0,0
2020-02-28,0,0,0
2020-02-28,0,0,0
2020-02-28,0,0,0
2020-02-28,4,0,4
2020-02-28,9,2,7
2020-02-28,12,0,12
2020-02-28,37,5,32
2020-02-28,17,4,13
2020-02-28,13,0,13
2020-02-28,7,3,4
2020-02-28,13,2,11
2020-02-28,10,2,8
2020-02-28,14,5,9
2020-02-28,11,0,11
2020-02-28,28,8,20
2020-02-28,19,6,13
2020-02-28,15,3,12
2020-02-28,10,4,6
2020-02-28,8,1,7
2020-02-28,7,3,4
2020-02-28,3,0,3
2020-02-28,2,0,2
2020-02-29,1,0,1
2020-02-29,1,0,1
2020-02-29,1,0,1
2020-02-29,0,0,0
2020-02-29,0,0,0
2020-02-29,2,0,2
2020-02-29,2,0,2
2020-02-29,0,0,0
2020-02-29,2,0,2
2020-02-29,5,1,4
2020-02-29,5,1,4
2020-02-29,7,2,5
2020-02-29,4,3,1
2020-02-29,11,3,8
2020-02-29,10,2,8
2020-02-29,14,0,14
2020-02-29,9,0,9
2020-02-29,8,3,5
2020-02-29,15,5,10
2020-02-29,11,1,10
2020-02-29,6,2,4
2020-02-29,5,0,5
2020-02-29,3,0,3
2020-02-29,1,0,1
2020-03-02,39,6,33
2020-03-02,23,4,19
2020-03-02,6,1,5
2020-03-02,1,0,1
2020-03-02,9,2,7
2020-03-02,3,0,3
2020-03-02,8,4,4
2020-03-02,10,3,7
2020-03-02,24,6,18
2020-03-02,34,10,24
2020-03-02,11,2,9
2020-03-02,13,5,8
2020-03-02,6,3,3
2020-03-02,3,0,3
2020-03-02,2,1,1
2020-03-02,0,0,0
2020-03-03,4,2,2
2020-03-03,2,1,1
2020-03-03,0,0,0
2020-03-03,0,0,0
2020-03-03,0,0,0
2020-03-03,2,0,2
2020-03-03,9,2,7
2020-03-03,18,2,16
2020-03-03,30,3,27
2020-03-03,19,1,18
2020-03-03,13,1,12
2020-03-03,8,2,6
2020-03-03,12,3,9
2020-03-03,11,1,10
2020-03-03,10,2,8
2020-03-03,7,2,5
2020-03-03,19,6,13
2020-03-03,29,8,21
2020-03-03,26,7,19
2020-03-03,9,3,6
2020-03-03,12,4,8
2020-03-03,3,0,3
2020-03-03,0,0,0
2020-03-03,1,0,1
2020-03-04,0,0,0
2020-03-04,0,0,0
2020-03-04,0,0,0
2020-03-04,0,0,0
2020-03-04,1,1,0
2020-03-04,5,0,5
2020-03-04,9,3,6
2020-03-04,19,3,16
2020-03-04,41,7,34
2020-03-04,28,4,24
2020-03-04,14,0,14
2020-03-04,9,3,6
2020-03-04,15,3,12
2020-03-04,11,2,9
2020-03-04,16,4,12
2020-03-04,18,5,13
2020-03-04,25,11,14
2020-03-04,48,10,38
2020-03-04,28,6,22
2020-03-04,9,6,3
2020-03-04,6,2,4
2020-03-04,3,2,1
2020-03-04,3,0,3
2020-03-04,2,0,2
2020-03-05,1,0,1
2020-03-05,1,0,1
2020-03-05,0,0,0
2020-03-05,0,0,0
2020-03-05,1,0,1
2020-03-05,2,0,2
2020-03-05,10,4,6
2020-03-05,22,1,21
2020-03-05,36,4,32
2020-03-05,22,4,18
2020-03-05,10,1,9
2020-03-05,12,3,9
2020-03-05,6,0,6
2020-03-05,8,3,5
2020-03-05,12,4,8
2020-03-05,15,2,13
2020-03-05,18,5,13
2020-03-05,19,12,7
2020-03-05,11,7,4
2020-03-05,7,3,4
2020-03-05,8,3,5
2020-03-05,5,1,4
2020-03-05,5,0,5
2020-03-05,1,0,1
2020-03-06,2,0,2
2020-03-06,1,0,1
2020-03-06,0,0,0
2020-03-06,0,0,0
2020-03-06,0,0,0
2020-03-06,2,0,2
2020-03-06,2,1,1
2020-03-06,7,0,7
2020-03-06,11,0,11
2020-03-06,9,0,9
2020-03-06,5,1,4
2020-03-06,3,1,2
2020-03-06,10,1,9
2020-03-06,5,2,3
2020-03-06,6,0,6
2020-03-06,9,2,7
2020-03-06,10,4,6
2020-03-06,18,6,12
2020-03-06,14,3,11
2020-03-06,11,2,9
2020-03-06,8,0,8
2020-03-06,13,7,6
2020-03-06,3,1,2
2020-03-06,1,0,1
2020-03-07,0,0,0
2020-03-07,0,0,0
2020-03-07,1,0,1
2020-03-07,0,0,0
2020-03-07,0,0,0
2020-03-07,0,0,0
2020-03-07,3,1,2
2020-03-07,1,0,1
2020-03-07,1,0,1
2020-03-07,3,0,3
2020-03-07,5,3,2
2020-03-07,4,0,4
2020-03-07,4,1,3
2020-03-07,9,3,6
2020-03-07,7,2,5
2020-03-07,6,0,6
2020-03-07,15,3,12
2020-03-07,10,3,7
2020-03-07,12,0,12
2020-03-07,8,2,6
2020-03-07,6,0,6
2020-03-07,8,2,6
2020-03-07,3,1,2
2020-03-07,0,0,0
2020-03-08,0,0,0
2020-03-08,2,1,1
2020-03-08,0,0,0
2020-03-08,0,0,0
2020-03-08,2,0,2
2020-03-08,0,0,0
2020-03-08,0,0,0
2020-03-08,4,1,3
2020-03-08,1,0,1
2020-03-08,3,0,3
2020-03-08,0,0,0
2020-03-08,3,0,3
2020-03-08,3,1,2
2020-03-08,8,1,7
2020-03-08,19,3,16
2020-03-08,12,0,12
2020-03-08,13,4,9
2020-03-08,8,3,5
2020-03-08,12,2,10
2020-03-08,14,2,12
2020-03-08,2,0,2
2020-03-08,5,0,5
2020-03-08,0,0,0
2020-03-08,3,1,2
2020-03-09,1,0,1
2020-03-09,1,0,1
2020-03-09,0,0,0
2020-03-09,0,0,0
2020-03-09,0,0,0
2020-03-09,2,0,2
2020-03-09,9,3,6
2020-03-09,10,3,7
2020-03-09,25,4,21
2020-03-09,15,1,14
2020-03-09,6,1,5
2020-03-09,4,1,3
2020-03-09,15,4,11
2020-03-09,7,2,5
2020-03-09,14,2,12
2020-03-09,12,4,8
2020-03-09,13,2,11
2020-03-09,37,12,25
2020-03-09,15,3,12
2020-03-09,10,1,9
2020-03-09,5,0,5
2020-03-09,9,1,8
2020-03-09,2,1,1
2020-03-09,3,0,3
2020-03-10,4,1,3
2020-03-10,1,1,0
2020-03-10,1,1,0
2020-03-10,0,0,0
2020-03-10,0,0,0
2020-03-10,2,0,2
2020-03-10,12,1,11
2020-03-10,16,1,15
2020-03-10,21,3,18
2020-03-10,15,1,14
2020-03-10,7,1,6
2020-03-10,9,1,8
2020-03-10,8,0,8
2020-03-10,11,4,7
2020-03-10,8,2,6
2020-03-10,12,3,9
2020-03-10,21,7,14
2020-03-10,19,6,13
2020-03-10,21,8,13
2020-03-10,9,2,7
2020-03-10,6,1,5
2020-03-10,5,1,4
2020-03-10,4,1,3
2020-03-10,2,0,2
2020-03-11,1,0,1
2020-03-11,2,2,0
2020-03-11,1,0,1
2020-03-11,0,0,0
2020-03-11,0,0,0
2020-03-11,1,0,1
2020-03-11,3,0,3
2020-03-11,13,0,13
2020-03-11,24,6,18
2020-03-11,11,3,8
2020-03-11,6,1,5
2020-03-11,11,1,10
2020-03-11,9,3,6
2020-03-11,14,4,10
2020-03-11,6,0,6
2020-03-11,10,2,8
2020-03-11,16,6,10
2020-03-11,25,12,13
2020-03-11,16,6,10
2020-03-11,14,1,13
2020-03-11,11,5,6
2020-03-11,6,2,4
2020-03-11,2,0,2
2020-03-11,2,0,2
2020-03-12,2,2,0
2020-03-12,1,0,1
2020-03-12,0,0,0
2020-03-12,0,0,0
2020-03-12,2,2,0
2020-03-12,2,1,1
2020-03-12,6,0,6
2020-03-12,12,1,11
2020-03-12,18,3,15
2020-03-12,12,1,11
2020-03-12,7,0,7
2020-03-12,12,0,12
2020-03-12,12,3,9
2020-03-12,5,1,4
2020-03-12,8,1,7
2020-03-12,11,3,8
2020-03-12,14,4,10
2020-03-12,22,8,14
2020-03-12,24,7,17
2020-03-12,11,3,8
2020-03-12,7,1,6
2020-03-12,9,4,5
2020-03-12,7,2,5
2020-03-12,0,0,0
2020-03-13,0,0,0
2020-03-13,1,0,1
2020-03-13,1,0,1
2020-03-13,0,0,0
2020-03-13,2,2,0
2020-03-13,3,0,3
2020-03-13,4,0,4
2020-03-13,5,0,5
2020-03-13,10,3,7
2020-03-13,4,0,4
2020-03-13,4,1,3
2020-03-13,8,2,6
2020-03-13,5,0,5
2020-03-13,5,1,4
2020-03-13,5,2,3
2020-03-13,8,4,4
2020-03-13,12,6,6
2020-03-13,14,5,9
2020-03-13,8,3,5
2020-03-13,5,1,4
2020-03-13,6,0,6
2020-03-13,3,0,3
2020-03-13,3,0,3
2020-03-13,5,0,5
2020-03-14,0,0,0
2020-03-14,1,0,1
2020-03-14,4,3,1
2020-03-14,0,0,0
2020-03-14,0,0,0
2020-03-14,2,0,2
2020-03-14,3,0,3
2020-03-14,0,0,0
2020-03-14,2,0,2
2020-03-14,6,0,6
2020-03-14,10,5,5
2020-03-14,7,1,6
2020-03-14,15,9,6
2020-03-14,4,1,3
2020-03-14,12,2,10
2020-03-14,7,1,6
2020-03-14,12,3,9
2020-03-14,10,1,9
2020-03-14,10,4,6
2020-03-14,11,4,7
2020-03-14,8,1,7
2020-03-14,9,2,7
2020-03-14,2,0,2
2020-03-14,0,0,0
2020-03-15,0,0,0
2020-03-15,1,0,1
2020-03-15,1,1,0
2020-03-15,0,0,0
2020-03-15,0,0,0
2020-03-15,0,0,0
2020-03-15,1,0,1
2020-03-15,3,1,2
2020-03-15,2,0,2
2020-03-15,2,1,1
2020-03-15,4,3,1
2020-03-15,7,1,6
2020-03-15,16,9,7
2020-03-15,13,5,8
2020-03-15,11,7,4
2020-03-15,25,13,12
2020-03-15,12,8,4
2020-03-15,12,3,9
2020-03-15,13,5,8
2020-03-15,5,0,5
2020-03-15,9,3,6
2020-03-15,5,1,4
2020-03-15,5,2,3
2020-03-15,2,0,2
2020-03-16,0,0,0
2020-03-16,0,0,0
2020-03-16,0,0,0
2020-03-16,0,0,0
2020-03-16,0,0,0
2020-03-16,4,0,4
2020-03-16,3,0,3
2020-03-16,10,3,7
2020-03-16,14,4,10
2020-03-16,10,1,9
2020-03-16,7,1,6
2020-03-16,10,3,7
2020-03-16,13,5,8
2020-03-16,8,2,6
2020-03-16,8,3,5
2020-03-16,11,4,7
2020-03-16,17,7,10
2020-03-16,18,7,11
2020-03-16,19,8,11
2020-03-16,12,2,10
2020-03-16,14,4,10
2020-03-16,0,0,0
2020-03-16,1,0,1
2020-03-16,0,0,0
2020-03-17,0,0,0
2020-03-17,0,0,0
2020-03-17,1,1,0
2020-03-17,1,0,1
2020-03-17,0,0,0
2020-03-17,1,0,1
2020-03-17,3,0,3
2020-03-17,6,1,5
2020-03-17,11,2,9
2020-03-17,5,1,4
2020-03-17,5,2,3
2020-03-17,4,1,3
2020-03-17,16,4,12
2020-03-17,6,2,4
2020-03-17,9,1,8
2020-03-17,8,3,5
2020-03-17,10,4,6
2020-03-17,11,2,9
2020-03-17,12,5,7
2020-03-17,7,2,5
2020-03-17,6,1,5
2020-03-17,6,0,6
2020-03-17,4,0,4
2020-03-17,2,1,1
2020-03-18,0,0,0
2020-03-18,1,0,1
2020-03-18,0,0,0
2020-03-18,0,0,0
2020-03-18,0,0,0
2020-03-18,1,0,1
2020-03-18,6,0,6
2020-03-18,8,2,6
2020-03-18,7,1,6
2020-03-18,6,1,5
2020-03-18,4,2,2
2020-03-18,9,1,8
2020-03-18,11,2,9
2020-03-18,14,4,10
2020-03-18,7,2,5
2020-03-18,12,3,9
2020-03-18,18,10,8
2020-03-18,17,8,9
2020-03-18,18,4,14
2020-03-18,7,2,5
2020-03-18,9,3,6
2020-03-18,2,1,1
2020-03-18,2,1,1
2020-03-18,2,1,1
2020-03-19,0,0,0
2020-03-19,0,0,0
2020-03-19,1,0,1
2020-03-19,0,0,0
2020-03-19,0,0,0
2020-03-19,1,0,1
2020-03-19,3,0,3
2020-03-19,8,1,7
2020-03-19,4,0,4
2020-03-19,9,1,8
2020-03-19,3,0,3
2020-03-19,4,0,4
2020-03-19,11,1,10
2020-03-19,10,3,7
2020-03-19,2,1,1
2020-03-19,14,5,9
2020-03-19,16,4,12
2020-03-19,22,8,14
2020-03-19,29,11,18
2020-03-19,11,0,11
2020-03-19,9,2,7
2020-03-19,4,0,4
2020-03-19,2,1,1
2020-03-19,1,1,0
2020-03-20,3,2,1
2020-03-20,1,1,0
2020-03-20,0,0,0
2020-03-20,1,1,0
2020-03-20,1,0,1
2020-03-20,3,0,3
2020-03-20,2,0,2
2020-03-20,4,1,3
2020-03-20,8,1,7
2020-03-20,3,0,3
2020-03-20,7,3,4
2020-03-20,8,3,5
2020-03-20,7,1,6
2020-03-20,9,2,7
2020-03-20,18,7,11
2020-03-20,11,5,6
2020-03-20,19,7,12
2020-03-20,27,15,12
2020-03-20,24,10,14
2020-03-20,27,5,22
2020-03-20,9,2,7
2020-03-20,8,1,7
2020-03-20,2,0,2
2020-03-20,5,0,5
2020-03-21,1,0,1
2020-03-21,0,0,0
2020-03-21,1,0,1
2020-03-21,1,0,1
2020-03-21,0,0,0
2020-03-21,1,0,1
2020-03-21,3,1,2
2020-03-21,1,1,0
2020-03-21,4,1,3
2020-03-21,3,0,3
2020-03-21,8,5,3
2020-03-21,5,2,3
2020-03-21,7,1,6
2020-03-21,6,3,3
2020-03-21,12,1,11
2020-03-21,26,8,18
2020-03-21,22,11,11
2020-03-21,25,9,16
2020-03-21,12,2,10
2020-03-21,11,0,11
2020-03-21,8,0,8
2020-03-21,4,0,4
2020-03-21,4,0,4
2020-03-21,2,1,1
2020-03-22,1,0,1
2020-03-22,1,0,1
2020-03-22,0,0,0
2020-03-22,0,0,0
2020-03-22,0,0,0
2020-03-22,1,0,1
2020-03-22,1,0,1
2020-03-22,0,0,0
2020-03-22,2,0,2
2020-03-22,2,0,2
2020-03-22,6,1,5
2020-03-22,13,0,13
2020-03-22,11,5,6
2020-03-22,9,4,5
2020-03-22,14,2,12
2020-03-22,11,4,7
2020-03-22,13,4,9
2020-03-22,16,4,12
2020-03-22,13,0,13
2020-03-22,12,6,6
2020-03-22,3,1,2
2020-03-22,3,1,2
2020-03-22,2,0,2
2020-03-22,1,0,1
2020-03-23,0,0,0
2020-03-23,0,0,0
2020-03-23,0,0,0
2020-03-23,1,1,0
2020-03-23,0,0,0
2020-03-23,2,0,2
2020-03-23,6,1,5
2020-03-23,7,3,4
2020-03-23,5,0,5
2020-03-23,2,0,2
2020-03-23,0,0,0
2020-03-23,7,2,5
2020-03-23,7,1,6
2020-03-23,8,1,7
2020-03-23,5,0,5
2020-03-23,7,3,4
2020-03-23,6,0,6
2020-03-23,6,0,6
2020-03-23,8,4,4
2020-03-23,16,2,14
2020-03-23,6,1,5
2020-03-23,1,0,1
2020-03-23,0,0,0
2020-03-23,1,0,1
2020-03-24,0,0,0
2020-03-24,0,0,0
2020-03-24,0,0,0
2020-03-24,2,2,0
2020-03-24,0,0,0
2020-03-24,2,1,1
2020-03-24,3,0,3
2020-03-24,8,1,7
2020-03-24,5,1,4
2020-03-24,5,0,5
2020-03-24,1,0,1
2020-03-24,3,0,3
2020-03-24,6,1,5
2020-03-24,9,1,8
2020-03-24,6,0,6
2020-03-24,8,2,6
2020-03-24,5,4,1
2020-03-24,13,2,11
2020-03-24,7,1,6
2020-03-24,17,0,17
2020-03-24,6,0,6
2020-03-24,2,0,2
2020-03-24,2,0,2
2020-03-24,0,0,0
2020-03-25,1,0,1
2020-03-25,0,0,0
2020-03-25,0,0,0
2020-03-25,0,0,0
2020-03-25,0,0,0
2020-03-25,1,0,1
2020-03-25,3,0,3
2020-03-25,4,0,4
2020-03-25,4,0,4
2020-03-25,2,1,1
2020-03-25,4,1,3
2020-03-25,7,2,5
2020-03-25,6,1,5
2020-03-25,7,3,4
2020-03-25,2,0,2
2020-03-25,4,1,3
2020-03-25,5,2,3
2020-03-25,14,3,11
2020-03-25,23,5,18
2020-03-25,11,1,10
2020-03-25,4,0,4
2020-03-25,3,1,2
2020-03-25,5,1,4
2020-03-25,2,1,1
2020-03-26,0,0,0
2020-03-26,1,0,1
2020-03-26,0,0,0
2020-03-26,0,0,0
2020-03-26,0,0,0
2020-03-26,1,0,1
2020-03-26,3,0,3
2020-03-26,2,1,1
2020-03-26,5,0,5
2020-03-26,1,0,1
2020-03-26,3,0,3
2020-03-26,3,1,2
2020-03-26,3,0,3
2020-03-26,6,2,4
2020-03-26,5,3,2
2020-03-26,5,0,5
2020-03-26,16,4,12
2020-03-26,11,2,9
2020-03-26,9,0,9
2020-03-26,6,0,6
2020-03-26,3,0,3
2020-03-26,2,0,2
2020-03-26,3,1,2
2020-03-26,0,0,0
2020-03-27,1,0,1
2020-03-27,0,0,0
2020-03-27,0,0,0
2020-03-27,1,1,0
2020-03-27,0,0,0
2020-03-27,1,0,1
2020-03-27,2,0,2
2020-03-27,2,1,1
2020-03-27,4,1,3
2020-03-27,1,0,1
2020-03-27,2,0,2
2020-03-27,5,4,1
2020-03-27,11,2,9
2020-03-27,9,0,9
2020-03-27,5,3,2
2020-03-27,7,5,2
2020-03-27,8,1,7
2020-03-27,15,4,11
2020-03-27,14,0,14
2020-03-27,11,0,11
2020-03-27,13,2,11
2020-03-27,5,1,4
2020-03-27,2,0,2
2020-03-27,1,1,0
2020-03-28,0,0,0
2020-03-28,0,0,0
2020-03-28,0,0,0
2020-03-28,0,0,0
2020-03-28,0,0,0
2020-03-28,0,0,0
2020-03-28,3,1,2
2020-03-28,1,0,1
2020-03-28,1,0,1
2020-03-28,0,0,0
2020-03-28,11,6,5
2020-03-28,6,0,6
2020-03-28,5,2,3
2020-03-28,5,2,3
2020-03-28,5,3,2
2020-03-28,11,4,7
2020-03-28,14,1,13
2020-03-28,15,3,12
2020-03-28,9,0,9
2020-03-28,9,2,7
2020-03-28,7,1,6
2020-03-28,1,0,1
2020-03-28,0,0,0
2020-03-28,1,0,1
2020-03-29,1,0,1
2020-03-29,0,0,0
2020-03-29,0,0,0
2020-03-29,0,0,0
2020-03-29,1,0,1
2020-03-29,1,0,1
2020-03-29,4,2,2
2020-03-29,0,0,0
2020-03-29,0,0,0
2020-03-29,1,0,1
2020-03-29,6,2,4
2020-03-29,11,1,10
2020-03-29,19,4,15
2020-03-29,18,9,9
2020-03-29,26,10,16
2020-03-29,24,10,14
2020-03-29,23,10,13
2020-03-29,17,8,9
2020-03-29,13,1,12
2020-03-29,5,1,4
2020-03-29,4,0,4
2020-03-29,5,1,4
2020-03-29,2,0,2
2020-03-29,1,0,1
2020-03-30,1,0,1
2020-03-30,0,0,0
2020-03-30,1,0,1
2020-03-30,0,0,0
2020-03-30,0,0,0
2020-03-30,1,0,1
2020-03-30,4,0,4
2020-03-30,4,1,3
2020-03-30,3,1,2
2020-03-30,5,0,5
2020-03-30,5,0,5
2020-03-30,5,2,3
2020-03-30,4,0,4
2020-03-30,3,1,2
2020-03-30,3,0,3
2020-03-30,7,2,5
2020-03-30,4,0,4
2020-03-30,10,2,8
2020-03-30,6,1,5
2020-03-30,4,3,1
2020-03-30,6,2,4
2020-03-30,1,0,1
2020-03-30,0,0,0
2020-03-30,0,0,0
2020-03-31,1,1,0
2020-03-31,0,0,0
2020-03-31,0,0,0
2020-03-31,0,0,0
2020-03-31,0,0,0
2020-03-31,0,0,0
2020-03-31,3,0,3
2020-03-31,3,0,3
2020-03-31,1,0,1
2020-03-31,4,2,2
2020-03-31,4,0,4
2020-03-31,6,0,6
2020-03-31,4,1,3
2020-03-31,8,0,8
2020-03-31,8,1,7
2020-03-31,4,1,3
2020-03-31,8,4,4
2020-03-31,6,0,6
2020-03-31,15,2,13
2020-03-31,3,0,3
2020-03-31,4,0,4
2020-03-31,3,1,2
2020-03-31,1,0,1
2020-03-31,1,0,1
2018-03-01,0,0,0
2018-03-01,0,0,0
2018-03-01,0,0,0
2018-03-01,0,0,0
2018-03-01,0,0,0
2018-03-01,0,0,0
2018-03-01,0,0,0
2018-03-01,0,0,0
2018-03-01,0,0,0
2018-03-01,0,0,0
2018-03-01,3,0,3
2018-03-01,29,6,23
2018-03-01,20,6,14
2018-03-01,18,10,8
2018-03-01,22,3,19
2018-03-01,43,8,35
2018-03-01,61,9,52
2018-03-01,74,19,55
2018-03-01,61,16,45
2018-03-01,24,9,15
2018-03-01,23,12,11
2018-03-01,21,16,5
2018-03-01,6,2,4
2018-03-01,4,3,1
2018-03-02,3,1,2
2018-03-02,4,2,2
2018-03-02,0,0,0
2018-03-02,0,0,0
2018-03-02,3,0,3
2018-03-02,8,1,7
2018-03-02,19,2,17
2018-03-02,50,4,46
2018-03-02,66,13,53
2018-03-02,36,9,27
2018-03-02,10,1,9
2018-03-02,25,6,19
2018-03-02,14,3,11
2018-03-02,17,7,10
2018-03-02,24,7,17
2018-03-02,37,12,25
2018-03-02,56,15,41
2018-03-02,62,27,35
2018-03-02,36,13,23
2018-03-02,35,18,17
2018-03-02,20,5,15
2018-03-02,12,4,8
2018-03-02,12,5,7
2018-03-02,5,0,5
2018-03-03,12,6,6
2018-03-03,15,4,11
2018-03-03,2,0,2
2018-03-03,0,0,0
2018-03-03,0,0,0
2018-03-03,2,0,2
2018-03-03,3,1,2
2018-03-03,8,1,7
2018-03-03,11,3,8
2018-03-03,16,4,12
2018-03-03,23,7,16
2018-03-03,23,8,15
2018-03-03,37,11,26
2018-03-03,26,9,17
2018-03-03,18,5,13
2018-03-03,34,12,22
2018-03-03,34,14,20
2018-03-03,22,11,11
2018-03-03,28,14,14
2018-03-03,18,6,12
2018-03-03,18,6,12
2018-03-03,9,3,6
2018-03-03,11,6,5
2018-03-03,4,3,1
2018-03-04,11,6,5
2018-03-04,8,4,4
2018-03-04,2,2,0
2018-03-04,0,0,0
2018-03-04,0,0,0
2018-03-04,0,0,0
2018-03-04,3,0,3
2018-03-04,11,2,9
2018-03-04,4,0,4
2018-03-04,7,1,6
2018-03-04,9,3,6
2018-03-04,21,9,12
2018-03-04,15,5,10
2018-03-04,21,4,17
2018-03-04,15,8,7
2018-03-04,14,10,4
2018-03-04,22,11,11
2018-03-04,11,7,4
2018-03-04,19,7,12
2018-03-04,13,5,8
2018-03-04,6,2,4
2018-03-04,10,5,5
2018-03-04,10,4,6
2018-03-04,6,1,5
2018-03-05,8,5,3
2018-03-05,1,1,0
2018-03-05,2,1,1
2018-03-05,2,2,0
2018-03-05,1,0,1
2018-03-05,15,3,12
2018-03-05,21,2,19
2018-03-05,73,3,70
2018-03-05,75,11,64
2018-03-05,42,7,35
2018-03-05,16,7,9
2018-03-05,23,8,15
2018-03-05,18,7,11
2018-03-05,19,8,11
2018-03-05,21,7,14
2018-03-05,30,12,18
2018-03-05,50,16,34
2018-03-05,81,23,58
2018-03-05,30,3,27
2018-03-05,18,7,11
2018-03-05,11,4,7
2018-03-05,13,6,7
2018-03-05,6,1,5
2018-03-05,2,0,2
2018-03-06,1,0,1
2018-03-06,1,1,0
2018-03-06,3,2,1
2018-03-06,0,0,0
2018-03-06,2,1,1
2018-03-06,10,2,8
2018-03-06,27,3,24
2018-03-06,71,7,64
2018-03-06,90,13,77
2018-03-06,52,9,43
2018-03-06,18,6,12
2018-03-06,19,5,14
2018-03-06,23,5,18
2018-03-06,18,8,10
2018-03-06,28,5,23
2018-03-06,39,13,26
2018-03-06,64,21,43
2018-03-06,74,21,53
2018-03-06,37,21,16
2018-03-06,28,12,16
2018-03-06,19,7,12
2018-03-06,17,5,12
2018-03-06,7,2,5
2018-03-06,8,4,4
2018-03-07,6,3,3
2018-03-07,1,0,1
2018-03-07,0,0,0
2018-03-07,1,0,1
2018-03-07,0,0,0
2018-03-07,11,2,9
2018-03-07,22,2,20
2018-03-07,67,9,58
2018-03-07,98,11,87
2018-03-07,46,7,39
2018-03-07,20,4,16
2018-03-07,20,9,11
2018-03-07,25,7,18
2018-03-07,18,6,12
2018-03-07,32,13,19
2018-03-07,24,7,17
2018-03-07,59,19,40
2018-03-07,87,23,64
2018-03-07,38,13,25
2018-03-07,26,10,16
2018-03-07,13,7,6
2018-03-07,20,13,7
2018-03-07,11,5,6
2018-03-07,5,1,4
2018-03-08,3,0,3
2018-03-08,4,3,1
2018-03-08,2,1,1
2018-03-08,1,1,0
2018-03-08,2,1,1
2018-03-08,12,3,9
2018-03-08,15,3,12
2018-03-08,46,4,42
2018-03-08,59,11,48
2018-03-08,20,5,15
2018-03-08,16,3,13
2018-03-08,19,3,16
2018-03-08,10,3,7
2018-03-08,7,4,3
2018-03-08,14,3,11
2018-03-08,23,10,13
2018-03-08,31,10,21
2018-03-08,52,12,40
2018-03-08,25,11,14
2018-03-08,13,5,8
2018-03-08,11,5,6
2018-03-08,11,7,4
2018-03-08,3,1,2
2018-03-08,4,0,4
2018-03-09,1,1,0
2018-03-09,2,2,0
2018-03-09,3,2,1
2018-03-09,7,4,3
2018-03-09,4,3,1
2018-03-09,8,2,6
2018-03-09,17,0,17
2018-03-09,74,4,70
2018-03-09,80,12,68
2018-03-09,34,6,28
2018-03-09,14,1,13
2018-03-09,25,7,18
2018-03-09,29,13,16
2018-03-09,26,3,23
2018-03-09,26,5,21
2018-03-09,50,12,38
2018-03-09,50,16,34
2018-03-09,67,24,43
2018-03-09,40,12,28
2018-03-09,27,13,14
2018-03-09,23,9,14
2018-03-09,11,5,6
2018-03-09,9,5,4
2018-03-09,6,4,2
2018-03-10,7,3,4
2018-03-10,3,0,3
2018-03-10,4,2,2
2018-03-10,0,0,0
2018-03-10,0,0,0
2018-03-10,5,0,5
2018-03-10,1,1,0
2018-03-10,8,3,5
2018-03-10,10,1,9
2018-03-10,16,4,12
2018-03-10,33,8,25
2018-03-10,25,3,22
2018-03-10,26,11,15
2018-03-10,58,19,39
2018-03-10,30,17,13
2018-03-10,34,13,21
2018-03-10,51,12,39
2018-03-10,24,11,13
2018-03-10,18,8,10
2018-03-10,22,2,20
2018-03-10,12,3,9
2018-03-10,22,13,9
2018-03-10,14,8,6
2018-03-10,2,2,0
2018-03-11,9,4,5
2018-03-11,6,3,3
2018-03-11,0,0,0
2018-03-11,1,1,0
2018-03-11,1,1,0
2018-03-11,2,0,2
2018-03-11,1,0,1
2018-03-11,0,0,0
2018-03-11,5,0,5
2018-03-11,9,1,8
2018-03-11,14,1,13
2018-03-11,25,9,16
2018-03-11,33,6,27
2018-03-11,34,8,26
2018-03-11,32,11,21
2018-03-11,39,15,24
2018-03-11,41,20,21
2018-03-11,26,12,14
2018-03-11,25,8,17
2018-03-11,23,11,12
2018-03-11,10,5,5
2018-03-11,6,3,3
2018-03-11,5,0,5
2018-03-11,7,1,6
2018-03-12,7,3,4
2018-03-12,2,2,0
2018-03-12,2,2,0
2018-03-12,0,0,0
2018-03-12,2,0,2
2018-03-12,20,4,16
2018-03-12,37,3,34
2018-03-12,82,5,77
2018-03-12,145,16,129
2018-03-12,72,10,62
2018-03-12,32,6,26
2018-03-12,22,6,16
2018-03-12,28,14,14
2018-03-12,24,10,14
2018-03-12,37,13,24
2018-03-12,44,12,32
2018-03-12,85,27,58
2018-03-12,102,38,64
2018-03-12,57,17,40
2018-03-12,29,11,18
2018-03-12,18,13,5
2018-03-12,17,7,10
2018-03-12,14,3,11
2018-03-12,8,4,4
2018-03-13,4,2,2
2018-03-13,6,5,1
2018-03-13,1,1,0
2018-03-13,0,0,0
2018-03-13,1,1,0
2018-03-13,15,2,13
2018-03-13,18,2,16
2018-03-13,61,9,52
2018-03-13,70,10,60
2018-03-13,48,12,36
2018-03-13,20,4,16
2018-03-13,21,7,14
2018-03-13,19,10,9
2018-03-13,18,8,10
2018-03-13,12,2,10
2018-03-13,21,7,14
2018-03-13,46,16,30
2018-03-13,49,16,33
2018-03-13,40,13,27
2018-03-13,14,6,8
2018-03-13,17,8,9
2018-03-13,7,3,4
2018-03-13,4,1,3
2018-03-13,0,0,0
2018-03-14,1,1,0
2018-03-14,4,1,3
2018-03-14,2,1,1
2018-03-14,1,1,0
2018-03-14,0,0,0
2018-03-14,19,3,16
2018-03-14,21,2,19
2018-03-14,62,6,56
2018-03-14,94,12,82
2018-03-14,39,9,30
2018-03-14,24,1,23
2018-03-14,19,6,13
2018-03-14,23,10,13
2018-03-14,22,9,13
2018-03-14,27,7,20
2018-03-14,36,14,22
2018-03-14,64,21,43
2018-03-14,80,35,45
2018-03-14,37,16,21
2018-03-14,24,8,16
2018-03-14,23,12,11
2018-03-14,12,9,3
2018-03-14,8,5,3
2018-03-14,2,0,2
2018-03-15,2,1,1
2018-03-15,8,5,3
2018-03-15,2,1,1
2018-03-15,1,1,0
2018-03-15,2,1,1
2018-03-15,19,4,15
2018-03-15,23,0,23
2018-03-15,68,7,61
2018-03-15,123,17,106
2018-03-15,60,11,49
2018-03-15,30,9,21
2018-03-15,22,2,20
2018-03-15,33,11,22
2018-03-15,26,12,14
2018-03-15,31,11,20
2018-03-15,49,13,36
2018-03-15,76,32,44
2018-03-15,93,31,62
2018-03-15,41,15,26
2018-03-15,26,12,14
2018-03-15,26,11,15
2018-03-15,10,5,5
2018-03-15,7,3,4
2018-03-15,4,1,3
2018-03-16,6,5,1
2018-03-16,5,4,1
2018-03-16,1,1,0
2018-03-16,3,3,0
2018-03-16,1,0,1
2018-03-16,17,4,13
2018-03-16,25,6,19
2018-03-16,71,4,67
2018-03-16,99,12,87
2018-03-16,55,12,43
2018-03-16,28,7,21
2018-03-16,23,7,16
2018-03-16,34,13,21
2018-03-16,45,26,19
2018-03-16,32,8,24
2018-03-16,44,8,36
2018-03-16,74,25,49
2018-03-16,83,20,63
2018-03-16,43,13,30
2018-03-16,30,12,18
2018-03-16,21,10,11
2018-03-16,28,13,15
2018-03-16,13,7,6
2018-03-16,16,7,9
2018-03-17,7,4,3
2018-03-17,3,0,3
2018-03-17,5,1,4
2018-03-17,2,0,2
2018-03-17,1,0,1
2018-03-17,3,0,3
2018-03-17,1,0,1
2018-03-17,5,1,4
2018-03-17,8,2,6
2018-03-17,26,8,18
2018-03-17,25,8,17
2018-03-17,29,5,24
2018-03-17,44,7,37
2018-03-17,52,22,30
2018-03-17,26,7,19
2018-03-17,36,19,17
2018-03-17,18,11,7
2018-03-17,22,7,15
2018-03-17,22,4,18
2018-03-17,19,8,11
2018-03-17,13,10,3
2018-03-17,10,1,9
2018-03-17,7,5,2
2018-03-17,9,4,5
2018-03-18,9,2,7
2018-03-18,5,4,1
2018-03-18,3,3,0
2018-03-18,0,0,0
2018-03-18,0,0,0
2018-03-18,2,0,2
2018-03-18,3,1,2
2018-03-18,7,2,5
2018-03-18,14,6,8
2018-03-18,14,6,8
2018-03-18,16,4,12
2018-03-18,21,3,18
2018-03-18,20,7,13
2018-03-18,17,8,9
2018-03-18,26,10,16
2018-03-18,45,10,35
2018-03-18,40,14,26
2018-03-18,42,16,26
2018-03-18,24,11,13
2018-03-18,14,6,8
2018-03-18,15,4,11
2018-03-18,14,10,4
2018-03-18,3,0,3
2018-03-18,7,3,4
2018-03-19,6,3,3
2018-03-19,4,4,0
2018-03-19,3,3,0
2018-03-19,0,0,0
2018-03-19,3,0,3
2018-03-19,21,3,18
2018-03-19,27,2,25
2018-03-19,74,3,71
2018-03-19,129,17,112
2018-03-19,52,6,46
2018-03-19,28,8,20
2018-03-19,23,8,15
2018-03-19,33,13,20
2018-03-19,36,10,26
2018-03-19,33,8,25
2018-03-19,38,16,22
2018-03-19,73,21,52
2018-03-19,92,29,63
2018-03-19,55,16,39
2018-03-19,34,23,11
2018-03-19,19,7,12
2018-03-19,14,4,10
2018-03-19,10,2,8
2018-03-19,4,3,1
2018-03-20,5,2,3
2018-03-20,6,5,1
2018-03-20,0,0,0
2018-03-20,1,1,0
2018-03-20,2,1,1
2018-03-20,18,3,15
2018-03-20,24,4,20
2018-03-20,97,11,86
2018-03-20,132,15,117
2018-03-20,47,9,38
2018-03-20,38,7,31
2018-03-20,26,6,20
2018-03-20,23,6,17
2018-03-20,32,15,17
2018-03-20,23,10,13
2018-03-20,44,20,24
2018-03-20,82,27,55
2018-03-20,90,32,58
2018-03-20,47,11,36
2018-03-20,35,14,21
2018-03-20,23,8,15
2018-03-20,12,6,6
2018-03-20,4,2,2
2018-03-20,8,0,8
2018-03-21,3,2,1
2018-03-21,5,2,3
2018-03-21,2,1,1
2018-03-21,2,2,0
2018-03-21,3,1,2
2018-03-21,17,2,15
2018-03-21,21,2,19
2018-03-21,87,4,83
2018-03-21,112,14,98
2018-03-21,56,7,49
2018-03-21,21,4,17
2018-03-21,22,9,13
2018-03-21,21,2,19
2018-03-21,24,5,19
2018-03-21,30,8,22
2018-03-21,41,16,25
2018-03-21,77,28,49
2018-03-21,76,20,56
2018-03-21,22,5,17
2018-03-21,24,13,11
2018-03-21,23,8,15
2018-03-21,12,4,8
2018-03-21,5,3,2
2018-03-21,4,2,2
2018-03-22,4,2,2
2018-03-22,1,1,0
2018-03-22,0,0,0
2018-03-22,1,1,0
2018-03-22,0,0,0
2018-03-22,13,2,11
2018-03-22,14,2,12
2018-03-22,39,2,37
2018-03-22,56,8,48
2018-03-22,19,6,13
2018-03-22,9,1,8
2018-03-22,10,3,7
2018-03-22,13,5,8
2018-03-22,16,7,9
2018-03-22,19,4,15
2018-03-22,26,10,16
2018-03-22,40,13,27
2018-03-22,54,12,42
2018-03-22,37,12,25
2018-03-22,15,5,10
2018-03-22,14,4,10
2018-03-22,10,7,3
2018-03-22,7,4,3
2018-03-22,6,3,3
2018-03-23,2,2,0
2018-03-23,1,1,0
2018-03-23,0,0,0
2018-03-23,0,0,0
2018-03-23,0,0,0
2018-03-23,11,2,9
2018-03-23,20,0,20
2018-03-23,40,2,38
2018-03-23,55,5,50
2018-03-23,22,5,17
2018-03-23,8,2,6
2018-03-23,11,4,7
2018-03-23,15,4,11
2018-03-23,18,6,12
2018-03-23,21,8,13
2018-03-23,29,11,18
2018-03-23,47,18,29
2018-03-23,45,10,35
2018-03-23,24,8,16
2018-03-23,12,4,8
2018-03-23,10,4,6
2018-03-23,8,2,6
2018-03-23,13,8,5
2018-03-23,6,5,1
2018-03-24,4,1,3
2018-03-24,7,5,2
2018-03-24,3,2,1
2018-03-24,0,0,0
2018-03-24,0,0,0
2018-03-24,1,0,1
2018-03-24,0,0,0
2018-03-24,2,1,1
2018-03-24,6,1,5
2018-03-24,17,3,14
2018-03-24,14,6,8
2018-03-24,19,6,13
2018-03-24,45,15,30
2018-03-24,27,10,17
2018-03-24,45,10,35
2018-03-24,35,10,25
2018-03-24,31,12,19
2018-03-24,23,8,15
2018-03-24,31,11,20
2018-03-24,16,9,7
2018-03-24,12,3,9
2018-03-24,15,9,6
2018-03-24,13,7,6
2018-03-24,6,3,3
2018-03-25,5,3,2
2018-03-25,100,57,43
2018-03-25,6,3,3
2018-03-25,0,0,0
2018-03-25,1,1,0
2018-03-25,2,0,2
2018-03-25,2,0,2
2018-03-25,7,2,5
2018-03-25,9,3,6
2018-03-25,7,2,5
2018-03-25,7,2,5
2018-03-25,17,4,13
2018-03-25,34,11,23
2018-03-25,30,11,19
2018-03-25,27,12,15
2018-03-25,30,6,24
2018-03-25,24,12,12
2018-03-25,31,13,18
2018-03-25,17,2,15
2018-03-25,17,7,10
2018-03-25,17,6,11
2018-03-25,7,2,5
2018-03-25,5,1,4
2018-03-25,7,5,2
2018-03-26,2,1,1
2018-03-26,0,0,0
2018-03-26,1,1,0
2018-03-26,1,1,0
2018-03-26,2,0,2
2018-03-26,12,1,11
2018-03-26,18,1,17
2018-03-26,48,3,45
2018-03-26,75,8,67
2018-03-26,40,6,34
2018-03-26,17,2,15
2018-03-26,15,4,11
2018-03-26,9,1,8
2018-03-26,18,12,6
2018-03-26,23,5,18
2018-03-26,25,9,16
2018-03-26,48,15,33
2018-03-26,53,20,33
2018-03-26,30,11,19
2018-03-26,22,8,14
2018-03-26,9,3,6
2018-03-26,10,5,5
2018-03-26,4,2,2
2018-03-26,4,0,4
2018-03-27,4,1,3
2018-03-27,4,3,1
2018-03-27,0,0,0
2018-03-27,1,1,0
2018-03-27,2,1,1
2018-03-27,12,2,10
2018-03-27,21,3,18
2018-03-27,65,5,60
2018-03-27,93,13,80
2018-03-27,38,5,33
2018-03-27,27,9,18
2018-03-27,23,5,18
2018-03-27,18,4,14
2018-03-27,23,8,15
2018-03-27,21,9,12
2018-03-27,40,11,29
2018-03-27,69,18,51
2018-03-27,76,25,51
2018-03-27,44,16,28
2018-03-27,25,14,11
2018-03-27,16,8,8
2018-03-27,12,4,8
2018-03-27,9,5,4
2018-03-27,6,3,3
2018-03-28,2,1,1
2018-03-28,3,2,1
2018-03-28,0,0,0
2018-03-28,0,0,0
2018-03-28,0,0,0
2018-03-28,19,2,17
2018-03-28,23,2,21
2018-03-28,75,4,71
2018-03-28,89,10,79
2018-03-28,69,10,59
2018-03-28,29,3,26
2018-03-28,25,8,17
2018-03-28,24,10,14
2018-03-28,32,14,18
2018-03-28,28,8,20
2018-03-28,35,16,19
2018-03-28,87,28,59
2018-03-28,85,30,55
2018-03-28,64,28,36
2018-03-28,27,8,19
2018-03-28,24,5,19
2018-03-28,18,9,9
2018-03-28,5,2,3
2018-03-28,6,4,2
2018-03-29,4,0,4
2018-03-29,1,0,1
2018-03-29,0,0,0
2018-03-29,0,0,0
2018-03-29,1,1,0
2018-03-29,13,1,12
2018-03-29,24,4,20
2018-03-29,61,10,51
2018-03-29,117,17,100
2018-03-29,38,4,34
2018-03-29,21,4,17
2018-03-29,20,6,14
2018-03-29,29,5,24
2018-03-29,31,12,19
2018-03-29,34,8,26
2018-03-29,38,14,24
2018-03-29,64,18,46
2018-03-29,101,20,81
2018-03-29,55,16,39
2018-03-29,30,12,18
2018-03-29,18,8,10
2018-03-29,17,4,13
2018-03-29,17,13,4
2018-03-29,20,11,9
2018-03-30,5,4,1
2018-03-30,5,2,3
2018-03-30,2,2,0
2018-03-30,0,0,0
2018-03-30,0,0,0
2018-03-30,13,2,11
2018-03-30,20,3,17
2018-03-30,60,8,52
2018-03-30,100,13,87
2018-03-30,53,5,48
2018-03-30,12,4,8
2018-03-30,17,4,13
2018-03-30,35,14,21
2018-03-30,27,10,17
2018-03-30,33,5,28
2018-03-30,46,11,35
2018-03-30,97,22,75
2018-03-30,63,20,43
2018-03-30,43,12,31
2018-03-30,35,12,23
2018-03-30,12,5,7
2018-03-30,4,1,3
2018-03-30,11,3,8
2018-03-30,13,6,7
2018-03-31,10,4,6
2018-03-31,15,7,8
2018-03-31,1,0,1
2018-03-31,2,1,1
2018-03-31,0,0,0
2018-03-31,4,2,2
2018-03-31,4,1,3
2018-03-31,6,2,4
2018-03-31,12,4,8
2018-03-31,17,2,15
2018-03-31,19,0,19
2018-03-31,41,13,28
2018-03-31,40,8,32
2018-03-31,39,9,30
2018-03-31,37,20,17
2018-03-31,46,15,31
2018-03-31,33,14,19
2018-03-31,54,19,35
2018-03-31,40,6,34
2018-03-31,23,13,10
2018-03-31,18,8,10
2018-03-31,13,7,6
2018-03-31,16,8,8
2018-03-31,10,3,7
2018-04-01,11,6,5
2018-04-01,10,6,4
2018-04-01,6,5,1
2018-04-01,1,1,0
2018-04-01,0,0,0
2018-04-01,2,0,2
2018-04-01,4,1,3
2018-04-01,4,0,4
2018-04-01,4,0,4
2018-04-01,1,0,1
2018-04-01,10,5,5
2018-04-01,14,1,13
2018-04-01,15,2,13
2018-04-01,9,3,6
2018-04-01,20,2,18
2018-04-01,11,7,4
2018-04-01,9,4,5
2018-04-01,21,10,11
2018-04-01,18,8,10
2018-04-01,8,5,3
2018-04-01,7,2,5
2018-04-01,1,1,0
2018-04-01,2,0,2
2018-04-01,2,1,1
2018-04-02,3,2,1
2018-04-02,1,1,0
2018-04-02,0,0,0
2018-04-02,1,1,0
2018-04-02,1,0,1
2018-04-02,14,2,12
2018-04-02,24,3,21
2018-04-02,76,9,67
2018-04-02,123,17,106
2018-04-02,51,6,45
2018-04-02,22,6,16
2018-04-02,28,4,24
2018-04-02,25,6,19
2018-04-02,14,7,7
2018-04-02,32,11,21
2018-04-02,49,13,36
2018-04-02,64,19,45
2018-04-02,92,28,64
2018-04-02,43,17,26
2018-04-02,24,7,17
2018-04-02,13,5,8
2018-04-02,12,3,9
2018-04-02,8,2,6
2018-04-02,2,1,1
2018-04-03,5,2,3
2018-04-03,3,3,0
2018-04-03,1,0,1
2018-04-03,1,1,0
2018-04-03,2,0,2
2018-04-03,21,2,19
2018-04-03,31,7,24
2018-04-03,83,9,74
2018-04-03,112,16,96
2018-04-03,48,7,41
2018-04-03,17,2,15
2018-04-03,15,5,10
2018-04-03,27,8,19
2018-04-03,18,8,10
2018-04-03,18,6,12
2018-04-03,45,16,29
2018-04-03,66,17,49
2018-04-03,74,25,49
2018-04-03,46,15,31
2018-04-03,19,6,13
2018-04-03,20,13,7
2018-04-03,9,5,4
2018-04-03,6,2,4
2018-04-03,10,5,5
2018-04-04,8,2,6
2018-04-04,5,3,2
2018-04-04,0,0,0
2018-04-04,1,1,0
2018-04-04,0,0,0
2018-04-04,17,2,15
2018-04-04,17,3,14
2018-04-04,45,8,37
2018-04-04,76,13,63
2018-04-04,41,7,34
2018-04-04,13,4,9
2018-04-04,14,4,10
2018-04-04,12,5,7
2018-04-04,13,4,9
2018-04-04,13,2,11
2018-04-04,29,9,20
2018-04-04,43,11,32
2018-04-04,51,12,39
2018-04-04,33,14,19
2018-04-04,13,6,7
2018-04-04,10,5,5
2018-04-04,9,5,4
2018-04-04,4,1,3
2018-04-04,2,1,1
2018-04-05,1,1,0
2018-04-05,1,0,1
2018-04-05,1,0,1
2018-04-05,0,0,0
2018-04-05,0,0,0
2018-04-05,12,0,12
2018-04-05,18,1,17
2018-04-05,58,6,52
2018-04-05,72,13,59
2018-04-05,38,2,36
2018-04-05,11,3,8
2018-04-05,19,6,13
2018-04-05,16,3,13
2018-04-05,15,6,9
2018-04-05,20,5,15
2018-04-05,30,7,23
2018-04-05,41,7,34
2018-04-05,64,27,37
2018-04-05,27,12,15
2018-04-05,21,7,14
2018-04-05,16,9,7
2018-04-05,7,4,3
2018-04-05,11,6,5
2018-04-05,2,0,2
2018-04-06,3,1,2
2018-04-06,3,0,3
2018-04-06,1,1,0
2018-04-06,2,1,1
2018-04-06,0,0,0
2018-04-06,11,1,10
2018-04-06,21,3,18
2018-04-06,58,2,56
2018-04-06,81,15,66
2018-04-06,51,8,43
2018-04-06,19,4,15
2018-04-06,20,4,16
2018-04-06,15,5,10
2018-04-06,13,6,7
2018-04-06,26,7,19
2018-04-06,46,14,32
2018-04-06,70,25,45
2018-04-06,82,31,51
2018-04-06,43,20,23
2018-04-06,37,20,17
2018-04-06,48,23,25
2018-04-06,13,4,9
2018-04-06,12,2,10
2018-04-06,22,10,12
2018-04-07,8,3,5
2018-04-07,46,22,24
2018-04-07,2,2,0
2018-04-07,3,2,1
2018-04-07,0,0,0
2018-04-07,3,1,2
2018-04-07,0,0,0
2018-04-07,3,0,3
2018-04-07,5,0,5
2018-04-07,1,1,0
2018-04-07,14,7,7
2018-04-07,19,4,15
2018-04-07,29,8,21
2018-04-07,19,6,13
2018-04-07,20,9,11
2018-04-07,12,4,8
2018-04-07,13,7,6
2018-04-07,9,2,7
2018-04-07,4,3,1
2018-04-07,11,3,8
2018-04-07,14,9,5
2018-04-07,3,0,3
2018-04-07,3,2,1
2018-04-07,7,7,0
2018-04-08,8,4,4
2018-04-08,7,3,4
2018-04-08,4,2,2
2018-04-08,4,2,2
2018-04-08,1,0,1
2018-04-08,3,0,3
2018-04-08,124,4,120
2018-04-08,199,1,198
2018-04-08,31,13,18
2018-04-08,36,22,14
2018-04-08,102,57,45
2018-04-08,27,15,12
2018-04-08,9,1,8
2018-04-08,12,2,10
2018-04-08,16,4,12
2018-04-08,12,4,8
2018-04-08,15,9,6
2018-04-08,15,9,6
2018-04-08,11,6,5
2018-04-08,16,8,8
2018-04-08,6,4,2
2018-04-08,5,2,3
2018-04-08,12,8,4
2018-04-08,1,1,0
2018-04-09,2,2,0
2018-04-09,0,0,0
2018-04-09,4,3,1
2018-04-09,1,0,1
2018-04-09,0,0,0
2018-04-09,18,2,16
2018-04-09,32,3,29
2018-04-09,89,13,76
2018-04-09,119,17,102
2018-04-09,49,6,43
2018-04-09,22,5,17
2018-04-09,21,6,15
2018-04-09,19,6,13
2018-04-09,18,4,14
2018-04-09,30,8,22
2018-04-09,38,8,30
2018-04-09,74,20,54
2018-04-09,82,29,53
2018-04-09,58,19,39
2018-04-09,31,16,15
2018-04-09,21,7,14
2018-04-09,18,9,9
2018-04-09,4,1,3
2018-04-09,9,5,4
2018-04-10,6,5,1
2018-04-10,2,1,1
2018-04-10,2,1,1
2018-04-10,2,1,1
2018-04-10,0,0,0
2018-04-10,10,1,9
2018-04-10,19,2,17
2018-04-10,49,6,43
2018-04-10,47,10,37
2018-04-10,31,4,27
2018-04-10,13,2,11
2018-04-10,11,3,8
2018-04-10,15,5,10
2018-04-10,15,8,7
2018-04-10,30,5,25
2018-04-10,34,15,19
2018-04-10,56,20,36
2018-04-10,64,21,43
2018-04-10,37,12,25
2018-04-10,33,13,20
2018-04-10,13,4,9
2018-04-10,15,7,8
2018-04-10,7,3,4
2018-04-10,3,1,2
2018-04-11,2,1,1
2018-04-11,4,4,0
2018-04-11,0,0,0
2018-04-11,2,0,2
2018-04-11,2,1,1
2018-04-11,18,5,13
2018-04-11,18,3,15
2018-04-11,57,4,53
2018-04-11,89,19,70
2018-04-11,46,7,39
2018-04-11,15,3,12
2018-04-11,10,2,8
2018-04-11,9,3,6
2018-04-11,14,5,9
2018-04-11,14,6,8
2018-04-11,25,8,17
2018-04-11,44,11,33
2018-04-11,65,18,47
2018-04-11,37,17,20
2018-04-11,15,4,11
2018-04-11,20,9,11
2018-04-11,10,6,4
2018-04-11,7,6,1
2018-04-11,3,2,1
2018-04-12,2,1,1
2018-04-12,1,0,1
2018-04-12,1,0,1
2018-04-12,5,2,3
2018-04-12,1,1,0
2018-04-12,9,1,8
2018-04-12,18,2,16
2018-04-12,49,5,44
2018-04-12,79,18,61
2018-04-12,49,9,40
2018-04-12,23,3,20
2018-04-12,12,2,10
2018-04-12,12,2,10
2018-04-12,20,5,15
2018-04-12,24,4,20
2018-04-12,30,11,19
2018-04-12,57,12,45
2018-04-12,79,23,56
2018-04-12,36,15,21
2018-04-12,19,7,12
2018-04-12,13,7,6
2018-04-12,15,7,8
2018-04-12,4,3,1
2018-04-12,8,5,3
2018-04-13,2,1,1
2018-04-13,2,1,1
2018-04-13,2,1,1
2018-04-13,1,0,1
2018-04-13,0,0,0
2018-04-13,13,2,11
2018-04-13,14,2,12
2018-04-13,37,4,33
2018-04-13,55,13,42
2018-04-13,32,7,25
2018-04-13,20,6,14
2018-04-13,12,4,8
2018-04-13,16,6,10
2018-04-13,13,7,6
2018-04-13,16,3,13
2018-04-13,19,7,12
2018-04-13,39,10,29
2018-04-13,47,16,31
2018-04-13,18,3,15
2018-04-13,16,9,7
2018-04-13,4,1,3
2018-04-13,7,5,2
2018-04-13,4,4,0
2018-04-13,4,2,2
2018-04-14,7,3,4
2018-04-14,6,3,3
2018-04-14,2,1,1
2018-04-14,1,1,0
2018-04-14,0,0,0
2018-04-14,2,0,2
2018-04-14,1,0,1
2018-04-14,1,0,1
2018-04-14,6,2,4
2018-04-14,9,4,5
2018-04-14,7,1,6
2018-04-14,8,1,7
2018-04-14,8,4,4
2018-04-14,15,10,5
2018-04-14,8,5,3
2018-04-14,6,2,4
2018-04-14,5,3,2
2018-04-14,2,1,1
2018-04-14,8,4,4
2018-04-14,5,2,3
2018-04-14,6,3,3
2018-04-14,4,2,2
2018-04-14,4,3,1
2018-04-14,8,4,4
2018-04-15,4,3,1
2018-04-15,5,2,3
2018-04-15,3,2,1
2018-04-15,0,0,0
2018-04-15,0,0,0
2018-04-15,1,0,1
2018-04-15,0,0,0
2018-04-15,2,1,1
2018-04-15,10,2,8
2018-04-15,10,4,6
2018-04-15,11,2,9
2018-04-15,19,5,14
2018-04-15,22,6,16
2018-04-15,26,16,10
2018-04-15,19,5,14
2018-04-15,21,11,10
2018-04-15,18,9,9
2018-04-15,10,2,8
2018-04-15,21,7,14
2018-04-15,17,5,12
2018-04-15,17,7,10
2018-04-15,9,6,3
2018-04-15,2,0,2
2018-04-15,0,0,0
2018-04-16,1,1,0
2018-04-16,12,7,5
2018-04-16,1,1,0
2018-04-16,2,1,1
2018-04-16,0,0,0
2018-04-16,16,2,14
2018-04-16,20,2,18
2018-04-16,55,8,47
2018-04-16,67,10,57
2018-04-16,36,6,30
2018-04-16,7,3,4
2018-04-16,7,1,6
2018-04-16,10,1,9
2018-04-16,24,6,18
2018-04-16,19,5,14
2018-04-16,26,6,20
2018-04-16,44,13,31
2018-04-16,55,14,41
2018-04-16,35,14,21
2018-04-16,6,3,3
2018-04-16,10,6,4
2018-04-16,9,6,3
2018-04-16,5,2,3
2018-04-16,2,2,0
2018-04-17,0,0,0
2018-04-17,0,0,0
2018-04-17,0,0,0
2018-04-17,2,0,2
2018-04-17,2,1,1
2018-04-17,19,4,15
2018-04-17,25,4,21
2018-04-17,73,6,67
2018-04-17,92,14,78
2018-04-17,50,7,43
2018-04-17,30,7,23
2018-04-17,29,7,22
2018-04-17,19,6,13
2018-04-17,21,6,15
2018-04-17,35,15,20
2018-04-17,36,7,29
2018-04-17,54,13,41
2018-04-17,95,31,64
2018-04-17,53,23,30
2018-04-17,34,6,28
2018-04-17,16,5,11
2018-04-17,12,7,5
2018-04-17,19,14,5
2018-04-17,9,5,4
2018-04-18,6,4,2
2018-04-18,3,2,1
2018-04-18,3,0,3
2018-04-18,1,0,1
2018-04-18,5,2,3
2018-04-18,20,2,18
2018-04-18,22,3,19
2018-04-18,91,11,80
2018-04-18,130,16,114
2018-04-18,51,13,38
2018-04-18,17,3,14
2018-04-18,15,4,11
2018-04-18,23,5,18
2018-04-18,27,14,13
2018-04-18,31,8,23
2018-04-18,60,25,35
2018-04-18,81,29,52
2018-04-18,81,23,58
2018-04-18,56,22,34
2018-04-18,32,18,14
2018-04-18,18,11,7
2018-04-18,20,8,12
2018-04-18,14,11,3
2018-04-18,16,10,6
2018-04-19,2,2,0
2018-04-19,1,0,1
2018-04-19,0,0,0
2018-04-19,1,0,1
2018-04-19,3,1,2
2018-04-19,15,2,13
2018-04-19,31,3,28
2018-04-19,103,9,94
2018-04-19,148,20,128
2018-04-19,71,16,55
2018-04-19,31,8,23
2018-04-19,44,15,29
2018-04-19,43,12,31
2018-04-19,27,10,17
2018-04-19,46,19,27
2018-04-19,52,21,31
2018-04-19,79,28,51
2018-04-19,115,42,73
2018-04-19,70,22,48
2018-04-19,31,15,16
2018-04-19,26,13,13
2018-04-19,15,10,5
2018-04-19,8,3,5
2018-04-19,8,6,2
2018-04-20,5,4,1
2018-04-20,6,5,1
2018-04-20,4,4,0
2018-04-20,3,1,2
2018-04-20,1,0,1
2018-04-20,16,2,14
2018-04-20,24,2,22
2018-04-20,74,6,68
2018-04-20,124,16,108
2018-04-20,60,14,46
2018-04-20,28,7,21
2018-04-20,34,10,24
2018-04-20,40,9,31
2018-04-20,32,8,24
2018-04-20,35,14,21
2018-04-20,49,13,36
2018-04-20,79,23,56
2018-04-20,73,30,43
2018-04-20,50,16,34
2018-04-20,20,7,13
2018-04-20,26,11,15
2018-04-20,19,11,8
2018-04-20,17,7,10
2018-04-20,23,12,11
2018-04-21,8,5,3
2018-04-21,7,4,3
2018-04-21,2,2,0
2018-04-21,3,3,0
2018-04-21,0,0,0
2018-04-21,3,0,3
2018-04-21,2,0,2
2018-04-21,6,1,5
2018-04-21,16,5,11
2018-04-21,22,6,16
2018-04-21,20,4,16
2018-04-21,51,9,42
2018-04-21,40,15,25
2018-04-21,40,13,27
2018-04-21,35,7,28
2018-04-21,22,15,7
2018-04-21,32,18,14
2018-04-21,25,13,12
2018-04-21,32,13,19
2018-04-21,30,14,16
2018-04-21,22,10,12
2018-04-21,22,7,15
2018-04-21,13,7,6
2018-04-21,12,3,9
2018-04-22,6,3,3
2018-04-22,6,3,3
2018-04-22,6,1,5
2018-04-22,1,1,0
2018-04-22,3,1,2
2018-04-22,2,0,2
2018-04-22,11,2,9
2018-04-22,17,2,15
2018-04-22,15,2,13
2018-04-22,20,2,18
2018-04-22,18,5,13
2018-04-22,45,13,32
2018-04-22,57,9,48
2018-04-22,42,20,22
2018-04-22,42,15,27
2018-04-22,53,26,27
2018-04-22,42,24,18
2018-04-22,32,19,13
2018-04-22,19,10,9
2018-04-22,18,3,15
2018-04-22,11,5,6
2018-04-22,12,4,8
2018-04-22,6,2,4
2018-04-22,5,3,2
2018-04-23,4,1,3
2018-04-23,1,0,1
2018-04-23,0,0,0
2018-04-23,0,0,0
2018-04-23,2,0,2
2018-04-23,18,4,14
2018-04-23,41,3,38
2018-04-23,86,8,78
2018-04-23,162,21,141
2018-04-23,65,7,58
2018-04-23,19,3,16
2018-04-23,25,7,18
2018-04-23,30,4,26
2018-04-23,30,13,17
2018-04-23,30,6,24
2018-04-23,45,14,31
2018-04-23,89,31,58
2018-04-23,116,46,70
2018-04-23,51,18,33
2018-04-23,33,12,21
2018-04-23,20,4,16
2018-04-23,12,8,4
2018-04-23,11,6,5
2018-04-23,4,0,4
2018-04-24,6,2,4
2018-04-24,4,4,0
2018-04-24,0,0,0
2018-04-24,0,0,0
2018-04-24,2,1,1
2018-04-24,20,1,19
2018-04-24,33,4,29
2018-04-24,131,14,117
2018-04-24,168,20,148
2018-04-24,79,14,65
2018-04-24,20,6,14
2018-04-24,35,5,30
2018-04-24,24,7,17
2018-04-24,22,8,14
2018-04-24,30,8,22
2018-04-24,65,25,40
2018-04-24,105,36,69
2018-04-24,131,50,81
2018-04-24,68,27,41
2018-04-24,37,12,25
2018-04-24,20,10,10
2018-04-24,30,14,16
2018-04-24,8,5,3
2018-04-24,9,5,4
2018-04-25,2,1,1
2018-04-25,2,2,0
2018-04-25,2,0,2
2018-04-25,2,1,1
2018-04-25,3,0,3
2018-04-25,26,2,24
2018-04-25,35,3,32
2018-04-25,131,16,115
2018-04-25,136,16,120
2018-04-25,74,16,58
2018-04-25,42,7,35
2018-04-25,25,7,18
2018-04-25,46,11,35
2018-04-25,39,13,26
2018-04-25,46,20,26
2018-04-25,48,16,32
2018-04-25,72,18,54
2018-04-25,138,49,89
2018-04-25,60,27,33
2018-04-25,37,15,22
2018-04-25,26,7,19
2018-04-25,14,5,9
2018-04-25,6,3,3
2018-04-25,13,8,5
2018-04-26,15,9,6
2018-04-26,5,4,1
2018-04-26,1,1,0
2018-04-26,1,1,0
2018-04-26,0,0,0
2018-04-26,20,1,19
2018-04-26,48,6,42
2018-04-26,126,15,111
2018-04-26,182,18,164
2018-04-26,80,12,68
2018-04-26,30,10,20
2018-04-26,33,9,24
2018-04-26,34,8,26
2018-04-26,39,18,21
2018-04-26,56,24,32
2018-04-26,79,25,54
2018-04-26,93,27,66
2018-04-26,122,34,88
2018-04-26,66,26,40
2018-04-26,35,11,24
2018-04-26,37,13,24
2018-04-26,12,4,8
2018-04-26,25,17,8
2018-04-26,8,4,4
2018-04-27,11,9,2
2018-04-27,7,6,1
2018-04-27,1,0,1
2018-04-27,2,1,1
2018-04-27,7,4,3
2018-04-27,14,0,14
2018-04-27,28,0,28
2018-04-27,67,7,60
2018-04-27,124,11,113
2018-04-27,50,12,38
2018-04-27,30,10,20
2018-04-27,31,6,25
2018-04-27,38,19,19
2018-04-27,27,8,19
2018-04-27,39,13,26
2018-04-27,49,18,31
2018-04-27,70,23,47
2018-04-27,72,26,46
2018-04-27,50,13,37
2018-04-27,29,8,21
2018-04-27,18,8,10
2018-04-27,21,13,8
2018-04-27,10,7,3
2018-04-27,12,6,6
2018-04-28,6,4,2
2018-04-28,8,1,7
2018-04-28,1,0,1
2018-04-28,1,1,0
2018-04-28,0,0,0
2018-04-28,0,0,0
2018-04-28,3,2,1
2018-04-28,1,0,1
2018-04-28,2,0,2
2018-04-28,3,1,2
2018-04-28,7,1,6
2018-04-28,8,4,4
2018-04-28,9,6,3
2018-04-28,18,6,12
2018-04-28,21,9,12
2018-04-28,17,8,9
2018-04-28,16,5,11
2018-04-28,9,4,5
2018-04-28,6,2,4
2018-04-28,11,7,4
2018-04-28,10,3,7
2018-04-28,21,4,17
2018-04-28,4,2,2
2018-04-28,64,29,35
2018-04-29,5,2,3
2018-04-29,5,3,2
2018-04-29,1,1,0
2018-04-29,1,0,1
2018-04-29,0,0,0
2018-04-29,0,0,0
2018-04-29,4,1,3
2018-04-29,3,1,2
2018-04-29,10,4,6
2018-04-29,14,5,9
2018-04-29,21,14,7
2018-04-29,21,5,16
2018-04-29,21,10,11
2018-04-29,34,10,24
2018-04-29,29,10,19
2018-04-29,15,3,12
2018-04-29,30,17,13
2018-04-29,24,15,9
2018-04-29,34,13,21
2018-04-29,22,10,12
2018-04-29,18,7,11
2018-04-29,4,0,4
2018-04-29,4,1,3
2018-04-29,4,2,2
2018-04-30,2,1,1
2018-04-30,1,0,1
2018-04-30,0,0,0
2018-04-30,1,0,1
2018-04-30,2,0,2
2018-04-30,14,4,10
2018-04-30,28,2,26
2018-04-30,98,11,87
2018-04-30,127,16,111
2018-04-30,61,9,52
2018-04-30,21,4,17
2018-04-30,22,6,16
2018-04-30,27,14,13
2018-04-30,29,6,23
2018-04-30,33,9,24
2018-04-30,46,12,34
2018-04-30,94,29,65
2018-04-30,107,37,70
2018-04-30,55,26,29
2018-04-30,21,10,11
2018-04-30,13,3,10
2018-04-30,12,4,8
2018-04-30,12,2,10
2018-04-30,5,2,3
2018-05-01,4,1,3
2018-05-01,4,3,1
2018-05-01,1,0,1
2018-05-01,1,1,0
2018-05-01,3,2,1
2018-05-01,21,1,20
2018-05-01,46,7,39
2018-05-01,120,11,109
2018-05-01,176,21,155
2018-05-01,58,3,55
2018-05-01,33,8,25
2018-05-01,25,9,16
2018-05-01,32,10,22
2018-05-01,24,11,13
2018-05-01,40,13,27
2018-05-01,48,17,31
2018-05-01,80,26,54
2018-05-01,112,33,79
2018-05-01,93,32,61
2018-05-01,37,12,25
2018-05-01,42,19,23
2018-05-01,16,7,9
2018-05-01,12,9,3
2018-05-01,15,8,7
2018-05-02,5,2,3
2018-05-02,8,3,5
2018-05-02,1,1,0
2018-05-02,0,0,0
2018-05-02,1,0,1
2018-05-02,18,2,16
2018-05-02,42,4,38
2018-05-02,103,11,92
2018-05-02,193,20,173
2018-05-02,98,12,86
2018-05-02,38,12,26
2018-05-02,32,6,26
2018-05-02,29,7,22
2018-05-02,33,10,23
2018-05-02,33,11,22
2018-05-02,52,19,33
2018-05-02,81,23,58
2018-05-02,153,62,91
2018-05-02,80,24,56
2018-05-02,37,16,21
2018-05-02,31,10,21
2018-05-02,18,12,6
2018-05-02,14,8,6
2018-05-02,7,2,5
2018-05-03,10,6,4
2018-05-03,2,1,1
2018-05-03,2,0,2
2018-05-03,2,1,1
2018-05-03,3,1,2
2018-05-03,21,1,20
2018-05-03,35,7,28
2018-05-03,99,12,87
2018-05-03,180,20,160
2018-05-03,100,15,85
2018-05-03,42,6,36
2018-05-03,32,8,24
2018-05-03,36,5,31
2018-05-03,26,9,17
2018-05-03,46,13,33
2018-05-03,49,13,36
2018-05-03,103,23,80
2018-05-03,155,43,112
2018-05-03,93,36,57
2018-05-03,34,15,19
2018-05-03,35,17,18
2018-05-03,23,11,12
2018-05-03,14,5,9
2018-05-03,14,7,7
2018-05-04,3,1,2
2018-05-04,10,7,3
2018-05-04,1,1,0
2018-05-04,3,1,2
2018-05-04,1,0,1
2018-05-04,14,1,13
2018-05-04,27,4,23
2018-05-04,81,6,75
2018-05-04,144,19,125
2018-05-04,87,12,75
2018-05-04,25,4,21
2018-05-04,32,7,25
2018-05-04,31,12,19
2018-05-04,35,20,15
2018-05-04,37,11,26
2018-05-04,34,7,27
2018-05-04,82,23,59
2018-05-04,100,29,71
2018-05-04,66,33,33
2018-05-04,33,14,19
2018-05-04,28,10,18
2018-05-04,24,12,12
2018-05-04,21,16,5
2018-05-04,11,8,3
2018-05-05,18,10,8
2018-05-05,9,6,3
2018-05-05,5,3,2
2018-05-05,0,0,0
2018-05-05,0,0,0
2018-05-05,0,0,0
2018-05-05,5,2,3
2018-05-05,8,1,7
2018-05-05,32,4,28
2018-05-05,20,5,15
2018-05-05,38,15,23
2018-05-05,57,15,42
2018-05-05,74,18,56
2018-05-05,60,22,38
2018-05-05,37,10,27
2018-05-05,47,17,30
2018-05-05,43,16,27
2018-05-05,47,29,18
2018-05-05,53,20,33
2018-05-05,20,11,9
2018-05-05,11,3,8
2018-05-05,14,7,7
2018-05-05,6,2,4
2018-05-05,18,13,5
2018-05-06,6,4,2
2018-05-06,17,10,7
2018-05-06,5,5,0
2018-05-06,3,0,3
2018-05-06,2,2,0
2018-05-06,3,2,1
2018-05-06,4,0,4
2018-05-06,10,3,7
2018-05-06,19,5,14
2018-05-06,23,7,16
2018-05-06,22,7,15
2018-05-06,25,4,21
2018-05-06,41,3,38
2018-05-06,37,15,22
2018-05-06,46,14,32
2018-05-06,63,39,24
2018-05-06,33,18,15
2018-05-06,34,11,23
2018-05-06,43,14,29
2018-05-06,23,10,13
2018-05-06,16,8,8
2018-05-06,10,3,7
2018-05-06,14,10,4
2018-05-06,5,3,2
2018-05-07,5,4,1
2018-05-07,5,2,3
2018-05-07,1,1,0
2018-05-07,2,0,2
2018-05-07,0,0,0
2018-05-07,12,1,11
2018-05-07,36,2,34
2018-05-07,104,12,92
2018-05-07,189,25,164
2018-05-07,103,13,90
2018-05-07,25,3,22
2018-05-07,26,7,19
2018-05-07,25,8,17
2018-05-07,32,12,20
2018-05-07,29,8,21
2018-05-07,36,16,20
2018-05-07,84,24,60
2018-05-07,115,41,74
2018-05-07,77,26,51
2018-05-07,49,15,34
2018-05-07,25,11,14
2018-05-07,32,14,18
2018-05-07,8,5,3
2018-05-07,7,2,5
2018-05-08,4,0,4
2018-05-08,2,2,0
2018-05-08,5,3,2
2018-05-08,1,1,0
2018-05-08,1,1,0
2018-05-08,9,1,8
2018-05-08,47,5,42
2018-05-08,119,18,101
2018-05-08,201,17,184
2018-05-08,100,22,78
2018-05-08,33,8,25
2018-05-08,26,7,19
2018-05-08,34,10,24
2018-05-08,27,9,18
2018-05-08,31,8,23
2018-05-08,60,30,30
2018-05-08,101,26,75
2018-05-08,125,38,87
2018-05-08,78,23,55
2018-05-08,30,8,22
2018-05-08,40,17,23
2018-05-08,16,5,11
2018-05-08,14,11,3
2018-05-08,4,3,1
2018-05-09,8,2,6
2018-05-09,0,0,0
2018-05-09,0,0,0
2018-05-09,1,1,0
2018-05-09,3,1,2
2018-05-09,12,2,10
2018-05-09,27,5,22
2018-05-09,99,10,89
2018-05-09,148,16,132
2018-05-09,104,20,84
2018-05-09,41,3,38
2018-05-09,26,5,21
2018-05-09,25,7,18
2018-05-09,31,9,22
2018-05-09,29,7,22
2018-05-09,49,16,33
2018-05-09,77,16,61
2018-05-09,128,42,86
2018-05-09,76,30,46
2018-05-09,44,19,25
2018-05-09,24,13,11
2018-05-09,20,9,11
2018-05-09,15,6,9
2018-05-09,10,2,8
2018-05-10,9,4,5
2018-05-10,3,2,1
2018-05-10,7,6,1
2018-05-10,2,1,1
2018-05-10,7,2,5
2018-05-10,10,2,8
2018-05-10,24,7,17
2018-05-10,79,4,75
2018-05-10,130,15,115
2018-05-10,67,10,57
2018-05-10,26,3,23
2018-05-10,23,7,16
2018-05-10,29,13,16
2018-05-10,30,13,17
2018-05-10,33,15,18
2018-05-10,53,19,34
2018-05-10,92,31,61
2018-05-10,108,45,63
2018-05-10,70,27,43
2018-05-10,21,6,15
2018-05-10,26,10,16
2018-05-10,20,9,11
2018-05-10,8,4,4
2018-05-10,17,10,7
2018-05-11,2,1,1
2018-05-11,3,2,1
2018-05-11,1,1,0
2018-05-11,0,0,0
2018-05-11,0,0,0
2018-05-11,17,4,13
2018-05-11,34,5,29
2018-05-11,85,10,75
2018-05-11,153,19,134
2018-05-11,82,13,69
2018-05-11,34,9,25
2018-05-11,29,11,18
2018-05-11,34,7,27
2018-05-11,30,15,15
2018-05-11,73,31,42
2018-05-11,62,15,47
2018-05-11,100,27,73
2018-05-11,129,40,89
2018-05-11,50,12,38
2018-05-11,45,16,29
2018-05-11,28,15,13
2018-05-11,28,11,17
2018-05-11,16,11,5
2018-05-11,15,5,10
2018-05-12,18,12,6
2018-05-12,8,5,3
2018-05-12,6,4,2
2018-05-12,1,1,0
2018-05-12,1,1,0
2018-05-12,1,1,0
2018-05-12,4,0,4
2018-05-12,10,2,8
2018-05-12,21,4,17
2018-05-12,38,6,32
2018-05-12,43,11,32
2018-05-12,38,9,29
2018-05-12,37,19,18
2018-05-12,59,19,40
2018-05-12,41,14,27
2018-05-12,52,20,32
2018-05-12,45,17,28
2018-05-12,34,9,25
2018-05-12,43,18,25
2018-05-12,19,7,12
2018-05-12,27,9,18
2018-05-12,23,10,13
2018-05-12,26,9,17
2018-05-12,7,2,5
2018-05-13,12,6,6
2018-05-13,6,3,3
2018-05-13,10,1,9
2018-05-13,2,1,1
2018-05-13,1,0,1
2018-05-13,3,0,3
2018-05-13,6,2,4
2018-05-13,6,2,4
2018-05-13,7,1,6
2018-05-13,14,3,11
2018-05-13,27,4,23
2018-05-13,40,18,22
2018-05-13,41,12,29
2018-05-13,37,10,27
2018-05-13,25,12,13
2018-05-13,41,20,21
2018-05-13,47,24,23
2018-05-13,48,19,29
2018-05-13,33,10,23
2018-05-13,12,6,6
2018-05-13,23,10,13
2018-05-13,17,7,10
2018-05-13,7,5,2
2018-05-13,9,3,6
2018-05-14,59,34,25
2018-05-14,4,1,3
2018-05-14,3,2,1
2018-05-14,3,3,0
2018-05-14,2,0,2
2018-05-14,17,1,16
2018-05-14,46,5,41
2018-05-14,106,10,96
2018-05-14,231,23,208
2018-05-14,93,16,77
2018-05-14,34,2,32
2018-05-14,30,10,20
2018-05-14,39,7,32
2018-05-14,23,8,15
2018-05-14,52,21,31
2018-05-14,59,18,41
2018-05-14,85,24,61
2018-05-14,146,49,97
2018-05-14,94,31,63
2018-05-14,42,18,24
2018-05-14,35,12,23
2018-05-14,24,10,14
2018-05-14,5,1,4
2018-05-14,8,2,6
2018-05-15,5,3,2
2018-05-15,0,0,0
2018-05-15,3,2,1
2018-05-15,3,1,2
2018-05-15,6,3,3
2018-05-15,15,2,13
2018-05-15,41,6,35
2018-05-15,119,16,103
2018-05-15,184,23,161
2018-05-15,107,17,90
2018-05-15,36,8,28
2018-05-15,24,10,14
2018-05-15,32,9,23
2018-05-15,29,10,19
2018-05-15,35,10,25
2018-05-15,59,15,44
2018-05-15,101,31,70
2018-05-15,146,49,97
2018-05-15,99,39,60
2018-05-15,61,25,36
2018-05-15,43,18,25
2018-05-15,22,10,12
2018-05-15,16,5,11
2018-05-15,10,4,6
2018-05-16,7,2,5
2018-05-16,4,4,0
2018-05-16,3,2,1
2018-05-16,0,0,0
2018-05-16,0,0,0
2018-05-16,15,1,14
2018-05-16,44,8,36
2018-05-16,124,15,109
2018-05-16,196,28,168
2018-05-16,93,13,80
2018-05-16,35,7,28
2018-05-16,30,6,24
2018-05-16,30,11,19
2018-05-16,20,9,11
2018-05-16,38,14,24
2018-05-16,62,16,46
2018-05-16,98,31,67
2018-05-16,146,52,94
2018-05-16,82,32,50
2018-05-16,39,16,23
2018-05-16,37,15,22
2018-05-16,19,8,11
2018-05-16,15,7,8
2018-05-16,5,2,3
2018-05-17,6,1,5
2018-05-17,5,3,2
2018-05-17,2,2,0
2018-05-17,1,1,0
2018-05-17,3,2,1
2018-05-17,15,4,11
2018-05-17,43,9,34
2018-05-17,115,16,99
2018-05-17,166,17,149
2018-05-17,91,13,78
2018-05-17,40,7,33
2018-05-17,28,7,21
2018-05-17,28,6,22
2018-05-17,37,15,22
2018-05-17,35,10,25
2018-05-17,74,20,54
2018-05-17,109,31,78
2018-05-17,128,40,88
2018-05-17,69,27,42
2018-05-17,41,12,29
2018-05-17,30,12,18
2018-05-17,23,15,8
2018-05-17,17,10,7
2018-05-17,12,7,5
2018-05-18,7,5,2
2018-05-18,6,4,2
2018-05-18,6,4,2
2018-05-18,0,0,0
2018-05-18,2,0,2
2018-05-18,15,3,12
2018-05-18,50,9,41
2018-05-18,149,5,144
2018-05-18,258,36,222
2018-05-18,90,22,68
2018-05-18,41,11,30
2018-05-18,29,7,22
2018-05-18,42,12,30
2018-05-18,37,11,26
2018-05-18,39,13,26
2018-05-18,56,17,39
2018-05-18,115,41,74
2018-05-18,134,43,91
2018-05-18,100,24,76
2018-05-18,43,15,28
2018-05-18,27,14,13
2018-05-18,22,13,9
2018-05-18,36,18,18
2018-05-18,25,13,12
2018-05-19,8,3,5
2018-05-19,12,4,8
2018-05-19,5,5,0
2018-05-19,1,1,0
2018-05-19,2,1,1
2018-05-19,2,0,2
2018-05-19,5,1,4
2018-05-19,4,0,4
2018-05-19,18,5,13
2018-05-19,19,4,15
2018-05-19,29,8,21
2018-05-19,50,16,34
2018-05-19,36,18,18
2018-05-19,44,12,32
2018-05-19,51,12,39
2018-05-19,48,19,29
2018-05-19,61,24,37
2018-05-19,51,20,31
2018-05-19,24,8,16
2018-05-19,16,6,10
2018-05-19,7,5,2
2018-05-19,20,10,10
2018-05-19,12,2,10
2018-05-19,4,0,4
2018-05-20,9,5,4
2018-05-20,8,3,5
2018-05-20,9,3,6
2018-05-20,9,4,5
2018-05-20,0,0,0
2018-05-20,0,0,0
2018-05-20,5,0,5
2018-05-20,4,0,4
2018-05-20,15,4,11
2018-05-20,8,3,5
2018-05-20,24,8,16
2018-05-20,24,8,16
2018-05-20,31,6,25
2018-05-20,44,9,35
2018-05-20,36,6,30
2018-05-20,38,12,26
2018-05-20,43,19,24
2018-05-20,42,21,21
2018-05-20,18,8,10
2018-05-20,17,10,7
2018-05-20,20,10,10
2018-05-20,18,10,8
2018-05-20,11,2,9
2018-05-20,11,7,4
2018-05-21,6,6,0
2018-05-21,7,3,4
2018-05-21,4,0,4
2018-05-21,4,3,1
2018-05-21,0,0,0
2018-05-21,15,2,13
2018-05-21,43,6,37
2018-05-21,92,7,85
2018-05-21,196,25,171
2018-05-21,91,17,74
2018-05-21,37,12,25
2018-05-21,27,10,17
2018-05-21,34,9,25
2018-05-21,28,15,13
2018-05-21,39,14,25
2018-05-21,55,17,38
2018-05-21,87,30,57
2018-05-21,158,58,100
2018-05-21,96,42,54
2018-05-21,42,22,20
2018-05-21,38,12,26
2018-05-21,33,11,22
2018-05-21,32,17,15
2018-05-21,7,2,5
2018-05-22,6,3,3
2018-05-22,4,3,1
2018-05-22,4,0,4
2018-05-22,3,3,0
2018-05-22,2,1,1
2018-05-22,14,2,12
2018-05-22,48,6,42
2018-05-22,140,21,119
2018-05-22,199,23,176
2018-05-22,107,20,87
2018-05-22,54,8,46
2018-05-22,36,8,28
2018-05-22,38,12,26
2018-05-22,31,12,19
2018-05-22,41,18,23
2018-05-22,68,20,48
2018-05-22,87,26,61
2018-05-22,159,54,105
2018-05-22,106,47,59
2018-05-22,44,19,25
2018-05-22,32,12,20
2018-05-22,24,13,11
2018-05-22,26,9,17
2018-05-22,28,24,4
2018-05-23,11,4,7
2018-05-23,3,2,1
2018-05-23,3,1,2
2018-05-23,0,0,0
2018-05-23,6,1,5
2018-05-23,21,2,19
2018-05-23,40,5,35
2018-05-23,123,17,106
2018-05-23,202,22,180
2018-05-23,102,14,88
2018-05-23,42,10,32
2018-05-23,22,6,16
2018-05-23,27,9,18
2018-05-23,50,20,30
2018-05-23,45,14,31
2018-05-23,70,25,45
2018-05-23,88,36,52
2018-05-23,166,52,114
2018-05-23,85,33,52
2018-05-23,35,18,17
2018-05-23,30,13,17
2018-05-23,29,12,17
2018-05-23,17,7,10
2018-05-23,16,9,7
2018-05-24,6,3,3
2018-05-24,6,3,3
2018-05-24,5,3,2
2018-05-24,3,1,2
2018-05-24,5,3,2
2018-05-24,20,2,18
2018-05-24,39,5,34
2018-05-24,104,11,93
2018-05-24,175,21,154
2018-05-24,66,11,55
2018-05-24,34,9,25
2018-05-24,41,12,29
2018-05-24,24,9,15
2018-05-24,28,10,18
2018-05-24,34,12,22
2018-05-24,64,19,45
2018-05-24,96,32,64
2018-05-24,141,45,96
2018-05-24,82,19,63
2018-05-24,45,20,25
2018-05-24,2,0,2
2018-05-24,0,0,0
2018-05-24,0,0,0
2018-05-24,0,0,0
2018-05-25,12,9,3
2018-05-25,5,2,3
2018-05-25,3,1,2
2018-05-25,0,0,0
2018-05-25,4,2,2
2018-05-25,11,2,9
2018-05-25,22,3,19
2018-05-25,92,6,86
2018-05-25,139,22,117
2018-05-25,75,17,58
2018-05-25,46,10,36
2018-05-25,33,6,27
2018-05-25,43,11,32
2018-05-25,44,15,29
2018-05-25,52,19,33
2018-05-25,65,17,48
2018-05-25,89,33,56
2018-05-25,97,29,68
2018-05-25,74,27,47
2018-05-25,29,13,16
2018-05-25,20,3,17
2018-05-25,31,9,22
2018-05-25,18,8,10
2018-05-25,21,16,5
2018-05-26,11,5,6
2018-05-26,9,8,1
2018-05-26,11,6,5
2018-05-26,1,0,1
2018-05-26,0,0,0
2018-05-26,5,3,2
2018-05-26,3,0,3
2018-05-26,12,4,8
2018-05-26,15,3,12
2018-05-26,16,4,12
2018-05-26,40,11,29
2018-05-26,41,11,30
2018-05-26,39,8,31
2018-05-26,74,12,62
2018-05-26,41,16,25
2018-05-26,64,21,43
2018-05-26,51,38,13
2018-05-26,52,14,38
2018-05-26,50,17,33
2018-05-26,31,7,24
2018-05-26,23,5,18
2018-05-26,37,11,26
2018-05-26,17,4,13
2018-05-26,7,5,2
2018-05-27,9,5,4
2018-05-27,9,5,4
2018-05-27,4,1,3
2018-05-27,0,0,0
2018-05-27,0,0,0
2018-05-27,2,0,2
2018-05-27,5,1,4
2018-05-27,9,0,9
2018-05-27,17,5,12
2018-05-27,26,5,21
2018-05-27,33,15,18
2018-05-27,37,14,23
2018-05-27,41,9,32
2018-05-27,42,17,25
2018-05-27,63,21,42
2018-05-27,52,17,35
2018-05-27,52,22,30
2018-05-27,49,15,34
2018-05-27,48,24,24
2018-05-27,28,10,18
2018-05-27,29,7,22
2018-05-27,18,6,12
2018-05-27,22,11,11
2018-05-27,10,3,7
2018-05-28,9,5,4
2018-05-28,9,7,2
2018-05-28,1,1,0
2018-05-28,1,0,1
2018-05-28,0,0,0
2018-05-28,1,0,1
2018-05-28,8,1,7
2018-05-28,3,1,2
2018-05-28,23,5,18
2018-05-28,24,7,17
2018-05-28,17,8,9
2018-05-28,37,15,22
2018-05-28,40,10,30
2018-05-28,42,17,25
2018-05-28,67,26,41
2018-05-28,62,23,39
2018-05-28,71,30,41
2018-05-28,71,26,45
2018-05-28,38,12,26
2018-05-28,33,3,30
2018-05-28,33,15,18
2018-05-28,29,8,21
2018-05-28,9,6,3
2018-05-28,6,6,0
2018-05-29,5,3,2
2018-05-29,1,1,0
2018-05-29,9,6,3
2018-05-29,0,0,0
2018-05-29,5,2,3
2018-05-29,16,2,14
2018-05-29,38,7,31
2018-05-29,114,15,99
2018-05-29,150,18,132
2018-05-29,73,16,57
2018-05-29,41,10,31
2018-05-29,22,8,14
2018-05-29,31,10,21
2018-05-29,26,10,16
2018-05-29,41,20,21
2018-05-29,48,17,31
2018-05-29,81,22,59
2018-05-29,117,35,82
2018-05-29,68,22,46
2018-05-29,34,13,21
2018-05-29,30,16,14
2018-05-29,17,9,8
2018-05-29,7,5,2
2018-05-29,8,4,4
2018-05-30,3,0,3
2018-05-30,2,0,2
2018-05-30,2,1,1
2018-05-30,0,0,0
2018-05-30,5,1,4
2018-05-30,14,2,12
2018-05-30,43,12,31
2018-05-30,121,19,102
2018-05-30,162,19,143
2018-05-30,98,25,73
2018-05-30,39,10,29
2018-05-30,27,10,17
2018-05-30,29,10,19
2018-05-30,34,14,20
2018-05-30,38,10,28
2018-05-30,53,12,41
2018-05-30,85,22,63
2018-05-30,149,42,107
2018-05-30,76,26,50
2018-05-30,34,12,22
2018-05-30,21,6,15
2018-05-30,13,7,6
2018-05-30,14,8,6
2018-05-30,13,7,6
2018-05-31,2,0,2
2018-05-31,5,2,3
2018-05-31,1,1,0
2018-05-31,4,3,1
2018-05-31,2,0,2
2018-05-31,20,3,17
2018-05-31,42,11,31
2018-05-31,101,15,86
2018-05-31,157,22,135
2018-05-31,99,16,83
2018-05-31,36,11,25
2018-05-31,51,20,31
2018-05-31,31,10,21
2018-05-31,25,9,16
2018-05-31,38,14,24
2018-05-31,67,29,38
2018-05-31,94,30,64
2018-05-31,130,39,91
2018-05-31,82,34,48
2018-05-31,37,11,26
2018-05-31,27,8,19
2018-05-31,15,6,9
2018-05-31,10,5,5
2018-05-31,8,3,5
2018-06-01,12,8,4
2018-06-01,3,3,0
2018-06-01,2,0,2
2018-06-01,1,0,1
2018-06-01,4,3,1
2018-06-01,13,3,10
2018-06-01,22,6,16
2018-06-01,81,14,67
2018-06-01,128,14,114
2018-06-01,73,11,62
2018-06-01,32,9,23
2018-06-01,32,8,24
2018-06-01,25,3,22
2018-06-01,40,13,27
2018-06-01,49,15,34
2018-06-01,49,18,31
2018-06-01,103,29,74
2018-06-01,105,29,76
2018-06-01,86,31,55
2018-06-01,44,13,31
2018-06-01,22,8,14
2018-06-01,35,16,19
2018-06-01,19,7,12
2018-06-01,15,12,3
2018-06-02,14,9,5
2018-06-02,10,7,3
2018-06-02,6,5,1
2018-06-02,1,0,1
2018-06-02,2,1,1
2018-06-02,5,0,5
2018-06-02,4,0,4
2018-06-02,8,3,5
2018-06-02,30,5,25
2018-06-02,31,10,21
2018-06-02,45,13,32
2018-06-02,44,19,25
2018-06-02,47,11,36
2018-06-02,45,15,30
2018-06-02,47,14,33
2018-06-02,56,24,32
2018-06-02,46,14,32
2018-06-02,39,16,23
2018-06-02,63,16,47
2018-06-02,43,15,28
2018-06-02,22,13,9
2018-06-02,12,8,4
2018-06-02,13,9,4
2018-06-02,18,7,11
2018-06-03,13,7,6
2018-06-03,8,6,2
2018-06-03,2,0,2
2018-06-03,4,2,2
2018-06-03,3,0,3
2018-06-03,3,2,1
2018-06-03,4,0,4
2018-06-03,5,1,4
2018-06-03,11,2,9
2018-06-03,12,2,10
2018-06-03,30,9,21
2018-06-03,31,11,20
2018-06-03,37,10,27
2018-06-03,30,8,22
2018-06-03,19,7,12
2018-06-03,17,8,9
2018-06-03,23,13,10
2018-06-03,24,7,17
2018-06-03,11,9,2
2018-06-03,13,3,10
2018-06-03,8,3,5
2018-06-03,9,1,8
2018-06-03,7,2,5
2018-06-03,6,5,1
2018-06-04,5,0,5
2018-06-04,7,6,1
2018-06-04,2,2,0
2018-06-04,1,0,1
2018-06-04,2,0,2
2018-06-04,11,2,9
2018-06-04,36,5,31
2018-06-04,83,11,72
2018-06-04,132,20,112
2018-06-04,68,10,58
2018-06-04,27,5,22
2018-06-04,12,4,8
2018-06-04,25,7,18
2018-06-04,27,10,17
2018-06-04,30,10,20
2018-06-04,43,12,31
2018-06-04,43,14,29
2018-06-04,2,0,2
2018-06-04,0,0,0
2018-06-04,1,0,1
2018-06-04,1,0,1
2018-06-04,2,0,2
2018-06-04,0,0,0
2018-06-04,0,0,0
2018-06-05,1,0,1
2018-06-05,2,0,2
2018-06-05,0,0,0
2018-06-05,0,0,0
2018-06-05,0,0,0
2018-06-05,0,0,0
2018-06-05,0,0,0
2018-06-05,0,0,0
2018-06-05,3,1,2
2018-06-05,4,0,4
2018-06-05,0,0,0
2018-06-05,0,0,0
2018-06-05,1,0,1
2018-06-05,2,0,2
2018-06-05,1,0,1
2018-06-05,3,0,3
2018-06-05,7,1,6
2018-06-05,11,2,9
2018-06-05,7,0,7
2018-06-05,5,0,5
2018-06-05,0,0,0
2018-06-05,1,0,1
2018-06-05,2,0,2
2018-06-05,4,3,1
2018-06-06,1,0,1
2018-06-06,0,0,0
2018-06-06,0,0,0
2018-06-06,0,0,0
2018-06-06,0,0,0
2018-06-06,0,0,0
2018-06-06,1,0,1
2018-06-06,14,0,14
2018-06-06,16,2,14
2018-06-06,13,1,12
2018-06-06,1,0,1
2018-06-06,4,0,4
2018-06-06,1,0,1
2018-06-06,1,0,1
2018-06-06,1,0,1
2018-06-06,24,12,12
2018-06-06,78,33,45
2018-06-06,135,48,87
2018-06-06,95,38,57
2018-06-06,43,23,20
2018-06-06,34,15,19
2018-06-06,37,18,19
2018-06-06,18,8,10
2018-06-06,10,3,7
2018-06-07,5,3,2
2018-06-07,2,2,0
2018-06-07,1,0,1
2018-06-07,5,3,2
2018-06-07,4,0,4
2018-06-07,17,5,12
2018-06-07,34,10,24
2018-06-07,99,11,88
2018-06-07,139,16,123
2018-06-07,96,20,76
2018-06-07,39,9,30
2018-06-07,33,14,19
2018-06-07,29,10,19
2018-06-07,32,9,23
2018-06-07,38,12,26
2018-06-07,52,17,35
2018-06-07,81,26,55
2018-06-07,125,43,82
2018-06-07,99,38,61
2018-06-07,37,12,25
2018-06-07,48,23,25
2018-06-07,15,6,9
2018-06-07,18,10,8
2018-06-07,10,4,6
2018-06-08,4,2,2
2018-06-08,3,2,1
2018-06-08,4,0,4
2018-06-08,0,0,0
2018-06-08,3,1,2
2018-06-08,10,2,8
2018-06-08,32,3,29
2018-06-08,52,8,44
2018-06-08,90,12,78
2018-06-08,64,12,52
2018-06-08,35,8,27
2018-06-08,25,9,16
2018-06-08,18,4,14
2018-06-08,23,13,10
2018-06-08,23,4,19
2018-06-08,32,10,22
2018-06-08,62,14,48
2018-06-08,65,14,51
2018-06-08,45,17,28
2018-06-08,16,10,6
2018-06-08,17,9,8
2018-06-08,15,8,7
2018-06-08,4,3,1
2018-06-08,8,3,5
2018-06-09,10,3,7
2018-06-09,0,0,0
2018-06-09,3,2,1
2018-06-09,2,0,2
2018-06-09,0,0,0
2018-06-09,4,1,3
2018-06-09,2,0,2
2018-06-09,5,1,4
2018-06-09,11,2,9
2018-06-09,30,9,21
2018-06-09,16,5,11
2018-06-09,34,12,22
2018-06-09,29,10,19
2018-06-09,29,13,16
2018-06-09,41,14,27
2018-06-09,29,10,19
2018-06-09,16,6,10
2018-06-09,32,6,26
2018-06-09,40,11,29
2018-06-09,12,6,6
2018-06-09,12,8,4
2018-06-09,23,8,15
2018-06-09,11,7,4
2018-06-09,11,5,6
2018-06-10,7,4,3
2018-06-10,8,3,5
2018-06-10,2,1,1
2018-06-10,0,0,0
2018-06-10,0,0,0
2018-06-10,3,3,0
2018-06-10,5,2,3
2018-06-10,3,3,0
2018-06-10,10,4,6
2018-06-10,20,3,17
2018-06-10,21,5,16
2018-06-10,24,7,17
2018-06-10,17,8,9
2018-06-10,34,6,28
2018-06-10,35,13,22
2018-06-10,30,7,23
2018-06-10,20,14,6
2018-06-10,18,11,7
2018-06-10,12,7,5
2018-06-10,14,8,6
2018-06-10,8,6,2
2018-06-10,12,6,6
2018-06-10,13,6,7
2018-06-10,5,4,1
2018-06-11,3,1,2
2018-06-11,1,0,1
2018-06-11,1,0,1
2018-06-11,2,2,0
2018-06-11,2,0,2
2018-06-11,11,2,9
2018-06-11,39,6,33
2018-06-11,91,8,83
2018-06-11,171,21,150
2018-06-11,96,9,87
2018-06-11,39,11,28
2018-06-11,18,5,13
2018-06-11,35,7,28
2018-06-11,31,6,25
2018-06-11,32,13,19
2018-06-11,53,19,34
2018-06-11,80,21,59
2018-06-11,129,39,90
2018-06-11,84,27,57
2018-06-11,41,20,21
2018-06-11,28,8,20
2018-06-11,19,7,12
2018-06-11,16,10,6
2018-06-11,8,6,2
2018-06-12,6,4,2
2018-06-12,10,5,5
2018-06-12,2,1,1
2018-06-12,2,2,0
2018-06-12,2,1,1
2018-06-12,20,4,16
2018-06-12,52,8,44
2018-06-12,112,19,93
2018-06-12,185,23,162
2018-06-12,98,17,81
2018-06-12,32,11,21
2018-06-12,28,10,18
2018-06-12,33,9,24
2018-06-12,33,11,22
2018-06-12,38,8,30
2018-06-12,59,11,48
2018-06-12,89,27,62
2018-06-12,136,46,90
2018-06-12,78,25,53
2018-06-12,48,15,33
2018-06-12,30,15,15
2018-06-12,22,7,15
2018-06-12,18,14,4
2018-06-12,10,5,5
2018-06-13,8,6,2
2018-06-13,2,1,1
2018-06-13,2,1,1
2018-06-13,5,3,2
2018-06-13,0,0,0
2018-06-13,11,2,9
2018-06-13,20,6,14
2018-06-13,37,5,32
2018-06-13,86,13,73
2018-06-13,65,10,55
2018-06-13,35,6,29
2018-06-13,21,4,17
2018-06-13,28,7,21
2018-06-13,26,13,13
2018-06-13,30,13,17
2018-06-13,36,12,24
2018-06-13,63,22,41
2018-06-13,81,25,56
2018-06-13,58,17,41
2018-06-13,31,17,14
2018-06-13,23,10,13
2018-06-13,22,9,13
2018-06-13,7,4,3
2018-06-13,11,5,6
2018-06-14,10,6,4
2018-06-14,5,4,1
2018-06-14,0,0,0
2018-06-14,2,1,1
2018-06-14,3,0,3
2018-06-14,11,2,9
2018-06-14,30,6,24
2018-06-14,76,8,68
2018-06-14,151,18,133
2018-06-14,91,14,77
2018-06-14,37,7,30
2018-06-14,36,7,29
2018-06-14,32,10,22
2018-06-14,26,14,12
2018-06-14,30,8,22
2018-06-14,49,17,32
2018-06-14,87,22,65
2018-06-14,123,27,96
2018-06-14,61,12,49
2018-06-14,7,1,6
2018-06-14,3,2,1
2018-06-14,7,1,6
2018-06-14,13,7,6
2018-06-14,7,2,5
2018-06-15,3,1,2
2018-06-15,1,1,0
2018-06-15,0,0,0
2018-06-15,1,0,1
2018-06-15,0,0,0
2018-06-15,2,0,2
2018-06-15,1,0,1
2018-06-15,10,2,8
2018-06-15,8,1,7
2018-06-15,15,2,13
2018-06-15,11,0,11
2018-06-15,26,0,26
2018-06-15,14,3,11
2018-06-15,25,3,22
2018-06-15,42,1,41
2018-06-15,42,3,39
2018-06-15,65,0,65
2018-06-15,91,2,89
2018-06-15,38,3,35
2018-06-15,15,3,12
2018-06-15,12,7,5
2018-06-15,21,4,17
2018-06-15,24,12,12
2018-06-15,20,13,7
2018-06-16,9,6,3
2018-06-16,12,7,5
2018-06-16,4,2,2
2018-06-16,2,1,1
2018-06-16,1,0,1
2018-06-16,0,0,0
2018-06-16,4,0,4
2018-06-16,14,3,11
2018-06-16,27,11,16
2018-06-16,28,10,18
2018-06-16,31,11,20
2018-06-16,42,17,25
2018-06-16,44,22,22
2018-06-16,32,14,18
2018-06-16,46,15,31
2018-06-16,52,9,43
2018-06-16,55,13,42
2018-06-16,30,12,18
2018-06-16,30,5,25
2018-06-16,30,8,22
2018-06-16,29,14,15
2018-06-16,19,3,16
2018-06-16,20,7,13
2018-06-16,13,8,5
2018-06-17,12,6,6
2018-06-17,10,8,2
2018-06-17,5,4,1
2018-06-17,3,2,1
2018-06-17,2,1,1
2018-06-17,1,0,1
2018-06-17,3,2,1
2018-06-17,9,2,7
2018-06-17,13,6,7
2018-06-17,24,8,16
2018-06-17,25,6,19
2018-06-17,26,9,17
2018-06-17,41,14,27
2018-06-17,23,12,11
2018-06-17,45,17,28
2018-06-17,50,15,35
2018-06-17,20,10,10
2018-06-17,28,12,16
2018-06-17,20,8,12
2018-06-17,25,9,16
2018-06-17,26,6,20
2018-06-17,24,14,10
2018-06-17,16,9,7
2018-06-17,11,4,7
2018-06-18,5,4,1
2018-06-18,0,0,0
2018-06-18,2,0,2
2018-06-18,1,1,0
2018-06-18,2,0,2
2018-06-18,14,2,12
2018-06-18,43,1,42
2018-06-18,94,7,87
2018-06-18,164,5,159
2018-06-18,101,12,89
2018-06-18,24,3,21
2018-06-18,23,0,23
2018-06-18,18,3,15
2018-06-18,23,0,23
2018-06-18,25,0,25
2018-06-18,31,0,31
2018-06-18,57,0,57
2018-06-18,92,10,82
2018-06-18,48,3,45
2018-06-18,23,1,22
2018-06-18,18,0,18
2018-06-18,14,3,11
2018-06-18,6,0,6
2018-06-18,5,1,4
2018-06-19,2,1,1
2018-06-19,3,1,2
2018-06-19,1,0,1
2018-06-19,1,0,1
2018-06-19,2,0,2
2018-06-19,10,1,9
2018-06-19,37,0,37
2018-06-19,86,0,86
2018-06-19,153,3,150
2018-06-19,73,1,72
2018-06-19,33,0,33
2018-06-19,15,0,15
2018-06-19,11,0,11
2018-06-19,23,0,23
2018-06-19,36,5,31
2018-06-19,35,1,34
2018-06-19,67,1,66
2018-06-19,76,1,75
2018-06-19,80,30,50
2018-06-19,57,28,29
2018-06-19,29,13,16
2018-06-19,36,7,29
2018-06-19,19,4,15
2018-06-19,18,9,9
2018-06-20,7,2,5
2018-06-20,4,2,2
2018-06-20,4,1,3
2018-06-20,2,1,1
2018-06-20,1,0,1
2018-06-20,8,2,6
2018-06-20,46,10,36
2018-06-20,124,16,108
2018-06-20,169,23,146
2018-06-20,114,12,102
2018-06-20,38,7,31
2018-06-20,28,7,21
2018-06-20,38,12,26
2018-06-20,39,17,22
2018-06-20,38,11,27
2018-06-20,55,21,34
2018-06-20,108,36,72
2018-06-20,144,48,96
2018-06-20,93,38,55
2018-06-20,60,27,33
2018-06-20,43,21,22
2018-06-20,31,12,19
2018-06-20,7,4,3
2018-06-20,13,6,7
2018-06-21,9,6,3
2018-06-21,7,4,3
2018-06-21,2,0,2
2018-06-21,3,1,2
2018-06-21,1,0,1
2018-06-21,16,2,14
2018-06-21,46,5,41
2018-06-21,91,14,77
2018-06-21,164,19,145
2018-06-21,111,14,97
2018-06-21,51,13,38
2018-06-21,28,9,19
2018-06-21,30,12,18
2018-06-21,33,12,21
2018-06-21,37,12,25
2018-06-21,63,15,48
2018-06-21,99,28,71
2018-06-21,153,48,105
2018-06-21,92,46,46
2018-06-21,47,17,30
2018-06-21,33,14,19
2018-06-21,37,22,15
2018-06-21,23,14,9
2018-06-21,13,9,4
2018-06-22,9,8,1
2018-06-22,4,3,1
2018-06-22,4,2,2
2018-06-22,6,3,3
2018-06-22,3,1,2
2018-06-22,14,4,10
2018-06-22,35,5,30
2018-06-22,63,12,51
2018-06-22,139,14,125
2018-06-22,81,10,71
2018-06-22,40,12,28
2018-06-22,37,12,25
2018-06-22,29,12,17
2018-06-22,33,10,23
2018-06-22,39,14,25
2018-06-22,62,24,38
2018-06-22,89,18,71
2018-06-22,96,33,63
2018-06-22,79,33,46
2018-06-22,60,29,31
2018-06-22,34,18,16
2018-06-22,30,14,16
2018-06-22,19,7,12
2018-06-22,11,9,2
2018-06-23,4,2,2
2018-06-23,6,2,4
2018-06-23,7,4,3
2018-06-23,3,2,1
2018-06-23,3,1,2
2018-06-23,1,0,1
2018-06-23,2,0,2
2018-06-23,7,0,7
2018-06-23,35,11,24
2018-06-23,30,7,23
2018-06-23,20,9,11
2018-06-23,38,16,22
2018-06-23,35,17,18
2018-06-23,37,15,22
2018-06-23,41,12,29
2018-06-23,26,12,14
2018-06-23,55,17,38
2018-06-23,57,25,32
2018-06-23,72,20,52
2018-06-23,36,18,18
2018-06-23,25,7,18
2018-06-23,48,35,13
2018-06-23,33,14,19
2018-06-23,17,7,10
2018-06-24,8,6,2
2018-06-24,5,3,2
2018-06-24,6,2,4
2018-06-24,3,3,0
2018-06-24,4,2,2
2018-06-24,2,1,1
2018-06-24,3,0,3
2018-06-24,8,3,5
2018-06-24,15,2,13
2018-06-24,23,1,22
2018-06-24,26,8,18
2018-06-24,38,17,21
2018-06-24,33,11,22
2018-06-24,48,24,24
2018-06-24,63,33,30
2018-06-24,71,30,41
2018-06-24,64,25,39
2018-06-24,53,21,32
2018-06-24,42,18,24
2018-06-24,23,7,16
2018-06-24,16,7,9
2018-06-24,26,4,22
2018-06-24,12,7,5
2018-06-24,8,6,2
2018-06-25,5,2,3
2018-06-25,4,3,1
2018-06-25,1,0,1
2018-06-25,1,1,0
2018-06-25,3,3,0
2018-06-25,11,2,9
2018-06-25,28,5,23
2018-06-25,63,10,53
2018-06-25,118,13,105
2018-06-25,95,20,75
2018-06-25,31,6,25
2018-06-25,20,4,16
2018-06-25,24,7,17
2018-06-25,19,9,10
2018-06-25,24,5,19
2018-06-25,31,13,18
2018-06-25,88,26,62
2018-06-25,101,35,66
2018-06-25,69,25,44
2018-06-25,46,23,23
2018-06-25,27,8,19
2018-06-25,14,1,13
2018-06-25,12,6,6
2018-06-25,15,9,6
2018-06-26,5,3,2
2018-06-26,7,4,3
2018-06-26,1,1,0
2018-06-26,2,1,1
2018-06-26,3,0,3
2018-06-26,15,3,12
2018-06-26,38,6,32
2018-06-26,85,8,77
2018-06-26,151,16,135
2018-06-26,77,12,65
2018-06-26,34,8,26
2018-06-26,27,4,23
2018-06-26,35,9,26
2018-06-26,31,9,22
2018-06-26,43,9,34
2018-06-26,60,20,40
2018-06-26,78,18,60
2018-06-26,120,39,81
2018-06-26,75,37,38
2018-06-26,51,18,33
2018-06-26,31,8,23
2018-06-26,14,6,8
2018-06-26,20,7,13
2018-06-26,11,5,6
2018-06-27,10,5,5
2018-06-27,3,2,1
2018-06-27,1,0,1
2018-06-27,0,0,0
2018-06-27,3,1,2
2018-06-27,15,0,15
2018-06-27,41,6,35
2018-06-27,105,18,87
2018-06-27,174,16,158
2018-06-27,98,12,86
2018-06-27,45,8,37
2018-06-27,35,9,26
2018-06-27,28,7,21
2018-06-27,44,19,25
2018-06-27,37,12,25
2018-06-27,50,16,34
2018-06-27,77,24,53
2018-06-27,148,50,98
2018-06-27,88,39,49
2018-06-27,44,22,22
2018-06-27,27,8,19
2018-06-27,23,12,11
2018-06-27,10,6,4
2018-06-27,7,2,5
2018-06-28,9,6,3
2018-06-28,3,2,1
2018-06-28,3,1,2
2018-06-28,4,3,1
2018-06-28,1,0,1
2018-06-28,11,1,10
2018-06-28,40,4,36
2018-06-28,82,9,73
2018-06-28,164,27,137
2018-06-28,90,15,75
2018-06-28,35,10,25
2018-06-28,30,11,19
2018-06-28,35,13,22
2018-06-28,46,17,29
2018-06-28,43,16,27
2018-06-28,51,20,31
2018-06-28,84,30,54
2018-06-28,141,46,95
2018-06-28,109,34,75
2018-06-28,47,18,29
2018-06-28,31,10,21
2018-06-28,31,16,15
2018-06-28,11,4,7
2018-06-28,18,6,12
2018-06-29,10,5,5
2018-06-29,13,5,8
2018-06-29,5,2,3
2018-06-29,2,0,2
2018-06-29,1,0,1
2018-06-29,11,0,11
2018-06-29,29,7,22
2018-06-29,70,8,62
2018-06-29,131,21,110
2018-06-29,68,12,56
2018-06-29,30,8,22
2018-06-29,33,8,25
2018-06-29,19,8,11
2018-06-29,40,16,24
2018-06-29,46,17,29
2018-06-29,50,13,37
2018-06-29,90,25,65
2018-06-29,103,30,73
2018-06-29,84,28,56
2018-06-29,43,23,20
2018-06-29,29,12,17
2018-06-29,16,8,8
2018-06-29,25,12,13
2018-06-29,21,10,11
2018-06-30,28,8,20
2018-06-30,9,8,1
2018-06-30,3,3,0
2018-06-30,2,1,1
2018-06-30,4,0,4
2018-06-30,1,1,0
2018-06-30,5,0,5
2018-06-30,4,0,4
2018-06-30,22,5,17
2018-06-30,22,7,15
2018-06-30,30,2,28
2018-06-30,37,11,26
2018-06-30,62,17,45
2018-06-30,46,11,35
2018-06-30,48,11,37
2018-06-30,49,24,25
2018-06-30,57,29,28
2018-06-30,37,26,11
2018-06-30,32,14,18
2018-06-30,40,14,26
2018-06-30,26,14,12
2018-06-30,14,5,9
2018-06-30,23,16,7
2018-06-30,13,5,8
2018-07-01,8,6,2
2018-07-01,6,6,0
2018-07-01,4,1,3
2018-07-01,6,6,0
2018-07-01,6,3,3
2018-07-01,0,0,0
2018-07-01,6,1,5
2018-07-01,6,1,5
2018-07-01,20,2,18
2018-07-01,10,1,9
2018-07-01,18,6,12
2018-07-01,26,10,16
2018-07-01,36,15,21
2018-07-01,21,6,15
2018-07-01,34,13,21
2018-07-01,53,27,26
2018-07-01,58,25,33
2018-07-01,30,15,15
2018-07-01,25,10,15
2018-07-01,25,7,18
2018-07-01,21,9,12
2018-07-01,15,7,8
2018-07-01,12,5,7
2018-07-01,14,5,9
2018-07-02,10,5,5
2018-07-02,3,2,1
2018-07-02,2,0,2
2018-07-02,0,0,0
2018-07-02,2,1,1
2018-07-02,9,2,7
2018-07-02,29,2,27
2018-07-02,71,9,62
2018-07-02,160,22,138
2018-07-02,90,12,78
2018-07-02,46,7,39
2018-07-02,26,8,18
2018-07-02,21,9,12
2018-07-02,39,17,22
2018-07-02,36,10,26
2018-07-02,64,20,44
2018-07-02,97,42,55
2018-07-02,122,41,81
2018-07-02,75,35,40
2018-07-02,48,20,28
2018-07-02,34,8,26
2018-07-02,19,12,7
2018-07-02,22,15,7
2018-07-02,7,4,3
2018-07-03,3,2,1
2018-07-03,1,0,1
2018-07-03,4,2,2
2018-07-03,1,0,1
2018-07-03,2,0,2
2018-07-03,12,0,12
2018-07-03,54,10,44
2018-07-03,89,13,76
2018-07-03,143,22,121
2018-07-03,96,26,70
2018-07-03,46,13,33
2018-07-03,34,7,27
2018-07-03,44,15,29
2018-07-03,36,20,16
2018-07-03,48,12,36
2018-07-03,55,19,36
2018-07-03,92,32,60
2018-07-03,150,53,97
2018-07-03,75,19,56
2018-07-03,49,15,34
2018-07-03,36,21,15
2018-07-03,24,13,11
2018-07-03,31,18,13
2018-07-03,14,6,8
2018-07-04,16,10,6
2018-07-04,11,8,3
2018-07-04,1,1,0
2018-07-04,4,1,3
2018-07-04,1,1,0
2018-07-04,0,0,0
2018-07-04,5,0,5
2018-07-04,17,3,14
2018-07-04,11,4,7
2018-07-04,30,3,27
2018-07-04,33,9,24
2018-07-04,48,11,37
2018-07-04,41,12,29
2018-07-04,78,20,58
2018-07-04,44,20,24
2018-07-04,40,9,31
2018-07-04,40,25,15
2018-07-04,54,29,25
2018-07-04,33,19,14
2018-07-04,26,15,11
2018-07-04,41,26,15
2018-07-04,27,13,14
2018-07-04,9,4,5
2018-07-04,31,4,27
2018-07-05,18,8,10
2018-07-05,10,9,1
2018-07-05,2,1,1
2018-07-05,0,0,0
2018-07-05,6,1,5
2018-07-05,10,1,9
2018-07-05,28,4,24
2018-07-05,73,14,59
2018-07-05,113,21,92
2018-07-05,72,11,61
2018-07-05,48,10,38
2018-07-05,38,16,22
2018-07-05,38,17,21
2018-07-05,55,28,27
2018-07-05,44,14,30
2018-07-05,57,27,30
2018-07-05,78,24,54
2018-07-05,122,32,90
2018-07-05,84,35,49
2018-07-05,32,13,19
2018-07-05,44,17,27
2018-07-05,31,19,12
2018-07-05,17,9,8
2018-07-05,11,7,4
2018-07-06,11,4,7
2018-07-06,5,5,0
2018-07-06,2,2,0
2018-07-06,3,0,3
2018-07-06,0,0,0
2018-07-06,7,2,5
2018-07-06,29,9,20
2018-07-06,68,10,58
2018-07-06,116,17,99
2018-07-06,96,18,78
2018-07-06,31,6,25
2018-07-06,30,8,22
2018-07-06,48,18,30
2018-07-06,62,15,47
2018-07-06,49,17,32
2018-07-06,49,19,30
2018-07-06,90,28,62
2018-07-06,94,37,57
2018-07-06,29,14,15
2018-07-06,3,2,1
2018-07-06,0,0,0
2018-07-06,0,0,0
2018-07-06,3,0,3
2018-07-06,1,1,0
2018-07-07,0,0,0
2018-07-07,0,0,0
2018-07-07,0,0,0
2018-07-07,0,0,0
2018-07-07,0,0,0
2018-07-07,0,0,0
2018-07-07,0,0,0
2018-07-07,0,0,0
2018-07-07,0,0,0
2018-07-07,1,1,0
2018-07-07,0,0,0
2018-07-07,0,0,0
2018-07-07,0,0,0
2018-07-07,0,0,0
2018-07-07,3,2,1
2018-07-07,8,6,2
2018-07-07,6,6,0
2018-07-07,4,4,0
2018-07-07,0,0,0
2018-07-07,0,0,0
2018-07-07,0,0,0
2018-07-07,0,0,0
2018-07-07,1,1,0
2018-07-07,1,1,0
2018-07-08,2,2,0
2018-07-08,0,0,0
2018-07-08,0,0,0
2018-07-08,0,0,0
2018-07-08,0,0,0
2018-07-08,0,0,0
2018-07-08,0,0,0
2018-07-08,0,0,0
2018-07-08,0,0,0
2018-07-08,0,0,0
2018-07-08,0,0,0
2018-07-08,0,0,0
2018-07-08,4,4,0
2018-07-08,0,0,0
2018-07-08,0,0,0
2018-07-08,0,0,0
2018-07-08,2,2,0
2018-07-08,0,0,0
2018-07-08,0,0,0
2018-07-08,0,0,0
2018-07-08,0,0,0
2018-07-08,2,0,2
2018-07-08,0,0,0
2018-07-08,0,0,0
2018-07-09,0,0,0
2018-07-09,0,0,0
2018-07-09,0,0,0
2018-07-09,0,0,0
2018-07-09,0,0,0
2018-07-09,0,0,0
2018-07-09,2,2,0
2018-07-09,0,0,0
2018-07-09,5,5,0
2018-07-09,4,4,0
2018-07-09,0,0,0
2018-07-09,0,0,0
2018-07-09,0,0,0
2018-07-09,0,0,0
2018-07-09,2,2,0
2018-07-09,0,0,0
2018-07-09,3,2,1
2018-07-09,2,2,0
2018-07-09,2,2,0
2018-07-09,1,0,1
2018-07-09,2,2,0
2018-07-09,0,0,0
2018-07-09,0,0,0
2018-07-09,1,0,1
2018-07-10,1,1,0
2018-07-10,0,0,0
2018-07-10,0,0,0
2018-07-10,0,0,0
2018-07-10,0,0,0
2018-07-10,0,0,0
2018-07-10,0,0,0
2018-07-10,0,0,0
2018-07-10,0,0,0
2018-07-10,0,0,0
2018-07-10,0,0,0
2018-07-10,0,0,0
2018-07-10,0,0,0
2018-07-10,0,0,0
2018-07-10,0,0,0
2018-07-10,0,0,0
2018-07-10,0,0,0
2018-07-10,0,0,0
2018-07-10,0,0,0
2018-07-10,0,0,0
2018-07-10,0,0,0
2018-07-10,0,0,0
2018-07-10,0,0,0
2018-07-10,0,0,0
2018-07-11,0,0,0
2018-07-11,0,0,0
2018-07-11,0,0,0
2018-07-11,0,0,0
2018-07-11,0,0,0
2018-07-11,0,0,0
2018-07-11,0,0,0
2018-07-11,0,0,0
2018-07-11,0,0,0
2018-07-11,0,0,0
2018-07-11,0,0,0
2018-07-11,0,0,0
2018-07-11,0,0,0
2018-07-11,0,0,0
2018-07-11,0,0,0
2018-07-11,0,0,0
2018-07-11,0,0,0
2018-07-11,0,0,0
2018-07-11,0,0,0
2018-07-11,0,0,0
2018-07-11,1,0,1
2018-07-11,0,0,0
2018-07-11,0,0,0
2018-07-11,0,0,0
2018-07-12,0,0,0
2018-07-12,0,0,0
2018-07-12,0,0,0
2018-07-12,0,0,0
2018-07-12,0,0,0
2018-07-12,0,0,0
2018-07-12,0,0,0
2018-07-12,0,0,0
2018-07-12,0,0,0
2018-07-12,0,0,0
2018-07-12,0,0,0
2018-07-12,0,0,0
2018-07-12,0,0,0
2018-07-12,0,0,0
2018-07-12,0,0,0
2018-07-12,36,11,25
2018-07-12,106,40,66
2018-07-12,204,84,120
2018-07-12,122,54,68
2018-07-12,69,33,36
2018-07-12,45,19,26
2018-07-12,27,9,18
2018-07-12,25,10,15
2018-07-12,13,5,8
2018-07-13,16,8,8
2018-07-13,6,2,4
2018-07-13,3,2,1
2018-07-13,4,0,4
2018-07-13,2,1,1
2018-07-13,9,1,8
2018-07-13,27,4,23
2018-07-13,82,11,71
2018-07-13,167,25,142
2018-07-13,114,22,92
2018-07-13,39,13,26
2018-07-13,41,14,27
2018-07-13,24,11,13
2018-07-13,35,19,16
2018-07-13,45,17,28
2018-07-13,59,19,40
2018-07-13,101,38,63
2018-07-13,129,39,90
2018-07-13,83,40,43
2018-07-13,53,21,32
2018-07-13,35,14,21
2018-07-13,44,26,18
2018-07-13,26,10,16
2018-07-13,17,9,8
2018-07-14,18,8,10
2018-07-14,9,6,3
2018-07-14,11,6,5
2018-07-14,5,3,2
2018-07-14,4,1,3
2018-07-14,8,1,7
2018-07-14,7,3,4
2018-07-14,4,1,3
2018-07-14,14,3,11
2018-07-14,18,8,10
2018-07-14,35,7,28
2018-07-14,26,7,19
2018-07-14,28,10,18
2018-07-14,33,9,24
2018-07-14,43,17,26
2018-07-14,40,17,23
2018-07-14,35,16,19
2018-07-14,42,22,20
2018-07-14,40,14,26
2018-07-14,43,25,18
2018-07-14,35,16,19
2018-07-14,27,12,15
2018-07-14,18,13,5
2018-07-14,18,12,6
2018-07-15,26,12,14
2018-07-15,9,6,3
2018-07-15,14,12,2
2018-07-15,2,1,1
2018-07-15,3,0,3
2018-07-15,0,0,0
2018-07-15,4,0,4
2018-07-15,9,5,4
2018-07-15,25,5,20
2018-07-15,12,4,8
2018-07-15,27,10,17
2018-07-15,41,13,28
2018-07-15,37,15,22
2018-07-15,30,12,18
2018-07-15,50,26,24
2018-07-15,32,16,16
2018-07-15,29,17,12
2018-07-15,30,15,15
2018-07-15,27,12,15
2018-07-15,27,13,14
2018-07-15,28,13,15
2018-07-15,17,9,8
2018-07-15,20,8,12
2018-07-15,14,7,7
2018-07-16,6,5,1
2018-07-16,11,8,3
2018-07-16,4,2,2
2018-07-16,2,0,2
2018-07-16,3,0,3
2018-07-16,8,0,8
2018-07-16,33,9,24
2018-07-16,92,11,81
2018-07-16,161,28,133
2018-07-16,109,21,88
2018-07-16,28,3,25
2018-07-16,33,13,20
2018-07-16,19,8,11
2018-07-16,33,14,19
2018-07-16,22,9,13
2018-07-16,54,18,36
2018-07-16,85,31,54
2018-07-16,129,37,92
2018-07-16,78,30,48
2018-07-16,40,19,21
2018-07-16,39,15,24
2018-07-16,23,9,14
2018-07-16,18,11,7
2018-07-16,13,4,9
2018-07-17,8,5,3
2018-07-17,5,5,0
2018-07-17,4,2,2
2018-07-17,1,1,0
2018-07-17,2,0,2
2018-07-17,11,1,10
2018-07-17,39,5,34
2018-07-17,96,12,84
2018-07-17,160,29,131
2018-07-17,129,18,111
2018-07-17,51,20,31
2018-07-17,37,10,27
2018-07-17,36,12,24
2018-07-17,41,12,29
2018-07-17,29,10,19
2018-07-17,58,18,40
2018-07-17,82,21,61
2018-07-17,155,57,98
2018-07-17,97,48,49
2018-07-17,46,20,26
2018-07-17,36,11,25
2018-07-17,26,14,12
2018-07-17,12,8,4
2018-07-17,18,12,6
2018-07-18,18,11,7
2018-07-18,6,3,3
2018-07-18,3,1,2
2018-07-18,1,1,0
2018-07-18,2,1,1
2018-07-18,12,3,9
2018-07-18,48,11,37
2018-07-18,90,15,75
2018-07-18,167,24,143
2018-07-18,122,14,108
2018-07-18,48,12,36
2018-07-18,33,8,25
2018-07-18,42,18,24
2018-07-18,29,18,11
2018-07-18,32,13,19
2018-07-18,51,13,38
2018-07-18,81,18,63
2018-07-18,160,52,108
2018-07-18,112,44,68
2018-07-18,69,33,36
2018-07-18,48,17,31
2018-07-18,38,19,19
2018-07-18,13,7,6
2018-07-18,12,5,7
2018-07-19,11,4,7
2018-07-19,7,4,3
2018-07-19,2,1,1
2018-07-19,1,1,0
2018-07-19,1,0,1
2018-07-19,12,3,9
2018-07-19,43,8,35
2018-07-19,106,13,93
2018-07-19,171,24,147
2018-07-19,109,18,91
2018-07-19,36,8,28
2018-07-19,31,17,14
2018-07-19,37,12,25
2018-07-19,31,12,19
2018-07-19,37,11,26
2018-07-19,71,20,51
2018-07-19,101,33,68
2018-07-19,111,33,78
2018-07-19,81,33,48
2018-07-19,35,17,18
2018-07-19,35,17,18
2018-07-19,27,17,10
2018-07-19,30,20,10
2018-07-19,14,7,7
2018-07-20,8,6,2
2018-07-20,6,5,1
2018-07-20,7,4,3
2018-07-20,2,2,0
2018-07-20,1,0,1
2018-07-20,11,3,8
2018-07-20,29,6,23
2018-07-20,71,6,65
2018-07-20,131,21,110
2018-07-20,90,19,71
2018-07-20,31,5,26
2018-07-20,31,10,21
2018-07-20,31,14,17
2018-07-20,60,24,36
2018-07-20,45,26,19
2018-07-20,68,21,47
2018-07-20,123,27,96
2018-07-20,140,55,85
2018-07-20,66,23,43
2018-07-20,35,12,23
2018-07-20,39,16,23
2018-07-20,30,7,23
2018-07-20,29,18,11
2018-07-20,27,8,19
2018-07-21,18,11,7
2018-07-21,16,9,7
2018-07-21,4,3,1
2018-07-21,3,2,1
2018-07-21,1,1,0
2018-07-21,6,5,1
2018-07-21,10,0,10
2018-07-21,6,3,3
2018-07-21,23,9,14
2018-07-21,26,5,21
2018-07-21,36,6,30
2018-07-21,47,17,30
2018-07-21,75,22,53
2018-07-21,47,8,39
2018-07-21,36,17,19
2018-07-21,88,48,40
2018-07-21,46,21,25
2018-07-21,45,16,29
2018-07-21,34,8,26
2018-07-21,46,17,29
2018-07-21,26,11,15
2018-07-21,36,14,22
2018-07-21,12,6,6
2018-07-21,22,12,10
2018-07-22,20,6,14
2018-07-22,10,5,5
2018-07-22,4,2,2
2018-07-22,5,5,0
2018-07-22,3,1,2
2018-07-22,0,0,0
2018-07-22,13,1,12
2018-07-22,3,1,2
2018-07-22,14,3,11
2018-07-22,17,7,10
2018-07-22,28,12,16
2018-07-22,29,8,21
2018-07-22,54,22,32
2018-07-22,30,14,16
2018-07-22,35,10,25
2018-07-22,37,13,24
2018-07-22,37,20,17
2018-07-22,38,13,25
2018-07-22,29,16,13
2018-07-22,21,8,13
2018-07-22,15,6,9
2018-07-22,11,5,6
2018-07-22,15,5,10
2018-07-22,9,5,4
2018-07-23,7,4,3
2018-07-23,8,7,1
2018-07-23,1,1,0
2018-07-23,1,0,1
2018-07-23,1,1,0
2018-07-23,17,8,9
2018-07-23,36,4,32
2018-07-23,101,14,87
2018-07-23,163,25,138
2018-07-23,95,16,79
2018-07-23,41,13,28
2018-07-23,25,7,18
2018-07-23,29,17,12
2018-07-23,25,12,13
2018-07-23,40,17,23
2018-07-23,55,22,33
2018-07-23,87,24,63
2018-07-23,146,48,98
2018-07-23,98,48,50
2018-07-23,58,22,36
2018-07-23,22,9,13
2018-07-23,27,12,15
2018-07-23,23,12,11
2018-07-23,13,7,6
2018-07-24,14,7,7
2018-07-24,8,5,3
2018-07-24,3,1,2
2018-07-24,3,2,1
2018-07-24,4,3,1
2018-07-24,16,3,13
2018-07-24,48,6,42
2018-07-24,103,18,85
2018-07-24,181,33,148
2018-07-24,89,13,76
2018-07-24,37,10,27
2018-07-24,33,12,21
2018-07-24,25,5,20
2018-07-24,42,18,24
2018-07-24,38,12,26
2018-07-24,52,18,34
2018-07-24,106,33,73
2018-07-24,177,52,125
2018-07-24,99,35,64
2018-07-24,58,23,35
2018-07-24,40,17,23
2018-07-24,24,6,18
2018-07-24,31,21,10
2018-07-24,26,10,16
2018-07-25,5,2,3
2018-07-25,0,0,0
2018-07-25,4,1,3
2018-07-25,2,2,0
2018-07-25,4,3,1
2018-07-25,20,4,16
2018-07-25,44,3,41
2018-07-25,99,14,85
2018-07-25,163,23,140
2018-07-25,123,24,99
2018-07-25,54,19,35
2018-07-25,38,13,25
2018-07-25,60,12,48
2018-07-25,36,14,22
2018-07-25,35,14,21
2018-07-25,64,22,42
2018-07-25,119,41,78
2018-07-25,148,51,97
2018-07-25,100,52,48
2018-07-25,57,28,29
2018-07-25,29,9,20
2018-07-25,27,16,11
2018-07-25,26,9,17
2018-07-25,12,5,7
2018-07-26,9,6,3
2018-07-26,2,1,1
2018-07-26,3,1,2
2018-07-26,1,0,1
2018-07-26,2,1,1
2018-07-26,16,2,14
2018-07-26,49,11,38
2018-07-26,91,16,75
2018-07-26,159,23,136
2018-07-26,108,25,83
2018-07-26,44,10,34
2018-07-26,50,17,33
2018-07-26,44,19,25
2018-07-26,46,20,26
2018-07-26,34,10,24
2018-07-26,63,16,47
2018-07-26,109,35,74
2018-07-26,125,47,78
2018-07-26,67,39,28
2018-07-26,39,23,16
2018-07-26,36,9,27
2018-07-26,25,9,16
2018-07-26,14,6,8
2018-07-26,16,7,9
2018-07-27,7,2,5
2018-07-27,6,1,5
2018-07-27,1,0,1
2018-07-27,5,3,2
2018-07-27,2,2,0
2018-07-27,10,0,10
2018-07-27,30,4,26
2018-07-27,79,11,68
2018-07-27,132,19,113
2018-07-27,86,14,72
2018-07-27,40,10,30
2018-07-27,36,13,23
2018-07-27,31,12,19
2018-07-27,50,19,31
2018-07-27,71,32,39
2018-07-27,80,22,58
2018-07-27,96,28,68
2018-07-27,118,49,69
2018-07-27,73,26,47
2018-07-27,42,19,23
2018-07-27,40,14,26
2018-07-27,26,12,14
2018-07-27,22,11,11
2018-07-27,24,10,14
2018-07-28,23,11,12
2018-07-28,10,5,5
2018-07-28,9,2,7
2018-07-28,5,4,1
2018-07-28,1,1,0
2018-07-28,3,1,2
2018-07-28,7,0,7
2018-07-28,3,0,3
2018-07-28,11,2,9
2018-07-28,26,11,15
2018-07-28,16,2,14
2018-07-28,35,15,20
2018-07-28,30,12,18
2018-07-28,37,16,21
2018-07-28,47,25,22
2018-07-28,42,18,24
2018-07-28,42,18,24
2018-07-28,33,17,16
2018-07-28,31,18,13
2018-07-28,20,10,10
2018-07-28,23,12,11
2018-07-28,19,10,9
2018-07-28,23,10,13
2018-07-28,4,3,1
2018-07-29,7,6,1
2018-07-29,10,3,7
2018-07-29,3,1,2
2018-07-29,4,1,3
2018-07-29,1,1,0
2018-07-29,0,0,0
2018-07-29,3,0,3
2018-07-29,10,3,7
2018-07-29,13,3,10
2018-07-29,14,4,10
2018-07-29,36,14,22
2018-07-29,40,11,29
2018-07-29,43,11,32
2018-07-29,60,15,45
2018-07-29,29,12,17
2018-07-29,28,20,8
2018-07-29,48,27,21
2018-07-29,29,15,14
2018-07-29,39,20,19
2018-07-29,35,12,23
2018-07-29,34,8,26
2018-07-29,18,8,10
2018-07-29,20,9,11
2018-07-29,7,2,5
2018-07-30,7,4,3
2018-07-30,7,6,1
2018-07-30,1,1,0
2018-07-30,2,1,1
2018-07-30,3,1,2
2018-07-30,15,4,11
2018-07-30,36,7,29
2018-07-30,104,13,91
2018-07-30,159,24,135
2018-07-30,100,19,81
2018-07-30,37,6,31
2018-07-30,31,9,22
2018-07-30,30,11,19
2018-07-30,36,18,18
2018-07-30,43,16,27
2018-07-30,37,7,30
2018-07-30,70,5,65
2018-07-30,90,5,85
2018-07-30,44,3,41
2018-07-30,29,4,25
2018-07-30,13,0,13
2018-07-30,4,0,4
2018-07-30,1,1,0
2018-07-30,4,2,2
2018-07-31,1,0,1
2018-07-31,3,3,0
2018-07-31,1,1,0
2018-07-31,2,1,1
2018-07-31,0,0,0
2018-07-31,4,0,4
2018-07-31,9,0,9
2018-07-31,23,1,22
2018-07-31,70,1,69
2018-07-31,37,1,36
2018-07-31,23,1,22
2018-07-31,5,1,4
2018-07-31,7,0,7
2018-07-31,19,2,17
2018-07-31,32,1,31
2018-07-31,29,1,28
2018-07-31,54,2,52
2018-07-31,104,5,99
2018-07-31,61,1,60
2018-07-31,22,2,20
2018-07-31,17,2,15
2018-07-31,21,3,18
2018-07-31,9,2,7
2018-07-31,8,1,7
2018-08-01,2,0,2
2018-08-01,6,4,2
2018-08-01,0,0,0
2018-08-01,2,1,1
2018-08-01,0,0,0
2018-08-01,10,0,10
2018-08-01,43,0,43
2018-08-01,83,0,83
2018-08-01,129,4,125
2018-08-01,84,2,82
2018-08-01,35,0,35
2018-08-01,18,0,18
2018-08-01,0,0,0
2018-08-01,0,0,0
2018-08-01,0,0,0
2018-08-01,0,0,0
2018-08-01,0,0,0
2018-08-01,0,0,0
2018-08-01,5,1,4
2018-08-01,0,0,0
2018-08-01,0,0,0
2018-08-01,0,0,0
2018-08-01,0,0,0
2018-08-01,0,0,0
2018-08-02,0,0,0
2018-08-02,0,0,0
2018-08-02,0,0,0
2018-08-02,0,0,0
2018-08-02,0,0,0
2018-08-02,0,0,0
2018-08-02,0,0,0
2018-08-02,0,0,0
2018-08-02,0,0,0
2018-08-02,0,0,0
2018-08-02,0,0,0
2018-08-02,0,0,0
2018-08-02,0,0,0
2018-08-02,0,0,0
2018-08-02,0,0,0
2018-08-02,0,0,0
2018-08-02,31,10,21
2018-08-02,127,36,91
2018-08-02,79,24,55
2018-08-02,47,17,30
2018-08-02,28,12,16
2018-08-02,36,20,16
2018-08-02,17,8,9
2018-08-02,15,7,8
2018-08-03,8,2,6
2018-08-03,5,3,2
2018-08-03,3,1,2
2018-08-03,2,1,1
2018-08-03,1,1,0
2018-08-03,12,3,9
2018-08-03,34,2,32
2018-08-03,55,8,47
2018-08-03,112,25,87
2018-08-03,77,16,61
2018-08-03,28,10,18
2018-08-03,38,13,25
2018-08-03,41,18,23
2018-08-03,38,16,22
2018-08-03,50,19,31
2018-08-03,76,25,51
2018-08-03,96,38,58
2018-08-03,106,47,59
2018-08-03,71,31,40
2018-08-03,39,14,25
2018-08-03,44,16,28
2018-08-03,24,8,16
2018-08-03,22,12,10
2018-08-03,19,9,10
2018-08-04,10,9,1
2018-08-04,6,2,4
2018-08-04,4,2,2
2018-08-04,6,4,2
2018-08-04,2,1,1
2018-08-04,2,1,1
2018-08-04,4,1,3
2018-08-04,7,2,5
2018-08-04,10,3,7
2018-08-04,24,7,17
2018-08-04,36,15,21
2018-08-04,45,14,31
2018-08-04,52,22,30
2018-08-04,39,17,22
2018-08-04,58,27,31
2018-08-04,82,24,58
2018-08-04,45,17,28
2018-08-04,32,18,14
2018-08-04,76,40,36
2018-08-04,23,10,13
2018-08-04,20,10,10
2018-08-04,21,10,11
2018-08-04,24,11,13
2018-08-04,24,16,8
2018-08-05,15,10,5
2018-08-05,13,9,4
2018-08-05,5,1,4
2018-08-05,2,2,0
2018-08-05,1,1,0
2018-08-05,3,1,2
2018-08-05,5,2,3
2018-08-05,5,0,5
2018-08-05,17,5,12
2018-08-05,18,6,12
2018-08-05,47,15,32
2018-08-05,41,17,24
2018-08-05,28,5,23
2018-08-05,31,10,21
2018-08-05,37,11,26
2018-08-05,39,18,21
2018-08-05,44,24,20
2018-08-05,38,12,26
2018-08-05,24,9,15
2018-08-05,29,18,11
2018-08-05,22,5,17
2018-08-05,15,8,7
2018-08-05,11,4,7
2018-08-05,17,9,8
2018-08-06,9,2,7
2018-08-06,7,7,0
2018-08-06,2,1,1
2018-08-06,2,2,0
2018-08-06,3,1,2
2018-08-06,17,3,14
2018-08-06,47,6,41
2018-08-06,123,16,107
2018-08-06,169,25,144
2018-08-06,83,17,66
2018-08-06,37,8,29
2018-08-06,28,8,20
2018-08-06,23,9,14
2018-08-06,22,6,16
2018-08-06,34,15,19
2018-08-06,68,24,44
2018-08-06,101,34,67
2018-08-06,121,43,78
2018-08-06,68,39,29
2018-08-06,53,25,28
2018-08-06,26,10,16
2018-08-06,18,6,12
2018-08-06,17,12,5
2018-08-06,9,7,2
2018-08-07,6,0,6
2018-08-07,9,7,2
2018-08-07,4,2,2
2018-08-07,5,4,1
2018-08-07,3,2,1
2018-08-07,14,1,13
2018-08-07,55,10,45
2018-08-07,127,17,110
2018-08-07,179,35,144
2018-08-07,69,18,51
2018-08-07,23,3,20
2018-08-07,34,12,22
2018-08-07,33,11,22
2018-08-07,33,14,19
2018-08-07,25,11,14
2018-08-07,49,16,33
2018-08-07,114,43,71
2018-08-07,137,60,77
2018-08-07,72,30,42
2018-08-07,40,19,21
2018-08-07,36,18,18
2018-08-07,23,11,12
2018-08-07,16,6,10
2018-08-07,13,9,4
2018-08-08,9,3,6
2018-08-08,11,4,7
2018-08-08,0,0,0
2018-08-08,4,3,1
2018-08-08,3,1,2
2018-08-08,24,5,19
2018-08-08,48,12,36
2018-08-08,117,14,103
2018-08-08,196,25,171
2018-08-08,100,15,85
2018-08-08,57,10,47
2018-08-08,34,12,22
2018-08-08,34,15,19
2018-08-08,43,22,21
2018-08-08,35,15,20
2018-08-08,61,19,42
2018-08-08,149,50,99
2018-08-08,147,50,97
2018-08-08,91,44,47
2018-08-08,48,17,31
2018-08-08,26,14,12
2018-08-08,23,15,8
2018-08-08,18,10,8
2018-08-08,22,12,10
2018-08-09,35,25,10
2018-08-09,3,0,3
2018-08-09,6,4,2
2018-08-09,1,1,0
2018-08-09,3,0,3
2018-08-09,17,2,15
2018-08-09,47,8,39
2018-08-09,111,11,100
2018-08-09,175,26,149
2018-08-09,80,15,65
2018-08-09,31,13,18
2018-08-09,35,8,27
2018-08-09,38,13,25
2018-08-09,37,12,25
2018-08-09,46,16,30
2018-08-09,61,26,35
2018-08-09,124,32,92
2018-08-09,131,55,76
2018-08-09,87,32,55
2018-08-09,38,17,21
2018-08-09,42,25,17
2018-08-09,25,12,13
2018-08-09,22,10,12
2018-08-09,12,2,10
2018-08-10,7,6,1
2018-08-10,4,2,2
2018-08-10,9,5,4
2018-08-10,2,2,0
2018-08-10,2,2,0
2018-08-10,22,1,21
2018-08-10,32,3,29
2018-08-10,103,16,87
2018-08-10,128,30,98
2018-08-10,64,9,55
2018-08-10,40,12,28
2018-08-10,46,10,36
2018-08-10,27,14,13
2018-08-10,43,19,24
2018-08-10,53,19,34
2018-08-10,73,20,53
2018-08-10,103,31,72
2018-08-10,107,43,64
2018-08-10,85,41,44
2018-08-10,46,15,31
2018-08-10,40,12,28
2018-08-10,24,9,15
2018-08-10,16,2,14
2018-08-10,27,14,13
2018-08-11,45,35,10
2018-08-11,13,9,4
2018-08-11,4,0,4
2018-08-11,6,5,1
2018-08-11,4,2,2
2018-08-11,5,0,5
2018-08-11,7,3,4
2018-08-11,11,4,7
2018-08-11,13,4,9
2018-08-11,11,2,9
2018-08-11,29,6,23
2018-08-11,27,16,11
2018-08-11,29,11,18
2018-08-11,23,10,13
2018-08-11,35,21,14
2018-08-11,56,19,37
2018-08-11,51,23,28
2018-08-11,29,12,17
2018-08-11,32,15,17
2018-08-11,18,7,11
2018-08-11,8,2,6
2018-08-11,17,8,9
2018-08-11,19,9,10
2018-08-11,21,15,6
2018-08-12,11,8,3
2018-08-12,8,6,2
2018-08-12,5,4,1
2018-08-12,5,5,0
2018-08-12,0,0,0
2018-08-12,2,0,2
2018-08-12,4,0,4
2018-08-12,2,1,1
2018-08-12,16,6,10
2018-08-12,13,6,7
2018-08-12,19,10,9
2018-08-12,30,8,22
2018-08-12,32,8,24
2018-08-12,19,9,10
2018-08-12,29,12,17
2018-08-12,37,23,14
2018-08-12,44,21,23
2018-08-12,33,13,20
2018-08-12,35,11,24
2018-08-12,22,5,17
2018-08-12,19,11,8
2018-08-12,32,21,11
2018-08-12,21,10,11
2018-08-12,13,8,5
2018-08-13,4,3,1
2018-08-13,6,1,5
2018-08-13,2,1,1
2018-08-13,6,5,1
2018-08-13,5,5,0
2018-08-13,20,3,17
2018-08-13,45,9,36
2018-08-13,121,13,108
2018-08-13,180,31,149
2018-08-13,71,11,60
2018-08-13,33,10,23
2018-08-13,27,11,16
2018-08-13,20,7,13
2018-08-13,27,12,15
2018-08-13,30,8,22
2018-08-13,67,19,48
2018-08-13,104,34,70
2018-08-13,131,52,79
2018-08-13,53,31,22
2018-08-13,44,18,26
2018-08-13,25,13,12
2018-08-13,17,10,7
2018-08-13,15,8,7
2018-08-13,18,11,7
2018-08-14,9,5,4
2018-08-14,3,2,1
2018-08-14,6,5,1
2018-08-14,1,1,0
2018-08-14,2,1,1
2018-08-14,17,4,13
2018-08-14,47,6,41
2018-08-14,121,12,109
2018-08-14,148,27,121
2018-08-14,74,13,61
2018-08-14,32,8,24
2018-08-14,36,12,24
2018-08-14,36,16,20
2018-08-14,37,12,25
2018-08-14,31,10,21
2018-08-14,54,19,35
2018-08-14,126,36,90
2018-08-14,118,49,69
2018-08-14,71,36,35
2018-08-14,46,22,24
2018-08-14,19,5,14
2018-08-14,28,12,16
2018-08-14,14,6,8
2018-08-14,9,4,5
2018-08-15,3,1,2
2018-08-15,6,4,2
2018-08-15,2,0,2
2018-08-15,4,3,1
2018-08-15,2,1,1
2018-08-15,12,2,10
2018-08-15,45,5,40
2018-08-15,102,13,89
2018-08-15,141,20,121
2018-08-15,59,10,49
2018-08-15,39,8,31
2018-08-15,35,15,20
2018-08-15,23,5,18
2018-08-15,33,18,15
2018-08-15,54,27,27
2018-08-15,52,17,35
2018-08-15,101,31,70
2018-08-15,121,46,75
2018-08-15,70,33,37
2018-08-15,44,19,25
2018-08-15,39,12,27
2018-08-15,21,9,12
2018-08-15,12,9,3
2018-08-15,9,4,5
2018-08-16,4,3,1
2018-08-16,4,3,1
2018-08-16,3,2,1
2018-08-16,5,2,3
2018-08-16,1,0,1
2018-08-16,21,6,15
2018-08-16,40,4,36
2018-08-16,97,14,83
2018-08-16,153,22,131
2018-08-16,50,12,38
2018-08-16,26,8,18
2018-08-16,39,13,26
2018-08-16,24,10,14
2018-08-16,26,12,14
2018-08-16,32,12,20
2018-08-16,75,29,46
2018-08-16,100,32,68
2018-08-16,120,44,76
2018-08-16,72,36,36
2018-08-16,54,13,41
2018-08-16,36,18,18
2018-08-16,23,10,13
2018-08-16,16,10,6
2018-08-16,8,7,1
2018-08-17,11,8,3
2018-08-17,4,2,2
2018-08-17,5,3,2
2018-08-17,0,0,0
2018-08-17,1,1,0
2018-08-17,10,2,8
2018-08-17,22,5,17
2018-08-17,94,12,82
2018-08-17,133,20,113
2018-08-17,60,15,45
2018-08-17,27,9,18
2018-08-17,35,11,24
2018-08-17,44,12,32
2018-08-17,43,18,25
2018-08-17,64,18,46
2018-08-17,76,21,55
2018-08-17,112,40,72
2018-08-17,103,36,67
2018-08-17,78,30,48
2018-08-17,38,13,25
2018-08-17,38,8,30
2018-08-17,31,14,17
2018-08-17,20,11,9
2018-08-17,28,10,18
2018-08-18,15,4,11
2018-08-18,9,5,4
2018-08-18,10,6,4
2018-08-18,7,5,2
2018-08-18,3,1,2
2018-08-18,4,1,3
2018-08-18,3,1,2
2018-08-18,9,1,8
2018-08-18,10,6,4
2018-08-18,19,4,15
2018-08-18,37,7,30
2018-08-18,72,15,57
2018-08-18,85,11,74
2018-08-18,59,17,42
2018-08-18,36,16,20
2018-08-18,78,50,28
2018-08-18,52,23,29
2018-08-18,35,22,13
2018-08-18,36,10,26
2018-08-18,23,8,15
2018-08-18,18,7,11
2018-08-18,29,11,18
2018-08-18,11,7,4
2018-08-18,18,16,2
2018-08-19,18,3,15
2018-08-19,23,15,8
2018-08-19,7,1,6
2018-08-19,1,1,0
2018-08-19,0,0,0
2018-08-19,1,0,1
2018-08-19,2,0,2
2018-08-19,10,4,6
2018-08-19,20,6,14
2018-08-19,30,11,19
2018-08-19,43,15,28
2018-08-19,39,11,28
2018-08-19,48,14,34
2018-08-19,33,13,20
2018-08-19,34,15,19
2018-08-19,48,17,31
2018-08-19,43,16,27
2018-08-19,44,18,26
2018-08-19,23,13,10
2018-08-19,23,16,7
2018-08-19,18,4,14
2018-08-19,20,7,13
2018-08-19,21,11,10
2018-08-19,11,5,6
2018-08-20,7,5,2
2018-08-20,1,1,0
2018-08-20,5,3,2
2018-08-20,3,1,2
2018-08-20,3,1,2
2018-08-20,19,4,15
2018-08-20,35,3,32
2018-08-20,78,7,71
2018-08-20,117,23,94
2018-08-20,61,11,50
2018-08-20,25,6,19
2018-08-20,28,9,19
2018-08-20,41,17,24
2018-08-20,27,9,18
2018-08-20,42,17,25
2018-08-20,54,23,31
2018-08-20,85,20,65
2018-08-20,98,41,57
2018-08-20,57,20,37
2018-08-20,33,11,22
2018-08-20,22,11,11
2018-08-20,16,11,5
2018-08-20,21,18,3
2018-08-20,15,8,7
2018-08-21,4,3,1
2018-08-21,7,5,2
2018-08-21,1,0,1
2018-08-21,5,5,0
2018-08-21,2,1,1
2018-08-21,13,4,9
2018-08-21,27,4,23
2018-08-21,58,8,50
2018-08-21,87,22,65
2018-08-21,55,13,42
2018-08-21,25,6,19
2018-08-21,22,4,18
2018-08-21,23,5,18
2018-08-21,23,6,17
2018-08-21,22,4,18
2018-08-21,47,15,32
2018-08-21,68,16,52
2018-08-21,84,28,56
2018-08-21,50,23,27
2018-08-21,24,9,15
2018-08-21,23,7,16
2018-08-21,23,11,12
2018-08-21,14,8,6
2018-08-21,4,2,2
2018-08-22,0,0,0
2018-08-22,10,2,8
2018-08-22,2,0,2
2018-08-22,2,2,0
2018-08-22,4,1,3
2018-08-22,9,3,6
2018-08-22,26,1,25
2018-08-22,50,8,42
2018-08-22,82,13,69
2018-08-22,62,16,46
2018-08-22,25,7,18
2018-08-22,38,14,24
2018-08-22,32,8,24
2018-08-22,38,13,25
2018-08-22,25,11,14
2018-08-22,34,13,21
2018-08-22,57,14,43
2018-08-22,87,41,46
2018-08-22,54,26,28
2018-08-22,37,16,21
2018-08-22,22,8,14
2018-08-22,13,10,3
2018-08-22,12,7,5
2018-08-22,4,2,2
2018-08-23,2,2,0
2018-08-23,0,0,0
2018-08-23,6,1,5
2018-08-23,3,1,2
2018-08-23,2,1,1
2018-08-23,12,2,10
2018-08-23,25,4,21
2018-08-23,69,12,57
2018-08-23,90,16,74
2018-08-23,63,12,51
2018-08-23,32,6,26
2018-08-23,35,9,26
2018-08-23,31,9,22
2018-08-23,34,17,17
2018-08-23,35,15,20
2018-08-23,48,18,30
2018-08-23,75,23,52
2018-08-23,108,32,76
2018-08-23,61,31,30
2018-08-23,41,11,30
2018-08-23,32,12,20
2018-08-23,14,11,3
2018-08-23,19,6,13
2018-08-23,8,3,5
2018-08-24,9,4,5
2018-08-24,8,3,5
2018-08-24,8,1,7
2018-08-24,3,3,0
2018-08-24,3,1,2
2018-08-24,15,5,10
2018-08-24,27,2,25
2018-08-24,80,11,69
2018-08-24,98,21,77
2018-08-24,95,24,71
2018-08-24,32,11,21
2018-08-24,27,9,18
2018-08-24,35,11,24
2018-08-24,38,8,30
2018-08-24,39,10,29
2018-08-24,56,25,31
2018-08-24,105,43,62
2018-08-24,81,27,54
2018-08-24,65,35,30
2018-08-24,29,13,16
2018-08-24,40,16,24
2018-08-24,30,12,18
2018-08-24,23,9,14
2018-08-24,20,12,8
2018-08-25,12,6,6
2018-08-25,12,8,4
2018-08-25,8,2,6
2018-08-25,1,1,0
2018-08-25,0,0,0
2018-08-25,2,1,1
2018-08-25,1,0,1
2018-08-25,5,0,5
2018-08-25,12,3,9
2018-08-25,11,2,9
2018-08-25,7,3,4
2018-08-25,26,7,19
2018-08-25,37,11,26
2018-08-25,30,10,20
2018-08-25,28,13,15
2018-08-25,37,19,18
2018-08-25,29,14,15
2018-08-25,21,9,12
2018-08-25,34,14,20
2018-08-25,20,7,13
2018-08-25,13,3,10
2018-08-25,10,5,5
2018-08-25,18,10,8
2018-08-25,19,10,9
2018-08-26,6,2,4
2018-08-26,4,2,2
2018-08-26,3,1,2
2018-08-26,4,3,1
2018-08-26,0,0,0
2018-08-26,5,0,5
2018-08-26,3,1,2
2018-08-26,10,4,6
2018-08-26,15,7,8
2018-08-26,20,3,17
2018-08-26,23,11,12
2018-08-26,19,11,8
2018-08-26,36,13,23
2018-08-26,38,16,22
2018-08-26,28,9,19
2018-08-26,30,9,21
2018-08-26,20,7,13
2018-08-26,36,16,20
2018-08-26,22,11,11
2018-08-26,7,3,4
2018-08-26,5,2,3
2018-08-26,5,2,3
2018-08-26,10,5,5
2018-08-26,8,4,4
2018-08-27,9,6,3
2018-08-27,2,0,2
2018-08-27,2,0,2
2018-08-27,3,1,2
2018-08-27,4,2,2
2018-08-27,12,2,10
2018-08-27,35,2,33
2018-08-27,86,13,73
2018-08-27,155,20,135
2018-08-27,69,15,54
2018-08-27,38,10,28
2018-08-27,29,9,20
2018-08-27,39,12,27
2018-08-27,31,15,16
2018-08-27,37,15,22
2018-08-27,65,25,40
2018-08-27,118,40,78
2018-08-27,120,56,64
2018-08-27,58,31,27
2018-08-27,34,17,17
2018-08-27,23,12,11
2018-08-27,22,7,15
2018-08-27,14,7,7
2018-08-27,7,4,3
2018-08-28,3,2,1
2018-08-28,5,5,0
2018-08-28,6,4,2
2018-08-28,3,1,2
2018-08-28,2,0,2
2018-08-28,16,3,13
2018-08-28,44,4,40
2018-08-28,127,18,109
2018-08-28,181,34,147
2018-08-28,98,18,80
2018-08-28,35,17,18
2018-08-28,28,10,18
2018-08-28,32,13,19
2018-08-28,29,9,20
2018-08-28,48,14,34
2018-08-28,62,19,43
2018-08-28,136,39,97
2018-08-28,136,43,93
2018-08-28,82,39,43
2018-08-28,65,30,35
2018-08-28,31,11,20
2018-08-28,35,14,21
2018-08-28,17,13,4
2018-08-28,17,8,9
2018-08-29,10,5,5
2018-08-29,7,4,3
2018-08-29,3,3,0
2018-08-29,5,3,2
2018-08-29,5,0,5
2018-08-29,15,2,13
2018-08-29,47,5,42
2018-08-29,115,18,97
2018-08-29,168,29,139
2018-08-29,74,17,57
2018-08-29,39,8,31
2018-08-29,43,17,26
2018-08-29,21,6,15
2018-08-29,34,9,25
2018-08-29,36,8,28
2018-08-29,64,23,41
2018-08-29,111,33,78
2018-08-29,130,50,80
2018-08-29,72,20,52
2018-08-29,52,16,36
2018-08-29,32,19,13
2018-08-29,23,8,15
2018-08-29,19,13,6
2018-08-29,8,4,4
2018-08-30,5,4,1
2018-08-30,3,2,1
2018-08-30,2,1,1
2018-08-30,2,1,1
2018-08-30,6,1,5
2018-08-30,13,2,11
2018-08-30,29,3,26
2018-08-30,82,7,75
2018-08-30,130,31,99
2018-08-30,70,12,58
2018-08-30,30,10,20
2018-08-30,35,11,24
2018-08-30,33,14,19
2018-08-30,33,13,20
2018-08-30,42,13,29
2018-08-30,70,27,43
2018-08-30,100,20,80
2018-08-30,120,29,91
2018-08-30,69,27,42
2018-08-30,40,24,16
2018-08-30,22,15,7
2018-08-30,27,13,14
2018-08-30,17,13,4
2018-08-30,11,6,5
2018-08-31,7,5,2
2018-08-31,4,4,0
2018-08-31,3,1,2
2018-08-31,2,1,1
2018-08-31,2,0,2
2018-08-31,6,2,4
2018-08-31,15,0,15
2018-08-31,55,9,46
2018-08-31,109,20,89
2018-08-31,67,15,52
2018-08-31,33,11,22
2018-08-31,39,11,28
2018-08-31,29,14,15
2018-08-31,43,17,26
2018-08-31,35,12,23
2018-08-31,63,19,44
2018-08-31,114,43,71
2018-08-31,87,29,58
2018-08-31,52,18,34
2018-08-31,30,15,15
2018-08-31,28,11,17
2018-08-31,17,5,12
2018-08-31,19,7,12
2018-08-31,13,5,8
2018-09-01,12,7,5
2018-09-01,2,0,2
2018-09-01,12,5,7
2018-09-01,5,4,1
2018-09-01,0,0,0
2018-09-01,4,1,3
2018-09-01,6,2,4
2018-09-01,13,4,9
2018-09-01,18,11,7
2018-09-01,22,3,19
2018-09-01,28,9,19
2018-09-01,43,10,33
2018-09-01,54,20,34
2018-09-01,37,14,23
2018-09-01,62,26,36
2018-09-01,67,39,28
2018-09-01,47,28,19
2018-09-01,36,13,23
2018-09-01,42,23,19
2018-09-01,34,13,21
2018-09-01,23,13,10
2018-09-01,21,6,15
2018-09-01,24,10,14
2018-09-01,31,13,18
2018-09-02,22,13,9
2018-09-02,13,8,5
2018-09-02,5,2,3
2018-09-02,0,0,0
2018-09-02,2,2,0
2018-09-02,2,1,1
2018-09-02,5,0,5
2018-09-02,13,4,9
2018-09-02,27,7,20
2018-09-02,19,9,10
2018-09-02,26,8,18
2018-09-02,30,11,19
2018-09-02,29,11,18
2018-09-02,40,19,21
2018-09-02,54,24,30
2018-09-02,28,8,20
2018-09-02,44,26,18
2018-09-02,37,14,23
2018-09-02,40,20,20
2018-09-02,12,7,5
2018-09-02,24,9,15
2018-09-02,25,15,10
2018-09-02,18,6,12
2018-09-02,22,9,13
2018-09-03,8,6,2
2018-09-03,4,3,1
2018-09-03,10,4,6
2018-09-03,3,2,1
2018-09-03,0,0,0
2018-09-03,5,2,3
2018-09-03,4,0,4
2018-09-03,13,5,8
2018-09-03,19,8,11
2018-09-03,29,12,17
2018-09-03,33,9,24
2018-09-03,44,8,36
2018-09-03,35,16,19
2018-09-03,57,22,35
2018-09-03,39,15,24
2018-09-03,49,23,26
2018-09-03,46,19,27
2018-09-03,58,20,38
2018-09-03,42,20,22
2018-09-03,38,18,20
2018-09-03,24,9,15
2018-09-03,18,9,9
2018-09-03,20,12,8
2018-09-03,10,4,6
2018-09-04,3,2,1
2018-09-04,4,1,3
2018-09-04,1,1,0
2018-09-04,4,4,0
2018-09-04,6,1,5
2018-09-04,14,3,11
2018-09-04,43,3,40
2018-09-04,115,16,99
2018-09-04,170,27,143
2018-09-04,72,18,54
2018-09-04,32,9,23
2018-09-04,50,14,36
2018-09-04,30,12,18
2018-09-04,48,24,24
2018-09-04,55,22,33
2018-09-04,70,30,40
2018-09-04,129,50,79
2018-09-04,134,58,76
2018-09-04,70,35,35
2018-09-04,34,14,20
2018-09-04,21,9,12
2018-09-04,26,7,19
2018-09-04,8,7,1
2018-09-04,15,10,5
2018-09-05,3,2,1
2018-09-05,3,2,1
2018-09-05,2,1,1
2018-09-05,2,2,0
2018-09-05,4,0,4
2018-09-05,13,4,9
2018-09-05,43,3,40
2018-09-05,157,27,130
2018-09-05,179,24,155
2018-09-05,94,24,70
2018-09-05,44,15,29
2018-09-05,33,12,21
2018-09-05,32,9,23
2018-09-05,34,20,14
2018-09-05,36,14,22
2018-09-05,57,21,36
2018-09-05,113,30,83
2018-09-05,164,66,98
2018-09-05,86,37,49
2018-09-05,73,33,40
2018-09-05,26,15,11
2018-09-05,18,12,6
2018-09-05,9,5,4
2018-09-05,13,6,7
2018-09-06,10,8,2
2018-09-06,4,2,2
2018-09-06,3,3,0
2018-09-06,4,1,3
2018-09-06,0,0,0
2018-09-06,12,1,11
2018-09-06,47,9,38
2018-09-06,94,14,80
2018-09-06,188,27,161
2018-09-06,88,17,71
2018-09-06,25,5,20
2018-09-06,45,16,29
2018-09-06,45,18,27
2018-09-06,32,9,23
2018-09-06,43,14,29
2018-09-06,58,16,42
2018-09-06,107,33,74
2018-09-06,155,63,92
2018-09-06,85,35,50
2018-09-06,74,29,45
2018-09-06,31,16,15
2018-09-06,26,14,12
2018-09-06,17,6,11
2018-09-06,12,5,7
2018-09-07,18,9,9
2018-09-07,9,7,2
2018-09-07,3,2,1
2018-09-07,2,1,1
2018-09-07,1,0,1
2018-09-07,7,2,5
2018-09-07,31,4,27
2018-09-07,62,10,52
2018-09-07,154,27,127
2018-09-07,97,15,82
2018-09-07,32,6,26
2018-09-07,47,19,28
2018-09-07,42,21,21
2018-09-07,36,15,21
2018-09-07,42,12,30
2018-09-07,65,26,39
2018-09-07,112,35,77
2018-09-07,133,47,86
2018-09-07,81,36,45
2018-09-07,42,23,19
2018-09-07,23,8,15
2018-09-07,20,10,10
2018-09-07,48,9,39
2018-09-07,17,13,4
2018-09-08,13,9,4
2018-09-08,14,9,5
2018-09-08,4,1,3
2018-09-08,2,1,1
2018-09-08,0,0,0
2018-09-08,3,0,3
2018-09-08,10,2,8
2018-09-08,17,3,14
2018-09-08,11,1,10
2018-09-08,23,5,18
2018-09-08,36,17,19
2018-09-08,47,13,34
2018-09-08,35,13,22
2018-09-08,49,17,32
2018-09-08,48,13,35
2018-09-08,49,19,30
2018-09-08,38,19,19
2018-09-08,48,18,30
2018-09-08,26,5,21
2018-09-08,23,11,12
2018-09-08,16,7,9
2018-09-08,21,11,10
2018-09-08,16,7,9
2018-09-08,20,10,10
2018-09-09,14,10,4
2018-09-09,0,0,0
2018-09-09,3,3,0
2018-09-09,2,2,0
2018-09-09,7,2,5
2018-09-09,3,3,0
2018-09-09,3,0,3
2018-09-09,9,3,6
2018-09-09,11,1,10
2018-09-09,18,9,9
2018-09-09,43,22,21
2018-09-09,42,19,23
2018-09-09,35,18,17
2018-09-09,45,19,26
2018-09-09,34,12,22
2018-09-09,47,15,32
2018-09-09,47,26,21
2018-09-09,36,14,22
2018-09-09,23,10,13
2018-09-09,27,13,14
2018-09-09,10,5,5
2018-09-09,9,4,5
2018-09-09,9,7,2
2018-09-09,5,4,1
2018-09-10,2,0,2
2018-09-10,3,1,2
2018-09-10,2,2,0
2018-09-10,3,2,1
2018-09-10,2,0,2
2018-09-10,15,4,11
2018-09-10,32,5,27
2018-09-10,60,6,54
2018-09-10,161,26,135
2018-09-10,81,12,69
2018-09-10,35,9,26
2018-09-10,31,9,22
2018-09-10,31,11,20
2018-09-10,28,10,18
2018-09-10,26,8,18
2018-09-10,43,19,24
2018-09-10,93,34,59
2018-09-10,127,48,79
2018-09-10,69,29,40
2018-09-10,48,21,27
2018-09-10,21,11,10
2018-09-10,15,9,6
2018-09-10,15,6,9
2018-09-10,22,10,12
2018-09-11,8,5,3
2018-09-11,3,2,1
2018-09-11,2,1,1
2018-09-11,3,2,1
2018-09-11,1,1,0
2018-09-11,7,2,5
2018-09-11,43,9,34
2018-09-11,81,10,71
2018-09-11,132,16,116
2018-09-11,79,12,67
2018-09-11,22,4,18
2018-09-11,29,9,20
2018-09-11,32,8,24
2018-09-11,33,20,13
2018-09-11,27,10,17
2018-09-11,39,11,28
2018-09-11,76,20,56
2018-09-11,116,41,75
2018-09-11,65,28,37
2018-09-11,44,20,24
2018-09-11,31,14,17
2018-09-11,19,5,14
2018-09-11,18,11,7
2018-09-11,8,4,4
2018-09-12,4,3,1
2018-09-12,4,2,2
2018-09-12,2,1,1
2018-09-12,2,2,0
2018-09-12,1,0,1
2018-09-12,11,2,9
2018-09-12,26,7,19
2018-09-12,77,10,67
2018-09-12,163,25,138
2018-09-12,83,14,69
2018-09-12,31,9,22
2018-09-12,25,6,19
2018-09-12,27,9,18
2018-09-12,30,12,18
2018-09-12,39,16,23
2018-09-12,45,13,32
2018-09-12,79,32,47
2018-09-12,117,37,80
2018-09-12,86,38,48
2018-09-12,41,23,18
2018-09-12,22,4,18
2018-09-12,18,6,12
2018-09-12,12,9,3
2018-09-12,20,12,8
2018-09-13,8,5,3
2018-09-13,8,6,2
2018-09-13,4,1,3
2018-09-13,1,1,0
2018-09-13,4,1,3
2018-09-13,10,3,7
2018-09-13,25,5,20
2018-09-13,65,10,55
2018-09-13,155,25,130
2018-09-13,83,14,69
2018-09-13,32,9,23
2018-09-13,36,10,26
2018-09-13,19,12,7
2018-09-13,41,20,21
2018-09-13,26,7,19
2018-09-13,46,14,32
2018-09-13,82,22,60
2018-09-13,99,39,60
2018-09-13,75,35,40
2018-09-13,50,24,26
2018-09-13,27,13,14
2018-09-13,21,9,12
2018-09-13,10,2,8
2018-09-13,15,7,8
2018-09-14,3,2,1
2018-09-14,2,2,0
2018-09-14,1,0,1
2018-09-14,2,2,0
2018-09-14,4,0,4
2018-09-14,8,3,5
2018-09-14,17,1,16
2018-09-14,50,14,36
2018-09-14,92,8,84
2018-09-14,58,14,44
2018-09-14,20,3,17
2018-09-14,32,9,23
2018-09-14,30,12,18
2018-09-14,31,13,18
2018-09-14,32,12,20
2018-09-14,43,15,28
2018-09-14,72,23,49
2018-09-14,93,31,62
2018-09-14,56,23,33
2018-09-14,53,25,28
2018-09-14,32,15,17
2018-09-14,21,10,11
2018-09-14,23,12,11
2018-09-14,17,11,6
2018-09-15,17,11,6
2018-09-15,11,6,5
2018-09-15,8,6,2
2018-09-15,8,3,5
2018-09-15,6,2,4
2018-09-15,2,1,1
2018-09-15,5,1,4
2018-09-15,7,4,3
2018-09-15,21,8,13
2018-09-15,33,10,23
2018-09-15,23,12,11
2018-09-15,22,7,15
2018-09-15,22,12,10
2018-09-15,27,9,18
2018-09-15,28,13,15
2018-09-15,25,11,14
2018-09-15,29,12,17
2018-09-15,24,6,18
2018-09-15,18,7,11
2018-09-15,14,7,7
2018-09-15,10,4,6
2018-09-15,8,5,3
2018-09-15,16,9,7
2018-09-15,8,2,6
2018-09-16,12,9,3
2018-09-16,8,3,5
2018-09-16,3,2,1
2018-09-16,1,0,1
2018-09-16,2,1,1
2018-09-16,0,0,0
2018-09-16,2,0,2
2018-09-16,3,1,2
2018-09-16,4,2,2
2018-09-16,4,1,3
2018-09-16,13,5,8
2018-09-16,23,9,14
2018-09-16,30,12,18
2018-09-16,28,14,14
2018-09-16,39,12,27
2018-09-16,34,10,24
2018-09-16,24,9,15
2018-09-16,44,19,25
2018-09-16,31,16,15
2018-09-16,24,6,18
2018-09-16,25,9,16
2018-09-16,14,7,7
2018-09-16,3,2,1
2018-09-16,6,2,4
2018-09-17,3,1,2
2018-09-17,5,3,2
2018-09-17,1,0,1
2018-09-17,1,0,1
2018-09-17,2,0,2
2018-09-17,7,2,5
2018-09-17,35,2,33
2018-09-17,104,16,88
2018-09-17,193,23,170
2018-09-17,98,19,79
2018-09-17,42,9,33
2018-09-17,29,11,18
2018-09-17,33,13,20
2018-09-17,44,12,32
2018-09-17,33,16,17
2018-09-17,62,25,37
2018-09-17,103,40,63
2018-09-17,134,54,80
2018-09-17,79,31,48
2018-09-17,35,20,15
2018-09-17,25,10,15
2018-09-17,23,12,11
2018-09-17,13,7,6
2018-09-17,12,7,5
2018-09-18,10,3,7
2018-09-18,3,1,2
2018-09-18,6,5,1
2018-09-18,5,2,3
2018-09-18,2,0,2
2018-09-18,15,3,12
2018-09-18,41,2,39
2018-09-18,91,10,81
2018-09-18,185,25,160
2018-09-18,96,23,73
2018-09-18,32,7,25
2018-09-18,28,11,17
2018-09-18,23,14,9
2018-09-18,40,17,23
2018-09-18,40,12,28
2018-09-18,48,18,30
2018-09-18,92,22,70
2018-09-18,128,47,81
2018-09-18,72,31,41
2018-09-18,45,21,24
2018-09-18,27,11,16
2018-09-18,21,8,13
2018-09-18,21,9,12
2018-09-18,5,1,4
2018-09-19,7,4,3
2018-09-19,4,0,4
2018-09-19,4,4,0
2018-09-19,3,2,1
2018-09-19,3,2,1
2018-09-19,14,4,10
2018-09-19,34,4,30
2018-09-19,82,15,67
2018-09-19,155,24,131
2018-09-19,106,14,92
2018-09-19,45,11,34
2018-09-19,25,6,19
2018-09-19,32,15,17
2018-09-19,45,11,34
2018-09-19,30,9,21
2018-09-19,43,22,21
2018-09-19,97,39,58
2018-09-19,130,42,88
2018-09-19,89,33,56
2018-09-19,58,18,40
2018-09-19,26,11,15
2018-09-19,10,3,7
2018-09-19,32,23,9
2018-09-19,16,8,8
2018-09-20,3,2,1
2018-09-20,3,1,2
2018-09-20,1,1,0
2018-09-20,3,1,2
2018-09-20,2,1,1
2018-09-20,9,2,7
2018-09-20,32,3,29
2018-09-20,84,12,72
2018-09-20,120,26,94
2018-09-20,86,12,74
2018-09-20,41,13,28
2018-09-20,27,5,22
2018-09-20,29,12,17
2018-09-20,39,13,26
2018-09-20,35,12,23
2018-09-20,61,19,42
2018-09-20,81,24,57
2018-09-20,130,55,75
2018-09-20,80,39,41
2018-09-20,37,15,22
2018-09-20,38,12,26
2018-09-20,17,7,10
2018-09-20,17,8,9
2018-09-20,12,5,7
2018-09-21,3,2,1
2018-09-21,18,9,9
2018-09-21,4,0,4
2018-09-21,2,0,2
2018-09-21,1,1,0
2018-09-21,16,7,9
2018-09-21,28,3,25
2018-09-21,64,10,54
2018-09-21,156,26,130
2018-09-21,77,14,63
2018-09-21,34,9,25
2018-09-21,34,12,22
2018-09-21,28,11,17
2018-09-21,37,15,22
2018-09-21,47,17,30
2018-09-21,63,21,42
2018-09-21,85,25,60
2018-09-21,109,29,80
2018-09-21,62,31,31
2018-09-21,47,14,33
2018-09-21,30,13,17
2018-09-21,23,11,12
2018-09-21,11,7,4
2018-09-21,13,7,6
2018-09-22,9,7,2
2018-09-22,23,10,13
2018-09-22,6,2,4
2018-09-22,3,1,2
2018-09-22,3,2,1
2018-09-22,1,0,1
2018-09-22,6,2,4
2018-09-22,7,2,5
2018-09-22,18,5,13
2018-09-22,13,5,8
2018-09-22,24,11,13
2018-09-22,37,18,19
2018-09-22,36,14,22
2018-09-22,40,19,21
2018-09-22,36,13,23
2018-09-22,50,23,27
2018-09-22,39,14,25
2018-09-22,45,18,27
2018-09-22,29,15,14
2018-09-22,26,13,13
2018-09-22,21,10,11
2018-09-22,10,4,6
2018-09-22,24,14,10
2018-09-22,31,18,13
2018-09-23,12,8,4
2018-09-23,13,6,7
2018-09-23,5,2,3
2018-09-23,2,0,2
2018-09-23,5,4,1
2018-09-23,3,3,0
2018-09-23,3,0,3
2018-09-23,5,1,4
2018-09-23,13,6,7
2018-09-23,20,6,14
2018-09-23,23,5,18
2018-09-23,42,9,33
2018-09-23,46,4,42
2018-09-23,47,18,29
2018-09-23,25,10,15
2018-09-23,21,6,15
2018-09-23,48,26,22
2018-09-23,39,23,16
2018-09-23,35,21,14
2018-09-23,21,5,16
2018-09-23,22,14,8
2018-09-23,18,6,12
2018-09-23,14,6,8
2018-09-23,8,6,2
2018-09-24,5,4,1
2018-09-24,3,3,0
2018-09-24,0,0,0
2018-09-24,3,2,1
2018-09-24,3,0,3
2018-09-24,10,2,8
2018-09-24,40,8,32
2018-09-24,85,8,77
2018-09-24,197,27,170
2018-09-24,87,19,68
2018-09-24,52,12,40
2018-09-24,21,9,12
2018-09-24,33,11,22
2018-09-24,24,11,13
2018-09-24,33,11,22
2018-09-24,34,14,20
2018-09-24,104,40,64
2018-09-24,136,40,96
2018-09-24,71,26,45
2018-09-24,33,16,17
2018-09-24,30,18,12
2018-09-24,16,7,9
2018-09-24,16,8,8
2018-09-24,14,6,8
2018-09-25,13,10,3
2018-09-25,4,2,2
2018-09-25,0,0,0
2018-09-25,9,7,2
2018-09-25,1,0,1
2018-09-25,16,3,13
2018-09-25,47,10,37
2018-09-25,94,10,84
2018-09-25,188,32,156
2018-09-25,93,21,72
2018-09-25,33,7,26
2018-09-25,27,4,23
2018-09-25,34,15,19
2018-09-25,40,21,19
2018-09-25,34,13,21
2018-09-25,41,14,27
2018-09-25,96,32,64
2018-09-25,139,40,99
2018-09-25,85,41,44
2018-09-25,42,17,25
2018-09-25,32,15,17
2018-09-25,31,14,17
2018-09-25,18,13,5
2018-09-25,12,4,8
2018-09-26,5,4,1
2018-09-26,3,0,3
2018-09-26,8,6,2
2018-09-26,2,1,1
2018-09-26,2,1,1
2018-09-26,14,4,10
2018-09-26,39,5,34
2018-09-26,95,8,87
2018-09-26,167,21,146
2018-09-26,87,14,73
2018-09-26,34,9,25
2018-09-26,34,10,24
2018-09-26,23,6,17
2018-09-26,27,9,18
2018-09-26,33,11,22
2018-09-26,63,26,37
2018-09-26,93,28,65
2018-09-26,140,53,87
2018-09-26,83,30,53
2018-09-26,42,18,24
2018-09-26,26,10,16
2018-09-26,25,14,11
2018-09-26,8,6,2
2018-09-26,5,3,2
2018-09-27,6,4,2
2018-09-27,2,2,0
2018-09-27,2,0,2
2018-09-27,2,1,1
2018-09-27,0,0,0
2018-09-27,25,7,18
2018-09-27,37,7,30
2018-09-27,80,8,72
2018-09-27,162,23,139
2018-09-27,88,14,74
2018-09-27,34,9,25
2018-09-27,46,18,28
2018-09-27,35,15,20
2018-09-27,24,13,11
2018-09-27,32,14,18
2018-09-27,30,10,20
2018-09-27,106,39,67
2018-09-27,127,52,75
2018-09-27,78,33,45
2018-09-27,45,21,24
2018-09-27,21,9,12
2018-09-27,17,9,8
2018-09-27,14,7,7
2018-09-27,18,8,10
2018-09-28,4,1,3
2018-09-28,9,6,3
2018-09-28,2,1,1
2018-09-28,1,1,0
2018-09-28,4,1,3
2018-09-28,14,2,12
2018-09-28,36,5,31
2018-09-28,83,8,75
2018-09-28,151,20,131
2018-09-28,78,18,60
2018-09-28,45,12,33
2018-09-28,39,7,32
2018-09-28,37,17,20
2018-09-28,42,17,25
2018-09-28,40,14,26
2018-09-28,79,30,49
2018-09-28,106,45,61
2018-09-28,121,44,77
2018-09-28,70,23,47
2018-09-28,49,24,25
2018-09-28,32,19,13
2018-09-28,31,12,19
2018-09-28,21,12,9
2018-09-28,18,5,13
2018-09-29,17,9,8
2018-09-29,8,4,4
2018-09-29,10,6,4
2018-09-29,3,1,2
2018-09-29,2,2,0
2018-09-29,5,2,3
2018-09-29,3,1,2
2018-09-29,6,3,3
2018-09-29,18,7,11
2018-09-29,26,7,19
2018-09-29,15,3,12
2018-09-29,56,12,44
2018-09-29,74,11,63
2018-09-29,48,16,32
2018-09-29,46,17,29
2018-09-29,76,40,36
2018-09-29,34,20,14
2018-09-29,34,10,24
2018-09-29,32,11,21
2018-09-29,26,16,10
2018-09-29,13,4,9
2018-09-29,16,9,7
2018-09-29,19,8,11
2018-09-29,9,4,5
2018-09-30,6,5,1
2018-09-30,5,3,2
2018-09-30,7,5,2
2018-09-30,3,2,1
2018-09-30,0,0,0
2018-09-30,2,0,2
2018-09-30,3,2,1
2018-09-30,5,3,2
2018-09-30,13,3,10
2018-09-30,16,2,14
2018-09-30,11,3,8
2018-09-30,37,9,28
2018-09-30,25,13,12
2018-09-30,37,16,21
2018-09-30,19,8,11
2018-09-30,26,10,16
2018-09-30,25,8,17
2018-09-30,17,8,9
2018-09-30,27,10,17
2018-09-30,24,13,11
2018-09-30,15,10,5
2018-09-30,12,5,7
2018-09-30,3,2,1
2018-09-30,14,8,6
2018-10-01,5,2,3
2018-10-01,4,1,3
2018-10-01,1,1,0
2018-10-01,3,2,1
2018-10-01,0,0,0
2018-10-01,8,3,5
2018-10-01,35,4,31
2018-10-01,74,10,64
2018-10-01,139,20,119
2018-10-01,75,12,63
2018-10-01,22,4,18
2018-10-01,15,5,10
2018-10-01,19,5,14
2018-10-01,24,9,15
2018-10-01,20,6,14
2018-10-01,35,13,22
2018-10-01,68,18,50
2018-10-01,84,26,58
2018-10-01,51,24,27
2018-10-01,18,6,12
2018-10-01,26,13,13
2018-10-01,13,9,4
2018-10-01,18,6,12
2018-10-01,10,4,6
2018-10-02,3,1,2
2018-10-02,5,0,5
2018-10-02,4,2,2
2018-10-02,2,1,1
2018-10-02,5,2,3
2018-10-02,16,4,12
2018-10-02,37,3,34
2018-10-02,70,9,61
2018-10-02,140,24,116
2018-10-02,91,16,75
2018-10-02,35,7,28
2018-10-02,22,8,14
2018-10-02,32,13,19
2018-10-02,23,7,16
2018-10-02,40,14,26
2018-10-02,45,17,28
2018-10-02,71,17,54
2018-10-02,129,49,80
2018-10-02,65,23,42
2018-10-02,27,11,16
2018-10-02,9,2,7
2018-10-02,14,9,5
2018-10-02,18,3,15
2018-10-02,14,7,7
2018-10-03,10,3,7
2018-10-03,2,0,2
2018-10-03,1,1,0
2018-10-03,1,0,1
2018-10-03,2,1,1
2018-10-03,16,5,11
2018-10-03,38,2,36
2018-10-03,84,5,79
2018-10-03,148,28,120
2018-10-03,85,16,69
2018-10-03,35,5,30
2018-10-03,28,7,21
2018-10-03,34,13,21
2018-10-03,21,8,13
2018-10-03,23,5,18
2018-10-03,42,17,25
2018-10-03,84,37,47
2018-10-03,128,45,83
2018-10-03,85,29,56
2018-10-03,33,13,20
2018-10-03,26,10,16
2018-10-03,18,9,9
2018-10-03,15,8,7
2018-10-03,15,7,8
2018-10-04,2,0,2
2018-10-04,2,2,0
2018-10-04,3,3,0
2018-10-04,5,3,2
2018-10-04,2,1,1
2018-10-04,18,4,14
2018-10-04,42,4,38
2018-10-04,77,11,66
2018-10-04,140,19,121
2018-10-04,89,21,68
2018-10-04,29,8,21
2018-10-04,41,18,23
2018-10-04,23,9,14
2018-10-04,24,8,16
2018-10-04,28,11,17
2018-10-04,43,15,28
2018-10-04,89,30,59
2018-10-04,155,47,108
2018-10-04,86,33,53
2018-10-04,34,14,20
2018-10-04,20,8,12
2018-10-04,21,12,9
2018-10-04,9,5,4
2018-10-04,10,6,4
2018-10-05,12,9,3
2018-10-05,9,5,4
2018-10-05,1,1,0
2018-10-05,5,4,1
2018-10-05,1,0,1
2018-10-05,8,2,6
2018-10-05,13,3,10
2018-10-05,47,7,40
2018-10-05,93,17,76
2018-10-05,50,12,38
2018-10-05,23,3,20
2018-10-05,23,5,18
2018-10-05,13,7,6
2018-10-05,19,9,10
2018-10-05,20,4,16
2018-10-05,36,12,24
2018-10-05,58,19,39
2018-10-05,69,24,45
2018-10-05,35,9,26
2018-10-05,33,19,14
2018-10-05,17,6,11
2018-10-05,16,9,7
2018-10-05,11,7,4
2018-10-05,17,7,10
2018-10-06,6,4,2
2018-10-06,7,3,4
2018-10-06,6,5,1
2018-10-06,2,2,0
2018-10-06,1,0,1
2018-10-06,3,0,3
2018-10-06,4,0,4
2018-10-06,5,2,3
2018-10-06,17,4,13
2018-10-06,24,6,18
2018-10-06,13,5,8
2018-10-06,23,8,15
2018-10-06,37,11,26
2018-10-06,53,22,31
2018-10-06,34,10,24
2018-10-06,43,17,26
2018-10-06,47,21,26
2018-10-06,36,19,17
2018-10-06,24,9,15
2018-10-06,16,5,11
2018-10-06,34,14,20
2018-10-06,16,8,8
2018-10-06,12,4,8
2018-10-06,17,7,10
2018-10-07,11,8,3
2018-10-07,15,5,10
2018-10-07,5,3,2
2018-10-07,6,6,0
2018-10-07,0,0,0
2018-10-07,1,0,1
2018-10-07,3,1,2
2018-10-07,8,5,3
2018-10-07,11,2,9
2018-10-07,12,2,10
2018-10-07,17,6,11
2018-10-07,16,9,7
2018-10-07,29,8,21
2018-10-07,15,4,11
2018-10-07,14,9,5
2018-10-07,23,7,16
2018-10-07,12,5,7
2018-10-07,48,25,23
2018-10-07,13,9,4
2018-10-07,13,4,9
2018-10-07,15,5,10
2018-10-07,6,5,1
2018-10-07,8,3,5
2018-10-07,8,4,4
2018-10-08,5,3,2
2018-10-08,3,1,2
2018-10-08,1,0,1
2018-10-08,2,1,1
2018-10-08,4,0,4
2018-10-08,6,1,5
2018-10-08,27,6,21
2018-10-08,44,3,41
2018-10-08,107,15,92
2018-10-08,65,11,54
2018-10-08,35,9,26
2018-10-08,17,3,14
2018-10-08,12,4,8
2018-10-08,15,5,10
2018-10-08,15,5,10
2018-10-08,27,6,21
2018-10-08,50,6,44
2018-10-08,86,32,54
2018-10-08,52,19,33
2018-10-08,27,12,15
2018-10-08,14,8,6
2018-10-08,10,6,4
2018-10-08,23,15,8
2018-10-08,14,7,7
2018-10-09,1,0,1
2018-10-09,7,4,3
2018-10-09,4,2,2
2018-10-09,5,1,4
2018-10-09,1,0,1
2018-10-09,15,5,10
2018-10-09,36,1,35
2018-10-09,64,8,56
2018-10-09,115,17,98
2018-10-09,77,13,64
2018-10-09,36,9,27
2018-10-09,22,4,18
2018-10-09,27,14,13
2018-10-09,18,5,13
2018-10-09,33,11,22
2018-10-09,31,10,21
2018-10-09,59,17,42
2018-10-09,107,43,64
2018-10-09,77,28,49
2018-10-09,37,21,16
2018-10-09,36,17,19
2018-10-09,21,9,12
2018-10-09,16,8,8
2018-10-09,11,6,5
2018-10-10,5,3,2
2018-10-10,4,4,0
2018-10-10,1,1,0
2018-10-10,2,0,2
2018-10-10,3,1,2
2018-10-10,12,1,11
2018-10-10,37,6,31
2018-10-10,88,10,78
2018-10-10,150,28,122
2018-10-10,84,13,71
2018-10-10,36,4,32
2018-10-10,28,10,18
2018-10-10,43,15,28
2018-10-10,39,12,27
2018-10-10,29,7,22
2018-10-10,38,13,25
2018-10-10,79,29,50
2018-10-10,147,57,90
2018-10-10,90,47,43
2018-10-10,51,21,30
2018-10-10,38,19,19
2018-10-10,17,7,10
2018-10-10,11,7,4
2018-10-10,12,8,4
2018-10-11,9,5,4
2018-10-11,3,3,0
2018-10-11,1,1,0
2018-10-11,4,2,2
2018-10-11,7,3,4
2018-10-11,10,1,9
2018-10-11,36,9,27
2018-10-11,76,7,69
2018-10-11,157,22,135
2018-10-11,89,14,75
2018-10-11,40,7,33
2018-10-11,32,12,20
2018-10-11,27,9,18
2018-10-11,41,11,30
2018-10-11,26,11,15
2018-10-11,55,25,30
2018-10-11,86,26,60
2018-10-11,128,57,71
2018-10-11,73,36,37
2018-10-11,43,18,25
2018-10-11,31,14,17
2018-10-11,21,13,8
2018-10-11,13,6,7
2018-10-11,16,8,8
2018-10-12,10,7,3
2018-10-12,9,5,4
2018-10-12,3,3,0
2018-10-12,5,2,3
2018-10-12,4,2,2
2018-10-12,8,0,8
2018-10-12,29,4,25
2018-10-12,57,6,51
2018-10-12,120,20,100
2018-10-12,84,12,72
2018-10-12,46,8,38
2018-10-12,25,5,20
2018-10-12,31,10,21
2018-10-12,49,17,32
2018-10-12,50,24,26
2018-10-12,60,17,43
2018-10-12,100,35,65
2018-10-12,126,45,81
2018-10-12,63,26,37
2018-10-12,41,18,23
2018-10-12,14,5,9
2018-10-12,16,6,10
2018-10-12,16,4,12
2018-10-12,18,7,11
2018-10-13,9,6,3
2018-10-13,6,5,1
2018-10-13,8,4,4
2018-10-13,2,2,0
2018-10-13,2,0,2
2018-10-13,2,1,1
2018-10-13,3,0,3
2018-10-13,10,1,9
2018-10-13,10,2,8
2018-10-13,19,1,18
2018-10-13,16,1,15
2018-10-13,18,5,13
2018-10-13,26,9,17
2018-10-13,18,5,13
2018-10-13,31,8,23
2018-10-13,26,9,17
2018-10-13,29,6,23
2018-10-13,35,7,28
2018-10-13,34,12,22
2018-10-13,13,6,7
2018-10-13,16,4,12
2018-10-13,16,7,9
2018-10-13,17,4,13
2018-10-13,15,6,9
2018-10-14,15,7,8
2018-10-14,14,8,6
2018-10-14,6,4,2
2018-10-14,1,1,0
2018-10-14,0,0,0
2018-10-14,2,2,0
2018-10-14,2,0,2
2018-10-14,2,1,1
2018-10-14,4,0,4
2018-10-14,5,2,3
2018-10-14,0,0,0
2018-10-14,0,0,0
2018-10-14,0,0,0
2018-10-14,0,0,0
2018-10-14,0,0,0
2018-10-14,0,0,0
2018-10-14,0,0,0
2018-10-14,0,0,0
2018-10-14,0,0,0
2018-10-14,0,0,0
2018-10-14,0,0,0
2018-10-14,0,0,0
2018-10-14,0,0,0
2018-10-14,0,0,0
2018-10-15,0,0,0
2018-10-15,0,0,0
2018-10-15,0,0,0
2018-10-15,0,0,0
2018-10-15,0,0,0
2018-10-15,0,0,0
2018-10-15,0,0,0
2018-10-15,0,0,0
2018-10-15,0,0,0
2018-10-15,0,0,0
2018-10-15,0,0,0
2018-10-15,0,0,0
2018-10-15,0,0,0
2018-10-15,0,0,0
2018-10-15,0,0,0
2018-10-15,0,0,0
2018-10-15,0,0,0
2018-10-15,0,0,0
2018-10-15,0,0,0
2018-10-15,0,0,0
2018-10-15,0,0,0
2018-10-15,0,0,0
2018-10-15,0,0,0
2018-10-15,0,0,0
2018-10-16,1,1,0
2018-10-16,0,0,0
2018-10-16,0,0,0
2018-10-16,0,0,0
2018-10-16,0,0,0
2018-10-16,0,0,0
2018-10-16,0,0,0
2018-10-16,0,0,0
2018-10-16,0,0,0
2018-10-16,0,0,0
2018-10-16,0,0,0
2018-10-16,2,0,2
2018-10-16,1,1,0
2018-10-16,0,0,0
2018-10-16,0,0,0
2018-10-16,1,0,1
2018-10-16,0,0,0
2018-10-16,0,0,0
2018-10-16,0,0,0
2018-10-16,0,0,0
2018-10-16,0,0,0
2018-10-16,0,0,0
2018-10-16,0,0,0
2018-10-16,0,0,0
2018-10-17,0,0,0
2018-10-17,0,0,0
2018-10-17,0,0,0
2018-10-17,0,0,0
2018-10-17,0,0,0
2018-10-17,0,0,0
2018-10-17,0,0,0
2018-10-17,0,0,0
2018-10-17,0,0,0
2018-10-17,0,0,0
2018-10-17,0,0,0
2018-10-17,0,0,0
2018-10-17,2,2,0
2018-10-17,0,0,0
2018-10-17,0,0,0
2018-10-17,0,0,0
2018-10-17,0,0,0
2018-10-17,1,1,0
2018-10-17,0,0,0
2018-10-17,0,0,0
2018-10-17,0,0,0
2018-10-17,0,0,0
2018-10-17,0,0,0
2018-10-17,0,0,0
2018-10-18,0,0,0
2018-10-18,0,0,0
2018-10-18,0,0,0
2018-10-18,0,0,0
2018-10-18,0,0,0
2018-10-18,0,0,0
2018-10-18,0,0,0
2018-10-18,0,0,0
2018-10-18,0,0,0
2018-10-18,0,0,0
2018-10-18,1,1,0
2018-10-18,2,2,0
2018-10-18,0,0,0
2018-10-18,0,0,0
2018-10-18,1,1,0
2018-10-18,0,0,0
2018-10-18,0,0,0
2018-10-18,0,0,0
2018-10-18,0,0,0
2018-10-18,2,2,0
2018-10-18,0,0,0
2018-10-18,0,0,0
2018-10-18,0,0,0
2018-10-18,0,0,0
2018-10-19,0,0,0
2018-10-19,0,0,0
2018-10-19,0,0,0
2018-10-19,0,0,0
2018-10-19,0,0,0
2018-10-19,0,0,0
2018-10-19,0,0,0
2018-10-19,0,0,0
2018-10-19,0,0,0
2018-10-19,0,0,0
2018-10-19,0,0,0
2018-10-19,0,0,0
2018-10-19,0,0,0
2018-10-19,0,0,0
2018-10-19,0,0,0
2018-10-19,0,0,0
2018-10-19,0,0,0
2018-10-19,0,0,0
2018-10-19,0,0,0
2018-10-19,0,0,0
2018-10-19,0,0,0
2018-10-19,1,1,0
2018-10-19,0,0,0
2018-10-19,0,0,0
2018-10-20,0,0,0
2018-10-20,0,0,0
2018-10-20,0,0,0
2018-10-20,0,0,0
2018-10-20,0,0,0
2018-10-20,0,0,0
2018-10-20,0,0,0
2018-10-20,0,0,0
2018-10-20,0,0,0
2018-10-20,0,0,0
2018-10-20,0,0,0
2018-10-20,0,0,0
2018-10-20,0,0,0
2018-10-20,0,0,0
2018-10-20,0,0,0
2018-10-20,1,1,0
2018-10-20,0,0,0
2018-10-20,0,0,0
2018-10-20,0,0,0
2018-10-20,0,0,0
2018-10-20,0,0,0
2018-10-20,0,0,0
2018-10-20,0,0,0
2018-10-20,0,0,0
2018-10-21,0,0,0
2018-10-21,0,0,0
2018-10-21,0,0,0
2018-10-21,0,0,0
2018-10-21,0,0,0
2018-10-21,0,0,0
2018-10-21,0,0,0
2018-10-21,0,0,0
2018-10-21,0,0,0
2018-10-21,0,0,0
2018-10-21,0,0,0
2018-10-21,0,0,0
2018-10-21,0,0,0
2018-10-21,0,0,0
2018-10-21,0,0,0
2018-10-21,0,0,0
2018-10-21,0,0,0
2018-10-21,0,0,0
2018-10-21,0,0,0
2018-10-21,0,0,0
2018-10-21,0,0,0
2018-10-21,1,0,1
2018-10-21,0,0,0
2018-10-21,0,0,0
2018-10-22,0,0,0
2018-10-22,0,0,0
2018-10-22,0,0,0
2018-10-22,0,0,0
2018-10-22,0,0,0
2018-10-22,0,0,0
2018-10-22,0,0,0
2018-10-22,0,0,0
2018-10-22,0,0,0
2018-10-22,0,0,0
2018-10-22,0,0,0
2018-10-22,0,0,0
2018-10-22,0,0,0
2018-10-22,11,7,4
2018-10-22,29,12,17
2018-10-22,55,27,28
2018-10-22,67,13,54
2018-10-22,97,35,62
2018-10-22,70,27,43
2018-10-22,29,12,17
2018-10-22,17,10,7
2018-10-22,9,4,5
2018-10-22,7,3,4
2018-10-22,5,3,2
2018-10-23,12,7,5
2018-10-23,5,4,1
2018-10-23,8,2,6
2018-10-23,1,1,0
2018-10-23,2,0,2
2018-10-23,12,1,11
2018-10-23,42,8,34
2018-10-23,71,5,66
2018-10-23,119,22,97
2018-10-23,78,8,70
2018-10-23,30,7,23
2018-10-23,18,4,14
2018-10-23,18,5,13
2018-10-23,31,15,16
2018-10-23,20,7,13
2018-10-23,54,27,27
2018-10-23,81,25,56
2018-10-23,118,41,77
2018-10-23,59,24,35
2018-10-23,23,11,12
2018-10-23,11,5,6
2018-10-23,12,6,6
2018-10-23,8,3,5
2018-10-23,4,2,2
2018-10-24,4,1,3
2018-10-24,6,4,2
2018-10-24,2,1,1
2018-10-24,4,1,3
2018-10-24,2,1,1
2018-10-24,9,3,6
2018-10-24,42,3,39
2018-10-24,64,7,57
2018-10-24,144,23,121
2018-10-24,69,12,57
2018-10-24,34,7,27
2018-10-24,29,13,16
2018-10-24,33,14,19
2018-10-24,33,11,22
2018-10-24,30,11,19
2018-10-24,47,18,29
2018-10-24,83,29,54
2018-10-24,119,47,72
2018-10-24,69,27,42
2018-10-24,36,10,26
2018-10-24,21,8,13
2018-10-24,18,11,7
2018-10-24,13,5,8
2018-10-24,9,4,5
2018-10-25,15,8,7
2018-10-25,7,5,2
2018-10-25,4,4,0
2018-10-25,7,5,2
2018-10-25,1,0,1
2018-10-25,6,2,4
2018-10-25,30,5,25
2018-10-25,66,9,57
2018-10-25,88,15,73
2018-10-25,51,9,42
2018-10-25,21,8,13
2018-10-25,16,5,11
2018-10-25,10,4,6
2018-10-25,15,6,9
2018-10-25,20,7,13
2018-10-25,29,9,20
2018-10-25,67,25,42
2018-10-25,88,34,54
2018-10-25,38,15,23
2018-10-25,29,9,20
2018-10-25,26,12,14
2018-10-25,14,8,6
2018-10-25,9,5,4
2018-10-25,14,6,8
2018-10-26,7,4,3
2018-10-26,4,1,3
2018-10-26,0,0,0
2018-10-26,2,1,1
2018-10-26,1,0,1
2018-10-26,5,1,4
2018-10-26,27,8,19
2018-10-26,47,4,43
2018-10-26,84,16,68
2018-10-26,74,16,58
2018-10-26,22,3,19
2018-10-26,31,10,21
2018-10-26,31,16,15
2018-10-26,42,13,29
2018-10-26,36,11,25
2018-10-26,49,18,31
2018-10-26,72,26,46
2018-10-26,74,30,44
2018-10-26,60,25,35
2018-10-26,30,12,18
2018-10-26,14,10,4
2018-10-26,13,7,6
2018-10-26,15,8,7
2018-10-26,15,9,6
2018-10-27,12,8,4
2018-10-27,12,8,4
2018-10-27,8,4,4
2018-10-27,5,4,1
2018-10-27,2,1,1
2018-10-27,3,1,2
2018-10-27,4,1,3
2018-10-27,7,2,5
2018-10-27,9,6,3
2018-10-27,15,5,10
2018-10-27,13,5,8
2018-10-27,20,7,13
2018-10-27,24,11,13
2018-10-27,22,5,17
2018-10-27,36,13,23
2018-10-27,18,9,9
2018-10-27,28,15,13
2018-10-27,10,4,6
2018-10-27,16,5,11
2018-10-27,6,4,2
2018-10-27,5,1,4
2018-10-27,8,4,4
2018-10-27,10,4,6
2018-10-27,7,5,2
2018-10-28,6,2,4
2018-10-28,7,3,4
2018-10-28,3,1,2
2018-10-28,4,4,0
2018-10-28,0,0,0
2018-10-28,2,2,0
2018-10-28,3,2,1
2018-10-28,1,1,0
2018-10-28,8,2,6
2018-10-28,11,5,6
2018-10-28,12,1,11
2018-10-28,13,3,10
2018-10-28,23,5,18
2018-10-28,20,7,13
2018-10-28,24,12,12
2018-10-28,12,4,8
2018-10-28,21,11,10
2018-10-28,15,6,9
2018-10-28,13,2,11
2018-10-28,9,2,7
2018-10-28,5,3,2
2018-10-28,5,0,5
2018-10-28,8,3,5
2018-10-28,10,5,5
2018-10-29,1,1,0
2018-10-29,1,1,0
2018-10-29,3,1,2
2018-10-29,1,1,0
2018-10-29,2,1,1
2018-10-29,8,4,4
2018-10-29,34,5,29
2018-10-29,57,4,53
2018-10-29,125,20,105
2018-10-29,70,14,56
2018-10-29,33,5,28
2018-10-29,29,10,19
2018-10-29,27,8,19
2018-10-29,21,10,11
2018-10-29,20,3,17
2018-10-29,26,6,20
2018-10-29,57,16,41
2018-10-29,107,42,65
2018-10-29,65,23,42
2018-10-29,25,10,15
2018-10-29,14,10,4
2018-10-29,5,3,2
2018-10-29,13,6,7
2018-10-29,10,3,7
2018-10-30,6,2,4
2018-10-30,3,1,2
2018-10-30,3,2,1
2018-10-30,2,2,0
2018-10-30,0,0,0
2018-10-30,15,5,10
2018-10-30,40,7,33
2018-10-30,65,5,60
2018-10-30,135,15,120
2018-10-30,103,23,80
2018-10-30,24,4,20
2018-10-30,23,10,13
2018-10-30,24,7,17
2018-10-30,23,5,18
2018-10-30,28,12,16
2018-10-30,34,14,20
2018-10-30,71,24,47
2018-10-30,122,42,80
2018-10-30,70,36,34
2018-10-30,27,8,19
2018-10-30,19,12,7
2018-10-30,10,5,5
2018-10-30,10,3,7
2018-10-30,9,3,6
2018-10-31,8,5,3
2018-10-31,6,2,4
2018-10-31,2,1,1
2018-10-31,0,0,0
2018-10-31,4,3,1
2018-10-31,7,0,7
2018-10-31,30,5,25
2018-10-31,65,8,57
2018-10-31,106,23,83
2018-10-31,81,15,66
2018-10-31,33,4,29
2018-10-31,22,7,15
2018-10-31,24,10,14
2018-10-31,22,8,14
2018-10-31,30,6,24
2018-10-31,46,9,37
2018-10-31,82,25,57
2018-10-31,84,34,50
2018-10-31,52,18,34
2018-10-31,27,13,14
2018-10-31,13,6,7
2018-10-31,21,13,8
2018-10-31,14,7,7
2018-10-31,14,8,6
2018-11-01,6,4,2
2018-11-01,5,2,3
2018-11-01,3,1,2
2018-11-01,0,0,0
2018-11-01,1,0,1
2018-11-01,9,3,6
2018-11-01,35,8,27
2018-11-01,64,10,54
2018-11-01,109,17,92
2018-11-01,76,14,62
2018-11-01,25,4,21
2018-11-01,22,10,12
2018-11-01,23,9,14
2018-11-01,18,8,10
2018-11-01,22,6,16
2018-11-01,47,18,29
2018-11-01,72,22,50
2018-11-01,106,37,69
2018-11-01,75,29,46
2018-11-01,35,11,24
2018-11-01,26,11,15
2018-11-01,26,14,12
2018-11-01,16,8,8
2018-11-01,9,5,4
2018-11-02,9,8,1
2018-11-02,3,3,0
2018-11-02,2,0,2
2018-11-02,2,0,2
2018-11-02,2,0,2
2018-11-02,13,4,9
2018-11-02,20,5,15
2018-11-02,65,10,55
2018-11-02,115,21,94
2018-11-02,67,12,55
2018-11-02,34,5,29
2018-11-02,21,10,11
2018-11-02,21,11,10
2018-11-02,31,11,20
2018-11-02,34,14,20
2018-11-02,63,30,33
2018-11-02,81,31,50
2018-11-02,87,29,58
2018-11-02,50,11,39
2018-11-02,32,11,21
2018-11-02,23,9,14
2018-11-02,15,9,6
2018-11-02,28,8,20
2018-11-02,11,5,6
2018-11-03,14,6,8
2018-11-03,7,3,4
2018-11-03,11,5,6
2018-11-03,2,1,1
2018-11-03,1,1,0
2018-11-03,1,1,0
2018-11-03,2,1,1
2018-11-03,6,2,4
2018-11-03,8,2,6
2018-11-03,11,3,8
2018-11-03,10,3,7
2018-11-03,23,6,17
2018-11-03,8,3,5
2018-11-03,9,2,7
2018-11-03,11,5,6
2018-11-03,19,3,16
2018-11-03,24,11,13
2018-11-03,23,7,16
2018-11-03,23,8,15
2018-11-03,13,8,5
2018-11-03,12,4,8
2018-11-03,11,3,8
2018-11-03,13,6,7
2018-11-03,8,3,5
2018-11-04,8,4,4
2018-11-04,9,4,5
2018-11-04,2,0,2
2018-11-04,2,2,0
2018-11-04,0,0,0
2018-11-04,3,2,1
2018-11-04,4,2,2
2018-11-04,10,3,7
2018-11-04,7,2,5
2018-11-04,18,7,11
2018-11-04,24,8,16
2018-11-04,32,11,21
2018-11-04,24,6,18
2018-11-04,36,20,16
2018-11-04,36,12,24
2018-11-04,24,11,13
2018-11-04,32,12,20
2018-11-04,32,19,13
2018-11-04,24,13,11
2018-11-04,27,16,11
2018-11-04,7,3,4
2018-11-04,3,3,0
2018-11-04,7,4,3
2018-11-04,11,8,3
2018-11-05,10,8,2
2018-11-05,6,5,1
2018-11-05,0,0,0
2018-11-05,2,2,0
2018-11-05,4,0,4
2018-11-05,13,3,10
2018-11-05,39,6,33
2018-11-05,71,7,64
2018-11-05,114,22,92
2018-11-05,63,12,51
2018-11-05,29,5,24
2018-11-05,18,10,8
2018-11-05,21,7,14
2018-11-05,21,6,15
2018-11-05,19,8,11
2018-11-05,38,15,23
2018-11-05,47,15,32
2018-11-05,96,35,61
2018-11-05,55,25,30
2018-11-05,32,16,16
2018-11-05,28,14,14
2018-11-05,10,6,4
2018-11-05,7,3,4
2018-11-05,21,4,17
2018-11-06,6,3,3
2018-11-06,0,0,0
2018-11-06,2,2,0
2018-11-06,3,1,2
2018-11-06,2,0,2
2018-11-06,10,2,8
2018-11-06,39,3,36
2018-11-06,73,10,63
2018-11-06,117,17,100
2018-11-06,76,10,66
2018-11-06,31,8,23
2018-11-06,19,9,10
2018-11-06,34,13,21
2018-11-06,29,12,17
2018-11-06,24,7,17
2018-11-06,50,17,33
2018-11-06,81,26,55
2018-11-06,97,28,69
2018-11-06,62,26,36
2018-11-06,30,12,18
2018-11-06,18,3,15
2018-11-06,21,6,15
2018-11-06,17,9,8
2018-11-06,7,3,4
2018-11-07,8,4,4
2018-11-07,1,1,0
2018-11-07,2,1,1
2018-11-07,3,2,1
2018-11-07,4,2,2
2018-11-07,21,5,16
2018-11-07,26,5,21
2018-11-07,64,5,59
2018-11-07,134,17,117
2018-11-07,67,13,54
2018-11-07,32,7,25
2018-11-07,31,16,15
2018-11-07,23,9,14
2018-11-07,23,8,15
2018-11-07,31,7,24
2018-11-07,44,13,31
2018-11-07,68,17,51
2018-11-07,104,35,69
2018-11-07,69,32,37
2018-11-07,40,14,26
2018-11-07,20,5,15
2018-11-07,19,13,6
2018-11-07,8,4,4
2018-11-07,11,3,8
2018-11-08,13,5,8
2018-11-08,2,2,0
2018-11-08,2,1,1
2018-11-08,3,2,1
2018-11-08,2,0,2
2018-11-08,10,4,6
2018-11-08,31,6,25
2018-11-08,63,7,56
2018-11-08,126,21,105
2018-11-08,71,12,59
2018-11-08,28,5,23
2018-11-08,27,14,13
2018-11-08,43,16,27
2018-11-08,36,12,24
2018-11-08,38,14,24
2018-11-08,53,19,34
2018-11-08,95,32,63
2018-11-08,112,38,74
2018-11-08,81,27,54
2018-11-08,44,23,21
2018-11-08,39,14,25
2018-11-08,27,12,15
2018-11-08,19,13,6
2018-11-08,29,22,7
2018-11-09,6,2,4
2018-11-09,12,8,4
2018-11-09,0,0,0
2018-11-09,0,0,0
2018-11-09,0,0,0
2018-11-09,8,2,6
2018-11-09,25,6,19
2018-11-09,61,4,57
2018-11-09,102,20,82
2018-11-09,64,14,50
2018-11-09,18,5,13
2018-11-09,20,10,10
2018-11-09,16,6,10
2018-11-09,29,9,20
2018-11-09,34,8,26
2018-11-09,56,19,37
2018-11-09,71,15,56
2018-11-09,79,28,51
2018-11-09,47,16,31
2018-11-09,29,12,17
2018-11-09,26,16,10
2018-11-09,17,9,8
2018-11-09,19,8,11
2018-11-09,8,4,4
2018-11-10,17,9,8
2018-11-10,12,8,4
2018-11-10,5,2,3
2018-11-10,3,3,0
2018-11-10,0,0,0
2018-11-10,0,0,0
2018-11-10,2,1,1
2018-11-10,8,4,4
2018-11-10,12,4,8
2018-11-10,22,3,19
2018-11-10,20,6,14
2018-11-10,32,9,23
2018-11-10,29,8,21
2018-11-10,30,12,18
2018-11-10,36,19,17
2018-11-10,25,5,20
2018-11-10,38,11,27
2018-11-10,27,12,15
2018-11-10,23,13,10
2018-11-10,34,13,21
2018-11-10,21,8,13
2018-11-10,13,7,6
2018-11-10,16,7,9
2018-11-10,8,2,6
2018-11-11,10,3,7
2018-11-11,13,4,9
2018-11-11,4,0,4
2018-11-11,2,1,1
2018-11-11,1,0,1
2018-11-11,1,1,0
2018-11-11,2,2,0
2018-11-11,5,2,3
2018-11-11,6,2,4
2018-11-11,20,14,6
2018-11-11,16,6,10
2018-11-11,32,5,27
2018-11-11,47,25,22
2018-11-11,30,9,21
2018-11-11,23,10,13
2018-11-11,27,10,17
2018-11-11,31,11,20
2018-11-11,11,6,5
2018-11-11,18,8,10
2018-11-11,19,10,9
2018-11-11,20,8,12
2018-11-11,7,6,1
2018-11-11,10,7,3
2018-11-11,4,2,2
2018-11-12,5,2,3
2018-11-12,5,3,2
2018-11-12,2,1,1
2018-11-12,0,0,0
2018-11-12,5,1,4
2018-11-12,6,0,6
2018-11-12,29,11,18
2018-11-12,59,6,53
2018-11-12,86,11,75
2018-11-12,66,12,54
2018-11-12,40,6,34
2018-11-12,27,9,18
2018-11-12,22,7,15
2018-11-12,33,12,21
2018-11-12,38,15,23
2018-11-12,30,7,23
2018-11-12,48,13,35
2018-11-12,90,29,61
2018-11-12,60,24,36
2018-11-12,28,11,17
2018-11-12,12,7,5
2018-11-12,13,9,4
2018-11-12,13,5,8
2018-11-12,3,0,3
2018-11-13,7,6,1
2018-11-13,5,3,2
2018-11-13,2,1,1
2018-11-13,2,0,2
2018-11-13,3,0,3
2018-11-13,7,1,6
2018-11-13,35,5,30
2018-11-13,68,7,61
2018-11-13,134,21,113
2018-11-13,89,20,69
2018-11-13,37,7,30
2018-11-13,29,8,21
2018-11-13,26,11,15
2018-11-13,27,13,14
2018-11-13,26,11,15
2018-11-13,39,19,20
2018-11-13,70,15,55
2018-11-13,104,33,71
2018-11-13,60,19,41
2018-11-13,32,21,11
2018-11-13,28,10,18
2018-11-13,19,8,11
2018-11-13,11,5,6
2018-11-13,10,7,3
2018-11-14,3,1,2
2018-11-14,7,6,1
2018-11-14,2,1,1
2018-11-14,0,0,0
2018-11-14,0,0,0
2018-11-14,12,3,9
2018-11-14,29,3,26
2018-11-14,53,7,46
2018-11-14,92,25,67
2018-11-14,51,11,40
2018-11-14,17,3,14
2018-11-14,29,10,19
2018-11-14,18,5,13
2018-11-14,20,3,17
2018-11-14,20,13,7
2018-11-14,29,15,14
2018-11-14,73,18,55
2018-11-14,87,32,55
2018-11-14,68,27,41
2018-11-14,28,11,17
2018-11-14,30,13,17
2018-11-14,15,9,6
2018-11-14,14,6,8
2018-11-14,7,4,3
2018-11-15,10,5,5
2018-11-15,6,3,3
2018-11-15,4,3,1
2018-11-15,0,0,0
2018-11-15,1,0,1
2018-11-15,8,1,7
2018-11-15,35,4,31
2018-11-15,62,9,53
2018-11-15,137,24,113
2018-11-15,80,16,64
2018-11-15,39,10,29
2018-11-15,23,4,19
2018-11-15,31,11,20
2018-11-15,33,6,27
2018-11-15,37,15,22
2018-11-15,68,19,49
2018-11-15,109,21,88
2018-11-15,110,37,73
2018-11-15,46,22,24
2018-11-15,26,10,16
2018-11-15,44,25,19
2018-11-15,34,21,13
2018-11-15,10,5,5
2018-11-15,6,4,2
2018-11-16,5,2,3
2018-11-16,5,3,2
2018-11-16,0,0,0
2018-11-16,4,3,1
2018-11-16,1,0,1
2018-11-16,8,1,7
2018-11-16,31,8,23
2018-11-16,57,6,51
2018-11-16,105,21,84
2018-11-16,70,13,57
2018-11-16,37,6,31
2018-11-16,42,18,24
2018-11-16,23,9,14
2018-11-16,23,9,14
2018-11-16,36,15,21
2018-11-16,48,18,30
2018-11-16,78,28,50
2018-11-16,100,39,61
2018-11-16,62,20,42
2018-11-16,41,21,20
2018-11-16,31,11,20
2018-11-16,21,12,9
2018-11-16,22,11,11
2018-11-16,13,6,7
2018-11-17,13,8,5
2018-11-17,12,10,2
2018-11-17,7,5,2
2018-11-17,2,2,0
2018-11-17,0,0,0
2018-11-17,0,0,0
2018-11-17,2,0,2
2018-11-17,9,4,5
2018-11-17,15,9,6
2018-11-17,12,4,8
2018-11-17,49,19,30
2018-11-17,32,16,16
2018-11-17,27,11,16
2018-11-17,36,14,22
2018-11-17,31,14,17
2018-11-17,29,19,10
2018-11-17,37,14,23
2018-11-17,37,18,19
2018-11-17,26,13,13
2018-11-17,18,8,10
2018-11-17,8,3,5
2018-11-17,13,6,7
2018-11-17,11,8,3
2018-11-17,8,3,5
2018-11-18,4,2,2
2018-11-18,3,1,2
2018-11-18,2,1,1
2018-11-18,2,1,1
2018-11-18,0,0,0
2018-11-18,0,0,0
2018-11-18,3,0,3
2018-11-18,1,1,0
2018-11-18,7,3,4
2018-11-18,12,1,11
2018-11-18,23,4,19
2018-11-18,19,9,10
2018-11-18,27,6,21
2018-11-18,23,9,14
2018-11-18,32,13,19
2018-11-18,50,22,28
2018-11-18,35,16,19
2018-11-18,38,14,24
2018-11-18,19,7,12
2018-11-18,19,6,13
2018-11-18,15,6,9
2018-11-18,13,5,8
2018-11-18,2,1,1
2018-11-18,9,6,3
2018-11-19,5,2,3
2018-11-19,2,1,1
2018-11-19,0,0,0
2018-11-19,0,0,0
2018-11-19,1,0,1
2018-11-19,13,3,10
2018-11-19,23,3,20
2018-11-19,63,10,53
2018-11-19,131,24,107
2018-11-19,72,8,64
2018-11-19,37,6,31
2018-11-19,29,7,22
2018-11-19,31,15,16
2018-11-19,23,13,10
2018-11-19,31,10,21
2018-11-19,35,15,20
2018-11-19,64,21,43
2018-11-19,93,29,64
2018-11-19,60,24,36
2018-11-19,32,13,19
2018-11-19,14,6,8
2018-11-19,15,7,8
2018-11-19,9,3,6
2018-11-19,13,7,6
2018-11-20,5,2,3
2018-11-20,4,3,1
2018-11-20,2,1,1
2018-11-20,2,1,1
2018-11-20,3,0,3
2018-11-20,6,1,5
2018-11-20,35,7,28
2018-11-20,50,12,38
2018-11-20,101,12,89
2018-11-20,65,7,58
2018-11-20,32,9,23
2018-11-20,38,12,26
2018-11-20,27,16,11
2018-11-20,22,9,13
2018-11-20,20,9,11
2018-11-20,38,14,24
2018-11-20,68,16,52
2018-11-20,107,36,71
2018-11-20,54,20,34
2018-11-20,30,13,17
2018-11-20,17,7,10
2018-11-20,14,8,6
2018-11-20,12,5,7
2018-11-20,10,3,7
2018-11-21,6,2,4
2018-11-21,5,5,0
2018-11-21,2,2,0
2018-11-21,3,1,2
2018-11-21,2,0,2
2018-11-21,9,2,7
2018-11-21,18,6,12
2018-11-21,42,4,38
2018-11-21,69,19,50
2018-11-21,46,14,32
2018-11-21,16,4,12
2018-11-21,15,9,6
2018-11-21,21,7,14
2018-11-21,24,8,16
2018-11-21,25,10,15
2018-11-21,46,17,29
2018-11-21,57,15,42
2018-11-21,41,16,25
2018-11-21,43,18,25
2018-11-21,28,13,15
2018-11-21,20,10,10
2018-11-21,14,6,8
2018-11-21,4,1,3
2018-11-21,2,1,1
2018-11-22,7,3,4
2018-11-22,4,2,2
2018-11-22,1,1,0
2018-11-22,1,1,0
2018-11-22,0,0,0
2018-11-22,0,0,0
2018-11-22,3,1,2
2018-11-22,1,1,0
2018-11-22,2,1,1
2018-11-22,6,3,3
2018-11-22,1,1,0
2018-11-22,9,5,4
2018-11-22,14,4,10
2018-11-22,22,8,14
2018-11-22,4,0,4
2018-11-22,2,1,1
2018-11-22,2,0,2
2018-11-22,3,1,2
2018-11-22,3,3,0
2018-11-22,4,0,4
2018-11-22,0,0,0
2018-11-22,4,2,2
2018-11-22,3,3,0
2018-11-22,2,1,1
2018-11-23,1,1,0
2018-11-23,1,1,0
2018-11-23,1,1,0
2018-11-23,0,0,0
2018-11-23,0,0,0
2018-11-23,2,0,2
2018-11-23,4,2,2
2018-11-23,0,0,0
2018-11-23,3,1,2
2018-11-23,9,0,9
2018-11-23,11,4,7
2018-11-23,12,4,8
2018-11-23,17,6,11
2018-11-23,23,11,12
2018-11-23,18,5,13
2018-11-23,19,6,13
2018-11-23,15,7,8
2018-11-23,20,11,9
2018-11-23,11,2,9
2018-11-23,10,7,3
2018-11-23,9,5,4
2018-11-23,5,3,2
2018-11-23,12,6,6
2018-11-23,10,5,5
2018-11-24,10,7,3
2018-11-24,7,3,4
2018-11-24,0,0,0
2018-11-24,3,3,0
2018-11-24,1,1,0
2018-11-24,4,2,2
2018-11-24,5,2,3
2018-11-24,4,3,1
2018-11-24,7,2,5
2018-11-24,14,1,13
2018-11-24,13,5,8
2018-11-24,30,5,25
2018-11-24,28,8,20
2018-11-24,38,8,30
2018-11-24,35,12,23
2018-11-24,48,12,36
2018-11-24,15,4,11
2018-11-24,24,12,12
2018-11-24,32,11,21
2018-11-24,27,16,11
2018-11-24,19,7,12
2018-11-24,23,12,11
2018-11-24,12,5,7
2018-11-24,9,5,4
2018-11-25,8,4,4
2018-11-25,5,2,3
2018-11-25,5,3,2
2018-11-25,5,3,2
2018-11-25,1,0,1
2018-11-25,1,1,0
2018-11-25,4,1,3
2018-11-25,8,5,3
2018-11-25,6,3,3
2018-11-25,13,4,9
2018-11-25,19,5,14
2018-11-25,24,6,18
2018-11-25,25,12,13
2018-11-25,17,7,10
2018-11-25,22,7,15
2018-11-25,19,8,11
2018-11-25,24,14,10
2018-11-25,14,7,7
2018-11-25,7,4,3
2018-11-25,13,6,7
2018-11-25,10,6,4
2018-11-25,12,9,3
2018-11-25,7,3,4
2018-11-25,3,2,1
2018-11-26,4,2,2
2018-11-26,3,2,1
2018-11-26,1,1,0
2018-11-26,3,3,0
2018-11-26,0,0,0
2018-11-26,7,2,5
2018-11-26,30,7,23
2018-11-26,39,5,34
2018-11-26,70,12,58
2018-11-26,38,7,31
2018-11-26,10,1,9
2018-11-26,12,4,8
2018-11-26,13,9,4
2018-11-26,13,3,10
2018-11-26,7,2,5
2018-11-26,28,8,20
2018-11-26,40,13,27
2018-11-26,65,20,45
2018-11-26,38,16,22
2018-11-26,15,7,8
2018-11-26,10,3,7
2018-11-26,8,3,5
2018-11-26,4,2,2
2018-11-26,4,3,1
2018-11-27,2,1,1
2018-11-27,0,0,0
2018-11-27,2,0,2
2018-11-27,2,1,1
2018-11-27,2,0,2
2018-11-27,9,3,6
2018-11-27,21,4,17
2018-11-27,47,10,37
2018-11-27,108,13,95
2018-11-27,63,13,50
2018-11-27,25,9,16
2018-11-27,24,3,21
2018-11-27,23,14,9
2018-11-27,19,9,10
2018-11-27,16,4,12
2018-11-27,33,13,20
2018-11-27,53,9,44
2018-11-27,83,21,62
2018-11-27,53,14,39
2018-11-27,20,7,13
2018-11-27,11,6,5
2018-11-27,8,2,6
2018-11-27,5,1,4
2018-11-27,8,5,3
2018-11-28,3,2,1
2018-11-28,1,0,1
2018-11-28,2,1,1
2018-11-28,2,1,1
2018-11-28,1,0,1
2018-11-28,4,0,4
2018-11-28,27,8,19
2018-11-28,41,6,35
2018-11-28,89,15,74
2018-11-28,52,11,41
2018-11-28,27,7,20
2018-11-28,12,3,9
2018-11-28,14,3,11
2018-11-28,18,7,11
2018-11-28,15,5,10
2018-11-28,28,9,19
2018-11-28,45,16,29
2018-11-28,71,20,51
2018-11-28,44,15,29
2018-11-28,18,6,12
2018-11-28,27,12,15
2018-11-28,14,7,7
2018-11-28,9,3,6
2018-11-28,8,2,6
2018-11-29,5,3,2
2018-11-29,0,0,0
2018-11-29,3,2,1
2018-11-29,0,0,0
2018-11-29,2,1,1
2018-11-29,10,2,8
2018-11-29,38,10,28
2018-11-29,56,8,48
2018-11-29,123,17,106
2018-11-29,59,12,47
2018-11-29,22,9,13
2018-11-29,21,6,15
2018-11-29,28,13,15
2018-11-29,37,10,27
2018-11-29,21,11,10
2018-11-29,48,18,30
2018-11-29,73,23,50
2018-11-29,93,29,64
2018-11-29,68,27,41
2018-11-29,31,14,17
2018-11-29,24,10,14
2018-11-29,21,7,14
2018-11-29,13,4,9
2018-11-29,8,6,2
2018-11-30,2,1,1
2018-11-30,1,0,1
2018-11-30,1,1,0
2018-11-30,2,1,1
2018-11-30,1,0,1
2018-11-30,11,2,9
2018-11-30,20,3,17
2018-11-30,44,4,40
2018-11-30,116,16,100
2018-11-30,62,16,46
2018-11-30,31,4,27
2018-11-30,30,9,21
2018-11-30,23,12,11
2018-11-30,42,14,28
2018-11-30,29,7,22
2018-11-30,43,17,26
2018-11-30,67,24,43
2018-11-30,94,29,65
2018-11-30,52,28,24
2018-11-30,22,11,11
2018-11-30,8,6,2
2018-11-30,12,2,10
2018-11-30,13,3,10
2018-11-30,10,7,3
2018-12-01,6,4,2
2018-12-01,10,4,6
2018-12-01,4,1,3
2018-12-01,0,0,0
2018-12-01,0,0,0
2018-12-01,2,0,2
2018-12-01,6,2,4
2018-12-01,6,2,4
2018-12-01,9,2,7
2018-12-01,12,3,9
2018-12-01,16,3,13
2018-12-01,25,12,13
2018-12-01,20,9,11
2018-12-01,21,5,16
2018-12-01,29,14,15
2018-12-01,25,10,15
2018-12-01,25,13,12
2018-12-01,16,7,9
2018-12-01,12,5,7
2018-12-01,20,10,10
2018-12-01,11,4,7
2018-12-01,23,10,13
2018-12-01,11,6,5
2018-12-01,11,3,8
2018-12-02,6,5,1
2018-12-02,5,3,2
2018-12-02,3,2,1
2018-12-02,4,1,3
2018-12-02,0,0,0
2018-12-02,2,2,0
2018-12-02,2,1,1
2018-12-02,3,0,3
2018-12-02,9,2,7
2018-12-02,12,5,7
2018-12-02,17,6,11
2018-12-02,23,1,22
2018-12-02,27,7,20
2018-12-02,35,5,30
2018-12-02,19,5,14
2018-12-02,24,14,10
2018-12-02,34,23,11
2018-12-02,27,18,9
2018-12-02,11,4,7
2018-12-02,12,7,5
2018-12-02,13,8,5
2018-12-02,6,6,0
2018-12-02,9,4,5
2018-12-02,5,1,4
2018-12-03,1,1,0
2018-12-03,4,3,1
2018-12-03,0,0,0
2018-12-03,2,1,1
2018-12-03,2,0,2
2018-12-03,10,3,7
2018-12-03,35,6,29
2018-12-03,63,10,53
2018-12-03,129,19,110
2018-12-03,63,11,52
2018-12-03,27,6,21
2018-12-03,25,11,14
2018-12-03,21,10,11
2018-12-03,35,8,27
2018-12-03,22,10,12
2018-12-03,38,16,22
2018-12-03,72,19,53
2018-12-03,95,33,62
2018-12-03,63,28,35
2018-12-03,30,11,19
2018-12-03,17,7,10
2018-12-03,11,5,6
2018-12-03,7,2,5
2018-12-03,8,3,5
2018-12-04,4,3,1
2018-12-04,3,2,1
2018-12-04,1,1,0
2018-12-04,2,2,0
2018-12-04,1,1,0
2018-12-04,18,6,12
2018-12-04,23,1,22
2018-12-04,60,7,53
2018-12-04,106,11,95
2018-12-04,70,10,60
2018-12-04,24,6,18
2018-12-04,22,8,14
2018-12-04,22,12,10
2018-12-04,24,9,15
2018-12-04,21,11,10
2018-12-04,32,9,23
2018-12-04,56,16,40
2018-12-04,92,38,54
2018-12-04,65,26,39
2018-12-04,37,15,22
2018-12-04,11,5,6
2018-12-04,19,10,9
2018-12-04,4,2,2
2018-12-04,4,2,2
2018-12-05,9,4,5
2018-12-05,4,1,3
2018-12-05,1,1,0
2018-12-05,2,2,0
2018-12-05,0,0,0
2018-12-05,8,3,5
2018-12-05,24,1,23
2018-12-05,53,11,42
2018-12-05,98,12,86
2018-12-05,67,8,59
2018-12-05,29,5,24
2018-12-05,25,5,20
2018-12-05,27,8,19
2018-12-05,31,14,17
2018-12-05,32,5,27
2018-12-05,38,10,28
2018-12-05,54,16,38
2018-12-05,89,28,61
2018-12-05,61,31,30
2018-12-05,20,7,13
2018-12-05,16,8,8
2018-12-05,14,7,7
2018-12-05,12,7,5
2018-12-05,6,3,3
2018-12-06,1,0,1
2018-12-06,3,3,0
2018-12-06,1,1,0
2018-12-06,1,1,0
2018-12-06,1,0,1
2018-12-06,5,2,3
2018-12-06,33,7,26
2018-12-06,45,5,40
2018-12-06,94,11,83
2018-12-06,57,11,46
2018-12-06,25,8,17
2018-12-06,23,8,15
2018-12-06,21,8,13
2018-12-06,33,14,19
2018-12-06,29,10,19
2018-12-06,41,16,25
2018-12-06,68,20,48
2018-12-06,92,23,69
2018-12-06,56,28,28
2018-12-06,53,27,26
2018-12-06,17,8,9
2018-12-06,11,6,5
2018-12-06,8,4,4
2018-12-06,11,5,6
2018-12-07,2,2,0
2018-12-07,1,0,1
2018-12-07,1,1,0
2018-12-07,0,0,0
2018-12-07,2,0,2
2018-12-07,9,2,7
2018-12-07,21,5,16
2018-12-07,47,4,43
2018-12-07,95,17,78
2018-12-07,45,8,37
2018-12-07,35,10,25
2018-12-07,25,11,14
2018-12-07,32,10,22
2018-12-07,37,19,18
2018-12-07,26,6,20
2018-12-07,34,14,20
2018-12-07,83,33,50
2018-12-07,61,17,44
2018-12-07,40,14,26
2018-12-07,28,19,9
2018-12-07,16,13,3
2018-12-07,10,8,2
2018-12-07,27,2,25
2018-12-07,17,6,11
2018-12-08,4,3,1
2018-12-08,5,4,1
2018-12-08,3,0,3
2018-12-08,0,0,0
2018-12-08,2,0,2
2018-12-08,0,0,0
2018-12-08,5,2,3
2018-12-08,4,2,2
2018-12-08,5,0,5
2018-12-08,9,2,7
2018-12-08,18,6,12
2018-12-08,12,3,9
2018-12-08,32,10,22
2018-12-08,20,8,12
2018-12-08,35,16,19
2018-12-08,27,12,15
2018-12-08,20,14,6
2018-12-08,21,13,8
2018-12-08,21,13,8
2018-12-08,15,8,7
2018-12-08,14,9,5
2018-12-08,10,4,6
2018-12-08,5,3,2
2018-12-08,5,5,0
2018-12-09,6,4,2
2018-12-09,4,1,3
2018-12-09,5,1,4
2018-12-09,2,2,0
2018-12-09,2,1,1
2018-12-09,3,2,1
2018-12-09,1,1,0
2018-12-09,3,1,2
2018-12-09,6,1,5
2018-12-09,6,0,6
2018-12-09,3,1,2
2018-12-09,15,4,11
2018-12-09,9,8,1
2018-12-09,7,1,6
2018-12-09,6,3,3
2018-12-09,8,6,2
2018-12-09,6,4,2
2018-12-09,6,2,4
2018-12-09,8,2,6
2018-12-09,3,0,3
2018-12-09,7,2,5
2018-12-09,1,1,0
2018-12-09,10,4,6
2018-12-09,4,2,2
2018-12-10,1,1,0
2018-12-10,1,1,0
2018-12-10,0,0,0
2018-12-10,1,1,0
2018-12-10,2,0,2
2018-12-10,8,1,7
2018-12-10,30,4,26
2018-12-10,57,8,49
2018-12-10,107,19,88
2018-12-10,67,11,56
2018-12-10,21,9,12
2018-12-10,13,3,10
2018-12-10,22,7,15
2018-12-10,16,6,10
2018-12-10,21,4,17
2018-12-10,56,10,46
2018-12-10,93,13,80
2018-12-10,103,36,67
2018-12-10,48,23,25
2018-12-10,18,7,11
2018-12-10,42,37,5
2018-12-10,8,4,4
2018-12-10,10,2,8
2018-12-10,4,0,4
2018-12-11,6,3,3
2018-12-11,2,0,2
2018-12-11,0,0,0
2018-12-11,0,0,0
2018-12-11,1,0,1
2018-12-11,8,2,6
2018-12-11,25,6,19
2018-12-11,39,5,34
2018-12-11,62,9,53
2018-12-11,49,13,36
2018-12-11,18,3,15
2018-12-11,10,1,9
2018-12-11,12,5,7
2018-12-11,18,8,10
2018-12-11,13,6,7
2018-12-11,23,10,13
2018-12-11,51,12,39
2018-12-11,67,23,44
2018-12-11,32,9,23
2018-12-11,26,7,19
2018-12-11,16,7,9
2018-12-11,13,7,6
2018-12-11,9,5,4
2018-12-11,8,5,3
2018-12-12,3,0,3
2018-12-12,1,0,1
2018-12-12,0,0,0
2018-12-12,0,0,0
2018-12-12,2,0,2
2018-12-12,10,2,8
2018-12-12,26,1,25
2018-12-12,49,7,42
2018-12-12,106,24,82
2018-12-12,60,11,49
2018-12-12,20,5,15
2018-12-12,20,7,13
2018-12-12,25,8,17
2018-12-12,23,6,17
2018-12-12,22,10,12
2018-12-12,49,23,26
2018-12-12,73,20,53
2018-12-12,71,21,50
2018-12-12,46,17,29
2018-12-12,26,13,13
2018-12-12,19,13,6
2018-12-12,6,4,2
2018-12-12,7,2,5
2018-12-12,7,3,4
2018-12-13,5,1,4
2018-12-13,8,4,4
2018-12-13,2,1,1
2018-12-13,0,0,0
2018-12-13,2,0,2
2018-12-13,8,2,6
2018-12-13,16,3,13
2018-12-13,39,4,35
2018-12-13,99,18,81
2018-12-13,47,10,37
2018-12-13,20,3,17
2018-12-13,16,7,9
2018-12-13,19,6,13
2018-12-13,19,8,11
2018-12-13,17,5,12
2018-12-13,28,13,15
2018-12-13,58,13,45
2018-12-13,88,29,59
2018-12-13,54,25,29
2018-12-13,26,10,16
2018-12-13,13,4,9
2018-12-13,13,4,9
2018-12-13,15,2,13
2018-12-13,9,5,4
2018-12-14,6,2,4
2018-12-14,3,2,1
2018-12-14,1,0,1
2018-12-14,0,0,0
2018-12-14,0,0,0
2018-12-14,8,3,5
2018-12-14,15,3,12
2018-12-14,35,5,30
2018-12-14,90,13,77
2018-12-14,55,13,42
2018-12-14,31,6,25
2018-12-14,21,8,13
2018-12-14,33,8,25
2018-12-14,37,14,23
2018-12-14,40,14,26
2018-12-14,49,19,30
2018-12-14,80,26,54
2018-12-14,80,25,55
2018-12-14,45,14,31
2018-12-14,13,7,6
2018-12-14,9,1,8
2018-12-14,15,8,7
2018-12-14,8,3,5
2018-12-14,10,4,6
2018-12-15,6,4,2
2018-12-15,6,3,3
2018-12-15,3,3,0
2018-12-15,2,2,0
2018-12-15,1,1,0
2018-12-15,1,0,1
2018-12-15,5,2,3
2018-12-15,3,1,2
2018-12-15,6,2,4
2018-12-15,6,3,3
2018-12-15,14,1,13
2018-12-15,30,10,20
2018-12-15,34,13,21
2018-12-15,47,26,21
2018-12-15,28,5,23
2018-12-15,30,8,22
2018-12-15,24,6,18
2018-12-15,25,11,14
2018-12-15,16,8,8
2018-12-15,26,10,16
2018-12-15,11,5,6
2018-12-15,7,2,5
2018-12-15,11,5,6
2018-12-15,12,5,7
2018-12-16,9,7,2
2018-12-16,8,3,5
2018-12-16,3,1,2
2018-12-16,1,1,0
2018-12-16,1,0,1
2018-12-16,2,2,0
2018-12-16,2,1,1
2018-12-16,2,2,0
2018-12-16,6,1,5
2018-12-16,7,0,7
2018-12-16,5,0,5
2018-12-16,14,3,11
2018-12-16,19,12,7
2018-12-16,11,4,7
2018-12-16,12,5,7
2018-12-16,11,6,5
2018-12-16,6,5,1
2018-12-16,12,6,6
2018-12-16,17,9,8
2018-12-16,8,2,6
2018-12-16,25,9,16
2018-12-16,4,2,2
2018-12-16,7,4,3
2018-12-16,3,0,3
2018-12-17,2,1,1
2018-12-17,4,3,1
2018-12-17,0,0,0
2018-12-17,1,1,0
2018-12-17,4,1,3
2018-12-17,7,2,5
2018-12-17,35,6,29
2018-12-17,51,7,44
2018-12-17,95,16,79
2018-12-17,71,16,55
2018-12-17,27,8,19
2018-12-17,18,7,11
2018-12-17,24,7,17
2018-12-17,20,7,13
2018-12-17,25,10,15
2018-12-17,31,10,21
2018-12-17,40,9,31
2018-12-17,66,24,42
2018-12-17,42,13,29
2018-12-17,13,6,7
2018-12-17,9,5,4
2018-12-17,3,2,1
2018-12-17,2,0,2
2018-12-17,9,4,5
2018-12-18,10,2,8
2018-12-18,2,0,2
2018-12-18,1,0,1
2018-12-18,0,0,0
2018-12-18,0,0,0
2018-12-18,7,3,4
2018-12-18,20,1,19
2018-12-18,37,7,30
2018-12-18,75,13,62
2018-12-18,50,13,37
2018-12-18,24,8,16
2018-12-18,26,6,20
2018-12-18,18,8,10
2018-12-18,19,9,10
2018-12-18,11,5,6
2018-12-18,5,2,3
2018-12-18,0,0,0
2018-12-18,0,0,0
2018-12-18,0,0,0
2018-12-18,0,0,0
2018-12-18,0,0,0
2018-12-18,0,0,0
2018-12-18,0,0,0
2018-12-18,0,0,0
2018-12-19,1,1,0
2018-12-19,0,0,0
2018-12-19,0,0,0
2018-12-19,0,0,0
2018-12-19,0,0,0
2018-12-19,0,0,0
2018-12-19,0,0,0
2018-12-19,0,0,0
2018-12-19,0,0,0
2018-12-19,0,0,0
2018-12-19,0,0,0
2018-12-19,0,0,0
2018-12-19,0,0,0
2018-12-19,0,0,0
2018-12-19,0,0,0
2018-12-19,0,0,0
2018-12-19,0,0,0
2018-12-19,0,0,0
2018-12-19,0,0,0
2018-12-19,0,0,0
2018-12-19,0,0,0
2018-12-19,0,0,0
2018-12-19,0,0,0
2018-12-19,0,0,0
2018-12-20,0,0,0
2018-12-20,0,0,0
2018-12-20,0,0,0
2018-12-20,0,0,0
2018-12-20,0,0,0
2018-12-20,0,0,0
2018-12-20,0,0,0
2018-12-20,0,0,0
2018-12-20,0,0,0
2018-12-20,0,0,0
2018-12-20,0,0,0
2018-12-20,0,0,0
2018-12-20,0,0,0
2018-12-20,0,0,0
2018-12-20,2,0,2
2018-12-20,0,0,0
2018-12-20,0,0,0
2018-12-20,0,0,0
2018-12-20,0,0,0
2018-12-20,0,0,0
2018-12-20,0,0,0
2018-12-20,0,0,0
2018-12-20,0,0,0
2018-12-20,0,0,0
2018-12-21,0,0,0
2018-12-21,0,0,0
2018-12-21,0,0,0
2018-12-21,0,0,0
2018-12-21,0,0,0
2018-12-21,0,0,0
2018-12-21,0,0,0
2018-12-21,0,0,0
2018-12-21,0,0,0
2018-12-21,0,0,0
2018-12-21,0,0,0
2018-12-21,0,0,0
2018-12-21,0,0,0
2018-12-21,0,0,0
2018-12-21,0,0,0
2018-12-21,0,0,0
2018-12-21,0,0,0
2018-12-21,0,0,0
2018-12-21,0,0,0
2018-12-21,0,0,0
2018-12-21,0,0,0
2018-12-21,0,0,0
2018-12-21,0,0,0
2018-12-21,0,0,0
2018-12-22,0,0,0
2018-12-22,0,0,0
2018-12-22,0,0,0
2018-12-22,0,0,0
2018-12-22,0,0,0
2018-12-22,2,0,2
2018-12-22,0,0,0
2018-12-22,0,0,0
2018-12-22,0,0,0
2018-12-22,0,0,0
2018-12-22,0,0,0
2018-12-22,0,0,0
2018-12-22,0,0,0
2018-12-22,0,0,0
2018-12-22,0,0,0
2018-12-22,0,0,0
2018-12-22,0,0,0
2018-12-22,0,0,0
2018-12-22,0,0,0
2018-12-22,0,0,0
2018-12-22,0,0,0
2018-12-22,0,0,0
2018-12-22,0,0,0
2018-12-22,0,0,0
2018-12-23,0,0,0
2018-12-23,1,1,0
2018-12-23,0,0,0
2018-12-23,0,0,0
2018-12-23,0,0,0
2018-12-23,0,0,0
2018-12-23,0,0,0
2018-12-23,0,0,0
2018-12-23,0,0,0
2018-12-23,0,0,0
2018-12-23,0,0,0
2018-12-23,0,0,0
2018-12-23,0,0,0
2018-12-23,0,0,0
2018-12-23,0,0,0
2018-12-23,0,0,0
2018-12-23,0,0,0
2018-12-23,0,0,0
2018-12-23,0,0,0
2018-12-23,0,0,0
2018-12-23,0,0,0
2018-12-23,0,0,0
2018-12-23,0,0,0
2018-12-23,0,0,0
2018-12-24,0,0,0
2018-12-24,1,0,1
2018-12-24,0,0,0
2018-12-24,0,0,0
2018-12-24,0,0,0
2018-12-24,0,0,0
2018-12-24,0,0,0
2018-12-24,0,0,0
2018-12-24,0,0,0
2018-12-24,0,0,0
2018-12-24,0,0,0
2018-12-24,0,0,0
2018-12-24,0,0,0
2018-12-24,0,0,0
2018-12-24,0,0,0
2018-12-24,0,0,0
2018-12-24,0,0,0
2018-12-24,0,0,0
2018-12-24,0,0,0
2018-12-24,0,0,0
2018-12-24,0,0,0
2018-12-24,0,0,0
2018-12-24,0,0,0
2018-12-24,1,0,1
2018-12-25,0,0,0
2018-12-25,0,0,0
2018-12-25,0,0,0
2018-12-25,0,0,0
2018-12-25,0,0,0
2018-12-25,0,0,0
2018-12-25,0,0,0
2018-12-25,0,0,0
2018-12-25,0,0,0
2018-12-25,0,0,0
2018-12-25,0,0,0
2018-12-25,0,0,0
2018-12-25,0,0,0
2018-12-25,0,0,0
2018-12-25,0,0,0
2018-12-25,0,0,0
2018-12-25,0,0,0
2018-12-25,0,0,0
2018-12-25,0,0,0
2018-12-25,0,0,0
2018-12-25,0,0,0
2018-12-25,0,0,0
2018-12-25,0,0,0
2018-12-25,0,0,0
2018-12-26,0,0,0
2018-12-26,0,0,0
2018-12-26,0,0,0
2018-12-26,0,0,0
2018-12-26,0,0,0
2018-12-26,0,0,0
2018-12-26,0,0,0
2018-12-26,0,0,0
2018-12-26,0,0,0
2018-12-26,0,0,0
2018-12-26,0,0,0
2018-12-26,0,0,0
2018-12-26,0,0,0
2018-12-26,0,0,0
2018-12-26,0,0,0
2018-12-26,0,0,0
2018-12-26,0,0,0
2018-12-26,0,0,0
2018-12-26,0,0,0
2018-12-26,0,0,0
2018-12-26,0,0,0
2018-12-26,0,0,0
2018-12-26,0,0,0
2018-12-26,0,0,0
2018-12-27,0,0,0
2018-12-27,0,0,0
2018-12-27,0,0,0
2018-12-27,0,0,0
2018-12-27,0,0,0
2018-12-27,0,0,0
2018-12-27,0,0,0
2018-12-27,0,0,0
2018-12-27,0,0,0
2018-12-27,0,0,0
2018-12-27,0,0,0
2018-12-27,0,0,0
2018-12-27,0,0,0
2018-12-27,0,0,0
2018-12-27,0,0,0
2018-12-27,0,0,0
2018-12-27,0,0,0
2018-12-27,0,0,0
2018-12-27,0,0,0
2018-12-27,0,0,0
2018-12-27,0,0,0
2018-12-27,0,0,0
2018-12-27,0,0,0
2018-12-27,0,0,0
2018-12-28,0,0,0
2018-12-28,0,0,0
2018-12-28,0,0,0
2018-12-28,0,0,0
2018-12-28,0,0,0
2018-12-28,0,0,0
2018-12-28,0,0,0
2018-12-28,0,0,0
2018-12-28,0,0,0
2018-12-28,0,0,0
2018-12-28,0,0,0
2018-12-28,0,0,0
2018-12-28,0,0,0
2018-12-28,0,0,0
2018-12-28,0,0,0
2018-12-28,0,0,0
2018-12-28,0,0,0
2018-12-28,0,0,0
2018-12-28,0,0,0
2018-12-28,0,0,0
2018-12-28,0,0,0
2018-12-28,0,0,0
2018-12-28,0,0,0
2018-12-28,0,0,0
2018-12-29,0,0,0
2018-12-29,0,0,0
2018-12-29,0,0,0
2018-12-29,0,0,0
2018-12-29,0,0,0
2018-12-29,0,0,0
2018-12-29,0,0,0
2018-12-29,0,0,0
2018-12-29,2,0,2
2018-12-29,0,0,0
2018-12-29,0,0,0
2018-12-29,0,0,0
2018-12-29,0,0,0
2018-12-29,0,0,0
2018-12-29,0,0,0
2018-12-29,0,0,0
2018-12-29,0,0,0
2018-12-29,0,0,0
2018-12-29,0,0,0
2018-12-29,0,0,0
2018-12-29,0,0,0
2018-12-29,0,0,0
2018-12-29,0,0,0
2018-12-29,0,0,0
2018-12-30,0,0,0
2018-12-30,0,0,0
2018-12-30,0,0,0
2018-12-30,0,0,0
2018-12-30,0,0,0
2018-12-30,0,0,0
2018-12-30,0,0,0
2018-12-30,0,0,0
2018-12-30,0,0,0
2018-12-30,0,0,0
2018-12-30,0,0,0
2018-12-30,0,0,0
2018-12-30,0,0,0
2018-12-30,0,0,0
2018-12-30,0,0,0
2018-12-30,0,0,0
2018-12-30,0,0,0
2018-12-30,0,0,0
2018-12-30,0,0,0
2018-12-30,0,0,0
2018-12-30,1,1,0
2018-12-30,0,0,0
2018-12-30,0,0,0
2018-12-30,0,0,0
2018-12-31,0,0,0
2018-12-31,0,0,0
2018-12-31,0,0,0
2018-12-31,0,0,0
2018-12-31,0,0,0
2018-12-31,0,0,0
2018-12-31,0,0,0
2018-12-31,0,0,0
2018-12-31,0,0,0
2018-12-31,0,0,0
2018-12-31,0,0,0
2018-12-31,0,0,0
2018-12-31,0,0,0
2018-12-31,0,0,0
2018-12-31,0,0,0
2018-12-31,1,0,1
2018-12-31,0,0,0
2018-12-31,0,0,0
2018-12-31,0,0,0
2018-12-31,0,0,0
2018-12-31,1,1,0
2018-12-31,0,0,0
2018-12-31,1,0,1
2018-12-31,4,0,4
2019-01-01,3,3,0
2019-01-01,8,4,4
2019-01-01,6,0,6
2019-01-01,0,0,0
2019-01-01,0,0,0
2019-01-01,0,0,0
2019-01-01,0,0,0
2019-01-01,0,0,0
2019-01-01,0,0,0
2019-01-01,0,0,0
2019-01-01,0,0,0
2019-01-01,1,0,1
2019-01-01,0,0,0
2019-01-01,0,0,0
2019-01-01,1,0,1
2019-01-01,0,0,0
2019-01-01,0,0,0
2019-01-01,0,0,0
2019-01-01,0,0,0
2019-01-01,1,1,0
2019-01-01,0,0,0
2019-01-01,0,0,0
2019-01-01,0,0,0
2019-01-01,0,0,0
2019-01-02,0,0,0
2019-01-02,0,0,0
2019-01-02,0,0,0
2019-01-02,0,0,0
2019-01-02,0,0,0
2019-01-02,0,0,0
2019-01-02,0,0,0
2019-01-02,0,0,0
2019-01-02,1,0,1
2019-01-02,0,0,0
2019-01-02,0,0,0
2019-01-02,10,5,5
2019-01-02,15,4,11
2019-01-02,25,6,19
2019-01-02,18,5,13
2019-01-02,35,15,20
2019-01-02,66,11,55
2019-01-02,83,36,47
2019-01-02,35,17,18
2019-01-02,23,9,14
2019-01-02,11,3,8
2019-01-02,9,4,5
2019-01-02,7,4,3
2019-01-02,6,2,4
2019-01-03,5,4,1
2019-01-03,4,3,1
2019-01-03,0,0,0
2019-01-03,0,0,0
2019-01-03,1,0,1
2019-01-03,10,3,7
2019-01-03,24,1,23
2019-01-03,38,6,32
2019-01-03,56,11,45
2019-01-03,37,5,32
2019-01-03,18,9,9
2019-01-03,16,7,9
2019-01-03,34,6,28
2019-01-03,14,5,9
2019-01-03,19,8,11
2019-01-03,24,7,17
2019-01-03,38,9,29
2019-01-03,53,11,42
2019-01-03,36,11,25
2019-01-03,19,11,8
2019-01-03,14,9,5
2019-01-03,5,3,2
2019-01-03,4,1,3
2019-01-03,7,3,4
2019-01-04,3,2,1
2019-01-04,6,4,2
2019-01-04,0,0,0
2019-01-04,0,0,0
2019-01-04,1,0,1
2019-01-04,8,2,6
2019-01-04,21,3,18
2019-01-04,43,8,35
2019-01-04,83,13,70
2019-01-04,56,12,44
2019-01-04,33,7,26
2019-01-04,32,14,18
2019-01-04,18,11,7
2019-01-04,27,9,18
2019-01-04,29,10,19
2019-01-04,30,9,21
2019-01-04,63,9,54
2019-01-04,85,38,47
2019-01-04,45,14,31
2019-01-04,27,12,15
2019-01-04,14,6,8
2019-01-04,12,5,7
2019-01-04,10,2,8
2019-01-04,11,6,5
2019-01-05,10,8,2
2019-01-05,10,5,5
2019-01-05,3,2,1
2019-01-05,0,0,0
2019-01-05,0,0,0
2019-01-05,2,0,2
2019-01-05,5,1,4
2019-01-05,9,1,8
2019-01-05,8,3,5
2019-01-05,8,2,6
2019-01-05,8,1,7
2019-01-05,23,8,15
2019-01-05,24,7,17
2019-01-05,29,10,19
2019-01-05,25,14,11
2019-01-05,12,4,8
2019-01-05,27,14,13
2019-01-05,23,11,12
2019-01-05,15,4,11
2019-01-05,14,7,7
2019-01-05,10,4,6
2019-01-05,9,5,4
2019-01-05,8,3,5
2019-01-05,6,3,3
2019-01-06,2,2,0
2019-01-06,2,1,1
2019-01-06,1,0,1
2019-01-06,1,1,0
2019-01-06,0,0,0
2019-01-06,0,0,0
2019-01-06,4,3,1
2019-01-06,3,2,1
2019-01-06,5,1,4
2019-01-06,5,0,5
2019-01-06,9,2,7
2019-01-06,21,4,17
2019-01-06,21,10,11
2019-01-06,24,8,16
2019-01-06,15,8,7
2019-01-06,22,12,10
2019-01-06,16,7,9
2019-01-06,10,2,8
2019-01-06,15,6,9
2019-01-06,5,1,4
2019-01-06,9,3,6
2019-01-06,9,5,4
2019-01-06,5,3,2
2019-01-06,4,3,1
2019-01-07,3,1,2
2019-01-07,0,0,0
2019-01-07,0,0,0
2019-01-07,0,0,0
2019-01-07,1,0,1
2019-01-07,11,3,8
2019-01-07,33,4,29
2019-01-07,61,9,52
2019-01-07,126,17,109
2019-01-07,63,9,54
2019-01-07,25,4,21
2019-01-07,14,4,10
2019-01-07,19,7,12
2019-01-07,24,9,15
2019-01-07,28,8,20
2019-01-07,41,13,28
2019-01-07,59,13,46
2019-01-07,92,31,61
2019-01-07,58,20,38
2019-01-07,26,8,18
2019-01-07,12,6,6
2019-01-07,11,6,5
2019-01-07,2,1,1
2019-01-07,5,2,3
2019-01-08,5,3,2
2019-01-08,2,2,0
2019-01-08,1,0,1
2019-01-08,1,1,0
2019-01-08,1,0,1
2019-01-08,6,2,4
2019-01-08,31,5,26
2019-01-08,51,9,42
2019-01-08,97,15,82
2019-01-08,53,9,44
2019-01-08,18,3,15
2019-01-08,12,7,5
2019-01-08,19,6,13
2019-01-08,17,4,13
2019-01-08,12,7,5
2019-01-08,36,10,26
2019-01-08,50,17,33
2019-01-08,62,24,38
2019-01-08,41,13,28
2019-01-08,24,6,18
2019-01-08,12,4,8
2019-01-08,6,3,3
2019-01-08,6,2,4
2019-01-08,6,1,5
2019-01-09,2,2,0
2019-01-09,1,0,1
2019-01-09,0,0,0
2019-01-09,1,1,0
2019-01-09,2,0,2
2019-01-09,11,3,8
2019-01-09,19,6,13
2019-01-09,47,6,41
2019-01-09,99,14,85
2019-01-09,44,10,34
2019-01-09,25,7,18
2019-01-09,19,10,9
2019-01-09,21,8,13
2019-01-09,19,8,11
2019-01-09,25,9,16
2019-01-09,25,6,19
2019-01-09,57,14,43
2019-01-09,66,22,44
2019-01-09,46,11,35
2019-01-09,22,7,15
2019-01-09,21,14,7
2019-01-09,10,5,5
2019-01-09,10,8,2
2019-01-09,2,1,1
2019-01-10,1,1,0
2019-01-10,2,0,2
2019-01-10,0,0,0
2019-01-10,0,0,0
2019-01-10,3,1,2
2019-01-10,12,3,9
2019-01-10,30,9,21
2019-01-10,58,9,49
2019-01-10,111,12,99
2019-01-10,55,5,50
2019-01-10,24,4,20
2019-01-10,25,10,15
2019-01-10,28,7,21
2019-01-10,23,8,15
2019-01-10,33,9,24
2019-01-10,44,17,27
2019-01-10,89,36,53
2019-01-10,85,25,60
2019-01-10,67,26,41
2019-01-10,38,16,22
2019-01-10,24,9,15
2019-01-10,16,3,13
2019-01-10,9,3,6
2019-01-10,3,0,3
2019-01-11,2,1,1
2019-01-11,1,0,1
2019-01-11,0,0,0
2019-01-11,3,1,2
2019-01-11,1,0,1
2019-01-11,9,1,8
2019-01-11,32,5,27
2019-01-11,46,7,39
2019-01-11,112,19,93
2019-01-11,75,17,58
2019-01-11,34,9,25
2019-01-11,33,12,21
2019-01-11,37,13,24
2019-01-11,35,14,21
2019-01-11,40,20,20
2019-01-11,50,15,35
2019-01-11,93,33,60
2019-01-11,115,34,81
2019-01-11,55,23,32
2019-01-11,35,16,19
2019-01-11,17,7,10
2019-01-11,16,8,8
2019-01-11,16,10,6
2019-01-11,20,6,14
2019-01-12,14,9,5
2019-01-12,6,3,3
2019-01-12,5,3,2
2019-01-12,0,0,0
2019-01-12,2,1,1
2019-01-12,4,1,3
2019-01-12,8,1,7
2019-01-12,6,3,3
2019-01-12,9,3,6
2019-01-12,17,2,15
2019-01-12,20,3,17
2019-01-12,32,9,23
2019-01-12,39,13,26
2019-01-12,40,9,31
2019-01-12,38,16,22
2019-01-12,39,12,27
2019-01-12,37,12,25
2019-01-12,25,11,14
2019-01-12,21,10,11
2019-01-12,16,8,8
2019-01-12,21,9,12
2019-01-12,13,7,6
2019-01-12,7,4,3
2019-01-12,10,6,4
2019-01-13,9,6,3
2019-01-13,4,3,1
2019-01-13,2,1,1
2019-01-13,3,2,1
2019-01-13,0,0,0
2019-01-13,0,0,0
2019-01-13,6,2,4
2019-01-13,6,2,4
2019-01-13,8,4,4
2019-01-13,17,4,13
2019-01-13,20,8,12
2019-01-13,27,8,19
2019-01-13,27,10,17
2019-01-13,50,11,39
2019-01-13,45,19,26
2019-01-13,47,17,30
2019-01-13,42,23,19
2019-01-13,26,7,19
2019-01-13,23,6,17
2019-01-13,23,8,15
2019-01-13,10,6,4
2019-01-13,7,5,2
2019-01-13,13,10,3
2019-01-13,5,4,1
2019-01-14,3,2,1
2019-01-14,0,0,0
2019-01-14,0,0,0
2019-01-14,0,0,0
2019-01-14,2,0,2
2019-01-14,14,4,10
2019-01-14,57,13,44
2019-01-14,96,11,85
2019-01-14,168,22,146
2019-01-14,99,16,83
2019-01-14,47,11,36
2019-01-14,19,7,12
2019-01-14,24,9,15
2019-01-14,36,14,22
2019-01-14,26,9,17
2019-01-14,70,22,48
2019-01-14,119,34,85
2019-01-14,142,47,95
2019-01-14,67,33,34
2019-01-14,36,14,22
2019-01-14,16,5,11
2019-01-14,16,7,9
2019-01-14,7,2,5
2019-01-14,4,2,2
2019-01-15,5,3,2
2019-01-15,3,2,1
2019-01-15,1,0,1
2019-01-15,2,1,1
2019-01-15,1,0,1
2019-01-15,10,3,7
2019-01-15,45,12,33
2019-01-15,81,12,69
2019-01-15,148,17,131
2019-01-15,85,15,70
2019-01-15,24,4,20
2019-01-15,45,18,27
2019-01-15,26,10,16
2019-01-15,25,8,17
2019-01-15,28,4,24
2019-01-15,50,10,40
2019-01-15,106,34,72
2019-01-15,111,35,76
2019-01-15,76,36,40
2019-01-15,36,16,20
2019-01-15,16,10,6
2019-01-15,23,8,15
2019-01-15,8,3,5
2019-01-15,3,3,0
2019-01-16,2,1,1
2019-01-16,1,0,1
2019-01-16,0,0,0
2019-01-16,0,0,0
2019-01-16,1,0,1
2019-01-16,16,3,13
2019-01-16,32,7,25
2019-01-16,73,11,62
2019-01-16,140,16,124
2019-01-16,77,18,59
2019-01-16,37,4,33
2019-01-16,34,15,19
2019-01-16,37,18,19
2019-01-16,36,12,24
2019-01-16,32,13,19
2019-01-16,50,12,38
2019-01-16,93,16,77
2019-01-16,111,43,68
2019-01-16,61,25,36
2019-01-16,39,15,24
2019-01-16,22,5,17
2019-01-16,13,5,8
2019-01-16,5,3,2
2019-01-16,7,3,4
2019-01-17,5,3,2
2019-01-17,1,0,1
2019-01-17,0,0,0
2019-01-17,1,1,0
2019-01-17,3,1,2
2019-01-17,14,4,10
2019-01-17,27,7,20
2019-01-17,74,14,60
2019-01-17,118,17,101
2019-01-17,81,14,67
2019-01-17,21,8,13
2019-01-17,30,14,16
2019-01-17,24,9,15
2019-01-17,26,11,15
2019-01-17,20,8,12
2019-01-17,54,21,33
2019-01-17,77,22,55
2019-01-17,93,28,65
2019-01-17,51,25,26
2019-01-17,38,17,21
2019-01-17,17,7,10
2019-01-17,14,8,6
2019-01-17,9,3,6
2019-01-17,8,4,4
2019-01-18,1,1,0
2019-01-18,3,2,1
2019-01-18,0,0,0
2019-01-18,2,2,0
2019-01-18,1,0,1
2019-01-18,12,2,10
2019-01-18,26,2,24
2019-01-18,64,13,51
2019-01-18,103,13,90
2019-01-18,59,9,50
2019-01-18,22,5,17
2019-01-18,22,13,9
2019-01-18,25,5,20
2019-01-18,38,12,26
2019-01-18,35,17,18
2019-01-18,37,10,27
2019-01-18,73,21,52
2019-01-18,67,23,44
2019-01-18,50,19,31
2019-01-18,21,10,11
2019-01-18,21,12,9
2019-01-18,14,5,9
2019-01-18,12,6,6
2019-01-18,11,4,7
2019-01-19,4,2,2
2019-01-19,4,3,1
2019-01-19,5,1,4
2019-01-19,1,1,0
2019-01-19,1,0,1
2019-01-19,1,0,1
2019-01-19,6,1,5
2019-01-19,5,1,4
2019-01-19,10,3,7
2019-01-19,15,3,12
2019-01-19,17,4,13
2019-01-19,25,11,14
2019-01-19,42,16,26
2019-01-19,32,11,21
2019-01-19,16,2,14
2019-01-19,21,10,11
2019-01-19,21,13,8
2019-01-19,11,5,6
2019-01-19,20,8,12
2019-01-19,10,4,6
2019-01-19,5,2,3
2019-01-19,12,7,5
2019-01-19,13,5,8
2019-01-19,10,8,2
2019-01-20,6,3,3
2019-01-20,10,4,6
2019-01-20,4,1,3
2019-01-20,1,1,0
2019-01-20,1,0,1
2019-01-20,3,2,1
2019-01-20,2,0,2
2019-01-20,3,1,2
2019-01-20,14,1,13
2019-01-20,5,0,5
2019-01-20,19,8,11
2019-01-20,22,9,13
2019-01-20,24,7,17
2019-01-20,23,9,14
2019-01-20,32,14,18
2019-01-20,27,11,16
2019-01-20,25,11,14
2019-01-20,15,6,9
2019-01-20,14,9,5
2019-01-20,13,9,4
2019-01-20,18,9,9
2019-01-20,4,1,3
2019-01-20,4,2,2
2019-01-20,5,1,4
2019-01-21,3,1,2
2019-01-21,7,3,4
2019-01-21,0,0,0
2019-01-21,1,1,0
2019-01-21,1,0,1
2019-01-21,7,1,6
2019-01-21,14,3,11
2019-01-21,37,10,27
2019-01-21,64,10,54
2019-01-21,46,14,32
2019-01-21,13,2,11
2019-01-21,36,14,22
2019-01-21,19,7,12
2019-01-21,26,10,16
2019-01-21,29,16,13
2019-01-21,45,23,22
2019-01-21,62,20,42
2019-01-21,43,14,29
2019-01-21,41,14,27
2019-01-21,18,8,10
2019-01-21,17,5,12
2019-01-21,12,5,7
2019-01-21,11,4,7
2019-01-21,4,2,2
2019-01-22,11,7,4
2019-01-22,1,0,1
2019-01-22,3,2,1
2019-01-22,0,0,0
2019-01-22,2,0,2
2019-01-22,13,3,10
2019-01-22,20,5,15
2019-01-22,69,13,56
2019-01-22,143,22,121
2019-01-22,72,18,54
2019-01-22,24,7,17
2019-01-22,16,5,11
2019-01-22,18,5,13
2019-01-22,16,6,10
2019-01-22,17,6,11
2019-01-22,27,12,15
2019-01-22,67,19,48
2019-01-22,88,23,65
2019-01-22,47,16,31
2019-01-22,16,9,7
2019-01-22,13,5,8
2019-01-22,6,5,1
2019-01-22,6,0,6
2019-01-22,2,0,2
2019-01-23,2,1,1
2019-01-23,0,0,0
2019-01-23,3,0,3
2019-01-23,2,1,1
2019-01-23,3,1,2
2019-01-23,12,2,10
2019-01-23,30,5,25
2019-01-23,64,13,51
2019-01-23,104,17,87
2019-01-23,59,13,46
2019-01-23,20,7,13
2019-01-23,15,4,11
2019-01-23,23,4,19
2019-01-23,19,6,13
2019-01-23,30,9,21
2019-01-23,31,7,24
2019-01-23,94,20,74
2019-01-23,105,31,74
2019-01-23,49,19,30
2019-01-23,31,10,21
2019-01-23,32,15,17
2019-01-23,25,12,13
2019-01-23,10,4,6
2019-01-23,9,5,4
2019-01-24,4,2,2
2019-01-24,12,8,4
2019-01-24,3,2,1
2019-01-24,0,0,0
2019-01-24,2,0,2
2019-01-24,14,3,11
2019-01-24,35,7,28
2019-01-24,79,12,67
2019-01-24,125,15,110
2019-01-24,67,9,58
2019-01-24,33,7,26
2019-01-24,23,8,15
2019-01-24,25,9,16
2019-01-24,37,14,23
2019-01-24,23,5,18
2019-01-24,40,15,25
2019-01-24,86,17,69
2019-01-24,116,28,88
2019-01-24,78,32,46
2019-01-24,33,12,21
2019-01-24,21,13,8
2019-01-24,14,10,4
2019-01-24,14,5,9
2019-01-24,7,4,3
2019-01-25,2,1,1
2019-01-25,5,1,4
2019-01-25,0,0,0
2019-01-25,4,2,2
2019-01-25,3,1,2
2019-01-25,11,0,11
2019-01-25,34,3,31
2019-01-25,60,11,49
2019-01-25,131,24,107
2019-01-25,74,15,59
2019-01-25,40,10,30
2019-01-25,28,7,21
2019-01-25,49,20,29
2019-01-25,55,18,37
2019-01-25,41,13,28
2019-01-25,59,20,39
2019-01-25,95,24,71
2019-01-25,111,33,78
2019-01-25,70,24,46
2019-01-25,36,15,21
2019-01-25,29,10,19
2019-01-25,21,12,9
2019-01-25,10,3,7
2019-01-25,12,10,2
2019-01-26,7,4,3
2019-01-26,12,4,8
2019-01-26,6,2,4
2019-01-26,3,2,1
2019-01-26,0,0,0
2019-01-26,2,0,2
2019-01-26,8,2,6
2019-01-26,9,3,6
2019-01-26,15,4,11
2019-01-26,19,5,14
2019-01-26,28,4,24
2019-01-26,34,12,22
2019-01-26,65,18,47
2019-01-26,31,16,15
2019-01-26,50,13,37
2019-01-26,63,36,27
2019-01-26,44,24,20
2019-01-26,34,7,27
2019-01-26,16,4,12
2019-01-26,18,10,8
2019-01-26,14,5,9
2019-01-26,14,10,4
2019-01-26,12,4,8
2019-01-26,10,7,3
2019-01-27,9,5,4
2019-01-27,18,6,12
2019-01-27,6,3,3
2019-01-27,0,0,0
2019-01-27,1,0,1
2019-01-27,1,0,1
2019-01-27,3,1,2
2019-01-27,5,1,4
2019-01-27,8,2,6
2019-01-27,7,4,3
2019-01-27,14,3,11
2019-01-27,19,6,13
2019-01-27,30,7,23
2019-01-27,35,20,15
2019-01-27,34,12,22
2019-01-27,22,13,9
2019-01-27,26,13,13
2019-01-27,17,10,7
2019-01-27,26,11,15
2019-01-27,14,7,7
2019-01-27,7,5,2
2019-01-27,10,6,4
2019-01-27,5,3,2
2019-01-27,4,3,1
2019-01-28,6,4,2
2019-01-28,5,3,2
2019-01-28,1,1,0
2019-01-28,0,0,0
2019-01-28,2,1,1
2019-01-28,13,1,12
2019-01-28,41,8,33
2019-01-28,78,11,67
2019-01-28,162,15,147
2019-01-28,92,17,75
2019-01-28,42,12,30
2019-01-28,25,9,16
2019-01-28,25,8,17
2019-01-28,27,11,16
2019-01-28,40,12,28
2019-01-28,43,18,25
2019-01-28,79,20,59
2019-01-28,100,35,65
2019-01-28,66,23,43
2019-01-28,39,18,21
2019-01-28,19,11,8
2019-01-28,18,6,12
2019-01-28,9,3,6
2019-01-28,6,2,4
2019-01-29,3,1,2
2019-01-29,0,0,0
2019-01-29,1,1,0
2019-01-29,0,0,0
2019-01-29,2,0,2
2019-01-29,14,3,11
2019-01-29,34,8,26
2019-01-29,83,12,71
2019-01-29,162,18,144
2019-01-29,86,14,72
2019-01-29,47,17,30
2019-01-29,26,10,16
2019-01-29,27,9,18
2019-01-29,26,12,14
2019-01-29,23,10,13
2019-01-29,47,13,34
2019-01-29,88,25,63
2019-01-29,130,42,88
2019-01-29,82,27,55
2019-01-29,47,24,23
2019-01-29,19,9,10
2019-01-29,19,8,11
2019-01-29,16,6,10
2019-01-29,4,2,2
2019-01-30,7,4,3
2019-01-30,5,1,4
2019-01-30,2,2,0
2019-01-30,0,0,0
2019-01-30,3,2,1
2019-01-30,11,2,9
2019-01-30,36,3,33
2019-01-30,79,14,65
2019-01-30,150,22,128
2019-01-30,75,14,61
2019-01-30,45,10,35
2019-01-30,30,13,17
2019-01-30,28,10,18
2019-01-30,33,12,21
2019-01-30,34,6,28
2019-01-30,45,21,24
2019-01-30,79,18,61
2019-01-30,110,37,73
2019-01-30,72,30,42
2019-01-30,42,11,31
2019-01-30,26,15,11
2019-01-30,19,12,7
2019-01-30,9,2,7
2019-01-30,5,4,1
2019-01-31,4,1,3
2019-01-31,0,0,0
2019-01-31,2,1,1
2019-01-31,0,0,0
2019-01-31,1,0,1
2019-01-31,19,3,16
2019-01-31,25,6,19
2019-01-31,75,14,61
2019-01-31,148,20,128
2019-01-31,73,11,62
2019-01-31,46,10,36
2019-01-31,30,9,21
2019-01-31,30,10,20
2019-01-31,29,12,17
2019-01-31,29,6,23
2019-01-31,59,30,29
2019-01-31,75,17,58
2019-01-31,109,38,71
2019-01-31,78,30,48
2019-01-31,34,15,19
2019-01-31,31,17,14
2019-01-31,22,14,8
2019-01-31,10,4,6
2019-01-31,13,9,4
2019-02-01,6,2,4
2019-02-01,2,0,2
2019-02-01,0,0,0
2019-02-01,2,2,0
2019-02-01,1,0,1
2019-02-01,13,1,12
2019-02-01,15,4,11
2019-02-01,35,7,28
2019-02-01,75,11,64
2019-02-01,52,14,38
2019-02-01,16,7,9
2019-02-01,14,4,10
2019-02-01,17,6,11
2019-02-01,20,7,13
2019-02-01,17,7,10
2019-02-01,24,7,17
2019-02-01,72,19,53
2019-02-01,73,21,52
2019-02-01,54,18,36
2019-02-01,29,14,15
2019-02-01,12,4,8
2019-02-01,15,7,8
2019-02-01,17,11,6
2019-02-01,7,5,2
2019-02-02,7,2,5
2019-02-02,3,2,1
2019-02-02,4,2,2
2019-02-02,0,0,0
2019-02-02,1,0,1
2019-02-02,2,0,2
2019-02-02,10,7,3
2019-02-02,26,21,5
2019-02-02,14,6,8
2019-02-02,34,7,27
2019-02-02,34,9,25
2019-02-02,42,15,27
2019-02-02,46,14,32
2019-02-02,49,19,30
2019-02-02,55,21,34
2019-02-02,33,17,16
2019-02-02,60,22,38
2019-02-02,78,32,46
2019-02-02,24,13,11
2019-02-02,30,14,16
2019-02-02,13,8,5
2019-02-02,19,10,9
2019-02-02,17,10,7
2019-02-02,9,8,1
2019-02-03,13,10,3
2019-02-03,12,6,6
2019-02-03,3,0,3
2019-02-03,3,2,1
2019-02-03,0,0,0
2019-02-03,1,0,1
2019-02-03,9,4,5
2019-02-03,160,153,7
2019-02-03,193,184,9
2019-02-03,190,104,86
2019-02-03,204,9,195
2019-02-03,142,14,128
2019-02-03,75,9,66
2019-02-03,37,12,25
2019-02-03,21,10,11
2019-02-03,19,7,12
2019-02-03,10,3,7
2019-02-03,13,7,6
2019-02-03,5,2,3
2019-02-03,9,4,5
2019-02-03,7,4,3
2019-02-03,5,4,1
2019-02-03,4,3,1
2019-02-03,2,1,1
2019-02-04,2,0,2
2019-02-04,3,1,2
2019-02-04,0,0,0
2019-02-04,0,0,0
2019-02-04,1,0,1
2019-02-04,4,0,4
2019-02-04,8,1,7
2019-02-04,7,1,6
2019-02-04,13,6,7
2019-02-04,4,1,3
2019-02-04,1,0,1
2019-02-04,0,0,0
2019-02-04,3,0,3
2019-02-04,3,2,1
2019-02-04,1,1,0
2019-02-04,5,1,4
2019-02-04,3,1,2
2019-02-04,7,4,3
2019-02-04,3,1,2
2019-02-04,4,3,1
2019-02-04,0,0,0
2019-02-04,2,0,2
2019-02-04,0,0,0
2019-02-04,0,0,0
2019-02-05,0,0,0
2019-02-05,0,0,0
2019-02-05,0,0,0
2019-02-05,0,0,0
2019-02-05,0,0,0
2019-02-05,2,1,1
2019-02-05,3,2,1
2019-02-05,6,0,6
2019-02-05,11,1,10
2019-02-05,9,2,7
2019-02-05,3,0,3
2019-02-05,9,2,7
2019-02-05,4,0,4
2019-02-05,11,9,2
2019-02-05,8,2,6
2019-02-05,8,1,7
2019-02-05,16,8,8
2019-02-05,21,7,14
2019-02-05,10,8,2
2019-02-05,9,4,5
2019-02-05,1,1,0
2019-02-05,4,1,3
2019-02-05,1,1,0
2019-02-05,0,0,0
2019-02-06,1,0,1
2019-02-06,0,0,0
2019-02-06,0,0,0
2019-02-06,0,0,0
2019-02-06,2,2,0
2019-02-06,7,1,6
2019-02-06,10,4,6
2019-02-06,13,4,9
2019-02-06,38,8,30
2019-02-06,27,5,22
2019-02-06,17,3,14
2019-02-06,17,7,10
2019-02-06,12,2,10
2019-02-06,12,7,5
2019-02-06,15,5,10
2019-02-06,19,10,9
2019-02-06,30,8,22
2019-02-06,43,12,31
2019-02-06,26,14,12
2019-02-06,14,3,11
2019-02-06,10,5,5
2019-02-06,9,3,6
2019-02-06,4,2,2
2019-02-06,1,1,0
2019-02-07,5,0,5
2019-02-07,1,1,0
2019-02-07,0,0,0
2019-02-07,0,0,0
2019-02-07,1,0,1
2019-02-07,6,1,5
2019-02-07,12,3,9
2019-02-07,24,3,21
2019-02-07,54,8,46
2019-02-07,33,11,22
2019-02-07,19,6,13
2019-02-07,14,5,9
2019-02-07,16,3,13
2019-02-07,24,9,15
2019-02-07,23,7,16
2019-02-07,19,9,10
2019-02-07,38,8,30
2019-02-07,50,17,33
2019-02-07,43,15,28
2019-02-07,21,6,15
2019-02-07,24,11,13
2019-02-07,12,5,7
2019-02-07,7,3,4
2019-02-07,7,3,4
2019-02-08,4,2,2
2019-02-08,4,1,3
2019-02-08,1,1,0
2019-02-08,2,1,1
2019-02-08,1,0,1
2019-02-08,4,1,3
2019-02-08,5,1,4
2019-02-08,26,5,21
2019-02-08,33,7,26
2019-02-08,17,6,11
2019-02-08,12,2,10
2019-02-08,19,8,11
2019-02-08,21,7,14
2019-02-08,29,14,15
2019-02-08,22,6,16
2019-02-08,16,9,7
2019-02-08,13,7,6
2019-02-08,8,4,4
2019-02-08,4,2,2
2019-02-08,0,0,0
2019-02-08,3,1,2
2019-02-08,4,2,2
2019-02-08,3,2,1
2019-02-08,6,4,2
2019-02-09,1,0,1
2019-02-09,0,0,0
2019-02-09,0,0,0
2019-02-09,0,0,0
2019-02-09,0,0,0
2019-02-09,0,0,0
2019-02-09,0,0,0
2019-02-09,0,0,0
2019-02-09,0,0,0
2019-02-09,0,0,0
2019-02-09,1,1,0
2019-02-09,0,0,0
2019-02-09,0,0,0
2019-02-09,0,0,0
2019-02-09,1,1,0
2019-02-09,0,0,0
2019-02-09,0,0,0
2019-02-09,0,0,0
2019-02-09,1,1,0
2019-02-09,0,0,0
2019-02-09,0,0,0
2019-02-09,0,0,0
2019-02-09,0,0,0
2019-02-09,0,0,0
2019-02-10,0,0,0
2019-02-10,0,0,0
2019-02-10,0,0,0
2019-02-10,0,0,0
2019-02-10,0,0,0
2019-02-10,0,0,0
2019-02-10,0,0,0
2019-02-10,0,0,0
2019-02-10,0,0,0
2019-02-10,0,0,0
2019-02-10,0,0,0
2019-02-10,0,0,0
2019-02-10,0,0,0
2019-02-10,0,0,0
2019-02-10,0,0,0
2019-02-10,0,0,0
2019-02-10,0,0,0
2019-02-10,1,1,0
2019-02-10,0,0,0
2019-02-10,0,0,0
2019-02-10,0,0,0
2019-02-10,0,0,0
2019-02-10,0,0,0
2019-02-10,0,0,0
2019-02-11,0,0,0
2019-02-11,0,0,0
2019-02-11,0,0,0
2019-02-11,0,0,0
2019-02-11,0,0,0
2019-02-11,0,0,0
2019-02-11,0,0,0
2019-02-11,0,0,0
2019-02-11,0,0,0
2019-02-11,3,3,0
2019-02-11,0,0,0
2019-02-11,0,0,0
2019-02-11,0,0,0
2019-02-11,2,0,2
2019-02-11,0,0,0
2019-02-11,0,0,0
2019-02-11,0,0,0
2019-02-11,0,0,0
2019-02-11,0,0,0
2019-02-11,0,0,0
2019-02-11,0,0,0
2019-02-11,0,0,0
2019-02-11,0,0,0
2019-02-11,0,0,0
2019-02-12,0,0,0
2019-02-12,0,0,0
2019-02-12,0,0,0
2019-02-12,0,0,0
2019-02-12,0,0,0
2019-02-12,0,0,0
2019-02-12,0,0,0
2019-02-12,0,0,0
2019-02-12,0,0,0
2019-02-12,0,0,0
2019-02-12,0,0,0
2019-02-12,0,0,0
2019-02-12,0,0,0
2019-02-12,0,0,0
2019-02-12,0,0,0
2019-02-12,0,0,0
2019-02-12,0,0,0
2019-02-12,0,0,0
2019-02-12,0,0,0
2019-02-12,0,0,0
2019-02-12,0,0,0
2019-02-12,0,0,0
2019-02-12,0,0,0
2019-02-12,0,0,0
2019-02-13,0,0,0
2019-02-13,0,0,0
2019-02-13,0,0,0
2019-02-13,0,0,0
2019-02-13,0,0,0
2019-02-13,0,0,0
2019-02-13,0,0,0
2019-02-13,0,0,0
2019-02-13,0,0,0
2019-02-13,0,0,0
2019-02-13,0,0,0
2019-02-13,0,0,0
2019-02-13,0,0,0
2019-02-13,0,0,0
2019-02-13,0,0,0
2019-02-13,0,0,0
2019-02-13,0,0,0
2019-02-13,0,0,0
2019-02-13,0,0,0
2019-02-13,0,0,0
2019-02-13,0,0,0
2019-02-13,0,0,0
2019-02-13,0,0,0
2019-02-13,0,0,0
2019-02-14,0,0,0
2019-02-14,0,0,0
2019-02-14,0,0,0
2019-02-14,0,0,0
2019-02-14,0,0,0
2019-02-14,0,0,0
2019-02-14,0,0,0
2019-02-14,0,0,0
2019-02-14,0,0,0
2019-02-14,0,0,0
2019-02-14,0,0,0
2019-02-14,0,0,0
2019-02-14,0,0,0
2019-02-14,0,0,0
2019-02-14,0,0,0
2019-02-14,0,0,0
2019-02-14,0,0,0
2019-02-14,0,0,0
2019-02-14,0,0,0
2019-02-14,0,0,0
2019-02-14,0,0,0
2019-02-14,0,0,0
2019-02-14,0,0,0
2019-02-14,0,0,0
2019-02-15,0,0,0
2019-02-15,0,0,0
2019-02-15,0,0,0
2019-02-15,0,0,0
2019-02-15,0,0,0
2019-02-15,0,0,0
2019-02-15,0,0,0
2019-02-15,0,0,0
2019-02-15,0,0,0
2019-02-15,0,0,0
2019-02-15,0,0,0
2019-02-15,0,0,0
2019-02-15,0,0,0
2019-02-15,0,0,0
2019-02-15,0,0,0
2019-02-15,0,0,0
2019-02-15,0,0,0
2019-02-15,0,0,0
2019-02-15,0,0,0
2019-02-15,0,0,0
2019-02-15,0,0,0
2019-02-15,0,0,0
2019-02-15,0,0,0
2019-02-15,0,0,0
2019-02-16,0,0,0
2019-02-16,0,0,0
2019-02-16,0,0,0
2019-02-16,0,0,0
2019-02-16,0,0,0
2019-02-16,0,0,0
2019-02-16,0,0,0
2019-02-16,0,0,0
2019-02-16,0,0,0
2019-02-16,0,0,0
2019-02-16,0,0,0
2019-02-16,0,0,0
2019-02-16,0,0,0
2019-02-16,0,0,0
2019-02-16,0,0,0
2019-02-16,0,0,0
2019-02-16,0,0,0
2019-02-16,0,0,0
2019-02-16,0,0,0
2019-02-16,0,0,0
2019-02-16,0,0,0
2019-02-16,0,0,0
2019-02-16,0,0,0
2019-02-16,0,0,0
2019-02-17,0,0,0
2019-02-17,0,0,0
2019-02-17,0,0,0
2019-02-17,0,0,0
2019-02-17,0,0,0
2019-02-17,0,0,0
2019-02-17,0,0,0
2019-02-17,0,0,0
2019-02-17,0,0,0
2019-02-17,0,0,0
2019-02-17,0,0,0
2019-02-17,0,0,0
2019-02-17,0,0,0
2019-02-17,0,0,0
2019-02-17,0,0,0
2019-02-17,0,0,0
2019-02-17,0,0,0
2019-02-17,0,0,0
2019-02-17,0,0,0
2019-02-17,0,0,0
2019-02-17,0,0,0
2019-02-17,0,0,0
2019-02-17,0,0,0
2019-02-17,0,0,0
2019-02-18,0,0,0
2019-02-18,0,0,0
2019-02-18,0,0,0
2019-02-18,0,0,0
2019-02-18,0,0,0
2019-02-18,0,0,0
2019-02-18,0,0,0
2019-02-18,0,0,0
2019-02-18,0,0,0
2019-02-18,0,0,0
2019-02-18,0,0,0
2019-02-18,0,0,0
2019-02-18,0,0,0
2019-02-18,0,0,0
2019-02-18,0,0,0
2019-02-18,0,0,0
2019-02-18,0,0,0
2019-02-18,0,0,0
2019-02-18,0,0,0
2019-02-18,0,0,0
2019-02-18,0,0,0
2019-02-18,0,0,0
2019-02-18,0,0,0
2019-02-18,0,0,0
2019-02-19,0,0,0
2019-02-19,0,0,0
2019-02-19,0,0,0
2019-02-19,0,0,0
2019-02-19,0,0,0
2019-02-19,0,0,0
2019-02-19,0,0,0
2019-02-19,0,0,0
2019-02-19,0,0,0
2019-02-19,0,0,0
2019-02-19,0,0,0
2019-02-19,0,0,0
2019-02-19,0,0,0
2019-02-19,0,0,0
2019-02-19,0,0,0
2019-02-19,0,0,0
2019-02-19,0,0,0
2019-02-19,0,0,0
2019-02-19,0,0,0
2019-02-19,1,0,1
2019-02-19,0,0,0
2019-02-19,0,0,0
2019-02-19,0,0,0
2019-02-19,0,0,0
2019-02-20,0,0,0
2019-02-20,0,0,0
2019-02-20,0,0,0
2019-02-20,0,0,0
2019-02-20,0,0,0
2019-02-20,0,0,0
2019-02-20,0,0,0
2019-02-20,0,0,0
2019-02-20,0,0,0
2019-02-20,0,0,0
2019-02-20,0,0,0
2019-02-20,0,0,0
2019-02-20,0,0,0
2019-02-20,0,0,0
2019-02-20,0,0,0
2019-02-20,0,0,0
2019-02-20,0,0,0
2019-02-20,0,0,0
2019-02-20,4,0,4
2019-02-20,0,0,0
2019-02-20,0,0,0
2019-02-20,0,0,0
2019-02-20,0,0,0
2019-02-20,0,0,0
2019-02-21,0,0,0
2019-02-21,0,0,0
2019-02-21,0,0,0
2019-02-21,0,0,0
2019-02-21,0,0,0
2019-02-21,0,0,0
2019-02-21,0,0,0
2019-02-21,0,0,0
2019-02-21,0,0,0
2019-02-21,0,0,0
2019-02-21,0,0,0
2019-02-21,0,0,0
2019-02-21,0,0,0
2019-02-21,0,0,0
2019-02-21,0,0,0
2019-02-21,0,0,0
2019-02-21,0,0,0
2019-02-21,0,0,0
2019-02-21,0,0,0
2019-02-21,0,0,0
2019-02-21,0,0,0
2019-02-21,0,0,0
2019-02-21,0,0,0
2019-02-21,0,0,0
2019-02-22,0,0,0
2019-02-22,0,0,0
2019-02-22,0,0,0
2019-02-22,0,0,0
2019-02-22,0,0,0
2019-02-22,0,0,0
2019-02-22,0,0,0
2019-02-22,0,0,0
2019-02-22,0,0,0
2019-02-22,0,0,0
2019-02-22,0,0,0
2019-02-22,0,0,0
2019-02-22,0,0,0
2019-02-22,0,0,0
2019-02-22,0,0,0
2019-02-22,0,0,0
2019-02-22,0,0,0
2019-02-22,0,0,0
2019-02-22,0,0,0
2019-02-22,0,0,0
2019-02-22,0,0,0
2019-02-22,0,0,0
2019-02-22,0,0,0
2019-02-22,0,0,0
2019-02-23,0,0,0
2019-02-23,0,0,0
2019-02-23,0,0,0
2019-02-23,0,0,0
2019-02-23,0,0,0
2019-02-23,0,0,0
2019-02-23,0,0,0
2019-02-23,0,0,0
2019-02-23,0,0,0
2019-02-23,0,0,0
2019-02-23,0,0,0
2019-02-23,0,0,0
2019-02-23,0,0,0
2019-02-23,0,0,0
2019-02-23,0,0,0
2019-02-23,0,0,0
2019-02-23,0,0,0
2019-02-23,0,0,0
2019-02-23,0,0,0
2019-02-23,0,0,0
2019-02-23,0,0,0
2019-02-23,0,0,0
2019-02-23,0,0,0
2019-02-23,0,0,0
2019-02-24,0,0,0
2019-02-24,0,0,0
2019-02-24,0,0,0
2019-02-24,0,0,0
2019-02-24,0,0,0
2019-02-24,0,0,0
2019-02-24,0,0,0
2019-02-24,0,0,0
2019-02-24,0,0,0
2019-02-24,0,0,0
2019-02-24,0,0,0
2019-02-24,0,0,0
2019-02-24,0,0,0
2019-02-24,0,0,0
2019-02-24,0,0,0
2019-02-24,0,0,0
2019-02-24,0,0,0
2019-02-24,0,0,0
2019-02-24,0,0,0
2019-02-24,0,0,0
2019-02-24,0,0,0
2019-02-24,0,0,0
2019-02-24,0,0,0
2019-02-24,0,0,0
2019-02-25,0,0,0
2019-02-25,0,0,0
2019-02-25,0,0,0
2019-02-25,0,0,0
2019-02-25,0,0,0
2019-02-25,0,0,0
2019-02-25,0,0,0
2019-02-25,0,0,0
2019-02-25,0,0,0
2019-02-25,0,0,0
2019-02-25,0,0,0
2019-02-25,0,0,0
2019-02-25,0,0,0
2019-02-25,0,0,0
2019-02-25,0,0,0
2019-02-25,0,0,0
2019-02-25,0,0,0
2019-02-25,0,0,0
2019-02-25,0,0,0
2019-02-25,0,0,0
2019-02-25,0,0,0
2019-02-25,0,0,0
2019-02-25,0,0,0
2019-02-25,1,0,1
2019-02-26,0,0,0
2019-02-26,0,0,0
2019-02-26,0,0,0
2019-02-26,0,0,0
2019-02-26,0,0,0
2019-02-26,0,0,0
2019-02-26,0,0,0
2019-02-26,0,0,0
2019-02-26,0,0,0
2019-02-26,0,0,0
2019-02-26,0,0,0
2019-02-26,0,0,0
2019-02-26,0,0,0
2019-02-26,0,0,0
2019-02-26,1,0,1
2019-02-26,0,0,0
2019-02-26,0,0,0
2019-02-26,0,0,0
2019-02-26,0,0,0
2019-02-26,0,0,0
2019-02-26,0,0,0
2019-02-26,0,0,0
2019-02-26,0,0,0
2019-02-26,2,0,2
2019-02-27,0,0,0
2019-02-27,0,0,0
2019-02-27,0,0,0
2019-02-27,0,0,0
2019-02-27,0,0,0
2019-02-27,0,0,0
2019-02-27,0,0,0
2019-02-27,0,0,0
2019-02-27,0,0,0
2019-02-27,0,0,0
2019-02-27,0,0,0
2019-02-27,0,0,0
2019-02-27,0,0,0
2019-02-27,0,0,0
2019-02-27,0,0,0
2019-02-27,0,0,0
2019-02-27,0,0,0
2019-02-27,0,0,0
2019-02-27,0,0,0
2019-02-27,0,0,0
2019-02-27,0,0,0
2019-02-27,0,0,0
2019-02-27,0,0,0
2019-02-27,0,0,0
2019-02-28,1,0,1
2019-02-28,0,0,0
2019-02-28,0,0,0
2019-02-28,0,0,0
2019-02-28,0,0,0
2019-02-28,0,0,0
2019-02-28,0,0,0
2019-02-28,0,0,0
2019-02-28,0,0,0
2019-02-28,0,0,0
2019-02-28,0,0,0
2019-02-28,0,0,0
2019-02-28,0,0,0
2019-02-28,0,0,0
2019-02-28,0,0,0
2019-02-28,0,0,0
2019-02-28,0,0,0
2019-02-28,0,0,0
2019-02-28,0,0,0
2019-02-28,0,0,0
2019-02-28,0,0,0
2019-02-28,0,0,0
2019-02-28,0,0,0
2019-02-28,0,0,0
2019-03-01,0,0,0
2019-03-01,0,0,0
2019-03-01,0,0,0
2019-03-01,0,0,0
2019-03-01,0,0,0
2019-03-01,0,0,0
2019-03-01,0,0,0
2019-03-01,0,0,0
2019-03-01,0,0,0
2019-03-01,0,0,0
2019-03-01,0,0,0
2019-03-01,0,0,0
2019-03-01,0,0,0
2019-03-01,0,0,0
2019-03-01,0,0,0
2019-03-01,0,0,0
2019-03-01,0,0,0
2019-03-01,0,0,0
2019-03-01,0,0,0
2019-03-01,0,0,0
2019-03-01,0,0,0
2019-03-01,0,0,0
2019-03-01,0,0,0
2019-03-01,0,0,0
2019-03-02,0,0,0
2019-03-02,0,0,0
2019-03-02,0,0,0
2019-03-02,0,0,0
2019-03-02,0,0,0
2019-03-02,0,0,0
2019-03-02,0,0,0
2019-03-02,0,0,0
2019-03-02,0,0,0
2019-03-02,0,0,0
2019-03-02,0,0,0
2019-03-02,0,0,0
2019-03-02,0,0,0
2019-03-02,0,0,0
2019-03-02,0,0,0
2019-03-02,0,0,0
2019-03-02,0,0,0
2019-03-02,0,0,0
2019-03-02,0,0,0
2019-03-02,0,0,0
2019-03-02,0,0,0
2019-03-02,0,0,0
2019-03-02,0,0,0
2019-03-02,0,0,0
2019-03-03,0,0,0
2019-03-03,0,0,0
2019-03-03,0,0,0
2019-03-03,0,0,0
2019-03-03,0,0,0
2019-03-03,0,0,0
2019-03-03,0,0,0
2019-03-03,0,0,0
2019-03-03,0,0,0
2019-03-03,0,0,0
2019-03-03,0,0,0
2019-03-03,0,0,0
2019-03-03,0,0,0
2019-03-03,0,0,0
2019-03-03,0,0,0
2019-03-03,0,0,0
2019-03-03,0,0,0
2019-03-03,0,0,0
2019-03-03,0,0,0
2019-03-03,0,0,0
2019-03-03,1,0,1
2019-03-03,0,0,0
2019-03-03,0,0,0
2019-03-03,0,0,0
2019-03-04,0,0,0
2019-03-04,0,0,0
2019-03-04,0,0,0
2019-03-04,0,0,0
2019-03-04,0,0,0
2019-03-04,0,0,0
2019-03-04,0,0,0
2019-03-04,0,0,0
2019-03-04,0,0,0
2019-03-04,1,1,0
2019-03-04,0,0,0
2019-03-04,0,0,0
2019-03-04,3,2,1
2019-03-04,0,0,0
2019-03-04,0,0,0
2019-03-04,0,0,0
2019-03-04,4,4,0
2019-03-04,1,0,1
2019-03-04,0,0,0
2019-03-04,0,0,0
2019-03-04,0,0,0
2019-03-04,0,0,0
2019-03-04,0,0,0
2019-03-04,0,0,0
2019-03-05,0,0,0
2019-03-05,0,0,0
2019-03-05,0,0,0
2019-03-05,0,0,0
2019-03-05,0,0,0
2019-03-05,0,0,0
2019-03-05,0,0,0
2019-03-05,0,0,0
2019-03-05,0,0,0
2019-03-05,0,0,0
2019-03-05,0,0,0
2019-03-05,0,0,0
2019-03-05,1,1,0
2019-03-05,31,9,22
2019-03-05,29,9,20
2019-03-05,40,13,27
2019-03-05,82,27,55
2019-03-05,95,30,65
2019-03-05,56,23,33
2019-03-05,37,15,22
2019-03-05,17,6,11
2019-03-05,15,8,7
2019-03-05,13,8,5
2019-03-05,3,2,1
2019-03-06,4,1,3
2019-03-06,2,0,2
2019-03-06,2,2,0
2019-03-06,1,1,0
2019-03-06,0,0,0
2019-03-06,8,0,8
2019-03-06,23,5,18
2019-03-06,59,10,49
2019-03-06,111,21,90
2019-03-06,64,10,54
2019-03-06,30,10,20
2019-03-06,14,2,12
2019-03-06,26,11,15
2019-03-06,18,6,12
2019-03-06,9,4,5
2019-03-06,18,7,11
2019-03-06,50,11,39
2019-03-06,58,21,37
2019-03-06,43,15,28
2019-03-06,27,8,19
2019-03-06,18,7,11
2019-03-06,10,3,7
2019-03-06,5,4,1
2019-03-06,5,3,2
2019-03-07,2,1,1
2019-03-07,2,2,0
2019-03-07,0,0,0
2019-03-07,1,1,0
2019-03-07,2,0,2
2019-03-07,5,1,4
2019-03-07,7,1,6
2019-03-07,38,9,29
2019-03-07,55,6,49
2019-03-07,38,9,29
2019-03-07,16,1,15
2019-03-07,15,3,12
2019-03-07,21,10,11
2019-03-07,13,5,8
2019-03-07,21,6,15
2019-03-07,24,10,14
2019-03-07,42,16,26
2019-03-07,70,21,49
2019-03-07,50,17,33
2019-03-07,27,13,14
2019-03-07,17,9,8
2019-03-07,11,3,8
2019-03-07,10,4,6
2019-03-07,6,3,3
2019-03-08,2,0,2
2019-03-08,1,1,0
2019-03-08,1,1,0
2019-03-08,0,0,0
2019-03-08,1,0,1
2019-03-08,10,0,10
2019-03-08,10,3,7
2019-03-08,45,8,37
2019-03-08,86,15,71
2019-03-08,35,5,30
2019-03-08,16,3,13
2019-03-08,16,5,11
2019-03-08,9,2,7
2019-03-08,20,5,15
2019-03-08,32,19,13
2019-03-08,31,12,19
2019-03-08,62,15,47
2019-03-08,68,18,50
2019-03-08,53,22,31
2019-03-08,29,16,13
2019-03-08,26,8,18
2019-03-08,20,10,10
2019-03-08,20,14,6
2019-03-08,11,8,3
2019-03-09,4,1,3
2019-03-09,10,4,6
2019-03-09,3,2,1
2019-03-09,1,1,0
2019-03-09,0,0,0
2019-03-09,6,2,4
2019-03-09,6,3,3
2019-03-09,6,4,2
2019-03-09,8,5,3
2019-03-09,6,2,4
2019-03-09,15,4,11
2019-03-09,30,5,25
2019-03-09,24,9,15
2019-03-09,45,14,31
2019-03-09,40,23,17
2019-03-09,40,22,18
2019-03-09,49,19,30
2019-03-09,35,10,25
2019-03-09,38,13,25
2019-03-09,17,9,8
2019-03-09,16,5,11
2019-03-09,14,10,4
2019-03-09,17,9,8
2019-03-09,11,7,4
2019-03-10,2,2,0
2019-03-10,6,5,1
2019-03-10,0,0,0
2019-03-10,4,2,2
2019-03-10,1,0,1
2019-03-10,3,1,2
2019-03-10,4,1,3
2019-03-10,5,1,4
2019-03-10,4,2,2
2019-03-10,11,2,9
2019-03-10,10,2,8
2019-03-10,29,12,17
2019-03-10,20,8,12
2019-03-10,29,10,19
2019-03-10,54,22,32
2019-03-10,44,17,27
2019-03-10,27,12,15
2019-03-10,52,22,30
2019-03-10,31,17,14
2019-03-10,17,11,6
2019-03-10,18,8,10
2019-03-10,14,7,7
2019-03-10,8,4,4
2019-03-10,4,3,1
2019-03-11,5,4,1
2019-03-11,2,1,1
2019-03-11,2,1,1
2019-03-11,0,0,0
2019-03-11,1,0,1
2019-03-11,9,1,8
2019-03-11,24,7,17
2019-03-11,59,7,52
2019-03-11,122,26,96
2019-03-11,86,16,70
2019-03-11,33,9,24
2019-03-11,18,2,16
2019-03-11,27,9,18
2019-03-11,24,9,15
2019-03-11,19,9,10
2019-03-11,29,6,23
2019-03-11,76,17,59
2019-03-11,76,25,51
2019-03-11,55,23,32
2019-03-11,26,14,12
2019-03-11,22,8,14
2019-03-11,14,6,8
2019-03-11,7,2,5
2019-03-11,2,1,1
2019-03-12,1,1,0
2019-03-12,0,0,0
2019-03-12,1,0,1
2019-03-12,2,2,0
2019-03-12,2,0,2
2019-03-12,5,2,3
2019-03-12,17,7,10
2019-03-12,41,7,34
2019-03-12,117,23,94
2019-03-12,58,15,43
2019-03-12,17,8,9
2019-03-12,18,7,11
2019-03-12,14,7,7
2019-03-12,15,5,10
2019-03-12,17,5,12
2019-03-12,25,10,15
2019-03-12,66,19,47
2019-03-12,93,30,63
2019-03-12,64,26,38
2019-03-12,30,18,12
2019-03-12,17,11,6
2019-03-12,18,10,8
2019-03-12,9,6,3
2019-03-12,4,1,3
2019-03-13,4,1,3
2019-03-13,4,2,2
2019-03-13,2,1,1
2019-03-13,2,2,0
2019-03-13,0,0,0
2019-03-13,10,1,9
2019-03-13,24,7,17
2019-03-13,75,15,60
2019-03-13,119,21,98
2019-03-13,79,10,69
2019-03-13,33,6,27
2019-03-13,21,7,14
2019-03-13,32,12,20
2019-03-13,22,7,15
2019-03-13,31,16,15
2019-03-13,42,13,29
2019-03-13,73,19,54
2019-03-13,126,43,83
2019-03-13,61,25,36
2019-03-13,48,21,27
2019-03-13,27,12,15
2019-03-13,14,4,10
2019-03-13,11,8,3
2019-03-13,2,2,0
2019-03-14,8,6,2
2019-03-14,4,4,0
2019-03-14,0,0,0
2019-03-14,0,0,0
2019-03-14,2,0,2
2019-03-14,9,3,6
2019-03-14,27,4,23
2019-03-14,67,14,53
2019-03-14,135,16,119
2019-03-14,70,14,56
2019-03-14,32,12,20
2019-03-14,41,10,31
2019-03-14,31,9,22
2019-03-14,26,14,12
2019-03-14,40,16,24
2019-03-14,43,10,33
2019-03-14,109,32,77
2019-03-14,113,53,60
2019-03-14,72,31,41
2019-03-14,36,20,16
2019-03-14,33,13,20
2019-03-14,11,4,7
2019-03-14,0,0,0
2019-03-14,0,0,0
2019-03-15,0,0,0
2019-03-15,0,0,0
2019-03-15,0,0,0
2019-03-15,0,0,0
2019-03-15,0,0,0
2019-03-15,0,0,0
2019-03-15,0,0,0
2019-03-15,0,0,0
2019-03-15,0,0,0
2019-03-15,0,0,0
2019-03-15,0,0,0
2019-03-15,0,0,0
2019-03-15,0,0,0
2019-03-15,0,0,0
2019-03-15,0,0,0
2019-03-15,0,0,0
2019-03-15,0,0,0
2019-03-15,0,0,0
2019-03-15,0,0,0
2019-03-15,1,0,1
2019-03-15,0,0,0
2019-03-15,0,0,0
2019-03-15,1,0,1
2019-03-15,0,0,0
2019-03-16,0,0,0
2019-03-16,2,0,2
2019-03-16,0,0,0
2019-03-16,0,0,0
2019-03-16,0,0,0
2019-03-16,0,0,0
2019-03-16,0,0,0
2019-03-16,0,0,0
2019-03-16,0,0,0
2019-03-16,0,0,0
2019-03-16,0,0,0
2019-03-16,0,0,0
2019-03-16,0,0,0
2019-03-16,0,0,0
2019-03-16,0,0,0
2019-03-16,0,0,0
2019-03-16,0,0,0
2019-03-16,0,0,0
2019-03-16,0,0,0
2019-03-16,0,0,0
2019-03-16,0,0,0
2019-03-16,0,0,0
2019-03-16,1,0,1
2019-03-16,2,0,2
2019-03-17,0,0,0
2019-03-17,4,0,4
2019-03-17,1,1,0
2019-03-17,0,0,0
2019-03-17,0,0,0
2019-03-17,0,0,0
2019-03-17,0,0,0
2019-03-17,0,0,0
2019-03-17,0,0,0
2019-03-17,0,0,0
2019-03-17,0,0,0
2019-03-17,0,0,0
2019-03-17,0,0,0
2019-03-17,0,0,0
2019-03-17,0,0,0
2019-03-17,2,0,2
2019-03-17,0,0,0
2019-03-17,0,0,0
2019-03-17,0,0,0
2019-03-17,0,0,0
2019-03-17,1,0,1
2019-03-17,0,0,0
2019-03-17,1,0,1
2019-03-17,0,0,0
2019-03-18,1,0,1
2019-03-18,0,0,0
2019-03-18,0,0,0
2019-03-18,0,0,0
2019-03-18,0,0,0
2019-03-18,0,0,0
2019-03-18,0,0,0
2019-03-18,0,0,0
2019-03-18,0,0,0
2019-03-18,0,0,0
2019-03-18,0,0,0
2019-03-18,0,0,0
2019-03-18,0,0,0
2019-03-18,0,0,0
2019-03-18,0,0,0
2019-03-18,0,0,0
2019-03-18,0,0,0
2019-03-18,0,0,0
2019-03-18,0,0,0
2019-03-18,0,0,0
2019-03-18,0,0,0
2019-03-18,0,0,0
2019-03-18,0,0,0
2019-03-18,0,0,0
2019-03-19,0,0,0
2019-03-19,0,0,0
2019-03-19,2,0,2
2019-03-19,0,0,0
2019-03-19,0,0,0
2019-03-19,0,0,0
2019-03-19,0,0,0
2019-03-19,0,0,0
2019-03-19,0,0,0
2019-03-19,0,0,0
2019-03-19,0,0,0
2019-03-19,0,0,0
2019-03-19,0,0,0
2019-03-19,0,0,0
2019-03-19,0,0,0
2019-03-19,1,1,0
2019-03-19,0,0,0
2019-03-19,0,0,0
2019-03-19,1,0,1
2019-03-19,0,0,0
2019-03-19,1,1,0
2019-03-19,2,0,2
2019-03-19,0,0,0
2019-03-19,0,0,0
2019-03-20,0,0,0
2019-03-20,0,0,0
2019-03-20,0,0,0
2019-03-20,1,1,0
2019-03-20,0,0,0
2019-03-20,0,0,0
2019-03-20,0,0,0
2019-03-20,0,0,0
2019-03-20,0,0,0
2019-03-20,0,0,0
2019-03-20,0,0,0
2019-03-20,0,0,0
2019-03-20,0,0,0
2019-03-20,0,0,0
2019-03-20,0,0,0
2019-03-20,0,0,0
2019-03-20,0,0,0
2019-03-20,3,3,0
2019-03-20,0,0,0
2019-03-20,22,9,13
2019-03-20,42,19,23
2019-03-20,23,13,10
2019-03-20,17,8,9
2019-03-20,5,2,3
2019-03-21,4,2,2
2019-03-21,6,5,1
2019-03-21,3,3,0
2019-03-21,2,0,2
2019-03-21,3,1,2
2019-03-21,12,1,11
2019-03-21,39,6,33
2019-03-21,93,14,79
2019-03-21,178,21,157
2019-03-21,95,11,84
2019-03-21,34,4,30
2019-03-21,32,12,20
2019-03-21,50,11,39
2019-03-21,39,16,23
2019-03-21,36,17,19
2019-03-21,67,25,42
2019-03-21,95,29,66
2019-03-21,135,57,78
2019-03-21,84,40,44
2019-03-21,49,18,31
2019-03-21,28,13,15
2019-03-21,31,14,17
2019-03-21,14,9,5
2019-03-21,8,3,5
2019-03-22,5,3,2
2019-03-22,2,2,0
2019-03-22,0,0,0
2019-03-22,1,1,0
2019-03-22,1,0,1
2019-03-22,7,0,7
2019-03-22,30,8,22
2019-03-22,80,12,68
2019-03-22,130,20,110
2019-03-22,104,21,83
2019-03-22,37,7,30
2019-03-22,41,19,22
2019-03-22,47,18,29
2019-03-22,35,12,23
2019-03-22,61,31,30
2019-03-22,77,30,47
2019-03-22,80,26,54
2019-03-22,111,45,66
2019-03-22,67,30,37
2019-03-22,53,22,31
2019-03-22,35,17,18
2019-03-22,26,11,15
2019-03-22,29,18,11
2019-03-22,22,10,12
2019-03-23,11,6,5
2019-03-23,11,8,3
2019-03-23,7,6,1
2019-03-23,0,0,0
2019-03-23,1,0,1
2019-03-23,2,0,2
2019-03-23,9,2,7
2019-03-23,8,2,6
2019-03-23,13,5,8
2019-03-23,25,7,18
2019-03-23,39,9,30
2019-03-23,47,18,29
2019-03-23,49,21,28
2019-03-23,58,17,41
2019-03-23,57,27,30
2019-03-23,48,16,32
2019-03-23,59,28,31
2019-03-23,84,31,53
2019-03-23,66,20,46
2019-03-23,54,25,29
2019-03-23,6,4,2
2019-03-23,0,0,0
2019-03-23,0,0,0
2019-03-23,0,0,0
2019-03-24,0,0,0
2019-03-24,0,0,0
2019-03-24,0,0,0
2019-03-24,0,0,0
2019-03-24,0,0,0
2019-03-24,0,0,0
2019-03-24,0,0,0
2019-03-24,0,0,0
2019-03-24,0,0,0
2019-03-24,0,0,0
2019-03-24,0,0,0
2019-03-24,0,0,0
2019-03-24,0,0,0
2019-03-24,0,0,0
2019-03-24,0,0,0
2019-03-24,0,0,0
2019-03-24,0,0,0
2019-03-24,3,3,0
2019-03-24,0,0,0
2019-03-24,0,0,0
2019-03-24,0,0,0
2019-03-24,0,0,0
2019-03-24,0,0,0
2019-03-24,0,0,0
2019-03-25,0,0,0
2019-03-25,0,0,0
2019-03-25,0,0,0
2019-03-25,0,0,0
2019-03-25,0,0,0
2019-03-25,0,0,0
2019-03-25,0,0,0
2019-03-25,0,0,0
2019-03-25,0,0,0
2019-03-25,0,0,0
2019-03-25,0,0,0
2019-03-25,1,0,1
2019-03-25,0,0,0
2019-03-25,0,0,0
2019-03-25,0,0,0
2019-03-25,0,0,0
2019-03-25,0,0,0
2019-03-25,0,0,0
2019-03-25,0,0,0
2019-03-25,0,0,0
2019-03-25,0,0,0
2019-03-25,0,0,0
2019-03-25,0,0,0
2019-03-25,0,0,0
2019-03-26,0,0,0
2019-03-26,0,0,0
2019-03-26,0,0,0
2019-03-26,0,0,0
2019-03-26,0,0,0
2019-03-26,3,2,1
2019-03-26,0,0,0
2019-03-26,0,0,0
2019-03-26,0,0,0
2019-03-26,0,0,0
2019-03-26,0,0,0
2019-03-26,0,0,0
2019-03-26,0,0,0
2019-03-26,4,1,3
2019-03-26,0,0,0
2019-03-26,0,0,0
2019-03-26,0,0,0
2019-03-26,0,0,0
2019-03-26,0,0,0
2019-03-26,0,0,0
2019-03-26,0,0,0
2019-03-26,0,0,0
2019-03-26,0,0,0
2019-03-26,0,0,0
2019-03-27,0,0,0
2019-03-27,0,0,0
2019-03-27,0,0,0
2019-03-27,0,0,0
2019-03-27,0,0,0
2019-03-27,0,0,0
2019-03-27,0,0,0
2019-03-27,0,0,0
2019-03-27,0,0,0
2019-03-27,0,0,0
2019-03-27,0,0,0
2019-03-27,0,0,0
2019-03-27,0,0,0
2019-03-27,0,0,0
2019-03-27,0,0,0
2019-03-27,0,0,0
2019-03-27,0,0,0
2019-03-27,0,0,0
2019-03-27,0,0,0
2019-03-27,0,0,0
2019-03-27,0,0,0
2019-03-27,0,0,0
2019-03-27,0,0,0
2019-03-27,0,0,0
2019-03-28,0,0,0
2019-03-28,0,0,0
2019-03-28,0,0,0
2019-03-28,0,0,0
2019-03-28,0,0,0
2019-03-28,0,0,0
2019-03-28,0,0,0
2019-03-28,0,0,0
2019-03-28,0,0,0
2019-03-28,0,0,0
2019-03-28,0,0,0
2019-03-28,0,0,0
2019-03-28,0,0,0
2019-03-28,0,0,0
2019-03-28,0,0,0
2019-03-28,0,0,0
2019-03-28,0,0,0
2019-03-28,0,0,0
2019-03-28,0,0,0
2019-03-28,0,0,0
2019-03-28,0,0,0
2019-03-28,0,0,0
2019-03-28,0,0,0
2019-03-28,0,0,0
2019-03-29,0,0,0
2019-03-29,0,0,0
2019-03-29,0,0,0
2019-03-29,0,0,0
2019-03-29,0,0,0
2019-03-29,0,0,0
2019-03-29,0,0,0
2019-03-29,0,0,0
2019-03-29,0,0,0
2019-03-29,0,0,0
2019-03-29,0,0,0
2019-03-29,0,0,0
2019-03-29,0,0,0
2019-03-29,0,0,0
2019-03-29,0,0,0
2019-03-29,0,0,0
2019-03-29,0,0,0
2019-03-29,0,0,0
2019-03-29,0,0,0
2019-03-29,0,0,0
2019-03-29,0,0,0
2019-03-29,0,0,0
2019-03-29,0,0,0
2019-03-29,0,0,0
2019-03-30,0,0,0
2019-03-30,0,0,0
2019-03-30,0,0,0
2019-03-30,0,0,0
2019-03-30,0,0,0
2019-03-30,0,0,0
2019-03-30,0,0,0
2019-03-30,0,0,0
2019-03-30,0,0,0
2019-03-30,0,0,0
2019-03-30,0,0,0
2019-03-30,0,0,0
2019-03-30,0,0,0
2019-03-30,0,0,0
2019-03-30,0,0,0
2019-03-30,0,0,0
2019-03-30,0,0,0
2019-03-30,0,0,0
2019-03-30,0,0,0
2019-03-30,0,0,0
2019-03-30,0,0,0
2019-03-30,0,0,0
2019-03-30,0,0,0
2019-03-30,0,0,0
2019-03-31,0,0,0
2019-03-31,0,0,0
2019-03-31,0,0,0
2019-03-31,0,0,0
2019-03-31,0,0,0
2019-03-31,0,0,0
2019-03-31,0,0,0
2019-03-31,0,0,0
2019-03-31,0,0,0
2019-03-31,0,0,0
2019-03-31,0,0,0
2019-03-31,0,0,0
2019-03-31,0,0,0
2019-03-31,0,0,0
2019-03-31,0,0,0
2019-03-31,0,0,0
2019-03-31,0,0,0
2019-03-31,0,0,0
2019-03-31,0,0,0
2019-03-31,0,0,0
2019-03-31,0,0,0
2019-03-31,0,0,0
2019-03-31,0,0,0
2019-03-31,0,0,0
2019-04-01,0,0,0
2019-04-01,0,0,0
2019-04-01,0,0,0
2019-04-01,0,0,0
2019-04-01,0,0,0
2019-04-01,0,0,0
2019-04-01,0,0,0
2019-04-01,0,0,0
2019-04-01,0,0,0
2019-04-01,0,0,0
2019-04-01,0,0,0
2019-04-01,0,0,0
2019-04-01,7,1,6
2019-04-01,0,0,0
2019-04-01,25,8,17
2019-04-01,67,26,41
2019-04-01,138,71,67
2019-04-01,194,108,86
2019-04-01,113,69,44
2019-04-01,55,29,26
2019-04-01,20,11,9
2019-04-01,20,14,6
2019-04-01,21,10,11
2019-04-01,14,7,7
2019-04-02,9,3,6
2019-04-02,4,1,3
2019-04-02,3,1,2
2019-04-02,0,0,0
2019-04-02,1,0,1
2019-04-02,13,3,10
2019-04-02,50,15,35
2019-04-02,119,24,95
2019-04-02,186,33,153
2019-04-02,45,18,27
2019-04-02,12,7,5
2019-04-02,11,4,7
2019-04-02,21,6,15
2019-04-02,16,0,16
2019-04-02,19,1,18
2019-04-02,28,0,28
2019-04-02,71,0,71
2019-04-02,105,5,100
2019-04-02,58,3,55
2019-04-02,32,1,31
2019-04-02,20,1,19
2019-04-02,23,0,23
2019-04-02,11,2,9
2019-04-02,8,3,5
2019-04-03,4,2,2
2019-04-03,1,0,1
2019-04-03,1,0,1
2019-04-03,0,0,0
2019-04-03,0,0,0
2019-04-03,3,0,3
2019-04-03,28,9,19
2019-04-03,62,9,53
2019-04-03,118,27,91
2019-04-03,62,13,49
2019-04-03,28,8,20
2019-04-03,23,8,15
2019-04-03,27,9,18
2019-04-03,30,14,16
2019-04-03,34,14,20
2019-04-03,47,22,25
2019-04-03,107,38,69
2019-04-03,146,75,71
2019-04-03,105,58,47
2019-04-03,47,17,30
2019-04-03,33,19,14
2019-04-03,17,11,6
2019-04-03,21,11,10
2019-04-03,8,5,3
2019-04-04,3,1,2
2019-04-04,2,1,1
2019-04-04,2,2,0
2019-04-04,0,0,0
2019-04-04,1,0,1
2019-04-04,15,3,12
2019-04-04,39,13,26
2019-04-04,110,29,81
2019-04-04,174,31,143
2019-04-04,78,6,72
2019-04-04,25,4,21
2019-04-04,21,10,11
2019-04-04,35,6,29
2019-04-04,26,4,22
2019-04-04,20,0,20
2019-04-04,37,3,34
2019-04-04,51,7,44
2019-04-04,18,2,16
2019-04-04,37,0,37
2019-04-04,6,2,4
2019-04-04,27,9,18
2019-04-04,19,3,16
2019-04-04,16,9,7
2019-04-04,6,1,5
2019-04-05,3,0,3
2019-04-05,2,0,2
2019-04-05,0,0,0
2019-04-05,1,1,0
2019-04-05,0,0,0
2019-04-05,1,0,1
2019-04-05,14,9,5
2019-04-05,40,19,21
2019-04-05,65,17,48
2019-04-05,41,8,33
2019-04-05,14,0,14
2019-04-05,1,0,1
2019-04-05,0,0,0
2019-04-05,0,0,0
2019-04-05,0,0,0
2019-04-05,0,0,0
2019-04-05,0,0,0
2019-04-05,0,0,0
2019-04-05,67,43,24
2019-04-05,33,18,15
2019-04-05,34,12,22
2019-04-05,15,5,10
2019-04-05,14,6,8
2019-04-05,5,4,1
2019-04-06,10,5,5
2019-04-06,6,3,3
2019-04-06,5,3,2
2019-04-06,0,0,0
2019-04-06,2,1,1
2019-04-06,1,0,1
2019-04-06,4,1,3
2019-04-06,4,1,3
2019-04-06,2,2,0
2019-04-06,8,4,4
2019-04-06,10,3,7
2019-04-06,28,11,17
2019-04-06,27,12,15
2019-04-06,15,4,11
2019-04-06,25,14,11
2019-04-06,24,10,14
2019-04-06,29,13,16
2019-04-06,30,13,17
2019-04-06,24,7,17
2019-04-06,16,8,8
2019-04-06,13,9,4
2019-04-06,29,22,7
2019-04-06,14,8,6
2019-04-06,5,4,1
2019-04-07,10,7,3
2019-04-07,3,3,0
2019-04-07,4,0,4
2019-04-07,0,0,0
2019-04-07,0,0,0
2019-04-07,2,0,2
2019-04-07,4,1,3
2019-04-07,8,2,6
2019-04-07,8,3,5
2019-04-07,5,0,5
2019-04-07,15,7,8
2019-04-07,34,19,15
2019-04-07,21,10,11
2019-04-07,21,11,10
2019-04-07,34,16,18
2019-04-07,26,10,16
2019-04-07,34,20,14
2019-04-07,29,12,17
2019-04-07,27,19,8
2019-04-07,23,9,14
2019-04-07,16,10,6
2019-04-07,16,5,11
2019-04-07,8,3,5
2019-04-07,9,4,5
2019-04-08,9,6,3
2019-04-08,2,2,0
2019-04-08,0,0,0
2019-04-08,1,1,0
2019-04-08,1,0,1
2019-04-08,8,1,7
2019-04-08,26,10,16
2019-04-08,64,18,46
2019-04-08,116,24,92
2019-04-08,106,26,80
2019-04-08,33,9,24
2019-04-08,24,5,19
2019-04-08,21,10,11
2019-04-08,25,12,13
2019-04-08,23,5,18
2019-04-08,48,16,32
2019-04-08,102,50,52
2019-04-08,121,58,63
2019-04-08,69,35,34
2019-04-08,29,18,11
2019-04-08,29,18,11
2019-04-08,14,9,5
2019-04-08,12,5,7
2019-04-08,3,2,1
2019-04-09,6,1,5
2019-04-09,3,1,2
2019-04-09,1,0,1
2019-04-09,1,0,1
2019-04-09,1,0,1
2019-04-09,6,1,5
2019-04-09,28,9,19
2019-04-09,77,20,57
2019-04-09,139,27,112
2019-04-09,86,19,67
2019-04-09,42,14,28
2019-04-09,32,13,19
2019-04-09,22,10,12
2019-04-09,43,24,19
2019-04-09,41,19,22
2019-04-09,45,17,28
2019-04-09,97,41,56
2019-04-09,150,75,75
2019-04-09,90,50,40
2019-04-09,41,25,16
2019-04-09,31,12,19
2019-04-09,24,17,7
2019-04-09,27,15,12
2019-04-09,9,4,5
2019-04-10,3,1,2
2019-04-10,2,1,1
2019-04-10,0,0,0
2019-04-10,1,1,0
2019-04-10,2,0,2
2019-04-10,10,2,8
2019-04-10,31,12,19
2019-04-10,62,19,43
2019-04-10,128,28,100
2019-04-10,83,24,59
2019-04-10,39,9,30
2019-04-10,24,9,15
2019-04-10,33,9,24
2019-04-10,33,14,19
2019-04-10,27,10,17
2019-04-10,46,21,25
2019-04-10,99,38,61
2019-04-10,113,67,46
2019-04-10,79,45,34
2019-04-10,27,16,11
2019-04-10,22,14,8
2019-04-10,17,10,7
2019-04-10,11,5,6
2019-04-10,7,4,3
2019-04-11,2,2,0
2019-04-11,1,0,1
2019-04-11,0,0,0
2019-04-11,1,0,1
2019-04-11,0,0,0
2019-04-11,5,1,4
2019-04-11,24,10,14
2019-04-11,47,11,36
2019-04-11,113,24,89
2019-04-11,54,14,40
2019-04-11,27,7,20
2019-04-11,19,3,16
2019-04-11,35,17,18
2019-04-11,17,10,7
2019-04-11,36,14,22
2019-04-11,40,14,26
2019-04-11,78,26,52
2019-04-11,102,50,52
2019-04-11,102,61,41
2019-04-11,42,19,23
2019-04-11,25,16,9
2019-04-11,29,15,14
2019-04-11,7,3,4
2019-04-11,3,1,2
2019-04-12,2,1,1
2019-04-12,4,2,2
2019-04-12,3,1,2
2019-04-12,1,1,0
2019-04-12,0,0,0
2019-04-12,8,2,6
2019-04-12,29,14,15
2019-04-12,41,13,28
2019-04-12,111,22,89
2019-04-12,77,20,57
2019-04-12,34,9,25
2019-04-12,24,11,13
2019-04-12,36,17,19
2019-04-12,34,14,20
2019-04-12,64,30,34
2019-04-12,52,27,25
2019-04-12,124,49,75
2019-04-12,129,59,70
2019-04-12,84,39,45
2019-04-12,36,16,20
2019-04-12,16,10,6
2019-04-12,34,13,21
2019-04-12,28,16,12
2019-04-12,19,8,11
2019-04-13,9,5,4
2019-04-13,17,10,7
2019-04-13,6,3,3
2019-04-13,1,1,0
2019-04-13,0,0,0
2019-04-13,2,0,2
2019-04-13,6,1,5
2019-04-13,3,1,2
2019-04-13,10,5,5
2019-04-13,13,2,11
2019-04-13,20,4,16
2019-04-13,24,11,13
2019-04-13,31,7,24
2019-04-13,15,6,9
2019-04-13,27,10,17
2019-04-13,18,13,5
2019-04-13,28,7,21
2019-04-13,29,14,15
2019-04-13,26,10,16
2019-04-13,18,13,5
2019-04-13,36,16,20
2019-04-13,24,12,12
2019-04-13,12,6,6
2019-04-13,7,6,1
2019-04-14,6,5,1
2019-04-14,3,3,0
2019-04-14,7,4,3
2019-04-14,0,0,0
2019-04-14,0,0,0
2019-04-14,3,0,3
2019-04-14,4,2,2
2019-04-14,8,2,6
2019-04-14,10,1,9
2019-04-14,6,3,3
2019-04-14,21,10,11
2019-04-14,25,11,14
2019-04-14,31,11,20
2019-04-14,25,13,12
2019-04-14,42,21,21
2019-04-14,39,17,22
2019-04-14,29,9,20
2019-04-14,25,13,12
2019-04-14,21,10,11
2019-04-14,15,10,5
2019-04-14,16,7,9
2019-04-14,5,1,4
2019-04-14,7,4,3
2019-04-14,5,2,3
2019-04-15,4,3,1
2019-04-15,4,2,2
2019-04-15,0,0,0
2019-04-15,1,0,1
2019-04-15,1,0,1
2019-04-15,12,2,10
2019-04-15,37,18,19
2019-04-15,90,20,70
2019-04-15,175,32,143
2019-04-15,103,23,80
2019-04-15,45,14,31
2019-04-15,35,13,22
2019-04-15,30,12,18
2019-04-15,31,13,18
2019-04-15,37,15,22
2019-04-15,47,21,26
2019-04-15,126,66,60
2019-04-15,167,87,80
2019-04-15,82,55,27
2019-04-15,57,26,31
2019-04-15,30,17,13
2019-04-15,28,15,13
2019-04-15,13,8,5
2019-04-15,17,11,6
2019-04-16,9,3,6
2019-04-16,1,1,0
2019-04-16,0,0,0
2019-04-16,2,1,1
2019-04-16,2,0,2
2019-04-16,15,3,12
2019-04-16,48,16,32
2019-04-16,111,28,83
2019-04-16,163,36,127
2019-04-16,100,24,76
2019-04-16,35,11,24
2019-04-16,27,7,20
2019-04-16,38,14,24
2019-04-16,35,17,18
2019-04-16,46,20,26
2019-04-16,60,21,39
2019-04-16,110,47,63
2019-04-16,170,88,82
2019-04-16,80,48,32
2019-04-16,42,23,19
2019-04-16,18,11,7
2019-04-16,17,6,11
2019-04-16,27,18,9
2019-04-16,9,4,5
2019-04-17,6,1,5
2019-04-17,2,1,1
2019-04-17,2,1,1
2019-04-17,1,1,0
2019-04-17,0,0,0
2019-04-17,9,2,7
2019-04-17,37,15,22
2019-04-17,81,23,58
2019-04-17,155,30,125
2019-04-17,98,26,72
2019-04-17,45,12,33
2019-04-17,25,15,10
2019-04-17,37,16,21
2019-04-17,46,18,28
2019-04-17,39,17,22
2019-04-17,60,25,35
2019-04-17,103,41,62
2019-04-17,164,85,79
2019-04-17,125,78,47
2019-04-17,53,31,22
2019-04-17,38,20,18
2019-04-17,33,21,12
2019-04-17,16,5,11
2019-04-17,8,3,5
2019-04-18,1,0,1
2019-04-18,3,1,2
2019-04-18,1,1,0
2019-04-18,2,1,1
2019-04-18,1,0,1
2019-04-18,13,2,11
2019-04-18,31,16,15
2019-04-18,65,26,39
2019-04-18,103,25,78
2019-04-18,56,11,45
2019-04-18,38,11,27
2019-04-18,34,10,24
2019-04-18,48,21,27
2019-04-18,27,11,16
2019-04-18,43,20,23
2019-04-18,61,20,41
2019-04-18,95,31,64
2019-04-18,145,69,76
2019-04-18,82,52,30
2019-04-18,42,18,24
2019-04-18,27,18,9
2019-04-18,24,12,12
2019-04-18,14,6,8
2019-04-18,13,8,5
2019-04-19,11,5,6
2019-04-19,10,2,8
2019-04-19,0,0,0
2019-04-19,1,0,1
2019-04-19,5,4,1
2019-04-19,5,0,5
2019-04-19,23,7,16
2019-04-19,65,19,46
2019-04-19,103,23,80
2019-04-19,70,20,50
2019-04-19,34,11,23
2019-04-19,25,11,14
2019-04-19,21,10,11
2019-04-19,21,13,8
2019-04-19,31,16,15
2019-04-19,42,17,25
2019-04-19,69,26,43
2019-04-19,88,52,36
2019-04-19,53,41,12
2019-04-19,25,11,14
2019-04-19,19,6,13
2019-04-19,28,9,19
2019-04-19,10,5,5
2019-04-19,14,6,8
2019-04-20,8,4,4
2019-04-20,5,2,3
2019-04-20,3,1,2
2019-04-20,4,2,2
2019-04-20,1,0,1
2019-04-20,2,0,2
2019-04-20,12,1,11
2019-04-20,18,6,12
2019-04-20,13,3,10
2019-04-20,25,6,19
2019-04-20,29,8,21
2019-04-20,42,15,27
2019-04-20,53,21,32
2019-04-20,71,23,48
2019-04-20,46,24,22
2019-04-20,32,16,16
2019-04-20,59,20,39
2019-04-20,36,20,16
2019-04-20,32,14,18
2019-04-20,34,21,13
2019-04-20,26,10,16
2019-04-20,34,16,18
2019-04-20,19,9,10
2019-04-20,11,7,4
2019-04-21,12,3,9
2019-04-21,6,2,4
2019-04-21,1,1,0
2019-04-21,1,0,1
2019-04-21,0,0,0
2019-04-21,4,0,4
2019-04-21,9,6,3
2019-04-21,6,2,4
2019-04-21,5,2,3
2019-04-21,20,7,13
2019-04-21,37,14,23
2019-04-21,30,12,18
2019-04-21,36,16,20
2019-04-21,37,21,16
2019-04-21,29,16,13
2019-04-21,45,21,24
2019-04-21,53,24,29
2019-04-21,31,17,14
2019-04-21,22,12,10
2019-04-21,34,23,11
2019-04-21,16,9,7
2019-04-21,11,7,4
2019-04-21,14,5,9
2019-04-21,10,4,6
2019-04-22,5,3,2
2019-04-22,4,2,2
2019-04-22,4,4,0
2019-04-22,3,0,3
2019-04-22,1,0,1
2019-04-22,11,1,10
2019-04-22,42,25,17
2019-04-22,83,23,60
2019-04-22,146,32,114
2019-04-22,95,22,73
2019-04-22,41,9,32
2019-04-22,22,6,16
2019-04-22,33,17,16
2019-04-22,31,17,14
2019-04-22,31,8,23
2019-04-22,40,18,22
2019-04-22,85,39,46
2019-04-22,109,56,53
2019-04-22,67,41,26
2019-04-22,30,18,12
2019-04-22,17,8,9
2019-04-22,13,6,7
2019-04-22,8,4,4
2019-04-22,6,1,5
2019-04-23,5,0,5
2019-04-23,3,1,2
2019-04-23,1,1,0
2019-04-23,0,0,0
2019-04-23,0,0,0
2019-04-23,12,1,11
2019-04-23,42,17,25
2019-04-23,97,28,69
2019-04-23,184,31,153
2019-04-23,87,25,62
2019-04-23,45,16,29
2019-04-23,38,14,24
2019-04-23,46,22,24
2019-04-23,30,14,16
2019-04-23,32,14,18
2019-04-23,52,22,30
2019-04-23,124,53,71
2019-04-23,170,78,92
2019-04-23,113,70,43
2019-04-23,39,28,11
2019-04-23,31,21,10
2019-04-23,27,12,15
2019-04-23,13,4,9
2019-04-23,9,4,5
2019-04-24,6,2,4
2019-04-24,3,0,3
2019-04-24,0,0,0
2019-04-24,1,1,0
2019-04-24,2,1,1
2019-04-24,9,1,8
2019-04-24,44,15,29
2019-04-24,83,19,64
2019-04-24,183,31,152
2019-04-24,111,35,76
2019-04-24,63,18,45
2019-04-24,29,11,18
2019-04-24,28,9,19
2019-04-24,44,19,25
2019-04-24,44,22,22
2019-04-24,55,20,35
2019-04-24,130,37,93
2019-04-24,199,95,104
2019-04-24,157,78,79
2019-04-24,66,33,33
2019-04-24,40,20,20
2019-04-24,47,36,11
2019-04-24,43,36,7
2019-04-24,15,10,5
2019-04-25,9,3,6
2019-04-25,3,2,1
2019-04-25,4,1,3
2019-04-25,2,1,1
2019-04-25,0,0,0
2019-04-25,11,0,11
2019-04-25,46,16,30
2019-04-25,125,27,98
2019-04-25,166,33,133
2019-04-25,97,29,68
2019-04-25,42,10,32
2019-04-25,53,20,33
2019-04-25,37,16,21
2019-04-25,45,19,26
2019-04-25,43,17,26
2019-04-25,69,29,40
2019-04-25,117,54,63
2019-04-25,195,104,91
2019-04-25,110,72,38
2019-04-25,59,33,26
2019-04-25,29,14,15
2019-04-25,31,19,12
2019-04-25,32,24,8
2019-04-25,10,5,5
2019-04-26,8,3,5
2019-04-26,3,3,0
2019-04-26,0,0,0
2019-04-26,3,2,1
2019-04-26,2,1,1
2019-04-26,6,1,5
2019-04-26,40,19,21
2019-04-26,85,26,59
2019-04-26,173,30,143
2019-04-26,94,24,70
2019-04-26,44,14,30
2019-04-26,39,15,24
2019-04-26,50,21,29
2019-04-26,36,14,22
2019-04-26,0,0,0
2019-04-26,0,0,0
2019-04-26,0,0,0
2019-04-26,0,0,0
2019-04-26,0,0,0
2019-04-26,0,0,0
2019-04-26,0,0,0
2019-04-26,0,0,0
2019-04-26,0,0,0
2019-04-26,0,0,0
2019-04-27,0,0,0
2019-04-27,0,0,0
2019-04-27,0,0,0
2019-04-27,0,0,0
2019-04-27,0,0,0
2019-04-27,0,0,0
2019-04-27,0,0,0
2019-04-27,0,0,0
2019-04-27,0,0,0
2019-04-27,0,0,0
2019-04-27,0,0,0
2019-04-27,0,0,0
2019-04-27,0,0,0
2019-04-27,0,0,0
2019-04-27,0,0,0
2019-04-27,0,0,0
2019-04-27,0,0,0
2019-04-27,0,0,0
2019-04-27,0,0,0
2019-04-27,0,0,0
2019-04-27,0,0,0
2019-04-27,0,0,0
2019-04-27,0,0,0
2019-04-27,0,0,0
2019-04-28,0,0,0
2019-04-28,0,0,0
2019-04-28,0,0,0
2019-04-28,0,0,0
2019-04-28,0,0,0
2019-04-28,0,0,0
2019-04-28,0,0,0
2019-04-28,0,0,0
2019-04-28,0,0,0
2019-04-28,0,0,0
2019-04-28,0,0,0
2019-04-28,0,0,0
2019-04-28,0,0,0
2019-04-28,0,0,0
2019-04-28,0,0,0
2019-04-28,0,0,0
2019-04-28,0,0,0
2019-04-28,0,0,0
2019-04-28,0,0,0
2019-04-28,0,0,0
2019-04-28,0,0,0
2019-04-28,0,0,0
2019-04-28,0,0,0
2019-04-28,0,0,0
2019-04-29,0,0,0
2019-04-29,0,0,0
2019-04-29,0,0,0
2019-04-29,0,0,0
2019-04-29,0,0,0
2019-04-29,0,0,0
2019-04-29,0,0,0
2019-04-29,0,0,0
2019-04-29,0,0,0
2019-04-29,0,0,0
2019-04-29,0,0,0
2019-04-29,0,0,0
2019-04-29,0,0,0
2019-04-29,0,0,0
2019-04-29,0,0,0
2019-04-29,0,0,0
2019-04-29,144,53,91
2019-04-29,182,94,88
2019-04-29,110,60,50
2019-04-29,53,35,18
2019-04-29,26,17,9
2019-04-29,21,10,11
2019-04-29,12,10,2
2019-04-29,11,5,6
2019-04-30,8,4,4
2019-04-30,2,0,2
2019-04-30,7,2,5
2019-04-30,2,1,1
2019-04-30,1,0,1
2019-04-30,14,2,12
2019-04-30,54,16,38
2019-04-30,122,25,97
2019-04-30,195,44,151
2019-04-30,123,29,94
2019-04-30,39,7,32
2019-04-30,30,12,18
2019-04-30,46,20,26
2019-04-30,32,13,19
2019-04-30,52,13,39
2019-04-30,65,20,45
2019-04-30,157,59,98
2019-04-30,228,112,116
2019-04-30,136,64,72
2019-04-30,79,43,36
2019-04-30,36,19,17
2019-04-30,25,16,9
2019-04-30,34,25,9
2019-04-30,30,21,9
2019-05-01,3,0,3
2019-05-01,6,2,4
2019-05-01,1,0,1
2019-05-01,2,2,0
2019-05-01,2,0,2
2019-05-01,15,0,15
2019-05-01,47,14,33
2019-05-01,120,31,89
2019-05-01,227,48,179
2019-05-01,144,27,117
2019-05-01,50,21,29
2019-05-01,51,18,33
2019-05-01,44,13,31
2019-05-01,38,11,27
2019-05-01,76,27,49
2019-05-01,78,26,52
2019-05-01,163,72,91
2019-05-01,202,112,90
2019-05-01,72,44,28
2019-05-01,0,0,0
2019-05-01,0,0,0
2019-05-01,0,0,0
2019-05-01,0,0,0
2019-05-01,0,0,0
2019-05-02,0,0,0
2019-05-02,0,0,0
2019-05-02,0,0,0
2019-05-02,0,0,0
2019-05-02,0,0,0
2019-05-02,0,0,0
2019-05-02,2,0,2
2019-05-02,0,0,0
2019-05-02,2,0,2
2019-05-02,0,0,0
2019-05-02,2,0,2
2019-05-02,0,0,0
2019-05-02,0,0,0
2019-05-02,0,0,0
2019-05-02,0,0,0
2019-05-02,18,12,6
2019-05-02,60,32,28
2019-05-02,82,39,43
2019-05-02,60,48,12
2019-05-02,26,13,13
2019-05-02,28,20,8
2019-05-02,11,8,3
2019-05-02,12,9,3
2019-05-02,6,5,1
2019-05-03,1,1,0
2019-05-03,0,0,0
2019-05-03,1,1,0
2019-05-03,1,1,0
2019-05-03,1,0,1
2019-05-03,5,1,4
2019-05-03,19,8,11
2019-05-03,32,12,20
2019-05-03,74,18,56
2019-05-03,47,13,34
2019-05-03,24,8,16
2019-05-03,29,10,19
2019-05-03,30,15,15
2019-05-03,23,13,10
2019-05-03,38,20,18
2019-05-03,36,15,21
2019-05-03,68,35,33
2019-05-03,75,46,29
2019-05-03,55,34,21
2019-05-03,28,10,18
2019-05-03,25,15,10
2019-05-03,5,4,1
2019-05-03,15,11,4
2019-05-03,8,3,5
2019-05-04,7,4,3
2019-05-04,5,4,1
2019-05-04,3,3,0
2019-05-04,0,0,0
2019-05-04,1,1,0
2019-05-04,1,1,0
2019-05-04,4,1,3
2019-05-04,3,3,0
2019-05-04,9,0,9
2019-05-04,20,6,14
2019-05-04,29,13,16
2019-05-04,27,13,14
2019-05-04,38,20,18
2019-05-04,32,20,12
2019-05-04,46,17,29
2019-05-04,41,15,26
2019-05-04,37,16,21
2019-05-04,32,19,13
2019-05-04,21,14,7
2019-05-04,17,7,10
2019-05-04,23,14,9
2019-05-04,7,6,1
2019-05-04,10,7,3
2019-05-04,7,4,3
2019-05-05,9,4,5
2019-05-05,5,5,0
2019-05-05,4,3,1
2019-05-05,0,0,0
2019-05-05,1,0,1
2019-05-05,3,3,0
2019-05-05,5,1,4
2019-05-05,10,6,4
2019-05-05,9,6,3
2019-05-05,11,7,4
2019-05-05,28,17,11
2019-05-05,26,13,13
2019-05-05,25,12,13
2019-05-05,36,25,11
2019-05-05,48,22,26
2019-05-05,40,26,14
2019-05-05,28,16,12
2019-05-05,30,17,13
2019-05-05,36,11,25
2019-05-05,20,10,10
2019-05-05,20,12,8
2019-05-05,17,8,9
2019-05-05,10,8,2
2019-05-05,4,2,2
2019-05-06,3,2,1
2019-05-06,4,4,0
2019-05-06,2,2,0
2019-05-06,3,1,2
2019-05-06,6,1,5
2019-05-06,7,4,3
2019-05-06,24,11,13
2019-05-06,59,26,33
2019-05-06,83,21,62
2019-05-06,53,22,31
2019-05-06,30,11,19
2019-05-06,19,11,8
2019-05-06,22,11,11
2019-05-06,19,7,12
2019-05-06,35,17,18
2019-05-06,30,14,16
2019-05-06,76,36,40
2019-05-06,115,67,48
2019-05-06,78,56,22
2019-05-06,32,21,11
2019-05-06,20,11,9
2019-05-06,16,7,9
2019-05-06,15,9,6
2019-05-06,8,7,1
2019-05-07,6,0,6
2019-05-07,3,2,1
2019-05-07,0,0,0
2019-05-07,1,1,0
2019-05-07,1,0,1
2019-05-07,6,2,4
2019-05-07,29,7,22
2019-05-07,64,19,45
2019-05-07,70,22,48
2019-05-07,63,23,40
2019-05-07,23,4,19
2019-05-07,26,13,13
2019-05-07,25,15,10
2019-05-07,26,14,12
2019-05-07,27,9,18
2019-05-07,35,13,22
2019-05-07,67,25,42
2019-05-07,108,61,47
2019-05-07,83,52,31
2019-05-07,42,30,12
2019-05-07,21,16,5
2019-05-07,15,11,4
2019-05-07,8,5,3
2019-05-07,3,3,0
2019-05-08,2,1,1
2019-05-08,0,0,0
2019-05-08,0,0,0
2019-05-08,0,0,0
2019-05-08,1,0,1
2019-05-08,6,0,6
2019-05-08,29,10,19
2019-05-08,75,32,43
2019-05-08,90,21,69
2019-05-08,56,16,40
2019-05-08,25,8,17
2019-05-08,24,11,13
2019-05-08,26,12,14
2019-05-08,36,18,18
2019-05-08,25,11,14
2019-05-08,52,29,23
2019-05-08,84,39,45
2019-05-08,111,59,52
2019-05-08,58,36,22
2019-05-08,47,31,16
2019-05-08,29,13,16
2019-05-08,16,13,3
2019-05-08,13,8,5
2019-05-08,13,7,6
2019-05-09,5,5,0
2019-05-09,0,0,0
2019-05-09,1,0,1
2019-05-09,3,3,0
2019-05-09,3,0,3
2019-05-09,4,0,4
2019-05-09,22,7,15
2019-05-09,59,24,35
2019-05-09,82,24,58
2019-05-09,51,20,31
2019-05-09,23,10,13
2019-05-09,23,15,8
2019-05-09,28,12,16
2019-05-09,35,12,23
2019-05-09,50,22,28
2019-05-09,40,26,14
2019-05-09,83,48,35
2019-05-09,99,58,41
2019-05-09,68,46,22
2019-05-09,43,25,18
2019-05-09,30,18,12
2019-05-09,15,7,8
2019-05-09,16,10,6
2019-05-09,5,3,2
2019-05-10,3,1,2
2019-05-10,7,7,0
2019-05-10,6,4,2
2019-05-10,1,1,0
2019-05-10,2,1,1
2019-05-10,4,0,4
2019-05-10,24,11,13
2019-05-10,41,14,27
2019-05-10,83,24,59
2019-05-10,42,13,29
2019-05-10,19,7,12
2019-05-10,20,7,13
2019-05-10,36,22,14
2019-05-10,35,9,26
2019-05-10,47,23,24
2019-05-10,43,24,19
2019-05-10,89,52,37
2019-05-10,92,69,23
2019-05-10,45,29,16
2019-05-10,35,23,12
2019-05-10,21,11,10
2019-05-10,19,6,13
2019-05-10,22,15,7
2019-05-10,7,5,2
2019-05-11,8,6,2
2019-05-11,5,3,2
2019-05-11,1,1,0
2019-05-11,1,1,0
2019-05-11,1,0,1
2019-05-11,2,1,1
2019-05-11,3,2,1
2019-05-11,7,5,2
2019-05-11,10,3,7
2019-05-11,20,7,13
2019-05-11,29,14,15
2019-05-11,32,17,15
2019-05-11,36,13,23
2019-05-11,34,17,17
2019-05-11,48,36,12
2019-05-11,30,15,15
2019-05-11,52,27,25
2019-05-11,38,16,22
2019-05-11,24,9,15
2019-05-11,28,14,14
2019-05-11,25,8,17
2019-05-11,17,9,8
2019-05-11,4,3,1
2019-05-11,12,5,7
2019-05-12,2,1,1
2019-05-12,4,4,0
2019-05-12,4,3,1
2019-05-12,0,0,0
2019-05-12,1,1,0
2019-05-12,1,0,1
2019-05-12,2,1,1
2019-05-12,2,1,1
2019-05-12,5,2,3
2019-05-12,11,4,7
2019-05-12,18,8,10
2019-05-12,25,13,12
2019-05-12,35,22,13
2019-05-12,32,16,16
2019-05-12,24,11,13
2019-05-12,30,12,18
2019-05-12,25,15,10
2019-05-12,14,5,9
2019-05-12,22,16,6
2019-05-12,19,10,9
2019-05-12,19,13,6
2019-05-12,5,1,4
2019-05-12,5,2,3
2019-05-12,6,4,2
2019-05-13,3,0,3
2019-05-13,1,0,1
2019-05-13,2,2,0
2019-05-13,1,1,0
2019-05-13,3,0,3
2019-05-13,2,0,2
2019-05-13,26,10,16
2019-05-13,39,13,26
2019-05-13,92,34,58
2019-05-13,58,21,37
2019-05-13,24,6,18
2019-05-13,14,3,11
2019-05-13,35,15,20
2019-05-13,19,9,10
2019-05-13,18,9,9
2019-05-13,40,25,15
2019-05-13,77,43,34
2019-05-13,104,61,43
2019-05-13,81,48,33
2019-05-13,39,20,19
2019-05-13,27,19,8
2019-05-13,15,6,9
2019-05-13,8,5,3
2019-05-13,4,3,1
2019-05-14,3,2,1
2019-05-14,4,3,1
2019-05-14,1,0,1
2019-05-14,3,3,0
2019-05-14,1,0,1
2019-05-14,1,1,0
2019-05-14,25,8,17
2019-05-14,46,11,35
2019-05-14,58,19,39
2019-05-14,28,7,21
2019-05-14,11,3,8
2019-05-14,20,11,9
2019-05-14,14,6,8
2019-05-14,15,6,9
2019-05-14,19,6,13
2019-05-14,19,6,13
2019-05-14,50,17,33
2019-05-14,81,40,41
2019-05-14,59,37,22
2019-05-14,29,19,10
2019-05-14,23,12,11
2019-05-14,18,13,5
2019-05-14,16,12,4
2019-05-14,2,1,1
2019-05-15,0,0,0
2019-05-15,1,0,1
2019-05-15,0,0,0
2019-05-15,1,0,1
2019-05-15,4,2,2
2019-05-15,7,3,4
2019-05-15,21,9,12
2019-05-15,52,18,34
2019-05-15,72,18,54
2019-05-15,60,24,36
2019-05-15,25,13,12
2019-05-15,26,12,14
2019-05-15,30,14,16
2019-05-15,29,11,18
2019-05-15,24,5,19
2019-05-15,44,25,19
2019-05-15,48,21,27
2019-05-15,78,41,37
2019-05-15,59,31,28
2019-05-15,28,17,11
2019-05-15,21,10,11
2019-05-15,14,9,5
2019-05-15,15,9,6
2019-05-15,6,6,0
2019-05-16,4,4,0
2019-05-16,2,2,0
2019-05-16,1,1,0
2019-05-16,1,0,1
2019-05-16,0,0,0
2019-05-16,8,2,6
2019-05-16,13,7,6
2019-05-16,48,13,35
2019-05-16,66,18,48
2019-05-16,44,18,26
2019-05-16,12,4,8
2019-05-16,15,6,9
2019-05-16,24,9,15
2019-05-16,29,13,16
2019-05-16,17,3,14
2019-05-16,50,25,25
2019-05-16,43,17,26
2019-05-16,81,41,40
2019-05-16,65,46,19
2019-05-16,40,17,23
2019-05-16,26,17,9
2019-05-16,17,11,6
2019-05-16,10,6,4
2019-05-16,1,1,0
2019-05-17,2,2,0
2019-05-17,1,0,1
2019-05-17,1,1,0
2019-05-17,0,0,0
2019-05-17,2,0,2
2019-05-17,4,2,2
2019-05-17,15,5,10
2019-05-17,45,17,28
2019-05-17,68,25,43
2019-05-17,55,15,40
2019-05-17,18,3,15
2019-05-17,15,6,9
2019-05-17,24,6,18
2019-05-17,33,13,20
2019-05-17,33,12,21
2019-05-17,43,24,19
2019-05-17,71,40,31
2019-05-17,86,46,40
2019-05-17,72,43,29
2019-05-17,45,27,18
2019-05-17,32,12,20
2019-05-17,15,7,8
2019-05-17,22,10,12
2019-05-17,19,9,10
2019-05-18,7,1,6
2019-05-18,14,5,9
2019-05-18,2,1,1
2019-05-18,0,0,0
2019-05-18,1,0,1
2019-05-18,0,0,0
2019-05-18,4,1,3
2019-05-18,8,4,4
2019-05-18,8,2,6
2019-05-18,12,4,8
2019-05-18,23,10,13
2019-05-18,43,23,20
2019-05-18,43,18,25
2019-05-18,40,21,19
2019-05-18,37,19,18
2019-05-18,44,27,17
2019-05-18,60,30,30
2019-05-18,63,32,31
2019-05-18,38,25,13
2019-05-18,22,12,10
2019-05-18,30,20,10
2019-05-18,22,11,11
2019-05-18,15,11,4
2019-05-18,10,8,2
2019-05-19,4,1,3
2019-05-19,1,0,1
2019-05-19,3,1,2
2019-05-19,5,5,0
2019-05-19,2,2,0
2019-05-19,2,1,1
2019-05-19,2,0,2
2019-05-19,5,3,2
2019-05-19,15,6,9
2019-05-19,13,4,9
2019-05-19,26,19,7
2019-05-19,27,13,14
2019-05-19,27,11,16
2019-05-19,42,21,21
2019-05-19,47,14,33
2019-05-19,38,14,24
2019-05-19,36,20,16
2019-05-19,34,16,18
2019-05-19,27,14,13
2019-05-19,28,14,14
2019-05-19,21,12,9
2019-05-19,15,9,6
2019-05-19,12,5,7
2019-05-19,5,3,2
2019-05-20,1,0,1
2019-05-20,7,2,5
2019-05-20,2,1,1
2019-05-20,0,0,0
2019-05-20,5,1,4
2019-05-20,4,0,4
2019-05-20,23,9,14
2019-05-20,39,8,31
2019-05-20,78,26,52
2019-05-20,37,13,24
2019-05-20,17,7,10
2019-05-20,10,5,5
2019-05-20,16,8,8
2019-05-20,21,9,12
2019-05-20,22,15,7
2019-05-20,16,7,9
2019-05-20,48,27,21
2019-05-20,70,39,31
2019-05-20,46,25,21
2019-05-20,22,17,5
2019-05-20,19,13,6
2019-05-20,11,9,2
2019-05-20,11,7,4
2019-05-20,4,2,2
2019-05-21,7,5,2
2019-05-21,0,0,0
2019-05-21,5,3,2
2019-05-21,4,4,0
2019-05-21,2,0,2
2019-05-21,7,0,7
2019-05-21,26,12,14
2019-05-21,45,12,33
2019-05-21,73,25,48
2019-05-21,46,14,32
2019-05-21,21,9,12
2019-05-21,15,7,8
2019-05-21,27,11,16
2019-05-21,28,10,18
2019-05-21,22,9,13
2019-05-21,31,14,17
2019-05-21,65,30,35
2019-05-21,111,60,51
2019-05-21,61,46,15
2019-05-21,40,23,17
2019-05-21,20,16,4
2019-05-21,22,8,14
2019-05-21,11,7,4
2019-05-21,5,4,1
2019-05-22,8,6,2
2019-05-22,1,1,0
2019-05-22,0,0,0
2019-05-22,2,1,1
2019-05-22,4,2,2
2019-05-22,4,0,4
2019-05-22,27,10,17
2019-05-22,58,20,38
2019-05-22,74,20,54
2019-05-22,61,24,37
2019-05-22,25,8,17
2019-05-22,20,10,10
2019-05-22,18,5,13
2019-05-22,22,14,8
2019-05-22,41,20,21
2019-05-22,27,12,15
2019-05-22,70,35,35
2019-05-22,131,83,48
2019-05-22,70,48,22
2019-05-22,41,32,9
2019-05-22,31,19,12
2019-05-22,35,16,19
2019-05-22,14,8,6
2019-05-22,6,3,3
2019-05-23,4,2,2
2019-05-23,1,1,0
2019-05-23,2,1,1
2019-05-23,3,2,1
2019-05-23,3,1,2
2019-05-23,9,2,7
2019-05-23,17,5,12
2019-05-23,64,19,45
2019-05-23,80,16,64
2019-05-23,57,21,36
2019-05-23,30,16,14
2019-05-23,35,19,16
2019-05-23,40,20,20
2019-05-23,38,22,16
2019-05-23,26,10,16
2019-05-23,47,28,19
2019-05-23,79,34,45
2019-05-23,125,74,51
2019-05-23,77,44,33
2019-05-23,50,35,15
2019-05-23,35,20,15
2019-05-23,24,13,11
2019-05-23,15,8,7
2019-05-23,12,5,7
2019-05-24,8,2,6
2019-05-24,6,3,3
2019-05-24,4,3,1
2019-05-24,1,0,1
2019-05-24,3,0,3
2019-05-24,3,0,3
2019-05-24,14,9,5
2019-05-24,48,19,29
2019-05-24,59,17,42
2019-05-24,34,15,19
2019-05-24,31,18,13
2019-05-24,16,6,10
2019-05-24,29,15,14
2019-05-24,34,13,21
2019-05-24,39,19,20
2019-05-24,49,21,28
2019-05-24,64,36,28
2019-05-24,59,32,27
2019-05-24,64,35,29
2019-05-24,42,25,17
2019-05-24,26,7,19
2019-05-24,22,13,9
2019-05-24,23,9,14
2019-05-24,16,11,5
2019-05-25,10,7,3
2019-05-25,3,0,3
2019-05-25,6,4,2
2019-05-25,1,1,0
2019-05-25,2,1,1
2019-05-25,1,1,0
2019-05-25,6,5,1
2019-05-25,7,5,2
2019-05-25,4,1,3
2019-05-25,11,6,5
2019-05-25,14,7,7
2019-05-25,22,11,11
2019-05-25,22,12,10
2019-05-25,6,2,4
2019-05-25,12,6,6
2019-05-25,11,4,7
2019-05-25,11,7,4
2019-05-25,17,4,13
2019-05-25,16,4,12
2019-05-25,20,10,10
2019-05-25,15,6,9
2019-05-25,17,11,6
2019-05-25,9,3,6
2019-05-25,11,4,7
2019-05-26,5,4,1
2019-05-26,9,4,5
2019-05-26,3,2,1
2019-05-26,1,1,0
2019-05-26,0,0,0
2019-05-26,1,0,1
2019-05-26,6,1,5
2019-05-26,15,3,12
2019-05-26,11,7,4
2019-05-26,14,9,5
2019-05-26,38,28,10
2019-05-26,22,11,11
2019-05-26,46,20,26
2019-05-26,57,33,24
2019-05-26,60,34,26
2019-05-26,64,33,31
2019-05-26,63,23,40
2019-05-26,57,25,32
2019-05-26,55,29,26
2019-05-26,35,17,18
2019-05-26,25,14,11
2019-05-26,16,3,13
2019-05-26,10,4,6
2019-05-26,10,6,4
2019-05-27,8,5,3
2019-05-27,6,3,3
2019-05-27,4,0,4
2019-05-27,0,0,0
2019-05-27,1,0,1
2019-05-27,1,1,0
2019-05-27,4,2,2
2019-05-27,9,3,6
2019-05-27,16,6,10
2019-05-27,16,9,7
2019-05-27,28,15,13
2019-05-27,19,12,7
2019-05-27,85,50,35
2019-05-27,55,32,23
2019-05-27,62,32,30
2019-05-27,81,45,36
2019-05-27,72,30,42
2019-05-27,52,24,28
2019-05-27,51,19,32
2019-05-27,31,10,21
2019-05-27,28,13,15
2019-05-27,28,12,16
2019-05-27,18,8,10
2019-05-27,5,3,2
2019-05-28,1,1,0
2019-05-28,2,1,1
2019-05-28,6,4,2
2019-05-28,3,3,0
2019-05-28,5,2,3
2019-05-28,1,0,1
2019-05-28,22,9,13
2019-05-28,48,11,37
2019-05-28,101,29,72
2019-05-28,52,19,33
2019-05-28,38,16,22
2019-05-28,25,8,17
2019-05-28,33,13,20
2019-05-28,22,13,9
2019-05-28,29,18,11
2019-05-28,38,12,26
2019-05-28,59,30,29
2019-05-28,102,62,40
2019-05-28,80,47,33
2019-05-28,55,28,27
2019-05-28,29,15,14
2019-05-28,18,12,6
2019-05-28,9,6,3
2019-05-28,4,3,1
2019-05-29,7,4,3
2019-05-29,4,1,3
2019-05-29,0,0,0
2019-05-29,0,0,0
2019-05-29,4,1,3
2019-05-29,3,0,3
2019-05-29,24,11,13
2019-05-29,51,18,33
2019-05-29,99,29,70
2019-05-29,60,22,38
2019-05-29,33,9,24
2019-05-29,26,11,15
2019-05-29,41,21,20
2019-05-29,29,16,13
2019-05-29,26,9,17
2019-05-29,45,27,18
2019-05-29,68,28,40
2019-05-29,116,70,46
2019-05-29,72,47,25
2019-05-29,46,31,15
2019-05-29,36,23,13
2019-05-29,18,10,8
2019-05-29,6,4,2
2019-05-29,5,3,2
2019-05-30,5,0,5
2019-05-30,3,2,1
2019-05-30,1,1,0
2019-05-30,0,0,0
2019-05-30,4,1,3
2019-05-30,6,3,3
2019-05-30,23,11,12
2019-05-30,59,18,41
2019-05-30,93,19,74
2019-05-30,55,13,42
2019-05-30,23,11,12
2019-05-30,24,9,15
2019-05-30,31,16,15
2019-05-30,26,10,16
2019-05-30,25,13,12
2019-05-30,50,22,28
2019-05-30,75,37,38
2019-05-30,118,72,46
2019-05-30,88,59,29
2019-05-30,45,26,19
2019-05-30,33,19,14
2019-05-30,23,9,14
2019-05-30,16,10,6
2019-05-30,9,7,2
2019-05-31,4,3,1
2019-05-31,5,3,2
2019-05-31,2,2,0
2019-05-31,1,1,0
2019-05-31,3,1,2
2019-05-31,5,0,5
2019-05-31,21,6,15
2019-05-31,53,15,38
2019-05-31,73,26,47
2019-05-31,60,13,47
2019-05-31,39,18,21
2019-05-31,28,13,15
2019-05-31,33,16,17
2019-05-31,27,15,12
2019-05-31,38,16,22
2019-05-31,65,35,30
2019-05-31,78,45,33
2019-05-31,97,52,45
2019-05-31,71,45,26
2019-05-31,43,21,22
2019-05-31,31,17,14
2019-05-31,33,12,21
2019-05-31,30,18,12
2019-05-31,9,4,5
2019-06-01,10,5,5
2019-06-01,7,3,4
2019-06-01,4,3,1
2019-06-01,1,1,0
2019-06-01,1,0,1
2019-06-01,4,0,4
2019-06-01,3,1,2
2019-06-01,7,6,1
2019-06-01,9,2,7
2019-06-01,15,1,14
2019-06-01,16,6,10
2019-06-01,31,19,12
2019-06-01,26,17,9
2019-06-01,37,19,18
2019-06-01,43,26,17
2019-06-01,43,20,23
2019-06-01,43,17,26
2019-06-01,28,15,13
2019-06-01,29,17,12
2019-06-01,37,25,12
2019-06-01,40,23,17
2019-06-01,21,9,12
2019-06-01,23,14,9
2019-06-01,16,9,7
2019-06-02,5,3,2
2019-06-02,3,2,1
2019-06-02,6,5,1
2019-06-02,1,1,0
2019-06-02,2,2,0
2019-06-02,1,0,1
2019-06-02,6,3,3
2019-06-02,3,1,2
2019-06-02,13,6,7
2019-06-02,26,12,14
2019-06-02,25,13,12
2019-06-02,39,15,24
2019-06-02,30,18,12
2019-06-02,22,8,14
2019-06-02,52,25,27
2019-06-02,44,27,17
2019-06-02,52,33,19
2019-06-02,46,24,22
2019-06-02,31,19,12
2019-06-02,20,6,14
2019-06-02,23,11,12
2019-06-02,13,8,5
2019-06-02,8,5,3
2019-06-02,6,6,0
2019-06-03,6,4,2
2019-06-03,1,0,1
2019-06-03,0,0,0
2019-06-03,1,1,0
2019-06-03,4,1,3
2019-06-03,5,1,4
2019-06-03,23,11,12
2019-06-03,44,9,35
2019-06-03,75,21,54
2019-06-03,54,19,35
2019-06-03,19,7,12
2019-06-03,24,7,17
2019-06-03,27,17,10
2019-06-03,39,20,19
2019-06-03,28,11,17
2019-06-03,40,23,17
2019-06-03,64,29,35
2019-06-03,107,59,48
2019-06-03,82,50,32
2019-06-03,34,23,11
2019-06-03,22,7,15
2019-06-03,11,6,5
2019-06-03,10,5,5
2019-06-03,9,6,3
2019-06-04,3,2,1
2019-06-04,1,0,1
2019-06-04,2,2,0
2019-06-04,1,1,0
2019-06-04,6,2,4
2019-06-04,2,0,2
2019-06-04,22,5,17
2019-06-04,49,16,33
2019-06-04,90,24,66
2019-06-04,61,19,42
2019-06-04,26,11,15
2019-06-04,28,11,17
2019-06-04,19,11,8
2019-06-04,30,12,18
2019-06-04,27,18,9
2019-06-04,45,28,17
2019-06-04,64,29,35
2019-06-04,127,78,49
2019-06-04,89,59,30
2019-06-04,47,23,24
2019-06-04,35,21,14
2019-06-04,17,9,8
2019-06-04,15,8,7
2019-06-04,8,6,2
2019-06-05,1,0,1
2019-06-05,6,3,3
2019-06-05,1,0,1
2019-06-05,1,1,0
2019-06-05,4,0,4
2019-06-05,5,1,4
2019-06-05,27,6,21
2019-06-05,58,14,44
2019-06-05,72,20,52
2019-06-05,49,19,30
2019-06-05,28,6,22
2019-06-05,22,9,13
2019-06-05,27,7,20
2019-06-05,25,14,11
2019-06-05,27,8,19
2019-06-05,35,19,16
2019-06-05,57,28,29
2019-06-05,119,66,53
2019-06-05,74,40,34
2019-06-05,43,28,15
2019-06-05,40,26,14
2019-06-05,26,16,10
2019-06-05,24,17,7
2019-06-05,15,7,8
2019-06-06,1,1,0
2019-06-06,3,2,1
2019-06-06,2,2,0
2019-06-06,0,0,0
2019-06-06,4,1,3
2019-06-06,4,1,3
2019-06-06,27,9,18
2019-06-06,43,7,36
2019-06-06,84,18,66
2019-06-06,47,14,33
2019-06-06,20,6,14
2019-06-06,16,5,11
2019-06-06,24,8,16
2019-06-06,28,22,6
2019-06-06,23,9,14
2019-06-06,18,12,6
2019-06-06,63,33,30
2019-06-06,82,45,37
2019-06-06,63,40,23
2019-06-06,52,25,27
2019-06-06,26,18,8
2019-06-06,19,12,7
2019-06-06,12,8,4
2019-06-06,13,6,7
2019-06-07,5,4,1
2019-06-07,5,4,1
2019-06-07,1,1,0
2019-06-07,1,1,0
2019-06-07,3,1,2
2019-06-07,4,0,4
2019-06-07,19,5,14
2019-06-07,27,7,20
2019-06-07,74,22,52
2019-06-07,42,8,34
2019-06-07,25,11,14
2019-06-07,24,11,13
2019-06-07,32,15,17
2019-06-07,18,6,12
2019-06-07,25,12,13
2019-06-07,33,17,16
2019-06-07,58,32,26
2019-06-07,89,51,38
2019-06-07,30,20,10
2019-06-07,29,14,15
2019-06-07,22,11,11
2019-06-07,17,13,4
2019-06-07,17,7,10
2019-06-07,17,9,8
2019-06-08,8,6,2
2019-06-08,3,2,1
2019-06-08,5,2,3
2019-06-08,2,2,0
2019-06-08,3,2,1
2019-06-08,1,0,1
2019-06-08,5,2,3
2019-06-08,7,4,3
2019-06-08,14,5,9
2019-06-08,17,7,10
2019-06-08,18,6,12
2019-06-08,32,8,24
2019-06-08,32,15,17
2019-06-08,40,15,25
2019-06-08,54,28,26
2019-06-08,41,23,18
2019-06-08,54,25,29
2019-06-08,29,13,16
2019-06-08,31,14,17
2019-06-08,41,18,23
2019-06-08,21,8,13
2019-06-08,19,10,9
2019-06-08,17,12,5
2019-06-08,13,8,5
2019-06-09,8,5,3
2019-06-09,4,2,2
2019-06-09,2,2,0
2019-06-09,2,2,0
2019-06-09,2,0,2
2019-06-09,4,3,1
2019-06-09,10,7,3
2019-06-09,17,9,8
2019-06-09,16,11,5
2019-06-09,29,7,22
2019-06-09,28,11,17
2019-06-09,44,27,17
2019-06-09,40,20,20
2019-06-09,57,26,31
2019-06-09,43,22,21
2019-06-09,40,19,21
2019-06-09,40,23,17
2019-06-09,29,14,15
2019-06-09,36,20,16
2019-06-09,23,10,13
2019-06-09,29,13,16
2019-06-09,9,5,4
2019-06-09,4,3,1
2019-06-09,4,1,3
2019-06-10,5,3,2
2019-06-10,4,0,4
2019-06-10,2,1,1
2019-06-10,0,0,0
2019-06-10,2,0,2
2019-06-10,5,0,5
2019-06-10,22,10,12
2019-06-10,57,16,41
2019-06-10,96,30,66
2019-06-10,62,19,43
2019-06-10,21,6,15
2019-06-10,24,10,14
2019-06-10,34,17,17
2019-06-10,39,22,17
2019-06-10,25,12,13
2019-06-10,35,14,21
2019-06-10,66,31,35
2019-06-10,122,77,45
2019-06-10,81,57,24
2019-06-10,40,23,17
2019-06-10,27,21,6
2019-06-10,24,14,10
2019-06-10,9,5,4
2019-06-10,10,6,4
2019-06-11,7,4,3
2019-06-11,3,2,1
2019-06-11,1,1,0
2019-06-11,1,1,0
2019-06-11,4,1,3
2019-06-11,8,1,7
2019-06-11,27,10,17
2019-06-11,71,17,54
2019-06-11,101,32,69
2019-06-11,65,19,46
2019-06-11,31,13,18
2019-06-11,25,8,17
2019-06-11,19,8,11
2019-06-11,20,12,8
2019-06-11,19,9,10
2019-06-11,33,15,18
2019-06-11,77,38,39
2019-06-11,145,87,58
2019-06-11,79,52,27
2019-06-11,50,37,13
2019-06-11,33,17,16
2019-06-11,26,18,8
2019-06-11,20,9,11
2019-06-11,7,5,2
2019-06-12,6,4,2
2019-06-12,6,3,3
2019-06-12,0,0,0
2019-06-12,0,0,0
2019-06-12,3,1,2
2019-06-12,5,2,3
2019-06-12,27,12,15
2019-06-12,56,16,40
2019-06-12,91,18,73
2019-06-12,61,18,43
2019-06-12,24,11,13
2019-06-12,13,6,7
2019-06-12,24,15,9
2019-06-12,24,8,16
2019-06-12,38,24,14
2019-06-12,36,17,19
2019-06-12,63,38,25
2019-06-12,136,86,50
2019-06-12,84,58,26
2019-06-12,52,33,19
2019-06-12,20,14,6
2019-06-12,31,14,17
2019-06-12,17,8,9
2019-06-12,15,9,6
2019-06-13,2,1,1
2019-06-13,3,1,2
2019-06-13,5,4,1
2019-06-13,3,0,3
2019-06-13,3,1,2
2019-06-13,11,4,7
2019-06-13,29,12,17
2019-06-13,53,13,40
2019-06-13,105,27,78
2019-06-13,70,24,46
2019-06-13,26,6,20
2019-06-13,18,6,12
2019-06-13,36,15,21
2019-06-13,26,16,10
2019-06-13,44,21,23
2019-06-13,43,21,22
2019-06-13,66,37,29
2019-06-13,125,80,45
2019-06-13,79,50,29
2019-06-13,50,25,25
2019-06-13,35,22,13
2019-06-13,24,12,12
2019-06-13,21,10,11
2019-06-13,9,6,3
2019-06-14,7,5,2
2019-06-14,2,1,1
2019-06-14,1,1,0
2019-06-14,0,0,0
2019-06-14,4,0,4
2019-06-14,5,3,2
2019-06-14,29,12,17
2019-06-14,51,12,39
2019-06-14,81,26,55
2019-06-14,62,22,40
2019-06-14,33,7,26
2019-06-14,39,15,24
2019-06-14,29,16,13
2019-06-14,41,16,25
2019-06-14,42,21,21
2019-06-14,60,30,30
2019-06-14,73,32,41
2019-06-14,106,59,47
2019-06-14,56,37,19
2019-06-14,28,19,9
2019-06-14,37,20,17
2019-06-14,35,23,12
2019-06-14,14,7,7
2019-06-14,11,8,3
2019-06-15,7,2,5
2019-06-15,4,3,1
2019-06-15,5,3,2
2019-06-15,0,0,0
2019-06-15,2,0,2
2019-06-15,4,0,4
2019-06-15,3,2,1
2019-06-15,9,4,5
2019-06-15,9,2,7
2019-06-15,10,5,5
2019-06-15,12,5,7
2019-06-15,27,10,17
2019-06-15,24,16,8
2019-06-15,33,21,12
2019-06-15,33,18,15
2019-06-15,42,20,22
2019-06-15,40,18,22
2019-06-15,35,20,15
2019-06-15,37,16,21
2019-06-15,20,12,8
2019-06-15,23,11,12
2019-06-15,23,16,7
2019-06-15,21,14,7
2019-06-15,12,6,6
2019-06-16,8,5,3
2019-06-16,6,4,2
2019-06-16,4,3,1
2019-06-16,2,2,0
2019-06-16,2,2,0
2019-06-16,1,0,1
2019-06-16,7,3,4
2019-06-16,5,4,1
2019-06-16,11,5,6
2019-06-16,17,7,10
2019-06-16,17,5,12
2019-06-16,30,14,16
2019-06-16,39,17,22
2019-06-16,39,11,28
2019-06-16,47,35,12
2019-06-16,33,22,11
2019-06-16,32,17,15
2019-06-16,28,16,12
2019-06-16,23,10,13
2019-06-16,39,23,16
2019-06-16,22,13,9
2019-06-16,18,7,11
2019-06-16,14,10,4
2019-06-16,8,4,4
2019-06-17,2,1,1
2019-06-17,3,2,1
2019-06-17,3,2,1
2019-06-17,1,1,0
2019-06-17,3,0,3
2019-06-17,4,2,2
2019-06-17,27,16,11
2019-06-17,50,21,29
2019-06-17,92,25,67
2019-06-17,53,13,40
2019-06-17,15,5,10
2019-06-17,28,9,19
2019-06-17,24,11,13
2019-06-17,17,8,9
2019-06-17,19,5,14
2019-06-17,28,9,19
2019-06-17,67,35,32
2019-06-17,126,80,46
2019-06-17,85,53,32
2019-06-17,38,28,10
2019-06-17,21,13,8
2019-06-17,28,9,19
2019-06-17,21,13,8
2019-06-17,12,10,2
2019-06-18,8,6,2
2019-06-18,6,4,2
2019-06-18,2,0,2
2019-06-18,0,0,0
2019-06-18,2,1,1
2019-06-18,4,0,4
2019-06-18,23,14,9
2019-06-18,29,13,16
2019-06-18,65,20,45
2019-06-18,56,17,39
2019-06-18,22,5,17
2019-06-18,17,6,11
2019-06-18,19,7,12
2019-06-18,14,11,3
2019-06-18,19,9,10
2019-06-18,33,14,19
2019-06-18,63,24,39
2019-06-18,102,61,41
2019-06-18,69,43,26
2019-06-18,39,24,15
2019-06-18,32,19,13
2019-06-18,19,9,10
2019-06-18,16,10,6
2019-06-18,4,3,1
2019-06-19,5,5,0
2019-06-19,3,2,1
2019-06-19,1,1,0
2019-06-19,1,0,1
2019-06-19,4,1,3
2019-06-19,6,1,5
2019-06-19,16,7,9
2019-06-19,47,16,31
2019-06-19,77,25,52
2019-06-19,58,20,38
2019-06-19,27,5,22
2019-06-19,23,7,16
2019-06-19,20,6,14
2019-06-19,33,11,22
2019-06-19,27,8,19
2019-06-19,46,21,25
2019-06-19,75,25,50
2019-06-19,135,75,60
2019-06-19,74,49,25
2019-06-19,44,32,12
2019-06-19,27,17,10
2019-06-19,9,7,2
2019-06-19,17,11,6
2019-06-19,8,8,0
2019-06-20,2,0,2
2019-06-20,0,0,0
2019-06-20,1,1,0
2019-06-20,1,0,1
2019-06-20,4,1,3
2019-06-20,2,0,2
2019-06-20,26,12,14
2019-06-20,51,17,34
2019-06-20,77,23,54
2019-06-20,56,19,37
2019-06-20,22,5,17
2019-06-20,31,12,19
2019-06-20,33,18,15
2019-06-20,22,8,14
2019-06-20,33,15,18
2019-06-20,58,28,30
2019-06-20,73,32,41
2019-06-20,114,60,54
2019-06-20,72,46,26
2019-06-20,34,13,21
2019-06-20,27,22,5
2019-06-20,17,10,7
2019-06-20,16,10,6
2019-06-20,21,16,5
2019-06-21,6,4,2
2019-06-21,3,2,1
2019-06-21,1,1,0
2019-06-21,0,0,0
2019-06-21,3,2,1
2019-06-21,8,4,4
2019-06-21,18,10,8
2019-06-21,44,11,33
2019-06-21,78,21,57
2019-06-21,62,19,43
2019-06-21,27,11,16
2019-06-21,23,13,10
2019-06-21,30,8,22
2019-06-21,38,17,21
2019-06-21,42,23,19
2019-06-21,52,24,28
2019-06-21,71,36,35
2019-06-21,107,77,30
2019-06-21,56,36,20
2019-06-21,49,24,25
2019-06-21,25,10,15
2019-06-21,16,12,4
2019-06-21,21,15,6
2019-06-21,17,12,5
2019-06-22,12,9,3
2019-06-22,3,2,1
2019-06-22,7,7,0
2019-06-22,3,2,1
2019-06-22,1,0,1
2019-06-22,2,0,2
2019-06-22,6,3,3
2019-06-22,5,3,2
2019-06-22,7,2,5
2019-06-22,17,10,7
2019-06-22,32,17,15
2019-06-22,32,8,24
2019-06-22,38,18,20
2019-06-22,34,12,22
2019-06-22,23,10,13
2019-06-22,33,14,19
2019-06-22,35,19,16
2019-06-22,43,28,15
2019-06-22,28,17,11
2019-06-22,27,17,10
2019-06-22,22,12,10
2019-06-22,12,9,3
2019-06-22,21,9,12
2019-06-22,9,7,2
2019-06-23,5,4,1
2019-06-23,7,6,1
2019-06-23,3,2,1
2019-06-23,1,1,0
2019-06-23,1,1,0
2019-06-23,2,2,0
2019-06-23,1,0,1
2019-06-23,2,1,1
2019-06-23,3,1,2
2019-06-23,8,4,4
2019-06-23,19,5,14
2019-06-23,11,6,5
2019-06-23,31,13,18
2019-06-23,24,15,9
2019-06-23,41,17,24
2019-06-23,32,15,17
2019-06-23,21,12,9
2019-06-23,14,8,6
2019-06-23,20,10,10
2019-06-23,8,6,2
2019-06-23,11,3,8
2019-06-23,13,10,3
2019-06-23,13,5,8
2019-06-23,10,7,3
2019-06-24,4,2,2
2019-06-24,2,2,0
2019-06-24,0,0,0
2019-06-24,0,0,0
2019-06-24,0,0,0
2019-06-24,3,2,1
2019-06-24,30,13,17
2019-06-24,40,11,29
2019-06-24,82,22,60
2019-06-24,52,8,44
2019-06-24,32,10,22
2019-06-24,19,6,13
2019-06-24,22,7,15
2019-06-24,33,17,16
2019-06-24,23,12,11
2019-06-24,33,15,18
2019-06-24,63,28,35
2019-06-24,123,83,40
2019-06-24,75,45,30
2019-06-24,40,17,23
2019-06-24,26,22,4
2019-06-24,16,9,7
2019-06-24,7,5,2
2019-06-24,5,3,2
2019-06-25,3,2,1
2019-06-25,9,5,4
2019-06-25,0,0,0
2019-06-25,4,3,1
2019-06-25,2,0,2
2019-06-25,6,1,5
2019-06-25,26,10,16
2019-06-25,66,19,47
2019-06-25,105,26,79
2019-06-25,67,22,45
2019-06-25,24,8,16
2019-06-25,26,13,13
2019-06-25,32,11,21
2019-06-25,43,26,17
2019-06-25,40,18,22
2019-06-25,38,15,23
2019-06-25,68,28,40
2019-06-25,146,87,59
2019-06-25,83,47,36
2019-06-25,49,39,10
2019-06-25,37,24,13
2019-06-25,16,10,6
2019-06-25,22,15,7
2019-06-25,12,7,5
2019-06-26,1,1,0
2019-06-26,0,0,0
2019-06-26,0,0,0
2019-06-26,0,0,0
2019-06-26,3,2,1
2019-06-26,5,2,3
2019-06-26,34,15,19
2019-06-26,44,19,25
2019-06-26,98,31,67
2019-06-26,59,20,39
2019-06-26,25,7,18
2019-06-26,23,7,16
2019-06-26,21,9,12
2019-06-26,33,12,21
2019-06-26,23,9,14
2019-06-26,35,15,20
2019-06-26,60,24,36
2019-06-26,94,61,33
2019-06-26,65,42,23
2019-06-26,25,18,7
2019-06-26,24,20,4
2019-06-26,14,8,6
2019-06-26,16,9,7
2019-06-26,11,4,7
2019-06-27,5,2,3
2019-06-27,0,0,0
2019-06-27,2,2,0
2019-06-27,0,0,0
2019-06-27,2,2,0
2019-06-27,6,2,4
2019-06-27,17,11,6
2019-06-27,37,10,27
2019-06-27,61,17,44
2019-06-27,45,14,31
2019-06-27,18,6,12
2019-06-27,20,7,13
2019-06-27,37,17,20
2019-06-27,21,7,14
2019-06-27,32,12,20
2019-06-27,45,20,25
2019-06-27,61,28,33
2019-06-27,88,61,27
2019-06-27,54,30,24
2019-06-27,32,17,15
2019-06-27,22,12,10
2019-06-27,13,8,5
2019-06-27,14,9,5
2019-06-27,6,3,3
2019-06-28,11,7,4
2019-06-28,6,5,1
2019-06-28,3,3,0
2019-06-28,2,2,0
2019-06-28,0,0,0
2019-06-28,8,3,5
2019-06-28,26,13,13
2019-06-28,40,8,32
2019-06-28,75,26,49
2019-06-28,63,16,47
2019-06-28,27,11,16
2019-06-28,44,17,27
2019-06-28,24,8,16
2019-06-28,34,11,23
2019-06-28,38,20,18
2019-06-28,75,40,35
2019-06-28,76,38,38
2019-06-28,116,70,46
2019-06-28,58,38,20
2019-06-28,46,25,21
2019-06-28,38,20,18
2019-06-28,38,29,9
2019-06-28,17,6,11
2019-06-28,16,12,4
2019-06-29,5,2,3
2019-06-29,7,6,1
2019-06-29,8,5,3
2019-06-29,0,0,0
2019-06-29,1,0,1
2019-06-29,1,0,1
2019-06-29,9,4,5
2019-06-29,3,1,2
2019-06-29,16,6,10
2019-06-29,22,11,11
2019-06-29,25,15,10
2019-06-29,31,12,19
2019-06-29,33,11,22
2019-06-29,33,12,21
2019-06-29,52,29,23
2019-06-29,50,18,32
2019-06-29,52,27,25
2019-06-29,36,13,23
2019-06-29,47,21,26
2019-06-29,26,14,12
2019-06-29,31,7,24
2019-06-29,39,26,13
2019-06-29,21,20,1
2019-06-29,13,8,5
2019-06-30,15,10,5
2019-06-30,9,4,5
2019-06-30,5,3,2
2019-06-30,0,0,0
2019-06-30,2,2,0
2019-06-30,2,1,1
2019-06-30,5,2,3
2019-06-30,4,0,4
2019-06-30,11,4,7
2019-06-30,23,1,22
2019-06-30,35,10,25
2019-06-30,39,21,18
2019-06-30,53,29,24
2019-06-30,52,27,25
2019-06-30,66,31,35
2019-06-30,100,56,44
2019-06-30,72,35,37
2019-06-30,57,18,39
2019-06-30,42,23,19
2019-06-30,43,17,26
2019-06-30,35,11,24
2019-06-30,35,15,20
2019-06-30,9,5,4
2019-06-30,7,5,2
2019-07-01,2,2,0
2019-07-01,0,0,0
2019-07-01,7,6,1
2019-07-01,0,0,0
2019-07-01,2,1,1
2019-07-01,6,1,5
2019-07-01,24,14,10
2019-07-01,47,18,29
2019-07-01,87,30,57
2019-07-01,54,18,36
2019-07-01,29,11,18
2019-07-01,21,11,10
2019-07-01,27,15,12
2019-07-01,32,17,15
2019-07-01,27,15,12
2019-07-01,36,11,25
2019-07-01,82,40,42
2019-07-01,111,65,46
2019-07-01,80,62,18
2019-07-01,56,27,29
2019-07-01,35,21,14
2019-07-01,22,9,13
2019-07-01,18,13,5
2019-07-01,6,5,1
2019-07-02,1,0,1
2019-07-02,3,2,1
2019-07-02,1,0,1
2019-07-02,2,1,1
2019-07-02,1,0,1
2019-07-02,4,1,3
2019-07-02,15,7,8
2019-07-02,46,15,31
2019-07-02,64,19,45
2019-07-02,48,14,34
2019-07-02,14,4,10
2019-07-02,24,10,14
2019-07-02,13,5,8
2019-07-02,27,9,18
2019-07-02,14,6,8
2019-07-02,21,10,11
2019-07-02,36,12,24
2019-07-02,77,41,36
2019-07-02,47,28,19
2019-07-02,14,12,2
2019-07-02,6,5,1
2019-07-02,8,4,4
2019-07-02,11,5,6
2019-07-02,3,2,1
2019-07-03,2,1,1
2019-07-03,1,0,1
2019-07-03,2,1,1
2019-07-03,1,1,0
2019-07-03,1,1,0
2019-07-03,6,2,4
2019-07-03,18,10,8
2019-07-03,34,11,23
2019-07-03,61,22,39
2019-07-03,30,6,24
2019-07-03,18,5,13
2019-07-03,21,9,12
2019-07-03,37,15,22
2019-07-03,33,11,22
2019-07-03,31,17,14
2019-07-03,39,20,19
2019-07-03,75,38,37
2019-07-03,91,43,48
2019-07-03,60,31,29
2019-07-03,41,28,13
2019-07-03,24,12,12
2019-07-03,17,12,5
2019-07-03,18,8,10
2019-07-03,16,15,1
2019-07-04,4,4,0
2019-07-04,6,6,0
2019-07-04,0,0,0
2019-07-04,2,1,1
2019-07-04,0,0,0
2019-07-04,4,0,4
2019-07-04,1,0,1
2019-07-04,10,4,6
2019-07-04,8,4,4
2019-07-04,12,7,5
2019-07-04,31,18,13
2019-07-04,26,9,17
2019-07-04,31,15,16
2019-07-04,41,22,19
2019-07-04,48,29,19
2019-07-04,42,34,8
2019-07-04,58,33,25
2019-07-04,35,20,15
2019-07-04,33,10,23
2019-07-04,35,21,14
2019-07-04,29,11,18
2019-07-04,30,19,11
2019-07-04,13,7,6
2019-07-04,22,12,10
2019-07-05,10,4,6
2019-07-05,6,2,4
2019-07-05,2,1,1
2019-07-05,0,0,0
2019-07-05,1,0,1
2019-07-05,8,3,5
2019-07-05,7,3,4
2019-07-05,19,7,12
2019-07-05,35,9,26
2019-07-05,23,3,20
2019-07-05,27,4,23
2019-07-05,23,11,12
2019-07-05,36,19,17
2019-07-05,19,7,12
2019-07-05,56,30,26
2019-07-05,66,34,32
2019-07-05,50,22,28
2019-07-05,75,41,34
2019-07-05,43,21,22
2019-07-05,52,23,29
2019-07-05,27,10,17
2019-07-05,29,17,12
2019-07-05,13,10,3
2019-07-05,16,11,5
2019-07-06,1,1,0
2019-07-06,5,3,2
2019-07-06,7,5,2
2019-07-06,2,1,1
2019-07-06,0,0,0
2019-07-06,2,0,2
2019-07-06,4,1,3
2019-07-06,6,3,3
2019-07-06,10,4,6
2019-07-06,20,8,12
2019-07-06,21,11,10
2019-07-06,37,23,14
2019-07-06,48,17,31
2019-07-06,27,16,11
2019-07-06,42,19,23
2019-07-06,41,19,22
2019-07-06,39,25,14
2019-07-06,44,29,15
2019-07-06,22,12,10
2019-07-06,27,15,12
2019-07-06,30,9,21
2019-07-06,23,15,8
2019-07-06,27,14,13
2019-07-06,16,13,3
2019-07-07,6,4,2
2019-07-07,10,8,2
2019-07-07,2,2,0
2019-07-07,4,2,2
2019-07-07,3,2,1
2019-07-07,1,0,1
2019-07-07,8,3,5
2019-07-07,5,2,3
2019-07-07,11,8,3
2019-07-07,11,6,5
2019-07-07,19,4,15
2019-07-07,32,14,18
2019-07-07,39,17,22
2019-07-07,29,18,11
2019-07-07,34,13,21
2019-07-07,50,29,21
2019-07-07,43,11,32
2019-07-07,24,14,10
2019-07-07,36,23,13
2019-07-07,12,6,6
2019-07-07,15,10,5
2019-07-07,9,6,3
2019-07-07,6,1,5
2019-07-07,8,7,1
2019-07-08,5,3,2
2019-07-08,5,5,0
2019-07-08,1,0,1
2019-07-08,0,0,0
2019-07-08,2,0,2
2019-07-08,4,2,2
2019-07-08,27,11,16
2019-07-08,43,18,25
2019-07-08,68,22,46
2019-07-08,44,13,31
2019-07-08,41,18,23
2019-07-08,25,10,15
2019-07-08,21,10,11
2019-07-08,26,9,17
2019-07-08,34,20,14
2019-07-08,38,13,25
2019-07-08,72,37,35
2019-07-08,108,62,46
2019-07-08,64,38,26
2019-07-08,43,24,19
2019-07-08,29,13,16
2019-07-08,15,11,4
2019-07-08,17,8,9
2019-07-08,8,6,2
2019-07-09,2,1,1
2019-07-09,5,3,2
2019-07-09,0,0,0
2019-07-09,1,1,0
2019-07-09,2,0,2
2019-07-09,6,0,6
2019-07-09,28,14,14
2019-07-09,53,18,35
2019-07-09,83,25,58
2019-07-09,55,14,41
2019-07-09,27,9,18
2019-07-09,22,9,13
2019-07-09,35,13,22
2019-07-09,39,19,20
2019-07-09,31,17,14
2019-07-09,44,23,21
2019-07-09,76,33,43
2019-07-09,124,72,52
2019-07-09,63,40,23
2019-07-09,29,21,8
2019-07-09,13,5,8
2019-07-09,12,7,5
2019-07-09,4,2,2
2019-07-09,4,4,0
2019-07-10,3,1,2
2019-07-10,1,1,0
2019-07-10,0,0,0
2019-07-10,0,0,0
2019-07-10,2,0,2
2019-07-10,4,0,4
2019-07-10,20,12,8
2019-07-10,32,9,23
2019-07-10,41,15,26
2019-07-10,35,7,28
2019-07-10,14,4,10
2019-07-10,9,3,6
2019-07-10,16,7,9
2019-07-10,15,9,6
2019-07-10,15,6,9
2019-07-10,22,12,10
2019-07-10,56,23,33
2019-07-10,84,48,36
2019-07-10,67,38,29
2019-07-10,43,36,7
2019-07-10,20,8,12
2019-07-10,24,16,8
2019-07-10,13,6,7
2019-07-10,6,5,1
2019-07-11,6,5,1
2019-07-11,3,3,0
2019-07-11,2,1,1
2019-07-11,1,1,0
2019-07-11,1,1,0
2019-07-11,6,5,1
2019-07-11,29,13,16
2019-07-11,47,12,35
2019-07-11,88,24,64
2019-07-11,69,28,41
2019-07-11,18,4,14
2019-07-11,21,8,13
2019-07-11,36,18,18
2019-07-11,35,20,15
2019-07-11,53,29,24
2019-07-11,31,7,24
2019-07-11,92,42,50
2019-07-11,122,67,55
2019-07-11,90,61,29
2019-07-11,49,34,15
2019-07-11,29,15,14
2019-07-11,19,10,9
2019-07-11,16,9,7
2019-07-11,13,10,3
2019-07-12,7,4,3
2019-07-12,2,0,2
2019-07-12,5,4,1
2019-07-12,0,0,0
2019-07-12,0,0,0
2019-07-12,6,1,5
2019-07-12,26,14,12
2019-07-12,44,16,28
2019-07-12,71,18,53
2019-07-12,66,22,44
2019-07-12,34,12,22
2019-07-12,34,9,25
2019-07-12,30,13,17
2019-07-12,36,17,19
2019-07-12,37,20,17
2019-07-12,52,30,22
2019-07-12,77,35,42
2019-07-12,112,55,57
2019-07-12,72,41,31
2019-07-12,41,27,14
2019-07-12,25,17,8
2019-07-12,23,11,12
2019-07-12,18,11,7
2019-07-12,15,12,3
2019-07-13,9,4,5
2019-07-13,7,6,1
2019-07-13,6,4,2
2019-07-13,2,2,0
2019-07-13,2,1,1
2019-07-13,5,0,5
2019-07-13,5,3,2
2019-07-13,10,3,7
2019-07-13,15,10,5
2019-07-13,20,5,15
2019-07-13,22,12,10
2019-07-13,33,15,18
2019-07-13,51,23,28
2019-07-13,44,22,22
2019-07-13,42,30,12
2019-07-13,50,27,23
2019-07-13,42,19,23
2019-07-13,36,20,16
2019-07-13,31,15,16
2019-07-13,42,16,26
2019-07-13,23,11,12
2019-07-13,20,8,12
2019-07-13,17,7,10
2019-07-13,8,6,2
2019-07-14,10,5,5
2019-07-14,8,8,0
2019-07-14,9,6,3
2019-07-14,2,2,0
2019-07-14,0,0,0
2019-07-14,4,3,1
2019-07-14,8,4,4
2019-07-14,4,0,4
2019-07-14,6,3,3
2019-07-14,15,6,9
2019-07-14,28,16,12
2019-07-14,57,18,39
2019-07-14,53,18,35
2019-07-14,28,16,12
2019-07-14,28,14,14
2019-07-14,70,33,37
2019-07-14,37,17,20
2019-07-14,47,30,17
2019-07-14,47,15,32
2019-07-14,35,15,20
2019-07-14,21,6,15
2019-07-14,20,9,11
2019-07-14,19,11,8
2019-07-14,10,7,3
2019-07-15,6,4,2
2019-07-15,3,2,1
2019-07-15,4,2,2
2019-07-15,1,1,0
2019-07-15,1,0,1
2019-07-15,8,3,5
2019-07-15,28,9,19
2019-07-15,56,14,42
2019-07-15,93,27,66
2019-07-15,51,16,35
2019-07-15,18,4,14
2019-07-15,11,3,8
2019-07-15,11,5,6
2019-07-15,20,11,9
2019-07-15,36,17,19
2019-07-15,34,12,22
2019-07-15,60,33,27
2019-07-15,119,79,40
2019-07-15,49,34,15
2019-07-15,36,27,9
2019-07-15,26,16,10
2019-07-15,19,9,10
2019-07-15,10,4,6
2019-07-15,11,8,3
2019-07-16,5,1,4
2019-07-16,5,4,1
2019-07-16,2,2,0
2019-07-16,2,2,0
2019-07-16,2,1,1
2019-07-16,5,2,3
2019-07-16,26,8,18
2019-07-16,54,25,29
2019-07-16,109,31,78
2019-07-16,54,15,39
2019-07-16,28,12,16
2019-07-16,23,11,12
2019-07-16,35,7,28
2019-07-16,29,9,20
2019-07-16,33,14,19
2019-07-16,40,17,23
2019-07-16,93,48,45
2019-07-16,129,75,54
2019-07-16,86,58,28
2019-07-16,50,35,15
2019-07-16,42,23,19
2019-07-16,28,16,12
2019-07-16,12,8,4
2019-07-16,8,7,1
2019-07-17,0,0,0
2019-07-17,1,1,0
2019-07-17,6,2,4
2019-07-17,3,1,2
2019-07-17,1,0,1
2019-07-17,5,1,4
2019-07-17,17,6,11
2019-07-17,40,15,25
2019-07-17,61,13,48
2019-07-17,50,13,37
2019-07-17,26,9,17
2019-07-17,19,7,12
2019-07-17,23,13,10
2019-07-17,23,15,8
2019-07-17,31,14,17
2019-07-17,21,9,12
2019-07-17,58,28,30
2019-07-17,122,70,52
2019-07-17,58,32,26
2019-07-17,40,28,12
2019-07-17,23,10,13
2019-07-17,19,12,7
2019-07-17,25,19,6
2019-07-17,4,4,0
2019-07-18,1,1,0
2019-07-18,1,1,0
2019-07-18,1,1,0
2019-07-18,0,0,0
2019-07-18,1,0,1
2019-07-18,7,2,5
2019-07-18,27,9,18
2019-07-18,49,11,38
2019-07-18,74,21,53
2019-07-18,54,16,38
2019-07-18,28,3,25
2019-07-18,37,15,22
2019-07-18,40,25,15
2019-07-18,39,23,16
2019-07-18,49,29,20
2019-07-18,52,24,28
2019-07-18,65,39,26
2019-07-18,124,70,54
2019-07-18,56,39,17
2019-07-18,22,17,5
2019-07-18,20,6,14
2019-07-18,8,7,1
2019-07-18,4,2,2
2019-07-18,6,4,2
2019-07-19,3,1,2
2019-07-19,0,0,0
2019-07-19,2,2,0
2019-07-19,1,1,0
2019-07-19,1,1,0
2019-07-19,4,0,4
2019-07-19,13,6,7
2019-07-19,50,18,32
2019-07-19,69,13,56
2019-07-19,51,18,33
2019-07-19,28,15,13
2019-07-19,27,14,13
2019-07-19,34,18,16
2019-07-19,33,14,19
2019-07-19,38,18,20
2019-07-19,53,32,21
2019-07-19,98,52,46
2019-07-19,123,72,51
2019-07-19,77,49,28
2019-07-19,46,32,14
2019-07-19,35,17,18
2019-07-19,19,7,12
2019-07-19,23,13,10
2019-07-19,19,14,5
2019-07-20,15,12,3
2019-07-20,4,3,1
2019-07-20,8,7,1
2019-07-20,1,1,0
2019-07-20,1,0,1
2019-07-20,2,0,2
2019-07-20,6,1,5
2019-07-20,10,2,8
2019-07-20,12,8,4
2019-07-20,13,3,10
2019-07-20,15,5,10
2019-07-20,27,12,15
2019-07-20,39,21,18
2019-07-20,41,31,10
2019-07-20,79,49,30
2019-07-20,52,26,26
2019-07-20,49,24,25
2019-07-20,38,13,25
2019-07-20,28,16,12
2019-07-20,34,15,19
2019-07-20,19,7,12
2019-07-20,27,14,13
2019-07-20,22,12,10
2019-07-20,8,7,1
2019-07-21,13,11,2
2019-07-21,6,4,2
2019-07-21,2,2,0
2019-07-21,3,2,1
2019-07-21,1,1,0
2019-07-21,3,1,2
2019-07-21,3,0,3
2019-07-21,6,3,3
2019-07-21,8,2,6
2019-07-21,32,10,22
2019-07-21,23,11,12
2019-07-21,44,22,22
2019-07-21,57,25,32
2019-07-21,46,16,30
2019-07-21,71,35,36
2019-07-21,48,30,18
2019-07-21,43,20,23
2019-07-21,54,22,32
2019-07-21,48,18,30
2019-07-21,22,10,12
2019-07-21,24,11,13
2019-07-21,47,43,4
2019-07-21,13,10,3
2019-07-21,9,8,1
2019-07-22,7,4,3
2019-07-22,5,5,0
2019-07-22,1,0,1
2019-07-22,1,0,1
2019-07-22,2,0,2
2019-07-22,6,1,5
2019-07-22,24,8,16
2019-07-22,54,20,34
2019-07-22,98,24,74
2019-07-22,51,19,32
2019-07-22,30,16,14
2019-07-22,27,15,12
2019-07-22,24,10,14
2019-07-22,18,11,7
2019-07-22,29,16,13
2019-07-22,41,20,21
2019-07-22,71,31,40
2019-07-22,133,80,53
2019-07-22,79,51,28
2019-07-22,43,24,19
2019-07-22,35,13,22
2019-07-22,28,12,16
2019-07-22,16,8,8
2019-07-22,9,6,3
2019-07-23,4,3,1
2019-07-23,1,0,1
2019-07-23,1,1,0
2019-07-23,2,1,1
2019-07-23,1,0,1
2019-07-23,4,2,2
2019-07-23,23,10,13
2019-07-23,66,17,49
2019-07-23,80,21,59
2019-07-23,64,19,45
2019-07-23,25,7,18
2019-07-23,24,13,11
2019-07-23,32,11,21
2019-07-23,38,22,16
2019-07-23,29,11,18
2019-07-23,45,21,24
2019-07-23,70,31,39
2019-07-23,110,64,46
2019-07-23,81,52,29
2019-07-23,40,29,11
2019-07-23,27,18,9
2019-07-23,23,14,9
2019-07-23,12,5,7
2019-07-23,12,7,5
2019-07-24,5,2,3
2019-07-24,5,4,1
2019-07-24,3,3,0
2019-07-24,1,1,0
2019-07-24,1,0,1
2019-07-24,4,1,3
2019-07-24,30,14,16
2019-07-24,53,22,31
2019-07-24,102,23,79
2019-07-24,72,20,52
2019-07-24,26,9,17
2019-07-24,30,8,22
2019-07-24,39,9,30
2019-07-24,26,10,16
2019-07-24,38,24,14
2019-07-24,57,35,22
2019-07-24,70,31,39
2019-07-24,142,75,67
2019-07-24,95,60,35
2019-07-24,61,34,27
2019-07-24,23,16,7
2019-07-24,25,15,10
2019-07-24,9,6,3
2019-07-24,11,8,3
2019-07-25,9,3,6
2019-07-25,2,2,0
2019-07-25,1,0,1
2019-07-25,4,2,2
2019-07-25,2,0,2
2019-07-25,5,1,4
2019-07-25,24,12,12
2019-07-25,60,16,44
2019-07-25,88,21,67
2019-07-25,49,13,36
2019-07-25,23,7,16
2019-07-25,25,13,12
2019-07-25,35,10,25
2019-07-25,34,15,19
2019-07-25,34,15,19
2019-07-25,47,22,25
2019-07-25,91,42,49
2019-07-25,117,67,50
2019-07-25,89,60,29
2019-07-25,63,38,25
2019-07-25,40,19,21
2019-07-25,46,27,19
2019-07-25,20,14,6
2019-07-25,14,13,1
2019-07-26,9,6,3
2019-07-26,6,4,2
2019-07-26,1,1,0
2019-07-26,2,2,0
2019-07-26,2,1,1
2019-07-26,7,3,4
2019-07-26,28,14,14
2019-07-26,39,8,31
2019-07-26,78,18,60
2019-07-26,51,19,32
2019-07-26,39,16,23
2019-07-26,28,16,12
2019-07-26,29,9,20
2019-07-26,42,23,19
2019-07-26,34,16,18
2019-07-26,48,20,28
2019-07-26,74,41,33
2019-07-26,134,79,55
2019-07-26,64,39,25
2019-07-26,52,23,29
2019-07-26,18,10,8
2019-07-26,22,12,10
2019-07-26,19,13,6
2019-07-26,21,11,10
2019-07-27,9,7,2
2019-07-27,8,6,2
2019-07-27,5,4,1
2019-07-27,3,1,2
2019-07-27,1,1,0
2019-07-27,1,1,0
2019-07-27,7,3,4
2019-07-27,7,1,6
2019-07-27,6,3,3
2019-07-27,17,5,12
2019-07-27,25,15,10
2019-07-27,28,14,14
2019-07-27,44,19,25
2019-07-27,30,18,12
2019-07-27,23,14,9
2019-07-27,44,19,25
2019-07-27,47,32,15
2019-07-27,30,17,13
2019-07-27,47,23,24
2019-07-27,36,20,16
2019-07-27,44,21,23
2019-07-27,28,20,8
2019-07-27,26,16,10
2019-07-27,16,6,10
2019-07-28,16,10,6
2019-07-28,9,5,4
2019-07-28,7,4,3
2019-07-28,1,1,0
2019-07-28,2,2,0
2019-07-28,4,1,3
2019-07-28,5,3,2
2019-07-28,5,1,4
2019-07-28,13,7,6
2019-07-28,23,11,12
2019-07-28,25,10,15
2019-07-28,30,12,18
2019-07-28,28,13,15
2019-07-28,55,27,28
2019-07-28,42,23,19
2019-07-28,53,25,28
2019-07-28,63,30,33
2019-07-28,59,35,24
2019-07-28,32,5,27
2019-07-28,32,17,15
2019-07-28,27,18,9
2019-07-28,21,12,9
2019-07-28,13,7,6
2019-07-28,9,4,5
2019-07-29,8,2,6
2019-07-29,4,2,2
2019-07-29,4,3,1
2019-07-29,0,0,0
2019-07-29,3,0,3
2019-07-29,5,1,4
2019-07-29,21,9,12
2019-07-29,59,18,41
2019-07-29,93,25,68
2019-07-29,53,11,42
2019-07-29,24,9,15
2019-07-29,21,5,16
2019-07-29,27,9,18
2019-07-29,22,12,10
2019-07-29,36,17,19
2019-07-29,42,28,14
2019-07-29,77,38,39
2019-07-29,123,74,49
2019-07-29,83,60,23
2019-07-29,28,18,10
2019-07-29,35,22,13
2019-07-29,31,12,19
2019-07-29,11,5,6
2019-07-29,7,6,1
2019-07-30,2,2,0
2019-07-30,0,0,0
2019-07-30,1,1,0
2019-07-30,1,1,0
2019-07-30,2,0,2
2019-07-30,3,0,3
2019-07-30,23,7,16
2019-07-30,67,24,43
2019-07-30,89,21,68
2019-07-30,62,14,48
2019-07-30,31,11,20
2019-07-30,22,16,6
2019-07-30,30,12,18
2019-07-30,30,14,16
2019-07-30,45,17,28
2019-07-30,46,24,22
2019-07-30,80,38,42
2019-07-30,140,81,59
2019-07-30,83,56,27
2019-07-30,43,24,19
2019-07-30,29,18,11
2019-07-30,31,15,16
2019-07-30,13,9,4
2019-07-30,6,5,1
2019-07-31,5,4,1
2019-07-31,3,3,0
2019-07-31,1,1,0
2019-07-31,3,2,1
2019-07-31,2,0,2
2019-07-31,5,2,3
2019-07-31,24,9,15
2019-07-31,59,22,37
2019-07-31,93,25,68
2019-07-31,46,12,34
2019-07-31,34,12,22
2019-07-31,24,12,12
2019-07-31,47,26,21
2019-07-31,45,11,34
2019-07-31,29,15,14
2019-07-31,60,23,37
2019-07-31,73,36,37
2019-07-31,140,86,54
2019-07-31,78,52,26
2019-07-31,48,31,17
2019-07-31,28,14,14
2019-07-31,25,12,13
2019-07-31,14,5,9
2019-07-31,7,4,3
2019-08-01,3,2,1
2019-08-01,4,3,1
2019-08-01,2,1,1
2019-08-01,3,1,2
2019-08-01,1,0,1
2019-08-01,7,3,4
2019-08-01,28,10,18
2019-08-01,54,13,41
2019-08-01,101,22,79
2019-08-01,67,24,43
2019-08-01,25,10,15
2019-08-01,35,11,24
2019-08-01,43,18,25
2019-08-01,46,24,22
2019-08-01,61,49,12
2019-08-01,77,41,36
2019-08-01,77,43,34
2019-08-01,130,77,53
2019-08-01,97,56,41
2019-08-01,51,34,17
2019-08-01,42,22,20
2019-08-01,25,10,15
2019-08-01,9,4,5
2019-08-01,8,6,2
2019-08-02,3,3,0
2019-08-02,3,1,2
2019-08-02,4,4,0
2019-08-02,2,2,0
2019-08-02,1,0,1
2019-08-02,4,0,4
2019-08-02,14,8,6
2019-08-02,45,13,32
2019-08-02,79,23,56
2019-08-02,49,11,38
2019-08-02,23,7,16
2019-08-02,26,15,11
2019-08-02,29,15,14
2019-08-02,44,14,30
2019-08-02,56,33,23
2019-08-02,62,29,33
2019-08-02,95,47,48
2019-08-02,112,67,45
2019-08-02,58,35,23
2019-08-02,54,35,19
2019-08-02,0,0,0
2019-08-02,0,0,0
2019-08-02,0,0,0
2019-08-02,0,0,0
2019-08-03,0,0,0
2019-08-03,0,0,0
2019-08-03,0,0,0
2019-08-03,0,0,0
2019-08-03,0,0,0
2019-08-03,0,0,0
2019-08-03,0,0,0
2019-08-03,0,0,0
2019-08-03,0,0,0
2019-08-03,0,0,0
2019-08-03,0,0,0
2019-08-03,0,0,0
2019-08-03,0,0,0
2019-08-03,0,0,0
2019-08-03,0,0,0
2019-08-03,0,0,0
2019-08-03,0,0,0
2019-08-03,0,0,0
2019-08-03,0,0,0
2019-08-03,0,0,0
2019-08-03,0,0,0
2019-08-03,0,0,0
2019-08-03,0,0,0
2019-08-03,0,0,0
2019-08-04,0,0,0
2019-08-04,0,0,0
2019-08-04,0,0,0
2019-08-04,0,0,0
2019-08-04,0,0,0
2019-08-04,0,0,0
2019-08-04,0,0,0
2019-08-04,0,0,0
2019-08-04,0,0,0
2019-08-04,0,0,0
2019-08-04,0,0,0
2019-08-04,0,0,0
2019-08-04,0,0,0
2019-08-04,0,0,0
2019-08-04,0,0,0
2019-08-04,0,0,0
2019-08-04,0,0,0
2019-08-04,0,0,0
2019-08-04,0,0,0
2019-08-04,0,0,0
2019-08-04,0,0,0
2019-08-04,0,0,0
2019-08-04,0,0,0
2019-08-04,0,0,0
2019-08-05,0,0,0
2019-08-05,0,0,0
2019-08-05,0,0,0
2019-08-05,0,0,0
2019-08-05,0,0,0
2019-08-05,0,0,0
2019-08-05,0,0,0
2019-08-05,0,0,0
2019-08-05,0,0,0
2019-08-05,0,0,0
2019-08-05,0,0,0
2019-08-05,0,0,0
2019-08-05,0,0,0
2019-08-05,0,0,0
2019-08-05,0,0,0
2019-08-05,0,0,0
2019-08-05,0,0,0
2019-08-05,0,0,0
2019-08-05,0,0,0
2019-08-05,0,0,0
2019-08-05,0,0,0
2019-08-05,0,0,0
2019-08-05,0,0,0
2019-08-05,0,0,0
2019-08-06,0,0,0
2019-08-06,0,0,0
2019-08-06,0,0,0
2019-08-06,0,0,0
2019-08-06,0,0,0
2019-08-06,0,0,0
2019-08-06,0,0,0
2019-08-06,0,0,0
2019-08-06,0,0,0
2019-08-06,0,0,0
2019-08-06,0,0,0
2019-08-06,0,0,0
2019-08-06,0,0,0
2019-08-06,0,0,0
2019-08-06,0,0,0
2019-08-06,0,0,0
2019-08-06,0,0,0
2019-08-06,0,0,0
2019-08-06,0,0,0
2019-08-06,0,0,0
2019-08-06,0,0,0
2019-08-06,0,0,0
2019-08-06,0,0,0
2019-08-06,0,0,0
2019-08-07,0,0,0
2019-08-07,0,0,0
2019-08-07,0,0,0
2019-08-07,0,0,0
2019-08-07,0,0,0
2019-08-07,0,0,0
2019-08-07,0,0,0
2019-08-07,0,0,0
2019-08-07,0,0,0
2019-08-07,0,0,0
2019-08-07,0,0,0
2019-08-07,0,0,0
2019-08-07,0,0,0
2019-08-07,0,0,0
2019-08-07,0,0,0
2019-08-07,0,0,0
2019-08-07,0,0,0
2019-08-07,0,0,0
2019-08-07,0,0,0
2019-08-07,0,0,0
2019-08-07,0,0,0
2019-08-07,0,0,0
2019-08-07,0,0,0
2019-08-07,0,0,0
2019-08-08,0,0,0
2019-08-08,0,0,0
2019-08-08,0,0,0
2019-08-08,0,0,0
2019-08-08,0,0,0
2019-08-08,0,0,0
2019-08-08,0,0,0
2019-08-08,0,0,0
2019-08-08,0,0,0
2019-08-08,0,0,0
2019-08-08,0,0,0
2019-08-08,0,0,0
2019-08-08,0,0,0
2019-08-08,0,0,0
2019-08-08,0,0,0
2019-08-08,0,0,0
2019-08-08,0,0,0
2019-08-08,0,0,0
2019-08-08,0,0,0
2019-08-08,0,0,0
2019-08-08,0,0,0
2019-08-08,0,0,0
2019-08-08,0,0,0
2019-08-08,0,0,0
2019-08-09,0,0,0
2019-08-09,0,0,0
2019-08-09,0,0,0
2019-08-09,0,0,0
2019-08-09,0,0,0
2019-08-09,0,0,0
2019-08-09,0,0,0
2019-08-09,0,0,0
2019-08-09,0,0,0
2019-08-09,0,0,0
2019-08-09,0,0,0
2019-08-09,0,0,0
2019-08-09,0,0,0
2019-08-09,0,0,0
2019-08-09,0,0,0
2019-08-09,0,0,0
2019-08-09,0,0,0
2019-08-09,0,0,0
2019-08-09,0,0,0
2019-08-09,0,0,0
2019-08-09,0,0,0
2019-08-09,0,0,0
2019-08-09,0,0,0
2019-08-09,0,0,0
2019-08-10,0,0,0
2019-08-10,0,0,0
2019-08-10,0,0,0
2019-08-10,0,0,0
2019-08-10,0,0,0
2019-08-10,0,0,0
2019-08-10,0,0,0
2019-08-10,0,0,0
2019-08-10,0,0,0
2019-08-10,0,0,0
2019-08-10,0,0,0
2019-08-10,0,0,0
2019-08-10,0,0,0
2019-08-10,0,0,0
2019-08-10,0,0,0
2019-08-10,0,0,0
2019-08-10,0,0,0
2019-08-10,0,0,0
2019-08-10,0,0,0
2019-08-10,0,0,0
2019-08-10,0,0,0
2019-08-10,0,0,0
2019-08-10,0,0,0
2019-08-10,0,0,0
2019-08-11,0,0,0
2019-08-11,0,0,0
2019-08-11,0,0,0
2019-08-11,0,0,0
2019-08-11,0,0,0
2019-08-11,0,0,0
2019-08-11,0,0,0
2019-08-11,0,0,0
2019-08-11,0,0,0
2019-08-11,0,0,0
2019-08-11,0,0,0
2019-08-11,0,0,0
2019-08-11,0,0,0
2019-08-11,0,0,0
2019-08-11,0,0,0
2019-08-11,0,0,0
2019-08-11,0,0,0
2019-08-11,0,0,0
2019-08-11,0,0,0
2019-08-11,0,0,0
2019-08-11,0,0,0
2019-08-11,0,0,0
2019-08-11,0,0,0
2019-08-11,0,0,0
2019-08-12,0,0,0
2019-08-12,0,0,0
2019-08-12,0,0,0
2019-08-12,0,0,0
2019-08-12,0,0,0
2019-08-12,0,0,0
2019-08-12,0,0,0
2019-08-12,0,0,0
2019-08-12,0,0,0
2019-08-12,0,0,0
2019-08-12,0,0,0
2019-08-12,0,0,0
2019-08-12,0,0,0
2019-08-12,0,0,0
2019-08-12,0,0,0
2019-08-12,0,0,0
2019-08-12,0,0,0
2019-08-12,0,0,0
2019-08-12,0,0,0
2019-08-12,0,0,0
2019-08-12,0,0,0
2019-08-12,0,0,0
2019-08-12,0,0,0
2019-08-12,0,0,0
2019-08-13,0,0,0
2019-08-13,0,0,0
2019-08-13,0,0,0
2019-08-13,0,0,0
2019-08-13,0,0,0
2019-08-13,0,0,0
2019-08-13,0,0,0
2019-08-13,0,0,0
2019-08-13,0,0,0
2019-08-13,0,0,0
2019-08-13,0,0,0
2019-08-13,0,0,0
2019-08-13,0,0,0
2019-08-13,0,0,0
2019-08-13,0,0,0
2019-08-13,0,0,0
2019-08-13,0,0,0
2019-08-13,0,0,0
2019-08-13,0,0,0
2019-08-13,0,0,0
2019-08-13,0,0,0
2019-08-13,0,0,0
2019-08-13,0,0,0
2019-08-13,0,0,0
2019-08-14,0,0,0
2019-08-14,0,0,0
2019-08-14,0,0,0
2019-08-14,0,0,0
2019-08-14,0,0,0
2019-08-14,0,0,0
2019-08-14,0,0,0
2019-08-14,0,0,0
2019-08-14,0,0,0
2019-08-14,0,0,0
2019-08-14,0,0,0
2019-08-14,0,0,0
2019-08-14,0,0,0
2019-08-14,0,0,0
2019-08-14,0,0,0
2019-08-14,0,0,0
2019-08-14,0,0,0
2019-08-14,0,0,0
2019-08-14,0,0,0
2019-08-14,0,0,0
2019-08-14,0,0,0
2019-08-14,0,0,0
2019-08-14,0,0,0
2019-08-14,0,0,0
2019-08-15,0,0,0
2019-08-15,0,0,0
2019-08-15,0,0,0
2019-08-15,0,0,0
2019-08-15,0,0,0
2019-08-15,0,0,0
2019-08-15,0,0,0
2019-08-15,0,0,0
2019-08-15,0,0,0
2019-08-15,0,0,0
2019-08-15,0,0,0
2019-08-15,0,0,0
2019-08-15,0,0,0
2019-08-15,0,0,0
2019-08-15,0,0,0
2019-08-15,0,0,0
2019-08-15,0,0,0
2019-08-15,0,0,0
2019-08-15,0,0,0
2019-08-15,0,0,0
2019-08-15,0,0,0
2019-08-15,0,0,0
2019-08-15,0,0,0
2019-08-15,0,0,0
2019-08-16,0,0,0
2019-08-16,0,0,0
2019-08-16,0,0,0
2019-08-16,0,0,0
2019-08-16,0,0,0
2019-08-16,0,0,0
2019-08-16,0,0,0
2019-08-16,0,0,0
2019-08-16,0,0,0
2019-08-16,0,0,0
2019-08-16,0,0,0
2019-08-16,0,0,0
2019-08-16,0,0,0
2019-08-16,0,0,0
2019-08-16,0,0,0
2019-08-16,0,0,0
2019-08-16,0,0,0
2019-08-16,0,0,0
2019-08-16,0,0,0
2019-08-16,0,0,0
2019-08-16,0,0,0
2019-08-16,0,0,0
2019-08-16,0,0,0
2019-08-16,0,0,0
2019-08-17,0,0,0
2019-08-17,0,0,0
2019-08-17,0,0,0
2019-08-17,0,0,0
2019-08-17,0,0,0
2019-08-17,0,0,0
2019-08-17,0,0,0
2019-08-17,0,0,0
2019-08-17,0,0,0
2019-08-17,0,0,0
2019-08-17,0,0,0
2019-08-17,0,0,0
2019-08-17,0,0,0
2019-08-17,0,0,0
2019-08-17,0,0,0
2019-08-17,0,0,0
2019-08-17,0,0,0
2019-08-17,0,0,0
2019-08-17,0,0,0
2019-08-17,0,0,0
2019-08-17,0,0,0
2019-08-17,0,0,0
2019-08-17,0,0,0
2019-08-17,0,0,0
2019-08-18,0,0,0
2019-08-18,0,0,0
2019-08-18,0,0,0
2019-08-18,0,0,0
2019-08-18,0,0,0
2019-08-18,0,0,0
2019-08-18,0,0,0
2019-08-18,0,0,0
2019-08-18,0,0,0
2019-08-18,0,0,0
2019-08-18,0,0,0
2019-08-18,0,0,0
2019-08-18,0,0,0
2019-08-18,0,0,0
2019-08-18,0,0,0
2019-08-18,0,0,0
2019-08-18,0,0,0
2019-08-18,0,0,0
2019-08-18,0,0,0
2019-08-18,0,0,0
2019-08-18,0,0,0
2019-08-18,0,0,0
2019-08-18,0,0,0
2019-08-18,0,0,0
2019-08-19,0,0,0
2019-08-19,0,0,0
2019-08-19,0,0,0
2019-08-19,0,0,0
2019-08-19,0,0,0
2019-08-19,0,0,0
2019-08-19,0,0,0
2019-08-19,0,0,0
2019-08-19,0,0,0
2019-08-19,0,0,0
2019-08-19,0,0,0
2019-08-19,0,0,0
2019-08-19,0,0,0
2019-08-19,0,0,0
2019-08-19,0,0,0
2019-08-19,0,0,0
2019-08-19,0,0,0
2019-08-19,0,0,0
2019-08-19,0,0,0
2019-08-19,0,0,0
2019-08-19,0,0,0
2019-08-19,0,0,0
2019-08-19,0,0,0
2019-08-19,0,0,0
2019-08-20,0,0,0
2019-08-20,0,0,0
2019-08-20,0,0,0
2019-08-20,0,0,0
2019-08-20,0,0,0
2019-08-20,0,0,0
2019-08-20,0,0,0
2019-08-20,0,0,0
2019-08-20,0,0,0
2019-08-20,0,0,0
2019-08-20,0,0,0
2019-08-20,0,0,0
2019-08-20,0,0,0
2019-08-20,0,0,0
2019-08-20,0,0,0
2019-08-20,0,0,0
2019-08-20,0,0,0
2019-08-20,0,0,0
2019-08-20,0,0,0
2019-08-20,0,0,0
2019-08-20,0,0,0
2019-08-20,0,0,0
2019-08-20,0,0,0
2019-08-20,0,0,0
2019-08-21,0,0,0
2019-08-21,0,0,0
2019-08-21,0,0,0
2019-08-21,0,0,0
2019-08-21,0,0,0
2019-08-21,0,0,0
2019-08-21,0,0,0
2019-08-21,0,0,0
2019-08-21,0,0,0
2019-08-21,0,0,0
2019-08-21,0,0,0
2019-08-21,0,0,0
2019-08-21,0,0,0
2019-08-21,0,0,0
2019-08-21,0,0,0
2019-08-21,0,0,0
2019-08-21,0,0,0
2019-08-21,0,0,0
2019-08-21,0,0,0
2019-08-21,0,0,0
2019-08-21,0,0,0
2019-08-21,0,0,0
2019-08-21,0,0,0
2019-08-21,0,0,0
2019-08-22,0,0,0
2019-08-22,0,0,0
2019-08-22,0,0,0
2019-08-22,0,0,0
2019-08-22,0,0,0
2019-08-22,0,0,0
2019-08-22,0,0,0
2019-08-22,0,0,0
2019-08-22,0,0,0
2019-08-22,0,0,0
2019-08-22,0,0,0
2019-08-22,0,0,0
2019-08-22,0,0,0
2019-08-22,0,0,0
2019-08-22,0,0,0
2019-08-22,0,0,0
2019-08-22,0,0,0
2019-08-22,0,0,0
2019-08-22,0,0,0
2019-08-22,0,0,0
2019-08-22,0,0,0
2019-08-22,0,0,0
2019-08-22,0,0,0
2019-08-22,0,0,0
2019-08-23,0,0,0
2019-08-23,0,0,0
2019-08-23,0,0,0
2019-08-23,0,0,0
2019-08-23,0,0,0
2019-08-23,0,0,0
2019-08-23,0,0,0
2019-08-23,0,0,0
2019-08-23,0,0,0
2019-08-23,0,0,0
2019-08-23,0,0,0
2019-08-23,0,0,0
2019-08-23,0,0,0
2019-08-23,0,0,0
2019-08-23,0,0,0
2019-08-23,0,0,0
2019-08-23,0,0,0
2019-08-23,0,0,0
2019-08-23,0,0,0
2019-08-23,0,0,0
2019-08-23,0,0,0
2019-08-23,0,0,0
2019-08-23,0,0,0
2019-08-23,0,0,0
2019-08-24,0,0,0
2019-08-24,0,0,0
2019-08-24,0,0,0
2019-08-24,0,0,0
2019-08-24,0,0,0
2019-08-24,0,0,0
2019-08-24,0,0,0
2019-08-24,0,0,0
2019-08-24,0,0,0
2019-08-24,0,0,0
2019-08-24,0,0,0
2019-08-24,0,0,0
2019-08-24,0,0,0
2019-08-24,0,0,0
2019-08-24,0,0,0
2019-08-24,0,0,0
2019-08-24,0,0,0
2019-08-24,0,0,0
2019-08-24,0,0,0
2019-08-24,0,0,0
2019-08-24,0,0,0
2019-08-24,0,0,0
2019-08-24,0,0,0
2019-08-24,0,0,0
2019-08-25,0,0,0
2019-08-25,0,0,0
2019-08-25,0,0,0
2019-08-25,0,0,0
2019-08-25,0,0,0
2019-08-25,0,0,0
2019-08-25,0,0,0
2019-08-25,0,0,0
2019-08-25,0,0,0
2019-08-25,0,0,0
2019-08-25,0,0,0
2019-08-25,0,0,0
2019-08-25,0,0,0
2019-08-25,0,0,0
2019-08-25,0,0,0
2019-08-25,0,0,0
2019-08-25,0,0,0
2019-08-25,0,0,0
2019-08-25,0,0,0
2019-08-25,0,0,0
2019-08-25,0,0,0
2019-08-25,0,0,0
2019-08-25,0,0,0
2019-08-25,0,0,0
2019-08-26,0,0,0
2019-08-26,0,0,0
2019-08-26,0,0,0
2019-08-26,0,0,0
2019-08-26,0,0,0
2019-08-26,0,0,0
2019-08-26,0,0,0
2019-08-26,0,0,0
2019-08-26,0,0,0
2019-08-26,0,0,0
2019-08-26,0,0,0
2019-08-26,0,0,0
2019-08-26,0,0,0
2019-08-26,0,0,0
2019-08-26,0,0,0
2019-08-26,0,0,0
2019-08-26,0,0,0
2019-08-26,0,0,0
2019-08-26,0,0,0
2019-08-26,0,0,0
2019-08-26,0,0,0
2019-08-26,0,0,0
2019-08-26,0,0,0
2019-08-26,0,0,0
2019-08-27,0,0,0
2019-08-27,0,0,0
2019-08-27,0,0,0
2019-08-27,0,0,0
2019-08-27,0,0,0
2019-08-27,0,0,0
2019-08-27,0,0,0
2019-08-27,0,0,0
2019-08-27,0,0,0
2019-08-27,0,0,0
2019-08-27,0,0,0
2019-08-27,0,0,0
2019-08-27,0,0,0
2019-08-27,0,0,0
2019-08-27,0,0,0
2019-08-27,0,0,0
2019-08-27,0,0,0
2019-08-27,0,0,0
2019-08-27,0,0,0
2019-08-27,0,0,0
2019-08-27,0,0,0
2019-08-27,0,0,0
2019-08-27,0,0,0
2019-08-27,0,0,0
2019-08-28,0,0,0
2019-08-28,0,0,0
2019-08-28,0,0,0
2019-08-28,0,0,0
2019-08-28,0,0,0
2019-08-28,0,0,0
2019-08-28,0,0,0
2019-08-28,0,0,0
2019-08-28,0,0,0
2019-08-28,0,0,0
2019-08-28,0,0,0
2019-08-28,0,0,0
2019-08-28,0,0,0
2019-08-28,0,0,0
2019-08-28,0,0,0
2019-08-28,0,0,0
2019-08-28,0,0,0
2019-08-28,0,0,0
2019-08-28,0,0,0
2019-08-28,0,0,0
2019-08-28,0,0,0
2019-08-28,0,0,0
2019-08-28,0,0,0
2019-08-28,0,0,0
2019-08-29,0,0,0
2019-08-29,0,0,0
2019-08-29,0,0,0
2019-08-29,0,0,0
2019-08-29,0,0,0
2019-08-29,0,0,0
2019-08-29,0,0,0
2019-08-29,0,0,0
2019-08-29,0,0,0
2019-08-29,0,0,0
2019-08-29,0,0,0
2019-08-29,0,0,0
2019-08-29,0,0,0
2019-08-29,0,0,0
2019-08-29,0,0,0
2019-08-29,0,0,0
2019-08-29,0,0,0
2019-08-29,0,0,0
2019-08-29,0,0,0
2019-08-29,0,0,0
2019-08-29,0,0,0
2019-08-29,0,0,0
2019-08-29,0,0,0
2019-08-29,0,0,0
2019-08-30,0,0,0
2019-08-30,0,0,0
2019-08-30,0,0,0
2019-08-30,0,0,0
2019-08-30,0,0,0
2019-08-30,0,0,0
2019-08-30,0,0,0
2019-08-30,0,0,0
2019-08-30,0,0,0
2019-08-30,0,0,0
2019-08-30,0,0,0
2019-08-30,0,0,0
2019-08-30,0,0,0
2019-08-30,0,0,0
2019-08-30,0,0,0
2019-08-30,0,0,0
2019-08-30,0,0,0
2019-08-30,0,0,0
2019-08-30,0,0,0
2019-08-30,0,0,0
2019-08-30,0,0,0
2019-08-30,0,0,0
2019-08-30,0,0,0
2019-08-30,0,0,0
2019-08-31,0,0,0
2019-08-31,0,0,0
2019-08-31,0,0,0
2019-08-31,0,0,0
2019-08-31,0,0,0
2019-08-31,0,0,0
2019-08-31,0,0,0
2019-08-31,0,0,0
2019-08-31,0,0,0
2019-08-31,0,0,0
2019-08-31,0,0,0
2019-08-31,0,0,0
2019-08-31,0,0,0
2019-08-31,0,0,0
2019-08-31,0,0,0
2019-08-31,0,0,0
2019-08-31,0,0,0
2019-08-31,0,0,0
2019-08-31,0,0,0
2019-08-31,0,0,0
2019-08-31,0,0,0
2019-08-31,0,0,0
2019-08-31,0,0,0
2019-08-31,0,0,0
2019-09-01,0,0,0
2019-09-01,0,0,0
2019-09-01,0,0,0
2019-09-01,0,0,0
2019-09-01,0,0,0
2019-09-01,0,0,0
2019-09-01,0,0,0
2019-09-01,0,0,0
2019-09-01,0,0,0
2019-09-01,0,0,0
2019-09-01,0,0,0
2019-09-01,0,0,0
2019-09-01,0,0,0
2019-09-01,0,0,0
2019-09-01,0,0,0
2019-09-01,0,0,0
2019-09-01,0,0,0
2019-09-01,0,0,0
2019-09-01,0,0,0
2019-09-01,0,0,0
2019-09-01,0,0,0
2019-09-01,0,0,0
2019-09-01,0,0,0
2019-09-01,0,0,0
2019-09-02,0,0,0
2019-09-02,0,0,0
2019-09-02,0,0,0
2019-09-02,0,0,0
2019-09-02,0,0,0
2019-09-02,0,0,0
2019-09-02,0,0,0
2019-09-02,0,0,0
2019-09-02,0,0,0
2019-09-02,0,0,0
2019-09-02,0,0,0
2019-09-02,0,0,0
2019-09-02,0,0,0
2019-09-02,0,0,0
2019-09-02,0,0,0
2019-09-02,0,0,0
2019-09-02,0,0,0
2019-09-02,0,0,0
2019-09-02,0,0,0
2019-09-02,0,0,0
2019-09-02,0,0,0
2019-09-02,0,0,0
2019-09-02,0,0,0
2019-09-02,0,0,0
2019-09-03,0,0,0
2019-09-03,0,0,0
2019-09-03,0,0,0
2019-09-03,0,0,0
2019-09-03,0,0,0
2019-09-03,0,0,0
2019-09-03,0,0,0
2019-09-03,0,0,0
2019-09-03,0,0,0
2019-09-03,0,0,0
2019-09-03,0,0,0
2019-09-03,0,0,0
2019-09-03,0,0,0
2019-09-03,0,0,0
2019-09-03,0,0,0
2019-09-03,0,0,0
2019-09-03,0,0,0
2019-09-03,0,0,0
2019-09-03,0,0,0
2019-09-03,0,0,0
2019-09-03,0,0,0
2019-09-03,0,0,0
2019-09-03,0,0,0
2019-09-03,0,0,0
2019-09-04,0,0,0
2019-09-04,0,0,0
2019-09-04,0,0,0
2019-09-04,0,0,0
2019-09-04,0,0,0
2019-09-04,0,0,0
2019-09-04,0,0,0
2019-09-04,0,0,0
2019-09-04,0,0,0
2019-09-04,0,0,0
2019-09-04,0,0,0
2019-09-04,0,0,0
2019-09-04,0,0,0
2019-09-04,30,18,12
2019-09-04,26,11,15
2019-09-04,43,16,27
2019-09-04,55,23,32
2019-09-04,131,68,63
2019-09-04,84,56,28
2019-09-04,54,34,20
2019-09-04,24,13,11
2019-09-04,19,12,7
2019-09-04,7,7,0
2019-09-04,8,5,3
2019-09-05,9,7,2
2019-09-05,1,0,1
2019-09-05,2,1,1
2019-09-05,1,0,1
2019-09-05,2,0,2
2019-09-05,4,0,4
2019-09-05,23,9,14
2019-09-05,65,25,40
2019-09-05,103,35,68
2019-09-05,56,13,43
2019-09-05,26,7,19
2019-09-05,18,7,11
2019-09-05,28,14,14
2019-09-05,35,17,18
2019-09-05,35,20,15
2019-09-05,46,18,28
2019-09-05,72,33,39
2019-09-05,112,64,48
2019-09-05,83,46,37
2019-09-05,46,29,17
2019-09-05,31,20,11
2019-09-05,21,16,5
2019-09-05,12,7,5
2019-09-05,13,7,6
2019-09-06,10,7,3
2019-09-06,3,2,1
2019-09-06,1,0,1
2019-09-06,1,0,1
2019-09-06,0,0,0
2019-09-06,6,3,3
2019-09-06,17,12,5
2019-09-06,51,12,39
2019-09-06,81,29,52
2019-09-06,53,12,41
2019-09-06,21,7,14
2019-09-06,19,5,14
2019-09-06,35,21,14
2019-09-06,31,18,13
2019-09-06,34,16,18
2019-09-06,55,26,29
2019-09-06,64,35,29
2019-09-06,98,68,30
2019-09-06,57,40,17
2019-09-06,39,24,15
2019-09-06,35,24,11
2019-09-06,21,15,6
2019-09-06,19,12,7
2019-09-06,8,4,4
2019-09-07,16,12,4
2019-09-07,5,3,2
2019-09-07,11,7,4
2019-09-07,3,3,0
2019-09-07,1,1,0
2019-09-07,3,0,3
2019-09-07,7,2,5
2019-09-07,9,2,7
2019-09-07,24,13,11
2019-09-07,21,12,9
2019-09-07,26,8,18
2019-09-07,36,9,27
2019-09-07,30,6,24
2019-09-07,43,18,25
2019-09-07,32,22,10
2019-09-07,32,12,20
2019-09-07,29,15,14
2019-09-07,21,12,9
2019-09-07,18,8,10
2019-09-07,18,13,5
2019-09-07,4,3,1
2019-09-07,8,6,2
2019-09-07,8,4,4
2019-09-07,4,2,2
2019-09-08,7,4,3
2019-09-08,9,6,3
2019-09-08,6,4,2
2019-09-08,5,3,2
2019-09-08,0,0,0
2019-09-08,1,1,0
2019-09-08,2,1,1
2019-09-08,6,2,4
2019-09-08,10,2,8
2019-09-08,7,3,4
2019-09-08,15,8,7
2019-09-08,22,10,12
2019-09-08,23,8,15
2019-09-08,24,12,12
2019-09-08,32,12,20
2019-09-08,12,7,5
2019-09-08,34,23,11
2019-09-08,34,19,15
2019-09-08,27,18,9
2019-09-08,15,7,8
2019-09-08,10,7,3
2019-09-08,9,4,5
2019-09-08,10,5,5
2019-09-08,8,5,3
2019-09-09,11,4,7
2019-09-09,3,3,0
2019-09-09,3,1,2
2019-09-09,1,1,0
2019-09-09,1,0,1
2019-09-09,2,1,1
2019-09-09,18,12,6
2019-09-09,42,15,27
2019-09-09,61,17,44
2019-09-09,58,11,47
2019-09-09,40,27,13
2019-09-09,15,7,8
2019-09-09,22,9,13
2019-09-09,13,8,5
2019-09-09,27,9,18
2019-09-09,39,17,22
2019-09-09,40,19,21
2019-09-09,77,44,33
2019-09-09,54,42,12
2019-09-09,26,18,8
2019-09-09,17,13,4
2019-09-09,6,1,5
2019-09-09,9,3,6
2019-09-09,6,3,3
2019-09-10,5,3,2
2019-09-10,1,1,0
2019-09-10,2,2,0
2019-09-10,0,0,0
2019-09-10,1,0,1
2019-09-10,4,3,1
2019-09-10,17,8,9
2019-09-10,33,8,25
2019-09-10,71,22,49
2019-09-10,53,14,39
2019-09-10,21,9,12
2019-09-10,21,7,14
2019-09-10,23,10,13
2019-09-10,22,12,10
2019-09-10,25,10,15
2019-09-10,40,18,22
2019-09-10,72,39,33
2019-09-10,107,64,43
2019-09-10,82,39,43
2019-09-10,51,29,22
2019-09-10,22,9,13
2019-09-10,9,8,1
2019-09-10,12,8,4
2019-09-10,10,7,3
2019-09-11,2,2,0
2019-09-11,6,3,3
2019-09-11,5,1,4
2019-09-11,3,1,2
2019-09-11,2,1,1
2019-09-11,7,4,3
2019-09-11,19,7,12
2019-09-11,50,16,34
2019-09-11,97,22,75
2019-09-11,60,24,36
2019-09-11,40,16,24
2019-09-11,18,7,11
2019-09-11,32,16,16
2019-09-11,30,15,15
2019-09-11,29,12,17
2019-09-11,40,20,20
2019-09-11,80,37,43
2019-09-11,119,75,44
2019-09-11,64,37,27
2019-09-11,52,30,22
2019-09-11,25,12,13
2019-09-11,19,12,7
2019-09-11,17,12,5
2019-09-11,13,12,1
2019-09-12,4,3,1
2019-09-12,3,2,1
2019-09-12,1,1,0
2019-09-12,1,1,0
2019-09-12,0,0,0
2019-09-12,5,2,3
2019-09-12,18,10,8
2019-09-12,54,17,37
2019-09-12,98,32,66
2019-09-12,59,18,41
2019-09-12,28,7,21
2019-09-12,24,9,15
2019-09-12,30,14,16
2019-09-12,27,14,13
2019-09-12,20,10,10
2019-09-12,40,17,23
2019-09-12,72,34,38
2019-09-12,127,79,48
2019-09-12,76,44,32
2019-09-12,41,23,18
2019-09-12,21,8,13
2019-09-12,11,7,4
2019-09-12,10,6,4
2019-09-12,4,3,1
2019-09-13,8,5,3
2019-09-13,3,3,0
2019-09-13,2,2,0
2019-09-13,1,1,0
2019-09-13,2,2,0
2019-09-13,7,4,3
2019-09-13,17,6,11
2019-09-13,43,12,31
2019-09-13,71,21,50
2019-09-13,59,15,44
2019-09-13,39,13,26
2019-09-13,23,6,17
2019-09-13,15,10,5
2019-09-13,13,11,2
2019-09-13,32,10,22
2019-09-13,52,27,25
2019-09-13,84,49,35
2019-09-13,98,61,37
2019-09-13,60,32,28
2019-09-13,33,13,20
2019-09-13,22,14,8
2019-09-13,5,3,2
2019-09-13,10,5,5
2019-09-13,1,1,0
2019-09-14,0,0,0
2019-09-14,0,0,0
2019-09-14,2,2,0
2019-09-14,0,0,0
2019-09-14,0,0,0
2019-09-14,0,0,0
2019-09-14,0,0,0
2019-09-14,0,0,0
2019-09-14,0,0,0
2019-09-14,0,0,0
2019-09-14,0,0,0
2019-09-14,0,0,0
2019-09-14,2,2,0
2019-09-14,0,0,0
2019-09-14,2,0,2
2019-09-14,0,0,0
2019-09-14,0,0,0
2019-09-14,0,0,0
2019-09-14,0,0,0
2019-09-14,0,0,0
2019-09-14,0,0,0
2019-09-14,0,0,0
2019-09-14,0,0,0
2019-09-14,0,0,0
2019-09-15,0,0,0
2019-09-15,0,0,0
2019-09-15,0,0,0
2019-09-15,0,0,0
2019-09-15,0,0,0
2019-09-15,0,0,0
2019-09-15,0,0,0
2019-09-15,0,0,0
2019-09-15,2,0,2
2019-09-15,0,0,0
2019-09-15,0,0,0
2019-09-15,0,0,0
2019-09-15,0,0,0
2019-09-15,0,0,0
2019-09-15,0,0,0
2019-09-15,0,0,0
2019-09-15,0,0,0
2019-09-15,0,0,0
2019-09-15,0,0,0
2019-09-15,0,0,0
2019-09-15,0,0,0
2019-09-15,0,0,0
2019-09-15,0,0,0
2019-09-15,0,0,0
2019-09-16,0,0,0
2019-09-16,0,0,0
2019-09-16,0,0,0
2019-09-16,0,0,0
2019-09-16,0,0,0
2019-09-16,0,0,0
2019-09-16,0,0,0
2019-09-16,0,0,0
2019-09-16,0,0,0
2019-09-16,0,0,0
2019-09-16,0,0,0
2019-09-16,0,0,0
2019-09-16,0,0,0
2019-09-16,0,0,0
2019-09-16,0,0,0
2019-09-16,0,0,0
2019-09-16,0,0,0
2019-09-16,0,0,0
2019-09-16,0,0,0
2019-09-16,0,0,0
2019-09-16,0,0,0
2019-09-16,0,0,0
2019-09-16,0,0,0
2019-09-16,0,0,0
2019-09-17,0,0,0
2019-09-17,0,0,0
2019-09-17,0,0,0
2019-09-17,0,0,0
2019-09-17,0,0,0
2019-09-17,0,0,0
2019-09-17,0,0,0
2019-09-17,0,0,0
2019-09-17,0,0,0
2019-09-17,0,0,0
2019-09-17,0,0,0
2019-09-17,0,0,0
2019-09-17,0,0,0
2019-09-17,0,0,0
2019-09-17,0,0,0
2019-09-17,0,0,0
2019-09-17,0,0,0
2019-09-17,0,0,0
2019-09-17,0,0,0
2019-09-17,0,0,0
2019-09-17,0,0,0
2019-09-17,0,0,0
2019-09-17,0,0,0
2019-09-17,0,0,0
2019-09-18,0,0,0
2019-09-18,0,0,0
2019-09-18,0,0,0
2019-09-18,0,0,0
2019-09-18,0,0,0
2019-09-18,0,0,0
2019-09-18,0,0,0
2019-09-18,0,0,0
2019-09-18,0,0,0
2019-09-18,0,0,0
2019-09-18,0,0,0
2019-09-18,0,0,0
2019-09-18,0,0,0
2019-09-18,0,0,0
2019-09-18,0,0,0
2019-09-18,0,0,0
2019-09-18,0,0,0
2019-09-18,0,0,0
2019-09-18,0,0,0
2019-09-18,0,0,0
2019-09-18,0,0,0
2019-09-18,0,0,0
2019-09-18,0,0,0
2019-09-18,0,0,0
2019-09-19,0,0,0
2019-09-19,0,0,0
2019-09-19,0,0,0
2019-09-19,0,0,0
2019-09-19,0,0,0
2019-09-19,0,0,0
2019-09-19,0,0,0
2019-09-19,0,0,0
2019-09-19,0,0,0
2019-09-19,0,0,0
2019-09-19,0,0,0
2019-09-19,0,0,0
2019-09-19,0,0,0
2019-09-19,0,0,0
2019-09-19,0,0,0
2019-09-19,0,0,0
2019-09-19,0,0,0
2019-09-19,0,0,0
2019-09-19,0,0,0
2019-09-19,0,0,0
2019-09-19,0,0,0
2019-09-19,0,0,0
2019-09-19,0,0,0
2019-09-19,0,0,0
2019-09-20,0,0,0
2019-09-20,0,0,0
2019-09-20,0,0,0
2019-09-20,0,0,0
2019-09-20,0,0,0
2019-09-20,0,0,0
2019-09-20,0,0,0
2019-09-20,0,0,0
2019-09-20,0,0,0
2019-09-20,0,0,0
2019-09-20,0,0,0
2019-09-20,0,0,0
2019-09-20,0,0,0
2019-09-20,0,0,0
2019-09-20,0,0,0
2019-09-20,0,0,0
2019-09-20,0,0,0
2019-09-20,0,0,0
2019-09-20,0,0,0
2019-09-20,0,0,0
2019-09-20,0,0,0
2019-09-20,0,0,0
2019-09-20,0,0,0
2019-09-20,0,0,0
2019-09-21,0,0,0
2019-09-21,0,0,0
2019-09-21,0,0,0
2019-09-21,0,0,0
2019-09-21,0,0,0
2019-09-21,0,0,0
2019-09-21,0,0,0
2019-09-21,0,0,0
2019-09-21,0,0,0
2019-09-21,0,0,0
2019-09-21,0,0,0
2019-09-21,0,0,0
2019-09-21,0,0,0
2019-09-21,0,0,0
2019-09-21,0,0,0
2019-09-21,0,0,0
2019-09-21,0,0,0
2019-09-21,0,0,0
2019-09-21,0,0,0
2019-09-21,0,0,0
2019-09-21,0,0,0
2019-09-21,0,0,0
2019-09-21,0,0,0
2019-09-21,0,0,0
2019-09-22,0,0,0
2019-09-22,0,0,0
2019-09-22,0,0,0
2019-09-22,0,0,0
2019-09-22,0,0,0
2019-09-22,0,0,0
2019-09-22,0,0,0
2019-09-22,0,0,0
2019-09-22,0,0,0
2019-09-22,0,0,0
2019-09-22,0,0,0
2019-09-22,0,0,0
2019-09-22,0,0,0
2019-09-22,0,0,0
2019-09-22,0,0,0
2019-09-22,0,0,0
2019-09-22,0,0,0
2019-09-22,0,0,0
2019-09-22,0,0,0
2019-09-22,0,0,0
2019-09-22,0,0,0
2019-09-22,0,0,0
2019-09-22,0,0,0
2019-09-22,0,0,0
2019-09-23,0,0,0
2019-09-23,0,0,0
2019-09-23,0,0,0
2019-09-23,0,0,0
2019-09-23,0,0,0
2019-09-23,0,0,0
2019-09-23,0,0,0
2019-09-23,0,0,0
2019-09-23,0,0,0
2019-09-23,0,0,0
2019-09-23,0,0,0
2019-09-23,0,0,0
2019-09-23,0,0,0
2019-09-23,0,0,0
2019-09-23,0,0,0
2019-09-23,0,0,0
2019-09-23,0,0,0
2019-09-23,0,0,0
2019-09-23,0,0,0
2019-09-23,0,0,0
2019-09-23,0,0,0
2019-09-23,0,0,0
2019-09-23,0,0,0
2019-09-23,0,0,0
2019-09-24,0,0,0
2019-09-24,0,0,0
2019-09-24,0,0,0
2019-09-24,0,0,0
2019-09-24,0,0,0
2019-09-24,0,0,0
2019-09-24,0,0,0
2019-09-24,0,0,0
2019-09-24,0,0,0
2019-09-24,0,0,0
2019-09-24,0,0,0
2019-09-24,0,0,0
2019-09-24,0,0,0
2019-09-24,0,0,0
2019-09-24,0,0,0
2019-09-24,0,0,0
2019-09-24,0,0,0
2019-09-24,0,0,0
2019-09-24,0,0,0
2019-09-24,0,0,0
2019-09-24,0,0,0
2019-09-24,0,0,0
2019-09-24,0,0,0
2019-09-24,0,0,0
2019-09-25,0,0,0
2019-09-25,0,0,0
2019-09-25,0,0,0
2019-09-25,0,0,0
2019-09-25,0,0,0
2019-09-25,0,0,0
2019-09-25,0,0,0
2019-09-25,0,0,0
2019-09-25,0,0,0
2019-09-25,0,0,0
2019-09-25,0,0,0
2019-09-25,0,0,0
2019-09-25,0,0,0
2019-09-25,0,0,0
2019-09-25,0,0,0
2019-09-25,0,0,0
2019-09-25,0,0,0
2019-09-25,0,0,0
2019-09-25,0,0,0
2019-09-25,0,0,0
2019-09-25,0,0,0
2019-09-25,0,0,0
2019-09-25,0,0,0
2019-09-25,0,0,0
2019-09-26,0,0,0
2019-09-26,0,0,0
2019-09-26,0,0,0
2019-09-26,0,0,0
2019-09-26,0,0,0
2019-09-26,0,0,0
2019-09-26,0,0,0
2019-09-26,0,0,0
2019-09-26,0,0,0
2019-09-26,0,0,0
2019-09-26,0,0,0
2019-09-26,0,0,0
2019-09-26,0,0,0
2019-09-26,0,0,0
2019-09-26,0,0,0
2019-09-26,0,0,0
2019-09-26,0,0,0
2019-09-26,0,0,0
2019-09-26,0,0,0
2019-09-26,0,0,0
2019-09-26,0,0,0
2019-09-26,0,0,0
2019-09-26,0,0,0
2019-09-26,0,0,0
2019-09-27,0,0,0
2019-09-27,0,0,0
2019-09-27,0,0,0
2019-09-27,0,0,0
2019-09-27,0,0,0
2019-09-27,0,0,0
2019-09-27,0,0,0
2019-09-27,0,0,0
2019-09-27,0,0,0
2019-09-27,0,0,0
2019-09-27,0,0,0
2019-09-27,0,0,0
2019-09-27,0,0,0
2019-09-27,0,0,0
2019-09-27,0,0,0
2019-09-27,0,0,0
2019-09-27,0,0,0
2019-09-27,0,0,0
2019-09-27,0,0,0
2019-09-27,0,0,0
2019-09-27,0,0,0
2019-09-27,0,0,0
2019-09-27,0,0,0
2019-09-27,0,0,0
2019-09-28,0,0,0
2019-09-28,0,0,0
2019-09-28,0,0,0
2019-09-28,0,0,0
2019-09-28,0,0,0
2019-09-28,0,0,0
2019-09-28,0,0,0
2019-09-28,0,0,0
2019-09-28,0,0,0
2019-09-28,0,0,0
2019-09-28,0,0,0
2019-09-28,0,0,0
2019-09-28,0,0,0
2019-09-28,0,0,0
2019-09-28,0,0,0
2019-09-28,0,0,0
2019-09-28,0,0,0
2019-09-28,0,0,0
2019-09-28,0,0,0
2019-09-28,0,0,0
2019-09-28,0,0,0
2019-09-28,0,0,0
2019-09-28,0,0,0
2019-09-28,0,0,0
2019-09-29,0,0,0
2019-09-29,0,0,0
2019-09-29,0,0,0
2019-09-29,0,0,0
2019-09-29,0,0,0
2019-09-29,0,0,0
2019-09-29,0,0,0
2019-09-29,0,0,0
2019-09-29,0,0,0
2019-09-29,0,0,0
2019-09-29,0,0,0
2019-09-29,0,0,0
2019-09-29,0,0,0
2019-09-29,0,0,0
2019-09-29,0,0,0
2019-09-29,0,0,0
2019-09-29,0,0,0
2019-09-29,0,0,0
2019-09-29,0,0,0
2019-09-29,0,0,0
2019-09-29,0,0,0
2019-09-29,0,0,0
2019-09-29,0,0,0
2019-09-29,0,0,0
2019-09-30,0,0,0
2019-09-30,0,0,0
2019-09-30,0,0,0
2019-09-30,0,0,0
2019-09-30,0,0,0
2019-09-30,0,0,0
2019-09-30,0,0,0
2019-09-30,0,0,0
2019-09-30,0,0,0
2019-09-30,0,0,0
2019-09-30,0,0,0
2019-09-30,0,0,0
2019-09-30,0,0,0
2019-09-30,0,0,0
2019-09-30,0,0,0
2019-09-30,1,0,1
2019-09-30,0,0,0
2019-09-30,0,0,0
2019-09-30,0,0,0
2019-09-30,0,0,0
2019-09-30,0,0,0
2019-09-30,0,0,0
2019-09-30,0,0,0
2019-09-30,0,0,0
2019-10-01,0,0,0
2019-10-01,0,0,0
2019-10-01,0,0,0
2019-10-01,0,0,0
2019-10-01,0,0,0
2019-10-01,0,0,0
2019-10-01,0,0,0
2019-10-01,0,0,0
2019-10-01,0,0,0
2019-10-01,0,0,0
2019-10-01,0,0,0
2019-10-01,1,0,1
2019-10-01,0,0,0
2019-10-01,0,0,0
2019-10-01,0,0,0
2019-10-01,0,0,0
2019-10-01,0,0,0
2019-10-01,0,0,0
2019-10-01,0,0,0
2019-10-01,0,0,0
2019-10-01,0,0,0
2019-10-01,0,0,0
2019-10-01,0,0,0
2019-10-01,0,0,0
2019-10-02,0,0,0
2019-10-02,0,0,0
2019-10-02,0,0,0
2019-10-02,0,0,0
2019-10-02,0,0,0
2019-10-02,0,0,0
2019-10-02,0,0,0
2019-10-02,0,0,0
2019-10-02,0,0,0
2019-10-02,0,0,0
2019-10-02,0,0,0
2019-10-02,0,0,0
2019-10-02,23,10,13
2019-10-02,31,20,11
2019-10-02,31,13,18
2019-10-02,48,24,24
2019-10-02,59,24,35
2019-10-02,110,56,54
2019-10-02,69,51,18
2019-10-02,38,23,15
2019-10-02,14,8,6
2019-10-02,11,8,3
2019-10-02,11,5,6
2019-10-02,6,2,4
2019-10-03,2,2,0
2019-10-03,10,8,2
2019-10-03,1,0,1
2019-10-03,2,1,1
2019-10-03,0,0,0
2019-10-03,3,1,2
2019-10-03,19,8,11
2019-10-03,46,17,29
2019-10-03,80,24,56
2019-10-03,53,14,39
2019-10-03,13,4,9
2019-10-03,19,7,12
2019-10-03,24,11,13
2019-10-03,20,9,11
2019-10-03,37,17,20
2019-10-03,43,15,28
2019-10-03,79,33,46
2019-10-03,112,56,56
2019-10-03,69,47,22
2019-10-03,20,8,12
2019-10-03,22,14,8
2019-10-03,51,36,15
2019-10-03,26,17,9
2019-10-03,12,12,0
2019-10-04,2,2,0
2019-10-04,7,6,1
2019-10-04,3,2,1
2019-10-04,0,0,0
2019-10-04,0,0,0
2019-10-04,5,2,3
2019-10-04,17,8,9
2019-10-04,40,14,26
2019-10-04,64,25,39
2019-10-04,46,12,34
2019-10-04,28,7,21
2019-10-04,22,9,13
2019-10-04,26,14,12
2019-10-04,18,10,8
2019-10-04,30,18,12
2019-10-04,35,14,21
2019-10-04,67,38,29
2019-10-04,86,58,28
2019-10-04,46,22,24
2019-10-04,27,19,8
2019-10-04,24,15,9
2019-10-04,19,10,9
2019-10-04,13,7,6
2019-10-04,7,4,3
2019-10-05,6,5,1
2019-10-05,18,7,11
2019-10-05,6,6,0
2019-10-05,2,0,2
2019-10-05,3,2,1
2019-10-05,0,0,0
2019-10-05,4,1,3
2019-10-05,5,1,4
2019-10-05,3,2,1
2019-10-05,11,2,9
2019-10-05,19,6,13
2019-10-05,25,11,14
2019-10-05,36,21,15
2019-10-05,34,20,14
2019-10-05,61,29,32
2019-10-05,36,13,23
2019-10-05,46,33,13
2019-10-05,28,18,10
2019-10-05,36,14,22
2019-10-05,25,8,17
2019-10-05,15,5,10
2019-10-05,14,9,5
2019-10-05,13,5,8
2019-10-05,15,11,4
2019-10-06,12,9,3
2019-10-06,11,7,4
2019-10-06,8,6,2
2019-10-06,2,0,2
2019-10-06,1,1,0
2019-10-06,0,0,0
2019-10-06,4,3,1
2019-10-06,3,1,2
2019-10-06,4,1,3
2019-10-06,7,3,4
2019-10-06,26,14,12
2019-10-06,36,14,22
2019-10-06,38,8,30
2019-10-06,29,17,12
2019-10-06,31,17,14
2019-10-06,54,17,37
2019-10-06,40,17,23
2019-10-06,30,17,13
2019-10-06,35,18,17
2019-10-06,26,13,13
2019-10-06,17,11,6
2019-10-06,11,8,3
2019-10-06,6,3,3
2019-10-06,3,1,2
2019-10-07,2,1,1
2019-10-07,0,0,0
2019-10-07,1,0,1
2019-10-07,1,1,0
2019-10-07,2,0,2
2019-10-07,1,1,0
2019-10-07,24,12,12
2019-10-07,45,12,33
2019-10-07,67,20,47
2019-10-07,52,12,40
2019-10-07,20,11,9
2019-10-07,19,11,8
2019-10-07,17,4,13
2019-10-07,18,11,7
2019-10-07,27,13,14
2019-10-07,35,15,20
2019-10-07,56,29,27
2019-10-07,83,52,31
2019-10-07,46,30,16
2019-10-07,34,25,9
2019-10-07,19,9,10
2019-10-07,12,6,6
2019-10-07,11,8,3
2019-10-07,7,3,4
2019-10-08,4,3,1
2019-10-08,3,2,1
2019-10-08,1,0,1
2019-10-08,2,2,0
2019-10-08,1,1,0
2019-10-08,6,2,4
2019-10-08,22,10,12
2019-10-08,38,12,26
2019-10-08,74,21,53
2019-10-08,55,15,40
2019-10-08,31,11,20
2019-10-08,14,5,9
2019-10-08,6,4,2
2019-10-08,10,3,7
2019-10-08,16,6,10
2019-10-08,23,7,16
2019-10-08,45,22,23
2019-10-08,98,56,42
2019-10-08,31,21,10
2019-10-08,17,11,6
2019-10-08,21,16,5
2019-10-08,8,3,5
2019-10-08,8,5,3
2019-10-08,4,4,0
2019-10-09,8,5,3
2019-10-09,2,0,2
2019-10-09,0,0,0
2019-10-09,1,1,0
2019-10-09,1,1,0
2019-10-09,4,0,4
2019-10-09,26,9,17
2019-10-09,41,15,26
2019-10-09,78,31,47
2019-10-09,48,11,37
2019-10-09,21,5,16
2019-10-09,25,15,10
2019-10-09,22,10,12
2019-10-09,22,13,9
2019-10-09,27,8,19
2019-10-09,51,19,32
2019-10-09,62,31,31
2019-10-09,89,52,37
2019-10-09,66,46,20
2019-10-09,28,18,10
2019-10-09,15,7,8
2019-10-09,8,6,2
2019-10-09,13,7,6
2019-10-09,3,2,1
2019-10-10,3,2,1
2019-10-10,1,1,0
2019-10-10,2,2,0
2019-10-10,2,2,0
2019-10-10,1,0,1
2019-10-10,4,2,2
2019-10-10,21,11,10
2019-10-10,57,20,37
2019-10-10,59,16,43
2019-10-10,61,20,41
2019-10-10,19,7,12
2019-10-10,17,9,8
2019-10-10,25,11,14
2019-10-10,23,13,10
2019-10-10,14,5,9
2019-10-10,34,10,24
2019-10-10,60,35,25
2019-10-10,94,61,33
2019-10-10,59,38,21
2019-10-10,35,20,15
2019-10-10,23,17,6
2019-10-10,21,8,13
2019-10-10,11,7,4
2019-10-10,10,9,1
2019-10-11,5,1,4
2019-10-11,7,4,3
2019-10-11,3,3,0
2019-10-11,1,1,0
2019-10-11,0,0,0
2019-10-11,2,0,2
2019-10-11,15,8,7
2019-10-11,35,12,23
2019-10-11,74,24,50
2019-10-11,51,14,37
2019-10-11,30,10,20
2019-10-11,27,14,13
2019-10-11,19,9,10
2019-10-11,22,12,10
2019-10-11,36,22,14
2019-10-11,44,24,20
2019-10-11,70,31,39
2019-10-11,96,56,40
2019-10-11,59,38,21
2019-10-11,29,18,11
2019-10-11,21,15,6
2019-10-11,26,14,12
2019-10-11,21,10,11
2019-10-11,16,11,5
2019-10-12,10,3,7
2019-10-12,6,6,0
2019-10-12,1,1,0
2019-10-12,3,2,1
2019-10-12,1,1,0
2019-10-12,0,0,0
2019-10-12,3,1,2
2019-10-12,3,2,1
2019-10-12,10,5,5
2019-10-12,18,6,12
2019-10-12,11,2,9
2019-10-12,19,11,8
2019-10-12,29,17,12
2019-10-12,32,14,18
2019-10-12,34,14,20
2019-10-12,45,21,24
2019-10-12,37,18,19
2019-10-12,24,13,11
2019-10-12,21,12,9
2019-10-12,23,10,13
2019-10-12,20,10,10
2019-10-12,11,7,4
2019-10-12,15,11,4
2019-10-12,5,2,3
2019-10-13,5,3,2
2019-10-13,8,6,2
2019-10-13,4,2,2
2019-10-13,0,0,0
2019-10-13,0,0,0
2019-10-13,3,2,1
2019-10-13,4,3,1
2019-10-13,4,1,3
2019-10-13,16,6,10
2019-10-13,15,4,11
2019-10-13,18,4,14
2019-10-13,20,10,10
2019-10-13,24,9,15
2019-10-13,31,18,13
2019-10-13,25,11,14
2019-10-13,35,18,17
2019-10-13,29,16,13
2019-10-13,28,11,17
2019-10-13,25,15,10
2019-10-13,14,6,8
2019-10-13,16,8,8
2019-10-13,11,5,6
2019-10-13,12,7,5
2019-10-13,6,4,2
2019-10-14,3,3,0
2019-10-14,4,3,1
2019-10-14,1,1,0
2019-10-14,1,1,0
2019-10-14,1,0,1
2019-10-14,0,0,0
2019-10-14,16,9,7
2019-10-14,49,16,33
2019-10-14,68,18,50
2019-10-14,55,18,37
2019-10-14,23,12,11
2019-10-14,34,14,20
2019-10-14,25,11,14
2019-10-14,26,12,14
2019-10-14,20,12,8
2019-10-14,44,20,24
2019-10-14,75,37,38
2019-10-14,113,73,40
2019-10-14,50,31,19
2019-10-14,33,27,6
2019-10-14,19,9,10
2019-10-14,18,9,9
2019-10-14,14,7,7
2019-10-14,4,2,2
2019-10-15,1,0,1
2019-10-15,7,5,2
2019-10-15,1,1,0
2019-10-15,0,0,0
2019-10-15,1,0,1
2019-10-15,4,3,1
2019-10-15,27,11,16
2019-10-15,50,13,37
2019-10-15,67,18,49
2019-10-15,53,17,36
2019-10-15,16,7,9
2019-10-15,21,10,11
2019-10-15,18,7,11
2019-10-15,22,11,11
2019-10-15,31,15,16
2019-10-15,45,17,28
2019-10-15,65,35,30
2019-10-15,111,64,47
2019-10-15,51,34,17
2019-10-15,33,20,13
2019-10-15,19,10,9
2019-10-15,18,7,11
2019-10-15,6,3,3
2019-10-15,8,5,3
2019-10-16,2,1,1
2019-10-16,2,2,0
2019-10-16,1,1,0
2019-10-16,2,2,0
2019-10-16,1,1,0
2019-10-16,1,0,1
2019-10-16,17,7,10
2019-10-16,35,11,24
2019-10-16,56,15,41
2019-10-16,37,12,25
2019-10-16,17,4,13
2019-10-16,15,7,8
2019-10-16,17,4,13
2019-10-16,23,13,10
2019-10-16,21,9,12
2019-10-16,34,16,18
2019-10-16,66,28,38
2019-10-16,68,34,34
2019-10-16,27,15,12
2019-10-16,20,18,2
2019-10-16,9,4,5
2019-10-16,6,6,0
2019-10-16,15,12,3
2019-10-16,4,3,1
2019-10-17,2,0,2
2019-10-17,0,0,0
2019-10-17,2,2,0
2019-10-17,2,1,1
2019-10-17,2,0,2
2019-10-17,5,1,4
2019-10-17,16,7,9
2019-10-17,21,6,15
2019-10-17,51,20,31
2019-10-17,32,6,26
2019-10-17,14,5,9
2019-10-17,12,6,6
2019-10-17,14,9,5
2019-10-17,21,8,13
2019-10-17,29,10,19
2019-10-17,26,11,15
2019-10-17,34,17,17
2019-10-17,74,48,26
2019-10-17,38,25,13
2019-10-17,22,10,12
2019-10-17,21,12,9
2019-10-17,9,3,6
2019-10-17,14,8,6
2019-10-17,5,4,1
2019-10-18,2,2,0
2019-10-18,3,2,1
2019-10-18,4,4,0
2019-10-18,2,1,1
2019-10-18,2,0,2
2019-10-18,2,0,2
2019-10-18,9,5,4
2019-10-18,28,12,16
2019-10-18,58,24,34
2019-10-18,32,4,28
2019-10-18,18,7,11
2019-10-18,16,6,10
2019-10-18,23,10,13
2019-10-18,18,7,11
2019-10-18,18,5,13
2019-10-18,37,17,20
2019-10-18,49,24,25
2019-10-18,43,29,14
2019-10-18,18,13,5
2019-10-18,22,11,11
2019-10-18,20,13,7
2019-10-18,13,2,11
2019-10-18,5,2,3
2019-10-18,9,3,6
2019-10-19,1,0,1
2019-10-19,4,4,0
2019-10-19,3,1,2
2019-10-19,3,3,0
2019-10-19,0,0,0
2019-10-19,3,1,2
2019-10-19,3,1,2
2019-10-19,1,1,0
2019-10-19,6,2,4
2019-10-19,6,2,4
2019-10-19,14,3,11
2019-10-19,9,4,5
2019-10-19,8,0,8
2019-10-19,11,0,11
2019-10-19,19,4,15
2019-10-19,9,1,8
2019-10-19,9,3,6
2019-10-19,23,4,19
2019-10-19,11,0,11
2019-10-19,10,1,9
2019-10-19,8,2,6
2019-10-19,10,6,4
2019-10-19,4,0,4
2019-10-19,6,3,3
2019-10-20,6,0,6
2019-10-20,5,1,4
2019-10-20,4,2,2
2019-10-20,1,1,0
2019-10-20,0,0,0
2019-10-20,1,0,1
2019-10-20,3,0,3
2019-10-20,4,4,0
2019-10-20,5,0,5
2019-10-20,3,0,3
2019-10-20,5,2,3
2019-10-20,20,1,19
2019-10-20,10,1,9
2019-10-20,10,2,8
2019-10-20,8,1,7
2019-10-20,9,1,8
2019-10-20,14,3,11
2019-10-20,14,6,8
2019-10-20,12,7,5
2019-10-20,6,1,5
2019-10-20,4,0,4
2019-10-20,6,0,6
2019-10-20,3,0,3
2019-10-20,0,0,0
2019-10-21,2,1,1
2019-10-21,0,0,0
2019-10-21,0,0,0
2019-10-21,0,0,0
2019-10-21,1,0,1
2019-10-21,0,0,0
2019-10-21,13,6,7
2019-10-21,29,6,23
2019-10-21,47,9,38
2019-10-21,24,3,21
2019-10-21,8,4,4
2019-10-21,7,2,5
2019-10-21,16,5,11
2019-10-21,10,2,8
2019-10-21,15,5,10
2019-10-21,16,5,11
2019-10-21,22,3,19
2019-10-21,47,21,26
2019-10-21,11,3,8
2019-10-21,7,0,7
2019-10-21,5,1,4
2019-10-21,1,0,1
2019-10-21,3,0,3
2019-10-21,0,0,0
2019-10-22,1,0,1
2019-10-22,0,0,0
2019-10-22,0,0,0
2019-10-22,2,1,1
2019-10-22,1,0,1
2019-10-22,4,0,4
2019-10-22,11,3,8
2019-10-22,28,3,25
2019-10-22,41,7,34
2019-10-22,38,6,32
2019-10-22,17,4,13
2019-10-22,7,1,6
2019-10-22,13,5,8
2019-10-22,15,4,11
2019-10-22,7,1,6
2019-10-22,21,4,17
2019-10-22,34,14,20
2019-10-22,57,17,40
2019-10-22,14,5,9
2019-10-22,15,9,6
2019-10-22,9,2,7
2019-10-22,2,0,2
2019-10-22,6,2,4
2019-10-22,1,1,0
2019-10-23,2,0,2
2019-10-23,2,1,1
2019-10-23,0,0,0
2019-10-23,1,0,1
2019-10-23,0,0,0
2019-10-23,5,1,4
2019-10-23,14,3,11
2019-10-23,26,7,19
2019-10-23,63,20,43
2019-10-23,34,11,23
2019-10-23,13,4,9
2019-10-23,18,3,15
2019-10-23,19,4,15
2019-10-23,19,9,10
2019-10-23,20,8,12
2019-10-23,25,5,20
2019-10-23,41,12,29
2019-10-23,96,40,56
2019-10-23,36,15,21
2019-10-23,17,3,14
2019-10-23,11,3,8
2019-10-23,11,9,2
2019-10-23,9,5,4
2019-10-23,7,2,5
2019-10-24,3,2,1
2019-10-24,1,1,0
2019-10-24,1,1,0
2019-10-24,0,0,0
2019-10-24,1,0,1
2019-10-24,3,2,1
2019-10-24,11,4,7
2019-10-24,30,7,23
2019-10-24,56,13,43
2019-10-24,49,8,41
2019-10-24,18,2,16
2019-10-24,18,4,14
2019-10-24,20,5,15
2019-10-24,11,3,8
2019-10-24,19,5,14
2019-10-24,30,9,21
2019-10-24,25,6,19
2019-10-24,55,18,37
2019-10-24,42,18,24
2019-10-24,23,6,17
2019-10-24,16,5,11
2019-10-24,7,2,5
2019-10-24,11,7,4
2019-10-24,6,3,3
2019-10-25,1,0,1
2019-10-25,3,2,1
2019-10-25,0,0,0
2019-10-25,2,0,2
2019-10-25,1,0,1
2019-10-25,0,0,0
2019-10-25,9,3,6
2019-10-25,20,3,17
2019-10-25,50,5,45
2019-10-25,21,4,17
2019-10-25,16,3,13
2019-10-25,14,2,12
2019-10-25,10,3,7
2019-10-25,7,1,6
2019-10-25,8,2,6
2019-10-25,24,6,18
2019-10-25,36,9,27
2019-10-25,35,17,18
2019-10-25,21,10,11
2019-10-25,13,4,9
2019-10-25,8,5,3
2019-10-25,11,2,9
2019-10-25,3,0,3
2019-10-25,4,2,2
2019-10-26,5,2,3
2019-10-26,3,1,2
2019-10-26,2,0,2
2019-10-26,0,0,0
2019-10-26,0,0,0
2019-10-26,2,0,2
2019-10-26,4,1,3
2019-10-26,1,1,0
2019-10-26,5,0,5
2019-10-26,7,3,4
2019-10-26,8,1,7
2019-10-26,10,4,6
2019-10-26,22,5,17
2019-10-26,19,6,13
2019-10-26,23,8,15
2019-10-26,38,12,26
2019-10-26,25,12,13
2019-10-26,17,9,8
2019-10-26,20,10,10
2019-10-26,9,5,4
2019-10-26,12,5,7
2019-10-26,6,2,4
2019-10-26,8,0,8
2019-10-26,4,0,4
2019-10-27,5,2,3
2019-10-27,4,0,4
2019-10-27,2,1,1
2019-10-27,1,0,1
2019-10-27,1,0,1
2019-10-27,1,1,0
2019-10-27,3,0,3
2019-10-27,0,0,0
2019-10-27,3,1,2
2019-10-27,3,1,2
2019-10-27,14,5,9
2019-10-27,16,4,12
2019-10-27,13,5,8
2019-10-27,19,4,15
2019-10-27,32,14,18
2019-10-27,18,7,11
2019-10-27,31,9,22
2019-10-27,15,3,12
2019-10-27,11,5,6
2019-10-27,8,4,4
2019-10-27,6,1,5
2019-10-27,1,0,1
2019-10-27,4,2,2
2019-10-27,1,1,0
2019-10-28,2,0,2
2019-10-28,0,0,0
2019-10-28,1,0,1
2019-10-28,0,0,0
2019-10-28,1,1,0
2019-10-28,4,1,3
2019-10-28,22,8,14
2019-10-28,31,6,25
2019-10-28,67,12,55
2019-10-28,33,5,28
2019-10-28,18,4,14
2019-10-28,13,4,9
2019-10-28,16,4,12
2019-10-28,13,3,10
2019-10-28,16,5,11
2019-10-28,29,10,19
2019-10-28,42,13,29
2019-10-28,70,42,28
2019-10-28,33,20,13
2019-10-28,15,7,8
2019-10-28,5,1,4
2019-10-28,6,2,4
2019-10-28,8,2,6
2019-10-28,4,2,2
2019-10-29,0,0,0
2019-10-29,1,1,0
2019-10-29,0,0,0
2019-10-29,0,0,0
2019-10-29,1,1,0
2019-10-29,6,1,5
2019-10-29,14,2,12
2019-10-29,28,6,22
2019-10-29,65,14,51
2019-10-29,44,9,35
2019-10-29,12,6,6
2019-10-29,17,2,15
2019-10-29,17,3,14
2019-10-29,14,6,8
2019-10-29,16,2,14
2019-10-29,17,3,14
2019-10-29,38,7,31
2019-10-29,44,14,30
2019-10-29,39,10,29
2019-10-29,12,4,8
2019-10-29,13,3,10
2019-10-29,5,1,4
2019-10-29,5,2,3
2019-10-29,2,0,2
2019-10-30,1,1,0
2019-10-30,0,0,0
2019-10-30,0,0,0
2019-10-30,0,0,0
2019-10-30,0,0,0
2019-10-30,4,1,3
2019-10-30,13,2,11
2019-10-30,29,2,27
2019-10-30,53,11,42
2019-10-30,33,9,24
2019-10-30,24,4,20
2019-10-30,18,6,12
2019-10-30,14,2,12
2019-10-30,17,5,12
2019-10-30,15,4,11
2019-10-30,22,6,16
2019-10-30,41,15,26
2019-10-30,62,35,27
2019-10-30,36,24,12
2019-10-30,15,8,7
2019-10-30,4,0,4
2019-10-30,6,3,3
2019-10-30,5,2,3
2019-10-30,0,0,0
2019-10-31,0,0,0
2019-10-31,0,0,0
2019-10-31,0,0,0
2019-10-31,0,0,0
2019-10-31,1,0,1
2019-10-31,1,1,0
2019-10-31,18,3,15
2019-10-31,31,2,29
2019-10-31,51,11,40
2019-10-31,30,5,25
2019-10-31,14,1,13
2019-10-31,16,7,9
2019-10-31,14,2,12
2019-10-31,19,5,14
2019-10-31,18,5,13
2019-10-31,24,8,16
2019-10-31,43,15,28
2019-10-31,44,19,25
2019-10-31,41,18,23
2019-10-31,16,3,13
2019-10-31,8,2,6
2019-10-31,10,4,6
2019-10-31,10,3,7
2019-10-31,1,0,1
2019-11-01,1,0,1
2019-11-01,1,0,1
2019-11-01,1,0,1
2019-11-01,0,0,0
2019-11-01,0,0,0
2019-11-01,3,0,3
2019-11-01,8,1,7
2019-11-01,27,6,21
2019-11-01,46,14,32
2019-11-01,36,5,31
2019-11-01,19,5,14
2019-11-01,8,1,7
2019-11-01,12,1,11
2019-11-01,14,3,11
2019-11-01,18,5,13
2019-11-01,28,11,17
2019-11-01,24,7,17
2019-11-01,71,30,41
2019-11-01,23,7,16
2019-11-01,15,6,9
2019-11-01,20,8,12
2019-11-01,11,2,9
2019-11-01,4,2,2
2019-11-01,3,3,0
2019-11-02,2,0,2
2019-11-02,3,1,2
2019-11-02,3,1,2
2019-11-02,2,1,1
2019-11-02,1,0,1
2019-11-02,1,0,1
2019-11-02,3,0,3
2019-11-02,1,0,1
2019-11-02,5,0,5
2019-11-02,7,2,5
2019-11-02,12,4,8
2019-11-02,11,3,8
2019-11-02,17,2,15
2019-11-02,27,10,17
2019-11-02,17,4,13
2019-11-02,32,6,26
2019-11-02,21,4,17
2019-11-02,31,7,24
2019-11-02,15,5,10
2019-11-02,8,2,6
2019-11-02,12,3,9
2019-11-02,7,2,5
2019-11-02,5,0,5
2019-11-02,5,1,4
2019-11-03,3,0,3
2019-11-03,5,1,4
2019-11-03,0,0,0
2019-11-03,0,0,0
2019-11-03,0,0,0
2019-11-03,1,0,1
2019-11-03,5,2,3
2019-11-03,1,0,1
2019-11-03,5,0,5
2019-11-03,14,1,13
2019-11-03,19,2,17
2019-11-03,31,4,27
2019-11-03,32,5,27
2019-11-03,22,9,13
2019-11-03,16,6,10
2019-11-03,16,5,11
2019-11-03,34,14,20
2019-11-03,23,13,10
2019-11-03,8,1,7
2019-11-03,6,3,3
2019-11-03,10,1,9
2019-11-03,3,0,3
2019-11-03,4,2,2
2019-11-03,5,3,2
2019-11-04,2,0,2
2019-11-04,0,0,0
2019-11-04,0,0,0
2019-11-04,0,0,0
2019-11-04,0,0,0
2019-11-04,2,0,2
2019-11-04,22,4,18
2019-11-04,28,8,20
2019-11-04,75,13,62
2019-11-04,37,3,34
2019-11-04,12,4,8
2019-11-04,8,6,2
2019-11-04,17,7,10
2019-11-04,13,2,11
2019-11-04,14,7,7
2019-11-04,21,5,16
2019-11-04,43,14,29
2019-11-04,47,19,28
2019-11-04,25,14,11
2019-11-04,22,7,15
2019-11-04,12,4,8
2019-11-04,2,0,2
2019-11-04,2,0,2
2019-11-04,3,0,3
2019-11-05,0,0,0
2019-11-05,2,2,0
2019-11-05,0,0,0
2019-11-05,0,0,0
2019-11-05,1,0,1
2019-11-05,5,1,4
2019-11-05,16,4,12
2019-11-05,39,7,32
2019-11-05,72,11,61
2019-11-05,33,5,28
2019-11-05,20,6,14
2019-11-05,11,1,10
2019-11-05,20,4,16
2019-11-05,5,0,5
2019-11-05,14,1,13
2019-11-05,20,6,14
2019-11-05,51,15,36
2019-11-05,62,22,40
2019-11-05,22,14,8
2019-11-05,17,6,11
2019-11-05,10,2,8
2019-11-05,12,4,8
2019-11-05,5,2,3
2019-11-05,6,2,4
2019-11-06,1,0,1
2019-11-06,1,0,1
2019-11-06,1,0,1
2019-11-06,0,0,0
2019-11-06,0,0,0
2019-11-06,2,0,2
2019-11-06,21,6,15
2019-11-06,43,7,36
2019-11-06,60,10,50
2019-11-06,38,5,33
2019-11-06,13,1,12
2019-11-06,17,5,12
2019-11-06,20,8,12
2019-11-06,21,7,14
2019-11-06,20,9,11
2019-11-06,32,8,24
2019-11-06,38,14,24
2019-11-06,50,26,24
2019-11-06,36,17,19
2019-11-06,14,6,8
2019-11-06,4,1,3
2019-11-06,6,0,6
2019-11-06,3,0,3
2019-11-06,4,2,2
2019-11-07,1,0,1
2019-11-07,1,0,1
2019-11-07,0,0,0
2019-11-07,1,1,0
2019-11-07,0,0,0
2019-11-07,3,0,3
2019-11-07,23,7,16
2019-11-07,31,5,26
2019-11-07,70,16,54
2019-11-07,38,4,34
2019-11-07,18,5,13
2019-11-07,12,0,12
2019-11-07,9,2,7
2019-11-07,13,8,5
2019-11-07,22,7,15
2019-11-07,22,8,14
2019-11-07,48,16,32
2019-11-07,58,24,34
2019-11-07,22,8,14
2019-11-07,13,9,4
2019-11-07,16,3,13
2019-11-07,9,3,6
2019-11-07,6,0,6
2019-11-07,4,1,3
2019-11-08,1,0,1
2019-11-08,3,1,2
2019-11-08,0,0,0
2019-11-08,0,0,0
2019-11-08,0,0,0
2019-11-08,2,0,2
2019-11-08,14,1,13
2019-11-08,22,1,21
2019-11-08,59,13,46
2019-11-08,26,5,21
2019-11-08,18,1,17
2019-11-08,19,5,14
2019-11-08,19,2,17
2019-11-08,17,2,15
2019-11-08,18,5,13
2019-11-08,29,5,24
2019-11-08,40,12,28
2019-11-08,38,13,25
2019-11-08,15,7,8
2019-11-08,18,4,14
2019-11-08,15,2,13
2019-11-08,4,0,4
2019-11-08,4,0,4
2019-11-08,4,0,4
2019-11-09,3,0,3
2019-11-09,0,0,0
2019-11-09,0,0,0
2019-11-09,0,0,0
2019-11-09,0,0,0
2019-11-09,0,0,0
2019-11-09,0,0,0
2019-11-09,1,0,1
2019-11-09,4,0,4
2019-11-09,2,0,2
2019-11-09,3,0,3
2019-11-09,9,2,7
2019-11-09,10,2,8
2019-11-09,18,7,11
2019-11-09,10,5,5
2019-11-09,10,4,6
2019-11-09,23,7,16
2019-11-09,8,1,7
2019-11-09,7,1,6
2019-11-09,7,1,6
2019-11-09,6,0,6
2019-11-09,4,0,4
2019-11-09,6,0,6
2019-11-09,2,0,2
2019-11-10,0,0,0
2019-11-10,1,0,1
2019-11-10,3,3,0
2019-11-10,0,0,0
2019-11-10,0,0,0
2019-11-10,5,4,1
2019-11-10,2,1,1
2019-11-10,0,0,0
2019-11-10,5,0,5
2019-11-10,33,4,29
2019-11-10,31,2,29
2019-11-10,17,6,11
2019-11-10,18,7,11
2019-11-10,7,0,7
2019-11-10,21,10,11
2019-11-10,25,12,13
2019-11-10,23,11,12
2019-11-10,19,9,10
2019-11-10,12,2,10
2019-11-10,6,2,4
2019-11-10,2,0,2
2019-11-10,3,0,3
2019-11-10,6,2,4
2019-11-10,4,2,2
2019-11-11,2,2,0
2019-11-11,3,1,2
2019-11-11,0,0,0
2019-11-11,0,0,0
2019-11-11,0,0,0
2019-11-11,2,0,2
2019-11-11,10,3,7
2019-11-11,21,7,14
2019-11-11,49,10,39
2019-11-11,29,6,23
2019-11-11,8,3,5
2019-11-11,8,2,6
2019-11-11,24,7,17
2019-11-11,14,5,9
2019-11-11,8,1,7
2019-11-11,18,6,12
2019-11-11,32,10,22
2019-11-11,39,13,26
2019-11-11,20,9,11
2019-11-11,13,3,10
2019-11-11,4,0,4
2019-11-11,5,2,3
2019-11-11,6,0,6
2019-11-11,3,1,2
2019-11-12,0,0,0
2019-11-12,0,0,0
2019-11-12,0,0,0
2019-11-12,0,0,0
2019-11-12,0,0,0
2019-11-12,2,0,2
2019-11-12,10,2,8
2019-11-12,24,1,23
2019-11-12,40,3,37
2019-11-12,40,6,34
2019-11-12,13,3,10
2019-11-12,11,1,10
2019-11-12,14,4,10
2019-11-12,11,1,10
2019-11-12,23,4,19
2019-11-12,13,0,13
2019-11-12,24,3,21
2019-11-12,49,14,35
2019-11-12,24,13,11
2019-11-12,18,9,9
2019-11-12,9,1,8
2019-11-12,8,4,4
2019-11-12,4,0,4
2019-11-12,0,0,0
2019-11-13,0,0,0
2019-11-13,1,0,1
2019-11-13,0,0,0
2019-11-13,0,0,0
2019-11-13,0,0,0
2019-11-13,4,0,4
2019-11-13,16,2,14
2019-11-13,41,8,33
2019-11-13,65,10,55
2019-11-13,45,7,38
2019-11-13,22,4,18
2019-11-13,12,2,10
2019-11-13,17,4,13
2019-11-13,19,6,13
2019-11-13,14,4,10
2019-11-13,25,7,18
2019-11-13,53,14,39
2019-11-13,62,35,27
2019-11-13,42,21,21
2019-11-13,19,8,11
2019-11-13,12,1,11
2019-11-13,9,3,6
2019-11-13,3,2,1
2019-11-13,0,0,0
2019-11-14,0,0,0
2019-11-14,2,1,1
2019-11-14,2,0,2
2019-11-14,2,0,2
2019-11-14,0,0,0
2019-11-14,2,0,2
2019-11-14,19,5,14
2019-11-14,32,3,29
2019-11-14,52,4,48
2019-11-14,30,6,24
2019-11-14,22,4,18
2019-11-14,17,4,13
2019-11-14,20,3,17
2019-11-14,14,2,12
2019-11-14,16,4,12
2019-11-14,27,2,25
2019-11-14,47,12,35
2019-11-14,48,14,34
2019-11-14,28,7,21
2019-11-14,12,5,7
2019-11-14,15,6,9
2019-11-14,13,4,9
2019-11-14,7,1,6
2019-11-14,4,2,2
2019-11-15,2,0,2
2019-11-15,2,0,2
2019-11-15,0,0,0
2019-11-15,1,0,1
2019-11-15,0,0,0
2019-11-15,1,0,1
2019-11-15,2,0,2
2019-11-15,20,3,17
2019-11-15,44,5,39
2019-11-15,29,7,22
2019-11-15,15,2,13
2019-11-15,12,1,11
2019-11-15,13,2,11
2019-11-15,15,3,12
2019-11-15,12,7,5
2019-11-15,18,4,14
2019-11-15,29,6,23
2019-11-15,23,7,16
2019-11-15,14,3,11
2019-11-15,15,3,12
2019-11-15,10,1,9
2019-11-15,13,1,12
2019-11-15,10,0,10
2019-11-15,0,0,0
2019-11-16,1,0,1
2019-11-16,1,0,1
2019-11-16,3,0,3
2019-11-16,0,0,0
2019-11-16,0,0,0
2019-11-16,0,0,0
2019-11-16,4,0,4
2019-11-16,1,0,1
2019-11-16,7,0,7
2019-11-16,15,3,12
2019-11-16,14,2,12
2019-11-16,13,7,6
2019-11-16,20,14,6
2019-11-16,12,3,9
2019-11-16,16,2,14
2019-11-16,12,4,8
2019-11-16,14,5,9
2019-11-16,10,0,10
2019-11-16,4,1,3
2019-11-16,9,2,7
2019-11-16,4,0,4
2019-11-16,5,3,2
2019-11-16,3,1,2
2019-11-16,5,0,5
2019-11-17,2,0,2
2019-11-17,2,1,1
2019-11-17,1,0,1
2019-11-17,4,1,3
2019-11-17,2,1,1
2019-11-17,0,0,0
2019-11-17,2,1,1
2019-11-17,2,0,2
2019-11-17,3,0,3
2019-11-17,3,1,2
2019-11-17,11,4,7
2019-11-17,12,0,12
2019-11-17,7,1,6
2019-11-17,12,2,10
2019-11-17,8,3,5
2019-11-17,2,0,2
2019-11-17,8,2,6
2019-11-17,5,1,4
2019-11-17,2,0,2
2019-11-17,11,2,9
2019-11-17,5,0,5
2019-11-17,3,1,2
2019-11-17,2,0,2
2019-11-17,2,1,1
2019-11-18,0,0,0
2019-11-18,1,0,1
2019-11-18,1,0,1
2019-11-18,1,1,0
2019-11-18,0,0,0
2019-11-18,5,0,5
2019-11-18,13,5,8
2019-11-18,28,3,25
2019-11-18,40,4,36
2019-11-18,44,8,36
2019-11-18,13,2,11
2019-11-18,14,5,9
2019-11-18,13,3,10
2019-11-18,8,1,7
2019-11-18,10,5,5
2019-11-18,12,4,8
2019-11-18,22,9,13
2019-11-18,29,7,22
2019-11-18,15,8,7
2019-11-18,7,1,6
2019-11-18,7,1,6
2019-11-18,4,1,3
2019-11-18,3,0,3
2019-11-18,5,3,2
2019-11-19,2,1,1
2019-11-19,0,0,0
2019-11-19,0,0,0
2019-11-19,0,0,0
2019-11-19,1,0,1
2019-11-19,3,0,3
2019-11-19,19,1,18
2019-11-19,32,6,26
2019-11-19,48,7,41
2019-11-19,30,4,26
2019-11-19,12,2,10
2019-11-19,11,1,10
2019-11-19,12,4,8
2019-11-19,10,3,7
2019-11-19,7,2,5
2019-11-19,10,1,9
2019-11-19,32,12,20
2019-11-19,38,11,27
2019-11-19,21,7,14
2019-11-19,16,5,11
2019-11-19,16,2,14
2019-11-19,8,1,7
2019-11-19,5,3,2
2019-11-19,1,0,1
2019-11-20,2,1,1
2019-11-20,1,1,0
2019-11-20,0,0,0
2019-11-20,0,0,0
2019-11-20,0,0,0
2019-11-20,5,0,5
2019-11-20,11,0,11
2019-11-20,27,1,26
2019-11-20,56,9,47
2019-11-20,38,3,35
2019-11-20,19,2,17
2019-11-20,16,3,13
2019-11-20,19,6,13
2019-11-20,15,3,12
2019-11-20,16,2,14
2019-11-20,23,9,14
2019-11-20,42,15,27
2019-11-20,58,23,35
2019-11-20,33,14,19
2019-11-20,15,8,7
2019-11-20,12,3,9
2019-11-20,7,5,2
2019-11-20,4,1,3
2019-11-20,3,1,2
2019-11-21,1,1,0
2019-11-21,0,0,0
2019-11-21,0,0,0
2019-11-21,1,1,0
2019-11-21,0,0,0
2019-11-21,1,0,1
2019-11-21,16,3,13
2019-11-21,25,2,23
2019-11-21,53,13,40
2019-11-21,37,7,30
2019-11-21,18,4,14
2019-11-21,20,7,13
2019-11-21,21,10,11
2019-11-21,14,3,11
2019-11-21,11,4,7
2019-11-21,24,8,16
2019-11-21,37,6,31
2019-11-21,49,14,35
2019-11-21,42,19,23
2019-11-21,10,1,9
2019-11-21,8,4,4
2019-11-21,11,4,7
2019-11-21,8,3,5
2019-11-21,1,0,1
2019-11-22,1,1,0
2019-11-22,2,1,1
2019-11-22,3,2,1
2019-11-22,0,0,0
2019-11-22,0,0,0
2019-11-22,5,2,3
2019-11-22,8,4,4
2019-11-22,23,3,20
2019-11-22,49,10,39
2019-11-22,31,5,26
2019-11-22,14,2,12
2019-11-22,10,3,7
2019-11-22,11,2,9
2019-11-22,7,1,6
2019-11-22,24,11,13
2019-11-22,24,6,18
2019-11-22,32,8,24
2019-11-22,38,19,19
2019-11-22,23,8,15
2019-11-22,8,0,8
2019-11-22,9,1,8
2019-11-22,5,0,5
2019-11-22,9,2,7
2019-11-22,4,0,4
2019-11-23,1,0,1
2019-11-23,6,0,6
2019-11-23,0,0,0
2019-11-23,0,0,0
2019-11-23,1,1,0
2019-11-23,0,0,0
2019-11-23,1,0,1
2019-11-23,1,0,1
2019-11-23,4,1,3
2019-11-23,11,2,9
2019-11-23,15,3,12
2019-11-23,13,3,10
2019-11-23,12,0,12
2019-11-23,17,3,14
2019-11-23,24,8,16
2019-11-23,23,6,17
2019-11-23,16,4,12
2019-11-23,10,2,8
2019-11-23,5,0,5
2019-11-23,9,0,9
2019-11-23,3,2,1
2019-11-23,1,0,1
2019-11-23,1,0,1
2019-11-23,2,1,1
2019-11-24,6,3,3
2019-11-24,1,0,1
2019-11-24,0,0,0
2019-11-24,0,0,0
2019-11-24,2,0,2
2019-11-24,1,0,1
2019-11-24,1,1,0
2019-11-24,2,0,2
2019-11-24,11,2,9
2019-11-24,4,1,3
2019-11-24,12,1,11
2019-11-24,11,3,8
2019-11-24,16,4,12
2019-11-24,19,6,13
2019-11-24,16,5,11
2019-11-24,20,10,10
2019-11-24,13,3,10
2019-11-24,8,4,4
2019-11-24,9,2,7
2019-11-24,10,2,8
2019-11-24,7,2,5
2019-11-24,3,0,3
2019-11-24,6,0,6
2019-11-24,2,0,2
2019-11-25,1,0,1
2019-11-25,2,1,1
2019-11-25,1,1,0
2019-11-25,0,0,0
2019-11-25,0,0,0
2019-11-25,1,0,1
2019-11-25,11,4,7
2019-11-25,20,1,19
2019-11-25,30,6,24
2019-11-25,22,2,20
2019-11-25,21,2,19
2019-11-25,14,6,8
2019-11-25,10,1,9
2019-11-25,3,2,1
2019-11-25,8,2,6
2019-11-25,16,3,13
2019-11-25,18,2,16
2019-11-25,34,12,22
2019-11-25,19,8,11
2019-11-25,8,3,5
2019-11-25,7,1,6
2019-11-25,4,2,2
2019-11-25,1,0,1
2019-11-25,0,0,0
2019-11-26,0,0,0
2019-11-26,1,0,1
2019-11-26,0,0,0
2019-11-26,0,0,0
2019-11-26,1,0,1
2019-11-26,3,1,2
2019-11-26,12,2,10
2019-11-26,16,0,16
2019-11-26,39,7,32
2019-11-26,26,6,20
2019-11-26,15,6,9
2019-11-26,13,4,9
2019-11-26,15,2,13
2019-11-26,11,4,7
2019-11-26,14,3,11
2019-11-26,21,9,12
2019-11-26,33,13,20
2019-11-26,42,18,24
2019-11-26,26,8,18
2019-11-26,10,6,4
2019-11-26,5,3,2
2019-11-26,1,0,1
2019-11-26,3,1,2
2019-11-26,4,1,3
2019-11-27,1,0,1
2019-11-27,0,0,0
2019-11-27,1,1,0
2019-11-27,1,0,1
2019-11-27,2,0,2
2019-11-27,5,1,4
2019-11-27,5,4,1
2019-11-27,18,2,16
2019-11-27,30,8,22
2019-11-27,35,9,26
2019-11-27,16,5,11
2019-11-27,13,5,8
2019-11-27,13,2,11
2019-11-27,13,5,8
2019-11-27,25,11,14
2019-11-27,27,11,16
2019-11-27,19,11,8
2019-11-27,20,6,14
2019-11-27,14,7,7
2019-11-27,11,2,9
2019-11-27,8,1,7
2019-11-27,3,0,3
2019-11-27,3,0,3
2019-11-27,4,0,4
2019-11-28,0,0,0
2019-11-28,1,0,1
2019-11-28,2,2,0
2019-11-28,0,0,0
2019-11-28,1,1,0
2019-11-28,0,0,0
2019-11-28,1,1,0
2019-11-28,0,0,0
2019-11-28,0,0,0
2019-11-28,2,0,2
2019-11-28,15,4,11
2019-11-28,9,4,5
2019-11-28,11,0,11
2019-11-28,2,1,1
2019-11-28,4,1,3
2019-11-28,3,2,1
2019-11-28,7,3,4
2019-11-28,2,0,2
2019-11-28,4,1,3
2019-11-28,2,0,2
2019-11-28,1,0,1
2019-11-28,2,1,1
2019-11-28,1,1,0
2019-11-28,1,1,0
2019-11-29,0,0,0
2019-11-29,0,0,0
2019-11-29,0,0,0
2019-11-29,1,1,0
2019-11-29,0,0,0
2019-11-29,1,0,1
2019-11-29,5,1,4
2019-11-29,4,0,4
2019-11-29,5,0,5
2019-11-29,9,1,8
2019-11-29,10,1,9
2019-11-29,12,1,11
2019-11-29,14,9,5
2019-11-29,8,2,6
2019-11-29,10,2,8
2019-11-29,11,3,8
2019-11-29,11,8,3
2019-11-29,5,2,3
2019-11-29,13,2,11
2019-11-29,10,3,7
2019-11-29,7,2,5
2019-11-29,0,0,0
2019-11-29,10,2,8
2019-11-29,1,1,0
2019-11-30,1,1,0
2019-11-30,0,0,0
2019-11-30,0,0,0
2019-11-30,0,0,0
2019-11-30,0,0,0
2019-11-30,0,0,0
2019-11-30,1,0,1
2019-11-30,1,0,1
2019-11-30,2,0,2
2019-11-30,5,1,4
2019-11-30,10,2,8
2019-11-30,10,2,8
2019-11-30,11,3,8
2019-11-30,9,0,9
2019-11-30,22,5,17
2019-11-30,16,3,13
2019-11-30,11,4,7
2019-11-30,12,2,10
2019-11-30,9,2,7
2019-11-30,7,2,5
2019-11-30,8,5,3
2019-11-30,0,0,0
2019-11-30,3,0,3
2019-11-30,7,3,4
2019-12-01,2,1,1
2019-12-01,2,0,2
2019-12-01,2,1,1
2019-12-01,3,3,0
2019-12-01,0,0,0
2019-12-01,2,0,2
2019-12-01,4,2,2
2019-12-01,2,0,2
2019-12-01,4,0,4
2019-12-01,5,1,4
2019-12-01,6,0,6
2019-12-01,9,2,7
2019-12-01,6,2,4
2019-12-01,9,3,6
2019-12-01,7,2,5
2019-12-01,11,2,9
2019-12-01,10,3,7
2019-12-01,7,2,5
2019-12-01,8,1,7
2019-12-01,9,3,6
2019-12-01,1,1,0
2019-12-01,2,0,2
2019-12-01,2,0,2
2019-12-01,1,0,1
2019-12-02,0,0,0
2019-12-02,1,1,0
2019-12-02,0,0,0
2019-12-02,0,0,0
2019-12-02,1,0,1
2019-12-02,3,1,2
2019-12-02,11,3,8
2019-12-02,29,6,23
2019-12-02,41,10,31
2019-12-02,37,4,33
2019-12-02,14,3,11
2019-12-02,8,1,7
2019-12-02,16,6,10
2019-12-02,15,8,7
2019-12-02,20,2,18
2019-12-02,18,4,14
2019-12-02,42,10,32
2019-12-02,50,17,33
2019-12-02,18,11,7
2019-12-02,12,3,9
2019-12-02,4,3,1
2019-12-02,8,4,4
2019-12-02,9,3,6
2019-12-02,2,0,2
2019-12-03,1,0,1
2019-12-03,1,0,1
2019-12-03,1,0,1
2019-12-03,0,0,0
2019-12-03,1,0,1
2019-12-03,3,1,2
2019-12-03,18,3,15
2019-12-03,30,5,25
2019-12-03,52,12,40
2019-12-03,31,5,26
2019-12-03,15,4,11
2019-12-03,18,3,15
2019-12-03,15,4,11
2019-12-03,18,3,15
2019-12-03,9,1,8
2019-12-03,16,3,13
2019-12-03,34,10,24
2019-12-03,52,21,31
2019-12-03,13,7,6
2019-12-03,15,3,12
2019-12-03,1,0,1
2019-12-03,2,0,2
2019-12-03,6,1,5
2019-12-03,2,1,1
2019-12-04,3,0,3
2019-12-04,0,0,0
2019-12-04,0,0,0
2019-12-04,0,0,0
2019-12-04,3,0,3
2019-12-04,2,0,2
2019-12-04,8,1,7
2019-12-04,23,3,20
2019-12-04,42,11,31
2019-12-04,28,4,24
2019-12-04,14,4,10
2019-12-04,10,2,8
2019-12-04,7,0,7
2019-12-04,8,2,6
2019-12-04,14,3,11
2019-12-04,20,4,16
2019-12-04,26,6,20
2019-12-04,41,4,37
2019-12-04,25,8,17
2019-12-04,10,8,2
2019-12-04,11,2,9
2019-12-04,3,3,0
2019-12-04,3,0,3
2019-12-04,0,0,0
2019-12-05,0,0,0
2019-12-05,0,0,0
2019-12-05,0,0,0
2019-12-05,0,0,0
2019-12-05,1,1,0
2019-12-05,4,0,4
2019-12-05,17,3,14
2019-12-05,26,2,24
2019-12-05,42,9,33
2019-12-05,35,7,28
2019-12-05,10,0,10
2019-12-05,15,0,15
2019-12-05,15,2,13
2019-12-05,13,2,11
2019-12-05,15,1,14
2019-12-05,20,2,18
2019-12-05,20,2,18
2019-12-05,46,16,30
2019-12-05,16,4,12
2019-12-05,13,4,9
2019-12-05,14,1,13
2019-12-05,11,4,7
2019-12-05,3,0,3
2019-12-05,3,1,2
2019-12-06,1,0,1
2019-12-06,3,1,2
2019-12-06,0,0,0
2019-12-06,0,0,0
2019-12-06,0,0,0
2019-12-06,1,0,1
2019-12-06,9,0,9
2019-12-06,16,3,13
2019-12-06,33,6,27
2019-12-06,34,4,30
2019-12-06,13,6,7
2019-12-06,18,5,13
2019-12-06,11,2,9
2019-12-06,12,2,10
2019-12-06,9,2,7
2019-12-06,28,3,25
2019-12-06,30,5,25
2019-12-06,28,11,17
2019-12-06,24,3,21
2019-12-06,7,0,7
2019-12-06,9,0,9
2019-12-06,6,1,5
2019-12-06,5,1,4
2019-12-06,3,1,2
2019-12-07,2,0,2
2019-12-07,0,0,0
2019-12-07,1,0,1
2019-12-07,0,0,0
2019-12-07,0,0,0
2019-12-07,1,0,1
2019-12-07,2,0,2
2019-12-07,1,0,1
2019-12-07,1,0,1
2019-12-07,4,0,4
2019-12-07,9,2,7
2019-12-07,5,0,5
2019-12-07,12,1,11
2019-12-07,4,0,4
2019-12-07,9,3,6
2019-12-07,6,0,6
2019-12-07,11,3,8
2019-12-07,4,0,4
2019-12-07,11,0,11
2019-12-07,8,0,8
2019-12-07,11,2,9
2019-12-07,3,0,3
2019-12-07,8,3,5
2019-12-07,1,0,1
2019-12-08,3,1,2
2019-12-08,4,0,4
2019-12-08,1,0,1
2019-12-08,1,0,1
2019-12-08,0,0,0
2019-12-08,0,0,0
2019-12-08,2,0,2
2019-12-08,0,0,0
2019-12-08,5,2,3
2019-12-08,4,1,3
2019-12-08,10,1,9
2019-12-08,17,4,13
2019-12-08,17,3,14
2019-12-08,14,8,6
2019-12-08,17,2,15
2019-12-08,19,7,12
2019-12-08,12,4,8
2019-12-08,11,1,10
2019-12-08,10,1,9
2019-12-08,3,1,2
2019-12-08,5,2,3
2019-12-08,1,0,1
2019-12-08,8,2,6
2019-12-08,3,1,2
2019-12-09,2,1,1
2019-12-09,0,0,0
2019-12-09,3,1,2
2019-12-09,0,0,0
2019-12-09,0,0,0
2019-12-09,1,0,1
2019-12-09,13,5,8
2019-12-09,26,6,20
2019-12-09,46,11,35
2019-12-09,41,8,33
2019-12-09,8,1,7
2019-12-09,16,6,10
2019-12-09,12,3,9
2019-12-09,16,5,11
2019-12-09,11,2,9
2019-12-09,11,3,8
2019-12-09,27,8,19
2019-12-09,48,16,32
2019-12-09,23,12,11
2019-12-09,13,4,9
2019-12-09,4,1,3
2019-12-09,6,1,5
2019-12-09,4,0,4
2019-12-09,0,0,0
2019-12-10,1,0,1
2019-12-10,0,0,0
2019-12-10,0,0,0
2019-12-10,0,0,0
2019-12-10,1,0,1
2019-12-10,1,0,1
2019-12-10,11,3,8
2019-12-10,23,2,21
2019-12-10,39,4,35
2019-12-10,34,6,28
2019-12-10,8,2,6
2019-12-10,14,2,12
2019-12-10,9,3,6
2019-12-10,5,0,5
2019-12-10,8,2,6
2019-12-10,14,1,13
2019-12-10,19,6,13
2019-12-10,29,8,21
2019-12-10,13,3,10
2019-12-10,11,4,7
2019-12-10,4,0,4
2019-12-10,6,0,6
2019-12-10,3,0,3
2019-12-10,1,0,1
2019-12-11,1,1,0
2019-12-11,1,1,0
2019-12-11,1,1,0
2019-12-11,0,0,0
2019-12-11,0,0,0
2019-12-11,4,0,4
2019-12-11,6,1,5
2019-12-11,20,2,18
2019-12-11,43,5,38
2019-12-11,30,5,25
2019-12-11,16,4,12
2019-12-11,2,1,1
2019-12-11,9,0,9
2019-12-11,8,3,5
2019-12-11,5,0,5
2019-12-11,15,1,14
2019-12-11,17,4,13
2019-12-11,36,6,30
2019-12-11,8,2,6
2019-12-11,11,2,9
2019-12-11,6,0,6
2019-12-11,4,0,4
2019-12-11,2,0,2
2019-12-11,1,0,1
2019-12-12,0,0,0
2019-12-12,0,0,0
2019-12-12,0,0,0
2019-12-12,1,0,1
2019-12-12,1,0,1
2019-12-12,1,0,1
2019-12-12,7,1,6
2019-12-12,14,1,13
2019-12-12,37,5,32
2019-12-12,25,3,22
2019-12-12,7,1,6
2019-12-12,11,2,9
2019-12-12,10,4,6
2019-12-12,8,2,6
2019-12-12,13,2,11
2019-12-12,7,3,4
2019-12-12,24,2,22
2019-12-12,31,16,15
2019-12-12,14,6,8
2019-12-12,12,6,6
2019-12-12,8,0,8
2019-12-12,6,2,4
2019-12-12,5,0,5
2019-12-12,2,0,2
2019-12-13,1,0,1
2019-12-13,2,1,1
2019-12-13,0,0,0
2019-12-13,0,0,0
2019-12-13,0,0,0
2019-12-13,3,1,2
2019-12-13,7,1,6
2019-12-13,16,1,15
2019-12-13,39,4,35
2019-12-13,23,1,22
2019-12-13,10,1,9
2019-12-13,11,3,8
2019-12-13,15,2,13
2019-12-13,7,4,3
2019-12-13,15,3,12
2019-12-13,17,5,12
2019-12-13,31,5,26
2019-12-13,37,7,30
2019-12-13,16,5,11
2019-12-13,12,4,8
2019-12-13,7,1,6
2019-12-13,4,0,4
2019-12-13,6,1,5
2019-12-13,5,1,4
2019-12-14,2,0,2
2019-12-14,1,0,1
2019-12-14,0,0,0
2019-12-14,0,0,0
2019-12-14,0,0,0
2019-12-14,0,0,0
2019-12-14,5,0,5
2019-12-14,5,1,4
2019-12-14,7,0,7
2019-12-14,6,0,6
2019-12-14,10,1,9
2019-12-14,7,1,6
2019-12-14,10,3,7
2019-12-14,8,2,6
2019-12-14,10,2,8
2019-12-14,7,2,5
2019-12-14,21,4,17
2019-12-14,2,0,2
2019-12-14,11,3,8
2019-12-14,1,0,1
2019-12-14,8,3,5
2019-12-14,6,1,5
2019-12-14,2,0,2
2019-12-14,1,0,1
2019-12-15,7,1,6
2019-12-15,3,0,3
2019-12-15,1,0,1
2019-12-15,0,0,0
2019-12-15,0,0,0
2019-12-15,1,0,1
2019-12-15,3,0,3
2019-12-15,0,0,0
2019-12-15,4,1,3
2019-12-15,4,0,4
2019-12-15,6,1,5
2019-12-15,9,1,8
2019-12-15,5,1,4
2019-12-15,3,1,2
2019-12-15,10,5,5
2019-12-15,9,2,7
2019-12-15,10,4,6
2019-12-15,9,3,6
2019-12-15,8,0,8
2019-12-15,6,2,4
2019-12-15,7,0,7
2019-12-15,3,0,3
2019-12-15,3,0,3
2019-12-15,3,0,3
2019-12-16,0,0,0
2019-12-16,2,0,2
2019-12-16,0,0,0
2019-12-16,0,0,0
2019-12-16,0,0,0
2019-12-16,0,0,0
2019-12-16,5,1,4
2019-12-16,21,6,15
2019-12-16,49,7,42
2019-12-16,31,4,27
2019-12-16,8,1,7
2019-12-16,11,2,9
2019-12-16,8,2,6
2019-12-16,7,3,4
2019-12-16,15,3,12
2019-12-16,12,3,9
2019-12-16,33,5,28
2019-12-16,38,12,26
2019-12-16,29,17,12
2019-12-16,16,6,10
2019-12-16,5,3,2
2019-12-16,3,1,2
2019-12-16,2,0,2
2019-12-16,2,1,1
2019-12-17,0,0,0
2019-12-17,1,0,1
2019-12-17,0,0,0
2019-12-17,0,0,0
2019-12-17,0,0,0
2019-12-17,2,1,1
2019-12-17,14,1,13
2019-12-17,20,4,16
2019-12-17,49,4,45
2019-12-17,27,7,20
2019-12-17,14,2,12
2019-12-17,11,4,7
2019-12-17,4,0,4
2019-12-17,10,1,9
2019-12-17,10,0,10
2019-12-17,22,6,16
2019-12-17,33,7,26
2019-12-17,40,8,32
2019-12-17,15,8,7
2019-12-17,9,2,7
2019-12-17,4,2,2
2019-12-17,3,1,2
2019-12-17,2,0,2
2019-12-17,3,2,1
2019-12-18,0,0,0
2019-12-18,0,0,0
2019-12-18,1,1,0
2019-12-18,0,0,0
2019-12-18,0,0,0
2019-12-18,2,0,2
2019-12-18,6,0,6
2019-12-18,19,2,17
2019-12-18,32,9,23
2019-12-18,28,3,25
2019-12-18,15,1,14
2019-12-18,10,0,10
2019-12-18,12,1,11
2019-12-18,20,6,14
2019-12-18,15,5,10
2019-12-18,21,2,19
2019-12-18,24,9,15
2019-12-18,34,3,31
2019-12-18,18,5,13
2019-12-18,9,5,4
2019-12-18,1,0,1
2019-12-18,3,1,2
2019-12-18,4,0,4
2019-12-18,1,0,1
2019-12-19,0,0,0
2019-12-19,3,2,1
2019-12-19,0,0,0
2019-12-19,0,0,0
2019-12-19,0,0,0
2019-12-19,1,0,1
2019-12-19,9,0,9
2019-12-19,18,2,16
2019-12-19,30,6,24
2019-12-19,32,4,28
2019-12-19,10,1,9
2019-12-19,10,2,8
2019-12-19,7,3,4
2019-12-19,4,0,4
2019-12-19,14,1,13
2019-12-19,6,0,6
2019-12-19,13,2,11
2019-12-19,14,1,13
2019-12-19,7,1,6
2019-12-19,7,1,6
2019-12-19,3,1,2
2019-12-19,4,1,3
2019-12-19,4,0,4
2019-12-19,1,0,1
2019-12-20,1,0,1
2019-12-20,0,0,0
2019-12-20,0,0,0
2019-12-20,0,0,0
2019-12-20,0,0,0
2019-12-20,1,0,1
2019-12-20,2,0,2
2019-12-20,4,0,4
2019-12-20,16,0,16
2019-12-20,8,0,8
2019-12-20,3,0,3
2019-12-20,3,0,3
2019-12-20,2,0,2
2019-12-20,2,1,1
2019-12-20,4,0,4
2019-12-20,11,0,11
2019-12-20,14,4,10
2019-12-20,10,2,8
2019-12-20,7,1,6
2019-12-20,8,1,7
2019-12-20,4,1,3
2019-12-20,5,0,5
2019-12-20,1,0,1
2019-12-20,1,0,1
2019-12-21,0,0,0
2019-12-21,0,0,0
2019-12-21,0,0,0
2019-12-21,0,0,0
2019-12-21,0,0,0
2019-12-21,0,0,0
2019-12-21,1,0,1
2019-12-21,0,0,0
2019-12-21,1,0,1
2019-12-21,2,1,1
2019-12-21,4,0,4
2019-12-21,3,2,1
2019-12-21,1,0,1
2019-12-21,3,0,3
2019-12-21,4,0,4
2019-12-21,4,2,2
2019-12-21,9,2,7
2019-12-21,7,2,5
2019-12-21,5,2,3
2019-12-21,11,1,10
2019-12-21,4,1,3
2019-12-21,2,0,2
2019-12-21,6,1,5
2019-12-21,0,0,0
2019-12-22,2,1,1
2019-12-22,2,0,2
2019-12-22,2,1,1
2019-12-22,1,0,1
2019-12-22,0,0,0
2019-12-22,0,0,0
2019-12-22,2,1,1
2019-12-22,1,1,0
2019-12-22,0,0,0
2019-12-22,6,0,6
2019-12-22,9,2,7
2019-12-22,17,0,17
2019-12-22,8,1,7
2019-12-22,9,4,5
2019-12-22,15,7,8
2019-12-22,6,3,3
2019-12-22,8,1,7
2019-12-22,11,7,4
2019-12-22,3,0,3
2019-12-22,4,1,3
2019-12-22,6,1,5
2019-12-22,4,1,3
2019-12-22,2,1,1
2019-12-22,2,1,1
2019-12-23,0,0,0
2019-12-23,1,0,1
2019-12-23,0,0,0
2019-12-23,1,0,1
2019-12-23,0,0,0
2019-12-23,1,1,0
2019-12-23,4,0,4
2019-12-23,12,2,10
2019-12-23,14,2,12
2019-12-23,17,2,15
2019-12-23,5,2,3
2019-12-23,10,1,9
2019-12-23,13,0,13
2019-12-23,7,2,5
2019-12-23,11,4,7
2019-12-23,10,1,9
2019-12-23,15,7,8
2019-12-23,14,3,11
2019-12-23,9,3,6
2019-12-23,3,1,2
2019-12-23,2,0,2
2019-12-23,9,2,7
2019-12-23,1,0,1
2019-12-23,0,0,0
2019-12-24,0,0,0
2019-12-24,1,0,1
2019-12-24,0,0,0
2019-12-24,0,0,0
2019-12-24,0,0,0
2019-12-24,1,0,1
2019-12-24,2,1,1
2019-12-24,4,0,4
2019-12-24,9,4,5
2019-12-24,8,0,8
2019-12-24,7,3,4
2019-12-24,9,1,8
2019-12-24,14,3,11
2019-12-24,14,4,10
2019-12-24,15,6,9
2019-12-24,4,1,3
2019-12-24,17,1,16
2019-12-24,4,0,4
2019-12-24,8,0,8
2019-12-24,2,0,2
2019-12-24,2,0,2
2019-12-24,0,0,0
2019-12-24,4,0,4
2019-12-24,1,1,0
2019-12-25,0,0,0
2019-12-25,0,0,0
2019-12-25,0,0,0
2019-12-25,2,0,2
2019-12-25,0,0,0
2019-12-25,0,0,0
2019-12-25,1,1,0
2019-12-25,0,0,0
2019-12-25,1,0,1
2019-12-25,5,0,5
2019-12-25,2,0,2
2019-12-25,5,3,2
2019-12-25,3,2,1
2019-12-25,3,0,3
2019-12-25,5,0,5
2019-12-25,3,2,1
2019-12-25,4,1,3
2019-12-25,0,0,0
2019-12-25,1,0,1
2019-12-25,2,0,2
2019-12-25,2,0,2
2019-12-25,0,0,0
2019-12-25,3,0,3
2019-12-25,2,1,1
2019-12-26,0,0,0
2019-12-26,0,0,0
2019-12-26,0,0,0
2019-12-26,0,0,0
2019-12-26,0,0,0
2019-12-26,1,0,1
2019-12-26,7,3,4
2019-12-26,5,0,5
2019-12-26,6,1,5
2019-12-26,11,1,10
2019-12-26,4,0,4
2019-12-26,8,0,8
2019-12-26,10,1,9
2019-12-26,7,3,4
2019-12-26,15,0,15
2019-12-26,12,4,8
2019-12-26,8,1,7
2019-12-26,8,2,6
2019-12-26,10,1,9
2019-12-26,8,0,8
2019-12-26,1,0,1
2019-12-26,1,0,1
2019-12-26,3,0,3
2019-12-26,1,0,1
2019-12-27,3,0,3
2019-12-27,3,1,2
2019-12-27,0,0,0
2019-12-27,0,0,0
2019-12-27,0,0,0
2019-12-27,0,0,0
2019-12-27,5,0,5
2019-12-27,8,1,7
2019-12-27,9,0,9
2019-12-27,5,2,3
2019-12-27,6,0,6
2019-12-27,8,0,8
2019-12-27,8,1,7
2019-12-27,5,0,5
2019-12-27,13,2,11
2019-12-27,14,4,10
2019-12-27,17,5,12
2019-12-27,12,4,8
2019-12-27,11,0,11
2019-12-27,5,1,4
2019-12-27,3,0,3
2019-12-27,7,1,6
2019-12-27,2,0,2
2019-12-27,2,0,2
2019-12-28,1,0,1
2019-12-28,0,0,0
2019-12-28,4,1,3
2019-12-28,0,0,0
2019-12-28,0,0,0
2019-12-28,0,0,0
2019-12-28,0,0,0
2019-12-28,0,0,0
2019-12-28,0,0,0
2019-12-28,2,1,1
2019-12-28,10,2,8
2019-12-28,12,6,6
2019-12-28,14,0,14
2019-12-28,9,3,6
2019-12-28,8,2,6
2019-12-28,11,0,11
2019-12-28,5,2,3
2019-12-28,3,1,2
2019-12-28,2,0,2
2019-12-28,6,2,4
2019-12-28,6,1,5
2019-12-28,6,1,5
2019-12-28,1,1,0
2019-12-28,1,0,1
2019-12-29,2,0,2
2019-12-29,1,0,1
2019-12-29,4,2,2
2019-12-29,0,0,0
2019-12-29,0,0,0
2019-12-29,0,0,0
2019-12-29,0,0,0
2019-12-29,0,0,0
2019-12-29,2,0,2
2019-12-29,3,1,2
2019-12-29,7,1,6
2019-12-29,11,0,11
2019-12-29,11,0,11
2019-12-29,9,0,9
2019-12-29,13,3,10
2019-12-29,14,1,13
2019-12-29,23,4,19
2019-12-29,9,1,8
2019-12-29,14,1,13
2019-12-29,9,1,8
2019-12-29,5,0,5
2019-12-29,9,4,5
2019-12-29,3,0,3
2019-12-29,2,0,2
2019-12-30,3,0,3
2019-12-30,2,0,2
2019-12-30,1,0,1
2019-12-30,0,0,0
2019-12-30,0,0,0
2019-12-30,2,0,2
2019-12-30,11,6,5
2019-12-30,10,1,9
2019-12-30,23,3,20
2019-12-30,16,2,14
2019-12-30,3,2,1
2019-12-30,4,0,4
2019-12-30,6,1,5
2019-12-30,9,0,9
2019-12-30,8,2,6
2019-12-30,9,2,7
2019-12-30,16,2,14
2019-12-30,13,2,11
2019-12-30,9,0,9
2019-12-30,6,0,6
2019-12-30,4,0,4
2019-12-30,4,0,4
2019-12-30,4,0,4
2019-12-30,2,0,2
2019-12-31,0,0,0
2019-12-31,0,0,0
2019-12-31,0,0,0
2019-12-31,1,0,1
2019-12-31,0,0,0
2019-12-31,1,0,1
2019-12-31,6,2,4
2019-12-31,7,2,5
2019-12-31,14,0,14
2019-12-31,13,0,13
2019-12-31,7,2,5
2019-12-31,3,1,2
2019-12-31,8,2,6
2019-12-31,6,3,3
2019-12-31,9,2,7
2019-12-31,4,0,4
2019-12-31,11,1,10
2019-12-31,10,2,8
2019-12-31,5,3,2
2019-12-31,2,0,2
2019-12-31,6,1,5
2019-12-31,8,2,6
2019-12-31,6,1,5
2019-12-31,8,1,7
