date,spokane_st_bridge_total,east,west
2020-06-01,2,0,2
2020-06-01,1,1,0
2020-06-01,2,0,2
2020-06-01,1,1,0
2020-06-01,3,2,1
2020-06-01,36,31,5
2020-06-01,79,59,20
2020-06-01,58,50,8
2020-06-01,53,40,13
2020-06-01,32,21,11
2020-06-01,26,16,10
2020-06-01,34,20,14
2020-06-01,41,22,19
2020-06-01,44,24,20
2020-06-01,73,31,42
2020-06-01,95,33,62
2020-06-01,117,47,70
2020-06-01,125,39,86
2020-06-01,62,16,46
2020-06-01,35,10,25
2020-06-01,21,14,7
2020-06-01,9,4,5
2020-06-01,0,0,0
2020-06-01,0,0,0
2020-06-02,0,0,0
2020-06-02,0,0,0
2020-06-02,0,0,0
2020-06-02,0,0,0
2020-06-02,0,0,0
2020-06-02,0,0,0
2020-06-02,0,0,0
2020-06-02,0,0,0
2020-06-02,54,45,9
2020-06-02,40,32,8
2020-06-02,44,25,19
2020-06-02,41,26,15
2020-06-02,35,19,16
2020-06-02,50,28,22
2020-06-02,76,30,46
2020-06-02,68,23,45
2020-06-02,77,22,55
2020-06-02,75,18,57
2020-06-02,45,9,36
2020-06-02,33,15,18
2020-06-02,16,6,10
2020-06-02,19,7,12
2020-06-02,9,5,4
2020-06-02,8,3,5
2020-06-03,10,2,8
2020-06-03,9,3,6
2020-06-03,1,0,1
2020-06-03,1,1,0
2020-06-03,2,1,1
2020-06-03,25,20,5
2020-06-03,74,61,13
2020-06-03,73,53,20
2020-06-03,49,37,12
2020-06-03,33,26,7
2020-06-03,30,16,14
2020-06-03,40,23,17
2020-06-03,54,23,31
2020-06-03,55,31,24
2020-06-03,71,35,36
2020-06-03,100,35,65
2020-06-03,120,51,69
2020-06-03,139,48,91
2020-06-03,100,35,65
2020-06-03,68,38,30
2020-06-03,30,13,17
2020-06-03,18,9,9
2020-06-03,9,3,6
2020-06-03,3,0,3
2020-06-04,3,0,3
2020-06-04,8,2,6
2020-06-04,2,1,1
2020-06-04,1,1,0
2020-06-04,3,2,1
2020-06-04,29,22,7
2020-06-04,82,67,15
2020-06-04,62,47,15
2020-06-04,44,41,3
2020-06-04,32,17,15
2020-06-04,36,25,11
2020-06-04,29,19,10
2020-06-04,36,22,14
2020-06-04,66,33,33
2020-06-04,67,38,29
2020-06-04,97,36,61
2020-06-04,105,37,68
2020-06-04,142,49,93
2020-06-04,102,41,61
2020-06-04,55,25,30
2020-06-04,39,13,26
2020-06-04,19,4,15
2020-06-04,14,7,7
2020-06-04,5,3,2
2020-06-05,2,1,1
2020-06-05,2,2,0
2020-06-05,3,0,3
2020-06-05,1,0,1
2020-06-05,2,2,0
2020-06-05,28,21,7
2020-06-05,47,37,10
2020-06-05,70,51,19
2020-06-05,50,35,15
2020-06-05,40,27,13
2020-06-05,44,31,13
2020-06-05,45,21,24
2020-06-05,67,31,36
2020-06-05,62,31,31
2020-06-05,63,28,35
2020-06-05,104,41,63
2020-06-05,92,38,54
2020-06-05,121,42,79
2020-06-05,80,23,57
2020-06-05,37,16,21
2020-06-05,22,16,6
2020-06-05,18,3,15
2020-06-05,4,2,2
2020-06-05,2,2,0
2020-06-06,5,2,3
2020-06-06,3,2,1
2020-06-06,2,1,1
2020-06-06,2,0,2
2020-06-06,0,0,0
2020-06-06,3,2,1
2020-06-06,7,7,0
2020-06-06,35,22,13
2020-06-06,75,47,28
2020-06-06,71,41,30
2020-06-06,99,55,44
2020-06-06,235,62,173
2020-06-06,360,264,96
2020-06-06,123,63,60
2020-06-06,144,42,102
2020-06-06,37,15,22
2020-06-06,38,15,23
2020-06-06,28,14,14
2020-06-06,25,11,14
2020-06-06,24,9,15
2020-06-06,14,4,10
2020-06-06,12,7,5
2020-06-06,8,3,5
2020-06-06,2,0,2
2020-06-07,4,3,1
2020-06-07,1,0,1
2020-06-07,1,1,0
2020-06-07,2,1,1
2020-06-07,0,0,0
2020-06-07,2,1,1
2020-06-07,1,0,1
2020-06-07,8,6,2
2020-06-07,13,6,7
2020-06-07,16,10,6
2020-06-07,40,24,16
2020-06-07,31,17,14
2020-06-07,32,20,12
2020-06-07,49,16,33
2020-06-07,74,40,34
2020-06-07,65,39,26
2020-06-07,61,31,30
2020-06-07,61,31,30
2020-06-07,41,18,23
2020-06-07,32,10,22
2020-06-07,10,5,5
2020-06-07,18,11,7
2020-06-07,5,1,4
2020-06-07,2,1,1
2020-06-08,3,2,1
2020-06-08,7,3,4
2020-06-08,1,1,0
2020-06-08,0,0,0
2020-06-08,6,4,2
2020-06-08,34,31,3
2020-06-08,71,62,9
2020-06-08,66,53,13
2020-06-08,57,50,7
2020-06-08,35,27,8
2020-06-08,30,18,12
2020-06-08,36,20,16
2020-06-08,52,25,27
2020-06-08,52,23,29
2020-06-08,66,27,39
2020-06-08,85,32,53
2020-06-08,97,37,60
2020-06-08,112,35,77
2020-06-08,95,27,68
2020-06-08,50,21,29
2020-06-08,35,18,17
2020-06-08,13,2,11
2020-06-08,8,5,3
2020-06-08,8,3,5
2020-06-09,2,1,1
2020-06-09,7,3,4
2020-06-09,5,2,3
2020-06-09,1,1,0
2020-06-09,3,1,2
2020-06-09,19,16,3
2020-06-09,38,32,6
2020-06-09,47,37,10
2020-06-09,26,24,2
2020-06-09,17,11,6
2020-06-09,15,12,3
2020-06-09,14,10,4
2020-06-09,10,6,4
2020-06-09,14,6,8
2020-06-09,12,6,6
2020-06-09,36,14,22
2020-06-09,44,15,29
2020-06-09,58,14,44
2020-06-09,50,15,35
2020-06-09,16,6,10
2020-06-09,8,1,7
2020-06-09,9,4,5
2020-06-09,5,2,3
2020-06-09,2,1,1
2020-06-10,4,1,3
2020-06-10,6,3,3
2020-06-10,4,1,3
2020-06-10,2,2,0
2020-06-10,4,2,2
2020-06-10,28,21,7
2020-06-10,71,60,11
2020-06-10,68,57,11
2020-06-10,43,34,9
2020-06-10,26,18,8
2020-06-10,43,30,13
2020-06-10,49,36,13
2020-06-10,72,38,34
2020-06-10,77,37,40
2020-06-10,65,32,33
2020-06-10,111,43,68
2020-06-10,113,39,74
2020-06-10,178,43,135
2020-06-10,130,45,85
2020-06-10,90,38,52
2020-06-10,67,45,22
2020-06-10,20,11,9
2020-06-10,10,5,5
2020-06-10,6,2,4
2020-06-11,8,3,5
2020-06-11,5,1,4
2020-06-11,7,4,3
2020-06-11,1,0,1
2020-06-11,3,2,1
2020-06-11,24,21,3
2020-06-11,59,52,7
2020-06-11,72,51,21
2020-06-11,54,46,8
2020-06-11,34,26,8
2020-06-11,14,8,6
2020-06-11,21,13,8
2020-06-11,32,19,13
2020-06-11,27,17,10
2020-06-11,48,27,21
2020-06-11,82,30,52
2020-06-11,112,37,75
2020-06-11,124,42,82
2020-06-11,108,33,75
2020-06-11,65,31,34
2020-06-11,45,20,25
2020-06-11,36,17,19
2020-06-11,3,0,3
2020-06-11,11,6,5
2020-06-12,3,0,3
2020-06-12,2,1,1
2020-06-12,3,2,1
2020-06-12,0,0,0
2020-06-12,1,0,1
2020-06-12,13,9,4
2020-06-12,49,43,6
2020-06-12,52,44,8
2020-06-12,37,31,6
2020-06-12,27,20,7
2020-06-12,30,16,14
2020-06-12,29,21,8
2020-06-12,55,43,12
2020-06-12,60,55,5
2020-06-12,32,12,20
2020-06-12,34,12,22
2020-06-12,83,12,71
2020-06-12,96,16,80
2020-06-12,62,13,49
2020-06-12,34,7,27
2020-06-12,29,16,13
2020-06-12,6,2,4
2020-06-12,5,3,2
2020-06-12,4,2,2
2020-06-13,5,1,4
2020-06-13,1,1,0
2020-06-13,4,0,4
2020-06-13,1,0,1
2020-06-13,0,0,0
2020-06-13,7,7,0
2020-06-13,12,8,4
2020-06-13,12,8,4
2020-06-13,25,13,12
2020-06-13,17,10,7
2020-06-13,41,27,14
2020-06-13,68,46,22
2020-06-13,87,52,35
2020-06-13,52,37,15
2020-06-13,64,20,44
2020-06-13,64,24,40
2020-06-13,52,19,33
2020-06-13,43,14,29
2020-06-13,41,24,17
2020-06-13,35,14,21
2020-06-13,26,12,14
2020-06-13,2,2,0
2020-06-13,4,1,3
2020-06-13,1,0,1
2020-06-14,4,2,2
2020-06-14,5,2,3
2020-06-14,1,0,1
2020-06-14,3,1,2
2020-06-14,1,1,0
2020-06-14,6,5,1
2020-06-14,19,17,2
2020-06-14,28,16,12
2020-06-14,45,23,22
2020-06-14,58,31,27
2020-06-14,96,55,41
2020-06-14,153,70,83
2020-06-14,140,70,70
2020-06-14,155,73,82
2020-06-14,166,87,79
2020-06-14,153,78,75
2020-06-14,160,89,71
2020-06-14,106,43,63
2020-06-14,69,31,38
2020-06-14,58,24,34
2020-06-14,33,17,16
2020-06-14,14,12,2
2020-06-14,3,1,2
2020-06-14,7,2,5
2020-06-15,7,6,1
2020-06-15,1,0,1
2020-06-15,2,2,0
2020-06-15,2,1,1
2020-06-15,2,1,1
2020-06-15,19,18,1
2020-06-15,43,36,7
2020-06-15,39,35,4
2020-06-15,35,31,4
2020-06-15,23,21,2
2020-06-15,12,10,2
2020-06-15,14,6,8
2020-06-15,20,12,8
2020-06-15,21,10,11
2020-06-15,30,11,19
2020-06-15,29,6,23
2020-06-15,68,23,45
2020-06-15,82,27,55
2020-06-15,42,11,31
2020-06-15,22,5,17
2020-06-15,10,2,8
2020-06-15,7,2,5
2020-06-15,5,1,4
2020-06-15,2,1,1
2020-06-16,4,1,3
2020-06-16,2,1,1
2020-06-16,1,1,0
2020-06-16,0,0,0
2020-06-16,1,0,1
2020-06-16,23,22,1
2020-06-16,70,58,12
2020-06-16,67,57,10
2020-06-16,69,60,9
2020-06-16,41,25,16
2020-06-16,31,23,8
2020-06-16,39,26,13
2020-06-16,50,32,18
2020-06-16,60,35,25
2020-06-16,66,32,34
2020-06-16,90,28,62
2020-06-16,124,40,84
2020-06-16,170,64,106
2020-06-16,98,27,71
2020-06-16,58,14,44
2020-06-16,35,21,14
2020-06-16,29,14,15
2020-06-16,5,3,2
2020-06-16,9,3,6
2020-06-17,7,2,5
2020-06-17,2,1,1
2020-06-17,2,1,1
2020-06-17,0,0,0
2020-06-17,5,2,3
2020-06-17,30,25,5
2020-06-17,76,66,10
2020-06-17,85,75,10
2020-06-17,60,47,13
2020-06-17,58,42,16
2020-06-17,54,41,13
2020-06-17,56,28,28
2020-06-17,55,36,19
2020-06-17,52,19,33
2020-06-17,95,38,57
2020-06-17,125,41,84
2020-06-17,141,53,88
2020-06-17,172,52,120
2020-06-17,142,49,93
2020-06-17,96,42,54
2020-06-17,53,32,21
2020-06-17,34,11,23
2020-06-17,9,4,5
2020-06-17,17,9,8
2020-06-18,5,3,2
2020-06-18,3,2,1
2020-06-18,2,1,1
2020-06-18,1,1,0
2020-06-18,5,5,0
2020-06-18,26,23,3
2020-06-18,73,61,12
2020-06-18,88,73,15
2020-06-18,74,57,17
2020-06-18,64,45,19
2020-06-18,50,34,16
2020-06-18,74,42,32
2020-06-18,62,29,33
2020-06-18,75,35,40
2020-06-18,76,30,46
2020-06-18,147,63,84
2020-06-18,168,54,114
2020-06-18,163,58,105
2020-06-18,126,38,88
2020-06-18,81,37,44
2020-06-18,53,26,27
2020-06-18,36,20,16
2020-06-18,12,6,6
2020-06-18,12,3,9
2020-06-19,3,1,2
2020-06-19,2,2,0
2020-06-19,5,3,2
2020-06-19,0,0,0
2020-06-19,5,5,0
2020-06-19,31,27,4
2020-06-19,52,46,6
2020-06-19,83,66,17
2020-06-19,68,54,14
2020-06-19,58,40,18
2020-06-19,65,43,22
2020-06-19,78,44,34
2020-06-19,81,42,39
2020-06-19,92,53,39
2020-06-19,101,42,59
2020-06-19,132,51,81
2020-06-19,150,54,96
2020-06-19,123,35,88
2020-06-19,88,31,57
2020-06-19,71,28,43
2020-06-19,54,23,31
2020-06-19,23,13,10
2020-06-19,7,5,2
2020-06-19,3,1,2
2020-06-20,10,9,1
2020-06-20,1,1,0
2020-06-20,0,0,0
2020-06-20,4,0,4
2020-06-20,1,0,1
2020-06-20,2,2,0
2020-06-20,9,5,4
2020-06-20,15,10,5
2020-06-20,14,10,4
2020-06-20,18,9,9
2020-06-20,35,19,16
2020-06-20,35,18,17
2020-06-20,40,14,26
2020-06-20,56,32,24
2020-06-20,58,21,37
2020-06-20,85,35,50
2020-06-20,79,38,41
2020-06-20,52,25,27
2020-06-20,53,21,32
2020-06-20,41,17,24
2020-06-20,21,11,10
2020-06-20,27,14,13
2020-06-20,10,7,3
2020-06-20,5,3,2
2020-06-21,2,2,0
2020-06-21,3,0,3
2020-06-21,2,1,1
2020-06-21,3,1,2
2020-06-21,0,0,0
2020-06-21,5,5,0
2020-06-21,15,10,5
2020-06-21,13,8,5
2020-06-21,32,21,11
2020-06-21,41,20,21
2020-06-21,70,44,26
2020-06-21,81,35,46
2020-06-21,91,48,43
2020-06-21,124,49,75
2020-06-21,121,54,67
2020-06-21,120,63,57
2020-06-21,123,56,67
2020-06-21,77,38,39
2020-06-21,51,31,20
2020-06-21,41,26,15
2020-06-21,24,15,9
2020-06-21,11,6,5
2020-06-21,6,2,4
2020-06-21,4,1,3
2020-06-22,3,3,0
2020-06-22,2,1,1
2020-06-22,0,0,0
2020-06-22,1,0,1
2020-06-22,7,4,3
2020-06-22,29,26,3
2020-06-22,75,66,9
2020-06-22,89,71,18
2020-06-22,85,70,15
2020-06-22,47,33,14
2020-06-22,40,19,21
2020-06-22,63,35,28
2020-06-22,67,38,29
2020-06-22,67,33,34
2020-06-22,78,39,39
2020-06-22,112,37,75
2020-06-22,115,37,78
2020-06-22,167,43,124
2020-06-22,127,47,80
2020-06-22,71,37,34
2020-06-22,49,23,26
2020-06-22,19,14,5
2020-06-22,7,3,4
2020-06-22,6,0,6
2020-06-23,2,1,1
2020-06-23,3,2,1
2020-06-23,2,2,0
2020-06-23,2,2,0
2020-06-23,8,6,2
2020-06-23,30,28,2
2020-06-23,78,69,9
2020-06-23,106,92,14
2020-06-23,76,59,17
2020-06-23,63,41,22
2020-06-23,48,34,14
2020-06-23,60,27,33
2020-06-23,61,36,25
2020-06-23,80,36,44
2020-06-23,74,35,39
2020-06-23,120,42,78
2020-06-23,112,39,73
2020-06-23,156,38,118
2020-06-23,97,26,71
2020-06-23,71,34,37
2020-06-23,38,18,20
2020-06-23,16,8,8
2020-06-23,10,3,7
2020-06-23,8,1,7
2020-06-24,2,1,1
2020-06-24,5,1,4
2020-06-24,1,1,0
2020-06-24,2,1,1
2020-06-24,13,9,4
2020-06-24,25,17,8
2020-06-24,93,74,19
2020-06-24,83,74,9
2020-06-24,79,61,18
2020-06-24,51,37,14
2020-06-24,48,34,14
2020-06-24,42,27,15
2020-06-24,51,28,23
2020-06-24,40,16,24
2020-06-24,57,28,29
2020-06-24,94,34,60
2020-06-24,132,35,97
2020-06-24,138,28,110
2020-06-24,107,33,74
2020-06-24,69,32,37
2020-06-24,60,27,33
2020-06-24,25,11,14
2020-06-24,9,4,5
2020-06-24,11,2,9
2020-06-25,1,1,0
2020-06-25,3,0,3
2020-06-25,2,0,2
2020-06-25,8,5,3
2020-06-25,11,10,1
2020-06-25,40,34,6
2020-06-25,83,73,10
2020-06-25,99,87,12
2020-06-25,64,51,13
2020-06-25,72,44,28
2020-06-25,37,21,16
2020-06-25,52,31,21
2020-06-25,53,24,29
2020-06-25,79,38,41
2020-06-25,83,36,47
2020-06-25,117,51,66
2020-06-25,163,58,105
2020-06-25,146,38,108
2020-06-25,123,33,90
2020-06-25,97,35,62
2020-06-25,51,22,29
2020-06-25,59,38,21
2020-06-25,16,8,8
2020-06-25,13,7,6
2020-06-26,6,2,4
2020-06-26,2,2,0
2020-06-26,7,4,3
2020-06-26,0,0,0
2020-06-26,8,7,1
2020-06-26,26,23,3
2020-06-26,68,54,14
2020-06-26,71,60,11
2020-06-26,70,56,14
2020-06-26,63,42,21
2020-06-26,52,31,21
2020-06-26,73,47,26
2020-06-26,67,30,37
2020-06-26,86,34,52
2020-06-26,100,42,58
2020-06-26,138,50,88
2020-06-26,145,54,91
2020-06-26,127,42,85
2020-06-26,83,23,60
2020-06-26,60,25,35
2020-06-26,42,23,19
2020-06-26,31,20,11
2020-06-26,8,2,6
2020-06-26,8,4,4
2020-06-27,3,1,2
2020-06-27,1,1,0
2020-06-27,0,0,0
2020-06-27,1,0,1
2020-06-27,3,1,2
2020-06-27,12,10,2
2020-06-27,8,6,2
2020-06-27,11,6,5
2020-06-27,12,4,8
2020-06-27,30,10,20
2020-06-27,31,17,14
2020-06-27,52,32,20
2020-06-27,30,18,12
2020-06-27,19,12,7
2020-06-27,30,18,12
2020-06-27,33,10,23
2020-06-27,24,11,13
2020-06-27,28,15,13
2020-06-27,19,7,12
2020-06-27,14,7,7
2020-06-27,6,0,6
2020-06-27,4,3,1
2020-06-27,3,0,3
2020-06-27,0,0,0
2020-06-28,0,0,0
2020-06-28,0,0,0
2020-06-28,2,1,1
2020-06-28,3,2,1
2020-06-28,0,0,0
2020-06-28,2,2,0
2020-06-28,10,9,1
2020-06-28,15,5,10
2020-06-28,17,11,6
2020-06-28,17,8,9
2020-06-28,42,17,25
2020-06-28,61,24,37
2020-06-28,73,41,32
2020-06-28,116,61,55
2020-06-28,115,60,55
2020-06-28,118,64,54
2020-06-28,94,43,51
2020-06-28,98,45,53
2020-06-28,61,24,37
2020-06-28,49,24,25
2020-06-28,33,15,18
2020-06-28,27,19,8
2020-06-28,8,4,4
2020-06-28,12,6,6
2020-06-29,7,5,2
2020-06-29,1,0,1
2020-06-29,1,1,0
2020-06-29,1,1,0
2020-06-29,5,4,1
2020-06-29,24,22,2
2020-06-29,68,59,9
2020-06-29,70,57,13
2020-06-29,79,71,8
2020-06-29,45,33,12
2020-06-29,34,23,11
2020-06-29,50,31,19
2020-06-29,53,25,28
2020-06-29,50,26,24
2020-06-29,80,34,46
2020-06-29,81,34,47
2020-06-29,113,38,75
2020-06-29,132,25,107
2020-06-29,90,25,65
2020-06-29,44,20,24
2020-06-29,31,16,15
2020-06-29,17,5,12
2020-06-29,5,1,4
2020-06-29,8,1,7
2020-06-30,3,1,2
2020-06-30,1,1,0
2020-06-30,1,0,1
2020-06-30,0,0,0
2020-06-30,2,2,0
2020-06-30,24,21,3
2020-06-30,51,42,9
2020-06-30,52,43,9
2020-06-30,35,29,6
2020-06-30,22,16,6
2020-06-30,12,9,3
2020-06-30,26,17,9
2020-06-30,27,14,13
2020-06-30,30,20,10
2020-06-30,52,26,26
2020-06-30,45,14,31
2020-06-30,68,19,49
2020-06-30,80,18,62
2020-06-30,56,11,45
2020-06-30,31,13,18
2020-06-30,30,16,14
2020-06-30,22,10,12
2020-06-30,8,4,4
2020-06-30,6,1,5
2020-10-01,4,2,2
2020-10-01,4,2,2
2020-10-01,2,2,0
2020-10-01,3,2,1
2020-10-01,3,2,1
2020-10-01,39,32,7
2020-10-01,65,56,9
2020-10-01,84,74,10
2020-10-01,74,61,13
2020-10-01,62,41,21
2020-10-01,25,13,12
2020-10-01,43,26,17
2020-10-01,35,18,17
2020-10-01,41,21,20
2020-10-01,44,18,26
2020-10-01,82,25,57
2020-10-01,86,27,59
2020-10-01,126,37,89
2020-10-01,90,24,66
2020-10-01,35,10,25
2020-10-01,22,10,12
2020-10-01,14,6,8
2020-10-01,11,2,9
2020-10-01,6,1,5
2020-10-02,3,0,3
2020-10-02,3,1,2
2020-10-02,7,3,4
2020-10-02,3,2,1
2020-10-02,6,4,2
2020-10-02,22,19,3
2020-10-02,52,49,3
2020-10-02,73,55,18
2020-10-02,67,57,10
2020-10-02,45,30,15
2020-10-02,38,22,16
2020-10-02,26,18,8
2020-10-02,44,22,22
2020-10-02,52,28,24
2020-10-02,77,31,46
2020-10-02,95,29,66
2020-10-02,109,38,71
2020-10-02,92,23,69
2020-10-02,70,23,47
2020-10-02,33,19,14
2020-10-02,14,4,10
2020-10-02,16,5,11
2020-10-02,13,7,6
2020-10-02,2,2,0
2020-10-03,2,1,1
2020-10-03,2,0,2
2020-10-03,4,2,2
2020-10-03,2,1,1
2020-10-03,1,0,1
2020-10-03,9,9,0
2020-10-03,11,6,5
2020-07-01,4,1,3
2020-07-01,0,0,0
2020-07-01,2,1,1
2020-07-01,0,0,0
2020-07-01,4,4,0
2020-07-01,28,25,3
2020-07-01,65,60,5
2020-07-01,80,71,9
2020-07-01,57,38,19
2020-07-01,42,29,13
2020-07-01,27,19,8
2020-07-01,32,26,6
2020-07-01,47,27,20
2020-07-01,34,18,16
2020-07-01,65,33,32
2020-07-01,104,36,68
2020-07-01,113,34,79
2020-07-01,115,32,83
2020-07-01,65,17,48
2020-07-01,42,13,29
2020-07-01,24,11,13
2020-07-01,14,3,11
2020-07-01,8,2,6
2020-07-01,5,1,4
2020-07-02,4,3,1
2020-07-02,3,2,1
2020-07-02,0,0,0
2020-07-02,1,1,0
2020-07-02,6,2,4
2020-07-02,25,21,4
2020-07-02,65,50,15
2020-07-02,74,65,9
2020-07-02,68,49,19
2020-07-02,36,25,11
2020-07-02,34,24,10
2020-07-02,35,15,20
2020-07-02,53,27,26
2020-07-02,46,22,24
2020-07-02,60,26,34
2020-07-02,71,29,42
2020-07-02,102,28,74
2020-07-02,108,37,71
2020-07-02,80,32,48
2020-07-02,54,13,41
2020-07-02,34,13,21
2020-07-02,12,4,8
2020-07-02,11,7,4
2020-07-02,6,1,5
2020-07-03,2,0,2
2020-07-03,2,1,1
2020-07-03,1,0,1
2020-07-03,2,2,0
2020-07-03,4,0,4
2020-07-03,10,8,2
2020-07-03,19,15,4
2020-07-03,28,21,7
2020-07-03,35,18,17
2020-07-03,60,37,23
2020-07-03,53,22,31
2020-07-03,73,45,28
2020-07-03,66,35,31
2020-07-03,108,60,48
2020-07-03,91,39,52
2020-07-03,94,45,49
2020-07-03,86,35,51
2020-07-03,51,18,33
2020-07-03,54,29,25
2020-07-03,35,17,18
2020-07-03,26,14,12
2020-07-03,20,7,13
2020-07-03,9,2,7
2020-07-03,4,2,2
2020-07-04,7,4,3
2020-07-04,5,3,2
2020-07-04,4,3,1
2020-07-04,3,3,0
2020-07-04,3,0,3
2020-07-04,9,8,1
2020-07-04,6,2,4
2020-07-04,15,9,6
2020-07-04,35,16,19
2020-07-04,44,25,19
2020-07-04,46,25,21
2020-07-04,75,33,42
2020-07-04,96,53,43
2020-07-04,91,47,44
2020-07-04,118,61,57
2020-07-04,93,38,55
2020-07-04,95,37,58
2020-07-04,58,31,27
2020-07-04,34,18,16
2020-07-04,40,21,19
2020-07-04,29,17,12
2020-07-04,25,16,9
2020-07-04,6,2,4
2020-07-04,3,1,2
2020-07-05,7,5,2
2020-07-05,5,1,4
2020-07-05,0,0,0
2020-07-05,1,1,0
2020-07-05,3,1,2
2020-07-05,6,5,1
2020-07-05,6,4,2
2020-07-05,17,13,4
2020-07-05,35,20,15
2020-07-05,45,25,20
2020-07-05,82,34,48
2020-07-05,105,48,57
2020-07-05,116,63,53
2020-07-05,118,65,53
2020-07-05,130,60,70
2020-07-05,146,66,80
2020-07-05,119,55,64
2020-07-05,87,43,44
2020-07-05,61,33,28
2020-07-05,42,26,16
2020-07-05,38,17,21
2020-07-05,26,17,9
2020-07-05,2,2,0
2020-07-05,2,2,0
2020-07-06,9,4,5
2020-07-06,1,0,1
2020-07-06,1,1,0
2020-07-06,4,4,0
2020-07-06,6,6,0
2020-07-06,37,32,5
2020-07-06,57,50,7
2020-07-06,75,68,7
2020-07-06,61,51,10
2020-07-06,36,24,12
2020-07-06,36,26,10
2020-07-06,69,42,27
2020-07-06,60,22,38
2020-07-06,47,18,29
2020-07-06,85,49,36
2020-07-06,94,24,70
2020-07-06,111,52,59
2020-07-06,127,35,92
2020-07-06,94,29,65
2020-07-06,54,19,35
2020-07-06,36,13,23
2020-07-06,14,5,9
2020-07-06,2,1,1
2020-07-06,3,2,1
2020-07-07,7,3,4
2020-07-07,2,2,0
2020-07-07,1,0,1
2020-07-07,1,1,0
2020-07-07,4,4,0
2020-07-07,28,24,4
2020-07-07,65,58,7
2020-07-07,82,74,8
2020-07-07,52,45,7
2020-07-07,43,31,12
2020-07-07,39,28,11
2020-07-07,41,19,22
2020-07-07,37,20,17
2020-07-07,26,13,13
2020-07-07,56,28,28
2020-07-07,61,24,37
2020-07-07,96,26,70
2020-07-07,114,35,79
2020-07-07,94,27,67
2020-07-07,53,20,33
2020-07-07,24,5,19
2020-07-07,13,5,8
2020-07-07,3,2,1
2020-07-07,7,2,5
2020-07-08,2,2,0
2020-07-08,1,0,1
2020-07-08,1,1,0
2020-07-08,1,1,0
2020-07-08,4,4,0
2020-07-08,27,22,5
2020-07-08,72,63,9
2020-07-08,100,85,15
2020-07-08,70,60,10
2020-07-08,40,26,14
2020-07-08,31,18,13
2020-07-08,57,29,28
2020-07-08,54,34,20
2020-07-08,58,28,30
2020-07-08,64,32,32
2020-07-08,86,31,55
2020-07-08,130,48,82
2020-07-08,176,52,124
2020-07-08,145,58,87
2020-07-08,86,36,50
2020-07-08,75,40,35
2020-07-08,20,10,10
2020-07-08,9,1,8
2020-07-08,7,1,6
2020-07-09,3,1,2
2020-07-09,3,2,1
2020-07-09,4,2,2
2020-07-09,2,1,1
2020-07-09,6,5,1
2020-07-09,25,22,3
2020-07-09,74,65,9
2020-07-09,73,59,14
2020-07-09,57,45,12
2020-07-09,38,35,3
2020-07-09,32,25,7
2020-07-09,50,23,27
2020-07-09,40,23,17
2020-07-09,34,19,15
2020-07-09,54,30,24
2020-07-09,74,28,46
2020-07-09,108,27,81
2020-07-09,126,37,89
2020-07-09,96,34,62
2020-07-09,61,24,37
2020-07-09,32,9,23
2020-07-09,6,2,4
2020-07-09,11,4,7
2020-07-09,5,2,3
2020-07-10,5,1,4
2020-07-10,4,2,2
2020-07-10,1,0,1
2020-07-10,0,0,0
2020-07-10,4,3,1
2020-07-10,26,22,4
2020-07-10,79,67,12
2020-07-10,73,64,9
2020-07-10,78,60,18
2020-07-10,44,33,11
2020-07-10,70,45,25
2020-07-10,66,44,22
2020-07-10,40,20,20
2020-07-10,72,28,44
2020-07-10,92,41,51
2020-07-10,98,43,55
2020-07-10,147,51,96
2020-07-10,151,36,115
2020-07-10,96,28,68
2020-07-10,50,24,26
2020-07-10,51,28,23
2020-07-10,23,13,10
2020-07-10,21,7,14
2020-07-10,8,3,5
2020-07-11,8,1,7
2020-07-11,5,4,1
2020-07-11,2,1,1
2020-07-11,2,1,1
2020-07-11,4,3,1
2020-07-11,10,8,2
2020-07-11,19,12,7
2020-07-11,33,19,14
2020-07-11,51,35,16
2020-07-11,55,30,25
2020-07-11,86,50,36
2020-07-11,96,50,46
2020-07-11,104,50,54
2020-07-11,112,50,62
2020-07-11,121,51,70
2020-07-11,100,47,53
2020-07-11,104,60,44
2020-07-11,66,29,37
2020-07-11,46,18,28
2020-07-11,25,9,16
2020-07-11,19,8,11
2020-07-11,12,8,4
2020-07-11,5,2,3
2020-07-11,7,3,4
2020-07-12,4,3,1
2020-07-12,1,1,0
2020-07-12,2,1,1
2020-07-12,0,0,0
2020-07-12,1,1,0
2020-07-12,2,1,1
2020-07-12,11,6,5
2020-07-12,12,8,4
2020-07-12,10,5,5
2020-07-12,19,11,8
2020-07-12,18,11,7
2020-07-12,42,23,19
2020-07-12,58,36,22
2020-07-12,76,41,35
2020-07-12,116,53,63
2020-07-12,130,71,59
2020-07-12,124,59,65
2020-07-12,89,47,42
2020-07-12,84,38,46
2020-07-12,43,20,23
2020-07-12,35,14,21
2020-07-12,10,5,5
2020-07-12,10,4,6
2020-07-12,10,4,6
2020-07-13,2,2,0
2020-07-13,3,2,1
2020-07-13,1,1,0
2020-07-13,2,0,2
2020-07-13,4,4,0
2020-07-13,31,26,5
2020-07-13,78,70,8
2020-07-13,91,76,15
2020-07-13,83,69,14
2020-07-13,60,43,17
2020-07-13,49,37,12
2020-07-13,52,24,28
2020-07-13,56,30,26
2020-07-13,54,27,27
2020-07-13,68,21,47
2020-07-13,101,30,71
2020-07-13,109,29,80
2020-07-13,163,50,113
2020-07-13,117,43,74
2020-07-13,62,22,40
2020-07-13,36,21,15
2020-07-13,25,14,11
2020-07-13,6,4,2
2020-07-13,4,1,3
2020-07-14,10,4,6
2020-07-14,2,0,2
2020-07-14,0,0,0
2020-07-14,2,1,1
2020-07-14,9,9,0
2020-07-14,34,28,6
2020-07-14,92,78,14
2020-07-14,97,82,15
2020-07-14,78,62,16
2020-07-14,55,39,16
2020-07-14,74,50,24
2020-07-14,38,17,21
2020-07-14,71,41,30
2020-07-14,54,28,26
2020-07-14,59,22,37
2020-07-14,96,36,60
2020-07-14,126,40,86
2020-07-14,177,52,125
2020-07-14,132,32,100
2020-07-14,67,20,47
2020-07-14,70,39,31
2020-07-14,24,15,9
2020-07-14,7,4,3
2020-07-14,4,3,1
2020-07-15,5,3,2
2020-07-15,0,0,0
2020-07-15,5,2,3
2020-07-15,3,2,1
2020-07-15,7,6,1
2020-07-15,34,28,6
2020-07-15,90,79,11
2020-07-15,83,71,12
2020-07-15,82,66,16
2020-07-15,61,40,21
2020-07-15,38,28,10
2020-07-15,53,30,23
2020-07-15,62,27,35
2020-07-15,47,19,28
2020-07-15,78,40,38
2020-07-15,103,30,73
2020-07-15,156,54,102
2020-07-15,152,50,102
2020-07-15,133,44,89
2020-07-15,83,38,45
2020-07-15,57,27,30
2020-07-15,32,15,17
2020-07-15,13,8,5
2020-07-15,7,3,4
2020-07-16,4,3,1
2020-07-16,4,0,4
2020-07-16,7,4,3
2020-07-16,1,1,0
2020-07-16,6,5,1
2020-07-16,44,37,7
2020-07-16,95,81,14
2020-07-16,104,89,15
2020-07-16,77,63,14
2020-07-16,54,36,18
2020-07-16,71,39,32
2020-07-16,63,42,21
2020-07-16,72,31,41
2020-07-16,62,28,34
2020-07-16,62,32,30
2020-07-16,89,28,61
2020-07-16,127,34,93
2020-07-16,173,46,127
2020-07-16,100,34,66
2020-07-16,66,17,49
2020-07-16,51,18,33
2020-07-16,19,6,13
2020-07-16,15,9,6
2020-07-16,6,3,3
2020-07-17,5,1,4
2020-07-17,3,2,1
2020-07-17,3,3,0
2020-07-17,3,1,2
2020-07-17,4,4,0
2020-07-17,15,14,1
2020-07-17,44,35,9
2020-07-17,41,32,9
2020-07-17,47,37,10
2020-07-17,26,14,12
2020-07-17,34,20,14
2020-07-17,34,19,15
2020-07-17,39,20,19
2020-07-17,39,18,21
2020-07-17,47,21,26
2020-07-17,56,24,32
2020-07-17,72,28,44
2020-07-17,110,27,83
2020-07-17,61,23,38
2020-07-17,37,11,26
2020-07-17,40,14,26
2020-07-17,23,16,7
2020-07-17,7,3,4
2020-07-17,6,3,3
2020-07-18,7,3,4
2020-07-18,1,0,1
2020-07-18,1,1,0
2020-07-18,2,1,1
2020-07-18,3,1,2
2020-07-18,8,8,0
2020-07-18,14,11,3
2020-07-18,35,21,14
2020-07-18,49,30,19
2020-07-18,96,43,53
2020-07-18,105,53,52
2020-07-18,131,67,64
2020-07-18,148,81,67
2020-07-18,128,64,64
2020-07-18,126,57,69
2020-07-18,135,52,83
2020-07-18,131,69,62
2020-07-18,103,41,62
2020-07-18,100,41,59
2020-07-18,63,38,25
2020-07-18,48,34,14
2020-07-18,19,13,6
2020-07-18,9,1,8
2020-07-18,2,1,1
2020-07-19,3,0,3
2020-07-19,0,0,0
2020-07-19,1,0,1
2020-07-19,2,1,1
2020-07-19,2,0,2
2020-07-19,3,3,0
2020-07-19,15,7,8
2020-07-19,36,26,10
2020-07-19,40,20,20
2020-07-19,70,45,25
2020-07-19,84,47,37
2020-07-19,109,58,51
2020-07-19,127,58,69
2020-07-19,147,70,77
2020-07-19,115,59,56
2020-07-19,108,56,52
2020-07-19,96,49,47
2020-07-19,73,35,38
2020-07-19,53,18,35
2020-07-19,37,17,20
2020-07-19,32,17,15
2020-07-19,14,7,7
2020-07-19,4,2,2
2020-07-19,7,3,4
2020-07-20,2,2,0
2020-07-20,3,2,1
2020-07-20,1,0,1
2020-07-20,1,0,1
2020-07-20,6,3,3
2020-07-20,38,31,7
2020-07-20,79,69,10
2020-07-20,83,75,8
2020-07-20,75,59,16
2020-07-20,64,53,11
2020-07-20,48,25,23
2020-07-20,53,24,29
2020-07-20,53,31,22
2020-07-20,70,33,37
2020-07-20,66,24,42
2020-07-20,87,33,54
2020-07-20,109,28,81
2020-07-20,124,30,94
2020-07-20,95,25,70
2020-07-20,66,24,42
2020-07-20,41,22,19
2020-07-20,14,6,8
2020-07-20,6,1,5
2020-07-20,10,5,5
2020-07-21,3,1,2
2020-07-21,1,0,1
2020-07-21,1,1,0
2020-07-21,1,1,0
2020-07-21,8,7,1
2020-07-21,44,37,7
2020-07-21,98,90,8
2020-07-21,88,66,22
2020-07-21,83,68,15
2020-07-21,70,42,28
2020-07-21,59,42,17
2020-07-21,55,29,26
2020-07-21,56,25,31
2020-07-21,46,23,23
2020-07-21,60,19,41
2020-07-21,96,38,58
2020-07-21,137,47,90
2020-07-21,153,42,111
2020-07-21,131,46,85
2020-07-21,74,30,44
2020-07-21,59,25,34
2020-07-21,28,17,11
2020-07-21,7,1,6
2020-07-21,5,2,3
2020-07-22,6,1,5
2020-07-22,5,4,1
2020-07-22,3,3,0
2020-07-22,1,1,0
2020-07-22,8,5,3
2020-07-22,28,24,4
2020-07-22,91,83,8
2020-07-22,90,75,15
2020-07-22,69,49,20
2020-07-22,45,33,12
2020-07-22,35,29,6
2020-07-22,34,22,12
2020-07-22,34,22,12
2020-07-22,40,24,16
2020-07-22,64,20,44
2020-07-22,79,23,56
2020-07-22,129,49,80
2020-07-22,136,37,99
2020-07-22,102,25,77
2020-07-22,68,27,41
2020-07-22,32,17,15
2020-07-22,29,16,13
2020-07-22,10,6,4
2020-07-22,4,2,2
2020-07-23,2,1,1
2020-07-23,3,1,2
2020-07-23,2,2,0
2020-07-23,3,2,1
2020-07-23,4,3,1
2020-07-23,26,24,2
2020-07-23,87,74,13
2020-07-23,93,79,14
2020-07-23,67,51,16
2020-07-23,48,33,15
2020-07-23,33,22,11
2020-07-23,44,18,26
2020-07-23,65,36,29
2020-07-23,54,32,22
2020-07-23,81,34,47
2020-07-23,83,32,51
2020-07-23,107,30,77
2020-07-23,155,47,108
2020-07-23,103,25,78
2020-07-23,67,28,39
2020-07-23,50,26,24
2020-07-23,21,12,9
2020-07-23,7,4,3
2020-07-23,7,3,4
2020-07-24,2,1,1
2020-07-24,4,2,2
2020-07-24,5,4,1
2020-07-24,1,1,0
2020-07-24,10,8,2
2020-07-24,31,26,5
2020-07-24,55,49,6
2020-07-24,79,72,7
2020-07-24,77,53,24
2020-07-24,69,40,29
2020-07-24,47,31,16
2020-07-24,53,34,19
2020-07-24,70,40,30
2020-07-24,49,21,28
2020-07-24,73,35,38
2020-07-24,91,28,63
2020-07-24,94,22,72
2020-07-24,122,33,89
2020-07-24,83,29,54
2020-07-24,52,20,32
2020-07-24,35,16,19
2020-07-24,16,5,11
2020-07-24,10,5,5
2020-07-24,11,5,6
2020-07-25,2,1,1
2020-07-25,1,1,0
2020-07-25,5,3,2
2020-07-25,1,1,0
2020-07-25,0,0,0
2020-07-25,12,11,1
2020-07-25,22,19,3
2020-07-25,23,16,7
2020-07-25,45,27,18
2020-07-25,76,39,37
2020-07-25,89,39,50
2020-07-25,129,71,58
2020-07-25,117,66,51
2020-07-25,110,52,58
2020-07-25,132,61,71
2020-07-25,109,56,53
2020-07-25,106,44,62
2020-07-25,92,42,50
2020-07-25,78,35,43
2020-07-25,49,19,30
2020-07-25,23,11,12
2020-07-25,28,13,15
2020-07-25,17,11,6
2020-07-25,4,2,2
2020-07-26,6,3,3
2020-07-26,1,1,0
2020-07-26,4,3,1
2020-07-26,1,1,0
2020-07-26,3,1,2
2020-07-26,7,6,1
2020-07-26,26,18,8
2020-07-26,29,13,16
2020-07-26,58,26,32
2020-07-26,73,43,30
2020-07-26,92,47,45
2020-07-26,139,60,79
2020-07-26,136,76,60
2020-07-26,109,58,51
2020-07-26,113,58,55
2020-07-26,98,46,52
2020-07-26,80,34,46
2020-07-26,109,58,51
2020-07-26,57,29,28
2020-07-26,33,18,15
2020-07-26,35,18,17
2020-07-26,22,11,11
2020-07-26,1,1,0
2020-07-26,9,3,6
2020-07-27,2,2,0
2020-07-27,5,2,3
2020-07-27,2,1,1
2020-07-27,0,0,0
2020-07-27,10,10,0
2020-07-27,34,29,5
2020-07-27,74,56,18
2020-07-27,90,79,11
2020-07-27,63,48,15
2020-07-27,51,38,13
2020-07-27,47,22,25
2020-07-27,47,34,13
2020-07-27,41,20,21
2020-07-27,49,23,26
2020-07-27,63,26,37
2020-07-27,90,33,57
2020-07-27,89,30,59
2020-07-27,110,28,82
2020-07-27,88,18,70
2020-07-27,51,17,34
2020-07-27,31,12,19
2020-07-27,20,14,6
2020-07-27,9,3,6
2020-07-27,5,1,4
2020-07-28,4,1,3
2020-07-28,3,1,2
2020-07-28,4,3,1
2020-07-28,3,1,2
2020-07-28,6,6,0
2020-07-28,39,34,5
2020-07-28,85,75,10
2020-07-28,95,85,10
2020-07-28,78,61,17
2020-07-28,50,38,12
2020-07-28,43,28,15
2020-07-28,55,31,24
2020-07-28,49,28,21
2020-07-28,50,26,24
2020-07-28,64,26,38
2020-07-28,96,28,68
2020-07-28,131,33,98
2020-07-28,141,37,104
2020-07-28,108,23,85
2020-07-28,60,30,30
2020-07-28,69,23,46
2020-07-28,19,9,10
2020-07-28,12,4,8
2020-07-28,4,3,1
2020-07-29,3,1,2
2020-07-29,1,1,0
2020-07-29,6,4,2
2020-07-29,1,0,1
2020-07-29,8,5,3
2020-07-29,45,36,9
2020-07-29,69,61,8
2020-07-29,93,76,17
2020-07-29,85,64,21
2020-07-29,37,27,10
2020-07-29,55,30,25
2020-07-29,51,25,26
2020-07-29,54,32,22
2020-07-29,69,34,35
2020-07-29,78,47,31
2020-07-29,85,29,56
2020-07-29,121,31,90
2020-07-29,157,47,110
2020-07-29,96,30,66
2020-07-29,72,31,41
2020-07-29,50,17,33
2020-07-29,24,14,10
2020-07-29,24,12,12
2020-07-29,9,2,7
2020-07-30,5,2,3
2020-07-30,3,1,2
2020-07-30,3,2,1
2020-07-30,2,0,2
2020-07-30,9,6,3
2020-07-30,38,31,7
2020-07-30,80,70,10
2020-07-30,102,89,13
2020-07-30,82,62,20
2020-07-30,82,61,21
2020-07-30,44,23,21
2020-07-30,53,26,27
2020-07-30,64,37,27
2020-07-30,47,25,22
2020-07-30,81,32,49
2020-07-30,96,36,60
2020-07-30,124,39,85
2020-07-30,137,45,92
2020-07-30,103,26,77
2020-07-30,70,19,51
2020-07-30,51,23,28
2020-07-30,34,14,20
2020-07-30,14,8,6
2020-07-30,12,2,10
2020-07-31,9,3,6
2020-07-31,4,2,2
2020-07-31,5,3,2
2020-07-31,2,1,1
2020-07-31,9,8,1
2020-07-31,40,37,3
2020-07-31,54,44,10
2020-07-31,94,75,19
2020-07-31,85,61,24
2020-07-31,65,44,21
2020-07-31,40,23,17
2020-07-31,61,35,26
2020-07-31,46,23,23
2020-07-31,72,46,26
2020-07-31,69,33,36
2020-07-31,98,34,64
2020-07-31,95,26,69
2020-07-31,110,27,83
2020-07-31,78,23,55
2020-07-31,53,19,34
2020-07-31,40,21,19
2020-07-31,18,6,12
2020-07-31,7,0,7
2020-07-31,8,2,6
2020-10-03,17,12,5
2020-10-03,39,15,24
2020-10-03,44,23,21
2020-10-03,59,44,15
2020-10-03,68,34,34
2020-10-03,59,31,28
2020-10-03,68,29,39
2020-10-03,74,42,32
2020-10-03,85,44,41
2020-10-03,68,27,41
2020-10-03,53,27,26
2020-10-03,33,23,10
2020-10-03,14,5,9
2020-10-03,3,3,0
2020-10-03,7,4,3
2020-10-03,1,0,1
2020-10-03,4,1,3
2020-10-04,2,2,0
2020-10-04,0,0,0
2020-10-04,5,2,3
2020-10-04,0,0,0
2020-10-04,3,1,2
2020-10-04,3,2,1
2020-10-04,13,10,3
2020-10-04,12,6,6
2020-10-04,24,12,12
2020-10-04,27,12,15
2020-10-04,29,14,15
2020-10-04,46,30,16
2020-10-04,32,16,16
2020-10-04,53,25,28
2020-10-04,62,36,26
2020-08-01,9,3,6
2020-08-01,1,1,0
2020-08-01,3,3,0
2020-08-01,4,3,1
2020-08-01,3,3,0
2020-08-01,13,8,5
2020-08-01,20,17,3
2020-08-01,37,19,18
2020-08-01,60,29,31
2020-08-01,69,38,31
2020-08-01,94,41,53
2020-08-01,72,34,38
2020-08-01,93,53,40
2020-08-01,112,58,54
2020-08-01,103,53,50
2020-08-01,98,46,52
2020-08-01,99,40,59
2020-08-01,76,41,35
2020-08-01,58,32,26
2020-08-01,65,34,31
2020-08-01,31,17,14
2020-08-01,28,19,9
2020-08-01,12,6,6
2020-08-01,4,0,4
2020-08-02,7,1,6
2020-08-02,2,1,1
2020-08-02,3,1,2
2020-08-02,2,2,0
2020-08-02,1,1,0
2020-08-02,9,5,4
2020-08-02,20,12,8
2020-08-02,31,16,15
2020-08-02,54,27,27
2020-08-02,75,36,39
2020-08-02,91,43,48
2020-08-02,107,50,57
2020-08-02,144,63,81
2020-08-02,126,69,57
2020-08-02,119,53,66
2020-08-02,104,50,54
2020-08-02,121,52,69
2020-08-02,76,38,38
2020-08-02,74,42,32
2020-08-02,55,25,30
2020-08-02,19,10,9
2020-08-02,10,5,5
2020-08-02,7,3,4
2020-08-02,3,2,1
2020-08-03,7,3,4
2020-08-03,4,3,1
2020-08-03,3,2,1
2020-08-03,1,1,0
2020-08-03,7,6,1
2020-08-03,38,33,5
2020-08-03,90,76,14
2020-08-03,81,72,9
2020-08-03,85,72,13
2020-08-03,41,24,17
2020-08-03,37,20,17
2020-08-03,38,23,15
2020-08-03,34,20,14
2020-08-03,40,23,17
2020-08-03,62,28,34
2020-08-03,94,36,58
2020-08-03,102,37,65
2020-08-03,151,34,117
2020-08-03,86,25,61
2020-08-03,49,21,28
2020-08-03,47,17,30
2020-08-03,14,7,7
2020-08-03,11,3,8
2020-08-03,7,3,4
2020-08-04,4,0,4
2020-08-04,2,0,2
2020-08-04,2,2,0
2020-08-04,2,1,1
2020-08-04,10,6,4
2020-08-04,42,37,5
2020-08-04,92,80,12
2020-08-04,104,86,18
2020-08-04,82,66,16
2020-08-04,63,40,23
2020-08-04,51,35,16
2020-08-04,49,30,19
2020-08-04,39,16,23
2020-08-04,53,22,31
2020-08-04,69,26,43
2020-08-04,88,30,58
2020-08-04,112,31,81
2020-08-04,148,46,102
2020-08-04,111,28,83
2020-08-04,84,30,54
2020-08-04,54,25,29
2020-08-04,17,9,8
2020-08-04,14,6,8
2020-08-04,6,2,4
2020-08-05,5,1,4
2020-08-05,2,0,2
2020-08-05,3,3,0
2020-08-05,1,0,1
2020-08-05,3,2,1
2020-08-05,45,39,6
2020-08-05,84,69,15
2020-08-05,93,74,19
2020-08-05,87,70,17
2020-08-05,71,55,16
2020-08-05,47,28,19
2020-08-05,51,31,20
2020-08-05,57,34,23
2020-08-05,58,23,35
2020-08-05,84,41,43
2020-08-05,99,37,62
2020-08-05,137,37,100
2020-08-05,151,37,114
2020-08-05,122,38,84
2020-08-05,69,23,46
2020-08-05,78,48,30
2020-08-05,30,15,15
2020-08-05,10,6,4
2020-08-05,10,5,5
2020-08-06,6,0,6
2020-08-06,4,2,2
2020-08-06,4,3,1
2020-08-06,3,1,2
2020-08-06,6,2,4
2020-08-06,28,21,7
2020-08-06,82,77,5
2020-08-06,71,60,11
2020-08-06,34,29,5
2020-08-06,41,27,14
2020-08-06,21,18,3
2020-08-06,21,15,6
2020-08-06,24,14,10
2020-08-06,30,16,14
2020-08-06,42,11,31
2020-08-06,57,20,37
2020-08-06,76,19,57
2020-08-06,99,19,80
2020-08-06,60,19,41
2020-08-06,24,4,20
2020-08-06,26,10,16
2020-08-06,12,4,8
2020-08-06,8,3,5
2020-08-06,3,2,1
2020-08-07,5,2,3
2020-08-07,1,1,0
2020-08-07,3,2,1
2020-08-07,2,1,1
2020-08-07,9,6,3
2020-08-07,26,25,1
2020-08-07,62,56,6
2020-08-07,68,58,10
2020-08-07,66,52,14
2020-08-07,62,49,13
2020-08-07,57,30,27
2020-08-07,55,29,26
2020-08-07,63,32,31
2020-08-07,82,49,33
2020-08-07,74,27,47
2020-08-07,112,37,75
2020-08-07,125,39,86
2020-08-07,139,58,81
2020-08-07,134,43,91
2020-08-07,47,14,33
2020-08-07,49,35,14
2020-08-07,15,7,8
2020-08-07,9,1,8
2020-08-07,13,3,10
2020-08-08,4,0,4
2020-08-08,2,1,1
2020-08-08,3,3,0
2020-08-08,3,2,1
2020-08-08,2,2,0
2020-08-08,9,9,0
2020-08-08,11,6,5
2020-08-08,21,14,7
2020-08-08,46,22,24
2020-08-08,38,22,16
2020-08-08,65,29,36
2020-08-08,63,30,33
2020-08-08,67,38,29
2020-08-08,63,40,23
2020-08-08,89,34,55
2020-08-08,59,25,34
2020-08-08,79,43,36
2020-08-08,72,40,32
2020-08-08,49,27,22
2020-08-08,40,12,28
2020-08-08,14,3,11
2020-08-08,19,10,9
2020-08-08,10,7,3
2020-08-08,5,2,3
2020-08-09,1,0,1
2020-08-09,5,3,2
2020-08-09,0,0,0
2020-08-09,1,0,1
2020-08-09,1,0,1
2020-08-09,5,3,2
2020-08-09,20,12,8
2020-08-09,29,13,16
2020-08-09,60,30,30
2020-08-09,78,41,37
2020-08-09,91,51,40
2020-08-09,121,60,61
2020-08-09,161,81,80
2020-08-09,145,74,71
2020-08-09,154,82,72
2020-08-09,132,74,58
2020-08-09,127,56,71
2020-08-09,105,49,56
2020-08-09,82,48,34
2020-08-09,46,28,18
2020-08-09,25,14,11
2020-08-09,22,9,13
2020-08-09,13,8,5
2020-08-09,6,4,2
2020-08-10,2,0,2
2020-08-10,2,1,1
2020-08-10,1,1,0
2020-08-10,3,1,2
2020-08-10,7,5,2
2020-08-10,38,35,3
2020-08-10,67,61,6
2020-08-10,81,74,7
2020-08-10,65,47,18
2020-08-10,57,39,18
2020-08-10,44,29,15
2020-08-10,48,20,28
2020-08-10,51,25,26
2020-08-10,61,32,29
2020-08-10,69,28,41
2020-08-10,78,29,49
2020-08-10,118,39,79
2020-08-10,153,44,109
2020-08-10,84,30,54
2020-08-10,67,29,38
2020-08-10,46,19,27
2020-08-10,13,6,7
2020-08-10,9,3,6
2020-08-10,8,2,6
2020-08-11,8,2,6
2020-08-11,6,4,2
2020-08-11,9,3,6
2020-08-11,4,3,1
2020-08-11,10,6,4
2020-08-11,36,32,4
2020-08-11,72,62,10
2020-08-11,96,85,11
2020-08-11,79,65,14
2020-08-11,50,35,15
2020-08-11,35,30,5
2020-08-11,53,32,21
2020-08-11,47,23,24
2020-08-11,65,28,37
2020-08-11,67,29,38
2020-08-11,100,42,58
2020-08-11,113,32,81
2020-08-11,151,48,103
2020-08-11,108,29,79
2020-08-11,72,21,51
2020-08-11,41,20,21
2020-08-11,22,10,12
2020-08-11,15,9,6
2020-08-11,10,3,7
2020-08-12,6,2,4
2020-08-12,2,1,1
2020-08-12,5,2,3
2020-08-12,2,0,2
2020-08-12,9,7,2
2020-08-12,42,36,6
2020-08-12,89,82,7
2020-08-12,94,77,17
2020-08-12,87,65,22
2020-08-12,61,43,18
2020-08-12,40,22,18
2020-08-12,33,20,13
2020-08-12,36,20,16
2020-08-12,43,13,30
2020-08-12,81,45,36
2020-08-12,99,30,69
2020-08-12,128,37,91
2020-08-12,127,30,97
2020-08-12,101,36,65
2020-08-12,51,26,25
2020-08-12,39,14,25
2020-08-12,19,10,9
2020-08-12,11,6,5
2020-08-12,9,1,8
2020-08-13,1,1,0
2020-08-13,5,2,3
2020-08-13,6,5,1
2020-08-13,2,1,1
2020-08-13,11,8,3
2020-08-13,41,35,6
2020-08-13,87,82,5
2020-08-13,80,67,13
2020-08-13,82,65,17
2020-08-13,61,45,16
2020-08-13,51,26,25
2020-08-13,47,33,14
2020-08-13,45,20,25
2020-08-13,44,25,19
2020-08-13,87,38,49
2020-08-13,97,31,66
2020-08-13,131,42,89
2020-08-13,156,52,104
2020-08-13,117,28,89
2020-08-13,69,25,44
2020-08-13,46,26,20
2020-08-13,23,10,13
2020-08-13,13,7,6
2020-08-13,5,2,3
2020-08-14,9,3,6
2020-08-14,4,3,1
2020-08-14,5,4,1
2020-08-14,2,1,1
2020-08-14,7,5,2
2020-08-14,38,32,6
2020-08-14,61,50,11
2020-08-14,91,76,15
2020-08-14,70,54,16
2020-08-14,61,41,20
2020-08-14,61,34,27
2020-08-14,55,32,23
2020-08-14,58,27,31
2020-08-14,82,44,38
2020-08-14,79,35,44
2020-08-14,104,42,62
2020-08-14,119,40,79
2020-08-14,145,36,109
2020-08-14,102,29,73
2020-08-14,84,34,50
2020-08-14,42,26,16
2020-08-14,20,7,13
2020-08-14,12,3,9
2020-08-14,6,2,4
2020-08-15,12,6,6
2020-08-15,5,3,2
2020-08-15,5,2,3
2020-08-15,4,4,0
2020-08-15,2,2,0
2020-08-15,6,6,0
2020-08-15,30,17,13
2020-08-15,40,26,14
2020-08-15,61,33,28
2020-08-15,75,42,33
2020-08-15,114,59,55
2020-08-15,114,53,61
2020-08-15,122,72,50
2020-08-15,117,56,61
2020-08-15,126,53,73
2020-08-15,92,41,51
2020-08-15,101,58,43
2020-08-15,87,36,51
2020-08-15,50,21,29
2020-08-15,61,27,34
2020-08-15,31,14,17
2020-08-15,30,18,12
2020-08-15,15,7,8
2020-08-15,6,4,2
2020-08-16,2,1,1
2020-08-16,2,2,0
2020-08-16,4,2,2
2020-08-16,1,0,1
2020-08-16,0,0,0
2020-08-16,5,4,1
2020-08-16,18,14,4
2020-08-16,39,22,17
2020-08-16,64,29,35
2020-08-16,99,53,46
2020-08-16,139,53,86
2020-08-16,110,62,48
2020-08-16,107,58,49
2020-08-16,87,47,40
2020-08-16,78,42,36
2020-08-16,50,22,28
2020-08-16,46,17,29
2020-08-16,51,25,26
2020-08-16,42,17,25
2020-08-16,36,18,18
2020-08-16,22,12,10
2020-08-16,10,8,2
2020-08-16,7,3,4
2020-08-16,8,2,6
2020-08-17,4,2,2
2020-08-17,2,1,1
2020-08-17,1,1,0
2020-08-17,3,0,3
2020-08-17,10,8,2
2020-08-17,43,35,8
2020-08-17,81,71,10
2020-08-17,82,72,10
2020-08-17,75,65,10
2020-08-17,51,33,18
2020-08-17,53,25,28
2020-08-17,47,29,18
2020-08-17,45,27,18
2020-08-17,60,22,38
2020-08-17,78,44,34
2020-08-17,89,38,51
2020-08-17,104,22,82
2020-08-17,118,22,96
2020-08-17,73,11,62
2020-08-17,52,16,36
2020-08-17,34,18,16
2020-08-17,18,8,10
2020-08-17,9,3,6
2020-08-17,8,3,5
2020-08-18,5,2,3
2020-08-18,3,2,1
2020-08-18,2,1,1
2020-08-18,2,1,1
2020-08-18,8,7,1
2020-08-18,42,39,3
2020-08-18,88,81,7
2020-08-18,91,78,13
2020-08-18,88,75,13
2020-08-18,55,36,19
2020-08-18,40,27,13
2020-08-18,41,25,16
2020-08-18,47,28,19
2020-08-18,56,25,31
2020-08-18,75,34,41
2020-08-18,98,30,68
2020-08-18,111,29,82
2020-08-18,135,46,89
2020-08-18,120,32,88
2020-08-18,78,33,45
2020-08-18,29,13,16
2020-08-18,27,12,15
2020-08-18,8,2,6
2020-08-18,15,9,6
2020-08-19,8,1,7
2020-08-19,7,4,3
2020-08-19,3,3,0
2020-08-19,0,0,0
2020-08-19,6,5,1
2020-08-19,39,34,5
2020-08-19,71,64,7
2020-08-19,112,89,23
2020-08-19,86,67,19
2020-08-19,65,47,18
2020-08-19,42,28,14
2020-08-19,49,30,19
2020-08-19,51,32,19
2020-08-19,61,22,39
2020-08-19,66,34,32
2020-08-19,103,36,67
2020-08-19,109,25,84
2020-08-19,140,34,106
2020-08-19,99,35,64
2020-08-19,50,16,34
2020-08-19,37,20,17
2020-08-19,26,13,13
2020-08-19,15,8,7
2020-08-19,9,1,8
2020-08-20,5,1,4
2020-08-20,4,3,1
2020-08-20,4,2,2
2020-08-20,2,0,2
2020-08-20,4,3,1
2020-08-20,36,30,6
2020-08-20,65,58,7
2020-08-20,77,68,9
2020-08-20,73,57,16
2020-08-20,60,42,18
2020-08-20,46,30,16
2020-08-20,43,19,24
2020-08-20,49,31,18
2020-08-20,43,19,24
2020-08-20,73,28,45
2020-08-20,71,20,51
2020-08-20,99,35,64
2020-08-20,137,55,82
2020-08-20,81,20,61
2020-08-20,62,21,41
2020-08-20,23,8,15
2020-08-20,20,10,10
2020-08-20,6,0,6
2020-08-20,8,5,3
2020-08-21,5,2,3
2020-08-21,2,2,0
2020-08-21,3,2,1
2020-08-21,1,0,1
2020-08-21,7,3,4
2020-08-21,25,23,2
2020-08-21,64,58,6
2020-08-21,62,46,16
2020-08-21,66,51,15
2020-08-21,44,31,13
2020-08-21,36,20,16
2020-08-21,33,23,10
2020-08-21,26,13,13
2020-08-21,38,17,21
2020-08-21,44,20,24
2020-08-21,45,20,25
2020-08-21,78,24,54
2020-08-21,89,22,67
2020-08-21,63,14,49
2020-08-21,46,25,21
2020-08-21,20,6,14
2020-08-21,17,7,10
2020-08-21,4,2,2
2020-08-21,6,4,2
2020-08-22,4,1,3
2020-08-22,2,0,2
2020-08-22,2,1,1
2020-08-22,1,1,0
2020-08-22,2,1,1
2020-08-22,9,6,3
2020-08-22,15,13,2
2020-08-22,16,13,3
2020-08-22,32,15,17
2020-08-22,59,35,24
2020-08-22,106,52,54
2020-08-22,97,46,51
2020-08-22,104,53,51
2020-08-22,92,49,43
2020-08-22,102,47,55
2020-08-22,100,51,49
2020-08-22,99,45,54
2020-08-22,85,33,52
2020-08-22,67,25,42
2020-08-22,44,24,20
2020-08-22,23,15,8
2020-08-22,15,9,6
2020-08-22,5,1,4
2020-08-22,2,2,0
2020-08-23,6,3,3
2020-08-23,0,0,0
2020-08-23,0,0,0
2020-08-23,3,1,2
2020-08-23,3,1,2
2020-08-23,5,4,1
2020-08-23,22,14,8
2020-08-23,33,23,10
2020-08-23,53,23,30
2020-08-23,71,39,32
2020-08-23,100,57,43
2020-08-23,97,52,45
2020-08-23,144,73,71
2020-08-23,126,51,75
2020-08-23,141,78,63
2020-08-23,119,54,65
2020-08-23,107,40,67
2020-08-23,83,47,36
2020-08-23,58,39,19
2020-08-23,32,17,15
2020-08-23,23,10,13
2020-08-23,20,4,16
2020-08-23,11,6,5
2020-08-23,9,6,3
2020-08-24,3,0,3
2020-08-24,2,0,2
2020-08-24,1,1,0
2020-08-24,2,2,0
2020-08-24,8,6,2
2020-08-24,35,29,6
2020-08-24,87,75,12
2020-08-24,83,69,14
2020-08-24,67,52,15
2020-08-24,62,45,17
2020-08-24,24,15,9
2020-08-24,44,28,16
2020-08-24,37,21,16
2020-08-24,46,29,17
2020-08-24,67,26,41
2020-08-24,81,38,43
2020-08-24,108,28,80
2020-08-24,128,32,96
2020-08-24,95,24,71
2020-08-24,47,17,30
2020-08-24,37,15,22
2020-08-24,17,8,9
2020-08-24,7,2,5
2020-08-24,6,2,4
2020-08-25,5,2,3
2020-08-25,3,2,1
2020-08-25,3,3,0
2020-08-25,2,2,0
2020-08-25,6,5,1
2020-08-25,34,29,5
2020-08-25,72,67,5
2020-08-25,79,64,15
2020-08-25,74,60,14
2020-08-25,59,44,15
2020-08-25,60,32,28
2020-08-25,50,27,23
2020-08-25,48,27,21
2020-08-25,61,32,29
2020-08-25,71,31,40
2020-08-25,90,41,49
2020-08-25,142,52,90
2020-08-25,150,41,109
2020-08-25,122,36,86
2020-08-25,82,39,43
2020-08-25,37,17,20
2020-08-25,25,14,11
2020-08-25,7,3,4
2020-08-25,7,2,5
2020-08-26,8,5,3
2020-08-26,2,1,1
2020-08-26,5,3,2
2020-08-26,5,4,1
2020-08-26,12,9,3
2020-08-26,34,29,5
2020-08-26,91,83,8
2020-08-26,92,72,20
2020-08-26,81,60,21
2020-08-26,66,50,16
2020-08-26,51,33,18
2020-08-26,47,30,17
2020-08-26,57,25,32
2020-08-26,56,23,33
2020-08-26,86,38,48
2020-08-26,95,36,59
2020-08-26,104,32,72
2020-08-26,145,47,98
2020-08-26,139,39,100
2020-08-26,73,31,42
2020-08-26,55,33,22
2020-08-26,21,10,11
2020-08-26,13,6,7
2020-08-26,10,5,5
2020-08-27,4,1,3
2020-08-27,2,2,0
2020-08-27,5,5,0
2020-08-27,2,1,1
2020-08-27,6,2,4
2020-08-27,34,30,4
2020-08-27,71,61,10
2020-08-27,101,85,16
2020-08-27,90,68,22
2020-08-27,53,36,17
2020-08-27,34,18,16
2020-08-27,61,42,19
2020-08-27,46,28,18
2020-08-27,61,28,33
2020-08-27,73,28,45
2020-08-27,103,44,59
2020-08-27,110,33,77
2020-08-27,143,41,102
2020-08-27,125,37,88
2020-08-27,72,34,38
2020-08-27,49,22,27
2020-08-27,26,11,15
2020-08-27,10,9,1
2020-08-27,7,0,7
2020-08-28,4,1,3
2020-08-28,1,1,0
2020-08-28,2,2,0
2020-08-28,5,3,2
2020-08-28,2,2,0
2020-08-28,26,24,2
2020-08-28,59,50,9
2020-08-28,79,58,21
2020-08-28,81,57,24
2020-08-28,72,44,28
2020-08-28,52,33,19
2020-08-28,53,31,22
2020-08-28,63,36,27
2020-08-28,64,35,29
2020-08-28,81,34,47
2020-08-28,101,39,62
2020-08-28,111,36,75
2020-08-28,114,31,83
2020-08-28,94,23,71
2020-08-28,60,27,33
2020-08-28,39,20,19
2020-08-28,14,8,6
2020-08-28,9,3,6
2020-08-28,11,3,8
2020-08-29,9,4,5
2020-08-29,2,0,2
2020-08-29,5,4,1
2020-08-29,4,1,3
2020-08-29,2,2,0
2020-08-29,7,6,1
2020-08-29,23,18,5
2020-08-29,29,16,13
2020-08-29,42,27,15
2020-08-29,74,42,32
2020-08-29,74,42,32
2020-08-29,101,51,50
2020-08-29,88,47,41
2020-08-29,104,53,51
2020-08-29,82,33,49
2020-08-29,88,50,38
2020-08-29,89,45,44
2020-08-29,73,30,43
2020-08-29,53,25,28
2020-08-29,48,15,33
2020-08-29,29,16,13
2020-08-29,19,11,8
2020-08-29,11,5,6
2020-08-29,9,4,5
2020-08-30,9,5,4
2020-08-30,2,0,2
2020-08-30,0,0,0
2020-08-30,3,1,2
2020-08-30,3,1,2
2020-08-30,7,7,0
2020-08-30,10,7,3
2020-08-30,28,15,13
2020-08-30,32,13,19
2020-08-30,76,36,40
2020-08-30,91,52,39
2020-08-30,103,43,60
2020-08-30,146,72,74
2020-08-30,133,60,73
2020-08-30,125,60,65
2020-08-30,111,63,48
2020-08-30,113,56,57
2020-08-30,96,49,47
2020-08-30,48,19,29
2020-08-30,34,21,13
2020-08-30,14,5,9
2020-08-30,9,4,5
2020-08-30,8,5,3
2020-08-30,8,5,3
2020-08-31,1,1,0
2020-08-31,1,1,0
2020-08-31,5,3,2
2020-08-31,0,0,0
2020-08-31,8,4,4
2020-08-31,34,29,5
2020-08-31,69,62,7
2020-08-31,73,64,9
2020-08-31,73,60,13
2020-08-31,41,35,6
2020-08-31,35,22,13
2020-08-31,45,23,22
2020-08-31,32,19,13
2020-08-31,45,20,25
2020-08-31,53,26,27
2020-08-31,64,21,43
2020-08-31,103,24,79
2020-08-31,109,24,85
2020-08-31,83,13,70
2020-08-31,48,22,26
2020-08-31,25,5,20
2020-08-31,14,8,6
2020-08-31,8,4,4
2020-08-31,9,5,4
2020-10-04,62,34,28
2020-10-04,53,24,29
2020-10-04,28,11,17
2020-10-04,37,22,15
2020-10-04,8,2,6
2020-10-04,10,4,6
2020-10-04,2,1,1
2020-10-04,4,2,2
2020-10-04,4,0,4
2020-10-05,1,1,0
2020-10-05,2,1,1
2020-10-05,3,2,1
2020-10-05,4,2,2
2020-10-05,3,2,1
2020-10-05,31,25,6
2020-10-05,58,55,3
2020-10-05,66,59,7
2020-10-05,74,59,15
2020-10-05,33,27,6
2020-10-05,37,22,15
2020-10-05,35,23,12
2020-10-05,34,13,21
2020-10-05,48,26,22
2020-10-05,61,28,33
2020-10-05,91,31,60
2020-10-05,102,29,73
2020-10-05,111,37,74
2020-10-05,67,14,53
2020-10-05,31,11,20
2020-10-05,15,6,9
2020-10-05,11,5,6
2020-10-05,5,1,4
2020-09-01,2,1,1
2020-09-01,1,0,1
2020-09-01,2,1,1
2020-09-01,1,1,0
2020-09-01,7,7,0
2020-09-01,33,29,4
2020-09-01,95,86,9
2020-09-01,94,80,14
2020-09-01,84,74,10
2020-09-01,63,46,17
2020-09-01,46,28,18
2020-09-01,47,24,23
2020-09-01,44,20,24
2020-09-01,59,24,35
2020-09-01,80,35,45
2020-09-01,85,34,51
2020-09-01,128,44,84
2020-09-01,168,52,116
2020-09-01,126,37,89
2020-09-01,72,31,41
2020-09-01,34,11,23
2020-09-01,22,12,10
2020-09-01,4,0,4
2020-09-01,5,2,3
2020-09-02,3,0,3
2020-09-02,2,0,2
2020-09-02,3,3,0
2020-09-02,5,2,3
2020-09-02,9,9,0
2020-09-02,29,22,7
2020-09-02,92,82,10
2020-09-02,116,96,20
2020-09-02,78,65,13
2020-09-02,66,51,15
2020-09-02,48,28,20
2020-09-02,53,24,29
2020-09-02,52,29,23
2020-09-02,64,34,30
2020-09-02,71,31,40
2020-09-02,71,20,51
2020-09-02,161,46,115
2020-09-02,145,45,100
2020-09-02,137,39,98
2020-09-02,80,35,45
2020-09-02,35,18,17
2020-09-02,16,4,12
2020-09-02,19,5,14
2020-09-02,9,2,7
2020-09-03,8,3,5
2020-09-03,4,2,2
2020-09-03,2,1,1
2020-09-03,4,2,2
2020-09-03,7,6,1
2020-09-03,33,26,7
2020-09-03,86,77,9
2020-09-03,120,102,18
2020-09-03,91,71,20
2020-09-03,59,45,14
2020-09-03,45,28,17
2020-09-03,50,23,27
2020-09-03,59,29,30
2020-09-03,69,33,36
2020-09-03,85,32,53
2020-09-03,106,47,59
2020-09-03,109,26,83
2020-09-03,172,51,121
2020-09-03,97,23,74
2020-09-03,91,41,50
2020-09-03,44,18,26
2020-09-03,22,7,15
2020-09-03,7,3,4
2020-09-03,11,6,5
2020-09-04,5,1,4
2020-09-04,1,1,0
2020-09-04,6,4,2
2020-09-04,5,2,3
2020-09-04,7,7,0
2020-09-04,27,22,5
2020-09-04,66,56,10
2020-09-04,76,65,11
2020-09-04,69,53,16
2020-09-04,61,40,21
2020-09-04,66,41,25
2020-09-04,51,30,21
2020-09-04,76,43,33
2020-09-04,59,33,26
2020-09-04,75,33,42
2020-09-04,101,38,63
2020-09-04,96,31,65
2020-09-04,145,30,115
2020-09-04,82,27,55
2020-09-04,80,39,41
2020-09-04,31,13,18
2020-09-04,15,6,9
2020-09-04,13,5,8
2020-09-04,11,6,5
2020-09-05,10,1,9
2020-09-05,3,3,0
2020-09-05,3,0,3
2020-09-05,1,0,1
2020-09-05,9,3,6
2020-09-05,5,4,1
2020-09-05,6,6,0
2020-09-05,32,17,15
2020-09-05,59,29,30
2020-09-05,69,42,27
2020-09-05,91,45,46
2020-09-05,95,55,40
2020-09-05,93,40,53
2020-09-05,82,55,27
2020-09-05,92,45,47
2020-09-05,76,41,35
2020-09-05,87,46,41
2020-09-05,67,31,36
2020-09-05,69,35,34
2020-09-05,41,17,24
2020-09-05,209,22,187
2020-09-05,17,15,2
2020-09-05,81,73,8
2020-09-05,10,3,7
2020-09-06,6,4,2
2020-09-06,2,1,1
2020-09-06,1,1,0
2020-09-06,1,1,0
2020-09-06,4,1,3
2020-09-06,4,4,0
2020-09-06,25,16,9
2020-09-06,29,16,13
2020-09-06,44,24,20
2020-09-06,46,22,24
2020-09-06,106,51,55
2020-09-06,122,70,52
2020-09-06,116,57,59
2020-09-06,139,66,73
2020-09-06,100,43,57
2020-09-06,124,75,49
2020-09-06,91,43,48
2020-09-06,69,42,27
2020-09-06,68,26,42
2020-09-06,47,24,23
2020-09-06,31,12,19
2020-09-06,10,4,6
2020-09-06,10,8,2
2020-09-06,5,2,3
2020-09-07,2,0,2
2020-09-07,2,0,2
2020-09-07,3,2,1
2020-09-07,2,1,1
2020-09-07,4,3,1
2020-09-07,5,5,0
2020-09-07,9,6,3
2020-09-07,28,17,11
2020-09-07,52,35,17
2020-09-07,56,29,27
2020-09-07,74,33,41
2020-09-07,89,43,46
2020-09-07,93,45,48
2020-09-07,116,53,63
2020-09-07,98,57,41
2020-09-07,85,45,40
2020-09-07,81,43,38
2020-09-07,62,27,35
2020-09-07,65,28,37
2020-09-07,35,17,18
2020-09-07,12,8,4
2020-09-07,16,12,4
2020-09-07,14,7,7
2020-09-07,6,1,5
2020-09-08,6,5,1
2020-09-08,0,0,0
2020-09-08,4,1,3
2020-09-08,2,2,0
2020-09-08,4,3,1
2020-09-08,23,17,6
2020-09-08,55,50,5
2020-09-08,78,64,14
2020-09-08,56,47,9
2020-09-08,29,25,4
2020-09-08,22,14,8
2020-09-08,38,23,15
2020-09-08,37,16,21
2020-09-08,31,15,16
2020-09-08,55,32,23
2020-09-08,61,23,38
2020-09-08,79,25,54
2020-09-08,98,26,72
2020-09-08,62,16,46
2020-09-08,40,17,23
2020-09-08,17,5,12
2020-09-08,6,1,5
2020-09-08,8,2,6
2020-09-08,7,4,3
2020-09-09,9,2,7
2020-09-09,1,0,1
2020-09-09,0,0,0
2020-09-09,3,2,1
2020-09-09,6,4,2
2020-09-09,27,22,5
2020-09-09,86,76,10
2020-09-09,80,68,12
2020-09-09,63,48,15
2020-09-09,36,21,15
2020-09-09,29,24,5
2020-09-09,37,19,18
2020-09-09,31,24,7
2020-09-09,44,21,23
2020-09-09,48,20,28
2020-09-09,65,23,42
2020-09-09,75,28,47
2020-09-09,114,27,87
2020-09-09,75,28,47
2020-09-09,52,14,38
2020-09-09,29,14,15
2020-09-09,24,9,15
2020-09-09,7,4,3
2020-09-09,4,0,4
2020-09-10,2,1,1
2020-09-10,3,2,1
2020-09-10,4,1,3
2020-09-10,3,2,1
2020-09-10,6,3,3
2020-09-10,35,26,9
2020-09-10,70,64,6
2020-09-10,94,79,15
2020-09-10,74,56,18
2020-09-10,46,31,15
2020-09-10,30,20,10
2020-09-10,34,20,14
2020-09-10,31,21,10
2020-09-10,53,22,31
2020-09-10,64,27,37
2020-09-10,66,21,45
2020-09-10,87,30,57
2020-09-10,115,28,87
2020-09-10,69,11,58
2020-09-10,50,18,32
2020-09-10,16,6,10
2020-09-10,17,6,11
2020-09-10,9,6,3
2020-09-10,2,0,2
2020-09-11,4,1,3
2020-09-11,4,2,2
2020-09-11,1,1,0
2020-09-11,2,0,2
2020-09-11,7,6,1
2020-09-11,14,10,4
2020-09-11,48,42,6
2020-09-11,39,32,7
2020-09-11,58,47,11
2020-09-11,32,25,7
2020-09-11,24,17,7
2020-09-11,14,8,6
2020-09-11,24,7,17
2020-09-11,18,6,12
2020-09-11,38,18,20
2020-09-11,46,14,32
2020-09-11,44,11,33
2020-09-11,44,9,35
2020-09-11,33,9,24
2020-09-11,18,4,14
2020-09-11,12,7,5
2020-09-11,8,4,4
2020-09-11,5,2,3
2020-09-11,4,1,3
2020-09-12,2,0,2
2020-09-12,0,0,0
2020-09-12,1,1,0
2020-09-12,6,3,3
2020-09-12,6,2,4
2020-09-12,6,4,2
2020-09-12,6,4,2
2020-09-12,5,2,3
2020-09-12,8,6,2
2020-09-12,12,7,5
2020-09-12,16,11,5
2020-09-12,9,5,4
2020-09-12,5,5,0
2020-09-12,7,2,5
2020-09-12,10,8,2
2020-09-12,12,3,9
2020-09-12,14,6,8
2020-09-12,18,7,11
2020-09-12,14,7,7
2020-09-12,11,9,2
2020-09-12,3,1,2
2020-09-12,7,4,3
2020-09-12,5,3,2
2020-09-12,5,1,4
2020-09-13,1,0,1
2020-09-13,1,1,0
2020-09-13,2,2,0
2020-09-13,3,2,1
2020-09-13,1,0,1
2020-09-13,1,1,0
2020-09-13,3,2,1
2020-09-13,3,2,1
2020-09-13,3,1,2
2020-09-13,9,4,5
2020-09-13,10,2,8
2020-09-13,2,1,1
2020-09-13,8,6,2
2020-09-13,5,4,1
2020-09-13,10,3,7
2020-09-13,9,6,3
2020-09-13,8,2,6
2020-09-13,7,3,4
2020-09-13,6,3,3
2020-09-13,3,1,2
2020-09-13,11,5,6
2020-09-13,6,3,3
2020-09-13,5,2,3
2020-09-13,5,2,3
2020-09-14,2,0,2
2020-09-14,5,3,2
2020-09-14,2,1,1
2020-09-14,7,1,6
2020-09-14,2,2,0
2020-09-14,11,10,1
2020-09-14,30,28,2
2020-09-14,35,29,6
2020-09-14,24,20,4
2020-09-14,19,14,5
2020-09-14,7,5,2
2020-09-14,14,6,8
2020-09-14,11,8,3
2020-09-14,16,8,8
2020-09-14,25,8,17
2020-09-14,35,16,19
2020-09-14,31,5,26
2020-09-14,39,9,30
2020-09-14,24,2,22
2020-09-14,11,4,7
2020-09-14,9,6,3
2020-09-14,7,2,5
2020-09-14,7,3,4
2020-09-14,2,0,2
2020-09-15,3,0,3
2020-09-15,0,0,0
2020-09-15,3,1,2
2020-09-15,2,1,1
2020-09-15,3,3,0
2020-09-15,18,15,3
2020-09-15,24,22,2
2020-09-15,35,28,7
2020-09-15,29,21,8
2020-09-15,19,18,1
2020-09-15,13,10,3
2020-09-15,11,6,5
2020-09-15,11,7,4
2020-09-15,25,8,17
2020-09-15,23,9,14
2020-09-15,33,14,19
2020-09-15,28,6,22
2020-09-15,47,8,39
2020-09-15,21,2,19
2020-09-15,13,6,7
2020-09-15,10,3,7
2020-09-15,4,1,3
2020-09-15,13,5,8
2020-09-15,7,4,3
2020-09-16,4,3,1
2020-09-16,2,0,2
2020-09-16,4,2,2
2020-09-16,8,3,5
2020-09-16,7,6,1
2020-09-16,19,14,5
2020-09-16,31,30,1
2020-09-16,13,9,4
2020-09-16,33,33,0
2020-09-16,19,15,4
2020-09-16,16,11,5
2020-09-16,15,11,4
2020-09-16,21,12,9
2020-09-16,17,6,11
2020-09-16,26,11,15
2020-09-16,34,15,19
2020-09-16,41,6,35
2020-09-16,45,18,27
2020-09-16,38,8,30
2020-09-16,19,6,13
2020-09-16,5,1,4
2020-09-16,5,2,3
2020-09-16,9,5,4
2020-09-16,4,1,3
2020-09-17,3,2,1
2020-09-17,3,2,1
2020-09-17,2,1,1
2020-09-17,1,0,1
2020-09-17,7,5,2
2020-09-17,19,13,6
2020-09-17,37,31,6
2020-09-17,32,26,6
2020-09-17,30,27,3
2020-09-17,30,26,4
2020-09-17,12,6,6
2020-09-17,12,9,3
2020-09-17,16,10,6
2020-09-17,14,7,7
2020-09-17,29,13,16
2020-09-17,34,11,23
2020-09-17,54,11,43
2020-09-17,64,19,45
2020-09-17,31,8,23
2020-09-17,11,4,7
2020-09-17,14,8,6
2020-09-17,8,3,5
2020-09-17,4,1,3
2020-09-17,2,0,2
2020-09-18,2,1,1
2020-09-18,3,1,2
2020-09-18,2,1,1
2020-09-18,5,3,2
2020-09-18,1,0,1
2020-09-18,14,12,2
2020-09-18,31,26,5
2020-09-18,32,28,4
2020-09-18,31,28,3
2020-09-18,28,21,7
2020-09-18,19,11,8
2020-09-18,14,7,7
2020-09-18,15,8,7
2020-09-18,9,2,7
2020-09-18,15,7,8
2020-09-18,28,8,20
2020-09-18,33,11,22
2020-09-18,34,11,23
2020-09-18,29,8,21
2020-09-18,12,2,10
2020-09-18,6,0,6
2020-09-18,4,1,3
2020-09-18,6,4,2
2020-09-18,6,3,3
2020-09-19,2,1,1
2020-09-19,3,1,2
2020-09-19,3,1,2
2020-09-19,1,0,1
2020-09-19,0,0,0
2020-09-19,8,7,1
2020-09-19,4,3,1
2020-09-19,12,6,6
2020-09-19,22,9,13
2020-09-19,23,17,6
2020-09-19,46,26,20
2020-09-19,28,17,11
2020-09-19,66,34,32
2020-09-19,58,32,26
2020-09-19,78,31,47
2020-09-19,74,33,41
2020-09-19,56,32,24
2020-09-19,47,24,23
2020-09-19,23,10,13
2020-09-19,15,9,6
2020-09-19,8,4,4
2020-09-19,2,2,0
2020-09-19,3,2,1
2020-09-19,8,5,3
2020-09-20,1,0,1
2020-09-20,2,0,2
2020-09-20,0,0,0
2020-09-20,2,0,2
2020-09-20,3,2,1
2020-09-20,4,2,2
2020-09-20,12,6,6
2020-09-20,26,20,6
2020-09-20,44,21,23
2020-09-20,57,36,21
2020-09-20,57,28,29
2020-09-20,70,39,31
2020-09-20,88,47,41
2020-09-20,93,44,49
2020-09-20,98,43,55
2020-09-20,114,47,67
2020-09-20,118,57,61
2020-09-20,96,44,52
2020-09-20,44,29,15
2020-09-20,29,19,10
2020-09-20,9,5,4
2020-09-20,4,2,2
2020-09-20,4,4,0
2020-09-20,3,2,1
2020-09-21,5,2,3
2020-09-21,7,3,4
2020-09-21,3,1,2
2020-09-21,1,1,0
2020-09-21,6,6,0
2020-09-21,23,18,5
2020-09-21,62,53,9
2020-09-21,98,79,19
2020-09-21,51,43,8
2020-09-21,36,30,6
2020-09-21,36,23,13
2020-09-21,41,27,14
2020-09-21,36,20,16
2020-09-21,38,19,19
2020-09-21,70,34,36
2020-09-21,78,26,52
2020-09-21,117,32,85
2020-09-21,125,39,86
2020-09-21,68,14,54
2020-09-21,40,11,29
2020-09-21,18,6,12
2020-09-21,9,2,7
2020-09-21,5,0,5
2020-09-21,4,1,3
2020-09-22,4,0,4
2020-09-22,2,1,1
2020-09-22,3,3,0
2020-09-22,2,1,1
2020-09-22,4,3,1
2020-09-22,45,38,7
2020-09-22,60,52,8
2020-09-22,84,73,11
2020-09-22,76,56,20
2020-09-22,52,40,12
2020-09-22,26,20,6
2020-09-22,44,21,23
2020-09-22,59,33,26
2020-09-22,64,32,32
2020-09-22,78,32,46
2020-09-22,98,39,59
2020-09-22,137,46,91
2020-09-22,173,50,123
2020-09-22,99,31,68
2020-09-22,45,16,29
2020-09-22,15,3,12
2020-09-22,17,9,8
2020-09-22,11,3,8
2020-09-22,3,1,2
2020-09-23,8,3,5
2020-09-23,1,1,0
2020-09-23,2,1,1
2020-09-23,3,1,2
2020-09-23,0,0,0
2020-09-23,24,19,5
2020-09-23,41,36,5
2020-09-23,48,39,9
2020-09-23,39,30,9
2020-09-23,12,8,4
2020-09-23,11,6,5
2020-09-23,11,11,0
2020-09-23,8,5,3
2020-09-23,17,11,6
2020-09-23,18,6,12
2020-09-23,26,10,16
2020-09-23,38,9,29
2020-09-23,45,10,35
2020-09-23,16,4,12
2020-09-23,18,4,14
2020-09-23,7,1,6
2020-09-23,9,4,5
2020-09-23,1,1,0
2020-09-23,4,0,4
2020-09-24,2,1,1
2020-09-24,1,0,1
2020-09-24,3,1,2
2020-09-24,4,3,1
2020-09-24,0,0,0
2020-09-24,23,15,8
2020-09-24,35,31,4
2020-09-24,43,35,8
2020-09-24,34,29,5
2020-09-24,24,16,8
2020-09-24,14,7,7
2020-09-24,13,7,6
2020-09-24,10,3,7
2020-09-24,9,3,6
2020-09-24,21,8,13
2020-09-24,35,14,21
2020-09-24,54,19,35
2020-09-24,56,15,41
2020-09-24,45,13,32
2020-09-24,21,12,9
2020-09-24,12,4,8
2020-09-24,5,2,3
2020-09-24,4,1,3
2020-09-24,4,1,3
2020-09-25,3,0,3
2020-09-25,5,1,4
2020-09-25,6,3,3
2020-09-25,4,3,1
2020-09-25,7,4,3
2020-09-25,17,11,6
2020-09-25,24,22,2
2020-09-25,34,27,7
2020-09-25,31,27,4
2020-09-25,11,7,4
2020-09-25,16,13,3
2020-09-25,8,6,2
2020-09-25,10,6,4
2020-09-25,14,8,6
2020-09-25,26,12,14
2020-09-25,37,17,20
2020-09-25,49,19,30
2020-09-25,40,11,29
2020-09-25,49,20,29
2020-09-25,23,8,15
2020-09-25,13,3,10
2020-09-25,7,2,5
2020-09-25,4,3,1
2020-09-25,5,2,3
2020-09-26,4,3,1
2020-09-26,3,0,3
2020-09-26,1,1,0
2020-09-26,4,1,3
2020-09-26,4,0,4
2020-09-26,6,5,1
2020-09-26,5,4,1
2020-09-26,12,8,4
2020-09-26,38,25,13
2020-09-26,45,30,15
2020-09-26,54,29,25
2020-09-26,63,36,27
2020-09-26,81,45,36
2020-09-26,62,37,25
2020-09-26,51,20,31
2020-09-26,41,15,26
2020-09-26,44,23,21
2020-09-26,40,24,16
2020-09-26,33,15,18
2020-09-26,17,6,11
2020-09-26,10,2,8
2020-09-26,8,4,4
2020-09-26,5,3,2
2020-09-26,4,2,2
2020-09-27,1,0,1
2020-09-27,2,2,0
2020-09-27,0,0,0
2020-09-27,3,2,1
2020-09-27,0,0,0
2020-09-27,3,3,0
2020-09-27,12,6,6
2020-09-27,15,8,7
2020-09-27,32,20,12
2020-09-27,78,34,44
2020-09-27,99,57,42
2020-09-27,132,59,73
2020-09-27,139,69,70
2020-09-27,123,71,52
2020-09-27,91,42,49
2020-09-27,105,62,43
2020-09-27,90,43,47
2020-09-27,90,42,48
2020-09-27,64,27,37
2020-09-27,30,17,13
2020-09-27,12,5,7
2020-09-27,12,6,6
2020-09-27,8,3,5
2020-09-27,5,2,3
2020-09-28,2,1,1
2020-09-28,3,2,1
2020-09-28,2,2,0
2020-09-28,1,1,0
2020-09-28,5,4,1
2020-09-28,31,25,6
2020-09-28,60,53,7
2020-09-28,84,77,7
2020-09-28,75,65,10
2020-09-28,44,31,13
2020-09-28,40,26,14
2020-09-28,37,20,17
2020-09-28,35,18,17
2020-09-28,53,22,31
2020-09-28,69,25,44
2020-09-28,78,33,45
2020-09-28,107,28,79
2020-09-28,140,33,107
2020-09-28,92,32,60
2020-09-28,55,19,36
2020-09-28,23,8,15
2020-09-28,13,5,8
2020-09-28,10,4,6
2020-09-28,5,2,3
2020-09-29,5,2,3
2020-09-29,5,2,3
2020-09-29,4,3,1
2020-09-29,0,0,0
2020-09-29,6,3,3
2020-09-29,27,22,5
2020-09-29,68,60,8
2020-09-29,96,81,15
2020-09-29,85,65,20
2020-09-29,50,39,11
2020-09-29,38,22,16
2020-09-29,41,28,13
2020-09-29,53,31,22
2020-09-29,63,26,37
2020-09-29,73,28,45
2020-09-29,78,32,46
2020-09-29,134,45,89
2020-09-29,171,45,126
2020-09-29,88,25,63
2020-09-29,38,13,25
2020-09-29,21,7,14
2020-09-29,18,9,9
2020-09-29,8,1,7
2020-09-29,4,1,3
2020-09-30,5,1,4
2020-09-30,0,0,0
2020-09-30,4,3,1
2020-09-30,7,4,3
2020-09-30,4,3,1
2020-09-30,30,23,7
2020-09-30,82,71,11
2020-09-30,83,73,10
2020-09-30,85,69,16
2020-09-30,55,35,20
2020-09-30,26,11,15
2020-09-30,35,16,19
2020-09-30,45,21,24
2020-09-30,47,24,23
2020-09-30,67,38,29
2020-09-30,71,20,51
2020-09-30,137,48,89
2020-09-30,141,46,95
2020-09-30,86,16,70
2020-09-30,40,19,21
2020-09-30,23,5,18
2020-09-30,13,3,10
2020-09-30,15,10,5
2020-09-30,10,4,6
2020-10-05,8,1,7
2020-10-06,4,0,4
2020-10-06,5,4,1
2020-10-06,3,2,1
2020-10-06,2,2,0
2020-10-06,7,5,2
2020-10-06,45,33,12
2020-10-06,69,59,10
2020-10-06,79,68,11
2020-10-06,79,69,10
2020-10-06,40,32,8
2020-10-06,21,12,9
2020-10-06,47,25,22
2020-10-06,43,24,19
2020-10-06,57,27,30
2020-10-06,75,40,35
2020-10-06,71,22,49
2020-10-06,140,44,96
2020-10-06,133,28,105
2020-10-06,99,31,68
2020-10-06,33,10,23
2020-10-06,29,11,18
2020-10-06,15,7,8
2020-10-06,10,2,8
2020-10-06,5,0,5
2020-10-07,2,1,1
2020-10-07,4,0,4
2020-10-07,3,3,0
2020-10-07,3,2,1
2020-10-07,9,5,4
2020-10-07,32,24,8
2020-10-07,73,67,6
2020-10-07,89,73,16
2020-10-07,82,70,12
2020-10-07,49,30,19
2020-10-07,38,25,13
2020-10-07,55,30,25
2020-10-07,30,14,16
2020-10-07,38,22,16
2020-10-07,61,31,30
2020-10-07,81,25,56
2020-10-07,106,25,81
2020-10-07,119,22,97
2020-10-07,73,23,50
2020-10-07,33,11,22
2020-10-07,11,4,7
2020-10-07,17,9,8
2020-10-07,14,8,6
2020-10-07,6,3,3
2020-10-08,3,0,3
2020-10-08,3,2,1
2020-10-08,5,4,1
2020-10-08,5,4,1
2020-10-08,2,1,1
2020-10-08,32,23,9
2020-10-08,63,60,3
2020-10-08,64,56,8
2020-10-08,71,57,14
2020-10-08,45,34,11
2020-10-08,27,18,9
2020-10-08,47,30,17
2020-10-08,41,20,21
2020-10-08,47,21,26
2020-10-08,63,28,35
2020-10-08,83,30,53
2020-10-08,104,32,72
2020-10-08,106,25,81
2020-10-08,75,15,60
2020-10-08,32,10,22
2020-10-08,20,10,10
2020-10-08,8,5,3
2020-10-08,16,4,12
2020-10-08,4,1,3
2020-10-09,1,0,1
2020-10-09,2,1,1
2020-10-09,3,1,2
2020-10-09,3,1,2
2020-10-09,3,1,2
2020-10-09,28,19,9
2020-10-09,48,41,7
2020-10-09,65,57,8
2020-10-09,61,51,10
2020-10-09,41,27,14
2020-10-09,38,27,11
2020-10-09,41,29,12
2020-10-09,36,16,20
2020-10-09,46,17,29
2020-10-09,65,29,36
2020-10-09,75,28,47
2020-10-09,84,32,52
2020-10-09,94,27,67
2020-10-09,54,15,39
2020-10-09,20,8,12
2020-10-09,13,3,10
2020-10-09,6,2,4
2020-10-09,7,2,5
2020-10-09,2,1,1
2020-10-10,4,3,1
2020-10-10,3,1,2
2020-10-10,2,1,1
2020-10-10,1,0,1
2020-10-10,1,1,0
2020-10-10,3,3,0
2020-10-10,4,2,2
2020-10-10,6,1,5
2020-10-10,14,4,10
2020-10-10,13,9,4
2020-10-10,22,14,8
2020-10-10,25,15,10
2020-10-10,32,16,16
2020-10-10,51,34,17
2020-10-10,46,24,22
2020-10-10,60,39,21
2020-10-10,49,19,30
2020-10-10,52,30,22
2020-10-10,37,21,16
2020-10-10,19,6,13
2020-10-10,7,4,3
2020-10-10,9,4,5
2020-10-10,3,0,3
2020-10-10,4,2,2
2020-10-11,6,4,2
2020-10-11,1,0,1
2020-10-11,4,2,2
2020-10-11,1,0,1
2020-10-11,4,3,1
2020-10-11,6,3,3
2020-10-11,9,4,5
2020-10-11,19,13,6
2020-10-11,18,13,5
2020-10-11,27,11,16
2020-10-11,34,14,20
2020-10-11,23,13,10
2020-10-11,10,4,6
2020-10-11,9,8,1
2020-10-11,12,9,3
2020-10-11,10,4,6
2020-10-11,8,4,4
2020-10-11,2,1,1
2020-10-11,6,0,6
2020-10-11,1,1,0
2020-10-11,3,1,2
2020-10-11,2,2,0
2020-10-11,1,0,1
2020-10-11,2,0,2
2020-10-12,3,2,1
2020-10-12,2,2,0
2020-10-12,1,1,0
2020-10-12,3,2,1
2020-10-12,2,1,1
2020-10-12,29,19,10
2020-10-12,41,36,5
2020-10-12,56,47,9
2020-10-12,51,44,7
2020-10-12,28,23,5
2020-10-12,28,13,15
2020-10-12,32,22,10
2020-10-12,30,13,17
2020-10-12,39,23,16
2020-10-12,68,29,39
2020-10-12,71,33,38
2020-10-12,106,34,72
2020-10-12,122,33,89
2020-10-12,63,18,45
2020-10-12,31,7,24
2020-10-12,16,4,12
2020-10-12,11,3,8
2020-10-12,6,2,4
2020-10-12,3,1,2
2020-10-13,1,0,1
2020-10-13,1,0,1
2020-10-13,4,1,3
2020-10-13,3,1,2
2020-10-13,2,2,0
2020-10-13,22,17,5
2020-10-13,30,29,1
2020-10-13,30,27,3
2020-10-13,43,36,7
2020-10-13,22,17,5
2020-10-13,15,12,3
2020-10-13,11,10,1
2020-10-13,11,6,5
2020-10-13,14,7,7
2020-10-13,26,7,19
2020-10-13,38,16,22
2020-10-13,51,13,38
2020-10-13,67,18,49
2020-10-13,54,18,36
2020-10-13,26,4,22
2020-10-13,11,3,8
2020-10-13,8,2,6
2020-10-13,5,2,3
2020-10-13,2,1,1
2020-10-14,2,1,1
2020-10-14,1,0,1
2020-10-14,5,1,4
2020-10-14,8,6,2
2020-10-14,7,6,1
2020-10-14,27,20,7
2020-10-14,61,56,5
2020-10-14,84,70,14
2020-10-14,77,64,13
2020-10-14,40,26,14
2020-10-14,27,15,12
2020-10-14,45,31,14
2020-10-14,31,15,16
2020-10-14,38,22,16
2020-10-14,68,28,40
2020-10-14,85,31,54
2020-10-14,132,31,101
2020-10-14,142,40,102
2020-10-14,69,22,47
2020-10-14,34,14,20
2020-10-14,18,9,9
2020-10-14,15,5,10
2020-10-14,6,3,3
2020-10-14,5,1,4
2020-10-15,3,0,3
2020-10-15,0,0,0
2020-10-15,2,2,0
2020-10-15,7,3,4
2020-10-15,6,4,2
2020-10-15,37,27,10
2020-10-15,62,58,4
2020-10-15,99,82,17
2020-10-15,70,61,9
2020-10-15,53,38,15
2020-10-15,50,33,17
2020-10-15,36,23,13
2020-10-15,60,30,30
2020-10-15,48,27,21
2020-10-15,83,33,50
2020-10-15,77,27,50
2020-10-15,130,38,92
2020-10-15,161,49,112
2020-10-15,97,43,54
2020-10-15,37,10,27
2020-10-15,22,11,11
2020-10-15,24,11,13
2020-10-15,7,3,4
2020-10-15,7,3,4
2020-10-16,2,0,2
2020-10-16,1,0,1
2020-10-16,1,0,1
2020-10-16,7,3,4
2020-10-16,6,4,2
2020-10-16,31,22,9
2020-10-16,34,31,3
2020-10-16,72,60,12
2020-10-16,66,51,15
2020-10-16,45,37,8
2020-10-16,42,27,15
2020-10-16,31,18,13
2020-10-16,32,12,20
2020-10-16,25,9,16
2020-10-16,40,14,26
2020-10-16,48,16,32
2020-10-16,69,19,50
2020-10-16,82,17,65
2020-10-16,38,6,32
2020-10-16,20,6,14
2020-10-16,12,2,10
2020-10-16,9,4,5
2020-10-16,3,2,1
2020-10-16,5,1,4
2020-10-17,6,1,5
2020-10-17,2,2,0
2020-10-17,1,1,0
2020-10-17,4,2,2
2020-10-17,2,2,0
2020-10-17,6,5,1
2020-10-17,9,6,3
2020-10-17,8,4,4
2020-10-17,26,15,11
2020-10-17,33,22,11
2020-10-17,44,21,23
2020-10-17,64,31,33
2020-10-17,32,16,16
2020-10-17,69,40,29
2020-10-17,72,37,35
2020-10-17,56,25,31
2020-10-17,65,31,34
2020-10-17,43,21,22
2020-10-17,32,11,21
2020-10-17,17,5,12
2020-10-17,6,3,3
2020-10-17,7,3,4
2020-10-17,7,4,3
2020-10-17,10,4,6
2020-10-18,3,2,1
2020-10-18,1,0,1
2020-10-18,2,1,1
2020-10-18,1,0,1
2020-10-18,1,0,1
2020-10-18,6,5,1
2020-10-18,9,5,4
2020-10-18,10,6,4
2020-10-18,16,8,8
2020-10-18,18,15,3
2020-10-18,20,9,11
2020-10-18,16,8,8
2020-10-18,14,6,8
2020-10-18,19,8,11
2020-10-18,23,14,9
2020-10-18,26,15,11
2020-10-18,23,9,14
2020-10-18,22,10,12
2020-10-18,15,6,9
2020-10-18,9,2,7
2020-10-18,13,4,9
2020-10-18,0,0,0
2020-10-18,5,1,4
2020-10-18,0,0,0
2020-10-19,2,2,0
2020-10-19,2,1,1
2020-10-19,2,1,1
2020-10-19,0,0,0
2020-10-19,4,3,1
2020-10-19,30,23,7
2020-10-19,50,44,6
2020-10-19,71,64,7
2020-10-19,60,47,13
2020-10-19,37,32,5
2020-10-19,40,26,14
2020-10-19,28,18,10
2020-10-19,22,11,11
2020-10-19,27,10,17
2020-10-19,48,18,30
2020-10-19,56,18,38
2020-10-19,71,11,60
2020-10-19,73,17,56
2020-10-19,45,8,37
2020-10-19,14,2,12
2020-10-19,13,5,8
2020-10-19,6,2,4
2020-10-19,4,1,3
2020-10-19,1,0,1
2020-10-20,4,0,4
2020-10-20,0,0,0
2020-10-20,3,1,2
2020-10-20,2,1,1
2020-10-20,3,3,0
2020-10-20,30,21,9
2020-10-20,63,56,7
2020-10-20,62,55,7
2020-10-20,72,57,15
2020-10-20,38,27,11
2020-10-20,29,21,8
2020-10-20,38,23,15
2020-10-20,30,20,10
2020-10-20,46,22,24
2020-10-20,59,23,36
2020-10-20,71,18,53
2020-10-20,91,24,67
2020-10-20,121,38,83
2020-10-20,73,19,54
2020-10-20,18,1,17
2020-10-20,10,3,7
2020-10-20,18,3,15
2020-10-20,9,3,6
2020-10-20,5,3,2
2020-10-21,2,1,1
2020-10-21,1,0,1
2020-10-21,4,2,2
2020-10-21,4,1,3
2020-10-21,4,3,1
2020-10-21,27,20,7
2020-10-21,61,57,4
2020-10-21,66,61,5
2020-10-21,58,52,6
2020-10-21,42,29,13
2020-10-21,28,21,7
2020-10-21,16,8,8
2020-10-21,16,8,8
2020-10-21,25,10,15
2020-10-21,34,17,17
2020-10-21,45,11,34
2020-10-21,72,17,55
2020-10-21,113,21,92
2020-10-21,58,14,44
2020-10-21,31,8,23
2020-10-21,16,4,12
2020-10-21,13,2,11
2020-10-21,4,3,1
2020-10-21,8,3,5
2020-10-22,6,1,5
2020-10-22,0,0,0
2020-10-22,1,1,0
2020-10-22,2,1,1
2020-10-22,7,7,0
2020-10-22,26,19,7
2020-10-22,64,57,7
2020-10-22,64,55,9
2020-10-22,62,53,9
2020-10-22,44,34,10
2020-10-22,31,18,13
2020-10-22,34,20,14
2020-10-22,27,20,7
2020-10-22,33,17,16
2020-10-22,56,23,33
2020-10-22,66,22,44
2020-10-22,113,26,87
2020-10-22,129,36,93
2020-10-22,66,17,49
2020-10-22,19,6,13
2020-10-22,11,1,10
2020-10-22,17,6,11
2020-10-22,5,3,2
2020-10-22,6,2,4
2020-10-23,4,0,4
2020-10-23,0,0,0
2020-10-23,2,2,0
2020-10-23,4,3,1
2020-10-23,10,10,0
2020-10-23,16,13,3
2020-10-23,45,38,7
2020-10-23,48,35,13
2020-10-23,36,31,5
2020-10-23,21,17,4
2020-10-23,17,10,7
2020-10-23,12,8,4
2020-10-23,11,4,7
2020-10-23,21,10,11
2020-10-23,33,14,19
2020-10-23,46,10,36
2020-10-23,54,18,36
2020-10-23,45,7,38
2020-10-23,24,11,13
2020-10-23,12,5,7
2020-10-23,14,4,10
2020-10-23,7,2,5
2020-10-23,6,0,6
2020-10-23,1,0,1
2020-10-24,1,0,1
2020-10-24,0,0,0
2020-10-24,1,0,1
2020-10-24,3,2,1
2020-10-24,5,2,3
2020-10-24,7,3,4
2020-10-24,10,7,3
2020-10-24,12,5,7
2020-10-24,26,16,10
2020-10-24,29,12,17
2020-10-24,31,15,16
2020-10-24,41,13,28
2020-10-24,55,32,23
2020-10-24,52,32,20
2020-10-24,54,32,22
2020-10-24,50,19,31
2020-10-24,60,28,32
2020-10-24,45,23,22
2020-10-24,27,11,16
2020-10-24,18,8,10
2020-10-24,14,4,10
2020-10-24,5,1,4
2020-10-24,3,0,3
2020-10-24,4,4,0
2020-10-25,3,0,3
2020-10-25,0,0,0
2020-10-25,2,2,0
2020-10-25,3,3,0
2020-10-25,1,0,1
2020-10-25,2,1,1
2020-10-25,8,4,4
2020-10-25,10,3,7
2020-10-25,18,8,10
2020-10-25,29,21,8
2020-10-25,46,14,32
2020-10-25,89,29,60
2020-10-25,98,65,33
2020-10-25,70,36,34
2020-10-25,103,66,37
2020-10-25,72,34,38
2020-10-25,80,43,37
2020-10-25,47,25,22
2020-10-25,28,11,17
2020-10-25,9,3,6
2020-10-25,12,6,6
2020-10-25,5,2,3
2020-10-25,5,3,2
2020-10-25,3,0,3
2020-10-26,3,1,2
2020-10-26,3,2,1
2020-10-26,0,0,0
2020-10-26,0,0,0
2020-10-26,5,3,2
2020-10-26,29,22,7
2020-10-26,42,39,3
2020-10-26,48,37,11
2020-10-26,53,43,10
2020-10-26,35,29,6
2020-10-26,24,19,5
2020-10-26,27,17,10
2020-10-26,25,12,13
2020-10-26,36,19,17
2020-10-26,52,18,34
2020-10-26,46,19,27
2020-10-26,75,20,55
2020-10-26,79,17,62
2020-10-26,40,6,34
2020-10-26,24,5,19
2020-10-26,9,4,5
2020-10-26,7,3,4
2020-10-26,2,1,1
2020-10-26,4,0,4
2020-10-27,5,2,3
2020-10-27,0,0,0
2020-10-27,4,3,1
2020-10-27,2,2,0
2020-10-27,6,4,2
2020-10-27,27,21,6
2020-10-27,63,53,10
2020-10-27,55,48,7
2020-10-27,71,62,9
2020-10-27,41,32,9
2020-10-27,32,21,11
2020-10-27,30,19,11
2020-10-27,19,14,5
2020-10-27,44,19,25
2020-10-27,56,19,37
2020-10-27,65,23,42
2020-10-27,106,29,77
2020-10-27,108,24,84
2020-10-27,56,13,43
2020-10-27,25,4,21
2020-10-27,14,3,11
2020-10-27,9,3,6
2020-10-27,5,2,3
2020-10-27,6,2,4
2020-10-28,2,1,1
2020-10-28,3,0,3
2020-10-28,0,0,0
2020-10-28,4,2,2
2020-10-28,6,6,0
2020-10-28,28,22,6
2020-10-28,69,67,2
2020-10-28,58,51,7
2020-10-28,73,60,13
2020-10-28,45,36,9
2020-10-28,27,19,8
2020-10-28,32,21,11
2020-10-28,31,16,15
2020-10-28,38,17,21
2020-10-28,55,19,36
2020-10-28,67,24,43
2020-10-28,113,25,88
2020-10-28,110,26,84
2020-10-28,68,24,44
2020-10-28,32,7,25
2020-10-28,11,4,7
2020-10-28,9,6,3
2020-10-28,2,1,1
2020-10-28,9,2,7
2020-10-29,5,2,3
2020-10-29,4,1,3
2020-10-29,3,3,0
2020-10-29,3,2,1
2020-10-29,6,6,0
2020-10-29,22,17,5
2020-10-29,62,56,6
2020-10-29,58,53,5
2020-10-29,69,60,9
2020-10-29,57,47,10
2020-10-29,26,17,9
2020-10-29,37,22,15
2020-10-29,32,21,11
2020-10-29,37,22,15
2020-10-29,53,22,31
2020-10-29,69,20,49
2020-10-29,91,24,67
2020-10-29,146,37,109
2020-10-29,60,13,47
2020-10-29,45,13,32
2020-10-29,21,5,16
2020-10-29,11,4,7
2020-10-29,12,6,6
2020-10-29,7,1,6
2020-10-30,5,2,3
2020-10-30,6,2,4
2020-10-30,4,2,2
2020-10-30,2,1,1
2020-10-30,6,6,0
2020-10-30,19,17,2
2020-10-30,46,42,4
2020-10-30,45,40,5
2020-10-30,63,55,8
2020-10-30,36,26,10
2020-10-30,38,23,15
2020-10-30,37,17,20
2020-10-30,35,20,15
2020-10-30,46,21,25
2020-10-30,54,16,38
2020-10-30,85,43,42
2020-10-30,92,28,64
2020-10-30,113,32,81
2020-10-30,60,20,40
2020-10-30,25,5,20
2020-10-30,16,3,13
2020-10-30,6,1,5
2020-10-30,4,2,2
2020-10-30,14,9,5
2020-10-31,7,2,5
2020-10-31,1,0,1
2020-10-31,5,3,2
2020-10-31,5,3,2
2020-10-31,4,3,1
2020-10-31,8,7,1
2020-10-31,12,9,3
2020-10-31,17,12,5
2020-10-31,27,20,7
2020-10-31,35,15,20
2020-10-31,89,35,54
2020-10-31,87,50,37
2020-10-31,81,30,51
2020-10-31,104,55,49
2020-10-31,87,33,54
2020-10-31,103,51,52
2020-10-31,73,40,33
2020-10-31,38,16,22
2020-10-31,18,12,6
2020-10-31,22,7,15
2020-10-31,10,1,9
2020-10-31,4,0,4
2020-10-31,2,1,1
2020-10-31,6,2,4
2021-01-01,5,4,1
2021-01-01,4,3,1
2021-01-01,3,0,3
2021-01-01,3,0,3
2021-01-01,1,1,0
2021-01-01,1,0,1
2021-01-01,3,2,1
2021-01-01,0,0,0
2021-01-01,3,0,3
2021-01-01,12,3,9
2021-01-01,11,5,6
2021-01-01,27,12,15
2021-01-01,21,16,5
2020-11-01,3,2,1
2020-11-01,5,2,3
2020-11-01,1,1,0
2020-11-01,1,0,1
2020-11-01,1,1,0
2020-11-01,5,1,4
2020-11-01,9,3,6
2020-11-01,13,6,7
2020-11-01,34,24,10
2020-11-01,41,23,18
2020-11-01,77,23,54
2020-11-01,99,43,56
2020-11-01,98,54,44
2020-11-01,108,58,50
2020-11-01,95,46,49
2020-11-01,86,41,45
2020-11-01,68,38,30
2020-11-01,36,21,15
2020-11-01,17,9,8
2020-11-01,9,7,2
2020-11-01,4,4,0
2020-11-01,5,3,2
2020-11-01,3,2,1
2020-11-01,1,0,1
2020-11-02,1,1,0
2020-11-02,3,2,1
2020-11-02,3,1,2
2020-11-02,2,0,2
2020-11-02,0,0,0
2020-11-02,29,4,25
2020-11-02,69,2,67
2020-11-02,73,10,63
2020-11-02,71,9,62
2020-11-02,33,12,21
2020-11-02,42,12,30
2020-11-02,43,17,26
2020-11-02,41,16,25
2020-11-02,59,36,23
2020-11-02,80,49,31
2020-11-02,83,63,20
2020-11-02,118,81,37
2020-11-02,104,84,20
2020-11-02,32,26,6
2020-11-02,29,21,8
2020-11-02,16,13,3
2020-11-02,5,4,1
2020-11-02,2,1,1
2020-11-02,2,1,1
2020-11-03,1,1,0
2020-11-03,6,6,0
2020-11-03,0,0,0
2020-11-03,2,1,1
2020-11-03,5,1,4
2020-11-03,25,5,20
2020-11-03,47,7,40
2020-11-03,45,5,40
2020-11-03,38,5,33
2020-11-03,22,5,17
2020-11-03,9,4,5
2020-11-03,8,4,4
2020-11-03,13,4,9
2020-11-03,14,6,8
2020-11-03,8,6,2
2020-11-03,40,32,8
2020-11-03,52,39,13
2020-11-03,55,47,8
2020-11-03,21,20,1
2020-11-03,10,9,1
2020-11-03,9,8,1
2020-11-03,6,3,3
2020-11-03,2,2,0
2020-11-03,3,1,2
2020-11-04,0,0,0
2020-11-04,1,1,0
2020-11-04,3,2,1
2020-11-04,4,2,2
2020-11-04,3,1,2
2020-11-04,17,2,15
2020-11-04,49,4,45
2020-11-04,31,4,27
2020-11-04,43,4,39
2020-11-04,26,10,16
2020-11-04,13,4,9
2020-11-04,25,6,19
2020-11-04,21,7,14
2020-11-04,27,13,14
2020-11-04,32,16,16
2020-11-04,44,26,18
2020-11-04,57,47,10
2020-11-04,57,48,9
2020-11-04,27,25,2
2020-11-04,10,9,1
2020-11-04,13,10,3
2020-11-04,3,3,0
2020-11-04,1,1,0
2020-11-04,5,5,0
2020-11-05,2,1,1
2020-11-05,0,0,0
2020-11-05,0,0,0
2020-11-05,5,3,2
2020-11-05,5,3,2
2020-11-05,23,7,16
2020-11-05,46,4,42
2020-11-05,54,8,46
2020-11-05,36,4,32
2020-11-05,30,7,23
2020-11-05,21,7,14
2020-11-05,16,7,9
2020-11-05,9,4,5
2020-11-05,14,5,9
2020-11-05,30,19,11
2020-11-05,37,31,6
2020-11-05,60,46,14
2020-11-05,63,50,13
2020-11-05,29,22,7
2020-11-05,25,20,5
2020-11-05,13,9,4
2020-11-05,7,5,2
2020-11-05,13,9,4
2020-11-05,1,0,1
2020-11-06,4,4,0
2020-11-06,0,0,0
2020-11-06,5,3,2
2020-11-06,4,1,3
2020-11-06,6,1,5
2020-11-06,25,6,19
2020-11-06,54,9,45
2020-11-06,40,7,33
2020-11-06,72,8,64
2020-11-06,36,11,25
2020-11-06,25,11,14
2020-11-06,27,9,18
2020-11-06,25,12,13
2020-11-06,44,22,22
2020-11-06,59,32,27
2020-11-06,73,39,34
2020-11-06,77,62,15
2020-11-06,69,58,11
2020-11-06,40,25,15
2020-11-06,18,14,4
2020-11-06,13,10,3
2020-11-06,3,3,0
2020-11-06,9,7,2
2020-11-06,7,4,3
2020-11-07,5,5,0
2020-11-07,1,0,1
2020-11-07,1,0,1
2020-11-07,3,1,2
2020-11-07,6,3,3
2020-11-07,5,1,4
2020-11-07,11,6,5
2020-11-07,12,5,7
2020-11-07,23,10,13
2020-11-07,36,10,26
2020-11-07,32,22,10
2020-11-07,55,32,23
2020-11-07,63,36,27
2020-11-07,44,31,13
2020-11-07,62,27,35
2020-11-07,50,16,34
2020-11-07,25,15,10
2020-11-07,14,9,5
2020-11-07,13,7,6
2020-11-07,7,3,4
2020-11-07,13,10,3
2020-11-07,6,3,3
2020-11-07,5,5,0
2020-11-07,4,2,2
2020-11-08,2,1,1
2020-11-08,4,2,2
2020-11-08,1,1,0
2020-11-08,2,0,2
2020-11-08,1,1,0
2020-11-08,3,1,2
2020-11-08,4,3,1
2020-11-08,20,6,14
2020-11-08,27,17,10
2020-11-08,24,10,14
2020-11-08,37,13,24
2020-11-08,51,24,27
2020-11-08,66,33,33
2020-11-08,68,34,34
2020-11-08,88,49,39
2020-11-08,71,40,31
2020-11-08,46,21,25
2020-11-08,28,14,14
2020-11-08,8,2,6
2020-11-08,6,4,2
2020-11-08,9,7,2
2020-11-08,3,2,1
2020-11-08,1,0,1
2020-11-08,0,0,0
2020-11-09,1,0,1
2020-11-09,2,1,1
2020-11-09,2,0,2
2020-11-09,2,0,2
2020-11-09,1,0,1
2020-11-09,19,5,14
2020-11-09,50,7,43
2020-11-09,46,3,43
2020-11-09,55,9,46
2020-11-09,29,6,23
2020-11-09,22,3,19
2020-11-09,19,4,15
2020-11-09,27,12,15
2020-11-09,22,12,10
2020-11-09,40,22,18
2020-11-09,55,45,10
2020-11-09,57,47,10
2020-11-09,67,53,14
2020-11-09,32,27,5
2020-11-09,9,7,2
2020-11-09,8,7,1
2020-11-09,7,4,3
2020-11-09,1,1,0
2020-11-09,6,5,1
2020-11-10,2,2,0
2020-11-10,3,3,0
2020-11-10,2,0,2
2020-11-10,1,0,1
2020-11-10,5,3,2
2020-11-10,21,4,17
2020-11-10,40,12,28
2020-11-10,53,2,51
2020-11-10,44,9,35
2020-11-10,29,8,21
2020-11-10,26,10,16
2020-11-10,13,7,6
2020-11-10,14,11,3
2020-11-10,15,6,9
2020-11-10,26,15,11
2020-11-10,50,33,17
2020-11-10,46,41,5
2020-11-10,66,56,10
2020-11-10,36,24,12
2020-11-10,19,14,5
2020-11-10,14,11,3
2020-11-10,6,5,1
2020-11-10,0,0,0
2020-11-10,5,3,2
2020-11-11,2,2,0
2020-11-11,4,2,2
2020-11-11,2,0,2
2020-11-11,1,1,0
2020-11-11,3,0,3
2020-11-11,13,3,10
2020-11-11,41,3,38
2020-11-11,47,7,40
2020-11-11,35,6,29
2020-11-11,34,9,25
2020-11-11,27,11,16
2020-11-11,38,17,21
2020-11-11,37,19,18
2020-11-11,49,16,33
2020-11-11,67,34,33
2020-11-11,78,49,29
2020-11-11,79,60,19
2020-11-11,54,43,11
2020-11-11,36,26,10
2020-11-11,14,10,4
2020-11-11,11,7,4
2020-11-11,5,4,1
2020-11-11,9,8,1
2020-11-11,3,3,0
2020-11-12,1,1,0
2020-11-12,0,0,0
2020-11-12,5,2,3
2020-11-12,3,1,2
2020-11-12,4,1,3
2020-11-12,28,4,24
2020-11-12,46,7,39
2020-11-12,48,6,42
2020-11-12,44,8,36
2020-11-12,39,10,29
2020-11-12,21,8,13
2020-11-12,22,7,15
2020-11-12,28,15,13
2020-11-12,26,14,12
2020-11-12,32,19,13
2020-11-12,32,24,8
2020-11-12,51,41,10
2020-11-12,51,44,7
2020-11-12,36,33,3
2020-11-12,18,13,5
2020-11-12,8,6,2
2020-11-12,8,6,2
2020-11-12,4,2,2
2020-11-12,0,0,0
2020-11-13,3,3,0
2020-11-13,3,1,2
2020-11-13,3,2,1
2020-11-13,2,1,1
2020-11-13,3,0,3
2020-11-13,18,5,13
2020-11-13,17,1,16
2020-11-13,28,6,22
2020-11-13,35,4,31
2020-11-13,29,11,18
2020-11-13,19,6,13
2020-11-13,14,4,10
2020-11-13,19,8,11
2020-11-13,21,13,8
2020-11-13,44,26,18
2020-11-13,53,30,23
2020-11-13,46,30,16
2020-11-13,49,40,9
2020-11-13,24,17,7
2020-11-13,9,4,5
2020-11-13,12,12,0
2020-11-13,9,8,1
2020-11-13,7,4,3
2020-11-13,3,1,2
2020-11-14,2,1,1
2020-11-14,3,2,1
2020-11-14,6,2,4
2020-11-14,3,1,2
2020-11-14,3,1,2
2020-11-14,3,0,3
2020-11-14,9,2,7
2020-11-14,5,1,4
2020-11-14,20,12,8
2020-11-14,32,11,21
2020-11-14,49,25,24
2020-11-14,38,17,21
2020-11-14,40,24,16
2020-11-14,28,13,15
2020-11-14,20,16,4
2020-11-14,20,8,12
2020-11-14,16,10,6
2020-11-14,6,3,3
2020-11-14,13,8,5
2020-11-14,9,6,3
2020-11-14,4,4,0
2020-11-14,1,1,0
2020-11-14,3,1,2
2020-11-14,3,2,1
2020-11-15,2,1,1
2020-11-15,1,1,0
2020-11-15,2,2,0
2020-11-15,3,1,2
2020-11-15,0,0,0
2020-11-15,2,0,2
2020-11-15,10,6,4
2020-11-15,10,3,7
2020-11-15,14,6,8
2020-11-15,13,5,8
2020-11-15,47,22,25
2020-11-15,23,8,15
2020-11-15,33,16,17
2020-11-15,36,25,11
2020-11-15,28,10,18
2020-11-15,33,16,17
2020-11-15,40,20,20
2020-11-15,16,14,2
2020-11-15,13,7,6
2020-11-15,7,5,2
2020-11-15,8,5,3
2020-11-15,3,2,1
2020-11-15,1,0,1
2020-11-15,0,0,0
2020-11-16,0,0,0
2020-11-16,2,1,1
2020-11-16,2,0,2
2020-11-16,2,1,1
2020-11-16,1,0,1
2020-11-16,23,5,18
2020-11-16,40,3,37
2020-11-16,39,4,35
2020-11-16,37,3,34
2020-11-16,25,5,20
2020-11-16,11,3,8
2020-11-16,12,5,7
2020-11-16,8,3,5
2020-11-16,14,7,7
2020-11-16,13,7,6
2020-11-16,28,20,8
2020-11-16,43,40,3
2020-11-16,41,35,6
2020-11-16,28,27,1
2020-11-16,15,12,3
2020-11-16,12,8,4
2020-11-16,6,5,1
2020-11-16,5,5,0
2020-11-16,3,1,2
2020-11-17,5,4,1
2020-11-17,1,1,0
2020-11-17,3,2,1
2020-11-17,3,2,1
2020-11-17,4,2,2
2020-11-17,26,9,17
2020-11-17,39,3,36
2020-11-17,39,4,35
2020-11-17,53,6,47
2020-11-17,26,9,17
2020-11-17,18,6,12
2020-11-17,9,5,4
2020-11-17,10,4,6
2020-11-17,7,4,3
2020-11-17,26,17,9
2020-11-17,44,29,15
2020-11-17,42,34,8
2020-11-17,49,39,10
2020-11-17,26,21,5
2020-11-17,19,17,2
2020-11-17,5,3,2
2020-11-17,4,4,0
2020-11-17,2,0,2
2020-11-17,4,4,0
2020-11-18,1,1,0
2020-11-18,2,0,2
2020-11-18,0,0,0
2020-11-18,2,1,1
2020-11-18,1,0,1
2020-11-18,26,8,18
2020-11-18,39,8,31
2020-11-18,27,2,25
2020-11-18,38,5,33
2020-11-18,22,3,19
2020-11-18,14,8,6
2020-11-18,15,4,11
2020-11-18,19,11,8
2020-11-18,12,7,5
2020-11-18,14,10,4
2020-11-18,31,23,8
2020-11-18,37,30,7
2020-11-18,50,40,10
2020-11-18,24,19,5
2020-11-18,16,15,1
2020-11-18,9,4,5
2020-11-18,7,6,1
2020-11-18,2,0,2
2020-11-18,2,2,0
2020-11-19,3,2,1
2020-11-19,3,2,1
2020-11-19,4,2,2
2020-11-19,3,1,2
2020-11-19,5,0,5
2020-11-19,26,3,23
2020-11-19,34,4,30
2020-11-19,48,5,43
2020-11-19,40,7,33
2020-11-19,42,13,29
2020-11-19,25,7,18
2020-11-19,25,16,9
2020-11-19,19,8,11
2020-11-19,21,10,11
2020-11-19,28,17,11
2020-11-19,47,31,16
2020-11-19,63,49,14
2020-11-19,65,54,11
2020-11-19,31,24,7
2020-11-19,14,8,6
2020-11-19,9,4,5
2020-11-19,5,4,1
2020-11-19,1,1,0
2020-11-19,3,2,1
2020-11-20,5,5,0
2020-11-20,2,1,1
2020-11-20,3,1,2
2020-11-20,3,2,1
2020-11-20,3,0,3
2020-11-20,23,2,21
2020-11-20,35,5,30
2020-11-20,45,6,39
2020-11-20,48,8,40
2020-11-20,32,10,22
2020-11-20,16,7,9
2020-11-20,32,7,25
2020-11-20,24,17,7
2020-11-20,30,12,18
2020-11-20,36,23,13
2020-11-20,46,31,15
2020-11-20,51,47,4
2020-11-20,70,52,18
2020-11-20,32,25,7
2020-11-20,17,13,4
2020-11-20,6,5,1
2020-11-20,10,3,7
2020-11-20,5,3,2
2020-11-20,2,1,1
2020-11-21,6,4,2
2020-11-21,0,0,0
2020-11-21,0,0,0
2020-11-21,4,2,2
2020-11-21,3,1,2
2020-11-21,10,3,7
2020-11-21,2,1,1
2020-11-21,19,11,8
2020-11-21,36,14,22
2020-11-21,60,26,34
2020-11-21,81,34,47
2020-11-21,98,39,59
2020-11-21,126,77,49
2020-11-21,148,86,62
2020-11-21,127,76,51
2020-11-21,133,64,69
2020-11-21,73,31,42
2020-11-21,32,12,20
2020-11-21,15,11,4
2020-11-21,5,4,1
2020-11-21,10,9,1
2020-11-21,4,4,0
2020-11-21,5,2,3
2020-11-21,5,5,0
2020-11-22,5,4,1
2020-11-22,0,0,0
2020-11-22,0,0,0
2020-11-22,0,0,0
2020-11-22,1,0,1
2020-11-22,4,1,3
2020-11-22,7,3,4
2020-11-22,13,6,7
2020-11-22,16,6,10
2020-11-22,18,5,13
2020-11-22,43,27,16
2020-11-22,39,21,18
2020-11-22,46,28,18
2020-11-22,32,13,19
2020-11-22,26,13,13
2020-11-22,13,9,4
2020-11-22,4,2,2
2020-11-22,10,6,4
2020-11-22,4,2,2
2020-11-22,3,2,1
2020-11-22,4,4,0
2020-11-22,3,2,1
2020-11-22,4,4,0
2020-11-22,0,0,0
2020-11-23,1,0,1
2020-11-23,3,2,1
2020-11-23,1,0,1
2020-11-23,1,0,1
2020-11-23,6,3,3
2020-11-23,15,1,14
2020-11-23,35,4,31
2020-11-23,37,4,33
2020-11-23,41,4,37
2020-11-23,19,2,17
2020-11-23,10,3,7
2020-11-23,9,1,8
2020-11-23,16,8,8
2020-11-23,16,7,9
2020-11-23,25,16,9
2020-11-23,39,31,8
2020-11-23,49,37,12
2020-11-23,52,41,11
2020-11-23,33,32,1
2020-11-23,12,10,2
2020-11-23,12,8,4
2020-11-23,2,1,1
2020-11-23,7,5,2
2020-11-23,6,5,1
2020-11-24,6,2,4
2020-11-24,2,0,2
2020-11-24,2,0,2
2020-11-24,1,1,0
2020-11-24,4,1,3
2020-11-24,18,2,16
2020-11-24,40,4,36
2020-11-24,44,3,41
2020-11-24,47,8,39
2020-11-24,29,9,20
2020-11-24,9,3,6
2020-11-24,11,5,6
2020-11-24,14,6,8
2020-11-24,4,1,3
2020-11-24,23,16,7
2020-11-24,28,20,8
2020-11-24,37,35,2
2020-11-24,57,41,16
2020-11-24,30,23,7
2020-11-24,15,14,1
2020-11-24,5,2,3
2020-11-24,2,0,2
2020-11-24,6,2,4
2020-11-24,2,2,0
2020-11-25,2,1,1
2020-11-25,2,2,0
2020-11-25,3,1,2
2020-11-25,2,2,0
2020-11-25,6,2,4
2020-11-25,17,6,11
2020-11-25,39,4,35
2020-11-25,29,4,25
2020-11-25,32,9,23
2020-11-25,27,10,17
2020-11-25,30,8,22
2020-11-25,15,11,4
2020-11-25,17,8,9
2020-11-25,43,22,21
2020-11-25,49,24,25
2020-11-25,66,47,19
2020-11-25,44,34,10
2020-11-25,31,23,8
2020-11-25,22,14,8
2020-11-25,16,13,3
2020-11-25,11,8,3
2020-11-25,4,4,0
2020-11-25,0,0,0
2020-11-25,5,5,0
2020-11-26,8,3,5
2020-11-26,0,0,0
2020-11-26,1,0,1
2020-11-26,2,1,1
2020-11-26,1,1,0
2020-11-26,6,3,3
2020-11-26,3,2,1
2020-11-26,7,1,6
2020-11-26,3,1,2
2020-11-26,21,9,12
2020-11-26,17,5,12
2020-11-26,23,14,9
2020-11-26,37,23,14
2020-11-26,27,12,15
2020-11-26,24,11,13
2020-11-26,20,11,9
2020-11-26,13,6,7
2020-11-26,4,1,3
2020-11-26,5,4,1
2020-11-26,4,1,3
2020-11-26,8,4,4
2020-11-26,7,3,4
2020-11-26,3,2,1
2020-11-26,5,4,1
2020-11-27,3,1,2
2020-11-27,2,1,1
2020-11-27,3,1,2
2020-11-27,1,1,0
2020-11-27,4,0,4
2020-11-27,6,3,3
2020-11-27,17,1,16
2020-11-27,18,6,12
2020-11-27,24,7,17
2020-11-27,36,18,18
2020-11-27,54,22,32
2020-11-27,82,38,44
2020-11-27,84,45,39
2020-11-27,92,43,49
2020-11-27,97,54,43
2020-11-27,94,52,42
2020-11-27,49,32,17
2020-11-27,27,12,15
2020-11-27,19,15,4
2020-11-27,9,4,5
2020-11-27,4,3,1
2020-11-27,7,4,3
2020-11-27,5,3,2
2020-11-27,4,3,1
2020-11-28,5,5,0
2020-11-28,1,1,0
2020-11-28,4,1,3
2020-11-28,3,1,2
2020-11-28,2,0,2
2020-11-28,8,2,6
2020-11-28,6,2,4
2020-11-28,7,1,6
2020-11-28,17,8,9
2020-11-28,17,8,9
2020-11-28,20,4,16
2020-11-28,31,14,17
2020-11-28,23,10,13
2020-11-28,32,14,18
2020-11-28,32,16,16
2020-11-28,37,18,19
2020-11-28,33,24,9
2020-11-28,25,10,15
2020-11-28,14,7,7
2020-11-28,6,5,1
2020-11-28,12,9,3
2020-11-28,8,5,3
2020-11-28,6,2,4
2020-11-28,10,3,7
2020-11-29,0,0,0
2020-11-29,3,0,3
2020-11-29,3,2,1
2020-11-29,2,0,2
2020-11-29,1,0,1
2020-11-29,3,1,2
2020-11-29,7,2,5
2020-11-29,10,3,7
2020-11-29,19,6,13
2020-11-29,20,9,11
2020-11-29,34,17,17
2020-11-29,54,29,25
2020-11-29,52,25,27
2020-11-29,77,34,43
2020-11-29,89,45,44
2020-11-29,70,37,33
2020-11-29,46,23,23
2020-11-29,18,9,9
2020-11-29,11,7,4
2020-11-29,4,3,1
2020-11-29,5,5,0
2020-11-29,3,0,3
2020-11-29,4,3,1
2020-11-29,1,0,1
2020-11-30,3,1,2
2020-11-30,1,1,0
2020-11-30,1,1,0
2020-11-30,2,0,2
2020-11-30,3,0,3
2020-11-30,20,3,17
2020-11-30,29,2,27
2020-11-30,36,4,32
2020-11-30,29,2,27
2020-11-30,10,0,10
2020-11-30,24,6,18
2020-11-30,28,11,17
2020-11-30,28,10,18
2020-11-30,42,18,24
2020-11-30,52,34,18
2020-11-30,55,37,18
2020-11-30,63,48,15
2020-11-30,60,44,16
2020-11-30,24,23,1
2020-11-30,9,8,1
2020-11-30,11,8,3
2020-11-30,1,0,1
2020-11-30,3,3,0
2020-11-30,4,2,2
2021-01-01,26,15,11
2021-01-01,20,6,14
2021-01-01,5,3,2
2021-01-01,5,3,2
2021-01-01,10,8,2
2021-01-01,3,2,1
2021-01-01,1,1,0
2021-01-01,2,1,1
2021-01-01,4,2,2
2021-01-01,1,0,1
2021-01-01,2,1,1
2021-01-02,1,1,0
2021-01-02,0,0,0
2021-01-02,0,0,0
2021-01-02,1,1,0
2021-01-02,1,0,1
2021-01-02,4,0,4
2021-01-02,6,2,4
2021-01-02,3,1,2
2021-01-02,2,1,1
2021-01-02,7,1,6
2021-01-02,5,1,4
2021-01-02,4,2,2
2021-01-02,5,3,2
2021-01-02,4,2,2
2021-01-02,4,3,1
2021-01-02,3,2,1
2021-01-02,5,5,0
2021-01-02,5,3,2
2021-01-02,3,2,1
2021-01-02,3,2,1
2021-01-02,3,1,2
2021-01-02,1,1,0
2021-01-02,1,1,0
2021-01-02,0,0,0
2021-01-03,1,1,0
2021-01-03,0,0,0
2021-01-03,0,0,0
2021-01-03,1,1,0
2021-01-03,4,2,2
2021-01-03,3,1,2
2021-01-03,6,1,5
2021-01-03,8,1,7
2021-01-03,5,2,3
2021-01-03,6,1,5
2021-01-03,8,5,3
2021-01-03,15,5,10
2021-01-03,18,9,9
2021-01-03,23,13,10
2021-01-03,36,17,19
2021-01-03,33,18,15
2021-01-03,22,15,7
2021-01-03,11,8,3
2021-01-03,4,4,0
2021-01-03,6,4,2
2021-01-03,3,2,1
2020-12-01,3,2,1
2020-12-01,1,1,0
2020-12-01,4,2,2
2020-12-01,4,2,2
2020-12-01,4,0,4
2020-12-01,26,8,18
2020-12-01,53,9,44
2020-12-01,55,9,46
2020-12-01,51,6,45
2020-12-01,34,5,29
2020-12-01,23,10,13
2020-12-01,28,11,17
2020-12-01,20,12,8
2020-12-01,36,17,19
2020-12-01,75,44,31
2020-12-01,67,45,22
2020-12-01,76,55,21
2020-12-01,75,62,13
2020-12-01,40,31,9
2020-12-01,20,13,7
2020-12-01,6,5,1
2020-12-01,6,2,4
2020-12-01,3,2,1
2020-12-01,9,7,2
2020-12-02,2,2,0
2020-12-02,2,2,0
2020-12-02,5,3,2
2020-12-02,2,0,2
2020-12-02,6,1,5
2020-12-02,28,8,20
2020-12-02,50,5,45
2020-12-02,54,5,49
2020-12-02,53,7,46
2020-12-02,28,5,23
2020-12-02,42,15,27
2020-12-02,43,24,19
2020-12-02,36,12,24
2020-12-02,61,31,30
2020-12-02,67,41,26
2020-12-02,84,57,27
2020-12-02,94,63,31
2020-12-02,79,65,14
2020-12-02,31,24,7
2020-12-02,19,16,3
2020-12-02,12,10,2
2020-12-02,6,4,2
2020-12-02,1,1,0
2020-12-02,5,3,2
2020-12-03,3,1,2
2020-12-03,1,0,1
2020-12-03,2,1,1
2020-12-03,1,1,0
2020-12-03,6,1,5
2020-12-03,27,8,19
2020-12-03,46,6,40
2020-12-03,47,3,44
2020-12-03,58,10,48
2020-12-03,42,13,29
2020-12-03,32,10,22
2020-12-03,32,14,18
2020-12-03,28,15,13
2020-12-03,37,19,18
2020-12-03,32,21,11
2020-12-03,51,37,14
2020-12-03,66,54,12
2020-12-03,66,48,18
2020-12-03,39,33,6
2020-12-03,17,12,5
2020-12-03,15,12,3
2020-12-03,4,2,2
2020-12-03,4,2,2
2020-12-03,2,1,1
2020-12-04,7,7,0
2020-12-04,3,0,3
2020-12-04,4,3,1
2020-12-04,0,0,0
2020-12-04,6,1,5
2020-12-04,28,7,21
2020-12-04,38,5,33
2020-12-04,43,7,36
2020-12-04,54,13,41
2020-12-04,41,13,28
2020-12-04,38,15,23
2020-12-04,41,15,26
2020-12-04,41,17,24
2020-12-04,49,28,21
2020-12-04,73,41,32
2020-12-04,100,64,36
2020-12-04,68,53,15
2020-12-04,60,48,12
2020-12-04,37,29,8
2020-12-04,19,13,6
2020-12-04,16,13,3
2020-12-04,10,6,4
2020-12-04,3,2,1
2020-12-04,3,2,1
2020-12-05,5,4,1
2020-12-05,1,0,1
2020-12-05,4,2,2
2020-12-05,1,0,1
2020-12-05,4,2,2
2020-12-05,6,1,5
2020-12-05,11,6,5
2020-12-05,8,3,5
2020-12-05,27,14,13
2020-12-05,55,30,25
2020-12-05,64,33,31
2020-12-05,91,42,49
2020-12-05,106,49,57
2020-12-05,130,78,52
2020-12-05,120,56,64
2020-12-05,114,57,57
2020-12-05,52,26,26
2020-12-05,24,14,10
2020-12-05,19,13,6
2020-12-05,7,4,3
2020-12-05,4,2,2
2020-12-05,5,4,1
2020-12-05,6,5,1
2020-12-05,2,2,0
2020-12-06,3,0,3
2020-12-06,2,2,0
2020-12-06,4,2,2
2020-12-06,0,0,0
2020-12-06,2,0,2
2020-12-06,3,1,2
2020-12-06,5,3,2
2020-12-06,6,3,3
2020-12-06,13,5,8
2020-12-06,16,7,9
2020-12-06,41,25,16
2020-12-06,68,39,29
2020-12-06,74,29,45
2020-12-06,85,43,42
2020-12-06,78,33,45
2020-12-06,66,42,24
2020-12-06,38,19,19
2020-12-06,20,10,10
2020-12-06,8,6,2
2020-12-06,5,4,1
2020-12-06,5,4,1
2020-12-06,4,2,2
2020-12-06,0,0,0
2020-12-06,4,2,2
2020-12-07,5,2,3
2020-12-07,1,0,1
2020-12-07,1,1,0
2020-12-07,3,2,1
2020-12-07,5,0,5
2020-12-07,24,4,20
2020-12-07,38,5,33
2020-12-07,58,7,51
2020-12-07,53,8,45
2020-12-07,30,13,17
2020-12-07,22,6,16
2020-12-07,24,10,14
2020-12-07,25,14,11
2020-12-07,34,20,14
2020-12-07,29,17,12
2020-12-07,53,33,20
2020-12-07,64,54,10
2020-12-07,55,45,10
2020-12-07,46,39,7
2020-12-07,12,10,2
2020-12-07,5,4,1
2020-12-07,3,2,1
2020-12-07,3,2,1
2020-12-07,3,1,2
2020-12-08,3,3,0
2020-12-08,3,1,2
2020-12-08,1,1,0
2020-12-08,2,1,1
2020-12-08,2,0,2
2020-12-08,22,5,17
2020-12-08,48,6,42
2020-12-08,42,3,39
2020-12-08,51,8,43
2020-12-08,21,5,16
2020-12-08,13,2,11
2020-12-08,16,9,7
2020-12-08,17,8,9
2020-12-08,13,10,3
2020-12-08,28,20,8
2020-12-08,27,17,10
2020-12-08,36,27,9
2020-12-08,54,43,11
2020-12-08,18,18,0
2020-12-08,12,10,2
2020-12-08,7,6,1
2020-12-08,5,4,1
2020-12-08,3,2,1
2020-12-08,4,2,2
2020-12-09,3,2,1
2020-12-09,1,0,1
2020-12-09,0,0,0
2020-12-09,1,1,0
2020-12-09,3,1,2
2020-12-09,21,8,13
2020-12-09,46,5,41
2020-12-09,41,4,37
2020-12-09,44,7,37
2020-12-09,27,6,21
2020-12-09,23,7,16
2020-12-09,19,6,13
2020-12-09,24,10,14
2020-12-09,24,16,8
2020-12-09,40,21,19
2020-12-09,48,30,18
2020-12-09,63,47,16
2020-12-09,60,51,9
2020-12-09,35,31,4
2020-12-09,19,13,6
2020-12-09,6,3,3
2020-12-09,4,3,1
2020-12-09,5,5,0
2020-12-09,6,3,3
2020-12-10,3,3,0
2020-12-10,3,1,2
2020-12-10,2,0,2
2020-12-10,3,0,3
2020-12-10,5,2,3
2020-12-10,26,8,18
2020-12-10,44,3,41
2020-12-10,49,6,43
2020-12-10,60,10,50
2020-12-10,28,8,20
2020-12-10,26,5,21
2020-12-10,32,15,17
2020-12-10,21,9,12
2020-12-10,24,18,6
2020-12-10,34,21,13
2020-12-10,51,30,21
2020-12-10,60,48,12
2020-12-10,68,49,19
2020-12-10,34,31,3
2020-12-10,17,16,1
2020-12-10,3,3,0
2020-12-10,4,2,2
2020-12-10,5,1,4
2020-12-10,1,0,1
2020-12-11,2,2,0
2020-12-11,1,0,1
2020-12-11,4,4,0
2020-12-11,1,1,0
2020-12-11,6,2,4
2020-12-11,23,6,17
2020-12-11,36,5,31
2020-12-11,34,10,24
2020-12-11,43,10,33
2020-12-11,28,8,20
2020-12-11,33,7,26
2020-12-11,27,10,17
2020-12-11,24,11,13
2020-12-11,29,15,14
2020-12-11,49,29,20
2020-12-11,49,33,16
2020-12-11,59,44,15
2020-12-11,54,44,10
2020-12-11,39,28,11
2020-12-11,18,15,3
2020-12-11,10,8,2
2020-12-11,10,6,4
2020-12-11,5,3,2
2020-12-11,2,1,1
2020-12-12,2,2,0
2020-12-12,3,1,2
2020-12-12,3,1,2
2020-12-12,1,0,1
2020-12-12,1,0,1
2020-12-12,5,2,3
2020-12-12,14,3,11
2020-12-12,16,6,10
2020-12-12,23,9,14
2020-12-12,36,20,16
2020-12-12,42,21,21
2020-12-12,87,36,51
2020-12-12,77,34,43
2020-12-12,117,56,61
2020-12-12,121,63,58
2020-12-12,84,42,42
2020-12-12,38,19,19
2020-12-12,15,7,8
2020-12-12,14,7,7
2020-12-12,13,9,4
2020-12-12,14,8,6
2020-12-12,3,2,1
2020-12-12,1,1,0
2020-12-12,3,1,2
2020-12-13,3,2,1
2020-12-13,1,1,0
2020-12-13,0,0,0
2020-12-13,0,0,0
2020-12-13,0,0,0
2020-12-13,2,0,2
2020-12-13,5,1,4
2020-12-13,1,1,0
2020-12-13,5,2,3
2020-12-13,4,1,3
2020-12-13,12,3,9
2020-12-13,7,2,5
2020-12-13,7,3,4
2020-12-13,16,9,7
2020-12-13,25,13,12
2020-12-13,25,12,13
2020-12-13,15,6,9
2020-12-13,9,4,5
2020-12-13,7,6,1
2020-12-13,6,3,3
2020-12-13,5,3,2
2020-12-13,3,1,2
2020-12-13,4,4,0
2020-12-13,2,1,1
2020-12-14,1,0,1
2020-12-14,2,2,0
2020-12-14,0,0,0
2020-12-14,4,3,1
2020-12-14,6,0,6
2020-12-14,22,6,16
2020-12-14,34,2,32
2020-12-14,40,5,35
2020-12-14,34,3,31
2020-12-14,31,4,27
2020-12-14,18,5,13
2020-12-14,26,11,15
2020-12-14,14,4,10
2020-12-14,21,11,10
2020-12-14,34,18,16
2020-12-14,46,36,10
2020-12-14,54,44,10
2020-12-14,57,49,8
2020-12-14,22,17,5
2020-12-14,17,13,4
2020-12-14,14,12,2
2020-12-14,2,0,2
2020-12-14,2,2,0
2020-12-14,5,3,2
2020-12-15,7,2,5
2020-12-15,0,0,0
2020-12-15,3,2,1
2020-12-15,0,0,0
2020-12-15,4,1,3
2020-12-15,17,4,13
2020-12-15,33,3,30
2020-12-15,24,5,19
2020-12-15,42,8,34
2020-12-15,18,5,13
2020-12-15,10,1,9
2020-12-15,13,4,9
2020-12-15,14,8,6
2020-12-15,16,8,8
2020-12-15,23,14,9
2020-12-15,21,17,4
2020-12-15,39,31,8
2020-12-15,39,33,6
2020-12-15,33,25,8
2020-12-15,14,10,4
2020-12-15,3,3,0
2020-12-15,3,2,1
2020-12-15,3,1,2
2020-12-15,2,2,0
2020-12-16,3,1,2
2020-12-16,1,1,0
2020-12-16,4,2,2
2020-12-16,1,1,0
2020-12-16,5,0,5
2020-12-16,21,6,15
2020-12-16,38,6,32
2020-12-16,38,3,35
2020-12-16,36,5,31
2020-12-16,29,8,21
2020-12-16,12,2,10
2020-12-16,12,8,4
2020-12-16,12,5,7
2020-12-16,15,9,6
2020-12-16,21,12,9
2020-12-16,30,21,9
2020-12-16,24,22,2
2020-12-16,46,37,9
2020-12-16,20,18,2
2020-12-16,15,11,4
2020-12-16,9,7,2
2020-12-16,5,4,1
2020-12-16,2,1,1
2020-12-16,1,1,0
2020-12-17,8,3,5
2020-12-17,1,1,0
2020-12-17,1,0,1
2020-12-17,1,1,0
2020-12-17,3,1,2
2020-12-17,20,6,14
2020-12-17,39,3,36
2020-12-17,32,5,27
2020-12-17,34,5,29
2020-12-17,30,6,24
2020-12-17,21,9,12
2020-12-17,27,12,15
2020-12-17,29,10,19
2020-12-17,33,16,17
2020-12-17,58,29,29
2020-12-17,67,51,16
2020-12-17,66,47,19
2020-12-17,59,45,14
2020-12-17,31,26,5
2020-12-17,14,7,7
2020-12-17,6,3,3
2020-12-17,5,4,1
2020-12-17,3,1,2
2020-12-17,3,1,2
2020-12-18,6,4,2
2020-12-18,1,0,1
2020-12-18,2,0,2
2020-12-18,0,0,0
2020-12-18,8,2,6
2020-12-18,14,3,11
2020-12-18,29,6,23
2020-12-18,22,4,18
2020-12-18,35,6,29
2020-12-18,23,7,16
2020-12-18,13,5,8
2020-12-18,10,5,5
2020-12-18,10,7,3
2020-12-18,19,10,9
2020-12-18,26,14,12
2020-12-18,28,20,8
2020-12-18,28,21,7
2020-12-18,29,27,2
2020-12-18,22,18,4
2020-12-18,10,7,3
2020-12-18,4,3,1
2020-12-18,5,4,1
2020-12-18,2,2,0
2020-12-18,3,0,3
2020-12-19,2,1,1
2020-12-19,0,0,0
2020-12-19,4,4,0
2020-12-19,0,0,0
2020-12-19,3,0,3
2020-12-19,6,1,5
2020-12-19,3,2,1
2020-12-19,7,2,5
2020-12-19,13,2,11
2020-12-19,28,14,14
2020-12-19,35,14,21
2020-12-19,44,22,22
2020-12-19,40,20,20
2020-12-19,24,16,8
2020-12-19,18,11,7
2020-12-19,7,5,2
2020-12-19,7,6,1
2020-12-19,7,5,2
2020-12-19,2,2,0
2020-12-19,5,3,2
2020-12-19,5,4,1
2020-12-19,2,2,0
2020-12-19,3,2,1
2020-12-19,1,1,0
2020-12-20,3,1,2
2020-12-20,0,0,0
2020-12-20,1,1,0
2020-12-20,0,0,0
2020-12-20,1,0,1
2020-12-20,1,0,1
2020-12-20,3,2,1
2020-12-20,10,5,5
2020-12-20,15,4,11
2020-12-20,23,9,14
2020-12-20,17,12,5
2020-12-20,26,21,5
2020-12-20,53,28,25
2020-12-20,44,25,19
2020-12-20,37,21,16
2020-12-20,43,18,25
2020-12-20,21,15,6
2020-12-20,14,7,7
2020-12-20,7,5,2
2020-12-20,5,2,3
2020-12-20,7,5,2
2020-12-20,3,1,2
2020-12-20,2,0,2
2020-12-20,0,0,0
2020-12-21,0,0,0
2020-12-21,2,2,0
2020-12-21,1,0,1
2020-12-21,2,1,1
2020-12-21,3,0,3
2020-12-21,9,1,8
2020-12-21,18,4,14
2020-12-21,17,0,17
2020-12-21,12,3,9
2020-12-21,6,0,6
2020-12-21,8,0,8
2020-12-21,6,2,4
2020-12-21,9,6,3
2020-12-21,6,2,4
2020-12-21,7,3,4
2020-12-21,10,9,1
2020-12-21,9,6,3
2020-12-21,33,28,5
2020-12-21,11,10,1
2020-12-21,4,4,0
2020-12-21,3,3,0
2020-12-21,4,2,2
2020-12-21,3,3,0
2020-12-21,1,1,0
2020-12-22,1,1,0
2020-12-22,0,0,0
2020-12-22,1,0,1
2020-12-22,2,0,2
2020-12-22,2,1,1
2020-12-22,12,4,8
2020-12-22,19,3,16
2020-12-22,17,3,14
2020-12-22,21,2,19
2020-12-22,29,6,23
2020-12-22,24,8,16
2020-12-22,32,8,24
2020-12-22,35,19,16
2020-12-22,44,20,24
2020-12-22,61,31,30
2020-12-22,52,32,20
2020-12-22,39,30,9
2020-12-22,29,21,8
2020-12-22,22,19,3
2020-12-22,15,12,3
2020-12-22,3,3,0
2020-12-22,5,4,1
2020-12-22,2,2,0
2020-12-22,2,2,0
2020-12-23,4,1,3
2020-12-23,6,4,2
2020-12-23,1,0,1
2020-12-23,1,0,1
2020-12-23,4,1,3
2020-12-23,11,2,9
2020-12-23,18,3,15
2020-12-23,13,0,13
2020-12-23,25,8,17
2020-12-23,17,2,15
2020-12-23,20,7,13
2020-12-23,25,5,20
2020-12-23,35,19,16
2020-12-23,43,25,18
2020-12-23,47,21,26
2020-12-23,55,37,18
2020-12-23,39,30,9
2020-12-23,27,19,8
2020-12-23,21,15,6
2020-12-23,11,9,2
2020-12-23,8,6,2
2020-12-23,6,5,1
2020-12-23,4,3,1
2020-12-23,4,2,2
2020-12-24,2,1,1
2020-12-24,0,0,0
2020-12-24,3,2,1
2020-12-24,2,1,1
2020-12-24,0,0,0
2020-12-24,11,3,8
2020-12-24,10,1,9
2020-12-24,12,0,12
2020-12-24,15,4,11
2020-12-24,16,4,12
2020-12-24,14,4,10
2020-12-24,40,20,20
2020-12-24,56,25,31
2020-12-24,67,41,26
2020-12-24,49,27,22
2020-12-24,48,30,18
2020-12-24,22,12,10
2020-12-24,18,11,7
2020-12-24,6,3,3
2020-12-24,8,8,0
2020-12-24,3,1,2
2020-12-24,3,2,1
2020-12-24,1,1,0
2020-12-24,2,2,0
2020-12-25,0,0,0
2020-12-25,1,0,1
2020-12-25,2,1,1
2020-12-25,2,0,2
2020-12-25,0,0,0
2020-12-25,2,1,1
2020-12-25,2,1,1
2020-12-25,4,2,2
2020-12-25,1,1,0
2020-12-25,8,6,2
2020-12-25,8,3,5
2020-12-25,12,5,7
2020-12-25,14,6,8
2020-12-25,16,7,9
2020-12-25,11,3,8
2020-12-25,10,8,2
2020-12-25,2,0,2
2020-12-25,5,3,2
2020-12-25,1,0,1
2020-12-25,1,1,0
2020-12-25,0,0,0
2020-12-25,3,3,0
2020-12-25,2,2,0
2020-12-25,1,1,0
2020-12-26,0,0,0
2020-12-26,1,1,0
2020-12-26,1,1,0
2020-12-26,0,0,0
2020-12-26,2,0,2
2020-12-26,3,1,2
2020-12-26,2,1,1
2020-12-26,2,1,1
2020-12-26,8,5,3
2020-12-26,12,4,8
2020-12-26,14,5,9
2020-12-26,14,5,9
2020-12-26,19,9,10
2020-12-26,26,12,14
2020-12-26,39,22,17
2020-12-26,35,25,10
2020-12-26,22,12,10
2020-12-26,14,8,6
2020-12-26,8,4,4
2020-12-26,1,1,0
2020-12-26,5,5,0
2020-12-26,4,2,2
2020-12-26,2,1,1
2020-12-26,0,0,0
2020-12-27,1,0,1
2020-12-27,1,0,1
2020-12-27,1,1,0
2020-12-27,2,0,2
2020-12-27,2,1,1
2020-12-27,3,1,2
2020-12-27,4,0,4
2020-12-27,6,2,4
2020-12-27,4,2,2
2020-12-27,15,5,10
2020-12-27,8,3,5
2020-12-27,19,5,14
2020-12-27,24,10,14
2020-12-27,32,14,18
2020-12-27,64,33,31
2020-12-27,38,23,15
2020-12-27,22,12,10
2020-12-27,10,5,5
2020-12-27,11,5,6
2020-12-27,3,3,0
2020-12-27,8,6,2
2020-12-27,5,1,4
2020-12-27,3,2,1
2020-12-27,4,2,2
2020-12-28,0,0,0
2020-12-28,3,1,2
2020-12-28,1,0,1
2020-12-28,1,1,0
2020-12-28,4,1,3
2020-12-28,15,1,14
2020-12-28,15,1,14
2020-12-28,22,5,17
2020-12-28,24,6,18
2020-12-28,20,5,15
2020-12-28,31,9,22
2020-12-28,38,17,21
2020-12-28,55,23,32
2020-12-28,78,44,34
2020-12-28,100,45,55
2020-12-28,98,68,30
2020-12-28,49,25,24
2020-12-28,39,31,8
2020-12-28,16,9,7
2020-12-28,12,11,1
2020-12-28,6,3,3
2020-12-28,7,5,2
2020-12-28,0,0,0
2020-12-28,4,1,3
2020-12-29,3,3,0
2020-12-29,1,0,1
2020-12-29,2,1,1
2020-12-29,1,1,0
2020-12-29,3,1,2
2020-12-29,18,3,15
2020-12-29,23,6,17
2020-12-29,24,4,20
2020-12-29,31,4,27
2020-12-29,21,7,14
2020-12-29,21,8,13
2020-12-29,36,16,20
2020-12-29,19,8,11
2020-12-29,33,12,21
2020-12-29,37,27,10
2020-12-29,51,37,14
2020-12-29,49,39,10
2020-12-29,28,20,8
2020-12-29,16,10,6
2020-12-29,7,5,2
2020-12-29,3,3,0
2020-12-29,4,3,1
2020-12-29,1,0,1
2020-12-29,2,2,0
2020-12-30,2,1,1
2020-12-30,2,0,2
2020-12-30,0,0,0
2020-12-30,0,0,0
2020-12-30,2,0,2
2020-12-30,13,3,10
2020-12-30,21,5,16
2020-12-30,8,1,7
2020-12-30,19,4,15
2020-12-30,9,2,7
2020-12-30,10,4,6
2020-12-30,7,0,7
2020-12-30,16,6,10
2020-12-30,9,4,5
2020-12-30,15,8,7
2020-12-30,23,17,6
2020-12-30,19,14,5
2020-12-30,22,17,5
2020-12-30,19,15,4
2020-12-30,7,4,3
2020-12-30,2,2,0
2020-12-30,2,2,0
2020-12-30,1,0,1
2020-12-30,6,3,3
2020-12-31,3,1,2
2020-12-31,1,1,0
2020-12-31,1,0,1
2020-12-31,1,0,1
2020-12-31,1,0,1
2020-12-31,10,2,8
2020-12-31,16,2,14
2020-12-31,21,5,16
2020-12-31,16,3,13
2020-12-31,21,4,17
2020-12-31,20,3,17
2020-12-31,33,13,20
2020-12-31,36,16,20
2020-12-31,55,40,15
2020-12-31,45,31,14
2020-12-31,58,33,25
2020-12-31,34,25,9
2020-12-31,21,15,6
2020-12-31,14,12,2
2020-12-31,8,5,3
2020-12-31,1,1,0
2020-12-31,9,4,5
2020-12-31,2,2,0
2020-12-31,1,0,1
2021-01-03,3,2,1
2021-01-03,3,2,1
2021-01-03,2,2,0
2021-01-04,0,0,0
2021-01-04,1,1,0
2021-01-04,1,1,0
2021-01-04,2,0,2
2021-01-04,4,1,3
2021-01-04,20,2,18
2021-01-04,27,2,25
2021-01-04,28,6,22
2021-01-04,32,3,29
2021-01-04,13,2,11
2021-01-04,11,4,7
2021-01-04,8,1,7
2021-01-04,5,3,2
2021-01-04,4,3,1
2021-01-04,18,10,8
2021-01-04,21,16,5
2021-01-04,35,30,5
2021-01-04,39,33,6
2021-01-04,20,17,3
2021-01-04,9,7,2
2021-01-04,8,7,1
2021-01-04,3,3,0
2021-01-04,6,4,2
2021-01-04,10,8,2
2021-01-05,8,3,5
2021-01-05,1,0,1
2021-01-05,1,0,1
2021-01-05,0,0,0
2021-01-05,3,1,2
2021-01-05,24,3,21
2021-01-05,38,6,32
2021-01-05,40,3,37
2021-01-05,41,7,34
2021-01-05,33,8,25
2021-01-05,14,6,8
2021-01-05,13,3,10
2021-01-05,17,10,7
2021-01-05,13,7,6
2021-01-05,14,11,3
2021-01-05,26,17,9
2021-01-05,36,31,5
2021-01-05,37,31,6
2021-01-05,19,19,0
2021-01-05,7,6,1
2021-01-05,5,4,1
2021-01-05,7,6,1
2021-01-05,3,3,0
2021-01-05,5,3,2
2021-01-06,2,2,0
2021-01-06,0,0,0
2021-01-06,0,0,0
2021-01-06,0,0,0
2021-01-06,2,0,2
2021-01-06,14,3,11
2021-01-06,45,5,40
2021-01-06,40,9,31
2021-01-06,35,2,33
2021-01-06,22,4,18
2021-01-06,15,7,8
2021-01-06,26,12,14
2021-01-06,26,7,19
2021-01-06,27,13,14
2021-01-06,32,18,14
2021-01-06,52,34,18
2021-01-06,56,42,14
2021-01-06,68,54,14
2021-01-06,34,25,9
2021-01-06,17,11,6
2021-01-06,14,9,5
2021-01-06,6,4,2
2021-01-06,4,3,1
2021-01-06,3,3,0
2021-01-07,4,3,1
2021-01-07,0,0,0
2021-01-07,3,0,3
2021-01-07,1,0,1
2021-01-07,2,0,2
2021-01-07,16,5,11
2021-01-07,43,5,38
2021-01-07,54,12,42
2021-01-07,53,7,46
2021-01-07,32,9,23
2021-01-07,21,4,17
2021-01-07,32,10,22
2021-01-07,36,13,23
2021-01-07,34,20,14
2021-01-07,42,25,17
2021-01-07,65,49,16
2021-01-07,63,46,17
2021-01-07,64,46,18
2021-01-07,29,26,3
2021-01-07,17,11,6
2021-01-07,7,3,4
2021-01-07,7,6,1
2021-01-07,7,3,4
2021-01-07,3,3,0
2021-01-08,4,3,1
2021-01-08,0,0,0
2021-01-08,1,0,1
2021-01-08,3,2,1
2021-01-08,2,0,2
2021-01-08,20,5,15
2021-01-08,26,4,22
2021-01-08,27,7,20
2021-01-08,26,3,23
2021-01-08,20,6,14
2021-01-08,15,3,12
2021-01-08,13,7,6
2021-01-08,18,5,13
2021-01-08,10,4,6
2021-01-08,16,8,8
2021-01-08,26,21,5
2021-01-08,30,25,5
2021-01-08,30,26,4
2021-01-08,23,19,4
2021-01-08,9,7,2
2021-01-08,5,4,1
2021-01-08,2,1,1
2021-01-08,2,2,0
2021-01-08,0,0,0
2021-01-09,4,3,1
2021-01-09,1,1,0
2021-01-09,3,1,2
2021-01-09,2,0,2
2021-01-09,1,0,1
2021-01-09,5,3,2
2021-01-09,3,1,2
2021-01-09,8,3,5
2021-01-09,16,7,9
2021-01-09,33,16,17
2021-01-09,32,12,20
2021-01-09,45,26,19
2021-01-09,46,24,22
2021-01-09,82,44,38
2021-01-09,67,36,31
2021-01-09,56,28,28
2021-01-09,31,12,19
2021-01-09,23,11,12
2021-01-09,13,8,5
2021-01-09,10,6,4
2021-01-09,3,2,1
2021-01-09,4,3,1
2021-01-09,7,3,4
2021-01-09,3,1,2
2021-01-10,2,0,2
2021-01-10,0,0,0
2021-01-10,0,0,0
2021-01-10,2,1,1
2021-01-10,1,0,1
2021-01-10,1,1,0
2021-01-10,4,2,2
2021-01-10,6,3,3
2021-01-10,11,6,5
2021-01-10,22,12,10
2021-01-10,28,11,17
2021-01-10,47,28,19
2021-01-10,52,29,23
2021-01-10,71,30,41
2021-01-10,65,34,31
2021-01-10,46,23,23
2021-01-10,33,21,12
2021-01-10,12,4,8
2021-01-10,10,10,0
2021-01-10,5,2,3
2021-01-10,6,4,2
2021-01-10,4,2,2
2021-01-10,2,1,1
2021-01-10,2,1,1
2021-01-11,0,0,0
2021-01-11,2,1,1
2021-01-11,2,1,1
2021-01-11,3,2,1
2021-01-11,4,1,3
2021-01-11,22,5,17
2021-01-11,37,2,35
2021-01-11,24,2,22
2021-01-11,34,4,30
2021-01-11,15,4,11
2021-01-11,9,2,7
2021-01-11,10,5,5
2021-01-11,5,2,3
2021-01-11,9,4,5
2021-01-11,10,8,2
2021-01-11,20,15,5
2021-01-11,42,40,2
2021-01-11,37,26,11
2021-01-11,18,16,2
2021-01-11,7,7,0
2021-01-11,8,6,2
2021-01-11,3,2,1
2021-01-11,3,2,1
2021-01-11,2,2,0
2021-01-12,5,4,1
2021-01-12,0,0,0
2021-01-12,2,0,2
2021-01-12,0,0,0
2021-01-12,3,1,2
2021-01-12,17,3,14
2021-01-12,31,1,30
2021-01-12,21,0,21
2021-01-12,23,1,22
2021-01-12,9,2,7
2021-01-12,16,7,9
2021-01-12,9,5,4
2021-01-12,13,3,10
2021-01-12,11,7,4
2021-01-12,17,9,8
2021-01-12,26,20,6
2021-01-12,33,26,7
2021-01-12,29,23,6
2021-01-12,21,19,2
2021-01-12,5,5,0
2021-01-12,6,5,1
2021-01-12,4,2,2
2021-01-12,4,2,2
2021-01-12,2,2,0
2021-01-13,2,2,0
2021-01-13,0,0,0
2021-01-13,2,1,1
2021-01-13,0,0,0
2021-01-13,3,0,3
2021-01-13,15,4,11
2021-01-13,40,3,37
2021-01-13,18,5,13
2021-01-13,42,3,39
2021-01-13,35,10,25
2021-01-13,27,8,19
2021-01-13,42,18,24
2021-01-13,46,23,23
2021-01-13,57,23,34
2021-01-13,64,35,29
2021-01-13,70,40,30
2021-01-13,72,54,18
2021-01-13,55,45,10
2021-01-13,41,34,7
2021-01-13,20,12,8
2021-01-13,6,4,2
2021-01-13,8,7,1
2021-01-13,6,4,2
2021-01-13,8,4,4
2021-01-14,4,2,2
2021-01-14,4,1,3
2021-01-14,4,0,4
2021-01-14,0,0,0
2021-01-14,8,4,4
2021-01-14,27,7,20
2021-01-14,39,4,35
2021-01-14,49,11,38
2021-01-14,42,8,34
2021-01-14,34,3,31
2021-01-14,27,8,19
2021-01-14,31,10,21
2021-01-14,35,21,14
2021-01-14,44,23,21
2021-01-14,75,44,31
2021-01-14,63,42,21
2021-01-14,77,59,18
2021-01-14,70,57,13
2021-01-14,37,32,5
2021-01-14,13,9,4
2021-01-14,9,7,2
2021-01-14,8,5,3
2021-01-14,1,1,0
2021-01-14,2,2,0
2021-01-15,1,1,0
2021-01-15,0,0,0
2021-01-15,6,2,4
2021-01-15,1,1,0
2021-01-15,4,0,4
2021-01-15,19,4,15
2021-01-15,29,3,26
2021-01-15,38,6,32
2021-01-15,39,6,33
2021-01-15,25,3,22
2021-01-15,22,12,10
2021-01-15,23,9,14
2021-01-15,27,11,16
2021-01-15,45,25,20
2021-01-15,53,28,25
2021-01-15,46,30,16
2021-01-15,67,47,20
2021-01-15,54,40,14
2021-01-15,30,23,7
2021-01-15,15,13,2
2021-01-15,6,5,1
2021-01-15,7,7,0
2021-01-15,4,4,0
2021-01-15,3,2,1
2021-01-16,3,2,1
2021-01-16,1,0,1
2021-01-16,3,0,3
2021-01-16,1,0,1
2021-01-16,4,2,2
2021-01-16,6,0,6
2021-01-16,7,3,4
2021-01-16,11,3,8
2021-01-16,19,8,11
2021-01-16,35,17,18
2021-01-16,56,28,28
2021-01-16,58,18,40
2021-01-16,75,37,38
2021-01-16,60,30,30
2021-01-16,78,45,33
2021-01-16,57,30,27
2021-01-16,44,22,22
2021-01-16,24,17,7
2021-01-16,19,11,8
2021-01-16,7,5,2
2021-01-16,5,4,1
2021-01-16,4,2,2
2021-01-16,3,2,1
2021-01-16,4,4,0
2021-01-17,3,2,1
2021-01-17,1,1,0
2021-01-17,1,0,1
2021-01-17,1,0,1
2021-01-17,2,2,0
2021-01-17,5,1,4
2021-01-17,7,3,4
2021-01-17,7,2,5
2021-01-17,10,3,7
2021-01-17,28,13,15
2021-01-17,49,19,30
2021-01-17,51,26,25
2021-01-17,51,35,16
2021-01-17,83,45,38
2021-01-17,59,25,34
2021-01-17,42,21,21
2021-01-17,32,20,12
2021-01-17,19,12,7
2021-01-17,6,2,4
2021-01-17,5,3,2
2021-01-17,6,5,1
2021-01-17,4,1,3
2021-01-17,3,3,0
2021-01-17,1,1,0
2021-01-18,1,0,1
2021-01-18,3,1,2
2021-01-18,2,0,2
2021-01-18,1,1,0
2021-01-18,2,0,2
2021-01-18,7,3,4
2021-01-18,24,3,21
2021-01-18,16,1,15
2021-01-18,30,3,27
2021-01-18,26,9,17
2021-01-18,37,19,18
2021-01-18,53,12,41
2021-01-18,70,37,33
2021-01-18,85,49,36
2021-01-18,85,51,34
2021-01-18,77,37,40
2021-01-18,71,41,30
2021-01-18,34,28,6
2021-01-18,19,16,3
2021-01-18,15,11,4
2021-01-18,4,3,1
2021-01-18,5,4,1
2021-01-18,2,2,0
2021-01-18,4,3,1
2021-01-19,3,2,1
2021-01-19,1,1,0
2021-01-19,2,0,2
2021-01-19,1,0,1
2021-01-19,1,0,1
2021-01-19,27,5,22
2021-01-19,40,4,36
2021-01-19,48,6,42
2021-01-19,37,6,31
2021-01-19,23,9,14
2021-01-19,29,11,18
2021-01-19,18,2,16
2021-01-19,12,7,5
2021-01-19,30,15,15
2021-01-19,37,22,15
2021-01-19,54,40,14
2021-01-19,52,46,6
2021-01-19,56,42,14
2021-01-19,33,29,4
2021-01-19,10,5,5
2021-01-19,9,6,3
2021-01-19,6,4,2
2021-01-19,4,3,1
2021-01-19,5,3,2
2021-01-20,5,3,2
2021-01-20,6,1,5
2021-01-20,3,1,2
2021-01-20,0,0,0
2021-01-20,2,1,1
2021-01-20,22,6,16
2021-01-20,43,3,40
2021-01-20,35,4,31
2021-01-20,35,5,30
2021-01-20,40,11,29
2021-01-20,23,6,17
2021-01-20,17,9,8
2021-01-20,23,12,11
2021-01-20,21,8,13
2021-01-20,36,18,18
2021-01-20,46,32,14
2021-01-20,60,46,14
2021-01-20,68,54,14
2021-01-20,32,25,7
2021-01-20,20,19,1
2021-01-20,6,3,3
2021-01-20,2,2,0
2021-01-20,4,3,1
2021-01-20,5,4,1
2021-01-21,1,1,0
2021-01-21,1,1,0
2021-01-21,2,0,2
2021-01-21,3,2,1
2021-01-21,4,0,4
2021-01-21,18,7,11
2021-01-21,32,6,26
2021-01-21,36,5,31
2021-01-21,38,3,35
2021-01-21,24,5,19
2021-01-21,18,7,11
2021-01-21,17,7,10
2021-01-21,19,6,13
2021-01-21,15,10,5
2021-01-21,32,21,11
2021-01-21,38,25,13
2021-01-21,45,36,9
2021-01-21,45,35,10
2021-01-21,29,22,7
2021-01-21,16,12,4
2021-01-21,8,7,1
2021-01-21,6,5,1
2021-01-21,2,2,0
2021-01-21,3,2,1
2021-01-22,2,2,0
2021-01-22,4,4,0
2021-01-22,2,0,2
2021-01-22,1,0,1
2021-01-22,5,1,4
2021-01-22,18,5,13
2021-01-22,36,6,30
2021-01-22,39,5,34
2021-01-22,47,10,37
2021-01-22,30,7,23
2021-01-22,41,15,26
2021-01-22,36,11,25
2021-01-22,37,16,21
2021-01-22,40,21,19
2021-01-22,58,34,24
2021-01-22,66,49,17
2021-01-22,86,66,20
2021-01-22,44,32,12
2021-01-22,32,21,11
2021-01-22,15,9,6
2021-01-22,7,7,0
2021-01-22,3,3,0
2021-01-22,6,3,3
2021-01-22,6,4,2
2021-01-23,4,2,2
2021-01-23,1,0,1
2021-01-23,2,1,1
2021-01-23,1,1,0
2021-01-23,1,0,1
2021-01-23,6,0,6
2021-01-23,6,2,4
2021-01-23,4,2,2
2021-01-23,12,6,6
2021-01-23,30,20,10
2021-01-23,57,29,28
2021-01-23,44,25,19
2021-01-23,77,34,43
2021-01-23,107,69,38
2021-01-23,109,48,61
2021-01-23,104,46,58
2021-01-23,71,39,32
2021-01-23,49,23,26
2021-01-23,18,10,8
2021-01-23,7,4,3
2021-01-23,7,4,3
2021-01-23,3,3,0
2021-01-23,3,3,0
2021-01-23,1,1,0
2021-01-24,0,0,0
2021-01-24,1,1,0
2021-01-24,1,0,1
2021-01-24,0,0,0
2021-01-24,2,0,2
2021-01-24,3,1,2
2021-01-24,4,2,2
2021-01-24,5,0,5
2021-01-24,6,5,1
2021-01-24,4,2,2
2021-01-24,3,1,2
2021-01-24,8,6,2
2021-01-24,4,2,2
2021-01-24,9,5,4
2021-01-24,9,4,5
2021-01-24,13,7,6
2021-01-24,12,4,8
2021-01-24,5,5,0
2021-01-24,7,3,4
2021-01-24,1,1,0
2021-01-24,1,1,0
2021-01-24,4,4,0
2021-01-24,2,1,1
2021-01-24,1,1,0
2021-01-25,1,1,0
2021-01-25,1,0,1
2021-01-25,3,0,3
2021-01-25,0,0,0
2021-01-25,5,2,3
2021-01-25,15,4,11
2021-01-25,37,2,35
2021-01-25,44,6,38
2021-01-25,36,3,33
2021-01-25,30,6,24
2021-01-25,22,6,16
2021-01-25,20,9,11
2021-01-25,24,9,15
2021-01-25,25,17,8
2021-01-25,39,23,16
2021-01-25,43,30,13
2021-01-25,43,36,7
2021-01-25,68,60,8
2021-01-25,28,23,5
2021-01-25,7,6,1
2021-01-25,9,7,2
2021-01-25,6,5,1
2021-01-25,3,2,1
2021-01-25,5,4,1
2021-01-26,2,1,1
2021-01-26,0,0,0
2021-01-26,0,0,0
2021-01-26,2,0,2
2021-01-26,2,1,1
2021-01-26,25,7,18
2021-01-26,34,3,31
2021-01-26,40,4,36
2021-01-26,55,10,45
2021-01-26,22,8,14
2021-01-26,28,9,19
2021-01-26,22,11,11
2021-01-26,22,10,12
2021-01-26,19,12,7
2021-01-26,46,32,14
2021-01-26,40,27,13
2021-01-26,59,45,14
2021-01-26,50,41,9
2021-01-26,29,22,7
2021-01-26,21,15,6
2021-01-26,6,4,2
2021-01-26,7,6,1
2021-01-26,2,1,1
2021-01-26,1,1,0
2021-01-27,2,1,1
2021-01-27,1,0,1
2021-01-27,3,0,3
2021-01-27,3,1,2
2021-01-27,2,1,1
2021-01-27,21,3,18
2021-01-27,29,4,25
2021-01-27,35,4,31
2021-01-27,26,7,19
2021-01-27,22,6,16
2021-01-27,15,3,12
2021-01-27,27,11,16
2021-01-27,14,6,8
2021-01-27,28,9,19
2021-01-27,41,25,16
2021-01-27,44,27,17
2021-01-27,55,35,20
2021-01-27,59,50,9
2021-01-27,44,36,8
2021-01-27,12,7,5
2021-01-27,3,3,0
2021-01-27,4,2,2
2021-01-27,4,1,3
2021-01-27,2,2,0
2021-01-28,1,1,0
2021-01-28,4,2,2
2021-01-28,5,2,3
2021-01-28,1,0,1
2021-01-28,9,3,6
2021-01-28,19,4,15
2021-01-28,37,7,30
2021-01-28,32,0,32
2021-01-28,33,4,29
2021-01-28,18,7,11
2021-01-28,8,2,6
2021-01-28,11,6,5
2021-01-28,12,5,7
2021-01-28,18,9,9
2021-01-28,29,16,13
2021-01-28,40,26,14
2021-01-28,50,36,14
2021-01-28,47,40,7
2021-01-28,31,24,7
2021-01-28,13,8,5
2021-01-28,6,4,2
2021-01-28,5,2,3
2021-01-28,9,9,0
2021-01-28,6,2,4
2021-01-29,4,3,1
2021-01-29,1,1,0
2021-01-29,4,0,4
2021-01-29,1,0,1
2021-01-29,5,1,4
2021-01-29,23,5,18
2021-01-29,28,3,25
2021-01-29,41,6,35
2021-01-29,36,5,31
2021-01-29,31,9,22
2021-01-29,19,7,12
2021-01-29,22,7,15
2021-01-29,25,10,15
2021-01-29,23,10,13
2021-01-29,43,33,10
2021-01-29,60,44,16
2021-01-29,58,37,21
2021-01-29,80,59,21
2021-01-29,29,18,11
2021-01-29,15,10,5
2021-01-29,7,6,1
2021-01-29,1,1,0
2021-01-29,4,4,0
2021-01-29,6,3,3
2021-01-30,5,3,2
2021-01-30,0,0,0
2021-01-30,2,2,0
2021-01-30,1,0,1
2021-01-30,2,1,1
2021-01-30,6,2,4
2021-01-30,3,1,2
2021-01-30,8,4,4
2021-01-30,12,5,7
2021-01-30,18,6,12
2021-01-30,18,6,12
2021-01-30,23,16,7
2021-01-30,39,20,19
2021-01-30,36,13,23
2021-01-30,33,21,12
2021-01-30,28,19,9
2021-01-30,13,7,6
2021-01-30,14,10,4
2021-01-30,8,5,3
2021-01-30,4,2,2
2021-01-30,3,2,1
2021-01-30,1,1,0
2021-01-30,1,0,1
2021-01-30,1,1,0
2021-01-31,0,0,0
2021-01-31,2,2,0
2021-01-31,1,1,0
2021-01-31,0,0,0
2021-01-31,2,1,1
2021-01-31,4,1,3
2021-01-31,6,3,3
2021-01-31,4,3,1
2021-01-31,9,5,4
2021-01-31,10,3,7
2021-01-31,18,6,12
2021-01-31,15,12,3
2021-01-31,18,10,8
2021-01-31,18,8,10
2021-01-31,13,8,5
2021-01-31,7,1,6
2021-01-31,10,8,2
2021-01-31,9,7,2
2021-01-31,1,0,1
2021-01-31,4,4,0
2021-01-31,3,0,3
2021-01-31,3,0,3
2021-01-31,2,1,1
2021-01-31,1,1,0
2021-05-01,4,3,1
2021-05-01,1,0,1
2021-05-01,1,1,0
2021-05-01,1,0,1
2021-05-01,1,0,1
2021-05-01,3,0,3
2021-05-01,10,4,6
2021-05-01,10,3,7
2021-05-01,23,7,16
2021-05-01,40,19,21
2021-05-01,46,20,26
2021-05-01,47,30,17
2021-05-01,61,38,23
2021-05-01,59,26,33
2021-05-01,77,40,37
2021-05-01,53,30,23
2021-05-01,41,19,22
2021-05-01,37,20,17
2021-05-01,17,8,9
2021-05-01,13,9,4
2021-05-01,12,10,2
2021-05-01,13,5,8
2021-05-01,8,6,2
2021-05-01,2,2,0
2021-05-02,4,1,3
2021-05-02,4,4,0
2021-05-02,4,1,3
2021-05-02,2,1,1
2021-05-02,2,0,2
2021-05-02,6,3,3
2021-05-02,14,8,6
2021-05-02,15,2,13
2021-05-02,32,11,21
2021-05-02,38,19,19
2021-05-02,81,38,43
2021-05-02,86,55,31
2021-02-01,1,0,1
2021-02-01,4,2,2
2021-02-01,0,0,0
2021-02-01,0,0,0
2021-02-01,2,1,1
2021-02-01,13,2,11
2021-02-01,30,6,24
2021-02-01,29,4,25
2021-02-01,33,2,31
2021-02-01,20,4,16
2021-02-01,11,2,9
2021-02-01,11,6,5
2021-02-01,8,3,5
2021-02-01,7,3,4
2021-02-01,17,13,4
2021-02-01,25,19,6
2021-02-01,37,28,9
2021-02-01,32,28,4
2021-02-01,28,25,3
2021-02-01,7,6,1
2021-02-01,7,6,1
2021-02-01,3,3,0
2021-02-01,2,2,0
2021-02-01,4,4,0
2021-02-02,3,3,0
2021-02-02,1,0,1
2021-02-02,3,2,1
2021-02-02,3,0,3
2021-02-02,2,0,2
2021-02-02,21,5,16
2021-02-02,34,8,26
2021-02-02,35,5,30
2021-02-02,31,6,25
2021-02-02,20,7,13
2021-02-02,11,4,7
2021-02-02,11,6,5
2021-02-02,15,4,11
2021-02-02,15,7,8
2021-02-02,22,15,7
2021-02-02,23,12,11
2021-02-02,29,20,9
2021-02-02,48,39,9
2021-02-02,28,23,5
2021-02-02,9,7,2
2021-02-02,10,8,2
2021-02-02,6,6,0
2021-02-02,3,3,0
2021-02-02,3,3,0
2021-02-03,4,3,1
2021-02-03,3,1,2
2021-02-03,2,2,0
2021-02-03,1,0,1
2021-02-03,3,0,3
2021-02-03,25,5,20
2021-02-03,37,3,34
2021-02-03,37,5,32
2021-02-03,49,8,41
2021-02-03,25,5,20
2021-02-03,24,8,16
2021-02-03,32,17,15
2021-02-03,34,14,20
2021-02-03,35,18,17
2021-02-03,57,28,29
2021-02-03,69,45,24
2021-02-03,84,53,31
2021-02-03,66,57,9
2021-02-03,24,23,1
2021-02-03,16,12,4
2021-02-03,11,8,3
2021-02-03,3,2,1
2021-02-03,5,3,2
2021-02-03,4,3,1
2021-02-04,3,2,1
2021-02-04,0,0,0
2021-02-04,2,1,1
2021-02-04,3,0,3
2021-02-04,3,1,2
2021-02-04,27,8,19
2021-02-04,45,9,36
2021-02-04,46,8,38
2021-02-04,42,7,35
2021-02-04,26,6,20
2021-02-04,12,5,7
2021-02-04,11,4,7
2021-02-04,12,1,11
2021-02-04,19,14,5
2021-02-04,29,23,6
2021-02-04,31,21,10
2021-02-04,43,37,6
2021-02-04,51,39,12
2021-02-04,27,22,5
2021-02-04,15,12,3
2021-02-04,10,6,4
2021-02-04,7,7,0
2021-02-04,2,2,0
2021-02-04,3,2,1
2021-02-05,4,4,0
2021-02-05,5,2,3
2021-02-05,1,1,0
2021-02-05,5,1,4
2021-02-05,4,1,3
2021-02-05,18,6,12
2021-02-05,28,3,25
2021-02-05,43,6,37
2021-02-05,44,11,33
2021-02-05,29,8,21
2021-02-05,32,13,19
2021-02-05,19,8,11
2021-02-05,22,7,15
2021-02-05,15,7,8
2021-02-05,45,25,20
2021-02-05,49,27,22
2021-02-05,52,44,8
2021-02-05,62,48,14
2021-02-05,43,32,11
2021-02-05,16,12,4
2021-02-05,16,15,1
2021-02-05,4,3,1
2021-02-05,10,3,7
2021-02-05,7,5,2
2021-02-06,3,1,2
2021-02-06,2,1,1
2021-02-06,3,0,3
2021-02-06,2,1,1
2021-02-06,1,1,0
2021-02-06,8,0,8
2021-02-06,4,1,3
2021-02-06,6,5,1
2021-02-06,24,13,11
2021-02-06,30,12,18
2021-02-06,24,14,10
2021-02-06,32,17,15
2021-02-06,34,17,17
2021-02-06,42,19,23
2021-02-06,51,29,22
2021-02-06,29,12,17
2021-02-06,43,26,17
2021-02-06,16,10,6
2021-02-06,9,6,3
2021-02-06,11,6,5
2021-02-06,15,10,5
2021-02-06,5,5,0
2021-02-06,2,0,2
2021-02-06,4,3,1
2021-02-07,7,0,7
2021-02-07,1,0,1
2021-02-07,2,1,1
2021-02-07,1,1,0
2021-02-07,1,0,1
2021-02-07,4,1,3
2021-02-07,9,4,5
2021-02-07,13,5,8
2021-02-07,13,6,7
2021-02-07,47,19,28
2021-02-07,59,26,33
2021-02-07,73,35,38
2021-02-07,90,55,35
2021-02-07,115,59,56
2021-02-07,68,31,37
2021-02-07,36,15,21
2021-02-07,19,9,10
2021-02-07,18,13,5
2021-02-07,13,6,7
2021-02-07,4,3,1
2021-02-07,3,1,2
2021-02-07,5,3,2
2021-02-07,4,1,3
2021-02-07,0,0,0
2021-02-08,2,1,1
2021-02-08,0,0,0
2021-02-08,1,1,0
2021-02-08,1,0,1
2021-02-08,3,1,2
2021-02-08,28,5,23
2021-02-08,26,3,23
2021-02-08,29,5,24
2021-02-08,42,5,37
2021-02-08,29,8,21
2021-02-08,8,1,7
2021-02-08,14,7,7
2021-02-08,16,8,8
2021-02-08,17,7,10
2021-02-08,32,23,9
2021-02-08,43,34,9
2021-02-08,41,26,15
2021-02-08,56,46,10
2021-02-08,27,22,5
2021-02-08,6,4,2
2021-02-08,7,5,2
2021-02-08,6,5,1
2021-02-08,4,3,1
2021-02-08,4,4,0
2021-02-09,1,1,0
2021-02-09,2,1,1
2021-02-09,1,1,0
2021-02-09,1,0,1
2021-02-09,0,0,0
2021-02-09,22,4,18
2021-02-09,36,4,32
2021-02-09,28,3,25
2021-02-09,42,9,33
2021-02-09,27,8,19
2021-02-09,31,12,19
2021-02-09,23,7,16
2021-02-09,29,10,19
2021-02-09,32,15,17
2021-02-09,38,23,15
2021-02-09,53,34,19
2021-02-09,66,47,19
2021-02-09,70,54,16
2021-02-09,33,27,6
2021-02-09,10,7,3
2021-02-09,11,7,4
2021-02-09,6,4,2
2021-02-09,4,4,0
2021-02-09,4,2,2
2021-02-10,2,1,1
2021-02-10,1,1,0
2021-02-10,2,0,2
2021-02-10,1,0,1
2021-02-10,3,0,3
2021-02-10,16,7,9
2021-02-10,35,2,33
2021-02-10,21,3,18
2021-02-10,34,4,30
2021-02-10,20,6,14
2021-02-10,10,4,6
2021-02-10,16,5,11
2021-02-10,19,8,11
2021-02-10,26,9,17
2021-02-10,36,19,17
2021-02-10,41,28,13
2021-02-10,46,33,13
2021-02-10,47,37,10
2021-02-10,28,23,5
2021-02-10,10,8,2
2021-02-10,8,3,5
2021-02-10,8,7,1
2021-02-10,2,2,0
2021-02-10,6,4,2
2021-02-11,3,2,1
2021-02-11,1,0,1
2021-02-11,3,1,2
2021-02-11,5,4,1
2021-02-11,2,0,2
2021-02-11,15,5,10
2021-02-11,30,3,27
2021-02-11,29,7,22
2021-02-11,23,3,20
2021-02-11,18,7,11
2021-02-11,10,4,6
2021-02-11,13,5,8
2021-02-11,12,7,5
2021-02-11,10,6,4
2021-02-11,27,16,11
2021-02-11,30,17,13
2021-02-11,23,15,8
2021-02-11,31,23,8
2021-02-11,11,4,7
2021-02-11,9,7,2
2021-02-11,10,7,3
2021-02-11,1,1,0
2021-02-11,3,3,0
2021-02-11,3,2,1
2021-02-12,2,2,0
2021-02-12,1,1,0
2021-02-12,0,0,0
2021-02-12,1,1,0
2021-02-12,3,1,2
2021-02-12,5,1,4
2021-02-12,10,2,8
2021-02-12,3,1,2
2021-02-12,13,1,12
2021-02-12,14,4,10
2021-02-12,8,1,7
2021-02-12,12,6,6
2021-02-12,5,2,3
2021-02-12,20,11,9
2021-02-12,18,12,6
2021-02-12,16,12,4
2021-02-12,17,11,6
2021-02-12,20,16,4
2021-02-12,10,6,4
2021-02-12,3,3,0
2021-02-12,3,2,1
2021-02-12,2,2,0
2021-02-12,1,1,0
2021-02-12,1,1,0
2021-02-13,2,2,0
2021-02-13,3,1,2
2021-02-13,0,0,0
2021-02-13,1,1,0
2021-02-13,2,1,1
2021-02-13,5,2,3
2021-02-13,3,1,2
2021-02-13,0,0,0
2021-02-13,0,0,0
2021-02-13,2,0,2
2021-02-13,11,5,6
2021-02-13,12,4,8
2021-02-13,2,1,1
2021-02-13,1,0,1
2021-02-13,2,2,0
2021-02-13,4,1,3
2021-02-13,0,0,0
2021-02-13,1,1,0
2021-02-13,0,0,0
2021-02-13,0,0,0
2021-02-13,1,1,0
2021-02-13,0,0,0
2021-02-13,0,0,0
2021-02-13,0,0,0
2021-02-14,0,0,0
2021-02-14,0,0,0
2021-02-14,0,0,0
2021-02-14,1,1,0
2021-02-14,2,1,1
2021-02-14,4,3,1
2021-02-14,0,0,0
2021-02-14,0,0,0
2021-02-14,20,12,8
2021-02-14,0,0,0
2021-02-14,0,0,0
2021-02-14,1,1,0
2021-02-14,4,1,3
2021-02-14,4,2,2
2021-02-14,2,0,2
2021-02-14,1,0,1
2021-02-14,1,0,1
2021-02-14,0,0,0
2021-02-14,1,1,0
2021-02-14,0,0,0
2021-02-14,1,1,0
2021-02-14,0,0,0
2021-02-14,0,0,0
2021-02-14,1,0,1
2021-02-15,3,2,1
2021-02-15,1,1,0
2021-02-15,0,0,0
2021-02-15,3,2,1
2021-02-15,0,0,0
2021-02-15,0,0,0
2021-02-15,7,1,6
2021-02-15,3,1,2
2021-02-15,6,0,6
2021-02-15,1,0,1
2021-02-15,4,0,4
2021-02-15,2,1,1
2021-02-15,5,3,2
2021-02-15,7,4,3
2021-02-15,4,2,2
2021-02-15,9,8,1
2021-02-15,7,3,4
2021-02-15,8,8,0
2021-02-15,1,1,0
2021-02-15,3,2,1
2021-02-15,0,0,0
2021-02-15,4,0,4
2021-02-15,2,1,1
2021-02-15,0,0,0
2021-02-16,2,2,0
2021-02-16,1,1,0
2021-02-16,3,2,1
2021-02-16,1,0,1
2021-02-16,1,1,0
2021-02-16,8,3,5
2021-02-16,14,1,13
2021-02-16,10,0,10
2021-02-16,20,3,17
2021-02-16,11,2,9
2021-02-16,8,2,6
2021-02-16,16,7,9
2021-02-16,5,1,4
2021-02-16,12,3,9
2021-02-16,18,10,8
2021-02-16,27,20,7
2021-02-16,25,13,12
2021-02-16,35,24,11
2021-02-16,14,12,2
2021-02-16,10,5,5
2021-02-16,3,3,0
2021-02-16,6,6,0
2021-02-16,1,1,0
2021-02-16,2,1,1
2021-02-17,3,1,2
2021-02-17,1,1,0
2021-02-17,3,3,0
2021-02-17,0,0,0
2021-02-17,3,0,3
2021-02-17,17,6,11
2021-02-17,21,1,20
2021-02-17,29,5,24
2021-02-17,39,8,31
2021-02-17,23,4,19
2021-02-17,13,4,9
2021-02-17,16,5,11
2021-02-17,24,11,13
2021-02-17,27,16,11
2021-02-17,38,19,19
2021-02-17,57,35,22
2021-02-17,70,42,28
2021-02-17,60,46,14
2021-02-17,22,18,4
2021-02-17,21,16,5
2021-02-17,7,6,1
2021-02-17,5,3,2
2021-02-17,2,2,0
2021-02-17,4,2,2
2021-02-18,2,2,0
2021-02-18,1,1,0
2021-02-18,7,4,3
2021-02-18,0,0,0
2021-02-18,1,0,1
2021-02-18,15,6,9
2021-02-18,27,1,26
2021-02-18,35,7,28
2021-02-18,30,5,25
2021-02-18,29,5,24
2021-02-18,13,4,9
2021-02-18,9,4,5
2021-02-18,16,11,5
2021-02-18,10,5,5
2021-02-18,16,12,4
2021-02-18,20,12,8
2021-02-18,30,21,9
2021-02-18,49,42,7
2021-02-18,18,17,1
2021-02-18,14,8,6
2021-02-18,7,7,0
2021-02-18,4,3,1
2021-02-18,2,1,1
2021-02-18,2,2,0
2021-02-19,2,2,0
2021-02-19,0,0,0
2021-02-19,4,3,1
2021-02-19,1,1,0
2021-02-19,1,0,1
2021-02-19,19,4,15
2021-02-19,21,3,18
2021-02-19,26,8,18
2021-02-19,33,5,28
2021-02-19,24,6,18
2021-02-19,23,11,12
2021-02-19,22,8,14
2021-02-19,13,4,9
2021-02-19,15,7,8
2021-02-19,36,23,13
2021-02-19,26,15,11
2021-02-19,36,26,10
2021-02-19,26,23,3
2021-02-19,19,16,3
2021-02-19,8,6,2
2021-02-19,4,4,0
2021-02-19,3,3,0
2021-02-19,1,0,1
2021-02-19,2,2,0
2021-02-20,7,2,5
2021-02-20,3,0,3
2021-02-20,1,1,0
2021-02-20,3,2,1
2021-02-20,1,0,1
2021-02-20,6,2,4
2021-02-20,3,1,2
2021-02-20,10,4,6
2021-02-20,20,9,11
2021-02-20,26,9,17
2021-02-20,40,19,21
2021-02-20,79,40,39
2021-02-20,59,31,28
2021-02-20,96,51,45
2021-02-20,90,42,48
2021-02-20,81,45,36
2021-02-20,41,18,23
2021-02-20,34,15,19
2021-02-20,16,6,10
2021-02-20,16,10,6
2021-02-20,4,4,0
2021-02-20,6,5,1
2021-02-20,9,2,7
2021-02-20,2,2,0
2021-02-21,1,0,1
2021-02-21,1,1,0
2021-02-21,3,0,3
2021-02-21,4,3,1
2021-02-21,2,0,2
2021-02-21,5,1,4
2021-02-21,3,2,1
2021-02-21,4,2,2
2021-02-21,3,1,2
2021-02-21,13,1,12
2021-02-21,28,14,14
2021-02-21,17,8,9
2021-02-21,28,16,12
2021-02-21,35,19,16
2021-02-21,29,9,20
2021-02-21,35,18,17
2021-02-21,23,12,11
2021-02-21,13,11,2
2021-02-21,8,4,4
2021-02-21,7,5,2
2021-02-21,2,2,0
2021-02-21,2,2,0
2021-02-21,0,0,0
2021-02-21,1,0,1
2021-02-22,1,1,0
2021-02-22,1,1,0
2021-02-22,0,0,0
2021-02-22,2,0,2
2021-02-22,3,0,3
2021-02-22,21,5,16
2021-02-22,26,2,24
2021-02-22,36,5,31
2021-02-22,32,2,30
2021-02-22,24,5,19
2021-02-22,5,2,3
2021-02-22,2,1,1
2021-02-22,5,2,3
2021-02-22,9,5,4
2021-02-22,14,8,6
2021-02-22,29,20,9
2021-02-22,42,35,7
2021-02-22,52,40,12
2021-02-22,31,25,6
2021-02-22,10,7,3
2021-02-22,12,8,4
2021-02-22,10,5,5
2021-02-22,6,6,0
2021-02-22,1,1,0
2021-02-23,2,2,0
2021-02-23,4,0,4
2021-02-23,0,0,0
2021-02-23,2,0,2
2021-02-23,1,0,1
2021-02-23,26,10,16
2021-02-23,41,6,35
2021-02-23,42,5,37
2021-02-23,44,5,39
2021-02-23,36,11,25
2021-02-23,22,7,15
2021-02-23,24,15,9
2021-02-23,33,16,17
2021-02-23,32,17,15
2021-02-23,29,17,12
2021-02-23,40,23,17
2021-02-23,48,36,12
2021-02-23,59,46,13
2021-02-23,31,22,9
2021-02-23,19,13,6
2021-02-23,11,10,1
2021-02-23,4,3,1
2021-02-23,1,1,0
2021-02-23,2,2,0
2021-02-24,2,2,0
2021-02-24,1,0,1
2021-02-24,1,0,1
2021-02-24,1,0,1
2021-02-24,5,2,3
2021-02-24,21,8,13
2021-02-24,39,1,38
2021-02-24,30,2,28
2021-02-24,57,11,46
2021-02-24,29,10,19
2021-02-24,23,8,15
2021-02-24,22,11,11
2021-02-24,24,6,18
2021-02-24,25,17,8
2021-02-24,42,23,19
2021-02-24,66,40,26
2021-02-24,58,40,18
2021-02-24,71,54,17
2021-02-24,40,31,9
2021-02-24,19,14,5
2021-02-24,12,9,3
2021-02-24,7,5,2
2021-02-24,4,3,1
2021-02-24,3,3,0
2021-02-25,1,0,1
2021-02-25,3,3,0
2021-02-25,2,1,1
2021-02-25,0,0,0
2021-02-25,1,0,1
2021-02-25,13,3,10
2021-02-25,31,3,28
2021-02-25,45,7,38
2021-02-25,48,6,42
2021-02-25,26,10,16
2021-02-25,15,7,8
2021-02-25,19,7,12
2021-02-25,14,5,9
2021-02-25,18,12,6
2021-02-25,23,15,8
2021-02-25,46,29,17
2021-02-25,43,33,10
2021-02-25,57,43,14
2021-02-25,32,25,7
2021-02-25,12,9,3
2021-02-25,8,5,3
2021-02-25,6,6,0
2021-02-25,4,2,2
2021-02-25,1,1,0
2021-02-26,2,2,0
2021-02-26,2,1,1
2021-02-26,2,0,2
2021-02-26,1,1,0
2021-02-26,5,0,5
2021-02-26,21,5,16
2021-02-26,37,3,34
2021-02-26,45,7,38
2021-02-26,39,2,37
2021-02-26,27,8,19
2021-02-26,33,15,18
2021-02-26,33,11,22
2021-02-26,35,15,20
2021-02-26,40,13,27
2021-02-26,45,27,18
2021-02-26,51,39,12
2021-02-26,55,39,16
2021-02-26,71,50,21
2021-02-26,37,27,10
2021-02-26,20,16,4
2021-02-26,9,9,0
2021-02-26,7,4,3
2021-02-26,4,3,1
2021-02-26,6,5,1
2021-02-27,3,2,1
2021-02-27,1,0,1
2021-02-27,4,1,3
2021-02-27,1,0,1
2021-02-27,2,1,1
2021-02-27,6,3,3
2021-02-27,6,2,4
2021-02-27,12,4,8
2021-02-27,30,13,17
2021-02-27,38,17,21
2021-02-27,52,19,33
2021-02-27,68,39,29
2021-02-27,84,41,43
2021-02-27,77,35,42
2021-02-27,151,101,50
2021-02-27,92,40,52
2021-02-27,91,35,56
2021-02-27,66,29,37
2021-02-27,23,11,12
2021-02-27,9,9,0
2021-02-27,10,7,3
2021-02-27,4,2,2
2021-02-27,3,0,3
2021-02-27,6,2,4
2021-02-28,2,1,1
2021-02-28,2,2,0
2021-02-28,1,0,1
2021-02-28,4,3,1
2021-02-28,0,0,0
2021-02-28,2,1,1
2021-02-28,6,3,3
2021-02-28,7,2,5
2021-02-28,13,7,6
2021-02-28,23,7,16
2021-02-28,44,15,29
2021-02-28,56,37,19
2021-02-28,66,40,26
2021-02-28,62,20,42
2021-02-28,68,28,40
2021-02-28,44,28,16
2021-02-28,47,28,19
2021-02-28,30,19,11
2021-02-28,13,10,3
2021-02-28,6,4,2
2021-02-28,3,3,0
2021-02-28,1,1,0
2021-02-28,3,2,1
2021-02-28,3,1,2
2021-05-02,87,44,43
2021-05-02,116,54,62
2021-05-02,115,56,59
2021-05-02,101,51,50
2021-05-02,103,55,48
2021-05-02,76,39,37
2021-05-02,57,35,22
2021-03-01,0,0,0
2021-03-01,4,2,2
2021-03-01,3,1,2
2021-03-01,3,2,1
2021-03-01,4,0,4
2021-03-01,23,6,17
2021-03-01,42,3,39
2021-03-01,59,4,55
2021-03-01,52,6,46
2021-03-01,31,8,23
2021-03-01,20,8,12
2021-03-01,22,9,13
2021-03-01,27,13,14
2021-03-01,30,12,18
2021-03-01,62,39,23
2021-03-01,69,48,21
2021-03-01,85,63,22
2021-03-01,82,65,17
2021-03-01,44,36,8
2021-03-01,11,8,3
2021-03-01,12,8,4
2021-03-01,4,2,2
2021-03-01,0,0,0
2021-03-01,4,3,1
2021-03-02,2,1,1
2021-03-02,2,0,2
2021-03-02,4,4,0
2021-03-02,3,1,2
2021-03-02,4,0,4
2021-03-02,25,6,19
2021-03-02,48,5,43
2021-03-02,50,6,44
2021-03-02,44,6,38
2021-03-02,31,9,22
2021-03-02,15,1,14
2021-03-02,27,11,16
2021-03-02,13,3,10
2021-03-02,17,11,6
2021-03-02,36,23,13
2021-03-02,35,25,10
2021-03-02,75,59,16
2021-03-02,80,63,17
2021-03-02,43,30,13
2021-03-02,12,9,3
2021-03-02,9,6,3
2021-03-02,4,4,0
2021-03-02,9,4,5
2021-03-02,4,4,0
2021-03-03,2,2,0
2021-03-03,1,0,1
2021-03-03,3,1,2
2021-03-03,6,3,3
2021-03-03,3,0,3
2021-03-03,21,7,14
2021-03-03,53,6,47
2021-03-03,51,6,45
2021-03-03,48,5,43
2021-03-03,40,11,29
2021-03-03,26,6,20
2021-03-03,48,25,23
2021-03-03,49,23,26
2021-03-03,61,28,33
2021-03-03,82,45,37
2021-03-03,101,66,35
2021-03-03,108,70,38
2021-03-03,108,78,30
2021-03-03,48,40,8
2021-03-03,24,15,9
2021-03-03,9,7,2
2021-03-03,8,6,2
2021-03-03,5,4,1
2021-03-03,4,3,1
2021-03-04,2,2,0
2021-03-04,2,2,0
2021-03-04,3,0,3
2021-03-04,4,1,3
2021-03-04,3,1,2
2021-03-04,26,5,21
2021-03-04,39,9,30
2021-03-04,48,6,42
2021-03-04,47,5,42
2021-03-04,32,11,21
2021-03-04,19,7,12
2021-03-04,24,8,16
2021-03-04,27,13,14
2021-03-04,26,14,12
2021-03-04,26,17,9
2021-03-04,31,23,8
2021-03-04,38,30,8
2021-03-04,55,48,7
2021-03-04,28,21,7
2021-03-04,19,16,3
2021-03-04,4,3,1
2021-03-04,7,7,0
2021-03-04,3,2,1
2021-03-04,5,4,1
2021-03-05,3,1,2
2021-03-05,3,3,0
2021-03-05,2,1,1
2021-03-05,2,2,0
2021-03-05,5,1,4
2021-03-05,20,4,16
2021-03-05,34,4,30
2021-03-05,34,6,28
2021-03-05,37,4,33
2021-03-05,22,4,18
2021-03-05,12,5,7
2021-03-05,11,3,8
2021-03-05,15,5,10
2021-03-05,16,11,5
2021-03-05,24,13,11
2021-03-05,47,30,17
2021-03-05,34,26,8
2021-03-05,55,46,9
2021-03-05,23,18,5
2021-03-05,12,10,2
2021-03-05,10,9,1
2021-03-05,24,21,3
2021-03-05,23,6,17
2021-03-05,1,1,0
2021-03-06,4,4,0
2021-03-06,4,2,2
2021-03-06,0,0,0
2021-03-06,2,1,1
2021-03-06,1,0,1
2021-03-06,5,1,4
2021-03-06,6,2,4
2021-03-06,12,8,4
2021-03-06,28,12,16
2021-03-06,33,15,18
2021-03-06,61,37,24
2021-03-06,60,34,26
2021-03-06,81,44,37
2021-03-06,64,26,38
2021-03-06,65,31,34
2021-03-06,38,23,15
2021-03-06,53,27,26
2021-03-06,28,15,13
2021-03-06,15,9,6
2021-03-06,10,6,4
2021-03-06,9,8,1
2021-03-06,9,7,2
2021-03-06,3,0,3
2021-03-06,1,0,1
2021-03-07,1,1,0
2021-03-07,0,0,0
2021-03-07,1,0,1
2021-03-07,1,1,0
2021-03-07,0,0,0
2021-03-07,4,0,4
2021-03-07,6,3,3
2021-03-07,8,2,6
2021-03-07,14,7,7
2021-03-07,6,2,4
2021-03-07,19,7,12
2021-03-07,22,11,11
2021-03-07,15,9,6
2021-03-07,14,4,10
2021-03-07,20,9,11
2021-03-07,25,11,14
2021-03-07,18,13,5
2021-03-07,12,8,4
2021-03-07,9,6,3
2021-03-07,2,0,2
2021-03-07,4,4,0
2021-03-07,6,4,2
2021-03-07,2,2,0
2021-03-07,2,2,0
2021-03-08,0,0,0
2021-03-08,4,3,1
2021-03-08,0,0,0
2021-03-08,2,1,1
2021-03-08,3,0,3
2021-03-08,36,10,26
2021-03-08,44,4,40
2021-03-08,41,6,35
2021-03-08,46,7,39
2021-03-08,40,5,35
2021-03-08,20,4,16
2021-03-08,39,23,16
2021-03-08,37,13,24
2021-03-08,32,19,13
2021-03-08,52,34,18
2021-03-08,46,31,15
2021-03-08,65,50,15
2021-03-08,79,62,17
2021-03-08,29,21,8
2021-03-08,21,18,3
2021-03-08,4,4,0
2021-03-08,4,2,2
2021-03-08,8,6,2
2021-03-08,2,2,0
2021-03-09,2,1,1
2021-03-09,1,0,1
2021-03-09,0,0,0
2021-03-09,2,2,0
2021-03-09,6,1,5
2021-03-09,25,6,19
2021-03-09,45,4,41
2021-03-09,55,6,49
2021-03-09,50,10,40
2021-03-09,31,10,21
2021-03-09,21,9,12
2021-03-09,24,8,16
2021-03-09,26,12,14
2021-03-09,34,14,20
2021-03-09,38,27,11
2021-03-09,68,48,20
2021-03-09,72,56,16
2021-03-09,84,60,24
2021-03-09,49,41,8
2021-03-09,13,7,6
2021-03-09,7,6,1
2021-03-09,9,8,1
2021-03-09,4,4,0
2021-03-09,5,3,2
2021-03-10,2,1,1
2021-03-10,2,2,0
2021-03-10,4,1,3
2021-03-10,1,1,0
2021-03-10,5,1,4
2021-03-10,24,7,17
2021-03-10,56,7,49
2021-03-10,61,3,58
2021-03-10,56,7,49
2021-03-10,32,9,23
2021-03-10,34,12,22
2021-03-10,36,20,16
2021-03-10,31,8,23
2021-03-10,45,24,21
2021-03-10,57,33,24
2021-03-10,81,49,32
2021-03-10,82,65,17
2021-03-10,104,77,27
2021-03-10,79,50,29
2021-03-10,27,22,5
2021-03-10,12,11,1
2021-03-10,13,7,6
2021-03-10,2,1,1
2021-03-10,4,4,0
2021-03-11,5,3,2
2021-03-11,1,1,0
2021-03-11,4,0,4
2021-03-11,2,1,1
2021-03-11,4,0,4
2021-03-11,26,5,21
2021-03-11,61,4,57
2021-03-11,64,11,53
2021-03-11,61,7,54
2021-03-11,41,12,29
2021-03-11,33,13,20
2021-03-11,28,9,19
2021-03-11,52,27,25
2021-03-11,50,18,32
2021-03-11,46,28,18
2021-03-11,85,53,32
2021-03-11,101,80,21
2021-03-11,112,77,35
2021-03-11,55,42,13
2021-03-11,28,20,8
2021-03-11,15,10,5
2021-03-11,8,5,3
2021-03-11,3,3,0
2021-03-11,1,0,1
2021-03-12,5,4,1
2021-03-12,2,1,1
2021-03-12,2,0,2
2021-03-12,3,2,1
2021-03-12,5,0,5
2021-03-12,28,6,22
2021-03-12,51,5,46
2021-03-12,69,11,58
2021-03-12,56,20,36
2021-03-12,43,15,28
2021-03-12,46,15,31
2021-03-12,29,12,17
2021-03-12,47,19,28
2021-03-12,49,24,25
2021-03-12,77,41,36
2021-03-12,93,62,31
2021-03-12,102,70,32
2021-03-12,101,78,23
2021-03-12,70,56,14
2021-03-12,27,21,6
2021-03-12,22,11,11
2021-03-12,10,5,5
2021-03-12,3,3,0
2021-03-12,3,3,0
2021-03-13,4,2,2
2021-03-13,3,2,1
2021-03-13,2,1,1
2021-03-13,3,3,0
2021-03-13,2,1,1
2021-03-13,6,0,6
2021-03-13,8,3,5
2021-03-13,15,6,9
2021-03-13,43,24,19
2021-03-13,63,35,28
2021-03-13,86,35,51
2021-03-13,117,36,81
2021-03-13,132,62,70
2021-03-13,138,80,58
2021-03-13,168,71,97
2021-03-13,139,72,67
2021-03-13,128,59,69
2021-03-13,84,40,44
2021-03-13,53,28,25
2021-03-13,33,19,14
2021-03-13,16,8,8
2021-03-13,9,6,3
2021-03-13,8,8,0
2021-03-13,6,2,4
2021-03-14,3,2,1
2021-03-14,3,3,0
2021-03-14,,,
2021-03-14,5,1,4
2021-03-14,2,0,2
2021-03-14,2,0,2
2021-03-14,9,3,6
2021-03-14,10,2,8
2021-03-14,12,4,8
2021-03-14,23,14,9
2021-03-14,19,6,13
2021-03-14,15,8,7
2021-03-14,17,8,9
2021-03-14,8,2,6
2021-03-14,10,4,6
2021-03-14,14,6,8
2021-03-14,10,8,2
2021-03-14,10,7,3
2021-03-14,7,5,2
2021-03-14,1,1,0
2021-03-14,4,3,1
2021-03-14,2,2,0
2021-03-14,5,2,3
2021-03-14,1,1,0
2021-03-15,2,2,0
2021-03-15,4,2,2
2021-03-15,1,0,1
2021-03-15,2,2,0
2021-03-15,4,0,4
2021-03-15,18,2,16
2021-03-15,35,4,31
2021-03-15,48,8,40
2021-03-15,45,5,40
2021-03-15,29,2,27
2021-03-15,16,2,14
2021-03-15,16,7,9
2021-03-15,17,9,8
2021-03-15,17,10,7
2021-03-15,39,25,14
2021-03-15,47,32,15
2021-03-15,72,49,23
2021-03-15,79,64,15
2021-03-15,37,29,8
2021-03-15,26,19,7
2021-03-15,9,7,2
2021-03-15,5,3,2
2021-03-15,3,3,0
2021-03-15,7,4,3
2021-03-16,3,3,0
2021-03-16,3,1,2
2021-03-16,3,1,2
2021-03-16,3,1,2
2021-03-16,5,1,4
2021-03-16,21,3,18
2021-03-16,34,4,30
2021-03-16,50,4,46
2021-03-16,45,7,38
2021-03-16,34,7,27
2021-03-16,30,7,23
2021-03-16,30,11,19
2021-03-16,22,8,14
2021-03-16,35,17,18
2021-03-16,48,23,25
2021-03-16,59,42,17
2021-03-16,81,65,16
2021-03-16,111,80,31
2021-03-16,70,53,17
2021-03-16,20,10,10
2021-03-16,9,6,3
2021-03-16,7,6,1
2021-03-16,2,1,1
2021-03-16,5,3,2
2021-03-17,4,2,2
2021-03-17,3,1,2
2021-03-17,4,2,2
2021-03-17,0,0,0
2021-03-17,4,1,3
2021-03-17,23,5,18
2021-03-17,42,3,39
2021-03-17,49,4,45
2021-03-17,63,10,53
2021-03-17,37,7,30
2021-03-17,26,7,19
2021-03-17,35,19,16
2021-03-17,37,7,30
2021-03-17,39,18,21
2021-03-17,62,36,26
2021-03-17,85,59,26
2021-03-17,103,72,31
2021-03-17,97,69,28
2021-03-17,74,56,18
2021-03-17,42,28,14
2021-03-17,10,5,5
2021-03-17,12,8,4
2021-03-17,9,5,4
2021-03-17,2,2,0
2021-03-18,5,2,3
2021-03-18,2,1,1
2021-03-18,2,0,2
2021-03-18,0,0,0
2021-03-18,3,1,2
2021-03-18,19,4,15
2021-03-18,34,4,30
2021-03-18,49,7,42
2021-03-18,41,5,36
2021-03-18,28,7,21
2021-03-18,15,4,11
2021-03-18,16,7,9
2021-03-18,17,7,10
2021-03-18,11,7,4
2021-03-18,25,13,12
2021-03-18,45,28,17
2021-03-18,40,35,5
2021-03-18,52,47,5
2021-03-18,32,29,3
2021-03-18,13,9,4
2021-03-18,12,9,3
2021-03-18,6,4,2
2021-03-18,5,5,0
2021-03-18,3,1,2
2021-03-19,2,1,1
2021-03-19,2,2,0
2021-03-19,2,1,1
2021-03-19,2,1,1
2021-03-19,4,1,3
2021-03-19,23,3,20
2021-03-19,27,1,26
2021-03-19,37,7,30
2021-03-19,36,6,30
2021-03-19,31,12,19
2021-03-19,28,8,20
2021-03-19,23,13,10
2021-03-19,29,16,13
2021-03-19,22,11,11
2021-03-19,43,24,19
2021-03-19,39,26,13
2021-03-19,47,38,9
2021-03-19,46,36,10
2021-03-19,33,26,7
2021-03-19,29,22,7
2021-03-19,11,8,3
2021-03-19,4,2,2
2021-03-19,6,3,3
2021-03-19,6,2,4
2021-03-20,2,2,0
2021-03-20,1,0,1
2021-03-20,1,0,1
2021-03-20,0,0,0
2021-03-20,4,1,3
2021-03-20,4,0,4
2021-03-20,5,1,4
2021-03-20,7,3,4
2021-03-20,15,7,8
2021-03-20,19,5,14
2021-03-20,31,20,11
2021-03-20,24,11,13
2021-03-20,45,17,28
2021-03-20,37,15,22
2021-03-20,43,26,17
2021-03-20,46,20,26
2021-03-20,48,26,22
2021-03-20,24,15,9
2021-03-20,15,9,6
2021-03-20,8,4,4
2021-03-20,8,7,1
2021-03-20,8,4,4
2021-03-20,7,4,3
2021-03-20,4,1,3
2021-03-21,4,4,0
2021-03-21,1,1,0
2021-03-21,0,0,0
2021-03-21,1,1,0
2021-03-21,3,1,2
2021-03-21,2,1,1
2021-03-21,6,2,4
2021-03-21,10,2,8
2021-03-21,10,2,8
2021-03-21,17,4,13
2021-03-21,28,15,13
2021-03-21,19,10,9
2021-03-21,11,2,9
2021-03-21,14,11,3
2021-03-21,20,9,11
2021-03-21,14,9,5
2021-03-21,28,11,17
2021-03-21,13,9,4
2021-03-21,14,10,4
2021-03-21,4,4,0
2021-03-21,4,2,2
2021-03-21,1,1,0
2021-03-21,1,0,1
2021-03-21,0,0,0
2021-03-22,1,1,0
2021-03-22,1,1,0
2021-03-22,0,0,0
2021-03-22,1,1,0
2021-03-22,3,0,3
2021-03-22,19,3,16
2021-03-22,28,2,26
2021-03-22,31,5,26
2021-03-22,31,7,24
2021-03-22,15,4,11
2021-03-22,13,3,10
2021-03-22,11,6,5
2021-03-22,14,7,7
2021-03-22,20,11,9
2021-03-22,27,18,9
2021-03-22,38,24,14
2021-03-22,52,37,15
2021-03-22,64,50,14
2021-03-22,53,35,18
2021-03-22,18,11,7
2021-03-22,13,11,2
2021-03-22,5,2,3
2021-03-22,3,3,0
2021-03-22,5,2,3
2021-03-23,1,1,0
2021-03-23,2,1,1
2021-03-23,2,0,2
2021-03-23,2,1,1
2021-03-23,4,0,4
2021-03-23,26,4,22
2021-03-23,55,10,45
2021-03-23,48,3,45
2021-03-23,54,10,44
2021-03-23,47,16,31
2021-03-23,21,5,16
2021-03-23,44,20,24
2021-03-23,39,20,19
2021-03-23,56,25,31
2021-03-23,68,38,30
2021-03-23,65,39,26
2021-03-23,79,59,20
2021-03-23,98,76,22
2021-03-23,72,53,19
2021-03-23,38,24,14
2021-03-23,12,11,1
2021-03-23,6,5,1
2021-03-23,4,2,2
2021-03-23,3,1,2
2021-03-24,4,3,1
2021-03-24,3,1,2
2021-03-24,3,1,2
2021-03-24,2,2,0
2021-03-24,3,1,2
2021-03-24,24,6,18
2021-03-24,32,3,29
2021-03-24,34,2,32
2021-03-24,52,8,44
2021-03-24,20,6,14
2021-03-24,13,6,7
2021-03-24,11,5,6
2021-03-24,16,11,5
2021-03-24,22,8,14
2021-03-24,18,9,9
2021-03-24,35,27,8
2021-03-24,34,27,7
2021-03-24,55,48,7
2021-03-24,28,23,5
2021-03-24,11,9,2
2021-03-24,11,6,5
2021-03-24,5,5,0
2021-03-24,1,1,0
2021-03-24,3,3,0
2021-03-25,3,2,1
2021-03-25,0,0,0
2021-03-25,0,0,0
2021-03-25,1,1,0
2021-03-25,0,0,0
2021-03-25,18,3,15
2021-03-25,34,6,28
2021-03-25,44,5,39
2021-03-25,46,5,41
2021-03-25,24,5,19
2021-03-25,16,3,13
2021-03-25,10,4,6
2021-03-25,17,6,11
2021-03-25,36,20,16
2021-03-25,40,21,19
2021-03-25,58,37,21
2021-03-25,65,46,19
2021-03-25,97,59,38
2021-03-25,62,47,15
2021-03-25,35,17,18
2021-03-25,22,13,9
2021-03-25,10,9,1
2021-03-25,5,3,2
2021-03-25,3,3,0
2021-03-26,1,1,0
2021-03-26,4,3,1
2021-03-26,5,2,3
2021-03-26,3,1,2
2021-03-26,4,0,4
2021-03-26,21,4,17
2021-03-26,37,6,31
2021-03-26,66,12,54
2021-03-26,53,9,44
2021-03-26,34,14,20
2021-03-26,28,12,16
2021-03-26,29,15,14
2021-03-26,29,13,16
2021-03-26,33,14,19
2021-03-26,47,20,27
2021-03-26,38,22,16
2021-03-26,71,53,18
2021-03-26,91,65,26
2021-03-26,67,47,20
2021-03-26,42,30,12
2021-03-26,22,13,9
2021-03-26,11,9,2
2021-03-26,7,6,1
2021-03-26,4,2,2
2021-03-27,5,3,2
2021-03-27,3,2,1
2021-03-27,1,1,0
2021-03-27,1,1,0
2021-03-27,3,2,1
2021-03-27,6,2,4
2021-03-27,17,8,9
2021-03-27,12,6,6
2021-03-27,37,13,24
2021-03-27,34,15,19
2021-03-27,58,26,32
2021-03-27,79,42,37
2021-03-27,70,41,29
2021-03-27,85,31,54
2021-03-27,81,42,39
2021-03-27,100,58,42
2021-03-27,71,42,29
2021-03-27,55,27,28
2021-03-27,42,24,18
2021-03-27,18,13,5
2021-03-27,14,6,8
2021-03-27,9,3,6
2021-03-27,3,2,1
2021-03-27,3,1,2
2021-03-28,2,2,0
2021-03-28,4,4,0
2021-03-28,3,2,1
2021-03-28,3,3,0
2021-03-28,5,2,3
2021-03-28,6,1,5
2021-03-28,4,2,2
2021-03-28,9,4,5
2021-03-28,6,3,3
2021-03-28,15,7,8
2021-03-28,13,8,5
2021-03-28,13,4,9
2021-03-28,6,2,4
2021-03-28,10,4,6
2021-03-28,2,0,2
2021-03-28,6,5,1
2021-03-28,9,7,2
2021-03-28,13,4,9
2021-03-28,13,7,6
2021-03-28,5,2,3
2021-03-28,6,5,1
2021-03-28,6,4,2
2021-03-28,3,1,2
2021-03-28,0,0,0
2021-03-29,1,0,1
2021-03-29,1,1,0
2021-03-29,2,1,1
2021-03-29,0,0,0
2021-03-29,2,0,2
2021-03-29,21,4,17
2021-03-29,42,7,35
2021-03-29,55,7,48
2021-03-29,55,8,47
2021-03-29,54,18,36
2021-03-29,26,8,18
2021-03-29,14,6,8
2021-03-29,16,5,11
2021-03-29,28,17,11
2021-03-29,38,21,17
2021-03-29,54,35,19
2021-03-29,79,60,19
2021-03-29,87,70,17
2021-03-29,67,51,16
2021-03-29,24,19,5
2021-03-29,5,3,2
2021-03-29,7,1,6
2021-03-29,11,4,7
2021-03-29,1,1,0
2021-03-30,2,1,1
2021-03-30,0,0,0
2021-03-30,8,7,1
2021-03-30,2,2,0
2021-03-30,3,0,3
2021-03-30,22,3,19
2021-03-30,43,5,38
2021-03-30,56,2,54
2021-03-30,51,7,44
2021-03-30,36,8,28
2021-03-30,36,11,25
2021-03-30,29,10,19
2021-03-30,32,17,15
2021-03-30,45,19,26
2021-03-30,63,34,29
2021-03-30,82,51,31
2021-03-30,71,55,16
2021-03-30,124,93,31
2021-03-30,87,63,24
2021-03-30,51,28,23
2021-03-30,16,11,5
2021-03-30,11,9,2
2021-03-30,4,4,0
2021-03-30,2,1,1
2021-03-31,3,2,1
2021-03-31,0,0,0
2021-03-31,6,3,3
2021-03-31,1,1,0
2021-03-31,3,0,3
2021-03-31,17,3,14
2021-03-31,43,6,37
2021-03-31,68,11,57
2021-03-31,63,11,52
2021-03-31,32,9,23
2021-03-31,40,10,30
2021-03-31,37,16,21
2021-03-31,37,16,21
2021-03-31,48,21,27
2021-03-31,52,28,24
2021-03-31,85,50,35
2021-03-31,124,80,44
2021-03-31,137,109,28
2021-03-31,79,53,26
2021-03-31,39,17,22
2021-03-31,16,12,4
2021-03-31,14,11,3
2021-03-31,10,6,4
2021-03-31,6,4,2
2021-05-02,23,9,14
2021-05-02,16,11,5
2021-05-02,7,1,6
2021-05-02,4,3,1
2021-05-02,5,4,1
2021-05-03,3,1,2
2021-05-03,4,2,2
2021-05-03,3,3,0
2021-05-03,1,1,0
2021-05-03,3,0,3
2021-05-03,30,9,21
2021-05-03,60,8,52
2021-05-03,64,6,58
2021-05-03,50,8,42
2021-05-03,38,11,27
2021-05-03,22,9,13
2021-05-03,30,10,20
2021-05-03,19,9,10
2021-05-03,24,14,10
2021-05-03,31,22,9
2021-05-03,43,28,15
2021-05-03,56,47,9
2021-05-03,72,62,10
2021-05-03,34,30,4
2021-05-03,11,6,5
2021-05-03,8,6,2
2021-05-03,9,5,4
2021-05-03,6,4,2
2021-05-03,2,0,2
2021-05-04,6,3,3
2021-05-04,1,1,0
2021-05-04,0,0,0
2021-04-01,6,1,5
2021-04-01,0,0,0
2021-04-01,4,1,3
2021-04-01,2,1,1
2021-04-01,4,0,4
2021-04-01,20,4,16
2021-04-01,46,9,37
2021-04-01,58,9,49
2021-04-01,58,9,49
2021-04-01,39,8,31
2021-04-01,30,9,21
2021-04-01,25,12,13
2021-04-01,30,11,19
2021-04-01,31,12,19
2021-04-01,39,23,16
2021-04-01,78,56,22
2021-04-01,86,58,28
2021-04-01,117,85,32
2021-04-01,77,54,23
2021-04-01,42,28,14
2021-04-01,22,10,12
2021-04-01,14,9,5
2021-04-01,7,6,1
2021-04-01,3,2,1
2021-04-02,0,0,0
2021-04-02,2,1,1
2021-04-02,4,2,2
2021-04-02,2,1,1
2021-04-02,5,2,3
2021-04-02,21,2,19
2021-04-02,38,4,34
2021-04-02,59,18,41
2021-04-02,62,12,50
2021-04-02,37,8,29
2021-04-02,30,12,18
2021-04-02,35,10,25
2021-04-02,45,24,21
2021-04-02,35,18,17
2021-04-02,52,27,25
2021-04-02,82,50,32
2021-04-02,84,57,27
2021-04-02,100,78,22
2021-04-02,55,41,14
2021-04-02,27,22,5
2021-04-02,24,13,11
2021-04-02,5,4,1
2021-04-02,5,5,0
2021-04-02,7,2,5
2021-04-03,4,3,1
2021-04-03,0,0,0
2021-04-03,3,3,0
2021-04-03,4,1,3
2021-04-03,1,0,1
2021-04-03,7,3,4
2021-04-03,9,2,7
2021-04-03,17,5,12
2021-04-03,36,14,22
2021-04-03,47,18,29
2021-04-03,57,22,35
2021-04-03,86,49,37
2021-04-03,85,43,42
2021-04-03,113,60,53
2021-04-03,75,34,41
2021-04-03,79,39,40
2021-04-03,84,42,42
2021-04-03,51,28,23
2021-04-03,56,28,28
2021-04-03,31,26,5
2021-04-03,22,9,13
2021-04-03,14,6,8
2021-04-03,2,2,0
2021-04-03,5,1,4
2021-04-04,1,1,0
2021-04-04,0,0,0
2021-04-04,0,0,0
2021-04-04,2,2,0
2021-04-04,1,0,1
2021-04-04,1,0,1
2021-04-04,6,4,2
2021-04-04,6,0,6
2021-04-04,10,4,6
2021-04-04,9,3,6
2021-04-04,26,15,11
2021-04-04,24,11,13
2021-04-04,27,10,17
2021-04-04,49,23,26
2021-04-04,37,20,17
2021-04-04,30,13,17
2021-04-04,22,14,8
2021-04-04,7,3,4
2021-04-04,16,12,4
2021-04-04,9,6,3
2021-04-04,4,2,2
2021-04-04,4,0,4
2021-04-04,3,2,1
2021-04-04,4,3,1
2021-04-05,2,0,2
2021-04-05,1,1,0
2021-04-05,0,0,0
2021-04-05,1,0,1
2021-04-05,4,0,4
2021-04-05,28,7,21
2021-04-05,44,8,36
2021-04-05,67,6,61
2021-04-05,59,8,51
2021-04-05,32,4,28
2021-04-05,30,14,16
2021-04-05,22,6,16
2021-04-05,28,12,16
2021-04-05,36,13,23
2021-04-05,51,30,21
2021-04-05,64,33,31
2021-04-05,115,84,31
2021-04-05,134,87,47
2021-04-05,82,63,19
2021-04-05,45,26,19
2021-04-05,20,12,8
2021-04-05,9,5,4
2021-04-05,6,5,1
2021-04-05,3,3,0
2021-04-06,2,0,2
2021-04-06,0,0,0
2021-04-06,2,1,1
2021-04-06,1,1,0
2021-04-06,2,0,2
2021-04-06,25,4,21
2021-04-06,65,12,53
2021-04-06,63,7,56
2021-04-06,57,10,47
2021-04-06,44,13,31
2021-04-06,41,12,29
2021-04-06,37,12,25
2021-04-06,28,12,16
2021-04-06,39,22,17
2021-04-06,50,28,22
2021-04-06,56,37,19
2021-04-06,117,88,29
2021-04-06,138,108,30
2021-04-06,85,54,31
2021-04-06,45,22,23
2021-04-06,18,12,6
2021-04-06,12,12,0
2021-04-06,6,6,0
2021-04-06,6,5,1
2021-04-07,7,3,4
2021-04-07,1,0,1
2021-04-07,4,3,1
2021-04-07,2,2,0
2021-04-07,1,0,1
2021-04-07,16,3,13
2021-04-07,49,7,42
2021-04-07,46,6,40
2021-04-07,48,6,42
2021-04-07,22,5,17
2021-04-07,22,8,14
2021-04-07,13,5,8
2021-04-07,23,14,9
2021-04-07,20,12,8
2021-04-07,27,15,12
2021-04-07,37,25,12
2021-04-07,58,46,12
2021-04-07,61,47,14
2021-04-07,42,33,9
2021-04-07,24,17,7
2021-04-07,11,8,3
2021-04-07,8,5,3
2021-04-07,2,2,0
2021-04-07,0,0,0
2021-04-08,1,0,1
2021-04-08,2,2,0
2021-04-08,1,0,1
2021-04-08,0,0,0
2021-04-08,2,1,1
2021-04-08,14,5,9
2021-04-08,43,4,39
2021-04-08,59,8,51
2021-04-08,58,12,46
2021-04-08,39,9,30
2021-04-08,22,6,16
2021-04-08,26,9,17
2021-04-08,32,13,19
2021-04-08,33,16,17
2021-04-08,45,18,27
2021-04-08,65,42,23
2021-04-08,88,59,29
2021-04-08,119,85,34
2021-04-08,70,50,20
2021-04-08,48,32,16
2021-04-08,19,13,6
2021-04-08,9,6,3
2021-04-08,10,9,1
2021-04-08,5,2,3
2021-04-09,1,1,0
2021-04-09,0,0,0
2021-04-09,3,1,2
2021-04-09,2,2,0
2021-04-09,2,0,2
2021-04-09,18,3,15
2021-04-09,33,1,32
2021-04-09,57,8,49
2021-04-09,56,10,46
2021-04-09,35,5,30
2021-04-09,25,11,14
2021-04-09,15,7,8
2021-04-09,32,9,23
2021-04-09,34,18,16
2021-04-09,46,25,21
2021-04-09,42,29,13
2021-04-09,66,51,15
2021-04-09,67,52,15
2021-04-09,41,32,9
2021-04-09,18,14,4
2021-04-09,6,5,1
2021-04-09,10,8,2
2021-04-09,5,5,0
2021-04-09,2,1,1
2021-04-10,1,1,0
2021-04-10,1,1,0
2021-04-10,2,0,2
2021-04-10,1,0,1
2021-04-10,2,2,0
2021-04-10,6,2,4
2021-04-10,6,0,6
2021-04-10,5,2,3
2021-04-10,15,10,5
2021-04-10,34,15,19
2021-04-10,47,21,26
2021-04-10,59,25,34
2021-04-10,58,31,27
2021-04-10,66,34,32
2021-04-10,82,43,39
2021-04-10,73,38,35
2021-04-10,74,37,37
2021-04-10,57,28,29
2021-04-10,25,14,11
2021-04-10,12,7,5
2021-04-10,9,6,3
2021-04-10,5,4,1
2021-04-10,3,1,2
2021-04-10,1,1,0
2021-04-11,4,4,0
2021-04-11,7,2,5
2021-04-11,5,5,0
2021-04-11,1,1,0
2021-04-11,3,0,3
2021-04-11,1,0,1
2021-04-11,6,5,1
2021-04-11,17,3,14
2021-04-11,23,9,14
2021-04-11,26,12,14
2021-04-11,63,17,46
2021-04-11,95,64,31
2021-04-11,81,56,25
2021-04-11,120,46,74
2021-04-11,89,42,47
2021-04-11,69,32,37
2021-04-11,83,33,50
2021-04-11,60,40,20
2021-04-11,37,18,19
2021-04-11,22,10,12
2021-04-11,15,4,11
2021-04-11,14,8,6
2021-04-11,4,2,2
2021-04-11,3,3,0
2021-04-12,0,0,0
2021-04-12,3,2,1
2021-04-12,0,0,0
2021-04-12,1,0,1
2021-04-12,7,1,6
2021-04-12,17,3,14
2021-04-12,40,1,39
2021-04-12,55,6,49
2021-04-12,54,9,45
2021-04-12,45,19,26
2021-04-12,30,10,20
2021-04-12,21,9,12
2021-04-12,39,25,14
2021-04-12,39,19,20
2021-04-12,40,18,22
2021-04-12,49,33,16
2021-04-12,85,66,19
2021-04-12,95,66,29
2021-04-12,50,38,12
2021-04-12,28,14,14
2021-04-12,12,9,3
2021-04-12,5,3,2
2021-04-12,5,5,0
2021-04-12,0,0,0
2021-04-13,2,1,1
2021-04-13,1,1,0
2021-04-13,0,0,0
2021-04-13,0,0,0
2021-04-13,3,0,3
2021-04-13,30,5,25
2021-04-13,50,5,45
2021-04-13,54,11,43
2021-04-13,66,15,51
2021-04-13,44,13,31
2021-04-13,35,13,22
2021-04-13,43,20,23
2021-04-13,39,24,15
2021-04-13,42,23,19
2021-04-13,51,23,28
2021-04-13,62,35,27
2021-04-13,94,66,28
2021-04-13,113,79,34
2021-04-13,96,66,30
2021-04-13,40,25,15
2021-04-13,17,11,6
2021-04-13,10,6,4
2021-04-13,5,4,1
2021-04-13,4,2,2
2021-04-14,1,1,0
2021-04-14,2,1,1
2021-04-14,4,1,3
2021-04-14,5,4,1
2021-04-14,3,0,3
2021-04-14,29,7,22
2021-04-14,56,7,49
2021-04-14,57,5,52
2021-04-14,64,10,54
2021-04-14,28,5,23
2021-04-14,24,6,18
2021-04-14,35,21,14
2021-04-14,26,6,20
2021-04-14,56,29,27
2021-04-14,59,33,26
2021-04-14,59,42,17
2021-04-14,90,62,28
2021-04-14,134,101,33
2021-04-14,73,56,17
2021-04-14,49,31,18
2021-04-14,18,12,6
2021-04-14,8,5,3
2021-04-14,2,2,0
2021-04-14,4,2,2
2021-04-15,4,3,1
2021-04-15,0,0,0
2021-04-15,3,1,2
2021-04-15,1,1,0
2021-04-15,4,0,4
2021-04-15,29,5,24
2021-04-15,57,8,49
2021-04-15,62,8,54
2021-04-15,78,14,64
2021-04-15,38,9,29
2021-04-15,44,18,26
2021-04-15,56,19,37
2021-04-15,38,15,23
2021-04-15,55,27,28
2021-04-15,78,40,38
2021-04-15,63,43,20
2021-04-15,96,60,36
2021-04-15,169,126,43
2021-04-15,100,60,40
2021-04-15,78,62,16
2021-04-15,32,19,13
2021-04-15,21,16,5
2021-04-15,14,4,10
2021-04-15,9,2,7
2021-04-16,6,3,3
2021-04-16,1,0,1
2021-04-16,4,3,1
2021-04-16,1,0,1
2021-04-16,4,1,3
2021-04-16,28,6,22
2021-04-16,47,6,41
2021-04-16,61,8,53
2021-04-16,59,12,47
2021-04-16,48,20,28
2021-04-16,45,20,25
2021-04-16,54,28,26
2021-04-16,55,28,27
2021-04-16,56,30,26
2021-04-16,88,48,40
2021-04-16,82,59,23
2021-04-16,114,75,39
2021-04-16,93,59,34
2021-04-16,66,39,27
2021-04-16,37,27,10
2021-04-16,26,15,11
2021-04-16,19,12,7
2021-04-16,9,7,2
2021-04-16,4,3,1
2021-04-17,3,3,0
2021-04-17,1,1,0
2021-04-17,1,1,0
2021-04-17,2,0,2
2021-04-17,1,0,1
2021-04-17,5,2,3
2021-04-17,13,2,11
2021-04-17,20,8,12
2021-04-17,54,25,29
2021-04-17,52,28,24
2021-04-17,81,32,49
2021-04-17,84,43,41
2021-04-17,95,51,44
2021-04-17,136,74,62
2021-04-17,104,56,48
2021-04-17,129,65,64
2021-04-17,106,53,53
2021-04-17,62,33,29
2021-04-17,65,25,40
2021-04-17,48,24,24
2021-04-17,28,22,6
2021-04-17,20,11,9
2021-04-17,16,8,8
2021-04-17,5,3,2
2021-04-18,3,1,2
2021-04-18,4,4,0
2021-04-18,0,0,0
2021-04-18,1,1,0
2021-04-18,2,0,2
2021-04-18,5,2,3
2021-04-18,10,3,7
2021-04-18,16,3,13
2021-04-18,25,13,12
2021-04-18,65,33,32
2021-04-18,100,62,38
2021-04-18,93,48,45
2021-04-18,145,56,89
2021-04-18,109,55,54
2021-04-18,134,76,58
2021-04-18,105,58,47
2021-04-18,119,61,58
2021-04-18,72,30,42
2021-04-18,67,27,40
2021-04-18,34,14,20
2021-04-18,22,7,15
2021-04-18,10,6,4
2021-04-18,2,1,1
2021-04-18,2,0,2
2021-04-19,4,0,4
2021-04-19,2,1,1
2021-04-19,3,1,2
2021-04-19,0,0,0
2021-04-19,4,0,4
2021-04-19,33,7,26
2021-04-19,59,7,52
2021-04-19,75,7,68
2021-04-19,69,15,54
2021-04-19,46,9,37
2021-04-19,32,15,17
2021-04-19,30,11,19
2021-04-19,39,19,20
2021-04-19,30,19,11
2021-04-19,39,23,16
2021-04-19,68,41,27
2021-04-19,102,71,31
2021-04-19,134,103,31
2021-04-19,84,59,25
2021-04-19,37,24,13
2021-04-19,16,10,6
2021-04-19,10,6,4
2021-04-19,9,8,1
2021-04-19,2,2,0
2021-04-20,1,1,0
2021-04-20,0,0,0
2021-04-20,1,1,0
2021-04-20,1,0,1
2021-04-20,6,1,5
2021-04-20,36,7,29
2021-04-20,75,8,67
2021-04-20,84,17,67
2021-04-20,82,20,62
2021-04-20,41,12,29
2021-04-20,45,17,28
2021-04-20,31,16,15
2021-04-20,40,16,24
2021-04-20,50,29,21
2021-04-20,53,32,21
2021-04-20,81,48,33
2021-04-20,118,79,39
2021-04-20,147,112,35
2021-04-20,111,79,32
2021-04-20,60,36,24
2021-04-20,26,13,13
2021-04-20,11,5,6
2021-04-20,4,3,1
2021-04-20,6,3,3
2021-04-21,1,0,1
2021-04-21,1,0,1
2021-04-21,1,0,1
2021-04-21,2,1,1
2021-04-21,5,2,3
2021-04-21,33,9,24
2021-04-21,69,7,62
2021-04-21,79,8,71
2021-04-21,57,10,47
2021-04-21,42,8,34
2021-04-21,38,17,21
2021-04-21,35,13,22
2021-04-21,37,18,19
2021-04-21,57,24,33
2021-04-21,77,39,38
2021-04-21,73,40,33
2021-04-21,132,84,48
2021-04-21,157,114,43
2021-04-21,81,63,18
2021-04-21,57,44,13
2021-04-21,32,20,12
2021-04-21,14,10,4
2021-04-21,12,10,2
2021-04-21,8,4,4
2021-04-22,5,2,3
2021-04-22,0,0,0
2021-04-22,3,2,1
2021-04-22,3,2,1
2021-04-22,4,0,4
2021-04-22,32,7,25
2021-04-22,57,11,46
2021-04-22,81,15,66
2021-04-22,68,11,57
2021-04-22,43,12,31
2021-04-22,25,6,19
2021-04-22,26,11,15
2021-04-22,28,12,16
2021-04-22,40,16,24
2021-04-22,44,29,15
2021-04-22,62,34,28
2021-04-22,117,76,41
2021-04-22,132,103,29
2021-04-22,75,52,23
2021-04-22,58,40,18
2021-04-22,25,12,13
2021-04-22,9,6,3
2021-04-22,10,8,2
2021-04-22,12,9,3
2021-04-23,3,1,2
2021-04-23,4,0,4
2021-04-23,2,1,1
2021-04-23,1,1,0
2021-04-23,3,0,3
2021-04-23,35,11,24
2021-04-23,51,7,44
2021-04-23,70,14,56
2021-04-23,57,12,45
2021-04-23,35,9,26
2021-04-23,36,18,18
2021-04-23,31,9,22
2021-04-23,39,25,14
2021-04-23,40,18,22
2021-04-23,52,29,23
2021-04-23,94,52,42
2021-04-23,92,63,29
2021-04-23,117,83,34
2021-04-23,68,50,18
2021-04-23,34,22,12
2021-04-23,25,16,9
2021-04-23,11,4,7
2021-04-23,13,7,6
2021-04-23,3,1,2
2021-04-24,3,3,0
2021-04-24,0,0,0
2021-04-24,0,0,0
2021-04-24,3,2,1
2021-04-24,2,1,1
2021-04-24,3,0,3
2021-04-24,5,2,3
2021-04-24,5,2,3
2021-04-24,10,5,5
2021-04-24,17,7,10
2021-04-24,10,7,3
2021-04-24,23,10,13
2021-04-24,12,4,8
2021-04-24,26,12,14
2021-04-24,15,7,8
2021-04-24,15,6,9
2021-04-24,16,12,4
2021-04-24,12,9,3
2021-04-24,9,3,6
2021-04-24,15,8,7
2021-04-24,6,2,4
2021-04-24,2,2,0
2021-04-24,4,4,0
2021-04-24,1,1,0
2021-04-25,,,
2021-04-25,,,
2021-04-25,,,
2021-04-25,,,
2021-04-25,,,
2021-04-25,,,
2021-04-25,,,
2021-04-25,,,
2021-04-25,,,
2021-04-25,,,
2021-04-25,,,
2021-04-25,,,
2021-04-25,,,
2021-04-25,,,
2021-04-25,,,
2021-04-25,,,
2021-04-25,,,
2021-04-25,,,
2021-04-25,,,
2021-04-25,,,
2021-04-25,,,
2021-04-25,,,
2021-04-25,,,
2021-04-25,,,
2021-04-26,,,
2021-04-26,,,
2021-04-26,,,
2021-04-26,,,
2021-04-26,,,
2021-04-26,,,
2021-04-26,,,
2021-04-26,,,
2021-04-26,,,
2021-04-26,,,
2021-04-26,,,
2021-04-26,,,
2021-04-26,,,
2021-04-26,,,
2021-04-26,,,
2021-04-26,,,
2021-04-26,,,
2021-04-26,,,
2021-04-26,,,
2021-04-26,,,
2021-04-26,,,
2021-04-26,,,
2021-04-26,,,
2021-04-26,,,
2021-04-27,,,
2021-04-27,,,
2021-04-27,,,
2021-04-27,,,
2021-04-27,,,
2021-04-27,0,0,0
2021-04-27,0,0,0
2021-04-27,0,0,0
2021-04-27,0,0,0
2021-04-27,0,0,0
2021-04-27,0,0,0
2021-04-27,0,0,0
2021-04-27,0,0,0
2021-04-27,0,0,0
2021-04-27,0,0,0
2021-04-27,0,0,0
2021-04-27,101,73,28
2021-04-27,122,92,30
2021-04-27,65,47,18
2021-04-27,49,30,19
2021-04-27,11,7,4
2021-04-27,10,10,0
2021-04-27,11,6,5
2021-04-27,1,1,0
2021-04-28,2,1,1
2021-04-28,3,2,1
2021-04-28,3,2,1
2021-04-28,2,0,2
2021-04-28,5,0,5
2021-04-28,30,10,20
2021-04-28,73,10,63
2021-04-28,70,7,63
2021-04-28,67,10,57
2021-04-28,50,13,37
2021-04-28,30,8,22
2021-04-28,29,9,20
2021-04-28,48,24,24
2021-04-28,31,15,16
2021-04-28,46,27,19
2021-04-28,69,43,26
2021-04-28,97,74,23
2021-04-28,127,100,27
2021-04-28,79,57,22
2021-04-28,49,34,15
2021-04-28,19,15,4
2021-04-28,16,12,4
2021-04-28,10,7,3
2021-04-28,6,3,3
2021-04-29,4,1,3
2021-04-29,1,1,0
2021-04-29,1,0,1
2021-04-29,0,0,0
2021-04-29,6,2,4
2021-04-29,30,6,24
2021-04-29,72,15,57
2021-04-29,85,12,73
2021-04-29,72,14,58
2021-04-29,59,15,44
2021-04-29,41,14,27
2021-04-29,43,21,22
2021-04-29,38,15,23
2021-04-29,54,30,24
2021-04-29,62,33,29
2021-04-29,83,47,36
2021-04-29,145,101,44
2021-04-29,134,92,42
2021-04-29,114,75,39
2021-04-29,70,44,26
2021-04-29,34,20,14
2021-04-29,26,18,8
2021-04-29,8,7,1
2021-04-29,2,1,1
2021-04-30,3,3,0
2021-04-30,0,0,0
2021-04-30,3,1,2
2021-04-30,3,0,3
2021-04-30,4,1,3
2021-04-30,23,6,17
2021-04-30,51,10,41
2021-04-30,52,9,43
2021-04-30,35,6,29
2021-04-30,20,5,15
2021-04-30,13,3,10
2021-04-30,15,8,7
2021-04-30,18,8,10
2021-04-30,20,10,10
2021-04-30,38,19,19
2021-04-30,58,35,23
2021-04-30,71,47,24
2021-04-30,73,59,14
2021-04-30,61,36,25
2021-04-30,49,36,13
2021-04-30,26,16,10
2021-04-30,13,8,5
2021-04-30,17,8,9
2021-04-30,8,5,3
2021-05-04,1,1,0
2021-05-04,3,1,2
2021-05-04,29,7,22
2021-05-04,51,10,41
2021-05-04,62,6,56
2021-05-04,85,13,72
2021-05-04,50,12,38
2021-05-04,27,8,19
2021-05-04,20,10,10
2021-05-04,30,14,16
2021-05-04,42,21,21
2021-05-04,46,23,23
2021-05-04,81,48,33
2021-05-04,110,66,44
2021-05-04,129,100,29
2021-05-04,113,80,33
2021-05-04,56,33,23
2021-05-04,35,14,21
2021-05-04,19,15,4
2021-05-04,10,6,4
2021-05-04,14,5,9
2021-05-05,4,3,1
2021-05-05,3,2,1
2021-05-05,3,2,1
2021-05-05,3,0,3
2021-05-05,5,1,4
2021-05-05,41,10,31
2021-05-05,64,4,60
2021-05-05,78,9,69
2021-05-05,67,7,60
2021-05-05,50,14,36
2021-05-05,44,20,24
2021-05-05,36,5,31
2021-05-05,32,15,17
2021-05-05,43,24,19
2021-05-05,49,31,18
2021-05-05,92,61,31
2021-05-05,88,67,21
2021-05-05,138,109,29
2021-05-05,92,62,30
2021-05-05,48,34,14
2021-05-05,32,17,15
2021-05-05,13,8,5
2021-05-05,6,3,3
2021-05-05,8,5,3
2021-05-06,5,3,2
2021-05-06,5,2,3
2021-05-06,2,0,2
2021-05-06,4,3,1
2021-05-06,5,0,5
2021-05-06,30,9,21
2021-05-06,52,12,40
2021-05-06,66,14,52
2021-05-06,76,8,68
2021-05-06,39,7,32
2021-05-06,34,12,22
2021-05-06,32,15,17
2021-05-06,32,17,15
2021-05-06,36,17,19
2021-05-06,35,21,14
2021-05-06,57,40,17
2021-05-06,74,59,15
2021-05-06,84,60,24
2021-05-06,59,48,11
2021-05-06,31,18,13
2021-05-06,22,12,10
2021-05-06,10,7,3
2021-05-06,5,3,2
2021-05-06,9,9,0
2021-05-07,3,0,3
2021-05-07,0,0,0
2021-05-07,1,0,1
2021-05-07,1,1,0
2021-05-07,2,0,2
2021-05-07,32,9,23
2021-05-07,36,7,29
2021-05-07,49,8,41
2021-05-07,41,5,36
2021-05-07,36,8,28
2021-05-07,24,9,15
2021-05-07,20,9,11
2021-05-07,31,16,15
2021-05-07,19,13,6
2021-05-07,25,16,9
2021-05-07,42,26,16
2021-05-07,55,37,18
2021-05-07,68,48,20
2021-05-07,42,34,8
2021-05-07,28,21,7
2021-05-07,18,11,7
2021-05-07,10,3,7
2021-05-07,3,2,1
2021-05-07,3,3,0
2021-05-08,,,
2021-05-08,,,
2021-05-08,,,
2021-05-08,,,
2021-05-08,,,
2021-05-08,,,
2021-05-08,,,
2021-05-08,,,
2021-05-08,,,
2021-05-08,,,
2021-05-08,,,
2021-05-08,,,
2021-05-08,,,
2021-05-08,,,
2021-05-08,,,
2021-05-08,,,
2021-05-08,,,
2021-05-08,,,
2021-05-08,,,
2021-05-08,,,
2021-05-08,,,
2021-05-08,,,
2021-05-08,,,
2021-05-08,,,
2021-05-09,,,
2021-05-09,,,
2021-05-09,,,
2021-05-09,,,
2021-05-09,,,
2021-05-09,,,
2021-05-09,,,
2021-05-09,,,
2021-05-09,,,
2021-05-09,,,
2021-05-09,,,
2021-05-09,,,
2021-05-09,,,
2021-05-09,,,
2021-05-09,,,
2021-05-09,,,
2021-05-09,,,
2021-05-09,,,
2021-05-09,,,
2021-05-09,,,
2021-05-09,,,
2021-05-09,,,
2021-05-09,,,
2021-05-09,,,
2021-05-10,0,0,0
2021-05-10,0,0,0
2021-05-10,0,0,0
2021-05-10,0,0,0
2021-05-10,0,0,0
2021-05-10,0,0,0
2021-05-10,0,0,0
2021-05-10,0,0,0
2021-05-10,0,0,0
2021-05-10,0,0,0
2021-05-10,0,0,0
2021-05-10,0,0,0
2021-05-10,0,0,0
2021-05-10,0,0,0
2021-05-10,0,0,0
2021-05-10,0,0,0
2021-05-10,0,0,0
2021-05-10,0,0,0
2021-05-10,0,0,0
2021-05-10,0,0,0
2021-05-10,0,0,0
2021-05-10,0,0,0
2021-05-10,0,0,0
2021-05-10,0,0,0
2021-05-11,0,0,0
2021-05-11,0,0,0
2021-05-11,0,0,0
2021-05-11,0,0,0
2021-05-11,0,0,0
2021-05-11,,,
2021-05-11,,,
2021-05-11,,,
2021-05-11,,,
2021-05-11,,,
2021-05-11,,,
2021-05-11,,,
2021-05-11,,,
2021-05-11,,,
2021-05-11,,,
2021-05-11,,,
2021-05-11,,,
2021-05-11,,,
2021-05-11,,,
2021-05-11,,,
2021-05-11,,,
2021-05-11,,,
2021-05-11,,,
2021-05-11,,,
2021-05-12,,,
2021-05-12,,,
2021-05-12,,,
2021-05-12,,,
2021-05-12,,,
2021-05-12,,,
2021-05-12,,,
2021-05-12,,,
2021-05-12,,,
2021-05-12,,,
2021-05-12,,,
2021-05-12,,,
2021-05-12,,,
2021-05-12,,,
2021-05-12,,,
2021-05-12,,,
2021-05-12,,,
2021-05-12,,,
2021-05-12,,,
2021-05-12,,,
2021-05-12,,,
2021-05-12,,,
2021-05-12,,,
2021-05-12,,,
2021-05-13,,,
2021-05-13,,,
2021-05-13,,,
2021-05-13,,,
2021-05-13,,,
2021-05-13,,,
2021-05-13,,,
2021-05-13,,,
2021-05-13,,,
2021-05-13,,,
2021-05-13,,,
2021-05-13,,,
2021-05-13,,,
2021-05-13,,,
2021-05-13,,,
2021-05-13,,,
2021-05-13,,,
2021-05-13,,,
2021-05-13,,,
2021-05-13,,,
2021-05-13,,,
2021-05-13,,,
2021-05-13,,,
2021-05-13,,,
2021-05-14,,,
2021-05-14,,,
2021-05-14,,,
2021-05-14,,,
2021-05-14,,,
2021-05-14,,,
2021-05-14,,,
2021-05-14,,,
2021-05-14,,,
2021-05-14,,,
2021-05-14,,,
2021-05-14,,,
2021-05-14,,,
2021-05-14,,,
2021-05-14,,,
2021-05-14,,,
2021-05-14,,,
2021-05-14,,,
2021-05-14,,,
2021-05-14,,,
2021-05-14,,,
2021-05-14,,,
2021-05-14,,,
2021-05-14,,,
2021-05-15,,,
2021-05-15,,,
2021-05-15,,,
2021-05-15,,,
2021-05-15,,,
2021-05-15,,,
2021-05-15,,,
2021-05-15,,,
2021-05-15,,,
2021-05-15,,,
2021-05-15,,,
2021-05-15,,,
2021-05-15,,,
2021-05-15,,,
2021-05-15,,,
2021-05-15,,,
2021-05-15,,,
2021-05-15,,,
2021-05-15,,,
2021-05-15,,,
2021-05-15,,,
2021-05-15,,,
2021-05-15,,,
2021-05-15,,,
2021-05-16,,,
2021-05-16,,,
2021-05-16,,,
2021-05-16,,,
2021-05-16,,,
2021-05-16,,,
2021-05-16,,,
2021-05-16,,,
2021-05-16,,,
2021-05-16,,,
2021-05-16,,,
2021-05-16,,,
2021-05-16,,,
2021-05-16,,,
2021-05-16,,,
2021-05-16,,,
2021-05-16,,,
2021-05-16,,,
2021-05-16,,,
2021-05-16,,,
2021-05-16,,,
2021-05-16,,,
2021-05-16,,,
2021-05-16,,,
2021-05-17,,,
2021-05-17,,,
2021-05-17,,,
2021-05-17,,,
2021-05-17,,,
2021-05-17,,,
2021-05-17,,,
2021-05-17,,,
2021-05-17,,,
2021-05-17,,,
2021-05-17,,,
2021-05-17,,,
2021-05-17,,,
2021-05-17,,,
2021-05-17,,,
2021-05-17,,,
2021-05-17,,,
2021-05-17,,,
2021-05-17,,,
2021-05-17,,,
2021-05-17,,,
2021-05-17,,,
2021-05-17,,,
2021-05-17,,,
2021-05-18,,,
2021-05-18,,,
2021-05-18,,,
2021-05-18,,,
2021-05-18,,,
2021-05-18,,,
2021-05-18,,,
2021-05-18,,,
2021-05-18,,,
2021-05-18,,,
2021-05-18,,,
2021-05-18,,,
2021-05-18,,,
2021-05-18,,,
2021-05-18,,,
2021-05-18,,,
2021-05-18,,,
2021-05-18,,,
2021-05-18,,,
2021-05-18,,,
2021-05-18,,,
2021-05-18,,,
2021-05-18,,,
2021-05-18,,,
2021-05-19,,,
2021-05-19,,,
2021-05-19,,,
2021-05-19,,,
2021-05-19,,,
2021-05-19,,,
2021-05-19,,,
2021-05-19,,,
2021-05-19,,,
2021-05-19,,,
2021-05-19,,,
2021-05-19,,,
2021-05-19,,,
2021-05-19,,,
2021-05-19,,,
2021-05-19,,,
2021-05-19,,,
2021-05-19,,,
2021-05-19,,,
2021-05-19,,,
2021-05-19,,,
2021-05-19,,,
2021-05-19,,,
2021-05-19,,,
2021-05-20,,,
2021-05-20,,,
2021-05-20,,,
2021-05-20,,,
2021-05-20,,,
2021-05-20,,,
2021-05-20,,,
2021-05-20,,,
2021-05-20,,,
2021-05-20,,,
2021-05-20,,,
2021-05-20,,,
2021-05-20,,,
2021-05-20,,,
2021-05-20,,,
2021-05-20,,,
2021-05-20,,,
2021-05-20,,,
2021-05-20,,,
2021-05-20,,,
2021-05-20,,,
2021-05-20,,,
2021-05-20,,,
2021-05-20,,,
2021-05-21,,,
2021-05-21,,,
2021-05-21,,,
2021-05-21,,,
2021-05-21,,,
2021-05-21,,,
2021-05-21,,,
2021-05-21,,,
2021-05-21,,,
2021-05-21,,,
2021-05-21,,,
2021-05-21,,,
2021-05-21,,,
2021-05-21,,,
2021-05-21,,,
2021-05-21,,,
2021-05-21,,,
2021-05-21,,,
2021-05-21,,,
2021-05-21,,,
2021-05-21,,,
2021-05-21,,,
2021-05-21,,,
2021-05-21,,,
2021-05-22,,,
2021-05-22,,,
2021-05-22,,,
2021-05-22,,,
2021-05-22,,,
2021-05-22,,,
2021-05-22,,,
2021-05-22,,,
2021-05-22,,,
2021-05-22,,,
2021-05-22,,,
2021-05-22,,,
2021-05-22,,,
2021-05-22,,,
2021-05-22,,,
2021-05-22,,,
2021-05-22,,,
2021-05-22,,,
2021-05-22,,,
2021-05-22,,,
2021-05-22,,,
2021-05-22,,,
2021-05-22,,,
2021-05-22,,,
2021-05-23,,,
2021-05-23,,,
2021-05-23,,,
2021-05-23,,,
2021-05-23,,,
2021-05-23,,,
2021-05-23,,,
2021-05-23,,,
2021-05-23,,,
2021-05-23,,,
2021-05-23,,,
2021-05-23,,,
2021-05-23,,,
2021-05-23,,,
2021-05-23,,,
2021-05-23,,,
2021-05-23,,,
2021-05-23,,,
2021-05-23,,,
2021-05-23,,,
2021-05-23,,,
2021-05-23,,,
2021-05-23,,,
2021-05-23,,,
2021-05-24,,,
2021-05-24,,,
2021-05-24,,,
2021-05-24,,,
2021-05-24,,,
2021-05-24,,,
2021-05-24,,,
2021-05-24,,,
2021-05-24,,,
2021-05-24,,,
2021-05-24,,,
2021-05-24,,,
2021-05-24,,,
2021-05-24,,,
2021-05-24,,,
2021-05-24,,,
2021-05-24,,,
2021-05-24,,,
2021-05-24,,,
2021-05-24,,,
2021-05-24,,,
2021-05-24,,,
2021-05-24,,,
2021-05-24,,,
2021-05-25,,,
2021-05-25,,,
2021-05-25,,,
2021-05-25,,,
2021-05-25,,,
2021-05-25,,,
2021-05-25,,,
2021-05-25,,,
2021-05-25,,,
2021-05-25,,,
2021-05-25,,,
2021-05-25,,,
2021-05-25,,,
2021-05-25,,,
2021-05-25,,,
2021-05-25,,,
2021-05-25,,,
2021-05-25,,,
2021-05-25,,,
2021-05-25,,,
2021-05-25,,,
2021-05-25,,,
2021-05-25,,,
2021-05-25,,,
2021-05-26,,,
2021-05-26,,,
2021-05-26,,,
2021-05-26,,,
2021-05-26,,,
2021-05-26,,,
2021-05-26,,,
2021-05-26,,,
2021-05-26,,,
2021-05-26,,,
2021-05-26,,,
2021-05-26,,,
2021-05-26,,,
2021-05-26,,,
2021-05-26,,,
2021-05-26,,,
2021-05-26,,,
2021-05-26,,,
2021-05-26,,,
2021-05-26,,,
2021-05-26,,,
2021-05-26,,,
2021-05-26,,,
2021-05-26,,,
2021-05-27,,,
2021-05-27,,,
2021-05-27,,,
2021-05-27,,,
2021-05-27,,,
2021-05-27,,,
2021-05-27,,,
2021-05-27,,,
2021-05-27,,,
2021-05-27,,,
2021-05-27,,,
2021-05-27,,,
2021-05-27,,,
2021-05-27,,,
2021-05-27,,,
2021-05-27,,,
2021-05-27,,,
2021-05-27,,,
2021-05-27,,,
2021-05-27,,,
2021-05-27,,,
2021-05-27,,,
2021-05-27,,,
2021-05-27,,,
2021-05-28,0,0,0
2021-05-28,0,0,0
2021-05-28,0,0,0
2021-05-28,0,0,0
2021-05-28,0,0,0
2021-05-28,0,0,0
2021-05-28,0,0,0
2021-05-28,0,0,0
2021-05-28,0,0,0
2021-05-28,0,0,0
2021-05-28,0,0,0
2021-05-28,0,0,0
2021-05-28,0,0,0
2021-05-28,0,0,0
2021-05-28,0,0,0
2021-05-28,1,1,0
2021-05-28,15,7,8
2021-05-28,84,24,60
2021-05-28,58,26,32
2021-05-28,34,8,26
2021-05-28,34,12,22
2021-05-28,20,6,14
2021-05-28,13,6,7
2021-05-28,2,1,1
2021-05-29,6,0,6
2021-05-29,0,0,0
2021-05-29,1,1,0
2021-05-29,0,0,0
2021-05-29,2,2,0
2021-05-29,3,2,1
2021-05-29,12,10,2
2021-05-29,11,8,3
2021-05-29,56,27,29
2021-05-29,52,32,20
2021-05-29,54,38,16
2021-05-29,84,37,47
2021-05-29,103,34,69
2021-05-29,126,58,68
2021-05-29,102,49,53
2021-05-29,66,31,35
2021-05-29,98,54,44
2021-05-29,63,35,28
2021-05-29,49,25,24
2021-05-29,27,8,19
2021-05-29,19,9,10
2021-05-29,21,11,10
2021-05-29,19,6,13
2021-05-29,7,0,7
2021-05-30,15,11,4
2021-05-30,3,0,3
2021-05-30,1,0,1
2021-05-30,0,0,0
2021-05-30,5,3,2
2021-05-30,2,2,0
2021-05-30,11,6,5
2021-05-30,27,17,10
2021-05-30,30,13,17
2021-05-30,45,26,19
2021-05-30,86,44,42
2021-05-30,66,33,33
2021-05-30,83,44,39
2021-05-30,81,52,29
2021-05-30,57,30,27
2021-05-30,71,20,51
2021-05-30,68,36,32
2021-05-30,39,22,17
2021-05-30,40,21,19
2021-05-30,62,24,38
2021-05-30,18,6,12
2021-05-30,8,5,3
2021-05-30,8,3,5
2021-05-30,7,2,5
2021-05-31,5,2,3
2021-05-31,3,1,2
2021-05-31,1,0,1
2021-05-31,6,4,2
2021-05-31,2,1,1
2021-05-31,4,2,2
2021-05-31,14,9,5
2021-05-31,16,10,6
2021-05-31,27,14,13
2021-05-31,52,37,15
2021-05-31,65,32,33
2021-05-31,99,54,45
2021-05-31,127,70,57
2021-05-31,98,44,54
2021-05-31,116,55,61
2021-05-31,81,38,43
2021-05-31,85,40,45
2021-05-31,72,30,42
2021-05-31,51,19,32
2021-05-31,22,11,11
2021-05-31,24,10,14
2021-05-31,13,6,7
2021-05-31,5,2,3
2021-05-31,10,4,6
2021-06-01,6,3,3
2021-06-01,2,1,1
2021-06-01,3,2,1
2021-06-01,2,1,1
2021-06-01,7,6,1
2021-06-01,29,25,4
2021-06-01,82,74,8
2021-06-01,106,94,12
2021-06-01,84,70,14
2021-06-01,49,40,9
2021-06-01,30,18,12
2021-06-01,37,28,9
2021-06-01,37,14,23
2021-06-01,38,18,20
2021-06-01,54,22,32
2021-06-01,94,33,61
2021-06-01,116,31,85
2021-06-01,150,37,113
2021-06-01,83,24,59
2021-06-01,51,12,39
2021-06-01,26,11,15
2021-06-01,19,8,11
2021-06-01,13,2,11
2021-06-01,11,3,8
2021-06-02,3,2,1
2021-06-02,2,1,1
2021-06-02,4,3,1
2021-06-02,1,1,0
2021-06-02,10,9,1
2021-06-02,30,26,4
2021-06-02,73,66,7
2021-06-02,108,97,11
2021-06-02,85,71,14
2021-06-02,42,32,10
2021-06-02,38,18,20
2021-06-02,49,27,22
2021-06-02,34,19,15
2021-06-02,52,19,33
2021-06-02,50,24,26
2021-06-02,82,24,58
2021-06-02,111,30,81
2021-06-02,139,28,111
2021-06-02,78,23,55
2021-06-02,66,16,50
2021-06-02,51,33,18
2021-06-02,34,22,12
2021-06-02,10,2,8
2021-06-02,8,0,8
2021-06-03,3,0,3
2021-06-03,3,3,0
2021-06-03,4,3,1
2021-06-03,5,2,3
2021-06-03,5,5,0
2021-06-03,40,31,9
2021-06-03,69,61,8
2021-06-03,89,79,10
2021-06-03,90,75,15
2021-06-03,45,35,10
2021-06-03,36,30,6
2021-06-03,40,23,17
2021-06-03,54,26,28
2021-06-03,29,9,20
2021-06-03,74,30,44
2021-06-03,79,35,44
2021-06-03,128,32,96
2021-06-03,142,37,105
2021-06-03,108,30,78
2021-06-03,59,23,36
2021-06-03,33,17,16
2021-06-03,21,8,13
2021-06-03,10,6,4
2021-06-03,5,0,5
2021-06-04,1,1,0
2021-06-04,0,0,0
2021-06-04,2,2,0
2021-06-04,2,0,2
2021-06-04,4,4,0
2021-06-04,30,26,4
2021-06-04,56,50,6
2021-06-04,83,71,12
2021-06-04,74,62,12
2021-06-04,44,35,9
2021-06-04,47,26,21
2021-06-04,36,17,19
2021-06-04,35,23,12
2021-06-04,60,28,32
2021-06-04,49,21,28
2021-06-04,72,30,42
2021-06-04,101,32,69
2021-06-04,111,18,93
2021-06-04,61,21,40
2021-06-04,48,18,30
2021-06-04,24,10,14
2021-06-04,20,1,19
2021-06-04,5,1,4
2021-06-04,3,1,2
2021-06-05,8,4,4
2021-06-05,2,2,0
2021-06-05,2,2,0
2021-06-05,0,0,0
2021-06-05,3,2,1
2021-06-05,5,3,2
2021-06-05,7,7,0
2021-06-05,15,8,7
2021-06-05,28,19,9
2021-06-05,39,16,23
2021-06-05,32,18,14
2021-06-05,69,35,34
2021-06-05,81,36,45
2021-06-05,55,30,25
2021-06-05,71,37,34
2021-06-05,53,20,33
2021-06-05,35,17,18
2021-06-05,33,15,18
2021-06-05,31,14,17
2021-06-05,19,9,10
2021-06-05,17,5,12
2021-06-05,7,2,5
2021-06-05,4,0,4
2021-06-05,3,1,2
2021-06-06,6,3,3
2021-06-06,2,1,1
2021-06-06,1,0,1
2021-06-06,1,1,0
2021-06-06,3,2,1
2021-06-06,3,2,1
2021-06-06,14,10,4
2021-06-06,6,3,3
2021-06-06,21,15,6
2021-06-06,34,16,18
2021-06-06,29,20,9
2021-06-06,34,26,8
2021-06-06,20,11,9
2021-06-06,20,7,13
2021-06-06,18,11,7
2021-06-06,7,3,4
2021-06-06,13,9,4
2021-06-06,16,7,9
2021-06-06,4,3,1
2021-06-06,9,2,7
2021-06-06,13,4,9
2021-06-06,1,0,1
2021-06-06,4,3,1
2021-06-06,2,1,1
2021-06-07,1,0,1
2021-06-07,1,0,1
2021-06-07,0,0,0
2021-06-07,0,0,0
2021-06-07,3,3,0
2021-06-07,18,14,4
2021-06-07,45,41,4
2021-06-07,66,60,6
2021-06-07,67,56,11
2021-06-07,40,31,9
2021-06-07,34,25,9
2021-06-07,21,15,6
2021-06-07,22,10,12
2021-06-07,23,9,14
2021-06-07,42,15,27
2021-06-07,72,26,46
2021-06-07,79,19,60
2021-06-07,107,21,86
2021-06-07,63,21,42
2021-06-07,33,9,24
2021-06-07,20,9,11
2021-06-07,16,6,10
2021-06-07,9,4,5
2021-06-07,5,4,1
2021-06-08,2,0,2
2021-06-08,1,1,0
2021-06-08,2,1,1
2021-06-08,3,3,0
2021-06-08,9,8,1
2021-06-08,29,26,3
2021-06-08,83,71,12
2021-06-08,97,88,9
2021-06-08,88,71,17
2021-06-08,44,33,11
2021-06-08,44,33,11
2021-06-08,43,23,20
2021-06-08,26,15,11
2021-06-08,45,23,22
2021-06-08,40,15,25
2021-06-08,76,30,46
2021-06-08,114,31,83
2021-06-08,122,24,98
2021-06-08,83,23,60
2021-06-08,37,7,30
2021-06-08,28,10,18
2021-06-08,23,5,18
2021-06-08,6,2,4
2021-06-08,2,2,0
2021-06-09,1,0,1
2021-06-09,0,0,0
2021-06-09,8,2,6
2021-06-09,2,1,1
2021-06-09,7,6,1
2021-06-09,30,24,6
2021-06-09,69,63,6
2021-06-09,98,85,13
2021-06-09,80,67,13
2021-06-09,62,56,6
2021-06-09,32,21,11
2021-06-09,47,30,17
2021-06-09,40,25,15
2021-06-09,28,16,12
2021-06-09,59,21,38
2021-06-09,79,28,51
2021-06-09,118,45,73
2021-06-09,157,26,131
2021-06-09,93,31,62
2021-06-09,44,8,36
2021-06-09,48,20,28
2021-06-09,35,12,23
2021-06-09,11,7,4
2021-06-09,8,3,5
2021-06-10,6,1,5
2021-06-10,1,0,1
2021-06-10,2,2,0
2021-06-10,2,2,0
2021-06-10,11,7,4
2021-06-10,27,23,4
2021-06-10,63,58,5
2021-06-10,106,94,12
2021-06-10,87,77,10
2021-06-10,42,33,9
2021-06-10,39,30,9
2021-06-10,42,22,20
2021-06-10,27,16,11
2021-06-10,42,19,23
2021-06-10,45,11,34
2021-06-10,85,35,50
2021-06-10,107,27,80
2021-06-10,127,26,101
2021-06-10,60,11,49
2021-06-10,52,19,33
2021-06-10,50,14,36
2021-06-10,29,11,18
2021-06-10,16,3,13
2021-06-10,22,14,8
2021-06-11,6,5,1
2021-06-11,1,1,0
2021-06-11,2,2,0
2021-06-11,1,0,1
2021-06-11,2,2,0
2021-06-11,22,16,6
2021-06-11,49,46,3
2021-06-11,67,57,10
2021-06-11,53,46,7
2021-06-11,30,23,7
2021-06-11,15,11,4
2021-06-11,14,7,7
2021-06-11,21,9,12
2021-06-11,12,5,7
2021-06-11,24,6,18
2021-06-11,36,9,27
2021-06-11,52,17,35
2021-06-11,59,8,51
2021-06-11,34,13,21
2021-06-11,26,7,19
2021-06-11,13,4,9
2021-06-11,8,2,6
2021-06-11,7,0,7
2021-06-11,3,0,3
2021-06-12,3,0,3
2021-06-12,0,0,0
2021-06-12,1,0,1
2021-06-12,1,1,0
2021-06-12,5,3,2
2021-06-12,7,7,0
2021-06-12,9,8,1
2021-06-12,16,13,3
2021-06-12,42,29,13
2021-06-12,45,27,18
2021-06-12,80,48,32
2021-06-12,115,45,70
2021-06-12,113,51,62
2021-06-12,115,65,50
2021-06-12,126,68,58
2021-06-12,110,41,69
2021-06-12,87,40,47
2021-06-12,56,30,26
2021-06-12,45,16,29
2021-06-12,33,10,23
2021-06-12,22,8,14
2021-06-12,7,2,5
2021-06-12,2,2,0
2021-06-12,5,1,4
2021-06-13,1,1,0
2021-06-13,1,1,0
2021-06-13,2,1,1
2021-06-13,1,1,0
2021-06-13,3,2,1
2021-06-13,1,0,1
2021-06-13,8,4,4
2021-06-13,3,3,0
2021-06-13,11,10,1
2021-06-13,11,3,8
2021-06-13,11,8,3
2021-06-13,18,13,5
2021-06-13,48,14,34
2021-06-13,19,6,13
2021-06-13,35,24,11
2021-06-13,12,8,4
2021-06-13,16,10,6
2021-06-13,9,6,3
2021-06-13,4,3,1
2021-06-13,4,1,3
2021-06-13,5,2,3
2021-06-13,3,1,2
2021-06-13,1,1,0
2021-06-13,2,0,2
2021-06-14,3,2,1
2021-06-14,1,1,0
2021-06-14,0,0,0
2021-06-14,1,1,0
2021-06-14,4,4,0
2021-06-14,24,18,6
2021-06-14,48,45,3
2021-06-14,66,59,7
2021-06-14,54,47,7
2021-06-14,26,22,4
2021-06-14,21,15,6
2021-06-14,18,12,6
2021-06-14,16,10,6
2021-06-14,22,16,6
2021-06-14,0,0,0
2021-06-14,1,1,0
2021-06-14,0,0,0
2021-06-14,48,11,37
2021-06-14,62,15,47
2021-06-14,27,9,18
2021-06-14,20,7,13
2021-06-14,7,4,3
2021-06-14,6,0,6
2021-06-14,4,0,4
2021-06-15,6,2,4
2021-06-15,1,0,1
2021-06-15,1,0,1
2021-06-15,3,3,0
2021-06-15,6,5,1
2021-06-15,35,28,7
2021-06-15,55,47,8
2021-06-15,81,75,6
2021-06-15,90,72,18
2021-06-15,44,33,11
2021-06-15,38,29,9
2021-06-15,33,18,15
2021-06-15,39,18,21
2021-06-15,51,23,28
2021-06-15,52,22,30
2021-06-15,51,16,35
2021-06-15,100,20,80
2021-06-15,103,20,83
2021-06-15,89,18,71
2021-06-15,54,14,40
2021-06-15,22,13,9
2021-06-15,14,3,11
2021-06-15,6,3,3
2021-06-15,7,1,6
2021-06-16,3,1,2
2021-06-16,3,2,1
2021-06-16,3,1,2
2021-06-16,3,2,1
2021-06-16,6,6,0
2021-06-16,31,24,7
2021-06-16,57,52,5
2021-06-16,109,100,9
2021-06-16,75,63,12
2021-06-16,78,64,14
2021-06-16,39,23,16
2021-06-16,40,23,17
2021-06-16,38,17,21
2021-06-16,44,23,21
2021-06-16,61,25,36
2021-06-16,76,19,57
2021-06-16,134,44,90
2021-06-16,126,35,91
2021-06-16,108,32,76
2021-06-16,64,9,55
2021-06-16,45,24,21
2021-06-16,32,9,23
2021-06-16,15,4,11
2021-06-16,3,1,2
2021-06-17,4,0,4
2021-06-17,0,0,0
2021-06-17,5,2,3
2021-06-17,1,0,1
2021-06-17,10,6,4
2021-06-17,28,22,6
2021-06-17,52,43,9
2021-06-17,104,95,9
2021-06-17,101,86,15
2021-06-17,56,43,13
2021-06-17,45,25,20
2021-06-17,30,18,12
2021-06-17,42,24,18
2021-06-17,58,25,33
2021-06-17,53,25,28
2021-06-17,19,8,11
2021-06-17,122,38,84
2021-06-17,147,30,117
2021-06-17,95,17,78
2021-06-17,63,18,45
2021-06-17,39,21,18
2021-06-17,31,11,20
2021-06-17,16,2,14
2021-06-17,10,2,8
2021-06-18,3,2,1
2021-06-18,1,0,1
2021-06-18,2,2,0
2021-06-18,4,3,1
2021-06-18,5,4,1
2021-06-18,33,26,7
2021-06-18,49,40,9
2021-06-18,90,79,11
2021-06-18,57,51,6
2021-06-18,52,41,11
2021-06-18,46,28,18
2021-06-18,50,20,30
2021-06-18,54,29,25
2021-06-18,61,31,30
2021-06-18,76,35,41
2021-06-18,78,24,54
2021-06-18,110,28,82
2021-06-18,100,31,69
2021-06-18,68,17,51
2021-06-18,55,24,31
2021-06-18,31,14,17
2021-06-18,16,7,9
2021-06-18,27,4,23
2021-06-18,13,4,9
2021-06-19,6,4,2
2021-06-19,1,1,0
2021-06-19,6,4,2
2021-06-19,5,0,5
2021-06-19,3,2,1
2021-06-19,6,3,3
2021-06-19,18,9,9
2021-06-19,37,14,23
2021-06-19,47,33,14
2021-06-19,61,35,26
2021-06-19,70,33,37
2021-06-19,84,51,33
2021-06-19,84,42,42
2021-06-19,98,63,35
2021-06-19,80,52,28
2021-06-19,93,45,48
2021-06-19,70,31,39
2021-06-19,66,20,46
2021-06-19,46,18,28
2021-06-19,23,11,12
2021-06-19,40,17,23
2021-06-19,22,8,14
2021-06-19,10,1,9
2021-06-19,14,7,7
2021-06-20,7,3,4
2021-06-20,6,4,2
2021-06-20,4,2,2
2021-06-20,3,2,1
2021-06-20,4,2,2
2021-06-20,6,4,2
2021-06-20,11,5,6
2021-06-20,23,10,13
2021-06-20,52,29,23
2021-06-20,46,18,28
2021-06-20,76,44,32
2021-06-20,94,39,55
2021-06-20,118,62,56
2021-06-20,111,65,46
2021-06-20,90,45,45
2021-06-20,68,27,41
2021-06-20,70,33,37
2021-06-20,57,30,27
2021-06-20,46,20,26
2021-06-20,31,6,25
2021-06-20,32,18,14
2021-06-20,18,12,6
2021-06-20,3,0,3
2021-06-20,9,2,7
2021-06-21,1,1,0
2021-06-21,1,0,1
2021-06-21,5,2,3
2021-06-21,2,2,0
2021-06-21,5,4,1
2021-06-21,37,32,5
2021-06-21,62,53,9
2021-06-21,92,85,7
2021-06-21,70,61,9
2021-06-21,34,24,10
2021-06-21,35,23,12
2021-06-21,23,11,12
2021-06-21,43,19,24
2021-06-21,31,11,20
2021-06-21,38,15,23
2021-06-21,62,19,43
2021-06-21,105,16,89
2021-06-21,114,15,99
2021-06-21,75,10,65
2021-06-21,40,14,26
2021-06-21,26,8,18
2021-06-21,25,12,13
2021-06-21,11,4,7
2021-06-21,14,3,11
2021-06-22,4,1,3
2021-06-22,0,0,0
2021-06-22,2,1,1
2021-06-22,2,2,0
2021-06-22,6,6,0
2021-06-22,40,29,11
2021-06-22,67,61,6
2021-06-22,103,94,9
2021-06-22,93,78,15
2021-06-22,50,39,11
2021-06-22,36,22,14
2021-06-22,25,12,13
2021-06-22,31,23,8
2021-06-22,30,18,12
2021-06-22,54,14,40
2021-06-22,83,30,53
2021-06-22,113,30,83
2021-06-22,124,23,101
2021-06-22,111,30,81
2021-06-22,66,26,40
2021-06-22,41,20,21
2021-06-22,34,12,22
2021-06-22,21,12,9
2021-06-22,5,1,4
2021-06-23,2,1,1
2021-06-23,2,2,0
2021-06-23,3,3,0
2021-06-23,1,1,0
2021-06-23,9,8,1
2021-06-23,31,23,8
2021-06-23,67,65,2
2021-06-23,85,78,7
2021-06-23,96,88,8
2021-06-23,52,37,15
2021-06-23,45,27,18
2021-06-23,21,17,4
2021-06-23,41,25,16
2021-06-23,35,15,20
2021-06-23,64,29,35
2021-06-23,70,28,42
2021-06-23,115,28,87
2021-06-23,123,23,100
2021-06-23,122,31,91
2021-06-23,43,11,32
2021-06-23,46,26,20
2021-06-23,40,8,32
2021-06-23,20,8,12
2021-06-23,16,5,11
2021-06-24,6,3,3
2021-06-24,3,3,0
2021-06-24,2,1,1
2021-06-24,3,3,0
2021-06-24,6,5,1
2021-06-24,42,35,7
2021-06-24,67,59,8
2021-06-24,118,104,14
2021-06-24,95,81,14
2021-06-24,47,35,12
2021-06-24,38,24,14
2021-06-24,33,19,14
2021-06-24,35,16,19
2021-06-24,41,19,22
2021-06-24,60,24,36
2021-06-24,56,14,42
2021-06-24,90,23,67
2021-06-24,144,28,116
2021-06-24,101,26,75
2021-06-24,62,14,48
2021-06-24,45,24,21
2021-06-24,27,12,15
2021-06-24,12,3,9
2021-06-24,10,4,6
2021-06-25,4,3,1
2021-06-25,2,0,2
2021-06-25,2,1,1
2021-06-25,4,2,2
2021-06-25,6,5,1
2021-06-25,32,26,6
2021-06-25,56,53,3
2021-06-25,83,70,13
2021-06-25,70,63,7
2021-06-25,41,27,14
2021-06-25,51,27,24
2021-06-25,39,25,14
2021-06-25,43,22,21
2021-06-25,43,14,29
2021-06-25,52,17,35
2021-06-25,62,26,36
2021-06-25,82,18,64
2021-06-25,94,18,76
2021-06-25,65,10,55
2021-06-25,47,7,40
2021-06-25,29,11,18
2021-06-25,16,8,8
2021-06-25,11,4,7
2021-06-25,5,2,3
2021-06-26,3,1,2
2021-06-26,5,3,2
2021-06-26,3,1,2
2021-06-26,7,4,3
2021-06-26,6,4,2
2021-06-26,7,4,3
2021-06-26,19,15,4
2021-06-26,38,20,18
2021-06-26,67,31,36
2021-06-26,60,34,26
2021-06-26,58,31,27
2021-06-26,52,16,36
2021-06-26,30,13,17
2021-06-26,32,15,17
2021-06-26,37,16,21
2021-06-26,25,10,15
2021-06-26,29,12,17
2021-06-26,23,9,14
2021-06-26,22,11,11
2021-06-26,17,1,16
2021-06-26,24,9,15
2021-06-26,16,10,6
2021-06-26,21,6,15
2021-06-26,21,6,15
2021-06-27,5,3,2
2021-06-27,5,2,3
2021-06-27,1,0,1
2021-06-27,2,1,1
2021-06-27,5,4,1
2021-06-27,7,6,1
2021-06-27,20,5,15
2021-06-27,23,16,7
2021-06-27,50,32,18
2021-06-27,50,30,20
2021-06-27,41,19,22
2021-06-27,34,14,20
2021-06-27,25,9,16
2021-06-27,24,8,16
2021-06-27,24,10,14
2021-06-27,26,12,14
2021-06-27,20,9,11
2021-06-27,15,5,10
2021-06-27,11,2,9
2021-06-27,18,6,12
2021-06-27,17,4,13
2021-06-27,12,8,4
2021-06-27,9,2,7
2021-06-27,5,2,3
2021-06-28,4,0,4
2021-06-28,1,0,1
2021-06-28,1,1,0
2021-06-28,4,1,3
2021-06-28,2,2,0
2021-06-28,20,16,4
2021-06-28,36,31,5
2021-06-28,46,32,14
2021-06-28,39,29,10
2021-06-28,13,11,2
2021-06-28,8,3,5
2021-06-28,10,6,4
2021-06-28,7,1,6
2021-06-28,7,1,6
2021-06-28,8,3,5
2021-06-28,25,6,19
2021-06-28,42,5,37
2021-06-28,41,2,39
2021-06-28,21,3,18
2021-06-28,9,1,8
2021-06-28,17,4,13
2021-06-28,11,4,7
2021-06-28,7,2,5
2021-06-28,12,5,7
2021-06-29,6,3,3
2021-06-29,1,1,0
2021-06-29,5,4,1
2021-06-29,1,1,0
2021-06-29,9,8,1
2021-06-29,29,23,6
2021-06-29,56,50,6
2021-06-29,68,60,8
2021-06-29,73,61,12
2021-06-29,32,21,11
2021-06-29,30,17,13
2021-06-29,34,15,19
2021-06-29,18,12,6
2021-06-29,33,17,16
2021-06-29,40,13,27
2021-06-29,47,5,42
2021-06-29,70,14,56
2021-06-29,90,14,76
2021-06-29,50,8,42
2021-06-29,38,11,27
2021-06-29,22,8,14
2021-06-29,15,1,14
2021-06-29,7,2,5
2021-06-29,11,7,4
2021-06-30,3,0,3
2021-06-30,3,2,1
2021-06-30,1,1,0
2021-06-30,1,0,1
2021-06-30,10,9,1
2021-06-30,35,30,5
2021-06-30,62,54,8
2021-06-30,105,97,8
2021-06-30,88,77,11
2021-06-30,52,40,12
2021-06-30,38,27,11
2021-06-30,38,24,14
2021-06-30,37,19,18
2021-06-30,42,18,24
2021-06-30,55,26,29
2021-06-30,66,18,48
2021-06-30,87,12,75
2021-06-30,133,23,110
2021-06-30,110,31,79
2021-06-30,49,13,36
2021-06-30,34,16,18
2021-06-30,16,5,11
2021-06-30,12,5,7
2021-06-30,6,1,5
2021-07-01,2,1,1
2021-07-01,2,0,2
2021-07-01,10,5,5
2021-07-01,4,3,1
2021-07-01,5,4,1
2021-07-01,33,28,5
2021-07-01,50,47,3
2021-07-01,93,81,12
2021-07-01,89,80,9
2021-07-01,59,43,16
2021-07-01,30,17,13
2021-07-01,38,16,22
2021-07-01,25,15,10
2021-07-01,31,14,17
2021-07-01,40,14,26
2021-07-01,79,25,54
2021-07-01,100,27,73
2021-07-01,108,22,86
2021-07-01,66,11,55
2021-07-01,50,7,43
2021-07-01,25,6,19
2021-07-01,25,6,19
2021-07-01,20,8,12
2021-07-01,9,2,7
2021-07-02,10,4,6
2021-07-02,0,0,0
2021-07-02,2,2,0
2021-07-02,5,3,2
2021-07-02,8,7,1
2021-07-02,30,25,5
2021-07-02,50,45,5
2021-07-02,68,61,7
2021-07-02,87,60,27
2021-07-02,59,43,16
2021-07-02,45,30,15
2021-07-02,47,23,24
2021-07-02,42,18,24
2021-07-02,60,34,26
2021-07-02,79,32,47
2021-07-02,63,23,40
2021-07-02,85,30,55
2021-07-02,103,30,73
2021-07-02,68,16,52
2021-07-02,36,8,28
2021-07-02,23,7,16
2021-07-02,24,7,17
2021-07-02,14,3,11
2021-07-02,15,0,15
2021-07-03,19,8,11
2021-07-03,5,3,2
2021-07-03,3,0,3
2021-07-03,7,1,6
2021-07-03,7,4,3
2021-07-03,11,7,4
2021-07-03,10,6,4
2021-07-03,24,11,13
2021-07-03,40,20,20
2021-07-03,43,22,21
2021-07-03,75,43,32
2021-07-03,87,44,43
2021-07-03,59,25,34
2021-07-03,59,32,27
2021-07-03,78,47,31
2021-07-03,76,43,33
2021-07-03,40,21,19
2021-07-03,50,17,33
2021-07-03,36,17,19
2021-07-03,27,13,14
2021-07-03,26,10,16
2021-07-03,22,12,10
2021-07-03,18,8,10
2021-07-03,8,1,7
2021-07-04,9,3,6
2021-07-04,2,0,2
2021-07-04,0,0,0
2021-07-04,8,8,0
2021-07-04,3,2,1
2021-07-04,6,4,2
2021-07-04,12,10,2
2021-07-04,20,7,13
2021-07-04,35,30,5
2021-07-04,58,29,29
2021-07-04,54,23,31
2021-07-04,56,33,23
2021-07-04,73,43,30
2021-07-04,80,26,54
2021-07-04,53,21,32
2021-07-04,44,19,25
2021-07-04,62,30,32
2021-07-04,43,20,23
2021-07-04,30,8,22
2021-07-04,24,13,11
2021-07-04,21,10,11
2021-07-04,16,9,7
2021-07-04,16,12,4
2021-07-04,6,3,3
2021-07-05,4,1,3
2021-07-05,6,3,3
2021-07-05,4,2,2
2021-07-05,2,1,1
2021-07-05,5,4,1
2021-07-05,6,3,3
2021-07-05,17,15,2
2021-07-05,16,12,4
2021-07-05,21,13,8
2021-07-05,30,19,11
2021-07-05,61,28,33
2021-07-05,53,34,19
2021-07-05,70,50,20
2021-07-05,68,28,40
2021-07-05,68,25,43
2021-07-05,82,42,40
2021-07-05,62,24,38
2021-07-05,52,23,29
2021-07-05,38,15,23
2021-07-05,24,12,12
2021-07-05,18,6,12
2021-07-05,19,5,14
2021-07-05,12,8,4
2021-07-05,6,3,3
2021-07-06,2,1,1
2021-07-06,1,0,1
2021-07-06,1,1,0
2021-07-06,1,1,0
2021-07-06,5,5,0
2021-07-06,28,23,5
2021-07-06,72,67,5
2021-07-06,98,92,6
2021-07-06,83,75,8
2021-07-06,45,32,13
2021-07-06,32,22,10
2021-07-06,36,26,10
2021-07-06,36,17,19
2021-07-06,42,18,24
2021-07-06,51,23,28
2021-07-06,71,18,53
2021-07-06,110,20,90
2021-07-06,124,24,100
2021-07-06,73,11,62
2021-07-06,41,7,34
2021-07-06,31,14,17
2021-07-06,16,7,9
2021-07-06,7,0,7
2021-07-06,9,2,7
2021-07-07,3,0,3
2021-07-07,1,1,0
2021-07-07,2,1,1
2021-07-07,5,4,1
2021-07-07,9,8,1
2021-07-07,35,29,6
2021-07-07,59,57,2
2021-07-07,100,89,11
2021-07-07,91,85,6
2021-07-07,41,36,5
2021-07-07,43,31,12
2021-07-07,35,22,13
2021-07-07,31,15,16
2021-07-07,34,16,18
2021-07-07,50,24,26
2021-07-07,75,16,59
2021-07-07,99,21,78
2021-07-07,160,41,119
2021-07-07,73,21,52
2021-07-07,46,8,38
2021-07-07,44,10,34
2021-07-07,23,4,19
2021-07-07,22,6,16
2021-07-07,7,0,7
2021-07-08,6,3,3
2021-07-08,1,0,1
2021-07-08,4,4,0
2021-07-08,3,2,1
2021-07-08,8,5,3
2021-07-08,27,23,4
2021-07-08,60,57,3
2021-07-08,107,97,10
2021-07-08,92,80,12
2021-07-08,49,40,9
2021-07-08,46,25,21
2021-07-08,36,27,9
2021-07-08,38,27,11
2021-07-08,28,12,16
2021-07-08,38,14,24
2021-07-08,67,16,51
2021-07-08,115,21,94
2021-07-08,119,33,86
2021-07-08,103,19,84
2021-07-08,56,16,40
2021-07-08,36,12,24
2021-07-08,23,10,13
2021-07-08,15,5,10
2021-07-08,9,2,7
2021-07-09,3,1,2
2021-07-09,4,2,2
2021-07-09,6,4,2
2021-07-09,2,1,1
2021-07-09,6,6,0
2021-07-09,23,18,5
2021-07-09,48,45,3
2021-07-09,82,65,17
2021-07-09,85,74,11
2021-07-09,48,32,16
2021-07-09,46,31,15
2021-07-09,40,23,17
2021-07-09,49,24,25
2021-07-09,48,22,26
2021-07-09,49,16,33
2021-07-09,79,22,57
2021-07-09,85,20,65
2021-07-09,103,24,79
2021-07-09,85,26,59
2021-07-09,46,21,25
2021-07-09,34,10,24
2021-07-09,29,9,20
2021-07-09,19,9,10
2021-07-09,27,6,21
2021-07-10,10,1,9
2021-07-10,4,1,3
2021-07-10,2,0,2
2021-07-10,2,2,0
2021-07-10,4,2,2
2021-07-10,6,6,0
2021-07-10,13,6,7
2021-07-10,16,7,9
2021-07-10,41,31,10
2021-07-10,50,28,22
2021-07-10,62,31,31
2021-07-10,79,35,44
2021-07-10,65,26,39
2021-07-10,80,33,47
2021-07-10,87,43,44
2021-07-10,65,31,34
2021-07-10,58,20,38
2021-07-10,71,37,34
2021-07-10,34,13,21
2021-07-10,34,21,13
2021-07-10,44,13,31
2021-07-10,11,8,3
2021-07-10,14,4,10
2021-07-10,9,3,6
2021-07-11,3,0,3
2021-07-11,8,1,7
2021-07-11,9,2,7
2021-07-11,4,3,1
2021-07-11,4,3,1
2021-07-11,3,1,2
2021-07-11,10,5,5
2021-07-11,22,14,8
2021-07-11,39,27,12
2021-07-11,41,26,15
2021-07-11,54,28,26
2021-07-11,83,41,42
2021-07-11,70,37,33
2021-07-11,66,35,31
2021-07-11,86,41,45
2021-07-11,64,24,40
2021-07-11,75,24,51
2021-07-11,67,25,42
2021-07-11,40,13,27
2021-07-11,21,10,11
2021-07-11,29,15,14
2021-07-11,12,9,3
2021-07-11,8,1,7
2021-07-11,4,1,3
2021-07-12,7,2,5
2021-07-12,3,2,1
2021-07-12,1,1,0
2021-07-12,1,1,0
2021-07-12,6,6,0
2021-07-12,30,23,7
2021-07-12,64,58,6
2021-07-12,96,92,4
2021-07-12,81,75,6
2021-07-12,40,32,8
2021-07-12,29,23,6
2021-07-12,30,18,12
2021-07-12,36,19,17
2021-07-12,39,15,24
2021-07-12,53,16,37
2021-07-12,74,17,57
2021-07-12,85,22,63
2021-07-12,120,13,107
2021-07-12,83,17,66
2021-07-12,51,12,39
2021-07-12,40,17,23
2021-07-12,20,10,10
2021-07-12,7,3,4
2021-07-12,5,0,5
2021-07-13,2,0,2
2021-07-13,1,0,1
2021-07-13,2,1,1
2021-07-13,5,3,2
2021-07-13,13,11,2
2021-07-13,38,32,6
2021-07-13,72,64,8
2021-07-13,110,102,8
2021-07-13,113,102,11
2021-07-13,59,42,17
2021-07-13,33,26,7
2021-07-13,31,21,10
2021-07-13,33,16,17
2021-07-13,36,15,21
2021-07-13,45,11,34
2021-07-13,71,17,54
2021-07-13,90,17,73
2021-07-13,133,26,107
2021-07-13,100,27,73
2021-07-13,62,16,46
2021-07-13,40,17,23
2021-07-13,25,14,11
2021-07-13,14,4,10
2021-07-13,10,2,8
2021-07-14,5,1,4
2021-07-14,4,3,1
2021-07-14,5,4,1
2021-07-14,3,1,2
2021-07-14,10,9,1
2021-07-14,32,25,7
2021-07-14,71,65,6
2021-07-14,102,91,11
2021-07-14,105,94,11
2021-07-14,55,47,8
2021-07-14,35,24,11
2021-07-14,35,23,12
2021-07-14,27,17,10
2021-07-14,56,22,34
2021-07-14,65,26,39
2021-07-14,87,25,62
2021-07-14,121,28,93
2021-07-14,149,22,127
2021-07-14,111,27,84
2021-07-14,67,23,44
2021-07-14,52,16,36
2021-07-14,21,10,11
2021-07-14,13,7,6
2021-07-14,7,2,5
2021-07-15,2,0,2
2021-07-15,2,1,1
2021-07-15,4,2,2
2021-07-15,2,0,2
2021-07-15,6,6,0
2021-07-15,26,23,3
2021-07-15,77,75,2
2021-07-15,104,96,8
2021-07-15,96,86,10
2021-07-15,64,57,7
2021-07-15,39,27,12
2021-07-15,46,23,23
2021-07-15,29,18,11
2021-07-15,25,17,8
2021-07-15,50,17,33
2021-07-15,69,22,47
2021-07-15,109,32,77
2021-07-15,145,19,126
2021-07-15,90,16,74
2021-07-15,56,22,34
2021-07-15,46,10,36
2021-07-15,33,13,20
2021-07-15,19,12,7
2021-07-15,7,2,5
2021-07-16,5,1,4
2021-07-16,4,2,2
2021-07-16,3,3,0
2021-07-16,4,4,0
2021-07-16,6,5,1
2021-07-16,35,25,10
2021-07-16,51,44,7
2021-07-16,75,67,8
2021-07-16,74,63,11
2021-07-16,66,46,20
2021-07-16,35,24,11
2021-07-16,31,16,15
2021-07-16,47,25,22
2021-07-16,45,18,27
2021-07-16,52,21,31
2021-07-16,78,29,49
2021-07-16,101,32,69
2021-07-16,96,23,73
2021-07-16,71,11,60
2021-07-16,39,15,24
2021-07-16,25,9,16
2021-07-16,16,6,10
2021-07-16,12,7,5
2021-07-16,9,2,7
2021-07-17,5,0,5
2021-07-17,11,9,2
2021-07-17,2,1,1
2021-07-17,0,0,0
2021-07-17,4,3,1
2021-07-17,3,3,0
2021-07-17,8,7,1
2021-07-17,20,13,7
2021-07-17,49,33,16
2021-07-17,42,27,15
2021-07-17,82,37,45
2021-07-17,75,42,33
2021-07-17,57,29,28
2021-07-17,77,35,42
2021-07-17,72,37,35
2021-07-17,80,35,45
2021-07-17,59,30,29
2021-07-17,58,19,39
2021-07-17,47,23,24
2021-07-17,31,14,17
2021-07-17,35,23,12
2021-07-17,20,12,8
2021-07-17,12,6,6
2021-07-17,6,3,3
2021-07-18,6,0,6
2021-07-18,1,1,0
2021-07-18,0,0,0
2021-07-18,4,0,4
2021-07-18,4,4,0
2021-07-18,8,4,4
2021-07-18,13,9,4
2021-07-18,22,18,4
2021-07-18,30,17,13
2021-07-18,54,23,31
2021-07-18,65,36,29
2021-07-18,75,39,36
2021-07-18,84,40,44
2021-07-18,83,44,39
2021-07-18,73,31,42
2021-07-18,68,34,34
2021-07-18,60,20,40
2021-07-18,48,22,26
2021-07-18,47,22,25
2021-07-18,29,15,14
2021-07-18,42,19,23
2021-07-18,11,4,7
2021-07-18,17,6,11
2021-07-18,4,0,4
2021-07-19,5,1,4
2021-07-19,3,3,0
2021-07-19,1,1,0
2021-07-19,1,1,0
2021-07-19,7,7,0
2021-07-19,43,31,12
2021-07-19,64,60,4
2021-07-19,97,86,11
2021-07-19,96,85,11
2021-07-19,40,35,5
2021-07-19,38,29,9
2021-07-19,44,23,21
2021-07-19,49,26,23
2021-07-19,45,24,21
2021-07-19,63,24,39
2021-07-19,92,35,57
2021-07-19,103,28,75
2021-07-19,171,39,132
2021-07-19,113,22,91
2021-07-19,67,14,53
2021-07-19,34,13,21
2021-07-19,34,23,11
2021-07-19,13,7,6
2021-07-19,6,1,5
2021-07-20,4,0,4
2021-07-20,3,1,2
2021-07-20,3,2,1
2021-07-20,2,0,2
2021-07-20,15,13,2
2021-07-20,32,26,6
2021-07-20,77,72,5
2021-07-20,105,98,7
2021-07-20,114,101,13
2021-07-20,57,44,13
2021-07-20,27,20,7
2021-07-20,44,29,15
2021-07-20,34,16,18
2021-07-20,32,15,17
2021-07-20,42,16,26
2021-07-20,89,23,66
2021-07-20,117,30,87
2021-07-20,141,30,111
2021-07-20,109,19,90
2021-07-20,52,15,37
2021-07-20,53,22,31
2021-07-20,29,5,24
2021-07-20,15,6,9
2021-07-20,10,2,8
2021-07-21,2,1,1
2021-07-21,1,1,0
2021-07-21,3,2,1
2021-07-21,3,3,0
2021-07-21,9,9,0
2021-07-21,39,32,7
2021-07-21,78,68,10
2021-07-21,111,101,10
2021-07-21,114,95,19
2021-07-21,65,49,16
2021-07-21,47,33,14
2021-07-21,24,20,4
2021-07-21,28,11,17
2021-07-21,42,23,19
2021-07-21,56,25,31
2021-07-21,82,32,50
2021-07-21,120,39,81
2021-07-21,161,23,138
2021-07-21,115,29,86
2021-07-21,63,15,48
2021-07-21,44,15,29
2021-07-21,32,9,23
2021-07-21,17,2,15
2021-07-21,10,3,7
2021-07-22,2,0,2
2021-07-22,1,1,0
2021-07-22,6,5,1
2021-07-22,1,1,0
2021-07-22,8,6,2
2021-07-22,36,30,6
2021-07-22,73,64,9
2021-07-22,120,109,11
2021-07-22,122,108,14
2021-07-22,83,63,20
2021-07-22,46,34,12
2021-07-22,45,22,23
2021-07-22,38,21,17
2021-07-22,59,27,32
2021-07-22,75,37,38
2021-07-22,92,23,69
2021-07-22,143,52,91
2021-07-22,176,35,141
2021-07-22,114,37,77
2021-07-22,71,25,46
2021-07-22,59,10,49
2021-07-22,32,11,21
2021-07-22,30,9,21
2021-07-22,14,1,13
2021-07-23,4,0,4
2021-07-23,5,1,4
2021-07-23,5,1,4
2021-07-23,2,1,1
2021-07-23,6,6,0
2021-07-23,33,29,4
2021-07-23,62,55,7
2021-07-23,100,88,12
2021-07-23,85,67,18
2021-07-23,72,50,22
2021-07-23,58,41,17
2021-07-23,55,28,27
2021-07-23,58,29,29
2021-07-23,66,31,35
2021-07-23,69,24,45
2021-07-23,96,36,60
2021-07-23,130,37,93
2021-07-23,137,39,98
2021-07-23,82,31,51
2021-07-23,55,19,36
2021-07-23,18,5,13
2021-07-23,27,6,21
2021-07-23,31,7,24
2021-07-23,24,4,20
2021-07-24,19,7,12
2021-07-24,7,4,3
2021-07-24,7,2,5
2021-07-24,5,2,3
2021-07-24,6,5,1
2021-07-24,8,6,2
2021-07-24,18,12,6
2021-07-24,27,14,13
2021-07-24,48,38,10
2021-07-24,70,41,29
2021-07-24,90,50,40
2021-07-24,87,51,36
2021-07-24,106,49,57
2021-07-24,98,39,59
2021-07-24,77,32,45
2021-07-24,88,33,55
2021-07-24,77,44,33
2021-07-24,68,25,43
2021-07-24,62,29,33
2021-07-24,41,28,13
2021-07-24,32,15,17
2021-07-24,28,7,21
2021-07-24,15,8,7
2021-07-24,22,5,17
2021-07-25,11,1,10
2021-07-25,2,1,1
2021-07-25,2,0,2
2021-07-25,4,4,0
2021-07-25,5,4,1
2021-07-25,6,5,1
2021-07-25,8,4,4
2021-07-25,27,17,10
2021-07-25,55,31,24
2021-07-25,51,26,25
2021-07-25,117,45,72
2021-07-25,139,63,76
2021-07-25,133,84,49
2021-07-25,122,67,55
2021-07-25,94,51,43
2021-07-25,70,34,36
2021-07-25,73,28,45
2021-07-25,82,46,36
2021-07-25,37,19,18
2021-07-25,36,18,18
2021-07-25,42,6,36
2021-07-25,20,7,13
2021-07-25,9,4,5
2021-07-25,9,5,4
2021-07-26,7,5,2
2021-07-26,5,2,3
2021-07-26,2,2,0
2021-07-26,1,0,1
2021-07-26,12,10,2
2021-07-26,31,24,7
2021-07-26,78,69,9
2021-07-26,93,88,5
2021-07-26,92,83,9
2021-07-26,61,53,8
2021-07-26,43,28,15
2021-07-26,39,23,16
2021-07-26,37,25,12
2021-07-26,51,15,36
2021-07-26,46,21,25
2021-07-26,73,16,57
2021-07-26,107,33,74
2021-07-26,156,21,135
2021-07-26,94,24,70
2021-07-26,60,21,39
2021-07-26,29,10,19
2021-07-26,15,7,8
2021-07-26,21,8,13
2021-07-26,16,1,15
2021-07-27,7,1,6
2021-07-27,4,2,2
2021-07-27,7,3,4
2021-07-27,3,3,0
2021-07-27,10,10,0
2021-07-27,39,32,7
2021-07-27,79,68,11
2021-07-27,124,115,9
2021-07-27,107,95,12
2021-07-27,72,52,20
2021-07-27,52,33,19
2021-07-27,39,21,18
2021-07-27,53,27,26
2021-07-27,41,16,25
2021-07-27,64,26,38
2021-07-27,98,21,77
2021-07-27,141,40,101
2021-07-27,138,30,108
2021-07-27,107,22,85
2021-07-27,54,14,40
2021-07-27,36,21,15
2021-07-27,33,10,23
2021-07-27,20,5,15
2021-07-27,27,3,24
2021-07-28,2,1,1
2021-07-28,1,0,1
2021-07-28,5,5,0
2021-07-28,1,1,0
2021-07-28,10,10,0
2021-07-28,33,23,10
2021-07-28,84,76,8
2021-07-28,112,107,5
2021-07-28,108,90,18
2021-07-28,62,49,13
2021-07-28,55,39,16
2021-07-28,54,35,19
2021-07-28,40,23,17
2021-07-28,43,20,23
2021-07-28,51,15,36
2021-07-28,79,26,53
2021-07-28,103,25,78
2021-07-28,175,30,145
2021-07-28,81,14,67
2021-07-28,60,13,47
2021-07-28,47,9,38
2021-07-28,22,9,13
2021-07-28,16,6,10
2021-07-28,7,1,6
2021-07-29,6,2,4
2021-07-29,4,3,1
2021-07-29,2,2,0
2021-07-29,3,1,2
2021-07-29,13,11,2
2021-07-29,36,29,7
2021-07-29,78,70,8
2021-07-29,94,84,10
2021-07-29,123,109,14
2021-07-29,70,53,17
2021-07-29,39,25,14
2021-07-29,31,25,6
2021-07-29,42,20,22
2021-07-29,30,14,16
2021-07-29,49,19,30
2021-07-29,74,25,49
2021-07-29,131,31,100
2021-07-29,170,31,139
2021-07-29,110,35,75
2021-07-29,55,15,40
2021-07-29,31,5,26
2021-07-29,29,14,15
2021-07-29,16,6,10
2021-07-29,8,2,6
2021-07-30,4,1,3
2021-07-30,4,2,2
2021-07-30,5,2,3
2021-07-30,1,1,0
2021-07-30,8,7,1
2021-07-30,37,32,5
2021-07-30,67,63,4
2021-07-30,90,83,7
2021-07-30,82,68,14
2021-07-30,61,44,17
2021-07-30,49,31,18
2021-07-30,35,23,12
2021-07-30,45,19,26
2021-07-30,51,22,29
2021-07-30,76,25,51
2021-07-30,81,20,61
2021-07-30,94,26,68
2021-07-30,140,33,107
2021-07-30,82,22,60
2021-07-30,51,16,35
2021-07-30,34,18,16
2021-07-30,18,4,14
2021-07-30,13,5,8
2021-07-30,7,0,7
2021-07-31,6,2,4
2021-07-31,9,6,3
2021-07-31,6,4,2
2021-07-31,2,0,2
2021-07-31,12,8,4
2021-07-31,8,7,1
2021-07-31,7,5,2
2021-07-31,22,14,8
2021-07-31,46,29,17
2021-07-31,38,22,16
2021-07-31,68,44,24
2021-07-31,63,25,38
2021-07-31,78,38,40
2021-07-31,74,43,31
2021-07-31,79,50,29
2021-07-31,65,23,42
2021-07-31,51,26,25
2021-07-31,51,23,28
2021-07-31,73,14,59
2021-07-31,24,10,14
2021-07-31,34,16,18
2021-07-31,19,13,6
2021-07-31,19,9,10
2021-07-31,7,2,5
2021-08-01,3,1,2
2021-08-01,7,2,5
2021-08-01,2,2,0
2021-08-01,3,1,2
2021-08-01,8,6,2
2021-08-01,3,3,0
2021-08-01,14,9,5
2021-08-01,41,39,2
2021-08-01,47,38,9
2021-08-01,62,26,36
2021-08-01,81,49,32
2021-08-01,64,32,32
2021-08-01,99,51,48
2021-08-01,65,24,41
2021-08-01,95,47,48
2021-08-01,81,28,53
2021-08-01,49,13,36
2021-08-01,50,24,26
2021-08-01,44,17,27
2021-08-01,29,11,18
2021-08-01,11,4,7
2021-08-01,13,10,3
2021-08-01,9,2,7
2021-08-01,5,3,2
2021-08-02,3,2,1
2021-08-02,2,1,1
2021-08-02,2,0,2
2021-08-02,1,0,1
2021-08-02,12,11,1
2021-08-02,40,31,9
2021-08-02,72,61,11
2021-08-02,103,91,12
2021-08-02,103,95,8
2021-08-02,61,46,15
2021-08-02,36,30,6
2021-08-02,38,23,15
2021-08-02,52,27,25
2021-08-02,42,23,19
2021-08-02,50,23,27
2021-08-02,98,32,66
2021-08-02,125,36,89
2021-08-02,151,33,118
2021-08-02,93,18,75
2021-08-02,38,8,30
2021-08-02,42,14,28
2021-08-02,29,12,17
2021-08-02,10,4,6
2021-08-02,7,1,6
2021-08-03,8,4,4
2021-08-03,3,0,3
2021-08-03,4,3,1
2021-08-03,1,1,0
2021-08-03,9,8,1
2021-08-03,37,33,4
2021-08-03,80,72,8
2021-08-03,124,109,15
2021-08-03,105,94,11
2021-08-03,64,44,20
2021-08-03,48,39,9
2021-08-03,45,28,17
2021-08-03,51,32,19
2017-05-21,90,38,52
2017-05-21,68,33,35
2017-05-21,67,38,29
2017-05-21,70,29,41
2017-05-21,34,12,22
2017-05-21,33,13,20
2017-05-21,13,8,5
2017-05-21,14,10,4
2017-05-21,13,7,6
2017-05-21,3,0,3
2017-05-22,1,0,1
2017-05-22,0,0,0
2017-05-22,0,0,0
2017-05-22,0,0,0
2017-05-22,7,3,4
2017-05-22,29,25,4
2017-05-22,101,84,17
2017-05-22,204,189,15
2017-05-22,187,172,15
2017-05-22,62,49,13
2017-05-22,32,25,7
2017-05-22,37,19,18
2017-05-22,30,17,13
2017-05-22,37,21,16
2017-05-22,43,20,23
2017-05-22,67,20,47
2017-05-22,173,28,145
2017-05-22,272,45,227
2017-05-22,131,23,108
2017-05-22,73,13,60
2017-05-22,30,15,15
2017-05-22,24,15,9
2017-05-22,5,1,4
2017-05-22,3,1,2
2017-05-23,5,2,3
2017-05-23,2,2,0
2017-05-23,1,0,1
2017-05-23,4,1,3
2017-05-23,6,4,2
2017-05-23,43,38,5
2017-05-23,111,93,18
2017-05-23,223,201,22
2017-05-23,215,187,28
2017-05-23,69,59,10
2017-05-23,40,22,18
2017-05-23,22,10,12
2017-05-23,24,19,5
2017-05-23,36,15,21
2017-05-23,34,12,22
2017-05-23,93,29,64
2017-05-23,154,37,117
2017-05-23,302,44,258
2017-05-23,157,27,130
2017-05-23,53,13,40
2017-05-23,32,11,21
2017-05-23,26,4,22
2017-05-23,7,0,7
2017-05-23,6,3,3
2017-05-24,2,2,0
2017-05-24,3,3,0
2017-05-24,2,1,1
2017-05-24,1,1,0
2017-05-24,9,7,2
2017-05-24,40,32,8
2017-05-24,93,77,16
2017-05-24,203,181,22
2017-05-24,151,131,20
2017-05-24,60,48,12
2017-05-24,40,29,11
2017-05-24,17,9,8
2017-05-24,32,19,13
2017-05-24,24,11,13
2017-05-24,30,12,18
2017-05-24,55,19,36
2017-05-24,115,19,96
2017-05-24,220,21,199
2017-05-24,120,16,104
2017-05-24,51,12,39
2017-05-24,27,8,19
2017-05-24,20,6,14
2017-05-24,11,6,5
2017-05-24,2,1,1
2017-05-25,2,2,0
2017-05-25,3,2,1
2017-05-25,0,0,0
2017-05-25,1,0,1
2017-05-25,7,4,3
2017-05-25,30,26,4
2017-05-25,93,76,17
2017-05-25,183,158,25
2017-05-25,191,175,16
2017-05-25,67,59,8
2021-08-03,40,14,26
2021-08-03,54,21,33
2021-08-03,78,19,59
2021-08-03,138,32,106
2021-08-03,159,36,123
2021-08-03,115,27,88
2021-08-03,79,16,63
2021-08-03,38,21,17
2021-08-03,20,6,14
2021-08-03,12,2,10
2021-08-03,11,3,8
2021-08-04,5,0,5
2021-08-04,0,0,0
2021-08-04,5,2,3
2021-08-04,1,1,0
2021-08-04,15,15,0
2021-08-04,38,30,8
2021-08-04,77,68,9
2021-08-04,110,94,16
2021-08-04,106,94,12
2021-08-04,77,60,17
2021-08-04,53,36,17
2021-08-04,55,27,28
2021-08-04,53,21,32
2021-08-04,44,23,21
2021-08-04,63,28,35
2021-08-04,75,33,42
2021-08-04,146,37,109
2021-08-04,170,43,127
2021-08-04,120,42,78
2021-08-04,69,25,44
2021-08-04,39,10,29
2021-08-04,56,13,43
2021-08-04,9,1,8
2021-08-04,14,1,13
2021-08-05,6,3,3
2021-08-05,0,0,0
2021-08-05,3,2,1
2021-08-05,4,3,1
2021-08-05,6,6,0
2021-08-05,37,28,9
2021-08-05,82,74,8
2021-08-05,119,111,8
2021-08-05,101,84,17
2021-08-05,65,48,17
2021-08-05,38,23,15
2021-08-05,29,20,9
2021-08-05,36,19,17
2021-08-05,44,26,18
2021-08-05,62,23,39
2021-08-05,89,29,60
2021-08-05,126,35,91
2021-08-05,146,36,110
2021-08-05,118,38,80
2021-08-05,65,15,50
2021-08-05,44,9,35
2021-08-05,31,5,26
2021-08-05,13,3,10
2021-08-05,12,4,8
2021-08-06,6,0,6
2021-08-06,2,0,2
2021-08-06,5,4,1
2021-08-06,3,0,3
2021-08-06,9,9,0
2021-08-06,33,27,6
2021-08-06,42,36,6
2021-08-06,71,67,4
2021-08-06,66,49,17
2021-08-06,47,27,20
2021-08-06,46,29,17
2021-08-06,40,29,11
2021-08-06,43,24,19
2021-08-06,56,31,25
2021-08-06,58,20,38
2021-08-06,67,28,39
2021-08-06,108,29,79
2021-08-06,99,25,74
2021-08-06,72,22,50
2021-08-06,117,43,74
2021-08-06,16,6,10
2021-08-06,22,6,16
2021-08-06,16,4,12
2021-08-06,10,2,8
2021-08-07,7,5,2
2021-08-07,10,5,5
2021-08-07,4,2,2
2021-08-07,3,1,2
2021-08-07,4,4,0
2021-08-07,5,5,0
2021-08-07,10,7,3
2021-08-07,15,8,7
2021-08-07,45,27,18
2021-08-07,45,21,24
2021-08-07,51,22,29
2021-08-07,81,42,39
2021-08-07,43,28,15
2021-08-07,75,42,33
2021-08-07,73,35,38
2021-08-07,72,28,44
2021-08-07,81,37,44
2021-08-07,60,18,42
2021-08-07,40,20,20
2021-08-07,25,11,14
2021-08-07,22,14,8
2021-08-07,30,20,10
2021-08-07,6,3,3
2021-08-07,11,4,7
2021-08-08,9,4,5
2021-08-08,7,5,2
2021-08-08,1,0,1
2021-08-08,2,2,0
2021-08-08,3,2,1
2021-08-08,2,2,0
2021-08-08,6,4,2
2021-08-08,24,14,10
2021-08-08,22,16,6
2021-08-08,56,35,21
2021-08-08,68,28,40
2021-08-08,96,46,50
2021-08-08,70,37,33
2021-08-08,84,38,46
2021-08-08,81,35,46
2021-08-08,84,41,43
2021-08-08,97,46,51
2021-08-08,58,18,40
2021-08-08,58,18,40
2021-08-08,34,16,18
2021-08-08,25,16,9
2021-08-08,11,10,1
2021-08-08,15,3,12
2021-08-08,5,1,4
2021-08-09,4,0,4
2021-08-09,0,0,0
2021-08-09,3,2,1
2021-08-09,3,1,2
2021-08-09,7,7,0
2021-08-09,37,31,6
2021-08-09,87,83,4
2021-08-09,109,98,11
2021-08-09,97,85,12
2021-08-09,58,44,14
2021-08-09,40,29,11
2021-08-09,35,23,12
2021-08-09,63,32,31
2021-08-09,58,25,33
2021-08-09,75,32,43
2021-08-09,74,15,59
2021-08-09,135,32,103
2021-08-09,158,29,129
2021-08-09,100,18,82
2021-08-09,67,24,43
2021-08-09,27,13,14
2021-08-09,20,7,13
2021-08-09,9,3,6
2021-08-09,5,1,4
2021-08-10,8,1,7
2021-08-10,2,2,0
2021-08-10,4,3,1
2021-08-10,2,1,1
2021-08-10,9,7,2
2021-08-10,33,28,5
2021-08-10,86,79,7
2021-08-10,108,99,9
2021-08-10,113,101,12
2021-08-10,51,32,19
2021-08-10,37,26,11
2021-08-10,27,17,10
2021-08-10,43,31,12
2021-08-10,43,18,25
2021-08-10,69,31,38
2021-08-10,88,16,72
2021-08-10,119,31,88
2021-08-10,156,30,126
2021-08-10,96,26,70
2021-08-10,54,17,37
2021-08-10,29,14,15
2021-08-10,28,5,23
2021-08-10,8,0,8
2021-08-10,9,3,6
2021-08-11,4,1,3
2021-08-11,1,1,0
2021-08-11,5,4,1
2021-08-11,2,1,1
2021-08-11,14,11,3
2021-08-11,41,34,7
2021-08-11,80,73,7
2021-08-11,97,88,9
2021-08-11,111,93,18
2021-08-11,68,50,18
2021-08-11,61,37,24
2021-08-11,40,19,21
2021-08-11,56,35,21
2021-08-11,42,19,23
2021-08-11,71,24,47
2021-08-11,68,17,51
2021-08-11,116,27,89
2021-08-11,142,22,120
2021-08-11,82,20,62
2021-08-11,59,13,46
2021-08-11,51,20,31
2021-08-11,26,9,17
2021-08-11,13,7,6
2021-08-11,11,3,8
2021-08-12,5,1,4
2021-08-12,8,5,3
2021-08-12,7,5,2
2021-08-12,3,1,2
2021-08-12,12,10,2
2021-08-12,29,22,7
2021-08-12,70,64,6
2021-08-12,110,103,7
2021-08-12,118,103,15
2021-08-12,63,47,16
2021-08-12,41,23,18
2021-08-12,42,23,19
2021-08-12,48,30,18
2021-08-12,31,14,17
2021-08-12,40,16,24
2021-08-12,75,13,62
2021-08-12,106,27,79
2021-08-12,113,20,93
2021-08-12,89,19,70
2021-08-12,46,9,37
2021-08-12,29,8,21
2021-08-12,20,3,17
2021-08-12,13,4,9
2021-08-12,8,3,5
2021-08-13,7,3,4
2021-08-13,2,0,2
2021-08-13,3,2,1
2021-08-13,1,1,0
2021-08-13,7,6,1
2021-08-13,38,29,9
2021-08-13,58,51,7
2021-08-13,58,49,9
2021-08-13,80,65,15
2021-08-13,31,20,11
2021-08-13,30,16,14
2021-08-13,24,14,10
2021-08-13,22,11,11
2021-08-13,37,21,16
2021-08-13,47,10,37
2021-08-13,44,11,33
2021-08-13,81,22,59
2021-08-13,81,33,48
2021-08-13,43,12,31
2021-08-13,42,10,32
2021-08-13,23,9,14
2021-08-13,20,10,10
2021-08-13,25,12,13
2021-08-13,21,6,15
2021-08-14,13,7,6
2021-08-14,4,2,2
2021-08-14,3,2,1
2021-08-14,2,0,2
2021-08-14,3,2,1
2021-08-14,8,6,2
2021-08-14,11,8,3
2021-08-14,26,18,8
2021-08-14,51,28,23
2021-08-14,34,18,16
2021-08-14,70,31,39
2021-08-14,49,23,26
2021-08-14,77,35,42
2021-08-14,67,34,33
2021-08-14,69,47,22
2021-08-14,76,29,47
2021-08-14,65,32,33
2021-08-14,55,23,32
2021-08-14,48,31,17
2021-08-14,39,20,19
2021-08-14,20,8,12
2021-08-14,11,3,8
2021-08-14,18,7,11
2021-08-14,23,7,16
2021-08-15,11,2,9
2021-08-15,2,0,2
2021-08-15,4,1,3
2021-08-15,5,5,0
2021-08-15,5,5,0
2021-08-15,4,3,1
2021-08-15,14,9,5
2021-08-15,22,14,8
2021-08-15,34,25,9
2021-08-15,54,24,30
2021-08-15,98,49,49
2021-08-15,91,57,34
2021-08-15,70,36,34
2021-08-15,87,44,43
2021-08-15,74,41,33
2021-08-15,77,27,50
2021-08-15,60,29,31
2021-08-15,60,19,41
2021-08-15,52,27,25
2021-08-15,27,9,18
2021-08-15,29,18,11
2021-08-15,10,2,8
2021-08-15,14,6,8
2021-08-15,5,2,3
2021-08-16,4,0,4
2021-08-16,0,0,0
2021-08-16,4,2,2
2021-08-16,2,1,1
2021-08-16,11,8,3
2021-08-16,37,30,7
2021-08-16,78,71,7
2021-08-16,88,82,6
2021-08-16,86,82,4
2021-08-16,44,40,4
2021-08-16,37,28,9
2021-08-16,35,17,18
2021-08-16,40,29,11
2021-08-16,38,13,25
2021-08-16,53,24,29
2021-08-16,65,21,44
2021-08-16,110,21,89
2021-08-16,114,17,97
2021-08-16,71,10,61
2021-08-16,34,7,27
2021-08-16,27,10,17
2021-08-16,10,4,6
2021-08-16,4,2,2
2021-08-16,5,1,4
2021-08-17,5,1,4
2021-08-17,2,0,2
2021-08-17,5,4,1
2021-08-17,4,1,3
2021-08-17,9,9,0
2021-08-17,42,35,7
2021-08-17,80,72,8
2021-08-17,96,88,8
2021-08-17,117,109,8
2021-08-17,56,35,21
2021-08-17,31,22,9
2021-08-17,48,21,27
2021-08-17,44,26,18
2021-08-17,46,24,22
2021-08-17,50,17,33
2021-08-17,74,17,57
2021-08-17,127,28,99
2021-08-17,161,39,122
2021-08-17,120,30,90
2021-08-17,59,21,38
2021-08-17,27,8,19
2021-08-17,14,2,12
2021-08-17,11,5,6
2021-08-17,10,2,8
2021-08-18,6,1,5
2021-08-18,4,3,1
2021-08-18,5,5,0
2021-08-18,4,2,2
2021-08-18,5,5,0
2021-08-18,45,40,5
2021-08-18,81,71,10
2021-08-18,99,89,10
2021-08-18,88,74,14
2021-08-18,51,41,10
2021-08-18,45,35,10
2021-08-18,33,16,17
2021-08-18,35,21,14
2021-08-18,41,22,19
2021-08-18,54,16,38
2021-08-18,100,44,56
2021-08-18,132,32,100
2021-08-18,157,37,120
2021-08-18,101,17,84
2021-08-18,66,21,45
2021-08-18,36,12,24
2021-08-18,15,6,9
2021-08-18,8,5,3
2021-08-18,9,1,8
2021-08-19,3,0,3
2021-08-19,1,1,0
2021-08-19,7,5,2
2021-08-19,2,1,1
2021-08-19,7,4,3
2021-08-19,38,33,5
2021-08-19,75,66,9
2021-08-19,114,100,14
2021-08-19,102,92,10
2021-08-19,54,42,12
2021-08-19,35,23,12
2021-08-19,37,22,15
2021-08-19,51,28,23
2021-08-19,51,27,24
2021-08-19,55,24,31
2021-08-19,83,31,52
2021-08-19,109,20,89
2021-08-19,159,28,131
2021-08-19,110,27,83
2021-08-19,44,14,30
2021-08-19,39,15,24
2021-08-19,27,13,14
2021-08-19,10,4,6
2021-08-19,11,0,11
2021-08-20,4,0,4
2021-08-20,2,0,2
2021-08-20,10,6,4
2021-08-20,2,2,0
2021-08-20,9,7,2
2021-08-20,28,24,4
2021-08-20,54,46,8
2021-08-20,77,69,8
2021-08-20,92,80,12
2021-08-20,56,37,19
2021-08-20,45,12,33
2021-08-20,44,32,12
2021-08-20,60,24,36
2021-08-20,43,16,27
2021-08-20,89,47,42
2021-08-20,75,34,41
2021-08-20,87,18,69
2021-08-20,121,23,98
2021-08-20,64,17,47
2021-08-20,55,20,35
2021-08-20,33,18,15
2021-08-20,12,2,10
2021-08-20,9,4,5
2021-08-20,13,2,11
2021-08-21,4,1,3
2021-08-21,6,3,3
2021-08-21,5,2,3
2021-08-21,3,0,3
2021-08-21,5,4,1
2021-08-21,6,5,1
2021-08-21,15,10,5
2021-08-21,21,18,3
2021-08-21,51,23,28
2021-08-21,51,25,26
2021-08-21,57,35,22
2021-08-21,58,33,25
2021-08-21,63,24,39
2021-08-21,72,33,39
2021-08-21,63,25,38
2021-08-21,75,43,32
2021-08-21,91,49,42
2021-08-21,58,29,29
2021-08-21,55,25,30
2021-08-21,36,18,18
2021-08-21,29,13,16
2021-08-21,25,4,21
2021-08-21,15,2,13
2021-08-21,12,2,10
2021-08-22,5,2,3
2021-08-22,5,0,5
2021-08-22,5,2,3
2021-08-22,0,0,0
2021-08-22,7,5,2
2021-08-22,6,6,0
2021-08-22,9,6,3
2021-08-22,9,5,4
2021-08-22,35,25,10
2021-08-22,36,25,11
2021-08-22,65,31,34
2021-08-22,53,30,23
2021-08-22,62,29,33
2021-08-22,70,35,35
2021-08-22,72,28,44
2021-08-22,54,22,32
2021-08-22,58,32,26
2021-08-22,42,17,25
2021-08-22,36,15,21
2021-08-22,24,9,15
2021-08-22,18,5,13
2021-08-22,9,3,6
2021-08-22,3,1,2
2021-08-22,3,0,3
2021-08-23,2,1,1
2021-08-23,4,1,3
2021-08-23,0,0,0
2021-08-23,1,0,1
2021-08-23,14,12,2
2021-08-23,33,26,7
2021-08-23,74,65,9
2021-08-23,90,84,6
2021-08-23,99,93,6
2021-08-23,45,28,17
2021-08-23,29,19,10
2021-08-23,36,23,13
2021-08-23,49,29,20
2021-08-23,45,23,22
2021-08-23,62,17,45
2021-08-23,74,25,49
2021-08-23,141,41,100
2021-08-23,127,19,108
2021-08-23,117,25,92
2021-08-23,69,27,42
2021-08-23,42,18,24
2021-08-23,29,9,20
2021-08-23,9,3,6
2021-08-23,8,2,6
2021-08-24,3,1,2
2021-08-24,5,2,3
2021-08-24,2,2,0
2021-08-24,5,4,1
2021-08-24,8,8,0
2021-08-24,34,30,4
2021-08-24,81,76,5
2021-08-24,107,95,12
2021-08-24,119,106,13
2021-08-24,39,27,12
2021-08-24,41,26,15
2021-08-24,42,24,18
2021-08-24,41,23,18
2021-08-24,41,17,24
2021-08-24,74,36,38
2021-08-24,76,29,47
2021-08-24,134,25,109
2021-08-24,176,37,139
2021-08-24,104,26,78
2021-08-24,59,17,42
2021-08-24,29,15,14
2021-08-24,21,8,13
2021-08-24,11,2,9
2021-08-24,6,3,3
2021-08-25,6,2,4
2021-08-25,4,0,4
2021-08-25,3,3,0
2021-08-25,1,1,0
2021-08-25,12,11,1
2021-08-25,29,20,9
2021-08-25,70,66,4
2021-08-25,104,95,9
2021-08-25,98,87,11
2021-08-25,63,44,19
2021-08-25,48,33,15
2021-08-25,41,29,12
2021-08-25,50,30,20
2021-08-25,52,19,33
2021-08-25,74,27,47
2021-08-25,85,35,50
2021-08-25,131,36,95
2021-08-25,156,25,131
2021-08-25,83,18,65
2021-08-25,73,24,49
2021-08-25,35,12,23
2021-08-25,19,5,14
2021-08-25,11,0,11
2021-08-25,8,0,8
2021-08-26,1,0,1
2021-08-26,5,3,2
2021-08-26,10,7,3
2021-08-26,0,0,0
2021-08-26,8,4,4
2021-08-26,29,24,5
2021-08-26,60,55,5
2021-08-26,94,86,8
2021-08-26,103,91,12
2021-08-26,61,52,9
2021-08-26,30,16,14
2021-08-26,52,30,22
2021-08-26,42,25,17
2021-08-26,43,21,22
2021-08-26,49,20,29
2021-08-26,75,23,52
2021-08-26,85,19,66
2021-08-26,131,21,110
2021-08-26,92,21,71
2021-08-26,56,15,41
2021-08-26,32,9,23
2021-08-26,18,7,11
2021-08-26,14,1,13
2021-08-26,6,1,5
2021-08-27,16,4,12
2021-08-27,1,1,0
2021-08-27,3,3,0
2021-08-27,2,1,1
2021-08-27,3,2,1
2021-08-27,33,29,4
2021-08-27,55,50,5
2021-08-27,89,75,14
2021-08-27,73,68,5
2021-08-27,41,30,11
2021-08-27,27,17,10
2021-08-27,44,20,24
2021-08-27,47,18,29
2021-08-27,45,25,20
2021-08-27,61,25,36
2021-08-27,69,33,36
2021-08-27,101,25,76
2021-08-27,93,21,72
2021-08-27,70,24,46
2021-08-27,44,10,34
2021-08-27,18,6,12
2021-08-27,13,1,12
2021-08-27,10,1,9
2021-08-27,5,0,5
2021-08-28,12,5,7
2021-08-28,3,2,1
2021-08-28,2,2,0
2021-08-28,2,1,1
2021-08-28,4,3,1
2021-08-28,3,3,0
2021-08-28,12,9,3
2021-08-28,21,16,5
2021-08-28,62,34,28
2021-08-28,86,43,43
2021-08-28,87,46,41
2021-08-28,121,51,70
2021-08-28,105,53,52
2021-08-28,77,28,49
2021-08-28,93,50,43
2021-08-28,71,29,42
2021-08-28,71,41,30
2021-08-28,66,38,28
2021-08-28,68,29,39
2021-08-28,37,16,21
2021-08-28,27,12,15
2021-08-28,16,7,9
2021-08-28,19,5,14
2021-08-28,11,5,6
2021-08-29,7,0,7
2021-08-29,7,2,5
2021-08-29,0,0,0
2021-08-29,5,4,1
2021-08-29,4,3,1
2021-08-29,6,4,2
2021-08-29,11,6,5
2021-08-29,18,9,9
2021-08-29,29,13,16
2021-08-29,55,32,23
2021-08-29,67,45,22
2021-08-29,114,41,73
2021-08-29,136,49,87
2021-08-29,130,84,46
2021-08-29,107,70,37
2021-08-29,97,51,46
2021-08-29,85,29,56
2021-08-29,60,43,17
2021-08-29,53,29,24
2021-08-29,22,10,12
2021-08-29,24,4,20
2021-08-29,19,5,14
2021-08-29,29,3,26
2021-08-29,7,1,6
2021-08-30,5,0,5
2021-08-30,4,1,3
2021-08-30,5,0,5
2021-08-30,4,2,2
2021-08-30,8,7,1
2021-08-30,37,31,6
2021-08-30,78,70,8
2021-08-30,99,85,14
2021-08-30,85,75,10
2021-08-30,44,33,11
2021-08-30,27,18,9
2021-08-30,30,23,7
2021-08-30,25,14,11
2021-08-30,33,14,19
2021-08-30,46,18,28
2021-08-30,75,15,60
2021-08-30,99,25,74
2021-08-30,125,18,107
2021-08-30,77,17,60
2021-08-30,32,6,26
2021-08-30,21,5,16
2021-08-30,7,1,6
2021-08-30,4,0,4
2021-08-30,16,4,12
2021-08-31,3,1,2
2021-08-31,2,0,2
2021-08-31,3,3,0
2021-08-31,2,1,1
2021-08-31,5,5,0
2021-08-31,26,23,3
2021-08-31,71,63,8
2021-08-31,124,112,12
2021-08-31,89,83,6
2021-08-31,48,32,16
2021-08-31,32,22,10
2021-08-31,28,14,14
2021-08-31,40,23,17
2021-08-31,36,16,20
2021-08-31,48,15,33
2021-08-31,27,8,19
2021-08-31,0,0,0
2021-08-31,0,0,0
2021-08-31,0,0,0
2021-08-31,0,0,0
2021-08-31,0,0,0
2021-08-31,0,0,0
2021-08-31,0,0,0
2021-08-31,0,0,0
2021-09-01,0,0,0
2021-09-01,0,0,0
2021-09-01,0,0,0
2021-09-01,0,0,0
2021-09-01,0,0,0
2021-09-01,0,0,0
2021-09-01,0,0,0
2021-09-01,0,0,0
2021-09-01,0,0,0
2021-09-01,0,0,0
2021-09-01,0,0,0
2021-09-01,0,0,0
2021-09-01,0,0,0
2021-09-01,0,0,0
2021-09-01,0,0,0
2021-09-01,0,0,0
2021-09-01,0,0,0
2021-09-01,0,0,0
2021-09-01,0,0,0
2021-09-01,0,0,0
2021-09-01,0,0,0
2021-09-01,0,0,0
2021-09-01,0,0,0
2021-09-01,0,0,0
2021-09-02,0,0,0
2021-09-02,0,0,0
2021-09-02,0,0,0
2021-09-02,0,0,0
2021-09-02,0,0,0
2021-09-02,0,0,0
2021-09-02,0,0,0
2021-09-02,0,0,0
2021-09-02,0,0,0
2021-09-02,0,0,0
2021-09-02,0,0,0
2021-09-02,0,0,0
2021-09-02,0,0,0
2021-09-02,0,0,0
2021-09-02,0,0,0
2021-09-02,0,0,0
2021-09-02,0,0,0
2021-09-02,0,0,0
2021-09-02,0,0,0
2021-09-02,0,0,0
2021-09-02,1,1,0
2021-09-02,0,0,0
2021-09-02,0,0,0
2021-09-02,0,0,0
2021-09-03,0,0,0
2021-09-03,0,0,0
2021-09-03,0,0,0
2021-09-03,0,0,0
2021-09-03,0,0,0
2021-09-03,0,0,0
2021-09-03,0,0,0
2021-09-03,0,0,0
2021-09-03,0,0,0
2021-09-03,0,0,0
2021-09-03,0,0,0
2021-09-03,0,0,0
2021-09-03,0,0,0
2017-05-25,29,20,9
2017-05-25,24,11,13
2017-05-25,22,11,11
2017-05-25,30,13,17
2017-05-25,40,15,25
2017-05-25,84,17,67
2017-05-25,134,33,101
2017-05-25,249,50,199
2017-05-25,141,15,126
2017-05-25,93,29,64
2017-05-25,34,15,19
2017-05-25,21,6,15
2017-05-25,8,3,5
2017-05-25,6,2,4
2017-05-26,2,0,2
2017-05-26,6,2,4
2017-05-26,2,1,1
2017-05-26,1,0,1
2017-05-26,2,1,1
2017-05-26,27,24,3
2017-05-26,76,61,15
2017-05-26,168,153,15
2017-05-26,144,123,21
2017-05-26,63,52,11
2017-05-26,38,24,14
2017-05-26,31,16,15
2017-05-26,54,26,28
2017-05-26,57,23,34
2017-05-26,74,19,55
2017-05-26,106,27,79
2017-05-26,139,28,111
2017-05-26,147,29,118
2021-09-03,0,0,0
2021-09-03,0,0,0
2021-09-03,0,0,0
2021-09-03,0,0,0
2021-09-03,0,0,0
2021-09-03,0,0,0
2021-09-03,0,0,0
2021-09-03,0,0,0
2021-09-03,0,0,0
2021-09-03,0,0,0
2021-09-03,0,0,0
2021-09-04,0,0,0
2021-09-04,0,0,0
2021-09-04,0,0,0
2021-09-04,0,0,0
2021-09-04,0,0,0
2021-09-04,0,0,0
2021-09-04,0,0,0
2021-09-04,0,0,0
2021-09-04,0,0,0
2021-09-04,0,0,0
2021-09-04,0,0,0
2021-09-04,0,0,0
2021-09-04,0,0,0
2021-09-04,0,0,0
2021-09-04,0,0,0
2021-09-04,0,0,0
2021-09-04,0,0,0
2021-09-04,0,0,0
2021-09-04,0,0,0
2021-09-04,0,0,0
2021-09-04,0,0,0
2021-09-04,0,0,0
2021-09-04,0,0,0
2021-09-04,0,0,0
2021-09-05,0,0,0
2021-09-05,0,0,0
2021-09-05,0,0,0
2021-09-05,0,0,0
2021-09-05,0,0,0
2021-09-05,0,0,0
2021-09-05,0,0,0
2021-09-05,0,0,0
2021-09-05,0,0,0
2021-09-05,0,0,0
2021-09-05,0,0,0
2021-09-05,0,0,0
2021-09-05,0,0,0
2021-09-05,0,0,0
2021-09-05,0,0,0
2021-09-05,0,0,0
2021-09-05,0,0,0
2021-09-05,0,0,0
2021-09-05,0,0,0
2021-09-05,0,0,0
2021-09-05,0,0,0
2021-09-05,0,0,0
2021-09-05,0,0,0
2021-09-05,0,0,0
2021-09-06,0,0,0
2021-09-06,0,0,0
2021-09-06,0,0,0
2021-09-06,0,0,0
2021-09-06,0,0,0
2021-09-06,0,0,0
2021-09-06,0,0,0
2021-09-06,0,0,0
2021-09-06,0,0,0
2021-09-06,0,0,0
2021-09-06,0,0,0
2021-09-06,0,0,0
2021-09-06,0,0,0
2021-09-06,0,0,0
2021-09-06,0,0,0
2021-09-06,0,0,0
2021-09-06,0,0,0
2021-09-06,0,0,0
2021-09-06,0,0,0
2021-09-06,0,0,0
2021-09-06,0,0,0
2021-09-06,0,0,0
2021-09-06,0,0,0
2021-09-06,0,0,0
2021-09-07,0,0,0
2021-09-07,0,0,0
2021-09-07,0,0,0
2021-09-07,0,0,0
2021-09-07,0,0,0
2021-09-07,0,0,0
2021-09-07,0,0,0
2021-09-07,0,0,0
2021-09-07,0,0,0
2021-09-07,0,0,0
2021-09-07,0,0,0
2021-09-07,9,7,2
2021-09-07,43,20,23
2021-09-07,44,20,24
2021-09-07,56,22,34
2021-09-07,90,23,67
2021-09-07,123,37,86
2021-09-07,171,18,153
2021-09-07,93,15,78
2021-09-07,47,18,29
2021-09-07,21,4,17
2021-09-07,11,4,7
2021-09-07,10,3,7
2021-09-07,9,2,7
2021-09-08,4,2,2
2021-09-08,3,2,1
2021-09-08,2,1,1
2021-09-08,2,1,1
2021-09-08,14,12,2
2021-09-08,24,17,7
2021-09-08,96,86,10
2021-09-08,115,98,17
2021-09-08,139,118,21
2021-09-08,66,50,16
2021-09-08,38,23,15
2021-09-08,52,29,23
2021-09-08,40,16,24
2021-09-08,46,22,24
2021-09-08,68,29,39
2021-09-08,95,41,54
2021-09-08,119,23,96
2021-09-08,177,32,145
2021-09-08,101,23,78
2021-09-08,52,18,34
2021-09-08,23,10,13
2021-09-08,16,2,14
2021-09-08,20,8,12
2021-09-08,3,0,3
2021-09-09,6,2,4
2021-09-09,2,1,1
2021-09-09,4,3,1
2021-09-09,2,1,1
2021-09-09,8,6,2
2021-09-09,40,32,8
2021-09-09,67,61,6
2021-09-09,119,106,13
2021-09-09,119,106,13
2021-09-09,81,60,21
2021-09-09,45,33,12
2021-09-09,32,18,14
2021-09-09,44,19,25
2021-09-09,36,21,15
2021-09-09,53,24,29
2021-09-09,80,27,53
2021-09-09,133,32,101
2021-09-09,152,21,131
2021-09-09,85,20,65
2021-09-09,51,18,33
2021-09-09,28,11,17
2021-09-09,20,5,15
2021-09-09,6,1,5
2021-09-09,5,1,4
2021-09-10,3,0,3
2021-09-10,2,0,2
2021-09-10,4,4,0
2021-09-10,4,2,2
2021-09-10,5,5,0
2021-09-10,26,20,6
2021-09-10,50,43,7
2021-09-10,86,80,6
2021-09-10,104,90,14
2021-09-10,48,37,11
2021-09-10,31,18,13
2021-09-10,32,22,10
2021-09-10,39,17,22
2021-09-10,39,17,22
2021-09-10,58,23,35
2021-09-10,68,20,48
2021-09-10,103,25,78
2021-09-10,105,24,81
2021-09-10,50,19,31
2021-09-10,26,7,19
2021-09-10,20,6,14
2021-09-10,14,6,8
2021-09-10,13,5,8
2021-09-10,2,0,2
2021-09-11,4,0,4
2021-09-11,2,0,2
2021-09-11,1,1,0
2021-09-11,0,0,0
2021-09-11,2,2,0
2021-09-11,7,3,4
2021-09-11,9,7,2
2021-09-11,19,11,8
2021-09-11,38,26,12
2021-09-11,52,17,35
2021-09-11,58,32,26
2021-09-11,78,37,41
2021-09-11,108,67,41
2021-09-11,86,52,34
2021-09-11,106,45,61
2021-09-11,75,37,38
2021-09-11,90,36,54
2021-09-11,49,11,38
2021-09-11,46,25,21
2021-09-11,34,13,21
2021-09-11,14,7,7
2021-09-11,16,5,11
2021-09-11,10,4,6
2021-09-11,11,2,9
2021-09-12,6,1,5
2021-09-12,3,2,1
2021-09-12,2,1,1
2021-09-12,0,0,0
2021-09-12,3,3,0
2021-09-12,6,4,2
2021-09-12,7,6,1
2021-09-12,7,6,1
2021-09-12,21,14,7
2021-09-12,16,7,9
2021-09-12,18,10,8
2021-09-12,26,7,19
2021-09-12,73,53,20
2021-09-12,45,27,18
2021-09-12,29,17,12
2021-09-12,55,28,27
2021-09-12,39,15,24
2021-09-12,41,23,18
2021-09-12,30,19,11
2021-09-12,18,5,13
2021-09-12,8,3,5
2021-09-12,5,1,4
2021-09-12,4,3,1
2021-09-12,2,1,1
2021-09-13,2,0,2
2021-09-13,3,2,1
2021-09-13,3,2,1
2021-09-13,6,3,3
2021-09-13,5,3,2
2021-09-13,31,23,8
2021-09-13,68,60,8
2021-09-13,118,103,15
2021-09-13,117,111,6
2021-09-13,59,48,11
2021-09-13,33,18,15
2021-09-13,44,23,21
2021-09-13,43,20,23
2021-09-13,39,16,23
2021-09-13,59,27,32
2021-09-13,70,20,50
2021-09-13,137,36,101
2021-09-13,150,23,127
2021-09-13,91,20,71
2021-09-13,32,6,26
2021-09-13,31,9,22
2021-09-13,19,6,13
2021-09-13,16,1,15
2021-09-13,11,0,11
2021-09-14,4,2,2
2021-09-14,2,2,0
2021-09-14,2,1,1
2021-09-14,7,4,3
2021-09-14,5,3,2
2021-09-14,41,31,10
2021-09-14,80,72,8
2021-09-14,137,127,10
2021-09-14,111,101,10
2021-09-14,55,39,16
2021-09-14,34,25,9
2021-09-14,33,22,11
2021-09-14,33,16,17
2021-09-14,47,24,23
2021-09-14,48,13,35
2021-09-14,68,15,53
2021-09-14,130,29,101
2021-09-14,151,30,121
2021-09-14,101,29,72
2021-09-14,42,17,25
2021-09-14,18,7,11
2021-09-14,23,5,18
2021-09-14,22,3,19
2021-09-14,11,1,10
2021-09-15,8,3,5
2021-09-15,5,2,3
2021-09-15,3,2,1
2021-09-15,1,1,0
2021-09-15,3,3,0
2021-09-15,24,16,8
2021-09-15,60,56,4
2021-09-15,113,102,11
2021-09-15,84,73,11
2021-09-15,50,40,10
2021-09-15,28,17,11
2021-09-15,21,17,4
2021-09-15,30,16,14
2021-09-15,34,16,18
2021-09-15,46,19,27
2021-09-15,78,27,51
2021-09-15,97,27,70
2021-09-15,164,34,130
2021-09-15,98,25,73
2021-09-15,55,13,42
2021-09-15,24,9,15
2021-09-15,20,8,12
2021-09-15,4,0,4
2021-09-15,12,6,6
2021-09-16,4,2,2
2021-09-16,2,0,2
2021-09-16,1,1,0
2021-09-16,4,3,1
2021-09-16,9,6,3
2021-09-16,35,28,7
2021-09-16,72,61,11
2021-09-16,104,94,10
2021-09-16,119,109,10
2021-09-16,58,40,18
2021-09-16,45,35,10
2021-09-16,32,19,13
2021-09-16,39,19,20
2021-09-16,47,22,25
2021-09-16,60,23,37
2021-09-16,69,19,50
2021-09-16,134,31,103
2021-09-16,160,35,125
2021-09-16,93,37,56
2021-09-16,48,15,33
2021-09-16,34,5,29
2021-09-16,17,7,10
2021-09-16,11,2,9
2021-09-16,10,3,7
2021-09-17,4,1,3
2021-09-17,4,3,1
2021-09-17,4,2,2
2021-09-17,6,4,2
2021-09-17,7,5,2
2021-09-17,19,17,2
2021-09-17,37,31,6
2021-09-17,48,41,7
2021-09-17,49,42,7
2021-09-17,27,19,8
2021-09-17,16,10,6
2021-09-17,12,8,4
2021-09-17,11,3,8
2021-09-17,21,10,11
2021-09-17,28,10,18
2021-09-17,30,7,23
2021-09-17,47,10,37
2021-09-17,41,10,31
2021-09-17,27,5,22
2021-09-17,23,5,18
2021-09-17,8,2,6
2021-09-17,6,0,6
2021-09-17,8,4,4
2021-09-17,3,2,1
2021-09-18,2,2,0
2021-09-18,2,1,1
2021-09-18,5,1,4
2021-09-18,1,1,0
2021-09-18,3,2,1
2021-09-18,2,2,0
2021-09-18,3,2,1
2021-09-18,7,4,3
2021-09-18,10,8,2
2021-09-18,19,12,7
2021-09-18,27,15,12
2021-09-18,39,22,17
2021-09-18,45,28,17
2021-09-18,41,20,21
2021-09-18,21,8,13
2021-09-18,12,4,8
2021-09-18,16,8,8
2021-09-18,5,3,2
2021-09-18,16,7,9
2021-09-18,6,4,2
2021-09-18,5,3,2
2021-09-18,2,0,2
2021-09-18,1,0,1
2021-09-18,1,1,0
2021-09-19,0,0,0
2021-09-19,0,0,0
2021-09-19,3,1,2
2021-09-19,3,1,2
2021-09-19,2,2,0
2021-09-19,1,1,0
2021-09-19,3,2,1
2021-09-19,6,3,3
2021-09-19,20,16,4
2021-09-19,17,6,11
2021-09-19,35,20,15
2021-09-19,80,30,50
2021-09-19,47,31,16
2021-09-19,54,24,30
2021-09-19,39,18,21
2021-09-19,24,14,10
2021-09-19,40,18,22
2021-09-19,67,17,50
2021-09-19,22,5,17
2021-09-19,9,8,1
2021-09-19,6,0,6
2021-09-19,4,2,2
2021-09-19,5,1,4
2021-09-19,6,1,5
2021-09-20,5,1,4
2021-09-20,4,3,1
2021-09-20,0,0,0
2021-09-20,2,2,0
2021-09-20,8,7,1
2021-09-20,18,13,5
2021-09-20,76,68,8
2021-09-20,126,118,8
2021-09-20,96,86,10
2021-09-20,53,42,11
2021-09-20,27,20,7
2021-09-20,34,19,15
2021-09-20,28,17,11
2021-09-20,39,17,22
2021-09-20,59,23,36
2021-09-20,73,24,49
2021-09-20,119,24,95
2021-09-20,150,23,127
2021-09-20,78,15,63
2021-09-20,38,14,24
2021-09-20,24,5,19
2021-09-20,16,5,11
2021-09-20,10,7,3
2021-09-20,7,0,7
2021-09-21,4,0,4
2021-09-21,2,1,1
2021-09-21,6,3,3
2021-09-21,7,2,5
2021-09-21,7,6,1
2021-09-21,37,31,6
2021-09-21,71,58,13
2021-09-21,137,126,11
2021-09-21,123,110,13
2021-09-21,61,48,13
2021-09-21,47,31,16
2021-09-21,34,16,18
2021-09-21,47,25,22
2021-09-21,49,25,24
2021-09-21,81,27,54
2021-09-21,107,38,69
2021-09-21,170,37,133
2021-09-21,165,32,133
2021-09-21,122,31,91
2021-09-21,59,18,41
2021-09-21,34,17,17
2021-09-21,17,4,13
2021-09-21,8,3,5
2021-09-21,6,1,5
2021-09-22,3,0,3
2021-09-22,7,4,3
2021-09-22,4,2,2
2021-09-22,5,2,3
2021-09-22,8,8,0
2021-09-22,34,26,8
2021-09-22,59,50,9
2021-09-22,116,106,10
2021-09-22,102,91,11
2021-09-22,62,52,10
2021-09-22,26,15,11
2021-09-22,27,13,14
2021-09-22,23,11,12
2021-09-22,36,18,18
2021-09-22,55,21,34
2021-09-22,57,17,40
2021-09-22,116,25,91
2021-09-22,116,13,103
2021-09-22,84,19,65
2021-09-22,35,13,22
2021-09-22,27,6,21
2021-09-22,14,3,11
2021-09-22,6,2,4
2021-09-22,10,2,8
2021-09-23,3,0,3
2021-09-23,2,2,0
2021-09-23,2,2,0
2021-09-23,4,2,2
2021-09-23,7,6,1
2021-09-23,28,21,7
2021-09-23,65,54,11
2021-09-23,112,100,12
2021-09-23,113,105,8
2021-09-23,57,47,10
2021-09-23,44,35,9
2021-09-23,37,24,13
2021-09-23,48,28,20
2021-09-23,43,15,28
2021-09-23,54,23,31
2021-09-23,80,27,53
2021-09-23,125,30,95
2021-09-23,172,33,139
2021-09-23,91,23,68
2021-09-23,38,15,23
2021-09-23,24,4,20
2021-09-23,8,1,7
2021-09-23,5,1,4
2021-09-23,10,2,8
2021-09-24,5,2,3
2021-09-24,0,0,0
2021-09-24,3,0,3
2021-09-24,2,1,1
2021-09-24,10,7,3
2021-09-24,35,26,9
2021-09-24,52,48,4
2021-09-24,86,76,10
2021-09-24,96,88,8
2021-09-24,57,35,22
2021-09-24,29,24,5
2021-09-24,57,40,17
2021-09-24,44,20,24
2021-09-24,64,26,38
2021-09-24,53,25,28
2021-09-24,81,27,54
2021-09-24,111,27,84
2021-09-24,144,29,115
2021-09-24,94,34,60
2021-09-24,32,9,23
2021-09-24,26,8,18
2021-09-24,11,5,6
2021-09-24,15,6,9
2021-09-24,15,2,13
2021-09-25,6,4,2
2021-09-25,8,3,5
2021-09-25,8,2,6
2021-09-25,3,3,0
2021-09-25,8,5,3
2021-09-25,7,4,3
2021-09-25,11,7,4
2021-09-25,27,9,18
2021-09-25,49,31,18
2021-09-25,51,35,16
2021-09-25,73,33,40
2021-09-25,93,43,50
2021-09-25,116,45,71
2021-09-25,119,57,62
2021-09-25,101,64,37
2021-09-25,110,49,61
2021-09-25,91,52,39
2021-09-25,80,34,46
2021-09-25,53,27,26
2021-09-25,37,14,23
2021-09-25,11,3,8
2021-09-25,7,6,1
2021-09-25,6,4,2
2021-09-25,7,2,5
2021-09-26,5,2,3
2021-09-26,2,0,2
2021-09-26,8,1,7
2021-09-26,3,1,2
2021-09-26,4,2,2
2021-09-26,4,2,2
2021-09-26,6,4,2
2021-09-26,10,5,5
2021-09-26,23,11,12
2021-09-26,31,23,8
2021-09-26,29,16,13
2021-09-26,44,22,22
2021-09-26,34,18,16
2021-09-26,38,18,20
2021-09-26,19,7,12
2021-09-26,11,2,9
2021-09-26,5,2,3
2021-09-26,12,5,7
2021-09-26,14,3,11
2021-09-26,5,3,2
2021-09-26,7,1,6
2021-09-26,0,0,0
2021-09-26,1,1,0
2021-09-26,1,1,0
2021-09-27,,,
2021-09-27,,,
2021-09-27,,,
2021-09-27,,,
2021-09-27,,,
2021-09-27,,,
2021-09-27,,,
2021-09-27,,,
2021-09-27,,,
2021-09-27,,,
2021-09-27,,,
2021-09-27,,,
2021-09-27,,,
2021-09-27,,,
2021-09-27,,,
2021-09-27,,,
2021-09-27,,,
2021-09-27,,,
2021-09-27,,,
2021-09-27,,,
2021-09-27,,,
2021-09-27,,,
2021-09-27,,,
2021-09-27,,,
2021-09-28,4,2,2
2021-09-28,6,3,3
2021-09-28,18,9,9
2021-09-28,56,28,28
2021-09-28,102,51,51
2021-09-28,178,89,89
2021-09-28,150,75,75
2021-09-28,76,38,38
2021-09-28,58,29,29
2021-09-28,32,16,16
2021-09-28,22,11,11
2021-09-28,40,20,20
2021-09-28,34,17,17
2021-09-28,62,31,31
2021-09-28,62,31,31
2021-09-28,46,23,23
2021-09-28,52,26,26
2021-09-28,22,11,11
2021-09-28,24,12,12
2021-09-28,18,9,9
2021-09-28,4,2,2
2021-09-28,6,3,3
2021-09-28,0,0,0
2021-09-28,0,0,0
2021-09-29,4,1,3
2021-09-29,1,0,1
2021-09-29,6,0,6
2021-09-29,22,0,22
2021-09-29,49,0,49
2021-09-29,90,0,90
2021-09-29,90,0,90
2021-09-29,55,0,55
2021-09-29,30,0,30
2021-09-29,16,0,16
2021-09-29,15,0,15
2021-09-29,27,0,27
2021-09-29,29,0,29
2021-09-29,23,0,23
2021-09-29,43,0,43
2021-09-29,28,0,28
2021-09-29,32,0,32
2021-09-29,25,0,25
2021-09-29,10,0,10
2021-09-29,7,0,7
2021-09-29,8,0,8
2021-09-29,2,0,2
2021-09-29,0,0,0
2021-09-29,1,0,1
2021-09-30,1,0,1
2021-09-30,0,0,0
2021-09-30,4,0,4
2021-09-30,22,0,22
2021-09-30,40,0,40
2021-09-30,77,0,77
2021-09-30,59,0,59
2021-09-30,39,0,39
2021-09-30,33,0,33
2021-09-30,26,0,26
2021-09-30,21,0,21
2021-09-30,29,0,29
2021-09-30,20,0,20
2021-09-30,29,0,29
2021-09-30,31,0,31
2021-09-30,29,0,29
2021-09-30,27,0,27
2021-09-30,14,0,14
2021-09-30,5,0,5
2021-09-30,5,0,5
2021-09-30,10,5,5
2021-09-30,10,5,5
2021-09-30,24,12,12
2021-09-30,8,4,4
2021-10-01,4,0,4
2021-10-01,3,2,1
2021-10-01,4,3,1
2021-10-01,3,1,2
2021-10-01,8,8,0
2021-10-01,24,19,5
2021-10-01,49,38,11
2021-10-01,89,75,14
2021-10-01,66,61,5
2021-10-01,59,46,13
2021-10-01,21,16,5
2021-10-01,34,19,15
2021-10-01,33,11,22
2021-10-01,47,23,24
2021-10-01,66,24,42
2021-10-01,84,28,56
2021-10-01,102,28,74
2021-10-01,136,58,78
2021-10-01,56,17,39
2021-10-01,45,16,29
2021-10-01,20,5,15
2021-10-01,14,6,8
2021-10-01,20,0,20
2021-10-01,18,0,18
2021-10-02,10,2,8
2021-10-02,0,0,0
2021-10-02,11,2,9
2021-10-02,2,0,2
2021-10-02,2,2,0
2021-10-02,7,6,1
2021-10-02,12,8,4
2021-10-02,22,15,7
2021-10-02,31,25,6
2021-10-02,50,21,29
2021-10-02,49,23,26
2021-10-02,63,32,31
2021-10-02,84,43,41
2021-10-02,68,30,38
2021-10-02,76,49,27
2021-10-02,71,36,35
2021-10-02,80,41,39
2021-10-02,64,20,44
2021-10-02,43,20,23
2021-10-02,17,6,11
2021-10-02,15,8,7
2021-10-02,8,1,7
2021-10-02,31,1,30
2021-10-02,10,3,7
2021-10-03,7,3,4
2021-10-03,2,1,1
2021-10-03,7,0,7
2021-10-03,4,3,1
2021-10-03,2,2,0
2021-10-03,6,4,2
2021-10-03,10,8,2
2021-10-03,10,8,2
2021-10-03,25,14,11
2021-10-03,28,19,9
2021-10-03,43,26,17
2021-10-03,52,30,22
2021-10-03,35,20,15
2021-10-03,44,20,24
2021-10-03,28,10,18
2021-10-03,29,14,15
2021-10-03,60,18,42
2017-05-26,76,13,63
2017-05-26,39,10,29
2017-05-26,37,13,24
2017-05-26,22,9,13
2017-05-26,14,6,8
2017-05-26,5,2,3
2017-05-27,2,2,0
2017-05-27,1,1,0
2017-05-27,3,0,3
2017-05-27,0,0,0
2017-05-27,1,1,0
2017-05-27,6,6,0
2017-05-27,9,5,4
2017-05-27,23,15,8
2017-05-27,50,26,24
2017-05-27,77,39,38
2017-05-27,85,59,26
2017-05-27,83,42,41
2017-05-27,66,28,38
2017-05-27,63,34,29
2017-05-27,74,25,49
2017-05-27,63,34,29
2017-05-27,70,30,40
2017-05-27,53,20,33
2017-05-27,31,10,21
2017-05-27,40,17,23
2017-05-27,18,7,11
2017-05-27,21,9,12
2017-05-27,11,7,4
2017-05-27,7,4,3
2017-05-28,8,4,4
2017-05-28,5,3,2
2017-05-28,2,1,1
2017-05-28,3,2,1
2017-05-28,4,3,1
2017-05-28,42,39,3
2017-05-28,101,97,4
2017-05-28,34,29,5
2017-05-28,62,22,40
2017-05-28,117,21,96
2017-05-28,124,36,88
2017-05-28,100,36,64
2017-05-28,92,49,43
2017-05-28,58,24,34
2017-05-28,84,46,38
2017-05-28,73,43,30
2017-05-28,52,25,27
2017-05-28,49,29,20
2017-05-28,41,24,17
2017-05-28,36,16,20
2017-05-28,8,7,1
2017-05-28,8,3,5
2017-05-28,8,4,4
2017-05-28,3,3,0
2017-05-29,11,5,6
2017-05-29,1,1,0
2021-10-03,44,22,22
2021-10-03,37,18,19
2021-10-03,10,3,7
2021-10-03,5,1,4
2021-10-03,17,2,15
2021-10-03,6,0,6
2021-10-03,3,2,1
2021-10-04,1,1,0
2021-10-04,1,1,0
2021-10-04,1,1,0
2021-10-04,3,1,2
2021-10-04,9,8,1
2021-10-04,33,27,6
2021-10-04,65,54,11
2021-10-04,96,87,9
2021-10-04,91,82,9
2021-10-04,44,32,12
2021-10-04,32,25,7
2021-10-04,34,23,11
2021-10-04,37,14,23
2021-10-04,45,19,26
2021-10-04,49,15,34
2021-10-04,86,30,56
2021-10-04,107,30,77
2021-10-04,149,23,126
2021-10-04,76,20,56
2021-10-04,30,9,21
2021-10-04,10,2,8
2021-10-04,14,7,7
2021-10-04,7,1,6
2021-10-04,7,3,4
2021-10-05,1,0,1
2021-10-05,2,1,1
2021-10-05,0,0,0
2021-10-05,5,3,2
2021-10-05,9,4,5
2021-10-05,28,22,6
2021-10-05,45,36,9
2021-10-05,58,53,5
2021-10-05,52,46,6
2021-10-05,21,19,2
2021-10-05,13,9,4
2021-10-05,14,11,3
2021-10-05,15,9,6
2021-10-05,17,8,9
2021-10-05,32,15,17
2021-10-05,30,9,21
2021-10-05,61,12,49
2021-10-05,86,17,69
2021-10-05,55,17,38
2021-10-05,21,5,16
2021-10-05,12,2,10
2021-10-05,7,3,4
2021-10-05,8,1,7
2021-10-05,4,1,3
2021-10-06,6,2,4
2021-10-06,4,0,4
2021-10-06,1,1,0
2021-10-06,0,0,0
2021-10-06,4,4,0
2021-10-06,26,20,6
2021-10-06,60,49,11
2021-10-06,90,80,10
2021-10-06,79,68,11
2021-10-06,38,32,6
2021-10-06,19,12,7
2021-10-06,28,17,11
2021-10-06,16,8,8
2021-10-06,30,14,16
2021-10-06,46,20,26
2021-10-06,54,17,37
2021-10-06,105,34,71
2021-10-06,126,26,100
2021-10-06,63,14,49
2021-10-06,25,4,21
2021-10-06,14,1,13
2021-10-06,5,0,5
2021-10-06,7,2,5
2021-10-06,5,1,4
2021-10-07,5,0,5
2021-10-07,1,0,1
2021-10-07,4,3,1
2021-10-07,2,2,0
2021-10-07,6,6,0
2021-10-07,37,28,9
2021-10-07,59,52,7
2021-10-07,106,100,6
2021-10-07,91,86,5
2021-10-07,67,58,9
2021-10-07,40,26,14
2021-10-07,21,11,10
2021-10-07,40,26,14
2021-10-07,37,20,17
2021-10-07,59,26,33
2021-10-07,82,38,44
2021-10-07,131,39,92
2021-10-07,135,22,113
2021-10-07,98,18,80
2021-10-07,29,8,21
2021-10-07,42,4,38
2021-10-07,58,7,51
2021-10-07,11,2,9
2021-10-07,6,3,3
2021-10-08,7,4,3
2021-10-08,0,0,0
2021-10-08,4,1,3
2021-10-08,0,0,0
2021-10-08,9,6,3
2021-10-08,29,23,6
2021-10-08,42,40,2
2021-10-08,70,63,7
2021-10-08,69,63,6
2021-10-08,44,33,11
2021-10-08,16,11,5
2021-10-08,28,17,11
2021-10-08,29,9,20
2021-10-08,35,18,17
2021-10-08,52,19,33
2021-10-08,62,21,41
2021-10-08,104,33,71
2021-10-08,97,19,78
2021-10-08,74,28,46
2021-10-08,29,13,16
2021-10-08,9,1,8
2021-10-08,17,5,12
2021-10-08,13,4,9
2021-10-08,4,1,3
2021-10-09,2,1,1
2021-10-09,3,2,1
2021-10-09,4,0,4
2021-10-09,2,2,0
2021-10-09,3,3,0
2021-10-09,5,4,1
2021-10-09,10,7,3
2021-10-09,18,10,8
2021-10-09,41,31,10
2021-10-09,46,38,8
2021-10-09,37,17,20
2021-10-09,54,21,33
2021-10-09,51,19,32
2021-10-09,53,32,21
2021-10-09,49,21,28
2021-10-09,36,23,13
2021-10-09,41,18,23
2021-10-09,31,13,18
2021-10-09,20,6,14
2021-10-09,11,1,10
2021-10-09,14,2,12
2021-10-09,5,3,2
2021-10-09,3,1,2
2021-10-09,2,0,2
2021-10-10,3,1,2
2021-10-10,2,2,0
2021-10-10,0,0,0
2021-10-10,2,1,1
2021-10-10,1,1,0
2021-10-10,5,5,0
2021-10-10,5,4,1
2021-10-10,6,4,2
2021-10-10,11,11,0
2021-10-10,7,5,2
2021-10-10,18,9,9
2021-10-10,34,21,13
2021-10-10,26,14,12
2021-10-10,77,51,26
2021-10-10,43,22,21
2021-10-10,32,12,20
2021-10-10,23,6,17
2021-10-10,24,13,11
2021-10-10,13,8,5
2021-10-10,6,3,3
2021-10-10,2,0,2
2021-10-10,2,0,2
2021-10-10,5,2,3
2021-10-10,2,2,0
2021-10-11,3,1,2
2021-10-11,1,1,0
2021-10-11,1,0,1
2021-10-11,1,0,1
2021-10-11,7,7,0
2021-10-11,28,22,6
2021-10-11,56,48,8
2021-10-11,100,91,9
2021-10-11,77,69,8
2021-10-11,42,35,7
2021-10-11,19,18,1
2021-10-11,26,13,13
2021-10-11,26,10,16
2021-10-11,35,19,16
2021-10-11,44,19,25
2021-10-11,66,21,45
2021-10-11,94,18,76
2021-10-11,129,24,105
2021-10-11,71,11,60
2021-10-11,29,9,20
2021-10-11,16,7,9
2021-10-11,11,6,5
2021-10-11,7,3,4
2021-10-11,3,0,3
2021-10-12,1,0,1
2021-10-12,2,0,2
2021-10-12,2,2,0
2021-10-12,2,1,1
2021-10-12,8,6,2
2021-10-12,32,24,8
2021-10-12,52,48,4
2021-10-12,109,101,8
2021-10-12,97,86,11
2021-10-12,51,38,13
2021-10-12,26,22,4
2021-10-12,25,14,11
2021-10-12,22,13,9
2021-10-12,23,9,14
2021-10-12,38,14,24
2021-10-12,52,13,39
2021-10-12,98,23,75
2021-10-12,134,14,120
2021-10-12,58,9,49
2021-10-12,19,8,11
2021-10-12,9,2,7
2021-10-12,5,0,5
2021-10-12,3,0,3
2021-10-12,0,0,0
2021-10-13,4,1,3
2021-10-13,1,0,1
2021-10-13,2,2,0
2021-10-13,2,1,1
2021-10-13,6,6,0
2021-10-13,34,28,6
2021-10-13,58,52,6
2021-10-13,90,82,8
2021-10-13,85,74,11
2021-10-13,48,40,8
2021-10-13,21,15,6
2021-10-13,26,10,16
2021-10-13,24,12,12
2021-10-13,26,11,15
2021-10-13,45,17,28
2021-10-13,55,11,44
2021-10-13,93,27,66
2021-10-13,116,25,91
2021-10-13,70,15,55
2021-10-13,26,4,22
2021-10-13,12,0,12
2021-10-13,12,3,9
2021-10-13,6,3,3
2021-10-13,2,1,1
2021-10-14,6,1,5
2021-10-14,4,1,3
2021-10-14,1,1,0
2021-10-14,2,0,2
2021-10-14,5,5,0
2021-10-14,20,18,2
2021-10-14,67,57,10
2021-10-14,98,90,8
2021-10-14,76,69,7
2021-10-14,42,33,9
2021-10-14,31,26,5
2021-10-14,18,11,7
2021-10-14,20,12,8
2021-10-14,22,8,14
2021-10-14,36,14,22
2021-10-14,53,14,39
2021-10-14,89,18,71
2021-10-14,105,17,88
2021-10-14,53,10,43
2021-10-14,38,5,33
2021-10-14,16,3,13
2021-10-14,3,0,3
2021-10-14,4,0,4
2021-10-14,7,1,6
2021-10-15,3,0,3
2021-10-15,4,1,3
2021-10-15,2,1,1
2021-10-15,0,0,0
2021-10-15,8,7,1
2021-10-15,18,16,2
2021-10-15,43,40,3
2021-10-15,83,74,9
2021-10-15,69,62,7
2021-10-15,30,23,7
2021-10-15,22,16,6
2021-10-15,29,16,13
2021-10-15,13,8,5
2021-10-15,33,16,17
2021-10-15,39,12,27
2021-10-15,52,20,32
2021-10-15,86,19,67
2021-10-15,103,27,76
2021-10-15,53,13,40
2021-10-15,22,2,20
2021-10-15,6,2,4
2021-10-15,12,3,9
2021-10-15,11,2,9
2021-10-15,7,1,6
2021-10-16,10,7,3
2021-10-16,4,3,1
2021-10-16,5,1,4
2021-10-16,4,1,3
2021-10-16,3,2,1
2021-10-16,6,4,2
2021-10-16,11,10,1
2021-10-16,12,7,5
2021-10-16,32,25,7
2021-10-16,33,22,11
2021-10-16,46,22,24
2021-10-16,54,31,23
2021-10-16,64,30,34
2021-10-16,82,46,36
2021-10-16,69,44,25
2021-10-16,61,30,31
2021-10-16,57,20,37
2021-10-16,44,12,32
2021-10-16,26,7,19
2021-10-16,15,3,12
2021-10-16,11,1,10
2021-10-16,7,2,5
2021-10-16,7,2,5
2021-10-16,13,5,8
2021-10-17,4,3,1
2021-10-17,3,1,2
2021-10-17,3,1,2
2021-10-17,6,2,4
2021-10-17,1,1,0
2021-10-17,8,5,3
2021-10-17,2,2,0
2021-10-17,7,4,3
2021-10-17,17,15,2
2021-10-17,22,15,7
2021-10-17,33,13,20
2021-10-17,22,14,8
2021-10-17,33,13,20
2021-10-17,43,22,21
2021-10-17,37,20,17
2021-10-17,23,10,13
2021-10-17,28,10,18
2021-10-17,18,6,12
2021-10-17,17,9,8
2021-10-17,13,2,11
2021-10-17,7,5,2
2021-10-17,1,0,1
2021-10-17,2,2,0
2021-10-17,1,0,1
2021-10-18,5,2,3
2021-10-18,5,3,2
2021-10-18,1,0,1
2021-10-18,3,3,0
2021-10-18,8,8,0
2021-10-18,29,24,5
2021-10-18,59,49,10
2021-10-18,100,96,4
2021-10-18,74,68,6
2021-10-18,52,43,9
2021-10-18,34,25,9
2021-10-18,27,16,11
2021-10-18,39,20,19
2021-10-18,32,13,19
2021-10-18,50,16,34
2021-10-18,64,24,40
2021-10-18,84,17,67
2021-10-18,123,17,106
2021-10-18,73,12,61
2021-10-18,25,4,21
2021-10-18,12,4,8
2021-10-18,10,2,8
2021-10-18,4,0,4
2021-10-18,3,2,1
2021-10-19,7,0,7
2021-10-19,2,1,1
2021-10-19,2,2,0
2021-10-19,5,2,3
2021-10-19,8,7,1
2021-10-19,38,31,7
2021-10-19,79,66,13
2021-10-19,113,106,7
2021-10-19,113,96,17
2021-10-19,54,39,15
2021-10-19,32,20,12
2021-10-19,29,19,10
2021-10-19,36,25,11
2021-10-19,38,17,21
2021-10-19,61,20,41
2021-10-19,85,19,66
2021-10-19,129,37,92
2021-10-19,149,21,128
2021-10-19,64,14,50
2021-10-19,44,14,30
2021-10-19,28,5,23
2021-10-19,12,4,8
2021-10-19,7,2,5
2021-10-19,6,2,4
2021-10-20,4,0,4
2021-10-20,1,1,0
2021-10-20,3,2,1
2021-10-20,3,3,0
2021-10-20,5,5,0
2021-10-20,18,13,5
2021-10-20,36,28,8
2021-10-20,52,49,3
2021-10-20,64,58,6
2021-10-20,28,27,1
2021-10-20,19,14,5
2021-10-20,19,14,5
2021-10-20,20,14,6
2021-10-20,17,7,10
2021-10-20,26,10,16
2021-10-20,55,15,40
2021-10-20,53,12,41
2021-10-20,83,22,61
2021-10-20,61,8,53
2021-10-20,20,6,14
2021-10-20,12,0,12
2021-10-20,9,4,5
2021-10-20,10,3,7
2021-10-20,5,1,4
2021-10-21,7,2,5
2021-10-21,2,1,1
2021-10-21,3,2,1
2021-10-21,4,3,1
2021-10-21,7,7,0
2021-10-21,28,25,3
2021-10-21,53,43,10
2021-10-21,94,85,9
2021-10-21,76,70,6
2021-10-21,44,40,4
2021-10-21,35,21,14
2021-10-21,24,16,8
2021-10-21,36,16,20
2021-10-21,42,20,22
2021-10-21,42,16,26
2021-10-21,63,12,51
2021-10-21,93,15,78
2021-10-21,83,10,73
2021-10-21,47,9,38
2021-10-21,20,1,19
2021-10-21,10,3,7
2021-10-21,7,2,5
2021-10-21,4,2,2
2021-10-21,3,0,3
2021-10-22,1,0,1
2021-10-22,1,1,0
2021-10-22,3,3,0
2021-10-22,2,2,0
2021-10-22,7,6,1
2021-10-22,20,18,2
2021-10-22,43,37,6
2021-10-22,57,52,5
2021-10-22,66,57,9
2021-10-22,25,17,8
2021-10-22,18,8,10
2021-10-22,13,8,5
2021-10-22,21,12,9
2021-10-22,22,9,13
2021-10-22,30,12,18
2021-10-22,46,9,37
2021-10-22,60,13,47
2021-10-22,73,15,58
2021-10-22,53,19,34
2021-10-22,14,3,11
2021-10-22,12,4,8
2021-10-22,10,1,9
2021-10-22,5,0,5
2021-10-22,9,5,4
2021-10-23,5,1,4
2021-10-23,7,4,3
2021-10-23,4,4,0
2021-10-23,5,0,5
2021-10-23,3,1,2
2021-10-23,6,5,1
2021-10-23,5,3,2
2021-10-23,9,5,4
2021-10-23,16,15,1
2021-10-23,18,10,8
2021-10-23,24,13,11
2021-10-23,23,16,7
2021-10-23,17,9,8
2021-10-23,22,12,10
2021-10-23,10,2,8
2021-10-23,27,10,17
2021-10-23,28,9,19
2021-10-23,30,11,19
2021-10-23,27,12,15
2021-10-23,6,1,5
2021-10-23,10,4,6
2021-10-23,5,3,2
2021-10-23,3,0,3
2021-10-23,4,1,3
2021-10-24,2,1,1
2021-10-24,3,1,2
2021-10-24,2,0,2
2021-10-24,4,2,2
2021-10-24,2,1,1
2021-10-24,1,1,0
2021-10-24,5,3,2
2021-10-24,1,0,1
2021-10-24,10,7,3
2021-10-24,11,7,4
2021-10-24,3,1,2
2021-10-24,10,6,4
2021-10-24,10,6,4
2021-10-24,6,2,4
2021-10-24,14,7,7
2021-10-24,4,2,2
2021-10-24,6,3,3
2021-10-24,16,7,9
2021-10-24,8,5,3
2021-10-24,12,3,9
2021-10-24,2,1,1
2021-10-24,3,1,2
2021-10-24,2,1,1
2021-10-24,2,1,1
2021-10-25,0,0,0
2021-10-25,4,2,2
2021-10-25,2,2,0
2021-10-25,2,2,0
2021-10-25,7,5,2
2021-10-25,25,18,7
2021-10-25,38,30,8
2021-10-25,64,57,7
2021-10-25,49,47,2
2021-10-25,26,20,6
2021-10-25,11,8,3
2021-10-25,22,13,9
2021-10-25,18,8,10
2021-10-25,16,7,9
2021-10-25,28,8,20
2021-10-25,31,3,28
2021-10-25,46,16,30
2021-10-25,79,11,68
2021-10-25,31,3,28
2021-10-25,9,0,9
2021-10-25,29,2,27
2021-10-25,23,2,21
2021-10-25,3,1,2
2021-10-25,0,0,0
2021-10-26,0,0,0
2021-10-26,1,1,0
2021-10-26,1,0,1
2021-10-26,1,1,0
2021-10-26,6,5,1
2021-10-26,21,16,5
2021-10-26,46,42,4
2021-10-26,81,75,6
2021-10-26,59,52,7
2021-10-26,26,22,4
2021-10-26,39,28,11
2021-10-26,9,5,4
2021-10-26,15,9,6
2021-10-26,12,3,9
2021-10-26,34,12,22
2021-10-26,43,10,33
2021-10-26,73,12,61
2021-10-26,82,8,74
2021-10-26,43,8,35
2021-10-26,11,4,7
2021-10-26,9,1,8
2021-10-26,8,1,7
2021-10-26,4,0,4
2021-10-26,0,0,0
2021-10-27,5,0,5
2021-10-27,3,2,1
2021-10-27,0,0,0
2021-10-27,9,5,4
2021-10-27,9,8,1
2021-10-27,23,19,4
2021-10-27,50,45,5
2021-10-27,87,79,8
2021-10-27,82,74,8
2021-10-27,46,42,4
2021-10-27,34,22,12
2021-10-27,24,17,7
2021-10-27,21,12,9
2021-10-27,28,11,17
2021-10-27,39,16,23
2021-10-27,57,11,46
2021-10-27,89,17,72
2021-10-27,117,23,94
2021-10-27,43,4,39
2021-10-27,27,6,21
2021-10-27,13,3,10
2021-10-27,11,2,9
2021-10-27,4,0,4
2021-10-27,7,2,5
2021-10-28,1,0,1
2021-10-28,1,1,0
2021-10-28,2,0,2
2021-10-28,2,0,2
2021-10-28,7,7,0
2021-10-28,17,14,3
2021-10-28,37,32,5
2021-10-28,60,56,4
2021-10-28,56,52,4
2021-10-28,27,24,3
2021-10-28,14,9,5
2021-10-28,13,8,5
2021-10-28,11,5,6
2021-10-28,16,4,12
2021-10-28,16,6,10
2021-10-28,31,8,23
2021-10-28,54,10,44
2021-10-28,63,8,55
2021-10-28,37,5,32
2021-10-28,13,2,11
2021-10-28,4,0,4
2021-10-28,7,1,6
2021-10-28,4,0,4
2021-10-28,2,2,0
2021-10-29,5,0,5
2021-10-29,0,0,0
2021-10-29,1,1,0
2021-10-29,0,0,0
2021-10-29,5,5,0
2021-10-29,17,14,3
2021-10-29,31,26,5
2021-10-29,52,47,5
2021-10-29,34,30,4
2021-10-29,22,20,2
2021-10-29,9,5,4
2021-10-29,16,14,2
2021-10-29,14,6,8
2021-10-29,28,15,13
2021-10-29,32,15,17
2021-10-29,41,11,30
2021-10-29,68,16,52
2021-10-29,75,22,53
2021-10-29,42,8,34
2021-10-29,13,2,11
2021-10-29,7,0,7
2021-10-29,16,5,11
2021-10-29,6,3,3
2021-10-29,2,0,2
2021-10-30,5,2,3
2021-10-30,3,2,1
2021-10-30,3,0,3
2021-10-30,3,1,2
2021-10-30,3,3,0
2021-10-30,5,5,0
2021-10-30,7,6,1
2021-10-30,14,7,7
2021-10-30,22,18,4
2021-10-30,40,20,20
2021-10-30,59,36,23
2021-10-30,77,29,48
2021-10-30,73,30,43
2021-10-30,92,45,47
2021-10-30,77,42,35
2021-10-30,98,43,55
2021-10-30,57,31,26
2021-10-30,39,19,20
2021-10-30,29,10,19
2021-10-30,17,2,15
2021-10-30,9,8,1
2021-10-30,9,6,3
2021-10-30,7,4,3
2021-10-30,3,2,1
2021-11-01,1,0,1
2021-11-01,7,1,6
2021-11-01,1,1,0
2021-11-01,4,2,2
2021-11-01,6,5,1
2021-11-01,25,18,7
2021-11-01,52,48,4
2021-11-01,93,86,7
2021-11-01,66,58,8
2021-11-01,45,38,7
2021-11-01,16,11,5
2021-11-01,24,14,10
2021-11-01,25,13,12
2021-11-01,16,5,11
2021-11-01,20,3,17
2021-11-01,39,9,30
2021-11-01,62,9,53
2021-11-01,90,12,78
2021-11-01,63,9,54
2021-11-01,16,2,14
2021-11-01,3,0,3
2021-11-01,18,3,15
2021-11-01,3,0,3
2021-11-01,1,1,0
2021-11-02,1,0,1
2021-11-02,3,1,2
2021-11-02,0,0,0
2021-11-02,4,3,1
2021-11-02,6,6,0
2021-11-02,28,24,4
2021-11-02,50,42,8
2021-11-02,104,96,8
2021-11-02,82,75,7
2021-11-02,44,32,12
2021-11-02,23,18,5
2021-11-02,12,10,2
2021-11-02,21,11,10
2021-11-02,16,3,13
2021-11-02,26,3,23
2021-11-02,40,9,31
2021-11-02,75,9,66
2021-11-02,104,11,93
2021-11-02,43,6,37
2021-11-02,16,3,13
2021-11-02,11,2,9
2021-11-02,7,2,5
2021-11-02,6,0,6
2021-11-02,2,0,2
2021-11-03,4,2,2
2021-11-03,5,1,4
2021-11-03,2,2,0
2021-11-03,2,1,1
2021-11-03,5,4,1
2021-11-03,26,22,4
2021-11-03,47,39,8
2021-11-03,54,46,8
2021-11-03,13,6,7
2021-11-03,13,5,8
2021-11-03,23,18,5
2021-11-03,21,14,7
2021-11-03,21,11,10
2021-11-03,33,13,20
2021-11-03,39,19,20
2021-11-03,45,18,27
2021-11-03,75,16,59
2017-05-29,0,0,0
2017-05-29,2,1,1
2017-05-29,3,2,1
2017-05-29,7,5,2
2017-05-29,5,5,0
2017-05-29,17,12,5
2017-05-29,27,14,13
2017-05-29,44,24,20
2017-05-29,49,16,33
2017-05-29,52,29,23
2017-05-29,67,31,36
2017-05-29,90,34,56
2017-05-29,84,43,41
2017-05-29,75,35,40
2017-05-29,75,40,35
2017-05-29,42,23,19
2017-05-29,50,25,25
2017-05-29,35,17,18
2017-05-29,15,8,7
2017-05-29,12,7,5
2017-05-29,7,3,4
2017-05-29,2,0,2
2017-05-30,2,1,1
2017-05-30,1,0,1
2017-05-30,1,1,0
2017-05-30,0,0,0
2017-05-30,6,3,3
2017-05-30,23,21,2
2017-05-30,74,63,11
2017-05-30,158,151,7
2017-05-30,152,137,15
2017-05-30,51,47,4
2017-05-30,20,17,3
2017-05-30,14,9,5
2017-05-30,13,9,4
2017-05-30,20,11,9
2017-05-30,16,2,14
2017-05-30,33,3,30
2017-05-30,83,10,73
2017-05-30,179,20,159
2017-05-30,93,8,85
2017-05-30,43,6,37
2017-05-30,18,3,15
2017-05-30,11,3,8
2017-05-30,5,1,4
2017-05-30,3,2,1
2017-05-31,2,2,0
2017-05-31,1,0,1
2017-05-31,1,0,1
2017-05-31,2,0,2
2017-05-31,7,5,2
2017-05-31,25,20,5
2017-05-31,86,76,10
2017-05-31,192,169,23
2017-05-31,159,144,15
2017-05-31,66,54,12
2021-11-03,92,8,84
2021-11-03,49,8,41
2021-11-03,19,4,15
2021-11-03,10,2,8
2021-11-03,8,0,8
2021-11-03,4,0,4
2021-11-03,1,0,1
2021-11-04,0,0,0
2021-11-04,1,1,0
2021-11-04,1,1,0
2021-11-04,0,0,0
2021-11-04,6,5,1
2021-11-04,23,19,4
2021-11-04,39,33,6
2021-11-04,73,67,6
2021-11-04,49,42,7
2021-11-04,23,19,4
2021-11-04,4,4,0
2021-11-04,14,10,4
2021-11-04,12,8,4
2021-11-04,16,7,9
2021-11-04,21,6,15
2021-11-04,35,11,24
2021-11-04,50,9,41
2021-11-04,74,12,62
2021-11-04,51,7,44
2021-11-04,15,2,13
2021-11-04,12,3,9
2021-11-04,16,4,12
2021-11-04,5,1,4
2021-11-04,3,0,3
2021-11-05,2,1,1
2021-11-05,2,0,2
2021-11-05,2,2,0
2021-11-05,0,0,0
2021-11-05,4,4,0
2021-11-05,20,19,1
2021-11-05,31,27,4
2021-11-05,48,42,6
2021-11-05,42,39,3
2021-11-05,25,21,4
2021-11-05,18,16,2
2021-11-05,27,17,10
2021-11-05,19,9,10
2021-11-05,37,16,21
2021-11-05,28,10,18
2021-11-05,45,11,34
2021-11-05,65,18,47
2021-11-05,86,15,71
2021-11-05,41,15,26
2021-11-05,17,5,12
2021-11-05,10,3,7
2021-11-05,9,2,7
2021-11-05,3,1,2
2021-11-05,8,6,2
2021-11-06,3,1,2
2021-11-06,0,0,0
2021-11-06,4,2,2
2021-11-06,4,1,3
2021-11-06,2,2,0
2021-11-06,4,4,0
2021-11-06,6,4,2
2021-11-06,5,4,1
2021-11-06,11,8,3
2021-11-06,12,11,1
2021-11-06,10,7,3
2021-11-06,11,6,5
2021-11-06,8,3,5
2021-11-06,16,10,6
2021-11-06,21,9,12
2021-11-06,10,2,8
2021-11-06,11,3,8
2021-11-06,13,3,10
2021-11-06,7,2,5
2021-11-06,6,3,3
2021-11-06,2,0,2
2021-11-06,2,1,1
2021-11-06,5,1,4
2021-11-06,3,1,2
2021-11-07,1,0,1
2021-11-07,2,0,2
2021-11-07,0,0,0
2021-11-07,3,3,0
2021-11-07,2,1,1
2021-11-07,2,2,0
2021-11-07,4,1,3
2021-11-07,8,6,2
2021-11-07,13,7,6
2021-11-07,13,9,4
2021-11-07,20,8,12
2021-11-07,23,11,12
2021-11-07,11,6,5
2021-11-07,17,8,9
2021-11-07,2,0,2
2021-11-07,6,1,5
2021-11-07,12,4,8
2021-11-07,10,4,6
2021-11-07,6,4,2
2021-11-07,17,10,7
2021-11-07,3,0,3
2021-11-07,3,2,1
2021-11-07,1,0,1
2021-11-07,2,2,0
2021-11-08,2,1,1
2021-11-08,1,1,0
2021-11-08,0,0,0
2021-11-08,2,2,0
2021-11-08,8,7,1
2021-11-08,30,24,6
2021-11-08,46,42,4
2021-11-08,93,88,5
2021-11-08,76,70,6
2021-11-08,45,36,9
2021-11-08,15,10,5
2021-11-08,35,22,13
2021-11-08,31,20,11
2021-11-08,53,26,27
2021-11-08,49,14,35
2021-11-08,65,24,41
2021-11-08,95,13,82
2021-11-08,101,9,92
2021-11-08,47,3,44
2021-11-08,9,1,8
2021-11-08,13,5,8
2021-11-08,6,3,3
2021-11-08,6,1,5
2021-11-08,5,1,4
2021-11-09,4,2,2
2021-11-09,3,1,2
2021-11-09,0,0,0
2021-11-09,3,3,0
2021-11-09,4,4,0
2021-11-09,29,27,2
2021-11-09,43,34,9
2021-11-09,57,48,9
2021-11-09,68,62,6
2021-11-09,37,31,6
2021-11-09,20,17,3
2021-11-09,11,4,7
2021-11-09,12,8,4
2021-11-09,17,7,10
2021-11-09,25,6,19
2021-11-09,34,6,28
2021-11-09,44,5,39
2021-11-09,56,3,53
2021-11-09,35,4,31
2021-11-09,12,3,9
2021-11-09,8,1,7
2021-11-09,7,3,4
2021-11-09,1,0,1
2021-11-09,1,0,1
2021-11-10,3,1,2
2021-11-10,0,0,0
2021-11-10,3,2,1
2021-11-10,2,1,1
2021-11-10,5,4,1
2021-11-10,29,25,4
2021-11-10,52,43,9
2021-11-10,80,76,4
2021-11-10,81,71,10
2021-11-10,46,39,7
2021-11-10,31,24,7
2021-11-10,37,20,17
2021-11-10,33,20,13
2021-11-10,47,23,24
2021-11-10,56,16,40
2021-11-10,63,19,44
2021-11-10,84,16,68
2021-11-10,98,15,83
2021-11-10,53,8,45
2021-11-10,23,4,19
2021-11-10,15,3,12
2021-11-10,12,2,10
2021-11-10,7,2,5
2021-11-10,7,2,5
2021-11-11,2,2,0
2021-11-11,2,2,0
2021-11-11,2,2,0
2021-11-11,3,2,1
2021-11-11,5,3,2
2021-11-11,15,13,2
2021-11-11,24,21,3
2021-11-11,42,40,2
2021-11-11,52,43,9
2021-11-11,33,24,9
2021-11-11,13,8,5
2021-11-11,11,4,7
2021-11-11,10,7,3
2021-11-11,10,6,4
2021-11-11,20,1,19
2021-11-11,16,4,12
2021-11-11,40,10,30
2021-11-11,43,4,39
2021-11-11,23,4,19
2021-11-11,5,0,5
2021-11-11,8,0,8
2021-11-11,6,1,5
2021-11-11,3,1,2
2021-11-11,1,0,1
2021-11-12,0,0,0
2021-11-12,0,0,0
2021-11-12,2,1,1
2021-11-12,1,1,0
2021-11-12,4,4,0
2021-11-12,16,14,2
2021-11-12,22,19,3
2021-11-12,46,42,4
2021-11-12,48,43,5
2021-11-12,21,14,7
2021-11-12,17,12,5
2021-11-12,4,3,1
2021-11-12,8,4,4
2021-11-12,7,3,4
2021-11-12,26,9,17
2021-11-12,31,7,24
2021-11-12,48,8,40
2021-11-12,50,3,47
2021-11-12,25,3,22
2021-11-12,20,2,18
2021-11-12,10,2,8
2021-11-12,5,3,2
2021-11-12,8,4,4
2021-11-12,8,2,6
2021-11-13,9,7,2
2021-11-13,3,1,2
2021-11-13,2,2,0
2021-11-13,2,1,1
2021-11-13,3,3,0
2021-11-13,8,5,3
2021-11-13,5,4,1
2021-11-13,9,9,0
2021-11-13,43,21,22
2021-11-13,37,26,11
2021-11-13,59,25,34
2021-11-13,64,29,35
2021-11-13,67,37,30
2021-11-13,55,19,36
2021-11-13,33,12,21
2021-11-13,33,12,21
2021-11-13,11,3,8
2021-11-13,11,3,8
2021-11-13,3,1,2
2021-11-13,4,2,2
2021-11-13,0,0,0
2021-11-13,1,0,1
2021-11-13,3,2,1
2021-11-13,2,1,1
2021-11-14,1,0,1
2021-11-14,0,0,0
2021-11-14,0,0,0
2021-11-14,3,3,0
2021-11-14,1,1,0
2021-11-14,4,2,2
2021-11-14,2,1,1
2021-11-14,1,0,1
2021-11-14,4,4,0
2021-11-14,3,2,1
2021-11-14,7,6,1
2021-11-14,15,8,7
2021-11-14,7,3,4
2021-11-14,8,2,6
2021-11-14,10,2,8
2021-11-14,8,6,2
2021-11-14,6,3,3
2021-11-14,7,2,5
2021-11-14,1,1,0
2021-11-14,3,2,1
2021-11-14,1,0,1
2021-11-14,2,0,2
2021-11-14,1,0,1
2021-11-14,2,1,1
2021-11-15,4,1,3
2021-11-15,1,1,0
2021-11-15,0,0,0
2021-11-15,6,6,0
2021-11-15,6,6,0
2021-11-15,22,18,4
2021-11-15,40,35,5
2021-11-15,65,59,6
2021-11-15,41,37,4
2021-11-15,26,21,5
2021-11-15,13,11,2
2021-11-15,7,3,4
2021-11-15,6,3,3
2021-11-15,10,4,6
2021-11-15,14,4,10
2021-11-15,35,9,26
2021-11-15,68,14,54
2021-11-15,61,6,55
2021-11-15,32,5,27
2021-11-15,9,1,8
2021-11-15,8,2,6
2021-11-15,7,1,6
2021-11-15,3,0,3
2021-11-15,4,0,4
2021-11-16,2,1,1
2021-11-16,0,0,0
2021-11-16,1,1,0
2021-11-16,4,2,2
2021-11-16,8,8,0
2021-11-16,29,23,6
2021-11-16,63,56,7
2021-11-16,87,82,5
2021-11-16,93,83,10
2021-11-16,46,38,8
2021-11-16,35,25,10
2021-11-16,34,17,17
2021-11-16,19,10,9
2021-11-16,29,14,15
2021-11-16,53,15,38
2021-11-16,56,16,40
2021-11-16,100,18,82
2021-11-16,103,15,88
2021-11-16,52,4,48
2021-11-16,29,3,26
2021-11-16,14,3,11
2021-11-16,13,5,8
2021-11-16,2,0,2
2021-11-16,4,0,4
2021-11-17,2,0,2
2021-11-17,2,0,2
2021-11-17,3,1,2
2021-11-17,4,3,1
2021-11-17,9,8,1
2021-11-17,18,15,3
2021-11-17,57,54,3
2021-11-17,84,78,6
2021-11-17,89,77,12
2021-11-17,39,32,7
2021-11-17,23,23,0
2021-11-17,24,18,6
2021-11-17,31,12,19
2021-11-17,40,21,19
2021-11-17,46,21,25
2021-11-17,56,11,45
2021-11-17,97,17,80
2021-11-17,91,14,77
2021-11-17,59,10,49
2021-11-17,27,5,22
2021-11-17,11,1,10
2021-11-17,15,4,11
2021-11-17,5,0,5
2021-11-17,4,0,4
2021-11-18,2,1,1
2021-11-18,7,4,3
2021-11-18,1,1,0
2021-11-18,2,2,0
2021-11-18,6,5,1
2021-11-18,19,15,4
2021-11-18,43,38,5
2021-11-18,77,66,11
2021-11-18,68,63,5
2021-11-18,41,30,11
2021-11-18,33,17,16
2021-11-18,31,23,8
2021-11-18,20,12,8
2021-11-18,20,7,13
2021-11-18,25,6,19
2021-11-18,37,9,28
2021-11-18,54,6,48
2021-11-18,61,8,53
2021-11-18,33,4,29
2021-11-18,17,2,15
2021-11-18,16,4,12
2021-11-18,6,0,6
2021-11-18,2,0,2
2021-11-18,4,1,3
2021-11-19,2,1,1
2021-11-19,3,1,2
2021-11-19,0,0,0
2021-11-19,2,2,0
2021-11-19,6,6,0
2021-11-19,19,17,2
2021-11-19,34,31,3
2021-11-19,69,63,6
2021-11-19,74,63,11
2021-11-19,39,30,9
2021-11-19,17,14,3
2021-11-19,27,21,6
2021-11-19,26,10,16
2021-11-19,21,8,13
2021-11-19,34,8,26
2021-11-19,44,10,34
2021-11-19,76,16,60
2021-11-19,89,17,72
2021-11-19,38,6,32
2021-11-19,17,4,13
2021-11-19,11,3,8
2021-11-19,8,3,5
2021-11-19,2,1,1
2021-11-19,5,1,4
2021-11-20,3,1,2
2021-11-20,3,3,0
2021-11-20,2,2,0
2021-11-20,6,3,3
2021-11-20,3,3,0
2021-11-20,5,3,2
2021-11-20,11,10,1
2021-11-20,9,7,2
2021-11-20,21,13,8
2021-11-20,35,25,10
2021-11-20,44,26,18
2021-11-20,62,28,34
2021-11-20,41,20,21
2021-11-20,47,12,35
2021-11-20,73,41,32
2021-11-20,53,24,29
2021-11-20,32,15,17
2021-11-20,23,6,17
2021-11-20,11,4,7
2021-11-20,5,1,4
2021-11-20,3,0,3
2021-11-20,6,0,6
2021-11-20,1,0,1
2021-11-20,1,1,0
2021-11-21,1,0,1
2021-11-21,3,2,1
2021-11-21,2,2,0
2021-11-21,3,2,1
2021-11-21,4,2,2
2021-11-21,5,5,0
2021-11-21,8,6,2
2021-11-21,7,6,1
2021-11-21,10,8,2
2021-11-21,26,9,17
2021-11-21,39,24,15
2021-11-21,74,18,56
2021-11-21,39,18,21
2021-11-21,81,59,22
2021-11-21,34,11,23
2021-11-21,46,28,18
2021-11-21,42,13,29
2021-11-21,29,6,23
2021-11-21,6,0,6
2021-11-21,7,1,6
2021-11-21,0,0,0
2021-11-21,4,1,3
2021-11-21,2,1,1
2021-11-21,0,0,0
2021-11-22,0,0,0
2021-11-22,4,3,1
2021-11-22,1,1,0
2021-11-22,0,0,0
2021-11-22,6,5,1
2021-11-22,22,19,3
2021-11-22,42,39,3
2021-11-22,70,67,3
2021-11-22,56,45,11
2021-11-22,39,32,7
2021-11-22,19,11,8
2021-11-22,15,4,11
2021-11-22,19,7,12
2021-11-22,12,7,5
2021-11-22,27,12,15
2021-11-22,39,12,27
2021-11-22,44,7,37
2021-11-22,79,4,75
2021-11-22,32,2,30
2021-11-22,15,4,11
2021-11-22,5,0,5
2021-11-22,6,3,3
2021-11-22,7,2,5
2021-11-22,4,1,3
2021-11-23,2,1,1
2021-11-23,6,0,6
2021-11-23,1,1,0
2021-11-23,3,3,0
2021-11-23,5,5,0
2021-11-23,21,17,4
2021-11-23,36,31,5
2021-11-23,51,48,3
2021-11-23,51,48,3
2021-11-23,26,21,5
2021-11-23,26,20,6
2021-11-23,16,14,2
2021-11-23,9,5,4
2021-11-23,23,12,11
2021-11-23,36,14,22
2021-11-23,40,10,30
2021-11-23,69,19,50
2021-11-23,72,7,65
2021-11-23,46,13,33
2021-11-23,12,4,8
2021-11-23,10,1,9
2021-11-23,7,1,6
2021-11-23,7,2,5
2021-11-23,8,1,7
2021-11-24,2,1,1
2021-11-24,3,1,2
2021-11-24,3,1,2
2021-11-24,2,2,0
2021-11-24,4,3,1
2021-11-24,18,17,1
2021-11-24,32,29,3
2021-11-24,49,44,5
2021-11-24,47,45,2
2021-11-24,22,21,1
2021-11-24,29,12,17
2021-11-24,34,22,12
2021-11-24,30,13,17
2021-11-24,47,19,28
2021-11-24,59,20,39
2021-11-24,60,21,39
2021-11-24,59,11,48
2021-11-24,51,6,45
2021-11-24,17,7,10
2021-11-24,10,0,10
2021-11-24,10,4,6
2021-11-24,6,0,6
2021-11-24,3,0,3
2021-11-24,1,1,0
2021-11-25,6,3,3
2021-11-25,0,0,0
2021-11-25,2,2,0
2021-11-25,0,0,0
2021-11-25,0,0,0
2021-11-25,3,2,1
2021-11-25,4,4,0
2021-11-25,4,3,1
2021-11-25,4,2,2
2021-11-25,8,7,1
2021-11-25,16,6,10
2021-11-25,10,5,5
2021-11-25,13,3,10
2021-11-25,14,8,6
2021-11-25,8,2,6
2021-11-25,5,2,3
2021-11-25,3,1,2
2021-11-25,1,0,1
2021-11-25,2,0,2
2021-11-25,2,1,1
2021-11-25,6,3,3
2021-11-25,7,3,4
2021-11-25,1,0,1
2021-11-25,2,0,2
2021-11-26,0,0,0
2021-11-26,5,4,1
2021-11-26,3,2,1
2021-11-26,2,1,1
2021-11-26,5,5,0
2021-11-26,4,4,0
2021-11-26,9,7,2
2021-11-26,9,6,3
2021-11-26,11,8,3
2021-11-26,13,8,5
2021-11-26,25,21,4
2021-11-26,21,13,8
2021-11-26,25,11,14
2021-11-26,37,23,14
2021-11-26,49,22,27
2021-11-26,34,6,28
2021-11-26,30,13,17
2021-11-26,19,7,12
2021-11-26,9,2,7
2021-11-26,13,1,12
2021-11-26,13,2,11
2021-11-26,2,0,2
2021-11-26,4,1,3
2021-11-26,8,2,6
2021-11-27,1,1,0
2021-11-27,1,0,1
2021-11-27,7,3,4
2021-11-27,1,1,0
2021-11-27,2,1,1
2021-11-27,7,7,0
2021-11-27,5,3,2
2021-11-27,5,4,1
2021-11-27,15,12,3
2021-11-27,12,10,2
2021-11-27,12,7,5
2021-11-27,16,12,4
2021-11-27,23,6,17
2021-11-27,11,2,9
2021-11-27,16,8,8
2021-11-27,14,4,10
2021-11-27,7,4,3
2021-11-27,4,1,3
2021-11-27,2,0,2
2021-11-27,1,0,1
2021-11-27,0,0,0
2021-11-27,1,0,1
2021-11-27,1,0,1
2021-11-27,1,1,0
2021-11-28,2,1,1
2021-11-28,4,0,4
2021-11-28,2,1,1
2021-11-28,4,2,2
2021-11-28,1,1,0
2021-11-28,5,5,0
2021-11-28,3,2,1
2021-11-28,2,1,1
2021-11-28,8,8,0
2021-11-28,20,10,10
2021-11-28,20,13,7
2021-11-28,15,5,10
2021-11-28,14,8,6
2021-11-28,7,2,5
2021-11-28,16,9,7
2021-11-28,7,3,4
2021-11-28,6,5,1
2021-11-28,9,2,7
2021-11-28,9,1,8
2021-11-28,1,0,1
2021-11-28,5,1,4
2021-11-28,3,0,3
2021-11-28,4,2,2
2021-11-28,4,3,1
2021-11-29,2,0,2
2021-11-29,1,0,1
2021-11-29,2,2,0
2021-11-29,3,3,0
2021-11-29,11,9,2
2021-11-29,42,36,6
2021-11-29,35,33,2
2021-11-29,74,69,5
2021-11-29,61,52,9
2021-11-29,41,35,6
2021-11-29,16,9,7
2021-11-29,15,7,8
2021-11-29,28,19,9
2021-11-29,27,13,14
2021-11-29,45,17,28
2021-11-29,66,12,54
2021-11-29,72,19,53
2021-11-29,93,9,84
2021-11-29,31,5,26
2021-11-29,12,3,9
2021-11-29,11,2,9
2021-11-29,7,2,5
2021-11-29,3,1,2
2021-11-29,1,1,0
2021-11-30,2,0,2
2021-11-30,2,2,0
2021-11-30,5,1,4
2021-11-30,0,0,0
2021-11-30,5,5,0
2021-11-30,23,18,5
2021-11-30,42,37,5
2021-11-30,74,66,8
2021-11-30,74,67,7
2021-11-30,33,25,8
2021-11-30,21,14,7
2021-11-30,19,10,9
2021-11-30,12,7,5
2021-11-30,12,4,8
2021-11-30,29,10,19
2021-11-30,60,19,41
2021-11-30,57,9,48
2021-11-30,82,7,75
2021-11-30,42,4,38
2021-11-30,16,3,13
2021-11-30,9,2,7
2021-11-30,13,2,11
2021-11-30,2,1,1
2021-11-30,3,1,2
2021-12-01,5,2,3
2021-12-01,0,0,0
2021-12-01,0,0,0
2021-12-01,0,0,0
2021-12-01,6,5,1
2021-12-01,30,24,6
2021-12-01,47,42,5
2021-12-01,66,63,3
2021-12-01,70,66,4
2021-12-01,41,36,5
2021-12-01,22,16,6
2021-12-01,26,16,10
2021-12-01,29,21,8
2021-12-01,30,12,18
2021-12-01,36,12,24
2021-12-01,75,15,60
2021-12-01,77,19,58
2021-12-01,76,7,69
2021-12-01,37,4,33
2021-12-01,20,1,19
2021-12-01,13,1,12
2021-12-01,6,0,6
2021-12-01,6,2,4
2021-12-01,4,1,3
2021-12-02,4,4,0
2021-12-02,3,0,3
2021-12-02,1,1,0
2021-12-02,1,1,0
2021-12-02,4,4,0
2021-12-02,23,19,4
2021-12-02,41,38,3
2021-12-02,74,69,5
2021-12-02,67,60,7
2021-12-02,33,29,4
2021-12-02,16,10,6
2021-12-02,8,6,2
2021-12-02,14,8,6
2021-12-02,19,8,11
2021-12-02,24,13,11
2021-12-02,37,10,27
2021-12-02,78,16,62
2021-12-02,77,13,64
2021-12-02,44,10,34
2021-12-02,17,1,16
2021-12-02,25,6,19
2021-12-02,10,2,8
2021-12-02,5,0,5
2021-12-02,0,0,0
2021-12-03,2,1,1
2021-12-03,1,1,0
2021-12-03,0,0,0
2021-12-03,0,0,0
2021-12-03,9,8,1
2021-12-03,27,21,6
2021-12-03,28,26,2
2021-12-03,58,51,7
2021-12-03,72,62,10
2021-12-03,31,28,3
2021-12-03,23,19,4
2021-12-03,19,10,9
2021-12-03,17,8,9
2021-12-03,32,17,15
2021-12-03,20,9,11
2021-12-03,49,10,39
2021-12-03,73,16,57
2021-12-03,76,14,62
2021-12-03,36,5,31
2021-12-03,14,2,12
2021-12-03,14,2,12
2021-12-03,5,0,5
2021-12-03,2,0,2
2021-12-03,5,0,5
2021-12-04,6,3,3
2021-12-04,2,1,1
2021-12-04,1,1,0
2021-12-04,3,1,2
2021-12-04,3,3,0
2021-12-04,4,2,2
2021-12-04,8,4,4
2021-12-04,7,4,3
2021-12-04,6,5,1
2021-12-04,6,6,0
2021-12-04,6,4,2
2021-12-04,6,3,3
2021-12-04,11,5,6
2021-12-04,8,2,6
2021-12-04,13,6,7
2021-12-04,5,3,2
2021-12-04,8,4,4
2017-05-31,30,25,5
2017-05-31,22,13,9
2017-05-31,25,13,12
2017-05-31,28,17,11
2017-05-31,28,14,14
2017-05-31,54,13,41
2017-05-31,137,20,117
2017-05-31,227,27,200
2017-05-31,135,21,114
2017-05-31,49,10,39
2017-05-31,26,4,22
2017-05-31,9,1,8
2017-05-31,10,1,9
2017-05-31,2,0,2
2017-06-01,3,1,2
2017-06-01,1,0,1
2017-06-01,3,1,2
2017-06-01,1,1,0
2017-06-01,4,4,0
2017-06-01,28,25,3
2017-06-01,85,68,17
2017-06-01,140,126,14
2017-06-01,135,122,13
2017-06-01,58,47,11
2017-06-01,31,21,10
2017-06-01,23,16,7
2017-06-01,25,18,7
2017-06-01,21,12,9
2017-06-01,35,15,20
2017-06-01,44,14,30
2017-06-01,98,13,85
2017-06-01,179,18,161
2014-01-01,0,0,0
2014-01-01,3,0,3
2014-01-01,6,1,5
2014-01-01,7,1,6
2014-01-01,0,0,0
2014-01-01,6,1,5
2014-01-01,1,0,1
2014-01-01,2,2,0
2014-01-01,7,6,1
2014-01-01,6,4,2
2014-01-01,17,11,6
2014-01-01,35,17,18
2014-01-01,28,16,12
2014-01-01,24,12,12
2014-01-01,40,22,18
2014-01-01,29,14,15
2014-01-01,20,11,9
2014-01-01,10,5,5
2014-01-01,1,0,1
2014-01-01,1,1,0
2014-01-01,0,0,0
2014-01-01,0,0,0
2014-01-01,3,1,2
2014-01-01,0,0,0
2014-01-02,1,0,1
2014-01-02,2,1,1
2014-01-02,0,0,0
2014-01-02,1,1,0
2014-01-02,2,2,0
2014-01-02,10,9,1
2014-01-02,37,29,8
2014-01-02,59,49,10
2014-01-02,76,67,9
2014-01-02,30,28,2
2014-01-02,5,5,0
2014-01-02,11,7,4
2014-01-02,13,12,1
2014-01-02,19,10,9
2014-01-02,16,6,10
2014-01-02,23,3,20
2014-01-02,38,11,27
2014-01-02,76,12,64
2014-01-02,41,3,38
2014-01-02,24,3,21
2014-01-02,3,1,2
2014-01-02,3,1,2
2014-01-02,3,1,2
2014-01-02,3,2,1
2014-01-03,8,8,0
2014-01-03,1,0,1
2014-01-03,0,0,0
2014-01-03,0,0,0
2014-01-03,2,2,0
2014-01-03,15,12,3
2014-01-03,34,31,3
2014-01-03,48,39,9
2014-01-03,69,61,8
2014-01-03,32,28,4
2014-01-03,11,7,4
2014-01-03,8,5,3
2014-01-03,16,9,7
2014-01-03,23,12,11
2014-01-03,28,17,11
2014-01-03,37,15,22
2014-01-03,51,11,40
2014-01-03,67,9,58
2014-01-03,27,1,26
2014-01-03,11,2,9
2014-01-03,8,0,8
2014-01-03,3,0,3
2014-01-03,9,2,7
2014-01-03,2,1,1
2014-01-04,0,0,0
2014-01-04,1,0,1
2014-01-04,4,2,2
2014-01-04,0,0,0
2014-01-04,1,0,1
2014-01-04,6,6,0
2014-01-04,5,4,1
2014-01-04,2,2,0
2014-01-04,13,11,2
2014-01-04,14,9,5
2014-01-04,37,9,28
2014-01-04,43,14,29
2014-01-04,45,27,18
2014-01-04,85,62,23
2014-01-04,51,29,22
2014-01-04,46,13,33
2014-01-04,32,22,10
2014-01-04,15,6,9
2014-01-04,5,3,2
2014-01-04,4,4,0
2014-01-04,1,0,1
2014-01-04,5,4,1
2014-01-04,3,1,2
2014-01-04,2,2,0
2014-01-05,1,0,1
2014-01-05,0,0,0
2014-01-05,1,0,1
2014-01-05,1,0,1
2014-01-05,0,0,0
2014-01-05,3,2,1
2014-01-05,1,0,1
2014-01-05,5,1,4
2014-01-05,5,5,0
2014-01-05,7,4,3
2014-01-05,23,13,10
2014-01-05,28,20,8
2014-01-05,33,13,20
2014-01-05,50,22,28
2014-01-05,50,24,26
2014-01-05,41,22,19
2014-01-05,22,11,11
2014-01-05,7,5,2
2014-01-05,4,1,3
2014-01-05,5,1,4
2014-01-05,1,0,1
2014-01-05,0,0,0
2014-01-05,1,1,0
2014-01-05,0,0,0
2014-01-06,0,0,0
2014-01-06,1,0,1
2014-01-06,0,0,0
2014-01-06,3,0,3
2014-01-06,4,3,1
2014-01-06,18,13,5
2014-01-06,54,47,7
2014-01-06,72,59,13
2014-01-06,67,64,3
2014-01-06,32,28,4
2014-01-06,15,13,2
2014-01-06,12,6,6
2014-01-06,3,3,0
2014-01-06,12,10,2
2014-01-06,17,6,11
2014-01-06,32,9,23
2014-01-06,60,18,42
2014-01-06,95,17,78
2014-01-06,57,7,50
2014-01-06,12,1,11
2014-01-06,10,2,8
2014-01-06,4,0,4
2014-01-06,2,0,2
2014-01-06,1,0,1
2014-01-07,2,0,2
2014-01-07,0,0,0
2014-01-07,1,0,1
2014-01-07,0,0,0
2014-01-07,3,3,0
2014-01-07,18,15,3
2014-01-07,47,37,10
2014-01-07,71,59,12
2014-01-07,83,79,4
2014-01-07,28,24,4
2014-01-07,14,14,0
2014-01-07,7,2,5
2014-01-07,7,4,3
2014-01-07,11,6,5
2014-01-07,9,2,7
2014-01-07,24,8,16
2014-01-07,49,18,31
2014-01-07,82,12,70
2014-01-07,52,6,46
2014-01-07,15,1,14
2014-01-07,14,1,13
2014-01-07,2,0,2
2014-01-07,0,0,0
2014-01-07,2,0,2
2014-01-08,2,0,2
2014-01-08,0,0,0
2014-01-08,1,0,1
2014-01-08,0,0,0
2014-01-08,3,3,0
2014-01-08,16,13,3
2014-01-08,47,38,9
2014-01-08,60,49,11
2014-01-08,86,79,7
2014-01-08,29,26,3
2014-01-08,13,10,3
2014-01-08,5,4,1
2014-01-08,9,4,5
2014-01-08,16,10,6
2014-01-08,11,5,6
2014-01-08,20,1,19
2014-01-08,57,13,44
2014-01-08,62,10,52
2014-01-08,43,6,37
2014-01-08,16,3,13
2014-01-08,8,0,8
2014-01-08,6,1,5
2014-01-08,6,1,5
2014-01-08,5,1,4
2014-01-09,2,0,2
2014-01-09,0,0,0
2014-01-09,1,1,0
2014-01-09,0,0,0
2014-01-09,4,3,1
2014-01-09,17,14,3
2014-01-09,42,32,10
2014-01-09,72,63,9
2014-01-09,63,60,3
2014-01-09,42,42,0
2014-01-09,13,12,1
2014-01-09,9,7,2
2014-01-09,12,6,6
2014-01-09,12,6,6
2014-01-09,13,3,10
2014-01-09,21,5,16
2014-01-09,41,13,28
2014-01-09,84,13,71
2014-01-09,51,3,48
2014-01-09,19,6,13
2014-01-09,12,0,12
2014-01-09,8,2,6
2014-01-09,2,1,1
2014-01-09,3,2,1
2014-01-10,2,0,2
2014-01-10,1,0,1
2014-01-10,1,0,1
2014-01-10,3,0,3
2014-01-10,3,2,1
2014-01-10,11,8,3
2014-01-10,30,24,6
2014-01-10,64,51,13
2014-01-10,51,48,3
2014-01-10,30,23,7
2014-01-10,11,11,0
2014-01-10,5,4,1
2014-01-10,8,5,3
2014-01-10,6,2,4
2014-01-10,10,4,6
2014-01-10,25,4,21
2014-01-10,30,10,20
2014-01-10,60,10,50
2014-01-10,39,7,32
2014-01-10,12,1,11
2014-01-10,2,0,2
2014-01-10,1,0,1
2014-01-10,4,0,4
2014-01-10,3,1,2
2014-01-11,0,0,0
2014-01-11,1,0,1
2014-01-11,1,0,1
2014-01-11,3,1,2
2014-01-11,0,0,0
2014-01-11,1,1,0
2014-01-11,2,1,1
2014-01-11,2,1,1
2014-01-11,6,5,1
2014-01-11,15,8,7
2014-01-11,8,6,2
2014-01-11,11,5,6
2014-01-11,5,4,1
2014-01-11,5,5,0
2014-01-11,3,2,1
2014-01-11,3,1,2
2014-01-11,5,4,1
2014-01-11,3,1,2
2014-01-11,4,1,3
2014-01-11,1,1,0
2014-01-11,2,1,1
2014-01-11,2,0,2
2014-01-11,2,0,2
2014-01-11,1,0,1
2014-01-12,0,0,0
2014-01-12,0,0,0
2014-01-12,1,0,1
2014-01-12,0,0,0
2014-01-12,0,0,0
2014-01-12,3,2,1
2014-01-12,3,2,1
2014-01-12,0,0,0
2014-01-12,6,6,0
2014-01-12,4,2,2
2014-01-12,11,5,6
2014-01-12,9,7,2
2014-01-12,11,8,3
2014-01-12,8,3,5
2014-01-12,8,3,5
2014-01-12,14,5,9
2014-01-12,11,6,5
2014-01-12,8,4,4
2014-01-12,5,2,3
2014-01-12,2,1,1
2014-01-12,1,0,1
2014-01-12,0,0,0
2014-01-12,0,0,0
2014-01-12,1,0,1
2014-01-13,0,0,0
2014-01-13,1,0,1
2014-01-13,2,2,0
2014-01-13,4,0,4
2014-01-13,4,4,0
2014-01-13,19,16,3
2014-01-13,37,30,7
2014-01-13,75,66,9
2014-01-13,75,67,8
2014-01-13,38,32,6
2014-01-13,27,23,4
2014-01-13,12,9,3
2014-01-13,15,9,6
2014-01-13,16,13,3
2014-01-13,15,4,11
2014-01-13,25,7,18
2014-01-13,54,13,41
2014-01-13,93,12,81
2014-01-13,73,8,65
2014-01-13,20,5,15
2014-01-13,16,2,14
2014-01-13,6,2,4
2014-01-13,3,1,2
2014-01-13,3,1,2
2014-01-14,3,2,1
2014-01-14,1,1,0
2014-01-14,1,1,0
2014-01-14,1,1,0
2014-01-14,5,4,1
2014-01-14,28,23,5
2014-01-14,66,53,13
2014-01-14,101,86,15
2014-01-14,98,92,6
2014-01-14,33,26,7
2014-01-14,21,15,6
2014-01-14,18,13,5
2014-01-14,12,6,6
2014-01-14,17,8,9
2014-01-14,28,9,19
2014-01-14,30,3,27
2014-01-14,81,22,59
2014-01-14,104,15,89
2014-01-14,70,13,57
2014-01-14,22,4,18
2014-01-14,9,3,6
2014-01-14,10,1,9
2014-01-14,5,1,4
2014-01-14,3,0,3
2014-01-15,3,1,2
2014-01-15,0,0,0
2014-01-15,2,0,2
2014-01-15,2,0,2
2014-01-15,7,7,0
2014-01-15,25,18,7
2014-01-15,59,48,11
2014-01-15,73,63,10
2014-01-15,111,99,12
2014-01-15,36,31,5
2014-01-15,21,15,6
2014-01-15,27,14,13
2014-01-15,20,13,7
2014-01-15,27,13,14
2014-01-15,22,11,11
2014-01-15,32,7,25
2014-01-15,73,18,55
2014-01-15,85,13,72
2014-01-15,80,10,70
2014-01-15,47,9,38
2014-01-15,27,11,16
2014-01-15,8,0,8
2014-01-15,8,3,5
2014-01-15,2,1,1
2014-01-16,0,0,0
2014-01-16,0,0,0
2014-01-16,1,0,1
2014-01-16,1,0,1
2014-01-16,4,4,0
2014-01-16,13,9,4
2014-01-16,56,48,8
2014-01-16,97,84,13
2014-01-16,91,87,4
2014-01-16,51,42,9
2014-01-16,10,8,2
2014-01-16,12,6,6
2014-01-16,20,13,7
2014-01-16,19,12,7
2014-01-16,18,7,11
2014-01-16,31,10,21
2014-01-16,61,17,44
2014-01-16,115,20,95
2014-01-16,57,11,46
2014-01-16,36,10,26
2014-01-16,16,4,12
2014-01-16,9,4,5
2014-01-16,7,0,7
2014-01-16,5,1,4
2014-01-17,2,0,2
2014-01-17,1,0,1
2014-01-17,0,0,0
2014-01-17,2,0,2
2014-01-17,2,2,0
2014-01-17,15,12,3
2014-01-17,56,45,11
2014-01-17,92,80,12
2014-01-17,73,66,7
2014-01-17,39,35,4
2014-01-17,11,10,1
2014-01-17,14,8,6
2014-01-17,18,12,6
2014-01-17,24,13,11
2014-01-17,23,9,14
2014-01-17,33,12,21
2014-01-17,70,10,60
2014-01-17,80,11,69
2014-01-17,53,13,40
2014-01-17,22,4,18
2014-01-17,7,1,6
2014-01-17,8,2,6
2014-01-17,3,1,2
2014-01-17,3,0,3
2014-01-18,3,0,3
2014-01-18,1,0,1
2014-01-18,3,1,2
2014-01-18,0,0,0
2014-01-18,2,1,1
2014-01-18,4,4,0
2014-01-18,5,4,1
2014-01-18,12,11,1
2014-01-18,21,20,1
2014-01-18,14,10,4
2014-01-18,13,10,3
2014-01-18,28,9,19
2014-01-18,43,26,17
2014-01-18,36,23,13
2014-01-18,44,22,22
2014-01-18,44,20,24
2014-01-18,43,17,26
2014-01-18,28,12,16
2014-01-18,17,4,13
2014-01-18,9,5,4
2014-01-18,9,4,5
2014-01-18,5,3,2
2014-01-18,5,2,3
2014-01-18,3,0,3
2014-01-19,0,0,0
2014-01-19,3,0,3
2014-01-19,4,3,1
2014-01-19,1,0,1
2014-01-19,2,0,2
2014-01-19,3,3,0
2014-01-19,3,3,0
2014-01-19,4,3,1
2014-01-19,11,9,2
2014-01-19,18,13,5
2014-01-19,28,14,14
2014-01-19,34,17,17
2014-01-19,35,19,16
2014-01-19,16,10,6
2014-01-19,25,15,10
2014-01-19,6,2,4
2014-01-19,6,0,6
2014-01-19,5,3,2
2014-01-19,2,0,2
2014-01-19,9,2,7
2014-01-19,8,3,5
2014-01-19,6,2,4
2014-01-19,2,1,1
2014-01-19,0,0,0
2014-01-20,0,0,0
2014-01-20,0,0,0
2014-01-20,3,2,1
2014-01-20,2,1,1
2014-01-20,4,3,1
2014-01-20,12,7,5
2014-01-20,27,21,6
2014-01-20,47,37,10
2014-01-20,46,43,3
2014-01-20,29,22,7
2014-01-20,30,21,9
2014-01-20,14,7,7
2014-01-20,33,13,20
2014-01-20,25,15,10
2014-01-20,31,14,17
2014-01-20,57,23,34
2014-01-20,65,25,40
2014-01-20,50,11,39
2014-01-20,36,8,28
2014-01-20,20,4,16
2014-01-20,9,2,7
2014-01-20,3,0,3
2014-01-20,2,0,2
2014-01-20,1,0,1
2014-01-21,0,0,0
2014-01-21,0,0,0
2014-01-21,1,0,1
2014-01-21,1,0,1
2014-01-21,2,2,0
2014-01-21,26,22,4
2014-01-21,56,46,10
2014-01-21,98,87,11
2014-01-21,99,94,5
2014-01-21,34,30,4
2014-01-21,13,12,1
2014-01-21,16,9,7
2014-01-21,18,10,8
2014-01-21,19,14,5
2014-01-21,20,7,13
2014-01-21,41,9,32
2014-01-21,64,13,51
2014-01-21,103,21,82
2014-01-21,81,7,74
2014-01-21,27,6,21
2014-01-21,13,1,12
2014-01-21,13,3,10
2014-01-21,4,1,3
2014-01-21,1,0,1
2014-01-22,2,0,2
2014-01-22,1,0,1
2014-01-22,0,0,0
2014-01-22,2,0,2
2014-01-22,9,9,0
2014-01-22,17,14,3
2014-01-22,57,49,8
2014-01-22,94,77,17
2014-01-22,97,87,10
2014-01-22,32,27,5
2014-01-22,25,20,5
2014-01-22,19,12,7
2014-01-22,12,5,7
2014-01-22,20,15,5
2014-01-22,22,6,16
2014-01-22,38,8,30
2014-01-22,58,15,43
2014-01-22,112,15,97
2014-01-22,77,12,65
2014-01-22,19,3,16
2014-01-22,25,2,23
2014-01-22,5,0,5
2014-01-22,7,2,5
2014-01-22,2,0,2
2014-01-23,1,0,1
2014-01-23,1,0,1
2014-01-23,1,0,1
2014-01-23,3,2,1
2014-01-23,6,5,1
2014-01-23,18,16,2
2014-01-23,58,51,7
2014-01-23,89,81,8
2014-01-23,93,89,4
2014-01-23,36,32,4
2014-01-23,22,12,10
2014-01-23,14,7,7
2014-01-23,17,9,8
2014-01-23,22,15,7
2014-01-23,33,17,16
2014-01-23,53,16,37
2014-01-23,86,30,56
2014-01-23,104,12,92
2014-01-23,56,5,51
2014-01-23,27,3,24
2014-01-23,17,6,11
2014-01-23,10,5,5
2014-01-23,11,2,9
2014-01-23,4,1,3
2014-01-24,2,0,2
2014-01-24,1,0,1
2014-01-24,2,1,1
2014-01-24,4,2,2
2014-01-24,5,5,0
2014-01-24,16,13,3
2014-01-24,43,37,6
2014-01-24,85,76,9
2014-01-24,84,76,8
2014-01-24,28,27,1
2014-01-24,17,14,3
2014-01-24,20,15,5
2014-01-24,10,5,5
2014-01-24,21,12,9
2014-01-24,38,13,25
2014-01-24,47,12,35
2014-01-24,67,18,49
2014-01-24,96,17,79
2014-01-24,56,7,49
2014-01-24,18,7,11
2014-01-24,12,2,10
2014-01-24,4,0,4
2014-01-24,6,1,5
2014-01-24,4,2,2
2014-01-25,3,0,3
2014-01-25,1,0,1
2014-01-25,0,0,0
2014-01-25,1,0,1
2014-01-25,3,2,1
2014-01-25,1,1,0
2014-01-25,6,6,0
2014-01-25,9,8,1
2014-01-25,19,12,7
2014-01-25,21,18,3
2014-01-25,25,16,9
2014-01-25,31,12,19
2014-01-25,45,17,28
2014-01-25,70,44,26
2014-01-25,66,40,26
2014-01-25,64,21,43
2014-01-25,55,36,19
2014-01-25,17,6,11
2014-01-25,6,2,4
2014-01-25,7,0,7
2014-01-25,2,2,0
2014-01-25,2,1,1
2014-01-25,1,0,1
2014-01-25,2,0,2
2014-01-26,3,0,3
2014-01-26,5,4,1
2014-01-26,2,1,1
2014-01-26,1,1,0
2014-01-26,2,1,1
2014-01-26,2,2,0
2014-01-26,2,2,0
2014-01-26,7,5,2
2014-01-26,9,8,1
2014-01-26,19,11,8
2014-01-26,19,9,10
2014-01-26,35,13,22
2014-01-26,46,17,29
2014-01-26,39,28,11
2014-01-26,57,26,31
2014-01-26,45,18,27
2014-01-26,42,23,19
2014-01-26,16,3,13
2014-01-26,10,4,6
2014-01-26,1,1,0
2014-01-26,3,1,2
2014-01-26,2,2,0
2014-01-26,1,0,1
2014-01-26,3,2,1
2014-01-27,2,1,1
2014-01-27,0,0,0
2014-01-27,0,0,0
2014-01-27,1,0,1
2014-01-27,5,5,0
2014-01-27,15,11,4
2014-01-27,45,36,9
2014-01-27,94,81,13
2014-01-27,82,81,1
2014-01-27,33,29,4
2014-01-27,19,15,4
2014-01-27,6,6,0
2014-01-27,15,7,8
2014-01-27,13,8,5
2014-01-27,18,9,9
2014-01-27,32,8,24
2014-01-27,64,18,46
2014-01-27,105,12,93
2014-01-27,61,5,56
2014-01-27,22,1,21
2014-01-27,12,1,11
2014-01-27,4,2,2
2014-01-27,3,0,3
2014-01-27,4,0,4
2014-01-28,2,1,1
2014-01-28,0,0,0
2014-01-28,0,0,0
2014-01-28,1,1,0
2014-01-28,3,2,1
2014-01-28,22,16,6
2014-01-28,51,43,8
2014-01-28,84,73,11
2014-01-28,94,91,3
2014-01-28,26,23,3
2014-01-28,9,7,2
2014-01-28,13,6,7
2014-01-28,12,7,5
2014-01-28,13,7,6
2014-01-28,21,7,14
2014-01-28,37,9,28
2014-01-28,54,15,39
2014-01-28,107,11,96
2014-01-28,62,9,53
2014-01-28,18,4,14
2014-01-28,8,1,7
2014-01-28,5,3,2
2014-01-28,3,0,3
2014-01-28,1,0,1
2014-01-29,2,0,2
2014-01-29,0,0,0
2014-01-29,1,0,1
2014-01-29,1,0,1
2014-01-29,4,2,2
2014-01-29,11,8,3
2014-01-29,42,34,8
2014-01-29,65,59,6
2014-01-29,82,75,7
2014-01-29,21,17,4
2014-01-29,6,6,0
2014-01-29,7,4,3
2014-01-29,6,3,3
2014-01-29,6,4,2
2014-01-29,10,4,6
2014-01-29,27,8,19
2014-01-29,42,11,31
2014-01-29,69,14,55
2014-01-29,55,9,46
2014-01-29,23,4,19
2014-01-29,11,2,9
2014-01-29,4,1,3
2014-01-29,5,1,4
2014-01-29,2,0,2
2014-01-30,1,0,1
2014-01-30,2,0,2
2014-01-30,2,0,2
2014-01-30,0,0,0
2014-01-30,2,1,1
2014-01-30,11,8,3
2014-01-30,46,39,7
2014-01-30,63,51,12
2014-01-30,81,77,4
2014-01-30,36,31,5
2014-01-30,9,8,1
2014-01-30,10,5,5
2014-01-30,10,6,4
2014-01-30,18,9,9
2014-01-30,26,14,12
2014-01-30,27,9,18
2014-01-30,57,17,40
2014-01-30,90,9,81
2014-01-30,54,6,48
2014-01-30,22,3,19
2014-01-30,11,5,6
2014-01-30,7,1,6
2014-01-30,6,3,3
2014-01-30,8,3,5
2014-01-31,2,1,1
2014-01-31,2,1,1
2014-01-31,2,1,1
2014-01-31,2,1,1
2014-01-31,3,3,0
2014-01-31,15,12,3
2014-01-31,37,29,8
2014-01-31,65,55,10
2014-01-31,68,64,4
2014-01-31,36,31,5
2014-01-31,20,12,8
2014-01-31,10,7,3
2014-01-31,18,9,9
2014-01-31,21,13,8
2014-01-31,18,11,7
2014-01-31,35,8,27
2014-01-31,55,10,45
2014-01-31,81,13,68
2014-01-31,41,10,31
2014-01-31,18,5,13
2014-01-31,0,0,0
2014-01-31,0,0,0
2014-01-31,0,0,0
2014-01-31,0,0,0
2014-02-01,4,0,4
2014-02-01,0,0,0
2014-02-01,0,0,0
2014-02-01,1,0,1
2014-02-01,1,1,0
2014-02-01,3,3,0
2014-02-01,7,6,1
2014-02-01,11,8,3
2014-02-01,33,25,8
2014-02-01,35,12,23
2014-02-01,34,16,18
2014-02-01,40,13,27
2014-02-01,37,23,14
2014-02-01,28,10,18
2014-02-01,32,19,13
2014-02-01,41,19,22
2014-02-01,22,6,16
2014-02-01,20,13,7
2014-02-01,16,9,7
2014-02-01,8,1,7
2014-02-01,5,0,5
2014-02-01,5,2,3
2014-02-01,3,0,3
2014-02-01,2,1,1
2014-02-02,2,0,2
2014-02-02,3,0,3
2014-02-02,0,0,0
2014-02-02,1,1,0
2014-02-02,1,0,1
2014-02-02,2,0,2
2014-02-02,2,1,1
2014-02-02,9,4,5
2014-02-02,12,7,5
2014-02-02,12,7,5
2014-02-02,30,20,10
2014-02-02,41,13,28
2014-02-02,44,27,17
2014-02-02,41,22,19
2014-02-02,36,16,20
2014-02-02,13,4,9
2014-02-02,16,7,9
2014-02-02,7,4,3
2014-02-02,5,3,2
2014-02-02,2,2,0
2014-02-02,8,5,3
2014-02-02,3,2,1
2014-02-02,3,2,1
2014-02-02,3,1,2
2014-02-03,2,1,1
2014-02-03,2,0,2
2014-02-03,1,0,1
2014-02-03,2,0,2
2014-02-03,4,3,1
2014-02-03,17,12,5
2014-02-03,46,36,10
2014-02-03,72,63,9
2014-02-03,79,76,3
2014-02-03,39,33,6
2014-02-03,16,15,1
2014-02-03,11,6,5
2014-02-03,15,10,5
2014-02-03,16,10,6
2014-02-03,14,5,9
2014-02-03,28,9,19
2014-02-03,62,15,47
2014-02-03,101,15,86
2014-02-03,58,3,55
2014-02-03,23,5,18
2014-02-03,8,2,6
2014-02-03,4,1,3
2014-02-03,4,0,4
2014-02-03,0,0,0
2014-02-04,2,0,2
2014-02-04,0,0,0
2014-02-04,0,0,0
2014-02-04,0,0,0
2014-02-04,2,1,1
2014-02-04,13,11,2
2014-02-04,35,28,7
2014-02-04,73,61,12
2014-02-04,85,83,2
2014-02-04,33,28,5
2014-02-04,9,8,1
2014-02-04,15,9,6
2014-02-04,11,5,6
2014-02-04,14,9,5
2014-02-04,10,1,9
2014-02-04,27,6,21
2014-02-04,44,15,29
2014-02-04,95,10,85
2014-02-04,54,6,48
2014-02-04,24,4,20
2014-02-04,9,2,7
2014-02-04,3,1,2
2014-02-04,2,0,2
2014-02-04,3,0,3
2014-02-05,3,1,2
2014-02-05,1,1,0
2014-02-05,0,0,0
2014-02-05,2,1,1
2014-02-05,3,3,0
2014-02-05,16,11,5
2014-02-05,43,36,7
2014-02-05,74,64,10
2014-02-05,69,66,3
2014-02-05,61,57,4
2014-02-05,52,50,2
2014-02-05,48,40,8
2014-02-05,37,26,11
2014-02-05,29,9,20
2014-02-05,60,16,44
2014-02-05,55,8,47
2014-02-05,63,15,48
2014-02-05,96,12,84
2014-02-05,60,9,51
2014-02-05,21,2,19
2014-02-05,4,2,2
2014-02-05,4,0,4
2014-02-05,7,1,6
2014-02-05,5,0,5
2014-02-06,0,0,0
2014-02-06,7,6,1
2014-02-06,0,0,0
2014-02-06,1,0,1
2014-02-06,3,3,0
2014-02-06,10,8,2
2014-02-06,28,20,8
2014-02-06,43,36,7
2014-02-06,54,49,5
2014-02-06,20,18,2
2014-02-06,16,12,4
2014-02-06,7,5,2
2014-02-06,11,7,4
2014-02-06,7,4,3
2014-02-06,9,4,5
2014-02-06,13,4,9
2014-02-06,43,14,29
2014-02-06,62,5,57
2014-02-06,34,4,30
2014-02-06,11,2,9
2014-02-06,4,0,4
2014-02-06,8,3,5
2014-02-06,3,2,1
2014-02-06,5,2,3
2014-02-07,1,0,1
2014-02-07,0,0,0
2014-02-07,1,0,1
2014-02-07,0,0,0
2014-02-07,3,2,1
2014-02-07,9,7,2
2014-02-07,33,32,1
2014-02-07,37,29,8
2014-02-07,49,49,0
2014-02-07,23,22,1
2014-02-07,11,7,4
2014-02-07,11,10,1
2014-02-07,3,2,1
2014-02-07,3,1,2
2014-02-07,11,4,7
2014-02-07,27,8,19
2014-02-07,41,8,33
2014-02-07,45,8,37
2014-02-07,30,5,25
2014-02-07,9,1,8
2014-02-07,7,4,3
2014-02-07,3,1,2
2014-02-07,3,1,2
2014-02-07,3,0,3
2014-02-08,3,0,3
2014-02-08,1,0,1
2014-02-08,0,0,0
2014-02-08,3,1,2
2014-02-08,0,0,0
2014-02-08,1,1,0
2014-02-08,1,1,0
2014-02-08,5,4,1
2014-02-08,10,9,1
2014-02-08,9,8,1
2014-02-08,10,3,7
2014-02-08,23,13,10
2014-02-08,24,10,14
2014-02-08,18,6,12
2014-02-08,16,8,8
2014-02-08,27,14,13
2014-02-08,9,6,3
2014-02-08,10,8,2
2014-02-08,4,1,3
2014-02-08,2,0,2
2014-02-08,1,0,1
2014-02-08,1,0,1
2014-02-08,1,0,1
2014-02-08,1,1,0
2014-02-09,1,1,0
2014-02-09,0,0,0
2014-02-09,0,0,0
2014-02-09,2,2,0
2014-02-09,0,0,0
2014-02-09,0,0,0
2014-02-09,0,0,0
2014-02-09,0,0,0
2014-02-09,0,0,0
2014-02-09,1,1,0
2014-02-09,2,1,1
2014-02-09,0,0,0
2014-02-09,1,0,1
2014-02-09,0,0,0
2014-02-09,0,0,0
2014-02-09,1,1,0
2014-02-09,2,2,0
2014-02-09,6,1,5
2014-02-09,2,0,2
2014-02-09,0,0,0
2014-02-09,1,1,0
2014-02-09,0,0,0
2014-02-09,0,0,0
2014-02-09,0,0,0
2014-02-10,1,0,1
2014-02-10,0,0,0
2014-02-10,2,1,1
2014-02-10,1,0,1
2014-02-10,5,5,0
2014-02-10,4,3,1
2014-02-10,26,22,4
2014-02-10,41,34,7
2014-02-10,44,41,3
2014-02-10,27,24,3
2014-02-10,9,7,2
2014-02-10,7,4,3
2014-02-10,7,4,3
2014-02-10,7,4,3
2014-02-10,4,2,2
2014-02-10,25,8,17
2014-02-10,33,11,22
2014-02-10,44,9,35
2014-02-10,39,7,32
2014-02-10,16,2,14
2014-02-10,8,3,5
2014-02-10,6,0,6
2014-02-10,1,0,1
2014-02-10,0,0,0
2014-02-11,2,0,2
2014-02-11,0,0,0
2014-02-11,1,0,1
2014-02-11,2,0,2
2014-02-11,1,1,0
2014-02-11,16,11,5
2014-02-11,47,39,8
2014-02-11,75,60,15
2014-02-11,79,71,8
2014-02-11,27,25,2
2014-02-11,10,9,1
2014-02-11,8,4,4
2014-02-11,11,5,6
2014-02-11,8,6,2
2014-02-11,11,2,9
2014-02-11,37,10,27
2014-02-11,41,13,28
2014-02-11,68,12,56
2014-02-11,53,6,47
2014-02-11,18,0,18
2014-02-11,10,2,8
2014-02-11,5,1,4
2014-02-11,2,1,1
2014-02-11,2,0,2
2014-02-12,4,0,4
2014-02-12,0,0,0
2014-02-12,0,0,0
2014-02-12,5,3,2
2014-02-12,4,2,2
2014-02-12,14,10,4
2014-02-12,37,35,2
2014-02-12,52,43,9
2014-02-12,64,60,4
2014-02-12,30,29,1
2014-02-12,15,13,2
2014-02-12,10,8,2
2014-02-12,18,9,9
2014-02-12,15,9,6
2014-02-12,19,8,11
2014-02-12,41,16,25
2014-02-12,62,16,46
2014-02-12,82,18,64
2014-02-12,52,14,38
2014-02-12,7,2,5
2014-02-12,20,2,18
2014-02-12,9,3,6
2014-02-12,4,0,4
2014-02-12,4,1,3
2014-02-13,2,0,2
2014-02-13,2,1,1
2014-02-13,2,1,1
2014-02-13,0,0,0
2014-02-13,6,3,3
2014-02-13,12,10,2
2014-02-13,57,47,10
2014-02-13,61,50,11
2014-02-13,82,77,5
2014-02-13,33,30,3
2014-02-13,13,13,0
2014-02-13,20,16,4
2014-02-13,14,9,5
2014-02-13,18,11,7
2014-02-13,27,10,17
2014-02-13,33,11,22
2014-02-13,63,15,48
2014-02-13,98,10,88
2014-02-13,57,12,45
2014-02-13,17,3,14
2014-02-13,14,2,12
2014-02-13,9,3,6
2014-02-13,5,1,4
2014-02-13,3,1,2
2014-02-14,6,3,3
2014-02-14,3,1,2
2014-02-14,0,0,0
2014-02-14,3,1,2
2014-02-14,5,5,0
2014-02-14,10,8,2
2014-02-14,40,31,9
2014-02-14,51,43,8
2014-02-14,48,45,3
2014-02-14,17,15,2
2014-02-14,10,9,1
2014-02-14,3,1,2
2014-02-14,6,2,4
2014-02-14,9,4,5
2014-02-14,15,8,7
2014-02-14,27,10,17
2014-02-14,55,13,42
2014-02-14,50,10,40
2014-02-14,34,4,30
2014-02-14,10,4,6
2014-02-14,8,1,7
2014-02-14,2,0,2
2014-02-14,3,1,2
2014-02-14,2,0,2
2014-02-15,2,1,1
2014-02-15,1,0,1
2014-02-15,1,0,1
2014-02-15,4,0,4
2014-02-15,1,1,0
2014-02-15,3,2,1
2014-02-15,6,3,3
2014-02-15,6,4,2
2014-02-15,18,14,4
2014-02-15,25,19,6
2014-02-15,27,16,11
2014-02-15,27,9,18
2014-02-15,14,6,8
2014-02-15,12,4,8
2014-02-15,3,2,1
2014-02-15,5,0,5
2014-02-15,4,3,1
2014-02-15,16,5,11
2014-02-15,3,0,3
2014-02-15,5,2,3
2014-02-15,3,1,2
2014-02-15,2,0,2
2014-02-15,1,0,1
2014-02-15,1,0,1
2014-02-16,2,1,1
2014-02-16,0,0,0
2014-02-16,0,0,0
2014-02-16,1,1,0
2014-02-16,1,1,0
2014-02-16,0,0,0
2014-02-16,2,1,1
2014-02-16,3,3,0
2014-02-16,5,4,1
2014-02-16,11,9,2
2014-02-16,11,5,6
2014-02-16,8,3,5
2014-02-16,5,4,1
2014-02-16,9,2,7
2014-02-16,11,10,1
2014-02-16,5,3,2
2014-02-16,4,2,2
2014-02-16,8,2,6
2014-02-16,3,1,2
2014-02-16,1,1,0
2014-02-16,1,0,1
2014-02-16,1,0,1
2014-02-16,1,0,1
2014-02-16,0,0,0
2014-02-17,0,0,0
2014-02-17,1,1,0
2014-02-17,0,0,0
2014-02-17,4,1,3
2014-02-17,2,2,0
2014-02-17,4,2,2
2014-02-17,10,7,3
2014-02-17,13,12,1
2014-02-17,21,18,3
2014-02-17,23,22,1
2014-02-17,12,8,4
2014-02-17,5,4,1
2014-02-17,13,10,3
2014-02-17,8,3,5
2014-02-17,8,3,5
2014-02-17,16,7,9
2014-02-17,24,8,16
2014-02-17,26,8,18
2014-02-17,25,2,23
2014-02-17,11,3,8
2014-02-17,5,2,3
2014-02-17,4,1,3
2014-02-17,6,1,5
2014-02-17,1,1,0
2014-02-18,0,0,0
2014-02-18,0,0,0
2014-02-18,0,0,0
2014-02-18,3,1,2
2014-02-18,3,2,1
2014-02-18,19,15,4
2014-02-18,37,33,4
2014-02-18,59,51,8
2014-02-18,56,52,4
2014-02-18,23,21,2
2014-02-18,4,4,0
2014-02-18,4,2,2
2014-02-18,5,4,1
2014-02-18,4,1,3
2014-02-18,8,4,4
2014-02-18,19,4,15
2014-02-18,47,11,36
2014-02-18,73,9,64
2014-02-18,32,4,28
2014-02-18,11,1,10
2014-02-18,9,1,8
2014-02-18,5,2,3
2014-02-18,4,0,4
2014-02-18,1,0,1
2014-02-19,1,0,1
2014-02-19,0,0,0
2014-02-19,0,0,0
2014-02-19,3,1,2
2014-02-19,2,2,0
2014-02-19,13,10,3
2014-02-19,40,31,9
2014-02-19,71,63,8
2014-02-19,71,65,6
2014-02-19,40,34,6
2014-02-19,15,13,2
2014-02-19,10,9,1
2014-02-19,14,7,7
2014-02-19,11,7,4
2014-02-19,28,9,19
2014-02-19,35,11,24
2014-02-19,48,17,31
2014-02-19,89,11,78
2014-02-19,53,6,47
2014-02-19,29,6,23
2014-02-19,14,4,10
2014-02-19,3,0,3
2014-02-19,4,0,4
2014-02-19,4,0,4
2014-02-20,1,0,1
2014-02-20,1,1,0
2014-02-20,4,2,2
2014-02-20,1,0,1
2014-02-20,3,3,0
2014-02-20,7,5,2
2014-02-20,41,35,6
2014-02-20,64,56,8
2014-02-20,67,60,7
2014-02-20,22,19,3
2014-02-20,11,8,3
2014-02-20,11,9,2
2014-02-20,10,4,6
2014-02-20,15,10,5
2014-02-20,21,13,8
2014-02-20,36,6,30
2014-02-20,44,11,33
2014-02-20,85,14,71
2014-02-20,48,9,39
2014-02-20,21,3,18
2014-02-20,14,7,7
2014-02-20,7,3,4
2014-02-20,7,0,7
2014-02-20,8,4,4
2014-02-21,2,0,2
2014-02-21,0,0,0
2014-02-21,1,0,1
2014-02-21,2,1,1
2014-02-21,6,5,1
2014-02-21,13,12,1
2014-02-21,33,27,6
2014-02-21,57,51,6
2014-02-21,53,48,5
2014-02-21,40,34,6
2014-02-21,9,8,1
2014-02-21,10,8,2
2014-02-21,4,0,4
2014-02-21,7,1,6
2014-02-21,19,11,8
2014-02-21,29,6,23
2014-02-21,44,9,35
2014-02-21,74,12,62
2014-02-21,41,7,34
2014-02-21,12,2,10
2014-02-21,7,2,5
2014-02-21,3,0,3
2014-02-21,7,3,4
2014-02-21,3,1,2
2014-02-22,1,1,0
2014-02-22,3,1,2
2014-02-22,1,1,0
2014-02-22,2,0,2
2014-02-22,0,0,0
2014-02-22,0,0,0
2014-02-22,3,3,0
2014-02-22,7,3,4
2014-02-22,14,12,2
2014-02-22,7,5,2
2014-02-22,14,7,7
2014-02-22,15,2,13
2014-02-22,15,9,6
2014-02-22,16,9,7
2014-02-22,14,7,7
2014-02-22,13,7,6
2014-02-22,10,5,5
2014-02-22,15,6,9
2014-02-22,9,3,6
2014-02-22,1,0,1
2014-02-22,1,0,1
2014-02-22,0,0,0
2014-02-22,4,1,3
2014-02-22,3,2,1
2014-02-23,1,1,0
2014-02-23,1,1,0
2014-02-23,0,0,0
2014-02-23,0,0,0
2014-02-23,0,0,0
2014-02-23,2,0,2
2014-02-23,6,6,0
2014-02-23,29,28,1
2014-02-23,18,16,2
2014-02-23,15,11,4
2014-02-23,14,3,11
2014-02-23,28,17,11
2014-02-23,22,5,17
2014-02-23,29,11,18
2014-02-23,12,3,9
2014-02-23,17,3,14
2014-02-23,9,4,5
2014-02-23,4,2,2
2014-02-23,7,4,3
2014-02-23,0,0,0
2014-02-23,1,0,1
2014-02-23,1,0,1
2014-02-23,2,2,0
2014-02-23,1,1,0
2014-02-24,1,0,1
2014-02-24,0,0,0
2014-02-24,1,1,0
2014-02-24,2,1,1
2014-02-24,2,2,0
2014-02-24,20,15,5
2014-02-24,40,31,9
2014-02-24,69,60,9
2014-02-24,56,49,7
2014-02-24,22,19,3
2014-02-24,6,6,0
2014-02-24,5,4,1
2014-02-24,3,2,1
2014-02-24,7,5,2
2014-02-24,8,3,5
2014-02-24,26,5,21
2014-02-24,41,12,29
2014-02-24,81,14,67
2014-02-24,47,5,42
2014-02-24,13,2,11
2014-02-24,8,1,7
2014-02-24,5,2,3
2014-02-24,2,0,2
2014-02-24,0,0,0
2014-02-25,1,0,1
2014-02-25,3,1,2
2014-02-25,1,1,0
2014-02-25,3,1,2
2014-02-25,0,0,0
2014-02-25,25,20,5
2014-02-25,44,38,6
2014-02-25,87,73,14
2014-02-25,92,84,8
2014-02-25,34,30,4
2014-02-25,18,12,6
2014-02-25,13,10,3
2014-02-25,18,11,7
2014-02-25,14,10,4
2014-02-25,35,15,20
2014-02-25,43,15,28
2014-02-25,68,22,46
2014-02-25,110,19,91
2014-02-25,68,13,55
2014-02-25,22,4,18
2014-02-25,16,0,16
2014-02-25,9,1,8
2014-02-25,2,0,2
2014-02-25,5,2,3
2014-02-26,3,1,2
2014-02-26,0,0,0
2014-02-26,2,1,1
2014-02-26,2,1,1
2014-02-26,3,3,0
2014-02-26,21,18,3
2014-02-26,64,53,11
2014-02-26,98,81,17
2014-02-26,80,71,9
2014-02-26,51,48,3
2014-02-26,17,12,5
2014-02-26,15,12,3
2014-02-26,23,12,11
2014-02-26,20,10,10
2014-02-26,25,11,14
2014-02-26,39,12,27
2014-02-26,86,32,54
2014-02-26,141,27,114
2014-02-26,76,15,61
2014-02-26,32,5,27
2014-02-26,25,8,17
2014-02-26,6,2,4
2014-02-26,6,1,5
2014-02-26,5,1,4
2014-02-27,1,0,1
2014-02-27,1,0,1
2014-02-27,0,0,0
2014-02-27,1,0,1
2014-02-27,3,2,1
2014-02-27,16,11,5
2014-02-27,42,36,6
2014-02-27,97,82,15
2014-02-27,87,77,10
2014-02-27,50,42,8
2014-02-27,21,16,5
2014-02-27,18,14,4
2014-02-27,22,10,12
2014-02-27,16,4,12
2014-02-27,34,12,22
2014-02-27,37,16,21
2014-02-27,66,20,46
2014-02-27,109,19,90
2014-02-27,70,10,60
2014-02-27,25,4,21
2014-02-27,21,6,15
2014-02-27,7,1,6
2014-02-27,9,2,7
2014-02-27,6,2,4
2014-02-28,3,1,2
2014-02-28,2,1,1
2014-02-28,2,1,1
2014-02-28,5,2,3
2014-02-28,5,5,0
2014-02-28,17,14,3
2014-02-28,38,31,7
2014-02-28,92,79,13
2014-02-28,83,73,10
2014-02-28,31,29,2
2014-02-28,25,21,4
2014-02-28,22,14,8
2014-02-28,19,8,11
2014-02-28,28,15,13
2014-02-28,38,17,21
2014-02-28,47,18,29
2014-02-28,67,19,48
2014-02-28,99,18,81
2014-02-28,54,15,39
2014-02-28,24,7,17
2014-02-28,11,3,8
2014-02-28,5,0,5
2014-02-28,4,0,4
2014-02-28,6,4,2
2014-03-01,3,2,1
2014-03-01,2,1,1
2014-03-01,2,1,1
2014-03-01,1,0,1
2014-03-01,3,1,2
2014-03-01,4,3,1
2014-03-01,5,4,1
2014-03-01,5,5,0
2014-03-01,20,17,3
2014-03-01,32,18,14
2014-03-01,29,20,9
2014-03-01,38,16,22
2014-03-01,39,18,21
2014-03-01,33,13,20
2014-03-01,8,3,5
2014-03-01,14,6,8
2014-03-01,11,2,9
2014-03-01,14,1,13
2014-03-01,9,4,5
2014-03-01,5,1,4
2014-03-01,4,2,2
2014-03-01,1,0,1
2014-03-01,2,1,1
2014-03-01,3,2,1
2014-03-02,2,1,1
2014-03-02,3,0,3
2014-03-02,2,2,0
2014-03-02,2,1,1
2014-03-02,2,2,0
2014-03-02,2,1,1
2014-03-02,2,1,1
2014-03-02,3,3,0
2014-03-02,3,2,1
2014-03-02,9,5,4
2014-03-02,16,12,4
2014-03-02,7,4,3
2014-03-02,5,2,3
2014-03-02,4,1,3
2014-03-02,5,1,4
2014-03-02,12,3,9
2014-03-02,7,1,6
2014-03-02,4,1,3
2014-03-02,2,2,0
2014-03-02,0,0,0
2014-03-02,1,0,1
2014-03-02,1,1,0
2014-03-02,1,0,1
2014-03-02,0,0,0
2014-03-03,0,0,0
2014-03-03,0,0,0
2014-03-03,0,0,0
2014-03-03,2,1,1
2014-03-03,3,2,1
2014-03-03,13,10,3
2014-03-03,34,31,3
2014-03-03,60,54,6
2014-03-03,48,46,2
2014-03-03,16,14,2
2014-03-03,4,4,0
2014-03-03,4,3,1
2014-03-03,9,6,3
2014-03-03,10,7,3
2014-03-03,14,6,8
2014-03-03,36,8,28
2014-03-03,51,20,31
2014-03-03,79,11,68
2014-03-03,38,5,33
2014-03-03,27,6,21
2014-03-03,7,1,6
2014-03-03,4,1,3
2014-03-03,3,2,1
2014-03-03,1,0,1
2014-03-04,2,1,1
2014-03-04,2,1,1
2014-03-04,1,1,0
2014-03-04,2,2,0
2014-03-04,1,0,1
2014-03-04,16,13,3
2014-03-04,48,42,6
2014-03-04,70,57,13
2014-03-04,56,51,5
2014-03-04,29,28,1
2014-03-04,6,4,2
2014-03-04,5,5,0
2014-03-04,7,3,4
2014-03-04,10,4,6
2014-03-04,8,2,6
2014-03-04,20,9,11
2014-03-04,38,11,27
2014-03-04,89,17,72
2014-03-04,34,3,31
2014-03-04,21,2,19
2014-03-04,8,2,6
2014-03-04,3,0,3
2014-03-04,1,1,0
2014-03-04,5,0,5
2014-03-05,2,0,2
2014-03-05,1,1,0
2014-03-05,1,0,1
2014-03-05,1,1,0
2014-03-05,2,2,0
2014-03-05,9,8,1
2014-03-05,33,28,5
2014-03-05,59,51,8
2014-03-05,63,55,8
2014-03-05,18,17,1
2014-03-05,16,11,5
2014-03-05,6,5,1
2014-03-05,16,11,5
2014-03-05,12,9,3
2014-03-05,19,8,11
2014-03-05,23,5,18
2014-03-05,36,11,25
2014-03-05,53,8,45
2014-03-05,49,5,44
2014-03-05,16,3,13
2014-03-05,14,3,11
2014-03-05,9,1,8
2014-03-05,4,1,3
2014-03-05,4,2,2
2014-03-06,1,0,1
2014-03-06,0,0,0
2014-03-06,2,1,1
2014-03-06,1,1,0
2014-03-06,2,2,0
2014-03-06,11,9,2
2014-03-06,34,28,6
2014-03-06,56,51,5
2014-03-06,66,60,6
2014-03-06,28,25,3
2014-03-06,7,5,2
2014-03-06,5,3,2
2014-03-06,12,6,6
2014-03-06,10,9,1
2014-03-06,10,8,2
2014-03-06,24,5,19
2014-03-06,43,14,29
2014-03-06,62,8,54
2014-03-06,56,12,44
2014-03-06,20,4,16
2014-03-06,12,3,9
2014-03-06,9,5,4
2014-03-06,5,1,4
2014-03-06,3,0,3
2014-03-07,7,2,5
2014-03-07,1,0,1
2014-03-07,3,1,2
2014-03-07,2,1,1
2014-03-07,4,4,0
2014-03-07,14,12,2
2014-03-07,45,37,8
2014-03-07,93,75,18
2014-03-07,67,64,3
2014-03-07,33,25,8
2014-03-07,28,21,7
2014-03-07,14,11,3
2014-03-07,17,11,6
2014-03-07,33,20,13
2014-03-07,26,11,15
2014-03-07,54,15,39
2014-03-07,69,19,50
2014-03-07,100,15,85
2014-03-07,64,14,50
2014-03-07,19,6,13
2014-03-07,14,4,10
2014-03-07,5,0,5
2014-03-07,3,1,2
2014-03-07,5,3,2
2014-03-08,3,0,3
2014-03-08,0,0,0
2014-03-08,1,0,1
2014-03-08,6,4,2
2014-03-08,3,2,1
2014-03-08,2,2,0
2014-03-08,9,7,2
2014-03-08,10,6,4
2014-03-08,29,20,9
2014-03-08,33,14,19
2014-03-08,31,16,15
2014-03-08,24,12,12
2014-03-08,12,7,5
2014-03-08,12,5,7
2014-03-08,6,3,3
2014-03-08,10,4,6
2014-03-08,5,4,1
2014-03-08,3,0,3
2014-03-08,2,0,2
2014-03-08,3,2,1
2014-03-08,0,0,0
2014-03-08,1,0,1
2014-03-08,0,0,0
2014-03-08,1,1,0
2014-03-09,2,0,2
2014-03-09,0,0,0
2014-03-09,0,0,0
2014-03-09,2,0,2
2014-03-09,1,1,0
2014-03-09,2,1,1
2014-03-09,1,0,1
2014-03-09,0,0,0
2014-03-09,1,1,0
2014-03-09,6,4,2
2014-03-09,12,8,4
2014-03-09,17,7,10
2014-03-09,31,13,18
2014-03-09,40,24,16
2014-03-09,43,23,20
2014-03-09,54,14,40
2014-03-09,40,24,16
2014-03-09,13,8,5
2014-03-09,13,10,3
2014-03-09,6,4,2
2014-03-09,3,3,0
2014-03-09,2,0,2
2014-03-09,3,1,2
2014-03-09,0,0,0
2014-03-10,1,0,1
2014-03-10,0,0,0
2014-03-10,0,0,0
2014-03-10,3,1,2
2014-03-10,3,2,1
2014-03-10,9,5,4
2014-03-10,42,36,6
2014-03-10,62,51,11
2014-03-10,55,46,9
2014-03-10,32,30,2
2014-03-10,10,10,0
2014-03-10,7,5,2
2014-03-10,6,6,0
2014-03-10,8,4,4
2014-03-10,14,7,7
2014-03-10,23,9,14
2014-03-10,65,21,44
2014-03-10,63,9,54
2014-03-10,54,7,47
2014-03-10,22,2,20
2014-03-10,5,1,4
2014-03-10,3,0,3
2014-03-10,6,1,5
2014-03-10,2,0,2
2014-03-11,1,0,1
2014-03-11,0,0,0
2014-03-11,1,0,1
2014-03-11,1,0,1
2014-03-11,2,2,0
2014-03-11,18,14,4
2014-03-11,56,46,10
2014-03-11,107,90,17
2014-03-11,94,83,11
2014-03-11,52,42,10
2014-03-11,16,12,4
2014-03-11,22,14,8
2014-03-11,25,10,15
2014-03-11,33,19,14
2014-03-11,31,11,20
2014-03-11,71,20,51
2014-03-11,84,29,55
2014-03-11,146,26,120
2014-03-11,101,18,83
2014-03-11,35,6,29
2014-03-11,12,2,10
2014-03-11,17,6,11
2014-03-11,9,2,7
2014-03-11,0,0,0
2014-03-12,6,2,4
2014-03-12,2,2,0
2014-03-12,1,0,1
2014-03-12,2,1,1
2014-03-12,4,4,0
2014-03-12,19,14,5
2014-03-12,62,50,12
2014-03-12,108,91,17
2014-03-12,120,109,11
2014-03-12,55,49,6
2014-03-12,30,24,6
2014-03-12,19,8,11
2014-03-12,21,13,8
2014-03-12,39,14,25
2014-03-12,47,18,29
2014-03-12,54,16,38
2014-03-12,95,32,63
2014-03-12,141,25,116
2014-03-12,134,26,108
2014-03-12,40,5,35
2014-03-12,22,8,14
2014-03-12,9,5,4
2014-03-12,10,0,10
2014-03-12,7,5,2
2014-03-13,0,0,0
2014-03-13,1,0,1
2014-03-13,1,0,1
2014-03-13,3,1,2
2014-03-13,5,5,0
2014-03-13,21,17,4
2014-03-13,61,54,7
2014-03-13,114,102,12
2014-03-13,83,74,9
2014-03-13,50,41,9
2014-03-13,21,19,2
2014-03-13,17,12,5
2014-03-13,26,11,15
2014-03-13,25,13,12
2014-03-13,30,14,16
2014-03-13,47,16,31
2014-03-13,68,17,51
2014-03-13,127,22,105
2014-03-13,95,20,75
2014-03-13,104,11,93
2014-03-13,24,13,11
2014-03-13,15,9,6
2014-03-13,13,6,7
2014-03-13,10,6,4
2014-03-14,15,11,4
2014-03-14,9,8,1
2014-03-14,0,0,0
2014-03-14,1,1,0
2014-03-14,4,4,0
2014-03-14,12,11,1
2014-03-14,30,25,5
2014-03-14,53,44,9
2014-03-14,64,59,5
2014-03-14,18,17,1
2014-03-14,13,12,1
2014-03-14,10,6,4
2014-03-14,18,9,9
2014-03-14,15,9,6
2014-03-14,20,8,12
2014-03-14,24,4,20
2014-03-14,53,16,37
2014-03-14,52,7,45
2014-03-14,53,9,44
2014-03-14,15,6,9
2014-03-14,11,3,8
2014-03-14,3,0,3
2014-03-14,4,2,2
2014-03-14,5,3,2
2014-03-15,1,0,1
2014-03-15,5,2,3
2014-03-15,3,0,3
2014-03-15,4,2,2
2014-03-15,0,0,0
2014-03-15,2,2,0
2014-03-15,2,2,0
2014-03-15,1,0,1
2014-03-15,26,13,13
2014-03-15,16,10,6
2014-03-15,19,11,8
2014-03-15,24,5,19
2014-03-15,35,23,12
2014-03-15,35,20,15
2014-03-15,28,18,10
2014-03-15,29,14,15
2014-03-15,20,6,14
2014-03-15,19,7,12
2014-03-15,11,4,7
2014-03-15,1,0,1
2014-03-15,5,2,3
2014-03-15,4,3,1
2014-03-15,0,0,0
2014-03-15,2,1,1
2014-03-16,2,1,1
2014-03-16,1,0,1
2014-03-16,1,0,1
2014-03-16,0,0,0
2014-03-16,0,0,0
2014-03-16,3,1,2
2014-03-16,3,2,1
2014-03-16,4,2,2
2014-03-16,1,1,0
2014-03-16,3,3,0
2014-03-16,9,9,0
2014-03-16,3,0,3
2014-03-16,9,6,3
2014-03-16,5,4,1
2014-03-16,6,2,4
2014-03-16,8,4,4
2014-03-16,5,0,5
2014-03-16,3,0,3
2014-03-16,2,2,0
2014-03-16,4,2,2
2014-03-16,1,0,1
2014-03-16,0,0,0
2014-03-16,0,0,0
2014-03-16,2,0,2
2014-03-17,1,1,0
2014-03-17,0,0,0
2014-03-17,0,0,0
2014-03-17,1,1,0
2014-03-17,2,1,1
2014-03-17,15,12,3
2014-03-17,54,47,7
2014-03-17,86,74,12
2014-03-17,86,78,8
2014-03-17,48,40,8
2014-03-17,18,12,6
2014-03-17,15,8,7
2014-03-17,11,7,4
2014-03-17,21,12,9
2014-03-17,26,11,15
2014-03-17,54,14,40
2014-03-17,81,28,53
2014-03-17,116,16,100
2014-03-17,89,15,74
2014-03-17,26,7,19
2014-03-17,14,3,11
2014-03-17,11,3,8
2014-03-17,3,0,3
2014-03-17,3,1,2
2014-03-18,1,0,1
2014-03-18,0,0,0
2014-03-18,0,0,0
2014-03-18,2,1,1
2014-03-18,0,0,0
2014-03-18,22,17,5
2014-03-18,63,49,14
2014-03-18,93,82,11
2014-03-18,102,82,20
2014-03-18,47,39,8
2014-03-18,20,17,3
2014-03-18,24,13,11
2014-03-18,21,18,3
2014-03-18,17,9,8
2014-03-18,24,8,16
2014-03-18,42,14,28
2014-03-18,59,15,44
2014-03-18,115,16,99
2014-03-18,72,10,62
2014-03-18,28,3,25
2014-03-18,14,1,13
2014-03-18,5,0,5
2014-03-18,5,1,4
2014-03-18,4,0,4
2014-03-19,5,2,3
2014-03-19,0,0,0
2014-03-19,3,1,2
2014-03-19,3,0,3
2014-03-19,5,4,1
2014-03-19,15,11,4
2014-03-19,47,41,6
2014-03-19,72,61,11
2014-03-19,83,76,7
2014-03-19,33,30,3
2014-03-19,13,9,4
2014-03-19,13,10,3
2014-03-19,10,8,2
2014-03-19,19,13,6
2014-03-19,17,7,10
2014-03-19,39,10,29
2014-03-19,62,12,50
2014-03-19,75,16,59
2014-03-19,64,10,54
2014-03-19,23,2,21
2014-03-19,12,2,10
2014-03-19,13,2,11
2014-03-19,4,2,2
2014-03-19,5,3,2
2014-03-20,3,0,3
2014-03-20,1,0,1
2014-03-20,2,1,1
2014-03-20,2,2,0
2014-03-20,3,2,1
2014-03-20,18,16,2
2014-03-20,59,49,10
2014-03-20,74,66,8
2014-03-20,92,84,8
2014-03-20,39,35,4
2014-03-20,14,10,4
2014-03-20,19,12,7
2014-03-20,24,14,10
2014-03-20,19,10,9
2014-03-20,25,7,18
2014-03-20,47,15,32
2014-03-20,64,21,43
2014-03-20,105,13,92
2014-03-20,62,17,45
2014-03-20,35,6,29
2014-03-20,19,3,16
2014-03-20,9,5,4
2014-03-20,5,1,4
2014-03-20,5,0,5
2014-03-21,0,0,0
2014-03-21,0,0,0
2014-03-21,2,0,2
2014-03-21,4,1,3
2014-03-21,4,4,0
2014-03-21,11,10,1
2014-03-21,42,32,10
2014-03-21,81,73,8
2014-03-21,86,72,14
2014-03-21,51,43,8
2014-03-21,28,19,9
2014-03-21,24,14,10
2014-03-21,26,13,13
2014-03-21,34,16,18
2014-03-21,41,14,27
2014-03-21,45,14,31
2014-03-21,75,19,56
2014-03-21,94,25,69
2014-03-21,76,13,63
2014-03-21,22,8,14
2014-03-21,10,3,7
2014-03-21,3,2,1
2014-03-21,0,0,0
2014-03-21,5,4,1
2014-03-22,3,2,1
2014-03-22,3,1,2
2014-03-22,1,0,1
2014-03-22,1,1,0
2014-03-22,0,0,0
2014-03-22,2,2,0
2014-03-22,3,3,0
2014-03-22,11,10,1
2014-03-22,23,16,7
2014-03-22,35,21,14
2014-03-22,70,33,37
2014-03-22,59,27,32
2014-03-22,52,25,27
2014-03-22,46,22,24
2014-03-22,53,34,19
2014-03-22,50,19,31
2014-03-22,44,23,21
2014-03-22,42,26,16
2014-03-22,19,6,13
2014-03-22,10,2,8
2014-03-22,6,2,4
2014-03-22,3,2,1
2014-03-22,11,3,8
2014-03-22,5,2,3
2014-03-23,4,0,4
2014-03-23,0,0,0
2014-03-23,1,0,1
2014-03-23,1,1,0
2014-03-23,0,0,0
2014-03-23,2,1,1
2014-03-23,4,3,1
2014-03-23,7,5,2
2014-03-23,16,13,3
2014-03-23,44,19,25
2014-03-23,45,20,25
2014-03-23,64,32,32
2014-03-23,58,21,37
2014-03-23,71,41,30
2014-03-23,81,46,35
2014-03-23,79,37,42
2014-03-23,68,31,37
2014-03-23,55,39,16
2014-03-23,19,9,10
2014-03-23,16,6,10
2014-03-23,11,3,8
2014-03-23,6,1,5
2014-03-23,3,3,0
2014-03-23,1,0,1
2014-03-24,2,0,2
2014-03-24,1,1,0
2014-03-24,0,0,0
2014-03-24,1,1,0
2014-03-24,5,5,0
2014-03-24,22,18,4
2014-03-24,66,54,12
2014-03-24,111,101,10
2014-03-24,105,95,10
2014-03-24,54,49,5
2014-03-24,26,13,13
2014-03-24,17,9,8
2014-03-24,20,12,8
2014-03-24,42,23,19
2014-03-24,40,16,24
2014-03-24,83,27,56
2014-03-24,117,25,92
2014-03-24,164,35,129
2014-03-24,102,24,78
2014-03-24,49,16,33
2014-03-24,21,9,12
2014-03-24,11,3,8
2014-03-24,8,2,6
2014-03-24,6,2,4
2014-03-25,5,1,4
2014-03-25,0,0,0
2014-03-25,1,0,1
2014-03-25,1,0,1
2014-03-25,4,3,1
2014-03-25,24,18,6
2014-03-25,54,43,11
2014-03-25,91,70,21
2014-03-25,71,61,10
2014-03-25,34,31,3
2014-03-25,6,4,2
2014-03-25,6,3,3
2014-03-25,13,5,8
2014-03-25,8,5,3
2014-03-25,13,5,8
2014-03-25,29,11,18
2014-03-25,47,7,40
2014-03-25,65,4,61
2014-03-25,55,8,47
2014-03-25,19,2,17
2014-03-25,12,3,9
2014-03-25,7,2,5
2014-03-25,2,1,1
2014-03-25,0,0,0
2014-03-26,1,1,0
2014-03-26,0,0,0
2014-03-26,2,1,1
2014-03-26,3,2,1
2014-03-26,3,2,1
2014-03-26,18,14,4
2014-03-26,44,38,6
2014-03-26,72,57,15
2014-03-26,79,74,5
2014-03-26,31,26,5
2014-03-26,13,10,3
2014-03-26,13,9,4
2014-03-26,9,5,4
2014-03-26,18,12,6
2014-03-26,11,3,8
2014-03-26,32,5,27
2014-03-26,49,15,34
2014-03-26,87,9,78
2014-03-26,52,8,44
2014-03-26,16,1,15
2014-03-26,13,4,9
2014-03-26,6,0,6
2014-03-26,4,0,4
2014-03-26,4,1,3
2014-03-27,2,1,1
2014-03-27,3,3,0
2014-03-27,1,1,0
2014-03-27,2,2,0
2014-03-27,2,1,1
2014-03-27,16,14,2
2014-03-27,51,42,9
2014-03-27,76,66,10
2014-03-27,68,64,4
2014-03-27,33,25,8
2014-03-27,10,8,2
2014-03-27,7,5,2
2014-03-27,21,11,10
2014-03-27,13,7,6
2014-03-27,24,12,12
2014-03-27,39,14,25
2014-03-27,57,11,46
2014-03-27,92,22,70
2014-03-27,77,13,64
2014-03-27,24,7,17
2014-03-27,12,4,8
2014-03-27,12,4,8
2014-03-27,5,3,2
2014-03-27,4,1,3
2014-03-28,2,1,1
2014-03-28,1,0,1
2014-03-28,2,1,1
2014-03-28,2,1,1
2014-03-28,3,3,0
2014-03-28,15,13,2
2014-03-28,25,20,5
2014-03-28,43,39,4
2014-03-28,47,44,3
2014-03-28,18,13,5
2014-03-28,10,8,2
2014-03-28,8,5,3
2014-03-28,6,4,2
2014-03-28,6,2,4
2014-03-28,16,4,12
2014-03-28,14,6,8
2014-03-28,39,5,34
2014-03-28,46,5,41
2014-03-28,30,5,25
2014-03-28,16,1,15
2014-03-28,7,2,5
2014-03-28,3,1,2
2014-03-28,2,1,1
2014-03-28,4,1,3
2014-03-29,0,0,0
2014-03-29,2,0,2
2014-03-29,1,1,0
2014-03-29,1,0,1
2014-03-29,1,1,0
2014-03-29,3,3,0
2014-03-29,1,1,0
2014-03-29,5,4,1
2014-03-29,7,4,3
2014-03-29,7,5,2
2014-03-29,6,6,0
2014-03-29,6,3,3
2014-03-29,8,4,4
2014-03-29,13,2,11
2014-03-29,13,7,6
2014-03-29,12,7,5
2014-03-29,4,3,1
2014-03-29,8,4,4
2014-03-29,8,4,4
2014-03-29,5,4,1
2014-03-29,3,0,3
2014-03-29,1,1,0
2014-03-29,2,2,0
2014-03-29,0,0,0
2014-03-30,0,0,0
2014-03-30,3,0,3
2014-03-30,0,0,0
2014-03-30,0,0,0
2014-03-30,2,1,1
2014-03-30,0,0,0
2014-03-30,9,7,2
2014-03-30,6,5,1
2014-03-30,7,3,4
2014-03-30,22,12,10
2014-03-30,14,11,3
2014-03-30,30,14,16
2014-03-30,32,21,11
2014-03-30,33,13,20
2014-03-30,39,11,28
2014-03-30,37,23,14
2014-03-30,32,17,15
2014-03-30,20,6,14
2014-03-30,13,9,4
2014-03-30,10,7,3
2014-03-30,5,2,3
2014-03-30,1,1,0
2014-03-30,3,2,1
2014-03-30,6,4,2
2014-03-31,1,0,1
2014-03-31,0,0,0
2014-03-31,2,2,0
2014-03-31,2,2,0
2014-03-31,5,3,2
2014-03-31,20,19,1
2014-03-31,67,53,14
2014-03-31,101,89,12
2014-03-31,112,104,8
2014-03-31,58,48,10
2014-03-31,26,22,4
2014-03-31,24,16,8
2014-03-31,24,16,8
2014-03-31,29,13,16
2014-03-31,31,14,17
2014-03-31,60,23,37
2014-03-31,87,26,61
2014-03-31,158,24,134
2014-03-31,120,25,95
2014-03-31,47,14,33
2014-03-31,15,3,12
2014-03-31,9,1,8
2014-03-31,10,4,6
2014-03-31,2,0,2
2014-04-01,3,0,3
2014-04-01,0,0,0
2014-04-01,0,0,0
2014-04-01,0,0,0
2014-04-01,3,3,0
2014-04-01,28,22,6
2014-04-01,66,56,10
2014-04-01,123,103,20
2014-04-01,122,108,14
2014-04-01,53,43,10
2014-04-01,28,23,5
2014-04-01,17,8,9
2014-04-01,24,15,9
2014-04-01,24,16,8
2014-04-01,35,12,23
2014-04-01,52,19,33
2014-04-01,98,24,74
2014-04-01,155,26,129
2014-04-01,113,23,90
2014-04-01,44,9,35
2014-04-01,26,12,14
2014-04-01,12,2,10
2014-04-01,9,3,6
2014-04-01,5,0,5
2014-04-02,2,0,2
2014-04-02,2,1,1
2014-04-02,1,1,0
2014-04-02,2,1,1
2014-04-02,4,4,0
2014-04-02,22,18,4
2014-04-02,66,52,14
2014-04-02,101,84,17
2014-04-02,113,103,10
2014-04-02,39,38,1
2014-04-02,25,19,6
2014-04-02,14,8,6
2014-04-02,24,13,11
2014-04-02,29,15,14
2014-04-02,34,18,16
2014-04-02,51,22,29
2014-04-02,82,25,57
2014-04-02,146,20,126
2014-04-02,97,21,76
2014-04-02,42,11,31
2014-04-02,26,9,17
2014-04-02,16,1,15
2014-04-02,5,0,5
2014-04-02,4,1,3
2014-04-03,3,1,2
2014-04-03,3,0,3
2014-04-03,2,1,1
2014-04-03,4,2,2
2014-04-03,6,4,2
2014-04-03,24,21,3
2014-04-03,52,40,12
2014-04-03,88,78,10
2014-04-03,100,85,15
2014-04-03,37,30,7
2014-04-03,14,13,1
2014-04-03,10,6,4
2014-04-03,14,6,8
2014-04-03,25,15,10
2014-04-03,30,17,13
2014-04-03,22,6,16
2014-04-03,54,15,39
2014-04-03,86,12,74
2014-04-03,57,7,50
2014-04-03,20,3,17
2014-04-03,9,3,6
2014-04-03,6,2,4
2014-04-03,6,2,4
2014-04-03,3,0,3
2014-04-04,2,0,2
2014-04-04,0,0,0
2014-04-04,0,0,0
2014-04-04,2,2,0
2014-04-04,3,3,0
2014-04-04,15,13,2
2014-04-04,39,32,7
2014-04-04,78,68,10
2014-04-04,74,69,5
2014-04-04,35,31,4
2014-04-04,15,10,5
2014-04-04,12,7,5
2014-04-04,18,13,5
2014-04-04,13,5,8
2014-04-04,27,6,21
2014-04-04,39,18,21
2014-04-04,75,22,53
2014-04-04,93,16,77
2014-04-04,68,11,57
2014-04-04,22,7,15
2014-04-04,17,3,14
2014-04-04,3,0,3
2014-04-04,7,2,5
2014-04-04,5,2,3
2014-04-05,3,1,2
2014-04-05,2,1,1
2014-04-05,3,0,3
2014-04-05,1,0,1
2014-04-05,2,1,1
2014-04-05,4,3,1
2014-04-05,4,2,2
2014-04-05,4,3,1
2014-04-05,22,12,10
2014-04-05,26,18,8
2014-04-05,16,13,3
2014-04-05,38,14,24
2014-04-05,27,10,17
2014-04-05,27,10,17
2014-04-05,29,19,10
2014-04-05,9,4,5
2014-04-05,16,10,6
2014-04-05,12,5,7
2014-04-05,7,1,6
2014-04-05,7,2,5
2014-04-05,5,3,2
2014-04-05,5,1,4
2014-04-05,3,2,1
2014-04-05,3,3,0
2014-04-06,3,0,3
2014-04-06,2,1,1
2014-04-06,3,0,3
2014-04-06,2,2,0
2014-04-06,0,0,0
2014-04-06,3,1,2
2014-04-06,3,2,1
2014-04-06,9,6,3
2014-04-06,16,7,9
2014-04-06,33,20,13
2014-04-06,26,17,9
2014-04-06,50,23,27
2014-04-06,62,28,34
2014-04-06,52,33,19
2014-04-06,41,23,18
2014-04-06,47,23,24
2014-04-06,51,30,21
2014-04-06,21,3,18
2014-04-06,26,11,15
2014-04-06,9,3,6
2014-04-06,4,0,4
2014-04-06,3,3,0
2014-04-06,4,2,2
2014-04-06,0,0,0
2014-04-07,2,0,2
2014-04-07,1,1,0
2014-04-07,1,1,0
2014-04-07,1,1,0
2014-04-07,4,3,1
2014-04-07,17,15,2
2014-04-07,74,60,14
2014-04-07,139,118,21
2014-04-07,126,110,16
2014-04-07,73,62,11
2014-04-07,24,18,6
2014-04-07,39,21,18
2014-04-07,47,31,16
2014-04-07,39,21,18
2014-04-07,58,21,37
2014-04-07,80,31,49
2014-04-07,134,40,94
2014-04-07,204,45,159
2014-04-07,142,29,113
2014-04-07,49,14,35
2014-04-07,20,5,15
2014-04-07,20,10,10
2014-04-07,12,2,10
2014-04-07,2,0,2
2014-04-08,4,1,3
2014-04-08,2,0,2
2014-04-08,3,1,2
2014-04-08,0,0,0
2014-04-08,3,2,1
2014-04-08,20,14,6
2014-04-08,48,36,12
2014-04-08,109,97,12
2014-04-08,102,93,9
2014-04-08,39,32,7
2014-04-08,17,16,1
2014-04-08,15,9,6
2014-04-08,13,5,8
2014-04-08,16,7,9
2014-04-08,20,7,13
2014-04-08,39,12,27
2014-04-08,53,15,38
2014-04-08,87,17,70
2014-04-08,65,7,58
2014-04-08,27,3,24
2014-04-08,12,2,10
2014-04-08,11,1,10
2014-04-08,5,1,4
2014-04-08,4,0,4
2014-04-09,2,0,2
2014-04-09,1,0,1
2014-04-09,1,0,1
2014-04-09,0,0,0
2014-04-09,4,4,0
2014-04-09,17,14,3
2014-04-09,69,51,18
2014-04-09,102,80,22
2014-04-09,112,99,13
2014-04-09,48,41,7
2014-04-09,27,14,13
2014-04-09,25,20,5
2014-04-09,26,16,10
2014-04-09,27,16,11
2014-04-09,33,13,20
2014-04-09,52,21,31
2014-04-09,88,22,66
2014-04-09,138,18,120
2014-04-09,104,21,83
2014-04-09,36,5,31
2014-04-09,25,5,20
2014-04-09,13,3,10
2014-04-09,8,1,7
2014-04-09,4,1,3
2014-04-10,6,2,4
2014-04-10,0,0,0
2014-04-10,2,1,1
2014-04-10,2,2,0
2014-04-10,3,3,0
2014-04-10,21,17,4
2014-04-10,67,54,13
2014-04-10,137,116,21
2014-04-10,107,100,7
2014-04-10,53,47,6
2014-04-10,25,19,6
2014-04-10,18,11,7
2014-04-10,31,12,19
2014-04-10,50,29,21
2014-04-10,31,10,21
2014-04-10,45,17,28
2014-04-10,92,28,64
2014-04-10,163,25,138
2014-04-10,107,20,87
2014-04-10,56,11,45
2014-04-10,25,16,9
2014-04-10,9,4,5
2014-04-10,5,3,2
2014-04-10,13,2,11
2014-04-11,1,1,0
2014-04-11,1,0,1
2014-04-11,3,2,1
2014-04-11,4,2,2
2014-04-11,6,5,1
2014-04-11,28,24,4
2014-04-11,63,51,12
2014-04-11,90,76,14
2014-04-11,115,103,12
2014-04-11,43,33,10
2014-04-11,23,18,5
2014-04-11,19,7,12
2014-04-11,25,13,12
2014-04-11,30,11,19
2014-04-11,37,21,16
2014-04-11,46,12,34
2014-04-11,100,32,68
2014-04-11,141,35,106
2014-04-11,94,21,73
2014-04-11,40,5,35
2014-04-11,15,5,10
2014-04-11,1,1,0
2014-04-11,7,1,6
2014-04-11,6,3,3
2014-04-12,1,0,1
2014-04-12,3,0,3
2014-04-12,4,0,4
2014-04-12,0,0,0
2014-04-12,0,0,0
2014-04-12,1,1,0
2014-04-12,8,3,5
2014-04-12,9,7,2
2014-04-12,22,16,6
2014-04-12,48,29,19
2014-04-12,22,12,10
2014-04-12,57,31,26
2014-04-12,58,26,32
2014-04-12,70,28,42
2014-04-12,57,28,29
2014-04-12,61,32,29
2014-04-12,58,27,31
2014-04-12,54,25,29
2014-04-12,41,19,22
2014-04-12,24,13,11
2014-04-12,10,4,6
2014-04-12,10,6,4
2014-04-12,6,1,5
2014-04-12,7,4,3
2014-04-13,4,3,1
2014-04-13,1,0,1
2014-04-13,7,5,2
2014-04-13,1,0,1
2014-04-13,0,0,0
2014-04-13,0,0,0
2014-04-13,8,5,3
2014-04-13,10,8,2
2014-04-13,15,10,5
2014-04-13,61,37,24
2014-04-13,69,46,23
2014-04-13,94,35,59
2014-04-13,110,48,62
2014-04-13,90,40,50
2014-04-13,107,49,58
2014-04-13,103,54,49
2014-04-13,72,34,38
2014-04-13,53,28,25
2014-04-13,42,24,18
2014-04-13,27,10,17
2014-04-13,9,4,5
2014-04-13,8,4,4
2014-04-13,3,2,1
2014-04-13,4,2,2
2014-04-14,2,0,2
2014-04-14,1,1,0
2014-04-14,1,0,1
2014-04-14,2,0,2
2014-04-14,4,4,0
2014-04-14,19,15,4
2014-04-14,75,57,18
2014-04-14,121,104,17
2014-04-14,108,99,9
2014-04-14,59,52,7
2014-04-14,33,21,12
2014-04-14,29,16,13
2014-04-14,31,14,17
2014-04-14,33,20,13
2014-04-14,48,19,29
2014-04-14,57,18,39
2014-04-14,82,21,61
2014-04-14,162,29,133
2014-04-14,101,13,88
2014-04-14,56,19,37
2014-04-14,23,9,14
2014-04-14,10,4,6
2014-04-14,4,1,3
2014-04-14,2,2,0
2014-04-15,0,0,0
2014-04-15,1,1,0
2014-04-15,0,0,0
2014-04-15,5,3,2
2014-04-15,4,3,1
2014-04-15,21,16,5
2014-04-15,57,49,8
2014-04-15,97,71,26
2014-04-15,105,92,13
2014-04-15,38,35,3
2014-04-15,16,14,2
2014-04-15,26,16,10
2014-04-15,15,8,7
2014-04-15,16,10,6
2014-04-15,24,8,16
2014-04-15,49,15,34
2014-04-15,73,22,51
2014-04-15,115,15,100
2014-04-15,79,16,63
2014-04-15,29,5,24
2014-04-15,16,7,9
2014-04-15,11,4,7
2014-04-15,10,3,7
2014-04-15,4,0,4
2014-04-16,2,0,2
2014-04-16,2,0,2
2014-04-16,2,2,0
2014-04-16,0,0,0
2014-04-16,3,3,0
2014-04-16,15,8,7
2014-04-16,31,23,8
2014-04-16,64,56,8
2014-04-16,72,68,4
2014-04-16,24,19,5
2014-04-16,12,11,1
2014-04-16,10,10,0
2014-04-16,6,4,2
2014-04-16,9,2,7
2014-04-16,12,3,9
2014-04-16,28,8,20
2014-04-16,41,11,30
2014-04-16,62,11,51
2014-04-16,44,5,39
2014-04-16,20,1,19
2014-04-16,9,2,7
2014-04-16,6,3,3
2014-04-16,5,2,3
2014-04-16,5,1,4
2014-04-17,1,0,1
2014-04-17,0,0,0
2014-04-17,3,2,1
2014-04-17,0,0,0
2014-04-17,3,3,0
2014-04-17,14,10,4
2014-04-17,41,32,9
2014-04-17,69,61,8
2014-04-17,62,55,7
2014-04-17,25,21,4
2014-04-17,7,6,1
2014-04-17,8,4,4
2014-04-17,7,2,5
2014-04-17,9,3,6
2014-04-17,9,2,7
2014-04-17,20,5,15
2014-04-17,36,10,26
2014-04-17,75,12,63
2014-04-17,48,9,39
2014-04-17,13,2,11
2014-04-17,5,3,2
2014-04-17,5,3,2
2014-04-17,4,2,2
2014-04-17,2,1,1
2014-04-18,0,0,0
2014-04-18,0,0,0
2014-04-18,1,0,1
2014-04-18,1,0,1
2014-04-18,4,3,1
2014-04-18,17,16,1
2014-04-18,47,35,12
2014-04-18,79,71,8
2014-04-18,76,70,6
2014-04-18,48,37,11
2014-04-18,29,23,6
2014-04-18,36,20,16
2014-04-18,29,6,23
2014-04-18,23,12,11
2014-04-18,34,20,14
2014-04-18,48,20,28
2014-04-18,79,25,54
2014-04-18,111,25,86
2014-04-18,73,18,55
2014-04-18,43,9,34
2014-04-18,16,6,10
2014-04-18,6,3,3
2014-04-18,6,2,4
2014-04-18,1,1,0
2014-04-19,6,1,5
2014-04-19,0,0,0
2014-04-19,1,0,1
2014-04-19,4,3,1
2014-04-19,0,0,0
2014-04-19,4,4,0
2014-04-19,7,4,3
2014-04-19,20,15,5
2014-04-19,29,16,13
2014-04-19,30,15,15
2014-04-19,71,20,51
2014-04-19,24,13,11
2014-04-19,12,4,8
2014-04-19,6,4,2
2014-04-19,7,2,5
2014-04-19,3,1,2
2014-04-19,3,3,0
2014-04-19,9,3,6
2014-04-19,6,1,5
2014-04-19,6,1,5
2014-04-19,3,0,3
2014-04-19,1,1,0
2014-04-19,3,1,2
2014-04-19,3,0,3
2014-04-20,2,2,0
2014-04-20,0,0,0
2014-04-20,0,0,0
2014-04-20,0,0,0
2014-04-20,1,1,0
2014-04-20,0,0,0
2014-04-20,4,2,2
2014-04-20,5,2,3
2014-04-20,16,8,8
2014-04-20,46,22,24
2014-04-20,31,17,14
2014-04-20,68,35,33
2014-04-20,59,33,26
2014-04-20,65,30,35
2014-04-20,42,14,28
2014-04-20,64,34,30
2014-04-20,42,13,29
2014-04-20,46,26,20
2014-04-20,20,13,7
2014-04-20,13,6,7
2014-04-20,3,3,0
2014-04-20,6,4,2
2014-04-20,6,3,3
2014-04-20,3,1,2
2014-04-21,0,0,0
2014-04-21,1,0,1
2014-04-21,1,1,0
2014-04-21,0,0,0
2014-04-21,1,1,0
2014-04-21,25,21,4
2014-04-21,70,58,12
2014-04-21,133,107,26
2014-04-21,95,82,13
2014-04-21,54,42,12
2014-04-21,24,14,10
2014-04-21,15,11,4
2014-04-21,12,6,6
2014-04-21,23,13,10
2014-04-21,25,10,15
2014-04-21,51,19,32
2014-04-21,85,28,57
2014-04-21,146,23,123
2014-04-21,84,8,76
2014-04-21,29,6,23
2014-04-21,14,2,12
2014-04-21,12,0,12
2014-04-21,6,2,4
2014-04-21,1,0,1
2014-04-22,0,0,0
2014-04-22,1,0,1
2014-04-22,0,0,0
2014-04-22,1,1,0
2014-04-22,1,1,0
2014-04-22,13,9,4
2014-04-22,45,40,5
2014-04-22,87,73,14
2014-04-22,58,54,4
2014-04-22,38,33,5
2014-04-22,16,14,2
2014-04-22,17,8,9
2014-04-22,19,13,6
2014-04-22,13,7,6
2014-04-22,17,4,13
2014-04-22,36,13,23
2014-04-22,60,15,45
2014-04-22,95,21,74
2014-04-22,64,12,52
2014-04-22,30,9,21
2014-04-22,8,3,5
2014-04-22,4,3,1
2014-04-22,2,0,2
2014-04-22,3,0,3
2014-04-23,2,0,2
2014-04-23,2,2,0
2014-04-23,2,0,2
2014-04-23,1,0,1
2014-04-23,2,1,1
2014-04-23,15,13,2
2014-04-23,60,51,9
2014-04-23,97,79,18
2014-04-23,99,89,10
2014-04-23,35,27,8
2014-04-23,16,13,3
2014-04-23,14,11,3
2014-04-23,16,10,6
2014-04-23,18,8,10
2014-04-23,24,8,16
2014-04-23,30,11,19
2014-04-23,77,20,57
2014-04-23,117,21,96
2014-04-23,58,10,48
2014-04-23,26,2,24
2014-04-23,16,3,13
2014-04-23,11,1,10
2014-04-23,5,0,5
2014-04-23,2,1,1
2014-04-24,2,0,2
2014-04-24,0,0,0
2014-04-24,0,0,0
2014-04-24,1,0,1
2014-04-24,1,1,0
2014-04-24,11,9,2
2014-04-24,53,44,9
2014-04-24,79,62,17
2014-04-24,92,79,13
2014-04-24,24,20,4
2014-04-24,14,13,1
2014-04-24,14,9,5
2014-04-24,15,3,12
2014-04-24,10,8,2
2014-04-24,17,7,10
2014-04-24,27,8,19
2014-04-24,63,19,44
2014-04-24,95,18,77
2014-04-24,83,19,64
2014-04-24,22,6,16
2014-04-24,16,4,12
2014-04-24,5,1,4
2014-04-24,7,4,3
2014-04-24,7,3,4
2014-04-25,3,1,2
2014-04-25,3,1,2
2014-04-25,0,0,0
2014-04-25,0,0,0
2014-04-25,5,3,2
2014-04-25,22,19,3
2014-04-25,60,51,9
2014-04-25,108,90,18
2014-04-25,104,94,10
2014-04-25,41,33,8
2014-04-25,25,21,4
2014-04-25,41,14,27
2014-04-25,25,15,10
2014-04-25,37,25,12
2014-04-25,48,20,28
2014-04-25,56,20,36
2014-04-25,85,14,71
2014-04-25,135,26,109
2014-04-25,81,12,69
2014-04-25,43,14,29
2014-04-25,20,7,13
2014-04-25,6,2,4
2014-04-25,8,2,6
2014-04-25,6,1,5
2014-04-26,1,0,1
2014-04-26,0,0,0
2014-04-26,2,1,1
2014-04-26,2,0,2
2014-04-26,0,0,0
2014-04-26,6,6,0
2014-04-26,6,3,3
2014-04-26,21,19,2
2014-04-26,36,27,9
2014-04-26,35,20,15
2014-04-26,60,30,30
2014-04-26,67,37,30
2014-04-26,79,41,38
2014-04-26,67,26,41
2014-04-26,72,37,35
2014-04-26,43,18,25
2014-04-26,47,16,31
2014-04-26,42,28,14
2014-04-26,20,11,9
2014-04-26,12,4,8
2014-04-26,11,2,9
2014-04-26,5,1,4
2014-04-26,5,1,4
2014-04-26,4,3,1
2014-04-27,1,0,1
2014-04-27,0,0,0
2014-04-27,2,1,1
2014-04-27,2,1,1
2014-04-27,1,0,1
2014-04-27,0,0,0
2014-04-27,6,5,1
2014-04-27,7,5,2
2014-04-27,13,11,2
2014-04-27,27,13,14
2014-04-27,25,17,8
2014-04-27,30,11,19
2014-04-27,18,11,7
2014-04-27,34,11,23
2014-04-27,25,17,8
2014-04-27,19,12,7
2014-04-27,19,8,11
2014-04-27,23,7,16
2014-04-27,11,6,5
2014-04-27,13,6,7
2014-04-27,3,3,0
2014-04-27,4,3,1
2014-04-27,3,2,1
2014-04-27,4,0,4
2014-04-28,0,0,0
2014-04-28,2,2,0
2014-04-28,2,1,1
2014-04-28,3,0,3
2014-04-28,3,2,1
2014-04-28,25,23,2
2014-04-28,71,58,13
2014-04-28,134,115,19
2014-04-28,130,119,11
2014-04-28,63,53,10
2014-04-28,22,16,6
2014-04-28,15,12,3
2014-04-28,26,14,12
2014-04-28,22,12,10
2014-04-28,40,11,29
2014-04-28,63,19,44
2014-04-28,99,28,71
2014-04-28,191,38,153
2014-04-28,126,22,104
2014-04-28,50,13,37
2014-04-28,18,3,15
2014-04-28,16,3,13
2014-04-28,9,5,4
2014-04-28,2,1,1
2014-04-29,5,2,3
2014-04-29,1,1,0
2014-04-29,2,1,1
2014-04-29,0,0,0
2014-04-29,2,1,1
2014-04-29,29,24,5
2014-04-29,92,83,9
2014-04-29,175,145,30
2014-04-29,133,115,18
2014-04-29,72,60,12
2014-04-29,31,24,7
2014-04-29,21,12,9
2014-04-29,37,17,20
2014-04-29,33,18,15
2014-04-29,34,20,14
2014-04-29,72,20,52
2014-04-29,114,28,86
2014-04-29,241,49,192
2014-04-29,147,34,113
2014-04-29,71,18,53
2014-04-29,41,21,20
2014-04-29,11,8,3
2014-04-29,6,0,6
2014-04-29,1,0,1
2014-04-30,4,2,2
2014-04-30,4,2,2
2014-04-30,2,2,0
2014-04-30,1,0,1
2014-04-30,5,4,1
2014-04-30,28,24,4
2014-04-30,118,96,22
2014-04-30,185,155,30
2014-04-30,146,131,15
2014-04-30,62,55,7
2014-04-30,37,29,8
2014-04-30,27,16,11
2014-04-30,37,22,15
2014-04-30,31,19,12
2014-04-30,78,36,42
2014-04-30,79,27,52
2014-04-30,159,44,115
2014-04-30,209,33,176
2014-04-30,158,30,128
2014-04-30,81,29,52
2014-04-30,49,21,28
2014-04-30,11,2,9
2014-04-30,20,6,14
2014-04-30,5,1,4
2014-05-01,6,1,5
2014-05-01,1,0,1
2014-05-01,0,0,0
2014-05-01,1,0,1
2014-05-01,5,4,1
2014-05-01,33,28,5
2014-05-01,128,106,22
2014-05-01,211,178,33
2014-05-01,194,182,12
2014-05-01,99,91,8
2014-05-01,39,32,7
2014-05-01,31,16,15
2014-05-01,41,23,18
2014-05-01,59,26,33
2014-05-01,67,28,39
2014-05-01,88,31,57
2014-05-01,180,40,140
2014-05-01,245,33,212
2014-05-01,176,38,138
2014-05-01,79,24,55
2014-05-01,45,18,27
2014-05-01,26,9,17
2014-05-01,11,3,8
2014-05-01,7,4,3
2014-05-02,4,1,3
2014-05-02,6,0,6
2014-05-02,1,0,1
2014-05-02,4,3,1
2014-05-02,6,6,0
2014-05-02,26,24,2
2014-05-02,87,70,17
2014-05-02,189,160,29
2014-05-02,160,145,15
2014-05-02,75,62,13
2014-05-02,33,25,8
2014-05-02,29,16,13
2014-05-02,37,16,21
2014-05-02,38,22,16
2014-05-02,45,17,28
2014-05-02,74,21,53
2014-05-02,140,33,107
2014-05-02,185,26,159
2014-05-02,102,14,88
2014-05-02,49,17,32
2014-05-02,19,2,17
2014-05-02,9,1,8
2014-05-02,48,41,7
2014-05-02,3,2,1
2014-05-03,8,2,6
2014-05-03,4,2,2
2014-05-03,4,0,4
2014-05-03,1,0,1
2014-05-03,1,0,1
2014-05-03,1,1,0
2014-05-03,14,9,5
2014-05-03,20,16,4
2014-05-03,39,31,8
2014-05-03,51,14,37
2014-05-03,62,36,26
2014-05-03,48,23,25
2014-05-03,43,23,20
2014-05-03,17,10,7
2014-05-03,18,7,11
2014-05-03,11,2,9
2014-05-03,7,4,3
2014-05-03,11,3,8
2014-05-03,12,4,8
2014-05-03,2,0,2
2014-05-03,0,0,0
2014-05-03,1,0,1
2014-05-03,5,3,2
2014-05-03,1,0,1
2014-05-04,2,0,2
2014-05-04,0,0,0
2014-05-04,1,0,1
2014-05-04,0,0,0
2014-05-04,0,0,0
2014-05-04,1,1,0
2014-05-04,1,1,0
2014-05-04,4,2,2
2014-05-04,13,6,7
2014-05-04,31,26,5
2014-05-04,16,8,8
2014-05-04,28,20,8
2014-05-04,13,7,6
2014-05-04,20,6,14
2014-05-04,17,12,5
2014-05-04,16,7,9
2014-05-04,9,7,2
2014-05-04,11,5,6
2014-05-04,6,2,4
2014-05-04,10,5,5
2014-05-04,3,1,2
2014-05-04,5,2,3
2014-05-04,0,0,0
2014-05-04,1,0,1
2014-05-05,0,0,0
2014-05-05,0,0,0
2014-05-05,2,0,2
2014-05-05,1,0,1
2014-05-05,2,0,2
2014-05-05,19,14,5
2014-05-05,64,54,10
2014-05-05,109,96,13
2014-05-05,95,84,11
2014-05-05,36,32,4
2014-05-05,23,19,4
2014-05-05,9,8,1
2014-05-05,18,10,8
2014-05-05,10,7,3
2014-05-05,23,8,15
2014-05-05,40,5,35
2014-05-05,69,16,53
2014-05-05,123,24,99
2014-05-05,85,15,70
2014-05-05,45,15,30
2014-05-05,16,7,9
2014-05-05,11,5,6
2014-05-05,7,1,6
2014-05-05,3,1,2
2014-05-06,2,0,2
2014-05-06,0,0,0
2014-05-06,0,0,0
2014-05-06,2,1,1
2014-05-06,7,5,2
2014-05-06,34,30,4
2014-05-06,119,100,19
2014-05-06,182,155,27
2014-05-06,161,149,12
2014-05-06,82,57,25
2014-05-06,28,20,8
2014-05-06,15,10,5
2014-05-06,24,13,11
2014-05-06,20,12,8
2014-05-06,31,14,17
2014-05-06,49,10,39
2014-05-06,118,32,86
2014-05-06,214,30,184
2014-05-06,154,19,135
2014-05-06,74,10,64
2014-05-06,36,15,21
2014-05-06,11,4,7
2014-05-06,10,5,5
2014-05-06,4,0,4
2014-05-07,2,0,2
2014-05-07,0,0,0
2014-05-07,1,1,0
2014-05-07,1,0,1
2014-05-07,6,6,0
2014-05-07,28,24,4
2014-05-07,130,103,27
2014-05-07,197,169,28
2014-05-07,156,141,15
2014-05-07,70,61,9
2014-05-07,38,29,9
2014-05-07,41,25,16
2014-05-07,28,15,13
2014-05-07,42,25,17
2014-05-07,48,20,28
2014-05-07,93,28,65
2014-05-07,132,30,102
2014-05-07,256,56,200
2014-05-07,150,30,120
2014-05-07,78,25,53
2014-05-07,33,14,19
2014-05-07,44,11,33
2014-05-07,13,3,10
2014-05-07,5,4,1
2014-05-08,7,4,3
2014-05-08,2,0,2
2014-05-08,1,0,1
2014-05-08,3,1,2
2014-05-08,9,6,3
2014-05-08,27,26,1
2014-05-08,82,67,15
2014-05-08,132,112,20
2014-05-08,131,122,9
2014-05-08,56,49,7
2014-05-08,13,10,3
2014-05-08,13,8,5
2014-05-08,22,11,11
2014-05-08,14,7,7
2014-05-08,14,3,11
2014-05-08,29,5,24
2014-05-08,54,8,46
2014-05-08,118,17,101
2014-05-08,80,11,69
2014-05-08,36,7,29
2014-05-08,14,4,10
2014-05-08,6,1,5
2014-05-08,4,0,4
2014-05-08,1,0,1
2014-05-09,2,2,0
2014-05-09,1,0,1
2014-05-09,1,1,0
2014-05-09,0,0,0
2014-05-09,4,4,0
2014-05-09,18,15,3
2014-05-09,46,39,7
2014-05-09,119,100,19
2014-05-09,99,95,4
2014-05-09,42,39,3
2014-05-09,24,18,6
2014-05-09,10,3,7
2014-05-09,10,4,6
2014-05-09,17,10,7
2014-05-09,17,5,12
2014-05-09,39,10,29
2014-05-09,63,19,44
2014-05-09,135,24,111
2014-05-09,66,5,61
2014-05-09,27,3,24
2014-05-09,11,3,8
2014-05-09,8,4,4
2014-05-09,5,0,5
2014-05-09,1,1,0
2014-05-10,3,1,2
2014-05-10,1,0,1
2014-05-10,0,0,0
2014-05-10,1,1,0
2014-05-10,1,1,0
2014-05-10,9,6,3
2014-05-10,7,4,3
2014-05-10,8,6,2
2014-05-10,16,8,8
2014-05-10,24,15,9
2014-05-10,41,12,29
2014-05-10,42,30,12
2014-05-10,50,33,17
2014-05-10,47,20,27
2014-05-10,67,38,29
2014-05-10,45,25,20
2014-05-10,31,15,16
2014-05-10,36,18,18
2014-05-10,14,5,9
2014-05-10,19,7,12
2014-05-10,18,7,11
2014-05-10,10,7,3
2014-05-10,3,0,3
2014-05-10,2,0,2
2014-05-11,3,0,3
2014-05-11,1,1,0
2014-05-11,0,0,0
2014-05-11,1,0,1
2014-05-11,2,0,2
2014-05-11,4,3,1
2014-05-11,6,3,3
2014-05-11,11,5,6
2014-05-11,17,15,2
2014-05-11,39,28,11
2014-05-11,23,10,13
2014-05-11,68,46,22
2014-05-11,75,40,35
2014-05-11,71,35,36
2014-05-11,95,46,49
2014-05-11,79,39,40
2014-05-11,68,23,45
2014-05-11,56,30,26
2014-05-11,48,25,23
2014-05-11,31,15,16
2014-05-11,13,5,8
2014-05-11,7,5,2
2014-05-11,5,2,3
2014-05-11,1,0,1
2014-05-12,5,2,3
2014-05-12,1,0,1
2014-05-12,0,0,0
2014-05-12,2,0,2
2014-05-12,9,9,0
2014-05-12,35,27,8
2014-05-12,105,88,17
2014-05-12,206,174,32
2014-05-12,173,154,19
2014-05-12,75,69,6
2014-05-12,32,23,9
2014-05-12,22,14,8
2014-05-12,39,25,14
2014-05-12,29,13,16
2014-05-12,52,23,29
2014-05-12,73,26,47
2014-05-12,136,39,97
2014-05-12,258,42,216
2014-05-12,186,21,165
2014-05-12,63,18,45
2014-05-12,49,17,32
2014-05-12,17,11,6
2014-05-12,17,6,11
2014-05-12,9,5,4
2014-05-13,5,2,3
2014-05-13,3,0,3
2014-05-13,0,0,0
2014-05-13,2,0,2
2014-05-13,1,1,0
2014-05-13,32,28,4
2014-05-13,136,116,20
2014-05-13,220,200,20
2014-05-13,177,165,12
2014-05-13,80,73,7
2014-05-13,47,35,12
2014-05-13,30,15,15
2014-05-13,40,19,21
2014-05-13,34,18,16
2014-05-13,53,20,33
2014-05-13,76,28,48
2014-05-13,160,41,119
2014-05-13,285,48,237
2014-05-13,173,28,145
2014-05-13,94,24,70
2014-05-13,69,27,42
2014-05-13,18,5,13
2014-05-13,13,3,10
2014-05-13,4,3,1
2014-05-14,7,2,5
2014-05-14,3,1,2
2014-05-14,1,1,0
2014-05-14,1,0,1
2014-05-14,5,4,1
2014-05-14,37,29,8
2014-05-14,135,106,29
2014-05-14,211,187,24
2014-05-14,182,172,10
2014-05-14,85,76,9
2014-05-14,24,16,8
2014-05-14,36,21,15
2014-05-14,60,30,30
2014-05-14,53,26,27
2014-05-14,46,12,34
2014-05-14,82,28,54
2014-05-14,164,37,127
2014-05-14,287,46,241
2014-05-14,180,38,142
2014-05-14,121,27,94
2014-05-14,75,29,46
2014-05-14,27,17,10
2014-05-14,22,12,10
2014-05-14,3,2,1
2014-05-15,6,2,4
2014-05-15,2,0,2
2014-05-15,2,2,0
2014-05-15,0,0,0
2014-05-15,8,5,3
2014-05-15,32,28,4
2014-05-15,121,105,16
2014-05-15,217,193,24
2014-05-15,175,165,10
2014-05-15,77,71,6
2014-05-15,50,26,24
2014-05-15,32,23,9
2014-05-15,43,19,24
2014-05-15,45,19,26
2014-05-15,44,13,31
2014-05-15,63,28,35
2014-05-15,144,24,120
2014-05-15,259,47,212
2014-05-15,155,27,128
2014-05-15,89,18,71
2014-05-15,31,17,14
2014-05-15,34,12,22
2014-05-15,17,6,11
2014-05-15,2,1,1
2014-05-16,8,2,6
2014-05-16,3,3,0
2014-05-16,1,0,1
2014-05-16,4,2,2
2014-05-16,5,3,2
2014-05-16,45,34,11
2014-05-16,135,105,30
2014-05-16,249,220,29
2014-05-16,194,171,23
2014-05-16,93,78,15
2014-05-16,33,25,8
2014-05-16,31,16,15
2014-05-16,71,16,55
2014-05-16,39,18,21
2014-05-16,95,46,49
2014-05-16,66,19,47
2014-05-16,179,51,128
2014-05-16,231,38,193
2014-05-16,120,18,102
2014-05-16,73,12,61
2014-05-16,37,16,21
2014-05-16,10,2,8
2014-05-16,8,4,4
2014-05-16,5,3,2
2014-05-17,8,4,4
2014-05-17,2,0,2
2014-05-17,4,0,4
2014-05-17,1,1,0
2014-05-17,1,0,1
2014-05-17,3,2,1
2014-05-17,16,13,3
2014-05-17,23,13,10
2014-05-17,22,13,9
2014-05-17,48,27,21
2014-05-17,37,16,21
2014-05-17,63,29,34
2014-05-17,51,26,25
2014-05-17,67,31,36
2014-05-17,57,36,21
2014-05-17,58,31,27
2014-05-17,56,34,22
2014-05-17,27,11,16
2014-05-17,32,15,17
2014-05-17,20,9,11
2014-05-17,9,4,5
2014-05-17,9,0,9
2014-05-17,10,2,8
2014-05-17,5,3,2
2014-05-18,4,0,4
2014-05-18,3,1,2
2014-05-18,1,0,1
2014-05-18,0,0,0
2014-05-18,2,1,1
2014-05-18,5,4,1
2014-05-18,4,3,1
2014-05-18,9,6,3
2014-05-18,26,17,9
2014-05-18,33,23,10
2014-05-18,45,28,17
2014-05-18,56,23,33
2014-05-18,73,40,33
2014-05-18,70,40,30
2014-05-18,102,52,50
2014-05-18,52,31,21
2014-05-18,37,20,17
2014-05-18,37,15,22
2014-05-18,19,13,6
2014-05-18,14,9,5
2014-05-18,8,4,4
2014-05-18,3,0,3
2014-05-18,3,2,1
2014-05-18,2,1,1
2014-05-19,1,1,0
2014-05-19,0,0,0
2014-05-19,1,0,1
2014-05-19,1,1,0
2014-05-19,6,4,2
2014-05-19,23,19,4
2014-05-19,101,91,10
2014-05-19,176,154,22
2014-05-19,152,141,11
2014-05-19,69,62,7
2014-05-19,39,31,8
2014-05-19,29,20,9
2014-05-19,28,14,14
2014-05-19,24,11,13
2014-05-19,53,18,35
2014-05-19,53,19,34
2014-05-19,120,29,91
2014-05-19,215,29,186
2014-05-19,139,8,131
2014-05-19,65,15,50
2014-05-19,35,14,21
2014-05-19,24,9,15
2014-05-19,11,4,7
2014-05-19,9,4,5
2014-05-20,7,0,7
2014-05-20,9,6,3
2014-05-20,0,0,0
2014-05-20,1,1,0
2014-05-20,6,4,2
2014-05-20,43,37,6
2014-05-20,147,121,26
2014-05-20,200,175,25
2014-05-20,210,198,12
2014-05-20,82,78,4
2014-05-20,35,20,15
2014-05-20,31,18,13
2014-05-20,25,14,11
2014-05-20,37,18,19
2014-05-20,48,22,26
2014-05-20,81,28,53
2014-05-20,150,31,119
2014-05-20,253,28,225
2014-05-20,167,27,140
2014-05-20,73,19,54
2014-05-20,36,5,31
2014-05-20,32,14,18
2014-05-20,12,4,8
2014-05-20,6,2,4
2014-05-21,1,0,1
2014-05-21,3,0,3
2014-05-21,2,1,1
2014-05-21,0,0,0
2014-05-21,10,7,3
2014-05-21,33,32,1
2014-05-21,119,105,14
2014-05-21,207,182,25
2014-05-21,131,121,10
2014-05-21,101,89,12
2014-05-21,30,22,8
2014-05-21,26,9,17
2014-05-21,35,22,13
2014-05-21,46,25,21
2014-05-21,42,25,17
2014-05-21,65,22,43
2014-05-21,127,27,100
2014-05-21,226,35,191
2014-05-21,164,23,141
2014-05-21,68,19,49
2014-05-21,36,9,27
2014-05-21,21,6,15
2014-05-21,16,6,10
2014-05-21,9,2,7
2014-05-22,6,2,4
2014-05-22,2,2,0
2014-05-22,2,0,2
2014-05-22,2,1,1
2014-05-22,8,7,1
2014-05-22,32,25,7
2014-05-22,118,100,18
2014-05-22,194,170,24
2014-05-22,183,163,20
2014-05-22,79,74,5
2014-05-22,31,22,9
2014-05-22,40,25,15
2014-05-22,33,18,15
2014-05-22,50,25,25
2014-05-22,45,13,32
2014-05-22,59,20,39
2014-05-22,128,30,98
2014-05-22,225,29,196
2014-05-22,175,27,148
2014-05-22,74,21,53
2014-05-22,33,10,23
2014-05-22,15,6,9
2014-05-22,16,5,11
2014-05-22,1,0,1
2014-05-23,8,2,6
2014-05-23,1,0,1
2014-05-23,2,1,1
2014-05-23,1,1,0
2014-05-23,4,3,1
2014-05-23,19,14,5
2014-05-23,82,66,16
2014-05-23,106,93,13
2014-05-23,76,70,6
2014-05-23,38,35,3
2014-05-23,17,9,8
2014-05-23,11,3,8
2014-05-23,17,7,10
2014-05-23,15,12,3
2014-05-23,33,6,27
2014-05-23,46,10,36
2014-05-23,68,12,56
2014-05-23,81,14,67
2014-05-23,60,13,47
2014-05-23,32,6,26
2014-05-23,13,3,10
2014-05-23,9,3,6
2014-05-23,7,4,3
2014-05-23,5,5,0
2014-05-24,0,0,0
2014-05-24,1,0,1
2014-05-24,1,0,1
2014-05-24,2,0,2
2014-05-24,0,0,0
2014-05-24,5,3,2
2014-05-24,10,8,2
2014-05-24,16,14,2
2014-05-24,44,23,21
2014-05-24,41,21,20
2014-05-24,52,28,24
2014-05-24,68,34,34
2014-05-24,69,22,47
2014-05-24,67,38,29
2014-05-24,65,25,40
2014-05-24,44,20,24
2014-05-24,50,31,19
2014-05-24,36,13,23
2014-05-24,27,17,10
2014-05-24,16,9,7
2014-05-24,16,8,8
2014-05-24,10,0,10
2014-05-24,8,3,5
2014-05-24,6,1,5
2014-05-25,5,3,2
2014-05-25,2,0,2
2014-05-25,1,1,0
2014-05-25,0,0,0
2014-05-25,0,0,0
2014-05-25,1,1,0
2014-05-25,6,3,3
2014-05-25,9,7,2
2014-05-25,15,11,4
2014-05-25,37,20,17
2014-05-25,49,21,28
2014-05-25,47,19,28
2014-05-25,42,24,18
2014-05-25,33,14,19
2014-05-25,36,16,20
2014-05-25,21,13,8
2014-05-25,21,12,9
2014-05-25,11,8,3
2014-05-25,10,2,8
2014-05-25,1,0,1
2014-05-25,8,2,6
2014-05-25,3,0,3
2014-05-25,5,2,3
2014-05-25,3,1,2
2014-05-26,0,0,0
2014-05-26,0,0,0
2014-05-26,1,0,1
2014-05-26,0,0,0
2014-05-26,0,0,0
2014-05-26,3,1,2
2014-05-26,6,6,0
2014-05-26,10,6,4
2014-05-26,17,13,4
2014-05-26,24,14,10
2014-05-26,40,21,19
2014-05-26,44,31,13
2014-05-26,70,34,36
2014-05-26,79,34,45
2014-05-26,68,39,29
2014-05-26,73,31,42
2014-05-26,62,28,34
2014-05-26,37,10,27
2014-05-26,55,31,24
2014-05-26,26,17,9
2014-05-26,13,3,10
2014-05-26,12,6,6
2014-05-26,7,1,6
2014-05-26,5,3,2
2014-05-27,1,1,0
2014-05-27,0,0,0
2014-05-27,1,0,1
2014-05-27,0,0,0
2014-05-27,5,4,1
2014-05-27,24,21,3
2014-05-27,109,98,11
2014-05-27,189,168,21
2014-05-27,173,161,12
2014-05-27,73,64,9
2014-05-27,33,26,7
2014-05-27,23,13,10
2014-05-27,30,14,16
2014-05-27,32,15,17
2014-05-27,42,17,25
2014-05-27,59,13,46
2014-05-27,107,21,86
2014-05-27,266,45,221
2014-05-27,157,30,127
2014-05-27,76,15,61
2014-05-27,50,27,23
2014-05-27,16,4,12
2014-05-27,11,2,9
2014-05-27,5,1,4
2014-05-28,5,1,4
2014-05-28,1,0,1
2014-05-28,1,1,0
2014-05-28,1,1,0
2014-05-28,5,2,3
2014-05-28,16,12,4
2014-05-28,86,74,12
2014-05-28,132,110,22
2014-05-28,125,116,9
2014-05-28,51,47,4
2014-05-28,27,18,9
2014-05-28,27,10,17
2014-05-28,26,18,8
2014-05-28,40,32,8
2014-05-28,31,16,15
2014-05-28,53,15,38
2014-05-28,104,19,85
2014-05-28,132,22,110
2014-05-28,107,18,89
2014-05-28,35,5,30
2014-05-28,24,6,18
2014-05-28,15,6,9
2014-05-28,11,3,8
2014-05-28,6,2,4
2014-05-29,1,0,1
2014-05-29,3,0,3
2014-05-29,0,0,0
2014-05-29,0,0,0
2014-05-29,3,3,0
2014-05-29,39,35,4
2014-05-29,108,94,14
2014-05-29,165,148,17
2014-05-29,142,127,15
2014-05-29,81,71,10
2014-05-29,30,19,11
2014-05-29,27,13,14
2014-05-29,38,25,13
2014-05-29,35,20,15
2014-05-29,31,20,11
2014-05-29,60,16,44
2014-05-29,113,22,91
2014-05-29,207,42,165
2014-05-29,154,22,132
2014-05-29,50,11,39
2014-05-29,29,7,22
2014-05-29,25,5,20
2014-05-29,8,2,6
2014-05-29,4,0,4
2014-05-30,4,0,4
2014-05-30,4,0,4
2014-05-30,4,1,3
2014-05-30,0,0,0
2014-05-30,3,3,0
2014-05-30,34,29,5
2014-05-30,92,69,23
2014-05-30,191,171,20
2014-05-30,173,163,10
2014-05-30,72,65,7
2014-05-30,31,19,12
2014-05-30,32,18,14
2014-05-30,37,17,20
2014-05-30,38,19,19
2014-05-30,52,19,33
2014-05-30,64,20,44
2014-05-30,143,32,111
2014-05-30,203,27,176
2014-05-30,168,24,144
2014-05-30,62,12,50
2014-05-30,26,11,15
2014-05-30,10,5,5
2014-05-30,29,18,11
2014-05-30,5,3,2
2014-05-31,2,2,0
2014-05-31,8,4,4
2014-05-31,4,1,3
2014-05-31,1,0,1
2014-05-31,0,0,0
2014-05-31,3,3,0
2014-05-31,21,15,6
2014-05-31,28,19,9
2014-05-31,46,33,13
2014-05-31,65,33,32
2014-05-31,71,36,35
2014-05-31,100,51,49
2014-05-31,123,73,50
2014-05-31,78,36,42
2014-05-31,108,50,58
2014-05-31,109,41,68
2014-05-31,84,42,42
2014-05-31,85,46,39
2014-05-31,49,13,36
2014-05-31,45,28,17
2014-05-31,38,21,17
2014-05-31,20,6,14
2014-05-31,9,6,3
2014-05-31,7,4,3
2014-06-01,10,4,6
2014-06-01,1,0,1
2014-06-01,3,1,2
2014-06-01,0,0,0
2014-06-01,4,2,2
2014-06-01,2,2,0
2014-06-01,18,12,6
2014-06-01,21,12,9
2014-06-01,41,22,19
2014-06-01,35,13,22
2014-06-01,58,27,31
2014-06-01,75,38,37
2014-06-01,75,40,35
2014-06-01,68,34,34
2014-06-01,96,50,46
2014-06-01,75,35,40
2014-06-01,80,35,45
2014-06-01,73,37,36
2014-06-01,43,26,17
2014-06-01,32,17,15
2014-06-01,17,10,7
2014-06-01,8,3,5
2014-06-01,6,4,2
2014-06-01,3,3,0
2014-06-02,3,0,3
2014-06-02,0,0,0
2014-06-02,2,0,2
2014-06-02,1,1,0
2014-06-02,4,3,1
2014-06-02,35,27,8
2014-06-02,88,77,11
2014-06-02,173,154,19
2014-06-02,147,133,14
2014-06-02,66,61,5
2014-06-02,29,21,8
2014-06-02,20,14,6
2014-06-02,39,15,24
2014-06-02,33,17,16
2014-06-02,36,15,21
2014-06-02,64,15,49
2014-06-02,122,31,91
2014-06-02,198,36,162
2014-06-02,143,21,122
2014-06-02,68,12,56
2014-06-02,41,20,21
2014-06-02,23,10,13
2014-06-02,6,4,2
2014-06-02,6,0,6
2014-06-03,4,1,3
2014-06-03,1,1,0
2014-06-03,2,2,0
2014-06-03,0,0,0
2014-06-03,4,3,1
2014-06-03,37,33,4
2014-06-03,110,96,14
2014-06-03,179,158,21
2014-06-03,170,154,16
2014-06-03,70,58,12
2014-06-03,31,25,6
2014-06-03,21,15,6
2014-06-03,20,8,12
2014-06-03,24,13,11
2014-06-03,34,12,22
2014-06-03,52,10,42
2014-06-03,123,26,97
2014-06-03,224,33,191
2014-06-03,142,29,113
2014-06-03,91,18,73
2014-06-03,24,6,18
2014-06-03,17,12,5
2014-06-03,30,20,10
2014-06-03,6,3,3
2014-06-04,2,0,2
2014-06-04,1,1,0
2014-06-04,0,0,0
2014-06-04,2,0,2
2014-06-04,5,4,1
2014-06-04,21,17,4
2014-06-04,110,91,19
2014-06-04,182,156,26
2014-06-04,139,131,8
2014-06-04,71,62,9
2014-06-04,38,26,12
2014-06-04,25,16,9
2014-06-04,30,16,14
2014-06-04,27,14,13
2014-06-04,40,23,17
2014-06-04,60,12,48
2014-06-04,126,28,98
2014-06-04,203,43,160
2014-06-04,125,15,110
2014-06-04,81,24,57
2014-06-04,50,12,38
2014-06-04,28,12,16
2014-06-04,21,10,11
2014-06-04,5,1,4
2014-06-05,7,3,4
2014-06-05,0,0,0
2014-06-05,0,0,0
2014-06-05,3,1,2
2014-06-05,5,4,1
2014-06-05,38,31,7
2014-06-05,107,91,16
2014-06-05,165,143,22
2014-06-05,125,107,18
2014-06-05,80,69,11
2014-06-05,30,24,6
2014-06-05,25,17,8
2014-06-05,35,17,18
2014-06-05,37,20,17
2014-06-05,42,17,25
2014-06-05,58,16,42
2014-06-05,115,28,87
2014-06-05,201,31,170
2014-06-05,137,22,115
2014-06-05,85,11,74
2014-06-05,58,24,34
2014-06-05,23,5,18
2014-06-05,11,7,4
2014-06-05,17,7,10
2014-06-06,7,1,6
2014-06-06,3,0,3
2014-06-06,1,0,1
2014-06-06,1,1,0
2014-06-06,6,5,1
2014-06-06,35,34,1
2014-06-06,73,63,10
2014-06-06,146,119,27
2014-06-06,127,117,10
2014-06-06,60,51,9
2014-06-06,37,26,11
2014-06-06,36,21,15
2014-06-06,34,13,21
2014-06-06,45,22,23
2014-06-06,43,21,22
2014-06-06,48,14,34
2014-06-06,132,33,99
2014-06-06,174,35,139
2014-06-06,100,19,81
2014-06-06,56,20,36
2014-06-06,35,12,23
2014-06-06,20,9,11
2014-06-06,7,1,6
2014-06-06,10,1,9
2014-06-07,9,5,4
2014-06-07,2,0,2
2014-06-07,3,1,2
2014-06-07,2,0,2
2014-06-07,1,0,1
2014-06-07,4,3,1
2014-06-07,12,5,7
2014-06-07,35,29,6
2014-06-07,51,32,19
2014-06-07,66,34,32
2014-06-07,67,34,33
2014-06-07,72,31,41
2014-06-07,74,38,36
2014-06-07,111,58,53
2014-06-07,89,41,48
2014-06-07,93,36,57
2014-06-07,104,55,49
2014-06-07,79,25,54
2014-06-07,38,23,15
2014-06-07,26,16,10
2014-06-07,36,16,20
2014-06-07,19,7,12
2014-06-07,12,7,5
2014-06-07,4,1,3
2014-06-08,12,12,0
2014-06-08,5,1,4
2014-06-08,6,3,3
2014-06-08,2,0,2
2014-06-08,2,1,1
2014-06-08,10,6,4
2014-06-08,7,4,3
2014-06-08,22,11,11
2014-06-08,49,39,10
2014-06-08,40,18,22
2014-06-08,69,40,29
2014-06-08,69,29,40
2014-06-08,56,31,25
2014-06-08,77,38,39
2014-06-08,68,29,39
2014-06-08,69,33,36
2014-06-08,90,48,42
2014-06-08,40,12,28
2014-06-08,36,20,16
2014-06-08,28,12,16
2014-06-08,20,10,10
2014-06-08,6,2,4
2014-06-08,8,1,7
2014-06-08,8,5,3
2014-06-09,3,2,1
2014-06-09,0,0,0
2014-06-09,0,0,0
2014-06-09,1,0,1
2014-06-09,4,4,0
2014-06-09,25,21,4
2014-06-09,80,72,8
2014-06-09,144,127,17
2014-06-09,130,116,14
2014-06-09,63,57,6
2014-06-09,32,28,4
2014-06-09,31,20,11
2014-06-09,17,9,8
2014-06-09,14,6,8
2014-06-09,41,11,30
2014-06-09,43,13,30
2014-06-09,101,20,81
2014-06-09,201,29,172
2014-06-09,126,18,108
2014-06-09,49,17,32
2014-06-09,35,10,25
2014-06-09,16,6,10
2014-06-09,13,5,8
2014-06-09,4,1,3
2014-06-10,3,1,2
2014-06-10,0,0,0
2014-06-10,1,0,1
2014-06-10,2,2,0
2014-06-10,3,2,1
2014-06-10,37,32,5
2014-06-10,95,76,19
2014-06-10,171,153,18
2014-06-10,143,129,14
2014-06-10,63,58,5
2014-06-10,28,21,7
2014-06-10,21,14,7
2014-06-10,32,18,14
2014-06-10,21,13,8
2014-06-10,33,16,17
2014-06-10,57,19,38
2014-06-10,111,25,86
2014-06-10,209,31,178
2014-06-10,143,27,116
2014-06-10,46,10,36
2014-06-10,32,10,22
2014-06-10,22,3,19
2014-06-10,18,4,14
2014-06-10,3,1,2
2014-06-11,3,0,3
2014-06-11,1,0,1
2014-06-11,0,0,0
2014-06-11,1,0,1
2014-06-11,6,4,2
2014-06-11,34,30,4
2014-06-11,103,86,17
2014-06-11,170,152,18
2014-06-11,148,135,13
2014-06-11,90,80,10
2014-06-11,34,25,9
2014-06-11,22,14,8
2014-06-11,34,17,17
2014-06-11,39,20,19
2014-06-11,50,20,30
2014-06-11,89,28,61
2014-06-11,134,27,107
2014-06-11,219,47,172
2014-06-11,152,30,122
2014-06-11,75,15,60
2014-06-11,41,12,29
2014-06-11,23,10,13
2014-06-11,20,6,14
2014-06-11,4,0,4
2014-06-12,5,1,4
2014-06-12,1,0,1
2014-06-12,0,0,0
2014-06-12,1,0,1
2014-06-12,5,4,1
2014-06-12,35,29,6
2014-06-12,89,75,14
2014-06-12,149,133,16
2014-06-12,133,125,8
2014-06-12,48,38,10
2014-06-12,27,23,4
2014-06-12,22,15,7
2014-06-12,32,20,12
2014-06-12,31,18,13
2014-06-12,30,11,19
2014-06-12,48,15,33
2014-06-12,93,29,64
2014-06-12,157,26,131
2014-06-12,108,13,95
2014-06-12,62,19,43
2014-06-12,23,6,17
2014-06-12,16,7,9
2014-06-12,9,1,8
2014-06-12,9,0,9
2014-06-13,3,1,2
2014-06-13,1,0,1
2014-06-13,0,0,0
2014-06-13,3,1,2
2014-06-13,4,3,1
2014-06-13,12,8,4
2014-06-13,41,36,5
2014-06-13,65,56,9
2014-06-13,62,59,3
2014-06-13,30,25,5
2014-06-13,9,6,3
2014-06-13,9,5,4
2014-06-13,8,5,3
2014-06-13,12,5,7
2014-06-13,13,5,8
2014-06-13,27,7,20
2014-06-13,73,16,57
2014-06-13,83,10,73
2014-06-13,53,9,44
2014-06-13,19,6,13
2014-06-13,12,3,9
2014-06-13,7,0,7
2014-06-13,6,3,3
2014-06-13,6,2,4
2014-06-14,5,1,4
2014-06-14,2,2,0
2014-06-14,0,0,0
2014-06-14,4,0,4
2014-06-14,2,1,1
2014-06-14,4,4,0
2014-06-14,13,7,6
2014-06-14,21,17,4
2014-06-14,38,23,15
2014-06-14,42,28,14
2014-06-14,43,20,23
2014-06-14,40,13,27
2014-06-14,52,19,33
2014-06-14,55,33,22
2014-06-14,66,36,30
2014-06-14,100,41,59
2014-06-14,94,56,38
2014-06-14,36,20,16
2014-06-14,41,23,18
2014-06-14,9,2,7
2014-06-14,11,1,10
2014-06-14,4,3,1
2014-06-14,11,5,6
2014-06-14,2,1,1
2014-06-15,4,1,3
2014-06-15,2,1,1
2014-06-15,2,0,2
2014-06-15,1,0,1
2014-06-15,2,0,2
2014-06-15,3,2,1
2014-06-15,5,3,2
2014-06-15,7,5,2
2014-06-15,27,20,7
2014-06-15,24,12,12
2014-06-15,51,31,20
2014-06-15,54,27,27
2014-06-15,39,16,23
2014-06-15,44,26,18
2014-06-15,31,17,14
2014-06-15,42,19,23
2014-06-15,39,20,19
2014-06-15,31,19,12
2014-06-15,11,6,5
2014-06-15,9,6,3
2014-06-15,5,2,3
2014-06-15,6,1,5
2014-06-15,4,1,3
2014-06-15,12,0,12
2014-06-16,1,0,1
2014-06-16,0,0,0
2014-06-16,1,0,1
2014-06-16,1,1,0
2014-06-16,2,1,1
2014-06-16,18,14,4
2014-06-16,55,49,6
2014-06-16,115,104,11
2014-06-16,100,91,9
2014-06-16,45,37,8
2014-06-16,19,14,5
2014-06-16,9,5,4
2014-06-16,15,10,5
2014-06-16,12,10,2
2014-06-16,35,10,25
2014-06-16,56,20,36
2014-06-16,74,21,53
2014-06-16,139,25,114
2014-06-16,104,19,85
2014-06-16,42,13,29
2014-06-16,26,6,20
2014-06-16,21,9,12
2014-06-16,7,1,6
2014-06-16,5,1,4
2014-06-17,4,1,3
2014-06-17,1,1,0
2014-06-17,2,0,2
2014-06-17,0,0,0
2014-06-17,0,0,0
2014-06-17,21,17,4
2014-06-17,76,67,9
2014-06-17,137,120,17
2014-06-17,131,120,11
2014-06-17,54,47,7
2014-06-17,34,30,4
2014-06-17,18,10,8
2014-06-17,23,13,10
2014-06-17,24,14,10
2014-06-17,24,12,12
2014-06-17,45,17,28
2014-06-17,94,11,83
2014-06-17,161,30,131
2014-06-17,126,20,106
2014-06-17,50,16,34
2014-06-17,28,6,22
2014-06-17,12,4,8
2014-06-17,9,3,6
2014-06-17,5,1,4
2014-06-18,5,1,4
2014-06-18,4,2,2
2014-06-18,3,2,1
2014-06-18,2,1,1
2014-06-18,8,4,4
2014-06-18,27,20,7
2014-06-18,109,90,19
2014-06-18,152,135,17
2014-06-18,151,141,10
2014-06-18,39,32,7
2014-06-18,38,27,11
2014-06-18,23,16,7
2014-06-18,25,12,13
2014-06-18,28,11,17
2014-06-18,42,19,23
2014-06-18,55,18,37
2014-06-18,119,29,90
2014-06-18,163,71,92
2014-06-18,123,61,62
2014-06-18,34,8,26
2014-06-18,36,11,25
2014-06-18,17,5,12
2014-06-18,10,4,6
2014-06-18,7,4,3
2014-06-19,7,3,4
2014-06-19,3,2,1
2014-06-19,0,0,0
2014-06-19,1,0,1
2014-06-19,6,5,1
2014-06-19,26,22,4
2014-06-19,103,91,12
2014-06-19,151,130,21
2014-06-19,136,118,18
2014-06-19,49,43,6
2014-06-19,24,23,1
2014-06-19,27,11,16
2014-06-19,34,19,15
2014-06-19,42,20,22
2014-06-19,41,14,27
2014-06-19,57,27,30
2014-06-19,110,22,88
2014-06-19,196,34,162
2014-06-19,128,19,109
2014-06-19,59,20,39
2014-06-19,32,11,21
2014-06-19,22,2,20
2014-06-19,13,7,6
2014-06-19,3,0,3
2014-06-20,3,0,3
2014-06-20,2,0,2
2014-06-20,1,0,1
2014-06-20,2,2,0
2014-06-20,2,2,0
2014-06-20,31,26,5
2014-06-20,53,49,4
2014-06-20,118,101,17
2014-06-20,119,108,11
2014-06-20,52,42,10
2014-06-20,29,22,7
2014-06-20,14,7,7
2014-06-20,32,13,19
2014-06-20,18,10,8
2014-06-20,33,8,25
2014-06-20,60,22,38
2014-06-20,103,29,74
2014-06-20,168,29,139
2014-06-20,79,11,68
2014-06-20,36,9,27
2014-06-20,21,9,12
2014-06-20,15,11,4
2014-06-20,21,9,12
2014-06-20,8,4,4
2014-06-21,7,2,5
2014-06-21,13,8,5
2014-06-21,1,0,1
2014-06-21,0,0,0
2014-06-21,1,1,0
2014-06-21,5,5,0
2014-06-21,6,3,3
2014-06-21,40,20,20
2014-06-21,56,24,32
2014-06-21,77,40,37
2014-06-21,86,49,37
2014-06-21,93,54,39
2014-06-21,89,55,34
2014-06-21,102,76,26
2014-06-21,118,75,43
2014-06-21,83,46,37
2014-06-21,92,39,53
2014-06-21,85,30,55
2014-06-21,53,16,37
2014-06-21,42,13,29
2014-06-21,36,12,24
2014-06-21,29,6,23
2014-06-21,9,4,5
2014-06-21,12,6,6
2014-06-22,10,3,7
2014-06-22,6,2,4
2014-06-22,4,3,1
2014-06-22,3,1,2
2014-06-22,3,1,2
2014-06-22,3,3,0
2014-06-22,9,8,1
2014-06-22,23,12,11
2014-06-22,49,24,25
2014-06-22,60,36,24
2014-06-22,86,43,43
2014-06-22,49,27,22
2014-06-22,88,49,39
2014-06-22,97,52,45
2014-06-22,84,40,44
2014-06-22,63,37,26
2014-06-22,66,34,32
2014-06-22,60,28,32
2014-06-22,52,16,36
2014-06-22,36,18,18
2014-06-22,26,13,13
2014-06-22,15,6,9
2014-06-22,14,6,8
2014-06-22,4,1,3
2014-06-23,4,3,1
2014-06-23,0,0,0
2014-06-23,1,1,0
2014-06-23,3,2,1
2014-06-23,4,1,3
2014-06-23,33,25,8
2014-06-23,82,71,11
2014-06-23,155,140,15
2014-06-23,143,130,13
2014-06-23,63,56,7
2014-06-23,30,21,9
2014-06-23,46,34,12
2014-06-23,40,20,20
2014-06-23,41,20,21
2014-06-23,43,19,24
2014-06-23,58,19,39
2014-06-23,95,23,72
2014-06-23,217,36,181
2014-06-23,141,16,125
2014-06-23,77,17,60
2014-06-23,38,16,22
2014-06-23,16,3,13
2014-06-23,7,4,3
2014-06-23,3,1,2
2014-06-24,6,2,4
2014-06-24,1,0,1
2014-06-24,3,1,2
2014-06-24,2,1,1
2014-06-24,6,4,2
2014-06-24,29,24,5
2014-06-24,68,53,15
2014-06-24,129,113,16
2014-06-24,132,124,8
2014-06-24,51,43,8
2014-06-24,23,16,7
2014-06-24,16,10,6
2014-06-24,35,19,16
2014-06-24,29,13,16
2014-06-24,34,15,19
2014-06-24,65,25,40
2014-06-24,91,21,70
2014-06-24,185,30,155
2014-06-24,117,16,101
2014-06-24,69,19,50
2014-06-24,36,13,23
2014-06-24,17,6,11
2014-06-24,19,4,15
2014-06-24,9,4,5
2014-06-25,2,1,1
2014-06-25,1,0,1
2014-06-25,0,0,0
2014-06-25,1,1,0
2014-06-25,8,5,3
2014-06-25,35,30,5
2014-06-25,84,76,8
2014-06-25,160,139,21
2014-06-25,145,128,17
2014-06-25,65,60,5
2014-06-25,46,30,16
2014-06-25,33,20,13
2014-06-25,31,15,16
2014-06-25,42,24,18
2014-06-25,46,26,20
2014-06-25,65,21,44
2014-06-25,130,31,99
2014-06-25,185,29,156
2014-06-25,124,30,94
2014-06-25,68,14,54
2014-06-25,40,14,26
2014-06-25,25,12,13
2014-06-25,26,5,21
2014-06-25,12,3,9
2014-06-26,8,2,6
2014-06-26,6,3,3
2014-06-26,1,0,1
2014-06-26,1,0,1
2014-06-26,7,4,3
2014-06-26,32,26,6
2014-06-26,77,63,14
2014-06-26,154,137,17
2014-06-26,120,106,14
2014-06-26,67,58,9
2014-06-26,21,12,9
2014-06-26,21,11,10
2014-06-26,28,15,13
2014-06-26,25,18,7
2014-06-26,33,22,11
2014-06-26,63,22,41
2014-06-26,99,30,69
2014-06-26,168,26,142
2014-06-26,126,24,102
2014-06-26,65,16,49
2014-06-26,28,10,18
2014-06-26,28,8,20
2014-06-26,11,4,7
2014-06-26,9,3,6
2014-06-27,4,1,3
2014-06-27,9,1,8
2014-06-27,2,0,2
2014-06-27,2,1,1
2014-06-27,5,4,1
2014-06-27,15,9,6
2014-06-27,45,40,5
2014-06-27,77,71,6
2014-06-27,69,57,12
2014-06-27,39,31,8
2014-06-27,16,12,4
2014-06-27,26,18,8
2014-06-27,17,9,8
2014-06-27,24,13,11
2014-06-27,31,6,25
2014-06-27,40,18,22
2014-06-27,66,14,52
2014-06-27,101,24,77
2014-06-27,64,14,50
2014-06-27,24,4,20
2014-06-27,11,5,6
2014-06-27,11,3,8
2014-06-27,7,1,6
2014-06-27,5,2,3
2014-06-28,3,1,2
2014-06-28,2,0,2
2014-06-28,1,1,0
2014-06-28,0,0,0
2014-06-28,1,0,1
2014-06-28,3,3,0
2014-06-28,8,7,1
2014-06-28,13,8,5
2014-06-28,26,15,11
2014-06-28,40,29,11
2014-06-28,25,11,14
2014-06-28,60,31,29
2014-06-28,55,31,24
2014-06-28,40,17,23
2014-06-28,46,25,21
2014-06-28,49,24,25
2014-06-28,31,16,15
2014-06-28,36,19,17
2014-06-28,33,16,17
2014-06-28,26,9,17
2014-06-28,16,8,8
2014-06-28,20,9,11
2014-06-28,10,4,6
2014-06-28,5,2,3
2014-06-29,3,0,3
2014-06-29,1,1,0
2014-06-29,2,0,2
2014-06-29,2,0,2
2014-06-29,0,0,0
2014-06-29,7,4,3
2014-06-29,12,10,2
2014-06-29,16,9,7
2014-06-29,26,17,9
2014-06-29,55,32,23
2014-06-29,66,39,27
2014-06-29,69,40,29
2014-06-29,70,32,38
2014-06-29,70,33,37
2014-06-29,87,47,40
2014-06-29,77,34,43
2014-06-29,64,29,35
2014-06-29,53,24,29
2014-06-29,47,22,25
2014-06-29,14,12,2
2014-06-29,17,5,12
2014-06-29,7,1,6
2014-06-29,12,7,5
2014-06-29,4,3,1
2014-06-30,1,0,1
2014-06-30,3,0,3
2014-06-30,2,1,1
2014-06-30,2,1,1
2014-06-30,6,4,2
2014-06-30,35,28,7
2014-06-30,94,83,11
2014-06-30,141,127,14
2014-06-30,138,124,14
2014-06-30,67,53,14
2014-06-30,35,27,8
2014-06-30,25,16,9
2014-06-30,31,15,16
2014-06-30,50,26,24
2014-06-30,29,7,22
2014-06-30,57,17,40
2014-06-30,125,26,99
2014-06-30,205,29,176
2014-06-30,155,29,126
2014-06-30,70,18,52
2014-06-30,42,26,16
2014-06-30,23,9,14
2014-06-30,15,6,9
2014-06-30,8,2,6
2014-07-01,6,2,4
2014-07-01,3,2,1
2014-07-01,1,0,1
2014-07-01,2,2,0
2014-07-01,5,5,0
2014-07-01,32,26,6
2014-07-01,114,95,19
2014-07-01,155,128,27
2014-07-01,172,154,18
2014-07-01,73,63,10
2014-07-01,40,27,13
2014-07-01,29,19,10
2014-07-01,28,17,11
2014-07-01,36,18,18
2014-07-01,32,9,23
2014-07-01,59,20,39
2014-07-01,109,23,86
2014-07-01,221,33,188
2014-07-01,164,25,139
2014-07-01,95,30,65
2014-07-01,44,22,22
2014-07-01,22,13,9
2014-07-01,11,3,8
2014-07-01,14,4,10
2014-07-02,8,2,6
2014-07-02,4,2,2
2014-07-02,0,0,0
2014-07-02,4,3,1
2014-07-02,7,5,2
2014-07-02,33,28,5
2014-07-02,97,82,15
2014-07-02,159,139,20
2014-07-02,144,125,19
2014-07-02,80,61,19
2014-07-02,40,32,8
2014-07-02,31,18,13
2014-07-02,28,16,12
2014-07-02,43,21,22
2014-07-02,38,15,23
2014-07-02,60,21,39
2014-07-02,102,25,77
2014-07-02,194,35,159
2014-07-02,161,25,136
2014-07-02,68,12,56
2014-07-02,50,21,29
2014-07-02,25,12,13
2014-07-02,6,1,5
2014-07-02,13,3,10
2014-07-03,4,1,3
2014-07-03,2,1,1
2014-07-03,1,0,1
2014-07-03,1,1,0
2014-07-03,3,2,1
2014-07-03,21,16,5
2014-07-03,82,74,8
2014-07-03,113,94,19
2014-07-03,114,98,16
2014-07-03,53,43,10
2014-07-03,38,24,14
2014-07-03,27,17,10
2014-07-03,27,16,11
2014-07-03,41,16,25
2014-07-03,35,12,23
2014-07-03,83,26,57
2014-07-03,99,20,79
2014-07-03,125,26,99
2014-07-03,79,16,63
2014-07-03,43,8,35
2014-07-03,30,8,22
2014-07-03,20,10,10
2014-07-03,10,4,6
2014-07-03,9,3,6
2014-07-04,13,7,6
2014-07-04,4,3,1
2014-07-04,2,0,2
2014-07-04,1,1,0
2014-07-04,2,1,1
2014-07-04,8,6,2
2014-07-04,18,13,5
2014-07-04,32,21,11
2014-07-04,39,20,19
2014-07-04,70,38,32
2014-07-04,81,33,48
2014-07-04,78,40,38
2014-07-04,103,62,41
2014-07-04,76,41,35
2014-07-04,73,27,46
2014-07-04,83,35,48
2014-07-04,72,36,36
2014-07-04,43,12,31
2014-07-04,32,17,15
2014-07-04,17,14,3
2014-07-04,10,6,4
2014-07-04,15,9,6
2014-07-04,12,5,7
2014-07-04,14,4,10
2014-07-05,17,3,14
2014-07-05,8,2,6
2014-07-05,4,0,4
2014-07-05,3,1,2
2014-07-05,3,3,0
2014-07-05,6,5,1
2014-07-05,7,6,1
2014-07-05,17,14,3
2014-07-05,28,15,13
2014-07-05,45,23,22
2014-07-05,48,29,19
2014-07-05,45,19,26
2014-07-05,67,22,45
2014-07-05,69,37,32
2014-07-05,57,32,25
2014-07-05,38,17,21
2014-07-05,43,24,19
2014-07-05,25,8,17
2014-07-05,36,23,13
2014-07-05,24,10,14
2014-07-05,17,8,9
2014-07-05,5,3,2
2014-07-05,5,4,1
2014-07-05,4,3,1
2014-07-06,4,0,4
2014-07-06,2,0,2
2014-07-06,3,2,1
2014-07-06,1,0,1
2014-07-06,1,1,0
2014-07-06,3,3,0
2014-07-06,9,6,3
2014-07-06,11,8,3
2014-07-06,44,21,23
2014-07-06,41,18,23
2014-07-06,80,45,35
2014-07-06,68,32,36
2014-07-06,119,60,59
2014-07-06,101,46,55
2014-07-06,114,60,54
2014-07-06,75,35,40
2014-07-06,85,31,54
2014-07-06,82,37,45
2014-07-06,38,19,19
2014-07-06,53,24,29
2014-07-06,24,14,10
2014-07-06,7,5,2
2014-07-06,11,4,7
2014-07-06,3,1,2
2014-07-07,2,0,2
2014-07-07,2,1,1
2014-07-07,2,1,1
2014-07-07,5,2,3
2014-07-07,3,3,0
2014-07-07,21,16,5
2014-07-07,86,79,7
2014-07-07,152,136,16
2014-07-07,127,117,10
2014-07-07,63,53,10
2014-07-07,30,19,11
2014-07-07,25,16,9
2014-07-07,34,14,20
2014-07-07,30,16,14
2014-07-07,41,20,21
2014-07-07,55,17,38
2014-07-07,111,35,76
2014-07-07,180,30,150
2014-07-07,135,23,112
2014-07-07,83,26,57
2014-07-07,21,5,16
2014-07-07,22,5,17
2014-07-07,9,2,7
2014-07-07,9,2,7
2014-07-08,8,2,6
2014-07-08,3,1,2
2014-07-08,0,0,0
2014-07-08,2,1,1
2014-07-08,6,4,2
2014-07-08,30,25,5
2014-07-08,95,79,16
2014-07-08,175,155,20
2014-07-08,168,155,13
2014-07-08,65,60,5
2014-07-08,46,32,14
2014-07-08,28,16,12
2014-07-08,40,25,15
2014-07-08,41,20,21
2014-07-08,45,25,20
2014-07-08,64,24,40
2014-07-08,125,29,96
2014-07-08,220,36,184
2014-07-08,133,21,112
2014-07-08,85,26,59
2014-07-08,52,14,38
2014-07-08,24,6,18
2014-07-08,28,12,16
2014-07-08,8,5,3
2014-07-09,5,2,3
2014-07-09,3,2,1
2014-07-09,6,2,4
2014-07-09,3,2,1
2014-07-09,5,4,1
2014-07-09,37,32,5
2014-07-09,87,79,8
2014-07-09,172,152,20
2014-07-09,151,135,16
2014-07-09,53,44,9
2014-07-09,46,37,9
2014-07-09,35,26,9
2014-07-09,44,23,21
2014-07-09,38,22,16
2014-07-09,39,12,27
2014-07-09,48,13,35
2014-07-09,117,31,86
2014-07-09,199,34,165
2014-07-09,155,24,131
2014-07-09,73,22,51
2014-07-09,51,15,36
2014-07-09,41,16,25
2014-07-09,18,10,8
2014-07-09,16,4,12
2014-07-10,14,5,9
2014-07-10,1,0,1
2014-07-10,6,2,4
2014-07-10,3,1,2
2014-07-10,2,1,1
2014-07-10,27,24,3
2014-07-10,97,84,13
2014-07-10,156,133,23
2014-07-10,144,131,13
2014-07-10,54,48,6
2014-07-10,42,27,15
2014-07-10,34,22,12
2014-07-10,34,17,17
2014-07-10,33,21,12
2014-07-10,42,13,29
2014-07-10,46,13,33
2014-07-10,93,22,71
2014-07-10,182,35,147
2014-07-10,134,21,113
2014-07-10,61,16,45
2014-07-10,54,18,36
2014-07-10,39,9,30
2014-07-10,12,2,10
2014-07-10,6,3,3
2014-07-11,3,1,2
2014-07-11,5,0,5
2014-07-11,1,0,1
2014-07-11,3,3,0
2014-07-11,8,5,3
2014-07-11,29,24,5
2014-07-11,80,66,14
2014-07-11,134,120,14
2014-07-11,105,97,8
2014-07-11,71,57,14
2014-07-11,36,25,11
2014-07-11,32,21,11
2014-07-11,35,18,17
2014-07-11,52,35,17
2014-07-11,48,23,25
2014-07-11,72,20,52
2014-07-11,109,27,82
2014-07-11,144,16,128
2014-07-11,102,20,82
2014-07-11,54,18,36
2014-07-11,28,12,16
2014-07-11,16,10,6
2014-07-11,22,12,10
2014-07-11,8,2,6
2014-07-12,3,1,2
2014-07-12,5,3,2
2014-07-12,2,1,1
2014-07-12,4,3,1
2014-07-12,11,10,1
2014-07-12,16,15,1
2014-07-12,19,14,5
2014-07-12,32,16,16
2014-07-12,50,17,33
2014-07-12,71,51,20
2014-07-12,59,26,33
2014-07-12,71,31,40
2014-07-12,59,28,31
2014-07-12,60,31,29
2014-07-12,70,37,33
2014-07-12,58,23,35
2014-07-12,58,23,35
2014-07-12,53,27,26
2014-07-12,36,11,25
2014-07-12,49,25,24
2014-07-12,27,14,13
2014-07-12,26,10,16
2014-07-12,10,6,4
2014-07-12,24,16,8
2014-07-13,13,10,3
2014-07-13,11,4,7
2014-07-13,5,2,3
2014-07-13,1,1,0
2014-07-13,3,1,2
2014-07-13,1,0,1
2014-07-13,18,13,5
2014-07-13,28,19,9
2014-07-13,52,24,28
2014-07-13,63,36,27
2014-07-13,77,45,32
2014-07-13,52,19,33
2014-07-13,66,37,29
2014-07-13,36,19,17
2014-07-13,38,15,23
2014-07-13,60,34,26
2014-07-13,46,23,23
2014-07-13,46,25,21
2014-07-13,33,20,13
2014-07-13,37,17,20
2014-07-13,14,9,5
2014-07-13,9,4,5
2014-07-13,18,3,15
2014-07-13,9,4,5
2014-07-14,3,2,1
2014-07-14,2,1,1
2014-07-14,1,1,0
2014-07-14,1,0,1
2014-07-14,6,5,1
2014-07-14,22,16,6
2014-07-14,77,70,7
2014-07-14,161,146,15
2014-07-14,140,126,14
2014-07-14,65,56,9
2014-07-14,41,23,18
2014-07-14,31,19,12
2014-07-14,29,17,12
2014-07-14,29,19,10
2014-07-14,37,15,22
2014-07-14,35,15,20
2014-07-14,109,27,82
2014-07-14,209,32,177
2014-07-14,133,14,119
2014-07-14,63,18,45
2014-07-14,35,15,20
2014-07-14,21,9,12
2014-07-14,9,5,4
2014-07-14,9,3,6
2014-07-15,3,0,3
2014-07-15,2,0,2
2014-07-15,2,0,2
2014-07-15,3,3,0
2014-07-15,4,2,2
2014-07-15,38,31,7
2014-07-15,88,75,13
2014-07-15,154,140,14
2014-07-15,155,140,15
2014-07-15,59,50,9
2014-07-15,30,20,10
2014-07-15,41,21,20
2014-07-15,28,14,14
2014-07-15,31,16,15
2014-07-15,30,14,16
2014-07-15,42,10,32
2014-07-15,101,22,79
2014-07-15,203,29,174
2014-07-15,161,31,130
2014-07-15,73,22,51
2014-07-15,46,14,32
2014-07-15,25,10,15
2014-07-15,15,4,11
2014-07-15,9,2,7
2014-07-16,1,0,1
2014-07-16,2,1,1
2014-07-16,0,0,0
2014-07-16,0,0,0
2014-07-16,7,6,1
2014-07-16,24,20,4
2014-07-16,82,67,15
2014-07-16,186,166,20
2014-07-16,151,143,8
2014-07-16,68,61,7
2014-07-16,34,20,14
2014-07-16,32,16,16
2014-07-16,45,22,23
2014-07-16,27,12,15
2014-07-16,39,16,23
2014-07-16,50,13,37
2014-07-16,108,24,84
2014-07-16,210,33,177
2014-07-16,132,18,114
2014-07-16,90,19,71
2014-07-16,51,19,32
2014-07-16,27,10,17
2014-07-16,23,10,13
2014-07-16,15,10,5
2014-07-17,2,0,2
2014-07-17,4,2,2
2014-07-17,4,2,2
2014-07-17,3,2,1
2014-07-17,10,8,2
2014-07-17,22,19,3
2014-07-17,90,78,12
2014-07-17,146,130,16
2014-07-17,138,123,15
2014-07-17,57,53,4
2014-07-17,25,19,6
2014-07-17,21,11,10
2014-07-17,30,18,12
2014-07-17,41,21,20
2014-07-17,24,5,19
2014-07-17,47,14,33
2014-07-17,101,27,74
2014-07-17,178,29,149
2014-07-17,144,39,105
2014-07-17,72,18,54
2014-07-17,62,22,40
2014-07-17,24,13,11
2014-07-17,17,7,10
2014-07-17,5,3,2
2014-07-18,6,3,3
2014-07-18,8,3,5
2014-07-18,1,1,0
2014-07-18,2,2,0
2014-07-18,6,5,1
2014-07-18,24,18,6
2014-07-18,67,58,9
2014-07-18,132,118,14
2014-07-18,113,102,11
2014-07-18,54,40,14
2014-07-18,42,27,15
2014-07-18,43,29,14
2014-07-18,48,23,25
2014-07-18,30,14,16
2014-07-18,52,23,29
2014-07-18,63,18,45
2014-07-18,102,25,77
2014-07-18,143,26,117
2014-07-18,78,14,64
2014-07-18,45,9,36
2014-07-18,33,13,20
2014-07-18,19,8,11
2014-07-18,7,2,5
2014-07-18,3,1,2
2014-07-19,12,7,5
2014-07-19,1,0,1
2014-07-19,1,1,0
2014-07-19,2,1,1
2014-07-19,2,0,2
2014-07-19,7,5,2
2014-07-19,9,6,3
2014-07-19,18,14,4
2014-07-19,25,13,12
2014-07-19,44,23,21
2014-07-19,40,23,17
2014-07-19,48,27,21
2014-07-19,42,25,17
2014-07-19,52,27,25
2014-07-19,62,28,34
2014-07-19,57,23,34
2014-07-19,51,23,28
2014-07-19,51,25,26
2014-07-19,41,25,16
2014-07-19,23,8,15
2014-07-19,27,7,20
2014-07-19,9,7,2
2014-07-19,7,3,4
2014-07-19,2,0,2
2014-07-20,2,0,2
2014-07-20,4,1,3
2014-07-20,2,0,2
2014-07-20,0,0,0
2014-07-20,2,1,1
2014-07-20,6,6,0
2014-07-20,14,11,3
2014-07-20,4,3,1
2014-07-20,36,18,18
2014-07-20,26,16,10
2014-07-20,35,18,17
2014-07-20,55,25,30
2014-07-20,58,30,28
2014-07-20,53,22,31
2014-07-20,64,41,23
2014-07-20,70,36,34
2014-07-20,47,24,23
2014-07-20,36,17,19
2014-07-20,24,5,19
2014-07-20,21,7,14
2014-07-20,15,6,9
2014-07-20,6,3,3
2014-07-20,4,2,2
2014-07-20,1,0,1
2014-07-21,5,4,1
2014-07-21,1,0,1
2014-07-21,2,0,2
2014-07-21,1,1,0
2014-07-21,5,4,1
2014-07-21,33,29,4
2014-07-21,81,72,9
2014-07-21,144,131,13
2014-07-21,145,134,11
2014-07-21,64,56,8
2014-07-21,26,19,7
2014-07-21,30,15,15
2014-07-21,27,14,13
2014-07-21,48,27,21
2014-07-21,38,13,25
2014-07-21,57,18,39
2014-07-21,107,28,79
2014-07-21,200,43,157
2014-07-21,181,26,155
2014-07-21,68,21,47
2014-07-21,79,25,54
2014-07-21,20,10,10
2014-07-21,17,4,13
2014-07-21,10,5,5
2014-07-22,5,1,4
2014-07-22,4,2,2
2014-07-22,3,1,2
2014-07-22,4,3,1
2014-07-22,7,4,3
2014-07-22,38,33,5
2014-07-22,92,86,6
2014-07-22,161,142,19
2014-07-22,154,140,14
2014-07-22,68,60,8
2014-07-22,24,21,3
2014-07-22,24,17,7
2014-07-22,28,15,13
2014-07-22,33,18,15
2014-07-22,36,13,23
2014-07-22,59,18,41
2014-07-22,99,19,80
2014-07-22,205,37,168
2014-07-22,151,23,128
2014-07-22,64,10,54
2014-07-22,25,7,18
2014-07-22,16,9,7
2014-07-22,17,6,11
2014-07-22,8,0,8
2014-07-23,3,0,3
2014-07-23,1,0,1
2014-07-23,1,1,0
2014-07-23,3,2,1
2014-07-23,5,3,2
2014-07-23,22,19,3
2014-07-23,69,62,7
2014-07-23,74,65,9
2014-07-23,75,68,7
2014-07-23,36,35,1
2014-07-23,8,6,2
2014-07-23,6,6,0
2014-07-23,10,5,5
2014-07-23,13,8,5
2014-07-23,11,1,10
2014-07-23,16,2,14
2014-07-23,41,7,34
2014-07-23,90,18,72
2014-07-23,63,5,58
2014-07-23,42,10,32
2014-07-23,20,12,8
2014-07-23,2,0,2
2014-07-23,4,0,4
2014-07-23,3,1,2
2014-07-24,1,1,0
2014-07-24,0,0,0
2014-07-24,5,2,3
2014-07-24,1,1,0
2014-07-24,4,4,0
2014-07-24,24,21,3
2014-07-24,58,51,7
2014-07-24,111,96,15
2014-07-24,104,94,10
2014-07-24,36,33,3
2014-07-24,24,23,1
2014-07-24,17,11,6
2014-07-24,23,17,6
2014-07-24,34,14,20
2014-07-24,26,11,15
2014-07-24,40,9,31
2014-07-24,76,19,57
2014-07-24,150,24,126
2014-07-24,90,16,74
2014-07-24,38,11,27
2014-07-24,23,8,15
2014-07-24,12,5,7
2014-07-24,15,4,11
2014-07-24,6,4,2
2014-07-25,6,6,0
2014-07-25,6,3,3
2014-07-25,12,11,1
2014-07-25,2,2,0
2014-07-25,7,7,0
2014-07-25,31,25,6
2014-07-25,63,56,7
2014-07-25,107,90,17
2014-07-25,115,100,15
2014-07-25,74,60,14
2014-07-25,65,53,12
2014-07-25,31,23,8
2014-07-25,32,13,19
2014-07-25,41,18,23
2014-07-25,60,15,45
2014-07-25,59,17,42
2014-07-25,108,23,85
2014-07-25,162,34,128
2014-07-25,108,22,86
2014-07-25,58,17,41
2014-07-25,39,20,19
2014-07-25,8,4,4
2014-07-25,9,2,7
2014-07-25,16,5,11
2014-07-26,6,0,6
2014-07-26,6,2,4
2014-07-26,1,1,0
2014-07-26,2,0,2
2014-07-26,1,1,0
2014-07-26,4,4,0
2014-07-26,19,11,8
2014-07-26,29,18,11
2014-07-26,52,34,18
2014-07-26,55,21,34
2014-07-26,60,35,25
2014-07-26,83,46,37
2014-07-26,96,44,52
2014-07-26,69,32,37
2014-07-26,85,44,41
2014-07-26,105,34,71
2014-07-26,75,36,39
2014-07-26,59,29,30
2014-07-26,60,26,34
2014-07-26,45,25,20
2014-07-26,27,14,13
2014-07-26,16,10,6
2014-07-26,11,7,4
2014-07-26,14,8,6
2014-07-27,7,4,3
2014-07-27,6,2,4
2014-07-27,4,3,1
2014-07-27,1,0,1
2014-07-27,3,1,2
2014-07-27,7,7,0
2014-07-27,5,5,0
2014-07-27,14,11,3
2014-07-27,21,9,12
2014-07-27,65,34,31
2014-07-27,72,48,24
2014-07-27,80,41,39
2014-07-27,83,45,38
2014-07-27,92,33,59
2014-07-27,83,33,50
2014-07-27,84,44,40
2014-07-27,75,31,44
2014-07-27,80,43,37
2014-07-27,63,28,35
2014-07-27,38,21,17
2014-07-27,31,13,18
2014-07-27,25,18,7
2014-07-27,12,5,7
2014-07-27,10,8,2
2014-07-28,5,1,4
2014-07-28,2,0,2
2014-07-28,2,1,1
2014-07-28,4,2,2
2014-07-28,4,3,1
2014-07-28,26,21,5
2014-07-28,78,65,13
2014-07-28,176,157,19
2014-07-28,146,132,14
2014-07-28,70,63,7
2014-07-28,42,30,12
2014-07-28,27,12,15
2014-07-28,43,25,18
2014-07-28,30,16,14
2014-07-28,51,18,33
2014-07-28,57,27,30
2014-07-28,107,28,79
2014-07-28,200,30,170
2014-07-28,161,32,129
2014-07-28,91,24,67
2014-07-28,34,14,20
2014-07-28,37,9,28
2014-07-28,16,7,9
2014-07-28,7,1,6
2014-07-29,1,0,1
2014-07-29,5,1,4
2014-07-29,3,1,2
2014-07-29,2,1,1
2014-07-29,7,4,3
2014-07-29,38,31,7
2014-07-29,92,84,8
2014-07-29,176,152,24
2014-07-29,173,151,22
2014-07-29,78,69,9
2014-07-29,39,27,12
2014-07-29,37,21,16
2014-07-29,38,16,22
2014-07-29,52,28,24
2014-07-29,42,17,25
2014-07-29,49,18,31
2014-07-29,114,31,83
2014-07-29,247,40,207
2014-07-29,159,26,133
2014-07-29,76,17,59
2014-07-29,57,19,38
2014-07-29,16,8,8
2014-07-29,12,4,8
2014-07-29,9,3,6
2014-07-30,6,1,5
2014-07-30,3,1,2
2014-07-30,4,1,3
2014-07-30,4,3,1
2014-07-30,6,4,2
2014-07-30,35,24,11
2014-07-30,87,77,10
2014-07-30,175,154,21
2014-07-30,169,149,20
2014-07-30,72,61,11
2014-07-30,46,33,13
2014-07-30,35,22,13
2014-07-30,35,20,15
2014-07-30,43,23,20
2014-07-30,51,24,27
2014-07-30,53,18,35
2014-07-30,119,29,90
2014-07-30,212,31,181
2014-07-30,146,27,119
2014-07-30,73,16,57
2014-07-30,62,21,41
2014-07-30,28,16,12
2014-07-30,19,5,14
2014-07-30,9,3,6
2014-07-31,5,3,2
2014-07-31,2,1,1
2014-07-31,4,2,2
2014-07-31,3,1,2
2014-07-31,5,3,2
2014-07-31,32,26,6
2014-07-31,36,23,13
2014-07-31,160,146,14
2014-07-31,152,133,19
2014-07-31,70,61,9
2014-07-31,35,19,16
2014-07-31,30,23,7
2014-07-31,45,30,15
2014-07-31,26,13,13
2014-07-31,43,20,23
2014-07-31,55,22,33
2014-07-31,91,21,70
2014-07-31,186,22,164
2014-07-31,130,18,112
2014-07-31,88,33,55
2014-07-31,49,16,33
2014-07-31,14,6,8
2014-07-31,18,4,14
2014-07-31,10,4,6
2014-08-01,5,4,1
2014-08-01,3,2,1
2014-08-01,7,4,3
2014-08-01,2,0,2
2014-08-01,3,3,0
2014-08-01,26,22,4
2014-08-01,69,62,7
2014-08-01,142,125,17
2014-08-01,132,117,15
2014-08-01,60,54,6
2014-08-01,39,23,16
2014-08-01,26,16,10
2014-08-01,41,29,12
2014-08-01,38,15,23
2014-08-01,38,13,25
2014-08-01,65,16,49
2014-08-01,123,36,87
2014-08-01,178,42,136
2014-08-01,179,21,158
2014-08-01,59,19,40
2014-08-01,30,5,25
2014-08-01,21,7,14
2014-08-01,16,7,9
2014-08-01,15,7,8
2014-08-02,17,2,15
2014-08-02,9,0,9
2014-08-02,11,4,7
2014-08-02,7,4,3
2014-08-02,4,1,3
2014-08-02,4,3,1
2014-08-02,15,14,1
2014-08-02,14,10,4
2014-08-02,43,24,19
2014-08-02,37,21,16
2014-08-02,66,31,35
2014-08-02,68,24,44
2014-08-02,77,55,22
2014-08-02,67,41,26
2014-08-02,66,39,27
2014-08-02,72,37,35
2014-08-02,72,29,43
2014-08-02,49,25,24
2014-08-02,55,26,29
2014-08-02,20,9,11
2014-08-02,23,19,4
2014-08-02,5,2,3
2014-08-02,6,3,3
2014-08-02,11,4,7
2014-08-03,7,3,4
2014-08-03,6,1,5
2014-08-03,1,0,1
2014-08-03,2,0,2
2014-08-03,1,1,0
2014-08-03,3,3,0
2014-08-03,10,8,2
2014-08-03,11,7,4
2014-08-03,29,22,7
2014-08-03,36,20,16
2014-08-03,64,33,31
2014-08-03,94,56,38
2014-08-03,92,48,44
2014-08-03,96,47,49
2014-08-03,54,25,29
2014-08-03,98,43,55
2014-08-03,79,31,48
2014-08-03,65,23,42
2014-08-03,53,27,26
2014-08-03,38,23,15
2014-08-03,16,7,9
2014-08-03,9,6,3
2014-08-03,5,2,3
2014-08-03,3,2,1
2014-08-04,1,1,0
2014-08-04,2,1,1
2014-08-04,2,1,1
2014-08-04,3,2,1
2014-08-04,3,1,2
2014-08-04,24,19,5
2014-08-04,84,73,11
2014-08-04,152,139,13
2014-08-04,134,125,9
2014-08-04,73,60,13
2014-08-04,26,18,8
2014-08-04,27,10,17
2014-08-04,23,12,11
2014-08-04,32,16,16
2014-08-04,18,12,6
2014-08-04,58,13,45
2014-08-04,91,22,69
2014-08-04,210,44,166
2014-08-04,131,23,108
2014-08-04,70,16,54
2014-08-04,39,14,25
2014-08-04,25,9,16
2014-08-04,11,2,9
2014-08-04,7,2,5
2014-08-05,3,0,3
2014-08-05,2,1,1
2014-08-05,0,0,0
2014-08-05,1,1,0
2014-08-05,3,1,2
2014-08-05,30,25,5
2014-08-05,87,75,12
2014-08-05,172,151,21
2014-08-05,141,128,13
2014-08-05,71,64,7
2014-08-05,33,28,5
2014-08-05,29,14,15
2014-08-05,29,15,14
2014-08-05,33,19,14
2014-08-05,36,18,18
2014-08-05,49,16,33
2014-08-05,114,23,91
2014-08-05,204,32,172
2014-08-05,138,27,111
2014-08-05,69,17,52
2014-08-05,46,18,28
2014-08-05,18,4,14
2014-08-05,10,3,7
2014-08-05,11,1,10
2014-08-06,2,1,1
2014-08-06,3,1,2
2014-08-06,0,0,0
2014-08-06,1,1,0
2014-08-06,2,1,1
2014-08-06,24,20,4
2014-08-06,74,66,8
2014-08-06,155,141,14
2014-08-06,154,136,18
2014-08-06,75,65,10
2014-08-06,27,19,8
2014-08-06,43,33,10
2014-08-06,31,20,11
2014-08-06,50,18,32
2014-08-06,38,14,24
2014-08-06,56,20,36
2014-08-06,122,29,93
2014-08-06,190,31,159
2014-08-06,147,25,122
2014-08-06,85,24,61
2014-08-06,63,21,42
2014-08-06,16,6,10
2014-08-06,11,5,6
2014-08-06,8,1,7
2014-08-07,3,0,3
2014-08-07,2,1,1
2014-08-07,0,0,0
2014-08-07,4,2,2
2014-08-07,3,3,0
2014-08-07,29,25,4
2014-08-07,75,69,6
2014-08-07,167,147,20
2014-08-07,116,106,10
2014-08-07,82,71,11
2014-08-07,42,32,10
2014-08-07,17,9,8
2014-08-07,30,18,12
2014-08-07,34,17,17
2014-08-07,45,15,30
2014-08-07,56,13,43
2014-08-07,100,36,64
2014-08-07,196,26,170
2014-08-07,145,33,112
2014-08-07,63,21,42
2014-08-07,51,18,33
2014-08-07,20,5,15
2014-08-07,14,4,10
2014-08-07,8,4,4
2014-08-08,5,2,3
2014-08-08,2,0,2
2014-08-08,5,2,3
2014-08-08,2,1,1
2014-08-08,4,2,2
2014-08-08,30,24,6
2014-08-08,59,52,7
2014-08-08,132,111,21
2014-08-08,116,104,12
2014-08-08,56,47,9
2014-08-08,33,20,13
2014-08-08,28,15,13
2014-08-08,35,22,13
2014-08-08,39,20,19
2014-08-08,56,30,26
2014-08-08,59,11,48
2014-08-08,107,31,76
2014-08-08,148,29,119
2014-08-08,84,22,62
2014-08-08,54,13,41
2014-08-08,28,8,20
2014-08-08,15,4,11
2014-08-08,10,3,7
2014-08-08,8,3,5
2014-08-09,5,1,4
2014-08-09,0,0,0
2014-08-09,0,0,0
2014-08-09,2,0,2
2014-08-09,2,2,0
2014-08-09,3,3,0
2014-08-09,10,8,2
2014-08-09,22,16,6
2014-08-09,38,20,18
2014-08-09,49,23,26
2014-08-09,62,25,37
2014-08-09,64,33,31
2014-08-09,82,45,37
2014-08-09,89,49,40
2014-08-09,49,26,23
2014-08-09,61,32,29
2014-08-09,63,32,31
2014-08-09,54,28,26
2014-08-09,40,19,21
2014-08-09,36,14,22
2014-08-09,19,8,11
2014-08-09,22,10,12
2014-08-09,9,4,5
2014-08-09,7,4,3
2014-08-10,6,2,4
2014-08-10,6,2,4
2014-08-10,2,0,2
2014-08-10,1,1,0
2014-08-10,2,0,2
2014-08-10,3,3,0
2014-08-10,13,5,8
2014-08-10,22,18,4
2014-08-10,24,14,10
2014-08-10,43,23,20
2014-08-10,80,44,36
2014-08-10,121,84,37
2014-08-10,111,72,39
2014-08-10,102,60,42
2014-08-10,58,25,33
2014-08-10,93,42,51
2014-08-10,58,31,27
2014-08-10,72,37,35
2014-08-10,35,19,16
2014-08-10,33,21,12
2014-08-10,19,8,11
2014-08-10,17,7,10
2014-08-10,13,4,9
2014-08-10,6,0,6
2014-08-11,0,0,0
2014-08-11,3,1,2
2014-08-11,1,1,0
2014-08-11,3,2,1
2014-08-11,1,1,0
2014-08-11,31,25,6
2014-08-11,72,54,18
2014-08-11,160,142,18
2014-08-11,139,126,13
2014-08-11,49,41,8
2014-08-11,30,23,7
2014-08-11,23,12,11
2014-08-11,33,16,17
2014-08-11,20,14,6
2014-08-11,32,16,16
2014-08-11,54,14,40
2014-08-11,90,25,65
2014-08-11,177,26,151
2014-08-11,131,22,109
2014-08-11,52,11,41
2014-08-11,33,9,24
2014-08-11,17,3,14
2014-08-11,12,6,6
2014-08-11,2,0,2
2014-08-12,2,0,2
2014-08-12,1,1,0
2014-08-12,2,0,2
2014-08-12,2,2,0
2014-08-12,1,1,0
2014-08-12,35,33,2
2014-08-12,69,60,9
2014-08-12,138,121,17
2014-08-12,114,103,11
2014-08-12,45,39,6
2014-08-12,12,9,3
2014-08-12,11,10,1
2014-08-12,22,10,12
2014-08-12,22,15,7
2014-08-12,35,13,22
2014-08-12,40,12,28
2014-08-12,83,11,72
2014-08-12,156,28,128
2014-08-12,105,14,91
2014-08-12,38,11,27
2014-08-12,27,10,17
2014-08-12,8,3,5
2014-08-12,7,1,6
2014-08-12,3,1,2
2014-08-13,1,0,1
2014-08-13,3,0,3
2014-08-13,1,1,0
2014-08-13,0,0,0
2014-08-13,2,1,1
2014-08-13,15,11,4
2014-08-13,38,33,5
2014-08-13,90,75,15
2014-08-13,97,86,11
2014-08-13,45,37,8
2014-08-13,12,11,1
2014-08-13,15,8,7
2014-08-13,16,9,7
2014-08-13,19,12,7
2014-08-13,18,10,8
2014-08-13,35,12,23
2014-08-13,56,17,39
2014-08-13,115,17,98
2014-08-13,98,16,82
2014-08-13,39,8,31
2014-08-13,27,10,17
2014-08-13,12,3,9
2014-08-13,11,3,8
2014-08-13,5,1,4
2014-08-14,6,2,4
2014-08-14,4,1,3
2014-08-14,1,1,0
2014-08-14,2,2,0
2014-08-14,2,2,0
2014-08-14,26,21,5
2014-08-14,65,57,8
2014-08-14,141,117,24
2014-08-14,122,107,15
2014-08-14,58,49,9
2014-08-14,27,19,8
2014-08-14,21,13,8
2014-08-14,29,18,11
2014-08-14,28,13,15
2014-08-14,24,10,14
2014-08-14,34,13,21
2014-08-14,86,17,69
2014-08-14,141,18,123
2014-08-14,112,15,97
2014-08-14,51,12,39
2014-08-14,33,15,18
2014-08-14,7,0,7
2014-08-14,12,5,7
2014-08-14,11,7,4
2014-08-15,4,0,4
2014-08-15,2,1,1
2014-08-15,2,2,0
2014-08-15,2,2,0
2014-08-15,4,2,2
2014-08-15,25,20,5
2014-08-15,49,42,7
2014-08-15,86,72,14
2014-08-15,80,72,8
2014-08-15,51,43,8
2014-08-15,21,17,4
2014-08-15,18,8,10
2014-08-15,15,9,6
2014-08-15,25,17,8
2014-08-15,35,13,22
2014-08-15,45,22,23
2014-08-15,80,18,62
2014-08-15,107,25,82
2014-08-15,68,17,51
2014-08-15,42,10,32
2014-08-15,17,5,12
2014-08-15,15,2,13
2014-08-15,12,3,9
2014-08-15,12,1,11
2014-08-16,4,3,1
2014-08-16,4,0,4
2014-08-16,2,1,1
2014-08-16,0,0,0
2014-08-16,0,0,0
2014-08-16,5,5,0
2014-08-16,11,8,3
2014-08-16,16,10,6
2014-08-16,19,11,8
2014-08-16,53,28,25
2014-08-16,44,21,23
2014-08-16,68,38,30
2014-08-16,52,27,25
2014-08-16,77,40,37
2014-08-16,66,34,32
2014-08-16,54,15,39
2014-08-16,53,26,27
2014-08-16,59,26,33
2014-08-16,30,9,21
2014-08-16,31,11,20
2014-08-16,31,24,7
2014-08-16,10,4,6
2014-08-16,2,1,1
2014-08-16,12,8,4
2014-08-17,7,2,5
2014-08-17,8,3,5
2014-08-17,3,0,3
2014-08-17,2,1,1
2014-08-17,2,0,2
2014-08-17,4,4,0
2014-08-17,7,6,1
2014-08-17,17,12,5
2014-08-17,21,19,2
2014-08-17,39,20,19
2014-08-17,31,13,18
2014-08-17,49,29,20
2014-08-17,61,24,37
2014-08-17,61,31,30
2014-08-17,74,43,31
2014-08-17,66,35,31
2014-08-17,47,21,26
2014-08-17,72,36,36
2014-08-17,48,29,19
2014-08-17,28,13,15
2014-08-17,25,15,10
2014-08-17,8,0,8
2014-08-17,12,3,9
2014-08-17,3,1,2
2014-08-18,3,1,2
2014-08-18,2,0,2
2014-08-18,1,1,0
2014-08-18,4,1,3
2014-08-18,2,2,0
2014-08-18,33,27,6
2014-08-18,73,65,8
2014-08-18,148,126,22
2014-08-18,142,126,16
2014-08-18,66,55,11
2014-08-18,36,25,11
2014-08-18,26,15,11
2014-08-18,43,19,24
2014-08-18,35,17,18
2014-08-18,44,21,23
2014-08-18,42,12,30
2014-08-18,104,24,80
2014-08-18,194,22,172
2014-08-18,150,20,130
2014-08-18,95,36,59
2014-08-18,33,15,18
2014-08-18,11,4,7
2014-08-18,7,1,6
2014-08-18,5,2,3
2014-08-19,6,0,6
2014-08-19,2,0,2
2014-08-19,5,2,3
2014-08-19,1,1,0
2014-08-19,3,1,2
2014-08-19,23,19,4
2014-08-19,86,76,10
2014-08-19,197,179,18
2014-08-19,166,147,19
2014-08-19,58,49,9
2014-08-19,26,22,4
2014-08-19,26,19,7
2014-08-19,26,11,15
2014-08-19,37,22,15
2014-08-19,33,13,20
2014-08-19,66,22,44
2014-08-19,114,28,86
2014-08-19,198,37,161
2014-08-19,144,21,123
2014-08-19,64,19,45
2014-08-19,41,16,25
2014-08-19,17,6,11
2014-08-19,6,1,5
2014-08-19,4,0,4
2014-08-20,8,1,7
2014-08-20,1,0,1
2014-08-20,3,1,2
2014-08-20,4,2,2
2014-08-20,7,6,1
2014-08-20,27,22,5
2014-08-20,76,72,4
2014-08-20,127,111,16
2014-08-20,168,152,16
2014-08-20,73,60,13
2014-08-20,25,20,5
2014-08-20,32,20,12
2014-08-20,28,13,15
2014-08-20,32,20,12
2014-08-20,24,8,16
2014-08-20,48,14,34
2014-08-20,100,19,81
2014-08-20,177,24,153
2014-08-20,132,19,113
2014-08-20,54,14,40
2014-08-20,38,15,23
2014-08-20,21,2,19
2014-08-20,11,6,5
2014-08-20,6,1,5
2014-08-21,7,3,4
2014-08-21,4,1,3
2014-08-21,3,2,1
2014-08-21,0,0,0
2014-08-21,3,2,1
2014-08-21,28,23,5
2014-08-21,66,56,10
2014-08-21,143,129,14
2014-08-21,133,114,19
2014-08-21,52,47,5
2014-08-21,20,16,4
2014-08-21,21,14,7
2014-08-21,31,14,17
2014-08-21,34,17,17
2014-08-21,19,9,10
2014-08-21,44,16,28
2014-08-21,100,31,69
2014-08-21,147,15,132
2014-08-21,136,29,107
2014-08-21,118,12,106
2014-08-21,32,15,17
2014-08-21,24,15,9
2014-08-21,17,14,3
2014-08-21,16,11,5
2014-08-22,15,7,8
2014-08-22,21,20,1
2014-08-22,1,1,0
2014-08-22,0,0,0
2014-08-22,7,4,3
2014-08-22,20,14,6
2014-08-22,54,45,9
2014-08-22,124,101,23
2014-08-22,108,99,9
2014-08-22,58,47,11
2014-08-22,30,22,8
2014-08-22,39,21,18
2014-08-22,38,25,13
2014-08-22,27,12,15
2014-08-22,47,19,28
2014-08-22,69,21,48
2014-08-22,123,36,87
2014-08-22,141,38,103
2014-08-22,79,18,61
2014-08-22,35,9,26
2014-08-22,25,11,14
2014-08-22,12,4,8
2014-08-22,17,2,15
2014-08-22,12,5,7
2014-08-23,10,4,6
2014-08-23,5,1,4
2014-08-23,4,1,3
2014-08-23,2,1,1
2014-08-23,2,1,1
2014-08-23,3,3,0
2014-08-23,19,15,4
2014-08-23,23,12,11
2014-08-23,50,27,23
2014-08-23,46,27,19
2014-08-23,77,44,33
2014-08-23,135,42,93
2014-08-23,138,98,40
2014-08-23,70,33,37
2014-08-23,82,36,46
2014-08-23,91,50,41
2014-08-23,60,30,30
2014-08-23,66,29,37
2014-08-23,66,27,39
2014-08-23,36,18,18
2014-08-23,28,14,14
2014-08-23,16,7,9
2014-08-23,9,6,3
2014-08-23,11,4,7
2014-08-24,4,2,2
2014-08-24,4,0,4
2014-08-24,1,0,1
2014-08-24,6,3,3
2014-08-24,2,1,1
2014-08-24,2,2,0
2014-08-24,6,3,3
2014-08-24,26,16,10
2014-08-24,27,18,9
2014-08-24,65,25,40
2014-08-24,58,37,21
2014-08-24,64,28,36
2014-08-24,62,36,26
2014-08-24,78,39,39
2014-08-24,67,32,35
2014-08-24,67,36,31
2014-08-24,78,27,51
2014-08-24,63,33,30
2014-08-24,50,23,27
2014-08-24,35,16,19
2014-08-24,28,18,10
2014-08-24,11,6,5
2014-08-24,6,2,4
2014-08-24,5,2,3
2014-08-25,2,1,1
2014-08-25,2,1,1
2014-08-25,4,2,2
2014-08-25,0,0,0
2014-08-25,5,1,4
2014-08-25,31,27,4
2014-08-25,76,67,9
2014-08-25,193,173,20
2014-08-25,177,157,20
2014-08-25,87,77,10
2014-08-25,50,37,13
2014-08-25,25,13,12
2014-08-25,30,17,13
2014-08-25,32,17,15
2014-08-25,44,17,27
2014-08-25,53,17,36
2014-08-25,119,28,91
2014-08-25,244,38,206
2014-08-25,183,26,157
2014-08-25,72,19,53
2014-08-25,31,12,19
2014-08-25,19,6,13
2014-08-25,17,2,15
2014-08-25,10,3,7
2014-08-26,4,0,4
2014-08-26,3,2,1
2014-08-26,2,1,1
2014-08-26,0,0,0
2014-08-26,6,4,2
2014-08-26,34,25,9
2014-08-26,92,76,16
2014-08-26,194,178,16
2014-08-26,168,144,24
2014-08-26,80,67,13
2014-08-26,34,21,13
2014-08-26,35,24,11
2014-08-26,30,18,12
2014-08-26,27,10,17
2014-08-26,28,13,15
2014-08-26,75,22,53
2014-08-26,112,31,81
2014-08-26,242,41,201
2014-08-26,167,27,140
2014-08-26,59,10,49
2014-08-26,35,11,24
2014-08-26,8,3,5
2014-08-26,13,2,11
2014-08-26,11,0,11
2014-08-27,5,1,4
2014-08-27,2,0,2
2014-08-27,4,3,1
2014-08-27,0,0,0
2014-08-27,10,6,4
2014-08-27,24,19,5
2014-08-27,80,70,10
2014-08-27,143,125,18
2014-08-27,173,155,18
2014-08-27,68,60,8
2014-08-27,39,26,13
2014-08-27,27,22,5
2014-08-27,51,17,34
2014-08-27,36,16,20
2014-08-27,39,18,21
2014-08-27,63,24,39
2014-08-27,106,26,80
2014-08-27,199,32,167
2014-08-27,138,16,122
2014-08-27,93,19,74
2014-08-27,43,18,25
2014-08-27,29,9,20
2014-08-27,9,5,4
2014-08-27,11,5,6
2014-08-28,5,3,2
2014-08-28,1,1,0
2014-08-28,4,1,3
2014-08-28,0,0,0
2014-08-28,4,4,0
2014-08-28,27,18,9
2014-08-28,67,55,12
2014-08-28,142,125,17
2014-08-28,132,119,13
2014-08-28,59,52,7
2014-08-28,28,22,6
2014-08-28,22,16,6
2014-08-28,28,18,10
2014-08-28,19,12,7
2014-08-28,32,16,16
2014-08-28,39,14,25
2014-08-28,96,26,70
2014-08-28,179,38,141
2014-08-28,110,16,94
2014-08-28,68,13,55
2014-08-28,37,10,27
2014-08-28,16,4,12
2014-08-28,6,2,4
2014-08-28,14,3,11
2014-08-29,2,0,2
2014-08-29,1,0,1
2014-08-29,1,1,0
2014-08-29,0,0,0
2014-08-29,2,2,0
2014-08-29,17,15,2
2014-08-29,47,44,3
2014-08-29,114,101,13
2014-08-29,92,85,7
2014-08-29,54,42,12
2014-08-29,33,26,7
2014-08-29,22,13,9
2014-08-29,22,10,12
2014-08-29,21,9,12
2014-08-29,30,12,18
2014-08-29,40,14,26
2014-08-29,82,15,67
2014-08-29,117,19,98
2014-08-29,83,15,68
2014-08-29,40,8,32
2014-08-29,22,4,18
2014-08-29,11,3,8
2014-08-29,7,3,4
2014-08-29,6,1,5
2014-08-30,5,1,4
2014-08-30,4,2,2
2014-08-30,0,0,0
2014-08-30,1,0,1
2014-08-30,1,0,1
2014-08-30,4,3,1
2014-08-30,4,2,2
2014-08-30,5,4,1
2014-08-30,23,17,6
2014-08-30,17,11,6
2014-08-30,14,8,6
2014-08-30,17,6,11
2014-08-30,16,7,9
2014-08-30,15,6,9
2014-08-30,14,9,5
2014-08-30,19,10,9
2014-08-30,14,5,9
2014-08-30,10,6,4
2014-08-30,16,8,8
2014-08-30,5,3,2
2014-08-30,5,3,2
2014-08-30,4,0,4
2014-08-30,3,1,2
2014-08-30,9,2,7
2014-08-31,0,0,0
2014-08-31,5,1,4
2014-08-31,1,0,1
2014-08-31,1,1,0
2014-08-31,2,0,2
2014-08-31,0,0,0
2014-08-31,3,3,0
2014-08-31,4,1,3
2014-08-31,6,5,1
2014-08-31,25,12,13
2014-08-31,48,26,22
2014-08-31,47,30,17
2014-08-31,31,14,17
2014-08-31,49,39,10
2014-08-31,39,19,20
2014-08-31,62,30,32
2014-08-31,50,18,32
2014-08-31,38,20,18
2014-08-31,26,11,15
2014-08-31,14,6,8
2014-08-31,11,4,7
2014-08-31,6,4,2
2014-08-31,5,1,4
2014-08-31,5,3,2
2014-09-01,0,0,0
2014-09-01,1,0,1
2014-09-01,0,0,0
2014-09-01,3,3,0
2014-09-01,1,0,1
2014-09-01,3,1,2
2014-09-01,8,5,3
2014-09-01,12,11,1
2014-09-01,26,17,9
2014-09-01,87,8,79
2014-09-01,33,22,11
2014-09-01,62,29,33
2014-09-01,75,39,36
2014-09-01,70,42,28
2014-09-01,86,36,50
2014-09-01,94,49,45
2014-09-01,81,33,48
2014-09-01,59,28,31
2014-09-01,37,16,21
2014-09-01,17,10,7
2014-09-01,15,7,8
2014-09-01,8,6,2
2014-09-01,2,1,1
2014-09-01,3,2,1
2014-09-02,5,2,3
2014-09-02,2,0,2
2014-09-02,5,3,2
2014-09-02,2,1,1
2014-09-02,3,2,1
2014-09-02,16,14,2
2014-09-02,52,46,6
2014-09-02,135,121,14
2014-09-02,126,114,12
2014-09-02,57,50,7
2014-09-02,20,17,3
2014-09-02,29,10,19
2014-09-02,26,20,6
2014-09-02,20,9,11
2014-09-02,25,9,16
2014-09-02,29,6,23
2014-09-02,66,13,53
2014-09-02,147,20,127
2014-09-02,110,13,97
2014-09-02,37,8,29
2014-09-02,11,3,8
2014-09-02,6,2,4
2014-09-02,4,2,2
2014-09-02,2,1,1
2014-09-03,1,0,1
2014-09-03,2,1,1
2014-09-03,0,0,0
2014-09-03,4,3,1
2014-09-03,5,3,2
2014-09-03,20,17,3
2014-09-03,69,56,13
2014-09-03,122,102,20
2014-09-03,123,111,12
2014-09-03,62,51,11
2014-09-03,34,29,5
2014-09-03,20,12,8
2014-09-03,23,12,11
2014-09-03,31,18,13
2014-09-03,34,11,23
2014-09-03,40,13,27
2014-09-03,99,20,79
2014-09-03,166,27,139
2014-09-03,139,15,124
2014-09-03,53,15,38
2014-09-03,35,10,25
2014-09-03,8,2,6
2014-09-03,7,2,5
2014-09-03,10,1,9
2014-09-04,6,2,4
2014-09-04,3,1,2
2014-09-04,1,0,1
2014-09-04,3,2,1
2014-09-04,7,7,0
2014-09-04,33,27,6
2014-09-04,84,70,14
2014-09-04,177,162,15
2014-09-04,163,144,19
2014-09-04,70,65,5
2014-09-04,44,27,17
2014-09-04,40,25,15
2014-09-04,45,22,23
2014-09-04,35,24,11
2014-09-04,45,20,25
2014-09-04,62,21,41
2014-09-04,159,35,124
2014-09-04,237,31,206
2014-09-04,100,13,87
2014-09-04,40,5,35
2014-09-04,17,4,13
2014-09-04,34,14,20
2014-09-04,8,0,8
2014-09-04,9,2,7
2014-09-05,5,0,5
2014-09-05,2,0,2
2014-09-05,2,1,1
2014-09-05,5,3,2
2014-09-05,3,3,0
2014-09-05,19,18,1
2014-09-05,51,46,5
2014-09-05,122,112,10
2014-09-05,138,130,8
2014-09-05,56,40,16
2014-09-05,42,30,12
2014-09-05,23,14,9
2014-09-05,32,13,19
2014-09-05,41,20,21
2014-09-05,40,14,26
2014-09-05,62,25,37
2014-09-05,110,32,78
2014-09-05,127,21,106
2014-09-05,122,25,97
2014-09-05,44,10,34
2014-09-05,23,5,18
2014-09-05,15,7,8
2014-09-05,8,5,3
2014-09-05,8,5,3
2014-09-06,2,0,2
2014-09-06,9,4,5
2014-09-06,3,0,3
2014-09-06,1,0,1
2014-09-06,1,1,0
2014-09-06,4,4,0
2014-09-06,10,7,3
2014-09-06,14,8,6
2014-09-06,36,23,13
2014-09-06,37,24,13
2014-09-06,54,30,24
2014-09-06,58,33,25
2014-09-06,60,27,33
2014-09-06,85,42,43
2014-09-06,73,31,42
2014-09-06,63,29,34
2014-09-06,59,23,36
2014-09-06,41,19,22
2014-09-06,41,14,27
2014-09-06,26,13,13
2014-09-06,18,7,11
2014-09-06,15,9,6
2014-09-06,6,4,2
2014-09-06,8,1,7
2014-09-07,2,1,1
2014-09-07,2,2,0
2014-09-07,4,2,2
2014-09-07,8,2,6
2014-09-07,1,1,0
2014-09-07,6,3,3
2014-09-07,3,2,1
2014-09-07,9,5,4
2014-09-07,21,16,5
2014-09-07,39,26,13
2014-09-07,46,30,16
2014-09-07,58,27,31
2014-09-07,73,33,40
2014-09-07,53,26,27
2014-09-07,66,32,34
2014-09-07,63,28,35
2014-09-07,51,19,32
2014-09-07,46,24,22
2014-09-07,36,17,19
2014-09-07,17,11,6
2014-09-07,12,4,8
2014-09-07,10,6,4
2014-09-07,10,5,5
2014-09-07,7,2,5
2014-09-08,0,0,0
2014-09-08,2,1,1
2014-09-08,5,2,3
2014-09-08,3,2,1
2014-09-08,7,5,2
2014-09-08,25,19,6
2014-09-08,63,56,7
2014-09-08,132,117,15
2014-09-08,117,104,13
2014-09-08,78,74,4
2014-09-08,32,23,9
2014-09-08,19,10,9
2014-09-08,20,10,10
2014-09-08,23,9,14
2014-09-08,22,13,9
2014-09-08,37,11,26
2014-09-08,90,21,69
2014-09-08,187,31,156
2014-09-08,118,14,104
2014-09-08,36,8,28
2014-09-08,12,3,9
2014-09-08,5,3,2
2014-09-08,5,1,4
2014-09-08,8,1,7
2014-09-09,3,1,2
2014-09-09,2,0,2
2014-09-09,2,0,2
2014-09-09,1,0,1
2014-09-09,2,1,1
2014-09-09,24,21,3
2014-09-09,57,46,11
2014-09-09,131,113,18
2014-09-09,116,103,13
2014-09-09,49,49,0
2014-09-09,21,14,7
2014-09-09,22,13,9
2014-09-09,28,15,13
2014-09-09,21,12,9
2014-09-09,27,15,12
2014-09-09,36,11,25
2014-09-09,76,25,51
2014-09-09,178,25,153
2014-09-09,123,20,103
2014-09-09,65,13,52
2014-09-09,23,8,15
2014-09-09,8,3,5
2014-09-09,15,5,10
2014-09-09,2,0,2
2014-09-10,7,3,4
2014-09-10,1,1,0
2014-09-10,5,1,4
2014-09-10,2,2,0
2014-09-10,7,4,3
2014-09-10,20,15,5
2014-09-10,63,55,8
2014-09-10,123,110,13
2014-09-10,123,111,12
2014-09-10,54,47,7
2014-09-10,30,24,6
2014-09-10,19,13,6
2014-09-10,13,9,4
2014-09-10,25,8,17
2014-09-10,25,13,12
2014-09-10,46,15,31
2014-09-10,90,32,58
2014-09-10,155,26,129
2014-09-10,126,27,99
2014-09-10,42,10,32
2014-09-10,24,7,17
2014-09-10,9,2,7
2014-09-10,10,8,2
2014-09-10,9,0,9
2014-09-11,8,0,8
2014-09-11,6,2,4
2014-09-11,2,2,0
2014-09-11,4,3,1
2014-09-11,3,2,1
2014-09-11,21,16,5
2014-09-11,60,46,14
2014-09-11,141,127,14
2014-09-11,129,122,7
2014-09-11,63,60,3
2014-09-11,23,15,8
2014-09-11,18,16,2
2014-09-11,26,12,14
2014-09-11,35,14,21
2014-09-11,25,5,20
2014-09-11,50,16,34
2014-09-11,81,17,64
2014-09-11,177,26,151
2014-09-11,122,14,108
2014-09-11,48,8,40
2014-09-11,25,12,13
2014-09-11,18,10,8
2014-09-11,6,4,2
2014-09-11,4,0,4
2014-09-12,9,3,6
2014-09-12,3,2,1
2014-09-12,5,3,2
2014-09-12,2,1,1
2014-09-12,1,1,0
2014-09-12,19,11,8
2014-09-12,51,43,8
2014-09-12,121,110,11
2014-09-12,118,108,10
2014-09-12,51,42,9
2014-09-12,37,26,11
2014-09-12,20,15,5
2014-09-12,25,13,12
2014-09-12,31,14,17
2014-09-12,31,15,16
2014-09-12,50,22,28
2014-09-12,86,21,65
2014-09-12,146,24,122
2014-09-12,96,25,71
2014-09-12,42,15,27
2014-09-12,12,6,6
2014-09-12,13,3,10
2014-09-12,20,4,16
2014-09-12,5,0,5
2014-09-13,11,2,9
2014-09-13,5,1,4
2014-09-13,3,0,3
2014-09-13,5,1,4
2014-09-13,1,0,1
2014-09-13,2,1,1
2014-09-13,16,10,6
2014-09-13,15,8,7
2014-09-13,14,9,5
2014-09-13,36,21,15
2014-09-13,42,20,22
2014-09-13,41,19,22
2014-09-13,55,27,28
2014-09-13,77,40,37
2014-09-13,47,25,22
2014-09-13,64,31,33
2014-09-13,52,30,22
2014-09-13,52,29,23
2014-09-13,44,14,30
2014-09-13,29,14,15
2014-09-13,16,8,8
2014-09-13,15,7,8
2014-09-13,24,8,16
2014-09-13,5,2,3
2014-09-14,5,3,2
2014-09-14,1,0,1
2014-09-14,3,1,2
2014-09-14,4,1,3
2014-09-14,0,0,0
2014-09-14,1,1,0
2014-09-14,3,1,2
2014-09-14,13,9,4
2014-09-14,29,20,9
2014-09-14,49,27,22
2014-09-14,49,24,25
2014-09-14,46,29,17
2014-09-14,61,17,44
2014-09-14,69,24,45
2014-09-14,60,31,29
2014-09-14,73,43,30
2014-09-14,61,30,31
2014-09-14,50,23,27
2014-09-14,31,20,11
2014-09-14,33,16,17
2014-09-14,14,6,8
2014-09-14,9,4,5
2014-09-14,9,3,6
2014-09-14,2,0,2
2014-09-15,1,0,1
2014-09-15,3,3,0
2014-09-15,1,0,1
2014-09-15,3,1,2
2014-09-15,4,2,2
2014-09-15,23,17,6
2014-09-15,57,45,12
2014-09-15,149,135,14
2014-09-15,152,133,19
2014-09-15,50,46,4
2014-09-15,19,14,5
2014-09-15,28,14,14
2014-09-15,29,16,13
2014-09-15,29,17,12
2014-09-15,38,16,22
2014-09-15,45,18,27
2014-09-15,83,24,59
2014-09-15,202,32,170
2014-09-15,144,18,126
2014-09-15,49,14,35
2014-09-15,21,7,14
2014-09-15,16,8,8
2014-09-15,10,6,4
2014-09-15,15,3,12
2014-09-16,2,0,2
2014-09-16,5,3,2
2014-09-16,1,0,1
2014-09-16,1,1,0
2014-09-16,3,1,2
2014-09-16,32,27,5
2014-09-16,58,50,8
2014-09-16,156,134,22
2014-09-16,168,150,18
2014-09-16,51,44,7
2014-09-16,19,15,4
2014-09-16,23,17,6
2014-09-16,40,22,18
2014-09-16,20,9,11
2014-09-16,35,15,20
2014-09-16,54,12,42
2014-09-16,105,27,78
2014-09-16,193,35,158
2014-09-16,130,12,118
2014-09-16,67,11,56
2014-09-16,17,5,12
2014-09-16,9,3,6
2014-09-16,7,1,6
2014-09-16,6,1,5
2014-09-17,3,0,3
2014-09-17,1,1,0
2014-09-17,1,0,1
2014-09-17,0,0,0
2014-09-17,8,3,5
2014-09-17,36,27,9
2014-09-17,70,60,10
2014-09-17,137,121,16
2014-09-17,138,125,13
2014-09-17,45,40,5
2014-09-17,24,21,3
2014-09-17,12,6,6
2014-09-17,26,12,14
2014-09-17,23,14,9
2014-09-17,23,6,17
2014-09-17,36,7,29
2014-09-17,106,24,82
2014-09-17,178,36,142
2014-09-17,133,18,115
2014-09-17,35,7,28
2014-09-17,23,7,16
2014-09-17,11,2,9
2014-09-17,5,1,4
2014-09-17,2,2,0
2014-09-18,3,0,3
2014-09-18,2,2,0
2014-09-18,1,1,0
2014-09-18,2,1,1
2014-09-18,0,0,0
2014-09-18,23,21,2
2014-09-18,53,44,9
2014-09-18,91,77,14
2014-09-18,112,101,11
2014-09-18,37,36,1
2014-09-18,25,19,6
2014-09-18,14,8,6
2014-09-18,21,14,7
2014-09-18,16,9,7
2014-09-18,23,6,17
2014-09-18,36,7,29
2014-09-18,55,13,42
2014-09-18,115,19,96
2014-09-18,97,23,74
2014-09-18,53,16,37
2014-09-18,14,4,10
2014-09-18,14,5,9
2014-09-18,10,2,8
2014-09-18,11,3,8
2014-09-19,0,0,0
2014-09-19,4,1,3
2014-09-19,1,0,1
2014-09-19,1,1,0
2014-09-19,4,4,0
2014-09-19,20,14,6
2014-09-19,50,43,7
2014-09-19,97,86,11
2014-09-19,129,116,13
2014-09-19,54,42,12
2014-09-19,23,18,5
2014-09-19,27,12,15
2014-09-19,34,22,12
2014-09-19,25,12,13
2014-09-19,26,10,16
2014-09-19,39,13,26
2014-09-19,77,15,62
2014-09-19,149,34,115
2014-09-19,71,11,60
2014-09-19,35,11,24
2014-09-19,25,10,15
2014-09-19,5,4,1
2014-09-19,3,0,3
2014-09-19,4,2,2
2014-09-20,9,4,5
2014-09-20,8,1,7
2014-09-20,8,1,7
2014-09-20,0,0,0
2014-09-20,4,3,1
2014-09-20,6,5,1
2014-09-20,9,9,0
2014-09-20,19,16,3
2014-09-20,32,20,12
2014-09-20,26,16,10
2014-09-20,53,17,36
2014-09-20,53,21,32
2014-09-20,46,22,24
2014-09-20,55,31,24
2014-09-20,61,27,34
2014-09-20,46,17,29
2014-09-20,48,21,27
2014-09-20,65,40,25
2014-09-20,43,20,23
2014-09-20,24,6,18
2014-09-20,8,5,3
2014-09-20,7,3,4
2014-09-20,7,2,5
2014-09-20,4,2,2
2014-09-21,4,1,3
2014-09-21,5,1,4
2014-09-21,2,0,2
2014-09-21,1,0,1
2014-09-21,1,0,1
2014-09-21,6,6,0
2014-09-21,2,0,2
2014-09-21,16,12,4
2014-09-21,20,17,3
2014-09-21,35,22,13
2014-09-21,52,28,24
2014-09-21,61,39,22
2014-09-21,96,51,45
2014-09-21,64,37,27
2014-09-21,46,23,23
2014-09-21,51,24,27
2014-09-21,48,14,34
2014-09-21,59,25,34
2014-09-21,42,18,24
2014-09-21,30,12,18
2014-09-21,10,5,5
2014-09-21,5,3,2
2014-09-21,6,1,5
2014-09-21,6,2,4
2014-09-22,4,1,3
2014-09-22,1,1,0
2014-09-22,1,0,1
2014-09-22,3,1,2
2014-09-22,2,2,0
2014-09-22,23,21,2
2014-09-22,60,51,9
2014-09-22,135,120,15
2014-09-22,145,137,8
2014-09-22,52,45,7
2014-09-22,25,21,4
2014-09-22,22,10,12
2014-09-22,20,12,8
2014-09-22,23,12,11
2014-09-22,33,9,24
2014-09-22,48,16,32
2014-09-22,91,16,75
2014-09-22,187,33,154
2014-09-22,124,16,108
2014-09-22,41,7,34
2014-09-22,25,4,21
2014-09-22,11,7,4
2014-09-22,3,1,2
2014-09-22,6,0,6
2014-09-23,4,1,3
2014-09-23,1,1,0
2014-09-23,3,1,2
2014-09-23,3,1,2
2014-09-23,3,3,0
2014-09-23,20,19,1
2014-09-23,55,49,6
2014-09-23,130,116,14
2014-09-23,124,111,13
2014-09-23,46,37,9
2014-09-23,27,21,6
2014-09-23,8,4,4
2014-09-23,15,6,9
2014-09-23,18,9,9
2014-09-23,15,8,7
2014-09-23,29,4,25
2014-09-23,68,15,53
2014-09-23,135,17,118
2014-09-23,91,6,85
2014-09-23,17,1,16
2014-09-23,9,1,8
2014-09-23,5,0,5
2014-09-23,4,1,3
2014-09-23,0,0,0
2014-09-24,2,1,1
2014-09-24,1,0,1
2014-09-24,0,0,0
2014-09-24,0,0,0
2014-09-24,3,2,1
2014-09-24,18,14,4
2014-09-24,33,30,3
2014-09-24,53,41,12
2014-09-24,71,62,9
2014-09-24,28,25,3
2014-09-24,5,2,3
2014-09-24,5,4,1
2014-09-24,13,7,6
2014-09-24,11,9,2
2014-09-24,15,6,9
2014-09-24,22,4,18
2014-09-24,47,8,39
2014-09-24,86,12,74
2014-09-24,67,12,55
2014-09-24,33,7,26
2014-09-24,13,3,10
2014-09-24,13,6,7
2014-09-24,12,5,7
2014-09-24,2,2,0
2014-09-25,2,0,2
2014-09-25,3,1,2
2014-09-25,1,1,0
2014-09-25,0,0,0
2014-09-25,4,2,2
2014-09-25,23,19,4
2014-09-25,38,34,4
2014-09-25,99,87,12
2014-09-25,105,97,8
2014-09-25,37,29,8
2014-09-25,15,13,2
2014-09-25,9,6,3
2014-09-25,16,10,6
2014-09-25,18,9,9
2014-09-25,17,10,7
2014-09-25,32,6,26
2014-09-25,75,19,56
2014-09-25,120,20,100
2014-09-25,86,12,74
2014-09-25,32,3,29
2014-09-25,13,4,9
2014-09-25,15,3,12
2014-09-25,14,4,10
2014-09-25,4,1,3
2014-09-26,4,0,4
2014-09-26,2,1,1
2014-09-26,1,0,1
2014-09-26,1,0,1
2014-09-26,7,4,3
2014-09-26,17,15,2
2014-09-26,26,22,4
2014-09-26,64,50,14
2014-09-26,57,50,7
2014-09-26,34,32,2
2014-09-26,13,10,3
2014-09-26,13,10,3
2014-09-26,13,7,6
2014-09-26,18,9,9
2014-09-26,32,15,17
2014-09-26,36,13,23
2014-09-26,53,15,38
2014-09-26,71,16,55
2014-09-26,69,11,58
2014-09-26,23,7,16
2014-09-26,10,2,8
2014-09-26,7,2,5
2014-09-26,10,4,6
2014-09-26,7,3,4
2014-09-27,4,2,2
2014-09-27,8,2,6
2014-09-27,0,0,0
2014-09-27,2,0,2
2014-09-27,1,0,1
2014-09-27,7,4,3
2014-09-27,6,5,1
2014-09-27,14,9,5
2014-09-27,25,17,8
2014-09-27,37,17,20
2014-09-27,36,24,12
2014-09-27,53,17,36
2014-09-27,76,54,22
2014-09-27,46,31,15
2014-09-27,85,35,50
2014-09-27,59,20,39
2014-09-27,74,44,30
2014-09-27,58,25,33
2014-09-27,25,13,12
2014-09-27,28,9,19
2014-09-27,13,4,9
2014-09-27,7,5,2
2014-09-27,4,0,4
2014-09-27,6,5,1
2014-09-28,4,0,4
2014-09-28,6,2,4
2014-09-28,5,2,3
2014-09-28,1,0,1
2014-09-28,1,0,1
2014-09-28,2,1,1
2014-09-28,9,6,3
2014-09-28,8,6,2
2014-09-28,25,17,8
2014-09-28,26,18,8
2014-09-28,37,21,16
2014-09-28,48,24,24
2014-09-28,47,22,25
2014-09-28,47,24,23
2014-09-28,43,24,19
2014-09-28,30,17,13
2014-09-28,42,14,28
2014-09-28,41,17,24
2014-09-28,35,21,14
2014-09-28,8,2,6
2014-09-28,4,2,2
2014-09-28,6,2,4
2014-09-28,6,3,3
2014-09-28,3,1,2
2014-09-29,1,0,1
2014-09-29,1,1,0
2014-09-29,1,1,0
2014-09-29,1,1,0
2014-09-29,4,1,3
2014-09-29,17,15,2
2014-09-29,55,44,11
2014-09-29,121,105,16
2014-09-29,122,115,7
2014-09-29,49,45,4
2014-09-29,23,17,6
2014-09-29,14,11,3
2014-09-29,17,10,7
2014-09-29,9,7,2
2014-09-29,14,6,8
2014-09-29,25,6,19
2014-09-29,54,11,43
2014-09-29,129,12,117
2014-09-29,99,11,88
2014-09-29,16,3,13
2014-09-29,20,4,16
2014-09-29,9,3,6
2014-09-29,4,2,2
2014-09-29,6,1,5
2014-09-30,1,0,1
2014-09-30,2,1,1
2014-09-30,1,1,0
2014-09-30,4,1,3
2014-09-30,2,2,0
2014-09-30,28,24,4
2014-09-30,50,41,9
2014-09-30,109,93,16
2014-09-30,120,111,9
2014-09-30,51,49,2
2014-09-30,20,17,3
2014-09-30,18,13,5
2014-09-30,14,10,4
2014-09-30,25,17,8
2014-09-30,30,14,16
2014-09-30,43,10,33
2014-09-30,91,22,69
2014-09-30,147,24,123
2014-09-30,122,21,101
2014-09-30,35,8,27
2014-09-30,21,4,17
2014-09-30,8,0,8
2014-09-30,6,2,4
2014-09-30,3,1,2
2014-10-01,1,0,1
2014-10-01,3,0,3
2014-10-01,2,1,1
2014-10-01,5,3,2
2014-10-01,7,3,4
2014-10-01,19,18,1
2014-10-01,63,50,13
2014-10-01,116,96,20
2014-10-01,142,132,10
2014-10-01,56,45,11
2014-10-01,28,22,6
2014-10-01,20,16,4
2014-10-01,13,6,7
2014-10-01,23,15,8
2014-10-01,22,10,12
2014-10-01,56,10,46
2014-10-01,89,18,71
2014-10-01,183,26,157
2014-10-01,111,24,87
2014-10-01,60,32,28
2014-10-01,24,5,19
2014-10-01,9,2,7
2014-10-01,7,3,4
2014-10-01,6,3,3
2014-10-02,5,1,4
2014-10-02,1,0,1
2014-10-02,3,2,1
2014-10-02,0,0,0
2014-10-02,3,3,0
2014-10-02,20,17,3
2014-10-02,68,58,10
2014-10-02,129,111,18
2014-10-02,131,116,15
2014-10-02,61,56,5
2014-10-02,30,23,7
2014-10-02,31,18,13
2014-10-02,17,7,10
2014-10-02,27,11,16
2014-10-02,32,17,15
2014-10-02,56,16,40
2014-10-02,83,23,60
2014-10-02,145,20,125
2014-10-02,117,19,98
2014-10-02,93,10,83
2014-10-02,18,5,13
2014-10-02,10,5,5
2014-10-02,13,9,4
2014-10-02,7,3,4
2014-10-03,6,0,6
2014-10-03,4,1,3
2014-10-03,0,0,0
2014-10-03,2,1,1
2014-10-03,5,3,2
2014-10-03,25,18,7
2014-10-03,47,41,6
2014-10-03,127,105,22
2014-10-03,135,126,9
2014-10-03,55,45,10
2014-10-03,34,25,9
2014-10-03,28,17,11
2014-10-03,27,17,10
2014-10-03,36,16,20
2014-10-03,36,14,22
2014-10-03,51,16,35
2014-10-03,107,26,81
2014-10-03,164,31,133
2014-10-03,92,13,79
2014-10-03,22,8,14
2014-10-03,22,3,19
2014-10-03,6,0,6
2014-10-03,7,5,2
2014-10-03,8,1,7
2014-10-04,6,2,4
2014-10-04,4,2,2
2014-10-04,3,0,3
2014-10-04,2,2,0
2014-10-04,0,0,0
2014-10-04,4,4,0
2014-10-04,10,8,2
2014-10-04,12,9,3
2014-10-04,36,25,11
2014-10-04,43,26,17
2014-10-04,39,19,20
2014-10-04,66,24,42
2014-10-04,44,20,24
2014-10-04,37,24,13
2014-10-04,44,26,18
2014-10-04,38,24,14
2014-10-04,42,19,23
2014-10-04,38,11,27
2014-10-04,18,7,11
2014-10-04,16,6,10
2014-10-04,7,2,5
2014-10-04,3,1,2
2014-10-04,0,0,0
2014-10-04,4,2,2
2014-10-05,3,1,2
2014-10-05,0,0,0
2014-10-05,1,0,1
2014-10-05,1,0,1
2014-10-05,1,0,1
2014-10-05,5,3,2
2014-10-05,5,2,3
2014-10-05,12,9,3
2014-10-05,22,16,6
2014-10-05,28,20,8
2014-10-05,38,19,19
2014-10-05,49,36,13
2014-10-05,41,18,23
2014-10-05,43,14,29
2014-10-05,52,24,28
2014-10-05,53,32,21
2014-10-05,63,26,37
2014-10-05,36,17,19
2014-10-05,19,10,9
2014-10-05,17,5,12
2014-10-05,7,1,6
2014-10-05,6,3,3
2014-10-05,1,0,1
2014-10-05,4,2,2
2014-10-06,3,1,2
2014-10-06,1,1,0
2014-10-06,0,0,0
2014-10-06,2,0,2
2014-10-06,5,3,2
2014-10-06,29,21,8
2014-10-06,65,53,12
2014-10-06,140,121,19
2014-10-06,164,151,13
2014-10-06,56,53,3
2014-10-06,30,25,5
2014-10-06,24,9,15
2014-10-06,30,18,12
2014-10-06,41,21,20
2014-10-06,32,11,21
2014-10-06,63,24,39
2014-10-06,120,21,99
2014-10-06,200,29,171
2014-10-06,104,10,94
2014-10-06,31,10,21
2014-10-06,12,1,11
2014-10-06,15,3,12
2014-10-06,15,4,11
2014-10-06,2,1,1
2014-10-07,4,0,4
2014-10-07,3,2,1
2014-10-07,2,1,1
2014-10-07,4,1,3
2014-10-07,2,2,0
2014-10-07,23,20,3
2014-10-07,75,65,10
2014-10-07,137,118,19
2014-10-07,140,127,13
2014-10-07,59,53,6
2014-10-07,29,25,4
2014-10-07,25,16,9
2014-10-07,22,11,11
2014-10-07,24,18,6
2014-10-07,32,11,21
2014-10-07,53,25,28
2014-10-07,95,14,81
2014-10-07,204,32,172
2014-10-07,109,15,94
2014-10-07,38,3,35
2014-10-07,21,4,17
2014-10-07,9,5,4
2014-10-07,7,2,5
2014-10-07,6,0,6
2014-10-08,5,2,3
2014-10-08,2,2,0
2014-10-08,1,0,1
2014-10-08,3,2,1
2014-10-08,4,2,2
2014-10-08,31,28,3
2014-10-08,65,56,9
2014-10-08,104,88,16
2014-10-08,152,134,18
2014-10-08,55,49,6
2014-10-08,39,33,6
2014-10-08,16,7,9
2014-10-08,24,18,6
2014-10-08,22,14,8
2014-10-08,29,8,21
2014-10-08,41,14,27
2014-10-08,101,22,79
2014-10-08,164,21,143
2014-10-08,109,11,98
2014-10-08,58,11,47
2014-10-08,16,4,12
2014-10-08,11,4,7
2014-10-08,8,4,4
2014-10-08,8,1,7
2014-10-09,1,0,1
2014-10-09,3,1,2
2014-10-09,1,1,0
2014-10-09,1,1,0
2014-10-09,2,2,0
2014-10-09,22,19,3
2014-10-09,60,55,5
2014-10-09,114,97,17
2014-10-09,134,122,12
2014-10-09,59,52,7
2014-10-09,17,13,4
2014-10-09,14,10,4
2014-10-09,18,9,9
2014-10-09,27,11,16
2014-10-09,47,29,18
2014-10-09,35,9,26
2014-10-09,83,14,69
2014-10-09,147,22,125
2014-10-09,101,10,91
2014-10-09,51,19,32
2014-10-09,24,6,18
2014-10-09,8,3,5
2014-10-09,5,3,2
2014-10-09,12,10,2
2014-10-10,4,0,4
2014-10-10,5,2,3
2014-10-10,0,0,0
2014-10-10,1,1,0
2014-10-10,4,3,1
2014-10-10,16,14,2
2014-10-10,43,35,8
2014-10-10,84,69,15
2014-10-10,111,102,9
2014-10-10,51,44,7
2014-10-10,22,18,4
2014-10-10,26,11,15
2014-10-10,23,17,6
2014-10-10,14,6,8
2014-10-10,29,14,15
2014-10-10,38,11,27
2014-10-10,64,15,49
2014-10-10,110,16,94
2014-10-10,58,7,51
2014-10-10,27,9,18
2014-10-10,9,1,8
2014-10-10,9,1,8
2014-10-10,8,1,7
2014-10-10,9,3,6
2014-10-11,3,0,3
2014-10-11,6,3,3
2014-10-11,5,3,2
2014-10-11,3,2,1
2014-10-11,2,0,2
2014-10-11,7,7,0
2014-10-11,6,6,0
2014-10-11,7,6,1
2014-10-11,17,11,6
2014-10-11,24,19,5
2014-10-11,26,11,15
2014-10-11,22,6,16
2014-10-11,20,11,9
2014-10-11,29,18,11
2014-10-11,20,8,12
2014-10-11,25,12,13
2014-10-11,25,12,13
2014-10-11,24,14,10
2014-10-11,14,7,7
2014-10-11,6,3,3
2014-10-11,4,2,2
2014-10-11,4,1,3
2014-10-11,4,3,1
2014-10-11,0,0,0
2014-10-12,2,0,2
2014-10-12,3,1,2
2014-10-12,1,0,1
2014-10-12,1,1,0
2014-10-12,3,1,2
2014-10-12,5,3,2
2014-10-12,0,0,0
2014-10-12,7,4,3
2014-10-12,14,9,5
2014-10-12,21,12,9
2014-10-12,30,20,10
2014-10-12,43,22,21
2014-10-12,38,12,26
2014-10-12,34,25,9
2014-10-12,32,23,9
2014-10-12,28,15,13
2014-10-12,31,14,17
2014-10-12,28,13,15
2014-10-12,17,7,10
2014-10-12,7,3,4
2014-10-12,8,2,6
2014-10-12,9,3,6
2014-10-12,9,5,4
2014-10-12,0,0,0
2014-10-13,0,0,0
2014-10-13,1,0,1
2014-10-13,0,0,0
2014-10-13,1,1,0
2014-10-13,5,4,1
2014-10-13,18,16,2
2014-10-13,43,34,9
2014-10-13,107,89,18
2014-10-13,118,110,8
2014-10-13,63,55,8
2014-10-13,31,24,7
2014-10-13,25,10,15
2014-10-13,30,15,15
2014-10-13,26,16,10
2014-10-13,31,12,19
2014-10-13,26,8,18
2014-10-13,93,23,70
2014-10-13,139,24,115
2014-10-13,89,11,78
2014-10-13,29,7,22
2014-10-13,15,4,11
2014-10-13,4,1,3
2014-10-13,7,1,6
2014-10-13,1,0,1
2014-10-14,2,1,1
2014-10-14,1,1,0
2014-10-14,0,0,0
2014-10-14,2,1,1
2014-10-14,2,2,0
2014-10-14,24,21,3
2014-10-14,67,56,11
2014-10-14,114,99,15
2014-10-14,107,96,11
2014-10-14,38,36,2
2014-10-14,14,14,0
2014-10-14,14,6,8
2014-10-14,22,14,8
2014-10-14,13,5,8
2014-10-14,31,10,21
2014-10-14,41,18,23
2014-10-14,86,15,71
2014-10-14,139,15,124
2014-10-14,77,9,68
2014-10-14,19,0,19
2014-10-14,8,2,6
2014-10-14,9,1,8
2014-10-14,3,0,3
2014-10-14,3,1,2
2014-10-15,2,0,2
2014-10-15,2,1,1
2014-10-15,1,1,0
2014-10-15,2,1,1
2014-10-15,5,4,1
2014-10-15,19,16,3
2014-10-15,41,37,4
2014-10-15,96,86,10
2014-10-15,87,82,5
2014-10-15,32,31,1
2014-10-15,10,9,1
2014-10-15,12,7,5
2014-10-15,8,6,2
2014-10-15,6,2,4
2014-10-15,14,9,5
2014-10-15,22,7,15
2014-10-15,63,11,52
2014-10-15,94,18,76
2014-10-15,82,13,69
2014-10-15,36,9,27
2014-10-15,22,12,10
2014-10-15,10,5,5
2014-10-15,10,4,6
2014-10-15,1,1,0
2014-10-16,3,1,2
2014-10-16,2,0,2
2014-10-16,0,0,0
2014-10-16,4,1,3
2014-10-16,6,4,2
2014-10-16,26,23,3
2014-10-16,62,50,12
2014-10-16,117,103,14
2014-10-16,109,99,10
2014-10-16,40,33,7
2014-10-16,19,13,6
2014-10-16,29,17,12
2014-10-16,28,20,8
2014-10-16,32,15,17
2014-10-16,55,19,36
2014-10-16,64,25,39
2014-10-16,110,24,86
2014-10-16,153,26,127
2014-10-16,74,14,60
2014-10-16,37,14,23
2014-10-16,16,6,10
2014-10-16,14,7,7
2014-10-16,8,3,5
2014-10-16,4,1,3
2014-10-17,5,2,3
2014-10-17,4,2,2
2014-10-17,2,0,2
2014-10-17,2,1,1
2014-10-17,2,1,1
2014-10-17,16,11,5
2014-10-17,31,26,5
2014-10-17,64,54,10
2014-10-17,64,57,7
2014-10-17,38,36,2
2014-10-17,21,17,4
2014-10-17,11,10,1
2014-10-17,14,6,8
2014-10-17,10,3,7
2014-10-17,15,6,9
2014-10-17,22,7,15
2014-10-17,34,7,27
2014-10-17,95,14,81
2014-10-17,56,3,53
2014-10-17,20,6,14
2014-10-17,12,2,10
2014-10-17,2,0,2
2014-10-17,8,4,4
2014-10-17,2,2,0
2014-10-18,2,0,2
2014-10-18,2,1,1
2014-10-18,2,0,2
2014-10-18,4,2,2
2014-10-18,1,0,1
2014-10-18,1,1,0
2014-10-18,2,1,1
2014-10-18,6,4,2
2014-10-18,15,9,6
2014-10-18,14,6,8
2014-10-18,14,6,8
2014-10-18,25,15,10
2014-10-18,17,10,7
2014-10-18,17,10,7
2014-10-18,25,10,15
2014-10-18,29,16,13
2014-10-18,34,26,8
2014-10-18,28,14,14
2014-10-18,12,6,6
2014-10-18,6,4,2
2014-10-18,4,1,3
2014-10-18,5,3,2
2014-10-18,1,1,0
2014-10-18,3,0,3
2014-10-19,2,1,1
2014-10-19,4,0,4
2014-10-19,2,0,2
2014-10-19,1,1,0
2014-10-19,3,0,3
2014-10-19,3,3,0
2014-10-19,6,6,0
2014-10-19,8,6,2
2014-10-19,16,11,5
2014-10-19,27,22,5
2014-10-19,49,21,28
2014-10-19,49,25,24
2014-10-19,61,37,24
2014-10-19,90,55,35
2014-10-19,95,53,42
2014-10-19,72,31,41
2014-10-19,54,25,29
2014-10-19,64,32,32
2014-10-19,42,21,21
2014-10-19,14,10,4
2014-10-19,12,5,7
2014-10-19,5,2,3
2014-10-19,3,2,1
2014-10-19,4,3,1
2014-10-20,3,2,1
2014-10-20,2,1,1
2014-10-20,1,1,0
2014-10-20,0,0,0
2014-10-20,1,0,1
2014-10-20,17,13,4
2014-10-20,47,39,8
2014-10-20,88,71,17
2014-10-20,93,85,8
2014-10-20,40,38,2
2014-10-20,25,21,4
2014-10-20,16,11,5
2014-10-20,13,10,3
2014-10-20,14,7,7
2014-10-20,17,6,11
2014-10-20,35,17,18
2014-10-20,60,11,49
2014-10-20,112,15,97
2014-10-20,90,12,78
2014-10-20,27,12,15
2014-10-20,12,2,10
2014-10-20,6,3,3
2014-10-20,5,3,2
2014-10-20,5,2,3
2014-10-21,0,0,0
2014-10-21,6,2,4
2014-10-21,1,1,0
2014-10-21,4,1,3
2014-10-21,4,3,1
2014-10-21,16,15,1
2014-10-21,48,43,5
2014-10-21,83,71,12
2014-10-21,108,97,11
2014-10-21,50,44,6
2014-10-21,22,17,5
2014-10-21,27,14,13
2014-10-21,26,17,9
2014-10-21,20,10,10
2014-10-21,22,6,16
2014-10-21,27,9,18
2014-10-21,64,12,52
2014-10-21,124,23,101
2014-10-21,80,6,74
2014-10-21,26,4,22
2014-10-21,9,1,8
2014-10-21,4,0,4
2014-10-21,4,2,2
2014-10-21,1,0,1
2014-10-22,1,0,1
2014-10-22,1,1,0
2014-10-22,2,0,2
2014-10-22,1,1,0
2014-10-22,3,2,1
2014-10-22,13,12,1
2014-10-22,34,28,6
2014-10-22,68,54,14
2014-10-22,85,79,6
2014-10-22,39,38,1
2014-10-22,18,15,3
2014-10-22,7,3,4
2014-10-22,4,3,1
2014-10-22,8,3,5
2014-10-22,12,4,8
2014-10-22,26,10,16
2014-10-22,36,6,30
2014-10-22,76,13,63
2014-10-22,63,10,53
2014-10-22,18,1,17
2014-10-22,8,2,6
2014-10-22,11,1,10
2014-10-22,0,0,0
2014-10-22,1,1,0
2014-10-23,1,0,1
2014-10-23,0,0,0
2014-10-23,1,1,0
2014-10-23,1,1,0
2014-10-23,2,2,0
2014-10-23,13,11,2
2014-10-23,29,23,6
2014-10-23,67,56,11
2014-10-23,81,77,4
2014-10-23,31,29,2
2014-10-23,14,12,2
2014-10-23,5,3,2
2014-10-23,12,4,8
2014-10-23,19,9,10
2014-10-23,17,5,12
2014-10-23,29,11,18
2014-10-23,28,9,19
2014-10-23,90,14,76
2014-10-23,70,14,56
2014-10-23,32,3,29
2014-10-23,13,2,11
2014-10-23,7,3,4
2014-10-23,6,2,4
2014-10-23,1,1,0
2014-10-24,3,0,3
2014-10-24,3,0,3
2014-10-24,1,0,1
2014-10-24,2,2,0
2014-10-24,0,0,0
2014-10-24,,,
2014-10-24,56,47,9
2014-10-24,86,79,7
2014-10-24,86,75,11
2014-10-24,32,30,2
2014-10-24,21,16,5
2014-10-24,11,7,4
2014-10-24,33,15,18
2014-10-24,34,23,11
2014-10-24,30,10,20
2014-10-24,43,12,31
2014-10-24,81,20,61
2014-10-24,113,18,95
2014-10-24,61,12,49
2014-10-24,18,6,12
2014-10-24,4,2,2
2014-10-24,6,1,5
2014-10-24,6,0,6
2014-10-24,4,0,4
2014-10-25,6,0,6
2014-10-25,5,1,4
2014-10-25,2,2,0
2014-10-25,4,2,2
2014-10-25,5,3,2
2014-10-25,1,1,0
2014-10-25,1,1,0
2014-10-25,7,6,1
2014-10-25,10,6,4
2014-10-25,11,7,4
2014-10-25,16,9,7
2014-10-25,22,12,10
2014-10-25,12,8,4
2014-10-25,6,4,2
2014-10-25,18,11,7
2014-10-25,13,4,9
2014-10-25,9,2,7
2014-10-25,13,8,5
2014-10-25,7,3,4
2014-10-25,1,0,1
2014-10-25,3,1,2
2014-10-25,4,2,2
2014-10-25,3,3,0
2014-10-25,4,3,1
2014-10-26,1,0,1
2014-10-26,1,0,1
2014-10-26,0,0,0
2014-10-26,2,0,2
2014-10-26,4,0,4
2014-10-26,1,1,0
2014-10-26,4,3,1
2014-10-26,3,2,1
2014-10-26,0,0,0
2014-10-26,10,8,2
2014-10-26,13,8,5
2014-10-26,37,13,24
2014-10-26,25,16,9
2014-10-26,16,8,8
2014-10-26,13,9,4
2014-10-26,19,6,13
2014-10-26,22,10,12
2014-10-26,16,7,9
2014-10-26,13,8,5
2014-10-26,5,3,2
2014-10-26,5,2,3
2014-10-26,1,0,1
2014-10-26,1,0,1
2014-10-26,2,0,2
2014-10-27,1,0,1
2014-10-27,1,0,1
2014-10-27,1,1,0
2014-10-27,3,2,1
2014-10-27,8,6,2
2014-10-27,18,14,4
2014-10-27,44,37,7
2014-10-27,111,95,16
2014-10-27,117,109,8
2014-10-27,40,39,1
2014-10-27,20,13,7
2014-10-27,21,13,8
2014-10-27,28,16,12
2014-10-27,31,19,12
2014-10-27,25,13,12
2014-10-27,45,10,35
2014-10-27,68,8,60
2014-10-27,128,22,106
2014-10-27,97,15,82
2014-10-27,25,5,20
2014-10-27,10,4,6
2014-10-27,10,1,9
2014-10-27,7,5,2
2014-10-27,2,1,1
2014-10-28,0,0,0
2014-10-28,2,1,1
2014-10-28,1,0,1
2014-10-28,0,0,0
2014-10-28,2,1,1
2014-10-28,14,12,2
2014-10-28,45,40,5
2014-10-28,73,60,13
2014-10-28,79,72,7
2014-10-28,31,28,3
2014-10-28,14,10,4
2014-10-28,4,3,1
2014-10-28,6,4,2
2014-10-28,7,6,1
2014-10-28,9,5,4
2014-10-28,20,5,15
2014-10-28,41,12,29
2014-10-28,102,22,80
2014-10-28,70,7,63
2014-10-28,23,4,19
2014-10-28,9,2,7
2014-10-28,8,1,7
2014-10-28,3,1,2
2014-10-28,2,1,1
2014-10-29,3,2,1
2014-10-29,1,0,1
2014-10-29,2,0,2
2014-10-29,2,1,1
2014-10-29,5,4,1
2014-10-29,18,16,2
2014-10-29,45,44,1
2014-10-29,115,99,16
2014-10-29,136,124,12
2014-10-29,47,44,3
2014-10-29,28,22,6
2014-10-29,23,15,8
2014-10-29,28,10,18
2014-10-29,28,20,8
2014-10-29,33,17,16
2014-10-29,56,15,41
2014-10-29,91,19,72
2014-10-29,132,23,109
2014-10-29,98,15,83
2014-10-29,24,5,19
2014-10-29,25,3,22
2014-10-29,15,4,11
2014-10-29,10,1,9
2014-10-29,3,1,2
2014-10-30,4,1,3
2014-10-30,4,3,1
2014-10-30,1,0,1
2014-10-30,0,0,0
2014-10-30,2,2,0
2014-10-30,17,13,4
2014-10-30,47,43,4
2014-10-30,98,87,11
2014-10-30,95,89,6
2014-10-30,34,30,4
2014-10-30,16,14,2
2014-10-30,10,5,5
2014-10-30,10,5,5
2014-10-30,12,9,3
2014-10-30,10,1,9
2014-10-30,17,6,11
2014-10-30,42,9,33
2014-10-30,113,9,104
2014-10-30,72,16,56
2014-10-30,22,3,19
2014-10-30,14,4,10
2014-10-30,13,4,9
2014-10-30,2,0,2
2014-10-30,2,0,2
2014-10-31,1,0,1
2014-10-31,1,0,1
2014-10-31,1,0,1
2014-10-31,1,1,0
2014-10-31,1,1,0
2014-10-31,7,5,2
2014-10-31,31,26,5
2014-10-31,58,50,8
2014-10-31,58,52,6
2014-10-31,32,28,4
2014-10-31,10,8,2
2014-10-31,8,6,2
2014-10-31,10,4,6
2014-10-31,7,6,1
2014-10-31,14,6,8
2014-10-31,27,6,21
2014-10-31,59,16,43
2014-10-31,74,8,66
2014-10-31,32,5,27
2014-10-31,18,8,10
2014-10-31,7,0,7
2014-10-31,7,4,3
2014-10-31,2,2,0
2014-10-31,10,4,6
2014-11-01,5,1,4
2014-11-01,4,0,4
2014-11-01,4,2,2
2014-11-01,4,2,2
2014-11-01,4,1,3
2014-11-01,2,1,1
2014-11-01,4,3,1
2014-11-01,6,4,2
2014-11-01,18,13,5
2014-11-01,23,12,11
2014-11-01,22,8,14
2014-11-01,33,16,17
2014-11-01,35,19,16
2014-11-01,56,31,25
2014-11-01,29,13,16
2014-11-01,37,22,15
2014-11-01,41,19,22
2014-11-01,20,7,13
2014-11-01,12,3,9
2014-11-01,4,3,1
2014-11-01,6,4,2
2014-11-01,3,0,3
2014-11-01,5,1,4
2014-11-01,4,1,3
2014-11-02,4,2,2
2014-11-02,8,4,4
2014-11-02,1,0,1
2014-11-02,0,0,0
2014-11-02,4,1,3
2014-11-02,4,3,1
2014-11-02,5,3,2
2014-11-02,6,5,1
2014-11-02,22,17,5
2014-11-02,25,14,11
2014-11-02,47,26,21
2014-11-02,36,20,16
2014-11-02,37,19,18
2014-11-02,21,9,12
2014-11-02,9,3,6
2014-11-02,8,6,2
2014-11-02,9,5,4
2014-11-02,14,3,11
2014-11-02,6,2,4
2014-11-02,1,0,1
2014-11-02,1,1,0
2014-11-02,0,0,0
2014-11-02,0,0,0
2014-11-02,2,1,1
2014-11-03,1,1,0
2014-11-03,2,1,1
2014-11-03,0,0,0
2014-11-03,4,2,2
2014-11-03,5,3,2
2014-11-03,26,18,8
2014-11-03,45,41,4
2014-11-03,117,102,15
2014-11-03,88,82,6
2014-11-03,37,35,2
2014-11-03,14,10,4
2014-11-03,10,6,4
2014-11-03,16,9,7
2014-11-03,15,7,8
2014-11-03,15,8,7
2014-11-03,27,10,17
2014-11-03,42,9,33
2014-11-03,118,20,98
2014-11-03,67,7,60
2014-11-03,18,3,15
2014-11-03,9,1,8
2014-11-03,8,4,4
2014-11-03,5,2,3
2014-11-03,2,1,1
2014-11-04,1,0,1
2014-11-04,3,1,2
2014-11-04,2,2,0
2014-11-04,0,0,0
2014-11-04,3,2,1
2014-11-04,21,20,1
2014-11-04,48,39,9
2014-11-04,103,94,9
2014-11-04,87,84,3
2014-11-04,35,30,5
2014-11-04,9,8,1
2014-11-04,15,8,7
2014-11-04,10,8,2
2014-11-04,12,6,6
2014-11-04,24,11,13
2014-11-04,34,10,24
2014-11-04,66,16,50
2014-11-04,132,20,112
2014-11-04,59,9,50
2014-11-04,13,5,8
2014-11-04,14,3,11
2014-11-04,8,0,8
2014-11-04,5,2,3
2014-11-04,5,3,2
2014-11-05,6,3,3
2014-11-05,4,2,2
2014-11-05,2,2,0
2014-11-05,3,1,2
2014-11-05,3,3,0
2014-11-05,25,21,4
2014-11-05,50,43,7
2014-11-05,89,75,14
2014-11-05,123,111,12
2014-11-05,55,50,5
2014-11-05,15,12,3
2014-11-05,8,6,2
2014-11-05,39,17,22
2014-11-05,23,17,6
2014-11-05,23,8,15
2014-11-05,31,12,19
2014-11-05,67,16,51
2014-11-05,116,18,98
2014-11-05,48,5,43
2014-11-05,15,0,15
2014-11-05,12,5,7
2014-11-05,8,3,5
2014-11-05,6,2,4
2014-11-05,9,1,8
2014-11-06,4,2,2
2014-11-06,2,1,1
2014-11-06,3,1,2
2014-11-06,3,2,1
2014-11-06,1,1,0
2014-11-06,16,13,3
2014-11-06,46,42,4
2014-11-06,87,74,13
2014-11-06,63,60,3
2014-11-06,39,35,4
2014-11-06,20,14,6
2014-11-06,21,17,4
2014-11-06,7,4,3
2014-11-06,6,3,3
2014-11-06,16,7,9
2014-11-06,26,9,17
2014-11-06,59,15,44
2014-11-06,107,20,87
2014-11-06,51,9,42
2014-11-06,17,5,12
2014-11-06,6,3,3
2014-11-06,3,0,3
2014-11-06,5,1,4
2014-11-06,3,0,3
2014-11-07,2,0,2
2014-11-07,1,1,0
2014-11-07,0,0,0
2014-11-07,2,1,1
2014-11-07,3,1,2
2014-11-07,19,18,1
2014-11-07,43,38,5
2014-11-07,121,102,19
2014-11-07,91,80,11
2014-11-07,54,46,8
2014-11-07,19,10,9
2014-11-07,27,16,11
2014-11-07,29,15,14
2014-11-07,33,18,15
2014-11-07,36,15,21
2014-11-07,47,16,31
2014-11-07,80,21,59
2014-11-07,99,17,82
2014-11-07,51,9,42
2014-11-07,22,10,12
2014-11-07,9,2,7
2014-11-07,7,2,5
2014-11-07,6,1,5
2014-11-07,6,1,5
2014-11-08,4,0,4
2014-11-08,2,0,2
2014-11-08,5,0,5
2014-11-08,1,0,1
2014-11-08,1,0,1
2014-11-08,8,7,1
2014-11-08,3,3,0
2014-11-08,10,7,3
2014-11-08,31,23,8
2014-11-08,41,18,23
2014-11-08,32,14,18
2014-11-08,80,38,42
2014-11-08,65,39,26
2014-11-08,63,39,24
2014-11-08,71,40,31
2014-11-08,50,17,33
2014-11-08,40,23,17
2014-11-08,27,15,12
2014-11-08,11,5,6
2014-11-08,9,4,5
2014-11-08,6,5,1
2014-11-08,6,1,5
2014-11-08,0,0,0
2014-11-08,2,0,2
2014-11-09,1,0,1
2014-11-09,2,0,2
2014-11-09,2,2,0
2014-11-09,1,0,1
2014-11-09,2,1,1
2014-11-09,5,2,3
2014-11-09,4,2,2
2014-11-09,3,3,0
2014-11-09,6,4,2
2014-11-09,9,7,2
2014-11-09,11,9,2
2014-11-09,17,11,6
2014-11-09,16,9,7
2014-11-09,20,9,11
2014-11-09,13,6,7
2014-11-09,7,3,4
2014-11-09,11,4,7
2014-11-09,10,4,6
2014-11-09,5,0,5
2014-11-09,7,4,3
2014-11-09,4,3,1
2014-11-09,2,0,2
2014-11-09,3,1,2
2014-11-09,2,0,2
2014-11-10,0,0,0
2014-11-10,2,1,1
2014-11-10,0,0,0
2014-11-10,1,1,0
2014-11-10,6,5,1
2014-11-10,19,14,5
2014-11-10,38,29,9
2014-11-10,120,111,9
2014-11-10,88,82,6
2014-11-10,42,38,4
2014-11-10,20,19,1
2014-11-10,15,9,6
2014-11-10,28,16,12
2014-11-10,23,11,12
2014-11-10,36,13,23
2014-11-10,41,17,24
2014-11-10,86,19,67
2014-11-10,125,26,99
2014-11-10,74,6,68
2014-11-10,27,6,21
2014-11-10,9,2,7
2014-11-10,7,3,4
2014-11-10,16,4,12
2014-11-10,3,0,3
2014-11-11,2,0,2
2014-11-11,1,0,1
2014-11-11,2,0,2
2014-11-11,0,0,0
2014-11-11,3,1,2
2014-11-11,13,9,4
2014-11-11,39,32,7
2014-11-11,87,82,5
2014-11-11,78,68,10
2014-11-11,43,35,8
2014-11-11,27,20,7
2014-11-11,23,16,7
2014-11-11,23,10,13
2014-11-11,29,18,11
2014-11-11,34,15,19
2014-11-11,38,11,27
2014-11-11,72,22,50
2014-11-11,88,12,76
2014-11-11,55,10,45
2014-11-11,27,4,23
2014-11-11,9,2,7
2014-11-11,4,0,4
2014-11-11,2,0,2
2014-11-11,1,0,1
2014-11-12,0,0,0
2014-11-12,2,0,2
2014-11-12,1,0,1
2014-11-12,0,0,0
2014-11-12,9,7,2
2014-11-12,25,19,6
2014-11-12,45,41,4
2014-11-12,84,72,12
2014-11-12,87,80,7
2014-11-12,43,34,9
2014-11-12,24,13,11
2014-11-12,13,8,5
2014-11-12,11,7,4
2014-11-12,14,7,7
2014-11-12,24,8,16
2014-11-12,38,10,28
2014-11-12,60,13,47
2014-11-12,93,14,79
2014-11-12,62,11,51
2014-11-12,21,5,16
2014-11-12,15,4,11
2014-11-12,12,2,10
2014-11-12,4,1,3
2014-11-12,2,1,1
2014-11-13,1,0,1
2014-11-13,1,0,1
2014-11-13,2,2,0
2014-11-13,0,0,0
2014-11-13,6,5,1
2014-11-13,20,16,4
2014-11-13,47,44,3
2014-11-13,87,70,17
2014-11-13,72,66,6
2014-11-13,32,32,0
2014-11-13,16,16,0
2014-11-13,16,10,6
2014-11-13,13,8,5
2014-11-13,16,6,10
2014-11-13,25,7,18
2014-11-13,32,9,23
2014-11-13,51,10,41
2014-11-13,95,11,84
2014-11-13,63,8,55
2014-11-13,22,7,15
2014-11-13,9,2,7
2014-11-13,8,2,6
2014-11-13,7,3,4
2014-11-13,2,1,1
2014-11-14,1,0,1
2014-11-14,0,0,0
2014-11-14,1,0,1
2014-11-14,1,1,0
2014-11-14,2,2,0
2014-11-14,16,12,4
2014-11-14,31,25,6
2014-11-14,80,71,9
2014-11-14,59,56,3
2014-11-14,28,26,2
2014-11-14,11,10,1
2014-11-14,10,3,7
2014-11-14,22,13,9
2014-11-14,21,9,12
2014-11-14,28,14,14
2014-11-14,32,10,22
2014-11-14,65,20,45
2014-11-14,68,9,59
2014-11-14,38,4,34
2014-11-14,17,4,13
2014-11-14,5,1,4
2014-11-14,6,2,4
2014-11-14,5,1,4
2014-11-14,9,5,4
2014-11-15,0,0,0
2014-11-15,1,0,1
2014-11-15,0,0,0
2014-11-15,3,1,2
2014-11-15,1,0,1
2014-11-15,5,5,0
2014-11-15,7,5,2
2014-11-15,3,3,0
2014-11-15,13,11,2
2014-11-15,27,17,10
2014-11-15,27,12,15
2014-11-15,37,24,13
2014-11-15,49,25,24
2014-11-15,33,14,19
2014-11-15,36,14,22
2014-11-15,27,5,22
2014-11-15,24,10,14
2014-11-15,16,11,5
2014-11-15,18,7,11
2014-11-15,4,2,2
2014-11-15,1,0,1
2014-11-15,4,0,4
2014-11-15,2,0,2
2014-11-15,1,1,0
2014-11-16,4,4,0
2014-11-16,1,0,1
2014-11-16,3,2,1
2014-11-16,2,1,1
2014-11-16,1,0,1
2014-11-16,3,3,0
2014-11-16,3,2,1
2014-11-16,8,4,4
2014-11-16,9,5,4
2014-11-16,16,8,8
2014-11-16,18,15,3
2014-11-16,22,12,10
2014-11-16,20,6,14
2014-11-16,30,14,16
2014-11-16,48,17,31
2014-11-16,40,24,16
2014-11-16,18,9,9
2014-11-16,15,8,7
2014-11-16,5,0,5
2014-11-16,4,2,2
2014-11-16,2,1,1
2014-11-16,3,1,2
2014-11-16,3,1,2
2014-11-16,2,1,1
2014-11-17,1,0,1
2014-11-17,0,0,0
2014-11-17,0,0,0
2014-11-17,2,1,1
2014-11-17,4,2,2
2014-11-17,23,19,4
2014-11-17,60,48,12
2014-11-17,101,91,10
2014-11-17,98,90,8
2014-11-17,35,33,2
2014-11-17,16,12,4
2014-11-17,8,4,4
2014-11-17,11,6,5
2014-11-17,19,12,7
2014-11-17,31,12,19
2014-11-17,37,10,27
2014-11-17,80,12,68
2014-11-17,116,14,102
2014-11-17,59,2,57
2014-11-17,24,3,21
2014-11-17,14,5,9
2014-11-17,2,1,1
2014-11-17,5,2,3
2014-11-17,2,1,1
2014-11-18,3,0,3
2014-11-18,2,1,1
2014-11-18,3,2,1
2014-11-18,0,0,0
2014-11-18,0,0,0
2014-11-18,19,16,3
2014-11-18,52,46,6
2014-11-18,102,86,16
2014-11-18,94,85,9
2014-11-18,43,37,6
2014-11-18,19,12,7
2014-11-18,11,5,6
2014-11-18,20,14,6
2014-11-18,16,10,6
2014-11-18,21,6,15
2014-11-18,33,6,27
2014-11-18,67,15,52
2014-11-18,102,13,89
2014-11-18,68,9,59
2014-11-18,24,2,22
2014-11-18,18,6,12
2014-11-18,7,2,5
2014-11-18,3,0,3
2014-11-18,3,3,0
2014-11-19,1,0,1
2014-11-19,1,0,1
2014-11-19,5,4,1
2014-11-19,1,0,1
2014-11-19,3,2,1
2014-11-19,20,17,3
2014-11-19,55,47,8
2014-11-19,109,97,12
2014-11-19,89,81,8
2014-11-19,34,28,6
2014-11-19,17,12,5
2014-11-19,24,16,8
2014-11-19,17,11,6
2014-11-19,21,10,11
2014-11-19,27,11,16
2014-11-19,40,8,32
2014-11-19,65,13,52
2014-11-19,100,12,88
2014-11-19,74,9,65
2014-11-19,20,4,16
2014-11-19,12,4,8
2014-11-19,20,4,16
2014-11-19,5,2,3
2014-11-19,8,4,4
2014-11-20,1,0,1
2014-11-20,0,0,0
2014-11-20,0,0,0
2014-11-20,4,3,1
2014-11-20,1,1,0
2014-11-20,20,15,5
2014-11-20,50,44,6
2014-11-20,102,91,11
2014-11-20,75,72,3
2014-11-20,50,36,14
2014-11-20,13,11,2
2014-11-20,15,8,7
2014-11-20,9,6,3
2014-11-20,16,8,8
2014-11-20,18,8,10
2014-11-20,30,7,23
2014-11-20,52,7,45
2014-11-20,101,12,89
2014-11-20,67,12,55
2014-11-20,23,4,19
2014-11-20,16,3,13
2014-11-20,12,3,9
2014-11-20,6,1,5
2014-11-20,14,4,10
2014-11-21,0,0,0
2014-11-21,8,7,1
2014-11-21,2,1,1
2014-11-21,4,3,1
2014-11-21,0,0,0
2014-11-21,18,16,2
2014-11-21,30,24,6
2014-11-21,62,56,6
2014-11-21,69,58,11
2014-11-21,29,26,3
2014-11-21,8,7,1
2014-11-21,5,4,1
2014-11-21,4,2,2
2014-11-21,11,5,6
2014-11-21,5,2,3
2014-11-21,19,4,15
2014-11-21,37,9,28
2014-11-21,51,8,43
2014-11-21,36,1,35
2014-11-21,15,5,10
2014-11-21,13,2,11
2014-11-21,5,3,2
2014-11-21,1,1,0
2014-11-21,4,1,3
2014-11-22,1,0,1
2014-11-22,2,1,1
2014-11-22,2,1,1
2014-11-22,0,0,0
2014-11-22,1,0,1
2014-11-22,6,6,0
2014-11-22,4,3,1
2014-11-22,5,5,0
2014-11-22,10,5,5
2014-11-22,15,11,4
2014-11-22,9,7,2
2014-11-22,18,8,10
2014-11-22,19,8,11
2014-11-22,12,6,6
2014-11-22,36,18,18
2014-11-22,26,9,17
2014-11-22,25,10,15
2014-11-22,15,5,10
2014-11-22,7,3,4
2014-11-22,5,3,2
2014-11-22,3,2,1
2014-11-22,5,4,1
2014-11-22,3,1,2
2014-11-22,2,2,0
2014-11-23,5,0,5
2014-11-23,0,0,0
2014-11-23,2,0,2
2014-11-23,1,1,0
2014-11-23,2,0,2
2014-11-23,8,7,1
2014-11-23,3,1,2
2014-11-23,1,0,1
2014-11-23,4,3,1
2014-11-23,6,4,2
2014-11-23,5,3,2
2014-11-23,13,9,4
2014-11-23,23,15,8
2014-11-23,18,8,10
2014-11-23,32,12,20
2014-11-23,30,16,14
2014-11-23,32,14,18
2014-11-23,24,13,11
2014-11-23,7,3,4
2014-11-23,6,2,4
2014-11-23,2,1,1
2014-11-23,2,1,1
2014-11-23,2,0,2
2014-11-23,2,2,0
2014-11-24,2,1,1
2014-11-24,0,0,0
2014-11-24,1,1,0
2014-11-24,1,1,0
2014-11-24,4,4,0
2014-11-24,20,16,4
2014-11-24,46,40,6
2014-11-24,108,95,13
2014-11-24,76,70,6
2014-11-24,46,39,7
2014-11-24,11,11,0
2014-11-24,13,9,4
2014-11-24,12,3,9
2014-11-24,13,9,4
2014-11-24,23,11,12
2014-11-24,29,5,24
2014-11-24,54,9,45
2014-11-24,95,13,82
2014-11-24,62,4,58
2014-11-24,17,3,14
2014-11-24,9,4,5
2014-11-24,6,1,5
2014-11-24,2,1,1
2014-11-24,6,2,4
2014-11-25,1,0,1
2014-11-25,2,1,1
2014-11-25,0,0,0
2014-11-25,5,3,2
2014-11-25,1,1,0
2014-11-25,12,10,2
2014-11-25,28,25,3
2014-11-25,77,72,5
2014-11-25,64,61,3
2014-11-25,33,32,1
2014-11-25,15,13,2
2014-11-25,9,6,3
2014-11-25,6,3,3
2014-11-25,10,6,4
2014-11-25,13,5,8
2014-11-25,23,8,15
2014-11-25,36,4,32
2014-11-25,88,13,75
2014-11-25,42,5,37
2014-11-25,19,1,18
2014-11-25,5,2,3
2014-11-25,8,1,7
2014-11-25,3,1,2
2014-11-25,2,0,2
2014-11-26,2,1,1
2014-11-26,0,0,0
2014-11-26,0,0,0
2014-11-26,0,0,0
2014-11-26,2,2,0
2014-11-26,23,19,4
2014-11-26,48,43,5
2014-11-26,99,86,13
2014-11-26,110,100,10
2014-11-26,45,40,5
2014-11-26,23,16,7
2014-11-26,19,12,7
2014-11-26,23,11,12
2014-11-26,23,14,9
2014-11-26,27,11,16
2014-11-26,42,12,30
2014-11-26,72,16,56
2014-11-26,113,18,95
2014-11-26,71,10,61
2014-11-26,20,3,17
2014-11-26,17,5,12
2014-11-26,16,4,12
2014-11-26,8,2,6
2014-11-26,6,2,4
2014-11-27,1,0,1
2014-11-27,1,1,0
2014-11-27,2,1,1
2014-11-27,2,2,0
2014-11-27,1,0,1
2014-11-27,4,4,0
2014-11-27,4,4,0
2014-11-27,5,2,3
2014-11-27,13,9,4
2014-11-27,17,11,6
2014-11-27,11,7,4
2014-11-27,16,3,13
2014-11-27,15,7,8
2014-11-27,22,10,12
2014-11-27,6,3,3
2014-11-27,15,6,9
2014-11-27,8,5,3
2014-11-27,1,1,0
2014-11-27,5,2,3
2014-11-27,6,6,0
2014-11-27,5,2,3
2014-11-27,2,1,1
2014-11-27,2,1,1
2014-11-27,5,4,1
2014-11-28,6,1,5
2014-11-28,4,1,3
2014-11-28,0,0,0
2014-11-28,0,0,0
2014-11-28,2,2,0
2014-11-28,8,6,2
2014-11-28,14,9,5
2014-11-28,6,4,2
2014-11-28,9,8,1
2014-11-28,11,8,3
2014-11-28,8,6,2
2014-11-28,5,3,2
2014-11-28,2,2,0
2014-11-28,6,1,5
2014-11-28,7,3,4
2014-11-28,6,1,5
2014-11-28,5,1,4
2014-11-28,5,1,4
2014-11-28,3,1,2
2014-11-28,5,2,3
2014-11-28,3,1,2
2014-11-28,1,0,1
2014-11-28,2,0,2
2014-11-28,1,0,1
2014-11-29,0,0,0
2014-11-29,0,0,0
2014-11-29,0,0,0
2014-11-29,3,2,1
2014-11-29,1,1,0
2014-11-29,1,1,0
2014-11-29,0,0,0
2014-11-29,2,2,0
2014-11-29,3,3,0
2014-11-29,2,1,1
2014-11-29,4,2,2
2014-11-29,3,2,1
2014-11-29,3,1,2
2014-11-29,5,2,3
2014-11-29,5,4,1
2014-11-29,6,4,2
2014-11-29,3,1,2
2014-11-29,7,1,6
2014-11-29,4,1,3
2014-11-29,3,1,2
2014-11-29,0,0,0
2014-11-29,0,0,0
2014-11-29,0,0,0
2014-11-29,1,1,0
2014-11-30,2,2,0
2014-11-30,0,0,0
2014-11-30,0,0,0
2014-11-30,2,1,1
2014-11-30,2,0,2
2014-11-30,4,2,2
2014-11-30,1,1,0
2014-11-30,1,0,1
2014-11-30,3,1,2
2014-11-30,3,3,0
2014-11-30,3,2,1
2014-11-30,12,8,4
2014-11-30,14,6,8
2014-11-30,15,10,5
2014-11-30,12,7,5
2014-11-30,15,12,3
2014-11-30,13,4,9
2014-11-30,3,1,2
2014-11-30,2,0,2
2014-11-30,2,1,1
2014-11-30,3,0,3
2014-11-30,9,4,5
2014-11-30,2,1,1
2014-11-30,1,0,1
2014-12-01,0,0,0
2014-12-01,0,0,0
2014-12-01,1,1,0
2014-12-01,2,1,1
2014-12-01,3,3,0
2014-12-01,11,10,1
2014-12-01,23,19,4
2014-12-01,54,43,11
2014-12-01,59,56,3
2014-12-01,19,14,5
2014-12-01,4,3,1
2014-12-01,14,4,10
2014-12-01,22,15,7
2014-12-01,8,5,3
2014-12-01,12,8,4
2014-12-01,18,5,13
2014-12-01,36,10,26
2014-12-01,68,9,59
2014-12-01,43,3,40
2014-12-01,10,1,9
2014-12-01,5,1,4
2014-12-01,5,2,3
2014-12-01,4,3,1
2014-12-01,1,1,0
2014-12-02,1,0,1
2014-12-02,1,0,1
2014-12-02,1,1,0
2014-12-02,3,0,3
2014-12-02,0,0,0
2014-12-02,13,11,2
2014-12-02,41,37,4
2014-12-02,64,56,8
2014-12-02,71,62,9
2014-12-02,30,27,3
2014-12-02,8,5,3
2014-12-02,8,4,4
2014-12-02,12,5,7
2014-12-02,15,8,7
2014-12-02,16,6,10
2014-12-02,16,1,15
2014-12-02,52,13,39
2014-12-02,87,10,77
2014-12-02,39,4,35
2014-12-02,16,2,14
2014-12-02,6,1,5
2014-12-02,5,1,4
2014-12-02,1,1,0
2014-12-02,4,2,2
2014-12-03,0,0,0
2014-12-03,1,0,1
2014-12-03,3,1,2
2014-12-03,1,1,0
2014-12-03,5,4,1
2014-12-03,13,10,3
2014-12-03,37,35,2
2014-12-03,74,67,7
2014-12-03,64,57,7
2014-12-03,27,26,1
2014-12-03,12,9,3
2014-12-03,12,9,3
2014-12-03,13,9,4
2014-12-03,12,4,8
2014-12-03,15,7,8
2014-12-03,27,8,19
2014-12-03,58,15,43
2014-12-03,80,11,69
2014-12-03,49,2,47
2014-12-03,23,3,20
2014-12-03,9,2,7
2014-12-03,7,3,4
2014-12-03,2,0,2
2014-12-03,2,0,2
2014-12-04,2,1,1
2014-12-04,0,0,0
2014-12-04,2,1,1
2014-12-04,2,1,1
2014-12-04,1,1,0
2014-12-04,15,12,3
2014-12-04,30,24,6
2014-12-04,88,74,14
2014-12-04,75,69,6
2014-12-04,31,30,1
2014-12-04,6,5,1
2014-12-04,14,10,4
2014-12-04,6,3,3
2014-12-04,11,7,4
2014-12-04,17,6,11
2014-12-04,19,6,13
2014-12-04,44,7,37
2014-12-04,98,18,80
2014-12-04,50,5,45
2014-12-04,22,1,21
2014-12-04,9,1,8
2014-12-04,8,3,5
2014-12-04,0,0,0
2014-12-04,4,1,3
2014-12-05,3,1,2
2014-12-05,0,0,0
2014-12-05,1,0,1
2014-12-05,3,3,0
2014-12-05,1,1,0
2014-12-05,12,8,4
2014-12-05,37,35,2
2014-12-05,66,53,13
2014-12-05,74,68,6
2014-12-05,23,20,3
2014-12-05,9,7,2
2014-12-05,8,4,4
2014-12-05,11,5,6
2014-12-05,5,2,3
2014-12-05,20,9,11
2014-12-05,19,5,14
2014-12-05,44,11,33
2014-12-05,72,13,59
2014-12-05,41,6,35
2014-12-05,16,4,12
2014-12-05,11,4,7
2014-12-05,11,2,9
2014-12-05,2,0,2
2014-12-05,4,1,3
2014-12-06,3,1,2
2014-12-06,1,1,0
2014-12-06,3,1,2
2014-12-06,4,1,3
2014-12-06,0,0,0
2014-12-06,3,3,0
2014-12-06,8,5,3
2014-12-06,16,6,10
2014-12-06,19,11,8
2014-12-06,20,12,8
2014-12-06,18,7,11
2014-12-06,21,9,12
2014-12-06,17,9,8
2014-12-06,20,10,10
2014-12-06,24,17,7
2014-12-06,16,7,9
2014-12-06,15,5,10
2014-12-06,4,2,2
2014-12-06,15,6,9
2014-12-06,11,4,7
2014-12-06,5,3,2
2014-12-06,2,2,0
2014-12-06,3,2,1
2014-12-06,6,2,4
2014-12-07,5,5,0
2014-12-07,3,2,1
2014-12-07,2,0,2
2014-12-07,3,1,2
2014-12-07,1,0,1
2014-12-07,3,3,0
2014-12-07,1,1,0
2014-12-07,7,5,2
2014-12-07,13,11,2
2014-12-07,26,15,11
2014-12-07,31,17,14
2014-12-07,47,18,29
2014-12-07,57,30,27
2014-12-07,35,26,9
2014-12-07,32,14,18
2014-12-07,36,17,19
2014-12-07,36,20,16
2014-12-07,19,9,10
2014-12-07,6,1,5
2014-12-07,4,2,2
2014-12-07,8,3,5
2014-12-07,4,3,1
2014-12-07,6,0,6
2014-12-07,7,4,3
2014-12-08,0,0,0
2014-12-08,0,0,0
2014-12-08,2,2,0
2014-12-08,3,3,0
2014-12-08,3,2,1
2014-12-08,21,19,2
2014-12-08,57,51,6
2014-12-08,103,92,11
2014-12-08,79,73,6
2014-12-08,41,38,3
2014-12-08,15,13,2
2014-12-08,21,10,11
2014-12-08,22,14,8
2014-12-08,19,7,12
2014-12-08,18,8,10
2014-12-08,34,5,29
2014-12-08,57,13,44
2014-12-08,96,14,82
2014-12-08,57,4,53
2014-12-08,21,3,18
2014-12-08,4,1,3
2014-12-08,3,0,3
2014-12-08,7,2,5
2014-12-08,1,1,0
2014-12-09,0,0,0
2014-12-09,0,0,0
2014-12-09,0,0,0
2014-12-09,0,0,0
2014-12-09,1,1,0
2014-12-09,11,8,3
2014-12-09,43,37,6
2014-12-09,87,81,6
2014-12-09,73,66,7
2014-12-09,28,25,3
2014-12-09,8,5,3
2014-12-09,9,7,2
2014-12-09,1,1,0
2014-12-09,5,3,2
2014-12-09,15,5,10
2014-12-09,35,14,21
2014-12-09,48,10,38
2014-12-09,92,14,78
2014-12-09,57,6,51
2014-12-09,15,5,10
2014-12-09,10,1,9
2014-12-09,7,3,4
2014-12-09,5,2,3
2014-12-09,2,0,2
2014-12-10,2,0,2
2014-12-10,0,0,0
2014-12-10,1,1,0
2014-12-10,1,1,0
2014-12-10,3,1,2
2014-12-10,22,19,3
2014-12-10,42,38,4
2014-12-10,80,71,9
2014-12-10,69,67,2
2014-12-10,36,32,4
2014-12-10,17,11,6
2014-12-10,7,6,1
2014-12-10,8,3,5
2014-12-10,4,3,1
2014-12-10,7,4,3
2014-12-10,16,5,11
2014-12-10,45,9,36
2014-12-10,87,15,72
2014-12-10,46,6,40
2014-12-10,14,0,14
2014-12-10,7,1,6
2014-12-10,5,1,4
2014-12-10,1,0,1
2014-12-10,2,1,1
2014-12-11,0,0,0
2014-12-11,1,0,1
2014-12-11,1,1,0
2014-12-11,7,6,1
2014-12-11,4,4,0
2014-12-11,20,13,7
2014-12-11,29,23,6
2014-12-11,75,61,14
2014-12-11,70,65,5
2014-12-11,25,19,6
2014-12-11,5,3,2
2014-12-11,10,3,7
2014-12-11,7,7,0
2014-12-11,5,2,3
2014-12-11,9,2,7
2014-12-11,30,8,22
2014-12-11,42,10,32
2014-12-11,73,19,54
2014-12-11,38,3,35
2014-12-11,12,2,10
2014-12-11,4,1,3
2014-12-11,6,2,4
2014-12-11,17,3,14
2014-12-11,2,2,0
2014-12-12,0,0,0
2014-12-12,0,0,0
2014-12-12,0,0,0
2014-12-12,3,1,2
2014-12-12,3,2,1
2014-12-12,20,16,4
2014-12-12,22,19,3
2014-12-12,76,64,12
2014-12-12,70,65,5
2014-12-12,29,25,4
2014-12-12,14,9,5
2014-12-12,10,6,4
2014-12-12,16,10,6
2014-12-12,23,16,7
2014-12-12,10,1,9
2014-12-12,30,12,18
2014-12-12,60,12,48
2014-12-12,85,14,71
2014-12-12,52,6,46
2014-12-12,13,2,11
2014-12-12,10,3,7
2014-12-12,3,1,2
2014-12-12,1,0,1
2014-12-12,4,1,3
2014-12-13,3,0,3
2014-12-13,1,0,1
2014-12-13,0,0,0
2014-12-13,3,0,3
2014-12-13,1,0,1
2014-12-13,2,2,0
2014-12-13,12,11,1
2014-12-13,9,6,3
2014-12-13,17,14,3
2014-12-13,15,7,8
2014-12-13,19,11,8
2014-12-13,39,19,20
2014-12-13,37,17,20
2014-12-13,63,38,25
2014-12-13,38,23,15
2014-12-13,30,14,16
2014-12-13,23,10,13
2014-12-13,14,6,8
2014-12-13,18,9,9
2014-12-13,2,0,2
2014-12-13,2,1,1
2014-12-13,9,5,4
2014-12-13,4,0,4
2014-12-13,2,0,2
2014-12-14,0,0,0
2014-12-14,6,5,1
2014-12-14,2,0,2
2014-12-14,2,1,1
2014-12-14,1,0,1
2014-12-14,3,3,0
2014-12-14,6,4,2
2014-12-14,1,1,0
2014-12-14,12,11,1
2014-12-14,39,31,8
2014-12-14,31,13,18
2014-12-14,42,19,23
2014-12-14,51,26,25
2014-12-14,52,24,28
2014-12-14,36,22,14
2014-12-14,40,17,23
2014-12-14,25,12,13
2014-12-14,25,9,16
2014-12-14,7,2,5
2014-12-14,1,0,1
2014-12-14,8,0,8
2014-12-14,3,3,0
2014-12-14,4,3,1
2014-12-14,5,3,2
2014-12-15,2,2,0
2014-12-15,1,1,0
2014-12-15,0,0,0
2014-12-15,0,0,0
2014-12-15,3,3,0
2014-12-15,22,18,4
2014-12-15,47,42,5
2014-12-15,99,87,12
2014-12-15,79,74,5
2014-12-15,40,37,3
2014-12-15,15,12,3
2014-12-15,12,7,5
2014-12-15,16,9,7
2014-12-15,19,14,5
2014-12-15,23,8,15
2014-12-15,34,9,25
2014-12-15,59,13,46
2014-12-15,114,14,100
2014-12-15,61,3,58
2014-12-15,21,2,19
2014-12-15,11,4,7
2014-12-15,5,2,3
2014-12-15,6,0,6
2014-12-15,5,4,1
2014-12-16,0,0,0
2014-12-16,1,0,1
2014-12-16,0,0,0
2014-12-16,1,1,0
2014-12-16,3,2,1
2014-12-16,21,15,6
2014-12-16,67,54,13
2014-12-16,89,74,15
2014-12-16,99,91,8
2014-12-16,41,32,9
2014-12-16,18,14,4
2014-12-16,14,6,8
2014-12-16,19,11,8
2014-12-16,13,9,4
2014-12-16,17,6,11
2014-12-16,25,10,15
2014-12-16,67,11,56
2014-12-16,121,14,107
2014-12-16,58,3,55
2014-12-16,22,3,19
2014-12-16,7,1,6
2014-12-16,8,4,4
2014-12-16,5,2,3
2014-12-16,4,3,1
2014-12-17,5,1,4
2014-12-17,1,0,1
2014-12-17,4,2,2
2014-12-17,2,2,0
2014-12-17,4,2,2
2014-12-17,19,14,5
2014-12-17,46,39,7
2014-12-17,78,68,10
2014-12-17,80,74,6
2014-12-17,29,28,1
2014-12-17,9,6,3
2014-12-17,11,7,4
2014-12-17,13,7,6
2014-12-17,16,9,7
2014-12-17,12,4,8
2014-12-17,20,4,16
2014-12-17,59,10,49
2014-12-17,101,18,83
2014-12-17,42,4,38
2014-12-17,14,1,13
2014-12-17,12,2,10
2014-12-17,4,0,4
2014-12-17,0,0,0
2014-12-17,1,1,0
2014-12-18,0,0,0
2014-12-18,0,0,0
2014-12-18,1,1,0
2014-12-18,2,2,0
2014-12-18,1,1,0
2014-12-18,22,16,6
2014-12-18,46,35,11
2014-12-18,80,68,12
2014-12-18,77,67,10
2014-12-18,49,41,8
2014-12-18,11,8,3
2014-12-18,9,6,3
2014-12-18,12,8,4
2014-12-18,7,1,6
2014-12-18,10,0,10
2014-12-18,24,8,16
2014-12-18,42,9,33
2014-12-18,86,14,72
2014-12-18,50,8,42
2014-12-18,24,3,21
2014-12-18,7,2,5
2014-12-18,4,1,3
2014-12-18,6,2,4
2014-12-18,3,2,1
2014-12-19,0,0,0
2014-12-19,3,0,3
2014-12-19,1,1,0
2014-12-19,1,1,0
2014-12-19,3,2,1
2014-12-19,19,14,5
2014-12-19,30,23,7
2014-12-19,68,61,7
2014-12-19,49,48,1
2014-12-19,15,14,1
2014-12-19,12,9,3
2014-12-19,10,7,3
2014-12-19,18,10,8
2014-12-19,22,9,13
2014-12-19,19,8,11
2014-12-19,31,11,20
2014-12-19,59,14,45
2014-12-19,61,12,49
2014-12-19,39,3,36
2014-12-19,12,3,9
2014-12-19,9,1,8
2014-12-19,9,5,4
2014-12-19,6,2,4
2014-12-19,3,2,1
2014-12-20,2,0,2
2014-12-20,0,0,0
2014-12-20,3,1,2
2014-12-20,0,0,0
2014-12-20,0,0,0
2014-12-20,2,1,1
2014-12-20,5,3,2
2014-12-20,2,1,1
2014-12-20,10,6,4
2014-12-20,12,6,6
2014-12-20,4,1,3
2014-12-20,8,2,6
2014-12-20,3,1,2
2014-12-20,6,4,2
2014-12-20,4,3,1
2014-12-20,6,3,3
2014-12-20,45,3,42
2014-12-20,11,3,8
2014-12-20,2,1,1
2014-12-20,4,2,2
2014-12-20,2,0,2
2014-12-20,6,5,1
2014-12-20,8,5,3
2014-12-20,8,5,3
2014-12-21,5,5,0
2014-12-21,18,17,1
2014-12-21,6,5,1
2014-12-21,2,2,0
2014-12-21,2,1,1
2014-12-21,5,4,1
2014-12-21,3,1,2
2014-12-21,7,4,3
2014-12-21,6,5,1
2014-12-21,13,7,6
2014-12-21,18,13,5
2014-12-21,27,11,16
2014-12-21,27,16,11
2014-12-21,27,9,18
2014-12-21,29,15,14
2014-12-21,38,23,15
2014-12-21,14,6,8
2014-12-21,12,7,5
2014-12-21,4,0,4
2014-12-21,8,5,3
2014-12-21,0,0,0
2014-12-21,6,4,2
2014-12-21,8,3,5
2014-12-21,3,2,1
2014-12-22,1,0,1
2014-12-22,2,0,2
2014-12-22,3,2,1
2014-12-22,3,1,2
2014-12-22,3,2,1
2014-12-22,13,11,2
2014-12-22,43,35,8
2014-12-22,75,65,10
2014-12-22,73,64,9
2014-12-22,29,23,6
2014-12-22,21,13,8
2014-12-22,17,9,8
2014-12-22,26,9,17
2014-12-22,15,9,6
2014-12-22,35,21,14
2014-12-22,23,7,16
2014-12-22,60,12,48
2014-12-22,74,9,65
2014-12-22,36,4,32
2014-12-22,18,4,14
2014-12-22,8,2,6
2014-12-22,5,0,5
2014-12-22,4,1,3
2014-12-22,2,0,2
2014-12-23,0,0,0
2014-12-23,2,0,2
2014-12-23,0,0,0
2014-12-23,3,2,1
2014-12-23,0,0,0
2014-12-23,18,9,9
2014-12-23,30,29,1
2014-12-23,54,47,7
2014-12-23,49,44,5
2014-12-23,29,22,7
2014-12-23,22,12,10
2014-12-23,10,3,7
2014-12-23,9,7,2
2014-12-23,10,4,6
2014-12-23,15,5,10
2014-12-23,20,5,15
2014-12-23,35,6,29
2014-12-23,52,6,46
2014-12-23,21,2,19
2014-12-23,3,0,3
2014-12-23,1,0,1
2014-12-23,0,0,0
2014-12-23,1,0,1
2014-12-23,2,0,2
2014-12-24,0,0,0
2014-12-24,0,0,0
2014-12-24,1,0,1
2014-12-24,0,0,0
2014-12-24,1,0,1
2014-12-24,4,2,2
2014-12-24,16,12,4
2014-12-24,18,16,2
2014-12-24,16,13,3
2014-12-24,11,9,2
2014-12-24,7,3,4
2014-12-24,9,4,5
2014-12-24,10,5,5
2014-12-24,19,5,14
2014-12-24,18,6,12
2014-12-24,27,7,20
2014-12-24,17,6,11
2014-12-24,16,2,14
2014-12-24,6,1,5
2014-12-24,0,0,0
2014-12-24,5,5,0
2014-12-24,2,2,0
2014-12-24,0,0,0
2014-12-24,2,2,0
2014-12-25,1,0,1
2014-12-25,0,0,0
2014-12-25,1,1,0
2014-12-25,0,0,0
2014-12-25,0,0,0
2014-12-25,2,2,0
2014-12-25,5,3,2
2014-12-25,0,0,0
2014-12-25,10,5,5
2014-12-25,7,4,3
2014-12-25,12,4,8
2014-12-25,29,11,18
2014-12-25,38,24,14
2014-12-25,18,9,9
2014-12-25,37,24,13
2014-12-25,23,14,9
2014-12-25,19,10,9
2014-12-25,6,4,2
2014-12-25,1,0,1
2014-12-25,2,1,1
2014-12-25,0,0,0
2014-12-25,4,2,2
2014-12-25,4,0,4
2014-12-25,1,1,0
2014-12-26,1,0,1
2014-12-26,0,0,0
2014-12-26,0,0,0
2014-12-26,1,1,0
2014-12-26,6,5,1
2014-12-26,7,5,2
2014-12-26,9,8,1
2014-12-26,17,13,4
2014-12-26,20,15,5
2014-12-26,28,18,10
2014-12-26,22,7,15
2014-12-26,16,10,6
2014-12-26,32,23,9
2014-12-26,19,9,10
2014-12-26,26,14,12
2014-12-26,23,10,13
2014-12-26,26,7,19
2014-12-26,17,2,15
2014-12-26,15,1,14
2014-12-26,9,3,6
2014-12-26,3,1,2
2014-12-26,2,1,1
2014-12-26,2,2,0
2014-12-26,3,1,2
2014-12-27,2,1,1
2014-12-27,1,0,1
2014-12-27,4,2,2
2014-12-27,1,0,1
2014-12-27,4,2,2
2014-12-27,3,3,0
2014-12-27,3,3,0
2014-12-27,7,3,4
2014-12-27,7,6,1
2014-12-27,10,10,0
2014-12-27,13,9,4
2014-12-27,15,8,7
2014-12-27,20,9,11
2014-12-27,16,4,12
2014-12-27,8,5,3
2014-12-27,17,9,8
2014-12-27,15,8,7
2014-12-27,6,3,3
2014-12-27,7,3,4
2014-12-27,4,3,1
2014-12-27,1,0,1
2014-12-27,2,1,1
2014-12-27,1,0,1
2014-12-27,0,0,0
2014-12-28,1,0,1
2014-12-28,0,0,0
2014-12-28,2,1,1
2014-12-28,2,2,0
2014-12-28,2,1,1
2014-12-28,0,0,0
2014-12-28,4,1,3
2014-12-28,4,3,1
2014-12-28,7,7,0
2014-12-28,30,16,14
2014-12-28,29,11,18
2014-12-28,23,11,12
2014-12-28,21,9,12
2014-12-28,14,7,7
2014-12-28,17,7,10
2014-12-28,29,15,14
2014-12-28,10,6,4
2014-12-28,10,5,5
2014-12-28,7,4,3
2014-12-28,3,2,1
2014-12-28,4,0,4
2014-12-28,4,1,3
2014-12-28,1,0,1
2014-12-28,2,0,2
2014-12-29,0,0,0
2014-12-29,2,1,1
2014-12-29,2,2,0
2014-12-29,10,5,5
2014-12-29,0,0,0
2014-12-29,12,8,4
2014-12-29,35,28,7
2014-12-29,54,50,4
2014-12-29,57,50,7
2014-12-29,33,30,3
2014-12-29,12,9,3
2014-12-29,14,9,5
2014-12-29,12,8,4
2014-12-29,14,7,7
2014-12-29,18,11,7
2014-12-29,35,5,30
2014-12-29,42,9,33
2014-12-29,72,10,62
2014-12-29,38,3,35
2014-12-29,5,0,5
2014-12-29,6,1,5
2014-12-29,4,3,1
2014-12-29,3,1,2
2014-12-29,3,0,3
2014-12-30,0,0,0
2014-12-30,3,0,3
2014-12-30,3,3,0
2014-12-30,1,1,0
2014-12-30,3,2,1
2014-12-30,7,7,0
2014-12-30,24,18,6
2014-12-30,44,41,3
2014-12-30,45,41,4
2014-12-30,17,13,4
2014-12-30,10,8,2
2014-12-30,15,8,7
2014-12-30,19,7,12
2014-12-30,21,11,10
2014-12-30,19,8,11
2014-12-30,23,8,15
2014-12-30,42,6,36
2014-12-30,49,6,43
2014-12-30,29,4,25
2014-12-30,10,4,6
2014-12-30,4,0,4
2014-12-30,2,0,2
2014-12-30,1,1,0
2014-12-30,4,0,4
2014-12-31,1,1,0
2014-12-31,0,0,0
2014-12-31,0,0,0
2014-12-31,1,1,0
2014-12-31,5,3,2
2014-12-31,8,7,1
2014-12-31,21,19,2
2014-12-31,46,38,8
2014-12-31,40,35,5
2014-12-31,21,19,2
2014-12-31,8,4,4
2014-12-31,10,6,4
2014-12-31,21,11,10
2014-12-31,11,7,4
2014-12-31,35,10,25
2014-12-31,46,11,35
2014-12-31,45,13,32
2014-12-31,35,8,27
2014-12-31,16,3,13
2014-12-31,11,2,9
2014-12-31,3,0,3
2014-12-31,0,0,0
2014-12-31,2,2,0
2014-12-31,2,2,0
2015-01-01,0,0,0
2015-01-01,5,1,4
2015-01-01,2,1,1
2015-01-01,7,3,4
2015-01-01,2,1,1
2015-01-01,0,0,0
2015-01-01,1,1,0
2015-01-01,3,2,1
2015-01-01,3,2,1
2015-01-01,4,2,2
2015-01-01,6,1,5
2015-01-01,21,15,6
2015-01-01,21,12,9
2015-01-01,35,20,15
2015-01-01,30,18,12
2015-01-01,38,19,19
2015-01-01,13,4,9
2015-01-01,9,4,5
2015-01-01,10,6,4
2015-01-01,35,3,32
2015-01-01,1,0,1
2015-01-01,2,1,1
2015-01-01,3,2,1
2015-01-01,5,4,1
2015-01-02,2,0,2
2015-01-02,1,1,0
2015-01-02,1,0,1
2015-01-02,1,1,0
2015-01-02,4,4,0
2015-01-02,6,3,3
2015-01-02,22,19,3
2015-01-02,25,23,2
2015-01-02,38,34,4
2015-01-02,16,13,3
2015-01-02,9,8,1
2015-01-02,15,5,10
2015-01-02,11,3,8
2015-01-02,18,13,5
2015-01-02,9,3,6
2015-01-02,22,1,21
2015-01-02,34,8,26
2015-01-02,38,3,35
2015-01-02,13,2,11
2015-01-02,10,2,8
2015-01-02,4,2,2
2015-01-02,1,1,0
2015-01-02,1,0,1
2015-01-02,3,0,3
2015-01-03,1,0,1
2015-01-03,1,1,0
2015-01-03,1,0,1
2015-01-03,3,1,2
2015-01-03,2,2,0
2015-01-03,1,1,0
2015-01-03,6,3,3
2015-01-03,4,3,1
2015-01-03,8,6,2
2015-01-03,14,9,5
2015-01-03,21,12,9
2015-01-03,18,10,8
2015-01-03,26,11,15
2015-01-03,37,17,20
2015-01-03,12,6,6
2015-01-03,18,10,8
2015-01-03,11,9,2
2015-01-03,12,3,9
2015-01-03,4,2,2
2015-01-03,8,3,5
2015-01-03,3,2,1
2015-01-03,6,3,3
2015-01-03,4,3,1
2015-01-03,3,1,2
2015-01-04,1,0,1
2015-01-04,2,1,1
2015-01-04,0,0,0
2015-01-04,2,1,1
2015-01-04,2,0,2
2015-01-04,4,4,0
2015-01-04,6,4,2
2015-01-04,3,0,3
2015-01-04,6,5,1
2015-01-04,3,0,3
2015-01-04,7,3,4
2015-01-04,8,5,3
2015-01-04,5,4,1
2015-01-04,7,2,5
2015-01-04,3,0,3
2015-01-04,4,0,4
2015-01-04,9,5,4
2015-01-04,9,8,1
2015-01-04,4,2,2
2015-01-04,1,0,1
2015-01-04,3,0,3
2015-01-04,3,3,0
2015-01-04,1,1,0
2015-01-04,0,0,0
2015-01-05,1,1,0
2015-01-05,1,1,0
2015-01-05,0,0,0
2015-01-05,1,0,1
2015-01-05,1,1,0
2015-01-05,18,13,5
2015-01-05,45,38,7
2015-01-05,76,68,8
2015-01-05,76,68,8
2015-01-05,17,17,0
2015-01-05,10,9,1
2015-01-05,3,2,1
2015-01-05,2,1,1
2015-01-05,7,5,2
2015-01-05,13,6,7
2015-01-05,17,5,12
2015-01-05,38,8,30
2015-01-05,101,20,81
2015-01-05,55,3,52
2015-01-05,13,3,10
2015-01-05,4,1,3
2015-01-05,2,0,2
2015-01-05,1,1,0
2015-01-05,2,0,2
2015-01-06,0,0,0
2015-01-06,0,0,0
2015-01-06,2,1,1
2015-01-06,3,2,1
2015-01-06,3,1,2
2015-01-06,19,17,2
2015-01-06,61,56,5
2015-01-06,110,92,18
2015-01-06,122,108,14
2015-01-06,44,36,8
2015-01-06,21,15,6
2015-01-06,18,10,8
2015-01-06,20,12,8
2015-01-06,19,11,8
2015-01-06,20,5,15
2015-01-06,32,7,25
2015-01-06,87,19,68
2015-01-06,125,13,112
2015-01-06,76,6,70
2015-01-06,31,8,23
2015-01-06,8,2,6
2015-01-06,11,2,9
2015-01-06,6,3,3
2015-01-06,2,1,1
2015-01-07,0,0,0
2015-01-07,1,1,0
2015-01-07,0,0,0
2015-01-07,3,3,0
2015-01-07,3,2,1
2015-01-07,17,15,2
2015-01-07,72,62,10
2015-01-07,98,86,12
2015-01-07,110,99,11
2015-01-07,40,35,5
2015-01-07,15,11,4
2015-01-07,28,15,13
2015-01-07,18,14,4
2015-01-07,15,9,6
2015-01-07,24,9,15
2015-01-07,46,8,38
2015-01-07,66,8,58
2015-01-07,126,19,107
2015-01-07,88,14,74
2015-01-07,23,4,19
2015-01-07,9,2,7
2015-01-07,8,3,5
2015-01-07,5,4,1
2015-01-07,5,0,5
2015-01-08,3,0,3
2015-01-08,2,1,1
2015-01-08,3,1,2
2015-01-08,2,1,1
2015-01-08,3,3,0
2015-01-08,19,15,4
2015-01-08,50,43,7
2015-01-08,107,91,16
2015-01-08,94,89,5
2015-01-08,40,37,3
2015-01-08,18,13,5
2015-01-08,18,11,7
2015-01-08,25,13,12
2015-01-08,23,12,11
2015-01-08,35,13,22
2015-01-08,34,9,25
2015-01-08,75,20,55
2015-01-08,127,17,110
2015-01-08,55,8,47
2015-01-08,25,4,21
2015-01-08,18,3,15
2015-01-08,4,2,2
2015-01-08,5,2,3
2015-01-08,3,1,2
2015-01-09,3,0,3
2015-01-09,5,0,5
2015-01-09,2,2,0
2015-01-09,2,2,0
2015-01-09,4,4,0
2015-01-09,14,12,2
2015-01-09,52,45,7
2015-01-09,65,55,10
2015-01-09,104,88,16
2015-01-09,36,31,5
2015-01-09,13,7,6
2015-01-09,12,7,5
2015-01-09,19,7,12
2015-01-09,19,9,10
2015-01-09,17,6,11
2015-01-09,34,12,22
2015-01-09,65,14,51
2015-01-09,92,8,84
2015-01-09,42,2,40
2015-01-09,18,2,16
2015-01-09,12,3,9
2015-01-09,4,0,4
2015-01-09,5,2,3
2015-01-09,2,1,1
2015-01-10,3,0,3
2015-01-10,1,0,1
2015-01-10,0,0,0
2015-01-10,3,3,0
2015-01-10,1,0,1
2015-01-10,1,1,0
2015-01-10,6,5,1
2015-01-10,14,11,3
2015-01-10,17,14,3
2015-01-10,23,14,9
2015-01-10,24,15,9
2015-01-10,17,8,9
2015-01-10,19,9,10
2015-01-10,16,9,7
2015-01-10,16,7,9
2015-01-10,14,5,9
2015-01-10,14,7,7
2015-01-10,10,3,7
2015-01-10,5,1,4
2015-01-10,9,1,8
2015-01-10,4,2,2
2015-01-10,6,2,4
2015-01-10,8,4,4
2015-01-10,1,0,1
2015-01-11,2,1,1
2015-01-11,0,0,0
2015-01-11,3,1,2
2015-01-11,1,1,0
2015-01-11,2,0,2
2015-01-11,4,4,0
2015-01-11,0,0,0
2015-01-11,6,4,2
2015-01-11,11,8,3
2015-01-11,18,7,11
2015-01-11,32,22,10
2015-01-11,33,10,23
2015-01-11,22,11,11
2015-01-11,21,15,6
2015-01-11,28,11,17
2015-01-11,11,6,5
2015-01-11,14,8,6
2015-01-11,16,8,8
2015-01-11,7,4,3
2015-01-11,1,0,1
2015-01-11,4,2,2
2015-01-11,4,3,1
2015-01-11,3,1,2
2015-01-11,1,0,1
2015-01-12,0,0,0
2015-01-12,0,0,0
2015-01-12,1,0,1
2015-01-12,3,1,2
2015-01-12,3,3,0
2015-01-12,19,15,4
2015-01-12,46,40,6
2015-01-12,95,85,10
2015-01-12,101,94,7
2015-01-12,43,39,4
2015-01-12,20,16,4
2015-01-12,14,9,5
2015-01-12,22,14,8
2015-01-12,15,6,9
2015-01-12,25,11,14
2015-01-12,38,10,28
2015-01-12,78,15,63
2015-01-12,106,13,93
2015-01-12,64,6,58
2015-01-12,16,5,11
2015-01-12,12,2,10
2015-01-12,5,3,2
2015-01-12,7,2,5
2015-01-12,1,1,0
2015-01-13,5,3,2
2015-01-13,0,0,0
2015-01-13,1,0,1
2015-01-13,0,0,0
2015-01-13,3,2,1
2015-01-13,18,14,4
2015-01-13,55,47,8
2015-01-13,105,92,13
2015-01-13,118,109,9
2015-01-13,47,43,4
2015-01-13,16,13,3
2015-01-13,17,9,8
2015-01-13,22,13,9
2015-01-13,23,13,10
2015-01-13,22,9,13
2015-01-13,39,10,29
2015-01-13,81,18,63
2015-01-13,139,17,122
2015-01-13,69,9,60
2015-01-13,25,4,21
2015-01-13,12,2,10
2015-01-13,9,3,6
2015-01-13,8,5,3
2015-01-13,2,2,0
2015-01-14,1,0,1
2015-01-14,0,0,0
2015-01-14,0,0,0
2015-01-14,4,0,4
2015-01-14,3,3,0
2015-01-14,28,23,5
2015-01-14,48,42,6
2015-01-14,85,71,14
2015-01-14,90,81,9
2015-01-14,51,42,9
2015-01-14,20,13,7
2015-01-14,16,6,10
2015-01-14,17,8,9
2015-01-14,23,16,7
2015-01-14,26,14,12
2015-01-14,40,9,31
2015-01-14,61,7,54
2015-01-14,116,22,94
2015-01-14,71,9,62
2015-01-14,32,6,26
2015-01-14,16,3,13
2015-01-14,10,5,5
2015-01-14,6,1,5
2015-01-14,1,1,0
2015-01-15,0,0,0
2015-01-15,2,1,1
2015-01-15,1,0,1
2015-01-15,1,0,1
2015-01-15,1,1,0
2015-01-15,13,10,3
2015-01-15,44,36,8
2015-01-15,58,50,8
2015-01-15,86,77,9
2015-01-15,31,24,7
2015-01-15,11,8,3
2015-01-15,8,5,3
2015-01-15,7,2,5
2015-01-15,9,6,3
2015-01-15,12,5,7
2015-01-15,19,6,13
2015-01-15,53,10,43
2015-01-15,79,16,63
2015-01-15,42,3,39
2015-01-15,15,5,10
2015-01-15,6,1,5
2015-01-15,2,2,0
2015-01-15,5,0,5
2015-01-15,2,0,2
2015-01-16,5,2,3
2015-01-16,2,2,0
2015-01-16,0,0,0
2015-01-16,1,1,0
2015-01-16,3,2,1
2015-01-16,13,10,3
2015-01-16,31,26,5
2015-01-16,65,57,8
2015-01-16,77,72,5
2015-01-16,31,28,3
2015-01-16,20,13,7
2015-01-16,20,13,7
2015-01-16,14,12,2
2015-01-16,16,8,8
2015-01-16,22,8,14
2015-01-16,26,8,18
2015-01-16,61,15,46
2015-01-16,80,11,69
2015-01-16,42,3,39
2015-01-16,28,11,17
2015-01-16,14,2,12
2015-01-16,9,3,6
2015-01-16,3,2,1
2015-01-16,1,0,1
2015-01-17,1,1,0
2015-01-17,1,0,1
2015-01-17,2,2,0
2015-01-17,4,2,2
2015-01-17,1,1,0
2015-01-17,4,4,0
2015-01-17,9,7,2
2015-01-17,5,2,3
2015-01-17,10,5,5
2015-01-17,9,6,3
2015-01-17,14,9,5
2015-01-17,24,12,12
2015-01-17,8,6,2
2015-01-17,14,7,7
2015-01-17,15,6,9
2015-01-17,11,0,11
2015-01-17,10,4,6
2015-01-17,6,5,1
2015-01-17,5,2,3
2015-01-17,4,4,0
2015-01-17,3,1,2
2015-01-17,4,2,2
2015-01-17,0,0,0
2015-01-17,0,0,0
2015-01-18,2,0,2
2015-01-18,1,1,0
2015-01-18,2,1,1
2015-01-18,3,2,1
2015-01-18,3,1,2
2015-01-18,2,2,0
2015-01-18,2,1,1
2015-01-18,6,3,3
2015-01-18,15,9,6
2015-01-18,8,5,3
2015-01-18,14,12,2
2015-01-18,7,4,3
2015-01-18,6,4,2
2015-01-18,3,2,1
2015-01-18,8,3,5
2015-01-18,3,1,2
2015-01-18,7,5,2
2015-01-18,7,5,2
2015-01-18,3,0,3
2015-01-18,3,0,3
2015-01-18,0,0,0
2015-01-18,3,1,2
2015-01-18,1,0,1
2015-01-18,0,0,0
2015-01-19,1,0,1
2015-01-19,0,0,0
2015-01-19,2,1,1
2015-01-19,3,2,1
2015-01-19,2,2,0
2015-01-19,11,8,3
2015-01-19,27,20,7
2015-01-19,43,36,7
2015-01-19,57,51,6
2015-01-19,36,21,15
2015-01-19,22,12,10
2015-01-19,23,12,11
2015-01-19,24,13,11
2015-01-19,31,14,17
2015-01-19,28,17,11
2015-01-19,28,11,17
2015-01-19,63,25,38
2015-01-19,73,16,57
2015-01-19,29,3,26
2015-01-19,15,3,12
2015-01-19,5,2,3
2015-01-19,5,1,4
2015-01-19,3,1,2
2015-01-19,2,2,0
2015-01-20,2,1,1
2015-01-20,3,1,2
2015-01-20,0,0,0
2015-01-20,1,1,0
2015-01-20,5,1,4
2015-01-20,22,21,1
2015-01-20,50,38,12
2015-01-20,109,98,11
2015-01-20,98,90,8
2015-01-20,41,36,5
2015-01-20,26,18,8
2015-01-20,21,11,10
2015-01-20,13,6,7
2015-01-20,35,18,17
2015-01-20,54,24,30
2015-01-20,54,24,30
2015-01-20,70,16,54
2015-01-20,138,15,123
2015-01-20,80,9,71
2015-01-20,35,10,25
2015-01-20,18,4,14
2015-01-20,7,2,5
2015-01-20,7,3,4
2015-01-20,1,0,1
2015-01-21,1,0,1
2015-01-21,1,0,1
2015-01-21,0,0,0
2015-01-21,1,1,0
2015-01-21,5,4,1
2015-01-21,17,13,4
2015-01-21,54,46,8
2015-01-21,96,82,14
2015-01-21,95,85,10
2015-01-21,42,33,9
2015-01-21,13,11,2
2015-01-21,17,12,5
2015-01-21,14,7,7
2015-01-21,17,12,5
2015-01-21,26,10,16
2015-01-21,31,6,25
2015-01-21,68,10,58
2015-01-21,121,13,108
2015-01-21,66,3,63
2015-01-21,34,4,30
2015-01-21,19,5,14
2015-01-21,7,3,4
2015-01-21,3,0,3
2015-01-21,4,1,3
2015-01-22,1,0,1
2015-01-22,0,0,0
2015-01-22,1,1,0
2015-01-22,0,0,0
2015-01-22,3,3,0
2015-01-22,15,11,4
2015-01-22,38,34,4
2015-01-22,76,66,10
2015-01-22,88,82,6
2015-01-22,40,39,1
2015-01-22,8,7,1
2015-01-22,14,9,5
2015-01-22,19,8,11
2015-01-22,9,6,3
2015-01-22,15,4,11
2015-01-22,23,5,18
2015-01-22,51,13,38
2015-01-22,98,13,85
2015-01-22,58,5,53
2015-01-22,25,3,22
2015-01-22,12,0,12
2015-01-22,7,4,3
2015-01-22,8,2,6
2015-01-22,8,2,6
2015-01-23,5,0,5
2015-01-23,3,0,3
2015-01-23,0,0,0
2015-01-23,2,2,0
2015-01-23,4,4,0
2015-01-23,11,9,2
2015-01-23,38,30,8
2015-01-23,63,53,10
2015-01-23,79,69,10
2015-01-23,41,33,8
2015-01-23,15,11,4
2015-01-23,2,2,0
2015-01-23,8,5,3
2015-01-23,11,4,7
2015-01-23,19,6,13
2015-01-23,19,3,16
2015-01-23,44,7,37
2015-01-23,73,13,60
2015-01-23,47,6,41
2015-01-23,19,5,14
2015-01-23,16,3,13
2015-01-23,3,1,2
2015-01-23,2,0,2
2015-01-23,7,4,3
2015-01-24,4,4,0
2015-01-24,3,1,2
2015-01-24,6,5,1
2015-01-24,4,4,0
2015-01-24,1,1,0
2015-01-24,3,3,0
2015-01-24,5,3,2
2015-01-24,4,4,0
2015-01-24,22,13,9
2015-01-24,26,19,7
2015-01-24,12,7,5
2015-01-24,19,7,12
2015-01-24,22,13,9
2015-01-24,35,14,21
2015-01-24,28,11,17
2015-01-24,35,17,18
2015-01-24,25,15,10
2015-01-24,23,10,13
2015-01-24,12,5,7
2015-01-24,4,0,4
2015-01-24,6,3,3
2015-01-24,5,4,1
2015-01-24,4,2,2
2015-01-24,1,1,0
2015-01-25,2,0,2
2015-01-25,3,0,3
2015-01-25,4,0,4
2015-01-25,5,4,1
2015-01-25,6,3,3
2015-01-25,3,2,1
2015-01-25,4,3,1
2015-01-25,7,6,1
2015-01-25,15,7,8
2015-01-25,33,24,9
2015-01-25,36,22,14
2015-01-25,65,29,36
2015-01-25,88,37,51
2015-01-25,116,63,53
2015-01-25,114,59,55
2015-01-25,95,46,49
2015-01-25,70,41,29
2015-01-25,64,38,26
2015-01-25,16,3,13
2015-01-25,6,1,5
2015-01-25,7,1,6
2015-01-25,2,2,0
2015-01-25,0,0,0
2015-01-25,2,2,0
2015-01-26,1,0,1
2015-01-26,1,1,0
2015-01-26,1,1,0
2015-01-26,4,4,0
2015-01-26,5,4,1
2015-01-26,26,19,7
2015-01-26,57,47,10
2015-01-26,115,106,9
2015-01-26,99,87,12
2015-01-26,58,45,13
2015-01-26,31,22,9
2015-01-26,13,8,5
2015-01-26,33,17,16
2015-01-26,38,21,17
2015-01-26,46,22,24
2015-01-26,48,15,33
2015-01-26,100,25,75
2015-01-26,116,15,101
2015-01-26,98,12,86
2015-01-26,24,8,16
2015-01-26,10,2,8
2015-01-26,17,9,8
2015-01-26,7,0,7
2015-01-26,6,4,2
2015-01-27,4,2,2
2015-01-27,2,0,2
2015-01-27,1,0,1
2015-01-27,2,2,0
2015-01-27,1,0,1
2015-01-27,21,17,4
2015-01-27,56,45,11
2015-01-27,119,109,10
2015-01-27,118,102,16
2015-01-27,33,29,4
2015-01-27,25,19,6
2015-01-27,12,5,7
2015-01-27,16,8,8
2015-01-27,11,5,6
2015-01-27,20,7,13
2015-01-27,28,8,20
2015-01-27,60,12,48
2015-01-27,115,11,104
2015-01-27,64,7,57
2015-01-27,33,2,31
2015-01-27,24,9,15
2015-01-27,8,2,6
2015-01-27,6,1,5
2015-01-27,3,2,1
2015-01-28,2,1,1
2015-01-28,1,0,1
2015-01-28,3,0,3
2015-01-28,1,0,1
2015-01-28,6,4,2
2015-01-28,23,18,5
2015-01-28,59,49,10
2015-01-28,96,88,8
2015-01-28,86,78,8
2015-01-28,50,41,9
2015-01-28,22,16,6
2015-01-28,22,13,9
2015-01-28,27,16,11
2015-01-28,17,11,6
2015-01-28,28,13,15
2015-01-28,38,10,28
2015-01-28,69,17,52
2015-01-28,107,14,93
2015-01-28,67,11,56
2015-01-28,25,3,22
2015-01-28,18,1,17
2015-01-28,7,1,6
2015-01-28,3,1,2
2015-01-28,5,3,2
2015-01-29,2,0,2
2015-01-29,0,0,0
2015-01-29,4,2,2
2015-01-29,1,1,0
2015-01-29,3,3,0
2015-01-29,25,18,7
2015-01-29,52,42,10
2015-01-29,104,89,15
2015-01-29,108,95,13
2015-01-29,31,30,1
2015-01-29,20,17,3
2015-01-29,27,14,13
2015-01-29,22,13,9
2015-01-29,37,24,13
2015-01-29,26,6,20
2015-01-29,44,14,30
2015-01-29,80,22,58
2015-01-29,124,18,106
2015-01-29,85,12,73
2015-01-29,32,4,28
2015-01-29,20,5,15
2015-01-29,8,4,4
2015-01-29,5,3,2
2015-01-29,6,2,4
2015-01-30,2,1,1
2015-01-30,4,2,2
2015-01-30,2,0,2
2015-01-30,1,1,0
2015-01-30,6,5,1
2015-01-30,18,13,5
2015-01-30,33,30,3
2015-01-30,73,69,4
2015-01-30,103,92,11
2015-01-30,29,25,4
2015-01-30,15,10,5
2015-01-30,8,5,3
2015-01-30,17,10,7
2015-01-30,19,6,13
2015-01-30,23,14,9
2015-01-30,37,12,25
2015-01-30,62,2,60
2015-01-30,89,12,77
2015-01-30,53,7,46
2015-01-30,21,1,20
2015-01-30,6,1,5
2015-01-30,8,3,5
2015-01-30,7,0,7
2015-01-30,4,3,1
2015-01-31,1,0,1
2015-01-31,2,1,1
2015-01-31,0,0,0
2015-01-31,7,3,4
2015-01-31,3,3,0
2015-01-31,2,2,0
2015-01-31,6,4,2
2015-01-31,10,8,2
2015-01-31,19,14,5
2015-01-31,19,10,9
2015-01-31,36,21,15
2015-01-31,28,14,14
2015-01-31,24,11,13
2015-01-31,56,19,37
2015-01-31,45,21,24
2015-01-31,43,25,18
2015-01-31,48,33,15
2015-01-31,29,17,12
2015-01-31,17,4,13
2015-01-31,8,5,3
2015-01-31,4,1,3
2015-01-31,5,3,2
2015-01-31,2,0,2
2015-01-31,16,2,14
2015-02-01,4,2,2
2015-02-01,0,0,0
2015-02-01,2,1,1
2015-02-01,2,2,0
2015-02-01,2,1,1
2015-02-01,1,0,1
2015-02-01,2,1,1
2015-02-01,4,3,1
2015-02-01,10,7,3
2015-02-01,15,9,6
2015-02-01,26,7,19
2015-02-01,32,21,11
2015-02-01,19,9,10
2015-02-01,14,11,3
2015-02-01,9,4,5
2015-02-01,12,7,5
2015-02-01,8,2,6
2015-02-01,3,1,2
2015-02-01,1,1,0
2015-02-01,9,7,2
2015-02-01,4,0,4
2015-02-01,4,2,2
2015-02-01,3,0,3
2015-02-01,4,3,1
2015-02-02,0,0,0
2015-02-02,1,1,0
2015-02-02,0,0,0
2015-02-02,1,1,0
2015-02-02,3,1,2
2015-02-02,17,14,3
2015-02-02,43,39,4
2015-02-02,78,68,10
2015-02-02,74,68,6
2015-02-02,27,21,6
2015-02-02,10,5,5
2015-02-02,5,3,2
2015-02-02,7,5,2
2015-02-02,13,9,4
2015-02-02,14,9,5
2015-02-02,28,9,19
2015-02-02,53,9,44
2015-02-02,79,15,64
2015-02-02,61,6,55
2015-02-02,18,3,15
2015-02-02,5,2,3
2015-02-02,3,0,3
2015-02-02,1,1,0
2015-02-02,3,1,2
2015-02-03,1,0,1
2015-02-03,2,2,0
2015-02-03,0,0,0
2015-02-03,2,1,1
2015-02-03,4,3,1
2015-02-03,20,17,3
2015-02-03,52,46,6
2015-02-03,104,91,13
2015-02-03,106,93,13
2015-02-03,36,33,3
2015-02-03,21,17,4
2015-02-03,12,9,3
2015-02-03,8,7,1
2015-02-03,9,3,6
2015-02-03,15,4,11
2015-02-03,25,4,21
2015-02-03,62,11,51
2015-02-03,105,16,89
2015-02-03,71,9,62
2015-02-03,32,5,27
2015-02-03,12,2,10
2015-02-03,10,3,7
2015-02-03,3,0,3
2015-02-03,4,2,2
2015-02-04,4,1,3
2015-02-04,3,2,1
2015-02-04,0,0,0
2015-02-04,0,0,0
2015-02-04,6,4,2
2015-02-04,18,14,4
2015-02-04,52,45,7
2015-02-04,101,91,10
2015-02-04,95,84,11
2015-02-04,43,39,4
2015-02-04,17,9,8
2015-02-04,14,6,8
2015-02-04,15,10,5
2015-02-04,15,8,7
2015-02-04,20,6,14
2015-02-04,34,11,23
2015-02-04,68,12,56
2015-02-04,91,13,78
2015-02-04,72,7,65
2015-02-04,21,5,16
2015-02-04,12,2,10
2015-02-04,4,2,2
2015-02-04,1,0,1
2015-02-04,11,3,8
2015-02-05,1,0,1
2015-02-05,2,1,1
2015-02-05,1,0,1
2015-02-05,2,1,1
2015-02-05,2,2,0
2015-02-05,7,5,2
2015-02-05,31,28,3
2015-02-05,58,48,10
2015-02-05,48,43,5
2015-02-05,19,19,0
2015-02-05,11,10,1
2015-02-05,15,9,6
2015-02-05,8,7,1
2015-02-05,9,7,2
2015-02-05,7,3,4
2015-02-05,24,9,15
2015-02-05,39,9,30
2015-02-05,48,8,40
2015-02-05,48,4,44
2015-02-05,24,7,17
2015-02-05,8,2,6
2015-02-05,8,2,6
2015-02-05,2,1,1
2015-02-05,2,1,1
2015-02-06,2,0,2
2015-02-06,1,1,0
2015-02-06,0,0,0
2015-02-06,0,0,0
2015-02-06,2,2,0
2015-02-06,9,8,1
2015-02-06,27,24,3
2015-02-06,58,52,6
2015-02-06,69,65,4
2015-02-06,24,22,2
2015-02-06,10,6,4
2015-02-06,1,0,1
2015-02-06,8,6,2
2015-02-06,7,5,2
2015-02-06,11,4,7
2015-02-06,18,4,14
2015-02-06,51,10,41
2015-02-06,72,8,64
2015-02-06,36,5,31
2015-02-06,15,3,12
2015-02-06,10,1,9
2015-02-06,5,2,3
2015-02-06,4,2,2
2015-02-06,2,0,2
2015-02-07,1,0,1
2015-02-07,1,0,1
2015-02-07,0,0,0
2015-02-07,3,3,0
2015-02-07,0,0,0
2015-02-07,1,1,0
2015-02-07,2,2,0
2015-02-07,4,3,1
2015-02-07,2,1,1
2015-02-07,7,6,1
2015-02-07,8,1,7
2015-02-07,5,5,0
2015-02-07,13,10,3
2015-02-07,12,6,6
2015-02-07,12,5,7
2015-02-07,7,5,2
2015-02-07,10,5,5
2015-02-07,10,5,5
2015-02-07,7,4,3
2015-02-07,0,0,0
2015-02-07,3,2,1
2015-02-07,1,0,1
2015-02-07,3,0,3
2015-02-07,2,0,2
2015-02-08,1,1,0
2015-02-08,1,0,1
2015-02-08,2,0,2
2015-02-08,1,1,0
2015-02-08,2,1,1
2015-02-08,5,5,0
2015-02-08,2,1,1
2015-02-08,3,2,1
2015-02-08,20,17,3
2015-02-08,21,11,10
2015-02-08,40,23,17
2015-02-08,62,25,37
2015-02-08,72,37,35
2015-02-08,54,28,26
2015-02-08,55,26,29
2015-02-08,39,24,15
2015-02-08,32,12,20
2015-02-08,21,14,7
2015-02-08,11,3,8
2015-02-08,2,0,2
2015-02-08,5,3,2
2015-02-08,1,0,1
2015-02-08,5,1,4
2015-02-08,0,0,0
2015-02-09,1,1,0
2015-02-09,0,0,0
2015-02-09,0,0,0
2015-02-09,1,0,1
2015-02-09,5,3,2
2015-02-09,17,15,2
2015-02-09,46,39,7
2015-02-09,97,81,16
2015-02-09,66,61,5
2015-02-09,32,30,2
2015-02-09,8,5,3
2015-02-09,9,6,3
2015-02-09,10,6,4
2015-02-09,10,8,2
2015-02-09,18,9,9
2015-02-09,37,9,28
2015-02-09,50,8,42
2015-02-09,88,16,72
2015-02-09,67,8,59
2015-02-09,24,7,17
2015-02-09,8,3,5
2015-02-09,8,2,6
2015-02-09,2,1,1
2015-02-09,3,0,3
2015-02-10,1,0,1
2015-02-10,1,1,0
2015-02-10,0,0,0
2015-02-10,1,0,1
2015-02-10,1,1,0
2015-02-10,12,11,1
2015-02-10,57,49,8
2015-02-10,92,84,8
2015-02-10,104,97,7
2015-02-10,36,29,7
2015-02-10,12,9,3
2015-02-10,14,10,4
2015-02-10,15,11,4
2015-02-10,15,9,6
2015-02-10,29,12,17
2015-02-10,32,6,26
2015-02-10,87,23,64
2015-02-10,117,21,96
2015-02-10,72,11,61
2015-02-10,36,2,34
2015-02-10,11,0,11
2015-02-10,8,2,6
2015-02-10,5,2,3
2015-02-10,4,0,4
2015-02-11,2,1,1
2015-02-11,3,2,1
2015-02-11,0,0,0
2015-02-11,0,0,0
2015-02-11,4,3,1
2015-02-11,25,21,4
2015-02-11,63,55,8
2015-02-11,111,98,13
2015-02-11,101,91,10
2015-02-11,35,31,4
2015-02-11,28,21,7
2015-02-11,14,8,6
2015-02-11,23,15,8
2015-02-11,31,17,14
2015-02-11,17,6,11
2015-02-11,41,10,31
2015-02-11,86,19,67
2015-02-11,109,16,93
2015-02-11,74,10,64
2015-02-11,35,4,31
2015-02-11,16,3,13
2015-02-11,23,10,13
2015-02-11,3,2,1
2015-02-11,4,1,3
2015-02-12,2,1,1
2015-02-12,2,1,1
2015-02-12,0,0,0
2015-02-12,2,1,1
2015-02-12,4,3,1
2015-02-12,13,9,4
2015-02-12,56,50,6
2015-02-12,83,73,10
2015-02-12,82,77,5
2015-02-12,41,37,4
2015-02-12,17,13,4
2015-02-12,16,14,2
2015-02-12,11,7,4
2015-02-12,19,13,6
2015-02-12,24,10,14
2015-02-12,41,10,31
2015-02-12,74,16,58
2015-02-12,110,23,87
2015-02-12,62,10,52
2015-02-12,23,1,22
2015-02-12,13,2,11
2015-02-12,3,2,1
2015-02-12,7,5,2
2015-02-12,4,1,3
2015-02-13,3,1,2
2015-02-13,0,0,0
2015-02-13,0,0,0
2015-02-13,1,1,0
2015-02-13,1,1,0
2015-02-13,11,10,1
2015-02-13,33,29,4
2015-02-13,87,81,6
2015-02-13,88,80,8
2015-02-13,33,30,3
2015-02-13,18,12,6
2015-02-13,24,12,12
2015-02-13,26,15,11
2015-02-13,34,16,18
2015-02-13,31,19,12
2015-02-13,41,7,34
2015-02-13,59,11,48
2015-02-13,96,20,76
2015-02-13,50,9,41
2015-02-13,23,9,14
2015-02-13,10,2,8
2015-02-13,5,0,5
2015-02-13,8,2,6
2015-02-13,4,3,1
2015-02-14,2,0,2
2015-02-14,3,1,2
2015-02-14,2,2,0
2015-02-14,1,1,0
2015-02-14,1,1,0
2015-02-14,4,4,0
2015-02-14,3,2,1
2015-02-14,15,11,4
2015-02-14,13,7,6
2015-02-14,21,13,8
2015-02-14,47,13,34
2015-02-14,37,24,13
2015-02-14,47,26,21
2015-02-14,33,20,13
2015-02-14,43,25,18
2015-02-14,52,27,25
2015-02-14,56,24,32
2015-02-14,35,11,24
2015-02-14,12,0,12
2015-02-14,6,1,5
2015-02-14,15,4,11
2015-02-14,5,3,2
2015-02-14,4,1,3
2015-02-14,0,0,0
2015-02-15,1,0,1
2015-02-15,2,1,1
2015-02-15,1,0,1
2015-02-15,1,1,0
2015-02-15,1,0,1
2015-02-15,4,4,0
2015-02-15,3,2,1
2015-02-15,15,12,3
2015-02-15,8,4,4
2015-02-15,44,25,19
2015-02-15,47,25,22
2015-02-15,73,35,38
2015-02-15,91,38,53
2015-02-15,86,35,51
2015-02-15,85,37,48
2015-02-15,83,42,41
2015-02-15,71,39,32
2015-02-15,36,21,15
2015-02-15,13,7,6
2015-02-15,12,8,4
2015-02-15,3,1,2
2015-02-15,1,1,0
2015-02-15,1,0,1
2015-02-15,2,1,1
2015-02-16,2,2,0
2015-02-16,4,2,2
2015-02-16,0,0,0
2015-02-16,2,2,0
2015-02-16,2,2,0
2015-02-16,7,6,1
2015-02-16,25,19,6
2015-02-16,40,36,4
2015-02-16,59,46,13
2015-02-16,33,28,5
2015-02-16,47,22,25
2015-02-16,29,18,11
2015-02-16,40,21,19
2015-02-16,53,23,30
2015-02-16,63,32,31
2015-02-16,66,28,38
2015-02-16,47,19,28
2015-02-16,83,34,49
2015-02-16,44,5,39
2015-02-16,18,7,11
2015-02-16,8,3,5
2015-02-16,5,1,4
2015-02-16,4,1,3
2015-02-16,4,1,3
2015-02-17,1,0,1
2015-02-17,2,1,1
2015-02-17,0,0,0
2015-02-17,0,0,0
2015-02-17,3,2,1
2015-02-17,28,27,1
2015-02-17,58,47,11
2015-02-17,117,105,12
2015-02-17,113,105,8
2015-02-17,50,44,6
2015-02-17,20,17,3
2015-02-17,26,12,14
2015-02-17,32,21,11
2015-02-17,28,15,13
2015-02-17,46,19,27
2015-02-17,51,15,36
2015-02-17,83,17,66
2015-02-17,154,21,133
2015-02-17,63,11,52
2015-02-17,40,6,34
2015-02-17,14,2,12
2015-02-17,8,0,8
2015-02-17,0,0,0
2015-02-17,5,0,5
2015-02-18,1,1,0
2015-02-18,3,2,1
2015-02-18,1,1,0
2015-02-18,2,1,1
2015-02-18,9,7,2
2015-02-18,17,11,6
2015-02-18,72,61,11
2015-02-18,114,102,12
2015-02-18,110,101,9
2015-02-18,45,41,4
2015-02-18,28,23,5
2015-02-18,20,9,11
2015-02-18,19,9,10
2015-02-18,25,15,10
2015-02-18,26,11,15
2015-02-18,37,8,29
2015-02-18,68,13,55
2015-02-18,130,15,115
2015-02-18,79,6,73
2015-02-18,34,3,31
2015-02-18,18,2,16
2015-02-18,3,0,3
2015-02-18,3,0,3
2015-02-18,5,1,4
2015-02-19,3,0,3
2015-02-19,0,0,0
2015-02-19,3,3,0
2015-02-19,0,0,0
2015-02-19,3,2,1
2015-02-19,18,15,3
2015-02-19,53,42,11
2015-02-19,77,67,10
2015-02-19,106,90,16
2015-02-19,41,39,2
2015-02-19,15,12,3
2015-02-19,13,6,7
2015-02-19,8,7,1
2015-02-19,7,5,2
2015-02-19,12,6,6
2015-02-19,26,6,20
2015-02-19,53,8,45
2015-02-19,101,10,91
2015-02-19,44,5,39
2015-02-19,27,7,20
2015-02-19,16,2,14
2015-02-19,5,0,5
2015-02-19,4,2,2
2015-02-19,2,0,2
2015-02-20,1,0,1
2015-02-20,2,0,2
2015-02-20,1,1,0
2015-02-20,2,0,2
2015-02-20,1,1,0
2015-02-20,12,12,0
2015-02-20,39,35,4
2015-02-20,75,57,18
2015-02-20,69,65,4
2015-02-20,37,29,8
2015-02-20,16,13,3
2015-02-20,14,6,8
2015-02-20,11,10,1
2015-02-20,22,16,6
2015-02-20,23,11,12
2015-02-20,29,6,23
2015-02-20,47,5,42
2015-02-20,85,18,67
2015-02-20,45,9,36
2015-02-20,19,4,15
2015-02-20,7,2,5
2015-02-20,3,0,3
2015-02-20,1,0,1
2015-02-20,5,1,4
2015-02-21,4,3,1
2015-02-21,0,0,0
2015-02-21,4,1,3
2015-02-21,0,0,0
2015-02-21,2,2,0
2015-02-21,3,3,0
2015-02-21,7,4,3
2015-02-21,10,8,2
2015-02-21,23,14,9
2015-02-21,23,12,11
2015-02-21,34,21,13
2015-02-21,41,25,16
2015-02-21,43,25,18
2015-02-21,51,17,34
2015-02-21,37,21,16
2015-02-21,46,20,26
2015-02-21,48,24,24
2015-02-21,33,21,12
2015-02-21,20,7,13
2015-02-21,8,3,5
2015-02-21,2,0,2
2015-02-21,1,0,1
2015-02-21,3,1,2
2015-02-21,3,1,2
2015-02-22,1,0,1
2015-02-22,0,0,0
2015-02-22,0,0,0
2015-02-22,1,1,0
2015-02-22,4,2,2
2015-02-22,4,4,0
2015-02-22,11,11,0
2015-02-22,61,52,9
2015-02-22,45,40,5
2015-02-22,39,23,16
2015-02-22,45,27,18
2015-02-22,39,14,25
2015-02-22,67,21,46
2015-02-22,96,38,58
2015-02-22,76,36,40
2015-02-22,66,26,40
2015-02-22,90,34,56
2015-02-22,27,9,18
2015-02-22,16,5,11
2015-02-22,3,0,3
2015-02-22,2,2,0
2015-02-22,5,2,3
2015-02-22,5,0,5
2015-02-22,2,1,1
2015-02-23,0,0,0
2015-02-23,0,0,0
2015-02-23,1,1,0
2015-02-23,4,1,3
2015-02-23,4,4,0
2015-02-23,12,10,2
2015-02-23,47,37,10
2015-02-23,116,102,14
2015-02-23,92,76,16
2015-02-23,48,36,12
2015-02-23,18,15,3
2015-02-23,15,10,5
2015-02-23,23,15,8
2015-02-23,23,12,11
2015-02-23,25,5,20
2015-02-23,54,18,36
2015-02-23,80,19,61
2015-02-23,122,24,98
2015-02-23,105,13,92
2015-02-23,24,6,18
2015-02-23,13,1,12
2015-02-23,3,0,3
2015-02-23,7,2,5
2015-02-23,6,3,3
2015-02-24,1,0,1
2015-02-24,4,1,3
2015-02-24,0,0,0
2015-02-24,0,0,0
2015-02-24,4,3,1
2015-02-24,22,19,3
2015-02-24,60,51,9
2015-02-24,120,102,18
2015-02-24,116,103,13
2015-02-24,54,47,7
2015-02-24,23,19,4
2015-02-24,25,13,12
2015-02-24,24,15,9
2015-02-24,23,12,11
2015-02-24,26,7,19
2015-02-24,40,15,25
2015-02-24,85,22,63
2015-02-24,153,24,129
2015-02-24,85,11,74
2015-02-24,40,8,32
2015-02-24,11,0,11
2015-02-24,14,0,14
2015-02-24,9,2,7
2015-02-24,8,5,3
2015-02-25,2,0,2
2015-02-25,0,0,0
2015-02-25,0,0,0
2015-02-25,0,0,0
2015-02-25,5,4,1
2015-02-25,15,13,2
2015-02-25,51,43,8
2015-02-25,77,66,11
2015-02-25,112,103,9
2015-02-25,31,29,2
2015-02-25,19,14,5
2015-02-25,11,9,2
2015-02-25,10,7,3
2015-02-25,21,14,7
2015-02-25,21,8,13
2015-02-25,37,6,31
2015-02-25,54,13,41
2015-02-25,102,11,91
2015-02-25,59,3,56
2015-02-25,24,0,24
2015-02-25,17,11,6
2015-02-25,7,0,7
2015-02-25,3,2,1
2015-02-25,1,0,1
2015-02-26,0,0,0
2015-02-26,0,0,0
2015-02-26,1,0,1
2015-02-26,1,0,1
2015-02-26,4,3,1
2015-02-26,14,11,3
2015-02-26,53,43,10
2015-02-26,89,75,14
2015-02-26,93,87,6
2015-02-26,22,22,0
2015-02-26,18,16,2
2015-02-26,9,8,1
2015-02-26,16,10,6
2015-02-26,11,6,5
2015-02-26,19,6,13
2015-02-26,28,4,24
2015-02-26,68,20,48
2015-02-26,101,19,82
2015-02-26,56,5,51
2015-02-26,70,2,68
2015-02-26,10,2,8
2015-02-26,12,10,2
2015-02-26,8,5,3
2015-02-26,24,22,2
2015-02-27,0,0,0
2015-02-27,1,1,0
2015-02-27,0,0,0
2015-02-27,1,0,1
2015-02-27,1,1,0
2015-02-27,13,12,1
2015-02-27,37,32,5
2015-02-27,75,63,12
2015-02-27,65,61,4
2015-02-27,20,19,1
2015-02-27,7,5,2
2015-02-27,9,4,5
2015-02-27,11,8,3
2015-02-27,17,7,10
2015-02-27,27,13,14
2015-02-27,25,11,14
2015-02-27,51,13,38
2015-02-27,72,11,61
2015-02-27,45,2,43
2015-02-27,18,4,14
2015-02-27,2,1,1
2015-02-27,11,5,6
2015-02-27,3,0,3
2015-02-27,2,0,2
2015-02-28,1,1,0
2015-02-28,0,0,0
2015-02-28,4,2,2
2015-02-28,3,1,2
2015-02-28,2,2,0
2015-02-28,3,3,0
2015-02-28,8,6,2
2015-02-28,11,10,1
2015-02-28,19,10,9
2015-02-28,31,17,14
2015-02-28,60,33,27
2015-02-28,90,49,41
2015-02-28,99,48,51
2015-02-28,72,38,34
2015-02-28,81,38,43
2015-02-28,76,33,43
2015-02-28,48,23,25
2015-02-28,45,17,28
2015-02-28,19,9,10
2015-02-28,16,5,11
2015-02-28,13,8,5
2015-02-28,8,5,3
2015-02-28,4,3,1
2015-02-28,4,0,4
2015-03-01,1,1,0
2015-03-01,8,3,5
2015-03-01,0,0,0
2015-03-01,4,2,2
2015-03-01,1,0,1
2015-03-01,3,3,0
2015-03-01,3,2,1
2015-03-01,8,5,3
2015-03-01,19,13,6
2015-03-01,35,19,16
2015-03-01,47,25,22
2015-03-01,86,32,54
2015-03-01,98,54,44
2015-03-01,83,44,39
2015-03-01,59,32,27
2015-03-01,54,26,28
2015-03-01,62,25,37
2015-03-01,36,24,12
2015-03-01,22,13,9
2015-03-01,9,6,3
2015-03-01,5,0,5
2015-03-01,4,0,4
2015-03-01,3,1,2
2015-03-01,1,0,1
2015-03-02,0,0,0
2015-03-02,1,0,1
2015-03-02,0,0,0
2015-03-02,2,2,0
2015-03-02,4,4,0
2015-03-02,22,17,5
2015-03-02,52,45,7
2015-03-02,116,101,15
2015-03-02,103,89,14
2015-03-02,40,38,2
2015-03-02,19,15,4
2015-03-02,7,4,3
2015-03-02,8,6,2
2015-03-02,18,9,9
2015-03-02,16,9,7
2015-03-02,35,6,29
2015-03-02,90,19,71
2015-03-02,124,15,109
2015-03-02,93,10,83
2015-03-02,24,4,20
2015-03-02,11,2,9
2015-03-02,10,2,8
2015-03-02,5,0,5
2015-03-02,4,1,3
2015-03-03,2,1,1
2015-03-03,2,0,2
2015-03-03,3,1,2
2015-03-03,1,0,1
2015-03-03,5,5,0
2015-03-03,24,19,5
2015-03-03,58,55,3
2015-03-03,128,113,15
2015-03-03,128,115,13
2015-03-03,28,25,3
2015-03-03,15,11,4
2015-03-03,33,9,24
2015-03-03,40,24,16
2015-03-03,23,11,12
2015-03-03,25,8,17
2015-03-03,46,13,33
2015-03-03,86,17,69
2015-03-03,145,20,125
2015-03-03,96,11,85
2015-03-03,33,5,28
2015-03-03,11,2,9
2015-03-03,10,1,9
2015-03-03,5,1,4
2015-03-03,1,0,1
2015-03-04,1,0,1
2015-03-04,3,1,2
2015-03-04,0,0,0
2015-03-04,0,0,0
2015-03-04,4,3,1
2015-03-04,17,15,2
2015-03-04,61,49,12
2015-03-04,96,82,14
2015-03-04,118,104,14
2015-03-04,47,37,10
2015-03-04,26,15,11
2015-03-04,23,10,13
2015-03-04,36,23,13
2015-03-04,31,15,16
2015-03-04,36,15,21
2015-03-04,48,17,31
2015-03-04,80,17,63
2015-03-04,133,23,110
2015-03-04,76,12,64
2015-03-04,26,4,22
2015-03-04,9,2,7
2015-03-04,13,3,10
2015-03-04,5,0,5
2015-03-04,0,0,0
2015-03-05,2,1,1
2015-03-05,1,1,0
2015-03-05,1,0,1
2015-03-05,1,1,0
2015-03-05,4,3,1
2015-03-05,19,16,3
2015-03-05,61,55,6
2015-03-05,94,76,18
2015-03-05,118,107,11
2015-03-05,55,45,10
2015-03-05,32,19,13
2015-03-05,22,13,9
2015-03-05,35,22,13
2015-03-05,30,16,14
2015-03-05,41,11,30
2015-03-05,54,14,40
2015-03-05,74,15,59
2015-03-05,139,23,116
2015-03-05,67,7,60
2015-03-05,30,2,28
2015-03-05,13,4,9
2015-03-05,5,3,2
2015-03-05,5,1,4
2015-03-05,3,1,2
2015-03-06,2,1,1
2015-03-06,4,2,2
2015-03-06,4,2,2
2015-03-06,2,1,1
2015-03-06,8,6,2
2015-03-06,16,15,1
2015-03-06,57,47,10
2015-03-06,97,84,13
2015-03-06,84,72,12
2015-03-06,41,37,4
2015-03-06,12,8,4
2015-03-06,15,11,4
2015-03-06,36,18,18
2015-03-06,40,23,17
2015-03-06,44,18,26
2015-03-06,44,11,33
2015-03-06,84,22,62
2015-03-06,121,19,102
2015-03-06,55,9,46
2015-03-06,18,6,12
2015-03-06,17,8,9
2015-03-06,4,3,1
2015-03-06,3,0,3
2015-03-06,0,0,0
2015-03-07,3,1,2
2015-03-07,3,1,2
2015-03-07,0,0,0
2015-03-07,1,1,0
2015-03-07,2,1,1
2015-03-07,6,6,0
2015-03-07,5,4,1
2015-03-07,11,9,2
2015-03-07,32,24,8
2015-03-07,39,18,21
2015-03-07,37,23,14
2015-03-07,55,30,25
2015-03-07,71,32,39
2015-03-07,66,34,32
2015-03-07,91,36,55
2015-03-07,95,46,49
2015-03-07,47,28,19
2015-03-07,46,24,22
2015-03-07,32,16,16
2015-03-07,5,3,2
2015-03-07,6,3,3
2015-03-07,3,0,3
2015-03-07,6,5,1
2015-03-07,2,0,2
2015-03-08,2,1,1
2015-03-08,4,2,2
2015-03-08,,,
2015-03-08,1,1,0
2015-03-08,6,1,5
2015-03-08,3,3,0
2015-03-08,0,0,0
2015-03-08,12,7,5
2015-03-08,10,6,4
2015-03-08,29,21,8
2015-03-08,45,28,17
2015-03-08,82,36,46
2015-03-08,86,47,39
2015-03-08,81,37,44
2015-03-08,103,47,56
2015-03-08,86,35,51
2015-03-08,77,46,31
2015-03-08,39,23,16
2015-03-08,38,21,17
2015-03-08,10,6,4
2015-03-08,11,2,9
2015-03-08,3,1,2
2015-03-08,5,0,5
2015-03-08,1,0,1
2015-03-09,0,0,0
2015-03-09,1,1,0
2015-03-09,2,1,1
2015-03-09,1,1,0
2015-03-09,5,4,1
2015-03-09,11,10,1
2015-03-09,57,50,7
2015-03-09,98,86,12
2015-03-09,116,102,14
2015-03-09,57,50,7
2015-03-09,20,17,3
2015-03-09,14,7,7
2015-03-09,33,23,10
2015-03-09,27,13,14
2015-03-09,34,12,22
2015-03-09,38,8,30
2015-03-09,80,12,68
2015-03-09,142,22,120
2015-03-09,99,13,86
2015-03-09,30,5,25
2015-03-09,16,5,11
2015-03-09,9,4,5
2015-03-09,2,1,1
2015-03-09,10,3,7
2015-03-10,1,0,1
2015-03-10,2,0,2
2015-03-10,2,0,2
2015-03-10,3,2,1
2015-03-10,3,2,1
2015-03-10,24,21,3
2015-03-10,49,42,7
2015-03-10,123,112,11
2015-03-10,122,104,18
2015-03-10,52,45,7
2015-03-10,15,13,2
2015-03-10,13,7,6
2015-03-10,21,12,9
2015-03-10,35,17,18
2015-03-10,27,13,14
2015-03-10,35,4,31
2015-03-10,97,14,83
2015-03-10,142,22,120
2015-03-10,110,15,95
2015-03-10,37,8,29
2015-03-10,14,2,12
2015-03-10,10,4,6
2015-03-10,9,4,5
2015-03-10,6,0,6
2015-03-11,1,0,1
2015-03-11,1,1,0
2015-03-11,2,2,0
2015-03-11,1,0,1
2015-03-11,3,3,0
2015-03-11,14,12,2
2015-03-11,36,30,6
2015-03-11,98,81,17
2015-03-11,87,78,9
2015-03-11,27,24,3
2015-03-11,13,10,3
2015-03-11,21,10,11
2015-03-11,13,8,5
2015-03-11,13,10,3
2015-03-11,15,5,10
2015-03-11,19,5,14
2015-03-11,42,6,36
2015-03-11,104,19,85
2015-03-11,60,11,49
2015-03-11,22,3,19
2015-03-11,18,4,14
2015-03-11,3,0,3
2015-03-11,11,4,7
2015-03-11,2,0,2
2015-03-12,1,0,1
2015-03-12,3,1,2
2015-03-12,1,1,0
2015-03-12,0,0,0
2015-03-12,1,1,0
2015-03-12,17,14,3
2015-03-12,61,50,11
2015-03-12,106,93,13
2015-03-12,100,93,7
2015-03-12,45,40,5
2015-03-12,26,20,6
2015-03-12,15,8,7
2015-03-12,16,12,4
2015-03-12,31,19,12
2015-03-12,25,11,14
2015-03-12,59,23,36
2015-03-12,85,30,55
2015-03-12,123,22,101
2015-03-12,92,19,73
2015-03-12,51,9,42
2015-03-12,20,9,11
2015-03-12,22,10,12
2015-03-12,8,3,5
2015-03-12,7,1,6
2015-03-13,4,2,2
2015-03-13,3,0,3
2015-03-13,4,2,2
2015-03-13,2,2,0
2015-03-13,2,2,0
2015-03-13,13,12,1
2015-03-13,63,50,13
2015-03-13,114,94,20
2015-03-13,115,91,24
2015-03-13,53,39,14
2015-03-13,25,17,8
2015-03-13,21,7,14
2015-03-13,23,10,13
2015-03-13,47,30,17
2015-03-13,45,18,27
2015-03-13,49,16,33
2015-03-13,96,21,75
2015-03-13,120,14,106
2015-03-13,71,11,60
2015-03-13,27,0,27
2015-03-13,18,11,7
2015-03-13,8,1,7
2015-03-13,8,5,3
2015-03-13,5,2,3
2015-03-14,4,0,4
2015-03-14,2,2,0
2015-03-14,0,0,0
2015-03-14,1,1,0
2015-03-14,0,0,0
2015-03-14,3,3,0
2015-03-14,7,5,2
2015-03-14,2,0,2
2015-03-14,5,3,2
2015-03-14,5,2,3
2015-03-14,11,4,7
2015-03-14,8,3,5
2015-03-14,8,2,6
2015-03-14,5,2,3
2015-03-14,17,14,3
2015-03-14,15,9,6
2015-03-14,10,6,4
2015-03-14,15,8,7
2015-03-14,13,6,7
2015-03-14,9,4,5
2015-03-14,1,1,0
2015-03-14,3,0,3
2015-03-14,7,0,7
2015-03-14,4,0,4
2015-03-15,7,2,5
2015-03-15,4,4,0
2015-03-15,0,0,0
2015-03-15,5,5,0
2015-03-15,1,0,1
2015-03-15,3,3,0
2015-03-15,1,1,0
2015-03-15,3,1,2
2015-03-15,5,5,0
2015-03-15,7,2,5
2015-03-15,1,0,1
2015-03-15,4,2,2
2015-03-15,5,4,1
2015-03-15,0,0,0
2015-03-15,2,0,2
2015-03-15,4,1,3
2015-03-15,3,2,1
2015-03-15,3,3,0
2015-03-15,3,1,2
2015-03-15,1,0,1
2015-03-15,0,0,0
2015-03-15,1,1,0
2015-03-15,1,0,1
2015-03-15,0,0,0
2015-03-16,0,0,0
2015-03-16,1,0,1
2015-03-16,0,0,0
2015-03-16,3,2,1
2015-03-16,2,1,1
2015-03-16,7,6,1
2015-03-16,46,40,6
2015-03-16,92,81,11
2015-03-16,98,90,8
2015-03-16,41,38,3
2015-03-16,15,13,2
2015-03-16,12,7,5
2015-03-16,29,15,14
2015-03-16,27,17,10
2015-03-16,27,13,14
2015-03-16,46,9,37
2015-03-16,78,20,58
2015-03-16,123,21,102
2015-03-16,87,14,73
2015-03-16,33,10,23
2015-03-16,15,5,10
2015-03-16,10,3,7
2015-03-16,1,1,0
2015-03-16,5,1,4
2015-03-17,4,1,3
2015-03-17,1,1,0
2015-03-17,1,0,1
2015-03-17,1,0,1
2015-03-17,1,1,0
2015-03-17,13,11,2
2015-03-17,51,42,9
2015-03-17,111,97,14
2015-03-17,117,108,9
2015-03-17,49,44,5
2015-03-17,23,17,6
2015-03-17,23,10,13
2015-03-17,18,12,6
2015-03-17,22,14,8
2015-03-17,27,6,21
2015-03-17,40,11,29
2015-03-17,62,14,48
2015-03-17,104,15,89
2015-03-17,87,7,80
2015-03-17,22,2,20
2015-03-17,8,1,7
2015-03-17,4,1,3
2015-03-17,8,1,7
2015-03-17,3,1,2
2015-03-18,5,0,5
2015-03-18,0,0,0
2015-03-18,1,1,0
2015-03-18,1,1,0
2015-03-18,4,2,2
2015-03-18,12,9,3
2015-03-18,67,62,5
2015-03-18,99,90,9
2015-03-18,123,112,11
2015-03-18,39,37,2
2015-03-18,19,14,5
2015-03-18,15,6,9
2015-03-18,26,13,13
2015-03-18,24,16,8
2015-03-18,33,9,24
2015-03-18,37,10,27
2015-03-18,80,12,68
2015-03-18,130,17,113
2015-03-18,100,20,80
2015-03-18,39,6,33
2015-03-18,27,8,19
2015-03-18,8,3,5
2015-03-18,6,0,6
2015-03-18,5,0,5
2015-03-19,2,2,0
2015-03-19,0,0,0
2015-03-19,3,2,1
2015-03-19,0,0,0
2015-03-19,6,3,3
2015-03-19,18,15,3
2015-03-19,66,55,11
2015-03-19,108,92,16
2015-03-19,117,111,6
2015-03-19,54,48,6
2015-03-19,28,16,12
2015-03-19,22,13,9
2015-03-19,19,9,10
2015-03-19,26,14,12
2015-03-19,27,14,13
2015-03-19,39,14,25
2015-03-19,77,16,61
2015-03-19,112,18,94
2015-03-19,78,11,67
2015-03-19,39,4,35
2015-03-19,24,5,19
2015-03-19,6,2,4
2015-03-19,6,1,5
2015-03-19,7,2,5
2015-03-20,4,1,3
2015-03-20,0,0,0
2015-03-20,1,0,1
2015-03-20,0,0,0
2015-03-20,2,1,1
2015-03-20,12,9,3
2015-03-20,34,26,8
2015-03-20,72,63,9
2015-03-20,78,72,6
2015-03-20,34,25,9
2015-03-20,12,8,4
2015-03-20,22,11,11
2015-03-20,19,11,8
2015-03-20,20,9,11
2015-03-20,20,9,11
2015-03-20,31,7,24
2015-03-20,53,11,42
2015-03-20,61,7,54
2015-03-20,56,2,54
2015-03-20,16,3,13
2015-03-20,6,4,2
2015-03-20,7,2,5
2015-03-20,6,1,5
2015-03-20,3,0,3
2015-03-21,2,0,2
2015-03-21,2,1,1
2015-03-21,1,0,1
2015-03-21,1,1,0
2015-03-21,3,0,3
2015-03-21,1,1,0
2015-03-21,3,3,0
2015-03-21,16,6,10
2015-03-21,18,13,5
2015-03-21,11,6,5
2015-03-21,13,7,6
2015-03-21,11,5,6
2015-03-21,18,8,10
2015-03-21,30,14,16
2015-03-21,27,13,14
2015-03-21,25,11,14
2015-03-21,37,19,18
2015-03-21,29,17,12
2015-03-21,27,13,14
2015-03-21,14,6,8
2015-03-21,4,3,1
2015-03-21,1,1,0
2015-03-21,3,0,3
2015-03-21,4,1,3
2015-03-22,2,0,2
2015-03-22,2,1,1
2015-03-22,0,0,0
2015-03-22,5,4,1
2015-03-22,1,0,1
2015-03-22,5,4,1
2015-03-22,3,2,1
2015-03-22,5,5,0
2015-03-22,16,14,2
2015-03-22,26,15,11
2015-03-22,67,24,43
2015-03-22,59,37,22
2015-03-22,45,26,19
2015-03-22,22,13,9
2015-03-22,31,17,14
2015-03-22,14,2,12
2015-03-22,16,9,7
2015-03-22,13,6,7
2015-03-22,3,1,2
2015-03-22,2,1,1
2015-03-22,6,2,4
2015-03-22,4,2,2
2015-03-22,2,1,1
2015-03-22,5,2,3
2015-03-23,1,0,1
2015-03-23,1,1,0
2015-03-23,1,0,1
2015-03-23,2,2,0
2015-03-23,4,3,1
2015-03-23,16,13,3
2015-03-23,51,38,13
2015-03-23,87,78,9
2015-03-23,81,75,6
2015-03-23,34,30,4
2015-03-23,13,10,3
2015-03-23,11,7,4
2015-03-23,7,4,3
2015-03-23,7,5,2
2015-03-23,9,2,7
2015-03-23,23,4,19
2015-03-23,60,12,48
2015-03-23,86,10,76
2015-03-23,60,4,56
2015-03-23,18,2,16
2015-03-23,9,2,7
2015-03-23,7,3,4
2015-03-23,4,1,3
2015-03-23,1,1,0
2015-03-24,1,1,0
2015-03-24,1,1,0
2015-03-24,0,0,0
2015-03-24,1,1,0
2015-03-24,2,1,1
2015-03-24,16,14,2
2015-03-24,62,54,8
2015-03-24,85,73,12
2015-03-24,96,89,7
2015-03-24,23,23,0
2015-03-24,17,12,5
2015-03-24,12,6,6
2015-03-24,23,15,8
2015-03-24,19,10,9
2015-03-24,31,8,23
2015-03-24,31,10,21
2015-03-24,65,11,54
2015-03-24,102,10,92
2015-03-24,75,9,66
2015-03-24,31,9,22
2015-03-24,18,3,15
2015-03-24,17,2,15
2015-03-24,6,0,6
2015-03-24,6,1,5
2015-03-25,1,0,1
2015-03-25,0,0,0
2015-03-25,0,0,0
2015-03-25,0,0,0
2015-03-25,2,1,1
2015-03-25,11,10,1
2015-03-25,42,33,9
2015-03-25,65,57,8
2015-03-25,85,75,10
2015-03-25,28,25,3
2015-03-25,10,6,4
2015-03-25,5,4,1
2015-03-25,10,6,4
2015-03-25,5,3,2
2015-03-25,7,3,4
2015-03-25,30,11,19
2015-03-25,53,11,42
2015-03-25,61,7,54
2015-03-25,64,8,56
2015-03-25,28,5,23
2015-03-25,7,0,7
2015-03-25,8,1,7
2015-03-25,5,1,4
2015-03-25,0,0,0
2015-03-26,2,2,0
2015-03-26,0,0,0
2015-03-26,3,1,2
2015-03-26,1,0,1
2015-03-26,7,5,2
2015-03-26,19,15,4
2015-03-26,67,56,11
2015-03-26,112,93,19
2015-03-26,130,119,11
2015-03-26,42,38,4
2015-03-26,38,25,13
2015-03-26,28,20,8
2015-03-26,23,12,11
2015-03-26,42,24,18
2015-03-26,55,19,36
2015-03-26,73,24,49
2015-03-26,108,25,83
2015-03-26,152,37,115
2015-03-26,113,21,92
2015-03-26,158,25,133
2015-03-26,35,12,23
2015-03-26,10,7,3
2015-03-26,11,6,5
2015-03-26,48,44,4
2015-03-27,24,21,3
2015-03-27,15,14,1
2015-03-27,1,1,0
2015-03-27,1,1,0
2015-03-27,3,2,1
2015-03-27,19,16,3
2015-03-27,54,41,13
2015-03-27,125,105,20
2015-03-27,119,99,20
2015-03-27,42,32,10
2015-03-27,29,20,9
2015-03-27,24,16,8
2015-03-27,35,22,13
2015-03-27,45,12,33
2015-03-27,45,20,25
2015-03-27,81,24,57
2015-03-27,118,29,89
2015-03-27,131,21,110
2015-03-27,90,15,75
2015-03-27,25,8,17
2015-03-27,19,6,13
2015-03-27,8,3,5
2015-03-27,2,1,1
2015-03-27,8,5,3
2015-03-28,5,3,2
2015-03-28,2,2,0
2015-03-28,0,0,0
2015-03-28,2,2,0
2015-03-28,1,1,0
2015-03-28,6,6,0
2015-03-28,13,10,3
2015-03-28,22,12,10
2015-03-28,23,14,9
2015-03-28,33,16,17
2015-03-28,37,21,16
2015-03-28,47,21,26
2015-03-28,49,24,25
2015-03-28,62,36,26
2015-03-28,65,32,33
2015-03-28,46,18,28
2015-03-28,31,11,20
2015-03-28,41,17,24
2015-03-28,32,15,17
2015-03-28,18,9,9
2015-03-28,5,2,3
2015-03-28,8,3,5
2015-03-28,1,1,0
2015-03-28,2,1,1
2015-03-29,1,0,1
2015-03-29,1,0,1
2015-03-29,1,0,1
2015-03-29,1,1,0
2015-03-29,2,0,2
2015-03-29,9,8,1
2015-03-29,2,2,0
2015-03-29,14,12,2
2015-03-29,23,18,5
2015-03-29,41,25,16
2015-03-29,45,17,28
2015-03-29,55,26,29
2015-03-29,57,32,25
2015-03-29,43,18,25
2015-03-29,60,25,35
2015-03-29,38,21,17
2015-03-29,38,20,18
2015-03-29,19,7,12
2015-03-29,18,9,9
2015-03-29,9,3,6
2015-03-29,6,4,2
2015-03-29,3,1,2
2015-03-29,4,3,1
2015-03-29,3,1,2
2015-03-30,1,0,1
2015-03-30,0,0,0
2015-03-30,2,1,1
2015-03-30,3,2,1
2015-03-30,3,2,1
2015-03-30,22,18,4
2015-03-30,65,54,11
2015-03-30,130,113,17
2015-03-30,130,119,11
2015-03-30,50,44,6
2015-03-30,20,14,6
2015-03-30,18,13,5
2015-03-30,26,13,13
2015-03-30,22,14,8
2015-03-30,32,13,19
2015-03-30,63,17,46
2015-03-30,93,23,70
2015-03-30,174,20,154
2015-03-30,116,21,95
2015-03-30,26,7,19
2015-03-30,13,1,12
2015-03-30,8,3,5
2015-03-30,2,0,2
2015-03-30,5,3,2
2015-03-31,4,2,2
2015-03-31,0,0,0
2015-03-31,0,0,0
2015-03-31,0,0,0
2015-03-31,1,0,1
2015-03-31,19,17,2
2015-03-31,55,45,10
2015-03-31,105,87,18
2015-03-31,91,76,15
2015-03-31,31,27,4
2015-03-31,15,14,1
2015-03-31,8,4,4
2015-03-31,17,11,6
2015-03-31,11,3,8
2015-03-31,24,8,16
2015-03-31,31,10,21
2015-03-31,59,7,52
2015-03-31,94,13,81
2015-03-31,53,5,48
2015-03-31,22,3,19
2015-03-31,12,2,10
2015-03-31,9,2,7
2015-03-31,2,0,2
2015-03-31,1,0,1
2015-04-01,2,2,0
2015-04-01,1,0,1
2015-04-01,0,0,0
2015-04-01,3,2,1
2015-04-01,3,2,1
2015-04-01,20,19,1
2015-04-01,46,41,5
2015-04-01,85,78,7
2015-04-01,105,94,11
2015-04-01,45,36,9
2015-04-01,17,11,6
2015-04-01,14,10,4
2015-04-01,18,9,9
2015-04-01,20,10,10
2015-04-01,22,8,14
2015-04-01,28,6,22
2015-04-01,48,12,36
2015-04-01,100,16,84
2015-04-01,69,2,67
2015-04-01,30,3,27
2015-04-01,13,4,9
2015-04-01,9,3,6
2015-04-01,4,1,3
2015-04-01,2,1,1
2015-04-02,1,1,0
2015-04-02,1,1,0
2015-04-02,0,0,0
2015-04-02,0,0,0
2015-04-02,2,2,0
2015-04-02,25,21,4
2015-04-02,53,47,6
2015-04-02,113,101,12
2015-04-02,110,96,14
2015-04-02,50,46,4
2015-04-02,20,15,5
2015-04-02,16,12,4
2015-04-02,16,7,9
2015-04-02,24,14,10
2015-04-02,27,12,15
2015-04-02,42,16,26
2015-04-02,78,16,62
2015-04-02,133,23,110
2015-04-02,112,18,94
2015-04-02,38,8,30
2015-04-02,11,1,10
2015-04-02,15,5,10
2015-04-02,4,1,3
2015-04-02,5,1,4
2015-04-03,6,2,4
2015-04-03,0,0,0
2015-04-03,1,0,1
2015-04-03,1,0,1
2015-04-03,1,1,0
2015-04-03,11,10,1
2015-04-03,44,35,9
2015-04-03,86,73,13
2015-04-03,85,75,10
2015-04-03,38,34,4
2015-04-03,17,13,4
2015-04-03,29,11,18
2015-04-03,18,12,6
2015-04-03,12,8,4
2015-04-03,11,3,8
2015-04-03,39,11,28
2015-04-03,63,9,54
2015-04-03,84,11,73
2015-04-03,44,6,38
2015-04-03,29,3,26
2015-04-03,5,0,5
2015-04-03,7,5,2
2015-04-03,7,0,7
2015-04-03,6,4,2
2015-04-04,6,2,4
2015-04-04,1,0,1
2015-04-04,2,0,2
2015-04-04,2,1,1
2015-04-04,1,0,1
2015-04-04,5,5,0
2015-04-04,6,4,2
2015-04-04,18,12,6
2015-04-04,38,30,8
2015-04-04,39,18,21
2015-04-04,51,26,25
2015-04-04,44,19,25
2015-04-04,67,31,36
2015-04-04,76,35,41
2015-04-04,70,32,38
2015-04-04,75,38,37
2015-04-04,103,59,44
2015-04-04,57,35,22
2015-04-04,46,26,20
2015-04-04,13,6,7
2015-04-04,3,1,2
2015-04-04,5,1,4
2015-04-04,11,4,7
2015-04-04,3,1,2
2015-04-05,2,0,2
2015-04-05,1,0,1
2015-04-05,1,1,0
2015-04-05,2,1,1
2015-04-05,4,1,3
2015-04-05,7,5,2
2015-04-05,6,5,1
2015-04-05,8,5,3
2015-04-05,19,9,10
2015-04-05,35,13,22
2015-04-05,35,18,17
2015-04-05,57,28,29
2015-04-05,53,23,30
2015-04-05,58,22,36
2015-04-05,56,34,22
2015-04-05,67,40,27
2015-04-05,53,28,25
2015-04-05,39,20,19
2015-04-05,22,14,8
2015-04-05,18,11,7
2015-04-05,5,3,2
2015-04-05,3,2,1
2015-04-05,1,0,1
2015-04-05,3,2,1
2015-04-06,3,1,2
2015-04-06,0,0,0
2015-04-06,0,0,0
2015-04-06,3,1,2
2015-04-06,4,4,0
2015-04-06,17,16,1
2015-04-06,62,53,9
2015-04-06,104,94,10
2015-04-06,109,101,8
2015-04-06,41,37,4
2015-04-06,21,17,4
2015-04-06,8,5,3
2015-04-06,14,9,5
2015-04-06,19,9,10
2015-04-06,24,11,13
2015-04-06,41,9,32
2015-04-06,85,18,67
2015-04-06,141,16,125
2015-04-06,96,16,80
2015-04-06,29,9,20
2015-04-06,15,5,10
2015-04-06,8,2,6
2015-04-06,6,3,3
2015-04-06,4,3,1
2015-04-07,2,0,2
2015-04-07,0,0,0
2015-04-07,0,0,0
2015-04-07,1,0,1
2015-04-07,0,0,0
2015-04-07,29,26,3
2015-04-07,75,63,12
2015-04-07,133,118,15
2015-04-07,124,117,7
2015-04-07,43,36,7
2015-04-07,23,15,8
2015-04-07,11,5,6
2015-04-07,8,3,5
2015-04-07,11,5,6
2015-04-07,21,7,14
2015-04-07,37,7,30
2015-04-07,93,20,73
2015-04-07,160,28,132
2015-04-07,91,11,80
2015-04-07,29,7,22
2015-04-07,19,2,17
2015-04-07,13,3,10
2015-04-07,7,4,3
2015-04-07,2,1,1
2015-04-08,7,6,1
2015-04-08,0,0,0
2015-04-08,0,0,0
2015-04-08,2,0,2
2015-04-08,1,1,0
2015-04-08,23,21,2
2015-04-08,83,70,13
2015-04-08,118,108,10
2015-04-08,107,100,7
2015-04-08,55,40,15
2015-04-08,22,20,2
2015-04-08,23,19,4
2015-04-08,18,9,9
2015-04-08,35,16,19
2015-04-08,41,15,26
2015-04-08,51,17,34
2015-04-08,116,28,88
2015-04-08,155,27,128
2015-04-08,93,12,81
2015-04-08,62,23,39
2015-04-08,22,6,16
2015-04-08,17,4,13
2015-04-08,7,4,3
2015-04-08,4,1,3
2015-04-09,3,2,1
2015-04-09,1,1,0
2015-04-09,0,0,0
2015-04-09,0,0,0
2015-04-09,4,4,0
2015-04-09,22,17,5
2015-04-09,72,61,11
2015-04-09,129,112,17
2015-04-09,119,111,8
2015-04-09,47,38,9
2015-04-09,25,16,9
2015-04-09,18,8,10
2015-04-09,33,17,16
2015-04-09,38,20,18
2015-04-09,37,11,26
2015-04-09,62,19,43
2015-04-09,90,12,78
2015-04-09,191,43,148
2015-04-09,129,29,100
2015-04-09,68,28,40
2015-04-09,22,6,16
2015-04-09,18,5,13
2015-04-09,16,10,6
2015-04-09,6,2,4
2015-04-10,3,1,2
2015-04-10,0,0,0
2015-04-10,0,0,0
2015-04-10,0,0,0
2015-04-10,1,1,0
2015-04-10,8,7,1
2015-04-10,46,37,9
2015-04-10,103,90,13
2015-04-10,92,81,11
2015-04-10,28,24,4
2015-04-10,21,12,9
2015-04-10,9,7,2
2015-04-10,27,12,15
2015-04-10,21,10,11
2015-04-10,24,13,11
2015-04-10,36,8,28
2015-04-10,61,13,48
2015-04-10,73,10,63
2015-04-10,37,2,35
2015-04-10,8,1,7
2015-04-10,3,0,3
2015-04-10,5,2,3
2015-04-10,3,1,2
2015-04-10,1,0,1
2015-04-11,1,1,0
2015-04-11,0,0,0
2015-04-11,0,0,0
2015-04-11,2,1,1
2015-04-11,2,2,0
2015-04-11,3,1,2
2015-04-11,5,4,1
2015-04-11,16,12,4
2015-04-11,19,11,8
2015-04-11,20,11,9
2015-04-11,24,11,13
2015-04-11,18,10,8
2015-04-11,31,19,12
2015-04-11,26,15,11
2015-04-11,36,15,21
2015-04-11,33,17,16
2015-04-11,33,9,24
2015-04-11,13,8,5
2015-04-11,15,3,12
2015-04-11,13,5,8
2015-04-11,6,2,4
2015-04-11,3,1,2
2015-04-11,5,5,0
2015-04-11,3,1,2
2015-04-12,6,3,3
2015-04-12,2,1,1
2015-04-12,0,0,0
2015-04-12,3,2,1
2015-04-12,2,2,0
2015-04-12,4,4,0
2015-04-12,3,3,0
2015-04-12,8,6,2
2015-04-12,31,27,4
2015-04-12,44,22,22
2015-04-12,41,18,23
2015-04-12,67,35,32
2015-04-12,63,34,29
2015-04-12,72,31,41
2015-04-12,72,39,33
2015-04-12,55,18,37
2015-04-12,32,20,12
2015-04-12,39,15,24
2015-04-12,21,8,13
2015-04-12,14,7,7
2015-04-12,6,1,5
2015-04-12,4,1,3
2015-04-12,4,2,2
2015-04-12,2,2,0
2015-04-13,6,3,3
2015-04-13,3,2,1
2015-04-13,0,0,0
2015-04-13,1,0,1
2015-04-13,8,7,1
2015-04-13,14,13,1
2015-04-13,60,51,9
2015-04-13,89,79,10
2015-04-13,86,78,8
2015-04-13,30,28,2
2015-04-13,14,8,6
2015-04-13,18,15,3
2015-04-13,8,5,3
2015-04-13,10,6,4
2015-04-13,21,10,11
2015-04-13,32,6,26
2015-04-13,55,7,48
2015-04-13,77,11,66
2015-04-13,62,7,55
2015-04-13,14,2,12
2015-04-13,7,1,6
2015-04-13,5,1,4
2015-04-13,0,0,0
2015-04-13,1,0,1
2015-04-14,0,0,0
2015-04-14,0,0,0
2015-04-14,2,2,0
2015-04-14,5,1,4
2015-04-14,4,2,2
2015-04-14,11,10,1
2015-04-14,53,50,3
2015-04-14,86,77,9
2015-04-14,87,75,12
2015-04-14,28,23,5
2015-04-14,13,7,6
2015-04-14,16,11,5
2015-04-14,11,5,6
2015-04-14,15,5,10
2015-04-14,19,8,11
2015-04-14,18,6,12
2015-04-14,59,7,52
2015-04-14,98,7,91
2015-04-14,55,5,50
2015-04-14,26,6,20
2015-04-14,8,1,7
2015-04-14,10,3,7
2015-04-14,1,0,1
2015-04-14,2,1,1
2015-04-15,2,0,2
2015-04-15,1,0,1
2015-04-15,1,1,0
2015-04-15,2,1,1
2015-04-15,4,3,1
2015-04-15,21,18,3
2015-04-15,65,59,6
2015-04-15,110,96,14
2015-04-15,107,102,5
2015-04-15,43,35,8
2015-04-15,23,17,6
2015-04-15,14,10,4
2015-04-15,23,12,11
2015-04-15,20,10,10
2015-04-15,34,12,22
2015-04-15,43,11,32
2015-04-15,103,22,81
2015-04-15,136,19,117
2015-04-15,108,26,82
2015-04-15,55,16,39
2015-04-15,22,7,15
2015-04-15,10,4,6
2015-04-15,9,2,7
2015-04-15,3,1,2
2015-04-16,4,1,3
2015-04-16,0,0,0
2015-04-16,2,2,0
2015-04-16,0,0,0
2015-04-16,5,5,0
2015-04-16,21,19,2
2015-04-16,71,62,9
2015-04-16,116,101,15
2015-04-16,113,101,12
2015-04-16,49,43,6
2015-04-16,23,20,3
2015-04-16,29,19,10
2015-04-16,31,18,13
2015-04-16,29,19,10
2015-04-16,40,17,23
2015-04-16,59,15,44
2015-04-16,110,25,85
2015-04-16,151,22,129
2015-04-16,116,22,94
2015-04-16,49,14,35
2015-04-16,30,14,16
2015-04-16,18,7,11
2015-04-16,6,2,4
2015-04-16,5,1,4
2015-04-17,4,1,3
2015-04-17,2,1,1
2015-04-17,1,0,1
2015-04-17,0,0,0
2015-04-17,0,0,0
2015-04-17,16,15,1
2015-04-17,56,50,6
2015-04-17,112,94,18
2015-04-17,97,87,10
2015-04-17,36,33,3
2015-04-17,35,21,14
2015-04-17,10,6,4
2015-04-17,33,17,16
2015-04-17,23,12,11
2015-04-17,37,18,19
2015-04-17,65,21,44
2015-04-17,110,21,89
2015-04-17,125,15,110
2015-04-17,77,12,65
2015-04-17,32,8,24
2015-04-17,20,4,16
2015-04-17,10,4,6
2015-04-17,7,4,3
2015-04-17,2,0,2
2015-04-18,3,1,2
2015-04-18,3,1,2
2015-04-18,0,0,0
2015-04-18,3,2,1
2015-04-18,1,1,0
2015-04-18,5,5,0
2015-04-18,14,8,6
2015-04-18,41,18,23
2015-04-18,66,30,36
2015-04-18,56,31,25
2015-04-18,73,30,43
2015-04-18,90,56,34
2015-04-18,70,34,36
2015-04-18,100,52,48
2015-04-18,99,55,44
2015-04-18,74,39,35
2015-04-18,50,24,26
2015-04-18,67,28,39
2015-04-18,49,25,24
2015-04-18,19,11,8
2015-04-18,23,13,10
2015-04-18,11,4,7
2015-04-18,5,2,3
2015-04-18,3,1,2
2015-04-19,6,2,4
2015-04-19,4,1,3
2015-04-19,1,0,1
2015-04-19,1,1,0
2015-04-19,5,4,1
2015-04-19,3,3,0
2015-04-19,8,4,4
2015-04-19,16,12,4
2015-04-19,40,22,18
2015-04-19,77,52,25
2015-04-19,65,31,34
2015-04-19,78,35,43
2015-04-19,111,44,67
2015-04-19,79,34,45
2015-04-19,93,42,51
2015-04-19,68,32,36
2015-04-19,75,36,39
2015-04-19,72,41,31
2015-04-19,28,15,13
2015-04-19,20,7,13
2015-04-19,14,6,8
2015-04-19,11,7,4
2015-04-19,6,1,5
2015-04-19,2,1,1
2015-04-20,1,1,0
2015-04-20,5,1,4
2015-04-20,1,0,1
2015-04-20,0,0,0
2015-04-20,5,3,2
2015-04-20,21,19,2
2015-04-20,83,70,13
2015-04-20,146,126,20
2015-04-20,135,121,14
2015-04-20,57,49,8
2015-04-20,28,22,6
2015-04-20,29,19,10
2015-04-20,32,19,13
2015-04-20,23,9,14
2015-04-20,46,20,26
2015-04-20,61,20,41
2015-04-20,135,34,101
2015-04-20,181,29,152
2015-04-20,130,18,112
2015-04-20,40,6,34
2015-04-20,28,8,20
2015-04-20,19,5,14
2015-04-20,3,0,3
2015-04-20,7,2,5
2015-04-21,2,1,1
2015-04-21,3,1,2
2015-04-21,3,1,2
2015-04-21,3,1,2
2015-04-21,5,3,2
2015-04-21,26,22,4
2015-04-21,92,79,13
2015-04-21,150,135,15
2015-04-21,108,99,9
2015-04-21,43,32,11
2015-04-21,24,14,10
2015-04-21,23,13,10
2015-04-21,29,18,11
2015-04-21,31,17,14
2015-04-21,25,9,16
2015-04-21,44,7,37
2015-04-21,125,21,104
2015-04-21,113,9,104
2015-04-21,79,12,67
2015-04-21,29,6,23
2015-04-21,9,4,5
2015-04-21,12,1,11
2015-04-21,6,2,4
2015-04-21,5,0,5
2015-04-22,0,0,0
2015-04-22,1,0,1
2015-04-22,2,1,1
2015-04-22,2,1,1
2015-04-22,2,1,1
2015-04-22,19,16,3
2015-04-22,81,72,9
2015-04-22,131,118,13
2015-04-22,110,96,14
2015-04-22,47,34,13
2015-04-22,12,10,2
2015-04-22,17,12,5
2015-04-22,27,15,12
2015-04-22,31,23,8
2015-04-22,32,11,21
2015-04-22,43,10,33
2015-04-22,91,20,71
2015-04-22,141,23,118
2015-04-22,110,14,96
2015-04-22,45,19,26
2015-04-22,25,4,21
2015-04-22,16,3,13
2015-04-22,8,4,4
2015-04-22,3,2,1
2015-04-23,2,0,2
2015-04-23,1,0,1
2015-04-23,0,0,0
2015-04-23,1,0,1
2015-04-23,3,3,0
2015-04-23,16,15,1
2015-04-23,59,51,8
2015-04-23,99,90,9
2015-04-23,105,93,12
2015-04-23,35,31,4
2015-04-23,13,11,2
2015-04-23,12,9,3
2015-04-23,13,11,2
2015-04-23,9,5,4
2015-04-23,21,6,15
2015-04-23,36,11,25
2015-04-23,52,6,46
2015-04-23,88,5,83
2015-04-23,87,11,76
2015-04-23,36,5,31
2015-04-23,5,1,4
2015-04-23,13,4,9
2015-04-23,6,0,6
2015-04-23,3,1,2
2015-04-24,3,0,3
2015-04-24,2,1,1
2015-04-24,1,0,1
2015-04-24,0,0,0
2015-04-24,2,2,0
2015-04-24,11,9,2
2015-04-24,46,42,4
2015-04-24,75,63,12
2015-04-24,72,67,5
2015-04-24,26,25,1
2015-04-24,11,10,1
2015-04-24,5,4,1
2015-04-24,12,7,5
2015-04-24,12,7,5
2015-04-24,14,4,10
2015-04-24,28,7,21
2015-04-24,65,10,55
2015-04-24,77,11,66
2015-04-24,38,7,31
2015-04-24,28,8,20
2015-04-24,10,2,8
2015-04-24,4,0,4
2015-04-24,5,0,5
2015-04-24,3,3,0
2015-04-25,5,2,3
2015-04-25,2,1,1
2015-04-25,2,0,2
2015-04-25,2,2,0
2015-04-25,0,0,0
2015-04-25,3,3,0
2015-04-25,5,4,1
2015-04-25,12,9,3
2015-04-25,26,15,11
2015-04-25,26,15,11
2015-04-25,46,26,20
2015-04-25,37,19,18
2015-04-25,49,23,26
2015-04-25,67,40,27
2015-04-25,56,30,26
2015-04-25,38,10,28
2015-04-25,31,14,17
2015-04-25,47,22,25
2015-04-25,20,4,16
2015-04-25,25,11,14
2015-04-25,20,8,12
2015-04-25,10,4,6
2015-04-25,9,2,7
2015-04-25,4,2,2
2015-04-26,4,2,2
2015-04-26,1,1,0
2015-04-26,1,0,1
2015-04-26,1,1,0
2015-04-26,2,1,1
2015-04-26,4,3,1
2015-04-26,6,3,3
2015-04-26,13,10,3
2015-04-26,37,28,9
2015-04-26,30,12,18
2015-04-26,44,18,26
2015-04-26,53,27,26
2015-04-26,51,27,24
2015-04-26,51,25,26
2015-04-26,40,20,20
2015-04-26,68,33,35
2015-04-26,70,29,41
2015-04-26,66,37,29
2015-04-26,18,7,11
2015-04-26,16,7,9
2015-04-26,8,3,5
2015-04-26,3,0,3
2015-04-26,5,2,3
2015-04-26,5,0,5
2015-04-27,2,1,1
2015-04-27,1,1,0
2015-04-27,0,0,0
2015-04-27,3,2,1
2015-04-27,4,2,2
2015-04-27,22,18,4
2015-04-27,69,57,12
2015-04-27,158,133,25
2015-04-27,134,125,9
2015-04-27,51,46,5
2015-04-27,18,14,4
2015-04-27,20,13,7
2015-04-27,32,19,13
2015-04-27,26,15,11
2015-04-27,45,18,27
2015-04-27,72,21,51
2015-04-27,165,32,133
2015-04-27,206,35,171
2015-04-27,145,27,118
2015-04-27,48,18,30
2015-04-27,29,13,16
2015-04-27,9,6,3
2015-04-27,5,0,5
2015-04-27,7,3,4
2015-04-28,1,0,1
2015-04-28,1,0,1
2015-04-28,1,1,0
2015-04-28,4,1,3
2015-04-28,2,2,0
2015-04-28,15,13,2
2015-04-28,85,73,12
2015-04-28,124,110,14
2015-04-28,121,110,11
2015-04-28,30,26,4
2015-04-28,21,17,4
2015-04-28,24,11,13
2015-04-28,25,16,9
2015-04-28,7,3,4
2015-04-28,21,11,10
2015-04-28,42,10,32
2015-04-28,66,9,57
2015-04-28,107,13,94
2015-04-28,87,8,79
2015-04-28,34,8,26
2015-04-28,18,1,17
2015-04-28,13,3,10
2015-04-28,5,1,4
2015-04-28,3,0,3
2015-04-29,0,0,0
2015-04-29,1,0,1
2015-04-29,1,1,0
2015-04-29,0,0,0
2015-04-29,2,1,1
2015-04-29,11,9,2
2015-04-29,62,57,5
2015-04-29,137,122,15
2015-04-29,119,104,15
2015-04-29,68,55,13
2015-04-29,14,7,7
2015-04-29,17,11,6
2015-04-29,20,9,11
2015-04-29,26,16,10
2015-04-29,31,11,20
2015-04-29,36,7,29
2015-04-29,101,17,84
2015-04-29,165,30,135
2015-04-29,108,19,89
2015-04-29,64,18,46
2015-04-29,28,9,19
2015-04-29,11,5,6
2015-04-29,6,0,6
2015-04-29,3,1,2
2015-04-30,1,1,0
2015-04-30,0,0,0
2015-04-30,1,0,1
2015-04-30,0,0,0
2015-04-30,3,3,0
2015-04-30,25,21,4
2015-04-30,82,69,13
2015-04-30,150,134,16
2015-04-30,121,113,8
2015-04-30,52,44,8
2015-04-30,20,14,6
2015-04-30,26,19,7
2015-04-30,27,13,14
2015-04-30,24,10,14
2015-04-30,42,20,22
2015-04-30,52,12,40
2015-04-30,104,19,85
2015-04-30,156,25,131
2015-04-30,117,19,98
2015-04-30,59,11,48
2015-04-30,28,8,20
2015-04-30,17,8,9
2015-04-30,12,1,11
2015-04-30,5,2,3
2015-05-01,1,0,1
2015-05-01,2,0,2
2015-05-01,2,1,1
2015-05-01,0,0,0
2015-05-01,4,2,2
2015-05-01,26,23,3
2015-05-01,104,86,18
2015-05-01,187,162,25
2015-05-01,159,144,15
2015-05-01,55,50,5
2015-05-01,29,23,6
2015-05-01,34,16,18
2015-05-01,31,11,20
2015-05-01,51,26,25
2015-05-01,50,13,37
2015-05-01,80,20,60
2015-05-01,149,27,122
2015-05-01,174,19,155
2015-05-01,85,12,73
2015-05-01,50,15,35
2015-05-01,15,6,9
2015-05-01,12,0,12
2015-05-01,3,0,3
2015-05-01,1,0,1
2015-05-02,2,0,2
2015-05-02,5,3,2
2015-05-02,0,0,0
2015-05-02,2,1,1
2015-05-02,1,1,0
2015-05-02,9,5,4
2015-05-02,11,7,4
2015-05-02,33,22,11
2015-05-02,47,29,18
2015-05-02,47,24,23
2015-05-02,73,44,29
2015-05-02,96,27,69
2015-05-02,81,43,38
2015-05-02,64,32,32
2015-05-02,76,32,44
2015-05-02,85,42,43
2015-05-02,98,47,51
2015-05-02,58,18,40
2015-05-02,43,24,19
2015-05-02,28,14,14
2015-05-02,5,1,4
2015-05-02,13,9,4
2015-05-02,7,3,4
2015-05-02,10,6,4
2015-05-03,3,0,3
2015-05-03,0,0,0
2015-05-03,2,1,1
2015-05-03,2,1,1
2015-05-03,0,0,0
2015-05-03,8,5,3
2015-05-03,15,9,6
2015-05-03,18,11,7
2015-05-03,61,43,18
2015-05-03,62,37,25
2015-05-03,72,25,47
2015-05-03,87,30,57
2015-05-03,81,33,48
2015-05-03,116,59,57
2015-05-03,71,31,40
2015-05-03,71,25,46
2015-05-03,84,43,41
2015-05-03,57,31,26
2015-05-03,35,21,14
2015-05-03,25,12,13
2015-05-03,11,7,4
2015-05-03,8,5,3
2015-05-03,0,0,0
2015-05-03,3,1,2
2015-05-04,1,1,0
2015-05-04,0,0,0
2015-05-04,1,1,0
2015-05-04,2,1,1
2015-05-04,5,5,0
2015-05-04,22,21,1
2015-05-04,110,96,14
2015-05-04,215,191,24
2015-05-04,153,141,12
2015-05-04,65,57,8
2015-05-04,34,24,10
2015-05-04,24,12,12
2015-05-04,30,16,14
2015-05-04,23,9,14
2015-05-04,27,13,14
2015-05-04,64,18,46
2015-05-04,123,29,94
2015-05-04,235,29,206
2015-05-04,162,15,147
2015-05-04,49,9,40
2015-05-04,21,4,17
2015-05-04,8,1,7
2015-05-04,5,3,2
2015-05-04,4,2,2
2015-05-05,4,1,3
2015-05-05,2,0,2
2015-05-05,2,2,0
2015-05-05,1,0,1
2015-05-05,2,2,0
2015-05-05,21,20,1
2015-05-05,63,54,9
2015-05-05,114,103,11
2015-05-05,98,94,4
2015-05-05,43,38,5
2015-05-05,23,19,4
2015-05-05,14,5,9
2015-05-05,19,9,10
2015-05-05,22,14,8
2015-05-05,15,7,8
2015-05-05,21,8,13
2015-05-05,74,16,58
2015-05-05,117,12,105
2015-05-05,52,4,48
2015-05-05,40,5,35
2015-05-05,13,1,12
2015-05-05,8,1,7
2015-05-05,3,0,3
2015-05-05,4,2,2
2015-05-06,1,0,1
2015-05-06,0,0,0
2015-05-06,1,1,0
2015-05-06,2,1,1
2015-05-06,5,4,1
2015-05-06,24,22,2
2015-05-06,111,94,17
2015-05-06,187,163,24
2015-05-06,151,145,6
2015-05-06,58,47,11
2015-05-06,25,19,6
2015-05-06,19,10,9
2015-05-06,21,13,8
2015-05-06,29,16,13
2015-05-06,41,15,26
2015-05-06,53,15,38
2015-05-06,121,19,102
2015-05-06,210,21,189
2015-05-06,156,28,128
2015-05-06,71,19,52
2015-05-06,29,7,22
2015-05-06,15,4,11
2015-05-06,9,4,5
2015-05-06,3,0,3
2015-05-07,1,0,1
2015-05-07,1,0,1
2015-05-07,0,0,0
2015-05-07,0,0,0
2015-05-07,4,4,0
2015-05-07,31,29,2
2015-05-07,143,132,11
2015-05-07,166,154,12
2015-05-07,163,142,21
2015-05-07,83,73,10
2015-05-07,20,14,6
2015-05-07,26,13,13
2015-05-07,24,17,7
2015-05-07,37,17,20
2015-05-07,51,24,27
2015-05-07,57,17,40
2015-05-07,142,24,118
2015-05-07,260,78,182
2015-05-07,134,49,85
2015-05-07,151,21,130
2015-05-07,38,13,25
2015-05-07,18,6,12
2015-05-07,14,9,5
2015-05-07,42,37,5
2015-05-08,16,14,2
2015-05-08,14,11,3
2015-05-08,0,0,0
2015-05-08,1,0,1
2015-05-08,1,1,0
2015-05-08,30,27,3
2015-05-08,111,98,13
2015-05-08,193,172,21
2015-05-08,152,131,21
2015-05-08,56,45,11
2015-05-08,34,24,10
2015-05-08,27,15,12
2015-05-08,38,20,18
2015-05-08,32,11,21
2015-05-08,42,14,28
2015-05-08,76,19,57
2015-05-08,138,30,108
2015-05-08,210,31,179
2015-05-08,85,15,70
2015-05-08,61,11,50
2015-05-08,32,9,23
2015-05-08,20,6,14
2015-05-08,6,4,2
2015-05-08,3,0,3
2015-05-09,4,2,2
2015-05-09,1,1,0
2015-05-09,1,0,1
2015-05-09,1,1,0
2015-05-09,1,1,0
2015-05-09,14,12,2
2015-05-09,22,15,7
2015-05-09,42,31,11
2015-05-09,47,26,21
2015-05-09,67,36,31
2015-05-09,78,30,48
2015-05-09,67,30,37
2015-05-09,154,68,86
2015-05-09,124,49,75
2015-05-09,112,56,56
2015-05-09,100,60,40
2015-05-09,104,60,44
2015-05-09,63,37,26
2015-05-09,76,36,40
2015-05-09,33,15,18
2015-05-09,23,12,11
2015-05-09,9,3,6
2015-05-09,4,1,3
2015-05-09,4,1,3
2015-05-10,6,4,2
2015-05-10,1,1,0
2015-05-10,4,1,3
2015-05-10,2,1,1
2015-05-10,2,1,1
2015-05-10,5,5,0
2015-05-10,6,4,2
2015-05-10,22,21,1
2015-05-10,19,13,6
2015-05-10,56,16,40
2015-05-10,77,45,32
2015-05-10,90,43,47
2015-05-10,62,38,24
2015-05-10,68,29,39
2015-05-10,72,31,41
2015-05-10,69,36,33
2015-05-10,71,31,40
2015-05-10,37,18,19
2015-05-10,28,14,14
2015-05-10,16,7,9
2015-05-10,15,9,6
2015-05-10,4,3,1
2015-05-10,6,4,2
2015-05-10,0,0,0
2015-05-11,1,1,0
2015-05-11,0,0,0
2015-05-11,1,0,1
2015-05-11,3,1,2
2015-05-11,7,6,1
2015-05-11,24,22,2
2015-05-11,97,83,14
2015-05-11,154,138,16
2015-05-11,132,111,21
2015-05-11,51,44,7
2015-05-11,22,16,6
2015-05-11,14,7,7
2015-05-11,16,11,5
2015-05-11,17,8,9
2015-05-11,26,9,17
2015-05-11,40,11,29
2015-05-11,103,18,85
2015-05-11,182,18,164
2015-05-11,104,13,91
2015-05-11,46,8,38
2015-05-11,23,7,16
2015-05-11,14,3,11
2015-05-11,5,2,3
2015-05-11,2,1,1
2015-05-12,5,1,4
2015-05-12,0,0,0
2015-05-12,1,1,0
2015-05-12,2,1,1
2015-05-12,6,5,1
2015-05-12,27,24,3
2015-05-12,92,76,16
2015-05-12,168,140,28
2015-05-12,134,121,13
2015-05-12,44,39,5
2015-05-12,21,12,9
2015-05-12,15,9,6
2015-05-12,27,16,11
2015-05-12,8,5,3
2015-05-12,28,7,21
2015-05-12,41,14,27
2015-05-12,96,22,74
2015-05-12,162,22,140
2015-05-12,129,11,118
2015-05-12,52,11,41
2015-05-12,27,7,20
2015-05-12,10,3,7
2015-05-12,10,2,8
2015-05-12,1,0,1
2015-05-13,2,2,0
2015-05-13,3,0,3
2015-05-13,0,0,0
2015-05-13,2,0,2
2015-05-13,4,4,0
2015-05-13,20,17,3
2015-05-13,59,55,4
2015-05-13,122,112,10
2015-05-13,102,95,7
2015-05-13,48,44,4
2015-05-13,19,15,4
2015-05-13,15,6,9
2015-05-13,8,5,3
2015-05-13,7,4,3
2015-05-13,23,8,15
2015-05-13,23,6,17
2015-05-13,76,17,59
2015-05-13,129,13,116
2015-05-13,77,4,73
2015-05-13,27,3,24
2015-05-13,16,4,12
2015-05-13,11,0,11
2015-05-13,11,2,9
2015-05-13,5,1,4
2015-05-14,0,0,0
2015-05-14,1,0,1
2015-05-14,1,1,0
2015-05-14,1,0,1
2015-05-14,4,4,0
2015-05-14,18,15,3
2015-05-14,85,77,8
2015-05-14,156,138,18
2015-05-14,125,116,9
2015-05-14,46,43,3
2015-05-14,21,21,0
2015-05-14,14,9,5
2015-05-14,25,11,14
2015-05-14,38,20,18
2015-05-14,32,9,23
2015-05-14,71,34,37
2015-05-14,137,29,108
2015-05-14,190,46,144
2015-05-14,115,24,91
2015-05-14,57,15,42
2015-05-14,53,15,38
2015-05-14,14,2,12
2015-05-14,19,4,15
2015-05-14,6,2,4
2015-05-15,5,2,3
2015-05-15,0,0,0
2015-05-15,2,1,1
2015-05-15,1,0,1
2015-05-15,4,3,1
2015-05-15,33,31,2
2015-05-15,152,135,17
2015-05-15,228,198,30
2015-05-15,237,207,30
2015-05-15,76,65,11
2015-05-15,31,21,10
2015-05-15,28,15,13
2015-05-15,46,20,26
2015-05-15,67,36,31
2015-05-15,43,13,30
2015-05-15,94,28,66
2015-05-15,183,39,144
2015-05-15,230,40,190
2015-05-15,134,21,113
2015-05-15,56,5,51
2015-05-15,28,3,25
2015-05-15,14,5,9
2015-05-15,16,2,14
2015-05-15,11,6,5
2015-05-16,13,4,9
2015-05-16,1,0,1
2015-05-16,1,1,0
2015-05-16,1,1,0
2015-05-16,0,0,0
2015-05-16,5,4,1
2015-05-16,8,8,0
2015-05-16,33,24,9
2015-05-16,58,20,38
2015-05-16,46,24,22
2015-05-16,68,31,37
2015-05-16,54,23,31
2015-05-16,103,38,65
2015-05-16,75,30,45
2015-05-16,80,40,40
2015-05-16,75,43,32
2015-05-16,81,61,20
2015-05-16,45,30,15
2015-05-16,32,13,19
2015-05-16,21,8,13
2015-05-16,14,6,8
2015-05-16,11,5,6
2015-05-16,8,1,7
2015-05-16,4,2,2
2015-05-17,4,0,4
2015-05-17,1,0,1
2015-05-17,1,0,1
2015-05-17,1,1,0
2015-05-17,2,1,1
2015-05-17,5,5,0
2015-05-17,10,7,3
2015-05-17,24,18,6
2015-05-17,34,16,18
2015-05-17,57,26,31
2015-05-17,60,26,34
2015-05-17,72,41,31
2015-05-17,81,44,37
2015-05-17,74,23,51
2015-05-17,72,37,35
2015-05-17,72,31,41
2015-05-17,78,40,38
2015-05-17,53,21,32
2015-05-17,48,21,27
2015-05-17,40,22,18
2015-05-17,28,13,15
2015-05-17,8,2,6
2015-05-17,9,7,2
2015-05-17,4,3,1
2015-05-18,1,0,1
2015-05-18,0,0,0
2015-05-18,0,0,0
2015-05-18,4,2,2
2015-05-18,7,7,0
2015-05-18,31,24,7
2015-05-18,144,118,26
2015-05-18,199,163,36
2015-05-18,204,177,27
2015-05-18,94,73,21
2015-05-18,50,32,18
2015-05-18,42,26,16
2015-05-18,62,23,39
2015-05-18,43,24,19
2015-05-18,69,27,42
2015-05-18,80,17,63
2015-05-18,150,32,118
2015-05-18,247,33,214
2015-05-18,155,18,137
2015-05-18,65,20,45
2015-05-18,38,19,19
2015-05-18,13,4,9
2015-05-18,13,4,9
2015-05-18,4,2,2
2015-05-19,7,2,5
2015-05-19,3,0,3
2015-05-19,0,0,0
2015-05-19,4,1,3
2015-05-19,4,4,0
2015-05-19,30,24,6
2015-05-19,128,112,16
2015-05-19,205,186,19
2015-05-19,175,151,24
2015-05-19,58,50,8
2015-05-19,35,25,10
2015-05-19,29,21,8
2015-05-19,38,19,19
2015-05-19,28,15,13
2015-05-19,37,15,22
2015-05-19,60,18,42
2015-05-19,137,24,113
2015-05-19,260,36,224
2015-05-19,150,21,129
2015-05-19,82,28,54
2015-05-19,38,12,26
2015-05-19,11,3,8
2015-05-19,11,1,10
2015-05-19,6,2,4
2015-05-20,1,0,1
2015-05-20,2,1,1
2015-05-20,1,1,0
2015-05-20,4,2,2
2015-05-20,7,5,2
2015-05-20,32,28,4
2015-05-20,123,103,20
2015-05-20,167,147,20
2015-05-20,178,155,23
2015-05-20,56,49,7
2015-05-20,23,9,14
2015-05-20,17,9,8
2015-05-20,23,12,11
2015-05-20,23,13,10
2015-05-20,47,21,26
2015-05-20,57,12,45
2015-05-20,145,28,117
2015-05-20,234,37,197
2015-05-20,165,33,132
2015-05-20,72,23,49
2015-05-20,41,12,29
2015-05-20,20,3,17
2015-05-20,5,2,3
2015-05-20,3,1,2
2015-05-21,5,1,4
2015-05-21,0,0,0
2015-05-21,0,0,0
2015-05-21,3,1,2
2015-05-21,10,8,2
2015-05-21,28,26,2
2015-05-21,114,94,20
2015-05-21,203,186,17
2015-05-21,182,169,13
2015-05-21,65,53,12
2015-05-21,28,17,11
2015-05-21,24,13,11
2015-05-21,29,16,13
2015-05-21,28,11,17
2015-05-21,47,18,29
2015-05-21,67,23,44
2015-05-21,162,34,128
2015-05-21,244,44,200
2015-05-21,131,15,116
2015-05-21,62,13,49
2015-05-21,30,9,21
2015-05-21,25,9,16
2015-05-21,11,5,6
2015-05-21,8,3,5
2015-05-22,6,1,5
2015-05-22,2,1,1
2015-05-22,2,1,1
2015-05-22,1,1,0
2015-05-22,5,3,2
2015-05-22,25,24,1
2015-05-22,84,69,15
2015-05-22,141,119,22
2015-05-22,141,124,17
2015-05-22,59,51,8
2015-05-22,20,15,5
2015-05-22,43,12,31
2015-05-22,38,20,18
2015-05-22,40,17,23
2015-05-22,45,12,33
2015-05-22,66,11,55
2015-05-22,112,20,92
2015-05-22,140,21,119
2015-05-22,82,16,66
2015-05-22,40,3,37
2015-05-22,23,8,15
2015-05-22,11,2,9
2015-05-22,8,2,6
2015-05-22,4,0,4
2015-05-23,3,2,1
2015-05-23,1,1,0
2015-05-23,2,0,2
2015-05-23,1,1,0
2015-05-23,2,2,0
2015-05-23,8,7,1
2015-05-23,16,10,6
2015-05-23,26,14,12
2015-05-23,19,8,11
2015-05-23,34,18,16
2015-05-23,28,15,13
2015-05-23,34,17,17
2015-05-23,43,25,18
2015-05-23,40,18,22
2015-05-23,53,21,32
2015-05-23,32,22,10
2015-05-23,32,12,20
2015-05-23,35,23,12
2015-05-23,27,11,16
2015-05-23,16,7,9
2015-05-23,12,4,8
2015-05-23,15,2,13
2015-05-23,1,0,1
2015-05-23,6,2,4
2015-05-24,6,2,4
2015-05-24,4,0,4
2015-05-24,1,0,1
2015-05-24,1,1,0
2015-05-24,4,0,4
2015-05-24,7,7,0
2015-05-24,6,4,2
2015-05-24,14,12,2
2015-05-24,27,13,14
2015-05-24,45,14,31
2015-05-24,42,23,19
2015-05-24,61,29,32
2015-05-24,42,30,12
2015-05-24,51,24,27
2015-05-24,60,34,26
2015-05-24,56,31,25
2015-05-24,53,24,29
2015-05-24,46,13,33
2015-05-24,22,10,12
2015-05-24,22,11,11
2015-05-24,17,9,8
2015-05-24,10,7,3
2015-05-24,6,1,5
2015-05-24,6,0,6
2015-05-25,2,0,2
2015-05-25,3,0,3
2015-05-25,1,0,1
2015-05-25,3,0,3
2015-05-25,2,1,1
2015-05-25,6,5,1
2015-05-25,8,8,0
2015-05-25,20,15,5
2015-05-25,21,10,11
2015-05-25,36,21,15
2015-05-25,62,26,36
2015-05-25,71,26,45
2015-05-25,69,43,26
2015-05-25,65,41,24
2015-05-25,60,37,23
2015-05-25,51,30,21
2015-05-25,53,27,26
2015-05-25,37,19,18
2015-05-25,36,11,25
2015-05-25,19,10,9
2015-05-25,13,7,6
2015-05-25,10,1,9
2015-05-25,4,3,1
2015-05-25,10,0,10
2015-05-26,5,2,3
2015-05-26,1,1,0
2015-05-26,0,0,0
2015-05-26,2,2,0
2015-05-26,6,6,0
2015-05-26,23,21,2
2015-05-26,110,96,14
2015-05-26,165,153,12
2015-05-26,171,151,20
2015-05-26,61,50,11
2015-05-26,36,24,12
2015-05-26,17,9,8
2015-05-26,33,19,14
2015-05-26,18,9,9
2015-05-26,45,21,24
2015-05-26,65,20,45
2015-05-26,130,22,108
2015-05-26,237,28,209
2015-05-26,147,26,121
2015-05-26,53,11,42
2015-05-26,33,12,21
2015-05-26,15,3,12
2015-05-26,7,1,6
2015-05-26,3,0,3
2015-05-27,1,0,1
2015-05-27,1,0,1
2015-05-27,3,2,1
2015-05-27,2,2,0
2015-05-27,6,5,1
2015-05-27,28,25,3
2015-05-27,118,104,14
2015-05-27,205,177,28
2015-05-27,165,152,13
2015-05-27,54,46,8
2015-05-27,39,23,16
2015-05-27,24,15,9
2015-05-27,22,5,17
2015-05-27,52,38,14
2015-05-27,39,12,27
2015-05-27,68,19,49
2015-05-27,152,28,124
2015-05-27,234,33,201
2015-05-27,139,21,118
2015-05-27,72,24,48
2015-05-27,42,18,24
2015-05-27,30,8,22
2015-05-27,11,2,9
2015-05-27,15,2,13
2015-05-28,2,1,1
2015-05-28,0,0,0
2015-05-28,2,1,1
2015-05-28,3,3,0
2015-05-28,14,11,3
2015-05-28,34,26,8
2015-05-28,117,95,22
2015-05-28,183,162,21
2015-05-28,183,170,13
2015-05-28,84,69,15
2015-05-28,38,27,11
2015-05-28,37,19,18
2015-05-28,26,15,11
2015-05-28,36,12,24
2015-05-28,45,22,23
2015-05-28,74,24,50
2015-05-28,159,31,128
2015-05-28,242,44,198
2015-05-28,153,35,118
2015-05-28,80,20,60
2015-05-28,43,14,29
2015-05-28,24,10,14
2015-05-28,19,9,10
2015-05-28,4,0,4
2015-05-29,6,1,5
2015-05-29,2,0,2
2015-05-29,2,1,1
2015-05-29,3,2,1
2015-05-29,6,4,2
2015-05-29,28,24,4
2015-05-29,117,105,12
2015-05-29,181,158,23
2015-05-29,163,148,15
2015-05-29,75,63,12
2015-05-29,49,26,23
2015-05-29,29,15,14
2015-05-29,37,17,20
2015-05-29,43,25,18
2015-05-29,62,20,42
2015-05-29,90,22,68
2015-05-29,146,30,116
2015-05-29,201,36,165
2015-05-29,143,36,107
2015-05-29,61,16,45
2015-05-29,47,15,32
2015-05-29,17,3,14
2015-05-29,18,6,12
2015-05-29,10,3,7
2015-05-30,6,4,2
2015-05-30,2,0,2
2015-05-30,0,0,0
2015-05-30,3,3,0
2015-05-30,3,2,1
2015-05-30,7,7,0
2015-05-30,16,13,3
2015-05-30,22,13,9
2015-05-30,40,29,11
2015-05-30,46,18,28
2015-05-30,62,37,25
2015-05-30,65,29,36
2015-05-30,71,27,44
2015-05-30,69,32,37
2015-05-30,76,40,36
2015-05-30,97,56,41
2015-05-30,76,44,32
2015-05-30,77,31,46
2015-05-30,63,28,35
2015-05-30,21,9,12
2015-05-30,22,9,13
2015-05-30,25,13,12
2015-05-30,7,2,5
2015-05-30,9,3,6
2015-05-31,3,1,2
2015-05-31,7,0,7
2015-05-31,1,0,1
2015-05-31,1,1,0
2015-05-31,3,1,2
2015-05-31,5,4,1
2015-05-31,8,5,3
2015-05-31,28,20,8
2015-05-31,33,24,9
2015-05-31,53,26,27
2015-05-31,83,29,54
2015-05-31,96,46,50
2015-05-31,80,42,38
2015-05-31,93,58,35
2015-05-31,74,50,24
2015-05-31,89,51,38
2015-05-31,96,44,52
2015-05-31,62,21,41
2015-05-31,42,14,28
2015-05-31,27,14,13
2015-05-31,11,6,5
2015-05-31,2,2,0
2015-05-31,9,6,3
2015-05-31,4,2,2
2015-06-01,1,0,1
2015-06-01,1,1,0
2015-06-01,3,3,0
2015-06-01,1,1,0
2015-06-01,5,5,0
2015-06-01,29,21,8
2015-06-01,74,64,10
2015-06-01,144,124,20
2015-06-01,117,104,13
2015-06-01,35,32,3
2015-06-01,11,5,6
2015-06-01,7,3,4
2015-06-01,15,5,10
2015-06-01,18,7,11
2015-06-01,20,8,12
2015-06-01,40,11,29
2015-06-01,83,15,68
2015-06-01,152,22,130
2015-06-01,95,9,86
2015-06-01,32,6,26
2015-06-01,18,6,12
2015-06-01,6,2,4
2015-06-01,4,1,3
2015-06-01,8,2,6
2015-06-02,4,2,2
2015-06-02,0,0,0
2015-06-02,1,1,0
2015-06-02,3,2,1
2015-06-02,4,3,1
2015-06-02,21,18,3
2015-06-02,81,71,10
2015-06-02,147,134,13
2015-06-02,103,90,13
2015-06-02,43,38,5
2015-06-02,14,8,6
2015-06-02,27,11,16
2015-06-02,19,9,10
2015-06-02,21,10,11
2015-06-02,23,6,17
2015-06-02,44,20,24
2015-06-02,93,16,77
2015-06-02,153,25,128
2015-06-02,100,14,86
2015-06-02,50,10,40
2015-06-02,21,4,17
2015-06-02,13,5,8
2015-06-02,4,2,2
2015-06-02,3,1,2
2015-06-03,1,0,1
2015-06-03,1,0,1
2015-06-03,7,5,2
2015-06-03,3,1,2
2015-06-03,4,4,0
2015-06-03,15,13,2
2015-06-03,91,82,9
2015-06-03,143,123,20
2015-06-03,129,117,12
2015-06-03,49,44,5
2015-06-03,26,17,9
2015-06-03,10,5,5
2015-06-03,14,7,7
2015-06-03,35,20,15
2015-06-03,34,16,18
2015-06-03,64,17,47
2015-06-03,106,21,85
2015-06-03,171,29,142
2015-06-03,108,19,89
2015-06-03,55,12,43
2015-06-03,31,12,19
2015-06-03,15,6,9
2015-06-03,11,5,6
2015-06-03,7,2,5
2015-06-04,2,0,2
2015-06-04,3,1,2
2015-06-04,2,0,2
2015-06-04,2,2,0
2015-06-04,4,3,1
2015-06-04,33,27,6
2015-06-04,112,94,18
2015-06-04,153,134,19
2015-06-04,166,154,12
2015-06-04,71,57,14
2015-06-04,35,26,9
2015-06-04,22,12,10
2015-06-04,28,16,12
2015-06-04,22,14,8
2015-06-04,36,13,23
2015-06-04,60,11,49
2015-06-04,123,23,100
2015-06-04,230,48,182
2015-06-04,155,32,123
2015-06-04,69,16,53
2015-06-04,42,13,29
2015-06-04,33,14,19
2015-06-04,13,3,10
2015-06-04,10,5,5
2015-06-05,5,2,3
2015-06-05,6,0,6
2015-06-05,1,0,1
2015-06-05,3,2,1
2015-06-05,5,3,2
2015-06-05,24,21,3
2015-06-05,88,76,12
2015-06-05,158,143,15
2015-06-05,139,118,21
2015-06-05,70,57,13
2015-06-05,43,31,12
2015-06-05,43,21,22
2015-06-05,36,14,22
2015-06-05,48,20,28
2015-06-05,53,18,35
2015-06-05,76,26,50
2015-06-05,115,18,97
2015-06-05,182,31,151
2015-06-05,106,15,91
2015-06-05,63,10,53
2015-06-05,31,12,19
2015-06-05,16,8,8
2015-06-05,20,11,9
2015-06-05,15,10,5
2015-06-06,43,37,6
2015-06-06,5,2,3
2015-06-06,9,3,6
2015-06-06,3,1,2
2015-06-06,8,2,6
2015-06-06,5,3,2
2015-06-06,27,13,14
2015-06-06,30,19,11
2015-06-06,58,40,18
2015-06-06,61,31,30
2015-06-06,72,41,31
2015-06-06,80,43,37
2015-06-06,82,37,45
2015-06-06,102,56,46
2015-06-06,111,48,63
2015-06-06,108,48,60
2015-06-06,63,33,30
2015-06-06,66,36,30
2015-06-06,50,28,22
2015-06-06,41,20,21
2015-06-06,29,17,12
2015-06-06,13,6,7
2015-06-06,11,8,3
2015-06-06,12,6,6
2015-06-07,5,0,5
2015-06-07,2,1,1
2015-06-07,0,0,0
2015-06-07,6,2,4
2015-06-07,2,0,2
2015-06-07,7,7,0
2015-06-07,12,7,5
2015-06-07,39,25,14
2015-06-07,64,38,26
2015-06-07,74,43,31
2015-06-07,104,47,57
2015-06-07,98,32,66
2015-06-07,132,63,69
2015-06-07,86,49,37
2015-06-07,80,37,43
2015-06-07,87,43,44
2015-06-07,73,32,41
2015-06-07,77,44,33
2015-06-07,55,25,30
2015-06-07,36,18,18
2015-06-07,22,16,6
2015-06-07,15,7,8
2015-06-07,6,1,5
2015-06-07,6,2,4
2015-06-08,1,1,0
2015-06-08,1,0,1
2015-06-08,0,0,0
2015-06-08,1,1,0
2015-06-08,14,2,12
2015-06-08,28,22,6
2015-06-08,98,80,18
2015-06-08,186,159,27
2015-06-08,162,141,21
2015-06-08,81,69,12
2015-06-08,24,18,6
2015-06-08,20,12,8
2015-06-08,42,19,23
2015-06-08,38,14,24
2015-06-08,36,14,22
2015-06-08,62,17,45
2015-06-08,150,31,119
2015-06-08,200,25,175
2015-06-08,164,43,121
2015-06-08,54,10,44
2015-06-08,26,7,19
2015-06-08,20,12,8
2015-06-08,12,5,7
2015-06-08,7,3,4
2015-06-09,3,2,1
2015-06-09,3,0,3
2015-06-09,1,0,1
2015-06-09,3,2,1
2015-06-09,8,6,2
2015-06-09,33,25,8
2015-06-09,128,105,23
2015-06-09,202,176,26
2015-06-09,155,132,23
2015-06-09,77,65,12
2015-06-09,32,22,10
2015-06-09,33,19,14
2015-06-09,35,16,19
2015-06-09,33,19,14
2015-06-09,40,19,21
2015-06-09,77,21,56
2015-06-09,143,30,113
2015-06-09,229,29,200
2015-06-09,164,28,136
2015-06-09,60,16,44
2015-06-09,46,8,38
2015-06-09,37,14,23
2015-06-09,8,3,5
2015-06-09,8,4,4
2015-06-10,5,2,3
2015-06-10,1,1,0
2015-06-10,1,0,1
2015-06-10,3,0,3
2015-06-10,3,3,0
2015-06-10,29,23,6
2015-06-10,121,102,19
2015-06-10,193,167,26
2015-06-10,170,153,17
2015-06-10,59,52,7
2015-06-10,27,19,8
2015-06-10,24,14,10
2015-06-10,37,17,20
2015-06-10,39,21,18
2015-06-10,38,14,24
2015-06-10,68,24,44
2015-06-10,159,32,127
2015-06-10,202,25,177
2015-06-10,162,30,132
2015-06-10,94,36,58
2015-06-10,67,29,38
2015-06-10,23,13,10
2015-06-10,7,1,6
2015-06-10,3,2,1
2015-06-11,5,2,3
2015-06-11,1,1,0
2015-06-11,0,0,0
2015-06-11,3,2,1
2015-06-11,8,5,3
2015-06-11,27,22,5
2015-06-11,100,89,11
2015-06-11,198,174,24
2015-06-11,164,152,12
2015-06-11,70,64,6
2015-06-11,37,26,11
2015-06-11,28,9,19
2015-06-11,37,23,14
2015-06-11,33,12,21
2015-06-11,30,10,20
2015-06-11,73,19,54
2015-06-11,141,29,112
2015-06-11,213,34,179
2015-06-11,147,29,118
2015-06-11,76,18,58
2015-06-11,49,23,26
2015-06-11,14,5,9
2015-06-11,22,10,12
2015-06-11,7,3,4
2015-06-12,1,0,1
2015-06-12,6,0,6
2015-06-12,4,0,4
2015-06-12,3,3,0
2015-06-12,1,1,0
2015-06-12,23,19,4
2015-06-12,74,62,12
2015-06-12,138,123,15
2015-06-12,114,99,15
2015-06-12,64,55,9
2015-06-12,25,19,6
2015-06-12,24,14,10
2015-06-12,20,11,9
2015-06-12,28,11,17
2015-06-12,35,15,20
2015-06-12,61,18,43
2015-06-12,117,25,92
2015-06-12,139,16,123
2015-06-12,83,12,71
2015-06-12,38,7,31
2015-06-12,34,13,21
2015-06-12,14,7,7
2015-06-12,9,2,7
2015-06-12,6,2,4
2015-06-13,3,0,3
2015-06-13,2,1,1
2015-06-13,0,0,0
2015-06-13,3,2,1
2015-06-13,0,0,0
2015-06-13,13,10,3
2015-06-13,16,13,3
2015-06-13,44,23,21
2015-06-13,53,30,23
2015-06-13,63,30,33
2015-06-13,81,41,40
2015-06-13,106,65,41
2015-06-13,75,39,36
2015-06-13,89,42,47
2015-06-13,83,46,37
2015-06-13,71,33,38
2015-06-13,79,46,33
2015-06-13,67,34,33
2015-06-13,58,31,27
2015-06-13,37,18,19
2015-06-13,14,9,5
2015-06-13,27,7,20
2015-06-13,3,1,2
2015-06-13,3,1,2
2015-06-14,5,0,5
2015-06-14,4,0,4
2015-06-14,1,1,0
2015-06-14,3,2,1
2015-06-14,1,1,0
2015-06-14,7,6,1
2015-06-14,11,8,3
2015-06-14,11,10,1
2015-06-14,54,39,15
2015-06-14,73,33,40
2015-06-14,83,30,53
2015-06-14,69,39,30
2015-06-14,112,58,54
2015-06-14,102,50,52
2015-06-14,83,30,53
2015-06-14,64,29,35
2015-06-14,66,32,34
2015-06-14,52,26,26
2015-06-14,40,17,23
2015-06-14,39,17,22
2015-06-14,25,18,7
2015-06-14,6,4,2
2015-06-14,9,3,6
2015-06-14,6,1,5
2015-06-15,1,0,1
2015-06-15,1,1,0
2015-06-15,0,0,0
2015-06-15,3,1,2
2015-06-15,5,4,1
2015-06-15,27,21,6
2015-06-15,98,80,18
2015-06-15,178,152,26
2015-06-15,158,146,12
2015-06-15,74,59,15
2015-06-15,28,25,3
2015-06-15,24,16,8
2015-06-15,29,19,10
2015-06-15,25,15,10
2015-06-15,50,15,35
2015-06-15,65,21,44
2015-06-15,126,23,103
2015-06-15,217,32,185
2015-06-15,132,13,119
2015-06-15,64,13,51
2015-06-15,38,19,19
2015-06-15,19,7,12
2015-06-15,7,1,6
2015-06-15,5,1,4
2015-06-16,4,2,2
2015-06-16,1,0,1
2015-06-16,2,0,2
2015-06-16,3,0,3
2015-06-16,4,4,0
2015-06-16,32,27,5
2015-06-16,101,84,17
2015-06-16,193,171,22
2015-06-16,160,144,16
2015-06-16,50,42,8
2015-06-16,34,23,11
2015-06-16,19,12,7
2015-06-16,28,11,17
2015-06-16,34,19,15
2015-06-16,42,20,22
2015-06-16,49,16,33
2015-06-16,128,26,102
2015-06-16,236,34,202
2015-06-16,130,31,99
2015-06-16,58,13,45
2015-06-16,31,7,24
2015-06-16,20,7,13
2015-06-16,13,4,9
2015-06-16,3,0,3
2015-06-17,1,0,1
2015-06-17,2,1,1
2015-06-17,7,3,4
2015-06-17,1,1,0
2015-06-17,5,4,1
2015-06-17,21,16,5
2015-06-17,77,71,6
2015-06-17,183,167,16
2015-06-17,172,142,30
2015-06-17,61,47,14
2015-06-17,38,25,13
2015-06-17,33,12,21
2015-06-17,47,25,22
2015-06-17,49,38,11
2015-06-17,49,21,28
2015-06-17,63,25,38
2015-06-17,116,29,87
2015-06-17,199,31,168
2015-06-17,161,35,126
2015-06-17,55,12,43
2015-06-17,34,13,21
2015-06-17,24,9,15
2015-06-17,10,3,7
2015-06-17,5,2,3
2015-06-18,2,0,2
2015-06-18,3,2,1
2015-06-18,2,0,2
2015-06-18,2,2,0
2015-06-18,3,2,1
2015-06-18,24,19,5
2015-06-18,92,81,11
2015-06-18,146,131,15
2015-06-18,161,146,15
2015-06-18,65,56,9
2015-06-18,44,25,19
2015-06-18,32,18,14
2015-06-18,38,22,16
2015-06-18,34,17,17
2015-06-18,39,15,24
2015-06-18,54,19,35
2015-06-18,113,29,84
2015-06-18,205,34,171
2015-06-18,153,34,119
2015-06-18,54,8,46
2015-06-18,32,10,22
2015-06-18,19,5,14
2015-06-18,13,1,12
2015-06-18,11,1,10
2015-06-19,3,1,2
2015-06-19,0,0,0
2015-06-19,0,0,0
2015-06-19,1,1,0
2015-06-19,3,2,1
2015-06-19,18,13,5
2015-06-19,53,47,6
2015-06-19,97,86,11
2015-06-19,90,75,15
2015-06-19,51,43,8
2015-06-19,20,13,7
2015-06-19,18,13,5
2015-06-19,16,5,11
2015-06-19,23,12,11
2015-06-19,40,13,27
2015-06-19,49,25,24
2015-06-19,91,24,67
2015-06-19,108,26,82
2015-06-19,76,16,60
2015-06-19,33,8,25
2015-06-19,28,11,17
2015-06-19,19,9,10
2015-06-19,13,1,12
2015-06-19,9,1,8
2015-06-20,8,2,6
2015-06-20,3,1,2
2015-06-20,2,1,1
2015-06-20,2,1,1
2015-06-20,4,3,1
2015-06-20,4,4,0
2015-06-20,21,13,8
2015-06-20,32,24,8
2015-06-20,41,26,15
2015-06-20,57,30,27
2015-06-20,61,38,23
2015-06-20,77,39,38
2015-06-20,77,47,30
2015-06-20,87,48,39
2015-06-20,84,52,32
2015-06-20,75,26,49
2015-06-20,51,27,24
2015-06-20,54,26,28
2015-06-20,43,14,29
2015-06-20,51,14,37
2015-06-20,38,15,23
2015-06-20,15,7,8
2015-06-20,6,0,6
2015-06-20,5,2,3
2015-06-21,3,2,1
2015-06-21,4,0,4
2015-06-21,3,1,2
2015-06-21,3,1,2
2015-06-21,1,0,1
2015-06-21,8,5,3
2015-06-21,9,7,2
2015-06-21,13,10,3
2015-06-21,36,18,18
2015-06-21,44,26,18
2015-06-21,42,18,24
2015-06-21,49,16,33
2015-06-21,109,43,66
2015-06-21,83,46,37
2015-06-21,73,43,30
2015-06-21,77,33,44
2015-06-21,75,38,37
2015-06-21,69,24,45
2015-06-21,34,16,18
2015-06-21,27,14,13
2015-06-21,16,10,6
2015-06-21,13,7,6
2015-06-21,10,6,4
2015-06-21,7,5,2
2015-06-22,2,1,1
2015-06-22,1,0,1
2015-06-22,1,1,0
2015-06-22,2,1,1
2015-06-22,4,4,0
2015-06-22,24,23,1
2015-06-22,79,71,8
2015-06-22,148,131,17
2015-06-22,153,133,20
2015-06-22,59,51,8
2015-06-22,26,25,1
2015-06-22,23,14,9
2015-06-22,28,14,14
2015-06-22,22,13,9
2015-06-22,41,16,25
2015-06-22,61,16,45
2015-06-22,122,23,99
2015-06-22,203,23,180
2015-06-22,137,25,112
2015-06-22,56,12,44
2015-06-22,29,16,13
2015-06-22,17,4,13
2015-06-22,11,3,8
2015-06-22,4,2,2
2015-06-23,3,2,1
2015-06-23,0,0,0
2015-06-23,4,1,3
2015-06-23,3,1,2
2015-06-23,6,4,2
2015-06-23,31,26,5
2015-06-23,106,93,13
2015-06-23,171,155,16
2015-06-23,183,166,17
2015-06-23,52,44,8
2015-06-23,31,21,10
2015-06-23,20,6,14
2015-06-23,28,11,17
2015-06-23,40,22,18
2015-06-23,31,15,16
2015-06-23,59,25,34
2015-06-23,139,30,109
2015-06-23,195,32,163
2015-06-23,179,29,150
2015-06-23,51,13,38
2015-06-23,34,5,29
2015-06-23,25,8,17
2015-06-23,22,2,20
2015-06-23,9,1,8
2015-06-24,1,0,1
2015-06-24,0,0,0
2015-06-24,5,2,3
2015-06-24,2,2,0
2015-06-24,5,3,2
2015-06-24,38,32,6
2015-06-24,103,86,17
2015-06-24,174,161,13
2015-06-24,172,154,18
2015-06-24,55,43,12
2015-06-24,39,25,14
2015-06-24,31,17,14
2015-06-24,38,22,16
2015-06-24,31,20,11
2015-06-24,41,10,31
2015-06-24,47,14,33
2015-06-24,140,32,108
2015-06-24,196,33,163
2015-06-24,165,30,135
2015-06-24,78,17,61
2015-06-24,48,24,24
2015-06-24,26,5,21
2015-06-24,22,5,17
2015-06-24,5,1,4
2015-06-25,3,2,1
2015-06-25,1,1,0
2015-06-25,1,1,0
2015-06-25,2,2,0
2015-06-25,8,6,2
2015-06-25,38,33,5
2015-06-25,99,89,10
2015-06-25,163,141,22
2015-06-25,158,143,15
2015-06-25,57,50,7
2015-06-25,35,23,12
2015-06-25,29,15,14
2015-06-25,42,26,16
2015-06-25,26,12,14
2015-06-25,55,23,32
2015-06-25,53,17,36
2015-06-25,139,39,100
2015-06-25,212,40,172
2015-06-25,134,34,100
2015-06-25,73,16,57
2015-06-25,57,22,35
2015-06-25,22,10,12
2015-06-25,13,5,8
2015-06-25,11,2,9
2015-06-26,6,3,3
2015-06-26,2,2,0
2015-06-26,2,0,2
2015-06-26,2,1,1
2015-06-26,5,4,1
2015-06-26,28,26,2
2015-06-26,68,60,8
2015-06-26,141,115,26
2015-06-26,133,116,17
2015-06-26,56,45,11
2015-06-26,28,23,5
2015-06-26,39,23,16
2015-06-26,31,15,16
2015-06-26,25,13,12
2015-06-26,36,13,23
2015-06-26,66,19,47
2015-06-26,112,23,89
2015-06-26,131,24,107
2015-06-26,72,12,60
2015-06-26,54,10,44
2015-06-26,34,11,23
2015-06-26,26,15,11
2015-06-26,15,3,12
2015-06-26,6,3,3
2015-06-27,6,2,4
2015-06-27,4,1,3
2015-06-27,1,1,0
2015-06-27,2,1,1
2015-06-27,4,3,1
2015-06-27,8,5,3
2015-06-27,32,22,10
2015-06-27,43,31,12
2015-06-27,69,29,40
2015-06-27,69,29,40
2015-06-27,105,50,55
2015-06-27,80,36,44
2015-06-27,69,34,35
2015-06-27,58,29,29
2015-06-27,73,41,32
2015-06-27,60,47,13
2015-06-27,40,22,18
2015-06-27,36,14,22
2015-06-27,33,12,21
2015-06-27,34,19,15
2015-06-27,22,10,12
2015-06-27,15,6,9
2015-06-27,8,4,4
2015-06-27,6,2,4
2015-06-28,11,3,8
2015-06-28,3,1,2
2015-06-28,5,2,3
2015-06-28,2,1,1
2015-06-28,4,2,2
2015-06-28,11,8,3
2015-06-28,13,9,4
2015-06-28,45,32,13
2015-06-28,43,21,22
2015-06-28,35,20,15
2015-06-28,53,20,33
2015-06-28,48,25,23
2015-06-28,59,38,21
2015-06-28,57,28,29
2015-06-28,39,16,23
2015-06-28,58,30,28
2015-06-28,43,20,23
2015-06-28,34,13,21
2015-06-28,30,15,15
2015-06-28,25,6,19
2015-06-28,16,8,8
2015-06-28,14,5,9
2015-06-28,1,0,1
2015-06-28,2,1,1
2015-06-29,5,2,3
2015-06-29,4,2,2
2015-06-29,1,1,0
2015-06-29,4,2,2
2015-06-29,6,5,1
2015-06-29,26,21,5
2015-06-29,98,81,17
2015-06-29,166,148,18
2015-06-29,153,134,19
2015-06-29,67,56,11
2015-06-29,40,29,11
2015-06-29,19,9,10
2015-06-29,24,10,14
2015-06-29,22,17,5
2015-06-29,46,19,27
2015-06-29,46,14,32
2015-06-29,118,20,98
2015-06-29,212,33,179
2015-06-29,163,26,137
2015-06-29,75,32,43
2015-06-29,44,11,33
2015-06-29,24,7,17
2015-06-29,10,5,5
2015-06-29,6,1,5
2015-06-30,8,3,5
2015-06-30,7,4,3
2015-06-30,1,1,0
2015-06-30,3,2,1
2015-06-30,8,5,3
2015-06-30,29,20,9
2015-06-30,104,76,28
2015-06-30,181,151,30
2015-06-30,155,137,18
2015-06-30,75,61,14
2015-06-30,33,19,14
2015-06-30,27,17,10
2015-06-30,37,18,19
2015-06-30,37,19,18
2015-06-30,45,14,31
2015-06-30,45,16,29
2015-06-30,133,33,100
2015-06-30,205,26,179
2015-06-30,160,25,135
2015-06-30,85,32,53
2015-06-30,45,13,32
2015-06-30,31,13,18
2015-06-30,13,3,10
2015-06-30,8,2,6
2015-07-01,4,2,2
2015-07-01,2,2,0
2015-07-01,3,1,2
2015-07-01,2,2,0
2015-07-01,6,4,2
2015-07-01,25,18,7
2015-07-01,90,78,12
2015-07-01,181,162,19
2015-07-01,178,157,21
2015-07-01,79,60,19
2015-07-01,36,23,13
2015-07-01,31,20,11
2015-07-01,40,13,27
2015-07-01,23,11,12
2015-07-01,34,11,23
2015-07-01,54,22,32
2015-07-01,138,23,115
2015-07-01,207,35,172
2015-07-01,150,24,126
2015-07-01,77,14,63
2015-07-01,52,17,35
2015-07-01,35,13,22
2015-07-01,15,9,6
2015-07-01,5,0,5
2015-07-02,10,2,8
2015-07-02,2,0,2
2015-07-02,3,1,2
2015-07-02,2,1,1
2015-07-02,7,6,1
2015-07-02,33,27,6
2015-07-02,77,57,20
2015-07-02,167,145,22
2015-07-02,140,122,18
2015-07-02,69,55,14
2015-07-02,34,25,9
2015-07-02,24,13,11
2015-07-02,49,21,28
2015-07-02,36,18,18
2015-07-02,52,16,36
2015-07-02,80,29,51
2015-07-02,112,25,87
2015-07-02,153,21,132
2015-07-02,88,17,71
2015-07-02,59,15,44
2015-07-02,34,11,23
2015-07-02,19,9,10
2015-07-02,12,4,8
2015-07-02,9,3,6
2015-07-03,8,3,5
2015-07-03,4,1,3
2015-07-03,3,0,3
2015-07-03,2,2,0
2015-07-03,7,3,4
2015-07-03,15,13,2
2015-07-03,19,14,5
2015-07-03,65,44,21
2015-07-03,74,36,38
2015-07-03,75,46,29
2015-07-03,68,26,42
2015-07-03,78,39,39
2015-07-03,82,33,49
2015-07-03,81,38,43
2015-07-03,55,26,29
2015-07-03,78,39,39
2015-07-03,60,25,35
2015-07-03,55,26,29
2015-07-03,39,17,22
2015-07-03,24,7,17
2015-07-03,25,14,11
2015-07-03,15,9,6
2015-07-03,18,7,11
2015-07-03,12,6,6
2015-07-04,8,2,6
2015-07-04,1,1,0
2015-07-04,0,0,0
2015-07-04,4,2,2
2015-07-04,0,0,0
2015-07-04,7,5,2
2015-07-04,19,10,9
2015-07-04,39,28,11
2015-07-04,67,28,39
2015-07-04,67,37,30
2015-07-04,67,31,36
2015-07-04,72,32,40
2015-07-04,65,31,34
2015-07-04,62,30,32
2015-07-04,53,25,28
2015-07-04,49,20,29
2015-07-04,47,25,22
2015-07-04,45,24,21
2015-07-04,40,16,24
2015-07-04,21,12,9
2015-07-04,21,11,10
2015-07-04,18,12,6
2015-07-04,11,5,6
2015-07-04,25,6,19
2015-07-05,16,13,3
2015-07-05,6,1,5
2015-07-05,5,2,3
2015-07-05,5,2,3
2015-07-05,1,0,1
2015-07-05,7,7,0
2015-07-05,11,7,4
2015-07-05,24,14,10
2015-07-05,46,27,19
2015-07-05,43,24,19
2015-07-05,61,28,33
2015-07-05,80,41,39
2015-07-05,66,33,33
2015-07-05,71,29,42
2015-07-05,51,34,17
2015-07-05,60,35,25
2015-07-05,40,22,18
2015-07-05,36,15,21
2015-07-05,33,16,17
2015-07-05,15,10,5
2015-07-05,26,14,12
2015-07-05,6,4,2
2015-07-05,4,1,3
2015-07-05,2,1,1
2015-07-06,1,0,1
2015-07-06,0,0,0
2015-07-06,2,2,0
2015-07-06,2,1,1
2015-07-06,6,6,0
2015-07-06,23,21,2
2015-07-06,88,78,10
2015-07-06,151,135,16
2015-07-06,145,124,21
2015-07-06,71,59,12
2015-07-06,23,16,7
2015-07-06,36,20,16
2015-07-06,38,16,22
2015-07-06,32,15,17
2015-07-06,26,11,15
2015-07-06,55,16,39
2015-07-06,106,23,83
2015-07-06,198,31,167
2015-07-06,141,19,122
2015-07-06,44,10,34
2015-07-06,22,7,15
2015-07-06,25,6,19
2015-07-06,11,3,8
2015-07-06,7,2,5
2015-07-07,4,0,4
2015-07-07,2,1,1
2015-07-07,2,2,0
2015-07-07,1,1,0
2015-07-07,5,4,1
2015-07-07,37,33,4
2015-07-07,114,94,20
2015-07-07,188,165,23
2015-07-07,178,159,19
2015-07-07,66,56,10
2015-07-07,39,28,11
2015-07-07,23,10,13
2015-07-07,39,19,20
2015-07-07,32,13,19
2015-07-07,29,13,16
2015-07-07,74,24,50
2015-07-07,128,25,103
2015-07-07,231,28,203
2015-07-07,146,24,122
2015-07-07,59,15,44
2015-07-07,35,13,22
2015-07-07,23,6,17
2015-07-07,17,2,15
2015-07-07,11,2,9
2015-07-08,2,0,2
2015-07-08,3,1,2
2015-07-08,4,2,2
2015-07-08,2,1,1
2015-07-08,7,7,0
2015-07-08,29,25,4
2015-07-08,101,84,17
2015-07-08,168,150,18
2015-07-08,161,151,10
2015-07-08,90,73,17
2015-07-08,37,24,13
2015-07-08,38,22,16
2015-07-08,30,19,11
2015-07-08,48,30,18
2015-07-08,42,16,26
2015-07-08,74,18,56
2015-07-08,154,40,114
2015-07-08,211,31,180
2015-07-08,137,19,118
2015-07-08,86,24,62
2015-07-08,58,31,27
2015-07-08,25,6,19
2015-07-08,17,5,12
2015-07-08,9,1,8
2015-07-09,3,0,3
2015-07-09,1,1,0
2015-07-09,2,1,1
2015-07-09,2,1,1
2015-07-09,9,8,1
2015-07-09,24,19,5
2015-07-09,91,79,12
2015-07-09,145,134,11
2015-07-09,168,144,24
2015-07-09,75,68,7
2015-07-09,36,25,11
2015-07-09,18,10,8
2015-07-09,40,24,16
2015-07-09,36,17,19
2015-07-09,30,11,19
2015-07-09,54,18,36
2015-07-09,121,27,94
2015-07-09,176,29,147
2015-07-09,147,25,122
2015-07-09,74,18,56
2015-07-09,40,9,31
2015-07-09,25,8,17
2015-07-09,15,2,13
2015-07-09,7,0,7
2015-07-10,5,2,3
2015-07-10,3,2,1
2015-07-10,2,2,0
2015-07-10,4,1,3
2015-07-10,8,5,3
2015-07-10,25,17,8
2015-07-10,72,64,8
2015-07-10,127,112,15
2015-07-10,138,116,22
2015-07-10,48,39,9
2015-07-10,22,15,7
2015-07-10,26,17,9
2015-07-10,30,17,13
2015-07-10,19,12,7
2015-07-10,30,11,19
2015-07-10,57,18,39
2015-07-10,105,17,88
2015-07-10,147,19,128
2015-07-10,83,15,68
2015-07-10,44,8,36
2015-07-10,29,7,22
2015-07-10,14,5,9
2015-07-10,19,8,11
2015-07-10,15,6,9
2015-07-11,11,8,3
2015-07-11,3,1,2
2015-07-11,3,0,3
2015-07-11,0,0,0
2015-07-11,10,3,7
2015-07-11,28,19,9
2015-07-11,15,10,5
2015-07-11,19,18,1
2015-07-11,45,22,23
2015-07-11,47,25,22
2015-07-11,43,28,15
2015-07-11,49,23,26
2015-07-11,43,23,20
2015-07-11,59,32,27
2015-07-11,54,22,32
2015-07-11,59,29,30
2015-07-11,48,22,26
2015-07-11,40,16,24
2015-07-11,24,10,14
2015-07-11,17,5,12
2015-07-11,14,2,12
2015-07-11,14,6,8
2015-07-11,21,6,15
2015-07-11,10,7,3
2015-07-12,7,4,3
2015-07-12,1,0,1
2015-07-12,2,0,2
2015-07-12,3,1,2
2015-07-12,4,3,1
2015-07-12,4,4,0
2015-07-12,6,5,1
2015-07-12,25,15,10
2015-07-12,38,24,14
2015-07-12,34,20,14
2015-07-12,45,26,19
2015-07-12,50,27,23
2015-07-12,61,30,31
2015-07-12,76,35,41
2015-07-12,69,36,33
2015-07-12,67,28,39
2015-07-12,47,25,22
2015-07-12,52,27,25
2015-07-12,29,7,22
2015-07-12,21,11,10
2015-07-12,20,14,6
2015-07-12,12,3,9
2015-07-12,9,2,7
2015-07-12,4,0,4
2015-07-13,2,0,2
2015-07-13,2,1,1
2015-07-13,2,1,1
2015-07-13,4,2,2
2015-07-13,7,6,1
2015-07-13,25,22,3
2015-07-13,77,62,15
2015-07-13,153,135,18
2015-07-13,137,123,14
2015-07-13,40,35,5
2015-07-13,40,34,6
2015-07-13,15,10,5
2015-07-13,16,4,12
2015-07-13,33,15,18
2015-07-13,28,13,15
2015-07-13,49,10,39
2015-07-13,93,19,74
2015-07-13,186,25,161
2015-07-13,110,16,94
2015-07-13,67,16,51
2015-07-13,29,10,19
2015-07-13,32,14,18
2015-07-13,12,2,10
2015-07-13,6,2,4
2015-07-14,2,1,1
2015-07-14,4,1,3
2015-07-14,5,1,4
2015-07-14,3,0,3
2015-07-14,5,4,1
2015-07-14,35,28,7
2015-07-14,83,68,15
2015-07-14,193,173,20
2015-07-14,148,129,19
2015-07-14,68,60,8
2015-07-14,39,31,8
2015-07-14,21,9,12
2015-07-14,28,14,14
2015-07-14,32,11,21
2015-07-14,31,10,21
2015-07-14,58,18,40
2015-07-14,133,28,105
2015-07-14,218,33,185
2015-07-14,139,23,116
2015-07-14,71,13,58
2015-07-14,39,16,23
2015-07-14,26,7,19
2015-07-14,18,4,14
2015-07-14,8,4,4
2015-07-15,5,0,5
2015-07-15,3,1,2
2015-07-15,1,1,0
2015-07-15,3,1,2
2015-07-15,8,6,2
2015-07-15,28,21,7
2015-07-15,90,76,14
2015-07-15,190,168,22
2015-07-15,151,136,15
2015-07-15,59,49,10
2015-07-15,43,25,18
2015-07-15,45,29,16
2015-07-15,33,12,21
2015-07-15,47,18,29
2015-07-15,30,12,18
2015-07-15,45,14,31
2015-07-15,139,40,99
2015-07-15,202,31,171
2015-07-15,146,19,127
2015-07-15,63,17,46
2015-07-15,47,17,30
2015-07-15,31,13,18
2015-07-15,12,6,6
2015-07-15,9,0,9
2015-07-16,2,2,0
2015-07-16,3,1,2
2015-07-16,3,2,1
2015-07-16,1,0,1
2015-07-16,6,4,2
2015-07-16,30,28,2
2015-07-16,91,78,13
2015-07-16,146,127,19
2015-07-16,164,140,24
2015-07-16,73,62,11
2015-07-16,29,19,10
2015-07-16,29,18,11
2015-07-16,29,12,17
2015-07-16,37,13,24
2015-07-16,38,20,18
2015-07-16,66,23,43
2015-07-16,112,27,85
2015-07-16,184,27,157
2015-07-16,131,26,105
2015-07-16,79,18,61
2015-07-16,29,8,21
2015-07-16,24,6,18
2015-07-16,14,3,11
2015-07-16,9,2,7
2015-07-17,12,4,8
2015-07-17,5,1,4
2015-07-17,3,1,2
2015-07-17,0,0,0
2015-07-17,4,3,1
2015-07-17,30,24,6
2015-07-17,83,70,13
2015-07-17,145,133,12
2015-07-17,134,120,14
2015-07-17,58,48,10
2015-07-17,23,14,9
2015-07-17,26,15,11
2015-07-17,29,12,17
2015-07-17,43,21,22
2015-07-17,46,17,29
2015-07-17,72,27,45
2015-07-17,117,28,89
2015-07-17,151,25,126
2015-07-17,107,22,85
2015-07-17,46,13,33
2015-07-17,37,13,24
2015-07-17,10,4,6
2015-07-17,17,5,12
2015-07-17,10,5,5
2015-07-18,11,3,8
2015-07-18,5,1,4
2015-07-18,6,0,6
2015-07-18,3,3,0
2015-07-18,5,3,2
2015-07-18,9,7,2
2015-07-18,17,12,5
2015-07-18,45,34,11
2015-07-18,49,28,21
2015-07-18,63,29,34
2015-07-18,60,21,39
2015-07-18,74,43,31
2015-07-18,65,32,33
2015-07-18,90,43,47
2015-07-18,59,32,27
2015-07-18,67,37,30
2015-07-18,57,19,38
2015-07-18,52,25,27
2015-07-18,49,30,19
2015-07-18,42,19,23
2015-07-18,20,13,7
2015-07-18,21,6,15
2015-07-18,22,9,13
2015-07-18,7,1,6
2015-07-19,6,1,5
2015-07-19,6,3,3
2015-07-19,1,0,1
2015-07-19,0,0,0
2015-07-19,2,0,2
2015-07-19,8,6,2
2015-07-19,14,6,8
2015-07-19,27,15,12
2015-07-19,36,22,14
2015-07-19,61,33,28
2015-07-19,85,43,42
2015-07-19,67,39,28
2015-07-19,80,35,45
2015-07-19,80,46,34
2015-07-19,48,20,28
2015-07-19,41,18,23
2015-07-19,50,21,29
2015-07-19,39,21,18
2015-07-19,31,14,17
2015-07-19,22,9,13
2015-07-19,21,12,9
2015-07-19,7,3,4
2015-07-19,8,4,4
2015-07-19,4,2,2
2015-07-20,1,1,0
2015-07-20,4,1,3
2015-07-20,4,1,3
2015-07-20,1,0,1
2015-07-20,6,4,2
2015-07-20,19,13,6
2015-07-20,78,65,13
2015-07-20,152,136,16
2015-07-20,156,134,22
2015-07-20,45,36,9
2015-07-20,28,20,8
2015-07-20,25,16,9
2015-07-20,28,10,18
2015-07-20,20,13,7
2015-07-20,37,19,18
2015-07-20,46,14,32
2015-07-20,107,25,82
2015-07-20,196,25,171
2015-07-20,130,15,115
2015-07-20,59,16,43
2015-07-20,38,11,27
2015-07-20,14,5,9
2015-07-20,11,5,6
2015-07-20,9,2,7
2015-07-21,2,1,1
2015-07-21,4,0,4
2015-07-21,4,3,1
2015-07-21,1,0,1
2015-07-21,7,5,2
2015-07-21,26,22,4
2015-07-21,55,46,9
2015-07-21,144,126,18
2015-07-21,118,105,13
2015-07-21,44,34,10
2015-07-21,29,22,7
2015-07-21,19,13,6
2015-07-21,26,14,12
2015-07-21,24,17,7
2015-07-21,25,11,14
2015-07-21,44,13,31
2015-07-21,80,17,63
2015-07-21,157,23,134
2015-07-21,122,21,101
2015-07-21,69,21,48
2015-07-21,35,11,24
2015-07-21,22,7,15
2015-07-21,7,2,5
2015-07-21,8,1,7
2015-07-22,0,0,0
2015-07-22,2,1,1
2015-07-22,3,1,2
2015-07-22,3,0,3
2015-07-22,5,4,1
2015-07-22,31,27,4
2015-07-22,88,79,9
2015-07-22,178,167,11
2015-07-22,160,135,25
2015-07-22,66,54,12
2015-07-22,36,25,11
2015-07-22,36,22,14
2015-07-22,37,17,20
2015-07-22,32,18,14
2015-07-22,33,10,23
2015-07-22,73,25,48
2015-07-22,117,22,95
2015-07-22,200,29,171
2015-07-22,165,30,135
2015-07-22,72,14,58
2015-07-22,43,18,25
2015-07-22,21,5,16
2015-07-22,9,2,7
2015-07-22,7,4,3
2015-07-23,4,1,3
2015-07-23,0,0,0
2015-07-23,1,0,1
2015-07-23,2,1,1
2015-07-23,4,3,1
2015-07-23,31,26,5
2015-07-23,85,75,10
2015-07-23,182,161,21
2015-07-23,132,117,15
2015-07-23,63,52,11
2015-07-23,27,20,7
2015-07-23,19,12,7
2015-07-23,40,21,19
2015-07-23,29,14,15
2015-07-23,44,16,28
2015-07-23,64,19,45
2015-07-23,102,25,77
2015-07-23,189,31,158
2015-07-23,121,18,103
2015-07-23,65,18,47
2015-07-23,33,11,22
2015-07-23,14,3,11
2015-07-23,23,5,18
2015-07-23,6,0,6
2015-07-24,1,0,1
2015-07-24,4,0,4
2015-07-24,3,1,2
2015-07-24,6,5,1
2015-07-24,3,1,2
2015-07-24,18,14,4
2015-07-24,73,64,9
2015-07-24,128,117,11
2015-07-24,104,80,24
2015-07-24,44,36,8
2015-07-24,23,16,7
2015-07-24,13,10,3
2015-07-24,23,16,7
2015-07-24,32,17,15
2015-07-24,33,11,22
2015-07-24,55,20,35
2015-07-24,98,21,77
2015-07-24,120,15,105
2015-07-24,73,19,54
2015-07-24,41,7,34
2015-07-24,25,9,16
2015-07-24,15,3,12
2015-07-24,9,2,7
2015-07-24,11,2,9
2015-07-25,11,3,8
2015-07-25,3,0,3
2015-07-25,0,0,0
2015-07-25,1,1,0
2015-07-25,0,0,0
2015-07-25,4,2,2
2015-07-25,9,8,1
2015-07-25,9,5,4
2015-07-25,32,23,9
2015-07-25,41,19,22
2015-07-25,42,27,15
2015-07-25,46,34,12
2015-07-25,33,13,20
2015-07-25,36,23,13
2015-07-25,37,13,24
2015-07-25,42,18,24
2015-07-25,22,11,11
2015-07-25,33,12,21
2015-07-25,24,12,12
2015-07-25,28,10,18
2015-07-25,8,1,7
2015-07-25,6,0,6
2015-07-25,4,0,4
2015-07-25,5,1,4
2015-07-26,7,4,3
2015-07-26,3,0,3
2015-07-26,0,0,0
2015-07-26,2,0,2
2015-07-26,2,1,1
2015-07-26,6,3,3
2015-07-26,11,6,5
2015-07-26,18,11,7
2015-07-26,29,22,7
2015-07-26,34,21,13
2015-07-26,40,20,20
2015-07-26,42,20,22
2015-07-26,44,19,25
2015-07-26,47,25,22
2015-07-26,54,27,27
2015-07-26,43,24,19
2015-07-26,29,11,18
2015-07-26,13,3,10
2015-07-26,11,4,7
2015-07-26,13,4,9
2015-07-26,3,0,3
2015-07-26,8,2,6
2015-07-26,2,1,1
2015-07-26,2,1,1
2015-07-27,1,1,0
2015-07-27,0,0,0
2015-07-27,1,0,1
2015-07-27,1,1,0
2015-07-27,7,6,1
2015-07-27,25,20,5
2015-07-27,76,63,13
2015-07-27,144,128,16
2015-07-27,138,119,19
2015-07-27,52,46,6
2015-07-27,26,18,8
2015-07-27,33,22,11
2015-07-27,34,19,15
2015-07-27,25,13,12
2015-07-27,35,18,17
2015-07-27,51,17,34
2015-07-27,109,23,86
2015-07-27,178,21,157
2015-07-27,116,16,100
2015-07-27,67,14,53
2015-07-27,23,9,14
2015-07-27,17,5,12
2015-07-27,10,6,4
2015-07-27,9,3,6
2015-07-28,3,1,2
2015-07-28,5,2,3
2015-07-28,3,2,1
2015-07-28,4,0,4
2015-07-28,3,2,1
2015-07-28,31,26,5
2015-07-28,100,90,10
2015-07-28,182,164,18
2015-07-28,170,145,25
2015-07-28,72,56,16
2015-07-28,36,29,7
2015-07-28,33,22,11
2015-07-28,25,14,11
2015-07-28,33,18,15
2015-07-28,30,6,24
2015-07-28,69,24,45
2015-07-28,127,32,95
2015-07-28,192,21,171
2015-07-28,185,31,154
2015-07-28,91,23,68
2015-07-28,38,17,21
2015-07-28,43,16,27
2015-07-28,19,3,16
2015-07-28,8,3,5
2015-07-29,0,0,0
2015-07-29,3,3,0
2015-07-29,1,1,0
2015-07-29,2,1,1
2015-07-29,7,6,1
2015-07-29,33,26,7
2015-07-29,106,92,14
2015-07-29,117,102,15
2015-07-29,231,204,27
2015-07-29,81,66,15
2015-07-29,48,37,11
2015-07-29,32,10,22
2015-07-29,38,29,9
2015-07-29,56,32,24
2015-07-29,45,15,30
2015-07-29,63,17,46
2015-07-29,116,24,92
2015-07-29,223,32,191
2015-07-29,152,32,120
2015-07-29,102,30,72
2015-07-29,40,11,29
2015-07-29,24,12,12
2015-07-29,16,7,9
2015-07-29,12,5,7
2015-07-30,2,0,2
2015-07-30,3,2,1
2015-07-30,2,1,1
2015-07-30,3,1,2
2015-07-30,8,7,1
2015-07-30,31,21,10
2015-07-30,81,76,5
2015-07-30,166,151,15
2015-07-30,170,148,22
2015-07-30,76,57,19
2015-07-30,38,21,17
2015-07-30,30,23,7
2015-07-30,36,13,23
2015-07-30,37,19,18
2015-07-30,31,14,17
2015-07-30,61,20,41
2015-07-30,96,19,77
2015-07-30,174,21,153
2015-07-30,132,18,114
2015-07-30,77,20,57
2015-07-30,41,18,23
2015-07-30,33,12,21
2015-07-30,23,11,12
2015-07-30,5,0,5
2015-07-31,6,0,6
2015-07-31,6,3,3
2015-07-31,3,2,1
2015-07-31,4,3,1
2015-07-31,3,2,1
2015-07-31,28,24,4
2015-07-31,69,64,5
2015-07-31,121,106,15
2015-07-31,120,107,13
2015-07-31,60,49,11
2015-07-31,46,28,18
2015-07-31,40,25,15
2015-07-31,39,20,19
2015-07-31,41,16,25
2015-07-31,36,16,20
2015-07-31,71,19,52
2015-07-31,121,21,100
2015-07-31,146,22,124
2015-07-31,71,16,55
2015-07-31,50,17,33
2015-07-31,24,7,17
2015-07-31,18,7,11
2015-07-31,7,0,7
2015-07-31,8,1,7
2015-08-01,9,4,5
2015-08-01,7,4,3
2015-08-01,1,0,1
2015-08-01,1,1,0
2015-08-01,2,1,1
2015-08-01,8,6,2
2015-08-01,20,14,6
2015-08-01,24,15,9
2015-08-01,35,16,19
2015-08-01,56,34,22
2015-08-01,73,41,32
2015-08-01,80,43,37
2015-08-01,78,45,33
2015-08-01,59,27,32
2015-08-01,81,37,44
2015-08-01,79,37,42
2015-08-01,43,15,28
2015-08-01,65,27,38
2015-08-01,35,17,18
2015-08-01,23,11,12
2015-08-01,16,6,10
2015-08-01,21,4,17
2015-08-01,8,1,7
2015-08-01,7,1,6
2015-08-02,5,2,3
2015-08-02,2,1,1
2015-08-02,4,2,2
2015-08-02,2,0,2
2015-08-02,8,6,2
2015-08-02,7,5,2
2015-08-02,9,8,1
2015-08-02,34,18,16
2015-08-02,53,26,27
2015-08-02,45,26,19
2015-08-02,81,50,31
2015-08-02,54,28,26
2015-08-02,69,38,31
2015-08-02,48,23,25
2015-08-02,75,33,42
2015-08-02,77,34,43
2015-08-02,63,30,33
2015-08-02,44,23,21
2015-08-02,46,16,30
2015-08-02,21,11,10
2015-08-02,23,11,12
2015-08-02,11,3,8
2015-08-02,9,3,6
2015-08-02,8,2,6
2015-08-03,0,0,0
2015-08-03,1,0,1
2015-08-03,3,1,2
2015-08-03,4,1,3
2015-08-03,13,9,4
2015-08-03,24,18,6
2015-08-03,94,82,12
2015-08-03,132,116,16
2015-08-03,163,142,21
2015-08-03,54,48,6
2015-08-03,34,26,8
2015-08-03,28,14,14
2015-08-03,23,9,14
2015-08-03,35,22,13
2015-08-03,35,13,22
2015-08-03,52,17,35
2015-08-03,120,23,97
2015-08-03,187,22,165
2015-08-03,152,23,129
2015-08-03,62,20,42
2015-08-03,40,17,23
2015-08-03,29,17,12
2015-08-03,7,3,4
2015-08-03,6,2,4
2015-08-04,4,0,4
2015-08-04,2,0,2
2015-08-04,1,0,1
2015-08-04,4,3,1
2015-08-04,5,4,1
2015-08-04,22,17,5
2015-08-04,91,78,13
2015-08-04,176,155,21
2015-08-04,160,138,22
2015-08-04,68,60,8
2015-08-04,33,19,14
2015-08-04,27,15,12
2015-08-04,45,24,21
2015-08-04,49,26,23
2015-08-04,35,19,16
2015-08-04,42,11,31
2015-08-04,130,26,104
2015-08-04,208,23,185
2015-08-04,150,23,127
2015-08-04,64,12,52
2015-08-04,47,14,33
2015-08-04,22,12,10
2015-08-04,13,7,6
2015-08-04,4,1,3
2015-08-05,3,0,3
2015-08-05,2,0,2
2015-08-05,1,0,1
2015-08-05,4,2,2
2015-08-05,7,6,1
2015-08-05,29,24,5
2015-08-05,105,89,16
2015-08-05,140,124,16
2015-08-05,144,137,7
2015-08-05,43,33,10
2015-08-05,29,18,11
2015-08-05,31,14,17
2015-08-05,23,14,9
2015-08-05,24,14,10
2015-08-05,33,14,19
2015-08-05,48,16,32
2015-08-05,123,24,99
2015-08-05,199,27,172
2015-08-05,111,19,92
2015-08-05,58,12,46
2015-08-05,38,12,26
2015-08-05,21,5,16
2015-08-05,8,2,6
2015-08-05,6,2,4
2015-08-06,2,0,2
2015-08-06,2,1,1
2015-08-06,1,1,0
2015-08-06,1,1,0
2015-08-06,9,7,2
2015-08-06,25,21,4
2015-08-06,69,61,8
2015-08-06,153,142,11
2015-08-06,137,126,11
2015-08-06,66,52,14
2015-08-06,30,23,7
2015-08-06,34,18,16
2015-08-06,31,18,13
2015-08-06,31,16,15
2015-08-06,39,19,20
2015-08-06,53,14,39
2015-08-06,111,23,88
2015-08-06,199,29,170
2015-08-06,146,31,115
2015-08-06,64,13,51
2015-08-06,37,11,26
2015-08-06,16,5,11
2015-08-06,12,1,11
2015-08-06,9,3,6
2015-08-07,7,1,6
2015-08-07,2,0,2
2015-08-07,2,0,2
2015-08-07,5,3,2
2015-08-07,3,3,0
2015-08-07,19,15,4
2015-08-07,68,58,10
2015-08-07,115,99,16
2015-08-07,147,128,19
2015-08-07,65,49,16
2015-08-07,19,15,4
2015-08-07,32,21,11
2015-08-07,39,19,20
2015-08-07,59,20,39
2015-08-07,31,17,14
2015-08-07,63,17,46
2015-08-07,88,19,69
2015-08-07,169,42,127
2015-08-07,103,30,73
2015-08-07,43,14,29
2015-08-07,40,16,24
2015-08-07,20,11,9
2015-08-07,12,2,10
2015-08-07,15,1,14
2015-08-08,16,2,14
2015-08-08,15,2,13
2015-08-08,6,0,6
2015-08-08,2,2,0
2015-08-08,2,2,0
2015-08-08,6,6,0
2015-08-08,10,6,4
2015-08-08,22,15,7
2015-08-08,27,18,9
2015-08-08,41,19,22
2015-08-08,47,22,25
2015-08-08,42,27,15
2015-08-08,53,29,24
2015-08-08,55,27,28
2015-08-08,48,34,14
2015-08-08,70,34,36
2015-08-08,57,26,31
2015-08-08,39,18,21
2015-08-08,27,13,14
2015-08-08,13,7,6
2015-08-08,10,3,7
2015-08-08,13,4,9
2015-08-08,7,1,6
2015-08-08,11,5,6
2015-08-09,2,0,2
2015-08-09,4,2,2
2015-08-09,4,0,4
2015-08-09,0,0,0
2015-08-09,4,2,2
2015-08-09,7,6,1
2015-08-09,8,7,1
2015-08-09,21,13,8
2015-08-09,42,23,19
2015-08-09,64,33,31
2015-08-09,61,44,17
2015-08-09,108,62,46
2015-08-09,135,96,39
2015-08-09,83,51,32
2015-08-09,72,32,40
2015-08-09,86,37,49
2015-08-09,74,29,45
2015-08-09,55,29,26
2015-08-09,37,17,20
2015-08-09,41,19,22
2015-08-09,30,17,13
2015-08-09,6,3,3
2015-08-09,6,3,3
2015-08-09,4,0,4
2015-08-10,1,0,1
2015-08-10,1,0,1
2015-08-10,2,2,0
2015-08-10,1,1,0
2015-08-10,9,7,2
2015-08-10,26,24,2
2015-08-10,77,67,10
2015-08-10,135,117,18
2015-08-10,132,114,18
2015-08-10,53,47,6
2015-08-10,25,23,2
2015-08-10,37,12,25
2015-08-10,31,16,15
2015-08-10,38,24,14
2015-08-10,32,15,17
2015-08-10,47,16,31
2015-08-10,105,14,91
2015-08-10,183,32,151
2015-08-10,137,20,117
2015-08-10,49,12,37
2015-08-10,37,14,23
2015-08-10,15,5,10
2015-08-10,7,3,4
2015-08-10,7,1,6
2015-08-11,3,1,2
2015-08-11,2,1,1
2015-08-11,2,2,0
2015-08-11,3,3,0
2015-08-11,4,2,2
2015-08-11,21,18,3
2015-08-11,90,75,15
2015-08-11,181,156,25
2015-08-11,155,141,14
2015-08-11,79,65,14
2015-08-11,23,11,12
2015-08-11,24,14,10
2015-08-11,36,18,18
2015-08-11,36,18,18
2015-08-11,36,14,22
2015-08-11,61,18,43
2015-08-11,118,22,96
2015-08-11,215,28,187
2015-08-11,158,30,128
2015-08-11,71,20,51
2015-08-11,38,14,24
2015-08-11,18,2,16
2015-08-11,7,0,7
2015-08-11,9,3,6
2015-08-12,3,0,3
2015-08-12,5,2,3
2015-08-12,2,1,1
2015-08-12,5,2,3
2015-08-12,5,4,1
2015-08-12,25,21,4
2015-08-12,91,81,10
2015-08-12,169,146,23
2015-08-12,175,158,17
2015-08-12,59,48,11
2015-08-12,41,31,10
2015-08-12,18,12,6
2015-08-12,18,10,8
2015-08-12,22,8,14
2015-08-12,29,16,13
2015-08-12,53,11,42
2015-08-12,120,23,97
2015-08-12,214,28,186
2015-08-12,125,20,105
2015-08-12,64,24,40
2015-08-12,56,15,41
2015-08-12,22,7,15
2015-08-12,8,0,8
2015-08-12,6,2,4
2015-08-13,8,6,2
2015-08-13,1,1,0
2015-08-13,6,1,5
2015-08-13,3,2,1
2015-08-13,6,5,1
2015-08-13,23,21,2
2015-08-13,82,68,14
2015-08-13,148,131,17
2015-08-13,144,126,18
2015-08-13,73,62,11
2015-08-13,33,17,16
2015-08-13,30,17,13
2015-08-13,40,24,16
2015-08-13,35,21,14
2015-08-13,35,18,17
2015-08-13,67,20,47
2015-08-13,119,32,87
2015-08-13,168,32,136
2015-08-13,120,17,103
2015-08-13,78,15,63
2015-08-13,46,15,31
2015-08-13,15,5,10
2015-08-13,12,4,8
2015-08-13,12,2,10
2015-08-14,3,0,3
2015-08-14,7,5,2
2015-08-14,2,1,1
2015-08-14,2,1,1
2015-08-14,3,3,0
2015-08-14,14,10,4
2015-08-14,42,38,4
2015-08-14,74,62,12
2015-08-14,76,69,7
2015-08-14,37,31,6
2015-08-14,20,14,6
2015-08-14,18,8,10
2015-08-14,19,8,11
2015-08-14,17,10,7
2015-08-14,11,1,10
2015-08-14,28,10,18
2015-08-14,34,6,28
2015-08-14,53,6,47
2015-08-14,35,6,29
2015-08-14,12,1,11
2015-08-14,16,3,13
2015-08-14,6,1,5
2015-08-14,5,1,4
2015-08-14,6,1,5
2015-08-15,3,0,3
2015-08-15,0,0,0
2015-08-15,1,1,0
2015-08-15,4,3,1
2015-08-15,1,1,0
2015-08-15,6,4,2
2015-08-15,10,3,7
2015-08-15,16,12,4
2015-08-15,23,15,8
2015-08-15,33,20,13
2015-08-15,40,16,24
2015-08-15,38,20,18
2015-08-15,51,20,31
2015-08-15,56,28,28
2015-08-15,58,31,27
2015-08-15,51,25,26
2015-08-15,57,25,32
2015-08-15,32,19,13
2015-08-15,23,10,13
2015-08-15,18,9,9
2015-08-15,14,2,12
2015-08-15,12,8,4
2015-08-15,10,1,9
2015-08-15,11,4,7
2015-08-16,4,2,2
2015-08-16,3,1,2
2015-08-16,5,1,4
2015-08-16,4,1,3
2015-08-16,2,1,1
2015-08-16,9,5,4
2015-08-16,5,2,3
2015-08-16,10,6,4
2015-08-16,31,21,10
2015-08-16,27,14,13
2015-08-16,62,27,35
2015-08-16,80,38,42
2015-08-16,89,48,41
2015-08-16,98,53,45
2015-08-16,83,48,35
2015-08-16,68,30,38
2015-08-16,76,34,42
2015-08-16,63,23,40
2015-08-16,48,18,30
2015-08-16,27,16,11
2015-08-16,12,7,5
2015-08-16,11,4,7
2015-08-16,10,5,5
2015-08-16,5,1,4
2015-08-17,0,0,0
2015-08-17,3,2,1
2015-08-17,1,1,0
2015-08-17,2,1,1
2015-08-17,7,5,2
2015-08-17,24,22,2
2015-08-17,70,59,11
2015-08-17,148,133,15
2015-08-17,134,119,15
2015-08-17,54,49,5
2015-08-17,22,12,10
2015-08-17,26,16,10
2015-08-17,31,14,17
2015-08-17,33,19,14
2015-08-17,25,9,16
2015-08-17,60,17,43
2015-08-17,116,26,90
2015-08-17,217,29,188
2015-08-17,135,23,112
2015-08-17,54,15,39
2015-08-17,25,15,10
2015-08-17,16,4,12
2015-08-17,13,1,12
2015-08-17,4,1,3
2015-08-18,2,0,2
2015-08-18,0,0,0
2015-08-18,2,0,2
2015-08-18,5,5,0
2015-08-18,7,4,3
2015-08-18,26,22,4
2015-08-18,84,73,11
2015-08-18,180,167,13
2015-08-18,159,138,21
2015-08-18,65,57,8
2015-08-18,36,21,15
2015-08-18,42,22,20
2015-08-18,31,10,21
2015-08-18,47,19,28
2015-08-18,41,19,22
2015-08-18,54,14,40
2015-08-18,127,31,96
2015-08-18,189,27,162
2015-08-18,136,19,117
2015-08-18,56,12,44
2015-08-18,34,6,28
2015-08-18,27,6,21
2015-08-18,12,3,9
2015-08-18,1,0,1
2015-08-19,2,0,2
2015-08-19,1,0,1
2015-08-19,3,1,2
2015-08-19,2,1,1
2015-08-19,7,7,0
2015-08-19,25,19,6
2015-08-19,77,67,10
2015-08-19,166,142,24
2015-08-19,179,165,14
2015-08-19,68,50,18
2015-08-19,32,22,10
2015-08-19,36,21,15
2015-08-19,36,22,14
2015-08-19,38,16,22
2015-08-19,35,11,24
2015-08-19,59,13,46
2015-08-19,108,24,84
2015-08-19,202,24,178
2015-08-19,123,22,101
2015-08-19,80,23,57
2015-08-19,48,20,28
2015-08-19,20,5,15
2015-08-19,6,0,6
2015-08-19,12,3,9
2015-08-20,5,0,5
2015-08-20,0,0,0
2015-08-20,2,2,0
2015-08-20,1,0,1
2015-08-20,12,10,2
2015-08-20,25,20,5
2015-08-20,71,64,7
2015-08-20,136,117,19
2015-08-20,126,116,10
2015-08-20,61,54,7
2015-08-20,30,21,9
2015-08-20,22,13,9
2015-08-20,31,10,21
2015-08-20,38,22,16
2015-08-20,38,13,25
2015-08-20,54,16,38
2015-08-20,98,20,78
2015-08-20,157,24,133
2015-08-20,110,23,87
2015-08-20,64,13,51
2015-08-20,40,7,33
2015-08-20,23,9,14
2015-08-20,11,2,9
2015-08-20,11,4,7
2015-08-21,5,1,4
2015-08-21,0,0,0
2015-08-21,3,2,1
2015-08-21,1,1,0
2015-08-21,6,5,1
2015-08-21,16,14,2
2015-08-21,51,46,5
2015-08-21,109,93,16
2015-08-21,109,97,12
2015-08-21,54,48,6
2015-08-21,31,20,11
2015-08-21,34,30,4
2015-08-21,28,16,12
2015-08-21,27,11,16
2015-08-21,30,11,19
2015-08-21,50,11,39
2015-08-21,93,19,74
2015-08-21,131,14,117
2015-08-21,73,15,58
2015-08-21,40,6,34
2015-08-21,21,7,14
2015-08-21,19,9,10
2015-08-21,9,2,7
2015-08-21,8,3,5
2015-08-22,9,1,8
2015-08-22,2,1,1
2015-08-22,5,1,4
2015-08-22,4,1,3
2015-08-22,2,2,0
2015-08-22,5,5,0
2015-08-22,9,6,3
2015-08-22,22,16,6
2015-08-22,48,30,18
2015-08-22,42,28,14
2015-08-22,117,43,74
2015-08-22,100,36,64
2015-08-22,113,68,45
2015-08-22,58,39,19
2015-08-22,53,25,28
2015-08-22,62,31,31
2015-08-22,49,19,30
2015-08-22,44,24,20
2015-08-22,26,14,12
2015-08-22,21,11,10
2015-08-22,18,5,13
2015-08-22,12,7,5
2015-08-22,10,2,8
2015-08-22,5,1,4
2015-08-23,7,2,5
2015-08-23,2,1,1
2015-08-23,2,0,2
2015-08-23,3,0,3
2015-08-23,1,0,1
2015-08-23,4,3,1
2015-08-23,10,6,4
2015-08-23,14,10,4
2015-08-23,29,15,14
2015-08-23,58,29,29
2015-08-23,45,23,22
2015-08-23,56,28,28
2015-08-23,80,35,45
2015-08-23,73,34,39
2015-08-23,79,39,40
2015-08-23,57,18,39
2015-08-23,63,30,33
2015-08-23,52,27,25
2015-08-23,36,18,18
2015-08-23,15,8,7
2015-08-23,17,9,8
2015-08-23,5,2,3
2015-08-23,3,1,2
2015-08-23,5,3,2
2015-08-24,6,4,2
2015-08-24,1,0,1
2015-08-24,3,1,2
2015-08-24,1,0,1
2015-08-24,6,6,0
2015-08-24,26,25,1
2015-08-24,66,50,16
2015-08-24,144,130,14
2015-08-24,179,148,31
2015-08-24,46,40,6
2015-08-24,23,20,3
2015-08-24,22,13,9
2015-08-24,28,15,13
2015-08-24,32,20,12
2015-08-24,35,15,20
2015-08-24,58,20,38
2015-08-24,125,30,95
2015-08-24,170,19,151
2015-08-24,113,14,99
2015-08-24,54,15,39
2015-08-24,29,4,25
2015-08-24,7,0,7
2015-08-24,12,4,8
2015-08-24,6,2,4
2015-08-25,5,0,5
2015-08-25,3,1,2
2015-08-25,2,1,1
2015-08-25,1,1,0
2015-08-25,1,1,0
2015-08-25,26,23,3
2015-08-25,78,66,12
2015-08-25,185,163,22
2015-08-25,167,144,23
2015-08-25,64,50,14
2015-08-25,28,19,9
2015-08-25,15,10,5
2015-08-25,34,15,19
2015-08-25,39,24,15
2015-08-25,35,17,18
2015-08-25,61,16,45
2015-08-25,133,37,96
2015-08-25,204,23,181
2015-08-25,143,28,115
2015-08-25,69,22,47
2015-08-25,45,10,35
2015-08-25,20,7,13
2015-08-25,13,5,8
2015-08-25,17,9,8
2015-08-26,2,1,1
2015-08-26,2,1,1
2015-08-26,1,1,0
2015-08-26,1,1,0
2015-08-26,3,3,0
2015-08-26,30,24,6
2015-08-26,73,62,11
2015-08-26,163,142,21
2015-08-26,152,141,11
2015-08-26,57,51,6
2015-08-26,42,25,17
2015-08-26,29,17,12
2015-08-26,29,12,17
2015-08-26,45,26,19
2015-08-26,36,17,19
2015-08-26,63,18,45
2015-08-26,135,32,103
2015-08-26,203,30,173
2015-08-26,103,13,90
2015-08-26,68,12,56
2015-08-26,42,20,22
2015-08-26,20,4,16
2015-08-26,9,1,8
2015-08-26,8,3,5
2015-08-27,1,1,0
2015-08-27,0,0,0
2015-08-27,2,2,0
2015-08-27,1,0,1
2015-08-27,5,4,1
2015-08-27,34,30,4
2015-08-27,78,66,12
2015-08-27,158,142,16
2015-08-27,153,129,24
2015-08-27,60,53,7
2015-08-27,35,24,11
2015-08-27,30,22,8
2015-08-27,36,15,21
2015-08-27,41,27,14
2015-08-27,45,20,25
2015-08-27,76,38,38
2015-08-27,125,24,101
2015-08-27,194,29,165
2015-08-27,113,21,92
2015-08-27,65,16,49
2015-08-27,30,6,24
2015-08-27,16,3,13
2015-08-27,17,3,14
2015-08-27,11,2,9
2015-08-28,5,1,4
2015-08-28,2,1,1
2015-08-28,3,1,2
2015-08-28,1,1,0
2015-08-28,3,1,2
2015-08-28,21,19,2
2015-08-28,36,30,6
2015-08-28,78,71,7
2015-08-28,76,66,10
2015-08-28,36,30,6
2015-08-28,25,20,5
2015-08-28,18,12,6
2015-08-28,18,10,8
2015-08-28,24,11,13
2015-08-28,28,10,18
2015-08-28,53,10,43
2015-08-28,58,11,47
2015-08-28,102,18,84
2015-08-28,60,10,50
2015-08-28,16,2,14
2015-08-28,10,5,5
2015-08-28,11,3,8
2015-08-28,8,3,5
2015-08-28,5,0,5
2015-08-29,3,2,1
2015-08-29,7,2,5
2015-08-29,1,0,1
2015-08-29,2,1,1
2015-08-29,2,1,1
2015-08-29,7,5,2
2015-08-29,2,1,1
2015-08-29,0,0,0
2015-08-29,7,7,0
2015-08-29,13,9,4
2015-08-29,16,8,8
2015-08-29,13,8,5
2015-08-29,16,9,7
2015-08-29,23,9,14
2015-08-29,16,11,5
2015-08-29,22,11,11
2015-08-29,14,8,6
2015-08-29,23,11,12
2015-08-29,6,2,4
2015-08-29,9,3,6
2015-08-29,9,3,6
2015-08-29,1,1,0
2015-08-29,1,0,1
2015-08-29,1,1,0
2015-08-30,0,0,0
2015-08-30,4,1,3
2015-08-30,0,0,0
2015-08-30,1,1,0
2015-08-30,0,0,0
2015-08-30,1,1,0
2015-08-30,3,2,1
2015-08-30,8,5,3
2015-08-30,6,3,3
2015-08-30,15,10,5
2015-08-30,21,13,8
2015-08-30,23,10,13
2015-08-30,30,16,14
2015-08-30,20,13,7
2015-08-30,33,13,20
2015-08-30,28,17,11
2015-08-30,26,7,19
2015-08-30,30,12,18
2015-08-30,14,4,10
2015-08-30,9,8,1
2015-08-30,8,4,4
2015-08-30,5,1,4
2015-08-30,2,0,2
2015-08-30,5,2,3
2015-08-31,2,0,2
2015-08-31,0,0,0
2015-08-31,1,1,0
2015-08-31,1,1,0
2015-08-31,7,6,1
2015-08-31,15,13,2
2015-08-31,49,42,7
2015-08-31,117,102,15
2015-08-31,117,106,11
2015-08-31,39,34,5
2015-08-31,16,12,4
2015-08-31,7,4,3
2015-08-31,12,6,6
2015-08-31,9,6,3
2015-08-31,19,3,16
2015-08-31,37,12,25
2015-08-31,73,15,58
2015-08-31,132,10,122
2015-08-31,82,15,67
2015-08-31,40,7,33
2015-08-31,18,4,14
2015-08-31,5,1,4
2015-08-31,2,0,2
2015-08-31,4,3,1
2015-09-01,3,0,3
2015-09-01,4,0,4
2015-09-01,1,0,1
2015-09-01,2,1,1
2015-09-01,6,5,1
2015-09-01,18,18,0
2015-09-01,53,46,7
2015-09-01,109,96,13
2015-09-01,96,83,13
2015-09-01,33,29,4
2015-09-01,9,7,2
2015-09-01,10,8,2
2015-09-01,14,7,7
2015-09-01,20,13,7
2015-09-01,21,11,10
2015-09-01,23,5,18
2015-09-01,66,13,53
2015-09-01,118,15,103
2015-09-01,73,9,64
2015-09-01,33,7,26
2015-09-01,18,4,14
2015-09-01,14,1,13
2015-09-01,2,0,2
2015-09-01,7,1,6
2015-09-02,3,1,2
2015-09-02,1,0,1
2015-09-02,2,0,2
2015-09-02,3,2,1
2015-09-02,4,4,0
2015-09-02,19,19,0
2015-09-02,67,63,4
2015-09-02,133,121,12
2015-09-02,119,106,13
2015-09-02,51,44,7
2015-09-02,26,19,7
2015-09-02,29,19,10
2015-09-02,32,21,11
2015-09-02,21,13,8
2015-09-02,26,11,15
2015-09-02,43,19,24
2015-09-02,114,26,88
2015-09-02,157,18,139
2015-09-02,117,19,98
2015-09-02,34,8,26
2015-09-02,29,7,22
2015-09-02,16,1,15
2015-09-02,5,1,4
2015-09-02,3,2,1
2015-09-03,2,0,2
2015-09-03,0,0,0
2015-09-03,2,2,0
2015-09-03,1,0,1
2015-09-03,7,6,1
2015-09-03,21,20,1
2015-09-03,70,55,15
2015-09-03,119,100,19
2015-09-03,118,103,15
2015-09-03,56,46,10
2015-09-03,21,17,4
2015-09-03,19,13,6
2015-09-03,33,20,13
2015-09-03,16,6,10
2015-09-03,25,8,17
2015-09-03,35,17,18
2015-09-03,80,24,56
2015-09-03,149,23,126
2015-09-03,97,12,85
2015-09-03,38,7,31
2015-09-03,24,6,18
2015-09-03,10,1,9
2015-09-03,7,0,7
2015-09-03,10,2,8
2015-09-04,3,1,2
2015-09-04,0,0,0
2015-09-04,2,2,0
2015-09-04,2,1,1
2015-09-04,3,3,0
2015-09-04,22,21,1
2015-09-04,57,47,10
2015-09-04,106,87,19
2015-09-04,105,91,14
2015-09-04,44,34,10
2015-09-04,30,21,9
2015-09-04,29,12,17
2015-09-04,33,23,10
2015-09-04,27,11,16
2015-09-04,33,8,25
2015-09-04,62,19,43
2015-09-04,101,25,76
2015-09-04,109,14,95
2015-09-04,59,16,43
2015-09-04,37,6,31
2015-09-04,19,6,13
2015-09-04,13,5,8
2015-09-04,2,0,2
2015-09-04,1,0,1
2015-09-05,3,2,1
2015-09-05,3,1,2
2015-09-05,2,2,0
2015-09-05,1,1,0
2015-09-05,3,2,1
2015-09-05,2,2,0
2015-09-05,10,9,1
2015-09-05,29,20,9
2015-09-05,41,18,23
2015-09-05,34,10,24
2015-09-05,63,39,24
2015-09-05,31,20,11
2015-09-05,55,26,29
2015-09-05,52,30,22
2015-09-05,72,36,36
2015-09-05,63,31,32
2015-09-05,34,14,20
2015-09-05,31,20,11
2015-09-05,24,6,18
2015-09-05,15,3,12
2015-09-05,3,1,2
2015-09-05,8,2,6
2015-09-05,4,1,3
2015-09-05,4,2,2
2015-09-06,4,2,2
2015-09-06,3,0,3
2015-09-06,1,0,1
2015-09-06,2,1,1
2015-09-06,2,0,2
2015-09-06,3,3,0
2015-09-06,2,2,0
2015-09-06,3,1,2
2015-09-06,9,6,3
2015-09-06,9,5,4
2015-09-06,19,13,6
2015-09-06,21,13,8
2015-09-06,16,5,11
2015-09-06,19,13,6
2015-09-06,16,6,10
2015-09-06,22,12,10
2015-09-06,18,6,12
2015-09-06,15,5,10
2015-09-06,15,9,6
2015-09-06,5,4,1
2015-09-06,16,5,11
2015-09-06,3,2,1
2015-09-06,2,0,2
2015-09-06,2,1,1
2015-09-07,1,0,1
2015-09-07,2,0,2
2015-09-07,3,1,2
2015-09-07,0,0,0
2015-09-07,2,0,2
2015-09-07,2,2,0
2015-09-07,5,5,0
2015-09-07,8,6,2
2015-09-07,21,14,7
2015-09-07,85,28,57
2015-09-07,52,27,25
2015-09-07,54,20,34
2015-09-07,78,25,53
2015-09-07,71,41,30
2015-09-07,79,47,32
2015-09-07,104,55,49
2015-09-07,88,37,51
2015-09-07,59,28,31
2015-09-07,47,23,24
2015-09-07,32,11,21
2015-09-07,17,10,7
2015-09-07,7,2,5
2015-09-07,6,3,3
2015-09-07,6,1,5
2015-09-08,2,0,2
2015-09-08,1,0,1
2015-09-08,2,2,0
2015-09-08,4,1,3
2015-09-08,5,5,0
2015-09-08,24,22,2
2015-09-08,59,48,11
2015-09-08,157,135,22
2015-09-08,148,131,17
2015-09-08,57,50,7
2015-09-08,15,10,5
2015-09-08,12,7,5
2015-09-08,29,14,15
2015-09-08,21,10,11
2015-09-08,27,10,17
2015-09-08,45,14,31
2015-09-08,109,30,79
2015-09-08,176,21,155
2015-09-08,137,20,117
2015-09-08,53,12,41
2015-09-08,23,3,20
2015-09-08,21,4,17
2015-09-08,9,4,5
2015-09-08,13,5,8
2015-09-09,4,2,2
2015-09-09,0,0,0
2015-09-09,2,2,0
2015-09-09,5,1,4
2015-09-09,4,4,0
2015-09-09,25,23,2
2015-09-09,72,63,9
2015-09-09,160,145,15
2015-09-09,160,139,21
2015-09-09,57,49,8
2015-09-09,39,29,10
2015-09-09,26,15,11
2015-09-09,35,17,18
2015-09-09,37,13,24
2015-09-09,33,16,17
2015-09-09,60,14,46
2015-09-09,109,32,77
2015-09-09,185,25,160
2015-09-09,141,26,115
2015-09-09,55,12,43
2015-09-09,26,5,21
2015-09-09,18,2,16
2015-09-09,17,4,13
2015-09-09,5,1,4
2015-09-10,4,2,2
2015-09-10,1,1,0
2015-09-10,3,1,2
2015-09-10,1,1,0
2015-09-10,3,3,0
2015-09-10,19,17,2
2015-09-10,74,65,9
2015-09-10,152,138,14
2015-09-10,155,136,19
2015-09-10,76,64,12
2015-09-10,36,24,12
2015-09-10,27,19,8
2015-09-10,31,13,18
2015-09-10,28,19,9
2015-09-10,36,16,20
2015-09-10,53,13,40
2015-09-10,105,23,82
2015-09-10,207,37,170
2015-09-10,123,14,109
2015-09-10,48,6,42
2015-09-10,30,11,19
2015-09-10,22,6,16
2015-09-10,13,5,8
2015-09-10,9,3,6
2015-09-11,4,2,2
2015-09-11,0,0,0
2015-09-11,3,2,1
2015-09-11,0,0,0
2015-09-11,6,6,0
2015-09-11,22,17,5
2015-09-11,58,48,10
2015-09-11,130,111,19
2015-09-11,140,126,14
2015-09-11,40,34,6
2015-09-11,38,28,10
2015-09-11,21,10,11
2015-09-11,27,13,14
2015-09-11,35,18,17
2015-09-11,48,24,24
2015-09-11,69,19,50
2015-09-11,106,26,80
2015-09-11,151,18,133
2015-09-11,67,10,57
2015-09-11,58,11,47
2015-09-11,22,6,16
2015-09-11,15,5,10
2015-09-11,9,2,7
2015-09-11,5,0,5
2015-09-12,9,6,3
2015-09-12,1,0,1
2015-09-12,2,1,1
2015-09-12,2,2,0
2015-09-12,2,1,1
2015-09-12,10,8,2
2015-09-12,7,3,4
2015-09-12,21,16,5
2015-09-12,30,17,13
2015-09-12,46,28,18
2015-09-12,66,31,35
2015-09-12,56,32,24
2015-09-12,75,36,39
2015-09-12,77,36,41
2015-09-12,70,36,34
2015-09-12,86,36,50
2015-09-12,72,28,44
2015-09-12,71,38,33
2015-09-12,32,17,15
2015-09-12,30,8,22
2015-09-12,22,10,12
2015-09-12,13,4,9
2015-09-12,9,5,4
2015-09-12,15,6,9
2015-09-13,8,4,4
2015-09-13,7,1,6
2015-09-13,2,0,2
2015-09-13,0,0,0
2015-09-13,3,1,2
2015-09-13,3,2,1
2015-09-13,1,1,0
2015-09-13,5,5,0
2015-09-13,17,11,6
2015-09-13,30,18,12
2015-09-13,34,17,17
2015-09-13,17,8,9
2015-09-13,21,17,4
2015-09-13,19,9,10
2015-09-13,35,24,11
2015-09-13,31,13,18
2015-09-13,31,11,20
2015-09-13,30,12,18
2015-09-13,15,8,7
2015-09-13,16,3,13
2015-09-13,4,1,3
2015-09-13,4,1,3
2015-09-13,3,2,1
2015-09-13,5,3,2
2015-09-14,3,1,2
2015-09-14,0,0,0
2015-09-14,1,1,0
2015-09-14,2,0,2
2015-09-14,7,6,1
2015-09-14,18,16,2
2015-09-14,62,54,8
2015-09-14,139,130,9
2015-09-14,149,137,12
2015-09-14,45,39,6
2015-09-14,26,17,9
2015-09-14,17,12,5
2015-09-14,22,12,10
2015-09-14,23,11,12
2015-09-14,25,14,11
2015-09-14,40,12,28
2015-09-14,95,20,75
2015-09-14,172,22,150
2015-09-14,95,13,82
2015-09-14,42,8,34
2015-09-14,16,4,12
2015-09-14,9,2,7
2015-09-14,5,2,3
2015-09-14,4,2,2
2015-09-15,3,1,2
2015-09-15,0,0,0
2015-09-15,3,2,1
2015-09-15,2,1,1
2015-09-15,4,4,0
2015-09-15,24,21,3
2015-09-15,61,53,8
2015-09-15,144,133,11
2015-09-15,140,122,18
2015-09-15,54,49,5
2015-09-15,23,14,9
2015-09-15,18,6,12
2015-09-15,23,9,14
2015-09-15,23,15,8
2015-09-15,22,7,15
2015-09-15,36,9,27
2015-09-15,97,18,79
2015-09-15,167,22,145
2015-09-15,112,15,97
2015-09-15,34,7,27
2015-09-15,9,2,7
2015-09-15,12,4,8
2015-09-15,10,2,8
2015-09-15,5,0,5
2015-09-16,2,2,0
2015-09-16,0,0,0
2015-09-16,2,2,0
2015-09-16,2,1,1
2015-09-16,6,6,0
2015-09-16,24,23,1
2015-09-16,57,48,9
2015-09-16,128,116,12
2015-09-16,145,135,10
2015-09-16,49,41,8
2015-09-16,23,18,5
2015-09-16,31,18,13
2015-09-16,21,12,9
2015-09-16,30,15,15
2015-09-16,43,17,26
2015-09-16,42,14,28
2015-09-16,100,25,75
2015-09-16,169,17,152
2015-09-16,107,17,90
2015-09-16,37,9,28
2015-09-16,39,11,28
2015-09-16,16,3,13
2015-09-16,8,3,5
2015-09-16,0,0,0
2015-09-17,3,1,2
2015-09-17,1,0,1
2015-09-17,1,1,0
2015-09-17,0,0,0
2015-09-17,5,5,0
2015-09-17,10,8,2
2015-09-17,47,41,6
2015-09-17,110,97,13
2015-09-17,95,90,5
2015-09-17,45,41,4
2015-09-17,15,14,1
2015-09-17,6,2,4
2015-09-17,15,5,10
2015-09-17,10,3,7
2015-09-17,19,11,8
2015-09-17,21,8,13
2015-09-17,43,7,36
2015-09-17,100,10,90
2015-09-17,68,5,63
2015-09-17,62,4,58
2015-09-17,16,3,13
2015-09-17,11,2,9
2015-09-17,5,2,3
2015-09-17,22,19,3
2015-09-18,9,8,1
2015-09-18,7,5,2
2015-09-18,9,8,1
2015-09-18,0,0,0
2015-09-18,4,3,1
2015-09-18,13,11,2
2015-09-18,44,36,8
2015-09-18,109,89,20
2015-09-18,115,98,17
2015-09-18,40,34,6
2015-09-18,20,13,7
2015-09-18,11,6,5
2015-09-18,20,12,8
2015-09-18,28,16,12
2015-09-18,30,10,20
2015-09-18,49,16,33
2015-09-18,82,18,64
2015-09-18,119,9,110
2015-09-18,81,10,71
2015-09-18,32,5,27
2015-09-18,9,5,4
2015-09-18,14,3,11
2015-09-18,2,1,1
2015-09-18,2,1,1
2015-09-19,8,1,7
2015-09-19,0,0,0
2015-09-19,3,2,1
2015-09-19,1,0,1
2015-09-19,1,0,1
2015-09-19,8,7,1
2015-09-19,16,14,2
2015-09-19,18,13,5
2015-09-19,27,16,11
2015-09-19,34,20,14
2015-09-19,35,20,15
2015-09-19,61,30,31
2015-09-19,60,28,32
2015-09-19,50,24,26
2015-09-19,49,22,27
2015-09-19,41,22,19
2015-09-19,48,19,29
2015-09-19,37,12,25
2015-09-19,30,11,19
2015-09-19,12,3,9
2015-09-19,7,2,5
2015-09-19,4,1,3
2015-09-19,1,0,1
2015-09-19,2,0,2
2015-09-20,5,1,4
2015-09-20,1,0,1
2015-09-20,0,0,0
2015-09-20,3,1,2
2015-09-20,2,2,0
2015-09-20,4,3,1
2015-09-20,0,0,0
2015-09-20,9,6,3
2015-09-20,19,8,11
2015-09-20,31,15,16
2015-09-20,32,19,13
2015-09-20,47,25,22
2015-09-20,30,15,15
2015-09-20,36,22,14
2015-09-20,30,15,15
2015-09-20,29,11,18
2015-09-20,31,18,13
2015-09-20,27,7,20
2015-09-20,18,8,10
2015-09-20,10,2,8
2015-09-20,3,2,1
2015-09-20,2,1,1
2015-09-20,0,0,0
2015-09-20,5,2,3
2015-09-21,2,0,2
2015-09-21,0,0,0
2015-09-21,0,0,0
2015-09-21,1,0,1
2015-09-21,4,3,1
2015-09-21,25,22,3
2015-09-21,59,52,7
2015-09-21,170,150,20
2015-09-21,157,136,21
2015-09-21,45,39,6
2015-09-21,28,22,6
2015-09-21,21,13,8
2015-09-21,34,18,16
2015-09-21,27,15,12
2015-09-21,34,11,23
2015-09-21,54,16,38
2015-09-21,117,21,96
2015-09-21,173,20,153
2015-09-21,145,21,124
2015-09-21,42,9,33
2015-09-21,21,8,13
2015-09-21,11,3,8
2015-09-21,9,3,6
2015-09-21,6,0,6
2015-09-22,1,0,1
2015-09-22,1,0,1
2015-09-22,1,1,0
2015-09-22,4,2,2
2015-09-22,2,2,0
2015-09-22,36,32,4
2015-09-22,95,83,12
2015-09-22,191,166,25
2015-09-22,183,169,14
2015-09-22,51,47,4
2015-09-22,36,24,12
2015-09-22,23,16,7
2015-09-22,35,11,24
2015-09-22,37,18,19
2015-09-22,43,23,20
2015-09-22,54,15,39
2015-09-22,142,22,120
2015-09-22,209,28,181
2015-09-22,154,18,136
2015-09-22,56,12,44
2015-09-22,24,6,18
2015-09-22,8,1,7
2015-09-22,12,1,11
2015-09-22,2,1,1
2015-09-23,1,0,1
2015-09-23,0,0,0
2015-09-23,1,1,0
2015-09-23,3,1,2
2015-09-23,3,2,1
2015-09-23,30,27,3
2015-09-23,78,69,9
2015-09-23,178,154,24
2015-09-23,176,161,15
2015-09-23,65,60,5
2015-09-23,35,26,9
2015-09-23,27,14,13
2015-09-23,41,26,15
2015-09-23,39,20,19
2015-09-23,37,16,21
2015-09-23,69,18,51
2015-09-23,130,21,109
2015-09-23,220,36,184
2015-09-23,136,25,111
2015-09-23,68,12,56
2015-09-23,29,11,18
2015-09-23,30,5,25
2015-09-23,18,7,11
2015-09-23,6,3,3
2015-09-24,5,2,3
2015-09-24,0,0,0
2015-09-24,3,2,1
2015-09-24,3,0,3
2015-09-24,6,5,1
2015-09-24,37,30,7
2015-09-24,87,80,7
2015-09-24,157,141,16
2015-09-24,132,125,7
2015-09-24,62,54,8
2015-09-24,27,23,4
2015-09-24,24,14,10
2015-09-24,20,11,9
2015-09-24,34,20,14
2015-09-24,39,20,19
2015-09-24,57,15,42
2015-09-24,123,24,99
2015-09-24,177,20,157
2015-09-24,112,14,98
2015-09-24,73,13,60
2015-09-24,24,9,15
2015-09-24,17,9,8
2015-09-24,8,0,8
2015-09-24,7,2,5
2015-09-25,6,2,4
2015-09-25,2,0,2
2015-09-25,2,1,1
2015-09-25,1,0,1
2015-09-25,3,3,0
2015-09-25,20,19,1
2015-09-25,50,38,12
2015-09-25,80,68,12
2015-09-25,81,71,10
2015-09-25,32,27,5
2015-09-25,18,16,2
2015-09-25,7,4,3
2015-09-25,6,5,1
2015-09-25,18,5,13
2015-09-25,15,6,9
2015-09-25,34,6,28
2015-09-25,63,12,51
2015-09-25,102,14,88
2015-09-25,46,4,42
2015-09-25,13,1,12
2015-09-25,14,0,14
2015-09-25,7,4,3
2015-09-25,4,2,2
2015-09-25,2,0,2
2015-09-26,2,1,1
2015-09-26,2,0,2
2015-09-26,2,2,0
2015-09-26,2,2,0
2015-09-26,0,0,0
2015-09-26,7,7,0
2015-09-26,7,7,0
2015-09-26,14,13,1
2015-09-26,19,9,10
2015-09-26,37,20,17
2015-09-26,26,12,14
2015-09-26,42,26,16
2015-09-26,55,36,19
2015-09-26,61,20,41
2015-09-26,26,12,14
2015-09-26,42,23,19
2015-09-26,44,19,25
2015-09-26,34,16,18
2015-09-26,18,6,12
2015-09-26,25,11,14
2015-09-26,15,6,9
2015-09-26,4,2,2
2015-09-26,12,4,8
2015-09-26,6,2,4
2015-09-27,2,1,1
2015-09-27,1,0,1
2015-09-27,1,0,1
2015-09-27,1,1,0
2015-09-27,3,2,1
2015-09-27,4,3,1
2015-09-27,1,1,0
2015-09-27,10,8,2
2015-09-27,21,13,8
2015-09-27,29,19,10
2015-09-27,47,29,18
2015-09-27,69,33,36
2015-09-27,64,34,30
2015-09-27,51,27,24
2015-09-27,54,29,25
2015-09-27,44,15,29
2015-09-27,42,20,22
2015-09-27,24,7,17
2015-09-27,17,9,8
2015-09-27,8,0,8
2015-09-27,5,1,4
2015-09-27,6,4,2
2015-09-27,2,0,2
2015-09-27,3,2,1
2015-09-28,3,2,1
2015-09-28,1,1,0
2015-09-28,2,1,1
2015-09-28,2,1,1
2015-09-28,4,3,1
2015-09-28,30,28,2
2015-09-28,74,64,10
2015-09-28,142,131,11
2015-09-28,153,141,12
2015-09-28,47,41,6
2015-09-28,28,23,5
2015-09-28,18,9,9
2015-09-28,33,19,14
2015-09-28,28,14,14
2015-09-28,28,11,17
2015-09-28,49,17,32
2015-09-28,116,30,86
2015-09-28,164,21,143
2015-09-28,134,13,121
2015-09-28,52,18,34
2015-09-28,16,4,12
2015-09-28,8,1,7
2015-09-28,5,3,2
2015-09-28,5,4,1
2015-09-29,2,1,1
2015-09-29,3,0,3
2015-09-29,1,1,0
2015-09-29,3,2,1
2015-09-29,3,3,0
2015-09-29,24,23,1
2015-09-29,81,68,13
2015-09-29,165,150,15
2015-09-29,176,160,16
2015-09-29,78,62,16
2015-09-29,40,30,10
2015-09-29,20,13,7
2015-09-29,29,18,11
2015-09-29,38,24,14
2015-09-29,30,11,19
2015-09-29,53,11,42
2015-09-29,134,36,98
2015-09-29,220,27,193
2015-09-29,135,17,118
2015-09-29,47,11,36
2015-09-29,22,4,18
2015-09-29,13,1,12
2015-09-29,6,1,5
2015-09-29,5,2,3
2015-09-30,4,3,1
2015-09-30,2,0,2
2015-09-30,1,1,0
2015-09-30,4,2,2
2015-09-30,5,5,0
2015-09-30,40,38,2
2015-09-30,62,53,9
2015-09-30,161,144,17
2015-09-30,162,151,11
2015-09-30,55,50,5
2015-09-30,32,23,9
2015-09-30,16,7,9
2015-09-30,19,14,5
2015-09-30,14,6,8
2015-09-30,34,13,21
2015-09-30,50,18,32
2015-09-30,130,23,107
2015-09-30,199,22,177
2015-09-30,119,24,95
2015-09-30,57,8,49
2015-09-30,37,14,23
2015-09-30,11,3,8
2015-09-30,10,3,7
2015-09-30,4,2,2
2015-10-01,3,2,1
2015-10-01,1,1,0
2015-10-01,2,1,1
2015-10-01,3,1,2
2015-10-01,4,4,0
2015-10-01,31,27,4
2015-10-01,96,81,15
2015-10-01,135,120,15
2015-10-01,147,132,15
2015-10-01,61,52,9
2015-10-01,27,15,12
2015-10-01,23,14,9
2015-10-01,30,15,15
2015-10-01,28,19,9
2015-10-01,41,18,23
2015-10-01,55,12,43
2015-10-01,112,27,85
2015-10-01,188,27,161
2015-10-01,94,15,79
2015-10-01,37,6,31
2015-10-01,24,6,18
2015-10-01,9,2,7
2015-10-01,11,7,4
2015-10-01,7,3,4
2015-10-02,3,1,2
2015-10-02,2,2,0
2015-10-02,1,1,0
2015-10-02,5,2,3
2015-10-02,4,4,0
2015-10-02,24,21,3
2015-10-02,59,49,10
2015-10-02,105,93,12
2015-10-02,106,97,9
2015-10-02,37,35,2
2015-10-02,19,12,7
2015-10-02,11,7,4
2015-10-02,17,8,9
2015-10-02,19,13,6
2015-10-02,22,6,16
2015-10-02,44,12,32
2015-10-02,80,14,66
2015-10-02,124,11,113
2015-10-02,65,7,58
2015-10-02,20,4,16
2015-10-02,8,2,6
2015-10-02,8,0,8
2015-10-02,5,1,4
2015-10-02,3,1,2
2015-10-03,3,2,1
2015-10-03,3,1,2
2015-10-03,2,0,2
2015-10-03,2,1,1
2015-10-03,1,0,1
2015-10-03,3,3,0
2015-10-03,3,2,1
2015-10-03,9,8,1
2015-10-03,24,13,11
2015-10-03,26,16,10
2015-10-03,44,31,13
2015-10-03,28,16,12
2015-10-03,56,25,31
2015-10-03,47,23,24
2015-10-03,38,14,24
2015-10-03,67,28,39
2015-10-03,53,27,26
2015-10-03,31,12,19
2015-10-03,21,11,10
2015-10-03,9,4,5
2015-10-03,11,5,6
2015-10-03,2,0,2
2015-10-03,1,0,1
2015-10-03,8,5,3
2015-10-04,2,2,0
2015-10-04,4,0,4
2015-10-04,0,0,0
2015-10-04,3,1,2
2015-10-04,3,1,2
2015-10-04,5,4,1
2015-10-04,4,2,2
2015-10-04,8,5,3
2015-10-04,31,26,5
2015-10-04,25,17,8
2015-10-04,37,20,17
2015-10-04,69,29,40
2015-10-04,65,30,35
2015-10-04,59,29,30
2015-10-04,74,41,33
2015-10-04,81,41,40
2015-10-04,63,30,33
2015-10-04,43,19,24
2015-10-04,25,13,12
2015-10-04,15,8,7
2015-10-04,10,1,9
2015-10-04,6,1,5
2015-10-04,4,1,3
2015-10-04,3,1,2
2015-10-05,2,1,1
2015-10-05,2,1,1
2015-10-05,1,1,0
2015-10-05,1,0,1
2015-10-05,10,8,2
2015-10-05,28,26,2
2015-10-05,75,64,11
2015-10-05,162,143,19
2015-10-05,171,157,14
2015-10-05,61,54,7
2015-10-05,20,18,2
2015-10-05,24,17,7
2015-10-05,20,11,9
2015-10-05,28,14,14
2015-10-05,36,16,20
2015-10-05,62,18,44
2015-10-05,157,30,127
2015-10-05,183,19,164
2015-10-05,102,13,89
2015-10-05,30,7,23
2015-10-05,21,5,16
2015-10-05,15,1,14
2015-10-05,7,2,5
2015-10-05,3,1,2
2015-10-06,1,0,1
2015-10-06,2,0,2
2015-10-06,2,1,1
2015-10-06,2,1,1
2015-10-06,5,3,2
2015-10-06,34,30,4
2015-10-06,82,63,19
2015-10-06,151,138,13
2015-10-06,170,159,11
2015-10-06,55,44,11
2015-10-06,20,14,6
2015-10-06,13,11,2
2015-10-06,15,4,11
2015-10-06,25,12,13
2015-10-06,32,14,18
2015-10-06,35,10,25
2015-10-06,104,20,84
2015-10-06,187,29,158
2015-10-06,132,15,117
2015-10-06,44,3,41
2015-10-06,20,6,14
2015-10-06,10,0,10
2015-10-06,7,2,5
2015-10-06,1,0,1
2015-10-07,2,1,1
2015-10-07,1,0,1
2015-10-07,2,1,1
2015-10-07,1,0,1
2015-10-07,2,2,0
2015-10-07,21,17,4
2015-10-07,47,41,6
2015-10-07,94,80,14
2015-10-07,99,96,3
2015-10-07,24,22,2
2015-10-07,10,8,2
2015-10-07,14,12,2
2015-10-07,6,2,4
2015-10-07,8,3,5
2015-10-07,12,4,8
2015-10-07,25,6,19
2015-10-07,69,19,50
2015-10-07,105,12,93
2015-10-07,71,4,67
2015-10-07,30,0,30
2015-10-07,12,4,8
2015-10-07,12,4,8
2015-10-07,5,1,4
2015-10-07,1,0,1
2015-10-08,1,1,0
2015-10-08,2,1,1
2015-10-08,1,0,1
2015-10-08,0,0,0
2015-10-08,6,6,0
2015-10-08,33,25,8
2015-10-08,80,64,16
2015-10-08,127,103,24
2015-10-08,139,117,22
2015-10-08,59,48,11
2015-10-08,30,16,14
2015-10-08,15,9,6
2015-10-08,30,16,14
2015-10-08,22,16,6
2015-10-08,27,15,12
2015-10-08,44,11,33
2015-10-08,103,14,89
2015-10-08,162,26,136
2015-10-08,82,8,74
2015-10-08,38,4,34
2015-10-08,68,4,64
2015-10-08,9,5,4
2015-10-08,13,2,11
2015-10-08,7,5,2
2015-10-09,2,2,0
2015-10-09,1,0,1
2015-10-09,2,1,1
2015-10-09,5,3,2
2015-10-09,4,4,0
2015-10-09,23,20,3
2015-10-09,45,35,10
2015-10-09,113,98,15
2015-10-09,100,94,6
2015-10-09,40,33,7
2015-10-09,24,15,9
2015-10-09,13,5,8
2015-10-09,10,7,3
2015-10-09,17,8,9
2015-10-09,28,13,15
2015-10-09,50,19,31
2015-10-09,83,10,73
2015-10-09,106,15,91
2015-10-09,65,6,59
2015-10-09,31,4,27
2015-10-09,7,2,5
2015-10-09,16,5,11
2015-10-09,4,2,2
2015-10-09,3,1,2
2015-10-10,2,1,1
2015-10-10,3,1,2
2015-10-10,1,0,1
2015-10-10,2,1,1
2015-10-10,0,0,0
2015-10-10,3,2,1
2015-10-10,4,4,0
2015-10-10,3,2,1
2015-10-10,13,7,6
2015-10-10,13,9,4
2015-10-10,4,1,3
2015-10-10,3,0,3
2015-10-10,13,4,9
2015-10-10,7,6,1
2015-10-10,4,1,3
2015-10-10,2,1,1
2015-10-10,5,0,5
2015-10-10,7,2,5
2015-10-10,10,4,6
2015-10-10,4,2,2
2015-10-10,0,0,0
2015-10-10,3,2,1
2015-10-10,4,2,2
2015-10-10,4,3,1
2015-10-11,3,1,2
2015-10-11,0,0,0
2015-10-11,2,2,0
2015-10-11,2,1,1
2015-10-11,1,0,1
2015-10-11,3,3,0
2015-10-11,5,3,2
2015-10-11,6,2,4
2015-10-11,18,15,3
2015-10-11,29,18,11
2015-10-11,30,10,20
2015-10-11,44,28,16
2015-10-11,53,32,21
2015-10-11,47,23,24
2015-10-11,60,32,28
2015-10-11,58,24,34
2015-10-11,39,18,21
2015-10-11,31,16,15
2015-10-11,24,7,17
2015-10-11,10,3,7
2015-10-11,11,7,4
2015-10-11,2,1,1
2015-10-11,4,1,3
2015-10-11,3,3,0
2015-10-12,0,0,0
2015-10-12,0,0,0
2015-10-12,2,1,1
2015-10-12,2,1,1
2015-10-12,6,6,0
2015-10-12,17,14,3
2015-10-12,59,50,9
2015-10-12,126,116,10
2015-10-12,158,145,13
2015-10-12,55,47,8
2015-10-12,27,21,6
2015-10-12,11,8,3
2015-10-12,14,5,9
2015-10-12,24,13,11
2015-10-12,23,10,13
2015-10-12,42,11,31
2015-10-12,93,20,73
2015-10-12,149,17,132
2015-10-12,90,11,79
2015-10-12,31,3,28
2015-10-12,18,5,13
2015-10-12,6,0,6
2015-10-12,1,0,1
2015-10-12,1,0,1
2015-10-13,0,0,0
2015-10-13,0,0,0
2015-10-13,1,1,0
2015-10-13,5,3,2
2015-10-13,4,1,3
2015-10-13,26,24,2
2015-10-13,61,51,10
2015-10-13,115,100,15
2015-10-13,131,117,14
2015-10-13,54,46,8
2015-10-13,15,12,3
2015-10-13,12,10,2
2015-10-13,21,10,11
2015-10-13,23,14,9
2015-10-13,24,8,16
2015-10-13,43,14,29
2015-10-13,73,13,60
2015-10-13,172,31,141
2015-10-13,107,12,95
2015-10-13,35,3,32
2015-10-13,14,4,10
2015-10-13,11,2,9
2015-10-13,6,2,4
2015-10-13,3,1,2
2015-10-14,1,1,0
2015-10-14,0,0,0
2015-10-14,1,1,0
2015-10-14,1,0,1
2015-10-14,5,4,1
2015-10-14,34,31,3
2015-10-14,79,68,11
2015-10-14,140,130,10
2015-10-14,138,128,10
2015-10-14,54,50,4
2015-10-14,41,35,6
2015-10-14,12,6,6
2015-10-14,16,9,7
2015-10-14,21,11,10
2015-10-14,28,10,18
2015-10-14,37,12,25
2015-10-14,130,29,101
2015-10-14,165,19,146
2015-10-14,119,18,101
2015-10-14,53,14,39
2015-10-14,31,10,21
2015-10-14,10,3,7
2015-10-14,7,3,4
2015-10-14,2,1,1
2015-10-15,2,1,1
2015-10-15,0,0,0
2015-10-15,0,0,0
2015-10-15,0,0,0
2015-10-15,6,5,1
2015-10-15,26,23,3
2015-10-15,64,55,9
2015-10-15,131,121,10
2015-10-15,122,118,4
2015-10-15,45,42,3
2015-10-15,24,19,5
2015-10-15,25,15,10
2015-10-15,21,7,14
2015-10-15,36,21,15
2015-10-15,32,10,22
2015-10-15,43,12,31
2015-10-15,88,15,73
2015-10-15,145,12,133
2015-10-15,92,14,78
2015-10-15,33,10,23
2015-10-15,22,2,20
2015-10-15,13,5,8
2015-10-15,6,1,5
2015-10-15,3,1,2
2015-10-16,4,1,3
2015-10-16,3,2,1
2015-10-16,6,1,5
2015-10-16,0,0,0
2015-10-16,11,10,1
2015-10-16,23,16,7
2015-10-16,59,52,7
2015-10-16,100,90,10
2015-10-16,139,130,9
2015-10-16,54,43,11
2015-10-16,22,15,7
2015-10-16,23,9,14
2015-10-16,19,8,11
2015-10-16,39,23,16
2015-10-16,32,15,17
2015-10-16,54,18,36
2015-10-16,98,16,82
2015-10-16,158,33,125
2015-10-16,91,16,75
2015-10-16,21,7,14
2015-10-16,15,5,10
2015-10-16,4,2,2
2015-10-16,3,1,2
2015-10-16,4,0,4
2015-10-17,2,1,1
2015-10-17,0,0,0
2015-10-17,2,1,1
2015-10-17,2,1,1
2015-10-17,4,3,1
2015-10-17,8,4,4
2015-10-17,5,4,1
2015-10-17,8,7,1
2015-10-17,21,14,7
2015-10-17,35,15,20
2015-10-17,37,11,26
2015-10-17,35,21,14
2015-10-17,32,15,17
2015-10-17,30,17,13
2015-10-17,40,22,18
2015-10-17,42,13,29
2015-10-17,33,16,17
2015-10-17,22,9,13
2015-10-17,11,4,7
2015-10-17,2,0,2
2015-10-17,6,4,2
2015-10-17,2,2,0
2015-10-17,2,0,2
2015-10-17,6,0,6
2015-10-18,3,1,2
2015-10-18,0,0,0
2015-10-18,3,1,2
2015-10-18,3,1,2
2015-10-18,3,2,1
2015-10-18,7,7,0
2015-10-18,1,1,0
2015-10-18,4,3,1
2015-10-18,8,4,4
2015-10-18,19,16,3
2015-10-18,20,6,14
2015-10-18,13,8,5
2015-10-18,14,7,7
2015-10-18,20,11,9
2015-10-18,17,11,6
2015-10-18,9,3,6
2015-10-18,11,2,9
2015-10-18,9,3,6
2015-10-18,6,2,4
2015-10-18,6,0,6
2015-10-18,3,0,3
2015-10-18,1,0,1
2015-10-18,2,2,0
2015-10-18,2,1,1
2015-10-19,1,1,0
2015-10-19,1,0,1
2015-10-19,0,0,0
2015-10-19,3,1,2
2015-10-19,6,6,0
2015-10-19,19,18,1
2015-10-19,64,50,14
2015-10-19,116,99,17
2015-10-19,116,102,14
2015-10-19,31,23,8
2015-10-19,20,12,8
2015-10-19,11,7,4
2015-10-19,16,5,11
2015-10-19,13,7,6
2015-10-19,20,7,13
2015-10-19,33,8,25
2015-10-19,88,13,75
2015-10-19,147,21,126
2015-10-19,75,9,66
2015-10-19,25,1,24
2015-10-19,10,1,9
2015-10-19,9,2,7
2015-10-19,8,5,3
2015-10-19,3,0,3
2015-10-20,3,1,2
2015-10-20,3,2,1
2015-10-20,1,1,0
2015-10-20,2,1,1
2015-10-20,4,2,2
2015-10-20,31,24,7
2015-10-20,70,55,15
2015-10-20,139,115,24
2015-10-20,142,135,7
2015-10-20,54,44,10
2015-10-20,19,13,6
2015-10-20,17,12,5
2015-10-20,28,15,13
2015-10-20,24,11,13
2015-10-20,35,20,15
2015-10-20,34,9,25
2015-10-20,116,22,94
2015-10-20,185,20,165
2015-10-20,93,9,84
2015-10-20,39,10,29
2015-10-20,16,6,10
2015-10-20,12,1,11
2015-10-20,4,0,4
2015-10-20,3,1,2
2015-10-21,6,3,3
2015-10-21,3,1,2
2015-10-21,1,0,1
2015-10-21,2,1,1
2015-10-21,5,4,1
2015-10-21,28,25,3
2015-10-21,69,59,10
2015-10-21,141,125,16
2015-10-21,124,118,6
2015-10-21,48,43,5
2015-10-21,22,18,4
2015-10-21,12,5,7
2015-10-21,22,12,10
2015-10-21,20,12,8
2015-10-21,39,21,18
2015-10-21,31,4,27
2015-10-21,94,20,74
2015-10-21,170,21,149
2015-10-21,102,19,83
2015-10-21,32,7,25
2015-10-21,15,2,13
2015-10-21,17,4,13
2015-10-21,7,1,6
2015-10-21,2,0,2
2015-10-22,4,1,3
2015-10-22,0,0,0
2015-10-22,0,0,0
2015-10-22,2,2,0
2015-10-22,5,5,0
2015-10-22,22,17,5
2015-10-22,74,66,8
2015-10-22,110,98,12
2015-10-22,146,134,12
2015-10-22,61,49,12
2015-10-22,19,14,5
2015-10-22,19,11,8
2015-10-22,28,13,15
2015-10-22,26,19,7
2015-10-22,35,15,20
2015-10-22,48,19,29
2015-10-22,98,20,78
2015-10-22,164,19,145
2015-10-22,81,10,71
2015-10-22,35,9,26
2015-10-22,16,5,11
2015-10-22,11,3,8
2015-10-22,4,0,4
2015-10-22,5,1,4
2015-10-23,4,2,2
2015-10-23,0,0,0
2015-10-23,4,1,3
2015-10-23,2,2,0
2015-10-23,5,5,0
2015-10-23,22,21,1
2015-10-23,61,54,7
2015-10-23,103,90,13
2015-10-23,115,106,9
2015-10-23,50,40,10
2015-10-23,14,13,1
2015-10-23,16,7,9
2015-10-23,30,16,14
2015-10-23,23,13,10
2015-10-23,26,9,17
2015-10-23,41,11,30
2015-10-23,81,16,65
2015-10-23,135,24,111
2015-10-23,70,8,62
2015-10-23,19,6,13
2015-10-23,15,5,10
2015-10-23,6,1,5
2015-10-23,9,1,8
2015-10-23,6,1,5
2015-10-24,4,1,3
2015-10-24,1,0,1
2015-10-24,1,1,0
2015-10-24,1,1,0
2015-10-24,0,0,0
2015-10-24,9,6,3
2015-10-24,7,7,0
2015-10-24,7,5,2
2015-10-24,14,7,7
2015-10-24,29,15,14
2015-10-24,24,14,10
2015-10-24,39,14,25
2015-10-24,33,24,9
2015-10-24,34,23,11
2015-10-24,30,19,11
2015-10-24,38,14,24
2015-10-24,29,12,17
2015-10-24,24,12,12
2015-10-24,7,1,6
2015-10-24,7,4,3
2015-10-24,9,4,5
2015-10-24,6,1,5
2015-10-24,5,2,3
2015-10-24,3,1,2
2015-10-25,4,3,1
2015-10-25,0,0,0
2015-10-25,3,1,2
2015-10-25,2,0,2
2015-10-25,0,0,0
2015-10-25,5,5,0
2015-10-25,4,3,1
2015-10-25,8,5,3
2015-10-25,13,8,5
2015-10-25,22,12,10
2015-10-25,29,14,15
2015-10-25,23,12,11
2015-10-25,41,25,16
2015-10-25,30,17,13
2015-10-25,45,18,27
2015-10-25,28,14,14
2015-10-25,19,9,10
2015-10-25,8,5,3
2015-10-25,9,3,6
2015-10-25,4,1,3
2015-10-25,0,0,0
2015-10-25,0,0,0
2015-10-25,4,0,4
2015-10-25,0,0,0
2015-10-26,1,0,1
2015-10-26,0,0,0
2015-10-26,2,2,0
2015-10-26,2,1,1
2015-10-26,4,3,1
2015-10-26,18,17,1
2015-10-26,41,34,7
2015-10-26,85,75,10
2015-10-26,94,85,9
2015-10-26,37,35,2
2015-10-26,16,13,3
2015-10-26,2,1,1
2015-10-26,7,1,6
2015-10-26,6,3,3
2015-10-26,25,8,17
2015-10-26,26,2,24
2015-10-26,55,11,44
2015-10-26,116,10,106
2015-10-26,63,3,60
2015-10-26,24,4,20
2015-10-26,14,4,10
2015-10-26,11,2,9
2015-10-26,5,2,3
2015-10-26,1,0,1
2015-10-27,1,1,0
2015-10-27,2,0,2
2015-10-27,1,1,0
2015-10-27,3,2,1
2015-10-27,5,5,0
2015-10-27,24,19,5
2015-10-27,75,57,18
2015-10-27,135,122,13
2015-10-27,143,134,9
2015-10-27,53,48,5
2015-10-27,24,19,5
2015-10-27,21,12,9
2015-10-27,28,9,19
2015-10-27,32,20,12
2015-10-27,26,9,17
2015-10-27,41,12,29
2015-10-27,92,26,66
2015-10-27,168,22,146
2015-10-27,97,14,83
2015-10-27,38,4,34
2015-10-27,11,5,6
2015-10-27,12,0,12
2015-10-27,11,2,9
2015-10-27,4,1,3
2015-10-28,2,1,1
2015-10-28,0,0,0
2015-10-28,1,1,0
2015-10-28,1,1,0
2015-10-28,4,3,1
2015-10-28,18,15,3
2015-10-28,57,46,11
2015-10-28,99,89,10
2015-10-28,109,104,5
2015-10-28,37,32,5
2015-10-28,10,9,1
2015-10-28,8,6,2
2015-10-28,11,4,7
2015-10-28,9,4,5
2015-10-28,16,5,11
2015-10-28,30,5,25
2015-10-28,58,9,49
2015-10-28,121,11,110
2015-10-28,64,9,55
2015-10-28,28,5,23
2015-10-28,13,4,9
2015-10-28,14,3,11
2015-10-28,8,1,7
2015-10-28,5,2,3
2015-10-29,4,3,1
2015-10-29,4,3,1
2015-10-29,0,0,0
2015-10-29,1,0,1
2015-10-29,4,4,0
2015-10-29,16,13,3
2015-10-29,62,50,12
2015-10-29,105,89,16
2015-10-29,125,113,12
2015-10-29,33,26,7
2015-10-29,21,18,3
2015-10-29,16,10,6
2015-10-29,11,5,6
2015-10-29,18,12,6
2015-10-29,17,2,15
2015-10-29,45,14,31
2015-10-29,68,11,57
2015-10-29,122,15,107
2015-10-29,73,6,67
2015-10-29,25,5,20
2015-10-29,18,2,16
2015-10-29,8,2,6
2015-10-29,9,1,8
2015-10-29,5,2,3
2015-10-30,2,1,1
2015-10-30,2,0,2
2015-10-30,0,0,0
2015-10-30,6,3,3
2015-10-30,3,3,0
2015-10-30,11,10,1
2015-10-30,27,20,7
2015-10-30,62,52,10
2015-10-30,61,52,9
2015-10-30,33,33,0
2015-10-30,9,8,1
2015-10-30,10,6,4
2015-10-30,14,7,7
2015-10-30,12,5,7
2015-10-30,15,2,13
2015-10-30,21,10,11
2015-10-30,55,12,43
2015-10-30,73,11,62
2015-10-30,39,6,33
2015-10-30,18,3,15
2015-10-30,6,1,5
2015-10-30,5,1,4
2015-10-30,2,1,1
2015-10-30,4,0,4
2015-10-31,1,0,1
2015-10-31,2,0,2
2015-10-31,0,0,0
2015-10-31,1,0,1
2015-10-31,0,0,0
2015-10-31,3,3,0
2015-10-31,2,2,0
2015-10-31,2,2,0
2015-10-31,6,5,1
2015-10-31,10,6,4
2015-10-31,4,3,1
2015-10-31,8,4,4
2015-10-31,5,2,3
2015-10-31,4,2,2
2015-10-31,11,3,8
2015-10-31,16,6,10
2015-10-31,6,2,4
2015-10-31,5,4,1
2015-10-31,8,4,4
2015-10-31,6,1,5
2015-10-31,6,1,5
2015-10-31,0,0,0
2015-10-31,0,0,0
2015-10-31,2,1,1
2015-11-01,15,2,13
2015-11-01,5,2,3
2015-11-01,6,6,0
2015-11-01,0,0,0
2015-11-01,0,0,0
2015-11-01,2,2,0
2015-11-01,2,1,1
2015-11-01,8,4,4
2015-11-01,17,13,4
2015-11-01,13,9,4
2015-11-01,11,5,6
2015-11-01,25,9,16
2015-11-01,6,0,6
2015-11-01,7,4,3
2015-11-01,10,8,2
2015-11-01,4,2,2
2015-11-01,7,4,3
2015-11-01,15,8,7
2015-11-01,4,1,3
2015-11-01,4,1,3
2015-11-01,5,1,4
2015-11-01,1,0,1
2015-11-01,1,0,1
2015-11-01,2,1,1
2015-11-02,0,0,0
2015-11-02,1,0,1
2015-11-02,1,1,0
2015-11-02,2,0,2
2015-11-02,2,0,2
2015-11-02,20,19,1
2015-11-02,75,65,10
2015-11-02,127,112,15
2015-11-02,127,115,12
2015-11-02,37,35,2
2015-11-02,11,8,3
2015-11-02,11,8,3
2015-11-02,15,10,5
2015-11-02,17,7,10
2015-11-02,21,8,13
2015-11-02,40,7,33
2015-11-02,82,14,68
2015-11-02,153,14,139
2015-11-02,73,7,66
2015-11-02,24,3,21
2015-11-02,15,5,10
2015-11-02,5,1,4
2015-11-02,2,2,0
2015-11-02,2,0,2
2015-11-03,1,1,0
2015-11-03,0,0,0
2015-11-03,0,0,0
2015-11-03,3,2,1
2015-11-03,4,4,0
2015-11-03,21,20,1
2015-11-03,69,62,7
2015-11-03,131,116,15
2015-11-03,141,130,11
2015-11-03,44,38,6
2015-11-03,13,8,5
2015-11-03,9,5,4
2015-11-03,15,6,9
2015-11-03,17,11,6
2015-11-03,30,11,19
2015-11-03,29,8,21
2015-11-03,99,18,81
2015-11-03,146,16,130
2015-11-03,86,5,81
2015-11-03,26,2,24
2015-11-03,13,5,8
2015-11-03,5,2,3
2015-11-03,4,1,3
2015-11-03,1,0,1
2015-11-04,4,2,2
2015-11-04,0,0,0
2015-11-04,1,0,1
2015-11-04,1,0,1
2015-11-04,4,4,0
2015-11-04,19,17,2
2015-11-04,72,61,11
2015-11-04,136,121,15
2015-11-04,124,116,8
2015-11-04,47,42,5
2015-11-04,29,22,7
2015-11-04,21,9,12
2015-11-04,28,17,11
2015-11-04,21,11,10
2015-11-04,28,13,15
2015-11-04,49,10,39
2015-11-04,80,14,66
2015-11-04,144,19,125
2015-11-04,91,6,85
2015-11-04,36,3,33
2015-11-04,26,10,16
2015-11-04,13,3,10
2015-11-04,12,2,10
2015-11-04,1,0,1
2015-11-05,1,1,0
2015-11-05,0,0,0
2015-11-05,1,0,1
2015-11-05,2,1,1
2015-11-05,2,2,0
2015-11-05,15,14,1
2015-11-05,52,45,7
2015-11-05,107,101,6
2015-11-05,100,92,8
2015-11-05,41,34,7
2015-11-05,21,19,2
2015-11-05,12,10,2
2015-11-05,9,4,5
2015-11-05,16,8,8
2015-11-05,13,6,7
2015-11-05,26,7,19
2015-11-05,54,6,48
2015-11-05,106,12,94
2015-11-05,73,9,64
2015-11-05,29,2,27
2015-11-05,16,4,12
2015-11-05,12,2,10
2015-11-05,5,1,4
2015-11-05,5,1,4
2015-11-06,2,1,1
2015-11-06,3,1,2
2015-11-06,2,1,1
2015-11-06,2,2,0
2015-11-06,2,2,0
2015-11-06,19,15,4
2015-11-06,45,39,6
2015-11-06,79,71,8
2015-11-06,99,90,9
2015-11-06,40,38,2
2015-11-06,17,14,3
2015-11-06,10,8,2
2015-11-06,15,8,7
2015-11-06,27,12,15
2015-11-06,32,11,21
2015-11-06,38,7,31
2015-11-06,70,17,53
2015-11-06,83,9,74
2015-11-06,52,5,47
2015-11-06,22,9,13
2015-11-06,13,4,9
2015-11-06,12,4,8
2015-11-06,5,1,4
2015-11-06,7,3,4
2015-11-07,3,1,2
2015-11-07,0,0,0
2015-11-07,0,0,0
2015-11-07,2,2,0
2015-11-07,0,0,0
2015-11-07,8,8,0
2015-11-07,6,4,2
2015-11-07,6,4,2
2015-11-07,14,9,5
2015-11-07,5,2,3
2015-11-07,9,4,5
2015-11-07,7,5,2
2015-11-07,10,4,6
2015-11-07,5,1,4
2015-11-07,9,3,6
2015-11-07,5,5,0
2015-11-07,6,1,5
2015-11-07,6,2,4
2015-11-07,3,1,2
2015-11-07,2,0,2
2015-11-07,1,0,1
2015-11-07,1,0,1
2015-11-07,4,0,4
2015-11-07,3,1,2
2015-11-08,0,0,0
2015-11-08,1,0,1
2015-11-08,0,0,0
2015-11-08,1,0,1
2015-11-08,1,0,1
2015-11-08,3,2,1
2015-11-08,4,4,0
2015-11-08,6,5,1
2015-11-08,14,9,5
2015-11-08,7,5,2
2015-11-08,20,9,11
2015-11-08,11,4,7
2015-11-08,8,7,1
2015-11-08,13,3,10
2015-11-08,23,15,8
2015-11-08,32,13,19
2015-11-08,25,12,13
2015-11-08,16,5,11
2015-11-08,2,0,2
2015-11-08,6,2,4
2015-11-08,3,0,3
2015-11-08,2,0,2
2015-11-08,0,0,0
2015-11-08,3,0,3
2015-11-09,1,1,0
2015-11-09,0,0,0
2015-11-09,2,0,2
2015-11-09,2,1,1
2015-11-09,5,5,0
2015-11-09,16,16,0
2015-11-09,57,51,6
2015-11-09,122,106,16
2015-11-09,100,90,10
2015-11-09,40,37,3
2015-11-09,12,9,3
2015-11-09,9,4,5
2015-11-09,11,6,5
2015-11-09,8,5,3
2015-11-09,26,10,16
2015-11-09,32,7,25
2015-11-09,83,14,69
2015-11-09,126,17,109
2015-11-09,65,9,56
2015-11-09,29,1,28
2015-11-09,12,3,9
2015-11-09,8,1,7
2015-11-09,0,0,0
2015-11-09,3,1,2
2015-11-10,2,1,1
2015-11-10,1,1,0
2015-11-10,1,0,1
2015-11-10,2,2,0
2015-11-10,1,1,0
2015-11-10,22,18,4
2015-11-10,67,57,10
2015-11-10,123,108,15
2015-11-10,129,122,7
2015-11-10,57,50,7
2015-11-10,25,19,6
2015-11-10,23,12,11
2015-11-10,17,7,10
2015-11-10,13,11,2
2015-11-10,32,13,19
2015-11-10,32,9,23
2015-11-10,82,19,63
2015-11-10,137,12,125
2015-11-10,69,13,56
2015-11-10,41,4,37
2015-11-10,20,7,13
2015-11-10,6,1,5
2015-11-10,9,2,7
2015-11-10,1,1,0
2015-11-11,0,0,0
2015-11-11,0,0,0
2015-11-11,0,0,0
2015-11-11,1,0,1
2015-11-11,4,3,1
2015-11-11,9,8,1
2015-11-11,36,30,6
2015-11-11,86,81,5
2015-11-11,117,107,10
2015-11-11,38,32,6
2015-11-11,24,17,7
2015-11-11,16,8,8
2015-11-11,32,13,19
2015-11-11,26,11,15
2015-11-11,47,24,23
2015-11-11,45,23,22
2015-11-11,74,14,60
2015-11-11,110,14,96
2015-11-11,76,13,63
2015-11-11,35,9,26
2015-11-11,14,3,11
2015-11-11,7,1,6
2015-11-11,7,1,6
2015-11-11,6,3,3
2015-11-12,2,2,0
2015-11-12,4,3,1
2015-11-12,0,0,0
2015-11-12,1,1,0
2015-11-12,2,2,0
2015-11-12,16,12,4
2015-11-12,53,46,7
2015-11-12,119,108,11
2015-11-12,96,88,8
2015-11-12,41,37,4
2015-11-12,17,13,4
2015-11-12,9,6,3
2015-11-12,16,6,10
2015-11-12,9,5,4
2015-11-12,18,8,10
2015-11-12,34,5,29
2015-11-12,55,9,46
2015-11-12,109,11,98
2015-11-12,51,9,42
2015-11-12,21,3,18
2015-11-12,11,1,10
2015-11-12,8,1,7
2015-11-12,3,2,1
2015-11-12,2,0,2
2015-11-13,3,1,2
2015-11-13,0,0,0
2015-11-13,1,1,0
2015-11-13,1,1,0
2015-11-13,2,2,0
2015-11-13,7,5,2
2015-11-13,21,18,3
2015-11-13,47,38,9
2015-11-13,55,52,3
2015-11-13,23,21,2
2015-11-13,7,6,1
2015-11-13,8,4,4
2015-11-13,7,3,4
2015-11-13,7,3,4
2015-11-13,5,2,3
2015-11-13,17,2,15
2015-11-13,36,9,27
2015-11-13,49,5,44
2015-11-13,26,4,22
2015-11-13,7,0,7
2015-11-13,9,3,6
2015-11-13,0,0,0
2015-11-13,5,1,4
2015-11-13,3,0,3
2015-11-14,1,1,0
2015-11-14,0,0,0
2015-11-14,0,0,0
2015-11-14,1,1,0
2015-11-14,1,1,0
2015-11-14,5,5,0
2015-11-14,2,1,1
2015-11-14,4,4,0
2015-11-14,9,8,1
2015-11-14,4,2,2
2015-11-14,1,1,0
2015-11-14,3,1,2
2015-11-14,9,4,5
2015-11-14,7,4,3
2015-11-14,8,3,5
2015-11-14,5,1,4
2015-11-14,4,1,3
2015-11-14,4,1,3
2015-11-14,2,1,1
2015-11-14,5,2,3
2015-11-14,4,2,2
2015-11-14,2,0,2
2015-11-14,3,0,3
2015-11-14,1,1,0
2015-11-15,1,1,0
2015-11-15,1,0,1
2015-11-15,0,0,0
2015-11-15,1,0,1
2015-11-15,2,2,0
2015-11-15,1,1,0
2015-11-15,1,1,0
2015-11-15,3,2,1
2015-11-15,8,7,1
2015-11-15,7,4,3
2015-11-15,5,3,2
2015-11-15,9,5,4
2015-11-15,24,12,12
2015-11-15,19,10,9
2015-11-15,32,18,14
2015-11-15,29,18,11
2015-11-15,15,7,8
2015-11-15,10,4,6
2015-11-15,0,0,0
2015-11-15,6,3,3
2015-11-15,2,0,2
2015-11-15,2,1,1
2015-11-15,2,0,2
2015-11-15,2,1,1
2015-11-16,0,0,0
2015-11-16,0,0,0
2015-11-16,0,0,0
2015-11-16,2,1,1
2015-11-16,4,4,0
2015-11-16,16,14,2
2015-11-16,53,44,9
2015-11-16,100,88,12
2015-11-16,119,110,9
2015-11-16,31,31,0
2015-11-16,15,11,4
2015-11-16,13,7,6
2015-11-16,8,4,4
2015-11-16,6,4,2
2015-11-16,13,6,7
2015-11-16,22,3,19
2015-11-16,56,10,46
2015-11-16,110,10,100
2015-11-16,67,5,62
2015-11-16,26,2,24
2015-11-16,12,2,10
2015-11-16,5,0,5
2015-11-16,2,1,1
2015-11-16,2,0,2
2015-11-17,5,1,4
2015-11-17,0,0,0
2015-11-17,0,0,0
2015-11-17,2,1,1
2015-11-17,1,1,0
2015-11-17,17,14,3
2015-11-17,31,28,3
2015-11-17,55,48,7
2015-11-17,67,63,4
2015-11-17,23,22,1
2015-11-17,8,6,2
2015-11-17,4,1,3
2015-11-17,2,1,1
2015-11-17,5,4,1
2015-11-17,10,6,4
2015-11-17,15,0,15
2015-11-17,48,10,38
2015-11-17,60,7,53
2015-11-17,43,4,39
2015-11-17,21,6,15
2015-11-17,15,3,12
2015-11-17,4,0,4
2015-11-17,1,0,1
2015-11-17,1,0,1
2015-11-18,2,1,1
2015-11-18,2,1,1
2015-11-18,1,1,0
2015-11-18,1,0,1
2015-11-18,3,3,0
2015-11-18,17,16,1
2015-11-18,51,44,7
2015-11-18,109,102,7
2015-11-18,114,110,4
2015-11-18,41,31,10
2015-11-18,20,14,6
2015-11-18,15,10,5
2015-11-18,11,4,7
2015-11-18,17,10,7
2015-11-18,22,6,16
2015-11-18,32,9,23
2015-11-18,71,10,61
2015-11-18,117,12,105
2015-11-18,72,7,65
2015-11-18,34,8,26
2015-11-18,16,2,14
2015-11-18,7,0,7
2015-11-18,3,0,3
2015-11-18,4,3,1
2015-11-19,2,1,1
2015-11-19,1,0,1
2015-11-19,1,1,0
2015-11-19,1,1,0
2015-11-19,2,2,0
2015-11-19,20,19,1
2015-11-19,51,49,2
2015-11-19,109,100,9
2015-11-19,111,99,12
2015-11-19,51,48,3
2015-11-19,15,12,3
2015-11-19,13,8,5
2015-11-19,23,11,12
2015-11-19,20,11,9
2015-11-19,26,10,16
2015-11-19,49,15,34
2015-11-19,77,18,59
2015-11-19,116,14,102
2015-11-19,82,10,72
2015-11-19,28,4,24
2015-11-19,12,2,10
2015-11-19,14,2,12
2015-11-19,6,0,6
2015-11-19,5,0,5
2015-11-20,6,4,2
2015-11-20,1,0,1
2015-11-20,3,2,1
2015-11-20,0,0,0
2015-11-20,3,2,1
2015-11-20,10,9,1
2015-11-20,51,40,11
2015-11-20,69,56,13
2015-11-20,83,78,5
2015-11-20,35,29,6
2015-11-20,12,10,2
2015-11-20,19,14,5
2015-11-20,23,11,12
2015-11-20,25,12,13
2015-11-20,26,7,19
2015-11-20,36,8,28
2015-11-20,62,16,46
2015-11-20,85,12,73
2015-11-20,47,7,40
2015-11-20,26,5,21
2015-11-20,11,3,8
2015-11-20,10,4,6
2015-11-20,3,0,3
2015-11-20,2,0,2
2015-11-21,0,0,0
2015-11-21,1,1,0
2015-11-21,2,1,1
2015-11-21,1,1,0
2015-11-21,2,0,2
2015-11-21,7,7,0
2015-11-21,7,6,1
2015-11-21,13,10,3
2015-11-21,12,10,2
2015-11-21,14,8,6
2015-11-21,27,15,12
2015-11-21,31,19,12
2015-11-21,39,15,24
2015-11-21,38,17,21
2015-11-21,44,22,22
2015-11-21,37,17,20
2015-11-21,33,15,18
2015-11-21,17,7,10
2015-11-21,11,4,7
2015-11-21,10,5,5
2015-11-21,4,1,3
2015-11-21,2,1,1
2015-11-21,2,1,1
2015-11-21,1,0,1
2015-11-22,2,0,2
2015-11-22,3,1,2
2015-11-22,1,1,0
2015-11-22,1,0,1
2015-11-22,1,0,1
2015-11-22,3,3,0
2015-11-22,4,1,3
2015-11-22,3,3,0
2015-11-22,15,11,4
2015-11-22,16,14,2
2015-11-22,19,16,3
2015-11-22,32,12,20
2015-11-22,42,17,25
2015-11-22,30,14,16
2015-11-22,35,19,16
2015-11-22,37,17,20
2015-11-22,19,9,10
2015-11-22,10,1,9
2015-11-22,5,1,4
2015-11-22,5,3,2
2015-11-22,4,0,4
2015-11-22,2,0,2
2015-11-22,1,0,1
2015-11-22,1,0,1
2015-11-23,0,0,0
2015-11-23,1,1,0
2015-11-23,3,2,1
2015-11-23,1,0,1
2015-11-23,4,4,0
2015-11-23,13,11,2
2015-11-23,37,31,6
2015-11-23,89,77,12
2015-11-23,96,89,7
2015-11-23,32,29,3
2015-11-23,13,11,2
2015-11-23,11,8,3
2015-11-23,18,9,9
2015-11-23,16,9,7
2015-11-23,17,9,8
2015-11-23,27,7,20
2015-11-23,56,9,47
2015-11-23,79,9,70
2015-11-23,59,3,56
2015-11-23,20,3,17
2015-11-23,20,4,16
2015-11-23,6,1,5
2015-11-23,1,1,0
2015-11-23,1,1,0
2015-11-24,1,0,1
2015-11-24,0,0,0
2015-11-24,1,1,0
2015-11-24,1,0,1
2015-11-24,1,1,0
2015-11-24,9,8,1
2015-11-24,33,29,4
2015-11-24,62,55,7
2015-11-24,67,61,6
2015-11-24,26,23,3
2015-11-24,9,9,0
2015-11-24,8,6,2
2015-11-24,10,4,6
2015-11-24,7,2,5
2015-11-24,12,4,8
2015-11-24,19,5,14
2015-11-24,43,12,31
2015-11-24,77,5,72
2015-11-24,52,10,42
2015-11-24,18,4,14
2015-11-24,10,2,8
2015-11-24,4,2,2
2015-11-24,4,0,4
2015-11-24,3,1,2
2015-11-25,1,0,1
2015-11-25,0,0,0
2015-11-25,1,1,0
2015-11-25,1,0,1
2015-11-25,1,1,0
2015-11-25,13,12,1
2015-11-25,31,23,8
2015-11-25,47,38,9
2015-11-25,78,71,7
2015-11-25,31,29,2
2015-11-25,15,12,3
2015-11-25,16,9,7
2015-11-25,16,8,8
2015-11-25,18,9,9
2015-11-25,34,7,27
2015-11-25,48,10,38
2015-11-25,55,13,42
2015-11-25,52,8,44
2015-11-25,27,11,16
2015-11-25,29,5,24
2015-11-25,17,9,8
2015-11-25,4,1,3
2015-11-25,1,0,1
2015-11-25,3,2,1
2015-11-26,1,0,1
2015-11-26,2,1,1
2015-11-26,0,0,0
2015-11-26,0,0,0
2015-11-26,0,0,0
2015-11-26,2,1,1
2015-11-26,0,0,0
2015-11-26,6,5,1
2015-11-26,9,7,2
2015-11-26,18,9,9
2015-11-26,14,5,9
2015-11-26,17,9,8
2015-11-26,25,14,11
2015-11-26,39,24,15
2015-11-26,22,13,9
2015-11-26,14,6,8
2015-11-26,7,1,6
2015-11-26,3,1,2
2015-11-26,5,5,0
2015-11-26,7,4,3
2015-11-26,0,0,0
2015-11-26,5,3,2
2015-11-26,1,1,0
2015-11-26,6,0,6
2015-11-27,5,3,2
2015-11-27,0,0,0
2015-11-27,4,3,1
2015-11-27,0,0,0
2015-11-27,0,0,0
2015-11-27,3,3,0
2015-11-27,5,4,1
2015-11-27,7,5,2
2015-11-27,10,8,2
2015-11-27,9,7,2
2015-11-27,19,8,11
2015-11-27,36,26,10
2015-11-27,42,13,29
2015-11-27,54,37,17
2015-11-27,19,7,12
2015-11-27,32,11,21
2015-11-27,21,8,13
2015-11-27,18,5,13
2015-11-27,6,4,2
2015-11-27,3,2,1
2015-11-27,2,0,2
2015-11-27,2,0,2
2015-11-27,0,0,0
2015-11-27,0,0,0
2015-11-28,3,2,1
2015-11-28,0,0,0
2015-11-28,0,0,0
2015-11-28,2,2,0
2015-11-28,1,0,1
2015-11-28,4,4,0
2015-11-28,1,1,0
2015-11-28,4,3,1
2015-11-28,7,5,2
2015-11-28,8,5,3
2015-11-28,13,4,9
2015-11-28,12,3,9
2015-11-28,24,14,10
2015-11-28,18,9,9
2015-11-28,31,13,18
2015-11-28,23,9,14
2015-11-28,14,9,5
2015-11-28,4,1,3
2015-11-28,8,3,5
2015-11-28,7,3,4
2015-11-28,2,1,1
2015-11-28,2,0,2
2015-11-28,4,2,2
2015-11-28,2,1,1
2015-11-29,2,1,1
2015-11-29,1,0,1
2015-11-29,1,0,1
2015-11-29,3,1,2
2015-11-29,1,0,1
2015-11-29,2,2,0
2015-11-29,0,0,0
2015-11-29,2,1,1
2015-11-29,7,6,1
2015-11-29,11,7,4
2015-11-29,19,12,7
2015-11-29,41,31,10
2015-11-29,13,3,10
2015-11-29,14,6,8
2015-11-29,16,5,11
2015-11-29,10,6,4
2015-11-29,14,5,9
2015-11-29,9,1,8
2015-11-29,2,0,2
2015-11-29,4,1,3
2015-11-29,0,0,0
2015-11-29,0,0,0
2015-11-29,2,2,0
2015-11-29,3,2,1
2015-11-30,2,1,1
2015-11-30,0,0,0
2015-11-30,2,1,1
2015-11-30,2,1,1
2015-11-30,3,2,1
2015-11-30,17,15,2
2015-11-30,40,36,4
2015-11-30,77,65,12
2015-11-30,79,76,3
2015-11-30,22,21,1
2015-11-30,12,11,1
2015-11-30,10,7,3
2015-11-30,18,10,8
2015-11-30,9,7,2
2015-11-30,22,7,15
2015-11-30,24,8,16
2015-11-30,47,9,38
2015-11-30,81,11,70
2015-11-30,39,3,36
2015-11-30,26,1,25
2015-11-30,10,3,7
2015-11-30,4,3,1
2015-11-30,1,0,1
2015-11-30,3,0,3
2015-12-01,0,0,0
2015-12-01,1,0,1
2015-12-01,2,1,1
2015-12-01,2,1,1
2015-12-01,1,1,0
2015-12-01,17,16,1
2015-12-01,47,39,8
2015-12-01,95,87,8
2015-12-01,90,86,4
2015-12-01,42,41,1
2015-12-01,17,11,6
2015-12-01,12,5,7
2015-12-01,9,4,5
2015-12-01,14,8,6
2015-12-01,22,6,16
2015-12-01,36,9,27
2015-12-01,58,14,44
2015-12-01,104,10,94
2015-12-01,60,11,49
2015-12-01,24,5,19
2015-12-01,5,2,3
2015-12-01,4,0,4
2015-12-01,1,0,1
2015-12-01,1,0,1
2015-12-02,2,1,1
2015-12-02,0,0,0
2015-12-02,1,1,0
2015-12-02,2,1,1
2015-12-02,3,3,0
2015-12-02,11,10,1
2015-12-02,46,39,7
2015-12-02,85,79,6
2015-12-02,88,83,5
2015-12-02,42,36,6
2015-12-02,11,9,2
2015-12-02,11,8,3
2015-12-02,7,4,3
2015-12-02,19,6,13
2015-12-02,22,9,13
2015-12-02,34,12,22
2015-12-02,63,9,54
2015-12-02,87,6,81
2015-12-02,67,12,55
2015-12-02,22,4,18
2015-12-02,12,4,8
2015-12-02,8,3,5
2015-12-02,3,2,1
2015-12-02,3,1,2
2015-12-03,0,0,0
2015-12-03,0,0,0
2015-12-03,1,1,0
2015-12-03,0,0,0
2015-12-03,3,3,0
2015-12-03,8,6,2
2015-12-03,34,31,3
2015-12-03,65,57,8
2015-12-03,63,59,4
2015-12-03,42,38,4
2015-12-03,9,9,0
2015-12-03,6,3,3
2015-12-03,7,4,3
2015-12-03,12,6,6
2015-12-03,7,2,5
2015-12-03,25,6,19
2015-12-03,27,6,21
2015-12-03,61,5,56
2015-12-03,49,10,39
2015-12-03,18,2,16
2015-12-03,8,1,7
2015-12-03,8,1,7
2015-12-03,3,1,2
2015-12-03,4,1,3
2015-12-04,6,2,4
2015-12-04,2,2,0
2015-12-04,2,1,1
2015-12-04,1,1,0
2015-12-04,3,2,1
2015-12-04,6,5,1
2015-12-04,35,29,6
2015-12-04,67,57,10
2015-12-04,74,68,6
2015-12-04,33,31,2
2015-12-04,16,11,5
2015-12-04,8,7,1
2015-12-04,7,5,2
2015-12-04,19,6,13
2015-12-04,24,12,12
2015-12-04,35,13,22
2015-12-04,50,10,40
2015-12-04,79,15,64
2015-12-04,40,4,36
2015-12-04,15,3,12
2015-12-04,9,3,6
2015-12-04,2,0,2
2015-12-04,5,3,2
2015-12-04,3,0,3
2015-12-05,7,1,6
2015-12-05,5,0,5
2015-12-05,2,1,1
2015-12-05,2,0,2
2015-12-05,2,1,1
2015-12-05,5,5,0
2015-12-05,3,2,1
2015-12-05,3,3,0
2015-12-05,6,6,0
2015-12-05,5,2,3
2015-12-05,5,3,2
2015-12-05,2,1,1
2015-12-05,9,4,5
2015-12-05,6,1,5
2015-12-05,11,5,6
2015-12-05,4,1,3
2015-12-05,3,1,2
2015-12-05,1,0,1
2015-12-05,4,3,1
2015-12-05,4,3,1
2015-12-05,3,1,2
2015-12-05,1,0,1
2015-12-05,0,0,0
2015-12-05,1,0,1
2015-12-06,1,0,1
2015-12-06,1,0,1
2015-12-06,2,1,1
2015-12-06,1,0,1
2015-12-06,0,0,0
2015-12-06,2,2,0
2015-12-06,3,2,1
2015-12-06,1,0,1
2015-12-06,3,3,0
2015-12-06,4,2,2
2015-12-06,7,3,4
2015-12-06,7,3,4
2015-12-06,17,7,10
2015-12-06,10,7,3
2015-12-06,20,10,10
2015-12-06,19,7,12
2015-12-06,10,5,5
2015-12-06,3,2,1
2015-12-06,2,2,0
2015-12-06,4,0,4
2015-12-06,2,0,2
2015-12-06,1,0,1
2015-12-06,1,0,1
2015-12-06,2,1,1
2015-12-07,2,1,1
2015-12-07,1,0,1
2015-12-07,0,0,0
2015-12-07,3,2,1
2015-12-07,4,4,0
2015-12-07,10,9,1
2015-12-07,50,44,6
2015-12-07,80,74,6
2015-12-07,76,71,5
2015-12-07,28,24,4
2015-12-07,9,8,1
2015-12-07,3,3,0
2015-12-07,7,2,5
2015-12-07,2,1,1
2015-12-07,6,4,2
2015-12-07,18,6,12
2015-12-07,53,6,47
2015-12-07,94,9,85
2015-12-07,41,3,38
2015-12-07,19,3,16
2015-12-07,6,0,6
2015-12-07,5,1,4
2015-12-07,2,0,2
2015-12-07,2,0,2
2015-12-08,0,0,0
2015-12-08,0,0,0
2015-12-08,3,1,2
2015-12-08,1,0,1
2015-12-08,1,1,0
2015-12-08,9,9,0
2015-12-08,25,20,5
2015-12-08,67,58,9
2015-12-08,59,56,3
2015-12-08,26,24,2
2015-12-08,4,2,2
2015-12-08,0,0,0
2015-12-08,1,1,0
2015-12-08,5,4,1
2015-12-08,6,2,4
2015-12-08,16,5,11
2015-12-08,32,7,25
2015-12-08,58,7,51
2015-12-08,41,4,37
2015-12-08,18,1,17
2015-12-08,7,1,6
2015-12-08,6,1,5
2015-12-08,5,0,5
2015-12-08,0,0,0
2015-12-09,0,0,0
2015-12-09,0,0,0
2015-12-09,1,0,1
2015-12-09,0,0,0
2015-12-09,3,2,1
2015-12-09,13,12,1
2015-12-09,20,18,2
2015-12-09,49,40,9
2015-12-09,70,64,6
2015-12-09,23,22,1
2015-12-09,16,11,5
2015-12-09,11,7,4
2015-12-09,9,6,3
2015-12-09,11,5,6
2015-12-09,24,11,13
2015-12-09,29,14,15
2015-12-09,36,7,29
2015-12-09,78,13,65
2015-12-09,39,9,30
2015-12-09,20,1,19
2015-12-09,20,12,8
2015-12-09,11,2,9
2015-12-09,4,2,2
2015-12-09,2,0,2
2015-12-10,4,2,2
2015-12-10,0,0,0
2015-12-10,2,1,1
2015-12-10,0,0,0
2015-12-10,1,1,0
2015-12-10,10,9,1
2015-12-10,39,33,6
2015-12-10,62,52,10
2015-12-10,78,71,7
2015-12-10,29,25,4
2015-12-10,6,6,0
2015-12-10,7,4,3
2015-12-10,4,2,2
2015-12-10,4,3,1
2015-12-10,17,7,10
2015-12-10,21,6,15
2015-12-10,39,10,29
2015-12-10,61,6,55
2015-12-10,46,4,42
2015-12-10,14,2,12
2015-12-10,5,1,4
2015-12-10,8,0,8
2015-12-10,4,1,3
2015-12-10,5,3,2
2015-12-11,3,0,3
2015-12-11,2,1,1
2015-12-11,1,0,1
2015-12-11,2,2,0
2015-12-11,3,2,1
2015-12-11,11,9,2
2015-12-11,28,23,5
2015-12-11,65,60,5
2015-12-11,74,69,5
2015-12-11,31,30,1
2015-12-11,23,16,7
2015-12-11,11,8,3
2015-12-11,10,4,6
2015-12-11,23,12,11
2015-12-11,25,8,17
2015-12-11,33,8,25
2015-12-11,46,9,37
2015-12-11,78,5,73
2015-12-11,34,5,29
2015-12-11,12,1,11
2015-12-11,11,4,7
2015-12-11,4,0,4
2015-12-11,3,2,1
2015-12-11,5,1,4
2015-12-12,8,3,5
2015-12-12,0,0,0
2015-12-12,2,1,1
2015-12-12,0,0,0
2015-12-12,1,0,1
2015-12-12,5,3,2
2015-12-12,3,2,1
2015-12-12,2,1,1
2015-12-12,9,7,2
2015-12-12,6,4,2
2015-12-12,7,4,3
2015-12-12,11,6,5
2015-12-12,2,0,2
2015-12-12,8,2,6
2015-12-12,5,2,3
2015-12-12,5,1,4
2015-12-12,5,4,1
2015-12-12,4,2,2
2015-12-12,4,2,2
2015-12-12,3,3,0
2015-12-12,0,0,0
2015-12-12,0,0,0
2015-12-12,1,0,1
2015-12-12,1,0,1
2015-12-13,1,0,1
2015-12-13,3,0,3
2015-12-13,0,0,0
2015-12-13,3,1,2
2015-12-13,0,0,0
2015-12-13,3,3,0
2015-12-13,1,1,0
2015-12-13,3,1,2
2015-12-13,15,12,3
2015-12-13,14,9,5
2015-12-13,21,10,11
2015-12-13,9,5,4
2015-12-13,13,9,4
2015-12-13,4,4,0
2015-12-13,11,7,4
2015-12-13,24,15,9
2015-12-13,8,4,4
2015-12-13,4,2,2
2015-12-13,2,0,2
2015-12-13,2,0,2
2015-12-13,3,0,3
2015-12-13,4,1,3
2015-12-13,0,0,0
2015-12-13,5,3,2
2015-12-14,4,1,3
2015-12-14,0,0,0
2015-12-14,0,0,0
2015-12-14,1,0,1
2015-12-14,3,2,1
2015-12-14,14,14,0
2015-12-14,42,36,6
2015-12-14,102,94,8
2015-12-14,103,97,6
2015-12-14,36,31,5
2015-12-14,14,12,2
2015-12-14,13,11,2
2015-12-14,18,9,9
2015-12-14,10,8,2
2015-12-14,30,14,16
2015-12-14,30,10,20
2015-12-14,76,16,60
2015-12-14,122,15,107
2015-12-14,62,7,55
2015-12-14,29,5,24
2015-12-14,7,1,6
2015-12-14,10,1,9
2015-12-14,3,0,3
2015-12-14,3,1,2
2015-12-15,0,0,0
2015-12-15,0,0,0
2015-12-15,1,0,1
2015-12-15,2,0,2
2015-12-15,3,3,0
2015-12-15,17,15,2
2015-12-15,50,43,7
2015-12-15,78,70,8
2015-12-15,113,107,6
2015-12-15,54,47,7
2015-12-15,16,11,5
2015-12-15,13,7,6
2015-12-15,12,7,5
2015-12-15,11,4,7
2015-12-15,22,10,12
2015-12-15,26,5,21
2015-12-15,54,14,40
2015-12-15,102,9,93
2015-12-15,55,11,44
2015-12-15,28,4,24
2015-12-15,14,4,10
2015-12-15,10,1,9
2015-12-15,1,0,1
2015-12-15,11,3,8
2015-12-16,1,0,1
2015-12-16,0,0,0
2015-12-16,1,0,1
2015-12-16,0,0,0
2015-12-16,3,2,1
2015-12-16,13,11,2
2015-12-16,49,40,9
2015-12-16,75,63,12
2015-12-16,95,89,6
2015-12-16,35,33,2
2015-12-16,23,19,4
2015-12-16,12,9,3
2015-12-16,11,7,4
2015-12-16,10,5,5
2015-12-16,32,13,19
2015-12-16,31,6,25
2015-12-16,63,12,51
2015-12-16,96,10,86
2015-12-16,60,12,48
2015-12-16,23,3,20
2015-12-16,19,3,16
2015-12-16,13,3,10
2015-12-16,2,0,2
2015-12-16,4,2,2
2015-12-17,4,0,4
2015-12-17,1,1,0
2015-12-17,1,1,0
2015-12-17,2,1,1
2015-12-17,3,3,0
2015-12-17,16,15,1
2015-12-17,29,26,3
2015-12-17,68,61,7
2015-12-17,62,57,5
2015-12-17,21,20,1
2015-12-17,14,13,1
2015-12-17,9,5,4
2015-12-17,6,3,3
2015-12-17,2,2,0
2015-12-17,5,3,2
2015-12-17,14,2,12
2015-12-17,40,5,35
2015-12-17,52,8,44
2015-12-17,49,6,43
2015-12-17,16,3,13
2015-12-17,4,0,4
2015-12-17,4,0,4
2015-12-17,4,1,3
2015-12-17,3,0,3
2015-12-18,1,0,1
2015-12-18,3,3,0
2015-12-18,3,1,2
2015-12-18,0,0,0
2015-12-18,1,1,0
2015-12-18,10,9,1
2015-12-18,19,14,5
2015-12-18,51,46,5
2015-12-18,61,54,7
2015-12-18,31,28,3
2015-12-18,12,3,9
2015-12-18,11,5,6
2015-12-18,18,12,6
2015-12-18,7,3,4
2015-12-18,9,4,5
2015-12-18,23,7,16
2015-12-18,36,7,29
2015-12-18,70,7,63
2015-12-18,33,5,28
2015-12-18,9,1,8
2015-12-18,6,0,6
2015-12-18,1,0,1
2015-12-18,1,0,1
2015-12-18,2,1,1
2015-12-19,2,1,1
2015-12-19,0,0,0
2015-12-19,1,0,1
2015-12-19,1,1,0
2015-12-19,1,0,1
2015-12-19,4,4,0
2015-12-19,7,4,3
2015-12-19,2,2,0
2015-12-19,10,6,4
2015-12-19,11,8,3
2015-12-19,17,9,8
2015-12-19,26,14,12
2015-12-19,17,10,7
2015-12-19,33,15,18
2015-12-19,26,15,11
2015-12-19,25,11,14
2015-12-19,10,6,4
2015-12-19,5,4,1
2015-12-19,2,0,2
2015-12-19,2,0,2
2015-12-19,4,1,3
2015-12-19,3,0,3
2015-12-19,1,0,1
2015-12-19,2,0,2
2015-12-20,0,0,0
2015-12-20,3,1,2
2015-12-20,0,0,0
2015-12-20,0,0,0
2015-12-20,1,0,1
2015-12-20,2,2,0
2015-12-20,3,2,1
2015-12-20,0,0,0
2015-12-20,9,6,3
2015-12-20,7,3,4
2015-12-20,17,10,7
2015-12-20,19,13,6
2015-12-20,17,6,11
2015-12-20,19,10,9
2015-12-20,17,4,13
2015-12-20,17,7,10
2015-12-20,19,11,8
2015-12-20,7,4,3
2015-12-20,1,1,0
2015-12-20,3,1,2
2015-12-20,4,1,3
2015-12-20,4,0,4
2015-12-20,3,2,1
2015-12-20,2,1,1
2015-12-21,2,1,1
2015-12-21,0,0,0
2015-12-21,0,0,0
2015-12-21,1,1,0
2015-12-21,3,2,1
2015-12-21,12,11,1
2015-12-21,25,24,1
2015-12-21,63,59,4
2015-12-21,47,43,4
2015-12-21,13,12,1
2015-12-21,9,7,2
2015-12-21,5,3,2
2015-12-21,3,1,2
2015-12-21,5,3,2
2015-12-21,5,2,3
2015-12-21,14,2,12
2015-12-21,39,5,34
2015-12-21,55,8,47
2015-12-21,27,5,22
2015-12-21,15,1,14
2015-12-21,4,1,3
2015-12-21,2,0,2
2015-12-21,3,2,1
2015-12-21,2,0,2
2015-12-22,0,0,0
2015-12-22,1,0,1
2015-12-22,1,0,1
2015-12-22,2,0,2
2015-12-22,4,4,0
2015-12-22,15,12,3
2015-12-22,24,22,2
2015-12-22,54,52,2
2015-12-22,58,56,2
2015-12-22,23,21,2
2015-12-22,15,11,4
2015-12-22,5,3,2
2015-12-22,13,8,5
2015-12-22,12,2,10
2015-12-22,22,12,10
2015-12-22,19,8,11
2015-12-22,46,8,38
2015-12-22,66,7,59
2015-12-22,26,4,22
2015-12-22,9,2,7
2015-12-22,5,0,5
2015-12-22,5,0,5
2015-12-22,1,0,1
2015-12-22,2,0,2
2015-12-23,4,1,3
2015-12-23,1,0,1
2015-12-23,1,0,1
2015-12-23,1,0,1
2015-12-23,3,2,1
2015-12-23,9,6,3
2015-12-23,24,22,2
2015-12-23,40,34,6
2015-12-23,35,34,1
2015-12-23,24,23,1
2015-12-23,14,13,1
2015-12-23,6,3,3
2015-12-23,3,1,2
2015-12-23,12,5,7
2015-12-23,15,3,12
2015-12-23,20,3,17
2015-12-23,31,5,26
2015-12-23,42,5,37
2015-12-23,23,5,18
2015-12-23,10,2,8
2015-12-23,3,1,2
2015-12-23,2,0,2
2015-12-23,1,0,1
2015-12-23,1,0,1
2015-12-24,0,0,0
2015-12-24,1,1,0
2015-12-24,1,0,1
2015-12-24,2,1,1
2015-12-24,2,1,1
2015-12-24,10,7,3
2015-12-24,10,10,0
2015-12-24,12,12,0
2015-12-24,11,8,3
2015-12-24,11,9,2
2015-12-24,11,5,6
2015-12-24,14,6,8
2015-12-24,15,6,9
2015-12-24,26,12,14
2015-12-24,20,7,13
2015-12-24,10,2,8
2015-12-24,14,5,9
2015-12-24,6,1,5
2015-12-24,4,1,3
2015-12-24,3,2,1
2015-12-24,3,2,1
2015-12-24,2,0,2
2015-12-24,0,0,0
2015-12-24,1,0,1
2015-12-25,2,1,1
2015-12-25,1,0,1
2015-12-25,0,0,0
2015-12-25,0,0,0
2015-12-25,0,0,0
2015-12-25,2,1,1
2015-12-25,1,1,0
2015-12-25,0,0,0
2015-12-25,1,1,0
2015-12-25,1,1,0
2015-12-25,4,3,1
2015-12-25,6,4,2
2015-12-25,21,2,19
2015-12-25,28,22,6
2015-12-25,21,10,11
2015-12-25,10,7,3
2015-12-25,9,5,4
2015-12-25,8,5,3
2015-12-25,4,2,2
2015-12-25,2,1,1
2015-12-25,2,1,1
2015-12-25,4,1,3
2015-12-25,3,1,2
2015-12-25,1,1,0
2015-12-26,1,0,1
2015-12-26,0,0,0
2015-12-26,0,0,0
2015-12-26,1,1,0
2015-12-26,1,0,1
2015-12-26,3,3,0
2015-12-26,2,0,2
2015-12-26,3,1,2
2015-12-26,12,9,3
2015-12-26,11,8,3
2015-12-26,11,2,9
2015-12-26,12,9,3
2015-12-26,11,6,5
2015-12-26,19,9,10
2015-12-26,24,11,13
2015-12-26,28,16,12
2015-12-26,8,4,4
2015-12-26,15,9,6
2015-12-26,15,4,11
2015-12-26,5,3,2
2015-12-26,1,0,1
2015-12-26,0,0,0
2015-12-26,4,1,3
2015-12-26,3,1,2
2015-12-27,6,4,2
2015-12-27,3,2,1
2015-12-27,0,0,0
2015-12-27,1,0,1
2015-12-27,1,0,1
2015-12-27,6,5,1
2015-12-27,3,2,1
2015-12-27,6,1,5
2015-12-27,9,6,3
2015-12-27,11,7,4
2015-12-27,6,3,3
2015-12-27,3,0,3
2015-12-27,3,2,1
2015-12-27,1,1,0
2015-12-27,3,1,2
2015-12-27,5,0,5
2015-12-27,2,2,0
2015-12-27,2,1,1
2015-12-27,0,0,0
2015-12-27,1,0,1
2015-12-27,2,0,2
2015-12-27,1,0,1
2015-12-27,0,0,0
2015-12-27,0,0,0
2015-12-28,1,1,0
2015-12-28,0,0,0
2015-12-28,1,1,0
2015-12-28,0,0,0
2015-12-28,3,2,1
2015-12-28,13,11,2
2015-12-28,19,14,5
2015-12-28,53,47,6
2015-12-28,30,30,0
2015-12-28,29,25,4
2015-12-28,12,11,1
2015-12-28,12,6,6
2015-12-28,9,7,2
2015-12-28,10,4,6
2015-12-28,15,5,10
2015-12-28,22,3,19
2015-12-28,44,11,33
2015-12-28,42,5,37
2015-12-28,30,4,26
2015-12-28,16,4,12
2015-12-28,5,2,3
2015-12-28,3,1,2
2015-12-28,2,1,1
2015-12-28,0,0,0
2015-12-29,0,0,0
2015-12-29,0,0,0
2015-12-29,2,1,1
2015-12-29,1,1,0
2015-12-29,2,1,1
2015-12-29,12,9,3
2015-12-29,30,20,10
2015-12-29,52,47,5
2015-12-29,53,50,3
2015-12-29,33,27,6
2015-12-29,15,11,4
2015-12-29,14,10,4
2015-12-29,10,5,5
2015-12-29,15,4,11
2015-12-29,29,14,15
2015-12-29,25,5,20
2015-12-29,57,16,41
2015-12-29,77,11,66
2015-12-29,29,7,22
2015-12-29,10,1,9
2015-12-29,3,1,2
2015-12-29,7,1,6
2015-12-29,1,0,1
2015-12-29,2,2,0
2015-12-30,2,1,1
2015-12-30,0,0,0
2015-12-30,1,1,0
2015-12-30,0,0,0
2015-12-30,1,0,1
2015-12-30,9,7,2
2015-12-30,19,13,6
2015-12-30,43,33,10
2015-12-30,32,30,2
2015-12-30,24,20,4
2015-12-30,14,10,4
2015-12-30,15,7,8
2015-12-30,23,14,9
2015-12-30,19,9,10
2015-12-30,18,8,10
2015-12-30,31,7,24
2015-12-30,58,22,36
2015-12-30,45,6,39
2015-12-30,29,11,18
2015-12-30,16,3,13
2015-12-30,7,2,5
2015-12-30,2,0,2
2015-12-30,2,0,2
2015-12-30,1,0,1
2015-12-31,4,2,2
2015-12-31,2,1,1
2015-12-31,0,0,0
2015-12-31,3,0,3
2015-12-31,0,0,0
2015-12-31,5,3,2
2015-12-31,22,18,4
2015-12-31,14,9,5
2015-12-31,27,24,3
2015-12-31,13,10,3
2015-12-31,11,8,3
2015-12-31,10,4,6
2015-12-31,15,6,9
2015-12-31,30,16,14
2015-12-31,28,11,17
2015-12-31,40,17,23
2015-12-31,19,7,12
2015-12-31,23,3,20
2015-12-31,10,6,4
2015-12-31,5,1,4
2015-12-31,2,0,2
2015-12-31,4,2,2
2015-12-31,0,0,0
2015-12-31,1,0,1
2016-01-01,2,0,2
2016-01-01,1,0,1
2016-01-01,0,0,0
2016-01-01,1,0,1
2016-01-01,2,0,2
2016-01-01,1,1,0
2016-01-01,1,1,0
2016-01-01,2,1,1
2016-01-01,1,1,0
2016-01-01,0,0,0
2016-01-01,13,9,4
2016-01-01,23,11,12
2016-01-01,24,9,15
2016-01-01,34,16,18
2016-01-01,39,19,20
2016-01-01,25,16,9
2016-01-01,11,5,6
2016-01-01,7,4,3
2016-01-01,9,6,3
2016-01-01,9,7,2
2016-01-01,3,1,2
2016-01-01,2,1,1
2016-01-01,0,0,0
2016-01-01,2,0,2
2016-01-02,3,0,3
2016-01-02,0,0,0
2016-01-02,3,2,1
2016-01-02,0,0,0
2016-01-02,1,0,1
2016-01-02,3,3,0
2016-01-02,2,1,1
2016-01-02,0,0,0
2016-01-02,3,1,2
2016-01-02,14,11,3
2016-01-02,16,6,10
2016-01-02,23,14,9
2016-01-02,20,11,9
2016-01-02,27,16,11
2016-01-02,24,8,16
2016-01-02,26,9,17
2016-01-02,22,13,9
2016-01-02,11,5,6
2016-01-02,4,4,0
2016-01-02,1,0,1
2016-01-02,4,0,4
2016-01-02,4,2,2
2016-01-02,1,1,0
2016-01-02,1,0,1
2016-01-03,0,0,0
2016-01-03,1,0,1
2016-01-03,0,0,0
2016-01-03,1,1,0
2016-01-03,2,0,2
2016-01-03,4,3,1
2016-01-03,4,3,1
2016-01-03,2,2,0
2016-01-03,5,2,3
2016-01-03,7,6,1
2016-01-03,10,3,7
2016-01-03,18,13,5
2016-01-03,22,13,9
2016-01-03,21,11,10
2016-01-03,7,4,3
2016-01-03,9,4,5
2016-01-03,2,1,1
2016-01-03,7,2,5
2016-01-03,3,0,3
2016-01-03,4,2,2
2016-01-03,3,0,3
2016-01-03,2,1,1
2016-01-03,1,0,1
2016-01-03,0,0,0
2016-01-04,0,0,0
2016-01-04,0,0,0
2016-01-04,1,1,0
2016-01-04,3,1,2
2016-01-04,1,0,1
2016-01-04,9,8,1
2016-01-04,35,30,5
2016-01-04,63,58,5
2016-01-04,82,77,5
2016-01-04,22,22,0
2016-01-04,13,10,3
2016-01-04,6,2,4
2016-01-04,5,3,2
2016-01-04,5,3,2
2016-01-04,7,4,3
2016-01-04,18,3,15
2016-01-04,52,8,44
2016-01-04,90,12,78
2016-01-04,37,4,33
2016-01-04,23,2,21
2016-01-04,6,1,5
2016-01-04,1,0,1
2016-01-04,1,0,1
2016-01-04,1,0,1
2016-01-05,0,0,0
2016-01-05,1,1,0
2016-01-05,2,1,1
2016-01-05,3,1,2
2016-01-05,0,0,0
2016-01-05,13,11,2
2016-01-05,48,41,7
2016-01-05,76,62,14
2016-01-05,73,69,4
2016-01-05,30,29,1
2016-01-05,11,8,3
2016-01-05,8,4,4
2016-01-05,4,1,3
2016-01-05,7,3,4
2016-01-05,11,5,6
2016-01-05,17,2,15
2016-01-05,47,11,36
2016-01-05,94,12,82
2016-01-05,41,6,35
2016-01-05,17,1,16
2016-01-05,14,4,10
2016-01-05,2,0,2
2016-01-05,4,0,4
2016-01-05,1,0,1
2016-01-06,1,0,1
2016-01-06,0,0,0
2016-01-06,1,1,0
2016-01-06,1,0,1
2016-01-06,1,1,0
2016-01-06,18,15,3
2016-01-06,44,41,3
2016-01-06,85,75,10
2016-01-06,96,85,11
2016-01-06,42,38,4
2016-01-06,19,14,5
2016-01-06,14,12,2
2016-01-06,15,6,9
2016-01-06,18,11,7
2016-01-06,32,10,22
2016-01-06,38,13,25
2016-01-06,70,13,57
2016-01-06,110,9,101
2016-01-06,54,10,44
2016-01-06,21,0,21
2016-01-06,18,3,15
2016-01-06,9,1,8
2016-01-06,3,1,2
2016-01-06,2,1,1
2016-01-07,3,1,2
2016-01-07,0,0,0
2016-01-07,2,1,1
2016-01-07,0,0,0
2016-01-07,0,0,0
2016-01-07,15,12,3
2016-01-07,47,43,4
2016-01-07,85,72,13
2016-01-07,95,85,10
2016-01-07,32,31,1
2016-01-07,15,13,2
2016-01-07,9,7,2
2016-01-07,10,4,6
2016-01-07,21,14,7
2016-01-07,23,9,14
2016-01-07,25,8,17
2016-01-07,55,12,43
2016-01-07,102,12,90
2016-01-07,64,12,52
2016-01-07,26,7,19
2016-01-07,4,0,4
2016-01-07,10,1,9
2016-01-07,7,0,7
2016-01-07,4,1,3
2016-01-08,6,1,5
2016-01-08,1,1,0
2016-01-08,1,1,0
2016-01-08,5,3,2
2016-01-08,1,0,1
2016-01-08,7,5,2
2016-01-08,38,35,3
2016-01-08,69,62,7
2016-01-08,81,74,7
2016-01-08,28,26,2
2016-01-08,8,7,1
2016-01-08,21,9,12
2016-01-08,24,14,10
2016-01-08,17,13,4
2016-01-08,27,9,18
2016-01-08,39,12,27
2016-01-08,65,14,51
2016-01-08,90,7,83
2016-01-08,49,6,43
2016-01-08,19,7,12
2016-01-08,8,2,6
2016-01-08,9,2,7
2016-01-08,4,1,3
2016-01-08,2,0,2
2016-01-09,6,2,4
2016-01-09,3,1,2
2016-01-09,1,1,0
2016-01-09,2,1,1
2016-01-09,1,1,0
2016-01-09,5,4,1
2016-01-09,2,2,0
2016-01-09,9,5,4
2016-01-09,15,9,6
2016-01-09,21,18,3
2016-01-09,17,5,12
2016-01-09,28,15,13
2016-01-09,37,18,19
2016-01-09,29,15,14
2016-01-09,49,19,30
2016-01-09,53,27,26
2016-01-09,30,16,14
2016-01-09,7,2,5
2016-01-09,6,4,2
2016-01-09,7,3,4
2016-01-09,6,4,2
2016-01-09,2,0,2
2016-01-09,4,0,4
2016-01-09,3,0,3
2016-01-10,0,0,0
2016-01-10,0,0,0
2016-01-10,2,0,2
2016-01-10,1,0,1
2016-01-10,0,0,0
2016-01-10,3,3,0
2016-01-10,1,1,0
2016-01-10,1,1,0
2016-01-10,16,8,8
2016-01-10,18,8,10
2016-01-10,28,12,16
2016-01-10,15,6,9
2016-01-10,27,20,7
2016-01-10,31,15,16
2016-01-10,41,17,24
2016-01-10,52,26,26
2016-01-10,27,15,12
2016-01-10,11,9,2
2016-01-10,4,3,1
2016-01-10,4,0,4
2016-01-10,1,0,1
2016-01-10,0,0,0
2016-01-10,0,0,0
2016-01-10,1,0,1
2016-01-11,2,0,2
2016-01-11,2,1,1
2016-01-11,1,1,0
2016-01-11,2,1,1
2016-01-11,0,0,0
2016-01-11,13,13,0
2016-01-11,46,43,3
2016-01-11,97,84,13
2016-01-11,87,76,11
2016-01-11,28,25,3
2016-01-11,10,9,1
2016-01-11,7,5,2
2016-01-11,7,3,4
2016-01-11,7,5,2
2016-01-11,11,7,4
2016-01-11,30,8,22
2016-01-11,54,11,43
2016-01-11,112,10,102
2016-01-11,52,6,46
2016-01-11,15,2,13
2016-01-11,8,1,7
2016-01-11,14,4,10
2016-01-11,6,2,4
2016-01-11,2,0,2
2016-01-12,0,0,0
2016-01-12,1,1,0
2016-01-12,1,1,0
2016-01-12,2,0,2
2016-01-12,2,1,1
2016-01-12,14,13,1
2016-01-12,45,38,7
2016-01-12,79,67,12
2016-01-12,87,84,3
2016-01-12,28,26,2
2016-01-12,7,7,0
2016-01-12,10,8,2
2016-01-12,6,3,3
2016-01-12,8,5,3
2016-01-12,4,1,3
2016-01-12,14,3,11
2016-01-12,41,8,33
2016-01-12,99,12,87
2016-01-12,62,10,52
2016-01-12,12,1,11
2016-01-12,10,3,7
2016-01-12,6,1,5
2016-01-12,5,0,5
2016-01-12,2,0,2
2016-01-13,0,0,0
2016-01-13,1,1,0
2016-01-13,2,1,1
2016-01-13,1,0,1
2016-01-13,1,1,0
2016-01-13,19,17,2
2016-01-13,35,32,3
2016-01-13,64,56,8
2016-01-13,76,70,6
2016-01-13,16,16,0
2016-01-13,11,10,1
2016-01-13,4,3,1
2016-01-13,2,2,0
2016-01-13,7,3,4
2016-01-13,16,6,10
2016-01-13,26,9,17
2016-01-13,41,11,30
2016-01-13,88,8,80
2016-01-13,63,11,52
2016-01-13,19,3,16
2016-01-13,10,2,8
2016-01-13,4,0,4
2016-01-13,4,0,4
2016-01-13,5,2,3
2016-01-14,3,0,3
2016-01-14,0,0,0
2016-01-14,2,2,0
2016-01-14,0,0,0
2016-01-14,2,2,0
2016-01-14,19,17,2
2016-01-14,42,34,8
2016-01-14,82,71,11
2016-01-14,111,96,15
2016-01-14,44,42,2
2016-01-14,17,13,4
2016-01-14,13,9,4
2016-01-14,20,12,8
2016-01-14,20,8,12
2016-01-14,18,10,8
2016-01-14,43,15,28
2016-01-14,67,15,52
2016-01-14,118,11,107
2016-01-14,59,9,50
2016-01-14,19,1,18
2016-01-14,13,1,12
2016-01-14,9,1,8
2016-01-14,3,1,2
2016-01-14,2,0,2
2016-01-15,6,2,4
2016-01-15,1,1,0
2016-01-15,1,0,1
2016-01-15,0,0,0
2016-01-15,2,2,0
2016-01-15,12,7,5
2016-01-15,33,27,6
2016-01-15,67,57,10
2016-01-15,73,65,8
2016-01-15,33,30,3
2016-01-15,17,11,6
2016-01-15,10,5,5
2016-01-15,18,8,10
2016-01-15,15,8,7
2016-01-15,20,12,8
2016-01-15,24,7,17
2016-01-15,55,10,45
2016-01-15,70,7,63
2016-01-15,45,8,37
2016-01-15,13,3,10
2016-01-15,4,1,3
2016-01-15,5,2,3
2016-01-15,8,1,7
2016-01-15,2,0,2
2016-01-16,3,3,0
2016-01-16,3,0,3
2016-01-16,2,1,1
2016-01-16,0,0,0
2016-01-16,0,0,0
2016-01-16,2,2,0
2016-01-16,2,2,0
2016-01-16,2,2,0
2016-01-16,5,5,0
2016-01-16,8,6,2
2016-01-16,15,9,6
2016-01-16,17,12,5
2016-01-16,21,15,6
2016-01-16,15,6,9
2016-01-16,20,11,9
2016-01-16,12,5,7
2016-01-16,7,3,4
2016-01-16,9,6,3
2016-01-16,4,3,1
2016-01-16,4,2,2
2016-01-16,3,0,3
2016-01-16,5,3,2
2016-01-16,0,0,0
2016-01-16,0,0,0
2016-01-17,5,1,4
2016-01-17,1,0,1
2016-01-17,0,0,0
2016-01-17,1,0,1
2016-01-17,1,0,1
2016-01-17,4,3,1
2016-01-17,5,5,0
2016-01-17,0,0,0
2016-01-17,7,4,3
2016-01-17,3,2,1
2016-01-17,2,1,1
2016-01-17,6,3,3
2016-01-17,10,3,7
2016-01-17,9,3,6
2016-01-17,8,5,3
2016-01-17,11,4,7
2016-01-17,5,2,3
2016-01-17,6,4,2
2016-01-17,3,0,3
2016-01-17,2,0,2
2016-01-17,2,0,2
2016-01-17,3,1,2
2016-01-17,0,0,0
2016-01-17,1,0,1
2016-01-18,0,0,0
2016-01-18,0,0,0
2016-01-18,0,0,0
2016-01-18,2,1,1
2016-01-18,2,2,0
2016-01-18,5,4,1
2016-01-18,23,17,6
2016-01-18,41,37,4
2016-01-18,48,45,3
2016-01-18,28,24,4
2016-01-18,20,12,8
2016-01-18,22,10,12
2016-01-18,22,17,5
2016-01-18,29,19,10
2016-01-18,41,17,24
2016-01-18,49,24,25
2016-01-18,62,19,43
2016-01-18,46,7,39
2016-01-18,38,2,36
2016-01-18,11,2,9
2016-01-18,5,1,4
2016-01-18,5,0,5
2016-01-18,3,1,2
2016-01-18,1,1,0
2016-01-19,0,0,0
2016-01-19,1,0,1
2016-01-19,1,1,0
2016-01-19,4,2,2
2016-01-19,3,2,1
2016-01-19,26,23,3
2016-01-19,49,40,9
2016-01-19,77,65,12
2016-01-19,113,103,10
2016-01-19,31,28,3
2016-01-19,14,12,2
2016-01-19,19,13,6
2016-01-19,12,4,8
2016-01-19,14,8,6
2016-01-19,7,3,4
2016-01-19,19,3,16
2016-01-19,47,10,37
2016-01-19,103,8,95
2016-01-19,58,10,48
2016-01-19,17,2,15
2016-01-19,7,2,5
2016-01-19,12,1,11
2016-01-19,0,0,0
2016-01-19,0,0,0
2016-01-20,1,0,1
2016-01-20,1,0,1
2016-01-20,1,1,0
2016-01-20,1,0,1
2016-01-20,5,5,0
2016-01-20,13,10,3
2016-01-20,36,31,5
2016-01-20,83,73,10
2016-01-20,98,88,10
2016-01-20,24,20,4
2016-01-20,20,15,5
2016-01-20,15,11,4
2016-01-20,8,3,5
2016-01-20,17,12,5
2016-01-20,23,7,16
2016-01-20,29,10,19
2016-01-20,58,10,48
2016-01-20,103,13,90
2016-01-20,58,11,47
2016-01-20,24,3,21
2016-01-20,8,2,6
2016-01-20,6,0,6
2016-01-20,6,1,5
2016-01-20,2,0,2
2016-01-21,2,0,2
2016-01-21,2,0,2
2016-01-21,0,0,0
2016-01-21,0,0,0
2016-01-21,2,2,0
2016-01-21,17,14,3
2016-01-21,39,34,5
2016-01-21,55,49,6
2016-01-21,67,59,8
2016-01-21,14,13,1
2016-01-21,11,10,1
2016-01-21,4,3,1
2016-01-21,3,2,1
2016-01-21,4,4,0
2016-01-21,12,5,7
2016-01-21,17,8,9
2016-01-21,30,4,26
2016-01-21,64,6,58
2016-01-21,47,7,40
2016-01-21,14,1,13
2016-01-21,8,2,6
2016-01-21,6,1,5
2016-01-21,3,0,3
2016-01-21,4,1,3
2016-01-22,3,0,3
2016-01-22,3,3,0
2016-01-22,3,1,2
2016-01-22,2,2,0
2016-01-22,0,0,0
2016-01-22,8,6,2
2016-01-22,31,28,3
2016-01-22,56,43,13
2016-01-22,85,74,11
2016-01-22,26,23,3
2016-01-22,14,9,5
2016-01-22,12,6,6
2016-01-22,17,8,9
2016-01-22,14,7,7
2016-01-22,22,13,9
2016-01-22,26,8,18
2016-01-22,50,17,33
2016-01-22,70,7,63
2016-01-22,56,9,47
2016-01-22,15,4,11
2016-01-22,11,6,5
2016-01-22,3,0,3
2016-01-22,9,1,8
2016-01-22,2,0,2
2016-01-23,8,1,7
2016-01-23,5,1,4
2016-01-23,2,2,0
2016-01-23,2,1,1
2016-01-23,1,1,0
2016-01-23,6,3,3
2016-01-23,2,0,2
2016-01-23,4,4,0
2016-01-23,9,8,1
2016-01-23,2,2,0
2016-01-23,5,3,2
2016-01-23,11,5,6
2016-01-23,11,4,7
2016-01-23,3,2,1
2016-01-23,4,0,4
2016-01-23,8,3,5
2016-01-23,6,4,2
2016-01-23,7,4,3
2016-01-23,3,1,2
2016-01-23,3,1,2
2016-01-23,1,0,1
2016-01-23,2,1,1
2016-01-23,2,0,2
2016-01-23,2,0,2
2016-01-24,0,0,0
2016-01-24,1,1,0
2016-01-24,2,1,1
2016-01-24,0,0,0
2016-01-24,4,2,2
2016-01-24,3,3,0
2016-01-24,5,3,2
2016-01-24,11,8,3
2016-01-24,14,12,2
2016-01-24,23,13,10
2016-01-24,34,20,14
2016-01-24,50,27,23
2016-01-24,41,22,19
2016-01-24,56,20,36
2016-01-24,57,20,37
2016-01-24,48,27,21
2016-01-24,30,10,20
2016-01-24,17,10,7
2016-01-24,5,1,4
2016-01-24,8,1,7
2016-01-24,1,0,1
2016-01-24,3,1,2
2016-01-24,1,0,1
2016-01-24,1,1,0
2016-01-25,0,0,0
2016-01-25,0,0,0
2016-01-25,2,2,0
2016-01-25,1,0,1
2016-01-25,1,1,0
2016-01-25,17,16,1
2016-01-25,50,40,10
2016-01-25,98,83,15
2016-01-25,115,100,15
2016-01-25,40,31,9
2016-01-25,23,18,5
2016-01-25,13,8,5
2016-01-25,21,12,9
2016-01-25,14,5,9
2016-01-25,29,16,13
2016-01-25,34,8,26
2016-01-25,78,24,54
2016-01-25,132,10,122
2016-01-25,74,8,66
2016-01-25,22,3,19
2016-01-25,12,1,11
2016-01-25,16,3,13
2016-01-25,5,2,3
2016-01-25,2,0,2
2016-01-26,0,0,0
2016-01-26,1,1,0
2016-01-26,3,1,2
2016-01-26,2,1,1
2016-01-26,3,3,0
2016-01-26,18,15,3
2016-01-26,42,37,5
2016-01-26,80,73,7
2016-01-26,87,80,7
2016-01-26,28,25,3
2016-01-26,13,11,2
2016-01-26,6,4,2
2016-01-26,5,5,0
2016-01-26,13,8,5
2016-01-26,10,5,5
2016-01-26,25,9,16
2016-01-26,56,11,45
2016-01-26,95,9,86
2016-01-26,67,9,58
2016-01-26,16,1,15
2016-01-26,16,4,12
2016-01-26,7,2,5
2016-01-26,6,4,2
2016-01-26,3,0,3
2016-01-27,2,2,0
2016-01-27,4,1,3
2016-01-27,1,1,0
2016-01-27,1,0,1
2016-01-27,0,0,0
2016-01-27,19,12,7
2016-01-27,53,48,5
2016-01-27,75,67,8
2016-01-27,101,90,11
2016-01-27,37,30,7
2016-01-27,14,10,4
2016-01-27,10,4,6
2016-01-27,11,8,3
2016-01-27,20,12,8
2016-01-27,22,9,13
2016-01-27,24,6,18
2016-01-27,58,14,44
2016-01-27,89,3,86
2016-01-27,57,15,42
2016-01-27,19,1,18
2016-01-27,12,3,9
2016-01-27,8,1,7
2016-01-27,5,0,5
2016-01-27,2,0,2
2016-01-28,2,1,1
2016-01-28,1,0,1
2016-01-28,1,1,0
2016-01-28,0,0,0
2016-01-28,2,2,0
2016-01-28,6,5,1
2016-01-28,33,28,5
2016-01-28,56,48,8
2016-01-28,70,62,8
2016-01-28,20,19,1
2016-01-28,14,12,2
2016-01-28,12,8,4
2016-01-28,8,5,3
2016-01-28,15,8,7
2016-01-28,17,8,9
2016-01-28,28,13,15
2016-01-28,46,13,33
2016-01-28,77,6,71
2016-01-28,53,6,47
2016-01-28,25,6,19
2016-01-28,12,1,11
2016-01-28,8,2,6
2016-01-28,7,3,4
2016-01-28,4,0,4
2016-01-29,6,2,4
2016-01-29,0,0,0
2016-01-29,1,1,0
2016-01-29,1,1,0
2016-01-29,3,3,0
2016-01-29,11,11,0
2016-01-29,35,30,5
2016-01-29,63,54,9
2016-01-29,65,60,5
2016-01-29,19,17,2
2016-01-29,7,5,2
2016-01-29,1,1,0
2016-01-29,5,2,3
2016-01-29,8,5,3
2016-01-29,10,7,3
2016-01-29,23,3,20
2016-01-29,39,6,33
2016-01-29,75,11,64
2016-01-29,56,14,42
2016-01-29,21,6,15
2016-01-29,6,3,3
2016-01-29,5,2,3
2016-01-29,11,5,6
2016-01-29,4,2,2
2016-01-30,6,2,4
2016-01-30,1,0,1
2016-01-30,3,2,1
2016-01-30,2,1,1
2016-01-30,2,1,1
2016-01-30,7,5,2
2016-01-30,3,2,1
2016-01-30,5,4,1
2016-01-30,15,11,4
2016-01-30,16,11,5
2016-01-30,30,13,17
2016-01-30,42,21,21
2016-01-30,32,22,10
2016-01-30,28,14,14
2016-01-30,32,14,18
2016-01-30,28,14,14
2016-01-30,32,11,21
2016-01-30,16,6,10
2016-01-30,10,3,7
2016-01-30,3,0,3
2016-01-30,4,1,3
2016-01-30,4,0,4
2016-01-30,3,2,1
2016-01-30,2,0,2
2016-01-31,1,0,1
2016-01-31,3,1,2
2016-01-31,1,0,1
2016-01-31,1,0,1
2016-01-31,2,0,2
2016-01-31,3,2,1
2016-01-31,4,1,3
2016-01-31,5,4,1
2016-01-31,11,6,5
2016-01-31,13,9,4
2016-01-31,23,11,12
2016-01-31,28,16,12
2016-01-31,28,13,15
2016-01-31,23,12,11
2016-01-31,23,10,13
2016-01-31,20,11,9
2016-01-31,14,9,5
2016-01-31,10,5,5
2016-01-31,4,1,3
2016-01-31,7,1,6
2016-01-31,1,0,1
2016-01-31,3,0,3
2016-01-31,1,1,0
2016-01-31,1,0,1
2016-02-01,3,2,1
2016-02-01,1,0,1
2016-02-01,1,1,0
2016-02-01,1,1,0
2016-02-01,6,4,2
2016-02-01,17,17,0
2016-02-01,48,39,9
2016-02-01,91,82,9
2016-02-01,103,93,10
2016-02-01,36,33,3
2016-02-01,22,17,5
2016-02-01,14,10,4
2016-02-01,16,8,8
2016-02-01,11,5,6
2016-02-01,20,10,10
2016-02-01,36,11,25
2016-02-01,64,15,49
2016-02-01,109,12,97
2016-02-01,82,2,80
2016-02-01,24,7,17
2016-02-01,9,1,8
2016-02-01,6,1,5
2016-02-01,2,1,1
2016-02-01,2,1,1
2016-02-02,2,0,2
2016-02-02,1,1,0
2016-02-02,0,0,0
2016-02-02,2,0,2
2016-02-02,1,0,1
2016-02-02,21,18,3
2016-02-02,51,44,7
2016-02-02,111,96,15
2016-02-02,113,105,8
2016-02-02,49,42,7
2016-02-02,24,18,6
2016-02-02,9,5,4
2016-02-02,23,13,10
2016-02-02,32,13,19
2016-02-02,29,18,11
2016-02-02,38,9,29
2016-02-02,84,16,68
2016-02-02,132,20,112
2016-02-02,76,7,69
2016-02-02,23,4,19
2016-02-02,22,7,15
2016-02-02,12,3,9
2016-02-02,7,1,6
2016-02-02,3,1,2
2016-02-03,4,3,1
2016-02-03,0,0,0
2016-02-03,1,1,0
2016-02-03,0,0,0
2016-02-03,2,1,1
2016-02-03,16,14,2
2016-02-03,33,29,4
2016-02-03,95,81,14
2016-02-03,97,87,10
2016-02-03,36,30,6
2016-02-03,19,14,5
2016-02-03,7,4,3
2016-02-03,8,2,6
2016-02-03,8,5,3
2016-02-03,12,5,7
2016-02-03,13,3,10
2016-02-03,45,6,39
2016-02-03,95,12,83
2016-02-03,57,9,48
2016-02-03,21,1,20
2016-02-03,12,3,9
2016-02-03,3,1,2
2016-02-03,2,0,2
2016-02-03,2,1,1
2016-02-04,1,0,1
2016-02-04,0,0,0
2016-02-04,3,2,1
2016-02-04,1,0,1
2016-02-04,4,3,1
2016-02-04,17,14,3
2016-02-04,31,27,4
2016-02-04,78,69,9
2016-02-04,90,79,11
2016-02-04,30,29,1
2016-02-04,20,18,2
2016-02-04,9,6,3
2016-02-04,8,5,3
2016-02-04,13,6,7
2016-02-04,14,5,9
2016-02-04,20,5,15
2016-02-04,66,15,51
2016-02-04,88,7,81
2016-02-04,60,8,52
2016-02-04,13,1,12
2016-02-04,10,2,8
2016-02-04,14,1,13
2016-02-04,12,3,9
2016-02-04,3,2,1
2016-02-05,3,0,3
2016-02-05,1,1,0
2016-02-05,1,1,0
2016-02-05,1,1,0
2016-02-05,1,1,0
2016-02-05,9,7,2
2016-02-05,33,28,5
2016-02-05,67,53,14
2016-02-05,79,70,9
2016-02-05,32,30,2
2016-02-05,20,15,5
2016-02-05,11,5,6
2016-02-05,8,4,4
2016-02-05,23,10,13
2016-02-05,17,8,9
2016-02-05,29,13,16
2016-02-05,47,15,32
2016-02-05,68,8,60
2016-02-05,43,10,33
2016-02-05,19,4,15
2016-02-05,5,1,4
2016-02-05,6,0,6
2016-02-05,3,1,2
2016-02-05,2,1,1
2016-02-06,1,0,1
2016-02-06,2,1,1
2016-02-06,2,1,1
2016-02-06,2,2,0
2016-02-06,1,1,0
2016-02-06,3,3,0
2016-02-06,0,0,0
2016-02-06,10,9,1
2016-02-06,22,17,5
2016-02-06,27,12,15
2016-02-06,21,16,5
2016-02-06,25,11,14
2016-02-06,39,16,23
2016-02-06,40,23,17
2016-02-06,38,21,17
2016-02-06,32,12,20
2016-02-06,43,17,26
2016-02-06,15,8,7
2016-02-06,11,4,7
2016-02-06,6,2,4
2016-02-06,7,3,4
2016-02-06,3,2,1
2016-02-06,4,1,3
2016-02-06,3,1,2
2016-02-07,3,1,2
2016-02-07,0,0,0
2016-02-07,2,1,1
2016-02-07,2,0,2
2016-02-07,4,1,3
2016-02-07,5,4,1
2016-02-07,3,2,1
2016-02-07,11,7,4
2016-02-07,12,9,3
2016-02-07,33,21,12
2016-02-07,32,23,9
2016-02-07,48,23,25
2016-02-07,38,14,24
2016-02-07,45,25,20
2016-02-07,48,20,28
2016-02-07,29,18,11
2016-02-07,14,5,9
2016-02-07,8,5,3
2016-02-07,8,6,2
2016-02-07,9,2,7
2016-02-07,5,1,4
2016-02-07,0,0,0
2016-02-07,4,4,0
2016-02-07,4,4,0
2016-02-08,6,1,5
2016-02-08,0,0,0
2016-02-08,1,1,0
2016-02-08,4,0,4
2016-02-08,1,1,0
2016-02-08,14,13,1
2016-02-08,45,38,7
2016-02-08,127,117,10
2016-02-08,113,97,16
2016-02-08,38,34,4
2016-02-08,18,15,3
2016-02-08,19,15,4
2016-02-08,35,24,11
2016-02-08,24,9,15
2016-02-08,26,8,18
2016-02-08,38,14,24
2016-02-08,80,18,62
2016-02-08,146,26,120
2016-02-08,78,9,69
2016-02-08,32,6,26
2016-02-08,12,3,9
2016-02-08,10,2,8
2016-02-08,5,1,4
2016-02-08,4,1,3
2016-02-09,0,0,0
2016-02-09,3,2,1
2016-02-09,2,1,1
2016-02-09,2,1,1
2016-02-09,3,3,0
2016-02-09,20,18,2
2016-02-09,58,52,6
2016-02-09,115,99,16
2016-02-09,122,111,11
2016-02-09,49,38,11
2016-02-09,20,13,7
2016-02-09,25,19,6
2016-02-09,14,7,7
2016-02-09,43,18,25
2016-02-09,31,16,15
2016-02-09,53,18,35
2016-02-09,112,28,84
2016-02-09,140,16,124
2016-02-09,81,14,67
2016-02-09,35,8,27
2016-02-09,22,3,19
2016-02-09,19,5,14
2016-02-09,9,4,5
2016-02-09,4,1,3
2016-02-10,2,1,1
2016-02-10,1,0,1
2016-02-10,1,1,0
2016-02-10,3,0,3
2016-02-10,1,1,0
2016-02-10,17,13,4
2016-02-10,43,39,4
2016-02-10,82,74,8
2016-02-10,102,97,5
2016-02-10,41,32,9
2016-02-10,18,14,4
2016-02-10,5,2,3
2016-02-10,14,9,5
2016-02-10,8,4,4
2016-02-10,31,10,21
2016-02-10,17,3,14
2016-02-10,54,10,44
2016-02-10,113,20,93
2016-02-10,79,17,62
2016-02-10,36,8,28
2016-02-10,18,6,12
2016-02-10,7,1,6
2016-02-10,4,1,3
2016-02-10,4,1,3
2016-02-11,0,0,0
2016-02-11,0,0,0
2016-02-11,3,2,1
2016-02-11,1,0,1
2016-02-11,1,1,0
2016-02-11,11,8,3
2016-02-11,55,50,5
2016-02-11,85,76,9
2016-02-11,76,72,4
2016-02-11,29,26,3
2016-02-11,11,10,1
2016-02-11,15,12,3
2016-02-11,9,6,3
2016-02-11,12,4,8
2016-02-11,17,10,7
2016-02-11,23,5,18
2016-02-11,44,6,38
2016-02-11,84,8,76
2016-02-11,49,7,42
2016-02-11,21,4,17
2016-02-11,9,2,7
2016-02-11,7,1,6
2016-02-11,6,0,6
2016-02-11,2,0,2
2016-02-12,5,2,3
2016-02-12,1,0,1
2016-02-12,2,1,1
2016-02-12,0,0,0
2016-02-12,1,1,0
2016-02-12,9,6,3
2016-02-12,25,23,2
2016-02-12,48,44,4
2016-02-12,62,56,6
2016-02-12,36,28,8
2016-02-12,9,8,1
2016-02-12,7,4,3
2016-02-12,9,7,2
2016-02-12,11,6,5
2016-02-12,14,11,3
2016-02-12,27,8,19
2016-02-12,45,12,33
2016-02-12,67,10,57
2016-02-12,54,8,46
2016-02-12,16,2,14
2016-02-12,7,4,3
2016-02-12,9,2,7
2016-02-12,1,0,1
2016-02-12,3,0,3
2016-02-13,1,1,0
2016-02-13,2,1,1
2016-02-13,0,0,0
2016-02-13,1,0,1
2016-02-13,4,1,3
2016-02-13,4,3,1
2016-02-13,7,4,3
2016-02-13,6,6,0
2016-02-13,23,15,8
2016-02-13,10,7,3
2016-02-13,29,15,14
2016-02-13,11,7,4
2016-02-13,20,6,14
2016-02-13,10,6,4
2016-02-13,7,2,5
2016-02-13,2,1,1
2016-02-13,10,5,5
2016-02-13,11,4,7
2016-02-13,7,2,5
2016-02-13,6,3,3
2016-02-13,3,1,2
2016-02-13,2,0,2
2016-02-13,4,2,2
2016-02-13,1,0,1
2016-02-14,1,0,1
2016-02-14,1,0,1
2016-02-14,0,0,0
2016-02-14,2,0,2
2016-02-14,3,1,2
2016-02-14,3,2,1
2016-02-14,4,2,2
2016-02-14,1,1,0
2016-02-14,10,7,3
2016-02-14,8,6,2
2016-02-14,9,5,4
2016-02-14,10,2,8
2016-02-14,9,8,1
2016-02-14,13,5,8
2016-02-14,18,9,9
2016-02-14,11,5,6
2016-02-14,15,9,6
2016-02-14,11,9,2
2016-02-14,3,2,1
2016-02-14,1,0,1
2016-02-14,1,0,1
2016-02-14,3,1,2
2016-02-14,2,1,1
2016-02-14,8,1,7
2016-02-15,0,0,0
2016-02-15,0,0,0
2016-02-15,0,0,0
2016-02-15,1,0,1
2016-02-15,3,1,2
2016-02-15,4,3,1
2016-02-15,20,18,2
2016-02-15,20,18,2
2016-02-15,29,26,3
2016-02-15,27,22,5
2016-02-15,15,11,4
2016-02-15,8,4,4
2016-02-15,10,2,8
2016-02-15,8,4,4
2016-02-15,5,4,1
2016-02-15,6,2,4
2016-02-15,17,5,12
2016-02-15,35,6,29
2016-02-15,28,8,20
2016-02-15,15,4,11
2016-02-15,4,0,4
2016-02-15,1,0,1
2016-02-15,1,0,1
2016-02-15,2,0,2
2016-02-16,2,2,0
2016-02-16,1,0,1
2016-02-16,2,1,1
2016-02-16,2,0,2
2016-02-16,4,4,0
2016-02-16,20,18,2
2016-02-16,49,40,9
2016-02-16,71,67,4
2016-02-16,97,90,7
2016-02-16,33,31,2
2016-02-16,17,15,2
2016-02-16,7,2,5
2016-02-16,9,6,3
2016-02-16,12,6,6
2016-02-16,20,11,9
2016-02-16,33,8,25
2016-02-16,52,16,36
2016-02-16,105,15,90
2016-02-16,67,9,58
2016-02-16,24,3,21
2016-02-16,20,4,16
2016-02-16,10,2,8
2016-02-16,2,0,2
2016-02-16,5,2,3
2016-02-17,2,1,1
2016-02-17,0,0,0
2016-02-17,2,1,1
2016-02-17,5,0,5
2016-02-17,3,3,0
2016-02-17,26,23,3
2016-02-17,44,38,6
2016-02-17,92,77,15
2016-02-17,116,111,5
2016-02-17,34,25,9
2016-02-17,15,12,3
2016-02-17,15,8,7
2016-02-17,17,9,8
2016-02-17,22,9,13
2016-02-17,12,4,8
2016-02-17,26,6,20
2016-02-17,57,11,46
2016-02-17,98,14,84
2016-02-17,72,9,63
2016-02-17,30,9,21
2016-02-17,13,4,9
2016-02-17,3,0,3
2016-02-17,2,0,2
2016-02-17,0,0,0
2016-02-18,2,1,1
2016-02-18,3,1,2
2016-02-18,1,1,0
2016-02-18,3,1,2
2016-02-18,0,0,0
2016-02-18,15,11,4
2016-02-18,40,35,5
2016-02-18,71,60,11
2016-02-18,100,89,11
2016-02-18,39,36,3
2016-02-18,19,13,6
2016-02-18,11,8,3
2016-02-18,12,6,6
2016-02-18,22,10,12
2016-02-18,16,7,9
2016-02-18,29,10,19
2016-02-18,56,14,42
2016-02-18,94,11,83
2016-02-18,77,10,67
2016-02-18,24,6,18
2016-02-18,11,1,10
2016-02-18,10,1,9
2016-02-18,4,2,2
2016-02-18,4,0,4
2016-02-19,4,2,2
2016-02-19,4,2,2
2016-02-19,4,1,3
2016-02-19,0,0,0
2016-02-19,0,0,0
2016-02-19,10,9,1
2016-02-19,18,14,4
2016-02-19,48,38,10
2016-02-19,55,53,2
2016-02-19,27,22,5
2016-02-19,6,6,0
2016-02-19,3,2,1
2016-02-19,4,2,2
2016-02-19,9,6,3
2016-02-19,6,2,4
2016-02-19,14,4,10
2016-02-19,24,3,21
2016-02-19,56,4,52
2016-02-19,42,9,33
2016-02-19,11,1,10
2016-02-19,8,0,8
2016-02-19,3,2,1
2016-02-19,3,2,1
2016-02-19,1,1,0
2016-02-20,2,0,2
2016-02-20,1,0,1
2016-02-20,1,1,0
2016-02-20,1,0,1
2016-02-20,2,2,0
2016-02-20,3,3,0
2016-02-20,5,2,3
2016-02-20,8,8,0
2016-02-20,16,12,4
2016-02-20,27,14,13
2016-02-20,48,31,17
2016-02-20,67,29,38
2016-02-20,65,39,26
2016-02-20,55,25,30
2016-02-20,94,29,65
2016-02-20,61,36,25
2016-02-20,44,28,16
2016-02-20,25,10,15
2016-02-20,17,4,13
2016-02-20,5,3,2
2016-02-20,3,2,1
2016-02-20,6,2,4
2016-02-20,3,0,3
2016-02-20,1,0,1
2016-02-21,2,0,2
2016-02-21,0,0,0
2016-02-21,0,0,0
2016-02-21,5,3,2
2016-02-21,2,1,1
2016-02-21,3,3,0
2016-02-21,4,3,1
2016-02-21,4,3,1
2016-02-21,13,9,4
2016-02-21,9,1,8
2016-02-21,29,14,15
2016-02-21,17,10,7
2016-02-21,12,6,6
2016-02-21,9,6,3
2016-02-21,15,8,7
2016-02-21,11,4,7
2016-02-21,11,8,3
2016-02-21,7,5,2
2016-02-21,2,2,0
2016-02-21,7,2,5
2016-02-21,5,2,3
2016-02-21,0,0,0
2016-02-21,0,0,0
2016-02-21,2,1,1
2016-02-22,1,1,0
2016-02-22,0,0,0
2016-02-22,2,2,0
2016-02-22,3,0,3
2016-02-22,1,1,0
2016-02-22,20,19,1
2016-02-22,41,37,4
2016-02-22,83,75,8
2016-02-22,108,99,9
2016-02-22,29,28,1
2016-02-22,20,17,3
2016-02-22,18,11,7
2016-02-22,13,9,4
2016-02-22,11,8,3
2016-02-22,20,10,10
2016-02-22,31,6,25
2016-02-22,72,15,57
2016-02-22,127,21,106
2016-02-22,65,6,59
2016-02-22,20,3,17
2016-02-22,11,1,10
2016-02-22,11,4,7
2016-02-22,4,0,4
2016-02-22,3,0,3
2016-02-23,0,0,0
2016-02-23,1,0,1
2016-02-23,2,1,1
2016-02-23,1,0,1
2016-02-23,1,0,1
2016-02-23,19,16,3
2016-02-23,49,43,6
2016-02-23,121,109,12
2016-02-23,108,104,4
2016-02-23,52,45,7
2016-02-23,22,16,6
2016-02-23,15,7,8
2016-02-23,20,10,10
2016-02-23,28,12,16
2016-02-23,32,18,14
2016-02-23,44,15,29
2016-02-23,86,22,64
2016-02-23,153,20,133
2016-02-23,92,12,80
2016-02-23,34,3,31
2016-02-23,19,3,16
2016-02-23,14,6,8
2016-02-23,13,3,10
2016-02-23,1,0,1
2016-02-24,1,0,1
2016-02-24,1,0,1
2016-02-24,3,2,1
2016-02-24,2,0,2
2016-02-24,1,0,1
2016-02-24,25,22,3
2016-02-24,63,54,9
2016-02-24,118,108,10
2016-02-24,119,105,14
2016-02-24,45,40,5
2016-02-24,28,22,6
2016-02-24,25,11,14
2016-02-24,30,12,18
2016-02-24,25,13,12
2016-02-24,26,14,12
2016-02-24,34,11,23
2016-02-24,75,20,55
2016-02-24,135,13,122
2016-02-24,86,15,71
2016-02-24,36,6,30
2016-02-24,19,3,16
2016-02-24,7,0,7
2016-02-24,9,3,6
2016-02-24,2,0,2
2016-02-25,0,0,0
2016-02-25,1,1,0
2016-02-25,2,1,1
2016-02-25,0,0,0
2016-02-25,2,2,0
2016-02-25,19,18,1
2016-02-25,58,50,8
2016-02-25,105,87,18
2016-02-25,131,115,16
2016-02-25,54,46,8
2016-02-25,29,24,5
2016-02-25,23,11,12
2016-02-25,40,20,20
2016-02-25,35,20,15
2016-02-25,44,21,23
2016-02-25,62,27,35
2016-02-25,85,21,64
2016-02-25,156,22,134
2016-02-25,76,11,65
2016-02-25,39,5,34
2016-02-25,14,2,12
2016-02-25,9,2,7
2016-02-25,10,3,7
2016-02-25,3,1,2
2016-02-26,4,2,2
2016-02-26,2,1,1
2016-02-26,2,1,1
2016-02-26,0,0,0
2016-02-26,4,2,2
2016-02-26,15,12,3
2016-02-26,41,31,10
2016-02-26,78,67,11
2016-02-26,95,89,6
2016-02-26,33,26,7
2016-02-26,23,20,3
2016-02-26,21,11,10
2016-02-26,24,14,10
2016-02-26,28,18,10
2016-02-26,21,9,12
2016-02-26,42,16,26
2016-02-26,52,8,44
2016-02-26,77,11,66
2016-02-26,41,4,37
2016-02-26,15,3,12
2016-02-26,4,1,3
2016-02-26,4,2,2
2016-02-26,2,0,2
2016-02-26,3,1,2
2016-02-27,3,0,3
2016-02-27,0,0,0
2016-02-27,0,0,0
2016-02-27,0,0,0
2016-02-27,0,0,0
2016-02-27,4,4,0
2016-02-27,9,8,1
2016-02-27,8,4,4
2016-02-27,14,6,8
2016-02-27,25,14,11
2016-02-27,37,18,19
2016-02-27,36,21,15
2016-02-27,31,12,19
2016-02-27,42,22,20
2016-02-27,44,23,21
2016-02-27,45,24,21
2016-02-27,57,24,33
2016-02-27,26,15,11
2016-02-27,19,11,8
2016-02-27,12,7,5
2016-02-27,6,0,6
2016-02-27,4,3,1
2016-02-27,1,0,1
2016-02-27,3,2,1
2016-02-28,5,0,5
2016-02-28,2,0,2
2016-02-28,3,1,2
2016-02-28,1,1,0
2016-02-28,2,0,2
2016-02-28,5,5,0
2016-02-28,6,6,0
2016-02-28,36,35,1
2016-02-28,30,26,4
2016-02-28,13,13,0
2016-02-28,6,4,2
2016-02-28,9,3,6
2016-02-28,17,3,14
2016-02-28,24,6,18
2016-02-28,18,6,12
2016-02-28,21,4,17
2016-02-28,19,4,15
2016-02-28,3,0,3
2016-02-28,7,2,5
2016-02-28,3,1,2
2016-02-28,2,1,1
2016-02-28,2,0,2
2016-02-28,1,1,0
2016-02-28,1,0,1
2016-02-29,1,1,0
2016-02-29,0,0,0
2016-02-29,0,0,0
2016-02-29,0,0,0
2016-02-29,2,1,1
2016-02-29,9,9,0
2016-02-29,54,48,6
2016-02-29,87,78,9
2016-02-29,91,80,11
2016-02-29,28,27,1
2016-02-29,20,15,5
2016-02-29,17,6,11
2016-02-29,29,18,11
2016-02-29,19,10,9
2016-02-29,27,15,12
2016-02-29,34,5,29
2016-02-29,65,19,46
2016-02-29,117,10,107
2016-02-29,66,7,59
2016-02-29,29,4,25
2016-02-29,13,5,8
2016-02-29,8,2,6
2016-02-29,2,0,2
2016-02-29,6,3,3
2016-03-01,3,2,1
2016-03-01,0,0,0
2016-03-01,1,0,1
2016-03-01,2,1,1
2016-03-01,0,0,0
2016-03-01,10,9,1
2016-03-01,27,22,5
2016-03-01,71,63,8
2016-03-01,86,75,11
2016-03-01,34,28,6
2016-03-01,7,7,0
2016-03-01,5,3,2
2016-03-01,4,1,3
2016-03-01,6,5,1
2016-03-01,7,4,3
2016-03-01,11,4,7
2016-03-01,40,11,29
2016-03-01,77,4,73
2016-03-01,49,5,44
2016-03-01,16,1,15
2016-03-01,8,0,8
2016-03-01,3,1,2
2016-03-01,2,1,1
2016-03-01,0,0,0
2016-03-02,0,0,0
2016-03-02,2,0,2
2016-03-02,1,1,0
2016-03-02,0,0,0
2016-03-02,3,2,1
2016-03-02,13,10,3
2016-03-02,47,41,6
2016-03-02,78,70,8
2016-03-02,108,99,9
2016-03-02,42,30,12
2016-03-02,24,16,8
2016-03-02,11,7,4
2016-03-02,25,12,13
2016-03-02,12,8,4
2016-03-02,15,5,10
2016-03-02,23,5,18
2016-03-02,80,19,61
2016-03-02,120,18,102
2016-03-02,66,5,61
2016-03-02,22,4,18
2016-03-02,21,2,19
2016-03-02,7,1,6
2016-03-02,5,1,4
2016-03-02,1,0,1
2016-03-03,0,0,0
2016-03-03,0,0,0
2016-03-03,1,1,0
2016-03-03,0,0,0
2016-03-03,3,2,1
2016-03-03,14,13,1
2016-03-03,51,46,5
2016-03-03,78,67,11
2016-03-03,100,90,10
2016-03-03,45,38,7
2016-03-03,13,12,1
2016-03-03,5,5,0
2016-03-03,13,8,5
2016-03-03,13,7,6
2016-03-03,6,2,4
2016-03-03,25,6,19
2016-03-03,55,17,38
2016-03-03,118,12,106
2016-03-03,79,13,66
2016-03-03,22,6,16
2016-03-03,10,3,7
2016-03-03,5,0,5
2016-03-03,11,2,9
2016-03-03,2,0,2
2016-03-04,2,0,2
2016-03-04,0,0,0
2016-03-04,0,0,0
2016-03-04,1,0,1
2016-03-04,5,5,0
2016-03-04,11,10,1
2016-03-04,45,42,3
2016-03-04,81,69,12
2016-03-04,104,98,6
2016-03-04,33,25,8
2016-03-04,21,16,5
2016-03-04,19,14,5
2016-03-04,15,6,9
2016-03-04,15,8,7
2016-03-04,17,5,12
2016-03-04,18,4,14
2016-03-04,48,9,39
2016-03-04,86,4,82
2016-03-04,42,4,38
2016-03-04,27,4,23
2016-03-04,9,3,6
2016-03-04,5,1,4
2016-03-04,3,1,2
2016-03-04,1,0,1
2016-03-05,1,0,1
2016-03-05,1,0,1
2016-03-05,0,0,0
2016-03-05,0,0,0
2016-03-05,1,1,0
2016-03-05,8,7,1
2016-03-05,6,5,1
2016-03-05,8,7,1
2016-03-05,22,15,7
2016-03-05,13,7,6
2016-03-05,47,25,22
2016-03-05,54,29,25
2016-03-05,75,32,43
2016-03-05,81,38,43
2016-03-05,84,28,56
2016-03-05,84,38,46
2016-03-05,39,25,14
2016-03-05,18,10,8
2016-03-05,19,15,4
2016-03-05,10,3,7
2016-03-05,2,1,1
2016-03-05,2,2,0
2016-03-05,7,3,4
2016-03-05,1,1,0
2016-03-06,0,0,0
2016-03-06,4,1,3
2016-03-06,1,0,1
2016-03-06,0,0,0
2016-03-06,1,0,1
2016-03-06,3,3,0
2016-03-06,3,3,0
2016-03-06,11,8,3
2016-03-06,9,4,5
2016-03-06,11,6,5
2016-03-06,7,5,2
2016-03-06,22,11,11
2016-03-06,8,2,6
2016-03-06,13,7,6
2016-03-06,18,12,6
2016-03-06,26,13,13
2016-03-06,20,8,12
2016-03-06,14,9,5
2016-03-06,5,2,3
2016-03-06,4,1,3
2016-03-06,2,1,1
2016-03-06,3,1,2
2016-03-06,0,0,0
2016-03-06,4,2,2
2016-03-07,0,0,0
2016-03-07,3,2,1
2016-03-07,1,1,0
2016-03-07,1,0,1
2016-03-07,3,2,1
2016-03-07,16,15,1
2016-03-07,42,32,10
2016-03-07,62,55,7
2016-03-07,61,54,7
2016-03-07,30,24,6
2016-03-07,12,10,2
2016-03-07,13,8,5
2016-03-07,5,3,2
2016-03-07,8,6,2
2016-03-07,8,3,5
2016-03-07,22,4,18
2016-03-07,59,12,47
2016-03-07,107,14,93
2016-03-07,64,12,52
2016-03-07,19,3,16
2016-03-07,8,3,5
2016-03-07,7,1,6
2016-03-07,4,1,3
2016-03-07,1,0,1
2016-03-08,1,0,1
2016-03-08,0,0,0
2016-03-08,1,1,0
2016-03-08,3,1,2
2016-03-08,2,2,0
2016-03-08,25,22,3
2016-03-08,60,50,10
2016-03-08,115,104,11
2016-03-08,105,97,8
2016-03-08,40,36,4
2016-03-08,21,18,3
2016-03-08,10,6,4
2016-03-08,15,9,6
2016-03-08,9,6,3
2016-03-08,22,10,12
2016-03-08,28,6,22
2016-03-08,89,23,66
2016-03-08,125,13,112
2016-03-08,82,10,72
2016-03-08,29,4,25
2016-03-08,17,4,13
2016-03-08,13,5,8
2016-03-08,8,1,7
2016-03-08,4,2,2
2016-03-09,1,0,1
2016-03-09,0,0,0
2016-03-09,1,0,1
2016-03-09,2,1,1
2016-03-09,7,4,3
2016-03-09,20,20,0
2016-03-09,47,35,12
2016-03-09,86,74,12
2016-03-09,93,82,11
2016-03-09,40,35,5
2016-03-09,18,16,2
2016-03-09,13,7,6
2016-03-09,4,1,3
2016-03-09,5,3,2
2016-03-09,11,7,4
2016-03-09,17,3,14
2016-03-09,44,9,35
2016-03-09,82,8,74
2016-03-09,52,11,41
2016-03-09,21,5,16
2016-03-09,12,1,11
2016-03-09,2,1,1
2016-03-09,3,1,2
2016-03-09,2,1,1
2016-03-10,0,0,0
2016-03-10,0,0,0
2016-03-10,1,0,1
2016-03-10,0,0,0
2016-03-10,2,1,1
2016-03-10,10,8,2
2016-03-10,33,28,5
2016-03-10,70,61,9
2016-03-10,72,67,5
2016-03-10,22,18,4
2016-03-10,17,13,4
2016-03-10,10,7,3
2016-03-10,5,4,1
2016-03-10,15,4,11
2016-03-10,7,2,5
2016-03-10,23,4,19
2016-03-10,36,10,26
2016-03-10,88,9,79
2016-03-10,61,10,51
2016-03-10,20,5,15
2016-03-10,8,1,7
2016-03-10,4,1,3
2016-03-10,4,0,4
2016-03-10,3,1,2
2016-03-11,4,1,3
2016-03-11,1,0,1
2016-03-11,2,1,1
2016-03-11,1,1,0
2016-03-11,0,0,0
2016-03-11,12,11,1
2016-03-11,38,30,8
2016-03-11,85,76,9
2016-03-11,94,87,7
2016-03-11,30,25,5
2016-03-11,17,15,2
2016-03-11,17,7,10
2016-03-11,13,4,9
2016-03-11,14,7,7
2016-03-11,8,4,4
2016-03-11,29,11,18
2016-03-11,59,8,51
2016-03-11,86,5,81
2016-03-11,33,4,29
2016-03-11,13,1,12
2016-03-11,4,0,4
2016-03-11,3,0,3
2016-03-11,6,0,6
2016-03-11,0,0,0
2016-03-12,1,0,1
2016-03-12,0,0,0
2016-03-12,0,0,0
2016-03-12,2,1,1
2016-03-12,1,1,0
2016-03-12,4,3,1
2016-03-12,5,4,1
2016-03-12,7,4,3
2016-03-12,9,3,6
2016-03-12,5,2,3
2016-03-12,9,9,0
2016-03-12,19,12,7
2016-03-12,24,13,11
2016-03-12,27,13,14
2016-03-12,24,9,15
2016-03-12,27,11,16
2016-03-12,11,7,4
2016-03-12,14,7,7
2016-03-12,5,2,3
2016-03-12,5,1,4
2016-03-12,2,0,2
2016-03-12,1,1,0
2016-03-12,0,0,0
2016-03-12,1,0,1
2016-03-13,4,0,4
2016-03-13,3,1,2
2016-03-13,,,
2016-03-13,1,0,1
2016-03-13,1,0,1
2016-03-13,3,3,0
2016-03-13,3,1,2
2016-03-13,1,1,0
2016-03-13,10,7,3
2016-03-13,14,7,7
2016-03-13,7,6,1
2016-03-13,3,2,1
2016-03-13,11,7,4
2016-03-13,11,2,9
2016-03-13,8,6,2
2016-03-13,12,8,4
2016-03-13,4,0,4
2016-03-13,4,4,0
2016-03-13,4,3,1
2016-03-13,3,1,2
2016-03-13,3,0,3
2016-03-13,1,0,1
2016-03-13,1,1,0
2016-03-13,1,0,1
2016-03-14,1,1,0
2016-03-14,1,0,1
2016-03-14,0,0,0
2016-03-14,3,0,3
2016-03-14,1,1,0
2016-03-14,13,13,0
2016-03-14,30,28,2
2016-03-14,71,64,7
2016-03-14,74,69,5
2016-03-14,30,28,2
2016-03-14,17,15,2
2016-03-14,11,6,5
2016-03-14,7,5,2
2016-03-14,11,7,4
2016-03-14,8,5,3
2016-03-14,20,2,18
2016-03-14,41,12,29
2016-03-14,82,10,72
2016-03-14,61,6,55
2016-03-14,14,4,10
2016-03-14,6,2,4
2016-03-14,7,1,6
2016-03-14,1,0,1
2016-03-14,1,0,1
2016-03-15,2,1,1
2016-03-15,1,1,0
2016-03-15,1,0,1
2016-03-15,3,1,2
2016-03-15,6,5,1
2016-03-15,13,11,2
2016-03-15,50,46,4
2016-03-15,73,65,8
2016-03-15,92,77,15
2016-03-15,35,30,5
2016-03-15,19,14,5
2016-03-15,12,8,4
2016-03-15,11,8,3
2016-03-15,14,8,6
2016-03-15,9,3,6
2016-03-15,24,6,18
2016-03-15,72,17,55
2016-03-15,100,13,87
2016-03-15,86,20,66
2016-03-15,24,4,20
2016-03-15,14,3,11
2016-03-15,7,2,5
2016-03-15,6,2,4
2016-03-15,6,2,4
2016-03-16,2,2,0
2016-03-16,1,0,1
2016-03-16,0,0,0
2016-03-16,1,0,1
2016-03-16,4,3,1
2016-03-16,17,14,3
2016-03-16,61,54,7
2016-03-16,85,75,10
2016-03-16,130,120,10
2016-03-16,52,45,7
2016-03-16,26,18,8
2016-03-16,26,18,8
2016-03-16,18,11,7
2016-03-16,14,4,10
2016-03-16,30,13,17
2016-03-16,46,16,30
2016-03-16,75,17,58
2016-03-16,155,16,139
2016-03-16,93,17,76
2016-03-16,47,12,35
2016-03-16,25,8,17
2016-03-16,17,6,11
2016-03-16,8,2,6
2016-03-16,2,2,0
2016-03-17,2,0,2
2016-03-17,1,0,1
2016-03-17,0,0,0
2016-03-17,0,0,0
2016-03-17,1,1,0
2016-03-17,23,18,5
2016-03-17,60,54,6
2016-03-17,97,86,11
2016-03-17,135,123,12
2016-03-17,44,38,6
2016-03-17,32,23,9
2016-03-17,11,7,4
2016-03-17,13,8,5
2016-03-17,13,9,4
2016-03-17,32,9,23
2016-03-17,54,17,37
2016-03-17,96,19,77
2016-03-17,149,32,117
2016-03-17,103,13,90
2016-03-17,33,7,26
2016-03-17,18,6,12
2016-03-17,13,1,12
2016-03-17,8,1,7
2016-03-17,3,1,2
2016-03-18,4,2,2
2016-03-18,1,0,1
2016-03-18,2,0,2
2016-03-18,0,0,0
2016-03-18,2,2,0
2016-03-18,16,14,2
2016-03-18,44,38,6
2016-03-18,101,89,12
2016-03-18,120,109,11
2016-03-18,45,38,7
2016-03-18,27,18,9
2016-03-18,18,15,3
2016-03-18,30,17,13
2016-03-18,20,7,13
2016-03-18,29,9,20
2016-03-18,47,16,31
2016-03-18,84,25,59
2016-03-18,143,25,118
2016-03-18,70,12,58
2016-03-18,37,11,26
2016-03-18,18,9,9
2016-03-18,7,2,5
2016-03-18,3,1,2
2016-03-18,6,0,6
2016-03-19,3,0,3
2016-03-19,3,1,2
2016-03-19,2,0,2
2016-03-19,2,0,2
2016-03-19,1,1,0
2016-03-19,2,1,1
2016-03-19,2,2,0
2016-03-19,10,8,2
2016-03-19,30,20,10
2016-03-19,36,19,17
2016-03-19,40,20,20
2016-03-19,94,40,54
2016-03-19,59,38,21
2016-03-19,39,21,18
2016-03-19,50,24,26
2016-03-19,44,28,16
2016-03-19,44,28,16
2016-03-19,37,17,20
2016-03-19,20,12,8
2016-03-19,15,11,4
2016-03-19,8,4,4
2016-03-19,5,1,4
2016-03-19,3,0,3
2016-03-19,3,0,3
2016-03-20,2,1,1
2016-03-20,3,1,2
2016-03-20,2,1,1
2016-03-20,1,0,1
2016-03-20,2,0,2
2016-03-20,5,3,2
2016-03-20,0,0,0
2016-03-20,6,3,3
2016-03-20,22,11,11
2016-03-20,20,14,6
2016-03-20,21,9,12
2016-03-20,20,8,12
2016-03-20,16,7,9
2016-03-20,10,7,3
2016-03-20,6,4,2
2016-03-20,9,4,5
2016-03-20,6,2,4
2016-03-20,10,7,3
2016-03-20,2,2,0
2016-03-20,6,1,5
2016-03-20,1,1,0
2016-03-20,3,3,0
2016-03-20,2,1,1
2016-03-20,2,0,2
2016-03-21,1,0,1
2016-03-21,3,1,2
2016-03-21,1,0,1
2016-03-21,1,0,1
2016-03-21,2,2,0
2016-03-21,12,12,0
2016-03-21,27,24,3
2016-03-21,76,68,8
2016-03-21,73,63,10
2016-03-21,21,21,0
2016-03-21,15,13,2
2016-03-21,4,2,2
2016-03-21,9,6,3
2016-03-21,6,5,1
2016-03-21,10,6,4
2016-03-21,21,5,16
2016-03-21,45,7,38
2016-03-21,84,10,74
2016-03-21,53,6,47
2016-03-21,17,4,13
2016-03-21,12,4,8
2016-03-21,6,0,6
2016-03-21,2,0,2
2016-03-21,2,0,2
2016-03-22,0,0,0
2016-03-22,0,0,0
2016-03-22,0,0,0
2016-03-22,3,2,1
2016-03-22,6,5,1
2016-03-22,18,16,2
2016-03-22,58,48,10
2016-03-22,123,112,11
2016-03-22,98,90,8
2016-03-22,33,28,5
2016-03-22,18,10,8
2016-03-22,21,13,8
2016-03-22,20,17,3
2016-03-22,23,8,15
2016-03-22,23,11,12
2016-03-22,35,8,27
2016-03-22,71,10,61
2016-03-22,126,15,111
2016-03-22,87,15,72
2016-03-22,35,10,25
2016-03-22,14,5,9
2016-03-22,13,2,11
2016-03-22,3,0,3
2016-03-22,3,1,2
2016-03-23,1,0,1
2016-03-23,1,1,0
2016-03-23,2,0,2
2016-03-23,2,1,1
2016-03-23,0,0,0
2016-03-23,20,19,1
2016-03-23,44,40,4
2016-03-23,95,83,12
2016-03-23,100,88,12
2016-03-23,37,30,7
2016-03-23,21,18,3
2016-03-23,10,5,5
2016-03-23,16,10,6
2016-03-23,13,6,7
2016-03-23,16,6,10
2016-03-23,29,10,19
2016-03-23,63,15,48
2016-03-23,106,22,84
2016-03-23,62,9,53
2016-03-23,25,3,22
2016-03-23,13,2,11
2016-03-23,8,1,7
2016-03-23,1,0,1
2016-03-23,0,0,0
2016-03-24,3,0,3
2016-03-24,1,1,0
2016-03-24,1,0,1
2016-03-24,1,1,0
2016-03-24,1,1,0
2016-03-24,14,13,1
2016-03-24,48,43,5
2016-03-24,85,77,8
2016-03-24,99,94,5
2016-03-24,39,37,2
2016-03-24,20,12,8
2016-03-24,16,10,6
2016-03-24,18,11,7
2016-03-24,20,11,9
2016-03-24,25,11,14
2016-03-24,44,14,30
2016-03-24,61,10,51
2016-03-24,115,19,96
2016-03-24,70,10,60
2016-03-24,29,7,22
2016-03-24,16,3,13
2016-03-24,13,1,12
2016-03-24,4,1,3
2016-03-24,3,1,2
2016-03-25,2,0,2
2016-03-25,2,1,1
2016-03-25,1,1,0
2016-03-25,1,1,0
2016-03-25,2,1,1
2016-03-25,8,7,1
2016-03-25,47,38,9
2016-03-25,87,73,14
2016-03-25,100,90,10
2016-03-25,47,39,8
2016-03-25,22,17,5
2016-03-25,22,14,8
2016-03-25,21,14,7
2016-03-25,24,15,9
2016-03-25,29,11,18
2016-03-25,51,20,31
2016-03-25,84,21,63
2016-03-25,125,26,99
2016-03-25,58,14,44
2016-03-25,37,7,30
2016-03-25,11,9,2
2016-03-25,27,5,22
2016-03-25,7,1,6
2016-03-25,3,1,2
2016-03-26,4,0,4
2016-03-26,2,0,2
2016-03-26,1,1,0
2016-03-26,2,1,1
2016-03-26,2,0,2
2016-03-26,1,1,0
2016-03-26,5,5,0
2016-03-26,28,13,15
2016-03-26,28,18,10
2016-03-26,21,7,14
2016-03-26,44,22,22
2016-03-26,55,25,30
2016-03-26,65,39,26
2016-03-26,99,54,45
2016-03-26,75,38,37
2016-03-26,72,39,33
2016-03-26,55,25,30
2016-03-26,57,33,24
2016-03-26,14,4,10
2016-03-26,12,9,3
2016-03-26,6,2,4
2016-03-26,4,0,4
2016-03-26,9,2,7
2016-03-26,1,0,1
2016-03-27,1,0,1
2016-03-27,1,0,1
2016-03-27,1,0,1
2016-03-27,0,0,0
2016-03-27,1,0,1
2016-03-27,4,3,1
2016-03-27,3,3,0
2016-03-27,0,0,0
2016-03-27,5,3,2
2016-03-27,10,6,4
2016-03-27,10,7,3
2016-03-27,5,4,1
2016-03-27,9,4,5
2016-03-27,10,2,8
2016-03-27,14,4,10
2016-03-27,17,9,8
2016-03-27,6,1,5
2016-03-27,4,4,0
2016-03-27,2,2,0
2016-03-27,7,5,2
2016-03-27,1,0,1
2016-03-27,1,0,1
2016-03-27,1,0,1
2016-03-27,1,0,1
2016-03-28,0,0,0
2016-03-28,0,0,0
2016-03-28,0,0,0
2016-03-28,0,0,0
2016-03-28,3,3,0
2016-03-28,23,22,1
2016-03-28,48,42,6
2016-03-28,112,98,14
2016-03-28,123,114,9
2016-03-28,32,31,1
2016-03-28,19,13,6
2016-03-28,18,12,6
2016-03-28,18,8,10
2016-03-28,18,11,7
2016-03-28,11,4,7
2016-03-28,38,13,25
2016-03-28,83,17,66
2016-03-28,139,23,116
2016-03-28,104,11,93
2016-03-28,32,6,26
2016-03-28,18,10,8
2016-03-28,9,0,9
2016-03-28,3,0,3
2016-03-28,0,0,0
2016-03-29,0,0,0
2016-03-29,3,1,2
2016-03-29,0,0,0
2016-03-29,3,1,2
2016-03-29,5,4,1
2016-03-29,23,21,2
2016-03-29,68,59,9
2016-03-29,150,132,18
2016-03-29,138,130,8
2016-03-29,49,46,3
2016-03-29,22,16,6
2016-03-29,24,13,11
2016-03-29,22,13,9
2016-03-29,20,8,12
2016-03-29,34,18,16
2016-03-29,49,19,30
2016-03-29,120,27,93
2016-03-29,177,22,155
2016-03-29,131,28,103
2016-03-29,46,14,32
2016-03-29,15,6,9
2016-03-29,20,11,9
2016-03-29,9,2,7
2016-03-29,2,1,1
2016-03-30,1,0,1
2016-03-30,1,1,0
2016-03-30,0,0,0
2016-03-30,3,2,1
2016-03-30,0,0,0
2016-03-30,35,29,6
2016-03-30,75,64,11
2016-03-30,157,135,22
2016-03-30,140,130,10
2016-03-30,73,63,10
2016-03-30,33,26,7
2016-03-30,40,28,12
2016-03-30,25,12,13
2016-03-30,29,13,16
2016-03-30,49,18,31
2016-03-30,63,22,41
2016-03-30,123,29,94
2016-03-30,226,36,190
2016-03-30,126,33,93
2016-03-30,76,16,60
2016-03-30,27,15,12
2016-03-30,20,3,17
2016-03-30,4,1,3
2016-03-30,6,3,3
2016-03-31,2,0,2
2016-03-31,1,1,0
2016-03-31,0,0,0
2016-03-31,2,1,1
2016-03-31,2,1,1
2016-03-31,25,21,4
2016-03-31,78,65,13
2016-03-31,153,136,17
2016-03-31,132,117,15
2016-03-31,79,71,8
2016-03-31,34,25,9
2016-03-31,33,18,15
2016-03-31,39,22,17
2016-03-31,34,14,20
2016-03-31,45,19,26
2016-03-31,74,27,47
2016-03-31,104,23,81
2016-03-31,215,34,181
2016-03-31,125,31,94
2016-03-31,52,12,40
2016-03-31,69,3,66
2016-03-31,24,11,13
2016-03-31,16,8,8
2016-03-31,17,13,4
2016-04-01,12,9,3
2016-04-01,12,12,0
2016-04-01,0,0,0
2016-04-01,1,1,0
2016-04-01,3,2,1
2016-04-01,25,20,5
2016-04-01,74,61,13
2016-04-01,117,103,14
2016-04-01,136,119,17
2016-04-01,53,41,12
2016-04-01,43,26,17
2016-04-01,28,13,15
2016-04-01,43,30,13
2016-04-01,41,17,24
2016-04-01,53,20,33
2016-04-01,76,26,50
2016-04-01,118,31,87
2016-04-01,172,31,141
2016-04-01,107,25,82
2016-04-01,49,27,22
2016-04-01,19,10,9
2016-04-01,17,8,9
2016-04-01,12,2,10
2016-04-01,5,2,3
2016-04-02,25,2,23
2016-04-02,10,10,0
2016-04-02,11,8,3
2016-04-02,2,0,2
2016-04-02,1,1,0
2016-04-02,3,3,0
2016-04-02,8,8,0
2016-04-02,19,18,1
2016-04-02,29,18,11
2016-04-02,44,14,30
2016-04-02,50,37,13
2016-04-02,49,24,25
2016-04-02,47,29,18
2016-04-02,58,25,33
2016-04-02,58,15,43
2016-04-02,71,42,29
2016-04-02,70,35,35
2016-04-02,47,24,23
2016-04-02,55,27,28
2016-04-02,10,5,5
2016-04-02,10,7,3
2016-04-02,10,1,9
2016-04-02,1,0,1
2016-04-02,4,0,4
2016-04-03,2,0,2
2016-04-03,3,0,3
2016-04-03,1,1,0
2016-04-03,1,0,1
2016-04-03,2,1,1
2016-04-03,5,4,1
2016-04-03,21,21,0
2016-04-03,14,12,2
2016-04-03,18,10,8
2016-04-03,46,22,24
2016-04-03,56,28,28
2016-04-03,123,27,96
2016-04-03,80,30,50
2016-04-03,67,37,30
2016-04-03,83,59,24
2016-04-03,76,44,32
2016-04-03,96,52,44
2016-04-03,33,16,17
2016-04-03,33,12,21
2016-04-03,22,14,8
2016-04-03,7,4,3
2016-04-03,3,0,3
2016-04-03,2,1,1
2016-04-03,4,1,3
2016-04-04,0,0,0
2016-04-04,1,0,1
2016-04-04,1,1,0
2016-04-04,3,1,2
2016-04-04,6,4,2
2016-04-04,19,16,3
2016-04-04,48,43,5
2016-04-04,106,97,9
2016-04-04,106,97,9
2016-04-04,35,33,2
2016-04-04,20,17,3
2016-04-04,22,12,10
2016-04-04,13,7,6
2016-04-04,19,15,4
2016-04-04,25,11,14
2016-04-04,31,6,25
2016-04-04,60,9,51
2016-04-04,145,20,125
2016-04-04,74,15,59
2016-04-04,35,7,28
2016-04-04,11,2,9
2016-04-04,16,1,15
2016-04-04,4,1,3
2016-04-04,6,3,3
2016-04-05,4,0,4
2016-04-05,1,1,0
2016-04-05,1,0,1
2016-04-05,3,1,2
2016-04-05,2,2,0
2016-04-05,25,22,3
2016-04-05,66,61,5
2016-04-05,149,136,13
2016-04-05,132,121,11
2016-04-05,46,40,6
2016-04-05,17,13,4
2016-04-05,11,3,8
2016-04-05,21,15,6
2016-04-05,35,18,17
2016-04-05,30,12,18
2016-04-05,42,12,30
2016-04-05,105,23,82
2016-04-05,170,15,155
2016-04-05,104,15,89
2016-04-05,42,5,37
2016-04-05,23,6,17
2016-04-05,13,2,11
2016-04-05,10,2,8
2016-04-05,4,2,2
2016-04-06,6,2,4
2016-04-06,3,2,1
2016-04-06,1,1,0
2016-04-06,1,0,1
2016-04-06,3,3,0
2016-04-06,23,21,2
2016-04-06,67,60,7
2016-04-06,148,131,17
2016-04-06,159,146,13
2016-04-06,64,54,10
2016-04-06,40,26,14
2016-04-06,28,17,11
2016-04-06,29,14,15
2016-04-06,29,16,13
2016-04-06,40,15,25
2016-04-06,65,20,45
2016-04-06,119,25,94
2016-04-06,188,31,157
2016-04-06,140,31,109
2016-04-06,54,21,33
2016-04-06,28,9,19
2016-04-06,16,2,14
2016-04-06,7,1,6
2016-04-06,3,1,2
2016-04-07,3,1,2
2016-04-07,0,0,0
2016-04-07,0,0,0
2016-04-07,0,0,0
2016-04-07,7,7,0
2016-04-07,29,28,1
2016-04-07,102,91,11
2016-04-07,160,149,11
2016-04-07,167,144,23
2016-04-07,54,44,10
2016-04-07,40,31,9
2016-04-07,31,15,16
2016-04-07,37,18,19
2016-04-07,43,23,20
2016-04-07,47,17,30
2016-04-07,81,37,44
2016-04-07,134,24,110
2016-04-07,230,32,198
2016-04-07,152,26,126
2016-04-07,64,20,44
2016-04-07,42,13,29
2016-04-07,19,6,13
2016-04-07,4,1,3
2016-04-07,5,1,4
2016-04-08,2,0,2
2016-04-08,3,1,2
2016-04-08,2,1,1
2016-04-08,0,0,0
2016-04-08,3,3,0
2016-04-08,20,19,1
2016-04-08,64,55,9
2016-04-08,136,120,16
2016-04-08,137,120,17
2016-04-08,57,49,8
2016-04-08,26,20,6
2016-04-08,37,20,17
2016-04-08,33,13,20
2016-04-08,49,25,24
2016-04-08,45,17,28
2016-04-08,64,24,40
2016-04-08,118,29,89
2016-04-08,159,31,128
2016-04-08,92,17,75
2016-04-08,37,10,27
2016-04-08,22,5,17
2016-04-08,11,3,8
2016-04-08,19,3,16
2016-04-08,6,0,6
2016-04-09,5,1,4
2016-04-09,2,0,2
2016-04-09,3,2,1
2016-04-09,2,0,2
2016-04-09,3,2,1
2016-04-09,4,4,0
2016-04-09,10,6,4
2016-04-09,33,29,4
2016-04-09,40,16,24
2016-04-09,65,51,14
2016-04-09,69,42,27
2016-04-09,78,37,41
2016-04-09,53,23,30
2016-04-09,122,34,88
2016-04-09,91,45,46
2016-04-09,79,32,47
2016-04-09,84,43,41
2016-04-09,52,30,22
2016-04-09,36,25,11
2016-04-09,21,12,9
2016-04-09,17,9,8
2016-04-09,10,0,10
2016-04-09,4,1,3
2016-04-09,2,1,1
2016-04-10,3,2,1
2016-04-10,7,1,6
2016-04-10,1,0,1
2016-04-10,5,1,4
2016-04-10,3,2,1
2016-04-10,6,5,1
2016-04-10,2,2,0
2016-04-10,8,6,2
2016-04-10,23,17,6
2016-04-10,27,11,16
2016-04-10,44,22,22
2016-04-10,38,18,20
2016-04-10,38,23,15
2016-04-10,52,28,24
2016-04-10,44,20,24
2016-04-10,56,30,26
2016-04-10,39,19,20
2016-04-10,31,16,15
2016-04-10,50,19,31
2016-04-10,18,10,8
2016-04-10,6,2,4
2016-04-10,9,5,4
2016-04-10,3,1,2
2016-04-10,1,0,1
2016-04-11,2,0,2
2016-04-11,1,0,1
2016-04-11,1,0,1
2016-04-11,1,0,1
2016-04-11,3,3,0
2016-04-11,20,19,1
2016-04-11,63,57,6
2016-04-11,115,102,13
2016-04-11,133,119,14
2016-04-11,48,36,12
2016-04-11,17,14,3
2016-04-11,20,11,9
2016-04-11,23,11,12
2016-04-11,13,5,8
2016-04-11,32,11,21
2016-04-11,42,15,27
2016-04-11,83,15,68
2016-04-11,170,16,154
2016-04-11,92,22,70
2016-04-11,37,9,28
2016-04-11,10,3,7
2016-04-11,9,3,6
2016-04-11,6,1,5
2016-04-11,2,0,2
2016-04-12,3,0,3
2016-04-12,1,0,1
2016-04-12,1,1,0
2016-04-12,2,1,1
2016-04-12,6,5,1
2016-04-12,21,18,3
2016-04-12,60,53,7
2016-04-12,106,91,15
2016-04-12,96,81,15
2016-04-12,30,29,1
2016-04-12,25,14,11
2016-04-12,21,12,9
2016-04-12,17,10,7
2016-04-12,16,10,6
2016-04-12,22,10,12
2016-04-12,25,7,18
2016-04-12,30,5,25
2016-04-12,99,10,89
2016-04-12,54,7,47
2016-04-12,21,2,19
2016-04-12,9,1,8
2016-04-12,8,0,8
2016-04-12,3,1,2
2016-04-12,0,0,0
2016-04-13,0,0,0
2016-04-13,1,0,1
2016-04-13,1,1,0
2016-04-13,1,0,1
2016-04-13,2,2,0
2016-04-13,13,8,5
2016-04-13,45,40,5
2016-04-13,108,93,15
2016-04-13,112,103,9
2016-04-13,46,40,6
2016-04-13,19,15,4
2016-04-13,17,10,7
2016-04-13,31,18,13
2016-04-13,18,10,8
2016-04-13,26,11,15
2016-04-13,26,7,19
2016-04-13,91,22,69
2016-04-13,143,18,125
2016-04-13,90,20,70
2016-04-13,52,9,43
2016-04-13,39,17,22
2016-04-13,12,1,11
2016-04-13,4,2,2
2016-04-13,5,2,3
2016-04-14,3,1,2
2016-04-14,1,0,1
2016-04-14,0,0,0
2016-04-14,0,0,0
2016-04-14,7,5,2
2016-04-14,17,14,3
2016-04-14,44,40,4
2016-04-14,106,92,14
2016-04-14,125,116,9
2016-04-14,53,46,7
2016-04-14,19,17,2
2016-04-14,18,7,11
2016-04-14,17,11,6
2016-04-14,32,16,16
2016-04-14,31,8,23
2016-04-14,51,17,34
2016-04-14,83,23,60
2016-04-14,145,14,131
2016-04-14,85,18,67
2016-04-14,48,11,37
2016-04-14,18,3,15
2016-04-14,10,2,8
2016-04-14,4,2,2
2016-04-14,19,9,10
2016-04-15,3,0,3
2016-04-15,0,0,0
2016-04-15,0,0,0
2016-04-15,2,0,2
2016-04-15,0,0,0
2016-04-15,13,12,1
2016-04-15,51,49,2
2016-04-15,107,95,12
2016-04-15,94,85,9
2016-04-15,58,52,6
2016-04-15,33,24,9
2016-04-15,25,15,10
2016-04-15,28,15,13
2016-04-15,24,10,14
2016-04-15,19,8,11
2016-04-15,45,13,32
2016-04-15,94,19,75
2016-04-15,119,18,101
2016-04-15,59,5,54
2016-04-15,31,11,20
2016-04-15,11,3,8
2016-04-15,11,2,9
2016-04-15,8,4,4
2016-04-15,2,1,1
2016-04-16,3,0,3
2016-04-16,3,1,2
2016-04-16,2,1,1
2016-04-16,1,0,1
2016-04-16,2,1,1
2016-04-16,2,2,0
2016-04-16,5,5,0
2016-04-16,33,16,17
2016-04-16,74,27,47
2016-04-16,65,29,36
2016-04-16,56,26,30
2016-04-16,61,31,30
2016-04-16,80,45,35
2016-04-16,91,49,42
2016-04-16,97,63,34
2016-04-16,62,29,33
2016-04-16,53,37,16
2016-04-16,49,28,21
2016-04-16,17,6,11
2016-04-16,32,19,13
2016-04-16,10,5,5
2016-04-16,14,4,10
2016-04-16,8,2,6
2016-04-16,2,2,0
2016-04-17,3,1,2
2016-04-17,2,0,2
2016-04-17,1,0,1
2016-04-17,5,1,4
2016-04-17,1,0,1
2016-04-17,5,5,0
2016-04-17,1,0,1
2016-04-17,14,13,1
2016-04-17,37,23,14
2016-04-17,54,22,32
2016-04-17,87,42,45
2016-04-17,86,51,35
2016-04-17,104,49,55
2016-04-17,106,39,67
2016-04-17,123,67,56
2016-04-17,100,52,48
2016-04-17,70,36,34
2016-04-17,62,34,28
2016-04-17,59,34,25
2016-04-17,30,16,14
2016-04-17,18,9,9
2016-04-17,11,7,4
2016-04-17,2,1,1
2016-04-17,3,2,1
2016-04-18,6,3,3
2016-04-18,1,1,0
2016-04-18,14,9,5
2016-04-18,1,0,1
2016-04-18,5,5,0
2016-04-18,22,21,1
2016-04-18,69,60,9
2016-04-18,160,143,17
2016-04-18,163,149,14
2016-04-18,69,58,11
2016-04-18,39,30,9
2016-04-18,30,15,15
2016-04-18,40,20,20
2016-04-18,42,25,17
2016-04-18,49,21,28
2016-04-18,47,13,34
2016-04-18,133,34,99
2016-04-18,239,37,202
2016-04-18,131,19,112
2016-04-18,74,21,53
2016-04-18,29,11,18
2016-04-18,13,5,8
2016-04-18,6,2,4
2016-04-18,10,4,6
2016-04-19,1,0,1
2016-04-19,6,0,6
2016-04-19,4,2,2
2016-04-19,2,0,2
2016-04-19,7,7,0
2016-04-19,28,24,4
2016-04-19,102,90,12
2016-04-19,200,177,23
2016-04-19,179,161,18
2016-04-19,77,60,17
2016-04-19,33,20,13
2016-04-19,42,21,21
2016-04-19,26,12,14
2016-04-19,53,24,29
2016-04-19,51,22,29
2016-04-19,82,37,45
2016-04-19,133,27,106
2016-04-19,252,37,215
2016-04-19,154,24,130
2016-04-19,63,20,43
2016-04-19,41,16,25
2016-04-19,27,6,21
2016-04-19,2,1,1
2016-04-19,7,2,5
2016-04-20,3,1,2
2016-04-20,2,2,0
2016-04-20,5,2,3
2016-04-20,2,0,2
2016-04-20,2,2,0
2016-04-20,36,30,6
2016-04-20,108,93,15
2016-04-20,180,161,19
2016-04-20,159,142,17
2016-04-20,77,60,17
2016-04-20,32,23,9
2016-04-20,31,17,14
2016-04-20,30,15,15
2016-04-20,35,18,17
2016-04-20,41,12,29
2016-04-20,69,24,45
2016-04-20,136,40,96
2016-04-20,240,34,206
2016-04-20,151,31,120
2016-04-20,68,21,47
2016-04-20,29,8,21
2016-04-20,17,7,10
2016-04-20,8,1,7
2016-04-20,5,1,4
2016-04-21,4,0,4
2016-04-21,1,1,0
2016-04-21,2,0,2
2016-04-21,1,0,1
2016-04-21,4,3,1
2016-04-21,30,27,3
2016-04-21,87,75,12
2016-04-21,163,140,23
2016-04-21,176,157,19
2016-04-21,58,55,3
2016-04-21,37,30,7
2016-04-21,26,15,11
2016-04-21,43,17,26
2016-04-21,43,21,22
2016-04-21,44,17,27
2016-04-21,52,17,35
2016-04-21,129,35,94
2016-04-21,203,23,180
2016-04-21,130,24,106
2016-04-21,71,26,45
2016-04-21,31,14,17
2016-04-21,23,4,19
2016-04-21,8,3,5
2016-04-21,4,1,3
2016-04-22,4,0,4
2016-04-22,1,1,0
2016-04-22,3,2,1
2016-04-22,1,0,1
2016-04-22,8,5,3
2016-04-22,20,16,4
2016-04-22,46,36,10
2016-04-22,113,100,13
2016-04-22,105,85,20
2016-04-22,45,40,5
2016-04-22,19,18,1
2016-04-22,19,8,11
2016-04-22,18,10,8
2016-04-22,24,10,14
2016-04-22,16,7,9
2016-04-22,31,8,23
2016-04-22,67,13,54
2016-04-22,112,11,101
2016-04-22,60,10,50
2016-04-22,24,10,14
2016-04-22,8,0,8
2016-04-22,4,1,3
2016-04-22,4,2,2
2016-04-22,4,3,1
2016-04-23,7,2,5
2016-04-23,5,0,5
2016-04-23,1,1,0
2016-04-23,2,2,0
2016-04-23,1,1,0
2016-04-23,7,6,1
2016-04-23,9,8,1
2016-04-23,21,16,5
2016-04-23,34,21,13
2016-04-23,41,12,29
2016-04-23,46,24,22
2016-04-23,118,38,80
2016-04-23,48,22,26
2016-04-23,63,26,37
2016-04-23,33,20,13
2016-04-23,75,43,32
2016-04-23,44,22,22
2016-04-23,34,9,25
2016-04-23,14,6,8
2016-04-23,7,6,1
2016-04-23,8,2,6
2016-04-23,10,5,5
2016-04-23,4,3,1
2016-04-23,2,0,2
2016-04-24,0,0,0
2016-04-24,1,0,1
2016-04-24,3,1,2
2016-04-24,3,1,2
2016-04-24,0,0,0
2016-04-24,5,3,2
2016-04-24,4,4,0
2016-04-24,7,6,1
2016-04-24,13,7,6
2016-04-24,3,2,1
2016-04-24,5,1,4
2016-04-24,8,6,2
2016-04-24,4,2,2
2016-04-24,7,4,3
2016-04-24,11,7,4
2016-04-24,10,3,7
2016-04-24,12,5,7
2016-04-24,8,3,5
2016-04-24,7,2,5
2016-04-24,11,6,5
2016-04-24,3,1,2
2016-04-24,4,1,3
2016-04-24,3,2,1
2016-04-24,3,1,2
2016-04-25,1,0,1
2016-04-25,0,0,0
2016-04-25,2,1,1
2016-04-25,1,0,1
2016-04-25,5,5,0
2016-04-25,16,14,2
2016-04-25,52,46,6
2016-04-25,109,98,11
2016-04-25,95,84,11
2016-04-25,40,34,6
2016-04-25,23,20,3
2016-04-25,13,10,3
2016-04-25,25,11,14
2016-04-25,22,10,12
2016-04-25,28,11,17
2016-04-25,45,15,30
2016-04-25,77,16,61
2016-04-25,141,19,122
2016-04-25,89,15,74
2016-04-25,36,4,32
2016-04-25,21,9,12
2016-04-25,9,0,9
2016-04-25,8,2,6
2016-04-25,6,4,2
2016-04-26,0,0,0
2016-04-26,0,0,0
2016-04-26,1,1,0
2016-04-26,2,0,2
2016-04-26,6,6,0
2016-04-26,24,22,2
2016-04-26,85,78,7
2016-04-26,180,165,15
2016-04-26,152,131,21
2016-04-26,63,58,5
2016-04-26,18,12,6
2016-04-26,24,13,11
2016-04-26,22,13,9
2016-04-26,32,16,16
2016-04-26,33,16,17
2016-04-26,42,14,28
2016-04-26,141,31,110
2016-04-26,207,26,181
2016-04-26,140,20,120
2016-04-26,51,13,38
2016-04-26,20,5,15
2016-04-26,17,4,13
2016-04-26,16,2,14
2016-04-26,1,0,1
2016-04-27,0,0,0
2016-04-27,1,0,1
2016-04-27,2,1,1
2016-04-27,1,0,1
2016-04-27,6,5,1
2016-04-27,28,26,2
2016-04-27,74,65,9
2016-04-27,157,140,17
2016-04-27,156,143,13
2016-04-27,59,53,6
2016-04-27,32,19,13
2016-04-27,36,13,23
2016-04-27,30,20,10
2016-04-27,24,12,12
2016-04-27,43,16,27
2016-04-27,45,19,26
2016-04-27,112,26,86
2016-04-27,189,16,173
2016-04-27,130,16,114
2016-04-27,73,19,54
2016-04-27,32,15,17
2016-04-27,18,9,9
2016-04-27,6,1,5
2016-04-27,5,1,4
2016-04-28,1,0,1
2016-04-28,2,1,1
2016-04-28,4,2,2
2016-04-28,1,0,1
2016-04-28,4,3,1
2016-04-28,18,16,2
2016-04-28,92,85,7
2016-04-28,176,155,21
2016-04-28,164,136,28
2016-04-28,63,58,5
2016-04-28,31,20,11
2016-04-28,30,20,10
2016-04-28,21,12,9
2016-04-28,24,16,8
2016-04-28,28,10,18
2016-04-28,50,10,40
2016-04-28,124,26,98
2016-04-28,202,32,170
2016-04-28,138,29,109
2016-04-28,46,13,33
2016-04-28,22,4,18
2016-04-28,13,2,11
2016-04-28,6,2,4
2016-04-28,5,1,4
2016-04-29,8,3,5
2016-04-29,1,0,1
2016-04-29,0,0,0
2016-04-29,1,1,0
2016-04-29,7,5,2
2016-04-29,27,22,5
2016-04-29,114,100,14
2016-04-29,193,176,17
2016-04-29,168,157,11
2016-04-29,70,63,7
2016-04-29,33,29,4
2016-04-29,16,11,5
2016-04-29,8,3,5
2016-04-29,21,8,13
2016-04-29,30,11,19
2016-04-29,76,15,61
2016-04-29,144,18,126
2016-04-29,211,23,188
2016-04-29,139,25,114
2016-04-29,48,14,34
2016-04-29,29,10,19
2016-04-29,10,4,6
2016-04-29,16,2,14
2016-04-29,13,2,11
2016-04-30,7,1,6
2016-04-30,3,1,2
2016-04-30,1,1,0
2016-04-30,1,0,1
2016-04-30,1,1,0
2016-04-30,4,4,0
2016-04-30,11,9,2
2016-04-30,29,22,7
2016-04-30,34,21,13
2016-04-30,56,34,22
2016-04-30,57,34,23
2016-04-30,63,30,33
2016-04-30,85,46,39
2016-04-30,78,38,40
2016-04-30,84,36,48
2016-04-30,95,39,56
2016-04-30,70,31,39
2016-04-30,64,38,26
2016-04-30,44,23,21
2016-04-30,25,12,13
2016-04-30,12,3,9
2016-04-30,16,9,7
2016-04-30,17,3,14
2016-04-30,8,3,5
2016-05-01,3,0,3
2016-05-01,3,3,0
2016-05-01,3,0,3
2016-05-01,5,1,4
2016-05-01,4,3,1
2016-05-01,4,4,0
2016-05-01,9,9,0
2016-05-01,14,9,5
2016-05-01,44,34,10
2016-05-01,100,66,34
2016-05-01,88,44,44
2016-05-01,105,46,59
2016-05-01,96,42,54
2016-05-01,126,58,68
2016-05-01,116,51,65
2016-05-01,120,49,71
2016-05-01,88,38,50
2016-05-01,76,39,37
2016-05-01,47,27,20
2016-05-01,41,20,21
2016-05-01,21,6,15
2016-05-01,8,3,5
2016-05-01,7,6,1
2016-05-01,4,1,3
2016-05-02,4,2,2
2016-05-02,4,1,3
2016-05-02,2,0,2
2016-05-02,2,0,2
2016-05-02,10,9,1
2016-05-02,40,33,7
2016-05-02,177,159,18
2016-05-02,366,330,36
2016-05-02,313,276,37
2016-05-02,99,83,16
2016-05-02,57,44,13
2016-05-02,56,27,29
2016-05-02,50,24,26
2016-05-02,51,28,23
2016-05-02,62,19,43
2016-05-02,93,28,65
2016-05-02,248,46,202
2016-05-02,431,64,367
2016-05-02,257,34,223
2016-05-02,103,23,80
2016-05-02,48,15,33
2016-05-02,33,9,24
2016-05-02,14,6,8
2016-05-02,5,2,3
2016-05-03,2,1,1
2016-05-03,2,0,2
2016-05-03,1,1,0
2016-05-03,5,0,5
2016-05-03,12,8,4
2016-05-03,45,39,6
2016-05-03,189,169,20
2016-05-03,350,315,35
2016-05-03,310,284,26
2016-05-03,99,80,19
2016-05-03,35,29,6
2016-05-03,36,16,20
2016-05-03,30,21,9
2016-05-03,26,10,16
2016-05-03,48,20,28
2016-05-03,95,22,73
2016-05-03,219,43,176
2016-05-03,414,50,364
2016-05-03,242,26,216
2016-05-03,74,13,61
2016-05-03,31,7,24
2016-05-03,23,4,19
2016-05-03,8,1,7
2016-05-03,5,3,2
2016-05-04,5,1,4
2016-05-04,1,1,0
2016-05-04,4,2,2
2016-05-04,3,0,3
2016-05-04,6,4,2
2016-05-04,38,33,5
2016-05-04,170,150,20
2016-05-04,266,237,29
2016-05-04,275,251,24
2016-05-04,96,78,18
2016-05-04,35,28,7
2016-05-04,24,16,8
2016-05-04,26,14,12
2016-05-04,27,15,12
2016-05-04,23,6,17
2016-05-04,87,19,68
2016-05-04,169,22,147
2016-05-04,343,35,308
2016-05-04,189,26,163
2016-05-04,74,14,60
2016-05-04,37,14,23
2016-05-04,9,1,8
2016-05-04,5,1,4
2016-05-04,12,6,6
2016-05-05,5,4,1
2016-05-05,2,1,1
2016-05-05,1,0,1
2016-05-05,1,1,0
2016-05-05,9,8,1
2016-05-05,42,36,6
2016-05-05,170,153,17
2016-05-05,300,270,30
2016-05-05,281,256,25
2016-05-05,109,93,16
2016-05-05,44,36,8
2016-05-05,27,12,15
2016-05-05,43,22,21
2016-05-05,36,14,22
2016-05-05,47,23,24
2016-05-05,81,20,61
2016-05-05,175,28,147
2016-05-05,341,43,298
2016-05-05,199,32,167
2016-05-05,85,14,71
2016-05-05,112,15,97
2016-05-05,94,71,23
2016-05-05,16,3,13
2016-05-05,12,3,9
2016-05-06,10,3,7
2016-05-06,6,1,5
2016-05-06,3,1,2
2016-05-06,2,1,1
2016-05-06,6,5,1
2016-05-06,39,32,7
2016-05-06,128,112,16
2016-05-06,291,268,23
2016-05-06,256,233,23
2016-05-06,98,83,15
2016-05-06,47,37,10
2016-05-06,41,22,19
2016-05-06,43,19,24
2016-05-06,45,23,22
2016-05-06,56,21,35
2016-05-06,118,31,87
2016-05-06,215,40,175
2016-05-06,278,42,236
2016-05-06,170,23,147
2016-05-06,67,17,50
2016-05-06,42,14,28
2016-05-06,21,5,16
2016-05-06,14,6,8
2016-05-06,8,0,8
2016-05-07,12,5,7
2016-05-07,9,5,4
2016-05-07,3,1,2
2016-05-07,4,0,4
2016-05-07,5,2,3
2016-05-07,4,4,0
2016-05-07,11,7,4
2016-05-07,32,24,8
2016-05-07,63,37,26
2016-05-07,76,40,36
2016-05-07,77,42,35
2016-05-07,98,38,60
2016-05-07,115,53,62
2016-05-07,127,49,78
2016-05-07,126,61,65
2016-05-07,110,63,47
2016-05-07,113,49,64
2016-05-07,83,49,34
2016-05-07,55,32,23
2016-05-07,29,12,17
2016-05-07,21,7,14
2016-05-07,23,6,17
2016-05-07,14,5,9
2016-05-07,10,3,7
2016-05-08,4,2,2
2016-05-08,5,1,4
2016-05-08,2,0,2
2016-05-08,2,1,1
2016-05-08,0,0,0
2016-05-08,4,3,1
2016-05-08,5,4,1
2016-05-08,8,6,2
2016-05-08,4,4,0
2016-05-08,17,5,12
2016-05-08,18,12,6
2016-05-08,23,11,12
2016-05-08,22,8,14
2016-05-08,42,20,22
2016-05-08,30,15,15
2016-05-08,24,14,10
2016-05-08,38,19,19
2016-05-08,32,18,14
2016-05-08,14,5,9
2016-05-08,15,8,7
2016-05-08,9,1,8
2016-05-08,9,4,5
2016-05-08,5,0,5
2016-05-08,2,1,1
2016-05-09,0,0,0
2016-05-09,0,0,0
2016-05-09,0,0,0
2016-05-09,3,0,3
2016-05-09,4,2,2
2016-05-09,34,28,6
2016-05-09,126,109,17
2016-05-09,244,224,20
2016-05-09,224,200,24
2016-05-09,91,79,12
2016-05-09,31,26,5
2016-05-09,26,16,10
2016-05-09,35,20,15
2016-05-09,25,14,11
2016-05-09,43,15,28
2016-05-09,75,19,56
2016-05-09,170,34,136
2016-05-09,292,26,266
2016-05-09,187,23,164
2016-05-09,62,16,46
2016-05-09,42,20,22
2016-05-09,14,4,10
2016-05-09,11,4,7
2016-05-09,9,2,7
2016-05-10,8,3,5
2016-05-10,1,0,1
2016-05-10,3,1,2
2016-05-10,1,0,1
2016-05-10,9,7,2
2016-05-10,35,31,4
2016-05-10,139,119,20
2016-05-10,251,228,23
2016-05-10,244,210,34
2016-05-10,78,70,8
2016-05-10,39,28,11
2016-05-10,23,13,10
2016-05-10,31,13,18
2016-05-10,37,21,16
2016-05-10,48,20,28
2016-05-10,81,27,54
2016-05-10,164,27,137
2016-05-10,293,49,244
2016-05-10,194,28,166
2016-05-10,75,14,61
2016-05-10,32,14,18
2016-05-10,26,8,18
2016-05-10,11,3,8
2016-05-10,7,3,4
2016-05-11,5,2,3
2016-05-11,2,1,1
2016-05-11,2,0,2
2016-05-11,4,2,2
2016-05-11,7,5,2
2016-05-11,41,34,7
2016-05-11,117,99,18
2016-05-11,234,215,19
2016-05-11,206,185,21
2016-05-11,79,65,14
2016-05-11,50,38,12
2016-05-11,34,18,16
2016-05-11,43,30,13
2016-05-11,42,17,25
2016-05-11,56,21,35
2016-05-11,63,16,47
2016-05-11,188,32,156
2016-05-11,295,47,248
2016-05-11,186,34,152
2016-05-11,77,26,51
2016-05-11,37,16,21
2016-05-11,29,3,26
2016-05-11,4,2,2
2016-05-11,5,0,5
2016-05-12,2,1,1
2016-05-12,1,0,1
2016-05-12,3,1,2
2016-05-12,2,1,1
2016-05-12,7,5,2
2016-05-12,34,28,6
2016-05-12,117,97,20
2016-05-12,238,216,22
2016-05-12,213,192,21
2016-05-12,97,85,12
2016-05-12,32,24,8
2016-05-12,36,16,20
2016-05-12,35,22,13
2016-05-12,40,23,17
2016-05-12,39,16,23
2016-05-12,73,20,53
2016-05-12,129,28,101
2016-05-12,263,33,230
2016-05-12,193,23,170
2016-05-12,80,21,59
2016-05-12,57,19,38
2016-05-12,31,12,19
2016-05-12,11,3,8
2016-05-12,7,2,5
2016-05-13,6,5,1
2016-05-13,2,1,1
2016-05-13,4,0,4
2016-05-13,0,0,0
2016-05-13,7,4,3
2016-05-13,32,28,4
2016-05-13,105,86,19
2016-05-13,206,181,25
2016-05-13,174,154,20
2016-05-13,77,63,14
2016-05-13,39,31,8
2016-05-13,38,20,18
2016-05-13,42,14,28
2016-05-13,53,27,26
2016-05-13,45,22,23
2016-05-13,82,31,51
2016-05-13,155,28,127
2016-05-13,213,31,182
2016-05-13,115,16,99
2016-05-13,61,15,46
2016-05-13,34,12,22
2016-05-13,16,6,10
2016-05-13,16,6,10
2016-05-13,9,1,8
2016-05-14,9,5,4
2016-05-14,2,0,2
2016-05-14,4,2,2
2016-05-14,1,0,1
2016-05-14,4,2,2
2016-05-14,10,7,3
2016-05-14,18,14,4
2016-05-14,31,19,12
2016-05-14,41,29,12
2016-05-14,43,19,24
2016-05-14,65,23,42
2016-05-14,59,35,24
2016-05-14,43,23,20
2016-05-14,33,17,16
2016-05-14,38,27,11
2016-05-14,19,9,10
2016-05-14,13,3,10
2016-05-14,30,12,18
2016-05-14,16,3,13
2016-05-14,13,5,8
2016-05-14,10,6,4
2016-05-14,5,0,5
2016-05-14,1,1,0
2016-05-14,4,1,3
2016-05-15,2,2,0
2016-05-15,0,0,0
2016-05-15,1,0,1
2016-05-15,2,0,2
2016-05-15,1,0,1
2016-05-15,3,3,0
2016-05-15,7,6,1
2016-05-15,19,14,5
2016-05-15,19,11,8
2016-05-15,28,9,19
2016-05-15,33,16,17
2016-05-15,36,19,17
2016-05-15,47,25,22
2016-05-15,49,22,27
2016-05-15,43,29,14
2016-05-15,30,9,21
2016-05-15,29,11,18
2016-05-15,22,11,11
2016-05-15,16,6,10
2016-05-15,9,6,3
2016-05-15,5,1,4
2016-05-15,6,2,4
2016-05-15,1,0,1
2016-05-15,5,3,2
2016-05-16,0,0,0
2016-05-16,3,1,2
2016-05-16,4,2,2
2016-05-16,2,0,2
2016-05-16,3,2,1
2016-05-16,22,20,2
2016-05-16,80,71,9
2016-05-16,149,132,17
2016-05-16,161,150,11
2016-05-16,56,49,7
2016-05-16,16,13,3
2016-05-16,21,13,8
2016-05-16,20,10,10
2016-05-16,11,5,6
2016-05-16,30,13,17
2016-05-16,32,7,25
2016-05-16,103,21,82
2016-05-16,195,29,166
2016-05-16,132,19,113
2016-05-16,50,9,41
2016-05-16,29,12,17
2016-05-16,11,3,8
2016-05-16,6,1,5
2016-05-16,6,3,3
2016-05-17,2,1,1
2016-05-17,4,2,2
2016-05-17,0,0,0
2016-05-17,2,0,2
2016-05-17,13,9,4
2016-05-17,29,26,3
2016-05-17,112,97,15
2016-05-17,222,196,26
2016-05-17,215,194,21
2016-05-17,78,68,10
2016-05-17,40,27,13
2016-05-17,30,20,10
2016-05-17,23,14,9
2016-05-17,31,20,11
2016-05-17,42,14,28
2016-05-17,54,13,41
2016-05-17,150,26,124
2016-05-17,297,42,255
2016-05-17,174,21,153
2016-05-17,81,22,59
2016-05-17,35,13,22
2016-05-17,22,6,16
2016-05-17,12,9,3
2016-05-17,4,1,3
2016-05-18,2,1,1
2016-05-18,1,1,0
2016-05-18,4,1,3
2016-05-18,3,0,3
2016-05-18,4,3,1
2016-05-18,33,31,2
2016-05-18,104,94,10
2016-05-18,216,194,22
2016-05-18,203,185,18
2016-05-18,69,59,10
2016-05-18,36,22,14
2016-05-18,23,13,10
2016-05-18,28,16,12
2016-05-18,24,13,11
2016-05-18,33,13,20
2016-05-18,52,18,34
2016-05-18,159,36,123
2016-05-18,243,19,224
2016-05-18,132,25,107
2016-05-18,54,14,40
2016-05-18,40,16,24
2016-05-18,21,4,17
2016-05-18,5,0,5
2016-05-18,5,1,4
2016-05-19,4,2,2
2016-05-19,2,1,1
2016-05-19,0,0,0
2016-05-19,0,0,0
2016-05-19,4,3,1
2016-05-19,17,14,3
2016-05-19,62,50,12
2016-05-19,150,136,14
2016-05-19,154,141,13
2016-05-19,42,36,6
2016-05-19,24,19,5
2016-05-19,25,14,11
2016-05-19,9,5,4
2016-05-19,22,7,15
2016-05-19,31,15,16
2016-05-19,31,8,23
2016-05-19,76,12,64
2016-05-19,171,19,152
2016-05-19,92,18,74
2016-05-19,46,8,38
2016-05-19,17,5,12
2016-05-19,9,4,5
2016-05-19,2,0,2
2016-05-19,3,1,2
2016-05-20,4,0,4
2016-05-20,0,0,0
2016-05-20,1,0,1
2016-05-20,0,0,0
2016-05-20,2,2,0
2016-05-20,29,28,1
2016-05-20,115,101,14
2016-05-20,197,183,14
2016-05-20,229,211,18
2016-05-20,79,61,18
2016-05-20,23,14,9
2016-05-20,36,16,20
2016-05-20,46,19,27
2016-05-20,45,26,19
2016-05-20,54,21,33
2016-05-20,70,15,55
2016-05-20,149,31,118
2016-05-20,250,36,214
2016-05-20,131,18,113
2016-05-20,42,9,33
2016-05-20,33,9,24
2016-05-20,9,3,6
2016-05-20,16,7,9
2016-05-20,10,3,7
2016-05-21,8,2,6
2016-05-21,9,3,6
2016-05-21,5,1,4
2016-05-21,0,0,0
2016-05-21,1,1,0
2016-05-21,7,4,3
2016-05-21,9,7,2
2016-05-21,14,9,5
2016-05-21,6,2,4
2016-05-21,13,8,5
2016-05-21,5,4,1
2016-05-21,15,9,6
2016-05-21,10,5,5
2016-05-21,18,8,10
2016-05-21,15,9,6
2016-05-21,18,13,5
2016-05-21,23,12,11
2016-05-21,22,9,13
2016-05-21,14,6,8
2016-05-21,4,4,0
2016-05-21,7,4,3
2016-05-21,9,3,6
2016-05-21,4,1,3
2016-05-21,5,1,4
2016-05-22,5,1,4
2016-05-22,0,0,0
2016-05-22,2,0,2
2016-05-22,1,1,0
2016-05-22,3,1,2
2016-05-22,4,4,0
2016-05-22,11,8,3
2016-05-22,12,11,1
2016-05-22,33,10,23
2016-05-22,16,7,9
2016-05-22,45,24,21
2016-05-22,53,33,20
2016-05-22,71,29,42
2016-05-22,57,37,20
2016-05-22,75,34,41
2016-05-22,77,38,39
2016-05-22,54,20,34
2016-05-22,53,27,26
2016-05-22,25,12,13
2016-05-22,22,11,11
2016-05-22,13,6,7
2016-05-22,9,6,3
2016-05-22,6,2,4
2016-05-22,4,0,4
2016-05-23,1,0,1
2016-05-23,6,3,3
2016-05-23,1,0,1
2016-05-23,0,0,0
2016-05-23,8,6,2
2016-05-23,29,24,5
2016-05-23,97,83,14
2016-05-23,199,187,12
2016-05-23,198,183,15
2016-05-23,70,59,11
2016-05-23,24,17,7
2016-05-23,21,11,10
2016-05-23,20,13,7
2016-05-23,28,12,16
2016-05-23,21,8,13
2016-05-23,45,15,30
2016-05-23,142,27,115
2016-05-23,247,25,222
2016-05-23,151,18,133
2016-05-23,51,13,38
2016-05-23,30,12,18
2016-05-23,16,5,11
2016-05-23,12,2,10
2016-05-23,9,4,5
2016-05-24,1,0,1
2016-05-24,0,0,0
2016-05-24,5,1,4
2016-05-24,1,0,1
2016-05-24,7,6,1
2016-05-24,37,32,5
2016-05-24,112,99,13
2016-05-24,233,208,25
2016-05-24,206,182,24
2016-05-24,66,55,11
2016-05-24,26,18,8
2016-05-24,35,23,12
2016-05-24,24,13,11
2016-05-24,22,9,13
2016-05-24,27,9,18
2016-05-24,57,16,41
2016-05-24,147,24,123
2016-05-24,251,25,226
2016-05-24,146,23,123
2016-05-24,66,8,58
2016-05-24,24,7,17
2016-05-24,22,4,18
2016-05-24,12,3,9
2016-05-24,6,0,6
2016-05-25,1,1,0
2016-05-25,4,2,2
2016-05-25,2,1,1
2016-05-25,0,0,0
2016-05-25,5,5,0
2016-05-25,39,36,3
2016-05-25,110,95,15
2016-05-25,182,160,22
2016-05-25,191,174,17
2016-05-25,64,57,7
2016-05-25,34,28,6
2016-05-25,31,13,18
2016-05-25,41,12,29
2016-05-25,28,13,15
2016-05-25,31,7,24
2016-05-25,57,15,42
2016-05-25,123,24,99
2016-05-25,234,31,203
2016-05-25,134,26,108
2016-05-25,62,10,52
2016-05-25,33,9,24
2016-05-25,14,0,14
2016-05-25,4,1,3
2016-05-25,9,3,6
2016-05-26,3,2,1
2016-05-26,3,0,3
2016-05-26,3,1,2
2016-05-26,2,1,1
2016-05-26,4,4,0
2016-05-26,31,28,3
2016-05-26,92,82,10
2016-05-26,177,159,18
2016-05-26,169,154,15
2016-05-26,44,39,5
2016-05-26,27,16,11
2016-05-26,16,11,5
2016-05-26,22,12,10
2016-05-26,18,9,9
2016-05-26,26,12,14
2016-05-26,38,11,27
2016-05-26,96,18,78
2016-05-26,187,22,165
2016-05-26,127,21,106
2016-05-26,96,13,83
2016-05-26,28,8,20
2016-05-26,22,4,18
2016-05-26,17,9,8
2016-05-26,8,2,6
2016-05-27,5,3,2
2016-05-27,1,1,0
2016-05-27,1,0,1
2016-05-27,1,0,1
2016-05-27,1,1,0
2016-05-27,15,11,4
2016-05-27,50,44,6
2016-05-27,111,102,9
2016-05-27,117,107,10
2016-05-27,49,40,9
2016-05-27,27,17,10
2016-05-27,20,8,12
2016-05-27,32,15,17
2016-05-27,27,15,12
2016-05-27,35,16,19
2016-05-27,64,10,54
2016-05-27,94,20,74
2016-05-27,96,10,86
2016-05-27,72,7,65
2016-05-27,30,11,19
2016-05-27,12,1,11
2016-05-27,21,12,9
2016-05-27,9,2,7
2016-05-27,4,1,3
2016-05-28,12,1,11
2016-05-28,2,2,0
2016-05-28,1,1,0
2016-05-28,1,0,1
2016-05-28,2,0,2
2016-05-28,4,4,0
2016-05-28,7,6,1
2016-05-28,17,13,4
2016-05-28,22,17,5
2016-05-28,44,12,32
2016-05-28,36,13,23
2016-05-28,67,44,23
2016-05-28,37,24,13
2016-05-28,28,14,14
2016-05-28,27,13,14
2016-05-28,39,18,21
2016-05-28,21,11,10
2016-05-28,28,14,14
2016-05-28,17,10,7
2016-05-28,8,4,4
2016-05-28,7,2,5
2016-05-28,9,4,5
2016-05-28,11,3,8
2016-05-28,6,2,4
2016-05-29,5,0,5
2016-05-29,1,1,0
2016-05-29,1,0,1
2016-05-29,5,0,5
2016-05-29,4,2,2
2016-05-29,5,3,2
2016-05-29,2,2,0
2016-05-29,7,6,1
2016-05-29,17,12,5
2016-05-29,9,6,3
2016-05-29,6,2,4
2016-05-29,19,8,11
2016-05-29,25,16,9
2016-05-29,19,9,10
2016-05-29,20,7,13
2016-05-29,26,15,11
2016-05-29,35,17,18
2016-05-29,30,8,22
2016-05-29,13,7,6
2016-05-29,18,8,10
2016-05-29,5,2,3
2016-05-29,12,2,10
2016-05-29,2,0,2
2016-05-29,1,1,0
2016-05-30,2,1,1
2016-05-30,1,0,1
2016-05-30,1,1,0
2016-05-30,1,1,0
2016-05-30,1,0,1
2016-05-30,7,7,0
2016-05-30,17,12,5
2016-05-30,19,13,6
2016-05-30,46,27,19
2016-05-30,65,36,29
2016-05-30,78,40,38
2016-05-30,108,50,58
2016-05-30,125,58,67
2016-05-30,107,58,49
2016-05-30,117,61,56
2016-05-30,104,42,62
2016-05-30,93,60,33
2016-05-30,75,33,42
2016-05-30,48,20,28
2016-05-30,29,11,18
2016-05-30,27,15,12
2016-05-30,18,11,7
2016-05-30,5,2,3
2016-05-30,6,4,2
2016-05-31,7,2,5
2016-05-31,1,1,0
2016-05-31,2,1,1
2016-05-31,1,1,0
2016-05-31,10,7,3
2016-05-31,31,27,4
2016-05-31,99,88,11
2016-05-31,197,178,19
2016-05-31,202,172,30
2016-05-31,69,60,9
2016-05-31,27,23,4
2016-05-31,32,13,19
2016-05-31,39,15,24
2016-05-31,38,19,19
2016-05-31,29,13,16
2016-05-31,71,23,48
2016-05-31,149,31,118
2016-05-31,246,30,216
2016-05-31,158,24,134
2016-05-31,66,17,49
2016-05-31,38,14,24
2016-05-31,22,7,15
2016-05-31,11,5,6
2016-05-31,6,1,5
2016-06-01,3,2,1
2016-06-01,2,2,0
2016-06-01,3,1,2
2016-06-01,1,0,1
2016-06-01,13,10,3
2016-06-01,32,28,4
2016-06-01,131,115,16
2016-06-01,215,195,20
2016-06-01,165,148,17
2016-06-01,60,44,16
2016-06-01,62,31,31
2016-06-01,27,15,12
2016-06-01,48,32,16
2016-06-01,32,19,13
2016-06-01,40,19,21
2016-06-01,72,32,40
2016-06-01,146,21,125
2016-06-01,244,24,220
2016-06-01,148,18,130
2016-06-01,56,16,40
2016-06-01,28,6,22
2016-06-01,19,6,13
2016-06-01,6,2,4
2016-06-01,6,4,2
2016-06-02,3,0,3
2016-06-02,2,2,0
2016-06-02,2,0,2
2016-06-02,1,0,1
2016-06-02,6,5,1
2016-06-02,23,21,2
2016-06-02,89,78,11
2016-06-02,159,147,12
2016-06-02,156,140,16
2016-06-02,44,41,3
2016-06-02,19,14,5
2016-06-02,17,9,8
2016-06-02,19,11,8
2016-06-02,26,18,8
2016-06-02,29,11,18
2016-06-02,43,18,25
2016-06-02,90,15,75
2016-06-02,194,22,172
2016-06-02,145,30,115
2016-06-02,50,12,38
2016-06-02,33,11,22
2016-06-02,7,1,6
2016-06-02,12,2,10
2016-06-02,9,4,5
2016-06-03,1,0,1
2016-06-03,5,2,3
2016-06-03,4,2,2
2016-06-03,1,1,0
2016-06-03,7,5,2
2016-06-03,31,28,3
2016-06-03,95,83,12
2016-06-03,159,146,13
2016-06-03,154,132,22
2016-06-03,58,41,17
2016-06-03,39,25,14
2016-06-03,65,21,44
2016-06-03,45,34,11
2016-06-03,44,17,27
2016-06-03,42,24,18
2016-06-03,65,18,47
2016-06-03,149,32,117
2016-06-03,191,34,157
2016-06-03,118,18,100
2016-06-03,47,12,35
2016-06-03,28,13,15
2016-06-03,18,6,12
2016-06-03,17,5,12
2016-06-03,7,1,6
2016-06-04,7,4,3
2016-06-04,5,3,2
2016-06-04,3,1,2
2016-06-04,2,0,2
2016-06-04,1,1,0
2016-06-04,5,4,1
2016-06-04,14,10,4
2016-06-04,33,24,9
2016-06-04,44,16,28
2016-06-04,68,31,37
2016-06-04,129,79,50
2016-06-04,121,75,46
2016-06-04,86,45,41
2016-06-04,95,53,42
2016-06-04,76,34,42
2016-06-04,79,40,39
2016-06-04,72,34,38
2016-06-04,68,27,41
2016-06-04,44,24,20
2016-06-04,28,9,19
2016-06-04,21,14,7
2016-06-04,12,8,4
2016-06-04,7,4,3
2016-06-04,8,1,7
2016-06-05,8,1,7
2016-06-05,4,1,3
2016-06-05,4,1,3
2016-06-05,4,1,3
2016-06-05,1,1,0
2016-06-05,6,4,2
2016-06-05,17,11,6
2016-06-05,21,15,6
2016-06-05,54,36,18
2016-06-05,70,26,44
2016-06-05,73,44,29
2016-06-05,86,37,49
2016-06-05,104,36,68
2016-06-05,100,47,53
2016-06-05,98,50,48
2016-06-05,66,35,31
2016-06-05,54,24,30
2016-06-05,50,30,20
2016-06-05,46,26,20
2016-06-05,18,10,8
2016-06-05,28,17,11
2016-06-05,9,3,6
2016-06-05,9,3,6
2016-06-05,2,1,1
2016-06-06,1,1,0
2016-06-06,2,1,1
2016-06-06,1,0,1
2016-06-06,2,1,1
2016-06-06,6,5,1
2016-06-06,34,31,3
2016-06-06,98,87,11
2016-06-06,191,171,20
2016-06-06,179,157,22
2016-06-06,65,55,10
2016-06-06,32,18,14
2016-06-06,26,11,15
2016-06-06,36,23,13
2016-06-06,23,14,9
2016-06-06,32,10,22
2016-06-06,69,21,48
2016-06-06,128,25,103
2016-06-06,226,26,200
2016-06-06,163,18,145
2016-06-06,63,15,48
2016-06-06,59,30,29
2016-06-06,12,3,9
2016-06-06,21,8,13
2016-06-06,5,1,4
2016-06-07,2,1,1
2016-06-07,0,0,0
2016-06-07,5,3,2
2016-06-07,0,0,0
2016-06-07,10,7,3
2016-06-07,45,41,4
2016-06-07,113,96,17
2016-06-07,215,191,24
2016-06-07,162,143,19
2016-06-07,85,71,14
2016-06-07,39,31,8
2016-06-07,27,13,14
2016-06-07,25,9,16
2016-06-07,36,16,20
2016-06-07,37,16,21
2016-06-07,71,33,38
2016-06-07,135,22,113
2016-06-07,244,42,202
2016-06-07,148,29,119
2016-06-07,73,17,56
2016-06-07,47,13,34
2016-06-07,28,8,20
2016-06-07,15,3,12
2016-06-07,9,4,5
2016-06-08,2,1,1
2016-06-08,0,0,0
2016-06-08,7,3,4
2016-06-08,2,0,2
2016-06-08,4,2,2
2016-06-08,39,33,6
2016-06-08,105,97,8
2016-06-08,182,159,23
2016-06-08,171,154,17
2016-06-08,62,48,14
2016-06-08,37,27,10
2016-06-08,24,17,7
2016-06-08,35,14,21
2016-06-08,37,19,18
2016-06-08,39,13,26
2016-06-08,43,14,29
2016-06-08,118,17,101
2016-06-08,193,19,174
2016-06-08,115,13,102
2016-06-08,63,15,48
2016-06-08,30,9,21
2016-06-08,18,6,12
2016-06-08,6,2,4
2016-06-08,5,0,5
2016-06-09,5,2,3
2016-06-09,4,1,3
2016-06-09,3,2,1
2016-06-09,2,1,1
2016-06-09,2,2,0
2016-06-09,32,27,5
2016-06-09,78,69,9
2016-06-09,163,140,23
2016-06-09,176,153,23
2016-06-09,70,62,8
2016-06-09,31,23,8
2016-06-09,24,12,12
2016-06-09,18,8,10
2016-06-09,29,13,16
2016-06-09,35,12,23
2016-06-09,45,18,27
2016-06-09,126,24,102
2016-06-09,175,17,158
2016-06-09,113,15,98
2016-06-09,59,15,44
2016-06-09,28,4,24
2016-06-09,13,1,12
2016-06-09,7,2,5
2016-06-09,7,1,6
2016-06-10,2,1,1
2016-06-10,4,1,3
2016-06-10,3,1,2
2016-06-10,0,0,0
2016-06-10,3,3,0
2016-06-10,16,13,3
2016-06-10,84,76,8
2016-06-10,121,106,15
2016-06-10,117,107,10
2016-06-10,52,45,7
2016-06-10,25,17,8
2016-06-10,21,14,7
2016-06-10,19,7,12
2016-06-10,22,13,9
2016-06-10,42,6,36
2016-06-10,53,11,42
2016-06-10,96,15,81
2016-06-10,114,18,96
2016-06-10,75,11,64
2016-06-10,25,7,18
2016-06-10,17,6,11
2016-06-10,12,6,6
2016-06-10,6,2,4
2016-06-10,2,1,1
2016-06-11,15,6,9
2016-06-11,1,0,1
2016-06-11,3,1,2
2016-06-11,1,0,1
2016-06-11,2,1,1
2016-06-11,7,7,0
2016-06-11,9,7,2
2016-06-11,19,13,6
2016-06-11,25,15,10
2016-06-11,34,18,16
2016-06-11,34,15,19
2016-06-11,36,17,19
2016-06-11,32,19,13
2016-06-11,63,38,25
2016-06-11,39,21,18
2016-06-11,50,31,19
2016-06-11,31,8,23
2016-06-11,25,9,16
2016-06-11,28,20,8
2016-06-11,8,3,5
2016-06-11,7,5,2
2016-06-11,5,3,2
2016-06-11,8,0,8
2016-06-11,5,1,4
2016-06-12,3,1,2
2016-06-12,1,1,0
2016-06-12,4,2,2
2016-06-12,1,1,0
2016-06-12,2,0,2
2016-06-12,6,6,0
2016-06-12,11,8,3
2016-06-12,25,15,10
2016-06-12,39,28,11
2016-06-12,36,19,17
2016-06-12,84,38,46
2016-06-12,85,48,37
2016-06-12,90,44,46
2016-06-12,76,30,46
2016-06-12,80,37,43
2016-06-12,95,53,42
2016-06-12,64,39,25
2016-06-12,64,38,26
2016-06-12,39,17,22
2016-06-12,26,15,11
2016-06-12,25,12,13
2016-06-12,12,6,6
2016-06-12,4,2,2
2016-06-12,4,0,4
2016-06-13,3,2,1
2016-06-13,4,2,2
2016-06-13,1,1,0
2016-06-13,1,0,1
2016-06-13,4,4,0
2016-06-13,29,24,5
2016-06-13,83,70,13
2016-06-13,173,156,17
2016-06-13,164,150,14
2016-06-13,55,48,7
2016-06-13,18,14,4
2016-06-13,25,9,16
2016-06-13,18,9,9
2016-06-13,23,14,9
2016-06-13,25,13,12
2016-06-13,44,12,32
2016-06-13,108,19,89
2016-06-13,200,16,184
2016-06-13,106,12,94
2016-06-13,46,7,39
2016-06-13,28,8,20
2016-06-13,10,2,8
2016-06-13,8,0,8
2016-06-13,4,1,3
2016-06-14,2,1,1
2016-06-14,1,0,1
2016-06-14,4,3,1
2016-06-14,1,1,0
2016-06-14,6,5,1
2016-06-14,16,15,1
2016-06-14,67,60,7
2016-06-14,140,125,15
2016-06-14,117,109,8
2016-06-14,46,39,7
2016-06-14,27,23,4
2016-06-14,11,4,7
2016-06-14,13,5,8
2016-06-14,12,7,5
2016-06-14,17,8,9
2016-06-14,29,12,17
2016-06-14,84,16,68
2016-06-14,142,22,120
2016-06-14,81,11,70
2016-06-14,35,6,29
2016-06-14,19,5,14
2016-06-14,22,3,19
2016-06-14,9,3,6
2016-06-14,2,1,1
2016-06-15,3,0,3
2016-06-15,4,2,2
2016-06-15,3,1,2
2016-06-15,1,0,1
2016-06-15,9,7,2
2016-06-15,30,26,4
2016-06-15,85,76,9
2016-06-15,151,133,18
2016-06-15,155,146,9
2016-06-15,70,64,6
2016-06-15,24,20,4
2016-06-15,31,21,10
2016-06-15,25,11,14
2016-06-15,29,18,11
2016-06-15,36,16,20
2016-06-15,66,24,42
2016-06-15,112,19,93
2016-06-15,214,31,183
2016-06-15,148,28,120
2016-06-15,74,24,50
2016-06-15,28,10,18
2016-06-15,19,6,13
2016-06-15,10,5,5
2016-06-15,3,1,2
2016-06-16,4,0,4
2016-06-16,4,1,3
2016-06-16,3,1,2
2016-06-16,2,1,1
2016-06-16,6,4,2
2016-06-16,29,25,4
2016-06-16,88,79,9
2016-06-16,144,126,18
2016-06-16,192,169,23
2016-06-16,79,68,11
2016-06-16,28,20,8
2016-06-16,33,18,15
2016-06-16,24,17,7
2016-06-16,23,11,12
2016-06-16,50,22,28
2016-06-16,56,17,39
2016-06-16,122,31,91
2016-06-16,209,36,173
2016-06-16,137,27,110
2016-06-16,109,18,91
2016-06-16,32,10,22
2016-06-16,28,6,22
2016-06-16,24,4,20
2016-06-16,11,8,3
2016-06-17,14,12,2
2016-06-17,7,7,0
2016-06-17,5,1,4
2016-06-17,1,1,0
2016-06-17,3,2,1
2016-06-17,24,15,9
2016-06-17,77,71,6
2016-06-17,147,133,14
2016-06-17,153,135,18
2016-06-17,60,49,11
2016-06-17,22,10,12
2016-06-17,37,25,12
2016-06-17,32,14,18
2016-06-17,41,20,21
2016-06-17,44,17,27
2016-06-17,61,16,45
2016-06-17,111,16,95
2016-06-17,128,15,113
2016-06-17,68,15,53
2016-06-17,42,11,31
2016-06-17,16,5,11
2016-06-17,7,2,5
2016-06-17,3,1,2
2016-06-17,5,2,3
2016-06-18,4,1,3
2016-06-18,0,0,0
2016-06-18,2,2,0
2016-06-18,0,0,0
2016-06-18,3,2,1
2016-06-18,4,4,0
2016-06-18,9,7,2
2016-06-18,21,12,9
2016-06-18,16,9,7
2016-06-18,25,20,5
2016-06-18,22,11,11
2016-06-18,13,6,7
2016-06-18,27,15,12
2016-06-18,21,14,7
2016-06-18,28,14,14
2016-06-18,27,14,13
2016-06-18,24,13,11
2016-06-18,22,9,13
2016-06-18,24,9,15
2016-06-18,12,2,10
2016-06-18,11,3,8
2016-06-18,9,2,7
2016-06-18,5,1,4
2016-06-18,3,0,3
2016-06-19,3,2,1
2016-06-19,0,0,0
2016-06-19,3,1,2
2016-06-19,3,1,2
2016-06-19,0,0,0
2016-06-19,6,5,1
2016-06-19,12,9,3
2016-06-19,29,18,11
2016-06-19,46,31,15
2016-06-19,47,22,25
2016-06-19,79,29,50
2016-06-19,105,47,58
2016-06-19,128,68,60
2016-06-19,116,54,62
2016-06-19,91,40,51
2016-06-19,95,48,47
2016-06-19,70,33,37
2016-06-19,54,30,24
2016-06-19,38,20,18
2016-06-19,20,10,10
2016-06-19,14,6,8
2016-06-19,8,6,2
2016-06-19,10,5,5
2016-06-19,5,5,0
2016-06-20,2,1,1
2016-06-20,1,1,0
2016-06-20,2,2,0
2016-06-20,0,0,0
2016-06-20,6,4,2
2016-06-20,29,24,5
2016-06-20,76,65,11
2016-06-20,157,124,33
2016-06-20,158,139,19
2016-06-20,61,56,5
2016-06-20,30,17,13
2016-06-20,18,11,7
2016-06-20,30,14,16
2016-06-20,26,13,13
2016-06-20,25,12,13
2016-06-20,45,13,32
2016-06-20,123,20,103
2016-06-20,201,20,181
2016-06-20,167,30,137
2016-06-20,83,20,63
2016-06-20,27,13,14
2016-06-20,20,10,10
2016-06-20,11,5,6
2016-06-20,6,2,4
2016-06-21,1,0,1
2016-06-21,1,1,0
2016-06-21,2,0,2
2016-06-21,2,0,2
2016-06-21,4,3,1
2016-06-21,25,21,4
2016-06-21,96,82,14
2016-06-21,191,163,28
2016-06-21,146,123,23
2016-06-21,55,47,8
2016-06-21,26,22,4
2016-06-21,19,10,9
2016-06-21,31,17,14
2016-06-21,27,13,14
2016-06-21,39,10,29
2016-06-21,50,19,31
2016-06-21,121,18,103
2016-06-21,230,21,209
2016-06-21,136,23,113
2016-06-21,61,18,43
2016-06-21,37,9,28
2016-06-21,15,6,9
2016-06-21,13,3,10
2016-06-21,6,2,4
2016-06-22,3,1,2
2016-06-22,0,0,0
2016-06-22,1,1,0
2016-06-22,4,1,3
2016-06-22,4,2,2
2016-06-22,34,30,4
2016-06-22,92,83,9
2016-06-22,166,141,25
2016-06-22,180,163,17
2016-06-22,66,61,5
2016-06-22,35,27,8
2016-06-22,26,16,10
2016-06-22,40,16,24
2016-06-22,34,21,13
2016-06-22,45,23,22
2016-06-22,61,15,46
2016-06-22,135,29,106
2016-06-22,247,48,199
2016-06-22,140,23,117
2016-06-22,86,17,69
2016-06-22,48,18,30
2016-06-22,27,11,16
2016-06-22,4,2,2
2016-06-22,6,1,5
2016-06-23,0,0,0
2016-06-23,2,1,1
2016-06-23,2,2,0
2016-06-23,5,2,3
2016-06-23,2,2,0
2016-06-23,17,16,1
2016-06-23,46,39,7
2016-06-23,97,89,8
2016-06-23,120,111,9
2016-06-23,39,32,7
2016-06-23,21,18,3
2016-06-23,13,8,5
2016-06-23,14,8,6
2016-06-23,12,9,3
2016-06-23,21,3,18
2016-06-23,20,3,17
2016-06-23,49,8,41
2016-06-23,105,10,95
2016-06-23,78,8,70
2016-06-23,30,5,25
2016-06-23,12,1,11
2016-06-23,13,2,11
2016-06-23,6,1,5
2016-06-23,2,1,1
2016-06-24,3,2,1
2016-06-24,0,0,0
2016-06-24,4,2,2
2016-06-24,1,0,1
2016-06-24,2,2,0
2016-06-24,22,19,3
2016-06-24,50,43,7
2016-06-24,97,82,15
2016-06-24,101,94,7
2016-06-24,38,31,7
2016-06-24,28,19,9
2016-06-24,14,4,10
2016-06-24,33,13,20
2016-06-24,20,10,10
2016-06-24,36,17,19
2016-06-24,49,11,38
2016-06-24,109,21,88
2016-06-24,111,17,94
2016-06-24,57,10,47
2016-06-24,26,6,20
2016-06-24,10,4,6
2016-06-24,8,2,6
2016-06-24,9,1,8
2016-06-24,6,3,3
2016-06-25,7,0,7
2016-06-25,1,0,1
2016-06-25,6,2,4
2016-06-25,1,0,1
2016-06-25,2,1,1
2016-06-25,6,6,0
2016-06-25,18,13,5
2016-06-25,26,20,6
2016-06-25,43,15,28
2016-06-25,34,20,14
2016-06-25,40,23,17
2016-06-25,52,21,31
2016-06-25,80,41,39
2016-06-25,77,52,25
2016-06-25,79,31,48
2016-06-25,70,38,32
2016-06-25,86,38,48
2016-06-25,51,20,31
2016-06-25,47,23,24
2016-06-25,32,14,18
2016-06-25,27,9,18
2016-06-25,10,3,7
2016-06-25,11,2,9
2016-06-25,6,2,4
2016-06-26,6,1,5
2016-06-26,3,3,0
2016-06-26,3,1,2
2016-06-26,1,1,0
2016-06-26,3,0,3
2016-06-26,4,4,0
2016-06-26,15,11,4
2016-06-26,17,12,5
2016-06-26,38,16,22
2016-06-26,53,28,25
2016-06-26,80,40,40
2016-06-26,79,42,37
2016-06-26,79,44,35
2016-06-26,89,37,52
2016-06-26,105,43,62
2016-06-26,69,40,29
2016-06-26,67,36,31
2016-06-26,67,34,33
2016-06-26,34,14,20
2016-06-26,26,8,18
2016-06-26,18,6,12
2016-06-26,8,4,4
2016-06-26,10,6,4
2016-06-26,2,1,1
2016-06-27,2,0,2
2016-06-27,1,1,0
2016-06-27,3,2,1
2016-06-27,1,0,1
2016-06-27,5,3,2
2016-06-27,42,38,4
2016-06-27,107,90,17
2016-06-27,185,159,26
2016-06-27,176,165,11
2016-06-27,87,79,8
2016-06-27,35,26,9
2016-06-27,36,19,17
2016-06-27,23,9,14
2016-06-27,34,13,21
2016-06-27,39,15,24
2016-06-27,73,24,49
2016-06-27,133,19,114
2016-06-27,251,35,216
2016-06-27,151,18,133
2016-06-27,66,22,44
2016-06-27,44,12,32
2016-06-27,24,15,9
2016-06-27,12,4,8
2016-06-27,4,0,4
2016-06-28,4,0,4
2016-06-28,1,0,1
2016-06-28,2,1,1
2016-06-28,3,1,2
2016-06-28,8,7,1
2016-06-28,38,32,6
2016-06-28,98,80,18
2016-06-28,195,176,19
2016-06-28,166,137,29
2016-06-28,78,59,19
2016-06-28,26,20,6
2016-06-28,21,11,10
2016-06-28,29,19,10
2016-06-28,21,11,10
2016-06-28,38,15,23
2016-06-28,86,31,55
2016-06-28,142,30,112
2016-06-28,229,36,193
2016-06-28,132,24,108
2016-06-28,73,16,57
2016-06-28,49,16,33
2016-06-28,33,7,26
2016-06-28,16,4,12
2016-06-28,6,0,6
2016-06-29,2,1,1
2016-06-29,2,0,2
2016-06-29,5,3,2
2016-06-29,3,2,1
2016-06-29,3,2,1
2016-06-29,34,27,7
2016-06-29,88,74,14
2016-06-29,180,164,16
2016-06-29,161,148,13
2016-06-29,69,60,9
2016-06-29,31,23,8
2016-06-29,30,20,10
2016-06-29,20,7,13
2016-06-29,34,22,12
2016-06-29,38,13,25
2016-06-29,70,24,46
2016-06-29,126,23,103
2016-06-29,201,22,179
2016-06-29,160,26,134
2016-06-29,64,16,48
2016-06-29,45,16,29
2016-06-29,28,11,17
2016-06-29,16,2,14
2016-06-29,3,1,2
2016-06-30,4,1,3
2016-06-30,3,1,2
2016-06-30,3,2,1
2016-06-30,4,2,2
2016-06-30,3,3,0
2016-06-30,36,30,6
2016-06-30,87,71,16
2016-06-30,159,140,19
2016-06-30,160,136,24
2016-06-30,66,52,14
2016-06-30,29,22,7
2016-06-30,24,11,13
2016-06-30,35,23,12
2016-06-30,37,18,19
2016-06-30,37,11,26
2016-06-30,65,30,35
2016-06-30,135,27,108
2016-06-30,189,28,161
2016-06-30,134,18,116
2016-06-30,88,18,70
2016-06-30,29,5,24
2016-06-30,21,8,13
2016-06-30,21,9,12
2016-06-30,10,6,4
2016-07-01,7,1,6
2016-07-01,3,0,3
2016-07-01,6,5,1
2016-07-01,1,0,1
2016-07-01,4,4,0
2016-07-01,29,26,3
2016-07-01,69,58,11
2016-07-01,130,117,13
2016-07-01,123,112,11
2016-07-01,64,53,11
2016-07-01,36,25,11
2016-07-01,25,8,17
2016-07-01,48,18,30
2016-07-01,48,26,22
2016-07-01,65,22,43
2016-07-01,77,16,61
2016-07-01,126,29,97
2016-07-01,132,22,110
2016-07-01,78,16,62
2016-07-01,44,10,34
2016-07-01,25,5,20
2016-07-01,11,5,6
2016-07-01,37,25,12
2016-07-01,8,3,5
2016-07-02,7,2,5
2016-07-02,3,2,1
2016-07-02,4,2,2
2016-07-02,0,0,0
2016-07-02,3,2,1
2016-07-02,9,6,3
2016-07-02,13,9,4
2016-07-02,22,16,6
2016-07-02,36,13,23
2016-07-02,40,18,22
2016-07-02,60,26,34
2016-07-02,47,33,14
2016-07-02,89,37,52
2016-07-02,55,26,29
2016-07-02,63,38,25
2016-07-02,58,25,33
2016-07-02,81,38,43
2016-07-02,55,24,31
2016-07-02,34,16,18
2016-07-02,31,14,17
2016-07-02,35,14,21
2016-07-02,13,5,8
2016-07-02,16,8,8
2016-07-02,3,1,2
2016-07-03,6,4,2
2016-07-03,0,0,0
2016-07-03,4,1,3
2016-07-03,3,2,1
2016-07-03,5,2,3
2016-07-03,4,3,1
2016-07-03,7,6,1
2016-07-03,14,11,3
2016-07-03,27,11,16
2016-07-03,20,8,12
2016-07-03,35,23,12
2016-07-03,57,33,24
2016-07-03,43,24,19
2016-07-03,55,30,25
2016-07-03,56,32,24
2016-07-03,71,22,49
2016-07-03,85,51,34
2016-07-03,47,19,28
2016-07-03,42,12,30
2016-07-03,16,9,7
2016-07-03,17,9,8
2016-07-03,9,5,4
2016-07-03,5,1,4
2016-07-03,3,1,2
2016-07-04,0,0,0
2016-07-04,0,0,0
2016-07-04,3,0,3
2016-07-04,1,0,1
2016-07-04,1,0,1
2016-07-04,7,6,1
2016-07-04,6,4,2
2016-07-04,21,14,7
2016-07-04,29,9,20
2016-07-04,37,15,22
2016-07-04,57,21,36
2016-07-04,63,34,29
2016-07-04,52,32,20
2016-07-04,65,31,34
2016-07-04,72,39,33
2016-07-04,62,35,27
2016-07-04,30,13,17
2016-07-04,32,14,18
2016-07-04,25,15,10
2016-07-04,10,3,7
2016-07-04,15,10,5
2016-07-04,12,4,8
2016-07-04,4,2,2
2016-07-04,13,7,6
2016-07-05,2,1,1
2016-07-05,5,0,5
2016-07-05,2,1,1
2016-07-05,5,4,1
2016-07-05,5,4,1
2016-07-05,14,13,1
2016-07-05,56,48,8
2016-07-05,113,99,14
2016-07-05,122,111,11
2016-07-05,57,46,11
2016-07-05,25,18,7
2016-07-05,31,14,17
2016-07-05,24,18,6
2016-07-05,27,17,10
2016-07-05,31,11,20
2016-07-05,48,18,30
2016-07-05,85,21,64
2016-07-05,165,29,136
2016-07-05,100,19,81
2016-07-05,47,16,31
2016-07-05,17,3,14
2016-07-05,18,1,17
2016-07-05,11,3,8
2016-07-05,10,3,7
2016-07-06,3,0,3
2016-07-06,0,0,0
2016-07-06,1,1,0
2016-07-06,2,2,0
2016-07-06,4,3,1
2016-07-06,28,24,4
2016-07-06,87,78,9
2016-07-06,180,164,16
2016-07-06,166,144,22
2016-07-06,86,75,11
2016-07-06,43,30,13
2016-07-06,23,9,14
2016-07-06,41,24,17
2016-07-06,43,18,25
2016-07-06,41,21,20
2016-07-06,67,24,43
2016-07-06,133,37,96
2016-07-06,261,44,217
2016-07-06,177,34,143
2016-07-06,79,18,61
2016-07-06,43,14,29
2016-07-06,39,20,19
2016-07-06,7,0,7
2016-07-06,7,0,7
2016-07-07,4,2,2
2016-07-07,3,1,2
2016-07-07,2,2,0
2016-07-07,3,2,1
2016-07-07,7,5,2
2016-07-07,16,13,3
2016-07-07,69,59,10
2016-07-07,139,125,14
2016-07-07,133,118,15
2016-07-07,55,48,7
2016-07-07,25,15,10
2016-07-07,16,13,3
2016-07-07,20,11,9
2016-07-07,15,7,8
2016-07-07,27,9,18
2016-07-07,37,11,26
2016-07-07,76,6,70
2016-07-07,140,16,124
2016-07-07,81,5,76
2016-07-07,30,3,27
2016-07-07,21,7,14
2016-07-07,12,3,9
2016-07-07,5,1,4
2016-07-07,8,2,6
2016-07-08,3,1,2
2016-07-08,1,0,1
2016-07-08,2,1,1
2016-07-08,0,0,0
2016-07-08,1,1,0
2016-07-08,10,8,2
2016-07-08,50,42,8
2016-07-08,91,82,9
2016-07-08,85,72,13
2016-07-08,43,39,4
2016-07-08,22,16,6
2016-07-08,12,8,4
2016-07-08,20,10,10
2016-07-08,26,16,10
2016-07-08,25,10,15
2016-07-08,53,15,38
2016-07-08,90,16,74
2016-07-08,122,18,104
2016-07-08,99,13,86
2016-07-08,35,9,26
2016-07-08,20,11,9
2016-07-08,20,11,9
2016-07-08,21,10,11
2016-07-08,12,4,8
2016-07-09,6,3,3
2016-07-09,3,3,0
2016-07-09,2,1,1
2016-07-09,2,0,2
2016-07-09,2,1,1
2016-07-09,4,4,0
2016-07-09,14,9,5
2016-07-09,24,15,9
2016-07-09,48,26,22
2016-07-09,106,44,62
2016-07-09,86,64,22
2016-07-09,112,81,31
2016-07-09,57,17,40
2016-07-09,50,25,25
2016-07-09,69,20,49
2016-07-09,69,30,39
2016-07-09,52,28,24
2016-07-09,34,17,17
2016-07-09,31,14,17
2016-07-09,17,7,10
2016-07-09,10,3,7
2016-07-09,6,2,4
2016-07-09,6,4,2
2016-07-09,6,1,5
2016-07-10,4,0,4
2016-07-10,0,0,0
2016-07-10,1,0,1
2016-07-10,1,1,0
2016-07-10,2,1,1
2016-07-10,2,2,0
2016-07-10,8,7,1
2016-07-10,17,8,9
2016-07-10,33,18,15
2016-07-10,41,22,19
2016-07-10,57,23,34
2016-07-10,57,29,28
2016-07-10,79,39,40
2016-07-10,67,35,32
2016-07-10,88,49,39
2016-07-10,105,49,56
2016-07-10,71,39,32
2016-07-10,46,24,22
2016-07-10,40,17,23
2016-07-10,20,7,13
2016-07-10,19,9,10
2016-07-10,11,5,6
2016-07-10,5,0,5
2016-07-10,6,2,4
2016-07-11,3,1,2
2016-07-11,1,1,0
2016-07-11,1,1,0
2016-07-11,5,3,2
2016-07-11,5,2,3
2016-07-11,28,23,5
2016-07-11,77,64,13
2016-07-11,161,147,14
2016-07-11,160,140,20
2016-07-11,60,45,15
2016-07-11,36,27,9
2016-07-11,22,13,9
2016-07-11,28,14,14
2016-07-11,17,9,8
2016-07-11,28,9,19
2016-07-11,65,28,37
2016-07-11,104,13,91
2016-07-11,234,34,200
2016-07-11,121,15,106
2016-07-11,61,20,41
2016-07-11,31,18,13
2016-07-11,21,6,15
2016-07-11,13,3,10
2016-07-11,6,1,5
2016-07-12,3,0,3
2016-07-12,4,1,3
2016-07-12,3,2,1
2016-07-12,6,3,3
2016-07-12,6,6,0
2016-07-12,28,25,3
2016-07-12,78,65,13
2016-07-12,163,150,13
2016-07-12,158,148,10
2016-07-12,62,51,11
2016-07-12,37,25,12
2016-07-12,30,18,12
2016-07-12,37,17,20
2016-07-12,29,15,14
2016-07-12,28,10,18
2016-07-12,59,20,39
2016-07-12,114,24,90
2016-07-12,204,36,168
2016-07-12,152,19,133
2016-07-12,58,12,46
2016-07-12,38,11,27
2016-07-12,24,7,17
2016-07-12,11,5,6
2016-07-12,8,3,5
2016-07-13,3,2,1
2016-07-13,3,1,2
2016-07-13,4,2,2
2016-07-13,5,3,2
2016-07-13,2,2,0
2016-07-13,38,29,9
2016-07-13,86,70,16
2016-07-13,186,161,25
2016-07-13,179,161,18
2016-07-13,83,69,14
2016-07-13,33,26,7
2016-07-13,23,14,9
2016-07-13,39,16,23
2016-07-13,39,19,20
2016-07-13,44,21,23
2016-07-13,65,30,35
2016-07-13,129,22,107
2016-07-13,219,35,184
2016-07-13,136,20,116
2016-07-13,71,21,50
2016-07-13,40,15,25
2016-07-13,33,12,21
2016-07-13,19,4,15
2016-07-13,7,3,4
2016-07-14,1,0,1
2016-07-14,1,0,1
2016-07-14,1,1,0
2016-07-14,2,2,0
2016-07-14,3,2,1
2016-07-14,29,24,5
2016-07-14,82,64,18
2016-07-14,157,145,12
2016-07-14,163,151,12
2016-07-14,77,62,15
2016-07-14,43,34,9
2016-07-14,40,31,9
2016-07-14,39,15,24
2016-07-14,44,16,28
2016-07-14,35,17,18
2016-07-14,51,20,31
2016-07-14,108,14,94
2016-07-14,230,36,194
2016-07-14,133,20,113
2016-07-14,83,24,59
2016-07-14,51,22,29
2016-07-14,28,8,20
2016-07-14,19,9,10
2016-07-14,9,0,9
2016-07-15,2,0,2
2016-07-15,4,1,3
2016-07-15,4,2,2
2016-07-15,5,2,3
2016-07-15,9,6,3
2016-07-15,26,21,5
2016-07-15,65,52,13
2016-07-15,125,110,15
2016-07-15,139,125,14
2016-07-15,47,40,7
2016-07-15,20,15,5
2016-07-15,19,9,10
2016-07-15,32,12,20
2016-07-15,37,13,24
2016-07-15,47,17,30
2016-07-15,63,20,43
2016-07-15,105,29,76
2016-07-15,139,21,118
2016-07-15,97,17,80
2016-07-15,35,7,28
2016-07-15,22,5,17
2016-07-15,21,7,14
2016-07-15,13,2,11
2016-07-15,9,2,7
2016-07-16,5,0,5
2016-07-16,7,1,6
2016-07-16,2,1,1
2016-07-16,1,1,0
2016-07-16,8,3,5
2016-07-16,17,15,2
2016-07-16,19,13,6
2016-07-16,17,10,7
2016-07-16,34,21,13
2016-07-16,36,16,20
2016-07-16,44,19,25
2016-07-16,44,24,20
2016-07-16,45,20,25
2016-07-16,42,25,17
2016-07-16,58,13,45
2016-07-16,46,31,15
2016-07-16,59,17,42
2016-07-16,67,34,33
2016-07-16,33,8,25
2016-07-16,15,8,7
2016-07-16,17,9,8
2016-07-16,10,0,10
2016-07-16,13,6,7
2016-07-16,11,5,6
2016-07-17,4,0,4
2016-07-17,1,1,0
2016-07-17,3,2,1
2016-07-17,3,0,3
2016-07-17,1,0,1
2016-07-17,5,4,1
2016-07-17,9,7,2
2016-07-17,10,8,2
2016-07-17,33,19,14
2016-07-17,39,19,20
2016-07-17,52,22,30
2016-07-17,54,21,33
2016-07-17,73,33,40
2016-07-17,69,39,30
2016-07-17,84,50,34
2016-07-17,64,26,38
2016-07-17,54,21,33
2016-07-17,43,19,24
2016-07-17,23,5,18
2016-07-17,22,17,5
2016-07-17,27,8,19
2016-07-17,12,7,5
2016-07-17,7,5,2
2016-07-17,7,2,5
2016-07-18,3,1,2
2016-07-18,0,0,0
2016-07-18,3,2,1
2016-07-18,2,0,2
2016-07-18,10,8,2
2016-07-18,29,23,6
2016-07-18,80,65,15
2016-07-18,146,136,10
2016-07-18,134,118,16
2016-07-18,71,62,9
2016-07-18,35,27,8
2016-07-18,25,11,14
2016-07-18,23,6,17
2016-07-18,29,14,15
2016-07-18,30,17,13
2016-07-18,39,8,31
2016-07-18,104,15,89
2016-07-18,197,22,175
2016-07-18,116,10,106
2016-07-18,32,10,22
2016-07-18,26,6,20
2016-07-18,9,1,8
2016-07-18,16,5,11
2016-07-18,4,3,1
2016-07-19,3,1,2
2016-07-19,1,0,1
2016-07-19,3,2,1
2016-07-19,4,3,1
2016-07-19,6,5,1
2016-07-19,29,23,6
2016-07-19,90,81,9
2016-07-19,159,141,18
2016-07-19,172,150,22
2016-07-19,66,59,7
2016-07-19,32,20,12
2016-07-19,31,15,16
2016-07-19,33,18,15
2016-07-19,33,19,14
2016-07-19,24,9,15
2016-07-19,68,25,43
2016-07-19,113,32,81
2016-07-19,216,32,184
2016-07-19,153,22,131
2016-07-19,72,14,58
2016-07-19,49,21,28
2016-07-19,33,11,22
2016-07-19,16,3,13
2016-07-19,8,2,6
2016-07-20,4,2,2
2016-07-20,3,1,2
2016-07-20,4,2,2
2016-07-20,5,3,2
2016-07-20,8,5,3
2016-07-20,28,24,4
2016-07-20,79,69,10
2016-07-20,185,169,16
2016-07-20,185,164,21
2016-07-20,80,68,12
2016-07-20,46,38,8
2016-07-20,41,31,10
2016-07-20,39,21,18
2016-07-20,38,17,21
2016-07-20,39,17,22
2016-07-20,62,20,42
2016-07-20,140,31,109
2016-07-20,234,31,203
2016-07-20,158,31,127
2016-07-20,88,24,64
2016-07-20,54,24,30
2016-07-20,38,11,27
2016-07-20,14,5,9
2016-07-20,5,0,5
2016-07-21,2,2,0
2016-07-21,4,1,3
2016-07-21,5,3,2
2016-07-21,2,2,0
2016-07-21,7,6,1
2016-07-21,29,25,4
2016-07-21,80,70,10
2016-07-21,171,159,12
2016-07-21,171,152,19
2016-07-21,68,54,14
2016-07-21,47,24,23
2016-07-21,48,26,22
2016-07-21,53,21,32
2016-07-21,35,24,11
2016-07-21,39,21,18
2016-07-21,69,17,52
2016-07-21,104,25,79
2016-07-21,201,25,176
2016-07-21,142,23,119
2016-07-21,81,28,53
2016-07-21,30,10,20
2016-07-21,22,6,16
2016-07-21,12,5,7
2016-07-21,9,1,8
2016-07-22,2,0,2
2016-07-22,3,0,3
2016-07-22,0,0,0
2016-07-22,4,3,1
2016-07-22,8,4,4
2016-07-22,11,10,1
2016-07-22,22,20,2
2016-07-22,49,44,5
2016-07-22,61,57,4
2016-07-22,27,27,0
2016-07-22,30,16,14
2016-07-22,14,10,4
2016-07-22,24,16,8
2016-07-22,13,8,5
2016-07-22,26,12,14
2016-07-22,46,14,32
2016-07-22,61,17,44
2016-07-22,84,15,69
2016-07-22,50,5,45
2016-07-22,25,5,20
2016-07-22,8,2,6
2016-07-22,9,4,5
2016-07-22,10,7,3
2016-07-22,2,2,0
2016-07-23,3,1,2
2016-07-23,6,0,6
2016-07-23,1,1,0
2016-07-23,0,0,0
2016-07-23,1,1,0
2016-07-23,2,2,0
2016-07-23,12,11,1
2016-07-23,18,10,8
2016-07-23,44,24,20
2016-07-23,47,24,23
2016-07-23,35,16,19
2016-07-23,60,24,36
2016-07-23,70,26,44
2016-07-23,63,32,31
2016-07-23,63,23,40
2016-07-23,81,32,49
2016-07-23,64,32,32
2016-07-23,57,26,31
2016-07-23,46,32,14
2016-07-23,22,8,14
2016-07-23,21,8,13
2016-07-23,32,5,27
2016-07-23,10,7,3
2016-07-23,26,15,11
2016-07-24,3,1,2
2016-07-24,0,0,0
2016-07-24,1,1,0
2016-07-24,3,0,3
2016-07-24,1,0,1
2016-07-24,9,8,1
2016-07-24,11,8,3
2016-07-24,12,8,4
2016-07-24,39,25,14
2016-07-24,45,17,28
2016-07-24,79,36,43
2016-07-24,105,38,67
2016-07-24,100,39,61
2016-07-24,105,57,48
2016-07-24,112,61,51
2016-07-24,109,54,55
2016-07-24,70,33,37
2016-07-24,73,40,33
2016-07-24,39,14,25
2016-07-24,33,17,16
2016-07-24,24,6,18
2016-07-24,17,9,8
2016-07-24,15,12,3
2016-07-24,5,1,4
2016-07-25,1,0,1
2016-07-25,0,0,0
2016-07-25,2,1,1
2016-07-25,6,2,4
2016-07-25,7,6,1
2016-07-25,23,20,3
2016-07-25,89,75,14
2016-07-25,177,163,14
2016-07-25,183,171,12
2016-07-25,56,48,8
2016-07-25,33,24,9
2016-07-25,26,15,11
2016-07-25,38,23,15
2016-07-25,25,14,11
2016-07-25,27,10,17
2016-07-25,51,13,38
2016-07-25,119,22,97
2016-07-25,236,30,206
2016-07-25,138,23,115
2016-07-25,69,18,51
2016-07-25,43,17,26
2016-07-25,17,6,11
2016-07-25,14,7,7
2016-07-25,6,3,3
2016-07-26,1,0,1
2016-07-26,3,0,3
2016-07-26,6,4,2
2016-07-26,2,1,1
2016-07-26,8,6,2
2016-07-26,27,20,7
2016-07-26,99,84,15
2016-07-26,199,178,21
2016-07-26,171,154,17
2016-07-26,72,66,6
2016-07-26,32,20,12
2016-07-26,28,17,11
2016-07-26,23,11,12
2016-07-26,31,12,19
2016-07-26,32,13,19
2016-07-26,55,23,32
2016-07-26,127,28,99
2016-07-26,237,27,210
2016-07-26,154,20,134
2016-07-26,66,14,52
2016-07-26,46,17,29
2016-07-26,30,10,20
2016-07-26,11,3,8
2016-07-26,5,1,4
2016-07-27,1,1,0
2016-07-27,2,0,2
2016-07-27,1,1,0
2016-07-27,4,2,2
2016-07-27,6,5,1
2016-07-27,31,24,7
2016-07-27,78,68,10
2016-07-27,200,176,24
2016-07-27,156,139,17
2016-07-27,76,64,12
2016-07-27,33,24,9
2016-07-27,45,28,17
2016-07-27,34,15,19
2016-07-27,34,20,14
2016-07-27,40,17,23
2016-07-27,44,13,31
2016-07-27,128,26,102
2016-07-27,209,19,190
2016-07-27,146,25,121
2016-07-27,91,31,60
2016-07-27,47,14,33
2016-07-27,16,4,12
2016-07-27,19,7,12
2016-07-27,9,4,5
2016-07-28,2,2,0
2016-07-28,1,1,0
2016-07-28,2,1,1
2016-07-28,8,4,4
2016-07-28,8,7,1
2016-07-28,29,24,5
2016-07-28,81,67,14
2016-07-28,165,152,13
2016-07-28,165,151,14
2016-07-28,66,61,5
2016-07-28,35,20,15
2016-07-28,36,21,15
2016-07-28,40,19,21
2016-07-28,38,21,17
2016-07-28,33,17,16
2016-07-28,58,25,33
2016-07-28,106,18,88
2016-07-28,197,29,168
2016-07-28,139,20,119
2016-07-28,66,13,53
2016-07-28,32,5,27
2016-07-28,22,7,15
2016-07-28,27,12,15
2016-07-28,4,1,3
2016-07-29,6,2,4
2016-07-29,3,1,2
2016-07-29,1,0,1
2016-07-29,1,1,0
2016-07-29,5,5,0
2016-07-29,19,15,4
2016-07-29,62,54,8
2016-07-29,120,106,14
2016-07-29,139,129,10
2016-07-29,57,52,5
2016-07-29,34,27,7
2016-07-29,22,15,7
2016-07-29,45,19,26
2016-07-29,31,10,21
2016-07-29,47,22,25
2016-07-29,53,16,37
2016-07-29,116,24,92
2016-07-29,136,11,125
2016-07-29,99,14,85
2016-07-29,39,12,27
2016-07-29,37,12,25
2016-07-29,13,3,10
2016-07-29,13,9,4
2016-07-29,1,0,1
2016-07-30,3,0,3
2016-07-30,4,3,1
2016-07-30,8,4,4
2016-07-30,1,0,1
2016-07-30,1,1,0
2016-07-30,1,1,0
2016-07-30,18,12,6
2016-07-30,16,6,10
2016-07-30,30,19,11
2016-07-30,52,23,29
2016-07-30,71,31,40
2016-07-30,63,38,25
2016-07-30,54,30,24
2016-07-30,55,42,13
2016-07-30,74,32,42
2016-07-30,55,27,28
2016-07-30,57,21,36
2016-07-30,55,28,27
2016-07-30,47,21,26
2016-07-30,33,19,14
2016-07-30,24,12,12
2016-07-30,15,2,13
2016-07-30,16,10,6
2016-07-30,3,1,2
2016-07-31,7,2,5
2016-07-31,3,3,0
2016-07-31,3,2,1
2016-07-31,1,0,1
2016-07-31,5,2,3
2016-07-31,3,2,1
2016-07-31,12,11,1
2016-07-31,10,8,2
2016-07-31,23,16,7
2016-07-31,32,14,18
2016-07-31,48,23,25
2016-07-31,49,25,24
2016-07-31,80,50,30
2016-07-31,66,26,40
2016-07-31,56,30,26
2016-07-31,73,25,48
2016-07-31,85,37,48
2016-07-31,66,32,34
2016-07-31,31,12,19
2016-07-31,30,14,16
2016-07-31,9,7,2
2016-07-31,11,7,4
2016-07-31,6,2,4
2016-07-31,4,3,1
2016-08-01,3,0,3
2016-08-01,2,1,1
2016-08-01,2,1,1
2016-08-01,3,1,2
2016-08-01,11,10,1
2016-08-01,32,24,8
2016-08-01,70,59,11
2016-08-01,155,144,11
2016-08-01,138,125,13
2016-08-01,73,61,12
2016-08-01,22,16,6
2016-08-01,23,11,12
2016-08-01,25,9,16
2016-08-01,19,10,9
2016-08-01,29,15,14
2016-08-01,45,13,32
2016-08-01,108,20,88
2016-08-01,198,25,173
2016-08-01,131,13,118
2016-08-01,65,13,52
2016-08-01,33,15,18
2016-08-01,24,12,12
2016-08-01,5,3,2
2016-08-01,3,0,3
2016-08-02,2,1,1
2016-08-02,3,1,2
2016-08-02,2,1,1
2016-08-02,3,2,1
2016-08-02,9,8,1
2016-08-02,21,17,4
2016-08-02,63,50,13
2016-08-02,133,117,16
2016-08-02,126,116,10
2016-08-02,62,51,11
2016-08-02,30,19,11
2016-08-02,11,8,3
2016-08-02,21,9,12
2016-08-02,26,14,12
2016-08-02,20,9,11
2016-08-02,37,13,24
2016-08-02,101,22,79
2016-08-02,171,24,147
2016-08-02,109,13,96
2016-08-02,62,9,53
2016-08-02,29,10,19
2016-08-02,16,4,12
2016-08-02,25,18,7
2016-08-02,2,1,1
2016-08-03,3,0,3
2016-08-03,3,2,1
2016-08-03,2,1,1
2016-08-03,6,2,4
2016-08-03,6,5,1
2016-08-03,20,14,6
2016-08-03,91,74,17
2016-08-03,172,155,17
2016-08-03,169,150,19
2016-08-03,61,54,7
2016-08-03,21,16,5
2016-08-03,35,21,14
2016-08-03,23,15,8
2016-08-03,22,11,11
2016-08-03,40,23,17
2016-08-03,56,20,36
2016-08-03,131,28,103
2016-08-03,218,30,188
2016-08-03,132,24,108
2016-08-03,73,11,62
2016-08-03,46,20,26
2016-08-03,35,8,27
2016-08-03,10,5,5
2016-08-03,6,2,4
2016-08-04,5,0,5
2016-08-04,2,1,1
2016-08-04,1,1,0
2016-08-04,1,1,0
2016-08-04,9,9,0
2016-08-04,29,23,6
2016-08-04,82,71,11
2016-08-04,155,140,15
2016-08-04,173,154,19
2016-08-04,75,71,4
2016-08-04,36,28,8
2016-08-04,25,12,13
2016-08-04,39,18,21
2016-08-04,37,20,17
2016-08-04,42,12,30
2016-08-04,59,21,38
2016-08-04,104,22,82
2016-08-04,203,26,177
2016-08-04,139,28,111
2016-08-04,61,15,46
2016-08-04,45,20,25
2016-08-04,27,11,16
2016-08-04,27,13,14
2016-08-04,11,1,10
2016-08-05,5,1,4
2016-08-05,5,1,4
2016-08-05,3,1,2
2016-08-05,0,0,0
2016-08-05,11,8,3
2016-08-05,16,13,3
2016-08-05,72,54,18
2016-08-05,132,117,15
2016-08-05,151,126,25
2016-08-05,52,42,10
2016-08-05,39,26,13
2016-08-05,47,29,18
2016-08-05,42,24,18
2016-08-05,45,26,19
2016-08-05,65,26,39
2016-08-05,68,18,50
2016-08-05,115,24,91
2016-08-05,167,26,141
2016-08-05,91,22,69
2016-08-05,74,23,51
2016-08-05,25,5,20
2016-08-05,18,1,17
2016-08-05,11,5,6
2016-08-05,7,2,5
2016-08-06,6,3,3
2016-08-06,3,1,2
2016-08-06,1,0,1
2016-08-06,3,1,2
2016-08-06,3,3,0
2016-08-06,9,7,2
2016-08-06,13,10,3
2016-08-06,28,18,10
2016-08-06,41,19,22
2016-08-06,43,20,23
2016-08-06,42,19,23
2016-08-06,64,37,27
2016-08-06,59,42,17
2016-08-06,50,29,21
2016-08-06,61,18,43
2016-08-06,66,32,34
2016-08-06,84,61,23
2016-08-06,58,34,24
2016-08-06,47,22,25
2016-08-06,28,16,12
2016-08-06,22,10,12
2016-08-06,29,7,22
2016-08-06,18,5,13
2016-08-06,7,5,2
2016-08-07,15,1,14
2016-08-07,9,3,6
2016-08-07,2,2,0
2016-08-07,2,0,2
2016-08-07,3,0,3
2016-08-07,4,3,1
2016-08-07,12,5,7
2016-08-07,24,19,5
2016-08-07,26,16,10
2016-08-07,54,22,32
2016-08-07,63,30,33
2016-08-07,61,34,27
2016-08-07,40,20,20
2016-08-07,42,20,22
2016-08-07,61,34,27
2016-08-07,36,16,20
2016-08-07,31,15,16
2016-08-07,43,25,18
2016-08-07,27,7,20
2016-08-07,7,2,5
2016-08-07,9,4,5
2016-08-07,11,5,6
2016-08-07,2,0,2
2016-08-07,1,1,0
2016-08-08,7,3,4
2016-08-08,5,2,3
2016-08-08,3,1,2
2016-08-08,3,2,1
2016-08-08,8,5,3
2016-08-08,23,20,3
2016-08-08,63,55,8
2016-08-08,128,115,13
2016-08-08,147,125,22
2016-08-08,41,35,6
2016-08-08,22,14,8
2016-08-08,14,8,6
2016-08-08,24,12,12
2016-08-08,22,13,9
2016-08-08,20,9,11
2016-08-08,43,12,31
2016-08-08,90,25,65
2016-08-08,194,28,166
2016-08-08,115,20,95
2016-08-08,55,15,40
2016-08-08,36,13,23
2016-08-08,11,2,9
2016-08-08,12,1,11
2016-08-08,8,4,4
2016-08-09,2,0,2
2016-08-09,8,4,4
2016-08-09,3,1,2
2016-08-09,4,2,2
2016-08-09,8,6,2
2016-08-09,29,23,6
2016-08-09,81,70,11
2016-08-09,160,146,14
2016-08-09,122,104,18
2016-08-09,97,79,18
2016-08-09,26,19,7
2016-08-09,28,13,15
2016-08-09,17,13,4
2016-08-09,26,8,18
2016-08-09,25,20,5
2016-08-09,59,23,36
2016-08-09,109,18,91
2016-08-09,198,26,172
2016-08-09,108,14,94
2016-08-09,69,16,53
2016-08-09,29,9,20
2016-08-09,15,2,13
2016-08-09,10,4,6
2016-08-09,4,0,4
2016-08-10,5,1,4
2016-08-10,3,1,2
2016-08-10,3,2,1
2016-08-10,2,1,1
2016-08-10,4,3,1
2016-08-10,28,22,6
2016-08-10,83,72,11
2016-08-10,164,153,11
2016-08-10,173,155,18
2016-08-10,75,61,14
2016-08-10,35,29,6
2016-08-10,33,20,13
2016-08-10,28,19,9
2016-08-10,27,12,15
2016-08-10,24,14,10
2016-08-10,49,21,28
2016-08-10,110,32,78
2016-08-10,206,20,186
2016-08-10,124,22,102
2016-08-10,62,16,46
2016-08-10,41,9,32
2016-08-10,18,1,17
2016-08-10,12,3,9
2016-08-10,10,3,7
2016-08-11,5,3,2
2016-08-11,4,1,3
2016-08-11,1,1,0
2016-08-11,2,2,0
2016-08-11,3,3,0
2016-08-11,30,25,5
2016-08-11,78,64,14
2016-08-11,161,140,21
2016-08-11,148,133,15
2016-08-11,69,59,10
2016-08-11,29,22,7
2016-08-11,32,21,11
2016-08-11,27,17,10
2016-08-11,34,22,12
2016-08-11,36,13,23
2016-08-11,52,18,34
2016-08-11,117,32,85
2016-08-11,191,25,166
2016-08-11,135,19,116
2016-08-11,74,13,61
2016-08-11,47,14,33
2016-08-11,15,4,11
2016-08-11,17,8,9
2016-08-11,8,4,4
2016-08-12,11,4,7
2016-08-12,4,1,3
2016-08-12,7,5,2
2016-08-12,4,2,2
2016-08-12,5,4,1
2016-08-12,16,13,3
2016-08-12,74,64,10
2016-08-12,131,113,18
2016-08-12,127,111,16
2016-08-12,40,34,6
2016-08-12,36,24,12
2016-08-12,34,22,12
2016-08-12,26,18,8
2016-08-12,28,11,17
2016-08-12,26,10,16
2016-08-12,52,16,36
2016-08-12,123,27,96
2016-08-12,138,23,115
2016-08-12,67,9,58
2016-08-12,41,12,29
2016-08-12,40,15,25
2016-08-12,24,10,14
2016-08-12,9,5,4
2016-08-12,10,5,5
2016-08-13,9,2,7
2016-08-13,5,1,4
2016-08-13,2,1,1
2016-08-13,1,0,1
2016-08-13,3,3,0
2016-08-13,5,5,0
2016-08-13,15,11,4
2016-08-13,19,10,9
2016-08-13,38,23,15
2016-08-13,51,30,21
2016-08-13,53,30,23
2016-08-13,78,31,47
2016-08-13,65,26,39
2016-08-13,67,33,34
2016-08-13,75,34,41
2016-08-13,62,34,28
2016-08-13,45,16,29
2016-08-13,35,19,16
2016-08-13,30,11,19
2016-08-13,28,18,10
2016-08-13,24,11,13
2016-08-13,9,5,4
2016-08-13,6,2,4
2016-08-13,4,1,3
2016-08-14,3,2,1
2016-08-14,1,0,1
2016-08-14,4,2,2
2016-08-14,1,1,0
2016-08-14,4,0,4
2016-08-14,0,0,0
2016-08-14,12,11,1
2016-08-14,31,17,14
2016-08-14,40,23,17
2016-08-14,57,30,27
2016-08-14,114,78,36
2016-08-14,156,106,50
2016-08-14,113,75,38
2016-08-14,75,40,35
2016-08-14,77,37,40
2016-08-14,81,37,44
2016-08-14,53,30,23
2016-08-14,49,31,18
2016-08-14,48,18,30
2016-08-14,37,15,22
2016-08-14,21,6,15
2016-08-14,15,6,9
2016-08-14,7,5,2
2016-08-14,2,1,1
2016-08-15,0,0,0
2016-08-15,3,1,2
2016-08-15,2,1,1
2016-08-15,2,0,2
2016-08-15,12,11,1
2016-08-15,36,26,10
2016-08-15,78,63,15
2016-08-15,151,137,14
2016-08-15,156,135,21
2016-08-15,58,47,11
2016-08-15,33,29,4
2016-08-15,14,8,6
2016-08-15,26,14,12
2016-08-15,25,10,15
2016-08-15,31,17,14
2016-08-15,42,13,29
2016-08-15,103,24,79
2016-08-15,193,20,173
2016-08-15,147,13,134
2016-08-15,69,26,43
2016-08-15,39,12,27
2016-08-15,23,7,16
2016-08-15,7,1,6
2016-08-15,5,2,3
2016-08-16,5,2,3
2016-08-16,1,0,1
2016-08-16,1,1,0
2016-08-16,3,2,1
2016-08-16,7,6,1
2016-08-16,25,22,3
2016-08-16,75,62,13
2016-08-16,160,137,23
2016-08-16,165,136,29
2016-08-16,71,59,12
2016-08-16,28,23,5
2016-08-16,30,14,16
2016-08-16,25,12,13
2016-08-16,27,16,11
2016-08-16,33,18,15
2016-08-16,60,18,42
2016-08-16,114,26,88
2016-08-16,212,33,179
2016-08-16,167,23,144
2016-08-16,53,11,42
2016-08-16,30,9,21
2016-08-16,21,7,14
2016-08-16,8,1,7
2016-08-16,6,3,3
2016-08-17,1,0,1
2016-08-17,1,0,1
2016-08-17,3,2,1
2016-08-17,3,2,1
2016-08-17,7,7,0
2016-08-17,25,21,4
2016-08-17,82,62,20
2016-08-17,167,148,19
2016-08-17,165,148,17
2016-08-17,73,62,11
2016-08-17,32,22,10
2016-08-17,22,11,11
2016-08-17,25,13,12
2016-08-17,23,7,16
2016-08-17,26,10,16
2016-08-17,38,11,27
2016-08-17,104,26,78
2016-08-17,206,21,185
2016-08-17,151,24,127
2016-08-17,87,24,63
2016-08-17,41,14,27
2016-08-17,15,5,10
2016-08-17,7,2,5
2016-08-17,5,1,4
2016-08-18,4,2,2
2016-08-18,3,2,1
2016-08-18,3,1,2
2016-08-18,3,1,2
2016-08-18,7,6,1
2016-08-18,28,23,5
2016-08-18,61,48,13
2016-08-18,176,155,21
2016-08-18,151,130,21
2016-08-18,61,52,9
2016-08-18,43,25,18
2016-08-18,31,14,17
2016-08-18,27,14,13
2016-08-18,25,13,12
2016-08-18,32,14,18
2016-08-18,56,17,39
2016-08-18,131,36,95
2016-08-18,167,35,132
2016-08-18,137,21,116
2016-08-18,77,21,56
2016-08-18,37,10,27
2016-08-18,24,7,17
2016-08-18,12,2,10
2016-08-18,10,2,8
2016-08-19,2,0,2
2016-08-19,1,1,0
2016-08-19,2,1,1
2016-08-19,3,2,1
2016-08-19,7,6,1
2016-08-19,15,10,5
2016-08-19,50,40,10
2016-08-19,114,98,16
2016-08-19,113,99,14
2016-08-19,46,34,12
2016-08-19,27,18,9
2016-08-19,28,19,9
2016-08-19,16,6,10
2016-08-19,21,12,9
2016-08-19,37,21,16
2016-08-19,49,19,30
2016-08-19,87,12,75
2016-08-19,114,9,105
2016-08-19,74,11,63
2016-08-19,44,13,31
2016-08-19,23,7,16
2016-08-19,29,8,21
2016-08-19,8,4,4
2016-08-19,7,3,4
2016-08-20,4,0,4
2016-08-20,1,0,1
2016-08-20,3,0,3
2016-08-20,0,0,0
2016-08-20,2,1,1
2016-08-20,4,2,2
2016-08-20,12,9,3
2016-08-20,26,12,14
2016-08-20,26,9,17
2016-08-20,46,13,33
2016-08-20,64,36,28
2016-08-20,110,23,87
2016-08-20,77,45,32
2016-08-20,46,20,26
2016-08-20,61,21,40
2016-08-20,52,25,27
2016-08-20,49,26,23
2016-08-20,35,17,18
2016-08-20,26,17,9
2016-08-20,22,10,12
2016-08-20,22,10,12
2016-08-20,16,9,7
2016-08-20,10,4,6
2016-08-20,1,0,1
2016-08-21,7,4,3
2016-08-21,4,2,2
2016-08-21,2,2,0
2016-08-21,1,0,1
2016-08-21,2,0,2
2016-08-21,2,1,1
2016-08-21,5,4,1
2016-08-21,11,11,0
2016-08-21,24,10,14
2016-08-21,31,9,22
2016-08-21,29,15,14
2016-08-21,43,22,21
2016-08-21,59,32,27
2016-08-21,48,21,27
2016-08-21,54,29,25
2016-08-21,54,26,28
2016-08-21,59,31,28
2016-08-21,48,24,24
2016-08-21,41,19,22
2016-08-21,35,21,14
2016-08-21,19,2,17
2016-08-21,22,4,18
2016-08-21,12,1,11
2016-08-21,4,2,2
2016-08-22,3,1,2
2016-08-22,3,1,2
2016-08-22,1,1,0
2016-08-22,2,1,1
2016-08-22,8,7,1
2016-08-22,27,20,7
2016-08-22,71,58,13
2016-08-22,154,138,16
2016-08-22,149,132,17
2016-08-22,59,45,14
2016-08-22,22,17,5
2016-08-22,27,19,8
2016-08-22,20,11,9
2016-08-22,21,7,14
2016-08-22,34,17,17
2016-08-22,47,14,33
2016-08-22,103,19,84
2016-08-22,186,16,170
2016-08-22,145,17,128
2016-08-22,58,12,46
2016-08-22,33,7,26
2016-08-22,24,12,12
2016-08-22,17,10,7
2016-08-22,5,2,3
2016-08-23,3,1,2
2016-08-23,5,2,3
2016-08-23,3,1,2
2016-08-23,6,6,0
2016-08-23,13,8,5
2016-08-23,30,26,4
2016-08-23,85,68,17
2016-08-23,157,145,12
2016-08-23,159,146,13
2016-08-23,69,58,11
2016-08-23,26,17,9
2016-08-23,27,18,9
2016-08-23,23,10,13
2016-08-23,32,10,22
2016-08-23,35,20,15
2016-08-23,53,15,38
2016-08-23,120,26,94
2016-08-23,206,25,181
2016-08-23,142,23,119
2016-08-23,68,16,52
2016-08-23,31,6,25
2016-08-23,21,5,16
2016-08-23,13,3,10
2016-08-23,6,1,5
2016-08-24,4,1,3
2016-08-24,0,0,0
2016-08-24,2,2,0
2016-08-24,2,2,0
2016-08-24,10,7,3
2016-08-24,30,21,9
2016-08-24,78,65,13
2016-08-24,162,141,21
2016-08-24,155,140,15
2016-08-24,78,69,9
2016-08-24,34,26,8
2016-08-24,16,12,4
2016-08-24,30,16,14
2016-08-24,26,8,18
2016-08-24,39,18,21
2016-08-24,72,18,54
2016-08-24,131,19,112
2016-08-24,202,27,175
2016-08-24,131,24,107
2016-08-24,70,9,61
2016-08-24,45,17,28
2016-08-24,29,5,24
2016-08-24,7,4,3
2016-08-24,6,1,5
2016-08-25,1,0,1
2016-08-25,1,0,1
2016-08-25,3,2,1
2016-08-25,2,2,0
2016-08-25,6,5,1
2016-08-25,26,21,5
2016-08-25,81,71,10
2016-08-25,155,142,13
2016-08-25,158,141,17
2016-08-25,59,44,15
2016-08-25,30,23,7
2016-08-25,34,24,10
2016-08-25,33,19,14
2016-08-25,27,15,12
2016-08-25,15,5,10
2016-08-25,52,10,42
2016-08-25,119,26,93
2016-08-25,195,26,169
2016-08-25,147,16,131
2016-08-25,71,18,53
2016-08-25,41,13,28
2016-08-25,26,9,17
2016-08-25,8,1,7
2016-08-25,5,1,4
2016-08-26,2,2,0
2016-08-26,1,1,0
2016-08-26,4,1,3
2016-08-26,5,2,3
2016-08-26,6,4,2
2016-08-26,22,17,5
2016-08-26,62,48,14
2016-08-26,135,119,16
2016-08-26,110,94,16
2016-08-26,59,47,12
2016-08-26,30,14,16
2016-08-26,30,15,15
2016-08-26,22,9,13
2016-08-26,32,11,21
2016-08-26,32,17,15
2016-08-26,45,10,35
2016-08-26,106,17,89
2016-08-26,145,27,118
2016-08-26,82,14,68
2016-08-26,42,12,30
2016-08-26,18,5,13
2016-08-26,13,3,10
2016-08-26,10,4,6
2016-08-26,11,5,6
2016-08-27,5,3,2
2016-08-27,2,0,2
2016-08-27,0,0,0
2016-08-27,2,1,1
2016-08-27,4,4,0
2016-08-27,3,2,1
2016-08-27,12,9,3
2016-08-27,14,6,8
2016-08-27,34,16,18
2016-08-27,40,13,27
2016-08-27,37,21,16
2016-08-27,41,16,25
2016-08-27,38,27,11
2016-08-27,51,28,23
2016-08-27,42,18,24
2016-08-27,53,25,28
2016-08-27,27,14,13
2016-08-27,31,13,18
2016-08-27,41,18,23
2016-08-27,16,9,7
2016-08-27,10,2,8
2016-08-27,11,4,7
2016-08-27,3,1,2
2016-08-27,5,3,2
2016-08-28,6,2,4
2016-08-28,6,2,4
2016-08-28,3,3,0
2016-08-28,0,0,0
2016-08-28,6,3,3
2016-08-28,2,1,1
2016-08-28,4,4,0
2016-08-28,22,15,7
2016-08-28,33,19,14
2016-08-28,39,20,19
2016-08-28,34,19,15
2016-08-28,51,18,33
2016-08-28,59,27,32
2016-08-28,35,21,14
2016-08-28,62,32,30
2016-08-28,44,26,18
2016-08-28,46,21,25
2016-08-28,32,13,19
2016-08-28,21,2,19
2016-08-28,6,5,1
2016-08-28,5,3,2
2016-08-28,7,1,6
2016-08-28,8,5,3
2016-08-28,3,1,2
2016-08-29,1,1,0
2016-08-29,0,0,0
2016-08-29,3,2,1
2016-08-29,1,1,0
2016-08-29,8,6,2
2016-08-29,48,40,8
2016-08-29,61,53,8
2016-08-29,127,116,11
2016-08-29,136,127,9
2016-08-29,51,43,8
2016-08-29,27,23,4
2016-08-29,21,12,9
2016-08-29,32,15,17
2016-08-29,34,14,20
2016-08-29,36,12,24
2016-08-29,48,14,34
2016-08-29,121,28,93
2016-08-29,193,24,169
2016-08-29,130,20,110
2016-08-29,58,13,45
2016-08-29,21,3,18
2016-08-29,17,7,10
2016-08-29,6,1,5
2016-08-29,4,0,4
2016-08-30,4,3,1
2016-08-30,2,0,2
2016-08-30,0,0,0
2016-08-30,3,1,2
2016-08-30,7,7,0
2016-08-30,32,27,5
2016-08-30,76,64,12
2016-08-30,159,135,24
2016-08-30,145,137,8
2016-08-30,43,40,3
2016-08-30,25,19,6
2016-08-30,20,16,4
2016-08-30,12,9,3
2016-08-30,30,10,20
2016-08-30,33,16,17
2016-08-30,47,14,33
2016-08-30,110,22,88
2016-08-30,180,26,154
2016-08-30,130,18,112
2016-08-30,71,19,52
2016-08-30,22,7,15
2016-08-30,18,0,18
2016-08-30,11,6,5
2016-08-30,9,2,7
2016-08-31,3,2,1
2016-08-31,2,1,1
2016-08-31,3,1,2
2016-08-31,3,1,2
2016-08-31,6,6,0
2016-08-31,20,16,4
2016-08-31,56,44,12
2016-08-31,127,110,17
2016-08-31,107,93,14
2016-08-31,55,46,9
2016-08-31,22,19,3
2016-08-31,13,8,5
2016-08-31,12,8,4
2016-08-31,13,4,9
2016-08-31,23,8,15
2016-08-31,31,11,20
2016-08-31,71,15,56
2016-08-31,155,20,135
2016-08-31,87,12,75
2016-08-31,40,6,34
2016-08-31,20,2,18
2016-08-31,17,4,13
2016-08-31,9,3,6
2016-08-31,6,3,3
2016-09-01,3,1,2
2016-09-01,2,0,2
2016-09-01,1,1,0
2016-09-01,1,1,0
2016-09-01,5,4,1
2016-09-01,12,11,1
2016-09-01,58,51,7
2016-09-01,106,89,17
2016-09-01,137,126,11
2016-09-01,50,42,8
2016-09-01,26,20,6
2016-09-01,18,11,7
2016-09-01,20,14,6
2016-09-01,22,11,11
2016-09-01,22,11,11
2016-09-01,40,8,32
2016-09-01,79,11,68
2016-09-01,145,17,128
2016-09-01,89,12,77
2016-09-01,33,7,26
2016-09-01,17,6,11
2016-09-01,23,3,20
2016-09-01,5,2,3
2016-09-01,9,6,3
2016-09-02,8,7,1
2016-09-02,3,1,2
2016-09-02,1,0,1
2016-09-02,0,0,0
2016-09-02,7,7,0
2016-09-02,13,10,3
2016-09-02,45,36,9
2016-09-02,61,51,10
2016-09-02,86,80,6
2016-09-02,25,17,8
2016-09-02,6,5,1
2016-09-02,3,1,2
2016-09-02,9,2,7
2016-09-02,18,9,9
2016-09-02,21,6,15
2016-09-02,31,7,24
2016-09-02,62,18,44
2016-09-02,67,6,61
2016-09-02,48,5,43
2016-09-02,30,9,21
2016-09-02,12,2,10
2016-09-02,4,1,3
2016-09-02,9,1,8
2016-09-02,3,3,0
2016-09-03,3,3,0
2016-09-03,4,3,1
2016-09-03,3,1,2
2016-09-03,2,1,1
2016-09-03,3,3,0
2016-09-03,4,4,0
2016-09-03,5,2,3
2016-09-03,14,9,5
2016-09-03,8,6,2
2016-09-03,11,7,4
2016-09-03,9,2,7
2016-09-03,15,8,7
2016-09-03,27,12,15
2016-09-03,22,10,12
2016-09-03,28,12,16
2016-09-03,37,18,19
2016-09-03,36,12,24
2016-09-03,26,10,16
2016-09-03,24,11,13
2016-09-03,18,11,7
2016-09-03,16,7,9
2016-09-03,9,6,3
2016-09-03,5,2,3
2016-09-03,3,1,2
2016-09-04,5,1,4
2016-09-04,1,1,0
2016-09-04,2,1,1
2016-09-04,1,0,1
2016-09-04,1,0,1
2016-09-04,4,3,1
2016-09-04,7,5,2
2016-09-04,12,8,4
2016-09-04,16,12,4
2016-09-04,38,24,14
2016-09-04,57,19,38
2016-09-04,31,18,13
2016-09-04,69,39,30
2016-09-04,54,19,35
2016-09-04,71,29,42
2016-09-04,71,36,35
2016-09-04,67,38,29
2016-09-04,61,21,40
2016-09-04,34,9,25
2016-09-04,29,19,10
2016-09-04,7,4,3
2016-09-04,3,2,1
2016-09-04,4,1,3
2016-09-04,4,2,2
2016-09-05,2,0,2
2016-09-05,4,3,1
2016-09-05,1,0,1
2016-09-05,0,0,0
2016-09-05,3,3,0
2016-09-05,5,4,1
2016-09-05,6,4,2
2016-09-05,6,6,0
2016-09-05,28,18,10
2016-09-05,36,19,17
2016-09-05,24,16,8
2016-09-05,29,16,13
2016-09-05,58,35,23
2016-09-05,22,10,12
2016-09-05,56,24,32
2016-09-05,51,24,27
2016-09-05,48,24,24
2016-09-05,33,7,26
2016-09-05,22,4,18
2016-09-05,21,8,13
2016-09-05,5,3,2
2016-09-05,9,4,5
2016-09-05,4,2,2
2016-09-05,12,7,5
2016-09-06,5,4,1
2016-09-06,1,1,0
2016-09-06,2,2,0
2016-09-06,1,1,0
2016-09-06,6,5,1
2016-09-06,11,9,2
2016-09-06,39,33,6
2016-09-06,95,87,8
2016-09-06,93,87,6
2016-09-06,48,39,9
2016-09-06,21,18,3
2016-09-06,9,8,1
2016-09-06,10,7,3
2016-09-06,10,5,5
2016-09-06,16,10,6
2016-09-06,26,11,15
2016-09-06,73,14,59
2016-09-06,132,21,111
2016-09-06,78,9,69
2016-09-06,41,13,28
2016-09-06,15,1,14
2016-09-06,13,2,11
2016-09-06,2,1,1
2016-09-06,4,1,3
2016-09-07,2,1,1
2016-09-07,2,1,1
2016-09-07,2,2,0
2016-09-07,1,1,0
2016-09-07,7,5,2
2016-09-07,22,18,4
2016-09-07,67,57,10
2016-09-07,133,120,13
2016-09-07,169,150,19
2016-09-07,59,51,8
2016-09-07,30,26,4
2016-09-07,27,17,10
2016-09-07,19,10,9
2016-09-07,28,16,12
2016-09-07,30,15,15
2016-09-07,34,4,30
2016-09-07,83,13,70
2016-09-07,154,18,136
2016-09-07,106,9,97
2016-09-07,32,2,30
2016-09-07,15,1,14
2016-09-07,16,3,13
2016-09-07,2,1,1
2016-09-07,4,0,4
2016-09-08,2,1,1
2016-09-08,2,1,1
2016-09-08,2,1,1
2016-09-08,2,1,1
2016-09-08,3,3,0
2016-09-08,23,21,2
2016-09-08,67,57,10
2016-09-08,124,109,15
2016-09-08,122,108,14
2016-09-08,47,40,7
2016-09-08,28,25,3
2016-09-08,15,12,3
2016-09-08,26,10,16
2016-09-08,25,18,7
2016-09-08,11,5,6
2016-09-08,43,13,30
2016-09-08,96,21,75
2016-09-08,167,27,140
2016-09-08,103,16,87
2016-09-08,49,12,37
2016-09-08,19,8,11
2016-09-08,18,1,17
2016-09-08,12,3,9
2016-09-08,7,1,6
2016-09-09,3,1,2
2016-09-09,0,0,0
2016-09-09,2,1,1
2016-09-09,0,0,0
2016-09-09,4,3,1
2016-09-09,15,12,3
2016-09-09,64,55,9
2016-09-09,121,110,11
2016-09-09,111,98,13
2016-09-09,55,47,8
2016-09-09,41,29,12
2016-09-09,22,11,11
2016-09-09,32,14,18
2016-09-09,34,17,17
2016-09-09,42,14,28
2016-09-09,60,21,39
2016-09-09,110,20,90
2016-09-09,150,25,125
2016-09-09,90,10,80
2016-09-09,38,10,28
2016-09-09,14,4,10
2016-09-09,14,7,7
2016-09-09,12,8,4
2016-09-09,6,2,4
2016-09-10,3,2,1
2016-09-10,2,0,2
2016-09-10,2,1,1
2016-09-10,0,0,0
2016-09-10,3,3,0
2016-09-10,5,4,1
2016-09-10,10,7,3
2016-09-10,30,22,8
2016-09-10,24,16,8
2016-09-10,34,19,15
2016-09-10,36,15,21
2016-09-10,49,22,27
2016-09-10,59,23,36
2016-09-10,63,27,36
2016-09-10,60,32,28
2016-09-10,69,38,31
2016-09-10,96,49,47
2016-09-10,47,20,27
2016-09-10,41,22,19
2016-09-10,21,14,7
2016-09-10,10,5,5
2016-09-10,11,4,7
2016-09-10,8,2,6
2016-09-10,6,1,5
2016-09-11,4,2,2
2016-09-11,0,0,0
2016-09-11,0,0,0
2016-09-11,0,0,0
2016-09-11,2,1,1
2016-09-11,2,2,0
2016-09-11,2,2,0
2016-09-11,10,4,6
2016-09-11,18,13,5
2016-09-11,31,21,10
2016-09-11,33,11,22
2016-09-11,40,21,19
2016-09-11,32,11,21
2016-09-11,37,18,19
2016-09-11,36,20,16
2016-09-11,45,23,22
2016-09-11,45,16,29
2016-09-11,33,14,19
2016-09-11,23,11,12
2016-09-11,17,9,8
2016-09-11,10,5,5
2016-09-11,2,2,0
2016-09-11,6,3,3
2016-09-11,4,2,2
2016-09-12,2,1,1
2016-09-12,0,0,0
2016-09-12,1,1,0
2016-09-12,2,2,0
2016-09-12,11,10,1
2016-09-12,23,19,4
2016-09-12,92,82,10
2016-09-12,155,143,12
2016-09-12,169,154,15
2016-09-12,52,46,6
2016-09-12,22,19,3
2016-09-12,19,13,6
2016-09-12,26,11,15
2016-09-12,26,13,13
2016-09-12,25,9,16
2016-09-12,51,19,32
2016-09-12,112,24,88
2016-09-12,226,33,193
2016-09-12,133,16,117
2016-09-12,51,7,44
2016-09-12,23,3,20
2016-09-12,21,13,8
2016-09-12,6,3,3
2016-09-12,4,3,1
2016-09-13,3,1,2
2016-09-13,2,1,1
2016-09-13,0,0,0
2016-09-13,4,2,2
2016-09-13,5,4,1
2016-09-13,27,21,6
2016-09-13,81,69,12
2016-09-13,169,158,11
2016-09-13,190,170,20
2016-09-13,59,51,8
2016-09-13,34,21,13
2016-09-13,20,12,8
2016-09-13,23,12,11
2016-09-13,26,16,10
2016-09-13,35,10,25
2016-09-13,55,23,32
2016-09-13,128,30,98
2016-09-13,239,34,205
2016-09-13,138,20,118
2016-09-13,75,18,57
2016-09-13,21,6,15
2016-09-13,13,3,10
2016-09-13,7,3,4
2016-09-13,4,2,2
2016-09-14,4,0,4
2016-09-14,0,0,0
2016-09-14,4,3,1
2016-09-14,4,2,2
2016-09-14,4,4,0
2016-09-14,31,27,4
2016-09-14,72,66,6
2016-09-14,161,153,8
2016-09-14,170,156,14
2016-09-14,56,50,6
2016-09-14,28,18,10
2016-09-14,23,12,11
2016-09-14,31,15,16
2016-09-14,27,15,12
2016-09-14,40,15,25
2016-09-14,47,14,33
2016-09-14,112,20,92
2016-09-14,200,28,172
2016-09-14,156,25,131
2016-09-14,45,14,31
2016-09-14,31,11,20
2016-09-14,12,2,10
2016-09-14,17,7,10
2016-09-14,8,2,6
2016-09-15,2,1,1
2016-09-15,2,1,1
2016-09-15,2,1,1
2016-09-15,1,1,0
2016-09-15,4,4,0
2016-09-15,25,19,6
2016-09-15,72,65,7
2016-09-15,153,136,17
2016-09-15,165,151,14
2016-09-15,75,65,10
2016-09-15,22,15,7
2016-09-15,27,18,9
2016-09-15,22,11,11
2016-09-15,27,18,9
2016-09-15,38,16,22
2016-09-15,48,12,36
2016-09-15,108,17,91
2016-09-15,176,26,150
2016-09-15,105,9,96
2016-09-15,61,11,50
2016-09-15,17,6,11
2016-09-15,13,2,11
2016-09-15,8,2,6
2016-09-15,9,4,5
2016-09-16,4,1,3
2016-09-16,1,0,1
2016-09-16,3,2,1
2016-09-16,1,1,0
2016-09-16,3,3,0
2016-09-16,20,14,6
2016-09-16,61,53,8
2016-09-16,143,130,13
2016-09-16,114,105,9
2016-09-16,44,37,7
2016-09-16,28,22,6
2016-09-16,25,19,6
2016-09-16,32,17,15
2016-09-16,22,12,10
2016-09-16,49,19,30
2016-09-16,44,17,27
2016-09-16,123,20,103
2016-09-16,142,22,120
2016-09-16,101,16,85
2016-09-16,37,7,30
2016-09-16,16,5,11
2016-09-16,12,3,9
2016-09-16,16,7,9
2016-09-16,13,5,8
2016-09-17,5,3,2
2016-09-17,5,3,2
2016-09-17,3,3,0
2016-09-17,1,0,1
2016-09-17,2,1,1
2016-09-17,4,4,0
2016-09-17,4,4,0
2016-09-17,75,8,67
2016-09-17,99,10,89
2016-09-17,10,5,5
2016-09-17,14,7,7
2016-09-17,9,6,3
2016-09-17,25,18,7
2016-09-17,12,5,7
2016-09-17,20,9,11
2016-09-17,22,6,16
2016-09-17,17,7,10
2016-09-17,22,9,13
2016-09-17,15,8,7
2016-09-17,12,6,6
2016-09-17,1,0,1
2016-09-17,5,2,3
2016-09-17,1,0,1
2016-09-17,3,1,2
2016-09-18,4,2,2
2016-09-18,3,1,2
2016-09-18,2,1,1
2016-09-18,4,1,3
2016-09-18,1,1,0
2016-09-18,4,4,0
2016-09-18,3,2,1
2016-09-18,7,6,1
2016-09-18,24,15,9
2016-09-18,33,13,20
2016-09-18,34,15,19
2016-09-18,44,23,21
2016-09-18,49,27,22
2016-09-18,35,23,12
2016-09-18,61,24,37
2016-09-18,55,28,27
2016-09-18,37,15,22
2016-09-18,29,12,17
2016-09-18,11,4,7
2016-09-18,19,10,9
2016-09-18,9,4,5
2016-09-18,9,3,6
2016-09-18,3,0,3
2016-09-18,2,2,0
2016-09-19,1,1,0
2016-09-19,6,2,4
2016-09-19,0,0,0
2016-09-19,2,2,0
2016-09-19,4,3,1
2016-09-19,19,18,1
2016-09-19,49,41,8
2016-09-19,105,98,7
2016-09-19,109,102,7
2016-09-19,60,51,9
2016-09-19,18,16,2
2016-09-19,14,9,5
2016-09-19,18,13,5
2016-09-19,16,8,8
2016-09-19,16,4,12
2016-09-19,34,7,27
2016-09-19,76,11,65
2016-09-19,117,8,109
2016-09-19,98,18,80
2016-09-19,41,13,28
2016-09-19,16,5,11
2016-09-19,17,3,14
2016-09-19,10,4,6
2016-09-19,7,2,5
2016-09-20,2,1,1
2016-09-20,1,0,1
2016-09-20,0,0,0
2016-09-20,4,1,3
2016-09-20,10,10,0
2016-09-20,26,23,3
2016-09-20,66,58,8
2016-09-20,164,152,12
2016-09-20,162,149,13
2016-09-20,55,51,4
2016-09-20,22,17,5
2016-09-20,23,14,9
2016-09-20,19,10,9
2016-09-20,26,12,14
2016-09-20,27,14,13
2016-09-20,48,12,36
2016-09-20,97,15,82
2016-09-20,188,20,168
2016-09-20,125,26,99
2016-09-20,53,13,40
2016-09-20,22,5,17
2016-09-20,8,2,6
2016-09-20,10,4,6
2016-09-20,3,0,3
2016-09-21,0,0,0
2016-09-21,1,0,1
2016-09-21,2,2,0
2016-09-21,4,2,2
2016-09-21,6,6,0
2016-09-21,25,22,3
2016-09-21,78,66,12
2016-09-21,157,149,8
2016-09-21,173,151,22
2016-09-21,73,62,11
2016-09-21,24,18,6
2016-09-21,36,20,16
2016-09-21,27,11,16
2016-09-21,28,18,10
2016-09-21,45,24,21
2016-09-21,51,17,34
2016-09-21,121,16,105
2016-09-21,187,33,154
2016-09-21,139,28,111
2016-09-21,45,7,38
2016-09-21,26,10,16
2016-09-21,16,0,16
2016-09-21,13,3,10
2016-09-21,6,3,3
2016-09-22,5,0,5
2016-09-22,5,3,2
2016-09-22,2,1,1
2016-09-22,4,2,2
2016-09-22,8,8,0
2016-09-22,22,15,7
2016-09-22,76,61,15
2016-09-22,150,141,9
2016-09-22,162,149,13
2016-09-22,55,49,6
2016-09-22,35,23,12
2016-09-22,17,9,8
2016-09-22,30,12,18
2016-09-22,19,15,4
2016-09-22,34,16,18
2016-09-22,52,13,39
2016-09-22,105,22,83
2016-09-22,178,21,157
2016-09-22,137,23,114
2016-09-22,42,10,32
2016-09-22,18,5,13
2016-09-22,16,4,12
2016-09-22,7,3,4
2016-09-22,1,0,1
2016-09-23,2,1,1
2016-09-23,3,1,2
2016-09-23,1,1,0
2016-09-23,2,1,1
2016-09-23,3,3,0
2016-09-23,14,12,2
2016-09-23,49,39,10
2016-09-23,95,83,12
2016-09-23,106,103,3
2016-09-23,42,38,4
2016-09-23,24,19,5
2016-09-23,5,2,3
2016-09-23,11,4,7
2016-09-23,16,9,7
2016-09-23,26,10,16
2016-09-23,36,10,26
2016-09-23,71,12,59
2016-09-23,95,9,86
2016-09-23,68,7,61
2016-09-23,25,6,19
2016-09-23,10,1,9
2016-09-23,5,1,4
2016-09-23,8,2,6
2016-09-23,9,1,8
2016-09-24,0,0,0
2016-09-24,2,1,1
2016-09-24,2,1,1
2016-09-24,3,1,2
2016-09-24,2,1,1
2016-09-24,7,6,1
2016-09-24,7,5,2
2016-09-24,10,8,2
2016-09-24,23,13,10
2016-09-24,20,12,8
2016-09-24,24,11,13
2016-09-24,30,15,15
2016-09-24,40,19,21
2016-09-24,45,20,25
2016-09-24,34,13,21
2016-09-24,49,23,26
2016-09-24,38,19,19
2016-09-24,25,8,17
2016-09-24,18,7,11
2016-09-24,25,15,10
2016-09-24,3,0,3
2016-09-24,11,5,6
2016-09-24,6,1,5
2016-09-24,3,3,0
2016-09-25,6,3,3
2016-09-25,8,2,6
2016-09-25,0,0,0
2016-09-25,2,2,0
2016-09-25,1,0,1
2016-09-25,6,5,1
2016-09-25,3,3,0
2016-09-25,13,7,6
2016-09-25,22,11,11
2016-09-25,39,22,17
2016-09-25,48,20,28
2016-09-25,63,37,26
2016-09-25,51,28,23
2016-09-25,68,33,35
2016-09-25,51,26,25
2016-09-25,52,29,23
2016-09-25,50,23,27
2016-09-25,52,15,37
2016-09-25,29,15,14
2016-09-25,6,2,4
2016-09-25,7,4,3
2016-09-25,10,5,5
2016-09-25,4,1,3
2016-09-25,2,1,1
2016-09-26,4,3,1
2016-09-26,2,2,0
2016-09-26,4,3,1
2016-09-26,3,2,1
2016-09-26,5,4,1
2016-09-26,24,22,2
2016-09-26,78,67,11
2016-09-26,167,152,15
2016-09-26,146,131,15
2016-09-26,71,59,12
2016-09-26,28,22,6
2016-09-26,20,13,7
2016-09-26,33,10,23
2016-09-26,35,19,16
2016-09-26,37,15,22
2016-09-26,51,17,34
2016-09-26,124,23,101
2016-09-26,227,23,204
2016-09-26,89,7,82
2016-09-26,36,10,26
2016-09-26,18,7,11
2016-09-26,6,1,5
2016-09-26,5,1,4
2016-09-26,6,3,3
2016-09-27,3,1,2
2016-09-27,3,1,2
2016-09-27,0,0,0
2016-09-27,1,1,0
2016-09-27,9,9,0
2016-09-27,24,19,5
2016-09-27,73,56,17
2016-09-27,132,123,9
2016-09-27,146,137,9
2016-09-27,79,72,7
2016-09-27,24,15,9
2016-09-27,19,8,11
2016-09-27,27,15,12
2016-09-27,23,13,10
2016-09-27,23,6,17
2016-09-27,61,18,43
2016-09-27,108,19,89
2016-09-27,186,30,156
2016-09-27,157,28,129
2016-09-27,43,11,32
2016-09-27,20,8,12
2016-09-27,9,0,9
2016-09-27,8,2,6
2016-09-27,7,2,5
2016-09-28,3,0,3
2016-09-28,2,1,1
2016-09-28,0,0,0
2016-09-28,0,0,0
2016-09-28,3,2,1
2016-09-28,24,20,4
2016-09-28,91,73,18
2016-09-28,169,151,18
2016-09-28,151,141,10
2016-09-28,53,45,8
2016-09-28,28,20,8
2016-09-28,28,19,9
2016-09-28,30,16,14
2016-09-28,21,10,11
2016-09-28,23,9,14
2016-09-28,61,17,44
2016-09-28,111,19,92
2016-09-28,176,23,153
2016-09-28,124,23,101
2016-09-28,58,9,49
2016-09-28,34,11,23
2016-09-28,23,6,17
2016-09-28,10,3,7
2016-09-28,4,0,4
2016-09-29,3,1,2
2016-09-29,2,2,0
2016-09-29,1,1,0
2016-09-29,1,0,1
2016-09-29,9,9,0
2016-09-29,21,17,4
2016-09-29,70,64,6
2016-09-29,136,124,12
2016-09-29,142,131,11
2016-09-29,60,55,5
2016-09-29,29,20,9
2016-09-29,17,10,7
2016-09-29,28,16,12
2016-09-29,30,12,18
2016-09-29,41,19,22
2016-09-29,65,31,34
2016-09-29,91,15,76
2016-09-29,172,21,151
2016-09-29,96,14,82
2016-09-29,43,4,39
2016-09-29,22,4,18
2016-09-29,18,7,11
2016-09-29,16,6,10
2016-09-29,9,3,6
2016-09-30,8,0,8
2016-09-30,3,3,0
2016-09-30,4,2,2
2016-09-30,1,1,0
2016-09-30,4,4,0
2016-09-30,9,7,2
2016-09-30,49,42,7
2016-09-30,108,98,10
2016-09-30,132,125,7
2016-09-30,49,44,5
2016-09-30,13,9,4
2016-09-30,31,13,18
2016-09-30,22,11,11
2016-09-30,31,15,16
2016-09-30,39,16,23
2016-09-30,52,18,34
2016-09-30,116,26,90
2016-09-30,139,23,116
2016-09-30,67,9,58
2016-09-30,30,9,21
2016-09-30,12,1,11
2016-09-30,15,4,11
2016-09-30,7,1,6
2016-09-30,3,1,2
2016-10-01,3,0,3
2016-10-01,3,0,3
2016-10-01,1,0,1
2016-10-01,0,0,0
2016-10-01,1,1,0
2016-10-01,6,5,1
2016-10-01,4,4,0
2016-10-01,15,9,6
2016-10-01,17,10,7
2016-10-01,22,11,11
2016-10-01,25,18,7
2016-10-01,36,19,17
2016-10-01,26,11,15
2016-10-01,11,7,4
2016-10-01,17,8,9
2016-10-01,18,7,11
2016-10-01,21,10,11
2016-10-01,16,7,9
2016-10-01,10,5,5
2016-10-01,4,0,4
2016-10-01,5,2,3
2016-10-01,4,2,2
2016-10-01,2,0,2
2016-10-01,3,0,3
2016-10-02,0,0,0
2016-10-02,5,2,3
2016-10-02,3,0,3
2016-10-02,1,1,0
2016-10-02,0,0,0
2016-10-02,4,4,0
2016-10-02,4,2,2
2016-10-02,5,4,1
2016-10-02,9,6,3
2016-10-02,29,18,11
2016-10-02,24,12,12
2016-10-02,42,21,21
2016-10-02,39,19,20
2016-10-02,37,23,14
2016-10-02,53,27,26
2016-10-02,54,23,31
2016-10-02,32,15,17
2016-10-02,66,33,33
2016-10-02,19,11,8
2016-10-02,7,4,3
2016-10-02,10,1,9
2016-10-02,1,0,1
2016-10-02,3,0,3
2016-10-02,3,3,0
2016-10-03,6,1,5
2016-10-03,3,2,1
2016-10-03,4,2,2
2016-10-03,0,0,0
2016-10-03,8,8,0
2016-10-03,12,10,2
2016-10-03,75,64,11
2016-10-03,158,144,14
2016-10-03,133,124,9
2016-10-03,61,53,8
2016-10-03,31,25,6
2016-10-03,21,12,9
2016-10-03,24,12,12
2016-10-03,18,8,10
2016-10-03,24,11,13
2016-10-03,30,4,26
2016-10-03,91,12,79
2016-10-03,183,22,161
2016-10-03,87,12,75
2016-10-03,39,8,31
2016-10-03,12,3,9
2016-10-03,13,3,10
2016-10-03,7,1,6
2016-10-03,1,0,1
2016-10-04,4,2,2
2016-10-04,3,1,2
2016-10-04,2,0,2
2016-10-04,2,1,1
2016-10-04,4,3,1
2016-10-04,12,8,4
2016-10-04,37,31,6
2016-10-04,122,111,11
2016-10-04,105,96,9
2016-10-04,42,39,3
2016-10-04,19,15,4
2016-10-04,10,6,4
2016-10-04,9,2,7
2016-10-04,12,8,4
2016-10-04,8,2,6
2016-10-04,32,8,24
2016-10-04,66,12,54
2016-10-04,143,17,126
2016-10-04,76,7,69
2016-10-04,31,4,27
2016-10-04,14,1,13
2016-10-04,12,1,11
2016-10-04,1,0,1
2016-10-04,6,3,3
2016-10-05,1,1,0
2016-10-05,1,0,1
2016-10-05,3,2,1
2016-10-05,3,2,1
2016-10-05,2,2,0
2016-10-05,16,13,3
2016-10-05,59,52,7
2016-10-05,119,111,8
2016-10-05,120,108,12
2016-10-05,42,38,4
2016-10-05,19,13,6
2016-10-05,9,6,3
2016-10-05,18,10,8
2016-10-05,15,11,4
2016-10-05,17,10,7
2016-10-05,40,7,33
2016-10-05,68,17,51
2016-10-05,163,18,145
2016-10-05,83,14,69
2016-10-05,28,6,22
2016-10-05,16,4,12
2016-10-05,16,2,14
2016-10-05,7,2,5
2016-10-05,3,1,2
2016-10-06,5,1,4
2016-10-06,1,1,0
2016-10-06,1,1,0
2016-10-06,3,2,1
2016-10-06,6,5,1
2016-10-06,16,13,3
2016-10-06,54,47,7
2016-10-06,135,120,15
2016-10-06,105,101,4
2016-10-06,50,46,4
2016-10-06,18,12,6
2016-10-06,20,17,3
2016-10-06,15,8,7
2016-10-06,17,10,7
2016-10-06,19,11,8
2016-10-06,34,5,29
2016-10-06,89,14,75
2016-10-06,144,23,121
2016-10-06,60,4,56
2016-10-06,24,2,22
2016-10-06,12,3,9
2016-10-06,9,2,7
2016-10-06,4,1,3
2016-10-06,1,0,1
2016-10-07,2,0,2
2016-10-07,0,0,0
2016-10-07,1,1,0
2016-10-07,1,1,0
2016-10-07,0,0,0
2016-10-07,8,7,1
2016-10-07,37,32,5
2016-10-07,83,72,11
2016-10-07,85,79,6
2016-10-07,34,27,7
2016-10-07,14,11,3
2016-10-07,12,8,4
2016-10-07,14,8,6
2016-10-07,12,5,7
2016-10-07,20,10,10
2016-10-07,27,11,16
2016-10-07,68,15,53
2016-10-07,95,13,82
2016-10-07,60,8,52
2016-10-07,35,8,27
2016-10-07,12,2,10
2016-10-07,5,2,3
2016-10-07,3,1,2
2016-10-07,7,5,2
2016-10-08,1,0,1
2016-10-08,0,0,0
2016-10-08,4,1,3
2016-10-08,5,0,5
2016-10-08,3,2,1
2016-10-08,4,3,1
2016-10-08,5,5,0
2016-10-08,6,4,2
2016-10-08,5,4,1
2016-10-08,8,5,3
2016-10-08,14,6,8
2016-10-08,16,10,6
2016-10-08,24,11,13
2016-10-08,11,5,6
2016-10-08,9,3,6
2016-10-08,15,6,9
2016-10-08,8,1,7
2016-10-08,7,1,6
2016-10-08,6,3,3
2016-10-08,0,0,0
2016-10-08,1,0,1
2016-10-08,10,1,9
2016-10-08,5,1,4
2016-10-08,2,0,2
2016-10-09,1,0,1
2016-10-09,3,2,1
2016-10-09,2,1,1
2016-10-09,2,1,1
2016-10-09,1,0,1
2016-10-09,2,2,0
2016-10-09,2,0,2
2016-10-09,6,3,3
2016-10-09,20,14,6
2016-10-09,18,8,10
2016-10-09,29,11,18
2016-10-09,28,15,13
2016-10-09,26,17,9
2016-10-09,18,6,12
2016-10-09,32,16,16
2016-10-09,27,14,13
2016-10-09,20,7,13
2016-10-09,20,6,14
2016-10-09,1,0,1
2016-10-09,0,0,0
2016-10-09,1,1,0
2016-10-09,6,3,3
2016-10-09,2,1,1
2016-10-09,1,0,1
2016-10-10,0,0,0
2016-10-10,0,0,0
2016-10-10,3,1,2
2016-10-10,1,0,1
2016-10-10,6,5,1
2016-10-10,12,11,1
2016-10-10,52,44,8
2016-10-10,118,114,4
2016-10-10,133,126,7
2016-10-10,41,40,1
2016-10-10,19,10,9
2016-10-10,18,12,6
2016-10-10,19,8,11
2016-10-10,25,18,7
2016-10-10,17,6,11
2016-10-10,48,12,36
2016-10-10,89,12,77
2016-10-10,145,13,132
2016-10-10,83,9,74
2016-10-10,36,3,33
2016-10-10,13,4,9
2016-10-10,8,1,7
2016-10-10,4,0,4
2016-10-10,1,0,1
2016-10-11,4,1,3
2016-10-11,0,0,0
2016-10-11,0,0,0
2016-10-11,2,2,0
2016-10-11,9,8,1
2016-10-11,24,20,4
2016-10-11,72,67,5
2016-10-11,151,137,14
2016-10-11,155,145,10
2016-10-11,65,60,5
2016-10-11,21,15,6
2016-10-11,24,17,7
2016-10-11,26,17,9
2016-10-11,19,9,10
2016-10-11,30,11,19
2016-10-11,50,8,42
2016-10-11,132,31,101
2016-10-11,182,21,161
2016-10-11,123,17,106
2016-10-11,32,4,28
2016-10-11,14,1,13
2016-10-11,15,3,12
2016-10-11,3,0,3
2016-10-11,3,2,1
2016-10-12,3,2,1
2016-10-12,3,2,1
2016-10-12,2,1,1
2016-10-12,2,2,0
2016-10-12,5,4,1
2016-10-12,18,16,2
2016-10-12,66,60,6
2016-10-12,138,127,11
2016-10-12,138,128,10
2016-10-12,54,50,4
2016-10-12,22,20,2
2016-10-12,22,19,3
2016-10-12,22,7,15
2016-10-12,30,15,15
2016-10-12,31,15,16
2016-10-12,49,12,37
2016-10-12,102,28,74
2016-10-12,164,16,148
2016-10-12,92,11,81
2016-10-12,22,5,17
2016-10-12,19,5,14
2016-10-12,10,2,8
2016-10-12,10,5,5
2016-10-12,7,2,5
2016-10-13,2,0,2
2016-10-13,2,1,1
2016-10-13,1,0,1
2016-10-13,4,3,1
2016-10-13,0,0,0
2016-10-13,7,6,1
2016-10-13,19,18,1
2016-10-13,64,53,11
2016-10-13,63,58,5
2016-10-13,24,22,2
2016-10-13,8,6,2
2016-10-13,3,2,1
2016-10-13,5,3,2
2016-10-13,6,3,3
2016-10-13,11,6,5
2016-10-13,14,2,12
2016-10-13,31,7,24
2016-10-13,61,3,58
2016-10-13,35,2,33
2016-10-13,18,3,15
2016-10-13,1,0,1
2016-10-13,4,1,3
2016-10-13,3,1,2
2016-10-13,1,0,1
2016-10-14,0,0,0
2016-10-14,1,1,0
2016-10-14,0,0,0
2016-10-14,2,1,1
2016-10-14,2,2,0
2016-10-14,5,4,1
2016-10-14,14,12,2
2016-10-14,30,25,5
2016-10-14,32,30,2
2016-10-14,13,11,2
2016-10-14,2,1,1
2016-10-14,2,1,1
2016-10-14,3,3,0
2016-10-14,2,1,1
2016-10-14,5,3,2
2016-10-14,15,4,11
2016-10-14,22,5,17
2016-10-14,33,5,28
2016-10-14,20,5,15
2016-10-14,12,2,10
2016-10-14,3,1,2
2016-10-14,2,0,2
2016-10-14,4,1,3
2016-10-14,2,1,1
2016-10-15,2,0,2
2016-10-15,1,0,1
2016-10-15,0,0,0
2016-10-15,3,1,2
2016-10-15,4,3,1
2016-10-15,1,1,0
2016-10-15,4,3,1
2016-10-15,3,3,0
2016-10-15,2,1,1
2016-10-15,6,4,2
2016-10-15,5,3,2
2016-10-15,2,2,0
2016-10-15,6,3,3
2016-10-15,5,1,4
2016-10-15,5,3,2
2016-10-15,4,2,2
2016-10-15,8,2,6
2016-10-15,6,3,3
2016-10-15,5,1,4
2016-10-15,2,2,0
2016-10-15,0,0,0
2016-10-15,0,0,0
2016-10-15,1,1,0
2016-10-15,0,0,0
2016-10-16,2,1,1
2016-10-16,1,1,0
2016-10-16,0,0,0
2016-10-16,1,0,1
2016-10-16,1,0,1
2016-10-16,5,4,1
2016-10-16,2,1,1
2016-10-16,2,2,0
2016-10-16,7,6,1
2016-10-16,1,1,0
2016-10-16,12,4,8
2016-10-16,8,4,4
2016-10-16,7,5,2
2016-10-16,3,1,2
2016-10-16,9,5,4
2016-10-16,5,4,1
2016-10-16,16,7,9
2016-10-16,7,1,6
2016-10-16,2,1,1
2016-10-16,3,2,1
2016-10-16,2,1,1
2016-10-16,2,0,2
2016-10-16,0,0,0
2016-10-16,0,0,0
2016-10-17,1,0,1
2016-10-17,2,1,1
2016-10-17,7,3,4
2016-10-17,2,0,2
2016-10-17,5,4,1
2016-10-17,12,12,0
2016-10-17,33,30,3
2016-10-17,96,85,11
2016-10-17,98,88,10
2016-10-17,40,37,3
2016-10-17,16,13,3
2016-10-17,7,3,4
2016-10-17,9,4,5
2016-10-17,6,3,3
2016-10-17,10,7,3
2016-10-17,26,7,19
2016-10-17,60,14,46
2016-10-17,121,13,108
2016-10-17,80,7,73
2016-10-17,31,4,27
2016-10-17,12,0,12
2016-10-17,8,0,8
2016-10-17,5,3,2
2016-10-17,1,1,0
2016-10-18,0,0,0
2016-10-18,3,1,2
2016-10-18,0,0,0
2016-10-18,3,2,1
2016-10-18,1,1,0
2016-10-18,11,10,1
2016-10-18,49,44,5
2016-10-18,110,96,14
2016-10-18,106,103,3
2016-10-18,44,38,6
2016-10-18,8,7,1
2016-10-18,12,8,4
2016-10-18,16,8,8
2016-10-18,15,11,4
2016-10-18,17,6,11
2016-10-18,29,13,16
2016-10-18,65,14,51
2016-10-18,148,18,130
2016-10-18,91,13,78
2016-10-18,26,7,19
2016-10-18,12,2,10
2016-10-18,10,0,10
2016-10-18,3,1,2
2016-10-18,5,3,2
2016-10-19,4,2,2
2016-10-19,2,1,1
2016-10-19,7,3,4
2016-10-19,1,0,1
2016-10-19,1,1,0
2016-10-19,21,14,7
2016-10-19,56,50,6
2016-10-19,130,120,10
2016-10-19,146,134,12
2016-10-19,53,45,8
2016-10-19,18,16,2
2016-10-19,19,13,6
2016-10-19,19,5,14
2016-10-19,19,11,8
2016-10-19,24,7,17
2016-10-19,36,13,23
2016-10-19,81,12,69
2016-10-19,163,17,146
2016-10-19,72,12,60
2016-10-19,24,5,19
2016-10-19,17,2,15
2016-10-19,5,2,3
2016-10-19,6,2,4
2016-10-19,2,0,2
2016-10-20,1,0,1
2016-10-20,2,1,1
2016-10-20,2,1,1
2016-10-20,1,1,0
2016-10-20,1,1,0
2016-10-20,6,5,1
2016-10-20,35,32,3
2016-10-20,77,72,5
2016-10-20,75,74,1
2016-10-20,30,28,2
2016-10-20,8,8,0
2016-10-20,5,3,2
2016-10-20,11,4,7
2016-10-20,5,3,2
2016-10-20,9,6,3
2016-10-20,19,3,16
2016-10-20,61,11,50
2016-10-20,88,13,75
2016-10-20,72,11,61
2016-10-20,28,3,25
2016-10-20,10,3,7
2016-10-20,12,5,7
2016-10-20,3,0,3
2016-10-20,1,1,0
2016-10-21,2,0,2
2016-10-21,1,0,1
2016-10-21,3,2,1
2016-10-21,3,1,2
2016-10-21,1,1,0
2016-10-21,15,10,5
2016-10-21,42,34,8
2016-10-21,86,80,6
2016-10-21,101,95,6
2016-10-21,32,30,2
2016-10-21,28,16,12
2016-10-21,16,9,7
2016-10-21,23,13,10
2016-10-21,17,12,5
2016-10-21,17,7,10
2016-10-21,37,14,23
2016-10-21,77,15,62
2016-10-21,93,7,86
2016-10-21,54,1,53
2016-10-21,23,7,16
2016-10-21,9,3,6
2016-10-21,7,0,7
2016-10-21,4,1,3
2016-10-21,2,0,2
2016-10-22,1,0,1
2016-10-22,6,5,1
2016-10-22,1,0,1
2016-10-22,1,0,1
2016-10-22,8,2,6
2016-10-22,2,1,1
2016-10-22,7,7,0
2016-10-22,7,2,5
2016-10-22,20,16,4
2016-10-22,27,10,17
2016-10-22,45,11,34
2016-10-22,70,45,25
2016-10-22,41,19,22
2016-10-22,55,21,34
2016-10-22,55,33,22
2016-10-22,51,32,19
2016-10-22,46,24,22
2016-10-22,38,17,21
2016-10-22,21,15,6
2016-10-22,11,3,8
2016-10-22,3,1,2
2016-10-22,9,3,6
2016-10-22,6,3,3
2016-10-22,6,1,5
2016-10-23,0,0,0
2016-10-23,0,0,0
2016-10-23,0,0,0
2016-10-23,1,0,1
2016-10-23,0,0,0
2016-10-23,4,3,1
2016-10-23,2,2,0
2016-10-23,3,3,0
2016-10-23,25,13,12
2016-10-23,16,9,7
2016-10-23,26,13,13
2016-10-23,23,13,10
2016-10-23,37,22,15
2016-10-23,39,19,20
2016-10-23,35,17,18
2016-10-23,45,18,27
2016-10-23,39,16,23
2016-10-23,8,3,5
2016-10-23,11,7,4
2016-10-23,1,1,0
2016-10-23,6,2,4
2016-10-23,6,1,5
2016-10-23,4,2,2
2016-10-23,2,0,2
2016-10-24,3,3,0
2016-10-24,2,0,2
2016-10-24,3,1,2
2016-10-24,2,0,2
2016-10-24,2,2,0
2016-10-24,25,20,5
2016-10-24,55,48,7
2016-10-24,122,105,17
2016-10-24,108,99,9
2016-10-24,43,37,6
2016-10-24,17,13,4
2016-10-24,11,8,3
2016-10-24,20,12,8
2016-10-24,14,7,7
2016-10-24,15,8,7
2016-10-24,38,11,27
2016-10-24,68,17,51
2016-10-24,128,9,119
2016-10-24,64,3,61
2016-10-24,27,3,24
2016-10-24,17,4,13
2016-10-24,6,2,4
2016-10-24,3,0,3
2016-10-24,4,3,1
2016-10-25,2,0,2
2016-10-25,2,0,2
2016-10-25,0,0,0
2016-10-25,0,0,0
2016-10-25,7,6,1
2016-10-25,21,18,3
2016-10-25,59,52,7
2016-10-25,119,110,9
2016-10-25,107,103,4
2016-10-25,52,44,8
2016-10-25,18,13,5
2016-10-25,9,4,5
2016-10-25,20,13,7
2016-10-25,26,21,5
2016-10-25,28,12,16
2016-10-25,51,21,30
2016-10-25,91,16,75
2016-10-25,142,23,119
2016-10-25,85,6,79
2016-10-25,32,4,28
2016-10-25,16,2,14
2016-10-25,16,3,13
2016-10-25,6,1,5
2016-10-25,2,0,2
2016-10-26,1,1,0
2016-10-26,5,1,4
2016-10-26,2,1,1
2016-10-26,2,1,1
2016-10-26,6,5,1
2016-10-26,20,18,2
2016-10-26,41,34,7
2016-10-26,58,52,6
2016-10-26,70,66,4
2016-10-26,25,21,4
2016-10-26,8,7,1
2016-10-26,5,3,2
2016-10-26,7,3,4
2016-10-26,7,3,4
2016-10-26,9,5,4
2016-10-26,17,3,14
2016-10-26,41,9,32
2016-10-26,77,8,69
2016-10-26,47,2,45
2016-10-26,22,3,19
2016-10-26,11,0,11
2016-10-26,8,0,8
2016-10-26,1,0,1
2016-10-26,0,0,0
2016-10-27,1,1,0
2016-10-27,0,0,0
2016-10-27,1,0,1
2016-10-27,0,0,0
2016-10-27,0,0,0
2016-10-27,18,16,2
2016-10-27,41,38,3
2016-10-27,95,83,12
2016-10-27,100,92,8
2016-10-27,44,41,3
2016-10-27,14,12,2
2016-10-27,16,11,5
2016-10-27,7,5,2
2016-10-27,14,8,6
2016-10-27,15,9,6
2016-10-27,28,7,21
2016-10-27,63,14,49
2016-10-27,115,8,107
2016-10-27,68,8,60
2016-10-27,31,5,26
2016-10-27,10,1,9
2016-10-27,10,0,10
2016-10-27,4,0,4
2016-10-27,2,1,1
2016-10-28,2,1,1
2016-10-28,3,0,3
2016-10-28,1,1,0
2016-10-28,1,1,0
2016-10-28,1,1,0
2016-10-28,17,11,6
2016-10-28,40,37,3
2016-10-28,85,75,10
2016-10-28,104,89,15
2016-10-28,50,43,7
2016-10-28,21,16,5
2016-10-28,20,15,5
2016-10-28,22,8,14
2016-10-28,27,12,15
2016-10-28,41,22,19
2016-10-28,39,10,29
2016-10-28,93,30,63
2016-10-28,102,12,90
2016-10-28,76,11,65
2016-10-28,18,5,13
2016-10-28,13,4,9
2016-10-28,4,0,4
2016-10-28,4,1,3
2016-10-28,5,0,5
2016-10-29,3,0,3
2016-10-29,0,0,0
2016-10-29,1,0,1
2016-10-29,1,0,1
2016-10-29,1,1,0
2016-10-29,6,4,2
2016-10-29,6,4,2
2016-10-29,6,5,1
2016-10-29,13,5,8
2016-10-29,13,6,7
2016-10-29,6,3,3
2016-10-29,8,4,4
2016-10-29,5,2,3
2016-10-29,8,7,1
2016-10-29,11,5,6
2016-10-29,20,8,12
2016-10-29,31,11,20
2016-10-29,19,12,7
2016-10-29,10,6,4
2016-10-29,4,2,2
2016-10-29,4,0,4
2016-10-29,7,1,6
2016-10-29,4,1,3
2016-10-29,1,1,0
2016-10-30,1,0,1
2016-10-30,4,1,3
2016-10-30,1,1,0
2016-10-30,2,1,1
2016-10-30,2,1,1
2016-10-30,6,5,1
2016-10-30,3,2,1
2016-10-30,8,6,2
2016-10-30,27,15,12
2016-10-30,19,12,7
2016-10-30,36,14,22
2016-10-30,34,16,18
2016-10-30,35,16,19
2016-10-30,37,23,14
2016-10-30,19,8,11
2016-10-30,9,4,5
2016-10-30,11,5,6
2016-10-30,3,2,1
2016-10-30,8,4,4
2016-10-30,3,1,2
2016-10-30,5,1,4
2016-10-30,1,0,1
2016-10-30,0,0,0
2016-10-30,1,1,0
2016-10-31,1,0,1
2016-10-31,0,0,0
2016-10-31,0,0,0
2016-10-31,3,0,3
2016-10-31,3,3,0
2016-10-31,15,14,1
2016-10-31,43,38,5
2016-10-31,89,82,7
2016-10-31,85,79,6
2016-10-31,24,23,1
2016-10-31,11,9,2
2016-10-31,2,2,0
2016-10-31,4,3,1
2016-10-31,7,4,3
2016-10-31,7,2,5
2016-10-31,35,5,30
2016-10-31,76,7,69
2016-10-31,101,13,88
2016-10-31,41,2,39
2016-10-31,11,2,9
2016-10-31,2,0,2
2016-10-31,5,0,5
2016-10-31,0,0,0
2016-10-31,2,0,2
2016-11-01,0,0,0
2016-11-01,1,0,1
2016-11-01,0,0,0
2016-11-01,2,1,1
2016-11-01,3,2,1
2016-11-01,16,13,3
2016-11-01,36,32,4
2016-11-01,107,94,13
2016-11-01,94,88,6
2016-11-01,38,37,1
2016-11-01,14,12,2
2016-11-01,9,4,5
2016-11-01,7,3,4
2016-11-01,13,11,2
2016-11-01,15,4,11
2016-11-01,23,3,20
2016-11-01,48,13,35
2016-11-01,117,18,99
2016-11-01,68,3,65
2016-11-01,28,3,25
2016-11-01,9,1,8
2016-11-01,10,3,7
2016-11-01,1,0,1
2016-11-01,4,0,4
2016-11-02,2,0,2
2016-11-02,3,1,2
2016-11-02,2,1,1
2016-11-02,2,1,1
2016-11-02,3,2,1
2016-11-02,17,16,1
2016-11-02,37,35,2
2016-11-02,82,74,8
2016-11-02,90,83,7
2016-11-02,32,30,2
2016-11-02,9,7,2
2016-11-02,3,1,2
2016-11-02,3,2,1
2016-11-02,10,4,6
2016-11-02,14,6,8
2016-11-02,14,0,14
2016-11-02,63,5,58
2016-11-02,98,9,89
2016-11-02,54,6,48
2016-11-02,15,2,13
2016-11-02,14,3,11
2016-11-02,8,2,6
2016-11-02,7,1,6
2016-11-02,2,1,1
2016-11-03,2,1,1
2016-11-03,1,0,1
2016-11-03,1,1,0
2016-11-03,3,1,2
2016-11-03,2,1,1
2016-11-03,13,12,1
2016-11-03,57,49,8
2016-11-03,104,96,8
2016-11-03,144,133,11
2016-11-03,43,39,4
2016-11-03,18,15,3
2016-11-03,20,13,7
2016-11-03,26,16,10
2016-11-03,32,19,13
2016-11-03,38,18,20
2016-11-03,42,14,28
2016-11-03,97,21,76
2016-11-03,150,18,132
2016-11-03,89,12,77
2016-11-03,40,8,32
2016-11-03,48,5,43
2016-11-03,21,4,17
2016-11-03,15,10,5
2016-11-03,5,2,3
2016-11-04,13,12,1
2016-11-04,6,6,0
2016-11-04,8,5,3
2016-11-04,1,1,0
2016-11-04,5,5,0
2016-11-04,17,14,3
2016-11-04,39,30,9
2016-11-04,109,103,6
2016-11-04,111,106,5
2016-11-04,65,59,6
2016-11-04,29,21,8
2016-11-04,34,18,16
2016-11-04,25,11,14
2016-11-04,25,16,9
2016-11-04,45,18,27
2016-11-04,58,22,36
2016-11-04,86,21,65
2016-11-04,141,14,127
2016-11-04,56,9,47
2016-11-04,31,7,24
2016-11-04,17,2,15
2016-11-04,3,0,3
2016-11-04,5,3,2
2016-11-04,6,2,4
2016-11-05,0,0,0
2016-11-05,3,0,3
2016-11-05,2,1,1
2016-11-05,1,0,1
2016-11-05,2,1,1
2016-11-05,5,3,2
2016-11-05,4,4,0
2016-11-05,8,7,1
2016-11-05,3,1,2
2016-11-05,8,3,5
2016-11-05,7,4,3
2016-11-05,6,3,3
2016-11-05,5,3,2
2016-11-05,6,2,4
2016-11-05,5,1,4
2016-11-05,4,1,3
2016-11-05,6,2,4
2016-11-05,11,4,7
2016-11-05,7,3,4
2016-11-05,3,1,2
2016-11-05,4,2,2
2016-11-05,6,2,4
2016-11-05,2,1,1
2016-11-05,8,0,8
2016-11-06,7,2,5
2016-11-06,27,17,10
2016-11-06,1,0,1
2016-11-06,2,1,1
2016-11-06,0,0,0
2016-11-06,2,1,1
2016-11-06,3,2,1
2016-11-06,2,2,0
2016-11-06,7,5,2
2016-11-06,25,15,10
2016-11-06,73,20,53
2016-11-06,82,37,45
2016-11-06,82,59,23
2016-11-06,58,32,26
2016-11-06,42,21,21
2016-11-06,35,17,18
2016-11-06,35,11,24
2016-11-06,17,11,6
2016-11-06,14,3,11
2016-11-06,3,2,1
2016-11-06,4,0,4
2016-11-06,9,3,6
2016-11-06,2,0,2
2016-11-06,2,1,1
2016-11-07,5,2,3
2016-11-07,1,1,0
2016-11-07,2,1,1
2016-11-07,0,0,0
2016-11-07,0,0,0
2016-11-07,15,14,1
2016-11-07,52,46,6
2016-11-07,123,113,10
2016-11-07,116,112,4
2016-11-07,50,43,7
2016-11-07,19,17,2
2016-11-07,12,3,9
2016-11-07,19,11,8
2016-11-07,20,12,8
2016-11-07,21,12,9
2016-11-07,37,15,22
2016-11-07,107,26,81
2016-11-07,148,9,139
2016-11-07,59,6,53
2016-11-07,20,2,18
2016-11-07,19,2,17
2016-11-07,11,2,9
2016-11-07,4,0,4
2016-11-07,4,0,4
2016-11-08,5,2,3
2016-11-08,1,0,1
2016-11-08,1,0,1
2016-11-08,1,0,1
2016-11-08,5,3,2
2016-11-08,27,23,4
2016-11-08,69,60,9
2016-11-08,161,144,17
2016-11-08,149,138,11
2016-11-08,57,51,6
2016-11-08,17,14,3
2016-11-08,35,15,20
2016-11-08,38,20,18
2016-11-08,42,21,21
2016-11-08,52,19,33
2016-11-08,63,21,42
2016-11-08,111,15,96
2016-11-08,186,24,162
2016-11-08,62,6,56
2016-11-08,28,7,21
2016-11-08,11,2,9
2016-11-08,11,3,8
2016-11-08,5,1,4
2016-11-08,6,3,3
2016-11-09,4,1,3
2016-11-09,1,0,1
2016-11-09,3,3,0
2016-11-09,1,1,0
2016-11-09,4,2,2
2016-11-09,19,14,5
2016-11-09,38,33,5
2016-11-09,99,91,8
2016-11-09,115,109,6
2016-11-09,50,42,8
2016-11-09,8,6,2
2016-11-09,12,10,2
2016-11-09,18,11,7
2016-11-09,17,8,9
2016-11-09,25,8,17
2016-11-09,43,15,28
2016-11-09,90,16,74
2016-11-09,125,19,106
2016-11-09,76,7,69
2016-11-09,21,1,20
2016-11-09,15,2,13
2016-11-09,13,3,10
2016-11-09,3,1,2
2016-11-09,1,1,0
2016-11-10,3,0,3
2016-11-10,7,3,4
2016-11-10,2,2,0
2016-11-10,5,4,1
2016-11-10,2,1,1
2016-11-10,13,11,2
2016-11-10,53,42,11
2016-11-10,128,116,12
2016-11-10,130,122,8
2016-11-10,61,52,9
2016-11-10,19,12,7
2016-11-10,35,21,14
2016-11-10,23,13,10
2016-11-10,26,15,11
2016-11-10,37,18,19
2016-11-10,40,16,24
2016-11-10,103,24,79
2016-11-10,128,15,113
2016-11-10,76,7,69
2016-11-10,24,3,21
2016-11-10,20,3,17
2016-11-10,12,3,9
2016-11-10,9,3,6
2016-11-10,2,1,1
2016-11-11,2,0,2
2016-11-11,1,1,0
2016-11-11,4,0,4
2016-11-11,3,2,1
2016-11-11,2,2,0
2016-11-11,12,10,2
2016-11-11,38,34,4
2016-11-11,93,83,10
2016-11-11,88,81,7
2016-11-11,49,43,6
2016-11-11,25,16,9
2016-11-11,44,12,32
2016-11-11,37,15,22
2016-11-11,39,33,6
2016-11-11,25,7,18
2016-11-11,49,15,34
2016-11-11,73,18,55
2016-11-11,87,12,75
2016-11-11,40,4,36
2016-11-11,24,7,17
2016-11-11,15,1,14
2016-11-11,12,3,9
2016-11-11,4,1,3
2016-11-11,0,0,0
2016-11-12,4,2,2
2016-11-12,1,0,1
2016-11-12,3,0,3
2016-11-12,3,0,3
2016-11-12,1,1,0
2016-11-12,5,4,1
2016-11-12,6,4,2
2016-11-12,3,2,1
2016-11-12,11,5,6
2016-11-12,3,3,0
2016-11-12,12,8,4
2016-11-12,5,3,2
2016-11-12,15,9,6
2016-11-12,11,8,3
2016-11-12,14,6,8
2016-11-12,13,6,7
2016-11-12,20,8,12
2016-11-12,11,5,6
2016-11-12,7,3,4
2016-11-12,4,1,3
2016-11-12,4,1,3
2016-11-12,5,1,4
2016-11-12,2,0,2
2016-11-12,2,0,2
2016-11-13,1,1,0
2016-11-13,3,1,2
2016-11-13,3,1,2
2016-11-13,3,2,1
2016-11-13,1,0,1
2016-11-13,5,4,1
2016-11-13,3,3,0
2016-11-13,7,6,1
2016-11-13,6,5,1
2016-11-13,8,3,5
2016-11-13,5,3,2
2016-11-13,8,4,4
2016-11-13,8,2,6
2016-11-13,11,8,3
2016-11-13,8,1,7
2016-11-13,4,1,3
2016-11-13,10,3,7
2016-11-13,6,1,5
2016-11-13,1,1,0
2016-11-13,0,0,0
2016-11-13,0,0,0
2016-11-13,3,2,1
2016-11-13,1,0,1
2016-11-13,3,2,1
2016-11-14,0,0,0
2016-11-14,2,1,1
2016-11-14,0,0,0
2016-11-14,6,0,6
2016-11-14,2,2,0
2016-11-14,20,17,3
2016-11-14,53,47,6
2016-11-14,109,101,8
2016-11-14,124,116,8
2016-11-14,49,42,7
2016-11-14,15,10,5
2016-11-14,9,6,3
2016-11-14,11,6,5
2016-11-14,15,10,5
2016-11-14,21,8,13
2016-11-14,42,14,28
2016-11-14,86,14,72
2016-11-14,142,19,123
2016-11-14,75,5,70
2016-11-14,25,3,22
2016-11-14,10,1,9
2016-11-14,12,4,8
2016-11-14,3,1,2
2016-11-14,3,0,3
2016-11-15,1,0,1
2016-11-15,1,0,1
2016-11-15,0,0,0
2016-11-15,2,2,0
2016-11-15,1,1,0
2016-11-15,12,12,0
2016-11-15,33,31,2
2016-11-15,99,88,11
2016-11-15,105,94,11
2016-11-15,42,41,1
2016-11-15,20,16,4
2016-11-15,21,11,10
2016-11-15,18,8,10
2016-11-15,17,12,5
2016-11-15,16,4,12
2016-11-15,21,4,17
2016-11-15,60,9,51
2016-11-15,99,11,88
2016-11-15,65,10,55
2016-11-15,22,5,17
2016-11-15,8,2,6
2016-11-15,6,1,5
2016-11-15,4,0,4
2016-11-15,3,0,3
2016-11-16,4,1,3
2016-11-16,0,0,0
2016-11-16,0,0,0
2016-11-16,3,1,2
2016-11-16,5,4,1
2016-11-16,19,16,3
2016-11-16,47,41,6
2016-11-16,125,112,13
2016-11-16,125,111,14
2016-11-16,34,27,7
2016-11-16,22,20,2
2016-11-16,19,14,5
2016-11-16,15,6,9
2016-11-16,17,9,8
2016-11-16,17,4,13
2016-11-16,32,9,23
2016-11-16,69,13,56
2016-11-16,120,11,109
2016-11-16,74,11,63
2016-11-16,29,11,18
2016-11-16,13,1,12
2016-11-16,12,2,10
2016-11-16,9,4,5
2016-11-16,5,2,3
2016-11-17,2,0,2
2016-11-17,2,1,1
2016-11-17,1,1,0
2016-11-17,1,1,0
2016-11-17,3,3,0
2016-11-17,14,14,0
2016-11-17,52,47,5
2016-11-17,115,103,12
2016-11-17,119,113,6
2016-11-17,43,39,4
2016-11-17,17,12,5
2016-11-17,17,10,7
2016-11-17,14,5,9
2016-11-17,14,10,4
2016-11-17,27,11,16
2016-11-17,47,19,28
2016-11-17,86,18,68
2016-11-17,125,21,104
2016-11-17,83,17,66
2016-11-17,29,4,25
2016-11-17,14,2,12
2016-11-17,10,2,8
2016-11-17,1,0,1
2016-11-17,2,0,2
2016-11-18,0,0,0
2016-11-18,2,1,1
2016-11-18,2,1,1
2016-11-18,1,0,1
2016-11-18,6,6,0
2016-11-18,17,14,3
2016-11-18,41,37,4
2016-11-18,95,88,7
2016-11-18,108,100,8
2016-11-18,33,27,6
2016-11-18,25,21,4
2016-11-18,16,12,4
2016-11-18,21,9,12
2016-11-18,21,9,12
2016-11-18,36,16,20
2016-11-18,51,17,34
2016-11-18,66,10,56
2016-11-18,95,16,79
2016-11-18,56,8,48
2016-11-18,20,6,14
2016-11-18,8,5,3
2016-11-18,4,0,4
2016-11-18,3,1,2
2016-11-18,2,1,1
2016-11-19,2,1,1
2016-11-19,0,0,0
2016-11-19,2,1,1
2016-11-19,4,0,4
2016-11-19,4,2,2
2016-11-19,9,9,0
2016-11-19,4,4,0
2016-11-19,2,2,0
2016-11-19,11,7,4
2016-11-19,12,7,5
2016-11-19,15,8,7
2016-11-19,13,10,3
2016-11-19,15,7,8
2016-11-19,24,13,11
2016-11-19,26,16,10
2016-11-19,29,16,13
2016-11-19,16,5,11
2016-11-19,16,7,9
2016-11-19,14,5,9
2016-11-19,3,2,1
2016-11-19,4,1,3
2016-11-19,3,1,2
2016-11-19,4,0,4
2016-11-19,2,1,1
2016-11-20,3,1,2
2016-11-20,1,1,0
2016-11-20,3,2,1
2016-11-20,0,0,0
2016-11-20,2,0,2
2016-11-20,5,4,1
2016-11-20,5,2,3
2016-11-20,3,3,0
2016-11-20,9,6,3
2016-11-20,22,10,12
2016-11-20,10,6,4
2016-11-20,7,5,2
2016-11-20,14,11,3
2016-11-20,12,8,4
2016-11-20,13,9,4
2016-11-20,8,4,4
2016-11-20,10,3,7
2016-11-20,7,2,5
2016-11-20,4,0,4
2016-11-20,1,0,1
2016-11-20,4,2,2
2016-11-20,5,1,4
2016-11-20,2,1,1
2016-11-20,1,0,1
2016-11-21,1,1,0
2016-11-21,2,0,2
2016-11-21,3,1,2
2016-11-21,3,2,1
2016-11-21,4,4,0
2016-11-21,16,15,1
2016-11-21,47,41,6
2016-11-21,106,97,9
2016-11-21,109,104,5
2016-11-21,50,47,3
2016-11-21,17,12,5
2016-11-21,21,14,7
2016-11-21,16,9,7
2016-11-21,18,12,6
2016-11-21,30,12,18
2016-11-21,31,7,24
2016-11-21,69,13,56
2016-11-21,119,12,107
2016-11-21,77,11,66
2016-11-21,39,10,29
2016-11-21,13,5,8
2016-11-21,9,1,8
2016-11-21,6,3,3
2016-11-21,2,0,2
2016-11-22,1,0,1
2016-11-22,4,3,1
2016-11-22,4,1,3
2016-11-22,4,3,1
2016-11-22,3,3,0
2016-11-22,18,17,1
2016-11-22,39,30,9
2016-11-22,82,79,3
2016-11-22,95,85,10
2016-11-22,38,34,4
2016-11-22,15,15,0
2016-11-22,7,4,3
2016-11-22,7,3,4
2016-11-22,15,9,6
2016-11-22,17,7,10
2016-11-22,27,8,19
2016-11-22,42,9,33
2016-11-22,84,12,72
2016-11-22,59,4,55
2016-11-22,25,3,22
2016-11-22,14,3,11
2016-11-22,5,1,4
2016-11-22,6,1,5
2016-11-22,1,0,1
2016-11-23,1,0,1
2016-11-23,1,1,0
2016-11-23,2,0,2
2016-11-23,1,1,0
2016-11-23,4,2,2
2016-11-23,13,12,1
2016-11-23,26,23,3
2016-11-23,72,63,9
2016-11-23,68,64,4
2016-11-23,34,29,5
2016-11-23,11,9,2
2016-11-23,11,7,4
2016-11-23,13,7,6
2016-11-23,25,10,15
2016-11-23,24,6,18
2016-11-23,44,12,32
2016-11-23,58,7,51
2016-11-23,56,9,47
2016-11-23,28,5,23
2016-11-23,10,3,7
2016-11-23,7,2,5
2016-11-23,5,0,5
2016-11-23,3,0,3
2016-11-23,0,0,0
2016-11-24,0,0,0
2016-11-24,4,2,2
2016-11-24,0,0,0
2016-11-24,2,1,1
2016-11-24,0,0,0
2016-11-24,3,1,2
2016-11-24,3,3,0
2016-11-24,1,1,0
2016-11-24,0,0,0
2016-11-24,3,2,1
2016-11-24,7,3,4
2016-11-24,2,2,0
2016-11-24,4,2,2
2016-11-24,6,4,2
2016-11-24,2,2,0
2016-11-24,4,0,4
2016-11-24,3,1,2
2016-11-24,0,0,0
2016-11-24,5,2,3
2016-11-24,1,0,1
2016-11-24,1,1,0
2016-11-24,1,0,1
2016-11-24,0,0,0
2016-11-24,2,0,2
2016-11-25,0,0,0
2016-11-25,2,1,1
2016-11-25,1,0,1
2016-11-25,0,0,0
2016-11-25,0,0,0
2016-11-25,5,5,0
2016-11-25,6,6,0
2016-11-25,17,15,2
2016-11-25,12,12,0
2016-11-25,16,10,6
2016-11-25,18,12,6
2016-11-25,24,8,16
2016-11-25,24,8,16
2016-11-25,48,26,22
2016-11-25,31,12,19
2016-11-25,31,14,17
2016-11-25,22,10,12
2016-11-25,18,6,12
2016-11-25,8,2,6
2016-11-25,3,1,2
2016-11-25,6,0,6
2016-11-25,3,0,3
2016-11-25,3,2,1
2016-11-25,3,1,2
2016-11-26,0,0,0
2016-11-26,1,1,0
2016-11-26,1,1,0
2016-11-26,0,0,0
2016-11-26,4,2,2
2016-11-26,6,5,1
2016-11-26,2,2,0
2016-11-26,5,3,2
2016-11-26,4,4,0
2016-11-26,5,1,4
2016-11-26,1,1,0
2016-11-26,5,4,1
2016-11-26,5,3,2
2016-11-26,17,7,10
2016-11-26,6,6,0
2016-11-26,11,7,4
2016-11-26,13,6,7
2016-11-26,5,1,4
2016-11-26,7,3,4
2016-11-26,4,1,3
2016-11-26,2,0,2
2016-11-26,3,0,3
2016-11-26,0,0,0
2016-11-26,1,0,1
2016-11-27,2,1,1
2016-11-27,1,1,0
2016-11-27,1,0,1
2016-11-27,0,0,0
2016-11-27,4,1,3
2016-11-27,4,4,0
2016-11-27,4,3,1
2016-11-27,3,3,0
2016-11-27,4,1,3
2016-11-27,18,6,12
2016-11-27,15,8,7
2016-11-27,23,18,5
2016-11-27,21,7,14
2016-11-27,11,7,4
2016-11-27,7,0,7
2016-11-27,3,1,2
2016-11-27,6,3,3
2016-11-27,3,1,2
2016-11-27,0,0,0
2016-11-27,3,2,1
2016-11-27,1,0,1
2016-11-27,0,0,0
2016-11-27,2,1,1
2016-11-27,0,0,0
2016-11-28,0,0,0
2016-11-28,0,0,0
2016-11-28,0,0,0
2016-11-28,1,0,1
2016-11-28,3,3,0
2016-11-28,17,16,1
2016-11-28,55,51,4
2016-11-28,106,99,7
2016-11-28,121,116,5
2016-11-28,43,41,2
2016-11-28,18,12,6
2016-11-28,14,8,6
2016-11-28,15,7,8
2016-11-28,13,6,7
2016-11-28,18,10,8
2016-11-28,42,12,30
2016-11-28,69,10,59
2016-11-28,125,13,112
2016-11-28,74,9,65
2016-11-28,24,2,22
2016-11-28,19,5,14
2016-11-28,6,0,6
2016-11-28,9,1,8
2016-11-28,3,1,2
2016-11-29,1,0,1
2016-11-29,0,0,0
2016-11-29,0,0,0
2016-11-29,3,2,1
2016-11-29,5,2,3
2016-11-29,27,26,1
2016-11-29,56,48,8
2016-11-29,114,100,14
2016-11-29,119,111,8
2016-11-29,64,61,3
2016-11-29,22,9,13
2016-11-29,11,7,4
2016-11-29,27,21,6
2016-11-29,14,9,5
2016-11-29,19,5,14
2016-11-29,39,8,31
2016-11-29,53,12,41
2016-11-29,119,14,105
2016-11-29,109,12,97
2016-11-29,35,10,25
2016-11-29,12,2,10
2016-11-29,10,5,5
2016-11-29,7,1,6
2016-11-29,6,1,5
2016-11-30,0,0,0
2016-11-30,2,1,1
2016-11-30,2,2,0
2016-11-30,3,1,2
2016-11-30,1,1,0
2016-11-30,14,14,0
2016-11-30,50,46,4
2016-11-30,86,75,11
2016-11-30,95,92,3
2016-11-30,41,36,5
2016-11-30,11,11,0
2016-11-30,8,4,4
2016-11-30,12,5,7
2016-11-30,10,5,5
2016-11-30,16,7,9
2016-11-30,26,3,23
2016-11-30,57,8,49
2016-11-30,92,9,83
2016-11-30,68,8,60
2016-11-30,33,10,23
2016-11-30,7,1,6
2016-11-30,10,0,10
2016-11-30,3,0,3
2016-11-30,2,1,1
2016-12-01,0,0,0
2016-12-01,0,0,0
2016-12-01,0,0,0
2016-12-01,3,3,0
2016-12-01,6,5,1
2016-12-01,17,17,0
2016-12-01,56,50,6
2016-12-01,93,82,11
2016-12-01,123,116,7
2016-12-01,57,52,5
2016-12-01,20,13,7
2016-12-01,14,11,3
2016-12-01,14,6,8
2016-12-01,20,7,13
2016-12-01,19,10,9
2016-12-01,27,9,18
2016-12-01,68,10,58
2016-12-01,110,8,102
2016-12-01,74,11,63
2016-12-01,46,13,33
2016-12-01,15,2,13
2016-12-01,10,1,9
2016-12-01,4,1,3
2016-12-01,5,4,1
2016-12-02,1,1,0
2016-12-02,0,0,0
2016-12-02,1,0,1
2016-12-02,1,1,0
2016-12-02,1,1,0
2016-12-02,7,7,0
2016-12-02,39,36,3
2016-12-02,56,52,4
2016-12-02,68,65,3
2016-12-02,29,28,1
2016-12-02,8,7,1
2016-12-02,7,4,3
2016-12-02,10,7,3
2016-12-02,5,3,2
2016-12-02,14,5,9
2016-12-02,17,2,15
2016-12-02,38,4,34
2016-12-02,66,2,64
2016-12-02,33,4,29
2016-12-02,6,0,6
2016-12-02,5,1,4
2016-12-02,6,1,5
2016-12-02,3,1,2
2016-12-02,2,0,2
2016-12-03,1,0,1
2016-12-03,1,1,0
2016-12-03,0,0,0
2016-12-03,1,1,0
2016-12-03,4,2,2
2016-12-03,3,3,0
2016-12-03,9,9,0
2016-12-03,4,2,2
2016-12-03,14,9,5
2016-12-03,5,3,2
2016-12-03,21,8,13
2016-12-03,19,13,6
2016-12-03,14,9,5
2016-12-03,25,11,14
2016-12-03,16,9,7
2016-12-03,17,9,8
2016-12-03,13,2,11
2016-12-03,12,4,8
2016-12-03,5,1,4
2016-12-03,7,0,7
2016-12-03,3,3,0
2016-12-03,2,0,2
2016-12-03,0,0,0
2016-12-03,1,0,1
2016-12-04,1,1,0
2016-12-04,0,0,0
2016-12-04,0,0,0
2016-12-04,0,0,0
2016-12-04,3,0,3
2016-12-04,3,3,0
2016-12-04,1,1,0
2016-12-04,3,1,2
2016-12-04,11,5,6
2016-12-04,2,1,1
2016-12-04,12,9,3
2016-12-04,20,9,11
2016-12-04,37,23,14
2016-12-04,46,24,22
2016-12-04,39,20,19
2016-12-04,26,14,12
2016-12-04,26,13,13
2016-12-04,13,8,5
2016-12-04,3,2,1
2016-12-04,0,0,0
2016-12-04,2,1,1
2016-12-04,5,1,4
2016-12-04,1,1,0
2016-12-04,1,1,0
2016-12-05,3,1,2
2016-12-05,1,0,1
2016-12-05,0,0,0
2016-12-05,4,3,1
2016-12-05,0,0,0
2016-12-05,12,12,0
2016-12-05,30,26,4
2016-12-05,54,49,5
2016-12-05,59,53,6
2016-12-05,28,23,5
2016-12-05,5,5,0
2016-12-05,5,4,1
2016-12-05,2,2,0
2016-12-05,10,6,4
2016-12-05,13,5,8
2016-12-05,14,0,14
2016-12-05,46,15,31
2016-12-05,68,5,63
2016-12-05,31,3,28
2016-12-05,18,3,15
2016-12-05,8,2,6
2016-12-05,3,1,2
2016-12-05,3,0,3
2016-12-05,0,0,0
2016-12-06,0,0,0
2016-12-06,1,0,1
2016-12-06,0,0,0
2016-12-06,2,1,1
2016-12-06,2,2,0
2016-12-06,12,12,0
2016-12-06,18,15,3
2016-12-06,55,50,5
2016-12-06,92,90,2
2016-12-06,34,30,4
2016-12-06,9,7,2
2016-12-06,13,11,2
2016-12-06,6,1,5
2016-12-06,16,11,5
2016-12-06,11,4,7
2016-12-06,28,9,19
2016-12-06,46,13,33
2016-12-06,68,3,65
2016-12-06,48,6,42
2016-12-06,20,5,15
2016-12-06,9,0,9
2016-12-06,9,1,8
2016-12-06,2,0,2
2016-12-06,2,0,2
2016-12-07,1,0,1
2016-12-07,0,0,0
2016-12-07,5,3,2
2016-12-07,2,1,1
2016-12-07,2,2,0
2016-12-07,13,10,3
2016-12-07,26,24,2
2016-12-07,62,52,10
2016-12-07,75,68,7
2016-12-07,28,23,5
2016-12-07,11,9,2
2016-12-07,15,10,5
2016-12-07,14,9,5
2016-12-07,12,9,3
2016-12-07,13,8,5
2016-12-07,23,7,16
2016-12-07,43,9,34
2016-12-07,67,14,53
2016-12-07,40,4,36
2016-12-07,28,4,24
2016-12-07,8,2,6
2016-12-07,10,2,8
2016-12-07,5,1,4
2016-12-07,1,1,0
2016-12-08,1,0,1
2016-12-08,0,0,0
2016-12-08,1,0,1
2016-12-08,2,1,1
2016-12-08,2,2,0
2016-12-08,10,9,1
2016-12-08,27,23,4
2016-12-08,45,42,3
2016-12-08,63,57,6
2016-12-08,27,24,3
2016-12-08,9,9,0
2016-12-08,8,5,3
2016-12-08,8,3,5
2016-12-08,8,4,4
2016-12-08,17,4,13
2016-12-08,20,9,11
2016-12-08,40,6,34
2016-12-08,62,6,56
2016-12-08,36,3,33
2016-12-08,13,2,11
2016-12-08,5,1,4
2016-12-08,5,0,5
2016-12-08,2,1,1
2016-12-08,1,0,1
2016-12-09,0,0,0
2016-12-09,3,1,2
2016-12-09,0,0,0
2016-12-09,0,0,0
2016-12-09,0,0,0
2016-12-09,6,6,0
2016-12-09,7,6,1
2016-12-09,9,9,0
2016-12-09,17,17,0
2016-12-09,16,14,2
2016-12-09,7,7,0
2016-12-09,2,1,1
2016-12-09,1,1,0
2016-12-09,1,0,1
2016-12-09,2,1,1
2016-12-09,10,2,8
2016-12-09,17,3,14
2016-12-09,16,2,14
2016-12-09,19,2,17
2016-12-09,5,1,4
2016-12-09,0,0,0
2016-12-09,2,0,2
2016-12-09,2,1,1
2016-12-09,0,0,0
2016-12-10,0,0,0
2016-12-10,0,0,0
2016-12-10,0,0,0
2016-12-10,0,0,0
2016-12-10,1,1,0
2016-12-10,1,1,0
2016-12-10,2,2,0
2016-12-10,3,2,1
2016-12-10,9,5,4
2016-12-10,10,6,4
2016-12-10,12,8,4
2016-12-10,5,2,3
2016-12-10,9,4,5
2016-12-10,7,4,3
2016-12-10,5,2,3
2016-12-10,6,2,4
2016-12-10,11,4,7
2016-12-10,3,1,2
2016-12-10,7,4,3
2016-12-10,3,1,2
2016-12-10,0,0,0
2016-12-10,2,1,1
2016-12-10,3,0,3
2016-12-10,1,1,0
2016-12-11,3,2,1
2016-12-11,1,1,0
2016-12-11,0,0,0
2016-12-11,0,0,0
2016-12-11,1,0,1
2016-12-11,3,3,0
2016-12-11,1,1,0
2016-12-11,1,0,1
2016-12-11,2,2,0
2016-12-11,5,1,4
2016-12-11,18,9,9
2016-12-11,8,2,6
2016-12-11,17,12,5
2016-12-11,7,5,2
2016-12-11,9,6,3
2016-12-11,6,3,3
2016-12-11,6,2,4
2016-12-11,5,2,3
2016-12-11,2,1,1
2016-12-11,1,0,1
2016-12-11,5,4,1
2016-12-11,5,2,3
2016-12-11,0,0,0
2016-12-11,1,0,1
2016-12-12,0,0,0
2016-12-12,0,0,0
2016-12-12,1,1,0
2016-12-12,2,1,1
2016-12-12,5,5,0
2016-12-12,14,13,1
2016-12-12,32,32,0
2016-12-12,62,57,5
2016-12-12,92,85,7
2016-12-12,36,30,6
2016-12-12,16,13,3
2016-12-12,10,7,3
2016-12-12,5,3,2
2016-12-12,8,3,5
2016-12-12,14,8,6
2016-12-12,18,2,16
2016-12-12,49,7,42
2016-12-12,90,7,83
2016-12-12,49,4,45
2016-12-12,20,2,18
2016-12-12,8,2,6
2016-12-12,11,0,11
2016-12-12,2,0,2
2016-12-12,6,2,4
2016-12-13,2,1,1
2016-12-13,0,0,0
2016-12-13,1,0,1
2016-12-13,3,2,1
2016-12-13,1,1,0
2016-12-13,16,15,1
2016-12-13,39,37,2
2016-12-13,68,61,7
2016-12-13,104,95,9
2016-12-13,41,35,6
2016-12-13,26,20,6
2016-12-13,12,7,5
2016-12-13,6,5,1
2016-12-13,8,5,3
2016-12-13,15,5,10
2016-12-13,26,10,16
2016-12-13,52,9,43
2016-12-13,97,10,87
2016-12-13,54,7,47
2016-12-13,26,4,22
2016-12-13,7,1,6
2016-12-13,10,2,8
2016-12-13,2,1,1
2016-12-13,4,1,3
2016-12-14,0,0,0
2016-12-14,2,1,1
2016-12-14,2,0,2
2016-12-14,2,1,1
2016-12-14,2,1,1
2016-12-14,9,9,0
2016-12-14,33,29,4
2016-12-14,55,51,4
2016-12-14,59,51,8
2016-12-14,46,41,5
2016-12-14,12,9,3
2016-12-14,10,9,1
2016-12-14,9,7,2
2016-12-14,10,4,6
2016-12-14,10,5,5
2016-12-14,16,5,11
2016-12-14,38,8,30
2016-12-14,82,10,72
2016-12-14,46,4,42
2016-12-14,17,6,11
2016-12-14,14,1,13
2016-12-14,3,0,3
2016-12-14,4,1,3
2016-12-14,6,3,3
2016-12-15,0,0,0
2016-12-15,2,1,1
2016-12-15,1,1,0
2016-12-15,1,1,0
2016-12-15,1,1,0
2016-12-15,7,6,1
2016-12-15,27,25,2
2016-12-15,54,48,6
2016-12-15,82,78,4
2016-12-15,37,34,3
2016-12-15,11,10,1
2016-12-15,7,6,1
2016-12-15,16,10,6
2016-12-15,11,5,6
2016-12-15,14,6,8
2016-12-15,30,10,20
2016-12-15,43,8,35
2016-12-15,79,12,67
2016-12-15,62,12,50
2016-12-15,19,7,12
2016-12-15,4,0,4
2016-12-15,15,2,13
2016-12-15,3,2,1
2016-12-15,2,0,2
2016-12-16,1,0,1
2016-12-16,1,0,1
2016-12-16,2,1,1
2016-12-16,1,1,0
2016-12-16,1,1,0
2016-12-16,7,6,1
2016-12-16,14,14,0
2016-12-16,46,42,4
2016-12-16,57,54,3
2016-12-16,25,22,3
2016-12-16,13,7,6
2016-12-16,12,7,5
2016-12-16,11,5,6
2016-12-16,11,5,6
2016-12-16,14,5,9
2016-12-16,20,6,14
2016-12-16,31,5,26
2016-12-16,45,6,39
2016-12-16,34,7,27
2016-12-16,12,3,9
2016-12-16,2,0,2
2016-12-16,1,0,1
2016-12-16,3,1,2
2016-12-16,3,0,3
2016-12-17,0,0,0
2016-12-17,2,1,1
2016-12-17,0,0,0
2016-12-17,0,0,0
2016-12-17,1,1,0
2016-12-17,1,1,0
2016-12-17,3,3,0
2016-12-17,2,2,0
2016-12-17,3,2,1
2016-12-17,12,9,3
2016-12-17,9,3,6
2016-12-17,13,11,2
2016-12-17,10,8,2
2016-12-17,9,5,4
2016-12-17,14,7,7
2016-12-17,8,4,4
2016-12-17,12,3,9
2016-12-17,5,4,1
2016-12-17,10,4,6
2016-12-17,2,1,1
2016-12-17,1,0,1
2016-12-17,2,0,2
2016-12-17,5,2,3
2016-12-17,5,3,2
2016-12-18,3,0,3
2016-12-18,5,3,2
2016-12-18,2,2,0
2016-12-18,1,1,0
2016-12-18,1,0,1
2016-12-18,3,3,0
2016-12-18,3,0,3
2016-12-18,2,1,1
2016-12-18,6,3,3
2016-12-18,5,5,0
2016-12-18,11,7,4
2016-12-18,9,8,1
2016-12-18,5,2,3
2016-12-18,12,6,6
2016-12-18,6,2,4
2016-12-18,18,8,10
2016-12-18,21,10,11
2016-12-18,17,7,10
2016-12-18,4,1,3
2016-12-18,3,2,1
2016-12-18,5,4,1
2016-12-18,3,1,2
2016-12-18,1,0,1
2016-12-18,1,1,0
2016-12-19,2,1,1
2016-12-19,1,0,1
2016-12-19,0,0,0
2016-12-19,1,1,0
2016-12-19,3,2,1
2016-12-19,6,6,0
2016-12-19,24,21,3
2016-12-19,50,45,5
2016-12-19,54,53,1
2016-12-19,27,25,2
2016-12-19,12,11,1
2016-12-19,2,1,1
2016-12-19,7,3,4
2016-12-19,6,4,2
2016-12-19,10,3,7
2016-12-19,15,4,11
2016-12-19,27,5,22
2016-12-19,66,6,60
2016-12-19,38,6,32
2016-12-19,15,2,13
2016-12-19,6,3,3
2016-12-19,4,1,3
2016-12-19,0,0,0
2016-12-19,0,0,0
2016-12-20,3,0,3
2016-12-20,1,1,0
2016-12-20,6,2,4
2016-12-20,2,1,1
2016-12-20,2,2,0
2016-12-20,13,11,2
2016-12-20,30,26,4
2016-12-20,53,45,8
2016-12-20,64,60,4
2016-12-20,25,23,2
2016-12-20,12,8,4
2016-12-20,8,4,4
2016-12-20,10,5,5
2016-12-20,13,6,7
2016-12-20,12,5,7
2016-12-20,21,9,12
2016-12-20,41,7,34
2016-12-20,74,6,68
2016-12-20,43,5,38
2016-12-20,8,1,7
2016-12-20,3,1,2
2016-12-20,5,2,3
2016-12-20,3,2,1
2016-12-20,2,0,2
2016-12-21,0,0,0
2016-12-21,1,0,1
2016-12-21,0,0,0
2016-12-21,6,2,4
2016-12-21,2,1,1
2016-12-21,12,11,1
2016-12-21,37,35,2
2016-12-21,64,57,7
2016-12-21,63,59,4
2016-12-21,40,32,8
2016-12-21,16,14,2
2016-12-21,13,10,3
2016-12-21,9,7,2
2016-12-21,18,8,10
2016-12-21,20,8,12
2016-12-21,23,6,17
2016-12-21,50,7,43
2016-12-21,70,10,60
2016-12-21,49,13,36
2016-12-21,11,4,7
2016-12-21,16,3,13
2016-12-21,7,1,6
2016-12-21,4,1,3
2016-12-21,2,1,1
2016-12-22,2,1,1
2016-12-22,1,0,1
2016-12-22,0,0,0
2016-12-22,0,0,0
2016-12-22,1,1,0
2016-12-22,12,9,3
2016-12-22,27,26,1
2016-12-22,49,42,7
2016-12-22,54,53,1
2016-12-22,27,27,0
2016-12-22,17,15,2
2016-12-22,9,6,3
2016-12-22,5,3,2
2016-12-22,10,7,3
2016-12-22,11,5,6
2016-12-22,20,5,15
2016-12-22,43,7,36
2016-12-22,40,3,37
2016-12-22,30,5,25
2016-12-22,15,4,11
2016-12-22,3,0,3
2016-12-22,5,1,4
2016-12-22,3,1,2
2016-12-22,1,0,1
2016-12-23,1,0,1
2016-12-23,0,0,0
2016-12-23,0,0,0
2016-12-23,1,1,0
2016-12-23,1,1,0
2016-12-23,5,5,0
2016-12-23,12,10,2
2016-12-23,14,12,2
2016-12-23,22,21,1
2016-12-23,6,5,1
2016-12-23,5,4,1
2016-12-23,2,1,1
2016-12-23,3,1,2
2016-12-23,5,1,4
2016-12-23,8,2,6
2016-12-23,9,2,7
2016-12-23,12,2,10
2016-12-23,15,1,14
2016-12-23,3,0,3
2016-12-23,2,0,2
2016-12-23,4,1,3
2016-12-23,1,0,1
2016-12-23,0,0,0
2016-12-23,0,0,0
2016-12-24,2,2,0
2016-12-24,1,1,0
2016-12-24,1,0,1
2016-12-24,0,0,0
2016-12-24,1,1,0
2016-12-24,5,4,1
2016-12-24,1,1,0
2016-12-24,2,2,0
2016-12-24,11,9,2
2016-12-24,10,6,4
2016-12-24,6,3,3
2016-12-24,10,6,4
2016-12-24,15,9,6
2016-12-24,8,3,5
2016-12-24,16,7,9
2016-12-24,12,5,7
2016-12-24,13,6,7
2016-12-24,7,3,4
2016-12-24,11,3,8
2016-12-24,3,3,0
2016-12-24,0,0,0
2016-12-24,2,0,2
2016-12-24,0,0,0
2016-12-24,0,0,0
2016-12-25,1,0,1
2016-12-25,1,1,0
2016-12-25,0,0,0
2016-12-25,1,0,1
2016-12-25,0,0,0
2016-12-25,3,3,0
2016-12-25,0,0,0
2016-12-25,1,1,0
2016-12-25,41,22,19
2016-12-25,10,5,5
2016-12-25,3,3,0
2016-12-25,5,1,4
2016-12-25,26,8,18
2016-12-25,35,25,10
2016-12-25,24,14,10
2016-12-25,19,7,12
2016-12-25,8,6,2
2016-12-25,2,1,1
2016-12-25,0,0,0
2016-12-25,1,1,0
2016-12-25,1,1,0
2016-12-25,3,2,1
2016-12-25,0,0,0
2016-12-25,1,1,0
2016-12-26,0,0,0
2016-12-26,2,2,0
2016-12-26,0,0,0
2016-12-26,0,0,0
2016-12-26,1,0,1
2016-12-26,2,2,0
2016-12-26,3,3,0
2016-12-26,7,5,2
2016-12-26,10,6,4
2016-12-26,12,10,2
2016-12-26,18,13,5
2016-12-26,10,6,4
2016-12-26,8,2,6
2016-12-26,13,6,7
2016-12-26,14,9,5
2016-12-26,13,8,5
2016-12-26,11,2,9
2016-12-26,5,1,4
2016-12-26,5,3,2
2016-12-26,0,0,0
2016-12-26,2,1,1
2016-12-26,3,1,2
2016-12-26,0,0,0
2016-12-26,1,0,1
2016-12-27,1,0,1
2016-12-27,0,0,0
2016-12-27,1,1,0
2016-12-27,1,0,1
2016-12-27,1,1,0
2016-12-27,9,8,1
2016-12-27,11,10,1
2016-12-27,40,37,3
2016-12-27,35,31,4
2016-12-27,24,23,1
2016-12-27,9,6,3
2016-12-27,14,10,4
2016-12-27,7,4,3
2016-12-27,7,4,3
2016-12-27,11,2,9
2016-12-27,12,6,6
2016-12-27,35,8,27
2016-12-27,44,7,37
2016-12-27,27,6,21
2016-12-27,4,0,4
2016-12-27,3,0,3
2016-12-27,6,1,5
2016-12-27,1,0,1
2016-12-27,1,0,1
2016-12-28,0,0,0
2016-12-28,2,1,1
2016-12-28,2,0,2
2016-12-28,0,0,0
2016-12-28,1,0,1
2016-12-28,11,10,1
2016-12-28,30,26,4
2016-12-28,40,37,3
2016-12-28,50,44,6
2016-12-28,34,30,4
2016-12-28,16,9,7
2016-12-28,17,11,6
2016-12-28,15,10,5
2016-12-28,18,10,8
2016-12-28,20,9,11
2016-12-28,24,6,18
2016-12-28,36,11,25
2016-12-28,62,8,54
2016-12-28,25,4,21
2016-12-28,11,3,8
2016-12-28,5,0,5
2016-12-28,5,0,5
2016-12-28,1,0,1
2016-12-28,2,0,2
2016-12-29,0,0,0
2016-12-29,0,0,0
2016-12-29,0,0,0
2016-12-29,2,2,0
2016-12-29,2,1,1
2016-12-29,6,6,0
2016-12-29,25,21,4
2016-12-29,39,34,5
2016-12-29,49,47,2
2016-12-29,30,26,4
2016-12-29,6,5,1
2016-12-29,10,7,3
2016-12-29,6,3,3
2016-12-29,10,3,7
2016-12-29,7,4,3
2016-12-29,14,4,10
2016-12-29,35,5,30
2016-12-29,48,4,44
2016-12-29,27,4,23
2016-12-29,31,4,27
2016-12-29,5,1,4
2016-12-29,5,2,3
2016-12-29,5,4,1
2016-12-29,13,10,3
2016-12-30,12,11,1
2016-12-30,0,0,0
2016-12-30,2,1,1
2016-12-30,1,0,1
2016-12-30,1,1,0
2016-12-30,4,4,0
2016-12-30,9,6,3
2016-12-30,25,21,4
2016-12-30,35,35,0
2016-12-30,19,13,6
2016-12-30,18,15,3
2016-12-30,9,5,4
2016-12-30,18,10,8
2016-12-30,19,15,4
2016-12-30,30,9,21
2016-12-30,34,10,24
2016-12-30,27,6,21
2016-12-30,34,8,26
2016-12-30,10,2,8
2016-12-30,9,3,6
2016-12-30,4,3,1
2016-12-30,2,0,2
2016-12-30,2,1,1
2016-12-30,1,0,1
2016-12-31,0,0,0
2016-12-31,0,0,0
2016-12-31,0,0,0
2016-12-31,1,1,0
2016-12-31,2,1,1
2016-12-31,2,2,0
2016-12-31,3,3,0
2016-12-31,4,3,1
2016-12-31,5,4,1
2016-12-31,4,2,2
2016-12-31,12,8,4
2016-12-31,6,4,2
2016-12-31,17,5,12
2016-12-31,10,5,5
2016-12-31,12,5,7
2016-12-31,6,2,4
2016-12-31,8,4,4
2016-12-31,3,2,1
2016-12-31,1,1,0
2016-12-31,5,2,3
2016-12-31,1,0,1
2016-12-31,2,1,1
2016-12-31,5,4,1
2016-12-31,1,0,1
2017-01-01,2,2,0
2017-01-01,0,0,0
2017-01-01,1,0,1
2017-01-01,3,0,3
2017-01-01,0,0,0
2017-01-01,4,2,2
2017-01-01,1,1,0
2017-01-01,3,2,1
2017-01-01,0,0,0
2017-01-01,1,1,0
2017-01-01,4,0,4
2017-01-01,3,2,1
2017-01-01,4,1,3
2017-01-01,9,6,3
2017-01-01,11,8,3
2017-01-01,12,4,8
2017-01-01,8,4,4
2017-01-01,2,2,0
2017-01-01,4,1,3
2017-01-01,3,2,1
2017-01-01,2,0,2
2017-01-01,3,1,2
2017-01-01,0,0,0
2017-01-01,0,0,0
2017-01-02,0,0,0
2017-01-02,0,0,0
2017-01-02,1,0,1
2017-01-02,0,0,0
2017-01-02,3,1,2
2017-01-02,2,2,0
2017-01-02,1,1,0
2017-01-02,4,3,1
2017-01-02,7,7,0
2017-01-02,7,7,0
2017-01-02,10,6,4
2017-01-02,10,5,5
2017-01-02,8,2,6
2017-01-02,20,14,6
2017-01-02,25,14,11
2017-01-02,13,5,8
2017-01-02,17,9,8
2017-01-02,15,8,7
2017-01-02,5,0,5
2017-01-02,3,1,2
2017-01-02,1,1,0
2017-01-02,0,0,0
2017-01-02,0,0,0
2017-01-02,2,0,2
2017-01-03,1,1,0
2017-01-03,1,0,1
2017-01-03,0,0,0
2017-01-03,2,1,1
2017-01-03,3,2,1
2017-01-03,5,5,0
2017-01-03,30,23,7
2017-01-03,50,45,5
2017-01-03,62,60,2
2017-01-03,24,21,3
2017-01-03,9,6,3
2017-01-03,8,5,3
2017-01-03,5,3,2
2017-01-03,11,4,7
2017-01-03,11,8,3
2017-01-03,8,4,4
2017-01-03,32,7,25
2017-01-03,81,10,71
2017-01-03,54,7,47
2017-01-03,10,3,7
2017-01-03,8,2,6
2017-01-03,2,0,2
2017-01-03,4,0,4
2017-01-03,1,0,1
2017-01-04,1,0,1
2017-01-04,1,0,1
2017-01-04,1,0,1
2017-01-04,1,0,1
2017-01-04,1,1,0
2017-01-04,8,7,1
2017-01-04,33,30,3
2017-01-04,50,43,7
2017-01-04,68,64,4
2017-01-04,37,30,7
2017-01-04,14,11,3
2017-01-04,10,7,3
2017-01-04,10,5,5
2017-01-04,13,11,2
2017-01-04,12,6,6
2017-01-04,19,2,17
2017-01-04,34,10,24
2017-01-04,65,10,55
2017-01-04,45,5,40
2017-01-04,19,3,16
2017-01-04,11,1,10
2017-01-04,5,0,5
2017-01-04,3,0,3
2017-01-04,0,0,0
2017-01-05,0,0,0
2017-01-05,1,1,0
2017-01-05,2,1,1
2017-01-05,0,0,0
2017-01-05,2,1,1
2017-01-05,9,8,1
2017-01-05,25,20,5
2017-01-05,35,33,2
2017-01-05,62,57,5
2017-01-05,31,25,6
2017-01-05,17,13,4
2017-01-05,10,9,1
2017-01-05,7,5,2
2017-01-05,12,6,6
2017-01-05,13,7,6
2017-01-05,20,9,11
2017-01-05,37,9,28
2017-01-05,73,10,63
2017-01-05,47,6,41
2017-01-05,16,4,12
2017-01-05,7,3,4
2017-01-05,6,2,4
2017-01-05,3,0,3
2017-01-05,1,0,1
2017-01-06,0,0,0
2017-01-06,1,1,0
2017-01-06,1,0,1
2017-01-06,0,0,0
2017-01-06,1,1,0
2017-01-06,8,7,1
2017-01-06,21,19,2
2017-01-06,44,37,7
2017-01-06,62,54,8
2017-01-06,26,25,1
2017-01-06,8,7,1
2017-01-06,24,8,16
2017-01-06,19,17,2
2017-01-06,7,3,4
2017-01-06,18,9,9
2017-01-06,16,9,7
2017-01-06,42,6,36
2017-01-06,55,10,45
2017-01-06,36,5,31
2017-01-06,16,1,15
2017-01-06,4,1,3
2017-01-06,7,3,4
2017-01-06,0,0,0
2017-01-06,0,0,0
2017-01-07,4,2,2
2017-01-07,1,1,0
2017-01-07,1,0,1
2017-01-07,0,0,0
2017-01-07,1,1,0
2017-01-07,2,2,0
2017-01-07,5,4,1
2017-01-07,4,4,0
2017-01-07,5,2,3
2017-01-07,6,4,2
2017-01-07,19,12,7
2017-01-07,19,13,6
2017-01-07,28,10,18
2017-01-07,23,12,11
2017-01-07,26,8,18
2017-01-07,19,10,9
2017-01-07,10,5,5
2017-01-07,14,8,6
2017-01-07,5,2,3
2017-01-07,1,1,0
2017-01-07,12,2,10
2017-01-07,4,1,3
2017-01-07,7,6,1
2017-01-07,2,0,2
2017-01-08,0,0,0
2017-01-08,3,1,2
2017-01-08,1,0,1
2017-01-08,0,0,0
2017-01-08,1,0,1
2017-01-08,1,1,0
2017-01-08,1,1,0
2017-01-08,1,0,1
2017-01-08,5,5,0
2017-01-08,1,1,0
2017-01-08,14,3,11
2017-01-08,15,13,2
2017-01-08,5,2,3
2017-01-08,3,1,2
2017-01-08,0,0,0
2017-01-08,1,1,0
2017-01-08,2,0,2
2017-01-08,2,2,0
2017-01-08,3,0,3
2017-01-08,0,0,0
2017-01-08,0,0,0
2017-01-08,1,1,0
2017-01-08,1,0,1
2017-01-08,0,0,0
2017-01-09,1,1,0
2017-01-09,2,2,0
2017-01-09,1,0,1
2017-01-09,1,0,1
2017-01-09,3,3,0
2017-01-09,7,6,1
2017-01-09,30,27,3
2017-01-09,66,61,5
2017-01-09,85,82,3
2017-01-09,31,28,3
2017-01-09,17,14,3
2017-01-09,9,5,4
2017-01-09,14,10,4
2017-01-09,8,6,2
2017-01-09,11,5,6
2017-01-09,16,3,13
2017-01-09,49,9,40
2017-01-09,81,11,70
2017-01-09,53,5,48
2017-01-09,19,3,16
2017-01-09,7,2,5
2017-01-09,4,1,3
2017-01-09,1,0,1
2017-01-09,1,0,1
2017-01-10,1,0,1
2017-01-10,2,1,1
2017-01-10,3,0,3
2017-01-10,0,0,0
2017-01-10,2,1,1
2017-01-10,12,12,0
2017-01-10,26,25,1
2017-01-10,59,51,8
2017-01-10,65,56,9
2017-01-10,27,23,4
2017-01-10,13,11,2
2017-01-10,6,4,2
2017-01-10,6,2,4
2017-01-10,7,3,4
2017-01-10,8,5,3
2017-01-10,11,1,10
2017-01-10,43,7,36
2017-01-10,70,9,61
2017-01-10,54,6,48
2017-01-10,22,6,16
2017-01-10,7,1,6
2017-01-10,12,3,9
2017-01-10,1,0,1
2017-01-10,2,0,2
2017-01-11,2,1,1
2017-01-11,2,2,0
2017-01-11,0,0,0
2017-01-11,0,0,0
2017-01-11,1,1,0
2017-01-11,6,5,1
2017-01-11,25,23,2
2017-01-11,52,47,5
2017-01-11,56,51,5
2017-01-11,43,42,1
2017-01-11,13,11,2
2017-01-11,10,8,2
2017-01-11,11,4,7
2017-01-11,4,3,1
2017-01-11,12,7,5
2017-01-11,19,5,14
2017-01-11,26,6,20
2017-01-11,81,15,66
2017-01-11,43,6,37
2017-01-11,17,4,13
2017-01-11,12,2,10
2017-01-11,8,2,6
2017-01-11,3,0,3
2017-01-11,2,0,2
2017-01-12,2,1,1
2017-01-12,1,0,1
2017-01-12,0,0,0
2017-01-12,2,1,1
2017-01-12,1,1,0
2017-01-12,10,9,1
2017-01-12,27,21,6
2017-01-12,51,47,4
2017-01-12,64,59,5
2017-01-12,31,31,0
2017-01-12,16,14,2
2017-01-12,13,8,5
2017-01-12,16,11,5
2017-01-12,9,6,3
2017-01-12,13,7,6
2017-01-12,16,6,10
2017-01-12,54,23,31
2017-01-12,81,25,56
2017-01-12,52,7,45
2017-01-12,29,5,24
2017-01-12,6,1,5
2017-01-12,6,1,5
2017-01-12,4,0,4
2017-01-12,2,2,0
2017-01-13,1,0,1
2017-01-13,1,1,0
2017-01-13,2,1,1
2017-01-13,2,2,0
2017-01-13,2,2,0
2017-01-13,8,5,3
2017-01-13,25,22,3
2017-01-13,34,28,6
2017-01-13,55,52,3
2017-01-13,19,16,3
2017-01-13,15,13,2
2017-01-13,9,6,3
2017-01-13,14,6,8
2017-01-13,13,9,4
2017-01-13,6,3,3
2017-01-13,18,7,11
2017-01-13,38,5,33
2017-01-13,47,4,43
2017-01-13,31,4,27
2017-01-13,13,3,10
2017-01-13,5,1,4
2017-01-13,4,1,3
2017-01-13,4,2,2
2017-01-13,3,2,1
2017-01-14,0,0,0
2017-01-14,0,0,0
2017-01-14,0,0,0
2017-01-14,0,0,0
2017-01-14,1,1,0
2017-01-14,4,3,1
2017-01-14,3,3,0
2017-01-14,3,2,1
2017-01-14,16,4,12
2017-01-14,8,3,5
2017-01-14,35,21,14
2017-01-14,20,14,6
2017-01-14,36,19,17
2017-01-14,39,14,25
2017-01-14,22,7,15
2017-01-14,19,12,7
2017-01-14,16,7,9
2017-01-14,13,9,4
2017-01-14,5,0,5
2017-01-14,2,1,1
2017-01-14,3,0,3
2017-01-14,2,0,2
2017-01-14,2,2,0
2017-01-14,2,2,0
2017-01-15,0,0,0
2017-01-15,3,3,0
2017-01-15,1,0,1
2017-01-15,1,1,0
2017-01-15,1,0,1
2017-01-15,4,3,1
2017-01-15,2,2,0
2017-01-15,2,2,0
2017-01-15,6,3,3
2017-01-15,26,2,24
2017-01-15,16,11,5
2017-01-15,19,12,7
2017-01-15,26,16,10
2017-01-15,48,21,27
2017-01-15,44,24,20
2017-01-15,31,14,17
2017-01-15,20,7,13
2017-01-15,11,5,6
2017-01-15,1,1,0
2017-01-15,6,2,4
2017-01-15,3,2,1
2017-01-15,2,0,2
2017-01-15,3,2,1
2017-01-15,1,0,1
2017-01-16,1,0,1
2017-01-16,1,0,1
2017-01-16,0,0,0
2017-01-16,0,0,0
2017-01-16,3,3,0
2017-01-16,10,8,2
2017-01-16,18,14,4
2017-01-16,34,29,5
2017-01-16,46,42,4
2017-01-16,22,17,5
2017-01-16,20,17,3
2017-01-16,12,6,6
2017-01-16,15,7,8
2017-01-16,16,8,8
2017-01-16,22,12,10
2017-01-16,25,12,13
2017-01-16,39,14,25
2017-01-16,48,5,43
2017-01-16,36,12,24
2017-01-16,6,0,6
2017-01-16,7,1,6
2017-01-16,6,3,3
2017-01-16,1,0,1
2017-01-16,2,1,1
2017-01-17,0,0,0
2017-01-17,0,0,0
2017-01-17,1,1,0
2017-01-17,1,0,1
2017-01-17,4,3,1
2017-01-17,15,14,1
2017-01-17,29,24,5
2017-01-17,62,55,7
2017-01-17,80,74,6
2017-01-17,44,39,5
2017-01-17,9,8,1
2017-01-17,4,3,1
2017-01-17,17,16,1
2017-01-17,49,27,22
2017-01-17,77,61,16
2017-01-17,13,3,10
2017-01-17,39,4,35
2017-01-17,72,9,63
2017-01-17,50,5,45
2017-01-17,13,0,13
2017-01-17,6,2,4
2017-01-17,3,1,2
2017-01-17,0,0,0
2017-01-17,2,1,1
2017-01-18,2,0,2
2017-01-18,3,1,2
2017-01-18,0,0,0
2017-01-18,1,0,1
2017-01-18,1,1,0
2017-01-18,6,5,1
2017-01-18,23,21,2
2017-01-18,42,36,6
2017-01-18,43,39,4
2017-01-18,31,28,3
2017-01-18,13,12,1
2017-01-18,4,2,2
2017-01-18,5,3,2
2017-01-18,4,2,2
2017-01-18,4,2,2
2017-01-18,6,0,6
2017-01-18,33,6,27
2017-01-18,55,8,47
2017-01-18,32,1,31
2017-01-18,15,3,12
2017-01-18,7,0,7
2017-01-18,8,1,7
2017-01-18,1,0,1
2017-01-18,3,2,1
2017-01-19,2,1,1
2017-01-19,2,0,2
2017-01-19,0,0,0
2017-01-19,0,0,0
2017-01-19,3,2,1
2017-01-19,9,7,2
2017-01-19,28,22,6
2017-01-19,57,54,3
2017-01-19,91,85,6
2017-01-19,33,30,3
2017-01-19,15,11,4
2017-01-19,4,4,0
2017-01-19,5,3,2
2017-01-19,8,3,5
2017-01-19,5,2,3
2017-01-19,20,5,15
2017-01-19,39,7,32
2017-01-19,86,7,79
2017-01-19,58,10,48
2017-01-19,35,7,28
2017-01-19,3,0,3
2017-01-19,9,3,6
2017-01-19,16,13,3
2017-01-19,1,1,0
2017-01-20,0,0,0
2017-01-20,3,2,1
2017-01-20,1,0,1
2017-01-20,0,0,0
2017-01-20,1,1,0
2017-01-20,14,9,5
2017-01-20,25,23,2
2017-01-20,56,51,5
2017-01-20,94,89,5
2017-01-20,34,32,2
2017-01-20,21,11,10
2017-01-20,13,8,5
2017-01-20,14,5,9
2017-01-20,21,7,14
2017-01-20,19,8,11
2017-01-20,35,11,24
2017-01-20,49,9,40
2017-01-20,76,6,70
2017-01-20,47,7,40
2017-01-20,18,5,13
2017-01-20,8,1,7
2017-01-20,5,2,3
2017-01-20,1,0,1
2017-01-20,2,1,1
2017-01-21,1,0,1
2017-01-21,4,2,2
2017-01-21,0,0,0
2017-01-21,1,1,0
2017-01-21,1,0,1
2017-01-21,4,3,1
2017-01-21,3,2,1
2017-01-21,3,3,0
2017-01-21,15,12,3
2017-01-21,24,20,4
2017-01-21,12,8,4
2017-01-21,27,17,10
2017-01-21,43,23,20
2017-01-21,26,10,16
2017-01-21,28,10,18
2017-01-21,32,6,26
2017-01-21,25,9,16
2017-01-21,17,6,11
2017-01-21,5,1,4
2017-01-21,1,0,1
2017-01-21,2,1,1
2017-01-21,1,1,0
2017-01-21,3,1,2
2017-01-21,3,1,2
2017-01-22,0,0,0
2017-01-22,1,1,0
2017-01-22,2,0,2
2017-01-22,2,1,1
2017-01-22,0,0,0
2017-01-22,4,2,2
2017-01-22,2,1,1
2017-01-22,2,1,1
2017-01-22,11,9,2
2017-01-22,16,2,14
2017-01-22,8,2,6
2017-01-22,11,7,4
2017-01-22,5,4,1
2017-01-22,13,8,5
2017-01-22,17,7,10
2017-01-22,19,7,12
2017-01-22,20,14,6
2017-01-22,7,4,3
2017-01-22,4,3,1
2017-01-22,1,0,1
2017-01-22,3,1,2
2017-01-22,0,0,0
2017-01-22,1,1,0
2017-01-22,1,0,1
2017-01-23,1,0,1
2017-01-23,3,3,0
2017-01-23,1,0,1
2017-01-23,1,0,1
2017-01-23,4,4,0
2017-01-23,16,15,1
2017-01-23,48,43,5
2017-01-23,82,79,3
2017-01-23,88,81,7
2017-01-23,39,38,1
2017-01-23,19,14,5
2017-01-23,9,5,4
2017-01-23,14,7,7
2017-01-23,13,6,7
2017-01-23,16,7,9
2017-01-23,28,10,18
2017-01-23,70,8,62
2017-01-23,100,9,91
2017-01-23,70,5,65
2017-01-23,23,4,19
2017-01-23,8,0,8
2017-01-23,3,2,1
2017-01-23,2,0,2
2017-01-23,0,0,0
2017-01-24,1,1,0
2017-01-24,1,0,1
2017-01-24,0,0,0
2017-01-24,3,3,0
2017-01-24,3,1,2
2017-01-24,13,12,1
2017-01-24,45,41,4
2017-01-24,84,77,7
2017-01-24,90,86,4
2017-01-24,43,40,3
2017-01-24,9,7,2
2017-01-24,16,11,5
2017-01-24,13,8,5
2017-01-24,19,8,11
2017-01-24,16,10,6
2017-01-24,32,14,18
2017-01-24,72,18,54
2017-01-24,118,15,103
2017-01-24,60,8,52
2017-01-24,26,4,22
2017-01-24,10,1,9
2017-01-24,7,3,4
2017-01-24,4,0,4
2017-01-24,3,0,3
2017-01-25,3,1,2
2017-01-25,1,0,1
2017-01-25,1,0,1
2017-01-25,3,2,1
2017-01-25,3,2,1
2017-01-25,13,11,2
2017-01-25,40,32,8
2017-01-25,76,71,5
2017-01-25,84,78,6
2017-01-25,46,42,4
2017-01-25,15,12,3
2017-01-25,9,6,3
2017-01-25,16,11,5
2017-01-25,7,4,3
2017-01-25,13,8,5
2017-01-25,24,8,16
2017-01-25,57,8,49
2017-01-25,109,21,88
2017-01-25,60,13,47
2017-01-25,16,0,16
2017-01-25,15,3,12
2017-01-25,9,1,8
2017-01-25,1,0,1
2017-01-25,1,0,1
2017-01-26,4,1,3
2017-01-26,2,1,1
2017-01-26,1,0,1
2017-01-26,4,3,1
2017-01-26,2,1,1
2017-01-26,11,10,1
2017-01-26,44,37,7
2017-01-26,77,70,7
2017-01-26,76,67,9
2017-01-26,45,43,2
2017-01-26,13,10,3
2017-01-26,12,8,4
2017-01-26,18,8,10
2017-01-26,18,8,10
2017-01-26,28,13,15
2017-01-26,28,11,17
2017-01-26,53,15,38
2017-01-26,109,16,93
2017-01-26,62,7,55
2017-01-26,28,9,19
2017-01-26,14,2,12
2017-01-26,8,2,6
2017-01-26,4,3,1
2017-01-26,2,2,0
2017-01-27,1,1,0
2017-01-27,5,2,3
2017-01-27,6,1,5
2017-01-27,3,1,2
2017-01-27,1,1,0
2017-01-27,11,10,1
2017-01-27,35,26,9
2017-01-27,61,56,5
2017-01-27,82,76,6
2017-01-27,26,25,1
2017-01-27,23,18,5
2017-01-27,18,12,6
2017-01-27,35,14,21
2017-01-27,27,15,12
2017-01-27,25,9,16
2017-01-27,45,15,30
2017-01-27,64,15,49
2017-01-27,83,9,74
2017-01-27,39,7,32
2017-01-27,16,4,12
2017-01-27,8,4,4
2017-01-27,4,0,4
2017-01-27,9,5,4
2017-01-27,4,0,4
2017-01-28,0,0,0
2017-01-28,0,0,0
2017-01-28,0,0,0
2017-01-28,1,1,0
2017-01-28,1,0,1
2017-01-28,3,3,0
2017-01-28,4,4,0
2017-01-28,7,6,1
2017-01-28,22,20,2
2017-01-28,32,13,19
2017-01-28,27,14,13
2017-01-28,52,30,22
2017-01-28,62,30,32
2017-01-28,52,29,23
2017-01-28,53,21,32
2017-01-28,59,20,39
2017-01-28,35,16,19
2017-01-28,30,19,11
2017-01-28,4,3,1
2017-01-28,11,9,2
2017-01-28,9,5,4
2017-01-28,4,3,1
2017-01-28,2,2,0
2017-01-28,5,1,4
2017-01-29,1,1,0
2017-01-29,1,0,1
2017-01-29,0,0,0
2017-01-29,2,1,1
2017-01-29,0,0,0
2017-01-29,5,4,1
2017-01-29,2,2,0
2017-01-29,4,3,1
2017-01-29,16,9,7
2017-01-29,14,7,7
2017-01-29,26,17,9
2017-01-29,34,18,16
2017-01-29,32,13,19
2017-01-29,34,15,19
2017-01-29,23,10,13
2017-01-29,7,5,2
2017-01-29,9,5,4
2017-01-29,13,7,6
2017-01-29,5,4,1
2017-01-29,7,0,7
2017-01-29,8,1,7
2017-01-29,3,0,3
2017-01-29,2,2,0
2017-01-29,2,1,1
2017-01-30,2,2,0
2017-01-30,0,0,0
2017-01-30,1,1,0
2017-01-30,0,0,0
2017-01-30,6,6,0
2017-01-30,15,15,0
2017-01-30,45,38,7
2017-01-30,91,80,11
2017-01-30,90,82,8
2017-01-30,39,36,3
2017-01-30,19,15,4
2017-01-30,10,5,5
2017-01-30,13,8,5
2017-01-30,13,8,5
2017-01-30,14,8,6
2017-01-30,35,11,24
2017-01-30,70,17,53
2017-01-30,103,17,86
2017-01-30,68,4,64
2017-01-30,27,2,25
2017-01-30,9,1,8
2017-01-30,1,0,1
2017-01-30,5,2,3
2017-01-30,2,0,2
2017-01-31,0,0,0
2017-01-31,0,0,0
2017-01-31,0,0,0
2017-01-31,1,1,0
2017-01-31,2,1,1
2017-01-31,19,15,4
2017-01-31,45,41,4
2017-01-31,85,80,5
2017-01-31,95,90,5
2017-01-31,34,34,0
2017-01-31,12,10,2
2017-01-31,15,10,5
2017-01-31,17,7,10
2017-01-31,24,13,11
2017-01-31,24,15,9
2017-01-31,27,12,15
2017-01-31,74,17,57
2017-01-31,116,15,101
2017-01-31,50,8,42
2017-01-31,19,1,18
2017-01-31,10,2,8
2017-01-31,7,0,7
2017-01-31,4,0,4
2017-01-31,3,0,3
2017-02-01,6,2,4
2017-02-01,0,0,0
2017-02-01,0,0,0
2017-02-01,1,1,0
2017-02-01,3,2,1
2017-02-01,9,8,1
2017-02-01,36,28,8
2017-02-01,73,67,6
2017-02-01,94,90,4
2017-02-01,43,39,4
2017-02-01,19,16,3
2017-02-01,19,9,10
2017-02-01,25,17,8
2017-02-01,25,10,15
2017-02-01,28,13,15
2017-02-01,29,4,25
2017-02-01,48,8,40
2017-02-01,93,10,83
2017-02-01,55,9,46
2017-02-01,24,5,19
2017-02-01,22,10,12
2017-02-01,7,0,7
2017-02-01,2,1,1
2017-02-01,3,1,2
2017-02-02,4,2,2
2017-02-02,0,0,0
2017-02-02,0,0,0
2017-02-02,0,0,0
2017-02-02,2,1,1
2017-02-02,10,9,1
2017-02-02,38,29,9
2017-02-02,75,63,12
2017-02-02,85,78,7
2017-02-02,25,25,0
2017-02-02,10,8,2
2017-02-02,11,8,3
2017-02-02,12,8,4
2017-02-02,16,9,7
2017-02-02,12,6,6
2017-02-02,30,12,18
2017-02-02,58,17,41
2017-02-02,87,12,75
2017-02-02,67,10,57
2017-02-02,27,9,18
2017-02-02,8,0,8
2017-02-02,9,1,8
2017-02-02,4,2,2
2017-02-02,1,0,1
2017-02-03,0,0,0
2017-02-03,1,1,0
2017-02-03,2,1,1
2017-02-03,3,1,2
2017-02-03,1,1,0
2017-02-03,6,5,1
2017-02-03,18,13,5
2017-02-03,28,24,4
2017-02-03,40,37,3
2017-02-03,19,16,3
2017-02-03,8,7,1
2017-02-03,4,2,2
2017-02-03,6,4,2
2017-02-03,1,1,0
2017-02-03,7,2,5
2017-02-03,16,2,14
2017-02-03,28,6,22
2017-02-03,38,3,35
2017-02-03,35,6,29
2017-02-03,5,1,4
2017-02-03,5,0,5
2017-02-03,2,1,1
2017-02-03,1,1,0
2017-02-03,3,0,3
2017-02-04,4,2,2
2017-02-04,4,3,1
2017-02-04,1,0,1
2017-02-04,0,0,0
2017-02-04,0,0,0
2017-02-04,2,2,0
2017-02-04,4,3,1
2017-02-04,4,4,0
2017-02-04,8,5,3
2017-02-04,6,3,3
2017-02-04,7,4,3
2017-02-04,6,4,2
2017-02-04,6,2,4
2017-02-04,9,5,4
2017-02-04,5,2,3
2017-02-04,4,1,3
2017-02-04,6,1,5
2017-02-04,8,5,3
2017-02-04,2,0,2
2017-02-04,2,1,1
2017-02-04,1,1,0
2017-02-04,0,0,0
2017-02-04,3,0,3
2017-02-04,3,0,3
2017-02-05,2,2,0
2017-02-05,3,2,1
2017-02-05,3,2,1
2017-02-05,0,0,0
2017-02-05,1,0,1
2017-02-05,4,2,2
2017-02-05,0,0,0
2017-02-05,2,2,0
2017-02-05,7,7,0
2017-02-05,6,3,3
2017-02-05,11,6,5
2017-02-05,5,2,3
2017-02-05,5,3,2
2017-02-05,5,2,3
2017-02-05,5,2,3
2017-02-05,4,1,3
2017-02-05,1,0,1
2017-02-05,2,1,1
2017-02-05,3,1,2
2017-02-05,1,1,0
2017-02-05,1,0,1
2017-02-05,1,0,1
2017-02-05,1,1,0
2017-02-05,0,0,0
2017-02-06,3,2,1
2017-02-06,0,0,0
2017-02-06,0,0,0
2017-02-06,0,0,0
2017-02-06,1,0,1
2017-02-06,6,5,1
2017-02-06,4,4,0
2017-02-06,14,12,2
2017-02-06,14,11,3
2017-02-06,5,3,2
2017-02-06,2,2,0
2017-02-06,0,0,0
2017-02-06,1,1,0
2017-02-06,3,2,1
2017-02-06,12,4,8
2017-02-06,4,0,4
2017-02-06,9,0,9
2017-02-06,11,3,8
2017-02-06,4,1,3
2017-02-06,2,0,2
2017-02-06,4,0,4
2017-02-06,0,0,0
2017-02-06,1,0,1
2017-02-06,1,0,1
2017-02-07,0,0,0
2017-02-07,0,0,0
2017-02-07,1,1,0
2017-02-07,0,0,0
2017-02-07,2,1,1
2017-02-07,4,4,0
2017-02-07,9,8,1
2017-02-07,19,18,1
2017-02-07,19,17,2
2017-02-07,10,7,3
2017-02-07,7,7,0
2017-02-07,9,6,3
2017-02-07,7,4,3
2017-02-07,14,10,4
2017-02-07,11,7,4
2017-02-07,7,1,6
2017-02-07,16,4,12
2017-02-07,28,7,21
2017-02-07,19,2,17
2017-02-07,9,1,8
2017-02-07,7,0,7
2017-02-07,6,1,5
2017-02-07,1,0,1
2017-02-07,1,0,1
2017-02-08,1,1,0
2017-02-08,1,1,0
2017-02-08,2,1,1
2017-02-08,1,1,0
2017-02-08,3,2,1
2017-02-08,3,3,0
2017-02-08,20,18,2
2017-02-08,31,29,2
2017-02-08,61,58,3
2017-02-08,22,21,1
2017-02-08,4,3,1
2017-02-08,3,3,0
2017-02-08,4,3,1
2017-02-08,4,2,2
2017-02-08,7,3,4
2017-02-08,14,4,10
2017-02-08,27,3,24
2017-02-08,47,4,43
2017-02-08,36,2,34
2017-02-08,14,3,11
2017-02-08,4,0,4
2017-02-08,2,0,2
2017-02-08,3,1,2
2017-02-08,2,0,2
2017-02-09,2,1,1
2017-02-09,1,1,0
2017-02-09,0,0,0
2017-02-09,0,0,0
2017-02-09,3,2,1
2017-02-09,6,5,1
2017-02-09,24,20,4
2017-02-09,34,31,3
2017-02-09,33,31,2
2017-02-09,21,19,2
2017-02-09,6,4,2
2017-02-09,4,2,2
2017-02-09,12,8,4
2017-02-09,7,4,3
2017-02-09,17,9,8
2017-02-09,5,1,4
2017-02-09,18,4,14
2017-02-09,40,4,36
2017-02-09,38,3,35
2017-02-09,13,1,12
2017-02-09,4,0,4
2017-02-09,6,1,5
2017-02-09,3,1,2
2017-02-09,2,1,1
2017-02-10,0,0,0
2017-02-10,2,1,1
2017-02-10,2,0,2
2017-02-10,0,0,0
2017-02-10,0,0,0
2017-02-10,6,6,0
2017-02-10,21,17,4
2017-02-10,54,50,4
2017-02-10,69,65,4
2017-02-10,21,20,1
2017-02-10,9,9,0
2017-02-10,3,3,0
2017-02-10,2,2,0
2017-02-10,7,3,4
2017-02-10,5,2,3
2017-02-10,14,3,11
2017-02-10,38,7,31
2017-02-10,64,8,56
2017-02-10,39,5,34
2017-02-10,13,5,8
2017-02-10,3,2,1
2017-02-10,2,0,2
2017-02-10,1,1,0
2017-02-10,4,1,3
2017-02-11,0,0,0
2017-02-11,0,0,0
2017-02-11,0,0,0
2017-02-11,1,1,0
2017-02-11,1,1,0
2017-02-11,1,1,0
2017-02-11,1,0,1
2017-02-11,9,6,3
2017-02-11,18,15,3
2017-02-11,20,4,16
2017-02-11,27,13,14
2017-02-11,22,12,10
2017-02-11,37,24,13
2017-02-11,48,20,28
2017-02-11,41,18,23
2017-02-11,31,19,12
2017-02-11,30,12,18
2017-02-11,12,3,9
2017-02-11,6,2,4
2017-02-11,7,3,4
2017-02-11,0,0,0
2017-02-11,2,1,1
2017-02-11,2,1,1
2017-02-11,1,1,0
2017-02-12,0,0,0
2017-02-12,1,1,0
2017-02-12,0,0,0
2017-02-12,0,0,0
2017-02-12,2,0,2
2017-02-12,3,2,1
2017-02-12,0,0,0
2017-02-12,7,4,3
2017-02-12,13,10,3
2017-02-12,29,15,14
2017-02-12,31,13,18
2017-02-12,50,16,34
2017-02-12,55,22,33
2017-02-12,59,29,30
2017-02-12,47,18,29
2017-02-12,58,32,26
2017-02-12,44,21,23
2017-02-12,22,15,7
2017-02-12,11,10,1
2017-02-12,2,1,1
2017-02-12,3,0,3
2017-02-12,0,0,0
2017-02-12,2,1,1
2017-02-12,2,1,1
2017-02-13,1,1,0
2017-02-13,2,1,1
2017-02-13,1,0,1
2017-02-13,2,1,1
2017-02-13,10,8,2
2017-02-13,21,19,2
2017-02-13,46,41,5
2017-02-13,90,82,8
2017-02-13,112,107,5
2017-02-13,41,36,5
2017-02-13,19,13,6
2017-02-13,17,10,7
2017-02-13,16,7,9
2017-02-13,28,16,12
2017-02-13,24,12,12
2017-02-13,31,9,22
2017-02-13,106,26,80
2017-02-13,133,18,115
2017-02-13,67,10,57
2017-02-13,29,5,24
2017-02-13,8,2,6
2017-02-13,6,2,4
2017-02-13,0,0,0
2017-02-13,1,0,1
2017-02-14,0,0,0
2017-02-14,0,0,0
2017-02-14,0,0,0
2017-02-14,2,1,1
2017-02-14,3,3,0
2017-02-14,17,15,2
2017-02-14,48,40,8
2017-02-14,113,102,11
2017-02-14,105,100,5
2017-02-14,41,38,3
2017-02-14,18,15,3
2017-02-14,8,5,3
2017-02-14,24,11,13
2017-02-14,20,9,11
2017-02-14,18,11,7
2017-02-14,32,8,24
2017-02-14,84,13,71
2017-02-14,137,22,115
2017-02-14,79,8,71
2017-02-14,17,6,11
2017-02-14,13,4,9
2017-02-14,7,2,5
2017-02-14,3,1,2
2017-02-14,3,1,2
2017-02-15,1,0,1
2017-02-15,1,0,1
2017-02-15,0,0,0
2017-02-15,0,0,0
2017-02-15,2,1,1
2017-02-15,9,9,0
2017-02-15,25,23,2
2017-02-15,59,55,4
2017-02-15,70,62,8
2017-02-15,22,17,5
2017-02-15,15,9,6
2017-02-15,6,2,4
2017-02-15,4,3,1
2017-02-15,7,4,3
2017-02-15,6,3,3
2017-02-15,11,2,9
2017-02-15,37,8,29
2017-02-15,66,7,59
2017-02-15,43,5,38
2017-02-15,18,4,14
2017-02-15,4,2,2
2017-02-15,5,0,5
2017-02-15,4,0,4
2017-02-15,1,1,0
2017-02-16,2,1,1
2017-02-16,1,0,1
2017-02-16,0,0,0
2017-02-16,2,1,1
2017-02-16,1,1,0
2017-02-16,10,9,1
2017-02-16,28,25,3
2017-02-16,75,66,9
2017-02-16,86,81,5
2017-02-16,38,33,5
2017-02-16,8,7,1
2017-02-16,9,7,2
2017-02-16,17,9,8
2017-02-16,18,12,6
2017-02-16,20,9,11
2017-02-16,17,7,10
2017-02-16,45,6,39
2017-02-16,101,12,89
2017-02-16,53,5,48
2017-02-16,21,4,17
2017-02-16,7,1,6
2017-02-16,12,3,9
2017-02-16,7,3,4
2017-02-16,2,0,2
2017-02-17,0,0,0
2017-02-17,1,1,0
2017-02-17,3,1,2
2017-02-17,2,2,0
2017-02-17,1,1,0
2017-02-17,11,9,2
2017-02-17,41,34,7
2017-02-17,77,64,13
2017-02-17,79,70,9
2017-02-17,53,38,15
2017-02-17,18,16,2
2017-02-17,24,11,13
2017-02-17,22,16,6
2017-02-17,32,10,22
2017-02-17,38,16,22
2017-02-17,48,9,39
2017-02-17,84,26,58
2017-02-17,80,14,66
2017-02-17,55,6,49
2017-02-17,23,5,18
2017-02-17,12,3,9
2017-02-17,4,1,3
2017-02-17,4,0,4
2017-02-17,2,1,1
2017-02-18,0,0,0
2017-02-18,1,1,0
2017-02-18,0,0,0
2017-02-18,2,2,0
2017-02-18,0,0,0
2017-02-18,5,3,2
2017-02-18,1,0,1
2017-02-18,4,2,2
2017-02-18,9,8,1
2017-02-18,6,2,4
2017-02-18,14,6,8
2017-02-18,12,6,6
2017-02-18,7,5,2
2017-02-18,12,9,3
2017-02-18,13,5,8
2017-02-18,8,3,5
2017-02-18,10,2,8
2017-02-18,9,6,3
2017-02-18,3,2,1
2017-02-18,0,0,0
2017-02-18,3,2,1
2017-02-18,0,0,0
2017-02-18,5,1,4
2017-02-18,1,1,0
2017-02-19,0,0,0
2017-02-19,1,1,0
2017-02-19,1,0,1
2017-02-19,0,0,0
2017-02-19,3,1,2
2017-02-19,5,4,1
2017-02-19,0,0,0
2017-02-19,1,1,0
2017-02-19,5,4,1
2017-02-19,21,4,17
2017-02-19,16,12,4
2017-02-19,22,11,11
2017-02-19,14,8,6
2017-02-19,26,16,10
2017-02-19,5,3,2
2017-02-19,15,7,8
2017-02-19,4,1,3
2017-02-19,6,4,2
2017-02-19,4,3,1
2017-02-19,4,1,3
2017-02-19,5,2,3
2017-02-19,1,1,0
2017-02-19,1,1,0
2017-02-19,2,1,1
2017-02-20,1,1,0
2017-02-20,0,0,0
2017-02-20,8,3,5
2017-02-20,0,0,0
2017-02-20,5,4,1
2017-02-20,2,2,0
2017-02-20,11,9,2
2017-02-20,29,25,4
2017-02-20,39,33,6
2017-02-20,18,14,4
2017-02-20,15,10,5
2017-02-20,13,9,4
2017-02-20,14,7,7
2017-02-20,9,5,4
2017-02-20,10,2,8
2017-02-20,7,2,5
2017-02-20,20,7,13
2017-02-20,35,5,30
2017-02-20,20,3,17
2017-02-20,14,1,13
2017-02-20,1,1,0
2017-02-20,1,0,1
2017-02-20,2,1,1
2017-02-20,3,2,1
2017-02-21,0,0,0
2017-02-21,1,1,0
2017-02-21,2,0,2
2017-02-21,1,1,0
2017-02-21,2,1,1
2017-02-21,9,9,0
2017-02-21,42,35,7
2017-02-21,73,69,4
2017-02-21,80,74,6
2017-02-21,31,24,7
2017-02-21,8,7,1
2017-02-21,7,5,2
2017-02-21,5,4,1
2017-02-21,11,6,5
2017-02-21,11,5,6
2017-02-21,18,6,12
2017-02-21,51,9,42
2017-02-21,81,8,73
2017-02-21,55,7,48
2017-02-21,19,5,14
2017-02-21,6,0,6
2017-02-21,9,1,8
2017-02-21,4,2,2
2017-02-21,4,2,2
2017-02-22,0,0,0
2017-02-22,0,0,0
2017-02-22,1,1,0
2017-02-22,2,0,2
2017-02-22,1,1,0
2017-02-22,13,10,3
2017-02-22,39,33,6
2017-02-22,74,65,9
2017-02-22,85,77,8
2017-02-22,29,24,5
2017-02-22,14,10,4
2017-02-22,17,13,4
2017-02-22,10,5,5
2017-02-22,12,7,5
2017-02-22,20,8,12
2017-02-22,32,8,24
2017-02-22,52,10,42
2017-02-22,81,12,69
2017-02-22,59,9,50
2017-02-22,23,5,18
2017-02-22,6,1,5
2017-02-22,9,1,8
2017-02-22,4,1,3
2017-02-22,3,1,2
2017-02-23,1,1,0
2017-02-23,2,1,1
2017-02-23,1,0,1
2017-02-23,0,0,0
2017-02-23,2,1,1
2017-02-23,16,14,2
2017-02-23,32,28,4
2017-02-23,75,68,7
2017-02-23,72,68,4
2017-02-23,29,26,3
2017-02-23,16,12,4
2017-02-23,6,6,0
2017-02-23,4,1,3
2017-02-23,14,9,5
2017-02-23,14,8,6
2017-02-23,22,9,13
2017-02-23,61,10,51
2017-02-23,82,10,72
2017-02-23,59,6,53
2017-02-23,14,5,9
2017-02-23,7,1,6
2017-02-23,9,3,6
2017-02-23,3,1,2
2017-02-23,1,0,1
2017-02-24,0,0,0
2017-02-24,1,0,1
2017-02-24,1,0,1
2017-02-24,1,0,1
2017-02-24,3,3,0
2017-02-24,6,5,1
2017-02-24,25,25,0
2017-02-24,45,42,3
2017-02-24,47,43,4
2017-02-24,18,16,2
2017-02-24,16,15,1
2017-02-24,8,8,0
2017-02-24,11,8,3
2017-02-24,8,3,5
2017-02-24,21,11,10
2017-02-24,18,5,13
2017-02-24,37,5,32
2017-02-24,77,10,67
2017-02-24,32,7,25
2017-02-24,5,1,4
2017-02-24,4,2,2
2017-02-24,6,1,5
2017-02-24,2,0,2
2017-02-24,1,1,0
2017-02-25,1,1,0
2017-02-25,0,0,0
2017-02-25,0,0,0
2017-02-25,3,2,1
2017-02-25,0,0,0
2017-02-25,3,2,1
2017-02-25,5,5,0
2017-02-25,11,10,1
2017-02-25,12,10,2
2017-02-25,22,11,11
2017-02-25,41,19,22
2017-02-25,30,12,18
2017-02-25,42,19,23
2017-02-25,51,29,22
2017-02-25,47,20,27
2017-02-25,32,14,18
2017-02-25,21,11,10
2017-02-25,18,10,8
2017-02-25,8,1,7
2017-02-25,4,0,4
2017-02-25,5,0,5
2017-02-25,2,0,2
2017-02-25,4,3,1
2017-02-25,3,1,2
2017-02-26,0,0,0
2017-02-26,3,2,1
2017-02-26,2,1,1
2017-02-26,1,1,0
2017-02-26,4,2,2
2017-02-26,3,2,1
2017-02-26,6,5,1
2017-02-26,25,24,1
2017-02-26,19,15,4
2017-02-26,9,8,1
2017-02-26,5,3,2
2017-02-26,8,5,3
2017-02-26,12,3,9
2017-02-26,15,3,12
2017-02-26,17,6,11
2017-02-26,18,5,13
2017-02-26,9,2,7
2017-02-26,8,4,4
2017-02-26,4,3,1
2017-02-26,1,1,0
2017-02-26,3,1,2
2017-02-26,1,0,1
2017-02-26,3,1,2
2017-02-26,0,0,0
2017-02-27,3,2,1
2017-02-27,0,0,0
2017-02-27,1,1,0
2017-02-27,2,0,2
2017-02-27,6,5,1
2017-02-27,9,8,1
2017-02-27,23,20,3
2017-02-27,38,36,2
2017-02-27,53,50,3
2017-02-27,26,26,0
2017-02-27,12,11,1
2017-02-27,4,3,1
2017-02-27,4,1,3
2017-02-27,9,5,4
2017-02-27,16,7,9
2017-02-27,15,7,8
2017-02-27,39,3,36
2017-02-27,52,3,49
2017-02-27,43,8,35
2017-02-27,9,0,9
2017-02-27,7,3,4
2017-02-27,2,1,1
2017-02-27,0,0,0
2017-02-27,1,1,0
2017-02-28,0,0,0
2017-02-28,1,0,1
2017-02-28,0,0,0
2017-02-28,0,0,0
2017-02-28,2,1,1
2017-02-28,5,4,1
2017-02-28,30,26,4
2017-02-28,58,58,0
2017-02-28,84,74,10
2017-02-28,30,25,5
2017-02-28,20,13,7
2017-02-28,6,5,1
2017-02-28,11,9,2
2017-02-28,9,5,4
2017-02-28,17,10,7
2017-02-28,19,7,12
2017-02-28,48,3,45
2017-02-28,75,8,67
2017-02-28,57,6,51
2017-02-28,24,3,21
2017-02-28,10,1,9
2017-02-28,4,2,2
2017-02-28,7,3,4
2017-02-28,1,0,1
2017-03-01,1,1,0
2017-03-01,3,2,1
2017-03-01,1,0,1
2017-03-01,1,0,1
2017-03-01,3,2,1
2017-03-01,11,11,0
2017-03-01,46,40,6
2017-03-01,85,76,9
2017-03-01,104,94,10
2017-03-01,36,31,5
2017-03-01,14,10,4
2017-03-01,14,9,5
2017-03-01,6,4,2
2017-03-01,16,6,10
2017-03-01,15,7,8
2017-03-01,28,8,20
2017-03-01,54,11,43
2017-03-01,99,6,93
2017-03-01,76,14,62
2017-03-01,29,5,24
2017-03-01,13,5,8
2017-03-01,8,3,5
2017-03-01,4,2,2
2017-03-01,4,0,4
2017-03-02,2,1,1
2017-03-02,3,1,2
2017-03-02,3,0,3
2017-03-02,1,1,0
2017-03-02,2,2,0
2017-03-02,7,7,0
2017-03-02,36,30,6
2017-03-02,85,80,5
2017-03-02,81,70,11
2017-03-02,36,33,3
2017-03-02,17,15,2
2017-03-02,12,8,4
2017-03-02,7,2,5
2017-03-02,12,8,4
2017-03-02,10,6,4
2017-03-02,18,5,13
2017-03-02,49,8,41
2017-03-02,82,11,71
2017-03-02,53,3,50
2017-03-02,10,3,7
2017-03-02,12,3,9
2017-03-02,9,3,6
2017-03-02,5,1,4
2017-03-02,3,0,3
2017-03-03,2,1,1
2017-03-03,2,1,1
2017-03-03,3,3,0
2017-03-03,4,1,3
2017-03-03,4,2,2
2017-03-03,5,4,1
2017-03-03,31,22,9
2017-03-03,62,53,9
2017-03-03,63,60,3
2017-03-03,32,29,3
2017-03-03,10,6,4
2017-03-03,7,6,1
2017-03-03,7,3,4
2017-03-03,3,2,1
2017-03-03,10,2,8
2017-03-03,12,0,12
2017-03-03,40,4,36
2017-03-03,46,7,39
2017-03-03,36,6,30
2017-03-03,13,2,11
2017-03-03,6,0,6
2017-03-03,1,0,1
2017-03-03,3,2,1
2017-03-03,0,0,0
2017-03-04,2,1,1
2017-03-04,2,0,2
2017-03-04,0,0,0
2017-03-04,0,0,0
2017-03-04,2,2,0
2017-03-04,2,2,0
2017-03-04,3,3,0
2017-03-04,17,14,3
2017-03-04,23,17,6
2017-03-04,26,13,13
2017-03-04,40,21,19
2017-03-04,40,22,18
2017-03-04,36,18,18
2017-03-04,63,30,33
2017-03-04,35,13,22
2017-03-04,40,11,29
2017-03-04,20,11,9
2017-03-04,22,8,14
2017-03-04,9,3,6
2017-03-04,8,2,6
2017-03-04,2,0,2
2017-03-04,0,0,0
2017-03-04,0,0,0
2017-03-04,5,2,3
2017-03-05,0,0,0
2017-03-05,3,2,1
2017-03-05,1,1,0
2017-03-05,3,3,0
2017-03-05,4,3,1
2017-03-05,3,3,0
2017-03-05,1,1,0
2017-03-05,3,1,2
2017-03-05,10,10,0
2017-03-05,8,3,5
2017-03-05,22,17,5
2017-03-05,12,5,7
2017-03-05,23,10,13
2017-03-05,12,4,8
2017-03-05,10,5,5
2017-03-05,9,2,7
2017-03-05,8,7,1
2017-03-05,3,1,2
2017-03-05,2,1,1
2017-03-05,1,0,1
2017-03-05,2,1,1
2017-03-05,2,1,1
2017-03-05,1,1,0
2017-03-05,3,1,2
2017-03-06,0,0,0
2017-03-06,1,0,1
2017-03-06,2,1,1
2017-03-06,1,0,1
2017-03-06,4,3,1
2017-03-06,17,12,5
2017-03-06,37,32,5
2017-03-06,86,79,7
2017-03-06,80,68,12
2017-03-06,40,36,4
2017-03-06,19,14,5
2017-03-06,9,8,1
2017-03-06,14,9,5
2017-03-06,10,5,5
2017-03-06,8,3,5
2017-03-06,27,9,18
2017-03-06,58,10,48
2017-03-06,103,12,91
2017-03-06,57,10,47
2017-03-06,18,3,15
2017-03-06,10,2,8
2017-03-06,5,0,5
2017-03-06,4,2,2
2017-03-06,0,0,0
2017-03-07,0,0,0
2017-03-07,0,0,0
2017-03-07,1,0,1
2017-03-07,2,1,1
2017-03-07,3,2,1
2017-03-07,9,6,3
2017-03-07,29,26,3
2017-03-07,76,69,7
2017-03-07,64,61,3
2017-03-07,26,23,3
2017-03-07,5,5,0
2017-03-07,5,2,3
2017-03-07,4,3,1
2017-03-07,9,6,3
2017-03-07,4,1,3
2017-03-07,13,4,9
2017-03-07,44,7,37
2017-03-07,69,7,62
2017-03-07,59,5,54
2017-03-07,15,1,14
2017-03-07,10,2,8
2017-03-07,2,0,2
2017-03-07,2,0,2
2017-03-07,0,0,0
2017-03-08,3,2,1
2017-03-08,2,0,2
2017-03-08,0,0,0
2017-03-08,1,1,0
2017-03-08,7,5,2
2017-03-08,15,13,2
2017-03-08,36,30,6
2017-03-08,83,73,10
2017-03-08,97,93,4
2017-03-08,30,27,3
2017-03-08,12,9,3
2017-03-08,9,6,3
2017-03-08,5,1,4
2017-03-08,12,6,6
2017-03-08,19,10,9
2017-03-08,21,7,14
2017-03-08,43,8,35
2017-03-08,83,8,75
2017-03-08,59,8,51
2017-03-08,21,2,19
2017-03-08,12,2,10
2017-03-08,7,3,4
2017-03-08,2,1,1
2017-03-08,0,0,0
2017-03-09,2,1,1
2017-03-09,0,0,0
2017-03-09,0,0,0
2017-03-09,1,1,0
2017-03-09,2,2,0
2017-03-09,8,6,2
2017-03-09,33,29,4
2017-03-09,69,64,5
2017-03-09,69,68,1
2017-03-09,22,19,3
2017-03-09,12,11,1
2017-03-09,5,1,4
2017-03-09,6,3,3
2017-03-09,6,3,3
2017-03-09,2,2,0
2017-03-09,13,3,10
2017-03-09,55,11,44
2017-03-09,72,5,67
2017-03-09,48,5,43
2017-03-09,25,6,19
2017-03-09,3,2,1
2017-03-09,6,0,6
2017-03-09,3,1,2
2017-03-09,3,0,3
2017-03-10,2,1,1
2017-03-10,2,2,0
2017-03-10,4,0,4
2017-03-10,1,0,1
2017-03-10,1,1,0
2017-03-10,9,6,3
2017-03-10,25,22,3
2017-03-10,57,50,7
2017-03-10,60,56,4
2017-03-10,22,18,4
2017-03-10,10,8,2
2017-03-10,12,10,2
2017-03-10,8,5,3
2017-03-10,10,3,7
2017-03-10,22,13,9
2017-03-10,21,9,12
2017-03-10,43,8,35
2017-03-10,56,5,51
2017-03-10,40,3,37
2017-03-10,24,3,21
2017-03-10,8,3,5
2017-03-10,7,2,5
2017-03-10,1,1,0
2017-03-10,5,4,1
2017-03-11,4,2,2
2017-03-11,0,0,0
2017-03-11,1,1,0
2017-03-11,2,1,1
2017-03-11,1,1,0
2017-03-11,2,1,1
2017-03-11,4,4,0
2017-03-11,12,9,3
2017-03-11,12,7,5
2017-03-11,8,2,6
2017-03-11,6,5,1
2017-03-11,4,2,2
2017-03-11,3,1,2
2017-03-11,3,2,1
2017-03-11,6,3,3
2017-03-11,10,3,7
2017-03-11,11,3,8
2017-03-11,13,6,7
2017-03-11,9,3,6
2017-03-11,5,3,2
2017-03-11,4,1,3
2017-03-11,1,0,1
2017-03-11,1,0,1
2017-03-11,0,0,0
2017-03-12,1,0,1
2017-03-12,1,1,0
2017-03-12,,,
2017-03-12,0,0,0
2017-03-12,2,2,0
2017-03-12,5,4,1
2017-03-12,2,2,0
2017-03-12,3,2,1
2017-03-12,10,8,2
2017-03-12,10,1,9
2017-03-12,21,11,10
2017-03-12,19,8,11
2017-03-12,14,9,5
2017-03-12,19,13,6
2017-03-12,10,5,5
2017-03-12,23,6,17
2017-03-12,12,6,6
2017-03-12,15,6,9
2017-03-12,18,12,6
2017-03-12,3,1,2
2017-03-12,1,0,1
2017-03-12,3,0,3
2017-03-12,3,1,2
2017-03-12,2,0,2
2017-03-13,1,0,1
2017-03-13,2,2,0
2017-03-13,2,2,0
2017-03-13,0,0,0
2017-03-13,7,6,1
2017-03-13,8,6,2
2017-03-13,25,19,6
2017-03-13,56,46,10
2017-03-13,79,69,10
2017-03-13,34,32,2
2017-03-13,8,6,2
2017-03-13,3,3,0
2017-03-13,9,4,5
2017-03-13,7,3,4
2017-03-13,6,1,5
2017-03-13,19,7,12
2017-03-13,38,6,32
2017-03-13,78,8,70
2017-03-13,52,4,48
2017-03-13,21,2,19
2017-03-13,7,3,4
2017-03-13,1,0,1
2017-03-13,1,0,1
2017-03-13,0,0,0
2017-03-14,0,0,0
2017-03-14,2,1,1
2017-03-14,2,1,1
2017-03-14,1,0,1
2017-03-14,2,2,0
2017-03-14,10,9,1
2017-03-14,33,25,8
2017-03-14,68,61,7
2017-03-14,86,81,5
2017-03-14,46,42,4
2017-03-14,8,7,1
2017-03-14,10,6,4
2017-03-14,11,3,8
2017-03-14,8,6,2
2017-03-14,9,5,4
2017-03-14,25,8,17
2017-03-14,51,12,39
2017-03-14,95,7,88
2017-03-14,53,5,48
2017-03-14,27,3,24
2017-03-14,11,4,7
2017-03-14,7,2,5
2017-03-14,4,1,3
2017-03-14,1,0,1
2017-03-15,4,3,1
2017-03-15,1,1,0
2017-03-15,2,0,2
2017-03-15,1,0,1
2017-03-15,2,0,2
2017-03-15,11,10,1
2017-03-15,29,24,5
2017-03-15,68,58,10
2017-03-15,62,56,6
2017-03-15,24,20,4
2017-03-15,11,8,3
2017-03-15,6,6,0
2017-03-15,4,2,2
2017-03-15,8,7,1
2017-03-15,12,5,7
2017-03-15,18,3,15
2017-03-15,41,7,34
2017-03-15,62,5,57
2017-03-15,59,5,54
2017-03-15,18,2,16
2017-03-15,11,5,6
2017-03-15,7,0,7
2017-03-15,1,1,0
2017-03-15,2,1,1
2017-03-16,4,1,3
2017-03-16,1,0,1
2017-03-16,3,1,2
2017-03-16,4,2,2
2017-03-16,1,1,0
2017-03-16,21,16,5
2017-03-16,42,33,9
2017-03-16,90,81,9
2017-03-16,93,86,7
2017-03-16,43,39,4
2017-03-16,15,10,5
2017-03-16,15,8,7
2017-03-16,18,12,6
2017-03-16,22,13,9
2017-03-16,29,9,20
2017-03-16,30,12,18
2017-03-16,77,14,63
2017-03-16,123,22,101
2017-03-16,69,8,61
2017-03-16,28,7,21
2017-03-16,14,4,10
2017-03-16,17,6,11
2017-03-16,1,1,0
2017-03-16,4,3,1
2017-03-17,1,0,1
2017-03-17,0,0,0
2017-03-17,3,0,3
2017-03-17,2,1,1
2017-03-17,1,1,0
2017-03-17,7,4,3
2017-03-17,36,32,4
2017-03-17,58,53,5
2017-03-17,88,83,5
2017-03-17,32,28,4
2017-03-17,12,11,1
2017-03-17,16,10,6
2017-03-17,11,4,7
2017-03-17,4,1,3
2017-03-17,11,4,7
2017-03-17,12,0,12
2017-03-17,51,6,45
2017-03-17,58,3,55
2017-03-17,33,2,31
2017-03-17,8,2,6
2017-03-17,3,1,2
2017-03-17,4,0,4
2017-03-17,0,0,0
2017-03-17,2,2,0
2017-03-18,1,1,0
2017-03-18,0,0,0
2017-03-18,0,0,0
2017-03-18,2,1,1
2017-03-18,1,1,0
2017-03-18,1,1,0
2017-03-18,1,1,0
2017-03-18,2,1,1
2017-03-18,1,1,0
2017-03-18,2,1,1
2017-03-18,3,1,2
2017-03-18,2,2,0
2017-03-18,2,1,1
2017-03-18,9,5,4
2017-03-18,17,9,8
2017-03-18,11,10,1
2017-03-18,20,8,12
2017-03-18,15,6,9
2017-03-18,10,3,7
2017-03-18,3,3,0
2017-03-18,5,2,3
2017-03-18,2,1,1
2017-03-18,6,3,3
2017-03-18,3,2,1
2017-03-19,1,0,1
2017-03-19,1,1,0
2017-03-19,0,0,0
2017-03-19,3,1,2
2017-03-19,2,0,2
2017-03-19,4,4,0
2017-03-19,2,2,0
2017-03-19,2,2,0
2017-03-19,25,16,9
2017-03-19,29,16,13
2017-03-19,36,17,19
2017-03-19,63,28,35
2017-03-19,91,48,43
2017-03-19,90,42,48
2017-03-19,87,46,41
2017-03-19,69,29,40
2017-03-19,67,31,36
2017-03-19,57,32,25
2017-03-19,32,16,16
2017-03-19,10,6,4
2017-03-19,6,3,3
2017-03-19,5,0,5
2017-03-19,1,1,0
2017-03-19,0,0,0
2017-03-20,5,4,1
2017-03-20,2,0,2
2017-03-20,4,2,2
2017-03-20,2,1,1
2017-03-20,5,3,2
2017-03-20,14,11,3
2017-03-20,30,22,8
2017-03-20,131,124,7
2017-03-20,122,114,8
2017-03-20,52,42,10
2017-03-20,26,18,8
2017-03-20,16,12,4
2017-03-20,22,15,7
2017-03-20,17,8,9
2017-03-20,28,14,14
2017-03-20,30,8,22
2017-03-20,81,8,73
2017-03-20,122,8,114
2017-03-20,85,11,74
2017-03-20,27,7,20
2017-03-20,12,2,10
2017-03-20,10,0,10
2017-03-20,5,2,3
2017-03-20,5,3,2
2017-03-21,1,0,1
2017-03-21,0,0,0
2017-03-21,1,1,0
2017-03-21,2,1,1
2017-03-21,3,2,1
2017-03-21,11,9,2
2017-03-21,32,24,8
2017-03-21,77,67,10
2017-03-21,86,78,8
2017-03-21,31,28,3
2017-03-21,18,16,2
2017-03-21,9,4,5
2017-03-21,12,6,6
2017-03-21,12,6,6
2017-03-21,13,5,8
2017-03-21,19,7,12
2017-03-21,46,7,39
2017-03-21,106,19,87
2017-03-21,56,5,51
2017-03-21,27,2,25
2017-03-21,9,1,8
2017-03-21,10,5,5
2017-03-21,1,0,1
2017-03-21,1,0,1
2017-03-22,3,1,2
2017-03-22,0,0,0
2017-03-22,1,0,1
2017-03-22,2,1,1
2017-03-22,3,1,2
2017-03-22,10,7,3
2017-03-22,41,33,8
2017-03-22,101,94,7
2017-03-22,96,84,12
2017-03-22,39,33,6
2017-03-22,18,16,2
2017-03-22,18,11,7
2017-03-22,7,2,5
2017-03-22,11,7,4
2017-03-22,27,10,17
2017-03-22,27,7,20
2017-03-22,58,13,45
2017-03-22,101,7,94
2017-03-22,76,7,69
2017-03-22,28,7,21
2017-03-22,18,5,13
2017-03-22,10,1,9
2017-03-22,3,1,2
2017-03-22,1,0,1
2017-03-23,3,2,1
2017-03-23,0,0,0
2017-03-23,1,0,1
2017-03-23,5,3,2
2017-03-23,0,0,0
2017-03-23,22,16,6
2017-03-23,50,43,7
2017-03-23,103,95,8
2017-03-23,105,91,14
2017-03-23,40,35,5
2017-03-23,21,14,7
2017-03-23,22,14,8
2017-03-23,22,8,14
2017-03-23,28,19,9
2017-03-23,20,10,10
2017-03-23,35,10,25
2017-03-23,85,22,63
2017-03-23,133,17,116
2017-03-23,66,9,57
2017-03-23,19,3,16
2017-03-23,11,3,8
2017-03-23,7,2,5
2017-03-23,6,3,3
2017-03-23,1,1,0
2017-03-24,1,1,0
2017-03-24,0,0,0
2017-03-24,1,0,1
2017-03-24,3,2,1
2017-03-24,1,0,1
2017-03-24,10,8,2
2017-03-24,26,20,6
2017-03-24,50,43,7
2017-03-24,53,49,4
2017-03-24,28,25,3
2017-03-24,6,4,2
2017-03-24,8,6,2
2017-03-24,5,2,3
2017-03-24,10,5,5
2017-03-24,9,3,6
2017-03-24,23,7,16
2017-03-24,38,5,33
2017-03-24,59,8,51
2017-03-24,41,10,31
2017-03-24,12,1,11
2017-03-24,6,4,2
2017-03-24,4,2,2
2017-03-24,2,0,2
2017-03-24,5,2,3
2017-03-25,0,0,0
2017-03-25,1,0,1
2017-03-25,1,0,1
2017-03-25,1,1,0
2017-03-25,2,1,1
2017-03-25,4,3,1
2017-03-25,5,4,1
2017-03-25,10,7,3
2017-03-25,15,6,9
2017-03-25,28,12,16
2017-03-25,38,19,19
2017-03-25,40,17,23
2017-03-25,66,34,32
2017-03-25,55,33,22
2017-03-25,45,21,24
2017-03-25,66,30,36
2017-03-25,39,16,23
2017-03-25,33,16,17
2017-03-25,22,11,11
2017-03-25,13,3,10
2017-03-25,6,2,4
2017-03-25,3,1,2
2017-03-25,3,2,1
2017-03-25,2,2,0
2017-03-26,0,0,0
2017-03-26,3,2,1
2017-03-26,3,1,2
2017-03-26,3,1,2
2017-03-26,1,0,1
2017-03-26,4,4,0
2017-03-26,2,2,0
2017-03-26,3,3,0
2017-03-26,8,6,2
2017-03-26,8,5,3
2017-03-26,8,2,6
2017-03-26,6,4,2
2017-03-26,5,2,3
2017-03-26,10,6,4
2017-03-26,10,1,9
2017-03-26,12,8,4
2017-03-26,8,4,4
2017-03-26,7,2,5
2017-03-26,5,2,3
2017-03-26,3,1,2
2017-03-26,2,0,2
2017-03-26,3,2,1
2017-03-26,2,1,1
2017-03-26,2,1,1
2017-03-27,2,1,1
2017-03-27,0,0,0
2017-03-27,0,0,0
2017-03-27,0,0,0
2017-03-27,7,7,0
2017-03-27,15,13,2
2017-03-27,38,32,6
2017-03-27,93,85,8
2017-03-27,110,102,8
2017-03-27,38,33,5
2017-03-27,8,6,2
2017-03-27,7,6,1
2017-03-27,11,6,5
2017-03-27,18,11,7
2017-03-27,6,4,2
2017-03-27,30,4,26
2017-03-27,57,7,50
2017-03-27,97,14,83
2017-03-27,81,9,72
2017-03-27,23,3,20
2017-03-27,6,2,4
2017-03-27,3,0,3
2017-03-27,1,0,1
2017-03-27,0,0,0
2017-03-28,1,0,1
2017-03-28,0,0,0
2017-03-28,1,1,0
2017-03-28,2,1,1
2017-03-28,2,2,0
2017-03-28,20,17,3
2017-03-28,42,32,10
2017-03-28,88,79,9
2017-03-28,81,73,8
2017-03-28,33,29,4
2017-03-28,9,7,2
2017-03-28,9,7,2
2017-03-28,7,2,5
2017-03-28,4,2,2
2017-03-28,15,3,12
2017-03-28,22,10,12
2017-03-28,50,6,44
2017-03-28,94,11,83
2017-03-28,67,9,58
2017-03-28,33,10,23
2017-03-28,10,1,9
2017-03-28,4,1,3
2017-03-28,3,0,3
2017-03-28,3,1,2
2017-03-29,3,3,0
2017-03-29,3,0,3
2017-03-29,0,0,0
2017-03-29,4,1,3
2017-03-29,3,1,2
2017-03-29,7,6,1
2017-03-29,32,27,5
2017-03-29,73,67,6
2017-03-29,83,76,7
2017-03-29,29,27,2
2017-03-29,11,11,0
2017-03-29,12,8,4
2017-03-29,6,2,4
2017-03-29,6,5,1
2017-03-29,8,2,6
2017-03-29,27,6,21
2017-03-29,45,9,36
2017-03-29,73,11,62
2017-03-29,65,8,57
2017-03-29,36,3,33
2017-03-29,13,1,12
2017-03-29,5,0,5
2017-03-29,7,3,4
2017-03-29,4,3,1
2017-03-30,1,1,0
2017-03-30,4,2,2
2017-03-30,1,0,1
2017-03-30,0,0,0
2017-03-30,2,2,0
2017-03-30,16,13,3
2017-03-30,56,48,8
2017-03-30,96,86,10
2017-03-30,111,98,13
2017-03-30,55,48,7
2017-03-30,28,17,11
2017-03-30,18,12,6
2017-03-30,21,10,11
2017-03-30,21,12,9
2017-03-30,29,19,10
2017-03-30,37,14,23
2017-03-30,73,11,62
2017-03-30,120,17,103
2017-03-30,82,8,74
2017-03-30,34,9,25
2017-03-30,9,0,9
2017-03-30,10,4,6
2017-03-30,3,3,0
2017-03-30,2,0,2
2017-03-31,6,3,3
2017-03-31,5,3,2
2017-03-31,5,3,2
2017-03-31,0,0,0
2017-03-31,3,1,2
2017-03-31,15,9,6
2017-03-31,44,36,8
2017-03-31,107,93,14
2017-03-31,105,87,18
2017-03-31,52,43,9
2017-03-31,19,11,8
2017-03-31,19,15,4
2017-03-31,17,12,5
2017-03-31,30,18,12
2017-03-31,19,4,15
2017-03-31,51,12,39
2017-03-31,84,17,67
2017-03-31,111,23,88
2017-03-31,72,10,62
2017-03-31,22,7,15
2017-03-31,6,2,4
2017-03-31,16,5,11
2017-03-31,9,2,7
2017-03-31,4,3,1
2017-04-01,3,0,3
2017-04-01,3,2,1
2017-04-01,7,2,5
2017-04-01,1,1,0
2017-04-01,1,0,1
2017-04-01,4,3,1
2017-04-01,6,5,1
2017-04-01,3,3,0
2017-04-01,6,2,4
2017-04-01,14,6,8
2017-04-01,14,11,3
2017-04-01,11,4,7
2017-04-01,27,9,18
2017-04-01,24,12,12
2017-04-01,25,14,11
2017-04-01,19,9,10
2017-04-01,35,13,22
2017-04-01,20,8,12
2017-04-01,11,3,8
2017-04-01,11,7,4
2017-04-01,5,2,3
2017-04-01,2,2,0
2017-04-01,2,0,2
2017-04-01,2,0,2
2017-04-02,1,0,1
2017-04-02,1,0,1
2017-04-02,1,0,1
2017-04-02,0,0,0
2017-04-02,1,0,1
2017-04-02,4,3,1
2017-04-02,4,2,2
2017-04-02,7,4,3
2017-04-02,19,14,5
2017-04-02,25,21,4
2017-04-02,37,19,18
2017-04-02,46,18,28
2017-04-02,49,19,30
2017-04-02,52,24,28
2017-04-02,48,22,26
2017-04-02,31,13,18
2017-04-02,40,26,14
2017-04-02,11,3,8
2017-04-02,19,9,10
2017-04-02,6,1,5
2017-04-02,4,3,1
2017-04-02,2,0,2
2017-04-02,3,1,2
2017-04-02,2,1,1
2017-04-03,0,0,0
2017-04-03,0,0,0
2017-04-03,2,0,2
2017-04-03,1,0,1
2017-04-03,4,3,1
2017-04-03,22,16,6
2017-04-03,60,49,11
2017-04-03,130,117,13
2017-04-03,131,117,14
2017-04-03,43,34,9
2017-04-03,22,16,6
2017-04-03,24,16,8
2017-04-03,22,13,9
2017-04-03,35,16,19
2017-04-03,32,12,20
2017-04-03,53,12,41
2017-04-03,100,33,67
2017-04-03,146,22,124
2017-04-03,88,12,76
2017-04-03,43,8,35
2017-04-03,23,12,11
2017-04-03,6,0,6
2017-04-03,4,1,3
2017-04-03,3,1,2
2017-04-04,0,0,0
2017-04-04,1,1,0
2017-04-04,1,0,1
2017-04-04,2,0,2
2017-04-04,7,4,3
2017-04-04,21,12,9
2017-04-04,59,50,9
2017-04-04,135,126,9
2017-04-04,140,123,17
2017-04-04,41,33,8
2017-04-04,18,12,6
2017-04-04,17,15,2
2017-04-04,28,16,12
2017-04-04,19,14,5
2017-04-04,31,8,23
2017-04-04,42,9,33
2017-04-04,90,14,76
2017-04-04,166,24,142
2017-04-04,87,15,72
2017-04-04,23,3,20
2017-04-04,12,0,12
2017-04-04,8,2,6
2017-04-04,4,1,3
2017-04-04,5,0,5
2017-04-05,3,1,2
2017-04-05,0,0,0
2017-04-05,0,0,0
2017-04-05,1,0,1
2017-04-05,4,3,1
2017-04-05,14,11,3
2017-04-05,32,28,4
2017-04-05,63,54,9
2017-04-05,70,61,9
2017-04-05,14,14,0
2017-04-05,7,5,2
2017-04-05,7,7,0
2017-04-05,6,4,2
2017-04-05,4,2,2
2017-04-05,9,6,3
2017-04-05,13,2,11
2017-04-05,48,10,38
2017-04-05,77,7,70
2017-04-05,51,5,46
2017-04-05,19,2,17
2017-04-05,10,1,9
2017-04-05,7,0,7
2017-04-05,4,0,4
2017-04-05,4,1,3
2017-04-06,1,1,0
2017-04-06,3,1,2
2017-04-06,0,0,0
2017-04-06,1,1,0
2017-04-06,1,1,0
2017-04-06,16,10,6
2017-04-06,32,26,6
2017-04-06,77,71,6
2017-04-06,76,67,9
2017-04-06,22,21,1
2017-04-06,8,6,2
2017-04-06,5,2,3
2017-04-06,8,6,2
2017-04-06,14,6,8
2017-04-06,15,9,6
2017-04-06,32,12,20
2017-04-06,69,11,58
2017-04-06,113,30,83
2017-04-06,72,8,64
2017-04-06,29,12,17
2017-04-06,51,4,47
2017-04-06,19,12,7
2017-04-06,18,11,7
2017-04-06,2,2,0
2017-04-07,5,3,2
2017-04-07,0,0,0
2017-04-07,0,0,0
2017-04-07,0,0,0
2017-04-07,0,0,0
2017-04-07,7,4,3
2017-04-07,27,24,3
2017-04-07,73,62,11
2017-04-07,64,59,5
2017-04-07,21,18,3
2017-04-07,10,7,3
2017-04-07,11,11,0
2017-04-07,5,0,5
2017-04-07,9,3,6
2017-04-07,17,7,10
2017-04-07,16,6,10
2017-04-07,41,7,34
2017-04-07,54,11,43
2017-04-07,31,5,26
2017-04-07,12,7,5
2017-04-07,7,0,7
2017-04-07,3,2,1
2017-04-07,2,2,0
2017-04-07,3,0,3
2017-04-08,2,0,2
2017-04-08,4,1,3
2017-04-08,1,0,1
2017-04-08,0,0,0
2017-04-08,1,0,1
2017-04-08,3,3,0
2017-04-08,3,3,0
2017-04-08,8,5,3
2017-04-08,17,14,3
2017-04-08,21,9,12
2017-04-08,34,18,16
2017-04-08,23,13,10
2017-04-08,20,10,10
2017-04-08,23,9,14
2017-04-08,16,9,7
2017-04-08,19,11,8
2017-04-08,24,7,17
2017-04-08,11,5,6
2017-04-08,12,4,8
2017-04-08,5,3,2
2017-04-08,9,4,5
2017-04-08,4,0,4
2017-04-08,2,1,1
2017-04-08,0,0,0
2017-04-09,3,2,1
2017-04-09,3,1,2
2017-04-09,1,0,1
2017-04-09,0,0,0
2017-04-09,1,0,1
2017-04-09,3,2,1
2017-04-09,4,4,0
2017-04-09,5,3,2
2017-04-09,30,17,13
2017-04-09,31,20,11
2017-04-09,59,27,32
2017-04-09,65,20,45
2017-04-09,65,37,28
2017-04-09,82,22,60
2017-04-09,53,27,26
2017-04-09,81,43,38
2017-04-09,61,39,22
2017-04-09,37,20,17
2017-04-09,26,12,14
2017-04-09,16,9,7
2017-04-09,7,4,3
2017-04-09,4,1,3
2017-04-09,3,2,1
2017-04-09,5,1,4
2017-04-10,0,0,0
2017-04-10,0,0,0
2017-04-10,0,0,0
2017-04-10,2,0,2
2017-04-10,3,3,0
2017-04-10,12,9,3
2017-04-10,35,27,8
2017-04-10,85,77,8
2017-04-10,100,93,7
2017-04-10,42,34,8
2017-04-10,21,14,7
2017-04-10,17,11,6
2017-04-10,10,5,5
2017-04-10,9,5,4
2017-04-10,14,6,8
2017-04-10,28,11,17
2017-04-10,47,6,41
2017-04-10,106,10,96
2017-04-10,62,5,57
2017-04-10,24,5,19
2017-04-10,12,5,7
2017-04-10,3,1,2
2017-04-10,0,0,0
2017-04-10,0,0,0
2017-04-11,0,0,0
2017-04-11,2,0,2
2017-04-11,1,0,1
2017-04-11,2,0,2
2017-04-11,6,5,1
2017-04-11,21,18,3
2017-04-11,58,51,7
2017-04-11,133,124,9
2017-04-11,120,109,11
2017-04-11,69,53,16
2017-04-11,25,14,11
2017-04-11,18,9,9
2017-04-11,20,12,8
2017-04-11,35,17,18
2017-04-11,28,13,15
2017-04-11,45,13,32
2017-04-11,78,18,60
2017-04-11,152,15,137
2017-04-11,107,14,93
2017-04-11,39,14,25
2017-04-11,19,1,18
2017-04-11,10,2,8
2017-04-11,6,3,3
2017-04-11,5,1,4
2017-04-12,2,1,1
2017-04-12,1,1,0
2017-04-12,0,0,0
2017-04-12,1,0,1
2017-04-12,3,3,0
2017-04-12,12,8,4
2017-04-12,20,16,4
2017-04-12,66,60,6
2017-04-12,57,56,1
2017-04-12,25,20,5
2017-04-12,6,5,1
2017-04-12,4,3,1
2017-04-12,5,4,1
2017-04-12,7,6,1
2017-04-12,15,4,11
2017-04-12,15,3,12
2017-04-12,33,8,25
2017-04-12,94,17,77
2017-04-12,64,9,55
2017-04-12,19,4,15
2017-04-12,12,4,8
2017-04-12,5,0,5
2017-04-12,3,1,2
2017-04-12,1,0,1
2017-04-13,2,0,2
2017-04-13,1,1,0
2017-04-13,1,0,1
2017-04-13,1,0,1
2017-04-13,3,3,0
2017-04-13,18,13,5
2017-04-13,35,28,7
2017-04-13,99,88,11
2017-04-13,97,90,7
2017-04-13,40,36,4
2017-04-13,15,12,3
2017-04-13,10,7,3
2017-04-13,12,5,7
2017-04-13,15,10,5
2017-04-13,16,7,9
2017-04-13,32,6,26
2017-04-13,44,7,37
2017-04-13,105,9,96
2017-04-13,63,6,57
2017-04-13,27,5,22
2017-04-13,14,1,13
2017-04-13,13,5,8
2017-04-13,5,2,3
2017-04-13,3,2,1
2017-04-14,1,0,1
2017-04-14,0,0,0
2017-04-14,0,0,0
2017-04-14,0,0,0
2017-04-14,2,2,0
2017-04-14,11,9,2
2017-04-14,28,23,5
2017-04-14,76,68,8
2017-04-14,63,56,7
2017-04-14,24,23,1
2017-04-14,9,7,2
2017-04-14,13,7,6
2017-04-14,20,14,6
2017-04-14,13,5,8
2017-04-14,14,2,12
2017-04-14,34,15,19
2017-04-14,49,13,36
2017-04-14,76,12,64
2017-04-14,32,4,28
2017-04-14,24,10,14
2017-04-14,5,2,3
2017-04-14,5,2,3
2017-04-14,2,1,1
2017-04-14,3,1,2
2017-04-15,3,0,3
2017-04-15,0,0,0
2017-04-15,0,0,0
2017-04-15,0,0,0
2017-04-15,1,0,1
2017-04-15,4,1,3
2017-04-15,5,3,2
2017-04-15,21,14,7
2017-04-15,21,14,7
2017-04-15,48,12,36
2017-04-15,44,29,15
2017-04-15,61,33,28
2017-04-15,45,21,24
2017-04-15,59,36,23
2017-04-15,51,30,21
2017-04-15,36,16,20
2017-04-15,66,31,35
2017-04-15,28,14,14
2017-04-15,30,14,16
2017-04-15,8,5,3
2017-04-15,7,2,5
2017-04-15,12,3,9
2017-04-15,4,1,3
2017-04-15,3,1,2
2017-04-16,3,1,2
2017-04-16,1,1,0
2017-04-16,0,0,0
2017-04-16,0,0,0
2017-04-16,2,1,1
2017-04-16,3,1,2
2017-04-16,10,7,3
2017-04-16,7,5,2
2017-04-16,25,17,8
2017-04-16,40,28,12
2017-04-16,35,16,19
2017-04-16,58,24,34
2017-04-16,43,20,23
2017-04-16,64,38,26
2017-04-16,57,21,36
2017-04-16,50,27,23
2017-04-16,46,17,29
2017-04-16,41,18,23
2017-04-16,19,13,6
2017-04-16,10,6,4
2017-04-16,14,9,5
2017-04-16,1,0,1
2017-04-16,3,3,0
2017-04-16,4,1,3
2017-04-17,2,1,1
2017-04-17,4,3,1
2017-04-17,1,0,1
2017-04-17,1,0,1
2017-04-17,7,6,1
2017-04-17,18,14,4
2017-04-17,48,39,9
2017-04-17,111,99,12
2017-04-17,98,90,8
2017-04-17,49,37,12
2017-04-17,29,21,8
2017-04-17,17,8,9
2017-04-17,19,10,9
2017-04-17,20,14,6
2017-04-17,22,13,9
2017-04-17,31,11,20
2017-04-17,56,5,51
2017-04-17,113,11,102
2017-04-17,63,4,59
2017-04-17,19,1,18
2017-04-17,9,2,7
2017-04-17,5,0,5
2017-04-17,5,0,5
2017-04-17,2,2,0
2017-04-18,1,1,0
2017-04-18,1,0,1
2017-04-18,1,0,1
2017-04-18,2,0,2
2017-04-18,5,4,1
2017-04-18,19,16,3
2017-04-18,49,40,9
2017-04-18,97,83,14
2017-04-18,92,86,6
2017-04-18,36,31,5
2017-04-18,10,7,3
2017-04-18,10,8,2
2017-04-18,13,7,6
2017-04-18,13,7,6
2017-04-18,22,6,16
2017-04-18,30,7,23
2017-04-18,68,13,55
2017-04-18,107,13,94
2017-04-18,74,10,64
2017-04-18,41,10,31
2017-04-18,13,2,11
2017-04-18,8,3,5
2017-04-18,8,2,6
2017-04-18,4,0,4
2017-04-19,2,1,1
2017-04-19,1,0,1
2017-04-19,2,1,1
2017-04-19,2,1,1
2017-04-19,9,8,1
2017-04-19,19,14,5
2017-04-19,55,47,8
2017-04-19,114,99,15
2017-04-19,81,76,5
2017-04-19,53,43,10
2017-04-19,17,12,5
2017-04-19,4,3,1
2017-04-19,9,4,5
2017-04-19,7,3,4
2017-04-19,6,3,3
2017-04-19,28,3,25
2017-04-19,76,15,61
2017-04-19,108,12,96
2017-04-19,71,9,62
2017-04-19,39,10,29
2017-04-19,16,5,11
2017-04-19,6,2,4
2017-04-19,2,1,1
2017-04-19,2,0,2
2017-04-20,1,1,0
2017-04-20,0,0,0
2017-04-20,2,0,2
2017-04-20,2,0,2
2017-04-20,2,2,0
2017-04-20,16,13,3
2017-04-20,59,47,12
2017-04-20,108,89,19
2017-04-20,93,84,9
2017-04-20,42,33,9
2017-04-20,17,11,6
2017-04-20,12,9,3
2017-04-20,13,5,8
2017-06-01,102,11,91
2017-06-01,102,15,87
2017-06-01,31,7,24
2017-06-01,12,4,8
2017-06-01,16,6,10
2017-06-01,4,1,3
2017-06-02,3,2,1
2017-06-02,4,1,3
2017-06-02,2,1,1
2017-06-02,0,0,0
2017-06-02,7,6,1
2017-06-02,13,10,3
2017-06-02,72,59,13
2017-06-02,144,129,15
2017-06-02,127,115,12
2017-06-02,62,49,13
2017-06-02,39,30,9
2017-06-02,34,19,15
2017-06-02,20,11,9
2017-06-02,23,8,15
2017-06-02,44,12,32
2017-06-02,70,31,39
2017-06-02,135,19,116
2017-06-02,156,35,121
2017-06-02,108,27,81
2017-06-02,44,21,23
2017-06-02,32,6,26
2017-06-02,12,2,10
2017-06-02,11,4,7
2017-06-02,3,1,2
2017-06-03,10,3,7
2017-06-03,2,2,0
2017-06-03,3,0,3
2017-06-03,0,0,0
2017-06-03,0,0,0
2017-06-03,6,4,2
2017-06-03,14,10,4
2017-06-03,19,12,7
2017-06-03,27,13,14
2017-06-03,41,23,18
2017-06-03,60,31,29
2017-06-03,73,32,41
2017-06-03,56,28,28
2017-06-03,60,27,33
2017-06-03,61,41,20
2017-06-03,50,24,26
2017-06-03,43,18,25
2017-06-03,50,22,28
2017-06-03,35,13,22
2017-06-03,23,13,10
2017-06-03,22,10,12
2017-06-03,7,3,4
2017-06-03,14,4,10
2017-06-03,2,2,0
2017-06-04,4,1,3
2017-06-04,1,1,0
2017-06-04,3,2,1
2017-06-04,0,0,0
2017-06-04,1,0,1
2017-06-04,4,3,1
2017-06-04,13,7,6
2017-06-04,16,11,5
2017-06-04,38,25,13
2017-06-04,85,18,67
2017-06-04,95,50,45
2017-06-04,65,29,36
2017-06-04,70,36,34
2017-06-04,92,57,35
2017-06-04,71,38,33
2017-04-20,20,15,5
2017-04-20,21,6,15
2017-04-20,38,13,25
2017-04-20,67,16,51
2017-04-20,118,17,101
2017-04-20,83,15,68
2017-04-20,65,8,57
2017-04-20,19,5,14
2017-04-20,20,9,11
2017-04-20,13,6,7
2017-04-20,23,18,5
2017-04-21,2,2,0
2017-04-21,2,1,1
2017-04-21,2,0,2
2017-04-21,1,0,1
2017-04-21,1,1,0
2017-04-21,28,19,9
2017-04-21,66,53,13
2017-04-21,143,125,18
2017-04-21,118,97,21
2017-04-21,62,51,11
2017-04-21,38,25,13
2017-04-21,25,15,10
2017-04-21,49,26,23
2017-04-21,32,15,17
2017-04-21,62,24,38
2017-04-21,94,26,68
2017-04-21,160,37,123
2017-04-21,151,32,119
2017-04-21,95,16,79
2017-04-21,32,11,21
2017-04-21,13,6,7
2017-04-21,13,3,10
2017-04-21,1,1,0
2017-04-21,4,1,3
2017-04-22,4,1,3
2017-04-22,4,2,2
2017-04-22,5,2,3
2017-04-22,2,1,1
2017-04-22,4,2,2
2017-04-22,7,5,2
2017-04-22,16,14,2
2017-04-22,26,17,9
2017-04-22,28,5,23
2017-04-22,29,14,15
2017-04-22,43,19,24
2017-04-22,20,16,4
2017-04-22,13,7,6
2017-04-22,21,14,7
2017-04-22,26,15,11
2017-04-22,15,5,10
2017-04-22,18,6,12
2017-04-22,14,5,9
2017-04-22,10,3,7
2017-04-22,2,0,2
2017-04-22,2,1,1
2017-04-22,7,2,5
2017-04-22,5,2,3
2017-04-22,0,0,0
2017-04-23,3,0,3
2017-04-23,3,2,1
2017-04-23,2,2,0
2017-04-23,1,0,1
2017-04-23,1,0,1
2017-04-23,4,4,0
2017-04-23,5,2,3
2017-04-23,20,15,5
2017-04-23,30,22,8
2017-04-23,27,13,14
2017-04-23,24,8,16
2017-04-23,19,4,15
2017-04-23,24,5,19
2017-04-23,17,10,7
2017-04-23,21,15,6
2017-04-23,13,5,8
2017-04-23,11,7,4
2017-04-23,7,5,2
2017-04-23,7,3,4
2017-04-23,5,3,2
2017-04-23,4,3,1
2017-04-23,2,0,2
2017-04-23,3,1,2
2017-04-23,0,0,0
2017-04-24,1,1,0
2017-04-24,1,1,0
2017-04-24,0,0,0
2017-04-24,1,0,1
2017-04-24,2,1,1
2017-04-24,16,13,3
2017-04-24,37,28,9
2017-04-24,123,111,12
2017-04-24,106,94,12
2017-04-24,32,28,4
2017-04-24,20,16,4
2017-04-24,10,7,3
2017-04-24,23,13,10
2017-04-24,7,3,4
2017-04-24,19,9,10
2017-04-24,26,10,16
2017-04-24,86,18,68
2017-04-24,135,20,115
2017-04-24,99,15,84
2017-04-24,29,7,22
2017-04-24,21,9,12
2017-04-24,10,4,6
2017-04-24,4,3,1
2017-04-24,3,1,2
2017-04-25,1,0,1
2017-04-25,0,0,0
2017-04-25,4,1,3
2017-04-25,2,0,2
2017-04-25,3,2,1
2017-04-25,25,20,5
2017-04-25,82,66,16
2017-04-25,135,117,18
2017-04-25,109,98,11
2017-04-25,53,40,13
2017-04-25,21,17,4
2017-04-25,19,13,6
2017-04-25,22,14,8
2017-04-25,18,9,9
2017-04-25,15,10,5
2017-04-25,45,10,35
2017-04-25,87,12,75
2017-04-25,145,12,133
2017-04-25,84,11,73
2017-04-25,40,8,32
2017-04-25,19,1,18
2017-04-25,12,5,7
2017-04-25,1,0,1
2017-04-25,1,1,0
2017-04-26,4,1,3
2017-04-26,0,0,0
2017-04-26,0,0,0
2017-04-26,2,0,2
2017-04-26,2,2,0
2017-04-26,18,15,3
2017-04-26,63,55,8
2017-04-26,126,111,15
2017-04-26,92,84,8
2017-04-26,34,28,6
2017-04-26,19,18,1
2017-04-26,10,6,4
2017-04-26,13,9,4
2017-04-26,10,5,5
2017-04-26,18,7,11
2017-04-26,30,8,22
2017-04-26,71,11,60
2017-04-26,120,16,104
2017-04-26,74,7,67
2017-04-26,19,1,18
2017-04-26,21,3,18
2017-04-26,7,1,6
2017-04-26,5,0,5
2017-04-26,1,1,0
2017-04-27,2,1,1
2017-04-27,2,1,1
2017-04-27,2,0,2
2017-04-27,1,0,1
2017-04-27,6,5,1
2017-04-27,19,13,6
2017-04-27,52,46,6
2017-04-27,120,105,15
2017-04-27,116,105,11
2017-04-27,36,29,7
2017-04-27,30,23,7
2017-04-27,14,13,1
2017-04-27,21,10,11
2017-04-27,13,8,5
2017-04-27,15,4,11
2017-04-27,36,13,23
2017-04-27,85,16,69
2017-04-27,121,13,108
2017-04-27,77,10,67
2017-04-27,46,15,31
2017-04-27,16,3,13
2017-04-27,11,0,11
2017-04-27,2,1,1
2017-04-27,1,0,1
2017-04-28,3,1,2
2017-04-28,2,1,1
2017-04-28,3,1,2
2017-04-28,2,1,1
2017-04-28,5,4,1
2017-04-28,19,16,3
2017-04-28,58,45,13
2017-04-28,135,116,19
2017-04-28,126,110,16
2017-04-28,31,26,5
2017-04-28,26,21,5
2017-04-28,27,11,16
2017-04-28,20,10,10
2017-04-28,36,18,18
2017-04-28,42,17,25
2017-04-28,69,22,47
2017-04-28,120,24,96
2017-04-28,143,35,108
2017-04-28,77,17,60
2017-04-28,36,8,28
2017-04-28,15,6,9
2017-04-28,17,2,15
2017-04-28,8,5,3
2017-04-28,8,4,4
2017-04-29,4,3,1
2017-04-29,7,3,4
2017-04-29,4,2,2
2017-04-29,2,0,2
2017-04-29,1,0,1
2017-04-29,5,4,1
2017-04-29,18,14,4
2017-04-29,19,12,7
2017-04-29,50,24,26
2017-04-29,72,21,51
2017-04-29,39,24,15
2017-04-29,76,44,32
2017-04-29,44,26,18
2017-04-29,46,26,20
2017-04-29,32,13,19
2017-04-29,60,39,21
2017-04-29,23,9,14
2017-04-29,19,13,6
2017-04-29,17,9,8
2017-04-29,14,5,9
2017-04-29,7,2,5
2017-04-29,7,3,4
2017-04-29,7,5,2
2017-04-29,1,0,1
2017-04-30,3,0,3
2017-04-30,2,1,1
2017-04-30,1,0,1
2017-04-30,2,0,2
2017-04-30,3,1,2
2017-04-30,3,2,1
2017-04-30,2,0,2
2017-04-30,13,9,4
2017-04-30,36,21,15
2017-04-30,31,9,22
2017-04-30,35,16,19
2017-04-30,34,23,11
2017-04-30,41,20,21
2017-04-30,55,19,36
2017-04-30,44,19,25
2017-04-30,36,23,13
2017-04-30,46,24,22
2017-04-30,28,8,20
2017-04-30,15,7,8
2017-04-30,5,1,4
2017-04-30,6,2,4
2017-04-30,5,1,4
2017-04-30,1,1,0
2017-04-30,2,0,2
2017-05-01,2,1,1
2017-05-01,2,1,1
2017-05-01,1,0,1
2017-05-01,1,0,1
2017-05-01,1,1,0
2017-05-01,32,27,5
2017-05-01,83,68,15
2017-05-01,153,140,13
2017-05-01,137,129,8
2017-05-01,51,46,5
2017-05-01,17,12,5
2017-05-01,11,9,2
2017-05-01,7,4,3
2017-05-01,13,5,8
2017-05-01,23,12,11
2017-05-01,55,10,45
2017-05-01,104,13,91
2017-05-01,171,17,154
2017-05-01,98,8,90
2017-05-01,36,5,31
2017-05-01,17,4,13
2017-05-01,5,0,5
2017-05-01,5,1,4
2017-05-01,5,2,3
2017-05-02,1,0,1
2017-05-02,0,0,0
2017-05-02,2,1,1
2017-05-02,3,0,3
2017-05-02,4,4,0
2017-05-02,29,23,6
2017-05-02,83,67,16
2017-05-02,174,160,14
2017-05-02,152,142,10
2017-05-02,51,44,7
2017-05-02,24,16,8
2017-05-02,23,11,12
2017-05-02,25,11,14
2017-05-02,28,16,12
2017-05-02,20,9,11
2017-05-02,52,18,34
2017-05-02,101,20,81
2017-05-02,171,14,157
2017-05-02,102,13,89
2017-05-02,49,8,41
2017-05-02,12,4,8
2017-05-02,14,3,11
2017-05-02,4,3,1
2017-05-02,3,1,2
2017-05-03,5,1,4
2017-05-03,2,0,2
2017-05-03,2,1,1
2017-05-03,1,0,1
2017-05-03,4,2,2
2017-05-03,26,18,8
2017-05-03,91,82,9
2017-05-03,172,156,16
2017-05-03,146,131,15
2017-05-03,53,47,6
2017-05-03,28,18,10
2017-05-03,24,15,9
2017-05-03,30,17,13
2017-05-03,21,14,7
2017-05-03,34,15,19
2017-05-03,63,21,42
2017-05-03,158,33,125
2017-05-03,218,36,182
2017-05-03,179,46,133
2017-05-03,76,22,54
2017-05-03,33,11,22
2017-05-03,8,0,8
2017-05-03,12,4,8
2017-05-03,3,1,2
2017-05-04,7,2,5
2017-05-04,2,1,1
2017-05-04,2,0,2
2017-05-04,0,0,0
2017-05-04,0,0,0
2017-05-04,24,21,3
2017-05-04,88,67,21
2017-05-04,173,159,14
2017-05-04,141,134,7
2017-05-04,56,46,10
2017-05-04,26,21,5
2017-05-04,26,15,11
2017-05-04,42,22,20
2017-05-04,43,21,22
2017-05-04,48,28,20
2017-05-04,85,25,60
2017-05-04,118,17,101
2017-05-04,100,8,92
2017-05-04,72,11,61
2017-05-04,32,7,25
2017-05-04,14,5,9
2017-05-04,14,4,10
2017-05-04,3,2,1
2017-05-04,5,2,3
2017-05-05,5,2,3
2017-05-05,1,1,0
2017-05-05,4,0,4
2017-05-05,2,2,0
2017-05-05,5,3,2
2017-05-05,16,10,6
2017-05-05,57,46,11
2017-05-05,118,110,8
2017-05-05,82,72,10
2017-05-05,41,39,2
2017-05-05,14,9,5
2017-05-05,14,11,3
2017-05-05,19,7,12
2017-05-05,20,11,9
2017-05-05,23,8,15
2017-05-05,42,13,29
2017-05-05,88,12,76
2017-05-05,134,16,118
2017-05-05,56,7,49
2017-05-05,25,8,17
2017-05-05,16,5,11
2017-05-05,8,1,7
2017-05-05,4,1,3
2017-05-05,3,1,2
2017-05-06,5,3,2
2017-05-06,4,4,0
2017-05-06,1,0,1
2017-05-06,1,1,0
2017-05-06,1,0,1
2017-05-06,3,3,0
2017-05-06,14,11,3
2017-05-06,23,13,10
2017-05-06,20,8,12
2017-05-06,40,21,19
2017-05-06,111,35,76
2017-05-06,65,46,19
2017-05-06,49,22,27
2017-05-06,52,30,22
2017-05-06,66,22,44
2017-05-06,54,26,28
2017-05-06,59,30,29
2017-05-06,61,20,41
2017-05-06,41,20,21
2017-05-06,21,10,11
2017-05-06,11,6,5
2017-05-06,8,3,5
2017-05-06,6,4,2
2017-05-06,5,4,1
2017-05-07,5,0,5
2017-05-07,1,1,0
2017-05-07,1,0,1
2017-05-07,0,0,0
2017-05-07,1,0,1
2017-05-07,6,3,3
2017-05-07,12,9,3
2017-05-07,20,14,6
2017-05-07,32,26,6
2017-05-07,48,32,16
2017-05-07,46,25,21
2017-05-07,67,22,45
2017-05-07,69,26,43
2017-05-07,63,33,30
2017-05-07,93,47,46
2017-05-07,67,32,35
2017-05-07,82,42,40
2017-05-07,47,21,26
2017-05-07,35,12,23
2017-05-07,31,20,11
2017-05-07,7,4,3
2017-05-07,11,4,7
2017-05-07,1,1,0
2017-05-07,4,2,2
2017-05-08,1,1,0
2017-05-08,2,1,1
2017-05-08,7,5,2
2017-05-08,3,2,1
2017-05-08,5,4,1
2017-05-08,29,24,5
2017-05-08,106,91,15
2017-05-08,194,180,14
2017-05-08,155,143,12
2017-05-08,53,42,11
2017-05-08,19,17,2
2017-05-08,16,8,8
2017-05-08,23,14,9
2017-05-08,20,11,9
2017-05-08,31,13,18
2017-05-08,58,12,46
2017-05-08,162,30,132
2017-05-08,225,27,198
2017-05-08,134,26,108
2017-05-08,54,10,44
2017-05-08,31,13,18
2017-05-08,7,3,4
2017-05-08,9,2,7
2017-05-08,1,0,1
2017-05-09,2,0,2
2017-05-09,3,2,1
2017-05-09,2,1,1
2017-05-09,1,0,1
2017-05-09,7,5,2
2017-05-09,35,30,5
2017-05-09,116,98,18
2017-05-09,211,192,19
2017-05-09,183,165,18
2017-05-09,63,54,9
2017-05-09,31,16,15
2017-05-09,38,24,14
2017-05-09,38,19,19
2017-05-09,35,15,20
2017-05-09,39,12,27
2017-05-09,60,20,40
2017-05-09,164,36,128
2017-05-09,257,43,214
2017-05-09,153,28,125
2017-05-09,67,19,48
2017-05-09,42,15,27
2017-05-09,20,7,13
2017-05-09,14,4,10
2017-05-09,7,3,4
2017-05-10,5,2,3
2017-05-10,1,0,1
2017-05-10,1,0,1
2017-05-10,2,1,1
2017-05-10,3,2,1
2017-05-10,44,38,6
2017-05-10,104,91,13
2017-05-10,174,149,25
2017-05-10,231,207,24
2017-05-10,76,64,12
2017-05-10,42,29,13
2017-05-10,42,30,12
2017-05-10,35,19,16
2017-05-10,28,18,10
2017-05-10,47,20,27
2017-05-10,80,22,58
2017-05-10,156,29,127
2017-05-10,234,29,205
2017-05-10,167,26,141
2017-05-10,79,20,59
2017-05-10,37,13,24
2017-05-10,24,6,18
2017-05-10,4,2,2
2017-05-10,4,1,3
2017-05-11,5,3,2
2017-05-11,2,0,2
2017-05-11,1,0,1
2017-05-11,2,0,2
2017-05-11,2,2,0
2017-05-11,23,16,7
2017-05-11,57,46,11
2017-05-11,119,108,11
2017-05-11,130,122,8
2017-05-11,47,41,6
2017-05-11,22,22,0
2017-05-11,7,4,3
2017-05-11,3,3,0
2017-05-11,7,3,4
2017-05-11,17,4,13
2017-05-11,39,11,28
2017-05-11,70,10,60
2017-05-11,132,14,118
2017-05-11,64,3,61
2017-05-11,35,5,30
2017-05-11,20,2,18
2017-05-11,5,1,4
2017-05-11,4,2,2
2017-05-11,2,0,2
2017-05-12,1,0,1
2017-05-12,2,1,1
2017-05-12,3,0,3
2017-05-12,0,0,0
2017-05-12,6,4,2
2017-05-12,18,16,2
2017-05-12,62,49,13
2017-05-12,143,129,14
2017-05-12,119,103,16
2017-05-12,56,40,16
2017-05-12,36,25,11
2017-05-12,15,12,3
2017-05-12,11,3,8
2017-05-12,16,5,11
2017-05-12,30,10,20
2017-05-12,44,9,35
2017-05-12,108,14,94
2017-05-12,122,13,109
2017-05-12,62,8,54
2017-05-12,24,4,20
2017-05-12,13,2,11
2017-05-12,6,0,6
2017-05-12,2,1,1
2017-05-12,3,2,1
2017-05-13,1,0,1
2017-05-13,0,0,0
2017-05-13,1,0,1
2017-05-13,1,0,1
2017-05-13,1,0,1
2017-05-13,3,2,1
2017-05-13,13,12,1
2017-05-13,19,9,10
2017-05-13,34,7,27
2017-05-13,21,12,9
2017-05-13,31,16,15
2017-05-13,50,28,22
2017-05-13,37,19,18
2017-05-13,30,15,15
2017-05-13,26,14,12
2017-05-13,38,15,23
2017-05-13,35,21,14
2017-05-13,26,12,14
2017-05-13,14,6,8
2017-05-13,8,2,6
2017-05-13,8,2,6
2017-05-13,3,1,2
2017-05-13,1,0,1
2017-05-13,2,2,0
2017-05-14,0,0,0
2017-05-14,1,1,0
2017-05-14,0,0,0
2017-05-14,0,0,0
2017-05-14,0,0,0
2017-05-14,4,3,1
2017-05-14,2,1,1
2017-05-14,4,4,0
2017-05-14,9,5,4
2017-05-14,17,12,5
2017-05-14,36,14,22
2017-05-14,25,16,9
2017-05-14,20,15,5
2017-05-14,25,12,13
2017-05-14,21,13,8
2017-05-14,16,10,6
2017-05-14,29,8,21
2017-05-14,23,8,15
2017-05-14,22,18,4
2017-05-14,7,4,3
2017-05-14,10,5,5
2017-05-14,6,1,5
2017-05-14,5,2,3
2017-05-14,1,0,1
2017-05-15,5,1,4
2017-05-15,3,2,1
2017-05-15,3,1,2
2017-05-15,2,1,1
2017-05-15,2,2,0
2017-05-15,24,20,4
2017-05-15,75,64,11
2017-05-15,161,146,15
2017-05-15,142,132,10
2017-05-15,36,30,6
2017-05-15,19,16,3
2017-05-15,11,7,4
2017-05-15,24,12,12
2017-05-15,15,8,7
2017-05-15,10,3,7
2017-05-15,34,4,30
2017-05-15,78,12,66
2017-05-15,147,7,140
2017-05-15,77,9,68
2017-05-15,26,4,22
2017-05-15,14,4,10
2017-05-15,9,0,9
2017-05-15,0,0,0
2017-05-15,4,2,2
2017-05-16,3,0,3
2017-05-16,0,0,0
2017-05-16,5,3,2
2017-05-16,1,0,1
2017-05-16,2,1,1
2017-05-16,20,16,4
2017-05-16,35,30,5
2017-05-16,99,88,11
2017-05-16,96,89,7
2017-05-16,42,37,5
2017-05-16,14,13,1
2017-05-16,8,6,2
2017-05-16,9,6,3
2017-05-16,13,6,7
2017-05-16,14,9,5
2017-05-16,27,9,18
2017-05-16,70,9,61
2017-05-16,131,23,108
2017-05-16,77,7,70
2017-05-16,40,2,38
2017-05-16,12,2,10
2017-05-16,7,1,6
2017-05-16,5,2,3
2017-05-16,8,2,6
2017-05-17,1,1,0
2017-05-17,0,0,0
2017-05-17,1,0,1
2017-05-17,1,0,1
2017-05-17,4,3,1
2017-05-17,28,24,4
2017-05-17,94,87,7
2017-05-17,165,148,17
2017-05-17,157,146,11
2017-05-17,64,59,5
2017-05-17,21,13,8
2017-05-17,19,11,8
2017-05-17,23,8,15
2017-05-17,21,13,8
2017-05-17,33,15,18
2017-05-17,55,14,41
2017-05-17,126,25,101
2017-05-17,207,19,188
2017-05-17,120,16,104
2017-05-17,55,11,44
2017-05-17,34,13,21
2017-05-17,22,5,17
2017-05-17,6,0,6
2017-05-17,7,1,6
2017-05-18,3,1,2
2017-05-18,0,0,0
2017-05-18,2,1,1
2017-05-18,0,0,0
2017-05-18,3,2,1
2017-05-18,29,26,3
2017-05-18,92,76,16
2017-05-18,186,172,14
2017-05-18,168,150,18
2017-05-18,60,48,12
2017-05-18,34,30,4
2017-05-18,19,9,10
2017-05-18,21,10,11
2017-05-18,39,30,9
2017-05-18,34,13,21
2017-05-18,60,17,43
2017-05-18,135,23,112
2017-05-18,214,41,173
2017-05-18,123,25,98
2017-05-18,63,12,51
2017-05-18,29,10,19
2017-05-18,22,7,15
2021-12-04,11,3,8
2021-12-04,7,0,7
2021-12-04,2,0,2
2021-12-04,5,1,4
2021-12-04,1,1,0
2021-12-04,1,0,1
2021-12-04,3,1,2
2021-12-05,4,3,1
2021-12-05,2,0,2
2021-12-05,1,0,1
2021-12-05,2,2,0
2021-12-05,1,1,0
2021-12-05,4,3,1
2021-12-05,7,6,1
2021-12-05,9,8,1
2021-12-05,16,13,3
2021-12-05,31,15,16
2021-12-05,28,15,13
2021-12-05,28,17,11
2021-12-05,79,27,52
2021-12-05,84,53,31
2021-12-05,44,21,23
2021-12-05,43,18,25
2021-12-05,27,11,16
2021-12-05,30,6,24
2021-12-05,12,2,10
2021-12-05,3,0,3
2021-12-05,4,2,2
2021-12-05,1,1,0
2021-12-05,6,4,2
2021-12-05,0,0,0
2021-12-06,2,1,1
2021-12-06,0,0,0
2021-12-06,1,1,0
2021-12-06,0,0,0
2021-12-06,7,5,2
2021-12-06,24,21,3
2021-12-06,43,36,7
2021-12-06,46,39,7
2021-12-06,54,47,7
2021-12-06,32,25,7
2021-12-06,22,16,6
2021-12-06,9,6,3
2021-12-06,12,5,7
2021-12-06,14,10,4
2021-12-06,26,9,17
2021-12-06,47,14,33
2021-12-06,61,13,48
2021-12-06,60,4,56
2021-12-06,33,1,32
2021-12-06,3,0,3
2021-12-06,4,2,2
2021-12-06,6,3,3
2021-12-06,4,2,2
2021-12-06,2,0,2
2021-12-07,2,1,1
2021-12-07,0,0,0
2021-12-07,0,0,0
2021-12-07,2,0,2
2021-12-07,4,3,1
2021-12-07,25,22,3
2021-12-07,44,37,7
2021-12-07,76,71,5
2021-12-07,73,62,11
2021-12-07,39,32,7
2021-12-07,15,7,8
2021-12-07,14,11,3
2021-12-07,13,11,2
2021-12-07,12,5,7
2021-12-07,31,10,21
2021-12-07,48,11,37
2021-12-07,70,12,58
2021-12-07,73,6,67
2021-12-07,45,4,41
2021-12-07,15,1,14
2021-12-07,11,4,7
2021-12-07,8,2,6
2021-12-07,4,1,3
2021-12-07,2,1,1
2021-12-08,3,2,1
2021-12-08,1,0,1
2021-12-08,1,0,1
2021-12-08,0,0,0
2021-12-08,4,4,0
2021-12-08,23,17,6
2021-12-08,52,47,5
2021-12-08,67,62,5
2021-12-08,57,55,2
2021-12-08,34,27,7
2021-12-08,12,9,3
2021-12-08,14,11,3
2021-12-08,17,12,5
2021-12-08,24,15,9
2021-12-08,27,8,19
2021-12-08,56,22,34
2021-12-08,60,9,51
2021-12-08,84,9,75
2021-12-08,40,5,35
2021-12-08,25,2,23
2021-12-08,4,1,3
2021-12-08,5,1,4
2021-12-08,9,2,7
2021-12-08,11,5,6
2021-12-09,7,2,5
2021-12-09,0,0,0
2021-12-09,1,0,1
2021-12-09,0,0,0
2021-12-09,4,3,1
2021-12-09,28,23,5
2021-12-09,41,34,7
2021-12-09,68,65,3
2021-12-09,57,53,4
2021-12-09,25,20,5
2021-12-09,15,11,4
2021-12-09,22,16,6
2021-12-09,15,6,9
2021-12-09,18,14,4
2021-12-09,31,11,20
2021-12-09,48,9,39
2021-12-09,54,8,46
2021-12-09,81,9,72
2021-12-09,47,6,41
2021-12-09,18,1,17
2021-12-09,11,3,8
2021-12-09,7,1,6
2021-12-09,6,0,6
2021-12-09,6,3,3
2021-12-10,5,2,3
2021-12-10,1,0,1
2021-12-10,5,3,2
2021-12-10,0,0,0
2021-12-10,3,3,0
2021-12-10,20,18,2
2021-12-10,28,24,4
2021-12-10,41,33,8
2021-12-10,69,55,14
2021-12-10,27,22,5
2021-12-10,17,12,5
2021-12-10,19,10,9
2021-12-10,16,8,8
2021-12-10,20,7,13
2021-12-10,22,7,15
2021-12-10,28,5,23
2021-12-10,44,8,36
2021-12-10,51,7,44
2021-12-10,28,6,22
2021-12-10,10,1,9
2021-12-10,6,2,4
2021-12-10,6,1,5
2021-12-10,1,0,1
2021-12-10,1,0,1
2021-12-11,2,1,1
2021-12-11,0,0,0
2021-12-11,1,1,0
2021-12-11,1,0,1
2021-12-11,2,1,1
2021-12-11,3,3,0
2021-12-11,2,1,1
2021-12-11,4,4,0
2021-12-11,8,6,2
2021-12-11,8,8,0
2021-12-11,6,4,2
2021-12-11,19,13,6
2021-12-11,14,5,9
2021-12-11,19,12,7
2021-12-11,20,7,13
2021-12-11,14,8,6
2021-12-11,16,10,6
2021-12-11,13,2,11
2021-12-11,3,1,2
2021-12-11,8,3,5
2021-12-11,1,0,1
2021-12-11,1,0,1
2021-12-11,5,0,5
2021-12-11,3,2,1
2021-12-12,3,2,1
2021-12-12,1,0,1
2021-12-12,2,0,2
2021-12-12,1,1,0
2021-12-12,2,2,0
2021-12-12,2,1,1
2021-12-12,3,3,0
2021-12-12,4,3,1
2021-12-12,6,4,2
2021-12-12,12,8,4
2021-12-12,11,4,7
2021-12-12,48,15,33
2021-12-12,34,27,7
2021-12-12,27,18,9
2021-12-12,10,1,9
2021-12-12,9,4,5
2021-12-12,4,1,3
2021-12-12,7,4,3
2021-12-12,4,0,4
2021-12-12,5,2,3
2021-12-12,3,1,2
2021-12-12,1,0,1
2021-12-12,2,1,1
2021-12-12,3,1,2
2021-12-13,1,0,1
2021-12-13,2,2,0
2021-12-13,0,0,0
2021-12-13,0,0,0
2021-12-13,4,4,0
2021-12-13,15,11,4
2021-12-13,30,26,4
2021-12-13,60,55,5
2021-12-13,53,47,6
2021-12-13,24,19,5
2021-12-13,15,10,5
2021-12-13,13,7,6
2021-12-13,16,11,5
2021-12-13,12,5,7
2021-12-13,19,3,16
2021-12-13,39,13,26
2021-12-13,54,9,45
2021-12-13,59,4,55
2021-12-13,34,3,31
2021-12-13,15,1,14
2021-12-13,5,0,5
2021-12-13,5,0,5
2021-12-13,4,1,3
2021-12-13,3,1,2
2021-12-14,3,3,0
2021-12-14,1,0,1
2021-12-14,1,1,0
2021-12-14,2,1,1
2021-12-14,3,3,0
2021-12-14,25,20,5
2021-12-14,30,28,2
2021-12-14,69,64,5
2021-12-14,59,51,8
2021-12-14,26,18,8
2021-12-14,19,16,3
2021-12-14,16,9,7
2021-12-14,21,11,10
2021-12-14,18,6,12
2021-12-14,27,10,17
2021-12-14,36,7,29
2021-12-14,48,12,36
2021-12-14,80,9,71
2021-12-14,46,5,41
2021-12-14,15,5,10
2021-12-14,4,1,3
2021-12-14,7,0,7
2021-12-14,3,2,1
2021-12-14,5,3,2
2021-12-15,3,2,1
2021-12-15,0,0,0
2021-12-15,1,1,0
2021-12-15,0,0,0
2021-12-15,6,4,2
2021-12-15,22,18,4
2021-12-15,29,25,4
2021-12-15,56,50,6
2021-12-15,46,41,5
2021-12-15,35,29,6
2021-12-15,9,5,4
2021-12-15,14,10,4
2021-12-15,13,10,3
2021-12-15,16,7,9
2021-12-15,21,4,17
2021-12-15,42,8,34
2021-12-15,46,6,40
2021-12-15,49,5,44
2021-12-15,28,4,24
2021-12-15,18,2,16
2021-12-15,6,1,5
2021-12-15,7,0,7
2021-12-15,7,2,5
2021-12-15,3,1,2
2021-12-16,3,2,1
2021-12-16,3,1,2
2021-12-16,3,2,1
2021-12-16,0,0,0
2021-12-16,4,4,0
2021-12-16,20,16,4
2021-12-16,31,28,3
2021-12-16,66,60,6
2021-12-16,54,49,5
2021-12-16,26,22,4
2021-12-16,14,11,3
2021-12-16,21,14,7
2021-12-16,22,12,10
2021-12-16,19,10,9
2021-12-16,31,12,19
2021-12-16,52,14,38
2021-12-16,44,9,35
2021-12-16,70,9,61
2021-12-16,42,7,35
2021-12-16,20,3,17
2021-12-16,9,1,8
2021-12-16,10,0,10
2021-12-16,8,1,7
2021-12-16,5,0,5
2021-12-17,2,0,2
2021-12-17,2,0,2
2021-12-17,0,0,0
2021-12-17,0,0,0
2021-12-17,6,6,0
2021-12-17,14,13,1
2021-12-17,25,22,3
2021-12-17,45,41,4
2021-12-17,48,43,5
2021-12-17,34,27,7
2021-12-17,22,12,10
2021-12-17,24,16,8
2021-12-17,30,16,14
2021-12-17,28,18,10
2021-12-17,39,14,25
2021-12-17,44,12,32
2021-12-17,62,17,45
2021-12-17,54,10,44
2021-12-17,38,10,28
2021-12-17,11,2,9
2021-12-17,3,1,2
2021-12-17,6,2,4
2021-12-17,1,0,1
2021-12-17,2,0,2
2021-12-18,6,2,4
2021-12-18,2,1,1
2021-12-18,0,0,0
2021-12-18,1,0,1
2021-12-18,1,1,0
2021-12-18,3,3,0
2021-12-18,4,1,3
2021-12-18,6,0,6
2021-12-18,7,6,1
2021-12-18,9,3,6
2021-12-18,5,4,1
2021-12-18,3,2,1
2021-12-18,6,5,1
2021-12-18,15,10,5
2021-12-18,5,3,2
2021-12-18,9,2,7
2021-12-18,7,3,4
2021-12-18,10,6,4
2021-12-18,7,3,4
2021-12-18,4,1,3
2021-12-18,4,0,4
2021-12-18,6,2,4
2021-12-18,1,1,0
2021-12-18,5,0,5
2021-12-19,1,1,0
2021-12-19,3,2,1
2021-12-19,1,0,1
2021-12-19,0,0,0
2021-12-19,1,1,0
2021-12-19,2,1,1
2021-12-19,4,2,2
2021-12-19,5,1,4
2021-12-19,13,11,2
2021-12-19,20,9,11
2021-12-19,39,34,5
2021-12-19,71,15,56
2021-12-19,41,14,27
2021-12-19,73,50,23
2021-12-19,55,21,34
2021-12-19,36,21,15
2021-12-19,21,11,10
2021-12-19,13,4,9
2021-12-19,10,3,7
2021-12-19,6,1,5
2021-12-19,0,0,0
2021-12-19,5,1,4
2021-12-19,5,0,5
2021-12-19,3,3,0
2021-12-20,1,1,0
2021-12-20,0,0,0
2021-12-20,0,0,0
2021-12-20,0,0,0
2021-12-20,4,3,1
2021-12-20,16,11,5
2021-12-20,29,24,5
2021-12-20,36,34,2
2021-12-20,22,22,0
2021-12-20,11,7,4
2021-12-20,10,7,3
2021-12-20,10,5,5
2021-12-20,4,2,2
2021-12-20,12,6,6
2021-12-20,14,8,6
2021-12-20,31,10,21
2021-12-20,34,5,29
2021-12-20,39,2,37
2021-12-20,19,0,19
2021-12-20,11,1,10
2021-12-20,10,2,8
2021-12-20,6,2,4
2021-12-20,3,1,2
2021-12-20,1,1,0
2021-12-21,3,0,3
2021-12-21,2,2,0
2021-12-21,2,1,1
2021-12-21,2,1,1
2021-12-21,6,4,2
2021-12-21,20,17,3
2021-12-21,26,22,4
2021-12-21,35,30,5
2021-12-21,33,31,2
2021-12-21,18,12,6
2021-12-21,13,9,4
2021-12-21,14,8,6
2021-12-21,20,11,9
2021-12-21,19,8,11
2021-12-21,19,5,14
2021-12-21,40,16,24
2021-12-21,34,5,29
2021-12-21,44,2,42
2021-12-21,25,5,20
2021-12-21,6,1,5
2021-12-21,6,1,5
2021-12-21,4,1,3
2021-12-21,5,0,5
2021-12-21,1,0,1
2021-12-22,2,1,1
2021-12-22,0,0,0
2021-12-22,1,1,0
2021-12-22,0,0,0
2021-12-22,2,1,1
2021-12-22,13,7,6
2021-12-22,25,24,1
2021-12-22,30,29,1
2021-12-22,24,21,3
2021-12-22,12,8,4
2021-12-22,13,10,3
2021-12-22,8,6,2
2021-12-22,11,2,9
2021-12-22,14,8,6
2021-12-22,13,2,11
2021-12-22,22,5,17
2021-12-22,23,5,18
2021-12-22,31,2,29
2021-12-22,12,4,8
2021-12-22,11,4,7
2021-12-22,7,1,6
2021-12-22,3,0,3
2021-12-22,2,0,2
2021-12-22,4,1,3
2021-12-23,2,0,2
2021-12-23,5,5,0
2021-12-23,0,0,0
2021-12-23,0,0,0
2021-12-23,3,3,0
2021-12-23,10,7,3
2021-12-23,15,13,2
2021-12-23,23,22,1
2021-12-23,14,13,1
2021-12-23,10,5,5
2021-12-23,15,9,6
2021-12-23,17,10,7
2021-12-23,19,8,11
2021-12-23,23,10,13
2021-12-23,22,10,12
2021-12-23,32,6,26
2021-12-23,27,7,20
2021-12-23,16,5,11
2021-12-23,15,3,12
2021-12-23,10,2,8
2021-12-23,8,1,7
2021-12-23,5,0,5
2021-12-23,2,0,2
2021-12-23,2,2,0
2021-12-24,1,0,1
2021-12-24,3,2,1
2021-12-24,0,0,0
2021-12-24,1,1,0
2021-12-24,3,3,0
2021-12-24,3,3,0
2021-12-24,8,7,1
2021-12-24,2,2,0
2021-12-24,4,3,1
2021-12-24,9,6,3
2021-12-24,14,10,4
2021-12-24,6,4,2
2021-12-24,18,8,10
2021-12-24,16,5,11
2021-12-24,16,6,10
2021-12-24,10,2,8
2021-12-24,10,3,7
2021-12-24,5,2,3
2021-12-24,6,0,6
2021-12-24,2,2,0
2021-12-24,2,0,2
2021-12-24,0,0,0
2021-12-24,2,1,1
2021-12-24,1,0,1
2021-12-25,2,2,0
2021-12-25,0,0,0
2021-12-25,1,0,1
2021-12-25,0,0,0
2021-12-25,0,0,0
2021-12-25,1,1,0
2021-12-25,1,1,0
2021-12-25,0,0,0
2021-12-25,1,1,0
2021-12-25,1,0,1
2021-12-25,9,5,4
2021-12-25,8,5,3
2021-12-25,5,2,3
2021-12-25,3,3,0
2021-12-25,4,2,2
2021-12-25,9,3,6
2021-12-25,5,1,4
2021-12-25,2,2,0
2021-12-25,1,0,1
2021-12-25,2,0,2
2021-12-25,1,0,1
2021-12-25,3,1,2
2021-12-25,0,0,0
2021-12-25,0,0,0
2021-12-26,0,0,0
2021-12-26,0,0,0
2021-12-26,0,0,0
2021-12-26,0,0,0
2021-12-26,4,3,1
2021-12-26,1,0,1
2021-12-26,0,0,0
2021-12-26,0,0,0
2021-12-26,0,0,0
2021-12-26,0,0,0
2021-12-26,1,1,0
2021-12-26,4,0,4
2021-12-26,0,0,0
2021-12-26,0,0,0
2021-12-26,0,0,0
2021-12-26,0,0,0
2021-12-26,0,0,0
2021-12-26,0,0,0
2021-12-26,0,0,0
2021-12-26,0,0,0
2021-12-26,0,0,0
2021-12-26,0,0,0
2021-12-26,0,0,0
2021-12-26,0,0,0
2021-12-27,0,0,0
2021-12-27,0,0,0
2021-12-27,0,0,0
2021-12-27,0,0,0
2021-12-27,0,0,0
2021-12-27,0,0,0
2021-12-27,0,0,0
2021-12-27,0,0,0
2021-12-27,0,0,0
2021-12-27,0,0,0
2021-12-27,0,0,0
2021-12-27,0,0,0
2021-12-27,0,0,0
2021-12-27,0,0,0
2021-12-27,0,0,0
2021-12-27,0,0,0
2021-12-27,0,0,0
2021-12-27,0,0,0
2021-12-27,0,0,0
2021-12-27,0,0,0
2021-12-27,0,0,0
2021-12-27,0,0,0
2021-12-27,0,0,0
2021-12-27,0,0,0
2021-12-28,0,0,0
2021-12-28,0,0,0
2021-12-28,0,0,0
2021-12-28,0,0,0
2021-12-28,0,0,0
2021-12-28,0,0,0
2021-12-28,0,0,0
2021-12-28,0,0,0
2021-12-28,0,0,0
2021-12-28,0,0,0
2021-12-28,0,0,0
2021-12-28,0,0,0
2021-12-28,0,0,0
2021-12-28,0,0,0
2021-12-28,0,0,0
2021-12-28,0,0,0
2021-12-28,0,0,0
2021-12-28,0,0,0
2021-12-28,0,0,0
2021-12-28,0,0,0
2021-12-28,0,0,0
2021-12-28,0,0,0
2021-12-28,0,0,0
2021-12-28,0,0,0
2021-12-29,0,0,0
2021-12-29,0,0,0
2021-12-29,0,0,0
2021-12-29,0,0,0
2021-12-29,0,0,0
2021-12-29,0,0,0
2021-12-29,0,0,0
2021-12-29,0,0,0
2021-12-29,0,0,0
2021-12-29,0,0,0
2021-12-29,0,0,0
2021-12-29,0,0,0
2021-12-29,0,0,0
2021-12-29,0,0,0
2021-12-29,0,0,0
2021-12-29,0,0,0
2021-12-29,0,0,0
2021-12-29,0,0,0
2021-12-29,0,0,0
2021-12-29,0,0,0
2021-12-29,0,0,0
2021-12-29,0,0,0
2021-12-29,0,0,0
2021-12-29,0,0,0
2021-12-30,0,0,0
2021-12-30,0,0,0
2021-12-30,0,0,0
2021-12-30,0,0,0
2021-12-30,0,0,0
2021-12-30,0,0,0
2021-12-30,0,0,0
2021-12-30,0,0,0
2021-12-30,0,0,0
2021-12-30,0,0,0
2021-12-30,0,0,0
2021-12-30,0,0,0
2021-12-30,0,0,0
2021-12-30,0,0,0
2021-12-30,0,0,0
2021-12-30,0,0,0
2021-12-30,0,0,0
2021-12-30,0,0,0
2021-12-30,0,0,0
2021-12-30,0,0,0
2021-12-30,0,0,0
2021-12-30,0,0,0
2021-12-30,0,0,0
2021-12-30,0,0,0
2021-12-31,0,0,0
2021-12-31,0,0,0
2021-12-31,0,0,0
2021-12-31,0,0,0
2021-12-31,0,0,0
2021-12-31,0,0,0
2021-12-31,0,0,0
2021-12-31,0,0,0
2021-12-31,0,0,0
2021-12-31,0,0,0
2021-12-31,0,0,0
2021-12-31,0,0,0
2021-12-31,0,0,0
2021-12-31,0,0,0
2021-12-31,0,0,0
2021-12-31,0,0,0
2021-12-31,0,0,0
2021-12-31,0,0,0
2021-12-31,0,0,0
2021-12-31,0,0,0
2021-12-31,0,0,0
2021-12-31,0,0,0
2021-12-31,0,0,0
2021-12-31,0,0,0
2022-04-01,2,0,2
2022-04-01,0,0,0
2022-04-01,4,2,2
2022-04-01,2,2,0
2022-04-01,8,7,1
2022-04-01,22,19,3
2022-04-01,38,34,4
2022-04-01,70,61,9
2022-04-01,76,72,4
2022-04-01,37,32,5
2022-04-01,36,22,14
2022-04-01,23,16,7
2022-04-01,37,18,19
2022-04-01,37,17,20
2022-04-01,44,18,26
2022-04-01,63,23,40
2022-04-01,67,16,51
2022-04-01,96,15,81
2022-04-01,54,8,46
2022-04-01,27,4,23
2022-04-01,14,2,12
2022-04-01,5,1,4
2022-02-01,0,0,0
2022-02-01,0,0,0
2022-02-01,0,0,0
2022-02-01,0,0,0
2022-02-01,0,0,0
2022-02-01,0,0,0
2022-02-01,0,0,0
2022-02-01,0,0,0
2022-02-01,0,0,0
2022-02-01,0,0,0
2022-02-01,0,0,0
2022-02-01,0,0,0
2022-02-01,0,0,0
2022-02-01,0,0,0
2022-02-01,0,0,0
2022-02-01,0,0,0
2022-02-01,63,13,50
2022-02-01,75,11,64
2022-02-01,31,5,26
2022-02-01,13,0,13
2022-02-01,5,1,4
2022-02-01,5,1,4
2022-02-01,1,0,1
2022-02-01,0,0,0
2022-02-02,3,0,3
2022-02-02,1,0,1
2022-02-02,2,2,0
2022-02-02,1,1,0
2022-02-02,1,1,0
2022-02-02,25,18,7
2022-02-02,25,21,4
2022-02-02,50,45,5
2022-02-02,55,47,8
2022-02-02,17,15,2
2022-02-02,16,11,5
2022-02-02,12,11,1
2022-02-02,9,7,2
2022-02-02,13,6,7
2022-02-02,26,13,13
2022-02-02,41,11,30
2022-02-02,54,11,43
2022-02-02,53,10,43
2022-02-02,19,1,18
2022-02-02,14,3,11
2022-02-02,15,4,11
2022-02-02,4,1,3
2022-02-02,3,0,3
2022-02-02,1,1,0
2022-02-03,3,0,3
2022-02-03,1,1,0
2022-02-03,2,1,1
2022-02-03,0,0,0
2022-02-03,3,3,0
2022-02-03,22,16,6
2022-02-03,34,27,7
2022-02-03,47,43,4
2022-02-03,41,39,2
2022-02-03,13,11,2
2022-02-03,13,9,4
2022-02-03,14,11,3
2022-02-03,15,8,7
2022-02-03,12,5,7
2022-02-03,15,8,7
2022-02-03,38,17,21
2022-02-03,54,13,41
2022-02-03,63,12,51
2022-02-03,30,4,26
2022-02-03,19,5,14
2022-02-03,10,2,8
2022-02-03,5,3,2
2022-02-03,3,1,2
2022-02-03,4,0,4
2022-02-04,2,0,2
2022-02-04,2,1,1
2022-02-04,2,2,0
2022-02-04,0,0,0
2022-02-04,5,5,0
2022-02-04,25,19,6
2022-02-04,30,27,3
2022-02-04,46,38,8
2022-02-04,46,39,7
2022-02-04,21,19,2
2022-02-04,16,12,4
2022-02-04,19,16,3
2022-02-04,21,15,6
2022-02-04,23,4,19
2022-02-04,20,8,12
2022-02-04,35,11,24
2022-02-04,43,10,33
2022-02-04,63,6,57
2022-02-04,24,6,18
2022-02-04,12,2,10
2022-02-04,12,3,9
2022-02-04,7,4,3
2022-02-04,8,3,5
2022-02-04,3,1,2
2022-02-05,6,2,4
2022-02-05,0,0,0
2022-02-05,2,1,1
2022-02-05,3,1,2
2022-02-05,5,2,3
2022-02-05,3,2,1
2022-02-05,10,7,3
2022-02-05,10,8,2
2022-02-05,27,21,6
2022-02-05,40,23,17
2022-02-05,28,18,10
2022-02-05,42,18,24
2022-02-05,45,19,26
2022-02-05,48,19,29
2022-02-05,47,23,24
2022-02-05,39,22,17
2022-02-05,43,26,17
2022-02-05,17,2,15
2022-02-05,10,3,7
2022-02-05,6,2,4
2022-02-05,8,2,6
2022-02-05,2,1,1
2022-02-05,2,2,0
2022-02-05,6,3,3
2022-02-06,1,0,1
2022-02-06,2,0,2
2022-02-06,0,0,0
2022-02-06,4,3,1
2022-02-06,2,1,1
2022-02-06,3,3,0
2022-02-06,8,8,0
2022-02-06,7,7,0
2022-02-06,12,10,2
2022-02-06,36,28,8
2022-02-06,45,13,32
2022-02-06,43,12,31
2022-02-06,101,58,43
2022-02-06,84,41,43
2022-02-06,78,41,37
2022-02-06,67,34,33
2022-02-06,62,25,37
2022-02-06,34,19,15
2022-02-06,12,2,10
2022-02-06,2,1,1
2022-02-06,4,1,3
2022-02-06,1,0,1
2022-02-06,3,3,0
2022-02-06,1,0,1
2022-02-07,3,0,3
2022-02-07,1,1,0
2022-02-07,1,1,0
2022-02-07,1,1,0
2022-02-07,5,5,0
2022-02-07,26,18,8
2022-02-07,30,29,1
2022-02-07,69,63,6
2022-02-07,53,50,3
2022-02-07,31,24,7
2022-02-07,13,8,5
2022-02-07,8,5,3
2022-02-07,16,7,9
2022-02-07,9,4,5
2022-02-07,26,14,12
2022-02-07,54,12,42
2022-02-07,54,17,37
2022-02-07,71,10,61
2022-02-07,41,7,34
2022-02-07,12,3,9
2022-02-07,4,1,3
2022-02-07,3,0,3
2022-02-07,7,6,1
2022-02-07,1,0,1
2022-02-08,6,2,4
2022-02-08,1,1,0
2022-02-08,4,3,1
2022-02-08,3,2,1
2022-02-08,6,5,1
2022-02-08,39,32,7
2022-02-08,50,38,12
2022-02-08,67,61,6
2022-02-08,69,63,6
2022-02-08,34,28,6
2022-02-08,21,19,2
2022-02-08,16,13,3
2022-02-08,19,10,9
2022-02-08,33,15,18
2022-02-08,35,12,23
2022-02-08,44,11,33
2022-02-08,78,13,65
2022-02-08,92,21,71
2022-02-08,43,7,36
2022-02-08,18,2,16
2022-02-08,9,2,7
2022-02-08,9,5,4
2022-02-08,5,0,5
2022-02-08,4,1,3
2022-02-09,4,1,3
2022-02-09,2,2,0
2022-02-09,1,0,1
2022-02-09,2,1,1
2022-02-09,4,4,0
2022-02-09,29,25,4
2022-02-09,40,33,7
2022-02-09,72,63,9
2022-02-09,60,55,5
2022-02-09,40,35,5
2022-02-09,24,15,9
2022-02-09,27,20,7
2022-02-09,28,14,14
2022-02-09,24,11,13
2022-02-09,38,10,28
2022-02-09,71,22,49
2022-02-09,82,17,65
2022-02-09,95,17,78
2022-02-09,33,10,23
2022-02-09,15,1,14
2022-02-09,15,3,12
2022-02-09,12,5,7
2022-02-09,10,3,7
2022-02-09,3,2,1
2022-02-10,4,2,2
2022-02-10,1,0,1
2022-02-10,1,1,0
2022-02-10,1,1,0
2022-02-10,5,5,0
2022-02-10,20,15,5
2022-02-10,43,36,7
2022-02-10,66,59,7
2022-02-10,61,55,6
2022-02-10,27,21,6
2022-02-10,19,15,4
2022-02-10,22,17,5
2022-02-10,18,11,7
2022-02-10,16,6,10
2022-02-10,30,15,15
2022-02-10,47,13,34
2022-02-10,63,15,48
2022-02-10,86,15,71
2022-02-10,35,7,28
2022-02-10,15,3,12
2022-02-10,8,2,6
2022-02-10,12,4,8
2022-02-10,6,1,5
2022-02-10,3,1,2
2022-02-11,1,0,1
2022-02-11,2,0,2
2022-02-11,2,1,1
2022-02-11,4,3,1
2022-02-11,7,6,1
2022-02-11,21,19,2
2022-02-11,36,32,4
2022-02-11,58,50,8
2022-02-11,58,48,10
2022-02-11,30,22,8
2022-02-11,24,15,9
2022-02-11,23,15,8
2022-02-11,35,17,18
2022-02-11,32,15,17
2022-02-11,52,24,28
2022-02-11,52,17,35
2022-02-11,75,17,58
2022-02-11,83,16,67
2022-02-11,44,13,31
2022-02-11,7,2,5
2022-02-11,10,0,10
2022-02-11,10,3,7
2022-02-11,4,3,1
2022-02-11,6,2,4
2022-02-12,9,5,4
2022-02-12,2,1,1
2022-02-12,4,3,1
2022-02-12,0,0,0
2022-02-12,3,3,0
2022-02-12,10,7,3
2022-02-12,3,2,1
2022-02-12,10,9,1
2022-02-12,36,25,11
2022-02-12,39,24,15
2022-02-12,48,28,20
2022-02-12,87,48,39
2022-02-12,94,42,52
2022-02-12,91,40,51
2022-02-12,117,47,70
2022-02-12,95,46,49
2022-02-12,78,43,35
2022-02-12,37,13,24
2022-02-12,37,14,23
2022-02-12,8,1,7
2022-02-12,14,5,9
2022-02-12,3,1,2
2022-02-12,9,2,7
2022-02-12,5,3,2
2022-02-13,11,4,7
2022-02-13,2,1,1
2022-02-13,0,0,0
2022-02-13,1,1,0
2022-02-13,3,1,2
2022-02-13,1,1,0
2022-02-13,4,2,2
2022-02-13,4,4,0
2022-02-13,15,11,4
2022-02-13,31,24,7
2022-02-13,48,28,20
2022-02-13,72,32,40
2022-02-13,69,33,36
2022-02-13,113,57,56
2022-02-13,78,37,41
2022-02-13,51,20,31
2022-02-13,39,19,20
2022-02-13,25,12,13
2022-02-13,8,4,4
2022-02-13,9,6,3
2022-02-13,9,5,4
2022-02-13,1,0,1
2022-02-13,4,0,4
2022-02-13,2,1,1
2022-02-14,4,2,2
2022-02-14,1,1,0
2022-02-14,1,0,1
2022-02-14,3,3,0
2022-02-14,6,4,2
2022-02-14,23,17,6
2022-02-14,40,32,8
2022-02-14,54,47,7
2022-02-14,47,42,5
2022-02-14,26,22,4
2022-02-14,14,8,6
2022-02-14,10,6,4
2022-02-14,8,3,5
2022-02-14,10,1,9
2022-02-14,14,5,9
2022-02-14,35,16,19
2022-02-14,69,14,55
2022-02-14,51,9,42
2022-02-14,34,2,32
2022-02-14,8,0,8
2022-02-14,6,3,3
2022-02-14,4,3,1
2022-02-14,6,3,3
2022-02-14,7,5,2
2022-02-15,3,0,3
2022-02-15,2,1,1
2022-02-15,3,1,2
2022-02-15,2,2,0
2022-02-15,4,4,0
2022-02-15,22,17,5
2022-02-15,51,45,6
2022-02-15,73,69,4
2022-02-15,80,71,9
2022-02-15,31,22,9
2022-02-15,16,11,5
2022-02-15,19,10,9
2022-02-15,20,13,7
2022-02-15,20,12,8
2022-02-15,30,10,20
2022-02-15,41,12,29
2022-02-15,73,13,60
2022-02-15,98,12,86
2022-02-15,45,13,32
2022-02-15,14,3,11
2022-02-15,10,1,9
2022-02-15,6,2,4
2022-02-15,5,2,3
2022-02-15,3,0,3
2022-02-16,8,2,6
2022-02-16,3,0,3
2022-02-16,3,1,2
2022-02-16,0,0,0
2022-02-16,4,3,1
2022-02-16,26,21,5
2022-02-16,53,49,4
2022-02-16,82,66,16
2022-02-16,69,66,3
2022-02-16,48,36,12
2022-02-16,27,24,3
2022-02-16,21,10,11
2022-02-16,22,13,9
2022-02-16,36,14,22
2022-02-16,44,19,25
2022-02-16,57,17,40
2022-02-16,84,20,64
2022-02-16,86,13,73
2022-02-16,64,8,56
2022-02-16,12,2,10
2022-02-16,12,1,11
2022-02-16,8,4,4
2022-02-16,7,2,5
2022-02-16,1,0,1
2022-02-17,8,4,4
2022-02-17,2,0,2
2022-02-17,1,0,1
2022-02-17,0,0,0
2022-02-17,2,1,1
2022-02-17,29,24,5
2022-02-17,49,44,5
2022-02-17,82,75,7
2022-02-17,73,65,8
2022-02-17,34,30,4
2022-02-17,25,16,9
2022-02-17,35,21,14
2022-02-17,27,19,8
2022-02-17,32,12,20
2022-02-17,38,14,24
2022-02-17,41,11,30
2022-02-17,79,15,64
2022-02-17,90,10,80
2022-02-17,53,11,42
2022-02-17,18,4,14
2022-02-17,18,7,11
2022-02-17,12,5,7
2022-02-17,11,5,6
2022-02-17,3,2,1
2022-02-18,5,0,5
2022-02-18,2,2,0
2022-02-18,4,1,3
2022-02-18,2,1,1
2022-02-18,6,5,1
2022-02-18,30,26,4
2022-02-18,43,40,3
2022-02-18,60,52,8
2022-02-18,70,62,8
2022-02-18,30,22,8
2022-02-18,38,22,16
2022-02-18,35,21,14
2022-02-18,25,13,12
2022-02-18,32,11,21
2022-02-18,45,22,23
2022-02-18,48,19,29
2022-02-18,90,21,69
2022-02-18,81,17,64
2022-02-18,49,12,37
2022-02-18,15,3,12
2022-02-18,8,1,7
2022-02-18,9,4,5
2022-02-18,7,2,5
2022-02-18,10,3,7
2022-02-19,4,3,1
2022-02-19,3,3,0
2022-02-19,4,2,2
2022-02-19,2,1,1
2022-02-19,2,1,1
2022-02-19,6,6,0
2022-02-19,5,3,2
2022-02-19,5,3,2
2022-02-19,29,15,14
2022-02-19,30,22,8
2022-02-19,17,9,8
2022-02-19,26,15,11
2022-02-19,27,12,15
2022-02-19,24,7,17
2022-02-19,23,12,11
2022-02-19,24,8,16
2022-02-19,13,8,5
2022-02-19,5,2,3
2022-02-19,5,0,5
2022-02-19,4,1,3
2022-02-19,6,2,4
2022-02-19,3,1,2
2022-02-19,2,1,1
2022-02-19,1,1,0
2022-02-20,1,1,0
2022-02-20,3,2,1
2022-02-20,0,0,0
2022-02-20,2,2,0
2022-02-20,3,1,2
2022-02-20,1,1,0
2022-02-20,2,1,1
2022-02-20,5,4,1
2022-02-20,10,4,6
2022-02-20,17,11,6
2022-02-20,17,9,8
2022-02-20,23,17,6
2022-02-20,35,15,20
2022-02-20,43,14,29
2022-02-20,39,20,19
2022-02-20,38,23,15
2022-02-20,18,8,10
2022-02-20,14,4,10
2022-02-20,2,1,1
2022-02-20,6,0,6
2022-02-20,1,0,1
2022-02-20,0,0,0
2022-02-20,3,2,1
2022-02-20,1,0,1
2022-02-21,1,0,1
2022-02-21,3,1,2
2022-02-21,1,1,0
2022-02-21,1,1,0
2022-02-21,3,2,1
2022-02-21,8,6,2
2022-02-21,11,11,0
2022-02-21,22,21,1
2022-02-21,21,17,4
2022-02-21,12,7,5
2022-02-21,14,11,3
2022-02-21,15,5,10
2022-02-21,19,12,7
2022-02-21,27,14,13
2022-02-21,27,9,18
2022-02-21,32,16,16
2022-02-21,52,19,33
2022-02-21,37,12,25
2022-02-21,13,0,13
2022-02-21,9,3,6
2022-02-21,4,0,4
2022-02-21,4,1,3
2022-02-21,3,0,3
2022-02-21,1,0,1
2022-02-22,0,0,0
2022-02-22,0,0,0
2022-02-22,1,0,1
2022-02-22,1,1,0
2022-02-22,3,2,1
2022-02-22,18,12,6
2022-02-22,16,14,2
2022-02-22,25,24,1
2022-02-22,25,20,5
2022-02-22,11,7,4
2022-02-22,5,5,0
2022-02-22,4,2,2
2022-02-22,9,5,4
2022-02-22,8,3,5
2022-02-22,10,5,5
2022-02-22,14,5,9
2022-02-22,27,3,24
2022-02-22,31,8,23
2022-02-22,13,4,9
2022-02-22,6,3,3
2022-02-22,11,7,4
2022-02-22,3,1,2
2022-02-22,3,2,1
2022-02-22,1,0,1
2022-02-23,4,0,4
2022-02-23,0,0,0
2022-02-23,2,0,2
2022-02-23,0,0,0
2022-02-23,3,3,0
2022-02-23,15,10,5
2022-02-23,20,16,4
2022-02-23,26,25,1
2022-02-23,29,29,0
2022-02-23,20,17,3
2022-02-23,9,8,1
2022-02-23,16,9,7
2022-02-23,16,13,3
2022-02-23,17,8,9
2022-02-23,20,6,14
2022-02-23,31,13,18
2022-02-23,41,10,31
2022-02-23,44,7,37
2022-02-23,25,5,20
2022-02-23,4,1,3
2022-02-23,8,2,6
2022-02-23,3,1,2
2022-02-23,3,1,2
2022-02-23,4,1,3
2022-02-24,1,0,1
2022-02-24,1,1,0
2022-02-24,3,2,1
2022-02-24,1,1,0
2022-02-24,2,2,0
2022-02-24,12,9,3
2022-02-24,15,13,2
2022-02-24,23,23,0
2022-02-24,24,22,2
2022-02-24,20,16,4
2022-02-24,8,6,2
2022-02-24,10,6,4
2022-02-24,16,12,4
2022-02-24,10,5,5
2022-02-24,26,9,17
2022-02-24,30,12,18
2022-02-24,37,12,25
2022-02-24,46,7,39
2022-02-24,12,3,9
2022-02-24,11,3,8
2022-02-24,8,1,7
2022-02-24,9,1,8
2022-02-24,1,0,1
2022-02-24,5,1,4
2022-02-25,1,1,0
2022-02-25,2,0,2
2022-02-25,0,0,0
2022-02-25,1,1,0
2022-02-25,6,6,0
2022-02-25,14,13,1
2022-02-25,13,12,1
2022-02-25,34,29,5
2022-02-25,27,25,2
2022-02-25,20,18,2
2022-02-25,13,10,3
2022-02-25,15,6,9
2022-02-25,15,9,6
2022-02-25,36,18,18
2022-02-25,42,19,23
2022-02-25,56,15,41
2022-02-25,55,14,41
2022-02-25,51,10,41
2022-02-25,23,7,16
2022-02-25,8,5,3
2022-02-25,3,0,3
2022-02-25,4,3,1
2022-02-25,7,0,7
2022-02-25,2,0,2
2022-02-26,3,0,3
2022-02-26,0,0,0
2022-02-26,3,2,1
2022-02-26,1,1,0
2022-02-26,2,2,0
2022-02-26,5,5,0
2022-02-26,12,10,2
2022-02-26,11,9,2
2022-02-26,37,14,23
2022-02-26,25,20,5
2022-02-26,35,16,19
2022-02-26,61,40,21
2022-02-26,34,7,27
2022-02-26,31,15,16
2022-02-26,36,19,17
2022-02-26,22,10,12
2022-02-26,4,0,4
2022-02-26,11,3,8
2022-02-26,8,2,6
2022-02-26,4,2,2
2022-02-26,3,0,3
2022-02-26,1,1,0
2022-02-26,1,0,1
2022-02-26,7,2,5
2022-02-27,2,2,0
2022-02-27,0,0,0
2022-02-27,0,0,0
2022-02-27,1,0,1
2022-02-27,2,2,0
2022-02-27,2,2,0
2022-02-27,5,3,2
2022-02-27,15,15,0
2022-02-27,19,16,3
2022-02-27,8,4,4
2022-02-27,15,7,8
2022-02-27,13,7,6
2022-02-27,15,6,9
2022-02-27,15,6,9
2022-02-27,21,4,17
2022-02-27,8,1,7
2022-02-27,4,1,3
2022-02-27,5,2,3
2022-02-27,5,3,2
2022-02-27,2,1,1
2022-02-27,2,1,1
2022-02-27,2,0,2
2022-02-27,4,3,1
2022-02-27,1,1,0
2022-02-28,1,0,1
2022-02-28,0,0,0
2022-02-28,0,0,0
2022-02-28,0,0,0
2022-02-28,7,6,1
2022-02-28,16,13,3
2022-02-28,24,20,4
2022-02-28,30,25,5
2022-02-28,36,33,3
2022-02-28,14,11,3
2022-02-28,9,6,3
2022-02-28,6,4,2
2022-02-28,0,0,0
2022-02-28,9,3,6
2022-02-28,11,3,8
2022-02-28,21,5,16
2022-02-28,24,4,20
2022-02-28,42,5,37
2022-02-28,23,3,20
2022-02-28,4,2,2
2022-02-28,0,0,0
2022-02-28,0,0,0
2022-02-28,0,0,0
2022-02-28,0,0,0
2022-04-01,4,1,3
2022-04-01,8,0,8
2022-04-02,2,1,1
2022-04-02,2,1,1
2022-04-02,0,0,0
2022-04-02,3,2,1
2022-04-02,1,1,0
2022-03-01,0,0,0
2022-03-01,0,0,0
2022-03-01,0,0,0
2022-03-01,0,0,0
2022-03-01,0,0,0
2022-03-01,0,0,0
2022-03-01,0,0,0
2022-03-01,0,0,0
2022-03-01,0,0,0
2022-03-01,0,0,0
2022-03-01,0,0,0
2022-03-01,0,0,0
2022-03-01,0,0,0
2022-03-01,0,0,0
2022-03-01,0,0,0
2022-03-01,0,0,0
2022-03-01,0,0,0
2022-03-01,0,0,0
2022-03-01,0,0,0
2022-03-01,0,0,0
2022-03-01,0,0,0
2022-03-01,0,0,0
2022-03-01,0,0,0
2022-03-01,0,0,0
2022-03-02,0,0,0
2022-03-02,0,0,0
2022-03-02,0,0,0
2022-03-02,0,0,0
2022-03-02,0,0,0
2022-03-02,0,0,0
2022-03-02,0,0,0
2022-03-02,0,0,0
2022-03-02,0,0,0
2022-03-02,0,0,0
2022-03-02,0,0,0
2022-03-02,0,0,0
2022-03-02,0,0,0
2022-03-02,0,0,0
2022-03-02,0,0,0
2022-03-02,0,0,0
2022-03-02,0,0,0
2022-03-02,0,0,0
2022-03-02,0,0,0
2022-03-02,0,0,0
2022-03-02,0,0,0
2022-03-02,0,0,0
2022-03-02,0,0,0
2022-03-02,0,0,0
2022-03-03,0,0,0
2022-03-03,0,0,0
2022-03-03,0,0,0
2022-03-03,0,0,0
2022-03-03,0,0,0
2022-03-03,0,0,0
2022-03-03,0,0,0
2022-03-03,0,0,0
2022-03-03,0,0,0
2022-03-03,0,0,0
2022-03-03,0,0,0
2022-03-03,12,10,2
2022-03-03,17,12,5
2022-03-03,26,15,11
2022-03-03,32,14,18
2022-03-03,44,18,26
2022-03-03,81,21,60
2022-03-03,82,12,70
2022-03-03,46,10,36
2022-03-03,17,6,11
2022-03-03,13,3,10
2022-03-03,9,2,7
2022-03-03,4,1,3
2022-03-03,5,1,4
2022-03-04,4,3,1
2022-03-04,2,1,1
2022-03-04,0,0,0
2022-03-04,2,1,1
2022-03-04,10,9,1
2022-03-04,15,13,2
2022-03-04,26,24,2
2022-03-04,64,53,11
2022-03-04,55,51,4
2022-03-04,43,36,7
2022-03-04,18,15,3
2022-03-04,17,9,8
2022-03-04,21,10,11
2022-03-04,29,14,15
2022-03-04,28,9,19
2022-03-04,42,12,30
2022-03-04,65,8,57
2022-03-04,77,8,69
2022-03-04,43,10,33
2022-03-04,18,2,16
2022-03-04,11,2,9
2022-03-04,12,5,7
2022-03-04,5,3,2
2022-03-04,28,25,3
2022-03-05,4,1,3
2022-03-05,4,1,3
2022-03-05,1,1,0
2022-03-05,2,1,1
2022-03-05,3,0,3
2022-03-05,7,7,0
2022-03-05,6,4,2
2022-03-05,16,13,3
2022-03-05,33,23,10
2022-03-05,30,22,8
2022-03-05,36,13,23
2022-03-05,42,21,21
2022-03-05,55,27,28
2022-03-05,74,28,46
2022-03-05,77,47,30
2022-03-05,76,38,38
2022-03-05,62,37,25
2022-03-05,43,20,23
2022-03-05,19,8,11
2022-03-05,9,1,8
2022-03-05,11,7,4
2022-03-05,5,2,3
2022-03-05,7,4,3
2022-03-05,3,1,2
2022-03-06,5,2,3
2022-03-06,2,1,1
2022-03-06,0,0,0
2022-03-06,1,1,0
2022-03-06,1,1,0
2022-03-06,5,4,1
2022-03-06,7,4,3
2022-03-06,13,7,6
2022-03-06,38,35,3
2022-03-06,35,22,13
2022-03-06,46,15,31
2022-03-06,49,18,31
2022-03-06,67,32,35
2022-03-06,53,27,26
2022-03-06,69,31,38
2022-03-06,57,27,30
2022-03-06,64,26,38
2022-03-06,27,13,14
2022-03-06,19,8,11
2022-03-06,9,4,5
2022-03-06,4,1,3
2022-03-06,5,3,2
2022-03-06,2,1,1
2022-03-06,1,0,1
2022-03-07,3,1,2
2022-03-07,0,0,0
2022-03-07,2,2,0
2022-03-07,1,0,1
2022-03-07,7,7,0
2022-03-07,23,17,6
2022-03-07,52,49,3
2022-03-07,81,69,12
2022-03-07,58,51,7
2022-03-07,38,26,12
2022-03-07,18,12,6
2022-03-07,17,12,5
2022-03-07,15,6,9
2022-03-07,25,13,12
2022-03-07,34,16,18
2022-03-07,55,19,36
2022-03-07,85,13,72
2022-03-07,81,16,65
2022-03-07,46,7,39
2022-03-07,20,3,17
2022-03-07,10,2,8
2022-03-07,5,1,4
2022-03-07,4,0,4
2022-03-07,2,2,0
2022-03-08,3,0,3
2022-03-08,0,0,0
2022-03-08,1,0,1
2022-03-08,2,1,1
2022-03-08,11,5,6
2022-03-08,21,14,7
2022-03-08,43,41,2
2022-03-08,70,61,9
2022-03-08,49,46,3
2022-03-08,30,26,4
2022-03-08,14,11,3
2022-03-08,15,12,3
2022-03-08,7,5,2
2022-03-08,17,7,10
2022-03-08,25,9,16
2022-03-08,41,15,26
2022-03-08,58,12,46
2022-03-08,92,18,74
2022-03-08,36,5,31
2022-03-08,18,1,17
2022-03-08,12,2,10
2022-03-08,12,3,9
2022-03-08,5,1,4
2022-03-08,1,0,1
2022-03-09,4,0,4
2022-03-09,5,2,3
2022-03-09,3,3,0
2022-03-09,0,0,0
2022-03-09,9,8,1
2022-03-09,27,22,5
2022-03-09,47,41,6
2022-03-09,82,74,8
2022-03-09,80,76,4
2022-03-09,43,39,4
2022-03-09,32,25,7
2022-03-09,23,11,12
2022-03-09,31,19,12
2022-03-09,40,13,27
2022-03-09,54,23,31
2022-03-09,62,20,42
2022-03-09,93,20,73
2022-03-09,106,16,90
2022-03-09,64,10,54
2022-03-09,21,6,15
2022-03-09,10,2,8
2022-03-09,7,2,5
2022-03-09,7,2,5
2022-03-09,3,0,3
2022-03-10,5,0,5
2022-03-10,0,0,0
2022-03-10,0,0,0
2022-03-10,1,1,0
2022-03-10,6,6,0
2022-03-10,16,13,3
2022-03-10,40,37,3
2022-03-10,84,74,10
2022-03-10,73,68,5
2022-03-10,43,35,8
2022-03-10,18,11,7
2022-03-10,25,16,9
2022-03-10,25,14,11
2022-03-10,41,28,13
2022-03-10,33,7,26
2022-03-10,63,21,42
2022-03-10,77,18,59
2022-03-10,88,13,75
2022-03-10,53,7,46
2022-03-10,26,4,22
2022-03-10,17,4,13
2022-03-10,7,1,6
2022-03-10,7,1,6
2022-03-10,2,2,0
2022-03-11,3,0,3
2022-03-11,1,0,1
2022-03-11,1,1,0
2022-03-11,1,1,0
2022-03-11,7,6,1
2022-03-11,19,16,3
2022-03-11,34,30,4
2022-03-11,72,59,13
2022-03-11,68,63,5
2022-03-11,23,13,10
2022-03-11,20,13,7
2022-03-11,23,17,6
2022-03-11,15,7,8
2022-03-11,31,17,14
2022-03-11,35,14,21
2022-03-11,59,21,38
2022-03-11,74,18,56
2022-03-11,87,15,72
2022-03-11,39,9,30
2022-03-11,16,4,12
2022-03-11,8,1,7
2022-03-11,10,2,8
2022-03-11,7,3,4
2022-03-11,2,0,2
2022-03-12,3,1,2
2022-03-12,3,0,3
2022-03-12,0,0,0
2022-03-12,2,2,0
2022-03-12,2,2,0
2022-03-12,9,8,1
2022-03-12,4,3,1
2022-03-12,15,12,3
2022-03-12,34,21,13
2022-03-12,40,17,23
2022-03-12,65,43,22
2022-03-12,84,47,37
2022-03-12,64,40,24
2022-03-12,92,47,45
2022-03-12,80,35,45
2022-03-12,56,20,36
2022-03-12,24,9,15
2022-03-12,10,3,7
2022-03-12,12,1,11
2022-03-12,8,1,7
2022-03-12,1,0,1
2022-03-12,3,2,1
2022-03-12,3,1,2
2022-03-12,6,6,0
2022-03-13,3,1,2
2022-03-13,2,1,1
2022-03-13,,,
2022-03-13,1,1,0
2022-03-13,2,2,0
2022-03-13,2,2,0
2022-03-13,5,4,1
2022-03-13,5,3,2
2022-03-13,8,6,2
2022-03-13,15,10,5
2022-03-13,34,26,8
2022-03-13,56,16,40
2022-03-13,54,25,29
2022-03-13,62,31,31
2022-03-13,44,19,25
2022-03-13,41,25,16
2022-03-13,31,17,14
2022-03-13,28,11,17
2022-03-13,16,8,8
2022-03-13,7,3,4
2022-03-13,8,3,5
2022-03-13,4,3,1
2022-03-13,2,1,1
2022-03-13,1,0,1
2022-03-14,0,0,0
2022-03-14,2,1,1
2022-03-14,0,0,0
2022-03-14,2,1,1
2022-03-14,7,6,1
2022-03-14,23,20,3
2022-03-14,31,27,4
2022-03-14,57,49,8
2022-03-14,53,46,7
2022-03-14,16,13,3
2022-03-14,25,14,11
2022-03-14,9,4,5
2022-03-14,7,7,0
2022-03-14,10,1,9
2022-03-14,10,7,3
2022-03-14,26,3,23
2022-03-14,43,7,36
2022-03-14,57,5,52
2022-03-14,34,3,31
2022-03-14,7,1,6
2022-03-14,1,0,1
2022-03-14,4,2,2
2022-03-14,2,0,2
2022-03-14,1,0,1
2022-03-15,3,1,2
2022-03-15,1,1,0
2022-03-15,1,0,1
2022-03-15,3,2,1
2022-03-15,8,7,1
2022-03-15,18,14,4
2022-03-15,36,33,3
2022-03-15,64,57,7
2022-03-15,63,57,6
2022-03-15,31,27,4
2022-03-15,13,11,2
2022-03-15,10,8,2
2022-03-15,19,11,8
2022-03-15,16,6,10
2022-03-15,28,8,20
2022-03-15,37,12,25
2022-03-15,49,9,40
2022-03-15,92,13,79
2022-03-15,46,10,36
2022-03-15,11,0,11
2022-03-15,7,0,7
2022-03-15,3,1,2
2022-03-15,4,1,3
2022-03-15,3,0,3
2022-03-16,1,0,1
2022-03-16,0,0,0
2022-03-16,3,0,3
2022-03-16,1,1,0
2022-03-16,5,4,1
2022-03-16,20,17,3
2022-03-16,42,38,4
2022-03-16,87,79,8
2022-03-16,68,66,2
2022-03-16,43,38,5
2022-03-16,23,16,7
2022-03-16,18,13,5
2022-03-16,16,8,8
2022-03-16,23,13,10
2022-03-16,39,19,20
2022-03-16,54,17,37
2022-03-16,95,24,71
2022-03-16,130,25,105
2022-03-16,80,19,61
2022-03-16,35,12,23
2022-03-16,18,5,13
2022-03-16,7,1,6
2022-03-16,4,1,3
2022-03-16,7,1,6
2022-03-17,2,0,2
2022-03-17,1,0,1
2022-03-17,1,0,1
2022-03-17,4,1,3
2022-03-17,6,4,2
2022-03-17,14,13,1
2022-03-17,37,34,3
2022-03-17,73,65,8
2022-03-17,72,67,5
2022-03-17,38,33,5
2022-03-17,14,13,1
2022-03-17,17,12,5
2022-03-17,14,10,4
2022-03-17,31,14,17
2022-03-17,32,14,18
2022-03-17,36,9,27
2022-03-17,64,5,59
2022-03-17,69,6,63
2022-03-17,56,4,52
2022-03-17,25,5,20
2022-03-17,14,4,10
2022-03-17,5,0,5
2022-03-17,2,2,0
2022-03-17,1,0,1
2022-03-18,1,0,1
2022-03-18,1,0,1
2022-03-18,3,1,2
2022-03-18,2,0,2
2022-03-18,8,7,1
2022-03-18,16,13,3
2022-03-18,33,30,3
2022-03-18,56,52,4
2022-03-18,73,68,5
2022-03-18,35,28,7
2022-03-18,21,17,4
2022-03-18,21,15,6
2022-03-18,10,3,7
2022-03-18,30,12,18
2022-03-18,32,12,20
2022-03-18,48,20,28
2022-03-18,77,15,62
2022-03-18,81,14,67
2022-03-18,48,9,39
2022-03-18,25,9,16
2022-03-18,6,0,6
2022-03-18,5,1,4
2022-03-18,2,0,2
2022-03-18,1,0,1
2022-03-19,2,0,2
2022-03-19,1,0,1
2022-03-19,0,0,0
2022-03-19,0,0,0
2022-03-19,3,2,1
2022-03-19,1,1,0
2022-03-19,3,2,1
2022-03-19,5,1,4
2022-03-19,7,5,2
2022-03-19,16,12,4
2022-03-19,17,11,6
2022-03-19,17,10,7
2022-03-19,40,21,19
2022-03-19,27,13,14
2022-03-19,22,9,13
2022-03-19,31,15,16
2022-03-19,13,4,9
2022-03-19,14,7,7
2022-03-19,8,2,6
2022-03-19,6,3,3
2022-03-19,6,2,4
2022-03-19,5,2,3
2022-03-19,7,4,3
2022-03-19,2,1,1
2022-03-20,1,1,0
2022-03-20,1,1,0
2022-03-20,1,0,1
2022-03-20,2,1,1
2022-03-20,1,1,0
2022-03-20,2,2,0
2022-03-20,3,3,0
2022-03-20,12,9,3
2022-03-20,13,8,5
2022-03-20,25,13,12
2022-03-20,35,20,15
2022-03-20,52,22,30
2022-03-20,43,14,29
2022-03-20,34,18,16
2022-03-20,18,8,10
2022-03-20,6,6,0
2022-03-20,10,0,10
2022-03-20,8,0,8
2022-03-20,7,2,5
2022-03-20,5,2,3
2022-03-20,1,1,0
2022-03-20,1,1,0
2022-03-20,0,0,0
2022-03-20,2,2,0
2022-03-21,1,0,1
2022-03-21,4,2,2
2022-03-21,2,0,2
2022-03-21,0,0,0
2022-03-21,5,5,0
2022-03-21,11,9,2
2022-03-21,23,18,5
2022-03-21,53,46,7
2022-03-21,39,36,3
2022-03-21,16,15,1
2022-03-21,10,8,2
2022-03-21,2,0,2
2022-03-21,7,6,1
2022-03-21,8,2,6
2022-03-21,18,5,13
2022-03-21,33,15,18
2022-03-21,43,7,36
2022-03-21,50,6,44
2022-03-21,35,5,30
2022-03-21,16,4,12
2022-03-21,4,2,2
2022-03-21,2,1,1
2022-03-21,1,0,1
2022-03-21,5,1,4
2022-03-22,0,0,0
2022-03-22,0,0,0
2022-03-22,0,0,0
2022-03-22,3,1,2
2022-03-22,10,9,1
2022-03-22,15,13,2
2022-03-22,46,38,8
2022-03-22,92,82,10
2022-03-22,88,81,7
2022-03-22,50,46,4
2022-03-22,23,16,7
2022-03-22,23,19,4
2022-03-22,19,10,9
2022-03-22,38,20,18
2022-03-22,41,15,26
2022-03-22,69,31,38
2022-03-22,113,18,95
2022-03-22,147,28,119
2022-03-22,88,19,69
2022-03-22,31,16,15
2022-03-22,20,11,9
2022-03-22,11,1,10
2022-03-22,8,5,3
2022-03-22,6,1,5
2022-03-23,3,1,2
2022-03-23,1,0,1
2022-03-23,1,0,1
2022-03-23,1,1,0
2022-03-23,8,8,0
2022-03-23,18,15,3
2022-03-23,44,35,9
2022-03-23,78,69,9
2022-03-23,67,63,4
2022-03-23,45,41,4
2022-03-23,18,15,3
2022-03-23,19,11,8
2022-03-23,21,13,8
2022-03-23,14,6,8
2022-03-23,30,12,18
2022-03-23,35,8,27
2022-03-23,89,15,74
2022-03-23,74,12,62
2022-03-23,38,5,33
2022-03-23,23,2,21
2022-03-23,11,1,10
2022-03-23,12,2,10
2022-03-23,3,0,3
2022-03-23,0,0,0
2022-03-24,1,0,1
2022-03-24,0,0,0
2022-03-24,1,0,1
2022-03-24,5,3,2
2022-03-24,8,7,1
2022-03-24,22,18,4
2022-03-24,44,38,6
2022-03-24,78,73,5
2022-03-24,76,67,9
2022-03-24,59,52,7
2022-03-24,35,29,6
2022-03-24,24,11,13
2022-03-24,29,13,16
2022-03-24,30,17,13
2022-03-24,41,18,23
2022-03-24,61,14,47
2022-03-24,112,27,85
2022-03-24,104,16,88
2022-03-24,79,19,60
2022-03-24,25,7,18
2022-03-24,17,4,13
2022-03-24,11,4,7
2022-03-24,4,1,3
2022-03-24,5,2,3
2022-03-25,3,0,3
2022-03-25,3,3,0
2022-03-25,4,1,3
2022-03-25,1,0,1
2022-03-25,7,7,0
2022-03-25,18,14,4
2022-03-25,42,37,5
2022-03-25,67,56,11
2022-03-25,59,55,4
2022-03-25,51,40,11
2022-03-25,44,30,14
2022-03-25,28,19,9
2022-03-25,31,12,19
2022-03-25,42,18,24
2022-03-25,57,28,29
2022-03-25,71,16,55
2022-03-25,79,27,52
2022-03-25,111,31,80
2022-03-25,62,14,48
2022-03-25,32,13,19
2022-03-25,13,1,12
2022-03-25,14,5,9
2022-03-25,9,1,8
2022-03-25,7,3,4
2022-03-26,3,0,3
2022-03-26,3,2,1
2022-03-26,1,1,0
2022-03-26,3,1,2
2022-03-26,2,2,0
2022-03-26,3,3,0
2022-03-26,5,4,1
2022-03-26,8,6,2
2022-03-26,25,17,8
2022-03-26,26,16,10
2022-03-26,33,16,17
2022-03-26,32,17,15
2022-03-26,35,18,17
2022-03-26,31,18,13
2022-03-26,44,21,23
2022-03-26,37,13,24
2022-03-26,22,8,14
2022-03-26,29,20,9
2022-03-26,22,2,20
2022-03-26,9,4,5
2022-03-26,7,4,3
2022-03-26,5,2,3
2022-03-26,13,2,11
2022-03-26,5,1,4
2022-03-27,7,1,6
2022-03-27,2,1,1
2022-03-27,3,2,1
2022-03-27,4,3,1
2022-03-27,2,2,0
2022-03-27,4,3,1
2022-03-27,9,4,5
2022-03-27,11,6,5
2022-03-27,22,15,7
2022-03-27,46,29,17
2022-03-27,34,19,15
2022-03-27,90,55,35
2022-03-27,77,46,31
2022-03-27,85,34,51
2022-03-27,81,34,47
2022-03-27,73,37,36
2022-03-27,62,23,39
2022-03-27,57,36,21
2022-03-27,28,13,15
2022-03-27,12,5,7
2022-03-27,7,1,6
2022-03-27,9,5,4
2022-03-27,2,1,1
2022-03-27,4,2,2
2022-03-28,6,1,5
2022-03-28,0,0,0
2022-03-28,3,1,2
2022-03-28,2,1,1
2022-03-28,11,9,2
2022-03-28,31,26,5
2022-03-28,41,35,6
2022-03-28,91,84,7
2022-03-28,83,78,5
2022-03-28,39,32,7
2022-03-28,35,26,9
2022-03-28,26,17,9
2022-03-28,18,9,9
2022-03-28,22,8,14
2022-03-28,28,8,20
2022-03-28,48,15,33
2022-03-28,95,11,84
2022-03-28,82,9,73
2022-03-28,59,9,50
2022-03-28,21,5,16
2022-03-28,7,3,4
2022-03-28,5,0,5
2022-03-28,7,2,5
2022-03-28,4,1,3
2022-03-29,3,0,3
2022-03-29,2,0,2
2022-03-29,2,1,1
2022-03-29,1,1,0
2022-03-29,5,5,0
2022-03-29,34,30,4
2022-03-29,53,46,7
2022-03-29,109,99,10
2022-03-29,120,110,10
2022-03-29,55,48,7
2022-03-29,31,20,11
2022-03-29,32,21,11
2022-03-29,33,21,12
2022-03-29,38,15,23
2022-03-29,39,14,25
2022-03-29,83,29,54
2022-03-29,123,20,103
2022-03-29,166,33,133
2022-03-29,89,18,71
2022-03-29,35,6,29
2022-03-29,14,3,11
2022-03-29,15,3,12
2022-03-29,11,6,5
2022-03-29,6,0,6
2022-03-30,2,0,2
2022-03-30,1,0,1
2022-03-30,1,1,0
2022-03-30,2,2,0
2022-03-30,9,8,1
2022-03-30,23,18,5
2022-03-30,50,46,4
2022-03-30,77,73,4
2022-03-30,67,62,5
2022-03-30,39,34,5
2022-03-30,25,19,6
2022-03-30,15,9,6
2022-03-30,19,8,11
2022-03-30,31,15,16
2022-03-30,23,11,12
2022-03-30,41,8,33
2022-03-30,78,17,61
2022-03-30,86,18,68
2022-03-30,42,7,35
2022-03-30,24,2,22
2022-03-30,16,1,15
2022-03-30,9,1,8
2022-03-30,3,1,2
2022-03-30,5,0,5
2022-03-31,1,0,1
2022-03-31,2,0,2
2022-03-31,2,2,0
2022-03-31,1,1,0
2022-03-31,6,6,0
2022-03-31,22,21,1
2022-03-31,54,47,7
2022-03-31,92,81,11
2022-03-31,81,75,6
2022-03-31,48,40,8
2022-03-31,24,17,7
2022-03-31,13,10,3
2022-03-31,,,
2022-03-31,,,
2022-03-31,,,
2022-03-31,,,
2022-03-31,,,
2022-03-31,,,
2022-03-31,,,
2022-03-31,,,
2022-03-31,,,
2022-03-31,,,
2022-03-31,,,
2022-03-31,,,
2022-04-02,2,1,1
2022-04-02,5,4,1
2022-04-02,16,8,8
2022-04-02,29,20,9
2022-04-02,27,14,13
2022-04-02,57,38,19
2022-04-02,85,47,38
2022-04-02,80,42,38
2022-04-02,78,50,28
2022-04-02,66,32,34
2022-04-02,64,27,37
2022-04-02,70,24,46
2022-04-02,44,18,26
2022-04-02,47,27,20
2022-04-02,29,9,20
2022-04-02,10,5,5
2022-04-02,7,1,6
2022-04-02,6,1,5
2022-04-02,2,1,1
2022-04-03,1,1,0
2022-04-03,9,4,5
2022-04-03,2,0,2
2022-04-03,0,0,0
2022-04-03,3,3,0
2022-04-03,4,4,0
2022-04-03,5,3,2
2022-04-03,10,6,4
2022-04-03,17,15,2
2022-04-03,26,14,12
2022-04-03,23,12,11
2022-04-03,32,18,14
2022-04-03,16,9,7
2022-04-03,19,5,14
2022-04-03,16,8,8
2022-04-03,9,3,6
2022-04-03,5,1,4
2022-04-03,4,0,4
2022-04-03,9,2,7
2022-04-03,5,3,2
2022-04-03,2,2,0
2022-04-03,0,0,0
2022-04-03,1,0,1
2022-04-03,2,0,2
2022-04-04,1,0,1
2022-04-04,1,0,1
2022-04-04,1,1,0
2022-04-04,0,0,0
2022-04-04,4,4,0
2022-04-04,8,7,1
2022-04-04,25,24,1
2022-04-04,54,50,4
2022-04-04,51,48,3
2022-04-04,27,20,7
2022-04-04,9,7,2
2022-04-04,4,2,2
2022-04-04,10,7,3
2022-04-04,7,1,6
2022-04-04,13,5,8
2022-04-04,25,5,20
2022-04-04,36,5,31
2022-04-04,49,6,43
2022-04-04,31,3,28
2022-04-04,19,8,11
2022-04-04,7,1,6
2022-04-04,3,1,2
2022-04-04,4,1,3
2022-04-04,1,1,0
2022-04-05,0,0,0
2022-04-05,2,2,0
2022-04-05,1,1,0
2022-04-05,0,0,0
2022-04-05,4,4,0
2022-04-05,26,22,4
2022-04-05,49,44,5
2022-04-05,86,83,3
2022-04-05,89,82,7
2022-04-05,39,34,5
2022-04-05,34,18,16
2022-04-05,20,16,4
2022-04-05,25,11,14
2022-04-05,23,11,12
2022-04-05,52,27,25
2022-04-05,42,9,33
2022-04-05,100,17,83
2022-04-05,102,14,88
2022-04-05,87,11,76
2022-04-05,31,7,24
2022-04-05,22,8,14
2022-04-05,12,9,3
2022-04-05,7,2,5
2022-04-05,7,2,5
2022-04-06,2,1,1
2022-04-06,2,1,1
2022-04-06,1,0,1
2022-04-06,1,1,0
2022-04-06,7,5,2
2022-04-06,21,18,3
2022-04-06,49,44,5
2022-04-06,98,92,6
2022-04-06,108,102,6
2022-04-06,58,49,9
2022-04-06,29,22,7
2022-04-06,25,13,12
2022-04-06,30,16,14
2022-04-06,39,18,21
2022-04-06,44,18,26
2022-04-06,71,14,57
2022-04-06,109,23,86
2022-04-06,133,29,104
2022-04-06,86,18,68
2022-04-06,46,17,29
2022-04-06,21,6,15
2022-04-06,18,2,16
2022-04-06,6,2,4
2022-04-06,8,2,6
2022-04-07,2,0,2
2022-04-07,0,0,0
2022-04-07,2,1,1
2022-04-07,1,1,0
2022-04-07,5,5,0
2022-04-07,29,27,2
2022-04-07,49,47,2
2022-04-07,113,101,12
2022-04-07,117,109,8
2022-04-07,62,55,7
2022-04-07,51,41,10
2022-04-07,42,23,19
2022-04-07,44,27,17
2022-04-07,50,20,30
2022-04-07,50,17,33
2022-04-07,95,29,66
2022-04-07,161,39,122
2022-04-07,168,30,138
2022-04-07,129,42,87
2022-04-07,89,25,64
2022-04-07,43,15,28
2022-04-07,20,5,15
2022-04-07,28,21,7
2022-04-07,8,3,5
2022-04-08,3,1,2
2022-04-08,0,0,0
2022-04-08,2,1,1
2022-04-08,2,2,0
2022-04-08,5,5,0
2022-04-08,17,15,2
2022-04-08,40,37,3
2022-04-08,48,43,5
2022-04-08,61,57,4
2022-04-08,33,28,5
2022-04-08,17,13,4
2022-04-08,30,18,12
2022-04-08,26,10,16
2022-04-08,21,12,9
2022-04-08,25,14,11
2022-04-08,46,12,34
2022-04-08,63,4,59
2022-04-08,69,10,59
2022-04-08,33,8,25
2022-04-08,19,5,14
2022-04-08,11,6,5
2022-04-08,8,3,5
2022-04-08,3,0,3
2022-04-08,5,2,3
2022-04-09,4,0,4
2022-04-09,1,0,1
2022-04-09,1,1,0
2022-04-09,0,0,0
2022-04-09,4,4,0
2022-04-09,1,1,0
2022-04-09,6,6,0
2022-04-09,13,11,2
2022-04-09,32,19,13
2022-04-09,28,19,9
2022-04-09,48,24,24
2022-04-09,46,22,24
2022-04-09,41,19,22
2022-04-09,25,12,13
2022-04-09,21,6,15
2022-04-09,18,11,7
2022-04-09,10,6,4
2022-04-09,18,4,14
2022-04-09,10,4,6
2022-04-09,9,4,5
2022-04-09,7,3,4
2022-04-09,5,2,3
2022-04-09,3,1,2
2022-04-09,2,1,1
2022-04-10,1,1,0
2022-04-10,0,0,0
2022-04-10,1,1,0
2022-04-10,0,0,0
2022-04-10,1,1,0
2022-04-10,0,0,0
2022-04-10,4,4,0
2022-04-10,6,5,1
2022-04-10,7,7,0
2022-04-10,10,5,5
2022-04-10,12,11,1
2022-04-10,22,11,11
2022-04-10,12,6,6
2022-04-10,23,5,18
2022-04-10,37,14,23
2022-04-10,17,9,8
2022-04-10,18,5,13
2022-04-10,11,4,7
2022-04-10,11,5,6
2022-04-10,5,2,3
2022-04-10,4,3,1
2022-04-10,0,0,0
2022-04-10,1,1,0
2022-04-10,1,0,1
2022-04-11,2,2,0
2022-04-11,0,0,0
2022-04-11,1,0,1
2022-04-11,1,1,0
2022-04-11,6,6,0
2022-04-11,15,11,4
2022-04-11,33,31,2
2022-04-11,60,58,2
2022-04-11,46,44,2
2022-04-11,35,28,7
2022-04-11,22,9,13
2022-04-11,7,5,2
2022-04-11,10,5,5
2022-04-11,20,12,8
2022-04-11,21,5,16
2022-04-11,36,14,22
2022-04-11,51,13,38
2022-04-11,79,9,70
2022-04-11,52,12,40
2022-04-11,23,4,19
2022-04-11,5,2,3
2022-04-11,6,1,5
2022-04-11,6,1,5
2022-04-11,4,2,2
2022-04-12,3,0,3
2022-04-12,5,2,3
2022-04-12,1,1,0
2022-04-12,2,1,1
2022-04-12,6,5,1
2022-04-12,20,15,5
2022-04-12,41,37,4
2022-04-12,62,58,4
2022-04-12,60,57,3
2022-04-12,34,30,4
2022-04-12,18,9,9
2022-04-12,14,12,2
2022-04-12,20,14,6
2022-04-12,20,7,13
2022-04-12,25,10,15
2022-04-12,28,5,23
2022-04-12,55,9,46
2022-04-12,76,7,69
2022-04-12,51,5,46
2022-04-12,20,2,18
2022-04-12,9,4,5
2022-04-12,7,2,5
2022-04-12,4,2,2
2022-04-12,1,0,1
2022-04-13,2,0,2
2022-04-13,0,0,0
2022-04-13,2,1,1
2022-04-13,0,0,0
2022-04-13,4,4,0
2022-04-13,19,14,5
2022-04-13,31,29,2
2022-04-13,67,65,2
2022-04-13,70,64,6
2022-04-13,33,27,6
2022-04-13,26,20,6
2022-04-13,10,5,5
2022-04-13,10,3,7
2022-04-13,22,11,11
2022-04-13,34,17,17
2022-04-13,35,8,27
2022-04-13,67,14,53
2022-04-13,75,6,69
2022-04-13,42,7,35
2022-04-13,30,5,25
2022-04-13,13,3,10
2022-04-13,5,2,3
2022-04-13,2,2,0
2022-04-13,7,5,2
2022-04-14,3,0,3
2022-04-14,0,0,0
2022-04-14,1,1,0
2022-04-14,0,0,0
2022-04-14,3,2,1
2022-04-14,17,12,5
2022-04-14,30,27,3
2022-04-14,62,61,1
2022-04-14,62,61,1
2022-04-14,32,27,5
2022-04-14,11,8,3
2022-04-14,15,11,4
2022-04-14,13,5,8
2022-04-14,20,10,10
2022-04-14,21,14,7
2022-04-14,43,10,33
2022-04-14,64,12,52
2022-04-14,81,16,65
2022-04-14,46,11,35
2022-04-14,26,6,20
2022-04-14,13,5,8
2022-04-14,13,5,8
2022-04-14,4,0,4
2022-04-14,2,0,2
2022-04-15,2,0,2
2022-04-15,0,0,0
2022-04-15,2,2,0
2022-04-15,1,1,0
2022-04-15,8,6,2
2022-04-15,18,12,6
2022-04-15,34,27,7
2022-04-15,36,32,4
2022-04-15,52,46,6
2022-04-15,28,21,7
2022-04-15,27,21,6
2022-04-15,33,20,13
2022-04-15,29,16,13
2022-04-15,24,10,14
2022-04-15,37,20,17
2022-04-15,43,18,25
2022-04-15,67,19,48
2022-04-15,75,28,47
2022-04-15,57,15,42
2022-04-15,22,11,11
2022-04-15,18,9,9
2022-04-15,17,3,14
2022-04-15,27,3,24
2022-04-15,9,4,5
2022-04-16,5,1,4
2022-04-16,1,0,1
2022-04-16,1,1,0
2022-04-16,1,0,1
2022-04-16,2,2,0
2022-04-16,3,2,1
2022-04-16,7,5,2
2022-04-16,11,10,1
2022-04-16,37,24,13
2022-04-16,37,19,18
2022-04-16,49,31,18
2022-04-16,42,22,20
2022-04-16,32,12,20
2022-04-16,42,22,20
2022-04-16,32,13,19
2022-04-16,16,5,11
2022-04-16,16,4,12
2022-04-16,16,6,10
2022-04-16,6,2,4
2022-04-16,3,1,2
2022-04-16,6,3,3
2022-04-16,16,3,13
2022-04-16,10,1,9
2022-04-16,3,1,2
2022-04-17,0,0,0
2022-04-17,0,0,0
2022-04-17,1,1,0
2022-04-17,1,0,1
2022-04-17,4,3,1
2022-04-17,2,2,0
2022-04-17,1,1,0
2022-04-17,8,6,2
2022-04-17,15,9,6
2022-04-17,36,31,5
2022-04-17,34,18,16
2022-04-17,56,29,27
2022-04-17,94,48,46
2022-04-17,55,32,23
2022-04-17,79,44,35
2022-04-17,111,55,56
2022-04-17,50,15,35
2022-04-17,45,21,24
2022-04-17,44,12,32
2022-04-17,15,4,11
2022-04-17,8,3,5
2022-04-17,4,2,2
2022-04-17,0,0,0
2022-04-17,4,4,0
2022-04-18,3,3,0
2022-04-18,3,0,3
2022-04-18,1,1,0
2022-04-18,1,1,0
2022-04-18,6,5,1
2022-04-18,23,18,5
2022-04-18,37,35,2
2022-04-18,55,50,5
2022-04-18,45,45,0
2022-04-18,35,24,11
2022-04-18,18,13,5
2022-04-18,10,10,0
2022-04-18,11,5,6
2022-04-18,7,2,5
2022-04-18,19,4,15
2022-04-18,23,5,18
2022-04-18,45,4,41
2022-04-18,65,7,58
2022-04-18,29,2,27
2022-04-18,16,2,14
2022-04-18,9,1,8
2022-04-18,2,1,1
2022-04-18,4,1,3
2022-04-18,0,0,0
2022-04-19,1,0,1
2022-04-19,1,1,0
2022-04-19,1,0,1
2022-04-19,1,1,0
2022-04-19,5,4,1
2022-04-19,28,23,5
2022-04-19,41,37,4
2022-04-19,77,67,10
2022-04-19,72,69,3
2022-04-19,44,35,9
2022-04-19,25,19,6
2022-04-19,23,16,7
2022-04-19,23,7,16
2022-04-19,29,19,10
2022-04-19,38,13,25
2022-04-19,41,10,31
2022-04-19,86,14,72
2022-04-19,106,24,82
2022-04-19,59,14,45
2022-04-19,52,17,35
2022-04-19,19,6,13
2022-04-19,14,5,9
2022-04-19,9,4,5
2022-04-19,3,1,2
2022-04-20,8,4,4
2022-04-20,0,0,0
2022-04-20,1,0,1
2022-04-20,4,1,3
2022-04-20,4,3,1
2022-04-20,31,24,7
2022-04-20,40,35,5
2022-04-20,80,76,4
2022-04-20,82,74,8
2022-04-20,46,40,6
2022-04-20,20,11,9
2022-04-20,15,10,5
2022-04-20,15,7,8
2022-04-20,19,9,10
2022-04-20,33,9,24
2022-04-20,41,14,27
2022-04-20,47,7,40
2022-04-20,91,11,80
2022-04-20,52,11,41
2022-04-20,29,5,24
2022-04-20,13,1,12
2022-04-20,7,0,7
2022-04-20,16,2,14
2022-04-20,9,4,5
2022-04-21,3,1,2
2022-04-21,3,1,2
2022-04-21,3,2,1
2022-04-21,0,0,0
2022-04-21,2,2,0
2022-04-21,16,11,5
2022-04-21,36,34,2
2022-04-21,72,66,6
2022-04-21,65,64,1
2022-04-21,28,25,3
2022-04-21,20,18,2
2022-04-21,25,17,8
2022-04-21,12,6,6
2022-04-21,12,6,6
2022-04-21,27,12,15
2022-04-21,51,23,28
2022-04-21,69,18,51
2022-04-21,94,11,83
2022-04-21,44,7,37
2022-04-21,30,1,29
2022-04-21,15,5,10
2022-04-21,3,0,3
2022-04-21,14,0,14
2022-04-21,1,0,1
2022-04-22,4,1,3
2022-04-22,1,0,1
2022-04-22,0,0,0
2022-04-22,3,2,1
2022-04-22,2,2,0
2022-04-22,27,20,7
2022-04-22,38,37,1
2022-04-22,62,53,9
2022-04-22,56,49,7
2022-04-22,40,33,7
2022-04-22,33,28,5
2022-04-22,33,20,13
2022-04-22,31,17,14
2022-04-22,36,14,22
2022-04-22,59,25,34
2022-04-22,74,26,48
2022-04-22,110,32,78
2022-04-22,81,28,53
2022-04-22,72,19,53
2022-04-22,32,9,23
2022-04-22,23,11,12
2022-04-22,17,1,16
2022-04-22,13,1,12
2022-04-22,7,3,4
2022-04-23,2,1,1
2022-04-23,3,1,2
2022-04-23,3,1,2
2022-04-23,0,0,0
2022-04-23,2,2,0
2022-04-23,1,0,1
2022-04-23,12,8,4
2022-04-23,20,15,5
2022-04-23,37,22,15
2022-04-23,24,17,7
2022-04-23,36,19,17
2022-04-23,47,25,22
2022-04-23,66,38,28
2022-04-23,86,52,34
2022-04-23,76,28,48
2022-04-23,73,31,42
2022-04-23,72,36,36
2022-04-23,68,37,31
2022-04-23,33,18,15
2022-04-23,28,10,18
2022-04-23,18,9,9
2022-04-23,7,0,7
2022-04-23,12,2,10
2022-04-23,7,0,7
2022-04-24,2,2,0
2022-04-24,3,1,2
2022-04-24,4,2,2
2022-04-24,1,1,0
2022-04-24,1,1,0
2022-04-24,0,0,0
2022-04-24,9,6,3
2022-04-24,25,14,11
2022-04-24,31,14,17
2022-04-24,60,32,28
2022-04-24,61,35,26
2022-04-24,104,45,59
2022-04-24,113,58,55
2022-04-24,125,89,36
2022-04-24,96,44,52
2022-04-24,99,42,57
2022-04-24,80,46,34
2022-04-24,67,28,39
2022-04-24,47,23,24
2022-04-24,28,14,14
2022-04-24,13,7,6
2022-04-24,6,2,4
2022-04-24,3,0,3
2022-04-24,3,3,0
2022-04-25,2,0,2
2022-04-25,1,1,0
2022-04-25,2,2,0
2022-04-25,4,2,2
2022-04-25,2,1,1
2022-04-25,25,19,6
2022-04-25,39,37,2
2022-04-25,57,55,2
2022-04-25,51,46,5
2022-04-25,35,27,8
2022-04-25,30,23,7
2022-04-25,13,10,3
2022-04-25,23,14,9
2022-04-25,10,5,5
2022-04-25,20,12,8
2022-04-25,47,13,34
2022-04-25,57,11,46
2022-04-25,83,9,74
2022-04-25,38,5,33
2022-04-25,30,7,23
2022-04-25,15,2,13
2022-04-25,9,4,5
2022-04-25,5,0,5
2022-04-25,1,0,1
2022-04-26,3,0,3
2022-04-26,2,1,1
2022-04-26,2,2,0
2022-04-26,3,1,2
2022-04-26,8,7,1
2022-04-26,27,22,5
2022-04-26,53,50,3
2022-04-26,99,90,9
2022-04-26,99,89,10
2022-04-26,46,42,4
2022-04-26,28,20,8
2022-04-26,26,18,8
2022-04-26,10,5,5
2022-04-26,23,13,10
2022-04-26,23,8,15
2022-04-26,47,11,36
2022-04-26,89,17,72
2022-04-26,118,14,104
2022-04-26,74,9,65
2022-04-26,34,10,24
2022-04-26,17,1,16
2022-04-26,11,2,9
2022-04-26,10,4,6
2022-04-26,10,7,3
2022-04-27,2,0,2
2022-04-27,0,0,0
2022-04-27,0,0,0
2022-04-27,2,2,0
2022-04-27,7,6,1
2022-04-27,24,19,5
2022-04-27,65,60,5
2022-04-27,103,98,5
2022-04-27,106,95,11
2022-04-27,48,46,2
2022-04-27,34,24,10
2022-04-27,24,13,11
2022-04-27,34,16,18
2022-04-27,30,11,19
2022-04-27,52,17,35
2022-04-27,60,15,45
2022-04-27,118,26,92
2022-04-27,125,19,106
2022-04-27,77,8,69
2022-04-27,44,19,25
2022-04-27,23,7,16
2022-04-27,3,0,3
2022-04-27,11,2,9
2022-04-27,4,1,3
2022-04-28,5,0,5
2022-04-28,0,0,0
2022-04-28,2,1,1
2022-04-28,2,2,0
2022-04-28,4,3,1
2022-04-28,23,17,6
2022-04-28,48,46,2
2022-04-28,66,63,3
2022-04-28,95,90,5
2022-04-28,51,45,6
2022-04-28,33,24,9
2022-04-28,31,21,10
2022-04-28,22,13,9
2022-04-28,17,7,10
2022-04-28,34,17,17
2022-04-28,60,17,43
2022-04-28,89,23,66
2022-04-28,112,17,95
2022-04-28,80,13,67
2022-04-28,35,10,25
2022-04-28,21,5,16
2022-04-28,9,5,4
2022-04-28,11,3,8
2022-04-28,0,0,0
2022-04-29,2,1,1
2022-04-29,2,2,0
2022-04-29,1,0,1
2022-04-29,0,0,0
2022-04-29,5,5,0
2022-04-29,29,24,5
2022-04-29,39,37,2
2022-04-29,59,52,7
2022-04-29,62,53,9
2022-04-29,38,32,6
2022-04-29,31,22,9
2022-04-29,25,17,8
2022-04-29,43,20,23
2022-04-29,27,11,16
2022-04-29,51,18,33
2022-04-29,75,33,42
2022-04-29,89,25,64
2022-04-29,87,15,72
2022-04-29,70,19,51
2022-04-29,39,12,27
2022-04-29,18,7,11
2022-04-29,13,2,11
2022-04-29,15,6,9
2022-04-29,9,2,7
2022-04-30,1,0,1
2022-04-30,2,1,1
2022-04-30,1,1,0
2022-04-30,2,1,1
2022-04-30,3,2,1
2022-04-30,4,4,0
2022-04-30,5,4,1
2022-04-30,4,3,1
2022-04-30,13,9,4
2022-04-30,16,13,3
2022-04-30,19,19,0
2022-04-30,18,12,6
2022-04-30,30,13,17
2022-04-30,56,22,34
2022-04-30,61,34,27
2022-04-30,72,29,43
2022-04-30,67,25,42
2022-04-30,56,29,27
2022-04-30,46,18,28
2022-04-30,28,12,16
2022-04-30,21,5,16
2022-04-30,22,10,12
2022-04-30,7,3,4
2022-04-30,8,5,3
2022-06-01,4,3,1
2022-06-01,3,1,2
2022-06-01,3,1,2
2022-06-01,1,0,1
2022-06-01,10,1,9
2022-06-01,34,5,29
2022-06-01,85,9,76
2022-06-01,107,8,99
2022-06-01,132,8,124
2022-06-01,69,6,63
2022-06-01,40,7,33
2022-06-01,31,13,18
2022-06-01,28,14,14
2022-06-01,40,23,17
2022-06-01,67,47,20
2022-06-01,65,47,18
2022-06-01,145,126,19
2022-06-01,169,144,25
2022-06-01,78,68,10
2022-06-01,33,28,5
2022-06-01,38,23,15
2022-06-01,18,11,7
2022-05-01,,0,0
2022-05-01,,0,0
2022-05-01,,0,0
2022-05-01,,0,0
2022-05-01,,0,1
2022-05-01,,2,0
2022-05-01,,0,0
2022-05-01,,0,0
2022-05-01,,0,0
2022-05-01,,0,2
2022-05-01,,2,1
2022-05-01,,0,0
2022-05-01,,0,0
2022-05-01,,0,0
2022-05-01,,0,1
2022-05-01,,0,0
2022-05-01,,0,0
2022-05-01,,0,2
2022-05-01,,0,0
2022-05-01,,0,1
2022-05-01,,0,1
2022-05-01,,0,0
2022-05-01,,0,0
2022-05-01,,0,0
2022-05-01,,2,2
2022-05-01,,0,1
2022-05-01,,0,1
2022-05-01,,0,3
2022-05-01,,1,3
2022-05-01,,0,3
2022-05-01,,1,5
2022-05-01,,0,8
2022-05-01,,0,3
2022-05-01,,0,13
2022-05-01,,6,4
2022-05-01,,3,3
2022-05-01,,9,11
2022-05-01,,7,3
2022-05-01,,2,9
2022-05-01,,2,5
2022-05-01,,1,4
2022-05-01,,8,9
2022-05-01,,17,4
2022-05-01,,12,3
2022-05-01,,14,3
2022-05-01,,28,4
2022-05-01,,6,7
2022-05-01,,17,15
2022-05-01,,12,13
2022-05-01,,20,8
2022-05-01,,5,26
2022-05-01,,7,11
2022-05-01,,11,10
2022-05-01,,9,19
2022-05-01,,16,7
2022-05-01,,12,14
2022-05-01,,6,3
2022-05-01,,13,12
2022-05-01,,12,11
2022-05-01,,8,18
2022-05-01,,8,0
2022-05-01,,6,29
2022-05-01,,19,18
2022-05-01,,11,9
2022-05-01,,16,7
2022-05-01,,1,19
2022-05-01,,9,7
2022-05-01,,9,13
2022-05-01,,11,5
2022-05-01,,9,2
2022-05-01,,1,7
2022-05-01,,5,3
2022-05-01,,6,3
2022-05-01,,7,10
2022-05-01,,2,4
2022-05-01,,1,4
2022-05-01,,3,0
2022-05-01,,6,0
2022-05-01,,3,5
2022-05-01,,6,2
2022-05-01,,4,0
2022-05-01,,1,1
2022-05-01,,1,1
2022-05-01,,2,1
2022-05-01,,2,1
2022-05-01,,0,0
2022-05-01,,0,0
2022-05-01,,1,2
2022-05-01,,1,0
2022-05-01,,0,1
2022-05-01,,2,1
2022-05-01,,0,0
2022-05-01,,1,1
2022-05-01,,2,1
2022-05-01,,1,0
2022-05-01,,1,0
2022-05-02,,1,0
2022-05-02,,0,2
2022-05-02,,2,1
2022-05-02,,0,0
2022-05-02,,0,0
2022-05-02,,0,0
2022-05-02,,0,0
2022-05-02,,0,0
2022-05-02,,0,0
2022-05-02,,0,0
2022-05-02,,0,0
2022-05-02,,0,0
2022-05-02,,0,0
2022-05-02,,0,1
2022-05-02,,0,0
2022-05-02,,0,1
2022-05-02,,0,1
2022-05-02,,1,1
2022-05-02,,0,3
2022-05-02,,0,0
2022-05-02,,0,1
2022-05-02,,0,5
2022-05-02,,4,1
2022-05-02,,4,8
2022-05-02,,1,7
2022-05-02,,0,5
2022-05-02,,1,6
2022-05-02,,1,9
2022-05-02,,0,7
2022-05-02,,0,11
2022-05-02,,1,10
2022-05-02,,2,20
2022-05-02,,2,13
2022-05-02,,0,12
2022-05-02,,0,8
2022-05-02,,2,8
2022-05-02,,2,8
2022-05-02,,0,16
2022-05-02,,0,4
2022-05-02,,1,0
2022-05-02,,0,4
2022-05-02,,0,2
2022-05-02,,1,1
2022-05-02,,1,1
2022-05-02,,0,2
2022-05-02,,4,1
2022-05-02,,0,2
2022-05-02,,1,1
2022-05-02,,1,0
2022-05-02,,0,2
2022-05-02,,1,1
2022-05-02,,1,0
2022-05-02,,0,1
2022-05-02,,0,0
2022-05-02,,3,1
2022-05-02,,1,0
2022-05-02,,3,3
2022-05-02,,2,4
2022-05-02,,1,0
2022-05-02,,0,1
2022-05-02,,7,5
2022-05-02,,5,2
2022-05-02,,10,4
2022-05-02,,5,4
2022-05-02,,14,3
2022-05-02,,19,3
2022-05-02,,15,2
2022-05-02,,17,3
2022-05-02,,13,2
2022-05-02,,25,8
2022-05-02,,12,3
2022-05-02,,13,2
2022-05-02,,4,3
2022-05-02,,4,1
2022-05-02,,4,1
2022-05-02,,6,1
2022-05-02,,2,0
2022-05-02,,1,0
2022-05-02,,4,0
2022-05-02,,2,1
2022-05-02,,3,3
2022-05-02,,3,0
2022-05-02,,1,0
2022-05-02,,0,0
2022-05-02,,2,1
2022-05-02,,0,1
2022-05-02,,1,2
2022-05-02,,0,0
2022-05-02,,0,0
2022-05-02,,1,0
2022-05-02,,2,0
2022-05-02,,0,0
2022-05-02,,0,0
2022-05-02,,0,0
2022-05-02,,0,0
2022-05-02,,0,0
2022-05-03,,0,0
2022-05-03,,0,0
2022-05-03,,1,0
2022-05-03,,0,0
2022-05-03,,1,0
2022-05-03,,0,0
2022-05-03,,0,0
2022-05-03,,0,0
2022-05-03,,0,0
2022-05-03,,0,1
2022-05-03,,0,0
2022-05-03,,0,0
2022-05-03,,0,0
2022-05-03,,1,0
2022-05-03,,0,0
2022-05-03,,0,1
2022-05-03,,0,0
2022-05-03,,0,3
2022-05-03,,0,4
2022-05-03,,0,3
2022-05-03,,0,6
2022-05-03,,3,2
2022-05-03,,1,10
2022-05-03,,1,9
2022-05-03,,2,13
2022-05-03,,2,15
2022-05-03,,0,20
2022-05-03,,2,14
2022-05-03,,1,17
2022-05-03,,4,29
2022-05-03,,2,29
2022-05-03,,1,35
2022-05-03,,2,23
2022-05-03,,2,26
2022-05-03,,1,15
2022-05-03,,1,16
2022-05-03,,0,9
2022-05-03,,1,10
2022-05-03,,3,7
2022-05-03,,0,6
2022-05-03,,0,9
2022-05-03,,4,4
2022-05-03,,3,7
2022-05-03,,2,7
2022-05-03,,0,3
2022-05-03,,1,2
2022-05-03,,5,3
2022-05-03,,1,1
2022-05-03,,5,0
2022-05-03,,4,5
2022-05-03,,1,3
2022-05-03,,2,0
2022-05-03,,1,4
2022-05-03,,4,3
2022-05-03,,2,0
2022-05-03,,5,8
2022-05-03,,9,7
2022-05-03,,4,8
2022-05-03,,6,3
2022-05-03,,6,5
2022-05-03,,5,5
2022-05-03,,18,5
2022-05-03,,10,2
2022-05-03,,12,4
2022-05-03,,14,4
2022-05-03,,27,1
2022-05-03,,17,7
2022-05-03,,50,1
2022-05-03,,32,7
2022-05-03,,22,3
2022-05-03,,26,6
2022-05-03,,18,3
2022-05-03,,15,5
2022-05-03,,21,3
2022-05-03,,7,5
2022-05-03,,10,1
2022-05-03,,6,1
2022-05-03,,3,0
2022-05-03,,11,3
2022-05-03,,4,0
2022-05-03,,1,3
2022-05-03,,1,1
2022-05-03,,4,1
2022-05-03,,4,2
2022-05-03,,1,2
2022-05-03,,2,0
2022-05-03,,5,0
2022-05-03,,2,0
2022-05-03,,4,1
2022-05-03,,3,1
2022-05-03,,0,0
2022-05-03,,0,0
2022-05-03,,1,0
2022-05-03,,1,0
2022-05-03,,0,0
2022-05-03,,0,0
2022-05-04,,1,1
2022-05-04,,0,0
2022-05-04,,0,0
2022-05-04,,0,0
2022-05-04,,0,0
2022-05-04,,0,0
2022-05-04,,0,0
2022-05-04,,0,0
2022-05-04,,0,0
2022-05-04,,0,0
2022-05-04,,0,0
2022-05-04,,0,0
2022-05-04,,0,0
2022-05-04,,0,0
2022-05-04,,0,2
2022-05-04,,0,1
2022-05-04,,0,0
2022-05-04,,0,4
2022-05-04,,0,1
2022-05-04,,0,4
2022-05-04,,0,7
2022-05-04,,5,4
2022-05-04,,2,8
2022-05-04,,0,10
2022-05-04,,0,16
2022-05-04,,3,14
2022-05-04,,1,19
2022-05-04,,2,23
2022-05-04,,2,21
2022-05-04,,3,3
2022-05-04,,3,51
2022-05-04,,0,22
2022-05-04,,3,28
2022-05-04,,1,27
2022-05-04,,3,26
2022-05-04,,5,4
2022-05-04,,0,24
2022-05-04,,1,9
2022-05-04,,5,5
2022-05-04,,4,6
2022-05-04,,2,2
2022-05-04,,7,9
2022-05-04,,1,4
2022-05-04,,1,4
2022-05-04,,1,9
2022-05-04,,3,6
2022-05-04,,6,0
2022-05-04,,2,4
2022-05-04,,1,9
2022-05-04,,8,1
2022-05-04,,5,2
2022-05-04,,0,1
2022-05-04,,9,7
2022-05-04,,2,0
2022-05-04,,5,9
2022-05-04,,10,9
2022-05-04,,11,5
2022-05-04,,9,5
2022-05-04,,12,10
2022-05-04,,12,5
2022-05-04,,7,13
2022-05-04,,20,6
2022-05-04,,15,12
2022-05-04,,21,8
2022-05-04,,21,9
2022-05-04,,30,7
2022-05-04,,31,16
2022-05-04,,25,4
2022-05-04,,44,12
2022-05-04,,39,16
2022-05-04,,25,9
2022-05-04,,21,8
2022-05-04,,21,11
2022-05-04,,14,6
2022-05-04,,15,4
2022-05-04,,6,5
2022-05-04,,10,4
2022-05-04,,9,4
2022-05-04,,10,5
2022-05-04,,5,4
2022-05-04,,4,6
2022-05-04,,5,0
2022-05-04,,3,1
2022-05-04,,3,4
2022-05-04,,3,0
2022-05-04,,23,0
2022-05-04,,7,1
2022-05-04,,18,0
2022-05-04,,16,1
2022-05-04,,2,0
2022-05-04,,5,0
2022-05-04,,3,0
2022-05-04,,3,1
2022-05-04,,1,0
2022-05-04,,2,0
2022-05-04,,2,0
2022-05-05,,0,0
2022-05-05,,0,0
2022-05-05,,1,0
2022-05-05,,0,0
2022-05-05,,0,0
2022-05-05,,0,0
2022-05-05,,0,0
2022-05-05,,0,0
2022-05-05,,0,1
2022-05-05,,0,0
2022-05-05,,0,0
2022-05-05,,0,0
2022-05-05,,0,0
2022-05-05,,0,0
2022-05-05,,1,1
2022-05-05,,0,0
2022-05-05,,0,0
2022-05-05,,0,4
2022-05-05,,0,0
2022-05-05,,0,3
2022-05-05,,0,5
2022-05-05,,4,1
2022-05-05,,0,5
2022-05-05,,0,9
2022-05-05,,1,10
2022-05-05,,1,12
2022-05-05,,1,6
2022-05-05,,0,12
2022-05-05,,0,10
2022-05-05,,1,20
2022-05-05,,4,22
2022-05-05,,0,12
2022-05-05,,1,20
2022-05-05,,4,18
2022-05-05,,3,6
2022-05-05,,2,8
2022-05-05,,0,6
2022-05-05,,0,4
2022-05-05,,0,7
2022-05-05,,2,3
2022-05-05,,1,3
2022-05-05,,0,3
2022-05-05,,0,6
2022-05-05,,0,1
2022-05-05,,1,0
2022-05-05,,0,2
2022-05-05,,0,3
2022-05-05,,1,1
2022-05-05,,0,1
2022-05-05,,3,0
2022-05-05,,1,2
2022-05-05,,1,0
2022-05-05,,0,1
2022-05-05,,3,0
2022-05-05,,1,1
2022-05-05,,4,0
2022-05-05,,4,2
2022-05-05,,4,1
2022-05-05,,5,3
2022-05-05,,4,3
2022-05-05,,6,2
2022-05-05,,4,1
2022-05-05,,11,1
2022-05-05,,8,2
2022-05-05,,9,1
2022-05-05,,11,4
2022-05-05,,14,0
2022-05-05,,19,4
2022-05-05,,15,1
2022-05-05,,18,2
2022-05-05,,16,1
2022-05-05,,6,0
2022-05-05,,7,3
2022-05-05,,8,4
2022-05-05,,6,3
2022-05-05,,5,3
2022-05-05,,4,0
2022-05-05,,3,0
2022-05-05,,0,0
2022-05-05,,3,0
2022-05-05,,4,0
2022-05-05,,2,2
2022-05-05,,0,0
2022-05-05,,1,0
2022-05-05,,3,1
2022-05-05,,2,1
2022-05-05,,3,0
2022-05-05,,1,0
2022-05-05,,1,0
2022-05-05,,2,0
2022-05-05,,0,0
2022-05-05,,1,1
2022-05-05,,1,0
2022-05-05,,2,0
2022-05-05,,0,0
2022-05-05,,0,0
2022-05-06,,0,0
2022-05-06,,0,0
2022-05-06,,0,0
2022-05-06,,0,0
2022-05-06,,0,0
2022-05-06,,0,0
2022-05-06,,0,0
2022-05-06,,0,0
2022-05-06,,0,1
2022-05-06,,0,0
2022-05-06,,0,0
2022-05-06,,0,0
2022-05-06,,0,0
2022-05-06,,0,0
2022-05-06,,0,0
2022-05-06,,0,0
2022-05-06,,0,0
2022-05-06,,0,1
2022-05-06,,0,2
2022-05-06,,0,6
2022-05-06,,0,4
2022-05-06,,3,1
2022-05-06,,0,12
2022-05-06,,0,5
2022-05-06,,0,2
2022-05-06,,0,9
2022-05-06,,3,8
2022-05-06,,1,8
2022-05-06,,1,7
2022-05-06,,2,16
2022-05-06,,3,15
2022-05-06,,3,12
2022-05-06,,3,12
2022-05-06,,2,9
2022-05-06,,1,8
2022-05-06,,0,7
2022-05-06,,1,3
2022-05-06,,3,7
2022-05-06,,0,4
2022-05-06,,2,5
2022-05-06,,2,1
2022-05-06,,0,5
2022-05-06,,2,1
2022-05-06,,0,1
2022-05-06,,1,1
2022-05-06,,1,2
2022-05-06,,0,1
2022-05-06,,1,1
2022-05-06,,1,1
2022-05-06,,1,2
2022-05-06,,3,2
2022-05-06,,3,0
2022-05-06,,2,1
2022-05-06,,2,2
2022-05-06,,0,0
2022-05-06,,4,0
2022-05-06,,3,3
2022-05-06,,4,2
2022-05-06,,3,1
2022-05-06,,5,1
2022-05-06,,8,3
2022-05-06,,12,5
2022-05-06,,9,8
2022-05-06,,7,2
2022-05-06,,9,1
2022-05-06,,8,5
2022-05-06,,14,3
2022-05-06,,13,3
2022-05-06,,17,2
2022-05-06,,10,0
2022-05-06,,8,3
2022-05-06,,9,0
2022-05-06,,2,2
2022-05-06,,6,2
2022-05-06,,9,0
2022-05-06,,3,0
2022-05-06,,3,0
2022-05-06,,3,0
2022-05-06,,1,0
2022-05-06,,1,1
2022-05-06,,1,0
2022-05-06,,0,1
2022-05-06,,2,0
2022-05-06,,0,0
2022-05-06,,0,1
2022-05-06,,0,0
2022-05-06,,0,1
2022-05-06,,0,0
2022-05-06,,0,1
2022-05-06,,1,0
2022-05-06,,3,0
2022-05-06,,5,0
2022-05-06,,1,2
2022-05-06,,0,0
2022-05-06,,0,0
2022-05-06,,1,1
2022-05-07,,0,0
2022-05-07,,0,0
2022-05-07,,0,0
2022-05-07,,0,0
2022-05-07,,0,0
2022-05-07,,0,0
2022-05-07,,0,0
2022-05-07,,1,0
2022-05-07,,0,1
2022-05-07,,0,0
2022-05-07,,0,0
2022-05-07,,0,0
2022-05-07,,0,0
2022-05-07,,1,0
2022-05-07,,0,0
2022-05-07,,0,0
2022-05-07,,1,0
2022-05-07,,0,1
2022-05-07,,0,2
2022-05-07,,1,0
2022-05-07,,0,1
2022-05-07,,0,0
2022-05-07,,0,0
2022-05-07,,0,0
2022-05-07,,0,0
2022-05-07,,1,1
2022-05-07,,0,2
2022-05-07,,1,2
2022-05-07,,0,1
2022-05-07,,0,1
2022-05-07,,1,2
2022-05-07,,1,0
2022-05-07,,2,0
2022-05-07,,1,1
2022-05-07,,0,4
2022-05-07,,1,3
2022-05-07,,1,4
2022-05-07,,1,8
2022-05-07,,0,2
2022-05-07,,1,5
2022-05-07,,1,6
2022-05-07,,3,2
2022-05-07,,1,3
2022-05-07,,1,1
2022-05-07,,5,9
2022-05-07,,2,7
2022-05-07,,10,4
2022-05-07,,3,8
2022-05-07,,6,7
2022-05-07,,5,3
2022-05-07,,10,6
2022-05-07,,5,4
2022-05-07,,4,4
2022-05-07,,7,1
2022-05-07,,11,4
2022-05-07,,5,6
2022-05-07,,5,4
2022-05-07,,6,5
2022-05-07,,6,7
2022-05-07,,2,5
2022-05-07,,4,1
2022-05-07,,4,2
2022-05-07,,3,2
2022-05-07,,4,1
2022-05-07,,5,2
2022-05-07,,1,1
2022-05-07,,2,1
2022-05-07,,5,6
2022-05-07,,6,2
2022-05-07,,4,2
2022-05-07,,3,2
2022-05-07,,3,4
2022-05-07,,1,0
2022-05-07,,2,0
2022-05-07,,2,1
2022-05-07,,4,0
2022-05-07,,1,1
2022-05-07,,2,0
2022-05-07,,1,0
2022-05-07,,1,0
2022-05-07,,1,1
2022-05-07,,5,1
2022-05-07,,2,0
2022-05-07,,1,0
2022-05-07,,1,3
2022-05-07,,0,1
2022-05-07,,1,0
2022-05-07,,1,1
2022-05-07,,0,0
2022-05-07,,0,0
2022-05-07,,0,0
2022-05-07,,0,0
2022-05-07,,1,1
2022-05-07,,0,0
2022-05-07,,0,0
2022-05-07,,1,0
2022-05-08,,0,0
2022-05-08,,1,1
2022-05-08,,0,0
2022-05-08,,0,0
2022-05-08,,1,0
2022-05-08,,0,0
2022-05-08,,0,0
2022-05-08,,0,0
2022-05-08,,0,1
2022-05-08,,0,1
2022-05-08,,0,0
2022-05-08,,1,0
2022-05-08,,0,0
2022-05-08,,0,0
2022-05-08,,1,1
2022-05-08,,0,0
2022-05-08,,0,0
2022-05-08,,0,0
2022-05-08,,0,1
2022-05-08,,0,0
2022-05-08,,0,0
2022-05-08,,0,1
2022-05-08,,0,0
2022-05-08,,0,1
2022-05-08,,1,1
2022-05-08,,0,2
2022-05-08,,0,0
2022-05-08,,0,1
2022-05-08,,0,1
2022-05-08,,1,1
2022-05-08,,2,2
2022-05-08,,1,2
2022-05-08,,2,1
2022-05-08,,0,2
2022-05-08,,2,4
2022-05-08,,11,2
2022-05-08,,0,4
2022-05-08,,0,6
2022-05-08,,1,4
2022-05-08,,3,7
2022-05-08,,4,8
2022-05-08,,2,9
2022-05-08,,10,1
2022-05-08,,10,8
2022-05-08,,5,3
2022-05-08,,12,4
2022-05-08,,2,4
2022-05-08,,2,11
2022-05-08,,14,3
2022-05-08,,5,11
2022-05-08,,11,6
2022-05-08,,5,10
2022-05-08,,6,4
2022-05-08,,9,5
2022-05-08,,10,7
2022-05-08,,12,4
2022-05-08,,9,9
2022-05-08,,5,7
2022-05-08,,3,5
2022-05-08,,11,4
2022-05-08,,4,4
2022-05-08,,10,9
2022-05-08,,6,6
2022-05-08,,3,5
2022-05-08,,7,9
2022-05-08,,5,4
2022-05-08,,5,12
2022-05-08,,9,7
2022-05-08,,11,1
2022-05-08,,4,5
2022-05-08,,4,1
2022-05-08,,8,0
2022-05-08,,7,2
2022-05-08,,1,3
2022-05-08,,1,1
2022-05-08,,3,1
2022-05-08,,6,0
2022-05-08,,5,3
2022-05-08,,4,3
2022-05-08,,1,6
2022-05-08,,0,1
2022-05-08,,4,1
2022-05-08,,0,1
2022-05-08,,3,0
2022-05-08,,0,0
2022-05-08,,0,0
2022-05-08,,1,0
2022-05-08,,0,0
2022-05-08,,1,1
2022-05-08,,2,0
2022-05-08,,0,0
2022-05-08,,0,0
2022-05-08,,0,0
2022-05-08,,0,0
2022-05-08,,0,0
2022-05-08,,0,0
2022-05-09,,0,0
2022-05-09,,1,0
2022-05-09,,0,0
2022-05-09,,0,0
2022-05-09,,0,0
2022-05-09,,0,0
2022-05-09,,0,0
2022-05-09,,0,0
2022-05-09,,0,0
2022-05-09,,0,0
2022-05-09,,0,0
2022-05-09,,0,0
2022-05-09,,0,0
2022-05-09,,0,0
2022-05-09,,0,2
2022-05-09,,0,0
2022-05-09,,0,2
2022-05-09,,0,4
2022-05-09,,0,2
2022-05-09,,0,6
2022-05-09,,0,3
2022-05-09,,3,2
2022-05-09,,1,8
2022-05-09,,0,15
2022-05-09,,0,9
2022-05-09,,1,24
2022-05-09,,1,17
2022-05-09,,2,11
2022-05-09,,3,15
2022-05-09,,1,21
2022-05-09,,1,24
2022-05-09,,2,18
2022-05-09,,1,27
2022-05-09,,1,16
2022-05-09,,5,14
2022-05-09,,0,5
2022-05-09,,1,11
2022-05-09,,2,3
2022-05-09,,2,7
2022-05-09,,2,4
2022-05-09,,2,4
2022-05-09,,3,9
2022-05-09,,6,2
2022-05-09,,1,5
2022-05-09,,1,5
2022-05-09,,0,3
2022-05-09,,1,7
2022-05-09,,5,2
2022-05-09,,1,6
2022-05-09,,2,4
2022-05-09,,8,6
2022-05-09,,2,6
2022-05-09,,4,0
2022-05-09,,4,0
2022-05-09,,9,5
2022-05-09,,4,6
2022-05-09,,9,4
2022-05-09,,6,5
2022-05-09,,5,1
2022-05-09,,7,2
2022-05-09,,9,8
2022-05-09,,7,4
2022-05-09,,19,1
2022-05-09,,14,0
2022-05-09,,13,9
2022-05-09,,21,2
2022-05-09,,27,3
2022-05-09,,26,5
2022-05-09,,27,7
2022-05-09,,25,6
2022-05-09,,19,2
2022-05-09,,9,2
2022-05-09,,13,6
2022-05-09,,5,0
2022-05-09,,5,2
2022-05-09,,10,2
2022-05-09,,1,2
2022-05-09,,5,1
2022-05-09,,6,0
2022-05-09,,3,2
2022-05-09,,4,0
2022-05-09,,3,0
2022-05-09,,2,1
2022-05-09,,4,0
2022-05-09,,1,0
2022-05-09,,1,0
2022-05-09,,1,1
2022-05-09,,4,0
2022-05-09,,3,0
2022-05-09,,1,1
2022-05-09,,0,0
2022-05-09,,2,0
2022-05-09,,1,0
2022-05-09,,2,0
2022-05-09,,0,0
2022-05-09,,2,1
2022-05-10,,1,0
2022-05-10,,0,0
2022-05-10,,0,1
2022-05-10,,0,1
2022-05-10,,0,0
2022-05-10,,0,2
2022-05-10,,0,1
2022-05-10,,0,1
2022-05-10,,0,0
2022-05-10,,0,0
2022-05-10,,1,0
2022-05-10,,0,0
2022-05-10,,0,1
2022-05-10,,0,0
2022-05-10,,0,1
2022-05-10,,0,0
2022-05-10,,1,0
2022-05-10,,0,2
2022-05-10,,0,3
2022-05-10,,1,4
2022-05-10,,0,5
2022-05-10,,5,1
2022-05-10,,2,11
2022-05-10,,1,13
2022-05-10,,1,15
2022-05-10,,0,12
2022-05-10,,2,17
2022-05-10,,4,17
2022-05-10,,2,25
2022-05-10,,3,30
2022-05-10,,4,28
2022-05-10,,5,20
2022-05-10,,2,37
2022-05-10,,1,27
2022-05-10,,2,19
2022-05-10,,3,16
2022-05-10,,0,7
2022-05-10,,2,5
2022-05-10,,1,7
2022-05-10,,0,6
2022-05-10,,1,3
2022-05-10,,1,4
2022-05-10,,3,4
2022-05-10,,0,7
2022-05-10,,1,8
2022-05-10,,4,3
2022-05-10,,1,5
2022-05-10,,4,7
2022-05-10,,8,5
2022-05-10,,3,7
2022-05-10,,3,3
2022-05-10,,5,3
2022-05-10,,5,2
2022-05-10,,7,4
2022-05-10,,3,8
2022-05-10,,14,4
2022-05-10,,5,5
2022-05-10,,2,1
2022-05-10,,5,8
2022-05-10,,13,6
2022-05-10,,8,12
2022-05-10,,15,9
2022-05-10,,21,13
2022-05-10,,11,6
2022-05-10,,21,6
2022-05-10,,30,4
2022-05-10,,21,9
2022-05-10,,35,7
2022-05-10,,27,15
2022-05-10,,32,5
2022-05-10,,22,6
2022-05-10,,16,3
2022-05-10,,25,6
2022-05-10,,20,7
2022-05-10,,26,3
2022-05-10,,12,6
2022-05-10,,13,4
2022-05-10,,10,2
2022-05-10,,6,11
2022-05-10,,8,3
2022-05-10,,3,4
2022-05-10,,4,1
2022-05-10,,1,2
2022-05-10,,2,2
2022-05-10,,2,0
2022-05-10,,4,2
2022-05-10,,5,2
2022-05-10,,2,0
2022-05-10,,4,1
2022-05-10,,5,1
2022-05-10,,4,1
2022-05-10,,1,0
2022-05-10,,2,0
2022-05-10,,0,0
2022-05-10,,2,0
2022-05-10,,1,0
2022-05-11,,2,0
2022-05-11,,0,0
2022-05-11,,0,0
2022-05-11,,0,0
2022-05-11,,1,0
2022-05-11,,0,1
2022-05-11,,0,0
2022-05-11,,0,0
2022-05-11,,0,0
2022-05-11,,0,0
2022-05-11,,0,0
2022-05-11,,1,0
2022-05-11,,0,0
2022-05-11,,0,1
2022-05-11,,0,0
2022-05-11,,0,1
2022-05-11,,1,0
2022-05-11,,0,3
2022-05-11,,0,4
2022-05-11,,0,2
2022-05-11,,0,6
2022-05-11,,3,4
2022-05-11,,2,9
2022-05-11,,3,7
2022-05-11,,0,10
2022-05-11,,0,15
2022-05-11,,0,15
2022-05-11,,2,21
2022-05-11,,3,19
2022-05-11,,0,36
2022-05-11,,4,8
2022-05-11,,2,0
2022-05-11,,2,3
2022-05-11,,2,0
2022-05-11,,1,4
2022-05-11,,1,2
2022-05-11,,1,2
2022-05-11,,5,16
2022-05-11,,1,10
2022-05-11,,3,11
2022-05-11,,2,6
2022-05-11,,1,4
2022-05-11,,1,6
2022-05-11,,2,0
2022-05-11,,2,7
2022-05-11,,4,5
2022-05-11,,2,5
2022-05-11,,2,6
2022-05-11,,0,9
2022-05-11,,6,7
2022-05-11,,3,7
2022-05-11,,4,5
2022-05-11,,1,4
2022-05-11,,7,9
2022-05-11,,7,6
2022-05-11,,7,8
2022-05-11,,4,4
2022-05-11,,8,5
2022-05-11,,5,4
2022-05-11,,7,7
2022-05-11,,7,6
2022-05-11,,17,1
2022-05-11,,13,2
2022-05-11,,24,8
2022-05-11,,19,5
2022-05-11,,21,3
2022-05-11,,25,8
2022-05-11,,30,7
2022-05-11,,29,10
2022-05-11,,30,4
2022-05-11,,35,3
2022-05-11,,17,5
2022-05-11,,13,5
2022-05-11,,15,9
2022-05-11,,9,5
2022-05-11,,10,0
2022-05-11,,9,3
2022-05-11,,13,3
2022-05-11,,7,3
2022-05-11,,9,3
2022-05-11,,4,9
2022-05-11,,3,1
2022-05-11,,2,1
2022-05-11,,0,0
2022-05-11,,2,4
2022-05-11,,0,1
2022-05-11,,3,0
2022-05-11,,2,0
2022-05-11,,1,1
2022-05-11,,1,1
2022-05-11,,1,0
2022-05-11,,0,0
2022-05-11,,2,0
2022-05-11,,2,0
2022-05-11,,0,0
2022-05-11,,0,0
2022-05-12,,1,0
2022-05-12,,0,0
2022-05-12,,0,0
2022-05-12,,0,2
2022-05-12,,0,0
2022-05-12,,0,1
2022-05-12,,0,0
2022-05-12,,0,0
2022-05-12,,0,0
2022-05-12,,1,0
2022-05-12,,0,0
2022-05-12,,0,0
2022-05-12,,0,0
2022-05-12,,0,0
2022-05-12,,0,0
2022-05-12,,0,0
2022-05-12,,0,1
2022-05-12,,0,3
2022-05-12,,1,2
2022-05-12,,0,3
2022-05-12,,1,3
2022-05-12,,2,4
2022-05-12,,2,4
2022-05-12,,1,4
2022-05-12,,2,8
2022-05-12,,0,13
2022-05-12,,0,12
2022-05-12,,1,7
2022-05-12,,0,6
2022-05-12,,0,21
2022-05-12,,2,29
2022-05-12,,1,13
2022-05-12,,0,16
2022-05-12,,0,9
2022-05-12,,1,13
2022-05-12,,3,13
2022-05-12,,1,9
2022-05-12,,1,5
2022-05-12,,0,8
2022-05-12,,0,1
2022-05-12,,2,0
2022-05-12,,1,2
2022-05-12,,1,6
2022-05-12,,1,2
2022-05-12,,2,4
2022-05-12,,2,0
2022-05-12,,0,2
2022-05-12,,1,2
2022-05-12,,0,3
2022-05-12,,0,0
2022-05-12,,2,2
2022-05-12,,1,0
2022-05-12,,1,0
2022-05-12,,3,2
2022-05-12,,1,2
2022-05-12,,4,0
2022-05-12,,3,1
2022-05-12,,6,3
2022-05-12,,5,0
2022-05-12,,6,0
2022-05-12,,3,3
2022-05-12,,6,0
2022-05-12,,4,1
2022-05-12,,6,1
2022-05-12,,12,0
2022-05-12,,14,3
2022-05-12,,9,3
2022-05-12,,19,2
2022-05-12,,17,2
2022-05-12,,17,3
2022-05-12,,18,2
2022-05-12,,13,1
2022-05-12,,8,0
2022-05-12,,6,1
2022-05-12,,5,2
2022-05-12,,1,2
2022-05-12,,2,1
2022-05-12,,11,1
2022-05-12,,6,0
2022-05-12,,2,0
2022-05-12,,5,1
2022-05-12,,1,2
2022-05-12,,4,0
2022-05-12,,4,0
2022-05-12,,0,1
2022-05-12,,2,1
2022-05-12,,0,0
2022-05-12,,2,0
2022-05-12,,1,0
2022-05-12,,2,0
2022-05-12,,0,0
2022-05-12,,1,0
2022-05-12,,0,0
2022-05-12,,0,0
2022-05-12,,0,0
2022-05-12,,1,0
2022-05-13,,0,0
2022-05-13,,0,0
2022-05-13,,0,0
2022-05-13,,0,0
2022-05-13,,0,0
2022-05-13,,0,0
2022-05-13,,0,0
2022-05-13,,0,0
2022-05-13,,0,0
2022-05-13,,0,0
2022-05-13,,0,0
2022-05-13,,0,0
2022-05-13,,0,0
2022-05-13,,0,1
2022-05-13,,0,0
2022-05-13,,0,1
2022-05-13,,0,1
2022-05-13,,0,3
2022-05-13,,0,1
2022-05-13,,1,4
2022-05-13,,1,3
2022-05-13,,2,2
2022-05-13,,3,10
2022-05-13,,2,10
2022-05-13,,0,8
2022-05-13,,1,8
2022-05-13,,1,11
2022-05-13,,1,13
2022-05-13,,1,28
2022-05-13,,2,19
2022-05-13,,5,8
2022-05-13,,2,30
2022-05-13,,3,25
2022-05-13,,2,7
2022-05-13,,1,9
2022-05-13,,3,7
2022-05-13,,1,13
2022-05-13,,2,5
2022-05-13,,1,6
2022-05-13,,4,6
2022-05-13,,0,10
2022-05-13,,1,6
2022-05-13,,2,2
2022-05-13,,2,5
2022-05-13,,0,2
2022-05-13,,5,6
2022-05-13,,5,4
2022-05-13,,4,6
2022-05-13,,4,6
2022-05-13,,3,5
2022-05-13,,6,4
2022-05-13,,13,5
2022-05-13,,6,6
2022-05-13,,4,7
2022-05-13,,6,7
2022-05-13,,8,2
2022-05-13,,8,6
2022-05-13,,3,5
2022-05-13,,16,10
2022-05-13,,9,3
2022-05-13,,13,6
2022-05-13,,14,7
2022-05-13,,18,9
2022-05-13,,10,1
2022-05-13,,16,7
2022-05-13,,22,3
2022-05-13,,13,4
2022-05-13,,29,9
2022-05-13,,21,3
2022-05-13,,29,3
2022-05-13,,16,7
2022-05-13,,9,1
2022-05-13,,7,10
2022-05-13,,9,8
2022-05-13,,8,3
2022-05-13,,5,2
2022-05-13,,9,2
2022-05-13,,7,4
2022-05-13,,3,1
2022-05-13,,6,0
2022-05-13,,2,3
2022-05-13,,2,0
2022-05-13,,4,2
2022-05-13,,1,3
2022-05-13,,2,1
2022-05-13,,0,2
2022-05-13,,2,0
2022-05-13,,1,1
2022-05-13,,31,0
2022-05-13,,1,0
2022-05-13,,3,0
2022-05-13,,2,3
2022-05-13,,1,3
2022-05-13,,0,0
2022-05-13,,2,0
2022-05-13,,0,1
2022-05-14,,0,2
2022-05-14,,0,4
2022-05-14,,0,0
2022-05-14,,1,2
2022-05-14,,0,0
2022-05-14,,0,6
2022-05-14,,0,0
2022-05-14,,0,0
2022-05-14,,0,0
2022-05-14,,0,0
2022-05-14,,1,0
2022-05-14,,0,0
2022-05-14,,0,1
2022-05-14,,0,0
2022-05-14,,0,0
2022-05-14,,0,0
2022-05-14,,0,0
2022-05-14,,0,2
2022-05-14,,1,1
2022-05-14,,0,0
2022-05-14,,0,0
2022-05-14,,0,1
2022-05-14,,2,0
2022-05-14,,0,1
2022-05-14,,0,2
2022-05-14,,0,1
2022-05-14,,0,0
2022-05-14,,0,2
2022-05-14,,1,0
2022-05-14,,0,1
2022-05-14,,2,3
2022-05-14,,0,1
2022-05-14,,0,1
2022-05-14,,1,1
2022-05-14,,8,1
2022-05-14,,3,3
2022-05-14,,2,3
2022-05-14,,3,11
2022-05-14,,1,1
2022-05-14,,4,4
2022-05-14,,3,2
2022-05-14,,5,1
2022-05-14,,2,6
2022-05-14,,6,2
2022-05-14,,1,5
2022-05-14,,2,7
2022-05-14,,4,3
2022-05-14,,2,9
2022-05-14,,13,3
2022-05-14,,4,3
2022-05-14,,5,3
2022-05-14,,3,5
2022-05-14,,5,3
2022-05-14,,9,8
2022-05-14,,11,5
2022-05-14,,14,11
2022-05-14,,6,16
2022-05-14,,7,13
2022-05-14,,4,15
2022-05-14,,7,5
2022-05-14,,8,8
2022-05-14,,6,9
2022-05-14,,4,2
2022-05-14,,19,1
2022-05-14,,5,16
2022-05-14,,11,5
2022-05-14,,7,7
2022-05-14,,8,6
2022-05-14,,9,10
2022-05-14,,11,6
2022-05-14,,8,13
2022-05-14,,4,4
2022-05-14,,5,7
2022-05-14,,9,5
2022-05-14,,3,2
2022-05-14,,4,3
2022-05-14,,7,1
2022-05-14,,1,0
2022-05-14,,10,2
2022-05-14,,1,2
2022-05-14,,1,0
2022-05-14,,2,3
2022-05-14,,1,2
2022-05-14,,0,1
2022-05-14,,0,0
2022-05-14,,1,0
2022-05-14,,2,1
2022-05-14,,2,1
2022-05-14,,1,6
2022-05-14,,1,0
2022-05-14,,1,2
2022-05-14,,2,0
2022-05-14,,0,0
2022-05-14,,0,1
2022-05-14,,1,0
2022-05-14,,0,0
2022-05-15,,0,0
2022-05-15,,1,0
2022-05-15,,0,1
2022-05-15,,0,1
2022-05-15,,1,0
2022-05-15,,1,0
2022-05-15,,0,0
2022-05-15,,0,1
2022-05-15,,0,0
2022-05-15,,0,0
2022-05-15,,0,0
2022-05-15,,1,1
2022-05-15,,0,0
2022-05-15,,1,0
2022-05-15,,0,0
2022-05-15,,0,0
2022-05-15,,0,0
2022-05-15,,0,1
2022-05-15,,0,0
2022-05-15,,0,0
2022-05-15,,0,1
2022-05-15,,0,0
2022-05-15,,0,0
2022-05-15,,0,0
2022-05-15,,0,1
2022-05-15,,1,3
2022-05-15,,0,0
2022-05-15,,0,1
2022-05-15,,0,1
2022-05-15,,1,0
2022-05-15,,1,0
2022-05-15,,1,2
2022-05-15,,5,1
2022-05-15,,0,0
2022-05-15,,1,1
2022-05-15,,4,0
2022-05-15,,3,0
2022-05-15,,1,3
2022-05-15,,1,1
2022-05-15,,0,4
2022-05-15,,0,1
2022-05-15,,0,1
2022-05-15,,0,0
2022-05-15,,0,4
2022-05-15,,0,0
2022-05-15,,0,0
2022-05-15,,0,3
2022-05-15,,1,7
2022-05-15,,0,1
2022-05-15,,4,0
2022-05-15,,3,2
2022-05-15,,3,2
2022-05-15,,1,2
2022-05-15,,2,0
2022-05-15,,0,0
2022-05-15,,1,2
2022-05-15,,0,1
2022-05-15,,0,0
2022-05-15,,1,0
2022-05-15,,2,2
2022-05-15,,1,5
2022-05-15,,1,1
2022-05-15,,3,0
2022-05-15,,0,2
2022-05-15,,1,0
2022-05-15,,3,2
2022-05-15,,2,0
2022-05-15,,0,0
2022-05-15,,0,1
2022-05-15,,1,0
2022-05-15,,1,2
2022-05-15,,2,0
2022-05-15,,4,1
2022-05-15,,1,1
2022-05-15,,0,2
2022-05-15,,1,1
2022-05-15,,2,0
2022-05-15,,1,2
2022-05-15,,2,0
2022-05-15,,0,2
2022-05-15,,0,1
2022-05-15,,2,0
2022-05-15,,0,0
2022-05-15,,2,0
2022-05-15,,2,0
2022-05-15,,0,1
2022-05-15,,0,0
2022-05-15,,1,1
2022-05-15,,0,1
2022-05-15,,1,1
2022-05-15,,2,0
2022-05-15,,0,0
2022-05-15,,0,0
2022-05-15,,0,0
2022-05-15,,0,0
2022-05-15,,0,0
2022-05-16,,2,0
2022-05-16,,0,0
2022-05-16,,0,0
2022-05-16,,0,0
2022-05-16,,0,0
2022-05-16,,0,0
2022-05-16,,0,0
2022-05-16,,1,0
2022-05-16,,0,0
2022-05-16,,0,2
2022-05-16,,0,0
2022-05-16,,0,0
2022-05-16,,1,0
2022-05-16,,0,0
2022-05-16,,1,0
2022-05-16,,1,0
2022-05-16,,0,2
2022-05-16,,0,4
2022-05-16,,0,2
2022-05-16,,0,5
2022-05-16,,0,6
2022-05-16,,4,2
2022-05-16,,1,10
2022-05-16,,1,10
2022-05-16,,2,7
2022-05-16,,0,14
2022-05-16,,2,11
2022-05-16,,0,16
2022-05-16,,1,21
2022-05-16,,0,6
2022-05-16,,4,36
2022-05-16,,1,18
2022-05-16,,1,26
2022-05-16,,6,14
2022-05-16,,2,18
2022-05-16,,2,11
2022-05-16,,0,10
2022-05-16,,3,4
2022-05-16,,1,8
2022-05-16,,3,10
2022-05-16,,3,2
2022-05-16,,2,6
2022-05-16,,3,6
2022-05-16,,1,6
2022-05-16,,4,5
2022-05-16,,4,5
2022-05-16,,7,3
2022-05-16,,4,3
2022-05-16,,3,4
2022-05-16,,1,5
2022-05-16,,1,6
2022-05-16,,5,2
2022-05-16,,1,5
2022-05-16,,2,4
2022-05-16,,9,4
2022-05-16,,7,3
2022-05-16,,6,4
2022-05-16,,7,7
2022-05-16,,4,3
2022-05-16,,6,7
2022-05-16,,5,6
2022-05-16,,17,4
2022-05-16,,7,5
2022-05-16,,14,4
2022-05-16,,13,7
2022-05-16,,34,9
2022-05-16,,22,1
2022-05-16,,28,5
2022-05-16,,30,7
2022-05-16,,26,9
2022-05-16,,22,4
2022-05-16,,17,3
2022-05-16,,18,5
2022-05-16,,12,1
2022-05-16,,12,6
2022-05-16,,14,0
2022-05-16,,5,4
2022-05-16,,12,8
2022-05-16,,4,5
2022-05-16,,6,4
2022-05-16,,4,1
2022-05-16,,1,1
2022-05-16,,3,2
2022-05-16,,3,3
2022-05-16,,0,0
2022-05-16,,2,1
2022-05-16,,2,1
2022-05-16,,5,2
2022-05-16,,3,3
2022-05-16,,0,3
2022-05-16,,1,1
2022-05-16,,2,2
2022-05-16,,1,0
2022-05-16,,1,0
2022-05-16,,0,0
2022-05-16,,1,0
2022-05-17,,0,0
2022-05-17,,0,1
2022-05-17,,0,0
2022-05-17,,0,0
2022-05-17,,1,0
2022-05-17,,0,0
2022-05-17,,0,0
2022-05-17,,0,0
2022-05-17,,1,0
2022-05-17,,0,2
2022-05-17,,0,0
2022-05-17,,0,0
2022-05-17,,0,0
2022-05-17,,0,0
2022-05-17,,0,0
2022-05-17,,0,0
2022-05-17,,1,1
2022-05-17,,0,1
2022-05-17,,0,4
2022-05-17,,0,5
2022-05-17,,2,6
2022-05-17,,2,1
2022-05-17,,0,11
2022-05-17,,3,10
2022-05-17,,1,9
2022-05-17,,1,21
2022-05-17,,2,14
2022-05-17,,3,18
2022-05-17,,1,23
2022-05-17,,3,41
2022-05-17,,4,30
2022-05-17,,0,27
2022-05-17,,8,26
2022-05-17,,0,25
2022-05-17,,1,21
2022-05-17,,0,19
2022-05-17,,0,18
2022-05-17,,1,9
2022-05-17,,3,13
2022-05-17,,1,3
2022-05-17,,5,4
2022-05-17,,1,7
2022-05-17,,1,7
2022-05-17,,4,7
2022-05-17,,2,2
2022-05-17,,5,5
2022-05-17,,2,7
2022-05-17,,3,5
2022-05-17,,2,5
2022-05-17,,3,7
2022-05-17,,4,6
2022-05-17,,3,2
2022-05-17,,7,7
2022-05-17,,7,6
2022-05-17,,11,2
2022-05-17,,3,4
2022-05-17,,11,5
2022-05-17,,7,4
2022-05-17,,5,4
2022-05-17,,7,3
2022-05-17,,20,5
2022-05-17,,18,6
2022-05-17,,14,0
2022-05-17,,16,10
2022-05-17,,24,6
2022-05-17,,25,4
2022-05-17,,33,1
2022-05-17,,31,8
2022-05-17,,37,4
2022-05-17,,33,5
2022-05-17,,27,6
2022-05-17,,20,4
2022-05-17,,12,8
2022-05-17,,15,6
2022-05-17,,14,3
2022-05-17,,16,2
2022-05-17,,9,2
2022-05-17,,6,3
2022-05-17,,12,8
2022-05-17,,6,0
2022-05-17,,6,1
2022-05-17,,2,3
2022-05-17,,3,3
2022-05-17,,3,1
2022-05-17,,4,0
2022-05-17,,2,2
2022-05-17,,1,0
2022-05-17,,3,2
2022-05-17,,2,0
2022-05-17,,4,1
2022-05-17,,1,0
2022-05-17,,1,1
2022-05-17,,0,0
2022-05-17,,1,0
2022-05-17,,1,0
2022-05-17,,0,0
2022-05-18,,1,0
2022-05-18,,1,0
2022-05-18,,0,0
2022-05-18,,0,1
2022-05-18,,0,0
2022-05-18,,0,0
2022-05-18,,0,0
2022-05-18,,1,0
2022-05-18,,0,0
2022-05-18,,0,0
2022-05-18,,0,0
2022-05-18,,0,0
2022-05-18,,0,0
2022-05-18,,0,1
2022-05-18,,0,0
2022-05-18,,0,0
2022-05-18,,0,0
2022-05-18,,0,4
2022-05-18,,0,1
2022-05-18,,0,1
2022-05-18,,0,4
2022-05-18,,4,3
2022-05-18,,1,0
2022-05-18,,1,7
2022-05-18,,1,6
2022-05-18,,2,9
2022-05-18,,0,12
2022-05-18,,1,10
2022-05-18,,0,12
2022-05-18,,2,23
2022-05-18,,1,19
2022-05-18,,0,17
2022-05-18,,2,16
2022-05-18,,0,12
2022-05-18,,1,12
2022-05-18,,1,9
2022-05-18,,1,10
2022-05-18,,0,4
2022-05-18,,0,4
2022-05-18,,1,2
2022-05-18,,0,2
2022-05-18,,0,3
2022-05-18,,0,2
2022-05-18,,1,5
2022-05-18,,0,3
2022-05-18,,0,6
2022-05-18,,1,2
2022-05-18,,2,2
2022-05-18,,2,3
2022-05-18,,0,2
2022-05-18,,3,5
2022-05-18,,0,0
2022-05-18,,1,3
2022-05-18,,2,0
2022-05-18,,2,4
2022-05-18,,7,4
2022-05-18,,1,4
2022-05-18,,6,8
2022-05-18,,5,6
2022-05-18,,4,0
2022-05-18,,7,4
2022-05-18,,6,2
2022-05-18,,8,1
2022-05-18,,7,3
2022-05-18,,11,8
2022-05-18,,13,6
2022-05-18,,24,2
2022-05-18,,18,7
2022-05-18,,22,4
2022-05-18,,18,4
2022-05-18,,18,0
2022-05-18,,14,0
2022-05-18,,12,4
2022-05-18,,11,1
2022-05-18,,7,1
2022-05-18,,5,6
2022-05-18,,7,0
2022-05-18,,4,4
2022-05-18,,1,0
2022-05-18,,6,2
2022-05-18,,5,1
2022-05-18,,3,0
2022-05-18,,2,0
2022-05-18,,2,6
2022-05-18,,4,0
2022-05-18,,5,2
2022-05-18,,2,0
2022-05-18,,4,1
2022-05-18,,4,0
2022-05-18,,0,0
2022-05-18,,1,0
2022-05-18,,1,0
2022-05-18,,0,0
2022-05-18,,1,0
2022-05-18,,1,2
2022-05-18,,2,0
2022-05-19,,0,0
2022-05-19,,2,1
2022-05-19,,0,0
2022-05-19,,0,0
2022-05-19,,1,0
2022-05-19,,0,0
2022-05-19,,0,0
2022-05-19,,0,0
2022-05-19,,0,0
2022-05-19,,0,0
2022-05-19,,0,0
2022-05-19,,0,0
2022-05-19,,1,0
2022-05-19,,1,0
2022-05-19,,0,0
2022-05-19,,0,0
2022-05-19,,0,1
2022-05-19,,0,4
2022-05-19,,1,3
2022-05-19,,0,4
2022-05-19,,0,6
2022-05-19,,4,4
2022-05-19,,2,4
2022-05-19,,1,8
2022-05-19,,1,9
2022-05-19,,0,12
2022-05-19,,0,18
2022-05-19,,2,21
2022-05-19,,2,19
2022-05-19,,1,35
2022-05-19,,3,26
2022-05-19,,0,33
2022-05-19,,1,28
2022-05-19,,4,23
2022-05-19,,5,26
2022-05-19,,2,8
2022-05-19,,1,13
2022-05-19,,2,14
2022-05-19,,9,9
2022-05-19,,0,7
2022-05-19,,0,3
2022-05-19,,3,11
2022-05-19,,3,4
2022-05-19,,0,6
2022-05-19,,4,7
2022-05-19,,4,9
2022-05-19,,1,10
2022-05-19,,4,6
2022-05-19,,6,4
2022-05-19,,1,7
2022-05-19,,1,2
2022-05-19,,6,3
2022-05-19,,0,5
2022-05-19,,4,4
2022-05-19,,5,5
2022-05-19,,13,6
2022-05-19,,8,6
2022-05-19,,12,7
2022-05-19,,8,4
2022-05-19,,6,2
2022-05-19,,8,6
2022-05-19,,14,6
2022-05-19,,10,6
2022-05-19,,7,3
2022-05-19,,16,5
2022-05-19,,24,10
2022-05-19,,35,11
2022-05-19,,36,7
2022-05-19,,34,17
2022-05-19,,39,6
2022-05-19,,28,6
2022-05-19,,21,5
2022-05-19,,20,3
2022-05-19,,9,9
2022-05-19,,23,5
2022-05-19,,14,4
2022-05-19,,18,3
2022-05-19,,11,3
2022-05-19,,10,1
2022-05-19,,4,4
2022-05-19,,7,0
2022-05-19,,6,2
2022-05-19,,5,0
2022-05-19,,4,2
2022-05-19,,2,2
2022-05-19,,1,0
2022-05-19,,1,0
2022-05-19,,1,0
2022-05-19,,0,0
2022-05-19,,1,0
2022-05-19,,0,0
2022-05-19,,0,0
2022-05-19,,2,0
2022-05-19,,1,0
2022-05-19,,0,0
2022-05-19,,0,0
2022-05-20,,1,0
2022-05-20,,1,1
2022-05-20,,0,2
2022-05-20,,0,0
2022-05-20,,0,0
2022-05-20,,1,0
2022-05-20,,0,0
2022-05-20,,0,0
2022-05-20,,0,0
2022-05-20,,0,1
2022-05-20,,0,1
2022-05-20,,0,0
2022-05-20,,0,0
2022-05-20,,0,0
2022-05-20,,0,0
2022-05-20,,0,0
2022-05-20,,0,0
2022-05-20,,0,5
2022-05-20,,0,1
2022-05-20,,0,1
2022-05-20,,2,3
2022-05-20,,2,4
2022-05-20,,2,10
2022-05-20,,2,8
2022-05-20,,0,6
2022-05-20,,1,6
2022-05-20,,3,21
2022-05-20,,4,11
2022-05-20,,3,23
2022-05-20,,3,28
2022-05-20,,5,32
2022-05-20,,0,19
2022-05-20,,3,30
2022-05-20,,2,15
2022-05-20,,5,16
2022-05-20,,2,9
2022-05-20,,2,13
2022-05-20,,3,12
2022-05-20,,2,8
2022-05-20,,5,4
2022-05-20,,4,7
2022-05-20,,4,5
2022-05-20,,1,7
2022-05-20,,5,5
2022-05-20,,4,4
2022-05-20,,2,7
2022-05-20,,5,6
2022-05-20,,3,2
2022-05-20,,4,1
2022-05-20,,6,3
2022-05-20,,19,6
2022-05-20,,9,1
2022-05-20,,6,6
2022-05-20,,6,5
2022-05-20,,5,3
2022-05-20,,7,1
2022-05-20,,10,6
2022-05-20,,8,4
2022-05-20,,11,24
2022-05-20,,9,5
2022-05-20,,1,12
2022-05-20,,13,7
2022-05-20,,13,6
2022-05-20,,20,6
2022-05-20,,16,8
2022-05-20,,19,3
2022-05-20,,36,9
2022-05-20,,26,9
2022-05-20,,26,7
2022-05-20,,26,12
2022-05-20,,13,2
2022-05-20,,13,6
2022-05-20,,11,1
2022-05-20,,21,6
2022-05-20,,10,6
2022-05-20,,17,3
2022-05-20,,10,7
2022-05-20,,7,0
2022-05-20,,6,2
2022-05-20,,8,0
2022-05-20,,4,1
2022-05-20,,1,0
2022-05-20,,2,0
2022-05-20,,4,3
2022-05-20,,3,2
2022-05-20,,3,4
2022-05-20,,1,0
2022-05-20,,3,0
2022-05-20,,1,1
2022-05-20,,2,0
2022-05-20,,1,1
2022-05-20,,1,4
2022-05-20,,3,0
2022-05-20,,0,0
2022-05-20,,3,0
2022-05-20,,1,0
2022-05-21,,3,5
2022-05-21,,0,1
2022-05-21,,0,2
2022-05-21,,0,0
2022-05-21,,3,0
2022-05-21,,0,0
2022-05-21,,0,2
2022-05-21,,0,0
2022-05-21,,1,1
2022-05-21,,2,0
2022-05-21,,0,0
2022-05-21,,0,0
2022-05-21,,0,0
2022-05-21,,0,0
2022-05-21,,0,1
2022-05-21,,0,0
2022-05-21,,1,0
2022-05-21,,0,1
2022-05-21,,0,0
2022-05-21,,1,1
2022-05-21,,1,0
2022-05-21,,0,2
2022-05-21,,1,1
2022-05-21,,0,2
2022-05-21,,0,0
2022-05-21,,1,4
2022-05-21,,0,2
2022-05-21,,2,3
2022-05-21,,0,6
2022-05-21,,1,4
2022-05-21,,4,2
2022-05-21,,1,8
2022-05-21,,5,7
2022-05-21,,7,7
2022-05-21,,7,5
2022-05-21,,1,14
2022-05-21,,6,10
2022-05-21,,7,12
2022-05-21,,6,11
2022-05-21,,10,11
2022-05-21,,11,3
2022-05-21,,22,10
2022-05-21,,7,17
2022-05-21,,5,8
2022-05-21,,8,5
2022-05-21,,5,12
2022-05-21,,21,23
2022-05-21,,11,11
2022-05-21,,15,8
2022-05-21,,8,15
2022-05-21,,19,12
2022-05-21,,17,22
2022-05-21,,10,8
2022-05-21,,7,10
2022-05-21,,21,6
2022-05-21,,15,8
2022-05-21,,9,11
2022-05-21,,9,17
2022-05-21,,11,21
2022-05-21,,12,25
2022-05-21,,21,8
2022-05-21,,15,7
2022-05-21,,10,8
2022-05-21,,13,19
2022-05-21,,11,15
2022-05-21,,11,15
2022-05-21,,11,10
2022-05-21,,9,13
2022-05-21,,12,7
2022-05-21,,13,8
2022-05-21,,11,12
2022-05-21,,5,2
2022-05-21,,5,12
2022-05-21,,14,4
2022-05-21,,3,3
2022-05-21,,8,1
2022-05-21,,4,1
2022-05-21,,5,4
2022-05-21,,5,0
2022-05-21,,1,2
2022-05-21,,3,9
2022-05-21,,3,1
2022-05-21,,2,1
2022-05-21,,3,1
2022-05-21,,3,3
2022-05-21,,0,3
2022-05-21,,4,1
2022-05-21,,1,0
2022-05-21,,1,2
2022-05-21,,0,0
2022-05-21,,2,1
2022-05-21,,0,0
2022-05-21,,6,1
2022-05-21,,0,0
2022-05-21,,0,1
2022-05-21,,5,1
2022-05-22,,1,1
2022-05-22,,2,3
2022-05-22,,3,0
2022-05-22,,0,0
2022-05-22,,0,0
2022-05-22,,0,1
2022-05-22,,0,0
2022-05-22,,1,0
2022-05-22,,3,0
2022-05-22,,0,0
2022-05-22,,1,0
2022-05-22,,0,0
2022-05-22,,0,0
2022-05-22,,0,0
2022-05-22,,0,2
2022-05-22,,1,0
2022-05-22,,1,0
2022-05-22,,0,0
2022-05-22,,0,1
2022-05-22,,0,0
2022-05-22,,0,2
2022-05-22,,0,1
2022-05-22,,2,2
2022-05-22,,1,0
2022-05-22,,1,1
2022-05-22,,1,3
2022-05-22,,1,2
2022-05-22,,0,0
2022-05-22,,2,3
2022-05-22,,1,5
2022-05-22,,3,4
2022-05-22,,2,4
2022-05-22,,0,6
2022-05-22,,5,6
2022-05-22,,6,8
2022-05-22,,5,3
2022-05-22,,7,21
2022-05-22,,3,8
2022-05-22,,7,10
2022-05-22,,14,13
2022-05-22,,2,16
2022-05-22,,6,10
2022-05-22,,10,12
2022-05-22,,5,11
2022-05-22,,13,10
2022-05-22,,14,14
2022-05-22,,15,13
2022-05-22,,15,8
2022-05-22,,11,8
2022-05-22,,8,7
2022-05-22,,17,11
2022-05-22,,13,9
2022-05-22,,9,17
2022-05-22,,12,12
2022-05-22,,30,8
2022-05-22,,8,11
2022-05-22,,20,11
2022-05-22,,18,20
2022-05-22,,7,7
2022-05-22,,14,10
2022-05-22,,16,15
2022-05-22,,13,12
2022-05-22,,10,16
2022-05-22,,7,12
2022-05-22,,10,4
2022-05-22,,6,11
2022-05-22,,12,5
2022-05-22,,8,4
2022-05-22,,10,14
2022-05-22,,8,6
2022-05-22,,8,7
2022-05-22,,8,6
2022-05-22,,9,3
2022-05-22,,5,1
2022-05-22,,5,6
2022-05-22,,7,1
2022-05-22,,2,1
2022-05-22,,4,0
2022-05-22,,1,0
2022-05-22,,3,4
2022-05-22,,2,0
2022-05-22,,1,3
2022-05-22,,0,0
2022-05-22,,3,3
2022-05-22,,3,0
2022-05-22,,0,3
2022-05-22,,1,0
2022-05-22,,4,1
2022-05-22,,4,0
2022-05-22,,0,0
2022-05-22,,0,1
2022-05-22,,0,1
2022-05-22,,1,0
2022-05-22,,0,0
2022-05-22,,0,0
2022-05-22,,0,2
2022-05-23,,0,0
2022-05-23,,0,0
2022-05-23,,1,1
2022-05-23,,0,0
2022-05-23,,1,0
2022-05-23,,0,0
2022-05-23,,0,0
2022-05-23,,0,0
2022-05-23,,0,1
2022-05-23,,0,0
2022-05-23,,0,0
2022-05-23,,0,0
2022-05-23,,1,1
2022-05-23,,0,1
2022-05-23,,0,0
2022-05-23,,0,0
2022-05-23,,0,0
2022-05-23,,0,2
2022-05-23,,0,3
2022-05-23,,0,1
2022-05-23,,1,7
2022-05-23,,4,6
2022-05-23,,0,6
2022-05-23,,1,7
2022-05-23,,1,10
2022-05-23,,2,11
2022-05-23,,0,20
2022-05-23,,4,12
2022-05-23,,1,21
2022-05-23,,2,28
2022-05-23,,4,20
2022-05-23,,4,23
2022-05-23,,3,30
2022-05-23,,3,15
2022-05-23,,0,21
2022-05-23,,4,6
2022-05-23,,0,7
2022-05-23,,2,9
2022-05-23,,2,3
2022-05-23,,1,11
2022-05-23,,4,3
2022-05-23,,7,5
2022-05-23,,3,5
2022-05-23,,2,3
2022-05-23,,2,6
2022-05-23,,4,5
2022-05-23,,4,6
2022-05-23,,0,4
2022-05-23,,0,1
2022-05-23,,1,4
2022-05-23,,2,0
2022-05-23,,0,2
2022-05-23,,0,1
2022-05-23,,2,6
2022-05-23,,3,3
2022-05-23,,2,5
2022-05-23,,8,3
2022-05-23,,9,8
2022-05-23,,9,4
2022-05-23,,4,5
2022-05-23,,7,7
2022-05-23,,13,3
2022-05-23,,11,5
2022-05-23,,11,1
2022-05-23,,13,3
2022-05-23,,28,11
2022-05-23,,28,4
2022-05-23,,32,8
2022-05-23,,40,10
2022-05-23,,23,5
2022-05-23,,28,8
2022-05-23,,20,4
2022-05-23,,9,10
2022-05-23,,12,3
2022-05-23,,3,2
2022-05-23,,9,10
2022-05-23,,7,0
2022-05-23,,12,1
2022-05-23,,6,5
2022-05-23,,4,1
2022-05-23,,9,1
2022-05-23,,6,1
2022-05-23,,4,7
2022-05-23,,2,4
2022-05-23,,1,1
2022-05-23,,1,0
2022-05-23,,4,0
2022-05-23,,5,0
2022-05-23,,2,0
2022-05-23,,5,0
2022-05-23,,1,1
2022-05-23,,0,0
2022-05-23,,0,0
2022-05-23,,2,0
2022-05-23,,0,0
2022-05-23,,1,0
2022-05-24,,0,0
2022-05-24,,0,0
2022-05-24,,0,0
2022-05-24,,0,0
2022-05-24,,1,2
2022-05-24,,1,0
2022-05-24,,0,0
2022-05-24,,0,0
2022-05-24,,1,0
2022-05-24,,0,0
2022-05-24,,0,0
2022-05-24,,0,0
2022-05-24,,0,1
2022-05-24,,1,0
2022-05-24,,0,0
2022-05-24,,0,0
2022-05-24,,0,3
2022-05-24,,0,3
2022-05-24,,0,4
2022-05-24,,0,6
2022-05-24,,0,6
2022-05-24,,4,3
2022-05-24,,2,9
2022-05-24,,1,10
2022-05-24,,2,11
2022-05-24,,2,18
2022-05-24,,5,21
2022-05-24,,2,14
2022-05-24,,1,29
2022-05-24,,3,29
2022-05-24,,5,39
2022-05-24,,4,32
2022-05-24,,0,26
2022-05-24,,2,33
2022-05-24,,3,26
2022-05-24,,1,15
2022-05-24,,0,8
2022-05-24,,2,3
2022-05-24,,3,14
2022-05-24,,2,6
2022-05-24,,0,4
2022-05-24,,1,5
2022-05-24,,2,5
2022-05-24,,3,6
2022-05-24,,0,6
2022-05-24,,5,5
2022-05-24,,2,1
2022-05-24,,2,3
2022-05-24,,4,6
2022-05-24,,5,4
2022-05-24,,6,5
2022-05-24,,5,6
2022-05-24,,1,2
2022-05-24,,5,7
2022-05-24,,9,1
2022-05-24,,11,1
2022-05-24,,4,7
2022-05-24,,8,5
2022-05-24,,8,5
2022-05-24,,15,7
2022-05-24,,8,8
2022-05-24,,10,5
2022-05-24,,19,3
2022-05-24,,15,6
2022-05-24,,20,10
2022-05-24,,26,4
2022-05-24,,42,0
2022-05-24,,24,3
2022-05-24,,38,7
2022-05-24,,29,6
2022-05-24,,28,4
2022-05-24,,11,5
2022-05-24,,22,4
2022-05-24,,7,5
2022-05-24,,12,2
2022-05-24,,7,3
2022-05-24,,7,2
2022-05-24,,8,3
2022-05-24,,7,2
2022-05-24,,4,3
2022-05-24,,4,0
2022-05-24,,9,0
2022-05-24,,4,4
2022-05-24,,3,1
2022-05-24,,3,0
2022-05-24,,3,0
2022-05-24,,4,0
2022-05-24,,2,0
2022-05-24,,4,0
2022-05-24,,1,0
2022-05-24,,1,1
2022-05-24,,1,0
2022-05-24,,0,0
2022-05-24,,2,0
2022-05-24,,0,1
2022-05-24,,2,0
2022-05-25,,0,0
2022-05-25,,1,0
2022-05-25,,0,0
2022-05-25,,0,0
2022-05-25,,0,0
2022-05-25,,0,0
2022-05-25,,0,0
2022-05-25,,0,0
2022-05-25,,0,0
2022-05-25,,0,0
2022-05-25,,0,0
2022-05-25,,0,0
2022-05-25,,0,0
2022-05-25,,0,0
2022-05-25,,0,0
2022-05-25,,0,0
2022-05-25,,0,2
2022-05-25,,0,2
2022-05-25,,0,1
2022-05-25,,2,4
2022-05-25,,1,4
2022-05-25,,1,8
2022-05-25,,3,6
2022-05-25,,1,13
2022-05-25,,0,13
2022-05-25,,1,18
2022-05-25,,1,20
2022-05-25,,2,23
2022-05-25,,2,19
2022-05-25,,2,24
2022-05-25,,3,37
2022-05-25,,3,25
2022-05-25,,4,29
2022-05-25,,3,31
2022-05-25,,3,18
2022-05-25,,1,14
2022-05-25,,2,16
2022-05-25,,5,7
2022-05-25,,0,7
2022-05-25,,1,7
2022-05-25,,1,6
2022-05-25,,2,6
2022-05-25,,2,5
2022-05-25,,2,6
2022-05-25,,1,6
2022-05-25,,1,3
2022-05-25,,3,3
2022-05-25,,7,3
2022-05-25,,2,5
2022-05-25,,2,10
2022-05-25,,5,3
2022-05-25,,5,3
2022-05-25,,9,2
2022-05-25,,6,6
2022-05-25,,9,1
2022-05-25,,4,3
2022-05-25,,6,4
2022-05-25,,5,11
2022-05-25,,6,3
2022-05-25,,10,5
2022-05-25,,13,7
2022-05-25,,10,7
2022-05-25,,21,2
2022-05-25,,14,4
2022-05-25,,27,7
2022-05-25,,37,9
2022-05-25,,28,10
2022-05-25,,32,6
2022-05-25,,30,5
2022-05-25,,46,9
2022-05-25,,25,4
2022-05-25,,33,11
2022-05-25,,15,10
2022-05-25,,15,9
2022-05-25,,9,3
2022-05-25,,13,3
2022-05-25,,11,3
2022-05-25,,4,5
2022-05-25,,9,1
2022-05-25,,8,5
2022-05-25,,5,0
2022-05-25,,6,2
2022-05-25,,4,4
2022-05-25,,2,2
2022-05-25,,6,0
2022-05-25,,3,1
2022-05-25,,3,1
2022-05-25,,4,0
2022-05-25,,0,0
2022-05-25,,0,0
2022-05-25,,1,0
2022-05-25,,0,0
2022-05-25,,1,0
2022-05-25,,0,1
2022-05-25,,0,1
2022-05-25,,4,1
2022-05-26,,1,2
2022-05-26,,0,0
2022-05-26,,1,0
2022-05-26,,0,0
2022-05-26,,0,0
2022-05-26,,1,0
2022-05-26,,0,0
2022-05-26,,1,0
2022-05-26,,0,0
2022-05-26,,0,0
2022-05-26,,0,0
2022-05-26,,0,0
2022-05-26,,1,0
2022-05-26,,0,1
2022-05-26,,0,0
2022-05-26,,0,0
2022-05-26,,2,0
2022-05-26,,0,3
2022-05-26,,1,2
2022-05-26,,0,4
2022-05-26,,0,5
2022-05-26,,2,8
2022-05-26,,1,4
2022-05-26,,3,8
2022-05-26,,1,12
2022-05-26,,3,14
2022-05-26,,0,15
2022-05-26,,0,13
2022-05-26,,0,26
2022-05-26,,2,28
2022-05-26,,6,24
2022-05-26,,3,24
2022-05-26,,2,30
2022-05-26,,2,24
2022-05-26,,2,17
2022-05-26,,1,13
2022-05-26,,0,8
2022-05-26,,2,10
2022-05-26,,0,7
2022-05-26,,4,3
2022-05-26,,3,3
2022-05-26,,2,3
2022-05-26,,1,4
2022-05-26,,1,0
2022-05-26,,3,5
2022-05-26,,1,6
2022-05-26,,0,1
2022-05-26,,5,2
2022-05-26,,4,2
2022-05-26,,1,8
2022-05-26,,0,6
2022-05-26,,5,5
2022-05-26,,3,1
2022-05-26,,5,1
2022-05-26,,7,4
2022-05-26,,4,1
2022-05-26,,5,2
2022-05-26,,6,7
2022-05-26,,7,2
2022-05-26,,12,5
2022-05-26,,7,4
2022-05-26,,9,5
2022-05-26,,9,1
2022-05-26,,9,3
2022-05-26,,20,5
2022-05-26,,26,5
2022-05-26,,19,1
2022-05-26,,24,3
2022-05-26,,29,1
2022-05-26,,15,6
2022-05-26,,23,3
2022-05-26,,19,1
2022-05-26,,9,1
2022-05-26,,14,1
2022-05-26,,8,2
2022-05-26,,8,0
2022-05-26,,12,0
2022-05-26,,4,2
2022-05-26,,8,0
2022-05-26,,3,0
2022-05-26,,5,1
2022-05-26,,3,2
2022-05-26,,2,0
2022-05-26,,1,0
2022-05-26,,0,0
2022-05-26,,2,0
2022-05-26,,3,0
2022-05-26,,2,0
2022-05-26,,0,0
2022-05-26,,1,2
2022-05-26,,2,1
2022-05-26,,2,1
2022-05-26,,1,0
2022-05-26,,1,0
2022-05-26,,0,0
2022-05-26,,0,0
2022-05-27,,0,0
2022-05-27,,0,0
2022-05-27,,0,0
2022-05-27,,0,0
2022-05-27,,0,1
2022-05-27,,0,0
2022-05-27,,0,0
2022-05-27,,0,0
2022-05-27,,0,0
2022-05-27,,0,0
2022-05-27,,0,0
2022-05-27,,0,0
2022-05-27,,1,0
2022-05-27,,0,0
2022-05-27,,0,1
2022-05-27,,1,0
2022-05-27,,0,0
2022-05-27,,0,1
2022-05-27,,1,2
2022-05-27,,0,3
2022-05-27,,0,4
2022-05-27,,3,5
2022-05-27,,0,7
2022-05-27,,1,6
2022-05-27,,0,7
2022-05-27,,0,9
2022-05-27,,0,6
2022-05-27,,1,7
2022-05-27,,2,12
2022-05-27,,2,6
2022-05-27,,2,28
2022-05-27,,1,14
2022-05-27,,0,17
2022-05-27,,1,12
2022-05-27,,3,16
2022-05-27,,5,10
2022-05-27,,0,5
2022-05-27,,2,6
2022-05-27,,2,12
2022-05-27,,0,7
2022-05-27,,1,6
2022-05-27,,4,9
2022-05-27,,1,9
2022-05-27,,2,3
2022-05-27,,5,4
2022-05-27,,2,3
2022-05-27,,6,3
2022-05-27,,0,6
2022-05-27,,4,8
2022-05-27,,4,3
2022-05-27,,12,1
2022-05-27,,6,4
2022-05-27,,3,3
2022-05-27,,7,3
2022-05-27,,8,7
2022-05-27,,7,4
2022-05-27,,4,5
2022-05-27,,15,5
2022-05-27,,11,10
2022-05-27,,16,7
2022-05-27,,8,3
2022-05-27,,17,6
2022-05-27,,13,9
2022-05-27,,12,6
2022-05-27,,18,5
2022-05-27,,17,7
2022-05-27,,16,7
2022-05-27,,18,10
2022-05-27,,16,8
2022-05-27,,12,5
2022-05-27,,19,2
2022-05-27,,13,3
2022-05-27,,41,7
2022-05-27,,5,4
2022-05-27,,12,4
2022-05-27,,9,3
2022-05-27,,7,4
2022-05-27,,9,0
2022-05-27,,5,1
2022-05-27,,10,1
2022-05-27,,5,4
2022-05-27,,2,6
2022-05-27,,1,9
2022-05-27,,2,1
2022-05-27,,1,4
2022-05-27,,8,0
2022-05-27,,5,0
2022-05-27,,6,3
2022-05-27,,2,2
2022-05-27,,1,1
2022-05-27,,1,0
2022-05-27,,1,0
2022-05-27,,1,1
2022-05-27,,0,0
2022-05-27,,0,1
2022-05-27,,3,0
2022-05-28,,0,0
2022-05-28,,1,2
2022-05-28,,0,0
2022-05-28,,0,0
2022-05-28,,0,0
2022-05-28,,0,0
2022-05-28,,0,0
2022-05-28,,1,0
2022-05-28,,1,0
2022-05-28,,1,0
2022-05-28,,0,1
2022-05-28,,1,0
2022-05-28,,0,0
2022-05-28,,0,0
2022-05-28,,0,0
2022-05-28,,0,0
2022-05-28,,0,0
2022-05-28,,0,1
2022-05-28,,0,1
2022-05-28,,0,1
2022-05-28,,0,0
2022-05-28,,0,0
2022-05-28,,0,1
2022-05-28,,0,0
2022-05-28,,0,1
2022-05-28,,1,1
2022-05-28,,0,4
2022-05-28,,3,2
2022-05-28,,0,4
2022-05-28,,4,1
2022-05-28,,0,4
2022-05-28,,1,1
2022-05-28,,1,4
2022-05-28,,0,6
2022-05-28,,0,2
2022-05-28,,3,2
2022-05-28,,4,2
2022-05-28,,2,3
2022-05-28,,3,5
2022-05-28,,2,1
2022-05-28,,0,3
2022-05-28,,5,7
2022-05-28,,3,1
2022-05-28,,0,0
2022-05-28,,3,6
2022-05-28,,3,3
2022-05-28,,0,0
2022-05-28,,0,5
2022-05-28,,3,5
2022-05-28,,11,6
2022-05-28,,4,0
2022-05-28,,6,7
2022-05-28,,5,1
2022-05-28,,2,6
2022-05-28,,1,0
2022-05-28,,4,2
2022-05-28,,1,4
2022-05-28,,3,4
2022-05-28,,7,6
2022-05-28,,5,4
2022-05-28,,2,1
2022-05-28,,5,5
2022-05-28,,5,2
2022-05-28,,1,0
2022-05-28,,3,1
2022-05-28,,3,10
2022-05-28,,7,4
2022-05-28,,4,3
2022-05-28,,1,0
2022-05-28,,2,5
2022-05-28,,3,1
2022-05-28,,2,0
2022-05-28,,1,0
2022-05-28,,2,0
2022-05-28,,0,0
2022-05-28,,1,0
2022-05-28,,1,0
2022-05-28,,5,0
2022-05-28,,3,0
2022-05-28,,2,0
2022-05-28,,0,0
2022-05-28,,0,0
2022-05-28,,0,0
2022-05-28,,2,0
2022-05-28,,1,0
2022-05-28,,1,0
2022-05-28,,3,1
2022-05-28,,0,0
2022-05-28,,1,1
2022-05-28,,0,0
2022-05-28,,0,1
2022-05-28,,1,0
2022-05-28,,2,0
2022-05-28,,1,0
2022-05-28,,1,0
2022-05-28,,2,0
2022-05-29,,0,0
2022-05-29,,0,0
2022-05-29,,2,0
2022-05-29,,0,1
2022-05-29,,0,0
2022-05-29,,0,0
2022-05-29,,0,0
2022-05-29,,0,0
2022-05-29,,0,0
2022-05-29,,0,0
2022-05-29,,0,0
2022-05-29,,0,0
2022-05-29,,0,0
2022-05-29,,0,1
2022-05-29,,0,0
2022-05-29,,0,0
2022-05-29,,0,0
2022-05-29,,1,1
2022-05-29,,0,1
2022-05-29,,0,0
2022-05-29,,0,0
2022-05-29,,0,1
2022-05-29,,0,0
2022-05-29,,0,0
2022-05-29,,0,1
2022-05-29,,1,1
2022-05-29,,0,1
2022-05-29,,0,0
2022-05-29,,0,0
2022-05-29,,0,0
2022-05-29,,1,1
2022-05-29,,0,3
2022-05-29,,3,1
2022-05-29,,0,2
2022-05-29,,0,2
2022-05-29,,0,0
2022-05-29,,0,1
2022-05-29,,1,5
2022-05-29,,1,4
2022-05-29,,5,3
2022-05-29,,1,4
2022-05-29,,4,5
2022-05-29,,3,3
2022-05-29,,4,2
2022-05-29,,6,6
2022-05-29,,6,2
2022-05-29,,4,2
2022-05-29,,30,1
2022-05-29,,7,3
2022-05-29,,4,1
2022-05-29,,4,23
2022-05-29,,6,5
2022-05-29,,8,5
2022-05-29,,3,8
2022-05-29,,1,8
2022-05-29,,3,4
2022-05-29,,9,9
2022-05-29,,4,2
2022-05-29,,1,7
2022-05-29,,4,2
2022-05-29,,3,0
2022-05-29,,3,0
2022-05-29,,2,0
2022-05-29,,2,2
2022-05-29,,2,1
2022-05-29,,8,1
2022-05-29,,3,2
2022-05-29,,1,7
2022-05-29,,0,0
2022-05-29,,1,1
2022-05-29,,2,1
2022-05-29,,2,0
2022-05-29,,1,0
2022-05-29,,2,2
2022-05-29,,1,1
2022-05-29,,1,0
2022-05-29,,1,0
2022-05-29,,0,0
2022-05-29,,1,0
2022-05-29,,0,1
2022-05-29,,2,0
2022-05-29,,5,0
2022-05-29,,0,1
2022-05-29,,1,0
2022-05-29,,6,0
2022-05-29,,4,1
2022-05-29,,0,0
2022-05-29,,1,0
2022-05-29,,0,0
2022-05-29,,1,1
2022-05-29,,0,0
2022-05-29,,1,0
2022-05-29,,0,2
2022-05-29,,0,0
2022-05-29,,1,0
2022-05-29,,1,0
2022-05-30,,0,0
2022-05-30,,0,0
2022-05-30,,0,0
2022-05-30,,0,0
2022-05-30,,0,0
2022-05-30,,0,0
2022-05-30,,0,0
2022-05-30,,0,0
2022-05-30,,0,0
2022-05-30,,0,0
2022-05-30,,0,0
2022-05-30,,0,0
2022-05-30,,0,0
2022-05-30,,0,0
2022-05-30,,0,1
2022-05-30,,0,0
2022-05-30,,0,0
2022-05-30,,0,1
2022-05-30,,0,1
2022-05-30,,0,0
2022-05-30,,0,0
2022-05-30,,0,2
2022-05-30,,1,1
2022-05-30,,0,1
2022-05-30,,0,2
2022-05-30,,0,3
2022-05-30,,1,0
2022-05-30,,1,1
2022-05-30,,0,2
2022-05-30,,1,2
2022-05-30,,2,5
2022-05-30,,2,7
2022-05-30,,3,8
2022-05-30,,0,3
2022-05-30,,4,4
2022-05-30,,1,5
2022-05-30,,2,3
2022-05-30,,0,5
2022-05-30,,1,6
2022-05-30,,0,7
2022-05-30,,7,4
2022-05-30,,1,9
2022-05-30,,10,1
2022-05-30,,15,5
2022-05-30,,6,9
2022-05-30,,8,11
2022-05-30,,14,8
2022-05-30,,11,6
2022-05-30,,9,13
2022-05-30,,9,7
2022-05-30,,5,10
2022-05-30,,9,10
2022-05-30,,6,13
2022-05-30,,12,15
2022-05-30,,6,7
2022-05-30,,9,0
2022-05-30,,13,11
2022-05-30,,12,13
2022-05-30,,9,6
2022-05-30,,12,2
2022-05-30,,5,4
2022-05-30,,6,11
2022-05-30,,7,5
2022-05-30,,8,6
2022-05-30,,2,4
2022-05-30,,8,5
2022-05-30,,10,6
2022-05-30,,5,1
2022-05-30,,9,7
2022-05-30,,6,19
2022-05-30,,3,7
2022-05-30,,4,1
2022-05-30,,4,7
2022-05-30,,3,2
2022-05-30,,4,0
2022-05-30,,2,1
2022-05-30,,4,1
2022-05-30,,4,1
2022-05-30,,6,1
2022-05-30,,5,4
2022-05-30,,2,4
2022-05-30,,4,6
2022-05-30,,0,3
2022-05-30,,1,0
2022-05-30,,0,0
2022-05-30,,1,2
2022-05-30,,2,0
2022-05-30,,0,0
2022-05-30,,1,0
2022-05-30,,0,0
2022-05-30,,0,0
2022-05-30,,0,0
2022-05-30,,1,0
2022-05-30,,3,0
2022-05-30,,0,0
2022-05-30,,1,0
2022-05-31,,0,0
2022-05-31,,0,0
2022-05-31,,0,0
2022-05-31,,0,0
2022-05-31,,0,1
2022-05-31,,0,0
2022-05-31,,1,1
2022-05-31,,0,0
2022-05-31,,0,0
2022-05-31,,0,0
2022-05-31,,0,0
2022-05-31,,0,0
2022-05-31,,0,1
2022-05-31,,0,0
2022-05-31,,0,0
2022-05-31,,0,0
2022-05-31,,0,1
2022-05-31,,0,3
2022-05-31,,0,4
2022-05-31,,2,5
2022-05-31,,0,5
2022-05-31,,5,5
2022-05-31,,0,15
2022-05-31,,1,8
2022-05-31,,1,10
2022-05-31,,0,14
2022-05-31,,1,26
2022-05-31,,3,16
2022-05-31,,0,20
2022-05-31,,1,20
2022-05-31,,11,45
2022-05-31,,5,34
2022-05-31,,4,21
2022-05-31,,4,24
2022-05-31,,5,25
2022-05-31,,2,17
2022-05-31,,1,20
2022-05-31,,1,13
2022-05-31,,2,12
2022-05-31,,1,10
2022-05-31,,0,6
2022-05-31,,7,9
2022-05-31,,1,3
2022-05-31,,3,4
2022-05-31,,1,3
2022-05-31,,8,8
2022-05-31,,5,5
2022-05-31,,1,7
2022-05-31,,6,6
2022-05-31,,6,5
2022-05-31,,6,2
2022-05-31,,3,3
2022-05-31,,8,5
2022-05-31,,0,0
2022-05-31,,9,1
2022-05-31,,4,6
2022-05-31,,3,3
2022-05-31,,9,2
2022-05-31,,4,8
2022-05-31,,17,4
2022-05-31,,5,7
2022-05-31,,19,4
2022-05-31,,15,6
2022-05-31,,28,2
2022-05-31,,19,8
2022-05-31,,18,9
2022-05-31,,32,10
2022-05-31,,24,8
2022-05-31,,35,9
2022-05-31,,34,15
2022-05-31,,43,10
2022-05-31,,39,2
2022-05-31,,23,3
2022-05-31,,24,1
2022-05-31,,22,4
2022-05-31,,18,0
2022-05-31,,21,9
2022-05-31,,10,1
2022-05-31,,9,6
2022-05-31,,6,7
2022-05-31,,6,8
2022-05-31,,5,0
2022-05-31,,7,3
2022-05-31,,5,4
2022-05-31,,5,6
2022-05-31,,3,2
2022-05-31,,2,3
2022-05-31,,2,2
2022-05-31,,1,2
2022-05-31,,0,3
2022-05-31,,5,3
2022-05-31,,1,1
2022-05-31,,1,0
2022-05-31,,3,0
2022-05-31,,0,0
2022-05-31,,1,0
2022-06-01,11,8,3
2022-06-01,1,1,0
2022-06-02,7,3,4
2022-06-02,0,0,0
2022-06-02,1,0,1
2022-06-02,0,0,0
2022-06-02,9,2,7
2022-06-02,29,2,27
2022-06-02,53,4,49
2022-06-02,116,9,107
2022-06-02,119,15,104
2022-06-02,56,13,43
2022-06-02,58,22,36
2022-06-02,31,11,20
2022-06-02,44,20,24
2022-06-02,37,17,20
2022-06-02,50,32,18
2022-06-02,70,47,23
2022-06-02,128,95,33
2022-06-02,140,120,20
2022-06-02,75,67,8
2022-06-02,45,36,9
2022-06-02,22,17,5
2022-06-02,13,10,3
2022-06-02,12,6,6
2022-06-02,4,3,1
2022-06-03,5,0,5
2022-06-03,1,1,0
2022-06-03,2,2,0
2022-06-03,2,0,2
2022-06-03,4,0,4
2022-06-03,25,1,24
2022-06-03,29,2,27
2022-06-03,50,3,47
2022-06-03,41,2,39
2022-06-03,23,2,21
2022-06-03,16,5,11
2022-06-03,16,2,14
2022-06-03,17,6,11
2022-06-03,15,10,5
2022-06-03,39,21,18
2022-06-03,49,34,15
2022-06-03,48,40,8
2022-06-03,72,57,15
2022-06-03,52,36,16
2022-06-03,22,15,7
2022-06-03,12,11,1
2022-06-03,15,11,4
2022-06-03,7,6,1
2022-06-03,5,4,1
2022-06-04,2,2,0
2022-06-04,0,0,0
2022-06-04,3,1,2
2022-06-04,1,1,0
2022-06-04,2,0,2
2022-06-04,3,0,3
2022-06-04,7,3,4
2022-06-04,14,5,9
2022-06-04,39,7,32
2022-06-04,25,5,20
2022-06-04,68,42,26
2022-06-04,69,44,25
2022-06-04,98,35,63
2022-06-04,73,37,36
2022-06-04,57,28,29
2022-06-04,52,17,35
2022-06-04,30,20,10
2022-06-04,29,11,18
2022-06-04,25,20,5
2022-06-04,9,7,2
2022-06-04,12,9,3
2022-06-04,5,5,0
2022-06-04,3,2,1
2022-06-04,7,6,1
2022-06-05,3,2,1
2022-06-05,0,0,0
2022-06-05,2,2,0
2022-06-05,1,1,0
2022-06-05,2,1,1
2022-06-05,3,0,3
2022-06-05,3,1,2
2022-06-05,3,0,3
2022-06-05,3,0,3
2022-06-05,4,1,3
2022-06-05,21,8,13
2022-06-05,22,9,13
2022-06-05,29,16,13
2022-06-05,29,9,20
2022-06-05,32,17,15
2022-06-05,29,10,19
2022-06-05,29,14,15
2022-06-05,32,23,9
2022-06-05,22,17,5
2022-06-05,28,14,14
2022-06-05,16,11,5
2022-06-05,10,5,5
2022-06-05,7,4,3
2022-06-05,1,1,0
2022-06-06,4,0,4
2022-06-06,0,0,0
2022-06-06,1,0,1
2022-06-06,3,3,0
2022-06-06,7,0,7
2022-06-06,33,5,28
2022-06-06,60,6,54
2022-06-06,105,5,100
2022-06-06,89,10,79
2022-06-06,47,12,35
2022-06-06,39,8,31
2022-06-06,32,14,18
2022-06-06,32,19,13
2022-06-06,30,13,17
2022-06-06,57,31,26
2022-06-06,71,57,14
2022-06-06,102,82,20
2022-06-06,139,119,20
2022-06-06,81,66,15
2022-06-06,43,29,14
2022-06-06,26,20,6
2022-06-06,18,12,6
2022-06-06,13,5,8
2022-06-06,7,5,2
2022-06-07,2,0,2
2022-06-07,0,0,0
2022-06-07,2,1,1
2022-06-07,1,0,1
2022-06-07,12,2,10
2022-06-07,39,4,35
2022-06-07,77,3,74
2022-06-07,147,19,128
2022-06-07,123,15,108
2022-06-07,76,13,63
2022-06-07,54,19,35
2022-06-07,29,11,18
2022-06-07,40,21,19
2022-06-07,58,36,22
2022-06-07,65,42,23
2022-06-07,84,62,22
2022-06-07,138,109,29
2022-06-07,164,132,32
2022-06-07,107,90,17
2022-06-07,58,45,13
2022-06-07,39,24,15
2022-06-07,24,16,8
2022-06-07,13,8,5
2022-06-07,6,3,3
2022-06-08,0,0,0
2022-06-08,2,1,1
2022-06-08,2,1,1
2022-06-08,1,0,1
2022-06-08,4,0,4
2022-06-08,38,5,33
2022-06-08,66,5,61
2022-06-08,122,6,116
2022-06-08,134,15,119
2022-06-08,58,7,51
2022-06-08,34,10,24
2022-06-08,26,11,15
2022-06-08,44,24,20
2022-06-08,33,18,15
2022-06-08,47,35,12
2022-06-08,82,57,25
2022-06-08,141,109,32
2022-06-08,166,144,22
2022-06-08,92,74,18
2022-06-08,58,44,14
2022-06-08,40,26,14
2022-06-08,26,18,8
2022-06-08,10,10,0
2022-06-08,9,5,4
2022-06-09,3,3,0
2022-06-09,3,2,1
2022-06-09,1,0,1
2022-06-09,3,1,2
2022-06-09,6,2,4
2022-06-09,27,7,20
2022-06-09,42,3,39
2022-06-09,62,4,58
2022-06-09,53,6,47
2022-06-09,37,7,30
2022-06-09,20,5,15
2022-06-09,11,4,7
2022-06-09,6,1,5
2022-06-09,11,8,3
2022-06-09,24,17,7
2022-06-09,32,29,3
2022-06-09,42,35,7
2022-06-09,51,45,6
2022-06-09,41,39,2
2022-06-09,17,15,2
2022-06-09,15,12,3
2022-06-09,5,5,0
2022-06-09,6,4,2
2022-06-09,2,1,1
2022-06-10,0,0,0
2022-06-10,1,1,0
2022-06-10,1,1,0
2022-06-10,1,0,1
2022-06-10,7,1,6
2022-06-10,24,3,21
2022-06-10,34,3,31
2022-06-10,71,6,65
2022-06-10,66,6,60
2022-06-10,47,8,39
2022-06-10,39,14,25
2022-06-10,27,18,9
2022-06-10,26,12,14
2022-06-10,32,17,15
2022-06-10,41,28,13
2022-06-10,46,38,8
2022-06-10,64,55,9
2022-06-10,56,48,8
2022-06-10,34,29,5
2022-06-10,15,13,2
2022-06-10,10,7,3
2022-06-10,7,5,2
2022-06-10,2,1,1
2022-06-10,13,11,2
2022-06-11,4,2,2
2022-06-11,2,1,1
2022-06-11,1,1,0
2022-06-11,1,0,1
2022-06-11,2,1,1
2022-06-11,8,0,8
2022-06-11,7,2,5
2022-06-11,15,4,11
2022-06-11,42,13,29
2022-06-11,62,37,25
2022-06-11,82,35,47
2022-06-11,74,41,33
2022-06-11,92,37,55
2022-06-11,101,51,50
2022-06-11,92,56,36
2022-06-11,92,54,38
2022-06-11,89,54,35
2022-06-11,64,39,25
2022-06-11,83,38,45
2022-06-11,47,19,28
2022-06-11,33,20,13
2022-06-11,19,11,8
2022-06-11,11,7,4
2022-06-11,23,20,3
2022-06-12,6,5,1
2022-06-12,6,1,5
2022-06-12,3,3,0
2022-06-12,3,2,1
2022-06-12,3,1,2
2022-06-12,4,0,4
2022-06-12,5,0,5
2022-06-12,14,1,13
2022-06-12,20,6,14
2022-06-12,15,2,13
2022-06-12,18,7,11
2022-06-12,43,20,23
2022-06-12,71,25,46
2022-06-12,51,30,21
2022-06-12,46,24,22
2022-06-12,44,17,27
2022-06-12,32,21,11
2022-06-12,22,16,6
2022-06-12,10,5,5
2022-06-12,8,4,4
2022-06-12,9,5,4
2022-06-12,4,3,1
2022-06-12,2,1,1
2022-06-12,3,1,2
2022-06-13,4,3,1
2022-06-13,6,2,4
2022-06-13,6,4,2
2022-06-13,4,0,4
2022-06-13,9,3,6
2022-06-13,26,7,19
2022-06-13,54,6,48
2022-06-13,85,9,76
2022-06-13,79,7,72
2022-06-13,38,7,31
2022-06-13,37,9,28
2022-06-13,22,6,16
2022-06-13,20,8,12
2022-06-13,34,22,12
2022-06-13,32,15,17
2022-06-13,47,37,10
2022-06-13,74,66,8
2022-06-13,110,92,18
2022-06-13,65,55,10
2022-06-13,34,27,7
2022-06-13,15,10,5
2022-06-13,11,11,0
2022-06-13,6,4,2
2022-06-13,9,7,2
2022-06-14,2,2,0
2022-06-14,2,2,0
2022-06-14,0,0,0
2022-06-14,2,2,0
2022-06-14,6,0,6
2022-06-14,30,5,25
2022-06-14,77,4,73
2022-06-14,112,9,103
2022-06-14,108,13,95
2022-06-14,44,7,37
2022-06-14,37,7,30
2022-06-14,40,15,25
2022-06-14,37,18,19
2022-06-14,37,22,15
2022-06-14,45,26,19
2022-06-14,77,55,22
2022-06-14,100,74,26
2022-06-14,163,136,27
2022-06-14,103,82,21
2022-06-14,45,33,12
2022-06-14,24,17,7
2022-06-14,33,28,5
2022-06-14,17,14,3
2022-06-14,12,9,3
2022-06-15,3,3,0
2022-06-15,0,0,0
2022-06-15,0,0,0
2022-06-15,3,1,2
2022-06-15,8,2,6
2022-06-15,32,6,26
2022-06-15,71,5,66
2022-06-15,108,7,101
2022-06-15,111,7,104
2022-06-15,62,7,55
2022-06-15,40,16,24
2022-06-15,44,15,29
2022-06-15,31,12,19
2022-06-15,41,27,14
2022-06-15,49,34,15
2022-06-15,69,56,13
2022-06-15,119,96,23
2022-06-15,149,135,14
2022-06-15,88,70,18
2022-06-15,57,42,15
2022-06-15,36,22,14
2022-06-15,18,13,5
2022-06-15,11,8,3
2022-06-15,6,5,1
2022-06-16,4,2,2
2022-06-16,0,0,0
2022-06-16,3,1,2
2022-06-16,4,3,1
2022-06-16,12,4,8
2022-06-16,25,6,19
2022-06-16,49,4,45
2022-06-16,81,4,77
2022-06-16,105,6,99
2022-06-16,54,10,44
2022-06-16,39,6,33
2022-06-16,25,8,17
2022-06-16,42,19,23
2022-06-16,53,34,19
2022-06-16,65,35,30
2022-06-16,78,46,32
2022-06-16,131,89,42
2022-06-16,152,127,25
2022-06-16,116,78,38
2022-06-16,66,45,21
2022-06-16,36,20,16
2022-06-16,28,18,10
2022-06-16,18,18,0
2022-06-16,8,5,3
2022-06-17,2,2,0
2022-06-17,1,1,0
2022-06-17,1,0,1
2022-06-17,3,2,1
2022-06-17,6,0,6
2022-06-17,23,4,19
2022-06-17,39,3,36
2022-06-17,69,6,63
2022-06-17,45,8,37
2022-06-17,33,4,29
2022-06-17,27,8,19
2022-06-17,21,7,14
2022-06-17,19,9,10
2022-06-17,25,15,10
2022-06-17,29,16,13
2022-06-17,34,30,4
2022-06-17,46,42,4
2022-06-17,65,57,8
2022-06-17,35,26,9
2022-06-17,17,13,4
2022-06-17,14,10,4
2022-06-17,12,8,4
2022-06-17,9,7,2
2022-06-17,8,6,2
2022-06-18,4,3,1
2022-06-18,2,2,0
2022-06-18,2,1,1
2022-06-18,0,0,0
2022-06-18,4,1,3
2022-06-18,7,2,5
2022-06-18,11,3,8
2022-06-18,19,0,19
2022-06-18,30,14,16
2022-06-18,26,11,15
2022-06-18,52,26,26
2022-06-18,67,33,34
2022-06-18,66,23,43
2022-06-18,40,22,18
2022-06-18,61,31,30
2022-06-18,51,26,25
2022-06-18,55,34,21
2022-06-18,57,39,18
2022-06-18,23,12,11
2022-06-18,24,14,10
2022-06-18,15,9,6
2022-06-18,22,15,7
2022-06-18,15,10,5
2022-06-18,5,4,1
2022-06-19,2,1,1
2022-06-19,2,2,0
2022-06-19,8,5,3
2022-06-19,3,1,2
2022-06-19,2,1,1
2022-06-19,4,1,3
2022-06-19,10,1,9
2022-06-19,17,7,10
2022-06-19,36,13,23
2022-06-19,38,13,25
2022-06-19,49,28,21
2022-06-19,44,26,18
2022-06-19,83,33,50
2022-06-19,84,37,47
2022-06-19,80,39,41
2022-06-19,74,40,34
2022-06-19,69,34,35
2022-06-19,61,34,27
2022-06-19,44,28,16
2022-06-19,38,20,18
2022-06-19,13,10,3
2022-06-19,7,4,3
2022-06-19,14,10,4
2022-06-19,2,2,0
2022-06-20,1,0,1
2022-06-20,1,0,1
2022-06-20,1,1,0
2022-06-20,1,0,1
2022-06-20,5,0,5
2022-06-20,26,5,21
2022-06-20,34,3,31
2022-06-20,50,1,49
2022-06-20,65,8,57
2022-06-20,36,8,28
2022-06-20,33,8,25
2022-06-20,33,12,21
2022-06-20,54,23,31
2022-06-20,32,19,13
2022-06-20,58,32,26
2022-06-20,64,46,18
2022-06-20,76,57,19
2022-06-20,94,68,26
2022-06-20,57,45,12
2022-06-20,49,39,10
2022-06-20,34,18,16
2022-06-20,22,12,10
2022-06-20,5,4,1
2022-06-20,3,2,1
2022-06-21,0,0,0
2022-06-21,3,1,2
2022-06-21,2,1,1
2022-06-21,2,1,1
2022-06-21,9,3,6
2022-06-21,47,6,41
2022-06-21,74,7,67
2022-06-21,132,7,125
2022-06-21,123,16,107
2022-06-21,62,14,48
2022-06-21,32,12,20
2022-06-21,45,25,20
2022-06-21,41,13,28
2022-06-21,49,28,21
2022-06-21,61,38,23
2022-06-21,89,57,32
2022-06-21,168,119,49
2022-06-21,195,162,33
2022-06-21,115,87,28
2022-06-21,87,65,22
2022-06-21,66,38,28
2022-06-21,39,23,16
2022-06-21,12,8,4
2022-06-21,1,1,0
2022-06-22,2,2,0
2022-06-22,0,0,0
2022-06-22,3,1,2
2022-06-22,1,1,0
2022-06-22,4,0,4
2022-06-22,41,6,35
2022-06-22,62,3,59
2022-06-22,103,1,102
2022-06-22,90,9,81
2022-06-22,33,7,26
2022-06-22,26,6,20
2022-06-22,20,4,16
2022-06-22,30,16,14
2022-06-22,23,12,11
2022-06-22,38,27,11
2022-06-22,69,55,14
2022-06-22,104,82,22
2022-06-22,159,139,20
2022-06-22,75,58,17
2022-06-22,51,35,16
2022-06-22,39,26,13
2022-06-22,28,17,11
2022-06-22,15,9,6
2022-06-22,1,0,1
2022-06-23,3,2,1
2022-06-23,1,1,0
2022-06-23,3,1,2
2022-06-23,0,0,0
2022-06-23,6,2,4
2022-06-23,33,3,30
2022-06-23,70,7,63
2022-06-23,116,6,110
2022-06-23,110,12,98
2022-06-23,67,9,58
2022-06-23,62,24,38
2022-06-23,51,19,32
2022-06-23,43,16,27
2022-06-23,66,32,34
2022-06-23,49,33,16
2022-06-23,104,67,37
2022-06-23,120,90,30
2022-06-23,176,138,38
2022-06-23,114,89,25
2022-06-23,87,68,19
2022-06-23,43,28,15
2022-06-23,29,22,7
2022-06-23,13,7,6
2022-06-23,7,6,1
2022-06-24,2,1,1
2022-06-24,2,1,1
2022-06-24,2,1,1
2022-06-24,3,1,2
2022-06-24,5,1,4
2022-06-24,37,3,34
2022-06-24,46,6,40
2022-06-24,95,10,85
2022-06-24,72,14,58
2022-06-24,60,16,44
2022-06-24,42,11,31
2022-06-24,43,17,26
2022-06-24,55,35,20
2022-06-24,47,25,22
2022-06-24,59,39,20
2022-06-24,112,72,40
2022-06-24,133,90,43
2022-06-24,106,74,32
2022-06-24,85,54,31
2022-06-24,81,61,20
2022-06-24,47,35,12
2022-06-24,39,22,17
2022-06-24,25,18,7
2022-06-24,11,3,8
2022-06-25,9,6,3
2022-06-25,1,1,0
2022-06-25,2,2,0
2022-06-25,0,0,0
2022-06-25,7,5,2
2022-06-25,4,0,4
2022-06-25,14,8,6
2022-06-25,39,16,23
2022-06-25,47,13,34
2022-06-25,46,29,17
2022-06-25,97,48,49
2022-06-25,93,33,60
2022-06-25,91,51,40
2022-06-25,83,31,52
2022-06-25,99,69,30
2022-06-25,84,46,38
2022-06-25,96,46,50
2022-06-25,60,40,20
2022-06-25,52,32,20
2022-06-25,44,24,20
2022-06-25,36,11,25
2022-06-25,19,13,6
2022-06-25,16,8,8
2022-06-25,15,8,7
2022-06-26,5,3,2
2022-06-26,3,3,0
2022-06-26,3,2,1
2022-06-26,3,3,0
2022-06-26,8,3,5
2022-06-26,2,0,2
2022-06-26,9,2,7
2022-06-26,20,6,14
2022-06-26,41,13,28
2022-06-26,48,23,25
2022-06-26,89,38,51
2022-06-26,70,34,36
2022-06-26,80,30,50
2022-06-26,83,38,45
2022-06-26,69,44,25
2022-06-26,61,37,24
2022-06-26,48,27,21
2022-06-26,48,31,17
2022-06-26,42,22,20
2022-06-26,22,13,9
2022-06-26,31,18,13
2022-06-26,18,8,10
2022-06-26,5,1,4
2022-06-26,6,5,1
2022-06-27,1,1,0
2022-06-27,1,1,0
2022-06-27,3,2,1
2022-06-27,1,0,1
2022-06-27,5,1,4
2022-06-27,32,6,26
2022-06-27,84,10,74
2022-06-27,105,5,100
2022-06-27,88,10,78
2022-06-27,54,3,51
2022-06-27,40,20,20
2022-06-27,33,14,19
2022-06-27,24,11,13
2022-06-27,38,20,18
2022-06-27,41,31,10
2022-06-27,75,54,21
2022-06-27,101,77,24
2022-06-27,141,119,22
2022-06-27,85,62,23
2022-06-27,56,45,11
2022-06-27,36,27,9
2022-06-27,22,14,8
2022-06-27,20,17,3
2022-06-27,6,1,5
2022-06-28,4,2,2
2022-06-28,2,1,1
2022-06-28,1,1,0
2022-06-28,4,1,3
2022-06-28,7,1,6
2022-06-28,38,4,34
2022-06-28,79,6,73
2022-06-28,111,5,106
2022-06-28,119,9,110
2022-06-28,66,15,51
2022-06-28,45,18,27
2022-06-28,33,10,23
2022-06-28,41,18,23
2022-06-28,32,19,13
2022-06-28,33,20,13
2022-06-28,60,46,14
2022-06-28,106,87,19
2022-06-28,149,136,13
2022-06-28,85,68,17
2022-06-28,38,31,7
2022-06-28,27,20,7
2022-06-28,16,13,3
2022-06-28,14,9,5
2022-06-28,5,4,1
2022-06-29,13,9,4
2022-06-29,3,1,2
2022-06-29,1,0,1
2022-06-29,4,3,1
2022-06-29,8,2,6
2022-06-29,38,5,33
2022-06-29,68,4,64
2022-06-29,100,8,92
2022-06-29,117,6,111
2022-06-29,41,1,40
2022-06-29,40,10,30
2022-06-29,41,13,28
2022-06-29,38,15,23
2022-06-29,40,24,16
2022-06-29,52,29,23
2022-06-29,81,60,21
2022-06-29,119,89,30
2022-06-29,157,135,22
2022-06-29,119,89,30
2022-06-29,54,39,15
2022-06-29,43,28,15
2022-06-29,46,38,8
2022-06-29,20,17,3
2022-06-29,6,5,1
2022-06-30,4,3,1
2022-06-30,6,5,1
2022-06-30,1,0,1
2022-06-30,4,4,0
2022-06-30,13,2,11
2022-06-30,35,3,32
2022-06-30,70,8,62
2022-06-30,122,9,113
2022-06-30,124,12,112
2022-06-30,63,10,53
2022-06-30,61,27,34
2022-06-30,50,16,34
2022-06-30,47,18,29
2022-06-30,34,18,16
2022-06-30,52,34,18
2022-06-30,104,70,34
2022-06-30,121,95,26
2022-06-30,162,119,43
2022-06-30,120,97,23
2022-06-30,71,51,20
2022-06-30,65,30,35
2022-06-30,32,18,14
2022-06-30,29,25,4
2022-06-30,7,5,2
2022-07-01,6,5,1
2022-07-01,2,2,0
2022-07-01,5,0,5
2022-07-01,2,2,0
2022-07-01,5,0,5
2022-07-01,23,2,21
2022-07-01,25,1,24
2022-07-01,107,11,96
2022-07-01,67,6,61
2022-07-01,54,9,45
2022-07-01,33,12,21
2022-07-01,45,22,23
2022-07-01,58,24,34
2022-07-01,64,30,34
2022-07-01,84,47,37
2022-07-01,107,80,27
2022-07-01,105,64,41
2022-07-01,96,70,26
2022-07-01,66,44,22
2022-07-01,38,30,8
2022-07-01,26,17,9
2022-07-01,28,16,12
2022-07-01,16,10,6
2022-07-01,18,15,3
2022-07-02,4,3,1
2022-07-02,13,12,1
2022-07-02,2,2,0
2022-07-02,5,4,1
2022-07-02,3,0,3
2022-07-02,11,2,9
2022-07-02,11,6,5
2022-07-02,26,8,18
2022-07-02,43,13,30
2022-07-02,64,32,32
2022-07-02,93,56,37
2022-07-02,82,39,43
2022-07-02,60,27,33
2022-07-02,108,53,55
2022-07-02,74,39,35
2022-07-02,70,33,37
2022-07-02,72,40,32
2022-07-02,62,31,31
2022-07-02,44,27,17
2022-07-02,25,17,8
2022-07-02,42,28,14
2022-07-02,18,10,8
2022-07-02,8,6,2
2022-07-02,22,2,20
2022-07-03,8,6,2
2022-07-03,7,5,2
2022-07-03,3,3,0
2022-07-03,1,0,1
2022-07-03,2,1,1
2022-07-03,3,0,3
2022-07-03,3,1,2
2022-07-03,10,4,6
2022-07-03,11,2,9
2022-07-03,18,6,12
2022-07-03,17,8,9
2022-07-03,28,19,9
2022-07-03,19,13,6
2022-07-03,18,4,14
2022-07-03,15,9,6
2022-07-03,13,7,6
2022-07-03,24,16,8
2022-07-03,10,4,6
2022-07-03,8,3,5
2022-07-03,10,8,2
2022-07-03,6,2,4
2022-07-03,1,1,0
2022-07-03,9,7,2
2022-07-03,1,0,1
2022-07-04,1,0,1
2022-07-04,0,0,0
2022-07-04,2,0,2
2022-07-04,0,0,0
2022-07-04,2,1,1
2022-07-04,8,1,7
2022-07-04,5,0,5
2022-07-04,17,8,9
2022-07-04,20,7,13
2022-07-04,48,11,37
2022-07-04,80,45,35
2022-07-04,68,36,32
2022-07-04,94,48,46
2022-07-04,74,37,37
2022-07-04,88,56,32
2022-07-04,73,28,45
2022-07-04,50,34,16
2022-07-04,42,26,16
2022-07-04,51,25,26
2022-07-04,28,14,14
2022-07-04,31,15,16
2022-07-04,16,9,7
2022-07-04,13,4,9
2022-07-04,5,5,0
2022-07-05,10,10,0
2022-07-05,6,4,2
2022-07-05,3,3,0
2022-07-05,3,2,1
2022-07-05,11,2,9
2022-07-05,21,3,18
2022-07-05,54,6,48
2022-07-05,99,9,90
2022-07-05,94,5,89
2022-07-05,44,5,39
2022-07-05,28,5,23
2022-07-05,48,23,25
2022-07-05,46,22,24
2022-07-05,41,24,17
2022-07-05,56,32,24
2022-07-05,76,51,25
2022-07-05,100,82,18
2022-07-05,110,98,12
2022-07-05,77,62,15
2022-07-05,38,26,12
2022-07-05,17,15,2
2022-07-05,15,14,1
2022-07-05,6,3,3
2022-07-05,3,3,0
2022-07-06,2,2,0
2022-07-06,3,3,0
2022-07-06,0,0,0
2022-07-06,0,0,0
2022-07-06,6,1,5
2022-07-06,31,4,27
2022-07-06,64,5,59
2022-07-06,101,7,94
2022-07-06,96,2,94
2022-07-06,67,12,55
2022-07-06,32,8,24
2022-07-06,29,14,15
2022-07-06,27,13,14
2022-07-06,29,11,18
2022-07-06,37,25,12
2022-07-06,58,43,15
2022-07-06,108,85,23
2022-07-06,157,138,19
2022-07-06,85,71,14
2022-07-06,64,41,23
2022-07-06,44,23,21
2022-07-06,17,12,5
2022-07-06,8,4,4
2022-07-06,2,2,0
2022-07-07,0,0,0
2022-07-07,1,1,0
2022-07-07,3,3,0
2022-07-07,0,0,0
2022-07-07,11,0,11
2022-07-07,33,3,30
2022-07-07,72,7,65
2022-07-07,117,9,108
2022-07-07,95,4,91
2022-07-07,66,7,59
2022-07-07,34,16,18
2022-07-07,41,20,21
2022-07-07,43,17,26
2022-07-07,45,27,18
2022-07-07,56,35,21
2022-07-07,68,42,26
2022-07-07,141,111,30
2022-07-07,149,113,36
2022-07-07,128,98,30
2022-07-07,56,44,12
2022-07-07,44,35,9
2022-07-07,34,21,13
2022-07-07,21,19,2
2022-07-07,13,8,5
2022-07-08,5,5,0
2022-07-08,3,3,0
2022-07-08,0,0,0
2022-07-08,1,0,1
2022-07-08,5,0,5
2022-07-08,27,2,25
2022-07-08,48,6,42
2022-07-08,77,5,72
2022-07-08,70,5,65
2022-07-08,61,14,47
2022-07-08,45,12,33
2022-07-08,46,15,31
2022-07-08,40,19,21
2022-07-08,46,28,18
2022-07-08,73,49,24
2022-07-08,80,53,27
2022-07-08,105,75,30
2022-07-08,128,93,35
2022-07-08,77,52,25
2022-07-08,44,33,11
2022-07-08,37,21,16
2022-07-08,19,14,5
2022-07-08,31,20,11
2022-07-08,12,7,5
2022-07-09,14,8,6
2022-07-09,3,3,0
2022-07-09,5,3,2
2022-07-09,3,1,2
2022-07-09,3,1,2
2022-07-09,5,2,3
2022-07-09,21,5,16
2022-07-09,9,5,4
2022-07-09,16,7,9
2022-07-09,30,14,16
2022-07-09,51,23,28
2022-07-09,94,35,59
2022-07-09,99,35,64
2022-07-09,97,32,65
2022-07-09,88,49,39
2022-07-09,92,63,29
2022-07-09,121,94,27
2022-07-09,80,46,34
2022-07-09,51,22,29
2022-07-09,37,24,13
2022-07-09,20,11,9
2022-07-09,26,14,12
2022-07-09,30,27,3
2022-07-09,4,4,0
2022-07-10,4,3,1
2022-07-10,0,0,0
2022-07-10,1,1,0
2022-07-10,2,2,0
2022-07-10,5,2,3
2022-07-10,5,0,5
2022-07-10,9,2,7
2022-07-10,14,3,11
2022-07-10,32,14,18
2022-07-10,52,16,36
2022-07-10,71,48,23
2022-07-10,109,58,51
2022-07-10,83,30,53
2022-07-10,154,44,110
2022-07-10,99,41,58
2022-07-10,93,58,35
2022-07-10,90,49,41
2022-07-10,61,45,16
2022-07-10,62,31,31
2022-07-10,56,22,34
2022-07-10,19,11,8
2022-07-10,18,10,8
2022-07-10,18,4,14
2022-07-10,10,6,4
2022-07-11,2,1,1
2022-07-11,2,2,0
2022-07-11,0,0,0
2022-07-11,1,1,0
2022-07-11,10,1,9
2022-07-11,33,6,27
2022-07-11,78,9,69
2022-07-11,112,6,106
2022-07-11,106,10,96
2022-07-11,65,11,54
2022-07-11,50,16,34
2022-07-11,45,18,27
2022-07-11,30,16,14
2022-07-11,39,20,19
2022-07-11,58,41,17
2022-07-11,84,58,26
2022-07-11,118,94,24
2022-07-11,142,127,15
2022-07-11,85,66,19
2022-07-11,51,47,4
2022-07-11,43,27,16
2022-07-11,20,11,9
2022-07-11,10,5,5
2022-07-11,2,2,0
2022-07-12,8,5,3
2022-07-12,5,0,5
2022-07-12,1,1,0
2022-07-12,4,2,2
2022-07-12,11,0,11
2022-07-12,35,6,29
2022-07-12,83,13,70
2022-07-12,139,8,131
2022-07-12,119,14,105
2022-07-12,70,9,61
2022-07-12,46,12,34
2022-07-12,31,8,23
2022-07-12,45,23,22
2022-07-12,45,27,18
2022-07-12,53,30,23
2022-07-12,85,55,30
2022-07-12,132,108,24
2022-07-12,197,163,34
2022-07-12,101,73,28
2022-07-12,64,47,17
2022-07-12,54,34,20
2022-07-12,28,14,14
2022-07-12,17,13,4
2022-07-12,4,4,0
2022-07-13,0,0,0
2022-07-13,2,2,0
2022-07-13,4,0,4
2022-07-13,1,1,0
2022-07-13,10,0,10
2022-07-13,34,4,30
2022-07-13,89,7,82
2022-07-13,132,11,121
2022-07-13,132,8,124
2022-07-13,67,8,59
2022-07-13,33,9,24
2022-07-13,40,15,25
2022-07-13,34,18,16
2022-07-13,38,17,21
2022-07-13,57,40,17
2022-07-13,98,66,32
2022-07-13,140,114,26
2022-07-13,187,164,23
2022-07-13,118,98,20
2022-07-13,67,42,25
2022-07-13,56,31,25
2022-07-13,33,17,16
2022-07-13,14,11,3
2022-07-13,6,6,0
2022-07-14,5,4,1
2022-07-14,4,3,1
2022-07-14,2,0,2
2022-07-14,0,0,0
2022-07-14,7,0,7
2022-07-14,29,4,25
2022-07-14,73,4,69
2022-07-14,132,8,124
2022-07-14,124,8,116
2022-07-14,71,7,64
2022-07-14,42,9,33
2022-07-14,36,19,17
2022-07-14,51,23,28
2022-07-14,54,31,23
2022-07-14,55,30,25
2022-07-14,81,55,26
2022-07-14,147,110,37
2022-07-14,191,150,41
2022-07-14,104,82,22
2022-07-14,57,45,12
2022-07-14,43,28,15
2022-07-14,37,27,10
2022-07-14,11,8,3
2022-07-14,11,8,3
2022-07-15,3,3,0
2022-07-15,4,3,1
2022-07-15,3,2,1
2022-07-15,3,1,2
2022-07-15,5,0,5
2022-07-15,36,5,31
2022-07-15,51,5,46
2022-07-15,83,5,78
2022-07-15,86,12,74
2022-07-15,56,10,46
2022-07-15,45,11,34
2022-07-15,69,32,37
2022-07-15,50,21,29
2022-07-15,51,24,27
2022-07-15,73,51,22
2022-07-15,97,64,33
2022-07-15,99,73,26
2022-07-15,113,100,13
2022-07-15,66,41,25
2022-07-15,52,32,20
2022-07-15,32,24,8
2022-07-15,23,9,14
2022-07-15,21,12,9
2022-07-15,10,4,6
2022-07-16,5,4,1
2022-07-16,1,0,1
2022-07-16,3,3,0
2022-07-16,1,0,1
2022-07-16,6,1,5
2022-07-16,10,2,8
2022-07-16,17,3,14
2022-07-16,23,11,12
2022-07-16,38,13,25
2022-07-16,44,15,29
2022-07-16,69,31,38
2022-07-16,48,17,31
2022-07-16,62,31,31
2022-07-16,83,45,38
2022-07-16,83,52,31
2022-07-16,74,44,30
2022-07-16,77,39,38
2022-07-16,43,20,23
2022-07-16,37,25,12
2022-07-16,34,16,18
2022-07-16,20,11,9
2022-07-16,18,12,6
2022-07-16,9,5,4
2022-07-16,6,5,1
2022-07-17,12,8,4
2022-07-17,5,3,2
2022-07-17,4,1,3
2022-07-17,2,2,0
2022-07-17,2,0,2
2022-07-17,6,1,5
2022-07-17,11,5,6
2022-07-17,18,6,12
2022-07-17,42,6,36
2022-07-17,23,9,14
2022-07-17,64,43,21
2022-07-17,50,26,24
2022-07-17,77,34,43
2022-07-17,54,28,26
2022-07-17,58,29,29
2022-07-17,53,30,23
2022-07-17,37,22,15
2022-07-17,45,25,20
2022-07-17,35,25,10
2022-07-17,23,12,11
2022-07-17,12,5,7
2022-07-17,14,7,7
2022-07-17,7,2,5
2022-07-17,5,4,1
2022-07-18,2,0,2
2022-07-18,3,1,2
2022-07-18,2,1,1
2022-07-18,1,0,1
2022-07-18,7,1,6
2022-07-18,28,5,23
2022-07-18,55,8,47
2022-07-18,91,1,90
2022-07-18,85,8,77
2022-07-18,61,7,54
2022-07-18,19,6,13
2022-07-18,44,14,30
2022-07-18,32,15,17
2022-07-18,41,19,22
2022-07-18,44,24,20
2022-07-18,59,43,16
2022-07-18,105,86,19
2022-07-18,125,111,14
2022-07-18,76,58,18
2022-07-18,52,41,11
2022-07-18,42,27,15
2022-07-18,23,12,11
2022-07-18,10,7,3
2022-07-18,1,1,0
2022-07-19,2,2,0
2022-07-19,0,0,0
2022-07-19,2,0,2
2022-07-19,3,2,1
2022-07-19,7,0,7
2022-07-19,40,6,34
2022-07-19,80,8,72
2022-07-19,139,9,130
2022-07-19,139,8,131
2022-07-19,82,16,66
2022-07-19,43,21,22
2022-07-19,33,8,25
2022-07-19,51,20,31
2022-07-19,58,37,21
2022-07-19,70,43,27
2022-07-19,97,65,32
2022-07-19,146,106,40
2022-07-19,176,150,26
2022-07-19,125,98,27
2022-07-19,57,44,13
2022-07-19,57,28,29
2022-07-19,23,15,8
2022-07-19,17,11,6
2022-07-19,14,10,4
2022-07-20,2,2,0
2022-07-20,2,2,0
2022-07-20,7,3,4
2022-07-20,1,0,1
2022-07-20,10,0,10
2022-07-20,32,7,25
2022-07-20,72,7,65
2022-07-20,134,6,128
2022-07-20,124,8,116
2022-07-20,65,12,53
2022-07-20,28,11,17
2022-07-20,31,14,17
2022-07-20,38,16,22
2022-07-20,69,44,25
2022-07-20,59,38,21
2022-07-20,88,64,24
2022-07-20,138,111,27
2022-07-20,166,142,24
2022-07-20,118,99,19
2022-07-20,80,47,33
2022-07-20,37,29,8
2022-07-20,44,25,19
2022-07-20,17,11,6
2022-07-20,7,6,1
2022-07-21,2,2,0
2022-07-21,2,2,0
2022-07-21,0,0,0
2022-07-21,1,0,1
2022-07-21,7,1,6
2022-07-21,34,5,29
2022-07-21,65,7,58
2022-07-21,143,8,135
2022-07-21,129,8,121
2022-07-21,82,13,69
2022-07-21,58,21,37
2022-07-21,44,10,34
2022-07-21,54,20,34
2022-07-21,47,24,23
2022-07-21,62,43,19
2022-07-21,96,67,29
2022-07-21,141,111,30
2022-07-21,158,124,34
2022-07-21,124,101,23
2022-07-21,69,51,18
2022-07-21,46,31,15
2022-07-21,32,21,11
2022-07-21,15,12,3
2022-07-21,10,10,0
2022-07-22,5,4,1
2022-07-22,4,3,1
2022-07-22,0,0,0
2022-07-22,2,0,2
2022-07-22,4,0,4
2022-07-22,31,1,30
2022-07-22,55,7,48
2022-07-22,96,13,83
2022-07-22,67,12,55
2022-07-22,52,6,46
2022-07-22,41,8,33
2022-07-22,29,11,18
2022-07-22,44,21,23
2022-07-22,53,23,30
2022-07-22,70,36,34
2022-07-22,74,55,19
2022-07-22,109,85,24
2022-07-22,125,97,28
2022-07-22,77,52,25
2022-07-22,45,35,10
2022-07-22,32,25,7
2022-07-22,26,16,10
2022-07-22,13,11,2
2022-07-22,14,11,3
2022-07-23,13,9,4
2022-07-23,5,5,0
2022-07-23,5,5,0
2022-07-23,3,2,1
2022-07-23,2,0,2
2022-07-23,5,1,4
2022-07-23,6,0,6
2022-07-23,15,6,9
2022-07-23,31,7,24
2022-07-23,53,22,31
2022-07-23,35,15,20
2022-07-23,68,29,39
2022-07-23,80,29,51
2022-07-23,59,35,24
2022-07-23,89,56,33
2022-07-23,78,25,53
2022-07-23,95,66,29
2022-07-23,80,36,44
2022-07-23,58,28,30
2022-07-23,39,24,15
2022-07-23,36,26,10
2022-07-23,46,35,11
2022-07-23,10,6,4
2022-07-23,3,3,0
2022-07-24,16,12,4
2022-07-24,1,1,0
2022-07-24,4,4,0
2022-07-24,3,3,0
2022-07-24,5,1,4
2022-07-24,3,0,3
2022-07-24,8,2,6
2022-07-24,14,6,8
2022-07-24,44,18,26
2022-07-24,61,21,40
2022-07-24,61,26,35
2022-07-24,50,23,27
2022-07-24,87,45,42
2022-07-24,92,48,44
2022-07-24,102,49,53
2022-07-24,74,43,31
2022-07-24,89,50,39
2022-07-24,56,29,27
2022-07-24,45,28,17
2022-07-24,37,22,15
2022-07-24,28,20,8
2022-07-24,13,6,7
2022-07-24,8,4,4
2022-07-24,4,4,0
2022-07-25,2,1,1
2022-07-25,3,2,1
2022-07-25,3,2,1
2022-07-25,0,0,0
2022-07-25,10,2,8
2022-07-25,28,5,23
2022-07-25,66,8,58
2022-07-25,107,4,103
2022-07-25,100,7,93
2022-07-25,65,9,56
2022-07-25,41,11,30
2022-07-25,33,13,20
2022-07-25,30,10,20
2022-07-25,26,16,10
2022-07-25,50,25,25
2022-07-25,79,60,19
2022-07-25,108,83,25
2022-07-25,153,126,27
2022-07-25,88,69,19
2022-07-25,50,39,11
2022-07-25,39,22,17
2022-07-25,31,20,11
2022-07-25,25,23,2
2022-07-25,3,3,0
2022-07-26,3,1,2
2022-07-26,2,1,1
2022-07-26,3,1,2
2022-07-26,1,0,1
2022-07-26,6,1,5
2022-07-26,34,6,28
2022-07-26,72,6,66
2022-07-26,131,13,118
2022-07-26,140,10,130
2022-07-26,79,15,64
2022-07-26,47,22,25
2022-07-26,30,12,18
2022-07-26,42,21,21
2022-07-26,65,33,32
2022-07-26,42,26,16
2022-07-26,64,44,20
2022-07-26,103,81,22
2022-07-26,163,141,22
2022-07-26,98,75,23
2022-07-26,57,38,19
2022-07-26,53,38,15
2022-07-26,26,18,8
2022-07-26,35,29,6
2022-07-26,11,9,2
2022-07-27,3,2,1
2022-07-27,2,2,0
2022-07-27,4,3,1
2022-07-27,2,1,1
2022-07-27,6,0,6
2022-07-27,36,6,30
2022-07-27,75,5,70
2022-07-27,129,18,111
2022-07-27,109,6,103
2022-07-27,62,13,49
2022-07-27,52,26,26
2022-07-27,35,10,25
2022-07-27,43,15,28
2022-07-27,37,22,15
2022-07-27,54,33,21
2022-07-27,79,63,16
2022-07-27,113,89,24
2022-07-27,127,104,23
2022-07-27,89,66,23
2022-07-27,48,39,9
2022-07-27,27,19,8
2022-07-27,30,22,8
2022-07-27,16,15,1
2022-07-27,9,6,3
2022-07-28,6,4,2
2022-07-28,3,1,2
2022-07-28,6,2,4
2022-07-28,1,1,0
2022-07-28,7,0,7
2022-07-28,28,4,24
2022-07-28,72,4,68
2022-07-28,131,16,115
2022-07-28,108,9,99
2022-07-28,66,11,55
2022-07-28,40,14,26
2022-07-28,44,20,24
2022-07-28,32,10,22
2022-07-28,28,12,16
2022-07-28,36,26,10
2022-07-28,83,56,27
2022-07-28,112,84,28
2022-07-28,134,104,30
2022-07-28,104,91,13
2022-07-28,48,41,7
2022-07-28,49,30,19
2022-07-28,25,15,10
2022-07-28,17,16,1
2022-07-28,11,5,6
2022-07-29,5,4,1
2022-07-29,1,1,0
2022-07-29,3,3,0
2022-07-29,2,0,2
2022-07-29,7,2,5
2022-07-29,25,2,23
2022-07-29,56,5,51
2022-07-29,73,6,67
2022-07-29,86,8,78
2022-07-29,51,17,34
2022-07-29,42,18,24
2022-07-29,37,17,20
2022-07-29,31,15,16
2022-07-29,43,23,20
2022-07-29,40,26,14
2022-07-29,91,64,27
2022-07-29,89,67,22
2022-07-29,103,84,19
2022-07-29,58,32,26
2022-07-29,39,23,16
2022-07-29,87,76,11
2022-07-29,13,6,7
2022-07-29,17,6,11
2022-07-29,13,4,9
2022-07-30,9,5,4
2022-07-30,4,3,1
2022-07-30,8,6,2
2022-07-30,4,3,1
2022-07-30,5,1,4
2022-07-30,7,2,5
2022-07-30,15,4,11
2022-07-30,33,15,18
2022-07-30,61,17,44
2022-07-30,71,35,36
2022-07-30,60,30,30
2022-07-30,68,38,30
2022-07-30,69,22,47
2022-07-30,50,37,13
2022-07-30,66,30,36
2022-07-30,60,33,27
2022-07-30,38,16,22
2022-07-30,39,24,15
2022-07-30,43,22,21
2022-07-30,35,20,15
2022-07-30,31,15,16
2022-07-30,12,7,5
2022-07-30,17,11,6
2022-07-30,7,5,2
2022-07-31,5,3,2
2022-07-31,7,5,2
2022-07-31,1,1,0
2022-07-31,2,2,0
2022-07-31,3,2,1
2022-07-31,5,3,2
2022-07-31,15,4,11
2022-07-31,17,0,17
2022-07-31,63,21,42
2022-07-31,53,17,36
2022-07-31,77,39,38
2022-07-31,80,52,28
2022-07-31,79,47,32
2022-07-31,72,34,38
2022-07-31,64,33,31
2022-07-31,44,27,17
2022-07-31,34,20,14
2022-07-31,39,20,19
2022-07-31,32,23,9
2022-07-31,18,10,8
2022-07-31,30,22,8
2022-07-31,17,9,8
2022-07-31,8,5,3
2022-07-31,9,4,5
2017-05-18,7,0,7
2017-05-18,6,0,6
2017-05-19,3,1,2
2017-05-19,0,0,0
2017-05-19,1,0,1
2017-05-19,0,0,0
2017-05-19,5,4,1
2017-05-19,32,25,7
2017-05-19,106,89,17
2017-05-19,238,207,31
2017-05-19,209,176,33
2017-05-19,82,64,18
2017-05-19,47,32,15
2017-05-19,34,18,16
2017-05-19,39,16,23
2017-05-19,35,18,17
2017-05-19,68,22,46
2017-05-19,123,32,91
2017-05-19,177,37,140
2017-05-19,217,37,180
2017-05-19,120,23,97
2017-05-19,58,8,50
2017-05-19,25,14,11
2017-05-19,14,6,8
2017-05-19,12,5,7
2017-05-19,7,1,6
2017-05-20,2,2,0
2017-05-20,0,0,0
2017-05-20,2,1,1
2017-05-20,1,1,0
2017-05-20,1,0,1
2017-05-20,12,11,1
2017-05-20,19,11,8
2017-05-20,29,21,8
2017-05-20,50,28,22
2017-05-20,67,27,40
2017-05-20,81,45,36
2017-05-20,63,28,35
2017-05-20,102,49,53
2017-05-20,132,90,42
2017-05-20,66,32,34
2017-05-20,92,50,42
2017-05-20,91,24,67
2017-05-20,57,25,32
2017-05-20,50,23,27
2017-05-20,27,14,13
2017-05-20,28,10,18
2017-05-20,17,9,8
2017-05-20,11,5,6
2017-05-20,4,2,2
2017-05-21,1,0,1
2017-05-21,3,2,1
2017-05-21,1,1,0
2017-05-21,2,1,1
2017-05-21,2,1,1
2017-05-21,11,5,6
2017-05-21,7,6,1
2017-05-21,23,19,4
2017-05-21,45,24,21
2017-05-21,44,28,16
2017-05-21,75,32,43
2017-05-21,95,47,48
2017-05-21,96,39,57
2017-05-21,107,52,55
2017-06-04,112,49,63
2017-06-04,75,32,43
2017-06-04,56,25,31
2017-06-04,27,10,17
2017-06-04,29,12,17
2017-06-04,11,6,5
2017-06-04,21,9,12
2017-06-04,4,2,2
2017-06-04,4,3,1
2017-06-05,5,2,3
2017-06-05,1,0,1
2017-06-05,1,1,0
2017-06-05,2,1,1
2017-06-05,9,7,2
2017-06-05,31,24,7
2017-06-05,86,70,16
2017-06-05,196,176,20
2017-06-05,181,162,19
2017-06-05,75,68,7
2017-06-05,35,25,10
2017-06-05,28,17,11
2017-06-05,32,17,15
2017-06-05,19,9,10
2017-06-05,32,10,22
2017-06-05,65,15,50
2017-06-05,158,31,127
2017-06-05,246,25,221
2017-06-05,167,31,136
2017-06-05,59,18,41
2017-06-05,23,9,14
2017-06-05,22,11,11
2017-06-05,11,10,1
2017-06-05,2,1,1
2017-06-06,3,1,2
2017-06-06,0,0,0
2017-06-06,1,0,1
2017-06-06,5,2,3
2017-06-06,15,12,3
2017-06-06,41,31,10
2017-06-06,95,79,16
2017-06-06,196,175,21
2017-06-06,181,158,23
2017-06-06,62,58,4
2017-06-06,32,24,8
2017-06-06,27,19,8
2017-06-06,21,4,17
2017-06-06,39,16,23
2017-06-06,40,16,24
2017-06-06,79,33,46
2017-06-06,147,34,113
2017-06-06,237,34,203
2017-06-06,150,24,126
2017-06-06,76,15,61
2017-06-06,35,11,24
2017-06-06,18,6,12
2017-06-06,13,6,7
2017-06-06,3,1,2
2017-06-07,7,2,5
2017-06-07,3,1,2
2017-06-07,2,0,2
2017-06-07,1,0,1
2017-06-07,10,7,3
2017-06-07,28,21,7
2017-06-07,93,79,14
2017-06-07,199,175,24
2017-06-07,186,172,14
2017-06-07,65,59,6
2017-06-07,47,33,14
2017-06-07,38,20,18
2017-06-07,52,31,21
2017-06-07,51,29,22
2017-06-07,37,17,20
2017-06-07,59,11,48
2017-06-07,141,23,118
2017-06-07,223,29,194
2017-06-07,158,31,127
2017-06-07,65,12,53
2017-06-07,50,25,25
2017-06-07,22,6,16
2017-06-07,10,2,8
2017-06-07,8,2,6
2017-06-08,2,1,1
2017-06-08,1,1,0
2017-06-08,3,1,2
2017-06-08,4,3,1
2017-06-08,6,2,4
2017-06-08,19,17,2
2017-06-08,40,33,7
2017-06-08,85,77,8
2017-06-08,76,71,5
2017-06-08,37,35,2
2017-06-08,9,7,2
2017-06-08,2,2,0
2017-06-08,5,3,2
2017-06-08,17,14,3
2017-06-08,24,11,13
2017-06-08,34,10,24
2017-06-08,73,10,63
2017-06-08,120,26,94
2017-06-08,66,8,58
2017-06-08,21,5,16
2017-06-08,12,3,9
2017-06-08,12,4,8
2017-06-08,8,3,5
2017-06-08,4,1,3
2017-06-09,4,2,2
2017-06-09,1,1,0
2017-06-09,3,3,0
2017-06-09,1,1,0
2017-06-09,5,3,2
2017-06-09,15,12,3
2017-06-09,55,44,11
2017-06-09,134,117,17
2017-06-09,123,107,16
2017-06-09,58,40,18
2017-06-09,23,18,5
2017-06-09,22,16,6
2017-06-09,24,9,15
2017-06-09,28,14,14
2017-06-09,31,9,22
2017-06-09,46,13,33
2017-06-09,100,16,84
2017-06-09,129,18,111
2017-06-09,63,9,54
2017-06-09,34,12,22
2017-06-09,12,4,8
2017-06-09,12,1,11
2017-06-09,7,2,5
2017-06-09,7,1,6
2017-06-10,4,3,1
2017-06-10,4,3,1
2017-06-10,0,0,0
2017-06-10,2,1,1
2017-06-10,2,1,1
2017-06-10,4,4,0
2017-06-10,12,8,4
2017-06-10,21,12,9
2017-06-10,39,22,17
2017-06-10,52,21,31
2017-06-10,58,27,31
2017-06-10,92,55,37
2017-06-10,78,46,32
2017-06-10,64,31,33
2017-06-10,94,45,49
2017-06-10,74,39,35
2017-06-10,72,35,37
2017-06-10,62,32,30
2017-06-10,40,17,23
2017-06-10,43,19,24
2017-06-10,17,5,12
2017-06-10,7,1,6
2017-06-10,28,18,10
2017-06-10,4,2,2
2017-06-11,1,0,1
2017-06-11,2,1,1
2017-06-11,1,0,1
2017-06-11,3,1,2
2017-06-11,2,2,0
2017-06-11,10,8,2
2017-06-11,10,7,3
2017-06-11,25,20,5
2017-06-11,36,15,21
2017-06-11,51,22,29
2017-06-11,64,28,36
2017-06-11,66,31,35
2017-06-11,89,40,49
2017-06-11,84,36,48
2017-06-11,86,44,42
2017-06-11,87,51,36
2017-06-11,72,30,42
2017-06-11,45,28,17
2017-06-11,53,17,36
2017-06-11,27,15,12
2017-06-11,12,4,8
2017-06-11,5,3,2
2017-06-11,6,2,4
2017-06-11,2,0,2
2017-06-12,1,0,1
2017-06-12,1,0,1
2017-06-12,0,0,0
2017-06-12,2,0,2
2017-06-12,10,7,3
2017-06-12,27,19,8
2017-06-12,90,70,20
2017-06-12,164,153,11
2017-06-12,168,145,23
2017-06-12,50,43,7
2017-06-12,22,17,5
2017-06-12,22,14,8
2017-06-12,21,14,7
2017-06-12,21,9,12
2017-06-12,30,15,15
2017-06-12,51,10,41
2017-06-12,135,23,112
2017-06-12,210,27,183
2017-06-12,96,10,86
2017-06-12,30,3,27
2017-06-12,18,6,12
2017-06-12,15,7,8
2017-06-12,6,2,4
2017-06-12,2,0,2
2017-06-13,0,0,0
2017-06-13,5,3,2
2017-06-13,4,3,1
2017-06-13,0,0,0
2017-06-13,9,6,3
2017-06-13,24,21,3
2017-06-13,64,56,8
2017-06-13,135,123,12
2017-06-13,138,124,14
2017-06-13,49,41,8
2017-06-13,18,15,3
2017-06-13,15,9,6
2017-06-13,20,10,10
2017-06-13,28,18,10
2017-06-13,33,12,21
2017-06-13,44,12,32
2017-06-13,91,20,71
2017-06-13,168,15,153
2017-06-13,96,16,80
2017-06-13,56,10,46
2017-06-13,23,5,18
2017-06-13,12,1,11
2017-06-13,5,0,5
2017-06-13,4,2,2
2017-06-14,1,1,0
2017-06-14,1,0,1
2017-06-14,3,1,2
2017-06-14,1,0,1
2017-06-14,7,5,2
2017-06-14,32,22,10
2017-06-14,96,85,11
2017-06-14,174,157,17
2017-06-14,171,159,12
2017-06-14,55,45,10
2017-06-14,33,27,6
2017-06-14,22,11,11
2017-06-14,33,12,21
2017-06-14,30,14,16
2017-06-14,45,22,23
2017-06-14,52,13,39
2017-06-14,118,17,101
2017-06-14,224,35,189
2017-06-14,119,20,99
2017-06-14,63,14,49
2017-06-14,34,9,25
2017-06-14,19,4,15
2017-06-14,10,5,5
2017-06-14,1,0,1
2017-06-15,1,0,1
2017-06-15,4,1,3
2017-06-15,0,0,0
2017-06-15,0,0,0
2017-06-15,8,5,3
2017-06-15,14,13,1
2017-06-15,45,37,8
2017-06-15,86,79,7
2017-06-15,92,86,6
2017-06-15,20,18,2
2017-06-15,8,7,1
2017-06-15,5,3,2
2017-06-15,10,6,4
2017-06-15,6,5,1
2017-06-15,9,6,3
2017-06-15,17,2,15
2017-06-15,48,6,42
2017-06-15,82,4,78
2017-06-15,53,5,48
2017-06-15,19,5,14
2017-06-15,8,0,8
2017-06-15,8,2,6
2017-06-15,1,1,0
2017-06-15,4,1,3
2017-06-16,2,1,1
2017-06-16,1,0,1
2017-06-16,2,1,1
2017-06-16,0,0,0
2017-06-16,6,3,3
2017-06-16,19,15,4
2017-06-16,52,42,10
2017-06-16,110,93,17
2017-06-16,114,98,16
2017-06-16,53,42,11
2017-06-16,28,22,6
2017-06-16,21,11,10
2017-06-16,22,7,15
2017-06-16,28,15,13
2017-06-16,40,16,24
2017-06-16,63,15,48
2017-06-16,111,26,85
2017-06-16,119,18,101
2017-06-16,76,10,66
2017-06-16,27,7,20
2017-06-16,33,8,25
2017-06-16,15,6,9
2017-06-16,5,4,1
2017-06-16,0,0,0
2017-06-17,2,0,2
2017-06-17,3,0,3
2017-06-17,2,1,1
2017-06-17,3,2,1
2017-06-17,2,1,1
2017-06-17,6,5,1
2017-06-17,7,6,1
2017-06-17,34,21,13
2017-06-17,49,29,20
2017-06-17,31,15,16
2017-06-17,65,38,27
2017-06-17,86,47,39
2017-06-17,70,39,31
2017-06-17,68,31,37
2017-06-17,57,30,27
2017-06-17,54,20,34
2017-06-17,62,32,30
2017-06-17,48,10,38
2017-06-17,30,9,21
2017-06-17,11,6,5
2017-06-17,7,4,3
2017-06-17,7,2,5
2017-06-17,7,2,5
2017-06-17,3,1,2
2017-06-18,3,0,3
2017-06-18,2,1,1
2017-06-18,1,1,0
2017-06-18,2,0,2
2017-06-18,0,0,0
2017-06-18,8,8,0
2017-06-18,14,10,4
2017-06-18,20,16,4
2017-06-18,39,24,15
2017-06-18,22,6,16
2017-06-18,32,18,14
2017-06-18,60,38,22
2017-06-18,66,33,33
2017-06-18,38,20,18
2017-06-18,58,19,39
2017-06-18,55,22,33
2017-06-18,42,20,22
2017-06-18,42,22,20
2017-06-18,42,15,27
2017-06-18,22,10,12
2017-06-18,12,7,5
2017-06-18,8,6,2
2017-06-18,2,1,1
2017-06-18,5,1,4
2017-06-19,3,3,0
2017-06-19,2,0,2
2017-06-19,4,3,1
2017-06-19,0,0,0
2017-06-19,6,5,1
2017-06-19,33,25,8
2017-06-19,75,61,14
2017-06-19,183,160,23
2017-06-19,168,151,17
2017-06-19,49,40,9
2017-06-19,28,18,10
2017-06-19,31,20,11
2017-06-19,20,9,11
2017-06-19,26,15,11
2017-06-19,35,13,22
2017-06-19,76,20,56
2017-06-19,139,32,107
2017-06-19,228,31,197
2017-06-19,122,15,107
2017-06-19,40,3,37
2017-06-19,25,4,21
2017-06-19,12,2,10
2017-06-19,9,3,6
2017-06-19,2,1,1
2017-06-20,3,1,2
2017-06-20,4,1,3
2017-06-20,2,2,0
2017-06-20,0,0,0
2017-06-20,6,4,2
2017-06-20,41,34,7
2017-06-20,75,63,12
2017-06-20,147,134,13
2017-06-20,130,116,14
2017-06-20,57,50,7
2017-06-20,30,24,6
2017-06-20,12,7,5
2017-06-20,16,9,7
2017-06-20,13,6,7
2017-06-20,24,9,15
2017-06-20,43,20,23
2017-06-20,99,18,81
2017-06-20,180,19,161
2017-06-20,102,10,92
2017-06-20,48,8,40
2017-06-20,25,11,14
2017-06-20,15,5,10
2017-06-20,12,1,11
2017-06-20,6,0,6
2017-06-21,4,2,2
2017-06-21,0,0,0
2017-06-21,0,0,0
2017-06-21,0,0,0
2017-06-21,7,5,2
2017-06-21,36,32,4
2017-06-21,98,87,11
2017-06-21,178,164,14
2017-06-21,167,155,12
2017-06-21,68,52,16
2017-06-21,38,32,6
2017-06-21,26,18,8
2017-06-21,21,10,11
2017-06-21,38,17,21
2017-06-21,37,14,23
2017-06-21,68,17,51
2017-06-21,139,26,113
2017-06-21,229,34,195
2017-06-21,154,27,127
2017-06-21,71,18,53
2017-06-21,43,19,24
2017-06-21,29,10,19
2017-06-21,26,3,23
2017-06-21,9,1,8
2017-06-22,5,2,3
2017-06-22,2,1,1
2017-06-22,1,0,1
2017-06-22,2,2,0
2017-06-22,9,7,2
2017-06-22,32,25,7
2017-06-22,81,76,5
2017-06-22,180,161,19
2017-06-22,171,156,15
2017-06-22,73,59,14
2017-06-22,47,39,8
2017-06-22,28,18,10
2017-06-22,32,16,16
2017-06-22,42,21,21
2017-06-22,34,12,22
2017-06-22,69,15,54
2017-06-22,136,34,102
2017-06-22,223,32,191
2017-06-22,130,24,106
2017-06-22,115,20,95
2017-06-22,49,14,35
2017-06-22,19,7,12
2017-06-22,17,4,13
2017-06-22,4,2,2
2017-06-23,8,1,7
2017-06-23,4,1,3
2017-06-23,5,2,3
2017-06-23,3,2,1
2017-06-23,8,5,3
2017-06-23,16,11,5
2017-06-23,82,72,10
2017-06-23,165,143,22
2017-06-23,140,127,13
2017-06-23,68,60,8
2017-06-23,33,21,12
2017-06-23,41,25,16
2017-06-23,38,16,22
2017-06-23,48,14,34
2017-06-23,47,15,32
2017-06-23,103,24,79
2017-06-23,134,21,113
2017-06-23,158,18,140
2017-06-23,104,27,77
2017-06-23,53,17,36
2017-06-23,58,23,35
2017-06-23,15,5,10
2017-06-23,13,1,12
2017-06-23,21,5,16
2017-06-24,1,0,1
2017-06-24,3,1,2
2017-06-24,2,1,1
2017-06-24,3,1,2
2017-06-24,7,2,5
2017-06-24,7,6,1
2017-06-24,21,15,6
2017-06-24,32,10,22
2017-06-24,83,37,46
2017-06-24,63,37,26
2017-06-24,73,44,29
2017-06-24,103,57,46
2017-06-24,86,39,47
2017-06-24,58,23,35
2017-06-24,81,35,46
2017-06-24,85,48,37
2017-06-24,79,35,44
2017-06-24,53,27,26
2017-06-24,38,14,24
2017-06-24,35,21,14
2017-06-24,36,25,11
2017-06-24,21,11,10
2017-06-24,19,7,12
2017-06-24,8,3,5
2017-06-25,3,1,2
2017-06-25,3,1,2
2017-06-25,2,1,1
2017-06-25,0,0,0
2017-06-25,2,2,0
2017-06-25,7,5,2
2017-06-25,10,4,6
2017-06-25,30,21,9
2017-06-25,57,31,26
2017-06-25,84,33,51
2017-06-25,83,45,38
2017-06-25,74,46,28
2017-06-25,62,44,18
2017-06-25,56,26,30
2017-06-25,36,17,19
2017-06-25,65,29,36
2017-06-25,45,13,32
2017-06-25,41,19,22
2017-06-25,29,10,19
2017-06-25,23,13,10
2017-06-25,22,13,9
2017-06-25,17,9,8
2017-06-25,5,2,3
2017-06-25,2,2,0
2017-06-26,5,4,1
2017-06-26,1,0,1
2017-06-26,3,1,2
2017-06-26,0,0,0
2017-06-26,7,6,1
2017-06-26,28,25,3
2017-06-26,83,73,10
2017-06-26,175,160,15
2017-06-26,147,135,12
2017-06-26,57,51,6
2017-06-26,25,19,6
2017-06-26,20,11,9
2017-06-26,39,16,23
2017-06-26,25,14,11
2017-06-26,21,11,10
2017-06-26,67,16,51
2017-06-26,146,30,116
2017-06-26,214,22,192
2017-06-26,116,20,96
2017-06-26,49,8,41
2017-06-26,20,7,13
2017-06-26,11,7,4
2017-06-26,12,5,7
2017-06-26,8,5,3
2017-06-27,2,0,2
2017-06-27,0,0,0
2017-06-27,1,0,1
2017-06-27,0,0,0
2017-06-27,5,4,1
2017-06-27,24,20,4
2017-06-27,92,78,14
2017-06-27,183,165,18
2017-06-27,178,161,17
2017-06-27,56,51,5
2017-06-27,31,21,10
2017-06-27,34,17,17
2017-06-27,21,14,7
2017-06-27,26,11,15
2017-06-27,39,16,23
2017-06-27,69,32,37
2017-06-27,131,19,112
2017-06-27,218,31,187
2017-06-27,158,26,132
2017-06-27,62,12,50
2017-06-27,40,14,26
2017-06-27,27,10,17
2017-06-27,9,1,8
2017-06-27,8,2,6
2017-06-28,0,0,0
2017-06-28,2,0,2
2017-06-28,2,1,1
2017-06-28,0,0,0
2017-06-28,6,4,2
2017-06-28,28,25,3
2017-06-28,93,82,11
2017-06-28,169,148,21
2017-06-28,145,137,8
2017-06-28,68,57,11
2017-06-28,29,24,5
2017-06-28,29,18,11
2017-06-28,35,25,10
2017-06-28,21,9,12
2017-06-28,24,9,15
2017-06-28,66,18,48
2017-06-28,120,20,100
2017-06-28,215,34,181
2017-06-28,143,28,115
2017-06-28,76,18,58
2017-06-28,30,5,25
2017-06-28,24,14,10
2017-06-28,5,1,4
2017-06-28,1,0,1
2017-06-29,5,1,4
2017-06-29,1,1,0
2017-06-29,0,0,0
2017-06-29,2,0,2
2017-06-29,12,7,5
2017-06-29,26,18,8
2017-06-29,77,70,7
2017-06-29,183,168,15
2017-06-29,140,126,14
2017-06-29,96,78,18
2017-06-29,34,24,10
2017-06-29,22,12,10
2017-06-29,29,15,14
2017-06-29,49,31,18
2017-06-29,36,11,25
2017-06-29,79,24,55
2017-06-29,119,23,96
2017-06-29,216,26,190
2017-06-29,120,15,105
2017-06-29,82,30,52
2017-06-29,53,24,29
2017-06-29,39,18,21
2017-06-29,9,4,5
2017-06-29,12,7,5
2017-06-30,1,0,1
2017-06-30,2,1,1
2017-06-30,4,2,2
2017-06-30,3,1,2
2017-06-30,8,4,4
2017-06-30,25,21,4
2017-06-30,58,50,8
2017-06-30,140,124,16
2017-06-30,149,132,17
2017-06-30,58,40,18
2017-06-30,28,16,12
2017-06-30,39,25,14
2017-06-30,37,18,19
2017-06-30,42,21,21
2017-06-30,38,13,25
2017-06-30,85,25,60
2017-06-30,127,19,108
2017-06-30,144,23,121
2017-06-30,95,25,70
2017-06-30,47,15,32
2017-06-30,34,11,23
2017-06-30,17,9,8
2017-06-30,7,3,4
2017-06-30,5,1,4
2017-07-01,3,0,3
2017-07-01,1,1,0
2017-07-01,2,1,1
2017-07-01,5,2,3
2017-07-01,2,1,1
2017-07-01,6,5,1
2017-07-01,18,13,5
2017-07-01,22,13,9
2017-07-01,60,26,34
2017-07-01,35,18,17
2017-07-01,56,19,37
2017-07-01,62,29,33
2017-07-01,68,40,28
2017-07-01,61,32,29
2017-07-01,71,36,35
2017-07-01,61,32,29
2017-07-01,56,29,27
2017-07-01,43,21,22
2017-07-01,37,17,20
2017-07-01,17,3,14
2017-07-01,20,7,13
2017-07-01,23,6,17
2017-07-01,5,2,3
2017-07-01,3,1,2
2017-07-02,0,0,0
2017-07-02,5,0,5
2017-07-02,1,1,0
2017-07-02,1,0,1
2017-07-02,3,2,1
2017-07-02,6,3,3
2017-07-02,20,11,9
2017-07-02,24,17,7
2017-07-02,22,16,6
2017-07-02,120,20,100
2017-07-02,174,80,94
2017-07-02,145,118,27
2017-07-02,90,55,35
2017-07-02,70,34,36
2017-07-02,86,31,55
2017-07-02,83,37,46
2017-07-02,73,39,34
2017-07-02,61,34,27
2017-07-02,43,18,25
2017-07-02,31,22,9
2017-07-02,24,8,16
2017-07-02,18,10,8
2017-07-02,7,4,3
2017-07-02,4,0,4
2017-07-03,5,3,2
2017-07-03,1,0,1
2017-07-03,3,1,2
2017-07-03,1,1,0
2017-07-03,6,5,1
2017-07-03,13,10,3
2017-07-03,36,28,8
2017-07-03,83,73,10
2017-07-03,72,60,12
2017-07-03,46,36,10
2017-07-03,29,16,13
2017-07-03,30,19,11
2017-07-03,38,20,18
2017-07-03,48,24,24
2017-07-03,64,17,47
2017-07-03,70,19,51
2017-07-03,100,28,72
2017-07-03,99,31,68
2017-07-03,61,16,45
2017-07-03,38,17,21
2017-07-03,35,18,17
2017-07-03,16,2,14
2017-07-03,7,3,4
2017-07-03,1,0,1
2017-07-04,0,0,0
2017-07-04,3,2,1
2017-07-04,3,2,1
2017-07-04,2,1,1
2017-07-04,2,0,2
2017-07-04,10,9,1
2017-07-04,15,9,6
2017-07-04,21,12,9
2017-07-04,40,31,9
2017-07-04,65,25,40
2017-07-04,103,50,53
2017-07-04,74,37,37
2017-07-04,94,54,40
2017-07-04,108,62,46
2017-07-04,88,34,54
2017-07-04,93,37,56
2017-07-04,68,45,23
2017-07-04,45,23,22
2017-07-04,34,12,22
2017-07-04,35,20,15
2017-07-04,23,9,14
2017-07-04,16,5,11
2017-07-04,7,3,4
2017-07-04,10,3,7
2017-07-05,7,1,6
2017-07-05,2,0,2
2017-07-05,1,1,0
2017-07-05,2,1,1
2017-07-05,9,5,4
2017-07-05,21,16,5
2017-07-05,80,71,9
2017-07-05,145,135,10
2017-07-05,161,146,15
2017-07-05,67,59,8
2017-07-05,29,23,6
2017-07-05,42,20,22
2017-07-05,34,17,17
2017-07-05,41,18,23
2017-07-05,43,19,24
2017-07-05,60,28,32
2017-07-05,124,33,91
2017-07-05,197,25,172
2017-07-05,120,12,108
2017-07-05,56,9,47
2017-07-05,24,9,15
2017-07-05,18,9,9
2017-07-05,9,4,5
2017-07-05,6,2,4
2017-07-06,3,2,1
2017-07-06,2,0,2
2017-07-06,1,1,0
2017-07-06,0,0,0
2017-07-06,10,5,5
2017-07-06,26,23,3
2017-07-06,97,83,14
2017-07-06,211,199,12
2017-07-06,151,138,13
2017-07-06,81,70,11
2017-07-06,33,20,13
2017-07-06,22,12,10
2017-07-06,24,13,11
2017-07-06,41,23,18
2017-07-06,40,14,26
2017-07-06,77,34,43
2017-07-06,129,18,111
2017-07-06,241,33,208
2017-07-06,125,22,103
2017-07-06,83,30,53
2017-07-06,45,16,29
2017-07-06,33,7,26
2017-07-06,14,2,12
2017-07-06,12,4,8
2017-07-07,6,2,4
2017-07-07,2,1,1
2017-07-07,1,1,0
2017-07-07,2,2,0
2017-07-07,7,4,3
2017-07-07,22,16,6
2017-07-07,80,66,14
2017-07-07,161,148,13
2017-07-07,138,123,15
2017-07-07,59,51,8
2017-07-07,28,20,8
2017-07-07,32,21,11
2017-07-07,24,9,15
2017-07-07,49,17,32
2017-07-07,52,18,34
2017-07-07,70,26,44
2017-07-07,146,24,122
2017-07-07,157,29,128
2017-07-07,106,18,88
2017-07-07,60,17,43
2017-07-07,25,8,17
2017-07-07,20,6,14
2017-07-07,19,6,13
2017-07-07,10,6,4
2017-07-08,3,0,3
2017-07-08,1,0,1
2017-07-08,0,0,0
2017-07-08,0,0,0
2017-07-08,1,0,1
2017-07-08,4,3,1
2017-07-08,20,15,5
2017-07-08,34,29,5
2017-07-08,36,21,15
2017-07-08,59,28,31
2017-07-08,62,30,32
2017-07-08,100,49,51
2017-07-08,84,39,45
2017-07-08,95,43,52
2017-07-08,103,49,54
2017-07-08,76,39,37
2017-07-08,67,26,41
2017-07-08,86,37,49
2017-07-08,45,25,20
2017-07-08,43,13,30
2017-07-08,27,14,13
2017-07-08,26,10,16
2017-07-08,18,4,14
2017-07-08,10,8,2
2017-07-09,8,6,2
2017-07-09,4,2,2
2017-07-09,3,2,1
2017-07-09,3,3,0
2017-07-09,2,1,1
2017-07-09,6,5,1
2017-07-09,11,4,7
2017-07-09,27,21,6
2017-07-09,59,37,22
2017-07-09,57,33,24
2017-07-09,66,28,38
2017-07-09,90,26,64
2017-07-09,92,43,49
2017-07-09,100,55,45
2017-07-09,61,37,24
2017-07-09,83,34,49
2017-07-09,68,37,31
2017-07-09,72,37,35
2017-07-09,47,22,25
2017-07-09,27,15,12
2017-07-09,27,15,12
2017-07-09,20,12,8
2017-07-09,12,3,9
2017-07-09,1,0,1
2017-07-10,11,6,5
2017-07-10,4,3,1
2017-07-10,4,1,3
2017-07-10,2,0,2
2017-07-10,9,7,2
2017-07-10,19,15,4
2017-07-10,90,79,11
2017-07-10,175,154,21
2017-07-10,176,161,15
2017-07-10,64,49,15
2017-07-10,31,23,8
2017-07-10,34,16,18
2017-07-10,32,21,11
2017-07-10,28,12,16
2017-07-10,45,24,21
2017-07-10,57,15,42
2017-07-10,123,22,101
2017-07-10,257,35,222
2017-07-10,131,20,111
2017-07-10,53,16,37
2017-07-10,40,15,25
2017-07-10,21,5,16
2017-07-10,3,1,2
2017-07-10,2,0,2
2017-07-11,3,2,1
2017-07-11,2,2,0
2017-07-11,0,0,0
2017-07-11,1,0,1
2017-07-11,12,8,4
2017-07-11,36,29,7
2017-07-11,96,78,18
2017-07-11,193,177,16
2017-07-11,182,167,15
2017-07-11,67,54,13
2017-07-11,27,21,6
2017-07-11,32,16,16
2017-07-11,22,12,10
2017-07-11,37,19,18
2017-07-11,33,10,23
2017-07-11,68,17,51
2017-07-11,122,21,101
2017-07-11,224,28,196
2017-07-11,161,29,132
2017-07-11,62,13,49
2017-07-11,49,15,34
2017-07-11,22,10,12
2017-07-11,9,3,6
2017-07-11,11,2,9
2017-07-12,1,1,0
2017-07-12,1,1,0
2017-07-12,1,1,0
2017-07-12,0,0,0
2017-07-12,6,4,2
2017-07-12,16,12,4
2017-07-12,106,95,11
2017-07-12,205,184,21
2017-07-12,169,158,11
2017-07-12,76,68,8
2017-07-12,36,32,4
2017-07-12,29,16,13
2017-07-12,36,16,20
2017-07-12,36,20,16
2017-07-12,42,17,25
2017-07-12,69,20,49
2017-07-12,132,18,114
2017-07-12,229,34,195
2017-07-12,151,22,129
2017-07-12,66,19,47
2017-07-12,53,21,32
2017-07-12,31,11,20
2017-07-12,9,6,3
2017-07-12,6,3,3
2017-07-13,5,1,4
2017-07-13,5,0,5
2017-07-13,2,0,2
2017-07-13,3,3,0
2017-07-13,10,6,4
2017-07-13,33,29,4
2017-07-13,83,69,14
2017-07-13,177,164,13
2017-07-13,155,145,10
2017-07-13,58,45,13
2017-07-13,40,34,6
2017-07-13,21,17,4
2017-07-13,25,15,10
2017-07-13,32,21,11
2017-07-13,49,14,35
2017-07-13,57,14,43
2017-07-13,114,16,98
2017-07-13,180,18,162
2017-07-13,135,19,116
2017-07-13,76,17,59
2017-07-13,36,12,24
2017-07-13,23,9,14
2017-07-13,8,1,7
2017-07-13,4,1,3
2017-07-14,3,1,2
2017-07-14,4,1,3
2017-07-14,5,1,4
2017-07-14,2,1,1
2017-07-14,4,2,2
2017-07-14,27,22,5
2017-07-14,63,56,7
2017-07-14,139,126,13
2017-07-14,133,107,26
2017-07-14,59,53,6
2017-07-14,43,25,18
2017-07-14,33,22,11
2017-07-14,35,17,18
2017-07-14,45,15,30
2017-07-14,59,23,36
2017-07-14,71,21,50
2017-07-14,127,21,106
2017-07-14,155,22,133
2017-07-14,107,22,85
2017-07-14,41,8,33
2017-07-14,21,7,14
2017-07-14,18,9,9
2017-07-14,8,2,6
2017-07-14,9,5,4
2017-07-15,2,1,1
2017-07-15,1,0,1
2017-07-15,2,2,0
2017-07-15,3,2,1
2017-07-15,4,3,1
2017-07-15,8,7,1
2017-07-15,18,12,6
2017-07-15,23,11,12
2017-07-15,44,21,23
2017-07-15,49,25,24
2017-07-15,37,21,16
2017-07-15,71,29,42
2017-07-15,82,45,37
2017-07-15,78,39,39
2017-07-15,75,42,33
2017-07-15,75,34,41
2017-07-15,74,37,37
2017-07-15,49,18,31
2017-07-15,41,19,22
2017-07-15,45,21,24
2017-07-15,33,21,12
2017-07-15,7,3,4
2017-07-15,12,5,7
2017-07-15,8,5,3
2017-07-16,8,6,2
2017-07-16,3,1,2
2017-07-16,1,0,1
2017-07-16,5,2,3
2017-07-16,1,0,1
2017-07-16,5,5,0
2017-07-16,7,7,0
2017-07-16,20,12,8
2017-07-16,26,15,11
2017-07-16,36,20,16
2017-07-16,48,22,26
2017-07-16,59,34,25
2017-07-16,81,25,56
2017-07-16,83,58,25
2017-07-16,66,26,40
2017-07-16,53,27,26
2017-07-16,69,35,34
2017-07-16,43,18,25
2017-07-16,35,13,22
2017-07-16,28,13,15
2017-07-16,25,12,13
2017-07-16,13,8,5
2017-07-16,2,0,2
2017-07-16,3,1,2
2017-07-17,0,0,0
2017-07-17,0,0,0
2017-07-17,2,1,1
2017-07-17,5,3,2
2017-07-17,4,3,1
2017-07-17,32,22,10
2017-07-17,88,74,14
2017-07-17,184,171,13
2017-07-17,144,128,16
2017-07-17,61,51,10
2017-07-17,27,17,10
2017-07-17,32,22,10
2017-07-17,37,19,18
2017-07-17,21,10,11
2017-07-17,21,11,10
2017-07-17,63,27,36
2017-07-17,135,32,103
2017-07-17,186,15,171
2017-07-17,119,11,108
2017-07-17,56,17,39
2017-07-17,39,11,28
2017-07-17,19,11,8
2017-07-17,5,1,4
2017-07-17,8,7,1
2017-07-18,1,0,1
2017-07-18,2,0,2
2017-07-18,2,0,2
2017-07-18,9,4,5
2017-07-18,10,6,4
2017-07-18,28,26,2
2017-07-18,84,73,11
2017-07-18,192,167,25
2017-07-18,183,166,17
2017-07-18,82,69,13
2017-07-18,39,24,15
2017-07-18,26,15,11
2017-07-18,26,15,11
2017-07-18,47,19,28
2017-07-18,27,13,14
2017-07-18,88,19,69
2017-07-18,143,16,127
2017-07-18,242,35,207
2017-07-18,153,32,121
2017-07-18,65,12,53
2017-07-18,43,12,31
2017-07-18,26,10,16
2017-07-18,22,9,13
2017-07-18,6,2,4
2017-07-19,3,0,3
2017-07-19,0,0,0
2017-07-19,2,1,1
2017-07-19,1,0,1
2017-07-19,12,8,4
2017-07-19,30,24,6
2017-07-19,87,76,11
2017-07-19,169,156,13
2017-07-19,156,140,16
2017-07-19,65,61,4
2017-07-19,32,23,9
2017-07-19,24,13,11
2017-07-19,27,17,10
2017-07-19,33,16,17
2017-07-19,33,12,21
2017-07-19,83,21,62
2017-07-19,129,20,109
2017-07-19,208,31,177
2017-07-19,130,26,104
2017-07-19,69,12,57
2017-07-19,43,15,28
2017-07-19,20,11,9
2017-07-19,14,4,10
2017-07-19,9,4,5
2017-07-20,3,2,1
2017-07-20,3,1,2
2017-07-20,0,0,0
2017-07-20,1,1,0
2017-07-20,7,4,3
2017-07-20,33,27,6
2017-07-20,73,61,12
2017-07-20,164,150,14
2017-07-20,153,139,14
2017-07-20,60,51,9
2017-07-20,17,13,4
2017-07-20,22,14,8
2017-07-20,30,21,9
2017-07-20,32,19,13
2017-07-20,47,21,26
2017-07-20,48,12,36
2017-07-20,115,23,92
2017-07-20,192,28,164
2017-07-20,109,17,92
2017-07-20,65,11,54
2017-07-20,27,4,23
2017-07-20,21,5,16
2017-07-20,25,6,19
2017-07-20,12,2,10
2017-07-21,3,3,0
2017-07-21,3,0,3
2017-07-21,3,1,2
2017-07-21,0,0,0
2017-07-21,7,4,3
2017-07-21,28,21,7
2017-07-21,60,47,13
2017-07-21,138,120,18
2017-07-21,108,97,11
2017-07-21,72,54,18
2017-07-21,45,28,17
2017-07-21,36,12,24
2017-07-21,44,28,16
2017-07-21,35,20,15
2017-07-21,56,26,30
2017-07-21,86,29,57
2017-07-21,106,19,87
2017-07-21,151,21,130
2017-07-21,100,19,81
2017-07-21,44,7,37
2017-07-21,37,19,18
2017-07-21,18,3,15
2017-07-21,10,4,6
2017-07-21,16,9,7
2017-07-22,8,4,4
2017-07-22,5,1,4
2017-07-22,4,0,4
2017-07-22,5,1,4
2017-07-22,3,0,3
2017-07-22,8,5,3
2017-07-22,25,15,10
2017-07-22,40,28,12
2017-07-22,37,19,18
2017-07-22,47,25,22
2017-07-22,69,26,43
2017-07-22,37,14,23
2017-07-22,96,53,43
2017-07-22,63,34,29
2017-07-22,66,32,34
2017-07-22,55,29,26
2017-07-22,51,26,25
2017-07-22,37,11,26
2017-07-22,54,29,25
2017-07-22,29,14,15
2017-07-22,22,14,8
2017-07-22,16,6,10
2017-07-22,14,7,7
2017-07-22,8,2,6
2017-07-23,7,2,5
2017-07-23,5,2,3
2017-07-23,2,1,1
2017-07-23,1,0,1
2017-07-23,2,1,1
2017-07-23,3,3,0
2017-07-23,8,6,2
2017-07-23,17,11,6
2017-07-23,45,33,12
2017-07-23,43,27,16
2017-07-23,50,14,36
2017-07-23,93,39,54
2017-07-23,57,27,30
2017-07-23,95,43,52
2017-07-23,70,35,35
2017-07-23,64,27,37
2017-07-23,54,27,27
2017-07-23,58,36,22
2017-07-23,53,25,28
2017-07-23,15,7,8
2017-07-23,21,14,7
2017-07-23,18,7,11
2017-07-23,12,1,11
2017-07-23,5,1,4
2017-07-24,6,4,2
2017-07-24,2,1,1
2017-07-24,0,0,0
2017-07-24,1,0,1
2017-07-24,11,9,2
2017-07-24,31,24,7
2017-07-24,88,72,16
2017-07-24,170,147,23
2017-07-24,153,139,14
2017-07-24,67,57,10
2017-07-24,35,31,4
2017-07-24,29,14,15
2017-07-24,27,13,14
2017-07-24,31,11,20
2017-07-24,33,15,18
2017-07-24,63,20,43
2017-07-24,122,15,107
2017-07-24,228,30,198
2017-07-24,117,22,95
2017-07-24,64,22,42
2017-07-24,32,6,26
2017-07-24,16,4,12
2017-07-24,6,3,3
2017-07-24,8,4,4
2017-07-25,1,0,1
2017-07-25,0,0,0
2017-07-25,3,1,2
2017-07-25,1,1,0
2017-07-25,6,4,2
2017-07-25,35,28,7
2017-07-25,95,81,14
2017-07-25,213,191,22
2017-07-25,154,140,14
2017-07-25,72,62,10
2017-07-25,36,24,12
2017-07-25,37,21,16
2017-07-25,31,21,10
2017-07-25,20,15,5
2017-07-25,30,12,18
2017-07-25,64,24,40
2017-07-25,137,21,116
2017-07-25,226,36,190
2017-07-25,166,36,130
2017-07-25,58,16,42
2017-07-25,41,15,26
2017-07-25,17,8,9
2017-07-25,13,5,8
2017-07-25,11,0,11
2017-07-26,4,1,3
2017-07-26,0,0,0
2017-07-26,0,0,0
2017-07-26,1,0,1
2017-07-26,6,5,1
2017-07-26,26,18,8
2017-07-26,83,68,15
2017-07-26,188,166,22
2017-07-26,164,147,17
2017-07-26,71,60,11
2017-07-26,40,31,9
2017-07-26,23,14,9
2017-07-26,32,14,18
2017-07-26,40,20,20
2017-07-26,42,12,30
2017-07-26,50,17,33
2017-07-26,118,20,98
2017-07-26,221,23,198
2017-07-26,152,25,127
2017-07-26,51,9,42
2017-07-26,36,16,20
2017-07-26,13,4,9
2017-07-26,8,3,5
2017-07-26,8,3,5
2017-07-27,4,2,2
2017-07-27,1,0,1
2017-07-27,1,0,1
2017-07-27,1,0,1
2017-07-27,5,3,2
2017-07-27,37,28,9
2017-07-27,77,66,11
2017-07-27,152,142,10
2017-07-27,148,131,17
2017-07-27,51,46,5
2017-07-27,27,22,5
2017-07-27,15,9,6
2017-07-27,22,16,6
2017-07-27,20,11,9
2017-07-27,40,15,25
2017-07-27,49,15,34
2017-07-27,128,29,99
2017-07-27,186,28,158
2017-07-27,133,28,105
2017-07-27,62,15,47
2017-07-27,37,8,29
2017-07-27,23,6,17
2017-07-27,9,1,8
2017-07-27,8,4,4
2017-07-28,4,1,3
2017-07-28,1,0,1
2017-07-28,2,1,1
2017-07-28,3,0,3
2017-07-28,6,4,2
2017-07-28,23,19,4
2017-07-28,50,41,9
2017-07-28,133,118,15
2017-07-28,121,107,14
2017-07-28,59,51,8
2017-07-28,24,17,7
2017-07-28,30,20,10
2017-07-28,23,16,7
2017-07-28,30,10,20
2017-07-28,50,22,28
2017-07-28,68,20,48
2017-07-28,129,28,101
2017-07-28,137,16,121
2017-07-28,88,16,72
2017-07-28,74,25,49
2017-07-28,36,13,23
2017-07-28,29,20,9
2017-07-28,17,9,8
2017-07-28,22,4,18
2017-07-29,3,2,1
2017-07-29,2,0,2
2017-07-29,7,2,5
2017-07-29,6,2,4
2017-07-29,6,3,3
2017-07-29,11,9,2
2017-07-29,15,12,3
2017-07-29,15,9,6
2017-07-29,41,29,12
2017-07-29,51,22,29
2017-07-29,88,31,57
2017-07-29,53,24,29
2017-07-29,91,54,37
2017-07-29,82,38,44
2017-07-29,73,38,35
2017-07-29,92,33,59
2017-07-29,82,33,49
2017-07-29,54,29,25
2017-07-29,42,22,20
2017-07-29,26,20,6
2017-07-29,23,8,15
2017-07-29,17,3,14
2017-07-29,9,4,5
2017-07-29,9,3,6
2017-07-30,4,3,1
2017-07-30,2,1,1
2017-07-30,0,0,0
2017-07-30,1,1,0
2017-07-30,1,0,1
2017-07-30,7,5,2
2017-07-30,5,4,1
2017-07-30,14,10,4
2017-07-30,26,17,9
2017-07-30,35,12,23
2017-07-30,61,18,43
2017-07-30,75,34,41
2017-07-30,67,26,41
2017-07-30,79,38,41
2017-07-30,108,61,47
2017-07-30,71,32,39
2017-07-30,73,40,33
2017-07-30,41,15,26
2017-07-30,31,12,19
2017-07-30,29,12,17
2017-07-30,26,16,10
2017-07-30,12,7,5
2017-07-30,18,10,8
2017-07-30,1,1,0
2017-07-31,3,3,0
2017-07-31,1,0,1
2017-07-31,1,1,0
2017-07-31,1,0,1
2017-07-31,6,4,2
2017-07-31,19,13,6
2017-07-31,83,69,14
2017-07-31,181,167,14
2017-07-31,185,165,20
2017-07-31,55,50,5
2017-07-31,33,26,7
2017-07-31,40,29,11
2017-07-31,32,15,17
2017-07-31,27,18,9
2017-07-31,30,11,19
2017-07-31,77,25,52
2017-07-31,126,27,99
2017-07-31,223,25,198
2017-07-31,164,26,138
2017-07-31,65,11,54
2017-07-31,29,11,18
2017-07-31,14,4,10
2017-07-31,8,2,6
2017-07-31,3,3,0
2017-08-01,5,0,5
2017-08-01,3,1,2
2017-08-01,2,1,1
2017-08-01,2,0,2
2017-08-01,11,9,2
2017-08-01,28,23,5
2017-08-01,105,92,13
2017-08-01,219,200,19
2017-08-01,164,146,18
2017-08-01,74,61,13
2017-08-01,34,26,8
2017-08-01,24,9,15
2017-08-01,33,17,16
2017-08-01,25,14,11
2017-08-01,31,16,15
2017-08-01,62,16,46
2017-08-01,153,23,130
2017-08-01,222,26,196
2017-08-01,133,20,113
2017-08-01,57,9,48
2017-08-01,36,11,25
2017-08-01,17,6,11
2017-08-01,13,5,8
2017-08-01,4,3,1
2017-08-02,2,0,2
2017-08-02,6,2,4
2017-08-02,3,1,2
2017-08-02,0,0,0
2017-08-02,7,5,2
2017-08-02,31,26,5
2017-08-02,94,80,14
2017-08-02,176,159,17
2017-08-02,157,145,12
2017-08-02,66,58,8
2017-08-02,34,27,7
2017-08-02,25,13,12
2017-08-02,26,13,13
2017-08-02,32,17,15
2017-08-02,29,8,21
2017-08-02,62,16,46
2017-08-02,119,18,101
2017-08-02,195,21,174
2017-08-02,125,11,114
2017-08-02,56,14,42
2017-08-02,47,18,29
2017-08-02,21,8,13
2017-08-02,19,11,8
2017-08-02,4,2,2
2017-08-03,3,1,2
2017-08-03,0,0,0
2017-08-03,4,0,4
2017-08-03,0,0,0
2017-08-03,7,6,1
2017-08-03,31,28,3
2017-08-03,75,62,13
2017-08-03,164,153,11
2017-08-03,125,112,13
2017-08-03,53,48,5
2017-08-03,30,24,6
2017-08-03,20,10,10
2017-08-03,25,11,14
2017-08-03,19,11,8
2017-08-03,25,8,17
2017-08-03,58,17,41
2017-08-03,91,18,73
2017-08-03,175,17,158
2017-08-03,112,15,97
2017-08-03,51,13,38
2017-08-03,32,10,22
2017-08-03,14,7,7
2017-08-03,14,3,11
2017-08-03,9,6,3
2017-08-04,7,2,5
2017-08-04,4,1,3
2017-08-04,4,0,4
2017-08-04,5,2,3
2017-08-04,9,5,4
2017-08-04,17,13,4
2017-08-04,58,44,14
2017-08-04,135,114,21
2017-08-04,97,83,14
2017-08-04,46,37,9
2017-08-04,24,17,7
2017-08-04,21,16,5
2017-08-04,28,17,11
2017-08-04,36,9,27
2017-08-04,34,13,21
2017-08-04,55,20,35
2017-08-04,91,16,75
2017-08-04,107,15,92
2017-08-04,74,15,59
2017-08-04,32,7,25
2017-08-04,25,11,14
2017-08-04,10,3,7
2017-08-04,7,3,4
2017-08-04,5,3,2
2017-08-05,3,1,2
2017-08-05,2,1,1
2017-08-05,3,0,3
2017-08-05,2,0,2
2017-08-05,2,1,1
2017-08-05,6,5,1
2017-08-05,10,6,4
2017-08-05,17,11,6
2017-08-05,39,19,20
2017-08-05,43,23,20
2017-08-05,44,27,17
2017-08-05,49,24,25
2017-08-05,75,49,26
2017-08-05,59,35,24
2017-08-05,60,34,26
2017-08-05,66,36,30
2017-08-05,79,57,22
2017-08-05,35,21,14
2017-08-05,45,15,30
2017-08-05,27,14,13
2017-08-05,16,5,11
2017-08-05,15,6,9
2017-08-05,10,1,9
2017-08-05,19,4,15
2017-08-06,14,2,12
2017-08-06,22,3,19
2017-08-06,2,0,2
2017-08-06,3,1,2
2017-08-06,2,1,1
2017-08-06,8,7,1
2017-08-06,13,5,8
2017-08-06,14,10,4
2017-08-06,43,21,22
2017-08-06,39,17,22
2017-08-06,67,35,32
2017-08-06,64,30,34
2017-08-06,70,44,26
2017-08-06,75,38,37
2017-08-06,78,47,31
2017-08-06,55,26,29
2017-08-06,38,16,22
2017-08-06,33,14,19
2017-08-06,29,12,17
2017-08-06,18,6,12
2017-08-06,18,6,12
2017-08-06,9,4,5
2017-08-06,5,2,3
2017-08-06,3,1,2
2017-08-07,5,4,1
2017-08-07,5,0,5
2017-08-07,2,2,0
2017-08-07,2,1,1
2017-08-07,8,7,1
2017-08-07,32,29,3
2017-08-07,84,73,11
2017-08-07,182,166,16
2017-08-07,181,165,16
2017-08-07,66,56,10
2017-08-07,24,20,4
2017-08-07,23,15,8
2017-08-07,31,18,13
2017-08-07,25,12,13
2017-08-07,29,10,19
2017-08-07,64,17,47
2017-08-07,139,24,115
2017-08-07,219,21,198
2017-08-07,120,19,101
2017-08-07,63,17,46
2017-08-07,25,8,17
2017-08-07,10,1,9
2017-08-07,8,5,3
2017-08-07,3,0,3
2017-08-08,2,2,0
2017-08-08,2,1,1
2017-08-08,4,1,3
2017-08-08,2,1,1
2017-08-08,9,6,3
2017-08-08,34,26,8
2017-08-08,91,80,11
2017-08-08,190,160,30
2017-08-08,169,151,18
2017-08-08,64,56,8
2017-08-08,58,38,20
2017-08-08,21,13,8
2017-08-08,36,20,16
2017-08-08,39,23,16
2017-08-08,35,17,18
2017-08-08,64,16,48
2017-08-08,138,31,107
2017-08-08,219,23,196
2017-08-08,125,22,103
2017-08-08,70,19,51
2017-08-08,33,11,22
2017-08-08,20,10,10
2017-08-08,11,5,6
2017-08-08,9,3,6
2017-08-09,4,0,4
2017-08-09,2,1,1
2017-08-09,11,5,6
2017-08-09,6,4,2
2017-08-09,3,2,1
2017-08-09,27,23,4
2017-08-09,90,73,17
2017-08-09,201,185,16
2017-08-09,147,131,16
2017-08-09,66,61,5
2017-08-09,39,28,11
2017-08-09,23,10,13
2017-08-09,34,19,15
2017-08-09,28,16,12
2017-08-09,36,16,20
2017-08-09,52,13,39
2017-08-09,121,27,94
2017-08-09,195,24,171
2017-08-09,151,26,125
2017-08-09,67,11,56
2017-08-09,36,11,25
2017-08-09,25,13,12
2017-08-09,14,4,10
2017-08-09,10,0,10
2017-08-10,6,2,4
2017-08-10,2,1,1
2017-08-10,3,1,2
2017-08-10,4,1,3
2017-08-10,8,3,5
2017-08-10,36,28,8
2017-08-10,70,57,13
2017-08-10,189,173,16
2017-08-10,131,117,14
2017-08-10,62,50,12
2017-08-10,28,23,5
2017-08-10,20,15,5
2017-08-10,28,18,10
2017-08-10,30,14,16
2017-08-10,34,15,19
2017-08-10,74,22,52
2017-08-10,115,21,94
2017-08-10,202,23,179
2017-08-10,119,21,98
2017-08-10,56,9,47
2017-08-10,30,11,19
2017-08-10,21,9,12
2017-08-10,15,2,13
2017-08-10,6,2,4
2017-08-11,6,1,5
2017-08-11,4,2,2
2017-08-11,2,0,2
2017-08-11,4,4,0
2017-08-11,6,2,4
2017-08-11,22,19,3
2017-08-11,61,48,13
2017-08-11,145,129,16
2017-08-11,131,112,19
2017-08-11,51,40,11
2017-08-11,36,21,15
2017-08-11,38,24,14
2017-08-11,30,13,17
2017-08-11,46,20,26
2017-08-11,50,22,28
2017-08-11,68,23,45
2017-08-11,115,22,93
2017-08-11,171,27,144
2017-08-11,84,14,70
2017-08-11,51,11,40
2017-08-11,28,9,19
2017-08-11,23,10,13
2017-08-11,18,9,9
2017-08-11,10,4,6
2017-08-12,10,6,4
2017-08-12,5,1,4
2017-08-12,4,2,2
2017-08-12,5,2,3
2017-08-12,4,2,2
2017-08-12,4,3,1
2017-08-12,9,7,2
2017-08-12,21,15,6
2017-08-12,39,20,19
2017-08-12,28,16,12
2017-08-12,59,29,30
2017-08-12,55,38,17
2017-08-12,59,33,26
2017-08-12,59,27,32
2017-08-12,56,29,27
2017-08-12,63,22,41
2017-08-12,52,26,26
2017-08-12,70,24,46
2017-08-12,42,19,23
2017-08-12,18,6,12
2017-08-12,19,12,7
2017-08-12,11,6,5
2017-08-12,6,4,2
2017-08-12,4,0,4
2017-08-13,1,1,0
2017-08-13,6,4,2
2017-08-13,0,0,0
2017-08-13,2,1,1
2017-08-13,1,0,1
2017-08-13,6,6,0
2017-08-13,5,3,2
2017-08-13,10,7,3
2017-08-13,19,13,6
2017-08-13,31,18,13
2017-08-13,63,29,34
2017-08-13,82,66,16
2017-08-13,101,77,24
2017-08-13,53,27,26
2017-08-13,44,27,17
2017-08-13,46,23,23
2017-08-13,44,16,28
2017-08-13,30,14,16
2017-08-13,27,14,13
2017-08-13,11,3,8
2017-08-13,14,5,9
2017-08-13,10,6,4
2017-08-13,9,4,5
2017-08-13,6,3,3
2017-08-14,4,3,1
2017-08-14,2,2,0
2017-08-14,1,1,0
2017-08-14,3,2,1
2017-08-14,7,4,3
2017-08-14,27,23,4
2017-08-14,78,66,12
2017-08-14,158,137,21
2017-08-14,149,129,20
2017-08-14,71,66,5
2017-08-14,33,21,12
2017-08-14,27,15,12
2017-08-14,19,9,10
2017-08-14,33,16,17
2017-08-14,36,12,24
2017-08-14,60,15,45
2017-08-14,134,27,107
2017-08-14,194,22,172
2017-08-14,126,21,105
2017-08-14,47,9,38
2017-08-14,22,4,18
2017-08-14,21,8,13
2017-08-14,7,3,4
2017-08-14,6,1,5
2017-08-15,2,1,1
2017-08-15,1,0,1
2017-08-15,0,0,0
2017-08-15,5,1,4
2017-08-15,6,5,1
2017-08-15,35,32,3
2017-08-15,83,74,9
2017-08-15,193,170,23
2017-08-15,154,145,9
2017-08-15,68,56,12
2017-08-15,29,21,8
2017-08-15,35,20,15
2017-08-15,34,16,18
2017-08-15,24,16,8
2017-08-15,35,15,20
2017-08-15,70,23,47
2017-08-15,124,26,98
2017-08-15,201,23,178
2017-08-15,159,21,138
2017-08-15,69,17,52
2017-08-15,32,12,20
2017-08-15,18,4,14
2017-08-15,18,6,12
2017-08-15,5,2,3
2017-08-16,3,0,3
2017-08-16,1,0,1
2017-08-16,1,0,1
2017-08-16,4,1,3
2017-08-16,6,4,2
2017-08-16,29,27,2
2017-08-16,83,76,7
2017-08-16,92,75,17
2017-08-16,224,203,21
2017-08-16,67,56,11
2017-08-16,36,30,6
2017-08-16,35,28,7
2017-08-16,26,11,15
2017-08-16,40,20,20
2017-08-16,41,18,23
2017-08-16,64,15,49
2017-08-16,138,31,107
2017-08-16,212,30,182
2017-08-16,135,23,112
2017-08-16,77,20,57
2017-08-16,45,11,34
2017-08-16,35,13,22
2017-08-16,4,3,1
2017-08-16,9,4,5
2017-08-17,2,2,0
2017-08-17,4,1,3
2017-08-17,4,2,2
2017-08-17,3,1,2
2017-08-17,4,3,1
2017-08-17,33,28,5
2017-08-17,89,79,10
2017-08-17,161,144,17
2017-08-17,138,124,14
2017-08-17,56,50,6
2017-08-17,24,18,6
2017-08-17,20,15,5
2017-08-17,27,12,15
2017-08-17,40,23,17
2017-08-17,40,13,27
2017-08-17,59,18,41
2017-08-17,121,21,100
2017-08-17,193,22,171
2017-08-17,129,15,114
2017-08-17,58,18,40
2017-08-17,32,11,21
2017-08-17,15,6,9
2017-08-17,9,4,5
2017-08-17,11,8,3
2017-08-18,6,2,4
2017-08-18,5,3,2
2017-08-18,3,0,3
2017-08-18,0,0,0
2017-08-18,3,2,1
2017-08-18,23,19,4
2017-08-18,55,50,5
2017-08-18,116,102,14
2017-08-18,135,125,10
2017-08-18,42,38,4
2017-08-18,26,16,10
2017-08-18,20,15,5
2017-08-18,29,15,14
2017-08-18,40,22,18
2017-08-18,49,17,32
2017-08-18,68,23,45
2017-08-18,106,16,90
2017-08-18,136,17,119
2017-08-18,79,11,68
2017-08-18,44,16,28
2017-08-18,15,5,10
2017-08-18,15,3,12
2017-08-18,13,4,9
2017-08-18,9,2,7
2017-08-19,6,1,5
2017-08-19,3,2,1
2017-08-19,1,0,1
2017-08-19,3,1,2
2017-08-19,1,0,1
2017-08-19,3,3,0
2017-08-19,10,6,4
2017-08-19,22,16,6
2017-08-19,42,25,17
2017-08-19,37,16,21
2017-08-19,44,24,20
2017-08-19,63,28,35
2017-08-19,50,21,29
2017-08-19,62,38,24
2017-08-19,53,28,25
2017-08-19,38,14,24
2017-08-19,49,26,23
2017-08-19,60,23,37
2017-08-19,36,11,25
2017-08-19,27,8,19
2017-08-19,16,7,9
2017-08-19,17,11,6
2017-08-19,18,14,4
2017-08-19,4,0,4
2017-08-20,6,2,4
2017-08-20,8,4,4
2017-08-20,3,0,3
2017-08-20,2,1,1
2017-08-20,4,1,3
2017-08-20,6,5,1
2017-08-20,7,5,2
2017-08-20,10,7,3
2017-08-20,30,19,11
2017-08-20,35,18,17
2017-08-20,35,19,16
2017-08-20,37,14,23
2017-08-20,57,22,35
2017-08-20,75,38,37
2017-08-20,48,22,26
2017-08-20,41,18,23
2017-08-20,62,33,29
2017-08-20,38,20,18
2017-08-20,35,22,13
2017-08-20,19,7,12
2017-08-20,16,1,15
2017-08-20,21,4,17
2017-08-20,5,1,4
2017-08-20,5,3,2
2017-08-21,6,4,2
2017-08-21,1,1,0
2017-08-21,1,0,1
2017-08-21,4,1,3
2017-08-21,5,3,2
2017-08-21,34,31,3
2017-08-21,66,56,10
2017-08-21,137,125,12
2017-08-21,111,95,16
2017-08-21,45,40,5
2017-08-21,32,23,9
2017-08-21,27,19,8
2017-08-21,24,13,11
2017-08-21,30,18,12
2017-08-21,40,18,22
2017-08-21,57,15,42
2017-08-21,95,13,82
2017-08-21,160,15,145
2017-08-21,102,12,90
2017-08-21,34,6,28
2017-08-21,19,6,13
2017-08-21,10,0,10
2017-08-21,5,2,3
2017-08-21,4,3,1
2017-08-22,1,0,1
2017-08-22,4,0,4
2017-08-22,1,1,0
2017-08-22,2,1,1
2017-08-22,6,5,1
2017-08-22,33,27,6
2017-08-22,57,47,10
2017-08-22,177,160,17
2017-08-22,141,125,16
2017-08-22,71,64,7
2017-08-22,35,29,6
2017-08-22,24,12,12
2017-08-22,26,15,11
2017-08-22,42,21,21
2017-08-22,24,11,13
2017-08-22,64,18,46
2017-08-22,122,11,111
2017-08-22,208,22,186
2017-08-22,112,13,99
2017-08-22,50,12,38
2017-08-22,37,15,22
2017-08-22,8,1,7
2017-08-22,8,5,3
2017-08-22,6,0,6
2017-08-23,3,1,2
2017-08-23,1,1,0
2017-08-23,4,1,3
2017-08-23,2,1,1
2017-08-23,10,8,2
2017-08-23,30,28,2
2017-08-23,91,77,14
2017-08-23,167,147,20
2017-08-23,152,139,13
2017-08-23,68,57,11
2017-08-23,31,25,6
2017-08-23,20,14,6
2017-08-23,26,14,12
2017-08-23,41,21,20
2017-08-23,34,13,21
2017-08-23,72,18,54
2017-08-23,122,23,99
2017-08-23,184,19,165
2017-08-23,134,25,109
2017-08-23,59,17,42
2017-08-23,30,13,17
2017-08-23,14,2,12
2017-08-23,5,2,3
2017-08-23,5,0,5
2017-08-24,6,4,2
2017-08-24,4,2,2
2017-08-24,0,0,0
2017-08-24,3,2,1
2017-08-24,5,2,3
2017-08-24,27,24,3
2017-08-24,61,50,11
2017-08-24,158,145,13
2017-08-24,168,148,20
2017-08-24,53,47,6
2017-08-24,32,27,5
2017-08-24,27,15,12
2017-08-24,36,21,15
2017-08-24,32,15,17
2017-08-24,32,18,14
2017-08-24,62,13,49
2017-08-24,117,21,96
2017-08-24,172,25,147
2017-08-24,100,16,84
2017-08-24,59,11,48
2017-08-24,19,1,18
2017-08-24,23,2,21
2017-08-24,8,3,5
2017-08-24,7,1,6
2017-08-25,8,2,6
2017-08-25,4,1,3
2017-08-25,2,1,1
2017-08-25,4,3,1
2017-08-25,5,4,1
2017-08-25,15,13,2
2017-08-25,58,53,5
2017-08-25,132,125,7
2017-08-25,131,119,12
2017-08-25,52,47,5
2017-08-25,29,20,9
2017-08-25,29,16,13
2017-08-25,31,14,17
2017-08-25,31,14,17
2017-08-25,51,18,33
2017-08-25,81,25,56
2017-08-25,129,20,109
2017-08-25,146,28,118
2017-08-25,76,8,68
2017-08-25,47,14,33
2017-08-25,26,6,20
2017-08-25,15,6,9
2017-08-25,12,2,10
2017-08-25,12,5,7
2017-08-26,2,1,1
2017-08-26,2,1,1
2017-08-26,5,1,4
2017-08-26,4,2,2
2017-08-26,1,1,0
2017-08-26,5,5,0
2017-08-26,14,10,4
2017-08-26,18,11,7
2017-08-26,28,21,7
2017-08-26,44,22,22
2017-08-26,61,40,21
2017-08-26,82,43,39
2017-08-26,78,45,33
2017-08-26,72,33,39
2017-08-26,63,31,32
2017-08-26,62,31,31
2017-08-26,64,30,34
2017-08-26,35,16,19
2017-08-26,51,21,30
2017-08-26,28,9,19
2017-08-26,26,13,13
2017-08-26,3,1,2
2017-08-26,12,4,8
2017-08-26,5,0,5
2017-08-27,5,2,3
2017-08-27,4,1,3
2017-08-27,1,0,1
2017-08-27,2,1,1
2017-08-27,1,0,1
2017-08-27,4,3,1
2017-08-27,4,4,0
2017-08-27,8,5,3
2017-08-27,33,19,14
2017-08-27,45,23,22
2017-08-27,68,36,32
2017-08-27,73,26,47
2017-08-27,79,37,42
2017-08-27,68,38,30
2017-08-27,69,35,34
2017-08-27,68,34,34
2017-08-27,54,23,31
2017-08-27,55,31,24
2017-08-27,37,22,15
2017-08-27,23,10,13
2017-08-27,10,2,8
2017-08-27,20,3,17
2017-08-27,4,2,2
2017-08-27,6,2,4
2017-08-28,2,1,1
2017-08-28,4,2,2
2017-08-28,2,1,1
2017-08-28,1,1,0
2017-08-28,10,7,3
2017-08-28,25,23,2
2017-08-28,75,62,13
2017-08-28,181,167,14
2017-08-28,154,126,28
2017-08-28,52,48,4
2017-08-28,25,18,7
2017-08-28,16,8,8
2017-08-28,22,10,12
2017-08-28,21,9,12
2017-08-28,32,9,23
2017-08-28,57,21,36
2017-08-28,105,13,92
2017-08-28,190,20,170
2017-08-28,115,14,101
2017-08-28,65,12,53
2017-08-28,26,9,17
2017-08-28,11,7,4
2017-08-28,6,4,2
2017-08-28,3,1,2
2017-08-29,1,1,0
2017-08-29,5,2,3
2017-08-29,2,1,1
2017-08-29,0,0,0
2017-08-29,5,2,3
2017-08-29,34,29,5
2017-08-29,82,68,14
2017-08-29,178,163,15
2017-08-29,158,146,12
2017-08-29,50,40,10
2017-08-29,36,27,9
2017-08-29,23,13,10
2017-08-29,26,11,15
2017-08-29,35,21,14
2017-08-29,35,14,21
2017-08-29,64,25,39
2017-08-29,135,23,112
2017-08-29,202,36,166
2017-08-29,137,20,117
2017-08-29,57,4,53
2017-08-29,22,5,17
2017-08-29,17,4,13
2017-08-29,9,1,8
2017-08-29,3,1,2
2017-08-30,7,3,4
2017-08-30,3,2,1
2017-08-30,2,0,2
2017-08-30,1,0,1
2017-08-30,4,3,1
2017-08-30,28,25,3
2017-08-30,80,65,15
2017-08-30,188,163,25
2017-08-30,165,145,20
2017-08-30,59,47,12
2017-08-30,22,18,4
2017-08-30,24,17,7
2017-08-30,22,11,11
2017-08-30,23,14,9
2017-08-30,38,14,24
2017-08-30,72,24,48
2017-08-30,121,24,97
2017-08-30,209,22,187
2017-08-30,141,24,117
2017-08-30,69,21,48
2017-08-30,38,19,19
2017-08-30,17,3,14
2017-08-30,8,1,7
2017-08-30,5,1,4
2017-08-31,1,1,0
2017-08-31,3,2,1
2017-08-31,1,1,0
2017-08-31,4,2,2
2017-08-31,4,2,2
2017-08-31,23,19,4
2017-08-31,63,52,11
2017-08-31,140,120,20
2017-08-31,153,142,11
2017-08-31,43,41,2
2017-08-31,28,23,5
2017-08-31,13,10,3
2017-08-31,12,7,5
2017-08-31,17,8,9
2017-08-31,28,12,16
2017-08-31,45,19,26
2017-08-31,102,16,86
2017-08-31,177,26,151
2017-08-31,133,22,111
2017-08-31,66,17,49
2017-08-31,23,7,16
2017-08-31,21,11,10
2017-08-31,11,3,8
2017-08-31,7,2,5
2017-09-01,8,4,4
2017-09-01,2,0,2
2017-09-01,1,0,1
2017-09-01,4,3,1
2017-09-01,4,3,1
2017-09-01,18,18,0
2017-09-01,50,42,8
2017-09-01,119,105,14
2017-09-01,101,90,11
2017-09-01,62,48,14
2017-09-01,47,31,16
2017-09-01,38,22,16
2017-09-01,37,24,13
2017-09-01,44,18,26
2017-09-01,53,12,41
2017-09-01,84,23,61
2017-09-01,107,22,85
2017-09-01,108,12,96
2017-09-01,72,12,60
2017-09-01,35,10,25
2017-09-01,25,12,13
2017-09-01,12,9,3
2017-09-01,11,1,10
2017-09-01,8,2,6
2017-09-02,5,4,1
2017-09-02,9,5,4
2017-09-02,2,1,1
2017-09-02,5,2,3
2017-09-02,1,0,1
2017-09-02,4,3,1
2017-09-02,7,5,2
2017-09-02,20,13,7
2017-09-02,43,17,26
2017-09-02,35,19,16
2017-09-02,41,22,19
2017-09-02,62,23,39
2017-09-02,49,30,19
2017-09-02,69,34,35
2017-09-02,78,40,38
2017-09-02,47,19,28
2017-09-02,44,15,29
2017-09-02,54,23,31
2017-09-02,42,12,30
2017-09-02,17,6,11
2017-09-02,14,7,7
2017-09-02,7,4,3
2017-09-02,8,2,6
2017-09-02,7,0,7
2017-09-03,9,2,7
2017-09-03,4,3,1
2017-09-03,4,1,3
2017-09-03,6,1,5
2017-09-03,0,0,0
2017-09-03,5,4,1
2017-09-03,7,5,2
2017-09-03,15,10,5
2017-09-03,45,27,18
2017-09-03,61,25,36
2017-09-03,61,28,33
2017-09-03,51,27,24
2017-09-03,62,32,30
2017-09-03,37,24,13
2017-09-03,45,20,25
2017-09-03,36,17,19
2017-09-03,47,22,25
2017-09-03,29,7,22
2017-09-03,33,12,21
2017-09-03,23,9,14
2017-09-03,28,19,9
2017-09-03,5,4,1
2017-09-03,8,7,1
2017-09-03,4,1,3
2017-09-04,5,2,3
2017-09-04,0,0,0
2017-09-04,3,2,1
2017-09-04,3,1,2
2017-09-04,1,1,0
2017-09-04,6,6,0
2017-09-04,13,8,5
2017-09-04,23,16,7
2017-09-04,50,27,23
2017-09-04,74,20,54
2017-09-04,69,36,33
2017-09-04,83,35,48
2017-09-04,77,41,36
2017-09-04,45,23,22
2017-09-04,62,30,32
2017-09-04,49,35,14
2017-09-04,63,40,23
2017-09-04,43,16,27
2017-09-04,24,9,15
2017-09-04,26,11,15
2017-09-04,9,4,5
2017-09-04,7,2,5
2017-09-04,11,2,9
2017-09-04,2,1,1
2017-09-05,3,1,2
2017-09-05,3,1,2
2017-09-05,4,3,1
2017-09-05,4,2,2
2017-09-05,5,2,3
2017-09-05,30,26,4
2017-09-05,70,57,13
2017-09-05,175,160,15
2017-09-05,133,117,16
2017-09-05,32,29,3
2017-09-05,34,23,11
2017-09-05,13,9,4
2017-09-05,20,12,8
2017-09-05,10,6,4
2017-09-05,24,10,14
2017-09-05,45,10,35
2017-09-05,100,17,83
2017-09-05,153,17,136
2017-09-05,86,8,78
2017-09-05,40,5,35
2017-09-05,18,7,11
2017-09-05,8,2,6
2017-09-05,10,2,8
2017-09-05,4,1,3
2017-09-06,1,0,1
2017-09-06,4,2,2
2017-09-06,3,2,1
2017-09-06,4,1,3
2017-09-06,7,5,2
2017-09-06,27,25,2
2017-09-06,62,45,17
2017-09-06,124,106,18
2017-09-06,114,106,8
2017-09-06,49,44,5
2017-09-06,22,15,7
2017-09-06,17,16,1
2017-09-06,23,13,10
2017-09-06,24,12,12
2017-09-06,20,8,12
2017-09-06,39,10,29
2017-09-06,78,11,67
2017-09-06,140,19,121
2017-09-06,86,13,73
2017-09-06,41,5,36
2017-09-06,17,4,13
2017-09-06,8,2,6
2017-09-06,7,2,5
2017-09-06,4,2,2
2017-09-07,1,1,0
2017-09-07,1,0,1
2017-09-07,2,0,2
2017-09-07,1,1,0
2017-09-07,5,4,1
2017-09-07,17,15,2
2017-09-07,77,63,14
2017-09-07,120,105,15
2017-09-07,133,117,16
2017-09-07,57,49,8
2017-09-07,21,17,4
2017-09-07,16,11,5
2017-09-07,14,7,7
2017-09-07,34,16,18
2017-09-07,26,9,17
2017-09-07,53,20,33
2017-09-07,100,17,83
2017-09-07,153,30,123
2017-09-07,106,20,86
2017-09-07,80,10,70
2017-09-07,23,6,17
2017-09-07,25,13,12
2017-09-07,14,7,7
2017-09-07,20,15,5
2017-09-08,6,2,4
2017-09-08,4,0,4
2017-09-08,6,3,3
2017-09-08,5,2,3
2017-09-08,6,3,3
2017-09-08,23,19,4
2017-09-08,58,45,13
2017-09-08,141,123,18
2017-09-08,110,101,9
2017-09-08,57,43,14
2017-09-08,19,14,5
2017-09-08,27,11,16
2017-09-08,25,12,13
2017-09-08,16,10,6
2017-09-08,33,14,19
2017-09-08,58,21,37
2017-09-08,88,14,74
2017-09-08,148,18,130
2017-09-08,76,12,64
2017-09-08,17,3,14
2017-09-08,23,2,21
2017-09-08,10,4,6
2017-09-08,8,3,5
2017-09-08,5,2,3
2017-09-09,6,2,4
2017-09-09,3,2,1
2017-09-09,5,1,4
2017-09-09,4,2,2
2017-09-09,0,0,0
2017-09-09,7,4,3
2017-09-09,14,9,5
2017-09-09,9,6,3
2017-09-09,27,16,11
2017-09-09,27,11,16
2017-09-09,28,13,15
2017-09-09,36,20,16
2017-09-09,47,26,21
2017-09-09,33,21,12
2017-09-09,35,13,22
2017-09-09,40,14,26
2017-09-09,42,19,23
2017-09-09,24,11,13
2017-09-09,15,9,6
2017-09-09,14,5,9
2017-09-09,22,10,12
2017-09-09,8,4,4
2017-09-09,8,1,7
2017-09-09,4,3,1
2017-09-10,7,3,4
2017-09-10,3,0,3
2017-09-10,6,2,4
2017-09-10,2,1,1
2017-09-10,1,1,0
2017-09-10,5,4,1
2017-09-10,6,2,4
2017-09-10,10,8,2
2017-09-10,14,9,5
2017-09-10,28,15,13
2017-09-10,45,19,26
2017-09-10,49,21,28
2017-09-10,60,37,23
2017-09-10,55,30,25
2017-09-10,56,25,31
2017-09-10,39,20,19
2017-09-10,51,26,25
2017-09-10,36,27,9
2017-09-10,34,13,21
2017-09-10,22,12,10
2017-09-10,14,3,11
2017-09-10,14,2,12
2017-09-10,6,1,5
2017-09-10,2,1,1
2017-09-11,5,2,3
2017-09-11,2,0,2
2017-09-11,3,3,0
2017-09-11,3,2,1
2017-09-11,8,6,2
2017-09-11,37,31,6
2017-09-11,68,58,10
2017-09-11,170,156,14
2017-09-11,121,112,9
2017-09-11,79,70,9
2017-09-11,23,16,7
2017-09-11,34,18,16
2017-09-11,23,11,12
2017-09-11,23,9,14
2017-09-11,34,18,16
2017-09-11,56,14,42
2017-09-11,134,22,112
2017-09-11,197,25,172
2017-09-11,126,19,107
2017-09-11,47,11,36
2017-09-11,25,6,19
2017-09-11,7,1,6
2017-09-11,2,1,1
2017-09-11,6,3,3
2017-09-12,1,0,1
2017-09-12,1,1,0
2017-09-12,0,0,0
2017-09-12,3,1,2
2017-09-12,8,7,1
2017-09-12,34,31,3
2017-09-12,80,67,13
2017-09-12,179,160,19
2017-09-12,157,141,16
2017-09-12,61,57,4
2017-09-12,32,28,4
2017-09-12,20,12,8
2017-09-12,26,13,13
2017-09-12,40,18,22
2017-09-12,35,13,22
2017-09-12,66,21,45
2017-09-12,138,21,117
2017-09-12,203,27,176
2017-09-12,124,12,112
2017-09-12,54,13,41
2017-09-12,27,4,23
2017-09-12,14,4,10
2017-09-12,12,2,10
2017-09-12,4,2,2
2017-09-13,1,1,0
2017-09-13,3,1,2
2017-09-13,2,1,1
2017-09-13,3,1,2
2017-09-13,7,6,1
2017-09-13,31,28,3
2017-09-13,67,55,12
2017-09-13,175,153,22
2017-09-13,143,122,21
2017-09-13,68,64,4
2017-09-13,23,14,9
2017-09-13,28,19,9
2017-09-13,32,23,9
2017-09-13,42,19,23
2017-09-13,38,14,24
2017-09-13,58,17,41
2017-09-13,126,34,92
2017-09-13,188,32,156
2017-09-13,111,20,91
2017-09-13,51,10,41
2017-09-13,32,7,25
2017-09-13,12,3,9
2017-09-13,10,3,7
2017-09-13,3,1,2
2017-09-14,1,1,0
2017-09-14,0,0,0
2017-09-14,2,0,2
2017-09-14,2,1,1
2017-09-14,4,2,2
2017-09-14,27,25,2
2017-09-14,69,55,14
2017-09-14,154,139,15
2017-09-14,140,128,12
2017-09-14,52,46,6
2017-09-14,37,26,11
2017-09-14,18,14,4
2017-09-14,21,13,8
2017-09-14,28,17,11
2017-09-14,40,16,24
2017-09-14,54,22,32
2017-09-14,133,20,113
2017-09-14,168,27,141
2017-09-14,114,17,97
2017-09-14,52,7,45
2017-09-14,20,5,15
2017-09-14,17,5,12
2017-09-14,8,4,4
2017-09-14,8,1,7
2017-09-15,5,0,5
2017-09-15,2,1,1
2017-09-15,1,0,1
2017-09-15,3,1,2
2017-09-15,6,4,2
2017-09-15,20,19,1
2017-09-15,69,57,12
2017-09-15,115,101,14
2017-09-15,129,109,20
2017-09-15,65,58,7
2017-09-15,27,19,8
2017-09-15,28,14,14
2017-09-15,37,14,23
2017-09-15,39,16,23
2017-09-15,59,26,33
2017-09-15,64,24,40
2017-09-15,111,18,93
2017-09-15,160,23,137
2017-09-15,97,19,78
2017-09-15,39,12,27
2017-09-15,15,3,12
2017-09-15,9,4,5
2017-09-15,5,3,2
2017-09-15,7,3,4
2017-09-16,3,0,3
2017-09-16,3,0,3
2017-09-16,1,0,1
2017-09-16,1,0,1
2017-09-16,3,0,3
2017-09-16,7,6,1
2017-09-16,10,4,6
2017-09-16,16,12,4
2017-09-16,43,24,19
2017-09-16,50,19,31
2017-09-16,48,27,21
2017-09-16,47,23,24
2017-09-16,45,16,29
2017-09-16,40,25,15
2017-09-16,53,28,25
2017-09-16,48,29,19
2017-09-16,58,24,34
2017-09-16,42,18,24
2017-09-16,31,18,13
2017-09-16,14,7,7
2017-09-16,8,2,6
2017-09-16,3,1,2
2017-09-16,6,5,1
2017-09-16,5,4,1
2017-09-17,3,1,2
2017-09-17,4,1,3
2017-09-17,1,0,1
2017-09-17,1,0,1
2017-09-17,4,1,3
2017-09-17,3,3,0
2017-09-17,8,5,3
2017-09-17,11,7,4
2017-09-17,32,17,15
2017-09-17,26,10,16
2017-09-17,39,25,14
2017-09-17,38,19,19
2017-09-17,40,24,16
2017-09-17,19,7,12
2017-09-17,6,3,3
2017-09-17,10,6,4
2017-09-17,14,6,8
2017-09-17,10,0,10
2017-09-17,6,2,4
2017-09-17,4,0,4
2017-09-17,3,2,1
2017-09-17,4,2,2
2017-09-17,2,2,0
2017-09-17,1,0,1
2017-09-18,4,3,1
2017-09-18,2,1,1
2017-09-18,1,0,1
2017-09-18,1,0,1
2017-09-18,8,6,2
2017-09-18,22,16,6
2017-09-18,57,47,10
2017-09-18,106,93,13
2017-09-18,112,102,10
2017-09-18,45,37,8
2017-09-18,17,17,0
2017-09-18,9,8,1
2017-09-18,16,8,8
2017-09-18,16,9,7
2017-09-18,27,12,15
2017-09-18,39,9,30
2017-09-18,63,9,54
2017-09-18,133,13,120
2017-09-18,58,4,54
2017-09-18,18,2,16
2017-09-18,7,1,6
2017-09-18,5,2,3
2017-09-18,8,4,4
2017-09-18,2,2,0
2017-09-19,1,1,0
2017-09-19,1,0,1
2017-09-19,0,0,0
2017-09-19,1,0,1
2017-09-19,5,4,1
2017-09-19,13,11,2
2017-09-19,40,30,10
2017-09-19,99,87,12
2017-09-19,95,86,9
2017-09-19,47,41,6
2017-09-19,15,15,0
2017-09-19,11,9,2
2017-09-19,12,4,8
2017-09-19,9,5,4
2017-09-19,20,10,10
2017-09-19,27,8,19
2017-09-19,58,8,50
2017-09-19,114,14,100
2017-09-19,60,5,55
2017-09-19,25,3,22
2017-09-19,4,0,4
2017-09-19,6,2,4
2017-09-19,3,0,3
2017-09-19,2,2,0
2017-09-20,4,1,3
2017-09-20,5,3,2
2017-09-20,2,1,1
2017-09-20,2,1,1
2017-09-20,6,5,1
2017-09-20,17,16,1
2017-09-20,60,53,7
2017-09-20,115,96,19
2017-09-20,129,118,11
2017-09-20,34,32,2
2017-09-20,13,12,1
2017-09-20,18,12,6
2017-09-20,18,6,12
2017-09-20,28,12,16
2017-09-20,30,23,7
2017-09-20,35,14,21
2017-09-20,86,13,73
2017-09-20,130,14,116
2017-09-20,77,12,65
2017-09-20,36,5,31
2017-09-20,26,12,14
2017-09-20,12,2,10
2017-09-20,8,3,5
2017-09-20,1,0,1
2017-09-21,4,2,2
2017-09-21,3,0,3
2017-09-21,2,0,2
2017-09-21,1,0,1
2017-09-21,6,5,1
2017-09-21,25,20,5
2017-09-21,58,46,12
2017-09-21,112,101,11
2017-09-21,122,115,7
2017-09-21,32,31,1
2017-09-21,28,21,7
2017-09-21,21,13,8
2017-09-21,27,14,13
2017-09-21,11,3,8
2017-09-21,36,19,17
2017-09-21,33,7,26
2017-09-21,101,16,85
2017-09-21,141,21,120
2017-09-21,84,9,75
2017-09-21,35,7,28
2017-09-21,10,2,8
2017-09-21,13,4,9
2017-09-21,9,3,6
2017-09-21,2,1,1
2017-09-22,4,0,4
2017-09-22,2,1,1
2017-09-22,2,0,2
2017-09-22,3,2,1
2017-09-22,6,5,1
2017-09-22,24,20,4
2017-09-22,65,50,15
2017-09-22,122,110,12
2017-09-22,117,103,14
2017-09-22,38,30,8
2017-09-22,32,24,8
2017-09-22,29,14,15
2017-09-22,31,15,16
2017-09-22,37,21,16
2017-09-22,42,18,24
2017-09-22,61,16,45
2017-09-22,116,20,96
2017-09-22,123,21,102
2017-09-22,75,13,62
2017-09-22,37,9,28
2017-09-22,18,7,11
2017-09-22,9,5,4
2017-09-22,7,4,3
2017-09-22,5,2,3
2017-09-23,4,1,3
2017-09-23,3,0,3
2017-09-23,4,3,1
2017-09-23,1,0,1
2017-09-23,3,1,2
2017-09-23,7,6,1
2017-09-23,9,7,2
2017-09-23,8,4,4
2017-09-23,35,26,9
2017-09-23,46,29,17
2017-09-23,53,21,32
2017-09-23,64,34,30
2017-09-23,75,41,34
2017-09-23,70,34,36
2017-09-23,56,31,25
2017-09-23,55,26,29
2017-09-23,47,16,31
2017-09-23,39,15,24
2017-09-23,18,8,10
2017-09-23,5,0,5
2017-09-23,9,2,7
2017-09-23,7,1,6
2017-09-23,5,2,3
2017-09-23,5,2,3
2017-09-24,2,0,2
2017-09-24,4,2,2
2017-09-24,2,1,1
2017-09-24,5,2,3
2017-09-24,2,0,2
2017-09-24,4,4,0
2017-09-24,7,5,2
2017-09-24,9,7,2
2017-09-24,30,19,11
2017-09-24,36,15,21
2017-09-24,22,18,4
2017-09-24,44,21,23
2017-09-24,40,16,24
2017-09-24,60,32,28
2017-09-24,43,12,31
2017-09-24,42,20,22
2017-09-24,42,25,17
2017-09-24,27,16,11
2017-09-24,25,12,13
2017-09-24,15,8,7
2017-09-24,9,1,8
2017-09-24,5,0,5
2017-09-24,5,3,2
2017-09-24,5,2,3
2017-09-25,3,2,1
2017-09-25,4,1,3
2017-09-25,3,1,2
2017-09-25,2,1,1
2017-09-25,5,5,0
2017-09-25,26,22,4
2017-09-25,59,52,7
2017-09-25,106,96,10
2017-09-25,126,117,9
2017-09-25,47,42,5
2017-09-25,15,11,4
2017-09-25,13,11,2
2017-09-25,5,2,3
2017-09-25,16,9,7
2017-09-25,25,8,17
2017-09-25,33,11,22
2017-09-25,95,18,77
2017-09-25,151,14,137
2017-09-25,88,7,81
2017-09-25,32,8,24
2017-09-25,10,3,7
2017-09-25,6,2,4
2017-09-25,4,3,1
2017-09-25,1,0,1
2017-09-26,2,0,2
2017-09-26,7,3,4
2017-09-26,0,0,0
2017-09-26,4,0,4
2017-09-26,6,5,1
2017-09-26,30,26,4
2017-09-26,82,71,11
2017-09-26,156,142,14
2017-09-26,148,132,16
2017-09-26,51,44,7
2017-09-26,20,18,2
2017-09-26,26,15,11
2017-09-26,21,11,10
2017-09-26,27,14,13
2017-09-26,45,23,22
2017-09-26,49,15,34
2017-09-26,134,19,115
2017-09-26,195,18,177
2017-09-26,121,15,106
2017-09-26,39,9,30
2017-09-26,25,9,16
2017-09-26,10,0,10
2017-09-26,9,1,8
2017-09-26,14,3,11
2017-09-27,3,1,2
2017-09-27,2,0,2
2017-09-27,0,0,0
2017-09-27,3,1,2
2017-09-27,6,5,1
2017-09-27,26,23,3
2017-09-27,74,64,10
2017-09-27,147,129,18
2017-09-27,164,155,9
2017-09-27,67,56,11
2017-09-27,35,29,6
2017-09-27,26,18,8
2017-09-27,32,18,14
2017-09-27,42,29,13
2017-09-27,29,12,17
2017-09-27,60,21,39
2017-09-27,116,20,96
2017-09-27,177,18,159
2017-09-27,130,20,110
2017-09-27,38,9,29
2017-09-27,18,5,13
2017-09-27,14,1,13
2017-09-27,13,4,9
2017-09-27,9,0,9
2017-09-28,5,1,4
2017-09-28,3,0,3
2017-09-28,4,0,4
2017-09-28,2,2,0
2017-09-28,7,5,2
2017-09-28,28,26,2
2017-09-28,88,72,16
2017-09-28,146,130,16
2017-09-28,193,173,20
2017-09-28,56,50,6
2017-09-28,36,26,10
2017-09-28,31,22,9
2017-09-28,27,11,16
2017-09-28,43,21,22
2017-09-28,44,18,26
2017-09-28,70,23,47
2017-09-28,154,32,122
2017-09-28,192,23,169
2017-09-28,151,21,130
2017-09-28,44,10,34
2017-09-28,17,5,12
2017-09-28,17,7,10
2017-09-28,9,4,5
2017-09-28,7,3,4
2017-09-29,1,0,1
2017-09-29,3,0,3
2017-09-29,3,1,2
2017-09-29,0,0,0
2017-09-29,5,3,2
2017-09-29,12,9,3
2017-09-29,38,35,3
2017-09-29,87,69,18
2017-09-29,91,82,9
2017-09-29,37,30,7
2017-09-29,20,14,6
2017-09-29,8,5,3
2017-09-29,16,10,6
2017-09-29,11,6,5
2017-09-29,24,5,19
2017-09-29,34,12,22
2017-09-29,74,15,59
2017-09-29,97,9,88
2017-09-29,69,14,55
2017-09-29,30,4,26
2017-09-29,7,0,7
2017-09-29,6,2,4
2017-09-29,4,0,4
2017-09-29,14,3,11
2017-09-30,9,2,7
2017-09-30,2,1,1
2017-09-30,1,0,1
2017-09-30,5,1,4
2017-09-30,2,0,2
2017-09-30,3,3,0
2017-09-30,8,6,2
2017-09-30,8,6,2
2017-09-30,26,18,8
2017-09-30,22,11,11
2017-09-30,25,17,8
2017-09-30,45,23,22
2017-09-30,39,22,17
2017-09-30,35,22,13
2017-09-30,23,5,18
2017-09-30,20,11,9
2017-09-30,25,9,16
2017-09-30,10,4,6
2017-09-30,16,5,11
2017-09-30,13,8,5
2017-09-30,4,1,3
2017-09-30,4,0,4
2017-09-30,3,0,3
2017-09-30,5,0,5
2017-10-01,2,1,1
2017-10-01,4,3,1
2017-10-01,4,1,3
2017-10-01,3,2,1
2017-10-01,4,2,2
2017-10-01,4,4,0
2017-10-01,5,4,1
2017-10-01,4,3,1
2017-10-01,24,21,3
2017-10-01,21,10,11
2017-10-01,27,13,14
2017-10-01,33,19,14
2017-10-01,37,23,14
2017-10-01,32,16,16
2017-10-01,19,10,9
2017-10-01,35,15,20
2017-10-01,24,11,13
2017-10-01,32,15,17
2017-10-01,18,7,11
2017-10-01,12,6,6
2017-10-01,7,1,6
2017-10-01,14,4,10
2017-10-01,5,0,5
2017-10-01,6,2,4
2017-10-02,5,2,3
2017-10-02,3,1,2
2017-10-02,2,1,1
2017-10-02,1,0,1
2017-10-02,6,5,1
2017-10-02,25,21,4
2017-10-02,61,50,11
2017-10-02,168,156,12
2017-10-02,158,141,17
2017-10-02,60,56,4
2017-10-02,27,20,7
2017-10-02,12,8,4
2017-10-02,11,4,7
2017-10-02,23,8,15
2017-10-02,23,8,15
2017-10-02,43,8,35
2017-10-02,111,17,94
2017-10-02,185,16,169
2017-10-02,96,13,83
2017-10-02,44,12,32
2017-10-02,11,2,9
2017-10-02,8,1,7
2017-10-02,5,0,5
2017-10-02,2,1,1
2017-10-03,0,0,0
2017-10-03,0,0,0
2017-10-03,2,1,1
2017-10-03,2,1,1
2017-10-03,8,7,1
2017-10-03,29,27,2
2017-10-03,67,54,13
2017-10-03,164,151,13
2017-10-03,150,139,11
2017-10-03,73,64,9
2017-10-03,25,18,7
2017-10-03,22,12,10
2017-10-03,24,11,13
2017-10-03,38,22,16
2017-10-03,34,18,16
2017-10-03,55,17,38
2017-10-03,97,16,81
2017-10-03,202,20,182
2017-10-03,126,16,110
2017-10-03,42,5,37
2017-10-03,15,2,13
2017-10-03,9,2,7
2017-10-03,5,2,3
2017-10-03,7,3,4
2017-10-04,1,1,0
2017-10-04,1,0,1
2017-10-04,2,1,1
2017-10-04,1,1,0
2017-10-04,2,1,1
2017-10-04,25,21,4
2017-10-04,67,58,9
2017-10-04,157,141,16
2017-10-04,138,125,13
2017-10-04,56,48,8
2017-10-04,31,24,7
2017-10-04,10,5,5
2017-10-04,24,14,10
2017-10-04,20,15,5
2017-10-04,38,14,24
2017-10-04,51,16,35
2017-10-04,123,21,102
2017-10-04,185,30,155
2017-10-04,99,10,89
2017-10-04,33,8,25
2017-10-04,20,9,11
2017-10-04,20,3,17
2017-10-04,4,1,3
2017-10-04,4,0,4
2017-10-05,5,2,3
2017-10-05,8,4,4
2017-10-05,1,0,1
2017-10-05,3,2,1
2017-10-05,5,4,1
2017-10-05,25,22,3
2017-10-05,69,58,11
2017-10-05,142,128,14
2017-10-05,145,134,11
2017-10-05,51,46,5
2017-10-05,34,25,9
2017-10-05,37,21,16
2017-10-05,21,9,12
2017-10-05,31,18,13
2017-10-05,41,18,23
2017-10-05,64,18,46
2017-10-05,97,24,73
2017-10-05,178,25,153
2017-10-05,111,20,91
2017-10-05,75,15,60
2017-10-05,20,6,14
2017-10-05,15,10,5
2017-10-05,8,3,5
2017-10-05,12,3,9
2017-10-06,8,5,3
2017-10-06,8,8,0
2017-10-06,2,1,1
2017-10-06,1,0,1
2017-10-06,6,4,2
2017-10-06,17,15,2
2017-10-06,48,40,8
2017-10-06,122,112,10
2017-10-06,111,104,7
2017-10-06,51,43,8
2017-10-06,23,19,4
2017-10-06,24,12,12
2017-10-06,19,14,5
2017-10-06,29,16,13
2017-10-06,37,15,22
2017-10-06,49,14,35
2017-10-06,88,13,75
2017-10-06,129,16,113
2017-10-06,63,13,50
2017-10-06,22,8,14
2017-10-06,7,1,6
2017-10-06,6,1,5
2017-10-06,4,3,1
2017-10-06,1,1,0
2017-10-07,2,0,2
2017-10-07,2,1,1
2017-10-07,6,1,5
2017-10-07,1,0,1
2017-10-07,6,1,5
2017-10-07,3,2,1
2017-10-07,2,1,1
2017-10-07,6,5,1
2017-10-07,19,11,8
2017-10-07,26,15,11
2017-10-07,30,17,13
2017-10-07,28,16,12
2017-10-07,23,11,12
2017-10-07,25,9,16
2017-10-07,22,13,9
2017-10-07,21,8,13
2017-10-07,23,9,14
2017-10-07,25,13,12
2017-10-07,16,11,5
2017-10-07,2,0,2
2017-10-07,6,2,4
2017-10-07,7,2,5
2017-10-07,2,1,1
2017-10-07,0,0,0
2017-10-08,0,0,0
2017-10-08,5,2,3
2017-10-08,0,0,0
2017-10-08,1,0,1
2017-10-08,4,3,1
2017-10-08,4,3,1
2017-10-08,8,4,4
2017-10-08,7,5,2
2017-10-08,21,16,5
2017-10-08,14,7,7
2017-10-08,29,19,10
2017-10-08,38,13,25
2017-10-08,38,23,15
2017-10-08,44,26,18
2017-10-08,35,13,22
2017-10-08,55,27,28
2017-10-08,55,31,24
2017-10-08,35,14,21
2017-10-08,17,9,8
2017-10-08,19,10,9
2017-10-08,5,2,3
2017-10-08,3,0,3
2017-10-08,2,1,1
2017-10-08,3,1,2
2017-10-09,1,0,1
2017-10-09,4,0,4
2017-10-09,0,0,0
2017-10-09,1,0,1
2017-10-09,2,2,0
2017-10-09,20,19,1
2017-10-09,57,51,6
2017-10-09,138,127,11
2017-10-09,135,128,7
2017-10-09,48,46,2
2017-10-09,27,20,7
2017-10-09,19,11,8
2017-10-09,28,15,13
2017-10-09,24,14,10
2017-10-09,31,15,16
2017-10-09,47,15,32
2017-10-09,116,15,101
2017-10-09,181,17,164
2017-10-09,106,18,88
2017-10-09,33,9,24
2017-10-09,21,4,17
2017-10-09,9,4,5
2017-10-09,3,2,1
2017-10-09,1,0,1
2017-10-10,3,1,2
2017-10-10,2,0,2
2017-10-10,5,3,2
2017-10-10,1,0,1
2017-10-10,3,2,1
2017-10-10,24,23,1
2017-10-10,61,44,17
2017-10-10,129,116,13
2017-10-10,122,113,9
2017-10-10,43,41,2
2017-10-10,21,19,2
2017-10-10,14,9,5
2017-10-10,11,4,7
2017-10-10,12,7,5
2017-10-10,10,4,6
2017-10-10,34,7,27
2017-10-10,93,14,79
2017-10-10,137,15,122
2017-10-10,84,13,71
2017-10-10,19,4,15
2017-10-10,13,2,11
2017-10-10,8,1,7
2017-10-10,6,0,6
2017-10-10,5,1,4
2017-10-11,2,2,0
2017-10-11,1,1,0
2017-10-11,2,1,1
2017-10-11,1,0,1
2017-10-11,2,1,1
2017-10-11,23,21,2
2017-10-11,63,56,7
2017-10-11,91,83,8
2017-10-11,150,143,7
2017-10-11,51,43,8
2017-10-11,24,20,4
2017-10-11,16,11,5
2017-10-11,19,9,10
2017-10-11,22,13,9
2017-10-11,19,7,12
2017-10-11,46,14,32
2017-10-11,81,12,69
2017-10-11,139,20,119
2017-10-11,83,13,70
2017-10-11,25,6,19
2017-10-11,16,4,12
2017-10-11,8,1,7
2017-10-11,11,5,6
2017-10-11,2,1,1
2017-10-12,0,0,0
2017-10-12,2,2,0
2017-10-12,3,0,3
2017-10-12,2,0,2
2017-10-12,5,4,1
2017-10-12,16,16,0
2017-10-12,46,39,7
2017-10-12,92,82,10
2017-10-12,97,90,7
2017-10-12,40,34,6
2017-10-12,18,12,6
2017-10-12,12,9,3
2017-10-12,8,4,4
2017-10-12,6,4,2
2017-10-12,13,6,7
2017-10-12,19,4,15
2017-10-12,66,12,54
2017-10-12,109,12,97
2017-10-12,65,9,56
2017-10-12,21,2,19
2017-10-12,7,1,6
2017-10-12,9,2,7
2017-10-12,4,1,3
2017-10-12,6,2,4
2017-10-13,0,0,0
2017-10-13,3,2,1
2017-10-13,0,0,0
2017-10-13,1,0,1
2017-10-13,4,3,1
2017-10-13,17,16,1
2017-10-13,35,28,7
2017-10-13,106,94,12
2017-10-13,104,98,6
2017-10-13,39,35,4
2017-10-13,19,15,4
2017-10-13,13,9,4
2017-10-13,18,12,6
2017-10-13,12,4,8
2017-10-13,26,15,11
2017-10-13,34,10,24
2017-10-13,83,14,69
2017-10-13,130,19,111
2017-10-13,69,14,55
2017-10-13,24,5,19
2017-10-13,13,6,7
2017-10-13,7,3,4
2017-10-13,4,1,3
2017-10-13,6,2,4
2017-10-14,4,1,3
2017-10-14,2,0,2
2017-10-14,3,1,2
2017-10-14,0,0,0
2017-10-14,5,1,4
2017-10-14,2,2,0
2017-10-14,7,3,4
2017-10-14,6,3,3
2017-10-14,27,21,6
2017-10-14,22,12,10
2017-10-14,26,15,11
2017-10-14,29,10,19
2017-10-14,41,27,14
2017-10-14,25,14,11
2017-10-14,36,12,24
2017-10-14,37,24,13
2017-10-14,39,15,24
2017-10-14,19,7,12
2017-10-14,20,9,11
2017-10-14,6,2,4
2017-10-14,10,5,5
2017-10-14,3,1,2
2017-10-14,6,3,3
2017-10-14,3,1,2
2017-10-15,2,0,2
2017-10-15,4,0,4
2017-10-15,2,1,1
2017-10-15,1,1,0
2017-10-15,2,1,1
2017-10-15,4,4,0
2017-10-15,10,6,4
2017-10-15,6,3,3
2017-10-15,24,17,7
2017-10-15,21,10,11
2017-10-15,39,24,15
2017-10-15,42,21,21
2017-10-15,50,24,26
2017-10-15,68,31,37
2017-10-15,71,37,34
2017-10-15,69,42,27
2017-10-15,56,27,29
2017-10-15,38,21,17
2017-10-15,22,8,14
2017-10-15,13,3,10
2017-10-15,6,0,6
2017-10-15,10,4,6
2017-10-15,2,2,0
2017-10-15,4,3,1
2017-10-16,1,0,1
2017-10-16,4,0,4
2017-10-16,2,2,0
2017-10-16,6,4,2
2017-10-16,5,4,1
2017-10-16,20,18,2
2017-10-16,69,62,7
2017-10-16,146,135,11
2017-10-16,148,137,11
2017-10-16,51,45,6
2017-10-16,22,15,7
2017-10-16,14,11,3
2017-10-16,20,10,10
2017-10-16,16,10,6
2017-10-16,22,7,15
2017-10-16,43,14,29
2017-10-16,115,19,96
2017-10-16,177,20,157
2017-10-16,107,10,97
2017-10-16,18,4,14
2017-10-16,9,2,7
2017-10-16,7,1,6
2017-10-16,3,1,2
2017-10-16,3,0,3
2017-10-17,6,2,4
2017-10-17,0,0,0
2017-10-17,1,0,1
2017-10-17,2,1,1
2017-10-17,4,1,3
2017-10-17,24,21,3
2017-10-17,51,45,6
2017-10-17,115,107,8
2017-10-17,87,81,6
2017-10-17,38,37,1
2017-10-17,14,10,4
2017-10-17,16,15,1
2017-10-17,7,2,5
2017-10-17,10,5,5
2017-10-17,12,7,5
2017-10-17,24,12,12
2017-10-17,85,13,72
2017-10-17,122,14,108
2017-10-17,79,12,67
2017-10-17,17,1,16
2017-10-17,10,1,9
2017-10-17,9,4,5
2017-10-17,5,1,4
2017-10-17,4,0,4
2017-10-18,7,2,5
2017-10-18,3,1,2
2017-10-18,3,1,2
2017-10-18,2,1,1
2017-10-18,5,4,1
2017-10-18,18,13,5
2017-10-18,53,45,8
2017-10-18,113,103,10
2017-10-18,88,82,6
2017-10-18,34,27,7
2017-10-18,10,9,1
2017-10-18,7,4,3
2017-10-18,3,2,1
2017-10-18,6,2,4
2017-10-18,11,3,8
2017-10-18,33,10,23
2017-10-18,48,5,43
2017-10-18,102,15,87
2017-10-18,43,2,41
2017-10-18,18,4,14
2017-10-18,10,1,9
2017-10-18,5,0,5
2017-10-18,2,1,1
2017-10-18,2,0,2
2017-10-19,1,1,0
2017-10-19,1,0,1
2017-10-19,1,0,1
2017-10-19,0,0,0
2017-10-19,2,2,0
2017-10-19,13,12,1
2017-10-19,36,28,8
2017-10-19,62,58,4
2017-10-19,77,70,7
2017-10-19,27,24,3
2017-10-19,23,17,6
2017-10-19,4,2,2
2017-10-19,9,3,6
2017-10-19,10,7,3
2017-10-19,17,9,8
2017-10-19,21,2,19
2017-10-19,39,10,29
2017-10-19,72,11,61
2017-10-19,53,5,48
2017-10-19,17,1,16
2017-10-19,7,1,6
2017-10-19,5,2,3
2017-10-19,3,0,3
2017-10-19,2,1,1
2017-10-20,1,0,1
2017-10-20,2,2,0
2017-10-20,3,0,3
2017-10-20,1,1,0
2017-10-20,7,6,1
2017-10-20,13,12,1
2017-10-20,33,29,4
2017-10-20,69,61,8
2017-10-20,80,74,6
2017-10-20,28,26,2
2017-10-20,14,10,4
2017-10-20,11,6,5
2017-10-20,11,7,4
2017-10-20,7,4,3
2017-10-20,20,9,11
2017-10-20,24,7,17
2017-10-20,59,11,48
2017-10-20,88,8,80
2017-10-20,47,6,41
2017-10-20,14,2,12
2017-10-20,8,1,7
2017-10-20,3,1,2
2017-10-20,3,1,2
2017-10-20,2,0,2
2017-10-21,3,1,2
2017-10-21,4,2,2
2017-10-21,1,0,1
2017-10-21,1,0,1
2017-10-21,2,1,1
2017-10-21,2,1,1
2017-10-21,3,1,2
2017-10-21,4,2,2
2017-10-21,7,5,2
2017-10-21,12,5,7
2017-10-21,7,4,3
2017-10-21,6,4,2
2017-10-21,6,3,3
2017-10-21,11,5,6
2017-10-21,5,4,1
2017-10-21,10,3,7
2017-10-21,5,3,2
2017-10-21,11,4,7
2017-10-21,7,5,2
2017-10-21,5,0,5
2017-10-21,2,2,0
2017-10-21,2,0,2
2017-10-21,0,0,0
2017-10-21,1,0,1
2017-10-22,0,0,0
2017-10-22,1,1,0
2017-10-22,0,0,0
2017-10-22,1,0,1
2017-10-22,1,1,0
2017-10-22,2,1,1
2017-10-22,10,5,5
2017-10-22,2,2,0
2017-10-22,20,11,9
2017-10-22,11,8,3
2017-10-22,45,15,30
2017-10-22,44,27,17
2017-10-22,26,16,10
2017-10-22,40,20,20
2017-10-22,25,13,12
2017-10-22,35,19,16
2017-10-22,29,14,15
2017-10-22,20,11,9
2017-10-22,9,6,3
2017-10-22,3,1,2
2017-10-22,3,3,0
2017-10-22,4,2,2
2017-10-22,4,0,4
2017-10-22,3,1,2
2017-10-23,3,2,1
2017-10-23,3,1,2
2017-10-23,1,0,1
2017-10-23,0,0,0
2017-10-23,4,4,0
2017-10-23,22,20,2
2017-10-23,80,65,15
2017-10-23,117,108,9
2017-10-23,160,145,15
2017-10-23,62,57,5
2017-10-23,34,22,12
2017-10-23,17,12,5
2017-10-23,18,14,4
2017-10-23,23,11,12
2017-10-23,32,12,20
2017-10-23,53,20,33
2017-10-23,110,15,95
2017-10-23,210,29,181
2017-10-23,95,19,76
2017-10-23,21,1,20
2017-10-23,11,2,9
2017-10-23,11,1,10
2017-10-23,5,3,2
2017-10-23,2,1,1
2017-10-24,3,2,1
2017-10-24,2,1,1
2017-10-24,4,0,4
2017-10-24,2,0,2
2017-10-24,4,3,1
2017-10-24,35,30,5
2017-10-24,70,58,12
2017-10-24,155,136,19
2017-10-24,153,137,16
2017-10-24,64,57,7
2017-10-24,24,19,5
2017-10-24,23,13,10
2017-10-24,20,11,9
2017-10-24,32,16,16
2017-10-24,30,17,13
2017-10-24,55,14,41
2017-10-24,113,21,92
2017-10-24,214,33,181
2017-10-24,92,15,77
2017-10-24,29,4,25
2017-10-24,9,0,9
2017-10-24,16,2,14
2017-10-24,6,2,4
2017-10-24,2,0,2
2017-10-25,0,0,0
2017-10-25,6,1,5
2017-10-25,3,1,2
2017-10-25,4,1,3
2017-10-25,8,5,3
2017-10-25,23,21,2
2017-10-25,52,48,4
2017-10-25,126,107,19
2017-10-25,139,123,16
2017-10-25,49,42,7
2017-10-25,23,21,2
2017-10-25,17,14,3
2017-10-25,15,8,7
2017-10-25,19,9,10
2017-10-25,10,3,7
2017-10-25,60,18,42
2017-10-25,74,10,64
2017-10-25,154,18,136
2017-10-25,69,6,63
2017-10-25,32,5,27
2017-10-25,21,7,14
2017-10-25,4,1,3
2017-10-25,6,0,6
2017-10-25,0,0,0
2017-10-26,1,1,0
2017-10-26,1,0,1
2017-10-26,2,1,1
2017-10-26,2,1,1
2017-10-26,5,4,1
2017-10-26,26,25,1
2017-10-26,71,62,9
2017-10-26,138,123,15
2017-10-26,138,119,19
2017-10-26,58,51,7
2017-10-26,19,17,2
2017-10-26,21,9,12
2017-10-26,14,10,4
2017-10-26,22,10,12
2017-10-26,23,8,15
2017-10-26,46,17,29
2017-10-26,124,27,97
2017-10-26,163,27,136
2017-10-26,105,18,87
2017-10-26,45,12,33
2017-10-26,13,5,8
2017-10-26,16,5,11
2017-10-26,1,0,1
2017-10-26,6,3,3
2017-10-27,1,0,1
2017-10-27,4,3,1
2017-10-27,6,2,4
2017-10-27,2,0,2
2017-10-27,3,3,0
2017-10-27,18,17,1
2017-10-27,49,45,4
2017-10-27,111,101,10
2017-10-27,131,121,10
2017-10-27,59,49,10
2017-10-27,29,26,3
2017-10-27,24,14,10
2017-10-27,25,18,7
2017-10-27,37,19,18
2017-10-27,54,29,25
2017-10-27,55,16,39
2017-10-27,128,30,98
2017-10-27,131,24,107
2017-10-27,81,20,61
2017-10-27,33,7,26
2017-10-27,15,5,10
2017-10-27,11,6,5
2017-10-27,8,5,3
2017-10-27,8,2,6
2017-10-28,3,1,2
2017-10-28,7,1,6
2017-10-28,2,1,1
2017-10-28,3,1,2
2017-10-28,4,2,2
2017-10-28,5,5,0
2017-10-28,9,7,2
2017-10-28,12,8,4
2017-10-28,20,16,4
2017-10-28,31,14,17
2017-10-28,39,24,15
2017-10-28,41,25,16
2017-10-28,37,21,16
2017-10-28,62,32,30
2017-10-28,64,31,33
2017-10-28,57,21,36
2017-10-28,41,16,25
2017-10-28,36,15,21
2017-10-28,17,4,13
2017-10-28,4,0,4
2017-10-28,15,6,9
2017-10-28,6,1,5
2017-10-28,2,0,2
2017-10-28,2,0,2
2017-10-29,2,0,2
2017-10-29,1,0,1
2017-10-29,2,0,2
2017-10-29,3,2,1
2017-10-29,4,2,2
2017-10-29,5,5,0
2017-10-29,4,2,2
2017-10-29,5,4,1
2017-10-29,26,16,10
2017-10-29,25,10,15
2017-10-29,32,24,8
2017-10-29,25,16,9
2017-10-29,44,22,22
2017-10-29,30,16,14
2017-10-29,33,16,17
2017-10-29,35,15,20
2017-10-29,25,10,15
2017-10-29,35,15,20
2017-10-29,15,7,8
2017-10-29,7,2,5
2017-10-29,7,3,4
2017-10-29,1,0,1
2017-10-29,0,0,0
2017-10-29,1,0,1
2017-10-30,3,0,3
2017-10-30,1,0,1
2017-10-30,0,0,0
2017-10-30,2,1,1
2017-10-30,4,4,0
2017-10-30,32,29,3
2017-10-30,69,53,16
2017-10-30,129,121,8
2017-10-30,146,131,15
2017-10-30,52,46,6
2017-10-30,26,23,3
2017-10-30,24,10,14
2017-10-30,18,9,9
2017-10-30,29,18,11
2017-10-30,19,9,10
2017-10-30,51,10,41
2017-10-30,101,15,86
2017-10-30,185,26,159
2017-10-30,93,12,81
2017-10-30,28,3,25
2017-10-30,15,2,13
2017-10-30,11,3,8
2017-10-30,6,2,4
2017-10-30,4,1,3
2017-10-31,3,1,2
2017-10-31,2,1,1
2017-10-31,3,1,2
2017-10-31,1,1,0
2017-10-31,3,1,2
2017-10-31,25,22,3
2017-10-31,67,57,10
2017-10-31,134,127,7
2017-10-31,135,123,12
2017-10-31,45,40,5
2017-10-31,19,12,7
2017-10-31,42,15,27
2017-10-31,56,40,16
2017-10-31,28,15,13
2017-10-31,26,11,15
2017-10-31,42,9,33
2017-10-31,143,26,117
2017-10-31,190,25,165
2017-10-31,58,4,54
2017-10-31,14,4,10
2017-10-31,13,3,10
2017-10-31,8,6,2
2017-10-31,5,2,3
2017-10-31,1,1,0
2017-11-01,2,0,2
2017-11-01,3,1,2
2017-11-01,4,2,2
2017-11-01,2,0,2
2017-11-01,6,3,3
2017-11-01,17,15,2
2017-11-01,62,54,8
2017-11-01,117,102,15
2017-11-01,119,107,12
2017-11-01,69,58,11
2017-11-01,12,8,4
2017-11-01,18,9,9
2017-11-01,15,11,4
2017-11-01,20,10,10
2017-11-01,22,11,11
2017-11-01,51,11,40
2017-11-01,79,11,68
2017-11-01,141,18,123
2017-11-01,75,16,59
2017-11-01,33,5,28
2017-11-01,30,9,21
2017-11-01,8,3,5
2017-11-01,10,0,10
2017-11-01,2,0,2
2017-11-02,1,1,0
2017-11-02,4,3,1
2017-11-02,3,1,2
2017-11-02,5,4,1
2017-11-02,3,2,1
2017-11-02,18,16,2
2017-11-02,49,41,8
2017-11-02,86,77,9
2017-11-02,106,91,15
2017-11-02,41,38,3
2017-11-02,17,12,5
2017-11-02,2,1,1
2017-11-02,8,3,5
2017-11-02,9,6,3
2017-11-02,14,8,6
2017-11-02,27,10,17
2017-11-02,60,15,45
2017-11-02,118,18,100
2017-11-02,50,8,42
2017-11-02,22,7,15
2017-11-02,11,0,11
2017-11-02,5,1,4
2017-11-02,8,0,8
2017-11-02,0,0,0
2017-11-03,1,0,1
2017-11-03,1,1,0
2017-11-03,2,1,1
2017-11-03,3,0,3
2017-11-03,3,2,1
2017-11-03,11,10,1
2017-11-03,19,16,3
2017-11-03,57,53,4
2017-11-03,84,76,8
2017-11-03,21,20,1
2017-11-03,9,5,4
2017-11-03,7,5,2
2017-11-03,8,6,2
2017-11-03,9,5,4
2017-11-03,13,7,6
2017-11-03,19,5,14
2017-11-03,45,4,41
2017-11-03,69,6,63
2017-11-03,38,3,35
2017-11-03,7,1,6
2017-11-03,9,1,8
2017-11-03,2,1,1
2017-11-03,2,0,2
2017-11-03,3,1,2
2017-11-04,1,0,1
2017-11-04,3,2,1
2017-11-04,3,1,2
2017-11-04,2,1,1
2017-11-04,2,0,2
2017-11-04,4,4,0
2017-11-04,9,4,5
2017-11-04,0,0,0
2017-11-04,14,9,5
2017-11-04,17,9,8
2017-11-04,17,5,12
2017-11-04,16,9,7
2017-11-04,21,15,6
2017-11-04,10,9,1
2017-11-04,9,4,5
2017-11-04,8,4,4
2017-11-04,9,1,8
2017-11-04,4,2,2
2017-11-04,5,2,3
2017-11-04,2,0,2
2017-11-04,2,1,1
2017-11-04,0,0,0
2017-11-04,0,0,0
2017-11-04,0,0,0
2017-11-05,7,2,5
2017-11-05,5,0,5
2017-11-05,3,2,1
2017-11-05,2,1,1
2017-11-05,0,0,0
2017-11-05,3,2,1
2017-11-05,3,3,0
2017-11-05,2,1,1
2017-11-05,3,2,1
2017-11-05,5,3,2
2017-11-05,6,3,3
2017-11-05,4,2,2
2017-11-05,8,6,2
2017-11-05,4,1,3
2017-11-05,3,3,0
2017-11-05,2,2,0
2017-11-05,6,2,4
2017-11-05,9,2,7
2017-11-05,2,1,1
2017-11-05,5,1,4
2017-11-05,1,0,1
2017-11-05,1,1,0
2017-11-05,1,0,1
2017-11-05,2,2,0
2017-11-06,0,0,0
2017-11-06,2,1,1
2017-11-06,2,0,2
2017-11-06,1,0,1
2017-11-06,0,0,0
2017-11-06,16,14,2
2017-11-06,45,39,6
2017-11-06,124,117,7
2017-11-06,100,92,8
2017-11-06,43,36,7
2017-11-06,15,13,2
2017-11-06,24,13,11
2017-11-06,22,16,6
2017-11-06,23,11,12
2017-11-06,22,9,13
2017-11-06,34,11,23
2017-11-06,88,16,72
2017-11-06,146,17,129
2017-11-06,60,6,54
2017-11-06,18,3,15
2017-11-06,7,2,5
2017-11-06,6,3,3
2017-11-06,5,0,5
2017-11-06,0,0,0
2017-11-07,1,1,0
2017-11-07,1,1,0
2017-11-07,3,1,2
2017-11-07,2,0,2
2017-11-07,4,2,2
2017-11-07,28,24,4
2017-11-07,61,49,12
2017-11-07,132,120,12
2017-11-07,114,105,9
2017-11-07,37,35,2
2017-11-07,17,16,1
2017-11-07,12,6,6
2017-11-07,13,8,5
2017-11-07,19,8,11
2017-11-07,26,15,11
2017-11-07,33,8,25
2017-11-07,109,28,81
2017-11-07,132,10,122
2017-11-07,76,14,62
2017-11-07,26,2,24
2017-11-07,9,5,4
2017-11-07,11,2,9
2017-11-07,2,0,2
2017-11-07,2,1,1
2017-11-08,3,2,1
2017-11-08,0,0,0
2017-11-08,1,1,0
2017-11-08,1,0,1
2017-11-08,3,1,2
2017-11-08,18,16,2
2017-11-08,41,33,8
2017-11-08,91,85,6
2017-11-08,149,139,10
2017-11-08,45,41,4
2017-11-08,11,11,0
2017-11-08,15,7,8
2017-11-08,12,6,6
2017-11-08,17,11,6
2017-11-08,19,8,11
2017-11-08,32,3,29
2017-11-08,80,12,68
2017-11-08,126,17,109
2017-11-08,42,4,38
2017-11-08,23,2,21
2017-11-08,6,0,6
2017-11-08,8,2,6
2017-11-08,5,0,5
2017-11-08,1,0,1
2017-11-09,4,1,3
2017-11-09,1,1,0
2017-11-09,4,1,3
2017-11-09,1,1,0
2017-11-09,6,3,3
2017-11-09,12,10,2
2017-11-09,45,35,10
2017-11-09,75,68,7
2017-11-09,81,75,6
2017-11-09,43,37,6
2017-11-09,16,13,3
2017-11-09,8,5,3
2017-11-09,6,4,2
2017-11-09,9,4,5
2017-11-09,7,4,3
2017-11-09,26,4,22
2017-11-09,49,8,41
2017-11-09,92,9,83
2017-11-09,48,8,40
2017-11-09,17,1,16
2017-11-09,6,1,5
2017-11-09,7,2,5
2017-11-09,2,1,1
2017-11-09,2,0,2
2017-11-10,1,1,0
2017-11-10,2,1,1
2017-11-10,4,2,2
2017-11-10,1,0,1
2017-11-10,1,0,1
2017-11-10,13,12,1
2017-11-10,24,20,4
2017-11-10,77,67,10
2017-11-10,75,69,6
2017-11-10,45,37,8
2017-11-10,19,16,3
2017-11-10,22,10,12
2017-11-10,28,21,7
2017-11-10,34,20,14
2017-11-10,36,22,14
2017-11-10,43,12,31
2017-11-10,73,12,61
2017-11-10,82,9,73
2017-11-10,49,12,37
2017-11-10,10,0,10
2017-11-10,8,2,6
2017-11-10,7,1,6
2017-11-10,4,3,1
2017-11-10,4,1,3
2017-11-11,2,2,0
2017-11-11,1,0,1
2017-11-11,2,0,2
2017-11-11,0,0,0
2017-11-11,3,1,2
2017-11-11,4,4,0
2017-11-11,4,3,1
2017-11-11,7,4,3
2017-11-11,16,12,4
2017-11-11,11,8,3
2017-11-11,33,17,16
2017-11-11,19,13,6
2017-11-11,13,6,7
2017-11-11,10,6,4
2017-11-11,12,2,10
2017-11-11,12,4,8
2017-11-11,16,6,10
2017-11-11,16,6,10
2017-11-11,3,1,2
2017-11-11,3,2,1
2017-11-11,0,0,0
2017-11-11,3,0,3
2017-11-11,2,0,2
2017-11-11,3,0,3
2017-11-12,2,1,1
2017-11-12,6,2,4
2017-11-12,1,0,1
2017-11-12,0,0,0
2017-11-12,1,0,1
2017-11-12,3,3,0
2017-11-12,2,0,2
2017-11-12,0,0,0
2017-11-12,8,4,4
2017-11-12,11,7,4
2017-11-12,15,12,3
2017-11-12,25,14,11
2017-11-12,28,15,13
2017-11-12,20,10,10
2017-11-12,8,1,7
2017-11-12,15,6,9
2017-11-12,11,5,6
2017-11-12,8,4,4
2017-11-12,7,4,3
2017-11-12,7,3,4
2017-11-12,3,1,2
2017-11-12,1,1,0
2017-11-12,1,0,1
2017-11-12,1,0,1
2017-11-13,1,0,1
2017-11-13,3,2,1
2017-11-13,0,0,0
2017-11-13,1,0,1
2017-11-13,4,3,1
2017-11-13,16,15,1
2017-11-13,27,23,4
2017-11-13,83,80,3
2017-11-13,78,74,4
2017-11-13,28,26,2
2017-11-13,13,11,2
2017-11-13,10,7,3
2017-11-13,9,6,3
2017-11-13,8,4,4
2017-11-13,4,1,3
2017-11-13,21,5,16
2017-11-13,38,4,34
2017-11-13,65,7,58
2017-11-13,28,1,27
2017-11-13,7,0,7
2017-11-13,8,2,6
2017-11-13,4,2,2
2017-11-13,3,0,3
2017-11-13,1,0,1
2017-11-14,0,0,0
2017-11-14,1,1,0
2017-11-14,1,1,0
2017-11-14,1,0,1
2017-11-14,4,2,2
2017-11-14,22,17,5
2017-11-14,34,28,6
2017-11-14,81,72,9
2017-11-14,95,88,7
2017-11-14,34,28,6
2017-11-14,14,12,2
2017-11-14,4,2,2
2017-11-14,6,3,3
2017-11-14,11,4,7
2017-11-14,17,6,11
2017-11-14,25,7,18
2017-11-14,49,7,42
2017-11-14,103,11,92
2017-11-14,45,5,40
2017-11-14,29,5,24
2017-11-14,5,1,4
2017-11-14,8,3,5
2017-11-14,2,1,1
2017-11-14,2,0,2
2017-11-15,2,1,1
2017-11-15,0,0,0
2017-11-15,0,0,0
2017-11-15,1,0,1
2017-11-15,4,3,1
2017-11-15,11,10,1
2017-11-15,30,23,7
2017-11-15,51,45,6
2017-11-15,93,90,3
2017-11-15,24,23,1
2017-11-15,12,10,2
2017-11-15,6,5,1
2017-11-15,6,3,3
2017-11-15,8,4,4
2017-11-15,12,4,8
2017-11-15,23,4,19
2017-11-15,41,11,30
2017-11-15,87,10,77
2017-11-15,46,6,40
2017-11-15,21,2,19
2017-11-15,7,0,7
2017-11-15,8,2,6
2017-11-15,4,2,2
2017-11-15,0,0,0
2017-11-16,0,0,0
2017-11-16,4,1,3
2017-11-16,2,0,2
2017-11-16,1,0,1
2017-11-16,7,5,2
2017-11-16,23,20,3
2017-11-16,32,27,5
2017-11-16,86,77,9
2017-11-16,98,89,9
2017-11-16,31,26,5
2017-11-16,26,15,11
2017-11-16,5,4,1
2017-11-16,5,1,4
2017-11-16,13,9,4
2017-11-16,7,5,2
2017-11-16,49,13,36
2017-11-16,54,8,46
2017-11-16,91,12,79
2017-11-16,70,12,58
2017-11-16,25,6,19
2017-11-16,8,1,7
2017-11-16,8,2,6
2017-11-16,4,2,2
2017-11-16,3,1,2
2017-11-17,0,0,0
2017-11-17,1,1,0
2017-11-17,4,1,3
2017-11-17,1,1,0
2017-11-17,7,6,1
2017-11-17,15,11,4
2017-11-17,48,40,8
2017-11-17,94,80,14
2017-11-17,108,100,8
2017-11-17,47,39,8
2017-11-17,22,18,4
2017-11-17,18,11,7
2017-11-17,18,11,7
2017-11-17,24,11,13
2017-11-17,27,13,14
2017-11-17,40,16,24
2017-11-17,65,8,57
2017-11-17,103,15,88
2017-11-17,49,11,38
2017-11-17,24,2,22
2017-11-17,13,5,8
2017-11-17,8,2,6
2017-11-17,6,2,4
2017-11-17,5,1,4
2017-11-18,2,1,1
2017-11-18,0,0,0
2017-11-18,2,0,2
2017-11-18,1,0,1
2017-11-18,2,0,2
2017-11-18,4,4,0
2017-11-18,7,6,1
2017-11-18,7,7,0
2017-11-18,20,15,5
2017-11-18,24,15,9
2017-11-18,28,18,10
2017-11-18,36,12,24
2017-11-18,53,30,23
2017-11-18,44,27,17
2017-11-18,43,19,24
2017-11-18,42,21,21
2017-11-18,27,12,15
2017-11-18,19,6,13
2017-11-18,9,2,7
2017-11-18,8,6,2
2017-11-18,5,1,4
2017-11-18,6,0,6
2017-11-18,1,0,1
2017-11-18,2,0,2
2017-11-19,2,0,2
2017-11-19,3,1,2
2017-11-19,1,0,1
2017-11-19,2,0,2
2017-11-19,1,0,1
2017-11-19,2,2,0
2017-11-19,3,2,1
2017-11-19,1,1,0
2017-11-19,9,8,1
2017-11-19,11,7,4
2017-11-19,26,14,12
2017-11-19,28,11,17
2017-11-19,24,12,12
2017-11-19,15,9,6
2017-11-19,19,8,11
2017-11-19,7,2,5
2017-11-19,5,4,1
2017-11-19,4,3,1
2017-11-19,1,0,1
2017-11-19,2,0,2
2017-11-19,1,0,1
2017-11-19,1,0,1
2017-11-19,0,0,0
2017-11-19,1,0,1
2017-11-20,1,1,0
2017-11-20,3,0,3
2017-11-20,0,0,0
2017-11-20,1,0,1
2017-11-20,4,3,1
2017-11-20,15,12,3
2017-11-20,36,34,2
2017-11-20,68,61,7
2017-11-20,63,57,6
2017-11-20,29,26,3
2017-11-20,11,10,1
2017-11-20,14,9,5
2017-11-20,14,9,5
2017-11-20,11,4,7
2017-11-20,14,8,6
2017-11-20,22,2,20
2017-11-20,54,15,39
2017-11-20,84,6,78
2017-11-20,52,12,40
2017-11-20,17,4,13
2017-11-20,7,1,6
2017-11-20,7,1,6
2017-11-20,2,0,2
2017-11-20,6,4,2
2017-11-21,2,0,2
2017-11-21,2,0,2
2017-11-21,0,0,0
2017-11-21,0,0,0
2017-11-21,5,3,2
2017-11-21,17,15,2
2017-11-21,22,22,0
2017-11-21,70,64,6
2017-11-21,58,53,5
2017-11-21,23,22,1
2017-11-21,9,9,0
2017-11-21,4,2,2
2017-11-21,8,4,4
2017-11-21,5,0,5
2017-11-21,11,7,4
2017-11-21,13,1,12
2017-11-21,34,5,29
2017-11-21,70,7,63
2017-11-21,35,6,29
2017-11-21,13,1,12
2017-11-21,6,2,4
2017-11-21,3,0,3
2017-11-21,2,0,2
2017-11-21,1,1,0
2017-11-22,2,1,1
2017-11-22,1,0,1
2017-11-22,2,2,0
2017-11-22,0,0,0
2017-11-22,5,2,3
2017-11-22,10,9,1
2017-11-22,25,23,2
2017-11-22,70,63,7
2017-11-22,64,55,9
2017-11-22,39,25,14
2017-11-22,18,12,6
2017-11-22,13,9,4
2017-11-22,22,15,7
2017-11-22,21,10,11
2017-11-22,28,7,21
2017-11-22,47,9,38
2017-11-22,55,7,48
2017-11-22,47,5,42
2017-11-22,20,3,17
2017-11-22,10,1,9
2017-11-22,8,1,7
2017-11-22,4,2,2
2017-11-22,1,0,1
2017-11-22,4,2,2
2017-11-23,1,0,1
2017-11-23,2,2,0
2017-11-23,3,1,2
2017-11-23,1,0,1
2017-11-23,1,1,0
2017-11-23,4,3,1
2017-11-23,3,1,2
2017-11-23,3,1,2
2017-11-23,11,7,4
2017-11-23,14,5,9
2017-11-23,6,5,1
2017-11-23,6,1,5
2017-11-23,6,3,3
2017-11-23,4,1,3
2017-11-23,8,5,3
2017-11-23,12,4,8
2017-11-23,6,3,3
2017-11-23,3,2,1
2017-11-23,1,1,0
2017-11-23,6,5,1
2017-11-23,3,3,0
2017-11-23,5,4,1
2017-11-23,2,0,2
2017-11-23,2,1,1
2017-11-24,0,0,0
2017-11-24,0,0,0
2017-11-24,5,3,2
2017-11-24,1,1,0
2017-11-24,6,4,2
2017-11-24,2,1,1
2017-11-24,6,4,2
2017-11-24,10,7,3
2017-11-24,22,17,5
2017-11-24,11,7,4
2017-11-24,24,12,12
2017-11-24,29,16,13
2017-11-24,27,13,14
2017-11-24,26,13,13
2017-11-24,31,13,18
2017-11-24,18,8,10
2017-11-24,21,9,12
2017-11-24,14,4,10
2017-11-24,6,2,4
2017-11-24,8,4,4
2017-11-24,3,0,3
2017-11-24,4,2,2
2017-11-24,3,1,2
2017-11-24,1,0,1
2017-11-25,1,1,0
2017-11-25,1,0,1
2017-11-25,0,0,0
2017-11-25,0,0,0
2017-11-25,1,0,1
2017-11-25,0,0,0
2017-11-25,2,2,0
2017-11-25,4,4,0
2017-11-25,20,16,4
2017-11-25,23,11,12
2017-11-25,36,20,16
2017-11-25,35,18,17
2017-11-25,49,23,26
2017-11-25,27,18,9
2017-11-25,28,13,15
2017-11-25,17,3,14
2017-11-25,7,2,5
2017-11-25,5,1,4
2017-11-25,2,0,2
2017-11-25,4,3,1
2017-11-25,3,2,1
2017-11-25,2,1,1
2017-11-25,0,0,0
2017-11-25,1,0,1
2017-11-26,2,1,1
2017-11-26,4,3,1
2017-11-26,3,0,3
2017-11-26,2,1,1
2017-11-26,3,1,2
2017-11-26,3,2,1
2017-11-26,2,1,1
2017-11-26,4,3,1
2017-11-26,3,3,0
2017-11-26,8,5,3
2017-11-26,20,7,13
2017-11-26,20,12,8
2017-11-26,9,6,3
2017-11-26,10,4,6
2017-11-26,7,4,3
2017-11-26,6,1,5
2017-11-26,4,2,2
2017-11-26,9,4,5
2017-11-26,3,1,2
2017-11-26,4,0,4
2017-11-26,4,3,1
2017-11-26,3,1,2
2017-11-26,0,0,0
2017-11-26,3,1,2
2017-11-27,0,0,0
2017-11-27,2,1,1
2017-11-27,0,0,0
2017-11-27,1,0,1
2017-11-27,10,9,1
2017-11-27,22,18,4
2017-11-27,51,42,9
2017-11-27,126,114,12
2017-11-27,125,111,14
2017-11-27,45,40,5
2017-11-27,23,18,5
2017-11-27,10,8,2
2017-11-27,12,7,5
2017-11-27,20,13,7
2017-11-27,14,2,12
2017-11-27,46,18,28
2017-11-27,90,13,77
2017-11-27,151,16,135
2017-11-27,72,10,62
2017-11-27,25,3,22
2017-11-27,9,1,8
2017-11-27,9,1,8
2017-11-27,5,1,4
2017-11-27,1,0,1
2017-11-28,2,2,0
2017-11-28,3,2,1
2017-11-28,2,1,1
2017-11-28,1,0,1
2017-11-28,8,7,1
2017-11-28,28,25,3
2017-11-28,35,28,7
2017-11-28,82,73,9
2017-11-28,87,83,4
2017-11-28,31,29,2
2017-11-28,9,9,0
2017-11-28,4,2,2
2017-11-28,5,2,3
2017-11-28,9,7,2
2017-11-28,8,5,3
2017-11-28,12,2,10
2017-11-28,57,10,47
2017-11-28,98,11,87
2017-11-28,71,6,65
2017-11-28,18,1,17
2017-11-28,3,1,2
2017-11-28,7,2,5
2017-11-28,3,0,3
2017-11-28,1,0,1
2017-11-29,3,1,2
2017-11-29,2,2,0
2017-11-29,2,1,1
2017-11-29,0,0,0
2017-11-29,7,4,3
2017-11-29,16,14,2
2017-11-29,62,53,9
2017-11-29,118,106,12
2017-11-29,110,102,8
2017-11-29,58,56,2
2017-11-29,19,14,5
2017-11-29,16,9,7
2017-11-29,19,11,8
2017-11-29,18,10,8
2017-11-29,22,7,15
2017-11-29,41,8,33
2017-11-29,91,23,68
2017-11-29,138,20,118
2017-11-29,63,7,56
2017-11-29,31,7,24
2017-11-29,21,4,17
2017-11-29,7,0,7
2017-11-29,7,1,6
2017-11-29,2,0,2
2017-11-30,3,1,2
2017-11-30,3,0,3
2017-11-30,2,0,2
2017-11-30,3,1,2
2017-11-30,5,5,0
2017-11-30,21,18,3
2017-11-30,40,34,6
2017-11-30,83,75,8
2017-11-30,75,68,7
2017-11-30,29,28,1
2017-11-30,13,11,2
2017-11-30,11,8,3
2017-11-30,9,4,5
2017-11-30,12,8,4
2017-11-30,10,6,4
2017-11-30,24,7,17
2017-11-30,43,10,33
2017-11-30,101,13,88
2017-11-30,54,12,42
2017-11-30,24,7,17
2017-11-30,8,0,8
2017-11-30,6,4,2
2017-11-30,12,1,11
2017-11-30,3,0,3
2017-12-01,2,1,1
2017-12-01,0,0,0
2017-12-01,3,1,2
2017-12-01,2,2,0
2017-12-01,5,2,3
2017-12-01,13,13,0
2017-12-01,33,24,9
2017-12-01,87,73,14
2017-12-01,83,76,7
2017-12-01,34,31,3
2017-12-01,11,9,2
2017-12-01,13,10,3
2017-12-01,5,4,1
2017-12-01,9,5,4
2017-12-01,9,2,7
2017-12-01,21,7,14
2017-12-01,54,6,48
2017-12-01,81,10,71
2017-12-01,32,9,23
2017-12-01,18,3,15
2017-12-01,9,1,8
2017-12-01,6,1,5
2017-12-01,7,2,5
2017-12-01,2,1,1
2017-12-02,4,1,3
2017-12-02,7,5,2
2017-12-02,2,0,2
2017-12-02,2,2,0
2017-12-02,6,2,4
2017-12-02,3,3,0
2017-12-02,4,4,0
2017-12-02,2,2,0
2017-12-02,12,10,2
2017-12-02,9,5,4
2017-12-02,5,3,2
2017-12-02,0,0,0
2017-12-02,6,2,4
2017-12-02,6,4,2
2017-12-02,4,2,2
2017-12-02,6,2,4
2017-12-02,6,4,2
2017-12-02,6,2,4
2017-12-02,4,4,0
2017-12-02,2,1,1
2017-12-02,2,0,2
2017-12-02,2,1,1
2017-12-02,1,0,1
2017-12-02,1,0,1
2017-12-03,1,0,1
2017-12-03,1,0,1
2017-12-03,1,0,1
2017-12-03,0,0,0
2017-12-03,1,1,0
2017-12-03,4,2,2
2017-12-03,3,3,0
2017-12-03,5,3,2
2017-12-03,21,12,9
2017-12-03,36,24,12
2017-12-03,34,14,20
2017-12-03,34,15,19
2017-12-03,20,10,10
2017-12-03,30,22,8
2017-12-03,20,8,12
2017-12-03,29,15,14
2017-12-03,20,11,9
2017-12-03,10,4,6
2017-12-03,2,2,0
2017-12-03,10,3,7
2017-12-03,1,0,1
2017-12-03,8,2,6
2017-12-03,3,3,0
2017-12-03,5,0,5
2017-12-04,0,0,0
2017-12-04,5,3,2
2017-12-04,1,1,0
2017-12-04,0,0,0
2017-12-04,7,7,0
2017-12-04,15,11,4
2017-12-04,52,48,4
2017-12-04,100,92,8
2017-12-04,112,100,12
2017-12-04,28,27,1
2017-12-04,21,18,3
2017-12-04,8,5,3
2017-12-04,14,8,6
2017-12-04,15,8,7
2017-12-04,14,7,7
2017-12-04,30,11,19
2017-12-04,79,14,65
2017-12-04,133,16,117
2017-12-04,58,9,49
2017-12-04,28,2,26
2017-12-04,10,2,8
2017-12-04,5,0,5
2017-12-04,3,0,3
2017-12-04,1,1,0
2017-12-05,0,0,0
2017-12-05,1,0,1
2017-12-05,0,0,0
2017-12-05,2,1,1
2017-12-05,4,3,1
2017-12-05,33,30,3
2017-12-05,41,34,7
2017-12-05,95,87,8
2017-12-05,115,108,7
2017-12-05,33,30,3
2017-12-05,11,11,0
2017-12-05,13,7,6
2017-12-05,17,12,5
2017-12-05,21,14,7
2017-12-05,19,9,10
2017-12-05,33,11,22
2017-12-05,70,9,61
2017-12-05,124,16,108
2017-12-05,64,8,56
2017-12-05,20,1,19
2017-12-05,9,2,7
2017-12-05,10,3,7
2017-12-05,10,2,8
2017-12-05,1,0,1
2017-12-06,5,2,3
2017-12-06,2,0,2
2017-12-06,2,1,1
2017-12-06,1,0,1
2017-12-06,3,3,0
2017-12-06,24,21,3
2017-12-06,56,49,7
2017-12-06,92,77,15
2017-12-06,101,94,7
2017-12-06,51,45,6
2017-12-06,24,20,4
2017-12-06,24,17,7
2017-12-06,22,11,11
2017-12-06,18,10,8
2017-12-06,25,11,14
2017-12-06,46,18,28
2017-12-06,71,13,58
2017-12-06,119,16,103
2017-12-06,54,4,50
2017-12-06,27,4,23
2017-12-06,28,9,19
2017-12-06,5,0,5
2017-12-06,6,0,6
2017-12-06,2,1,1
2017-12-07,0,0,0
2017-12-07,2,1,1
2017-12-07,1,0,1
2017-12-07,2,1,1
2017-12-07,4,3,1
2017-12-07,22,20,2
2017-12-07,38,37,1
2017-12-07,58,48,10
2017-12-07,105,100,5
2017-12-07,42,39,3
2017-12-07,21,16,5
2017-12-07,17,11,6
2017-12-07,19,12,7
2017-12-07,14,9,5
2017-12-07,17,6,11
2017-12-07,35,13,22
2017-12-07,69,12,57
2017-12-07,87,8,79
2017-12-07,71,9,62
2017-12-07,30,6,24
2017-12-07,11,2,9
2017-12-07,8,3,5
2017-12-07,10,1,9
2017-12-07,3,1,2
2017-12-08,1,0,1
2017-12-08,0,0,0
2017-12-08,2,0,2
2017-12-08,2,0,2
2017-12-08,2,1,1
2017-12-08,14,13,1
2017-12-08,26,24,2
2017-12-08,59,49,10
2017-12-08,69,64,5
2017-12-08,30,28,2
2017-12-08,12,9,3
2017-12-08,11,8,3
2017-12-08,14,5,9
2017-12-08,19,11,8
2017-12-08,19,10,9
2017-12-08,34,9,25
2017-12-08,53,11,42
2017-12-08,73,15,58
2017-12-08,35,7,28
2017-12-08,22,3,19
2017-12-08,8,3,5
2017-12-08,3,1,2
2017-12-08,5,2,3
2017-12-08,5,2,3
2017-12-09,1,0,1
2017-12-09,2,1,1
2017-12-09,2,0,2
2017-12-09,1,0,1
2017-12-09,2,1,1
2017-12-09,4,4,0
2017-12-09,5,3,2
2017-12-09,2,2,0
2017-12-09,7,6,1
2017-12-09,10,6,4
2017-12-09,21,14,7
2017-12-09,23,11,12
2017-12-09,28,10,18
2017-12-09,33,18,15
2017-12-09,36,17,19
2017-12-09,19,9,10
2017-12-09,22,16,6
2017-12-09,14,6,8
2017-12-09,5,1,4
2017-12-09,10,4,6
2017-12-09,2,1,1
2017-12-09,7,1,6
2017-12-09,6,1,5
2017-12-09,2,1,1
2017-12-10,1,1,0
2017-12-10,4,2,2
2017-12-10,1,0,1
2017-12-10,2,1,1
2017-12-10,2,1,1
2017-12-10,2,2,0
2017-12-10,3,3,0
2017-12-10,1,0,1
2017-12-10,12,7,5
2017-12-10,18,9,9
2017-12-10,22,15,7
2017-12-10,29,16,13
2017-12-10,34,16,18
2017-12-10,43,24,19
2017-12-10,33,16,17
2017-12-10,29,16,13
2017-12-10,17,9,8
2017-12-10,9,3,6
2017-12-10,2,1,1
2017-12-10,3,1,2
2017-12-10,1,0,1
2017-12-10,0,0,0
2017-12-10,2,0,2
2017-12-10,5,4,1
2017-12-11,1,0,1
2017-12-11,2,1,1
2017-12-11,0,0,0
2017-12-11,0,0,0
2017-12-11,0,0,0
2017-12-11,22,19,3
2017-12-11,32,31,1
2017-12-11,59,54,5
2017-12-11,68,63,5
2017-12-11,37,34,3
2017-12-11,13,12,1
2017-12-11,16,7,9
2017-12-11,12,5,7
2017-12-11,13,10,3
2017-12-11,14,7,7
2017-12-11,32,7,25
2017-12-11,71,19,52
2017-12-11,89,10,79
2017-12-11,49,6,43
2017-12-11,19,5,14
2017-12-11,5,0,5
2017-12-11,7,1,6
2017-12-11,1,0,1
2017-12-11,0,0,0
2017-12-12,0,0,0
2017-12-12,0,0,0
2017-12-12,1,0,1
2017-12-12,1,0,1
2017-12-12,1,0,1
2017-12-12,23,21,2
2017-12-12,56,51,5
2017-12-12,75,68,7
2017-12-12,93,90,3
2017-12-12,41,37,4
2017-12-12,13,11,2
2017-12-12,11,6,5
2017-12-12,8,6,2
2017-12-12,19,13,6
2017-12-12,17,8,9
2017-12-12,31,6,25
2017-12-12,74,16,58
2017-12-12,115,13,102
2017-12-12,55,7,48
2017-12-12,23,3,20
2017-12-12,10,3,7
2017-12-12,5,0,5
2017-12-12,6,0,6
2017-12-12,1,0,1
2017-12-13,0,0,0
2017-12-13,0,0,0
2017-12-13,1,0,1
2017-12-13,1,0,1
2017-12-13,2,1,1
2017-12-13,26,23,3
2017-12-13,52,51,1
2017-12-13,69,63,6
2017-12-13,111,104,7
2017-12-13,38,34,4
2017-12-13,19,15,4
2017-12-13,14,10,4
2017-12-13,18,12,6
2017-12-13,13,6,7
2017-12-13,33,15,18
2017-12-13,36,7,29
2017-12-13,72,12,60
2017-12-13,101,10,91
2017-12-13,70,12,58
2017-12-13,28,7,21
2017-12-13,10,3,7
2017-12-13,7,3,4
2017-12-13,9,2,7
2017-12-13,5,1,4
2017-12-14,0,0,0
2017-12-14,1,1,0
2017-12-14,2,0,2
2017-12-14,4,1,3
2017-12-14,5,2,3
2017-12-14,23,22,1
2017-12-14,37,31,6
2017-12-14,77,69,8
2017-12-14,93,89,4
2017-12-14,36,35,1
2017-12-14,18,15,3
2017-12-14,13,9,4
2017-12-14,17,10,7
2017-12-14,12,3,9
2017-12-14,27,14,13
2017-12-14,34,7,27
2017-12-14,56,7,49
2017-12-14,96,13,83
2017-12-14,51,7,44
2017-12-14,24,4,20
2017-12-14,9,1,8
2017-12-14,5,3,2
2017-12-14,9,6,3
2017-12-14,3,0,3
2017-12-15,5,2,3
2017-12-15,2,1,1
2017-12-15,1,0,1
2017-12-15,2,1,1
2017-12-15,6,4,2
2017-12-15,20,17,3
2017-12-15,20,20,0
2017-12-15,52,49,3
2017-12-15,63,57,6
2017-12-15,25,22,3
2017-12-15,16,14,2
2017-12-15,11,8,3
2017-12-15,11,5,6
2017-12-15,13,5,8
2017-12-15,18,10,8
2017-12-15,26,7,19
2017-12-15,47,9,38
2017-12-15,59,8,51
2017-12-15,23,2,21
2017-12-15,20,2,18
2017-12-15,8,0,8
2017-12-15,6,1,5
2017-12-15,5,2,3
2017-12-15,1,1,0
2017-12-16,0,0,0
2017-12-16,4,1,3
2017-12-16,2,1,1
2017-12-16,5,1,4
2017-12-16,2,0,2
2017-12-16,2,2,0
2017-12-16,11,4,7
2017-12-16,5,4,1
2017-12-16,15,10,5
2017-12-16,16,12,4
2017-12-16,14,12,2
2017-12-16,20,4,16
2017-12-16,28,16,12
2017-12-16,23,10,13
2017-12-16,23,15,8
2017-12-16,32,10,22
2017-12-16,12,6,6
2017-12-16,10,5,5
2017-12-16,11,3,8
2017-12-16,8,5,3
2017-12-16,6,5,1
2017-12-16,4,1,3
2017-12-16,1,0,1
2017-12-16,2,1,1
2017-12-17,1,0,1
2017-12-17,4,3,1
2017-12-17,2,0,2
2017-12-17,2,0,2
2017-12-17,0,0,0
2017-12-17,1,1,0
2017-12-17,5,3,2
2017-12-17,1,1,0
2017-12-17,11,5,6
2017-12-17,4,3,1
2017-12-17,10,3,7
2017-12-17,8,5,3
2017-12-17,5,3,2
2017-12-17,9,3,6
2017-12-17,5,4,1
2017-12-17,15,8,7
2017-12-17,18,5,13
2017-12-17,11,6,5
2017-12-17,3,1,2
2017-12-17,1,0,1
2017-12-17,7,1,6
2017-12-17,4,0,4
2017-12-17,3,2,1
2017-12-17,2,1,1
2017-12-18,3,2,1
2017-12-18,1,1,0
2017-12-18,1,0,1
2017-12-18,1,1,0
2017-12-18,1,1,0
2017-12-18,19,16,3
2017-12-18,31,26,5
2017-12-18,62,54,8
2017-12-18,64,60,4
2017-12-18,27,24,3
2017-12-18,13,12,1
2017-12-18,7,5,2
2017-12-18,3,2,1
2017-12-18,11,4,7
2017-12-18,16,8,8
2017-12-18,18,4,14
2017-12-18,44,6,38
2017-12-18,79,11,68
2017-12-18,36,3,33
2017-12-18,13,1,12
2017-12-18,9,2,7
2017-12-18,1,1,0
2017-12-18,1,0,1
2017-12-18,1,0,1
2017-12-19,1,0,1
2017-12-19,0,0,0
2017-12-19,0,0,0
2017-12-19,1,1,0
2017-12-19,3,2,1
2017-12-19,14,14,0
2017-12-19,27,22,5
2017-12-19,43,37,6
2017-12-19,42,38,4
2017-12-19,12,11,1
2017-12-19,10,10,0
2017-12-19,8,6,2
2017-12-19,1,1,0
2017-12-19,4,4,0
2017-12-19,3,3,0
2017-12-19,12,3,9
2017-12-19,43,11,32
2017-12-19,46,6,40
2017-12-19,37,7,30
2017-12-19,12,2,10
2017-12-19,8,1,7
2017-12-19,5,1,4
2017-12-19,6,3,3
2017-12-19,1,0,1
2017-12-20,0,0,0
2017-12-20,0,0,0
2017-12-20,0,0,0
2017-12-20,5,2,3
2017-12-20,1,0,1
2017-12-20,15,12,3
2017-12-20,34,30,4
2017-12-20,70,63,7
2017-12-20,78,75,3
2017-12-20,26,20,6
2017-12-20,20,16,4
2017-12-20,27,18,9
2017-12-20,16,9,7
2017-12-20,18,14,4
2017-12-20,24,14,10
2017-12-20,38,7,31
2017-12-20,59,14,45
2017-12-20,82,12,70
2017-12-20,48,10,38
2017-12-20,21,4,17
2017-12-20,14,4,10
2017-12-20,4,0,4
2017-12-20,4,0,4
2017-12-20,1,0,1
2017-12-21,1,1,0
2017-12-21,0,0,0
2017-12-21,0,0,0
2017-12-21,4,0,4
2017-12-21,1,0,1
2017-12-21,16,15,1
2017-12-21,28,23,5
2017-12-21,38,34,4
2017-12-21,49,46,3
2017-12-21,26,22,4
2017-12-21,14,10,4
2017-12-21,13,12,1
2017-12-21,19,12,7
2017-12-21,6,3,3
2017-12-21,14,6,8
2017-12-21,32,5,27
2017-12-21,46,10,36
2017-12-21,56,7,49
2017-12-21,30,6,24
2017-12-21,9,3,6
2017-12-21,12,2,10
2017-12-21,14,7,7
2017-12-21,10,2,8
2017-12-21,0,0,0
2017-12-22,1,1,0
2017-12-22,2,1,1
2017-12-22,1,0,1
2017-12-22,1,0,1
2017-12-22,1,0,1
2017-12-22,10,8,2
2017-12-22,19,16,3
2017-12-22,19,13,6
2017-12-22,42,39,3
2017-12-22,10,9,1
2017-12-22,10,6,4
2017-12-22,15,7,8
2017-12-22,5,4,1
2017-12-22,20,8,12
2017-12-22,16,3,13
2017-12-22,27,8,19
2017-12-22,44,17,27
2017-12-22,19,4,15
2017-12-22,10,2,8
2017-12-22,6,1,5
2017-12-22,5,2,3
2017-12-22,6,1,5
2017-12-22,1,0,1
2017-12-22,1,1,0
2017-12-23,1,0,1
2017-12-23,2,1,1
2017-12-23,0,0,0
2017-12-23,1,0,1
2017-12-23,4,0,4
2017-12-23,2,2,0
2017-12-23,4,2,2
2017-12-23,3,1,2
2017-12-23,14,9,5
2017-12-23,9,6,3
2017-12-23,14,9,5
2017-12-23,22,10,12
2017-12-23,22,13,9
2017-12-23,23,7,16
2017-12-23,27,11,16
2017-12-23,21,11,10
2017-12-23,18,10,8
2017-12-23,9,7,2
2017-12-23,7,1,6
2017-12-23,2,0,2
2017-12-23,0,0,0
2017-12-23,1,1,0
2017-12-23,2,0,2
2017-12-23,0,0,0
2017-12-24,1,0,1
2017-12-24,1,0,1
2017-12-24,0,0,0
2017-12-24,1,0,1
2017-12-24,0,0,0
2017-12-24,0,0,0
2017-12-24,4,4,0
2017-12-24,0,0,0
2017-12-24,2,2,0
2017-12-24,3,1,2
2017-12-24,8,7,1
2017-12-24,10,3,7
2017-12-24,9,4,5
2017-12-24,6,2,4
2017-12-24,7,5,2
2017-12-24,7,3,4
2017-12-24,5,1,4
2017-12-24,1,1,0
2017-12-24,4,2,2
2017-12-24,1,0,1
2017-12-24,0,0,0
2017-12-24,2,1,1
2017-12-24,1,1,0
2017-12-24,1,1,0
2017-12-25,0,0,0
2017-12-25,1,1,0
2017-12-25,0,0,0
2017-12-25,1,0,1
2017-12-25,0,0,0
2017-12-25,0,0,0
2017-12-25,0,0,0
2017-12-25,0,0,0
2017-12-25,0,0,0
2017-12-25,2,1,1
2017-12-25,0,0,0
2017-12-25,0,0,0
2017-12-25,0,0,0
2017-12-25,1,1,0
2017-12-25,3,2,1
2017-12-25,2,0,2
2017-12-25,1,1,0
2017-12-25,3,1,2
2017-12-25,0,0,0
2017-12-25,1,0,1
2017-12-25,0,0,0
2017-12-25,1,1,0
2017-12-25,1,0,1
2017-12-25,0,0,0
2017-12-26,2,2,0
2017-12-26,1,0,1
2017-12-26,1,0,1
2017-12-26,0,0,0
2017-12-26,1,1,0
2017-12-26,5,5,0
2017-12-26,6,4,2
2017-12-26,8,8,0
2017-12-26,12,11,1
2017-12-26,7,4,3
2017-12-26,15,12,3
2017-12-26,7,5,2
2017-12-26,8,3,5
2017-12-26,8,3,5
2017-12-26,12,4,8
2017-12-26,9,6,3
2017-12-26,17,5,12
2017-12-26,21,8,13
2017-12-26,4,1,3
2017-12-26,3,0,3
2017-12-26,4,0,4
2017-12-26,2,0,2
2017-12-26,8,2,6
2017-12-26,2,1,1
2017-12-27,1,0,1
2017-12-27,1,1,0
2017-12-27,0,0,0
2017-12-27,1,0,1
2017-12-27,0,0,0
2017-12-27,8,6,2
2017-12-27,13,11,2
2017-12-27,18,14,4
2017-12-27,29,24,5
2017-12-27,16,16,0
2017-12-27,11,9,2
2017-12-27,20,7,13
2017-12-27,23,17,6
2017-12-27,6,1,5
2017-12-27,15,8,7
2017-12-27,17,1,16
2017-12-27,36,6,30
2017-12-27,25,6,19
2017-12-27,19,10,9
2017-12-27,8,2,6
2017-12-27,13,4,9
2017-12-27,2,0,2
2017-12-27,2,0,2
2017-12-27,0,0,0
2017-12-28,2,1,1
2017-12-28,1,1,0
2017-12-28,2,1,1
2017-12-28,2,0,2
2017-12-28,1,0,1
2017-12-28,11,8,3
2017-12-28,15,11,4
2017-12-28,23,20,3
2017-12-28,33,28,5
2017-12-28,23,14,9
2017-12-28,14,11,3
2017-12-28,8,5,3
2017-12-28,7,4,3
2017-12-28,9,7,2
2017-12-28,11,4,7
2017-12-28,12,1,11
2017-12-28,26,5,21
2017-12-28,31,5,26
2017-12-28,20,5,15
2017-12-28,8,3,5
2017-12-28,2,0,2
2017-12-28,3,0,3
2017-12-28,2,1,1
2017-12-28,0,0,0
2017-12-29,0,0,0
2017-12-29,0,0,0
2017-12-29,1,0,1
2017-12-29,1,0,1
2017-12-29,1,0,1
2017-12-29,7,6,1
2017-12-29,8,8,0
2017-12-29,14,11,3
2017-12-29,15,12,3
2017-12-29,5,3,2
2017-12-29,3,3,0
2017-12-29,1,1,0
2017-12-29,4,3,1
2017-12-29,8,4,4
2017-12-29,5,3,2
2017-12-29,13,1,12
2017-12-29,15,3,12
2017-12-29,15,6,9
2017-12-29,5,2,3
2017-12-29,6,1,5
2017-12-29,1,0,1
2017-12-29,0,0,0
2017-12-29,3,1,2
2017-12-29,0,0,0
2017-12-30,0,0,0
2017-12-30,1,0,1
2017-12-30,2,2,0
2017-12-30,2,0,2
2017-12-30,1,0,1
2017-12-30,0,0,0
2017-12-30,4,3,1
2017-12-30,2,1,1
2017-12-30,9,7,2
2017-12-30,24,12,12
2017-12-30,19,12,7
2017-12-30,25,17,8
2017-12-30,49,30,19
2017-12-30,31,9,22
2017-12-30,26,8,18
2017-12-30,18,13,5
2017-12-30,14,5,9
2017-12-30,11,6,5
2017-12-30,8,3,5
2017-12-30,2,1,1
2017-12-30,4,1,3
2017-12-30,4,1,3
2017-12-30,3,0,3
2017-12-30,2,1,1
2017-12-31,5,3,2
2017-12-31,0,0,0
2017-12-31,5,4,1
2017-12-31,1,1,0
2017-12-31,2,2,0
2017-12-31,2,2,0
2017-12-31,4,2,2
2017-12-31,4,2,2
2017-12-31,13,11,2
2017-12-31,12,10,2
2017-12-31,25,10,15
2017-12-31,23,17,6
2017-12-31,29,14,15
2017-12-31,49,13,36
2017-12-31,30,11,19
2017-12-31,18,7,11
2017-12-31,15,11,4
2017-12-31,11,3,8
2017-12-31,8,5,3
2017-12-31,5,4,1
2017-12-31,4,4,0
2017-12-31,2,0,2
2017-12-31,5,4,1
2017-12-31,1,0,1
2018-01-01,4,2,2
2018-01-01,5,3,2
2018-01-01,2,0,2
2018-01-01,4,1,3
2018-01-01,5,0,5
2018-01-01,1,1,0
2018-01-01,2,1,1
2018-01-01,4,4,0
2018-01-01,4,2,2
2018-01-01,6,3,3
2018-01-01,17,12,5
2018-01-01,16,7,9
2018-01-01,38,18,20
2018-01-01,33,20,13
2018-01-01,29,13,16
2018-01-01,25,12,13
2018-01-01,19,9,10
2018-01-01,5,1,4
2018-01-01,5,5,0
2018-01-01,5,0,5
2018-01-01,1,1,0
2018-01-01,2,1,1
2018-01-01,1,1,0
2018-01-01,0,0,0
2018-01-02,5,0,5
2018-01-02,2,2,0
2018-01-02,1,1,0
2018-01-02,2,0,2
2018-01-02,6,6,0
2018-01-02,13,12,1
2018-01-02,49,43,6
2018-01-02,76,66,10
2018-01-02,111,102,9
2018-01-02,28,27,1
2018-01-02,10,9,1
2018-01-02,15,8,7
2018-01-02,15,9,6
2018-01-02,17,12,5
2018-01-02,11,6,5
2018-01-02,22,3,19
2018-01-02,77,10,67
2018-01-02,122,15,107
2018-01-02,75,10,65
2018-01-02,12,0,12
2018-01-02,8,2,6
2018-01-02,0,0,0
2018-01-02,5,1,4
2018-01-02,1,0,1
2018-01-03,0,0,0
2018-01-03,1,1,0
2018-01-03,1,1,0
2018-01-03,0,0,0
2018-01-03,3,2,1
2018-01-03,16,15,1
2018-01-03,45,40,5
2018-01-03,93,85,8
2018-01-03,111,106,5
2018-01-03,48,44,4
2018-01-03,20,15,5
2018-01-03,23,12,11
2018-01-03,14,6,8
2018-01-03,21,9,12
2018-01-03,17,5,12
2018-01-03,31,9,22
2018-01-03,73,14,59
2018-01-03,132,17,115
2018-01-03,73,8,65
2018-01-03,19,5,14
2018-01-03,6,0,6
2018-01-03,6,2,4
2018-01-03,5,1,4
2018-01-03,1,1,0
2018-01-04,0,0,0
2018-01-04,2,2,0
2018-01-04,3,0,3
2018-01-04,3,2,1
2018-01-04,6,4,2
2018-01-04,22,19,3
2018-01-04,45,37,8
2018-01-04,80,71,9
2018-01-04,110,101,9
2018-01-04,45,41,4
2018-01-04,13,9,4
2018-01-04,7,5,2
2018-01-04,17,13,4
2018-01-04,9,4,5
2018-01-04,12,8,4
2018-01-04,32,6,26
2018-01-04,67,15,52
2018-01-04,112,14,98
2018-01-04,66,8,58
2018-01-04,21,0,21
2018-01-04,14,3,11
2018-01-04,13,2,11
2018-01-04,3,0,3
2018-01-04,2,1,1
2018-01-05,3,2,1
2018-01-05,1,1,0
2018-01-05,3,1,2
2018-01-05,1,0,1
2018-01-05,2,1,1
2018-01-05,13,10,3
2018-01-05,22,19,3
2018-01-05,57,50,7
2018-01-05,70,62,8
2018-01-05,47,36,11
2018-01-05,9,7,2
2018-01-05,7,5,2
2018-01-05,4,4,0
2018-01-05,16,5,11
2018-01-05,11,6,5
2018-01-05,21,6,15
2018-01-05,51,9,42
2018-01-05,62,8,54
2018-01-05,39,5,34
2018-01-05,23,6,17
2018-01-05,6,0,6
2018-01-05,1,0,1
2018-01-05,1,0,1
2018-01-05,0,0,0
2018-01-06,2,1,1
2018-01-06,0,0,0
2018-01-06,4,0,4
2018-01-06,2,0,2
2018-01-06,1,1,0
2018-01-06,0,0,0
2018-01-06,5,3,2
2018-01-06,0,0,0
2018-01-06,5,3,2
2018-01-06,12,7,5
2018-01-06,11,6,5
2018-01-06,11,6,5
2018-01-06,13,4,9
2018-01-06,20,9,11
2018-01-06,8,4,4
2018-01-06,13,4,9
2018-01-06,19,11,8
2018-01-06,7,4,3
2018-01-06,5,4,1
2018-01-06,5,0,5
2018-01-06,4,2,2
2018-01-06,1,1,0
2018-01-06,6,3,3
2018-01-06,4,3,1
2018-01-07,4,0,4
2018-01-07,2,0,2
2018-01-07,1,1,0
2018-01-07,2,1,1
2018-01-07,0,0,0
2018-01-07,0,0,0
2018-01-07,6,3,3
2018-01-07,2,1,1
2018-01-07,5,2,3
2018-01-07,2,2,0
2018-01-07,19,11,8
2018-01-07,19,12,7
2018-01-07,12,6,6
2018-01-07,24,13,11
2018-01-07,13,9,4
2018-01-07,10,4,6
2018-01-07,6,1,5
2018-01-07,4,3,1
2018-01-07,3,2,1
2018-01-07,5,0,5
2018-01-07,0,0,0
2018-01-07,0,0,0
2018-01-07,2,1,1
2018-01-07,0,0,0
2018-01-08,1,1,0
2018-01-08,3,2,1
2018-01-08,1,0,1
2018-01-08,1,0,1
2018-01-08,3,3,0
2018-01-08,18,18,0
2018-01-08,44,41,3
2018-01-08,109,100,9
2018-01-08,91,81,10
2018-01-08,52,47,5
2018-01-08,14,11,3
2018-01-08,17,8,9
2018-01-08,19,11,8
2018-01-08,23,11,12
2018-01-08,21,7,14
2018-01-08,25,4,21
2018-01-08,68,12,56
2018-01-08,131,13,118
2018-01-08,79,11,68
2018-01-08,14,2,12
2018-01-08,14,1,13
2018-01-08,2,1,1
2018-01-08,1,0,1
2018-01-08,0,0,0
2018-01-09,0,0,0
2018-01-09,0,0,0
2018-01-09,0,0,0
2018-01-09,0,0,0
2018-01-09,10,7,3
2018-01-09,19,15,4
2018-01-09,43,36,7
2018-01-09,92,82,10
2018-01-09,82,78,4
2018-01-09,37,35,2
2018-01-09,7,4,3
2018-01-09,8,6,2
2018-01-09,8,4,4
2018-01-09,4,2,2
2018-01-09,13,6,7
2018-01-09,25,6,19
2018-01-09,59,13,46
2018-01-09,102,16,86
2018-01-09,51,5,46
2018-01-09,32,4,28
2018-01-09,6,0,6
2018-01-09,4,1,3
2018-01-09,4,2,2
2018-01-09,0,0,0
2018-01-10,4,3,1
2018-01-10,2,2,0
2018-01-10,1,0,1
2018-01-10,2,1,1
2018-01-10,3,2,1
2018-01-10,16,13,3
2018-01-10,38,31,7
2018-01-10,114,102,12
2018-01-10,84,75,9
2018-01-10,35,30,5
2018-01-10,16,13,3
2018-01-10,5,2,3
2018-01-10,5,3,2
2018-01-10,12,7,5
2018-01-10,13,8,5
2018-01-10,23,4,19
2018-01-10,68,5,63
2018-01-10,83,7,76
2018-01-10,62,3,59
2018-01-10,21,0,21
2018-01-10,7,0,7
2018-01-10,7,2,5
2018-01-10,4,0,4
2018-01-10,1,1,0
2018-01-11,0,0,0
2018-01-11,0,0,0
2018-01-11,4,3,1
2018-01-11,0,0,0
2018-01-11,6,5,1
2018-01-11,15,14,1
2018-01-11,21,16,5
2018-01-11,59,48,11
2018-01-11,52,52,0
2018-01-11,17,16,1
2018-01-11,4,3,1
2018-01-11,5,4,1
2018-01-11,1,0,1
2018-01-11,5,2,3
2018-01-11,11,6,5
2018-01-11,17,2,15
2018-01-11,33,6,27
2018-01-11,58,10,48
2018-01-11,36,2,34
2018-01-11,18,4,14
2018-01-11,2,0,2
2018-01-11,6,1,5
2018-01-11,3,0,3
2018-01-11,0,0,0
2018-01-12,0,0,0
2018-01-12,1,1,0
2018-01-12,2,0,2
2018-01-12,2,1,1
2018-01-12,4,3,1
2018-01-12,18,16,2
2018-01-12,22,17,5
2018-01-12,59,57,2
2018-01-12,65,63,2
2018-01-12,31,30,1
2018-01-12,12,10,2
2018-01-12,10,5,5
2018-01-12,6,1,5
2018-01-12,19,9,10
2018-01-12,16,7,9
2018-01-12,24,4,20
2018-01-12,54,6,48
2018-01-12,74,9,65
2018-01-12,36,4,32
2018-01-12,7,2,5
2018-01-12,5,0,5
2018-01-12,6,0,6
2018-01-12,2,1,1
2018-01-12,1,0,1
2018-01-13,0,0,0
2018-01-13,3,2,1
2018-01-13,0,0,0
2018-01-13,2,0,2
2018-01-13,3,2,1
2018-01-13,0,0,0
2018-01-13,4,4,0
2018-01-13,4,1,3
2018-01-13,6,5,1
2018-01-13,19,13,6
2018-01-13,31,15,16
2018-01-13,31,18,13
2018-01-13,26,11,15
2018-01-13,33,14,19
2018-01-13,27,12,15
2018-01-13,26,7,19
2018-01-13,31,12,19
2018-01-13,10,5,5
2018-01-13,8,5,3
2018-01-13,6,1,5
2018-01-13,1,0,1
2018-01-13,2,2,0
2018-01-13,2,2,0
2018-01-13,1,0,1
2018-01-14,1,0,1
2018-01-14,3,1,2
2018-01-14,5,2,3
2018-01-14,2,2,0
2018-01-14,2,1,1
2018-01-14,1,1,0
2018-01-14,4,3,1
2018-01-14,7,5,2
2018-01-14,15,7,8
2018-01-14,33,21,12
2018-01-14,42,22,20
2018-01-14,53,25,28
2018-01-14,48,23,25
2018-01-14,79,36,43
2018-01-14,72,42,30
2018-01-14,68,33,35
2018-01-14,45,25,20
2018-01-14,22,15,7
2018-01-14,18,3,15
2018-01-14,10,3,7
2018-01-14,0,0,0
2018-01-14,2,1,1
2018-01-14,3,1,2
2018-01-14,3,1,2
2018-01-15,1,1,0
2018-01-15,3,2,1
2018-01-15,1,0,1
2018-01-15,2,0,2
2018-01-15,2,2,0
2018-01-15,17,14,3
2018-01-15,36,27,9
2018-01-15,51,47,4
2018-01-15,63,59,4
2018-01-15,31,24,7
2018-01-15,24,18,6
2018-01-15,27,17,10
2018-01-15,33,15,18
2018-01-15,51,26,25
2018-01-15,42,26,16
2018-01-15,48,14,34
2018-01-15,54,12,42
2018-01-15,78,7,71
2018-01-15,31,1,30
2018-01-15,12,2,10
2018-01-15,11,6,5
2018-01-15,8,0,8
2018-01-15,4,1,3
2018-01-15,0,0,0
2018-01-16,0,0,0
2018-01-16,0,0,0
2018-01-16,0,0,0
2018-01-16,1,0,1
2018-01-16,3,2,1
2018-01-16,25,21,4
2018-01-16,39,33,6
2018-01-16,89,79,10
2018-01-16,95,84,11
2018-01-16,38,28,10
2018-01-16,9,8,1
2018-01-16,12,11,1
2018-01-16,16,8,8
2018-01-16,17,11,6
2018-01-16,20,12,8
2018-01-16,24,8,16
2018-01-16,76,10,66
2018-01-16,105,14,91
2018-01-16,64,9,55
2018-01-16,32,8,24
2018-01-16,10,1,9
2018-01-16,6,2,4
2018-01-16,3,0,3
2018-01-16,3,0,3
2018-01-17,1,0,1
2018-01-17,1,0,1
2018-01-17,2,0,2
2018-01-17,0,0,0
2018-01-17,6,6,0
2018-01-17,19,17,2
2018-01-17,37,33,4
2018-01-17,68,54,14
2018-01-17,102,92,10
2018-01-17,46,37,9
2018-01-17,19,14,5
2018-01-17,13,8,5
2018-01-17,12,6,6
2018-01-17,11,8,3
2018-01-17,16,7,9
2018-01-17,26,1,25
2018-01-17,48,13,35
2018-01-17,81,10,71
2018-01-17,44,3,41
2018-01-17,13,0,13
2018-01-17,16,0,16
2018-01-17,7,2,5
2018-01-17,3,1,2
2018-01-17,0,0,0
2018-01-18,0,0,0
2018-01-18,3,1,2
2018-01-18,0,0,0
2018-01-18,2,1,1
2018-01-18,4,3,1
2018-01-18,17,16,1
2018-01-18,37,33,4
2018-01-18,70,64,6
2018-01-18,87,85,2
2018-01-18,33,30,3
2018-01-18,14,11,3
2018-01-18,14,10,4
2018-01-18,12,9,3
2018-01-18,7,2,5
2018-01-18,12,5,7
2018-01-18,13,2,11
2018-01-18,49,7,42
2018-01-18,94,11,83
2018-01-18,47,4,43
2018-01-18,19,2,17
2018-01-18,9,0,9
2018-01-18,7,1,6
2018-01-18,5,1,4
2018-01-18,2,1,1
2018-01-19,0,0,0
2018-01-19,1,0,1
2018-01-19,1,0,1
2018-01-19,0,0,0
2018-01-19,4,2,2
2018-01-19,16,14,2
2018-01-19,28,26,2
2018-01-19,71,58,13
2018-01-19,72,65,7
2018-01-19,30,27,3
2018-01-19,13,8,5
2018-01-19,15,12,3
2018-01-19,8,5,3
2018-01-19,9,6,3
2018-01-19,17,5,12
2018-01-19,29,10,19
2018-01-19,55,9,46
2018-01-19,72,14,58
2018-01-19,39,5,34
2018-01-19,20,3,17
2018-01-19,6,2,4
2018-01-19,3,0,3
2018-01-19,6,2,4
2018-01-19,2,1,1
2018-01-20,1,0,1
2018-01-20,3,0,3
2018-01-20,2,2,0
2018-01-20,2,1,1
2018-01-20,0,0,0
2018-01-20,1,0,1
2018-01-20,5,4,1
2018-01-20,6,6,0
2018-01-20,15,11,4
2018-01-20,10,6,4
2018-01-20,19,13,6
2018-01-20,13,9,4
2018-01-20,23,11,12
2018-01-20,20,11,9
2018-01-20,25,12,13
2018-01-20,15,4,11
2018-01-20,18,5,13
2018-01-20,10,3,7
2018-01-20,10,6,4
2018-01-20,1,0,1
2018-01-20,2,0,2
2018-01-20,1,0,1
2018-01-20,2,2,0
2018-01-20,0,0,0
2018-01-21,0,0,0
2018-01-21,3,1,2
2018-01-21,2,1,1
2018-01-21,1,1,0
2018-01-21,0,0,0
2018-01-21,2,2,0
2018-01-21,1,1,0
2018-01-21,1,1,0
2018-01-21,6,4,2
2018-01-21,2,2,0
2018-01-21,4,4,0
2018-01-21,4,2,2
2018-01-21,7,2,5
2018-01-21,8,6,2
2018-01-21,11,9,2
2018-01-21,7,3,4
2018-01-21,1,0,1
2018-01-21,6,3,3
2018-01-21,0,0,0
2018-01-21,1,0,1
2018-01-21,2,0,2
2018-01-21,0,0,0
2018-01-21,1,0,1
2018-01-21,2,2,0
2018-01-22,0,0,0
2018-01-22,1,0,1
2018-01-22,0,0,0
2018-01-22,2,0,2
2018-01-22,3,3,0
2018-01-22,24,22,2
2018-01-22,39,35,4
2018-01-22,94,85,9
2018-01-22,95,85,10
2018-01-22,32,28,4
2018-01-22,16,11,5
2018-01-22,13,11,2
2018-01-22,13,7,6
2018-01-22,24,14,10
2018-01-22,20,6,14
2018-01-22,23,3,20
2018-01-22,71,17,54
2018-01-22,111,13,98
2018-01-22,68,5,63
2018-01-22,19,6,13
2018-01-22,8,1,7
2018-01-22,4,1,3
2018-01-22,4,2,2
2018-01-22,0,0,0
2018-01-23,1,1,0
2018-01-23,2,1,1
2018-01-23,5,0,5
2018-01-23,2,1,1
2018-01-23,3,3,0
2018-01-23,23,19,4
2018-01-23,35,30,5
2018-01-23,65,56,9
2018-01-23,76,73,3
2018-01-23,23,22,1
2018-01-23,13,9,4
2018-01-23,4,2,2
2018-01-23,2,1,1
2018-01-23,4,3,1
2018-01-23,9,4,5
2018-01-23,15,4,11
2018-01-23,44,2,42
2018-01-23,74,8,66
2018-01-23,43,5,38
2018-01-23,14,2,12
2018-01-23,5,2,3
2018-01-23,9,2,7
2018-01-23,3,1,2
2018-01-23,0,0,0
2018-01-24,1,0,1
2018-01-24,3,2,1
2018-01-24,1,0,1
2018-01-24,0,0,0
2018-01-24,5,3,2
2018-01-24,16,14,2
2018-01-24,40,35,5
2018-01-24,79,69,10
2018-01-24,53,47,6
2018-01-24,32,28,4
2018-01-24,8,5,3
2018-01-24,10,7,3
2018-01-24,10,5,5
2018-01-24,10,8,2
2018-01-24,14,8,6
2018-01-24,16,3,13
2018-01-24,46,7,39
2018-01-24,78,9,69
2018-01-24,36,5,31
2018-01-24,13,2,11
2018-01-24,9,0,9
2018-01-24,6,1,5
2018-01-24,6,0,6
2018-01-24,0,0,0
2018-01-25,1,0,1
2018-01-25,2,1,1
2018-01-25,1,0,1
2018-01-25,3,2,1
2018-01-25,4,3,1
2018-01-25,21,17,4
2018-01-25,29,28,1
2018-01-25,72,66,6
2018-01-25,90,85,5
2018-01-25,23,22,1
2018-01-25,13,10,3
2018-01-25,8,5,3
2018-01-25,7,4,3
2018-01-25,6,5,1
2018-01-25,10,5,5
2018-01-25,21,7,14
2018-01-25,58,9,49
2018-01-25,87,8,79
2018-01-25,59,6,53
2018-01-25,24,2,22
2018-01-25,7,1,6
2018-01-25,5,1,4
2018-01-25,4,1,3
2018-01-25,1,1,0
2018-01-26,1,0,1
2018-01-26,3,1,2
2018-01-26,1,0,1
2018-01-26,0,0,0
2018-01-26,2,1,1
2018-01-26,21,17,4
2018-01-26,21,14,7
2018-01-26,57,51,6
2018-01-26,69,62,7
2018-01-26,24,22,2
2018-01-26,9,8,1
2018-01-26,12,10,2
2018-01-26,11,4,7
2018-01-26,10,5,5
2018-01-26,18,8,10
2018-01-26,25,7,18
2018-01-26,49,6,43
2018-01-26,72,10,62
2018-01-26,38,5,33
2018-01-26,8,2,6
2018-01-26,6,0,6
2018-01-26,3,1,2
2018-01-26,5,1,4
2018-01-26,2,2,0
2018-01-27,2,0,2
2018-01-27,1,0,1
2018-01-27,1,0,1
2018-01-27,1,0,1
2018-01-27,1,0,1
2018-01-27,2,2,0
2018-01-27,4,3,1
2018-01-27,3,2,1
2018-01-27,8,6,2
2018-01-27,7,4,3
2018-01-27,8,5,3
2018-01-27,9,7,2
2018-01-27,11,4,7
2018-01-27,8,3,5
2018-01-27,10,5,5
2018-01-27,19,10,9
2018-01-27,11,6,5
2018-01-27,13,5,8
2018-01-27,6,3,3
2018-01-27,3,1,2
2018-01-27,2,1,1
2018-01-27,1,0,1
2018-01-27,3,1,2
2018-01-27,0,0,0
2018-01-28,0,0,0
2018-01-28,3,1,2
2018-01-28,0,0,0
2018-01-28,0,0,0
2018-01-28,1,1,0
2018-01-28,0,0,0
2018-01-28,4,2,2
2018-01-28,3,1,2
2018-01-28,12,11,1
2018-01-28,9,3,6
2018-01-28,11,9,2
2018-01-28,24,15,9
2018-01-28,10,4,6
2018-01-28,14,5,9
2018-01-28,23,14,9
2018-01-28,26,12,14
2018-01-28,17,8,9
2018-01-28,12,7,5
2018-01-28,3,2,1
2018-01-28,5,1,4
2018-01-28,7,0,7
2018-01-28,3,3,0
2018-01-28,2,1,1
2018-01-28,5,2,3
2018-01-29,3,1,2
2018-01-29,3,1,2
2018-01-29,4,4,0
2018-01-29,2,2,0
2018-01-29,7,6,1
2018-01-29,18,16,2
2018-01-29,35,29,6
2018-01-29,69,65,4
2018-01-29,71,56,15
2018-01-29,25,23,2
2018-01-29,7,5,2
2018-01-29,3,2,1
2018-01-29,5,4,1
2018-01-29,3,2,1
2018-01-29,8,3,5
2018-01-29,14,2,12
2018-01-29,46,5,41
2018-01-29,73,5,68
2018-01-29,51,3,48
2018-01-29,13,0,13
2018-01-29,6,3,3
2018-01-29,2,0,2
2018-01-29,2,0,2
2018-01-29,3,1,2
2018-01-30,3,0,3
2018-01-30,2,1,1
2018-01-30,1,1,0
2018-01-30,2,0,2
2018-01-30,6,6,0
2018-01-30,31,27,4
2018-01-30,37,34,3
2018-01-30,95,86,9
2018-01-30,94,90,4
2018-01-30,32,30,2
2018-01-30,19,15,4
2018-01-30,18,10,8
2018-01-30,18,11,7
2018-01-30,20,9,11
2018-01-30,24,10,14
2018-01-30,32,10,22
2018-01-30,84,14,70
2018-01-30,113,16,97
2018-01-30,64,6,58
2018-01-30,24,2,22
2018-01-30,19,6,13
2018-01-30,7,2,5
2018-01-30,6,0,6
2018-01-30,1,0,1
2018-01-31,2,0,2
2018-01-31,1,0,1
2018-01-31,1,1,0
2018-01-31,0,0,0
2018-01-31,3,2,1
2018-01-31,19,15,4
2018-01-31,44,37,7
2018-01-31,88,84,4
2018-01-31,111,105,6
2018-01-31,34,32,2
2018-01-31,6,5,1
2018-01-31,14,7,7
2018-01-31,15,11,4
2018-01-31,14,8,6
2018-01-31,15,4,11
2018-01-31,28,3,25
2018-01-31,50,10,40
2018-01-31,109,10,99
2018-01-31,61,9,52
2018-01-31,29,3,26
2018-01-31,6,0,6
2018-01-31,14,3,11
2018-01-31,1,0,1
2018-01-31,3,1,2
2018-02-01,2,1,1
2018-02-01,4,3,1
2018-02-01,2,1,1
2018-02-01,1,0,1
2018-02-01,7,5,2
2018-02-01,18,15,3
2018-02-01,38,34,4
2018-02-01,72,69,3
2018-02-01,71,67,4
2018-02-01,42,35,7
2018-02-01,8,6,2
2018-02-01,14,11,3
2018-02-01,5,3,2
2018-02-01,10,7,3
2018-02-01,9,4,5
2018-02-01,15,1,14
2018-02-01,42,7,35
2018-02-01,71,4,67
2018-02-01,52,3,49
2018-02-01,18,3,15
2018-02-01,4,0,4
2018-02-01,4,0,4
2018-02-01,1,1,0
2018-02-01,1,0,1
2018-02-02,1,0,1
2018-02-02,4,2,2
2018-02-02,2,0,2
2018-02-02,1,0,1
2018-02-02,3,2,1
2018-02-02,14,11,3
2018-02-02,24,23,1
2018-02-02,59,56,3
2018-02-02,72,70,2
2018-02-02,31,26,5
2018-02-02,7,5,2
2018-02-02,8,6,2
2018-02-02,15,9,6
2018-02-02,19,7,12
2018-02-02,26,13,13
2018-02-02,29,10,19
2018-02-02,32,4,28
2018-02-02,79,6,73
2018-02-02,44,5,39
2018-02-02,18,6,12
2018-02-02,8,0,8
2018-02-02,5,1,4
2018-02-02,26,5,21
2018-02-02,1,0,1
2018-02-03,3,3,0
2018-02-03,6,5,1
2018-02-03,4,2,2
2018-02-03,3,1,2
2018-02-03,2,0,2
2018-02-03,0,0,0
2018-02-03,6,3,3
2018-02-03,4,4,0
2018-02-03,16,15,1
2018-02-03,11,5,6
2018-02-03,11,6,5
2018-02-03,12,8,4
2018-02-03,26,10,16
2018-02-03,21,9,12
2018-02-03,16,3,13
2018-02-03,7,4,3
2018-02-03,11,4,7
2018-02-03,11,7,4
2018-02-03,7,3,4
2018-02-03,3,2,1
2018-02-03,3,2,1
2018-02-03,1,0,1
2018-02-03,1,0,1
2018-02-03,3,3,0
2018-02-04,3,1,2
2018-02-04,2,0,2
2018-02-04,0,0,0
2018-02-04,1,0,1
2018-02-04,0,0,0
2018-02-04,1,0,1
2018-02-04,2,1,1
2018-02-04,7,1,6
2018-02-04,13,10,3
2018-02-04,10,7,3
2018-02-04,12,4,8
2018-02-04,24,14,10
2018-02-04,12,5,7
2018-02-04,22,10,12
2018-02-04,34,17,17
2018-02-04,30,11,19
2018-02-04,19,9,10
2018-02-04,16,9,7
2018-02-04,4,2,2
2018-02-04,10,3,7
2018-02-04,3,2,1
2018-02-04,4,3,1
2018-02-04,2,0,2
2018-02-04,3,1,2
2018-02-05,3,1,2
2018-02-05,2,1,1
2018-02-05,3,1,2
2018-02-05,0,0,0
2018-02-05,4,4,0
2018-02-05,24,21,3
2018-02-05,49,41,8
2018-02-05,106,88,18
2018-02-05,122,108,14
2018-02-05,41,39,2
2018-02-05,17,13,4
2018-02-05,11,6,5
2018-02-05,12,11,1
2018-02-05,20,11,9
2018-02-05,10,3,7
2018-02-05,27,7,20
2018-02-05,77,9,68
2018-02-05,125,14,111
2018-02-05,77,11,66
2018-02-05,26,0,26
2018-02-05,9,0,9
2018-02-05,7,1,6
2018-02-05,2,1,1
2018-02-05,1,1,0
2018-02-06,0,0,0
2018-02-06,2,2,0
2018-02-06,3,0,3
2018-02-06,0,0,0
2018-02-06,10,7,3
2018-02-06,29,24,5
2018-02-06,54,48,6
2018-02-06,113,100,13
2018-02-06,113,107,6
2018-02-06,43,40,3
2018-02-06,23,20,3
2018-02-06,22,15,7
2018-02-06,14,9,5
2018-02-06,13,6,7
2018-02-06,26,8,18
2018-02-06,26,6,20
2018-02-06,92,17,75
2018-02-06,125,11,114
2018-02-06,64,4,60
2018-02-06,33,3,30
2018-02-06,16,1,15
2018-02-06,16,5,11
2018-02-06,6,3,3
2018-02-06,2,1,1
2018-02-07,1,0,1
2018-02-07,0,0,0
2018-02-07,0,0,0
2018-02-07,0,0,0
2018-02-07,5,4,1
2018-02-07,24,20,4
2018-02-07,59,51,8
2018-02-07,108,100,8
2018-02-07,104,95,9
2018-02-07,33,31,2
2018-02-07,23,19,4
2018-02-07,16,11,5
2018-02-07,23,17,6
2018-02-07,28,20,8
2018-02-07,23,11,12
2018-02-07,37,7,30
2018-02-07,81,9,72
2018-02-07,122,14,108
2018-02-07,72,9,63
2018-02-07,24,3,21
2018-02-07,19,5,14
2018-02-07,10,2,8
2018-02-07,7,1,6
2018-02-07,0,0,0
2018-02-08,0,0,0
2018-02-08,3,2,1
2018-02-08,0,0,0
2018-02-08,2,0,2
2018-02-08,4,3,1
2018-02-08,26,23,3
2018-02-08,42,36,6
2018-02-08,97,94,3
2018-02-08,90,85,5
2018-02-08,53,46,7
2018-02-08,19,14,5
2018-02-08,20,9,11
2018-02-08,15,8,7
2018-02-08,12,5,7
2018-02-08,13,7,6
2018-02-08,32,10,22
2018-02-08,70,10,60
2018-02-08,93,9,84
2018-02-08,63,6,57
2018-02-08,28,7,21
2018-02-08,8,2,6
2018-02-08,12,2,10
2018-02-08,4,2,2
2018-02-08,4,2,2
2018-02-09,0,0,0
2018-02-09,3,2,1
2018-02-09,4,2,2
2018-02-09,3,1,2
2018-02-09,5,4,1
2018-02-09,22,17,5
2018-02-09,30,28,2
2018-02-09,73,64,9
2018-02-09,87,80,7
2018-02-09,33,28,5
2018-02-09,21,13,8
2018-02-09,26,18,8
2018-02-09,20,9,11
2018-02-09,15,5,10
2018-02-09,32,13,19
2018-02-09,54,13,41
2018-02-09,76,17,59
2018-02-09,106,12,94
2018-02-09,49,9,40
2018-02-09,19,6,13
2018-02-09,7,1,6
2018-02-09,2,1,1
2018-02-09,3,1,2
2018-02-09,5,3,2
2018-02-10,1,0,1
2018-02-10,8,3,5
2018-02-10,2,1,1
2018-02-10,2,1,1
2018-02-10,3,1,2
2018-02-10,5,5,0
2018-02-10,7,3,4
2018-02-10,8,5,3
2018-02-10,20,17,3
2018-02-10,32,12,20
2018-02-10,43,20,23
2018-02-10,39,19,20
2018-02-10,64,36,28
2018-02-10,77,43,34
2018-02-10,53,24,29
2018-02-10,65,36,29
2018-02-10,41,17,24
2018-02-10,18,14,4
2018-02-10,11,4,7
2018-02-10,10,4,6
2018-02-10,6,1,5
2018-02-10,4,1,3
2018-02-10,4,3,1
2018-02-10,3,2,1
2018-02-11,1,0,1
2018-02-11,4,2,2
2018-02-11,0,0,0
2018-02-11,4,1,3
2018-02-11,1,1,0
2018-02-11,1,1,0
2018-02-11,6,5,1
2018-02-11,2,1,1
2018-02-11,12,8,4
2018-02-11,4,4,0
2018-02-11,25,9,16
2018-02-11,24,10,14
2018-02-11,35,16,19
2018-02-11,37,19,18
2018-02-11,36,21,15
2018-02-11,27,13,14
2018-02-11,16,6,10
2018-02-11,16,7,9
2018-02-11,2,2,0
2018-02-11,6,1,5
2018-02-11,3,2,1
2018-02-11,3,2,1
2018-02-11,2,1,1
2018-02-11,1,1,0
2018-02-12,1,0,1
2018-02-12,1,0,1
2018-02-12,0,0,0
2018-02-12,0,0,0
2018-02-12,5,5,0
2018-02-12,20,17,3
2018-02-12,57,46,11
2018-02-12,97,89,8
2018-02-12,103,96,7
2018-02-12,35,34,1
2018-02-12,14,13,1
2018-02-12,13,4,9
2018-02-12,18,7,11
2018-02-12,23,13,10
2018-02-12,21,13,8
2018-02-12,25,5,20
2018-02-12,92,18,74
2018-02-12,110,13,97
2018-02-12,77,4,73
2018-02-12,22,5,17
2018-02-12,5,0,5
2018-02-12,9,3,6
2018-02-12,1,1,0
2018-02-12,3,3,0
2018-02-13,0,0,0
2018-02-13,0,0,0
2018-02-13,0,0,0
2018-02-13,1,0,1
2018-02-13,8,6,2
2018-02-13,27,25,2
2018-02-13,46,39,7
2018-02-13,84,71,13
2018-02-13,94,88,6
2018-02-13,41,37,4
2018-02-13,11,10,1
2018-02-13,25,14,11
2018-02-13,13,6,7
2018-02-13,17,8,9
2018-02-13,16,7,9
2018-02-13,38,15,23
2018-02-13,83,6,77
2018-02-13,99,11,88
2018-02-13,65,12,53
2018-02-13,27,3,24
2018-02-13,4,0,4
2018-02-13,6,3,3
2018-02-13,2,1,1
2018-02-13,1,0,1
2018-02-14,0,0,0
2018-02-14,0,0,0
2018-02-14,0,0,0
2018-02-14,0,0,0
2018-02-14,4,3,1
2018-02-14,18,15,3
2018-02-14,35,30,5
2018-02-14,74,68,6
2018-02-14,89,82,7
2018-02-14,32,27,5
2018-02-14,11,11,0
2018-02-14,8,4,4
2018-02-14,4,3,1
2018-02-14,16,10,6
2018-02-14,7,2,5
2018-02-14,21,6,15
2018-02-14,69,9,60
2018-02-14,103,8,95
2018-02-14,51,4,47
2018-02-14,15,3,12
2018-02-14,10,2,8
2018-02-14,4,2,2
2018-02-14,3,0,3
2018-02-14,2,0,2
2018-02-15,1,0,1
2018-02-15,2,1,1
2018-02-15,1,0,1
2018-02-15,1,0,1
2018-02-15,4,3,1
2018-02-15,18,16,2
2018-02-15,45,38,7
2018-02-15,86,77,9
2018-02-15,86,84,2
2018-02-15,37,31,6
2018-02-15,18,15,3
2018-02-15,19,8,11
2018-02-15,9,5,4
2018-02-15,20,10,10
2018-02-15,12,7,5
2018-02-15,29,8,21
2018-02-15,62,12,50
2018-02-15,103,15,88
2018-02-15,63,4,59
2018-02-15,12,2,10
2018-02-15,11,3,8
2018-02-15,6,0,6
2018-02-15,5,1,4
2018-02-15,1,1,0
2018-02-16,4,2,2
2018-02-16,5,3,2
2018-02-16,3,1,2
2018-02-16,1,0,1
2018-02-16,2,1,1
2018-02-16,15,14,1
2018-02-16,22,18,4
2018-02-16,64,57,7
2018-02-16,61,54,7
2018-02-16,25,23,2
2018-02-16,11,9,2
2018-02-16,11,9,2
2018-02-16,6,2,4
2018-02-16,16,9,7
2018-02-16,10,3,7
2018-02-16,21,5,16
2018-02-16,48,10,38
2018-02-16,71,10,61
2018-02-16,39,3,36
2018-02-16,23,7,16
2018-02-16,5,1,4
2018-02-16,9,5,4
2018-02-16,2,0,2
2018-02-16,6,1,5
2018-02-17,0,0,0
2018-02-17,4,1,3
2018-02-17,1,1,0
2018-02-17,1,0,1
2018-02-17,0,0,0
2018-02-17,0,0,0
2018-02-17,2,2,0
2018-02-17,2,2,0
2018-02-17,4,2,2
2018-02-17,1,1,0
2018-02-17,8,3,5
2018-02-17,5,1,4
2018-02-17,10,6,4
2018-02-17,22,14,8
2018-02-17,15,3,12
2018-02-17,24,10,14
2018-02-17,20,13,7
2018-02-17,11,7,4
2018-02-17,7,4,3
2018-02-17,5,2,3
2018-02-17,3,2,1
2018-02-17,1,0,1
2018-02-17,5,3,2
2018-02-17,3,1,2
2018-02-18,1,1,0
2018-02-18,1,1,0
2018-02-18,1,1,0
2018-02-18,1,0,1
2018-02-18,0,0,0
2018-02-18,2,2,0
2018-02-18,2,2,0
2018-02-18,0,0,0
2018-02-18,7,6,1
2018-02-18,4,3,1
2018-02-18,16,5,11
2018-02-18,15,12,3
2018-02-18,11,7,4
2018-02-18,3,1,2
2018-02-18,6,2,4
2018-02-18,8,4,4
2018-02-18,11,6,5
2018-02-18,7,6,1
2018-02-18,4,2,2
2018-02-18,5,0,5
2018-02-18,2,0,2
2018-02-18,0,0,0
2018-02-18,1,1,0
2018-02-18,0,0,0
2018-02-19,0,0,0
2018-02-19,3,1,2
2018-02-19,0,0,0
2018-02-19,0,0,0
2018-02-19,0,0,0
2018-02-19,8,6,2
2018-02-19,12,10,2
2018-02-19,22,20,2
2018-02-19,36,31,5
2018-02-19,21,17,4
2018-02-19,12,9,3
2018-02-19,7,3,4
2018-02-19,15,9,6
2018-02-19,18,10,8
2018-02-19,17,10,7
2018-02-19,13,5,8
2018-02-19,24,6,18
2018-02-19,40,7,33
2018-02-19,19,2,17
2018-02-19,11,1,10
2018-02-19,3,1,2
2018-02-19,5,1,4
2018-02-19,0,0,0
2018-02-19,0,0,0
2018-02-20,0,0,0
2018-02-20,0,0,0
2018-02-20,0,0,0
2018-02-20,1,0,1
2018-02-20,1,0,1
2018-02-20,21,17,4
2018-02-20,25,20,5
2018-02-20,48,45,3
2018-02-20,79,72,7
2018-02-20,19,17,2
2018-02-20,9,7,2
2018-02-20,11,6,5
2018-02-20,5,5,0
2018-02-20,7,3,4
2018-02-20,13,5,8
2018-02-20,15,5,10
2018-02-20,39,5,34
2018-02-20,66,10,56
2018-02-20,45,4,41
2018-02-20,21,6,15
2018-02-20,3,1,2
2018-02-20,5,2,3
2018-02-20,4,0,4
2018-02-20,1,1,0
2018-02-21,0,0,0
2018-02-21,0,0,0
2018-02-21,0,0,0
2018-02-21,0,0,0
2018-02-21,3,2,1
2018-02-21,19,16,3
2018-02-21,26,22,4
2018-02-21,53,45,8
2018-02-21,70,60,10
2018-02-21,21,20,1
2018-02-21,13,11,2
2018-02-21,11,8,3
2018-02-21,9,4,5
2018-02-21,12,7,5
2018-02-21,4,4,0
2018-02-21,21,6,15
2018-02-21,42,9,33
2018-02-21,72,7,65
2018-02-21,41,3,38
2018-02-21,14,2,12
2018-02-21,8,2,6
2018-02-21,5,4,1
2018-02-21,2,0,2
2018-02-21,1,1,0
2018-02-22,1,0,1
2018-02-22,2,1,1
2018-02-22,1,0,1
2018-02-22,1,0,1
2018-02-22,1,1,0
2018-02-22,10,9,1
2018-02-22,10,8,2
2018-02-22,12,11,1
2018-02-22,18,17,1
2018-02-22,7,7,0
2018-02-22,5,4,1
2018-02-22,9,7,2
2018-02-22,4,1,3
2018-02-22,5,2,3
2018-02-22,6,4,2
2018-02-22,7,3,4
2018-02-22,22,4,18
2018-02-22,33,8,25
2018-02-22,16,3,13
2018-02-22,6,2,4
2018-02-22,6,0,6
2018-02-22,3,0,3
2018-02-22,2,0,2
2018-02-22,0,0,0
2018-02-23,0,0,0
2018-02-23,4,3,1
2018-02-23,4,1,3
2018-02-23,1,0,1
2018-02-23,0,0,0
2018-02-23,13,10,3
2018-02-23,15,12,3
2018-02-23,27,23,4
2018-02-23,36,32,4
2018-02-23,8,7,1
2018-02-23,6,5,1
2018-02-23,10,6,4
2018-02-23,9,7,2
2018-02-23,13,6,7
2018-02-23,11,6,5
2018-02-23,19,7,12
2018-02-23,30,4,26
2018-02-23,40,5,35
2018-02-23,9,1,8
2018-02-23,5,1,4
2018-02-23,6,1,5
2018-02-23,0,0,0
2018-02-23,2,2,0
2018-02-23,5,1,4
2018-02-24,2,1,1
2018-02-24,1,0,1
2018-02-24,2,1,1
2018-02-24,3,1,2
2018-02-24,1,0,1
2018-02-24,2,1,1
2018-02-24,3,3,0
2018-02-24,5,5,0
2018-02-24,6,2,4
2018-02-24,9,7,2
2018-02-24,22,12,10
2018-02-24,16,10,6
2018-02-24,25,18,7
2018-02-24,19,5,14
2018-02-24,24,17,7
2018-02-24,30,16,14
2018-02-24,15,6,9
2018-02-24,24,10,14
2018-02-24,12,6,6
2018-02-24,4,2,2
2018-02-24,4,1,3
2018-02-24,7,1,6
2018-02-24,6,3,3
2018-02-24,2,2,0
2018-02-25,1,0,1
2018-02-25,3,3,0
2018-02-25,0,0,0
2018-02-25,1,0,1
2018-02-25,0,0,0
2018-02-25,0,0,0
2018-02-25,4,4,0
2018-02-25,22,20,2
2018-02-25,31,24,7
2018-02-25,7,3,4
2018-02-25,20,13,7
2018-02-25,15,12,3
2018-02-25,22,9,13
2018-02-25,23,9,14
2018-02-25,24,6,18
2018-02-25,28,8,20
2018-02-25,26,11,15
2018-02-25,6,5,1
2018-02-25,3,1,2
2018-02-25,1,0,1
2018-02-25,3,1,2
2018-02-25,5,1,4
2018-02-25,0,0,0
2018-02-25,0,0,0
2018-02-26,0,0,0
2018-02-26,1,1,0
2018-02-26,0,0,0
2018-02-26,4,1,3
2018-02-26,4,3,1
2018-02-26,24,19,5
2018-02-26,44,39,5
2018-02-26,96,92,4
2018-02-26,88,81,7
2018-02-26,33,33,0
2018-02-26,13,8,5
2018-02-26,10,8,2
2018-02-26,12,5,7
2018-02-26,11,6,5
2018-02-26,23,16,7
2018-02-26,36,11,25
2018-02-26,85,17,68
2018-02-26,119,11,108
2018-02-26,65,7,58
2018-02-26,21,3,18
2018-02-26,10,1,9
2018-02-26,10,1,9
2018-02-26,6,3,3
2018-02-26,0,0,0
2018-02-27,0,0,0
2018-02-27,1,1,0
2018-02-27,1,0,1
2018-02-27,4,1,3
2018-02-27,2,1,1
2018-02-27,17,15,2
2018-02-27,50,44,6
2018-02-27,101,90,11
2018-02-27,97,92,5
2018-02-27,31,27,4
2018-02-27,10,10,0
2018-02-27,6,4,2
2018-02-27,13,6,7
2018-02-27,12,7,5
2018-02-27,13,7,6
2018-02-27,23,6,17
2018-02-27,54,11,43
2018-02-27,86,9,77
2018-02-27,54,3,51
2018-02-27,20,2,18
2018-02-27,11,2,9
2018-02-27,2,0,2
2018-02-27,6,0,6
2018-02-27,0,0,0
2018-02-28,0,0,0
2018-02-28,0,0,0
2018-02-28,1,1,0
2018-02-28,1,1,0
2018-02-28,2,1,1
2018-02-28,16,12,4
2018-02-28,37,34,3
2018-02-28,79,68,11
2018-02-28,69,64,5
2018-02-28,34,32,2
2018-02-28,12,8,4
2018-02-28,10,6,4
2018-02-28,10,5,5
2018-02-28,7,5,2
2018-02-28,8,5,3
2018-02-28,15,6,9
2018-02-28,49,8,41
2018-02-28,77,12,65
2018-02-28,49,2,47
2018-02-28,25,2,23
2018-02-28,4,1,3
2018-02-28,11,4,7
2018-02-28,0,0,0
2018-02-28,2,1,1
2018-03-01,3,0,3
2018-03-01,5,4,1
2018-03-01,3,0,3
2018-03-01,1,0,1
2018-03-01,7,5,2
2018-03-01,19,16,3
2018-03-01,42,35,7
2018-03-01,95,86,9
2018-03-01,88,81,7
2018-03-01,0,0,0
2018-03-01,6,5,1
2018-03-01,14,8,6
2018-03-01,24,13,11
2018-03-01,19,16,3
2018-03-01,17,11,6
2018-03-01,29,2,27
2018-03-01,77,15,62
2018-03-01,120,21,99
2018-03-01,60,8,52
2018-03-01,38,3,35
2018-03-01,20,4,16
2018-03-01,12,2,10
2018-03-01,14,6,8
2018-03-01,17,13,4
2018-03-02,2,1,1
2018-03-02,3,0,3
2018-03-02,1,0,1
2018-03-02,0,0,0
2018-03-02,2,2,0
2018-03-02,11,10,1
2018-03-02,27,23,4
2018-03-02,66,61,5
2018-03-02,87,80,7
2018-03-02,27,23,4
2018-03-02,18,15,3
2018-03-02,14,10,4
2018-03-02,11,7,4
2018-03-02,12,4,8
2018-03-02,17,7,10
2018-03-02,29,6,23
2018-03-02,49,4,45
2018-03-02,83,9,74
2018-03-02,38,5,33
2018-03-02,21,5,16
2018-03-02,16,3,13
2018-03-02,3,0,3
2018-03-02,2,1,1
2018-03-02,2,0,2
2018-03-03,2,0,2
2018-03-03,3,1,2
2018-03-03,2,0,2
2018-03-03,4,1,3
2018-03-03,1,0,1
2018-03-03,2,2,0
2018-03-03,2,2,0
2018-03-03,9,3,6
2018-03-03,26,18,8
2018-03-03,18,11,7
2018-03-03,34,23,11
2018-03-03,50,25,25
2018-03-03,68,27,41
2018-03-03,72,38,34
2018-03-03,63,29,34
2018-03-03,56,43,13
2018-03-03,52,24,28
2018-03-03,28,13,15
2018-03-03,8,2,6
2018-03-03,5,2,3
2018-03-03,3,3,0
2018-03-03,4,1,3
2018-03-03,1,1,0
2018-03-03,1,1,0
2018-03-04,3,1,2
2018-03-04,2,0,2
2018-03-04,1,0,1
2018-03-04,0,0,0
2018-03-04,0,0,0
2018-03-04,1,1,0
2018-03-04,5,3,2
2018-03-04,8,7,1
2018-03-04,13,9,4
2018-03-04,36,17,19
2018-03-04,35,27,8
2018-03-04,37,17,20
2018-03-04,29,20,9
2018-03-04,41,16,25
2018-03-04,17,13,4
2018-03-04,13,5,8
2018-03-04,18,9,9
2018-03-04,8,2,6
2018-03-04,7,1,6
2018-03-04,1,0,1
2018-03-04,6,3,3
2018-03-04,2,0,2
2018-03-04,0,0,0
2018-03-04,0,0,0
2018-03-05,0,0,0
2018-03-05,2,0,2
2018-03-05,0,0,0
2018-03-05,2,1,1
2018-03-05,4,4,0
2018-03-05,18,15,3
2018-03-05,65,58,7
2018-03-05,122,107,15
2018-03-05,108,98,10
2018-03-05,46,43,3
2018-03-05,10,10,0
2018-03-05,15,7,8
2018-03-05,16,12,4
2018-03-05,16,10,6
2018-03-05,19,9,10
2018-03-05,39,7,32
2018-03-05,88,17,71
2018-03-05,141,12,129
2018-03-05,59,7,52
2018-03-05,31,6,25
2018-03-05,15,4,11
2018-03-05,5,1,4
2018-03-05,3,0,3
2018-03-05,0,0,0
2018-03-06,2,1,1
2018-03-06,1,1,0
2018-03-06,0,0,0
2018-03-06,1,0,1
2018-03-06,3,2,1
2018-03-06,26,24,2
2018-03-06,64,56,8
2018-03-06,124,109,15
2018-03-06,123,107,16
2018-03-06,45,44,1
2018-03-06,19,17,2
2018-03-06,18,10,8
2018-03-06,30,18,12
2018-03-06,21,9,12
2018-03-06,28,11,17
2018-03-06,54,17,37
2018-03-06,129,31,98
2018-03-06,169,18,151
2018-03-06,62,11,51
2018-03-06,29,6,23
2018-03-06,10,4,6
2018-03-06,17,5,12
2018-03-06,5,1,4
2018-03-06,3,0,3
2018-03-07,0,0,0
2018-03-07,1,0,1
2018-03-07,0,0,0
2018-03-07,0,0,0
2018-03-07,2,1,1
2018-03-07,23,20,3
2018-03-07,68,57,11
2018-03-07,120,107,13
2018-03-07,98,90,8
2018-03-07,39,37,2
2018-03-07,15,11,4
2018-03-07,24,12,12
2018-03-07,14,9,5
2018-03-07,21,12,9
2018-03-07,15,7,8
2018-03-07,32,9,23
2018-03-07,90,19,71
2018-03-07,140,18,122
2018-03-07,62,9,53
2018-03-07,16,0,16
2018-03-07,13,4,9
2018-03-07,20,2,18
2018-03-07,3,0,3
2018-03-07,4,2,2
2018-03-08,3,0,3
2018-03-08,2,1,1
2018-03-08,4,0,4
2018-03-08,2,0,2
2018-03-08,4,3,1
2018-03-08,18,15,3
2018-03-08,31,24,7
2018-03-08,59,54,5
2018-03-08,56,53,3
2018-03-08,15,15,0
2018-03-08,11,11,0
2018-03-08,4,4,0
2018-03-08,5,2,3
2018-03-08,6,3,3
2018-03-08,4,2,2
2018-03-08,14,2,12
2018-03-08,36,8,28
2018-03-08,72,5,67
2018-03-08,33,3,30
2018-03-08,20,1,19
2018-03-08,6,1,5
2018-03-08,5,0,5
2018-03-08,2,1,1
2018-03-08,2,0,2
2018-03-09,1,0,1
2018-03-09,0,0,0
2018-03-09,0,0,0
2018-03-09,0,0,0
2018-03-09,5,4,1
2018-03-09,15,13,2
2018-03-09,37,30,7
2018-03-09,80,74,6
2018-03-09,92,82,10
2018-03-09,25,18,7
2018-03-09,18,12,6
2018-03-09,16,13,3
2018-03-09,12,6,6
2018-03-09,19,7,12
2018-03-09,25,7,18
2018-03-09,47,14,33
2018-03-09,77,18,59
2018-03-09,90,5,85
2018-03-09,44,5,39
2018-03-09,23,8,15
2018-03-09,7,2,5
2018-03-09,8,2,6
2018-03-09,8,4,4
2018-03-09,0,0,0
2018-03-10,1,1,0
2018-03-10,4,1,3
2018-03-10,2,1,1
2018-03-10,2,1,1
2018-03-10,4,1,3
2018-03-10,2,2,0
2018-03-10,5,3,2
2018-03-10,3,3,0
2018-03-10,22,18,4
2018-03-10,30,19,11
2018-03-10,42,26,16
2018-03-10,41,24,17
2018-03-10,65,25,40
2018-03-10,67,30,37
2018-03-10,53,22,31
2018-03-10,59,37,22
2018-03-10,42,12,30
2018-03-10,46,21,25
2018-03-10,27,20,7
2018-03-10,7,4,3
2018-03-10,9,4,5
2018-03-10,3,0,3
2018-03-10,5,0,5
2018-03-10,2,0,2
2018-03-11,3,1,2
2018-03-11,1,1,0
2018-03-11,,,
2018-03-11,2,0,2
2018-03-11,0,0,0
2018-03-11,3,3,0
2018-03-11,1,0,1
2018-03-11,2,2,0
2018-03-11,16,10,6
2018-03-11,11,6,5
2018-03-11,42,26,16
2018-03-11,48,26,22
2018-03-11,70,33,37
2018-03-11,82,38,44
2018-03-11,87,41,46
2018-03-11,76,43,33
2018-03-11,76,30,46
2018-03-11,64,38,26
2018-03-11,38,18,20
2018-03-11,20,11,9
2018-03-11,6,1,5
2018-03-11,4,1,3
2018-03-11,2,1,1
2018-03-11,2,1,1
2018-03-12,3,2,1
2018-03-12,4,2,2
2018-03-12,2,1,1
2018-03-12,0,0,0
2018-03-12,5,5,0
2018-03-12,31,27,4
2018-03-12,67,57,10
2018-03-12,131,120,11
2018-03-12,139,128,11
2018-03-12,70,65,5
2018-03-12,25,17,8
2018-03-12,27,15,12
2018-03-12,33,15,18
2018-03-12,37,23,14
2018-03-12,46,21,25
2018-03-12,98,28,70
2018-03-12,141,35,106
2018-03-12,213,32,181
2018-03-12,112,16,96
2018-03-12,51,11,40
2018-03-12,13,6,7
2018-03-12,14,8,6
2018-03-12,4,0,4
2018-03-12,3,2,1
2018-03-13,3,1,2
2018-03-13,0,0,0
2018-03-13,1,1,0
2018-03-13,1,0,1
2018-03-13,2,2,0
2018-03-13,25,21,4
2018-03-13,37,32,5
2018-03-13,89,78,11
2018-03-13,90,81,9
2018-03-13,39,35,4
2018-03-13,11,10,1
2018-03-13,16,11,5
2018-03-13,9,7,2
2018-03-13,5,2,3
2018-03-13,12,5,7
2018-03-13,16,5,11
2018-03-13,53,9,44
2018-03-13,89,5,84
2018-03-13,63,7,56
2018-03-13,17,1,16
2018-03-13,7,2,5
2018-03-13,6,2,4
2018-03-13,2,1,1
2018-03-13,1,0,1
2018-03-14,0,0,0
2018-03-14,2,0,2
2018-03-14,1,0,1
2018-03-14,0,0,0
2018-03-14,4,3,1
2018-03-14,18,15,3
2018-03-14,0,0,0
2018-03-14,0,0,0
2018-03-14,0,0,0
2018-03-14,0,0,0
2018-03-14,0,0,0
2018-03-14,0,0,0
2018-03-14,0,0,0
2018-03-14,17,9,8
2018-03-14,20,11,9
2018-03-14,46,14,32
2018-03-14,88,18,70
2018-03-14,122,24,98
2018-03-14,86,18,68
2018-03-14,28,7,21
2018-03-14,23,7,16
2018-03-14,13,1,12
2018-03-14,9,2,7
2018-03-14,1,0,1
2018-03-15,0,0,0
2018-03-15,2,0,2
2018-03-15,0,0,0
2018-03-15,1,0,1
2018-03-15,6,5,1
2018-03-15,16,15,1
2018-03-15,53,44,9
2018-03-15,112,101,11
2018-03-15,115,110,5
2018-03-15,52,49,3
2018-03-15,13,8,5
2018-03-15,14,6,8
2018-03-15,18,7,11
2018-03-15,32,17,15
2018-03-15,27,10,17
2018-03-15,50,13,37
2018-03-15,78,23,55
2018-03-15,153,27,126
2018-03-15,83,13,70
2018-03-15,31,3,28
2018-03-15,12,0,12
2018-03-15,10,3,7
2018-03-15,3,0,3
2018-03-15,4,2,2
2018-03-16,0,0,0
2018-03-16,1,0,1
2018-03-16,0,0,0
2018-03-16,2,0,2
2018-03-16,7,6,1
2018-03-16,26,25,1
2018-03-16,43,37,6
2018-03-16,85,78,7
2018-03-16,113,105,8
2018-03-16,33,30,3
2018-03-16,34,20,14
2018-03-16,15,12,3
2018-03-16,18,8,10
2018-03-16,23,7,16
2018-03-16,45,15,30
2018-03-16,57,12,45
2018-03-16,110,28,82
2018-03-16,123,18,105
2018-03-16,69,13,56
2018-03-16,31,11,20
2018-03-16,15,6,9
2018-03-16,4,1,3
2018-03-16,3,1,2
2018-03-16,4,1,3
2018-03-17,4,0,4
2018-03-17,3,1,2
2018-03-17,0,0,0
2018-03-17,4,1,3
2018-03-17,3,1,2
2018-03-17,3,3,0
2018-03-17,11,7,4
2018-03-17,12,10,2
2018-03-17,15,13,2
2018-03-17,32,18,14
2018-03-17,35,17,18
2018-03-17,27,18,9
2018-03-17,42,20,22
2018-03-17,50,33,17
2018-03-17,35,15,20
2018-03-17,49,26,23
2018-03-17,19,11,8
2018-03-17,23,14,9
2018-03-17,17,6,11
2018-03-17,19,3,16
2018-03-17,4,0,4
2018-03-17,6,5,1
2018-03-17,6,2,4
2018-03-17,7,4,3
2018-03-18,3,1,2
2018-03-18,1,1,0
2018-03-18,5,1,4
2018-03-18,0,0,0
2018-03-18,0,0,0
2018-03-18,1,1,0
2018-03-18,4,3,1
2018-03-18,2,1,1
2018-03-18,18,14,4
2018-03-18,18,6,12
2018-03-18,46,30,16
2018-03-18,33,18,15
2018-03-18,45,26,19
2018-03-18,49,29,20
2018-03-18,47,23,24
2018-03-18,65,25,40
2018-03-18,41,18,23
2018-03-18,40,25,15
2018-03-18,25,11,14
2018-03-18,11,3,8
2018-03-18,8,0,8
2018-03-18,7,4,3
2018-03-18,2,0,2
2018-03-18,3,1,2
2018-03-19,0,0,0
2018-03-19,2,1,1
2018-03-19,0,0,0
2018-03-19,1,1,0
2018-03-19,4,4,0
2018-03-19,24,21,3
2018-03-19,60,51,9
2018-03-19,129,116,13
2018-03-19,138,132,6
2018-03-19,46,39,7
2018-03-19,32,25,7
2018-03-19,34,13,21
2018-03-19,22,10,12
2018-03-19,39,27,12
2018-03-19,26,10,16
2018-03-19,47,6,41
2018-03-19,113,17,96
2018-03-19,149,16,133
2018-03-19,87,16,71
2018-03-19,38,9,29
2018-03-19,19,8,11
2018-03-19,7,1,6
2018-03-19,2,0,2
2018-03-19,0,0,0
2018-03-20,0,0,0
2018-03-20,1,1,0
2018-03-20,2,1,1
2018-03-20,2,1,1
2018-03-20,8,6,2
2018-03-20,28,24,4
2018-03-20,66,57,9
2018-03-20,112,103,9
2018-03-20,109,103,6
2018-03-20,50,48,2
2018-03-20,26,17,9
2018-03-20,30,17,13
2018-03-20,20,13,7
2018-03-20,17,6,11
2018-03-20,30,16,14
2018-03-20,54,11,43
2018-03-20,125,29,96
2018-03-20,162,22,140
2018-03-20,100,22,78
2018-03-20,52,15,37
2018-03-20,15,6,9
2018-03-20,10,2,8
2018-03-20,8,3,5
2018-03-20,3,1,2
2018-03-21,3,1,2
2018-03-21,1,1,0
2018-03-21,0,0,0
2018-03-21,0,0,0
2018-03-21,7,5,2
2018-03-21,24,23,1
2018-03-21,59,54,5
2018-03-21,108,96,12
2018-03-21,108,102,6
2018-03-21,51,48,3
2018-03-21,25,17,8
2018-03-21,22,17,5
2018-03-21,12,6,6
2018-03-21,27,17,10
2018-03-21,21,9,12
2018-03-21,40,11,29
2018-03-21,96,14,82
2018-03-21,149,23,126
2018-03-21,78,15,63
2018-03-21,30,6,24
2018-03-21,17,3,14
2018-03-21,8,2,6
2018-03-21,7,0,7
2018-03-21,1,0,1
2018-03-22,1,1,0
2018-03-22,1,0,1
2018-03-22,0,0,0
2018-03-22,1,0,1
2018-03-22,3,2,1
2018-03-22,19,17,2
2018-03-22,44,38,6
2018-03-22,61,56,5
2018-03-22,59,56,3
2018-03-22,18,15,3
2018-03-22,7,7,0
2018-03-22,3,3,0
2018-03-22,0,0,0
2018-03-22,0,0,0
2018-03-22,0,0,0
2018-03-22,18,4,14
2018-03-22,50,7,43
2018-03-22,84,6,78
2018-03-22,54,9,45
2018-03-22,15,2,13
2018-03-22,5,0,5
2018-03-22,5,0,5
2018-03-22,4,1,3
2018-03-22,0,0,0
2018-03-23,1,0,1
2018-03-23,1,0,1
2018-03-23,2,1,1
2018-03-23,3,1,2
2018-03-23,2,1,1
2018-03-23,10,9,1
2018-03-23,31,28,3
2018-03-23,66,58,8
2018-03-23,63,61,2
2018-03-23,24,24,0
2018-03-23,6,5,1
2018-03-23,3,3,0
2018-03-23,9,6,3
2018-03-23,10,6,4
2018-03-23,16,9,7
2018-03-23,23,1,22
2018-03-23,44,8,36
2018-03-23,71,4,67
2018-03-23,36,5,31
2018-03-23,10,3,7
2018-03-23,4,0,4
2018-03-23,2,0,2
2018-03-23,3,1,2
2018-03-23,1,1,0
2018-03-24,1,1,0
2018-03-24,2,1,1
2018-03-24,6,3,3
2018-03-24,4,1,3
2018-03-24,2,0,2
2018-03-24,0,0,0
2018-03-24,3,3,0
2018-03-24,5,5,0
2018-03-24,9,8,1
2018-03-24,19,10,9
2018-03-24,23,21,2
2018-03-24,21,14,7
2018-03-24,42,21,21
2018-03-24,30,12,18
2018-03-24,44,23,21
2018-03-24,30,19,11
2018-03-24,24,7,17
2018-03-24,18,5,13
2018-03-24,17,8,9
2018-03-24,7,1,6
2018-03-24,4,2,2
2018-03-24,4,3,1
2018-03-24,4,0,4
2018-03-24,0,0,0
2018-03-25,2,1,1
2018-03-25,0,0,0
2018-03-25,2,1,1
2018-03-25,1,0,1
2018-03-25,1,1,0
2018-03-25,2,2,0
2018-03-25,4,3,1
2018-03-25,12,8,4
2018-03-25,23,13,10
2018-03-25,35,21,14
2018-03-25,25,17,8
2018-03-25,44,17,27
2018-03-25,46,23,23
2018-03-25,43,26,17
2018-03-25,27,13,14
2018-03-25,55,25,30
2018-03-25,45,24,21
2018-03-25,33,16,17
2018-03-25,21,9,12
2018-03-25,20,9,11
2018-03-25,6,2,4
2018-03-25,6,1,5
2018-03-25,2,1,1
2018-03-25,2,0,2
2018-03-26,0,0,0
2018-03-26,1,1,0
2018-03-26,4,3,1
2018-03-26,1,0,1
2018-03-26,1,1,0
2018-03-26,14,12,2
2018-03-26,37,33,4
2018-03-26,86,75,11
2018-03-26,87,82,5
2018-03-26,34,33,1
2018-03-26,12,9,3
2018-03-26,1,1,0
2018-03-26,8,4,4
2018-03-26,4,1,3
2018-03-26,10,5,5
2018-03-26,21,7,14
2018-03-26,49,5,44
2018-03-26,111,15,96
2018-03-26,48,3,45
2018-03-26,20,4,16
2018-03-26,12,4,8
2018-03-26,5,2,3
2018-03-26,8,2,6
2018-03-26,4,3,1
2018-03-27,0,0,0
2018-03-27,0,0,0
2018-03-27,0,0,0
2018-03-27,3,2,1
2018-03-27,2,1,1
2018-03-27,15,13,2
2018-03-27,44,40,4
2018-03-27,77,71,6
2018-03-27,92,84,8
2018-03-27,23,21,2
2018-03-27,8,6,2
2018-03-27,14,9,5
2018-03-27,12,5,7
2018-03-27,14,10,4
2018-03-27,15,6,9
2018-03-27,15,2,13
2018-03-27,61,11,50
2018-03-27,106,10,96
2018-03-27,66,9,57
2018-03-27,27,3,24
2018-03-27,10,0,10
2018-03-27,6,0,6
2018-03-27,1,0,1
2018-03-27,5,3,2
2018-03-28,0,0,0
2018-03-28,1,0,1
2018-03-28,1,0,1
2018-03-28,0,0,0
2018-03-28,3,2,1
2018-03-28,19,18,1
2018-03-28,67,58,9
2018-03-28,107,95,12
2018-03-28,112,106,6
2018-03-28,37,34,3
2018-03-28,23,16,7
2018-03-28,17,15,2
2018-03-28,15,7,8
2018-03-28,24,11,13
2018-03-28,22,6,16
2018-03-28,41,10,31
2018-03-28,70,10,60
2018-03-28,134,18,116
2018-03-28,79,14,65
2018-03-28,25,1,24
2018-03-28,14,5,9
2018-03-28,12,0,12
2018-03-28,7,2,5
2018-03-28,4,0,4
2018-03-29,4,3,1
2018-03-29,2,1,1
2018-03-29,1,0,1
2018-03-29,0,0,0
2018-03-29,3,2,1
2018-03-29,22,18,4
2018-03-29,69,64,5
2018-03-29,96,88,8
2018-03-29,91,84,7
2018-03-29,53,50,3
2018-03-29,20,15,5
2018-03-29,14,7,7
2018-03-29,26,14,12
2018-03-29,18,13,5
2018-03-29,32,12,20
2018-03-29,34,12,22
2018-03-29,83,22,61
2018-03-29,130,15,115
2018-03-29,74,12,62
2018-03-29,40,7,33
2018-03-29,42,4,38
2018-03-29,13,5,8
2018-03-29,33,22,11
2018-03-29,5,1,4
2018-03-30,4,0,4
2018-03-30,3,2,1
2018-03-30,0,0,0
2018-03-30,2,2,0
2018-03-30,4,2,2
2018-03-30,22,18,4
2018-03-30,37,33,4
2018-03-30,82,72,10
2018-03-30,83,76,7
2018-03-30,44,38,6
2018-03-30,26,15,11
2018-03-30,20,11,9
2018-03-30,24,14,10
2018-03-30,22,10,12
2018-03-30,34,17,17
2018-03-30,46,17,29
2018-03-30,99,16,83
2018-03-30,86,15,71
2018-03-30,55,8,47
2018-03-30,24,1,23
2018-03-30,8,4,4
2018-03-30,5,0,5
2018-03-30,9,4,5
2018-03-30,3,1,2
2018-03-31,3,1,2
2018-03-31,5,2,3
2018-03-31,2,1,1
2018-03-31,3,2,1
2018-03-31,1,0,1
2018-03-31,2,2,0
2018-03-31,9,8,1
2018-03-31,13,5,8
2018-03-31,29,22,7
2018-03-31,28,18,10
2018-03-31,54,28,26
2018-03-31,57,27,30
2018-03-31,58,32,26
2018-03-31,63,30,33
2018-03-31,40,22,18
2018-03-31,73,31,42
2018-03-31,78,41,37
2018-03-31,57,19,38
2018-03-31,33,16,17
2018-03-31,10,5,5
2018-03-31,9,2,7
2018-03-31,17,4,13
2018-03-31,9,3,6
2018-03-31,3,1,2
2018-04-01,4,2,2
2018-04-01,3,2,1
2018-04-01,2,0,2
2018-04-01,2,0,2
2018-04-01,3,2,1
2018-04-01,3,2,1
2018-04-01,3,1,2
2018-04-01,3,2,1
2018-04-01,11,6,5
2018-04-01,8,7,1
2018-04-01,6,2,4
2018-04-01,9,3,6
2018-04-01,13,9,4
2018-04-01,9,6,3
2018-04-01,19,6,13
2018-04-01,20,10,10
2018-04-01,19,7,12
2018-04-01,11,8,3
2018-04-01,7,1,6
2018-04-01,7,3,4
2018-04-01,3,0,3
2018-04-01,0,0,0
2018-04-01,1,0,1
2018-04-01,2,1,1
2018-04-02,0,0,0
2018-04-02,1,0,1
2018-04-02,0,0,0
2018-04-02,0,0,0
2018-04-02,6,4,2
2018-04-02,26,24,2
2018-04-02,62,54,8
2018-04-02,129,117,12
2018-04-02,128,119,9
2018-04-02,38,35,3
2018-04-02,20,17,3
2018-04-02,20,13,7
2018-04-02,25,8,17
2018-04-02,21,13,8
2018-04-02,22,12,10
2018-04-02,42,10,32
2018-04-02,96,17,79
2018-04-02,147,11,136
2018-04-02,78,11,67
2018-04-02,31,5,26
2018-04-02,17,8,9
2018-04-02,10,2,8
2018-04-02,6,0,6
2018-04-02,5,4,1
2018-04-03,1,1,0
2018-04-03,0,0,0
2018-04-03,1,0,1
2018-04-03,2,1,1
2018-04-03,5,3,2
2018-04-03,31,28,3
2018-04-03,59,50,9
2018-04-03,122,113,9
2018-04-03,117,111,6
2018-04-03,38,34,4
2018-04-03,20,16,4
2018-04-03,14,12,2
2018-04-03,11,5,6
2018-04-03,26,12,14
2018-04-03,23,12,11
2018-04-03,37,10,27
2018-04-03,102,18,84
2018-04-03,141,21,120
2018-04-03,85,12,73
2018-04-03,23,3,20
2018-04-03,11,3,8
2018-04-03,6,2,4
2018-04-03,7,1,6
2018-04-03,3,1,2
2018-04-04,1,1,0
2018-04-04,1,0,1
2018-04-04,1,1,0
2018-04-04,1,0,1
2018-04-04,3,1,2
2018-04-04,24,22,2
2018-04-04,39,34,5
2018-04-04,64,60,4
2018-04-04,99,93,6
2018-04-04,29,28,1
2018-04-04,8,7,1
2018-04-04,12,6,6
2018-04-04,8,3,5
2018-04-04,7,4,3
2018-04-04,6,2,4
2018-04-04,14,3,11
2018-04-04,63,11,52
2018-04-04,83,7,76
2018-04-04,58,2,56
2018-04-04,20,0,20
2018-04-04,13,4,9
2018-04-04,6,3,3
2018-04-04,2,1,1
2018-04-04,3,1,2
2018-04-05,2,0,2
2018-04-05,3,2,1
2018-04-05,3,0,3
2018-04-05,1,0,1
2018-04-05,3,2,1
2018-04-05,19,18,1
2018-04-05,26,24,2
2018-04-05,82,74,8
2018-04-05,81,77,4
2018-04-05,25,20,5
2018-04-05,10,10,0
2018-04-05,6,4,2
2018-04-05,4,2,2
2018-04-05,6,4,2
2018-04-05,14,7,7
2018-04-05,20,4,16
2018-04-05,54,12,42
2018-04-05,82,5,77
2018-04-05,47,5,42
2018-04-05,26,5,21
2018-04-05,14,3,11
2018-04-05,13,2,11
2018-04-05,8,0,8
2018-04-05,3,2,1
2018-04-06,1,0,1
2018-04-06,1,1,0
2018-04-06,1,0,1
2018-04-06,0,0,0
2018-04-06,4,3,1
2018-04-06,17,15,2
2018-04-06,39,36,3
2018-04-06,88,76,12
2018-04-06,87,82,5
2018-04-06,32,29,3
2018-04-06,18,12,6
2018-04-06,8,8,0
2018-04-06,20,13,7
2018-04-06,26,13,13
2018-04-06,25,7,18
2018-04-06,52,12,40
2018-04-06,98,21,77
2018-04-06,122,21,101
2018-04-06,70,9,61
2018-04-06,31,16,15
2018-04-06,23,9,14
2018-04-06,9,6,3
2018-04-06,7,1,6
2018-04-06,4,2,2
2018-04-07,3,1,2
2018-04-07,3,1,2
2018-04-07,5,1,4
2018-04-07,1,0,1
2018-04-07,1,0,1
2018-04-07,0,0,0
2018-04-07,0,0,0
2018-04-07,0,0,0
2018-04-07,0,0,0
2018-04-07,0,0,0
2018-04-07,0,0,0
2018-04-07,0,0,0
2018-04-07,0,0,0
2018-04-07,0,0,0
2018-04-07,0,0,0
2018-04-07,0,0,0
2018-04-07,0,0,0
2018-04-07,0,0,0
2018-04-07,0,0,0
2018-04-07,7,3,4
2018-04-07,3,2,1
2018-04-07,2,2,0
2018-04-07,1,0,1
2018-04-07,3,1,2
2018-04-08,2,1,1
2018-04-08,1,0,1
2018-04-08,0,0,0
2018-04-08,0,0,0
2018-04-08,1,1,0
2018-04-08,5,5,0
2018-04-08,74,67,7
2018-04-08,63,58,5
2018-04-08,90,61,29
2018-04-08,86,8,78
2018-04-08,73,12,61
2018-04-08,14,0,14
2018-04-08,4,2,2
2018-04-08,3,0,3
2018-04-08,0,0,0
2018-04-08,0,0,0
2018-04-08,1,0,1
2018-04-08,4,2,2
2018-04-08,4,1,3
2018-04-08,5,4,1
2018-04-08,6,2,4
2018-04-08,2,1,1
2018-04-08,4,0,4
2018-04-08,2,0,2
2018-04-09,5,2,3
2018-04-09,0,0,0
2018-04-09,0,0,0
2018-04-09,0,0,0
2018-04-09,0,0,0
2018-04-09,0,0,0
2018-04-09,0,0,0
2018-04-09,0,0,0
2018-04-09,0,0,0
2018-04-09,0,0,0
2018-04-09,0,0,0
2018-04-09,0,0,0
2018-04-09,0,0,0
2018-04-09,0,0,0
2018-04-09,0,0,0
2018-04-09,0,0,0
2018-04-09,0,0,0
2018-04-09,0,0,0
2018-04-09,0,0,0
2018-04-09,0,0,0
2018-04-09,0,0,0
2018-04-09,1,0,1
2018-04-09,10,3,7
2018-04-09,6,2,4
2018-04-10,1,0,1
2018-04-10,2,1,1
2018-04-10,0,0,0
2018-04-10,0,0,0
2018-04-10,6,4,2
2018-04-10,23,19,4
2018-04-10,38,33,5
2018-04-10,65,57,8
2018-04-10,62,59,3
2018-04-10,25,22,3
2018-04-10,8,6,2
2018-04-10,9,5,4
2018-04-10,9,7,2
2018-04-10,15,10,5
2018-04-10,17,9,8
2018-04-10,17,3,14
2018-04-10,55,15,40
2018-04-10,93,15,78
2018-04-10,66,11,55
2018-04-10,37,13,24
2018-04-10,12,4,8
2018-04-10,9,3,6
2018-04-10,4,1,3
2018-04-10,6,2,4
2018-04-11,1,1,0
2018-04-11,2,2,0
2018-04-11,3,3,0
2018-04-11,0,0,0
2018-04-11,2,1,1
2018-04-11,22,18,4
2018-04-11,47,43,4
2018-04-11,96,82,14
2018-04-11,88,80,8
2018-04-11,33,27,6
2018-04-11,18,17,1
2018-04-11,10,5,5
2018-04-11,6,4,2
2018-04-11,8,1,7
2018-04-11,14,8,6
2018-04-11,19,4,15
2018-04-11,58,14,44
2018-04-11,84,4,80
2018-04-11,47,1,46
2018-04-11,24,1,23
2018-04-11,14,4,10
2018-04-11,9,2,7
2018-04-11,2,0,2
2018-04-11,0,0,0
2018-04-12,1,0,1
2018-04-12,2,1,1
2018-04-12,2,2,0
2018-04-12,4,2,2
2018-04-12,2,1,1
2018-04-12,20,16,4
2018-04-12,42,40,2
2018-04-12,91,82,9
2018-04-12,86,79,7
2018-04-12,37,35,2
2018-04-12,7,4,3
2018-04-12,10,6,4
2018-04-12,3,2,1
2018-04-12,9,7,2
2018-04-12,12,6,6
2018-04-12,24,3,21
2018-04-12,62,8,54
2018-04-12,109,12,97
2018-04-12,60,5,55
2018-04-12,28,9,19
2018-04-12,14,2,12
2018-04-12,7,3,4
2018-04-12,7,3,4
2018-04-12,1,0,1
2018-04-13,3,0,3
2018-04-13,1,1,0
2018-04-13,2,0,2
2018-04-13,0,0,0
2018-04-13,3,2,1
2018-04-13,19,14,5
2018-04-13,23,19,4
2018-04-13,53,48,5
2018-04-13,63,53,10
2018-04-13,28,25,3
2018-04-13,7,6,1
2018-04-13,5,4,1
2018-04-13,9,5,4
2018-04-13,11,4,7
2018-04-13,14,6,8
2018-04-13,19,6,13
2018-04-13,35,5,30
2018-04-13,44,9,35
2018-04-13,38,4,34
2018-04-13,14,4,10
2018-04-13,6,1,5
2018-04-13,3,0,3
2018-04-13,3,0,3
2018-04-13,0,0,0
2018-04-14,3,2,1
2018-04-14,3,0,3
2018-04-14,0,0,0
2018-04-14,1,0,1
2018-04-14,1,0,1
2018-04-14,1,1,0
2018-04-14,6,3,3
2018-04-14,5,2,3
2018-04-14,1,1,0
2018-04-14,12,10,2
2018-04-14,8,3,5
2018-04-14,29,19,10
2018-04-14,12,7,5
2018-04-14,11,7,4
2018-04-14,8,6,2
2018-04-14,9,2,7
2018-04-14,3,0,3
2018-04-14,3,1,2
2018-04-14,4,0,4
2018-04-14,1,0,1
2018-04-14,1,0,1
2018-04-14,5,3,2
2018-04-14,3,1,2
2018-04-14,3,0,3
2018-04-15,2,2,0
2018-04-15,3,2,1
2018-04-15,2,1,1
2018-04-15,0,0,0
2018-04-15,0,0,0
2018-04-15,1,1,0
2018-04-15,2,1,1
2018-04-15,6,6,0
2018-04-15,19,16,3
2018-04-15,17,10,7
2018-04-15,38,17,21
2018-04-15,45,25,20
2018-04-15,45,28,17
2018-04-15,42,18,24
2018-04-15,23,10,13
2018-04-15,11,5,6
2018-04-15,17,9,8
2018-04-15,10,3,7
2018-04-15,4,3,1
2018-04-15,3,1,2
2018-04-15,3,0,3
2018-04-15,2,1,1
2018-04-15,1,1,0
2018-04-15,0,0,0
2018-04-16,0,0,0
2018-04-16,1,1,0
2018-04-16,0,0,0
2018-04-16,0,0,0
2018-04-16,1,1,0
2018-04-16,18,17,1
2018-04-16,51,42,9
2018-04-16,85,76,9
2018-04-16,81,73,8
2018-04-16,34,30,4
2018-04-16,11,8,3
2018-04-16,5,3,2
2018-04-16,8,4,4
2018-04-16,8,5,3
2018-04-16,11,6,5
2018-04-16,25,4,21
2018-04-16,53,13,40
2018-04-16,88,12,76
2018-04-16,58,5,53
2018-04-16,16,3,13
2018-04-16,10,3,7
2018-04-16,4,0,4
2018-04-16,4,1,3
2018-04-16,0,0,0
2018-04-17,1,0,1
2018-04-17,2,1,1
2018-04-17,0,0,0
2018-04-17,3,1,2
2018-04-17,2,1,1
2018-04-17,24,20,4
2018-04-17,58,47,11
2018-04-17,123,110,13
2018-04-17,112,99,13
2018-04-17,53,44,9
2018-04-17,6,2,4
2018-04-17,17,12,5
2018-04-17,13,8,5
2018-04-17,22,13,9
2018-04-17,20,9,11
2018-04-17,55,19,36
2018-04-17,82,13,69
2018-04-17,137,24,113
2018-04-17,81,9,72
2018-04-17,39,7,32
2018-04-17,17,1,16
2018-04-17,14,3,11
2018-04-17,9,2,7
2018-04-17,5,1,4
2018-04-18,4,3,1
2018-04-18,0,0,0
2018-04-18,3,1,2
2018-04-18,3,1,2
2018-04-18,5,4,1
2018-04-18,23,22,1
2018-04-18,75,63,12
2018-04-18,127,114,13
2018-04-18,102,94,8
2018-04-18,63,58,5
2018-04-18,17,12,5
2018-04-18,25,17,8
2018-04-18,17,7,10
2018-04-18,25,14,11
2018-04-18,21,9,12
2018-04-18,48,7,41
2018-04-18,91,23,68
2018-04-18,136,13,123
2018-04-18,92,10,82
2018-04-18,43,11,32
2018-04-18,23,5,18
2018-04-18,11,3,8
2018-04-18,13,2,11
2018-04-18,4,1,3
2018-04-19,4,0,4
2018-04-19,4,2,2
2018-04-19,2,2,0
2018-04-19,3,0,3
2018-04-19,7,6,1
2018-04-19,29,22,7
2018-04-19,61,54,7
2018-04-19,156,136,20
2018-04-19,128,118,10
2018-04-19,50,43,7
2018-04-19,36,27,9
2018-04-19,27,18,9
2018-04-19,28,16,12
2018-04-19,33,18,15
2018-04-19,41,18,23
2018-04-19,55,13,42
2018-04-19,112,36,76
2018-04-19,166,19,147
2018-04-19,128,28,100
2018-04-19,57,16,41
2018-04-19,13,8,5
2018-04-19,17,11,6
2018-04-19,9,3,6
2018-04-19,7,1,6
2018-04-20,2,0,2
2018-04-20,1,0,1
2018-04-20,1,0,1
2018-04-20,0,0,0
2018-04-20,4,3,1
2018-04-20,26,25,1
2018-04-20,49,43,6
2018-04-20,99,94,5
2018-04-20,115,106,9
2018-04-20,50,40,10
2018-04-20,35,27,8
2018-04-20,24,16,8
2018-04-20,24,11,13
2018-04-20,21,5,16
2018-04-20,47,11,36
2018-04-20,61,16,45
2018-04-20,97,17,80
2018-04-20,127,24,103
2018-04-20,60,8,52
2018-04-20,20,5,15
2018-04-20,14,7,7
2018-04-20,4,2,2
2018-04-20,4,2,2
2018-04-20,4,0,4
2018-04-21,1,0,1
2018-04-21,0,0,0
2018-04-21,0,0,0
2018-04-21,1,0,1
2018-04-21,1,0,1
2018-04-21,3,1,2
2018-04-21,14,11,3
2018-04-21,10,5,5
2018-04-21,30,17,13
2018-04-21,33,16,17
2018-04-21,33,18,15
2018-04-21,57,33,24
2018-04-21,81,41,40
2018-04-21,56,24,32
2018-04-21,42,20,22
2018-04-21,30,18,12
2018-04-21,29,14,15
2018-04-21,15,5,10
2018-04-21,16,7,9
2018-04-21,10,7,3
2018-04-21,11,2,9
2018-04-21,4,0,4
2018-04-21,10,5,5
2018-04-21,5,1,4
2018-04-22,2,0,2
2018-04-22,6,4,2
2018-04-22,1,0,1
2018-04-22,0,0,0
2018-04-22,2,1,1
2018-04-22,8,6,2
2018-04-22,11,6,5
2018-04-22,28,8,20
2018-04-22,39,23,16
2018-04-22,32,18,14
2018-04-22,52,35,17
2018-04-22,35,11,24
2018-04-22,60,31,29
2018-04-22,68,39,29
2018-04-22,76,31,45
2018-04-22,89,38,51
2018-04-22,70,37,33
2018-04-22,46,27,19
2018-04-22,21,13,8
2018-04-22,15,7,8
2018-04-22,12,5,7
2018-04-22,8,2,6
2018-04-22,5,2,3
2018-04-22,4,2,2
2018-04-23,2,0,2
2018-04-23,2,2,0
2018-04-23,4,0,4
2018-04-23,0,0,0
2018-04-23,7,6,1
2018-04-23,29,27,2
2018-04-23,87,74,13
2018-04-23,180,160,20
2018-04-23,153,138,15
2018-04-23,72,64,8
2018-04-23,31,17,14
2018-04-23,16,11,5
2018-04-23,31,12,19
2018-04-23,33,13,20
2018-04-23,29,11,18
2018-04-23,55,14,41
2018-04-23,136,26,110
2018-04-23,197,27,170
2018-04-23,123,16,107
2018-04-23,37,8,29
2018-04-23,27,9,18
2018-04-23,11,5,6
2018-04-23,2,2,0
2018-04-23,3,1,2
2018-04-24,0,0,0
2018-04-24,3,1,2
2018-04-24,2,2,0
2018-04-24,2,1,1
2018-04-24,8,5,3
2018-04-24,37,33,4
2018-04-24,105,89,16
2018-04-24,188,169,19
2018-04-24,162,141,21
2018-04-24,56,43,13
2018-04-24,25,19,6
2018-04-24,34,16,18
2018-04-24,17,5,12
2018-04-24,40,12,28
2018-04-24,44,17,27
2018-04-24,83,29,54
2018-04-24,155,37,118
2018-04-24,214,29,185
2018-04-24,145,23,122
2018-04-24,69,13,56
2018-04-24,34,16,18
2018-04-24,21,7,14
2018-04-24,12,4,8
2018-04-24,3,0,3
2018-04-25,0,0,0
2018-04-25,3,1,2
2018-04-25,1,0,1
2018-04-25,0,0,0
2018-04-25,4,3,1
2018-04-25,45,36,9
2018-04-25,97,83,14
2018-04-25,201,177,24
2018-04-25,163,143,20
2018-04-25,60,50,10
2018-04-25,33,23,10
2018-04-25,33,23,10
2018-04-25,31,15,16
2018-04-25,31,20,11
2018-04-25,50,22,28
2018-04-25,71,18,53
2018-04-25,166,32,134
2018-04-25,214,29,185
2018-04-25,137,25,112
2018-04-25,76,13,63
2018-04-25,23,6,17
2018-04-25,22,7,15
2018-04-25,13,5,8
2018-04-25,6,3,3
2018-04-26,6,3,3
2018-04-26,8,4,4
2018-04-26,1,0,1
2018-04-26,2,0,2
2018-04-26,8,6,2
2018-04-26,38,35,3
2018-04-26,109,91,18
2018-04-26,175,153,22
2018-04-26,164,153,11
2018-04-26,81,64,17
2018-04-26,27,21,6
2018-04-26,30,20,10
2018-04-26,35,15,20
2018-04-26,33,16,17
2018-04-26,39,12,27
2018-04-26,89,19,70
2018-04-26,155,32,123
2018-04-26,228,36,192
2018-04-26,157,35,122
2018-04-26,67,27,40
2018-04-26,34,10,24
2018-04-26,16,8,8
2018-04-26,6,2,4
2018-04-26,9,4,5
2018-04-27,8,2,6
2018-04-27,4,2,2
2018-04-27,3,0,3
2018-04-27,1,0,1
2018-04-27,7,6,1
2018-04-27,26,20,6
2018-04-27,60,51,9
2018-04-27,125,112,13
2018-04-27,112,101,11
2018-04-27,44,40,4
2018-04-27,21,13,8
2018-04-27,20,12,8
2018-04-27,22,12,10
2018-04-27,16,4,12
2018-04-27,28,12,16
2018-04-27,61,14,47
2018-04-27,99,19,80
2018-04-27,123,19,104
2018-04-27,80,6,74
2018-04-27,39,9,30
2018-04-27,11,4,7
2018-04-27,5,1,4
2018-04-27,5,4,1
2018-04-27,3,2,1
2018-04-28,3,0,3
2018-04-28,6,1,5
2018-04-28,0,0,0
2018-04-28,2,0,2
2018-04-28,0,0,0
2018-04-28,0,0,0
2018-04-28,2,2,0
2018-04-28,1,1,0
2018-04-28,5,3,2
2018-04-28,12,2,10
2018-04-28,9,7,2
2018-04-28,4,2,2
2018-04-28,10,7,3
2018-04-28,16,11,5
2018-04-28,19,16,3
2018-04-28,22,7,15
2018-04-28,15,8,7
2018-04-28,10,5,5
2018-04-28,5,2,3
2018-04-28,8,3,5
2018-04-28,1,0,1
2018-04-28,2,1,1
2018-04-28,4,2,2
2018-04-28,1,1,0
2018-04-29,1,0,1
2018-04-29,2,0,2
2018-04-29,2,0,2
2018-04-29,1,0,1
2018-04-29,1,1,0
2018-04-29,2,1,1
2018-04-29,5,4,1
2018-04-29,9,7,2
2018-04-29,20,10,10
2018-04-29,33,19,14
2018-04-29,48,22,26
2018-04-29,17,10,7
2018-04-29,20,11,9
2018-04-29,44,25,19
2018-04-29,41,18,23
2018-04-29,26,16,10
2018-04-29,46,17,29
2018-04-29,23,11,12
2018-04-29,12,5,7
2018-04-29,12,4,8
2018-04-29,10,2,8
2018-04-29,6,4,2
2018-04-29,3,2,1
2018-04-29,2,0,2
2018-04-30,1,0,1
2018-04-30,1,0,1
2018-04-30,0,0,0
2018-04-30,0,0,0
2018-04-30,4,4,0
2018-04-30,18,17,1
2018-04-30,90,77,13
2018-04-30,122,107,15
2018-04-30,134,125,9
2018-04-30,49,44,5
2018-04-30,22,17,5
2018-04-30,14,6,8
2018-04-30,14,7,7
2018-04-30,17,9,8
2018-04-30,21,13,8
2018-04-30,47,5,42
2018-04-30,101,22,79
2018-04-30,146,15,131
2018-04-30,98,14,84
2018-04-30,35,5,30
2018-04-30,23,8,15
2018-04-30,10,8,2
2018-04-30,6,0,6
2018-04-30,2,1,1
2018-05-01,2,1,1
2018-05-01,1,1,0
2018-05-01,1,0,1
2018-05-01,2,0,2
2018-05-01,6,4,2
2018-05-01,37,34,3
2018-05-01,103,87,16
2018-05-01,181,163,18
2018-05-01,185,173,12
2018-05-01,54,50,4
2018-05-01,17,14,3
2018-05-01,25,15,10
2018-05-01,26,15,11
2018-05-01,32,15,17
2018-05-01,32,5,27
2018-05-01,81,22,59
2018-05-01,138,24,114
2018-05-01,247,33,214
2018-05-01,120,17,103
2018-05-01,55,5,50
2018-05-01,34,9,25
2018-05-01,17,4,13
2018-05-01,13,7,6
2018-05-01,5,1,4
2018-05-02,3,0,3
2018-05-02,0,0,0
2018-05-02,4,3,1
2018-05-02,1,0,1
2018-05-02,9,7,2
2018-05-02,36,33,3
2018-05-02,121,103,18
2018-05-02,201,176,25
2018-05-02,192,168,24
2018-05-02,67,55,12
2018-05-02,34,29,5
2018-05-02,24,18,6
2018-05-02,26,19,7
2018-05-02,32,16,16
2018-05-02,31,12,19
2018-05-02,88,24,64
2018-05-02,164,38,126
2018-05-02,230,32,198
2018-05-02,142,21,121
2018-05-02,59,10,49
2018-05-02,32,6,26
2018-05-02,25,5,20
2018-05-02,10,2,8
2018-05-02,6,0,6
2018-05-03,2,2,0
2018-05-03,1,0,1
2018-05-03,0,0,0
2018-05-03,2,0,2
2018-05-03,6,5,1
2018-05-03,40,37,3
2018-05-03,103,86,17
2018-05-03,188,174,14
2018-05-03,196,184,12
2018-05-03,67,56,11
2018-05-03,41,34,7
2018-05-03,32,19,13
2018-05-03,20,10,10
2018-05-03,43,18,25
2018-05-03,47,20,27
2018-05-03,82,16,66
2018-05-03,147,34,113
2018-05-03,246,40,206
2018-05-03,170,29,141
2018-05-03,57,19,38
2018-05-03,20,2,18
2018-05-03,16,6,10
2018-05-03,9,3,6
2018-05-03,9,1,8
2018-05-04,2,0,2
2018-05-04,0,0,0
2018-05-04,0,0,0
2018-05-04,0,0,0
2018-05-04,4,3,1
2018-05-04,18,16,2
2018-05-04,98,85,13
2018-05-04,127,116,11
2018-05-04,132,120,12
2018-05-04,40,32,8
2018-05-04,26,16,10
2018-05-04,21,16,5
2018-05-04,28,14,14
2018-05-04,33,12,21
2018-05-04,33,19,14
2018-05-04,75,15,60
2018-05-04,124,36,88
2018-05-04,198,32,166
2018-05-04,106,21,85
2018-05-04,56,16,40
2018-05-04,16,7,9
2018-05-04,13,4,9
2018-05-04,8,2,6
2018-05-04,5,4,1
2018-05-05,15,2,13
2018-05-05,5,1,4
2018-05-05,7,3,4
2018-05-05,2,0,2
2018-05-05,4,1,3
2018-05-05,2,1,1
2018-05-05,14,12,2
2018-05-05,24,17,7
2018-05-05,36,24,12
2018-05-05,51,24,27
2018-05-05,49,29,20
2018-05-05,73,40,33
2018-05-05,84,53,31
2018-05-05,62,26,36
2018-05-05,71,28,43
2018-05-05,68,29,39
2018-05-05,67,27,40
2018-05-05,40,17,23
2018-05-05,36,11,25
2018-05-05,11,2,9
2018-05-05,15,7,8
2018-05-05,4,1,3
2018-05-05,7,1,6
2018-05-05,4,3,1
2018-05-06,7,1,6
2018-05-06,0,0,0
2018-05-06,5,0,5
2018-05-06,3,2,1
2018-05-06,2,1,1
2018-05-06,4,4,0
2018-05-06,8,5,3
2018-05-06,9,6,3
2018-05-06,30,23,7
2018-05-06,52,26,26
2018-05-06,80,45,35
2018-05-06,84,43,41
2018-05-06,95,47,48
2018-05-06,85,37,48
2018-05-06,107,59,48
2018-05-06,76,30,46
2018-05-06,78,35,43
2018-05-06,51,24,27
2018-05-06,35,14,21
2018-05-06,25,13,12
2018-05-06,22,4,18
2018-05-06,8,4,4
2018-05-06,4,3,1
2018-05-06,3,2,1
2018-05-07,5,2,3
2018-05-07,1,1,0
2018-05-07,4,1,3
2018-05-07,0,0,0
2018-05-07,11,9,2
2018-05-07,25,21,4
2018-05-07,95,81,14
2018-05-07,189,165,24
2018-05-07,191,176,15
2018-05-07,58,54,4
2018-05-07,25,19,6
2018-05-07,18,15,3
2018-05-07,25,7,18
2018-05-07,25,15,10
2018-05-07,26,10,16
2018-05-07,61,14,47
2018-05-07,165,31,134
2018-05-07,254,33,221
2018-05-07,129,22,107
2018-05-07,68,11,57
2018-05-07,30,16,14
2018-05-07,22,8,14
2018-05-07,8,4,4
2018-05-07,1,0,1
2018-05-08,3,1,2
2018-05-08,1,1,0
2018-05-08,2,1,1
2018-05-08,1,0,1
2018-05-08,6,4,2
2018-05-08,33,29,4
2018-05-08,133,115,18
2018-05-08,205,182,23
2018-05-08,189,171,18
2018-05-08,63,55,8
2018-05-08,36,23,13
2018-05-08,29,16,13
2018-05-08,26,11,15
2018-05-08,44,16,28
2018-05-08,40,17,23
2018-05-08,75,19,56
2018-05-08,147,29,118
2018-05-08,237,35,202
2018-05-08,115,11,104
2018-05-08,38,3,35
2018-05-08,17,2,15
2018-05-08,17,2,15
2018-05-08,10,3,7
2018-05-08,2,1,1
2018-05-09,0,0,0
2018-05-09,3,1,2
2018-05-09,0,0,0
2018-05-09,0,0,0
2018-05-09,6,5,1
2018-05-09,22,19,3
2018-05-09,101,82,19
2018-05-09,143,125,18
2018-05-09,165,146,19
2018-05-09,58,47,11
2018-05-09,27,22,5
2018-05-09,20,15,5
2018-05-09,24,14,10
2018-05-09,17,8,9
2018-05-09,38,17,21
2018-05-09,62,15,47
2018-05-09,146,34,112
2018-05-09,176,22,154
2018-05-09,120,18,102
2018-05-09,64,10,54
2018-05-09,32,9,23
2018-05-09,14,3,11
2018-05-09,11,6,5
2018-05-09,7,2,5
2018-05-10,3,2,1
2018-05-10,1,1,0
2018-05-10,2,1,1
2018-05-10,5,3,2
2018-05-10,6,4,2
2018-05-10,32,26,6
2018-05-10,77,66,11
2018-05-10,132,122,10
2018-05-10,131,120,11
2018-05-10,41,36,5
2018-05-10,25,17,8
2018-05-10,18,10,8
2018-05-10,15,9,6
2018-05-10,19,5,14
2018-05-10,19,5,14
2018-05-10,44,14,30
2018-05-10,93,14,79
2018-05-10,152,15,137
2018-05-10,94,16,78
2018-05-10,45,7,38
2018-05-10,30,12,18
2018-05-10,14,3,11
2018-05-10,5,0,5
2018-05-10,9,3,6
2018-05-11,3,1,2
2018-05-11,3,0,3
2018-05-11,2,2,0
2018-05-11,2,1,1
2018-05-11,5,3,2
2018-05-11,27,22,5
2018-05-11,89,78,11
2018-05-11,135,125,10
2018-05-11,142,124,18
2018-05-11,70,59,11
2018-05-11,25,14,11
2018-05-11,29,20,9
2018-05-11,32,13,19
2018-05-11,29,5,24
2018-05-11,36,16,20
2018-05-11,91,29,62
2018-05-11,134,32,102
2018-05-11,172,26,146
2018-05-11,120,21,99
2018-05-11,50,16,34
2018-05-11,33,14,19
2018-05-11,11,5,6
2018-05-11,8,3,5
2018-05-11,6,2,4
2018-05-12,4,0,4
2018-05-12,2,1,1
2018-05-12,1,0,1
2018-05-12,3,1,2
2018-05-12,3,1,2
2018-05-12,4,3,1
2018-05-12,18,12,6
2018-05-12,24,10,14
2018-05-12,42,25,17
2018-05-12,60,28,32
2018-05-12,79,33,46
2018-05-12,74,31,43
2018-05-12,109,68,41
2018-05-12,100,62,38
2018-05-12,89,34,55
2018-05-12,90,47,43
2018-05-12,84,45,39
2018-05-12,59,31,28
2018-05-12,32,14,18
2018-05-12,30,19,11
2018-05-12,20,8,12
2018-05-12,7,3,4
2018-05-12,4,2,2
2018-05-12,11,8,3
2018-05-13,5,0,5
2018-05-13,3,2,1
2018-05-13,3,1,2
2018-05-13,3,0,3
2018-05-13,2,1,1
2018-05-13,7,3,4
2018-05-13,11,8,3
2018-05-13,19,15,4
2018-05-13,31,15,16
2018-05-13,56,34,22
2018-05-13,61,26,35
2018-05-13,87,44,43
2018-05-13,85,44,41
2018-05-13,80,36,44
2018-05-13,76,41,35
2018-05-13,64,37,27
2018-05-13,66,25,41
2018-05-13,46,16,30
2018-05-13,51,26,25
2018-05-13,36,12,24
2018-05-13,19,12,7
2018-05-13,22,8,14
2018-05-13,2,1,1
2018-05-13,5,2,3
2018-05-14,1,0,1
2018-05-14,2,1,1
2018-05-14,2,2,0
2018-05-14,2,1,1
2018-05-14,10,9,1
2018-05-14,41,28,13
2018-05-14,102,92,10
2018-05-14,211,198,13
2018-05-14,206,194,12
2018-05-14,85,71,14
2018-05-14,30,21,9
2018-05-14,23,13,10
2018-05-14,23,7,16
2018-05-14,33,12,21
2018-05-14,35,18,17
2018-05-14,79,18,61
2018-05-14,158,41,117
2018-05-14,241,33,208
2018-05-14,157,26,131
2018-05-14,76,15,61
2018-05-14,47,21,26
2018-05-14,17,5,12
2018-05-14,13,6,7
2018-05-14,2,0,2
2018-05-15,2,0,2
2018-05-15,0,0,0
2018-05-15,0,0,0
2018-05-15,2,0,2
2018-05-15,11,10,1
2018-05-15,36,32,4
2018-05-15,129,103,26
2018-05-15,219,197,22
2018-05-15,201,181,20
2018-05-15,64,57,7
2018-05-15,19,11,8
2018-05-15,27,21,6
2018-05-15,26,16,10
2018-05-15,40,16,24
2018-05-15,35,16,19
2018-05-15,66,12,54
2018-05-15,146,24,122
2018-05-15,263,31,232
2018-05-15,165,27,138
2018-05-15,67,17,50
2018-05-15,41,9,32
2018-05-15,19,5,14
2018-05-15,11,2,9
2018-05-15,4,2,2
2018-05-16,1,0,1
2018-05-16,0,0,0
2018-05-16,2,0,2
2018-05-16,0,0,0
2018-05-16,2,2,0
2018-05-16,35,29,6
2018-05-16,97,88,9
2018-05-16,199,183,16
2018-05-16,193,178,15
2018-05-16,58,51,7
2018-05-16,29,19,10
2018-05-16,25,14,11
2018-05-16,32,20,12
2018-05-16,31,22,9
2018-05-16,31,14,17
2018-05-16,69,16,53
2018-05-16,149,19,130
2018-05-16,235,35,200
2018-05-16,145,23,122
2018-05-16,73,22,51
2018-05-16,43,14,29
2018-05-16,17,5,12
2018-05-16,7,1,6
2018-05-16,6,3,3
2018-05-17,2,1,1
2018-05-17,1,1,0
2018-05-17,1,0,1
2018-05-17,1,0,1
2018-05-17,9,5,4
2018-05-17,39,34,5
2018-05-17,85,73,12
2018-05-17,186,173,13
2018-05-17,183,167,16
2018-05-17,57,49,8
2018-05-17,32,25,7
2018-05-17,16,6,10
2018-05-17,26,17,9
2018-05-17,26,11,15
2018-05-17,46,20,26
2018-05-17,69,14,55
2018-05-17,134,32,102
2018-05-17,209,19,190
2018-05-17,146,23,123
2018-05-17,70,21,49
2018-05-17,36,13,23
2018-05-17,21,4,17
2018-05-17,16,5,11
2018-05-17,5,1,4
2018-05-18,5,0,5
2018-05-18,1,1,0
2018-05-18,0,0,0
2018-05-18,0,0,0
2018-05-18,7,5,2
2018-05-18,35,30,5
2018-05-18,109,95,14
2018-05-18,209,185,24
2018-05-18,192,174,18
2018-05-18,69,52,17
2018-05-18,35,24,11
2018-05-18,25,11,14
2018-05-18,39,10,29
2018-05-18,56,32,24
2018-05-18,30,9,21
2018-05-18,67,15,52
2018-05-18,145,22,123
2018-05-18,176,16,160
2018-05-18,121,24,97
2018-05-18,48,13,35
2018-05-18,16,3,13
2018-05-18,14,5,9
2018-05-18,11,4,7
2018-05-18,3,1,2
2018-05-19,9,4,5
2018-05-19,5,1,4
2018-05-19,4,1,3
2018-05-19,2,1,1
2018-05-19,1,1,0
2018-05-19,7,5,2
2018-05-19,13,9,4
2018-05-19,15,10,5
2018-05-19,44,17,27
2018-05-19,35,21,14
2018-05-19,59,29,30
2018-05-19,70,56,14
2018-05-19,72,47,25
2018-05-19,70,29,41
2018-05-19,70,26,44
2018-05-19,67,33,34
2018-05-19,60,25,35
2018-05-19,32,13,19
2018-05-19,31,15,16
2018-05-19,15,2,13
2018-05-19,2,0,2
2018-05-19,16,7,9
2018-05-19,7,1,6
2018-05-19,7,5,2
2018-05-20,2,1,1
2018-05-20,2,1,1
2018-05-20,4,0,4
2018-05-20,3,3,0
2018-05-20,1,0,1
2018-05-20,0,0,0
2018-05-20,15,9,6
2018-05-20,14,8,6
2018-05-20,25,12,13
2018-05-20,40,24,16
2018-05-20,31,17,14
2018-05-20,68,35,33
2018-05-20,78,32,46
2018-05-20,61,29,32
2018-05-20,61,30,31
2018-05-20,61,30,31
2018-05-20,64,30,34
2018-05-20,49,24,25
2018-05-20,36,20,16
2018-05-20,26,12,14
2018-05-20,13,10,3
2018-05-20,3,1,2
2018-05-20,0,0,0
2018-05-20,3,2,1
2018-05-21,2,2,0
2018-05-21,4,3,1
2018-05-21,2,1,1
2018-05-21,1,0,1
2018-05-21,11,10,1
2018-05-21,35,28,7
2018-05-21,99,80,19
2018-05-21,167,149,18
2018-05-21,179,170,9
2018-05-21,57,51,6
2018-05-21,26,20,6
2018-05-21,25,18,7
2018-05-21,26,13,13
2018-05-21,39,18,21
2018-05-21,28,13,15
2018-05-21,61,17,44
2018-05-21,154,34,120
2018-05-21,215,18,197
2018-05-21,126,14,112
2018-05-21,53,11,42
2018-05-21,33,11,22
2018-05-21,16,6,10
2018-05-21,7,3,4
2018-05-21,7,2,5
2018-05-22,5,1,4
2018-05-22,2,1,1
2018-05-22,0,0,0
2018-05-22,3,1,2
2018-05-22,10,8,2
2018-05-22,41,36,5
2018-05-22,115,97,18
2018-05-22,161,146,15
2018-05-22,234,215,19
2018-05-22,61,52,9
2018-05-22,34,24,10
2018-05-22,32,14,18
2018-05-22,35,22,13
2018-05-22,28,16,12
2018-05-22,46,18,28
2018-05-22,63,14,49
2018-05-22,166,31,135
2018-05-22,232,29,203
2018-05-22,164,26,138
2018-05-22,64,10,54
2018-05-22,41,12,29
2018-05-22,14,5,9
2018-05-22,21,6,15
2018-05-22,10,2,8
2018-05-23,6,3,3
2018-05-23,2,1,1
2018-05-23,2,0,2
2018-05-23,2,1,1
2018-05-23,5,3,2
2018-05-23,40,32,8
2018-05-23,103,83,20
2018-05-23,182,160,22
2018-05-23,205,187,18
2018-05-23,62,47,15
2018-05-23,33,25,8
2018-05-23,27,15,12
2018-05-23,30,17,13
2018-05-23,37,22,15
2018-05-23,48,14,34
2018-05-23,71,20,51
2018-05-23,172,45,127
2018-05-23,250,29,221
2018-05-23,140,24,116
2018-05-23,58,15,43
2018-05-23,54,24,30
2018-05-23,19,8,11
2018-05-23,12,5,7
2018-05-23,8,2,6
2018-05-24,5,2,3
2018-05-24,4,2,2
2018-05-24,3,0,3
2018-05-24,1,0,1
2018-05-24,10,6,4
2018-05-24,34,30,4
2018-05-24,89,77,12
2018-05-24,165,151,14
2018-05-24,140,132,8
2018-05-24,54,43,11
2018-05-24,48,29,19
2018-05-24,30,17,13
2018-05-24,15,9,6
2018-05-24,26,13,13
2018-05-24,44,15,29
2018-05-24,54,13,41
2018-05-24,122,21,101
2018-05-24,201,20,181
2018-05-24,124,26,98
2018-05-24,72,14,58
2018-05-24,59,10,49
2018-05-24,33,13,20
2018-05-24,27,22,5
2018-05-24,9,5,4
2018-05-25,2,0,2
2018-05-25,2,0,2
2018-05-25,3,0,3
2018-05-25,5,2,3
2018-05-25,8,7,1
2018-05-25,30,28,2
2018-05-25,76,63,13
2018-05-25,151,139,12
2018-05-25,139,123,16
2018-05-25,59,51,8
2018-05-25,34,23,11
2018-05-25,24,17,7
2018-05-25,43,15,28
2018-05-25,47,19,28
2018-05-25,57,15,42
2018-05-25,84,18,66
2018-05-25,129,25,104
2018-05-25,125,21,104
2018-05-25,88,19,69
2018-05-25,41,6,35
2018-05-25,22,11,11
2018-05-25,17,4,13
2018-05-25,13,5,8
2018-05-25,7,2,5
2018-05-26,7,0,7
2018-05-26,4,0,4
2018-05-26,3,1,2
2018-05-26,1,1,0
2018-05-26,4,0,4
2018-05-26,5,4,1
2018-05-26,14,8,6
2018-05-26,22,18,4
2018-05-26,46,29,17
2018-05-26,41,21,20
2018-05-26,63,31,32
2018-05-26,62,29,33
2018-05-26,71,39,32
2018-05-26,82,51,31
2018-05-26,51,26,25
2018-05-26,53,27,26
2018-05-26,77,30,47
2018-05-26,38,17,21
2018-05-26,31,10,21
2018-05-26,17,9,8
2018-05-26,23,8,15
2018-05-26,16,4,12
2018-05-26,7,4,3
2018-05-26,4,2,2
2018-05-27,6,2,4
2018-05-27,9,1,8
2018-05-27,2,0,2
2018-05-27,0,0,0
2018-05-27,2,0,2
2018-05-27,7,3,4
2018-05-27,7,5,2
2018-05-27,17,8,9
2018-05-27,29,21,8
2018-05-27,47,30,17
2018-05-27,60,30,30
2018-05-27,68,30,38
2018-05-27,80,43,37
2018-05-27,63,39,24
2018-05-27,91,53,38
2018-05-27,63,20,43
2018-05-27,84,41,43
2018-05-27,39,24,15
2018-05-27,46,15,31
2018-05-27,37,13,24
2018-05-27,23,3,20
2018-05-27,15,4,11
2018-05-27,4,3,1
2018-05-27,1,1,0
2018-05-28,5,5,0
2018-05-28,3,1,2
2018-05-28,1,0,1
2018-05-28,2,1,1
2018-05-28,0,0,0
2018-05-28,9,7,2
2018-05-28,11,9,2
2018-05-28,13,8,5
2018-05-28,35,12,23
2018-05-28,56,29,27
2018-05-28,59,32,27
2018-05-28,62,26,36
2018-05-28,71,40,31
2018-05-28,77,37,40
2018-05-28,77,37,40
2018-05-28,74,45,29
2018-05-28,68,29,39
2018-05-28,47,18,29
2018-05-28,28,12,16
2018-05-28,33,10,23
2018-05-28,14,5,9
2018-05-28,7,2,5
2018-05-28,3,0,3
2018-05-28,4,1,3
2018-05-29,4,1,3
2018-05-29,4,3,1
2018-05-29,0,0,0
2018-05-29,1,0,1
2018-05-29,6,5,1
2018-05-29,38,36,2
2018-05-29,84,72,12
2018-05-29,181,167,14
2018-05-29,178,168,10
2018-05-29,56,46,10
2018-05-29,20,15,5
2018-05-29,26,15,11
2018-05-29,29,16,13
2018-05-29,32,12,20
2018-05-29,31,15,16
2018-05-29,54,12,42
2018-05-29,136,20,116
2018-05-29,216,34,182
2018-05-29,133,14,119
2018-05-29,39,3,36
2018-05-29,24,6,18
2018-05-29,16,5,11
2018-05-29,8,3,5
2018-05-29,6,1,5
2018-05-30,4,1,3
2018-05-30,4,0,4
2018-05-30,1,1,0
2018-05-30,1,0,1
2018-05-30,7,5,2
2018-05-30,33,29,4
2018-05-30,126,112,14
2018-05-30,193,178,15
2018-05-30,182,165,17
2018-05-30,59,50,9
2018-05-30,29,21,8
2018-05-30,25,16,9
2018-05-30,38,19,19
2018-05-30,24,15,9
2018-05-30,42,21,21
2018-05-30,62,11,51
2018-05-30,157,28,129
2018-05-30,247,21,226
2018-05-30,130,16,114
2018-05-30,74,10,64
2018-05-30,31,11,20
2018-05-30,20,11,9
2018-05-30,26,11,15
2018-05-30,11,6,5
2018-05-31,1,0,1
2018-05-31,4,2,2
2018-05-31,4,2,2
2018-05-31,5,2,3
2018-05-31,6,4,2
2018-05-31,38,34,4
2018-05-31,96,84,12
2018-05-31,171,153,18
2018-05-31,170,161,9
2018-05-31,52,46,6
2018-05-31,32,26,6
2018-05-31,35,12,23
2018-05-31,33,24,9
2018-05-31,29,19,10
2018-05-31,34,10,24
2018-05-31,58,20,38
2018-05-31,130,27,103
2018-05-31,211,20,191
2018-05-31,104,21,83
2018-05-31,40,8,32
2018-05-31,12,3,9
2018-05-31,17,4,13
2018-05-31,12,3,9
2018-05-31,5,4,1
2018-06-01,4,0,4
2018-06-01,7,2,5
2018-06-01,3,1,2
2018-06-01,0,0,0
2018-06-01,5,4,1
2018-06-01,26,22,4
2018-06-01,80,76,4
2018-06-01,112,102,10
2018-06-01,152,138,14
2018-06-01,45,36,9
2018-06-01,31,21,10
2018-06-01,25,21,4
2018-06-01,22,11,11
2018-06-01,35,15,20
2018-06-01,34,9,25
2018-06-01,58,16,42
2018-06-01,124,32,92
2018-06-01,179,30,149
2018-06-01,87,8,79
2018-06-01,48,14,34
2018-06-01,23,6,17
2018-06-01,21,6,15
2018-06-01,5,3,2
2018-06-01,40,28,12
2018-06-02,9,0,9
2018-06-02,4,2,2
2018-06-02,6,0,6
2018-06-02,1,0,1
2018-06-02,2,1,1
2018-06-02,16,6,10
2018-06-02,87,81,6
2018-06-02,23,19,4
2018-06-02,56,41,15
2018-06-02,68,26,42
2018-06-02,100,42,58
2018-06-02,109,61,48
2018-06-02,84,34,50
2018-06-02,115,48,67
2018-06-02,96,45,51
2018-06-02,111,64,47
2018-06-02,72,41,31
2018-06-02,58,26,32
2018-06-02,56,24,32
2018-06-02,32,19,13
2018-06-02,27,11,16
2018-06-02,19,10,9
2018-06-02,18,7,11
2018-06-02,5,3,2
2018-06-03,5,0,5
2018-06-03,9,6,3
2018-06-03,1,0,1
2018-06-03,0,0,0
2018-06-03,0,0,0
2018-06-03,5,4,1
2018-06-03,5,3,2
2018-06-03,16,12,4
2018-06-03,35,19,16
2018-06-03,31,18,13
2018-06-03,43,20,23
2018-06-03,58,23,35
2018-06-03,50,28,22
2018-06-03,32,17,15
2018-06-03,26,14,12
2018-06-03,22,13,9
2018-06-03,23,6,17
2018-06-03,13,3,10
2018-06-03,14,5,9
2018-06-03,11,6,5
2018-06-03,10,7,3
2018-06-03,5,2,3
2018-06-03,2,0,2
2018-06-03,1,0,1
2018-06-04,1,0,1
2018-06-04,5,4,1
2018-06-04,2,1,1
2018-06-04,1,1,0
2018-06-04,6,6,0
2018-06-04,30,27,3
2018-06-04,98,82,16
2018-06-04,131,124,7
2018-06-04,118,105,13
2018-06-04,46,41,5
2018-06-04,18,15,3
2018-06-04,9,6,3
2018-06-04,18,9,9
2018-06-04,17,10,7
2018-06-04,21,8,13
2018-06-04,61,11,50
2018-06-04,110,15,95
2018-06-04,180,28,152
2018-06-04,91,15,76
2018-06-04,41,11,30
2018-06-04,33,8,25
2018-06-04,17,4,13
2018-06-04,9,3,6
2018-06-04,3,1,2
2018-06-05,2,0,2
2018-06-05,1,0,1
2018-06-05,1,0,1
2018-06-05,1,0,1
2018-06-05,7,4,3
2018-06-05,38,30,8
2018-06-05,118,106,12
2018-06-05,194,183,11
2018-06-05,191,178,13
2018-06-05,77,69,8
2018-06-05,27,21,6
2018-06-05,24,15,9
2018-06-05,20,11,9
2018-06-05,28,16,12
2018-06-05,37,16,21
2018-06-05,55,10,45
2018-06-05,159,30,129
2018-06-05,215,23,192
2018-06-05,144,20,124
2018-06-05,80,22,58
2018-06-05,33,9,24
2018-06-05,22,9,13
2018-06-05,13,3,10
2018-06-05,4,1,3
2018-06-06,4,2,2
2018-06-06,1,0,1
2018-06-06,0,0,0
2018-06-06,1,1,0
2018-06-06,11,5,6
2018-06-06,37,32,5
2018-06-06,102,94,8
2018-06-06,198,175,23
2018-06-06,167,151,16
2018-06-06,62,57,5
2018-06-06,40,28,12
2018-06-06,31,25,6
2018-06-06,34,13,21
2018-06-06,37,20,17
2018-06-06,36,13,23
2018-06-06,73,20,53
2018-06-06,152,28,124
2018-06-06,252,40,212
2018-06-06,144,22,122
2018-06-06,47,8,39
2018-06-06,43,14,29
2018-06-06,22,7,15
2018-06-06,11,3,8
2018-06-06,12,4,8
2018-06-07,4,0,4
2018-06-07,2,1,1
2018-06-07,2,1,1
2018-06-07,2,0,2
2018-06-07,10,7,3
2018-06-07,43,37,6
2018-06-07,107,93,14
2018-06-07,152,137,15
2018-06-07,182,169,13
2018-06-07,61,47,14
2018-06-07,35,29,6
2018-06-07,26,18,8
2018-06-07,37,23,14
2018-06-07,25,12,13
2018-06-07,33,10,23
2018-06-07,56,12,44
2018-06-07,140,32,108
2018-06-07,196,24,172
2018-06-07,132,25,107
2018-06-07,56,12,44
2018-06-07,33,6,27
2018-06-07,29,6,23
2018-06-07,10,1,9
2018-06-07,7,4,3
2018-06-08,2,0,2
2018-06-08,6,4,2
2018-06-08,7,2,5
2018-06-08,1,0,1
2018-06-08,4,2,2
2018-06-08,29,25,4
2018-06-08,68,61,7
2018-06-08,105,91,14
2018-06-08,102,96,6
2018-06-08,38,32,6
2018-06-08,22,13,9
2018-06-08,16,12,4
2018-06-08,18,9,9
2018-06-08,22,8,14
2018-06-08,19,9,10
2018-06-08,42,7,35
2018-06-08,79,9,70
2018-06-08,103,17,86
2018-06-08,35,4,31
2018-06-08,23,4,19
2018-06-08,9,3,6
2018-06-08,6,0,6
2018-06-08,3,2,1
2018-06-08,3,1,2
2018-06-09,4,2,2
2018-06-09,2,2,0
2018-06-09,1,1,0
2018-06-09,1,0,1
2018-06-09,4,0,4
2018-06-09,3,2,1
2018-06-09,10,7,3
2018-06-09,11,5,6
2018-06-09,26,21,5
2018-06-09,40,14,26
2018-06-09,32,15,17
2018-06-09,42,30,12
2018-06-09,40,23,17
2018-06-09,76,45,31
2018-06-09,60,26,34
2018-06-09,40,23,17
2018-06-09,24,12,12
2018-06-09,26,17,9
2018-06-09,22,12,10
2018-06-09,11,3,8
2018-06-09,1,1,0
2018-06-09,12,4,8
2018-06-09,9,4,5
2018-06-09,6,3,3
2018-06-10,6,1,5
2018-06-10,5,1,4
2018-06-10,0,0,0
2018-06-10,2,1,1
2018-06-10,0,0,0
2018-06-10,2,2,0
2018-06-10,7,4,3
2018-06-10,17,14,3
2018-06-10,19,13,6
2018-06-10,25,15,10
2018-06-10,48,20,28
2018-06-10,22,8,14
2018-06-10,20,16,4
2018-06-10,36,20,16
2018-06-10,22,9,13
2018-06-10,29,11,18
2018-06-10,29,12,17
2018-06-10,14,7,7
2018-06-10,14,10,4
2018-06-10,7,1,6
2018-06-10,6,4,2
2018-06-10,1,0,1
2018-06-10,3,1,2
2018-06-10,1,0,1
2018-06-11,2,0,2
2018-06-11,0,0,0
2018-06-11,0,0,0
2018-06-11,2,2,0
2018-06-11,3,2,1
2018-06-11,31,26,5
2018-06-11,88,76,12
2018-06-11,182,168,14
2018-06-11,163,152,11
2018-06-11,66,55,11
2018-06-11,36,30,6
2018-06-11,21,15,6
2018-06-11,27,13,14
2018-06-11,37,24,13
2018-06-11,40,17,23
2018-06-11,68,11,57
2018-06-11,115,22,93
2018-06-11,232,22,210
2018-06-11,124,19,105
2018-06-11,63,25,38
2018-06-11,34,10,24
2018-06-11,20,7,13
2018-06-11,17,4,13
2018-06-11,12,3,9
2018-06-12,2,0,2
2018-06-12,0,0,0
2018-06-12,3,1,2
2018-06-12,2,0,2
2018-06-12,10,8,2
2018-06-12,48,41,7
2018-06-12,113,100,13
2018-06-12,193,173,20
2018-06-12,177,164,13
2018-06-12,81,72,9
2018-06-12,22,16,6
2018-06-12,33,17,16
2018-06-12,30,17,13
2018-06-12,25,16,9
2018-06-12,42,25,17
2018-06-12,54,17,37
2018-06-12,125,23,102
2018-06-12,241,34,207
2018-06-12,136,13,123
2018-06-12,67,12,55
2018-06-12,38,9,29
2018-06-12,24,5,19
2018-06-12,17,2,15
2018-06-12,4,0,4
2018-06-13,4,1,3
2018-06-13,1,0,1
2018-06-13,0,0,0
2018-06-13,2,0,2
2018-06-13,6,2,4
2018-06-13,30,26,4
2018-06-13,44,40,4
2018-06-13,94,87,7
2018-06-13,93,84,9
2018-06-13,52,43,9
2018-06-13,22,17,5
2018-06-13,25,16,9
2018-06-13,15,12,3
2018-06-13,29,16,13
2018-06-13,28,12,16
2018-06-13,43,9,34
2018-06-13,88,16,72
2018-06-13,116,10,106
2018-06-13,69,6,63
2018-06-13,48,11,37
2018-06-13,16,2,14
2018-06-13,13,7,6
2018-06-13,8,3,5
2018-06-13,4,1,3
2018-06-14,3,1,2
2018-06-14,3,2,1
2018-06-14,1,0,1
2018-06-14,5,2,3
2018-06-14,9,8,1
2018-06-14,31,29,2
2018-06-14,93,86,7
2018-06-14,161,147,14
2018-06-14,151,141,10
2018-06-14,62,55,7
2018-06-14,23,21,2
2018-06-14,19,9,10
2018-06-14,36,19,17
2018-06-14,27,17,10
2018-06-14,26,12,14
2018-06-14,58,16,42
2018-06-14,131,26,105
2018-06-14,202,30,172
2018-06-14,129,27,102
2018-06-14,54,12,42
2018-06-14,28,7,21
2018-06-14,22,11,11
2018-06-14,25,3,22
2018-06-14,10,2,8
2018-06-15,7,3,4
2018-06-15,6,3,3
2018-06-15,0,0,0
2018-06-15,1,0,1
2018-06-15,3,1,2
2018-06-15,34,30,4
2018-06-15,85,73,12
2018-06-15,121,105,16
2018-06-15,165,149,16
2018-06-15,51,39,12
2018-06-15,23,14,9
2018-06-15,29,16,13
2018-06-15,36,16,20
2018-06-15,42,25,17
2018-06-15,35,10,25
2018-06-15,75,17,58
2018-06-15,142,33,109
2018-06-15,166,25,141
2018-06-15,103,15,88
2018-06-15,40,7,33
2018-06-15,25,10,15
2018-06-15,19,10,9
2018-06-15,16,4,12
2018-06-15,10,4,6
2018-06-16,5,1,4
2018-06-16,5,1,4
2018-06-16,3,1,2
2018-06-16,2,1,1
2018-06-16,1,0,1
2018-06-16,9,6,3
2018-06-16,16,14,2
2018-06-16,34,25,9
2018-06-16,44,32,12
2018-06-16,43,24,19
2018-06-16,72,36,36
2018-06-16,88,44,44
2018-06-16,137,78,59
2018-06-16,69,34,35
2018-06-16,80,51,29
2018-06-16,77,27,50
2018-06-16,78,38,40
2018-06-16,50,27,23
2018-06-16,39,14,25
2018-06-16,49,18,31
2018-06-16,44,16,28
2018-06-16,21,10,11
2018-06-16,21,10,11
2018-06-16,20,8,12
2018-06-17,4,3,1
2018-06-17,1,0,1
2018-06-17,2,1,1
2018-06-17,1,1,0
2018-06-17,1,0,1
2018-06-17,8,7,1
2018-06-17,11,5,6
2018-06-17,23,14,9
2018-06-17,38,26,12
2018-06-17,80,44,36
2018-06-17,79,43,36
2018-06-17,83,39,44
2018-06-17,92,51,41
2018-06-17,65,30,35
2018-06-17,84,40,44
2018-06-17,79,43,36
2018-06-17,57,20,37
2018-06-17,48,14,34
2018-06-17,53,31,22
2018-06-17,32,15,17
2018-06-17,30,18,12
2018-06-17,16,9,7
2018-06-17,13,6,7
2018-06-17,6,2,4
2018-06-18,8,3,5
2018-06-18,1,0,1
2018-06-18,2,2,0
2018-06-18,1,0,1
2018-06-18,11,11,0
2018-06-18,40,35,5
2018-06-18,110,100,10
2018-06-18,210,199,11
2018-06-18,198,175,23
2018-06-18,64,57,7
2018-06-18,39,28,11
2018-06-18,30,18,12
2018-06-18,30,19,11
2018-06-18,34,14,20
2018-06-18,43,16,27
2018-06-18,71,15,56
2018-06-18,133,25,108
2018-06-18,247,27,220
2018-06-18,125,19,106
2018-06-18,94,18,76
2018-06-18,43,13,30
2018-06-18,35,20,15
2018-06-18,8,5,3
2018-06-18,8,2,6
2018-06-19,2,1,1
2018-06-19,0,0,0
2018-06-19,1,0,1
2018-06-19,2,0,2
2018-06-19,11,9,2
2018-06-19,43,35,8
2018-06-19,106,93,13
2018-06-19,199,180,19
2018-06-19,183,163,20
2018-06-19,63,55,8
2018-06-19,31,19,12
2018-06-19,40,25,15
2018-06-19,26,15,11
2018-06-19,39,15,24
2018-06-19,37,12,25
2018-06-19,88,21,67
2018-06-19,160,30,130
2018-06-19,218,27,191
2018-06-19,141,18,123
2018-06-19,73,16,57
2018-06-19,37,11,26
2018-06-19,21,11,10
2018-06-19,16,1,15
2018-06-19,10,5,5
2018-06-20,3,1,2
2018-06-20,2,1,1
2018-06-20,5,3,2
2018-06-20,2,1,1
2018-06-20,5,4,1
2018-06-20,38,34,4
2018-06-20,102,89,13
2018-06-20,202,182,20
2018-06-20,177,162,15
2018-06-20,71,54,17
2018-06-20,37,26,11
2018-06-20,33,22,11
2018-06-20,32,14,18
2018-06-20,28,13,15
2018-06-20,42,14,28
2018-06-20,49,11,38
2018-06-20,154,25,129
2018-06-20,220,24,196
2018-06-20,117,17,100
2018-06-20,120,42,78
2018-06-20,3,1,2
2018-06-20,1,0,1
2018-06-20,2,1,1
2018-06-20,3,2,1
2018-06-21,0,0,0
2018-06-21,2,1,1
2018-06-21,1,0,1
2018-06-21,0,0,0
2018-06-21,0,0,0
2018-06-21,0,0,0
2018-06-21,4,2,2
2018-06-21,0,0,0
2018-06-21,6,3,3
2018-06-21,2,1,1
2018-06-21,2,1,1
2018-06-21,4,1,3
2018-06-21,2,2,0
2018-06-21,13,7,6
2018-06-21,0,0,0
2018-06-21,0,0,0
2018-06-21,0,0,0
2018-06-21,4,3,1
2018-06-21,1,0,1
2018-06-21,2,1,1
2018-06-21,0,0,0
2018-06-21,2,1,1
2018-06-21,3,1,2
2018-06-21,0,0,0
2018-06-22,0,0,0
2018-06-22,2,1,1
2018-06-22,0,0,0
2018-06-22,0,0,0
2018-06-22,0,0,0
2018-06-22,0,0,0
2018-06-22,0,0,0
2018-06-22,0,0,0
2018-06-22,0,0,0
2018-06-22,0,0,0
2018-06-22,0,0,0
2018-06-22,2,1,1
2018-06-22,0,0,0
2018-06-22,0,0,0
2018-06-22,15,6,9
2018-06-22,0,0,0
2018-06-22,0,0,0
2018-06-22,4,2,2
2018-06-22,0,0,0
2018-06-22,4,2,2
2018-06-22,0,0,0
2018-06-22,0,0,0
2018-06-22,0,0,0
2018-06-22,0,0,0
2018-06-23,0,0,0
2018-06-23,0,0,0
2018-06-23,0,0,0
2018-06-23,0,0,0
2018-06-23,0,0,0
2018-06-23,0,0,0
2018-06-23,0,0,0
2018-06-23,0,0,0
2018-06-23,6,2,4
2018-06-23,6,4,2
2018-06-23,8,2,6
2018-06-23,6,4,2
2018-06-23,4,2,2
2018-06-23,12,4,8
2018-06-23,1,0,1
2018-06-23,0,0,0
2018-06-23,6,1,5
2018-06-23,2,1,1
2018-06-23,6,3,3
2018-06-23,1,0,1
2018-06-23,1,1,0
2018-06-23,3,1,2
2018-06-23,2,2,0
2018-06-23,6,3,3
2018-06-24,0,0,0
2018-06-24,0,0,0
2018-06-24,0,0,0
2018-06-24,0,0,0
2018-06-24,0,0,0
2018-06-24,0,0,0
2018-06-24,0,0,0
2018-06-24,1,0,1
2018-06-24,1,1,0
2018-06-24,0,0,0
2018-06-24,4,2,2
2018-06-24,5,3,2
2018-06-24,24,10,14
2018-06-24,7,5,2
2018-06-24,3,1,2
2018-06-24,19,10,9
2018-06-24,10,5,5
2018-06-24,3,1,2
2018-06-24,5,1,4
2018-06-24,1,1,0
2018-06-24,6,3,3
2018-06-24,0,0,0
2018-06-24,0,0,0
2018-06-24,0,0,0
2018-06-25,0,0,0
2018-06-25,0,0,0
2018-06-25,0,0,0
2018-06-25,0,0,0
2018-06-25,0,0,0
2018-06-25,0,0,0
2018-06-25,0,0,0
2018-06-25,0,0,0
2018-06-25,0,0,0
2018-06-25,0,0,0
2018-06-25,0,0,0
2018-06-25,0,0,0
2018-06-25,0,0,0
2018-06-25,0,0,0
2018-06-25,0,0,0
2018-06-25,0,0,0
2018-06-25,0,0,0
2018-06-25,0,0,0
2018-06-25,0,0,0
2018-06-25,0,0,0
2018-06-25,4,2,2
2018-06-25,0,0,0
2018-06-25,1,0,1
2018-06-25,1,1,0
2018-06-26,0,0,0
2018-06-26,0,0,0
2018-06-26,0,0,0
2018-06-26,0,0,0
2018-06-26,0,0,0
2018-06-26,0,0,0
2018-06-26,2,1,1
2018-06-26,0,0,0
2018-06-26,6,3,3
2018-06-26,1,0,1
2018-06-26,1,1,0
2018-06-26,2,1,1
2018-06-26,11,5,6
2018-06-26,6,2,4
2018-06-26,24,13,11
2018-06-26,25,6,19
2018-06-26,46,19,27
2018-06-26,74,14,60
2018-06-26,77,15,62
2018-06-26,22,5,17
2018-06-26,16,4,12
2018-06-26,13,5,8
2018-06-26,8,3,5
2018-06-26,2,0,2
2018-06-27,1,1,0
2018-06-27,3,0,3
2018-06-27,1,0,1
2018-06-27,1,1,0
2018-06-27,5,3,2
2018-06-27,18,15,3
2018-06-27,79,71,8
2018-06-27,127,116,11
2018-06-27,125,114,11
2018-06-27,60,47,13
2018-06-27,24,17,7
2018-06-27,31,21,10
2018-06-27,23,12,11
2018-06-27,23,9,14
2018-06-27,33,15,18
2018-06-27,51,12,39
2018-06-27,89,19,70
2018-06-27,188,20,168
2018-06-27,103,18,85
2018-06-27,51,11,40
2018-06-27,40,19,21
2018-06-27,12,3,9
2018-06-27,11,1,10
2018-06-27,5,1,4
2018-06-28,4,3,1
2018-06-28,8,2,6
2018-06-28,1,1,0
2018-06-28,2,0,2
2018-06-28,5,3,2
2018-06-28,25,21,4
2018-06-28,65,55,10
2018-06-28,171,160,11
2018-06-28,148,131,17
2018-06-28,55,51,4
2018-06-28,30,16,14
2018-06-28,27,15,12
2018-06-28,25,16,9
2018-06-28,34,12,22
2018-06-28,28,11,17
2018-06-28,40,15,25
2018-06-28,101,19,82
2018-06-28,183,25,158
2018-06-28,98,15,83
2018-06-28,62,16,46
2018-06-28,21,1,20
2018-06-28,14,2,12
2018-06-28,5,0,5
2018-06-28,6,2,4
2018-06-29,6,2,4
2018-06-29,4,3,1
2018-06-29,2,0,2
2018-06-29,2,0,2
2018-06-29,4,3,1
2018-06-29,27,24,3
2018-06-29,65,52,13
2018-06-29,130,117,13
2018-06-29,116,108,8
2018-06-29,52,41,11
2018-06-29,27,19,8
2018-06-29,24,16,8
2018-06-29,26,14,12
2018-06-29,28,11,17
2018-06-29,25,10,15
2018-06-29,57,11,46
2018-06-29,96,12,84
2018-06-29,128,20,108
2018-06-29,75,12,63
2018-06-29,40,14,26
2018-06-29,24,14,10
2018-06-29,11,0,11
2018-06-29,16,6,10
2018-06-29,5,0,5
2018-06-30,3,0,3
2018-06-30,2,0,2
2018-06-30,2,1,1
2018-06-30,2,0,2
2018-06-30,2,1,1
2018-06-30,3,3,0
2018-06-30,13,4,9
2018-06-30,22,15,7
2018-06-30,50,21,29
2018-06-30,36,21,15
2018-06-30,46,24,22
2018-06-30,42,23,19
2018-06-30,76,53,23
2018-06-30,35,15,20
2018-06-30,44,17,27
2018-06-30,37,20,17
2018-06-30,45,12,33
2018-06-30,23,7,16
2018-06-30,26,10,16
2018-06-30,29,14,15
2018-06-30,22,17,5
2018-06-30,7,0,7
2018-06-30,16,4,12
2018-06-30,4,1,3
2018-07-01,4,0,4
2018-07-01,3,2,1
2018-07-01,3,1,2
2018-07-01,2,1,1
2018-07-01,2,1,1
2018-07-01,3,2,1
2018-07-01,12,7,5
2018-07-01,19,12,7
2018-07-01,44,23,21
2018-07-01,42,20,22
2018-07-01,30,16,14
2018-07-01,60,29,31
2018-07-01,62,34,28
2018-07-01,38,18,20
2018-07-01,48,24,24
2018-07-01,43,20,23
2018-07-01,42,18,24
2018-07-01,44,18,26
2018-07-01,37,19,18
2018-07-01,18,6,12
2018-07-01,19,12,7
2018-07-01,10,5,5
2018-07-01,4,0,4
2018-07-01,3,0,3
2018-07-02,5,2,3
2018-07-02,2,1,1
2018-07-02,0,0,0
2018-07-02,1,1,0
2018-07-02,7,7,0
2018-07-02,28,22,6
2018-07-02,73,66,7
2018-07-02,137,126,11
2018-07-02,142,131,11
2018-07-02,67,62,5
2018-07-02,23,14,9
2018-07-02,25,12,13
2018-07-02,22,12,10
2018-07-02,18,11,7
2018-07-02,46,28,18
2018-07-02,48,16,32
2018-07-02,109,15,94
2018-07-02,160,20,140
2018-07-02,147,17,130
2018-07-02,81,37,44
2018-07-02,33,8,25
2018-07-02,15,2,13
2018-07-02,6,1,5
2018-07-02,6,1,5
2018-07-03,2,1,1
2018-07-03,2,1,1
2018-07-03,2,0,2
2018-07-03,4,2,2
2018-07-03,10,8,2
2018-07-03,28,23,5
2018-07-03,91,78,13
2018-07-03,158,145,13
2018-07-03,167,154,13
2018-07-03,65,55,10
2018-07-03,29,20,9
2018-07-03,24,14,10
2018-07-03,17,10,7
2018-07-03,44,17,27
2018-07-03,53,21,32
2018-07-03,104,20,84
2018-07-03,127,24,103
2018-07-03,184,31,153
2018-07-03,128,24,104
2018-07-03,57,20,37
2018-07-03,38,6,32
2018-07-03,31,8,23
2018-07-03,22,6,16
2018-07-03,7,2,5
2018-07-04,11,5,6
2018-07-04,2,2,0
2018-07-04,2,1,1
2018-07-04,1,0,1
2018-07-04,2,1,1
2018-07-04,10,5,5
2018-07-04,12,9,3
2018-07-04,30,21,9
2018-07-04,42,34,8
2018-07-04,70,38,32
2018-07-04,68,33,35
2018-07-04,104,48,56
2018-07-04,116,73,43
2018-07-04,101,42,59
2018-07-04,86,47,39
2018-07-04,61,28,33
2018-07-04,57,18,39
2018-07-04,71,20,51
2018-07-04,31,12,19
2018-07-04,37,21,16
2018-07-04,26,16,10
2018-07-04,20,14,6
2018-07-04,12,8,4
2018-07-04,4,3,1
2018-07-05,12,1,11
2018-07-05,5,4,1
2018-07-05,2,1,1
2018-07-05,4,3,1
2018-07-05,8,7,1
2018-07-05,20,12,8
2018-07-05,69,60,9
2018-07-05,108,101,7
2018-07-05,111,105,6
2018-07-05,86,74,12
2018-07-05,44,25,19
2018-07-05,38,16,22
2018-07-05,33,19,14
2018-07-05,47,26,21
2018-07-05,35,15,20
2018-07-05,74,27,47
2018-07-05,110,30,80
2018-07-05,152,22,130
2018-07-05,93,13,80
2018-07-05,66,18,48
2018-07-05,34,9,25
2018-07-05,20,5,15
2018-07-05,18,8,10
2018-07-05,11,3,8
2018-07-06,11,3,8
2018-07-06,2,2,0
2018-07-06,0,0,0
2018-07-06,2,1,1
2018-07-06,8,3,5
2018-07-06,27,25,2
2018-07-06,66,57,9
2018-07-06,100,93,7
2018-07-06,115,99,16
2018-07-06,61,53,8
2018-07-06,33,26,7
2018-07-06,18,9,9
2018-07-06,45,28,17
2018-07-06,26,6,20
2018-07-06,43,18,25
2018-07-06,66,21,45
2018-07-06,106,17,89
2018-07-06,132,19,113
2018-07-06,65,10,55
2018-07-06,50,19,31
2018-07-06,24,12,12
2018-07-06,14,2,12
2018-07-06,14,4,10
2018-07-06,12,4,8
2018-07-07,7,2,5
2018-07-07,4,1,3
2018-07-07,1,0,1
2018-07-07,3,2,1
2018-07-07,4,0,4
2018-07-07,6,6,0
2018-07-07,5,3,2
2018-07-07,13,9,4
2018-07-07,31,20,11
2018-07-07,44,21,23
2018-07-07,77,32,45
2018-07-07,64,27,37
2018-07-07,76,45,31
2018-07-07,44,21,23
2018-07-07,74,46,28
2018-07-07,85,46,39
2018-07-07,68,37,31
2018-07-07,44,18,26
2018-07-07,50,18,32
2018-07-07,37,22,15
2018-07-07,35,15,20
2018-07-07,15,5,10
2018-07-07,10,5,5
2018-07-07,6,0,6
2018-07-08,7,1,6
2018-07-08,1,0,1
2018-07-08,2,2,0
2018-07-08,1,0,1
2018-07-08,1,1,0
2018-07-08,4,3,1
2018-07-08,9,4,5
2018-07-08,16,7,9
2018-07-08,42,26,16
2018-07-08,63,33,30
2018-07-08,62,33,29
2018-07-08,86,46,40
2018-07-08,118,47,71
2018-07-08,119,75,44
2018-07-08,85,52,33
2018-07-08,85,38,47
2018-07-08,82,38,44
2018-07-08,53,34,19
2018-07-08,33,17,16
2018-07-08,17,3,14
2018-07-08,20,12,8
2018-07-08,11,5,6
2018-07-08,8,3,5
2018-07-08,5,2,3
2018-07-09,4,2,2
2018-07-09,3,0,3
2018-07-09,2,1,1
2018-07-09,0,0,0
2018-07-09,8,5,3
2018-07-09,40,33,7
2018-07-09,104,92,12
2018-07-09,182,172,10
2018-07-09,171,160,11
2018-07-09,61,52,9
2018-07-09,36,25,11
2018-07-09,21,10,11
2018-07-09,21,10,11
2018-07-09,36,18,18
2018-07-09,43,15,28
2018-07-09,69,17,52
2018-07-09,133,25,108
2018-07-09,222,25,197
2018-07-09,128,13,115
2018-07-09,40,8,32
2018-07-09,24,3,21
2018-07-09,17,3,14
2018-07-09,6,1,5
2018-07-09,14,6,8
2018-07-10,2,1,1
2018-07-10,2,1,1
2018-07-10,0,0,0
2018-07-10,3,2,1
2018-07-10,6,4,2
2018-07-10,40,34,6
2018-07-10,91,79,12
2018-07-10,186,160,26
2018-07-10,163,143,20
2018-07-10,64,49,15
2018-07-10,22,18,4
2018-07-10,20,15,5
2018-07-10,22,10,12
2018-07-10,32,19,13
2018-07-10,39,15,24
2018-07-10,41,8,33
2018-07-10,129,25,104
2018-07-10,206,30,176
2018-07-10,156,20,136
2018-07-10,56,10,46
2018-07-10,46,20,26
2018-07-10,29,12,17
2018-07-10,9,1,8
2018-07-10,5,0,5
2018-07-11,1,0,1
2018-07-11,2,2,0
2018-07-11,2,0,2
2018-07-11,3,0,3
2018-07-11,10,8,2
2018-07-11,36,29,7
2018-07-11,121,108,13
2018-07-11,176,163,13
2018-07-11,164,140,24
2018-07-11,85,66,19
2018-07-11,37,24,13
2018-07-11,34,20,14
2018-07-11,33,21,12
2018-07-11,32,16,16
2018-07-11,38,22,16
2018-07-11,77,16,61
2018-07-11,132,36,96
2018-07-11,231,32,199
2018-07-11,145,18,127
2018-07-11,76,14,62
2018-07-11,48,19,29
2018-07-11,31,12,19
2018-07-11,25,11,14
2018-07-11,4,3,1
2018-07-12,4,1,3
2018-07-12,1,0,1
2018-07-12,2,0,2
2018-07-12,1,0,1
2018-07-12,7,6,1
2018-07-12,34,30,4
2018-07-12,108,98,10
2018-07-12,164,155,9
2018-07-12,165,153,12
2018-07-12,77,69,8
2018-07-12,45,25,20
2018-07-12,43,30,13
2018-07-12,44,24,20
2018-07-12,36,22,14
2018-07-12,40,13,27
2018-07-12,72,18,54
2018-07-12,129,19,110
2018-07-12,192,26,166
2018-07-12,137,14,123
2018-07-12,65,8,57
2018-07-12,43,13,30
2018-07-12,27,9,18
2018-07-12,17,7,10
2018-07-12,5,4,1
2018-07-13,3,1,2
2018-07-13,2,0,2
2018-07-13,3,2,1
2018-07-13,5,1,4
2018-07-13,8,7,1
2018-07-13,29,24,5
2018-07-13,88,75,13
2018-07-13,152,142,10
2018-07-13,124,108,16
2018-07-13,38,27,11
2018-07-13,36,24,12
2018-07-13,47,24,23
2018-07-13,25,14,11
2018-07-13,47,21,26
2018-07-13,52,23,29
2018-07-13,74,15,59
2018-07-13,119,23,96
2018-07-13,159,18,141
2018-07-13,82,12,70
2018-07-13,45,15,30
2018-07-13,31,14,17
2018-07-13,28,14,14
2018-07-13,10,5,5
2018-07-13,14,8,6
2018-07-14,11,1,10
2018-07-14,2,1,1
2018-07-14,3,2,1
2018-07-14,3,1,2
2018-07-14,9,6,3
2018-07-14,9,6,3
2018-07-14,17,14,3
2018-07-14,17,11,6
2018-07-14,26,17,9
2018-07-14,58,31,27
2018-07-14,70,33,37
2018-07-14,69,24,45
2018-07-14,87,40,47
2018-07-14,88,48,40
2018-07-14,76,40,36
2018-07-14,65,38,27
2018-07-14,59,18,41
2018-07-14,45,22,23
2018-07-14,48,21,27
2018-07-14,36,21,15
2018-07-14,37,18,19
2018-07-14,17,9,8
2018-07-14,13,9,4
2018-07-14,10,5,5
2018-07-15,3,0,3
2018-07-15,2,2,0
2018-07-15,3,1,2
2018-07-15,3,3,0
2018-07-15,3,1,2
2018-07-15,3,1,2
2018-07-15,21,12,9
2018-07-15,26,15,11
2018-07-15,39,26,13
2018-07-15,34,20,14
2018-07-15,69,35,34
2018-07-15,72,38,34
2018-07-15,76,35,41
2018-07-15,78,39,39
2018-07-15,49,20,29
2018-07-15,59,23,36
2018-07-15,54,29,25
2018-07-15,41,21,20
2018-07-15,34,13,21
2018-07-15,26,9,17
2018-07-15,20,8,12
2018-07-15,20,9,11
2018-07-15,10,3,7
2018-07-15,8,3,5
2018-07-16,4,3,1
2018-07-16,8,5,3
2018-07-16,1,1,0
2018-07-16,0,0,0
2018-07-16,9,5,4
2018-07-16,32,24,8
2018-07-16,61,56,5
2018-07-16,203,185,18
2018-07-16,156,143,13
2018-07-16,72,59,13
2018-07-16,27,20,7
2018-07-16,29,17,12
2018-07-16,37,13,24
2018-07-16,25,15,10
2018-07-16,28,13,15
2018-07-16,58,18,40
2018-07-16,114,14,100
2018-07-16,198,21,177
2018-07-16,145,19,126
2018-07-16,42,5,37
2018-07-16,51,29,22
2018-07-16,31,15,16
2018-07-16,5,1,4
2018-07-16,9,4,5
2018-07-17,3,1,2
2018-07-17,0,0,0
2018-07-17,4,0,4
2018-07-17,1,0,1
2018-07-17,11,6,5
2018-07-17,43,32,11
2018-07-17,98,87,11
2018-07-17,180,163,17
2018-07-17,163,147,16
2018-07-17,57,46,11
2018-07-17,31,21,10
2018-07-17,39,20,19
2018-07-17,24,14,10
2018-07-17,16,10,6
2018-07-17,46,21,25
2018-07-17,62,18,44
2018-07-17,130,16,114
2018-07-17,204,29,175
2018-07-17,128,22,106
2018-07-17,63,13,50
2018-07-17,44,12,32
2018-07-17,31,14,17
2018-07-17,13,6,7
2018-07-17,17,3,14
2018-07-18,5,1,4
2018-07-18,2,0,2
2018-07-18,2,2,0
2018-07-18,3,1,2
2018-07-18,6,5,1
2018-07-18,41,32,9
2018-07-18,123,107,16
2018-07-18,174,150,24
2018-07-18,154,133,21
2018-07-18,82,73,9
2018-07-18,33,28,5
2018-07-18,31,21,10
2018-07-18,19,10,9
2018-07-18,38,14,24
2018-07-18,35,18,17
2018-07-18,48,8,40
2018-07-18,138,30,108
2018-07-18,218,22,196
2018-07-18,125,19,106
2018-07-18,76,19,57
2018-07-18,33,8,25
2018-07-18,40,16,24
2018-07-18,17,4,13
2018-07-18,4,1,3
2018-07-19,5,0,5
2018-07-19,1,1,0
2018-07-19,1,1,0
2018-07-19,3,1,2
2018-07-19,9,6,3
2018-07-19,37,31,6
2018-07-19,90,84,6
2018-07-19,165,150,15
2018-07-19,117,112,5
2018-07-19,64,55,9
2018-07-19,31,24,7
2018-07-19,29,17,12
2018-07-19,24,17,7
2018-07-19,32,17,15
2018-07-19,31,19,12
2018-07-19,60,13,47
2018-07-19,107,19,88
2018-07-19,184,22,162
2018-07-19,107,13,94
2018-07-19,65,12,53
2018-07-19,32,6,26
2018-07-19,22,5,17
2018-07-19,13,5,8
2018-07-19,2,0,2
2018-07-20,6,2,4
2018-07-20,3,2,1
2018-07-20,3,1,2
2018-07-20,0,0,0
2018-07-20,8,6,2
2018-07-20,28,23,5
2018-07-20,78,69,9
2018-07-20,129,114,15
2018-07-20,124,114,10
2018-07-20,46,35,11
2018-07-20,35,32,3
2018-07-20,28,13,15
2018-07-20,39,23,16
2018-07-20,37,18,19
2018-07-20,48,15,33
2018-07-20,92,27,65
2018-07-20,116,33,83
2018-07-20,146,21,125
2018-07-20,78,16,62
2018-07-20,56,16,40
2018-07-20,25,10,15
2018-07-20,14,4,10
2018-07-20,20,1,19
2018-07-20,11,1,10
2018-07-21,7,4,3
2018-07-21,4,2,2
2018-07-21,3,1,2
2018-07-21,2,1,1
2018-07-21,3,1,2
2018-07-21,4,3,1
2018-07-21,21,10,11
2018-07-21,34,15,19
2018-07-21,48,39,9
2018-07-21,44,24,20
2018-07-21,82,25,57
2018-07-21,109,50,59
2018-07-21,89,57,32
2018-07-21,74,39,35
2018-07-21,79,33,46
2018-07-21,102,40,62
2018-07-21,52,23,29
2018-07-21,97,51,46
2018-07-21,49,21,28
2018-07-21,28,13,15
2018-07-21,32,17,15
2018-07-21,24,11,13
2018-07-21,15,3,12
2018-07-21,5,0,5
2018-07-22,8,4,4
2018-07-22,8,3,5
2018-07-22,11,1,10
2018-07-22,1,0,1
2018-07-22,0,0,0
2018-07-22,1,1,0
2018-07-22,8,6,2
2018-07-22,15,9,6
2018-07-22,24,17,7
2018-07-22,43,17,26
2018-07-22,56,32,24
2018-07-22,84,41,43
2018-07-22,78,52,26
2018-07-22,69,31,38
2018-07-22,78,39,39
2018-07-22,66,33,33
2018-07-22,72,30,42
2018-07-22,38,22,16
2018-07-22,46,18,28
2018-07-22,37,14,23
2018-07-22,18,8,10
2018-07-22,21,10,11
2018-07-22,5,2,3
2018-07-22,6,3,3
2018-07-23,2,1,1
2018-07-23,2,0,2
2018-07-23,2,1,1
2018-07-23,0,0,0
2018-07-23,6,6,0
2018-07-23,41,35,6
2018-07-23,101,92,9
2018-07-23,177,158,19
2018-07-23,167,150,17
2018-07-23,79,66,13
2018-07-23,38,29,9
2018-07-23,17,11,6
2018-07-23,29,17,12
2018-07-23,34,14,20
2018-07-23,55,22,33
2018-07-23,44,9,35
2018-07-23,123,21,102
2018-07-23,199,15,184
2018-07-23,139,10,129
2018-07-23,59,12,47
2018-07-23,39,18,21
2018-07-23,24,8,16
2018-07-23,11,2,9
2018-07-23,6,3,3
2018-07-24,1,0,1
2018-07-24,6,3,3
2018-07-24,0,0,0
2018-07-24,1,1,0
2018-07-24,8,6,2
2018-07-24,44,36,8
2018-07-24,106,93,13
2018-07-24,210,189,21
2018-07-24,166,156,10
2018-07-24,74,58,16
2018-07-24,34,20,14
2018-07-24,35,23,12
2018-07-24,28,18,10
2018-07-24,26,9,17
2018-07-24,40,17,23
2018-07-24,85,24,61
2018-07-24,138,22,116
2018-07-24,225,28,197
2018-07-24,137,22,115
2018-07-24,63,10,53
2018-07-24,27,7,20
2018-07-24,21,9,12
2018-07-24,17,2,15
2018-07-24,7,1,6
2018-07-25,6,2,4
2018-07-25,1,0,1
2018-07-25,3,2,1
2018-07-25,4,1,3
2018-07-25,6,5,1
2018-07-25,37,30,7
2018-07-25,113,101,12
2018-07-25,159,141,18
2018-07-25,163,145,18
2018-07-25,70,54,16
2018-07-25,47,34,13
2018-07-25,38,19,19
2018-07-25,34,20,14
2018-07-25,40,16,24
2018-07-25,25,17,8
2018-07-25,67,17,50
2018-07-25,147,21,126
2018-07-25,201,25,176
2018-07-25,154,24,130
2018-07-25,77,18,59
2018-07-25,47,9,38
2018-07-25,37,14,23
2018-07-25,18,6,12
2018-07-25,14,5,9
2018-07-26,5,3,2
2018-07-26,5,2,3
2018-07-26,3,1,2
2018-07-26,4,0,4
2018-07-26,4,3,1
2018-07-26,31,29,2
2018-07-26,91,82,9
2018-07-26,137,125,12
2018-07-26,179,164,15
2018-07-26,79,67,12
2018-07-26,41,24,17
2018-07-26,30,16,14
2018-07-26,43,26,17
2018-07-26,33,15,18
2018-07-26,40,17,23
2018-07-26,51,16,35
2018-07-26,114,28,86
2018-07-26,207,26,181
2018-07-26,128,27,101
2018-07-26,71,8,63
2018-07-26,57,22,35
2018-07-26,15,4,11
2018-07-26,9,3,6
2018-07-26,14,4,10
2018-07-27,5,0,5
2018-07-27,1,1,0
2018-07-27,1,1,0
2018-07-27,3,1,2
2018-07-27,6,4,2
2018-07-27,24,20,4
2018-07-27,79,72,7
2018-07-27,130,118,12
2018-07-27,131,120,11
2018-07-27,55,44,11
2018-07-27,39,21,18
2018-07-27,32,18,14
2018-07-27,25,14,11
2018-07-27,34,19,15
2018-07-27,54,18,36
2018-07-27,64,15,49
2018-07-27,125,25,100
2018-07-27,157,19,138
2018-07-27,82,15,67
2018-07-27,62,15,47
2018-07-27,30,8,22
2018-07-27,24,11,13
2018-07-27,17,6,11
2018-07-27,9,2,7
2018-07-28,6,1,5
2018-07-28,3,0,3
2018-07-28,2,1,1
2018-07-28,2,1,1
2018-07-28,3,1,2
2018-07-28,7,6,1
2018-07-28,14,8,6
2018-07-28,28,18,10
2018-07-28,29,16,13
2018-07-28,60,30,30
2018-07-28,61,24,37
2018-07-28,73,33,40
2018-07-28,73,35,38
2018-07-28,50,21,29
2018-07-28,64,41,23
2018-07-28,44,24,20
2018-07-28,60,30,30
2018-07-28,52,21,31
2018-07-28,35,16,19
2018-07-28,38,13,25
2018-07-28,23,12,11
2018-07-28,21,11,10
2018-07-28,24,15,9
2018-07-28,14,6,8
2018-07-29,7,2,5
2018-07-29,1,1,0
2018-07-29,6,2,4
2018-07-29,1,1,0
2018-07-29,0,0,0
2018-07-29,6,1,5
2018-07-29,9,6,3
2018-07-29,21,12,9
2018-07-29,51,32,19
2018-07-29,50,22,28
2018-07-29,71,32,39
2018-07-29,71,27,44
2018-07-29,103,57,46
2018-07-29,77,42,35
2018-07-29,67,35,32
2018-07-29,56,38,18
2018-07-29,69,33,36
2018-07-29,53,29,24
2018-07-29,42,23,19
2018-07-29,26,9,17
2018-07-29,26,13,13
2018-07-29,13,6,7
2018-07-29,11,7,4
2018-07-29,5,2,3
2018-07-30,7,3,4
2018-07-30,7,3,4
2018-07-30,3,2,1
2018-07-30,2,1,1
2018-07-30,10,9,1
2018-07-30,30,23,7
2018-07-30,92,76,16
2018-07-30,173,158,15
2018-07-30,156,141,15
2018-07-30,69,61,8
2018-07-30,29,19,10
2018-07-30,27,14,13
2018-07-30,27,10,17
2018-07-30,23,12,11
2018-07-30,34,12,22
2018-07-30,56,12,44
2018-07-30,115,19,96
2018-07-30,213,30,183
2018-07-30,139,18,121
2018-07-30,61,16,45
2018-07-30,18,9,9
2018-07-30,22,5,17
2018-07-30,15,2,13
2018-07-30,7,3,4
2018-07-31,3,0,3
2018-07-31,5,1,4
2018-07-31,1,0,1
2018-07-31,3,2,1
2018-07-31,8,6,2
2018-07-31,38,32,6
2018-07-31,91,80,11
2018-07-31,194,177,17
2018-07-31,166,150,16
2018-07-31,66,51,15
2018-07-31,36,27,9
2018-07-31,26,11,15
2018-07-31,33,23,10
2018-07-31,27,13,14
2018-07-31,39,23,16
2018-07-31,66,14,52
2018-07-31,142,28,114
2018-07-31,219,38,181
2018-07-31,128,14,114
2018-07-31,73,14,59
2018-07-31,45,13,32
2018-07-31,29,13,16
2018-07-31,23,9,14
2018-07-31,11,1,10
2018-08-01,7,0,7
2018-08-01,5,1,4
2018-08-01,3,2,1
2018-08-01,2,1,1
2018-08-01,8,7,1
2018-08-01,38,30,8
2018-08-01,86,74,12
2018-08-01,189,172,17
2018-08-01,148,133,15
2018-08-01,61,52,9
2018-08-01,27,18,9
2018-08-01,20,15,5
2018-08-01,34,17,17
2018-08-01,27,15,12
2018-08-01,31,18,13
2018-08-01,52,14,38
2018-08-01,145,31,114
2018-08-01,215,26,189
2018-08-01,128,19,109
2018-08-01,79,15,64
2018-08-01,55,18,37
2018-08-01,31,13,18
2018-08-01,19,7,12
2018-08-01,7,4,3
2018-08-02,11,2,9
2018-08-02,6,2,4
2018-08-02,0,0,0
2018-08-02,1,0,1
2018-08-02,2,1,1
2018-08-02,14,9,5
2018-08-02,15,8,7
2018-08-02,47,40,7
2018-08-02,89,76,13
2018-08-02,43,36,7
2018-08-02,29,21,8
2018-08-02,17,12,5
2018-08-02,18,11,7
2018-08-02,16,7,9
2018-08-02,25,14,11
2018-08-02,51,16,35
2018-08-02,76,14,62
2018-08-02,161,21,140
2018-08-02,97,17,80
2018-08-02,61,17,44
2018-08-02,21,8,13
2018-08-02,13,5,8
2018-08-02,19,5,14
2018-08-02,5,0,5
2018-08-03,2,1,1
2018-08-03,7,4,3
2018-08-03,4,0,4
2018-08-03,2,2,0
2018-08-03,5,3,2
2018-08-03,20,15,5
2018-08-03,45,38,7
2018-08-03,113,103,10
2018-08-03,119,105,14
2018-08-03,39,28,11
2018-08-03,38,31,7
2018-08-03,27,17,10
2018-08-03,23,15,8
2018-08-03,36,16,20
2018-08-03,49,21,28
2018-08-03,65,24,41
2018-08-03,90,19,71
2018-08-03,142,31,111
2018-08-03,80,13,67
2018-08-03,37,8,29
2018-08-03,37,19,18
2018-08-03,18,3,15
2018-08-03,21,3,18
2018-08-03,7,4,3
2018-08-04,8,1,7
2018-08-04,8,5,3
2018-08-04,1,1,0
2018-08-04,4,1,3
2018-08-04,3,1,2
2018-08-04,7,6,1
2018-08-04,15,11,4
2018-08-04,21,13,8
2018-08-04,43,30,13
2018-08-04,33,25,8
2018-08-04,61,26,35
2018-08-04,57,36,21
2018-08-04,89,48,41
2018-08-04,62,22,40
2018-08-04,107,27,80
2018-08-04,124,33,91
2018-08-04,173,36,137
2018-08-04,156,34,122
2018-08-04,64,33,31
2018-08-04,41,18,23
2018-08-04,27,17,10
2018-08-04,28,8,20
2018-08-04,21,7,14
2018-08-04,19,4,15
2018-08-05,9,0,9
2018-08-05,8,3,5
2018-08-05,2,0,2
2018-08-05,3,1,2
2018-08-05,2,1,1
2018-08-05,7,5,2
2018-08-05,11,8,3
2018-08-05,20,10,10
2018-08-05,37,25,12
2018-08-05,42,21,21
2018-08-05,45,28,17
2018-08-05,72,40,32
2018-08-05,89,48,41
2018-08-05,76,39,37
2018-08-05,87,38,49
2018-08-05,94,39,55
2018-08-05,77,33,44
2018-08-05,49,21,28
2018-08-05,49,22,27
2018-08-05,29,18,11
2018-08-05,26,7,19
2018-08-05,11,2,9
2018-08-05,11,3,8
2018-08-05,15,5,10
2018-08-06,11,4,7
2018-08-06,4,2,2
2018-08-06,2,0,2
2018-08-06,2,1,1
2018-08-06,10,9,1
2018-08-06,32,28,4
2018-08-06,107,90,17
2018-08-06,193,184,9
2018-08-06,146,133,13
2018-08-06,76,59,17
2018-08-06,43,25,18
2018-08-06,22,10,12
2018-08-06,19,12,7
2018-08-06,33,22,11
2018-08-06,29,13,16
2018-08-06,72,22,50
2018-08-06,157,29,128
2018-08-06,246,29,217
2018-08-06,137,18,119
2018-08-06,78,15,63
2018-08-06,39,12,27
2018-08-06,8,2,6
2018-08-06,8,3,5
2018-08-06,6,0,6
2018-08-07,3,1,2
2018-08-07,6,1,5
2018-08-07,3,2,1
2018-08-07,2,1,1
2018-08-07,13,10,3
2018-08-07,37,32,5
2018-08-07,101,94,7
2018-08-07,206,187,19
2018-08-07,183,162,21
2018-08-07,79,68,11
2018-08-07,42,29,13
2018-08-07,31,19,12
2018-08-07,29,13,16
2018-08-07,26,9,17
2018-08-07,37,11,26
2018-08-07,57,19,38
2018-08-07,168,32,136
2018-08-07,225,25,200
2018-08-07,152,28,124
2018-08-07,60,19,41
2018-08-07,36,11,25
2018-08-07,25,10,15
2018-08-07,17,9,8
2018-08-07,8,2,6
2018-08-08,3,1,2
2018-08-08,6,4,2
2018-08-08,2,1,1
2018-08-08,3,1,2
2018-08-08,8,5,3
2018-08-08,34,25,9
2018-08-08,96,81,15
2018-08-08,184,166,18
2018-08-08,156,141,15
2018-08-08,88,79,9
2018-08-08,35,20,15
2018-08-08,35,24,11
2018-08-08,19,12,7
2018-08-08,38,25,13
2018-08-08,36,17,19
2018-08-08,66,18,48
2018-08-08,123,22,101
2018-08-08,210,27,183
2018-08-08,140,22,118
2018-08-08,79,20,59
2018-08-08,47,20,27
2018-08-08,31,12,19
2018-08-08,7,1,6
2018-08-08,9,2,7
2018-08-09,30,4,26
2018-08-09,6,1,5
2018-08-09,3,1,2
2018-08-09,3,1,2
2018-08-09,8,5,3
2018-08-09,38,34,4
2018-08-09,82,70,12
2018-08-09,170,154,16
2018-08-09,167,152,15
2018-08-09,71,61,10
2018-08-09,46,38,8
2018-08-09,21,12,9
2018-08-09,29,15,14
2018-08-09,21,14,7
2018-08-09,31,16,15
2018-08-09,54,13,41
2018-08-09,109,24,85
2018-08-09,197,24,173
2018-08-09,156,28,128
2018-08-09,71,13,58
2018-08-09,27,6,21
2018-08-09,25,4,21
2018-08-09,18,6,12
2018-08-09,12,2,10
2018-08-10,7,3,4
2018-08-10,2,1,1
2018-08-10,1,1,0
2018-08-10,0,0,0
2018-08-10,8,7,1
2018-08-10,24,20,4
2018-08-10,67,56,11
2018-08-10,157,149,8
2018-08-10,113,98,15
2018-08-10,53,41,12
2018-08-10,33,22,11
2018-08-10,38,23,15
2018-08-10,27,11,16
2018-08-10,35,14,21
2018-08-10,49,16,33
2018-08-10,53,15,38
2018-08-10,111,20,91
2018-08-10,176,25,151
2018-08-10,85,26,59
2018-08-10,46,13,33
2018-08-10,37,10,27
2018-08-10,11,4,7
2018-08-10,9,2,7
2018-08-10,17,6,11
2018-08-11,22,2,20
2018-08-11,8,0,8
2018-08-11,3,1,2
2018-08-11,3,1,2
2018-08-11,5,3,2
2018-08-11,7,5,2
2018-08-11,16,11,5
2018-08-11,22,12,10
2018-08-11,28,19,9
2018-08-11,38,19,19
2018-08-11,43,19,24
2018-08-11,71,28,43
2018-08-11,97,51,46
2018-08-11,167,108,59
2018-08-11,186,114,72
2018-08-11,191,88,103
2018-08-11,184,53,131
2018-08-11,150,22,128
2018-08-11,117,34,83
2018-08-11,176,68,108
2018-08-11,89,69,20
2018-08-11,107,100,7
2018-08-11,175,161,14
2018-08-11,87,81,6
2018-08-12,23,19,4
2018-08-12,4,4,0
2018-08-12,2,1,1
2018-08-12,2,2,0
2018-08-12,5,5,0
2018-08-12,4,3,1
2018-08-12,6,3,3
2018-08-12,22,16,6
2018-08-12,32,24,8
2018-08-12,47,20,27
2018-08-12,47,20,27
2018-08-12,55,23,32
2018-08-12,47,18,29
2018-08-12,51,29,22
2018-08-12,61,36,25
2018-08-12,64,37,27
2018-08-12,67,35,32
2018-08-12,63,27,36
2018-08-12,51,21,30
2018-08-12,11,8,3
2018-08-12,14,6,8
2018-08-12,13,5,8
2018-08-12,15,4,11
2018-08-12,3,0,3
2018-08-13,0,0,0
2018-08-13,0,0,0
2018-08-13,2,0,2
2018-08-13,2,2,0
2018-08-13,3,3,0
2018-08-13,30,24,6
2018-08-13,81,72,9
2018-08-13,179,162,17
2018-08-13,142,134,8
2018-08-13,76,69,7
2018-08-13,29,22,7
2018-08-13,30,15,15
2018-08-13,32,20,12
2018-08-13,34,17,17
2018-08-13,33,12,21
2018-08-13,47,11,36
2018-08-13,129,19,110
2018-08-13,224,20,204
2018-08-13,117,16,101
2018-08-13,71,22,49
2018-08-13,22,5,17
2018-08-13,17,3,14
2018-08-13,8,6,2
2018-08-13,4,2,2
2018-08-14,10,2,8
2018-08-14,4,4,0
2018-08-14,3,1,2
2018-08-14,4,1,3
2018-08-14,4,3,1
2018-08-14,30,27,3
2018-08-14,84,73,11
2018-08-14,186,167,19
2018-08-14,160,147,13
2018-08-14,65,54,11
2018-08-14,34,26,8
2018-08-14,16,8,8
2018-08-14,18,16,2
2018-08-14,20,8,12
2018-08-14,33,14,19
2018-08-14,48,8,40
2018-08-14,117,26,91
2018-08-14,192,26,166
2018-08-14,115,14,101
2018-08-14,50,10,40
2018-08-14,33,10,23
2018-08-14,12,1,11
2018-08-14,12,3,9
2018-08-14,2,0,2
2018-08-15,2,1,1
2018-08-15,3,1,2
2018-08-15,3,0,3
2018-08-15,2,1,1
2018-08-15,10,8,2
2018-08-15,28,24,4
2018-08-15,84,77,7
2018-08-15,158,141,17
2018-08-15,137,114,23
2018-08-15,58,47,11
2018-08-15,27,17,10
2018-08-15,31,19,12
2018-08-15,23,13,10
2018-08-15,24,15,9
2018-08-15,21,10,11
2018-08-15,48,17,31
2018-08-15,108,25,83
2018-08-15,172,23,149
2018-08-15,91,11,80
2018-08-15,62,13,49
2018-08-15,35,15,20
2018-08-15,20,5,15
2018-08-15,7,2,5
2018-08-15,6,2,4
2018-08-16,4,0,4
2018-08-16,3,3,0
2018-08-16,1,0,1
2018-08-16,4,1,3
2018-08-16,9,7,2
2018-08-16,23,17,6
2018-08-16,81,73,8
2018-08-16,134,124,10
2018-08-16,134,123,11
2018-08-16,48,41,7
2018-08-16,34,20,14
2018-08-16,21,16,5
2018-08-16,14,9,5
2018-08-16,21,10,11
2018-08-16,27,10,17
2018-08-16,53,17,36
2018-08-16,103,17,86
2018-08-16,175,26,149
2018-08-16,100,15,85
2018-08-16,51,12,39
2018-08-16,33,12,21
2018-08-16,16,9,7
2018-08-16,14,4,10
2018-08-16,5,0,5
2018-08-17,2,2,0
2018-08-17,2,1,1
2018-08-17,3,2,1
2018-08-17,2,1,1
2018-08-17,3,1,2
2018-08-17,26,20,6
2018-08-17,68,64,4
2018-08-17,105,96,9
2018-08-17,119,110,9
2018-08-17,45,35,10
2018-08-17,33,24,9
2018-08-17,29,14,15
2018-08-17,28,16,12
2018-08-17,33,12,21
2018-08-17,48,18,30
2018-08-17,71,19,52
2018-08-17,132,39,93
2018-08-17,150,24,126
2018-08-17,66,11,55
2018-08-17,39,12,27
2018-08-17,30,8,22
2018-08-17,20,6,14
2018-08-17,19,7,12
2018-08-17,10,2,8
2018-08-18,5,3,2
2018-08-18,4,1,3
2018-08-18,7,2,5
2018-08-18,2,0,2
2018-08-18,1,0,1
2018-08-18,8,7,1
2018-08-18,9,7,2
2018-08-18,23,12,11
2018-08-18,23,19,4
2018-08-18,38,20,18
2018-08-18,61,28,33
2018-08-18,61,34,27
2018-08-18,69,43,26
2018-08-18,91,51,40
2018-08-18,69,40,29
2018-08-18,89,41,48
2018-08-18,60,27,33
2018-08-18,69,32,37
2018-08-18,60,18,42
2018-08-18,36,17,19
2018-08-18,22,10,12
2018-08-18,12,2,10
2018-08-18,9,4,5
2018-08-18,6,1,5
2018-08-19,5,2,3
2018-08-19,8,4,4
2018-08-19,1,0,1
2018-08-19,0,0,0
2018-08-19,1,1,0
2018-08-19,8,5,3
2018-08-19,9,6,3
2018-08-19,18,14,4
2018-08-19,20,12,8
2018-08-19,40,21,19
2018-08-19,43,23,20
2018-08-19,66,32,34
2018-08-19,68,34,34
2018-08-19,52,32,20
2018-08-19,67,39,28
2018-08-19,44,15,29
2018-08-19,38,15,23
2018-08-19,25,10,15
2018-08-19,23,7,16
2018-08-19,15,9,6
2018-08-19,5,0,5
2018-08-19,5,2,3
2018-08-19,5,0,5
2018-08-19,5,0,5
2018-08-20,2,2,0
2018-08-20,1,1,0
2018-08-20,1,0,1
2018-08-20,2,0,2
2018-08-20,6,5,1
2018-08-20,20,16,4
2018-08-20,62,48,14
2018-08-20,122,112,10
2018-08-20,96,92,4
2018-08-20,42,34,8
2018-08-20,29,20,9
2018-08-20,22,14,8
2018-08-20,17,13,4
2018-08-20,21,6,15
2018-08-20,25,12,13
2018-08-20,39,16,23
2018-08-20,72,16,56
2018-08-20,114,23,91
2018-08-20,60,5,55
2018-08-20,33,6,27
2018-08-20,12,4,8
2018-08-20,13,5,8
2018-08-20,9,2,7
2018-08-20,9,1,8
2018-08-21,6,1,5
2018-08-21,1,1,0
2018-08-21,1,0,1
2018-08-21,4,1,3
2018-08-21,4,3,1
2018-08-21,19,14,5
2018-08-21,38,26,12
2018-08-21,71,62,9
2018-08-21,63,62,1
2018-08-21,37,31,6
2018-08-21,16,12,4
2018-08-21,7,2,5
2018-08-21,8,6,2
2018-08-21,7,3,4
2018-08-21,14,7,7
2018-08-21,28,10,18
2018-08-21,58,12,46
2018-08-21,73,4,69
2018-08-21,49,6,43
2018-08-21,24,7,17
2018-08-21,14,8,6
2018-08-21,11,3,8
2018-08-21,6,1,5
2018-08-21,5,1,4
2018-08-22,5,2,3
2018-08-22,1,1,0
2018-08-22,0,0,0
2018-08-22,1,0,1
2018-08-22,5,3,2
2018-08-22,14,13,1
2018-08-22,46,38,8
2018-08-22,68,62,6
2018-08-22,64,61,3
2018-08-22,30,25,5
2018-08-22,20,15,5
2018-08-22,16,13,3
2018-08-22,11,4,7
2018-08-22,11,5,6
2018-08-22,14,3,11
2018-08-22,26,5,21
2018-08-22,61,14,47
2018-08-22,82,11,71
2018-08-22,60,10,50
2018-08-22,27,4,23
2018-08-22,19,3,16
2018-08-22,15,5,10
2018-08-22,4,0,4
2018-08-22,4,2,2
2018-08-23,4,1,3
2018-08-23,2,1,1
2018-08-23,4,0,4
2018-08-23,3,0,3
2018-08-23,10,8,2
2018-08-23,14,13,1
2018-08-23,50,42,8
2018-08-23,92,86,6
2018-08-23,95,90,5
2018-08-23,43,38,5
2018-08-23,25,20,5
2018-08-23,17,9,8
2018-08-23,19,11,8
2018-08-23,30,11,19
2018-08-23,23,12,11
2018-08-23,41,15,26
2018-08-23,82,19,63
2018-08-23,123,25,98
2018-08-23,97,20,77
2018-08-23,74,10,64
2018-08-23,25,5,20
2018-08-23,40,27,13
2018-08-23,7,1,6
2018-08-23,7,2,5
2018-08-24,3,0,3
2018-08-24,4,3,1
2018-08-24,2,1,1
2018-08-24,1,0,1
2018-08-24,9,4,5
2018-08-24,25,21,4
2018-08-24,62,52,10
2018-08-24,94,88,6
2018-08-24,96,82,14
2018-08-24,47,43,4
2018-08-24,26,18,8
2018-08-24,24,11,13
2018-08-24,22,14,8
2018-08-24,30,16,14
2018-08-24,28,10,18
2018-08-24,39,10,29
2018-08-24,98,22,76
2018-08-24,111,20,91
2018-08-24,70,13,57
2018-08-24,34,11,23
2018-08-24,21,3,18
2018-08-24,11,5,6
2018-08-24,10,1,9
2018-08-24,8,2,6
2018-08-25,13,3,10
2018-08-25,1,0,1
2018-08-25,1,1,0
2018-08-25,1,0,1
2018-08-25,2,1,1
2018-08-25,4,2,2
2018-08-25,7,7,0
2018-08-25,9,5,4
2018-08-25,25,21,4
2018-08-25,24,14,10
2018-08-25,28,15,13
2018-08-25,42,12,30
2018-08-25,46,34,12
2018-08-25,21,9,12
2018-08-25,40,22,18
2018-08-25,38,15,23
2018-08-25,32,19,13
2018-08-25,26,8,18
2018-08-25,16,10,6
2018-08-25,17,8,9
2018-08-25,15,8,7
2018-08-25,4,3,1
2018-08-25,4,3,1
2018-08-25,11,3,8
2018-08-26,14,1,13
2018-08-26,4,2,2
2018-08-26,8,2,6
2018-08-26,0,0,0
2018-08-26,1,0,1
2018-08-26,5,4,1
2018-08-26,7,3,4
2018-08-26,5,2,3
2018-08-26,22,13,9
2018-08-26,32,20,12
2018-08-26,37,22,15
2018-08-26,43,17,26
2018-08-26,45,22,23
2018-08-26,39,14,25
2018-08-26,33,22,11
2018-08-26,35,14,21
2018-08-26,33,13,20
2018-08-26,14,7,7
2018-08-26,13,5,8
2018-08-26,8,3,5
2018-08-26,6,3,3
2018-08-26,2,0,2
2018-08-26,3,3,0
2018-08-26,3,0,3
2018-08-27,3,1,2
2018-08-27,2,1,1
2018-08-27,0,0,0
2018-08-27,1,1,0
2018-08-27,9,9,0
2018-08-27,17,14,3
2018-08-27,74,68,6
2018-08-27,153,135,18
2018-08-27,123,110,13
2018-08-27,49,47,2
2018-08-27,35,20,15
2018-08-27,22,12,10
2018-08-27,23,13,10
2018-08-27,32,16,16
2018-08-27,42,22,20
2018-08-27,52,18,34
2018-08-27,111,17,94
2018-08-27,163,15,148
2018-08-27,113,11,102
2018-08-27,48,13,35
2018-08-27,25,10,15
2018-08-27,17,5,12
2018-08-27,6,2,4
2018-08-27,9,1,8
2018-08-28,4,1,3
2018-08-28,1,1,0
2018-08-28,0,0,0
2018-08-28,1,0,1
2018-08-28,9,8,1
2018-08-28,31,25,6
2018-08-28,95,82,13
2018-08-28,168,152,16
2018-08-28,161,145,16
2018-08-28,62,51,11
2018-08-28,39,30,9
2018-08-28,34,17,17
2018-08-28,26,11,15
2018-08-28,27,16,11
2018-08-28,43,20,23
2018-08-28,65,17,48
2018-08-28,149,28,121
2018-08-28,203,33,170
2018-08-28,126,27,99
2018-08-28,58,8,50
2018-08-28,32,9,23
2018-08-28,19,7,12
2018-08-28,10,4,6
2018-08-28,15,5,10
2018-08-29,2,1,1
2018-08-29,1,0,1
2018-08-29,1,1,0
2018-08-29,2,1,1
2018-08-29,8,5,3
2018-08-29,22,17,5
2018-08-29,95,82,13
2018-08-29,167,150,17
2018-08-29,137,121,16
2018-08-29,61,53,8
2018-08-29,34,27,7
2018-08-29,26,20,6
2018-08-29,31,10,21
2018-08-29,30,15,15
2018-08-29,34,18,16
2018-08-29,53,15,38
2018-08-29,102,23,79
2018-08-29,185,19,166
2018-08-29,127,33,94
2018-08-29,38,10,28
2018-08-29,24,8,16
2018-08-29,21,2,19
2018-08-29,16,9,7
2018-08-29,8,3,5
2018-08-30,2,1,1
2018-08-30,2,2,0
2018-08-30,1,1,0
2018-08-30,5,0,5
2018-08-30,7,5,2
2018-08-30,30,24,6
2018-08-30,65,56,9
2018-08-30,129,116,13
2018-08-30,124,110,14
2018-08-30,58,48,10
2018-08-30,19,12,7
2018-08-30,25,17,8
2018-08-30,19,10,9
2018-08-30,32,18,14
2018-08-30,38,15,23
2018-08-30,53,19,34
2018-08-30,90,21,69
2018-08-30,153,14,139
2018-08-30,98,10,88
2018-08-30,44,14,30
2018-08-30,22,2,20
2018-08-30,12,5,7
2018-08-30,20,3,17
2018-08-30,7,1,6
2018-08-31,5,3,2
2018-08-31,2,0,2
2018-08-31,2,1,1
2018-08-31,3,1,2
2018-08-31,5,3,2
2018-08-31,23,18,5
2018-08-31,58,46,12
2018-08-31,116,104,12
2018-08-31,110,97,13
2018-08-31,46,39,7
2018-08-31,26,15,11
2018-08-31,30,20,10
2018-08-31,30,19,11
2018-08-31,35,11,24
2018-08-31,42,16,26
2018-08-31,88,29,59
2018-08-31,85,22,63
2018-08-31,115,13,102
2018-08-31,72,12,60
2018-08-31,46,17,29
2018-08-31,30,17,13
2018-08-31,21,8,13
2018-08-31,8,3,5
2018-08-31,14,4,10
2018-09-01,15,4,11
2018-09-01,3,1,2
2018-09-01,2,1,1
2018-09-01,5,2,3
2018-09-01,3,1,2
2018-09-01,6,3,3
2018-09-01,15,11,4
2018-09-01,34,16,18
2018-09-01,43,28,15
2018-09-01,49,20,29
2018-09-01,51,30,21
2018-09-01,49,27,22
2018-09-01,66,47,19
2018-09-01,56,30,26
2018-09-01,48,25,23
2018-09-01,57,27,30
2018-09-01,34,15,19
2018-09-01,41,18,23
2018-09-01,33,24,9
2018-09-01,15,8,7
2018-09-01,25,12,13
2018-09-01,9,4,5
2018-09-01,5,2,3
2018-09-01,18,2,16
2018-09-02,7,0,7
2018-09-02,5,2,3
2018-09-02,2,1,1
2018-09-02,1,0,1
2018-09-02,2,0,2
2018-09-02,5,5,0
2018-09-02,6,3,3
2018-09-02,6,3,3
2018-09-02,16,8,8
2018-09-02,20,14,6
2018-09-02,69,43,26
2018-09-02,61,27,34
2018-09-02,49,26,23
2018-09-02,62,31,31
2018-09-02,64,34,30
2018-09-02,55,26,29
2018-09-02,59,29,30
2018-09-02,38,18,20
2018-09-02,29,13,16
2018-09-02,17,6,11
2018-09-02,13,5,8
2018-09-02,9,6,3
2018-09-02,6,4,2
2018-09-02,7,1,6
2018-09-03,4,1,3
2018-09-03,5,3,2
2018-09-03,3,1,2
2018-09-03,1,1,0
2018-09-03,3,1,2
2018-09-03,5,4,1
2018-09-03,7,6,1
2018-09-03,9,6,3
2018-09-03,27,23,4
2018-09-03,52,30,22
2018-09-03,65,36,29
2018-09-03,69,25,44
2018-09-03,71,39,32
2018-09-03,69,29,40
2018-09-03,82,38,44
2018-09-03,55,34,21
2018-09-03,54,28,26
2018-09-03,55,29,26
2018-09-03,29,15,14
2018-09-03,28,12,16
2018-09-03,28,12,16
2018-09-03,17,9,8
2018-09-03,8,2,6
2018-09-03,5,4,1
2018-09-04,1,1,0
2018-09-04,2,0,2
2018-09-04,2,0,2
2018-09-04,2,0,2
2018-09-04,10,8,2
2018-09-04,28,25,3
2018-09-04,82,69,13
2018-09-04,174,159,15
2018-09-04,169,153,16
2018-09-04,71,65,6
2018-09-04,36,27,9
2018-09-04,24,17,7
2018-09-04,20,12,8
2018-09-04,25,14,11
2018-09-04,40,17,23
2018-09-04,50,9,41
2018-09-04,134,28,106
2018-09-04,215,35,180
2018-09-04,142,17,125
2018-09-04,59,12,47
2018-09-04,21,4,17
2018-09-04,11,2,9
2018-09-04,12,5,7
2018-09-04,7,0,7
2018-09-05,3,2,1
2018-09-05,5,2,3
2018-09-05,3,1,2
2018-09-05,1,1,0
2018-09-05,7,5,2
2018-09-05,37,31,6
2018-09-05,92,81,11
2018-09-05,166,152,14
2018-09-05,174,154,20
2018-09-05,82,70,12
2018-09-05,38,26,12
2018-09-05,27,18,9
2018-09-05,21,10,11
2018-09-05,40,22,18
2018-09-05,30,9,21
2018-09-05,53,18,35
2018-09-05,125,30,95
2018-09-05,237,41,196
2018-09-05,141,21,120
2018-09-05,51,10,41
2018-09-05,38,10,28
2018-09-05,16,4,12
2018-09-05,14,2,12
2018-09-05,5,1,4
2018-09-06,3,2,1
2018-09-06,3,2,1
2018-09-06,1,0,1
2018-09-06,2,0,2
2018-09-06,9,7,2
2018-09-06,30,27,3
2018-09-06,90,78,12
2018-09-06,177,160,17
2018-09-06,181,167,14
2018-09-06,59,51,8
2018-09-06,23,20,3
2018-09-06,26,16,10
2018-09-06,30,19,11
2018-09-06,31,17,14
2018-09-06,33,13,20
2018-09-06,56,18,38
2018-09-06,108,18,90
2018-09-06,190,22,168
2018-09-06,158,22,136
2018-09-06,84,10,74
2018-09-06,25,8,17
2018-09-06,12,4,8
2018-09-06,17,7,10
2018-09-06,15,13,2
2018-09-07,2,0,2
2018-09-07,4,2,2
2018-09-07,1,0,1
2018-09-07,1,0,1
2018-09-07,7,5,2
2018-09-07,26,21,5
2018-09-07,63,53,10
2018-09-07,132,122,10
2018-09-07,146,132,14
2018-09-07,51,44,7
2018-09-07,22,17,5
2018-09-07,24,15,9
2018-09-07,18,11,7
2018-09-07,29,8,21
2018-09-07,41,17,24
2018-09-07,59,16,43
2018-09-07,113,14,99
2018-09-07,153,17,136
2018-09-07,83,19,64
2018-09-07,27,9,18
2018-09-07,8,2,6
2018-09-07,10,2,8
2018-09-07,8,1,7
2018-09-07,13,1,12
2018-09-08,4,1,3
2018-09-08,3,0,3
2018-09-08,2,1,1
2018-09-08,1,1,0
2018-09-08,5,3,2
2018-09-08,10,7,3
2018-09-08,6,5,1
2018-09-08,17,8,9
2018-09-08,15,12,3
2018-09-08,17,10,7
2018-09-08,32,13,19
2018-09-08,50,35,15
2018-09-08,51,28,23
2018-09-08,51,22,29
2018-09-08,42,19,23
2018-09-08,48,31,17
2018-09-08,38,17,21
2018-09-08,23,6,17
2018-09-08,25,6,19
2018-09-08,11,2,9
2018-09-08,16,9,7
2018-09-08,9,2,7
2018-09-08,12,5,7
2018-09-08,6,3,3
2018-09-09,6,3,3
2018-09-09,2,1,1
2018-09-09,4,3,1
2018-09-09,1,0,1
2018-09-09,0,0,0
2018-09-09,5,4,1
2018-09-09,7,5,2
2018-09-09,27,19,8
2018-09-09,16,12,4
2018-09-09,32,22,10
2018-09-09,34,15,19
2018-09-09,39,23,16
2018-09-09,69,34,35
2018-09-09,43,22,21
2018-09-09,45,28,17
2018-09-09,52,13,39
2018-09-09,44,16,28
2018-09-09,48,18,30
2018-09-09,17,4,13
2018-09-09,12,1,11
2018-09-09,0,0,0
2018-09-09,0,0,0
2018-09-09,3,1,2
2018-09-09,0,0,0
2018-09-10,0,0,0
2018-09-10,0,0,0
2018-09-10,0,0,0
2018-09-10,0,0,0
2018-09-10,0,0,0
2018-09-10,0,0,0
2018-09-10,0,0,0
2018-09-10,65,55,10
2018-09-10,33,28,5
2018-09-10,65,57,8
2018-09-10,26,14,12
2018-09-10,18,10,8
2018-09-10,22,11,11
2018-09-10,30,14,16
2018-09-10,22,10,12
2018-09-10,39,12,27
2018-09-10,103,19,84
2018-09-10,176,19,157
2018-09-10,110,7,103
2018-09-10,37,8,29
2018-09-10,18,2,16
2018-09-10,10,2,8
2018-09-10,6,2,4
2018-09-10,4,1,3
2018-09-11,3,1,2
2018-09-11,0,0,0
2018-09-11,0,0,0
2018-09-11,3,0,3
2018-09-11,9,5,4
2018-09-11,27,26,1
2018-09-11,68,56,12
2018-09-11,134,119,15
2018-09-11,140,134,6
2018-09-11,62,50,12
2018-09-11,24,13,11
2018-09-11,20,13,7
2018-09-11,17,9,8
2018-09-11,25,16,9
2018-09-11,27,12,15
2018-09-11,44,14,30
2018-09-11,104,18,86
2018-09-11,167,15,152
2018-09-11,108,27,81
2018-09-11,45,4,41
2018-09-11,25,7,18
2018-09-11,18,6,12
2018-09-11,11,3,8
2018-09-11,4,0,4
2018-09-12,1,0,1
2018-09-12,4,2,2
2018-09-12,2,2,0
2018-09-12,1,0,1
2018-09-12,3,2,1
2018-09-12,26,24,2
2018-09-12,85,70,15
2018-09-12,121,107,14
2018-09-12,132,119,13
2018-09-12,61,51,10
2018-09-12,30,20,10
2018-09-12,23,17,6
2018-09-12,20,15,5
2018-09-12,17,5,12
2018-09-12,27,10,17
2018-09-12,42,14,28
2018-09-12,91,15,76
2018-09-12,175,21,154
2018-09-12,95,17,78
2018-09-12,46,8,38
2018-09-12,41,13,28
2018-09-12,16,5,11
2018-09-12,7,1,6
2018-09-12,9,2,7
2018-09-13,1,0,1
2018-09-13,4,3,1
2018-09-13,3,0,3
2018-09-13,2,1,1
2018-09-13,3,2,1
2018-09-13,30,28,2
2018-09-13,71,55,16
2018-09-13,122,111,11
2018-09-13,129,128,1
2018-09-13,60,47,13
2018-09-13,30,25,5
2018-09-13,21,14,7
2018-09-13,26,13,13
2018-09-13,14,9,5
2018-09-13,32,11,21
2018-09-13,45,18,27
2018-09-13,95,14,81
2018-09-13,151,18,133
2018-09-13,85,11,74
2018-09-13,35,7,28
2018-09-13,26,8,18
2018-09-13,6,2,4
2018-09-13,7,2,5
2018-09-13,5,0,5
2018-09-14,3,0,3
2018-09-14,0,0,0
2018-09-14,0,0,0
2018-09-14,3,0,3
2018-09-14,3,2,1
2018-09-14,16,13,3
2018-09-14,48,43,5
2018-09-14,66,61,5
2018-09-14,85,80,5
2018-09-14,34,25,9
2018-09-14,15,12,3
2018-09-14,11,6,5
2018-09-14,14,6,8
2018-09-14,38,22,16
2018-09-14,17,3,14
2018-09-14,39,10,29
2018-09-14,65,18,47
2018-09-14,107,13,94
2018-09-14,45,8,37
2018-09-14,28,9,19
2018-09-14,9,2,7
2018-09-14,8,1,7
2018-09-14,3,1,2
2018-09-14,12,1,11
2018-09-15,10,5,5
2018-09-15,5,1,4
2018-09-15,1,0,1
2018-09-15,0,0,0
2018-09-15,3,1,2
2018-09-15,5,5,0
2018-09-15,7,4,3
2018-09-15,12,7,5
2018-09-15,23,15,8
2018-09-15,23,15,8
2018-09-15,28,18,10
2018-09-15,39,20,19
2018-09-15,50,28,22
2018-09-15,33,18,15
2018-09-15,40,19,21
2018-09-15,34,18,16
2018-09-15,19,11,8
2018-09-15,17,8,9
2018-09-15,9,3,6
2018-09-15,5,2,3
2018-09-15,9,4,5
2018-09-15,3,3,0
2018-09-15,7,5,2
2018-09-15,6,2,4
2018-09-16,1,1,0
2018-09-16,4,3,1
2018-09-16,1,0,1
2018-09-16,0,0,0
2018-09-16,2,0,2
2018-09-16,3,3,0
2018-09-16,3,1,2
2018-09-16,2,2,0
2018-09-16,10,5,5
2018-09-16,12,6,6
2018-09-16,12,7,5
2018-09-16,22,11,11
2018-09-16,26,18,8
2018-09-16,25,12,13
2018-09-16,23,15,8
2018-09-16,32,15,17
2018-09-16,37,18,19
2018-09-16,40,20,20
2018-09-16,29,10,19
2018-09-16,12,7,5
2018-09-16,9,4,5
2018-09-16,5,3,2
2018-09-16,15,6,9
2018-09-16,6,4,2
2018-09-17,3,0,3
2018-09-17,0,0,0
2018-09-17,1,0,1
2018-09-17,1,0,1
2018-09-17,4,4,0
2018-09-17,23,19,4
2018-09-17,88,75,13
2018-09-17,160,146,14
2018-09-17,142,125,17
2018-09-17,81,71,10
2018-09-17,23,18,5
2018-09-17,23,11,12
2018-09-17,22,15,7
2018-09-17,22,12,10
2018-09-17,31,18,13
2018-09-17,51,16,35
2018-09-17,139,24,115
2018-09-17,206,27,179
2018-09-17,98,13,85
2018-09-17,43,8,35
2018-09-17,24,8,16
2018-09-17,16,5,11
2018-09-17,5,2,3
2018-09-17,7,1,6
2018-09-18,1,0,1
2018-09-18,2,1,1
2018-09-18,2,0,2
2018-09-18,0,0,0
2018-09-18,9,6,3
2018-09-18,27,25,2
2018-09-18,88,76,12
2018-09-18,164,149,15
2018-09-18,158,148,10
2018-09-18,60,53,7
2018-09-18,21,14,7
2018-09-18,32,14,18
2018-09-18,24,12,12
2018-09-18,30,14,16
2018-09-18,21,12,9
2018-09-18,67,22,45
2018-09-18,121,32,89
2018-09-18,206,32,174
2018-09-18,122,20,102
2018-09-18,44,12,32
2018-09-18,22,5,17
2018-09-18,24,5,19
2018-09-18,7,1,6
2018-09-18,10,3,7
2018-09-19,5,0,5
2018-09-19,3,2,1
2018-09-19,0,0,0
2018-09-19,2,0,2
2018-09-19,4,3,1
2018-09-19,26,23,3
2018-09-19,73,66,7
2018-09-19,163,151,12
2018-09-19,158,148,10
2018-09-19,53,49,4
2018-09-19,33,24,9
2018-09-19,18,12,6
2018-09-19,14,8,6
2018-09-19,25,18,7
2018-09-19,39,13,26
2018-09-19,60,13,47
2018-09-19,110,29,81
2018-09-19,197,35,162
2018-09-19,118,17,101
2018-09-19,47,11,36
2018-09-19,17,3,14
2018-09-19,15,3,12
2018-09-19,13,4,9
2018-09-19,4,0,4
2018-09-20,2,1,1
2018-09-20,3,0,3
2018-09-20,2,0,2
2018-09-20,0,0,0
2018-09-20,4,2,2
2018-09-20,24,20,4
2018-09-20,68,55,13
2018-09-20,126,113,13
2018-09-20,127,119,8
2018-09-20,49,43,6
2018-09-20,28,24,4
2018-09-20,10,4,6
2018-09-20,17,15,2
2018-09-20,33,13,20
2018-09-20,28,14,14
2018-09-20,42,6,36
2018-09-20,103,26,77
2018-09-20,144,19,125
2018-09-20,88,13,75
2018-09-20,35,8,27
2018-09-20,15,2,13
2018-09-20,8,4,4
2018-09-20,11,4,7
2018-09-20,7,1,6
2018-09-21,2,1,1
2018-09-21,0,0,0
2018-09-21,0,0,0
2018-09-21,3,1,2
2018-09-21,6,4,2
2018-09-21,19,14,5
2018-09-21,45,36,9
2018-09-21,102,91,11
2018-09-21,115,106,9
2018-09-21,54,45,9
2018-09-21,23,16,7
2018-09-21,41,18,23
2018-09-21,34,26,8
2018-09-21,36,20,16
2018-09-21,37,15,22
2018-09-21,50,10,40
2018-09-21,91,20,71
2018-09-21,131,18,113
2018-09-21,49,10,39
2018-09-21,22,3,19
2018-09-21,11,1,10
2018-09-21,8,3,5
2018-09-21,5,3,2
2018-09-21,1,0,1
2018-09-22,4,1,3
2018-09-22,0,0,0
2018-09-22,5,2,3
2018-09-22,3,1,2
2018-09-22,4,2,2
2018-09-22,5,5,0
2018-09-22,8,6,2
2018-09-22,7,6,1
2018-09-22,26,17,9
2018-09-22,17,8,9
2018-09-22,21,16,5
2018-09-22,23,13,10
2018-09-22,37,23,14
2018-09-22,31,15,16
2018-09-22,49,23,26
2018-09-22,35,18,17
2018-09-22,33,18,15
2018-09-22,19,7,12
2018-09-22,25,14,11
2018-09-22,15,6,9
2018-09-22,12,7,5
2018-09-22,4,2,2
2018-09-22,4,2,2
2018-09-22,12,1,11
2018-09-23,3,0,3
2018-09-23,3,2,1
2018-09-23,0,0,0
2018-09-23,2,0,2
2018-09-23,0,0,0
2018-09-23,3,3,0
2018-09-23,7,4,3
2018-09-23,11,11,0
2018-09-23,23,11,12
2018-09-23,19,11,8
2018-09-23,47,23,24
2018-09-23,44,19,25
2018-09-23,60,33,27
2018-09-23,63,38,25
2018-09-23,47,20,27
2018-09-23,59,29,30
2018-09-23,29,17,12
2018-09-23,61,22,39
2018-09-23,32,14,18
2018-09-23,16,3,13
2018-09-23,9,5,4
2018-09-23,9,3,6
2018-09-23,5,1,4
2018-09-23,10,5,5
2018-09-24,3,1,2
2018-09-24,2,1,1
2018-09-24,3,1,2
2018-09-24,1,1,0
2018-09-24,6,5,1
2018-09-24,20,18,2
2018-09-24,87,72,15
2018-09-24,158,145,13
2018-09-24,169,152,17
2018-09-24,60,52,8
2018-09-24,26,20,6
2018-09-24,22,14,8
2018-09-24,16,10,6
2018-09-24,23,11,12
2018-09-24,29,8,21
2018-09-24,59,17,42
2018-09-24,111,32,79
2018-09-24,200,18,182
2018-09-24,119,18,101
2018-09-24,42,5,37
2018-09-24,19,7,12
2018-09-24,10,3,7
2018-09-24,10,2,8
2018-09-24,7,1,6
2018-09-25,1,0,1
2018-09-25,1,0,1
2018-09-25,1,0,1
2018-09-25,1,0,1
2018-09-25,8,6,2
2018-09-25,26,23,3
2018-09-25,97,80,17
2018-09-25,172,159,13
2018-09-25,171,163,8
2018-09-25,59,53,6
2018-09-25,26,17,9
2018-09-25,38,26,12
2018-09-25,27,14,13
2018-09-25,22,12,10
2018-09-25,40,15,25
2018-09-25,64,23,41
2018-09-25,125,25,100
2018-09-25,191,15,176
2018-09-25,131,19,112
2018-09-25,51,7,44
2018-09-25,27,11,16
2018-09-25,13,6,7
2018-09-25,13,2,11
2018-09-25,4,1,3
2018-09-26,4,1,3
2018-09-26,0,0,0
2018-09-26,0,0,0
2018-09-26,2,0,2
2018-09-26,6,2,4
2018-09-26,30,27,3
2018-09-26,86,71,15
2018-09-26,163,155,8
2018-09-26,156,151,5
2018-09-26,70,60,10
2018-09-26,21,15,6
2018-09-26,20,9,11
2018-09-26,24,13,11
2018-09-26,23,12,11
2018-09-26,45,25,20
2018-09-26,43,12,31
2018-09-26,124,29,95
2018-09-26,209,25,184
2018-09-26,138,23,115
2018-09-26,38,7,31
2018-09-26,23,4,19
2018-09-26,19,8,11
2018-09-26,9,1,8
2018-09-26,10,2,8
2018-09-27,5,1,4
2018-09-27,3,2,1
2018-09-27,4,3,1
2018-09-27,7,1,6
2018-09-27,3,3,0
2018-09-27,32,30,2
2018-09-27,84,73,11
2018-09-27,130,124,6
2018-09-27,159,151,8
2018-09-27,60,53,7
2018-09-27,31,24,7
2018-09-27,23,14,9
2018-09-27,23,14,9
2018-09-27,22,15,7
2018-09-27,24,10,14
2018-09-27,55,16,39
2018-09-27,114,26,88
2018-09-27,197,24,173
2018-09-27,113,15,98
2018-09-27,53,20,33
2018-09-27,30,14,16
2018-09-27,11,2,9
2018-09-27,16,3,13
2018-09-27,7,1,6
2018-09-28,4,1,3
2018-09-28,3,1,2
2018-09-28,5,2,3
2018-09-28,4,2,2
2018-09-28,4,3,1
2018-09-28,21,17,4
2018-09-28,55,45,10
2018-09-28,129,120,9
2018-09-28,136,120,16
2018-09-28,68,53,15
2018-09-28,42,27,15
2018-09-28,27,19,8
2018-09-28,29,16,13
2018-09-28,43,19,24
2018-09-28,38,15,23
2018-09-28,70,18,52
2018-09-28,118,32,86
2018-09-28,160,29,131
2018-09-28,91,16,75
2018-09-28,50,18,32
2018-09-28,22,7,15
2018-09-28,16,7,9
2018-09-28,13,5,8
2018-09-28,11,0,11
2018-09-29,8,2,6
2018-09-29,4,1,3
2018-09-29,4,2,2
2018-09-29,3,0,3
2018-09-29,2,1,1
2018-09-29,8,7,1
2018-09-29,9,6,3
2018-09-29,15,12,3
2018-09-29,42,25,17
2018-09-29,48,29,19
2018-09-29,52,35,17
2018-09-29,59,32,27
2018-09-29,72,46,26
2018-09-29,60,35,25
2018-09-29,57,32,25
2018-09-29,96,40,56
2018-09-29,47,20,27
2018-09-29,37,16,21
2018-09-29,23,8,15
2018-09-29,10,4,6
2018-09-29,13,4,9
2018-09-29,4,0,4
2018-09-29,5,2,3
2018-09-29,4,0,4
2018-09-30,7,3,4
2018-09-30,4,1,3
2018-09-30,2,1,1
2018-09-30,3,1,2
2018-09-30,3,2,1
2018-09-30,22,20,2
2018-09-30,33,26,7
2018-09-30,72,62,10
2018-09-30,84,76,8
2018-09-30,49,35,14
2018-09-30,20,14,6
2018-09-30,20,11,9
2018-09-30,19,12,7
2018-09-30,18,11,7
2018-09-30,22,8,14
2018-09-30,29,10,19
2018-09-30,62,14,48
2018-09-30,90,13,77
2018-09-30,65,13,52
2018-09-30,26,6,20
2018-09-30,16,5,11
2018-09-30,6,1,5
2018-09-30,5,1,4
2018-09-30,3,1,2
2018-10-01,2,1,1
2018-10-01,2,1,1
2018-10-01,2,1,1
2018-10-01,3,2,1
2018-10-01,4,2,2
2018-10-01,13,12,1
2018-10-01,41,34,7
2018-10-01,64,55,9
2018-10-01,78,71,7
2018-10-01,35,27,8
2018-10-01,21,13,8
2018-10-01,19,12,7
2018-10-01,20,11,9
2018-10-01,21,13,8
2018-10-01,21,10,11
2018-10-01,36,9,27
2018-10-01,56,14,42
2018-10-01,101,17,84
2018-10-01,56,12,44
2018-10-01,27,11,16
2018-10-01,14,3,11
2018-10-01,8,2,6
2018-10-01,6,3,3
2018-10-01,5,2,3
2018-10-02,3,1,2
2018-10-02,2,1,1
2018-10-02,2,1,1
2018-10-02,2,1,1
2018-10-02,3,3,0
2018-10-02,0,0,0
2018-10-02,26,26,0
2018-10-02,37,37,0
2018-10-02,1,0,1
2018-10-02,0,0,0
2018-10-02,0,0,0
2018-10-02,0,0,0
2018-10-02,2,1,1
2018-10-02,24,13,11
2018-10-02,23,9,14
2018-10-02,45,15,30
2018-10-02,96,22,74
2018-10-02,158,10,148
2018-10-02,104,14,90
2018-10-02,25,2,23
2018-10-02,14,1,13
2018-10-02,15,3,12
2018-10-02,16,1,15
2018-10-02,6,1,5
2018-10-03,3,1,2
2018-10-03,1,0,1
2018-10-03,3,1,2
2018-10-03,2,0,2
2018-10-03,5,4,1
2018-10-03,20,18,2
2018-10-03,90,77,13
2018-10-03,112,104,8
2018-10-03,61,53,8
2018-10-03,36,32,4
2018-10-03,31,26,5
2018-10-03,26,15,11
2018-10-03,20,10,10
2018-10-03,18,8,10
2018-10-03,23,14,9
2018-10-03,48,14,34
2018-10-03,111,20,91
2018-10-03,192,23,169
2018-10-03,105,20,85
2018-10-03,39,5,34
2018-10-03,23,3,20
2018-10-03,9,0,9
2018-10-03,13,2,11
2018-10-03,4,1,3
2018-10-04,2,2,0
2018-10-04,3,1,2
2018-10-04,2,0,2
2018-10-04,2,0,2
2018-10-04,8,7,1
2018-10-04,32,26,6
2018-10-04,71,61,10
2018-10-04,137,128,9
2018-10-04,138,136,2
2018-10-04,53,48,5
2018-10-04,17,13,4
2018-10-04,25,19,6
2018-10-04,19,11,8
2018-10-04,22,10,12
2018-10-04,26,14,12
2018-10-04,49,16,33
2018-10-04,95,19,76
2018-10-04,184,14,170
2018-10-04,91,16,75
2018-10-04,38,9,29
2018-10-04,21,3,18
2018-10-04,16,5,11
2018-10-04,13,2,11
2018-10-04,4,1,3
2018-10-05,5,1,4
2018-10-05,4,1,3
2018-10-05,1,0,1
2018-10-05,2,1,1
2018-10-05,8,7,1
2018-10-05,17,12,5
2018-10-05,33,28,5
2018-10-05,99,96,3
2018-10-05,93,86,7
2018-10-05,42,36,6
2018-10-05,4,4,0
2018-10-05,14,11,3
2018-10-05,13,6,7
2018-10-05,12,4,8
2018-10-05,14,3,11
2018-10-05,28,4,24
2018-10-05,51,4,47
2018-10-05,80,10,70
2018-10-05,21,1,20
2018-10-05,18,4,14
2018-10-05,7,1,6
2018-10-05,4,0,4
2018-10-05,2,1,1
2018-10-05,5,1,4
2018-10-06,3,1,2
2018-10-06,3,1,2
2018-10-06,1,0,1
2018-10-06,2,0,2
2018-10-06,1,1,0
2018-10-06,5,3,2
2018-10-06,11,6,5
2018-10-06,11,7,4
2018-10-06,24,21,3
2018-10-06,24,13,11
2018-10-06,19,9,10
2018-10-06,51,30,21
2018-10-06,44,27,17
2018-10-06,29,14,15
2018-10-06,47,18,29
2018-10-06,60,21,39
2018-10-06,43,27,16
2018-10-06,52,27,25
2018-10-06,20,11,9
2018-10-06,14,4,10
2018-10-06,7,4,3
2018-10-06,10,7,3
2018-10-06,13,5,8
2018-10-06,7,1,6
2018-10-07,3,1,2
2018-10-07,3,1,2
2018-10-07,2,0,2
2018-10-07,4,3,1
2018-10-07,1,0,1
2018-10-07,4,3,1
2018-10-07,5,3,2
2018-10-07,7,3,4
2018-10-07,13,8,5
2018-10-07,24,19,5
2018-10-07,22,9,13
2018-10-07,14,8,6
2018-10-07,11,8,3
2018-10-07,11,4,7
2018-10-07,13,8,5
2018-10-07,20,14,6
2018-10-07,14,7,7
2018-10-07,31,11,20
2018-10-07,12,9,3
2018-10-07,9,3,6
2018-10-07,3,0,3
2018-10-07,3,1,2
2018-10-07,1,0,1
2018-10-07,2,0,2
2018-10-08,5,1,4
2018-10-08,2,1,1
2018-10-08,2,0,2
2018-10-08,1,0,1
2018-10-08,3,2,1
2018-10-08,21,16,5
2018-10-08,57,51,6
2018-10-08,108,99,9
2018-10-08,103,96,7
2018-10-08,35,32,3
2018-10-08,18,14,4
2018-10-08,12,9,3
2018-10-08,10,5,5
2018-10-08,9,4,5
2018-10-08,19,9,10
2018-10-08,34,6,28
2018-10-08,55,8,47
2018-10-08,114,8,106
2018-10-08,64,8,56
2018-10-08,23,5,18
2018-10-08,6,1,5
2018-10-08,7,1,6
2018-10-08,7,2,5
2018-10-08,4,2,2
2018-10-09,1,1,0
2018-10-09,9,3,6
2018-10-09,1,0,1
2018-10-09,1,0,1
2018-10-09,5,4,1
2018-10-09,26,21,5
2018-10-09,69,57,12
2018-10-09,123,108,15
2018-10-09,123,120,3
2018-10-09,48,43,5
2018-10-09,26,18,8
2018-10-09,22,14,8
2018-10-09,17,14,3
2018-10-09,17,9,8
2018-10-09,23,11,12
2018-10-09,45,9,36
2018-10-09,86,12,74
2018-10-09,179,35,144
2018-10-09,98,12,86
2018-10-09,41,11,30
2018-10-09,20,7,13
2018-10-09,13,1,12
2018-10-09,13,3,10
2018-10-09,6,1,5
2018-10-10,0,0,0
2018-10-10,2,0,2
2018-10-10,2,1,1
2018-10-10,1,0,1
2018-10-10,9,6,3
2018-10-10,35,30,5
2018-10-10,80,66,14
2018-10-10,154,146,8
2018-10-10,146,137,9
2018-10-10,56,50,6
2018-10-10,26,22,4
2018-10-10,29,19,10
2018-10-10,26,13,13
2018-10-10,28,13,15
2018-10-10,31,18,13
2018-10-10,48,9,39
2018-10-10,112,18,94
2018-10-10,194,25,169
2018-10-10,118,25,93
2018-10-10,41,5,36
2018-10-10,13,6,7
2018-10-10,17,3,14
2018-10-10,13,3,10
2018-10-10,10,4,6
2018-10-11,3,1,2
2018-10-11,5,1,4
2018-10-11,3,0,3
2018-10-11,0,0,0
2018-10-11,5,0,5
2018-10-11,26,23,3
2018-10-11,69,58,11
2018-10-11,140,134,6
2018-10-11,131,125,6
2018-10-11,57,52,5
2018-10-11,15,12,3
2018-10-11,24,16,8
2018-10-11,17,12,5
2018-10-11,24,8,16
2018-10-11,34,12,22
2018-10-11,52,11,41
2018-10-11,111,19,92
2018-10-11,182,21,161
2018-10-11,93,16,77
2018-10-11,32,10,22
2018-10-11,22,4,18
2018-10-11,12,3,9
2018-10-11,7,2,5
2018-10-11,2,0,2
2018-10-12,2,0,2
2018-10-12,1,0,1
2018-10-12,1,0,1
2018-10-12,1,1,0
2018-10-12,2,1,1
2018-10-12,20,18,2
2018-10-12,52,45,7
2018-10-12,107,100,7
2018-10-12,120,109,11
2018-10-12,48,43,5
2018-10-12,23,17,6
2018-10-12,15,12,3
2018-10-12,27,17,10
2018-10-12,17,9,8
2018-10-12,36,11,25
2018-10-12,54,13,41
2018-10-12,112,24,88
2018-10-12,135,17,118
2018-10-12,62,9,53
2018-10-12,24,6,18
2018-10-12,17,7,10
2018-10-12,12,5,7
2018-10-12,9,2,7
2018-10-12,4,1,3
2018-10-13,8,2,6
2018-10-13,3,1,2
2018-10-13,3,1,2
2018-10-13,3,1,2
2018-10-13,2,0,2
2018-10-13,9,7,2
2018-10-13,7,6,1
2018-10-13,14,9,5
2018-10-13,30,17,13
2018-10-13,29,12,17
2018-10-13,40,23,17
2018-10-13,43,26,17
2018-10-13,55,25,30
2018-10-13,58,29,29
2018-10-13,26,11,15
2018-10-13,41,20,21
2018-10-13,41,20,21
2018-10-13,29,11,18
2018-10-13,32,13,19
2018-10-13,14,8,6
2018-10-13,12,7,5
2018-10-13,6,3,3
2018-10-13,11,4,7
2018-10-13,5,2,3
2018-10-14,5,2,3
2018-10-14,6,4,2
2018-10-14,0,0,0
2018-10-14,0,0,0
2018-10-14,0,0,0
2018-10-14,4,3,1
2018-10-14,4,4,0
2018-10-14,7,6,1
2018-10-14,12,9,3
2018-10-14,22,14,8
2018-10-14,27,14,13
2018-10-14,42,22,20
2018-10-14,29,15,14
2018-10-14,53,31,22
2018-10-14,44,21,23
2018-10-14,50,17,33
2018-10-14,46,20,26
2018-10-14,46,23,23
2018-10-14,22,11,11
2018-10-14,5,2,3
2018-10-14,7,5,2
2018-10-14,6,3,3
2018-10-14,4,0,4
2018-10-14,1,0,1
2018-10-15,1,0,1
2018-10-15,2,2,0
2018-10-15,1,0,1
2018-10-15,1,0,1
2018-10-15,5,4,1
2018-10-15,24,22,2
2018-10-15,79,71,8
2018-10-15,143,134,9
2018-10-15,174,159,15
2018-10-15,44,39,5
2018-10-15,36,27,9
2018-10-15,19,13,6
2018-10-15,18,13,5
2018-10-15,27,9,18
2018-10-15,33,15,18
2018-10-15,62,22,40
2018-10-15,128,19,109
2018-10-15,199,20,179
2018-10-15,103,20,83
2018-10-15,32,10,22
2018-10-15,9,3,6
2018-10-15,9,2,7
2018-10-15,12,3,9
2018-10-15,8,2,6
2018-10-16,4,1,3
2018-10-16,1,0,1
2018-10-16,2,1,1
2018-10-16,2,1,1
2018-10-16,8,6,2
2018-10-16,32,26,6
2018-10-16,87,72,15
2018-10-16,148,137,11
2018-10-16,153,146,7
2018-10-16,49,41,8
2018-10-16,30,24,6
2018-10-16,32,17,15
2018-10-16,33,23,10
2018-10-16,35,20,15
2018-10-16,25,7,18
2018-10-16,49,14,35
2018-10-16,109,18,91
2018-10-16,223,25,198
2018-10-16,113,14,99
2018-10-16,40,10,30
2018-10-16,11,4,7
2018-10-16,16,2,14
2018-10-16,14,2,12
2018-10-16,13,5,8
2018-10-17,7,4,3
2018-10-17,3,2,1
2018-10-17,0,0,0
2018-10-17,3,0,3
2018-10-17,7,4,3
2018-10-17,27,23,4
2018-10-17,76,62,14
2018-10-17,146,132,14
2018-10-17,158,148,10
2018-10-17,55,53,2
2018-10-17,28,20,8
2018-10-17,26,17,9
2018-10-17,24,16,8
2018-10-17,29,11,18
2018-10-17,34,16,18
2018-10-17,52,11,41
2018-10-17,141,34,107
2018-10-17,171,18,153
2018-10-17,99,17,82
2018-10-17,30,2,28
2018-10-17,23,4,19
2018-10-17,18,7,11
2018-10-17,17,7,10
2018-10-17,6,0,6
2018-10-18,6,2,4
2018-10-18,5,2,3
2018-10-18,2,0,2
2018-10-18,1,1,0
2018-10-18,6,4,2
2018-10-18,28,24,4
2018-10-18,75,65,10
2018-10-18,125,118,7
2018-10-18,145,140,5
2018-10-18,59,51,8
2018-10-18,23,18,5
2018-10-18,15,12,3
2018-10-18,28,16,12
2018-10-18,22,8,14
2018-10-18,33,18,15
2018-10-18,60,14,46
2018-10-18,97,16,81
2018-10-18,191,29,162
2018-10-18,80,10,70
2018-10-18,28,3,25
2018-10-18,26,9,17
2018-10-18,13,3,10
2018-10-18,10,2,8
2018-10-18,3,0,3
2018-10-19,5,0,5
2018-10-19,1,0,1
2018-10-19,2,1,1
2018-10-19,0,0,0
2018-10-19,9,5,4
2018-10-19,15,14,1
2018-10-19,56,48,8
2018-10-19,131,123,8
2018-10-19,117,103,14
2018-10-19,41,38,3
2018-10-19,20,16,4
2018-10-19,22,14,8
2018-10-19,18,12,6
2018-10-19,18,6,12
2018-10-19,24,7,17
2018-10-19,39,12,27
2018-10-19,97,16,81
2018-10-19,141,28,113
2018-10-19,59,14,45
2018-10-19,33,7,26
2018-10-19,10,3,7
2018-10-19,10,0,10
2018-10-19,4,1,3
2018-10-19,4,0,4
2018-10-20,5,2,3
2018-10-20,2,0,2
2018-10-20,0,0,0
2018-10-20,1,0,1
2018-10-20,2,0,2
2018-10-20,6,4,2
2018-10-20,8,6,2
2018-10-20,11,8,3
2018-10-20,30,23,7
2018-10-20,12,6,6
2018-10-20,40,25,15
2018-10-20,28,15,13
2018-10-20,50,26,24
2018-10-20,43,22,21
2018-10-20,53,25,28
2018-10-20,40,18,22
2018-10-20,20,4,16
2018-10-20,40,13,27
2018-10-20,18,11,7
2018-10-20,12,9,3
2018-10-20,6,4,2
2018-10-20,6,1,5
2018-10-20,4,0,4
2018-10-20,6,2,4
2018-10-21,1,0,1
2018-10-21,3,0,3
2018-10-21,3,0,3
2018-10-21,0,0,0
2018-10-21,0,0,0
2018-10-21,4,4,0
2018-10-21,2,2,0
2018-10-21,5,2,3
2018-10-21,14,10,4
2018-10-21,19,9,10
2018-10-21,32,17,15
2018-10-21,27,17,10
2018-10-21,26,11,15
2018-10-21,40,19,21
2018-10-21,38,21,17
2018-10-21,47,28,19
2018-10-21,34,18,16
2018-10-21,22,10,12
2018-10-21,16,5,11
2018-10-21,11,4,7
2018-10-21,5,2,3
2018-10-21,6,1,5
2018-10-21,9,5,4
2018-10-21,5,2,3
2018-10-22,5,1,4
2018-10-22,1,1,0
2018-10-22,5,3,2
2018-10-22,1,1,0
2018-10-22,4,3,1
2018-10-22,23,20,3
2018-10-22,74,67,7
2018-10-22,130,123,7
2018-10-22,153,146,7
2018-10-22,56,51,5
2018-10-22,22,14,8
2018-10-22,20,14,6
2018-10-22,16,7,9
2018-10-22,19,12,7
2018-10-22,23,9,14
2018-10-22,47,16,31
2018-10-22,103,22,81
2018-10-22,184,13,171
2018-10-22,94,13,81
2018-10-22,36,6,30
2018-10-22,9,3,6
2018-10-22,9,4,5
2018-10-22,5,1,4
2018-10-22,3,0,3
2018-10-23,2,1,1
2018-10-23,4,3,1
2018-10-23,1,0,1
2018-10-23,2,0,2
2018-10-23,5,3,2
2018-10-23,23,20,3
2018-10-23,69,55,14
2018-10-23,127,120,7
2018-10-23,124,115,9
2018-10-23,41,36,5
2018-10-23,23,17,6
2018-10-23,19,15,4
2018-10-23,20,15,5
2018-10-23,14,9,5
2018-10-23,28,9,19
2018-10-23,39,11,28
2018-10-23,83,15,68
2018-10-23,142,13,129
2018-10-23,86,8,78
2018-10-23,23,1,22
2018-10-23,15,4,11
2018-10-23,13,2,11
2018-10-23,11,1,10
2018-10-23,5,3,2
2018-10-24,4,3,1
2018-10-24,4,2,2
2018-10-24,0,0,0
2018-10-24,2,0,2
2018-10-24,6,4,2
2018-10-24,28,25,3
2018-10-24,63,49,14
2018-10-24,136,121,15
2018-10-24,127,118,9
2018-10-24,55,51,4
2018-10-24,30,24,6
2018-10-24,22,10,12
2018-10-24,13,11,2
2018-10-24,27,11,16
2018-10-24,26,14,12
2018-10-24,42,11,31
2018-10-24,106,19,87
2018-10-24,164,21,143
2018-10-24,86,13,73
2018-10-24,41,4,37
2018-10-24,25,7,18
2018-10-24,12,2,10
2018-10-24,11,2,9
2018-10-24,6,2,4
2018-10-25,2,1,1
2018-10-25,0,0,0
2018-10-25,1,0,1
2018-10-25,1,0,1
2018-10-25,3,2,1
2018-10-25,25,21,4
2018-10-25,55,43,12
2018-10-25,95,92,3
2018-10-25,96,88,8
2018-10-25,50,44,6
2018-10-25,12,7,5
2018-10-25,10,6,4
2018-10-25,7,7,0
2018-10-25,18,8,10
2018-10-25,16,9,7
2018-10-25,22,5,17
2018-10-25,68,8,60
2018-10-25,105,6,99
2018-10-25,56,8,48
2018-10-25,30,7,23
2018-10-25,9,2,7
2018-10-25,9,1,8
2018-10-25,3,0,3
2018-10-25,5,1,4
2018-10-26,0,0,0
2018-10-26,0,0,0
2018-10-26,1,0,1
2018-10-26,1,0,1
2018-10-26,3,2,1
2018-10-26,15,13,2
2018-10-26,37,29,8
2018-10-26,77,71,6
2018-10-26,94,86,8
2018-10-26,35,31,4
2018-10-26,15,11,4
2018-10-26,14,10,4
2018-10-26,12,9,3
2018-10-26,11,5,6
2018-10-26,26,7,19
2018-10-26,29,12,17
2018-10-26,88,10,78
2018-10-26,103,11,92
2018-10-26,46,7,39
2018-10-26,18,2,16
2018-10-26,9,4,5
2018-10-26,4,1,3
2018-10-26,5,2,3
2018-10-26,5,0,5
2018-10-27,3,2,1
2018-10-27,2,1,1
2018-10-27,3,0,3
2018-10-27,2,1,1
2018-10-27,1,0,1
2018-10-27,1,1,0
2018-10-27,11,10,1
2018-10-27,9,7,2
2018-10-27,25,12,13
2018-10-27,31,20,11
2018-10-27,27,13,14
2018-10-27,20,13,7
2018-10-27,29,13,16
2018-10-27,46,21,25
2018-10-27,42,22,20
2018-10-27,37,18,19
2018-10-27,20,9,11
2018-10-27,18,5,13
2018-10-27,5,3,2
2018-10-27,3,0,3
2018-10-27,2,1,1
2018-10-27,3,2,1
2018-10-27,3,1,2
2018-10-27,4,1,3
2018-10-28,0,0,0
2018-10-28,0,0,0
2018-10-28,0,0,0
2018-10-28,0,0,0
2018-10-28,0,0,0
2018-10-28,0,0,0
2018-10-28,0,0,0
2018-10-28,3,3,0
2018-10-28,3,2,1
2018-10-28,7,4,3
2018-10-28,16,9,7
2018-10-28,8,5,3
2018-10-28,14,7,7
2018-10-28,3,2,1
2018-10-28,15,8,7
2018-10-28,9,5,4
2018-10-28,23,3,20
2018-10-28,6,2,4
2018-10-28,1,1,0
2018-10-28,3,2,1
2018-10-28,4,1,3
2018-10-28,3,2,1
2018-10-28,3,1,2
2018-10-28,3,0,3
2018-10-29,0,0,0
2018-10-29,1,1,0
2018-10-29,0,0,0
2018-10-29,0,0,0
2018-10-29,3,3,0
2018-10-29,11,8,3
2018-10-29,58,50,8
2018-10-29,126,121,5
2018-10-29,132,128,4
2018-10-29,44,41,3
2018-10-29,16,9,7
2018-10-29,14,8,6
2018-10-29,17,11,6
2018-10-29,8,3,5
2018-10-29,15,8,7
2018-10-29,36,8,28
2018-10-29,93,24,69
2018-10-29,149,13,136
2018-10-29,65,7,58
2018-10-29,26,3,23
2018-10-29,14,5,9
2018-10-29,16,2,14
2018-10-29,9,1,8
2018-10-29,7,2,5
2018-10-30,3,0,3
2018-10-30,1,0,1
2018-10-30,0,0,0
2018-10-30,5,2,3
2018-10-30,6,4,2
2018-10-30,23,20,3
2018-10-30,64,51,13
2018-10-30,121,115,6
2018-10-30,126,121,5
2018-10-30,47,44,3
2018-10-30,26,23,3
2018-10-30,29,21,8
2018-10-30,19,11,8
2018-10-30,17,7,10
2018-10-30,21,7,14
2018-10-30,36,13,23
2018-10-30,88,18,70
2018-10-30,166,15,151
2018-10-30,89,11,78
2018-10-30,34,7,27
2018-10-30,8,0,8
2018-10-30,10,2,8
2018-10-30,7,1,6
2018-10-30,4,1,3
2018-10-31,1,1,0
2018-10-31,2,1,1
2018-10-31,1,0,1
2018-10-31,3,1,2
2018-10-31,2,1,1
2018-10-31,21,20,1
2018-10-31,52,43,9
2018-10-31,105,93,12
2018-10-31,49,37,12
2018-10-31,32,26,6
2018-10-31,15,11,4
2018-10-31,12,7,5
2018-10-31,16,4,12
2018-10-31,13,4,9
2018-10-31,15,6,9
2018-10-31,55,10,45
2018-10-31,113,17,96
2018-10-31,113,11,102
2018-10-31,44,6,38
2018-10-31,7,0,7
2018-10-31,10,0,10
2018-10-31,2,0,2
2018-10-31,10,3,7
2018-10-31,5,2,3
2018-11-01,3,1,2
2018-11-01,1,1,0
2018-11-01,2,0,2
2018-11-01,4,1,3
2018-11-01,10,5,5
2018-11-01,19,17,2
2018-11-01,54,45,9
2018-11-01,115,103,12
2018-11-01,117,110,7
2018-11-01,54,48,6
2018-11-01,17,14,3
2018-11-01,19,15,4
2018-11-01,8,6,2
2018-11-01,16,9,7
2018-11-01,21,6,15
2018-11-01,49,17,32
2018-11-01,84,18,66
2018-11-01,135,17,118
2018-11-01,86,13,73
2018-11-01,32,2,30
2018-11-01,19,2,17
2018-11-01,9,2,7
2018-11-01,9,3,6
2018-11-01,4,2,2
2018-11-02,2,1,1
2018-11-02,4,2,2
2018-11-02,1,0,1
2018-11-02,2,0,2
2018-11-02,5,4,1
2018-11-02,16,12,4
2018-11-02,41,37,4
2018-11-02,95,84,11
2018-11-02,92,83,9
2018-11-02,52,45,7
2018-11-02,13,10,3
2018-11-02,24,19,5
2018-11-02,21,13,8
2018-11-02,17,8,9
2018-11-02,21,11,10
2018-11-02,36,8,28
2018-11-02,74,12,62
2018-11-02,127,15,112
2018-11-02,54,7,47
2018-11-02,21,4,17
2018-11-02,13,3,10
2018-11-02,9,5,4
2018-11-02,7,2,5
2018-11-02,4,3,1
2018-11-03,7,3,4
2018-11-03,2,1,1
2018-11-03,3,1,2
2018-11-03,1,0,1
2018-11-03,0,0,0
2018-11-03,4,3,1
2018-11-03,7,7,0
2018-11-03,6,5,1
2018-11-03,16,11,5
2018-11-03,8,6,2
2018-11-03,5,4,1
2018-11-03,16,9,7
2018-11-03,19,8,11
2018-11-03,14,3,11
2018-11-03,13,3,10
2018-11-03,9,3,6
2018-11-03,9,2,7
2018-11-03,8,2,6
2018-11-03,6,2,4
2018-11-03,7,3,4
2018-11-03,3,0,3
2018-11-03,1,1,0
2018-11-03,3,2,1
2018-11-03,5,1,4
2018-11-04,8,2,6
2018-11-04,2,2,0
2018-11-04,3,1,2
2018-11-04,1,0,1
2018-11-04,0,0,0
2018-11-04,4,3,1
2018-11-04,3,2,1
2018-11-04,6,3,3
2018-11-04,10,6,4
2018-11-04,32,11,21
2018-11-04,29,16,13
2018-11-04,16,13,3
2018-11-04,38,22,16
2018-11-04,28,20,8
2018-11-04,32,19,13
2018-11-04,35,21,14
2018-11-04,21,7,14
2018-11-04,24,8,16
2018-11-04,9,3,6
2018-11-04,7,3,4
2018-11-04,16,1,15
2018-11-04,1,1,0
2018-11-04,5,2,3
2018-11-04,3,0,3
2018-11-05,1,1,0
2018-11-05,2,1,1
2018-11-05,2,2,0
2018-11-05,1,0,1
2018-11-05,0,0,0
2018-11-05,28,24,4
2018-11-05,84,67,17
2018-11-05,145,139,6
2018-11-05,114,106,8
2018-11-05,42,39,3
2018-11-05,20,14,6
2018-11-05,39,23,16
2018-11-05,19,10,9
2018-11-05,18,11,7
2018-11-05,26,14,12
2018-11-05,37,6,31
2018-11-05,98,14,84
2018-11-05,154,19,135
2018-11-05,76,12,64
2018-11-05,29,8,21
2018-11-05,8,0,8
2018-11-05,16,1,15
2018-11-05,6,0,6
2018-11-05,1,1,0
2018-11-06,0,0,0
2018-11-06,0,0,0
2018-11-06,1,1,0
2018-11-06,1,0,1
2018-11-06,4,3,1
2018-11-06,30,26,4
2018-11-06,82,68,14
2018-11-06,121,112,9
2018-11-06,123,111,12
2018-11-06,44,38,6
2018-11-06,17,13,4
2018-11-06,23,16,7
2018-11-06,18,11,7
2018-11-06,25,17,8
2018-11-06,24,11,13
2018-11-06,38,5,33
2018-11-06,118,18,100
2018-11-06,139,11,128
2018-11-06,80,10,70
2018-11-06,17,1,16
2018-11-06,16,3,13
2018-11-06,9,3,6
2018-11-06,8,3,5
2018-11-06,4,0,4
2018-11-07,0,0,0
2018-11-07,0,0,0
2018-11-07,1,0,1
2018-11-07,2,0,2
2018-11-07,7,3,4
2018-11-07,28,23,5
2018-11-07,80,70,10
2018-11-07,140,126,14
2018-11-07,128,117,11
2018-11-07,44,42,2
2018-11-07,31,25,6
2018-11-07,16,7,9
2018-11-07,21,12,9
2018-11-07,20,8,12
2018-11-07,32,19,13
2018-11-07,50,13,37
2018-11-07,109,15,94
2018-11-07,168,21,147
2018-11-07,77,11,66
2018-11-07,21,3,18
2018-11-07,25,7,18
2018-11-07,6,1,5
2018-11-07,8,4,4
2018-11-07,3,0,3
2018-11-08,2,1,1
2018-11-08,0,0,0
2018-11-08,1,0,1
2018-11-08,2,0,2
2018-11-08,7,5,2
2018-11-08,22,18,4
2018-11-08,81,66,15
2018-11-08,99,91,8
2018-11-08,105,97,8
2018-11-08,55,51,4
2018-11-08,31,17,14
2018-11-08,22,13,9
2018-11-08,20,14,6
2018-11-08,14,5,9
2018-11-08,27,14,13
2018-11-08,52,16,36
2018-11-08,95,14,81
2018-11-08,120,13,107
2018-11-08,73,11,62
2018-11-08,23,3,20
2018-11-08,18,5,13
2018-11-08,12,3,9
2018-11-08,12,2,10
2018-11-08,15,3,12
2018-11-09,5,1,4
2018-11-09,0,0,0
2018-11-09,0,0,0
2018-11-09,3,1,2
2018-11-09,3,3,0
2018-11-09,21,17,4
2018-11-09,47,37,10
2018-11-09,97,93,4
2018-11-09,101,92,9
2018-11-09,42,34,8
2018-11-09,13,13,0
2018-11-09,10,6,4
2018-11-09,7,3,4
2018-11-09,12,10,2
2018-11-09,23,10,13
2018-11-09,39,4,35
2018-11-09,60,11,49
2018-11-09,94,11,83
2018-11-09,51,4,47
2018-11-09,20,2,18
2018-11-09,7,2,5
2018-11-09,8,2,6
2018-11-09,4,0,4
2018-11-09,5,1,4
2018-11-10,6,1,5
2018-11-10,1,1,0
2018-11-10,1,1,0
2018-11-10,1,0,1
2018-11-10,1,1,0
2018-11-10,4,3,1
2018-11-10,10,7,3
2018-11-10,13,10,3
2018-11-10,20,13,7
2018-11-10,13,12,1
2018-11-10,25,15,10
2018-11-10,33,15,18
2018-11-10,24,12,12
2018-11-10,42,13,29
2018-11-10,49,18,31
2018-11-10,38,19,19
2018-11-10,38,19,19
2018-11-10,19,5,14
2018-11-10,10,6,4
2018-11-10,6,3,3
2018-11-10,0,0,0
2018-11-10,5,1,4
2018-11-10,9,3,6
2018-11-10,4,1,3
2018-11-11,4,1,3
2018-11-11,0,0,0
2018-11-11,2,0,2
2018-11-11,0,0,0
2018-11-11,0,0,0
2018-11-11,3,2,1
2018-11-11,2,1,1
2018-11-11,4,4,0
2018-11-11,14,8,6
2018-11-11,25,18,7
2018-11-11,28,18,10
2018-11-11,35,19,16
2018-11-11,41,22,19
2018-11-11,37,13,24
2018-11-11,51,20,31
2018-11-11,27,18,9
2018-11-11,29,15,14
2018-11-11,23,13,10
2018-11-11,9,5,4
2018-11-11,3,2,1
2018-11-11,2,0,2
2018-11-11,4,2,2
2018-11-11,5,1,4
2018-11-11,2,0,2
2018-11-12,3,1,2
2018-11-12,0,0,0
2018-11-12,2,1,1
2018-11-12,2,0,2
2018-11-12,1,1,0
2018-11-12,15,14,1
2018-11-12,37,31,6
2018-11-12,93,85,8
2018-11-12,110,100,10
2018-11-12,46,40,6
2018-11-12,25,22,3
2018-11-12,22,14,8
2018-11-12,15,9,6
2018-11-12,24,13,11
2018-11-12,42,22,20
2018-11-12,36,12,24
2018-11-12,80,16,64
2018-11-12,116,10,106
2018-11-12,64,8,56
2018-11-12,24,4,20
2018-11-12,14,3,11
2018-11-12,11,1,10
2018-11-12,5,1,4
2018-11-12,3,3,0
2018-11-13,5,4,1
2018-11-13,1,1,0
2018-11-13,0,0,0
2018-11-13,1,0,1
2018-11-13,7,5,2
2018-11-13,22,20,2
2018-11-13,78,63,15
2018-11-13,131,118,13
2018-11-13,116,102,14
2018-11-13,48,43,5
2018-11-13,28,25,3
2018-11-13,27,14,13
2018-11-13,31,14,17
2018-11-13,14,6,8
2018-11-13,28,12,16
2018-11-13,42,13,29
2018-11-13,87,20,67
2018-11-13,131,13,118
2018-11-13,96,8,88
2018-11-13,25,7,18
2018-11-13,7,0,7
2018-11-13,11,0,11
2018-11-13,8,1,7
2018-11-13,6,0,6
2018-11-14,1,0,1
2018-11-14,1,1,0
2018-11-14,0,0,0
2018-11-14,1,0,1
2018-11-14,7,3,4
2018-11-14,15,14,1
2018-11-14,56,51,5
2018-11-14,99,93,6
2018-11-14,94,84,10
2018-11-14,39,36,3
2018-11-14,18,16,2
2018-11-14,11,7,4
2018-11-14,15,8,7
2018-11-14,10,4,6
2018-11-14,22,9,13
2018-11-14,25,4,21
2018-11-14,70,20,50
2018-11-14,127,14,113
2018-11-14,65,6,59
2018-11-14,28,7,21
2018-11-14,15,2,13
2018-11-14,15,2,13
2018-11-14,5,1,4
2018-11-14,9,2,7
2018-11-15,0,0,0
2018-11-15,2,1,1
2018-11-15,4,2,2
2018-11-15,2,1,1
2018-11-15,6,2,4
2018-11-15,26,23,3
2018-11-15,68,59,9
2018-11-15,111,102,9
2018-11-15,130,124,6
2018-11-15,34,31,3
2018-11-15,28,21,7
2018-11-15,19,12,7
2018-11-15,18,12,6
2018-11-15,9,6,3
2018-11-15,22,11,11
2018-11-15,41,11,30
2018-11-15,111,27,84
2018-11-15,127,18,109
2018-11-15,63,8,55
2018-11-15,34,6,28
2018-11-15,22,3,19
2018-11-15,26,1,25
2018-11-15,10,3,7
2018-11-15,7,0,7
2018-11-16,3,1,2
2018-11-16,1,0,1
2018-11-16,1,0,1
2018-11-16,2,1,1
2018-11-16,3,3,0
2018-11-16,23,22,1
2018-11-16,53,44,9
2018-11-16,88,81,7
2018-11-16,107,97,10
2018-11-16,45,41,4
2018-11-16,18,12,6
2018-11-16,16,11,5
2018-11-16,21,11,10
2018-11-16,13,8,5
2018-11-16,21,6,15
2018-11-16,40,10,30
2018-11-16,71,11,60
2018-11-16,124,10,114
2018-11-16,41,4,37
2018-11-16,22,5,17
2018-11-16,11,2,9
2018-11-16,9,2,7
2018-11-16,7,3,4
2018-11-16,5,2,3
2018-11-17,3,1,2
2018-11-17,2,1,1
2018-11-17,4,2,2
2018-11-17,3,0,3
2018-11-17,3,2,1
2018-11-17,2,1,1
2018-11-17,9,7,2
2018-11-17,12,11,1
2018-11-17,15,10,5
2018-11-17,46,32,14
2018-11-17,42,27,15
2018-11-17,62,39,23
2018-11-17,68,37,31
2018-11-17,62,30,32
2018-11-17,60,23,37
2018-11-17,60,29,31
2018-11-17,36,21,15
2018-11-17,17,7,10
2018-11-17,19,9,10
2018-11-17,11,3,8
2018-11-17,3,3,0
2018-11-17,5,1,4
2018-11-17,6,1,5
2018-11-17,4,3,1
2018-11-18,8,5,3
2018-11-18,0,0,0
2018-11-18,2,1,1
2018-11-18,0,0,0
2018-11-18,2,1,1
2018-11-18,4,4,0
2018-11-18,4,4,0
2018-11-18,8,5,3
2018-11-18,16,10,6
2018-11-18,30,20,10
2018-11-18,58,25,33
2018-11-18,37,21,16
2018-11-18,71,36,35
2018-11-18,52,27,25
2018-11-18,59,31,28
2018-11-18,43,22,21
2018-11-18,40,21,19
2018-11-18,20,7,13
2018-11-18,6,3,3
2018-11-18,10,5,5
2018-11-18,4,0,4
2018-11-18,2,1,1
2018-11-18,7,5,2
2018-11-18,4,0,4
2018-11-19,3,1,2
2018-11-19,3,0,3
2018-11-19,1,1,0
2018-11-19,2,0,2
2018-11-19,4,4,0
2018-11-19,21,18,3
2018-11-19,68,53,15
2018-11-19,104,92,12
2018-11-19,109,101,8
2018-11-19,50,45,5
2018-11-19,27,17,10
2018-11-19,23,13,10
2018-11-19,23,13,10
2018-11-19,27,13,14
2018-11-19,23,12,11
2018-11-19,51,14,37
2018-11-19,91,28,63
2018-11-19,130,11,119
2018-11-19,71,6,65
2018-11-19,16,5,11
2018-11-19,11,3,8
2018-11-19,8,3,5
2018-11-19,7,2,5
2018-11-19,5,2,3
2018-11-20,1,0,1
2018-11-20,2,0,2
2018-11-20,2,1,1
2018-11-20,1,0,1
2018-11-20,5,3,2
2018-11-20,25,22,3
2018-11-20,64,47,17
2018-11-20,94,85,9
2018-11-20,103,95,8
2018-11-20,31,27,4
2018-11-20,25,20,5
2018-11-20,18,13,5
2018-11-20,22,11,11
2018-11-20,16,10,6
2018-11-20,24,7,17
2018-11-20,44,14,30
2018-11-20,93,25,68
2018-11-20,99,11,88
2018-11-20,70,7,63
2018-11-20,30,4,26
2018-11-20,13,5,8
2018-11-20,5,0,5
2018-11-20,5,0,5
2018-11-20,4,2,2
2018-11-21,3,2,1
2018-11-21,5,2,3
2018-11-21,3,1,2
2018-11-21,0,0,0
2018-11-21,7,5,2
2018-11-21,15,11,4
2018-11-21,37,34,3
2018-11-21,52,45,7
2018-11-21,72,65,7
2018-11-21,26,21,5
2018-11-21,8,5,3
2018-11-21,14,11,3
2018-11-21,10,6,4
2018-11-21,13,4,9
2018-11-21,26,8,18
2018-11-21,40,3,37
2018-11-21,52,4,48
2018-11-21,55,10,45
2018-11-21,26,5,21
2018-11-21,5,1,4
2018-11-21,10,2,8
2018-11-21,9,2,7
2018-11-21,4,2,2
2018-11-21,0,0,0
2018-11-22,3,3,0
2018-11-22,1,0,1
2018-11-22,2,0,2
2018-11-22,0,0,0
2018-11-22,3,1,2
2018-11-22,5,3,2
2018-11-22,4,3,1
2018-11-22,9,6,3
2018-11-22,7,7,0
2018-11-22,11,6,5
2018-11-22,26,13,13
2018-11-22,16,5,11
2018-11-22,18,6,12
2018-11-22,12,5,7
2018-11-22,10,7,3
2018-11-22,7,5,2
2018-11-22,2,1,1
2018-11-22,2,0,2
2018-11-22,3,3,0
2018-11-22,3,0,3
2018-11-22,2,1,1
2018-11-22,4,2,2
2018-11-22,3,2,1
2018-11-22,2,2,0
2018-11-23,0,0,0
2018-11-23,0,0,0
2018-11-23,0,0,0
2018-11-23,0,0,0
2018-11-23,0,0,0
2018-11-23,2,1,1
2018-11-23,7,6,1
2018-11-23,8,8,0
2018-11-23,7,6,1
2018-11-23,9,5,4
2018-11-23,8,3,5
2018-11-23,11,7,4
2018-11-23,17,11,6
2018-11-23,20,13,7
2018-11-23,15,7,8
2018-11-23,20,7,13
2018-11-23,8,4,4
2018-11-23,12,4,8
2018-11-23,8,1,7
2018-11-23,2,0,2
2018-11-23,3,0,3
2018-11-23,5,3,2
2018-11-23,4,1,3
2018-11-23,3,1,2
2018-11-24,2,1,1
2018-11-24,1,0,1
2018-11-24,0,0,0
2018-11-24,2,0,2
2018-11-24,1,0,1
2018-11-24,3,3,0
2018-11-24,3,3,0
2018-11-24,7,6,1
2018-11-24,16,10,6
2018-11-24,13,9,4
2018-11-24,29,18,11
2018-11-24,25,14,11
2018-11-24,44,23,21
2018-11-24,27,12,15
2018-11-24,35,16,19
2018-11-24,33,22,11
2018-11-24,8,3,5
2018-11-24,7,1,6
2018-11-24,3,2,1
2018-11-24,4,2,2
2018-11-24,4,3,1
2018-11-24,7,5,2
2018-11-24,1,1,0
2018-11-24,5,0,5
2018-11-25,4,4,0
2018-11-25,4,0,4
2018-11-25,1,0,1
2018-11-25,0,0,0
2018-11-25,1,0,1
2018-11-25,1,1,0
2018-11-25,4,3,1
2018-11-25,10,9,1
2018-11-25,18,8,10
2018-11-25,18,9,9
2018-11-25,27,17,10
2018-11-25,34,17,17
2018-11-25,42,25,17
2018-11-25,31,12,19
2018-11-25,40,24,16
2018-11-25,24,8,16
2018-11-25,15,4,11
2018-11-25,9,3,6
2018-11-25,6,2,4
2018-11-25,7,6,1
2018-11-25,2,0,2
2018-11-25,3,1,2
2018-11-25,3,0,3
2018-11-25,0,0,0
2018-11-26,0,0,0
2018-11-26,1,0,1
2018-11-26,0,0,0
2018-11-26,0,0,0
2018-11-26,9,8,1
2018-11-26,21,18,3
2018-11-26,49,41,8
2018-11-26,124,113,11
2018-11-26,124,111,13
2018-11-26,44,40,4
2018-11-26,21,17,4
2018-11-26,9,8,1
2018-11-26,11,6,5
2018-11-26,19,12,7
2018-11-26,14,2,12
2018-11-26,43,17,26
2018-11-26,87,12,75
2018-11-26,145,15,130
2018-11-26,70,10,60
2018-11-26,23,2,21
2018-11-26,12,3,9
2018-11-26,12,3,9
2018-11-26,6,2,4
2018-11-26,5,2,3
2018-11-27,3,3,0
2018-11-27,4,2,2
2018-11-27,3,1,2
2018-11-27,1,0,1
2018-11-27,10,8,2
2018-11-27,37,33,4
2018-11-27,44,35,9
2018-11-27,106,94,12
2018-11-27,112,107,5
2018-11-27,40,38,2
2018-11-27,11,11,0
2018-11-27,5,3,2
2018-11-27,7,2,5
2018-11-27,11,8,3
2018-11-27,12,7,5
2018-11-27,15,2,13
2018-11-27,77,12,65
2018-11-27,133,14,119
2018-11-27,97,8,89
2018-11-27,24,1,23
2018-11-27,5,2,3
2018-11-27,9,3,6
2018-11-27,4,1,3
2018-11-27,2,0,2
2018-11-28,3,1,2
2018-11-28,1,1,0
2018-11-28,1,0,1
2018-11-28,0,0,0
2018-11-28,6,3,3
2018-11-28,13,12,1
2018-11-28,51,44,7
2018-11-28,99,89,10
2018-11-28,92,86,6
2018-11-28,48,47,1
2018-11-28,15,11,4
2018-11-28,14,8,6
2018-11-28,16,9,7
2018-11-28,15,8,7
2018-11-28,19,6,13
2018-11-28,34,6,28
2018-11-28,78,19,59
2018-11-28,118,16,102
2018-11-28,55,6,49
2018-11-28,25,5,20
2018-11-28,19,4,15
2018-11-28,8,2,6
2018-11-28,10,2,8
2018-11-28,3,1,2
2018-11-29,5,2,3
2018-11-29,4,0,4
2018-11-29,3,0,3
2018-11-29,4,2,2
2018-11-29,5,5,0
2018-11-29,22,19,3
2018-11-29,40,34,6
2018-11-29,84,76,8
2018-11-29,76,69,7
2018-11-29,30,29,1
2018-11-29,13,11,2
2018-11-29,32,22,10
2018-11-29,27,15,12
2018-11-29,45,30,15
2018-11-29,37,23,14
2018-11-29,66,19,47
2018-11-29,120,20,100
2018-11-29,212,19,193
2018-11-29,92,7,85
2018-11-29,45,12,33
2018-11-29,26,4,22
2018-11-29,18,7,11
2018-11-29,20,3,17
2018-11-29,7,4,3
2018-11-30,2,2,0
2018-11-30,3,0,3
2018-11-30,2,1,1
2018-11-30,2,1,1
2018-11-30,2,2,0
2018-11-30,15,13,2
2018-11-30,48,46,2
2018-11-30,85,74,11
2018-11-30,103,94,9
2018-11-30,35,31,4
2018-11-30,16,10,6
2018-11-30,18,11,7
2018-11-30,15,7,8
2018-11-30,16,4,12
2018-11-30,22,9,13
2018-11-30,30,11,19
2018-11-30,75,9,66
2018-11-30,90,10,80
2018-11-30,41,2,39
2018-11-30,28,4,24
2018-11-30,4,0,4
2018-11-30,6,1,5
2018-11-30,8,3,5
2018-11-30,5,2,3
2018-12-01,9,8,1
2018-12-01,2,0,2
2018-12-01,3,1,2
2018-12-01,2,0,2
2018-12-01,1,0,1
2018-12-01,1,1,0
2018-12-01,13,10,3
2018-12-01,25,8,17
2018-12-01,22,13,9
2018-12-01,16,9,7
2018-12-01,21,13,8
2018-12-01,32,17,15
2018-12-01,20,11,9
2018-12-01,25,13,12
2018-12-01,29,14,15
2018-12-01,14,6,8
2018-12-01,14,6,8
2018-12-01,10,4,6
2018-12-01,6,2,4
2018-12-01,7,3,4
2018-12-01,9,3,6
2018-12-01,3,0,3
2018-12-01,1,1,0
2018-12-01,1,1,0
2018-12-02,1,0,1
2018-12-02,2,0,2
2018-12-02,0,0,0
2018-12-02,0,0,0
2018-12-02,0,0,0
2018-12-02,3,2,1
2018-12-02,8,5,3
2018-12-02,7,5,2
2018-12-02,15,9,6
2018-12-02,15,5,10
2018-12-02,32,18,14
2018-12-02,32,19,13
2018-12-02,33,22,11
2018-12-02,27,12,15
2018-12-02,40,14,26
2018-12-02,24,9,15
2018-12-02,11,7,4
2018-12-02,53,21,32
2018-12-02,5,1,4
2018-12-02,6,3,3
2018-12-02,4,2,2
2018-12-02,3,1,2
2018-12-02,0,0,0
2018-12-02,2,0,2
2018-12-03,2,1,1
2018-12-03,3,0,3
2018-12-03,0,0,0
2018-12-03,0,0,0
2018-12-03,2,2,0
2018-12-03,22,21,1
2018-12-03,65,54,11
2018-12-03,108,95,13
2018-12-03,115,104,11
2018-12-03,54,48,6
2018-12-03,25,19,6
2018-12-03,12,5,7
2018-12-03,24,16,8
2018-12-03,21,12,9
2018-12-03,35,15,20
2018-12-03,40,12,28
2018-12-03,89,13,76
2018-12-03,135,10,125
2018-12-03,60,5,55
2018-12-03,42,8,34
2018-12-03,10,2,8
2018-12-03,8,0,8
2018-12-03,4,2,2
2018-12-03,4,1,3
2018-12-04,1,1,0
2018-12-04,4,1,3
2018-12-04,0,0,0
2018-12-04,6,1,5
2018-12-04,8,6,2
2018-12-04,23,20,3
2018-12-04,53,45,8
2018-12-04,91,82,9
2018-12-04,118,110,8
2018-12-04,37,34,3
2018-12-04,25,16,9
2018-12-04,19,11,8
2018-12-04,24,14,10
2018-12-04,16,6,10
2018-12-04,24,7,17
2018-12-04,41,13,28
2018-12-04,73,16,57
2018-12-04,122,19,103
2018-12-04,71,6,65
2018-12-04,21,1,20
2018-12-04,13,2,11
2018-12-04,9,3,6
2018-12-04,4,1,3
2018-12-04,2,0,2
2018-12-05,1,1,0
2018-12-05,2,1,1
2018-12-05,2,0,2
2018-12-05,5,0,5
2018-12-05,2,1,1
2018-12-05,18,16,2
2018-12-05,38,33,5
2018-12-05,74,70,4
2018-12-05,105,97,8
2018-12-05,41,36,5
2018-12-05,19,18,1
2018-12-05,20,10,10
2018-12-05,21,14,7
2018-12-05,22,20,2
2018-12-05,30,12,18
2018-12-05,29,7,22
2018-12-05,67,15,52
2018-12-05,102,8,94
2018-12-05,58,7,51
2018-12-05,23,2,21
2018-12-05,13,3,10
2018-12-05,8,1,7
2018-12-05,6,2,4
2018-12-05,3,0,3
2018-12-06,2,1,1
2018-12-06,3,2,1
2018-12-06,2,0,2
2018-12-06,4,0,4
2018-12-06,6,3,3
2018-12-06,19,15,4
2018-12-06,53,46,7
2018-12-06,81,73,8
2018-12-06,100,93,7
2018-12-06,39,36,3
2018-12-06,18,15,3
2018-12-06,14,8,6
2018-12-06,13,5,8
2018-12-06,20,6,14
2018-12-06,31,15,16
2018-12-06,42,18,24
2018-12-06,70,13,57
2018-12-06,100,14,86
2018-12-06,48,4,44
2018-12-06,18,2,16
2018-12-06,18,6,12
2018-12-06,28,9,19
2018-12-06,8,1,7
2018-12-06,2,1,1
2018-12-07,4,3,1
2018-12-07,0,0,0
2018-12-07,2,0,2
2018-12-07,2,0,2
2018-12-07,6,3,3
2018-12-07,17,15,2
2018-12-07,31,29,2
2018-12-07,67,58,9
2018-12-07,73,63,10
2018-12-07,41,28,13
2018-12-07,17,12,5
2018-12-07,17,10,7
2018-12-07,18,10,8
2018-12-07,14,12,2
2018-12-07,28,8,20
2018-12-07,38,13,25
2018-12-07,61,8,53
2018-12-07,67,12,55
2018-12-07,34,2,32
2018-12-07,15,2,13
2018-12-07,6,1,5
2018-12-07,7,2,5
2018-12-07,3,1,2
2018-12-07,4,3,1
2018-12-08,5,1,4
2018-12-08,4,0,4
2018-12-08,1,1,0
2018-12-08,5,1,4
2018-12-08,1,0,1
2018-12-08,4,2,2
2018-12-08,4,1,3
2018-12-08,6,5,1
2018-12-08,16,13,3
2018-12-08,17,6,11
2018-12-08,33,13,20
2018-12-08,32,22,10
2018-12-08,42,22,20
2018-12-08,33,21,12
2018-12-08,33,11,22
2018-12-08,19,9,10
2018-12-08,23,14,9
2018-12-08,12,5,7
2018-12-08,2,1,1
2018-12-08,1,0,1
2018-12-08,4,4,0
2018-12-08,11,9,2
2018-12-08,11,2,9
2018-12-08,4,3,1
2018-12-09,2,0,2
2018-12-09,3,2,1
2018-12-09,5,3,2
2018-12-09,0,0,0
2018-12-09,0,0,0
2018-12-09,4,3,1
2018-12-09,3,3,0
2018-12-09,2,2,0
2018-12-09,4,1,3
2018-12-09,9,5,4
2018-12-09,7,5,2
2018-12-09,3,3,0
2018-12-09,3,2,1
2018-12-09,12,11,1
2018-12-09,4,1,3
2018-12-09,1,0,1
2018-12-09,2,1,1
2018-12-09,37,18,19
2018-12-09,2,0,2
2018-12-09,2,0,2
2018-12-09,4,1,3
2018-12-09,0,0,0
2018-12-09,3,2,1
2018-12-09,0,0,0
2018-12-10,0,0,0
2018-12-10,1,0,1
2018-12-10,1,0,1
2018-12-10,1,1,0
2018-12-10,4,4,0
2018-12-10,19,16,3
2018-12-10,56,47,9
2018-12-10,119,110,9
2018-12-10,112,107,5
2018-12-10,45,42,3
2018-12-10,16,10,6
2018-12-10,10,8,2
2018-12-10,18,11,7
2018-12-10,19,10,9
2018-12-10,24,8,16
2018-12-10,46,16,30
2018-12-10,101,21,80
2018-12-10,135,6,129
2018-12-10,50,2,48
2018-12-10,22,5,17
2018-12-10,27,4,23
2018-12-10,22,4,18
2018-12-10,4,1,3
2018-12-10,4,1,3
2018-12-11,9,4,5
2018-12-11,0,0,0
2018-12-11,3,1,2
2018-12-11,3,0,3
2018-12-11,2,2,0
2018-12-11,13,10,3
2018-12-11,42,33,9
2018-12-11,79,74,5
2018-12-11,80,72,8
2018-12-11,43,30,13
2018-12-11,20,11,9
2018-12-11,10,5,5
2018-12-11,3,2,1
2018-12-11,6,3,3
2018-12-11,12,3,9
2018-12-11,13,3,10
2018-12-11,50,7,43
2018-12-11,104,10,94
2018-12-11,65,13,52
2018-12-11,22,4,18
2018-12-11,4,0,4
2018-12-11,5,1,4
2018-12-11,4,2,2
2018-12-11,1,0,1
2018-12-12,6,3,3
2018-12-12,1,1,0
2018-12-12,2,1,1
2018-12-12,1,0,1
2018-12-12,4,2,2
2018-12-12,16,14,2
2018-12-12,68,61,7
2018-12-12,64,58,6
2018-12-12,134,129,5
2018-12-12,43,36,7
2018-12-12,15,12,3
2018-12-12,19,10,9
2018-12-12,9,6,3
2018-12-12,16,6,10
2018-12-12,16,8,8
2018-12-12,27,7,20
2018-12-12,65,9,56
2018-12-12,108,12,96
2018-12-12,87,22,65
2018-12-12,26,5,21
2018-12-12,11,0,11
2018-12-12,10,0,10
2018-12-12,4,1,3
2018-12-12,3,1,2
2018-12-13,3,0,3
2018-12-13,0,0,0
2018-12-13,2,1,1
2018-12-13,2,0,2
2018-12-13,4,3,1
2018-12-13,15,12,3
2018-12-13,41,36,5
2018-12-13,70,64,6
2018-12-13,83,80,3
2018-12-13,37,31,6
2018-12-13,12,9,3
2018-12-13,7,4,3
2018-12-13,13,8,5
2018-12-13,12,7,5
2018-12-13,9,4,5
2018-12-13,28,4,24
2018-12-13,50,7,43
2018-12-13,91,11,80
2018-12-13,51,1,50
2018-12-13,17,5,12
2018-12-13,16,4,12
2018-12-13,14,6,8
2018-12-13,4,0,4
2018-12-13,3,1,2
2018-12-14,5,3,2
2018-12-14,1,0,1
2018-12-14,1,0,1
2018-12-14,1,0,1
2018-12-14,2,2,0
2018-12-14,15,14,1
2018-12-14,43,38,5
2018-12-14,72,66,6
2018-12-14,107,102,5
2018-12-14,34,29,5
2018-12-14,18,15,3
2018-12-14,16,13,3
2018-12-14,17,9,8
2018-12-14,16,8,8
2018-12-14,24,8,16
2018-12-14,42,13,29
2018-12-14,67,8,59
2018-12-14,77,14,63
2018-12-14,47,3,44
2018-12-14,6,1,5
2018-12-14,4,1,3
2018-12-14,7,3,4
2018-12-14,6,2,4
2018-12-14,2,1,1
2018-12-15,4,0,4
2018-12-15,2,0,2
2018-12-15,2,1,1
2018-12-15,2,0,2
2018-12-15,2,1,1
2018-12-15,2,2,0
2018-12-15,6,6,0
2018-12-15,11,9,2
2018-12-15,14,8,6
2018-12-15,8,5,3
2018-12-15,29,15,14
2018-12-15,29,13,16
2018-12-15,47,28,19
2018-12-15,40,19,21
2018-12-15,48,24,24
2018-12-15,28,19,9
2018-12-15,24,10,14
2018-12-15,13,2,11
2018-12-15,3,1,2
2018-12-15,6,2,4
2018-12-15,3,1,2
2018-12-15,3,0,3
2018-12-15,3,1,2
2018-12-15,5,4,1
2018-12-16,4,0,4
2018-12-16,2,0,2
2018-12-16,0,0,0
2018-12-16,2,2,0
2018-12-16,1,0,1
2018-12-16,3,2,1
2018-12-16,4,2,2
2018-12-16,5,2,3
2018-12-16,7,5,2
2018-12-16,34,19,15
2018-12-16,15,6,9
2018-12-16,7,5,2
2018-12-16,8,5,3
2018-12-16,11,4,7
2018-12-16,10,6,4
2018-12-16,2,0,2
2018-12-16,4,3,1
2018-12-16,25,11,14
2018-12-16,2,0,2
2018-12-16,4,0,4
2018-12-16,0,0,0
2018-12-16,2,0,2
2018-12-16,3,1,2
2018-12-16,1,0,1
2018-12-17,0,0,0
2018-12-17,2,1,1
2018-12-17,0,0,0
2018-12-17,0,0,0
2018-12-17,4,3,1
2018-12-17,21,18,3
2018-12-17,55,45,10
2018-12-17,84,76,8
2018-12-17,107,100,7
2018-12-17,52,42,10
2018-12-17,12,10,2
2018-12-17,18,9,9
2018-12-17,17,15,2
2018-12-17,24,14,10
2018-12-17,22,7,15
2018-12-17,33,9,24
2018-12-17,61,14,47
2018-12-17,99,10,89
2018-12-17,70,9,61
2018-12-17,23,3,20
2018-12-17,6,2,4
2018-12-17,4,1,3
2018-12-17,4,2,2
2018-12-17,0,0,0
2018-12-18,1,0,1
2018-12-18,0,0,0
2018-12-18,2,0,2
2018-12-18,2,0,2
2018-12-18,2,1,1
2018-12-18,15,13,2
2018-12-18,34,33,1
2018-12-18,68,58,10
2018-12-18,67,61,6
2018-12-18,37,32,5
2018-12-18,12,11,1
2018-12-18,9,6,3
2018-12-18,17,9,8
2018-12-18,12,4,8
2018-12-18,13,7,6
2018-12-18,23,5,18
2018-12-18,50,11,39
2018-12-18,83,11,72
2018-12-18,65,14,51
2018-12-18,14,3,11
2018-12-18,6,3,3
2018-12-18,6,1,5
2018-12-18,6,1,5
2018-12-18,2,0,2
2018-12-19,1,1,0
2018-12-19,1,0,1
2018-12-19,1,1,0
2018-12-19,1,0,1
2018-12-19,3,2,1
2018-12-19,18,17,1
2018-12-19,48,42,6
2018-12-19,104,93,11
2018-12-19,86,82,4
2018-12-19,33,33,0
2018-12-19,8,7,1
2018-12-19,11,6,5
2018-12-19,16,11,5
2018-12-19,9,6,3
2018-12-19,24,10,14
2018-12-19,46,9,37
2018-12-19,70,13,57
2018-12-19,119,12,107
2018-12-19,73,17,56
2018-12-19,31,5,26
2018-12-19,12,2,10
2018-12-19,6,1,5
2018-12-19,4,2,2
2018-12-19,8,3,5
2018-12-20,1,0,1
2018-12-20,0,0,0
2018-12-20,4,1,3
2018-12-20,1,0,1
2018-12-20,1,0,1
2018-12-20,15,13,2
2018-12-20,36,28,8
2018-12-20,60,53,7
2018-12-20,65,61,4
2018-12-20,20,16,4
2018-12-20,7,7,0
2018-12-20,7,4,3
2018-12-20,5,4,1
2018-12-20,6,4,2
2018-12-20,14,4,10
2018-12-20,16,5,11
2018-12-20,41,7,34
2018-12-20,67,9,58
2018-12-20,39,6,33
2018-12-20,13,1,12
2018-12-20,16,2,14
2018-12-20,9,1,8
2018-12-20,8,5,3
2018-12-20,7,4,3
2018-12-21,1,0,1
2018-12-21,6,5,1
2018-12-21,4,3,1
2018-12-21,1,0,1
2018-12-21,2,0,2
2018-12-21,14,13,1
2018-12-21,27,20,7
2018-12-21,60,56,4
2018-12-21,74,70,4
2018-12-21,31,23,8
2018-12-21,14,11,3
2018-12-21,25,15,10
2018-12-21,21,14,7
2018-12-21,20,8,12
2018-12-21,34,12,22
2018-12-21,47,13,34
2018-12-21,63,10,53
2018-12-21,53,8,45
2018-12-21,18,2,16
2018-12-21,12,3,9
2018-12-21,13,3,10
2018-12-21,7,0,7
2018-12-21,4,1,3
2018-12-21,1,1,0
2018-12-22,4,1,3
2018-12-22,3,1,2
2018-12-22,2,0,2
2018-12-22,3,0,3
2018-12-22,9,0,9
2018-12-22,4,4,0
2018-12-22,6,3,3
2018-12-22,5,2,3
2018-12-22,26,18,8
2018-12-22,17,12,5
2018-12-22,25,17,8
2018-12-22,41,20,21
2018-12-22,40,24,16
2018-12-22,42,13,29
2018-12-22,51,22,29
2018-12-22,38,21,17
2018-12-22,34,19,15
2018-12-22,17,13,4
2018-12-22,13,2,11
2018-12-22,3,0,3
2018-12-22,0,0,0
2018-12-22,2,2,0
2018-12-22,4,0,4
2018-12-22,1,0,1
2018-12-23,5,0,5
2018-12-23,5,0,5
2018-12-23,0,0,0
2018-12-23,4,0,4
2018-12-23,0,0,0
2018-12-23,0,0,0
2018-12-23,16,16,0
2018-12-23,0,0,0
2018-12-23,9,9,0
2018-12-23,13,5,8
2018-12-23,33,29,4
2018-12-23,42,13,29
2018-12-23,38,16,22
2018-12-23,25,8,17
2018-12-23,30,21,9
2018-12-23,28,12,16
2018-12-23,21,4,17
2018-12-23,4,4,0
2018-12-23,18,9,9
2018-12-23,4,0,4
2018-12-23,0,0,0
2018-12-23,8,5,3
2018-12-23,4,4,0
2018-12-23,3,3,0
2018-12-24,0,0,0
2018-12-24,65,65,0
2018-12-24,0,0,0
2018-12-24,51,0,51
2018-12-24,0,0,0
2018-12-24,0,0,0
2018-12-24,0,0,0
2018-12-24,0,0,0
2018-12-24,0,0,0
2018-12-24,113,62,51
2018-12-24,0,0,0
2018-12-24,0,0,0
2018-12-24,0,0,0
2018-12-24,62,62,0
2018-12-24,175,124,51
2018-12-24,102,0,102
2018-12-24,62,62,0
2018-12-24,164,62,102
2018-12-24,0,0,0
2018-12-24,51,0,51
2018-12-24,0,0,0
2018-12-24,62,62,0
2018-12-24,51,0,51
2018-12-24,0,0,0
2018-12-25,10,10,0
2018-12-25,,,
2018-12-25,,,
2018-12-25,,,
2018-12-25,4,4,0
2018-12-25,25,25,0
2018-12-25,29,19,10
2018-12-25,40,40,0
2018-12-25,60,55,5
2018-12-25,35,20,15
2018-12-25,74,59,15
2018-12-25,35,25,10
2018-12-25,40,14,26
2018-12-25,40,14,26
2018-12-25,61,20,41
2018-12-25,44,29,15
2018-12-25,85,24,61
2018-12-25,105,39,66
2018-12-25,21,5,16
2018-12-25,18,3,15
2018-12-25,21,1,20
2018-12-25,8,0,8
2018-12-25,35,10,25
2018-12-25,9,4,5
2018-12-26,3,0,3
2018-12-26,3,3,0
2018-12-26,0,0,0
2018-12-26,2,0,2
2018-12-26,0,0,0
2018-12-26,24,19,5
2018-12-26,39,34,5
2018-12-26,55,44,11
2018-12-26,89,75,14
2018-12-26,50,50,0
2018-12-26,32,27,5
2018-12-26,59,22,37
2018-12-26,71,53,18
2018-12-26,18,3,15
2018-12-26,46,25,21
2018-12-26,49,3,46
2018-12-26,106,18,88
2018-12-26,74,18,56
2018-12-26,59,32,27
2018-12-26,23,6,17
2018-12-26,40,13,27
2018-12-26,5,0,5
2018-12-26,6,0,6
2018-12-26,1,0,1
2018-12-27,6,3,3
2018-12-27,2,2,0
2018-12-27,5,2,3
2018-12-27,5,0,5
2018-12-27,3,0,3
2018-12-27,31,23,8
2018-12-27,41,31,10
2018-12-27,66,58,8
2018-12-27,93,80,13
2018-12-27,64,40,24
2018-12-27,39,31,8
2018-12-27,23,15,8
2018-12-27,20,11,9
2018-12-27,25,19,6
2018-12-27,32,12,20
2018-12-27,32,2,30
2018-12-27,72,14,58
2018-12-27,86,14,72
2018-12-27,57,15,42
2018-12-27,21,8,13
2018-12-27,6,0,6
2018-12-27,9,1,8
2018-12-27,5,3,2
2018-12-27,1,1,0
2018-12-28,0,0,0
2018-12-28,0,0,0
2018-12-28,6,0,6
2018-12-28,5,0,5
2018-12-28,6,0,6
2018-12-28,38,33,5
2018-12-28,44,44,0
2018-12-28,77,61,16
2018-12-28,82,66,16
2018-12-28,28,17,11
2018-12-28,16,16,0
2018-12-28,6,6,0
2018-12-28,22,16,6
2018-12-28,45,22,23
2018-12-28,29,17,12
2018-12-28,71,5,66
2018-12-28,83,16,67
2018-12-28,83,33,50
2018-12-28,28,11,17
2018-12-28,32,5,27
2018-12-28,6,0,6
2018-12-28,0,0,0
2018-12-28,17,6,11
2018-12-28,0,0,0
2018-12-29,0,0,0
2018-12-29,2,0,2
2018-12-29,3,3,0
2018-12-29,3,0,3
2018-12-29,2,0,2
2018-12-29,0,0,0
2018-12-29,5,4,1
2018-12-29,3,2,1
2018-12-29,14,11,3
2018-12-29,37,19,18
2018-12-29,28,18,10
2018-12-29,39,27,12
2018-12-29,76,46,30
2018-12-29,48,13,35
2018-12-29,42,13,29
2018-12-29,27,20,7
2018-12-29,22,7,15
2018-12-29,17,9,8
2018-12-29,13,5,8
2018-12-29,3,1,2
2018-12-29,7,2,5
2018-12-29,6,2,4
2018-12-29,6,1,5
2018-12-29,3,1,2
2018-12-30,7,4,3
2018-12-30,0,0,0
2018-12-30,6,4,2
2018-12-30,2,2,0
2018-12-30,2,2,0
2018-12-30,3,3,0
2018-12-30,4,2,2
2018-12-30,5,3,2
2018-12-30,15,13,2
2018-12-30,14,12,2
2018-12-30,28,11,17
2018-12-30,26,20,6
2018-12-30,34,16,18
2018-12-30,57,15,42
2018-12-30,36,13,23
2018-12-30,20,8,12
2018-12-30,17,12,5
2018-12-30,13,3,10
2018-12-30,10,6,4
2018-12-30,5,4,1
2018-12-30,5,5,0
2018-12-30,2,0,2
2018-12-30,7,5,2
2018-12-30,0,0,0
2018-12-31,7,4,3
2018-12-31,8,5,3
2018-12-31,3,0,3
2018-12-31,5,2,3
2018-12-31,7,0,7
2018-12-31,2,2,0
2018-12-31,2,1,1
2018-12-31,8,8,0
2018-12-31,6,4,2
2018-12-31,9,6,3
2018-12-31,28,22,6
2018-12-31,24,13,11
2018-12-31,60,33,27
2018-12-31,54,36,18
2018-12-31,45,24,21
2018-12-31,39,22,17
2018-12-31,30,16,14
2018-12-31,7,1,6
2018-12-31,10,10,0
2018-12-31,6,0,6
2018-12-31,2,2,0
2018-12-31,3,2,1
2018-12-31,2,2,0
2018-12-31,1,1,0
2019-01-01,4,0,4
2019-01-01,1,1,0
2019-01-01,0,0,0
2019-01-01,1,0,1
2019-01-01,4,4,0
2019-01-01,10,10,0
2019-01-01,37,33,4
2019-01-01,59,52,7
2019-01-01,87,80,7
2019-01-01,22,22,0
2019-01-01,7,7,0
2019-01-01,12,7,5
2019-01-01,12,7,5
2019-01-01,13,9,4
2019-01-01,9,5,4
2019-01-01,17,2,15
2019-01-01,61,7,54
2019-01-01,96,11,85
2019-01-01,60,8,52
2019-01-01,9,0,9
2019-01-01,7,2,5
2019-01-01,1,0,1
2019-01-01,6,1,5
2019-01-01,3,1,2
2019-01-02,0,0,0
2019-01-02,0,0,0
2019-01-02,0,0,0
2019-01-02,0,0,0
2019-01-02,2,1,1
2019-01-02,13,13,0
2019-01-02,36,32,4
2019-01-02,76,69,7
2019-01-02,90,86,4
2019-01-02,39,36,3
2019-01-02,16,12,4
2019-01-02,19,10,9
2019-01-02,12,4,8
2019-01-02,18,7,11
2019-01-02,16,5,11
2019-01-02,26,7,19
2019-01-02,64,11,53
2019-01-02,116,13,103
2019-01-02,65,7,58
2019-01-02,16,4,12
2019-01-02,6,0,6
2019-01-02,5,2,3
2019-01-02,6,1,5
2019-01-02,2,1,1
2019-01-03,0,0,0
2019-01-03,1,1,0
2019-01-03,4,0,4
2019-01-03,3,2,1
2019-01-03,6,3,3
2019-01-03,22,19,3
2019-01-03,43,35,8
2019-01-03,78,69,9
2019-01-03,107,98,9
2019-01-03,44,40,4
2019-01-03,12,8,4
2019-01-03,7,5,2
2019-01-03,17,12,5
2019-01-03,9,3,6
2019-01-03,13,8,5
2019-01-03,64,12,52
2019-01-03,104,20,84
2019-01-03,180,18,162
2019-01-03,107,17,90
2019-01-03,31,3,28
2019-01-03,10,3,7
2019-01-03,4,2,2
2019-01-03,7,3,4
2019-01-03,3,0,3
2019-01-04,0,0,0
2019-01-04,1,0,1
2019-01-04,1,0,1
2019-01-04,2,0,2
2019-01-04,1,1,0
2019-01-04,14,11,3
2019-01-04,36,30,6
2019-01-04,77,71,6
2019-01-04,71,66,5
2019-01-04,30,26,4
2019-01-04,16,13,3
2019-01-04,18,13,5
2019-01-04,11,6,5
2019-01-04,18,11,7
2019-01-04,22,8,14
2019-01-04,29,8,21
2019-01-04,56,7,49
2019-01-04,78,6,72
2019-01-04,55,8,47
2019-01-04,10,1,9
2019-01-04,8,1,7
2019-01-04,3,0,3
2019-01-04,7,2,5
2019-01-04,4,2,2
2019-01-05,3,0,3
2019-01-05,1,1,0
2019-01-05,1,0,1
2019-01-05,2,0,2
2019-01-05,2,0,2
2019-01-05,2,1,1
2019-01-05,5,3,2
2019-01-05,7,7,0
2019-01-05,22,18,4
2019-01-05,51,41,10
2019-01-05,28,16,12
2019-01-05,52,17,35
2019-01-05,44,21,23
2019-01-05,44,21,23
2019-01-05,31,11,20
2019-01-05,17,4,13
2019-01-05,24,13,11
2019-01-05,7,4,3
2019-01-05,4,2,2
2019-01-05,6,0,6
2019-01-05,4,3,1
2019-01-05,4,2,2
2019-01-05,4,1,3
2019-01-05,4,2,2
2019-01-06,1,0,1
2019-01-06,0,0,0
2019-01-06,1,0,1
2019-01-06,0,0,0
2019-01-06,0,0,0
2019-01-06,1,1,0
2019-01-06,3,2,1
2019-01-06,2,2,0
2019-01-06,9,5,4
2019-01-06,34,19,15
2019-01-06,18,12,6
2019-01-06,24,10,14
2019-01-06,32,19,13
2019-01-06,36,25,11
2019-01-06,23,14,9
2019-01-06,15,3,12
2019-01-06,16,8,8
2019-01-06,36,16,20
2019-01-06,2,0,2
2019-01-06,3,0,3
2019-01-06,0,0,0
2019-01-06,4,3,1
2019-01-06,3,1,2
2019-01-06,2,0,2
2019-01-07,3,1,2
2019-01-07,0,0,0
2019-01-07,0,0,0
2019-01-07,2,1,1
2019-01-07,4,3,1
2019-01-07,23,20,3
2019-01-07,61,50,11
2019-01-07,142,134,8
2019-01-07,112,105,7
2019-01-07,57,50,7
2019-01-07,18,13,5
2019-01-07,15,7,8
2019-01-07,16,9,7
2019-01-07,11,6,5
2019-01-07,20,11,9
2019-01-07,45,9,36
2019-01-07,96,15,81
2019-01-07,121,8,113
2019-01-07,116,22,94
2019-01-07,38,8,30
2019-01-07,8,3,5
2019-01-07,8,1,7
2019-01-07,5,1,4
2019-01-07,3,0,3
2019-01-08,1,0,1
2019-01-08,1,0,1
2019-01-08,2,0,2
2019-01-08,1,0,1
2019-01-08,2,1,1
2019-01-08,21,19,2
2019-01-08,50,43,7
2019-01-08,108,101,7
2019-01-08,101,98,3
2019-01-08,43,40,3
2019-01-08,16,9,7
2019-01-08,5,5,0
2019-01-08,10,7,3
2019-01-08,5,2,3
2019-01-08,14,7,7
2019-01-08,34,10,24
2019-01-08,60,11,49
2019-01-08,122,14,108
2019-01-08,75,12,63
2019-01-08,24,3,21
2019-01-08,9,2,7
2019-01-08,6,0,6
2019-01-08,5,1,4
2019-01-08,6,3,3
2019-01-09,1,0,1
2019-01-09,2,0,2
2019-01-09,1,0,1
2019-01-09,1,1,0
2019-01-09,6,2,4
2019-01-09,18,15,3
2019-01-09,50,42,8
2019-01-09,93,85,8
2019-01-09,102,95,7
2019-01-09,44,42,2
2019-01-09,17,13,4
2019-01-09,22,10,12
2019-01-09,18,12,6
2019-01-09,15,4,11
2019-01-09,17,6,11
2019-01-09,33,11,22
2019-01-09,56,10,46
2019-01-09,126,9,117
2019-01-09,69,6,63
2019-01-09,25,5,20
2019-01-09,10,0,10
2019-01-09,10,2,8
2019-01-09,3,0,3
2019-01-09,5,1,4
2019-01-10,0,0,0
2019-01-10,0,0,0
2019-01-10,1,0,1
2019-01-10,1,0,1
2019-01-10,3,2,1
2019-01-10,18,16,2
2019-01-10,50,43,7
2019-01-10,130,119,11
2019-01-10,122,118,4
2019-01-10,55,47,8
2019-01-10,28,22,6
2019-01-10,25,16,9
2019-01-10,15,11,4
2019-01-10,16,7,9
2019-01-10,21,9,12
2019-01-10,32,6,26
2019-01-10,76,10,66
2019-01-10,152,17,135
2019-01-10,80,9,71
2019-01-10,27,5,22
2019-01-10,15,0,15
2019-01-10,31,13,18
2019-01-10,10,3,7
2019-01-10,2,0,2
2019-01-11,5,3,2
2019-01-11,3,0,3
2019-01-11,3,1,2
2019-01-11,1,0,1
2019-01-11,5,2,3
2019-01-11,22,19,3
2019-01-11,50,41,9
2019-01-11,115,102,13
2019-01-11,128,117,11
2019-01-11,48,40,8
2019-01-11,20,14,6
2019-01-11,21,15,6
2019-01-11,25,12,13
2019-01-11,30,16,14
2019-01-11,40,12,28
2019-01-11,41,11,30
2019-01-11,92,12,80
2019-01-11,131,8,123
2019-01-11,72,7,65
2019-01-11,20,1,19
2019-01-11,11,3,8
2019-01-11,7,3,4
2019-01-11,9,4,5
2019-01-11,13,4,9
2019-01-12,4,1,3
2019-01-12,1,0,1
2019-01-12,1,0,1
2019-01-12,2,0,2
2019-01-12,0,0,0
2019-01-12,7,5,2
2019-01-12,12,11,1
2019-01-12,18,13,5
2019-01-12,23,13,10
2019-01-12,39,23,16
2019-01-12,54,23,31
2019-01-12,52,36,16
2019-01-12,86,42,44
2019-01-12,82,45,37
2019-01-12,97,40,57
2019-01-12,89,42,47
2019-01-12,63,27,36
2019-01-12,23,6,17
2019-01-12,20,5,15
2019-01-12,9,2,7
2019-01-12,6,0,6
2019-01-12,10,1,9
2019-01-12,6,3,3
2019-01-12,10,5,5
2019-01-13,8,5,3
2019-01-13,1,0,1
2019-01-13,0,0,0
2019-01-13,1,0,1
2019-01-13,0,0,0
2019-01-13,4,3,1
2019-01-13,5,2,3
2019-01-13,10,8,2
2019-01-13,16,11,5
2019-01-13,66,44,22
2019-01-13,51,29,22
2019-01-13,81,39,42
2019-01-13,66,34,32
2019-01-13,91,43,48
2019-01-13,73,38,35
2019-01-13,79,41,38
2019-01-13,33,10,23
2019-01-13,51,30,21
2019-01-13,16,3,13
2019-01-13,4,0,4
2019-01-13,4,1,3
2019-01-13,5,2,3
2019-01-13,11,6,5
2019-01-13,1,0,1
2019-01-14,2,1,1
2019-01-14,1,1,0
2019-01-14,0,0,0
2019-01-14,2,0,2
2019-01-14,7,7,0
2019-01-14,46,41,5
2019-01-14,114,96,18
2019-01-14,232,216,16
2019-01-14,240,226,14
2019-01-14,90,85,5
2019-01-14,30,25,5
2019-01-14,32,24,8
2019-01-14,26,15,11
2019-01-14,32,14,18
2019-01-14,42,22,20
2019-01-14,100,21,79
2019-01-14,185,30,155
2019-01-14,240,21,219
2019-01-14,150,17,133
2019-01-14,47,6,41
2019-01-14,26,5,21
2019-01-14,9,2,7
2019-01-14,8,3,5
2019-01-14,5,1,4
2019-01-15,2,0,2
2019-01-15,2,0,2
2019-01-15,1,1,0
2019-01-15,2,0,2
2019-01-15,6,5,1
2019-01-15,42,36,6
2019-01-15,98,90,8
2019-01-15,180,168,12
2019-01-15,183,175,8
2019-01-15,101,84,17
2019-01-15,38,31,7
2019-01-15,23,16,7
2019-01-15,31,19,12
2019-01-15,15,7,8
2019-01-15,35,18,17
2019-01-15,59,11,48
2019-01-15,163,19,144
2019-01-15,210,17,193
2019-01-15,114,16,98
2019-01-15,46,5,41
2019-01-15,22,4,18
2019-01-15,5,0,5
2019-01-15,9,1,8
2019-01-15,4,1,3
2019-01-16,1,1,0
2019-01-16,1,1,0
2019-01-16,0,0,0
2019-01-16,1,0,1
2019-01-16,6,4,2
2019-01-16,27,22,5
2019-01-16,89,80,9
2019-01-16,175,163,12
2019-01-16,176,163,13
2019-01-16,82,73,9
2019-01-16,32,28,4
2019-01-16,26,16,10
2019-01-16,29,23,6
2019-01-16,28,17,11
2019-01-16,33,17,16
2019-01-16,69,19,50
2019-01-16,131,17,114
2019-01-16,198,19,179
2019-01-16,123,21,102
2019-01-16,48,8,40
2019-01-16,28,4,24
2019-01-16,9,1,8
2019-01-16,6,1,5
2019-01-16,7,0,7
2019-01-17,0,0,0
2019-01-17,3,2,1
2019-01-17,0,0,0
2019-01-17,1,0,1
2019-01-17,8,4,4
2019-01-17,34,28,6
2019-01-17,69,62,7
2019-01-17,141,132,9
2019-01-17,140,129,11
2019-01-17,63,53,10
2019-01-17,43,28,15
2019-01-17,13,10,3
2019-01-17,14,8,6
2019-01-17,17,5,12
2019-01-17,29,12,17
2019-01-17,48,8,40
2019-01-17,99,17,82
2019-01-17,145,10,135
2019-01-17,84,7,77
2019-01-17,39,9,30
2019-01-17,14,0,14
2019-01-17,20,9,11
2019-01-17,1,0,1
2019-01-17,2,0,2
2019-01-18,1,0,1
2019-01-18,1,0,1
2019-01-18,1,0,1
2019-01-18,4,1,3
2019-01-18,5,2,3
2019-01-18,20,17,3
2019-01-18,50,44,6
2019-01-18,124,111,13
2019-01-18,120,114,6
2019-01-18,43,35,8
2019-01-18,21,17,4
2019-01-18,11,8,3
2019-01-18,17,9,8
2019-01-18,12,5,7
2019-01-18,34,9,25
2019-01-18,36,7,29
2019-01-18,87,7,80
2019-01-18,103,11,92
2019-01-18,77,12,65
2019-01-18,20,2,18
2019-01-18,10,1,9
2019-01-18,7,1,6
2019-01-18,4,2,2
2019-01-18,2,1,1
2019-01-19,2,1,1
2019-01-19,1,0,1
2019-01-19,0,0,0
2019-01-19,1,0,1
2019-01-19,0,0,0
2019-01-19,3,2,1
2019-01-19,5,1,4
2019-01-19,7,5,2
2019-01-19,19,14,5
2019-01-19,15,10,5
2019-01-19,15,9,6
2019-01-19,30,16,14
2019-01-19,36,19,17
2019-01-19,37,19,18
2019-01-19,25,11,14
2019-01-19,19,13,6
2019-01-19,19,6,13
2019-01-19,9,7,2
2019-01-19,14,9,5
2019-01-19,2,1,1
2019-01-19,1,0,1
2019-01-19,6,3,3
2019-01-19,4,1,3
2019-01-19,5,1,4
2019-01-20,1,0,1
2019-01-20,0,0,0
2019-01-20,2,1,1
2019-01-20,1,1,0
2019-01-20,1,0,1
2019-01-20,2,1,1
2019-01-20,3,2,1
2019-01-20,10,9,1
2019-01-20,12,9,3
2019-01-20,37,19,18
2019-01-20,21,14,7
2019-01-20,44,22,22
2019-01-20,32,19,13
2019-01-20,24,11,13
2019-01-20,28,10,18
2019-01-20,35,22,13
2019-01-20,18,7,11
2019-01-20,25,12,13
2019-01-20,4,1,3
2019-01-20,5,2,3
2019-01-20,7,1,6
2019-01-20,10,1,9
2019-01-20,3,1,2
2019-01-20,6,5,1
2019-01-21,2,0,2
2019-01-21,3,3,0
2019-01-21,1,1,0
2019-01-21,1,0,1
2019-01-21,3,2,1
2019-01-21,11,9,2
2019-01-21,44,36,8
2019-01-21,66,60,6
2019-01-21,78,73,5
2019-01-21,37,31,6
2019-01-21,27,16,11
2019-01-21,24,15,9
2019-01-21,27,21,6
2019-01-21,28,17,11
2019-01-21,35,13,22
2019-01-21,48,10,38
2019-01-21,70,10,60
2019-01-21,91,12,79
2019-01-21,45,8,37
2019-01-21,17,5,12
2019-01-21,13,3,10
2019-01-21,7,2,5
2019-01-21,4,2,2
2019-01-21,2,1,1
2019-01-22,2,1,1
2019-01-22,5,3,2
2019-01-22,2,1,1
2019-01-22,3,0,3
2019-01-22,4,4,0
2019-01-22,31,28,3
2019-01-22,72,57,15
2019-01-22,161,144,17
2019-01-22,153,142,11
2019-01-22,55,51,4
2019-01-22,17,14,3
2019-01-22,18,14,4
2019-01-22,12,5,7
2019-01-22,9,3,6
2019-01-22,15,5,10
2019-01-22,34,7,27
2019-01-22,110,14,96
2019-01-22,161,12,149
2019-01-22,96,9,87
2019-01-22,33,2,31
2019-01-22,10,0,10
2019-01-22,2,0,2
2019-01-22,3,1,2
2019-01-22,0,0,0
2019-01-23,0,0,0
2019-01-23,2,1,1
2019-01-23,2,0,2
2019-01-23,1,0,1
2019-01-23,3,2,1
2019-01-23,22,21,1
2019-01-23,87,73,14
2019-01-23,133,121,12
2019-01-23,166,155,11
2019-01-23,43,39,4
2019-01-23,20,18,2
2019-01-23,17,11,6
2019-01-23,15,10,5
2019-01-23,10,6,4
2019-01-23,21,11,10
2019-01-23,50,12,38
2019-01-23,134,17,117
2019-01-23,164,12,152
2019-01-23,87,8,79
2019-01-23,35,2,33
2019-01-23,13,3,10
2019-01-23,10,0,10
2019-01-23,6,2,4
2019-01-23,7,3,4
2019-01-24,3,3,0
2019-01-24,1,1,0
2019-01-24,7,3,4
2019-01-24,2,0,2
2019-01-24,11,7,4
2019-01-24,37,32,5
2019-01-24,83,68,15
2019-01-24,172,157,15
2019-01-24,147,135,12
2019-01-24,54,48,6
2019-01-24,27,22,5
2019-01-24,18,12,6
2019-01-24,19,11,8
2019-01-24,24,14,10
2019-01-24,25,11,14
2019-01-24,46,10,36
2019-01-24,134,18,116
2019-01-24,159,10,149
2019-01-24,114,21,93
2019-01-24,32,3,29
2019-01-24,38,3,35
2019-01-24,55,20,35
2019-01-24,7,0,7
2019-01-24,6,2,4
2019-01-25,3,1,2
2019-01-25,1,1,0
2019-01-25,1,0,1
2019-01-25,1,0,1
2019-01-25,4,3,1
2019-01-25,29,25,4
2019-01-25,65,56,9
2019-01-25,129,116,13
2019-01-25,153,143,10
2019-01-25,64,54,10
2019-01-25,27,22,5
2019-01-25,27,17,10
2019-01-25,15,8,7
2019-01-25,21,10,11
2019-01-25,43,13,30
2019-01-25,59,20,39
2019-01-25,119,16,103
2019-01-25,150,12,138
2019-01-25,78,9,69
2019-01-25,21,4,17
2019-01-25,41,12,29
2019-01-25,12,2,10
2019-01-25,9,2,7
2019-01-25,4,1,3
2019-01-26,2,1,1
2019-01-26,4,0,4
2019-01-26,3,0,3
2019-01-26,3,2,1
2019-01-26,2,2,0
2019-01-26,1,1,0
2019-01-26,4,2,2
2019-01-26,11,7,4
2019-01-26,23,16,7
2019-01-26,40,19,21
2019-01-26,34,24,10
2019-01-26,62,31,31
2019-01-26,71,40,31
2019-01-26,72,36,36
2019-01-26,65,30,35
2019-01-26,76,39,37
2019-01-26,43,17,26
2019-01-26,18,4,14
2019-01-26,18,11,7
2019-01-26,8,1,7
2019-01-26,7,3,4
2019-01-26,8,3,5
2019-01-26,4,2,2
2019-01-26,4,2,2
2019-01-27,5,3,2
2019-01-27,3,0,3
2019-01-27,2,0,2
2019-01-27,0,0,0
2019-01-27,4,2,2
2019-01-27,5,2,3
2019-01-27,6,4,2
2019-01-27,16,8,8
2019-01-27,7,5,2
2019-01-27,27,20,7
2019-01-27,34,20,14
2019-01-27,41,21,20
2019-01-27,42,24,18
2019-01-27,56,28,28
2019-01-27,35,19,16
2019-01-27,38,19,19
2019-01-27,33,17,16
2019-01-27,13,9,4
2019-01-27,39,16,23
2019-01-27,3,1,2
2019-01-27,5,2,3
2019-01-27,4,1,3
2019-01-27,2,0,2
2019-01-27,1,0,1
2019-01-28,2,2,0
2019-01-28,2,1,1
2019-01-28,0,0,0
2019-01-28,1,0,1
2019-01-28,8,7,1
2019-01-28,28,23,5
2019-01-28,92,78,14
2019-01-28,189,177,12
2019-01-28,165,160,5
2019-01-28,67,64,3
2019-01-28,31,21,10
2019-01-28,24,17,7
2019-01-28,22,15,7
2019-01-28,24,12,12
2019-01-28,28,7,21
2019-01-28,56,15,41
2019-01-28,154,24,130
2019-01-28,186,15,171
2019-01-28,123,14,109
2019-01-28,29,3,26
2019-01-28,15,2,13
2019-01-28,13,3,10
2019-01-28,10,5,5
2019-01-28,2,0,2
2019-01-29,2,0,2
2019-01-29,0,0,0
2019-01-29,3,0,3
2019-01-29,1,0,1
2019-01-29,9,7,2
2019-01-29,27,26,1
2019-01-29,92,75,17
2019-01-29,167,155,12
2019-01-29,164,153,11
2019-01-29,73,61,12
2019-01-29,30,26,4
2019-01-29,27,20,7
2019-01-29,32,17,15
2019-01-29,20,9,11
2019-01-29,38,17,21
2019-01-29,72,19,53
2019-01-29,147,28,119
2019-01-29,188,21,167
2019-01-29,101,10,91
2019-01-29,62,12,50
2019-01-29,14,1,13
2019-01-29,18,4,14
2019-01-29,10,3,7
2019-01-29,3,0,3
2019-01-30,1,0,1
2019-01-30,2,1,1
2019-01-30,4,2,2
2019-01-30,1,0,1
2019-01-30,6,6,0
2019-01-30,32,29,3
2019-01-30,74,63,11
2019-01-30,139,131,8
2019-01-30,160,148,12
2019-01-30,64,55,9
2019-01-30,33,26,7
2019-01-30,32,22,10
2019-01-30,23,15,8
2019-01-30,20,10,10
2019-01-30,43,24,19
2019-01-30,53,11,42
2019-01-30,120,15,105
2019-01-30,155,24,131
2019-01-30,80,20,60
2019-01-30,38,4,34
2019-01-30,23,4,19
2019-01-30,8,2,6
2019-01-30,10,6,4
2019-01-30,6,2,4
2019-01-31,7,3,4
2019-01-31,2,0,2
2019-01-31,3,0,3
2019-01-31,8,3,5
2019-01-31,3,3,0
2019-01-31,33,28,5
2019-01-31,71,59,12
2019-01-31,137,128,9
2019-01-31,148,138,10
2019-01-31,75,68,7
2019-01-31,28,22,6
2019-01-31,24,16,8
2019-01-31,26,18,8
2019-01-31,20,7,13
2019-01-31,31,12,19
2019-01-31,52,18,34
2019-01-31,105,12,93
2019-01-31,178,9,169
2019-01-31,97,15,82
2019-01-31,38,8,30
2019-01-31,20,3,17
2019-01-31,27,11,16
2019-01-31,8,2,6
2019-01-31,5,2,3
2019-02-01,1,0,1
2019-02-01,2,0,2
2019-02-01,4,1,3
2019-02-01,2,1,1
2019-02-01,2,1,1
2019-02-01,15,13,2
2019-02-01,40,35,5
2019-02-01,84,77,7
2019-02-01,98,92,6
2019-02-01,36,30,6
2019-02-01,6,4,2
2019-02-01,7,6,1
2019-02-01,5,3,2
2019-02-01,10,4,6
2019-02-01,23,6,17
2019-02-01,31,8,23
2019-02-01,61,8,53
2019-02-01,83,6,77
2019-02-01,43,3,40
2019-02-01,26,2,24
2019-02-01,17,2,15
2019-02-01,5,2,3
2019-02-01,5,2,3
2019-02-01,7,5,2
2019-02-02,2,2,0
2019-02-02,3,0,3
2019-02-02,1,0,1
2019-02-02,1,0,1
2019-02-02,0,0,0
2019-02-02,4,3,1
2019-02-02,17,16,1
2019-02-02,15,9,6
2019-02-02,19,10,9
2019-02-02,21,9,12
2019-02-02,22,10,12
2019-02-02,32,19,13
2019-02-02,42,24,18
2019-02-02,42,22,20
2019-02-02,24,10,14
2019-02-02,26,10,16
2019-02-02,25,12,13
2019-02-02,29,7,22
2019-02-02,14,4,10
2019-02-02,5,2,3
2019-02-02,7,1,6
2019-02-02,8,4,4
2019-02-02,7,1,6
2019-02-02,3,1,2
2019-02-03,6,0,6
2019-02-03,1,0,1
2019-02-03,3,1,2
2019-02-03,1,1,0
2019-02-03,1,0,1
2019-02-03,3,3,0
2019-02-03,17,13,4
2019-02-03,159,149,10
2019-02-03,131,121,10
2019-02-03,69,22,47
2019-02-03,145,22,123
2019-02-03,72,9,63
2019-02-03,42,4,38
2019-02-03,32,15,17
2019-02-03,16,6,10
2019-02-03,19,4,15
2019-02-03,1,1,0
2019-02-03,13,5,8
2019-02-03,2,0,2
2019-02-03,5,2,3
2019-02-03,3,1,2
2019-02-03,1,0,1
2019-02-03,3,1,2
2019-02-03,0,0,0
2019-02-04,3,2,1
2019-02-04,2,1,1
2019-02-04,0,0,0
2019-02-04,0,0,0
2019-02-04,1,0,1
2019-02-04,8,6,2
2019-02-04,6,4,2
2019-02-04,11,11,0
2019-02-04,9,8,1
2019-02-04,8,8,0
2019-02-04,1,0,1
2019-02-04,2,2,0
2019-02-04,3,1,2
2019-02-04,2,0,2
2019-02-04,3,1,2
2019-02-04,7,2,5
2019-02-04,11,2,9
2019-02-04,10,1,9
2019-02-04,6,1,5
2019-02-04,2,0,2
2019-02-04,0,0,0
2019-02-04,0,0,0
2019-02-04,2,0,2
2019-02-04,1,0,1
2019-02-05,1,0,1
2019-02-05,1,0,1
2019-02-05,0,0,0
2019-02-05,3,0,3
2019-02-05,1,0,1
2019-02-05,3,2,1
2019-02-05,6,4,2
2019-02-05,10,9,1
2019-02-05,14,11,3
2019-02-05,7,7,0
2019-02-05,5,4,1
2019-02-05,1,1,0
2019-02-05,3,2,1
2019-02-05,8,4,4
2019-02-05,6,2,4
2019-02-05,14,5,9
2019-02-05,13,1,12
2019-02-05,16,2,14
2019-02-05,8,2,6
2019-02-05,5,1,4
2019-02-05,2,1,1
2019-02-05,2,2,0
2019-02-05,1,0,1
2019-02-05,0,0,0
2019-02-06,1,1,0
2019-02-06,1,0,1
2019-02-06,2,1,1
2019-02-06,1,0,1
2019-02-06,1,0,1
2019-02-06,5,3,2
2019-02-06,19,16,3
2019-02-06,25,24,1
2019-02-06,32,29,3
2019-02-06,22,19,3
2019-02-06,11,9,2
2019-02-06,2,2,0
2019-02-06,3,3,0
2019-02-06,10,5,5
2019-02-06,12,8,4
2019-02-06,12,4,8
2019-02-06,24,5,19
2019-02-06,50,3,47
2019-02-06,18,1,17
2019-02-06,55,25,30
2019-02-06,7,1,6
2019-02-06,5,0,5
2019-02-06,3,1,2
2019-02-06,0,0,0
2019-02-07,1,0,1
2019-02-07,1,1,0
2019-02-07,4,1,3
2019-02-07,3,1,2
2019-02-07,2,0,2
2019-02-07,10,6,4
2019-02-07,23,20,3
2019-02-07,36,32,4
2019-02-07,59,54,5
2019-02-07,25,21,4
2019-02-07,6,6,0
2019-02-07,4,2,2
2019-02-07,17,12,5
2019-02-07,9,5,4
2019-02-07,13,7,6
2019-02-07,20,4,16
2019-02-07,35,4,31
2019-02-07,66,6,60
2019-02-07,20,0,20
2019-02-07,11,1,10
2019-02-07,6,2,4
2019-02-07,30,13,17
2019-02-07,2,1,1
2019-02-07,0,0,0
2019-02-08,3,1,2
2019-02-08,1,0,1
2019-02-08,2,1,1
2019-02-08,2,0,2
2019-02-08,3,3,0
2019-02-08,12,8,4
2019-02-08,17,14,3
2019-02-08,25,23,2
2019-02-08,40,37,3
2019-02-08,11,9,2
2019-02-08,7,3,4
2019-02-08,5,3,2
2019-02-08,17,2,15
2019-02-08,33,3,30
2019-02-08,30,4,26
2019-02-08,16,1,15
2019-02-08,9,5,4
2019-02-08,7,1,6
2019-02-08,2,0,2
2019-02-08,1,0,1
2019-02-08,1,1,0
2019-02-08,0,0,0
2019-02-08,3,3,0
2019-02-08,0,0,0
2019-02-09,3,0,3
2019-02-09,0,0,0
2019-02-09,1,0,1
2019-02-09,0,0,0
2019-02-09,0,0,0
2019-02-09,0,0,0
2019-02-09,0,0,0
2019-02-09,1,1,0
2019-02-09,0,0,0
2019-02-09,0,0,0
2019-02-09,1,1,0
2019-02-09,23,14,9
2019-02-09,2,1,1
2019-02-09,1,1,0
2019-02-09,0,0,0
2019-02-09,2,1,1
2019-02-09,2,1,1
2019-02-09,2,0,2
2019-02-09,2,0,2
2019-02-09,0,0,0
2019-02-09,0,0,0
2019-02-09,1,1,0
2019-02-09,0,0,0
2019-02-09,2,0,2
2019-02-10,0,0,0
2019-02-10,0,0,0
2019-02-10,0,0,0
2019-02-10,0,0,0
2019-02-10,0,0,0
2019-02-10,1,1,0
2019-02-10,0,0,0
2019-02-10,2,2,0
2019-02-10,0,0,0
2019-02-10,0,0,0
2019-02-10,1,1,0
2019-02-10,0,0,0
2019-02-10,0,0,0
2019-02-10,0,0,0
2019-02-10,1,0,1
2019-02-10,1,1,0
2019-02-10,0,0,0
2019-02-10,1,1,0
2019-02-10,1,0,1
2019-02-10,1,0,1
2019-02-10,0,0,0
2019-02-10,0,0,0
2019-02-10,0,0,0
2019-02-10,0,0,0
2019-02-11,0,0,0
2019-02-11,0,0,0
2019-02-11,0,0,0
2019-02-11,0,0,0
2019-02-11,1,0,1
2019-02-11,5,3,2
2019-02-11,3,2,1
2019-02-11,6,5,1
2019-02-11,36,18,18
2019-02-11,2,2,0
2019-02-11,2,2,0
2019-02-11,1,1,0
2019-02-11,2,1,1
2019-02-11,3,2,1
2019-02-11,3,1,2
2019-02-11,6,2,4
2019-02-11,5,1,4
2019-02-11,43,21,22
2019-02-11,2,0,2
2019-02-11,1,1,0
2019-02-11,1,0,1
2019-02-11,0,0,0
2019-02-11,1,1,0
2019-02-11,1,0,1
2019-02-12,0,0,0
2019-02-12,1,1,0
2019-02-12,1,0,1
2019-02-12,0,0,0
2019-02-12,1,0,1
2019-02-12,2,2,0
2019-02-12,3,3,0
2019-02-12,7,7,0
2019-02-12,10,6,4
2019-02-12,3,2,1
2019-02-12,5,3,2
2019-02-12,1,1,0
2019-02-12,1,1,0
2019-02-12,1,0,1
2019-02-12,3,2,1
2019-02-12,4,2,2
2019-02-12,7,3,4
2019-02-12,14,3,11
2019-02-12,6,1,5
2019-02-12,1,1,0
2019-02-12,1,1,0
2019-02-12,1,0,1
2019-02-12,3,1,2
2019-02-12,0,0,0
2019-02-13,1,1,0
2019-02-13,0,0,0
2019-02-13,1,1,0
2019-02-13,1,0,1
2019-02-13,0,0,0
2019-02-13,2,2,0
2019-02-13,10,8,2
2019-02-13,13,13,0
2019-02-13,22,20,2
2019-02-13,9,7,2
2019-02-13,4,2,2
2019-02-13,5,4,1
2019-02-13,5,4,1
2019-02-13,5,3,2
2019-02-13,4,1,3
2019-02-13,8,1,7
2019-02-13,12,2,10
2019-02-13,28,3,25
2019-02-13,12,4,8
2019-02-13,4,1,3
2019-02-13,4,0,4
2019-02-13,2,1,1
2019-02-13,1,0,1
2019-02-13,0,0,0
2019-02-14,1,1,0
2019-02-14,0,0,0
2019-02-14,2,0,2
2019-02-14,1,0,1
2019-02-14,1,0,1
2019-02-14,5,3,2
2019-02-14,9,8,1
2019-02-14,16,15,1
2019-02-14,31,28,3
2019-02-14,13,12,1
2019-02-14,6,3,3
2019-02-14,0,0,0
2019-02-14,5,4,1
2019-02-14,6,3,3
2019-02-14,7,3,4
2019-02-14,5,2,3
2019-02-14,25,5,20
2019-02-14,34,6,28
2019-02-14,14,1,13
2019-02-14,6,4,2
2019-02-14,2,0,2
2019-02-14,27,13,14
2019-02-14,1,1,0
2019-02-14,3,3,0
2019-02-15,1,1,0
2019-02-15,0,0,0
2019-02-15,2,1,1
2019-02-15,2,1,1
2019-02-15,1,0,1
2019-02-15,8,6,2
2019-02-15,16,12,4
2019-02-15,34,32,2
2019-02-15,58,54,4
2019-02-15,23,16,7
2019-02-15,6,4,2
2019-02-15,3,2,1
2019-02-15,5,3,2
2019-02-15,11,3,8
2019-02-15,9,3,6
2019-02-15,23,2,21
2019-02-15,31,5,26
2019-02-15,38,2,36
2019-02-15,42,4,38
2019-02-15,6,3,3
2019-02-15,2,1,1
2019-02-15,6,2,4
2019-02-15,3,1,2
2019-02-15,3,0,3
2019-02-16,3,2,1
2019-02-16,0,0,0
2019-02-16,0,0,0
2019-02-16,1,0,1
2019-02-16,0,0,0
2019-02-16,0,0,0
2019-02-16,1,1,0
2019-02-16,3,3,0
2019-02-16,10,8,2
2019-02-16,13,10,3
2019-02-16,21,4,17
2019-02-16,33,20,13
2019-02-16,16,5,11
2019-02-16,21,16,5
2019-02-16,20,11,9
2019-02-16,8,3,5
2019-02-16,15,2,13
2019-02-16,3,2,1
2019-02-16,1,1,0
2019-02-16,4,1,3
2019-02-16,1,0,1
2019-02-16,0,0,0
2019-02-16,2,2,0
2019-02-16,4,3,1
2019-02-17,0,0,0
2019-02-17,1,0,1
2019-02-17,0,0,0
2019-02-17,0,0,0
2019-02-17,1,1,0
2019-02-17,1,1,0
2019-02-17,1,1,0
2019-02-17,4,3,1
2019-02-17,9,4,5
2019-02-17,20,15,5
2019-02-17,23,12,11
2019-02-17,28,9,19
2019-02-17,17,10,7
2019-02-17,23,14,9
2019-02-17,18,4,14
2019-02-17,16,6,10
2019-02-17,22,11,11
2019-02-17,25,8,17
2019-02-17,9,4,5
2019-02-17,11,5,6
2019-02-17,0,0,0
2019-02-17,2,1,1
2019-02-17,3,3,0
2019-02-17,0,0,0
2019-02-18,1,0,1
2019-02-18,0,0,0
2019-02-18,0,0,0
2019-02-18,1,0,1
2019-02-18,1,1,0
2019-02-18,10,6,4
2019-02-18,21,15,6
2019-02-18,24,21,3
2019-02-18,61,52,9
2019-02-18,25,20,5
2019-02-18,21,18,3
2019-02-18,19,12,7
2019-02-18,17,8,9
2019-02-18,17,10,7
2019-02-18,23,12,11
2019-02-18,34,12,22
2019-02-18,49,14,35
2019-02-18,52,4,48
2019-02-18,46,9,37
2019-02-18,10,2,8
2019-02-18,5,0,5
2019-02-18,4,1,3
2019-02-18,3,1,2
2019-02-18,2,0,2
2019-02-19,1,0,1
2019-02-19,0,0,0
2019-02-19,3,2,1
2019-02-19,1,0,1
2019-02-19,2,2,0
2019-02-19,15,14,1
2019-02-19,54,42,12
2019-02-19,80,74,6
2019-02-19,83,76,7
2019-02-19,40,36,4
2019-02-19,14,8,6
2019-02-19,10,8,2
2019-02-19,6,3,3
2019-02-19,9,6,3
2019-02-19,10,2,8
2019-02-19,30,9,21
2019-02-19,45,6,39
2019-02-19,101,5,96
2019-02-19,50,4,46
2019-02-19,20,5,15
2019-02-19,3,0,3
2019-02-19,10,3,7
2019-02-19,6,2,4
2019-02-19,3,1,2
2019-02-20,0,0,0
2019-02-20,1,0,1
2019-02-20,2,1,1
2019-02-20,0,0,0
2019-02-20,4,3,1
2019-02-20,13,11,2
2019-02-20,40,34,6
2019-02-20,67,64,3
2019-02-20,102,93,9
2019-02-20,37,31,6
2019-02-20,16,11,5
2019-02-20,8,7,1
2019-02-20,13,8,5
2019-02-20,8,3,5
2019-02-20,16,8,8
2019-02-20,28,10,18
2019-02-20,69,13,56
2019-02-20,107,10,97
2019-02-20,56,7,49
2019-02-20,20,4,16
2019-02-20,17,1,16
2019-02-20,12,2,10
2019-02-20,4,1,3
2019-02-20,4,0,4
2019-02-21,2,1,1
2019-02-21,1,0,1
2019-02-21,2,1,1
2019-02-21,3,2,1
2019-02-21,7,5,2
2019-02-21,14,13,1
2019-02-21,35,31,4
2019-02-21,87,78,9
2019-02-21,94,88,6
2019-02-21,46,38,8
2019-02-21,23,19,4
2019-02-21,22,15,7
2019-02-21,28,19,9
2019-02-21,32,14,18
2019-02-21,25,15,10
2019-02-21,29,5,24
2019-02-21,68,8,60
2019-02-21,124,22,102
2019-02-21,63,11,52
2019-02-21,24,3,21
2019-02-21,11,3,8
2019-02-21,9,0,9
2019-02-21,5,0,5
2019-02-21,2,0,2
2019-02-22,3,2,1
2019-02-22,0,0,0
2019-02-22,1,0,1
2019-02-22,2,1,1
2019-02-22,3,1,2
2019-02-22,10,9,1
2019-02-22,32,27,5
2019-02-22,63,58,5
2019-02-22,67,62,5
2019-02-22,26,23,3
2019-02-22,7,5,2
2019-02-22,6,5,1
2019-02-22,5,2,3
2019-02-22,5,1,4
2019-02-22,13,8,5
2019-02-22,24,8,16
2019-02-22,41,5,36
2019-02-22,58,8,50
2019-02-22,39,4,35
2019-02-22,17,2,15
2019-02-22,3,0,3
2019-02-22,11,5,6
2019-02-22,4,2,2
2019-02-22,2,0,2
2019-02-23,0,0,0
2019-02-23,3,0,3
2019-02-23,1,0,1
2019-02-23,4,2,2
2019-02-23,2,2,0
2019-02-23,3,1,2
2019-02-23,3,2,1
2019-02-23,6,5,1
2019-02-23,16,11,5
2019-02-23,8,5,3
2019-02-23,14,9,5
2019-02-23,27,7,20
2019-02-23,27,17,10
2019-02-23,17,8,9
2019-02-23,23,12,11
2019-02-23,11,4,7
2019-02-23,18,8,10
2019-02-23,9,2,7
2019-02-23,10,8,2
2019-02-23,4,2,2
2019-02-23,4,0,4
2019-02-23,3,1,2
2019-02-23,1,0,1
2019-02-23,0,0,0
2019-02-24,2,1,1
2019-02-24,0,0,0
2019-02-24,0,0,0
2019-02-24,1,1,0
2019-02-24,0,0,0
2019-02-24,4,3,1
2019-02-24,3,3,0
2019-02-24,23,23,0
2019-02-24,25,19,6
2019-02-24,13,9,4
2019-02-24,17,11,6
2019-02-24,23,15,8
2019-02-24,33,18,15
2019-02-24,27,13,14
2019-02-24,22,11,11
2019-02-24,30,10,20
2019-02-24,27,8,19
2019-02-24,32,14,18
2019-02-24,23,8,15
2019-02-24,10,3,7
2019-02-24,1,0,1
2019-02-24,2,0,2
2019-02-24,3,2,1
2019-02-24,3,1,2
2019-02-25,1,0,1
2019-02-25,0,0,0
2019-02-25,2,0,2
2019-02-25,1,1,0
2019-02-25,1,1,0
2019-02-25,11,8,3
2019-02-25,53,49,4
2019-02-25,98,91,7
2019-02-25,99,96,3
2019-02-25,45,41,4
2019-02-25,16,10,6
2019-02-25,10,5,5
2019-02-25,16,11,5
2019-02-25,6,1,5
2019-02-25,22,11,11
2019-02-25,36,8,28
2019-02-25,64,5,59
2019-02-25,124,5,119
2019-02-25,60,3,57
2019-02-25,20,3,17
2019-02-25,16,4,12
2019-02-25,7,3,4
2019-02-25,5,2,3
2019-02-25,2,0,2
2019-02-26,1,1,0
2019-02-26,0,0,0
2019-02-26,3,1,2
2019-02-26,0,0,0
2019-02-26,4,3,1
2019-02-26,22,18,4
2019-02-26,48,45,3
2019-02-26,105,96,9
2019-02-26,81,76,5
2019-02-26,69,63,6
2019-02-26,27,20,7
2019-02-26,21,12,9
2019-02-26,17,10,7
2019-02-26,13,6,7
2019-02-26,16,9,7
2019-02-26,41,12,29
2019-02-26,70,10,60
2019-02-26,135,13,122
2019-02-26,81,12,69
2019-02-26,33,7,26
2019-02-26,9,0,9
2019-02-26,10,2,8
2019-02-26,6,0,6
2019-02-26,2,0,2
2019-02-27,2,1,1
2019-02-27,1,1,0
2019-02-27,1,0,1
2019-02-27,1,1,0
2019-02-27,2,1,1
2019-02-27,17,15,2
2019-02-27,47,42,5
2019-02-27,89,83,6
2019-02-27,88,84,4
2019-02-27,40,35,5
2019-02-27,15,11,4
2019-02-27,11,7,4
2019-02-27,17,10,7
2019-02-27,11,5,6
2019-02-27,16,7,9
2019-02-27,23,3,20
2019-02-27,58,6,52
2019-02-27,118,9,109
2019-02-27,63,10,53
2019-02-27,31,5,26
2019-02-27,19,2,17
2019-02-27,5,0,5
2019-02-27,7,1,6
2019-02-27,2,0,2
2019-02-28,3,1,2
2019-02-28,0,0,0
2019-02-28,2,0,2
2019-02-28,5,3,2
2019-02-28,6,4,2
2019-02-28,18,17,1
2019-02-28,39,33,6
2019-02-28,101,90,11
2019-02-28,97,90,7
2019-02-28,41,36,5
2019-02-28,12,11,1
2019-02-28,15,8,7
2019-02-28,21,17,4
2019-02-28,13,5,8
2019-02-28,31,18,13
2019-02-28,28,6,22
2019-02-28,64,15,49
2019-02-28,120,16,104
2019-02-28,79,10,69
2019-02-28,32,4,28
2019-02-28,13,4,9
2019-02-28,28,12,16
2019-02-28,2,0,2
2019-02-28,4,1,3
2019-03-01,3,1,2
2019-03-01,0,0,0
2019-03-01,3,2,1
2019-03-01,1,0,1
2019-03-01,4,3,1
2019-03-01,16,14,2
2019-03-01,36,32,4
2019-03-01,82,73,9
2019-03-01,86,80,6
2019-03-01,50,38,12
2019-03-01,17,13,4
2019-03-01,24,18,6
2019-03-01,17,11,6
2019-03-01,13,6,7
2019-03-01,28,12,16
2019-03-01,40,9,31
2019-03-01,69,12,57
2019-03-01,119,20,99
2019-03-01,46,7,39
2019-03-01,20,4,16
2019-03-01,8,1,7
2019-03-01,5,1,4
2019-03-01,4,1,3
2019-03-01,1,0,1
2019-03-02,5,1,4
2019-03-02,2,0,2
2019-03-02,3,1,2
2019-03-02,3,1,2
2019-03-02,0,0,0
2019-03-02,2,1,1
2019-03-02,7,3,4
2019-03-02,24,9,15
2019-03-02,33,6,27
2019-03-02,22,12,10
2019-03-02,70,35,35
2019-03-02,45,31,14
2019-03-02,40,15,25
2019-03-02,58,38,20
2019-03-02,67,33,34
2019-03-02,48,32,16
2019-03-02,48,20,28
2019-03-02,30,13,17
2019-03-02,16,9,7
2019-03-02,2,1,1
2019-03-02,4,1,3
2019-03-02,8,4,4
2019-03-02,4,1,3
2019-03-02,1,0,1
2019-03-03,1,0,1
2019-03-03,4,1,3
2019-03-03,3,0,3
2019-03-03,1,1,0
2019-03-03,0,0,0
2019-03-03,4,3,1
2019-03-03,4,2,2
2019-03-03,10,7,3
2019-03-03,11,8,3
2019-03-03,24,13,11
2019-03-03,37,19,18
2019-03-03,36,17,19
2019-03-03,60,31,29
2019-03-03,62,32,30
2019-03-03,46,24,22
2019-03-03,55,33,22
2019-03-03,44,23,21
2019-03-03,18,9,9
2019-03-03,15,7,8
2019-03-03,12,3,9
2019-03-03,9,5,4
2019-03-03,2,1,1
2019-03-03,4,1,3
2019-03-03,1,0,1
2019-03-04,3,2,1
2019-03-04,0,0,0
2019-03-04,0,0,0
2019-03-04,0,0,0
2019-03-04,1,1,0
2019-03-04,11,9,2
2019-03-04,54,43,11
2019-03-04,121,110,11
2019-03-04,120,110,10
2019-03-04,31,29,2
2019-03-04,18,13,5
2019-03-04,18,13,5
2019-03-04,11,9,2
2019-03-04,13,7,6
2019-03-04,15,7,8
2019-03-04,36,10,26
2019-03-04,100,17,83
2019-03-04,135,9,126
2019-03-04,66,10,56
2019-03-04,29,7,22
2019-03-04,13,3,10
2019-03-04,9,2,7
2019-03-04,4,1,3
2019-03-04,2,1,1
2019-03-05,1,0,1
2019-03-05,0,0,0
2019-03-05,1,1,0
2019-03-05,2,1,1
2019-03-05,2,2,0
2019-03-05,16,14,2
2019-03-05,55,44,11
2019-03-05,129,120,9
2019-03-05,121,115,6
2019-03-05,36,31,5
2019-03-05,14,8,6
2019-03-05,15,8,7
2019-03-05,22,14,8
2019-03-05,31,19,12
2019-03-05,18,7,11
2019-03-05,39,17,22
2019-03-05,78,13,65
2019-03-05,143,14,129
2019-03-05,95,16,79
2019-03-05,27,4,23
2019-03-05,16,6,10
2019-03-05,9,2,7
2019-03-05,0,0,0
2019-03-05,4,2,2
2019-03-06,1,0,1
2019-03-06,1,0,1
2019-03-06,2,2,0
2019-03-06,0,0,0
2019-03-06,2,1,1
2019-03-06,18,15,3
2019-03-06,52,43,9
2019-03-06,86,81,5
2019-03-06,96,93,3
2019-03-06,30,24,6
2019-03-06,9,6,3
2019-03-06,10,8,2
2019-03-06,6,3,3
2019-03-06,5,2,3
2019-03-06,7,5,2
2019-03-06,14,5,9
2019-03-06,52,8,44
2019-03-06,90,4,86
2019-03-06,76,11,65
2019-03-06,19,2,17
2019-03-06,9,0,9
2019-03-06,6,1,5
2019-03-06,3,2,1
2019-03-06,1,0,1
2019-03-07,2,1,1
2019-03-07,0,0,0
2019-03-07,1,1,0
2019-03-07,2,0,2
2019-03-07,3,2,1
2019-03-07,22,14,8
2019-03-07,23,20,3
2019-03-07,32,27,5
2019-03-07,36,33,3
2019-03-07,20,20,0
2019-03-07,6,4,2
2019-03-07,11,9,2
2019-03-07,8,6,2
2019-03-07,3,2,1
2019-03-07,9,3,6
2019-03-07,17,4,13
2019-03-07,26,6,20
2019-03-07,66,12,54
2019-03-07,40,8,32
2019-03-07,17,3,14
2019-03-07,9,2,7
2019-03-07,8,3,5
2019-03-07,3,1,2
2019-03-07,1,0,1
2019-03-08,3,2,1
2019-03-08,0,0,0
2019-03-08,1,0,1
2019-03-08,1,1,0
2019-03-08,3,3,0
2019-03-08,15,11,4
2019-03-08,51,47,4
2019-03-08,69,60,9
2019-03-08,61,56,5
2019-03-08,17,15,2
2019-03-08,11,10,1
2019-03-08,11,8,3
2019-03-08,9,4,5
2019-03-08,9,3,6
2019-03-08,11,4,7
2019-03-08,27,5,22
2019-03-08,43,9,34
2019-03-08,84,9,75
2019-03-08,43,2,41
2019-03-08,9,2,7
2019-03-08,11,2,9
2019-03-08,3,1,2
2019-03-08,1,0,1
2019-03-08,1,0,1
2019-03-09,3,1,2
2019-03-09,2,0,2
2019-03-09,0,0,0
2019-03-09,3,1,2
2019-03-09,0,0,0
2019-03-09,3,2,1
2019-03-09,4,4,0
2019-03-09,5,4,1
2019-03-09,13,11,2
2019-03-09,16,9,7
2019-03-09,28,17,11
2019-03-09,43,20,23
2019-03-09,76,44,32
2019-03-09,53,25,28
2019-03-09,54,26,28
2019-03-09,41,15,26
2019-03-09,48,26,22
2019-03-09,27,17,10
2019-03-09,3,1,2
2019-03-09,6,1,5
2019-03-09,6,4,2
2019-03-09,6,2,4
2019-03-09,3,2,1
2019-03-09,4,1,3
2019-03-10,2,0,2
2019-03-10,1,0,1
2019-03-10,,,
2019-03-10,2,1,1
2019-03-10,1,1,0
2019-03-10,3,1,2
2019-03-10,8,5,3
2019-03-10,4,3,1
2019-03-10,25,8,17
2019-03-10,17,10,7
2019-03-10,19,14,5
2019-03-10,38,15,23
2019-03-10,41,14,27
2019-03-10,62,40,22
2019-03-10,63,39,24
2019-03-10,69,32,37
2019-03-10,53,27,26
2019-03-10,62,33,29
2019-03-10,13,9,4
2019-03-10,12,5,7
2019-03-10,2,1,1
2019-03-10,10,5,5
2019-03-10,2,0,2
2019-03-10,2,0,2
2019-03-11,1,0,1
2019-03-11,3,1,2
2019-03-11,0,0,0
2019-03-11,0,0,0
2019-03-11,0,0,0
2019-03-11,10,8,2
2019-03-11,53,47,6
2019-03-11,99,90,9
2019-03-11,127,117,10
2019-03-11,45,42,3
2019-03-11,20,15,5
2019-03-11,11,8,3
2019-03-11,19,12,7
2019-03-11,18,10,8
2019-03-11,26,15,11
2019-03-11,47,8,39
2019-03-11,75,12,63
2019-03-11,138,17,121
2019-03-11,67,5,62
2019-03-11,27,3,24
2019-03-11,12,4,8
2019-03-11,7,3,4
2019-03-11,2,1,1
2019-03-11,2,1,1
2019-03-12,0,0,0
2019-03-12,0,0,0
2019-03-12,1,1,0
2019-03-12,0,0,0
2019-03-12,0,0,0
2019-03-12,15,12,3
2019-03-12,50,43,7
2019-03-12,75,73,2
2019-03-12,93,88,5
2019-03-12,28,26,2
2019-03-12,18,15,3
2019-03-12,18,9,9
2019-03-12,12,8,4
2019-03-12,7,4,3
2019-03-12,6,3,3
2019-03-12,17,2,15
2019-03-12,57,9,48
2019-03-12,103,7,96
2019-03-12,77,9,68
2019-03-12,30,6,24
2019-03-12,10,2,8
2019-03-12,5,0,5
2019-03-12,4,1,3
2019-03-12,4,1,3
2019-03-13,1,0,1
2019-03-13,1,0,1
2019-03-13,1,1,0
2019-03-13,2,1,1
2019-03-13,3,2,1
2019-03-13,18,15,3
2019-03-13,67,53,14
2019-03-13,104,92,12
2019-03-13,120,114,6
2019-03-13,39,38,1
2019-03-13,17,14,3
2019-03-13,16,11,5
2019-03-13,20,13,7
2019-03-13,15,8,7
2019-03-13,34,20,14
2019-03-13,35,9,26
2019-03-13,70,14,56
2019-03-13,147,14,133
2019-03-13,115,16,99
2019-03-13,36,9,27
2019-03-13,23,6,17
2019-03-13,10,2,8
2019-03-13,4,1,3
2019-03-13,4,1,3
2019-03-14,2,0,2
2019-03-14,0,0,0
2019-03-14,2,0,2
2019-03-14,6,2,4
2019-03-14,2,1,1
2019-03-14,19,16,3
2019-03-14,58,47,11
2019-03-14,102,92,10
2019-03-14,124,114,10
2019-03-14,45,38,7
2019-03-14,20,15,5
2019-03-14,10,6,4
2019-03-14,23,15,8
2019-03-14,16,13,3
2019-03-14,17,10,7
2019-03-14,43,9,34
2019-03-14,71,12,59
2019-03-14,151,16,135
2019-03-14,97,13,84
2019-03-14,27,4,23
2019-03-14,12,2,10
2019-03-14,8,2,6
2019-03-14,3,1,2
2019-03-14,9,3,6
2019-03-15,6,2,4
2019-03-15,0,0,0
2019-03-15,2,0,2
2019-03-15,4,2,2
2019-03-15,2,1,1
2019-03-15,19,16,3
2019-03-15,44,33,11
2019-03-15,77,62,15
2019-03-15,113,104,9
2019-03-15,44,42,2
2019-03-15,23,17,6
2019-03-15,18,11,7
2019-03-15,17,10,7
2019-03-15,25,13,12
2019-03-15,24,13,11
2019-03-15,61,20,41
2019-03-15,96,25,71
2019-03-15,134,20,114
2019-03-15,75,13,62
2019-03-15,26,4,22
2019-03-15,11,3,8
2019-03-15,4,1,3
2019-03-15,3,1,2
2019-03-15,5,1,4
2019-03-16,5,1,4
2019-03-16,2,0,2
2019-03-16,5,4,1
2019-03-16,0,0,0
2019-03-16,1,1,0
2019-03-16,2,1,1
2019-03-16,6,5,1
2019-03-16,9,7,2
2019-03-16,32,23,9
2019-03-16,35,16,19
2019-03-16,24,14,10
2019-03-16,52,26,26
2019-03-16,57,36,21
2019-03-16,70,37,33
2019-03-16,64,33,31
2019-03-16,49,25,24
2019-03-16,50,22,28
2019-03-16,40,22,18
2019-03-16,24,11,13
2019-03-16,16,8,8
2019-03-16,7,4,3
2019-03-16,7,1,6
2019-03-16,9,0,9
2019-03-16,2,1,1
2019-03-17,8,2,6
2019-03-17,4,2,2
2019-03-17,2,0,2
2019-03-17,3,0,3
2019-03-17,0,0,0
2019-03-17,6,3,3
2019-03-17,3,2,1
2019-03-17,6,4,2
2019-03-17,18,12,6
2019-03-17,31,16,15
2019-03-17,38,22,16
2019-03-17,70,30,40
2019-03-17,92,45,47
2019-03-17,98,45,53
2019-03-17,94,49,45
2019-03-17,82,45,37
2019-03-17,54,29,25
2019-03-17,45,23,22
2019-03-17,25,13,12
2019-03-17,15,4,11
2019-03-17,6,3,3
2019-03-17,6,4,2
2019-03-17,5,2,3
2019-03-17,2,0,2
2019-03-18,0,0,0
2019-03-18,3,1,2
2019-03-18,3,1,2
2019-03-18,0,0,0
2019-03-18,3,3,0
2019-03-18,24,22,2
2019-03-18,77,61,16
2019-03-18,143,131,12
2019-03-18,165,152,13
2019-03-18,76,67,9
2019-03-18,27,21,6
2019-03-18,21,12,9
2019-03-18,33,18,15
2019-03-18,32,18,14
2019-03-18,50,23,27
2019-03-18,67,18,49
2019-03-18,130,27,103
2019-03-18,199,25,174
2019-03-18,121,24,97
2019-03-18,58,12,46
2019-03-18,25,10,15
2019-03-18,13,7,6
2019-03-18,6,1,5
2019-03-18,5,1,4
2019-03-19,1,0,1
2019-03-19,0,0,0
2019-03-19,1,1,0
2019-03-19,3,0,3
2019-03-19,10,7,3
2019-03-19,30,24,6
2019-03-19,83,66,17
2019-03-19,176,158,18
2019-03-19,172,158,14
2019-03-19,63,58,5
2019-03-19,40,29,11
2019-03-19,34,18,16
2019-03-19,46,33,13
2019-03-19,45,18,27
2019-03-19,43,29,14
2019-03-19,77,21,56
2019-03-19,141,24,117
2019-03-19,233,26,207
2019-03-19,122,19,103
2019-03-19,65,8,57
2019-03-19,25,10,15
2019-03-19,12,4,8
2019-03-19,12,3,9
2019-03-19,4,0,4
2019-03-20,1,0,1
2019-03-20,2,2,0
2019-03-20,2,2,0
2019-03-20,1,1,0
2019-03-20,4,3,1
2019-03-20,30,25,5
2019-03-20,88,77,11
2019-03-20,179,160,19
2019-03-20,162,152,10
2019-03-20,67,56,11
2019-03-20,35,26,9
2019-03-20,30,20,10
2019-03-20,34,15,19
2019-03-20,28,15,13
2019-03-20,43,22,21
2019-03-20,63,16,47
2019-03-20,149,22,127
2019-03-20,208,29,179
2019-03-20,144,25,119
2019-03-20,47,11,36
2019-03-20,40,17,23
2019-03-20,13,2,11
2019-03-20,7,4,3
2019-03-20,10,1,9
2019-03-21,3,1,2
2019-03-21,2,0,2
2019-03-21,3,2,1
2019-03-21,2,1,1
2019-03-21,7,3,4
2019-03-21,27,23,4
2019-03-21,73,60,13
2019-03-21,127,116,11
2019-03-21,133,124,9
2019-03-21,71,63,8
2019-03-21,33,25,8
2019-03-21,22,16,6
2019-03-21,27,20,7
2019-03-21,27,13,14
2019-03-21,34,16,18
2019-03-21,45,11,34
2019-03-21,106,10,96
2019-03-21,154,17,137
2019-03-21,84,14,70
2019-03-21,66,9,57
2019-03-21,21,5,16
2019-03-21,12,2,10
2019-03-21,7,1,6
2019-03-21,4,1,3
2019-03-22,6,2,4
2019-03-22,3,0,3
2019-03-22,3,1,2
2019-03-22,0,0,0
2019-03-22,5,2,3
2019-03-22,20,16,4
2019-03-22,47,39,8
2019-03-22,85,70,15
2019-03-22,111,99,12
2019-03-22,54,43,11
2019-03-22,34,27,7
2019-03-22,28,23,5
2019-03-22,21,7,14
2019-03-22,26,12,14
2019-03-22,41,12,29
2019-03-22,44,10,34
2019-03-22,75,11,64
2019-03-22,88,10,78
2019-03-22,49,4,45
2019-03-22,21,3,18
2019-03-22,8,1,7
2019-03-22,8,3,5
2019-03-22,12,8,4
2019-03-22,6,2,4
2019-03-23,5,2,3
2019-03-23,4,2,2
2019-03-23,0,0,0
2019-03-23,0,0,0
2019-03-23,1,1,0
2019-03-23,3,1,2
2019-03-23,3,3,0
2019-03-23,8,7,1
2019-03-23,23,16,7
2019-03-23,31,18,13
2019-03-23,52,14,38
2019-03-23,44,18,26
2019-03-23,73,47,26
2019-03-23,52,36,16
2019-03-23,71,34,37
2019-03-23,73,25,48
2019-03-23,48,21,27
2019-03-23,31,15,16
2019-03-23,25,12,13
2019-03-23,19,9,10
2019-03-23,5,4,1
2019-03-23,16,7,9
2019-03-23,11,3,8
2019-03-23,4,0,4
2019-03-24,2,2,0
2019-03-24,6,1,5
2019-03-24,1,0,1
2019-03-24,1,1,0
2019-03-24,0,0,0
2019-03-24,4,3,1
2019-03-24,11,7,4
2019-03-24,24,13,11
2019-03-24,21,12,9
2019-03-24,18,12,6
2019-03-24,42,20,22
2019-03-24,53,25,28
2019-03-24,55,35,20
2019-03-24,64,38,26
2019-03-24,48,29,19
2019-03-24,31,13,18
2019-03-24,56,18,38
2019-03-24,30,14,16
2019-03-24,16,7,9
2019-03-24,17,9,8
2019-03-24,7,3,4
2019-03-24,6,2,4
2019-03-24,3,2,1
2019-03-24,3,0,3
2019-03-25,0,0,0
2019-03-25,2,0,2
2019-03-25,0,0,0
2019-03-25,1,1,0
2019-03-25,5,5,0
2019-03-25,23,20,3
2019-03-25,73,65,8
2019-03-25,121,112,9
2019-03-25,122,112,10
2019-03-25,57,49,8
2019-03-25,28,24,4
2019-03-25,10,6,4
2019-03-25,16,8,8
2019-03-25,13,7,6
2019-03-25,22,8,14
2019-03-25,30,5,25
2019-03-25,90,10,80
2019-03-25,144,10,134
2019-03-25,80,6,74
2019-03-25,9,1,8
2019-03-25,11,3,8
2019-03-25,3,1,2
2019-03-25,7,1,6
2019-03-25,1,0,1
2019-03-26,1,0,1
2019-03-26,1,1,0
2019-03-26,1,1,0
2019-03-26,1,1,0
2019-03-26,4,2,2
2019-03-26,30,24,6
2019-03-26,75,63,12
2019-03-26,147,135,12
2019-03-26,119,113,6
2019-03-26,45,41,4
2019-03-26,16,14,2
2019-03-26,23,17,6
2019-03-26,20,15,5
2019-03-26,21,13,8
2019-03-26,30,13,17
2019-03-26,45,13,32
2019-03-26,119,23,96
2019-03-26,180,18,162
2019-03-26,114,16,98
2019-03-26,48,7,41
2019-03-26,11,5,6
2019-03-26,13,3,10
2019-03-26,8,2,6
2019-03-26,2,0,2
2019-03-27,2,1,1
2019-03-27,0,0,0
2019-03-27,2,2,0
2019-03-27,1,1,0
2019-03-27,3,1,2
2019-03-27,26,20,6
2019-03-27,82,68,14
2019-03-27,147,133,14
2019-03-27,171,162,9
2019-03-27,51,44,7
2019-03-27,35,22,13
2019-03-27,21,12,9
2019-03-27,21,14,7
2019-03-27,20,13,7
2019-03-27,28,12,16
2019-03-27,41,13,28
2019-03-27,120,17,103
2019-03-27,163,13,150
2019-03-27,129,20,109
2019-03-27,37,6,31
2019-03-27,16,2,14
2019-03-27,12,0,12
2019-03-27,7,2,5
2019-03-27,3,1,2
2019-03-28,1,0,1
2019-03-28,0,0,0
2019-03-28,1,1,0
2019-03-28,3,1,2
2019-03-28,4,3,1
2019-03-28,25,21,4
2019-03-28,76,64,12
2019-03-28,130,120,10
2019-03-28,133,123,10
2019-03-28,54,49,5
2019-03-28,17,16,1
2019-03-28,23,11,12
2019-03-28,33,23,10
2019-03-28,13,7,6
2019-03-28,38,15,23
2019-03-28,49,13,36
2019-03-28,109,27,82
2019-03-28,179,17,162
2019-03-28,103,9,94
2019-03-28,51,12,39
2019-03-28,21,6,15
2019-03-28,17,1,16
2019-03-28,8,3,5
2019-03-28,2,0,2
2019-03-29,2,0,2
2019-03-29,0,0,0
2019-03-29,1,1,0
2019-03-29,1,0,1
2019-03-29,7,5,2
2019-03-29,20,15,5
2019-03-29,65,55,10
2019-03-29,128,114,14
2019-03-29,110,103,7
2019-03-29,53,45,8
2019-03-29,19,15,4
2019-03-29,29,17,12
2019-03-29,19,8,11
2019-03-29,19,10,9
2019-03-29,31,15,16
2019-03-29,52,14,38
2019-03-29,98,22,76
2019-03-29,158,22,136
2019-03-29,80,12,68
2019-03-29,35,4,31
2019-03-29,11,4,7
2019-03-29,6,2,4
2019-03-29,11,4,7
2019-03-29,6,0,6
2019-03-30,2,0,2
2019-03-30,4,2,2
2019-03-30,4,0,4
2019-03-30,2,0,2
2019-03-30,2,2,0
2019-03-30,6,5,1
2019-03-30,9,7,2
2019-03-30,12,6,6
2019-03-30,25,19,6
2019-03-30,43,24,19
2019-03-30,90,38,52
2019-03-30,116,70,46
2019-03-30,69,30,39
2019-03-30,78,44,34
2019-03-30,89,46,43
2019-03-30,71,31,40
2019-03-30,56,21,35
2019-03-30,62,33,29
2019-03-30,30,10,20
2019-03-30,15,4,11
2019-03-30,31,12,19
2019-03-30,13,2,11
2019-03-30,22,14,8
2019-03-30,5,1,4
2019-03-31,2,1,1
2019-03-31,3,1,2
2019-03-31,0,0,0
2019-03-31,0,0,0
2019-03-31,0,0,0
2019-03-31,5,3,2
2019-03-31,3,2,1
2019-03-31,5,5,0
2019-03-31,30,21,9
2019-03-31,52,32,20
2019-03-31,55,28,27
2019-03-31,69,36,33
2019-03-31,69,46,23
2019-03-31,68,29,39
2019-03-31,78,34,44
2019-03-31,77,48,29
2019-03-31,49,21,28
2019-03-31,55,20,35
2019-03-31,21,10,11
2019-03-31,24,11,13
2019-03-31,7,0,7
2019-03-31,8,5,3
2019-03-31,5,0,5
2019-03-31,6,5,1
2019-04-01,5,1,4
2019-04-01,1,0,1
2019-04-01,2,1,1
2019-04-01,0,0,0
2019-04-01,10,8,2
2019-04-01,21,16,5
2019-04-01,85,72,13
2019-04-01,175,153,22
2019-04-01,145,134,11
2019-04-01,60,54,6
2019-04-01,25,19,6
2019-04-01,24,17,7
2019-04-01,35,21,14
2019-04-01,25,11,14
2019-04-01,41,17,24
2019-04-01,50,15,35
2019-04-01,110,11,99
2019-04-01,215,22,193
2019-04-01,117,13,104
2019-04-01,41,9,32
2019-04-01,13,6,7
2019-04-01,13,4,9
2019-04-01,4,1,3
2019-04-01,4,0,4
2019-04-02,3,1,2
2019-04-02,0,0,0
2019-04-02,4,2,2
2019-04-02,1,1,0
2019-04-02,11,8,3
2019-04-02,39,31,8
2019-04-02,94,78,16
2019-04-02,159,144,15
2019-04-02,149,139,10
2019-04-02,73,61,12
2019-04-02,25,17,8
2019-04-02,17,11,6
2019-04-02,26,15,11
2019-04-02,28,17,11
2019-04-02,28,10,18
2019-04-02,62,20,42
2019-04-02,112,14,98
2019-04-02,206,20,186
2019-04-02,118,22,96
2019-04-02,37,3,34
2019-04-02,25,6,19
2019-04-02,18,3,15
2019-04-02,10,4,6
2019-04-02,6,1,5
2019-04-03,0,0,0
2019-04-03,2,1,1
2019-04-03,2,2,0
2019-04-03,0,0,0
2019-04-03,3,2,1
2019-04-03,18,14,4
2019-04-03,74,63,11
2019-04-03,109,97,12
2019-04-03,144,133,11
2019-04-03,31,27,4
2019-04-03,15,14,1
2019-04-03,13,8,5
2019-04-03,7,4,3
2019-04-03,11,7,4
2019-04-03,25,12,13
2019-04-03,30,2,28
2019-04-03,80,11,69
2019-04-03,134,10,124
2019-04-03,82,13,69
2019-04-03,34,5,29
2019-04-03,12,1,11
2019-04-03,14,2,12
2019-04-03,5,3,2
2019-04-03,4,1,3
2019-04-04,2,1,1
2019-04-04,1,1,0
2019-04-04,2,1,1
2019-04-04,1,1,0
2019-04-04,4,4,0
2019-04-04,21,18,3
2019-04-04,75,61,14
2019-04-04,146,135,11
2019-04-04,130,120,10
2019-04-04,67,57,10
2019-04-04,27,24,3
2019-04-04,33,19,14
2019-04-04,38,21,17
2019-04-04,26,10,16
2019-04-04,34,12,22
2019-04-04,64,20,44
2019-04-04,108,26,82
2019-04-04,177,14,163
2019-04-04,89,14,75
2019-04-04,46,7,39
2019-04-04,26,3,23
2019-04-04,33,15,18
2019-04-04,8,3,5
2019-04-04,13,12,1
2019-04-05,10,5,5
2019-04-05,0,0,0
2019-04-05,1,0,1
2019-04-05,0,0,0
2019-04-05,5,3,2
2019-04-05,12,7,5
2019-04-05,40,35,5
2019-04-05,75,67,8
2019-04-05,91,81,10
2019-04-05,29,24,5
2019-04-05,15,11,4
2019-04-05,6,4,2
2019-04-05,11,5,6
2019-04-05,7,2,5
2019-04-05,7,2,5
2019-04-05,21,5,16
2019-04-05,59,7,52
2019-04-05,68,6,62
2019-04-05,46,6,40
2019-04-05,30,3,27
2019-04-05,11,4,7
2019-04-05,9,5,4
2019-04-05,2,0,2
2019-04-05,2,0,2
2019-04-06,6,3,3
2019-04-06,5,1,4
2019-04-06,6,5,1
2019-04-06,4,4,0
2019-04-06,2,2,0
2019-04-06,3,2,1
2019-04-06,2,2,0
2019-04-06,5,3,2
2019-04-06,7,5,2
2019-04-06,21,4,17
2019-04-06,11,3,8
2019-04-06,24,19,5
2019-04-06,13,9,4
2019-04-06,17,8,9
2019-04-06,16,6,10
2019-04-06,14,5,9
2019-04-06,14,7,7
2019-04-06,6,3,3
2019-04-06,16,8,8
2019-04-06,7,4,3
2019-04-06,2,0,2
2019-04-06,11,5,6
2019-04-06,5,0,5
2019-04-06,1,0,1
2019-04-07,1,1,0
2019-04-07,0,0,0
2019-04-07,0,0,0
2019-04-07,2,1,1
2019-04-07,2,1,1
2019-04-07,2,1,1
2019-04-07,4,2,2
2019-04-07,3,2,1
2019-04-07,16,11,5
2019-04-07,14,7,7
2019-04-07,10,4,6
2019-04-07,21,9,12
2019-04-07,19,11,8
2019-04-07,34,23,11
2019-04-07,41,16,25
2019-04-07,27,14,13
2019-04-07,17,8,9
2019-04-07,27,12,15
2019-04-07,17,5,12
2019-04-07,13,4,9
2019-04-07,6,1,5
2019-04-07,4,3,1
2019-04-07,3,2,1
2019-04-07,2,0,2
2019-04-08,2,1,1
2019-04-08,0,0,0
2019-04-08,0,0,0
2019-04-08,1,0,1
2019-04-08,5,5,0
2019-04-08,16,11,5
2019-04-08,56,45,11
2019-04-08,121,112,9
2019-04-08,108,98,10
2019-04-08,33,28,5
2019-04-08,21,16,5
2019-04-08,10,6,4
2019-04-08,13,9,4
2019-04-08,15,6,9
2019-04-08,25,12,13
2019-04-08,38,8,30
2019-04-08,86,16,70
2019-04-08,123,9,114
2019-04-08,59,1,58
2019-04-08,29,8,21
2019-04-08,16,5,11
2019-04-08,7,3,4
2019-04-08,1,1,0
2019-04-08,3,1,2
2019-04-09,2,2,0
2019-04-09,3,0,3
2019-04-09,2,1,1
2019-04-09,1,1,0
2019-04-09,6,5,1
2019-04-09,22,18,4
2019-04-09,59,48,11
2019-04-09,107,101,6
2019-04-09,103,98,5
2019-04-09,47,42,5
2019-04-09,21,17,4
2019-04-09,23,12,11
2019-04-09,15,4,11
2019-04-09,16,8,8
2019-04-09,26,14,12
2019-04-09,44,16,28
2019-04-09,98,21,77
2019-04-09,149,15,134
2019-04-09,86,11,75
2019-04-09,30,5,25
2019-04-09,11,2,9
2019-04-09,12,3,9
2019-04-09,4,1,3
2019-04-09,4,1,3
2019-04-10,0,0,0
2019-04-10,3,2,1
2019-04-10,3,1,2
2019-04-10,3,2,1
2019-04-10,3,2,1
2019-04-10,16,11,5
2019-04-10,63,50,13
2019-04-10,100,93,7
2019-04-10,87,80,7
2019-04-10,33,28,5
2019-04-10,22,20,2
2019-04-10,22,10,12
2019-04-10,18,13,5
2019-04-10,7,4,3
2019-04-10,19,8,11
2019-04-10,35,15,20
2019-04-10,50,5,45
2019-04-10,125,11,114
2019-04-10,82,13,69
2019-04-10,15,1,14
2019-04-10,15,4,11
2019-04-10,13,4,9
2019-04-10,8,2,6
2019-04-10,2,0,2
2019-04-11,3,2,1
2019-04-11,2,1,1
2019-04-11,2,1,1
2019-04-11,0,0,0
2019-04-11,2,1,1
2019-04-11,18,15,3
2019-04-11,47,41,6
2019-04-11,74,66,8
2019-04-11,81,73,8
2019-04-11,25,21,4
2019-04-11,14,11,3
2019-04-11,12,7,5
2019-04-11,11,5,6
2019-04-11,5,3,2
2019-04-11,11,7,4
2019-04-11,21,6,15
2019-04-11,45,7,38
2019-04-11,99,10,89
2019-04-11,62,7,55
2019-04-11,29,5,24
2019-04-11,13,5,8
2019-04-11,10,3,7
2019-04-11,6,0,6
2019-04-11,3,1,2
2019-04-12,0,0,0
2019-04-12,0,0,0
2019-04-12,2,1,1
2019-04-12,2,1,1
2019-04-12,2,1,1
2019-04-12,15,14,1
2019-04-12,52,44,8
2019-04-12,84,75,9
2019-04-12,79,71,8
2019-04-12,47,35,12
2019-04-12,23,18,5
2019-04-12,24,11,13
2019-04-12,22,15,7
2019-04-12,33,16,17
2019-04-12,28,14,14
2019-04-12,55,17,38
2019-04-12,94,20,74
2019-04-12,91,12,79
2019-04-12,69,15,54
2019-04-12,19,6,13
2019-04-12,14,7,7
2019-04-12,9,2,7
2019-04-12,9,2,7
2019-04-12,5,1,4
2019-04-13,1,0,1
2019-04-13,4,0,4
2019-04-13,0,0,0
2019-04-13,2,2,0
2019-04-13,4,1,3
2019-04-13,3,2,1
2019-04-13,6,3,3
2019-04-13,9,4,5
2019-04-13,6,2,4
2019-04-13,13,6,7
2019-04-13,12,7,5
2019-04-13,28,22,6
2019-04-13,19,12,7
2019-04-13,17,7,10
2019-04-13,10,3,7
2019-04-13,21,7,14
2019-04-13,33,8,25
2019-04-13,20,12,8
2019-04-13,25,17,8
2019-04-13,11,4,7
2019-04-13,6,2,4
2019-04-13,7,3,4
2019-04-13,3,1,2
2019-04-13,5,2,3
2019-04-14,4,2,2
2019-04-14,0,0,0
2019-04-14,0,0,0
2019-04-14,1,1,0
2019-04-14,1,1,0
2019-04-14,2,2,0
2019-04-14,3,3,0
2019-04-14,8,7,1
2019-04-14,23,15,8
2019-04-14,32,16,16
2019-04-14,31,15,16
2019-04-14,45,30,15
2019-04-14,37,14,23
2019-04-14,35,22,13
2019-04-14,25,10,15
2019-04-14,29,9,20
2019-04-14,25,11,14
2019-04-14,22,8,14
2019-04-14,6,3,3
2019-04-14,5,2,3
2019-04-14,10,2,8
2019-04-14,3,2,1
2019-04-14,3,0,3
2019-04-14,2,0,2
2019-04-15,0,0,0
2019-04-15,1,0,1
2019-04-15,2,0,2
2019-04-15,1,1,0
2019-04-15,8,7,1
2019-04-15,22,17,5
2019-04-15,88,67,21
2019-04-15,140,124,16
2019-04-15,153,140,13
2019-04-15,59,51,8
2019-04-15,28,21,7
2019-04-15,20,12,8
2019-04-15,35,19,16
2019-04-15,25,8,17
2019-04-15,35,17,18
2019-04-15,63,14,49
2019-04-15,104,19,85
2019-04-15,177,15,162
2019-04-15,108,15,93
2019-04-15,42,5,37
2019-04-15,8,2,6
2019-04-15,10,3,7
2019-04-15,5,2,3
2019-04-15,1,0,1
2019-04-16,2,2,0
2019-04-16,3,2,1
2019-04-16,4,1,3
2019-04-16,1,0,1
2019-04-16,4,3,1
2019-04-16,29,25,4
2019-04-16,88,76,12
2019-04-16,156,139,17
2019-04-16,152,139,13
2019-04-16,48,43,5
2019-04-16,22,16,6
2019-04-16,17,11,6
2019-04-16,10,6,4
2019-04-16,16,9,7
2019-04-16,22,9,13
2019-04-16,51,19,32
2019-04-16,112,18,94
2019-04-16,162,17,145
2019-04-16,106,12,94
2019-04-16,24,2,22
2019-04-16,10,0,10
2019-04-16,9,0,9
2019-04-16,8,2,6
2019-04-16,5,1,4
2019-04-17,3,1,2
2019-04-17,1,0,1
2019-04-17,4,1,3
2019-04-17,0,0,0
2019-04-17,7,4,3
2019-04-17,19,17,2
2019-04-17,82,73,9
2019-04-17,135,127,8
2019-04-17,132,122,10
2019-04-17,49,45,4
2019-04-17,22,18,4
2019-04-17,18,14,4
2019-04-17,13,7,6
2019-04-17,17,7,10
2019-04-17,24,12,12
2019-04-17,40,12,28
2019-04-17,99,23,76
2019-04-17,189,17,172
2019-04-17,108,17,91
2019-04-17,53,14,39
2019-04-17,18,5,13
2019-04-17,15,2,13
2019-04-17,7,0,7
2019-04-17,4,0,4
2019-04-18,2,0,2
2019-04-18,2,0,2
2019-04-18,2,1,1
2019-04-18,4,0,4
2019-04-18,6,5,1
2019-04-18,19,17,2
2019-04-18,64,52,12
2019-04-18,90,82,8
2019-04-18,88,83,5
2019-04-18,45,37,8
2019-04-18,14,12,2
2019-04-18,18,14,4
2019-04-18,12,9,3
2019-04-18,14,8,6
2019-04-18,20,9,11
2019-04-18,30,7,23
2019-04-18,59,12,47
2019-04-18,131,12,119
2019-04-18,69,10,59
2019-04-18,34,7,27
2019-04-18,8,1,7
2019-04-18,12,5,7
2019-04-18,5,2,3
2019-04-18,9,2,7
2019-04-19,1,0,1
2019-04-19,1,1,0
2019-04-19,1,0,1
2019-04-19,3,1,2
2019-04-19,3,2,1
2019-04-19,14,11,3
2019-04-19,43,35,8
2019-04-19,70,62,8
2019-04-19,83,78,5
2019-04-19,22,21,1
2019-04-19,13,9,4
2019-04-19,9,7,2
2019-04-19,12,4,8
2019-04-19,12,5,7
2019-04-19,16,8,8
2019-04-19,28,7,21
2019-04-19,53,10,43
2019-04-19,85,8,77
2019-04-19,43,5,38
2019-04-19,11,3,8
2019-04-19,9,5,4
2019-04-19,6,0,6
2019-04-19,5,2,3
2019-04-19,4,3,1
2019-04-20,2,0,2
2019-04-20,0,0,0
2019-04-20,1,1,0
2019-04-20,4,3,1
2019-04-20,3,1,2
2019-04-20,2,2,0
2019-04-20,19,10,9
2019-04-20,37,16,21
2019-04-20,40,34,6
2019-04-20,44,23,21
2019-04-20,52,21,31
2019-04-20,56,24,32
2019-04-20,52,23,29
2019-04-20,39,18,21
2019-04-20,0,0,0
2019-04-20,56,30,26
2019-04-20,56,32,24
2019-04-20,34,15,19
2019-04-20,35,17,18
2019-04-20,16,7,9
2019-04-20,14,6,8
2019-04-20,8,5,3
2019-04-20,3,1,2
2019-04-20,3,2,1
2019-04-21,4,0,4
2019-04-21,1,0,1
2019-04-21,1,0,1
2019-04-21,0,0,0
2019-04-21,4,2,2
2019-04-21,6,3,3
2019-04-21,3,2,1
2019-04-21,11,6,5
2019-04-21,13,10,3
2019-04-21,22,11,11
2019-04-21,27,14,13
2019-04-21,55,31,24
2019-04-21,52,22,30
2019-04-21,56,32,24
2019-04-21,59,30,29
2019-04-21,48,22,26
2019-04-21,57,32,25
2019-04-21,30,15,15
2019-04-21,26,8,18
2019-04-21,17,5,12
2019-04-21,10,5,5
2019-04-21,5,5,0
2019-04-21,1,1,0
2019-04-21,1,1,0
2019-04-22,5,1,4
2019-04-22,1,0,1
2019-04-22,0,0,0
2019-04-22,3,1,2
2019-04-22,7,5,2
2019-04-22,20,18,2
2019-04-22,68,54,14
2019-04-22,124,114,10
2019-04-22,117,108,9
2019-04-22,45,42,3
2019-04-22,30,21,9
2019-04-22,17,8,9
2019-04-22,18,10,8
2019-04-22,12,4,8
2019-04-22,22,8,14
2019-04-22,27,7,20
2019-04-22,82,15,67
2019-04-22,120,6,114
2019-04-22,77,11,66
2019-04-22,27,5,22
2019-04-22,15,4,11
2019-04-22,8,1,7
2019-04-22,7,1,6
2019-04-22,1,0,1
2019-04-23,1,1,0
2019-04-23,1,1,0
2019-04-23,6,1,5
2019-04-23,2,2,0
2019-04-23,4,1,3
2019-04-23,25,21,4
2019-04-23,79,66,13
2019-04-23,147,136,11
2019-04-23,140,134,6
2019-04-23,49,41,8
2019-04-23,22,16,6
2019-04-23,23,12,11
2019-04-23,18,13,5
2019-04-23,33,12,21
2019-04-23,25,9,16
2019-04-23,42,18,24
2019-04-23,119,21,98
2019-04-23,195,22,173
2019-04-23,107,9,98
2019-04-23,53,13,40
2019-04-23,14,1,13
2019-04-23,18,11,7
2019-04-23,7,2,5
2019-04-23,6,0,6
2019-04-24,1,0,1
2019-04-24,2,1,1
2019-04-24,3,2,1
2019-04-24,0,0,0
2019-04-24,4,2,2
2019-04-24,23,19,4
2019-04-24,97,87,10
2019-04-24,160,146,14
2019-04-24,149,141,8
2019-04-24,66,51,15
2019-04-24,36,22,14
2019-04-24,27,23,4
2019-04-24,27,9,18
2019-04-24,33,13,20
2019-04-24,41,24,17
2019-04-24,53,14,39
2019-04-24,110,14,96
2019-04-24,215,27,188
2019-04-24,132,28,104
2019-04-24,65,21,44
2019-04-24,30,10,20
2019-04-24,20,6,14
2019-04-24,14,2,12
2019-04-24,6,1,5
2019-04-25,4,3,1
2019-04-25,2,1,1
2019-04-25,5,4,1
2019-04-25,4,2,2
2019-04-25,6,4,2
2019-04-25,28,24,4
2019-04-25,78,66,12
2019-04-25,147,132,15
2019-04-25,164,139,25
2019-04-25,70,59,11
2019-04-25,29,22,7
2019-04-25,16,8,8
2019-04-25,23,10,13
2019-04-25,33,21,12
2019-04-25,32,12,20
2019-04-25,53,20,33
2019-04-25,106,19,87
2019-04-25,168,14,154
2019-04-25,99,7,92
2019-04-25,48,10,38
2019-04-25,22,6,16
2019-04-25,15,1,14
2019-04-25,3,1,2
2019-04-25,9,3,6
2019-04-26,7,4,3
2019-04-26,3,1,2
2019-04-26,3,1,2
2019-04-26,4,1,3
2019-04-26,4,2,2
2019-04-26,24,21,3
2019-04-26,66,57,9
2019-04-26,133,123,10
2019-04-26,148,137,11
2019-04-26,56,44,12
2019-04-26,24,17,7
2019-04-26,17,7,10
2019-04-26,23,12,11
2019-04-26,34,17,17
2019-04-26,49,20,29
2019-04-26,58,21,37
2019-04-26,136,26,110
2019-04-26,159,20,139
2019-04-26,81,15,66
2019-04-26,28,8,20
2019-04-26,8,1,7
2019-04-26,16,6,10
2019-04-26,3,1,2
2019-04-26,6,1,5
2019-04-27,4,1,3
2019-04-27,3,2,1
2019-04-27,6,1,5
2019-04-27,1,0,1
2019-04-27,3,2,1
2019-04-27,5,4,1
2019-04-27,10,6,4
2019-04-27,23,15,8
2019-04-27,27,23,4
2019-04-27,31,17,14
2019-04-27,39,20,19
2019-04-27,52,27,25
2019-04-27,53,22,31
2019-04-27,64,28,36
2019-04-27,56,28,28
2019-04-27,58,23,35
2019-04-27,29,13,16
2019-04-27,28,11,17
2019-04-27,27,14,13
2019-04-27,25,10,15
2019-04-27,9,6,3
2019-04-27,5,2,3
2019-04-27,3,2,1
2019-04-27,10,6,4
2019-04-28,3,0,3
2019-04-28,0,0,0
2019-04-28,2,1,1
2019-04-28,0,0,0
2019-04-28,3,3,0
2019-04-28,1,1,0
2019-04-28,10,5,5
2019-04-28,13,11,2
2019-04-28,31,19,12
2019-04-28,28,19,9
2019-04-28,52,27,25
2019-04-28,78,49,29
2019-04-28,83,41,42
2019-04-28,65,33,32
2019-04-28,87,39,48
2019-04-28,94,43,51
2019-04-28,84,27,57
2019-04-28,50,19,31
2019-04-28,32,17,15
2019-04-28,21,15,6
2019-04-28,13,10,3
2019-04-28,10,2,8
2019-04-28,6,2,4
2019-04-28,5,3,2
2019-04-29,1,0,1
2019-04-29,3,1,2
2019-04-29,1,1,0
2019-04-29,4,2,2
2019-04-29,3,1,2
2019-04-29,24,20,4
2019-04-29,85,72,13
2019-04-29,178,159,19
2019-04-29,161,152,9
2019-04-29,68,60,8
2019-04-29,28,24,4
2019-04-29,21,12,9
2019-04-29,28,17,11
2019-04-29,24,11,13
2019-04-29,36,14,22
2019-04-29,64,19,45
2019-04-29,127,11,116
2019-04-29,207,10,197
2019-04-29,131,15,116
2019-04-29,43,13,30
2019-04-29,17,5,12
2019-04-29,7,1,6
2019-04-29,4,2,2
2019-04-29,2,1,1
2019-04-30,2,1,1
2019-04-30,1,0,1
2019-04-30,2,0,2
2019-04-30,4,3,1
2019-04-30,4,3,1
2019-04-30,26,21,5
2019-04-30,92,79,13
2019-04-30,172,156,16
2019-04-30,190,179,11
2019-04-30,69,56,13
2019-04-30,24,18,6
2019-04-30,42,23,19
2019-04-30,21,11,10
2019-04-30,34,15,19
2019-04-30,30,16,14
2019-04-30,59,10,49
2019-04-30,146,33,113
2019-04-30,227,30,197
2019-04-30,138,18,120
2019-04-30,50,10,40
2019-04-30,18,6,12
2019-04-30,18,7,11
2019-04-30,16,0,16
2019-04-30,3,1,2
2019-05-01,1,0,1
2019-05-01,2,0,2
2019-05-01,3,2,1
2019-05-01,2,1,1
2019-05-01,4,3,1
2019-05-01,27,21,6
2019-05-01,119,99,20
2019-05-01,200,187,13
2019-05-01,188,178,10
2019-05-01,74,62,12
2019-05-01,31,24,7
2019-05-01,30,11,19
2019-05-01,19,12,7
2019-05-01,25,11,14
2019-05-01,51,29,22
2019-05-01,78,25,53
2019-05-01,153,27,126
2019-05-01,247,28,219
2019-05-01,155,28,127
2019-05-01,64,9,55
2019-05-01,35,11,24
2019-05-01,15,3,12
2019-05-01,7,0,7
2019-05-01,7,1,6
2019-05-02,2,1,1
2019-05-02,0,0,0
2019-05-02,4,2,2
2019-05-02,2,1,1
2019-05-02,9,8,1
2019-05-02,25,20,5
2019-05-02,87,73,14
2019-05-02,174,160,14
2019-05-02,170,157,13
2019-05-02,55,49,6
2019-05-02,29,24,5
2019-05-02,29,21,8
2019-05-02,28,18,10
2019-05-02,23,14,9
2019-05-02,34,13,21
2019-05-02,52,15,37
2019-05-02,118,22,96
2019-05-02,176,12,164
2019-05-02,126,14,112
2019-05-02,54,7,47
2019-05-02,34,6,28
2019-05-02,19,4,15
2019-05-02,17,4,13
2019-05-02,4,0,4
2019-05-03,3,1,2
2019-05-03,5,4,1
2019-05-03,2,0,2
2019-05-03,4,4,0
2019-05-03,4,2,2
2019-05-03,15,12,3
2019-05-03,69,57,12
2019-05-03,140,124,16
2019-05-03,126,112,14
2019-05-03,61,53,8
2019-05-03,30,22,8
2019-05-03,17,13,4
2019-05-03,22,12,10
2019-05-03,26,11,15
2019-05-03,37,12,25
2019-05-03,48,9,39
2019-05-03,122,22,100
2019-05-03,151,13,138
2019-05-03,101,15,86
2019-05-03,31,12,19
2019-05-03,16,10,6
2019-05-03,17,5,12
2019-05-03,2,0,2
2019-05-03,10,2,8
2019-05-04,4,2,2
2019-05-04,4,2,2
2019-05-04,2,2,0
2019-05-04,2,1,1
2019-05-04,3,2,1
2019-05-04,2,2,0
2019-05-04,14,8,6
2019-05-04,21,16,5
2019-05-04,35,22,13
2019-05-04,34,20,14
2019-05-04,64,30,34
2019-05-04,80,43,37
2019-05-04,87,49,38
2019-05-04,53,20,33
2019-05-04,73,35,38
2019-05-04,102,53,49
2019-05-04,64,25,39
2019-05-04,44,24,20
2019-05-04,46,25,21
2019-05-04,34,14,20
2019-05-04,17,8,9
2019-05-04,6,4,2
2019-05-04,9,4,5
2019-05-04,2,0,2
2019-05-05,9,3,6
2019-05-05,0,0,0
2019-05-05,1,0,1
2019-05-05,0,0,0
2019-05-05,2,1,1
2019-05-05,6,5,1
2019-05-05,16,8,8
2019-05-05,11,9,2
2019-05-05,60,40,20
2019-05-05,44,30,14
2019-05-05,54,27,27
2019-05-05,77,36,41
2019-05-05,80,39,41
2019-05-05,104,43,61
2019-05-05,82,41,41
2019-05-05,73,30,43
2019-05-05,95,42,53
2019-05-05,34,17,17
2019-05-05,36,16,20
2019-05-05,17,11,6
2019-05-05,17,4,13
2019-05-05,19,9,10
2019-05-05,4,2,2
2019-05-05,1,1,0
2019-05-06,2,1,1
2019-05-06,3,1,2
2019-05-06,1,0,1
2019-05-06,3,1,2
2019-05-06,6,6,0
2019-05-06,25,19,6
2019-05-06,94,84,10
2019-05-06,181,170,11
2019-05-06,220,203,17
2019-05-06,81,67,14
2019-05-06,35,26,9
2019-05-06,23,14,9
2019-05-06,25,15,10
2019-05-06,38,11,27
2019-05-06,43,14,29
2019-05-06,82,22,60
2019-05-06,151,22,129
2019-05-06,242,20,222
2019-05-06,132,21,111
2019-05-06,59,19,40
2019-05-06,29,8,21
2019-05-06,7,2,5
2019-05-06,12,3,9
2019-05-06,3,1,2
2019-05-07,0,0,0
2019-05-07,0,0,0
2019-05-07,4,2,2
2019-05-07,1,0,1
2019-05-07,7,4,3
2019-05-07,29,27,2
2019-05-07,123,111,12
2019-05-07,210,191,19
2019-05-07,207,190,17
2019-05-07,64,50,14
2019-05-07,34,28,6
2019-05-07,30,22,8
2019-05-07,19,12,7
2019-05-07,26,11,15
2019-05-07,45,16,29
2019-05-07,62,17,45
2019-05-07,170,29,141
2019-05-07,252,30,222
2019-05-07,139,14,125
2019-05-07,98,26,72
2019-05-07,36,15,21
2019-05-07,13,3,10
2019-05-07,7,1,6
2019-05-07,8,1,7
2019-05-08,0,0,0
2019-05-08,2,1,1
2019-05-08,3,2,1
2019-05-08,0,0,0
2019-05-08,8,7,1
2019-05-08,31,28,3
2019-05-08,107,94,13
2019-05-08,186,173,13
2019-05-08,212,196,16
2019-05-08,57,49,8
2019-05-08,35,22,13
2019-05-08,20,14,6
2019-05-08,26,16,10
2019-05-08,27,8,19
2019-05-08,41,24,17
2019-05-08,80,19,61
2019-05-08,141,22,119
2019-05-08,270,22,248
2019-05-08,141,23,118
2019-05-08,78,16,62
2019-05-08,32,4,28
2019-05-08,32,16,16
2019-05-08,12,6,6
2019-05-08,10,3,7
2019-05-09,4,1,3
2019-05-09,0,0,0
2019-05-09,5,4,1
2019-05-09,5,0,5
2019-05-09,8,6,2
2019-05-09,42,34,8
2019-05-09,123,102,21
2019-05-09,190,172,18
2019-05-09,203,190,13
2019-05-09,82,68,14
2019-05-09,36,23,13
2019-05-09,46,25,21
2019-05-09,36,20,16
2019-05-09,42,18,24
2019-05-09,40,21,19
2019-05-09,67,13,54
2019-05-09,163,38,125
2019-05-09,249,30,219
2019-05-09,137,20,117
2019-05-09,69,14,55
2019-05-09,30,9,21
2019-05-09,16,7,9
2019-05-09,16,5,11
2019-05-09,8,2,6
2019-05-10,5,3,2
2019-05-10,2,1,1
2019-05-10,3,2,1
2019-05-10,1,0,1
2019-05-10,7,6,1
2019-05-10,19,15,4
2019-05-10,111,95,16
2019-05-10,176,158,18
2019-05-10,170,158,12
2019-05-10,74,53,21
2019-05-10,45,24,21
2019-05-10,23,14,9
2019-05-10,34,18,16
2019-05-10,49,22,27
2019-05-10,50,18,32
2019-05-10,78,17,61
2019-05-10,141,26,115
2019-05-10,211,26,185
2019-05-10,107,16,91
2019-05-10,51,15,36
2019-05-10,50,12,38
2019-05-10,16,11,5
2019-05-10,12,9,3
2019-05-10,10,1,9
2019-05-11,6,1,5
2019-05-11,2,1,1
2019-05-11,7,3,4
2019-05-11,0,0,0
2019-05-11,4,1,3
2019-05-11,6,4,2
2019-05-11,23,15,8
2019-05-11,22,13,9
2019-05-11,54,29,25
2019-05-11,52,30,22
2019-05-11,88,47,41
2019-05-11,84,30,54
2019-05-11,95,39,56
2019-05-11,98,43,55
2019-05-11,98,49,49
2019-05-11,67,34,33
2019-05-11,66,34,32
2019-05-11,60,41,19
2019-05-11,39,28,11
2019-05-11,25,13,12
2019-05-11,15,7,8
2019-05-11,28,6,22
2019-05-11,18,4,14
2019-05-11,3,0,3
2019-05-12,3,1,2
2019-05-12,1,0,1
2019-05-12,2,2,0
2019-05-12,1,0,1
2019-05-12,0,0,0
2019-05-12,8,5,3
2019-05-12,5,4,1
2019-05-12,10,8,2
2019-05-12,12,6,6
2019-05-12,29,13,16
2019-05-12,32,18,14
2019-05-12,27,13,14
2019-05-12,49,12,37
2019-05-12,37,20,17
2019-05-12,44,13,31
2019-05-12,53,30,23
2019-05-12,35,17,18
2019-05-12,30,17,13
2019-05-12,32,14,18
2019-05-12,20,10,10
2019-05-12,19,10,9
2019-05-12,4,2,2
2019-05-12,6,0,6
2019-05-12,1,1,0
2019-05-13,0,0,0
2019-05-13,1,1,0
2019-05-13,1,0,1
2019-05-13,1,1,0
2019-05-13,8,6,2
2019-05-13,27,22,5
2019-05-13,97,87,10
2019-05-13,181,170,11
2019-05-13,186,170,16
2019-05-13,81,64,17
2019-05-13,26,19,7
2019-05-13,20,11,9
2019-05-13,13,3,10
2019-05-13,20,7,13
2019-05-13,27,7,20
2019-05-13,50,11,39
2019-05-13,123,17,106
2019-05-13,245,20,225
2019-05-13,126,13,113
2019-05-13,77,27,50
2019-05-13,38,18,20
2019-05-13,18,7,11
2019-05-13,6,1,5
2019-05-13,3,0,3
2019-05-14,0,0,0
2019-05-14,0,0,0
2019-05-14,3,2,1
2019-05-14,0,0,0
2019-05-14,3,1,2
2019-05-14,30,26,4
2019-05-14,93,78,15
2019-05-14,136,119,17
2019-05-14,126,118,8
2019-05-14,42,35,7
2019-05-14,14,11,3
2019-05-14,15,12,3
2019-05-14,5,4,1
2019-05-14,11,3,8
2019-05-14,10,5,5
2019-05-14,30,10,20
2019-05-14,104,20,84
2019-05-14,180,11,169
2019-05-14,82,7,75
2019-05-14,49,16,33
2019-05-14,19,3,16
2019-05-14,7,2,5
2019-05-14,10,1,9
2019-05-14,4,1,3
2019-05-15,1,0,1
2019-05-15,1,1,0
2019-05-15,4,1,3
2019-05-15,3,2,1
2019-05-15,7,6,1
2019-05-15,19,15,4
2019-05-15,86,71,15
2019-05-15,120,106,14
2019-05-15,224,212,12
2019-05-15,57,48,9
2019-05-15,29,21,8
2019-05-15,54,27,27
2019-05-15,32,15,17
2019-05-15,51,30,21
2019-05-15,38,14,24
2019-05-15,56,17,39
2019-05-15,109,21,88
2019-05-15,164,13,151
2019-05-15,96,8,88
2019-05-15,58,16,42
2019-05-15,17,1,16
2019-05-15,13,3,10
2019-05-15,4,1,3
2019-05-15,4,2,2
2019-05-16,1,0,1
2019-05-16,3,2,1
2019-05-16,2,1,1
2019-05-16,0,0,0
2019-05-16,6,5,1
2019-05-16,32,27,5
2019-05-16,75,65,10
2019-05-16,144,129,15
2019-05-16,146,138,8
2019-05-16,55,47,8
2019-05-16,26,19,7
2019-05-16,23,15,8
2019-05-16,15,9,6
2019-05-16,14,4,10
2019-05-16,17,7,10
2019-05-16,33,3,30
2019-05-16,97,18,79
2019-05-16,155,12,143
2019-05-16,100,10,90
2019-05-16,36,8,28
2019-05-16,15,1,14
2019-05-16,16,3,13
2019-05-16,6,2,4
2019-05-16,3,0,3
2019-05-17,2,2,0
2019-05-17,3,1,2
2019-05-17,2,2,0
2019-05-17,1,1,0
2019-05-17,7,5,2
2019-05-17,26,22,4
2019-05-17,82,73,9
2019-05-17,137,120,17
2019-05-17,163,149,14
2019-05-17,54,45,9
2019-05-17,17,10,7
2019-05-17,34,20,14
2019-05-17,54,22,32
2019-05-17,41,29,12
2019-05-17,45,17,28
2019-05-17,55,17,38
2019-05-17,107,22,85
2019-05-17,199,30,169
2019-05-17,101,17,84
2019-05-17,45,10,35
2019-05-17,19,8,11
2019-05-17,15,2,13
2019-05-17,7,4,3
2019-05-17,4,2,2
2019-05-18,5,2,3
2019-05-18,2,0,2
2019-05-18,2,0,2
2019-05-18,0,0,0
2019-05-18,2,1,1
2019-05-18,14,10,4
2019-05-18,10,6,4
2019-05-18,17,8,9
2019-05-18,38,28,10
2019-05-18,56,27,29
2019-05-18,62,34,28
2019-05-18,73,36,37
2019-05-18,79,30,49
2019-05-18,82,38,44
2019-05-18,103,34,69
2019-05-18,84,43,41
2019-05-18,68,36,32
2019-05-18,67,24,43
2019-05-18,47,25,22
2019-05-18,24,15,9
2019-05-18,11,7,4
2019-05-18,13,1,12
2019-05-18,8,2,6
2019-05-18,6,0,6
2019-05-19,4,1,3
2019-05-19,1,0,1
2019-05-19,1,0,1
2019-05-19,1,0,1
2019-05-19,3,1,2
2019-05-19,4,2,2
2019-05-19,6,4,2
2019-05-19,11,9,2
2019-05-19,27,19,8
2019-05-19,37,21,16
2019-05-19,24,8,16
2019-05-19,37,20,17
2019-05-19,42,19,23
2019-05-19,66,37,29
2019-05-19,65,32,33
2019-05-19,62,27,35
2019-05-19,64,28,36
2019-05-19,46,25,21
2019-05-19,28,13,15
2019-05-19,21,10,11
2019-05-19,14,6,8
2019-05-19,11,7,4
2019-05-19,6,2,4
2019-05-19,2,1,1
2019-05-20,1,0,1
2019-05-20,3,1,2
2019-05-20,1,1,0
2019-05-20,0,0,0
2019-05-20,9,9,0
2019-05-20,26,20,6
2019-05-20,75,67,8
2019-05-20,128,118,10
2019-05-20,175,168,7
2019-05-20,51,49,2
2019-05-20,30,25,5
2019-05-20,14,8,6
2019-05-20,22,10,12
2019-05-20,12,4,8
2019-05-20,18,9,9
2019-05-20,29,4,25
2019-05-20,95,16,79
2019-05-20,178,11,167
2019-05-20,102,11,91
2019-05-20,33,9,24
2019-05-20,16,4,12
2019-05-20,11,5,6
2019-05-20,3,1,2
2019-05-20,2,0,2
2019-05-21,1,1,0
2019-05-21,0,0,0
2019-05-21,1,1,0
2019-05-21,1,0,1
2019-05-21,7,6,1
2019-05-21,26,24,2
2019-05-21,84,73,11
2019-05-21,148,134,14
2019-05-21,183,172,11
2019-05-21,61,54,7
2019-05-21,23,17,6
2019-05-21,28,19,9
2019-05-21,20,11,9
2019-05-21,19,10,9
2019-05-21,21,8,13
2019-05-21,56,9,47
2019-05-21,114,17,97
2019-05-21,223,24,199
2019-05-21,91,12,79
2019-05-21,61,12,49
2019-05-21,25,7,18
2019-05-21,17,3,14
2019-05-21,8,5,3
2019-05-21,2,0,2
2019-05-22,4,1,3
2019-05-22,1,1,0
2019-05-22,4,2,2
2019-05-22,1,1,0
2019-05-22,4,3,1
2019-05-22,23,20,3
2019-05-22,122,107,15
2019-05-22,179,165,14
2019-05-22,193,179,14
2019-05-22,73,61,12
2019-05-22,38,26,12
2019-05-22,30,20,10
2019-05-22,30,19,11
2019-05-22,46,18,28
2019-05-22,51,26,25
2019-05-22,86,26,60
2019-05-22,139,20,119
2019-05-22,263,29,234
2019-05-22,168,30,138
2019-05-22,64,11,53
2019-05-22,40,9,31
2019-05-22,33,7,26
2019-05-22,10,3,7
2019-05-22,20,8,12
2019-05-23,5,2,3
2019-05-23,1,1,0
2019-05-23,4,2,2
2019-05-23,2,2,0
2019-05-23,6,4,2
2019-05-23,16,12,4
2019-05-23,120,102,18
2019-05-23,170,153,17
2019-05-23,210,193,17
2019-05-23,92,79,13
2019-05-23,30,24,6
2019-05-23,42,20,22
2019-05-23,36,19,17
2019-05-23,52,24,28
2019-05-23,40,18,22
2019-05-23,72,22,50
2019-05-23,144,31,113
2019-05-23,246,32,214
2019-05-23,155,25,130
2019-05-23,56,14,42
2019-05-23,34,7,27
2019-05-23,16,3,13
2019-05-23,14,2,12
2019-05-23,9,1,8
2019-05-24,3,2,1
2019-05-24,0,0,0
2019-05-24,2,1,1
2019-05-24,1,0,1
2019-05-24,5,2,3
2019-05-24,16,13,3
2019-05-24,63,54,9
2019-05-24,111,94,17
2019-05-24,120,114,6
2019-05-24,47,41,6
2019-05-24,21,9,12
2019-05-24,24,15,9
2019-05-24,16,7,9
2019-05-24,47,21,26
2019-05-24,58,20,38
2019-05-24,51,8,43
2019-05-24,93,13,80
2019-05-24,121,18,103
2019-05-24,65,11,54
2019-05-24,24,6,18
2019-05-24,12,1,11
2019-05-24,10,2,8
2019-05-24,12,4,8
2019-05-24,1,0,1
2019-05-25,4,0,4
2019-05-25,4,1,3
2019-05-25,1,0,1
2019-05-25,4,3,1
2019-05-25,1,1,0
2019-05-25,1,0,1
2019-05-25,6,4,2
2019-05-25,21,12,9
2019-05-25,15,7,8
2019-05-25,27,17,10
2019-05-25,42,24,18
2019-05-25,22,11,11
2019-05-25,11,6,5
2019-05-25,14,6,8
2019-05-25,11,5,6
2019-05-25,7,3,4
2019-05-25,10,1,9
2019-05-25,9,4,5
2019-05-25,15,6,9
2019-05-25,8,3,5
2019-05-25,5,0,5
2019-05-25,3,2,1
2019-05-25,1,1,0
2019-05-25,2,1,1
2019-05-26,1,1,0
2019-05-26,1,1,0
2019-05-26,1,0,1
2019-05-26,1,1,0
2019-05-26,3,3,0
2019-05-26,6,3,3
2019-05-26,22,20,2
2019-05-26,33,27,6
2019-05-26,54,26,28
2019-05-26,77,22,55
2019-05-26,56,24,32
2019-05-26,45,20,25
2019-05-26,72,32,40
2019-05-26,95,57,38
2019-05-26,65,40,25
2019-05-26,60,30,30
2019-05-26,58,29,29
2019-05-26,39,18,21
2019-05-26,29,12,17
2019-05-26,20,11,9
2019-05-26,26,11,15
2019-05-26,12,7,5
2019-05-26,6,2,4
2019-05-26,6,4,2
2019-05-27,3,1,2
2019-05-27,1,0,1
2019-05-27,0,0,0
2019-05-27,2,0,2
2019-05-27,2,2,0
2019-05-27,8,3,5
2019-05-27,14,12,2
2019-05-27,23,17,6
2019-05-27,36,20,16
2019-05-27,51,20,31
2019-05-27,78,35,43
2019-05-27,104,51,53
2019-05-27,101,53,48
2019-05-27,121,55,66
2019-05-27,122,55,67
2019-05-27,113,68,45
2019-05-27,90,51,39
2019-05-27,67,27,40
2019-05-27,50,27,23
2019-05-27,42,22,20
2019-05-27,28,11,17
2019-05-27,10,5,5
2019-05-27,8,3,5
2019-05-27,5,1,4
2019-05-28,4,3,1
2019-05-28,1,0,1
2019-05-28,1,1,0
2019-05-28,1,1,0
2019-05-28,5,3,2
2019-05-28,32,27,5
2019-05-28,98,89,9
2019-05-28,196,178,18
2019-05-28,195,183,12
2019-05-28,58,50,8
2019-05-28,37,30,7
2019-05-28,23,18,5
2019-05-28,25,11,14
2019-05-28,27,13,14
2019-05-28,26,6,20
2019-05-28,49,9,40
2019-05-28,104,13,91
2019-05-28,231,24,207
2019-05-28,131,13,118
2019-05-28,67,13,54
2019-05-28,19,4,15
2019-05-28,13,3,10
2019-05-28,9,2,7
2019-05-28,4,0,4
2019-05-29,3,1,2
2019-05-29,0,0,0
2019-05-29,6,4,2
2019-05-29,1,1,0
2019-05-29,6,4,2
2019-05-29,29,24,5
2019-05-29,116,102,14
2019-05-29,200,185,15
2019-05-29,203,190,13
2019-05-29,75,68,7
2019-05-29,34,26,8
2019-05-29,31,21,10
2019-05-29,31,16,15
2019-05-29,35,22,13
2019-05-29,40,18,22
2019-05-29,62,14,48
2019-05-29,138,26,112
2019-05-29,254,23,231
2019-05-29,148,21,127
2019-05-29,62,15,47
2019-05-29,42,7,35
2019-05-29,28,8,20
2019-05-29,13,5,8
2019-05-29,5,2,3
2019-05-30,0,0,0
2019-05-30,1,1,0
2019-05-30,4,1,3
2019-05-30,1,1,0
2019-05-30,4,3,1
2019-05-30,30,25,5
2019-05-30,116,102,14
2019-05-30,201,181,20
2019-05-30,188,169,19
2019-05-30,74,67,7
2019-05-30,33,28,5
2019-05-30,21,12,9
2019-05-30,23,14,9
2019-05-30,26,10,16
2019-05-30,40,14,26
2019-05-30,73,21,52
2019-05-30,137,21,116
2019-05-30,205,20,185
2019-05-30,159,19,140
2019-05-30,88,19,69
2019-05-30,38,8,30
2019-05-30,30,10,20
2019-05-30,19,10,9
2019-05-30,15,7,8
2019-05-31,5,2,3
2019-05-31,2,0,2
2019-05-31,1,0,1
2019-05-31,2,2,0
2019-05-31,5,4,1
2019-05-31,26,24,2
2019-05-31,79,74,5
2019-05-31,152,138,14
2019-05-31,145,131,14
2019-05-31,57,53,4
2019-05-31,20,15,5
2019-05-31,31,17,14
2019-05-31,20,11,9
2019-05-31,35,20,15
2019-05-31,40,14,26
2019-05-31,71,20,51
2019-05-31,101,19,82
2019-05-31,179,23,156
2019-05-31,109,17,92
2019-05-31,50,13,37
2019-05-31,30,14,16
2019-05-31,12,4,8
2019-05-31,10,1,9
2019-05-31,14,8,6
2019-06-01,6,1,5
2019-06-01,1,0,1
2019-06-01,7,3,4
2019-06-01,0,0,0
2019-06-01,3,2,1
2019-06-01,4,3,1
2019-06-01,16,11,5
2019-06-01,25,15,10
2019-06-01,33,20,13
2019-06-01,36,21,15
2019-06-01,96,33,63
2019-06-01,56,32,24
2019-06-01,48,27,21
2019-06-01,57,25,32
2019-06-01,69,33,36
2019-06-01,49,15,34
2019-06-01,60,27,33
2019-06-01,63,31,32
2019-06-01,44,18,26
2019-06-01,36,20,16
2019-06-01,25,12,13
2019-06-01,21,12,9
2019-06-01,7,1,6
2019-06-01,3,3,0
2019-06-02,2,1,1
2019-06-02,4,1,3
2019-06-02,0,0,0
2019-06-02,1,0,1
2019-06-02,2,0,2
2019-06-02,2,0,2
2019-06-02,11,8,3
2019-06-02,14,11,3
2019-06-02,38,21,17
2019-06-02,62,26,36
2019-06-02,106,45,61
2019-06-02,112,59,53
2019-06-02,109,50,59
2019-06-02,87,42,45
2019-06-02,84,56,28
2019-06-02,82,37,45
2019-06-02,67,32,35
2019-06-02,45,22,23
2019-06-02,56,29,27
2019-06-02,15,5,10
2019-06-02,13,7,6
2019-06-02,9,4,5
2019-06-02,7,3,4
2019-06-02,1,0,1
2019-06-03,1,0,1
2019-06-03,3,1,2
2019-06-03,0,0,0
2019-06-03,0,0,0
2019-06-03,2,2,0
2019-06-03,22,15,7
2019-06-03,103,91,12
2019-06-03,193,169,24
2019-06-03,183,167,16
2019-06-03,71,59,12
2019-06-03,40,28,12
2019-06-03,18,12,6
2019-06-03,21,15,6
2019-06-03,21,12,9
2019-06-03,27,10,17
2019-06-03,60,13,47
2019-06-03,125,15,110
2019-06-03,227,22,205
2019-06-03,150,19,131
2019-06-03,66,22,44
2019-06-03,15,4,11
2019-06-03,22,6,16
2019-06-03,9,1,8
2019-06-03,2,0,2
2019-06-04,0,0,0
2019-06-04,1,0,1
2019-06-04,3,2,1
2019-06-04,0,0,0
2019-06-04,4,2,2
2019-06-04,26,19,7
2019-06-04,121,108,13
2019-06-04,196,182,14
2019-06-04,201,186,15
2019-06-04,62,54,8
2019-06-04,25,19,6
2019-06-04,28,19,9
2019-06-04,37,21,16
2019-06-04,31,16,15
2019-06-04,30,13,17
2019-06-04,64,17,47
2019-06-04,140,18,122
2019-06-04,258,32,226
2019-06-04,163,32,131
2019-06-04,69,12,57
2019-06-04,61,13,48
2019-06-04,28,8,20
2019-06-04,17,10,7
2019-06-04,7,5,2
2019-06-05,9,7,2
2019-06-05,3,2,1
2019-06-05,2,1,1
2019-06-05,0,0,0
2019-06-05,4,2,2
2019-06-05,25,22,3
2019-06-05,120,105,15
2019-06-05,194,177,17
2019-06-05,173,158,15
2019-06-05,77,59,18
2019-06-05,32,20,12
2019-06-05,22,19,3
2019-06-05,29,19,10
2019-06-05,25,6,19
2019-06-05,32,17,15
2019-06-05,43,10,33
2019-06-05,136,23,113
2019-06-05,224,23,201
2019-06-05,139,20,119
2019-06-05,51,13,38
2019-06-05,34,6,28
2019-06-05,29,7,22
2019-06-05,7,3,4
2019-06-05,8,2,6
2019-06-06,6,3,3
2019-06-06,1,0,1
2019-06-06,3,1,2
2019-06-06,2,0,2
2019-06-06,1,1,0
2019-06-06,22,20,2
2019-06-06,91,80,11
2019-06-06,133,117,16
2019-06-06,161,149,12
2019-06-06,60,49,11
2019-06-06,31,23,8
2019-06-06,17,9,8
2019-06-06,20,12,8
2019-06-06,24,15,9
2019-06-06,43,17,26
2019-06-06,59,15,44
2019-06-06,83,12,71
2019-06-06,164,11,153
2019-06-06,103,14,89
2019-06-06,54,15,39
2019-06-06,23,3,20
2019-06-06,17,5,12
2019-06-06,8,2,6
2019-06-06,3,2,1
2019-06-07,1,0,1
2019-06-07,3,2,1
2019-06-07,3,2,1
2019-06-07,0,0,0
2019-06-07,3,2,1
2019-06-07,20,18,2
2019-06-07,40,36,4
2019-06-07,99,89,10
2019-06-07,127,116,11
2019-06-07,50,41,9
2019-06-07,13,9,4
2019-06-07,17,14,3
2019-06-07,12,6,6
2019-06-07,19,7,12
2019-06-07,16,5,11
2019-06-07,47,11,36
2019-06-07,68,8,60
2019-06-07,107,13,94
2019-06-07,57,10,47
2019-06-07,28,7,21
2019-06-07,13,3,10
2019-06-07,15,4,11
2019-06-07,33,30,3
2019-06-07,12,7,5
2019-06-08,9,1,8
2019-06-08,1,1,0
2019-06-08,3,0,3
2019-06-08,1,0,1
2019-06-08,1,1,0
2019-06-08,2,0,2
2019-06-08,14,13,1
2019-06-08,34,14,20
2019-06-08,28,11,17
2019-06-08,34,17,17
2019-06-08,51,17,34
2019-06-08,74,48,26
2019-06-08,52,25,27
2019-06-08,80,44,36
2019-06-08,100,60,40
2019-06-08,89,43,46
2019-06-08,70,31,39
2019-06-08,61,31,30
2019-06-08,55,21,34
2019-06-08,35,13,22
2019-06-08,30,20,10
2019-06-08,10,2,8
2019-06-08,11,6,5
2019-06-08,3,0,3
2019-06-09,6,3,3
2019-06-09,2,1,1
2019-06-09,4,0,4
2019-06-09,1,0,1
2019-06-09,0,0,0
2019-06-09,4,3,1
2019-06-09,6,5,1
2019-06-09,21,14,7
2019-06-09,36,24,12
2019-06-09,29,19,10
2019-06-09,58,27,31
2019-06-09,72,29,43
2019-06-09,92,35,57
2019-06-09,87,47,40
2019-06-09,113,73,40
2019-06-09,61,34,27
2019-06-09,48,21,27
2019-06-09,48,20,28
2019-06-09,30,12,18
2019-06-09,21,8,13
2019-06-09,33,18,15
2019-06-09,12,6,6
2019-06-09,6,4,2
2019-06-09,1,0,1
2019-06-10,2,1,1
2019-06-10,1,0,1
2019-06-10,1,0,1
2019-06-10,0,0,0
2019-06-10,4,4,0
2019-06-10,25,22,3
2019-06-10,90,78,12
2019-06-10,158,143,15
2019-06-10,194,181,13
2019-06-10,70,63,7
2019-06-10,37,23,14
2019-06-10,37,18,19
2019-06-10,30,19,11
2019-06-10,46,20,26
2019-06-10,31,10,21
2019-06-10,64,15,49
2019-06-10,140,23,117
2019-06-10,209,24,185
2019-06-10,130,15,115
2019-06-10,56,14,42
2019-06-10,28,8,20
2019-06-10,14,1,13
2019-06-10,10,5,5
2019-06-10,5,1,4
2019-06-11,1,0,1
2019-06-11,1,0,1
2019-06-11,2,1,1
2019-06-11,1,1,0
2019-06-11,8,6,2
2019-06-11,41,37,4
2019-06-11,125,106,19
2019-06-11,223,205,18
2019-06-11,183,169,14
2019-06-11,84,68,16
2019-06-11,36,28,8
2019-06-11,33,16,17
2019-06-11,23,9,14
2019-06-11,35,16,19
2019-06-11,35,16,19
2019-06-11,69,14,55
2019-06-11,157,29,128
2019-06-11,242,18,224
2019-06-11,145,20,125
2019-06-11,99,23,76
2019-06-11,46,15,31
2019-06-11,20,7,13
2019-06-11,10,4,6
2019-06-11,15,4,11
2019-06-12,9,7,2
2019-06-12,0,0,0
2019-06-12,0,0,0
2019-06-12,0,0,0
2019-06-12,6,2,4
2019-06-12,30,26,4
2019-06-12,118,110,8
2019-06-12,170,156,14
2019-06-12,213,193,20
2019-06-12,88,78,10
2019-06-12,31,22,9
2019-06-12,32,16,16
2019-06-12,25,10,15
2019-06-12,39,22,17
2019-06-12,44,17,27
2019-06-12,70,15,55
2019-06-12,137,27,110
2019-06-12,228,25,203
2019-06-12,158,22,136
2019-06-12,63,16,47
2019-06-12,33,6,27
2019-06-12,52,16,36
2019-06-12,10,5,5
2019-06-12,5,3,2
2019-06-13,2,1,1
2019-06-13,6,1,5
2019-06-13,4,2,2
2019-06-13,3,1,2
2019-06-13,7,5,2
2019-06-13,29,24,5
2019-06-13,94,79,15
2019-06-13,172,155,17
2019-06-13,195,186,9
2019-06-13,81,65,16
2019-06-13,36,26,10
2019-06-13,26,14,12
2019-06-13,28,15,13
2019-06-13,32,18,14
2019-06-13,49,17,32
2019-06-13,61,10,51
2019-06-13,144,23,121
2019-06-13,203,20,183
2019-06-13,147,23,124
2019-06-13,62,13,49
2019-06-13,37,4,33
2019-06-13,34,9,25
2019-06-13,12,5,7
2019-06-13,10,6,4
2019-06-14,5,1,4
2019-06-14,1,1,0
2019-06-14,5,3,2
2019-06-14,2,2,0
2019-06-14,4,4,0
2019-06-14,27,23,4
2019-06-14,73,67,6
2019-06-14,138,129,9
2019-06-14,147,139,8
2019-06-14,53,43,10
2019-06-14,24,19,5
2019-06-14,24,17,7
2019-06-14,20,12,8
2019-06-14,35,14,21
2019-06-14,47,11,36
2019-06-14,66,12,54
2019-06-14,125,20,105
2019-06-14,151,20,131
2019-06-14,113,22,91
2019-06-14,50,18,32
2019-06-14,34,13,21
2019-06-14,19,9,10
2019-06-14,19,3,16
2019-06-14,11,2,9
2019-06-15,7,2,5
2019-06-15,4,3,1
2019-06-15,1,0,1
2019-06-15,1,1,0
2019-06-15,5,2,3
2019-06-15,3,3,0
2019-06-15,10,6,4
2019-06-15,19,13,6
2019-06-15,56,35,21
2019-06-15,34,18,16
2019-06-15,72,34,38
2019-06-15,56,36,20
2019-06-15,73,24,49
2019-06-15,57,24,33
2019-06-15,68,38,30
2019-06-15,68,36,32
2019-06-15,81,35,46
2019-06-15,34,16,18
2019-06-15,44,17,27
2019-06-15,31,19,12
2019-06-15,20,8,12
2019-06-15,23,14,9
2019-06-15,4,2,2
2019-06-15,5,1,4
2019-06-16,2,2,0
2019-06-16,1,0,1
2019-06-16,3,2,1
2019-06-16,0,0,0
2019-06-16,0,0,0
2019-06-16,4,2,2
2019-06-16,12,9,3
2019-06-16,15,6,9
2019-06-16,38,22,16
2019-06-16,42,21,21
2019-06-16,63,23,40
2019-06-16,76,38,38
2019-06-16,132,84,48
2019-06-16,91,48,43
2019-06-16,91,41,50
2019-06-16,98,43,55
2019-06-16,78,26,52
2019-06-16,33,11,22
2019-06-16,45,30,15
2019-06-16,24,6,18
2019-06-16,21,10,11
2019-06-16,13,10,3
2019-06-16,7,3,4
2019-06-16,2,1,1
2019-06-17,1,0,1
2019-06-17,0,0,0
2019-06-17,2,1,1
2019-06-17,0,0,0
2019-06-17,4,4,0
2019-06-17,20,19,1
2019-06-17,101,88,13
2019-06-17,125,117,8
2019-06-17,220,207,13
2019-06-17,73,63,10
2019-06-17,27,23,4
2019-06-17,24,13,11
2019-06-17,22,12,10
2019-06-17,23,12,11
2019-06-17,27,10,17
2019-06-17,63,19,44
2019-06-17,130,16,114
2019-06-17,227,20,207
2019-06-17,155,23,132
2019-06-17,65,14,51
2019-06-17,25,9,16
2019-06-17,22,8,14
2019-06-17,9,0,9
2019-06-17,9,3,6
2019-06-18,3,2,1
2019-06-18,2,1,1
2019-06-18,3,2,1
2019-06-18,3,1,2
2019-06-18,4,4,0
2019-06-18,31,29,2
2019-06-18,68,59,9
2019-06-18,133,123,10
2019-06-18,134,124,10
2019-06-18,54,47,7
2019-06-18,25,19,6
2019-06-18,22,15,7
2019-06-18,15,7,8
2019-06-18,21,11,10
2019-06-18,15,7,8
2019-06-18,44,5,39
2019-06-18,97,13,84
2019-06-18,170,19,151
2019-06-18,105,15,90
2019-06-18,44,12,32
2019-06-18,27,9,18
2019-06-18,18,4,14
2019-06-18,11,4,7
2019-06-18,2,0,2
2019-06-19,4,2,2
2019-06-19,1,0,1
2019-06-19,2,2,0
2019-06-19,0,0,0
2019-06-19,3,2,1
2019-06-19,30,26,4
2019-06-19,97,88,9
2019-06-19,154,145,9
2019-06-19,175,158,17
2019-06-19,59,55,4
2019-06-19,25,21,4
2019-06-19,26,17,9
2019-06-19,21,14,7
2019-06-19,33,18,15
2019-06-19,27,12,15
2019-06-19,60,20,40
2019-06-19,123,16,107
2019-06-19,195,20,175
2019-06-19,133,18,115
2019-06-19,67,13,54
2019-06-19,44,23,21
2019-06-19,14,2,12
2019-06-19,5,0,5
2019-06-19,4,1,3
2019-06-20,6,1,5
2019-06-20,3,1,2
2019-06-20,2,1,1
2019-06-20,1,0,1
2019-06-20,3,2,1
2019-06-20,19,16,3
2019-06-20,88,79,9
2019-06-20,131,120,11
2019-06-20,156,147,9
2019-06-20,67,57,10
2019-06-20,25,19,6
2019-06-20,14,8,6
2019-06-20,21,15,6
2019-06-20,20,8,12
2019-06-20,27,7,20
2019-06-20,68,14,54
2019-06-20,92,21,71
2019-06-20,172,23,149
2019-06-20,124,25,99
2019-06-20,63,14,49
2019-06-20,47,25,22
2019-06-20,25,11,14
2019-06-20,13,3,10
2019-06-20,8,6,2
2019-06-21,5,1,4
2019-06-21,1,0,1
2019-06-21,0,0,0
2019-06-21,1,0,1
2019-06-21,4,4,0
2019-06-21,29,26,3
2019-06-21,63,55,8
2019-06-21,132,117,15
2019-06-21,149,132,17
2019-06-21,53,45,8
2019-06-21,33,19,14
2019-06-21,24,12,12
2019-06-21,22,12,10
2019-06-21,49,20,29
2019-06-21,45,12,33
2019-06-21,72,29,43
2019-06-21,103,31,72
2019-06-21,143,19,124
2019-06-21,116,21,95
2019-06-21,42,12,30
2019-06-21,24,10,14
2019-06-21,20,9,11
2019-06-21,16,3,13
2019-06-21,19,9,10
2019-06-22,5,1,4
2019-06-22,2,1,1
2019-06-22,2,0,2
2019-06-22,2,1,1
2019-06-22,1,0,1
2019-06-22,3,2,1
2019-06-22,15,12,3
2019-06-22,15,12,3
2019-06-22,45,24,21
2019-06-22,38,29,9
2019-06-22,72,40,32
2019-06-22,83,44,39
2019-06-22,78,54,24
2019-06-22,56,27,29
2019-06-22,46,27,19
2019-06-22,34,17,17
2019-06-22,45,23,22
2019-06-22,63,18,45
2019-06-22,45,11,34
2019-06-22,14,5,9
2019-06-22,23,4,19
2019-06-22,12,5,7
2019-06-22,13,6,7
2019-06-22,4,0,4
2019-06-23,4,1,3
2019-06-23,5,0,5
2019-06-23,0,0,0
2019-06-23,2,1,1
2019-06-23,1,0,1
2019-06-23,5,4,1
2019-06-23,3,3,0
2019-06-23,6,4,2
2019-06-23,16,10,6
2019-06-23,27,15,12
2019-06-23,41,13,28
2019-06-23,34,22,12
2019-06-23,51,30,21
2019-06-23,43,16,27
2019-06-23,54,30,24
2019-06-23,45,25,20
2019-06-23,29,12,17
2019-06-23,25,9,16
2019-06-23,24,12,12
2019-06-23,15,2,13
2019-06-23,13,5,8
2019-06-23,11,3,8
2019-06-23,8,3,5
2019-06-23,8,4,4
2019-06-24,0,0,0
2019-06-24,2,1,1
2019-06-24,0,0,0
2019-06-24,1,1,0
2019-06-24,5,3,2
2019-06-24,27,18,9
2019-06-24,70,62,8
2019-06-24,160,145,15
2019-06-24,152,145,7
2019-06-24,65,55,10
2019-06-24,28,22,6
2019-06-24,20,11,9
2019-06-24,27,20,7
2019-06-24,25,12,13
2019-06-24,31,13,18
2019-06-24,52,19,33
2019-06-24,124,20,104
2019-06-24,211,22,189
2019-06-24,135,25,110
2019-06-24,60,16,44
2019-06-24,39,18,21
2019-06-24,30,14,16
2019-06-24,12,3,9
2019-06-24,4,0,4
2019-06-25,6,2,4
2019-06-25,0,0,0
2019-06-25,2,2,0
2019-06-25,0,0,0
2019-06-25,7,3,4
2019-06-25,35,27,8
2019-06-25,101,92,9
2019-06-25,197,179,18
2019-06-25,194,182,12
2019-06-25,76,65,11
2019-06-25,36,32,4
2019-06-25,26,14,12
2019-06-25,41,25,16
2019-06-25,33,17,16
2019-06-25,53,24,29
2019-06-25,73,19,54
2019-06-25,159,26,133
2019-06-25,234,30,204
2019-06-25,165,23,142
2019-06-25,65,12,53
2019-06-25,40,7,33
2019-06-25,15,3,12
2019-06-25,13,6,7
2019-06-25,7,1,6
2019-06-26,2,0,2
2019-06-26,2,1,1
2019-06-26,1,1,0
2019-06-26,1,1,0
2019-06-26,5,3,2
2019-06-26,32,27,5
2019-06-26,82,75,7
2019-06-26,158,147,11
2019-06-26,182,170,12
2019-06-26,61,50,11
2019-06-26,26,21,5
2019-06-26,28,22,6
2019-06-26,28,14,14
2019-06-26,37,17,20
2019-06-26,35,13,22
2019-06-26,51,14,37
2019-06-26,106,16,90
2019-06-26,169,17,152
2019-06-26,115,15,100
2019-06-26,34,5,29
2019-06-26,28,8,20
2019-06-26,21,6,15
2019-06-26,8,3,5
2019-06-26,8,2,6
2019-06-27,3,1,2
2019-06-27,0,0,0
2019-06-27,1,1,0
2019-06-27,3,2,1
2019-06-27,4,3,1
2019-06-27,23,17,6
2019-06-27,65,59,6
2019-06-27,124,113,11
2019-06-27,113,104,9
2019-06-27,61,46,15
2019-06-27,21,14,7
2019-06-27,28,16,12
2019-06-27,20,12,8
2019-06-27,14,12,2
2019-06-27,23,10,13
2019-06-27,40,6,34
2019-06-27,91,15,76
2019-06-27,157,19,138
2019-06-27,108,14,94
2019-06-27,47,9,38
2019-06-27,37,14,23
2019-06-27,11,4,7
2019-06-27,11,6,5
2019-06-27,3,1,2
2019-06-28,3,1,2
2019-06-28,4,0,4
2019-06-28,4,2,2
2019-06-28,2,2,0
2019-06-28,7,4,3
2019-06-28,22,17,5
2019-06-28,71,65,6
2019-06-28,125,115,10
2019-06-28,125,116,9
2019-06-28,58,52,6
2019-06-28,32,22,10
2019-06-28,31,19,12
2019-06-28,46,24,22
2019-06-28,39,17,22
2019-06-28,47,17,30
2019-06-28,59,18,41
2019-06-28,113,17,96
2019-06-28,153,19,134
2019-06-28,96,13,83
2019-06-28,55,15,40
2019-06-28,33,15,18
2019-06-28,13,4,9
2019-06-28,15,7,8
2019-06-28,8,3,5
2019-06-29,2,0,2
2019-06-29,3,2,1
2019-06-29,2,2,0
2019-06-29,1,0,1
2019-06-29,3,1,2
2019-06-29,4,1,3
2019-06-29,8,8,0
2019-06-29,21,11,10
2019-06-29,50,31,19
2019-06-29,53,25,28
2019-06-29,61,24,37
2019-06-29,59,28,31
2019-06-29,80,49,31
2019-06-29,81,42,39
2019-06-29,79,32,47
2019-06-29,70,33,37
2019-06-29,67,30,37
2019-06-29,52,24,28
2019-06-29,58,29,29
2019-06-29,51,26,25
2019-06-29,16,10,6
2019-06-29,18,9,9
2019-06-29,19,7,12
2019-06-29,5,0,5
2019-06-30,6,3,3
2019-06-30,3,1,2
2019-06-30,1,0,1
2019-06-30,1,0,1
2019-06-30,3,2,1
2019-06-30,3,2,1
2019-06-30,5,2,3
2019-06-30,22,17,5
2019-06-30,29,14,15
2019-06-30,65,26,39
2019-06-30,74,42,32
2019-06-30,113,72,41
2019-06-30,80,47,33
2019-06-30,133,61,72
2019-06-30,82,45,37
2019-06-30,77,24,53
2019-06-30,78,29,49
2019-06-30,71,32,39
2019-06-30,37,12,25
2019-06-30,31,13,18
2019-06-30,20,4,16
2019-06-30,13,7,6
2019-06-30,9,4,5
2019-06-30,3,0,3
2019-07-01,2,1,1
2019-07-01,2,1,1
2019-07-01,0,0,0
2019-07-01,0,0,0
2019-07-01,5,5,0
2019-07-01,34,26,8
2019-07-01,108,95,13
2019-07-01,175,162,13
2019-07-01,192,176,16
2019-07-01,78,60,18
2019-07-01,41,31,10
2019-07-01,23,12,11
2019-07-01,36,16,20
2019-07-01,32,21,11
2019-07-01,43,12,31
2019-07-01,64,15,49
2019-07-01,149,26,123
2019-07-01,228,21,207
2019-07-01,134,19,115
2019-07-01,64,10,54
2019-07-01,35,18,17
2019-07-01,19,5,14
2019-07-01,13,2,11
2019-07-01,5,2,3
2019-07-02,3,1,2
2019-07-02,2,2,0
2019-07-02,4,4,0
2019-07-02,1,1,0
2019-07-02,7,5,2
2019-07-02,23,17,6
2019-07-02,74,65,9
2019-07-02,128,121,7
2019-07-02,158,141,17
2019-07-02,65,59,6
2019-07-02,17,13,4
2019-07-02,18,12,6
2019-07-02,19,14,5
2019-07-02,22,12,10
2019-07-02,33,16,17
2019-07-02,29,15,14
2019-07-02,73,8,65
2019-07-02,162,11,151
2019-07-02,82,10,72
2019-07-02,37,5,32
2019-07-02,13,2,11
2019-07-02,5,2,3
2019-07-02,8,1,7
2019-07-02,6,1,5
2019-07-03,2,0,2
2019-07-03,1,0,1
2019-07-03,3,2,1
2019-07-03,2,2,0
2019-07-03,8,3,5
2019-07-03,25,20,5
2019-07-03,77,70,7
2019-07-03,126,119,7
2019-07-03,130,121,9
2019-07-03,64,56,8
2019-07-03,20,13,7
2019-07-03,20,12,8
2019-07-03,21,16,5
2019-07-03,25,9,16
2019-07-03,46,14,32
2019-07-03,73,14,59
2019-07-03,112,22,90
2019-07-03,161,23,138
2019-07-03,109,24,85
2019-07-03,52,8,44
2019-07-03,25,8,17
2019-07-03,22,8,14
2019-07-03,12,2,10
2019-07-03,18,5,13
2019-07-04,10,4,6
2019-07-04,2,1,1
2019-07-04,2,0,2
2019-07-04,3,2,1
2019-07-04,4,2,2
2019-07-04,7,5,2
2019-07-04,12,6,6
2019-07-04,14,11,3
2019-07-04,35,18,17
2019-07-04,59,29,30
2019-07-04,62,29,33
2019-07-04,91,37,54
2019-07-04,85,46,39
2019-07-04,98,53,45
2019-07-04,84,52,32
2019-07-04,104,47,57
2019-07-04,90,34,56
2019-07-04,62,33,29
2019-07-04,47,24,23
2019-07-04,36,19,17
2019-07-04,23,18,5
2019-07-04,17,11,6
2019-07-04,10,3,7
2019-07-04,13,7,6
2019-07-05,7,5,2
2019-07-05,6,1,5
2019-07-05,4,0,4
2019-07-05,3,1,2
2019-07-05,6,4,2
2019-07-05,8,7,1
2019-07-05,33,28,5
2019-07-05,54,46,8
2019-07-05,50,43,7
2019-07-05,64,58,6
2019-07-05,41,30,11
2019-07-05,43,21,22
2019-07-05,44,21,23
2019-07-05,38,16,22
2019-07-05,51,24,27
2019-07-05,62,17,45
2019-07-05,59,13,46
2019-07-05,64,18,46
2019-07-05,50,16,34
2019-07-05,20,7,13
2019-07-05,21,4,17
2019-07-05,11,1,10
2019-07-05,9,1,8
2019-07-05,3,2,1
2019-07-06,0,0,0
2019-07-06,1,0,1
2019-07-06,0,0,0
2019-07-06,0,0,0
2019-07-06,4,1,3
2019-07-06,9,7,2
2019-07-06,10,10,0
2019-07-06,25,14,11
2019-07-06,33,22,11
2019-07-06,35,22,13
2019-07-06,66,33,33
2019-07-06,105,58,47
2019-07-06,81,36,45
2019-07-06,75,36,39
2019-07-06,70,36,34
2019-07-06,69,36,33
2019-07-06,64,36,28
2019-07-06,50,27,23
2019-07-06,39,21,18
2019-07-06,20,12,8
2019-07-06,14,7,7
2019-07-06,3,2,1
2019-07-06,14,2,12
2019-07-06,5,3,2
2019-07-07,5,2,3
2019-07-07,2,0,2
2019-07-07,1,0,1
2019-07-07,0,0,0
2019-07-07,2,1,1
2019-07-07,4,2,2
2019-07-07,17,8,9
2019-07-07,11,9,2
2019-07-07,45,25,20
2019-07-07,41,27,14
2019-07-07,51,27,24
2019-07-07,73,33,40
2019-07-07,62,38,24
2019-07-07,69,37,32
2019-07-07,75,34,41
2019-07-07,50,27,23
2019-07-07,33,14,19
2019-07-07,32,9,23
2019-07-07,15,5,10
2019-07-07,9,4,5
2019-07-07,8,2,6
2019-07-07,4,2,2
2019-07-07,4,2,2
2019-07-07,3,1,2
2019-07-08,0,0,0
2019-07-08,2,0,2
2019-07-08,0,0,0
2019-07-08,3,2,1
2019-07-08,2,1,1
2019-07-08,22,18,4
2019-07-08,88,77,11
2019-07-08,155,142,13
2019-07-08,141,128,13
2019-07-08,62,54,8
2019-07-08,21,17,4
2019-07-08,12,7,5
2019-07-08,15,8,7
2019-07-08,19,8,11
2019-07-08,31,12,19
2019-07-08,45,10,35
2019-07-08,127,26,101
2019-07-08,188,16,172
2019-07-08,127,14,113
2019-07-08,66,18,48
2019-07-08,35,21,14
2019-07-08,16,7,9
2019-07-08,13,4,9
2019-07-08,12,5,7
2019-07-09,3,3,0
2019-07-09,3,2,1
2019-07-09,4,1,3
2019-07-09,3,1,2
2019-07-09,6,5,1
2019-07-09,33,25,8
2019-07-09,100,90,10
2019-07-09,181,170,11
2019-07-09,183,172,11
2019-07-09,68,58,10
2019-07-09,42,34,8
2019-07-09,27,20,7
2019-07-09,28,15,13
2019-07-09,29,15,14
2019-07-09,44,21,23
2019-07-09,63,25,38
2019-07-09,142,22,120
2019-07-09,237,20,217
2019-07-09,110,10,100
2019-07-09,56,14,42
2019-07-09,15,2,13
2019-07-09,7,3,4
2019-07-09,6,2,4
2019-07-09,4,1,3
2019-07-10,2,1,1
2019-07-10,1,0,1
2019-07-10,1,1,0
2019-07-10,4,1,3
2019-07-10,3,3,0
2019-07-10,18,14,4
2019-07-10,48,44,4
2019-07-10,91,85,6
2019-07-10,99,95,4
2019-07-10,30,29,1
2019-07-10,20,18,2
2019-07-10,11,10,1
2019-07-10,11,7,4
2019-07-10,12,2,10
2019-07-10,17,10,7
2019-07-10,25,3,22
2019-07-10,67,11,56
2019-07-10,121,17,104
2019-07-10,85,13,72
2019-07-10,50,11,39
2019-07-10,23,8,15
2019-07-10,9,3,6
2019-07-10,10,1,9
2019-07-10,10,4,6
2019-07-11,5,2,3
2019-07-11,2,1,1
2019-07-11,1,1,0
2019-07-11,4,1,3
2019-07-11,7,6,1
2019-07-11,34,30,4
2019-07-11,82,73,9
2019-07-11,152,137,15
2019-07-11,175,168,7
2019-07-11,80,64,16
2019-07-11,34,18,16
2019-07-11,47,25,22
2019-07-11,33,21,12
2019-07-11,34,21,13
2019-07-11,41,13,28
2019-07-11,62,16,46
2019-07-11,135,24,111
2019-07-11,196,23,173
2019-07-11,110,14,96
2019-07-11,63,10,53
2019-07-11,45,10,35
2019-07-11,19,8,11
2019-07-11,15,4,11
2019-07-11,3,1,2
2019-07-12,7,4,3
2019-07-12,3,2,1
2019-07-12,4,2,2
2019-07-12,1,0,1
2019-07-12,3,2,1
2019-07-12,26,19,7
2019-07-12,71,66,5
2019-07-12,129,119,10
2019-07-12,138,126,12
2019-07-12,50,43,7
2019-07-12,31,23,8
2019-07-12,40,29,11
2019-07-12,27,13,14
2019-07-12,37,19,18
2019-07-12,52,23,29
2019-07-12,66,13,53
2019-07-12,129,23,106
2019-07-12,155,19,136
2019-07-12,97,15,82
2019-07-12,56,16,40
2019-07-12,32,10,22
2019-07-12,19,7,12
2019-07-12,13,5,8
2019-07-12,5,0,5
2019-07-13,5,1,4
2019-07-13,2,1,1
2019-07-13,3,1,2
2019-07-13,2,2,0
2019-07-13,7,5,2
2019-07-13,6,4,2
2019-07-13,15,10,5
2019-07-13,27,13,14
2019-07-13,30,21,9
2019-07-13,52,30,22
2019-07-13,77,32,45
2019-07-13,77,47,30
2019-07-13,87,34,53
2019-07-13,84,50,34
2019-07-13,57,22,35
2019-07-13,79,42,37
2019-07-13,57,16,41
2019-07-13,55,22,33
2019-07-13,56,24,32
2019-07-13,50,27,23
2019-07-13,26,15,11
2019-07-13,19,12,7
2019-07-13,7,4,3
2019-07-13,8,4,4
2019-07-14,2,2,0
2019-07-14,0,0,0
2019-07-14,2,1,1
2019-07-14,0,0,0
2019-07-14,2,0,2
2019-07-14,3,2,1
2019-07-14,11,6,5
2019-07-14,16,11,5
2019-07-14,23,17,6
2019-07-14,47,28,19
2019-07-14,67,36,31
2019-07-14,92,58,34
2019-07-14,75,54,21
2019-07-14,89,36,53
2019-07-14,74,33,41
2019-07-14,104,39,65
2019-07-14,92,39,53
2019-07-14,51,19,32
2019-07-14,49,22,27
2019-07-14,32,18,14
2019-07-14,14,7,7
2019-07-14,10,4,6
2019-07-14,5,4,1
2019-07-14,7,7,0
2019-07-15,7,6,1
2019-07-15,4,1,3
2019-07-15,1,0,1
2019-07-15,0,0,0
2019-07-15,2,2,0
2019-07-15,31,25,6
2019-07-15,85,75,10
2019-07-15,171,154,17
2019-07-15,160,149,11
2019-07-15,54,50,4
2019-07-15,30,15,15
2019-07-15,20,12,8
2019-07-15,10,6,4
2019-07-15,17,9,8
2019-07-15,23,9,14
2019-07-15,56,11,45
2019-07-15,119,21,98
2019-07-15,200,22,178
2019-07-15,111,19,92
2019-07-15,62,13,49
2019-07-15,21,5,16
2019-07-15,22,10,12
2019-07-15,10,4,6
2019-07-15,5,4,1
2019-07-16,0,0,0
2019-07-16,3,1,2
2019-07-16,5,2,3
2019-07-16,2,2,0
2019-07-16,4,3,1
2019-07-16,30,24,6
2019-07-16,90,85,5
2019-07-16,174,166,8
2019-07-16,177,164,13
2019-07-16,74,63,11
2019-07-16,31,24,7
2019-07-16,28,17,11
2019-07-16,34,15,19
2019-07-16,31,17,14
2019-07-16,36,19,17
2019-07-16,58,16,42
2019-07-16,160,26,134
2019-07-16,243,30,213
2019-07-16,146,22,124
2019-07-16,75,16,59
2019-07-16,46,18,28
2019-07-16,21,6,15
2019-07-16,10,6,4
2019-07-16,3,2,1
2019-07-17,2,0,2
2019-07-17,3,1,2
2019-07-17,2,2,0
2019-07-17,2,1,1
2019-07-17,3,3,0
2019-07-17,24,19,5
2019-07-17,64,61,3
2019-07-17,122,112,10
2019-07-17,118,111,7
2019-07-17,69,55,14
2019-07-17,25,21,4
2019-07-17,12,8,4
2019-07-17,17,8,9
2019-07-17,15,10,5
2019-07-17,12,8,4
2019-07-17,40,5,35
2019-07-17,73,12,61
2019-07-17,139,20,119
2019-07-17,104,12,92
2019-07-17,45,11,34
2019-07-17,26,7,19
2019-07-17,16,3,13
2019-07-17,6,0,6
2019-07-17,11,3,8
2019-07-18,2,1,1
2019-07-18,0,0,0
2019-07-18,2,1,1
2019-07-18,0,0,0
2019-07-18,3,2,1
2019-07-18,22,17,5
2019-07-18,76,70,6
2019-07-18,148,135,13
2019-07-18,150,136,14
2019-07-18,66,59,7
2019-07-18,30,22,8
2019-07-18,25,18,7
2019-07-18,35,20,15
2019-07-18,27,14,13
2019-07-18,44,20,24
2019-07-18,78,25,53
2019-07-18,115,19,96
2019-07-18,200,31,169
2019-07-18,107,14,93
2019-07-18,47,9,38
2019-07-18,21,7,14
2019-07-18,12,3,9
2019-07-18,6,1,5
2019-07-18,1,1,0
2019-07-19,2,0,2
2019-07-19,2,0,2
2019-07-19,1,1,0
2019-07-19,0,0,0
2019-07-19,4,3,1
2019-07-19,18,15,3
2019-07-19,71,60,11
2019-07-19,125,115,10
2019-07-19,120,110,10
2019-07-19,46,37,9
2019-07-19,29,24,5
2019-07-19,19,14,5
2019-07-19,41,24,17
2019-07-19,37,16,21
2019-07-19,51,21,30
2019-07-19,73,19,54
2019-07-19,131,30,101
2019-07-19,176,30,146
2019-07-19,98,18,80
2019-07-19,53,15,38
2019-07-19,28,10,18
2019-07-19,17,4,13
2019-07-19,21,4,17
2019-07-19,3,0,3
2019-07-20,7,2,5
2019-07-20,5,2,3
2019-07-20,5,2,3
2019-07-20,5,3,2
2019-07-20,1,1,0
2019-07-20,6,2,4
2019-07-20,16,13,3
2019-07-20,20,8,12
2019-07-20,38,29,9
2019-07-20,46,27,19
2019-07-20,81,36,45
2019-07-20,91,45,46
2019-07-20,91,35,56
2019-07-20,82,37,45
2019-07-20,88,40,48
2019-07-20,86,44,42
2019-07-20,70,27,43
2019-07-20,61,34,27
2019-07-20,47,19,28
2019-07-20,33,20,13
2019-07-20,33,10,23
2019-07-20,25,13,12
2019-07-20,9,1,8
2019-07-20,11,2,9
2019-07-21,1,1,0
2019-07-21,3,1,2
2019-07-21,0,0,0
2019-07-21,0,0,0
2019-07-21,1,1,0
2019-07-21,7,4,3
2019-07-21,10,4,6
2019-07-21,13,8,5
2019-07-21,42,29,13
2019-07-21,46,30,16
2019-07-21,78,34,44
2019-07-21,63,23,40
2019-07-21,95,57,38
2019-07-21,79,41,38
2019-07-21,87,43,44
2019-07-21,65,27,38
2019-07-21,90,45,45
2019-07-21,58,31,27
2019-07-21,29,8,21
2019-07-21,20,14,6
2019-07-21,14,6,8
2019-07-21,40,9,31
2019-07-21,5,4,1
2019-07-21,9,4,5
2019-07-22,3,1,2
2019-07-22,0,0,0
2019-07-22,3,2,1
2019-07-22,1,0,1
2019-07-22,5,5,0
2019-07-22,31,26,5
2019-07-22,100,90,10
2019-07-22,175,158,17
2019-07-22,183,171,12
2019-07-22,81,73,8
2019-07-22,31,22,9
2019-07-22,30,15,15
2019-07-22,39,25,14
2019-07-22,33,13,20
2019-07-22,40,17,23
2019-07-22,61,15,46
2019-07-22,151,20,131
2019-07-22,237,26,211
2019-07-22,151,24,127
2019-07-22,64,20,44
2019-07-22,39,16,23
2019-07-22,34,17,17
2019-07-22,11,4,7
2019-07-22,7,0,7
2019-07-23,5,2,3
2019-07-23,1,0,1
2019-07-23,1,1,0
2019-07-23,1,0,1
2019-07-23,5,3,2
2019-07-23,43,35,8
2019-07-23,104,86,18
2019-07-23,200,179,21
2019-07-23,204,189,15
2019-07-23,70,59,11
2019-07-23,30,19,11
2019-07-23,32,19,13
2019-07-23,20,11,9
2019-07-23,19,12,7
2019-07-23,41,18,23
2019-07-23,54,13,41
2019-07-23,146,19,127
2019-07-23,234,30,204
2019-07-23,151,23,128
2019-07-23,78,17,61
2019-07-23,30,6,24
2019-07-23,24,4,20
2019-07-23,15,4,11
2019-07-23,3,0,3
2019-07-24,8,5,3
2019-07-24,0,0,0
2019-07-24,5,2,3
2019-07-24,2,2,0
2019-07-24,4,2,2
2019-07-24,29,24,5
2019-07-24,86,77,9
2019-07-24,176,162,14
2019-07-24,173,162,11
2019-07-24,82,73,9
2019-07-24,38,27,11
2019-07-24,39,25,14
2019-07-24,44,27,17
2019-07-24,39,18,21
2019-07-24,46,20,26
2019-07-24,79,19,60
2019-07-24,147,29,118
2019-07-24,247,28,219
2019-07-24,146,21,125
2019-07-24,63,17,46
2019-07-24,35,14,21
2019-07-24,26,8,18
2019-07-24,6,2,4
2019-07-24,13,2,11
2019-07-25,4,1,3
2019-07-25,4,3,1
2019-07-25,5,2,3
2019-07-25,0,0,0
2019-07-25,2,1,1
2019-07-25,23,19,4
2019-07-25,90,83,7
2019-07-25,162,142,20
2019-07-25,187,171,16
2019-07-25,80,71,9
2019-07-25,44,31,13
2019-07-25,38,21,17
2019-07-25,38,21,17
2019-07-25,30,9,21
2019-07-25,50,24,26
2019-07-25,74,19,55
2019-07-25,123,20,103
2019-07-25,198,29,169
2019-07-25,131,15,116
2019-07-25,62,19,43
2019-07-25,29,11,18
2019-07-25,25,8,17
2019-07-25,14,2,12
2019-07-25,7,0,7
2019-07-26,4,1,3
2019-07-26,5,2,3
2019-07-26,6,4,2
2019-07-26,0,0,0
2019-07-26,8,7,1
2019-07-26,27,21,6
2019-07-26,78,66,12
2019-07-26,121,113,8
2019-07-26,143,135,8
2019-07-26,59,50,9
2019-07-26,31,24,7
2019-07-26,37,18,19
2019-07-26,36,13,23
2019-07-26,50,21,29
2019-07-26,47,12,35
2019-07-26,75,21,54
2019-07-26,123,24,99
2019-07-26,157,24,133
2019-07-26,85,17,68
2019-07-26,39,12,27
2019-07-26,33,12,21
2019-07-26,27,7,20
2019-07-26,20,8,12
2019-07-26,14,1,13
2019-07-27,9,2,7
2019-07-27,7,1,6
2019-07-27,3,1,2
2019-07-27,6,0,6
2019-07-27,3,3,0
2019-07-27,3,2,1
2019-07-27,13,10,3
2019-07-27,12,8,4
2019-07-27,27,16,11
2019-07-27,22,14,8
2019-07-27,58,24,34
2019-07-27,42,22,20
2019-07-27,66,29,37
2019-07-27,74,36,38
2019-07-27,51,21,30
2019-07-27,61,32,29
2019-07-27,72,33,39
2019-07-27,53,32,21
2019-07-27,25,7,18
2019-07-27,30,13,17
2019-07-27,17,10,7
2019-07-27,7,2,5
2019-07-27,17,8,9
2019-07-27,12,3,9
2019-07-28,12,4,8
2019-07-28,4,1,3
2019-07-28,3,1,2
2019-07-28,2,1,1
2019-07-28,0,0,0
2019-07-28,5,3,2
2019-07-28,9,7,2
2019-07-28,17,10,7
2019-07-28,36,17,19
2019-07-28,46,27,19
2019-07-28,57,29,28
2019-07-28,76,44,32
2019-07-28,97,47,50
2019-07-28,90,43,47
2019-07-28,84,41,43
2019-07-28,87,47,40
2019-07-28,83,51,32
2019-07-28,64,33,31
2019-07-28,53,27,26
2019-07-28,35,22,13
2019-07-28,19,9,10
2019-07-28,14,11,3
2019-07-28,7,1,6
2019-07-28,9,2,7
2019-07-29,6,1,5
2019-07-29,0,0,0
2019-07-29,0,0,0
2019-07-29,1,1,0
2019-07-29,6,4,2
2019-07-29,31,26,5
2019-07-29,101,91,10
2019-07-29,179,165,14
2019-07-29,201,187,14
2019-07-29,65,63,2
2019-07-29,34,25,9
2019-07-29,31,18,13
2019-07-29,31,18,13
2019-07-29,41,23,18
2019-07-29,42,16,26
2019-07-29,67,19,48
2019-07-29,128,15,113
2019-07-29,269,23,246
2019-07-29,160,20,140
2019-07-29,66,17,49
2019-07-29,40,22,18
2019-07-29,18,5,13
2019-07-29,11,7,4
2019-07-29,1,0,1
2019-07-30,4,2,2
2019-07-30,3,1,2
2019-07-30,1,1,0
2019-07-30,3,0,3
2019-07-30,4,4,0
2019-07-30,37,33,4
2019-07-30,104,93,11
2019-07-30,193,174,19
2019-07-30,188,172,16
2019-07-30,91,82,9
2019-07-30,40,27,13
2019-07-30,28,19,9
2019-07-30,28,12,16
2019-07-30,36,16,20
2019-07-30,43,15,28
2019-07-30,79,26,53
2019-07-30,167,32,135
2019-07-30,261,28,233
2019-07-30,143,18,125
2019-07-30,67,15,52
2019-07-30,33,15,18
2019-07-30,45,22,23
2019-07-30,8,6,2
2019-07-30,8,2,6
2019-07-31,0,0,0
2019-07-31,7,2,5
2019-07-31,6,3,3
2019-07-31,6,4,2
2019-07-31,5,4,1
2019-07-31,39,30,9
2019-07-31,111,100,11
2019-07-31,178,165,13
2019-07-31,171,156,15
2019-07-31,85,75,10
2019-07-31,57,44,13
2019-07-31,27,15,12
2019-07-31,33,21,12
2019-07-31,40,15,25
2019-07-31,46,20,26
2019-07-31,76,22,54
2019-07-31,159,21,138
2019-07-31,254,35,219
2019-07-31,175,33,142
2019-07-31,63,15,48
2019-07-31,41,7,34
2019-07-31,38,18,20
2019-07-31,11,9,2
2019-07-31,9,2,7
2019-08-01,4,1,3
2019-08-01,4,0,4
2019-08-01,5,1,4
2019-08-01,0,0,0
2019-08-01,10,7,3
2019-08-01,34,31,3
2019-08-01,105,96,9
2019-08-01,165,150,15
2019-08-01,192,181,11
2019-08-01,71,61,10
2019-08-01,50,35,15
2019-08-01,29,14,15
2019-08-01,32,20,12
2019-08-01,25,10,15
2019-08-01,41,19,22
2019-08-01,72,23,49
2019-08-01,152,30,122
2019-08-01,216,28,188
2019-08-01,153,31,122
2019-08-01,63,7,56
2019-08-01,39,16,23
2019-08-01,19,6,13
2019-08-01,9,1,8
2019-08-01,8,1,7
2019-08-02,5,3,2
2019-08-02,3,1,2
2019-08-02,7,4,3
2019-08-02,3,1,2
2019-08-02,5,3,2
2019-08-02,17,13,4
2019-08-02,49,44,5
2019-08-02,109,101,8
2019-08-02,113,105,8
2019-08-02,58,47,11
2019-08-02,33,17,16
2019-08-02,36,19,17
2019-08-02,33,20,13
2019-08-02,31,17,14
2019-08-02,42,14,28
2019-08-02,61,19,42
2019-08-02,109,23,86
2019-08-02,145,18,127
2019-08-02,104,19,85
2019-08-02,43,11,32
2019-08-02,18,6,12
2019-08-02,15,4,11
2019-08-02,7,3,4
2019-08-02,4,0,4
2019-08-03,9,3,6
2019-08-03,3,1,2
2019-08-03,2,1,1
2019-08-03,5,2,3
2019-08-03,2,1,1
2019-08-03,4,3,1
2019-08-03,18,12,6
2019-08-03,25,18,7
2019-08-03,45,28,17
2019-08-03,35,24,11
2019-08-03,73,35,38
2019-08-03,80,46,34
2019-08-03,81,48,33
2019-08-03,54,32,22
2019-08-03,67,35,32
2019-08-03,71,28,43
2019-08-03,89,52,37
2019-08-03,90,43,47
2019-08-03,33,17,16
2019-08-03,36,20,16
2019-08-03,15,6,9
2019-08-03,12,4,8
2019-08-03,23,4,19
2019-08-03,11,4,7
2019-08-04,9,2,7
2019-08-04,9,4,5
2019-08-04,0,0,0
2019-08-04,0,0,0
2019-08-04,4,2,2
2019-08-04,3,1,2
2019-08-04,8,5,3
2019-08-04,27,18,9
2019-08-04,39,26,13
2019-08-04,62,34,28
2019-08-04,62,28,34
2019-08-04,71,31,40
2019-08-04,60,31,29
2019-08-04,83,49,34
2019-08-04,76,45,31
2019-08-04,54,25,29
2019-08-04,77,41,36
2019-08-04,53,22,31
2019-08-04,35,17,18
2019-08-04,22,16,6
2019-08-04,27,14,13
2019-08-04,21,8,13
2019-08-04,14,8,6
2019-08-04,8,5,3
2019-08-05,9,2,7
2019-08-05,5,3,2
2019-08-05,4,1,3
2019-08-05,1,1,0
2019-08-05,5,3,2
2019-08-05,30,25,5
2019-08-05,77,68,9
2019-08-05,209,200,9
2019-08-05,183,169,14
2019-08-05,86,71,15
2019-08-05,42,27,15
2019-08-05,30,14,16
2019-08-05,35,22,13
2019-08-05,30,14,16
2019-08-05,55,25,30
2019-08-05,57,14,43
2019-08-05,139,21,118
2019-08-05,252,34,218
2019-08-05,153,23,130
2019-08-05,74,23,51
2019-08-05,38,14,24
2019-08-05,26,14,12
2019-08-05,14,5,9
2019-08-05,2,2,0
2019-08-06,4,3,1
2019-08-06,1,1,0
2019-08-06,3,1,2
2019-08-06,3,1,2
2019-08-06,5,4,1
2019-08-06,37,33,4
2019-08-06,101,91,10
2019-08-06,238,220,18
2019-08-06,180,157,23
2019-08-06,75,66,9
2019-08-06,31,20,11
2019-08-06,24,15,9
2019-08-06,31,15,16
2019-08-06,29,19,10
2019-08-06,38,17,21
2019-08-06,59,12,47
2019-08-06,176,23,153
2019-08-06,240,21,219
2019-08-06,158,26,132
2019-08-06,74,22,52
2019-08-06,24,5,19
2019-08-06,22,8,14
2019-08-06,19,4,15
2019-08-06,5,1,4
2019-08-07,5,3,2
2019-08-07,3,1,2
2019-08-07,3,2,1
2019-08-07,1,0,1
2019-08-07,5,4,1
2019-08-07,29,24,5
2019-08-07,102,90,12
2019-08-07,187,174,13
2019-08-07,181,173,8
2019-08-07,76,62,14
2019-08-07,33,29,4
2019-08-07,29,18,11
2019-08-07,43,26,17
2019-08-07,20,12,8
2019-08-07,57,28,29
2019-08-07,64,24,40
2019-08-07,136,22,114
2019-08-07,244,17,227
2019-08-07,134,11,123
2019-08-07,99,24,75
2019-08-07,45,18,27
2019-08-07,22,13,9
2019-08-07,11,5,6
2019-08-07,5,1,4
2019-08-08,3,0,3
2019-08-08,6,0,6
2019-08-08,3,2,1
2019-08-08,1,0,1
2019-08-08,6,5,1
2019-08-08,36,31,5
2019-08-08,100,95,5
2019-08-08,170,154,16
2019-08-08,185,169,16
2019-08-08,76,66,10
2019-08-08,34,26,8
2019-08-08,57,44,13
2019-08-08,32,21,11
2019-08-08,22,9,13
2019-08-08,38,17,21
2019-08-08,62,15,47
2019-08-08,146,25,121
2019-08-08,242,31,211
2019-08-08,150,22,128
2019-08-08,74,8,66
2019-08-08,23,5,18
2019-08-08,20,4,16
2019-08-08,21,6,15
2019-08-08,6,1,5
2019-08-09,8,3,5
2019-08-09,3,3,0
2019-08-09,2,2,0
2019-08-09,3,1,2
2019-08-09,5,5,0
2019-08-09,27,24,3
2019-08-09,69,58,11
2019-08-09,133,121,12
2019-08-09,143,131,12
2019-08-09,58,51,7
2019-08-09,41,27,14
2019-08-09,37,19,18
2019-08-09,29,10,19
2019-08-09,36,15,21
2019-08-09,53,29,24
2019-08-09,61,17,44
2019-08-09,125,23,102
2019-08-09,176,20,156
2019-08-09,98,25,73
2019-08-09,53,7,46
2019-08-09,21,7,14
2019-08-09,18,8,10
2019-08-09,6,1,5
2019-08-09,12,2,10
2019-08-10,12,1,11
2019-08-10,1,1,0
2019-08-10,0,0,0
2019-08-10,1,1,0
2019-08-10,2,2,0
2019-08-10,4,4,0
2019-08-10,3,2,1
2019-08-10,5,3,2
2019-08-10,6,5,1
2019-08-10,4,4,0
2019-08-10,26,14,12
2019-08-10,21,16,5
2019-08-10,58,37,21
2019-08-10,41,26,15
2019-08-10,45,16,29
2019-08-10,77,31,46
2019-08-10,49,18,31
2019-08-10,46,21,25
2019-08-10,36,11,25
2019-08-10,22,13,9
2019-08-10,16,5,11
2019-08-10,8,4,4
2019-08-10,11,4,7
2019-08-10,9,5,4
2019-08-11,4,2,2
2019-08-11,2,1,1
2019-08-11,3,2,1
2019-08-11,0,0,0
2019-08-11,1,1,0
2019-08-11,5,3,2
2019-08-11,7,5,2
2019-08-11,16,8,8
2019-08-11,30,16,14
2019-08-11,43,25,18
2019-08-11,52,26,26
2019-08-11,61,31,30
2019-08-11,55,21,34
2019-08-11,49,33,16
2019-08-11,41,22,19
2019-08-11,45,21,24
2019-08-11,51,26,25
2019-08-11,36,11,25
2019-08-11,11,3,8
2019-08-11,18,8,10
2019-08-11,7,5,2
2019-08-11,4,1,3
2019-08-11,5,2,3
2019-08-11,6,1,5
2019-08-12,1,0,1
2019-08-12,0,0,0
2019-08-12,1,1,0
2019-08-12,2,1,1
2019-08-12,4,4,0
2019-08-12,29,21,8
2019-08-12,95,88,7
2019-08-12,174,159,15
2019-08-12,181,166,15
2019-08-12,63,52,11
2019-08-12,32,27,5
2019-08-12,32,19,13
2019-08-12,40,25,15
2019-08-12,19,11,8
2019-08-12,29,13,16
2019-08-12,73,20,53
2019-08-12,118,18,100
2019-08-12,237,15,222
2019-08-12,156,24,132
2019-08-12,71,24,47
2019-08-12,28,5,23
2019-08-12,13,7,6
2019-08-12,3,2,1
2019-08-12,7,2,5
2019-08-13,0,0,0
2019-08-13,1,0,1
2019-08-13,7,2,5
2019-08-13,2,1,1
2019-08-13,7,6,1
2019-08-13,32,26,6
2019-08-13,114,104,10
2019-08-13,170,159,11
2019-08-13,216,202,14
2019-08-13,84,67,17
2019-08-13,45,29,16
2019-08-13,26,18,8
2019-08-13,29,16,13
2019-08-13,39,21,18
2019-08-13,38,19,19
2019-08-13,69,22,47
2019-08-13,146,26,120
2019-08-13,240,21,219
2019-08-13,158,29,129
2019-08-13,68,20,48
2019-08-13,60,23,37
2019-08-13,13,3,10
2019-08-13,12,3,9
2019-08-13,10,5,5
2019-08-14,2,1,1
2019-08-14,1,1,0
2019-08-14,11,6,5
2019-08-14,2,2,0
2019-08-14,9,7,2
2019-08-14,28,24,4
2019-08-14,108,95,13
2019-08-14,190,181,9
2019-08-14,179,166,13
2019-08-14,69,56,13
2019-08-14,34,21,13
2019-08-14,48,22,26
2019-08-14,43,29,14
2019-08-14,39,20,19
2019-08-14,49,18,31
2019-08-14,58,15,43
2019-08-14,146,28,118
2019-08-14,235,29,206
2019-08-14,152,28,124
2019-08-14,69,15,54
2019-08-14,34,8,26
2019-08-14,25,7,18
2019-08-14,27,14,13
2019-08-14,21,4,17
2019-08-15,13,2,11
2019-08-15,5,1,4
2019-08-15,6,4,2
2019-08-15,5,0,5
2019-08-15,10,7,3
2019-08-15,39,31,8
2019-08-15,95,86,9
2019-08-15,163,147,16
2019-08-15,168,157,11
2019-08-15,81,63,18
2019-08-15,46,34,12
2019-08-15,16,9,7
2019-08-15,36,16,20
2019-08-15,38,23,15
2019-08-15,46,24,22
2019-08-15,67,22,45
2019-08-15,147,32,115
2019-08-15,223,20,203
2019-08-15,129,14,115
2019-08-15,76,15,61
2019-08-15,36,7,29
2019-08-15,27,10,17
2019-08-15,18,11,7
2019-08-15,5,0,5
2019-08-16,10,0,10
2019-08-16,6,5,1
2019-08-16,5,2,3
2019-08-16,0,0,0
2019-08-16,5,4,1
2019-08-16,26,20,6
2019-08-16,78,68,10
2019-08-16,130,117,13
2019-08-16,125,110,15
2019-08-16,63,53,10
2019-08-16,36,27,9
2019-08-16,41,26,15
2019-08-16,29,19,10
2019-08-16,33,9,24
2019-08-16,41,14,27
2019-08-16,57,18,39
2019-08-16,105,17,88
2019-08-16,150,30,120
2019-08-16,80,16,64
2019-08-16,47,14,33
2019-08-16,25,8,17
2019-08-16,12,0,12
2019-08-16,13,3,10
2019-08-16,5,1,4
2019-08-17,5,1,4
2019-08-17,6,2,4
2019-08-17,2,0,2
2019-08-17,1,1,0
2019-08-17,1,1,0
2019-08-17,4,2,2
2019-08-17,13,11,2
2019-08-17,29,19,10
2019-08-17,50,26,24
2019-08-17,47,24,23
2019-08-17,72,30,42
2019-08-17,74,42,32
2019-08-17,56,24,32
2019-08-17,69,36,33
2019-08-17,64,33,31
2019-08-17,61,28,33
2019-08-17,39,15,24
2019-08-17,47,26,21
2019-08-17,36,15,21
2019-08-17,28,7,21
2019-08-17,13,6,7
2019-08-17,15,7,8
2019-08-17,8,5,3
2019-08-17,17,9,8
2019-08-18,7,0,7
2019-08-18,6,4,2
2019-08-18,3,1,2
2019-08-18,2,0,2
2019-08-18,0,0,0
2019-08-18,5,3,2
2019-08-18,5,2,3
2019-08-18,14,10,4
2019-08-18,22,16,6
2019-08-18,33,19,14
2019-08-18,48,24,24
2019-08-18,77,43,34
2019-08-18,60,33,27
2019-08-18,54,34,20
2019-08-18,47,26,21
2019-08-18,58,28,30
2019-08-18,50,14,36
2019-08-18,50,18,32
2019-08-18,25,11,14
2019-08-18,27,21,6
2019-08-18,25,13,12
2019-08-18,5,2,3
2019-08-18,13,3,10
2019-08-18,1,0,1
2019-08-19,3,1,2
2019-08-19,6,4,2
2019-08-19,2,2,0
2019-08-19,2,2,0
2019-08-19,6,6,0
2019-08-19,26,20,6
2019-08-19,105,94,11
2019-08-19,149,135,14
2019-08-19,179,168,11
2019-08-19,71,65,6
2019-08-19,41,30,11
2019-08-19,17,7,10
2019-08-19,38,22,16
2019-08-19,27,15,12
2019-08-19,43,20,23
2019-08-19,63,14,49
2019-08-19,142,22,120
2019-08-19,205,24,181
2019-08-19,143,19,124
2019-08-19,54,15,39
2019-08-19,35,9,26
2019-08-19,14,4,10
2019-08-19,12,5,7
2019-08-19,3,1,2
2019-08-20,2,2,0
2019-08-20,6,1,5
2019-08-20,2,0,2
2019-08-20,4,4,0
2019-08-20,6,4,2
2019-08-20,34,30,4
2019-08-20,104,98,6
2019-08-20,192,176,16
2019-08-20,197,188,9
2019-08-20,81,72,9
2019-08-20,38,30,8
2019-08-20,31,12,19
2019-08-20,47,26,21
2019-08-20,29,11,18
2019-08-20,52,23,29
2019-08-20,53,18,35
2019-08-20,145,19,126
2019-08-20,268,36,232
2019-08-20,137,28,109
2019-08-20,64,13,51
2019-08-20,38,10,28
2019-08-20,11,2,9
2019-08-20,25,8,17
2019-08-20,7,1,6
2019-08-21,6,2,4
2019-08-21,2,0,2
2019-08-21,4,2,2
2019-08-21,1,1,0
2019-08-21,8,5,3
2019-08-21,21,17,4
2019-08-21,57,56,1
2019-08-21,89,84,5
2019-08-21,75,74,1
2019-08-21,36,33,3
2019-08-21,12,9,3
2019-08-21,14,7,7
2019-08-21,21,13,8
2019-08-21,4,3,1
2019-08-21,24,11,13
2019-08-21,38,9,29
2019-08-21,66,12,54
2019-08-21,112,15,97
2019-08-21,74,7,67
2019-08-21,26,4,22
2019-08-21,22,6,16
2019-08-21,10,2,8
2019-08-21,10,3,7
2019-08-21,2,1,1
2019-08-22,2,0,2
2019-08-22,1,0,1
2019-08-22,1,1,0
2019-08-22,2,0,2
2019-08-22,9,7,2
2019-08-22,32,28,4
2019-08-22,86,72,14
2019-08-22,120,107,13
2019-08-22,176,167,9
2019-08-22,66,55,11
2019-08-22,37,24,13
2019-08-22,26,19,7
2019-08-22,36,24,12
2019-08-22,37,19,18
2019-08-22,36,18,18
2019-08-22,71,19,52
2019-08-22,119,17,102
2019-08-22,202,30,172
2019-08-22,131,23,108
2019-08-22,55,19,36
2019-08-22,40,10,30
2019-08-22,22,6,16
2019-08-22,7,1,6
2019-08-22,3,0,3
2019-08-23,7,0,7
2019-08-23,0,0,0
2019-08-23,4,3,1
2019-08-23,2,1,1
2019-08-23,8,6,2
2019-08-23,36,30,6
2019-08-23,70,65,5
2019-08-23,118,110,8
2019-08-23,129,119,10
2019-08-23,63,53,10
2019-08-23,21,14,7
2019-08-23,30,16,14
2019-08-23,23,15,8
2019-08-23,42,19,23
2019-08-23,52,20,32
2019-08-23,71,20,51
2019-08-23,139,26,113
2019-08-23,151,31,120
2019-08-23,106,19,87
2019-08-23,46,13,33
2019-08-23,19,12,7
2019-08-23,19,3,16
2019-08-23,11,2,9
2019-08-23,10,4,6
2019-08-24,7,1,6
2019-08-24,3,2,1
2019-08-24,4,2,2
2019-08-24,4,0,4
2019-08-24,2,2,0
2019-08-24,3,2,1
2019-08-24,10,5,5
2019-08-24,17,12,5
2019-08-24,35,23,12
2019-08-24,45,22,23
2019-08-24,70,32,38
2019-08-24,112,69,43
2019-08-24,58,30,28
2019-08-24,65,28,37
2019-08-24,64,41,23
2019-08-24,48,28,20
2019-08-24,70,33,37
2019-08-24,60,29,31
2019-08-24,32,11,21
2019-08-24,30,12,18
2019-08-24,30,15,15
2019-08-24,5,2,3
2019-08-24,26,15,11
2019-08-24,6,2,4
2019-08-25,4,1,3
2019-08-25,3,1,2
2019-08-25,2,0,2
2019-08-25,1,0,1
2019-08-25,1,1,0
2019-08-25,6,4,2
2019-08-25,6,5,1
2019-08-25,15,4,11
2019-08-25,22,17,5
2019-08-25,33,17,16
2019-08-25,48,19,29
2019-08-25,48,29,19
2019-08-25,44,29,15
2019-08-25,59,37,22
2019-08-25,62,34,28
2019-08-25,69,31,38
2019-08-25,59,17,42
2019-08-25,47,14,33
2019-08-25,30,15,15
2019-08-25,28,16,12
2019-08-25,24,12,12
2019-08-25,9,5,4
2019-08-25,2,0,2
2019-08-25,5,2,3
2019-08-26,7,4,3
2019-08-26,3,0,3
2019-08-26,6,3,3
2019-08-26,2,1,1
2019-08-26,5,5,0
2019-08-26,27,23,4
2019-08-26,98,89,9
2019-08-26,169,151,18
2019-08-26,186,174,12
2019-08-26,59,49,10
2019-08-26,45,28,17
2019-08-26,20,15,5
2019-08-26,28,16,12
2019-08-26,26,16,10
2019-08-26,52,25,27
2019-08-26,60,11,49
2019-08-26,126,30,96
2019-08-26,244,30,214
2019-08-26,147,20,127
2019-08-26,56,9,47
2019-08-26,31,14,17
2019-08-26,17,5,12
2019-08-26,6,1,5
2019-08-26,6,0,6
2019-08-27,1,0,1
2019-08-27,3,0,3
2019-08-27,5,5,0
2019-08-27,6,1,5
2019-08-27,11,10,1
2019-08-27,37,32,5
2019-08-27,100,83,17
2019-08-27,191,176,15
2019-08-27,182,165,17
2019-08-27,84,77,7
2019-08-27,42,31,11
2019-08-27,43,28,15
2019-08-27,36,18,18
2019-08-27,34,18,16
2019-08-27,41,22,19
2019-08-27,55,14,41
2019-08-27,153,25,128
2019-08-27,247,37,210
2019-08-27,147,25,122
2019-08-27,90,17,73
2019-08-27,30,10,20
2019-08-27,23,8,15
2019-08-27,26,10,16
2019-08-27,5,1,4
2019-08-28,1,0,1
2019-08-28,3,1,2
2019-08-28,4,3,1
2019-08-28,3,0,3
2019-08-28,6,3,3
2019-08-28,29,25,4
2019-08-28,109,92,17
2019-08-28,162,148,14
2019-08-28,175,161,14
2019-08-28,76,69,7
2019-08-28,32,25,7
2019-08-28,28,16,12
2019-08-28,39,27,12
2019-08-28,21,14,7
2019-08-28,38,16,22
2019-08-28,57,14,43
2019-08-28,160,30,130
2019-08-28,227,29,198
2019-08-28,145,14,131
2019-08-28,72,16,56
2019-08-28,62,33,29
2019-08-28,17,8,9
2019-08-28,9,3,6
2019-08-28,8,3,5
2019-08-29,7,5,2
2019-08-29,2,1,1
2019-08-29,5,3,2
2019-08-29,3,2,1
2019-08-29,9,7,2
2019-08-29,27,22,5
2019-08-29,99,85,14
2019-08-29,157,144,13
2019-08-29,168,156,12
2019-08-29,73,63,10
2019-08-29,43,32,11
2019-08-29,32,19,13
2019-08-29,28,17,11
2019-08-29,31,14,17
2019-08-29,42,18,24
2019-08-29,88,32,56
2019-08-29,143,31,112
2019-08-29,222,27,195
2019-08-29,101,12,89
2019-08-29,43,6,37
2019-08-29,8,2,6
2019-08-29,15,4,11
2019-08-29,9,1,8
2019-08-29,3,0,3
2019-08-30,5,2,3
2019-08-30,1,0,1
2019-08-30,1,0,1
2019-08-30,0,0,0
2019-08-30,7,5,2
2019-08-30,25,21,4
2019-08-30,56,51,5
2019-08-30,112,97,15
2019-08-30,112,101,11
2019-08-30,48,38,10
2019-08-30,41,27,14
2019-08-30,25,15,10
2019-08-30,38,22,16
2019-08-30,31,17,14
2019-08-30,37,11,26
2019-08-30,88,21,67
2019-08-30,118,27,91
2019-08-30,133,15,118
2019-08-30,67,15,52
2019-08-30,46,12,34
2019-08-30,33,15,18
2019-08-30,15,5,10
2019-08-30,10,1,9
2019-08-30,5,1,4
2019-08-31,6,4,2
2019-08-31,8,2,6
2019-08-31,3,3,0
2019-08-31,0,0,0
2019-08-31,1,1,0
2019-08-31,3,2,1
2019-08-31,10,8,2
2019-08-31,13,6,7
2019-08-31,42,23,19
2019-08-31,35,22,13
2019-08-31,63,39,24
2019-08-31,53,28,25
2019-08-31,58,33,25
2019-08-31,53,22,31
2019-08-31,58,30,28
2019-08-31,65,26,39
2019-08-31,44,20,24
2019-08-31,36,17,19
2019-08-31,35,25,10
2019-08-31,22,9,13
2019-08-31,26,7,19
2019-08-31,11,3,8
2019-08-31,3,1,2
2019-08-31,6,2,4
2019-09-01,3,2,1
2019-09-01,3,0,3
2019-09-01,1,1,0
2019-09-01,0,0,0
2019-09-01,1,0,1
2019-09-01,3,0,3
2019-09-01,5,3,2
2019-09-01,14,11,3
2019-09-01,43,18,25
2019-09-01,56,37,19
2019-09-01,75,44,31
2019-09-01,50,24,26
2019-09-01,63,36,27
2019-09-01,76,40,36
2019-09-01,79,54,25
2019-09-01,81,47,34
2019-09-01,72,31,41
2019-09-01,48,17,31
2019-09-01,45,15,30
2019-09-01,33,13,20
2019-09-01,20,9,11
2019-09-01,14,8,6
2019-09-01,10,2,8
2019-09-01,2,1,1
2019-09-02,3,0,3
2019-09-02,3,1,2
2019-09-02,1,1,0
2019-09-02,0,0,0
2019-09-02,2,1,1
2019-09-02,1,1,0
2019-09-02,10,8,2
2019-09-02,22,18,4
2019-09-02,30,17,13
2019-09-02,53,25,28
2019-09-02,63,28,35
2019-09-02,54,23,31
2019-09-02,61,35,26
2019-09-02,80,40,40
2019-09-02,82,38,44
2019-09-02,72,36,36
2019-09-02,72,38,34
2019-09-02,65,24,41
2019-09-02,48,17,31
2019-09-02,24,17,7
2019-09-02,26,19,7
2019-09-02,9,8,1
2019-09-02,7,1,6
2019-09-02,3,1,2
2019-09-03,0,0,0
2019-09-03,1,0,1
2019-09-03,4,3,1
2019-09-03,3,2,1
2019-09-03,5,5,0
2019-09-03,31,30,1
2019-09-03,93,85,8
2019-09-03,185,169,16
2019-09-03,194,175,19
2019-09-03,74,72,2
2019-09-03,49,33,16
2019-09-03,23,12,11
2019-09-03,28,20,8
2019-09-03,37,18,19
2019-09-03,45,22,23
2019-09-03,68,18,50
2019-09-03,165,28,137
2019-09-03,245,31,214
2019-09-03,139,21,118
2019-09-03,61,15,46
2019-09-03,24,10,14
2019-09-03,8,2,6
2019-09-03,11,1,10
2019-09-03,4,1,3
2019-09-04,4,0,4
2019-09-04,2,1,1
2019-09-04,4,4,0
2019-09-04,0,0,0
2019-09-04,3,3,0
2019-09-04,45,37,8
2019-09-04,106,99,7
2019-09-04,175,159,16
2019-09-04,205,194,11
2019-09-04,91,82,9
2019-09-04,34,25,9
2019-09-04,28,17,11
2019-09-04,27,11,16
2019-09-04,41,21,20
2019-09-04,44,20,24
2019-09-04,65,16,49
2019-09-04,131,17,114
2019-09-04,275,33,242
2019-09-04,161,27,134
2019-09-04,72,22,50
2019-09-04,26,7,19
2019-09-04,16,5,11
2019-09-04,9,3,6
2019-09-04,7,1,6
2019-09-05,4,2,2
2019-09-05,2,2,0
2019-09-05,4,2,2
2019-09-05,1,1,0
2019-09-05,9,7,2
2019-09-05,27,24,3
2019-09-05,101,89,12
2019-09-05,161,139,22
2019-09-05,178,166,12
2019-09-05,84,74,10
2019-09-05,37,23,14
2019-09-05,17,13,4
2019-09-05,33,11,22
2019-09-05,28,15,13
2019-09-05,41,21,20
2019-09-05,64,27,37
2019-09-05,139,18,121
2019-09-05,212,25,187
2019-09-05,122,16,106
2019-09-05,59,10,49
2019-09-05,20,7,13
2019-09-05,15,3,12
2019-09-05,3,0,3
2019-09-05,6,3,3
2019-09-06,3,0,3
2019-09-06,3,2,1
2019-09-06,2,1,1
2019-09-06,0,0,0
2019-09-06,8,6,2
2019-09-06,33,28,5
2019-09-06,77,63,14
2019-09-06,141,132,9
2019-09-06,157,149,8
2019-09-06,58,48,10
2019-09-06,39,30,9
2019-09-06,29,19,10
2019-09-06,33,14,19
2019-09-06,54,28,26
2019-09-06,54,20,34
2019-09-06,85,26,59
2019-09-06,147,16,131
2019-09-06,189,28,161
2019-09-06,108,28,80
2019-09-06,58,15,43
2019-09-06,31,11,20
2019-09-06,10,3,7
2019-09-06,13,4,9
2019-09-06,6,2,4
2019-09-07,2,0,2
2019-09-07,6,2,4
2019-09-07,5,1,4
2019-09-07,7,3,4
2019-09-07,3,1,2
2019-09-07,3,1,2
2019-09-07,11,8,3
2019-09-07,15,8,7
2019-09-07,57,37,20
2019-09-07,44,26,18
2019-09-07,73,33,40
2019-09-07,53,32,21
2019-09-07,54,31,23
2019-09-07,58,31,27
2019-09-07,50,26,24
2019-09-07,50,26,24
2019-09-07,38,16,22
2019-09-07,51,23,28
2019-09-07,31,16,15
2019-09-07,19,7,12
2019-09-07,3,1,2
2019-09-07,8,1,7
2019-09-07,4,0,4
2019-09-07,5,1,4
2019-09-08,1,0,1
2019-09-08,1,0,1
2019-09-08,1,0,1
2019-09-08,0,0,0
2019-09-08,4,2,2
2019-09-08,2,2,0
2019-09-08,4,4,0
2019-09-08,3,1,2
2019-09-08,11,7,4
2019-09-08,33,21,12
2019-09-08,18,9,9
2019-09-08,21,10,11
2019-09-08,23,14,9
2019-09-08,20,15,5
2019-09-08,31,11,20
2019-09-08,24,16,8
2019-09-08,33,8,25
2019-09-08,34,10,24
2019-09-08,14,4,10
2019-09-08,17,11,6
2019-09-08,5,2,3
2019-09-08,6,2,4
2019-09-08,4,1,3
2019-09-08,2,1,1
2019-09-09,1,1,0
2019-09-09,1,0,1
2019-09-09,1,1,0
2019-09-09,2,1,1
2019-09-09,9,7,2
2019-09-09,15,13,2
2019-09-09,65,56,9
2019-09-09,137,124,13
2019-09-09,109,99,10
2019-09-09,50,45,5
2019-09-09,17,13,4
2019-09-09,12,9,3
2019-09-09,15,10,5
2019-09-09,14,7,7
2019-09-09,10,7,3
2019-09-09,37,6,31
2019-09-09,82,11,71
2019-09-09,156,13,143
2019-09-09,73,8,65
2019-09-09,32,3,29
2019-09-09,9,1,8
2019-09-09,12,4,8
2019-09-09,4,2,2
2019-09-09,5,2,3
2019-09-10,0,0,0
2019-09-10,2,0,2
2019-09-10,4,3,1
2019-09-10,2,1,1
2019-09-10,8,7,1
2019-09-10,21,18,3
2019-09-10,71,62,9
2019-09-10,119,105,14
2019-09-10,150,138,12
2019-09-10,53,44,9
2019-09-10,20,18,2
2019-09-10,24,16,8
2019-09-10,21,9,12
2019-09-10,34,17,17
2019-09-10,40,21,19
2019-09-10,51,17,34
2019-09-10,106,17,89
2019-09-10,195,25,170
2019-09-10,108,22,86
2019-09-10,38,3,35
2019-09-10,21,9,12
2019-09-10,19,5,14
2019-09-10,7,0,7
2019-09-10,9,4,5
2019-09-11,7,2,5
2019-09-11,2,1,1
2019-09-11,4,2,2
2019-09-11,4,2,2
2019-09-11,8,4,4
2019-09-11,29,26,3
2019-09-11,83,74,9
2019-09-11,161,147,14
2019-09-11,199,186,13
2019-09-11,79,61,18
2019-09-11,34,28,6
2019-09-11,24,15,9
2019-09-11,23,10,13
2019-09-11,32,18,14
2019-09-11,40,21,19
2019-09-11,75,23,52
2019-09-11,150,29,121
2019-09-11,227,33,194
2019-09-11,137,28,109
2019-09-11,58,14,44
2019-09-11,20,4,16
2019-09-11,15,5,10
2019-09-11,15,5,10
2019-09-11,3,0,3
2019-09-12,5,0,5
2019-09-12,0,0,0
2019-09-12,5,2,3
2019-09-12,2,2,0
2019-09-12,5,4,1
2019-09-12,26,21,5
2019-09-12,90,79,11
2019-09-12,160,142,18
2019-09-12,195,180,15
2019-09-12,75,66,9
2019-09-12,48,36,12
2019-09-12,40,16,24
2019-09-12,46,29,17
2019-09-12,41,23,18
2019-09-12,33,13,20
2019-09-12,80,30,50
2019-09-12,144,31,113
2019-09-12,232,21,211
2019-09-12,138,20,118
2019-09-12,49,12,37
2019-09-12,27,7,20
2019-09-12,11,1,10
2019-09-12,7,0,7
2019-09-12,6,4,2
2019-09-13,1,0,1
2019-09-13,0,0,0
2019-09-13,5,0,5
2019-09-13,4,4,0
2019-09-13,7,5,2
2019-09-13,19,15,4
2019-09-13,45,40,5
2019-09-13,117,99,18
2019-09-13,135,121,14
2019-09-13,61,55,6
2019-09-13,27,19,8
2019-09-13,29,23,6
2019-09-13,35,9,26
2019-09-13,23,11,12
2019-09-13,47,25,22
2019-09-13,58,18,40
2019-09-13,111,20,91
2019-09-13,165,18,147
2019-09-13,86,20,66
2019-09-13,42,11,31
2019-09-13,17,6,11
2019-09-13,14,2,12
2019-09-13,5,1,4
2019-09-13,5,0,5
2019-09-14,5,0,5
2019-09-14,2,0,2
2019-09-14,1,1,0
2019-09-14,1,0,1
2019-09-14,2,2,0
2019-09-14,5,4,1
2019-09-14,14,6,8
2019-09-14,16,13,3
2019-09-14,38,22,16
2019-09-14,29,17,12
2019-09-14,49,26,23
2019-09-14,56,28,28
2019-09-14,43,23,20
2019-09-14,52,22,30
2019-09-14,45,29,16
2019-09-14,34,22,12
2019-09-14,38,21,17
2019-09-14,21,8,13
2019-09-14,21,6,15
2019-09-14,14,5,9
2019-09-14,5,2,3
2019-09-14,5,3,2
2019-09-14,5,4,1
2019-09-14,8,2,6
2019-09-15,4,0,4
2019-09-15,1,1,0
2019-09-15,3,2,1
2019-09-15,1,1,0
2019-09-15,0,0,0
2019-09-15,0,0,0
2019-09-15,2,1,1
2019-09-15,7,5,2
2019-09-15,7,6,1
2019-09-15,7,5,2
2019-09-15,7,5,2
2019-09-15,12,3,9
2019-09-15,9,5,4
2019-09-15,9,4,5
2019-09-15,15,11,4
2019-09-15,18,6,12
2019-09-15,9,8,1
2019-09-15,16,5,11
2019-09-15,16,9,7
2019-09-15,7,2,5
2019-09-15,4,2,2
2019-09-15,2,2,0
2019-09-15,6,0,6
2019-09-15,14,10,4
2019-09-16,2,0,2
2019-09-16,3,2,1
2019-09-16,1,1,0
2019-09-16,0,0,0
2019-09-16,8,6,2
2019-09-16,12,10,2
2019-09-16,70,66,4
2019-09-16,153,137,16
2019-09-16,177,165,12
2019-09-16,56,52,4
2019-09-16,30,22,8
2019-09-16,23,14,9
2019-09-16,22,14,8
2019-09-16,30,18,12
2019-09-16,33,13,20
2019-09-16,53,12,41
2019-09-16,132,26,106
2019-09-16,214,16,198
2019-09-16,117,15,102
2019-09-16,41,11,30
2019-09-16,13,6,7
2019-09-16,22,6,16
2019-09-16,7,3,4
2019-09-16,5,0,5
2019-09-17,4,1,3
2019-09-17,2,1,1
2019-09-17,2,1,1
2019-09-17,5,2,3
2019-09-17,9,7,2
2019-09-17,21,18,3
2019-09-17,66,52,14
2019-09-17,116,108,8
2019-09-17,107,97,10
2019-09-17,34,29,5
2019-09-17,12,9,3
2019-09-17,11,7,4
2019-09-17,9,4,5
2019-09-17,12,8,4
2019-09-17,11,5,6
2019-09-17,29,10,19
2019-09-17,79,11,68
2019-09-17,148,9,139
2019-09-17,61,9,52
2019-09-17,25,6,19
2019-09-17,9,1,8
2019-09-17,5,2,3
2019-09-17,5,2,3
2019-09-17,6,2,4
2019-09-18,2,0,2
2019-09-18,0,0,0
2019-09-18,4,3,1
2019-09-18,4,3,1
2019-09-18,6,3,3
2019-09-18,12,9,3
2019-09-18,71,65,6
2019-09-18,136,125,11
2019-09-18,149,138,11
2019-09-18,54,50,4
2019-09-18,31,21,10
2019-09-18,19,14,5
2019-09-18,0,0,0
2019-09-18,11,6,5
2019-09-18,42,21,21
2019-09-18,65,19,46
2019-09-18,108,13,95
2019-09-18,170,27,143
2019-09-18,111,18,93
2019-09-18,46,11,35
2019-09-18,26,4,22
2019-09-18,16,4,12
2019-09-18,23,4,19
2019-09-18,9,0,9
2019-09-19,4,2,2
2019-09-19,4,2,2
2019-09-19,4,1,3
2019-09-19,3,2,1
2019-09-19,4,4,0
2019-09-19,23,19,4
2019-09-19,102,94,8
2019-09-19,135,123,12
2019-09-19,171,161,10
2019-09-19,69,57,12
2019-09-19,30,18,12
2019-09-19,35,20,15
2019-09-19,32,16,16
2019-09-19,39,19,20
2019-09-19,37,20,17
2019-09-19,70,17,53
2019-09-19,137,15,122
2019-09-19,176,16,160
2019-09-19,123,22,101
2019-09-19,46,8,38
2019-09-19,10,4,6
2019-09-19,21,6,15
2019-09-19,13,1,12
2019-09-19,5,1,4
2019-09-20,4,1,3
2019-09-20,2,1,1
2019-09-20,4,1,3
2019-09-20,1,0,1
2019-09-20,3,2,1
2019-09-20,14,10,4
2019-09-20,60,54,6
2019-09-20,111,98,13
2019-09-20,141,125,16
2019-09-20,60,55,5
2019-09-20,36,33,3
2019-09-20,21,16,5
2019-09-20,19,16,3
2019-09-20,34,14,20
2019-09-20,33,11,22
2019-09-20,88,27,61
2019-09-20,139,30,109
2019-09-20,148,14,134
2019-09-20,76,10,66
2019-09-20,41,9,32
2019-09-20,11,3,8
2019-09-20,12,7,5
2019-09-20,9,1,8
2019-09-20,8,1,7
2019-09-21,5,4,1
2019-09-21,1,1,0
2019-09-21,1,0,1
2019-09-21,3,2,1
2019-09-21,1,0,1
2019-09-21,2,1,1
2019-09-21,14,9,5
2019-09-21,19,15,4
2019-09-21,30,13,17
2019-09-21,46,31,15
2019-09-21,52,23,29
2019-09-21,110,69,41
2019-09-21,92,34,58
2019-09-21,92,39,53
2019-09-21,69,39,30
2019-09-21,69,35,34
2019-09-21,75,38,37
2019-09-21,44,20,24
2019-09-21,33,15,18
2019-09-21,16,7,9
2019-09-21,10,4,6
2019-09-21,5,2,3
2019-09-21,6,4,2
2019-09-21,6,1,5
2019-09-22,4,0,4
2019-09-22,1,0,1
2019-09-22,3,1,2
2019-09-22,1,1,0
2019-09-22,0,0,0
2019-09-22,6,2,4
2019-09-22,5,4,1
2019-09-22,1,0,1
2019-09-22,8,5,3
2019-09-22,15,9,6
2019-09-22,12,8,4
2019-09-22,14,9,5
2019-09-22,8,3,5
2019-09-22,7,3,4
2019-09-22,6,3,3
2019-09-22,3,2,1
2019-09-22,12,3,9
2019-09-22,21,6,15
2019-09-22,12,4,8
2019-09-22,9,3,6
2019-09-22,7,1,6
2019-09-22,2,0,2
2019-09-22,2,0,2
2019-09-22,2,1,1
2019-09-23,1,0,1
2019-09-23,6,2,4
2019-09-23,0,0,0
2019-09-23,1,1,0
2019-09-23,5,4,1
2019-09-23,23,19,4
2019-09-23,82,71,11
2019-09-23,160,152,8
2019-09-23,174,165,9
2019-09-23,51,49,2
2019-09-23,23,19,4
2019-09-23,14,12,2
2019-09-23,16,7,9
2019-09-23,8,3,5
2019-09-23,24,10,14
2019-09-23,37,7,30
2019-09-23,103,13,90
2019-09-23,179,17,162
2019-09-23,106,9,97
2019-09-23,31,4,27
2019-09-23,13,1,12
2019-09-23,8,1,7
2019-09-23,2,1,1
2019-09-23,5,2,3
2019-09-24,1,0,1
2019-09-24,3,3,0
2019-09-24,3,1,2
2019-09-24,2,1,1
2019-09-24,4,3,1
2019-09-24,33,26,7
2019-09-24,72,65,7
2019-09-24,141,127,14
2019-09-24,160,150,10
2019-09-24,44,35,9
2019-09-24,26,23,3
2019-09-24,24,17,7
2019-09-24,13,9,4
2019-09-24,17,6,11
2019-09-24,32,19,13
2019-09-24,71,25,46
2019-09-24,122,16,106
2019-09-24,186,18,168
2019-09-24,129,12,117
2019-09-24,37,6,31
2019-09-24,16,3,13
2019-09-24,10,1,9
2019-09-24,8,0,8
2019-09-24,3,0,3
2019-09-25,3,1,2
2019-09-25,0,0,0
2019-09-25,5,4,1
2019-09-25,3,1,2
2019-09-25,6,4,2
2019-09-25,28,22,6
2019-09-25,73,68,5
2019-09-25,155,141,14
2019-09-25,177,166,11
2019-09-25,54,49,5
2019-09-25,42,33,9
2019-09-25,26,12,14
2019-09-25,43,27,16
2019-09-25,39,20,19
2019-09-25,33,14,19
2019-09-25,73,27,46
2019-09-25,127,22,105
2019-09-25,216,21,195
2019-09-25,138,19,119
2019-09-25,52,15,37
2019-09-25,21,9,12
2019-09-25,16,7,9
2019-09-25,17,3,14
2019-09-25,4,1,3
2019-09-26,4,0,4
2019-09-26,3,3,0
2019-09-26,2,1,1
2019-09-26,0,0,0
2019-09-26,6,3,3
2019-09-26,19,14,5
2019-09-26,65,60,5
2019-09-26,103,91,12
2019-09-26,127,120,7
2019-09-26,46,40,6
2019-09-26,34,20,14
2019-09-26,24,13,11
2019-09-26,24,17,7
2019-09-26,24,13,11
2019-09-26,26,12,14
2019-09-26,61,17,44
2019-09-26,92,13,79
2019-09-26,155,25,130
2019-09-26,108,21,87
2019-09-26,34,8,26
2019-09-26,27,12,15
2019-09-26,21,4,17
2019-09-26,11,1,10
2019-09-26,3,0,3
2019-09-27,2,2,0
2019-09-27,2,1,1
2019-09-27,2,1,1
2019-09-27,2,2,0
2019-09-27,9,5,4
2019-09-27,20,17,3
2019-09-27,34,29,5
2019-09-27,97,91,6
2019-09-27,118,110,8
2019-09-27,36,32,4
2019-09-27,24,19,5
2019-09-27,17,11,6
2019-09-27,23,16,7
2019-09-27,25,10,15
2019-09-27,30,11,19
2019-09-27,71,23,48
2019-09-27,104,21,83
2019-09-27,106,16,90
2019-09-27,67,8,59
2019-09-27,20,5,15
2019-09-27,8,1,7
2019-09-27,8,2,6
2019-09-27,6,4,2
2019-09-27,9,4,5
2019-09-28,3,1,2
2019-09-28,2,0,2
2019-09-28,0,0,0
2019-09-28,0,0,0
2019-09-28,1,1,0
2019-09-28,6,6,0
2019-09-28,5,4,1
2019-09-28,7,5,2
2019-09-28,12,5,7
2019-09-28,25,8,17
2019-09-28,13,9,4
2019-09-28,21,15,6
2019-09-28,39,18,21
2019-09-28,41,21,20
2019-09-28,47,25,22
2019-09-28,51,28,23
2019-09-28,45,19,26
2019-09-28,40,12,28
2019-09-28,29,11,18
2019-09-28,8,6,2
2019-09-28,14,2,12
2019-09-28,13,6,7
2019-09-28,4,2,2
2019-09-28,1,0,1
2019-09-29,5,1,4
2019-09-29,4,2,2
2019-09-29,1,1,0
2019-09-29,3,2,1
2019-09-29,3,1,2
2019-09-29,3,2,1
2019-09-29,8,7,1
2019-09-29,7,3,4
2019-09-29,21,12,9
2019-09-29,23,19,4
2019-09-29,32,16,16
2019-09-29,39,19,20
2019-09-29,45,21,24
2019-09-29,42,20,22
2019-09-29,33,20,13
2019-09-29,36,20,16
2019-09-29,32,16,16
2019-09-29,20,8,12
2019-09-29,18,14,4
2019-09-29,6,2,4
2019-09-29,8,2,6
2019-09-29,8,0,8
2019-09-29,4,2,2
2019-09-29,2,1,1
2019-09-30,2,1,1
2019-09-30,1,0,1
2019-09-30,2,0,2
2019-09-30,4,3,1
2019-09-30,8,6,2
2019-09-30,24,21,3
2019-09-30,62,58,4
2019-09-30,138,127,11
2019-09-30,183,172,11
2019-09-30,64,54,10
2019-09-30,40,29,11
2019-09-30,19,12,7
2019-09-30,17,9,8
2019-09-30,30,16,14
2019-09-30,38,17,21
2019-09-30,63,21,42
2019-09-30,136,20,116
2019-09-30,205,13,192
2019-09-30,113,9,104
2019-09-30,45,8,37
2019-09-30,13,1,12
2019-09-30,7,3,4
2019-09-30,1,0,1
2019-09-30,6,2,4
2019-10-01,1,0,1
2019-10-01,3,1,2
2019-10-01,2,1,1
2019-10-01,0,0,0
2019-10-01,5,4,1
2019-10-01,25,21,4
2019-10-01,97,85,12
2019-10-01,152,140,12
2019-10-01,170,159,11
2019-10-01,63,56,7
2019-10-01,34,25,9
2019-10-01,29,19,10
2019-10-01,34,22,12
2019-10-01,31,16,15
2019-10-01,49,20,29
2019-10-01,74,17,57
2019-10-01,145,20,125
2019-10-01,227,17,210
2019-10-01,123,17,106
2019-10-01,63,19,44
2019-10-01,23,9,14
2019-10-01,25,19,6
2019-10-01,8,2,6
2019-10-01,1,0,1
2019-10-02,0,0,0
2019-10-02,0,0,0
2019-10-02,4,2,2
2019-10-02,4,3,1
2019-10-02,2,1,1
2019-10-02,31,24,7
2019-10-02,76,66,10
2019-10-02,144,130,14
2019-10-02,166,159,7
2019-10-02,61,51,10
2019-10-02,32,23,9
2019-10-02,27,17,10
2019-10-02,24,16,8
2019-10-02,30,14,16
2019-10-02,30,11,19
2019-10-02,50,15,35
2019-10-02,118,19,99
2019-10-02,219,24,195
2019-10-02,98,17,81
2019-10-02,32,3,29
2019-10-02,17,3,14
2019-10-02,10,3,7
2019-10-02,9,3,6
2019-10-02,4,1,3
2019-10-03,1,0,1
2019-10-03,0,0,0
2019-10-03,4,2,2
2019-10-03,2,1,1
2019-10-03,5,3,2
2019-10-03,25,22,3
2019-10-03,68,65,3
2019-10-03,129,118,11
2019-10-03,128,122,6
2019-10-03,71,58,13
2019-10-03,18,15,3
2019-10-03,12,10,2
2019-10-03,27,16,11
2019-10-03,21,12,9
2019-10-03,43,17,26
2019-10-03,54,15,39
2019-10-03,123,17,106
2019-10-03,159,18,141
2019-10-03,86,17,69
2019-10-03,30,8,22
2019-10-03,30,10,20
2019-10-03,33,4,29
2019-10-03,3,0,3
2019-10-03,2,0,2
2019-10-04,2,1,1
2019-10-04,1,0,1
2019-10-04,1,1,0
2019-10-04,2,1,1
2019-10-04,6,3,3
2019-10-04,16,12,4
2019-10-04,49,42,7
2019-10-04,117,104,13
2019-10-04,128,119,9
2019-10-04,53,48,5
2019-10-04,22,16,6
2019-10-04,26,18,8
2019-10-04,14,10,4
2019-10-04,19,11,8
2019-10-04,31,7,24
2019-10-04,58,17,41
2019-10-04,103,18,85
2019-10-04,126,17,109
2019-10-04,68,11,57
2019-10-04,29,7,22
2019-10-04,13,5,8
2019-10-04,7,2,5
2019-10-04,8,2,6
2019-10-04,6,3,3
2019-10-05,3,2,1
2019-10-05,3,0,3
2019-10-05,2,0,2
2019-10-05,3,0,3
2019-10-05,0,0,0
2019-10-05,1,1,0
2019-10-05,9,7,2
2019-10-05,14,8,6
2019-10-05,30,25,5
2019-10-05,23,16,7
2019-10-05,48,15,33
2019-10-05,56,36,20
2019-10-05,43,25,18
2019-10-05,52,31,21
2019-10-05,40,18,22
2019-10-05,75,40,35
2019-10-05,47,15,32
2019-10-05,36,23,13
2019-10-05,15,8,7
2019-10-05,18,5,13
2019-10-05,10,1,9
2019-10-05,6,2,4
2019-10-05,4,2,2
2019-10-05,5,0,5
2019-10-06,4,1,3
2019-10-06,1,0,1
2019-10-06,1,0,1
2019-10-06,2,1,1
2019-10-06,2,1,1
2019-10-06,5,4,1
2019-10-06,5,4,1
2019-10-06,9,5,4
2019-10-06,18,15,3
2019-10-06,28,16,12
2019-10-06,23,12,11
2019-10-06,73,42,31
2019-10-06,90,64,26
2019-10-06,64,36,28
2019-10-06,59,27,32
2019-10-06,85,33,52
2019-10-06,68,26,42
2019-10-06,28,15,13
2019-10-06,27,10,17
2019-10-06,11,6,5
2019-10-06,10,2,8
2019-10-06,6,3,3
2019-10-06,2,1,1
2019-10-06,4,1,3
2019-10-07,1,1,0
2019-10-07,0,0,0
2019-10-07,1,0,1
2019-10-07,3,0,3
2019-10-07,4,4,0
2019-10-07,20,17,3
2019-10-07,68,55,13
2019-10-07,126,116,10
2019-10-07,156,146,10
2019-10-07,61,55,6
2019-10-07,18,17,1
2019-10-07,11,6,5
2019-10-07,8,3,5
2019-10-07,11,7,4
2019-10-07,24,13,11
2019-10-07,43,13,30
2019-10-07,105,14,91
2019-10-07,175,17,158
2019-10-07,101,14,87
2019-10-07,30,7,23
2019-10-07,8,0,8
2019-10-07,14,6,8
2019-10-07,3,0,3
2019-10-07,3,1,2
2019-10-08,1,0,1
2019-10-08,0,0,0
2019-10-08,1,0,1
2019-10-08,1,1,0
2019-10-08,2,2,0
2019-10-08,31,26,5
2019-10-08,60,48,12
2019-10-08,122,109,13
2019-10-08,175,163,12
2019-10-08,82,72,10
2019-10-08,36,26,10
2019-10-08,15,8,7
2019-10-08,12,5,7
2019-10-08,13,6,7
2019-10-08,19,9,10
2019-10-08,41,10,31
2019-10-08,122,21,101
2019-10-08,175,12,163
2019-10-08,109,10,99
2019-10-08,42,9,33
2019-10-08,16,4,12
2019-10-08,8,3,5
2019-10-08,2,1,1
2019-10-08,2,1,1
2019-10-09,0,0,0
2019-10-09,3,3,0
2019-10-09,4,2,2
2019-10-09,1,1,0
2019-10-09,3,2,1
2019-10-09,21,17,4
2019-10-09,61,55,6
2019-10-09,142,131,11
2019-10-09,170,157,13
2019-10-09,63,54,9
2019-10-09,18,13,5
2019-10-09,20,13,7
2019-10-09,28,11,17
2019-10-09,34,16,18
2019-10-09,38,18,20
2019-10-09,62,16,46
2019-10-09,111,19,92
2019-10-09,221,34,187
2019-10-09,113,15,98
2019-10-09,40,6,34
2019-10-09,29,9,20
2019-10-09,13,2,11
2019-10-09,6,3,3
2019-10-09,2,0,2
2019-10-10,3,0,3
2019-10-10,1,0,1
2019-10-10,1,0,1
2019-10-10,2,1,1
2019-10-10,2,1,1
2019-10-10,28,22,6
2019-10-10,66,52,14
2019-10-10,122,111,11
2019-10-10,137,130,7
2019-10-10,61,53,8
2019-10-10,38,29,9
2019-10-10,16,13,3
2019-10-10,21,14,7
2019-10-10,38,20,18
2019-10-10,26,12,14
2019-10-10,65,17,48
2019-10-10,126,21,105
2019-10-10,167,17,150
2019-10-10,95,9,86
2019-10-10,40,10,30
2019-10-10,18,5,13
2019-10-10,9,2,7
2019-10-10,3,0,3
2019-10-10,4,1,3
2019-10-11,6,2,4
2019-10-11,0,0,0
2019-10-11,3,1,2
2019-10-11,2,1,1
2019-10-11,5,5,0
2019-10-11,13,10,3
2019-10-11,47,39,8
2019-10-11,103,98,5
2019-10-11,121,110,11
2019-10-11,46,37,9
2019-10-11,26,15,11
2019-10-11,14,9,5
2019-10-11,31,12,19
2019-10-11,36,27,9
2019-10-11,37,11,26
2019-10-11,56,15,41
2019-10-11,104,15,89
2019-10-11,146,17,129
2019-10-11,76,20,56
2019-10-11,33,7,26
2019-10-11,15,0,15
2019-10-11,4,1,3
2019-10-11,4,2,2
2019-10-11,4,3,1
2019-10-12,0,0,0
2019-10-12,4,2,2
2019-10-12,4,1,3
2019-10-12,6,3,3
2019-10-12,2,0,2
2019-10-12,2,2,0
2019-10-12,7,4,3
2019-10-12,5,4,1
2019-10-12,25,20,5
2019-10-12,29,15,14
2019-10-12,50,15,35
2019-10-12,52,21,31
2019-10-12,70,53,17
2019-10-12,39,23,16
2019-10-12,30,14,16
2019-10-12,55,18,37
2019-10-12,39,20,19
2019-10-12,34,13,21
2019-10-12,18,12,6
2019-10-12,5,1,4
2019-10-12,3,3,0
2019-10-12,8,5,3
2019-10-12,6,3,3
2019-10-12,3,0,3
2019-10-13,2,1,1
2019-10-13,2,1,1
2019-10-13,2,1,1
2019-10-13,1,1,0
2019-10-13,1,0,1
2019-10-13,3,2,1
2019-10-13,0,0,0
2019-10-13,6,4,2
2019-10-13,15,9,6
2019-10-13,18,11,7
2019-10-13,16,8,8
2019-10-13,33,16,17
2019-10-13,43,26,17
2019-10-13,28,20,8
2019-10-13,42,25,17
2019-10-13,40,19,21
2019-10-13,38,22,16
2019-10-13,15,7,8
2019-10-13,18,9,9
2019-10-13,9,2,7
2019-10-13,5,0,5
2019-10-13,3,2,1
2019-10-13,4,0,4
2019-10-13,1,1,0
2019-10-14,1,0,1
2019-10-14,2,0,2
2019-10-14,3,3,0
2019-10-14,4,2,2
2019-10-14,2,2,0
2019-10-14,20,17,3
2019-10-14,69,62,7
2019-10-14,156,151,5
2019-10-14,170,163,7
2019-10-14,60,53,7
2019-10-14,32,25,7
2019-10-14,20,8,12
2019-10-14,23,13,10
2019-10-14,34,21,13
2019-10-14,44,18,26
2019-10-14,62,19,43
2019-10-14,165,33,132
2019-10-14,204,14,190
2019-10-14,98,6,92
2019-10-14,40,7,33
2019-10-14,18,7,11
2019-10-14,12,3,9
2019-10-14,8,6,2
2019-10-14,5,3,2
2019-10-15,1,0,1
2019-10-15,0,0,0
2019-10-15,3,1,2
2019-10-15,3,2,1
2019-10-15,6,3,3
2019-10-15,32,27,5
2019-10-15,78,65,13
2019-10-15,151,124,27
2019-10-15,156,142,14
2019-10-15,70,62,8
2019-10-15,36,31,5
2019-10-15,26,11,15
2019-10-15,25,15,10
2019-10-15,34,17,17
2019-10-15,27,13,14
2019-10-15,52,19,33
2019-10-15,133,18,115
2019-10-15,217,13,204
2019-10-15,108,18,90
2019-10-15,29,5,24
2019-10-15,13,2,11
2019-10-15,11,4,7
2019-10-15,7,2,5
2019-10-15,9,2,7
2019-10-16,5,3,2
2019-10-16,1,0,1
2019-10-16,2,2,0
2019-10-16,1,0,1
2019-10-16,1,1,0
2019-10-16,21,17,4
2019-10-16,54,47,7
2019-10-16,77,66,11
2019-10-16,116,109,7
2019-10-16,32,28,4
2019-10-16,16,7,9
2019-10-16,14,14,0
2019-10-16,10,5,5
2019-10-16,10,4,6
2019-10-16,11,6,5
2019-10-16,34,6,28
2019-10-16,76,15,61
2019-10-16,138,20,118
2019-10-16,63,8,55
2019-10-16,11,1,10
2019-10-16,9,2,7
2019-10-16,6,3,3
2019-10-16,5,1,4
2019-10-16,2,0,2
2019-10-17,1,0,1
2019-10-17,0,0,0
2019-10-17,4,3,1
2019-10-17,2,2,0
2019-10-17,7,6,1
2019-10-17,22,17,5
2019-10-17,49,42,7
2019-10-17,92,86,6
2019-10-17,98,93,5
2019-10-17,38,33,5
2019-10-17,15,12,3
2019-10-17,10,8,2
2019-10-17,14,9,5
2019-10-17,12,6,6
2019-10-17,13,5,8
2019-10-17,36,10,26
2019-10-17,70,13,57
2019-10-17,122,13,109
2019-10-17,52,7,45
2019-10-17,31,3,28
2019-10-17,10,1,9
2019-10-17,10,2,8
2019-10-17,4,1,3
2019-10-17,3,2,1
2019-10-18,2,0,2
2019-10-18,3,1,2
2019-10-18,1,0,1
2019-10-18,5,3,2
2019-10-18,3,2,1
2019-10-18,17,10,7
2019-10-18,42,36,6
2019-10-18,86,75,11
2019-10-18,95,84,11
2019-10-18,45,38,7
2019-10-18,19,15,4
2019-10-18,14,11,3
2019-10-18,8,3,5
2019-10-18,15,7,8
2019-10-18,17,3,14
2019-10-18,42,8,34
2019-10-18,78,16,62
2019-10-18,80,6,74
2019-10-18,44,4,40
2019-10-18,21,6,15
2019-10-18,1,0,1
2019-10-18,5,1,4
2019-10-18,3,0,3
2019-10-18,4,2,2
2019-10-19,3,1,2
2019-10-19,1,0,1
2019-10-19,1,1,0
2019-10-19,0,0,0
2019-10-19,0,0,0
2019-10-19,0,0,0
2019-10-19,6,5,1
2019-10-19,3,2,1
2019-10-19,6,3,3
2019-10-19,4,2,2
2019-10-19,14,7,7
2019-10-19,12,10,2
2019-10-19,10,7,3
2019-10-19,10,7,3
2019-10-19,6,3,3
2019-10-19,23,13,10
2019-10-19,28,15,13
2019-10-19,27,7,20
2019-10-19,17,11,6
2019-10-19,7,2,5
2019-10-19,4,1,3
2019-10-19,5,3,2
2019-10-19,3,2,1
2019-10-19,6,1,5
2019-10-20,4,2,2
2019-10-20,0,0,0
2019-10-20,1,0,1
2019-10-20,0,0,0
2019-10-20,0,0,0
2019-10-20,3,2,1
2019-10-20,3,2,1
2019-10-20,4,3,1
2019-10-20,11,5,6
2019-10-20,5,3,2
2019-10-20,14,5,9
2019-10-20,16,9,7
2019-10-20,24,12,12
2019-10-20,18,7,11
2019-10-20,11,7,4
2019-10-20,7,3,4
2019-10-20,20,10,10
2019-10-20,22,5,17
2019-10-20,8,4,4
2019-10-20,3,2,1
2019-10-20,4,0,4
2019-10-20,8,1,7
2019-10-20,3,1,2
2019-10-20,0,0,0
2019-10-21,0,0,0
2019-10-21,3,2,1
2019-10-21,0,0,0
2019-10-21,0,0,0
2019-10-21,3,2,1
2019-10-21,23,20,3
2019-10-21,52,45,7
2019-10-21,103,94,9
2019-10-21,126,115,11
2019-10-21,39,37,2
2019-10-21,17,15,2
2019-10-21,14,7,7
2019-10-21,12,7,5
2019-10-21,11,6,5
2019-10-21,27,12,15
2019-10-21,28,7,21
2019-10-21,68,11,57
2019-10-21,129,12,117
2019-10-21,70,3,67
2019-10-21,21,5,16
2019-10-21,5,0,5
2019-10-21,6,3,3
2019-10-21,3,1,2
2019-10-21,2,1,1
2019-10-22,2,1,1
2019-10-22,1,0,1
2019-10-22,3,1,2
2019-10-22,1,1,0
2019-10-22,3,3,0
2019-10-22,18,13,5
2019-10-22,62,58,4
2019-10-22,96,87,9
2019-10-22,137,129,8
2019-10-22,45,40,5
2019-10-22,27,20,7
2019-10-22,17,10,7
2019-10-22,11,6,5
2019-10-22,19,14,5
2019-10-22,16,6,10
2019-10-22,37,6,31
2019-10-22,87,16,71
2019-10-22,150,15,135
2019-10-22,93,12,81
2019-10-22,30,6,24
2019-10-22,15,5,10
2019-10-22,9,5,4
2019-10-22,8,1,7
2019-10-22,2,0,2
2019-10-23,0,0,0
2019-10-23,1,0,1
2019-10-23,5,2,3
2019-10-23,0,0,0
2019-10-23,3,3,0
2019-10-23,21,18,3
2019-10-23,66,54,12
2019-10-23,113,105,8
2019-10-23,163,150,13
2019-10-23,72,64,8
2019-10-23,28,22,6
2019-10-23,31,21,10
2019-10-23,34,24,10
2019-10-23,42,21,21
2019-10-23,36,19,17
2019-10-23,63,17,46
2019-10-23,106,25,81
2019-10-23,172,22,150
2019-10-23,110,23,87
2019-10-23,45,3,42
2019-10-23,20,2,18
2019-10-23,18,4,14
2019-10-23,12,8,4
2019-10-23,5,1,4
2019-10-24,0,0,0
2019-10-24,0,0,0
2019-10-24,7,4,3
2019-10-24,1,1,0
2019-10-24,3,2,1
2019-10-24,29,25,4
2019-10-24,69,62,7
2019-10-24,128,115,13
2019-10-24,168,160,8
2019-10-24,63,60,3
2019-10-24,38,27,11
2019-10-24,28,18,10
2019-10-24,27,19,8
2019-10-24,35,16,19
2019-10-24,41,22,19
2019-10-24,52,16,36
2019-10-24,136,25,111
2019-10-24,193,16,177
2019-10-24,96,15,81
2019-10-24,41,9,32
2019-10-24,26,6,20
2019-10-24,10,3,7
2019-10-24,6,0,6
2019-10-24,2,1,1
2019-10-25,3,2,1
2019-10-25,1,1,0
2019-10-25,1,0,1
2019-10-25,1,0,1
2019-10-25,4,3,1
2019-10-25,21,15,6
2019-10-25,50,41,9
2019-10-25,97,87,10
2019-10-25,115,107,8
2019-10-25,69,58,11
2019-10-25,11,8,3
2019-10-25,16,14,2
2019-10-25,7,2,5
2019-10-25,16,5,11
2019-10-25,17,7,10
2019-10-25,25,4,21
2019-10-25,84,12,72
2019-10-25,112,9,103
2019-10-25,59,7,52
2019-10-25,23,8,15
2019-10-25,13,4,9
2019-10-25,5,1,4
2019-10-25,8,2,6
2019-10-25,7,4,3
2019-10-26,2,1,1
2019-10-26,1,0,1
2019-10-26,3,2,1
2019-10-26,1,1,0
2019-10-26,1,1,0
2019-10-26,1,1,0
2019-10-26,6,4,2
2019-10-26,9,5,4
2019-10-26,19,15,4
2019-10-26,20,14,6
2019-10-26,25,15,10
2019-10-26,50,31,19
2019-10-26,36,14,22
2019-10-26,35,16,19
2019-10-26,37,19,18
2019-10-26,35,17,18
2019-10-26,33,17,16
2019-10-26,33,19,14
2019-10-26,18,8,10
2019-10-26,8,2,6
2019-10-26,3,0,3
2019-10-26,5,2,3
2019-10-26,7,6,1
2019-10-26,2,1,1
2019-10-27,3,0,3
2019-10-27,4,2,2
2019-10-27,0,0,0
2019-10-27,1,0,1
2019-10-27,2,0,2
2019-10-27,3,2,1
2019-10-27,3,1,2
2019-10-27,8,4,4
2019-10-27,23,12,11
2019-10-27,18,11,7
2019-10-27,16,5,11
2019-10-27,37,19,18
2019-10-27,43,26,17
2019-10-27,52,28,24
2019-10-27,53,24,29
2019-10-27,56,34,22
2019-10-27,35,15,20
2019-10-27,25,10,15
2019-10-27,10,4,6
2019-10-27,7,3,4
2019-10-27,13,5,8
2019-10-27,3,1,2
2019-10-27,2,0,2
2019-10-27,3,2,1
2019-10-28,1,0,1
2019-10-28,1,1,0
2019-10-28,3,1,2
2019-10-28,2,2,0
2019-10-28,2,1,1
2019-10-28,18,15,3
2019-10-28,61,50,11
2019-10-28,114,106,8
2019-10-28,165,157,8
2019-10-28,67,60,7
2019-10-28,31,26,5
2019-10-28,21,11,10
2019-10-28,19,11,8
2019-10-28,29,14,15
2019-10-28,41,19,22
2019-10-28,45,14,31
2019-10-28,117,21,96
2019-10-28,198,18,180
2019-10-28,89,13,76
2019-10-28,21,6,15
2019-10-28,13,1,12
2019-10-28,6,2,4
2019-10-28,7,2,5
2019-10-28,5,2,3
2019-10-29,1,0,1
2019-10-29,0,0,0
2019-10-29,2,2,0
2019-10-29,1,1,0
2019-10-29,3,2,1
2019-10-29,27,20,7
2019-10-29,68,59,9
2019-10-29,131,121,10
2019-10-29,166,160,6
2019-10-29,58,54,4
2019-10-29,33,22,11
2019-10-29,21,8,13
2019-10-29,28,19,9
2019-10-29,25,14,11
2019-10-29,25,7,18
2019-10-29,39,13,26
2019-10-29,127,20,107
2019-10-29,191,15,176
2019-10-29,102,12,90
2019-10-29,29,4,25
2019-10-29,13,3,10
2019-10-29,17,6,11
2019-10-29,6,2,4
2019-10-29,6,0,6
2019-10-30,0,0,0
2019-10-30,2,2,0
2019-10-30,3,2,1
2019-10-30,3,2,1
2019-10-30,3,1,2
2019-10-30,25,21,4
2019-10-30,57,52,5
2019-10-30,113,103,10
2019-10-30,138,130,8
2019-10-30,63,58,5
2019-10-30,29,23,6
2019-10-30,32,21,11
2019-10-30,28,17,11
2019-10-30,26,13,13
2019-10-30,39,21,18
2019-10-30,44,9,35
2019-10-30,111,21,90
2019-10-30,166,17,149
2019-10-30,97,14,83
2019-10-30,28,3,25
2019-10-30,10,0,10
2019-10-30,5,0,5
2019-10-30,4,2,2
2019-10-30,4,1,3
2019-10-31,2,2,0
2019-10-31,4,1,3
2019-10-31,1,1,0
2019-10-31,3,1,2
2019-10-31,6,4,2
2019-10-31,23,16,7
2019-10-31,45,36,9
2019-10-31,119,105,14
2019-10-31,152,147,5
2019-10-31,64,61,3
2019-10-31,21,18,3
2019-10-31,20,11,9
2019-10-31,22,13,9
2019-10-31,26,14,12
2019-10-31,28,8,20
2019-10-31,79,20,59
2019-10-31,148,24,124
2019-10-31,164,20,144
2019-10-31,61,6,55
2019-10-31,26,6,20
2019-10-31,9,2,7
2019-10-31,5,2,3
2019-10-31,4,1,3
2019-10-31,5,2,3
2019-11-01,2,2,0
2019-11-01,1,1,0
2019-11-01,1,1,0
2019-11-01,3,2,1
2019-11-01,3,1,2
2019-11-01,14,10,4
2019-11-01,44,42,2
2019-11-01,118,108,10
2019-11-01,127,120,7
2019-11-01,42,37,5
2019-11-01,21,15,6
2019-11-01,17,13,4
2019-11-01,21,11,10
2019-11-01,26,15,11
2019-11-01,31,11,20
2019-11-01,63,19,44
2019-11-01,80,8,72
2019-11-01,156,21,135
2019-11-01,70,10,60
2019-11-01,31,7,24
2019-11-01,8,2,6
2019-11-01,7,2,5
2019-11-01,5,2,3
2019-11-01,2,0,2
2019-11-02,3,2,1
2019-11-02,2,0,2
2019-11-02,2,1,1
2019-11-02,1,1,0
2019-11-02,0,0,0
2019-11-02,2,0,2
2019-11-02,7,4,3
2019-11-02,3,3,0
2019-11-02,31,26,5
2019-11-02,34,16,18
2019-11-02,64,22,42
2019-11-02,52,35,17
2019-11-02,58,26,32
2019-11-02,53,25,28
2019-11-02,49,17,32
2019-11-02,63,31,32
2019-11-02,34,16,18
2019-11-02,35,22,13
2019-11-02,31,11,20
2019-11-02,7,1,6
2019-11-02,10,4,6
2019-11-02,5,4,1
2019-11-02,2,1,1
2019-11-02,1,1,0
2019-11-03,4,2,2
2019-11-03,3,0,3
2019-11-03,0,0,0
2019-11-03,3,3,0
2019-11-03,0,0,0
2019-11-03,2,1,1
2019-11-03,6,5,1
2019-11-03,6,3,3
2019-11-03,30,21,9
2019-11-03,35,21,14
2019-11-03,45,22,23
2019-11-03,66,34,32
2019-11-03,67,39,28
2019-11-03,57,24,33
2019-11-03,40,17,23
2019-11-03,33,20,13
2019-11-03,27,10,17
2019-11-03,40,6,34
2019-11-03,10,2,8
2019-11-03,5,2,3
2019-11-03,2,1,1
2019-11-03,4,1,3
2019-11-03,3,1,2
2019-11-03,2,0,2
2019-11-04,1,0,1
2019-11-04,2,1,1
2019-11-04,2,1,1
2019-11-04,1,1,0
2019-11-04,0,0,0
2019-11-04,26,20,6
2019-11-04,83,67,16
2019-11-04,153,140,13
2019-11-04,174,160,14
2019-11-04,49,42,7
2019-11-04,19,14,5
2019-11-04,22,15,7
2019-11-04,19,12,7
2019-11-04,23,13,10
2019-11-04,33,14,19
2019-11-04,56,12,44
2019-11-04,117,21,96
2019-11-04,201,26,175
2019-11-04,82,12,70
2019-11-04,43,10,33
2019-11-04,15,4,11
2019-11-04,13,6,7
2019-11-04,2,1,1
2019-11-04,1,0,1
2019-11-05,2,2,0
2019-11-05,0,0,0
2019-11-05,1,0,1
2019-11-05,3,3,0
2019-11-05,5,3,2
2019-11-05,30,23,7
2019-11-05,80,65,15
2019-11-05,153,141,12
2019-11-05,165,161,4
2019-11-05,46,41,5
2019-11-05,22,16,6
2019-11-05,18,11,7
2019-11-05,19,8,11
2019-11-05,36,21,15
2019-11-05,32,9,23
2019-11-05,55,11,44
2019-11-05,120,22,98
2019-11-05,214,17,197
2019-11-05,83,11,72
2019-11-05,31,5,26
2019-11-05,13,6,7
2019-11-05,10,2,8
2019-11-05,9,2,7
2019-11-05,0,0,0
2019-11-06,1,0,1
2019-11-06,0,0,0
2019-11-06,3,1,2
2019-11-06,0,0,0
2019-11-06,2,2,0
2019-11-06,28,21,7
2019-11-06,76,69,7
2019-11-06,157,144,13
2019-11-06,156,143,13
2019-11-06,61,55,6
2019-11-06,29,23,6
2019-11-06,25,16,9
2019-11-06,24,8,16
2019-11-06,33,17,16
2019-11-06,38,21,17
2019-11-06,59,11,48
2019-11-06,147,24,123
2019-11-06,164,19,145
2019-11-06,96,9,87
2019-11-06,35,7,28
2019-11-06,21,2,19
2019-11-06,8,2,6
2019-11-06,8,5,3
2019-11-06,5,2,3
2019-11-07,3,0,3
2019-11-07,2,0,2
2019-11-07,2,0,2
2019-11-07,4,3,1
2019-11-07,3,3,0
2019-11-07,33,26,7
2019-11-07,72,63,9
2019-11-07,134,119,15
2019-11-07,144,130,14
2019-11-07,52,45,7
2019-11-07,21,15,6
2019-11-07,22,11,11
2019-11-07,19,12,7
2019-11-07,20,9,11
2019-11-07,21,11,10
2019-11-07,52,12,40
2019-11-07,116,13,103
2019-11-07,178,26,152
2019-11-07,76,10,66
2019-11-07,21,1,20
2019-11-07,15,2,13
2019-11-07,13,3,10
2019-11-07,4,1,3
2019-11-07,4,1,3
2019-11-08,3,0,3
2019-11-08,2,1,1
2019-11-08,5,2,3
2019-11-08,1,1,0
2019-11-08,3,1,2
2019-11-08,17,14,3
2019-11-08,49,43,6
2019-11-08,99,90,9
2019-11-08,115,102,13
2019-11-08,42,32,10
2019-11-08,24,15,9
2019-11-08,27,18,9
2019-11-08,23,15,8
2019-11-08,31,12,19
2019-11-08,34,9,25
2019-11-08,52,11,41
2019-11-08,93,19,74
2019-11-08,112,12,100
2019-11-08,59,5,54
2019-11-08,23,5,18
2019-11-08,15,1,14
2019-11-08,7,2,5
2019-11-08,3,0,3
2019-11-08,5,1,4
2019-11-09,3,0,3
2019-11-09,1,0,1
2019-11-09,3,2,1
2019-11-09,0,0,0
2019-11-09,1,1,0
2019-11-09,3,2,1
2019-11-09,5,3,2
2019-11-09,7,4,3
2019-11-09,12,11,1
2019-11-09,12,4,8
2019-11-09,26,15,11
2019-11-09,19,8,11
2019-11-09,8,3,5
2019-11-09,13,4,9
2019-11-09,13,6,7
2019-11-09,14,11,3
2019-11-09,17,10,7
2019-11-09,14,4,10
2019-11-09,4,1,3
2019-11-09,4,1,3
2019-11-09,1,1,0
2019-11-09,4,4,0
2019-11-09,0,0,0
2019-11-09,1,0,1
2019-11-10,2,0,2
2019-11-10,0,0,0
2019-11-10,0,0,0
2019-11-10,1,1,0
2019-11-10,1,0,1
2019-11-10,2,2,0
2019-11-10,4,0,4
2019-11-10,6,5,1
2019-11-10,21,14,7
2019-11-10,31,22,9
2019-11-10,23,16,7
2019-11-10,28,17,11
2019-11-10,22,13,9
2019-11-10,24,13,11
2019-11-10,36,13,23
2019-11-10,43,18,25
2019-11-10,13,4,9
2019-11-10,13,3,10
2019-11-10,16,5,11
2019-11-10,5,5,0
2019-11-10,5,3,2
2019-11-10,1,0,1
2019-11-10,5,2,3
2019-11-10,1,0,1
2019-11-11,1,0,1
2019-11-11,1,0,1
2019-11-11,0,0,0
2019-11-11,1,1,0
2019-11-11,4,4,0
2019-11-11,12,10,2
2019-11-11,48,40,8
2019-11-11,102,93,9
2019-11-11,129,122,7
2019-11-11,46,39,7
2019-11-11,20,15,5
2019-11-11,25,15,10
2019-11-11,30,17,13
2019-11-11,28,10,18
2019-11-11,49,18,31
2019-11-11,66,25,41
2019-11-11,90,18,72
2019-11-11,128,14,114
2019-11-11,56,3,53
2019-11-11,17,3,14
2019-11-11,14,1,13
2019-11-11,13,5,8
2019-11-11,6,2,4
2019-11-11,3,0,3
2019-11-12,2,2,0
2019-11-12,1,0,1
2019-11-12,0,0,0
2019-11-12,1,0,1
2019-11-12,3,1,2
2019-11-12,27,21,6
2019-11-12,58,50,8
2019-11-12,101,89,12
2019-11-12,111,103,8
2019-11-12,40,33,7
2019-11-12,15,14,1
2019-11-12,14,9,5
2019-11-12,12,8,4
2019-11-12,14,5,9
2019-11-12,13,5,8
2019-11-12,40,9,31
2019-11-12,75,14,61
2019-11-12,148,16,132
2019-11-12,60,10,50
2019-11-12,31,5,26
2019-11-12,22,3,19
2019-11-12,7,3,4
2019-11-12,8,1,7
2019-11-12,2,1,1
2019-11-13,3,2,1
2019-11-13,0,0,0
2019-11-13,2,1,1
2019-11-13,2,2,0
2019-11-13,1,1,0
2019-11-13,35,29,6
2019-11-13,85,67,18
2019-11-13,151,138,13
2019-11-13,149,137,12
2019-11-13,65,59,6
2019-11-13,20,15,5
2019-11-13,27,17,10
2019-11-13,26,21,5
2019-11-13,32,13,19
2019-11-13,29,12,17
2019-11-13,56,10,46
2019-11-13,116,19,97
2019-11-13,173,21,152
2019-11-13,89,14,75
2019-11-13,46,10,36
2019-11-13,29,11,18
2019-11-13,11,5,6
2019-11-13,4,0,4
2019-11-13,3,1,2
2019-11-14,0,0,0
2019-11-14,0,0,0
2019-11-14,3,2,1
2019-11-14,2,1,1
2019-11-14,3,2,1
2019-11-14,25,20,5
2019-11-14,75,62,13
2019-11-14,126,115,11
2019-11-14,144,141,3
2019-11-14,47,42,5
2019-11-14,24,17,7
2019-11-14,25,18,7
2019-11-14,25,11,14
2019-11-14,13,8,5
2019-11-14,21,11,10
2019-11-14,57,7,50
2019-11-14,105,15,90
2019-11-14,149,12,137
2019-11-14,86,10,76
2019-11-14,52,4,48
2019-11-14,16,6,10
2019-11-14,12,6,6
2019-11-14,16,9,7
2019-11-14,8,3,5
2019-11-15,4,2,2
2019-11-15,8,7,1
2019-11-15,0,0,0
2019-11-15,2,2,0
2019-11-15,5,3,2
2019-11-15,17,11,6
2019-11-15,40,38,2
2019-11-15,84,76,8
2019-11-15,105,96,9
2019-11-15,54,46,8
2019-11-15,22,17,5
2019-11-15,14,9,5
2019-11-15,12,6,6
2019-11-15,18,6,12
2019-11-15,18,6,12
2019-11-15,50,6,44
2019-11-15,77,11,66
2019-11-15,110,15,95
2019-11-15,56,8,48
2019-11-15,20,4,16
2019-11-15,12,3,9
2019-11-15,7,1,6
2019-11-15,8,2,6
2019-11-15,2,1,1
2019-11-16,3,1,2
2019-11-16,0,0,0
2019-11-16,2,0,2
2019-11-16,1,1,0
2019-11-16,1,1,0
2019-11-16,0,0,0
2019-11-16,9,9,0
2019-11-16,7,5,2
2019-11-16,17,14,3
2019-11-16,21,12,9
2019-11-16,24,17,7
2019-11-16,26,15,11
2019-11-16,42,22,20
2019-11-16,30,16,14
2019-11-16,24,10,14
2019-11-16,28,10,18
2019-11-16,10,1,9
2019-11-16,15,6,9
2019-11-16,10,5,5
2019-11-16,6,2,4
2019-11-16,5,4,1
2019-11-16,3,1,2
2019-11-16,1,1,0
2019-11-16,2,1,1
2019-11-17,3,1,2
2019-11-17,1,0,1
2019-11-17,0,0,0
2019-11-17,1,1,0
2019-11-17,4,1,3
2019-11-17,5,5,0
2019-11-17,9,7,2
2019-11-17,7,6,1
2019-11-17,3,2,1
2019-11-17,5,3,2
2019-11-17,11,7,4
2019-11-17,23,12,11
2019-11-17,31,20,11
2019-11-17,21,12,9
2019-11-17,23,16,7
2019-11-17,13,4,9
2019-11-17,17,6,11
2019-11-17,8,4,4
2019-11-17,3,1,2
2019-11-17,3,1,2
2019-11-17,8,4,4
2019-11-17,3,1,2
2019-11-17,2,1,1
2019-11-17,1,0,1
2019-11-18,1,0,1
2019-11-18,3,1,2
2019-11-18,1,1,0
2019-11-18,2,2,0
2019-11-18,0,0,0
2019-11-18,24,19,5
2019-11-18,56,50,6
2019-11-18,114,100,14
2019-11-18,143,128,15
2019-11-18,48,42,6
2019-11-18,12,9,3
2019-11-18,12,7,5
2019-11-18,10,7,3
2019-11-18,7,0,7
2019-11-18,16,5,11
2019-11-18,26,2,24
2019-11-18,93,13,80
2019-11-18,139,13,126
2019-11-18,68,5,63
2019-11-18,22,4,18
2019-11-18,11,2,9
2019-11-18,3,2,1
2019-11-18,1,1,0
2019-11-18,2,0,2
2019-11-19,0,0,0
2019-11-19,0,0,0
2019-11-19,1,0,1
2019-11-19,3,0,3
2019-11-19,1,1,0
2019-11-19,24,19,5
2019-11-19,58,54,4
2019-11-19,109,100,9
2019-11-19,140,133,7
2019-11-19,56,49,7
2019-11-19,9,6,3
2019-11-19,9,5,4
2019-11-19,11,7,4
2019-11-19,17,9,8
2019-11-19,20,12,8
2019-11-19,42,12,30
2019-11-19,82,18,64
2019-11-19,178,12,166
2019-11-19,84,17,67
2019-11-19,29,0,29
2019-11-19,12,3,9
2019-11-19,11,1,10
2019-11-19,5,0,5
2019-11-19,4,1,3
2019-11-20,2,2,0
2019-11-20,2,1,1
2019-11-20,2,1,1
2019-11-20,0,0,0
2019-11-20,3,2,1
2019-11-20,32,26,6
2019-11-20,79,70,9
2019-11-20,110,102,8
2019-11-20,186,173,13
2019-11-20,54,43,11
2019-11-20,27,20,7
2019-11-20,22,14,8
2019-11-20,22,11,11
2019-11-20,30,17,13
2019-11-20,29,14,15
2019-11-20,48,11,37
2019-11-20,111,25,86
2019-11-20,183,20,163
2019-11-20,95,10,85
2019-11-20,28,2,26
2019-11-20,24,2,22
2019-11-20,9,1,8
2019-11-20,4,1,3
2019-11-20,3,1,2
2019-11-21,1,1,0
2019-11-21,0,0,0
2019-11-21,3,2,1
2019-11-21,0,0,0
2019-11-21,1,0,1
2019-11-21,22,17,5
2019-11-21,60,52,8
2019-11-21,104,86,18
2019-11-21,157,149,8
2019-11-21,72,66,6
2019-11-21,28,23,5
2019-11-21,26,18,8
2019-11-21,17,6,11
2019-11-21,30,20,10
2019-11-21,37,13,24
2019-11-21,56,12,44
2019-11-21,99,21,78
2019-11-21,150,11,139
2019-11-21,93,11,82
2019-11-21,33,4,29
2019-11-21,12,2,10
2019-11-21,3,0,3
2019-11-21,5,0,5
2019-11-21,4,0,4
2019-11-22,3,0,3
2019-11-22,1,1,0
2019-11-22,1,0,1
2019-11-22,2,1,1
2019-11-22,4,3,1
2019-11-22,17,14,3
2019-11-22,37,31,6
2019-11-22,98,84,14
2019-11-22,123,116,7
2019-11-22,48,43,5
2019-11-22,26,16,10
2019-11-22,28,17,11
2019-11-22,19,12,7
2019-11-22,20,11,9
2019-11-22,19,4,15
2019-11-22,63,26,37
2019-11-22,96,17,79
2019-11-22,112,9,103
2019-11-22,63,6,57
2019-11-22,17,0,17
2019-11-22,9,2,7
2019-11-22,12,5,7
2019-11-22,3,2,1
2019-11-22,1,0,1
2019-11-23,1,0,1
2019-11-23,1,1,0
2019-11-23,2,1,1
2019-11-23,1,1,0
2019-11-23,0,0,0
2019-11-23,3,2,1
2019-11-23,4,4,0
2019-11-23,9,5,4
2019-11-23,18,15,3
2019-11-23,40,26,14
2019-11-23,28,21,7
2019-11-23,46,25,21
2019-11-23,25,14,11
2019-11-23,31,17,14
2019-11-23,42,18,24
2019-11-23,25,8,17
2019-11-23,25,7,18
2019-11-23,12,2,10
2019-11-23,15,8,7
2019-11-23,5,3,2
2019-11-23,3,1,2
2019-11-23,2,1,1
2019-11-23,5,5,0
2019-11-23,3,1,2
2019-11-24,3,0,3
2019-11-24,1,0,1
2019-11-24,2,1,1
2019-11-24,1,1,0
2019-11-24,0,0,0
2019-11-24,3,2,1
2019-11-24,2,1,1
2019-11-24,5,5,0
2019-11-24,7,5,2
2019-11-24,17,11,6
2019-11-24,27,16,11
2019-11-24,36,14,22
2019-11-24,23,16,7
2019-11-24,30,12,18
2019-11-24,42,17,25
2019-11-24,34,13,21
2019-11-24,20,11,9
2019-11-24,7,2,5
2019-11-24,9,1,8
2019-11-24,2,1,1
2019-11-24,2,0,2
2019-11-24,3,2,1
2019-11-24,5,1,4
2019-11-24,1,0,1
2019-11-25,1,0,1
2019-11-25,3,1,2
2019-11-25,0,0,0
2019-11-25,0,0,0
2019-11-25,1,1,0
2019-11-25,18,13,5
2019-11-25,55,49,6
2019-11-25,98,87,11
2019-11-25,105,101,4
2019-11-25,44,38,6
2019-11-25,17,12,5
2019-11-25,14,12,2
2019-11-25,12,6,6
2019-11-25,7,5,2
2019-11-25,15,8,7
2019-11-25,47,13,34
2019-11-25,68,11,57
2019-11-25,117,11,106
2019-11-25,60,8,52
2019-11-25,20,2,18
2019-11-25,3,1,2
2019-11-25,6,1,5
2019-11-25,0,0,0
2019-11-25,1,0,1
2019-11-26,1,1,0
2019-11-26,0,0,0
2019-11-26,2,0,2
2019-11-26,1,1,0
2019-11-26,2,0,2
2019-11-26,20,16,4
2019-11-26,56,50,6
2019-11-26,93,82,11
2019-11-26,130,122,8
2019-11-26,59,56,3
2019-11-26,17,13,4
2019-11-26,16,7,9
2019-11-26,12,8,4
2019-11-26,23,14,9
2019-11-26,21,9,12
2019-11-26,47,12,35
2019-11-26,90,18,72
2019-11-26,135,8,127
2019-11-26,70,12,58
2019-11-26,18,1,17
2019-11-26,11,3,8
2019-11-26,6,3,3
2019-11-26,2,1,1
2019-11-26,0,0,0
2019-11-27,0,0,0
2019-11-27,0,0,0
2019-11-27,4,2,2
2019-11-27,0,0,0
2019-11-27,2,1,1
2019-11-27,17,12,5
2019-11-27,33,30,3
2019-11-27,59,52,7
2019-11-27,80,77,3
2019-11-27,44,40,4
2019-11-27,34,24,10
2019-11-27,20,8,12
2019-11-27,26,10,16
2019-11-27,49,19,30
2019-11-27,47,12,35
2019-11-27,64,15,49
2019-11-27,61,7,54
2019-11-27,67,10,57
2019-11-27,37,9,28
2019-11-27,11,1,10
2019-11-27,3,2,1
2019-11-27,6,3,3
2019-11-27,5,2,3
2019-11-27,1,1,0
2019-11-28,1,0,1
2019-11-28,1,1,0
2019-11-28,2,1,1
2019-11-28,1,0,1
2019-11-28,0,0,0
2019-11-28,5,2,3
2019-11-28,5,4,1
2019-11-28,4,2,2
2019-11-28,10,6,4
2019-11-28,13,8,5
2019-11-28,14,7,7
2019-11-28,26,9,17
2019-11-28,18,13,5
2019-11-28,22,16,6
2019-11-28,21,7,14
2019-11-28,14,7,7
2019-11-28,12,6,6
2019-11-28,5,2,3
2019-11-28,1,0,1
2019-11-28,4,3,1
2019-11-28,2,2,0
2019-11-28,2,2,0
2019-11-28,1,0,1
2019-11-28,0,0,0
2019-11-29,0,0,0
2019-11-29,1,0,1
2019-11-29,0,0,0
2019-11-29,1,1,0
2019-11-29,0,0,0
2019-11-29,2,2,0
2019-11-29,11,10,1
2019-11-29,5,4,1
2019-11-29,9,9,0
2019-11-29,14,11,3
2019-11-29,9,5,4
2019-11-29,20,13,7
2019-11-29,28,14,14
2019-11-29,23,13,10
2019-11-29,20,8,12
2019-11-29,21,3,18
2019-11-29,23,6,17
2019-11-29,15,3,12
2019-11-29,7,5,2
2019-11-29,2,2,0
2019-11-29,2,0,2
2019-11-29,1,1,0
2019-11-29,4,1,3
2019-11-29,0,0,0
2019-11-30,0,0,0
2019-11-30,1,1,0
2019-11-30,1,0,1
2019-11-30,1,0,1
2019-11-30,2,1,1
2019-11-30,2,1,1
2019-11-30,5,5,0
2019-11-30,2,1,1
2019-11-30,6,4,2
2019-11-30,13,10,3
2019-11-30,9,5,4
2019-11-30,19,14,5
2019-11-30,33,16,17
2019-11-30,43,20,23
2019-11-30,36,17,19
2019-11-30,31,15,16
2019-11-30,23,8,15
2019-11-30,10,4,6
2019-11-30,4,2,2
2019-11-30,5,0,5
2019-11-30,2,0,2
2019-11-30,2,2,0
2019-11-30,1,1,0
2019-11-30,0,0,0
2019-12-01,0,0,0
2019-12-01,0,0,0
2019-12-01,1,0,1
2019-12-01,2,2,0
2019-12-01,3,2,1
2019-12-01,1,0,1
2019-12-01,1,1,0
2019-12-01,5,3,2
2019-12-01,6,4,2
2019-12-01,9,3,6
2019-12-01,14,10,4
2019-12-01,14,6,8
2019-12-01,14,8,6
2019-12-01,13,2,11
2019-12-01,10,4,6
2019-12-01,14,7,7
2019-12-01,6,3,3
2019-12-01,3,2,1
2019-12-01,3,2,1
2019-12-01,3,1,2
2019-12-01,1,0,1
2019-12-01,1,0,1
2019-12-01,4,2,2
2019-12-01,2,0,2
2019-12-02,3,1,2
2019-12-02,3,1,2
2019-12-02,1,0,1
2019-12-02,1,1,0
2019-12-02,2,2,0
2019-12-02,24,21,3
2019-12-02,55,45,10
2019-12-02,123,111,12
2019-12-02,134,132,2
2019-12-02,58,50,8
2019-12-02,15,12,3
2019-12-02,8,4,4
2019-12-02,19,13,6
2019-12-02,18,9,9
2019-12-02,37,16,21
2019-12-02,48,16,32
2019-12-02,122,18,104
2019-12-02,140,15,125
2019-12-02,60,5,55
2019-12-02,35,4,31
2019-12-02,11,2,9
2019-12-02,33,3,30
2019-12-02,4,0,4
2019-12-02,5,3,2
2019-12-03,0,0,0
2019-12-03,1,0,1
2019-12-03,1,0,1
2019-12-03,1,1,0
2019-12-03,4,2,2
2019-12-03,30,20,10
2019-12-03,79,65,14
2019-12-03,107,91,16
2019-12-03,137,124,13
2019-12-03,56,51,5
2019-12-03,15,12,3
2019-12-03,17,14,3
2019-12-03,14,9,5
2019-12-03,20,13,7
2019-12-03,10,3,7
2019-12-03,40,12,28
2019-12-03,103,19,84
2019-12-03,151,12,139
2019-12-03,95,15,80
2019-12-03,27,4,23
2019-12-03,17,2,15
2019-12-03,13,1,12
2019-12-03,4,1,3
2019-12-03,3,0,3
2019-12-04,4,2,2
2019-12-04,1,0,1
2019-12-04,3,1,2
2019-12-04,0,0,0
2019-12-04,1,1,0
2019-12-04,24,19,5
2019-12-04,64,51,13
2019-12-04,90,84,6
2019-12-04,108,102,6
2019-12-04,41,36,5
2019-12-04,23,19,4
2019-12-04,12,7,5
2019-12-04,10,4,6
2019-12-04,20,15,5
2019-12-04,11,6,5
2019-12-04,43,11,32
2019-12-04,86,15,71
2019-12-04,133,14,119
2019-12-04,70,4,66
2019-12-04,30,4,26
2019-12-04,14,5,9
2019-12-04,5,0,5
2019-12-04,6,4,2
2019-12-04,4,1,3
2019-12-05,2,1,1
2019-12-05,2,1,1
2019-12-05,3,0,3
2019-12-05,1,1,0
2019-12-05,1,0,1
2019-12-05,26,19,7
2019-12-05,61,55,6
2019-12-05,99,89,10
2019-12-05,140,136,4
2019-12-05,63,56,7
2019-12-05,23,13,10
2019-12-05,19,12,7
2019-12-05,25,14,11
2019-12-05,24,14,10
2019-12-05,29,12,17
2019-12-05,51,12,39
2019-12-05,98,17,81
2019-12-05,145,19,126
2019-12-05,76,12,64
2019-12-05,26,4,22
2019-12-05,18,1,17
2019-12-05,8,2,6
2019-12-05,6,1,5
2019-12-05,4,1,3
2019-12-06,4,2,2
2019-12-06,0,0,0
2019-12-06,1,0,1
2019-12-06,1,1,0
2019-12-06,2,1,1
2019-12-06,23,18,5
2019-12-06,40,32,8
2019-12-06,87,80,7
2019-12-06,117,107,10
2019-12-06,42,36,6
2019-12-06,16,12,4
2019-12-06,15,9,6
2019-12-06,20,10,10
2019-12-06,33,22,11
2019-12-06,19,8,11
2019-12-06,50,8,42
2019-12-06,88,16,72
2019-12-06,108,18,90
2019-12-06,48,2,46
2019-12-06,16,3,13
2019-12-06,8,2,6
2019-12-06,7,2,5
2019-12-06,1,0,1
2019-12-06,4,0,4
2019-12-07,2,2,0
2019-12-07,0,0,0
2019-12-07,4,2,2
2019-12-07,1,1,0
2019-12-07,0,0,0
2019-12-07,0,0,0
2019-12-07,1,1,0
2019-12-07,2,2,0
2019-12-07,5,5,0
2019-12-07,10,7,3
2019-12-07,9,5,4
2019-12-07,13,6,7
2019-12-07,8,6,2
2019-12-07,8,4,4
2019-12-07,9,3,6
2019-12-07,14,6,8
2019-12-07,14,7,7
2019-12-07,11,6,5
2019-12-07,7,1,6
2019-12-07,4,2,2
2019-12-07,3,2,1
2019-12-07,3,1,2
2019-12-07,2,0,2
2019-12-07,7,2,5
2019-12-08,13,9,4
2019-12-08,0,0,0
2019-12-08,1,0,1
2019-12-08,5,3,2
2019-12-08,0,0,0
2019-12-08,1,1,0
2019-12-08,4,3,1
2019-12-08,11,9,2
2019-12-08,6,5,1
2019-12-08,30,13,17
2019-12-08,24,14,10
2019-12-08,19,8,11
2019-12-08,40,20,20
2019-12-08,27,18,9
2019-12-08,31,15,16
2019-12-08,14,8,6
2019-12-08,28,10,18
2019-12-08,20,5,15
2019-12-08,9,1,8
2019-12-08,5,2,3
2019-12-08,5,3,2
2019-12-08,0,0,0
2019-12-08,2,0,2
2019-12-08,1,0,1
2019-12-09,2,0,2
2019-12-09,1,1,0
2019-12-09,3,1,2
2019-12-09,1,0,1
2019-12-09,2,2,0
2019-12-09,19,15,4
2019-12-09,66,59,7
2019-12-09,129,124,5
2019-12-09,151,143,8
2019-12-09,59,54,5
2019-12-09,21,18,3
2019-12-09,14,7,7
2019-12-09,16,10,6
2019-12-09,18,9,9
2019-12-09,37,17,20
2019-12-09,40,6,34
2019-12-09,111,18,93
2019-12-09,164,13,151
2019-12-09,81,11,70
2019-12-09,34,5,29
2019-12-09,13,3,10
2019-12-09,10,2,8
2019-12-09,3,0,3
2019-12-09,3,1,2
2019-12-10,2,1,1
2019-12-10,2,1,1
2019-12-10,4,0,4
2019-12-10,2,0,2
2019-12-10,5,4,1
2019-12-10,25,18,7
2019-12-10,60,55,5
2019-12-10,106,99,7
2019-12-10,132,128,4
2019-12-10,34,32,2
2019-12-10,20,13,7
2019-12-10,15,8,7
2019-12-10,9,4,5
2019-12-10,11,8,3
2019-12-10,13,8,5
2019-12-10,27,4,23
2019-12-10,89,16,73
2019-12-10,124,11,113
2019-12-10,80,13,67
2019-12-10,30,4,26
2019-12-10,8,0,8
2019-12-10,5,0,5
2019-12-10,2,0,2
2019-12-10,1,0,1
2019-12-11,1,0,1
2019-12-11,0,0,0
2019-12-11,2,1,1
2019-12-11,0,0,0
2019-12-11,4,3,1
2019-12-11,18,14,4
2019-12-11,53,48,5
2019-12-11,91,85,6
2019-12-11,126,120,6
2019-12-11,36,31,5
2019-12-11,13,9,4
2019-12-11,11,8,3
2019-12-11,6,2,4
2019-12-11,10,2,8
2019-12-11,16,10,6
2019-12-11,30,5,25
2019-12-11,61,10,51
2019-12-11,126,11,115
2019-12-11,58,6,52
2019-12-11,24,5,19
2019-12-11,11,2,9
2019-12-11,5,0,5
2019-12-11,3,1,2
2019-12-11,1,0,1
2019-12-12,1,0,1
2019-12-12,0,0,0
2019-12-12,2,0,2
2019-12-12,2,1,1
2019-12-12,3,2,1
2019-12-12,22,16,6
2019-12-12,41,38,3
2019-12-12,76,73,3
2019-12-12,95,91,4
2019-12-12,29,26,3
2019-12-12,10,6,4
2019-12-12,7,6,1
2019-12-12,6,4,2
2019-12-12,11,8,3
2019-12-12,9,4,5
2019-12-12,24,4,20
2019-12-12,68,11,57
2019-12-12,116,13,103
2019-12-12,44,4,40
2019-12-12,13,2,11
2019-12-12,9,1,8
2019-12-12,5,0,5
2019-12-12,4,0,4
2019-12-12,2,0,2
2019-12-13,2,1,1
2019-12-13,1,1,0
2019-12-13,1,0,1
2019-12-13,1,0,1
2019-12-13,2,2,0
2019-12-13,18,14,4
2019-12-13,36,31,5
2019-12-13,84,74,10
2019-12-13,80,70,10
2019-12-13,45,42,3
2019-12-13,33,16,17
2019-12-13,16,9,7
2019-12-13,19,12,7
2019-12-13,24,11,13
2019-12-13,24,9,15
2019-12-13,46,21,25
2019-12-13,94,18,76
2019-12-13,83,10,73
2019-12-13,50,5,45
2019-12-13,14,5,9
2019-12-13,4,1,3
2019-12-13,2,0,2
2019-12-13,5,4,1
2019-12-13,5,0,5
2019-12-14,0,0,0
2019-12-14,4,3,1
2019-12-14,1,0,1
2019-12-14,0,0,0
2019-12-14,0,0,0
2019-12-14,1,1,0
2019-12-14,3,2,1
2019-12-14,3,2,1
2019-12-14,17,10,7
2019-12-14,38,17,21
2019-12-14,17,10,7
2019-12-14,17,9,8
2019-12-14,17,5,12
2019-12-14,33,22,11
2019-12-14,14,3,11
2019-12-14,16,8,8
2019-12-14,14,5,9
2019-12-14,9,6,3
2019-12-14,5,3,2
2019-12-14,5,2,3
2019-12-14,3,2,1
2019-12-14,3,0,3
2019-12-14,1,1,0
2019-12-14,2,0,2
2019-12-15,1,0,1
2019-12-15,2,1,1
2019-12-15,1,0,1
2019-12-15,1,1,0
2019-12-15,1,0,1
2019-12-15,2,2,0
2019-12-15,4,3,1
2019-12-15,2,2,0
2019-12-15,10,7,3
2019-12-15,8,7,1
2019-12-15,11,7,4
2019-12-15,13,4,9
2019-12-15,8,3,5
2019-12-15,20,13,7
2019-12-15,16,9,7
2019-12-15,23,12,11
2019-12-15,12,7,5
2019-12-15,8,4,4
2019-12-15,7,2,5
2019-12-15,2,1,1
2019-12-15,3,0,3
2019-12-15,2,1,1
2019-12-15,2,0,2
2019-12-15,1,1,0
2019-12-16,2,1,1
2019-12-16,2,0,2
2019-12-16,1,1,0
2019-12-16,1,1,0
2019-12-16,1,1,0
2019-12-16,16,11,5
2019-12-16,57,50,7
2019-12-16,108,97,11
2019-12-16,134,123,11
2019-12-16,46,40,6
2019-12-16,16,12,4
2019-12-16,17,10,7
2019-12-16,10,6,4
2019-12-16,16,10,6
2019-12-16,20,9,11
2019-12-16,40,12,28
2019-12-16,89,21,68
2019-12-16,138,11,127
2019-12-16,80,6,74
2019-12-16,28,5,23
2019-12-16,17,3,14
2019-12-16,5,2,3
2019-12-16,4,1,3
2019-12-16,1,0,1
2019-12-17,1,0,1
2019-12-17,1,0,1
2019-12-17,3,1,2
2019-12-17,1,1,0
2019-12-17,1,1,0
2019-12-17,22,18,4
2019-12-17,66,60,6
2019-12-17,112,103,9
2019-12-17,139,129,10
2019-12-17,41,39,2
2019-12-17,23,18,5
2019-12-17,17,10,7
2019-12-17,17,7,10
2019-12-17,27,15,12
2019-12-17,22,11,11
2019-12-17,42,13,29
2019-12-17,96,18,78
2019-12-17,136,14,122
2019-12-17,95,10,85
2019-12-17,18,5,13
2019-12-17,16,2,14
2019-12-17,12,1,11
2019-12-17,6,1,5
2019-12-17,4,1,3
2019-12-18,0,0,0
2019-12-18,1,1,0
2019-12-18,3,1,2
2019-12-18,0,0,0
2019-12-18,1,0,1
2019-12-18,20,16,4
2019-12-18,46,42,4
2019-12-18,92,79,13
2019-12-18,114,103,11
2019-12-18,44,39,5
2019-12-18,17,11,6
2019-12-18,15,7,8
2019-12-18,18,14,4
2019-12-18,22,14,8
2019-12-18,24,13,11
2019-12-18,48,8,40
2019-12-18,76,15,61
2019-12-18,104,6,98
2019-12-18,55,7,48
2019-12-18,13,1,12
2019-12-18,17,1,16
2019-12-18,3,0,3
2019-12-18,3,1,2
2019-12-18,1,0,1
2019-12-19,0,0,0
2019-12-19,1,0,1
2019-12-19,2,0,2
2019-12-19,0,0,0
2019-12-19,3,2,1
2019-12-19,20,17,3
2019-12-19,34,31,3
2019-12-19,65,60,5
2019-12-19,76,72,4
2019-12-19,23,18,5
2019-12-19,20,18,2
2019-12-19,11,5,6
2019-12-19,8,5,3
2019-12-19,4,0,4
2019-12-19,3,2,1
2019-12-19,24,5,19
2019-12-19,45,5,40
2019-12-19,70,5,65
2019-12-19,36,3,33
2019-12-19,10,3,7
2019-12-19,11,2,9
2019-12-19,0,0,0
2019-12-19,0,0,0
2019-12-19,1,0,1
2019-12-20,1,0,1
2019-12-20,0,0,0
2019-12-20,1,0,1
2019-12-20,0,0,0
2019-12-20,1,0,1
2019-12-20,13,11,2
2019-12-20,16,12,4
2019-12-20,31,29,2
2019-12-20,37,33,4
2019-12-20,15,14,1
2019-12-20,15,13,2
2019-12-20,3,1,2
2019-12-20,3,3,0
2019-12-20,1,1,0
2019-12-20,4,4,0
2019-12-20,24,4,20
2019-12-20,18,2,16
2019-12-20,40,3,37
2019-12-20,19,2,17
2019-12-20,8,2,6
2019-12-20,6,3,3
2019-12-20,2,0,2
2019-12-20,1,1,0
2019-12-20,3,2,1
2019-12-21,0,0,0
2019-12-21,1,0,1
2019-12-21,0,0,0
2019-12-21,0,0,0
2019-12-21,0,0,0
2019-12-21,1,0,1
2019-12-21,4,3,1
2019-12-21,2,2,0
2019-12-21,3,2,1
2019-12-21,5,3,2
2019-12-21,1,1,0
2019-12-21,3,0,3
2019-12-21,0,0,0
2019-12-21,5,2,3
2019-12-21,2,1,1
2019-12-21,5,2,3
2019-12-21,10,3,7
2019-12-21,8,4,4
2019-12-21,11,8,3
2019-12-21,3,2,1
2019-12-21,3,1,2
2019-12-21,15,2,13
2019-12-21,2,1,1
2019-12-21,13,10,3
2019-12-22,2,1,1
2019-12-22,1,0,1
2019-12-22,2,1,1
2019-12-22,1,1,0
2019-12-22,2,0,2
2019-12-22,2,2,0
2019-12-22,2,2,0
2019-12-22,2,2,0
2019-12-22,9,6,3
2019-12-22,17,16,1
2019-12-22,21,14,7
2019-12-22,34,17,17
2019-12-22,20,9,11
2019-12-22,22,8,14
2019-12-22,15,5,10
2019-12-22,26,13,13
2019-12-22,11,3,8
2019-12-22,11,3,8
2019-12-22,2,0,2
2019-12-22,2,0,2
2019-12-22,1,0,1
2019-12-22,0,0,0
2019-12-22,0,0,0
2019-12-22,0,0,0
2019-12-23,0,0,0
2019-12-23,3,0,3
2019-12-23,0,0,0
2019-12-23,0,0,0
2019-12-23,1,1,0
2019-12-23,12,11,1
2019-12-23,31,27,4
2019-12-23,44,41,3
2019-12-23,40,38,2
2019-12-23,28,23,5
2019-12-23,11,9,2
2019-12-23,27,17,10
2019-12-23,19,11,8
2019-12-23,12,5,7
2019-12-23,25,11,14
2019-12-23,41,10,31
2019-12-23,54,8,46
2019-12-23,55,5,50
2019-12-23,23,4,19
2019-12-23,8,3,5
2019-12-23,4,1,3
2019-12-23,4,1,3
2019-12-23,4,2,2
2019-12-23,1,0,1
2019-12-24,2,1,1
2019-12-24,1,0,1
2019-12-24,1,0,1
2019-12-24,0,0,0
2019-12-24,4,1,3
2019-12-24,13,7,6
2019-12-24,20,16,4
2019-12-24,24,22,2
2019-12-24,21,19,2
2019-12-24,18,13,5
2019-12-24,16,8,8
2019-12-24,14,8,6
2019-12-24,22,8,14
2019-12-24,23,9,14
2019-12-24,31,10,21
2019-12-24,23,3,20
2019-12-24,15,6,9
2019-12-24,11,3,8
2019-12-24,6,1,5
2019-12-24,2,0,2
2019-12-24,4,0,4
2019-12-24,3,3,0
2019-12-24,3,1,2
2019-12-24,0,0,0
2019-12-25,0,0,0
2019-12-25,0,0,0
2019-12-25,1,0,1
2019-12-25,1,0,1
2019-12-25,0,0,0
2019-12-25,1,1,0
2019-12-25,3,2,1
2019-12-25,3,0,3
2019-12-25,4,3,1
2019-12-25,7,3,4
2019-12-25,10,3,7
2019-12-25,24,9,15
2019-12-25,12,7,5
2019-12-25,26,20,6
2019-12-25,23,12,11
2019-12-25,14,6,8
2019-12-25,8,5,3
2019-12-25,2,1,1
2019-12-25,2,0,2
2019-12-25,1,1,0
2019-12-25,1,0,1
2019-12-25,3,0,3
2019-12-25,3,2,1
2019-12-25,1,1,0
2019-12-26,2,2,0
2019-12-26,0,0,0
2019-12-26,0,0,0
2019-12-26,0,0,0
2019-12-26,1,1,0
2019-12-26,10,10,0
2019-12-26,19,16,3
2019-12-26,23,20,3
2019-12-26,21,20,1
2019-12-26,27,25,2
2019-12-26,16,10,6
2019-12-26,13,10,3
2019-12-26,19,6,13
2019-12-26,27,11,16
2019-12-26,33,17,16
2019-12-26,25,6,19
2019-12-26,33,6,27
2019-12-26,31,7,24
2019-12-26,21,2,19
2019-12-26,8,7,1
2019-12-26,4,1,3
2019-12-26,3,1,2
2019-12-26,0,0,0
2019-12-26,2,1,1
2019-12-27,1,0,1
2019-12-27,0,0,0
2019-12-27,1,0,1
2019-12-27,3,1,2
2019-12-27,3,3,0
2019-12-27,8,8,0
2019-12-27,27,21,6
2019-12-27,29,25,4
2019-12-27,34,32,2
2019-12-27,19,16,3
2019-12-27,16,9,7
2019-12-27,13,8,5
2019-12-27,7,3,4
2019-12-27,16,7,9
2019-12-27,19,10,9
2019-12-27,35,8,27
2019-12-27,33,4,29
2019-12-27,36,6,30
2019-12-27,21,4,17
2019-12-27,9,4,5
2019-12-27,10,1,9
2019-12-27,7,5,2
2019-12-27,2,0,2
2019-12-27,2,2,0
2019-12-28,3,0,3
2019-12-28,3,2,1
2019-12-28,0,0,0
2019-12-28,1,0,1
2019-12-28,1,1,0
2019-12-28,1,1,0
2019-12-28,13,8,5
2019-12-28,3,2,1
2019-12-28,7,6,1
2019-12-28,19,15,4
2019-12-28,21,10,11
2019-12-28,32,15,17
2019-12-28,35,15,20
2019-12-28,47,31,16
2019-12-28,31,18,13
2019-12-28,12,8,4
2019-12-28,16,3,13
2019-12-28,12,8,4
2019-12-28,5,3,2
2019-12-28,2,0,2
2019-12-28,6,2,4
2019-12-28,6,2,4
2019-12-28,1,1,0
2019-12-28,5,1,4
2019-12-29,3,1,2
2019-12-29,1,1,0
2019-12-29,1,0,1
2019-12-29,0,0,0
2019-12-29,1,0,1
2019-12-29,4,3,1
2019-12-29,8,5,3
2019-12-29,2,2,0
2019-12-29,6,6,0
2019-12-29,15,10,5
2019-12-29,28,12,16
2019-12-29,28,17,11
2019-12-29,25,12,13
2019-12-29,27,12,15
2019-12-29,40,29,11
2019-12-29,33,20,13
2019-12-29,26,14,12
2019-12-29,5,3,2
2019-12-29,6,2,4
2019-12-29,6,2,4
2019-12-29,11,4,7
2019-12-29,23,1,22
2019-12-29,2,1,1
2019-12-29,0,0,0
2019-12-30,0,0,0
2019-12-30,2,0,2
2019-12-30,0,0,0
2019-12-30,2,1,1
2019-12-30,4,4,0
2019-12-30,11,10,1
2019-12-30,28,26,2
2019-12-30,49,45,4
2019-12-30,61,50,11
2019-12-30,25,22,3
2019-12-30,17,13,4
2019-12-30,20,8,12
2019-12-30,12,5,7
2019-12-30,12,8,4
2019-12-30,16,7,9
2019-12-30,35,7,28
2019-12-30,64,14,50
2019-12-30,57,6,51
2019-12-30,31,8,23
2019-12-30,9,3,6
2019-12-30,6,2,4
2019-12-30,4,0,4
2019-12-30,3,2,1
2019-12-30,7,3,4
2019-12-31,3,2,1
2019-12-31,1,1,0
2019-12-31,3,0,3
2019-12-31,1,1,0
2019-12-31,2,1,1
2019-12-31,8,7,1
2019-12-31,20,14,6
2019-12-31,34,31,3
2019-12-31,31,28,3
2019-12-31,18,14,4
2019-12-31,15,9,6
2019-12-31,8,5,3
2019-12-31,8,4,4
2019-12-31,18,6,12
2019-12-31,17,2,15
2019-12-31,33,4,29
2019-12-31,38,12,26
2019-12-31,19,4,15
2019-12-31,10,2,8
2019-12-31,5,2,3
2019-12-31,1,0,1
2019-12-31,2,2,0
2019-12-31,0,0,0
2019-12-31,0,0,0
2020-01-01,3,2,1
2020-01-01,4,3,1
2020-01-01,2,0,2
2020-01-01,0,0,0
2020-01-01,0,0,0
2020-01-01,1,0,1
2020-01-01,3,2,1
2020-01-01,2,1,1
2020-01-01,7,4,3
2020-01-01,9,5,4
2020-01-01,23,9,14
2020-01-01,18,13,5
2020-01-01,27,16,11
2020-01-01,47,26,21
2020-01-01,17,6,11
2020-01-01,30,13,17
2020-01-01,23,11,12
2020-01-01,7,4,3
2020-01-01,6,3,3
2020-01-01,7,5,2
2020-01-01,4,1,3
2020-01-01,4,2,2
2020-01-01,2,1,1
2020-01-01,0,0,0
2020-01-02,2,1,1
2020-01-02,4,1,3
2020-01-02,2,1,1
2020-01-02,3,3,0
2020-01-02,5,4,1
2020-01-02,20,18,2
2020-01-02,43,39,4
2020-01-02,83,78,5
2020-01-02,95,92,3
2020-01-02,38,34,4
2020-01-02,16,14,2
2020-01-02,10,7,3
2020-01-02,17,8,9
2020-01-02,13,8,5
2020-01-02,16,5,11
2020-01-02,33,6,27
2020-01-02,58,9,49
2020-01-02,105,9,96
2020-01-02,44,4,40
2020-01-02,16,1,15
2020-01-02,4,1,3
2020-01-02,1,0,1
2020-01-02,3,0,3
2020-01-02,3,2,1
2020-01-03,0,0,0
2020-01-03,2,2,0
2020-01-03,1,0,1
2020-01-03,0,0,0
2020-01-03,3,2,1
2020-01-03,8,6,2
2020-01-03,29,22,7
2020-01-03,67,65,2
2020-01-03,79,75,4
2020-01-03,34,27,7
2020-01-03,19,11,8
2020-01-03,24,15,9
2020-01-03,26,16,10
2020-01-03,36,17,19
2020-01-03,31,10,21
2020-01-03,46,13,33
2020-01-03,75,6,69
2020-01-03,82,12,70
2020-01-03,52,7,45
2020-01-03,10,3,7
2020-01-03,10,5,5
2020-01-03,4,1,3
2020-01-03,5,1,4
2020-01-03,2,1,1
2020-01-04,0,0,0
2020-01-04,0,0,0
2020-01-04,0,0,0
2020-01-04,0,0,0
2020-01-04,1,0,1
2020-01-04,3,2,1
2020-01-04,5,3,2
2020-01-04,5,4,1
2020-01-04,12,9,3
2020-01-04,27,22,5
2020-01-04,25,17,8
2020-01-04,50,28,22
2020-01-04,30,12,18
2020-01-04,21,9,12
2020-01-04,12,6,6
2020-01-04,16,6,10
2020-01-04,13,2,11
2020-01-04,14,5,9
2020-01-04,5,3,2
2020-01-04,3,3,0
2020-01-04,2,0,2
2020-01-04,2,1,1
2020-01-04,4,1,3
2020-01-04,0,0,0
2020-01-05,2,2,0
2020-01-05,0,0,0
2020-01-05,0,0,0
2020-01-05,0,0,0
2020-01-05,0,0,0
2020-01-05,0,0,0
2020-01-05,0,0,0
2020-01-05,4,3,1
2020-01-05,7,7,0
2020-01-05,6,4,2
2020-01-05,6,3,3
2020-01-05,8,3,5
2020-01-05,14,4,10
2020-01-05,11,6,5
2020-01-05,20,9,11
2020-01-05,14,5,9
2020-01-05,13,10,3
2020-01-05,14,9,5
2020-01-05,1,0,1
2020-01-05,2,0,2
2020-01-05,4,0,4
2020-01-05,1,0,1
2020-01-05,1,0,1
2020-01-05,3,2,1
2020-01-06,2,1,1
2020-01-06,1,0,1
2020-01-06,0,0,0
2020-01-06,1,1,0
2020-01-06,6,4,2
2020-01-06,16,14,2
2020-01-06,53,48,5
2020-01-06,90,80,10
2020-01-06,94,88,6
2020-01-06,29,27,2
2020-01-06,7,6,1
2020-01-06,2,2,0
2020-01-06,5,3,2
2020-01-06,2,1,1
2020-01-06,12,6,6
2020-01-06,27,4,23
2020-01-06,71,11,60
2020-01-06,97,5,92
2020-01-06,64,11,53
2020-01-06,6,2,4
2020-01-06,9,1,8
2020-01-06,4,1,3
2020-01-06,3,0,3
2020-01-06,3,1,2
2020-01-07,3,1,2
2020-01-07,0,0,0
2020-01-07,2,1,1
2020-01-07,1,0,1
2020-01-07,3,2,1
2020-01-07,15,12,3
2020-01-07,40,35,5
2020-01-07,84,74,10
2020-01-07,106,99,7
2020-01-07,44,37,7
2020-01-07,8,7,1
2020-01-07,5,1,4
2020-01-07,10,4,6
2020-01-07,18,9,9
2020-01-07,14,6,8
2020-01-07,22,7,15
2020-01-07,56,11,45
2020-01-07,122,10,112
2020-01-07,62,8,54
2020-01-07,17,1,16
2020-01-07,4,2,2
2020-01-07,3,1,2
2020-01-07,1,0,1
2020-01-07,6,1,5
2020-01-08,2,0,2
2020-01-08,5,3,2
2020-01-08,3,1,2
2020-01-08,1,0,1
2020-01-08,6,4,2
2020-01-08,21,15,6
2020-01-08,63,58,5
2020-01-08,85,76,9
2020-01-08,133,125,8
2020-01-08,46,40,6
2020-01-08,11,8,3
2020-01-08,14,10,4
2020-01-08,17,6,11
2020-01-08,15,7,8
2020-01-08,21,9,12
2020-01-08,35,9,26
2020-01-08,76,14,62
2020-01-08,117,6,111
2020-01-08,78,9,69
2020-01-08,21,5,16
2020-01-08,10,1,9
2020-01-08,7,1,6
2020-01-08,3,0,3
2020-01-08,3,0,3
2020-01-09,0,0,0
2020-01-09,3,1,2
2020-01-09,1,0,1
2020-01-09,0,0,0
2020-01-09,5,3,2
2020-01-09,22,17,5
2020-01-09,48,44,4
2020-01-09,83,77,6
2020-01-09,104,98,6
2020-01-09,37,31,6
2020-01-09,5,4,1
2020-01-09,5,3,2
2020-01-09,4,3,1
2020-01-09,4,2,2
2020-01-09,22,10,12
2020-01-09,25,8,17
2020-01-09,87,15,72
2020-01-09,109,6,103
2020-01-09,62,8,54
2020-01-09,17,2,15
2020-01-09,8,3,5
2020-01-09,7,2,5
2020-01-09,6,0,6
2020-01-09,1,0,1
2020-01-10,2,0,2
2020-01-10,0,0,0
2020-01-10,1,0,1
2020-01-10,0,0,0
2020-01-10,2,2,0
2020-01-10,13,7,6
2020-01-10,35,32,3
2020-01-10,52,47,5
2020-01-10,83,79,4
2020-01-10,25,23,2
2020-01-10,6,5,1
2020-01-10,9,6,3
2020-01-10,4,1,3
2020-01-10,6,5,1
2020-01-10,9,4,5
2020-01-10,26,6,20
2020-01-10,44,7,37
2020-01-10,86,12,74
2020-01-10,32,3,29
2020-01-10,15,3,12
2020-01-10,3,0,3
2020-01-10,3,1,2
2020-01-10,3,1,2
2020-01-10,1,0,1
2020-01-11,0,0,0
2020-01-11,0,0,0
2020-01-11,0,0,0
2020-01-11,1,1,0
2020-01-11,0,0,0
2020-01-11,2,0,2
2020-01-11,4,4,0
2020-01-11,4,4,0
2020-01-11,3,2,1
2020-01-11,14,9,5
2020-01-11,16,7,9
2020-01-11,19,8,11
2020-01-11,14,6,8
2020-01-11,25,16,9
2020-01-11,20,16,4
2020-01-11,20,7,13
2020-01-11,12,1,11
2020-01-11,14,6,8
2020-01-11,6,2,4
2020-01-11,7,2,5
2020-01-11,6,3,3
2020-01-11,6,2,4
2020-01-11,3,0,3
2020-01-11,1,0,1
2020-01-12,3,2,1
2020-01-12,0,0,0
2020-01-12,1,1,0
2020-01-12,1,0,1
2020-01-12,0,0,0
2020-01-12,0,0,0
2020-01-12,3,3,0
2020-01-12,4,3,1
2020-01-12,2,2,0
2020-01-12,10,9,1
2020-01-12,10,3,7
2020-01-12,10,2,8
2020-01-12,5,4,1
2020-01-12,9,6,3
2020-01-12,8,2,6
2020-01-12,22,13,9
2020-01-12,6,2,4
2020-01-12,3,1,2
2020-01-12,3,2,1
2020-01-12,0,0,0
2020-01-12,4,0,4
2020-01-12,1,0,1
2020-01-12,1,1,0
2020-01-12,0,0,0
2020-01-13,0,0,0
2020-01-13,1,0,1
2020-01-13,0,0,0
2020-01-13,1,1,0
2020-01-13,2,1,1
2020-01-13,9,8,1
2020-01-13,26,26,0
2020-01-13,44,38,6
2020-01-13,48,46,2
2020-01-13,29,25,4
2020-01-13,9,7,2
2020-01-13,7,5,2
2020-01-13,4,2,2
2020-01-13,2,2,0
2020-01-13,8,2,6
2020-01-13,22,6,16
2020-01-13,42,5,37
2020-01-13,54,1,53
2020-01-13,17,3,14
2020-01-13,11,1,10
2020-01-13,3,0,3
2020-01-13,3,0,3
2020-01-13,2,0,2
2020-01-13,1,0,1
2020-01-14,0,0,0
2020-01-14,1,1,0
2020-01-14,1,0,1
2020-01-14,3,3,0
2020-01-14,1,0,1
2020-01-14,6,4,2
2020-01-14,11,11,0
2020-01-14,20,18,2
2020-01-14,21,20,1
2020-01-14,17,12,5
2020-01-14,12,7,5
2020-01-14,6,3,3
2020-01-14,4,2,2
2020-01-14,7,4,3
2020-01-14,9,4,5
2020-01-14,19,7,12
2020-01-14,13,2,11
2020-01-14,36,3,33
2020-01-14,8,1,7
2020-01-14,11,2,9
2020-01-14,1,1,0
2020-01-14,2,0,2
2020-01-14,2,0,2
2020-01-14,1,1,0
2020-01-15,0,0,0
2020-01-15,0,0,0
2020-01-15,2,0,2
2020-01-15,1,1,0
2020-01-15,1,0,1
2020-01-15,6,5,1
2020-01-15,15,15,0
2020-01-15,23,23,0
2020-01-15,38,36,2
2020-01-15,22,18,4
2020-01-15,10,7,3
2020-01-15,4,3,1
2020-01-15,3,1,2
2020-01-15,5,5,0
2020-01-15,8,4,4
2020-01-15,14,2,12
2020-01-15,24,5,19
2020-01-15,31,2,29
2020-01-15,22,3,19
2020-01-15,9,1,8
2020-01-15,6,0,6
2020-01-15,2,0,2
2020-01-15,3,0,3
2020-01-15,2,1,1
2020-01-16,0,0,0
2020-01-16,0,0,0
2020-01-16,1,0,1
2020-01-16,0,0,0
2020-01-16,1,1,0
2020-01-16,12,10,2
2020-01-16,38,35,3
2020-01-16,63,57,6
2020-01-16,88,80,8
2020-01-16,44,37,7
2020-01-16,11,8,3
2020-01-16,15,8,7
2020-01-16,11,7,4
2020-01-16,15,11,4
2020-01-16,14,6,8
2020-01-16,37,8,29
2020-01-16,71,15,56
2020-01-16,88,10,78
2020-01-16,43,5,38
2020-01-16,15,3,12
2020-01-16,13,4,9
2020-01-16,3,2,1
2020-01-16,2,0,2
2020-01-16,0,0,0
2020-01-17,1,0,1
2020-01-17,1,1,0
2020-01-17,2,0,2
2020-01-17,1,0,1
2020-01-17,1,1,0
2020-01-17,11,8,3
2020-01-17,31,28,3
2020-01-17,53,48,5
2020-01-17,72,67,5
2020-01-17,35,26,9
2020-01-17,19,12,7
2020-01-17,9,4,5
2020-01-17,13,9,4
2020-01-17,9,4,5
2020-01-17,16,5,11
2020-01-17,30,4,26
2020-01-17,59,10,49
2020-01-17,92,16,76
2020-01-17,37,5,32
2020-01-17,16,4,12
2020-01-17,2,0,2
2020-01-17,2,1,1
2020-01-17,2,0,2
2020-01-17,1,1,0
2020-01-18,2,1,1
2020-01-18,1,0,1
2020-01-18,1,1,0
2020-01-18,0,0,0
2020-01-18,1,0,1
2020-01-18,0,0,0
2020-01-18,5,5,0
2020-01-18,4,3,1
2020-01-18,13,11,2
2020-01-18,6,2,4
2020-01-18,25,10,15
2020-01-18,19,11,8
2020-01-18,39,28,11
2020-01-18,20,9,11
2020-01-18,10,7,3
2020-01-18,22,8,14
2020-01-18,26,10,16
2020-01-18,12,6,6
2020-01-18,7,1,6
2020-01-18,9,3,6
2020-01-18,3,0,3
2020-01-18,1,0,1
2020-01-18,1,0,1
2020-01-18,1,1,0
2020-01-19,2,2,0
2020-01-19,1,0,1
2020-01-19,0,0,0
2020-01-19,2,0,2
2020-01-19,0,0,0
2020-01-19,4,3,1
2020-01-19,3,3,0
2020-01-19,2,1,1
2020-01-19,10,7,3
2020-01-19,12,5,7
2020-01-19,31,18,13
2020-01-19,17,6,11
2020-01-19,19,9,10
2020-01-19,9,6,3
2020-01-19,14,10,4
2020-01-19,19,8,11
2020-01-19,20,10,10
2020-01-19,10,6,4
2020-01-19,9,5,4
2020-01-19,3,2,1
2020-01-19,7,1,6
2020-01-19,3,1,2
2020-01-19,2,2,0
2020-01-19,1,1,0
2020-01-20,2,1,1
2020-01-20,2,0,2
2020-01-20,2,2,0
2020-01-20,1,1,0
2020-01-20,0,0,0
2020-01-20,7,4,3
2020-01-20,23,20,3
2020-01-20,48,40,8
2020-01-20,53,43,10
2020-01-20,28,23,5
2020-01-20,14,11,3
2020-01-20,21,10,11
2020-01-20,18,9,9
2020-01-20,22,10,12
2020-01-20,33,15,18
2020-01-20,36,15,21
2020-01-20,52,20,32
2020-01-20,51,12,39
2020-01-20,46,8,38
2020-01-20,13,4,9
2020-01-20,3,1,2
2020-01-20,1,0,1
2020-01-20,5,1,4
2020-01-20,2,0,2
2020-01-21,0,0,0
2020-01-21,0,0,0
2020-01-21,2,0,2
2020-01-21,1,1,0
2020-01-21,4,2,2
2020-01-21,18,12,6
2020-01-21,50,43,7
2020-01-21,87,72,15
2020-01-21,103,96,7
2020-01-21,36,33,3
2020-01-21,13,12,1
2020-01-21,8,6,2
2020-01-21,5,4,1
2020-01-21,9,5,4
2020-01-21,12,6,6
2020-01-21,32,11,21
2020-01-21,62,11,51
2020-01-21,111,7,104
2020-01-21,63,9,54
2020-01-21,10,1,9
2020-01-21,7,1,6
2020-01-21,1,0,1
2020-01-21,1,0,1
2020-01-21,1,0,1
2020-01-22,4,1,3
2020-01-22,2,2,0
2020-01-22,3,1,2
2020-01-22,2,1,1
2020-01-22,1,1,0
2020-01-22,21,15,6
2020-01-22,40,36,4
2020-01-22,57,48,9
2020-01-22,111,103,8
2020-01-22,31,26,5
2020-01-22,10,7,3
2020-01-22,8,4,4
2020-01-22,10,5,5
2020-01-22,10,7,3
2020-01-22,10,5,5
2020-01-22,26,7,19
2020-01-22,63,11,52
2020-01-22,100,12,88
2020-01-22,67,11,56
2020-01-22,15,4,11
2020-01-22,10,0,10
2020-01-22,8,3,5
2020-01-22,6,0,6
2020-01-22,4,0,4
2020-01-23,0,0,0
2020-01-23,0,0,0
2020-01-23,2,1,1
2020-01-23,0,0,0
2020-01-23,6,4,2
2020-01-23,17,13,4
2020-01-23,44,38,6
2020-01-23,61,55,6
2020-01-23,73,68,5
2020-01-23,23,18,5
2020-01-23,7,6,1
2020-01-23,4,4,0
2020-01-23,4,1,3
2020-01-23,4,2,2
2020-01-23,8,6,2
2020-01-23,26,6,20
2020-01-23,54,13,41
2020-01-23,84,10,74
2020-01-23,48,2,46
2020-01-23,28,2,26
2020-01-23,5,3,2
2020-01-23,8,4,4
2020-01-23,5,2,3
2020-01-23,2,0,2
2020-01-24,0,0,0
2020-01-24,1,1,0
2020-01-24,2,0,2
2020-01-24,2,2,0
2020-01-24,5,4,1
2020-01-24,12,8,4
2020-01-24,35,29,6
2020-01-24,69,58,11
2020-01-24,92,83,9
2020-01-24,25,19,6
2020-01-24,11,10,1
2020-01-24,8,6,2
2020-01-24,6,1,5
2020-01-24,4,1,3
2020-01-24,16,9,7
2020-01-24,33,8,25
2020-01-24,50,7,43
2020-01-24,86,7,79
2020-01-24,35,4,31
2020-01-24,18,5,13
2020-01-24,3,1,2
2020-01-24,4,0,4
2020-01-24,2,1,1
2020-01-24,4,0,4
2020-01-25,2,0,2
2020-01-25,4,1,3
2020-01-25,1,0,1
2020-01-25,4,4,0
2020-01-25,1,1,0
2020-01-25,3,2,1
2020-01-25,5,4,1
2020-01-25,1,1,0
2020-01-25,18,12,6
2020-01-25,9,7,2
2020-01-25,25,16,9
2020-01-25,16,8,8
2020-01-25,18,5,13
2020-01-25,29,15,14
2020-01-25,42,21,21
2020-01-25,23,15,8
2020-01-25,26,10,16
2020-01-25,9,2,7
2020-01-25,7,1,6
2020-01-25,5,3,2
2020-01-25,8,4,4
2020-01-25,5,2,3
2020-01-25,0,0,0
2020-01-25,4,2,2
2020-01-26,2,0,2
2020-01-26,2,0,2
2020-01-26,2,1,1
2020-01-26,0,0,0
2020-01-26,0,0,0
2020-01-26,1,1,0
2020-01-26,4,3,1
2020-01-26,7,7,0
2020-01-26,5,2,3
2020-01-26,16,9,7
2020-01-26,19,10,9
2020-01-26,42,19,23
2020-01-26,44,25,19
2020-01-26,35,13,22
2020-01-26,39,17,22
2020-01-26,30,16,14
2020-01-26,19,14,5
2020-01-26,12,7,5
2020-01-26,9,2,7
2020-01-26,3,2,1
2020-01-26,0,0,0
2020-01-26,6,1,5
2020-01-26,7,3,4
2020-01-26,1,1,0
2020-01-27,0,0,0
2020-01-27,2,1,1
2020-01-27,1,0,1
2020-01-27,2,0,2
2020-01-27,4,3,1
2020-01-27,12,9,3
2020-01-27,45,42,3
2020-01-27,92,84,8
2020-01-27,112,108,4
2020-01-27,42,39,3
2020-01-27,28,19,9
2020-01-27,18,13,5
2020-01-27,14,8,6
2020-01-27,22,8,14
2020-01-27,20,10,10
2020-01-27,35,6,29
2020-01-27,71,9,62
2020-01-27,119,13,106
2020-01-27,60,9,51
2020-01-27,21,3,18
2020-01-27,4,0,4
2020-01-27,3,1,2
2020-01-27,2,1,1
2020-01-27,2,1,1
2020-01-28,2,1,1
2020-01-28,0,0,0
2020-01-28,2,1,1
2020-01-28,1,1,0
2020-01-28,4,3,1
2020-01-28,18,12,6
2020-01-28,41,36,5
2020-01-28,59,54,5
2020-01-28,101,93,8
2020-01-28,27,23,4
2020-01-28,15,12,3
2020-01-28,8,6,2
2020-01-28,12,9,3
2020-01-28,11,4,7
2020-01-28,20,8,12
2020-01-28,37,11,26
2020-01-28,61,12,49
2020-01-28,120,15,105
2020-01-28,58,6,52
2020-01-28,14,0,14
2020-01-28,13,5,8
2020-01-28,5,0,5
2020-01-28,6,2,4
2020-01-28,1,0,1
2020-01-29,0,0,0
2020-01-29,3,0,3
2020-01-29,1,0,1
2020-01-29,1,1,0
2020-01-29,4,3,1
2020-01-29,16,13,3
2020-01-29,57,54,3
2020-01-29,66,60,6
2020-01-29,107,97,10
2020-01-29,33,30,3
2020-01-29,9,6,3
2020-01-29,7,4,3
2020-01-29,6,4,2
2020-01-29,8,4,4
2020-01-29,12,4,8
2020-01-29,25,5,20
2020-01-29,65,9,56
2020-01-29,103,12,91
2020-01-29,52,5,47
2020-01-29,24,3,21
2020-01-29,10,0,10
2020-01-29,9,2,7
2020-01-29,2,0,2
2020-01-29,3,0,3
2020-01-30,0,0,0
2020-01-30,2,2,0
2020-01-30,1,0,1
2020-01-30,1,1,0
2020-01-30,3,2,1
2020-01-30,22,17,5
2020-01-30,48,37,11
2020-01-30,91,85,6
2020-01-30,125,116,9
2020-01-30,42,37,5
2020-01-30,21,14,7
2020-01-30,17,10,7
2020-01-30,11,6,5
2020-01-30,9,4,5
2020-01-30,25,12,13
2020-01-30,33,9,24
2020-01-30,76,9,67
2020-01-30,119,8,111
2020-01-30,62,6,56
2020-01-30,20,5,15
2020-01-30,11,2,9
2020-01-30,7,1,6
2020-01-30,3,0,3
2020-01-30,2,0,2
2020-01-31,0,0,0
2020-01-31,3,1,2
2020-01-31,2,0,2
2020-01-31,1,1,0
2020-01-31,3,2,1
2020-01-31,9,5,4
2020-01-31,25,22,3
2020-01-31,63,60,3
2020-01-31,68,61,7
2020-01-31,26,18,8
2020-01-31,10,8,2
2020-01-31,8,3,5
2020-01-31,8,4,4
2020-01-31,8,3,5
2020-01-31,8,3,5
2020-01-31,12,3,9
2020-01-31,42,8,34
2020-01-31,74,7,67
2020-01-31,24,0,24
2020-01-31,10,3,7
2020-01-31,7,1,6
2020-01-31,3,1,2
2020-01-31,0,0,0
2020-01-31,0,0,0
2020-02-01,5,2,3
2020-02-01,0,0,0
2020-02-01,2,1,1
2020-02-01,2,1,1
2020-02-01,0,0,0
2020-02-01,0,0,0
2020-02-01,4,1,3
2020-02-01,3,3,0
2020-02-01,6,3,3
2020-02-01,10,5,5
2020-02-01,6,2,4
2020-02-01,16,7,9
2020-02-01,23,16,7
2020-02-01,20,11,9
2020-02-01,30,12,18
2020-02-01,33,16,17
2020-02-01,24,11,13
2020-02-01,18,8,10
2020-02-01,8,3,5
2020-02-01,7,2,5
2020-02-01,4,2,2
2020-02-01,2,1,1
2020-02-01,1,1,0
2020-02-01,2,1,1
2020-02-02,1,0,1
2020-02-02,3,0,3
2020-02-02,0,0,0
2020-02-02,0,0,0
2020-02-02,3,2,1
2020-02-02,2,0,2
2020-02-02,1,0,1
2020-02-02,7,4,3
2020-02-02,5,4,1
2020-02-02,18,10,8
2020-02-02,38,28,10
2020-02-02,44,16,28
2020-02-02,53,21,32
2020-02-02,49,21,28
2020-02-02,44,27,17
2020-02-02,40,24,16
2020-02-02,19,9,10
2020-02-02,13,7,6
2020-02-02,4,3,1
2020-02-02,3,2,1
2020-02-02,3,1,2
2020-02-02,5,2,3
2020-02-02,5,1,4
2020-02-02,2,1,1
2020-02-03,1,0,1
2020-02-03,3,1,2
2020-02-03,1,1,0
2020-02-03,0,0,0
2020-02-03,3,2,1
2020-02-03,18,11,7
2020-02-03,45,42,3
2020-02-03,96,89,7
2020-02-03,115,106,9
2020-02-03,45,37,8
2020-02-03,20,15,5
2020-02-03,15,11,4
2020-02-03,11,10,1
2020-02-03,6,3,3
2020-02-03,22,8,14
2020-02-03,38,6,32
2020-02-03,77,13,64
2020-02-03,138,6,132
2020-02-03,70,7,63
2020-02-03,19,3,16
2020-02-03,9,3,6
2020-02-03,8,3,5
2020-02-03,1,0,1
2020-02-03,0,0,0
2020-02-04,1,1,0
2020-02-04,3,2,1
2020-02-04,1,1,0
2020-02-04,2,0,2
2020-02-04,2,2,0
2020-02-04,19,11,8
2020-02-04,50,43,7
2020-02-04,83,77,6
2020-02-04,108,103,5
2020-02-04,35,32,3
2020-02-04,13,11,2
2020-02-04,6,4,2
2020-02-04,6,3,3
2020-02-04,8,5,3
2020-02-04,9,3,6
2020-02-04,29,8,21
2020-02-04,55,10,45
2020-02-04,108,5,103
2020-02-04,53,6,47
2020-02-04,13,3,10
2020-02-04,14,5,9
2020-02-04,10,0,10
2020-02-04,3,1,2
2020-02-04,0,0,0
2020-02-05,1,0,1
2020-02-05,1,0,1
2020-02-05,1,0,1
2020-02-05,0,0,0
2020-02-05,5,2,3
2020-02-05,18,13,5
2020-02-05,43,37,6
2020-02-05,64,56,8
2020-02-05,90,80,10
2020-02-05,25,20,5
2020-02-05,5,3,2
2020-02-05,7,2,5
2020-02-05,5,5,0
2020-02-05,8,4,4
2020-02-05,11,5,6
2020-02-05,20,5,15
2020-02-05,52,6,46
2020-02-05,85,8,77
2020-02-05,55,6,49
2020-02-05,13,0,13
2020-02-05,8,2,6
2020-02-05,4,1,3
2020-02-05,4,0,4
2020-02-05,0,0,0
2020-02-06,0,0,0
2020-02-06,2,1,1
2020-02-06,1,1,0
2020-02-06,0,0,0
2020-02-06,5,3,2
2020-02-06,16,11,5
2020-02-06,38,33,5
2020-02-06,57,52,5
2020-02-06,77,66,11
2020-02-06,19,17,2
2020-02-06,8,8,0
2020-02-06,1,1,0
2020-02-06,5,2,3
2020-02-06,4,1,3
2020-02-06,12,2,10
2020-02-06,24,6,18
2020-02-06,56,8,48
2020-02-06,66,4,62
2020-02-06,49,4,45
2020-02-06,14,5,9
2020-02-06,8,1,7
2020-02-06,0,0,0
2020-02-06,4,0,4
2020-02-06,3,1,2
2020-02-07,1,1,0
2020-02-07,2,1,1
2020-02-07,0,0,0
2020-02-07,3,1,2
2020-02-07,4,2,2
2020-02-07,16,12,4
2020-02-07,28,23,5
2020-02-07,56,51,5
2020-02-07,72,65,7
2020-02-07,18,15,3
2020-02-07,17,11,6
2020-02-07,18,12,6
2020-02-07,14,5,9
2020-02-07,9,3,6
2020-02-07,12,7,5
2020-02-07,23,5,18
2020-02-07,56,9,47
2020-02-07,61,6,55
2020-02-07,31,4,27
2020-02-07,16,3,13
2020-02-07,5,1,4
2020-02-07,8,2,6
2020-02-07,6,2,4
2020-02-07,1,1,0
2020-02-08,0,0,0
2020-02-08,0,0,0
2020-02-08,1,0,1
2020-02-08,0,0,0
2020-02-08,0,0,0
2020-02-08,1,1,0
2020-02-08,8,5,3
2020-02-08,8,7,1
2020-02-08,9,5,4
2020-02-08,17,9,8
2020-02-08,16,10,6
2020-02-08,37,16,21
2020-02-08,47,25,22
2020-02-08,53,26,27
2020-02-08,28,15,13
2020-02-08,36,17,19
2020-02-08,27,12,15
2020-02-08,36,24,12
2020-02-08,8,1,7
2020-02-08,2,1,1
2020-02-08,7,1,6
2020-02-08,1,0,1
2020-02-08,2,2,0
2020-02-08,3,1,2
2020-02-09,1,0,1
2020-02-09,0,0,0
2020-02-09,0,0,0
2020-02-09,1,0,1
2020-02-09,9,6,3
2020-02-09,3,2,1
2020-02-09,4,3,1
2020-02-09,4,4,0
2020-02-09,4,3,1
2020-02-09,21,17,4
2020-02-09,37,21,16
2020-02-09,46,20,26
2020-02-09,43,22,21
2020-02-09,53,23,30
2020-02-09,61,20,41
2020-02-09,68,23,45
2020-02-09,45,21,24
2020-02-09,23,11,12
2020-02-09,9,1,8
2020-02-09,6,3,3
2020-02-09,0,0,0
2020-02-09,5,1,4
2020-02-09,4,2,2
2020-02-09,2,2,0
2020-02-10,1,0,1
2020-02-10,2,1,1
2020-02-10,0,0,0
2020-02-10,0,0,0
2020-02-10,4,4,0
2020-02-10,20,16,4
2020-02-10,57,50,7
2020-02-10,113,106,7
2020-02-10,143,133,10
2020-02-10,42,38,4
2020-02-10,25,16,9
2020-02-10,16,11,5
2020-02-10,9,5,4
2020-02-10,13,10,3
2020-02-10,24,14,10
2020-02-10,49,8,41
2020-02-10,110,32,78
2020-02-10,180,12,168
2020-02-10,72,7,65
2020-02-10,19,2,17
2020-02-10,13,3,10
2020-02-10,8,3,5
2020-02-10,0,0,0
2020-02-10,0,0,0
2020-02-11,2,1,1
2020-02-11,0,0,0
2020-02-11,1,0,1
2020-02-11,0,0,0
2020-02-11,3,1,2
2020-02-11,20,14,6
2020-02-11,58,50,8
2020-02-11,109,103,6
2020-02-11,128,119,9
2020-02-11,52,46,6
2020-02-11,17,14,3
2020-02-11,15,10,5
2020-02-11,15,9,6
2020-02-11,14,7,7
2020-02-11,21,7,14
2020-02-11,40,18,22
2020-02-11,82,13,69
2020-02-11,162,18,144
2020-02-11,82,9,73
2020-02-11,26,3,23
2020-02-11,13,4,9
2020-02-11,9,2,7
2020-02-11,8,4,4
2020-02-11,2,1,1
2020-02-12,1,0,1
2020-02-12,1,0,1
2020-02-12,1,0,1
2020-02-12,0,0,0
2020-02-12,3,2,1
2020-02-12,23,14,9
2020-02-12,61,52,9
2020-02-12,100,90,10
2020-02-12,118,107,11
2020-02-12,41,35,6
2020-02-12,16,14,2
2020-02-12,13,8,5
2020-02-12,15,8,7
2020-02-12,24,11,13
2020-02-12,22,10,12
2020-02-12,41,13,28
2020-02-12,108,24,84
2020-02-12,148,14,134
2020-02-12,67,8,59
2020-02-12,25,5,20
2020-02-12,7,2,5
2020-02-12,7,2,5
2020-02-12,4,2,2
2020-02-12,2,0,2
2020-02-13,0,0,0
2020-02-13,2,1,1
2020-02-13,1,0,1
2020-02-13,0,0,0
2020-02-13,5,4,1
2020-02-13,18,13,5
2020-02-13,45,42,3
2020-02-13,89,83,6
2020-02-13,105,95,10
2020-02-13,30,24,6
2020-02-13,11,7,4
2020-02-13,8,5,3
2020-02-13,8,4,4
2020-02-13,7,7,0
2020-02-13,16,7,9
2020-02-13,41,7,34
2020-02-13,58,14,44
2020-02-13,116,8,108
2020-02-13,51,4,47
2020-02-13,30,7,23
2020-02-13,6,0,6
2020-02-13,1,1,0
2020-02-13,2,1,1
2020-02-13,2,0,2
2020-02-14,2,0,2
2020-02-14,1,0,1
2020-02-14,1,0,1
2020-02-14,1,1,0
2020-02-14,4,2,2
2020-02-14,18,12,6
2020-02-14,37,29,8
2020-02-14,67,58,9
2020-02-14,92,80,12
2020-02-14,34,26,8
2020-02-14,23,16,7
2020-02-14,25,9,16
2020-02-14,16,8,8
2020-02-14,25,13,12
2020-02-14,25,8,17
2020-02-14,47,19,28
2020-02-14,72,17,55
2020-02-14,99,11,88
2020-02-14,36,2,34
2020-02-14,18,4,14
2020-02-14,5,1,4
2020-02-14,9,5,4
2020-02-14,2,1,1
2020-02-14,3,1,2
2020-02-15,1,1,0
2020-02-15,2,0,2
2020-02-15,2,0,2
2020-02-15,0,0,0
2020-02-15,1,0,1
2020-02-15,2,1,1
2020-02-15,7,5,2
2020-02-15,5,3,2
2020-02-15,11,10,1
2020-02-15,6,4,2
2020-02-15,17,9,8
2020-02-15,13,6,7
2020-02-15,12,7,5
2020-02-15,20,6,14
2020-02-15,11,7,4
2020-02-15,7,6,1
2020-02-15,6,1,5
2020-02-15,8,1,7
2020-02-15,11,2,9
2020-02-15,6,4,2
2020-02-15,2,2,0
2020-02-15,3,1,2
2020-02-15,4,3,1
2020-02-15,1,0,1
2020-02-16,4,2,2
2020-02-16,0,0,0
2020-02-16,0,0,0
2020-02-16,0,0,0
2020-02-16,1,0,1
2020-02-16,2,2,0
2020-02-16,0,0,0
2020-02-16,6,4,2
2020-02-16,9,7,2
2020-02-16,26,22,4
2020-02-16,20,7,13
2020-02-16,17,11,6
2020-02-16,29,6,23
2020-02-16,28,13,15
2020-02-16,12,4,8
2020-02-16,21,12,9
2020-02-16,21,11,10
2020-02-16,11,6,5
2020-02-16,8,3,5
2020-02-16,9,3,6
2020-02-16,3,0,3
2020-02-16,2,2,0
2020-02-16,5,2,3
2020-02-16,0,0,0
2020-02-17,1,1,0
2020-02-17,1,0,1
2020-02-17,0,0,0
2020-02-17,1,0,1
2020-02-17,1,1,0
2020-02-17,8,4,4
2020-02-17,19,14,5
2020-02-17,42,36,6
2020-02-17,48,46,2
2020-02-17,39,26,13
2020-02-17,30,17,13
2020-02-17,49,28,21
2020-02-17,45,22,23
2020-02-17,49,24,25
2020-02-17,39,17,22
2020-02-17,44,24,20
2020-02-17,63,23,40
2020-02-17,67,11,56
2020-02-17,36,5,31
2020-02-17,15,5,10
2020-02-17,9,5,4
2020-02-17,6,0,6
2020-02-17,4,1,3
2020-02-17,2,0,2
2020-02-18,5,1,4
2020-02-18,1,0,1
2020-02-18,1,0,1
2020-02-18,0,0,0
2020-02-18,6,4,2
2020-02-18,21,15,6
2020-02-18,53,49,4
2020-02-18,101,93,8
2020-02-18,114,110,4
2020-02-18,41,32,9
2020-02-18,29,20,9
2020-02-18,27,21,6
2020-02-18,14,6,8
2020-02-18,17,12,5
2020-02-18,28,10,18
2020-02-18,44,13,31
2020-02-18,79,15,64
2020-02-18,151,20,131
2020-02-18,64,5,59
2020-02-18,26,3,23
2020-02-18,10,0,10
2020-02-18,4,3,1
2020-02-18,2,1,1
2020-02-18,0,0,0
2020-02-19,1,0,1
2020-02-19,0,0,0
2020-02-19,4,0,4
2020-02-19,0,0,0
2020-02-19,2,1,1
2020-02-19,16,13,3
2020-02-19,48,46,2
2020-02-19,88,80,8
2020-02-19,118,112,6
2020-02-19,55,47,8
2020-02-19,18,10,8
2020-02-19,22,11,11
2020-02-19,26,14,12
2020-02-19,23,12,11
2020-02-19,24,10,14
2020-02-19,53,23,30
2020-02-19,82,15,67
2020-02-19,149,19,130
2020-02-19,66,11,55
2020-02-19,18,3,15
2020-02-19,20,4,16
2020-02-19,6,0,6
2020-02-19,2,0,2
2020-02-19,2,1,1
2020-02-20,3,1,2
2020-02-20,0,0,0
2020-02-20,2,0,2
2020-02-20,0,0,0
2020-02-20,4,3,1
2020-02-20,15,10,5
2020-02-20,55,48,7
2020-02-20,94,89,5
2020-02-20,115,112,3
2020-02-20,43,37,6
2020-02-20,26,20,6
2020-02-20,11,8,3
2020-02-20,23,12,11
2020-02-20,12,9,3
2020-02-20,28,11,17
2020-02-20,58,20,38
2020-02-20,96,18,78
2020-02-20,148,14,134
2020-02-20,67,15,52
2020-02-20,28,6,22
2020-02-20,37,3,34
2020-02-20,7,1,6
2020-02-20,6,2,4
2020-02-20,2,1,1
2020-02-21,3,3,0
2020-02-21,0,0,0
2020-02-21,3,0,3
2020-02-21,3,2,1
2020-02-21,6,3,3
2020-02-21,14,12,2
2020-02-21,38,35,3
2020-02-21,75,71,4
2020-02-21,82,77,5
2020-02-21,41,35,6
2020-02-21,19,13,6
2020-02-21,9,5,4
2020-02-21,16,6,10
2020-02-21,32,17,15
2020-02-21,30,9,21
2020-02-21,50,14,36
2020-02-21,71,14,57
2020-02-21,111,18,93
2020-02-21,55,14,41
2020-02-21,11,3,8
2020-02-21,12,2,10
2020-02-21,8,3,5
2020-02-21,5,2,3
2020-02-21,3,2,1
2020-02-22,1,1,0
2020-02-22,2,1,1
2020-02-22,1,0,1
2020-02-22,0,0,0
2020-02-22,1,1,0
2020-02-22,4,3,1
2020-02-22,8,4,4
2020-02-22,12,2,10
2020-02-22,20,14,6
2020-02-22,19,13,6
2020-02-22,25,15,10
2020-02-22,61,30,31
2020-02-22,22,15,7
2020-02-22,34,26,8
2020-02-22,34,17,17
2020-02-22,21,6,15
2020-02-22,22,12,10
2020-02-22,16,6,10
2020-02-22,20,8,12
2020-02-22,5,2,3
2020-02-22,6,5,1
2020-02-22,2,0,2
2020-02-22,4,2,2
2020-02-22,1,0,1
2020-02-23,0,0,0
2020-02-23,0,0,0
2020-02-23,0,0,0
2020-02-23,0,0,0
2020-02-23,1,0,1
2020-02-23,1,1,0
2020-02-23,1,1,0
2020-02-23,22,21,1
2020-02-23,16,13,3
2020-02-23,6,4,2
2020-02-23,5,1,4
2020-02-23,14,7,7
2020-02-23,15,10,5
2020-02-23,31,11,20
2020-02-23,36,13,23
2020-02-23,6,2,4
2020-02-23,19,6,13
2020-02-23,11,6,5
2020-02-23,6,3,3
2020-02-23,1,0,1
2020-02-23,0,0,0
2020-02-23,3,0,3
2020-02-23,1,1,0
2020-02-23,0,0,0
2020-02-24,0,0,0
2020-02-24,0,0,0
2020-02-24,0,0,0
2020-02-24,1,0,1
2020-02-24,5,5,0
2020-02-24,20,18,2
2020-02-24,54,52,2
2020-02-24,99,95,4
2020-02-24,130,122,8
2020-02-24,35,32,3
2020-02-24,12,12,0
2020-02-24,12,8,4
2020-02-24,12,7,5
2020-02-24,11,7,4
2020-02-24,14,8,6
2020-02-24,48,12,36
2020-02-24,93,16,77
2020-02-24,163,19,144
2020-02-24,73,10,63
2020-02-24,30,8,22
2020-02-24,12,2,10
2020-02-24,4,2,2
2020-02-24,3,2,1
2020-02-24,7,3,4
2020-02-25,0,0,0
2020-02-25,2,0,2
2020-02-25,5,2,3
2020-02-25,0,0,0
2020-02-25,3,2,1
2020-02-25,21,18,3
2020-02-25,52,48,4
2020-02-25,120,113,7
2020-02-25,121,112,9
2020-02-25,51,45,6
2020-02-25,18,17,1
2020-02-25,11,6,5
2020-02-25,12,8,4
2020-02-25,10,6,4
2020-02-25,21,9,12
2020-02-25,44,10,34
2020-02-25,87,13,74
2020-02-25,168,20,148
2020-02-25,84,12,72
2020-02-25,29,6,23
2020-02-25,12,3,9
2020-02-25,15,4,11
2020-02-25,4,0,4
2020-02-25,6,5,1
2020-02-26,4,0,4
2020-02-26,0,0,0
2020-02-26,3,1,2
2020-02-26,0,0,0
2020-02-26,4,3,1
2020-02-26,26,20,6
2020-02-26,76,70,6
2020-02-26,98,86,12
2020-02-26,134,119,15
2020-02-26,43,36,7
2020-02-26,30,19,11
2020-02-26,11,6,5
2020-02-26,17,10,7
2020-02-26,24,17,7
2020-02-26,19,13,6
2020-02-26,54,12,42
2020-02-26,84,17,67
2020-02-26,158,13,145
2020-02-26,83,12,71
2020-02-26,26,6,20
2020-02-26,16,7,9
2020-02-26,6,1,5
2020-02-26,9,1,8
2020-02-26,2,0,2
2020-02-27,5,4,1
2020-02-27,1,0,1
2020-02-27,1,0,1
2020-02-27,1,0,1
2020-02-27,3,2,1
2020-02-27,24,19,5
2020-02-27,61,56,5
2020-02-27,109,100,9
2020-02-27,156,145,11
2020-02-27,56,45,11
2020-02-27,29,20,9
2020-02-27,34,15,19
2020-02-27,27,10,17
2020-02-27,31,19,12
2020-02-27,35,19,16
2020-02-27,52,19,33
2020-02-27,106,20,86
2020-02-27,201,30,171
2020-02-27,87,16,71
2020-02-27,37,10,27
2020-02-27,11,2,9
2020-02-27,17,3,14
2020-02-27,5,2,3
2020-02-27,1,0,1
2020-02-28,3,2,1
2020-02-28,4,1,3
2020-02-28,3,1,2
2020-02-28,4,2,2
2020-02-28,3,0,3
2020-02-28,19,15,4
2020-02-28,47,40,7
2020-02-28,84,73,11
2020-02-28,112,106,6
2020-02-28,32,24,8
2020-02-28,19,12,7
2020-02-28,9,5,4
2020-02-28,19,8,11
2020-02-28,12,5,7
2020-02-28,15,5,10
2020-02-28,46,11,35
2020-02-28,74,19,55
2020-02-28,88,13,75
2020-02-28,47,6,41
2020-02-28,21,4,17
2020-02-28,10,2,8
2020-02-28,1,1,0
2020-02-28,2,0,2
2020-02-28,1,1,0
2020-02-29,0,0,0
2020-02-29,0,0,0
2020-02-29,1,1,0
2020-02-29,0,0,0
2020-02-29,0,0,0
2020-02-29,1,0,1
2020-02-29,4,4,0
2020-02-29,9,7,2
2020-02-29,13,8,5
2020-02-29,14,10,4
2020-02-29,17,8,9
2020-02-29,29,11,18
2020-02-29,25,19,6
2020-02-29,22,9,13
2020-02-29,19,9,10
2020-02-29,13,5,8
2020-02-29,24,10,14
2020-02-29,15,5,10
2020-02-29,8,3,5
2020-02-29,3,1,2
2020-02-29,4,3,1
2020-02-29,2,2,0
2020-02-29,5,2,3
2020-02-29,0,0,0
2020-03-01,0,0,0
2020-03-01,0,0,0
2020-03-01,0,0,0
2020-03-01,0,0,0
2020-03-01,2,1,1
2020-03-01,1,1,0
2020-03-01,5,3,2
2020-03-01,6,5,1
2020-03-01,18,10,8
2020-03-01,40,16,24
2020-03-01,55,29,26
2020-03-01,57,30,27
2020-03-01,47,19,28
2020-03-01,72,35,37
2020-03-01,48,27,21
2020-03-01,36,11,25
2020-03-01,28,16,12
2020-03-01,16,6,10
2020-03-01,7,5,2
2020-03-01,3,2,1
2020-03-01,6,5,1
2020-03-01,3,0,3
2020-03-01,1,1,0
2020-03-01,2,0,2
2020-03-02,1,0,1
2020-03-02,1,0,1
2020-03-02,0,0,0
2020-03-02,0,0,0
2020-03-02,2,2,0
2020-03-02,17,14,3
2020-03-02,55,51,4
2020-03-02,114,104,10
2020-03-02,103,94,9
2020-03-02,43,40,3
2020-03-02,11,10,1
2020-03-02,7,3,4
2020-03-02,9,5,4
2020-03-02,13,7,6
2020-03-02,20,5,15
2020-03-02,38,4,34
2020-03-02,73,10,63
2020-03-02,125,5,120
2020-03-02,73,6,67
2020-03-02,16,4,12
2020-03-02,11,2,9
2020-03-02,2,1,1
2020-03-02,2,2,0
2020-03-02,4,1,3
2020-03-03,1,1,0
2020-03-03,1,0,1
2020-03-03,1,0,1
2020-03-03,1,0,1
2020-03-03,2,0,2
2020-03-03,16,14,2
2020-03-03,62,55,7
2020-03-03,105,101,4
2020-03-03,135,128,7
2020-03-03,42,38,4
2020-03-03,23,21,2
2020-03-03,16,11,5
2020-03-03,18,11,7
2020-03-03,17,6,11
2020-03-03,14,6,8
2020-03-03,48,14,34
2020-03-03,76,6,70
2020-03-03,133,8,125
2020-03-03,76,10,66
2020-03-03,27,4,23
2020-03-03,15,2,13
2020-03-03,5,1,4
2020-03-03,4,3,1
2020-03-03,4,0,4
2020-03-04,0,0,0
2020-03-04,1,0,1
2020-03-04,1,0,1
2020-03-04,0,0,0
2020-03-04,2,2,0
2020-03-04,14,10,4
2020-03-04,61,54,7
2020-03-04,89,86,3
2020-03-04,116,105,11
2020-03-04,53,45,8
2020-03-04,20,19,1
2020-03-04,12,6,6
2020-03-04,27,15,12
2020-03-04,27,16,11
2020-03-04,41,20,21
2020-03-04,65,19,46
2020-03-04,91,13,78
2020-03-04,147,24,123
2020-03-04,83,19,64
2020-03-04,44,10,34
2020-03-04,24,8,16
2020-03-04,12,4,8
2020-03-04,1,0,1
2020-03-04,5,1,4
2020-03-05,0,0,0
2020-03-05,1,0,1
2020-03-05,1,0,1
2020-03-05,0,0,0
2020-03-05,4,3,1
2020-03-05,12,9,3
2020-03-05,57,47,10
2020-03-05,96,79,17
2020-03-05,94,87,7
2020-03-05,39,34,5
2020-03-05,19,10,9
2020-03-05,16,10,6
2020-03-05,14,9,5
2020-03-05,22,9,13
2020-03-05,29,11,18
2020-03-05,40,8,32
2020-03-05,67,16,51
2020-03-05,99,13,86
2020-03-05,44,6,38
2020-03-05,21,4,17
2020-03-05,16,5,11
2020-03-05,8,2,6
2020-03-05,1,0,1
2020-03-05,1,0,1
2020-03-06,0,0,0
2020-03-06,0,0,0
2020-03-06,1,0,1
2020-03-06,1,1,0
2020-03-06,1,0,1
2020-03-06,9,6,3
2020-03-06,27,25,2
2020-03-06,44,38,6
2020-03-06,52,44,8
2020-03-06,20,16,4
2020-03-06,5,2,3
2020-03-06,5,2,3
2020-03-06,5,3,2
2020-03-06,10,5,5
2020-03-06,11,5,6
2020-03-06,23,7,16
2020-03-06,41,9,32
2020-03-06,44,5,39
2020-03-06,35,3,32
2020-03-06,14,4,10
2020-03-06,7,2,5
2020-03-06,4,1,3
2020-03-06,1,1,0
2020-03-06,5,1,4
2020-03-07,2,2,0
2020-03-07,1,1,0
2020-03-07,0,0,0
2020-03-07,4,2,2
2020-03-07,0,0,0
2020-03-07,1,1,0
2020-03-07,7,5,2
2020-03-07,10,9,1
2020-03-07,17,11,6
2020-03-07,22,16,6
2020-03-07,19,13,6
2020-03-07,26,9,17
2020-03-07,26,6,20
2020-03-07,18,13,5
2020-03-07,19,13,6
2020-03-07,17,7,10
2020-03-07,20,8,12
2020-03-07,24,10,14
2020-03-07,13,8,5
2020-03-07,6,1,5
2020-03-07,4,2,2
2020-03-07,4,1,3
2020-03-07,3,1,2
2020-03-07,4,1,3
2020-03-08,0,0,0
2020-03-08,1,0,1
2020-03-08,,,
2020-03-08,1,1,0
2020-03-08,1,0,1
2020-03-08,2,2,0
2020-03-08,4,4,0
2020-03-08,3,1,2
2020-03-08,11,6,5
2020-03-08,15,10,5
2020-03-08,23,10,13
2020-03-08,39,12,27
2020-03-08,53,21,32
2020-03-08,50,32,18
2020-03-08,67,40,27
2020-03-08,51,31,20
2020-03-08,45,23,22
2020-03-08,32,12,20
2020-03-08,24,13,11
2020-03-08,6,3,3
2020-03-08,3,3,0
2020-03-08,8,3,5
2020-03-08,1,1,0
2020-03-08,1,0,1
2020-03-09,0,0,0
2020-03-09,1,0,1
2020-03-09,1,0,1
2020-03-09,1,1,0
2020-03-09,1,1,0
2020-03-09,15,13,2
2020-03-09,39,32,7
2020-03-09,57,52,5
2020-03-09,63,60,3
2020-03-09,28,22,6
2020-03-09,17,14,3
2020-03-09,13,9,4
2020-03-09,18,9,9
2020-03-09,18,11,7
2020-03-09,26,9,17
2020-03-09,46,14,32
2020-03-09,75,18,57
2020-03-09,110,24,86
2020-03-09,68,15,53
2020-03-09,20,11,9
2020-03-09,7,3,4
2020-03-09,2,1,1
2020-03-09,9,4,5
2020-03-09,1,0,1
2020-03-10,0,0,0
2020-03-10,2,2,0
2020-03-10,3,0,3
2020-03-10,0,0,0
2020-03-10,3,3,0
2020-03-10,19,16,3
2020-03-10,33,30,3
2020-03-10,63,57,6
2020-03-10,63,59,4
2020-03-10,34,30,4
2020-03-10,20,15,5
2020-03-10,9,8,1
2020-03-10,14,7,7
2020-03-10,16,8,8
2020-03-10,34,17,17
2020-03-10,35,10,25
2020-03-10,61,12,49
2020-03-10,92,11,81
2020-03-10,58,10,48
2020-03-10,24,8,16
2020-03-10,14,5,9
2020-03-10,3,1,2
2020-03-10,3,1,2
2020-03-10,3,0,3
2020-03-11,1,1,0
2020-03-11,1,0,1
2020-03-11,1,0,1
2020-03-11,1,0,1
2020-03-11,4,3,1
2020-03-11,15,13,2
2020-03-11,43,41,2
2020-03-11,56,49,7
2020-03-11,53,44,9
2020-03-11,36,29,7
2020-03-11,24,16,8
2020-03-11,18,10,8
2020-03-11,8,7,1
2020-03-11,14,10,4
2020-03-11,10,5,5
2020-03-11,47,18,29
2020-03-11,60,11,49
2020-03-11,75,13,62
2020-03-11,56,14,42
2020-03-11,24,6,18
2020-03-11,17,4,13
2020-03-11,5,0,5
2020-03-11,10,3,7
2020-03-11,2,0,2
2020-03-12,1,0,1
2020-03-12,0,0,0
2020-03-12,2,0,2
2020-03-12,0,0,0
2020-03-12,0,0,0
2020-03-12,19,16,3
2020-03-12,45,37,8
2020-03-12,57,51,6
2020-03-12,57,52,5
2020-03-12,26,25,1
2020-03-12,14,7,7
2020-03-12,16,12,4
2020-03-12,15,7,8
2020-03-12,17,11,6
2020-03-12,21,12,9
2020-03-12,46,17,29
2020-03-12,66,21,45
2020-03-12,93,16,77
2020-03-12,73,22,51
2020-03-12,21,6,15
2020-03-12,9,1,8
2020-03-12,2,1,1
2020-03-12,5,0,5
2020-03-12,4,1,3
2020-03-13,3,2,1
2020-03-13,2,1,1
2020-03-13,1,0,1
2020-03-13,4,3,1
2020-03-13,2,0,2
2020-03-13,15,14,1
2020-03-13,21,18,3
2020-03-13,23,17,6
2020-03-13,28,25,3
2020-03-13,10,7,3
2020-03-13,5,3,2
2020-03-13,4,3,1
2020-03-13,9,3,6
2020-03-13,8,3,5
2020-03-13,15,8,7
2020-03-13,18,4,14
2020-03-13,21,7,14
2020-03-13,34,4,30
2020-03-13,14,5,9
2020-03-13,9,3,6
2020-03-13,5,0,5
2020-03-13,2,1,1
2020-03-13,2,1,1
2020-03-13,1,1,0
2020-03-14,1,0,1
2020-03-14,1,0,1
2020-03-14,0,0,0
2020-03-14,0,0,0
2020-03-14,0,0,0
2020-03-14,0,0,0
2020-03-14,5,4,1
2020-03-14,5,4,1
2020-03-14,13,4,9
2020-03-14,19,10,9
2020-03-14,21,11,10
2020-03-14,15,10,5
2020-03-14,16,11,5
2020-03-14,34,18,16
2020-03-14,37,21,16
2020-03-14,38,18,20
2020-03-14,18,5,13
2020-03-14,17,7,10
2020-03-14,17,11,6
2020-03-14,3,0,3
2020-03-14,2,2,0
2020-03-14,4,2,2
2020-03-14,2,2,0
2020-03-14,0,0,0
2020-03-15,2,1,1
2020-03-15,0,0,0
2020-03-15,4,2,2
2020-03-15,2,1,1
2020-03-15,0,0,0
2020-03-15,0,0,0
2020-03-15,4,1,3
2020-03-15,7,6,1
2020-03-15,8,3,5
2020-03-15,18,16,2
2020-03-15,20,14,6
2020-03-15,46,15,31
2020-03-15,48,17,31
2020-03-15,56,26,30
2020-03-15,53,28,25
2020-03-15,60,37,23
2020-03-15,47,25,22
2020-03-15,20,10,10
2020-03-15,22,13,9
2020-03-15,5,4,1
2020-03-15,7,2,5
2020-03-15,1,1,0
2020-03-15,0,0,0
2020-03-15,3,2,1
2020-03-16,0,0,0
2020-03-16,1,0,1
2020-03-16,0,0,0
2020-03-16,2,2,0
2020-03-16,3,3,0
2020-03-16,8,7,1
2020-03-16,34,27,7
2020-03-16,45,39,6
2020-03-16,27,25,2
2020-03-16,13,12,1
2020-03-16,16,13,3
2020-03-16,17,9,8
2020-03-16,17,9,8
2020-03-16,23,6,17
2020-03-16,32,11,21
2020-03-16,50,22,28
2020-03-16,60,19,41
2020-03-16,80,20,60
2020-03-16,45,12,33
2020-03-16,19,10,9
2020-03-16,8,2,6
2020-03-16,1,0,1
2020-03-16,4,2,2
2020-03-16,2,0,2
2020-03-17,1,0,1
2020-03-17,0,0,0
2020-03-17,2,0,2
2020-03-17,0,0,0
2020-03-17,0,0,0
2020-03-17,12,11,1
2020-03-17,31,25,6
2020-03-17,31,22,9
2020-03-17,29,27,2
2020-03-17,17,15,2
2020-03-17,14,13,1
2020-03-17,11,5,6
2020-03-17,27,11,16
2020-03-17,30,17,13
2020-03-17,38,19,19
2020-03-17,44,20,24
2020-03-17,59,16,43
2020-03-17,87,33,54
2020-03-17,48,15,33
2020-03-17,10,3,7
2020-03-17,11,0,11
2020-03-17,0,0,0
2020-03-17,2,1,1
2020-03-17,1,1,0
2020-03-18,0,0,0
2020-03-18,0,0,0
2020-03-18,1,0,1
2020-03-18,0,0,0
2020-03-18,1,0,1
2020-03-18,8,7,1
2020-03-18,35,30,5
2020-03-18,26,22,4
2020-03-18,26,23,3
2020-03-18,21,17,4
2020-03-18,22,16,6
2020-03-18,26,11,15
2020-03-18,46,26,20
2020-03-18,43,24,19
2020-03-18,43,21,22
2020-03-18,76,32,44
2020-03-18,73,24,49
2020-03-18,118,41,77
2020-03-18,77,42,35
2020-03-18,34,13,21
2020-03-18,22,7,15
2020-03-18,4,2,2
2020-03-18,1,0,1
2020-03-18,3,1,2
2020-03-19,0,0,0
2020-03-19,1,0,1
2020-03-19,1,0,1
2020-03-19,0,0,0
2020-03-19,1,1,0
2020-03-19,5,4,1
2020-03-19,21,19,2
2020-03-19,20,18,2
2020-03-19,29,26,3
2020-03-19,13,10,3
2020-03-19,17,14,3
2020-03-19,15,6,9
2020-03-19,41,19,22
2020-03-19,43,24,19
2020-03-19,58,24,34
2020-03-19,62,22,40
2020-03-19,89,36,53
2020-03-19,96,38,58
2020-03-19,64,17,47
2020-03-19,39,25,14
2020-03-19,25,13,12
2020-03-19,6,1,5
2020-03-19,1,0,1
2020-03-19,3,2,1
2020-03-20,3,0,3
2020-03-20,0,0,0
2020-03-20,1,0,1
2020-03-20,1,0,1
2020-03-20,1,0,1
2020-03-20,9,7,2
2020-03-20,19,14,5
2020-03-20,21,17,4
2020-03-20,25,23,2
2020-03-20,23,18,5
2020-03-20,17,10,7
2020-03-20,31,12,19
2020-03-20,30,15,15
2020-03-20,51,27,24
2020-03-20,57,31,26
2020-03-20,64,24,40
2020-03-20,87,37,50
2020-03-20,113,42,71
2020-03-20,68,32,36
2020-03-20,30,15,15
2020-03-20,14,9,5
2020-03-20,7,3,4
2020-03-20,4,1,3
2020-03-20,6,2,4
2020-03-21,0,0,0
2020-03-21,0,0,0
2020-03-21,1,1,0
2020-03-21,1,0,1
2020-03-21,1,0,1
2020-03-21,4,2,2
2020-03-21,3,3,0
2020-03-21,10,8,2
2020-03-21,16,7,9
2020-03-21,29,16,13
2020-03-21,45,20,25
2020-03-21,70,35,35
2020-03-21,59,25,34
2020-03-21,111,45,66
2020-03-21,111,59,52
2020-03-21,141,63,78
2020-03-21,119,63,56
2020-03-21,97,49,48
2020-03-21,50,29,21
2020-03-21,19,11,8
2020-03-21,9,5,4
2020-03-21,2,0,2
2020-03-21,0,0,0
2020-03-21,5,3,2
2020-03-22,0,0,0
2020-03-22,3,1,2
2020-03-22,0,0,0
2020-03-22,0,0,0
2020-03-22,1,0,1
2020-03-22,0,0,0
2020-03-22,3,2,1
2020-03-22,10,8,2
2020-03-22,10,6,4
2020-03-22,17,8,9
2020-03-22,23,11,12
2020-03-22,67,37,30
2020-03-22,96,42,54
2020-03-22,99,47,52
2020-03-22,110,60,50
2020-03-22,107,56,51
2020-03-22,55,26,29
2020-03-22,33,12,21
2020-03-22,16,8,8
2020-03-22,16,7,9
2020-03-22,2,1,1
2020-03-22,1,0,1
2020-03-22,0,0,0
2020-03-22,1,1,0
2020-03-23,1,1,0
2020-03-23,5,3,2
2020-03-23,4,2,2
2020-03-23,0,0,0
2020-03-23,0,0,0
2020-03-23,9,8,1
2020-03-23,22,19,3
2020-03-23,21,19,2
2020-03-23,25,20,5
2020-03-23,17,15,2
2020-03-23,17,14,3
2020-03-23,10,6,4
2020-03-23,19,9,10
2020-03-23,22,9,13
2020-03-23,20,9,11
2020-03-23,25,10,15
2020-03-23,28,6,22
2020-03-23,33,12,21
2020-03-23,32,6,26
2020-03-23,10,2,8
2020-03-23,7,4,3
2020-03-23,1,0,1
2020-03-23,4,0,4
2020-03-23,3,1,2
2020-03-24,0,0,0
2020-03-24,1,0,1
2020-03-24,1,0,1
2020-03-24,2,1,1
2020-03-24,1,1,0
2020-03-24,6,5,1
2020-03-24,28,23,5
2020-03-24,26,20,6
2020-03-24,14,12,2
2020-03-24,20,15,5
2020-03-24,9,6,3
2020-03-24,14,8,6
2020-03-24,16,10,6
2020-03-24,22,8,14
2020-03-24,20,9,11
2020-03-24,26,9,17
2020-03-24,43,8,35
2020-03-24,49,10,39
2020-03-24,41,18,23
2020-03-24,13,4,9
2020-03-24,7,3,4
2020-03-24,3,0,3
2020-03-24,0,0,0
2020-03-24,1,1,0
2020-03-25,1,0,1
2020-03-25,2,1,1
2020-03-25,2,0,2
2020-03-25,0,0,0
2020-03-25,1,1,0
2020-03-25,4,3,1
2020-03-25,23,19,4
2020-03-25,11,11,0
2020-03-25,14,12,2
2020-03-25,14,6,8
2020-03-25,9,5,4
2020-03-25,6,6,0
2020-03-25,19,6,13
2020-03-25,10,5,5
2020-03-25,26,13,13
2020-03-25,37,19,18
2020-03-25,76,42,34
2020-03-25,88,30,58
2020-03-25,46,25,21
2020-03-25,30,12,18
2020-03-25,6,1,5
2020-03-25,8,3,5
2020-03-25,2,1,1
2020-03-25,3,1,2
2020-03-26,0,0,0
2020-03-26,0,0,0
2020-03-26,4,1,3
2020-03-26,1,0,1
2020-03-26,2,2,0
2020-03-26,9,6,3
2020-03-26,28,22,6
2020-03-26,23,20,3
2020-03-26,17,12,5
2020-03-26,18,12,6
2020-03-26,27,15,12
2020-03-26,32,24,8
2020-03-26,23,13,10
2020-03-26,43,16,27
2020-03-26,33,20,13
2020-03-26,32,11,21
2020-03-26,34,16,18
2020-03-26,59,17,42
2020-03-26,39,16,23
2020-03-26,20,7,13
2020-03-26,6,2,4
2020-03-26,4,3,1
2020-03-26,1,0,1
2020-03-26,1,1,0
2020-03-27,0,0,0
2020-03-27,2,1,1
2020-03-27,4,2,2
2020-03-27,1,1,0
2020-03-27,2,1,1
2020-03-27,6,5,1
2020-03-27,14,12,2
2020-03-27,13,10,3
2020-03-27,14,13,1
2020-03-27,18,11,7
2020-03-27,8,6,2
2020-03-27,17,9,8
2020-03-27,17,8,9
2020-03-27,32,19,13
2020-03-27,27,14,13
2020-03-27,41,17,24
2020-03-27,44,19,25
2020-03-27,48,24,24
2020-03-27,35,19,16
2020-03-27,7,0,7
2020-03-27,5,0,5
2020-03-27,10,4,6
2020-03-27,1,0,1
2020-03-27,1,0,1
2020-03-28,5,2,3
2020-03-28,0,0,0
2020-03-28,4,3,1
2020-03-28,0,0,0
2020-03-28,0,0,0
2020-03-28,1,0,1
2020-03-28,6,2,4
2020-03-28,4,4,0
2020-03-28,14,9,5
2020-03-28,23,12,11
2020-03-28,27,13,14
2020-03-28,38,18,20
2020-03-28,49,21,28
2020-03-28,58,33,25
2020-03-28,44,21,23
2020-03-28,49,28,21
2020-03-28,35,18,17
2020-03-28,26,13,13
2020-03-28,13,6,7
2020-03-28,10,3,7
2020-03-28,0,0,0
2020-03-28,3,1,2
2020-03-28,3,2,1
2020-03-28,3,2,1
2020-03-29,0,0,0
2020-03-29,0,0,0
2020-03-29,0,0,0
2020-03-29,0,0,0
2020-03-29,0,0,0
2020-03-29,2,1,1
2020-03-29,2,2,0
2020-03-29,5,3,2
2020-03-29,9,5,4
2020-03-29,14,8,6
2020-03-29,35,18,17
2020-03-29,90,47,43
2020-03-29,90,42,48
2020-03-29,140,74,66
2020-03-29,210,87,123
2020-03-29,157,77,80
2020-03-29,122,64,58
2020-03-29,95,49,46
2020-03-29,33,19,14
2020-03-29,13,6,7
2020-03-29,2,0,2
2020-03-29,0,0,0
2020-03-29,0,0,0
2020-03-29,0,0,0
2020-03-30,0,0,0
2020-03-30,0,0,0
2020-03-30,0,0,0
2020-03-30,0,0,0
2020-03-30,0,0,0
2020-03-30,7,5,2
2020-03-30,17,15,2
2020-03-30,13,10,3
2020-03-30,18,15,3
2020-03-30,14,7,7
2020-03-30,17,13,4
2020-03-30,7,6,1
2020-03-30,3,0,3
2020-03-30,7,3,4
2020-03-30,7,2,5
2020-03-30,13,8,5
2020-03-30,23,7,16
2020-03-30,20,3,17
2020-03-30,13,3,10
2020-03-30,3,2,1
2020-03-30,2,2,0
2020-03-30,2,0,2
2020-03-30,0,0,0
2020-03-30,1,0,1
2020-03-31,2,0,2
2020-03-31,0,0,0
2020-03-31,3,0,3
2020-03-31,1,1,0
2020-03-31,1,1,0
2020-03-31,5,3,2
2020-03-31,23,18,5
2020-03-31,13,11,2
2020-03-31,18,16,2
2020-03-31,11,6,5
2020-03-31,13,8,5
2020-03-31,16,7,9
2020-03-31,24,17,7
2020-03-31,16,11,5
2020-03-31,20,8,12
2020-03-31,23,9,14
2020-03-31,31,7,24
2020-03-31,38,9,29
2020-03-31,27,10,17
2020-03-31,9,4,5
2020-03-31,4,1,3
2020-03-31,2,1,1
2020-03-31,6,4,2
2020-03-31,3,0,3
2020-04-01,1,0,1
2020-04-01,2,0,2
2020-04-01,1,0,1
2020-04-01,1,1,0
2020-04-01,0,0,0
2020-04-01,7,5,2
2020-04-01,15,15,0
2020-04-01,23,21,2
2020-04-01,28,24,4
2020-04-01,11,8,3
2020-04-01,11,9,2
2020-04-01,18,9,9
2020-04-01,20,11,9
2020-04-01,29,16,13
2020-04-01,48,24,24
2020-04-01,71,31,40
2020-04-01,75,29,46
2020-04-01,71,26,45
2020-04-01,81,36,45
2020-04-01,36,15,21
2020-04-01,11,4,7
2020-04-01,8,2,6
2020-04-01,5,3,2
2020-04-01,1,0,1
2020-04-02,2,2,0
2020-04-02,1,0,1
2020-04-02,1,0,1
2020-04-02,4,0,4
2020-04-02,0,0,0
2020-04-02,7,5,2
2020-04-02,24,19,5
2020-04-02,29,25,4
2020-04-02,14,13,1
2020-04-02,21,17,4
2020-04-02,10,6,4
2020-04-02,14,10,4
2020-04-02,19,8,11
2020-04-02,28,18,10
2020-04-02,41,26,15
2020-04-02,51,22,29
2020-04-02,64,23,41
2020-04-02,85,35,50
2020-04-02,55,15,40
2020-04-02,31,13,18
2020-04-02,12,7,5
2020-04-02,7,3,4
2020-04-02,1,1,0
2020-04-02,0,0,0
2020-04-03,1,1,0
2020-04-03,1,0,1
2020-04-03,4,2,2
2020-04-03,0,0,0
2020-04-03,1,1,0
2020-04-03,10,6,4
2020-04-03,20,15,5
2020-04-03,22,21,1
2020-04-03,15,14,1
2020-04-03,19,12,7
2020-04-03,19,7,12
2020-04-03,30,17,13
2020-04-03,33,20,13
2020-04-03,27,13,14
2020-04-03,35,15,20
2020-04-03,40,11,29
2020-04-03,45,15,30
2020-04-03,36,16,20
2020-04-03,27,6,21
2020-04-03,13,4,9
2020-04-03,5,2,3
2020-04-03,0,0,0
2020-04-03,2,0,2
2020-04-03,2,0,2
2020-04-04,3,2,1
2020-04-04,0,0,0
2020-04-04,0,0,0
2020-04-04,1,0,1
2020-04-04,0,0,0
2020-04-04,2,2,0
2020-04-04,10,6,4
2020-04-04,5,2,3
2020-04-04,21,11,10
2020-04-04,38,19,19
2020-04-04,63,28,35
2020-04-04,82,46,36
2020-04-04,141,79,62
2020-04-04,147,82,65
2020-04-04,177,80,97
2020-04-04,140,67,73
2020-04-04,93,41,52
2020-04-04,76,42,34
2020-04-04,37,15,22
2020-04-04,10,4,6
2020-04-04,10,4,6
2020-04-04,1,1,0
2020-04-04,1,1,0
2020-04-04,1,0,1
2020-04-05,0,0,0
2020-04-05,2,2,0
2020-04-05,0,0,0
2020-04-05,0,0,0
2020-04-05,0,0,0
2020-04-05,1,1,0
2020-04-05,5,3,2
2020-04-05,7,6,1
2020-04-05,15,8,7
2020-04-05,26,16,10
2020-04-05,40,17,23
2020-04-05,70,29,41
2020-04-05,96,55,41
2020-04-05,122,62,60
2020-04-05,108,41,67
2020-04-05,129,65,64
2020-04-05,100,44,56
2020-04-05,44,19,25
2020-04-05,19,8,11
2020-04-05,17,10,7
2020-04-05,5,3,2
2020-04-05,2,1,1
2020-04-05,3,0,3
2020-04-05,0,0,0
2020-04-06,0,0,0
2020-04-06,4,2,2
2020-04-06,1,0,1
2020-04-06,0,0,0
2020-04-06,0,0,0
2020-04-06,9,8,1
2020-04-06,30,25,5
2020-04-06,19,19,0
2020-04-06,27,24,3
2020-04-06,35,20,15
2020-04-06,22,14,8
2020-04-06,25,15,10
2020-04-06,53,31,22
2020-04-06,52,26,26
2020-04-06,58,21,37
2020-04-06,77,38,39
2020-04-06,91,44,47
2020-04-06,106,41,65
2020-04-06,70,23,47
2020-04-06,31,18,13
2020-04-06,14,6,8
2020-04-06,5,4,1
2020-04-06,0,0,0
2020-04-06,3,1,2
2020-04-07,0,0,0
2020-04-07,0,0,0
2020-04-07,1,0,1
2020-04-07,1,1,0
2020-04-07,0,0,0
2020-04-07,7,5,2
2020-04-07,34,30,4
2020-04-07,29,26,3
2020-04-07,25,20,5
2020-04-07,20,15,5
2020-04-07,19,10,9
2020-04-07,22,9,13
2020-04-07,26,11,15
2020-04-07,40,22,18
2020-04-07,44,22,22
2020-04-07,56,24,32
2020-04-07,94,30,64
2020-04-07,79,24,55
2020-04-07,79,44,35
2020-04-07,42,17,25
2020-04-07,24,16,8
2020-04-07,5,3,2
2020-04-07,6,2,4
2020-04-07,2,1,1
2020-04-08,1,1,0
2020-04-08,1,1,0
2020-04-08,5,2,3
2020-04-08,2,2,0
2020-04-08,1,0,1
2020-04-08,12,11,1
2020-04-08,30,25,5
2020-04-08,27,22,5
2020-04-08,31,27,4
2020-04-08,16,12,4
2020-04-08,25,16,9
2020-04-08,36,19,17
2020-04-08,50,22,28
2020-04-08,50,30,20
2020-04-08,55,33,22
2020-04-08,102,35,67
2020-04-08,84,28,56
2020-04-08,110,46,64
2020-04-08,104,47,57
2020-04-08,44,23,21
2020-04-08,18,6,12
2020-04-08,9,4,5
2020-04-08,1,1,0
2020-04-08,2,1,1
2020-04-09,2,2,0
2020-04-09,2,0,2
2020-04-09,1,0,1
2020-04-09,0,0,0
2020-04-09,1,0,1
2020-04-09,6,5,1
2020-04-09,30,29,1
2020-04-09,30,27,3
2020-04-09,34,20,14
2020-04-09,28,18,10
2020-04-09,31,21,10
2020-04-09,44,29,15
2020-04-09,55,33,22
2020-04-09,74,37,37
2020-04-09,75,28,47
2020-04-09,117,53,64
2020-04-09,128,45,83
2020-04-09,146,65,81
2020-04-09,92,35,57
2020-04-09,58,26,32
2020-04-09,18,8,10
2020-04-09,4,3,1
2020-04-09,2,1,1
2020-04-09,2,1,1
2020-04-10,2,0,2
2020-04-10,1,1,0
2020-04-10,2,1,1
2020-04-10,2,2,0
2020-04-10,0,0,0
2020-04-10,5,3,2
2020-04-10,25,22,3
2020-04-10,34,25,9
2020-04-10,26,22,4
2020-04-10,40,26,14
2020-04-10,32,20,12
2020-04-10,45,26,19
2020-04-10,65,21,44
2020-04-10,52,22,30
2020-04-10,71,33,38
2020-04-10,88,44,44
2020-04-10,94,41,53
2020-04-10,115,42,73
2020-04-10,79,34,45
2020-04-10,40,22,18
2020-04-10,14,6,8
2020-04-10,6,2,4
2020-04-10,3,0,3
2020-04-10,2,0,2
2020-04-11,2,1,1
2020-04-11,1,1,0
2020-04-11,2,1,1
2020-04-11,1,0,1
2020-04-11,3,2,1
2020-04-11,1,0,1
2020-04-11,12,10,2
2020-04-11,13,7,6
2020-04-11,13,9,4
2020-04-11,39,19,20
2020-04-11,38,24,14
2020-04-11,66,32,34
2020-04-11,93,37,56
2020-04-11,80,46,34
2020-04-11,136,72,64
2020-04-11,122,60,62
2020-04-11,128,57,71
2020-04-11,108,57,51
2020-04-11,67,25,42
2020-04-11,38,23,15
2020-04-11,8,2,6
2020-04-11,6,5,1
2020-04-11,0,0,0
2020-04-11,0,0,0
2020-04-12,1,0,1
2020-04-12,0,0,0
2020-04-12,1,0,1
2020-04-12,0,0,0
2020-04-12,2,0,2
2020-04-12,2,2,0
2020-04-12,3,1,2
2020-04-12,13,9,4
2020-04-12,21,14,7
2020-04-12,61,37,24
2020-04-12,82,42,40
2020-04-12,116,34,82
2020-04-12,139,77,62
2020-04-12,179,79,100
2020-04-12,186,88,98
2020-04-12,176,89,87
2020-04-12,150,84,66
2020-04-12,88,53,35
2020-04-12,51,24,27
2020-04-12,25,18,7
2020-04-12,11,4,7
2020-04-12,5,4,1
2020-04-12,4,4,0
2020-04-12,0,0,0
2020-04-13,1,0,1
2020-04-13,2,2,0
2020-04-13,0,0,0
2020-04-13,1,0,1
2020-04-13,0,0,0
2020-04-13,13,10,3
2020-04-13,29,26,3
2020-04-13,33,29,4
2020-04-13,25,19,6
2020-04-13,26,18,8
2020-04-13,24,15,9
2020-04-13,34,15,19
2020-04-13,49,26,23
2020-04-13,46,28,18
2020-04-13,64,22,42
2020-04-13,69,27,42
2020-04-13,101,44,57
2020-04-13,107,41,66
2020-04-13,61,27,34
2020-04-13,37,18,19
2020-04-13,12,5,7
2020-04-13,5,3,2
2020-04-13,4,1,3
2020-04-13,4,3,1
2020-04-14,1,0,1
2020-04-14,2,0,2
2020-04-14,2,2,0
2020-04-14,1,1,0
2020-04-14,0,0,0
2020-04-14,11,9,2
2020-04-14,30,26,4
2020-04-14,30,26,4
2020-04-14,28,21,7
2020-04-14,34,24,10
2020-04-14,25,16,9
2020-04-14,28,14,14
2020-04-14,38,17,21
2020-04-14,59,23,36
2020-04-14,82,52,30
2020-04-14,90,37,53
2020-04-14,106,40,66
2020-04-14,108,45,63
2020-04-14,70,28,42
2020-04-14,46,23,23
2020-04-14,6,4,2
2020-04-14,6,3,3
2020-04-14,5,3,2
2020-04-14,1,0,1
2020-04-15,1,1,0
2020-04-15,1,1,0
2020-04-15,2,0,2
2020-04-15,0,0,0
2020-04-15,1,1,0
2020-04-15,6,3,3
2020-04-15,28,27,1
2020-04-15,32,27,5
2020-04-15,36,30,6
2020-04-15,34,22,12
2020-04-15,19,13,6
2020-04-15,40,18,22
2020-04-15,53,29,24
2020-04-15,67,30,37
2020-04-15,68,35,33
2020-04-15,76,29,47
2020-04-15,102,42,60
2020-04-15,86,29,57
2020-04-15,69,31,38
2020-04-15,39,15,24
2020-04-15,19,3,16
2020-04-15,6,3,3
2020-04-15,4,1,3
2020-04-15,2,1,1
2020-04-16,3,1,2
2020-04-16,2,0,2
2020-04-16,2,0,2
2020-04-16,0,0,0
2020-04-16,0,0,0
2020-04-16,11,9,2
2020-04-16,36,34,2
2020-04-16,42,37,5
2020-04-16,28,20,8
2020-04-16,38,25,13
2020-04-16,28,14,14
2020-04-16,68,37,31
2020-04-16,81,53,28
2020-04-16,76,37,39
2020-04-16,95,42,53
2020-04-16,139,52,87
2020-04-16,139,55,84
2020-04-16,142,59,83
2020-04-16,114,49,65
2020-04-16,61,26,35
2020-04-16,38,19,19
2020-04-16,7,2,5
2020-04-16,2,0,2
2020-04-16,2,0,2
2020-04-17,5,2,3
2020-04-17,1,1,0
2020-04-17,4,0,4
2020-04-17,0,0,0
2020-04-17,2,2,0
2020-04-17,7,5,2
2020-04-17,30,29,1
2020-04-17,36,31,5
2020-04-17,30,22,8
2020-04-17,34,21,13
2020-04-17,62,43,19
2020-04-17,73,41,32
2020-04-17,99,61,38
2020-04-17,89,38,51
2020-04-17,83,27,56
2020-04-17,97,42,55
2020-04-17,118,53,65
2020-04-17,92,34,58
2020-04-17,67,27,40
2020-04-17,24,12,12
2020-04-17,16,7,9
2020-04-17,13,8,5
2020-04-17,1,0,1
2020-04-17,3,3,0
2020-04-18,3,0,3
2020-04-18,3,0,3
2020-04-18,0,0,0
2020-04-18,1,1,0
2020-04-18,0,0,0
2020-04-18,7,5,2
2020-04-18,7,6,1
2020-04-18,12,8,4
2020-04-18,14,9,5
2020-04-18,15,9,6
2020-04-18,9,5,4
2020-04-18,28,12,16
2020-04-18,39,23,16
2020-04-18,52,23,29
2020-04-18,102,45,57
2020-04-18,79,30,49
2020-04-18,63,34,29
2020-04-18,89,41,48
2020-04-18,30,19,11
2020-04-18,15,4,11
2020-04-18,14,10,4
2020-04-18,5,4,1
2020-04-18,5,0,5
2020-04-18,2,0,2
2020-04-19,0,0,0
2020-04-19,3,1,2
2020-04-19,2,0,2
2020-04-19,0,0,0
2020-04-19,0,0,0
2020-04-19,0,0,0
2020-04-19,10,9,1
2020-04-19,15,10,5
2020-04-19,33,17,16
2020-04-19,70,38,32
2020-04-19,92,52,40
2020-04-19,146,55,91
2020-04-19,178,98,80
2020-04-19,187,80,107
2020-04-19,266,124,142
2020-04-19,179,91,88
2020-04-19,193,107,86
2020-04-19,118,63,55
2020-04-19,76,40,36
2020-04-19,30,12,18
2020-04-19,13,8,5
2020-04-19,5,2,3
2020-04-19,2,2,0
2020-04-19,4,1,3
2020-04-20,2,0,2
2020-04-20,3,2,1
2020-04-20,1,1,0
2020-04-20,2,1,1
2020-04-20,0,0,0
2020-04-20,18,16,2
2020-04-20,34,26,8
2020-04-20,45,34,11
2020-04-20,33,26,7
2020-04-20,38,22,16
2020-04-20,32,21,11
2020-04-20,47,29,18
2020-04-20,67,29,38
2020-04-20,63,34,29
2020-04-20,76,41,35
2020-04-20,101,38,63
2020-04-20,122,51,71
2020-04-20,137,45,92
2020-04-20,101,49,52
2020-04-20,52,23,29
2020-04-20,17,12,5
2020-04-20,5,3,2
2020-04-20,4,3,1
2020-04-20,4,0,4
2020-04-21,4,2,2
2020-04-21,0,0,0
2020-04-21,1,0,1
2020-04-21,1,0,1
2020-04-21,3,2,1
2020-04-21,17,12,5
2020-04-21,37,27,10
2020-04-21,39,37,2
2020-04-21,28,20,8
2020-04-21,17,13,4
2020-04-21,25,15,10
2020-04-21,29,19,10
2020-04-21,24,15,9
2020-04-21,24,10,14
2020-04-21,26,15,11
2020-04-21,59,15,44
2020-04-21,57,17,40
2020-04-21,72,25,47
2020-04-21,51,14,37
2020-04-21,20,6,14
2020-04-21,10,5,5
2020-04-21,5,2,3
2020-04-21,2,2,0
2020-04-21,0,0,0
2020-04-22,2,0,2
2020-04-22,1,0,1
2020-04-22,2,1,1
2020-04-22,1,1,0
2020-04-22,0,0,0
2020-04-22,6,3,3
2020-04-22,25,22,3
2020-04-22,24,18,6
2020-04-22,19,14,5
2020-04-22,14,11,3
2020-04-22,5,4,1
2020-04-22,6,2,4
2020-04-22,9,6,3
2020-04-22,9,3,6
2020-04-22,10,5,5
2020-04-22,12,2,10
2020-04-22,20,7,13
2020-04-22,36,12,24
2020-04-22,19,5,14
2020-04-22,9,5,4
2020-04-22,7,3,4
2020-04-22,2,1,1
2020-04-22,1,0,1
2020-04-22,3,1,2
2020-04-23,1,0,1
2020-04-23,2,1,1
2020-04-23,1,0,1
2020-04-23,1,0,1
2020-04-23,0,0,0
2020-04-23,7,6,1
2020-04-23,25,22,3
2020-04-23,30,25,5
2020-04-23,21,16,5
2020-04-23,18,12,6
2020-04-23,18,9,9
2020-04-23,20,11,9
2020-04-23,28,22,6
2020-04-23,30,13,17
2020-04-23,59,32,27
2020-04-23,62,21,41
2020-04-23,54,22,32
2020-04-23,33,9,24
2020-04-23,30,7,23
2020-04-23,24,10,14
2020-04-23,7,3,4
2020-04-23,6,3,3
2020-04-23,1,0,1
2020-04-23,2,0,2
2020-04-24,1,0,1
2020-04-24,0,0,0
2020-04-24,5,1,4
2020-04-24,0,0,0
2020-04-24,0,0,0
2020-04-24,16,14,2
2020-04-24,32,27,5
2020-04-24,34,22,12
2020-04-24,36,26,10
2020-04-24,30,19,11
2020-04-24,42,25,17
2020-04-24,73,27,46
2020-04-24,67,42,25
2020-04-24,76,42,34
2020-04-24,69,33,36
2020-04-24,67,29,38
2020-04-24,51,8,43
2020-04-24,110,43,67
2020-04-24,70,36,34
2020-04-24,31,16,15
2020-04-24,11,3,8
2020-04-24,4,2,2
2020-04-24,8,2,6
2020-04-24,1,0,1
2020-04-25,5,3,2
2020-04-25,0,0,0
2020-04-25,2,1,1
2020-04-25,1,0,1
2020-04-25,1,0,1
2020-04-25,3,3,0
2020-04-25,18,14,4
2020-04-25,5,3,2
2020-04-25,22,11,11
2020-04-25,6,1,5
2020-04-25,26,13,13
2020-04-25,30,15,15
2020-04-25,25,16,9
2020-04-25,63,27,36
2020-04-25,102,49,53
2020-04-25,123,61,62
2020-04-25,121,63,58
2020-04-25,79,39,40
2020-04-25,70,34,36
2020-04-25,26,14,12
2020-04-25,14,11,3
2020-04-25,9,4,5
2020-04-25,4,1,3
2020-04-25,2,0,2
2020-04-26,1,0,1
2020-04-26,4,3,1
2020-04-26,2,0,2
2020-04-26,0,0,0
2020-04-26,1,1,0
2020-04-26,1,1,0
2020-04-26,12,8,4
2020-04-26,21,10,11
2020-04-26,40,20,20
2020-04-26,103,59,44
2020-04-26,123,70,53
2020-04-26,151,70,81
2020-04-26,189,79,110
2020-04-26,199,97,102
2020-04-26,199,87,112
2020-04-26,145,68,77
2020-04-26,137,76,61
2020-04-26,83,45,38
2020-04-26,46,29,17
2020-04-26,26,17,9
2020-04-26,18,10,8
2020-04-26,1,0,1
2020-04-26,0,0,0
2020-04-26,3,1,2
2020-04-27,0,0,0
2020-04-27,1,1,0
2020-04-27,0,0,0
2020-04-27,0,0,0
2020-04-27,2,1,1
2020-04-27,18,16,2
2020-04-27,30,26,4
2020-04-27,35,32,3
2020-04-27,27,21,6
2020-04-27,24,16,8
2020-04-27,15,11,4
2020-04-27,22,14,8
2020-04-27,32,19,13
2020-04-27,38,16,22
2020-04-27,55,20,35
2020-04-27,58,24,34
2020-04-27,84,35,49
2020-04-27,75,19,56
2020-04-27,71,27,44
2020-04-27,43,19,24
2020-04-27,16,8,8
2020-04-27,8,6,2
2020-04-27,2,1,1
2020-04-27,3,2,1
2020-04-28,1,0,1
2020-04-28,4,2,2
2020-04-28,0,0,0
2020-04-28,1,1,0
2020-04-28,2,1,1
2020-04-28,11,9,2
2020-04-28,35,31,4
2020-04-28,41,36,5
2020-04-28,36,26,10
2020-04-28,25,17,8
2020-04-28,31,25,6
2020-04-28,32,19,13
2020-04-28,43,25,18
2020-04-28,50,28,22
2020-04-28,54,21,33
2020-04-28,61,18,43
2020-04-28,77,26,51
2020-04-28,100,33,67
2020-04-28,73,22,51
2020-04-28,33,19,14
2020-04-28,8,4,4
2020-04-28,5,2,3
2020-04-28,3,2,1
2020-04-28,1,1,0
2020-04-29,1,0,1
2020-04-29,0,0,0
2020-04-29,0,0,0
2020-04-29,2,2,0
2020-04-29,1,0,1
2020-04-29,13,11,2
2020-04-29,42,34,8
2020-04-29,40,32,8
2020-04-29,34,22,12
2020-04-29,29,23,6
2020-04-29,32,22,10
2020-04-29,39,20,19
2020-04-29,48,25,23
2020-04-29,62,33,29
2020-04-29,57,25,32
2020-04-29,73,28,45
2020-04-29,89,33,56
2020-04-29,84,29,55
2020-04-29,71,31,40
2020-04-29,29,18,11
2020-04-29,12,4,8
2020-04-29,8,4,4
2020-04-29,5,4,1
2020-04-29,3,2,1
2020-04-30,5,3,2
2020-04-30,0,0,0
2020-04-30,0,0,0
2020-04-30,1,1,0
2020-04-30,8,5,3
2020-04-30,12,10,2
2020-04-30,46,37,9
2020-04-30,34,30,4
2020-04-30,36,27,9
2020-04-30,35,27,8
2020-04-30,29,20,9
2020-04-30,28,16,12
2020-04-30,33,22,11
2020-04-30,31,15,16
2020-04-30,41,21,20
2020-04-30,46,19,27
2020-04-30,67,19,48
2020-04-30,103,29,74
2020-04-30,83,39,44
2020-04-30,37,18,19
2020-04-30,16,2,14
2020-04-30,18,9,9
2020-04-30,5,1,4
2020-04-30,4,2,2
2020-05-01,4,2,2
2020-05-01,1,1,0
2020-05-01,1,1,0
2020-05-01,3,2,1
2020-05-01,4,2,2
2020-05-01,13,10,3
2020-05-01,32,25,7
2020-05-01,55,40,15
2020-05-01,48,38,10
2020-05-01,35,26,9
2020-05-01,51,30,21
2020-05-01,61,26,35
2020-05-01,93,42,51
2020-05-01,96,56,40
2020-05-01,102,54,48
2020-05-01,139,60,79
2020-05-01,139,53,86
2020-05-01,135,64,71
2020-05-01,79,34,45
2020-05-01,64,23,41
2020-05-01,23,8,15
2020-05-01,13,3,10
2020-05-01,10,6,4
2020-05-01,1,1,0
2020-05-02,7,3,4
2020-05-02,4,2,2
2020-05-02,1,1,0
2020-05-02,5,4,1
2020-05-02,0,0,0
2020-05-02,3,2,1
2020-05-02,15,6,9
2020-05-02,13,8,5
2020-05-02,11,3,8
2020-05-02,25,11,14
2020-05-02,31,21,10
2020-05-02,20,8,12
2020-05-02,22,12,10
2020-05-02,19,11,8
2020-05-02,23,10,13
2020-05-02,23,5,18
2020-05-02,18,7,11
2020-05-02,21,12,9
2020-05-02,15,7,8
2020-05-02,16,4,12
2020-05-02,10,6,4
2020-05-02,4,2,2
2020-05-02,1,0,1
2020-05-02,3,2,1
2020-05-03,0,0,0
2020-05-03,1,1,0
2020-05-03,2,1,1
2020-05-03,0,0,0
2020-05-03,0,0,0
2020-05-03,0,0,0
2020-05-03,7,6,1
2020-05-03,20,14,6
2020-05-03,19,12,7
2020-05-03,41,22,19
2020-05-03,88,49,39
2020-05-03,125,54,71
2020-05-03,172,80,92
2020-05-03,169,89,80
2020-05-03,166,73,93
2020-05-03,149,87,62
2020-05-03,81,33,48
2020-05-03,66,32,34
2020-05-03,56,34,22
2020-05-03,31,16,15
2020-05-03,11,7,4
2020-05-03,8,5,3
2020-05-03,2,1,1
2020-05-03,1,1,0
2020-05-04,1,0,1
2020-05-04,3,2,1
2020-05-04,2,1,1
2020-05-04,1,1,0
2020-05-04,3,2,1
2020-05-04,24,22,2
2020-05-04,43,35,8
2020-05-04,50,45,5
2020-05-04,29,24,5
2020-05-04,29,19,10
2020-05-04,28,15,13
2020-05-04,49,28,21
2020-05-04,40,22,18
2020-05-04,51,26,25
2020-05-04,52,28,24
2020-05-04,75,26,49
2020-05-04,89,35,54
2020-05-04,93,26,67
2020-05-04,58,19,39
2020-05-04,37,18,19
2020-05-04,24,16,8
2020-05-04,4,0,4
2020-05-04,5,0,5
2020-05-04,3,2,1
2020-05-05,5,4,1
2020-05-05,1,0,1
2020-05-05,1,1,0
2020-05-05,4,3,1
2020-05-05,7,3,4
2020-05-05,16,13,3
2020-05-05,54,43,11
2020-05-05,60,49,11
2020-05-05,42,31,11
2020-05-05,43,27,16
2020-05-05,27,16,11
2020-05-05,29,17,12
2020-05-05,44,27,17
2020-05-05,57,28,29
2020-05-05,65,30,35
2020-05-05,96,38,58
2020-05-05,125,42,83
2020-05-05,124,46,78
2020-05-05,87,38,49
2020-05-05,46,22,24
2020-05-05,25,11,14
2020-05-05,15,6,9
2020-05-05,4,4,0
2020-05-05,2,1,1
2020-05-06,3,1,2
2020-05-06,1,1,0
2020-05-06,1,0,1
2020-05-06,2,1,1
2020-05-06,2,2,0
2020-05-06,13,12,1
2020-05-06,42,37,5
2020-05-06,26,24,2
2020-05-06,28,25,3
2020-05-06,29,22,7
2020-05-06,15,11,4
2020-05-06,29,13,16
2020-05-06,22,11,11
2020-05-06,14,5,9
2020-05-06,23,10,13
2020-05-06,39,15,24
2020-05-06,65,23,42
2020-05-06,80,23,57
2020-05-06,47,16,31
2020-05-06,27,15,12
2020-05-06,14,3,11
2020-05-06,10,5,5
2020-05-06,1,0,1
2020-05-06,4,3,1
2020-05-07,4,1,3
2020-05-07,1,1,0
2020-05-07,0,0,0
2020-05-07,0,0,0
2020-05-07,8,6,2
2020-05-07,26,22,4
2020-05-07,57,44,13
2020-05-07,55,51,4
2020-05-07,65,43,22
2020-05-07,22,14,8
2020-05-07,54,19,35
2020-05-07,45,23,22
2020-05-07,76,49,27
2020-05-07,79,36,43
2020-05-07,92,39,53
2020-05-07,104,52,52
2020-05-07,169,56,113
2020-05-07,157,56,101
2020-05-07,115,52,63
2020-05-07,79,43,36
2020-05-07,43,12,31
2020-05-07,12,5,7
2020-05-07,5,4,1
2020-05-07,0,0,0
2020-05-08,3,0,3
2020-05-08,3,3,0
2020-05-08,0,0,0
2020-05-08,1,1,0
2020-05-08,4,2,2
2020-05-08,21,17,4
2020-05-08,53,44,9
2020-05-08,56,41,15
2020-05-08,50,38,12
2020-05-08,60,34,26
2020-05-08,65,42,23
2020-05-08,62,38,24
2020-05-08,76,32,44
2020-05-08,126,42,84
2020-05-08,108,51,57
2020-05-08,149,82,67
2020-05-08,149,61,88
2020-05-08,137,46,91
2020-05-08,103,41,62
2020-05-08,77,44,33
2020-05-08,33,17,16
2020-05-08,29,16,13
2020-05-08,14,3,11
2020-05-08,2,1,1
2020-05-09,8,1,7
2020-05-09,5,3,2
2020-05-09,4,3,1
2020-05-09,2,2,0
2020-05-09,3,2,1
2020-05-09,7,4,3
2020-05-09,26,17,9
2020-05-09,43,17,26
2020-05-09,59,34,25
2020-05-09,95,55,40
2020-05-09,154,79,75
2020-05-09,179,92,87
2020-05-09,196,97,99
2020-05-09,180,89,91
2020-05-09,189,98,91
2020-05-09,169,80,89
2020-05-09,106,53,53
2020-05-09,119,56,63
2020-05-09,95,50,45
2020-05-09,57,33,24
2020-05-09,21,12,9
2020-05-09,18,12,6
2020-05-09,12,8,4
2020-05-09,4,0,4
2020-05-10,2,1,1
2020-05-10,1,1,0
2020-05-10,1,1,0
2020-05-10,2,1,1
2020-05-10,1,0,1
2020-05-10,5,2,3
2020-05-10,5,4,1
2020-05-10,13,7,6
2020-05-10,36,22,14
2020-05-10,70,39,31
2020-05-10,129,57,72
2020-05-10,133,69,64
2020-05-10,170,97,73
2020-05-10,125,57,68
2020-05-10,138,59,79
2020-05-10,116,50,66
2020-05-10,112,54,58
2020-05-10,77,48,29
2020-05-10,55,29,26
2020-05-10,51,20,31
2020-05-10,34,25,9
2020-05-10,15,6,9
2020-05-10,3,1,2
2020-05-10,1,1,0
2020-05-11,2,1,1
2020-05-11,0,0,0
2020-05-11,0,0,0
2020-05-11,2,0,2
2020-05-11,2,2,0
2020-05-11,29,27,2
2020-05-11,56,44,12
2020-05-11,46,39,7
2020-05-11,60,49,11
2020-05-11,44,32,12
2020-05-11,43,20,23
2020-05-11,34,18,16
2020-05-11,55,27,28
2020-05-11,61,35,26
2020-05-11,69,37,32
2020-05-11,99,44,55
2020-05-11,94,31,63
2020-05-11,72,16,56
2020-05-11,40,14,26
2020-05-11,10,3,7
2020-05-11,10,3,7
2020-05-11,8,5,3
2020-05-11,1,0,1
2020-05-11,1,0,1
2020-05-12,2,1,1
2020-05-12,1,0,1
2020-05-12,0,0,0
2020-05-12,1,0,1
2020-05-12,1,1,0
2020-05-12,21,18,3
2020-05-12,39,34,5
2020-05-12,38,28,10
2020-05-12,32,27,5
2020-05-12,14,10,4
2020-05-12,18,11,7
2020-05-12,24,13,11
2020-05-12,21,13,8
2020-05-12,16,5,11
2020-05-12,32,13,19
2020-05-12,60,21,39
2020-05-12,60,20,40
2020-05-12,60,13,47
2020-05-12,36,11,25
2020-05-12,22,11,11
2020-05-12,12,3,9
2020-05-12,9,5,4
2020-05-12,0,0,0
2020-05-12,1,1,0
2020-05-13,2,1,1
2020-05-13,1,0,1
2020-05-13,1,1,0
2020-05-13,1,1,0
2020-05-13,3,2,1
2020-05-13,23,19,4
2020-05-13,49,42,7
2020-05-13,36,31,5
2020-05-13,32,28,4
2020-05-13,26,17,9
2020-05-13,26,14,12
2020-05-13,32,20,12
2020-05-13,39,23,16
2020-05-13,58,34,24
2020-05-13,42,19,23
2020-05-13,83,30,53
2020-05-13,97,24,73
2020-05-13,135,36,99
2020-05-13,87,31,56
2020-05-13,57,31,26
2020-05-13,35,19,16
2020-05-13,3,2,1
2020-05-13,5,1,4
2020-05-13,3,1,2
2020-05-14,6,3,3
2020-05-14,3,2,1
2020-05-14,2,0,2
2020-05-14,3,1,2
2020-05-14,3,2,1
2020-05-14,21,16,5
2020-05-14,50,40,10
2020-05-14,50,34,16
2020-05-14,26,21,5
2020-05-14,21,16,5
2020-05-14,14,10,4
2020-05-14,25,13,12
2020-05-14,23,15,8
2020-05-14,35,20,15
2020-05-14,51,16,35
2020-05-14,64,27,37
2020-05-14,96,42,54
2020-05-14,124,48,76
2020-05-14,79,29,50
2020-05-14,61,24,37
2020-05-14,29,18,11
2020-05-14,14,7,7
2020-05-14,3,0,3
2020-05-14,4,1,3
2020-05-15,2,1,1
2020-05-15,0,0,0
2020-05-15,2,1,1
2020-05-15,5,2,3
2020-05-15,5,3,2
2020-05-15,25,21,4
2020-05-15,42,38,4
2020-05-15,60,45,15
2020-05-15,45,29,16
2020-05-15,51,32,19
2020-05-15,49,29,20
2020-05-15,80,40,40
2020-05-15,66,32,34
2020-05-15,97,39,58
2020-05-15,142,67,75
2020-05-15,141,59,82
2020-05-15,118,42,76
2020-05-15,180,62,118
2020-05-15,132,63,69
2020-05-15,50,24,26
2020-05-15,44,23,21
2020-05-15,19,14,5
2020-05-15,21,12,9
2020-05-15,3,0,3
2020-05-16,4,1,3
2020-05-16,3,1,2
2020-05-16,4,3,1
2020-05-16,4,1,3
2020-05-16,1,1,0
2020-05-16,6,4,2
2020-05-16,13,8,5
2020-05-16,20,11,9
2020-05-16,23,10,13
2020-05-16,28,17,11
2020-05-16,30,16,14
2020-05-16,31,21,10
2020-05-16,34,18,16
2020-05-16,41,16,25
2020-05-16,24,10,14
2020-05-16,22,8,14
2020-05-16,18,10,8
2020-05-16,8,4,4
2020-05-16,22,10,12
2020-05-16,17,5,12
2020-05-16,9,4,5
2020-05-16,6,4,2
2020-05-16,1,1,0
2020-05-16,2,1,1
2020-05-17,1,1,0
2020-05-17,2,0,2
2020-05-17,1,0,1
2020-05-17,0,0,0
2020-05-17,0,0,0
2020-05-17,4,4,0
2020-05-17,13,10,3
2020-05-17,21,13,8
2020-05-17,37,19,18
2020-05-17,61,32,29
2020-05-17,74,37,37
2020-05-17,100,41,59
2020-05-17,146,77,69
2020-05-17,171,82,89
2020-05-17,201,91,110
2020-05-17,174,91,83
2020-05-17,133,68,65
2020-05-17,118,60,58
2020-05-17,99,55,44
2020-05-17,40,22,18
2020-05-17,22,11,11
2020-05-17,11,7,4
2020-05-17,3,2,1
2020-05-17,3,1,2
2020-05-18,2,1,1
2020-05-18,1,1,0
2020-05-18,4,2,2
2020-05-18,0,0,0
2020-05-18,1,1,0
2020-05-18,19,17,2
2020-05-18,60,48,12
2020-05-18,52,47,5
2020-05-18,48,40,8
2020-05-18,29,16,13
2020-05-18,23,15,8
2020-05-18,41,28,13
2020-05-18,39,16,23
2020-05-18,51,23,28
2020-05-18,70,31,39
2020-05-18,71,28,43
2020-05-18,90,34,56
2020-05-18,114,40,74
2020-05-18,62,25,37
2020-05-18,40,16,24
2020-05-18,16,6,10
2020-05-18,6,2,4
2020-05-18,0,0,0
2020-05-18,6,1,5
2020-05-19,4,1,3
2020-05-19,0,0,0
2020-05-19,3,2,1
2020-05-19,3,1,2
2020-05-19,2,2,0
2020-05-19,29,24,5
2020-05-19,61,46,15
2020-05-19,62,47,15
2020-05-19,57,44,13
2020-05-19,39,25,14
2020-05-19,39,30,9
2020-05-19,41,19,22
2020-05-19,34,19,15
2020-05-19,54,27,27
2020-05-19,46,26,20
2020-05-19,79,31,48
2020-05-19,106,39,67
2020-05-19,125,47,78
2020-05-19,87,34,53
2020-05-19,49,24,25
2020-05-19,31,13,18
2020-05-19,9,6,3
2020-05-19,4,1,3
2020-05-19,2,0,2
2020-05-20,8,3,5
2020-05-20,1,0,1
2020-05-20,1,0,1
2020-05-20,2,1,1
2020-05-20,2,2,0
2020-05-20,24,18,6
2020-05-20,59,44,15
2020-05-20,50,40,10
2020-05-20,39,29,10
2020-05-20,37,21,16
2020-05-20,29,18,11
2020-05-20,35,23,12
2020-05-20,45,23,22
2020-05-20,36,17,19
2020-05-20,45,17,28
2020-05-20,45,18,27
2020-05-20,64,19,45
2020-05-20,64,15,49
2020-05-20,38,13,25
2020-05-20,15,8,7
2020-05-20,14,6,8
2020-05-20,8,2,6
2020-05-20,7,4,3
2020-05-20,2,0,2
2020-05-21,4,1,3
2020-05-21,0,0,0
2020-05-21,3,0,3
2020-05-21,1,1,0
2020-05-21,1,1,0
2020-05-21,15,13,2
2020-05-21,30,25,5
2020-05-21,26,21,5
2020-05-21,24,18,6
2020-05-21,14,10,4
2020-05-21,14,9,5
2020-05-21,15,9,6
2020-05-21,16,8,8
2020-05-21,20,13,7
2020-05-21,21,2,19
2020-05-21,23,10,13
2020-05-21,54,20,34
2020-05-21,37,10,27
2020-05-21,24,7,17
2020-05-21,9,2,7
2020-05-21,11,7,4
2020-05-21,4,1,3
2020-05-21,5,2,3
2020-05-21,2,2,0
2020-05-22,2,0,2
2020-05-22,2,0,2
2020-05-22,1,0,1
2020-05-22,1,0,1
2020-05-22,4,2,2
2020-05-22,21,17,4
2020-05-22,44,35,9
2020-05-22,57,48,9
2020-05-22,30,17,13
2020-05-22,48,29,19
2020-05-22,35,21,14
2020-05-22,62,38,24
2020-05-22,53,36,17
2020-05-22,91,39,52
2020-05-22,88,35,53
2020-05-22,84,30,54
2020-05-22,102,39,63
2020-05-22,75,36,39
2020-05-22,63,17,46
2020-05-22,32,9,23
2020-05-22,13,6,7
2020-05-22,8,3,5
2020-05-22,6,3,3
2020-05-22,4,2,2
2020-05-23,3,0,3
2020-05-23,1,0,1
2020-05-23,1,1,0
2020-05-23,3,0,3
2020-05-23,2,1,1
2020-05-23,10,8,2
2020-05-23,12,8,4
2020-05-23,14,7,7
2020-05-23,47,21,26
2020-05-23,77,38,39
2020-05-23,54,35,19
2020-05-23,101,49,52
2020-05-23,125,52,73
2020-05-23,127,51,76
2020-05-23,147,79,68
2020-05-23,120,52,68
2020-05-23,142,75,67
2020-05-23,80,41,39
2020-05-23,72,43,29
2020-05-23,44,21,23
2020-05-23,16,13,3
2020-05-23,12,4,8
2020-05-23,4,3,1
2020-05-23,5,4,1
2020-05-24,6,3,3
2020-05-24,1,0,1
2020-05-24,1,0,1
2020-05-24,0,0,0
2020-05-24,1,0,1
2020-05-24,5,5,0
2020-05-24,15,11,4
2020-05-24,17,10,7
2020-05-24,39,18,21
2020-05-24,61,33,28
2020-05-24,59,24,35
2020-05-24,100,42,58
2020-05-24,126,60,66
2020-05-24,157,92,65
2020-05-24,142,76,66
2020-05-24,143,65,78
2020-05-24,137,67,70
2020-05-24,105,50,55
2020-05-24,95,52,43
2020-05-24,52,39,13
2020-05-24,27,14,13
2020-05-24,11,9,2
2020-05-24,8,3,5
2020-05-24,5,3,2
2020-05-25,2,1,1
2020-05-25,5,2,3
2020-05-25,0,0,0
2020-05-25,0,0,0
2020-05-25,1,0,1
2020-05-25,3,1,2
2020-05-25,7,6,1
2020-05-25,6,6,0
2020-05-25,9,4,5
2020-05-25,10,5,5
2020-05-25,20,9,11
2020-05-25,15,7,8
2020-05-25,37,26,11
2020-05-25,25,20,5
2020-05-25,21,8,13
2020-05-25,21,13,8
2020-05-25,30,14,16
2020-05-25,25,11,14
2020-05-25,22,11,11
2020-05-25,15,8,7
2020-05-25,14,8,6
2020-05-25,11,4,7
2020-05-25,2,0,2
2020-05-25,1,1,0
2020-05-26,3,0,3
2020-05-26,1,1,0
2020-05-26,4,1,3
2020-05-26,0,0,0
2020-05-26,6,5,1
2020-05-26,32,27,5
2020-05-26,49,40,9
2020-05-26,43,37,6
2020-05-26,30,25,5
2020-05-26,22,17,5
2020-05-26,15,10,5
2020-05-26,29,17,12
2020-05-26,29,19,10
2020-05-26,55,31,24
2020-05-26,48,26,22
2020-05-26,88,30,58
2020-05-26,89,32,57
2020-05-26,114,40,74
2020-05-26,109,44,65
2020-05-26,61,23,38
2020-05-26,35,19,16
2020-05-26,26,11,15
2020-05-26,6,3,3
2020-05-26,3,0,3
2020-05-27,6,2,4
2020-05-27,2,1,1
2020-05-27,1,0,1
2020-05-27,2,1,1
2020-05-27,2,1,1
2020-05-27,29,22,7
2020-05-27,67,55,12
2020-05-27,74,60,14
2020-05-27,64,49,15
2020-05-27,52,30,22
2020-05-27,46,26,20
2020-05-27,52,36,16
2020-05-27,69,32,37
2020-05-27,77,39,38
2020-05-27,100,52,48
2020-05-27,94,33,61
2020-05-27,135,46,89
2020-05-27,136,46,90
2020-05-27,125,48,77
2020-05-27,71,30,41
2020-05-27,43,25,18
2020-05-27,23,13,10
2020-05-27,15,8,7
2020-05-27,5,1,4
2020-05-28,6,2,4
2020-05-28,0,0,0
2020-05-28,1,0,1
2020-05-28,1,1,0
2020-05-28,4,2,2
2020-05-28,28,23,5
2020-05-28,73,57,16
2020-05-28,75,63,12
2020-05-28,77,59,18
2020-05-28,50,33,17
2020-05-28,45,28,17
2020-05-28,52,33,19
2020-05-28,72,32,40
2020-05-28,56,32,24
2020-05-28,84,36,48
2020-05-28,112,48,64
2020-05-28,139,56,83
2020-05-28,169,46,123
2020-05-28,122,61,61
2020-05-28,78,44,34
2020-05-28,35,18,17
2020-05-28,23,10,13
2020-05-28,5,1,4
2020-05-28,5,1,4
2020-05-29,3,1,2
2020-05-29,3,1,2
2020-05-29,2,2,0
2020-05-29,1,1,0
2020-05-29,5,5,0
2020-05-29,30,27,3
2020-05-29,59,46,13
2020-05-29,76,63,13
2020-05-29,59,47,12
2020-05-29,55,35,20
2020-05-29,79,51,28
2020-05-29,50,29,21
2020-05-29,77,46,31
2020-05-29,83,40,43
2020-05-29,86,32,54
2020-05-29,133,57,76
2020-05-29,146,59,87
2020-05-29,155,56,99
2020-05-29,149,46,103
2020-05-29,75,41,34
2020-05-29,33,21,12
2020-05-29,0,0,0
2020-05-29,0,0,0
2020-05-29,0,0,0
2020-05-30,2,1,1
2020-05-30,0,0,0
2020-05-30,4,1,3
2020-05-30,3,1,2
2020-05-30,2,1,1
2020-05-30,9,8,1
2020-05-30,14,5,9
2020-05-30,26,17,9
2020-05-30,21,11,10
2020-05-30,15,2,13
2020-05-30,4,2,2
2020-05-30,22,15,7
2020-05-30,22,13,9
2020-05-30,15,4,11
2020-05-30,25,17,8
2020-05-30,19,9,10
2020-05-30,19,4,15
2020-05-30,19,5,14
2020-05-30,13,4,9
2020-05-30,2,0,2
2020-05-30,2,1,1
2020-05-30,5,2,3
2020-05-30,0,0,0
2020-05-30,1,0,1
2020-05-31,0,0,0
2020-05-31,0,0,0
2020-05-31,0,0,0
2020-05-31,0,0,0
2020-05-31,0,0,0
2020-05-31,1,1,0
2020-05-31,5,4,1
2020-05-31,3,0,3
2020-05-31,12,8,4
2020-05-31,16,8,8
2020-05-31,23,14,9
2020-05-31,34,20,14
2020-05-31,31,14,17
2020-05-31,58,34,24
2020-05-31,68,34,34
2020-05-31,84,44,40
2020-05-31,63,31,32
2020-05-31,66,35,31
2020-05-31,30,18,12
2020-05-31,10,3,7
2020-05-31,5,1,4
2020-05-31,5,3,2
2020-05-31,4,1,3
2020-05-31,2,1,1
2022-08-01,4,4,0
2022-08-01,1,0,1
2022-08-01,2,2,0
2022-08-01,2,0,2
2022-08-01,8,1,7
2022-08-01,37,5,32
2022-08-01,60,3,57
2022-08-01,95,5,90
2022-08-01,93,3,90
2022-08-01,66,10,56
2022-08-01,34,9,25
2022-08-01,32,12,20
2022-08-01,32,16,16
2022-08-01,41,24,17
2022-08-01,58,42,16
2022-08-01,62,45,17
2022-08-01,95,77,18
2022-08-01,143,123,20
2022-08-01,82,66,16
2022-08-01,54,46,8
2022-08-01,36,25,11
2022-08-01,18,10,8
2022-08-01,10,9,1
2022-08-01,8,4,4
2022-08-02,2,1,1
2022-08-02,4,2,2
2022-08-02,0,0,0
2022-08-02,2,1,1
2022-08-02,4,0,4
2022-08-02,37,6,31
2022-08-02,79,7,72
2022-08-02,136,4,132
2022-08-02,114,11,103
2022-08-02,57,9,48
2022-08-02,45,7,38
2022-08-02,44,9,35
2022-08-02,41,22,19
2022-08-02,35,18,17
2022-08-02,50,25,25
2022-08-02,95,56,39
2022-08-02,121,98,23
2022-08-02,192,163,29
2022-08-02,127,86,41
2022-08-02,62,50,12
2022-08-02,37,23,14
2022-08-02,54,51,3
2022-08-02,14,5,9
2022-08-02,5,1,4
2022-08-03,6,6,0
2022-08-03,4,1,3
2022-08-03,2,2,0
2022-08-03,0,0,0
2022-08-03,8,0,8
2022-08-03,35,6,29
2022-08-03,71,5,66
2022-08-03,119,5,114
2022-08-03,113,5,108
2022-08-03,63,11,52
2022-08-03,39,9,30
2022-08-03,28,7,21
2022-08-03,33,17,16
2022-08-03,34,18,16
2022-08-03,47,32,15
2022-08-03,92,68,24
2022-08-03,112,84,28
2022-08-03,186,152,34
2022-08-03,99,86,13
2022-08-03,54,38,16
2022-08-03,58,25,33
2022-08-03,22,15,7
2022-08-03,27,24,3
2022-08-03,36,34,2
2022-08-04,7,6,1
2022-08-04,3,2,1
2022-08-04,3,3,0
2022-08-04,0,0,0
2022-08-04,8,0,8
2022-08-04,27,3,24
2022-08-04,61,4,57
2022-08-04,101,0,101
2022-08-04,120,9,111
2022-08-04,69,9,60
2022-08-04,21,8,13
2022-08-04,35,15,20
2022-08-04,22,13,9
2022-08-04,26,10,16
2022-08-04,36,27,9
2022-08-04,64,45,19
2022-08-04,109,88,21
2022-08-04,141,115,26
2022-08-04,95,81,14
2022-08-04,56,48,8
2022-08-04,32,22,10
2022-08-04,16,14,2
2022-08-04,10,10,0
2022-08-04,4,2,2
2022-08-05,4,4,0
2022-08-05,3,2,1
2022-08-05,7,4,3
2022-08-05,3,0,3
2022-08-05,7,1,6
2022-08-05,30,3,27
2022-08-05,44,1,43
2022-08-05,96,19,77
2022-08-05,84,11,73
2022-08-05,60,11,49
2022-08-05,42,16,26
2022-08-05,44,16,28
2022-08-05,48,22,26
2022-08-05,53,29,24
2022-08-05,76,43,33
2022-08-05,77,54,23
2022-08-05,123,92,31
2022-08-05,125,96,29
2022-08-05,102,68,34
2022-08-05,45,28,17
2022-08-05,39,27,12
2022-08-05,21,13,8
2022-08-05,12,12,0
2022-08-05,24,21,3
2022-08-06,13,9,4
2022-08-06,6,5,1
2022-08-06,3,3,0
2022-08-06,2,1,1
2022-08-06,2,0,2
2022-08-06,3,1,2
2022-08-06,8,3,5
2022-08-06,24,9,15
2022-08-06,58,20,38
2022-08-06,59,19,40
2022-08-06,63,31,32
2022-08-06,87,41,46
2022-08-06,82,24,58
2022-08-06,87,37,50
2022-08-06,92,34,58
2022-08-06,69,48,21
2022-08-06,100,80,20
2022-08-06,66,41,25
2022-08-06,63,43,20
2022-08-06,50,25,25
2022-08-06,23,13,10
2022-08-06,21,13,8
2022-08-06,33,28,5
2022-08-06,16,13,3
2022-08-07,10,9,1
2022-08-07,7,7,0
2022-08-07,4,2,2
2022-08-07,1,0,1
2022-08-07,5,0,5
2022-08-07,5,0,5
2022-08-07,8,2,6
2022-08-07,16,6,10
2022-08-07,36,7,29
2022-08-07,58,26,32
2022-08-07,70,42,28
2022-08-07,73,38,35
2022-08-07,85,35,50
2022-08-07,66,29,37
2022-08-07,71,29,42
2022-08-07,44,24,20
2022-08-07,92,64,28
2022-08-07,50,39,11
2022-08-07,47,19,28
2022-08-07,29,22,7
2022-08-07,18,13,5
2022-08-07,13,4,9
2022-08-07,6,0,6
2022-08-07,3,2,1
2022-08-08,0,0,0
2022-08-08,0,0,0
2022-08-08,3,3,0
2022-08-08,1,0,1
2022-08-08,9,1,8
2022-08-08,26,3,23
2022-08-08,65,3,62
2022-08-08,108,9,99
2022-08-08,93,5,88
2022-08-08,54,10,44
2022-08-08,37,14,23
2022-08-08,25,9,16
2022-08-08,33,19,14
2022-08-08,41,19,22
2022-08-08,46,30,16
2022-08-08,70,54,16
2022-08-08,84,67,17
2022-08-08,134,110,24
2022-08-08,86,75,11
2022-08-08,38,29,9
2022-08-08,35,23,12
2022-08-08,20,15,5
2022-08-08,21,18,3
2022-08-08,15,13,2
2022-08-09,3,3,0
2022-08-09,5,4,1
2022-08-09,1,1,0
2022-08-09,1,1,0
2022-08-09,7,1,6
2022-08-09,28,3,25
2022-08-09,80,6,74
2022-08-09,132,14,118
2022-08-09,109,3,106
2022-08-09,71,9,62
2022-08-09,45,16,29
2022-08-09,42,10,32
2022-08-09,16,6,10
2022-08-09,24,12,12
2022-08-09,54,32,22
2022-08-09,58,45,13
2022-08-09,129,101,28
2022-08-09,193,154,39
2022-08-09,95,70,25
2022-08-09,58,41,17
2022-08-09,40,22,18
2022-08-09,25,23,2
2022-08-09,20,16,4
2022-08-09,26,24,2
2022-08-10,4,2,2
2022-08-10,3,3,0
2022-08-10,2,1,1
2022-08-10,2,1,1
2022-08-10,10,1,9
2022-08-10,31,6,25
2022-08-10,71,4,67
2022-08-10,111,4,107
2022-08-10,135,4,131
2022-08-10,50,9,41
2022-08-10,23,11,12
2022-08-10,26,9,17
2022-08-10,32,10,22
2022-08-10,30,14,16
2022-08-10,47,29,18
2022-08-10,67,52,15
2022-08-10,132,111,21
2022-08-10,168,136,32
2022-08-10,97,84,13
2022-08-10,48,39,9
2022-08-10,26,17,9
2022-08-10,13,10,3
2022-08-10,7,7,0
2022-08-10,4,4,0
2022-08-11,6,3,3
2022-08-11,2,1,1
2022-08-11,1,0,1
2022-08-11,4,2,2
2022-08-11,6,1,5
2022-08-11,24,7,17
2022-08-11,68,3,65
2022-08-11,117,4,113
2022-08-11,116,8,108
2022-08-11,72,15,57
2022-08-11,39,5,34
2022-08-11,52,21,31
2022-08-11,44,21,23
2022-08-11,43,21,22
2022-08-11,44,26,18
2022-08-11,73,61,12
2022-08-11,129,93,36
2022-08-11,151,121,30
2022-08-11,122,97,25
2022-08-11,68,52,16
2022-08-11,55,30,25
2022-08-11,27,22,5
2022-08-11,11,8,3
2022-08-11,6,3,3
2022-08-12,7,6,1
2022-08-12,2,1,1
2022-08-12,3,3,0
2022-08-12,4,1,3
2022-08-12,3,0,3
2022-08-12,26,6,20
2022-08-12,59,7,52
2022-08-12,65,5,60
2022-08-12,84,12,72
2022-08-12,65,8,57
2022-08-12,47,18,29
2022-08-12,42,19,23
2022-08-12,45,18,27
2022-08-12,45,27,18
2022-08-12,54,38,16
2022-08-12,79,50,29
2022-08-12,110,80,30
2022-08-12,103,72,31
2022-08-12,84,60,24
2022-08-12,33,24,9
2022-08-12,26,20,6
2022-08-12,16,14,2
2022-08-12,14,6,8
2022-08-12,9,8,1
2022-08-13,5,2,3
2022-08-13,2,2,0
2022-08-13,4,4,0
2022-08-13,0,0,0
2022-08-13,4,1,3
2022-08-13,5,1,4
2022-08-13,10,2,8
2022-08-13,32,10,22
2022-08-13,30,11,19
2022-08-13,65,32,33
2022-08-13,47,15,32
2022-08-13,57,27,30
2022-08-13,76,37,39
2022-08-13,61,32,29
2022-08-13,88,40,48
2022-08-13,69,40,29
2022-08-13,70,45,25
2022-08-13,69,35,34
2022-08-13,32,21,11
2022-08-13,32,17,15
2022-08-13,27,19,8
2022-08-13,14,10,4
2022-08-13,5,2,3
2022-08-13,7,5,2
2022-08-14,6,5,1
2022-08-14,1,1,0
2022-08-14,0,0,0
2022-08-14,4,3,1
2022-08-14,3,0,3
2022-08-14,7,2,5
2022-08-14,11,3,8
2022-08-14,13,4,9
2022-08-14,29,7,22
2022-08-14,48,25,23
2022-08-14,58,16,42
2022-08-14,97,64,33
2022-08-14,129,56,73
2022-08-14,89,54,35
2022-08-14,98,48,50
2022-08-14,93,51,42
2022-08-14,79,37,42
2022-08-14,56,23,33
2022-08-14,50,21,29
2022-08-14,33,17,16
2022-08-14,23,12,11
2022-08-14,49,43,6
2022-08-14,16,13,3
2022-08-14,10,6,4
2022-08-15,6,5,1
2022-08-15,4,1,3
2022-08-15,2,2,0
2022-08-15,1,1,0
2022-08-15,13,2,11
2022-08-15,30,6,24
2022-08-15,64,4,60
2022-08-15,95,4,91
2022-08-15,119,7,112
2022-08-15,66,15,51
2022-08-15,42,15,27
2022-08-15,49,16,33
2022-08-15,34,20,14
2022-08-15,43,27,16
2022-08-15,55,34,21
2022-08-15,68,52,16
2022-08-15,109,86,23
2022-08-15,154,133,21
2022-08-15,87,67,20
2022-08-15,44,34,10
2022-08-15,30,20,10
2022-08-15,14,6,8
2022-08-15,8,7,1
2022-08-15,8,4,4
2022-08-16,3,2,1
2022-08-16,1,1,0
2022-08-16,1,1,0
2022-08-16,1,0,1
2022-08-16,8,1,7
2022-08-16,32,3,29
2022-08-16,86,5,81
2022-08-16,137,8,129
2022-08-16,135,8,127
2022-08-16,65,13,52
2022-08-16,41,13,28
2022-08-16,38,12,26
2022-08-16,33,15,18
2022-08-16,39,17,22
2022-08-16,56,36,20
2022-08-16,44,34,10
2022-08-16,0,0,0
2022-08-16,0,0,0
2022-08-16,0,0,0
2022-08-16,0,0,0
2022-08-16,0,0,0
2022-08-16,0,0,0
2022-08-16,0,0,0
2022-08-16,0,0,0
2022-08-17,0,0,0
2022-08-17,0,0,0
2022-08-17,0,0,0
2022-08-17,0,0,0
2022-08-17,0,0,0
2022-08-17,0,0,0
2022-08-17,0,0,0
2022-08-17,0,0,0
2022-08-17,0,0,0
2022-08-17,0,0,0
2022-08-17,0,0,0
2022-08-17,0,0,0
2022-08-17,0,0,0
2022-08-17,0,0,0
2022-08-17,0,0,0
2022-08-17,0,0,0
2022-08-17,0,0,0
2022-08-17,0,0,0
2022-08-17,0,0,0
2022-08-17,0,0,0
2022-08-17,0,0,0
2022-08-17,0,0,0
2022-08-17,0,0,0
2022-08-17,0,0,0
2022-08-18,0,0,0
2022-08-18,0,0,0
2022-08-18,0,0,0
2022-08-18,0,0,0
2022-08-18,0,0,0
2022-08-18,0,0,0
2022-08-18,0,0,0
2022-08-18,0,0,0
2022-08-18,0,0,0
2022-08-18,0,0,0
2022-08-18,0,0,0
2022-08-18,0,0,0
2022-08-18,0,0,0
2022-08-18,0,0,0
2022-08-18,0,0,0
2022-08-18,0,0,0
2022-08-18,0,0,0
2022-08-18,0,0,0
2022-08-18,0,0,0
2022-08-18,0,0,0
2022-08-18,0,0,0
2022-08-18,0,0,0
2022-08-18,0,0,0
2022-08-18,0,0,0
2022-08-19,0,0,0
2022-08-19,0,0,0
2022-08-19,0,0,0
2022-08-19,0,0,0
2022-08-19,0,0,0
2022-08-19,0,0,0
2022-08-19,0,0,0
2022-08-19,0,0,0
2022-08-19,0,0,0
2022-08-19,0,0,0
2022-08-19,0,0,0
2022-08-19,0,0,0
2022-08-19,0,0,0
2022-08-19,0,0,0
2022-08-19,0,0,0
2022-08-19,0,0,0
2022-08-19,0,0,0
2022-08-19,0,0,0
2022-08-19,0,0,0
2022-08-19,0,0,0
2022-08-19,0,0,0
2022-08-19,0,0,0
2022-08-19,0,0,0
2022-08-19,0,0,0
2022-08-20,0,0,0
2022-08-20,0,0,0
2022-08-20,0,0,0
2022-08-20,0,0,0
2022-08-20,0,0,0
2022-08-20,0,0,0
2022-08-20,0,0,0
2022-08-20,0,0,0
2022-08-20,0,0,0
2022-08-20,0,0,0
2022-08-20,0,0,0
2022-08-20,0,0,0
2022-08-20,0,0,0
2022-08-20,0,0,0
2022-08-20,0,0,0
2022-08-20,0,0,0
2022-08-20,0,0,0
2022-08-20,0,0,0
2022-08-20,0,0,0
2022-08-20,0,0,0
2022-08-20,0,0,0
2022-08-20,0,0,0
2022-08-20,0,0,0
2022-08-20,0,0,0
2022-08-21,0,0,0
2022-08-21,0,0,0
2022-08-21,0,0,0
2022-08-21,0,0,0
2022-08-21,0,0,0
2022-08-21,0,0,0
2022-08-21,0,0,0
2022-08-21,0,0,0
2022-08-21,0,0,0
2022-08-21,0,0,0
2022-08-21,0,0,0
2022-08-21,0,0,0
2022-08-21,0,0,0
2022-08-21,0,0,0
2022-08-21,0,0,0
2022-08-21,0,0,0
2022-08-21,0,0,0
2022-08-21,0,0,0
2022-08-21,0,0,0
2022-08-21,0,0,0
2022-08-21,0,0,0
2022-08-21,0,0,0
2022-08-21,0,0,0
2022-08-21,0,0,0
2022-08-22,0,0,0
2022-08-22,0,0,0
2022-08-22,0,0,0
2022-08-22,0,0,0
2022-08-22,0,0,0
2022-08-22,0,0,0
2022-08-22,0,0,0
2022-08-22,0,0,0
2022-08-22,0,0,0
2022-08-22,0,0,0
2022-08-22,0,0,0
2022-08-22,0,0,0
2022-08-22,0,0,0
2022-08-22,0,0,0
2022-08-22,0,0,0
2022-08-22,0,0,0
2022-08-22,0,0,0
2022-08-22,0,0,0
2022-08-22,0,0,0
2022-08-22,0,0,0
2022-08-22,0,0,0
2022-08-22,0,0,0
2022-08-22,0,0,0
2022-08-22,0,0,0
2022-08-23,0,0,0
2022-08-23,0,0,0
2022-08-23,0,0,0
2022-08-23,0,0,0
2022-08-23,0,0,0
2022-08-23,0,0,0
2022-08-23,0,0,0
2022-08-23,0,0,0
2022-08-23,0,0,0
2022-08-23,0,0,0
2022-08-23,0,0,0
2022-08-23,0,0,0
2022-08-23,0,0,0
2022-08-23,0,0,0
2022-08-23,0,0,0
2022-08-23,7,1,6
2022-08-23,21,16,5
2022-08-23,13,9,4
2022-08-23,2,1,1
2022-08-23,9,9,0
2022-08-23,4,3,1
2022-08-23,3,2,1
2022-08-23,9,4,5
2022-08-23,3,0,3
2022-08-24,0,0,0
2022-08-24,1,1,0
2022-08-24,0,0,0
2022-08-24,2,2,0
2022-08-24,3,3,0
2022-08-24,1,1,0
2022-08-24,14,14,0
2022-08-24,18,17,1
2022-08-24,17,17,0
2022-08-24,8,8,0
2022-08-24,0,0,0
2022-08-24,0,0,0
2022-08-24,1,1,0
2022-08-24,3,3,0
2022-08-24,4,4,0
2022-08-24,0,0,0
2022-08-24,3,3,0
2022-08-24,7,7,0
2022-08-24,1,1,0
2022-08-24,0,0,0
2022-08-24,0,0,0
2022-08-24,2,2,0
2022-08-24,0,0,0
2022-08-24,0,0,0
2022-08-25,0,0,0
2022-08-25,0,0,0
2022-08-25,0,0,0
2022-08-25,0,0,0
2022-08-25,0,0,0
2022-08-25,0,0,0
2022-08-25,1,1,0
2022-08-25,0,0,0
2022-08-25,0,0,0
2022-08-25,1,1,0
2022-08-25,1,1,0
2022-08-25,0,0,0
2022-08-25,0,0,0
2022-08-25,0,0,0
2022-08-25,0,0,0
2022-08-25,4,4,0
2022-08-25,1,0,1
2022-08-25,7,6,1
2022-08-25,1,0,1
2022-08-25,0,0,0
2022-08-25,0,0,0
2022-08-25,0,0,0
2022-08-25,0,0,0
2022-08-25,2,0,2
2022-08-26,0,0,0
2022-08-26,0,0,0
2022-08-26,0,0,0
2022-08-26,0,0,0
2022-08-26,0,0,0
2022-08-26,0,0,0
2022-08-26,0,0,0
2022-08-26,0,0,0
2022-08-26,0,0,0
2022-08-26,0,0,0
2022-08-26,0,0,0
2022-08-26,0,0,0
2022-08-26,0,0,0
2022-08-26,0,0,0
2022-08-26,1,0,1
2022-08-26,0,0,0
2022-08-26,0,0,0
2022-08-26,0,0,0
2022-08-26,0,0,0
2022-08-26,0,0,0
2022-08-26,0,0,0
2022-08-26,0,0,0
2022-08-26,0,0,0
2022-08-26,0,0,0
2022-08-27,0,0,0
2022-08-27,0,0,0
2022-08-27,0,0,0
2022-08-27,0,0,0
2022-08-27,0,0,0
2022-08-27,0,0,0
2022-08-27,0,0,0
2022-08-27,0,0,0
2022-08-27,0,0,0
2022-08-27,0,0,0
2022-08-27,0,0,0
2022-08-27,0,0,0
2022-08-27,0,0,0
2022-08-27,0,0,0
2022-08-27,0,0,0
2022-08-27,0,0,0
2022-08-27,0,0,0
2022-08-27,0,0,0
2022-08-27,0,0,0
2022-08-27,0,0,0
2022-08-27,0,0,0
2022-08-27,0,0,0
2022-08-27,0,0,0
2022-08-27,0,0,0
2022-08-28,0,0,0
2022-08-28,0,0,0
2022-08-28,0,0,0
2022-08-28,0,0,0
2022-08-28,0,0,0
2022-08-28,0,0,0
2022-08-28,0,0,0
2022-08-28,0,0,0
2022-08-28,0,0,0
2022-08-28,0,0,0
2022-08-28,0,0,0
2022-08-28,0,0,0
2022-08-28,0,0,0
2022-08-28,0,0,0
2022-08-28,0,0,0
2022-08-28,0,0,0
2022-08-28,0,0,0
2022-08-28,0,0,0
2022-08-28,0,0,0
2022-08-28,0,0,0
2022-08-28,0,0,0
2022-08-28,0,0,0
2022-08-28,0,0,0
2022-08-28,0,0,0
2022-08-29,0,0,0
2022-08-29,0,0,0
2022-08-29,0,0,0
2022-08-29,0,0,0
2022-08-29,0,0,0
2022-08-29,0,0,0
2022-08-29,0,0,0
2022-08-29,0,0,0
2022-08-29,0,0,0
2022-08-29,0,0,0
2022-08-29,0,0,0
2022-08-29,0,0,0
2022-08-29,0,0,0
2022-08-29,0,0,0
2022-08-29,0,0,0
2022-08-29,0,0,0
2022-08-29,0,0,0
2022-08-29,0,0,0
2022-08-29,0,0,0
2022-08-29,0,0,0
2022-08-29,0,0,0
2022-08-29,0,0,0
2022-08-29,0,0,0
2022-08-29,0,0,0
2022-08-30,0,0,0
2022-08-30,0,0,0
2022-08-30,0,0,0
2022-08-30,0,0,0
2022-08-30,0,0,0
2022-08-30,0,0,0
2022-08-30,0,0,0
2022-08-30,0,0,0
2022-08-30,0,0,0
2022-08-30,0,0,0
2022-08-30,0,0,0
2022-08-30,0,0,0
2022-08-30,0,0,0
2022-08-30,0,0,0
2022-08-30,0,0,0
2022-08-30,0,0,0
2022-08-30,0,0,0
2022-08-30,0,0,0
2022-08-30,0,0,0
2022-08-30,0,0,0
2022-08-30,0,0,0
2022-08-30,0,0,0
2022-08-30,0,0,0
2022-08-30,0,0,0
2022-08-31,0,0,0
2022-08-31,0,0,0
2022-08-31,0,0,0
2022-08-31,0,0,0
2022-08-31,0,0,0
2022-08-31,0,0,0
2022-08-31,0,0,0
2022-08-31,0,0,0
2022-08-31,0,0,0
2022-08-31,0,0,0
2022-08-31,0,0,0
2022-08-31,0,0,0
2022-08-31,0,0,0
2022-08-31,0,0,0
2022-08-31,0,0,0
2022-08-31,0,0,0
2022-08-31,0,0,0
2022-08-31,0,0,0
2022-08-31,0,0,0
2022-08-31,0,0,0
2022-08-31,0,0,0
2022-08-31,0,0,0
2022-08-31,0,0,0
2022-08-31,0,0,0
2022-09-01,0,0,0
2022-09-01,0,0,0
2022-09-01,0,0,0
2022-09-01,0,0,0
2022-09-01,0,0,0
2022-09-01,0,0,0
2022-09-01,0,0,0
2022-09-01,0,0,0
2022-09-01,0,0,0
2022-09-01,0,0,0
2022-09-01,0,0,0
2022-09-01,0,0,0
2022-09-01,0,0,0
2022-09-01,0,0,0
2022-09-01,0,0,0
2022-09-01,0,0,0
2022-09-01,0,0,0
2022-09-01,0,0,0
2022-09-01,0,0,0
2022-09-01,0,0,0
2022-09-01,0,0,0
2022-09-01,0,0,0
2022-09-01,0,0,0
2022-09-01,0,0,0
2022-09-02,0,0,0
2022-09-02,0,0,0
2022-09-02,0,0,0
2022-09-02,0,0,0
2022-09-02,0,0,0
2022-09-02,0,0,0
2022-09-02,0,0,0
2022-09-02,0,0,0
2022-09-02,0,0,0
2022-09-02,0,0,0
2022-09-02,0,0,0
2022-09-02,0,0,0
2022-09-02,0,0,0
2022-09-02,0,0,0
2022-09-02,0,0,0
2022-09-02,0,0,0
2022-09-02,0,0,0
2022-09-02,0,0,0
2022-09-02,0,0,0
2022-09-02,0,0,0
2022-09-02,0,0,0
2022-09-02,0,0,0
2022-09-02,0,0,0
2022-09-02,0,0,0
2022-09-03,0,0,0
2022-09-03,0,0,0
2022-09-03,0,0,0
2022-09-03,0,0,0
2022-09-03,0,0,0
2022-09-03,0,0,0
2022-09-03,0,0,0
2022-09-03,0,0,0
2022-09-03,0,0,0
2022-09-03,0,0,0
2022-09-03,0,0,0
2022-09-03,0,0,0
2022-09-03,0,0,0
2022-09-03,0,0,0
2022-09-03,0,0,0
2022-09-03,0,0,0
2022-09-03,0,0,0
2022-09-03,0,0,0
2022-09-03,0,0,0
2022-09-03,0,0,0
2022-09-03,0,0,0
2022-09-03,0,0,0
2022-09-03,0,0,0
2022-09-03,0,0,0
2022-09-04,0,0,0
2022-09-04,0,0,0
2022-09-04,0,0,0
2022-09-04,0,0,0
2022-09-04,0,0,0
2022-09-04,0,0,0
2022-09-04,0,0,0
2022-09-04,0,0,0
2022-09-04,0,0,0
2022-09-04,0,0,0
2022-09-04,0,0,0
2022-09-04,0,0,0
2022-09-04,0,0,0
2022-09-04,0,0,0
2022-09-04,0,0,0
2022-09-04,0,0,0
2022-09-04,0,0,0
2022-09-04,0,0,0
2022-09-04,0,0,0
2022-09-04,0,0,0
2022-09-04,0,0,0
2022-09-04,0,0,0
2022-09-04,0,0,0
2022-09-04,0,0,0
2022-09-05,0,0,0
2022-09-05,0,0,0
2022-09-05,0,0,0
2022-09-05,0,0,0
2022-09-05,0,0,0
2022-09-05,0,0,0
2022-09-05,0,0,0
2022-09-05,0,0,0
2022-09-05,0,0,0
2022-09-05,0,0,0
2022-09-05,0,0,0
2022-09-05,0,0,0
2022-09-05,0,0,0
2022-09-05,0,0,0
2022-09-05,0,0,0
2022-09-05,0,0,0
2022-09-05,0,0,0
2022-09-05,0,0,0
2022-09-05,0,0,0
2022-09-05,0,0,0
2022-09-05,0,0,0
2022-09-05,0,0,0
2022-09-05,0,0,0
2022-09-05,0,0,0
2022-09-06,0,0,0
2022-09-06,0,0,0
2022-09-06,0,0,0
2022-09-06,0,0,0
2022-09-06,0,0,0
2022-09-06,0,0,0
2022-09-06,0,0,0
2022-09-06,0,0,0
2022-09-06,0,0,0
2022-09-06,0,0,0
2022-09-06,0,0,0
2022-09-06,0,0,0
2022-09-06,0,0,0
2022-09-06,0,0,0
2022-09-06,0,0,0
2022-09-06,0,0,0
2022-09-06,0,0,0
2022-09-06,0,0,0
2022-09-06,0,0,0
2022-09-06,0,0,0
2022-09-06,0,0,0
2022-09-06,0,0,0
2022-09-06,0,0,0
2022-09-06,0,0,0
2022-09-07,0,0,0
2022-09-07,0,0,0
2022-09-07,0,0,0
2022-09-07,0,0,0
2022-09-07,0,0,0
2022-09-07,0,0,0
2022-09-07,0,0,0
2022-09-07,0,0,0
2022-09-07,0,0,0
2022-09-07,0,0,0
2022-09-07,0,0,0
2022-09-07,0,0,0
2022-09-07,0,0,0
2022-09-07,0,0,0
2022-09-07,0,0,0
2022-09-07,0,0,0
2022-09-07,0,0,0
2022-09-07,0,0,0
2022-09-07,0,0,0
2022-09-07,0,0,0
2022-09-07,0,0,0
2022-09-07,0,0,0
2022-09-07,0,0,0
2022-09-07,0,0,0
2022-09-08,0,0,0
2022-09-08,0,0,0
2022-09-08,0,0,0
2022-09-08,0,0,0
2022-09-08,0,0,0
2022-09-08,0,0,0
2022-09-08,0,0,0
2022-09-08,0,0,0
2022-09-08,0,0,0
2022-09-08,0,0,0
2022-09-08,0,0,0
2022-09-08,0,0,0
2022-09-08,0,0,0
2022-09-08,0,0,0
2022-09-08,0,0,0
2022-09-08,0,0,0
2022-09-08,0,0,0
2022-09-08,0,0,0
2022-09-08,0,0,0
2022-09-08,0,0,0
2022-09-08,0,0,0
2022-09-08,0,0,0
2022-09-08,0,0,0
2022-09-08,0,0,0
2022-09-09,0,0,0
2022-09-09,0,0,0
2022-09-09,0,0,0
2022-09-09,0,0,0
2022-09-09,0,0,0
2022-09-09,0,0,0
2022-09-09,0,0,0
2022-09-09,0,0,0
2022-09-09,0,0,0
2022-09-09,0,0,0
2022-09-09,0,0,0
2022-09-09,0,0,0
2022-09-09,0,0,0
2022-09-09,0,0,0
2022-09-09,0,0,0
2022-09-09,0,0,0
2022-09-09,0,0,0
2022-09-09,0,0,0
2022-09-09,0,0,0
2022-09-09,0,0,0
2022-09-09,0,0,0
2022-09-09,0,0,0
2022-09-09,0,0,0
2022-09-09,0,0,0
2022-09-10,0,0,0
2022-09-10,0,0,0
2022-09-10,0,0,0
2022-09-10,0,0,0
2022-09-10,0,0,0
2022-09-10,0,0,0
2022-09-10,0,0,0
2022-09-10,0,0,0
2022-09-10,0,0,0
2022-09-10,0,0,0
2022-09-10,0,0,0
2022-09-10,0,0,0
2022-09-10,0,0,0
2022-09-10,0,0,0
2022-09-10,0,0,0
2022-09-10,0,0,0
2022-09-10,0,0,0
2022-09-10,0,0,0
2022-09-10,0,0,0
2022-09-10,0,0,0
2022-09-10,0,0,0
2022-09-10,0,0,0
2022-09-10,0,0,0
2022-09-10,0,0,0
2022-09-11,0,0,0
2022-09-11,0,0,0
2022-09-11,0,0,0
2022-09-11,0,0,0
2022-09-11,0,0,0
2022-09-11,0,0,0
2022-09-11,0,0,0
2022-09-11,0,0,0
2022-09-11,0,0,0
2022-09-11,0,0,0
2022-09-11,0,0,0
2022-09-11,0,0,0
2022-09-11,0,0,0
2022-09-11,0,0,0
2022-09-11,0,0,0
2022-09-11,0,0,0
2022-09-11,0,0,0
2022-09-11,0,0,0
2022-09-11,0,0,0
2022-09-11,0,0,0
2022-09-11,0,0,0
2022-09-11,0,0,0
2022-09-11,0,0,0
2022-09-11,0,0,0
2022-09-12,0,0,0
2022-09-12,0,0,0
2022-09-12,0,0,0
2022-09-12,0,0,0
2022-09-12,0,0,0
2022-09-12,0,0,0
2022-09-12,0,0,0
2022-09-12,0,0,0
2022-09-12,0,0,0
2022-09-12,0,0,0
2022-09-12,0,0,0
2022-09-12,0,0,0
2022-09-12,0,0,0
2022-09-12,0,0,0
2022-09-12,0,0,0
2022-09-12,0,0,0
2022-09-12,0,0,0
2022-09-12,0,0,0
2022-09-12,0,0,0
2022-09-12,0,0,0
2022-09-12,0,0,0
2022-09-12,0,0,0
2022-09-12,0,0,0
2022-09-12,0,0,0
2022-09-13,0,0,0
2022-09-13,0,0,0
2022-09-13,0,0,0
2022-09-13,0,0,0
2022-09-13,0,0,0
2022-09-13,0,0,0
2022-09-13,0,0,0
2022-09-13,0,0,0
2022-09-13,0,0,0
2022-09-13,0,0,0
2022-09-13,0,0,0
2022-09-13,0,0,0
2022-09-13,0,0,0
2022-09-13,0,0,0
2022-09-13,0,0,0
2022-09-13,0,0,0
2022-09-13,0,0,0
2022-09-13,0,0,0
2022-09-13,0,0,0
2022-09-13,0,0,0
2022-09-13,0,0,0
2022-09-13,0,0,0
2022-09-13,0,0,0
2022-09-13,0,0,0
2022-09-14,0,0,0
2022-09-14,0,0,0
2022-09-14,0,0,0
2022-09-14,0,0,0
2022-09-14,0,0,0
2022-09-14,0,0,0
2022-09-14,0,0,0
2022-09-14,0,0,0
2022-09-14,0,0,0
2022-09-14,0,0,0
2022-09-14,3,0,3
2022-09-14,37,17,20
2022-09-14,42,16,26
2022-09-14,30,16,14
2022-09-14,50,32,18
2022-09-14,66,49,17
2022-09-14,162,131,31
2022-09-14,160,137,23
2022-09-14,113,90,23
2022-09-14,61,44,17
2022-09-14,25,20,5
2022-09-14,16,13,3
2022-09-14,8,7,1
2022-09-14,4,4,0
2022-09-15,3,3,0
2022-09-15,1,1,0
2022-09-15,1,1,0
2022-09-15,0,0,0
2022-09-15,4,1,3
2022-09-15,32,4,28
2022-09-15,92,17,75
2022-09-15,117,7,110
2022-09-15,136,2,134
2022-09-15,68,4,64
2022-09-15,34,12,22
2022-09-15,27,10,17
2022-09-15,45,26,19
2022-09-15,35,18,17
2022-09-15,38,21,17
2022-09-15,83,58,25
2022-09-15,148,126,22
2022-09-15,156,135,21
2022-09-15,85,72,13
2022-09-15,51,46,5
2022-09-15,38,35,3
2022-09-15,16,14,2
2022-09-15,13,10,3
2022-09-15,10,7,3
2022-09-16,2,1,1
2022-09-16,3,3,0
2022-09-16,6,6,0
2022-09-16,0,0,0
2022-09-16,6,0,6
2022-09-16,26,2,24
2022-09-16,61,7,54
2022-09-16,89,13,76
2022-09-16,96,8,88
2022-09-16,56,13,43
2022-09-16,27,12,15
2022-09-16,30,8,22
2022-09-16,25,17,8
2022-09-16,49,23,26
2022-09-16,61,36,25
2022-09-16,82,51,31
2022-09-16,117,92,25
2022-09-16,109,95,14
2022-09-16,64,48,16
2022-09-16,31,23,8
2022-09-16,15,11,4
2022-09-16,12,10,2
2022-09-16,11,9,2
2022-09-16,6,6,0
2022-09-17,1,0,1
2022-09-17,5,2,3
2022-09-17,4,3,1
2022-09-17,1,1,0
2022-09-17,8,4,4
2022-09-17,16,7,9
2022-09-17,7,2,5
2022-09-17,21,17,4
2022-09-17,31,6,25
2022-09-17,45,20,25
2022-09-17,66,37,29
2022-09-17,73,42,31
2022-09-17,107,48,59
2022-09-17,60,28,32
2022-09-17,78,33,45
2022-09-17,68,37,31
2022-09-17,44,22,22
2022-09-17,50,33,17
2022-09-17,39,28,11
2022-09-17,14,13,1
2022-09-17,11,8,3
2022-09-17,14,11,3
2022-09-17,16,13,3
2022-09-17,8,7,1
2022-09-18,1,0,1
2022-09-18,4,3,1
2022-09-18,2,2,0
2022-09-18,0,0,0
2022-09-18,4,0,4
2022-09-18,5,3,2
2022-09-18,4,0,4
2022-09-18,11,2,9
2022-09-18,27,14,13
2022-09-18,43,19,24
2022-09-18,73,39,34
2022-09-18,55,36,19
2022-09-18,62,28,34
2022-09-18,82,45,37
2022-09-18,64,29,35
2022-09-18,71,46,25
2022-09-18,66,31,35
2022-09-18,53,29,24
2022-09-18,35,17,18
2022-09-18,18,7,11
2022-09-18,13,5,8
2022-09-18,3,1,2
2022-09-18,3,0,3
2022-09-18,4,4,0
2022-09-19,2,2,0
2022-09-19,2,1,1
2022-09-19,6,3,3
2022-09-19,3,0,3
2022-09-19,10,1,9
2022-09-19,26,5,21
2022-09-19,72,10,62
2022-09-19,86,6,80
2022-09-19,80,5,75
2022-09-19,52,3,49
2022-09-19,31,16,15
2022-09-19,29,9,20
2022-09-19,21,8,13
2022-09-19,32,17,15
2022-09-19,51,33,18
2022-09-19,73,45,28
2022-09-19,96,85,11
2022-09-19,149,121,28
2022-09-19,57,49,8
2022-09-19,41,30,11
2022-09-19,16,14,2
2022-09-19,13,5,8
2022-09-19,14,8,6
2022-09-19,3,3,0
2022-09-20,1,1,0
2022-09-20,3,2,1
2022-09-20,2,2,0
2022-09-20,5,3,2
2022-09-20,5,0,5
2022-09-20,25,3,22
2022-09-20,65,6,59
2022-09-20,109,5,104
2022-09-20,146,9,137
2022-09-20,59,7,52
2022-09-20,35,16,19
2022-09-20,28,12,16
2022-09-20,26,13,13
2022-09-20,39,23,16
2022-09-20,58,44,14
2022-09-20,62,42,20
2022-09-20,129,109,20
2022-09-20,156,140,16
2022-09-20,99,82,17
2022-09-20,49,36,13
2022-09-20,22,16,6
2022-09-20,11,11,0
2022-09-20,7,6,1
2022-09-20,3,1,2
2022-09-21,4,3,1
2022-09-21,4,4,0
2022-09-21,0,0,0
2022-09-21,3,0,3
2022-09-21,6,1,5
2022-09-21,22,3,19
2022-09-21,72,13,59
2022-09-21,85,9,76
2022-09-21,121,4,117
2022-09-21,57,12,45
2022-09-21,28,10,18
2022-09-21,16,5,11
2022-09-21,29,14,15
2022-09-21,29,15,14
2022-09-21,55,29,26
2022-09-21,68,49,19
2022-09-21,96,74,22
2022-09-21,133,118,15
2022-09-21,91,67,24
2022-09-21,37,25,12
2022-09-21,21,17,4
2022-09-21,19,15,4
2022-09-21,11,9,2
2022-09-21,7,5,2
2022-09-22,12,7,5
2022-09-22,3,3,0
2022-09-22,6,3,3
2022-09-22,4,0,4
2022-09-22,8,1,7
2022-09-22,26,3,23
2022-09-22,55,6,49
2022-09-22,99,11,88
2022-09-22,112,3,109
2022-09-22,49,7,42
2022-09-22,32,11,21
2022-09-22,29,9,20
2022-09-22,31,19,12
2022-09-22,23,11,12
2022-09-22,39,24,15
2022-09-22,60,46,14
2022-09-22,112,85,27
2022-09-22,140,115,25
2022-09-22,90,74,16
2022-09-22,40,27,13
2022-09-22,26,15,11
2022-09-22,23,20,3
2022-09-22,13,7,6
2022-09-22,5,4,1
2022-09-23,6,5,1
2022-09-23,2,2,0
2022-09-23,4,2,2
2022-09-23,2,0,2
2022-09-23,7,1,6
2022-09-23,25,3,22
2022-09-23,46,10,36
2022-09-23,68,9,59
2022-09-23,78,10,68
2022-09-23,47,7,40
2022-09-23,15,3,12
2022-09-23,34,13,21
2022-09-23,25,10,15
2022-09-23,45,23,22
2022-09-23,34,24,10
2022-09-23,57,42,15
2022-09-23,88,71,17
2022-09-23,102,83,19
2022-09-23,62,43,19
2022-09-23,37,25,12
2022-09-23,18,10,8
2022-09-23,9,6,3
2022-09-23,9,3,6
2022-09-23,7,6,1
2022-09-24,5,4,1
2022-09-24,2,1,1
2022-09-24,3,2,1
2022-09-24,0,0,0
2022-09-24,2,0,2
2022-09-24,6,0,6
2022-09-24,8,4,4
2022-09-24,9,4,5
2022-09-24,33,6,27
2022-09-24,28,14,14
2022-09-24,54,17,37
2022-09-24,50,30,20
2022-09-24,73,42,31
2022-09-24,73,39,34
2022-09-24,84,58,26
2022-09-24,72,35,37
2022-09-24,68,37,31
2022-09-24,71,28,43
2022-09-24,37,24,13
2022-09-24,29,14,15
2022-09-24,17,12,5
2022-09-24,14,12,2
2022-09-24,11,6,5
2022-09-24,10,8,2
2022-09-25,6,5,1
2022-09-25,5,5,0
2022-09-25,7,6,1
2022-09-25,3,0,3
2022-09-25,3,2,1
2022-09-25,5,1,4
2022-09-25,9,4,5
2022-09-25,6,0,6
2022-09-25,17,7,10
2022-09-25,34,13,21
2022-09-25,58,30,28
2022-09-25,67,25,42
2022-09-25,100,70,30
2022-09-25,99,40,59
2022-09-25,69,39,30
2022-09-25,62,31,31
2022-09-25,69,48,21
2022-09-25,58,39,19
2022-09-25,32,20,12
2022-09-25,25,14,11
2022-09-25,11,5,6
2022-09-25,13,6,7
2022-09-25,4,3,1
2022-09-25,8,6,2
2022-09-26,1,1,0
2022-09-26,3,1,2
2022-09-26,4,2,2
2022-09-26,2,0,2
2022-09-26,17,3,14
2022-09-26,25,4,21
2022-09-26,53,8,45
2022-09-26,96,8,88
2022-09-26,86,5,81
2022-09-26,53,6,47
2022-09-26,42,18,24
2022-09-26,31,14,17
2022-09-26,27,11,16
2022-09-26,42,22,20
2022-09-26,40,23,17
2022-09-26,60,48,12
2022-09-26,109,87,22
2022-09-26,143,117,26
2022-09-26,61,50,11
2022-09-26,33,23,10
2022-09-26,14,8,6
2022-09-26,11,7,4
2022-09-26,24,12,12
2022-09-26,9,5,4
2022-09-27,5,5,0
2022-09-27,6,5,1
2022-09-27,2,0,2
2022-09-27,2,0,2
2022-09-27,8,1,7
2022-09-27,26,3,23
2022-09-27,61,11,50
2022-09-27,93,5,88
2022-09-27,124,8,116
2022-09-27,62,9,53
2022-09-27,40,11,29
2022-09-27,30,12,18
2022-09-27,42,19,23
2022-09-27,50,27,23
2022-09-27,40,23,17
2022-09-27,62,38,24
2022-09-27,120,99,21
2022-09-27,158,124,34
2022-09-27,104,79,25
2022-09-27,41,34,7
2022-09-27,18,12,6
2022-09-27,40,37,3
2022-09-27,14,12,2
2022-09-27,7,4,3
2022-09-28,5,4,1
2022-09-28,4,3,1
2022-09-28,2,0,2
2022-09-28,3,1,2
2022-09-28,10,4,6
2022-09-28,24,5,19
2022-09-28,51,6,45
2022-09-28,73,8,65
2022-09-28,114,6,108
2022-09-28,42,5,37
2022-09-28,23,6,17
2022-09-28,17,5,12
2022-09-28,8,5,3
2022-09-28,14,5,9
2022-09-28,35,19,16
2022-09-28,54,41,13
2022-09-28,95,70,25
2022-09-28,132,110,22
2022-09-28,76,65,11
2022-09-28,30,19,11
2022-09-28,23,14,9
2022-09-28,13,11,2
2022-09-28,10,7,3
2022-09-28,7,6,1
2022-09-29,7,5,2
2022-09-29,0,0,0
2022-09-29,5,4,1
2022-09-29,5,1,4
2022-09-29,9,0,9
2022-09-29,26,5,21
2022-09-29,57,10,47
2022-09-29,93,10,83
2022-09-29,110,10,100
2022-09-29,59,11,48
2022-09-29,24,8,16
2022-09-29,45,19,26
2022-09-29,25,6,19
2022-09-29,35,17,18
2022-09-29,42,25,17
2022-09-29,67,49,18
2022-09-29,95,69,26
2022-09-29,130,113,17
2022-09-29,86,68,18
2022-09-29,38,30,8
2022-09-29,21,19,2
2022-09-29,13,10,3
2022-09-29,26,23,3
2022-09-29,12,9,3
2022-09-30,2,2,0
2022-09-30,3,3,0
2022-09-30,5,2,3
2022-09-30,2,1,1
2022-09-30,7,0,7
2022-09-30,19,1,18
2022-09-30,48,5,43
2022-09-30,55,2,53
2022-09-30,76,7,69
2022-09-30,47,15,32
2022-09-30,36,7,29
2022-09-30,40,18,22
2022-09-30,29,12,17
2022-09-30,42,19,23
2022-09-30,48,31,17
2022-09-30,71,42,29
2022-09-30,107,63,44
2022-09-30,114,70,44
2022-09-30,116,103,13
2022-09-30,54,47,7
2022-09-30,27,13,14
2022-09-30,34,16,18
2022-09-30,28,22,6
2022-09-30,21,18,3
2022-10-01,17,13,4
2022-10-01,6,5,1
2022-10-01,3,1,2
2022-10-01,3,1,2
2022-10-01,3,0,3
2022-10-01,5,2,3
2022-10-01,8,4,4
2022-10-01,13,4,9
2022-10-01,44,11,33
2022-10-01,37,14,23
2022-10-01,59,27,32
2022-10-01,73,28,45
2022-10-01,64,31,33
2022-10-01,100,48,52
2022-10-01,78,40,38
2022-10-01,87,54,33
2022-10-01,106,61,45
2022-10-01,60,42,18
2022-10-01,47,20,27
2022-10-01,31,17,14
2022-10-01,13,10,3
2022-10-01,22,17,5
2022-10-01,12,7,5
2022-10-01,5,3,2
2022-10-02,4,4,0
2022-10-02,2,0,2
2022-10-02,8,4,4
2022-10-02,7,5,2
2022-10-02,6,1,5
2022-10-02,3,0,3
2022-10-02,10,3,7
2022-10-02,13,3,10
2022-10-02,21,3,18
2022-10-02,36,12,24
2022-10-02,42,29,13
2022-10-02,54,25,29
2022-10-02,79,48,31
2022-10-02,98,46,52
2022-10-02,72,29,43
2022-10-02,57,29,28
2022-10-02,89,66,23
2022-10-02,47,33,14
2022-10-02,33,20,13
2022-10-02,25,11,14
2022-10-02,9,3,6
2022-10-02,15,8,7
2022-10-02,13,5,8
2022-10-02,4,3,1
2022-10-03,0,0,0
2022-10-03,4,3,1
2022-10-03,1,1,0
2022-10-03,0,0,0
2022-10-03,9,0,9
2022-10-03,20,5,15
2022-10-03,51,10,41
2022-10-03,88,6,82
2022-10-03,106,5,101
2022-10-03,49,7,42
2022-10-03,25,7,18
2022-10-03,44,20,24
2022-10-03,36,19,17
2022-10-03,35,16,19
2022-10-03,45,33,12
2022-10-03,59,40,19
2022-10-03,91,73,18
2022-10-03,125,102,23
2022-10-03,73,62,11
2022-10-03,29,24,5
2022-10-03,8,8,0
2022-10-03,15,12,3
2022-10-03,19,18,1
2022-10-03,4,3,1
2022-10-04,4,4,0
2022-10-04,1,1,0
2022-10-04,1,0,1
2022-10-04,2,0,2
2022-10-04,7,0,7
2022-10-04,21,5,16
2022-10-04,59,8,51
2022-10-04,111,9,102
2022-10-04,110,11,99
2022-10-04,49,7,42
2022-10-04,39,9,30
2022-10-04,23,9,14
2022-10-04,33,14,19
2022-10-04,24,14,10
2022-10-04,49,24,25
2022-10-04,49,32,17
2022-10-04,106,85,21
2022-10-04,135,119,16
2022-10-04,88,75,13
2022-10-04,32,21,11
2022-10-04,17,14,3
2022-10-04,11,10,1
2022-10-04,8,8,0
2022-10-04,5,4,1
2022-10-05,4,2,2
2022-10-05,1,1,0
2022-10-05,4,2,2
2022-10-05,2,2,0
2022-10-05,13,3,10
2022-10-05,19,4,15
2022-10-05,56,9,47
2022-10-05,94,8,86
2022-10-05,92,4,88
2022-10-05,34,3,31
2022-10-05,31,12,19
2022-10-05,27,9,18
2022-10-05,29,14,15
2022-10-05,25,12,13
2022-10-05,35,21,14
2022-10-05,60,44,16
2022-10-05,112,88,24
2022-10-05,111,91,20
2022-10-05,69,59,10
2022-10-05,39,30,9
2022-10-05,10,10,0
2022-10-05,9,6,3
2022-10-05,8,5,3
2022-10-05,7,5,2
2022-10-06,4,3,1
2022-10-06,3,2,1
2022-10-06,1,1,0
2022-10-06,0,0,0
2022-10-06,10,0,10
2022-10-06,26,4,22
2022-10-06,51,9,42
2022-10-06,82,6,76
2022-10-06,98,2,96
2022-10-06,51,4,47
2022-10-06,28,7,21
2022-10-06,24,10,14
2022-10-06,26,15,11
2022-10-06,26,11,15
2022-10-06,27,14,13
2022-10-06,56,40,16
2022-10-06,97,78,19
2022-10-06,141,118,23
2022-10-06,71,56,15
2022-10-06,26,24,2
2022-10-06,24,19,5
2022-10-06,13,9,4
2022-10-06,10,8,2
2022-10-06,4,4,0
2022-10-07,3,2,1
2022-10-07,3,1,2
2022-10-07,3,1,2
2022-10-07,1,0,1
2022-10-07,5,0,5
2022-10-07,22,4,18
2022-10-07,49,8,41
2022-10-07,53,6,47
2022-10-07,63,6,57
2022-10-07,43,8,35
2022-10-07,38,19,19
2022-10-07,31,10,21
2022-10-07,27,11,16
2022-10-07,31,21,10
2022-10-07,47,26,21
2022-10-07,58,43,15
2022-10-07,67,52,15
2022-10-07,84,72,12
2022-10-07,68,51,17
2022-10-07,29,22,7
2022-10-07,21,13,8
2022-10-07,7,7,0
2022-10-07,4,2,2
2022-10-07,8,8,0
2022-10-08,3,1,2
2022-10-08,1,0,1
2022-10-08,4,3,1
2022-10-08,1,0,1
2022-10-08,5,2,3
2022-10-08,4,1,3
2022-10-08,8,3,5
2022-10-08,7,3,4
2022-10-08,35,7,28
2022-10-08,27,14,13
2022-10-08,41,21,20
2022-10-08,61,29,32
2022-10-08,63,19,44
2022-10-08,67,40,27
2022-10-08,53,19,34
2022-10-08,64,35,29
2022-10-08,52,33,19
2022-10-08,42,23,19
2022-10-08,39,25,14
2022-10-08,18,12,6
2022-10-08,10,8,2
2022-10-08,10,7,3
2022-10-08,5,3,2
2022-10-08,5,3,2
2022-10-09,7,5,2
2022-10-09,2,2,0
2022-10-09,3,3,0
2022-10-09,1,1,0
2022-10-09,4,2,2
2022-10-09,4,3,1
2022-10-09,5,2,3
2022-10-09,12,1,11
2022-10-09,15,6,9
2022-10-09,48,22,26
2022-10-09,38,11,27
2022-10-09,46,28,18
2022-10-09,56,27,29
2022-10-09,84,47,37
2022-10-09,52,25,27
2022-10-09,61,33,28
2022-10-09,74,53,21
2022-10-09,43,19,24
2022-10-09,20,17,3
2022-10-09,19,10,9
2022-10-09,5,3,2
2022-10-09,4,2,2
2022-10-09,5,3,2
2022-10-09,6,2,4
2022-10-10,2,2,0
2022-10-10,4,1,3
2022-10-10,0,0,0
2022-10-10,2,1,1
2022-10-10,9,1,8
2022-10-10,18,4,14
2022-10-10,43,7,36
2022-10-10,70,7,63
2022-10-10,89,4,85
2022-10-10,35,2,33
2022-10-10,23,8,15
2022-10-10,28,12,16
2022-10-10,27,12,15
2022-10-10,34,15,19
2022-10-10,32,22,10
2022-10-10,51,36,15
2022-10-10,76,66,10
2022-10-10,98,90,8
2022-10-10,48,40,8
2022-10-10,21,17,4
2022-10-10,13,8,5
2022-10-10,11,7,4
2022-10-10,9,6,3
2022-10-10,8,5,3
2022-10-11,1,1,0
2022-10-11,1,1,0
2022-10-11,5,1,4
2022-10-11,0,0,0
2022-10-11,7,2,5
2022-10-11,22,4,18
2022-10-11,63,10,53
2022-10-11,96,4,92
2022-10-11,130,6,124
2022-10-11,54,4,50
2022-10-11,23,6,17
2022-10-11,30,11,19
2022-10-11,32,11,21
2022-10-11,33,19,14
2022-10-11,41,27,14
2022-10-11,58,45,13
2022-10-11,105,77,28
2022-10-11,169,143,26
2022-10-11,81,73,8
2022-10-11,35,28,7
2022-10-11,22,18,4
2022-10-11,13,10,3
2022-10-11,11,8,3
2022-10-11,0,0,0
2022-10-12,3,3,0
2022-10-12,2,1,1
2022-10-12,2,1,1
2022-10-12,4,2,2
2022-10-12,7,0,7
2022-10-12,24,4,20
2022-10-12,48,8,40
2022-10-12,94,3,91
2022-10-12,103,6,97
2022-10-12,45,4,41
2022-10-12,27,6,21
2022-10-12,27,12,15
2022-10-12,29,17,12
2022-10-12,31,17,14
2022-10-12,58,29,29
2022-10-12,65,47,18
2022-10-12,103,77,26
2022-10-12,126,113,13
2022-10-12,75,62,13
2022-10-12,30,23,7
2022-10-12,12,11,1
2022-10-12,11,10,1
2022-10-12,19,16,3
2022-10-12,5,4,1
2022-10-13,10,7,3
2022-10-13,3,3,0
2022-10-13,7,1,6
2022-10-13,3,0,3
2022-10-13,6,1,5
2022-10-13,23,3,20
2022-10-13,55,7,48
2022-10-13,84,6,78
2022-10-13,99,4,95
2022-10-13,59,8,51
2022-10-13,24,6,18
2022-10-13,36,18,18
2022-10-13,29,10,19
2022-10-13,32,19,13
2022-10-13,38,25,13
2022-10-13,44,32,12
2022-10-13,90,73,17
2022-10-13,120,107,13
2022-10-13,67,63,4
2022-10-13,25,17,8
2022-10-13,19,17,2
2022-10-13,8,7,1
2022-10-13,15,10,5
2022-10-13,9,7,2
2022-10-14,3,3,0
2022-10-14,5,4,1
2022-10-14,2,0,2
2022-10-14,1,0,1
2022-10-14,6,1,5
2022-10-14,34,6,28
2022-10-14,42,10,32
2022-10-14,49,6,43
2022-10-14,67,6,61
2022-10-14,31,6,25
2022-10-14,24,9,15
2022-10-14,15,6,9
2022-10-14,25,14,11
2022-10-14,35,21,14
2022-10-14,46,26,20
2022-10-14,53,37,16
2022-10-14,77,57,20
2022-10-14,93,70,23
2022-10-14,49,37,12
2022-10-14,16,10,6
2022-10-14,16,9,7
2022-10-14,10,7,3
2022-10-14,6,6,0
2022-10-14,9,7,2
2022-10-15,5,5,0
2022-10-15,7,7,0
2022-10-15,7,2,5
2022-10-15,0,0,0
2022-10-15,4,0,4
2022-10-15,5,0,5
2022-10-15,9,2,7
2022-10-15,15,4,11
2022-10-15,25,7,18
2022-10-15,22,8,14
2022-10-15,57,26,31
2022-10-15,58,21,37
2022-10-15,67,38,29
2022-10-15,42,15,27
2022-10-15,34,20,14
2022-10-15,47,19,28
2022-10-15,48,22,26
2022-10-15,38,22,16
2022-10-15,28,19,9
2022-10-15,46,44,2
2022-10-15,67,63,4
2022-10-15,9,5,4
2022-10-15,11,11,0
2022-10-15,8,6,2
2022-10-16,9,4,5
2022-10-16,2,1,1
2022-10-16,5,5,0
2022-10-16,0,0,0
2022-10-16,3,1,2
2022-10-16,3,2,1
2022-10-16,3,1,2
2022-10-16,9,3,6
2022-10-16,23,6,17
2022-10-16,28,13,15
2022-10-16,33,12,21
2022-10-16,43,14,29
2022-10-16,46,19,27
2022-10-16,47,22,25
2022-10-16,62,29,33
2022-10-16,50,29,21
2022-10-16,84,62,22
2022-10-16,53,29,24
2022-10-16,28,22,6
2022-10-16,8,4,4
2022-10-16,7,5,2
2022-10-16,6,5,1
2022-10-16,4,1,3
2022-10-16,2,1,1
2022-10-17,1,1,0
2022-10-17,2,1,1
2022-10-17,2,1,1
2022-10-17,2,0,2
2022-10-17,5,0,5
2022-10-17,18,4,14
2022-10-17,59,7,52
2022-10-17,71,5,66
2022-10-17,94,4,90
2022-10-17,39,9,30
2022-10-17,33,12,21
2022-10-17,24,7,17
2022-10-17,17,10,7
2022-10-17,24,15,9
2022-10-17,50,25,25
2022-10-17,62,45,17
2022-10-17,88,68,20
2022-10-17,119,101,18
2022-10-17,58,50,8
2022-10-17,20,13,7
2022-10-17,8,7,1
2022-10-17,6,6,0
2022-10-17,6,4,2
2022-10-17,7,5,2
2022-10-18,2,1,1
2022-10-18,1,1,0
2022-10-18,0,0,0
2022-10-18,1,0,1
2022-10-18,5,1,4
2022-10-18,24,3,21
2022-10-18,55,10,45
2022-10-18,88,7,81
2022-10-18,96,5,91
2022-10-18,49,4,45
2022-10-18,26,3,23
2022-10-18,16,8,8
2022-10-18,16,4,12
2022-10-18,19,10,9
2022-10-18,36,21,15
2022-10-18,47,38,9
2022-10-18,95,79,16
2022-10-18,133,116,17
2022-10-18,58,48,10
2022-10-18,32,24,8
2022-10-18,10,6,4
2022-10-18,10,6,4
2022-10-18,6,4,2
2022-10-18,4,4,0
2022-10-19,0,0,0
2022-10-19,1,1,0
2022-10-19,1,0,1
2022-10-19,3,2,1
2022-10-19,5,2,3
2022-10-19,20,2,18
2022-10-19,51,5,46
2022-10-19,74,7,67
2022-10-19,95,3,92
2022-10-19,45,7,38
2022-10-19,23,6,17
2022-10-19,17,5,12
2022-10-19,26,20,6
2022-10-19,28,14,14
2022-10-19,35,20,15
2022-10-19,54,41,13
2022-10-19,65,54,11
2022-10-19,100,83,17
2022-10-19,43,41,2
2022-10-19,29,19,10
2022-10-19,12,7,5
2022-10-19,12,12,0
2022-10-19,8,5,3
2022-10-19,4,3,1
2022-10-20,1,1,0
2022-10-20,3,2,1
2022-10-20,3,1,2
2022-10-20,2,0,2
2022-10-20,5,1,4
2022-10-20,17,2,15
2022-10-20,34,4,30
2022-10-20,41,6,35
2022-10-20,52,0,52
2022-10-20,32,9,23
2022-10-20,11,2,9
2022-10-20,9,3,6
2022-10-20,14,8,6
2022-10-20,7,4,3
2022-10-20,19,10,9
2022-10-20,23,19,4
2022-10-20,48,42,6
2022-10-20,58,50,8
2022-10-20,26,21,5
2022-10-20,22,16,6
2022-10-20,15,11,4
2022-10-20,13,9,4
2022-10-20,7,6,1
2022-10-20,3,3,0
2022-10-21,3,3,0
2022-10-21,1,0,1
2022-10-21,4,2,2
2022-10-21,1,0,1
2022-10-21,7,1,6
2022-10-21,13,3,10
2022-10-21,32,4,28
2022-10-21,46,6,40
2022-10-21,54,3,51
2022-10-21,28,8,20
2022-10-21,20,5,15
2022-10-21,4,1,3
2022-10-21,6,1,5
2022-10-21,10,8,2
2022-10-21,19,11,8
2022-10-21,24,20,4
2022-10-21,48,41,7
2022-10-21,41,34,7
2022-10-21,26,21,5
2022-10-21,9,8,1
2022-10-21,9,8,1
2022-10-21,4,2,2
2022-10-21,11,9,2
2022-10-21,3,2,1
2022-10-22,3,1,2
2022-10-22,1,0,1
2022-10-22,4,2,2
2022-10-22,0,0,0
2022-10-22,4,2,2
2022-10-22,5,0,5
2022-10-22,5,2,3
2022-10-22,15,5,10
2022-10-22,11,2,9
2022-10-22,9,2,7
2022-10-22,16,7,9
2022-10-22,19,8,11
2022-10-22,28,14,14
2022-10-22,19,8,11
2022-10-22,14,10,4
2022-10-22,14,7,7
2022-10-22,20,9,11
2022-10-22,13,6,7
2022-10-22,3,2,1
2022-10-22,15,10,5
2022-10-22,7,4,3
2022-10-22,4,3,1
2022-10-22,2,0,2
2022-10-22,4,3,1
2022-10-23,2,2,0
2022-10-23,4,3,1
2022-10-23,2,1,1
2022-10-23,0,0,0
2022-10-23,2,1,1
2022-10-23,3,1,2
2022-10-23,6,2,4
2022-10-23,9,3,6
2022-10-23,20,4,16
2022-10-23,22,10,12
2022-10-23,34,12,22
2022-10-23,33,14,19
2022-10-23,47,29,18
2022-10-23,46,16,30
2022-10-23,47,26,21
2022-10-23,46,29,17
2022-10-23,30,19,11
2022-10-23,37,25,12
2022-10-23,18,11,7
2022-10-23,10,6,4
2022-10-23,6,5,1
2022-10-23,2,2,0
2022-10-23,5,2,3
2022-10-23,2,0,2
2022-10-24,3,3,0
2022-10-24,0,0,0
2022-10-24,1,1,0
2022-10-24,2,1,1
2022-10-24,8,1,7
2022-10-24,19,3,16
2022-10-24,35,4,31
2022-10-24,48,5,43
2022-10-24,59,1,58
2022-10-24,41,8,33
2022-10-24,13,1,12
2022-10-24,15,4,11
2022-10-24,9,5,4
2022-10-24,18,9,9
2022-10-24,15,9,6
2022-10-24,47,34,13
2022-10-24,62,52,10
2022-10-24,84,74,10
2022-10-24,39,34,5
2022-10-24,18,14,4
2022-10-24,12,10,2
2022-10-24,3,1,2
2022-10-24,7,6,1
2022-10-24,2,2,0
2022-10-25,1,1,0
2022-10-25,2,2,0
2022-10-25,2,0,2
2022-10-25,3,0,3
2022-10-25,7,1,6
2022-10-25,22,8,14
2022-10-25,39,3,36
2022-10-25,71,8,63
2022-10-25,83,3,80
2022-10-25,34,4,30
2022-10-25,15,4,11
2022-10-25,22,5,17
2022-10-25,11,4,7
2022-10-25,9,4,5
2022-10-25,10,5,5
2022-10-25,26,21,5
2022-10-25,60,53,7
2022-10-25,74,73,1
2022-10-25,46,42,4
2022-10-25,21,18,3
2022-10-25,12,11,1
2022-10-25,8,7,1
2022-10-25,2,2,0
2022-10-25,6,4,2
2022-10-26,4,3,1
2022-10-26,2,1,1
2022-10-26,1,0,1
2022-10-26,1,0,1
2022-10-26,7,0,7
2022-10-26,15,2,13
2022-10-26,48,4,44
2022-10-26,67,3,64
2022-10-26,88,6,82
2022-10-26,44,2,42
2022-10-26,29,8,21
2022-10-26,17,9,8
2022-10-26,24,8,16
2022-10-26,20,10,10
2022-10-26,24,11,13
2022-10-26,56,45,11
2022-10-26,86,72,14
2022-10-26,123,103,20
2022-10-26,45,38,7
2022-10-26,29,26,3
2022-10-26,14,12,2
2022-10-26,7,6,1
2022-10-26,3,0,3
2022-10-26,7,6,1
2022-10-27,2,2,0
2022-10-27,3,2,1
2022-10-27,3,0,3
2022-10-27,2,1,1
2022-10-27,2,0,2
2022-10-27,18,3,15
2022-10-27,41,5,36
2022-10-27,56,7,49
2022-10-27,97,4,93
2022-10-27,48,2,46
2022-10-27,21,8,13
2022-10-27,15,4,11
2022-10-27,13,4,9
2022-10-27,18,11,7
2022-10-27,31,16,15
2022-10-27,42,33,9
2022-10-27,62,42,20
2022-10-27,88,77,11
2022-10-27,56,51,5
2022-10-27,38,33,5
2022-10-27,14,10,4
2022-10-27,11,11,0
2022-10-27,6,3,3
2022-10-27,4,3,1
2022-10-28,0,0,0
2022-10-28,2,2,0
2022-10-28,1,0,1
2022-10-28,3,1,2
2022-10-28,7,0,7
2022-10-28,12,1,11
2022-10-28,29,3,26
2022-10-28,34,4,30
2022-10-28,33,3,30
2022-10-28,29,5,24
2022-10-28,20,5,15
2022-10-28,13,0,13
2022-10-28,10,4,6
2022-10-28,15,8,7
2022-10-28,22,12,10
2022-10-28,34,23,11
2022-10-28,55,41,14
2022-10-28,65,55,10
2022-10-28,43,28,15
2022-10-28,12,11,1
2022-10-28,15,10,5
2022-10-28,5,4,1
2022-10-28,5,5,0
2022-10-28,9,7,2
2022-10-29,2,2,0
2022-10-29,3,1,2
2022-10-29,6,5,1
2022-10-29,3,2,1
2022-10-29,3,0,3
2022-10-29,0,0,0
2022-10-29,5,2,3
2022-10-29,6,1,5
2022-10-29,40,17,23
2022-10-29,26,7,19
2022-10-29,41,16,25
2022-10-29,45,23,22
2022-10-29,60,35,25
2022-10-29,35,16,19
2022-10-29,64,30,34
2022-10-29,52,35,17
2022-10-29,43,21,22
2022-10-29,30,18,12
2022-10-29,13,7,6
2022-10-29,9,6,3
2022-10-29,7,5,2
2022-10-29,6,6,0
2022-10-29,5,4,1
2022-10-29,2,1,1
2022-10-30,0,0,0
2022-10-30,3,3,0
2022-10-30,2,2,0
2022-10-30,4,0,4
2022-10-30,4,2,2
2022-10-30,2,0,2
2022-10-30,5,1,4
2022-10-30,3,1,2
2022-10-30,10,1,9
2022-10-30,11,5,6
2022-10-30,14,1,13
2022-10-30,18,8,10
2022-10-30,15,10,5
2022-10-30,15,9,6
2022-10-30,16,5,11
2022-10-30,13,7,6
2022-10-30,22,20,2
2022-10-30,24,21,3
2022-10-30,10,5,5
2022-10-30,8,7,1
2022-10-30,1,0,1
2022-10-30,3,3,0
2022-10-30,2,1,1
2022-10-30,1,1,0
2022-10-31,0,0,0
2022-10-31,0,0,0
2022-10-31,1,0,1
2022-10-31,0,0,0
2022-10-31,9,2,7
2022-10-31,17,3,14
2022-10-31,25,0,25
2022-10-31,33,0,33
2022-10-31,55,4,51
2022-10-31,28,4,24
2022-10-31,18,3,15
2022-10-31,7,3,4
2022-10-31,9,7,2
2022-10-31,11,9,2
2022-10-31,18,11,7
2022-10-31,26,21,5
2022-10-31,69,60,9
2022-10-31,54,49,5
2022-10-31,18,15,3
2022-10-31,15,10,5
2022-10-31,10,8,2
2022-10-31,5,4,1
2022-10-31,3,0,3
2022-10-31,4,2,2
2022-11-01,3,2,1
2022-11-01,2,2,0
2022-11-01,3,1,2
2022-11-01,1,0,1
2022-11-01,4,0,4
2022-11-01,23,3,20
2022-11-01,43,7,36
2022-11-01,63,2,61
2022-11-01,89,6,83
2022-11-01,39,4,35
2022-11-01,30,11,19
2022-11-01,18,3,15
2022-11-01,24,8,16
2022-11-01,18,8,10
2022-11-01,34,19,15
2022-11-01,49,37,12
2022-11-01,72,64,8
2022-11-01,103,96,7
2022-11-01,55,44,11
2022-11-01,21,18,3
2022-11-01,10,8,2
2022-11-01,12,10,2
2022-11-01,4,4,0
2022-11-01,2,2,0
2022-11-02,1,1,0
2022-11-02,2,1,1
2022-11-02,1,1,0
2022-11-02,2,1,1
2022-11-02,5,0,5
2022-11-02,18,3,15
2022-11-02,40,4,36
2022-11-02,38,5,33
2022-11-02,82,3,79
2022-11-02,38,3,35
2022-11-02,24,3,21
2022-11-02,15,5,10
2022-11-02,21,13,8
2022-11-02,7,2,5
2022-11-02,19,14,5
2022-11-02,46,37,9
2022-11-02,72,54,18
2022-11-02,83,76,7
2022-11-02,40,38,2
2022-11-02,21,17,4
2022-11-02,16,14,2
2022-11-02,11,8,3
2022-11-02,6,3,3
2022-11-02,0,0,0
2022-11-03,1,1,0
2022-11-03,1,1,0
2022-11-03,2,2,0
2022-11-03,1,0,1
2022-11-03,4,0,4
2022-11-03,19,3,16
2022-11-03,28,3,25
2022-11-03,54,6,48
2022-11-03,77,4,73
2022-11-03,40,7,33
2022-11-03,20,4,16
2022-11-03,16,8,8
2022-11-03,13,6,7
2022-11-03,11,7,4
2022-11-03,17,10,7
2022-11-03,27,19,8
2022-11-03,44,37,7
2022-11-03,60,58,2
2022-11-03,37,32,5
2022-11-03,13,11,2
2022-11-03,8,7,1
2022-11-03,4,4,0
2022-11-03,2,2,0
2022-11-03,2,2,0
2022-11-04,1,1,0
2022-11-04,2,2,0
2022-11-04,2,1,1
2022-11-04,0,0,0
2022-11-04,3,0,3
2022-11-04,14,2,12
2022-11-04,20,4,16
2022-11-04,22,3,19
2022-11-04,36,3,33
2022-11-04,12,2,10
2022-11-04,10,2,8
2022-11-04,12,1,11
2022-11-04,4,3,1
2022-11-04,4,2,2
2022-11-04,13,6,7
2022-11-04,16,12,4
2022-11-04,25,23,2
2022-11-04,31,30,1
2022-11-04,21,17,4
2022-11-04,11,8,3
2022-11-04,7,4,3
2022-11-04,2,1,1
2022-11-04,3,3,0
2022-11-04,7,4,3
2022-11-05,4,3,1
2022-11-05,2,1,1
2022-11-05,3,2,1
2022-11-05,3,1,2
2022-11-05,6,3,3
2022-11-05,3,1,2
2022-11-05,6,2,4
2022-11-05,2,1,1
2022-11-05,26,8,18
2022-11-05,22,12,10
2022-11-05,31,11,20
2022-11-05,36,19,17
2022-11-05,42,18,24
2022-11-05,38,23,15
2022-11-05,56,34,22
2022-11-05,44,23,21
2022-11-05,36,17,19
2022-11-05,22,14,8
2022-11-05,9,5,4
2022-11-05,7,6,1
2022-11-05,11,3,8
2022-11-05,5,4,1
2022-11-05,8,4,4
2022-11-05,3,2,1
2022-11-06,3,2,1
2022-11-06,3,3,0
2022-11-06,2,2,0
2022-11-06,0,0,0
2022-11-06,1,0,1
2022-11-06,1,0,1
2022-11-06,2,0,2
2022-11-06,3,0,3
2022-11-06,1,0,1
2022-11-06,4,0,4
2022-11-06,13,4,9
2022-11-06,21,16,5
2022-11-06,21,12,9
2022-11-06,25,10,15
2022-11-06,15,7,8
2022-11-06,14,10,4
2022-11-06,11,7,4
2022-11-06,17,7,10
2022-11-06,5,5,0
2022-11-06,4,4,0
2022-11-06,0,0,0
2022-11-06,4,2,2
2022-11-06,2,2,0
2022-11-06,0,0,0
2022-11-07,4,2,2
2022-11-07,2,0,2
2022-11-07,1,0,1
2022-11-07,0,0,0
2022-11-07,2,0,2
2022-11-07,19,4,15
2022-11-07,37,4,33
2022-11-07,37,3,34
2022-11-07,66,2,64
2022-11-07,28,1,27
2022-11-07,9,4,5
2022-11-07,7,2,5
2022-11-07,9,3,6
2022-11-07,12,7,5
2022-11-07,21,16,5
2022-11-07,20,16,4
2022-11-07,48,43,5
2022-11-07,51,50,1
2022-11-07,27,26,1
2022-11-07,13,11,2
2022-11-07,6,6,0
2022-11-07,4,2,2
2022-11-07,1,1,0
2022-11-07,1,0,1
2022-11-08,0,0,0
2022-11-08,0,0,0
2022-11-08,2,1,1
2022-11-08,2,1,1
2022-11-08,2,0,2
2022-11-08,18,3,15
2022-11-08,37,4,33
2022-11-08,64,4,60
2022-11-08,82,9,73
2022-11-08,41,3,38
2022-11-08,12,2,10
2022-11-08,14,2,12
2022-11-08,13,3,10
2022-11-08,15,6,9
2022-11-08,27,15,12
2022-11-08,54,41,13
2022-11-08,93,84,9
2022-11-08,86,77,9
2022-11-08,42,35,7
2022-11-08,19,15,4
2022-11-08,7,6,1
2022-11-08,8,7,1
2022-11-08,2,2,0
2022-11-08,4,2,2
2022-11-09,4,3,1
2022-11-09,0,0,0
2022-11-09,0,0,0
2022-11-09,1,0,1
2022-11-09,2,1,1
2022-11-09,18,6,12
2022-11-09,40,3,37
2022-11-09,62,4,58
2022-11-09,70,3,67
2022-11-09,38,10,28
2022-11-09,15,4,11
2022-11-09,20,12,8
2022-11-09,15,6,9
2022-11-09,19,9,10
2022-11-09,25,14,11
2022-11-09,47,37,10
2022-11-09,69,57,12
2022-11-09,77,70,7
2022-11-09,41,35,6
2022-11-09,19,15,4
2022-11-09,12,10,2
2022-11-09,5,5,0
2022-11-09,4,4,0
2022-11-09,2,2,0
2022-11-10,3,3,0
2022-11-10,4,2,2
2022-11-10,1,1,0
2022-11-10,1,0,1
2022-11-10,3,0,3
2022-11-10,16,2,14
2022-11-10,39,5,34
2022-11-10,60,1,59
2022-11-10,69,4,65
2022-11-10,30,2,28
2022-11-10,23,4,19
2022-11-10,19,7,12
2022-11-10,23,13,10
2022-11-10,12,4,8
2022-11-10,21,13,8
2022-11-10,32,24,8
2022-11-10,72,63,9
2022-11-10,72,64,8
2022-11-10,31,26,5
2022-11-10,22,20,2
2022-11-10,12,10,2
2022-11-10,6,4,2
2022-11-10,11,10,1
2022-11-10,4,2,2
2022-11-11,0,0,0
2022-11-11,3,3,0
2022-11-11,1,0,1
2022-11-11,2,1,1
2022-11-11,7,1,6
2022-11-11,12,2,10
2022-11-11,22,3,19
2022-11-11,24,3,21
2022-11-11,35,4,31
2022-11-11,21,2,19
2022-11-11,18,4,14
2022-11-11,27,7,20
2022-11-11,18,9,9
2022-11-11,28,20,8
2022-11-11,20,9,11
2022-11-11,28,17,11
2022-11-11,34,30,4
2022-11-11,40,34,6
2022-11-11,20,19,1
2022-11-11,15,14,1
2022-11-11,5,3,2
2022-11-11,3,2,1
2022-11-11,4,0,4
2022-11-11,3,3,0
2022-11-12,0,0,0
2022-11-12,3,0,3
2022-11-12,1,1,0
2022-11-12,1,1,0
2022-11-12,1,0,1
2022-11-12,4,0,4
2022-11-12,4,1,3
2022-11-12,3,1,2
2022-11-12,20,4,16
2022-11-12,24,9,15
2022-11-12,40,14,26
2022-11-12,37,16,21
2022-11-12,40,20,20
2022-11-12,47,33,14
2022-11-12,42,19,23
2022-11-12,34,19,15
2022-11-12,41,19,22
2022-11-12,20,13,7
2022-11-12,18,6,12
2022-11-12,9,6,3
2022-11-12,8,7,1
2022-11-12,6,3,3
2022-11-12,1,0,1
2022-11-12,8,4,4
2022-11-13,1,1,0
2022-11-13,2,2,0
2022-11-13,4,4,0
2022-11-13,0,0,0
2022-11-13,3,1,2
2022-11-13,3,1,2
2022-11-13,4,1,3
2022-11-13,6,0,6
2022-11-13,14,8,6
2022-11-13,16,9,7
2022-11-13,34,13,21
2022-11-13,31,13,18
2022-11-13,34,17,17
2022-11-13,42,18,24
2022-11-13,54,38,16
2022-11-13,46,28,18
2022-11-13,37,17,20
2022-11-13,11,10,1
2022-11-13,6,1,5
2022-11-13,8,3,5
2022-11-13,12,8,4
2022-11-13,1,1,0
2022-11-13,2,1,1
2022-11-13,2,2,0
2022-11-14,1,0,1
2022-11-14,0,0,0
2022-11-14,2,1,1
2022-11-14,1,1,0
2022-11-14,2,0,2
2022-11-14,20,4,16
2022-11-14,36,3,33
2022-11-14,58,3,55
2022-11-14,73,7,66
2022-11-14,42,4,38
2022-11-14,22,8,14
2022-11-14,17,7,10
2022-11-14,17,10,7
2022-11-14,20,11,9
2022-11-14,30,13,17
2022-11-14,33,23,10
2022-11-14,74,67,7
2022-11-14,102,91,11
2022-11-14,20,19,1
2022-11-14,19,17,2
2022-11-14,5,5,0
2022-11-14,6,5,1
2022-11-14,7,3,4
2022-11-14,1,1,0
2022-11-15,2,2,0
2022-11-15,2,0,2
2022-11-15,1,0,1
2022-11-15,0,0,0
2022-11-15,0,0,0
2022-11-15,21,3,18
2022-11-15,38,3,35
2022-11-15,73,2,71
2022-11-15,95,4,91
2022-11-15,36,9,27
2022-11-15,27,5,22
2022-11-15,16,4,12
2022-11-15,14,7,7
2022-11-15,32,15,17
2022-11-15,41,24,17
2022-11-15,51,40,11
2022-11-15,92,78,14
2022-11-15,92,87,5
2022-11-15,35,30,5
2022-11-15,19,15,4
2022-11-15,14,12,2
2022-11-15,12,10,2
2022-11-15,4,3,1
2022-11-15,4,2,2
2022-11-16,3,3,0
2022-11-16,2,1,1
2022-11-16,1,0,1
2022-11-16,0,0,0
2022-11-16,4,2,2
2022-11-16,16,2,14
2022-11-16,28,4,24
2022-11-16,73,5,68
2022-11-16,69,4,65
2022-11-16,39,5,34
2022-11-16,28,8,20
2022-11-16,13,3,10
2022-11-16,21,11,10
2022-11-16,33,19,14
2022-11-16,26,9,17
2022-11-16,51,38,13
2022-11-16,70,63,7
2022-11-16,67,60,7
2022-11-16,36,34,2
2022-11-16,24,22,2
2022-11-16,8,7,1
2022-11-16,10,7,3
2022-11-16,10,7,3
2022-11-16,0,0,0
2022-11-17,2,2,0
2022-11-17,3,1,2
2022-11-17,1,0,1
2022-11-17,0,0,0
2022-11-17,1,0,1
2022-11-17,19,2,17
2022-11-17,37,4,33
2022-11-17,59,3,56
2022-11-17,92,8,84
2022-11-17,40,8,32
2022-11-17,24,7,17
2022-11-17,24,3,21
2022-11-17,27,12,15
2022-11-17,33,21,12
2022-11-17,19,14,5
2022-11-17,54,39,15
2022-11-17,82,69,13
2022-11-17,81,76,5
2022-11-17,32,27,5
2022-11-17,21,17,4
2022-11-17,4,3,1
2022-11-17,18,14,4
2022-11-17,4,3,1
2022-11-17,3,2,1
2022-11-18,1,1,0
2022-11-18,5,2,3
2022-11-18,0,0,0
2022-11-18,1,0,1
2022-11-18,3,1,2
2022-11-18,12,2,10
2022-11-18,25,2,23
2022-11-18,44,2,42
2022-11-18,47,3,44
2022-11-18,31,3,28
2022-11-18,14,5,9
2022-11-18,14,3,11
2022-11-18,26,13,13
2022-11-18,20,11,9
2022-11-18,30,23,7
2022-11-18,55,34,21
2022-11-18,46,38,8
2022-11-18,56,52,4
2022-11-18,32,27,5
2022-11-18,13,11,2
2022-11-18,16,13,3
2022-11-18,5,5,0
2022-11-18,6,2,4
2022-11-18,4,3,1
2022-11-19,4,1,3
2022-11-19,1,0,1
2022-11-19,2,2,0
2022-11-19,1,0,1
2022-11-19,1,0,1
2022-11-19,4,0,4
2022-11-19,3,2,1
2022-11-19,6,1,5
2022-11-19,20,6,14
2022-11-19,24,8,16
2022-11-19,24,13,11
2022-11-19,33,14,19
2022-11-19,50,17,33
2022-11-19,49,27,22
2022-11-19,48,25,23
2022-11-19,41,25,16
2022-11-19,30,21,9
2022-11-19,20,10,10
2022-11-19,12,7,5
2022-11-19,8,7,1
2022-11-19,3,0,3
2022-11-19,5,5,0
2022-11-19,5,5,0
2022-11-19,1,0,1
2022-11-20,1,1,0
2022-11-20,2,1,1
2022-11-20,0,0,0
2022-11-20,0,0,0
2022-11-20,2,0,2
2022-11-20,6,3,3
2022-11-20,1,0,1
2022-11-20,6,2,4
2022-11-20,15,5,10
2022-11-20,14,2,12
2022-11-20,27,10,17
2022-11-20,30,14,16
2022-11-20,29,12,17
2022-11-20,52,25,27
2022-11-20,28,15,13
2022-11-20,55,35,20
2022-11-20,24,19,5
2022-11-20,11,6,5
2022-11-20,6,5,1
2022-11-20,7,5,2
2022-11-20,5,2,3
2022-11-20,2,2,0
2022-11-20,2,1,1
2022-11-20,0,0,0
2022-11-21,1,1,0
2022-11-21,1,0,1
2022-11-21,1,0,1
2022-11-21,0,0,0
2022-11-21,3,0,3
2022-11-21,13,2,11
2022-11-21,34,3,31
2022-11-21,50,4,46
2022-11-21,70,1,69
2022-11-21,34,5,29
2022-11-21,25,3,22
2022-11-21,12,5,7
2022-11-21,14,8,6
2022-11-21,18,12,6
2022-11-21,24,14,10
2022-11-21,36,25,11
2022-11-21,66,55,11
2022-11-21,63,57,6
2022-11-21,39,37,2
2022-11-21,15,12,3
2022-11-21,8,7,1
2022-11-21,9,7,2
2022-11-21,5,2,3
2022-11-21,6,4,2
2022-11-22,2,1,1
2022-11-22,0,0,0
2022-11-22,1,0,1
2022-11-22,2,0,2
2022-11-22,3,0,3
2022-11-22,12,1,11
2022-11-22,25,1,24
2022-11-22,36,3,33
2022-11-22,27,0,27
2022-11-22,18,5,13
2022-11-22,4,0,4
2022-11-22,6,3,3
2022-11-22,8,4,4
2022-11-22,5,4,1
2022-11-22,9,4,5
2022-11-22,20,18,2
2022-11-22,27,22,5
2022-11-22,38,34,4
2022-11-22,18,15,3
2022-11-22,11,10,1
2022-11-22,7,6,1
2022-11-22,7,6,1
2022-11-22,0,0,0
2022-11-22,3,3,0
2022-11-23,1,1,0
2022-11-23,0,0,0
2022-11-23,2,0,2
2022-11-23,0,0,0
2022-11-23,5,1,4
2022-11-23,7,0,7
2022-11-23,27,2,25
2022-11-23,28,1,27
2022-11-23,49,5,44
2022-11-23,18,4,14
2022-11-23,21,11,10
2022-11-23,26,13,13
2022-11-23,16,6,10
2022-11-23,20,12,8
2022-11-23,37,26,11
2022-11-23,51,34,17
2022-11-23,32,29,3
2022-11-23,36,28,8
2022-11-23,12,10,2
2022-11-23,12,8,4
2022-11-23,8,5,3
2022-11-23,5,5,0
2022-11-23,3,3,0
2022-11-23,4,2,2
2022-11-24,1,1,0
2022-11-24,1,1,0
2022-11-24,2,0,2
2022-11-24,1,1,0
2022-11-24,3,0,3
2022-11-24,1,1,0
2022-11-24,3,0,3
2022-11-24,4,2,2
2022-11-24,9,2,7
2022-11-24,18,2,16
2022-11-24,14,6,8
2022-11-24,30,23,7
2022-11-24,37,17,20
2022-11-24,39,25,14
2022-11-24,20,15,5
2022-11-24,15,7,8
2022-11-24,10,3,7
2022-11-24,11,8,3
2022-11-24,2,1,1
2022-11-24,2,1,1
2022-11-24,6,1,5
2022-11-24,2,1,1
2022-11-24,3,0,3
2022-11-24,1,0,1
2022-11-25,1,1,0
2022-11-25,4,3,1
2022-11-25,3,0,3
2022-11-25,2,1,1
2022-11-25,2,0,2
2022-11-25,4,0,4
2022-11-25,7,1,6
2022-11-25,8,2,6
2022-11-25,9,3,6
2022-11-25,5,1,4
2022-11-25,7,2,5
2022-11-25,10,6,4
2022-11-25,7,2,5
2022-11-25,2,2,0
2022-11-25,8,4,4
2022-11-25,9,9,0
2022-11-25,9,7,2
2022-11-25,8,4,4
2022-11-25,6,6,0
2022-11-25,1,1,0
2022-11-25,5,4,1
2022-11-25,3,2,1
2022-11-25,3,2,1
2022-11-25,1,1,0
2022-11-26,1,1,0
2022-11-26,3,3,0
2022-11-26,0,0,0
2022-11-26,2,0,2
2022-11-26,2,1,1
2022-11-26,5,1,4
2022-11-26,3,1,2
2022-11-26,2,1,1
2022-11-26,6,0,6
2022-11-26,13,3,10
2022-11-26,13,4,9
2022-11-26,24,13,11
2022-11-26,30,21,9
2022-11-26,34,19,15
2022-11-26,31,15,16
2022-11-26,12,5,7
2022-11-26,16,12,4
2022-11-26,4,2,2
2022-11-26,15,14,1
2022-11-26,0,0,0
2022-11-26,2,2,0
2022-11-26,2,2,0
2022-11-26,5,2,3
2022-11-26,1,1,0
2022-11-27,0,0,0
2022-11-27,0,0,0
2022-11-27,1,1,0
2022-11-27,0,0,0
2022-11-27,1,0,1
2022-11-27,2,0,2
2022-11-27,2,1,1
2022-11-27,4,0,4
2022-11-27,3,2,1
2022-11-27,14,7,7
2022-11-27,18,7,11
2022-11-27,38,20,18
2022-11-27,24,14,10
2022-11-27,20,10,10
2022-11-27,28,17,11
2022-11-27,24,15,9
2022-11-27,24,11,13
2022-11-27,22,18,4
2022-11-27,6,2,4
2022-11-27,5,3,2
2022-11-27,3,3,0
2022-11-27,8,7,1
2022-11-27,1,0,1
2022-11-27,2,1,1
2022-11-28,1,0,1
2022-11-28,1,0,1
2022-11-28,0,0,0
2022-11-28,1,0,1
2022-11-28,2,0,2
2022-11-28,15,4,11
2022-11-28,34,5,29
2022-11-28,44,2,42
2022-11-28,60,5,55
2022-11-28,36,1,35
2022-11-28,12,5,7
2022-11-28,20,9,11
2022-11-28,15,5,10
2022-11-28,8,5,3
2022-11-28,17,12,5
2022-11-28,40,26,14
2022-11-28,61,51,10
2022-11-28,58,54,4
2022-11-28,37,35,2
2022-11-28,11,10,1
2022-11-28,6,6,0
2022-11-28,9,5,4
2022-11-28,3,1,2
2022-11-28,0,0,0
2022-11-29,1,1,0
2022-11-29,0,0,0
2022-11-29,0,0,0
2022-11-29,1,1,0
2022-11-29,2,0,2
2022-11-29,10,2,8
2022-11-29,20,4,16
2022-11-29,26,2,24
2022-11-29,29,1,28
2022-11-29,9,0,9
2022-11-29,6,2,4
2022-11-29,3,1,2
2022-11-29,6,4,2
2022-11-29,2,2,0
2022-11-29,8,4,4
2022-11-29,9,7,2
2022-11-29,30,27,3
2022-11-29,27,25,2
2022-11-29,10,7,3
2022-11-29,5,5,0
2022-11-29,4,3,1
2022-11-29,3,3,0
2022-11-29,1,1,0
2022-11-29,0,0,0
2022-11-30,1,1,0
2022-11-30,1,0,1
2022-11-30,1,1,0
2022-11-30,0,0,0
2022-11-30,1,0,1
2022-11-30,6,2,4
2022-11-30,31,5,26
2022-11-30,17,1,16
2022-11-30,52,0,52
2022-11-30,24,0,24
2022-11-30,12,3,9
2022-11-30,10,1,9
2022-11-30,4,3,1
2022-11-30,10,8,2
2022-11-30,11,5,6
2022-11-30,26,20,6
2022-11-30,31,29,2
2022-11-30,37,36,1
2022-11-30,17,16,1
2022-11-30,10,8,2
2022-11-30,7,4,3
2022-11-30,2,2,0
2022-11-30,4,3,1
2022-11-30,2,2,0
2022-12-01,0,0,0
2022-12-01,1,1,0
2022-12-01,0,0,0
2022-12-01,0,0,0
2022-12-01,1,0,1
2022-12-01,3,0,3
2022-12-01,16,1,15
2022-12-01,12,1,11
2022-12-01,21,1,20
2022-12-01,13,0,13
2022-12-01,8,1,7
2022-12-01,5,0,5
2022-12-01,7,3,4
2022-12-01,10,6,4
2022-12-01,7,1,6
2022-12-01,18,15,3
2022-12-01,17,12,5
2022-12-01,28,27,1
2022-12-01,16,12,4
2022-12-01,5,4,1
2022-12-01,5,4,1
2022-12-01,3,2,1
2022-12-01,2,1,1
2022-12-01,1,1,0
2022-12-02,0,0,0
2022-12-02,3,3,0
2022-12-02,0,0,0
2022-12-02,0,0,0
2022-12-02,2,0,2
2022-12-02,4,0,4
2022-12-02,10,1,9
2022-12-02,7,2,5
2022-12-02,13,2,11
2022-12-02,5,1,4
2022-12-02,9,2,7
2022-12-02,7,1,6
2022-12-02,1,0,1
2022-12-02,7,4,3
2022-12-02,10,8,2
2022-12-02,20,13,7
2022-12-02,14,9,5
2022-12-02,9,7,2
2022-12-02,13,10,3
2022-12-02,2,2,0
2022-12-02,5,2,3
2022-12-02,4,2,2
2022-12-02,0,0,0
2022-12-02,4,4,0
2022-12-03,1,1,0
2022-12-03,2,1,1
2022-12-03,1,1,0
2022-12-03,0,0,0
2022-12-03,1,0,1
2022-12-03,4,1,3
2022-12-03,1,1,0
2022-12-03,0,0,0
2022-12-03,1,1,0
2022-12-03,18,8,10
2022-12-03,19,14,5
2022-12-03,6,4,2
2022-12-03,23,2,21
2022-12-03,27,17,10
2022-12-03,16,11,5
2022-12-03,16,4,12
2022-12-03,12,4,8
2022-12-03,5,4,1
2022-12-03,7,5,2
2022-12-03,2,0,2
2022-12-03,2,2,0
2022-12-03,3,3,0
2022-12-03,3,2,1
2022-12-03,2,2,0
2022-12-04,0,0,0
2022-12-04,1,0,1
2022-12-04,0,0,0
2022-12-04,1,1,0
2022-12-04,3,1,2
2022-12-04,1,1,0
2022-12-04,1,0,1
2022-12-04,1,1,0
2022-12-04,5,4,1
2022-12-04,5,2,3
2022-12-04,1,1,0
2022-12-04,3,1,2
2022-12-04,4,3,1
2022-12-04,5,4,1
2022-12-04,0,0,0
2022-12-04,1,1,0
2022-12-04,1,1,0
2022-12-04,0,0,0
2022-12-04,1,1,0
2022-12-04,0,0,0
2022-12-04,1,1,0
2022-12-04,0,0,0
2022-12-04,0,0,0
2022-12-04,0,0,0
2022-12-05,1,0,1
2022-12-05,0,0,0
2022-12-05,0,0,0
2022-12-05,1,1,0
2022-12-05,2,0,2
2022-12-05,6,2,4
2022-12-05,21,2,19
2022-12-05,15,2,13
2022-12-05,39,2,37
2022-12-05,27,6,21
2022-12-05,16,5,11
2022-12-05,13,5,8
2022-12-05,8,4,4
2022-12-05,11,8,3
2022-12-05,15,6,9
2022-12-05,29,22,7
2022-12-05,30,25,5
2022-12-05,34,30,4
2022-12-05,24,22,2
2022-12-05,10,9,1
2022-12-05,3,3,0
2022-12-05,4,2,2
2022-12-05,4,1,3
2022-12-05,2,2,0
2022-12-06,2,1,1
2022-12-06,1,0,1
2022-12-06,0,0,0
2022-12-06,0,0,0
2022-12-06,1,0,1
2022-12-06,11,3,8
2022-12-06,28,3,25
2022-12-06,39,1,38
2022-12-06,48,3,45
2022-12-06,27,1,26
2022-12-06,12,2,10
2022-12-06,13,5,8
2022-12-06,11,2,9
2022-12-06,12,9,3
2022-12-06,20,13,7
2022-12-06,26,20,6
2022-12-06,37,34,3
2022-12-06,55,49,6
2022-12-06,30,27,3
2022-12-06,11,9,2
2022-12-06,12,9,3
2022-12-06,8,8,0
2022-12-06,3,3,0
2022-12-06,1,0,1
2022-12-07,1,1,0
2022-12-07,6,2,4
2022-12-07,0,0,0
2022-12-07,1,1,0
2022-12-07,1,0,1
2022-12-07,14,3,11
2022-12-07,34,2,32
2022-12-07,54,4,50
2022-12-07,54,4,50
2022-12-07,39,3,36
2022-12-07,17,4,13
2022-12-07,16,5,11
2022-12-07,12,6,6
2022-12-07,17,9,8
2022-12-07,19,12,7
2022-12-07,36,29,7
2022-12-07,58,53,5
2022-12-07,66,58,8
2022-12-07,34,28,6
2022-12-07,19,17,2
2022-12-07,11,9,2
2022-12-07,5,3,2
2022-12-07,4,3,1
2022-12-07,3,3,0
2022-12-08,3,2,1
2022-12-08,1,0,1
2022-12-08,0,0,0
2022-12-08,0,0,0
2022-12-08,2,1,1
2022-12-08,8,2,6
2022-12-08,24,1,23
2022-12-08,36,3,33
2022-12-08,36,1,35
2022-12-08,26,3,23
2022-12-08,11,5,6
2022-12-08,6,3,3
2022-12-08,10,6,4
2022-12-08,13,9,4
2022-12-08,13,7,6
2022-12-08,21,16,5
2022-12-08,31,28,3
2022-12-08,45,42,3
2022-12-08,23,19,4
2022-12-08,15,12,3
2022-12-08,7,5,2
2022-12-08,2,2,0
2022-12-08,4,2,2
2022-12-08,1,1,0
2022-12-09,1,1,0
2022-12-09,0,0,0
2022-12-09,1,1,0
2022-12-09,0,0,0
2022-12-09,1,0,1
2022-12-09,12,2,10
2022-12-09,21,3,18
2022-12-09,16,3,13
2022-12-09,40,2,38
2022-12-09,23,4,19
2022-12-09,10,1,9
2022-12-09,7,2,5
2022-12-09,12,5,7
2022-12-09,11,9,2
2022-12-09,13,6,7
2022-12-09,18,12,6
2022-12-09,22,18,4
2022-12-09,28,23,5
2022-12-09,15,12,3
2022-12-09,5,4,1
2022-12-09,3,3,0
2022-12-09,3,3,0
2022-12-09,0,0,0
2022-12-09,2,2,0
2022-12-10,2,2,0
2022-12-10,3,3,0
2022-12-10,1,1,0
2022-12-10,0,0,0
2022-12-10,1,0,1
2022-12-10,2,0,2
2022-12-10,7,0,7
2022-12-10,1,0,1
2022-12-10,7,1,6
2022-12-10,12,6,6
2022-12-10,8,4,4
2022-12-10,11,6,5
2022-12-10,10,8,2
2022-12-10,5,3,2
2022-12-10,8,5,3
2022-12-10,3,1,2
2022-12-10,6,6,0
2022-12-10,5,3,2
2022-12-10,6,4,2
2022-12-10,3,1,2
2022-12-10,0,0,0
2022-12-10,3,2,1
2022-12-10,0,0,0
2022-12-10,3,2,1
2022-12-11,1,0,1
2022-12-11,1,1,0
2022-12-11,3,3,0
2022-12-11,0,0,0
2022-12-11,1,0,1
2022-12-11,1,1,0
2022-12-11,3,1,2
2022-12-11,3,1,2
2022-12-11,6,4,2
2022-12-11,21,4,17
2022-12-11,13,6,7
2022-12-11,18,8,10
2022-12-11,22,12,10
2022-12-11,17,9,8
2022-12-11,19,10,9
2022-12-11,15,10,5
2022-12-11,21,18,3
2022-12-11,11,7,4
2022-12-11,4,2,2
2022-12-11,3,2,1
2022-12-11,2,1,1
2022-12-11,4,0,4
2022-12-11,1,1,0
2022-12-11,2,1,1
2022-12-12,2,1,1
2022-12-12,1,1,0
2022-12-12,1,0,1
2022-12-12,2,1,1
2022-12-12,3,0,3
2022-12-12,14,3,11
2022-12-12,32,4,28
2022-12-12,29,6,23
2022-12-12,42,1,41
2022-12-12,24,3,21
2022-12-12,15,3,12
2022-12-12,4,1,3
2022-12-12,11,4,7
2022-12-12,8,6,2
2022-12-12,19,8,11
2022-12-12,25,19,6
2022-12-12,40,32,8
2022-12-12,59,56,3
2022-12-12,23,22,1
2022-12-12,13,12,1
2022-12-12,8,6,2
2022-12-12,1,1,0
2022-12-12,2,1,1
2022-12-12,0,0,0
2022-12-13,0,0,0
2022-12-13,1,0,1
2022-12-13,0,0,0
2022-12-13,1,1,0
2022-12-13,1,0,1
2022-12-13,12,2,10
2022-12-13,32,3,29
2022-12-13,47,3,44
2022-12-13,62,2,60
2022-12-13,24,2,22
2022-12-13,17,5,12
2022-12-13,17,5,12
2022-12-13,21,9,12
2022-12-13,11,5,6
2022-12-13,19,11,8
2022-12-13,25,20,5
2022-12-13,46,39,7
2022-12-13,66,60,6
2022-12-13,43,38,5
2022-12-13,17,13,4
2022-12-13,11,9,2
2022-12-13,7,4,3
2022-12-13,6,5,1
2022-12-13,4,4,0
2022-12-14,4,4,0
2022-12-14,0,0,0
2022-12-14,0,0,0
2022-12-14,0,0,0
2022-12-14,6,0,6
2022-12-14,14,3,11
2022-12-14,44,8,36
2022-12-14,44,3,41
2022-12-14,67,3,64
2022-12-14,35,5,30
2022-12-14,16,3,13
2022-12-14,14,5,9
2022-12-14,13,3,10
2022-12-14,16,10,6
2022-12-14,14,8,6
2022-12-14,33,27,6
2022-12-14,58,53,5
2022-12-14,64,52,12
2022-12-14,41,36,5
2022-12-14,21,19,2
2022-12-14,6,5,1
2022-12-14,5,3,2
2022-12-14,7,6,1
2022-12-14,4,3,1
2022-12-15,1,1,0
2022-12-15,1,0,1
2022-12-15,2,1,1
2022-12-15,2,1,1
2022-12-15,3,0,3
2022-12-15,11,3,8
2022-12-15,28,4,24
2022-12-15,36,2,34
2022-12-15,61,4,57
2022-12-15,26,2,24
2022-12-15,11,3,8
2022-12-15,14,6,8
2022-12-15,20,7,13
2022-12-15,22,12,10
2022-12-15,24,16,8
2022-12-15,33,23,10
2022-12-15,63,44,19
2022-12-15,52,45,7
2022-12-15,29,23,6
2022-12-15,18,14,4
2022-12-15,20,17,3
2022-12-15,16,16,0
2022-12-15,2,2,0
2022-12-15,2,1,1
2022-12-16,2,2,0
2022-12-16,2,1,1
2022-12-16,2,2,0
2022-12-16,2,0,2
2022-12-16,1,0,1
2022-12-16,12,3,9
2022-12-16,27,3,24
2022-12-16,27,5,22
2022-12-16,34,3,31
2022-12-16,15,2,13
2022-12-16,18,5,13
2022-12-16,17,8,9
2022-12-16,12,5,7
2022-12-16,23,17,6
2022-12-16,24,12,12
2022-12-16,42,32,10
2022-12-16,44,32,12
2022-12-16,42,37,5
2022-12-16,20,14,6
2022-12-16,8,4,4
2022-12-16,6,4,2
2022-12-16,3,3,0
2022-12-16,1,0,1
2022-12-16,3,3,0
2022-12-17,1,1,0
2022-12-17,2,1,1
2022-12-17,1,0,1
2022-12-17,0,0,0
2022-12-17,6,5,1
2022-12-17,7,2,5
2022-12-17,2,0,2
2022-12-17,3,0,3
2022-12-17,5,0,5
2022-12-17,7,3,4
2022-12-17,10,8,2
2022-12-17,11,5,6
2022-12-17,8,1,7
2022-12-17,10,5,5
2022-12-17,12,6,6
2022-12-17,9,7,2
2022-12-17,12,7,5
2022-12-17,10,5,5
2022-12-17,2,2,0
2022-12-17,4,3,1
2022-12-17,1,1,0
2022-12-17,4,2,2
2022-12-17,2,2,0
2022-12-17,1,1,0
2022-12-18,0,0,0
2022-12-18,1,1,0
2022-12-18,2,2,0
2022-12-18,0,0,0
2022-12-18,4,2,2
2022-12-18,1,0,1
2022-12-18,6,2,4
2022-12-18,4,0,4
2022-12-18,3,0,3
2022-12-18,6,2,4
2022-12-18,9,1,8
2022-12-18,10,3,7
2022-12-18,12,9,3
2022-12-18,20,13,7
2022-12-18,20,12,8
2022-12-18,11,3,8
2022-12-18,11,6,5
2022-12-18,3,3,0
2022-12-18,1,1,0
2022-12-18,4,3,1
2022-12-18,0,0,0
2022-12-18,0,0,0
2022-12-18,0,0,0
2022-12-18,0,0,0
2022-12-19,0,0,0
2022-12-19,0,0,0
2022-12-19,0,0,0
2022-12-19,1,0,1
2022-12-19,3,1,2
2022-12-19,4,1,3
2022-12-19,12,3,9
2022-12-19,6,0,6
2022-12-19,6,1,5
2022-12-19,6,1,5
2022-12-19,6,2,4
2022-12-19,4,1,3
2022-12-19,4,2,2
2022-12-19,3,0,3
2022-12-19,2,1,1
2022-12-19,11,7,4
2022-12-19,12,8,4
2022-12-19,11,10,1
2022-12-19,5,5,0
2022-12-19,4,4,0
2022-12-19,1,1,0
2022-12-19,3,1,2
2022-12-19,2,2,0
2022-12-19,2,2,0
2022-12-20,1,1,0
2022-12-20,1,1,0
2022-12-20,1,1,0
2022-12-20,0,0,0
2022-12-20,1,0,1
2022-12-20,2,0,2
2022-12-20,7,2,5
2022-12-20,7,0,7
2022-12-20,5,1,4
2022-12-20,9,1,8
2022-12-20,3,3,0
2022-12-20,2,1,1
2022-12-20,11,8,3
2022-12-20,2,2,0
2022-12-20,0,0,0
2022-12-20,7,7,0
2022-12-20,7,6,1
2022-12-20,5,5,0
2022-12-20,2,1,1
2022-12-20,1,1,0
2022-12-20,0,0,0
2022-12-20,2,1,1
2022-12-20,1,1,0
2022-12-20,0,0,0
2022-12-21,0,0,0
2022-12-21,1,0,1
2022-12-21,1,1,0
2022-12-21,0,0,0
2022-12-21,1,1,0
2022-12-21,2,0,2
2022-12-21,4,2,2
2022-12-21,1,0,1
2022-12-21,7,2,5
2022-12-21,5,1,4
2022-12-21,1,1,0
2022-12-21,4,2,2
2022-12-21,2,0,2
2022-12-21,0,0,0
2022-12-21,10,7,3
2022-12-21,4,3,1
2022-12-21,10,7,3
2022-12-21,7,3,4
2022-12-21,3,3,0
2022-12-21,0,0,0
2022-12-21,1,1,0
2022-12-21,1,1,0
2022-12-21,4,2,2
2022-12-21,0,0,0
2022-12-22,0,0,0
2022-12-22,0,0,0
2022-12-22,0,0,0
2022-12-22,0,0,0
2022-12-22,1,1,0
2022-12-22,3,1,2
2022-12-22,0,0,0
2022-12-22,2,0,2
2022-12-22,2,0,2
2022-12-22,5,0,5
2022-12-22,2,2,0
2022-12-22,2,0,2
2022-12-22,3,1,2
2022-12-22,2,1,1
2022-12-22,4,3,1
2022-12-22,8,7,1
2022-12-22,4,3,1
2022-12-22,2,2,0
2022-12-22,0,0,0
2022-12-22,5,3,2
2022-12-22,2,2,0
2022-12-22,1,1,0
2022-12-22,1,1,0
2022-12-22,1,1,0
2022-12-23,1,1,0
2022-12-23,0,0,0
2022-12-23,1,0,1
2022-12-23,0,0,0
2022-12-23,1,0,1
2022-12-23,0,0,0
2022-12-23,0,0,0
2022-12-23,0,0,0
2022-12-23,0,0,0
2022-12-23,1,1,0
2022-12-23,0,0,0
2022-12-23,1,0,1
2022-12-23,1,0,1
2022-12-23,0,0,0
2022-12-23,0,0,0
2022-12-23,0,0,0
2022-12-23,1,1,0
2022-12-23,0,0,0
2022-12-23,0,0,0
2022-12-23,0,0,0
2022-12-23,0,0,0
2022-12-23,0,0,0
2022-12-23,0,0,0
2022-12-23,0,0,0
2022-12-24,0,0,0
2022-12-24,0,0,0
2022-12-24,0,0,0
2022-12-24,0,0,0
2022-12-24,0,0,0
2022-12-24,0,0,0
2022-12-24,0,0,0
2022-12-24,0,0,0
2022-12-24,0,0,0
2022-12-24,0,0,0
2022-12-24,0,0,0
2022-12-24,0,0,0
2022-12-24,0,0,0
2022-12-24,0,0,0
2022-12-24,0,0,0
2022-12-24,0,0,0
2022-12-24,0,0,0
2022-12-24,0,0,0
2022-12-24,0,0,0
2022-12-24,0,0,0
2022-12-24,0,0,0
2022-12-24,0,0,0
2022-12-24,0,0,0
2022-12-24,0,0,0
2022-12-25,2,1,1
2022-12-25,0,0,0
2022-12-25,0,0,0
2022-12-25,0,0,0
2022-12-25,0,0,0
2022-12-25,0,0,0
2022-12-25,0,0,0
2022-12-25,0,0,0
2022-12-25,0,0,0
2022-12-25,0,0,0
2022-12-25,4,2,2
2022-12-25,0,0,0
2022-12-25,0,0,0
2022-12-25,0,0,0
2022-12-25,0,0,0
2022-12-25,0,0,0
2022-12-25,0,0,0
2022-12-25,0,0,0
2022-12-25,0,0,0
2022-12-25,0,0,0
2022-12-25,0,0,0
2022-12-25,0,0,0
2022-12-25,0,0,0
2022-12-25,0,0,0
2022-12-26,0,0,0
2022-12-26,0,0,0
2022-12-26,0,0,0
2022-12-26,0,0,0
2022-12-26,0,0,0
2022-12-26,0,0,0
2022-12-26,0,0,0
2022-12-26,0,0,0
2022-12-26,0,0,0
2022-12-26,2,2,0
2022-12-26,0,0,0
2022-12-26,0,0,0
2022-12-26,2,1,1
2022-12-26,0,0,0
2022-12-26,0,0,0
2022-12-26,0,0,0
2022-12-26,0,0,0
2022-12-26,0,0,0
2022-12-26,0,0,0
2022-12-26,0,0,0
2022-12-26,0,0,0
2022-12-26,0,0,0
2022-12-26,0,0,0
2022-12-26,0,0,0
2022-12-27,0,0,0
2022-12-27,0,0,0
2022-12-27,0,0,0
2022-12-27,0,0,0
2022-12-27,0,0,0
2022-12-27,0,0,0
2022-12-27,1,1,0
2022-12-27,0,0,0
2022-12-27,2,1,1
2022-12-27,0,0,0
2022-12-27,0,0,0
2022-12-27,0,0,0
2022-12-27,0,0,0
2022-12-27,3,3,0
2022-12-27,2,1,1
2022-12-27,10,6,4
2022-12-27,2,1,1
2022-12-27,4,2,2
2022-12-27,0,0,0
2022-12-27,2,1,1
2022-12-27,0,0,0
2022-12-27,0,0,0
2022-12-27,0,0,0
2022-12-27,0,0,0
2022-12-28,0,0,0
2022-12-28,0,0,0
2022-12-28,0,0,0
2022-12-28,0,0,0
2022-12-28,0,0,0
2022-12-28,0,0,0
2022-12-28,2,1,1
2022-12-28,2,1,1
2022-12-28,1,1,0
2022-12-28,3,1,2
2022-12-28,2,2,0
2022-12-28,3,1,2
2022-12-28,4,2,2
2022-12-28,0,0,0
2022-12-28,3,3,0
2022-12-28,4,1,3
2022-12-28,3,1,2
2022-12-28,0,0,0
2022-12-28,0,0,0
2022-12-28,0,0,0
2022-12-28,0,0,0
2022-12-28,0,0,0
2022-12-28,0,0,0
2022-12-28,0,0,0
2022-12-29,0,0,0
2022-12-29,0,0,0
2022-12-29,2,1,1
2022-12-29,0,0,0
2022-12-29,0,0,0
2022-12-29,2,1,1
2022-12-29,0,0,0
2022-12-29,0,0,0
2022-12-29,0,0,0
2022-12-29,0,0,0
2022-12-29,0,0,0
2022-12-29,0,0,0
2022-12-29,0,0,0
2022-12-29,0,0,0
2022-12-29,0,0,0
2022-12-29,0,0,0
2022-12-29,0,0,0
2022-12-29,2,1,1
2022-12-29,0,0,0
2022-12-29,0,0,0
2022-12-29,2,2,0
2022-12-29,0,0,0
2022-12-29,0,0,0
2022-12-29,0,0,0
2022-12-30,0,0,0
2022-12-30,0,0,0
2022-12-30,0,0,0
2022-12-30,0,0,0
2022-12-30,0,0,0
2022-12-30,0,0,0
2022-12-30,0,0,0
2022-12-30,1,0,1
2022-12-30,0,0,0
2022-12-30,0,0,0
2022-12-30,0,0,0
2022-12-30,0,0,0
2022-12-30,0,0,0
2022-12-30,2,1,1
2022-12-30,0,0,0
2022-12-30,0,0,0
2022-12-30,0,0,0
2022-12-30,0,0,0
2022-12-30,0,0,0
2022-12-30,0,0,0
2022-12-30,0,0,0
2022-12-30,0,0,0
2022-12-30,0,0,0
2022-12-30,2,2,0
2022-12-31,0,0,0
2022-12-31,0,0,0
2022-12-31,0,0,0
2022-12-31,0,0,0
2022-12-31,0,0,0
2022-12-31,0,0,0
2022-12-31,0,0,0
2022-12-31,0,0,0
2022-12-31,0,0,0
2022-12-31,1,0,1
2022-12-31,0,0,0
2022-12-31,0,0,0
2022-12-31,0,0,0
2022-12-31,0,0,0
2022-12-31,0,0,0
2022-12-31,0,0,0
2022-12-31,4,2,2
2022-12-31,0,0,0
2022-12-31,0,0,0
2022-12-31,0,0,0
2022-12-31,1,1,0
2022-12-31,1,0,1
2022-12-31,0,0,0
2022-12-31,0,0,0
2023-01-01,0,0,0
2023-01-01,0,0,0
2023-01-01,2,1,1
2023-01-01,0,0,0
2023-01-01,0,0,0
2023-01-01,0,0,0
2023-01-01,0,0,0
2023-01-01,0,0,0
2023-01-01,2,1,1
2023-01-01,0,0,0
2023-01-01,0,0,0
2023-01-01,0,0,0
2023-01-01,0,0,0
2023-01-01,0,0,0
2023-01-01,2,1,1
2023-01-01,0,0,0
2023-01-01,0,0,0
2023-01-01,0,0,0
2023-01-01,1,1,0
2023-01-01,0,0,0
2023-01-01,0,0,0
2023-01-01,0,0,0
2023-01-01,0,0,0
2023-01-01,0,0,0
2023-01-02,0,0,0
2023-01-02,0,0,0
2023-01-02,0,0,0
2023-01-02,0,0,0
2023-01-02,0,0,0
2023-01-02,0,0,0
2023-01-02,0,0,0
2023-01-02,0,0,0
2023-01-02,0,0,0
2023-01-02,0,0,0
2023-01-02,0,0,0
2023-01-02,0,0,0
2023-01-02,0,0,0
2023-01-02,0,0,0
2023-01-02,0,0,0
2023-01-02,0,0,0
2023-01-02,0,0,0
2023-01-02,1,1,0
2023-01-02,0,0,0
2023-01-02,0,0,0
2023-01-02,0,0,0
2023-01-02,0,0,0
2023-01-02,0,0,0
2023-01-02,0,0,0
2023-01-03,0,0,0
2023-01-03,0,0,0
2023-01-03,0,0,0
2023-01-03,0,0,0
2023-01-03,0,0,0
2023-01-03,0,0,0
2023-01-03,0,0,0
2023-01-03,0,0,0
2023-01-03,0,0,0
2023-01-03,0,0,0
2023-01-03,3,3,0
2023-01-03,0,0,0
2023-01-03,1,1,0
2023-01-03,2,1,1
2023-01-03,0,0,0
2023-01-03,0,0,0
2023-01-03,0,0,0
2023-01-03,2,1,1
2023-01-03,2,1,1
2023-01-03,0,0,0
2023-01-03,0,0,0
2023-01-03,0,0,0
2023-01-03,2,1,1
2023-01-03,0,0,0
2023-01-04,0,0,0
2023-01-04,0,0,0
2023-01-04,0,0,0
2023-01-04,0,0,0
2023-01-04,0,0,0
2023-01-04,0,0,0
2023-01-04,0,0,0
2023-01-04,0,0,0
2023-01-04,0,0,0
2023-01-04,0,0,0
2023-01-04,0,0,0
2023-01-04,0,0,0
2023-01-04,0,0,0
2023-01-04,2,1,1
2023-01-04,0,0,0
2023-01-04,0,0,0
2023-01-04,0,0,0
2023-01-04,0,0,0
2023-01-04,0,0,0
2023-01-04,0,0,0
2023-01-04,0,0,0
2023-01-04,0,0,0
2023-01-04,0,0,0
2023-01-04,0,0,0
2023-01-05,0,0,0
2023-01-05,0,0,0
2023-01-05,5,2,3
2023-01-05,0,0,0
2023-01-05,0,0,0
2023-01-05,0,0,0
2023-01-05,0,0,0
2023-01-05,0,0,0
2023-01-05,0,0,0
2023-01-05,0,0,0
2023-01-05,0,0,0
2023-01-05,0,0,0
2023-01-05,0,0,0
2023-01-05,0,0,0
2023-01-05,0,0,0
2023-01-05,0,0,0
2023-01-05,0,0,0
2023-01-05,0,0,0
2023-01-05,0,0,0
2023-01-05,0,0,0
2023-01-05,0,0,0
2023-01-05,1,1,0
2023-01-05,0,0,0
2023-01-05,0,0,0
2023-01-06,0,0,0
2023-01-06,0,0,0
2023-01-06,0,0,0
2023-01-06,0,0,0
2023-01-06,0,0,0
2023-01-06,0,0,0
2023-01-06,0,0,0
2023-01-06,0,0,0
2023-01-06,0,0,0
2023-01-06,0,0,0
2023-01-06,0,0,0
2023-01-06,0,0,0
2023-01-06,0,0,0
2023-01-06,0,0,0
2023-01-06,0,0,0
2023-01-06,0,0,0
2023-01-06,0,0,0
2023-01-06,0,0,0
2023-01-06,0,0,0
2023-01-06,0,0,0
2023-01-06,0,0,0
2023-01-06,0,0,0
2023-01-06,0,0,0
2023-01-06,0,0,0
2023-01-07,0,0,0
2023-01-07,0,0,0
2023-01-07,0,0,0
2023-01-07,0,0,0
2023-01-07,0,0,0
2023-01-07,0,0,0
2023-01-07,0,0,0
2023-01-07,0,0,0
2023-01-07,0,0,0
2023-01-07,0,0,0
2023-01-07,0,0,0
2023-01-07,0,0,0
2023-01-07,0,0,0
2023-01-07,0,0,0
2023-01-07,0,0,0
2023-01-07,0,0,0
2023-01-07,0,0,0
2023-01-07,0,0,0
2023-01-07,2,1,1
2023-01-07,0,0,0
2023-01-07,0,0,0
2023-01-07,0,0,0
2023-01-07,0,0,0
2023-01-07,0,0,0
2023-01-08,0,0,0
2023-01-08,0,0,0
2023-01-08,0,0,0
2023-01-08,0,0,0
2023-01-08,0,0,0
2023-01-08,0,0,0
2023-01-08,0,0,0
2023-01-08,0,0,0
2023-01-08,0,0,0
2023-01-08,0,0,0
2023-01-08,0,0,0
2023-01-08,0,0,0
2023-01-08,0,0,0
2023-01-08,0,0,0
2023-01-08,0,0,0
2023-01-08,0,0,0
2023-01-08,0,0,0
2023-01-08,0,0,0
2023-01-08,0,0,0
2023-01-08,0,0,0
2023-01-08,0,0,0
2023-01-08,0,0,0
2023-01-08,0,0,0
2023-01-08,0,0,0
2023-01-09,0,0,0
2023-01-09,0,0,0
2023-01-09,2,1,1
2023-01-09,2,1,1
2023-01-09,0,0,0
2023-01-09,0,0,0
2023-01-09,0,0,0
2023-01-09,0,0,0
2023-01-09,0,0,0
2023-01-09,2,1,1
2023-01-09,0,0,0
2023-01-09,0,0,0
2023-01-09,0,0,0
2023-01-09,0,0,0
2023-01-09,0,0,0
2023-01-09,0,0,0
2023-01-09,0,0,0
2023-01-09,0,0,0
2023-01-09,0,0,0
2023-01-09,0,0,0
2023-01-09,0,0,0
2023-01-09,0,0,0
2023-01-09,0,0,0
2023-01-09,0,0,0
2023-01-10,0,0,0
2023-01-10,0,0,0
2023-01-10,0,0,0
2023-01-10,0,0,0
2023-01-10,0,0,0
2023-01-10,0,0,0
2023-01-10,0,0,0
2023-01-10,0,0,0
2023-01-10,0,0,0
2023-01-10,0,0,0
2023-01-10,0,0,0
2023-01-10,0,0,0
2023-01-10,0,0,0
2023-01-10,2,1,1
2023-01-10,0,0,0
2023-01-10,0,0,0
2023-01-10,0,0,0
2023-01-10,0,0,0
2023-01-10,0,0,0
2023-01-10,0,0,0
2023-01-10,0,0,0
2023-01-10,0,0,0
2023-01-10,0,0,0
2023-01-10,0,0,0
2023-01-11,0,0,0
2023-01-11,0,0,0
2023-01-11,0,0,0
2023-01-11,0,0,0
2023-01-11,0,0,0
2023-01-11,0,0,0
2023-01-11,0,0,0
2023-01-11,0,0,0
2023-01-11,0,0,0
2023-01-11,0,0,0
2023-01-11,0,0,0
2023-01-11,0,0,0
2023-01-11,0,0,0
2023-01-11,0,0,0
2023-01-11,2,1,1
2023-01-11,0,0,0
2023-01-11,0,0,0
2023-01-11,0,0,0
2023-01-11,0,0,0
2023-01-11,0,0,0
2023-01-11,0,0,0
2023-01-11,0,0,0
2023-01-11,0,0,0
2023-01-11,0,0,0
2023-01-12,0,0,0
2023-01-12,0,0,0
2023-01-12,0,0,0
2023-01-12,0,0,0
2023-01-12,0,0,0
2023-01-12,0,0,0
2023-01-12,0,0,0
2023-01-12,0,0,0
2023-01-12,0,0,0
2023-01-12,0,0,0
2023-01-12,0,0,0
2023-01-12,0,0,0
2023-01-12,0,0,0
2023-01-12,0,0,0
2023-01-12,0,0,0
2023-01-12,0,0,0
2023-01-12,0,0,0
2023-01-12,0,0,0
2023-01-12,0,0,0
2023-01-12,0,0,0
2023-01-12,0,0,0
2023-01-12,0,0,0
2023-01-12,0,0,0
2023-01-12,0,0,0
2023-01-13,0,0,0
2023-01-13,0,0,0
2023-01-13,0,0,0
2023-01-13,0,0,0
2023-01-13,0,0,0
2023-01-13,0,0,0
2023-01-13,0,0,0
2023-01-13,0,0,0
2023-01-13,2,1,1
2023-01-13,0,0,0
2023-01-13,0,0,0
2023-01-13,0,0,0
2023-01-13,0,0,0
2023-01-13,0,0,0
2023-01-13,4,3,1
2023-01-13,9,7,2
2023-01-13,9,7,2
2023-01-13,10,3,7
2023-01-13,2,2,0
2023-01-13,3,3,0
2023-01-13,6,3,3
2023-01-13,3,2,1
2023-01-13,3,1,2
2023-01-13,0,0,0
2023-01-14,2,0,2
2023-01-14,1,1,0
2023-01-14,0,0,0
2023-01-14,0,0,0
2023-01-14,1,0,1
2023-01-14,3,0,3
2023-01-14,2,0,2
2023-01-14,7,1,6
2023-01-14,15,4,11
2023-01-14,28,11,17
2023-01-14,42,24,18
2023-01-14,53,26,27
2023-01-14,47,26,21
2023-01-14,47,27,20
2023-01-14,46,22,24
2023-01-14,34,17,17
2023-01-14,30,17,13
2023-01-14,11,7,4
2023-01-14,3,3,0
2023-01-14,4,2,2
2023-01-14,1,1,0
2023-01-14,7,5,2
2023-01-14,4,0,4
2023-01-14,0,0,0
2023-01-15,2,0,2
2023-01-15,1,0,1
2023-01-15,1,1,0
2023-01-15,2,1,1
2023-01-15,2,0,2
2023-01-15,2,1,1
2023-01-15,7,1,6
2023-01-15,2,2,0
2023-01-15,5,1,4
2023-01-15,11,3,8
2023-01-15,12,5,7
2023-01-15,17,9,8
2023-01-15,6,5,1
2023-01-15,7,4,3
2023-01-15,8,5,3
2023-01-15,4,1,3
2023-01-15,4,2,2
2023-01-15,1,0,1
2023-01-15,3,2,1
2023-01-15,3,2,1
2023-01-15,3,2,1
2023-01-15,2,0,2
2023-01-15,1,0,1
2023-01-15,4,4,0
2023-01-16,1,0,1
2023-01-16,0,0,0
2023-01-16,1,0,1
2023-01-16,0,0,0
2023-01-16,2,1,1
2023-01-16,9,3,6
2023-01-16,14,1,13
2023-01-16,18,2,16
2023-01-16,15,2,13
2023-01-16,17,4,13
2023-01-16,35,17,18
2023-01-16,43,18,25
2023-01-16,40,25,15
2023-01-16,44,15,29
2023-01-16,48,33,15
2023-01-16,50,28,22
2023-01-16,43,31,12
2023-01-16,21,20,1
2023-01-16,10,8,2
2023-01-16,10,5,5
2023-01-16,6,5,1
2023-01-16,3,2,1
2023-01-16,0,0,0
2023-01-16,0,0,0
2023-01-17,0,0,0
2023-01-17,2,1,1
2023-01-17,2,0,2
2023-01-17,2,0,2
2023-01-17,9,0,9
2023-01-17,13,3,10
2023-01-17,35,2,33
2023-01-17,48,2,46
2023-01-17,60,4,56
2023-01-17,23,5,18
2023-01-17,16,1,15
2023-01-17,14,6,8
2023-01-17,16,4,12
2023-01-17,11,7,4
2023-01-17,23,16,7
2023-01-17,45,40,5
2023-01-17,55,51,4
2023-01-17,49,46,3
2023-01-17,29,25,4
2023-01-17,8,6,2
2023-01-17,6,5,1
2023-01-17,2,2,0
2023-01-17,0,0,0
2023-01-17,1,1,0
2023-01-18,1,1,0
2023-01-18,0,0,0
2023-01-18,2,1,1
2023-01-18,3,1,2
2023-01-18,6,1,5
2023-01-18,11,3,8
2023-01-18,29,1,28
2023-01-18,35,2,33
2023-01-18,48,4,44
2023-01-18,8,0,8
2023-01-18,7,4,3
2023-01-18,3,1,2
2023-01-18,7,5,2
2023-01-18,4,2,2
2023-01-18,12,8,4
2023-01-18,31,25,6
2023-01-18,50,41,9
2023-01-18,42,36,6
2023-01-18,18,13,5
2023-01-18,5,5,0
2023-01-18,8,7,1
2023-01-18,3,2,1
2023-01-18,2,1,1
2023-01-18,0,0,0
2023-01-19,0,0,0
2023-01-19,1,1,0
2023-01-19,1,0,1
2023-01-19,2,1,1
2023-01-19,7,1,6
2023-01-19,24,4,20
2023-01-19,22,3,19
2023-01-19,65,4,61
2023-01-19,54,3,51
2023-01-19,24,4,20
2023-01-19,17,3,14
2023-01-19,21,6,15
2023-01-19,15,9,6
2023-01-19,17,13,4
2023-01-19,17,12,5
2023-01-19,37,26,11
2023-01-19,60,53,7
2023-01-19,68,59,9
2023-01-19,20,16,4
2023-01-19,13,11,2
2023-01-19,6,5,1
2023-01-19,2,2,0
2023-01-19,4,4,0
2023-01-19,3,3,0
2023-01-20,1,0,1
2023-01-20,0,0,0
2023-01-20,2,1,1
2023-01-20,0,0,0
2023-01-20,5,0,5
2023-01-20,12,3,9
2023-01-20,34,1,33
2023-01-20,39,5,34
2023-01-20,47,1,46
2023-01-20,13,0,13
2023-01-20,20,7,13
2023-01-20,11,6,5
2023-01-20,17,6,11
2023-01-20,18,12,6
2023-01-20,42,22,20
2023-01-20,52,42,10
2023-01-20,65,54,11
2023-01-20,38,32,6
2023-01-20,15,11,4
2023-01-20,10,8,2
2023-01-20,1,1,0
2023-01-20,10,7,3
2023-01-20,6,4,2
2023-01-20,0,0,0
2023-01-21,1,1,0
2023-01-21,3,2,1
2023-01-21,0,0,0
2023-01-21,0,0,0
2023-01-21,3,0,3
2023-01-21,3,1,2
2023-01-21,3,1,2
2023-01-21,2,0,2
2023-01-21,8,1,7
2023-01-21,16,9,7
2023-01-21,10,2,8
2023-01-21,6,3,3
2023-01-21,5,5,0
2023-01-21,8,5,3
2023-01-21,7,4,3
2023-01-21,9,5,4
2023-01-21,5,3,2
2023-01-21,1,1,0
2023-01-21,8,5,3
2023-01-21,2,2,0
2023-01-21,1,1,0
2023-01-21,3,1,2
2023-01-21,2,2,0
2023-01-21,6,5,1
2023-01-22,1,1,0
2023-01-22,0,0,0
2023-01-22,3,3,0
2023-01-22,0,0,0
2023-01-22,2,0,2
2023-01-22,3,1,2
2023-01-22,5,0,5
2023-01-22,4,0,4
2023-01-22,7,2,5
2023-01-22,14,5,9
2023-01-22,16,8,8
2023-01-22,41,25,16
2023-01-22,25,11,14
2023-01-22,33,18,15
2023-01-22,26,14,12
2023-01-22,23,16,7
2023-01-22,17,9,8
2023-01-22,8,5,3
2023-01-22,6,2,4
2023-01-22,1,0,1
2023-01-22,3,2,1
2023-01-22,2,1,1
2023-01-22,1,0,1
2023-01-22,0,0,0
2023-01-23,0,0,0
2023-01-23,0,0,0
2023-01-23,0,0,0
2023-01-23,2,0,2
2023-01-23,4,0,4
2023-01-23,18,3,15
2023-01-23,25,2,23
2023-01-23,48,4,44
2023-01-23,57,3,54
2023-01-23,20,1,19
2023-01-23,14,3,11
2023-01-23,16,9,7
2023-01-23,12,4,8
2023-01-23,14,8,6
2023-01-23,17,7,10
2023-01-23,37,28,9
2023-01-23,59,53,6
2023-01-23,64,58,6
2023-01-23,17,17,0
2023-01-23,12,9,3
2023-01-23,6,5,1
2023-01-23,5,4,1
2023-01-23,0,0,0
2023-01-23,2,2,0
2023-01-24,2,2,0
2023-01-24,1,0,1
2023-01-24,1,0,1
2023-01-24,1,0,1
2023-01-24,5,1,4
2023-01-24,23,4,19
2023-01-24,24,2,22
2023-01-24,71,3,68
2023-01-24,54,3,51
2023-01-24,25,3,22
2023-01-24,8,2,6
2023-01-24,15,7,8
2023-01-24,15,4,11
2023-01-24,6,4,2
2023-01-24,18,12,6
2023-01-24,24,20,4
2023-01-24,77,69,8
2023-01-24,71,63,8
2023-01-24,21,19,2
2023-01-24,11,11,0
2023-01-24,8,4,4
2023-01-24,6,5,1
2023-01-24,1,1,0
2023-01-24,3,3,0
2023-01-25,3,3,0
2023-01-25,1,0,1
2023-01-25,0,0,0
2023-01-25,1,0,1
2023-01-25,3,0,3
2023-01-25,23,5,18
2023-01-25,23,4,19
2023-01-25,59,2,57
2023-01-25,68,2,66
2023-01-25,20,1,19
2023-01-25,8,1,7
2023-01-25,8,3,5
2023-01-25,10,8,2
2023-01-25,18,8,10
2023-01-25,22,12,10
2023-01-25,40,32,8
2023-01-25,66,58,8
2023-01-25,59,55,4
2023-01-25,19,18,1
2023-01-25,19,17,2
2023-01-25,5,3,2
2023-01-25,8,4,4
2023-01-25,2,1,1
2023-01-25,0,0,0
2023-01-26,0,0,0
2023-01-26,1,1,0
2023-01-26,1,1,0
2023-01-26,1,0,1
2023-01-26,5,0,5
2023-01-26,23,6,17
2023-01-26,42,3,39
2023-01-26,58,2,56
2023-01-26,57,0,57
2023-01-26,25,1,24
2023-01-26,11,3,8
2023-01-26,20,8,12
2023-01-26,10,6,4
2023-01-26,22,11,11
2023-01-26,21,13,8
2023-01-26,37,30,7
2023-01-26,72,62,10
2023-01-26,67,64,3
2023-01-26,23,21,2
2023-01-26,10,9,1
2023-01-26,6,5,1
2023-01-26,6,4,2
2023-01-26,6,5,1
2023-01-26,4,3,1
2023-01-27,2,2,0
2023-01-27,4,0,4
2023-01-27,0,0,0
2023-01-27,0,0,0
2023-01-27,8,1,7
2023-01-27,9,2,7
2023-01-27,24,3,21
2023-01-27,33,0,33
2023-01-27,44,1,43
2023-01-27,15,2,13
2023-01-27,15,6,9
2023-01-27,9,3,6
2023-01-27,29,13,16
2023-01-27,28,20,8
2023-01-27,22,17,5
2023-01-27,41,28,13
2023-01-27,37,32,5
2023-01-27,36,29,7
2023-01-27,13,6,7
2023-01-27,10,7,3
2023-01-27,8,7,1
2023-01-27,7,5,2
2023-01-27,1,1,0
2023-01-27,0,0,0
2023-01-28,1,1,0
2023-01-28,1,1,0
2023-01-28,0,0,0
2023-01-28,0,0,0
2023-01-28,2,1,1
2023-01-28,1,0,1
2023-01-28,6,0,6
2023-01-28,11,3,8
2023-01-28,18,6,12
2023-01-28,25,7,18
2023-01-28,16,9,7
2023-01-28,27,14,13
2023-01-28,39,23,16
2023-01-28,30,18,12
2023-01-28,25,12,13
2023-01-28,31,13,18
2023-01-28,22,13,9
2023-01-28,14,9,5
2023-01-28,9,9,0
2023-01-28,4,3,1
2023-01-28,4,3,1
2023-01-28,2,1,1
2023-01-28,3,1,2
2023-01-28,3,2,1
2023-01-29,1,0,1
2023-01-29,2,2,0
2023-01-29,1,1,0
2023-01-29,1,1,0
2023-01-29,2,0,2
2023-01-29,3,0,3
2023-01-29,1,0,1
2023-01-29,2,0,2
2023-01-29,10,4,6
2023-01-29,23,6,17
2023-01-29,20,10,10
2023-01-29,22,11,11
2023-01-29,30,19,11
2023-01-29,37,19,18
2023-01-29,52,29,23
2023-01-29,29,10,19
2023-01-29,12,9,3
2023-01-29,17,10,7
2023-01-29,1,1,0
2023-01-29,8,5,3
2023-01-29,2,1,1
2023-01-29,3,0,3
2023-01-29,0,0,0
2023-01-29,3,3,0
2023-01-30,0,0,0
2023-01-30,2,1,1
2023-01-30,0,0,0
2023-01-30,1,0,1
2023-01-30,4,0,4
2023-01-30,16,3,13
2023-01-30,29,4,25
2023-01-30,32,1,31
2023-01-30,41,0,41
2023-01-30,21,2,19
2023-01-30,6,2,4
2023-01-30,10,2,8
2023-01-30,17,7,10
2023-01-30,12,5,7
2023-01-30,21,15,6
2023-01-30,39,30,9
2023-01-30,46,40,6
2023-01-30,44,43,1
2023-01-30,22,22,0
2023-01-30,11,11,0
2023-01-30,3,3,0
2023-01-30,5,2,3
2023-01-30,1,1,0
2023-01-30,0,0,0
2023-01-31,0,0,0
2023-01-31,0,0,0
2023-01-31,0,0,0
2023-01-31,1,1,0
2023-01-31,3,0,3
2023-01-31,14,4,10
2023-01-31,27,3,24
2023-01-31,47,4,43
2023-01-31,51,1,50
2023-01-31,24,3,21
2023-01-31,15,2,13
2023-01-31,11,6,5
2023-01-31,9,2,7
2023-01-31,13,8,5
2023-01-31,13,10,3
2023-01-31,35,26,9
2023-01-31,54,48,6
2023-01-31,57,51,6
2023-01-31,17,16,1
2023-01-31,7,6,1
2023-01-31,4,4,0
2023-01-31,6,6,0
2023-01-31,0,0,0
2023-01-31,0,0,0
2023-02-01,2,1,1
2023-02-01,1,1,0
2023-02-01,0,0,0
2023-02-01,1,1,0
2023-02-01,3,0,3
2023-02-01,18,3,15
2023-02-01,27,3,24
2023-02-01,50,2,48
2023-02-01,62,2,60
2023-02-01,20,0,20
2023-02-01,9,5,4
2023-02-01,14,4,10
2023-02-01,22,13,9
2023-02-01,14,6,8
2023-02-01,24,11,13
2023-02-01,42,33,9
2023-02-01,61,55,6
2023-02-01,75,64,11
2023-02-01,27,22,5
2023-02-01,15,13,2
2023-02-01,1,0,1
2023-02-01,5,5,0
2023-02-01,4,3,1
2023-02-01,1,1,0
2023-02-02,1,1,0
2023-02-02,4,1,3
2023-02-02,1,1,0
2023-02-02,1,0,1
2023-02-02,2,0,2
2023-02-02,20,4,16
2023-02-02,36,6,30
2023-02-02,60,6,54
2023-02-02,54,5,49
2023-02-02,36,2,34
2023-02-02,14,1,13
2023-02-02,15,5,10
2023-02-02,13,12,1
2023-02-02,19,10,9
2023-02-02,23,14,9
2023-02-02,40,26,14
2023-02-02,68,61,7
2023-02-02,64,58,6
2023-02-02,36,33,3
2023-02-02,6,5,1
2023-02-02,5,4,1
2023-02-02,2,1,1
2023-02-02,2,1,1
2023-02-02,3,1,2
2023-02-03,1,1,0
2023-02-03,1,1,0
2023-02-03,0,0,0
2023-02-03,2,0,2
2023-02-03,5,1,4
2023-02-03,14,3,11
2023-02-03,23,3,20
2023-02-03,28,3,25
2023-02-03,29,2,27
2023-02-03,20,2,18
2023-02-03,10,1,9
2023-02-03,6,2,4
2023-02-03,10,6,4
2023-02-03,7,5,2
2023-02-03,17,15,2
2023-02-03,12,8,4
2023-02-03,29,25,4
2023-02-03,36,31,5
2023-02-03,12,10,2
2023-02-03,12,9,3
2023-02-03,2,1,1
2023-02-03,2,1,1
2023-02-03,2,2,0
2023-02-03,1,1,0
2023-02-04,2,2,0
2023-02-04,2,1,1
2023-02-04,0,0,0
2023-02-04,1,0,1
2023-02-04,1,0,1
2023-02-04,4,1,3
2023-02-04,0,0,0
2023-02-04,4,2,2
2023-02-04,16,5,11
2023-02-04,31,12,19
2023-02-04,25,11,14
2023-02-04,25,9,16
2023-02-04,23,16,7
2023-02-04,19,12,7
2023-02-04,26,15,11
2023-02-04,14,10,4
2023-02-04,7,2,5
2023-02-04,6,5,1
2023-02-04,5,5,0
2023-02-04,3,2,1
2023-02-04,2,2,0
2023-02-04,2,2,0
2023-02-04,1,0,1
2023-02-04,2,1,1
2023-02-05,1,1,0
2023-02-05,1,0,1
2023-02-05,2,2,0
2023-02-05,0,0,0
2023-02-05,0,0,0
2023-02-05,3,0,3
2023-02-05,1,0,1
2023-02-05,2,0,2
2023-02-05,11,3,8
2023-02-05,23,8,15
2023-02-05,16,5,11
2023-02-05,17,8,9
2023-02-05,22,10,12
2023-02-05,9,5,4
2023-02-05,8,5,3
2023-02-05,17,11,6
2023-02-05,13,6,7
2023-02-05,13,10,3
2023-02-05,1,1,0
2023-02-05,2,2,0
2023-02-05,6,4,2
2023-02-05,2,1,1
2023-02-05,2,1,1
2023-02-05,1,1,0
2023-02-06,0,0,0
2023-02-06,0,0,0
2023-02-06,1,0,1
2023-02-06,1,0,1
2023-02-06,7,1,6
2023-02-06,17,4,13
2023-02-06,29,1,28
2023-02-06,43,1,42
2023-02-06,47,2,45
2023-02-06,15,0,15
2023-02-06,6,2,4
2023-02-06,12,5,7
2023-02-06,8,7,1
2023-02-06,8,6,2
2023-02-06,18,11,7
2023-02-06,26,21,5
2023-02-06,49,48,1
2023-02-06,46,43,3
2023-02-06,17,17,0
2023-02-06,17,15,2
2023-02-06,2,2,0
2023-02-06,4,2,2
2023-02-06,3,2,1
2023-02-06,2,2,0
2023-02-07,1,0,1
2023-02-07,0,0,0
2023-02-07,0,0,0
2023-02-07,1,0,1
2023-02-07,4,0,4
2023-02-07,15,2,13
2023-02-07,32,5,27
2023-02-07,43,2,41
2023-02-07,42,1,41
2023-02-07,17,1,16
2023-02-07,6,0,6
2023-02-07,11,5,6
2023-02-07,2,0,2
2023-02-07,7,4,3
2023-02-07,9,3,6
2023-02-07,19,15,4
2023-02-07,46,42,4
2023-02-07,65,58,7
2023-02-07,25,22,3
2023-02-07,12,10,2
2023-02-07,11,6,5
2023-02-07,3,3,0
2023-02-07,6,6,0
2023-02-07,1,0,1
2023-02-08,1,1,0
2023-02-08,0,0,0
2023-02-08,0,0,0
2023-02-08,1,0,1
2023-02-08,3,0,3
2023-02-08,22,5,17
2023-02-08,43,3,40
2023-02-08,64,3,61
2023-02-08,65,3,62
2023-02-08,32,6,26
2023-02-08,23,6,17
2023-02-08,12,3,9
2023-02-08,17,7,10
2023-02-08,22,8,14
2023-02-08,43,33,10
2023-02-08,51,38,13
2023-02-08,79,65,14
2023-02-08,93,82,11
2023-02-08,27,23,4
2023-02-08,17,15,2
2023-02-08,10,10,0
2023-02-08,5,4,1
2023-02-08,3,2,1
2023-02-08,2,1,1
2023-02-09,1,1,0
2023-02-09,2,1,1
2023-02-09,0,0,0
2023-02-09,3,1,2
2023-02-09,4,0,4
2023-02-09,23,5,18
2023-02-09,35,5,30
2023-02-09,70,10,60
2023-02-09,68,7,61
2023-02-09,26,5,21
2023-02-09,15,3,12
2023-02-09,13,3,10
2023-02-09,14,10,4
2023-02-09,23,11,12
2023-02-09,28,18,10
2023-02-09,51,37,14
2023-02-09,93,78,15
2023-02-09,63,56,7
2023-02-09,32,27,5
2023-02-09,9,8,1
2023-02-09,10,8,2
2023-02-09,5,4,1
2023-02-09,2,2,0
2023-02-09,1,1,0
2023-02-10,3,1,2
2023-02-10,0,0,0
2023-02-10,3,1,2
2023-02-10,3,2,1
2023-02-10,5,0,5
2023-02-10,25,4,21
2023-02-10,21,2,19
2023-02-10,34,3,31
2023-02-10,49,2,47
2023-02-10,18,1,17
2023-02-10,13,5,8
2023-02-10,12,3,9
2023-02-10,10,2,8
2023-02-10,18,9,9
2023-02-10,33,23,10
2023-02-10,39,33,6
2023-02-10,50,47,3
2023-02-10,45,37,8
2023-02-10,19,15,4
2023-02-10,13,7,6
2023-02-10,4,3,1
2023-02-10,3,1,2
2023-02-10,2,2,0
2023-02-10,3,1,2
2023-02-11,2,2,0
2023-02-11,0,0,0
2023-02-11,1,1,0
2023-02-11,4,4,0
2023-02-11,2,1,1
2023-02-11,4,1,3
2023-02-11,3,2,1
2023-02-11,8,3,5
2023-02-11,25,5,20
2023-02-11,47,20,27
2023-02-11,39,16,23
2023-02-11,34,8,26
2023-02-11,66,38,28
2023-02-11,40,22,18
2023-02-11,58,33,25
2023-02-11,39,27,12
2023-02-11,21,14,7
2023-02-11,14,8,6
2023-02-11,9,6,3
2023-02-11,10,8,2
2023-02-11,3,3,0
2023-02-11,1,1,0
2023-02-11,3,1,2
2023-02-11,3,3,0
2023-02-12,3,3,0
2023-02-12,1,1,0
2023-02-12,2,2,0
2023-02-12,2,0,2
2023-02-12,1,0,1
2023-02-12,3,1,2
2023-02-12,3,0,3
2023-02-12,1,1,0
2023-02-12,8,3,5
2023-02-12,18,7,11
2023-02-12,33,10,23
2023-02-12,32,17,15
2023-02-12,30,10,20
2023-02-12,43,32,11
2023-02-12,38,21,17
2023-02-12,34,18,16
2023-02-12,20,13,7
2023-02-12,13,6,7
2023-02-12,2,1,1
2023-02-12,5,1,4
2023-02-12,6,2,4
2023-02-12,1,0,1
2023-02-12,1,1,0
2023-02-12,1,0,1
2023-02-13,2,2,0
2023-02-13,0,0,0
2023-02-13,1,1,0
2023-02-13,2,0,2
2023-02-13,3,0,3
2023-02-13,18,3,15
2023-02-13,33,4,29
2023-02-13,49,1,48
2023-02-13,54,3,51
2023-02-13,19,6,13
2023-02-13,11,1,10
2023-02-13,10,5,5
2023-02-13,11,6,5
2023-02-13,13,7,6
2023-02-13,17,11,6
2023-02-13,26,21,5
2023-02-13,47,46,1
2023-02-13,64,60,4
2023-02-13,26,23,3
2023-02-13,4,4,0
2023-02-13,5,4,1
2023-02-13,3,1,2
2023-02-13,2,1,1
2023-02-13,1,1,0
2023-02-14,0,0,0
2023-02-14,1,1,0
2023-02-14,0,0,0
2023-02-14,1,0,1
2023-02-14,4,0,4
2023-02-14,14,3,11
2023-02-14,19,5,14
2023-02-14,39,2,37
2023-02-14,43,1,42
2023-02-14,13,0,13
2023-02-14,10,4,6
2023-02-14,11,1,10
2023-02-14,10,7,3
2023-02-14,14,8,6
2023-02-14,16,9,7
2023-02-14,32,26,6
2023-02-14,54,46,8
2023-02-14,45,44,1
2023-02-14,20,16,4
2023-02-14,8,8,0
2023-02-14,4,3,1
2023-02-14,4,3,1
2023-02-14,0,0,0
2023-02-14,6,3,3
2023-02-15,0,0,0
2023-02-15,2,1,1
2023-02-15,1,1,0
2023-02-15,1,0,1
2023-02-15,3,1,2
2023-02-15,22,5,17
2023-02-15,39,4,35
2023-02-15,53,1,52
2023-02-15,48,1,47
2023-02-15,20,6,14
2023-02-15,16,2,14
2023-02-15,11,5,6
2023-02-15,11,5,6
2023-02-15,16,10,6
2023-02-15,28,17,11
2023-02-15,40,29,11
2023-02-15,82,66,16
2023-02-15,71,65,6
2023-02-15,23,19,4
2023-02-15,7,7,0
2023-02-15,5,4,1
2023-02-15,2,1,1
2023-02-15,1,0,1
2023-02-15,0,0,0
2023-02-16,0,0,0
2023-02-16,2,1,1
2023-02-16,0,0,0
2023-02-16,2,0,2
2023-02-16,2,0,2
2023-02-16,20,2,18
2023-02-16,27,4,23
2023-02-16,50,2,48
2023-02-16,63,5,58
2023-02-16,25,4,21
2023-02-16,12,3,9
2023-02-16,12,2,10
2023-02-16,12,3,9
2023-02-16,14,10,4
2023-02-16,23,14,9
2023-02-16,24,20,4
2023-02-16,70,62,8
2023-02-16,58,55,3
2023-02-16,23,22,1
2023-02-16,5,4,1
2023-02-16,4,4,0
2023-02-16,4,3,1
2023-02-16,2,2,0
2023-02-16,0,0,0
2023-02-17,1,1,0
2023-02-17,1,1,0
2023-02-17,1,0,1
2023-02-17,1,0,1
2023-02-17,4,0,4
2023-02-17,13,3,10
2023-02-17,12,2,10
2023-02-17,19,0,19
2023-02-17,29,5,24
2023-02-17,15,2,13
2023-02-17,6,0,6
2023-02-17,7,2,5
2023-02-17,6,3,3
2023-02-17,8,8,0
2023-02-17,18,13,5
2023-02-17,24,20,4
2023-02-17,30,25,5
2023-02-17,21,13,8
2023-02-17,14,8,6
2023-02-17,7,5,2
2023-02-17,4,4,0
2023-02-17,8,7,1
2023-02-17,2,1,1
2023-02-17,3,3,0
2023-02-18,2,1,1
2023-02-18,4,3,1
2023-02-18,0,0,0
2023-02-18,0,0,0
2023-02-18,3,1,2
2023-02-18,3,0,3
2023-02-18,3,0,3
2023-02-18,3,0,3
2023-02-18,24,7,17
2023-02-18,29,9,20
2023-02-18,26,12,14
2023-02-18,28,13,15
2023-02-18,22,17,5
2023-02-18,17,12,5
2023-02-18,22,12,10
2023-02-18,21,6,15
2023-02-18,13,5,8
2023-02-18,13,10,3
2023-02-18,10,8,2
2023-02-18,2,2,0
2023-02-18,2,2,0
2023-02-18,4,4,0
2023-02-18,3,3,0
2023-02-18,2,1,1
2023-02-19,2,2,0
2023-02-19,0,0,0
2023-02-19,1,1,0
2023-02-19,2,0,2
2023-02-19,1,0,1
2023-02-19,1,0,1
2023-02-19,1,0,1
2023-02-19,6,1,5
2023-02-19,6,0,6
2023-02-19,22,6,16
2023-02-19,17,8,9
2023-02-19,10,5,5
2023-02-19,20,13,7
2023-02-19,16,9,7
2023-02-19,19,14,5
2023-02-19,8,7,1
2023-02-19,9,6,3
2023-02-19,9,7,2
2023-02-19,5,2,3
2023-02-19,3,1,2
2023-02-19,1,1,0
2023-02-19,0,0,0
2023-02-19,1,1,0
2023-02-19,5,3,2
2023-02-20,1,1,0
2023-02-20,2,2,0
2023-02-20,0,0,0
2023-02-20,2,0,2
2023-02-20,2,0,2
2023-02-20,9,3,6
2023-02-20,5,0,5
2023-02-20,11,0,11
2023-02-20,12,1,11
2023-02-20,8,2,6
2023-02-20,2,0,2
2023-02-20,3,1,2
2023-02-20,14,7,7
2023-02-20,14,4,10
2023-02-20,9,6,3
2023-02-20,11,9,2
2023-02-20,12,7,5
2023-02-20,22,15,7
2023-02-20,9,8,1
2023-02-20,4,3,1
2023-02-20,6,5,1
2023-02-20,1,1,0
2023-02-20,1,0,1
2023-02-20,0,0,0
2023-02-21,0,0,0
2023-02-21,0,0,0
2023-02-21,0,0,0
2023-02-21,2,0,2
2023-02-21,4,0,4
2023-02-21,8,4,4
2023-02-21,25,3,22
2023-02-21,40,0,40
2023-02-21,48,1,47
2023-02-21,22,2,20
2023-02-21,13,4,9
2023-02-21,21,15,6
2023-02-21,10,2,8
2023-02-21,11,6,5
2023-02-21,14,11,3
2023-02-21,15,10,5
2023-02-21,71,59,12
2023-02-21,46,39,7
2023-02-21,28,22,6
2023-02-21,19,14,5
2023-02-21,5,5,0
2023-02-21,2,1,1
2023-02-21,6,4,2
2023-02-21,2,2,0
2023-02-22,0,0,0
2023-02-22,2,1,1
2023-02-22,0,0,0
2023-02-22,4,1,3
2023-02-22,2,1,1
2023-02-22,12,3,9
2023-02-22,14,2,12
2023-02-22,26,0,26
2023-02-22,23,1,22
2023-02-22,10,1,9
2023-02-22,7,2,5
2023-02-22,11,5,6
2023-02-22,10,5,5
2023-02-22,5,3,2
2023-02-22,12,8,4
2023-02-22,16,13,3
2023-02-22,31,27,4
2023-02-22,41,38,3
2023-02-22,14,11,3
2023-02-22,8,7,1
2023-02-22,2,2,0
2023-02-22,6,3,3
2023-02-22,0,0,0
2023-02-22,0,0,0
2023-02-23,1,1,0
2023-02-23,2,2,0
2023-02-23,0,0,0
2023-02-23,2,1,1
2023-02-23,1,0,1
2023-02-23,4,0,4
2023-02-23,10,0,10
2023-02-23,24,2,22
2023-02-23,29,0,29
2023-02-23,12,2,10
2023-02-23,17,2,15
2023-02-23,6,1,5
2023-02-23,8,2,6
2023-02-23,8,3,5
2023-02-23,12,7,5
2023-02-23,24,17,7
2023-02-23,31,26,5
2023-02-23,33,30,3
2023-02-23,15,14,1
2023-02-23,6,6,0
2023-02-23,3,3,0
2023-02-23,1,1,0
2023-02-23,6,6,0
2023-02-23,0,0,0
2023-02-24,1,1,0
2023-02-24,1,1,0
2023-02-24,0,0,0
2023-02-24,2,0,2
2023-02-24,3,1,2
2023-02-24,5,1,4
2023-02-24,13,0,13
2023-02-24,19,2,17
2023-02-24,19,1,18
2023-02-24,13,1,12
2023-02-24,7,0,7
2023-02-24,6,3,3
2023-02-24,10,3,7
2023-02-24,14,11,3
2023-02-24,19,10,9
2023-02-24,20,12,8
2023-02-24,31,25,6
2023-02-24,30,22,8
2023-02-24,15,11,4
2023-02-24,6,6,0
2023-02-24,1,1,0
2023-02-24,6,4,2
2023-02-24,2,1,1
2023-02-24,0,0,0
2023-02-25,4,3,1
2023-02-25,0,0,0
2023-02-25,1,1,0
2023-02-25,1,0,1
2023-02-25,3,0,3
2023-02-25,1,0,1
2023-02-25,6,4,2
2023-02-25,5,3,2
2023-02-25,15,2,13
2023-02-25,34,19,15
2023-02-25,26,14,12
2023-02-25,18,9,9
2023-02-25,24,16,8
2023-02-25,37,17,20
2023-02-25,26,11,15
2023-02-25,17,11,6
2023-02-25,24,14,10
2023-02-25,10,8,2
2023-02-25,8,6,2
2023-02-25,4,4,0
2023-02-25,7,7,0
2023-02-25,2,2,0
2023-02-25,9,2,7
2023-02-25,0,0,0
2023-02-26,1,1,0
2023-02-26,0,0,0
2023-02-26,0,0,0
2023-02-26,1,1,0
2023-02-26,2,1,1
2023-02-26,2,0,2
2023-02-26,0,0,0
2023-02-26,14,0,14
2023-02-26,26,2,24
2023-02-26,6,3,3
2023-02-26,3,0,3
2023-02-26,2,0,2
2023-02-26,12,9,3
2023-02-26,24,14,10
2023-02-26,41,33,8
2023-02-26,17,7,10
2023-02-26,14,10,4
2023-02-26,6,5,1
2023-02-26,8,5,3
2023-02-26,4,4,0
2023-02-26,3,3,0
2023-02-26,0,0,0
2023-02-26,2,0,2
2023-02-26,1,0,1
2023-02-27,0,0,0
2023-02-27,0,0,0
2023-02-27,0,0,0
2023-02-27,0,0,0
2023-02-27,2,0,2
2023-02-27,14,3,11
2023-02-27,18,2,16
2023-02-27,26,1,25
2023-02-27,32,1,31
2023-02-27,13,1,12
2023-02-27,8,3,5
2023-02-27,2,0,2
2023-02-27,5,3,2
2023-02-27,8,5,3
2023-02-27,5,4,1
2023-02-27,14,11,3
2023-02-27,29,25,4
2023-02-27,30,29,1
2023-02-27,14,13,1
2023-02-27,4,4,0
2023-02-27,5,5,0
2023-02-27,1,0,1
2023-02-27,3,0,3
2023-02-27,5,4,1
2023-02-28,1,1,0
2023-02-28,0,0,0
2023-02-28,0,0,0
2023-02-28,1,0,1
2023-02-28,7,2,5
2023-02-28,9,2,7
2023-02-28,24,4,20
2023-02-28,41,2,39
2023-02-28,30,0,30
2023-02-28,16,2,14
2023-02-28,10,0,10
2023-02-28,7,1,6
2023-02-28,7,3,4
2023-02-28,12,7,5
2023-02-28,12,7,5
2023-02-28,22,19,3
2023-02-28,37,34,3
2023-02-28,38,36,2
2023-02-28,22,21,1
2023-02-28,6,4,2
2023-02-28,5,5,0
2023-02-28,2,2,0
2023-02-28,3,2,1
2023-02-28,1,1,0
2023-03-01,2,1,1
2023-03-01,0,0,0
2023-03-01,0,0,0
2023-03-01,1,1,0
2023-03-01,0,0,0
2023-03-01,11,1,10
2023-03-01,22,2,20
2023-03-01,53,3,50
2023-03-01,46,2,44
2023-03-01,15,1,14
2023-03-01,10,2,8
2023-03-01,13,4,9
2023-03-01,7,3,4
2023-03-01,16,8,8
2023-03-01,16,11,5
2023-03-01,34,22,12
2023-03-01,50,45,5
2023-03-01,56,47,9
2023-03-01,25,23,2
2023-03-01,20,13,7
2023-03-01,4,3,1
2023-03-01,4,3,1
2023-03-01,5,2,3
2023-03-01,4,2,2
2023-03-02,0,0,0
2023-03-02,0,0,0
2023-03-02,0,0,0
2023-03-02,1,0,1
2023-03-02,4,2,2
2023-03-02,8,2,6
2023-03-02,17,1,16
2023-03-02,39,3,36
2023-03-02,41,1,40
2023-03-02,11,3,8
2023-03-02,12,2,10
2023-03-02,12,4,8
2023-03-02,13,9,4
2023-03-02,7,3,4
2023-03-02,12,6,6
2023-03-02,20,15,5
2023-03-02,41,36,5
2023-03-02,52,48,4
2023-03-02,18,16,2
2023-03-02,7,7,0
2023-03-02,10,8,2
2023-03-02,3,2,1
2023-03-02,4,3,1
2023-03-02,1,1,0
2023-03-03,0,0,0
2023-03-03,2,1,1
2023-03-03,0,0,0
2023-03-03,1,1,0
2023-03-03,2,0,2
2023-03-03,12,1,11
2023-03-03,19,3,16
2023-03-03,31,4,27
2023-03-03,33,3,30
2023-03-03,16,1,15
2023-03-03,6,0,6
2023-03-03,17,9,8
2023-03-03,17,7,10
2023-03-03,14,10,4
2023-03-03,13,7,6
2023-03-03,18,15,3
2023-03-03,37,29,8
2023-03-03,28,27,1
2023-03-03,13,10,3
2023-03-03,2,2,0
2023-03-03,1,1,0
2023-03-03,4,3,1
2023-03-03,0,0,0
2023-03-03,2,2,0
2023-03-04,1,0,1
2023-03-04,1,1,0
2023-03-04,0,0,0
2023-03-04,0,0,0
2023-03-04,3,0,3
2023-03-04,3,1,2
2023-03-04,4,1,3
2023-03-04,5,2,3
2023-03-04,5,0,5
2023-03-04,6,1,5
2023-03-04,3,3,0
2023-03-04,13,8,5
2023-03-04,11,2,9
2023-03-04,9,6,3
2023-03-04,6,1,5
2023-03-04,11,6,5
2023-03-04,9,5,4
2023-03-04,9,7,2
2023-03-04,6,3,3
2023-03-04,5,3,2
2023-03-04,2,1,1
2023-03-04,8,8,0
2023-03-04,6,6,0
2023-03-04,1,1,0
2023-03-05,2,0,2
2023-03-05,1,1,0
2023-03-05,1,1,0
2023-03-05,0,0,0
2023-03-05,1,0,1
2023-03-05,3,0,3
2023-03-05,3,0,3
2023-03-05,6,0,6
2023-03-05,20,13,7
2023-03-05,36,7,29
2023-03-05,19,7,12
2023-03-05,31,18,13
2023-03-05,58,31,27
2023-03-05,74,39,35
2023-03-05,51,31,20
2023-03-05,48,19,29
2023-03-05,34,21,13
2023-03-05,15,12,3
2023-03-05,5,4,1
2023-03-05,1,1,0
2023-03-05,1,1,0
2023-03-05,1,0,1
2023-03-05,0,0,0
2023-03-05,1,0,1
2023-03-06,1,0,1
2023-03-06,1,0,1
2023-03-06,1,1,0
2023-03-06,3,1,2
2023-03-06,3,1,2
2023-03-06,17,2,15
2023-03-06,23,2,21
2023-03-06,37,1,36
2023-03-06,42,3,39
2023-03-06,25,6,19
2023-03-06,19,7,12
2023-03-06,12,3,9
2023-03-06,14,6,8
2023-03-06,16,10,6
2023-03-06,19,6,13
2023-03-06,31,25,6
2023-03-06,55,47,8
2023-03-06,57,52,5
2023-03-06,15,14,1
2023-03-06,5,4,1
2023-03-06,6,5,1
2023-03-06,5,5,0
2023-03-06,3,1,2
2023-03-06,1,1,0
2023-03-07,0,0,0
2023-03-07,0,0,0
2023-03-07,0,0,0
2023-03-07,1,0,1
2023-03-07,2,0,2
2023-03-07,16,2,14
2023-03-07,42,4,38
2023-03-07,55,2,53
2023-03-07,64,3,61
2023-03-07,24,2,22
2023-03-07,16,5,11
2023-03-07,17,2,15
2023-03-07,30,15,15
2023-03-07,28,17,11
2023-03-07,24,15,9
2023-03-07,42,32,10
2023-03-07,66,60,6
2023-03-07,66,60,6
2023-03-07,21,20,1
2023-03-07,13,9,4
2023-03-07,6,4,2
2023-03-07,5,4,1
2023-03-07,2,2,0
2023-03-07,1,1,0
2023-03-08,0,0,0
2023-03-08,0,0,0
2023-03-08,0,0,0
2023-03-08,1,0,1
2023-03-08,1,0,1
2023-03-08,17,4,13
2023-03-08,35,4,31
2023-03-08,56,3,53
2023-03-08,56,3,53
2023-03-08,27,6,21
2023-03-08,17,4,13
2023-03-08,11,4,7
2023-03-08,10,3,7
2023-03-08,12,7,5
2023-03-08,18,11,7
2023-03-08,25,20,5
2023-03-08,56,50,6
2023-03-08,68,60,8
2023-03-08,24,20,4
2023-03-08,9,8,1
2023-03-08,9,4,5
2023-03-08,7,5,2
2023-03-08,2,2,0
2023-03-08,2,1,1
2023-03-09,0,0,0
2023-03-09,0,0,0
2023-03-09,4,3,1
2023-03-09,4,1,3
2023-03-09,2,0,2
2023-03-09,20,3,17
2023-03-09,26,1,25
2023-03-09,65,6,59
2023-03-09,49,1,48
2023-03-09,25,3,22
2023-03-09,14,3,11
2023-03-09,12,0,12
2023-03-09,16,8,8
2023-03-09,14,6,8
2023-03-09,24,15,9
2023-03-09,38,29,9
2023-03-09,73,60,13
2023-03-09,67,59,8
2023-03-09,28,25,3
2023-03-09,17,16,1
2023-03-09,8,7,1
2023-03-09,4,4,0
2023-03-09,5,3,2
2023-03-09,6,3,3
2023-03-10,1,0,1
2023-03-10,1,1,0
2023-03-10,1,0,1
2023-03-10,1,1,0
2023-03-10,1,0,1
2023-03-10,13,3,10
2023-03-10,17,2,15
2023-03-10,29,4,25
2023-03-10,36,2,34
2023-03-10,20,3,17
2023-03-10,11,1,10
2023-03-10,11,4,7
2023-03-10,11,6,5
2023-03-10,17,10,7
2023-03-10,24,15,9
2023-03-10,34,27,7
2023-03-10,30,26,4
2023-03-10,36,33,3
2023-03-10,10,9,1
2023-03-10,11,9,2
2023-03-10,6,3,3
2023-03-10,2,2,0
2023-03-10,2,1,1
2023-03-10,5,3,2
2023-03-11,0,0,0
2023-03-11,0,0,0
2023-03-11,0,0,0
2023-03-11,1,0,1
2023-03-11,2,0,2
2023-03-11,4,0,4
2023-03-11,3,1,2
2023-03-11,7,1,6
2023-03-11,16,0,16
2023-03-11,30,13,17
2023-03-11,16,8,8
2023-03-11,22,9,13
2023-03-11,20,9,11
2023-03-11,29,18,11
2023-03-11,30,16,14
2023-03-11,36,19,17
2023-03-11,28,12,16
2023-03-11,23,15,8
2023-03-11,12,10,2
2023-03-11,9,8,1
2023-03-11,2,2,0
2023-03-11,6,5,1
2023-03-11,1,1,0
2023-03-11,3,2,1
2023-03-12,3,2,1
2023-03-12,2,1,1
2023-03-12,,,
2023-03-12,0,0,0
2023-03-12,3,1,2
2023-03-12,3,1,2
2023-03-12,3,0,3
2023-03-12,3,0,3
2023-03-12,8,4,4
2023-03-12,13,4,9
2023-03-12,12,6,6
2023-03-12,32,16,16
2023-03-12,25,14,11
2023-03-12,19,12,7
2023-03-12,12,5,7
2023-03-12,8,4,4
2023-03-12,10,5,5
2023-03-12,11,9,2
2023-03-12,3,2,1
2023-03-12,0,0,0
2023-03-12,5,2,3
2023-03-12,3,1,2
2023-03-12,0,0,0
2023-03-12,0,0,0
2023-03-13,0,0,0
2023-03-13,0,0,0
2023-03-13,0,0,0
2023-03-13,0,0,0
2023-03-13,3,1,2
2023-03-13,16,5,11
2023-03-13,18,2,16
2023-03-13,23,2,21
2023-03-13,22,1,21
2023-03-13,17,2,15
2023-03-13,10,3,7
2023-03-13,6,2,4
2023-03-13,14,7,7
2023-03-13,1,1,0
2023-03-13,5,1,4
2023-03-13,14,8,6
2023-03-13,34,26,8
2023-03-13,52,49,3
2023-03-13,23,19,4
2023-03-13,20,17,3
2023-03-13,15,9,6
2023-03-13,8,3,5
2023-03-13,1,0,1
2023-03-13,3,2,1
2023-03-14,0,0,0
2023-03-14,0,0,0
2023-03-14,1,0,1
2023-03-14,2,1,1
2023-03-14,3,0,3
2023-03-14,19,4,15
2023-03-14,31,4,27
2023-03-14,73,7,66
2023-03-14,55,2,53
2023-03-14,28,3,25
2023-03-14,22,7,15
2023-03-14,15,5,10
2023-03-14,22,10,12
2023-03-14,21,12,9
2023-03-14,38,25,13
2023-03-14,43,28,15
2023-03-14,90,73,17
2023-03-14,103,88,15
2023-03-14,54,37,17
2023-03-14,22,16,6
2023-03-14,7,5,2
2023-03-14,7,7,0
2023-03-14,2,2,0
2023-03-14,3,2,1
2023-03-15,1,1,0
2023-03-15,0,0,0
2023-03-15,1,1,0
2023-03-15,0,0,0
2023-03-15,1,0,1
2023-03-15,25,7,18
2023-03-15,41,4,37
2023-03-15,58,4,54
2023-03-15,82,3,79
2023-03-15,28,2,26
2023-03-15,11,4,7
2023-03-15,23,11,12
2023-03-15,22,10,12
2023-03-15,21,15,6
2023-03-15,23,12,11
2023-03-15,42,29,13
2023-03-15,86,63,23
2023-03-15,89,82,7
2023-03-15,46,38,8
2023-03-15,18,13,5
2023-03-15,8,4,4
2023-03-15,7,5,2
2023-03-15,1,0,1
2023-03-15,4,2,2
2023-03-16,1,1,0
2023-03-16,1,1,0
2023-03-16,1,1,0
2023-03-16,0,0,0
2023-03-16,4,0,4
2023-03-16,29,5,24
2023-03-16,31,4,27
2023-03-16,65,4,61
2023-03-16,69,1,68
2023-03-16,28,6,22
2023-03-16,20,8,12
2023-03-16,16,8,8
2023-03-16,27,14,13
2023-03-16,21,12,9
2023-03-16,20,13,7
2023-03-16,48,37,11
2023-03-16,70,61,9
2023-03-16,78,70,8
2023-03-16,57,48,9
2023-03-16,17,15,2
2023-03-16,8,5,3
2023-03-16,7,5,2
2023-03-16,4,4,0
2023-03-16,1,1,0
2023-03-17,0,0,0
2023-03-17,1,1,0
2023-03-17,1,1,0
2023-03-17,1,0,1
2023-03-17,5,2,3
2023-03-17,17,1,16
2023-03-17,23,5,18
2023-03-17,45,7,38
2023-03-17,42,1,41
2023-03-17,28,2,26
2023-03-17,13,4,9
2023-03-17,25,9,16
2023-03-17,32,15,17
2023-03-17,45,21,24
2023-03-17,44,22,22
2023-03-17,56,41,15
2023-03-17,78,56,22
2023-03-17,73,57,16
2023-03-17,28,24,4
2023-03-17,15,10,5
2023-03-17,9,5,4
2023-03-17,7,4,3
2023-03-17,2,2,0
2023-03-17,7,4,3
2023-03-18,0,0,0
2023-03-18,1,1,0
2023-03-18,2,1,1
2023-03-18,1,1,0
2023-03-18,1,0,1
2023-03-18,7,1,6
2023-03-18,10,4,6
2023-03-18,13,4,9
2023-03-18,39,13,26
2023-03-18,28,11,17
2023-03-18,44,19,25
2023-03-18,83,32,51
2023-03-18,104,42,62
2023-03-18,111,61,50
2023-03-18,121,56,65
2023-03-18,110,68,42
2023-03-18,78,50,28
2023-03-18,58,40,18
2023-03-18,38,19,19
2023-03-18,25,14,11
2023-03-18,2,0,2
2023-03-18,12,8,4
2023-03-18,3,3,0
2023-03-18,4,1,3
2023-03-19,1,1,0
2023-03-19,1,1,0
2023-03-19,1,1,0
2023-03-19,0,0,0
2023-03-19,1,0,1
2023-03-19,7,2,5
2023-03-19,3,0,3
2023-03-19,8,4,4
2023-03-19,23,13,10
2023-03-19,68,34,34
2023-03-19,38,20,18
2023-03-19,53,20,33
2023-03-19,42,28,14
2023-03-19,49,21,28
2023-03-19,27,15,12
2023-03-19,34,24,10
2023-03-19,28,19,9
2023-03-19,19,12,7
2023-03-19,3,0,3
2023-03-19,6,2,4
2023-03-19,6,4,2
2023-03-19,2,1,1
2023-03-19,3,2,1
2023-03-19,1,1,0
2023-03-20,0,0,0
2023-03-20,0,0,0
2023-03-20,0,0,0
2023-03-20,0,0,0
2023-03-20,0,0,0
2023-03-20,0,0,0
2023-03-20,0,0,0
2023-03-20,0,0,0
2023-03-20,0,0,0
2023-03-20,0,0,0
2023-03-20,0,0,0
2023-03-20,2,0,2
2023-03-20,3,0,3
2023-03-20,6,0,6
2023-03-20,10,0,10
2023-03-20,22,0,22
2023-03-20,40,0,40
2023-03-20,46,2,44
2023-03-20,31,0,31
2023-03-20,12,0,12
2023-03-20,4,0,4
2023-03-20,5,0,5
2023-03-20,2,0,2
2023-03-20,0,0,0
2023-03-21,2,0,2
2023-03-21,0,0,0
2023-03-21,1,0,1
2023-03-21,0,0,0
2023-03-21,5,0,5
2023-03-21,15,0,15
2023-03-21,35,0,35
2023-03-21,65,0,65
2023-03-21,83,0,83
2023-03-21,33,0,33
2023-03-21,18,0,18
2023-03-21,14,0,14
2023-03-21,8,0,8
2023-03-21,17,0,17
2023-03-21,16,0,16
2023-03-21,43,0,43
2023-03-21,87,0,87
2023-03-21,103,0,103
2023-03-21,49,1,48
2023-03-21,28,0,28
2023-03-21,10,0,10
2023-03-21,12,0,12
2023-03-21,4,0,4
2023-03-21,2,0,2
2023-03-22,1,0,1
2023-03-22,1,0,1
2023-03-22,1,0,1
2023-03-22,0,0,0
2023-03-22,2,0,2
2023-03-22,15,0,15
2023-03-22,40,1,39
2023-03-22,49,0,49
2023-03-22,84,1,83
2023-03-22,103,30,73
2023-03-22,21,7,14
2023-03-22,23,6,17
2023-03-22,30,13,17
2023-03-22,32,11,21
2023-03-22,36,21,15
2023-03-22,68,46,22
2023-03-22,97,74,23
2023-03-22,125,105,20
2023-03-22,72,46,26
2023-03-22,29,24,5
2023-03-22,16,10,6
2023-03-22,10,8,2
2023-03-22,9,3,6
2023-03-22,7,4,3
2023-03-23,1,0,1
2023-03-23,2,2,0
2023-03-23,0,0,0
2023-03-23,0,0,0
2023-03-23,2,0,2
2023-03-23,13,3,10
2023-03-23,28,4,24
2023-03-23,42,4,38
2023-03-23,64,3,61
2023-03-23,31,6,25
2023-03-23,15,5,10
2023-03-23,10,2,8
2023-03-23,7,2,5
2023-03-23,4,2,2
2023-03-23,16,15,1
2023-03-23,17,14,3
2023-03-23,43,34,9
2023-03-23,58,53,5
2023-03-23,34,31,3
2023-03-23,13,9,4
2023-03-23,6,4,2
2023-03-23,4,4,0
2023-03-23,3,3,0
2023-03-23,3,2,1
2023-03-24,4,0,4
2023-03-24,1,1,0
2023-03-24,0,0,0
2023-03-24,0,0,0
2023-03-24,5,2,3
2023-03-24,13,2,11
2023-03-24,17,2,15
2023-03-24,28,3,25
2023-03-24,33,3,30
2023-03-24,18,2,16
2023-03-24,4,0,4
2023-03-24,9,5,4
2023-03-24,15,8,7
2023-03-24,8,4,4
2023-03-24,8,4,4
2023-03-24,21,15,6
2023-03-24,35,30,5
2023-03-24,31,23,8
2023-03-24,23,19,4
2023-03-24,6,4,2
2023-03-24,4,2,2
2023-03-24,6,6,0
2023-03-24,1,1,0
2023-03-24,1,1,0
2023-03-25,1,0,1
2023-03-25,1,1,0
2023-03-25,0,0,0
2023-03-25,0,0,0
2023-03-25,0,0,0
2023-03-25,3,0,3
2023-03-25,6,1,5
2023-03-25,2,0,2
2023-03-25,15,7,8
2023-03-25,21,8,13
2023-03-25,14,5,9
2023-03-25,31,15,16
2023-03-25,21,11,10
2023-03-25,28,17,11
2023-03-25,42,23,19
2023-03-25,33,19,14
2023-03-25,35,16,19
2023-03-25,33,14,19
2023-03-25,19,10,9
2023-03-25,9,7,2
2023-03-25,9,5,4
2023-03-25,7,3,4
2023-03-25,4,3,1
2023-03-25,5,5,0
2023-03-26,3,2,1
2023-03-26,2,2,0
2023-03-26,1,1,0
2023-03-26,0,0,0
2023-03-26,1,0,1
2023-03-26,1,0,1
2023-03-26,7,1,6
2023-03-26,5,1,4
2023-03-26,14,2,12
2023-03-26,29,7,22
2023-03-26,17,4,13
2023-03-26,63,49,14
2023-03-26,50,23,27
2023-03-26,48,23,25
2023-03-26,47,26,21
2023-03-26,49,25,24
2023-03-26,42,19,23
2023-03-26,26,14,12
2023-03-26,15,9,6
2023-03-26,5,4,1
2023-03-26,6,4,2
2023-03-26,3,1,2
2023-03-26,3,3,0
2023-03-26,1,1,0
2023-03-27,1,1,0
2023-03-27,0,0,0
2023-03-27,0,0,0
2023-03-27,1,0,1
2023-03-27,4,0,4
2023-03-27,9,2,7
2023-03-27,30,3,27
2023-03-27,25,2,23
2023-03-27,84,3,81
2023-03-27,39,3,36
2023-03-27,25,9,16
2023-03-27,14,3,11
2023-03-27,15,10,5
2023-03-27,24,10,14
2023-03-27,20,10,10
2023-03-27,34,26,8
2023-03-27,72,54,18
2023-03-27,91,80,11
2023-03-27,45,38,7
2023-03-27,25,21,4
2023-03-27,10,5,5
2023-03-27,9,5,4
2023-03-27,2,2,0
2023-03-27,0,0,0
2023-03-28,1,1,0
2023-03-28,1,1,0
2023-03-28,2,1,1
2023-03-28,0,0,0
2023-03-28,4,0,4
2023-03-28,18,3,15
2023-03-28,44,6,38
2023-03-28,76,10,66
2023-03-28,96,5,91
2023-03-28,45,5,40
2023-03-28,21,5,16
2023-03-28,17,1,16
2023-03-28,23,10,13
2023-03-28,25,12,13
2023-03-28,25,16,9
2023-03-28,59,42,17
2023-03-28,90,71,19
2023-03-28,110,100,10
2023-03-28,47,40,7
2023-03-28,19,15,4
2023-03-28,10,6,4
2023-03-28,2,2,0
2023-03-28,3,2,1
2023-03-28,3,2,1
2023-03-29,1,1,0
2023-03-29,1,0,1
2023-03-29,0,0,0
2023-03-29,1,0,1
2023-03-29,5,0,5
2023-03-29,20,3,17
2023-03-29,45,5,40
2023-03-29,76,6,70
2023-03-29,85,8,77
2023-03-29,42,8,34
2023-03-29,31,10,21
2023-03-29,24,7,17
2023-03-29,23,9,14
2023-03-29,33,16,17
2023-03-29,32,14,18
2023-03-29,51,38,13
2023-03-29,88,68,20
2023-03-29,132,103,29
2023-03-29,58,48,10
2023-03-29,35,29,6
2023-03-29,14,9,5
2023-03-29,8,5,3
2023-03-29,6,4,2
2023-03-29,1,1,0
2023-03-30,4,4,0
2023-03-30,0,0,0
2023-03-30,1,0,1
2023-03-30,1,0,1
2023-03-30,3,1,2
2023-03-30,16,5,11
2023-03-30,38,3,35
2023-03-30,68,5,63
2023-03-30,89,4,85
2023-03-30,31,4,27
2023-03-30,27,7,20
2023-03-30,11,4,7
2023-03-30,22,11,11
2023-03-30,15,3,12
2023-03-30,38,16,22
2023-03-30,38,26,12
2023-03-30,87,59,28
2023-03-30,103,88,15
2023-03-30,64,53,11
2023-03-30,19,12,7
2023-03-30,24,19,5
2023-03-30,19,16,3
2023-03-30,17,16,1
2023-03-30,10,4,6
2023-03-31,3,1,2
2023-03-31,0,0,0
2023-03-31,2,2,0
2023-03-31,1,0,1
2023-03-31,1,0,1
2023-03-31,11,2,9
2023-03-31,20,2,18
2023-03-31,30,3,27
2023-03-31,36,2,34
2023-03-31,27,3,24
2023-03-31,13,3,10
2023-03-31,9,2,7
2023-03-31,10,2,8
2023-03-31,11,6,5
2023-03-31,16,10,6
2023-03-31,24,19,5
2023-03-31,26,25,1
2023-03-31,32,29,3
2023-03-31,23,20,3
2023-03-31,10,7,3
2023-03-31,3,3,0
2023-03-31,3,3,0
2023-03-31,7,6,1
2023-03-31,2,2,0
2023-04-01,0,0,0
2023-04-01,0,0,0
2023-04-01,0,0,0
2023-04-01,0,0,0
2023-04-01,0,0,0
2023-04-01,1,0,1
2023-04-01,2,0,2
2023-04-01,5,3,2
2023-04-01,12,1,11
2023-04-01,20,9,11
2023-04-01,22,14,8
2023-04-01,12,7,5
2023-04-01,15,11,4
2023-04-01,23,8,15
2023-04-01,23,8,15
2023-04-01,21,14,7
2023-04-01,34,13,21
2023-04-01,22,9,13
2023-04-01,15,5,10
2023-04-01,11,3,8
2023-04-01,5,2,3
2023-04-01,11,9,2
2023-04-01,5,5,0
2023-04-01,3,2,1
2023-04-02,4,3,1
2023-04-02,0,0,0
2023-04-02,0,0,0
2023-04-02,0,0,0
2023-04-02,0,0,0
2023-04-02,2,0,2
2023-04-02,3,0,3
2023-04-02,5,0,5
2023-04-02,4,3,1
2023-04-02,12,4,8
2023-04-02,11,5,6
2023-04-02,14,6,8
2023-04-02,15,6,9
2023-04-02,26,11,15
2023-04-02,22,11,11
2023-04-02,19,11,8
2023-04-02,38,24,14
2023-04-02,16,10,6
2023-04-02,6,3,3
2023-04-02,4,1,3
2023-04-02,5,2,3
2023-04-02,1,1,0
2023-04-02,1,1,0
2023-04-02,0,0,0
2023-04-03,0,0,0
2023-04-03,0,0,0
2023-04-03,0,0,0
2023-04-03,1,0,1
2023-04-03,2,0,2
2023-04-03,12,4,8
2023-04-03,22,5,17
2023-04-03,41,5,36
2023-04-03,63,5,58
2023-04-03,21,1,20
2023-04-03,10,3,7
2023-04-03,6,2,4
2023-04-03,6,2,4
2023-04-03,7,3,4
2023-04-03,12,5,7
2023-04-03,31,20,11
2023-04-03,39,29,10
2023-04-03,68,60,8
2023-04-03,41,34,7
2023-04-03,24,18,6
2023-04-03,6,4,2
2023-04-03,6,6,0
2023-04-03,3,3,0
2023-04-03,1,0,1
2023-04-04,0,0,0
2023-04-04,0,0,0
2023-04-04,0,0,0
2023-04-04,0,0,0
2023-04-04,4,0,4
2023-04-04,23,6,17
2023-04-04,31,5,26
2023-04-04,65,3,62
2023-04-04,100,4,96
2023-04-04,31,1,30
2023-04-04,13,4,9
2023-04-04,16,2,14
2023-04-04,16,6,10
2023-04-04,16,8,8
2023-04-04,40,25,15
2023-04-04,47,32,15
2023-04-04,96,74,22
2023-04-04,115,87,28
2023-04-04,64,51,13
2023-04-04,23,19,4
2023-04-04,12,8,4
2023-04-04,10,9,1
2023-04-04,2,2,0
2023-04-04,0,0,0
2023-04-05,1,1,0
2023-04-05,0,0,0
2023-04-05,0,0,0
2023-04-05,1,0,1
2023-04-05,3,0,3
2023-04-05,18,4,14
2023-04-05,39,4,35
2023-04-05,66,4,62
2023-04-05,86,3,83
2023-04-05,38,4,34
2023-04-05,25,4,21
2023-04-05,21,3,18
2023-04-05,28,5,23
2023-04-05,22,10,12
2023-04-05,30,14,16
2023-04-05,53,39,14
2023-04-05,87,73,14
2023-04-05,108,86,22
2023-04-05,51,46,5
2023-04-05,44,36,8
2023-04-05,8,4,4
2023-04-05,8,7,1
2023-04-05,9,6,3
2023-04-05,1,1,0
2023-04-06,2,2,0
2023-04-06,2,1,1
2023-04-06,3,2,1
2023-04-06,2,0,2
2023-04-06,3,0,3
2023-04-06,9,2,7
2023-04-06,22,2,20
2023-04-06,39,3,36
2023-04-06,46,1,45
2023-04-06,17,1,16
2023-04-06,7,3,4
2023-04-06,6,0,6
2023-04-06,7,1,6
2023-04-06,2,1,1
2023-04-06,10,7,3
2023-04-06,16,14,2
2023-04-06,37,27,10
2023-04-06,45,41,4
2023-04-06,24,18,6
2023-04-06,15,15,0
2023-04-06,7,7,0
2023-04-06,3,1,2
2023-04-06,3,3,0
2023-04-06,3,2,1
2023-04-07,2,0,2
2023-04-07,1,1,0
2023-04-07,1,1,0
2023-04-07,0,0,0
2023-04-07,3,1,2
2023-04-07,9,2,7
2023-04-07,17,2,15
2023-04-07,26,2,24
2023-04-07,37,3,34
2023-04-07,17,4,13
2023-04-07,13,6,7
2023-04-07,15,5,10
2023-04-07,13,4,9
2023-04-07,15,7,8
2023-04-07,32,18,14
2023-04-07,29,24,5
2023-04-07,46,31,15
2023-04-07,58,46,12
2023-04-07,41,25,16
2023-04-07,25,12,13
2023-04-07,11,9,2
2023-04-07,3,1,2
2023-04-07,5,4,1
2023-04-07,5,4,1
2023-04-08,1,0,1
2023-04-08,0,0,0
2023-04-08,1,0,1
2023-04-08,2,2,0
2023-04-08,2,1,1
2023-04-08,5,1,4
2023-04-08,6,1,5
2023-04-08,5,3,2
2023-04-08,12,5,7
2023-04-08,16,6,10
2023-04-08,24,17,7
2023-04-08,24,14,10
2023-04-08,19,7,12
2023-04-08,14,8,6
2023-04-08,10,6,4
2023-04-08,12,4,8
2023-04-08,6,4,2
2023-04-08,6,4,2
2023-04-08,6,3,3
2023-04-08,4,2,2
2023-04-08,1,1,0
2023-04-08,8,6,2
2023-04-08,4,4,0
2023-04-08,6,4,2
2023-04-09,1,1,0
2023-04-09,0,0,0
2023-04-09,3,2,1
2023-04-09,0,0,0
2023-04-09,3,0,3
2023-04-09,1,0,1
2023-04-09,1,0,1
2023-04-09,1,0,1
2023-04-09,2,1,1
2023-04-09,8,1,7
2023-04-09,1,0,1
2023-04-09,2,1,1
2023-04-09,4,1,3
2023-04-09,5,3,2
2023-04-09,3,0,3
2023-04-09,3,1,2
2023-04-09,8,5,3
2023-04-09,7,3,4
2023-04-09,2,1,1
2023-04-09,1,1,0
2023-04-09,4,3,1
2023-04-09,0,0,0
2023-04-09,1,1,0
2023-04-09,4,2,2
2023-04-10,0,0,0
2023-04-10,0,0,0
2023-04-10,0,0,0
2023-04-10,1,0,1
2023-04-10,2,0,2
2023-04-10,8,2,6
2023-04-10,20,3,17
2023-04-10,29,1,28
2023-04-10,34,1,33
2023-04-10,11,0,11
2023-04-10,4,0,4
2023-04-10,31,1,30
2023-04-10,3,1,2
2023-04-10,3,1,2
2023-04-10,10,5,5
2023-04-10,14,11,3
2023-04-10,19,17,2
2023-04-10,45,43,2
2023-04-10,20,20,0
2023-04-10,6,6,0
2023-04-10,4,2,2
2023-04-10,2,2,0
2023-04-10,3,1,2
2023-04-10,1,1,0
2023-04-11,1,0,1
2023-04-11,2,1,1
2023-04-11,0,0,0
2023-04-11,0,0,0
2023-04-11,4,0,4
2023-04-11,14,3,11
2023-04-11,17,3,14
2023-04-11,51,5,46
2023-04-11,35,0,35
2023-04-11,22,2,20
2023-04-11,15,5,10
2023-04-11,5,1,4
2023-04-11,10,4,6
2023-04-11,6,2,4
2023-04-11,11,5,6
2023-04-11,33,25,8
2023-04-11,55,36,19
2023-04-11,71,58,13
2023-04-11,49,40,9
2023-04-11,23,13,10
2023-04-11,8,7,1
2023-04-11,9,7,2
2023-04-11,5,4,1
2023-04-11,3,2,1
2023-04-12,0,0,0
2023-04-12,2,2,0
2023-04-12,0,0,0
2023-04-12,4,0,4
2023-04-12,1,0,1
2023-04-12,18,4,14
2023-04-12,27,3,24
2023-04-12,62,2,60
2023-04-12,71,3,68
2023-04-12,43,6,37
2023-04-12,19,7,12
2023-04-12,24,10,14
2023-04-12,20,9,11
2023-04-12,36,16,20
2023-04-12,37,18,19
2023-04-12,40,26,14
2023-04-12,71,49,22
2023-04-12,89,78,11
2023-04-12,62,43,19
2023-04-12,28,15,13
2023-04-12,14,10,4
2023-04-12,11,10,1
2023-04-12,6,6,0
2023-04-12,5,5,0
2023-04-13,0,0,0
2023-04-13,0,0,0
2023-04-13,1,1,0
2023-04-13,0,0,0
2023-04-13,4,0,4
2023-04-13,18,4,14
2023-04-13,23,2,21
2023-04-13,50,2,48
2023-04-13,60,4,56
2023-04-13,22,0,22
2023-04-13,24,8,16
2023-04-13,12,5,7
2023-04-13,17,4,13
2023-04-13,11,4,7
2023-04-13,17,9,8
2023-04-13,32,22,10
2023-04-13,64,52,12
2023-04-13,77,61,16
2023-04-13,38,27,11
2023-04-13,25,21,4
2023-04-13,21,18,3
2023-04-13,12,9,3
2023-04-13,6,6,0
2023-04-13,1,1,0
2023-04-14,3,2,1
2023-04-14,2,2,0
2023-04-14,1,0,1
2023-04-14,3,1,2
2023-04-14,3,0,3
2023-04-14,14,2,12
2023-04-14,19,1,18
2023-04-14,32,2,30
2023-04-14,47,5,42
2023-04-14,19,1,18
2023-04-14,21,5,16
2023-04-14,14,6,8
2023-04-14,37,18,19
2023-04-14,29,21,8
2023-04-14,42,25,17
2023-04-14,59,35,24
2023-04-14,73,44,29
2023-04-14,73,50,23
2023-04-14,38,26,12
2023-04-14,24,11,13
2023-04-14,11,7,4
2023-04-14,13,7,6
2023-04-14,19,16,3
2023-04-14,3,2,1
2023-04-15,3,2,1
2023-04-15,1,1,0
2023-04-15,0,0,0
2023-04-15,0,0,0
2023-04-15,3,0,3
2023-04-15,3,0,3
2023-04-15,4,0,4
2023-04-15,9,3,6
2023-04-15,26,6,20
2023-04-15,31,14,17
2023-04-15,36,20,16
2023-04-15,32,15,17
2023-04-15,24,9,15
2023-04-15,40,25,15
2023-04-15,19,12,7
2023-04-15,25,11,14
2023-04-15,23,13,10
2023-04-15,16,8,8
2023-04-15,9,5,4
2023-04-15,7,5,2
2023-04-15,6,2,4
2023-04-15,16,15,1
2023-04-15,8,6,2
2023-04-15,4,2,2
2023-04-16,2,2,0
2023-04-16,2,1,1
2023-04-16,3,3,0
2023-04-16,2,0,2
2023-04-16,1,0,1
2023-04-16,1,0,1
2023-04-16,2,0,2
2023-04-16,1,0,1
2023-04-16,5,3,2
2023-04-16,6,1,5
2023-04-16,8,1,7
2023-04-16,17,2,15
2023-04-16,26,3,23
2023-04-16,15,3,12
2023-04-16,6,3,3
2023-04-16,12,7,5
2023-04-16,8,6,2
2023-04-16,8,4,4
2023-04-16,7,2,5
2023-04-16,4,1,3
2023-04-16,3,2,1
2023-04-16,3,2,1
2023-04-16,1,1,0
2023-04-16,0,0,0
2023-04-17,0,0,0
2023-04-17,0,0,0
2023-04-17,0,0,0
2023-04-17,2,0,2
2023-04-17,3,0,3
2023-04-17,13,4,9
2023-04-17,26,2,24
2023-04-17,45,4,41
2023-04-17,54,3,51
2023-04-17,42,12,30
2023-04-17,14,4,10
2023-04-17,17,5,12
2023-04-17,19,9,10
2023-04-17,16,11,5
2023-04-17,12,8,4
2023-04-17,24,20,4
2023-04-17,26,23,3
2023-04-17,77,70,7
2023-04-17,28,21,7
2023-04-17,14,9,5
2023-04-17,4,3,1
2023-04-17,6,4,2
2023-04-17,3,2,1
2023-04-17,1,0,1
2023-04-18,1,1,0
2023-04-18,0,0,0
2023-04-18,1,1,0
2023-04-18,2,0,2
2023-04-18,4,1,3
2023-04-18,11,4,7
2023-04-18,20,2,18
2023-04-18,45,4,41
2023-04-18,55,4,51
2023-04-18,22,2,20
2023-04-18,18,2,16
2023-04-18,5,1,4
2023-04-18,9,3,6
2023-04-18,10,8,2
2023-04-18,9,5,4
2023-04-18,17,13,4
2023-04-18,48,40,8
2023-04-18,73,64,9
2023-04-18,24,21,3
2023-04-18,22,11,11
2023-04-18,8,5,3
2023-04-18,6,5,1
2023-04-18,4,4,0
2023-04-18,2,1,1
2023-04-19,2,1,1
2023-04-19,0,0,0
2023-04-19,2,2,0
2023-04-19,0,0,0
2023-04-19,2,0,2
2023-04-19,11,3,8
2023-04-19,29,5,24
2023-04-19,53,2,51
2023-04-19,50,3,47
2023-04-19,35,2,33
2023-04-19,19,5,14
2023-04-19,18,4,14
2023-04-19,11,5,6
2023-04-19,18,8,10
2023-04-19,18,10,8
2023-04-19,38,21,17
2023-04-19,54,39,15
2023-04-19,90,75,15
2023-04-19,40,31,9
2023-04-19,32,23,9
2023-04-19,10,7,3
2023-04-19,9,4,5
2023-04-19,12,6,6
2023-04-19,6,5,1
2023-04-20,1,0,1
2023-04-20,1,1,0
2023-04-20,1,1,0
2023-04-20,2,1,1
2023-04-20,3,0,3
2023-04-20,15,4,11
2023-04-20,35,5,30
2023-04-20,43,1,42
2023-04-20,57,1,56
2023-04-20,35,3,32
2023-04-20,16,7,9
2023-04-20,15,4,11
2023-04-20,8,5,3
2023-04-20,8,3,5
2023-04-20,7,5,2
2023-04-20,22,16,6
2023-04-20,33,29,4
2023-04-20,67,57,10
2023-04-20,31,27,4
2023-04-20,10,8,2
2023-04-20,14,11,3
2023-04-20,4,2,2
2023-04-20,4,3,1
2023-04-20,1,1,0
2023-04-21,3,3,0
2023-04-21,0,0,0
2023-04-21,1,1,0
2023-04-21,0,0,0
2023-04-21,6,0,6
2023-04-21,17,2,15
2023-04-21,28,3,25
2023-04-21,39,4,35
2023-04-21,50,5,45
2023-04-21,28,1,27
2023-04-21,18,7,11
2023-04-21,15,6,9
2023-04-21,17,7,10
2023-04-21,16,8,8
2023-04-21,18,9,9
2023-04-21,43,33,10
2023-04-21,59,48,11
2023-04-21,50,43,7
2023-04-21,33,23,10
2023-04-21,11,10,1
2023-04-21,7,4,3
2023-04-21,10,9,1
2023-04-21,5,2,3
2023-04-21,2,1,1
2023-04-22,2,2,0
2023-04-22,0,0,0
2023-04-22,3,0,3
2023-04-22,2,0,2
2023-04-22,0,0,0
2023-04-22,3,1,2
2023-04-22,6,0,6
2023-04-22,4,0,4
2023-04-22,29,8,21
2023-04-22,39,15,24
2023-04-22,38,21,17
2023-04-22,39,14,25
2023-04-22,54,29,25
2023-04-22,42,22,20
2023-04-22,55,24,31
2023-04-22,54,37,17
2023-04-22,45,18,27
2023-04-22,38,12,26
2023-04-22,31,18,13
2023-04-22,10,6,4
2023-04-22,5,3,2
2023-04-22,17,16,1
2023-04-22,22,18,4
2023-04-22,7,5,2
2023-04-23,2,2,0
2023-04-23,2,1,1
2023-04-23,3,1,2
2023-04-23,2,1,1
2023-04-23,0,0,0
2023-04-23,2,2,0
2023-04-23,4,1,3
2023-04-23,11,7,4
2023-04-23,9,4,5
2023-04-23,16,8,8
2023-04-23,21,7,14
2023-04-23,30,10,20
2023-04-23,46,15,31
2023-04-23,34,16,18
2023-04-23,33,10,23
2023-04-23,24,16,8
2023-04-23,39,22,17
2023-04-23,14,6,8
2023-04-23,5,1,4
2023-04-23,7,5,2
2023-04-23,6,4,2
2023-04-23,7,5,2
2023-04-23,2,1,1
2023-04-23,1,1,0
2023-04-24,4,1,3
2023-04-24,1,0,1
2023-04-24,0,0,0
2023-04-24,1,0,1
2023-04-24,5,0,5
2023-04-24,14,3,11
2023-04-24,28,3,25
2023-04-24,51,5,46
2023-04-24,66,5,61
2023-04-24,26,2,24
2023-04-24,15,3,12
2023-04-24,15,6,9
2023-04-24,14,6,8
2023-04-24,17,9,8
2023-04-24,18,10,8
2023-04-24,38,22,16
2023-04-24,78,60,18
2023-04-24,79,70,9
2023-04-24,45,28,17
2023-04-24,24,15,9
2023-04-24,4,4,0
2023-04-24,16,12,4
2023-04-24,4,2,2
2023-04-24,2,2,0
2023-04-25,1,1,0
2023-04-25,0,0,0
2023-04-25,0,0,0
2023-04-25,1,0,1
2023-04-25,8,0,8
2023-04-25,25,5,20
2023-04-25,43,4,39
2023-04-25,83,1,82
2023-04-25,97,11,86
2023-04-25,33,2,31
2023-04-25,18,4,14
2023-04-25,10,2,8
2023-04-25,23,9,14
2023-04-25,15,7,8
2023-04-25,36,24,12
2023-04-25,47,33,14
2023-04-25,109,89,20
2023-04-25,132,110,22
2023-04-25,82,56,26
2023-04-25,43,26,17
2023-04-25,21,16,5
2023-04-25,8,4,4
2023-04-25,8,5,3
2023-04-25,5,4,1
2023-04-26,2,2,0
2023-04-26,4,3,1
2023-04-26,2,0,2
2023-04-26,3,2,1
2023-04-26,5,0,5
2023-04-26,18,2,16
2023-04-26,41,4,37
2023-04-26,88,7,81
2023-04-26,100,3,97
2023-04-26,47,8,39
2023-04-26,25,7,18
2023-04-26,26,9,17
2023-04-26,29,13,16
2023-04-26,32,15,17
2023-04-26,28,18,10
2023-04-26,65,42,23
2023-04-26,106,76,30
2023-04-26,135,112,23
2023-04-26,65,57,8
2023-04-26,39,23,16
2023-04-26,26,17,9
2023-04-26,15,3,12
2023-04-26,6,4,2
2023-04-26,4,3,1
2023-04-27,0,0,0
2023-04-27,0,0,0
2023-04-27,0,0,0
2023-04-27,2,1,1
2023-04-27,7,1,6
2023-04-27,23,3,20
2023-04-27,44,3,41
2023-04-27,76,5,71
2023-04-27,101,7,94
2023-04-27,48,6,42
2023-04-27,22,8,14
2023-04-27,24,6,18
2023-04-27,27,14,13
2023-04-27,31,14,17
2023-04-27,33,18,15
2023-04-27,47,31,16
2023-04-27,104,83,21
2023-04-27,107,88,19
2023-04-27,87,68,19
2023-04-27,48,30,18
2023-04-27,20,13,7
2023-04-27,16,9,7
2023-04-27,10,2,8
2023-04-27,5,5,0
2023-04-28,2,2,0
2023-04-28,0,0,0
2023-04-28,1,0,1
2023-04-28,0,0,0
2023-04-28,5,0,5
2023-04-28,25,3,22
2023-04-28,31,2,29
2023-04-28,54,2,52
2023-04-28,62,9,53
2023-04-28,43,2,41
2023-04-28,39,11,28
2023-04-28,36,17,19
2023-04-28,45,20,25
2023-04-28,47,28,19
2023-04-28,57,39,18
2023-04-28,85,60,25
2023-04-28,87,63,24
2023-04-28,100,75,25
2023-04-28,78,47,31
2023-04-28,26,15,11
2023-04-28,21,9,12
2023-04-28,15,7,8
2023-04-28,16,9,7
2023-04-28,6,4,2
2023-04-29,2,2,0
2023-04-29,4,3,1
2023-04-29,1,1,0
2023-04-29,0,0,0
2023-04-29,2,0,2
2023-04-29,6,1,5
2023-04-29,11,1,10
2023-04-29,18,8,10
2023-04-29,50,19,31
2023-04-29,69,34,35
2023-04-29,110,60,50
2023-04-29,105,52,53
2023-04-29,112,49,63
2023-04-29,114,56,58
2023-04-29,89,40,49
2023-04-29,104,36,68
2023-04-29,78,51,27
2023-04-29,76,39,37
2023-04-29,77,37,40
2023-04-29,38,20,18
2023-04-29,24,17,7
2023-04-29,12,7,5
2023-04-29,6,4,2
2023-04-29,4,2,2
2023-04-30,6,3,3
2023-04-30,2,1,1
2023-04-30,1,0,1
2023-04-30,1,1,0
2023-04-30,3,1,2
2023-04-30,2,2,0
2023-04-30,8,2,6
2023-04-30,13,6,7
2023-04-30,15,5,10
2023-04-30,21,8,13
2023-04-30,42,21,21
2023-04-30,59,29,30
2023-04-30,41,13,28
2023-04-30,42,26,16
2023-04-30,45,23,22
2023-04-30,28,15,13
2023-04-30,36,18,18
2023-04-30,24,12,12
2023-04-30,14,5,9
2023-04-30,13,7,6
2023-04-30,11,8,3
2023-04-30,8,5,3
2023-04-30,2,1,1
2023-04-30,3,2,1
2023-05-01,1,0,1
2023-05-01,0,0,0
2023-05-01,0,0,0
2023-05-01,1,0,1
2023-05-01,4,1,3
2023-05-01,24,6,18
2023-05-01,36,3,33
2023-05-01,76,0,76
2023-05-01,81,5,76
2023-05-01,33,4,29
2023-05-01,17,3,14
2023-05-01,17,4,13
2023-05-01,18,9,9
2023-05-01,23,13,10
2023-05-01,24,13,11
2023-05-01,27,21,6
2023-05-01,69,61,8
2023-05-01,96,87,9
2023-05-01,46,41,5
2023-05-01,14,11,3
2023-05-01,9,7,2
2023-05-01,3,2,1
2023-05-01,3,1,2
2023-05-01,3,2,1
2023-05-02,1,0,1
2023-05-02,0,0,0
2023-05-02,1,1,0
2023-05-02,1,0,1
2023-05-02,5,0,5
2023-05-02,21,6,15
2023-05-02,58,8,50
2023-05-02,95,4,91
2023-05-02,114,7,107
2023-05-02,42,1,41
2023-05-02,22,9,13
2023-05-02,18,7,11
2023-05-02,24,14,10
2023-05-02,32,17,15
2023-05-02,34,20,14
2023-05-02,59,40,19
2023-05-02,101,81,20
2023-05-02,153,124,29
2023-05-02,82,58,24
2023-05-02,41,29,12
2023-05-02,17,9,8
2023-05-02,19,11,8
2023-05-02,9,8,1
2023-05-02,5,3,2
2023-05-03,1,1,0
2023-05-03,0,0,0
2023-05-03,1,0,1
2023-05-03,4,1,3
2023-05-03,3,0,3
2023-05-03,19,3,16
2023-05-03,55,6,49
2023-05-03,100,10,90
2023-05-03,120,5,115
2023-05-03,64,9,55
2023-05-03,45,17,28
2023-05-03,36,16,20
2023-05-03,30,11,19
2023-05-03,51,33,18
2023-05-03,45,22,23
2023-05-03,82,58,24
2023-05-03,130,95,35
2023-05-03,174,137,37
2023-05-03,108,77,31
2023-05-03,60,40,20
2023-05-03,31,16,15
2023-05-03,21,15,6
2023-05-03,3,0,3
2023-05-03,3,2,1
2023-05-04,3,2,1
2023-05-04,0,0,0
2023-05-04,1,0,1
2023-05-04,1,0,1
2023-05-04,5,0,5
2023-05-04,22,5,17
2023-05-04,57,3,54
2023-05-04,78,7,71
2023-05-04,91,3,88
2023-05-04,39,7,32
2023-05-04,26,8,18
2023-05-04,12,5,7
2023-05-04,23,7,16
2023-05-04,27,17,10
2023-05-04,21,11,10
2023-05-04,32,26,6
2023-05-04,68,52,16
2023-05-04,102,88,14
2023-05-04,68,60,8
2023-05-04,23,17,6
2023-05-04,11,8,3
2023-05-04,12,11,1
2023-05-04,7,7,0
2023-05-04,10,9,1
2023-05-05,3,3,0
2023-05-05,1,1,0
2023-05-05,1,0,1
2023-05-05,2,0,2
2023-05-05,3,0,3
2023-05-05,11,2,9
2023-05-05,15,1,14
2023-05-05,30,2,28
2023-05-05,33,5,28
2023-05-05,15,0,15
2023-05-05,5,1,4
2023-05-05,4,1,3
2023-05-05,5,1,4
2023-05-05,3,2,1
2023-05-05,8,5,3
2023-05-05,14,12,2
2023-05-05,37,32,5
2023-05-05,33,30,3
2023-05-05,18,15,3
2023-05-05,5,4,1
2023-05-05,6,5,1
2023-05-05,4,2,2
2023-05-05,5,3,2
2023-05-05,3,3,0
2023-05-06,12,0,12
2023-05-06,2,0,2
2023-05-06,5,2,3
2023-05-06,0,0,0
2023-05-06,2,1,1
2023-05-06,1,0,1
2023-05-06,5,0,5
2023-05-06,9,1,8
2023-05-06,14,5,9
2023-05-06,21,6,15
2023-05-06,38,28,10
2023-05-06,51,24,27
2023-05-06,39,23,16
2023-05-06,39,23,16
2023-05-06,53,23,30
2023-05-06,49,28,21
2023-05-06,47,24,23
2023-05-06,27,13,14
2023-05-06,18,12,6
2023-05-06,22,10,12
2023-05-06,23,12,11
2023-05-06,10,8,2
2023-05-06,6,5,1
2023-05-06,7,4,3
2023-05-07,4,4,0
2023-05-07,1,1,0
2023-05-07,1,1,0
2023-05-07,0,0,0
2023-05-07,1,0,1
2023-05-07,2,0,2
2023-05-07,9,3,6
2023-05-07,18,1,17
2023-05-07,33,11,22
2023-05-07,34,13,21
2023-05-07,50,19,31
2023-05-07,63,27,36
2023-05-07,97,34,63
2023-05-07,70,32,38
2023-05-07,53,28,25
2023-05-07,76,44,32
2023-05-07,107,80,27
2023-05-07,64,30,34
2023-05-07,51,21,30
2023-05-07,33,15,18
2023-05-07,16,14,2
2023-05-07,6,4,2
2023-05-07,5,4,1
2023-05-07,4,3,1
2023-05-08,1,1,0
2023-05-08,1,0,1
2023-05-08,1,0,1
2023-05-08,2,1,1
2023-05-08,5,0,5
2023-05-08,27,7,20
2023-05-08,44,4,40
2023-05-08,84,6,78
2023-05-08,75,3,72
2023-05-08,42,3,39
2023-05-08,23,7,16
2023-05-08,18,4,14
2023-05-08,25,12,13
2023-05-08,21,12,9
2023-05-08,32,20,12
2023-05-08,69,45,24
2023-05-08,89,63,26
2023-05-08,133,112,21
2023-05-08,65,53,12
2023-05-08,33,21,12
2023-05-08,8,6,2
2023-05-08,18,14,4
2023-05-08,5,3,2
2023-05-08,5,4,1
2023-05-09,4,3,1
2023-05-09,0,0,0
2023-05-09,1,1,0
2023-05-09,0,0,0
2023-05-09,5,0,5
2023-05-09,23,5,18
2023-05-09,56,7,49
2023-05-09,112,11,101
2023-05-09,123,6,117
2023-05-09,43,6,37
2023-05-09,31,6,25
2023-05-09,17,5,12
2023-05-09,29,16,13
2023-05-09,35,17,18
2023-05-09,37,22,15
2023-05-09,72,43,29
2023-05-09,122,91,31
2023-05-09,154,131,23
2023-05-09,83,59,24
2023-05-09,46,34,12
2023-05-09,32,21,11
2023-05-09,24,19,5
2023-05-09,9,8,1
2023-05-09,5,5,0
2023-05-10,0,0,0
2023-05-10,0,0,0
2023-05-10,0,0,0
2023-05-10,1,0,1
2023-05-10,5,0,5
2023-05-10,21,4,17
2023-05-10,62,8,54
2023-05-10,115,3,112
2023-05-10,115,7,108
2023-05-10,46,2,44
2023-05-10,25,5,20
2023-05-10,42,14,28
2023-05-10,44,12,32
2023-05-10,39,12,27
2023-05-10,61,30,31
2023-05-10,86,68,18
2023-05-10,112,81,31
2023-05-10,176,147,29
2023-05-10,100,76,24
2023-05-10,59,39,20
2023-05-10,32,23,9
2023-05-10,21,13,8
2023-05-10,8,4,4
2023-05-10,4,4,0
2023-05-11,2,2,0
2023-05-11,2,2,0
2023-05-11,1,1,0
2023-05-11,1,0,1
2023-05-11,6,1,5
2023-05-11,29,4,25
2023-05-11,49,7,42
2023-05-11,113,10,103
2023-05-11,106,6,100
2023-05-11,56,6,50
2023-05-11,36,14,22
2023-05-11,28,10,18
2023-05-11,33,9,24
2023-05-11,38,22,16
2023-05-11,28,13,15
2023-05-11,68,44,24
2023-05-11,121,85,36
2023-05-11,156,133,23
2023-05-11,86,68,18
2023-05-11,51,39,12
2023-05-11,35,20,15
2023-05-11,13,10,3
2023-05-11,6,5,1
2023-05-11,4,4,0
2023-05-12,3,2,1
2023-05-12,5,2,3
2023-05-12,2,2,0
2023-05-12,2,0,2
2023-05-12,5,1,4
2023-05-12,23,5,18
2023-05-12,47,6,41
2023-05-12,56,6,50
2023-05-12,79,10,69
2023-05-12,42,8,34
2023-05-12,33,11,22
2023-05-12,31,14,17
2023-05-12,45,21,24
2023-05-12,49,24,25
2023-05-12,46,25,21
2023-05-12,79,47,32
2023-05-12,113,78,35
2023-05-12,85,74,11
2023-05-12,49,34,15
2023-05-12,37,19,18
2023-05-12,24,11,13
2023-05-12,11,7,4
2023-05-12,10,7,3
2023-05-12,9,7,2
2023-05-13,4,2,2
2023-05-13,2,2,0
2023-05-13,2,2,0
2023-05-13,4,1,3
2023-05-13,4,0,4
2023-05-13,9,1,8
2023-05-13,16,8,8
2023-05-13,28,13,15
2023-05-13,63,25,38
2023-05-13,79,43,36
2023-05-13,75,44,31
2023-05-13,91,49,42
2023-05-13,92,40,52
2023-05-13,80,40,40
2023-05-13,93,45,48
2023-05-13,74,27,47
2023-05-13,52,24,28
2023-05-13,54,34,20
2023-05-13,67,27,40
2023-05-13,31,21,10
2023-05-13,23,21,2
2023-05-13,24,14,10
2023-05-13,13,4,9
2023-05-13,4,4,0
2023-05-14,1,0,1
2023-05-14,0,0,0
2023-05-14,1,1,0
2023-05-14,1,1,0
2023-05-14,2,0,2
2023-05-14,3,1,2
2023-05-14,9,1,8
2023-05-14,12,4,8
2023-05-14,27,10,17
2023-05-14,40,16,24
2023-05-14,50,25,25
2023-05-14,83,55,28
2023-05-14,67,37,30
2023-05-14,62,23,39
2023-05-14,62,39,23
2023-05-14,63,37,26
2023-05-14,58,22,36
2023-05-14,34,14,20
2023-05-14,38,18,20
2023-05-14,22,11,11
2023-05-14,20,10,10
2023-05-14,6,4,2
2023-05-14,6,2,4
2023-05-14,7,5,2
2023-05-15,3,3,0
2023-05-15,3,1,2
2023-05-15,0,0,0
2023-05-15,3,1,2
2023-05-15,7,1,6
2023-05-15,19,3,16
2023-05-15,50,6,44
2023-05-15,92,6,86
2023-05-15,92,7,85
2023-05-15,31,5,26
2023-05-15,42,17,25
2023-05-15,25,11,14
2023-05-15,41,25,16
2023-05-15,38,16,22
2023-05-15,32,20,12
2023-05-15,49,34,15
2023-05-15,91,73,18
2023-05-15,109,94,15
2023-05-15,59,42,17
2023-05-15,14,13,1
2023-05-15,16,14,2
2023-05-15,10,5,5
2023-05-15,3,2,1
2023-05-15,2,1,1
2023-05-16,1,1,0
2023-05-16,1,1,0
2023-05-16,0,0,0
2023-05-16,2,0,2
2023-05-16,5,0,5
2023-05-16,26,5,21
2023-05-16,74,13,61
2023-05-16,125,6,119
2023-05-16,126,8,118
2023-05-16,57,3,54
2023-05-16,29,11,18
2023-05-16,25,7,18
2023-05-16,24,12,12
2023-05-16,45,21,24
2023-05-16,31,17,14
2023-05-16,58,46,12
2023-05-16,140,114,26
2023-05-16,158,129,29
2023-05-16,88,65,23
2023-05-16,62,46,16
2023-05-16,20,14,6
2023-05-16,26,20,6
2023-05-16,11,8,3
2023-05-16,7,7,0
2023-05-17,4,2,2
2023-05-17,0,0,0
2023-05-17,0,0,0
2023-05-17,2,0,2
2023-05-17,6,1,5
2023-05-17,25,4,21
2023-05-17,74,10,64
2023-05-17,123,10,113
2023-05-17,130,5,125
2023-05-17,49,7,42
2023-05-17,32,8,24
2023-05-17,27,7,20
2023-05-17,32,6,26
2023-05-17,32,17,15
2023-05-17,41,24,17
2023-05-17,68,48,20
2023-05-17,118,96,22
2023-05-17,176,141,35
2023-05-17,104,74,30
2023-05-17,63,43,20
2023-05-17,28,15,13
2023-05-17,28,23,5
2023-05-17,30,27,3
2023-05-17,12,5,7
2023-05-18,2,1,1
2023-05-18,1,0,1
2023-05-18,0,0,0
2023-05-18,4,0,4
2023-05-18,5,0,5
2023-05-18,21,3,18
2023-05-18,68,8,60
2023-05-18,109,8,101
2023-05-18,146,9,137
2023-05-18,56,6,50
2023-05-18,50,22,28
2023-05-18,24,13,11
2023-05-18,26,16,10
2023-05-18,35,22,13
2023-05-18,33,16,17
2023-05-18,70,48,22
2023-05-18,104,74,30
2023-05-18,169,135,34
2023-05-18,102,76,26
2023-05-18,70,55,15
2023-05-18,34,20,14
2023-05-18,21,10,11
2023-05-18,19,8,11
2023-05-18,13,2,11
2023-05-19,3,2,1
2023-05-19,0,0,0
2023-05-19,1,0,1
2023-05-19,4,1,3
2023-05-19,7,3,4
2023-05-19,31,6,25
2023-05-19,61,7,54
2023-05-19,68,8,60
2023-05-19,113,16,97
2023-05-19,50,12,38
2023-05-19,29,8,21
2023-05-19,22,9,13
2023-05-19,43,23,20
2023-05-19,43,25,18
2023-05-19,70,36,34
2023-05-19,79,61,18
2023-05-19,125,90,35
2023-05-19,100,77,23
2023-05-19,64,41,23
2023-05-19,30,24,6
2023-05-19,18,12,6
2023-05-19,8,7,1
2023-05-19,7,6,1
2023-05-19,1,1,0
2023-05-20,3,1,2
2023-05-20,0,0,0
2023-05-20,0,0,0
2023-05-20,3,1,2
2023-05-20,4,2,2
2023-05-20,3,0,3
2023-05-20,13,2,11
2023-05-20,22,9,13
2023-05-20,57,20,37
2023-05-20,44,24,20
2023-05-20,63,29,34
2023-05-20,84,35,49
2023-05-20,77,51,26
2023-05-20,70,27,43
2023-05-20,78,31,47
2023-05-20,82,48,34
2023-05-20,71,36,35
2023-05-20,53,29,24
2023-05-20,45,13,32
2023-05-20,33,17,16
2023-05-20,23,13,10
2023-05-20,13,6,7
2023-05-20,9,6,3
2023-05-20,5,5,0
2023-05-21,4,4,0
2023-05-21,3,1,2
2023-05-21,1,1,0
2023-05-21,2,2,0
2023-05-21,1,0,1
2023-05-21,2,1,1
2023-05-21,12,4,8
2023-05-21,13,4,9
2023-05-21,22,4,18
2023-05-21,27,15,12
2023-05-21,44,14,30
2023-05-21,39,25,14
2023-05-21,46,21,25
2023-05-21,38,18,20
2023-05-21,48,23,25
2023-05-21,33,18,15
2023-05-21,41,21,20
2023-05-21,23,6,17
2023-05-21,17,9,8
2023-05-21,18,13,5
2023-05-21,9,3,6
2023-05-21,2,2,0
2023-05-21,3,2,1
2023-05-21,1,0,1
2023-05-22,0,0,0
2023-05-22,0,0,0
2023-05-22,2,1,1
2023-05-22,1,0,1
2023-05-22,4,1,3
2023-05-22,18,5,13
2023-05-22,38,4,34
2023-05-22,66,0,66
2023-05-22,80,8,72
2023-05-22,39,3,36
2023-05-22,21,6,15
2023-05-22,19,4,15
2023-05-22,17,8,9
2023-05-22,22,13,9
2023-05-22,32,20,12
2023-05-22,39,32,7
2023-05-22,82,61,21
2023-05-22,105,90,15
2023-05-22,55,41,14
2023-05-22,28,20,8
2023-05-22,8,6,2
2023-05-22,17,12,5
2023-05-22,13,11,2
2023-05-22,2,2,0
2023-05-23,1,0,1
2023-05-23,1,0,1
2023-05-23,1,0,1
2023-05-23,2,0,2
2023-05-23,7,2,5
2023-05-23,25,4,21
2023-05-23,55,4,51
2023-05-23,114,5,109
2023-05-23,130,7,123
2023-05-23,48,5,43
2023-05-23,37,6,31
2023-05-23,35,14,21
2023-05-23,26,15,11
2023-05-23,34,12,22
2023-05-23,37,21,16
2023-05-23,65,47,18
2023-05-23,123,101,22
2023-05-23,173,152,21
2023-05-23,65,54,11
2023-05-23,45,33,12
2023-05-23,27,16,11
2023-05-23,23,18,5
2023-05-23,6,5,1
2023-05-23,5,4,1
2023-05-24,2,1,1
2023-05-24,0,0,0
2023-05-24,0,0,0
2023-05-24,3,0,3
2023-05-24,4,2,2
2023-05-24,25,3,22
2023-05-24,64,6,58
2023-05-24,127,8,119
2023-05-24,115,10,105
2023-05-24,62,8,54
2023-05-24,31,8,23
2023-05-24,29,8,21
2023-05-24,34,18,16
2023-05-24,29,12,17
2023-05-24,43,24,19
2023-05-24,72,57,15
2023-05-24,112,91,21
2023-05-24,146,123,23
2023-05-24,90,64,26
2023-05-24,48,32,16
2023-05-24,22,13,9
2023-05-24,37,30,7
2023-05-24,12,11,1
2023-05-24,7,3,4
2023-05-25,3,3,0
2023-05-25,0,0,0
2023-05-25,0,0,0
2023-05-25,1,0,1
2023-05-25,3,1,2
2023-05-25,22,4,18
2023-05-25,55,5,50
2023-05-25,107,7,100
2023-05-25,128,2,126
2023-05-25,51,6,45
2023-05-25,37,10,27
2023-05-25,36,15,21
2023-05-25,33,20,13
2023-05-25,51,24,27
2023-05-25,41,30,11
2023-05-25,60,45,15
2023-05-25,136,102,34
2023-05-25,167,132,35
2023-05-25,84,58,26
2023-05-25,47,34,13
2023-05-25,33,28,5
2023-05-25,25,17,8
2023-05-25,11,9,2
2023-05-25,5,3,2
2023-05-26,3,1,2
2023-05-26,0,0,0
2023-05-26,2,1,1
2023-05-26,1,0,1
2023-05-26,8,3,5
2023-05-26,24,4,20
2023-05-26,40,5,35
2023-05-26,62,6,56
2023-05-26,71,6,65
2023-05-26,50,16,34
2023-05-26,39,15,24
2023-05-26,42,10,32
2023-05-26,55,26,29
2023-05-26,65,43,22
2023-05-26,65,37,28
2023-05-26,101,53,48
2023-05-26,98,63,35
2023-05-26,105,79,26
2023-05-26,64,27,37
2023-05-26,43,27,16
2023-05-26,37,21,16
2023-05-26,23,10,13
2023-05-26,18,12,6
2023-05-26,11,11,0
2023-05-27,2,2,0
2023-05-27,0,0,0
2023-05-27,2,1,1
2023-05-27,1,0,1
2023-05-27,2,0,2
2023-05-27,8,3,5
2023-05-27,9,1,8
2023-05-27,20,7,13
2023-05-27,53,19,34
2023-05-27,49,22,27
2023-05-27,57,28,29
2023-05-27,50,18,32
2023-05-27,46,16,30
2023-05-27,51,24,27
2023-05-27,60,30,30
2023-05-27,61,39,22
2023-05-27,70,45,25
2023-05-27,58,28,30
2023-05-27,65,31,34
2023-05-27,30,18,12
2023-05-27,15,12,3
2023-05-27,19,15,4
2023-05-27,19,13,6
2023-05-27,11,8,3
2023-05-28,3,1,2
2023-05-28,4,3,1
2023-05-28,1,1,0
2023-05-28,4,3,1
2023-05-28,4,3,1
2023-05-28,3,0,3
2023-05-28,3,0,3
2023-05-28,17,9,8
2023-05-28,20,5,15
2023-05-28,34,10,24
2023-05-28,55,23,32
2023-05-28,52,19,33
2023-05-28,45,22,23
2023-05-28,57,26,31
2023-05-28,65,31,34
2023-05-28,43,26,17
2023-05-28,67,40,27
2023-05-28,50,35,15
2023-05-28,38,18,20
2023-05-28,26,13,13
2023-05-28,19,10,9
2023-05-28,12,3,9
2023-05-28,17,10,7
2023-05-28,3,0,3
2023-05-29,2,0,2
2023-05-29,1,1,0
2023-05-29,1,1,0
2023-05-29,0,0,0
2023-05-29,5,0,5
2023-05-29,10,2,8
2023-05-29,10,1,9
2023-05-29,14,7,7
2023-05-29,26,11,15
2023-05-29,29,14,15
2023-05-29,37,19,18
2023-05-29,57,28,29
2023-05-29,54,17,37
2023-05-29,63,24,39
2023-05-29,56,25,31
2023-05-29,70,38,32
2023-05-29,78,46,32
2023-05-29,73,40,33
2023-05-29,33,16,17
2023-05-29,18,6,12
2023-05-29,18,9,9
2023-05-29,19,16,3
2023-05-29,8,6,2
2023-05-29,2,2,0
2023-05-30,0,0,0
2023-05-30,2,2,0
2023-05-30,2,0,2
2023-05-30,2,1,1
2023-05-30,7,3,4
2023-05-30,33,5,28
2023-05-30,64,11,53
2023-05-30,93,8,85
2023-05-30,131,8,123
2023-05-30,39,4,35
2023-05-30,27,4,23
2023-05-30,33,12,21
2023-05-30,18,5,13
2023-05-30,23,13,10
2023-05-30,35,17,18
2023-05-30,55,34,21
2023-05-30,118,97,21
2023-05-30,142,122,20
2023-05-30,97,80,17
2023-05-30,43,25,18
2023-05-30,27,17,10
2023-05-30,24,18,6
2023-05-30,8,7,1
2023-05-30,4,4,0
2023-05-31,3,1,2
2023-05-31,2,0,2
2023-05-31,0,0,0
2023-05-31,2,1,1
2023-05-31,7,1,6
2023-05-31,31,5,26
2023-05-31,66,7,59
2023-05-31,111,8,103
2023-05-31,99,5,94
2023-05-31,55,8,47
2023-05-31,36,7,29
2023-05-31,18,7,11
2023-05-31,28,9,19
2023-05-31,26,16,10
2023-05-31,30,17,13
2023-05-31,76,61,15
2023-05-31,111,92,19
2023-05-31,154,125,29
2023-05-31,99,71,28
2023-05-31,44,28,16
2023-05-31,23,15,8
2023-05-31,38,26,12
2023-05-31,22,19,3
2023-05-31,6,5,1
2023-06-01,4,2,2
2023-06-01,1,1,0
2023-06-01,2,2,0
2023-06-01,2,0,2
2023-06-01,2,0,2
2023-06-01,32,6,26
2023-06-01,67,4,63
2023-06-01,98,7,91
2023-06-01,95,5,90
2023-06-01,78,3,75
2023-06-01,38,9,29
2023-06-01,23,7,16
2023-06-01,20,9,11
2023-06-01,38,22,16
2023-06-01,49,24,25
2023-06-01,66,47,19
2023-06-01,117,92,25
2023-06-01,156,113,43
2023-06-01,101,84,17
2023-06-01,55,43,12
2023-06-01,23,14,9
2023-06-01,15,10,5
2023-06-01,12,3,9
2023-06-01,6,4,2
2023-06-02,3,2,1
2023-06-02,0,0,0
2023-06-02,3,2,1
2023-06-02,2,1,1
2023-06-02,3,0,3
2023-06-02,25,2,23
2023-06-02,42,7,35
2023-06-02,76,10,66
2023-06-02,80,13,67
2023-06-02,42,8,34
2023-06-02,35,15,20
2023-06-02,46,21,25
2023-06-02,28,16,12
2023-06-02,37,20,17
2023-06-02,54,23,31
2023-06-02,59,43,16
2023-06-02,107,73,34
2023-06-02,121,87,34
2023-06-02,68,44,24
2023-06-02,43,26,17
2023-06-02,20,10,10
2023-06-02,24,16,8
2023-06-02,9,6,3
2023-06-02,12,5,7
2023-06-03,19,7,12
2023-06-03,4,2,2
2023-06-03,1,1,0
2023-06-03,0,0,0
2023-06-03,3,1,2
2023-06-03,3,0,3
2023-06-03,10,2,8
2023-06-03,25,11,14
2023-06-03,60,20,40
2023-06-03,62,31,31
2023-06-03,66,20,46
2023-06-03,83,44,39
2023-06-03,108,40,68
2023-06-03,103,51,52
2023-06-03,96,45,51
2023-06-03,78,41,37
2023-06-03,107,70,37
2023-06-03,72,48,24
2023-06-03,57,25,32
2023-06-03,67,44,23
2023-06-03,32,17,15
2023-06-03,20,8,12
2023-06-03,15,4,11
2023-06-03,1,0,1
2023-06-04,6,5,1
2023-06-04,4,3,1
2023-06-04,1,0,1
2023-06-04,3,2,1
2023-06-04,1,0,1
2023-06-04,7,0,7
2023-06-04,4,1,3
2023-06-04,16,7,9
2023-06-04,31,13,18
2023-06-04,48,18,30
2023-06-04,55,21,34
2023-06-04,63,40,23
2023-06-04,55,28,27
2023-06-04,76,43,33
2023-06-04,75,28,47
2023-06-04,66,27,39
2023-06-04,58,30,28
2023-06-04,46,29,17
2023-06-04,27,19,8
2023-06-04,24,16,8
2023-06-04,15,8,7
2023-06-04,10,4,6
2023-06-04,4,1,3
2023-06-04,1,1,0
2023-06-05,0,0,0
2023-06-05,0,0,0
2023-06-05,9,5,4
2023-06-05,0,0,0
2023-06-05,13,5,8
2023-06-05,24,4,20
2023-06-05,68,5,63
2023-06-05,70,6,64
2023-06-05,100,5,95
2023-06-05,39,3,36
2023-06-05,32,2,30
2023-06-05,28,13,15
2023-06-05,20,12,8
2023-06-05,30,17,13
2023-06-05,36,20,16
2023-06-05,51,35,16
2023-06-05,100,80,20
2023-06-05,124,105,19
2023-06-05,86,76,10
2023-06-05,33,24,9
2023-06-05,26,10,16
2023-06-05,12,11,1
2023-06-05,6,4,2
2023-06-05,4,4,0
2023-06-06,1,0,1
2023-06-06,0,0,0
2023-06-06,1,1,0
2023-06-06,2,0,2
2023-06-06,6,1,5
2023-06-06,28,2,26
2023-06-06,72,7,65
2023-06-06,120,15,105
2023-06-06,128,6,122
2023-06-06,59,6,53
2023-06-06,31,13,18
2023-06-06,29,12,17
2023-06-06,39,23,16
2023-06-06,29,17,12
2023-06-06,46,31,15
2023-06-06,86,51,35
2023-06-06,130,97,33
2023-06-06,173,142,31
2023-06-06,93,72,21
2023-06-06,57,42,15
2023-06-06,31,22,9
2023-06-06,25,18,7
2023-06-06,4,3,1
2023-06-06,4,3,1
2023-06-07,2,1,1
2023-06-07,1,1,0
2023-06-07,1,0,1
2023-06-07,2,0,2
2023-06-07,3,0,3
2023-06-07,28,3,25
2023-06-07,65,5,60
2023-06-07,113,8,105
2023-06-07,137,9,128
2023-06-07,63,9,54
2023-06-07,32,7,25
2023-06-07,34,14,20
2023-06-07,28,14,14
2023-06-07,36,19,17
2023-06-07,48,25,23
2023-06-07,68,49,19
2023-06-07,114,94,20
2023-06-07,171,140,31
2023-06-07,108,85,23
2023-06-07,62,44,18
2023-06-07,33,21,12
2023-06-07,17,7,10
2023-06-07,8,2,6
2023-06-07,8,5,3
2023-06-08,5,2,3
2023-06-08,0,0,0
2023-06-08,1,0,1
2023-06-08,2,0,2
2023-06-08,3,1,2
2023-06-08,30,4,26
2023-06-08,55,7,48
2023-06-08,98,8,90
2023-06-08,114,6,108
2023-06-08,56,5,51
2023-06-08,37,11,26
2023-06-08,21,4,17
2023-06-08,35,18,17
2023-06-08,33,15,18
2023-06-08,44,26,18
2023-06-08,55,35,20
2023-06-08,117,86,31
2023-06-08,166,143,23
2023-06-08,88,75,13
2023-06-08,38,26,12
2023-06-08,28,21,7
2023-06-08,12,7,5
2023-06-08,7,6,1
2023-06-08,9,4,5
2023-06-09,5,2,3
2023-06-09,1,0,1
2023-06-09,2,0,2
2023-06-09,3,2,1
2023-06-09,4,0,4
2023-06-09,20,3,17
2023-06-09,28,3,25
2023-06-09,39,4,35
2023-06-09,2,0,2
2023-06-09,16,2,14
2023-06-09,9,2,7
2023-06-09,10,4,6
2023-06-09,7,4,3
2023-06-09,17,9,8
2023-06-09,25,12,13
2023-06-09,28,22,6
2023-06-09,34,26,8
2023-06-09,41,36,5
2023-06-09,30,21,9
2023-06-09,15,13,2
2023-06-09,10,4,6
2023-06-09,7,5,2
2023-06-09,6,3,3
2023-06-09,0,0,0
2023-06-10,3,3,0
2023-06-10,2,2,0
2023-06-10,0,0,0
2023-06-10,1,0,1
2023-06-10,2,0,2
2023-06-10,4,0,4
2023-06-10,9,1,8
2023-06-10,8,3,5
2023-06-10,8,5,3
2023-06-10,12,4,8
2023-06-10,16,6,10
2023-06-10,13,5,8
2023-06-10,21,12,9
2023-06-10,19,10,9
2023-06-10,33,13,20
2023-06-10,22,8,14
2023-06-10,38,13,25
2023-06-10,37,18,19
2023-06-10,27,14,13
2023-06-10,24,13,11
2023-06-10,13,8,5
2023-06-10,6,5,1
2023-06-10,7,6,1
2023-06-10,2,1,1
2023-06-11,6,4,2
2023-06-11,1,1,0
2023-06-11,2,1,1
2023-06-11,0,0,0
2023-06-11,2,1,1
2023-06-11,6,1,5
2023-06-11,9,1,8
2023-06-11,18,8,10
2023-06-11,43,15,28
2023-06-11,62,32,30
2023-06-11,59,26,33
2023-06-11,83,33,50
2023-06-11,65,29,36
2023-06-11,68,38,30
2023-06-11,80,44,36
2023-06-11,70,39,31
2023-06-11,60,30,30
2023-06-11,43,23,20
2023-06-11,39,19,20
2023-06-11,25,8,17
2023-06-11,14,6,8
2023-06-11,14,5,9
2023-06-11,7,2,5
2023-06-11,3,2,1
2023-06-12,1,1,0
2023-06-12,3,2,1
2023-06-12,1,1,0
2023-06-12,3,1,2
2023-06-12,10,1,9
2023-06-12,27,7,20
2023-06-12,55,4,51
2023-06-12,77,8,69
2023-06-12,101,7,94
2023-06-12,45,1,44
2023-06-12,31,6,25
2023-06-12,28,13,15
2023-06-12,36,17,19
2023-06-12,31,18,13
2023-06-12,47,25,22
2023-06-12,65,41,24
2023-06-12,113,84,29
2023-06-12,142,115,27
2023-06-12,88,67,21
2023-06-12,35,25,10
2023-06-12,26,13,13
2023-06-12,33,25,8
2023-06-12,7,6,1
2023-06-12,3,3,0
2023-06-13,0,0,0
2023-06-13,0,0,0
2023-06-13,0,0,0
2023-06-13,2,0,2
2023-06-13,8,1,7
2023-06-13,27,6,21
2023-06-13,57,5,52
2023-06-13,127,12,115
2023-06-13,114,1,113
2023-06-13,54,10,44
2023-06-13,21,5,16
2023-06-13,23,6,17
2023-06-13,19,6,13
2023-06-13,19,13,6
2023-06-13,40,22,18
2023-06-13,44,33,11
2023-06-13,117,98,19
2023-06-13,161,136,25
2023-06-13,98,80,18
2023-06-13,46,36,10
2023-06-13,27,9,18
2023-06-13,24,18,6
2023-06-13,7,4,3
2023-06-13,0,0,0
2023-06-14,2,1,1
2023-06-14,0,0,0
2023-06-14,1,0,1
2023-06-14,1,0,1
2023-06-14,5,1,4
2023-06-14,29,5,24
2023-06-14,58,3,55
2023-06-14,111,8,103
2023-06-14,123,6,117
2023-06-14,48,5,43
2023-06-14,30,5,25
2023-06-14,18,9,9
2023-06-14,21,10,11
2023-06-14,22,8,14
2023-06-14,36,24,12
2023-06-14,66,50,16
2023-06-14,123,96,27
2023-06-14,164,128,36
2023-06-14,80,61,19
2023-06-14,57,33,24
2023-06-14,29,21,8
2023-06-14,20,14,6
2023-06-14,15,6,9
2023-06-14,4,1,3
2023-06-15,0,0,0
2023-06-15,2,1,1
2023-06-15,1,0,1
2023-06-15,1,0,1
2023-06-15,4,1,3
2023-06-15,26,6,20
2023-06-15,51,5,46
2023-06-15,109,8,101
2023-06-15,110,6,104
2023-06-15,51,6,45
2023-06-15,35,11,24
2023-06-15,33,7,26
2023-06-15,31,10,21
2023-06-15,36,15,21
2023-06-15,39,24,15
2023-06-15,51,30,21
2023-06-15,113,87,26
2023-06-15,144,117,27
2023-06-15,95,73,22
2023-06-15,52,34,18
2023-06-15,32,22,10
2023-06-15,14,8,6
2023-06-15,14,9,5
2023-06-15,7,6,1
2023-06-16,4,4,0
2023-06-16,3,2,1
2023-06-16,1,1,0
2023-06-16,1,0,1
2023-06-16,5,1,4
2023-06-16,25,2,23
2023-06-16,38,4,34
2023-06-16,62,7,55
2023-06-16,66,10,56
2023-06-16,30,7,23
2023-06-16,29,6,23
2023-06-16,29,11,18
2023-06-16,26,13,13
2023-06-16,32,15,17
2023-06-16,31,15,16
2023-06-16,58,41,17
2023-06-16,89,64,25
2023-06-16,74,56,18
2023-06-16,28,22,6
2023-06-16,18,13,5
2023-06-16,18,16,2
2023-06-16,4,2,2
2023-06-16,13,12,1
2023-06-16,9,8,1
2023-06-17,0,0,0
2023-06-17,4,3,1
2023-06-17,0,0,0
2023-06-17,4,3,1
2023-06-17,4,0,4
2023-06-17,1,0,1
2023-06-17,5,2,3
2023-06-17,15,6,9
2023-06-17,37,2,35
2023-06-17,40,11,29
2023-06-17,35,24,11
2023-06-17,27,11,16
2023-06-17,32,8,24
2023-06-17,32,11,21
2023-06-17,25,17,8
2023-06-17,44,31,13
2023-06-17,22,16,6
2023-06-17,37,20,17
2023-06-17,28,15,13
2023-06-17,20,15,5
2023-06-17,11,7,4
2023-06-17,7,4,3
2023-06-17,13,10,3
2023-06-17,4,3,1
2023-06-18,9,8,1
2023-06-18,4,4,0
2023-06-18,1,0,1
2023-06-18,1,1,0
2023-06-18,2,0,2
2023-06-18,1,0,1
2023-06-18,6,3,3
2023-06-18,6,2,4
2023-06-18,23,8,15
2023-06-18,31,14,17
2023-06-18,38,16,22
2023-06-18,37,13,24
2023-06-18,42,13,29
2023-06-18,38,18,20
2023-06-18,26,10,16
2023-06-18,20,8,12
2023-06-18,33,23,10
2023-06-18,16,7,9
2023-06-18,11,7,4
2023-06-18,6,4,2
2023-06-18,4,0,4
2023-06-18,0,0,0
2023-06-18,5,3,2
2023-06-18,0,0,0
2023-06-19,3,2,1
2023-06-19,1,0,1
2023-06-19,1,1,0
2023-06-19,1,1,0
2023-06-19,5,1,4
2023-06-19,15,4,11
2023-06-19,30,5,25
2023-06-19,32,6,26
2023-06-19,35,5,30
2023-06-19,26,6,20
2023-06-19,40,24,16
2023-06-19,28,6,22
2023-06-19,36,19,17
2023-06-19,30,16,14
2023-06-19,42,22,20
2023-06-19,40,20,20
2023-06-19,62,43,19
2023-06-19,53,40,13
2023-06-19,31,28,3
2023-06-19,14,11,3
2023-06-19,9,4,5
2023-06-19,2,2,0
2023-06-19,1,1,0
2023-06-19,2,2,0
2023-06-20,1,1,0
2023-06-20,1,1,0
2023-06-20,0,0,0
2023-06-20,2,0,2
2023-06-20,2,0,2
2023-06-20,19,6,13
2023-06-20,23,1,22
2023-06-20,58,3,55
2023-06-20,41,4,37
2023-06-20,23,2,21
2023-06-20,14,0,14
2023-06-20,12,8,4
2023-06-20,17,5,12
2023-06-20,16,10,6
2023-06-20,19,12,7
2023-06-20,20,16,4
2023-06-20,51,40,11
2023-06-20,70,63,7
2023-06-20,51,43,8
2023-06-20,12,9,3
2023-06-20,11,4,7
2023-06-20,14,10,4
2023-06-20,6,5,1
2023-06-20,1,0,1
2023-06-21,5,2,3
2023-06-21,1,1,0
2023-06-21,0,0,0
2023-06-21,1,0,1
2023-06-21,6,0,6
2023-06-21,28,5,23
2023-06-21,51,3,48
2023-06-21,106,7,99
2023-06-21,90,5,85
2023-06-21,62,5,57
2023-06-21,26,8,18
2023-06-21,13,4,9
2023-06-21,22,10,12
2023-06-21,38,13,25
2023-06-21,47,29,18
2023-06-21,68,42,26
2023-06-21,123,93,30
2023-06-21,158,123,35
2023-06-21,98,77,21
2023-06-21,56,33,23
2023-06-21,43,26,17
2023-06-21,33,18,15
2023-06-21,9,6,3
2023-06-21,3,1,2
2023-06-22,2,1,1
2023-06-22,1,1,0
2023-06-22,0,0,0
2023-06-22,3,3,0
2023-06-22,6,0,6
2023-06-22,19,3,16
2023-06-22,64,9,55
2023-06-22,102,6,96
2023-06-22,127,5,122
2023-06-22,54,10,44
2023-06-22,38,11,27
2023-06-22,40,13,27
2023-06-22,48,18,30
2023-06-22,40,25,15
2023-06-22,46,24,22
2023-06-22,65,39,26
2023-06-22,125,87,38
2023-06-22,165,136,29
2023-06-22,99,77,22
2023-06-22,51,32,19
2023-06-22,30,24,6
2023-06-22,27,22,5
2023-06-22,12,9,3
2023-06-22,4,2,2
2023-06-23,4,3,1
2023-06-23,1,0,1
2023-06-23,2,1,1
2023-06-23,1,0,1
2023-06-23,4,0,4
2023-06-23,25,5,20
2023-06-23,34,1,33
2023-06-23,60,7,53
2023-06-23,77,10,67
2023-06-23,50,4,46
2023-06-23,26,5,21
2023-06-23,35,16,19
2023-06-23,26,13,13
2023-06-23,40,20,20
2023-06-23,48,31,17
2023-06-23,74,53,21
2023-06-23,104,71,33
2023-06-23,93,68,25
2023-06-23,64,45,19
2023-06-23,45,28,17
2023-06-23,22,12,10
2023-06-23,26,14,12
2023-06-23,12,6,6
2023-06-23,10,4,6
2023-06-24,5,5,0
2023-06-24,1,0,1
2023-06-24,1,1,0
2023-06-24,2,0,2
2023-06-24,4,2,2
2023-06-24,7,2,5
2023-06-24,13,4,9
2023-06-24,24,5,19
2023-06-24,37,7,30
2023-06-24,38,20,18
2023-06-24,56,38,18
2023-06-24,61,33,28
2023-06-24,82,50,32
2023-06-24,68,32,36
2023-06-24,59,30,29
2023-06-24,64,31,33
2023-06-24,62,35,27
2023-06-24,67,35,32
2023-06-24,67,18,49
2023-06-24,44,21,23
2023-06-24,40,19,21
2023-06-24,27,11,16
2023-06-24,27,21,6
2023-06-24,5,3,2
2023-06-25,10,8,2
2023-06-25,6,4,2
2023-06-25,8,7,1
2023-06-25,3,2,1
2023-06-25,2,0,2
2023-06-25,3,0,3
2023-06-25,13,1,12
2023-06-25,16,13,3
2023-06-25,37,10,27
2023-06-25,49,15,34
2023-06-25,57,30,27
2023-06-25,84,40,44
2023-06-25,85,24,61
2023-06-25,94,46,48
2023-06-25,80,28,52
2023-06-25,99,54,45
2023-06-25,71,35,36
2023-06-25,56,25,31
2023-06-25,49,26,23
2023-06-25,43,28,15
2023-06-25,23,17,6
2023-06-25,16,5,11
2023-06-25,6,1,5
2023-06-25,6,6,0
2023-06-26,0,0,0
2023-06-26,0,0,0
2023-06-26,3,1,2
2023-06-26,2,0,2
2023-06-26,7,1,6
2023-06-26,23,3,20
2023-06-26,38,4,34
2023-06-26,51,2,49
2023-06-26,109,5,104
2023-06-26,35,5,30
2023-06-26,27,7,20
2023-06-26,25,13,12
2023-06-26,26,14,12
2023-06-26,41,18,23
2023-06-26,35,22,13
2023-06-26,55,39,16
2023-06-26,107,74,33
2023-06-26,125,102,23
2023-06-26,68,51,17
2023-06-26,43,30,13
2023-06-26,21,15,6
2023-06-26,27,16,11
2023-06-26,12,6,6
2023-06-26,5,3,2
2023-06-27,1,1,0
2023-06-27,2,0,2
2023-06-27,0,0,0
2023-06-27,2,0,2
2023-06-27,6,1,5
2023-06-27,27,3,24
2023-06-27,55,4,51
2023-06-27,104,6,98
2023-06-27,115,8,107
2023-06-27,53,6,47
2023-06-27,26,3,23
2023-06-27,32,12,20
2023-06-27,31,11,20
2023-06-27,35,20,15
2023-06-27,36,21,15
2023-06-27,62,38,24
2023-06-27,126,100,26
2023-06-27,148,118,30
2023-06-27,119,88,31
2023-06-27,63,43,20
2023-06-27,29,16,13
2023-06-27,21,14,7
2023-06-27,19,15,4
2023-06-27,7,6,1
2023-06-28,6,4,2
2023-06-28,4,3,1
2023-06-28,3,2,1
2023-06-28,4,2,2
2023-06-28,9,1,8
2023-06-28,23,4,19
2023-06-28,58,6,52
2023-06-28,116,4,112
2023-06-28,105,8,97
2023-06-28,54,6,48
2023-06-28,26,8,18
2023-06-28,24,7,17
2023-06-28,23,5,18
2023-06-28,33,18,15
2023-06-28,45,29,16
2023-06-28,67,45,22
2023-06-28,139,107,32
2023-06-28,167,128,39
2023-06-28,112,82,30
2023-06-28,74,40,34
2023-06-28,42,25,17
2023-06-28,35,19,16
2023-06-28,13,9,4
2023-06-28,7,5,2
2023-06-29,0,0,0
2023-06-29,1,1,0
2023-06-29,1,0,1
2023-06-29,2,1,1
2023-06-29,8,1,7
2023-06-29,29,3,26
2023-06-29,51,3,48
2023-06-29,94,3,91
2023-06-29,123,5,118
2023-06-29,56,8,48
2023-06-29,47,17,30
2023-06-29,39,14,25
2023-06-29,31,15,16
2023-06-29,49,16,33
2023-06-29,48,27,21
2023-06-29,74,51,23
2023-06-29,116,90,26
2023-06-29,175,134,41
2023-06-29,87,67,20
2023-06-29,57,42,15
2023-06-29,47,37,10
2023-06-29,32,20,12
2023-06-29,30,8,22
2023-06-29,10,3,7
2023-06-30,3,1,2
2023-06-30,0,0,0
2023-06-30,1,0,1
2023-06-30,3,1,2
2023-06-30,7,1,6
2023-06-30,14,2,12
2023-06-30,43,2,41
2023-06-30,56,5,51
2023-06-30,68,5,63
2023-06-30,50,16,34
2023-06-30,42,17,25
2023-06-30,42,24,18
2023-06-30,47,19,28
2023-06-30,32,12,20
2023-06-30,52,31,21
2023-06-30,67,48,19
2023-06-30,88,56,32
2023-06-30,76,53,23
2023-06-30,86,53,33
2023-06-30,47,26,21
2023-06-30,23,13,10
2023-06-30,19,13,6
2023-06-30,16,10,6
2023-06-30,15,11,4
2023-07-01,3,2,1
2023-07-01,3,1,2
2023-07-01,3,2,1
2023-07-01,1,1,0
2023-07-01,8,2,6
2023-07-01,6,0,6
2023-07-01,19,7,12
2023-07-01,22,6,16
2023-07-01,52,29,23
2023-07-01,55,25,30
2023-07-01,70,33,37
2023-07-01,64,32,32
2023-07-01,76,33,43
2023-07-01,82,46,36
2023-07-01,76,39,37
2023-07-01,77,43,34
2023-07-01,73,34,39
2023-07-01,48,23,25
2023-07-01,65,32,33
2023-07-01,51,34,17
2023-07-01,30,15,15
2023-07-01,18,13,5
2023-07-01,24,18,6
2023-07-01,10,6,4
2023-07-02,6,4,2
2023-07-02,1,0,1
2023-07-02,2,1,1
2023-07-02,4,2,2
2023-07-02,2,1,1
2023-07-02,9,4,5
2023-07-02,11,1,10
2023-07-02,15,4,11
2023-07-02,27,10,17
2023-07-02,46,21,25
2023-07-02,70,33,37
2023-07-02,72,42,30
2023-07-02,88,43,45
2023-07-02,76,38,38
2023-07-02,75,23,52
2023-07-02,73,33,40
2023-07-02,72,45,27
2023-07-02,56,35,21
2023-07-02,37,24,13
2023-07-02,36,24,12
2023-07-02,28,12,16
2023-07-02,6,4,2
2023-07-02,7,0,7
2023-07-02,4,2,2
2023-07-03,2,0,2
2023-07-03,1,1,0
2023-07-03,4,4,0
2023-07-03,1,1,0
2023-07-03,6,0,6
2023-07-03,14,2,12
2023-07-03,23,4,19
2023-07-03,59,6,53
2023-07-03,57,8,49
2023-07-03,34,5,29
2023-07-03,45,13,32
2023-07-03,56,26,30
2023-07-03,51,25,26
2023-07-03,42,27,15
2023-07-03,52,32,20
2023-07-03,72,44,28
2023-07-03,79,57,22
2023-07-03,91,61,30
2023-07-03,39,30,9
2023-07-03,26,14,12
2023-07-03,26,15,11
2023-07-03,17,11,6
2023-07-03,10,5,5
2023-07-03,5,3,2
2023-07-04,2,2,0
2023-07-04,3,2,1
2023-07-04,0,0,0
2023-07-04,1,0,1
2023-07-04,1,1,0
2023-07-04,8,1,7
2023-07-04,15,2,13
2023-07-04,23,4,19
2023-07-04,36,17,19
2023-07-04,39,23,16
2023-07-04,71,36,35
2023-07-04,81,40,41
2023-07-04,88,39,49
2023-07-04,64,25,39
2023-07-04,60,25,35
2023-07-04,71,33,38
2023-07-04,65,35,30
2023-07-04,38,16,22
2023-07-04,27,13,14
2023-07-04,18,11,7
2023-07-04,29,10,19
2023-07-04,14,3,11
2023-07-04,6,3,3
2023-07-04,24,22,2
2023-07-05,5,3,2
2023-07-05,3,3,0
2023-07-05,2,1,1
2023-07-05,4,1,3
2023-07-05,4,0,4
2023-07-05,15,1,14
2023-07-05,46,2,44
2023-07-05,99,6,93
2023-07-05,81,3,78
2023-07-05,50,11,39
2023-07-05,27,10,17
2023-07-05,29,8,21
2023-07-05,36,14,22
2023-07-05,33,23,10
2023-07-05,37,26,11
2023-07-05,61,40,21
2023-07-05,86,73,13
2023-07-05,112,87,25
2023-07-05,24,22,2
2023-07-05,0,0,0
2023-07-05,0,0,0
2023-07-05,0,0,0
2023-07-05,0,0,0
2023-07-05,0,0,0
2023-07-06,0,0,0
2023-07-06,0,0,0
2023-07-06,0,0,0
2023-07-06,0,0,0
2023-07-06,0,0,0
2023-07-06,0,0,0
2023-07-06,0,0,0
2023-07-06,0,0,0
2023-07-06,0,0,0
2023-07-06,0,0,0
2023-07-06,0,0,0
2023-07-06,0,0,0
2023-07-06,0,0,0
2023-07-06,0,0,0
2023-07-06,0,0,0
2023-07-06,0,0,0
2023-07-06,0,0,0
2023-07-06,0,0,0
2023-07-06,0,0,0
2023-07-06,0,0,0
2023-07-06,0,0,0
2023-07-06,0,0,0
2023-07-06,0,0,0
2023-07-06,0,0,0
2023-07-07,0,0,0
2023-07-07,0,0,0
2023-07-07,0,0,0
2023-07-07,0,0,0
2023-07-07,0,0,0
2023-07-07,0,0,0
2023-07-07,0,0,0
2023-07-07,0,0,0
2023-07-07,0,0,0
2023-07-07,0,0,0
2023-07-07,0,0,0
2023-07-07,0,0,0
2023-07-07,0,0,0
2023-07-07,0,0,0
2023-07-07,0,0,0
2023-07-07,0,0,0
2023-07-07,0,0,0
2023-07-07,0,0,0
2023-07-07,0,0,0
2023-07-07,0,0,0
2023-07-07,0,0,0
2023-07-07,0,0,0
2023-07-07,0,0,0
2023-07-07,0,0,0
2023-07-08,0,0,0
2023-07-08,0,0,0
2023-07-08,0,0,0
2023-07-08,0,0,0
2023-07-08,0,0,0
2023-07-08,0,0,0
2023-07-08,0,0,0
2023-07-08,0,0,0
2023-07-08,0,0,0
2023-07-08,0,0,0
2023-07-08,0,0,0
2023-07-08,0,0,0
2023-07-08,0,0,0
2023-07-08,0,0,0
2023-07-08,0,0,0
2023-07-08,0,0,0
2023-07-08,0,0,0
2023-07-08,0,0,0
2023-07-08,0,0,0
2023-07-08,0,0,0
2023-07-08,0,0,0
2023-07-08,0,0,0
2023-07-08,0,0,0
2023-07-08,0,0,0
2023-07-09,0,0,0
2023-07-09,0,0,0
2023-07-09,0,0,0
2023-07-09,0,0,0
2023-07-09,0,0,0
2023-07-09,0,0,0
2023-07-09,0,0,0
2023-07-09,0,0,0
2023-07-09,0,0,0
2023-07-09,0,0,0
2023-07-09,0,0,0
2023-07-09,0,0,0
2023-07-09,0,0,0
2023-07-09,0,0,0
2023-07-09,0,0,0
2023-07-09,0,0,0
2023-07-09,0,0,0
2023-07-09,0,0,0
2023-07-09,0,0,0
2023-07-09,0,0,0
2023-07-09,0,0,0
2023-07-09,0,0,0
2023-07-09,0,0,0
2023-07-09,0,0,0
2023-07-10,0,0,0
2023-07-10,0,0,0
2023-07-10,0,0,0
2023-07-10,0,0,0
2023-07-10,0,0,0
2023-07-10,0,0,0
2023-07-10,0,0,0
2023-07-10,0,0,0
2023-07-10,0,0,0
2023-07-10,0,0,0
2023-07-10,0,0,0
2023-07-10,0,0,0
2023-07-10,0,0,0
2023-07-10,0,0,0
2023-07-10,0,0,0
2023-07-10,0,0,0
2023-07-10,0,0,0
2023-07-10,0,0,0
2023-07-10,0,0,0
2023-07-10,0,0,0
2023-07-10,0,0,0
2023-07-10,0,0,0
2023-07-10,0,0,0
2023-07-10,0,0,0
2023-07-11,0,0,0
2023-07-11,0,0,0
2023-07-11,0,0,0
2023-07-11,0,0,0
2023-07-11,0,0,0
2023-07-11,0,0,0
2023-07-11,0,0,0
2023-07-11,0,0,0
2023-07-11,0,0,0
2023-07-11,0,0,0
2023-07-11,0,0,0
2023-07-11,3,0,3
2023-07-11,29,16,13
2023-07-11,41,20,21
2023-07-11,52,21,31
2023-07-11,96,58,38
2023-07-11,154,117,37
2023-07-11,169,143,26
2023-07-11,101,75,26
2023-07-11,54,41,13
2023-07-11,67,56,11
2023-07-11,44,33,11
2023-07-11,13,11,2
2023-07-11,7,6,1
2023-07-12,6,3,3
2023-07-12,3,3,0
2023-07-12,2,1,1
2023-07-12,1,1,0
2023-07-12,8,0,8
2023-07-12,27,8,19
2023-07-12,60,4,56
2023-07-12,111,8,103
2023-07-12,122,7,115
2023-07-12,74,11,63
2023-07-12,38,11,27
2023-07-12,32,10,22
2023-07-12,26,13,13
2023-07-12,28,14,14
2023-07-12,49,27,22
2023-07-12,69,52,17
2023-07-12,129,105,24
2023-07-12,161,120,41
2023-07-12,99,77,22
2023-07-12,58,34,24
2023-07-12,36,20,16
2023-07-12,26,13,13
2023-07-12,9,8,1
2023-07-12,10,9,1
2023-07-13,8,4,4
2023-07-13,1,1,0
2023-07-13,3,2,1
2023-07-13,3,2,1
2023-07-13,4,0,4
2023-07-13,22,1,21
2023-07-13,61,4,57
2023-07-13,102,4,98
2023-07-13,112,4,108
2023-07-13,51,10,41
2023-07-13,40,18,22
2023-07-13,21,6,15
2023-07-13,32,17,15
2023-07-13,39,24,15
2023-07-13,44,30,14
2023-07-13,61,39,22
2023-07-13,137,94,43
2023-07-13,142,111,31
2023-07-13,97,72,25
2023-07-13,56,39,17
2023-07-13,27,16,11
2023-07-13,42,26,16
2023-07-13,10,8,2
2023-07-13,11,5,6
2023-07-14,3,2,1
2023-07-14,5,4,1
2023-07-14,2,1,1
2023-07-14,2,1,1
2023-07-14,4,0,4
2023-07-14,22,3,19
2023-07-14,42,1,41
2023-07-14,61,7,54
2023-07-14,67,6,61
2023-07-14,51,15,36
2023-07-14,29,12,17
2023-07-14,37,14,23
2023-07-14,32,15,17
2023-07-14,38,27,11
2023-07-14,51,29,22
2023-07-14,72,53,19
2023-07-14,95,63,32
2023-07-14,96,74,22
2023-07-14,56,35,21
2023-07-14,44,31,13
2023-07-14,28,21,7
2023-07-14,16,7,9
2023-07-14,17,14,3
2023-07-14,23,12,11
2023-07-15,2,0,2
2023-07-15,3,2,1
2023-07-15,2,0,2
2023-07-15,6,3,3
2023-07-15,4,1,3
2023-07-15,11,1,10
2023-07-15,14,2,12
2023-07-15,26,10,16
2023-07-15,41,15,26
2023-07-15,56,21,35
2023-07-15,64,24,40
2023-07-15,65,33,32
2023-07-15,56,28,28
2023-07-15,62,41,21
2023-07-15,69,33,36
2023-07-15,74,44,30
2023-07-15,47,26,21
2023-07-15,58,29,29
2023-07-15,54,17,37
2023-07-15,37,12,25
2023-07-15,20,13,7
2023-07-15,42,30,12
2023-07-15,30,19,11
2023-07-15,14,7,7
2023-07-16,8,4,4
2023-07-16,1,1,0
2023-07-16,2,1,1
2023-07-16,4,3,1
2023-07-16,4,2,2
2023-07-16,5,2,3
2023-07-16,12,3,9
2023-07-16,24,10,14
2023-07-16,24,8,16
2023-07-16,54,25,29
2023-07-16,66,37,29
2023-07-16,95,59,36
2023-07-16,81,34,47
2023-07-16,106,38,68
2023-07-16,83,40,43
2023-07-16,61,33,28
2023-07-16,72,43,29
2023-07-16,40,29,11
2023-07-16,33,17,16
2023-07-16,27,15,12
2023-07-16,13,6,7
2023-07-16,11,4,7
2023-07-16,8,5,3
2023-07-16,2,1,1
2023-07-17,1,0,1
2023-07-17,1,0,1
2023-07-17,4,1,3
2023-07-17,3,2,1
2023-07-17,8,0,8
2023-07-17,23,5,18
2023-07-17,54,5,49
2023-07-17,72,7,65
2023-07-17,76,12,64
2023-07-17,46,8,38
2023-07-17,23,5,18
2023-07-17,38,8,30
2023-07-17,26,13,13
2023-07-17,36,23,13
2023-07-17,33,15,18
2023-07-17,52,35,17
2023-07-17,76,57,19
2023-07-17,135,114,21
2023-07-17,75,54,21
2023-07-17,31,20,11
2023-07-17,26,15,11
2023-07-17,17,12,5
2023-07-17,12,10,2
2023-07-17,11,4,7
2023-07-18,7,2,5
2023-07-18,5,0,5
2023-07-18,3,0,3
2023-07-18,5,1,4
2023-07-18,10,1,9
2023-07-18,27,5,22
2023-07-18,56,3,53
2023-07-18,134,5,129
2023-07-18,126,5,121
2023-07-18,64,15,49
2023-07-18,40,9,31
2023-07-18,37,14,23
2023-07-18,32,11,21
2023-07-18,51,21,30
2023-07-18,34,19,15
2023-07-18,82,64,18
2023-07-18,122,91,31
2023-07-18,191,153,38
2023-07-18,112,87,25
2023-07-18,44,33,11
2023-07-18,45,29,16
2023-07-18,32,19,13
2023-07-18,17,14,3
2023-07-18,9,5,4
2023-07-19,3,1,2
2023-07-19,1,1,0
2023-07-19,0,0,0
2023-07-19,2,1,1
2023-07-19,4,0,4
2023-07-19,26,4,22
2023-07-19,63,4,59
2023-07-19,110,6,104
2023-07-19,122,10,112
2023-07-19,66,9,57
2023-07-19,41,15,26
2023-07-19,22,12,10
2023-07-19,33,16,17
2023-07-19,34,19,15
2023-07-19,45,28,17
2023-07-19,76,50,26
2023-07-19,128,95,33
2023-07-19,172,134,38
2023-07-19,84,64,20
2023-07-19,53,33,20
2023-07-19,38,24,14
2023-07-19,33,26,7
2023-07-19,14,11,3
2023-07-19,10,7,3
2023-07-20,1,0,1
2023-07-20,1,1,0
2023-07-20,4,2,2
2023-07-20,1,0,1
2023-07-20,7,3,4
2023-07-20,27,6,21
2023-07-20,51,3,48
2023-07-20,102,8,94
2023-07-20,125,7,118
2023-07-20,60,10,50
2023-07-20,42,12,30
2023-07-20,37,10,27
2023-07-20,42,19,23
2023-07-20,53,31,22
2023-07-20,39,17,22
2023-07-20,79,58,21
2023-07-20,112,88,24
2023-07-20,138,121,17
2023-07-20,99,79,20
2023-07-20,65,45,20
2023-07-20,36,20,16
2023-07-20,13,9,4
2023-07-20,5,2,3
2023-07-20,8,8,0
2023-07-21,4,3,1
2023-07-21,2,2,0
2023-07-21,2,1,1
2023-07-21,2,1,1
2023-07-21,6,0,6
2023-07-21,25,6,19
2023-07-21,35,3,32
2023-07-21,58,6,52
2023-07-21,77,6,71
2023-07-21,32,4,28
2023-07-21,44,15,29
2023-07-21,28,13,15
2023-07-21,33,15,18
2023-07-21,42,26,16
2023-07-21,51,26,25
2023-07-21,63,38,25
2023-07-21,91,67,24
2023-07-21,101,73,28
2023-07-21,67,47,20
2023-07-21,38,26,12
2023-07-21,29,19,10
2023-07-21,18,11,7
2023-07-21,24,17,7
2023-07-21,13,9,4
2023-07-22,12,4,8
2023-07-22,4,3,1
2023-07-22,4,2,2
2023-07-22,1,0,1
2023-07-22,4,1,3
2023-07-22,10,3,7
2023-07-22,14,7,7
2023-07-22,29,10,19
2023-07-22,52,14,38
2023-07-22,53,24,29
2023-07-22,89,46,43
2023-07-22,81,46,35
2023-07-22,102,43,59
2023-07-22,109,51,58
2023-07-22,79,33,46
2023-07-22,68,34,34
2023-07-22,91,44,47
2023-07-22,83,60,23
2023-07-22,89,48,41
2023-07-22,76,45,31
2023-07-22,54,31,23
2023-07-22,32,19,13
2023-07-22,29,12,17
2023-07-22,26,17,9
2023-07-23,12,8,4
2023-07-23,10,7,3
2023-07-23,5,4,1
2023-07-23,4,0,4
2023-07-23,3,1,2
2023-07-23,7,1,6
2023-07-23,4,0,4
2023-07-23,15,4,11
2023-07-23,38,15,23
2023-07-23,53,29,24
2023-07-23,64,28,36
2023-07-23,96,53,43
2023-07-23,102,54,48
2023-07-23,97,37,60
2023-07-23,75,34,41
2023-07-23,69,39,30
2023-07-23,69,46,23
2023-07-23,64,29,35
2023-07-23,51,17,34
2023-07-23,31,17,14
2023-07-23,27,14,13
2023-07-23,15,10,5
2023-07-23,16,11,5
2023-07-23,15,9,6
2023-07-24,12,11,1
2023-07-24,6,4,2
2023-07-24,2,2,0
2023-07-24,1,0,1
2023-07-24,7,2,5
2023-07-24,15,3,12
2023-07-24,41,4,37
2023-07-24,60,5,55
2023-07-24,48,2,46
2023-07-24,18,2,16
2023-07-24,16,2,14
2023-07-24,14,4,10
2023-07-24,15,7,8
2023-07-24,21,7,14
2023-07-24,22,13,9
2023-07-24,39,29,10
2023-07-24,56,49,7
2023-07-24,67,61,6
2023-07-24,35,30,5
2023-07-24,15,11,4
2023-07-24,11,6,5
2023-07-24,5,5,0
2023-07-24,3,2,1
2023-07-24,4,2,2
2023-07-25,3,0,3
2023-07-25,0,0,0
2023-07-25,0,0,0
2023-07-25,1,0,1
2023-07-25,6,2,4
2023-07-25,20,4,16
2023-07-25,53,3,50
2023-07-25,106,5,101
2023-07-25,126,6,120
2023-07-25,66,11,55
2023-07-25,40,13,27
2023-07-25,21,8,13
2023-07-25,24,13,11
2023-07-25,35,15,20
2023-07-25,26,14,12
2023-07-25,53,33,20
2023-07-25,135,103,32
2023-07-25,156,138,18
2023-07-25,92,71,21
2023-07-25,54,33,21
2023-07-25,23,19,4
2023-07-25,16,9,7
2023-07-25,8,6,2
2023-07-25,3,3,0
2023-07-26,3,1,2
2023-07-26,3,1,2
2023-07-26,2,0,2
2023-07-26,6,1,5
2023-07-26,4,0,4
2023-07-26,23,5,18
2023-07-26,53,4,49
2023-07-26,99,11,88
2023-07-26,111,4,107
2023-07-26,66,5,61
2023-07-26,44,13,31
2023-07-26,35,11,24
2023-07-26,25,13,12
2023-07-26,41,16,25
2023-07-26,37,21,16
2023-07-26,67,48,19
2023-07-26,122,92,30
2023-07-26,160,132,28
2023-07-26,88,63,25
2023-07-26,59,35,24
2023-07-26,27,16,11
2023-07-26,19,13,6
2023-07-26,9,8,1
2023-07-26,10,7,3
2023-07-27,4,1,3
2023-07-27,2,2,0
2023-07-27,2,2,0
2023-07-27,1,0,1
2023-07-27,6,2,4
2023-07-27,28,6,22
2023-07-27,50,1,49
2023-07-27,91,9,82
2023-07-27,119,6,113
2023-07-27,63,7,56
2023-07-27,47,21,26
2023-07-27,31,11,20
2023-07-27,38,14,24
2023-07-27,40,18,22
2023-07-27,32,17,15
2023-07-27,72,40,32
2023-07-27,103,76,27
2023-07-27,155,130,25
2023-07-27,91,68,23
2023-07-27,59,48,11
2023-07-27,53,24,29
2023-07-27,21,17,4
2023-07-27,17,11,6
2023-07-27,5,5,0
2023-07-28,4,3,1
2023-07-28,11,8,3
2023-07-28,2,1,1
2023-07-28,5,2,3
2023-07-28,4,0,4
2023-07-28,17,3,14
2023-07-28,40,2,38
2023-07-28,59,6,53
2023-07-28,69,12,57
2023-07-28,41,4,37
2023-07-28,39,11,28
2023-07-28,42,21,21
2023-07-28,26,17,9
2023-07-28,34,17,17
2023-07-28,56,35,21
2023-07-28,69,51,18
2023-07-28,84,66,18
2023-07-28,71,46,25
2023-07-28,48,31,17
2023-07-28,42,28,14
2023-07-28,21,15,6
2023-07-28,26,13,13
2023-07-28,7,3,4
2023-07-28,11,8,3
2023-07-29,3,1,2
2023-07-29,9,6,3
2023-07-29,1,1,0
2023-07-29,2,1,1
2023-07-29,4,1,3
2023-07-29,4,0,4
2023-07-29,5,1,4
2023-07-29,21,6,15
2023-07-29,41,9,32
2023-07-29,44,29,15
2023-07-29,87,52,35
2023-07-29,95,41,54
2023-07-29,63,34,29
2023-07-29,93,46,47
2023-07-29,83,32,51
2023-07-29,74,36,38
2023-07-29,60,30,30
2023-07-29,52,39,13
2023-07-29,64,36,28
2023-07-29,43,25,18
2023-07-29,26,11,15
2023-07-29,11,7,4
2023-07-29,13,8,5
2023-07-29,4,4,0
2023-07-30,10,5,5
2023-07-30,6,2,4
2023-07-30,5,2,3
2023-07-30,2,1,1
2023-07-30,2,0,2
2023-07-30,1,0,1
2023-07-30,7,2,5
2023-07-30,10,5,5
2023-07-30,32,11,21
2023-07-30,52,27,25
2023-07-30,74,44,30
2023-07-30,78,39,39
2023-07-30,84,38,46
2023-07-30,90,51,39
2023-07-30,89,42,47
2023-07-30,74,36,38
2023-07-30,79,32,47
2023-07-30,60,28,32
2023-07-30,46,19,27
2023-07-30,26,20,6
2023-07-30,26,17,9
2023-07-30,9,4,5
2023-07-30,9,3,6
2023-07-30,4,2,2
2023-07-31,0,0,0
2023-07-31,0,0,0
2023-07-31,4,1,3
2023-07-31,1,0,1
2023-07-31,6,0,6
2023-07-31,19,3,16
2023-07-31,52,3,49
2023-07-31,84,5,79
2023-07-31,88,3,85
2023-07-31,48,6,42
2023-07-31,28,8,20
2023-07-31,31,8,23
2023-07-31,37,19,18
2023-07-31,36,19,17
2023-07-31,41,27,14
2023-07-31,63,44,19
2023-07-31,106,77,29
2023-07-31,139,121,18
2023-07-31,81,53,28
2023-07-31,32,21,11
2023-07-31,27,18,9
2023-07-31,34,24,10
2023-07-31,17,11,6
2023-07-31,9,6,3
2023-08-01,6,1,5
2023-08-01,4,2,2
2023-08-01,2,0,2
2023-08-01,5,0,5
2023-08-01,5,0,5
2023-08-01,22,4,18
2023-08-01,62,4,58
2023-08-01,112,5,107
2023-08-01,108,3,105
2023-08-01,53,3,50
2023-08-01,45,15,30
2023-08-01,44,11,33
2023-08-01,39,21,18
2023-08-01,48,20,28
2023-08-01,51,31,20
2023-08-01,47,33,14
2023-08-01,120,92,28
2023-08-01,184,151,33
2023-08-01,80,59,21
2023-08-01,46,32,14
2023-08-01,21,11,10
2023-08-01,33,22,11
2023-08-01,16,16,0
2023-08-01,5,3,2
2023-08-02,6,6,0
2023-08-02,4,3,1
2023-08-02,4,1,3
2023-08-02,2,0,2
2023-08-02,5,0,5
2023-08-02,24,3,21
2023-08-02,50,3,47
2023-08-02,112,8,104
2023-08-02,119,4,115
2023-08-02,61,4,57
2023-08-02,43,20,23
2023-08-02,46,16,30
2023-08-02,43,19,24
2023-08-02,45,25,20
2023-08-02,44,23,21
2023-08-02,67,44,23
2023-08-02,141,118,23
2023-08-02,149,119,30
2023-08-02,101,83,18
2023-08-02,62,36,26
2023-08-02,35,20,15
2023-08-02,18,14,4
2023-08-02,11,7,4
2023-08-02,9,5,4
2023-08-03,3,1,2
2023-08-03,4,2,2
2023-08-03,1,1,0
2023-08-03,4,2,2
2023-08-03,5,0,5
2023-08-03,25,5,20
2023-08-03,51,4,47
2023-08-03,113,5,108
2023-08-03,119,7,112
2023-08-03,63,11,52
2023-08-03,43,15,28
2023-08-03,46,13,33
2023-08-03,29,14,15
2023-08-03,28,19,9
2023-08-03,45,27,18
2023-08-03,71,47,24
2023-08-03,131,102,29
2023-08-03,127,103,24
2023-08-03,90,67,23
2023-08-03,41,33,8
2023-08-03,27,21,6
2023-08-03,23,11,12
2023-08-03,5,2,3
2023-08-03,10,7,3
2023-08-04,1,1,0
2023-08-04,4,2,2
2023-08-04,2,1,1
2023-08-04,2,1,1
2023-08-04,4,0,4
2023-08-04,16,0,16
2023-08-04,28,3,25
2023-08-04,56,7,49
2023-08-04,62,7,55
2023-08-04,47,10,37
2023-08-04,36,15,21
2023-08-04,44,14,30
2023-08-04,39,15,24
2023-08-04,33,14,19
2023-08-04,57,39,18
2023-08-04,71,46,25
2023-08-04,92,69,23
2023-08-04,64,45,19
2023-08-04,61,43,18
2023-08-04,50,40,10
2023-08-04,45,18,27
2023-08-04,17,4,13
2023-08-04,14,10,4
2023-08-04,10,7,3
2023-08-05,6,3,3
2023-08-05,2,1,1
2023-08-05,4,2,2
2023-08-05,3,3,0
2023-08-05,5,0,5
2023-08-05,4,1,3
2023-08-05,9,2,7
2023-08-05,15,5,10
2023-08-05,28,12,16
2023-08-05,31,10,21
2023-08-05,33,16,17
2023-08-05,35,16,19
2023-08-05,56,29,27
2023-08-05,53,19,34
2023-08-05,51,11,40
2023-08-05,89,63,26
2023-08-05,242,218,24
2023-08-05,132,113,19
2023-08-05,49,9,40
2023-08-05,29,20,9
2023-08-05,36,21,15
2023-08-05,26,19,7
2023-08-05,27,24,3
2023-08-05,18,13,5
2023-08-06,7,5,2
2023-08-06,5,3,2
2023-08-06,2,2,0
2023-08-06,1,0,1
2023-08-06,4,2,2
2023-08-06,4,1,3
2023-08-06,6,1,5
2023-08-06,22,10,12
2023-08-06,22,8,14
2023-08-06,41,16,25
2023-08-06,47,20,27
2023-08-06,52,28,24
2023-08-06,56,35,21
2023-08-06,65,19,46
2023-08-06,65,25,40
2023-08-06,65,31,34
2023-08-06,58,36,22
2023-08-06,43,27,16
2023-08-06,42,27,15
2023-08-06,29,13,16
2023-08-06,26,13,13
2023-08-06,9,4,5
2023-08-06,6,3,3
2023-08-06,2,1,1
2023-08-07,2,1,1
2023-08-07,2,1,1
2023-08-07,0,0,0
2023-08-07,2,1,1
2023-08-07,2,0,2
2023-08-07,22,5,17
2023-08-07,40,5,35
2023-08-07,81,4,77
2023-08-07,75,2,73
2023-08-07,47,9,38
2023-08-07,28,7,21
2023-08-07,30,10,20
2023-08-07,25,10,15
2023-08-07,22,9,13
2023-08-07,42,29,13
2023-08-07,46,29,17
2023-08-07,97,72,25
2023-08-07,128,106,22
2023-08-07,71,53,18
2023-08-07,35,21,14
2023-08-07,36,23,13
2023-08-07,18,12,6
2023-08-07,9,4,5
2023-08-07,6,4,2
2023-08-08,3,3,0
2023-08-08,4,1,3
2023-08-08,2,2,0
2023-08-08,2,1,1
2023-08-08,7,1,6
2023-08-08,30,6,24
2023-08-08,64,7,57
2023-08-08,114,8,106
2023-08-08,122,2,120
2023-08-08,55,11,44
2023-08-08,37,10,27
2023-08-08,29,15,14
2023-08-08,38,23,15
2023-08-08,49,25,24
2023-08-08,45,21,24
2023-08-08,68,44,24
2023-08-08,125,102,23
2023-08-08,171,132,39
2023-08-08,106,74,32
2023-08-08,43,28,15
2023-08-08,28,16,12
2023-08-08,46,32,14
2023-08-08,13,7,6
2023-08-08,8,5,3
2023-08-09,7,5,2
2023-08-09,2,1,1
2023-08-09,1,0,1
2023-08-09,2,1,1
2023-08-09,5,3,2
2023-08-09,24,4,20
2023-08-09,48,6,42
2023-08-09,106,8,98
2023-08-09,112,6,106
2023-08-09,45,4,41
2023-08-09,28,7,21
2023-08-09,23,5,18
2023-08-09,23,10,13
2023-08-09,35,18,17
2023-08-09,30,19,11
2023-08-09,57,43,14
2023-08-09,107,85,22
2023-08-09,158,129,29
2023-08-09,91,62,29
2023-08-09,57,41,16
2023-08-09,32,14,18
2023-08-09,33,22,11
2023-08-09,19,15,4
2023-08-09,6,6,0
2023-08-10,8,7,1
2023-08-10,6,3,3
2023-08-10,2,1,1
2023-08-10,2,1,1
2023-08-10,6,2,4
2023-08-10,24,4,20
2023-08-10,49,5,44
2023-08-10,103,7,96
2023-08-10,116,1,115
2023-08-10,51,8,43
2023-08-10,24,5,19
2023-08-10,27,7,20
2023-08-10,38,18,20
2023-08-10,33,17,16
2023-08-10,40,23,17
2023-08-10,70,49,21
2023-08-10,114,83,31
2023-08-10,129,104,25
2023-08-10,83,65,18
2023-08-10,42,25,17
2023-08-10,35,21,14
2023-08-10,17,14,3
2023-08-10,15,14,1
2023-08-10,13,7,6
2023-08-11,2,2,0
2023-08-11,5,3,2
2023-08-11,1,0,1
2023-08-11,3,1,2
2023-08-11,2,1,1
2023-08-11,21,7,14
2023-08-11,39,4,35
2023-08-11,57,5,52
2023-08-11,79,8,71
2023-08-11,40,8,32
2023-08-11,31,10,21
2023-08-11,36,10,26
2023-08-11,46,27,19
2023-08-11,36,17,19
2023-08-11,59,36,23
2023-08-11,72,37,35
2023-08-11,80,59,21
2023-08-11,99,74,25
2023-08-11,64,44,20
2023-08-11,51,32,19
2023-08-11,32,20,12
2023-08-11,26,13,13
2023-08-11,25,20,5
2023-08-11,3,1,2
2023-08-12,10,8,2
2023-08-12,4,4,0
2023-08-12,5,4,1
2023-08-12,2,2,0
2023-08-12,5,1,4
2023-08-12,12,4,8
2023-08-12,13,3,10
2023-08-12,25,7,18
2023-08-12,45,9,36
2023-08-12,43,15,28
2023-08-12,61,35,26
2023-08-12,82,52,30
2023-08-12,75,33,42
2023-08-12,52,28,24
2023-08-12,64,28,36
2023-08-12,87,35,52
2023-08-12,50,19,31
2023-08-12,44,28,16
2023-08-12,39,18,21
2023-08-12,30,20,10
2023-08-12,20,10,10
2023-08-12,33,23,10
2023-08-12,30,20,10
2023-08-12,10,8,2
2023-08-13,4,4,0
2023-08-13,0,0,0
2023-08-13,0,0,0
2023-08-13,1,0,1
2023-08-13,1,0,1
2023-08-13,4,0,4
2023-08-13,10,3,7
2023-08-13,16,8,8
2023-08-13,45,16,29
2023-08-13,48,18,30
2023-08-13,62,30,32
2023-08-13,65,28,37
2023-08-13,66,36,30
2023-08-13,67,26,41
2023-08-13,88,24,64
2023-08-13,67,31,36
2023-08-13,57,32,25
2023-08-13,42,27,15
2023-08-13,24,10,14
2023-08-13,34,25,9
2023-08-13,17,9,8
2023-08-13,11,8,3
2023-08-13,6,2,4
2023-08-13,8,7,1
2023-08-14,2,1,1
2023-08-14,1,1,0
2023-08-14,2,1,1
2023-08-14,7,4,3
2023-08-14,6,2,4
2023-08-14,21,7,14
2023-08-14,45,5,40
2023-08-14,93,7,86
2023-08-14,106,6,100
2023-08-14,45,6,39
2023-08-14,40,14,26
2023-08-14,37,17,20
2023-08-14,26,19,7
2023-08-14,48,25,23
2023-08-14,35,15,20
2023-08-14,59,41,18
2023-08-14,91,77,14
2023-08-14,140,113,27
2023-08-14,58,42,16
2023-08-14,44,32,12
2023-08-14,27,14,13
2023-08-14,20,9,11
2023-08-14,4,1,3
2023-08-14,9,6,3
2023-08-15,4,2,2
2023-08-15,2,0,2
2023-08-15,0,0,0
2023-08-15,2,1,1
2023-08-15,6,1,5
2023-08-15,27,8,19
2023-08-15,38,3,35
2023-08-15,127,4,123
2023-08-15,124,6,118
2023-08-15,48,6,42
2023-08-15,38,13,25
2023-08-15,36,13,23
2023-08-15,29,13,16
2023-08-15,22,7,15
2023-08-15,47,29,18
2023-08-15,66,48,18
2023-08-15,124,103,21
2023-08-15,126,106,20
2023-08-15,89,64,25
2023-08-15,54,35,19
2023-08-15,30,20,10
2023-08-15,17,11,6
2023-08-15,12,7,5
2023-08-15,6,2,4
2023-08-16,4,3,1
2023-08-16,1,1,0
2023-08-16,0,0,0
2023-08-16,3,2,1
2023-08-16,5,1,4
2023-08-16,27,5,22
2023-08-16,43,3,40
2023-08-16,105,6,99
2023-08-16,111,3,108
2023-08-16,59,13,46
2023-08-16,33,10,23
2023-08-16,37,14,23
2023-08-16,46,23,23
2023-08-16,18,6,12
2023-08-16,43,20,23
2023-08-16,53,39,14
2023-08-16,107,86,21
2023-08-16,135,118,17
2023-08-16,82,56,26
2023-08-16,61,42,19
2023-08-16,28,19,9
2023-08-16,15,12,3
2023-08-16,8,7,1
2023-08-16,11,11,0
2023-08-17,1,1,0
2023-08-17,2,2,0
2023-08-17,0,0,0
2023-08-17,3,0,3
2023-08-17,7,3,4
2023-08-17,24,3,21
2023-08-17,49,8,41
2023-08-17,84,2,82
2023-08-17,104,5,99
2023-08-17,47,8,39
2023-08-17,28,10,18
2023-08-17,28,9,19
2023-08-17,38,15,23
2023-08-17,27,12,15
2023-08-17,36,19,17
2023-08-17,68,45,23
2023-08-17,103,74,29
2023-08-17,120,97,23
2023-08-17,70,59,11
2023-08-17,52,30,22
2023-08-17,32,21,11
2023-08-17,23,13,10
2023-08-17,10,7,3
2023-08-17,11,9,2
2023-08-18,2,1,1
2023-08-18,5,5,0
2023-08-18,1,1,0
2023-08-18,2,0,2
2023-08-18,5,1,4
2023-08-18,15,4,11
2023-08-18,41,4,37
2023-08-18,54,9,45
2023-08-18,62,3,59
2023-08-18,45,12,33
2023-08-18,27,11,16
2023-08-18,19,5,14
2023-08-18,22,9,13
2023-08-18,37,18,19
2023-08-18,44,30,14
2023-08-18,60,38,22
2023-08-18,84,58,26
2023-08-18,86,64,22
2023-08-18,52,35,17
2023-08-18,42,25,17
2023-08-18,27,10,17
2023-08-18,14,10,4
2023-08-18,7,4,3
2023-08-18,10,6,4
2023-08-19,4,2,2
2023-08-19,0,0,0
2023-08-19,1,1,0
2023-08-19,3,2,1
2023-08-19,5,1,4
2023-08-19,4,0,4
2023-08-19,13,4,9
2023-08-19,25,10,15
2023-08-19,44,12,32
2023-08-19,54,20,34
2023-08-19,61,39,22
2023-08-19,82,50,32
2023-08-19,79,32,47
2023-08-19,66,30,36
2023-08-19,59,31,28
2023-08-19,46,25,21
2023-08-19,50,19,31
2023-08-19,45,24,21
2023-08-19,45,20,25
2023-08-19,28,17,11
2023-08-19,29,21,8
2023-08-19,21,13,8
2023-08-19,11,6,5
2023-08-19,20,11,9
2023-08-20,3,1,2
2023-08-20,0,0,0
2023-08-20,2,1,1
2023-08-20,6,4,2
2023-08-20,2,0,2
2023-08-20,4,1,3
2023-08-20,5,2,3
2023-08-20,11,6,5
2023-08-20,23,6,17
2023-08-20,26,11,15
2023-08-20,39,20,19
2023-08-20,52,21,31
2023-08-20,32,18,14
2023-08-20,34,19,15
2023-08-20,36,15,21
2023-08-20,34,17,17
2023-08-20,31,15,16
2023-08-20,26,10,16
2023-08-20,39,14,25
2023-08-20,17,8,9
2023-08-20,7,4,3
2023-08-20,19,14,5
2023-08-20,13,8,5
2023-08-20,4,0,4
2023-08-21,2,2,0
2023-08-21,0,0,0
2023-08-21,1,0,1
2023-08-21,1,0,1
2023-08-21,3,0,3
2023-08-21,17,5,12
2023-08-21,29,4,25
2023-08-21,40,1,39
2023-08-21,49,2,47
2023-08-21,30,2,28
2023-08-21,14,2,12
2023-08-21,22,5,17
2023-08-21,23,13,10
2023-08-21,15,7,8
2023-08-21,30,19,11
2023-08-21,37,21,16
2023-08-21,56,46,10
2023-08-21,77,62,15
2023-08-21,49,39,10
2023-08-21,24,20,4
2023-08-21,20,12,8
2023-08-21,7,4,3
2023-08-21,12,9,3
2023-08-21,8,4,4
2023-08-22,1,1,0
2023-08-22,0,0,0
2023-08-22,2,0,2
2023-08-22,5,3,2
2023-08-22,6,0,6
2023-08-22,23,6,17
2023-08-22,54,4,50
2023-08-22,91,7,84
2023-08-22,115,5,110
2023-08-22,56,8,48
2023-08-22,25,6,19
2023-08-22,35,13,22
2023-08-22,21,10,11
2023-08-22,34,14,20
2023-08-22,30,16,14
2023-08-22,66,48,18
2023-08-22,130,98,32
2023-08-22,140,110,30
2023-08-22,70,50,20
2023-08-22,39,30,9
2023-08-22,24,15,9
2023-08-22,10,7,3
2023-08-22,8,4,4
2023-08-22,4,1,3
2023-08-23,3,3,0
2023-08-23,4,3,1
2023-08-23,3,2,1
2023-08-23,2,0,2
2023-08-23,5,2,3
2023-08-23,23,4,19
2023-08-23,41,3,38
2023-08-23,101,10,91
2023-08-23,114,7,107
2023-08-23,52,9,43
2023-08-23,30,4,26
2023-08-23,26,6,20
2023-08-23,25,12,13
2023-08-23,35,15,20
2023-08-23,49,35,14
2023-08-23,69,44,25
2023-08-23,113,79,34
2023-08-23,132,110,22
2023-08-23,93,67,26
2023-08-23,53,34,19
2023-08-23,34,18,16
2023-08-23,8,7,1
2023-08-23,7,6,1
2023-08-23,8,7,1
2023-08-24,2,0,2
2023-08-24,0,0,0
2023-08-24,1,0,1
2023-08-24,2,0,2
2023-08-24,7,2,5
2023-08-24,31,6,25
2023-08-24,50,1,49
2023-08-24,93,6,87
2023-08-24,96,1,95
2023-08-24,55,8,47
2023-08-24,26,6,20
2023-08-24,37,16,21
2023-08-24,41,11,30
2023-08-24,38,17,21
2023-08-24,40,22,18
2023-08-24,65,48,17
2023-08-24,94,72,22
2023-08-24,163,132,31
2023-08-24,74,62,12
2023-08-24,40,36,4
2023-08-24,35,15,20
2023-08-24,11,9,2
2023-08-24,8,6,2
2023-08-24,8,7,1
2023-08-25,2,1,1
2023-08-25,2,2,0
2023-08-25,2,0,2
2023-08-25,3,0,3
2023-08-25,3,1,2
2023-08-25,19,4,15
2023-08-25,29,2,27
2023-08-25,54,6,48
2023-08-25,49,3,46
2023-08-25,34,7,27
2023-08-25,20,5,15
2023-08-25,14,8,6
2023-08-25,22,9,13
2023-08-25,31,16,15
2023-08-25,43,30,13
2023-08-25,54,34,20
2023-08-25,56,43,13
2023-08-25,67,51,16
2023-08-25,65,35,30
2023-08-25,34,19,15
2023-08-25,12,6,6
2023-08-25,9,5,4
2023-08-25,17,13,4
2023-08-25,23,19,4
2023-08-26,8,6,2
2023-08-26,1,0,1
2023-08-26,4,4,0
2023-08-26,0,0,0
2023-08-26,3,1,2
2023-08-26,8,0,8
2023-08-26,6,3,3
2023-08-26,15,6,9
2023-08-26,34,5,29
2023-08-26,35,17,18
2023-08-26,43,21,22
2023-08-26,48,27,21
2023-08-26,48,15,33
2023-08-26,49,20,29
2023-08-26,51,28,23
2023-08-26,65,39,26
2023-08-26,61,35,26
2023-08-26,38,16,22
2023-08-26,44,17,27
2023-08-26,27,15,12
2023-08-26,23,11,12
2023-08-26,10,6,4
2023-08-26,15,11,4
2023-08-26,9,9,0
2023-08-27,5,3,2
2023-08-27,3,0,3
2023-08-27,2,1,1
2023-08-27,0,0,0
2023-08-27,4,0,4
2023-08-27,1,0,1
2023-08-27,8,2,6
2023-08-27,11,3,8
2023-08-27,26,9,17
2023-08-27,34,17,17
2023-08-27,60,33,27
2023-08-27,64,35,29
2023-08-27,82,36,46
2023-08-27,76,27,49
2023-08-27,58,26,32
2023-08-27,55,25,30
2023-08-27,60,36,24
2023-08-27,29,12,17
2023-08-27,34,13,21
2023-08-27,19,7,12
2023-08-27,12,6,6
2023-08-27,4,2,2
2023-08-27,5,4,1
2023-08-27,6,5,1
2023-08-28,2,2,0
2023-08-28,4,3,1
2023-08-28,1,1,0
2023-08-28,0,0,0
2023-08-28,5,0,5
2023-08-28,20,4,16
2023-08-28,41,4,37
2023-08-28,73,4,69
2023-08-28,80,2,78
2023-08-28,44,10,34
2023-08-28,15,1,14
2023-08-28,19,8,11
2023-08-28,20,9,11
2023-08-28,40,21,19
2023-08-28,41,16,25
2023-08-28,46,27,19
2023-08-28,96,72,24
2023-08-28,108,89,19
2023-08-28,64,48,16
2023-08-28,31,18,13
2023-08-28,14,12,2
2023-08-28,24,20,4
2023-08-28,11,7,4
2023-08-28,9,4,5
2023-08-29,1,1,0
2023-08-29,0,0,0
2023-08-29,4,3,1
2023-08-29,5,1,4
2023-08-29,2,0,2
2023-08-29,16,5,11
2023-08-29,45,4,41
2023-08-29,64,4,60
2023-08-29,90,3,87
2023-08-29,44,5,39
2023-08-29,27,4,23
2023-08-29,16,2,14
2023-08-29,21,8,13
2023-08-29,21,12,9
2023-08-29,29,19,10
2023-08-29,46,38,8
2023-08-29,79,65,14
2023-08-29,87,79,8
2023-08-29,33,32,1
2023-08-29,14,9,5
2023-08-29,4,4,0
2023-08-29,22,20,2
2023-08-29,6,4,2
2023-08-29,5,4,1
2023-08-30,2,2,0
2023-08-30,2,2,0
2023-08-30,1,1,0
2023-08-30,5,1,4
2023-08-30,3,0,3
2023-08-30,21,6,15
2023-08-30,46,7,39
2023-08-30,83,6,77
2023-08-30,103,6,97
2023-08-30,44,2,42
2023-08-30,34,10,24
2023-08-30,24,8,16
2023-08-30,40,16,24
2023-08-30,31,11,20
2023-08-30,37,17,20
2023-08-30,60,45,15
2023-08-30,126,87,39
2023-08-30,143,120,23
2023-08-30,76,64,12
2023-08-30,61,31,30
2023-08-30,18,13,5
2023-08-30,27,11,16
2023-08-30,4,2,2
2023-08-30,2,1,1
2023-08-31,2,1,1
2023-08-31,1,0,1
2023-08-31,4,1,3
2023-08-31,5,1,4
2023-08-31,1,0,1
2023-08-31,16,2,14
2023-08-31,40,4,36
2023-08-31,69,4,65
2023-08-31,88,11,77
2023-08-31,43,0,43
2023-08-31,24,7,17
2023-08-31,23,8,15
2023-08-31,25,10,15
2023-08-31,25,15,10
2023-08-31,20,11,9
2023-08-31,32,23,9
2023-08-31,77,57,20
2023-08-31,95,82,13
2023-08-31,74,55,19
2023-08-31,33,27,6
2023-08-31,24,19,5
2023-08-31,7,4,3
2023-08-31,6,4,2
2023-08-31,3,2,1
2023-09-01,4,3,1
2023-09-01,3,2,1
2023-09-01,3,1,2
2023-09-01,6,4,2
2023-09-01,5,1,4
2023-09-01,18,3,15
2023-09-01,28,2,26
2023-09-01,37,3,34
2023-09-01,72,4,68
2023-09-01,39,10,29
2023-09-01,34,14,20
2023-09-01,43,19,24
2023-09-01,47,18,29
2023-09-01,54,23,31
2023-09-01,61,33,28
2023-09-01,62,42,20
2023-09-01,86,56,30
2023-09-01,80,60,20
2023-09-01,73,49,24
2023-09-01,32,22,10
2023-09-01,25,10,15
2023-09-01,15,8,7
2023-09-01,11,7,4
2023-09-01,5,4,1
2023-09-02,5,2,3
2023-09-02,3,1,2
2023-09-02,1,1,0
2023-09-02,0,0,0
2023-09-02,8,3,5
2023-09-02,4,2,2
2023-09-02,12,8,4
2023-09-02,16,8,8
2023-09-02,19,6,13
2023-09-02,48,15,33
2023-09-02,80,45,35
2023-09-02,67,35,32
2023-09-02,75,32,43
2023-09-02,105,42,63
2023-09-02,63,29,34
2023-09-02,53,30,23
2023-09-02,51,23,28
2023-09-02,62,35,27
2023-09-02,60,16,44
2023-09-02,28,14,14
2023-09-02,25,17,8
2023-09-02,29,24,5
2023-09-02,38,34,4
2023-09-02,15,10,5
2023-09-03,4,2,2
2023-09-03,2,1,1
2023-09-03,6,3,3
2023-09-03,4,1,3
2023-09-03,2,0,2
2023-09-03,3,1,2
2023-09-03,5,0,5
2023-09-03,11,8,3
2023-09-03,18,8,10
2023-09-03,26,11,15
2023-09-03,46,23,23
2023-09-03,38,18,20
2023-09-03,62,36,26
2023-09-03,54,16,38
2023-09-03,57,18,39
2023-09-03,33,19,14
2023-09-03,35,13,22
2023-09-03,3,2,1
2023-09-03,0,0,0
2023-09-03,0,0,0
2023-09-03,0,0,0
2023-09-03,0,0,0
2023-09-03,0,0,0
2023-09-03,0,0,0
2023-09-04,0,0,0
2023-09-04,0,0,0
2023-09-04,0,0,0
2023-09-04,0,0,0
2023-09-04,0,0,0
2023-09-04,0,0,0
2023-09-04,0,0,0
2023-09-04,0,0,0
2023-09-04,0,0,0
2023-09-04,0,0,0
2023-09-04,0,0,0
2023-09-04,0,0,0
2023-09-04,0,0,0
2023-09-04,0,0,0
2023-09-04,0,0,0
2023-09-04,0,0,0
2023-09-04,0,0,0
2023-09-04,0,0,0
2023-09-04,0,0,0
2023-09-04,0,0,0
2023-09-04,0,0,0
2023-09-04,0,0,0
2023-09-04,0,0,0
2023-09-04,0,0,0
2023-09-05,0,0,0
2023-09-05,0,0,0
2023-09-05,0,0,0
2023-09-05,0,0,0
2023-09-05,0,0,0
2023-09-05,0,0,0
2023-09-05,0,0,0
2023-09-05,0,0,0
2023-09-05,0,0,0
2023-09-05,0,0,0
2023-09-05,0,0,0
2023-09-05,0,0,0
2023-09-05,0,0,0
2023-09-05,0,0,0
2023-09-05,0,0,0
2023-09-05,0,0,0
2023-09-05,0,0,0
2023-09-05,0,0,0
2023-09-05,0,0,0
2023-09-05,0,0,0
2023-09-05,0,0,0
2023-09-05,0,0,0
2023-09-05,0,0,0
2023-09-05,0,0,0
2023-09-06,0,0,0
2023-09-06,0,0,0
2023-09-06,0,0,0
2023-09-06,0,0,0
2023-09-06,0,0,0
2023-09-06,0,0,0
2023-09-06,0,0,0
2023-09-06,0,0,0
2023-09-06,0,0,0
2023-09-06,0,0,0
2023-09-06,0,0,0
2023-09-06,0,0,0
2023-09-06,0,0,0
2023-09-06,0,0,0
2023-09-06,0,0,0
2023-09-06,0,0,0
2023-09-06,0,0,0
2023-09-06,0,0,0
2023-09-06,0,0,0
2023-09-06,0,0,0
2023-09-06,0,0,0
2023-09-06,0,0,0
2023-09-06,0,0,0
2023-09-06,0,0,0
2023-09-07,0,0,0
2023-09-07,0,0,0
2023-09-07,0,0,0
2023-09-07,0,0,0
2023-09-07,0,0,0
2023-09-07,0,0,0
2023-09-07,0,0,0
2023-09-07,0,0,0
2023-09-07,0,0,0
2023-09-07,0,0,0
2023-09-07,0,0,0
2023-09-07,0,0,0
2023-09-07,0,0,0
2023-09-07,0,0,0
2023-09-07,0,0,0
2023-09-07,0,0,0
2023-09-07,0,0,0
2023-09-07,0,0,0
2023-09-07,0,0,0
2023-09-07,0,0,0
2023-09-07,0,0,0
2023-09-07,0,0,0
2023-09-07,0,0,0
2023-09-07,0,0,0
2023-09-08,0,0,0
2023-09-08,0,0,0
2023-09-08,0,0,0
2023-09-08,0,0,0
2023-09-08,0,0,0
2023-09-08,0,0,0
2023-09-08,0,0,0
2023-09-08,0,0,0
2023-09-08,0,0,0
2023-09-08,0,0,0
2023-09-08,0,0,0
2023-09-08,0,0,0
2023-09-08,0,0,0
2023-09-08,0,0,0
2023-09-08,0,0,0
2023-09-08,0,0,0
2023-09-08,0,0,0
2023-09-08,0,0,0
2023-09-08,0,0,0
2023-09-08,0,0,0
2023-09-08,0,0,0
2023-09-08,0,0,0
2023-09-08,0,0,0
2023-09-08,0,0,0
2023-09-09,0,0,0
2023-09-09,0,0,0
2023-09-09,0,0,0
2023-09-09,0,0,0
2023-09-09,0,0,0
2023-09-09,0,0,0
2023-09-09,0,0,0
2023-09-09,0,0,0
2023-09-09,0,0,0
2023-09-09,0,0,0
2023-09-09,0,0,0
2023-09-09,0,0,0
2023-09-09,0,0,0
2023-09-09,0,0,0
2023-09-09,0,0,0
2023-09-09,0,0,0
2023-09-09,0,0,0
2023-09-09,0,0,0
2023-09-09,0,0,0
2023-09-09,0,0,0
2023-09-09,0,0,0
2023-09-09,0,0,0
2023-09-09,0,0,0
2023-09-09,0,0,0
2023-09-10,0,0,0
2023-09-10,0,0,0
2023-09-10,0,0,0
2023-09-10,0,0,0
2023-09-10,0,0,0
2023-09-10,0,0,0
2023-09-10,0,0,0
2023-09-10,0,0,0
2023-09-10,0,0,0
2023-09-10,0,0,0
2023-09-10,0,0,0
2023-09-10,0,0,0
2023-09-10,0,0,0
2023-09-10,0,0,0
2023-09-10,0,0,0
2023-09-10,0,0,0
2023-09-10,0,0,0
2023-09-10,0,0,0
2023-09-10,0,0,0
2023-09-10,0,0,0
2023-09-10,0,0,0
2023-09-10,0,0,0
2023-09-10,0,0,0
2023-09-10,0,0,0
2023-09-11,0,0,0
2023-09-11,0,0,0
2023-09-11,0,0,0
2023-09-11,0,0,0
2023-09-11,0,0,0
2023-09-11,0,0,0
2023-09-11,0,0,0
2023-09-11,0,0,0
2023-09-11,0,0,0
2023-09-11,0,0,0
2023-09-11,0,0,0
2023-09-11,0,0,0
2023-09-11,0,0,0
2023-09-11,0,0,0
2023-09-11,0,0,0
2023-09-11,0,0,0
2023-09-11,0,0,0
2023-09-11,0,0,0
2023-09-11,0,0,0
2023-09-11,0,0,0
2023-09-11,0,0,0
2023-09-11,0,0,0
2023-09-11,0,0,0
2023-09-11,0,0,0
2023-09-12,0,0,0
2023-09-12,0,0,0
2023-09-12,0,0,0
2023-09-12,0,0,0
2023-09-12,0,0,0
2023-09-12,0,0,0
2023-09-12,0,0,0
2023-09-12,0,0,0
2023-09-12,0,0,0
2023-09-12,0,0,0
2023-09-12,0,0,0
2023-09-12,0,0,0
2023-09-12,0,0,0
2023-09-12,0,0,0
2023-09-12,0,0,0
2023-09-12,0,0,0
2023-09-12,0,0,0
2023-09-12,0,0,0
2023-09-12,0,0,0
2023-09-12,0,0,0
2023-09-12,0,0,0
2023-09-12,0,0,0
2023-09-12,0,0,0
2023-09-12,0,0,0
2023-09-13,0,0,0
2023-09-13,0,0,0
2023-09-13,0,0,0
2023-09-13,0,0,0
2023-09-13,0,0,0
2023-09-13,0,0,0
2023-09-13,0,0,0
2023-09-13,0,0,0
2023-09-13,0,0,0
2023-09-13,0,0,0
2023-09-13,0,0,0
2023-09-13,0,0,0
2023-09-13,0,0,0
2023-09-13,0,0,0
2023-09-13,0,0,0
2023-09-13,0,0,0
2023-09-13,0,0,0
2023-09-13,0,0,0
2023-09-13,0,0,0
2023-09-13,0,0,0
2023-09-13,0,0,0
2023-09-13,0,0,0
2023-09-13,0,0,0
2023-09-13,0,0,0
2023-09-14,0,0,0
2023-09-14,0,0,0
2023-09-14,0,0,0
2023-09-14,0,0,0
2023-09-14,0,0,0
2023-09-14,0,0,0
2023-09-14,0,0,0
2023-09-14,0,0,0
2023-09-14,0,0,0
2023-09-14,0,0,0
2023-09-14,0,0,0
2023-09-14,0,0,0
2023-09-14,0,0,0
2023-09-14,0,0,0
2023-09-14,0,0,0
2023-09-14,0,0,0
2023-09-14,0,0,0
2023-09-14,0,0,0
2023-09-14,0,0,0
2023-09-14,0,0,0
2023-09-14,0,0,0
2023-09-14,0,0,0
2023-09-14,0,0,0
2023-09-14,0,0,0
2023-09-15,0,0,0
2023-09-15,0,0,0
2023-09-15,0,0,0
2023-09-15,0,0,0
2023-09-15,0,0,0
2023-09-15,0,0,0
2023-09-15,0,0,0
2023-09-15,0,0,0
2023-09-15,0,0,0
2023-09-15,0,0,0
2023-09-15,0,0,0
2023-09-15,0,0,0
2023-09-15,0,0,0
2023-09-15,0,0,0
2023-09-15,0,0,0
2023-09-15,0,0,0
2023-09-15,0,0,0
2023-09-15,0,0,0
2023-09-15,0,0,0
2023-09-15,0,0,0
2023-09-15,0,0,0
2023-09-15,0,0,0
2023-09-15,0,0,0
2023-09-15,0,0,0
2023-09-16,0,0,0
2023-09-16,0,0,0
2023-09-16,0,0,0
2023-09-16,0,0,0
2023-09-16,0,0,0
2023-09-16,0,0,0
2023-09-16,0,0,0
2023-09-16,0,0,0
2023-09-16,0,0,0
2023-09-16,0,0,0
2023-09-16,0,0,0
2023-09-16,0,0,0
2023-09-16,0,0,0
2023-09-16,0,0,0
2023-09-16,0,0,0
2023-09-16,0,0,0
2023-09-16,0,0,0
2023-09-16,0,0,0
2023-09-16,0,0,0
2023-09-16,0,0,0
2023-09-16,0,0,0
2023-09-16,0,0,0
2023-09-16,0,0,0
2023-09-16,0,0,0
2023-09-17,0,0,0
2023-09-17,0,0,0
2023-09-17,0,0,0
2023-09-17,0,0,0
2023-09-17,0,0,0
2023-09-17,0,0,0
2023-09-17,0,0,0
2023-09-17,0,0,0
2023-09-17,0,0,0
2023-09-17,0,0,0
2023-09-17,0,0,0
2023-09-17,0,0,0
2023-09-17,0,0,0
2023-09-17,0,0,0
2023-09-17,0,0,0
2023-09-17,0,0,0
2023-09-17,0,0,0
2023-09-17,0,0,0
2023-09-17,0,0,0
2023-09-17,0,0,0
2023-09-17,0,0,0
2023-09-17,0,0,0
2023-09-17,0,0,0
2023-09-17,0,0,0
2023-09-18,0,0,0
2023-09-18,0,0,0
2023-09-18,0,0,0
2023-09-18,0,0,0
2023-09-18,0,0,0
2023-09-18,0,0,0
2023-09-18,0,0,0
2023-09-18,0,0,0
2023-09-18,0,0,0
2023-09-18,0,0,0
2023-09-18,0,0,0
2023-09-18,0,0,0
2023-09-18,0,0,0
2023-09-18,0,0,0
2023-09-18,0,0,0
2023-09-18,0,0,0
2023-09-18,0,0,0
2023-09-18,0,0,0
2023-09-18,0,0,0
2023-09-18,0,0,0
2023-09-18,0,0,0
2023-09-18,0,0,0
2023-09-18,0,0,0
2023-09-18,0,0,0
2023-09-19,0,0,0
2023-09-19,0,0,0
2023-09-19,0,0,0
2023-09-19,0,0,0
2023-09-19,0,0,0
2023-09-19,0,0,0
2023-09-19,0,0,0
2023-09-19,0,0,0
2023-09-19,0,0,0
2023-09-19,0,0,0
2023-09-19,0,0,0
2023-09-19,0,0,0
2023-09-19,0,0,0
2023-09-19,0,0,0
2023-09-19,0,0,0
2023-09-19,0,0,0
2023-09-19,0,0,0
2023-09-19,0,0,0
2023-09-19,0,0,0
2023-09-19,0,0,0
2023-09-19,0,0,0
2023-09-19,0,0,0
2023-09-19,0,0,0
2023-09-19,0,0,0
2023-09-20,0,0,0
2023-09-20,0,0,0
2023-09-20,0,0,0
2023-09-20,0,0,0
2023-09-20,0,0,0
2023-09-20,0,0,0
2023-09-20,0,0,0
2023-09-20,0,0,0
2023-09-20,0,0,0
2023-09-20,0,0,0
2023-09-20,0,0,0
2023-09-20,0,0,0
2023-09-20,0,0,0
2023-09-20,0,0,0
2023-09-20,0,0,0
2023-09-20,0,0,0
2023-09-20,0,0,0
2023-09-20,0,0,0
2023-09-20,0,0,0
2023-09-20,0,0,0
2023-09-20,0,0,0
2023-09-20,0,0,0
2023-09-20,0,0,0
2023-09-20,0,0,0
2023-09-21,0,0,0
2023-09-21,0,0,0
2023-09-21,0,0,0
2023-09-21,0,0,0
2023-09-21,0,0,0
2023-09-21,0,0,0
2023-09-21,0,0,0
2023-09-21,0,0,0
2023-09-21,0,0,0
2023-09-21,0,0,0
2023-09-21,0,0,0
2023-09-21,0,0,0
2023-09-21,0,0,0
2023-09-21,0,0,0
2023-09-21,0,0,0
2023-09-21,0,0,0
2023-09-21,0,0,0
2023-09-21,0,0,0
2023-09-21,0,0,0
2023-09-21,0,0,0
2023-09-21,0,0,0
2023-09-21,0,0,0
2023-09-21,0,0,0
2023-09-21,0,0,0
2023-09-22,0,0,0
2023-09-22,0,0,0
2023-09-22,0,0,0
2023-09-22,0,0,0
2023-09-22,0,0,0
2023-09-22,0,0,0
2023-09-22,0,0,0
2023-09-22,0,0,0
2023-09-22,0,0,0
2023-09-22,0,0,0
2023-09-22,0,0,0
2023-09-22,0,0,0
2023-09-22,61,25,36
2023-09-22,45,28,17
2023-09-22,50,34,16
2023-09-22,63,44,19
2023-09-22,89,58,31
2023-09-22,87,64,23
2023-09-22,64,48,16
2023-09-22,38,20,18
2023-09-22,24,21,3
2023-09-22,12,8,4
2023-09-22,13,7,6
2023-09-22,10,4,6
2023-09-23,8,6,2
2023-09-23,5,3,2
2023-09-23,2,0,2
2023-09-23,2,0,2
2023-09-23,3,2,1
2023-09-23,6,2,4
2023-09-23,3,0,3
2023-09-23,13,5,8
2023-09-23,16,6,10
2023-09-23,40,16,24
2023-09-23,49,19,30
2023-09-23,36,22,14
2023-09-23,43,15,28
2023-09-23,31,16,15
2023-09-23,10,4,6
2023-09-23,22,9,13
2023-09-23,20,15,5
2023-09-23,15,8,7
2023-09-23,17,12,5
2023-09-23,11,7,4
2023-09-23,5,3,2
2023-09-23,4,2,2
2023-09-23,3,3,0
2023-09-23,4,3,1
2023-09-24,5,4,1
2023-09-24,3,2,1
2023-09-24,1,0,1
2023-09-24,1,1,0
2023-09-24,1,1,0
2023-09-24,1,0,1
2023-09-24,5,2,3
2023-09-24,15,3,12
2023-09-24,19,6,13
2023-09-24,30,12,18
2023-09-24,42,17,25
2023-09-24,34,12,22
2023-09-24,53,19,34
2023-09-24,30,18,12
2023-09-24,25,10,15
2023-09-24,20,8,12
2023-09-24,26,20,6
2023-09-24,27,23,4
2023-09-24,17,12,5
2023-09-24,5,4,1
2023-09-24,13,11,2
2023-09-24,2,0,2
2023-09-24,1,0,1
2023-09-24,1,0,1
2023-09-25,1,0,1
2023-09-25,0,0,0
2023-09-25,1,0,1
2023-09-25,1,0,1
2023-09-25,1,0,1
2023-09-25,15,4,11
2023-09-25,26,2,24
2023-09-25,34,2,32
2023-09-25,43,4,39
2023-09-25,20,1,19
2023-09-25,7,1,6
2023-09-25,1,0,1
2023-09-25,10,6,4
2023-09-25,4,2,2
2023-09-25,13,6,7
2023-09-25,21,14,7
2023-09-25,41,29,12
2023-09-25,45,39,6
2023-09-25,35,30,5
2023-09-25,7,7,0
2023-09-25,2,2,0
2023-09-25,11,9,2
2023-09-25,3,2,1
2023-09-25,1,1,0
2023-09-26,1,1,0
2023-09-26,2,0,2
2023-09-26,1,0,1
2023-09-26,2,1,1
2023-09-26,3,0,3
2023-09-26,15,3,12
2023-09-26,42,6,36
2023-09-26,75,7,68
2023-09-26,66,1,65
2023-09-26,43,1,42
2023-09-26,24,6,18
2023-09-26,9,5,4
2023-09-26,17,8,9
2023-09-26,10,5,5
2023-09-26,8,4,4
2023-09-26,33,22,11
2023-09-26,56,43,13
2023-09-26,91,79,12
2023-09-26,53,32,21
2023-09-26,24,17,7
2023-09-26,4,4,0
2023-09-26,7,6,1
2023-09-26,18,15,3
2023-09-26,6,5,1
2023-09-27,0,0,0
2023-09-27,4,3,1
2023-09-27,0,0,0
2023-09-27,1,0,1
2023-09-27,3,1,2
2023-09-27,14,2,12
2023-09-27,18,5,13
2023-09-27,45,4,41
2023-09-27,34,1,33
2023-09-27,28,1,27
2023-09-27,14,1,13
2023-09-27,9,3,6
2023-09-27,3,1,2
2023-09-27,6,5,1
2023-09-27,14,8,6
2023-09-27,22,16,6
2023-09-27,33,26,7
2023-09-27,72,50,22
2023-09-27,22,17,5
2023-09-27,19,16,3
2023-09-27,6,5,1
2023-09-27,10,8,2
2023-09-27,12,10,2
2023-09-27,6,5,1
2023-09-28,4,3,1
2023-09-28,3,1,2
2023-09-28,2,0,2
2023-09-28,2,0,2
2023-09-28,1,0,1
2023-09-28,14,2,12
2023-09-28,33,3,30
2023-09-28,54,6,48
2023-09-28,69,2,67
2023-09-28,44,4,40
2023-09-28,24,6,18
2023-09-28,13,5,8
2023-09-28,24,8,16
2023-09-28,16,11,5
2023-09-28,19,13,6
2023-09-28,32,22,10
2023-09-28,59,39,20
2023-09-28,85,64,21
2023-09-28,59,45,14
2023-09-28,12,8,4
2023-09-28,9,7,2
2023-09-28,22,20,2
2023-09-28,11,10,1
2023-09-28,2,1,1
2023-09-29,8,6,2
2023-09-29,0,0,0
2023-09-29,1,0,1
2023-09-29,3,1,2
2023-09-29,5,0,5
2023-09-29,12,1,11
2023-09-29,34,1,33
2023-09-29,41,3,38
2023-09-29,65,5,60
2023-09-29,46,4,42
2023-09-29,21,5,16
2023-09-29,28,10,18
2023-09-29,23,11,12
2023-09-29,28,20,8
2023-09-29,32,20,12
2023-09-29,58,40,18
2023-09-29,78,57,21
2023-09-29,90,61,29
2023-09-29,53,30,23
2023-09-29,30,22,8
2023-09-29,13,8,5
2023-09-29,9,5,4
2023-09-29,21,16,5
2023-09-29,12,10,2
2023-09-30,2,2,0
2023-09-30,1,0,1
2023-09-30,2,2,0
2023-09-30,0,0,0
2023-09-30,2,0,2
2023-09-30,5,3,2
2023-09-30,7,2,5
2023-09-30,8,0,8
2023-09-30,34,8,26
2023-09-30,29,10,19
2023-09-30,40,26,14
2023-09-30,48,26,22
2023-09-30,50,23,27
2023-09-30,59,26,33
2023-09-30,68,24,44
2023-09-30,50,21,29
2023-09-30,58,25,33
2023-09-30,48,29,19
2023-09-30,26,15,11
2023-09-30,24,20,4
2023-09-30,22,16,6
2023-09-30,12,7,5
2023-09-30,4,4,0
2023-09-30,0,0,0
2023-10-01,7,4,3
2023-10-01,0,0,0
2023-10-01,3,3,0
2023-10-01,3,3,0
2023-10-01,2,1,1
2023-10-01,1,0,1
2023-10-01,5,0,5
2023-10-01,3,0,3
2023-10-01,19,5,14
2023-10-01,40,13,27
2023-10-01,31,16,15
2023-10-01,44,25,19
2023-10-01,38,19,19
2023-10-01,40,19,21
2023-10-01,60,35,25
2023-10-01,59,38,21
2023-10-01,54,30,24
2023-10-01,40,22,18
2023-10-01,12,5,7
2023-10-01,19,11,8
2023-10-01,18,5,13
2023-10-01,3,2,1
2023-10-01,3,2,1
2023-10-01,4,4,0
2023-10-02,3,3,0
2023-10-02,3,2,1
2023-10-02,5,1,4
2023-10-02,3,1,2
2023-10-02,4,0,4
2023-10-02,13,2,11
2023-10-02,26,1,25
2023-10-02,46,7,39
2023-10-02,52,4,48
2023-10-02,26,3,23
2023-10-02,10,2,8
2023-10-02,9,3,6
2023-10-02,12,5,7
2023-10-02,13,6,7
2023-10-02,11,7,4
2023-10-02,19,14,5
2023-10-02,44,32,12
2023-10-02,61,51,10
2023-10-02,32,29,3
2023-10-02,16,11,5
2023-10-02,22,3,19
2023-10-02,15,1,14
2023-10-02,15,3,12
2023-10-02,15,1,14
2023-10-03,9,0,9
2023-10-03,5,0,5
2023-10-03,2,0,2
2023-10-03,2,0,2
2023-10-03,7,2,5
2023-10-03,22,4,18
2023-10-03,45,4,41
2023-10-03,93,5,88
2023-10-03,105,7,98
2023-10-03,46,3,43
2023-10-03,20,8,12
2023-10-03,25,5,20
2023-10-03,25,10,15
2023-10-03,31,18,13
2023-10-03,36,27,9
2023-10-03,60,43,17
2023-10-03,118,82,36
2023-10-03,148,120,28
2023-10-03,86,65,21
2023-10-03,24,17,7
2023-10-03,14,8,6
2023-10-03,14,10,4
2023-10-03,6,5,1
2023-10-03,7,3,4
2023-10-04,3,1,2
2023-10-04,2,2,0
2023-10-04,2,0,2
2023-10-04,5,0,5
2023-10-04,4,0,4
2023-10-04,22,4,18
2023-10-04,42,6,36
2023-10-04,78,7,71
2023-10-04,94,6,88
2023-10-04,58,6,52
2023-10-04,23,8,15
2023-10-04,24,12,12
2023-10-04,26,15,11
2023-10-04,27,12,15
2023-10-04,22,11,11
2023-10-04,50,36,14
2023-10-04,104,76,28
2023-10-04,129,111,18
2023-10-04,80,59,21
2023-10-04,27,18,9
2023-10-04,6,4,2
2023-10-04,15,13,2
2023-10-04,15,12,3
2023-10-04,2,1,1
2023-10-05,2,1,1
2023-10-05,1,1,0
2023-10-05,2,1,1
2023-10-05,5,2,3
2023-10-05,3,0,3
2023-10-05,22,3,19
2023-10-05,44,9,35
2023-10-05,101,9,92
2023-10-05,114,5,109
2023-10-05,60,7,53
2023-10-05,33,11,22
2023-10-05,25,8,17
2023-10-05,24,10,14
2023-10-05,32,20,12
2023-10-05,37,22,15
2023-10-05,67,44,23
2023-10-05,112,92,20
2023-10-05,134,108,26
2023-10-05,71,55,16
2023-10-05,27,22,5
2023-10-05,12,11,1
2023-10-05,8,5,3
2023-10-05,9,6,3
2023-10-05,5,3,2
2023-10-06,4,3,1
2023-10-06,3,3,0
2023-10-06,3,2,1
2023-10-06,3,0,3
2023-10-06,5,1,4
2023-10-06,19,0,19
2023-10-06,36,7,29
2023-10-06,45,10,35
2023-10-06,65,5,60
2023-10-06,28,4,24
2023-10-06,33,10,23
2023-10-06,24,9,15
2023-10-06,40,15,25
2023-10-06,52,30,22
2023-10-06,47,23,24
2023-10-06,69,47,22
2023-10-06,85,51,34
2023-10-06,86,63,23
2023-10-06,50,39,11
2023-10-06,19,15,4
2023-10-06,19,16,3
2023-10-06,15,6,9
2023-10-06,3,3,0
2023-10-06,7,7,0
2023-10-07,1,1,0
2023-10-07,1,0,1
2023-10-07,0,0,0
2023-10-07,0,0,0
2023-10-07,1,1,0
2023-10-07,2,1,1
2023-10-07,3,0,3
2023-10-07,0,0,0
2023-10-07,0,0,0
2023-10-07,0,0,0
2023-10-07,4,2,2
2023-10-07,2,1,1
2023-10-07,2,1,1
2023-10-07,1,0,1
2023-10-07,7,1,6
2023-10-07,36,19,17
2023-10-07,2,0,2
2023-10-07,10,5,5
2023-10-07,2,1,1
2023-10-07,0,0,0
2023-10-07,0,0,0
2023-10-07,2,1,1
2023-10-07,5,3,2
2023-10-07,0,0,0
2023-10-08,0,0,0
2023-10-08,0,0,0
2023-10-08,0,0,0
2023-10-08,0,0,0
2023-10-08,0,0,0
2023-10-08,0,0,0
2023-10-08,0,0,0
2023-10-08,0,0,0
2023-10-08,0,0,0
2023-10-08,0,0,0
2023-10-08,0,0,0
2023-10-08,0,0,0
2023-10-08,0,0,0
2023-10-08,4,2,2
2023-10-08,0,0,0
2023-10-08,10,4,6
2023-10-08,6,3,3
2023-10-08,2,1,1
2023-10-08,0,0,0
2023-10-08,0,0,0
2023-10-08,0,0,0
2023-10-08,0,0,0
2023-10-08,0,0,0
2023-10-08,0,0,0
2023-10-09,0,0,0
2023-10-09,0,0,0
2023-10-09,0,0,0
2023-10-09,0,0,0
2023-10-09,0,0,0
2023-10-09,0,0,0
2023-10-09,0,0,0
2023-10-09,5,3,2
2023-10-09,1,0,1
2023-10-09,1,1,0
2023-10-09,0,0,0
2023-10-09,0,0,0
2023-10-09,0,0,0
2023-10-09,0,0,0
2023-10-09,0,0,0
2023-10-09,0,0,0
2023-10-09,0,0,0
2023-10-09,2,1,1
2023-10-09,0,0,0
2023-10-09,2,1,1
2023-10-09,2,1,1
2023-10-09,1,0,1
2023-10-09,0,0,0
2023-10-09,0,0,0
2023-10-10,0,0,0
2023-10-10,1,0,1
2023-10-10,0,0,0
2023-10-10,0,0,0
2023-10-10,0,0,0
2023-10-10,0,0,0
2023-10-10,0,0,0
2023-10-10,0,0,0
2023-10-10,3,2,1
2023-10-10,2,0,2
2023-10-10,8,3,5
2023-10-10,2,1,1
2023-10-10,0,0,0
2023-10-10,3,3,0
2023-10-10,16,3,13
2023-10-10,17,4,13
2023-10-10,15,6,9
2023-10-10,23,14,9
2023-10-10,14,10,4
2023-10-10,9,5,4
2023-10-10,4,0,4
2023-10-10,25,1,24
2023-10-10,14,1,13
2023-10-10,10,3,7
2023-10-11,2,0,2
2023-10-11,2,1,1
2023-10-11,0,0,0
2023-10-11,10,0,10
2023-10-11,18,0,18
2023-10-11,16,1,15
2023-10-11,25,0,25
2023-10-11,49,3,46
2023-10-11,61,2,59
2023-10-11,31,1,30
2023-10-11,14,0,14
2023-10-11,13,2,11
2023-10-11,5,3,2
2023-10-11,12,5,7
2023-10-11,10,6,4
2023-10-11,30,15,15
2023-10-11,45,30,15
2023-10-11,47,38,9
2023-10-11,26,18,8
2023-10-11,6,4,2
2023-10-11,11,9,2
2023-10-11,8,5,3
2023-10-11,5,4,1
2023-10-11,1,0,1
2023-10-12,1,0,1
2023-10-12,1,1,0
2023-10-12,1,1,0
2023-10-12,2,0,2
2023-10-12,2,1,1
2023-10-12,10,3,7
2023-10-12,34,6,28
2023-10-12,53,1,52
2023-10-12,56,4,52
2023-10-12,48,3,45
2023-10-12,25,8,17
2023-10-12,22,3,19
2023-10-12,15,7,8
2023-10-12,28,16,12
2023-10-12,22,9,13
2023-10-12,49,35,14
2023-10-12,79,53,26
2023-10-12,104,91,13
2023-10-12,46,37,9
2023-10-12,27,17,10
2023-10-12,11,8,3
2023-10-12,12,11,1
2023-10-12,7,4,3
2023-10-12,11,2,9
2023-10-13,4,2,2
2023-10-13,0,0,0
2023-10-13,1,1,0
2023-10-13,4,0,4
2023-10-13,3,1,2
2023-10-13,13,2,11
2023-10-13,24,4,20
2023-10-13,42,3,39
2023-10-13,54,5,49
2023-10-13,30,3,27
2023-10-13,24,7,17
2023-10-13,24,12,12
2023-10-13,20,10,10
2023-10-13,24,15,9
2023-10-13,33,19,14
2023-10-13,64,41,23
2023-10-13,74,54,20
2023-10-13,74,55,19
2023-10-13,27,17,10
2023-10-13,9,7,2
2023-10-13,6,3,3
2023-10-13,7,5,2
2023-10-13,11,3,8
2023-10-13,25,1,24
2023-10-14,28,0,28
2023-10-14,12,0,12
2023-10-14,7,0,7
2023-10-14,4,0,4
2023-10-14,4,1,3
2023-10-14,0,0,0
2023-10-14,4,0,4
2023-10-14,8,0,8
2023-10-14,16,4,12
2023-10-14,19,3,16
2023-10-14,50,28,22
2023-10-14,43,25,18
2023-10-14,40,13,27
2023-10-14,27,11,16
2023-10-14,29,13,16
2023-10-14,18,12,6
2023-10-14,22,14,8
2023-10-14,28,17,11
2023-10-14,21,9,12
2023-10-14,11,6,5
2023-10-14,4,0,4
2023-10-14,6,3,3
2023-10-14,2,1,1
2023-10-14,7,5,2
2023-10-15,2,2,0
2023-10-15,1,0,1
2023-10-15,3,3,0
2023-10-15,0,0,0
2023-10-15,2,0,2
2023-10-15,1,0,1
2023-10-15,3,0,3
2023-10-15,7,4,3
2023-10-15,12,2,10
2023-10-15,42,15,27
2023-10-15,32,12,20
2023-10-15,28,13,15
2023-10-15,59,37,22
2023-10-15,54,22,32
2023-10-15,38,16,22
2023-10-15,28,12,16
2023-10-15,19,9,10
2023-10-15,20,11,9
2023-10-15,12,3,9
2023-10-15,9,7,2
2023-10-15,8,3,5
2023-10-15,1,0,1
2023-10-15,5,4,1
2023-10-15,2,2,0
2023-10-16,2,1,1
2023-10-16,1,1,0
2023-10-16,1,0,1
2023-10-16,3,2,1
2023-10-16,5,0,5
2023-10-16,7,0,7
2023-10-16,28,1,27
2023-10-16,45,3,42
2023-10-16,47,2,45
2023-10-16,23,2,21
2023-10-16,24,0,24
2023-10-16,37,3,34
2023-10-16,39,2,37
2023-10-16,26,6,20
2023-10-16,26,7,19
2023-10-16,28,20,8
2023-10-16,42,26,16
2023-10-16,63,42,21
2023-10-16,28,22,6
2023-10-16,8,6,2
2023-10-16,9,5,4
2023-10-16,10,6,4
2023-10-16,4,2,2
2023-10-16,4,4,0
2023-10-17,1,0,1
2023-10-17,0,0,0
2023-10-17,1,0,1
2023-10-17,1,0,1
2023-10-17,7,0,7
2023-10-17,18,3,15
2023-10-17,37,3,34
2023-10-17,76,3,73
2023-10-17,91,4,87
2023-10-17,39,3,36
2023-10-17,18,4,14
2023-10-17,30,8,22
2023-10-17,19,14,5
2023-10-17,26,14,12
2023-10-17,22,13,9
2023-10-17,44,36,8
2023-10-17,80,68,12
2023-10-17,92,79,13
2023-10-17,40,33,7
2023-10-17,30,9,21
2023-10-17,25,8,17
2023-10-17,8,3,5
2023-10-17,2,0,2
2023-10-17,2,2,0
2023-10-18,0,0,0
2023-10-18,0,0,0
2023-10-18,0,0,0
2023-10-18,1,0,1
2023-10-18,4,0,4
2023-10-18,17,3,14
2023-10-18,48,5,43
2023-10-18,90,7,83
2023-10-18,99,5,94
2023-10-18,52,3,49
2023-10-18,30,8,22
2023-10-18,20,8,12
2023-10-18,43,13,30
2023-10-18,33,19,14
2023-10-18,42,23,19
2023-10-18,78,50,28
2023-10-18,117,88,29
2023-10-18,158,126,32
2023-10-18,73,59,14
2023-10-18,29,20,9
2023-10-18,17,10,7
2023-10-18,10,7,3
2023-10-18,5,2,3
2023-10-18,5,4,1
2023-10-19,3,3,0
2023-10-19,1,1,0
2023-10-19,0,0,0
2023-10-19,2,0,2
2023-10-19,4,0,4
2023-10-19,20,2,18
2023-10-19,43,2,41
2023-10-19,85,5,80
2023-10-19,98,4,94
2023-10-19,39,6,33
2023-10-19,22,4,18
2023-10-19,26,7,19
2023-10-19,24,13,11
2023-10-19,36,16,20
2023-10-19,37,20,17
2023-10-19,74,51,23
2023-10-19,104,74,30
2023-10-19,120,100,20
2023-10-19,50,37,13
2023-10-19,35,30,5
2023-10-19,9,5,4
2023-10-19,11,9,2
2023-10-19,8,6,2
2023-10-19,5,4,1
2023-10-20,5,3,2
2023-10-20,1,0,1
2023-10-20,3,1,2
2023-10-20,2,1,1
2023-10-20,3,1,2
2023-10-20,17,2,15
2023-10-20,28,2,26
2023-10-20,51,3,48
2023-10-20,41,6,35
2023-10-20,42,6,36
2023-10-20,31,8,23
2023-10-20,16,7,9
2023-10-20,18,4,14
2023-10-20,31,19,12
2023-10-20,20,12,8
2023-10-20,57,39,18
2023-10-20,63,48,15
2023-10-20,87,67,20
2023-10-20,37,26,11
2023-10-20,19,14,5
2023-10-20,2,2,0
2023-10-20,17,14,3
2023-10-20,7,3,4
2023-10-20,8,7,1
2023-10-21,2,2,0
2023-10-21,1,0,1
2023-10-21,2,1,1
2023-10-21,0,0,0
2023-10-21,2,1,1
2023-10-21,1,1,0
2023-10-21,7,1,6
2023-10-21,10,4,6
2023-10-21,26,3,23
2023-10-21,46,27,19
2023-10-21,25,15,10
2023-10-21,46,25,21
2023-10-21,60,23,37
2023-10-21,34,15,19
2023-10-21,33,18,15
2023-10-21,35,16,19
2023-10-21,42,20,22
2023-10-21,26,18,8
2023-10-21,18,6,12
2023-10-21,12,5,7
2023-10-21,2,1,1
2023-10-21,6,4,2
2023-10-21,5,4,1
2023-10-21,4,4,0
2023-10-22,3,2,1
2023-10-22,0,0,0
2023-10-22,4,3,1
2023-10-22,4,2,2
2023-10-22,3,1,2
2023-10-22,2,0,2
2023-10-22,4,0,4
2023-10-22,7,1,6
2023-10-22,13,2,11
2023-10-22,19,9,10
2023-10-22,16,8,8
2023-10-22,23,6,17
2023-10-22,30,12,18
2023-10-22,31,9,22
2023-10-22,31,11,20
2023-10-22,20,13,7
2023-10-22,56,39,17
2023-10-22,38,24,14
2023-10-22,18,11,7
2023-10-22,8,6,2
2023-10-22,9,6,3
2023-10-22,4,4,0
2023-10-22,5,3,2
2023-10-22,3,2,1
2023-10-23,0,0,0
2023-10-23,0,0,0
2023-10-23,1,1,0
2023-10-23,3,2,1
2023-10-23,4,0,4
2023-10-23,18,3,15
2023-10-23,42,4,38
2023-10-23,45,4,41
2023-10-23,78,4,74
2023-10-23,38,5,33
2023-10-23,20,7,13
2023-10-23,17,9,8
2023-10-23,17,5,12
2023-10-23,19,9,10
2023-10-23,30,19,11
2023-10-23,47,35,12
2023-10-23,74,55,19
2023-10-23,89,80,9
2023-10-23,31,25,6
2023-10-23,14,11,3
2023-10-23,3,1,2
2023-10-23,7,5,2
2023-10-23,3,3,0
2023-10-23,2,1,1
2023-10-24,0,0,0
2023-10-24,1,0,1
2023-10-24,0,0,0
2023-10-24,3,0,3
2023-10-24,3,1,2
2023-10-24,13,3,10
2023-10-24,31,3,28
2023-10-24,58,4,54
2023-10-24,65,4,61
2023-10-24,30,3,27
2023-10-24,15,6,9
2023-10-24,19,9,10
2023-10-24,16,4,12
2023-10-24,12,6,6
2023-10-24,12,6,6
2023-10-24,25,19,6
2023-10-24,51,40,11
2023-10-24,59,55,4
2023-10-24,30,21,9
2023-10-24,26,7,19
2023-10-24,31,5,26
2023-10-24,29,3,26
2023-10-24,27,0,27
2023-10-24,26,1,25
2023-10-25,17,1,16
2023-10-25,12,3,9
2023-10-25,3,0,3
2023-10-25,5,0,5
2023-10-25,7,0,7
2023-10-25,19,2,17
2023-10-25,55,2,53
2023-10-25,63,4,59
2023-10-25,84,6,78
2023-10-25,38,1,37
2023-10-25,15,0,15
2023-10-25,14,3,11
2023-10-25,18,9,9
2023-10-25,12,8,4
2023-10-25,20,8,12
2023-10-25,45,32,13
2023-10-25,66,51,15
2023-10-25,72,62,10
2023-10-25,32,26,6
2023-10-25,20,15,5
2023-10-25,5,4,1
2023-10-25,7,3,4
2023-10-25,5,4,1
2023-10-25,1,1,0
2023-10-26,0,0,0
2023-10-26,1,0,1
2023-10-26,0,0,0
2023-10-26,4,0,4
2023-10-26,0,0,0
2023-10-26,19,3,16
2023-10-26,41,4,37
2023-10-26,70,5,65
2023-10-26,76,2,74
2023-10-26,38,2,36
2023-10-26,23,7,16
2023-10-26,19,6,13
2023-10-26,24,10,14
2023-10-26,27,19,8
2023-10-26,30,16,14
2023-10-26,45,32,13
2023-10-26,87,66,21
2023-10-26,95,78,17
2023-10-26,40,35,5
2023-10-26,21,14,7
2023-10-26,11,8,3
2023-10-26,4,2,2
2023-10-26,10,9,1
2023-10-26,7,7,0
2023-10-27,3,3,0
2023-10-27,1,0,1
2023-10-27,0,0,0
2023-10-27,1,0,1
2023-10-27,2,0,2
2023-10-27,11,2,9
2023-10-27,25,1,24
2023-10-27,45,4,41
2023-10-27,42,5,37
2023-10-27,19,2,17
2023-10-27,19,8,11
2023-10-27,15,5,10
2023-10-27,21,9,12
2023-10-27,26,18,8
2023-10-27,36,21,15
2023-10-27,52,33,19
2023-10-27,52,44,8
2023-10-27,64,48,16
2023-10-27,15,11,4
2023-10-27,16,14,2
2023-10-27,3,2,1
2023-10-27,9,7,2
2023-10-27,6,3,3
2023-10-27,3,3,0
2023-10-28,3,2,1
2023-10-28,7,7,0
2023-10-28,1,1,0
2023-10-28,0,0,0
2023-10-28,1,0,1
2023-10-28,1,0,1
2023-10-28,2,0,2
2023-10-28,2,0,2
2023-10-28,14,4,10
2023-10-28,38,16,22
2023-10-28,23,11,12
2023-10-28,23,14,9
2023-10-28,43,18,25
2023-10-28,46,28,18
2023-10-28,59,27,32
2023-10-28,44,14,30
2023-10-28,32,17,15
2023-10-28,14,10,4
2023-10-28,13,12,1
2023-10-28,6,4,2
2023-10-28,4,2,2
2023-10-28,4,3,1
2023-10-28,3,0,3
2023-10-28,2,0,2
2023-10-29,2,1,1
2023-10-29,0,0,0
2023-10-29,7,7,0
2023-10-29,2,0,2
2023-10-29,1,1,0
2023-10-29,1,0,1
2023-10-29,0,0,0
2023-10-29,2,0,2
2023-10-29,4,1,3
2023-10-29,10,4,6
2023-10-29,20,7,13
2023-10-29,21,9,12
2023-10-29,40,16,24
2023-10-29,37,16,21
2023-10-29,46,25,21
2023-10-29,30,13,17
2023-10-29,52,36,16
2023-10-29,32,22,10
2023-10-29,20,10,10
2023-10-29,1,1,0
2023-10-29,3,3,0
2023-10-29,4,4,0
2023-10-29,4,3,1
2023-10-29,1,1,0
2023-10-30,1,0,1
2023-10-30,1,1,0
2023-10-30,3,2,1
2023-10-30,4,1,3
2023-10-30,5,0,5
2023-10-30,23,3,20
2023-10-30,24,2,22
2023-10-30,51,5,46
2023-10-30,66,3,63
2023-10-30,30,4,26
2023-10-30,23,3,20
2023-10-30,24,12,12
2023-10-30,28,11,17
2023-10-30,15,7,8
2023-10-30,29,15,14
2023-10-30,45,31,14
2023-10-30,76,55,21
2023-10-30,103,84,19
2023-10-30,38,30,8
2023-10-30,19,14,5
2023-10-30,20,17,3
2023-10-30,7,6,1
2023-10-30,2,0,2
2023-10-30,2,2,0
2023-10-31,1,0,1
2023-10-31,1,0,1
2023-10-31,0,0,0
2023-10-31,2,0,2
2023-10-31,4,0,4
2023-10-31,16,5,11
2023-10-31,34,0,34
2023-10-31,74,2,72
2023-10-31,63,4,59
2023-10-31,49,5,44
2023-10-31,22,7,15
2023-10-31,18,6,12
2023-10-31,20,7,13
2023-10-31,30,16,14
2023-10-31,22,12,10
2023-10-31,48,40,8
2023-10-31,103,92,11
2023-10-31,84,71,13
2023-10-31,29,25,4
2023-10-31,10,7,3
2023-10-31,14,8,6
2023-10-31,5,4,1
2023-10-31,6,2,4
2023-10-31,3,3,0
2023-11-01,3,2,1
2023-11-01,0,0,0
2023-11-01,2,1,1
2023-11-01,1,1,0
2023-11-01,3,0,3
2023-11-01,13,2,11
2023-11-01,31,2,29
2023-11-01,62,5,57
2023-11-01,63,0,63
2023-11-01,40,3,37
2023-11-01,11,5,6
2023-11-01,15,4,11
2023-11-01,8,5,3
2023-11-01,19,8,11
2023-11-01,22,14,8
2023-11-01,35,28,7
2023-11-01,62,57,5
2023-11-01,80,69,11
2023-11-01,28,24,4
2023-11-01,11,9,2
2023-11-01,12,7,5
2023-11-01,4,1,3
2023-11-01,13,2,11
2023-11-01,30,1,29
2023-11-02,26,0,26
2023-11-02,31,1,30
2023-11-02,40,1,39
2023-11-02,31,0,31
2023-11-02,28,0,28
2023-11-02,46,2,44
2023-11-02,55,3,52
2023-11-02,78,4,74
2023-11-02,57,1,56
2023-11-02,53,1,52
2023-11-02,21,0,21
2023-11-02,13,4,9
2023-11-02,10,4,6
2023-11-02,11,6,5
2023-11-02,12,8,4
2023-11-02,25,21,4
2023-11-02,47,32,15
2023-11-02,67,52,15
2023-11-02,30,21,9
2023-11-02,15,12,3
2023-11-02,9,5,4
2023-11-02,4,4,0
2023-11-02,7,7,0
2023-11-02,4,4,0
2023-11-03,2,1,1
2023-11-03,1,1,0
2023-11-03,0,0,0
2023-11-03,1,0,1
2023-11-03,4,1,3
2023-11-03,14,3,11
2023-11-03,29,0,29
2023-11-03,35,1,34
2023-11-03,54,4,50
2023-11-03,28,7,21
2023-11-03,19,6,13
2023-11-03,23,9,14
2023-11-03,18,10,8
2023-11-03,29,15,14
2023-11-03,36,15,21
2023-11-03,55,37,18
2023-11-03,70,53,17
2023-11-03,52,43,9
2023-11-03,24,20,4
2023-11-03,19,16,3
2023-11-03,8,5,3
2023-11-03,6,6,0
2023-11-03,9,2,7
2023-11-03,19,1,18
2023-11-04,20,3,17
2023-11-04,34,0,34
2023-11-04,21,0,21
2023-11-04,21,0,21
2023-11-04,4,0,4
2023-11-04,2,0,2
2023-11-04,5,0,5
2023-11-04,10,0,10
2023-11-04,24,0,24
2023-11-04,22,5,17
2023-11-04,9,0,9
2023-11-04,17,1,16
2023-11-04,15,4,11
2023-11-04,10,5,5
2023-11-04,15,9,6
2023-11-04,14,6,8
2023-11-04,26,16,10
2023-11-04,30,17,13
2023-11-04,19,8,11
2023-11-04,8,3,5
2023-11-04,11,5,6
2023-11-04,3,3,0
2023-11-04,4,3,1
2023-11-04,4,0,4
2023-11-05,8,6,2
2023-11-05,7,3,4
2023-11-05,0,0,0
2023-11-05,1,0,1
2023-11-05,1,0,1
2023-11-05,3,1,2
2023-11-05,5,0,5
2023-11-05,8,2,6
2023-11-05,18,4,14
2023-11-05,26,7,19
2023-11-05,20,11,9
2023-11-05,55,30,25
2023-11-05,72,16,56
2023-11-05,37,12,25
2023-11-05,38,19,19
2023-11-05,23,16,7
2023-11-05,13,10,3
2023-11-05,12,6,6
2023-11-05,7,2,5
2023-11-05,18,9,9
2023-11-05,6,2,4
2023-11-05,10,3,7
2023-11-05,3,0,3
2023-11-05,4,2,2
2023-11-06,1,1,0
2023-11-06,2,1,1
2023-11-06,2,2,0
2023-11-06,5,0,5
2023-11-06,2,0,2
2023-11-06,12,3,9
2023-11-06,28,4,24
2023-11-06,48,0,48
2023-11-06,47,4,43
2023-11-06,27,1,26
2023-11-06,30,2,28
2023-11-06,24,1,23
2023-11-06,19,3,16
2023-11-06,40,6,34
2023-11-06,48,5,43
2023-11-06,29,12,17
2023-11-06,64,40,24
2023-11-06,75,35,40
2023-11-06,50,21,29
2023-11-06,31,3,28
2023-11-06,11,6,5
2023-11-06,8,3,5
2023-11-06,54,0,54
2023-11-06,27,0,27
2023-11-07,6,1,5
2023-11-07,2,1,1
2023-11-07,3,3,0
2023-11-07,3,0,3
2023-11-07,5,0,5
2023-11-07,14,2,12
2023-11-07,34,2,32
2023-11-07,75,3,72
2023-11-07,77,3,74
2023-11-07,33,3,30
2023-11-07,18,6,12
2023-11-07,12,4,8
2023-11-07,8,5,3
2023-11-07,15,6,9
2023-11-07,19,10,9
2023-11-07,37,29,8
2023-11-07,89,71,18
2023-11-07,81,76,5
2023-11-07,36,29,7
2023-11-07,15,10,5
2023-11-07,5,5,0
2023-11-07,9,6,3
2023-11-07,5,4,1
2023-11-07,1,1,0
2023-11-08,1,0,1
2023-11-08,0,0,0
2023-11-08,2,1,1
2023-11-08,4,2,2
2023-11-08,2,0,2
2023-11-08,14,2,12
2023-11-08,42,5,37
2023-11-08,81,3,78
2023-11-08,71,4,67
2023-11-08,42,4,38
2023-11-08,26,10,16
2023-11-08,23,12,11
2023-11-08,13,4,9
2023-11-08,34,15,19
2023-11-08,30,18,12
2023-11-08,68,50,18
2023-11-08,91,75,16
2023-11-08,82,68,14
2023-11-08,42,38,4
2023-11-08,21,15,6
2023-11-08,13,10,3
2023-11-08,5,4,1
2023-11-08,5,4,1
2023-11-08,4,2,2
2023-11-09,2,1,1
2023-11-09,2,2,0
2023-11-09,0,0,0
2023-11-09,3,1,2
2023-11-09,1,0,1
2023-11-09,9,0,9
2023-11-09,37,5,32
2023-11-09,70,2,68
2023-11-09,70,4,66
2023-11-09,29,1,28
2023-11-09,22,5,17
2023-11-09,14,5,9
2023-11-09,18,9,9
2023-11-09,25,12,13
2023-11-09,25,17,8
2023-11-09,32,27,5
2023-11-09,47,42,5
2023-11-09,52,43,9
2023-11-09,43,30,13
2023-11-09,29,17,12
2023-11-09,17,5,12
2023-11-09,11,1,10
2023-11-09,4,1,3
2023-11-09,1,0,1
2023-11-10,3,1,2
2023-11-10,1,1,0
2023-11-10,0,0,0
2023-11-10,3,0,3
2023-11-10,2,0,2
2023-11-10,9,2,7
2023-11-10,26,6,20
2023-11-10,31,4,27
2023-11-10,36,2,34
2023-11-10,20,4,16
2023-11-10,14,9,5
2023-11-10,27,12,15
2023-11-10,15,9,6
2023-11-10,15,13,2
2023-11-10,19,11,8
2023-11-10,41,20,21
2023-11-10,41,26,15
2023-11-10,37,31,6
2023-11-10,14,11,3
2023-11-10,7,5,2
2023-11-10,5,3,2
2023-11-10,10,8,2
2023-11-10,4,3,1
2023-11-10,4,3,1
2023-11-11,4,1,3
2023-11-11,1,0,1
2023-11-11,0,0,0
2023-11-11,1,1,0
2023-11-11,1,0,1
2023-11-11,13,0,13
2023-11-11,7,0,7
2023-11-11,16,3,13
2023-11-11,24,3,21
2023-11-11,29,10,19
2023-11-11,17,2,15
2023-11-11,20,2,18
2023-11-11,18,6,12
2023-11-11,28,15,13
2023-11-11,22,10,12
2023-11-11,18,13,5
2023-11-11,16,7,9
2023-11-11,10,7,3
2023-11-11,7,5,2
2023-11-11,5,3,2
2023-11-11,1,1,0
2023-11-11,4,3,1
2023-11-11,2,2,0
2023-11-11,2,1,1
2023-11-12,4,3,1
2023-11-12,3,3,0
2023-11-12,3,3,0
2023-11-12,2,2,0
2023-11-12,2,0,2
2023-11-12,1,0,1
2023-11-12,4,0,4
2023-11-12,10,4,6
2023-11-12,14,5,9
2023-11-12,22,10,12
2023-11-12,26,9,17
2023-11-12,35,18,17
2023-11-12,32,8,24
2023-11-12,15,10,5
2023-11-12,14,7,7
2023-11-12,17,7,10
2023-11-12,12,7,5
2023-11-12,17,15,2
2023-11-12,3,3,0
2023-11-12,8,1,7
2023-11-12,21,0,21
2023-11-12,42,2,40
2023-11-12,28,1,27
2023-11-12,3,0,3
2023-11-13,1,0,1
2023-11-13,1,0,1
2023-11-13,1,0,1
2023-11-13,2,0,2
2023-11-13,4,0,4
2023-11-13,14,2,12
2023-11-13,26,1,25
2023-11-13,58,3,55
2023-11-13,62,2,60
2023-11-13,35,2,33
2023-11-13,13,8,5
2023-11-13,13,4,9
2023-11-13,17,8,9
2023-11-13,17,10,7
2023-11-13,17,9,8
2023-11-13,55,39,16
2023-11-13,68,58,10
2023-11-13,78,64,14
2023-11-13,26,24,2
2023-11-13,19,14,5
2023-11-13,5,3,2
2023-11-13,6,5,1
2023-11-13,5,2,3
2023-11-13,4,1,3
2023-11-14,3,2,1
2023-11-14,0,0,0
2023-11-14,1,0,1
2023-11-14,2,0,2
2023-11-14,3,1,2
2023-11-14,17,4,13
2023-11-14,29,1,28
2023-11-14,77,4,73
2023-11-14,77,1,76
2023-11-14,41,3,38
2023-11-14,24,5,19
2023-11-14,23,5,18
2023-11-14,17,10,7
2023-11-14,32,14,18
2023-11-14,25,19,6
2023-11-14,63,46,17
2023-11-14,73,54,19
2023-11-14,87,82,5
2023-11-14,38,33,5
2023-11-14,12,11,1
2023-11-14,8,8,0
2023-11-14,7,6,1
2023-11-14,5,5,0
2023-11-14,1,0,1
2023-11-15,0,0,0
2023-11-15,1,1,0
2023-11-15,1,0,1
2023-11-15,2,0,2
2023-11-15,4,0,4
2023-11-15,15,3,12
2023-11-15,41,3,38
2023-11-15,68,4,64
2023-11-15,72,5,67
2023-11-15,42,3,39
2023-11-15,13,5,8
2023-11-15,16,4,12
2023-11-15,15,4,11
2023-11-15,24,14,10
2023-11-15,16,10,6
2023-11-15,48,36,12
2023-11-15,71,57,14
2023-11-15,76,67,9
2023-11-15,37,33,4
2023-11-15,23,19,4
2023-11-15,13,12,1
2023-11-15,6,6,0
2023-11-15,4,4,0
2023-11-15,2,2,0
2023-11-16,2,0,2
2023-11-16,1,0,1
2023-11-16,4,1,3
2023-11-16,3,0,3
2023-11-16,1,0,1
2023-11-16,14,5,9
2023-11-16,36,4,32
2023-11-16,70,5,65
2023-11-16,70,3,67
2023-11-16,30,1,29
2023-11-16,22,4,18
2023-11-16,15,4,11
2023-11-16,16,9,7
2023-11-16,37,22,15
2023-11-16,30,18,12
2023-11-16,49,30,19
2023-11-16,84,62,22
2023-11-16,89,74,15
2023-11-16,36,28,8
2023-11-16,19,14,5
2023-11-16,14,11,3
2023-11-16,8,6,2
2023-11-16,4,3,1
2023-11-16,4,1,3
2023-11-17,3,2,1
2023-11-17,0,0,0
2023-11-17,3,1,2
2023-11-17,2,0,2
2023-11-17,4,0,4
2023-11-17,12,1,11
2023-11-17,27,3,24
2023-11-17,43,6,37
2023-11-17,46,8,38
2023-11-17,28,1,27
2023-11-17,14,4,10
2023-11-17,14,6,8
2023-11-17,37,16,21
2023-11-17,31,12,19
2023-11-17,28,13,15
2023-11-17,51,38,13
2023-11-17,67,51,16
2023-11-17,51,40,11
2023-11-17,25,17,8
2023-11-17,12,12,0
2023-11-17,3,3,0
2023-11-17,7,4,3
2023-11-17,2,2,0
2023-11-17,2,1,1
2023-11-18,2,2,0
2023-11-18,1,1,0
2023-11-18,1,0,1
2023-11-18,3,1,2
2023-11-18,3,1,2
2023-11-18,4,1,3
2023-11-18,4,2,2
2023-11-18,10,4,6
2023-11-18,14,2,12
2023-11-18,21,7,14
2023-11-18,32,11,21
2023-11-18,24,11,13
2023-11-18,42,22,20
2023-11-18,39,20,19
2023-11-18,37,16,21
2023-11-18,31,16,15
2023-11-18,32,20,12
2023-11-18,13,7,6
2023-11-18,11,7,4
2023-11-18,7,1,6
2023-11-18,4,2,2
2023-11-18,2,2,0
2023-11-18,2,2,0
2023-11-18,2,1,1
2023-11-19,2,1,1
2023-11-19,4,1,3
2023-11-19,3,1,2
2023-11-19,0,0,0
2023-11-19,2,0,2
2023-11-19,4,1,3
2023-11-19,3,0,3
2023-11-19,7,4,3
2023-11-19,16,4,12
2023-11-19,9,4,5
2023-11-19,28,14,14
2023-11-19,32,8,24
2023-11-19,27,17,10
2023-11-19,34,11,23
2023-11-19,25,9,16
2023-11-19,22,15,7
2023-11-19,23,14,9
2023-11-19,16,7,9
2023-11-19,5,5,0
2023-11-19,2,1,1
2023-11-19,1,0,1
2023-11-19,6,5,1
2023-11-19,4,4,0
2023-11-19,1,0,1
2023-11-20,3,2,1
2023-11-20,1,0,1
2023-11-20,1,0,1
2023-11-20,3,0,3
2023-11-20,3,2,1
2023-11-20,15,3,12
2023-11-20,28,1,27
2023-11-20,45,2,43
2023-11-20,46,4,42
2023-11-20,29,2,27
2023-11-20,23,7,16
2023-11-20,17,5,12
2023-11-20,21,11,10
2023-11-20,19,10,9
2023-11-20,22,12,10
2023-11-20,36,28,8
2023-11-20,49,39,10
2023-11-20,51,46,5
2023-11-20,23,21,2
2023-11-20,14,10,4
2023-11-20,8,5,3
2023-11-20,9,7,2
2023-11-20,1,1,0
2023-11-20,2,1,1
2023-11-21,2,0,2
2023-11-21,1,1,0
2023-11-21,2,0,2
2023-11-21,3,2,1
2023-11-21,5,0,5
2023-11-21,8,1,7
2023-11-21,30,2,28
2023-11-21,58,4,54
2023-11-21,52,3,49
2023-11-21,33,2,31
2023-11-21,18,3,15
2023-11-21,15,10,5
2023-11-21,13,5,8
2023-11-21,26,12,14
2023-11-21,25,16,9
2023-11-21,43,36,7
2023-11-21,57,43,14
2023-11-21,50,43,7
2023-11-21,29,28,1
2023-11-21,5,5,0
2023-11-21,7,7,0
2023-11-21,4,4,0
2023-11-21,0,0,0
2023-11-21,1,0,1
2023-11-22,2,1,1
2023-11-22,5,1,4
2023-11-22,7,1,6
2023-11-22,4,0,4
2023-11-22,5,0,5
2023-11-22,10,2,8
2023-11-22,17,2,15
2023-11-22,33,2,31
2023-11-22,46,3,43
2023-11-22,20,4,16
2023-11-22,18,8,10
2023-11-22,18,9,9
2023-11-22,14,5,9
2023-11-22,22,10,12
2023-11-22,29,19,10
2023-11-22,35,24,11
2023-11-22,48,37,11
2023-11-22,21,17,4
2023-11-22,17,15,2
2023-11-22,6,6,0
2023-11-22,3,3,0
2023-11-22,5,4,1
2023-11-22,2,2,0
2023-11-22,1,1,0
2023-11-23,0,0,0
2023-11-23,2,1,1
2023-11-23,0,0,0
2023-11-23,0,0,0
2023-11-23,1,1,0
2023-11-23,0,0,0
2023-11-23,2,1,1
2023-11-23,1,0,1
2023-11-23,14,3,11
2023-11-23,18,14,4
2023-11-23,21,11,10
2023-11-23,20,10,10
2023-11-23,16,6,10
2023-11-23,19,10,9
2023-11-23,19,14,5
2023-11-23,14,7,7
2023-11-23,16,6,10
2023-11-23,6,2,4
2023-11-23,3,2,1
2023-11-23,5,1,4
2023-11-23,9,6,3
2023-11-23,6,4,2
2023-11-23,3,2,1
2023-11-23,2,1,1
2023-11-24,1,0,1
2023-11-24,0,0,0
2023-11-24,2,1,1
2023-11-24,1,0,1
2023-11-24,3,0,3
2023-11-24,4,0,4
2023-11-24,4,2,2
2023-11-24,3,0,3
2023-11-24,9,1,8
2023-11-24,11,2,9
2023-11-24,20,4,16
2023-11-24,32,17,15
2023-11-24,35,17,18
2023-11-24,46,23,23
2023-11-24,63,21,42
2023-11-24,36,25,11
2023-11-24,38,20,18
2023-11-24,25,16,9
2023-11-24,14,5,9
2023-11-24,4,3,1
2023-11-24,2,2,0
2023-11-24,3,3,0
2023-11-24,7,5,2
2023-11-24,2,1,1
2023-11-25,3,3,0
2023-11-25,3,1,2
2023-11-25,3,2,1
2023-11-25,2,1,1
2023-11-25,3,0,3
2023-11-25,1,0,1
2023-11-25,6,0,6
2023-11-25,5,0,5
2023-11-25,9,0,9
2023-11-25,13,4,9
2023-11-25,20,7,13
2023-11-25,30,11,19
2023-11-25,30,17,13
2023-11-25,50,30,20
2023-11-25,35,15,20
2023-11-25,28,15,13
2023-11-25,25,10,15
2023-11-25,21,17,4
2023-11-25,10,10,0
2023-11-25,5,4,1
2023-11-25,7,6,1
2023-11-25,5,1,4
2023-11-25,4,2,2
2023-11-25,2,1,1
2023-11-26,2,1,1
2023-11-26,0,0,0
2023-11-26,0,0,0
2023-11-26,2,2,0
2023-11-26,3,1,2
2023-11-26,6,0,6
2023-11-26,4,0,4
2023-11-26,8,3,5
2023-11-26,3,0,3
2023-11-26,9,4,5
2023-11-26,18,8,10
2023-11-26,20,5,15
2023-11-26,31,21,10
2023-11-26,49,26,23
2023-11-26,48,30,18
2023-11-26,36,17,19
2023-11-26,29,14,15
2023-11-26,16,5,11
2023-11-26,10,4,6
2023-11-26,4,3,1
2023-11-26,0,0,0
2023-11-26,11,9,2
2023-11-26,7,3,4
2023-11-26,5,4,1
2023-11-27,0,0,0
2023-11-27,0,0,0
2023-11-27,0,0,0
2023-11-27,2,0,2
2023-11-27,4,0,4
2023-11-27,12,1,11
2023-11-27,23,2,21
2023-11-27,43,4,39
2023-11-27,65,4,61
2023-11-27,33,4,29
2023-11-27,11,4,7
2023-11-27,11,5,6
2023-11-27,20,10,10
2023-11-27,22,12,10
2023-11-27,18,7,11
2023-11-27,41,30,11
2023-11-27,58,42,16
2023-11-27,72,64,8
2023-11-27,31,26,5
2023-11-27,12,10,2
2023-11-27,10,6,4
2023-11-27,6,3,3
2023-11-27,7,3,4
2023-11-27,1,1,0
2023-11-28,3,1,2
2023-11-28,2,1,1
2023-11-28,2,1,1
2023-11-28,4,2,2
2023-11-28,5,0,5
2023-11-28,8,1,7
2023-11-28,28,4,24
2023-11-28,57,3,54
2023-11-28,70,6,64
2023-11-28,26,1,25
2023-11-28,14,5,9
2023-11-28,16,4,12
2023-11-28,20,12,8
2023-11-28,20,10,10
2023-11-28,23,11,12
2023-11-28,40,28,12
2023-11-28,64,54,10
2023-11-28,57,46,11
2023-11-28,39,36,3
2023-11-28,16,14,2
2023-11-28,7,7,0
2023-11-28,5,3,2
2023-11-28,1,1,0
2023-11-28,0,0,0
2023-11-29,3,0,3
2023-11-29,2,1,1
2023-11-29,1,0,1
2023-11-29,3,0,3
2023-11-29,4,0,4
2023-11-29,13,3,10
2023-11-29,29,3,26
2023-11-29,54,1,53
2023-11-29,61,3,58
2023-11-29,22,1,21
2023-11-29,20,4,16
2023-11-29,12,5,7
2023-11-29,15,7,8
2023-11-29,17,9,8
2023-11-29,17,9,8
2023-11-29,35,30,5
2023-11-29,52,36,16
2023-11-29,62,53,9
2023-11-29,39,34,5
2023-11-29,13,11,2
2023-11-29,6,4,2
2023-11-29,10,7,3
2023-11-29,3,2,1
2023-11-29,2,1,1
2023-11-30,2,0,2
2023-11-30,4,3,1
2023-11-30,2,1,1
2023-11-30,2,0,2
2023-11-30,4,0,4
2023-11-30,9,2,7
2023-11-30,24,0,24
2023-11-30,42,3,39
2023-11-30,45,0,45
2023-11-30,21,1,20
2023-11-30,16,2,14
2023-11-30,18,8,10
2023-11-30,13,6,7
2023-11-30,13,7,6
2023-11-30,13,9,4
2023-11-30,27,19,8
2023-11-30,38,34,4
2023-11-30,40,33,7
2023-11-30,31,30,1
2023-11-30,16,12,4
2023-11-30,12,7,5
2023-11-30,5,4,1
2023-11-30,5,2,3
2023-11-30,1,1,0
2023-12-01,0,0,0
2023-12-01,0,0,0
2023-12-01,3,1,2
2023-12-01,5,0,5
2023-12-01,4,0,4
2023-12-01,10,2,8
2023-12-01,13,1,12
2023-12-01,17,1,16
2023-12-01,24,1,23
2023-12-01,17,1,16
2023-12-01,7,1,6
2023-12-01,5,2,3
2023-12-01,5,1,4
2023-12-01,18,9,9
2023-12-01,16,6,10
2023-12-01,32,18,14
2023-12-01,31,20,11
2023-12-01,31,21,10
2023-12-01,15,12,3
2023-12-01,11,10,1
2023-12-01,4,2,2
2023-12-01,4,4,0
2023-12-01,4,3,1
2023-12-01,1,1,0
2023-12-02,8,3,5
2023-12-02,0,0,0
2023-12-02,0,0,0
2023-12-02,1,0,1
2023-12-02,4,0,4
2023-12-02,3,1,2
2023-12-02,3,0,3
2023-12-02,5,2,3
2023-12-02,12,3,9
2023-12-02,23,7,16
2023-12-02,26,12,14
2023-12-02,38,14,24
2023-12-02,37,18,19
2023-12-02,57,25,32
2023-12-02,46,20,26
2023-12-02,30,16,14
2023-12-02,18,9,9
2023-12-02,13,10,3
2023-12-02,8,6,2
2023-12-02,5,3,2
2023-12-02,3,2,1
2023-12-02,5,4,1
2023-12-02,5,3,2
2023-12-02,9,5,4
2023-12-03,3,3,0
2023-12-03,0,0,0
2023-12-03,1,1,0
2023-12-03,0,0,0
2023-12-03,3,1,2
2023-12-03,0,0,0
2023-12-03,2,0,2
2023-12-03,2,1,1
2023-12-03,8,5,3
2023-12-03,5,1,4
2023-12-03,13,3,10
2023-12-03,12,9,3
2023-12-03,12,9,3
2023-12-03,14,3,11
2023-12-03,26,10,16
2023-12-03,18,5,13
2023-12-03,8,3,5
2023-12-03,8,3,5
2023-12-03,6,5,1
2023-12-03,3,2,1
2023-12-03,3,3,0
2023-12-03,2,1,1
2023-12-03,3,3,0
2023-12-03,1,0,1
2023-12-04,1,1,0
2023-12-04,0,0,0
2023-12-04,0,0,0
2023-12-04,5,0,5
2023-12-04,6,1,5
2023-12-04,17,6,11
2023-12-04,26,1,25
2023-12-04,23,0,23
2023-12-04,40,3,37
2023-12-04,13,2,11
2023-12-04,6,4,2
2023-12-04,6,4,2
2023-12-04,5,3,2
2023-12-04,11,6,5
2023-12-04,6,2,4
2023-12-04,17,10,7
2023-12-04,30,25,5
2023-12-04,49,41,8
2023-12-04,19,16,3
2023-12-04,6,4,2
2023-12-04,2,0,2
2023-12-04,6,3,3
2023-12-04,3,3,0
2023-12-04,1,1,0
2023-12-05,1,0,1
2023-12-05,2,0,2
2023-12-05,2,1,1
2023-12-05,3,0,3
2023-12-05,2,1,1
2023-12-05,4,2,2
2023-12-05,16,2,14
2023-12-05,23,0,23
2023-12-05,35,0,35
2023-12-05,12,2,10
2023-12-05,4,0,4
2023-12-05,5,3,2
2023-12-05,7,4,3
2023-12-05,8,7,1
2023-12-05,8,5,3
2023-12-05,17,13,4
2023-12-05,29,23,6
2023-12-05,34,29,5
2023-12-05,10,9,1
2023-12-05,8,5,3
2023-12-05,3,3,0
2023-12-05,1,1,0
2023-12-05,3,2,1
2023-12-05,0,0,0
2023-12-06,2,1,1
2023-12-06,1,0,1
2023-12-06,1,0,1
2023-12-06,3,1,2
2023-12-06,4,0,4
2023-12-06,11,3,8
2023-12-06,20,2,18
2023-12-06,47,5,42
2023-12-06,38,0,38
2023-12-06,24,2,22
2023-12-06,13,0,13
2023-12-06,5,3,2
2023-12-06,10,4,6
2023-12-06,17,11,6
2023-12-06,15,10,5
2023-12-06,32,23,9
2023-12-06,44,33,11
2023-12-06,42,35,7
2023-12-06,36,30,6
2023-12-06,11,10,1
2023-12-06,5,4,1
2023-12-06,10,7,3
2023-12-06,4,2,2
2023-12-06,3,1,2
2023-12-07,5,0,5
2023-12-07,0,0,0
2023-12-07,1,0,1
2023-12-07,6,0,6
2023-12-07,5,3,2
2023-12-07,8,3,5
2023-12-07,22,3,19
2023-12-07,29,2,27
2023-12-07,32,1,31
2023-12-07,18,0,18
2023-12-07,16,5,11
2023-12-07,10,3,7
2023-12-07,10,7,3
2023-12-07,16,3,13
2023-12-07,10,4,6
2023-12-07,17,13,4
2023-12-07,23,22,1
2023-12-07,51,39,12
2023-12-07,31,28,3
2023-12-07,5,4,1
2023-12-07,7,6,1
2023-12-07,3,2,1
2023-12-07,4,3,1
2023-12-07,1,1,0
2023-12-08,3,1,2
2023-12-08,0,0,0
2023-12-08,2,0,2
2023-12-08,3,0,3
2023-12-08,4,1,3
2023-12-08,9,2,7
2023-12-08,24,1,23
2023-12-08,23,4,19
2023-12-08,41,2,39
2023-12-08,24,2,22
2023-12-08,12,2,10
2023-12-08,12,7,5
2023-12-08,18,11,7
2023-12-08,26,14,12
2023-12-08,28,10,18
2023-12-08,43,29,14
2023-12-08,48,37,11
2023-12-08,26,22,4
2023-12-08,29,18,11
2023-12-08,12,9,3
2023-12-08,8,7,1
2023-12-08,11,5,6
2023-12-08,1,1,0
2023-12-08,6,5,1
2023-12-09,3,3,0
2023-12-09,0,0,0
2023-12-09,0,0,0
2023-12-09,1,0,1
2023-12-09,5,1,4
2023-12-09,2,1,1
2023-12-09,3,0,3
2023-12-09,6,2,4
2023-12-09,13,3,10
2023-12-09,12,3,9
2023-12-09,7,2,5
2023-12-09,7,4,3
2023-12-09,7,4,3
2023-12-09,1,1,0
2023-12-09,8,7,1
2023-12-09,4,4,0
2023-12-09,6,3,3
2023-12-09,9,5,4
2023-12-09,2,0,2
2023-12-09,6,1,5
2023-12-09,2,2,0
2023-12-09,1,1,0
2023-12-09,1,0,1
2023-12-09,1,1,0
2023-12-10,1,1,0
2023-12-10,0,0,0
2023-12-10,1,1,0
2023-12-10,0,0,0
2023-12-10,3,1,2
2023-12-10,2,1,1
2023-12-10,4,0,4
2023-12-10,5,0,5
2023-12-10,9,0,9
2023-12-10,10,1,9
2023-12-10,12,3,9
2023-12-10,23,8,15
2023-12-10,44,16,28
2023-12-10,43,21,22
2023-12-10,36,20,16
2023-12-10,25,11,14
2023-12-10,19,10,9
2023-12-10,11,3,8
2023-12-10,7,7,0
2023-12-10,5,3,2
2023-12-10,3,3,0
2023-12-10,10,9,1
2023-12-10,2,2,0
2023-12-10,0,0,0
2023-12-11,1,0,1
2023-12-11,0,0,0
2023-12-11,2,2,0
2023-12-11,3,1,2
2023-12-11,3,0,3
2023-12-11,16,2,14
2023-12-11,24,4,20
2023-12-11,40,3,37
2023-12-11,67,3,64
2023-12-11,26,5,21
2023-12-11,20,3,17
2023-12-11,12,3,9
2023-12-11,14,5,9
2023-12-11,14,9,5
2023-12-11,15,11,4
2023-12-11,36,28,8
2023-12-11,52,42,10
2023-12-11,54,47,7
2023-12-11,32,26,6
2023-12-11,19,16,3
2023-12-11,10,6,4
2023-12-11,6,4,2
2023-12-11,3,1,2
2023-12-11,3,1,2
2023-12-12,3,0,3
2023-12-12,2,1,1
2023-12-12,1,0,1
2023-12-12,2,0,2
2023-12-12,3,0,3
2023-12-12,17,5,12
2023-12-12,35,3,32
2023-12-12,57,5,52
2023-12-12,61,3,58
2023-12-12,28,3,25
2023-12-12,27,8,19
2023-12-12,13,4,9
2023-12-12,10,6,4
2023-12-12,17,13,4
2023-12-12,30,17,13
2023-12-12,44,26,18
2023-12-12,61,47,14
2023-12-12,76,63,13
2023-12-12,34,24,10
2023-12-12,15,11,4
2023-12-12,6,5,1
2023-12-12,6,6,0
2023-12-12,3,2,1
2023-12-12,3,1,2
2023-12-13,2,2,0
2023-12-13,0,0,0
2023-12-13,2,0,2
2023-12-13,2,1,1
2023-12-13,3,0,3
2023-12-13,13,3,10
2023-12-13,36,4,32
2023-12-13,54,5,49
2023-12-13,73,5,68
2023-12-13,33,3,30
2023-12-13,20,6,14
2023-12-13,16,6,10
2023-12-13,33,18,15
2023-12-13,31,17,14
2023-12-13,29,17,12
2023-12-13,45,32,13
2023-12-13,62,45,17
2023-12-13,60,52,8
2023-12-13,43,35,8
2023-12-13,14,12,2
2023-12-13,11,11,0
2023-12-13,5,3,2
2023-12-13,10,6,4
2023-12-13,3,3,0
2023-12-14,3,1,2
2023-12-14,1,1,0
2023-12-14,3,0,3
2023-12-14,6,3,3
2023-12-14,2,0,2
2023-12-14,6,2,4
2023-12-14,17,2,15
2023-12-14,32,2,30
2023-12-14,35,0,35
2023-12-14,19,0,19
2023-12-14,10,2,8
2023-12-14,13,2,11
2023-12-14,14,7,7
2023-12-14,10,7,3
2023-12-14,16,9,7
2023-12-14,31,19,12
2023-12-14,35,29,6
2023-12-14,42,33,9
2023-12-14,32,26,6
2023-12-14,11,7,4
2023-12-14,10,9,1
2023-12-14,8,8,0
2023-12-14,5,3,2
2023-12-14,2,1,1
2023-12-15,5,2,3
2023-12-15,3,2,1
2023-12-15,0,0,0
2023-12-15,3,0,3
2023-12-15,3,0,3
2023-12-15,11,2,9
2023-12-15,24,4,20
2023-12-15,32,3,29
2023-12-15,47,4,43
2023-12-15,25,3,22
2023-12-15,12,3,9
2023-12-15,24,11,13
2023-12-15,26,14,12
2023-12-15,36,18,18
2023-12-15,30,23,7
2023-12-15,43,32,11
2023-12-15,47,32,15
2023-12-15,47,35,12
2023-12-15,20,15,5
2023-12-15,13,9,4
2023-12-15,11,7,4
2023-12-15,7,7,0
2023-12-15,7,2,5
2023-12-15,5,3,2
2023-12-16,3,2,1
2023-12-16,0,0,0
2023-12-16,5,4,1
2023-12-16,1,1,0
2023-12-16,6,0,6
2023-12-16,4,0,4
2023-12-16,3,0,3
2023-12-16,8,3,5
2023-12-16,11,2,9
2023-12-16,26,8,18
2023-12-16,38,21,17
2023-12-16,44,18,26
2023-12-16,41,16,25
2023-12-16,62,34,28
2023-12-16,49,27,22
2023-12-16,34,15,19
2023-12-16,30,18,12
2023-12-16,10,4,6
2023-12-16,6,3,3
2023-12-16,7,3,4
2023-12-16,5,3,2
2023-12-16,3,3,0
2023-12-16,1,0,1
2023-12-16,3,3,0
2023-12-17,5,4,1
2023-12-17,1,0,1
2023-12-17,0,0,0
2023-12-17,0,0,0
2023-12-17,2,1,1
2023-12-17,3,0,3
2023-12-17,3,0,3
2023-12-17,12,4,8
2023-12-17,9,4,5
2023-12-17,26,11,15
2023-12-17,34,13,21
2023-12-17,26,14,12
2023-12-17,44,27,17
2023-12-17,35,22,13
2023-12-17,49,26,23
2023-12-17,46,23,23
2023-12-17,19,7,12
2023-12-17,10,5,5
2023-12-17,5,4,1
2023-12-17,5,5,0
2023-12-17,2,1,1
2023-12-17,1,1,0
2023-12-17,0,0,0
2023-12-17,1,1,0
2023-12-18,0,0,0
2023-12-18,1,1,0
2023-12-18,1,0,1
2023-12-18,4,1,3
2023-12-18,5,1,4
2023-12-18,11,2,9
2023-12-18,25,4,21
2023-12-18,46,7,39
2023-12-18,39,2,37
2023-12-18,25,5,20
2023-12-18,16,3,13
2023-12-18,13,4,9
2023-12-18,18,12,6
2023-12-18,14,10,4
2023-12-18,23,6,17
2023-12-18,38,23,15
2023-12-18,41,32,9
2023-12-18,34,31,3
2023-12-18,26,23,3
2023-12-18,15,10,5
2023-12-18,11,10,1
2023-12-18,20,17,3
2023-12-18,3,2,1
2023-12-18,0,0,0
2023-12-19,2,1,1
2023-12-19,1,1,0
2023-12-19,2,1,1
2023-12-19,4,2,2
2023-12-19,5,0,5
2023-12-19,6,3,3
2023-12-19,18,1,17
2023-12-19,27,3,24
2023-12-19,36,1,35
2023-12-19,16,2,14
2023-12-19,17,0,17
2023-12-19,6,2,4
2023-12-19,6,4,2
2023-12-19,6,4,2
2023-12-19,5,2,3
2023-12-19,21,16,5
2023-12-19,25,19,6
2023-12-19,43,35,8
2023-12-19,36,26,10
2023-12-19,8,7,1
2023-12-19,7,7,0
2023-12-19,4,4,0
2023-12-19,5,2,3
2023-12-19,0,0,0
2023-12-20,2,1,1
2023-12-20,2,2,0
2023-12-20,3,1,2
2023-12-20,4,1,3
2023-12-20,5,0,5
2023-12-20,10,3,7
2023-12-20,21,0,21
2023-12-20,35,5,30
2023-12-20,37,1,36
2023-12-20,33,2,31
2023-12-20,23,6,17
2023-12-20,25,10,15
2023-12-20,28,13,15
2023-12-20,22,11,11
2023-12-20,29,12,17
2023-12-20,49,36,13
2023-12-20,40,28,12
2023-12-20,60,48,12
2023-12-20,20,18,2
2023-12-20,14,11,3
2023-12-20,6,5,1
2023-12-20,4,2,2
2023-12-20,2,2,0
2023-12-20,0,0,0
2023-12-21,0,0,0
2023-12-21,3,2,1
2023-12-21,4,1,3
2023-12-21,3,0,3
2023-12-21,6,2,4
2023-12-21,12,3,9
2023-12-21,15,1,14
2023-12-21,21,1,20
2023-12-21,33,1,32
2023-12-21,16,1,15
2023-12-21,22,5,17
2023-12-21,13,7,6
2023-12-21,17,13,4
2023-12-21,20,9,11
2023-12-21,24,14,10
2023-12-21,26,18,8
2023-12-21,36,28,8
2023-12-21,46,35,11
2023-12-21,23,21,2
2023-12-21,9,7,2
2023-12-21,6,5,1
2023-12-21,4,1,3
2023-12-21,2,1,1
2023-12-21,2,0,2
2023-12-22,4,1,3
2023-12-22,2,2,0
2023-12-22,3,2,1
2023-12-22,2,0,2
2023-12-22,4,0,4
2023-12-22,6,1,5
2023-12-22,4,0,4
2023-12-22,12,1,11
2023-12-22,8,1,7
2023-12-22,7,0,7
2023-12-22,5,1,4
2023-12-22,5,1,4
2023-12-22,5,2,3
2023-12-22,4,4,0
2023-12-22,5,3,2
2023-12-22,15,11,4
2023-12-22,18,15,3
2023-12-22,12,6,6
2023-12-22,5,4,1
2023-12-22,4,3,1
2023-12-22,5,5,0
2023-12-22,4,3,1
2023-12-22,1,1,0
2023-12-22,1,1,0
2023-12-23,5,2,3
2023-12-23,1,0,1
2023-12-23,2,1,1
2023-12-23,1,0,1
2023-12-23,3,0,3
2023-12-23,1,0,1
2023-12-23,2,0,2
2023-12-23,4,1,3
2023-12-23,9,1,8
2023-12-23,17,8,9
2023-12-23,34,15,19
2023-12-23,28,14,14
2023-12-23,42,15,27
2023-12-23,43,20,23
2023-12-23,20,11,9
2023-12-23,31,18,13
2023-12-23,24,11,13
2023-12-23,10,9,1
2023-12-23,4,3,1
2023-12-23,6,5,1
2023-12-23,4,1,3
2023-12-23,1,1,0
2023-12-23,0,0,0
2023-12-23,1,0,1
2023-12-24,0,0,0
2023-12-24,3,3,0
2023-12-24,0,0,0
2023-12-24,1,1,0
2023-12-24,2,1,1
2023-12-24,3,1,2
2023-12-24,1,0,1
2023-12-24,4,2,2
2023-12-24,9,0,9
2023-12-24,5,1,4
2023-12-24,6,2,4
2023-12-24,13,8,5
2023-12-24,6,3,3
2023-12-24,7,3,4
2023-12-24,7,5,2
2023-12-24,6,5,1
2023-12-24,5,2,3
2023-12-24,5,3,2
2023-12-24,2,1,1
2023-12-24,3,2,1
2023-12-24,2,2,0
2023-12-24,0,0,0
2023-12-24,0,0,0
2023-12-24,0,0,0
2023-12-25,1,1,0
2023-12-25,1,0,1
2023-12-25,0,0,0
2023-12-25,0,0,0
2023-12-25,2,1,1
2023-12-25,2,1,1
2023-12-25,1,0,1
2023-12-25,0,0,0
2023-12-25,2,0,2
2023-12-25,1,0,1
2023-12-25,1,1,0
2023-12-25,2,1,1
2023-12-25,2,0,2
2023-12-25,3,2,1
2023-12-25,1,0,1
2023-12-25,5,1,4
2023-12-25,1,0,1
2023-12-25,4,3,1
2023-12-25,0,0,0
2023-12-25,1,0,1
2023-12-25,0,0,0
2023-12-25,0,0,0
2023-12-25,2,1,1
2023-12-25,2,1,1
2023-12-26,0,0,0
2023-12-26,0,0,0
2023-12-26,3,0,3
2023-12-26,3,0,3
2023-12-26,2,0,2
2023-12-26,4,1,3
2023-12-26,12,0,12
2023-12-26,12,2,10
2023-12-26,14,2,12
2023-12-26,9,2,7
2023-12-26,13,2,11
2023-12-26,22,14,8
2023-12-26,23,14,9
2023-12-26,42,24,18
2023-12-26,43,15,28
2023-12-26,39,27,12
2023-12-26,19,13,6
2023-12-26,22,14,8
2023-12-26,8,5,3
2023-12-26,5,4,1
2023-12-26,4,3,1
2023-12-26,2,1,1
2023-12-26,1,1,0
2023-12-26,1,1,0
2023-12-27,0,0,0
2023-12-27,1,1,0
2023-12-27,1,0,1
2023-12-27,2,0,2
2023-12-27,3,0,3
2023-12-27,7,3,4
2023-12-27,16,2,14
2023-12-27,18,5,13
2023-12-27,18,1,17
2023-12-27,9,1,8
2023-12-27,10,3,7
2023-12-27,5,1,4
2023-12-27,5,4,1
2023-12-27,13,9,4
2023-12-27,15,8,7
2023-12-27,18,12,6
2023-12-27,19,13,6
2023-12-27,23,20,3
2023-12-27,10,6,4
2023-12-27,4,4,0
2023-12-27,3,3,0
2023-12-27,2,0,2
2023-12-27,1,1,0
2023-12-27,3,2,1
2023-12-28,1,0,1
2023-12-28,1,1,0
2023-12-28,1,0,1
2023-12-28,1,0,1
2023-12-28,5,0,5
2023-12-28,6,2,4
2023-12-28,12,1,11
2023-12-28,27,4,23
2023-12-28,18,1,17
2023-12-28,12,0,12
2023-12-28,8,2,6
2023-12-28,10,6,4
2023-12-28,8,2,6
2023-12-28,17,7,10
2023-12-28,19,12,7
2023-12-28,21,14,7
2023-12-28,33,24,9
2023-12-28,30,26,4
2023-12-28,11,10,1
2023-12-28,4,3,1
2023-12-28,2,2,0
2023-12-28,6,5,1
2023-12-28,5,4,1
2023-12-28,2,0,2
2023-12-29,2,1,1
2023-12-29,1,0,1
2023-12-29,1,0,1
2023-12-29,3,0,3
2023-12-29,6,1,5
2023-12-29,4,1,3
2023-12-29,28,10,18
2023-12-29,19,4,15
2023-12-29,12,3,9
2023-12-29,23,5,18
2023-12-29,22,8,14
2023-12-29,30,9,21
2023-12-29,23,8,15
2023-12-29,27,14,13
2023-12-29,36,15,21
2023-12-29,44,29,15
2023-12-29,41,32,9
2023-12-29,24,14,10
2023-12-29,12,7,5
2023-12-29,9,7,2
2023-12-29,8,4,4
2023-12-29,5,2,3
2023-12-29,3,3,0
2023-12-29,3,1,2
2023-12-30,5,1,4
2023-12-30,2,1,1
2023-12-30,1,1,0
2023-12-30,1,0,1
2023-12-30,3,0,3
2023-12-30,2,0,2
2023-12-30,6,1,5
2023-12-30,4,0,4
2023-12-30,15,5,10
2023-12-30,12,2,10
2023-12-30,6,3,3
2023-12-30,15,11,4
2023-12-30,11,9,2
2023-12-30,22,8,14
2023-12-30,22,10,12
2023-12-30,7,4,3
2023-12-30,16,7,9
2023-12-30,10,6,4
2023-12-30,4,1,3
2023-12-30,8,3,5
2023-12-30,5,4,1
2023-12-30,1,1,0
2023-12-30,2,0,2
2023-12-30,2,2,0
2023-12-31,1,0,1
2023-12-31,2,1,1
2023-12-31,1,1,0
2023-12-31,1,0,1
2023-12-31,1,0,1
2023-12-31,2,0,2
2023-12-31,6,2,4
2023-12-31,1,0,1
2023-12-31,18,7,11
2023-12-31,34,12,22
2023-12-31,35,19,16
2023-12-31,33,14,19
2023-12-31,55,33,22
2023-12-31,40,17,23
2023-12-31,50,28,22
2023-12-31,39,19,20
2023-12-31,33,20,13
2023-12-31,12,6,6
2023-12-31,11,9,2
2023-12-31,8,5,3
2023-12-31,3,0,3
2023-12-31,2,1,1
2023-12-31,7,4,3
2023-12-31,4,3,1
2024-01-01,6,1,4
2024-01-01,13,3,2
2024-01-01,7,1,3
2024-01-01,2,0,1
2024-01-01,3,1,2
2024-01-01,3,3,0
2024-01-01,10,5,2
2024-01-01,2,1,0
2024-01-01,1,0,1
2024-01-01,23,7,14
2024-01-01,27,13,10
2024-01-01,25,17,5
2024-01-01,29,14,14
2024-01-01,38,19,19
2024-01-01,42,22,15
2024-01-01,40,10,21
2024-01-01,26,10,14
2024-01-01,14,10,3
2024-01-01,4,3,1
2024-01-01,9,3,5
2024-01-01,1,1,0
2024-01-01,2,0,0
2024-01-01,2,1,1
2024-01-01,1,1,0
2024-01-02,2,0,1
2024-01-02,2,1,1
2024-01-02,1,0,1
2024-01-02,2,2,0
2024-01-02,4,2,1
2024-01-02,6,5,1
2024-01-02,27,20,4
2024-01-02,46,40,3
2024-01-02,51,41,1
2024-01-02,25,19,3
2024-01-02,16,8,6
2024-01-02,3,0,3
2024-01-02,7,3,3
2024-01-02,7,2,3
2024-01-02,10,3,6
2024-01-02,20,7,12
2024-01-02,46,3,41
2024-01-02,54,4,50
2024-01-02,33,6,25
2024-01-02,11,4,7
2024-01-02,5,2,2
2024-01-02,2,0,1
2024-01-02,4,3,1
2024-01-02,0,0,0
2024-01-03,6,3,1
2024-01-03,2,0,0
2024-01-03,0,0,0
2024-01-03,1,1,0
2024-01-03,5,4,1
2024-01-03,12,8,3
2024-01-03,34,28,4
2024-01-03,54,45,5
2024-01-03,63,55,2
2024-01-03,30,23,3
2024-01-03,18,13,4
2024-01-03,16,8,7
2024-01-03,18,6,9
2024-01-03,18,6,7
2024-01-03,13,3,10
2024-01-03,35,7,25
2024-01-03,64,8,51
2024-01-03,58,8,50
2024-01-03,39,1,36
2024-01-03,12,3,7
2024-01-03,5,2,2
2024-01-03,3,0,3
2024-01-03,1,0,1
2024-01-03,0,0,0
2024-01-04,0,0,0
2024-01-04,3,1,1
2024-01-04,1,1,0
2024-01-04,4,2,1
2024-01-04,2,2,0
2024-01-04,11,8,3
2024-01-04,25,21,2
2024-01-04,49,37,8
2024-01-04,55,44,2
2024-01-04,27,15,7
2024-01-04,10,10,0
2024-01-04,8,6,2
2024-01-04,13,7,5
2024-01-04,11,3,7
2024-01-04,18,5,11
2024-01-04,37,10,24
2024-01-04,51,8,35
2024-01-04,65,8,52
2024-01-04,27,3,20
2024-01-04,9,2,7
2024-01-04,5,1,4
2024-01-04,3,1,2
2024-01-04,2,0,1
2024-01-04,2,2,0
2024-01-05,2,1,0
2024-01-05,3,1,1
2024-01-05,1,0,1
2024-01-05,2,2,0
2024-01-05,2,2,0
2024-01-05,8,7,1
2024-01-05,20,19,1
2024-01-05,36,28,6
2024-01-05,39,29,5
2024-01-05,25,18,2
2024-01-05,11,8,2
2024-01-05,15,8,5
2024-01-05,18,6,9
2024-01-05,13,5,5
2024-01-05,11,4,4
2024-01-05,14,2,12
2024-01-05,38,2,33
2024-01-05,36,4,31
2024-01-05,19,5,14
2024-01-05,8,1,6
2024-01-05,3,0,3
2024-01-05,2,0,2
2024-01-05,1,0,0
2024-01-05,0,0,0
2024-01-06,0,0,0
2024-01-06,1,0,0
2024-01-06,0,0,0
2024-01-06,1,1,0
2024-01-06,4,2,0
2024-01-06,1,1,0
2024-01-06,5,5,0
2024-01-06,1,1,0
2024-01-06,11,7,1
2024-01-06,23,13,7
2024-01-06,18,14,3
2024-01-06,12,7,4
2024-01-06,20,10,7
2024-01-06,34,12,16
2024-01-06,25,12,10
2024-01-06,32,9,17
2024-01-06,20,6,10
2024-01-06,12,2,5
2024-01-06,3,0,3
2024-01-06,8,1,6
2024-01-06,5,4,1
2024-01-06,2,0,2
2024-01-06,1,0,1
2024-01-06,3,2,0
2024-01-07,0,0,0
2024-01-07,1,1,0
2024-01-07,1,0,0
2024-01-07,0,0,0
2024-01-07,1,1,0
2024-01-07,2,1,0
2024-01-07,2,2,0
2024-01-07,1,0,0
2024-01-07,6,4,0
2024-01-07,17,10,6
2024-01-07,22,8,10
2024-01-07,25,16,9
2024-01-07,20,9,10
2024-01-07,37,18,18
2024-01-07,21,6,14
2024-01-07,17,13,2
2024-01-07,15,8,6
2024-01-07,9,3,5
2024-01-07,3,1,2
2024-01-07,3,0,3
2024-01-07,2,1,0
2024-01-07,2,1,1
2024-01-07,2,0,2
2024-01-07,2,1,0
2024-01-08,0,0,0
2024-01-08,0,0,0
2024-01-08,0,0,0
2024-01-08,1,1,0
2024-01-08,5,4,0
2024-01-08,13,6,5
2024-01-08,14,11,0
2024-01-08,19,18,0
2024-01-08,33,27,2
2024-01-08,18,13,4
2024-01-08,8,5,1
2024-01-08,3,1,2
2024-01-08,6,3,2
2024-01-08,8,2,4
2024-01-08,8,4,3
2024-01-08,19,4,13
2024-01-08,28,5,23
2024-01-08,34,4,30
2024-01-08,12,2,10
2024-01-08,4,0,4
2024-01-08,4,2,0
2024-01-08,6,0,3
2024-01-08,0,0,0
2024-01-08,1,0,1
2024-01-09,4,0,0
2024-01-09,1,0,0
2024-01-09,0,0,0
2024-01-09,1,1,0
2024-01-09,3,1,2
2024-01-09,5,3,2
2024-01-09,16,14,1
2024-01-09,23,23,0
2024-01-09,39,34,3
2024-01-09,17,14,2
2024-01-09,8,3,3
2024-01-09,6,3,1
2024-01-09,8,4,3
2024-01-09,10,5,4
2024-01-09,6,3,2
2024-01-09,16,5,11
2024-01-09,25,4,20
2024-01-09,48,6,40
2024-01-09,18,2,14
2024-01-09,8,2,6
2024-01-09,3,0,3
2024-01-09,1,0,1
2024-01-09,1,1,0
2024-01-09,0,0,0
2024-01-10,1,1,0
2024-01-10,1,0,1
2024-01-10,4,2,0
2024-01-10,1,1,0
2024-01-10,4,3,1
2024-01-10,12,9,3
2024-01-10,24,20,3
2024-01-10,35,27,4
2024-01-10,67,58,3
2024-01-10,28,22,1
2024-01-10,23,17,2
2024-01-10,15,13,1
2024-01-10,11,7,3
2024-01-10,18,5,11
2024-01-10,25,12,11
2024-01-10,36,10,20
2024-01-10,45,3,39
2024-01-10,50,8,40
2024-01-10,35,4,30
2024-01-10,13,2,11
2024-01-10,7,1,6
2024-01-10,1,0,1
2024-01-10,6,3,3
2024-01-10,1,0,0
2024-01-11,2,0,2
2024-01-11,1,0,0
2024-01-11,0,0,0
2024-01-11,3,2,1
2024-01-11,5,5,0
2024-01-11,8,5,3
2024-01-11,24,21,2
2024-01-11,37,31,2
2024-01-11,35,29,4
2024-01-11,30,23,3
2024-01-11,13,7,3
2024-01-11,8,4,2
2024-01-11,14,6,5
2024-01-11,15,7,6
2024-01-11,17,6,9
2024-01-11,30,4,24
2024-01-11,43,8,33
2024-01-11,39,4,32
2024-01-11,25,5,19
2024-01-11,6,1,4
2024-01-11,4,0,4
2024-01-11,5,0,5
2024-01-11,1,0,0
2024-01-11,2,0,2
2024-01-12,2,2,0
2024-01-12,0,0,0
2024-01-12,0,0,0
2024-01-12,1,1,0
2024-01-12,6,5,1
2024-01-12,4,2,2
2024-01-12,7,6,1
2024-01-12,4,4,0
2024-01-12,7,5,1
2024-01-12,7,4,1
2024-01-12,5,4,1
2024-01-12,2,1,0
2024-01-12,3,2,1
2024-01-12,2,1,1
2024-01-12,6,2,3
2024-01-12,7,1,5
2024-01-12,7,1,5
2024-01-12,8,1,6
2024-01-12,7,3,4
2024-01-12,6,1,5
2024-01-12,2,0,2
2024-01-12,2,0,2
2024-01-12,0,0,0
2024-01-12,2,0,2
2024-01-13,4,0,4
2024-01-13,0,0,0
2024-01-13,1,0,1
2024-01-13,0,0,0
2024-01-13,2,2,0
2024-01-13,1,0,1
2024-01-13,3,3,0
2024-01-13,1,0,1
2024-01-13,1,0,0
2024-01-13,0,0,0
2024-01-13,3,2,1
2024-01-13,2,2,0
2024-01-13,5,4,1
2024-01-13,10,2,8
2024-01-13,2,1,1
2024-01-13,6,3,3
2024-01-13,8,3,3
2024-01-13,3,1,2
2024-01-13,1,0,1
2024-01-13,3,0,2
2024-01-13,2,0,2
2024-01-13,3,2,1
2024-01-13,1,1,0
2024-01-13,0,0,0
2024-01-14,0,0,0
2024-01-14,0,0,0
2024-01-14,0,0,0
2024-01-14,0,0,0
2024-01-14,1,1,0
2024-01-14,1,0,1
2024-01-14,2,2,0
2024-01-14,1,0,0
2024-01-14,4,4,0
2024-01-14,0,0,0
2024-01-14,4,2,2
2024-01-14,3,2,1
2024-01-14,2,1,1
2024-01-14,9,4,4
2024-01-14,6,3,1
2024-01-14,7,1,5
2024-01-14,3,1,2
2024-01-14,2,1,1
2024-01-14,1,0,1
2024-01-14,3,0,3
2024-01-14,2,1,1
2024-01-14,2,0,1
2024-01-14,0,0,0
2024-01-14,0,0,0
2024-01-15,0,0,0
2024-01-15,1,0,1
2024-01-15,0,0,0
2024-01-15,1,1,0
2024-01-15,1,1,0
2024-01-15,3,1,1
2024-01-15,5,4,0
2024-01-15,8,7,1
2024-01-15,3,1,0
2024-01-15,3,1,1
2024-01-15,9,5,0
2024-01-15,7,5,0
2024-01-15,17,6,10
2024-01-15,20,5,12
2024-01-15,9,3,6
2024-01-15,14,5,8
2024-01-15,20,6,12
2024-01-15,8,2,6
2024-01-15,3,0,3
2024-01-15,2,1,1
2024-01-15,1,0,1
2024-01-15,1,0,1
2024-01-15,1,1,0
2024-01-15,2,0,0
2024-01-16,2,1,1
2024-01-16,0,0,0
2024-01-16,0,0,0
2024-01-16,3,3,0
2024-01-16,3,3,0
2024-01-16,6,3,3
2024-01-16,8,5,2
2024-01-16,30,24,1
2024-01-16,34,28,2
2024-01-16,12,10,1
2024-01-16,12,7,1
2024-01-16,9,5,3
2024-01-16,8,5,1
2024-01-16,11,2,7
2024-01-16,18,7,8
2024-01-16,20,3,13
2024-01-16,33,5,25
2024-01-16,34,5,29
2024-01-16,18,3,14
2024-01-16,7,0,6
2024-01-16,5,1,3
2024-01-16,3,1,2
2024-01-16,1,0,1
2024-01-16,13,0,0
2024-01-17,16,0,0
2024-01-17,9,0,0
2024-01-17,14,2,0
2024-01-17,10,1,0
2024-01-17,7,3,0
2024-01-17,10,3,4
2024-01-17,15,12,3
2024-01-17,14,7,3
2024-01-17,34,26,2
2024-01-17,16,6,1
2024-01-17,20,3,2
2024-01-17,8,1,0
2024-01-17,4,1,0
2024-01-17,4,2,2
2024-01-17,5,3,1
2024-01-17,19,3,15
2024-01-17,35,8,25
2024-01-17,23,7,15
2024-01-17,11,1,9
2024-01-17,3,1,2
2024-01-17,6,1,4
2024-01-17,2,1,1
2024-01-17,2,0,1
2024-01-17,1,0,0
2024-01-18,0,0,0
2024-01-18,1,0,0
2024-01-18,0,0,0
2024-01-18,1,1,0
2024-01-18,2,2,0
2024-01-18,8,6,2
2024-01-18,13,12,1
2024-01-18,23,19,1
2024-01-18,31,22,1
2024-01-18,14,14,0
2024-01-18,3,3,0
2024-01-18,4,2,1
2024-01-18,3,3,0
2024-01-18,4,0,3
2024-01-18,5,2,3
2024-01-18,16,3,13
2024-01-18,20,1,16
2024-01-18,30,3,27
2024-01-18,20,2,15
2024-01-18,5,1,3
2024-01-18,4,1,3
2024-01-18,1,0,1
2024-01-18,3,1,2
2024-01-18,1,0,0
2024-01-19,1,1,0
2024-01-19,1,0,0
2024-01-19,1,0,1
2024-01-19,1,1,0
2024-01-19,4,4,0
2024-01-19,6,1,4
2024-01-19,16,14,1
2024-01-19,19,15,3
2024-01-19,34,27,2
2024-01-19,14,11,1
2024-01-19,7,5,0
2024-01-19,14,8,4
2024-01-19,14,5,6
2024-01-19,12,4,6
2024-01-19,13,2,7
2024-01-19,17,4,11
2024-01-19,36,10,25
2024-01-19,32,4,27
2024-01-19,15,4,9
2024-01-19,10,0,7
2024-01-19,1,1,0
2024-01-19,1,0,1
2024-01-19,5,1,2
2024-01-19,3,0,3
2024-01-20,0,0,0
2024-01-20,1,0,0
2024-01-20,2,0,2
2024-01-20,1,1,0
2024-01-20,2,2,0
2024-01-20,1,1,0
2024-01-20,6,6,0
2024-01-20,10,9,1
2024-01-20,10,7,2
2024-01-20,19,8,11
2024-01-20,40,20,19
2024-01-20,40,17,20
2024-01-20,46,15,24
2024-01-20,44,12,22
2024-01-20,41,18,20
2024-01-20,46,15,23
2024-01-20,25,10,10
2024-01-20,21,8,8
2024-01-20,7,3,4
2024-01-20,4,2,2
2024-01-20,2,0,2
2024-01-20,6,3,1
2024-01-20,2,0,2
2024-01-20,1,1,0
2024-01-21,1,1,0
2024-01-21,0,0,0
2024-01-21,1,0,0
2024-01-21,1,0,1
2024-01-21,2,1,0
2024-01-21,1,1,0
2024-01-21,3,3,0
2024-01-21,3,1,1
2024-01-21,3,2,1
2024-01-21,7,3,2
2024-01-21,15,4,10
2024-01-21,9,6,3
2024-01-21,7,5,2
2024-01-21,8,5,3
2024-01-21,6,1,5
2024-01-21,9,5,4
2024-01-21,10,3,7
2024-01-21,4,2,0
2024-01-21,6,3,3
2024-01-21,1,0,1
2024-01-21,2,1,1
2024-01-21,1,0,1
2024-01-21,1,1,0
2024-01-21,1,1,0
2024-01-22,2,0,1
2024-01-22,2,0,2
2024-01-22,2,1,0
2024-01-22,2,2,0
2024-01-22,3,2,1
2024-01-22,11,7,4
2024-01-22,20,20,0
2024-01-22,30,28,2
2024-01-22,40,36,3
2024-01-22,11,9,1
2024-01-22,8,5,2
2024-01-22,4,3,1
2024-01-22,6,1,5
2024-01-22,7,0,4
2024-01-22,10,3,7
2024-01-22,14,2,11
2024-01-22,35,5,29
2024-01-22,43,4,38
2024-01-22,25,5,19
2024-01-22,9,2,7
2024-01-22,2,1,1
2024-01-22,0,0,0
2024-01-22,1,1,0
2024-01-22,1,0,1
2024-01-23,1,1,0
2024-01-23,1,0,0
2024-01-23,0,0,0
2024-01-23,2,2,0
2024-01-23,3,3,0
2024-01-23,12,7,5
2024-01-23,33,29,1
2024-01-23,56,45,3
2024-01-23,75,63,4
2024-01-23,37,22,7
2024-01-23,21,14,4
2024-01-23,12,5,5
2024-01-23,22,8,13
2024-01-23,33,20,10
2024-01-23,28,10,15
2024-01-23,45,14,30
2024-01-23,68,9,56
2024-01-23,85,11,70
2024-01-23,32,5,25
2024-01-23,19,4,15
2024-01-23,11,4,6
2024-01-23,9,1,7
2024-01-23,4,0,3
2024-01-23,1,0,1
2024-01-24,1,1,0
2024-01-24,1,0,0
2024-01-24,0,0,0
2024-01-24,5,2,2
2024-01-24,4,3,1
2024-01-24,8,5,3
2024-01-24,22,19,1
2024-01-24,32,29,1
2024-01-24,43,35,6
2024-01-24,22,20,0
2024-01-24,8,4,3
2024-01-24,9,7,2
2024-01-24,9,4,5
2024-01-24,8,3,4
2024-01-24,10,4,6
2024-01-24,27,8,17
2024-01-24,33,5,27
2024-01-24,50,9,40
2024-01-24,21,1,20
2024-01-24,9,4,4
2024-01-24,3,0,3
2024-01-24,2,1,1
2024-01-24,3,0,3
2024-01-24,1,0,1
2024-01-25,0,0,0
2024-01-25,1,0,0
2024-01-25,1,0,0
2024-01-25,3,2,1
2024-01-25,5,4,0
2024-01-25,7,3,3
2024-01-25,24,20,3
2024-01-25,45,40,4
2024-01-25,56,44,4
2024-01-25,23,17,1
2024-01-25,8,4,4
2024-01-25,13,11,1
2024-01-25,10,2,7
2024-01-25,5,1,3
2024-01-25,23,8,13
2024-01-25,31,7,23
2024-01-25,55,12,38
2024-01-25,50,9,41
2024-01-25,32,7,24
2024-01-25,10,3,6
2024-01-25,6,0,6
2024-01-25,3,0,1
2024-01-25,8,1,4
2024-01-25,2,1,1
2024-01-26,2,0,2
2024-01-26,1,0,1
2024-01-26,1,1,0
2024-01-26,3,2,0
2024-01-26,3,3,0
2024-01-26,8,4,3
2024-01-26,33,28,3
2024-01-26,26,21,3
2024-01-26,33,29,1
2024-01-26,26,16,6
2024-01-26,7,4,3
2024-01-26,14,3,9
2024-01-26,14,7,7
2024-01-26,22,10,8
2024-01-26,29,9,16
2024-01-26,32,11,18
2024-01-26,53,10,40
2024-01-26,35,7,27
2024-01-26,15,3,12
2024-01-26,9,1,6
2024-01-26,3,0,3
2024-01-26,3,0,2
2024-01-26,0,0,0
2024-01-26,1,0,0
2024-01-27,2,2,0
2024-01-27,0,0,0
2024-01-27,0,0,0
2024-01-27,0,0,0
2024-01-27,3,2,1
2024-01-27,0,0,0
2024-01-27,4,3,1
2024-01-27,1,0,1
2024-01-27,8,7,1
2024-01-27,6,4,1
2024-01-27,4,3,1
2024-01-27,6,2,4
2024-01-27,4,2,2
2024-01-27,9,1,6
2024-01-27,6,1,5
2024-01-27,3,0,3
2024-01-27,18,8,8
2024-01-27,6,4,2
2024-01-27,5,1,4
2024-01-27,3,0,1
2024-01-27,5,0,3
2024-01-27,3,2,0
2024-01-27,4,1,2
2024-01-27,0,0,0
2024-01-28,3,1,1
2024-01-28,0,0,0
2024-01-28,0,0,0
2024-01-28,0,0,0
2024-01-28,2,1,0
2024-01-28,2,0,2
2024-01-28,4,4,0
2024-01-28,4,2,1
2024-01-28,11,9,1
2024-01-28,20,5,10
2024-01-28,31,15,11
2024-01-28,41,17,20
2024-01-28,29,12,15
2024-01-28,34,9,21
2024-01-28,21,7,13
2024-01-28,17,12,5
2024-01-28,18,7,9
2024-01-28,10,5,5
2024-01-28,10,3,5
2024-01-28,5,3,0
2024-01-28,6,3,1
2024-01-28,2,0,1
2024-01-28,2,0,1
2024-01-28,0,0,0
2024-01-29,1,0,1
2024-01-29,0,0,0
2024-01-29,0,0,0
2024-01-29,1,1,0
2024-01-29,6,6,0
2024-01-29,16,10,5
2024-01-29,38,35,3
2024-01-29,43,34,2
2024-01-29,64,52,3
2024-01-29,25,22,1
2024-01-29,21,13,5
2024-01-29,17,10,4
2024-01-29,18,8,8
2024-01-29,23,12,11
2024-01-29,21,9,11
2024-01-29,66,14,48
2024-01-29,62,10,50
2024-01-29,77,15,60
2024-01-29,37,7,27
2024-01-29,10,0,10
2024-01-29,8,2,4
2024-01-29,1,0,1
2024-01-29,4,0,3
2024-01-29,2,0,0
2024-01-30,0,0,0
2024-01-30,0,0,0
2024-01-30,2,1,0
2024-01-30,3,2,1
2024-01-30,5,5,0
2024-01-30,15,11,4
2024-01-30,39,31,5
2024-01-30,61,52,2
2024-01-30,85,70,2
2024-01-30,37,28,4
2024-01-30,22,11,9
2024-01-30,14,9,4
2024-01-30,22,8,13
2024-01-30,24,7,14
2024-01-30,27,13,12
2024-01-30,38,6,30
2024-01-30,72,10,58
2024-01-30,75,5,66
2024-01-30,39,4,32
2024-01-30,18,3,13
2024-01-30,7,0,7
2024-01-30,3,1,2
2024-01-30,6,1,4
2024-01-30,4,2,2
2024-01-31,3,3,0
2024-01-31,3,2,0
2024-01-31,0,0,0
2024-01-31,1,1,0
2024-01-31,5,3,1
2024-01-31,10,6,4
2024-01-31,28,26,1
2024-01-31,37,33,1
2024-01-31,51,44,2
2024-01-31,21,15,1
2024-01-31,14,9,4
2024-01-31,3,2,1
2024-01-31,8,5,2
2024-01-31,13,4,8
2024-01-31,22,10,9
2024-01-31,29,7,21
2024-01-31,33,4,24
2024-01-31,61,7,46
2024-01-31,31,4,26
2024-01-31,17,3,12
2024-01-31,13,1,12
2024-01-31,2,0,2
2024-01-31,3,1,2
2024-01-31,5,0,4
2024-02-01,5,2,1
2024-02-01,0,0,0
2024-02-01,0,0,0
2024-02-01,0,0,0
2024-02-01,6,5,0
2024-02-01,12,9,2
2024-02-01,27,23,3
2024-02-01,51,48,2
2024-02-01,57,46,3
2024-02-01,23,16,2
2024-02-01,16,11,3
2024-02-01,12,8,2
2024-02-01,14,8,5
2024-02-01,19,8,4
2024-02-01,28,9,16
2024-02-01,26,11,13
2024-02-01,67,9,54
2024-02-01,73,14,54
2024-02-01,46,6,38
2024-02-01,23,5,18
2024-02-01,8,2,5
2024-02-01,6,2,4
2024-02-01,5,2,1
2024-02-01,6,3,3
2024-02-02,3,1,2
2024-02-02,1,1,0
2024-02-02,1,0,1
2024-02-02,3,1,0
2024-02-02,6,5,1
2024-02-02,13,10,2
2024-02-02,22,18,2
2024-02-02,39,35,1
2024-02-02,38,29,4
2024-02-02,23,16,5
2024-02-02,12,5,4
2024-02-02,21,11,7
2024-02-02,12,1,10
2024-02-02,31,12,14
2024-02-02,55,21,30
2024-02-02,48,13,29
2024-02-02,61,17,43
2024-02-02,41,5,33
2024-02-02,25,4,20
2024-02-02,15,2,10
2024-02-02,5,2,2
2024-02-02,12,1,9
2024-02-02,7,2,3
2024-02-02,4,0,0
2024-02-03,3,1,2
2024-02-03,0,0,0
2024-02-03,0,0,0
2024-02-03,0,0,0
2024-02-03,3,3,0
2024-02-03,1,1,0
2024-02-03,5,4,1
2024-02-03,13,7,6
2024-02-03,32,20,8
2024-02-03,34,21,9
2024-02-03,49,20,22
2024-02-03,52,31,18
2024-02-03,52,28,21
2024-02-03,58,26,29
2024-02-03,58,16,37
2024-02-03,63,27,29
2024-02-03,50,22,24
2024-02-03,22,9,13
2024-02-03,16,6,10
2024-02-03,11,3,5
2024-02-03,4,2,1
2024-02-03,5,0,5
2024-02-03,6,1,5
2024-02-03,2,0,1
2024-02-04,0,0,0
2024-02-04,1,0,1
2024-02-04,1,1,0
2024-02-04,1,0,1
2024-02-04,3,1,2
2024-02-04,2,2,0
2024-02-04,4,4,0
2024-02-04,8,3,3
2024-02-04,12,11,1
2024-02-04,24,16,6
2024-02-04,29,18,8
2024-02-04,49,17,29
2024-02-04,40,13,24
2024-02-04,60,28,29
2024-02-04,52,18,30
2024-02-04,52,24,22
2024-02-04,30,13,14
2024-02-04,15,6,8
2024-02-04,9,2,7
2024-02-04,6,3,2
2024-02-04,6,1,3
2024-02-04,3,2,0
2024-02-04,4,1,2
2024-02-04,1,0,0
2024-02-05,0,0,0
2024-02-05,1,0,1
2024-02-05,0,0,0
2024-02-05,2,1,1
2024-02-05,6,5,0
2024-02-05,13,12,1
2024-02-05,24,19,1
2024-02-05,43,39,2
2024-02-05,47,39,3
2024-02-05,19,11,1
2024-02-05,15,8,4
2024-02-05,17,12,3
2024-02-05,8,5,2
2024-02-05,8,6,2
2024-02-05,9,1,7
2024-02-05,24,3,18
2024-02-05,49,6,39
2024-02-05,58,5,49
2024-02-05,23,0,22
2024-02-05,10,1,8
2024-02-05,5,2,2
2024-02-05,2,0,2
2024-02-05,3,0,2
2024-02-05,0,0,0
2024-02-06,0,0,0
2024-02-06,0,0,0
2024-02-06,0,0,0
2024-02-06,1,1,0
2024-02-06,5,2,2
2024-02-06,16,12,4
2024-02-06,25,21,3
2024-02-06,46,42,0
2024-02-06,68,60,2
2024-02-06,23,19,1
2024-02-06,10,6,1
2024-02-06,13,10,2
2024-02-06,8,2,4
2024-02-06,10,4,6
2024-02-06,18,5,10
2024-02-06,32,9,21
2024-02-06,62,8,53
2024-02-06,67,6,57
2024-02-06,36,4,32
2024-02-06,21,5,14
2024-02-06,3,0,1
2024-02-06,5,0,5
2024-02-06,4,0,3
2024-02-06,1,1,0
2024-02-07,3,1,2
2024-02-07,1,0,1
2024-02-07,2,1,0
2024-02-07,1,1,0
2024-02-07,7,5,2
2024-02-07,15,11,3
2024-02-07,41,32,3
2024-02-07,61,55,2
2024-02-07,69,54,6
2024-02-07,32,26,4
2024-02-07,24,15,6
2024-02-07,8,6,1
2024-02-07,18,8,8
2024-02-07,23,12,8
2024-02-07,23,10,12
2024-02-07,45,11,32
2024-02-07,72,9,60
2024-02-07,69,7,56
2024-02-07,40,4,34
2024-02-07,26,2,21
2024-02-07,9,3,6
2024-02-07,8,1,6
2024-02-07,1,0,1
2024-02-07,2,0,2
2024-02-08,3,0,1
2024-02-08,2,0,0
2024-02-08,1,0,0
2024-02-08,5,4,0
2024-02-08,4,4,0
2024-02-08,12,8,4
2024-02-08,24,20,3
2024-02-08,65,55,6
2024-02-08,61,53,2
2024-02-08,24,18,2
2024-02-08,13,9,3
2024-02-08,15,9,5
2024-02-08,10,4,3
2024-02-08,12,6,6
2024-02-08,20,7,12
2024-02-08,31,12,17
2024-02-08,65,6,55
2024-02-08,74,9,62
2024-02-08,35,3,29
2024-02-08,16,2,12
2024-02-08,9,0,8
2024-02-08,8,1,6
2024-02-08,3,0,3
2024-02-08,8,4,1
2024-02-09,1,0,1
2024-02-09,1,0,0
2024-02-09,0,0,0
2024-02-09,2,2,0
2024-02-09,5,5,0
2024-02-09,12,8,2
2024-02-09,27,24,1
2024-02-09,25,17,4
2024-02-09,41,34,5
2024-02-09,23,17,3
2024-02-09,13,8,5
2024-02-09,10,3,4
2024-02-09,12,4,8
2024-02-09,20,7,10
2024-02-09,32,10,19
2024-02-09,40,9,31
2024-02-09,53,17,35
2024-02-09,40,6,31
2024-02-09,21,6,14
2024-02-09,13,3,8
2024-02-09,4,1,3
2024-02-09,2,0,2
2024-02-09,0,0,0
2024-02-09,5,2,2
2024-02-10,0,0,0
2024-02-10,0,0,0
2024-02-10,0,0,0
2024-02-10,0,0,0
2024-02-10,3,2,0
2024-02-10,1,1,0
2024-02-10,6,5,1
2024-02-10,15,12,3
2024-02-10,12,9,2
2024-02-10,20,11,8
2024-02-10,42,19,17
2024-02-10,40,19,19
2024-02-10,67,29,31
2024-02-10,73,31,36
2024-02-10,64,24,34
2024-02-10,66,20,44
2024-02-10,21,7,11
2024-02-10,21,9,8
2024-02-10,11,3,7
2024-02-10,9,2,6
2024-02-10,3,1,1
2024-02-10,4,0,4
2024-02-10,2,0,1
2024-02-10,5,1,4
2024-02-11,4,1,2
2024-02-11,2,0,0
2024-02-11,0,0,0
2024-02-11,1,1,0
2024-02-11,2,2,0
2024-02-11,1,1,0
2024-02-11,5,4,1
2024-02-11,6,4,1
2024-02-11,7,3,4
2024-02-11,5,2,2
2024-02-11,9,4,5
2024-02-11,23,4,17
2024-02-11,16,10,6
2024-02-11,24,15,8
2024-02-11,25,7,17
2024-02-11,12,8,3
2024-02-11,8,3,5
2024-02-11,7,3,3
2024-02-11,4,0,4
2024-02-11,1,0,1
2024-02-11,4,1,2
2024-02-11,2,2,0
2024-02-11,0,0,0
2024-02-11,1,1,0
2024-02-12,1,0,0
2024-02-12,0,0,0
2024-02-12,0,0,0
2024-02-12,1,1,0
2024-02-12,5,4,1
2024-02-12,10,7,2
2024-02-12,29,27,2
2024-02-12,23,17,1
2024-02-12,47,40,2
2024-02-12,22,17,1
2024-02-12,12,8,2
2024-02-12,8,3,3
2024-02-12,10,4,6
2024-02-12,7,2,2
2024-02-12,11,5,6
2024-02-12,25,5,18
2024-02-12,48,8,36
2024-02-12,45,5,37
2024-02-12,28,1,24
2024-02-12,14,0,13
2024-02-12,8,2,4
2024-02-12,6,0,6
2024-02-12,3,2,1
2024-02-12,3,0,1
2024-02-13,1,0,1
2024-02-13,2,1,0
2024-02-13,0,0,0
2024-02-13,3,2,1
2024-02-13,5,3,0
2024-02-13,16,12,3
2024-02-13,34,28,4
2024-02-13,44,37,2
2024-02-13,88,74,1
2024-02-13,37,31,2
2024-02-13,25,13,8
2024-02-13,19,8,8
2024-02-13,22,10,8
2024-02-13,22,9,12
2024-02-13,36,9,22
2024-02-13,47,15,29
2024-02-13,75,13,60
2024-02-13,89,8,78
2024-02-13,43,6,35
2024-02-13,18,1,17
2024-02-13,6,1,5
2024-02-13,6,1,3
2024-02-13,2,0,2
2024-02-13,0,0,0
2024-02-14,0,0,0
2024-02-14,1,0,0
2024-02-14,0,0,0
2024-02-14,4,2,2
2024-02-14,3,3,0
2024-02-14,12,8,3
2024-02-14,38,30,4
2024-02-14,58,51,5
2024-02-14,71,59,4
2024-02-14,32,26,1
2024-02-14,20,10,5
2024-02-14,23,14,6
2024-02-14,19,7,9
2024-02-14,22,10,7
2024-02-14,24,7,17
2024-02-14,36,10,25
2024-02-14,64,4,54
2024-02-14,70,7,59
2024-02-14,32,1,30
2024-02-14,12,5,6
2024-02-14,2,0,2
2024-02-14,3,0,2
2024-02-14,3,1,1
2024-02-14,0,0,0
2024-02-15,1,0,0
2024-02-15,0,0,0
2024-02-15,1,1,0
2024-02-15,1,1,0
2024-02-15,3,2,1
2024-02-15,9,6,2
2024-02-15,13,11,2
2024-02-15,27,22,3
2024-02-15,34,27,0
2024-02-15,11,7,1
2024-02-15,13,7,5
2024-02-15,4,3,1
2024-02-15,4,1,3
2024-02-15,5,3,1
2024-02-15,5,1,4
2024-02-15,21,7,12
2024-02-15,18,2,16
2024-02-15,42,6,32
2024-02-15,18,2,15
2024-02-15,14,2,12
2024-02-15,5,2,3
2024-02-15,5,2,3
2024-02-15,4,2,2
2024-02-15,5,1,3
2024-02-16,0,0,0
2024-02-16,2,1,0
2024-02-16,1,0,1
2024-02-16,1,1,0
2024-02-16,4,3,1
2024-02-16,12,10,2
2024-02-16,22,19,2
2024-02-16,24,20,2
2024-02-16,29,29,0
2024-02-16,16,14,2
2024-02-16,16,9,6
2024-02-16,15,7,6
2024-02-16,21,8,11
2024-02-16,30,13,14
2024-02-16,37,12,21
2024-02-16,42,11,29
2024-02-16,50,19,26
2024-02-16,57,9,41
2024-02-16,23,8,15
2024-02-16,26,11,14
2024-02-16,7,3,4
2024-02-16,6,1,5
2024-02-16,5,1,4
2024-02-16,3,1,0
2024-02-17,3,2,1
2024-02-17,3,2,1
2024-02-17,0,0,0
2024-02-17,0,0,0
2024-02-17,4,3,1
2024-02-17,1,1,0
2024-02-17,5,4,1
2024-02-17,4,3,0
2024-02-17,14,9,2
2024-02-17,16,7,7
2024-02-17,19,12,7
2024-02-17,23,14,6
2024-02-17,34,16,14
2024-02-17,37,12,19
2024-02-17,42,14,26
2024-02-17,34,13,18
2024-02-17,27,10,15
2024-02-17,13,3,8
2024-02-17,7,2,5
2024-02-17,7,4,3
2024-02-17,1,0,0
2024-02-17,4,0,4
2024-02-17,9,2,5
2024-02-17,2,0,1
2024-02-18,4,2,0
2024-02-18,1,0,0
2024-02-18,1,1,0
2024-02-18,2,0,1
2024-02-18,1,1,0
2024-02-18,1,1,0
2024-02-18,4,3,0
2024-02-18,4,1,1
2024-02-18,9,7,2
2024-02-18,17,10,5
2024-02-18,15,6,7
2024-02-18,27,8,15
2024-02-18,42,19,21
2024-02-18,39,22,12
2024-02-18,17,7,8
2024-02-18,15,6,5
2024-02-18,14,3,10
2024-02-18,9,4,4
2024-02-18,12,4,8
2024-02-18,0,0,0
2024-02-18,4,1,2
2024-02-18,1,0,0
2024-02-18,3,2,0
2024-02-18,1,0,0
2024-02-19,3,1,1
2024-02-19,0,0,0
2024-02-19,0,0,0
2024-02-19,1,1,0
2024-02-19,4,3,1
2024-02-19,3,1,2
2024-02-19,14,11,1
2024-02-19,27,24,1
2024-02-19,33,27,3
2024-02-19,34,14,15
2024-02-19,29,15,10
2024-02-19,18,8,9
2024-02-19,21,7,9
2024-02-19,23,6,15
2024-02-19,11,2,8
2024-02-19,22,6,12
2024-02-19,47,17,28
2024-02-19,31,7,22
2024-02-19,18,5,11
2024-02-19,9,0,9
2024-02-19,4,0,4
2024-02-19,5,1,4
2024-02-19,7,5,1
2024-02-19,0,0,0
2024-02-20,1,0,0
2024-02-20,0,0,0
2024-02-20,0,0,0
2024-02-20,3,3,0
2024-02-20,5,4,1
2024-02-20,17,12,5
2024-02-20,18,12,5
2024-02-20,37,30,2
2024-02-20,53,40,1
2024-02-20,19,14,1
2024-02-20,7,4,2
2024-02-20,10,5,3
2024-02-20,9,4,5
2024-02-20,9,3,5
2024-02-20,12,5,7
2024-02-20,24,5,18
2024-02-20,53,10,36
2024-02-20,67,4,61
2024-02-20,30,3,27
2024-02-20,10,2,8
2024-02-20,6,2,4
2024-02-20,3,0,2
2024-02-20,4,0,4
2024-02-20,1,0,0
2024-02-21,3,1,0
2024-02-21,6,1,1
2024-02-21,1,0,0
2024-02-21,3,3,0
2024-02-21,6,5,1
2024-02-21,17,10,6
2024-02-21,25,16,4
2024-02-21,28,22,3
2024-02-21,45,35,3
2024-02-21,20,16,1
2024-02-21,12,10,2
2024-02-21,7,5,0
2024-02-21,10,5,4
2024-02-21,4,1,2
2024-02-21,6,0,5
2024-02-21,22,3,17
2024-02-21,27,4,22
2024-02-21,55,7,47
2024-02-21,27,1,25
2024-02-21,15,4,9
2024-02-21,4,1,3
2024-02-21,2,0,2
2024-02-21,1,0,1
2024-02-21,1,1,0
2024-02-22,2,0,2
2024-02-22,1,0,0
2024-02-22,2,1,1
2024-02-22,6,3,3
2024-02-22,5,5,0
2024-02-22,11,6,5
2024-02-22,34,29,2
2024-02-22,53,45,3
2024-02-22,65,53,4
2024-02-22,32,22,8
2024-02-22,31,23,5
2024-02-22,26,16,9
2024-02-22,30,16,9
2024-02-22,32,12,17
2024-02-22,42,15,22
2024-02-22,54,18,35
2024-02-22,62,11,47
2024-02-22,95,17,72
2024-02-22,34,6,24
2024-02-22,16,3,12
2024-02-22,7,0,7
2024-02-22,7,0,6
2024-02-22,3,0,2
2024-02-22,2,1,0
2024-02-23,1,0,1
2024-02-23,1,0,0
2024-02-23,2,1,1
2024-02-23,4,3,1
2024-02-23,8,7,1
2024-02-23,11,5,3
2024-02-23,26,20,2
2024-02-23,25,21,1
2024-02-23,43,34,4
2024-02-23,23,16,4
2024-02-23,30,20,6
2024-02-23,26,12,11
2024-02-23,17,6,9
2024-02-23,42,13,26
2024-02-23,46,21,23
2024-02-23,58,15,39
2024-02-23,52,9,38
2024-02-23,55,11,39
2024-02-23,24,12,9
2024-02-23,17,4,10
2024-02-23,4,1,3
2024-02-23,9,1,5
2024-02-23,5,2,3
2024-02-23,7,0,6
2024-02-24,1,1,0
2024-02-24,2,0,1
2024-02-24,1,1,0
2024-02-24,0,0,0
2024-02-24,3,3,0
2024-02-24,1,1,0
2024-02-24,4,2,2
2024-02-24,8,7,1
2024-02-24,21,14,5
2024-02-24,25,17,5
2024-02-24,28,14,12
2024-02-24,31,15,14
2024-02-24,41,15,20
2024-02-24,39,15,19
2024-02-24,39,8,23
2024-02-24,41,16,24
2024-02-24,21,6,12
2024-02-24,26,9,14
2024-02-24,21,7,13
2024-02-24,7,1,3
2024-02-24,5,1,2
2024-02-24,3,0,2
2024-02-24,2,1,1
2024-02-24,4,1,2
2024-02-25,1,1,0
2024-02-25,0,0,0
2024-02-25,1,0,1
2024-02-25,2,0,1
2024-02-25,3,1,1
2024-02-25,0,0,0
2024-02-25,6,5,1
2024-02-25,34,30,0
2024-02-25,21,19,0
2024-02-25,7,4,1
2024-02-25,10,6,2
2024-02-25,11,5,4
2024-02-25,12,6,5
2024-02-25,19,4,12
2024-02-25,29,6,23
2024-02-25,26,2,23
2024-02-25,7,2,5
2024-02-25,8,2,5
2024-02-25,8,0,8
2024-02-25,4,3,1
2024-02-25,2,2,0
2024-02-25,1,1,0
2024-02-25,3,1,2
2024-02-25,0,0,0
2024-02-26,0,0,0
2024-02-26,1,0,0
2024-02-26,1,0,1
2024-02-26,3,3,0
2024-02-26,5,4,1
2024-02-26,13,8,4
2024-02-26,19,18,1
2024-02-26,31,26,2
2024-02-26,55,45,1
2024-02-26,22,16,2
2024-02-26,11,7,3
2024-02-26,9,6,3
2024-02-26,19,11,4
2024-02-26,18,10,7
2024-02-26,18,9,8
2024-02-26,33,7,25
2024-02-26,42,4,36
2024-02-26,49,3,45
2024-02-26,30,4,22
2024-02-26,12,1,10
2024-02-26,5,2,2
2024-02-26,1,0,0
2024-02-26,2,1,0
2024-02-26,1,0,1
2024-02-27,0,0,0
2024-02-27,1,0,0
2024-02-27,1,1,0
2024-02-27,2,2,0
2024-02-27,3,3,0
2024-02-27,7,3,3
2024-02-27,19,17,1
2024-02-27,37,30,2
2024-02-27,48,41,2
2024-02-27,19,16,3
2024-02-27,12,10,2
2024-02-27,4,2,1
2024-02-27,9,4,4
2024-02-27,8,3,4
2024-02-27,11,4,5
2024-02-27,16,3,11
2024-02-27,32,2,27
2024-02-27,49,8,39
2024-02-27,28,1,27
2024-02-27,9,2,7
2024-02-27,3,1,2
2024-02-27,3,0,2
2024-02-27,3,0,3
2024-02-27,2,1,0
2024-02-28,0,0,0
2024-02-28,1,0,0
2024-02-28,1,1,0
2024-02-28,1,1,0
2024-02-28,4,3,1
2024-02-28,9,4,5
2024-02-28,15,14,1
2024-02-28,30,23,2
2024-02-28,34,30,1
2024-02-28,18,15,1
2024-02-28,7,3,3
2024-02-28,4,3,1
2024-02-28,5,2,3
2024-02-28,7,3,2
2024-02-28,5,2,3
2024-02-28,17,2,15
2024-02-28,17,1,13
2024-02-28,32,3,28
2024-02-28,27,5,21
2024-02-28,5,2,3
2024-02-28,5,1,4
2024-02-28,0,0,0
2024-02-28,3,1,2
2024-02-28,1,1,0
2024-02-29,0,0,0
2024-02-29,1,0,0
2024-02-29,0,0,0
2024-02-29,3,2,1
2024-02-29,2,2,0
2024-02-29,7,4,3
2024-02-29,18,14,3
2024-02-29,29,27,1
2024-02-29,46,39,2
2024-02-29,14,9,4
2024-02-29,11,8,2
2024-02-29,14,10,2
2024-02-29,10,6,3
2024-02-29,9,2,6
2024-02-29,14,6,8
2024-02-29,23,9,14
2024-02-29,31,5,26
2024-02-29,38,6,32
2024-02-29,20,3,16
2024-02-29,14,2,6
2024-02-29,3,1,2
2024-02-29,4,0,4
2024-02-29,3,0,3
2024-02-29,2,1,1
2024-03-01,1,1,0
2024-03-01,0,0,0
2024-03-01,3,2,1
2024-03-01,2,1,1
2024-03-01,3,3,0
2024-03-01,7,6,1
2024-03-01,14,14,0
2024-03-01,19,15,4
2024-03-01,30,28,2
2024-03-01,18,18,0
2024-03-01,18,9,9
2024-03-01,7,6,1
2024-03-01,10,6,4
2024-03-01,10,5,5
2024-03-01,6,1,5
2024-03-01,15,3,12
2024-03-01,27,6,21
2024-03-01,35,3,32
2024-03-01,20,3,17
2024-03-01,9,0,9
2024-03-01,6,3,3
2024-03-01,4,2,2
2024-03-01,5,1,4
2024-03-01,20,16,4
2024-03-02,1,1,0
2024-03-02,0,0,0
2024-03-02,3,1,2
2024-03-02,0,0,0
2024-03-02,2,2,0
2024-03-02,2,1,1
2024-03-02,2,2,0
2024-03-02,5,3,2
2024-03-02,14,10,4
2024-03-02,23,17,6
2024-03-02,14,9,5
2024-03-02,26,9,17
2024-03-02,47,24,23
2024-03-02,30,16,14
2024-03-02,19,10,9
2024-03-02,7,5,2
2024-03-02,13,8,5
2024-03-02,8,3,5
2024-03-02,10,6,4
2024-03-02,3,1,2
2024-03-02,1,1,0
2024-03-02,4,3,1
2024-03-02,7,1,6
2024-03-02,5,1,4
2024-03-03,0,0,0
2024-03-03,2,2,0
2024-03-03,2,1,1
2024-03-03,1,0,1
2024-03-03,2,2,0
2024-03-03,1,1,0
2024-03-03,0,0,0
2024-03-03,4,4,0
2024-03-03,5,5,0
2024-03-03,6,6,0
2024-03-03,9,3,6
2024-03-03,12,8,4
2024-03-03,19,9,10
2024-03-03,17,13,4
2024-03-03,17,7,10
2024-03-03,5,2,3
2024-03-03,21,10,11
2024-03-03,8,1,7
2024-03-03,5,2,3
2024-03-03,3,0,3
2024-03-03,1,0,1
2024-03-03,0,0,0
2024-03-03,2,1,1
2024-03-03,0,0,0
2024-03-04,0,0,0
2024-03-04,0,0,0
2024-03-04,2,2,0
2024-03-04,1,0,1
2024-03-04,8,7,1
2024-03-04,11,7,4
2024-03-04,22,19,3
2024-03-04,35,32,3
2024-03-04,57,54,3
2024-03-04,25,20,5
2024-03-04,11,10,1
2024-03-04,9,5,4
2024-03-04,8,7,1
2024-03-04,23,11,12
2024-03-04,22,5,17
2024-03-04,21,9,12
2024-03-04,44,7,37
2024-03-04,51,6,45
2024-03-04,33,6,27
2024-03-04,12,5,7
2024-03-04,6,3,3
2024-03-04,1,0,1
2024-03-04,0,0,0
2024-03-04,1,1,0
2024-03-05,0,0,0
2024-03-05,1,0,1
2024-03-05,1,1,0
2024-03-05,1,1,0
2024-03-05,4,4,0
2024-03-05,7,3,4
2024-03-05,25,22,3
2024-03-05,34,27,7
2024-03-05,49,48,1
2024-03-05,14,13,1
2024-03-05,18,17,1
2024-03-05,15,5,10
2024-03-05,21,12,9
2024-03-05,24,11,13
2024-03-05,22,7,15
2024-03-05,39,12,27
2024-03-05,48,10,38
2024-03-05,65,15,50
2024-03-05,26,10,16
2024-03-05,13,0,13
2024-03-05,3,1,2
2024-03-05,2,0,2
2024-03-05,2,0,2
2024-03-05,1,0,1
2024-03-06,1,0,1
2024-03-06,2,1,1
2024-03-06,1,0,1
2024-03-06,2,1,1
2024-03-06,5,4,1
2024-03-06,10,6,4
2024-03-06,31,27,4
2024-03-06,51,48,3
2024-03-06,65,62,3
2024-03-06,25,18,7
2024-03-06,18,15,3
2024-03-06,11,5,6
2024-03-06,12,6,6
2024-03-06,13,7,6
2024-03-06,28,11,17
2024-03-06,35,10,25
2024-03-06,51,9,42
2024-03-06,67,12,55
2024-03-06,36,6,30
2024-03-06,17,4,13
2024-03-06,5,3,2
2024-03-06,3,0,3
2024-03-06,1,0,1
2024-03-06,2,1,1
2024-03-07,0,0,0
2024-03-07,1,0,1
2024-03-07,1,0,1
2024-03-07,2,2,0
2024-03-07,3,3,0
2024-03-07,17,13,4
2024-03-07,24,20,4
2024-03-07,51,48,3
2024-03-07,49,47,2
2024-03-07,29,26,3
2024-03-07,20,16,4
2024-03-07,21,12,9
2024-03-07,27,9,18
2024-03-07,26,16,10
2024-03-07,26,17,9
2024-03-07,42,13,29
2024-03-07,55,14,41
2024-03-07,65,9,56
2024-03-07,34,9,25
2024-03-07,21,6,15
2024-03-07,8,4,4
2024-03-07,13,5,8
2024-03-07,1,0,1
2024-03-07,1,1,0
2024-03-08,0,0,0
2024-03-08,1,0,1
2024-03-08,2,1,1
2024-03-08,3,3,0
2024-03-08,4,3,1
2024-03-08,12,9,3
2024-03-08,23,22,1
2024-03-08,30,28,2
2024-03-08,38,36,2
2024-03-08,18,13,5
2024-03-08,16,9,7
2024-03-08,19,10,9
2024-03-08,17,8,9
2024-03-08,32,11,21
2024-03-08,33,18,15
2024-03-08,34,9,25
2024-03-08,50,14,36
2024-03-08,44,5,39
2024-03-08,27,9,18
2024-03-08,12,4,8
2024-03-08,8,1,7
2024-03-08,3,1,2
2024-03-08,3,0,3
2024-03-08,4,2,2
2024-03-09,2,1,1
2024-03-09,0,0,0
2024-03-09,1,0,1
2024-03-09,1,1,0
2024-03-09,4,4,0
2024-03-09,1,1,0
2024-03-09,6,4,2
2024-03-09,7,6,1
2024-03-09,7,4,3
2024-03-09,19,12,7
2024-03-09,8,4,4
2024-03-09,26,13,13
2024-03-09,14,6,8
2024-03-09,12,5,7
2024-03-09,6,3,3
2024-03-09,10,6,4
2024-03-09,7,3,4
2024-03-09,13,7,6
2024-03-09,8,1,7
2024-03-09,3,1,2
2024-03-09,2,2,0
2024-03-09,2,1,1
2024-03-09,2,1,1
2024-03-09,0,0,0
2024-03-10,3,0,3
2024-03-10,1,0,1
2024-03-10,,,
2024-03-10,0,0,0
2024-03-10,5,2,3
2024-03-10,3,1,2
2024-03-10,7,5,2
2024-03-10,3,2,1
2024-03-10,3,3,0
2024-03-10,9,7,2
2024-03-10,9,6,3
2024-03-10,13,7,6
2024-03-10,14,9,5
2024-03-10,11,4,7
2024-03-10,11,4,7
2024-03-10,4,1,3
2024-03-10,6,1,5
2024-03-10,5,3,2
2024-03-10,2,1,1
2024-03-10,1,0,1
2024-03-10,2,1,1
2024-03-10,2,1,1
2024-03-10,2,0,2
2024-03-10,4,1,3
2024-03-11,1,1,0
2024-03-11,1,1,0
2024-03-11,0,0,0
2024-03-11,3,2,1
2024-03-11,4,3,1
2024-03-11,9,6,3
2024-03-11,18,17,1
2024-03-11,24,22,2
2024-03-11,45,43,2
2024-03-11,18,16,2
2024-03-11,12,11,1
2024-03-11,12,9,3
2024-03-11,7,3,4
2024-03-11,13,6,7
2024-03-11,11,6,5
2024-03-11,16,4,12
2024-03-11,29,2,27
2024-03-11,40,2,38
2024-03-11,26,2,24
2024-03-11,10,3,7
2024-03-11,7,3,4
2024-03-11,5,2,3
2024-03-11,1,0,1
2024-03-11,0,0,0
2024-03-12,0,0,0
2024-03-12,1,0,1
2024-03-12,0,0,0
2024-03-12,3,2,1
2024-03-12,3,3,0
2024-03-12,10,7,3
2024-03-12,19,16,3
2024-03-12,39,39,0
2024-03-12,53,50,3
2024-03-12,24,24,0
2024-03-12,12,11,1
2024-03-12,8,3,5
2024-03-12,18,8,10
2024-03-12,15,9,6
2024-03-12,17,9,8
2024-03-12,27,7,20
2024-03-12,45,11,34
2024-03-12,68,7,61
2024-03-12,40,7,33
2024-03-12,20,6,14
2024-03-12,5,3,2
2024-03-12,9,3,6
2024-03-12,6,0,6
2024-03-12,2,1,1
2024-03-13,1,1,0
2024-03-13,3,2,1
2024-03-13,0,0,0
2024-03-13,3,2,1
2024-03-13,4,4,0
2024-03-13,13,10,3
2024-03-13,35,32,3
2024-03-13,61,57,4
2024-03-13,75,71,4
2024-03-13,32,30,2
2024-03-13,16,12,4
2024-03-13,20,12,8
2024-03-13,17,7,10
2024-03-13,25,15,10
2024-03-13,27,10,17
2024-03-13,43,15,28
2024-03-13,92,19,73
2024-03-13,101,12,89
2024-03-13,57,13,44
2024-03-13,30,14,16
2024-03-13,4,0,4
2024-03-13,11,3,8
2024-03-13,6,2,4
2024-03-13,3,1,2
2024-03-14,1,1,0
2024-03-14,2,0,2
2024-03-14,1,0,1
2024-03-14,4,4,0
2024-03-14,4,2,2
2024-03-14,18,11,7
2024-03-14,37,31,6
2024-03-14,60,57,3
2024-03-14,71,69,2
2024-03-14,36,34,2
2024-03-14,20,12,8
2024-03-14,15,10,5
2024-03-14,29,18,11
2024-03-14,29,16,13
2024-03-14,35,11,24
2024-03-14,44,14,30
2024-03-14,90,23,67
2024-03-14,107,27,80
2024-03-14,64,21,43
2024-03-14,26,10,16
2024-03-14,20,5,15
2024-03-14,5,3,2
2024-03-14,6,2,4
2024-03-14,3,1,2
2024-03-15,1,0,1
2024-03-15,1,0,1
2024-03-15,1,0,1
2024-03-15,2,2,0
2024-03-15,5,5,0
2024-03-15,17,13,4
2024-03-15,32,32,0
2024-03-15,42,37,5
2024-03-15,51,46,5
2024-03-15,28,25,3
2024-03-15,28,22,6
2024-03-15,30,18,12
2024-03-15,35,17,18
2024-03-15,32,18,14
2024-03-15,53,21,32
2024-03-15,55,18,37
2024-03-15,82,15,67
2024-03-15,87,24,63
2024-03-15,46,18,28
2024-03-15,33,10,23
2024-03-15,19,9,10
2024-03-15,7,1,6
2024-03-15,7,4,3
2024-03-15,2,0,2
2024-03-16,1,1,0
2024-03-16,6,3,3
2024-03-16,1,0,1
2024-03-16,1,1,0
2024-03-16,2,2,0
2024-03-16,5,3,2
2024-03-16,4,3,1
2024-03-16,24,7,17
2024-03-16,37,27,10
2024-03-16,60,29,31
2024-03-16,80,45,35
2024-03-16,94,52,42
2024-03-16,114,56,58
2024-03-16,143,68,75
2024-03-16,123,52,71
2024-03-16,137,68,69
2024-03-16,78,39,39
2024-03-16,80,27,53
2024-03-16,54,26,28
2024-03-16,41,22,19
2024-03-16,22,12,10
2024-03-16,14,3,11
2024-03-16,7,2,5
2024-03-16,6,2,4
2024-03-17,2,0,2
2024-03-17,0,0,0
2024-03-17,2,1,1
2024-03-17,1,0,1
2024-03-17,2,1,1
2024-03-17,4,3,1
2024-03-17,10,7,3
2024-03-17,9,6,3
2024-03-17,18,12,6
2024-03-17,27,18,9
2024-03-17,46,28,18
2024-03-17,53,23,30
2024-03-17,87,44,43
2024-03-17,101,49,52
2024-03-17,95,57,38
2024-03-17,87,34,53
2024-03-17,76,31,45
2024-03-17,44,17,27
2024-03-17,41,13,28
2024-03-17,18,7,11
2024-03-17,10,4,6
2024-03-17,6,3,3
2024-03-17,7,5,2
2024-03-17,5,4,1
2024-03-18,0,0,0
2024-03-18,0,0,0
2024-03-18,0,0,0
2024-03-18,2,1,1
2024-03-18,7,6,1
2024-03-18,11,9,2
2024-03-18,37,29,8
2024-03-18,62,58,4
2024-03-18,67,64,3
2024-03-18,55,46,9
2024-03-18,16,15,1
2024-03-18,28,16,12
2024-03-18,35,16,19
2024-03-18,37,17,20
2024-03-18,47,25,22
2024-03-18,60,18,42
2024-03-18,95,22,73
2024-03-18,106,15,91
2024-03-18,51,17,34
2024-03-18,27,11,16
2024-03-18,13,6,7
2024-03-18,12,4,8
2024-03-18,4,1,3
2024-03-18,1,1,0
2024-03-19,0,0,0
2024-03-19,2,0,2
2024-03-19,2,1,1
2024-03-19,3,1,2
2024-03-19,6,6,0
2024-03-19,20,16,4
2024-03-19,33,29,4
2024-03-19,85,76,9
2024-03-19,87,83,4
2024-03-19,50,43,7
2024-03-19,22,18,4
2024-03-19,25,19,6
2024-03-19,31,21,10
2024-03-19,24,12,12
2024-03-19,40,14,26
2024-03-19,73,31,42
2024-03-19,115,27,88
2024-03-19,149,40,109
2024-03-19,67,20,47
2024-03-19,53,14,39
2024-03-19,9,2,7
2024-03-19,15,3,12
2024-03-19,4,0,4
2024-03-19,1,0,1
2024-03-20,1,0,1
2024-03-20,1,0,1
2024-03-20,0,0,0
2024-03-20,3,2,1
2024-03-20,4,3,1
2024-03-20,21,16,5
2024-03-20,42,38,4
2024-03-20,71,67,4
2024-03-20,63,62,1
2024-03-20,39,37,2
2024-03-20,14,11,3
2024-03-20,21,12,9
2024-03-20,18,8,10
2024-03-20,9,6,3
2024-03-20,28,11,17
2024-03-20,49,11,38
2024-03-20,76,12,64
2024-03-20,88,13,75
2024-03-20,44,6,38
2024-03-20,27,6,21
2024-03-20,9,1,8
2024-03-20,10,4,6
2024-03-20,6,2,4
2024-03-20,5,3,2
2024-03-21,1,0,1
2024-03-21,1,0,1
2024-03-21,0,0,0
2024-03-21,2,2,0
2024-03-21,4,4,0
2024-03-21,16,11,5
2024-03-21,31,29,2
2024-03-21,58,55,3
2024-03-21,66,62,4
2024-03-21,35,33,2
2024-03-21,17,12,5
2024-03-21,14,8,6
2024-03-21,21,13,8
2024-03-21,14,4,10
2024-03-21,24,9,15
2024-03-21,28,4,24
2024-03-21,62,15,47
2024-03-21,89,14,75
2024-03-21,39,6,33
2024-03-21,24,9,15
2024-03-21,9,2,7
2024-03-21,5,1,4
2024-03-21,6,1,5
2024-03-21,1,0,1
2024-03-22,3,0,3
2024-03-22,2,1,1
2024-03-22,0,0,0
2024-03-22,2,2,0
2024-03-22,7,6,1
2024-03-22,8,6,2
2024-03-22,26,25,1
2024-03-22,30,27,3
2024-03-22,39,37,2
2024-03-22,25,24,1
2024-03-22,12,9,3
2024-03-22,8,4,4
2024-03-22,11,6,5
2024-03-22,11,5,6
2024-03-22,5,0,5
2024-03-22,30,9,21
2024-03-22,46,12,34
2024-03-22,58,10,48
2024-03-22,11,4,7
2024-03-22,8,1,7
2024-03-22,7,5,2
2024-03-22,8,3,5
2024-03-22,2,0,2
2024-03-22,1,0,1
2024-03-23,1,0,1
2024-03-23,1,0,1
2024-03-23,0,0,0
2024-03-23,2,1,1
2024-03-23,2,2,0
2024-03-23,2,2,0
2024-03-23,10,8,2
2024-03-23,7,5,2
2024-03-23,10,7,3
2024-03-23,10,6,4
2024-03-23,13,7,6
2024-03-23,11,6,5
2024-03-23,14,8,6
2024-03-23,17,7,10
2024-03-23,22,10,12
2024-03-23,29,20,9
2024-03-23,19,9,10
2024-03-23,24,12,12
2024-03-23,23,7,16
2024-03-23,9,2,7
2024-03-23,13,4,9
2024-03-23,10,4,6
2024-03-23,4,2,2
2024-03-23,10,6,4
2024-03-24,4,2,2
2024-03-24,3,0,3
2024-03-24,1,1,0
2024-03-24,1,0,1
2024-03-24,4,2,2
2024-03-24,3,1,2
2024-03-24,4,4,0
2024-03-24,11,9,2
2024-03-24,19,16,3
2024-03-24,29,15,14
2024-03-24,44,24,20
2024-03-24,71,30,41
2024-03-24,44,23,21
2024-03-24,55,35,20
2024-03-24,85,47,38
2024-03-24,70,41,29
2024-03-24,59,28,31
2024-03-24,53,24,29
2024-03-24,31,14,17
2024-03-24,21,11,10
2024-03-24,8,3,5
2024-03-24,9,5,4
2024-03-24,0,0,0
2024-03-24,0,0,0
2024-03-25,6,3,3
2024-03-25,1,0,1
2024-03-25,0,0,0
2024-03-25,2,2,0
2024-03-25,5,4,1
2024-03-25,6,4,2
2024-03-25,29,25,4
2024-03-25,47,42,5
2024-03-25,63,62,1
2024-03-25,24,22,2
2024-03-25,18,14,4
2024-03-25,9,4,5
2024-03-25,16,10,6
2024-03-25,20,9,11
2024-03-25,17,11,6
2024-03-25,30,8,22
2024-03-25,52,7,45
2024-03-25,79,14,65
2024-03-25,37,1,36
2024-03-25,25,7,18
2024-03-25,7,3,4
2024-03-25,9,3,6
2024-03-25,4,3,1
2024-03-25,2,1,1
2024-03-26,1,1,0
2024-03-26,1,0,1
2024-03-26,1,1,0
2024-03-26,2,2,0
2024-03-26,5,5,0
2024-03-26,14,10,4
2024-03-26,33,30,3
2024-03-26,65,63,2
2024-03-26,80,78,2
2024-03-26,30,29,1
2024-03-26,19,12,7
2024-03-26,18,12,6
2024-03-26,17,10,7
2024-03-26,21,13,8
2024-03-26,18,6,12
2024-03-26,39,11,28
2024-03-26,81,17,64
2024-03-26,99,17,82
2024-03-26,60,13,47
2024-03-26,23,5,18
2024-03-26,11,2,9
2024-03-26,9,3,6
2024-03-26,6,3,3
2024-03-26,3,2,1
2024-03-27,0,0,0
2024-03-27,1,0,1
2024-03-27,0,0,0
2024-03-27,2,1,1
2024-03-27,7,6,1
2024-03-27,10,7,3
2024-03-27,18,17,1
2024-03-27,33,30,3
2024-03-27,36,36,0
2024-03-27,15,14,1
2024-03-27,10,9,1
2024-03-27,10,7,3
2024-03-27,7,2,5
2024-03-27,9,2,7
2024-03-27,5,3,2
2024-03-27,28,10,18
2024-03-27,38,7,31
2024-03-27,49,5,44
2024-03-27,27,3,24
2024-03-27,20,8,12
2024-03-27,6,2,4
2024-03-27,4,1,3
2024-03-27,2,1,1
2024-03-27,3,1,2
2024-03-28,1,0,1
2024-03-28,0,0,0
2024-03-28,0,0,0
2024-03-28,3,3,0
2024-03-28,8,8,0
2024-03-28,9,8,1
2024-03-28,17,16,1
2024-03-28,43,39,4
2024-03-28,58,58,0
2024-03-28,21,16,5
2024-03-28,22,18,4
2024-03-28,14,10,4
2024-03-28,13,8,5
2024-03-28,12,3,9
2024-03-28,14,5,9
2024-03-28,31,13,18
2024-03-28,58,13,45
2024-03-28,72,16,56
2024-03-28,33,11,22
2024-03-28,19,4,15
2024-03-28,7,1,6
2024-03-28,9,1,8
2024-03-28,16,3,13
2024-03-28,3,1,2
2024-03-29,1,0,1
2024-03-29,0,0,0
2024-03-29,3,1,2
2024-03-29,1,1,0
2024-03-29,5,5,0
2024-03-29,11,8,3
2024-03-29,25,23,2
2024-03-29,33,29,4
2024-03-29,48,44,4
2024-03-29,28,24,4
2024-03-29,15,12,3
2024-03-29,27,15,12
2024-03-29,33,16,17
2024-03-29,36,20,16
2024-03-29,40,15,25
2024-03-29,61,18,43
2024-03-29,83,26,57
2024-03-29,80,21,59
2024-03-29,32,14,18
2024-03-29,28,17,11
2024-03-29,11,8,3
2024-03-29,8,2,6
2024-03-29,10,3,7
2024-03-29,2,0,2
2024-03-30,4,3,1
2024-03-30,3,1,2
2024-03-30,0,0,0
2024-03-30,4,1,3
2024-03-30,4,4,0
2024-03-30,4,3,1
2024-03-30,11,8,3
2024-03-30,7,6,1
2024-03-30,10,5,5
2024-03-30,49,28,21
2024-03-30,69,32,37
2024-03-30,62,35,27
2024-03-30,79,42,37
2024-03-30,81,33,48
2024-03-30,68,27,41
2024-03-30,79,39,40
2024-03-30,44,31,13
2024-03-30,31,13,18
2024-03-30,28,17,11
2024-03-30,17,7,10
2024-03-30,16,5,11
2024-03-30,10,1,9
2024-03-30,6,1,5
2024-03-30,6,0,6
2024-03-31,6,0,6
2024-03-31,1,1,0
2024-03-31,1,0,1
2024-03-31,2,0,2
2024-03-31,1,1,0
2024-03-31,3,2,1
2024-03-31,7,5,2
2024-03-31,7,6,1
2024-03-31,13,11,2
2024-03-31,26,13,13
2024-03-31,47,30,17
2024-03-31,48,27,21
2024-03-31,103,68,35
2024-03-31,71,37,34
2024-03-31,80,39,41
2024-03-31,59,23,36
2024-03-31,64,21,43
2024-03-31,40,28,12
2024-03-31,18,9,9
2024-03-31,16,9,7
2024-03-31,7,5,2
2024-03-31,3,1,2
2024-03-31,4,3,1
2024-03-31,1,0,1
2024-04-01,1,0,1
2024-04-01,1,1,0
2024-04-01,1,0,1
2024-04-01,4,4,0
2024-04-01,7,5,2
2024-04-01,14,11,3
2024-04-01,31,27,4
2024-04-01,65,64,1
2024-04-01,69,62,7
2024-04-01,30,27,3
2024-04-01,19,15,4
2024-04-01,19,11,8
2024-04-01,25,12,13
2024-04-01,20,11,9
2024-04-01,38,17,21
2024-04-01,61,26,35
2024-04-01,87,20,67
2024-04-01,108,23,85
2024-04-01,72,25,47
2024-04-01,24,7,17
2024-04-01,14,7,7
2024-04-01,14,2,12
2024-04-01,6,2,4
2024-04-01,8,3,5
2024-04-02,0,0,0
2024-04-02,5,3,2
2024-04-02,0,0,0
2024-04-02,5,5,0
2024-04-02,4,4,0
2024-04-02,20,15,5
2024-04-02,37,32,5
2024-04-02,98,92,6
2024-04-02,94,90,4
2024-04-02,55,53,2
2024-04-02,27,18,9
2024-04-02,23,15,8
2024-04-02,24,17,7
2024-04-02,25,10,15
2024-04-02,31,12,19
2024-04-02,61,16,45
2024-04-02,117,19,98
2024-04-02,120,18,102
2024-04-02,87,26,61
2024-04-02,37,17,20
2024-04-02,16,7,9
2024-04-02,15,1,14
2024-04-02,5,2,3
2024-04-02,1,0,1
2024-04-03,0,0,0
2024-04-03,1,1,0
2024-04-03,0,0,0
2024-04-03,4,4,0
2024-04-03,5,4,1
2024-04-03,14,9,5
2024-04-03,42,35,7
2024-04-03,52,48,4
2024-04-03,101,95,6
2024-04-03,30,24,6
2024-04-03,18,12,6
2024-04-03,28,20,8
2024-04-03,23,14,9
2024-04-03,22,12,10
2024-04-03,20,4,16
2024-04-03,50,13,37
2024-04-03,80,18,62
2024-04-03,96,10,86
2024-04-03,56,7,49
2024-04-03,26,10,16
2024-04-03,22,6,16
2024-04-03,7,3,4
2024-04-03,8,2,6
2024-04-03,2,2,0
2024-04-04,2,0,2
2024-04-04,1,0,1
2024-04-04,0,0,0
2024-04-04,2,2,0
2024-04-04,6,6,0
2024-04-04,10,8,2
2024-04-04,33,30,3
2024-04-04,68,63,5
2024-04-04,65,58,7
2024-04-04,34,30,4
2024-04-04,14,9,5
2024-04-04,9,3,6
2024-04-04,11,5,6
2024-04-04,10,4,6
2024-04-04,10,3,7
2024-04-04,35,9,26
2024-04-04,53,13,40
2024-04-04,74,13,61
2024-04-04,35,4,31
2024-04-04,21,6,15
2024-04-04,8,2,6
2024-04-04,11,5,6
2024-04-04,5,0,5
2024-04-04,0,0,0
2024-04-05,2,1,1
2024-04-05,2,1,1
2024-04-05,0,0,0
2024-04-05,2,2,0
2024-04-05,4,4,0
2024-04-05,8,6,2
2024-04-05,33,28,5
2024-04-05,24,22,2
2024-04-05,50,46,4
2024-04-05,21,18,3
2024-04-05,17,13,4
2024-04-05,11,9,2
2024-04-05,20,9,11
2024-04-05,20,9,11
2024-04-05,24,6,18
2024-04-05,42,16,26
2024-04-05,54,12,42
2024-04-05,49,11,38
2024-04-05,25,3,22
2024-04-05,12,3,9
2024-04-05,14,4,10
2024-04-05,6,2,4
2024-04-05,5,3,2
2024-04-05,5,3,2
2024-04-06,1,0,1
2024-04-06,3,1,2
2024-04-06,2,1,1
2024-04-06,2,1,1
2024-04-06,3,2,1
2024-04-06,2,1,1
2024-04-06,9,6,3
2024-04-06,7,2,5
2024-04-06,19,16,3
2024-04-06,20,10,10
2024-04-06,15,11,4
2024-04-06,41,17,24
2024-04-06,56,20,36
2024-04-06,50,34,16
2024-04-06,38,14,24
2024-04-06,14,7,7
2024-04-06,17,4,13
2024-04-06,34,23,11
2024-04-06,16,6,10
2024-04-06,7,2,5
2024-04-06,4,2,2
2024-04-06,8,1,7
2024-04-06,8,1,7
2024-04-06,3,2,1
2024-04-07,4,1,3
2024-04-07,1,1,0
2024-04-07,3,0,3
2024-04-07,2,1,1
2024-04-07,5,2,3
2024-04-07,1,1,0
2024-04-07,3,2,1
2024-04-07,5,3,2
2024-04-07,19,13,6
2024-04-07,28,20,8
2024-04-07,37,23,14
2024-04-07,54,24,30
2024-04-07,54,18,36
2024-04-07,48,27,21
2024-04-07,26,12,14
2024-04-07,34,17,17
2024-04-07,34,16,18
2024-04-07,20,9,11
2024-04-07,11,5,6
2024-04-07,7,2,5
2024-04-07,6,3,3
2024-04-07,8,5,3
2024-04-07,1,1,0
2024-04-07,0,0,0
2024-04-08,1,1,0
2024-04-08,1,0,1
2024-04-08,0,0,0
2024-04-08,1,1,0
2024-04-08,10,8,2
2024-04-08,8,4,4
2024-04-08,28,28,0
2024-04-08,46,44,2
2024-04-08,37,35,2
2024-04-08,15,13,2
2024-04-08,8,8,0
2024-04-08,10,10,0
2024-04-08,9,5,4
2024-04-08,9,5,4
2024-04-08,19,5,14
2024-04-08,23,3,20
2024-04-08,45,7,38
2024-04-08,63,14,49
2024-04-08,27,6,21
2024-04-08,11,4,7
2024-04-08,7,1,6
2024-04-08,4,2,2
2024-04-08,0,0,0
2024-04-08,1,0,1
2024-04-09,1,0,1
2024-04-09,1,0,1
2024-04-09,0,0,0
2024-04-09,4,3,1
2024-04-09,4,4,0
2024-04-09,13,10,3
2024-04-09,29,26,3
2024-04-09,52,48,4
2024-04-09,70,69,1
2024-04-09,40,34,6
2024-04-09,22,13,9
2024-04-09,19,13,6
2024-04-09,9,1,8
2024-04-09,22,12,10
2024-04-09,25,14,11
2024-04-09,35,9,26
2024-04-09,72,14,58
2024-04-09,71,9,62
2024-04-09,39,6,33
2024-04-09,30,9,21
2024-04-09,5,1,4
2024-04-09,3,2,1
2024-04-09,4,1,3
2024-04-09,10,1,9
2024-04-10,1,0,1
2024-04-10,10,10,0
2024-04-10,3,3,0
2024-04-10,2,2,0
2024-04-10,7,5,2
2024-04-10,17,13,4
2024-04-10,37,35,2
2024-04-10,64,60,4
2024-04-10,75,70,5
2024-04-10,40,34,6
2024-04-10,25,19,6
2024-04-10,25,13,12
2024-04-10,24,12,12
2024-04-10,35,16,19
2024-04-10,44,20,24
2024-04-10,65,22,43
2024-04-10,74,13,61
2024-04-10,115,26,89
2024-04-10,53,18,35
2024-04-10,34,9,25
2024-04-10,10,1,9
2024-04-10,8,4,4
2024-04-10,11,4,7
2024-04-10,3,2,1
2024-04-11,0,0,0
2024-04-11,1,0,1
2024-04-11,1,1,0
2024-04-11,3,3,0
2024-04-11,4,3,1
2024-04-11,10,6,4
2024-04-11,29,26,3
2024-04-11,47,45,2
2024-04-11,53,52,1
2024-04-11,31,28,3
2024-04-11,18,14,4
2024-04-11,17,15,2
2024-04-11,24,11,13
2024-04-11,23,11,12
2024-04-11,16,9,7
2024-04-11,36,8,28
2024-04-11,63,19,44
2024-04-11,65,8,57
2024-04-11,36,8,28
2024-04-11,23,1,22
2024-04-11,13,5,8
2024-04-11,12,3,9
2024-04-11,3,1,2
2024-04-11,3,3,0
2024-04-12,1,0,1
2024-04-12,2,2,0
2024-04-12,0,0,0
2024-04-12,4,4,0
2024-04-12,5,5,0
2024-04-12,12,10,2
2024-04-12,27,22,5
2024-04-12,33,29,4
2024-04-12,40,37,3
2024-04-12,28,21,7
2024-04-12,25,20,5
2024-04-12,19,12,7
2024-04-12,20,7,13
2024-04-12,33,16,17
2024-04-12,34,7,27
2024-04-12,64,22,42
2024-04-12,80,28,52
2024-04-12,57,18,39
2024-04-12,41,19,22
2024-04-12,31,13,18
2024-04-12,14,4,10
2024-04-12,12,1,11
2024-04-12,9,2,7
2024-04-12,6,1,5
2024-04-13,3,2,1
2024-04-13,2,1,1
2024-04-13,4,0,4
2024-04-13,2,1,1
2024-04-13,2,2,0
2024-04-13,3,2,1
2024-04-13,5,4,1
2024-04-13,15,12,3
2024-04-13,30,20,10
2024-04-13,37,22,15
2024-04-13,33,17,16
2024-04-13,49,22,27
2024-04-13,79,42,37
2024-04-13,72,38,34
2024-04-13,79,46,33
2024-04-13,72,30,42
2024-04-13,76,34,42
2024-04-13,60,36,24
2024-04-13,44,28,16
2024-04-13,32,15,17
2024-04-13,27,18,9
2024-04-13,20,2,18
2024-04-13,7,0,7
2024-04-13,3,0,3
2024-04-14,4,3,1
2024-04-14,3,1,2
2024-04-14,0,0,0
2024-04-14,3,1,2
2024-04-14,4,3,1
2024-04-14,3,3,0
2024-04-14,11,9,2
2024-04-14,14,5,9
2024-04-14,23,15,8
2024-04-14,35,26,9
2024-04-14,50,30,20
2024-04-14,105,40,65
2024-04-14,83,39,44
2024-04-14,106,52,54
2024-04-14,126,82,44
2024-04-14,73,38,35
2024-04-14,80,33,47
2024-04-14,55,32,23
2024-04-14,41,19,22
2024-04-14,24,7,17
2024-04-14,8,2,6
2024-04-14,5,3,2
2024-04-14,3,3,0
2024-04-14,4,0,4
2024-04-15,1,0,1
2024-04-15,2,1,1
2024-04-15,0,0,0
2024-04-15,3,3,0
2024-04-15,7,6,1
2024-04-15,11,7,4
2024-04-15,34,32,2
2024-04-15,53,48,5
2024-04-15,59,54,5
2024-04-15,35,34,1
2024-04-15,16,15,1
2024-04-15,11,7,4
2024-04-15,14,7,7
2024-04-15,20,6,14
2024-04-15,18,7,11
2024-04-15,29,9,20
2024-04-15,58,11,47
2024-04-15,93,17,76
2024-04-15,43,11,32
2024-04-15,20,4,16
2024-04-15,11,6,5
2024-04-15,13,3,10
2024-04-15,4,1,3
2024-04-15,3,0,3
2024-04-16,2,1,1
2024-04-16,3,1,2
2024-04-16,1,1,0
2024-04-16,3,3,0
2024-04-16,4,4,0
2024-04-16,14,7,7
2024-04-16,39,34,5
2024-04-16,66,59,7
2024-04-16,90,85,5
2024-04-16,48,41,7
2024-04-16,24,19,5
2024-04-16,7,5,2
2024-04-16,20,8,12
2024-04-16,21,9,12
2024-04-16,17,9,8
2024-04-16,33,13,20
2024-04-16,80,15,65
2024-04-16,112,20,92
2024-04-16,42,7,35
2024-04-16,22,8,14
2024-04-16,14,1,13
2024-04-16,11,4,7
2024-04-16,6,1,5
2024-04-16,3,1,2
2024-04-17,2,0,2
2024-04-17,0,0,0
2024-04-17,1,1,0
2024-04-17,3,2,1
2024-04-17,2,2,0
2024-04-17,14,12,2
2024-04-17,36,32,4
2024-04-17,59,51,8
2024-04-17,102,96,6
2024-04-17,42,38,4
2024-04-17,24,16,8
2024-04-17,23,18,5
2024-04-17,29,20,9
2024-04-17,23,15,8
2024-04-17,36,16,20
2024-04-17,69,19,50
2024-04-17,98,23,75
2024-04-17,122,26,96
2024-04-17,63,16,47
2024-04-17,45,20,25
2024-04-17,10,5,5
2024-04-17,16,2,14
2024-04-17,8,6,2
2024-04-17,2,1,1
2024-04-18,1,0,1
2024-04-18,0,0,0
2024-04-18,1,0,1
2024-04-18,2,1,1
2024-04-18,3,3,0
2024-04-18,17,14,3
2024-04-18,40,35,5
2024-04-18,75,70,5
2024-04-18,88,81,7
2024-04-18,40,37,3
2024-04-18,35,24,11
2024-04-18,19,11,8
2024-04-18,18,10,8
2024-04-18,40,26,14
2024-04-18,43,19,24
2024-04-18,52,15,37
2024-04-18,118,28,90
2024-04-18,109,18,91
2024-04-18,70,18,52
2024-04-18,34,8,26
2024-04-18,12,6,6
2024-04-18,12,2,10
2024-04-18,11,6,5
2024-04-18,3,0,3
2024-04-19,1,1,0
2024-04-19,2,0,2
2024-04-19,0,0,0
2024-04-19,2,2,0
2024-04-19,7,6,1
2024-04-19,9,6,3
2024-04-19,39,39,0
2024-04-19,48,45,3
2024-04-19,72,66,6
2024-04-19,27,23,4
2024-04-19,18,12,6
2024-04-19,34,22,12
2024-04-19,35,21,14
2024-04-19,47,22,25
2024-04-19,60,16,44
2024-04-19,69,19,50
2024-04-19,118,40,78
2024-04-19,99,23,76
2024-04-19,52,12,40
2024-04-19,20,10,10
2024-04-19,12,3,9
2024-04-19,8,3,5
2024-04-19,7,6,1
2024-04-19,4,0,4
2024-04-20,4,1,3
2024-04-20,1,0,1
2024-04-20,1,1,0
2024-04-20,1,1,0
2024-04-20,3,3,0
2024-04-20,4,3,1
2024-04-20,3,1,2
2024-04-20,4,2,2
2024-04-20,3,3,0
2024-04-20,2,1,1
2024-04-20,8,4,4
2024-04-20,6,3,3
2024-04-20,19,10,9
2024-04-20,6,3,3
2024-04-20,2,1,1
2024-04-20,2,0,2
2024-04-20,0,0,0
2024-04-20,1,1,0
2024-04-20,0,0,0
2024-04-20,0,0,0
2024-04-20,0,0,0
2024-04-20,0,0,0
2024-04-20,6,3,3
2024-04-20,0,0,0
2024-04-21,0,0,0
2024-04-21,0,0,0
2024-04-21,0,0,0
2024-04-21,0,0,0
2024-04-21,0,0,0
2024-04-21,1,0,1
2024-04-21,0,0,0
2024-04-21,0,0,0
2024-04-21,2,1,1
2024-04-21,10,5,5
2024-04-21,2,1,1
2024-04-21,13,6,7
2024-04-21,5,3,2
2024-04-21,0,0,0
2024-04-21,6,3,3
2024-04-21,5,3,2
2024-04-21,4,2,2
2024-04-21,0,0,0
2024-04-21,0,0,0
2024-04-21,2,1,1
2024-04-21,2,1,1
2024-04-21,0,0,0
2024-04-21,0,0,0
2024-04-21,0,0,0
2024-04-22,0,0,0
2024-04-22,0,0,0
2024-04-22,1,1,0
2024-04-22,0,0,0
2024-04-22,1,1,0
2024-04-22,0,0,0
2024-04-22,0,0,0
2024-04-22,0,0,0
2024-04-22,0,0,0
2024-04-22,0,0,0
2024-04-22,1,0,1
2024-04-22,0,0,0
2024-04-22,0,0,0
2024-04-22,3,1,2
2024-04-22,0,0,0
2024-04-22,2,1,1
2024-04-22,0,0,0
2024-04-22,0,0,0
2024-04-22,0,0,0
2024-04-22,0,0,0
2024-04-22,0,0,0
2024-04-22,0,0,0
2024-04-22,0,0,0
2024-04-22,0,0,0
2024-04-23,0,0,0
2024-04-23,0,0,0
2024-04-23,0,0,0
2024-04-23,0,0,0
2024-04-23,0,0,0
2024-04-23,0,0,0
2024-04-23,0,0,0
2024-04-23,0,0,0
2024-04-23,0,0,0
2024-04-23,0,0,0
2024-04-23,1,1,0
2024-04-23,0,0,0
2024-04-23,0,0,0
2024-04-23,0,0,0
2024-04-23,2,2,0
2024-04-23,0,0,0
2024-04-23,0,0,0
2024-04-23,2,1,1
2024-04-23,1,1,0
2024-04-23,0,0,0
2024-04-23,0,0,0
2024-04-23,0,0,0
2024-04-23,0,0,0
2024-04-23,0,0,0
2024-04-24,3,2,1
2024-04-24,0,0,0
2024-04-24,0,0,0
2024-04-24,0,0,0
2024-04-24,0,0,0
2024-04-24,0,0,0
2024-04-24,0,0,0
2024-04-24,0,0,0
2024-04-24,0,0,0
2024-04-24,2,2,0
2024-04-24,0,0,0
2024-04-24,0,0,0
2024-04-24,0,0,0
2024-04-24,3,2,1
2024-04-24,0,0,0
2024-04-24,0,0,0
2024-04-24,0,0,0
2024-04-24,0,0,0
2024-04-24,0,0,0
2024-04-24,0,0,0
2024-04-24,1,0,1
2024-04-24,0,0,0
2024-04-24,0,0,0
2024-04-24,0,0,0
2024-04-25,0,0,0
2024-04-25,0,0,0
2024-04-25,0,0,0
2024-04-25,0,0,0
2024-04-25,0,0,0
2024-04-25,0,0,0
2024-04-25,0,0,0
2024-04-25,0,0,0
2024-04-25,0,0,0
2024-04-25,0,0,0
2024-04-25,1,1,0
2024-04-25,0,0,0
2024-04-25,0,0,0
2024-04-25,0,0,0
2024-04-25,0,0,0
2024-04-25,0,0,0
2024-04-25,0,0,0
2024-04-25,0,0,0
2024-04-25,0,0,0
2024-04-25,0,0,0
2024-04-25,0,0,0
2024-04-25,0,0,0
2024-04-25,0,0,0
2024-04-25,0,0,0
2024-04-26,0,0,0
2024-04-26,0,0,0
2024-04-26,0,0,0
2024-04-26,0,0,0
2024-04-26,0,0,0
2024-04-26,0,0,0
2024-04-26,0,0,0
2024-04-26,0,0,0
2024-04-26,0,0,0
2024-04-26,0,0,0
2024-04-26,0,0,0
2024-04-26,0,0,0
2024-04-26,0,0,0
2024-04-26,0,0,0
2024-04-26,0,0,0
2024-04-26,0,0,0
2024-04-26,0,0,0
2024-04-26,2,1,1
2024-04-26,1,1,0
2024-04-26,0,0,0
2024-04-26,0,0,0
2024-04-26,0,0,0
2024-04-26,0,0,0
2024-04-26,0,0,0
2024-04-27,0,0,0
2024-04-27,0,0,0
2024-04-27,0,0,0
2024-04-27,0,0,0
2024-04-27,0,0,0
2024-04-27,0,0,0
2024-04-27,0,0,0
2024-04-27,0,0,0
2024-04-27,0,0,0
2024-04-27,0,0,0
2024-04-27,1,1,0
2024-04-27,0,0,0
2024-04-27,0,0,0
2024-04-27,0,0,0
2024-04-27,0,0,0
2024-04-27,0,0,0
2024-04-27,0,0,0
2024-04-27,2,1,1
2024-04-27,0,0,0
2024-04-27,0,0,0
2024-04-27,0,0,0
2024-04-27,0,0,0
2024-04-27,0,0,0
2024-04-27,0,0,0
2024-04-28,0,0,0
2024-04-28,0,0,0
2024-04-28,0,0,0
2024-04-28,0,0,0
2024-04-28,0,0,0
2024-04-28,0,0,0
2024-04-28,0,0,0
2024-04-28,0,0,0
2024-04-28,0,0,0
2024-04-28,0,0,0
2024-04-28,2,2,0
2024-04-28,1,1,0
2024-04-28,6,4,2
2024-04-28,1,0,1
2024-04-28,0,0,0
2024-04-28,0,0,0
2024-04-28,0,0,0
2024-04-28,0,0,0
2024-04-28,7,2,5
2024-04-28,0,0,0
2024-04-28,0,0,0
2024-04-28,0,0,0
2024-04-28,0,0,0
2024-04-28,0,0,0
2024-04-29,0,0,0
2024-04-29,0,0,0
2024-04-29,0,0,0
2024-04-29,0,0,0
2024-04-29,0,0,0
2024-04-29,0,0,0
2024-04-29,3,3,0
2024-04-29,14,14,0
2024-04-29,24,23,1
2024-04-29,9,7,2
2024-04-29,13,12,1
2024-04-29,8,4,4
2024-04-29,6,3,3
2024-04-29,15,9,6
2024-04-29,19,10,9
2024-04-29,24,9,15
2024-04-29,40,11,29
2024-04-29,52,15,37
2024-04-29,24,5,19
2024-04-29,8,3,5
2024-04-29,7,3,4
2024-04-29,1,0,1
2024-04-29,8,3,5
2024-04-29,2,0,2
2024-04-30,1,1,0
2024-04-30,1,0,1
2024-04-30,0,0,0
2024-04-30,3,3,0
2024-04-30,5,3,2
2024-04-30,11,8,3
2024-04-30,28,25,3
2024-04-30,73,71,2
2024-04-30,84,81,3
2024-04-30,38,36,2
2024-04-30,20,18,2
2024-04-30,22,17,5
2024-04-30,16,10,6
2024-04-30,25,8,17
2024-04-30,36,12,24
2024-04-30,40,11,29
2024-04-30,88,27,61
2024-04-30,118,34,84
2024-04-30,48,8,40
2024-04-30,26,9,17
2024-04-30,12,4,8
2024-04-30,11,0,11
2024-04-30,3,1,2
2024-04-30,2,0,2
