date,westlake_pbl_and_newton_st,north,south
2021-02-01,1,0,1
2021-02-01,1,1,0
2021-02-01,1,1,0
2021-02-01,1,0,1
2021-02-01,1,1,0
2021-02-01,9,3,6
2021-02-01,19,8,11
2021-02-01,37,7,30
2021-02-01,41,5,36
2021-02-01,22,2,20
2021-02-01,15,5,10
2021-02-01,12,6,6
2021-02-01,23,13,10
2021-02-01,14,4,10
2021-02-01,20,13,7
2021-02-01,23,16,7
2021-02-01,40,30,10
2021-02-01,41,34,7
2021-02-01,21,16,5
2021-02-01,15,11,4
2021-02-01,5,4,1
2021-02-01,3,1,2
2021-02-01,1,0,1
2021-02-01,2,1,1
2021-02-02,3,2,1
2021-02-02,0,0,0
2021-02-02,0,0,0
2021-02-02,1,0,1
2021-02-02,1,0,1
2021-02-02,13,4,9
2021-02-02,14,6,8
2021-02-02,37,8,29
2021-02-02,38,2,36
2021-02-02,34,5,29
2021-02-02,12,4,8
2021-02-02,14,8,6
2021-02-02,14,7,7
2021-02-02,21,11,10
2021-02-02,30,18,12
2021-02-02,38,26,12
2021-02-02,60,42,18
2021-02-02,60,46,14
2021-02-02,38,34,4
2021-02-02,9,7,2
2021-02-02,7,6,1
2021-02-02,6,2,4
2021-02-02,1,1,0
2021-02-02,3,2,1
2021-02-03,2,1,1
2021-02-03,0,0,0
2021-02-03,0,0,0
2021-02-03,1,0,1
2021-02-03,2,1,1
2021-02-03,10,4,6
2021-02-03,28,7,21
2021-02-03,60,13,47
2021-02-03,52,10,42
2021-02-03,67,12,55
2021-02-03,38,15,23
2021-02-03,35,14,21
2021-02-03,39,18,21
2021-02-03,48,35,13
2021-02-03,69,38,31
2021-02-03,115,66,49
2021-02-03,144,93,51
2021-02-03,125,81,44
2021-02-03,40,28,12
2021-02-03,35,21,14
2021-02-03,23,16,7
2021-02-03,12,8,4
2021-02-03,10,5,5
2021-02-03,3,2,1
2021-02-04,2,2,0
2021-02-04,0,0,0
2021-02-04,1,0,1
2021-02-04,2,0,2
2021-02-04,3,1,2
2021-02-04,11,4,7
2021-02-04,18,7,11
2021-02-04,45,8,37
2021-02-04,43,5,38
2021-02-04,25,1,24
2021-02-04,23,9,14
2021-02-04,16,8,8
2021-02-04,14,7,7
2021-02-04,27,12,15
2021-02-04,26,17,9
2021-02-04,36,26,10
2021-02-04,49,35,14
2021-02-04,65,50,15
2021-02-04,48,34,14
2021-02-04,16,12,4
2021-02-04,7,5,2
2021-02-04,6,2,4
2021-02-04,4,1,3
2021-02-04,2,1,1
2021-02-05,0,0,0
2021-02-05,0,0,0
2021-02-05,0,0,0
2021-02-05,1,0,1
2021-02-05,6,2,4
2021-02-05,8,2,6
2021-02-05,22,9,13
2021-02-05,52,12,40
2021-02-05,52,11,41
2021-02-05,46,10,36
2021-02-05,39,12,27
2021-02-05,28,17,11
2021-02-05,20,10,10
2021-02-05,28,17,11
2021-02-05,49,27,22
2021-02-05,55,40,15
2021-02-05,107,76,31
2021-02-05,97,61,36
2021-02-05,43,31,12
2021-02-05,24,15,9
2021-02-05,9,5,4
2021-02-05,9,6,3
2021-02-05,11,9,2
2021-02-05,7,4,3
2021-02-06,6,6,0
2021-02-06,1,1,0
2021-02-06,1,1,0
2021-02-06,0,0,0
2021-02-06,0,0,0
2021-02-06,4,2,2
2021-02-06,4,1,3
2021-02-06,7,3,4
2021-02-06,14,7,7
2021-02-06,20,7,13
2021-02-06,45,28,17
2021-02-06,60,35,25
2021-02-06,69,32,37
2021-02-06,66,32,34
2021-02-06,56,30,26
2021-02-06,42,18,24
2021-02-06,56,27,29
2021-02-06,64,33,31
2021-02-06,25,11,14
2021-02-06,10,7,3
2021-02-06,5,4,1
2021-02-06,7,3,4
2021-02-06,8,4,4
2021-02-06,1,1,0
2021-02-07,7,3,4
2021-02-07,1,1,0
2021-02-07,0,0,0
2021-02-07,0,0,0
2021-02-07,1,1,0
2021-02-07,3,0,3
2021-02-07,7,4,3
2021-02-07,13,5,8
2021-02-07,18,8,10
2021-02-07,51,26,25
2021-02-07,50,20,30
2021-02-07,111,65,46
2021-02-07,119,54,65
2021-02-07,122,46,76
2021-02-07,127,69,58
2021-02-07,58,26,32
2021-02-07,42,17,25
2021-02-07,23,12,11
2021-02-07,16,7,9
2021-02-07,8,5,3
2021-02-07,6,6,0
2021-02-07,7,4,3
2021-02-07,2,0,2
2021-02-07,4,3,1
2021-02-08,3,2,1
2021-02-08,3,1,2
2021-02-08,0,0,0
2021-02-08,1,0,1
2021-02-08,2,2,0
2021-02-08,14,2,12
2021-02-08,23,11,12
2021-02-08,54,9,45
2021-02-08,49,11,38
2021-02-08,39,4,35
2021-02-08,25,7,18
2021-02-08,30,14,16
2021-02-08,28,17,11
2021-02-08,36,18,18
2021-02-08,45,29,16
2021-02-08,76,52,24
2021-02-08,85,59,26
2021-02-08,99,70,29
2021-02-08,44,28,16
2021-02-08,20,16,4
2021-02-08,8,5,3
2021-02-08,11,7,4
2021-02-08,6,3,3
2021-02-08,2,1,1
2021-02-09,3,3,0
2021-02-09,1,1,0
2021-02-09,0,0,0
2021-02-09,1,0,1
2021-02-09,2,1,1
2021-02-09,11,4,7
2021-02-09,25,9,16
2021-02-09,51,13,38
2021-02-09,52,8,44
2021-02-09,49,11,38
2021-02-09,28,14,14
2021-02-09,33,12,21
2021-02-09,36,17,19
2021-02-09,41,24,17
2021-02-09,56,25,31
2021-02-09,70,45,25
2021-02-09,109,70,39
2021-02-09,104,78,26
2021-02-09,58,32,26
2021-02-09,21,13,8
2021-02-09,12,11,1
2021-02-09,9,4,5
2021-02-09,6,3,3
2021-02-09,6,5,1
2021-02-10,3,2,1
2021-02-10,0,0,0
2021-02-10,0,0,0
2021-02-10,1,0,1
2021-02-10,1,1,0
2021-02-10,7,3,4
2021-02-10,25,8,17
2021-02-10,41,8,33
2021-02-10,47,7,40
2021-02-10,32,8,24
2021-02-10,36,9,27
2021-02-10,23,11,12
2021-02-10,38,18,20
2021-02-10,39,23,16
2021-02-10,54,26,28
2021-02-10,72,58,14
2021-02-10,92,64,28
2021-02-10,84,59,25
2021-02-10,45,29,16
2021-02-10,17,15,2
2021-02-10,8,3,5
2021-02-10,11,5,6
2021-02-10,5,0,5
2021-02-10,2,1,1
2021-02-11,2,1,1
2021-02-11,0,0,0
2021-02-11,0,0,0
2021-02-11,1,0,1
2021-02-11,1,0,1
2021-02-11,5,3,2
2021-02-11,13,6,7
2021-02-11,32,6,26
2021-02-11,50,8,42
2021-02-11,31,8,23
2021-02-11,19,5,14
2021-02-11,24,6,18
2021-02-11,14,6,8
2021-02-11,13,7,6
2021-02-11,23,16,7
2021-02-11,35,27,8
2021-02-11,41,32,9
2021-02-11,52,41,11
2021-02-11,21,13,8
2021-02-11,7,6,1
2021-02-11,6,4,2
2021-02-11,3,2,1
2021-02-11,3,1,2
2021-02-11,1,0,1
2021-02-12,0,0,0
2021-02-12,0,0,0
2021-02-12,0,0,0
2021-02-12,2,1,1
2021-02-12,4,1,3
2021-02-12,4,3,1
2021-02-12,5,1,4
2021-02-12,14,4,10
2021-02-12,17,5,12
2021-02-12,12,4,8
2021-02-12,15,3,12
2021-02-12,14,2,12
2021-02-12,8,4,4
2021-02-12,12,5,7
2021-02-12,23,16,7
2021-02-12,19,10,9
2021-02-12,27,22,5
2021-02-12,28,17,11
2021-02-12,16,11,5
2021-02-12,10,9,1
2021-02-12,5,4,1
2021-02-12,9,6,3
2021-02-12,2,1,1
2021-02-12,5,2,3
2021-02-13,2,2,0
2021-02-13,0,0,0
2021-02-13,0,0,0
2021-02-13,1,0,1
2021-02-13,0,0,0
2021-02-13,0,0,0
2021-02-13,0,0,0
2021-02-13,0,0,0
2021-02-13,0,0,0
2021-02-13,0,0,0
2021-02-13,0,0,0
2021-02-13,0,0,0
2021-02-13,0,0,0
2021-02-13,0,0,0
2021-02-13,0,0,0
2021-02-13,0,0,0
2021-02-13,0,0,0
2021-02-13,0,0,0
2021-02-13,0,0,0
2021-02-13,0,0,0
2021-02-13,0,0,0
2021-02-13,0,0,0
2021-02-13,0,0,0
2021-02-13,0,0,0
2021-02-14,0,0,0
2021-02-14,0,0,0
2021-02-14,0,0,0
2021-02-14,0,0,0
2021-02-14,0,0,0
2021-02-14,0,0,0
2021-02-14,0,0,0
2021-02-14,0,0,0
2021-02-14,0,0,0
2021-02-14,0,0,0
2021-02-14,0,0,0
2021-02-14,0,0,0
2021-02-14,0,0,0
2021-02-14,0,0,0
2021-02-14,1,0,1
2021-02-14,0,0,0
2021-02-14,0,0,0
2021-02-14,0,0,0
2021-02-14,0,0,0
2021-02-14,0,0,0
2021-02-14,0,0,0
2021-02-14,0,0,0
2021-02-14,0,0,0
2021-02-14,0,0,0
2021-02-15,0,0,0
2021-02-15,0,0,0
2021-02-15,0,0,0
2021-02-15,0,0,0
2021-02-15,0,0,0
2021-02-15,0,0,0
2021-02-15,0,0,0
2021-02-15,0,0,0
2021-02-15,0,0,0
2021-02-15,0,0,0
2021-02-15,0,0,0
2021-02-15,0,0,0
2021-02-15,0,0,0
2021-02-15,0,0,0
2021-02-15,0,0,0
2021-02-15,0,0,0
2021-02-15,0,0,0
2021-02-15,0,0,0
2021-02-15,0,0,0
2021-02-15,0,0,0
2021-02-15,0,0,0
2021-02-15,0,0,0
2021-02-15,0,0,0
2021-02-15,0,0,0
2021-02-16,0,0,0
2021-02-16,0,0,0
2021-02-16,0,0,0
2021-02-16,0,0,0
2021-02-16,0,0,0
2021-02-16,0,0,0
2021-02-16,0,0,0
2021-02-16,0,0,0
2021-02-16,0,0,0
2021-02-16,0,0,0
2021-02-16,0,0,0
2021-02-16,0,0,0
2021-02-16,0,0,0
2021-02-16,0,0,0
2021-02-16,0,0,0
2021-02-16,0,0,0
2021-02-16,0,0,0
2021-02-16,0,0,0
2021-02-16,0,0,0
2021-02-16,0,0,0
2021-02-16,0,0,0
2021-02-16,0,0,0
2021-02-16,0,0,0
2021-02-16,0,0,0
2021-02-17,0,0,0
2021-02-17,0,0,0
2021-02-17,0,0,0
2021-02-17,0,0,0
2021-02-17,0,0,0
2021-02-17,0,0,0
2021-02-17,0,0,0
2021-02-17,0,0,0
2021-02-17,0,0,0
2021-02-17,0,0,0
2021-02-17,0,0,0
2021-02-17,0,0,0
2021-02-17,0,0,0
2021-02-17,0,0,0
2021-02-17,0,0,0
2021-02-17,0,0,0
2021-02-17,0,0,0
2021-02-17,0,0,0
2021-02-17,0,0,0
2021-02-17,0,0,0
2021-02-17,0,0,0
2021-02-17,0,0,0
2021-02-17,0,0,0
2021-02-17,0,0,0
2021-02-18,0,0,0
2021-02-18,0,0,0
2021-02-18,0,0,0
2021-02-18,0,0,0
2021-02-18,0,0,0
2021-02-18,0,0,0
2021-02-18,0,0,0
2021-02-18,0,0,0
2021-02-18,0,0,0
2021-02-18,0,0,0
2021-02-18,0,0,0
2021-02-18,0,0,0
2021-02-18,0,0,0
2021-02-18,0,0,0
2021-02-18,0,0,0
2021-02-18,0,0,0
2021-02-18,0,0,0
2021-02-18,0,0,0
2021-02-18,0,0,0
2021-02-18,0,0,0
2021-02-18,0,0,0
2021-02-18,0,0,0
2021-02-18,0,0,0
2021-02-18,0,0,0
2021-02-19,0,0,0
2021-02-19,0,0,0
2021-02-19,0,0,0
2021-02-19,0,0,0
2021-02-19,0,0,0
2021-02-19,0,0,0
2021-02-19,0,0,0
2021-02-19,0,0,0
2021-02-19,0,0,0
2021-02-19,0,0,0
2021-02-19,0,0,0
2021-02-19,0,0,0
2021-02-19,0,0,0
2021-02-19,0,0,0
2021-02-19,0,0,0
2021-02-19,0,0,0
2021-02-19,0,0,0
2021-02-19,1,1,0
2021-02-19,0,0,0
2021-02-19,0,0,0
2021-02-19,0,0,0
2021-02-19,0,0,0
2021-02-19,0,0,0
2021-02-19,0,0,0
2021-02-20,0,0,0
2021-02-20,0,0,0
2021-02-20,0,0,0
2021-02-20,0,0,0
2021-02-20,0,0,0
2021-02-20,0,0,0
2021-02-20,0,0,0
2021-02-20,0,0,0
2021-02-20,0,0,0
2021-02-20,0,0,0
2021-02-20,0,0,0
2021-02-20,0,0,0
2021-02-20,0,0,0
2021-02-20,0,0,0
2021-02-20,0,0,0
2021-02-20,0,0,0
2021-02-20,0,0,0
2021-02-20,0,0,0
2021-02-20,0,0,0
2021-02-20,0,0,0
2021-02-20,0,0,0
2021-02-20,0,0,0
2021-02-20,0,0,0
2021-02-20,0,0,0
2021-02-21,0,0,0
2021-02-21,0,0,0
2021-02-21,0,0,0
2021-02-21,0,0,0
2021-02-21,0,0,0
2021-02-21,0,0,0
2021-02-21,0,0,0
2021-02-21,0,0,0
2021-02-21,0,0,0
2021-02-21,0,0,0
2021-02-21,0,0,0
2021-02-21,0,0,0
2021-02-21,0,0,0
2021-02-21,0,0,0
2021-02-21,0,0,0
2021-02-21,0,0,0
2021-02-21,0,0,0
2021-02-21,0,0,0
2021-02-21,0,0,0
2021-02-21,0,0,0
2021-02-21,0,0,0
2021-02-21,0,0,0
2021-02-21,0,0,0
2021-02-21,0,0,0
2021-02-22,0,0,0
2021-02-22,0,0,0
2021-02-22,0,0,0
2021-02-22,0,0,0
2021-02-22,0,0,0
2021-02-22,0,0,0
2021-02-22,0,0,0
2021-02-22,0,0,0
2021-02-22,0,0,0
2021-02-22,0,0,0
2021-02-22,0,0,0
2021-02-22,0,0,0
2021-02-22,0,0,0
2021-02-22,0,0,0
2021-02-22,0,0,0
2021-02-22,0,0,0
2021-02-22,0,0,0
2021-02-22,0,0,0
2021-02-22,0,0,0
2021-02-22,0,0,0
2021-02-22,0,0,0
2021-02-22,0,0,0
2021-02-22,0,0,0
2021-02-22,0,0,0
2021-02-23,0,0,0
2021-02-23,0,0,0
2021-02-23,0,0,0
2021-02-23,0,0,0
2021-02-23,0,0,0
2021-02-23,0,0,0
2021-02-23,0,0,0
2021-02-23,0,0,0
2021-02-23,0,0,0
2021-02-23,0,0,0
2021-02-23,0,0,0
2021-02-23,0,0,0
2021-02-23,1,1,0
2021-02-23,1,0,1
2021-02-23,0,0,0
2021-02-23,0,0,0
2021-02-23,0,0,0
2021-02-23,0,0,0
2021-02-23,0,0,0
2021-02-23,0,0,0
2021-02-23,0,0,0
2021-02-23,0,0,0
2021-02-23,0,0,0
2021-02-23,0,0,0
2021-02-24,0,0,0
2021-02-24,0,0,0
2021-02-24,0,0,0
2021-02-24,0,0,0
2021-02-24,0,0,0
2021-02-24,0,0,0
2021-02-24,0,0,0
2021-02-24,0,0,0
2021-02-24,0,0,0
2021-02-24,0,0,0
2021-02-24,0,0,0
2021-02-24,0,0,0
2021-02-24,0,0,0
2021-02-24,0,0,0
2021-02-24,0,0,0
2021-02-24,0,0,0
2021-02-24,0,0,0
2021-02-24,0,0,0
2021-02-24,0,0,0
2021-02-24,0,0,0
2021-02-24,0,0,0
2021-02-24,0,0,0
2021-02-24,0,0,0
2021-02-24,0,0,0
2021-02-25,0,0,0
2021-02-25,0,0,0
2021-02-25,0,0,0
2021-02-25,0,0,0
2021-02-25,0,0,0
2021-02-25,0,0,0
2021-02-25,0,0,0
2021-02-25,0,0,0
2021-02-25,0,0,0
2021-02-25,0,0,0
2021-02-25,0,0,0
2021-02-25,0,0,0
2021-02-25,0,0,0
2021-02-25,0,0,0
2021-02-25,0,0,0
2021-02-25,0,0,0
2021-02-25,0,0,0
2021-02-25,0,0,0
2021-02-25,0,0,0
2021-02-25,0,0,0
2021-02-25,0,0,0
2021-02-25,0,0,0
2021-02-25,0,0,0
2021-02-25,0,0,0
2021-02-26,0,0,0
2021-02-26,0,0,0
2021-02-26,0,0,0
2021-02-26,0,0,0
2021-02-26,0,0,0
2021-02-26,0,0,0
2021-02-26,0,0,0
2021-02-26,0,0,0
2021-02-26,0,0,0
2021-02-26,0,0,0
2021-02-26,0,0,0
2021-02-26,0,0,0
2021-02-26,0,0,0
2021-02-26,0,0,0
2021-02-26,0,0,0
2021-02-26,0,0,0
2021-02-26,0,0,0
2021-02-26,0,0,0
2021-02-26,0,0,0
2021-02-26,0,0,0
2021-02-26,0,0,0
2021-02-26,0,0,0
2021-02-26,0,0,0
2021-02-26,0,0,0
2021-02-27,0,0,0
2021-02-27,0,0,0
2021-02-27,0,0,0
2021-02-27,0,0,0
2021-02-27,0,0,0
2021-02-27,0,0,0
2021-02-27,0,0,0
2021-02-27,0,0,0
2021-02-27,0,0,0
2021-02-27,0,0,0
2021-02-27,0,0,0
2021-02-27,0,0,0
2021-02-27,0,0,0
2021-02-27,0,0,0
2021-02-27,1,0,1
2021-02-27,1,0,1
2021-02-27,2,2,0
2021-02-27,0,0,0
2021-02-27,0,0,0
2021-02-27,0,0,0
2021-02-27,0,0,0
2021-02-27,0,0,0
2021-02-27,0,0,0
2021-02-27,0,0,0
2021-02-28,0,0,0
2021-02-28,0,0,0
2021-02-28,0,0,0
2021-02-28,0,0,0
2021-02-28,0,0,0
2021-02-28,0,0,0
2021-02-28,0,0,0
2021-02-28,0,0,0
2021-02-28,0,0,0
2021-02-28,0,0,0
2021-02-28,0,0,0
2021-02-28,0,0,0
2021-02-28,2,0,2
2021-02-28,0,0,0
2021-02-28,2,0,2
2021-02-28,1,0,1
2021-02-28,0,0,0
2021-02-28,0,0,0
2021-02-28,0,0,0
2021-02-28,0,0,0
2021-02-28,0,0,0
2021-02-28,0,0,0
2021-02-28,0,0,0
2021-02-28,0,0,0
2021-03-01,0,0,0
2021-03-01,0,0,0
2021-03-01,0,0,0
2021-03-01,0,0,0
2021-03-01,0,0,0
2021-03-01,0,0,0
2021-03-01,0,0,0
2021-03-01,0,0,0
2021-03-01,1,0,1
2021-03-01,0,0,0
2021-03-01,0,0,0
2021-03-01,0,0,0
2021-03-01,0,0,0
2021-03-01,0,0,0
2021-03-01,0,0,0
2021-03-01,0,0,0
2021-03-01,0,0,0
2021-03-01,0,0,0
2021-03-01,0,0,0
2021-03-01,1,0,1
2021-03-01,0,0,0
2021-03-01,0,0,0
2021-03-01,0,0,0
2021-03-01,0,0,0
2021-03-02,0,0,0
2021-03-02,0,0,0
2021-03-02,0,0,0
2021-03-02,0,0,0
2021-03-02,0,0,0
2021-03-02,0,0,0
2021-03-02,0,0,0
2021-03-02,1,0,1
2021-03-02,0,0,0
2021-03-02,0,0,0
2021-03-02,0,0,0
2021-03-02,0,0,0
2021-03-02,0,0,0
2021-03-02,0,0,0
2021-03-02,1,0,1
2021-03-02,0,0,0
2021-03-02,0,0,0
2021-03-02,0,0,0
2021-03-02,0,0,0
2021-03-02,0,0,0
2021-03-02,0,0,0
2021-03-02,0,0,0
2021-03-02,0,0,0
2021-03-02,0,0,0
2021-03-03,0,0,0
2021-03-03,0,0,0
2021-03-03,0,0,0
2021-03-03,0,0,0
2021-03-03,0,0,0
2021-03-03,0,0,0
2021-03-03,0,0,0
2021-03-03,0,0,0
2021-03-03,0,0,0
2021-03-03,0,0,0
2021-03-03,0,0,0
2021-03-03,1,1,0
2021-03-03,0,0,0
2021-03-03,0,0,0
2021-03-03,0,0,0
2021-03-03,0,0,0
2021-03-03,1,0,1
2021-03-03,0,0,0
2021-03-03,0,0,0
2021-03-03,0,0,0
2021-03-03,0,0,0
2021-03-03,0,0,0
2021-03-03,0,0,0
2021-03-03,0,0,0
2021-03-04,0,0,0
2021-03-04,0,0,0
2021-03-04,0,0,0
2021-03-04,0,0,0
2021-03-04,0,0,0
2021-03-04,0,0,0
2021-03-04,0,0,0
2021-03-04,1,1,0
2021-03-04,0,0,0
2021-03-04,1,0,1
2021-03-04,0,0,0
2021-03-04,0,0,0
2021-03-04,0,0,0
2021-03-04,13,5,8
2021-03-04,21,14,7
2021-03-04,35,25,10
2021-03-04,46,33,13
2021-03-04,77,67,10
2021-03-04,29,24,5
2021-03-04,19,12,7
2021-03-04,17,12,5
2021-03-04,5,5,0
2021-03-04,5,2,3
2021-03-04,3,2,1
2021-03-05,3,3,0
2021-03-05,0,0,0
2021-03-05,0,0,0
2021-03-05,0,0,0
2021-03-05,1,0,1
2021-03-05,12,4,8
2021-03-05,21,6,15
2021-03-05,44,12,32
2021-03-05,42,6,36
2021-03-05,31,5,26
2021-03-05,22,8,14
2021-03-05,17,6,11
2021-03-05,10,5,5
2021-03-05,18,12,6
2021-03-05,25,16,9
2021-03-05,38,25,13
2021-03-05,51,42,9
2021-03-05,68,42,26
2021-03-05,40,24,16
2021-03-05,15,10,5
2021-03-05,11,8,3
2021-03-05,10,7,3
2021-03-05,6,4,2
2021-03-05,4,3,1
2021-03-06,1,1,0
2021-03-06,1,0,1
2021-03-06,2,1,1
2021-03-06,1,1,0
2021-03-06,3,3,0
2021-03-06,1,0,1
2021-03-06,3,1,2
2021-03-06,15,8,7
2021-03-06,33,17,16
2021-03-06,44,19,25
2021-03-06,75,39,36
2021-03-06,90,52,38
2021-03-06,135,61,74
2021-03-06,151,75,76
2021-03-06,150,82,68
2021-03-06,101,49,52
2021-03-06,69,40,29
2021-03-06,44,22,22
2021-03-06,34,17,17
2021-03-06,19,7,12
2021-03-06,13,7,6
2021-03-06,10,7,3
2021-03-06,9,4,5
2021-03-06,7,2,5
2021-03-07,5,3,2
2021-03-07,3,0,3
2021-03-07,0,0,0
2021-03-07,0,0,0
2021-03-07,0,0,0
2021-03-07,3,0,3
2021-03-07,6,1,5
2021-03-07,5,4,1
2021-03-07,19,12,7
2021-03-07,19,15,4
2021-03-07,36,17,19
2021-03-07,54,33,21
2021-03-07,29,11,18
2021-03-07,46,15,31
2021-03-07,82,50,32
2021-03-07,59,28,31
2021-03-07,39,15,24
2021-03-07,27,14,13
2021-03-07,9,4,5
2021-03-07,14,8,6
2021-03-07,9,2,7
2021-03-07,4,3,1
2021-03-07,2,1,1
2021-03-07,0,0,0
2021-03-08,0,0,0
2021-03-08,1,1,0
2021-03-08,0,0,0
2021-03-08,0,0,0
2021-03-08,3,3,0
2021-03-08,7,3,4
2021-03-08,22,6,16
2021-03-08,50,6,44
2021-03-08,59,12,47
2021-03-08,66,14,52
2021-03-08,37,13,24
2021-03-08,42,21,21
2021-03-08,46,19,27
2021-03-08,48,28,20
2021-03-08,61,34,27
2021-03-08,76,44,32
2021-03-08,123,84,39
2021-03-08,147,94,53
2021-03-08,67,38,29
2021-03-08,38,26,12
2021-03-08,16,10,6
2021-03-08,9,5,4
2021-03-08,3,3,0
2021-03-08,5,3,2
2021-03-09,2,2,0
2021-03-09,2,2,0
2021-03-09,0,0,0
2021-03-09,1,0,1
2021-03-09,2,0,2
2021-03-09,10,5,5
2021-03-09,34,9,25
2021-03-09,69,12,57
2021-03-09,80,18,62
2021-03-09,40,10,30
2021-03-09,25,6,19
2021-03-09,34,16,18
2021-03-09,33,15,18
2021-03-09,49,28,21
2021-03-09,63,42,21
2021-03-09,71,48,23
2021-03-09,114,72,42
2021-03-09,128,100,28
2021-03-09,81,45,36
2021-03-09,42,20,22
2021-03-09,18,9,9
2021-03-09,11,10,1
2021-03-09,5,0,5
2021-03-09,5,3,2
2021-03-10,3,2,1
2021-03-10,0,0,0
2021-03-10,1,0,1
2021-03-10,0,0,0
2021-03-10,2,1,1
2021-03-10,9,4,5
2021-03-10,32,10,22
2021-03-10,76,16,60
2021-03-10,76,14,62
2021-03-10,70,22,48
2021-03-10,59,22,37
2021-03-10,45,16,29
2021-03-10,66,31,35
2021-03-10,66,30,36
2021-03-10,84,46,38
2021-03-10,113,72,41
2021-03-10,174,121,53
2021-03-10,202,144,58
2021-03-10,105,65,40
2021-03-10,30,18,12
2021-03-10,27,14,13
2021-03-10,13,8,5
2021-03-10,12,8,4
2021-03-10,2,1,1
2021-03-11,1,1,0
2021-03-11,0,0,0
2021-03-11,0,0,0
2021-03-11,0,0,0
2021-03-11,5,3,2
2021-03-11,11,3,8
2021-03-11,36,11,25
2021-03-11,55,10,45
2021-03-11,99,28,71
2021-03-11,62,15,47
2021-03-11,46,14,32
2021-03-11,53,21,32
2021-03-11,65,31,34
2021-03-11,77,42,35
2021-03-11,73,47,26
2021-03-11,104,70,34
2021-03-11,164,103,61
2021-03-11,197,128,69
2021-03-11,97,61,36
2021-03-11,29,19,10
2021-03-11,38,18,20
2021-03-11,20,12,8
2021-03-11,8,1,7
2021-03-11,4,1,3
2021-03-12,2,2,0
2021-03-12,1,1,0
2021-03-12,0,0,0
2021-03-12,0,0,0
2021-03-12,3,1,2
2021-03-12,10,5,5
2021-03-12,28,11,17
2021-03-12,64,21,43
2021-03-12,80,20,60
2021-03-12,59,23,36
2021-03-12,50,24,26
2021-03-12,56,19,37
2021-03-12,45,18,27
2021-03-12,58,37,21
2021-03-12,99,52,47
2021-03-12,120,83,37
2021-03-12,156,106,50
2021-03-12,171,106,65
2021-03-12,100,58,42
2021-03-12,44,23,21
2021-03-12,37,19,18
2021-03-12,27,11,16
2021-03-12,7,4,3
2021-03-12,8,5,3
2021-03-13,5,3,2
2021-03-13,3,2,1
2021-03-13,1,1,0
2021-03-13,0,0,0
2021-03-13,0,0,0
2021-03-13,3,1,2
2021-03-13,5,2,3
2021-03-13,26,15,11
2021-03-13,38,22,16
2021-03-13,62,37,25
2021-03-13,110,55,55
2021-03-13,148,77,71
2021-03-13,168,89,79
2021-03-13,188,107,81
2021-03-13,258,157,101
2021-03-13,210,90,120
2021-03-13,207,111,96
2021-03-13,119,47,72
2021-03-13,100,34,66
2021-03-13,29,10,19
2021-03-13,24,8,16
2021-03-13,12,5,7
2021-03-13,10,4,6
2021-03-13,13,6,7
2021-03-14,1,1,0
2021-03-14,1,0,1
2021-03-14,,,
2021-03-14,3,3,0
2021-03-14,0,0,0
2021-03-14,2,0,2
2021-03-14,6,2,4
2021-03-14,6,4,2
2021-03-14,17,5,12
2021-03-14,30,10,20
2021-03-14,22,11,11
2021-03-14,12,3,9
2021-03-14,11,6,5
2021-03-14,13,10,3
2021-03-14,15,9,6
2021-03-14,13,8,5
2021-03-14,15,5,10
2021-03-14,4,3,1
2021-03-14,8,4,4
2021-03-14,9,9,0
2021-03-14,8,3,5
2021-03-14,2,2,0
2021-03-14,9,5,4
2021-03-14,0,0,0
2021-03-15,1,1,0
2021-03-15,0,0,0
2021-03-15,0,0,0
2021-03-15,0,0,0
2021-03-15,4,1,3
2021-03-15,7,3,4
2021-03-15,35,10,25
2021-03-15,44,6,38
2021-03-15,61,6,55
2021-03-15,52,15,37
2021-03-15,29,11,18
2021-03-15,32,12,20
2021-03-15,29,11,18
2021-03-15,37,18,19
2021-03-15,47,32,15
2021-03-15,69,52,17
2021-03-15,115,76,39
2021-03-15,154,115,39
2021-03-15,78,50,28
2021-03-15,50,26,24
2021-03-15,26,12,14
2021-03-15,18,9,9
2021-03-15,11,4,7
2021-03-15,4,3,1
2021-03-16,1,1,0
2021-03-16,1,1,0
2021-03-16,0,0,0
2021-03-16,0,0,0
2021-03-16,4,1,3
2021-03-16,11,4,7
2021-03-16,31,8,23
2021-03-16,68,16,52
2021-03-16,64,5,59
2021-03-16,63,15,48
2021-03-16,43,19,24
2021-03-16,38,18,20
2021-03-16,58,35,23
2021-03-16,47,21,26
2021-03-16,63,44,19
2021-03-16,102,62,40
2021-03-16,157,106,51
2021-03-16,169,117,52
2021-03-16,141,79,62
2021-03-16,61,31,30
2021-03-16,39,25,14
2021-03-16,16,5,11
2021-03-16,10,4,6
2021-03-16,5,4,1
2021-03-17,0,0,0
2021-03-17,2,0,2
2021-03-17,0,0,0
2021-03-17,0,0,0
2021-03-17,4,2,2
2021-03-17,8,3,5
2021-03-17,20,6,14
2021-03-17,75,17,58
2021-03-17,73,18,55
2021-03-17,53,12,41
2021-03-17,38,13,25
2021-03-17,35,16,19
2021-03-17,40,25,15
2021-03-17,50,22,28
2021-03-17,69,38,31
2021-03-17,89,55,34
2021-03-17,143,88,55
2021-03-17,221,158,63
2021-03-17,137,81,56
2021-03-17,61,27,34
2021-03-17,21,12,9
2021-03-17,18,10,8
2021-03-17,19,12,7
2021-03-17,12,6,6
2021-03-18,1,1,0
2021-03-18,0,0,0
2021-03-18,1,1,0
2021-03-18,1,0,1
2021-03-18,4,2,2
2021-03-18,10,4,6
2021-03-18,25,5,20
2021-03-18,46,12,34
2021-03-18,60,10,50
2021-03-18,48,9,39
2021-03-18,36,11,25
2021-03-18,14,8,6
2021-03-18,12,6,6
2021-03-18,19,7,12
2021-03-18,25,16,9
2021-03-18,43,25,18
2021-03-18,41,30,11
2021-03-18,80,71,9
2021-03-18,31,26,5
2021-03-18,25,15,10
2021-03-18,14,9,5
2021-03-18,4,4,0
2021-03-18,6,1,5
2021-03-18,3,1,2
2021-03-19,1,1,0
2021-03-19,1,1,0
2021-03-19,0,0,0
2021-03-19,0,0,0
2021-03-19,0,0,0
2021-03-19,11,6,5
2021-03-19,20,2,18
2021-03-19,43,12,31
2021-03-19,44,7,37
2021-03-19,40,9,31
2021-03-19,26,13,13
2021-03-19,30,13,17
2021-03-19,54,25,29
2021-03-19,64,39,25
2021-03-19,59,36,23
2021-03-19,79,54,25
2021-03-19,64,42,22
2021-03-19,70,57,13
2021-03-19,44,31,13
2021-03-19,24,13,11
2021-03-19,19,14,5
2021-03-19,3,3,0
2021-03-19,8,5,3
2021-03-19,11,7,4
2021-03-20,4,2,2
2021-03-20,0,0,0
2021-03-20,0,0,0
2021-03-20,0,0,0
2021-03-20,0,0,0
2021-03-20,1,0,1
2021-03-20,3,1,2
2021-03-20,10,3,7
2021-03-20,13,5,8
2021-03-20,23,13,10
2021-03-20,30,12,18
2021-03-20,45,21,24
2021-03-20,52,31,21
2021-03-20,69,33,36
2021-03-20,71,42,29
2021-03-20,86,51,35
2021-03-20,79,38,41
2021-03-20,53,24,29
2021-03-20,24,11,13
2021-03-20,15,12,3
2021-03-20,12,7,5
2021-03-20,2,2,0
2021-03-20,5,4,1
2021-03-20,4,2,2
2021-03-21,1,1,0
2021-03-21,1,1,0
2021-03-21,1,0,1
2021-03-21,0,0,0
2021-03-21,0,0,0
2021-03-21,3,0,3
2021-03-21,6,1,5
2021-03-21,8,3,5
2021-03-21,21,11,10
2021-03-21,39,14,25
2021-03-21,44,28,16
2021-03-21,22,10,12
2021-03-21,28,19,9
2021-03-21,31,19,12
2021-03-21,47,15,32
2021-03-21,30,17,13
2021-03-21,23,9,14
2021-03-21,24,10,14
2021-03-21,13,8,5
2021-03-21,15,9,6
2021-03-21,8,1,7
2021-03-21,3,3,0
2021-03-21,7,5,2
2021-03-21,2,2,0
2021-03-22,0,0,0
2021-03-22,2,2,0
2021-03-22,1,1,0
2021-03-22,0,0,0
2021-03-22,4,3,1
2021-03-22,6,2,4
2021-03-22,22,7,15
2021-03-22,49,7,42
2021-03-22,45,4,41
2021-03-22,37,3,34
2021-03-22,25,12,13
2021-03-22,37,16,21
2021-03-22,27,17,10
2021-03-22,37,16,21
2021-03-22,21,9,12
2021-03-22,39,21,18
2021-03-22,78,62,16
2021-03-22,153,115,38
2021-03-22,114,65,49
2021-03-22,78,31,47
2021-03-22,31,15,16
2021-03-22,9,7,2
2021-03-22,5,5,0
2021-03-22,3,2,1
2021-03-23,3,2,1
2021-03-23,0,0,0
2021-03-23,1,0,1
2021-03-23,0,0,0
2021-03-23,1,1,0
2021-03-23,9,6,3
2021-03-23,31,6,25
2021-03-23,69,12,57
2021-03-23,75,13,62
2021-03-23,62,17,45
2021-03-23,51,14,37
2021-03-23,50,22,28
2021-03-23,41,28,13
2021-03-23,52,23,29
2021-03-23,88,53,35
2021-03-23,107,57,50
2021-03-23,167,119,48
2021-03-23,193,142,51
2021-03-23,152,87,65
2021-03-23,78,41,37
2021-03-23,36,14,22
2021-03-23,13,9,4
2021-03-23,8,5,3
2021-03-23,7,2,5
2021-03-24,5,2,3
2021-03-24,3,1,2
2021-03-24,0,0,0
2021-03-24,0,0,0
2021-03-24,1,1,0
2021-03-24,7,5,2
2021-03-24,26,6,20
2021-03-24,56,12,44
2021-03-24,58,9,49
2021-03-24,34,9,25
2021-03-24,22,6,16
2021-03-24,23,10,13
2021-03-24,29,18,11
2021-03-24,29,12,17
2021-03-24,32,20,12
2021-03-24,33,22,11
2021-03-24,52,34,18
2021-03-24,55,47,8
2021-03-24,30,25,5
2021-03-24,35,28,7
2021-03-24,10,5,5
2021-03-24,10,6,4
2021-03-24,9,5,4
2021-03-24,4,2,2
2021-03-25,1,1,0
2021-03-25,0,0,0
2021-03-25,0,0,0
2021-03-25,0,0,0
2021-03-25,1,0,1
2021-03-25,8,4,4
2021-03-25,19,3,16
2021-03-25,50,12,38
2021-03-25,59,6,53
2021-03-25,54,18,36
2021-03-25,29,9,20
2021-03-25,22,8,14
2021-03-25,32,16,16
2021-03-25,47,24,23
2021-03-25,48,30,18
2021-03-25,69,48,21
2021-03-25,115,78,37
2021-03-25,175,117,58
2021-03-25,159,92,67
2021-03-25,64,32,32
2021-03-25,33,14,19
2021-03-25,23,13,10
2021-03-25,6,5,1
2021-03-25,8,3,5
2021-03-26,6,2,4
2021-03-26,1,1,0
2021-03-26,0,0,0
2021-03-26,0,0,0
2021-03-26,1,0,1
2021-03-26,14,7,7
2021-03-26,27,10,17
2021-03-26,66,12,54
2021-03-26,70,12,58
2021-03-26,56,13,43
2021-03-26,33,14,19
2021-03-26,43,22,21
2021-03-26,55,33,22
2021-03-26,53,25,28
2021-03-26,65,34,31
2021-03-26,63,35,28
2021-03-26,114,80,34
2021-03-26,143,113,30
2021-03-26,119,82,37
2021-03-26,75,31,44
2021-03-26,33,16,17
2021-03-26,17,10,7
2021-03-26,15,10,5
2021-03-26,17,7,10
2021-03-27,3,3,0
2021-03-27,0,0,0
2021-03-27,0,0,0
2021-03-27,3,3,0
2021-03-27,4,4,0
2021-03-27,3,1,2
2021-03-27,7,3,4
2021-03-27,17,6,11
2021-03-27,24,15,9
2021-03-27,57,32,25
2021-03-27,77,46,31
2021-03-27,88,52,36
2021-03-27,130,70,60
2021-03-27,114,63,51
2021-03-27,184,95,89
2021-03-27,195,109,86
2021-03-27,160,75,85
2021-03-27,124,59,65
2021-03-27,90,31,59
2021-03-27,56,22,34
2021-03-27,40,11,29
2021-03-27,13,7,6
2021-03-27,7,5,2
2021-03-27,13,8,5
2021-03-28,4,4,0
2021-03-28,0,0,0
2021-03-28,0,0,0
2021-03-28,0,0,0
2021-03-28,0,0,0
2021-03-28,3,0,3
2021-03-28,8,2,6
2021-03-28,10,7,3
2021-03-28,9,4,5
2021-03-28,18,8,10
2021-03-28,23,13,10
2021-03-28,14,5,9
2021-03-28,17,9,8
2021-03-28,7,4,3
2021-03-28,6,3,3
2021-03-28,7,5,2
2021-03-28,17,12,5
2021-03-28,30,14,16
2021-03-28,24,11,13
2021-03-28,34,17,17
2021-03-28,19,8,11
2021-03-28,5,5,0
2021-03-28,2,1,1
2021-03-28,3,2,1
2021-03-29,1,1,0
2021-03-29,1,1,0
2021-03-29,0,0,0
2021-03-29,0,0,0
2021-03-29,5,3,2
2021-03-29,9,4,5
2021-03-29,34,14,20
2021-03-29,57,13,44
2021-03-29,89,13,76
2021-03-29,62,9,53
2021-03-29,44,21,23
2021-03-29,49,22,27
2021-03-29,50,27,23
2021-03-29,55,26,29
2021-03-29,65,39,26
2021-03-29,77,54,23
2021-03-29,116,72,44
2021-03-29,177,138,39
2021-03-29,126,89,37
2021-03-29,70,32,38
2021-03-29,30,17,13
2021-03-29,17,7,10
2021-03-29,13,5,8
2021-03-29,6,3,3
2021-03-30,3,2,1
2021-03-30,1,1,0
2021-03-30,1,0,1
2021-03-30,0,0,0
2021-03-30,1,0,1
2021-03-30,14,5,9
2021-03-30,35,10,25
2021-03-30,61,10,51
2021-03-30,91,16,75
2021-03-30,65,14,51
2021-03-30,46,24,22
2021-03-30,53,23,30
2021-03-30,18,6,12
2021-03-30,0,0,0
2021-03-30,0,0,0
2021-03-30,0,0,0
2021-03-30,0,0,0
2021-03-30,0,0,0
2021-03-30,0,0,0
2021-03-30,0,0,0
2021-03-30,0,0,0
2021-03-30,0,0,0
2021-03-30,0,0,0
2021-03-30,0,0,0
2021-03-31,0,0,0
2021-03-31,0,0,0
2021-03-31,0,0,0
2021-03-31,0,0,0
2021-03-31,0,0,0
2021-03-31,0,0,0
2021-03-31,0,0,0
2021-03-31,0,0,0
2021-03-31,0,0,0
2021-03-31,0,0,0
2021-03-31,0,0,0
2021-03-31,0,0,0
2021-03-31,26,18,8
2021-03-31,69,37,32
2021-03-31,88,49,39
2021-03-31,113,78,35
2021-03-31,158,103,55
2021-03-31,246,164,82
2021-03-31,192,129,63
2021-03-31,108,38,70
2021-03-31,42,20,22
2021-03-31,17,4,13
2021-03-31,17,9,8
2021-03-31,9,6,3
2021-04-01,2,0,2
2021-04-01,1,0,1
2021-04-01,0,0,0
2021-04-01,0,0,0
2021-04-01,4,3,1
2021-04-01,12,5,7
2021-04-01,33,6,27
2021-04-01,77,18,59
2021-04-01,81,14,67
2021-04-01,65,16,49
2021-04-01,47,17,30
2021-04-01,37,11,26
2021-04-01,58,25,33
2021-04-01,56,34,22
2021-04-01,74,38,36
2021-04-01,101,64,37
2021-04-01,134,88,46
2021-04-01,187,130,57
2021-04-01,139,74,65
2021-04-01,69,37,32
2021-04-01,45,25,20
2021-04-01,17,11,6
2021-04-01,8,7,1
2021-04-01,16,12,4
2021-04-02,2,1,1
2021-04-02,4,4,0
2021-04-02,0,0,0
2021-04-02,0,0,0
2021-04-02,3,1,2
2021-04-02,12,6,6
2021-04-02,26,13,13
2021-04-02,71,16,55
2021-04-02,76,19,57
2021-04-02,54,11,43
2021-04-02,43,14,29
2021-04-02,42,20,22
2021-04-02,45,26,19
2021-04-02,48,23,25
2021-04-02,90,50,40
2021-04-02,116,74,42
2021-04-02,160,112,48
2021-04-02,178,112,66
2021-04-02,107,65,42
2021-04-02,74,32,42
2021-04-02,30,14,16
2021-04-02,16,11,5
2021-04-02,15,7,8
2021-04-02,8,3,5
2021-04-03,10,7,3
2021-04-03,2,1,1
2021-04-03,1,1,0
2021-04-03,2,2,0
2021-04-03,1,1,0
2021-04-03,2,0,2
2021-04-03,7,4,3
2021-04-03,15,9,6
2021-04-03,24,14,10
2021-04-03,54,20,34
2021-04-03,87,55,32
2021-04-03,96,40,56
2021-04-03,124,62,62
2021-04-03,158,93,65
2021-04-03,149,86,63
2021-04-03,169,73,96
2021-04-03,142,60,82
2021-04-03,139,65,74
2021-04-03,93,33,60
2021-04-03,43,19,24
2021-04-03,23,10,13
2021-04-03,15,6,9
2021-04-03,12,9,3
2021-04-03,6,3,3
2021-04-04,3,1,2
2021-04-04,1,1,0
2021-04-04,3,1,2
2021-04-04,0,0,0
2021-04-04,1,1,0
2021-04-04,1,0,1
2021-04-04,2,0,2
2021-04-04,5,3,2
2021-04-04,17,7,10
2021-04-04,20,7,13
2021-04-04,32,24,8
2021-04-04,46,18,28
2021-04-04,52,24,28
2021-04-04,72,44,28
2021-04-04,62,36,26
2021-04-04,76,34,42
2021-04-04,34,16,18
2021-04-04,45,14,31
2021-04-04,43,29,14
2021-04-04,31,8,23
2021-04-04,13,6,7
2021-04-04,15,10,5
2021-04-04,11,6,5
2021-04-04,3,0,3
2021-04-05,2,2,0
2021-04-05,1,1,0
2021-04-05,0,0,0
2021-04-05,1,0,1
2021-04-05,3,3,0
2021-04-05,14,4,10
2021-04-05,29,9,20
2021-04-05,67,9,58
2021-04-05,83,18,65
2021-04-05,51,12,39
2021-04-05,41,15,26
2021-04-05,47,18,29
2021-04-05,54,33,21
2021-04-05,64,31,33
2021-04-05,69,40,29
2021-04-05,101,59,42
2021-04-05,147,101,46
2021-04-05,232,156,76
2021-04-05,164,106,58
2021-04-05,90,41,49
2021-04-05,39,16,23
2021-04-05,15,7,8
2021-04-05,13,4,9
2021-04-05,9,5,4
2021-04-06,4,2,2
2021-04-06,2,1,1
2021-04-06,2,2,0
2021-04-06,0,0,0
2021-04-06,2,1,1
2021-04-06,13,4,9
2021-04-06,33,6,27
2021-04-06,76,14,62
2021-04-06,100,20,80
2021-04-06,64,16,48
2021-04-06,44,20,24
2021-04-06,37,17,20
2021-04-06,66,37,29
2021-04-06,61,28,33
2021-04-06,84,51,33
2021-04-06,97,67,30
2021-04-06,185,125,60
2021-04-06,268,193,75
2021-04-06,169,90,79
2021-04-06,112,46,66
2021-04-06,58,31,27
2021-04-06,20,9,11
2021-04-06,19,10,9
2021-04-06,6,5,1
2021-04-07,2,0,2
2021-04-07,1,0,1
2021-04-07,0,0,0
2021-04-07,1,0,1
2021-04-07,3,2,1
2021-04-07,6,3,3
2021-04-07,29,10,19
2021-04-07,69,14,55
2021-04-07,59,7,52
2021-04-07,48,13,35
2021-04-07,31,8,23
2021-04-07,21,7,14
2021-04-07,25,9,16
2021-04-07,24,11,13
2021-04-07,23,16,7
2021-04-07,37,22,15
2021-04-07,66,43,23
2021-04-07,118,93,25
2021-04-07,77,51,26
2021-04-07,60,38,22
2021-04-07,12,9,3
2021-04-07,9,8,1
2021-04-07,8,3,5
2021-04-07,6,4,2
2021-04-08,1,1,0
2021-04-08,1,1,0
2021-04-08,0,0,0
2021-04-08,0,0,0
2021-04-08,4,3,1
2021-04-08,10,5,5
2021-04-08,26,4,22
2021-04-08,70,11,59
2021-04-08,78,8,70
2021-04-08,57,15,42
2021-04-08,38,16,22
2021-04-08,44,12,32
2021-04-08,46,22,24
2021-04-08,63,37,26
2021-04-08,67,32,35
2021-04-08,105,68,37
2021-04-08,152,102,50
2021-04-08,186,129,57
2021-04-08,182,113,69
2021-04-08,82,49,33
2021-04-08,36,22,14
2021-04-08,23,9,14
2021-04-08,16,6,10
2021-04-08,7,2,5
2021-04-09,3,1,2
2021-04-09,2,1,1
2021-04-09,0,0,0
2021-04-09,1,0,1
2021-04-09,1,0,1
2021-04-09,11,7,4
2021-04-09,26,5,21
2021-04-09,76,23,53
2021-04-09,75,15,60
2021-04-09,55,16,39
2021-04-09,43,16,27
2021-04-09,42,16,26
2021-04-09,51,24,27
2021-04-09,50,23,27
2021-04-09,67,43,24
2021-04-09,84,56,28
2021-04-09,90,63,27
2021-04-09,114,79,35
2021-04-09,73,54,19
2021-04-09,52,29,23
2021-04-09,15,6,9
2021-04-09,12,10,2
2021-04-09,5,2,3
2021-04-09,12,3,9
2021-04-10,6,2,4
2021-04-10,1,1,0
2021-04-10,0,0,0
2021-04-10,0,0,0
2021-04-10,0,0,0
2021-04-10,1,1,0
2021-04-10,8,3,5
2021-04-10,13,8,5
2021-04-10,25,13,12
2021-04-10,35,17,18
2021-04-10,86,45,41
2021-04-10,84,39,45
2021-04-10,83,48,35
2021-04-10,122,68,54
2021-04-10,124,66,58
2021-04-10,135,76,59
2021-04-10,126,66,60
2021-04-10,76,29,47
2021-04-10,74,37,37
2021-04-10,49,22,27
2021-04-10,37,12,25
2021-04-10,13,9,4
2021-04-10,6,4,2
2021-04-10,8,1,7
2021-04-11,8,4,4
2021-04-11,0,0,0
2021-04-11,0,0,0
2021-04-11,0,0,0
2021-04-11,0,0,0
2021-04-11,2,0,2
2021-04-11,7,2,5
2021-04-11,8,7,1
2021-04-11,19,10,9
2021-04-11,40,26,14
2021-04-11,86,42,44
2021-04-11,132,77,55
2021-04-11,117,70,47
2021-04-11,131,68,63
2021-04-11,181,105,76
2021-04-11,187,91,96
2021-04-11,174,90,84
2021-04-11,154,63,91
2021-04-11,91,46,45
2021-04-11,46,19,27
2021-04-11,26,7,19
2021-04-11,14,6,8
2021-04-11,7,3,4
2021-04-11,4,1,3
2021-04-12,2,1,1
2021-04-12,1,1,0
2021-04-12,2,0,2
2021-04-12,0,0,0
2021-04-12,7,6,1
2021-04-12,13,5,8
2021-04-12,28,8,20
2021-04-12,60,7,53
2021-04-12,67,13,54
2021-04-12,70,15,55
2021-04-12,41,14,27
2021-04-12,41,28,13
2021-04-12,55,27,28
2021-04-12,54,26,28
2021-04-12,74,44,30
2021-04-12,69,39,30
2021-04-12,0,0,0
2021-04-12,0,0,0
2021-04-12,0,0,0
2021-04-12,0,0,0
2021-04-12,0,0,0
2021-04-12,0,0,0
2021-04-12,0,0,0
2021-04-12,0,0,0
2021-04-13,0,0,0
2021-04-13,0,0,0
2021-04-13,0,0,0
2021-04-13,0,0,0
2021-04-13,0,0,0
2021-04-13,0,0,0
2021-04-13,0,0,0
2021-04-13,1,0,1
2021-04-13,0,0,0
2021-04-13,0,0,0
2021-04-13,0,0,0
2021-04-13,0,0,0
2021-04-13,0,0,0
2021-04-13,0,0,0
2021-04-13,0,0,0
2021-04-13,0,0,0
2021-04-13,2,0,2
2021-04-13,0,0,0
2021-04-13,0,0,0
2021-04-13,0,0,0
2021-04-13,1,1,0
2021-04-13,0,0,0
2021-04-13,0,0,0
2021-04-13,0,0,0
2021-04-14,0,0,0
2021-04-14,0,0,0
2021-04-14,0,0,0
2021-04-14,0,0,0
2021-04-14,0,0,0
2021-04-14,0,0,0
2021-04-14,2,0,2
2021-04-14,0,0,0
2021-04-14,0,0,0
2021-04-14,1,0,1
2021-04-14,0,0,0
2021-04-14,0,0,0
2021-04-14,0,0,0
2021-04-14,0,0,0
2021-04-14,0,0,0
2021-04-14,0,0,0
2021-04-14,1,0,1
2021-04-14,2,0,2
2021-04-14,0,0,0
2021-04-14,0,0,0
2021-04-14,0,0,0
2021-04-14,0,0,0
2021-04-14,0,0,0
2021-04-14,0,0,0
2021-04-15,0,0,0
2021-04-15,0,0,0
2021-04-15,0,0,0
2021-04-15,0,0,0
2021-04-15,0,0,0
2021-04-15,0,0,0
2021-04-15,0,0,0
2021-04-15,0,0,0
2021-04-15,0,0,0
2021-04-15,0,0,0
2021-04-15,0,0,0
2021-04-15,0,0,0
2021-04-15,0,0,0
2021-04-15,0,0,0
2021-04-15,0,0,0
2021-04-15,0,0,0
2021-04-15,0,0,0
2021-04-15,0,0,0
2021-04-15,0,0,0
2021-04-15,0,0,0
2021-04-15,0,0,0
2021-04-15,0,0,0
2021-04-15,0,0,0
2021-04-15,0,0,0
2021-04-16,0,0,0
2021-04-16,0,0,0
2021-04-16,0,0,0
2021-04-16,0,0,0
2021-04-16,0,0,0
2021-04-16,0,0,0
2021-04-16,0,0,0
2021-04-16,0,0,0
2021-04-16,0,0,0
2021-04-16,0,0,0
2021-04-16,0,0,0
2021-04-16,0,0,0
2021-04-16,0,0,0
2021-04-16,0,0,0
2021-04-16,0,0,0
2021-04-16,0,0,0
2021-04-16,0,0,0
2021-04-16,0,0,0
2021-04-16,0,0,0
2021-04-16,0,0,0
2021-04-16,0,0,0
2021-04-16,0,0,0
2021-04-16,0,0,0
2021-04-16,0,0,0
2021-04-17,0,0,0
2021-04-17,0,0,0
2021-04-17,0,0,0
2021-04-17,0,0,0
2021-04-17,0,0,0
2021-04-17,0,0,0
2021-04-17,4,4,0
2021-04-17,1,0,1
2021-04-17,0,0,0
2021-04-17,0,0,0
2021-04-17,0,0,0
2021-04-17,0,0,0
2021-04-17,0,0,0
2021-04-17,0,0,0
2021-04-17,0,0,0
2021-04-17,0,0,0
2021-04-17,0,0,0
2021-04-17,0,0,0
2021-04-17,0,0,0
2021-04-17,0,0,0
2021-04-17,0,0,0
2021-04-17,0,0,0
2021-04-17,0,0,0
2021-04-17,0,0,0
2021-04-18,0,0,0
2021-04-18,0,0,0
2021-04-18,0,0,0
2021-04-18,0,0,0
2021-04-18,0,0,0
2021-04-18,0,0,0
2021-04-18,0,0,0
2021-04-18,0,0,0
2021-04-18,0,0,0
2021-04-18,0,0,0
2021-04-18,0,0,0
2021-04-18,0,0,0
2021-04-18,0,0,0
2021-04-18,0,0,0
2021-04-18,0,0,0
2021-04-18,0,0,0
2021-04-18,0,0,0
2021-04-18,0,0,0
2021-04-18,0,0,0
2021-04-18,0,0,0
2021-04-18,0,0,0
2021-04-18,0,0,0
2021-04-18,0,0,0
2021-04-18,0,0,0
2021-04-19,0,0,0
2021-04-19,0,0,0
2021-04-19,0,0,0
2021-04-19,0,0,0
2021-04-19,0,0,0
2021-04-19,0,0,0
2021-04-19,0,0,0
2021-04-19,0,0,0
2021-04-19,0,0,0
2021-04-19,0,0,0
2021-04-19,0,0,0
2021-04-19,0,0,0
2021-04-19,0,0,0
2021-04-19,0,0,0
2021-04-19,0,0,0
2021-04-19,0,0,0
2021-04-19,0,0,0
2021-04-19,0,0,0
2021-04-19,0,0,0
2021-04-19,0,0,0
2021-04-19,0,0,0
2021-04-19,0,0,0
2021-04-19,0,0,0
2021-04-19,0,0,0
2021-04-20,0,0,0
2021-04-20,0,0,0
2021-04-20,0,0,0
2021-04-20,0,0,0
2021-04-20,0,0,0
2021-04-20,0,0,0
2021-04-20,0,0,0
2021-04-20,0,0,0
2021-04-20,0,0,0
2021-04-20,0,0,0
2021-04-20,0,0,0
2021-04-20,0,0,0
2021-04-20,0,0,0
2021-04-20,0,0,0
2021-04-20,0,0,0
2021-04-20,0,0,0
2021-04-20,0,0,0
2021-04-20,3,2,1
2021-04-20,2,0,2
2021-04-20,0,0,0
2021-04-20,0,0,0
2021-04-20,0,0,0
2021-04-20,0,0,0
2021-04-20,0,0,0
2021-04-21,0,0,0
2021-04-21,0,0,0
2021-04-21,0,0,0
2021-04-21,0,0,0
2021-04-21,0,0,0
2021-04-21,0,0,0
2021-04-21,0,0,0
2021-04-21,0,0,0
2021-04-21,0,0,0
2021-04-21,0,0,0
2021-04-21,0,0,0
2021-04-21,0,0,0
2021-04-21,0,0,0
2021-04-21,0,0,0
2021-04-21,0,0,0
2021-04-21,0,0,0
2021-04-21,1,0,1
2021-04-21,0,0,0
2021-04-21,0,0,0
2021-04-21,0,0,0
2021-04-21,0,0,0
2021-04-21,0,0,0
2021-04-21,0,0,0
2021-04-21,0,0,0
2021-04-22,0,0,0
2021-04-22,0,0,0
2021-04-22,0,0,0
2021-04-22,0,0,0
2021-04-22,0,0,0
2021-04-22,0,0,0
2021-04-22,0,0,0
2021-04-22,0,0,0
2021-04-22,0,0,0
2021-04-22,0,0,0
2021-04-22,0,0,0
2021-04-22,0,0,0
2021-04-22,0,0,0
2021-04-22,0,0,0
2021-04-22,0,0,0
2021-04-22,0,0,0
2021-04-22,0,0,0
2021-04-22,0,0,0
2021-04-22,0,0,0
2021-04-22,0,0,0
2021-04-22,0,0,0
2021-04-22,0,0,0
2021-04-22,0,0,0
2021-04-22,0,0,0
2021-04-23,0,0,0
2021-04-23,0,0,0
2021-04-23,0,0,0
2021-04-23,0,0,0
2021-04-23,0,0,0
2021-04-23,0,0,0
2021-04-23,0,0,0
2021-04-23,0,0,0
2021-04-23,0,0,0
2021-04-23,0,0,0
2021-04-23,0,0,0
2021-04-23,0,0,0
2021-04-23,0,0,0
2021-04-23,0,0,0
2021-04-23,0,0,0
2021-04-23,0,0,0
2021-04-23,0,0,0
2021-04-23,0,0,0
2021-04-23,0,0,0
2021-04-23,0,0,0
2021-04-23,0,0,0
2021-04-23,0,0,0
2021-04-23,0,0,0
2021-04-23,0,0,0
2021-04-24,0,0,0
2021-04-24,0,0,0
2021-04-24,0,0,0
2021-04-24,0,0,0
2021-04-24,0,0,0
2021-04-24,0,0,0
2021-04-24,0,0,0
2021-04-24,0,0,0
2021-04-24,0,0,0
2021-04-24,0,0,0
2021-04-24,0,0,0
2021-04-24,0,0,0
2021-04-24,0,0,0
2021-04-24,0,0,0
2021-04-24,0,0,0
2021-04-24,0,0,0
2021-04-24,0,0,0
2021-04-24,0,0,0
2021-04-24,0,0,0
2021-04-24,0,0,0
2021-04-24,0,0,0
2021-04-24,0,0,0
2021-04-24,0,0,0
2021-04-24,0,0,0
2021-04-25,0,0,0
2021-04-25,0,0,0
2021-04-25,0,0,0
2021-04-25,0,0,0
2021-04-25,0,0,0
2021-04-25,0,0,0
2021-04-25,0,0,0
2021-04-25,0,0,0
2021-04-25,0,0,0
2021-04-25,0,0,0
2021-04-25,0,0,0
2021-04-25,0,0,0
2021-04-25,0,0,0
2021-04-25,0,0,0
2021-04-25,0,0,0
2021-04-25,0,0,0
2021-04-25,0,0,0
2021-04-25,0,0,0
2021-04-25,0,0,0
2021-04-25,0,0,0
2021-04-25,0,0,0
2021-04-25,0,0,0
2021-04-25,0,0,0
2021-04-25,0,0,0
2021-04-26,0,0,0
2021-04-26,0,0,0
2021-04-26,0,0,0
2021-04-26,0,0,0
2021-04-26,0,0,0
2021-04-26,0,0,0
2021-04-26,0,0,0
2021-04-26,0,0,0
2021-04-26,0,0,0
2021-04-26,0,0,0
2021-04-26,0,0,0
2021-04-26,0,0,0
2021-04-26,0,0,0
2021-04-26,0,0,0
2021-04-26,0,0,0
2021-04-26,0,0,0
2021-04-26,0,0,0
2021-04-26,0,0,0
2021-04-26,0,0,0
2021-04-26,0,0,0
2021-04-26,0,0,0
2021-04-26,0,0,0
2021-04-26,0,0,0
2021-04-26,0,0,0
2021-04-27,0,0,0
2021-04-27,0,0,0
2021-04-27,0,0,0
2021-04-27,0,0,0
2021-04-27,0,0,0
2021-04-27,0,0,0
2021-04-27,1,1,0
2021-04-27,0,0,0
2021-04-27,0,0,0
2021-04-27,0,0,0
2021-04-27,0,0,0
2021-04-27,0,0,0
2021-04-27,0,0,0
2021-04-27,0,0,0
2021-04-27,0,0,0
2021-04-27,0,0,0
2021-04-27,0,0,0
2021-04-27,0,0,0
2021-04-27,0,0,0
2021-04-27,0,0,0
2021-04-27,0,0,0
2021-04-27,0,0,0
2021-04-27,0,0,0
2021-04-27,0,0,0
2021-04-28,0,0,0
2021-04-28,0,0,0
2021-04-28,0,0,0
2021-04-28,0,0,0
2021-04-28,0,0,0
2021-04-28,0,0,0
2021-04-28,0,0,0
2021-04-28,0,0,0
2021-04-28,0,0,0
2021-04-28,0,0,0
2021-04-28,0,0,0
2021-04-28,0,0,0
2021-04-28,0,0,0
2021-04-28,0,0,0
2021-04-28,0,0,0
2021-04-28,0,0,0
2021-04-28,0,0,0
2021-04-28,0,0,0
2021-04-28,0,0,0
2021-04-28,0,0,0
2021-04-28,0,0,0
2021-04-28,0,0,0
2021-04-28,0,0,0
2021-04-28,0,0,0
2021-04-29,0,0,0
2021-04-29,0,0,0
2021-04-29,0,0,0
2021-04-29,0,0,0
2021-04-29,0,0,0
2021-04-29,0,0,0
2021-04-29,0,0,0
2021-04-29,0,0,0
2021-04-29,0,0,0
2021-04-29,0,0,0
2021-04-29,0,0,0
2021-04-29,0,0,0
2021-04-29,0,0,0
2021-04-29,0,0,0
2021-04-29,1,0,1
2021-04-29,0,0,0
2021-04-29,0,0,0
2021-04-29,0,0,0
2021-04-29,0,0,0
2021-04-29,0,0,0
2021-04-29,0,0,0
2021-04-29,0,0,0
2021-04-29,0,0,0
2021-04-29,0,0,0
2021-04-30,0,0,0
2021-04-30,0,0,0
2021-04-30,0,0,0
2021-04-30,0,0,0
2021-04-30,0,0,0
2021-04-30,0,0,0
2021-04-30,0,0,0
2021-04-30,0,0,0
2021-04-30,0,0,0
2021-04-30,0,0,0
2021-04-30,0,0,0
2021-04-30,0,0,0
2021-04-30,0,0,0
2021-04-30,0,0,0
2021-04-30,0,0,0
2021-04-30,0,0,0
2021-04-30,0,0,0
2021-04-30,0,0,0
2021-04-30,0,0,0
2021-04-30,0,0,0
2021-04-30,0,0,0
2021-04-30,0,0,0
2021-04-30,0,0,0
2021-04-30,0,0,0
2021-06-01,5,3,2
2021-06-01,1,1,0
2021-06-01,0,0,0
2021-06-01,0,0,0
2021-06-01,7,3,4
2021-06-01,19,9,10
2021-06-01,39,9,30
2021-06-01,108,16,92
2021-06-01,126,22,104
2021-06-01,89,17,72
2021-06-01,66,21,45
2021-06-01,49,20,29
2021-06-01,62,17,45
2021-06-01,77,38,39
2021-06-01,91,60,31
2021-06-01,122,85,37
2021-06-01,175,131,44
2021-06-01,268,187,81
2021-06-01,179,111,68
2021-06-01,123,72,51
2021-06-01,100,54,46
2021-06-01,57,22,35
2021-06-01,23,9,14
2021-06-01,15,10,5
2021-06-02,11,4,7
2021-06-02,0,0,0
2021-06-02,1,0,1
2021-06-02,0,0,0
2021-06-02,6,2,4
2021-06-02,32,17,15
2021-06-02,54,18,36
2021-06-02,138,22,116
2021-06-02,146,18,128
2021-06-02,104,33,71
2021-06-02,81,31,50
2021-06-02,72,27,45
2021-06-02,79,36,43
2021-06-02,63,30,33
2021-06-02,99,59,40
2021-06-02,107,70,37
2021-06-02,184,122,62
2021-06-02,249,200,49
2021-06-02,215,147,68
2021-06-02,168,98,70
2021-06-02,103,61,42
2021-06-02,63,27,36
2021-06-02,30,13,17
2021-06-02,8,5,3
2021-06-03,2,1,1
2021-06-03,3,3,0
2021-06-03,1,0,1
2021-06-03,0,0,0
2021-06-03,8,6,2
2021-06-03,21,10,11
2021-06-03,37,8,29
2021-06-03,129,27,102
2021-06-03,138,18,120
2021-06-03,86,12,74
2021-06-03,60,19,41
2021-06-03,74,31,43
2021-06-03,50,24,26
2021-06-03,60,31,29
2021-06-03,77,42,35
2021-06-03,98,57,41
2021-06-03,168,123,45
2021-06-03,260,197,63
2021-06-03,229,151,78
2021-06-03,157,68,89
2021-06-03,86,47,39
2021-06-03,54,23,31
2021-06-03,32,19,13
2021-06-03,15,7,8
2021-06-04,9,5,4
2021-06-04,1,0,1
2021-06-04,2,2,0
2021-06-04,1,0,1
2021-06-04,3,2,1
2021-06-04,20,12,8
2021-06-04,42,12,30
2021-06-04,101,23,78
2021-06-04,122,29,93
2021-06-04,79,21,58
2021-06-04,63,24,39
2021-06-04,45,19,26
2021-06-04,64,33,31
2021-06-04,64,39,25
2021-06-04,99,54,45
2021-06-04,109,63,46
2021-06-04,161,117,44
2021-06-04,174,134,40
2021-06-04,173,127,46
2021-06-04,112,51,61
2021-06-04,95,41,54
2021-06-04,39,18,21
2021-06-04,24,9,15
2021-05-01,0,0,0
2021-05-01,0,0,0
2021-05-01,0,0,0
2021-05-01,0,0,0
2021-05-01,0,0,0
2021-05-01,0,0,0
2021-05-01,0,0,0
2021-05-01,0,0,0
2021-05-01,0,0,0
2021-05-01,0,0,0
2021-05-01,0,0,0
2021-05-01,0,0,0
2021-05-01,0,0,0
2021-05-01,0,0,0
2021-05-01,0,0,0
2021-05-01,0,0,0
2021-05-01,0,0,0
2021-05-01,0,0,0
2021-05-01,0,0,0
2021-05-01,0,0,0
2021-05-01,0,0,0
2021-05-01,0,0,0
2021-05-01,0,0,0
2021-05-01,0,0,0
2021-05-02,0,0,0
2021-05-02,0,0,0
2021-05-02,0,0,0
2021-05-02,0,0,0
2021-05-02,0,0,0
2021-05-02,0,0,0
2021-05-02,0,0,0
2021-05-02,0,0,0
2021-05-02,0,0,0
2021-05-02,0,0,0
2021-05-02,0,0,0
2021-05-02,0,0,0
2021-05-02,0,0,0
2021-05-02,0,0,0
2021-05-02,0,0,0
2021-05-02,0,0,0
2021-05-02,0,0,0
2021-05-02,0,0,0
2021-05-02,0,0,0
2021-05-02,0,0,0
2021-05-02,0,0,0
2021-05-02,0,0,0
2021-05-02,0,0,0
2021-05-02,0,0,0
2021-05-03,0,0,0
2021-05-03,0,0,0
2021-05-03,0,0,0
2021-05-03,0,0,0
2021-05-03,0,0,0
2021-05-03,0,0,0
2021-05-03,0,0,0
2021-05-03,0,0,0
2021-05-03,0,0,0
2021-05-03,0,0,0
2021-05-03,0,0,0
2021-05-03,0,0,0
2021-05-03,0,0,0
2021-05-03,43,24,19
2021-05-03,45,33,12
2021-05-03,33,21,12
2021-05-03,52,40,12
2021-05-03,82,66,16
2021-05-03,63,52,11
2021-05-03,33,23,10
2021-05-03,11,8,3
2021-05-03,8,6,2
2021-05-03,10,7,3
2021-05-03,5,3,2
2021-05-04,1,1,0
2021-05-04,1,1,0
2021-05-04,1,0,1
2021-05-04,0,0,0
2021-05-04,5,3,2
2021-05-04,14,7,7
2021-05-04,42,10,32
2021-05-04,87,18,69
2021-05-04,105,17,88
2021-05-04,79,24,55
2021-05-04,51,22,29
2021-05-04,37,12,25
2021-05-04,51,26,25
2021-05-04,53,31,22
2021-05-04,90,61,29
2021-05-04,99,57,42
2021-05-04,180,119,61
2021-05-04,244,167,77
2021-05-04,210,124,86
2021-05-04,145,74,71
2021-05-04,58,25,33
2021-05-04,44,21,23
2021-05-04,14,8,6
2021-05-04,4,1,3
2021-05-05,4,4,0
2021-05-05,2,0,2
2021-05-05,2,1,1
2021-05-05,1,0,1
2021-05-05,4,2,2
2021-05-05,14,8,6
2021-05-05,40,12,28
2021-05-05,98,19,79
2021-05-05,94,17,77
2021-05-05,84,21,63
2021-05-05,68,24,44
2021-05-05,61,34,27
2021-05-05,73,35,38
2021-05-05,60,33,27
2021-05-05,79,50,29
2021-05-05,119,87,32
2021-05-05,136,87,49
2021-05-05,189,137,52
2021-05-05,158,99,59
2021-05-05,111,61,50
2021-05-05,66,26,40
2021-05-05,32,14,18
2021-05-05,21,11,10
2021-05-05,14,8,6
2021-05-06,3,2,1
2021-05-06,1,1,0
2021-05-06,2,0,2
2021-05-06,0,0,0
2021-05-06,9,6,3
2021-05-06,15,8,7
2021-05-06,37,10,27
2021-05-06,88,20,68
2021-05-06,85,11,74
2021-05-06,60,14,46
2021-05-06,49,15,34
2021-05-06,48,22,26
2021-05-06,57,24,33
2021-05-06,72,35,37
2021-05-06,54,31,23
2021-05-06,73,47,26
2021-05-06,98,72,26
2021-05-06,141,113,28
2021-05-06,104,67,37
2021-05-06,78,55,23
2021-05-06,53,26,27
2021-05-06,16,3,13
2021-05-06,15,9,6
2021-05-06,11,2,9
2021-05-07,3,1,2
2021-05-07,2,1,1
2021-05-07,3,1,2
2021-05-07,0,0,0
2021-05-07,4,2,2
2021-05-07,9,8,1
2021-05-07,33,12,21
2021-05-07,52,16,36
2021-05-07,56,11,45
2021-05-07,38,10,28
2021-05-07,28,8,20
2021-05-07,19,10,9
2021-05-07,22,11,11
2021-05-07,23,11,12
2021-05-07,25,17,8
2021-05-07,51,33,18
2021-05-07,80,49,31
2021-05-07,96,72,24
2021-05-07,83,50,33
2021-05-07,53,21,32
2021-05-07,23,9,14
2021-05-07,24,17,7
2021-05-07,4,3,1
2021-05-07,4,3,1
2021-05-08,9,4,5
2021-05-08,1,1,0
2021-05-08,0,0,0
2021-05-08,1,1,0
2021-05-08,0,0,0
2021-05-08,1,0,1
2021-05-08,10,3,7
2021-05-08,17,9,8
2021-05-08,29,13,16
2021-05-08,51,27,24
2021-05-08,86,45,41
2021-05-08,99,58,41
2021-05-08,88,54,34
2021-05-08,116,67,49
2021-05-08,147,78,69
2021-05-08,150,79,71
2021-05-08,111,53,58
2021-05-08,114,63,51
2021-05-08,74,40,34
2021-05-08,39,17,22
2021-05-08,32,16,16
2021-05-08,17,7,10
2021-05-08,26,9,17
2021-05-08,12,3,9
2021-05-09,7,3,4
2021-05-09,0,0,0
2021-05-09,0,0,0
2021-05-09,0,0,0
2021-05-09,1,0,1
2021-05-09,1,0,1
2021-05-09,5,1,4
2021-05-09,16,8,8
2021-05-09,23,11,12
2021-05-09,51,32,19
2021-05-09,60,31,29
2021-05-09,118,57,61
2021-05-09,136,89,47
2021-05-09,121,69,52
2021-05-09,152,82,70
2021-05-09,167,78,89
2021-05-09,170,94,76
2021-05-09,158,89,69
2021-05-09,109,40,69
2021-05-09,62,20,42
2021-05-09,29,12,17
2021-05-09,11,5,6
2021-05-09,16,6,10
2021-05-09,7,1,6
2021-05-10,1,1,0
2021-05-10,2,2,0
2021-05-10,0,0,0
2021-05-10,0,0,0
2021-05-10,6,4,2
2021-05-10,10,6,4
2021-05-10,46,13,33
2021-05-10,87,22,65
2021-05-10,106,15,91
2021-05-10,69,16,53
2021-05-10,68,19,49
2021-05-10,45,21,24
2021-05-10,56,30,26
2021-05-10,54,25,29
2021-05-10,63,36,27
2021-05-10,93,60,33
2021-05-10,152,108,44
2021-05-10,217,150,67
2021-05-10,155,108,47
2021-05-10,101,53,48
2021-05-10,66,25,41
2021-05-10,25,9,16
2021-05-10,21,14,7
2021-05-10,9,5,4
2021-05-11,3,1,2
2021-05-11,1,0,1
2021-05-11,1,1,0
2021-05-11,0,0,0
2021-05-11,5,3,2
2021-05-11,15,7,8
2021-05-11,48,14,34
2021-05-11,100,20,80
2021-05-11,116,19,97
2021-05-11,86,24,62
2021-05-11,65,22,43
2021-05-11,35,10,25
2021-05-11,63,31,32
2021-05-11,65,38,27
2021-05-11,76,40,36
2021-05-11,117,74,43
2021-05-11,183,108,75
2021-05-11,282,206,76
2021-05-11,187,115,72
2021-05-11,138,72,66
2021-05-11,93,35,58
2021-05-11,32,12,20
2021-05-11,15,8,7
2021-05-11,16,8,8
2021-05-12,2,0,2
2021-05-12,0,0,0
2021-05-12,2,2,0
2021-05-12,1,1,0
2021-05-12,5,3,2
2021-05-12,10,4,6
2021-05-12,38,11,27
2021-05-12,99,24,75
2021-05-12,112,18,94
2021-05-12,91,17,74
2021-05-12,54,22,32
2021-05-12,48,20,28
2021-05-12,59,29,30
2021-05-12,61,27,34
2021-05-12,80,52,28
2021-05-12,105,58,47
2021-05-12,172,113,59
2021-05-12,224,173,51
2021-05-12,190,121,69
2021-05-12,139,73,66
2021-05-12,73,38,35
2021-05-12,38,18,20
2021-05-12,21,7,14
2021-05-12,15,6,9
2021-05-13,0,0,0
2021-05-13,3,1,2
2021-05-13,1,1,0
2021-05-13,0,0,0
2021-05-13,4,2,2
2021-05-13,16,10,6
2021-05-13,38,14,24
2021-05-13,97,29,68
2021-05-13,101,15,86
2021-05-13,74,24,50
2021-05-13,65,20,45
2021-05-13,59,20,39
2021-05-13,69,30,39
2021-05-13,77,38,39
2021-05-13,94,51,43
2021-05-13,99,62,37
2021-05-13,163,110,53
2021-05-13,241,178,63
2021-05-13,204,122,82
2021-05-13,153,68,85
2021-05-13,81,29,52
2021-05-13,57,18,39
2021-05-13,33,21,12
2021-05-13,12,4,8
2021-05-14,6,5,1
2021-05-14,1,1,0
2021-05-14,3,2,1
2021-05-14,2,0,2
2021-05-14,4,1,3
2021-05-14,14,11,3
2021-05-14,51,13,38
2021-05-14,81,23,58
2021-05-14,118,21,97
2021-05-14,68,16,52
2021-05-14,57,20,37
2021-05-14,75,26,49
2021-05-14,89,54,35
2021-05-14,79,33,46
2021-05-14,98,50,48
2021-05-14,123,82,41
2021-05-14,166,116,50
2021-05-14,254,167,87
2021-05-14,194,116,78
2021-05-14,111,49,62
2021-05-14,67,27,40
2021-05-14,30,13,17
2021-05-14,46,22,24
2021-05-14,26,10,16
2021-05-15,13,9,4
2021-05-15,4,3,1
2021-05-15,3,1,2
2021-05-15,1,1,0
2021-05-15,1,1,0
2021-05-15,2,0,2
2021-05-15,12,5,7
2021-05-15,25,14,11
2021-05-15,39,16,23
2021-05-15,86,39,47
2021-05-15,123,72,51
2021-05-15,143,79,64
2021-05-15,179,75,104
2021-05-15,160,84,76
2021-05-15,179,94,85
2021-05-15,177,88,89
2021-05-15,150,62,88
2021-05-15,139,67,72
2021-05-15,113,55,58
2021-05-15,107,59,48
2021-05-15,58,29,29
2021-05-15,28,13,15
2021-05-15,14,9,5
2021-05-15,12,2,10
2021-05-16,9,5,4
2021-05-16,7,5,2
2021-05-16,3,0,3
2021-05-16,3,0,3
2021-05-16,5,1,4
2021-05-16,1,1,0
2021-05-16,11,6,5
2021-05-16,24,15,9
2021-05-16,29,17,12
2021-05-16,66,45,21
2021-05-16,97,54,43
2021-05-16,118,57,61
2021-05-16,152,81,71
2021-05-16,187,87,100
2021-05-16,193,102,91
2021-05-16,207,105,102
2021-05-16,189,86,103
2021-05-16,183,74,109
2021-05-16,96,48,48
2021-05-16,80,36,44
2021-05-16,51,20,31
2021-05-16,32,10,22
2021-05-16,18,6,12
2021-05-16,7,1,6
2021-05-17,2,0,2
2021-05-17,1,1,0
2021-05-17,1,1,0
2021-05-17,0,0,0
2021-05-17,5,3,2
2021-05-17,17,10,7
2021-05-17,34,8,26
2021-05-17,72,14,58
2021-05-17,85,15,70
2021-05-17,67,18,49
2021-05-17,49,14,35
2021-05-17,52,20,32
2021-05-17,31,13,18
2021-05-17,31,22,9
2021-05-17,48,27,21
2021-05-17,64,37,27
2021-05-17,86,67,19
2021-05-17,117,90,27
2021-05-17,83,56,27
2021-05-17,25,20,5
2021-05-17,18,11,7
2021-05-17,11,5,6
2021-05-17,10,6,4
2021-05-17,5,3,2
2021-05-18,4,3,1
2021-05-18,0,0,0
2021-05-18,2,1,1
2021-05-18,2,0,2
2021-05-18,3,1,2
2021-05-18,10,5,5
2021-05-18,37,9,28
2021-05-18,71,14,57
2021-05-18,93,16,77
2021-05-18,66,17,49
2021-05-18,46,13,33
2021-05-18,36,20,16
2021-05-18,51,21,30
2021-05-18,63,34,29
2021-05-18,42,20,22
2021-05-18,75,47,28
2021-05-18,94,72,22
2021-05-18,163,121,42
2021-05-18,109,76,33
2021-05-18,55,31,24
2021-05-18,40,15,25
2021-05-18,19,13,6
2021-05-18,12,7,5
2021-05-18,3,1,2
2021-05-19,5,3,2
2021-05-19,1,1,0
2021-05-19,1,1,0
2021-05-19,0,0,0
2021-05-19,4,2,2
2021-05-19,14,10,4
2021-05-19,48,11,37
2021-05-19,105,21,84
2021-05-19,87,16,71
2021-05-19,73,18,55
2021-05-19,54,21,33
2021-05-19,32,16,16
2021-05-19,68,37,31
2021-05-19,55,29,26
2021-05-19,72,44,28
2021-05-19,93,54,39
2021-05-19,127,97,30
2021-05-19,234,159,75
2021-05-19,190,124,66
2021-05-19,111,69,42
2021-05-19,59,25,34
2021-05-19,18,10,8
2021-05-19,15,7,8
2021-05-19,8,5,3
2021-05-20,2,2,0
2021-05-20,1,1,0
2021-05-20,1,1,0
2021-05-20,0,0,0
2021-05-20,6,4,2
2021-05-20,14,7,7
2021-05-20,43,13,30
2021-05-20,78,18,60
2021-05-20,96,13,83
2021-05-20,69,15,54
2021-05-20,46,10,36
2021-05-20,41,15,26
2021-05-20,45,21,24
2021-05-20,32,19,13
2021-05-20,71,42,29
2021-05-20,89,55,34
2021-05-20,121,88,33
2021-05-20,215,155,60
2021-05-20,162,116,46
2021-05-20,118,71,47
2021-05-20,59,23,36
2021-05-20,28,14,14
2021-05-20,20,6,14
2021-05-20,11,6,5
2021-05-21,2,1,1
2021-05-21,7,4,3
2021-05-21,1,1,0
2021-05-21,0,0,0
2021-05-21,4,2,2
2021-05-21,14,9,5
2021-05-21,33,11,22
2021-05-21,89,33,56
2021-05-21,98,21,77
2021-05-21,66,14,52
2021-05-21,52,16,36
2021-05-21,53,26,27
2021-05-21,47,20,27
2021-05-21,74,42,32
2021-05-21,95,60,35
2021-05-21,118,75,43
2021-05-21,151,102,49
2021-05-21,216,134,82
2021-05-21,169,101,68
2021-05-21,108,57,51
2021-05-21,86,46,40
2021-05-21,42,12,30
2021-05-21,23,13,10
2021-05-21,10,4,6
2021-05-22,14,4,10
2021-05-22,6,2,4
2021-05-22,0,0,0
2021-05-22,1,1,0
2021-05-22,4,2,2
2021-05-22,1,0,1
2021-05-22,11,3,8
2021-05-22,19,11,8
2021-05-22,41,11,30
2021-05-22,70,31,39
2021-05-22,80,32,48
2021-05-22,80,47,33
2021-05-22,96,48,48
2021-05-22,107,66,41
2021-05-22,122,57,65
2021-05-22,134,64,70
2021-05-22,171,85,86
2021-05-22,157,78,79
2021-05-22,108,48,60
2021-05-22,89,30,59
2021-05-22,43,16,27
2021-05-22,46,15,31
2021-05-22,26,10,16
2021-05-22,21,11,10
2021-05-23,17,6,11
2021-05-23,4,1,3
2021-05-23,2,1,1
2021-05-23,1,0,1
2021-05-23,0,0,0
2021-05-23,3,2,1
2021-05-23,12,3,9
2021-05-23,16,11,5
2021-05-23,27,10,17
2021-05-23,44,25,19
2021-05-23,58,26,32
2021-05-23,65,39,26
2021-05-23,105,49,56
2021-05-23,80,41,39
2021-05-23,101,53,48
2021-05-23,101,50,51
2021-05-23,106,56,50
2021-05-23,91,47,44
2021-05-23,64,23,41
2021-05-23,44,22,22
2021-05-23,33,11,22
2021-05-23,7,3,4
2021-05-23,13,3,10
2021-05-23,3,0,3
2021-05-24,1,0,1
2021-05-24,1,1,0
2021-05-24,1,1,0
2021-05-24,0,0,0
2021-05-24,6,5,1
2021-05-24,12,6,6
2021-05-24,18,7,11
2021-05-24,53,6,47
2021-05-24,62,4,58
2021-05-24,54,9,45
2021-05-24,28,6,22
2021-05-24,23,6,17
2021-05-24,35,16,19
2021-05-24,20,12,8
2021-05-24,30,23,7
2021-05-24,45,25,20
2021-05-24,83,63,20
2021-05-24,134,106,28
2021-05-24,78,55,23
2021-05-24,69,42,27
2021-05-24,30,19,11
2021-05-24,23,8,15
2021-05-24,16,7,9
2021-05-24,4,2,2
2021-05-25,4,4,0
2021-05-25,2,1,1
2021-05-25,0,0,0
2021-05-25,1,1,0
2021-05-25,3,2,1
2021-05-25,15,7,8
2021-05-25,33,6,27
2021-05-25,92,17,75
2021-05-25,99,15,84
2021-05-25,85,19,66
2021-05-25,60,17,43
2021-05-25,43,17,26
2021-05-25,48,22,26
2021-05-25,44,24,20
2021-05-25,58,34,24
2021-05-25,87,52,35
2021-05-25,155,122,33
2021-05-25,173,135,38
2021-05-25,145,96,49
2021-05-25,87,48,39
2021-05-25,71,33,38
2021-05-25,30,10,20
2021-05-25,22,6,16
2021-05-25,6,4,2
2021-05-26,1,0,1
2021-05-26,0,0,0
2021-05-26,4,3,1
2021-05-26,0,0,0
2021-05-26,7,3,4
2021-05-26,17,10,7
2021-05-26,34,6,28
2021-05-26,91,18,73
2021-05-26,118,18,100
2021-05-26,90,20,70
2021-05-26,74,25,49
2021-05-26,51,19,32
2021-05-26,55,25,30
2021-05-26,63,33,30
2021-05-26,76,48,28
2021-05-26,107,65,42
2021-05-26,166,119,47
2021-05-26,226,176,50
2021-05-26,161,112,49
2021-05-26,105,48,57
2021-05-26,72,24,48
2021-05-26,34,16,18
2021-05-26,18,7,11
2021-05-26,14,7,7
2021-05-27,4,4,0
2021-05-27,0,0,0
2021-05-27,1,0,1
2021-05-27,0,0,0
2021-05-27,2,0,2
2021-05-27,10,5,5
2021-05-27,16,3,13
2021-05-27,53,17,36
2021-05-27,56,5,51
2021-05-27,20,3,17
2021-05-27,16,4,12
2021-05-27,13,4,9
2021-05-27,20,11,9
2021-05-27,24,12,12
2021-05-27,20,12,8
2021-05-27,41,30,11
2021-05-27,54,37,17
2021-05-27,90,71,19
2021-05-27,79,53,26
2021-05-27,41,23,18
2021-05-27,18,11,7
2021-05-27,22,13,9
2021-05-27,12,7,5
2021-05-27,7,5,2
2021-05-28,1,1,0
2021-05-28,1,1,0
2021-05-28,1,1,0
2021-05-28,0,0,0
2021-05-28,4,1,3
2021-05-28,11,6,5
2021-05-28,29,5,24
2021-05-28,74,20,54
2021-05-28,81,12,69
2021-05-28,75,25,50
2021-05-28,45,20,25
2021-05-28,65,21,44
2021-05-28,63,25,38
2021-05-28,71,35,36
2021-05-28,116,63,53
2021-05-28,117,68,49
2021-05-28,129,87,42
2021-05-28,192,124,68
2021-05-28,125,76,49
2021-05-28,69,35,34
2021-05-28,82,38,44
2021-05-28,31,16,15
2021-05-28,13,9,4
2021-05-28,19,7,12
2021-05-29,7,3,4
2021-05-29,2,2,0
2021-05-29,8,7,1
2021-05-29,0,0,0
2021-05-29,1,1,0
2021-05-29,4,3,1
2021-05-29,5,2,3
2021-05-29,24,11,13
2021-05-29,38,19,19
2021-05-29,57,27,30
2021-05-29,83,53,30
2021-05-29,122,70,52
2021-05-29,144,88,56
2021-05-29,158,83,75
2021-05-29,181,101,80
2021-05-29,200,104,96
2021-05-29,179,87,92
2021-05-29,141,79,62
2021-05-29,115,55,60
2021-05-29,124,45,79
2021-05-29,66,34,32
2021-05-29,51,19,32
2021-05-29,23,8,15
2021-05-29,14,9,5
2021-05-30,22,11,11
2021-05-30,4,2,2
2021-05-30,1,1,0
2021-05-30,2,1,1
2021-05-30,0,0,0
2021-05-30,4,0,4
2021-05-30,6,3,3
2021-05-30,19,13,6
2021-05-30,35,14,21
2021-05-30,68,33,35
2021-05-30,108,51,57
2021-05-30,94,46,48
2021-05-30,116,56,60
2021-05-30,105,69,36
2021-05-30,131,74,57
2021-05-30,132,74,58
2021-05-30,112,47,65
2021-05-30,120,51,69
2021-05-30,104,40,64
2021-05-30,70,27,43
2021-05-30,41,21,20
2021-05-30,26,14,12
2021-05-30,28,11,17
2021-05-30,13,4,9
2021-05-31,3,1,2
2021-05-31,1,1,0
2021-05-31,2,0,2
2021-05-31,2,1,1
2021-05-31,5,3,2
2021-05-31,7,2,5
2021-05-31,12,2,10
2021-05-31,16,6,10
2021-05-31,38,24,14
2021-05-31,72,33,39
2021-05-31,124,60,64
2021-05-31,151,73,78
2021-05-31,168,106,62
2021-05-31,176,90,86
2021-05-31,189,91,98
2021-05-31,184,85,99
2021-05-31,155,88,67
2021-05-31,160,78,82
2021-05-31,111,58,53
2021-05-31,81,42,39
2021-05-31,70,25,45
2021-05-31,30,14,16
2021-05-31,19,4,15
2021-05-31,13,6,7
2021-06-04,25,15,10
2021-06-05,10,5,5
2021-06-05,5,3,2
2021-06-05,2,1,1
2021-06-05,1,1,0
2021-06-05,0,0,0
2021-06-05,7,6,1
2021-06-05,16,7,9
2021-06-05,19,8,11
2021-06-05,20,6,14
2021-06-05,54,26,28
2021-06-05,72,41,31
2021-06-05,74,54,20
2021-06-05,116,55,61
2021-06-05,123,56,67
2021-06-05,130,56,74
2021-06-05,131,73,58
2021-06-05,104,54,50
2021-06-05,111,56,55
2021-06-05,65,25,40
2021-06-05,77,24,53
2021-06-05,26,11,15
2021-06-05,30,12,18
2021-06-05,13,10,3
2021-06-05,8,4,4
2021-06-06,9,2,7
2021-06-06,4,2,2
2021-06-06,1,1,0
2021-06-06,0,0,0
2021-06-06,0,0,0
2021-06-06,2,0,2
2021-06-06,5,2,3
2021-06-06,10,6,4
2021-06-06,9,1,8
2021-06-06,41,22,19
2021-06-06,46,30,16
2021-06-06,47,21,26
2021-06-06,35,17,18
2021-06-06,45,22,23
2021-06-06,29,13,16
2021-06-06,29,16,13
2021-06-06,28,16,12
2021-06-06,21,9,12
2021-06-06,11,1,10
2021-06-06,13,10,3
2021-06-06,8,5,3
2021-06-06,6,4,2
2021-06-06,3,2,1
2021-06-06,3,2,1
2021-06-07,0,0,0
2021-06-07,0,0,0
2021-06-07,1,1,0
2021-06-07,0,0,0
2021-06-07,3,2,1
2021-06-07,14,8,6
2021-06-07,25,8,17
2021-06-07,68,14,54
2021-06-07,86,4,82
2021-06-07,73,12,61
2021-06-07,50,21,29
2021-06-07,61,27,34
2021-06-07,38,19,19
2021-06-07,66,39,27
2021-06-07,47,28,19
2021-06-07,73,38,35
2021-06-07,134,97,37
2021-06-07,208,151,57
2021-06-07,174,120,54
2021-06-07,117,62,55
2021-06-07,77,27,50
2021-06-07,42,20,22
2021-06-07,16,7,9
2021-06-07,6,2,4
2021-06-08,7,3,4
2021-06-08,0,0,0
2021-06-08,0,0,0
2021-06-08,0,0,0
2021-06-08,8,6,2
2021-06-08,17,10,7
2021-06-08,52,10,42
2021-06-08,125,31,94
2021-06-08,163,27,136
2021-06-08,82,21,61
2021-06-08,58,17,41
2021-06-08,64,26,38
2021-06-08,64,28,36
2021-06-08,52,27,25
2021-06-08,89,53,36
2021-06-08,109,78,31
2021-06-08,189,133,56
2021-06-08,292,222,70
2021-06-08,216,124,92
2021-06-08,81,45,36
2021-06-08,54,23,31
2021-06-08,30,20,10
2021-06-08,16,7,9
2021-06-08,8,3,5
2021-06-09,2,1,1
2021-06-09,1,1,0
2021-06-09,0,0,0
2021-06-09,0,0,0
2021-06-09,6,2,4
2021-06-09,19,12,7
2021-06-09,48,13,35
2021-06-09,135,36,99
2021-06-09,153,28,125
2021-06-09,101,26,75
2021-06-09,76,30,46
2021-06-09,68,32,36
2021-06-09,91,44,47
2021-06-09,88,53,35
2021-06-09,92,46,46
2021-06-09,129,82,47
2021-06-09,168,122,46
2021-06-09,262,205,57
2021-06-09,191,131,60
2021-06-09,153,82,71
2021-06-09,73,27,46
2021-06-09,47,25,22
2021-06-09,36,14,22
2021-06-09,18,8,10
2021-06-10,4,2,2
2021-06-10,0,0,0
2021-06-10,1,0,1
2021-06-10,0,0,0
2021-06-10,6,4,2
2021-06-10,23,17,6
2021-06-10,49,14,35
2021-06-10,113,22,91
2021-06-10,134,22,112
2021-06-10,90,23,67
2021-06-10,56,17,39
2021-06-10,51,16,35
2021-06-10,66,32,34
2021-06-10,71,35,36
2021-06-10,99,44,55
2021-06-10,86,49,37
2021-06-10,165,124,41
2021-06-10,218,167,51
2021-06-10,176,114,62
2021-06-10,126,79,47
2021-06-10,97,50,47
2021-06-10,51,14,37
2021-06-10,22,14,8
2021-06-10,17,8,9
2021-06-11,5,1,4
2021-06-11,3,3,0
2021-06-11,2,0,2
2021-06-11,1,0,1
2021-06-11,4,1,3
2021-06-11,9,6,3
2021-06-11,39,12,27
2021-06-11,75,18,57
2021-06-11,73,9,64
2021-06-11,42,9,33
2021-06-11,43,17,26
2021-06-11,14,7,7
2021-06-11,21,6,15
2021-06-11,18,12,6
2021-06-11,31,20,11
2021-06-11,35,28,7
2021-06-11,64,51,13
2021-06-11,96,77,19
2021-06-11,117,97,20
2021-06-11,93,24,69
2021-06-11,31,17,14
2021-06-11,15,9,6
2021-06-11,6,4,2
2021-06-11,4,3,1
2021-06-12,5,2,3
2021-06-12,3,1,2
2021-06-12,0,0,0
2021-06-12,3,1,2
2021-06-12,5,2,3
2021-06-12,4,0,4
2021-06-12,14,7,7
2021-06-12,30,16,14
2021-06-12,34,10,24
2021-06-12,62,27,35
2021-06-12,113,66,47
2021-06-12,106,61,45
2021-06-12,138,69,69
2021-06-12,163,90,73
2021-06-12,170,98,72
2021-06-12,177,90,87
2021-06-12,206,110,96
2021-06-12,142,77,65
2021-06-12,143,64,79
2021-06-12,100,30,70
2021-06-12,56,28,28
2021-06-12,27,17,10
2021-06-12,11,1,10
2021-06-12,5,2,3
2021-06-13,9,5,4
2021-06-13,0,0,0
2021-06-13,1,0,1
2021-06-13,0,0,0
2021-06-13,1,1,0
2021-06-13,7,4,3
2021-06-13,4,1,3
2021-06-13,15,12,3
2021-06-13,6,2,4
2021-06-13,17,5,12
2021-06-13,19,9,10
2021-06-13,40,24,16
2021-06-13,44,26,18
2021-06-13,66,27,39
2021-06-13,33,18,15
2021-06-13,27,8,19
2021-06-13,20,11,9
2021-06-13,27,18,9
2021-06-13,12,4,8
2021-06-13,4,4,0
2021-06-13,3,2,1
2021-06-13,7,2,5
2021-06-13,7,4,3
2021-06-13,3,1,2
2021-06-14,0,0,0
2021-06-14,1,0,1
2021-06-14,0,0,0
2021-06-14,0,0,0
2021-06-14,6,3,3
2021-06-14,16,11,5
2021-06-14,25,9,16
2021-06-14,83,22,61
2021-06-14,74,7,67
2021-06-14,61,10,51
2021-06-14,23,11,12
2021-06-14,17,4,13
2021-06-14,15,9,6
2021-06-14,25,12,13
2021-06-14,39,19,20
2021-06-14,53,36,17
2021-06-14,103,72,31
2021-06-14,122,105,17
2021-06-14,116,83,33
2021-06-14,98,62,36
2021-06-14,45,18,27
2021-06-14,36,18,18
2021-06-14,7,3,4
2021-06-14,6,3,3
2021-06-15,4,2,2
2021-06-15,1,0,1
2021-06-15,0,0,0
2021-06-15,1,0,1
2021-06-15,5,2,3
2021-06-15,18,9,9
2021-06-15,47,13,34
2021-06-15,117,30,87
2021-06-15,137,22,115
2021-06-15,85,16,69
2021-06-15,63,21,42
2021-06-15,48,21,27
2021-06-15,77,25,52
2021-06-15,56,29,27
2021-06-15,71,45,26
2021-06-15,81,53,28
2021-06-15,139,102,37
2021-06-15,204,165,39
2021-06-15,186,128,58
2021-06-15,115,70,45
2021-06-15,77,37,40
2021-06-15,44,19,25
2021-06-15,20,7,13
2021-06-15,14,10,4
2021-06-16,8,4,4
2021-06-16,4,3,1
2021-06-16,1,1,0
2021-06-16,2,1,1
2021-06-16,9,1,8
2021-06-16,21,12,9
2021-06-16,59,17,42
2021-06-16,122,23,99
2021-06-16,152,18,134
2021-06-16,86,19,67
2021-06-16,53,18,35
2021-06-16,46,15,31
2021-06-16,68,35,33
2021-06-16,82,42,40
2021-06-16,103,55,48
2021-06-16,144,90,54
2021-06-16,192,128,64
2021-06-16,300,231,69
2021-06-16,240,151,89
2021-06-16,175,101,74
2021-06-16,107,36,71
2021-06-16,63,27,36
2021-06-16,28,13,15
2021-06-16,19,12,7
2021-06-17,8,5,3
2021-06-17,0,0,0
2021-06-17,1,1,0
2021-06-17,0,0,0
2021-06-17,6,3,3
2021-06-17,21,13,8
2021-06-17,53,10,43
2021-06-17,125,25,100
2021-06-17,140,18,122
2021-06-17,106,28,78
2021-06-17,56,22,34
2021-06-17,62,21,41
2021-06-17,62,31,31
2021-06-17,82,40,42
2021-06-17,109,63,46
2021-06-17,97,60,37
2021-06-17,207,149,58
2021-06-17,242,182,60
2021-06-17,212,144,68
2021-06-17,168,88,80
2021-06-17,126,72,54
2021-06-17,64,21,43
2021-06-17,33,8,25
2021-06-17,14,12,2
2021-06-18,6,3,3
2021-06-18,5,5,0
2021-06-18,6,6,0
2021-06-18,7,1,6
2021-06-18,5,2,3
2021-06-18,17,10,7
2021-06-18,36,11,25
2021-06-18,87,14,73
2021-06-18,101,18,83
2021-06-18,103,22,81
2021-06-18,68,36,32
2021-06-18,96,46,50
2021-06-18,82,48,34
2021-06-18,92,50,42
2021-06-18,102,49,53
2021-06-18,118,71,47
2021-06-18,196,134,62
2021-06-18,239,162,77
2021-06-18,196,119,77
2021-06-18,129,63,66
2021-06-18,69,35,34
2021-06-18,66,28,38
2021-06-18,22,6,16
2021-06-18,16,8,8
2021-06-19,11,6,5
2021-06-19,6,3,3
2021-06-19,3,3,0
2021-06-19,1,0,1
2021-06-19,6,2,4
2021-06-19,3,2,1
2021-06-19,12,6,6
2021-06-19,28,14,14
2021-06-19,52,21,31
2021-06-19,71,43,28
2021-06-19,107,62,45
2021-06-19,136,57,79
2021-06-19,183,91,92
2021-06-19,157,84,73
2021-06-19,179,104,75
2021-06-19,153,68,85
2021-06-19,166,82,84
2021-06-19,128,68,60
2021-06-19,133,64,69
2021-06-19,101,38,63
2021-06-19,73,34,39
2021-06-19,64,23,41
2021-06-19,34,12,22
2021-06-19,18,12,6
2021-06-20,14,4,10
2021-06-20,2,1,1
2021-06-20,2,1,1
2021-06-20,3,0,3
2021-06-20,2,0,2
2021-06-20,3,2,1
2021-06-20,7,3,4
2021-06-20,26,11,15
2021-06-20,58,36,22
2021-06-20,78,41,37
2021-06-20,93,56,37
2021-06-20,140,77,63
2021-06-20,179,110,69
2021-06-20,141,86,55
2021-06-20,181,98,83
2021-06-20,158,104,54
2021-06-20,173,76,97
2021-06-20,145,84,61
2021-06-20,117,50,67
2021-06-20,76,28,48
2021-06-20,77,31,46
2021-06-20,43,12,31
2021-06-20,28,5,23
2021-06-20,13,4,9
2021-06-21,9,2,7
2021-06-21,1,0,1
2021-06-21,1,0,1
2021-06-21,0,0,0
2021-06-21,5,1,4
2021-06-21,28,17,11
2021-06-21,40,9,31
2021-06-21,120,25,95
2021-06-21,144,22,122
2021-06-21,103,28,75
2021-06-21,67,27,40
2021-06-21,84,44,40
2021-06-21,60,24,36
2021-06-21,74,41,33
2021-06-21,89,51,38
2021-06-21,118,82,36
2021-06-21,159,111,48
2021-06-21,251,190,61
2021-06-21,200,122,78
2021-06-21,127,67,60
2021-06-21,108,44,64
2021-06-21,75,41,34
2021-06-21,42,13,29
2021-06-21,19,11,8
2021-06-22,1,0,1
2021-06-22,1,0,1
2021-06-22,2,0,2
2021-06-22,0,0,0
2021-06-22,8,5,3
2021-06-22,21,10,11
2021-06-22,59,18,41
2021-06-22,132,27,105
2021-06-22,180,35,145
2021-06-22,114,21,93
2021-06-22,56,28,28
2021-06-22,51,19,32
2021-06-22,60,32,28
2021-06-22,80,37,43
2021-06-22,87,51,36
2021-06-22,101,54,47
2021-06-22,180,129,51
2021-06-22,279,208,71
2021-06-22,210,124,86
2021-06-22,159,90,69
2021-06-22,116,48,68
2021-06-22,74,28,46
2021-06-22,30,17,13
2021-06-22,23,16,7
2021-06-23,4,3,1
2021-06-23,3,1,2
2021-06-23,0,0,0
2021-06-23,2,1,1
2021-06-23,4,1,3
2021-06-23,23,10,13
2021-06-23,49,13,36
2021-06-23,108,21,87
2021-06-23,148,14,134
2021-06-23,109,25,84
2021-06-23,74,24,50
2021-06-23,66,25,41
2021-06-23,81,38,43
2021-06-23,78,46,32
2021-06-23,86,41,45
2021-06-23,117,70,47
2021-06-23,177,140,37
2021-06-23,282,211,71
2021-06-23,228,143,85
2021-06-23,124,77,47
2021-06-23,114,54,60
2021-06-23,74,41,33
2021-06-23,26,8,18
2021-06-23,13,10,3
2021-06-24,3,3,0
2021-06-24,1,0,1
2021-06-24,0,0,0
2021-06-24,1,1,0
2021-06-24,7,5,2
2021-06-24,21,11,10
2021-06-24,53,17,36
2021-06-24,130,26,104
2021-06-24,163,27,136
2021-06-24,98,21,77
2021-06-24,51,19,32
2021-06-24,76,34,42
2021-06-24,69,37,32
2021-06-24,86,46,40
2021-06-24,92,54,38
2021-06-24,96,64,32
2021-06-24,187,129,58
2021-06-24,303,224,79
2021-06-24,254,175,79
2021-06-24,150,79,71
2021-06-24,88,38,50
2021-06-24,70,37,33
2021-06-24,52,22,30
2021-06-24,17,13,4
2021-06-25,19,9,10
2021-06-25,7,4,3
2021-06-25,3,2,1
2021-06-25,1,0,1
2021-06-25,4,3,1
2021-06-25,19,11,8
2021-06-25,47,15,32
2021-06-25,85,24,61
2021-06-25,132,28,104
2021-06-25,102,29,73
2021-06-25,76,38,38
2021-06-25,75,34,41
2021-06-25,64,32,32
2021-06-25,56,27,29
2021-06-25,104,70,34
2021-06-25,100,63,37
2021-06-25,172,107,65
2021-06-25,195,133,62
2021-06-25,151,92,59
2021-06-25,102,59,43
2021-06-25,104,61,43
2021-06-25,75,33,42
2021-06-25,63,30,33
2021-06-25,28,18,10
2021-06-26,19,11,8
2021-06-26,6,2,4
2021-06-26,6,5,1
2021-06-26,1,0,1
2021-06-26,0,0,0
2021-06-26,13,8,5
2021-06-26,22,10,12
2021-06-26,45,22,23
2021-06-26,66,26,40
2021-06-26,97,57,40
2021-06-26,79,47,32
2021-06-26,90,43,47
2021-06-26,90,53,37
2021-06-26,71,41,30
2021-06-26,90,38,52
2021-06-26,68,32,36
2021-06-26,54,22,32
2021-06-26,45,16,29
2021-06-26,60,41,19
2021-06-26,82,32,50
2021-06-26,57,34,23
2021-06-26,51,30,21
2021-06-26,27,7,20
2021-06-26,42,10,32
2021-06-27,16,7,9
2021-06-27,9,5,4
2021-06-27,8,7,1
2021-06-27,1,1,0
2021-06-27,1,1,0
2021-06-27,3,1,2
2021-06-27,20,10,10
2021-06-27,27,16,11
2021-06-27,56,28,28
2021-06-27,64,31,33
2021-06-27,78,39,39
2021-06-27,79,47,32
2021-06-27,61,35,26
2021-06-27,53,30,23
2021-06-27,43,18,25
2021-06-27,44,20,24
2021-06-27,32,12,20
2021-06-27,44,24,20
2021-06-27,33,26,7
2021-06-27,28,16,12
2021-06-27,39,26,13
2021-06-27,48,21,27
2021-06-27,21,14,7
2021-06-27,9,5,4
2021-06-28,4,3,1
2021-06-28,1,1,0
2021-06-28,1,0,1
2021-06-28,1,1,0
2021-06-28,8,2,6
2021-06-28,19,8,11
2021-06-28,39,12,27
2021-06-28,84,17,67
2021-06-28,84,14,70
2021-06-28,73,14,59
2021-06-28,41,19,22
2021-06-28,31,17,14
2021-06-28,25,6,19
2021-06-28,30,16,14
2021-06-28,29,13,16
2021-06-28,48,27,21
2021-06-28,86,64,22
2021-06-28,68,55,13
2021-06-28,72,51,21
2021-06-28,53,43,10
2021-06-28,55,29,26
2021-06-28,28,17,11
2021-06-28,30,12,18
2021-06-28,10,9,1
2021-06-29,5,4,1
2021-06-29,4,3,1
2021-06-29,1,0,1
2021-06-29,0,0,0
2021-06-29,11,6,5
2021-06-29,17,9,8
2021-06-29,69,28,41
2021-06-29,110,25,85
2021-06-29,141,31,110
2021-06-29,97,18,79
2021-06-29,73,34,39
2021-06-29,82,22,60
2021-06-29,68,28,40
2021-06-29,57,25,32
2021-06-29,58,36,22
2021-06-29,72,51,21
2021-06-29,140,111,29
2021-06-29,171,130,41
2021-06-29,148,115,33
2021-06-29,97,52,45
2021-06-29,97,50,47
2021-06-29,82,38,44
2021-06-29,28,13,15
2021-06-29,15,6,9
2021-06-30,5,3,2
2021-06-30,1,0,1
2021-06-30,2,2,0
2021-06-30,1,0,1
2021-06-30,6,3,3
2021-06-30,29,14,15
2021-06-30,65,18,47
2021-06-30,120,27,93
2021-06-30,178,27,151
2021-06-30,124,25,99
2021-06-30,62,25,37
2021-06-30,61,20,41
2021-06-30,66,36,30
2021-06-30,72,36,36
2021-06-30,90,54,36
2021-06-30,114,75,39
2021-06-30,151,110,41
2021-06-30,235,185,50
2021-06-30,195,137,58
2021-06-30,154,99,55
2021-06-30,124,51,73
2021-06-30,67,33,34
2021-06-30,26,10,16
2021-06-30,21,7,14
2021-07-01,4,2,2
2021-07-01,3,0,3
2021-07-01,1,0,1
2021-07-01,0,0,0
2021-07-01,6,4,2
2021-07-01,25,10,15
2021-07-01,55,16,39
2021-07-01,114,22,92
2021-07-01,134,25,109
2021-07-01,116,21,95
2021-07-01,51,29,22
2021-07-01,83,29,54
2021-07-01,82,37,45
2021-07-01,55,30,25
2021-07-01,72,37,35
2021-07-01,127,89,38
2021-07-01,148,102,46
2021-07-01,212,167,45
2021-07-01,181,129,52
2021-07-01,144,97,47
2021-07-01,84,39,45
2021-07-01,56,24,32
2021-07-01,48,21,27
2021-07-01,17,10,7
2021-07-02,8,5,3
2021-07-02,7,4,3
2021-07-02,0,0,0
2021-07-02,1,0,1
2021-07-02,5,2,3
2021-07-02,17,8,9
2021-07-02,50,19,31
2021-07-02,93,28,65
2021-07-02,110,22,88
2021-07-02,107,25,82
2021-07-02,54,24,30
2021-07-02,78,22,56
2021-07-02,92,52,40
2021-07-02,83,53,30
2021-07-02,97,56,41
2021-07-02,137,84,53
2021-07-02,159,105,54
2021-07-02,201,130,71
2021-07-02,146,86,60
2021-07-02,114,71,43
2021-07-02,80,31,49
2021-07-02,52,21,31
2021-07-02,33,10,23
2021-07-02,17,9,8
2021-07-03,27,19,8
2021-07-03,22,15,7
2021-07-03,1,0,1
2021-07-03,2,2,0
2021-07-03,2,1,1
2021-07-03,3,1,2
2021-07-03,21,13,8
2021-07-03,45,22,23
2021-07-03,43,15,28
2021-07-03,83,43,40
2021-07-03,120,69,51
2021-07-03,135,65,70
2021-07-03,130,75,55
2021-07-03,134,65,69
2021-07-03,126,81,45
2021-07-03,169,87,82
2021-07-03,153,71,82
2021-07-03,120,63,57
2021-07-03,93,52,41
2021-07-03,129,57,72
2021-07-03,77,35,42
2021-07-03,69,30,39
2021-07-03,59,26,33
2021-07-03,30,14,16
2021-07-04,12,8,4
2021-07-04,6,2,4
2021-07-04,6,3,3
2021-07-04,3,2,1
2021-07-04,1,0,1
2021-07-04,5,1,4
2021-07-04,7,3,4
2021-07-04,18,10,8
2021-07-04,24,11,13
2021-07-04,54,21,33
2021-07-04,84,57,27
2021-07-04,64,40,24
2021-07-04,165,98,67
2021-07-04,146,81,65
2021-07-04,147,72,75
2021-07-04,161,93,68
2021-07-04,126,58,68
2021-07-04,137,68,69
2021-07-04,104,54,50
2021-07-04,88,48,40
2021-07-04,87,41,46
2021-07-04,77,35,42
2021-07-04,29,11,18
2021-07-04,29,14,15
2021-07-05,6,3,3
2021-07-05,6,1,5
2021-07-05,2,0,2
2021-07-05,5,3,2
2021-07-05,3,2,1
2021-07-05,8,2,6
2021-07-05,17,5,12
2021-07-05,27,12,15
2021-07-05,37,20,17
2021-07-05,50,21,29
2021-07-05,66,38,28
2021-07-05,92,50,42
2021-07-05,92,44,48
2021-07-05,118,65,53
2021-07-05,116,64,52
2021-07-05,149,88,61
2021-07-05,154,83,71
2021-07-05,159,83,76
2021-07-05,107,64,43
2021-07-05,105,47,58
2021-07-05,68,32,36
2021-07-05,43,12,31
2021-07-05,19,8,11
2021-07-05,14,9,5
2021-07-06,5,3,2
2021-07-06,2,0,2
2021-07-06,3,0,3
2021-07-06,0,0,0
2021-07-06,11,6,5
2021-07-06,17,10,7
2021-07-06,51,15,36
2021-07-06,135,30,105
2021-07-06,140,25,115
2021-07-06,96,22,74
2021-07-06,65,32,33
2021-07-06,53,21,32
2021-07-06,46,20,26
2021-07-06,72,40,32
2021-07-06,76,39,37
2021-07-06,107,63,44
2021-07-06,200,135,65
2021-07-06,237,178,59
2021-07-06,190,131,59
2021-07-06,105,62,43
2021-07-06,88,51,37
2021-07-06,63,36,27
2021-07-06,32,15,17
2021-07-06,10,8,2
2021-07-07,7,1,6
2021-07-07,5,3,2
2021-07-07,7,2,5
2021-07-07,5,1,4
2021-07-07,10,4,6
2021-07-07,17,7,10
2021-07-07,51,15,36
2021-07-07,138,28,110
2021-07-07,151,20,131
2021-07-07,116,33,83
2021-07-07,59,19,40
2021-07-07,50,18,32
2021-07-07,60,26,34
2021-07-07,61,30,31
2021-07-07,67,34,33
2021-07-07,100,68,32
2021-07-07,166,125,41
2021-07-07,291,211,80
2021-07-07,212,135,77
2021-07-07,120,76,44
2021-07-07,107,50,57
2021-07-07,60,22,38
2021-07-07,31,13,18
2021-07-07,15,7,8
2021-07-08,4,2,2
2021-07-08,2,2,0
2021-07-08,0,0,0
2021-07-08,1,0,1
2021-07-08,13,10,3
2021-07-08,10,5,5
2021-07-08,57,15,42
2021-07-08,120,23,97
2021-07-08,134,15,119
2021-07-08,108,29,79
2021-07-08,63,22,41
2021-07-08,78,28,50
2021-07-08,77,36,41
2021-07-08,50,26,24
2021-07-08,76,42,34
2021-07-08,83,51,32
2021-07-08,167,121,46
2021-07-08,246,187,59
2021-07-08,186,119,67
2021-07-08,143,74,69
2021-07-08,84,50,34
2021-07-08,66,19,47
2021-07-08,43,21,22
2021-07-08,16,9,7
2021-07-09,7,1,6
2021-07-09,6,1,5
2021-07-09,6,4,2
2021-07-09,2,0,2
2021-07-09,3,1,2
2021-07-09,15,6,9
2021-07-09,42,14,28
2021-07-09,95,17,78
2021-07-09,116,17,99
2021-07-09,88,20,68
2021-07-09,78,24,54
2021-07-09,87,38,49
2021-07-09,83,47,36
2021-07-09,55,31,24
2021-07-09,107,60,47
2021-07-09,132,71,61
2021-07-09,205,140,65
2021-07-09,216,144,72
2021-07-09,150,102,48
2021-07-09,132,72,60
2021-07-09,77,42,35
2021-07-09,56,25,31
2021-07-09,30,18,12
2021-07-09,39,21,18
2021-07-10,18,13,5
2021-07-10,4,2,2
2021-07-10,10,5,5
2021-07-10,2,2,0
2021-07-10,0,0,0
2021-07-10,8,5,3
2021-07-10,15,9,6
2021-07-10,36,20,16
2021-07-10,42,21,21
2021-07-10,62,37,25
2021-07-10,98,48,50
2021-07-10,114,49,65
2021-07-10,150,79,71
2021-07-10,144,76,68
2021-07-10,132,59,73
2021-07-10,149,86,63
2021-07-10,153,77,76
2021-07-10,112,57,55
2021-07-10,100,54,46
2021-07-10,136,63,73
2021-07-10,80,33,47
2021-07-10,76,29,47
2021-07-10,39,14,25
2021-07-10,27,18,9
2021-07-11,28,7,21
2021-07-11,12,7,5
2021-07-11,7,4,3
2021-07-11,2,1,1
2021-07-11,0,0,0
2021-07-11,7,3,4
2021-07-11,14,7,7
2021-07-11,25,17,8
2021-07-11,40,19,21
2021-07-11,79,44,35
2021-07-11,107,58,49
2021-07-11,139,83,56
2021-07-11,119,68,51
2021-07-11,152,96,56
2021-07-11,101,63,38
2021-07-11,142,65,77
2021-07-11,144,71,73
2021-07-11,128,60,68
2021-07-11,119,55,64
2021-07-11,94,48,46
2021-07-11,58,27,31
2021-07-11,51,20,31
2021-07-11,13,5,8
2021-07-11,14,6,8
2021-07-12,4,1,3
2021-07-12,1,0,1
2021-07-12,2,0,2
2021-07-12,1,1,0
2021-07-12,5,1,4
2021-07-12,19,10,9
2021-07-12,54,17,37
2021-07-12,132,22,110
2021-07-12,167,19,148
2021-07-12,116,21,95
2021-07-12,72,29,43
2021-07-12,54,23,31
2021-07-12,85,41,44
2021-07-12,77,43,34
2021-07-12,78,43,35
2021-07-12,90,60,30
2021-07-12,176,129,47
2021-07-12,281,225,56
2021-07-12,205,135,70
2021-07-12,161,97,64
2021-07-12,109,50,59
2021-07-12,67,27,40
2021-07-12,22,8,14
2021-07-12,19,8,11
2021-07-13,2,1,1
2021-07-13,4,3,1
2021-07-13,6,4,2
2021-07-13,2,0,2
2021-07-13,11,5,6
2021-07-13,26,13,13
2021-07-13,65,22,43
2021-07-13,134,26,108
2021-07-13,193,32,161
2021-07-13,118,21,97
2021-07-13,64,17,47
2021-07-13,60,26,34
2021-07-13,94,51,43
2021-07-13,75,39,36
2021-07-13,97,53,44
2021-07-13,147,90,57
2021-07-13,212,146,66
2021-07-13,256,199,57
2021-07-13,228,155,73
2021-07-13,159,92,67
2021-07-13,116,55,61
2021-07-13,68,32,36
2021-07-13,32,13,19
2021-07-13,14,7,7
2021-07-14,9,5,4
2021-07-14,4,3,1
2021-07-14,2,0,2
2021-07-14,4,0,4
2021-07-14,4,3,1
2021-07-14,20,9,11
2021-07-14,71,25,46
2021-07-14,135,19,116
2021-07-14,175,19,156
2021-07-14,117,20,97
2021-07-14,64,23,41
2021-07-14,49,25,24
2021-07-14,83,33,50
2021-07-14,60,30,30
2021-07-14,94,64,30
2021-07-14,131,84,47
2021-07-14,172,125,47
2021-07-14,295,236,59
2021-07-14,248,188,60
2021-07-14,120,68,52
2021-07-14,120,45,75
2021-07-14,67,37,30
2021-07-14,39,21,18
2021-07-14,17,8,9
2021-07-15,4,2,2
2021-07-15,1,0,1
2021-07-15,0,0,0
2021-07-15,2,0,2
2021-07-15,9,5,4
2021-07-15,20,11,9
2021-07-15,46,13,33
2021-07-15,122,21,101
2021-07-15,147,21,126
2021-07-15,101,12,89
2021-07-15,81,26,55
2021-07-15,78,28,50
2021-07-15,78,35,43
2021-07-15,55,24,31
2021-07-15,79,49,30
2021-07-15,120,79,41
2021-07-15,162,123,39
2021-07-15,271,217,54
2021-07-15,218,145,73
2021-07-15,123,76,47
2021-07-15,107,52,55
2021-07-15,62,20,42
2021-07-15,33,11,22
2021-07-15,12,8,4
2021-07-16,10,5,5
2021-07-16,3,1,2
2021-07-16,0,0,0
2021-07-16,1,0,1
2021-07-16,4,1,3
2021-07-16,9,7,2
2021-07-16,54,20,34
2021-07-16,91,20,71
2021-07-16,114,17,97
2021-07-16,90,17,73
2021-07-16,70,22,48
2021-07-16,84,33,51
2021-07-16,63,31,32
2021-07-16,62,38,24
2021-07-16,94,50,44
2021-07-16,120,74,46
2021-07-16,164,117,47
2021-07-16,224,156,68
2021-07-16,134,80,54
2021-07-16,95,55,40
2021-07-16,54,27,27
2021-07-16,57,26,31
2021-07-16,36,17,19
2021-07-16,11,7,4
2021-07-17,8,4,4
2021-07-17,14,2,12
2021-07-17,6,4,2
2021-07-17,0,0,0
2021-07-17,1,0,1
2021-07-17,4,3,1
2021-07-17,17,6,11
2021-07-17,25,11,14
2021-07-17,35,19,16
2021-07-17,62,26,36
2021-07-17,87,50,37
2021-07-17,105,48,57
2021-07-17,113,58,55
2021-07-17,167,85,82
2021-07-17,163,79,84
2021-07-17,172,95,77
2021-07-17,187,98,89
2021-07-17,163,84,79
2021-07-17,130,76,54
2021-07-17,103,43,60
2021-07-17,74,42,32
2021-07-17,53,20,33
2021-07-17,32,14,18
2021-07-17,10,4,6
2021-07-18,18,5,13
2021-07-18,7,5,2
2021-07-18,4,0,4
2021-07-18,0,0,0
2021-07-18,1,1,0
2021-07-18,2,1,1
2021-07-18,12,5,7
2021-07-18,29,22,7
2021-07-18,43,18,25
2021-07-18,89,43,46
2021-07-18,117,70,47
2021-07-18,151,83,68
2021-07-18,168,101,67
2021-07-18,216,102,114
2021-07-18,187,94,93
2021-07-18,149,70,79
2021-07-18,146,69,77
2021-07-18,126,58,68
2021-07-18,133,63,70
2021-07-18,96,41,55
2021-07-18,75,30,45
2021-07-18,49,21,28
2021-07-18,14,6,8
2021-07-18,11,7,4
2021-07-19,6,3,3
2021-07-19,3,1,2
2021-07-19,1,1,0
2021-07-19,0,0,0
2021-07-19,8,3,5
2021-07-19,20,9,11
2021-07-19,56,23,33
2021-07-19,115,18,97
2021-07-19,167,19,148
2021-07-19,111,24,87
2021-07-19,64,26,38
2021-07-19,70,28,42
2021-07-19,61,29,32
2021-07-19,63,34,29
2021-07-19,74,37,37
2021-07-19,106,70,36
2021-07-19,189,137,52
2021-07-19,254,204,50
2021-07-19,235,153,82
2021-07-19,171,93,78
2021-07-19,100,38,62
2021-07-19,46,20,26
2021-07-19,21,12,9
2021-07-19,11,9,2
2021-07-20,6,2,4
2021-07-20,8,2,6
2021-07-20,3,2,1
2021-07-20,2,1,1
2021-07-20,12,8,4
2021-07-20,18,9,9
2021-07-20,57,16,41
2021-07-20,145,24,121
2021-07-20,164,18,146
2021-07-20,107,22,85
2021-07-20,62,20,42
2021-07-20,44,10,34
2021-07-20,52,19,33
2021-07-20,57,34,23
2021-07-20,75,43,32
2021-07-20,104,66,38
2021-07-20,183,126,57
2021-07-20,266,218,48
2021-07-20,202,139,63
2021-07-20,116,72,44
2021-07-20,108,62,46
2021-07-20,64,24,40
2021-07-20,30,13,17
2021-07-20,14,8,6
2021-07-21,6,2,4
2021-07-21,2,1,1
2021-07-21,2,1,1
2021-07-21,2,1,1
2021-07-21,7,3,4
2021-07-21,18,9,9
2021-07-21,68,21,47
2021-07-21,149,27,122
2021-07-21,184,30,154
2021-07-21,121,23,98
2021-07-21,62,17,45
2021-07-21,50,19,31
2021-07-21,67,37,30
2021-07-21,70,32,38
2021-07-21,89,54,35
2021-07-21,117,79,38
2021-07-21,186,138,48
2021-07-21,315,243,72
2021-07-21,239,172,67
2021-07-21,142,91,51
2021-07-21,112,51,61
2021-07-21,56,21,35
2021-07-21,27,12,15
2021-07-21,20,8,12
2021-07-22,6,4,2
2021-07-22,5,2,3
2021-07-22,0,0,0
2021-07-22,1,0,1
2021-07-22,12,7,5
2021-07-22,16,11,5
2021-07-22,54,14,40
2021-07-22,134,28,106
2021-07-22,195,25,170
2021-07-22,122,22,100
2021-07-22,86,21,65
2021-07-22,71,23,48
2021-07-22,78,37,41
2021-07-22,77,42,35
2021-07-22,84,45,39
2021-07-22,120,81,39
2021-07-22,200,148,52
2021-07-22,263,205,58
2021-07-22,200,130,70
2021-07-22,227,113,114
2021-07-22,101,55,46
2021-07-22,79,40,39
2021-07-22,31,11,20
2021-07-22,16,8,8
2021-07-23,13,4,9
2021-07-23,4,4,0
2021-07-23,1,1,0
2021-07-23,0,0,0
2021-07-23,7,1,6
2021-07-23,15,9,6
2021-07-23,41,9,32
2021-07-23,104,22,82
2021-07-23,118,18,100
2021-07-23,119,24,95
2021-07-23,91,36,55
2021-07-23,72,35,37
2021-07-23,100,46,54
2021-07-23,102,67,35
2021-07-23,100,60,40
2021-07-23,135,82,53
2021-07-23,194,135,59
2021-07-23,209,158,51
2021-07-23,168,111,57
2021-07-23,116,64,52
2021-07-23,82,39,43
2021-07-23,53,28,25
2021-07-23,36,10,26
2021-07-23,34,22,12
2021-07-24,13,8,5
2021-07-24,10,4,6
2021-07-24,4,2,2
2021-07-24,6,4,2
2021-07-24,2,1,1
2021-07-24,7,4,3
2021-07-24,15,6,9
2021-07-24,34,15,19
2021-07-24,58,20,38
2021-07-24,98,32,66
2021-07-24,149,93,56
2021-07-24,190,116,74
2021-07-24,154,77,77
2021-07-24,186,112,74
2021-07-24,190,84,106
2021-07-24,129,67,62
2021-07-24,125,71,54
2021-07-24,160,78,82
2021-07-24,142,72,70
2021-07-24,103,47,56
2021-07-24,58,32,26
2021-07-24,54,18,36
2021-07-24,45,18,27
2021-07-24,29,13,16
2021-07-25,20,9,11
2021-07-25,5,1,4
2021-07-25,9,4,5
2021-07-25,0,0,0
2021-07-25,0,0,0
2021-07-25,4,3,1
2021-07-25,13,4,9
2021-07-25,28,20,8
2021-07-25,43,25,18
2021-07-25,67,31,36
2021-07-25,126,59,67
2021-07-25,130,76,54
2021-07-25,142,76,66
2021-07-25,155,69,86
2021-07-25,140,82,58
2021-07-25,155,74,81
2021-07-25,146,84,62
2021-07-25,124,76,48
2021-07-25,105,44,61
2021-07-25,87,43,44
2021-07-25,79,46,33
2021-07-25,42,17,25
2021-07-25,13,6,7
2021-07-25,15,9,6
2021-07-26,1,0,1
2021-07-26,2,1,1
2021-07-26,0,0,0
2021-07-26,0,0,0
2021-07-26,10,3,7
2021-07-26,11,4,7
2021-07-26,57,19,38
2021-07-26,109,15,94
2021-07-26,161,28,133
2021-07-26,121,18,103
2021-07-26,72,29,43
2021-07-26,68,29,39
2021-07-26,59,26,33
2021-07-26,63,29,34
2021-07-26,86,49,37
2021-07-26,107,65,42
2021-07-26,169,120,49
2021-07-26,277,211,66
2021-07-26,231,154,77
2021-07-26,148,74,74
2021-07-26,76,36,40
2021-07-26,43,25,18
2021-07-26,26,7,19
2021-07-26,12,8,4
2021-07-27,7,4,3
2021-07-27,4,0,4
2021-07-27,2,2,0
2021-07-27,5,3,2
2021-07-27,15,9,6
2021-07-27,21,10,11
2021-07-27,65,22,43
2021-07-27,157,26,131
2021-07-27,186,28,158
2021-07-27,151,24,127
2021-07-27,85,29,56
2021-07-27,69,26,43
2021-07-27,96,41,55
2021-07-27,64,38,26
2021-07-27,73,38,35
2021-07-27,123,91,32
2021-07-27,240,179,61
2021-07-27,303,227,76
2021-07-27,234,161,73
2021-07-27,137,82,55
2021-07-27,116,58,58
2021-07-27,54,30,24
2021-07-27,26,14,12
2021-07-27,12,7,5
2021-07-28,7,2,5
2021-07-28,3,1,2
2021-07-28,1,0,1
2021-07-28,2,1,1
2021-07-28,5,2,3
2021-07-28,18,7,11
2021-07-28,59,24,35
2021-07-28,146,34,112
2021-07-28,227,33,194
2021-07-28,122,26,96
2021-07-28,98,28,70
2021-07-28,82,39,43
2021-07-28,91,46,45
2021-07-28,84,41,43
2021-07-28,73,40,33
2021-07-28,106,71,35
2021-07-28,191,150,41
2021-07-28,319,247,72
2021-07-28,238,178,60
2021-07-28,188,122,66
2021-07-28,109,48,61
2021-07-28,56,23,33
2021-07-28,31,14,17
2021-07-28,18,10,8
2021-07-29,5,1,4
2021-07-29,3,1,2
2021-07-29,1,0,1
2021-07-29,1,0,1
2021-07-29,14,9,5
2021-07-29,13,6,7
2021-07-29,43,17,26
2021-07-29,139,20,119
2021-07-29,187,43,144
2021-07-29,119,15,104
2021-07-29,88,30,58
2021-07-29,80,33,47
2021-07-29,84,31,53
2021-07-29,90,51,39
2021-07-29,90,64,26
2021-07-29,120,81,39
2021-07-29,209,150,59
2021-07-29,271,210,61
2021-07-29,197,132,65
2021-07-29,140,93,47
2021-07-29,117,62,55
2021-07-29,55,27,28
2021-07-29,48,17,31
2021-07-29,14,10,4
2021-07-30,4,1,3
2021-07-30,5,2,3
2021-07-30,1,0,1
2021-07-30,4,2,2
2021-07-30,9,5,4
2021-07-30,15,6,9
2021-07-30,52,20,32
2021-07-30,113,33,80
2021-07-30,135,24,111
2021-07-30,96,25,71
2021-07-30,84,30,54
2021-07-30,68,38,30
2021-07-30,74,42,32
2021-07-30,88,45,43
2021-07-30,80,50,30
2021-07-30,138,83,55
2021-07-30,177,125,52
2021-07-30,208,153,55
2021-07-30,180,109,71
2021-07-30,112,70,42
2021-07-30,100,47,53
2021-07-30,86,40,46
2021-07-30,53,21,32
2021-07-30,31,15,16
2021-07-31,17,10,7
2021-07-31,13,9,4
2021-07-31,5,3,2
2021-07-31,1,1,0
2021-07-31,2,1,1
2021-07-31,7,4,3
2021-07-31,16,8,8
2021-07-31,27,18,9
2021-07-31,40,21,19
2021-07-31,68,34,34
2021-07-31,99,43,56
2021-07-31,95,49,46
2021-07-31,142,59,83
2021-07-31,133,66,67
2021-07-31,132,53,79
2021-07-31,120,64,56
2021-07-31,112,68,44
2021-07-31,139,71,68
2021-07-31,103,62,41
2021-07-31,113,54,59
2021-07-31,43,23,20
2021-07-31,42,18,24
2021-07-31,27,9,18
2021-07-31,20,8,12
2021-08-01,7,5,2
2021-08-01,17,9,8
2021-08-01,8,2,6
2021-08-01,6,2,4
2021-08-01,3,2,1
2021-08-01,4,2,2
2021-08-01,13,6,7
2021-08-01,52,17,35
2021-08-01,49,18,31
2021-08-01,57,29,28
2021-08-01,110,59,51
2021-08-01,112,60,52
2021-08-01,151,91,60
2021-08-01,161,93,68
2021-08-01,152,84,68
2021-08-01,152,87,65
2021-08-01,134,78,56
2021-08-01,133,72,61
2021-08-01,128,59,69
2021-08-01,67,32,35
2021-08-01,50,21,29
2021-08-01,28,10,18
2021-08-01,25,12,13
2021-08-01,7,4,3
2021-08-02,3,0,3
2021-08-02,1,1,0
2021-08-02,1,1,0
2021-08-02,3,1,2
2021-08-02,4,1,3
2021-08-02,16,9,7
2021-08-02,54,17,37
2021-08-02,115,19,96
2021-08-02,161,18,143
2021-08-02,111,21,90
2021-08-02,79,27,52
2021-08-02,69,32,37
2021-08-02,88,47,41
2021-08-02,108,43,65
2021-08-02,113,55,58
2021-08-02,94,63,31
2021-08-02,177,121,56
2021-08-02,244,185,59
2021-08-02,203,133,70
2021-08-02,159,94,65
2021-08-02,113,57,56
2021-08-02,55,28,27
2021-08-02,21,8,13
2021-08-02,9,6,3
2021-08-03,6,3,3
2021-08-03,4,1,3
2021-08-03,2,1,1
2021-08-03,0,0,0
2021-08-03,12,5,7
2021-08-03,23,10,13
2021-08-03,55,20,35
2021-08-03,155,37,118
2021-08-03,169,23,146
2021-08-03,112,19,93
2021-08-03,64,24,40
2021-08-03,71,26,45
2021-08-03,70,43,27
2021-08-03,92,54,38
2021-08-03,98,57,41
2021-08-03,119,83,36
2021-08-03,221,171,50
2021-08-03,305,219,86
2021-08-03,214,142,72
2021-08-03,115,61,54
2021-08-03,84,42,42
2021-08-03,50,18,32
2021-08-03,22,12,10
2021-08-03,17,15,2
2021-08-04,3,1,2
2021-08-04,7,4,3
2021-08-04,2,0,2
2021-08-04,3,1,2
2021-08-04,6,3,3
2021-08-04,16,10,6
2021-08-04,63,22,41
2021-08-04,122,19,103
2021-08-04,204,27,177
2021-08-04,136,28,108
2021-08-04,70,23,47
2021-08-04,67,28,39
2021-08-04,76,35,41
2021-08-04,84,42,42
2021-08-04,88,56,32
2021-08-04,111,74,37
2021-08-04,199,146,53
2021-08-04,318,254,64
2021-08-04,255,168,87
2021-08-04,146,81,65
2021-08-04,99,41,58
2021-08-04,84,45,39
2021-08-04,23,11,12
2021-08-04,15,9,6
2021-08-05,7,4,3
2021-08-05,3,3,0
2021-08-05,5,3,2
2021-08-05,2,1,1
2021-08-05,9,6,3
2021-08-05,18,8,10
2021-08-05,72,25,47
2021-08-05,130,27,103
2021-08-05,180,24,156
2021-08-05,134,27,107
2021-08-05,94,27,67
2021-08-05,76,34,42
2021-08-05,92,43,49
2021-08-05,79,41,38
2021-08-05,98,60,38
2021-08-05,113,70,43
2021-08-05,191,137,54
2021-08-05,274,200,74
2021-08-05,247,171,76
2021-08-05,163,102,61
2021-08-05,102,57,45
2021-08-05,57,26,31
2021-08-05,52,17,35
2021-08-05,21,12,9
2021-08-06,9,5,4
2021-08-06,6,3,3
2021-08-06,4,4,0
2021-08-06,1,0,1
2021-08-06,3,1,2
2021-08-06,16,7,9
2021-08-06,36,10,26
2021-08-06,70,22,48
2021-08-06,103,16,87
2021-08-06,57,13,44
2021-08-06,47,18,29
2021-08-06,37,18,19
2021-08-06,54,26,28
2021-08-06,69,44,25
2021-08-06,86,51,35
2021-08-06,108,68,40
2021-08-06,133,91,42
2021-08-06,194,136,58
2021-08-06,147,86,61
2021-08-06,106,60,46
2021-08-06,82,42,40
2021-08-06,28,9,19
2021-08-06,0,0,0
2021-08-06,0,0,0
2021-08-07,0,0,0
2021-08-07,0,0,0
2021-08-07,0,0,0
2021-08-07,0,0,0
2021-08-07,0,0,0
2021-08-07,0,0,0
2021-08-07,0,0,0
2021-08-07,0,0,0
2021-08-07,0,0,0
2021-08-07,0,0,0
2021-08-07,0,0,0
2021-08-07,0,0,0
2021-08-07,0,0,0
2021-08-07,0,0,0
2021-08-07,0,0,0
2021-08-07,0,0,0
2021-08-07,0,0,0
2021-08-07,0,0,0
2021-08-07,0,0,0
2021-08-07,0,0,0
2021-08-07,0,0,0
2021-08-07,0,0,0
2021-08-07,0,0,0
2021-08-07,0,0,0
2021-08-08,0,0,0
2021-08-08,0,0,0
2021-08-08,0,0,0
2021-08-08,0,0,0
2021-08-08,0,0,0
2021-08-08,0,0,0
2021-08-08,0,0,0
2021-08-08,0,0,0
2021-08-08,0,0,0
2021-08-08,0,0,0
2021-08-08,0,0,0
2021-08-08,0,0,0
2021-08-08,0,0,0
2021-08-08,0,0,0
2021-08-08,0,0,0
2021-08-08,0,0,0
2021-08-08,0,0,0
2021-08-08,0,0,0
2021-08-08,0,0,0
2021-08-08,0,0,0
2021-08-08,0,0,0
2021-08-08,0,0,0
2021-08-08,0,0,0
2021-08-08,0,0,0
2021-08-09,0,0,0
2021-08-09,0,0,0
2021-08-09,0,0,0
2021-08-09,0,0,0
2021-08-09,0,0,0
2021-08-09,0,0,0
2021-08-09,0,0,0
2021-08-09,0,0,0
2021-08-09,0,0,0
2021-08-09,0,0,0
2021-08-09,0,0,0
2021-08-09,0,0,0
2021-08-09,0,0,0
2021-08-09,0,0,0
2021-08-09,0,0,0
2021-08-09,0,0,0
2021-08-09,0,0,0
2021-08-09,0,0,0
2021-08-09,0,0,0
2021-08-09,45,4,41
2021-08-09,0,0,0
2021-08-09,0,0,0
2021-08-09,0,0,0
2021-08-09,0,0,0
2021-08-10,0,0,0
2021-08-10,0,0,0
2021-08-10,0,0,0
2021-08-10,0,0,0
2021-08-10,0,0,0
2021-08-10,0,0,0
2021-08-10,0,0,0
2021-08-10,0,0,0
2021-08-10,0,0,0
2021-08-10,0,0,0
2021-08-10,0,0,0
2021-08-10,0,0,0
2021-08-10,0,0,0
2021-08-10,0,0,0
2021-08-10,0,0,0
2021-08-10,0,0,0
2021-08-10,0,0,0
2021-08-10,0,0,0
2021-08-10,0,0,0
2021-08-10,0,0,0
2021-08-10,0,0,0
2021-08-10,0,0,0
2021-08-10,0,0,0
2021-08-10,0,0,0
2021-08-11,0,0,0
2021-08-11,0,0,0
2021-08-11,0,0,0
2021-08-11,0,0,0
2021-08-11,0,0,0
2021-08-11,0,0,0
2021-08-11,0,0,0
2021-08-11,0,0,0
2021-08-11,0,0,0
2021-08-11,0,0,0
2021-08-11,0,0,0
2021-08-11,0,0,0
2021-08-11,0,0,0
2021-08-11,0,0,0
2021-08-11,0,0,0
2021-08-11,0,0,0
2021-08-11,0,0,0
2021-08-11,0,0,0
2021-08-11,0,0,0
2021-08-11,0,0,0
2021-08-11,0,0,0
2021-08-11,0,0,0
2021-08-11,0,0,0
2021-08-11,0,0,0
2021-08-12,0,0,0
2021-08-12,0,0,0
2021-08-12,0,0,0
2021-08-12,0,0,0
2021-08-12,0,0,0
2021-08-12,0,0,0
2021-08-12,0,0,0
2021-08-12,0,0,0
2021-08-12,0,0,0
2021-08-12,0,0,0
2021-08-12,0,0,0
2021-08-12,0,0,0
2021-08-12,0,0,0
2021-08-12,0,0,0
2021-08-12,0,0,0
2021-08-12,0,0,0
2021-08-12,0,0,0
2021-08-12,0,0,0
2021-08-12,0,0,0
2021-08-12,0,0,0
2021-08-12,0,0,0
2021-08-12,0,0,0
2021-08-12,0,0,0
2021-08-12,0,0,0
2021-08-13,0,0,0
2021-08-13,0,0,0
2021-08-13,0,0,0
2021-08-13,0,0,0
2021-08-13,0,0,0
2021-08-13,0,0,0
2021-08-13,0,0,0
2021-08-13,0,0,0
2021-08-13,0,0,0
2021-08-13,0,0,0
2021-08-13,0,0,0
2021-08-13,0,0,0
2021-08-13,0,0,0
2021-08-13,0,0,0
2021-08-13,0,0,0
2021-08-13,0,0,0
2021-08-13,0,0,0
2021-08-13,0,0,0
2021-08-13,0,0,0
2021-08-13,0,0,0
2021-08-13,0,0,0
2021-08-13,0,0,0
2021-08-13,0,0,0
2021-08-13,0,0,0
2021-08-14,0,0,0
2021-08-14,0,0,0
2021-08-14,0,0,0
2021-08-14,0,0,0
2021-08-14,0,0,0
2021-08-14,0,0,0
2021-08-14,0,0,0
2021-08-14,0,0,0
2021-08-14,0,0,0
2021-08-14,0,0,0
2021-08-14,0,0,0
2021-08-14,0,0,0
2021-08-14,0,0,0
2021-08-14,0,0,0
2021-08-14,0,0,0
2021-08-14,0,0,0
2021-08-14,0,0,0
2021-08-14,0,0,0
2021-08-14,0,0,0
2021-08-14,0,0,0
2021-08-14,0,0,0
2021-08-14,0,0,0
2021-08-14,0,0,0
2021-08-14,0,0,0
2021-08-15,0,0,0
2021-08-15,0,0,0
2021-08-15,0,0,0
2021-08-15,0,0,0
2021-08-15,0,0,0
2021-08-15,0,0,0
2021-08-15,0,0,0
2021-08-15,0,0,0
2021-08-15,0,0,0
2021-08-15,0,0,0
2021-08-15,0,0,0
2021-08-15,0,0,0
2021-08-15,0,0,0
2021-08-15,0,0,0
2021-08-15,0,0,0
2021-08-15,0,0,0
2021-08-15,0,0,0
2021-08-15,0,0,0
2021-08-15,0,0,0
2021-08-15,0,0,0
2021-08-15,0,0,0
2021-08-15,0,0,0
2021-08-15,0,0,0
2021-08-15,0,0,0
2021-08-16,0,0,0
2021-08-16,0,0,0
2021-08-16,0,0,0
2021-08-16,0,0,0
2021-08-16,0,0,0
2021-08-16,0,0,0
2021-08-16,0,0,0
2021-08-16,0,0,0
2021-08-16,0,0,0
2021-08-16,0,0,0
2021-08-16,0,0,0
2021-08-16,0,0,0
2021-08-16,0,0,0
2021-08-16,0,0,0
2021-08-16,0,0,0
2021-08-16,0,0,0
2021-08-16,0,0,0
2021-08-16,0,0,0
2021-08-16,0,0,0
2021-08-16,0,0,0
2021-08-16,0,0,0
2021-08-16,0,0,0
2021-08-16,0,0,0
2021-08-16,0,0,0
2021-08-17,0,0,0
2021-08-17,0,0,0
2021-08-17,0,0,0
2021-08-17,0,0,0
2021-08-17,0,0,0
2021-08-17,0,0,0
2021-08-17,0,0,0
2021-08-17,0,0,0
2021-08-17,0,0,0
2021-08-17,0,0,0
2021-08-17,0,0,0
2021-08-17,0,0,0
2021-08-17,0,0,0
2021-08-17,0,0,0
2021-08-17,0,0,0
2021-08-17,0,0,0
2021-08-17,0,0,0
2021-08-17,0,0,0
2021-08-17,0,0,0
2021-08-17,0,0,0
2021-08-17,0,0,0
2021-08-17,0,0,0
2021-08-17,0,0,0
2021-08-17,0,0,0
2021-08-18,0,0,0
2021-08-18,0,0,0
2021-08-18,0,0,0
2021-08-18,0,0,0
2021-08-18,0,0,0
2021-08-18,0,0,0
2021-08-18,0,0,0
2021-08-18,0,0,0
2021-08-18,0,0,0
2021-08-18,0,0,0
2021-08-18,0,0,0
2021-08-18,0,0,0
2021-08-18,0,0,0
2021-08-18,0,0,0
2021-08-18,0,0,0
2021-08-18,0,0,0
2021-08-18,0,0,0
2021-08-18,0,0,0
2021-08-18,0,0,0
2021-08-18,0,0,0
2021-08-18,0,0,0
2021-08-18,0,0,0
2021-08-18,0,0,0
2021-08-18,0,0,0
2021-08-19,0,0,0
2021-08-19,0,0,0
2021-08-19,0,0,0
2021-08-19,0,0,0
2021-08-19,0,0,0
2021-08-19,0,0,0
2021-08-19,0,0,0
2021-08-19,0,0,0
2021-08-19,0,0,0
2021-08-19,0,0,0
2021-08-19,0,0,0
2021-08-19,0,0,0
2021-08-19,0,0,0
2021-08-19,0,0,0
2021-08-19,0,0,0
2021-08-19,0,0,0
2021-08-19,0,0,0
2021-08-19,0,0,0
2021-08-19,0,0,0
2021-08-19,0,0,0
2021-08-19,0,0,0
2021-08-19,0,0,0
2021-08-19,0,0,0
2021-08-19,0,0,0
2021-08-20,0,0,0
2021-08-20,0,0,0
2021-08-20,0,0,0
2021-08-20,0,0,0
2021-08-20,0,0,0
2021-08-20,0,0,0
2021-08-20,0,0,0
2021-08-20,0,0,0
2021-08-20,0,0,0
2021-08-20,0,0,0
2021-08-20,0,0,0
2021-08-20,0,0,0
2021-08-20,0,0,0
2021-08-20,0,0,0
2021-08-20,0,0,0
2021-08-20,0,0,0
2021-08-20,0,0,0
2021-08-20,0,0,0
2021-08-20,0,0,0
2021-08-20,0,0,0
2021-08-20,0,0,0
2021-08-20,0,0,0
2021-08-20,0,0,0
2021-08-20,0,0,0
2021-08-21,0,0,0
2021-08-21,0,0,0
2021-08-21,0,0,0
2021-08-21,0,0,0
2021-08-21,0,0,0
2021-08-21,0,0,0
2021-08-21,0,0,0
2021-08-21,0,0,0
2021-08-21,0,0,0
2021-08-21,0,0,0
2021-08-21,0,0,0
2021-08-21,0,0,0
2021-08-21,0,0,0
2021-08-21,0,0,0
2021-08-21,0,0,0
2021-08-21,0,0,0
2021-08-21,0,0,0
2021-08-21,0,0,0
2021-08-21,0,0,0
2021-08-21,0,0,0
2021-08-21,0,0,0
2021-08-21,0,0,0
2021-08-21,0,0,0
2021-08-21,0,0,0
2021-08-22,0,0,0
2021-08-22,0,0,0
2021-08-22,0,0,0
2021-08-22,0,0,0
2021-08-22,0,0,0
2021-08-22,0,0,0
2021-08-22,0,0,0
2021-08-22,0,0,0
2021-08-22,0,0,0
2021-08-22,0,0,0
2021-08-22,0,0,0
2021-08-22,0,0,0
2021-08-22,0,0,0
2021-08-22,0,0,0
2021-08-22,0,0,0
2021-08-22,0,0,0
2021-08-22,0,0,0
2021-08-22,0,0,0
2021-08-22,0,0,0
2021-08-22,0,0,0
2021-08-22,0,0,0
2021-08-22,0,0,0
2021-08-22,0,0,0
2021-08-22,0,0,0
2021-08-23,0,0,0
2021-08-23,0,0,0
2021-08-23,0,0,0
2021-08-23,0,0,0
2021-08-23,0,0,0
2021-08-23,0,0,0
2021-08-23,0,0,0
2021-08-23,0,0,0
2021-08-23,0,0,0
2021-08-23,0,0,0
2021-08-23,0,0,0
2021-08-23,0,0,0
2021-08-23,0,0,0
2021-08-23,0,0,0
2021-08-23,0,0,0
2021-08-23,0,0,0
2021-08-23,0,0,0
2021-08-23,0,0,0
2021-08-23,0,0,0
2021-08-23,0,0,0
2021-08-23,0,0,0
2021-08-23,0,0,0
2021-08-23,0,0,0
2021-08-23,0,0,0
2021-08-24,0,0,0
2021-08-24,0,0,0
2021-08-24,0,0,0
2021-08-24,0,0,0
2021-08-24,0,0,0
2021-08-24,0,0,0
2021-08-24,0,0,0
2021-08-24,0,0,0
2021-08-24,0,0,0
2021-08-24,0,0,0
2021-08-24,0,0,0
2021-08-24,0,0,0
2021-08-24,0,0,0
2021-08-24,0,0,0
2021-08-24,0,0,0
2021-08-24,0,0,0
2021-08-24,0,0,0
2021-08-24,0,0,0
2021-08-24,0,0,0
2021-08-24,0,0,0
2021-08-24,0,0,0
2021-08-24,0,0,0
2021-08-24,0,0,0
2021-08-24,0,0,0
2021-08-25,0,0,0
2021-08-25,0,0,0
2021-08-25,0,0,0
2021-08-25,0,0,0
2021-08-25,0,0,0
2021-08-25,0,0,0
2021-08-25,0,0,0
2021-08-25,0,0,0
2021-08-25,0,0,0
2021-08-25,0,0,0
2021-08-25,0,0,0
2021-08-25,0,0,0
2021-08-25,0,0,0
2021-08-25,0,0,0
2021-08-25,0,0,0
2021-08-25,0,0,0
2021-08-25,0,0,0
2021-08-25,0,0,0
2021-08-25,0,0,0
2021-08-25,0,0,0
2021-08-25,0,0,0
2021-08-25,0,0,0
2021-08-25,0,0,0
2021-08-25,0,0,0
2021-08-26,0,0,0
2021-08-26,0,0,0
2021-08-26,0,0,0
2021-08-26,0,0,0
2021-08-26,0,0,0
2021-08-26,0,0,0
2021-08-26,0,0,0
2021-08-26,0,0,0
2021-08-26,0,0,0
2021-08-26,0,0,0
2021-08-26,0,0,0
2021-08-26,0,0,0
2021-08-26,0,0,0
2021-08-26,0,0,0
2021-08-26,0,0,0
2021-08-26,0,0,0
2021-08-26,0,0,0
2021-08-26,0,0,0
2021-08-26,0,0,0
2021-08-26,0,0,0
2021-08-26,0,0,0
2021-08-26,0,0,0
2021-08-26,0,0,0
2021-08-26,0,0,0
2021-08-27,0,0,0
2021-08-27,0,0,0
2021-08-27,0,0,0
2021-08-27,0,0,0
2021-08-27,0,0,0
2021-08-27,0,0,0
2021-08-27,0,0,0
2021-08-27,0,0,0
2021-08-27,0,0,0
2021-08-27,0,0,0
2021-08-27,0,0,0
2021-08-27,0,0,0
2021-08-27,0,0,0
2021-08-27,0,0,0
2021-08-27,0,0,0
2021-08-27,0,0,0
2021-08-27,0,0,0
2021-08-27,0,0,0
2021-08-27,0,0,0
2021-08-27,0,0,0
2021-08-27,0,0,0
2021-08-27,0,0,0
2021-08-27,0,0,0
2021-08-27,0,0,0
2021-08-28,0,0,0
2021-08-28,0,0,0
2021-08-28,0,0,0
2021-08-28,0,0,0
2021-08-28,0,0,0
2021-08-28,0,0,0
2021-08-28,0,0,0
2021-08-28,0,0,0
2021-08-28,0,0,0
2021-08-28,0,0,0
2021-08-28,0,0,0
2021-08-28,0,0,0
2021-08-28,0,0,0
2021-08-28,0,0,0
2021-08-28,0,0,0
2021-08-28,0,0,0
2021-08-28,0,0,0
2021-08-28,0,0,0
2021-08-28,0,0,0
2021-08-28,0,0,0
2021-08-28,0,0,0
2021-08-28,0,0,0
2021-08-28,0,0,0
2021-08-28,0,0,0
2021-08-29,0,0,0
2021-08-29,0,0,0
2021-08-29,0,0,0
2021-08-29,0,0,0
2021-08-29,0,0,0
2021-08-29,0,0,0
2021-08-29,0,0,0
2021-08-29,0,0,0
2021-08-29,0,0,0
2021-08-29,0,0,0
2021-08-29,0,0,0
2021-08-29,0,0,0
2021-08-29,0,0,0
2021-08-29,0,0,0
2021-08-29,0,0,0
2021-08-29,0,0,0
2021-08-29,0,0,0
2021-08-29,0,0,0
2021-08-29,0,0,0
2021-08-29,0,0,0
2021-08-29,0,0,0
2021-08-29,0,0,0
2021-08-29,0,0,0
2021-08-29,0,0,0
2021-08-30,0,0,0
2021-08-30,0,0,0
2021-08-30,0,0,0
2021-08-30,0,0,0
2021-08-30,0,0,0
2021-08-30,0,0,0
2021-08-30,0,0,0
2021-08-30,0,0,0
2021-08-30,0,0,0
2021-08-30,0,0,0
2021-08-30,0,0,0
2021-08-30,0,0,0
2021-08-30,0,0,0
2021-08-30,0,0,0
2021-08-30,0,0,0
2021-08-30,0,0,0
2021-08-30,0,0,0
2021-08-30,0,0,0
2021-08-30,0,0,0
2021-08-30,0,0,0
2021-08-30,0,0,0
2021-08-30,0,0,0
2021-08-30,0,0,0
2021-08-30,0,0,0
2021-08-31,0,0,0
2021-08-31,0,0,0
2021-08-31,0,0,0
2021-08-31,0,0,0
2021-08-31,0,0,0
2021-08-31,0,0,0
2021-08-31,0,0,0
2021-08-31,0,0,0
2021-08-31,0,0,0
2021-08-31,0,0,0
2021-08-31,0,0,0
2021-08-31,0,0,0
2021-08-31,0,0,0
2021-08-31,0,0,0
2021-08-31,0,0,0
2021-08-31,0,0,0
2021-08-31,0,0,0
2021-08-31,0,0,0
2021-08-31,0,0,0
2021-08-31,0,0,0
2021-08-31,0,0,0
2021-08-31,0,0,0
2021-08-31,0,0,0
2021-08-31,0,0,0
2021-09-01,0,0,0
2021-09-01,0,0,0
2021-09-01,0,0,0
2021-09-01,0,0,0
2021-09-01,0,0,0
2021-09-01,0,0,0
2021-09-01,0,0,0
2021-09-01,0,0,0
2021-09-01,0,0,0
2021-09-01,0,0,0
2021-09-01,0,0,0
2021-09-01,0,0,0
2021-09-01,0,0,0
2021-09-01,0,0,0
2021-09-01,0,0,0
2021-09-01,0,0,0
2021-09-01,0,0,0
2021-09-01,0,0,0
2021-09-01,0,0,0
2021-09-01,0,0,0
2021-09-01,0,0,0
2021-09-01,0,0,0
2021-09-01,0,0,0
2021-09-01,0,0,0
2021-09-02,0,0,0
2021-09-02,0,0,0
2021-09-02,0,0,0
2021-09-02,0,0,0
2021-09-02,0,0,0
2021-09-02,0,0,0
2021-09-02,0,0,0
2021-09-02,0,0,0
2021-09-02,0,0,0
2021-09-02,0,0,0
2021-09-02,0,0,0
2021-09-02,0,0,0
2021-09-02,0,0,0
2021-09-02,0,0,0
2021-09-02,0,0,0
2021-09-02,0,0,0
2021-09-02,0,0,0
2021-09-02,0,0,0
2021-09-02,0,0,0
2021-09-02,0,0,0
2021-09-02,0,0,0
2021-09-02,0,0,0
2021-09-02,0,0,0
2021-09-02,0,0,0
2021-09-03,0,0,0
2021-09-03,0,0,0
2021-09-03,0,0,0
2021-09-03,0,0,0
2021-09-03,0,0,0
2021-09-03,0,0,0
2021-09-03,0,0,0
2021-09-03,0,0,0
2021-09-03,0,0,0
2021-09-03,0,0,0
2021-09-03,0,0,0
2021-09-03,0,0,0
2021-09-03,0,0,0
2021-09-03,0,0,0
2021-09-03,0,0,0
2021-09-03,0,0,0
2021-09-03,0,0,0
2021-09-03,0,0,0
2021-09-03,0,0,0
2021-09-03,0,0,0
2021-09-03,0,0,0
2021-09-03,0,0,0
2021-09-03,0,0,0
2021-09-03,0,0,0
2021-09-04,0,0,0
2021-09-04,0,0,0
2021-09-04,0,0,0
2021-09-04,0,0,0
2021-09-04,0,0,0
2021-09-04,0,0,0
2021-09-04,0,0,0
2021-09-04,0,0,0
2021-09-04,0,0,0
2021-09-04,0,0,0
2021-09-04,0,0,0
2021-09-04,0,0,0
2021-09-04,0,0,0
2021-09-04,0,0,0
2021-09-04,0,0,0
2021-09-04,0,0,0
2021-09-04,0,0,0
2021-09-04,0,0,0
2021-09-04,0,0,0
2021-09-04,0,0,0
2021-09-04,0,0,0
2021-09-04,0,0,0
2021-09-04,0,0,0
2021-09-04,0,0,0
2021-09-05,0,0,0
2021-09-05,0,0,0
2021-09-05,0,0,0
2021-09-05,0,0,0
2021-09-05,0,0,0
2021-09-05,0,0,0
2021-09-05,0,0,0
2021-09-05,0,0,0
2021-09-05,0,0,0
2021-09-05,0,0,0
2021-09-05,0,0,0
2021-09-05,0,0,0
2021-09-05,0,0,0
2021-09-05,0,0,0
2021-09-05,0,0,0
2021-09-05,0,0,0
2021-09-05,0,0,0
2021-09-05,0,0,0
2021-09-05,0,0,0
2021-09-05,0,0,0
2021-09-05,0,0,0
2021-09-05,0,0,0
2021-09-05,0,0,0
2021-09-05,0,0,0
2021-09-06,0,0,0
2021-09-06,0,0,0
2021-09-06,0,0,0
2021-09-06,0,0,0
2021-09-06,0,0,0
2021-09-06,0,0,0
2021-09-06,0,0,0
2021-09-06,0,0,0
2021-09-06,0,0,0
2021-09-06,0,0,0
2021-09-06,0,0,0
2021-09-06,0,0,0
2021-09-06,0,0,0
2021-09-06,0,0,0
2021-09-06,0,0,0
2021-09-06,0,0,0
2021-09-06,0,0,0
2021-09-06,0,0,0
2021-09-06,0,0,0
2021-09-06,0,0,0
2021-09-06,0,0,0
2021-09-06,0,0,0
2021-09-06,0,0,0
2021-09-06,0,0,0
2021-09-07,0,0,0
2021-09-07,0,0,0
2021-09-07,0,0,0
2021-09-07,0,0,0
2021-09-07,0,0,0
2021-09-07,0,0,0
2021-09-07,0,0,0
2021-09-07,0,0,0
2021-09-07,0,0,0
2021-09-07,0,0,0
2021-09-07,0,0,0
2021-09-07,0,0,0
2021-09-07,0,0,0
2021-09-07,0,0,0
2021-09-07,0,0,0
2021-09-07,0,0,0
2021-09-07,0,0,0
2021-09-07,0,0,0
2021-09-07,0,0,0
2021-09-07,0,0,0
2021-09-07,0,0,0
2021-09-07,0,0,0
2021-09-07,0,0,0
2021-09-07,0,0,0
2021-09-08,0,0,0
2021-09-08,0,0,0
2021-09-08,0,0,0
2021-09-08,0,0,0
2021-09-08,0,0,0
2021-09-08,0,0,0
2021-09-08,0,0,0
2021-09-08,0,0,0
2021-09-08,0,0,0
2021-09-08,0,0,0
2021-09-08,0,0,0
2021-09-08,0,0,0
2021-09-08,0,0,0
2021-09-08,0,0,0
2021-09-08,0,0,0
2021-09-08,0,0,0
2021-09-08,0,0,0
2021-09-08,0,0,0
2021-09-08,0,0,0
2021-09-08,0,0,0
2021-09-08,0,0,0
2021-09-08,0,0,0
2021-09-08,0,0,0
2021-09-08,0,0,0
2021-09-09,0,0,0
2021-09-09,0,0,0
2021-09-09,0,0,0
2021-09-09,0,0,0
2021-09-09,0,0,0
2021-09-09,0,0,0
2021-09-09,0,0,0
2021-09-09,0,0,0
2021-09-09,0,0,0
2021-09-09,0,0,0
2021-09-09,0,0,0
2021-09-09,0,0,0
2021-09-09,0,0,0
2021-09-09,0,0,0
2021-09-09,0,0,0
2021-09-09,0,0,0
2021-09-09,0,0,0
2021-09-09,0,0,0
2021-09-09,0,0,0
2021-09-09,0,0,0
2021-09-09,0,0,0
2021-09-09,0,0,0
2021-09-09,0,0,0
2021-09-09,0,0,0
2021-09-10,0,0,0
2021-09-10,0,0,0
2021-09-10,0,0,0
2021-09-10,0,0,0
2021-09-10,0,0,0
2021-09-10,0,0,0
2021-09-10,0,0,0
2021-09-10,0,0,0
2021-09-10,0,0,0
2021-09-10,0,0,0
2021-09-10,0,0,0
2021-09-10,0,0,0
2021-09-10,0,0,0
2021-09-10,0,0,0
2021-09-10,0,0,0
2021-09-10,0,0,0
2021-09-10,0,0,0
2021-09-10,0,0,0
2021-09-10,0,0,0
2021-09-10,0,0,0
2021-09-10,0,0,0
2021-09-10,0,0,0
2021-09-10,0,0,0
2021-09-10,0,0,0
2021-09-11,0,0,0
2021-09-11,0,0,0
2021-09-11,0,0,0
2021-09-11,0,0,0
2021-09-11,0,0,0
2021-09-11,0,0,0
2021-09-11,0,0,0
2021-09-11,0,0,0
2021-09-11,0,0,0
2021-09-11,0,0,0
2021-09-11,0,0,0
2021-09-11,0,0,0
2021-09-11,0,0,0
2021-09-11,0,0,0
2021-09-11,0,0,0
2021-09-11,0,0,0
2021-09-11,0,0,0
2021-09-11,0,0,0
2021-09-11,0,0,0
2021-09-11,0,0,0
2021-09-11,0,0,0
2021-09-11,0,0,0
2021-09-11,0,0,0
2021-09-11,0,0,0
2021-09-12,0,0,0
2021-09-12,0,0,0
2021-09-12,0,0,0
2021-09-12,0,0,0
2021-09-12,0,0,0
2021-09-12,0,0,0
2021-09-12,0,0,0
2021-09-12,0,0,0
2021-09-12,0,0,0
2021-09-12,0,0,0
2021-09-12,0,0,0
2021-09-12,0,0,0
2021-09-12,0,0,0
2021-09-12,0,0,0
2021-09-12,0,0,0
2021-09-12,0,0,0
2021-09-12,0,0,0
2021-09-12,0,0,0
2021-09-12,0,0,0
2021-09-12,0,0,0
2021-09-12,0,0,0
2021-09-12,0,0,0
2021-09-12,0,0,0
2021-09-12,0,0,0
2021-09-13,0,0,0
2021-09-13,0,0,0
2021-09-13,0,0,0
2021-09-13,0,0,0
2021-09-13,0,0,0
2021-09-13,0,0,0
2021-09-13,0,0,0
2021-09-13,0,0,0
2021-09-13,0,0,0
2021-09-13,0,0,0
2021-09-13,0,0,0
2021-09-13,0,0,0
2021-09-13,0,0,0
2021-09-13,0,0,0
2021-09-13,0,0,0
2021-09-13,0,0,0
2021-09-13,0,0,0
2021-09-13,0,0,0
2021-09-13,0,0,0
2021-09-13,0,0,0
2021-09-13,0,0,0
2021-09-13,0,0,0
2021-09-13,0,0,0
2021-09-13,0,0,0
2021-09-14,0,0,0
2021-09-14,0,0,0
2021-09-14,0,0,0
2021-09-14,0,0,0
2021-09-14,0,0,0
2021-09-14,0,0,0
2021-09-14,0,0,0
2021-09-14,0,0,0
2021-09-14,0,0,0
2021-09-14,0,0,0
2021-09-14,0,0,0
2021-09-14,0,0,0
2021-09-14,0,0,0
2021-09-14,0,0,0
2021-09-14,0,0,0
2021-09-14,0,0,0
2021-09-14,0,0,0
2021-09-14,0,0,0
2021-09-14,0,0,0
2021-09-14,0,0,0
2021-09-14,0,0,0
2021-09-14,0,0,0
2021-09-14,0,0,0
2021-09-14,0,0,0
2021-09-15,0,0,0
2021-09-15,0,0,0
2021-09-15,0,0,0
2021-09-15,0,0,0
2021-09-15,0,0,0
2021-09-15,0,0,0
2021-09-15,0,0,0
2021-09-15,0,0,0
2021-09-15,0,0,0
2021-09-15,0,0,0
2021-09-15,0,0,0
2021-09-15,0,0,0
2021-09-15,0,0,0
2021-09-15,0,0,0
2021-09-15,0,0,0
2021-09-15,0,0,0
2021-09-15,0,0,0
2021-09-15,0,0,0
2021-09-15,0,0,0
2021-09-15,0,0,0
2021-09-15,0,0,0
2021-09-15,0,0,0
2021-09-15,0,0,0
2021-09-15,0,0,0
2021-09-16,0,0,0
2021-09-16,0,0,0
2021-09-16,0,0,0
2021-09-16,0,0,0
2021-09-16,0,0,0
2021-09-16,0,0,0
2021-09-16,0,0,0
2021-09-16,0,0,0
2021-09-16,0,0,0
2021-09-16,0,0,0
2021-09-16,0,0,0
2021-09-16,0,0,0
2021-09-16,0,0,0
2021-09-16,0,0,0
2021-09-16,0,0,0
2021-09-16,0,0,0
2021-09-16,0,0,0
2021-09-16,0,0,0
2021-09-16,0,0,0
2021-09-16,0,0,0
2021-09-16,0,0,0
2021-09-16,26,15,11
2021-09-16,22,14,8
2021-09-16,16,7,9
2021-09-17,8,4,4
2021-09-17,2,0,2
2021-09-17,0,0,0
2021-09-17,5,1,4
2021-09-17,2,1,1
2021-09-17,10,5,5
2021-09-17,25,8,17
2021-09-17,65,12,53
2021-09-17,89,13,76
2021-09-17,48,16,32
2021-09-17,33,8,25
2021-09-17,14,3,11
2021-09-17,27,11,16
2021-09-17,42,26,16
2021-09-17,36,20,16
2021-09-17,50,36,14
2021-09-17,79,66,13
2021-09-17,96,75,21
2021-09-17,88,65,23
2021-09-17,37,22,15
2021-09-17,19,10,9
2021-09-17,10,4,6
2021-09-17,11,3,8
2021-09-17,7,3,4
2021-09-18,2,1,1
2021-09-18,1,0,1
2021-09-18,0,0,0
2021-09-18,1,1,0
2021-09-18,1,1,0
2021-09-18,4,2,2
2021-09-18,2,0,2
2021-09-18,15,7,8
2021-09-18,28,14,14
2021-09-18,43,21,22
2021-09-18,86,44,42
2021-09-18,110,66,44
2021-09-18,129,69,60
2021-09-18,109,57,52
2021-09-18,51,29,22
2021-09-18,44,20,24
2021-09-18,47,30,17
2021-09-18,43,25,18
2021-09-18,20,12,8
2021-09-18,19,11,8
2021-09-18,22,14,8
2021-09-18,11,4,7
2021-09-18,11,2,9
2021-09-18,7,4,3
2021-09-19,7,5,2
2021-09-19,3,1,2
2021-09-19,0,0,0
2021-09-19,0,0,0
2021-09-19,3,2,1
2021-09-19,3,1,2
2021-09-19,4,2,2
2021-09-19,17,10,7
2021-09-19,28,15,13
2021-09-19,52,26,26
2021-09-19,57,26,31
2021-09-19,96,48,48
2021-09-19,54,32,22
2021-09-19,115,69,46
2021-09-19,113,62,51
2021-09-19,80,44,36
2021-09-19,104,50,54
2021-09-19,90,46,44
2021-09-19,50,29,21
2021-09-19,30,10,20
2021-09-19,15,8,7
2021-09-19,12,4,8
2021-09-19,13,4,9
2021-09-19,5,2,3
2021-09-20,1,0,1
2021-09-20,3,3,0
2021-09-20,1,1,0
2021-09-20,1,0,1
2021-09-20,3,1,2
2021-09-20,12,6,6
2021-09-20,44,11,33
2021-09-20,116,15,101
2021-09-20,164,18,146
2021-09-20,103,17,86
2021-09-20,71,29,42
2021-09-20,65,29,36
2021-09-20,59,28,31
2021-09-20,62,33,29
2021-09-20,68,39,29
2021-09-20,140,83,57
2021-09-20,185,140,45
2021-09-20,295,216,79
2021-09-20,222,156,66
2021-09-20,149,74,75
2021-09-20,50,20,30
2021-09-20,32,14,18
2021-09-20,22,11,11
2021-09-20,9,8,1
2021-09-21,3,0,3
2021-09-21,3,0,3
2021-09-21,4,3,1
2021-09-21,1,0,1
2021-09-21,7,7,0
2021-09-21,17,7,10
2021-09-21,52,20,32
2021-09-21,126,21,105
2021-09-21,193,24,169
2021-09-21,130,22,108
2021-09-21,64,22,42
2021-09-21,53,17,36
2021-09-21,69,45,24
2021-09-21,82,36,46
2021-09-21,97,54,43
2021-09-21,119,81,38
2021-09-21,249,181,68
2021-09-21,323,243,80
2021-09-21,283,172,111
2021-09-21,130,58,72
2021-09-21,59,27,32
2021-09-21,28,14,14
2021-09-21,19,14,5
2021-09-21,9,8,1
2021-09-22,1,0,1
2021-09-22,9,6,3
2021-09-22,1,0,1
2021-09-22,1,0,1
2021-09-22,9,6,3
2021-09-22,9,4,5
2021-09-22,54,22,32
2021-09-22,133,31,102
2021-09-22,151,20,131
2021-09-22,139,20,119
2021-09-22,73,34,39
2021-09-22,43,15,28
2021-09-22,44,19,25
2021-09-22,46,27,19
2021-09-22,82,45,37
2021-09-22,99,69,30
2021-09-22,157,123,34
2021-09-22,285,217,68
2021-09-22,189,133,56
2021-09-22,112,62,50
2021-09-22,45,26,19
2021-09-22,27,10,17
2021-09-22,19,10,9
2021-09-22,16,9,7
2021-09-23,4,2,2
2021-09-23,3,2,1
2021-09-23,1,1,0
2021-09-23,2,1,1
2021-09-23,5,4,1
2021-09-23,7,4,3
2021-09-23,51,12,39
2021-09-23,101,19,82
2021-09-23,161,19,142
2021-09-23,124,23,101
2021-09-23,64,22,42
2021-09-23,68,23,45
2021-09-23,68,26,42
2021-09-23,87,41,46
2021-09-23,85,52,33
2021-09-23,112,77,35
2021-09-23,220,158,62
2021-09-23,263,195,68
2021-09-23,224,151,73
2021-09-23,113,65,48
2021-09-23,39,22,17
2021-09-23,31,10,21
2021-09-23,21,8,13
2021-09-23,14,4,10
2021-09-24,2,0,2
2021-09-24,1,0,1
2021-09-24,0,0,0
2021-09-24,3,1,2
2021-09-24,7,3,4
2021-09-24,11,6,5
2021-09-24,45,17,28
2021-09-24,82,14,68
2021-09-24,138,24,114
2021-09-24,102,26,76
2021-09-24,57,18,39
2021-09-24,67,27,40
2021-09-24,80,41,39
2021-09-24,99,58,41
2021-09-24,114,73,41
2021-09-24,131,102,29
2021-09-24,180,127,53
2021-09-24,260,180,80
2021-09-24,169,91,78
2021-09-24,113,62,51
2021-09-24,41,21,20
2021-09-24,40,20,20
2021-09-24,26,7,19
2021-09-24,28,14,14
2021-09-25,11,8,3
2021-09-25,2,1,1
2021-09-25,1,1,0
2021-09-25,6,5,1
2021-09-25,1,1,0
2021-09-25,4,2,2
2021-09-25,11,6,5
2021-09-25,17,10,7
2021-09-25,37,18,19
2021-09-25,62,33,29
2021-09-25,109,46,63
2021-09-25,163,96,67
2021-09-25,125,67,58
2021-09-25,155,85,70
2021-09-25,189,101,88
2021-09-25,168,108,60
2021-09-25,234,99,135
2021-09-25,177,87,90
2021-09-25,131,74,57
2021-09-25,122,44,78
2021-09-25,33,15,18
2021-09-25,28,10,18
2021-09-25,27,9,18
2021-09-25,17,8,9
2021-09-26,9,5,4
2021-09-26,5,3,2
2021-09-26,5,3,2
2021-09-26,1,1,0
2021-09-26,1,1,0
2021-09-26,2,0,2
2021-09-26,7,2,5
2021-09-26,21,9,12
2021-09-26,34,17,17
2021-09-26,57,27,30
2021-09-26,45,21,24
2021-09-26,64,34,30
2021-09-26,73,47,26
2021-09-26,72,31,41
2021-09-26,57,28,29
2021-09-26,40,13,27
2021-09-26,25,11,14
2021-09-26,9,2,7
2021-09-26,14,9,5
2021-09-26,6,5,1
2021-09-26,3,3,0
2021-09-26,1,1,0
2021-09-26,7,4,3
2021-09-26,4,4,0
2021-09-27,1,1,0
2021-09-27,1,1,0
2021-09-27,0,0,0
2021-09-27,1,0,1
2021-09-27,3,1,2
2021-09-27,8,4,4
2021-09-27,30,9,21
2021-09-27,75,22,53
2021-09-27,104,6,98
2021-09-27,75,12,63
2021-09-27,26,8,18
2021-09-27,31,13,18
2021-09-27,21,9,12
2021-09-27,32,21,11
2021-09-27,33,24,9
2021-09-27,37,26,11
2021-09-27,77,57,20
2021-09-27,136,113,23
2021-09-27,94,72,22
2021-09-27,56,38,18
2021-09-27,27,15,12
2021-09-27,13,7,6
2021-09-27,18,11,7
2021-09-27,6,5,1
2021-09-28,2,0,2
2021-09-28,2,2,0
2021-09-28,2,1,1
2021-09-28,0,0,0
2021-09-28,6,3,3
2021-09-28,9,5,4
2021-09-28,36,11,25
2021-09-28,93,14,79
2021-09-28,126,16,110
2021-09-28,82,15,67
2021-09-28,34,17,17
2021-09-28,39,17,22
2021-09-28,31,12,19
2021-09-28,49,34,15
2021-09-28,60,34,26
2021-09-28,11,5,6
2021-09-28,0,0,0
2021-09-28,0,0,0
2021-09-28,0,0,0
2021-09-28,0,0,0
2021-09-28,0,0,0
2021-09-28,0,0,0
2021-09-28,0,0,0
2021-09-28,0,0,0
2021-09-29,0,0,0
2021-09-29,0,0,0
2021-09-29,0,0,0
2021-09-29,0,0,0
2021-09-29,0,0,0
2021-09-29,0,0,0
2021-09-29,0,0,0
2021-09-29,0,0,0
2021-09-29,0,0,0
2021-09-29,0,0,0
2021-09-29,0,0,0
2021-09-29,0,0,0
2021-09-29,0,0,0
2021-09-29,0,0,0
2021-09-29,0,0,0
2021-09-29,0,0,0
2021-09-29,0,0,0
2021-09-29,0,0,0
2021-09-29,0,0,0
2021-09-29,0,0,0
2021-09-29,0,0,0
2021-09-29,0,0,0
2021-09-29,0,0,0
2021-09-29,0,0,0
2021-09-30,0,0,0
2021-09-30,0,0,0
2021-09-30,0,0,0
2021-09-30,0,0,0
2021-09-30,0,0,0
2021-09-30,0,0,0
2021-09-30,0,0,0
2021-09-30,0,0,0
2021-09-30,0,0,0
2021-09-30,0,0,0
2021-09-30,0,0,0
2021-09-30,0,0,0
2021-09-30,0,0,0
2021-09-30,0,0,0
2021-09-30,0,0,0
2021-09-30,0,0,0
2021-09-30,0,0,0
2021-09-30,0,0,0
2021-09-30,0,0,0
2021-09-30,0,0,0
2021-09-30,0,0,0
2021-09-30,0,0,0
2021-09-30,0,0,0
2021-09-30,0,0,0
2021-10-01,0,0,0
2021-10-01,0,0,0
2021-10-01,0,0,0
2021-10-01,0,0,0
2021-10-01,0,0,0
2021-10-01,0,0,0
2021-10-01,0,0,0
2021-10-01,0,0,0
2021-10-01,0,0,0
2021-10-01,0,0,0
2021-10-01,0,0,0
2021-10-01,0,0,0
2021-10-01,0,0,0
2021-10-01,0,0,0
2021-10-01,0,0,0
2021-10-01,0,0,0
2021-10-01,0,0,0
2021-10-01,0,0,0
2021-10-01,0,0,0
2021-10-01,0,0,0
2021-10-01,0,0,0
2021-10-01,0,0,0
2021-10-01,0,0,0
2021-10-01,0,0,0
2021-10-02,0,0,0
2021-10-02,0,0,0
2021-10-02,0,0,0
2021-10-02,0,0,0
2021-10-02,0,0,0
2021-10-02,0,0,0
2021-10-02,0,0,0
2021-10-02,0,0,0
2021-10-02,0,0,0
2021-10-02,0,0,0
2021-10-02,0,0,0
2021-10-02,0,0,0
2021-10-02,0,0,0
2021-10-02,1,0,1
2021-10-02,0,0,0
2021-10-02,0,0,0
2021-10-02,0,0,0
2021-10-02,0,0,0
2021-10-02,0,0,0
2021-10-02,0,0,0
2021-10-02,0,0,0
2021-10-02,0,0,0
2021-10-02,0,0,0
2021-10-02,0,0,0
2021-10-03,0,0,0
2021-10-03,0,0,0
2021-10-03,0,0,0
2021-10-03,0,0,0
2021-10-03,0,0,0
2021-10-03,0,0,0
2021-10-03,0,0,0
2021-10-03,0,0,0
2021-10-03,0,0,0
2021-10-03,0,0,0
2021-10-03,0,0,0
2021-10-03,0,0,0
2021-10-03,0,0,0
2021-10-03,0,0,0
2021-10-03,1,1,0
2021-10-03,0,0,0
2021-10-03,0,0,0
2021-10-03,0,0,0
2021-10-03,0,0,0
2021-10-03,0,0,0
2021-10-03,0,0,0
2021-10-03,0,0,0
2021-10-03,0,0,0
2021-10-03,0,0,0
2021-10-04,0,0,0
2021-10-04,0,0,0
2021-10-04,0,0,0
2021-10-04,0,0,0
2021-10-04,0,0,0
2021-10-04,0,0,0
2021-10-04,0,0,0
2021-10-04,0,0,0
2021-10-04,0,0,0
2021-10-04,0,0,0
2021-10-04,0,0,0
2021-10-04,0,0,0
2021-10-04,0,0,0
2021-10-04,0,0,0
2021-10-04,0,0,0
2021-10-04,0,0,0
2021-10-04,0,0,0
2021-10-04,0,0,0
2021-10-04,0,0,0
2021-10-04,0,0,0
2021-10-04,0,0,0
2021-10-04,0,0,0
2021-10-04,0,0,0
2021-10-04,0,0,0
2021-10-05,0,0,0
2021-10-05,0,0,0
2021-10-05,0,0,0
2021-10-05,0,0,0
2021-10-05,0,0,0
2021-10-05,0,0,0
2021-10-05,0,0,0
2021-10-05,0,0,0
2021-10-05,0,0,0
2021-10-05,0,0,0
2021-10-05,0,0,0
2021-10-05,0,0,0
2021-10-05,0,0,0
2021-10-05,0,0,0
2021-10-05,0,0,0
2021-10-05,0,0,0
2021-10-05,0,0,0
2021-10-05,0,0,0
2021-10-05,0,0,0
2021-10-05,0,0,0
2021-10-05,0,0,0
2021-10-05,0,0,0
2021-10-05,0,0,0
2021-10-05,0,0,0
2021-10-06,0,0,0
2021-10-06,0,0,0
2021-10-06,0,0,0
2021-10-06,0,0,0
2021-10-06,0,0,0
2021-10-06,0,0,0
2021-10-06,0,0,0
2021-10-06,0,0,0
2021-10-06,0,0,0
2021-10-06,0,0,0
2021-10-06,0,0,0
2021-10-06,0,0,0
2021-10-06,0,0,0
2021-10-06,0,0,0
2021-10-06,0,0,0
2021-10-06,0,0,0
2021-10-06,0,0,0
2021-10-06,0,0,0
2021-10-06,0,0,0
2021-10-06,0,0,0
2021-10-06,0,0,0
2021-10-06,0,0,0
2021-10-06,0,0,0
2021-10-06,0,0,0
2021-10-07,0,0,0
2021-10-07,0,0,0
2021-10-07,0,0,0
2021-10-07,0,0,0
2021-10-07,0,0,0
2021-10-07,0,0,0
2021-10-07,0,0,0
2021-10-07,0,0,0
2021-10-07,0,0,0
2021-10-07,0,0,0
2021-10-07,0,0,0
2021-10-07,0,0,0
2021-10-07,0,0,0
2021-10-07,0,0,0
2021-10-07,0,0,0
2021-10-07,0,0,0
2021-10-07,0,0,0
2021-10-07,0,0,0
2021-10-07,0,0,0
2021-10-07,0,0,0
2021-10-07,0,0,0
2021-10-07,0,0,0
2021-10-07,0,0,0
2021-10-07,0,0,0
2021-10-08,0,0,0
2021-10-08,0,0,0
2021-10-08,0,0,0
2021-10-08,0,0,0
2021-10-08,0,0,0
2021-10-08,0,0,0
2021-10-08,0,0,0
2021-10-08,0,0,0
2021-10-08,0,0,0
2021-10-08,0,0,0
2021-10-08,0,0,0
2021-10-08,0,0,0
2021-10-08,0,0,0
2021-10-08,0,0,0
2021-10-08,0,0,0
2021-10-08,0,0,0
2021-10-08,0,0,0
2021-10-08,0,0,0
2021-10-08,0,0,0
2021-10-08,0,0,0
2021-10-08,0,0,0
2021-10-08,0,0,0
2021-10-08,0,0,0
2021-10-08,0,0,0
2021-10-09,0,0,0
2021-10-09,0,0,0
2021-10-09,0,0,0
2021-10-09,0,0,0
2021-10-09,0,0,0
2021-10-09,0,0,0
2021-10-09,0,0,0
2021-10-09,0,0,0
2021-10-09,0,0,0
2021-10-09,0,0,0
2021-10-09,0,0,0
2021-10-09,0,0,0
2021-10-09,0,0,0
2021-10-09,0,0,0
2021-10-09,0,0,0
2021-10-09,0,0,0
2021-10-09,0,0,0
2021-10-09,0,0,0
2021-10-09,0,0,0
2021-10-09,0,0,0
2021-10-09,0,0,0
2021-10-09,0,0,0
2021-10-09,0,0,0
2021-10-09,0,0,0
2021-10-10,0,0,0
2021-10-10,0,0,0
2021-10-10,0,0,0
2021-10-10,0,0,0
2021-10-10,0,0,0
2021-10-10,0,0,0
2021-10-10,0,0,0
2021-10-10,0,0,0
2021-10-10,0,0,0
2021-10-10,2,0,2
2021-10-10,0,0,0
2021-10-10,0,0,0
2021-10-10,0,0,0
2021-10-10,0,0,0
2021-10-10,0,0,0
2021-10-10,1,0,1
2021-10-10,0,0,0
2021-10-10,0,0,0
2021-10-10,0,0,0
2021-10-10,0,0,0
2021-10-10,0,0,0
2021-10-10,0,0,0
2021-10-10,0,0,0
2021-10-10,0,0,0
2021-10-11,0,0,0
2021-10-11,0,0,0
2021-10-11,0,0,0
2021-10-11,0,0,0
2021-10-11,0,0,0
2021-10-11,0,0,0
2021-10-11,0,0,0
2021-10-11,0,0,0
2021-10-11,0,0,0
2021-10-11,0,0,0
2021-10-11,0,0,0
2021-10-11,0,0,0
2021-10-11,0,0,0
2021-10-11,0,0,0
2021-10-11,0,0,0
2021-10-11,0,0,0
2021-10-11,0,0,0
2021-10-11,0,0,0
2021-10-11,0,0,0
2021-10-11,0,0,0
2021-10-11,0,0,0
2021-10-11,0,0,0
2021-10-11,0,0,0
2021-10-11,0,0,0
2021-10-12,0,0,0
2021-10-12,0,0,0
2021-10-12,0,0,0
2021-10-12,0,0,0
2021-10-12,0,0,0
2021-10-12,0,0,0
2021-10-12,0,0,0
2021-10-12,0,0,0
2021-10-12,0,0,0
2021-10-12,0,0,0
2021-10-12,0,0,0
2021-10-12,0,0,0
2021-10-12,0,0,0
2021-10-12,0,0,0
2021-10-12,0,0,0
2021-10-12,0,0,0
2021-10-12,0,0,0
2021-10-12,0,0,0
2021-10-12,0,0,0
2021-10-12,0,0,0
2021-10-12,0,0,0
2021-10-12,0,0,0
2021-10-12,0,0,0
2021-10-12,0,0,0
2021-10-13,0,0,0
2021-10-13,0,0,0
2021-10-13,0,0,0
2021-10-13,0,0,0
2021-10-13,0,0,0
2021-10-13,0,0,0
2021-10-13,0,0,0
2021-10-13,0,0,0
2021-10-13,0,0,0
2021-10-13,0,0,0
2021-10-13,0,0,0
2021-10-13,0,0,0
2021-10-13,0,0,0
2021-10-13,0,0,0
2021-10-13,0,0,0
2021-10-13,0,0,0
2021-10-13,0,0,0
2021-10-13,0,0,0
2021-10-13,0,0,0
2021-10-13,0,0,0
2021-10-13,0,0,0
2021-10-13,0,0,0
2021-10-13,0,0,0
2021-10-13,0,0,0
2021-10-14,0,0,0
2021-10-14,0,0,0
2021-10-14,0,0,0
2021-10-14,0,0,0
2021-10-14,0,0,0
2021-10-14,0,0,0
2021-10-14,0,0,0
2021-10-14,0,0,0
2021-10-14,0,0,0
2021-10-14,0,0,0
2021-10-14,0,0,0
2021-10-14,0,0,0
2021-10-14,0,0,0
2021-10-14,0,0,0
2021-10-14,0,0,0
2021-10-14,0,0,0
2021-10-14,0,0,0
2021-10-14,0,0,0
2021-10-14,0,0,0
2021-10-14,0,0,0
2021-10-14,0,0,0
2021-10-14,0,0,0
2021-10-14,0,0,0
2021-10-14,0,0,0
2021-10-15,0,0,0
2021-10-15,0,0,0
2021-10-15,0,0,0
2021-10-15,0,0,0
2021-10-15,0,0,0
2021-10-15,0,0,0
2021-10-15,0,0,0
2021-10-15,0,0,0
2021-10-15,0,0,0
2021-10-15,0,0,0
2021-10-15,0,0,0
2021-10-15,0,0,0
2021-10-15,0,0,0
2021-10-15,0,0,0
2021-10-15,0,0,0
2021-10-15,0,0,0
2021-10-15,0,0,0
2021-10-15,0,0,0
2021-10-15,0,0,0
2021-10-15,0,0,0
2021-10-15,0,0,0
2021-10-15,0,0,0
2021-10-15,0,0,0
2021-10-15,0,0,0
2021-10-16,0,0,0
2021-10-16,0,0,0
2021-10-16,0,0,0
2021-10-16,0,0,0
2021-10-16,0,0,0
2021-10-16,0,0,0
2021-10-16,0,0,0
2021-10-16,0,0,0
2021-10-16,0,0,0
2021-10-16,0,0,0
2021-10-16,0,0,0
2021-10-16,0,0,0
2021-10-16,0,0,0
2021-10-16,0,0,0
2021-10-16,0,0,0
2021-10-16,0,0,0
2021-10-16,0,0,0
2021-10-16,0,0,0
2021-10-16,0,0,0
2021-10-16,0,0,0
2021-10-16,0,0,0
2021-10-16,0,0,0
2021-10-16,0,0,0
2021-10-16,0,0,0
2021-10-17,0,0,0
2021-10-17,0,0,0
2021-10-17,0,0,0
2021-10-17,0,0,0
2021-10-17,0,0,0
2021-10-17,0,0,0
2021-10-17,0,0,0
2021-10-17,0,0,0
2021-10-17,0,0,0
2021-10-17,0,0,0
2021-10-17,0,0,0
2021-10-17,0,0,0
2021-10-17,0,0,0
2021-10-17,0,0,0
2021-10-17,0,0,0
2021-10-17,0,0,0
2021-10-17,0,0,0
2021-10-17,0,0,0
2021-10-17,0,0,0
2021-10-17,0,0,0
2021-10-17,0,0,0
2021-10-17,0,0,0
2021-10-17,0,0,0
2021-10-17,0,0,0
2021-10-18,0,0,0
2021-10-18,0,0,0
2021-10-18,0,0,0
2021-10-18,0,0,0
2021-10-18,0,0,0
2021-10-18,0,0,0
2021-10-18,0,0,0
2021-10-18,0,0,0
2021-10-18,0,0,0
2021-10-18,0,0,0
2021-10-18,0,0,0
2021-10-18,0,0,0
2021-10-18,0,0,0
2021-10-18,0,0,0
2021-10-18,0,0,0
2021-10-18,0,0,0
2021-10-18,0,0,0
2021-10-18,0,0,0
2021-10-18,0,0,0
2021-10-18,0,0,0
2021-10-18,0,0,0
2021-10-18,0,0,0
2021-10-18,0,0,0
2021-10-18,0,0,0
2021-10-19,0,0,0
2021-10-19,0,0,0
2021-10-19,0,0,0
2021-10-19,0,0,0
2021-10-19,0,0,0
2021-10-19,0,0,0
2021-10-19,0,0,0
2021-10-19,0,0,0
2021-10-19,0,0,0
2021-10-19,0,0,0
2021-10-19,0,0,0
2021-10-19,0,0,0
2021-10-19,0,0,0
2021-10-19,0,0,0
2021-10-19,0,0,0
2021-10-19,0,0,0
2021-10-19,0,0,0
2021-10-19,0,0,0
2021-10-19,0,0,0
2021-10-19,0,0,0
2021-10-19,0,0,0
2021-10-19,0,0,0
2021-10-19,0,0,0
2021-10-19,0,0,0
2021-10-20,0,0,0
2021-10-20,0,0,0
2021-10-20,0,0,0
2021-10-20,0,0,0
2021-10-20,0,0,0
2021-10-20,0,0,0
2021-10-20,0,0,0
2021-10-20,0,0,0
2021-10-20,0,0,0
2021-10-20,0,0,0
2021-10-20,0,0,0
2021-10-20,0,0,0
2021-10-20,0,0,0
2021-10-20,0,0,0
2021-10-20,0,0,0
2021-10-20,0,0,0
2021-10-20,0,0,0
2021-10-20,0,0,0
2021-10-20,0,0,0
2021-10-20,0,0,0
2021-10-20,0,0,0
2021-10-20,0,0,0
2021-10-20,0,0,0
2021-10-20,0,0,0
2021-10-21,0,0,0
2021-10-21,0,0,0
2021-10-21,0,0,0
2021-10-21,0,0,0
2021-10-21,0,0,0
2021-10-21,0,0,0
2021-10-21,0,0,0
2021-10-21,0,0,0
2021-10-21,0,0,0
2021-10-21,0,0,0
2021-10-21,0,0,0
2021-10-21,0,0,0
2021-10-21,0,0,0
2021-10-21,0,0,0
2021-10-21,0,0,0
2021-10-21,0,0,0
2021-10-21,0,0,0
2021-10-21,0,0,0
2021-10-21,0,0,0
2021-10-21,0,0,0
2021-10-21,0,0,0
2021-10-21,0,0,0
2021-10-21,0,0,0
2021-10-21,0,0,0
2021-10-22,0,0,0
2021-10-22,0,0,0
2021-10-22,0,0,0
2021-10-22,0,0,0
2021-10-22,0,0,0
2021-10-22,0,0,0
2021-10-22,0,0,0
2021-10-22,0,0,0
2021-10-22,0,0,0
2021-10-22,0,0,0
2021-10-22,0,0,0
2021-10-22,0,0,0
2021-10-22,0,0,0
2021-10-22,0,0,0
2021-10-22,0,0,0
2021-10-22,0,0,0
2021-10-22,0,0,0
2021-10-22,0,0,0
2021-10-22,0,0,0
2021-10-22,0,0,0
2021-10-22,0,0,0
2021-10-22,0,0,0
2021-10-22,0,0,0
2021-10-22,0,0,0
2021-10-23,0,0,0
2021-10-23,0,0,0
2021-10-23,0,0,0
2021-10-23,0,0,0
2021-10-23,0,0,0
2021-10-23,0,0,0
2021-10-23,0,0,0
2021-10-23,0,0,0
2021-10-23,0,0,0
2021-10-23,0,0,0
2021-10-23,0,0,0
2021-10-23,0,0,0
2021-10-23,0,0,0
2021-10-23,0,0,0
2021-10-23,0,0,0
2021-10-23,0,0,0
2021-10-23,0,0,0
2021-10-23,0,0,0
2021-10-23,0,0,0
2021-10-23,0,0,0
2021-10-23,0,0,0
2021-10-23,0,0,0
2021-10-23,0,0,0
2021-10-23,0,0,0
2021-10-24,0,0,0
2021-10-24,0,0,0
2021-10-24,0,0,0
2021-10-24,0,0,0
2021-10-24,0,0,0
2021-10-24,0,0,0
2021-10-24,0,0,0
2021-10-24,0,0,0
2021-10-24,0,0,0
2021-10-24,0,0,0
2021-10-24,0,0,0
2021-10-24,0,0,0
2021-10-24,0,0,0
2021-10-24,0,0,0
2021-10-24,0,0,0
2021-10-24,0,0,0
2021-10-24,0,0,0
2021-10-24,0,0,0
2021-10-24,0,0,0
2021-10-24,0,0,0
2021-10-24,0,0,0
2021-10-24,0,0,0
2021-10-24,0,0,0
2021-10-24,0,0,0
2021-10-25,0,0,0
2021-10-25,0,0,0
2021-10-25,0,0,0
2021-10-25,0,0,0
2021-10-25,0,0,0
2021-10-25,0,0,0
2021-10-25,0,0,0
2021-10-25,0,0,0
2021-10-25,0,0,0
2021-10-25,0,0,0
2021-10-25,0,0,0
2021-10-25,0,0,0
2021-10-25,0,0,0
2021-10-25,0,0,0
2021-10-25,0,0,0
2021-10-25,0,0,0
2021-10-25,0,0,0
2021-10-25,0,0,0
2021-10-25,0,0,0
2021-10-25,0,0,0
2021-10-25,0,0,0
2021-10-25,0,0,0
2021-10-25,0,0,0
2021-10-25,0,0,0
2021-10-26,0,0,0
2021-10-26,0,0,0
2021-10-26,0,0,0
2021-10-26,0,0,0
2021-10-26,0,0,0
2021-10-26,0,0,0
2021-10-26,0,0,0
2021-10-26,0,0,0
2021-10-26,0,0,0
2021-10-26,0,0,0
2021-10-26,0,0,0
2021-10-26,0,0,0
2021-10-26,0,0,0
2021-10-26,0,0,0
2021-10-26,0,0,0
2021-10-26,0,0,0
2021-10-26,0,0,0
2021-10-26,0,0,0
2021-10-26,0,0,0
2021-10-26,0,0,0
2021-10-26,0,0,0
2021-10-26,0,0,0
2021-10-26,0,0,0
2021-10-26,0,0,0
2021-10-27,0,0,0
2021-10-27,0,0,0
2021-10-27,0,0,0
2021-10-27,0,0,0
2021-10-27,0,0,0
2021-10-27,0,0,0
2021-10-27,0,0,0
2021-10-27,0,0,0
2021-10-27,0,0,0
2021-10-27,0,0,0
2021-10-27,0,0,0
2021-10-27,0,0,0
2021-10-27,0,0,0
2021-10-27,0,0,0
2021-10-27,0,0,0
2021-10-27,0,0,0
2021-10-27,0,0,0
2021-10-27,0,0,0
2021-10-27,0,0,0
2021-10-27,0,0,0
2021-10-27,0,0,0
2021-10-27,0,0,0
2021-10-27,0,0,0
2021-10-27,0,0,0
2021-10-28,0,0,0
2021-10-28,0,0,0
2021-10-28,0,0,0
2021-10-28,0,0,0
2021-10-28,0,0,0
2021-10-28,0,0,0
2021-10-28,0,0,0
2021-10-28,0,0,0
2021-10-28,0,0,0
2021-10-28,0,0,0
2021-10-28,0,0,0
2021-10-28,0,0,0
2021-10-28,0,0,0
2021-10-28,0,0,0
2021-10-28,0,0,0
2021-10-28,0,0,0
2021-10-28,0,0,0
2021-10-28,0,0,0
2021-10-28,0,0,0
2021-10-28,0,0,0
2021-10-28,0,0,0
2021-10-28,0,0,0
2021-10-28,0,0,0
2021-10-28,0,0,0
2021-10-29,0,0,0
2021-10-29,0,0,0
2021-10-29,0,0,0
2021-10-29,0,0,0
2021-10-29,0,0,0
2021-10-29,0,0,0
2021-10-29,0,0,0
2021-10-29,0,0,0
2021-10-29,0,0,0
2021-10-29,0,0,0
2021-10-29,0,0,0
2021-10-29,0,0,0
2021-10-29,0,0,0
2021-10-29,0,0,0
2021-10-29,0,0,0
2021-10-29,0,0,0
2021-10-29,0,0,0
2021-10-29,0,0,0
2021-10-29,0,0,0
2021-10-29,0,0,0
2021-10-29,0,0,0
2021-10-29,0,0,0
2021-10-29,0,0,0
2021-10-29,0,0,0
2021-10-30,0,0,0
2021-10-30,0,0,0
2021-10-30,0,0,0
2021-10-30,0,0,0
2021-10-30,0,0,0
2021-10-30,0,0,0
2021-10-30,0,0,0
2021-10-30,0,0,0
2021-10-30,0,0,0
2021-10-30,0,0,0
2021-10-30,0,0,0
2021-10-30,0,0,0
2021-10-30,0,0,0
2021-10-30,0,0,0
2021-10-30,0,0,0
2021-10-30,0,0,0
2021-10-30,0,0,0
2021-10-30,0,0,0
2021-10-30,0,0,0
2021-10-30,0,0,0
2021-10-30,0,0,0
2021-10-30,0,0,0
2021-10-30,0,0,0
2021-10-30,0,0,0
2018-04-13,2,0,2
2018-04-13,3,1,2
2018-04-13,0,0,0
2018-04-13,1,1,0
2018-04-13,5,3,2
2018-04-13,8,2,6
2018-04-13,37,7,30
2018-04-13,98,8,90
2018-04-13,154,21,133
2018-04-13,109,12,97
2018-04-13,45,12,33
2018-04-13,22,8,14
2018-04-13,23,12,11
2018-04-13,18,13,5
2018-04-13,22,14,8
2018-04-13,44,35,9
2018-04-13,99,82,17
2018-04-13,149,129,20
2018-04-13,80,73,7
2018-04-13,32,29,3
2018-04-13,17,15,2
2018-04-13,12,10,2
2018-04-13,15,13,2
2018-04-13,4,4,0
2018-04-14,2,2,0
2018-04-14,0,0,0
2018-04-14,2,1,1
2018-04-14,0,0,0
2018-04-14,1,0,1
2018-04-14,1,0,1
2018-04-14,4,1,3
2018-04-14,10,5,5
2018-04-14,9,6,3
2018-04-14,24,9,15
2018-04-14,20,9,11
2018-04-14,28,9,19
2018-04-14,16,9,7
2018-04-14,22,14,8
2018-04-14,15,6,9
2018-04-14,10,4,6
2018-04-14,15,7,8
2018-04-14,10,4,6
2018-04-14,8,6,2
2018-04-14,8,5,3
2018-04-14,3,2,1
2018-04-14,2,1,1
2018-04-14,2,1,1
2018-04-14,5,4,1
2018-04-15,2,1,1
2018-04-15,1,0,1
2018-04-15,1,1,0
2018-04-15,1,1,0
2018-04-15,3,0,3
2018-04-15,2,0,2
2018-04-15,6,1,5
2018-04-15,3,0,3
2018-04-15,16,8,8
2018-04-15,32,12,20
2018-04-15,37,16,21
2018-04-15,53,27,26
2018-04-15,58,33,25
2018-04-15,57,35,22
2018-04-15,45,24,21
2018-04-15,56,36,20
2018-04-15,52,27,25
2018-04-15,21,10,11
2018-04-15,15,5,10
2018-04-15,22,8,14
2018-04-15,10,6,4
2018-04-15,4,3,1
2018-04-15,5,3,2
2018-04-15,3,2,1
2018-04-16,1,0,1
2018-04-16,0,0,0
2018-04-16,0,0,0
2018-04-16,1,1,0
2018-04-16,6,3,3
2018-04-16,14,2,12
2018-04-16,57,6,51
2018-04-16,138,10,128
2018-04-16,222,17,205
2018-04-16,126,19,107
2018-04-16,43,7,36
2018-04-16,23,9,14
2018-04-16,19,10,9
2018-04-16,23,13,10
2018-04-16,23,10,13
2018-04-16,54,44,10
2018-04-16,123,109,14
2018-04-16,252,228,24
2018-04-16,157,139,18
2018-04-16,57,46,11
2018-04-16,26,22,4
2018-04-16,22,15,7
2018-04-16,10,6,4
2018-04-16,5,4,1
2018-04-17,1,1,0
2018-04-17,1,1,0
2018-04-17,2,2,0
2018-04-17,0,0,0
2018-04-17,7,2,5
2018-04-17,20,4,16
2018-04-17,73,13,60
2018-04-17,223,22,201
2018-04-17,311,24,287
2018-04-17,182,26,156
2018-04-17,64,13,51
2018-04-17,52,25,27
2018-04-17,35,14,21
2018-04-17,56,26,30
2018-04-17,54,29,25
2018-04-17,87,61,26
2018-04-17,184,156,28
2018-04-17,342,300,42
2018-04-17,257,210,47
2018-04-17,114,89,25
2018-04-17,65,40,25
2018-04-17,40,33,7
2018-04-17,27,19,8
2018-04-17,14,11,3
2018-04-18,0,0,0
2018-04-18,0,0,0
2018-04-18,2,2,0
2018-04-18,2,1,1
2018-04-18,10,5,5
2018-04-18,17,4,13
2018-04-18,70,15,55
2018-04-18,203,22,181
2018-04-18,356,37,319
2018-04-18,185,33,152
2018-04-18,74,26,48
2018-04-18,45,13,32
2018-04-18,41,25,16
2018-04-18,41,22,19
2018-04-18,50,29,21
2018-04-18,104,78,26
2018-04-18,188,167,21
2018-04-18,386,331,55
2018-04-18,255,204,51
2018-04-18,126,88,38
2018-04-18,75,52,23
2018-04-18,40,27,13
2018-04-18,20,15,5
2018-04-18,14,11,3
2018-04-19,2,1,1
2018-04-19,2,1,1
2018-04-19,4,3,1
2018-04-19,3,1,2
2018-04-19,5,3,2
2018-04-19,26,7,19
2018-04-19,76,20,56
2018-04-19,215,18,197
2018-04-19,343,34,309
2018-04-19,223,25,198
2018-04-19,96,28,68
2018-04-19,84,36,48
2018-04-19,70,32,38
2018-04-19,63,35,28
2018-04-19,73,37,36
2018-04-19,113,78,35
2018-04-19,235,194,41
2018-04-19,432,371,61
2018-04-19,289,238,51
2018-04-19,170,128,42
2018-04-19,76,59,17
2018-04-19,34,30,4
2018-04-19,20,13,7
2018-04-19,11,3,8
2018-04-20,5,4,1
2018-04-20,3,0,3
2018-04-20,0,0,0
2018-04-20,2,1,1
2018-04-20,4,2,2
2018-04-20,15,4,11
2018-04-20,71,16,55
2018-04-20,173,27,146
2018-04-20,315,28,287
2018-04-20,172,27,145
2018-04-20,75,22,53
2018-04-20,57,22,35
2018-04-20,68,31,37
2018-04-20,65,37,28
2018-04-20,71,40,31
2018-04-20,120,84,36
2018-04-20,235,191,44
2018-04-20,315,275,40
2018-04-20,197,171,26
2018-04-20,78,57,21
2018-04-20,46,35,11
2018-04-20,44,29,15
2018-04-20,26,17,9
2018-04-20,19,9,10
2018-04-21,13,8,5
2018-04-21,7,4,3
2018-04-21,1,0,1
2018-04-21,2,1,1
2018-04-21,3,0,3
2018-04-21,1,0,1
2018-04-21,5,3,2
2018-04-21,25,14,11
2018-04-21,39,21,18
2018-04-21,39,24,15
2018-04-21,59,35,24
2018-04-21,104,52,52
2018-04-21,121,70,51
2018-04-21,100,47,53
2018-04-21,101,51,50
2018-04-21,59,28,31
2018-04-21,74,27,47
2018-04-21,62,44,18
2018-04-21,45,23,22
2018-04-21,45,25,20
2018-04-21,30,13,17
2018-04-21,14,9,5
2018-04-21,20,12,8
2018-04-21,8,7,1
2018-04-22,11,9,2
2018-04-22,4,1,3
2018-04-22,3,3,0
2018-04-22,0,0,0
2018-04-22,1,0,1
2018-04-22,3,1,2
2018-04-22,7,3,4
2018-04-22,15,12,3
2018-04-22,28,16,12
2018-04-22,45,23,22
2018-04-22,63,34,29
2018-04-22,67,36,31
2018-04-22,111,58,53
2018-04-22,141,77,64
2018-04-22,135,75,60
2018-04-22,121,64,57
2018-04-22,151,82,69
2018-04-22,123,73,50
2018-04-22,85,45,40
2018-04-22,49,26,23
2018-04-22,40,19,21
2018-04-22,15,6,9
2018-04-22,11,8,3
2018-04-22,7,6,1
2018-04-23,7,3,4
2018-04-23,2,1,1
2018-04-23,1,0,1
2018-04-23,1,0,1
2018-04-23,7,1,6
2018-04-23,15,5,10
2018-04-23,95,16,79
2018-04-23,249,21,228
2018-04-23,399,42,357
2018-04-23,220,28,192
2018-04-23,90,25,65
2018-04-23,68,22,46
2018-04-23,76,38,38
2018-04-23,76,42,34
2018-04-23,71,37,34
2018-04-23,114,74,40
2018-04-23,298,244,54
2018-04-23,508,451,57
2018-04-23,346,279,67
2018-04-23,161,115,46
2018-04-23,81,50,31
2018-04-23,53,38,15
2018-04-23,16,11,5
2018-04-23,10,8,2
2018-04-24,2,1,1
2018-04-24,1,0,1
2018-04-24,1,0,1
2018-04-24,0,0,0
2018-04-24,10,2,8
2018-04-24,20,3,17
2018-04-24,120,24,96
2018-04-24,312,30,282
2018-04-24,456,48,408
2018-04-24,251,31,220
2018-04-24,101,28,73
2018-04-24,71,32,39
2018-04-24,66,34,32
2018-04-24,68,44,24
2018-04-24,80,43,37
2018-04-24,135,100,35
2018-04-24,294,248,46
2018-04-24,561,474,87
2018-04-24,376,317,59
2018-04-24,187,137,50
2018-04-24,103,53,50
2018-04-24,48,29,19
2018-04-24,35,21,14
2018-04-24,15,8,7
2018-04-25,2,2,0
2018-04-25,1,1,0
2018-04-25,2,0,2
2018-04-25,2,2,0
2018-04-25,6,3,3
2018-04-25,26,7,19
2018-04-25,101,21,80
2018-04-25,311,34,277
2018-04-25,454,43,411
2018-04-25,259,37,222
2018-04-25,99,35,64
2018-04-25,71,26,45
2018-04-25,71,36,35
2018-04-25,79,40,39
2018-04-25,89,60,29
2018-04-25,115,86,29
2018-04-25,304,266,38
2018-04-25,552,477,75
2018-04-25,361,298,63
2018-04-25,182,127,55
2018-04-25,115,68,47
2018-04-25,69,43,26
2018-04-25,32,16,16
2018-04-25,10,8,2
2018-04-26,5,1,4
2018-04-26,2,1,1
2018-04-26,0,0,0
2018-04-26,1,1,0
2018-04-26,5,3,2
2018-04-26,22,5,17
2018-04-26,107,23,84
2018-04-26,281,34,247
2018-04-26,448,38,410
2018-04-26,257,38,219
2018-04-26,117,39,78
2018-04-26,86,40,46
2018-04-26,94,48,46
2018-04-26,75,35,40
2018-04-26,92,55,37
2018-04-26,154,107,47
2018-04-26,312,245,67
2018-04-26,528,449,79
2018-04-26,411,318,93
2018-04-26,195,131,64
2018-04-26,132,68,64
2018-04-26,80,53,27
2018-04-26,29,18,11
2018-04-26,13,8,5
2018-04-27,8,5,3
2018-04-27,3,1,2
2018-04-27,1,0,1
2018-04-27,0,0,0
2018-04-27,6,4,2
2018-04-27,15,3,12
2018-04-27,75,17,58
2018-04-27,163,21,142
2018-04-27,341,36,305
2018-04-27,172,24,148
2018-04-27,71,19,52
2018-04-27,75,35,40
2018-04-27,55,31,24
2018-04-27,51,29,22
2018-04-27,56,36,20
2018-04-27,116,89,27
2018-04-27,200,168,32
2018-04-27,345,302,43
2018-04-27,233,195,38
2018-04-27,75,61,14
2018-04-27,48,22,26
2018-04-27,28,19,9
2018-04-27,19,12,7
2018-04-27,11,10,1
2018-04-28,8,6,2
2018-04-28,5,2,3
2018-04-28,4,2,2
2018-04-28,0,0,0
2018-04-28,0,0,0
2018-04-28,2,1,1
2018-04-28,7,4,3
2018-04-28,11,7,4
2018-04-28,10,3,7
2018-04-28,4,1,3
2018-04-28,7,3,4
2018-04-28,22,8,14
2018-04-28,24,11,13
2018-04-28,37,14,23
2018-04-28,41,23,18
2018-04-28,46,25,21
2018-04-28,33,21,12
2018-04-28,45,20,25
2018-04-28,31,19,12
2018-04-28,15,9,6
2018-04-28,15,10,5
2018-04-28,8,7,1
2018-04-28,14,9,5
2018-04-28,7,5,2
2018-04-29,5,3,2
2018-04-29,2,2,0
2018-04-29,3,1,2
2018-04-29,2,1,1
2018-04-29,1,0,1
2018-04-29,1,0,1
2018-04-29,10,4,6
2018-04-29,15,7,8
2018-04-29,23,13,10
2018-04-29,35,13,22
2018-04-29,46,27,19
2018-04-29,65,34,31
2018-04-29,97,59,38
2018-04-29,101,61,40
2018-04-29,71,35,36
2018-04-29,99,45,54
2018-04-29,73,40,33
2018-04-29,62,31,31
2018-04-29,51,26,25
2018-04-29,37,20,17
2018-04-29,34,13,21
2018-04-29,17,10,7
2018-04-29,10,7,3
2018-04-29,9,5,4
2018-04-30,2,2,0
2018-04-30,1,1,0
2018-04-30,3,1,2
2018-04-30,2,1,1
2018-04-30,7,5,2
2018-04-30,17,5,12
2018-04-30,74,14,60
2018-04-30,196,15,181
2018-04-30,361,37,324
2018-04-30,180,26,154
2018-04-30,82,18,64
2018-04-30,53,21,32
2018-04-30,41,19,22
2018-04-30,40,20,20
2018-04-30,53,34,19
2018-04-30,83,53,30
2018-04-30,186,153,33
2018-04-30,417,380,37
2018-04-30,261,212,49
2018-04-30,116,93,23
2018-04-30,58,39,19
2018-04-30,33,20,13
2018-04-30,17,14,3
2018-04-30,8,6,2
2018-05-01,5,5,0
2018-05-01,3,1,2
2018-05-01,0,0,0
2018-05-01,3,1,2
2018-05-01,5,2,3
2018-05-01,27,8,19
2018-05-01,108,23,85
2018-05-01,263,22,241
2018-05-01,422,37,385
2018-05-01,245,21,224
2018-05-01,120,32,88
2018-05-01,60,27,33
2018-05-01,59,30,29
2018-05-01,67,40,27
2018-05-01,91,52,39
2018-05-01,132,97,35
2018-05-01,251,213,38
2018-05-01,540,479,61
2018-05-01,328,267,61
2018-05-01,173,130,43
2018-05-01,99,50,49
2018-05-01,40,32,8
2018-05-01,36,26,10
2018-05-01,19,11,8
2018-05-02,1,1,0
2018-05-02,0,0,0
2018-05-02,0,0,0
2018-05-02,0,0,0
2018-05-02,5,3,2
2018-05-02,28,7,21
2018-05-02,106,18,88
2018-05-02,318,23,295
2018-05-02,487,40,447
2018-05-02,236,37,199
2018-05-02,109,31,78
2018-05-02,64,31,33
2018-05-02,61,38,23
2018-05-02,97,50,47
2018-05-02,81,47,34
2018-05-02,123,95,28
2018-05-02,321,269,52
2018-05-02,579,499,80
2018-05-02,368,306,62
2018-05-02,209,150,59
2018-05-02,94,62,32
2018-05-02,47,27,20
2018-05-02,34,23,11
2018-05-02,16,13,3
2018-05-03,7,1,6
2018-05-03,5,4,1
2018-05-03,0,0,0
2018-05-03,1,0,1
2018-05-03,7,4,3
2018-05-03,29,9,20
2018-05-03,90,15,75
2018-05-03,283,30,253
2018-05-03,455,42,413
2018-05-03,245,31,214
2018-05-03,102,27,75
2018-05-03,54,27,27
2018-05-03,64,30,34
2018-05-03,69,37,32
2018-05-03,86,59,27
2018-05-03,155,107,48
2018-05-03,323,266,57
2018-05-03,553,464,89
2018-05-03,338,267,71
2018-05-03,172,127,45
2018-05-03,91,55,36
2018-05-03,52,36,16
2018-05-03,32,23,9
2018-05-03,21,12,9
2018-05-04,11,9,2
2018-05-04,5,5,0
2018-05-04,2,1,1
2018-05-04,2,1,1
2018-05-04,7,5,2
2018-05-04,25,8,17
2018-05-04,77,19,58
2018-05-04,241,27,214
2018-05-04,360,44,316
2018-05-04,207,34,173
2018-05-04,93,23,70
2018-05-04,72,24,48
2018-05-04,63,36,27
2018-05-04,91,47,44
2018-05-04,81,56,25
2018-05-04,130,84,46
2018-05-04,258,227,31
2018-05-04,406,344,62
2018-05-04,236,189,47
2018-05-04,141,97,44
2018-05-04,61,31,30
2018-05-04,48,29,19
2018-05-04,29,19,10
2018-05-04,23,14,9
2018-05-05,12,4,8
2018-05-05,5,5,0
2018-05-05,2,1,1
2018-05-05,1,0,1
2018-05-05,3,1,2
2018-05-05,6,3,3
2018-05-05,12,6,6
2018-05-05,30,16,14
2018-05-05,54,22,32
2018-05-05,82,42,40
2018-05-05,98,51,47
2018-05-05,133,73,60
2018-05-05,160,72,88
2018-05-05,164,69,95
2018-05-05,151,83,68
2018-05-05,181,104,77
2018-05-05,111,65,46
2018-05-05,103,46,57
2018-05-05,83,41,42
2018-05-05,70,32,38
2018-05-05,24,12,12
2018-05-05,23,17,6
2018-05-05,18,11,7
2018-05-05,14,11,3
2018-05-06,5,2,3
2018-05-06,6,4,2
2018-05-06,4,1,3
2018-05-06,0,0,0
2018-05-06,3,0,3
2018-05-06,5,2,3
2018-05-06,8,3,5
2018-05-06,21,6,15
2018-05-06,32,17,15
2018-05-06,55,30,25
2018-05-06,86,59,27
2018-05-06,119,64,55
2018-05-06,132,67,65
2018-05-06,160,90,70
2018-05-06,205,116,89
2018-05-06,147,67,80
2018-05-06,168,90,78
2018-05-06,139,68,71
2018-05-06,82,30,52
2018-05-06,57,24,33
2018-05-06,34,14,20
2018-05-06,20,15,5
2018-05-06,14,11,3
2018-05-06,7,5,2
2018-05-07,4,2,2
2018-05-07,1,1,0
2018-05-07,2,0,2
2018-05-07,1,1,0
2018-05-07,7,4,3
2018-05-07,27,6,21
2018-05-07,109,28,81
2018-05-07,302,26,276
2018-05-07,487,45,442
2018-05-07,227,31,196
2018-05-07,84,19,65
2018-05-07,62,19,43
2018-05-07,57,29,28
2018-05-07,53,31,22
2018-05-07,70,46,24
2018-05-07,125,77,48
2018-05-07,307,257,50
2018-05-07,540,477,63
2018-05-07,373,325,48
2018-05-07,171,111,60
2018-05-07,95,58,37
2018-05-07,54,32,22
2018-05-07,20,18,2
2018-05-07,16,10,6
2018-05-08,5,4,1
2018-05-08,1,1,0
2018-05-08,1,1,0
2018-05-08,1,0,1
2018-05-08,7,4,3
2018-05-08,24,3,21
2018-05-08,117,30,87
2018-05-08,367,39,328
2018-05-08,492,38,454
2018-05-08,260,42,218
2018-05-08,104,28,76
2018-05-08,83,31,52
2018-05-08,80,37,43
2018-05-08,67,26,41
2018-05-08,85,58,27
2018-05-08,142,105,37
2018-05-08,316,252,64
2018-05-08,540,476,64
2018-05-08,308,261,47
2018-05-08,157,117,40
2018-05-08,84,61,23
2018-05-08,41,28,13
2018-05-08,36,25,11
2018-05-08,10,6,4
2018-05-09,8,5,3
2018-05-09,2,2,0
2018-05-09,2,2,0
2018-05-09,2,0,2
2018-05-09,7,4,3
2018-05-09,23,6,17
2018-05-09,116,18,98
2018-05-09,286,37,249
2018-05-09,439,49,390
2018-05-09,234,40,194
2018-05-09,108,25,83
2018-05-09,57,29,28
2018-05-09,45,23,22
2018-05-09,45,25,20
2018-05-09,75,46,29
2018-05-09,111,84,27
2018-05-09,286,248,38
2018-05-09,469,401,68
2018-05-09,319,271,48
2018-05-09,191,131,60
2018-05-09,118,70,48
2018-05-09,63,36,27
2018-05-09,29,16,13
2018-05-09,20,13,7
2018-05-10,9,6,3
2018-05-10,3,2,1
2018-05-10,4,3,1
2018-05-10,2,0,2
2018-05-10,4,1,3
2018-05-10,28,10,18
2018-05-10,73,16,57
2018-05-10,217,18,199
2018-05-10,363,32,331
2018-05-10,169,26,143
2018-05-10,78,19,59
2018-05-10,48,18,30
2018-05-10,47,18,29
2018-05-10,49,19,30
2018-05-10,55,36,19
2018-05-10,88,59,29
2018-05-10,198,156,42
2018-05-10,372,330,42
2018-05-10,274,229,45
2018-05-10,105,71,34
2018-05-10,77,47,30
2018-05-10,40,23,17
2018-05-10,20,20,0
2018-05-10,11,5,6
2018-05-11,9,7,2
2018-05-11,1,0,1
2018-05-11,5,4,1
2018-05-11,3,2,1
2018-05-11,9,6,3
2018-05-11,30,10,20
2018-05-11,93,23,70
2018-05-11,241,27,214
2018-05-11,361,37,324
2018-05-11,205,32,173
2018-05-11,80,24,56
2018-05-11,67,24,43
2018-05-11,70,38,32
2018-05-11,72,36,36
2018-05-11,101,67,34
2018-05-11,135,92,43
2018-05-11,330,285,45
2018-05-11,428,360,68
2018-05-11,236,181,55
2018-05-11,128,85,43
2018-05-11,95,56,39
2018-05-11,51,32,19
2018-05-11,35,16,19
2018-05-11,21,11,10
2018-05-12,18,13,5
2018-05-12,8,5,3
2018-05-12,1,1,0
2018-05-12,2,1,1
2018-05-12,3,2,1
2018-05-12,8,6,2
2018-05-12,19,9,10
2018-05-12,32,18,14
2018-05-12,41,22,19
2018-05-12,97,54,43
2018-05-12,110,52,58
2018-05-12,133,64,69
2018-05-12,146,81,65
2018-05-12,210,120,90
2018-05-12,196,114,82
2018-05-12,161,75,86
2018-05-12,201,96,105
2018-05-12,137,75,62
2018-05-12,118,49,69
2018-05-12,80,36,44
2018-05-12,75,31,44
2018-05-12,53,32,21
2018-05-12,34,14,20
2018-05-12,21,11,10
2018-05-13,13,6,7
2018-05-13,8,4,4
2018-05-13,1,1,0
2018-05-13,3,2,1
2018-05-13,4,2,2
2018-05-13,6,3,3
2018-05-13,16,5,11
2018-05-13,31,14,17
2018-05-13,40,21,19
2018-05-13,76,43,33
2018-05-13,83,54,29
2018-05-13,102,48,54
2018-05-13,162,91,71
2018-05-13,163,87,76
2018-05-13,164,91,73
2018-05-13,163,91,72
2018-05-13,180,95,85
2018-05-13,136,55,81
2018-05-13,107,56,51
2018-05-13,77,49,28
2018-05-13,69,25,44
2018-05-13,31,13,18
2018-05-13,22,13,9
2018-05-13,17,10,7
2018-05-14,1,1,0
2018-05-14,0,0,0
2018-05-14,2,0,2
2018-05-14,1,0,1
2018-05-14,9,4,5
2018-05-14,34,9,25
2018-05-14,114,19,95
2018-05-14,329,21,308
2018-05-14,516,50,466
2018-05-14,289,45,244
2018-05-14,113,31,82
2018-05-14,76,40,36
2018-05-14,62,24,38
2018-05-14,78,47,31
2018-05-14,86,55,31
2018-05-14,146,99,47
2018-05-14,325,278,47
2018-05-14,594,525,69
2018-05-14,381,313,68
2018-05-14,185,130,55
2018-05-14,115,70,45
2018-05-14,81,52,29
2018-05-14,27,19,8
2018-05-14,15,9,6
2018-05-15,8,6,2
2018-05-15,1,0,1
2018-05-15,0,0,0
2018-05-15,2,1,1
2018-05-15,9,5,4
2018-05-15,27,7,20
2018-05-15,139,25,114
2018-05-15,332,28,304
2018-05-15,471,40,431
2018-05-15,284,46,238
2018-05-15,122,36,86
2018-05-15,68,28,40
2018-05-15,54,26,28
2018-05-15,72,44,28
2018-05-15,86,57,29
2018-05-15,129,84,45
2018-05-15,321,267,54
2018-05-15,614,535,79
2018-05-15,396,325,71
2018-05-15,196,140,56
2018-05-15,121,72,49
2018-05-15,79,52,27
2018-05-15,39,27,12
2018-05-15,11,5,6
2018-05-16,8,6,2
2018-05-16,1,1,0
2018-05-16,0,0,0
2018-05-16,0,0,0
2018-05-16,6,4,2
2018-05-16,29,10,19
2018-05-16,122,17,105
2018-05-16,328,28,300
2018-05-16,461,36,425
2018-05-16,266,34,232
2018-05-16,109,26,83
2018-05-16,55,17,38
2018-05-16,74,34,40
2018-05-16,88,52,36
2018-05-16,82,48,34
2018-05-16,113,89,24
2018-05-16,331,293,38
2018-05-16,526,457,69
2018-05-16,354,304,50
2018-05-16,180,141,39
2018-05-16,100,62,38
2018-05-16,61,44,17
2018-05-16,27,17,10
2018-05-16,25,21,4
2018-05-17,8,5,3
2018-05-17,2,1,1
2018-05-17,2,1,1
2018-05-17,2,0,2
2018-05-17,4,3,1
2018-05-17,22,9,13
2018-05-17,102,16,86
2018-05-17,299,32,267
2018-05-17,409,42,367
2018-05-17,239,30,209
2018-05-17,101,30,71
2018-05-17,68,28,40
2018-05-17,68,32,36
2018-05-17,82,47,35
2018-05-17,73,42,31
2018-05-17,142,89,53
2018-05-17,278,234,44
2018-05-17,479,425,54
2018-05-17,325,275,50
2018-05-17,161,127,34
2018-05-17,110,73,37
2018-05-17,44,30,14
2018-05-17,52,31,21
2018-05-17,16,9,7
2018-05-18,10,6,4
2018-05-18,7,5,2
2018-05-18,0,0,0
2018-05-18,0,0,0
2018-05-18,9,5,4
2018-05-18,24,5,19
2018-05-18,147,28,119
2018-05-18,425,59,366
2018-05-18,601,105,496
2018-05-18,266,59,207
2018-05-18,108,33,75
2018-05-18,77,32,45
2018-05-18,77,46,31
2018-05-18,89,58,31
2018-05-18,93,64,29
2018-05-18,151,115,36
2018-05-18,335,266,69
2018-05-18,499,424,75
2018-05-18,276,219,57
2018-05-18,132,96,36
2018-05-18,76,47,29
2018-05-18,42,28,14
2018-05-18,35,24,11
2018-05-18,32,23,9
2018-05-19,7,4,3
2018-05-19,7,6,1
2018-05-19,4,2,2
2018-05-19,0,0,0
2018-05-19,4,1,3
2018-05-19,13,8,5
2018-05-19,15,9,6
2018-05-19,33,12,21
2018-05-19,42,22,20
2018-05-19,100,22,78
2018-05-19,91,41,50
2018-05-19,120,72,48
2018-05-19,150,84,66
2018-05-19,149,81,68
2018-05-19,117,58,59
2018-05-19,141,75,66
2018-05-19,142,79,63
2018-05-19,144,60,84
2018-05-19,107,59,48
2018-05-19,41,19,22
2018-05-19,28,20,8
2018-05-19,23,16,7
2018-05-19,22,14,8
2018-05-19,22,10,12
2018-05-20,11,8,3
2018-05-20,4,3,1
2018-05-20,7,5,2
2018-05-20,2,1,1
2018-05-20,3,1,2
2018-05-20,5,0,5
2018-05-20,5,4,1
2018-05-20,16,9,7
2018-05-20,41,20,21
2018-05-20,26,13,13
2018-05-20,58,38,20
2018-05-20,83,45,38
2018-05-20,91,38,53
2018-05-20,94,45,49
2018-05-20,92,50,42
2018-05-20,95,54,41
2018-05-20,99,52,47
2018-05-20,122,71,51
2018-05-20,83,46,37
2018-05-20,70,39,31
2018-05-20,39,23,16
2018-05-20,20,8,12
2018-05-20,14,10,4
2018-05-20,8,4,4
2018-05-21,5,1,4
2018-05-21,2,2,0
2018-05-21,2,0,2
2018-05-21,3,2,1
2018-05-21,9,4,5
2018-05-21,31,15,16
2018-05-21,111,17,94
2018-05-21,295,31,264
2018-05-21,474,46,428
2018-05-21,279,41,238
2018-05-21,96,25,71
2018-05-21,87,34,53
2018-05-21,73,46,27
2018-05-21,69,38,31
2018-05-21,72,46,26
2018-05-21,118,79,39
2018-05-21,302,248,54
2018-05-21,553,480,73
2018-05-21,381,316,65
2018-05-21,171,130,41
2018-05-21,121,81,40
2018-05-21,55,39,16
2018-05-21,32,19,13
2018-05-21,13,7,6
2018-05-22,8,5,3
2018-05-22,4,3,1
2018-05-22,0,0,0
2018-05-22,2,1,1
2018-05-22,7,2,5
2018-05-22,36,14,22
2018-05-22,121,24,97
2018-05-22,369,34,335
2018-05-22,493,42,451
2018-05-22,303,35,268
2018-05-22,130,40,90
2018-05-22,97,38,59
2018-05-22,86,40,46
2018-05-22,77,44,33
2018-05-22,86,54,32
2018-05-22,174,113,61
2018-05-22,378,314,64
2018-05-22,581,491,90
2018-05-22,421,350,71
2018-05-22,216,156,60
2018-05-22,145,99,46
2018-05-22,76,46,30
2018-05-22,27,19,8
2018-05-22,39,32,7
2018-05-23,6,3,3
2018-05-23,3,3,0
2018-05-23,4,3,1
2018-05-23,1,0,1
2018-05-23,7,4,3
2018-05-23,49,19,30
2018-05-23,114,22,92
2018-05-23,374,37,337
2018-05-23,487,46,441
2018-05-23,267,44,223
2018-05-23,105,22,83
2018-05-23,91,40,51
2018-05-23,94,51,43
2018-05-23,92,55,37
2018-05-23,94,45,49
2018-05-23,145,101,44
2018-05-23,349,292,57
2018-05-23,613,538,75
2018-05-23,393,327,66
2018-05-23,194,143,51
2018-05-23,125,80,45
2018-05-23,73,39,34
2018-05-23,37,28,9
2018-05-23,20,11,9
2018-05-24,12,6,6
2018-05-24,1,1,0
2018-05-24,2,1,1
2018-05-24,2,0,2
2018-05-24,7,3,4
2018-05-24,35,11,24
2018-05-24,107,20,87
2018-05-24,262,24,238
2018-05-24,420,43,377
2018-05-24,248,40,208
2018-05-24,98,23,75
2018-05-24,62,38,24
2018-05-24,61,23,38
2018-05-24,69,34,35
2018-05-24,114,76,38
2018-05-24,133,104,29
2018-05-24,262,209,53
2018-05-24,516,445,71
2018-05-24,367,295,72
2018-05-24,165,107,58
2018-05-24,103,72,31
2018-05-24,66,50,16
2018-05-24,28,16,12
2018-05-24,13,9,4
2018-05-25,11,9,2
2018-05-25,6,2,4
2018-05-25,4,2,2
2018-05-25,0,0,0
2018-05-25,6,5,1
2018-05-25,27,10,17
2018-05-25,101,25,76
2018-05-25,212,30,182
2018-05-25,362,35,327
2018-05-25,201,28,173
2018-05-25,99,19,80
2018-05-25,62,21,41
2018-05-25,94,56,38
2018-05-25,97,64,33
2018-05-25,121,87,34
2018-05-25,156,116,40
2018-05-25,287,247,40
2018-05-25,348,283,65
2018-05-25,211,167,44
2018-05-25,99,67,32
2018-05-25,60,42,18
2018-05-25,59,42,17
2018-05-25,32,18,14
2018-05-25,29,19,10
2018-05-26,10,4,6
2018-05-26,7,3,4
2018-05-26,4,3,1
2018-05-26,3,1,2
2018-05-26,2,0,2
2018-05-26,5,2,3
2018-05-26,18,12,6
2018-05-26,29,16,13
2018-05-26,43,20,23
2018-05-26,57,36,21
2018-05-26,74,29,45
2018-05-26,132,50,82
2018-05-26,103,48,55
2018-05-26,123,47,76
2018-05-26,131,54,77
2018-05-26,117,64,53
2018-05-26,136,79,57
2018-05-26,115,82,33
2018-05-26,88,47,41
2018-05-26,83,49,34
2018-05-26,44,24,20
2018-05-26,43,28,15
2018-05-26,27,20,7
2018-05-26,11,7,4
2018-05-27,4,3,1
2018-05-27,3,2,1
2018-05-27,2,1,1
2018-05-27,4,2,2
2018-05-27,4,2,2
2018-05-27,5,1,4
2018-05-27,9,5,4
2018-05-27,13,5,8
2018-05-27,41,24,17
2018-05-27,64,41,23
2018-05-27,108,59,49
2018-05-27,137,74,63
2018-05-27,154,87,67
2018-05-27,186,82,104
2018-05-27,219,92,127
2018-05-27,210,89,121
2018-05-27,153,80,73
2018-05-27,156,94,62
2018-05-27,134,70,64
2018-05-27,114,60,54
2018-05-27,73,50,23
2018-05-27,43,28,15
2018-05-27,29,16,13
2018-05-27,7,7,0
2018-05-28,9,5,4
2018-05-28,1,1,0
2018-05-28,3,1,2
2018-05-28,0,0,0
2018-05-28,3,1,2
2018-05-28,7,4,3
2018-05-28,13,8,5
2018-05-28,23,13,10
2018-05-28,52,22,30
2018-05-28,61,28,33
2018-05-28,81,43,38
2018-05-28,120,57,63
2018-05-28,158,69,89
2018-05-28,171,96,75
2018-05-28,160,87,73
2018-05-28,163,81,82
2018-05-28,149,83,66
2018-05-28,144,76,68
2018-05-28,73,43,30
2018-05-28,91,44,47
2018-05-28,46,21,25
2018-05-28,18,13,5
2018-05-28,21,18,3
2018-05-28,10,8,2
2018-05-29,6,3,3
2018-05-29,1,0,1
2018-05-29,0,0,0
2018-05-29,1,1,0
2018-05-29,5,1,4
2018-05-29,27,8,19
2018-05-29,113,18,95
2018-05-29,292,19,273
2018-05-29,459,41,418
2018-05-29,223,25,198
2018-05-29,118,29,89
2018-05-29,50,25,25
2018-05-29,46,31,15
2018-05-29,64,40,24
2018-05-29,62,42,20
2018-05-29,99,70,29
2018-05-29,261,223,38
2018-05-29,504,450,54
2018-05-29,307,270,37
2018-05-29,113,96,17
2018-05-29,82,57,25
2018-05-29,36,30,6
2018-05-29,21,16,5
2018-05-29,10,8,2
2018-05-30,6,5,1
2018-05-30,1,1,0
2018-05-30,2,1,1
2018-05-30,2,0,2
2018-05-30,6,3,3
2018-05-30,32,8,24
2018-05-30,98,14,84
2018-05-30,289,23,266
2018-05-30,459,53,406
2018-05-30,239,36,203
2018-05-30,105,26,79
2018-05-30,46,13,33
2018-05-30,61,31,30
2018-05-30,59,33,26
2018-05-30,73,56,17
2018-05-30,131,101,30
2018-05-30,293,248,45
2018-05-30,539,474,65
2018-05-30,426,349,77
2018-05-30,151,114,37
2018-05-30,117,73,44
2018-05-30,55,41,14
2018-05-30,20,14,6
2018-05-30,15,11,4
2018-05-31,8,3,5
2018-05-31,1,1,0
2018-05-31,5,2,3
2018-05-31,1,0,1
2018-05-31,5,3,2
2018-05-31,26,11,15
2018-05-31,102,21,81
2018-05-31,293,32,261
2018-05-31,420,39,381
2018-05-31,241,26,215
2018-05-31,73,25,48
2018-05-31,69,25,44
2018-05-31,52,26,26
2018-05-31,57,35,22
2018-05-31,74,43,31
2018-05-31,111,80,31
2018-05-31,287,223,64
2018-05-31,449,400,49
2018-05-31,315,257,58
2018-05-31,129,105,24
2018-05-31,90,60,30
2018-05-31,62,44,18
2018-05-31,31,23,8
2018-05-31,16,12,4
2018-06-01,7,4,3
2018-06-01,3,3,0
2018-06-01,0,0,0
2018-06-01,1,1,0
2018-06-01,8,5,3
2018-06-01,23,11,12
2018-06-01,77,14,63
2018-06-01,223,25,198
2018-06-01,373,35,338
2018-06-01,211,31,180
2018-06-01,91,21,70
2018-06-01,71,31,40
2018-06-01,70,35,35
2018-06-01,67,35,32
2018-06-01,96,67,29
2018-06-01,135,98,37
2018-06-01,267,207,60
2018-06-01,429,369,60
2018-06-01,330,262,68
2018-06-01,118,80,38
2018-06-01,76,50,26
2018-06-01,43,30,13
2018-06-01,31,16,15
2018-06-01,27,23,4
2018-06-02,25,19,6
2018-06-02,9,4,5
2018-06-02,6,5,1
2018-06-02,2,2,0
2018-06-02,8,2,6
2018-06-02,5,2,3
2018-06-02,17,10,7
2018-06-02,38,16,22
2018-06-02,45,18,27
2018-06-02,86,28,58
2018-06-02,89,40,49
2018-06-02,92,55,37
2018-06-02,137,82,55
2018-06-02,145,72,73
2018-06-02,168,81,87
2018-06-02,165,97,68
2018-06-02,166,85,81
2018-06-02,157,71,86
2018-06-02,145,70,75
2018-06-02,92,49,43
2018-06-02,81,43,38
2018-06-02,41,21,20
2018-06-02,24,12,12
2018-06-02,23,16,7
2018-06-03,8,3,5
2018-06-03,20,12,8
2018-06-03,7,2,5
2018-06-03,5,1,4
2018-06-03,7,1,6
2018-06-03,7,3,4
2018-06-03,9,7,2
2018-06-03,25,15,10
2018-06-03,42,17,25
2018-06-03,60,29,31
2018-06-03,61,33,28
2018-06-03,96,50,46
2018-06-03,86,52,34
2018-06-03,62,36,26
2018-06-03,57,28,29
2018-06-03,54,36,18
2018-06-03,48,27,21
2018-06-03,35,17,18
2018-06-03,21,15,6
2018-06-03,37,22,15
2018-06-03,11,4,7
2018-06-03,15,6,9
2018-06-03,8,7,1
2018-06-03,6,5,1
2018-06-04,2,2,0
2018-06-04,0,0,0
2018-06-04,1,0,1
2018-06-04,1,1,0
2018-06-04,10,4,6
2018-06-04,28,7,21
2018-06-04,76,15,61
2018-06-04,256,21,235
2018-06-04,416,27,389
2018-06-04,179,16,163
2018-06-04,68,12,56
2018-06-04,25,8,17
2018-06-04,36,17,19
2018-06-04,57,33,24
2018-06-04,51,30,21
2018-06-04,87,69,18
2018-06-04,233,191,42
2018-06-04,485,437,48
2018-06-04,296,254,42
2018-06-04,131,91,40
2018-06-04,79,44,35
2018-06-04,50,34,16
2018-06-04,24,16,8
2018-06-04,6,2,4
2018-06-05,4,2,2
2018-06-05,1,0,1
2018-06-05,2,0,2
2018-06-05,1,1,0
2018-06-05,2,2,0
2018-06-05,33,9,24
2018-06-05,106,25,81
2018-06-05,318,32,286
2018-06-05,467,51,416
2018-06-05,279,37,242
2018-06-05,103,39,64
2018-06-05,78,23,55
2018-06-05,62,32,30
2018-06-05,55,29,26
2018-06-05,69,44,25
2018-06-05,126,90,36
2018-06-05,280,217,63
2018-06-05,549,474,75
2018-06-05,387,310,77
2018-06-05,191,139,52
2018-06-05,126,76,50
2018-06-05,62,34,28
2018-06-05,32,20,12
2018-06-05,15,9,6
2018-06-06,5,4,1
2018-06-06,3,2,1
2018-06-06,2,1,1
2018-06-06,1,0,1
2018-06-06,4,4,0
2018-06-06,32,12,20
2018-06-06,113,19,94
2018-06-06,338,30,308
2018-06-06,471,48,423
2018-06-06,242,45,197
2018-06-06,115,30,85
2018-06-06,61,22,39
2018-06-06,59,29,30
2018-06-06,74,42,32
2018-06-06,85,57,28
2018-06-06,139,98,41
2018-06-06,327,269,58
2018-06-06,583,515,68
2018-06-06,346,296,50
2018-06-06,188,132,56
2018-06-06,98,61,37
2018-06-06,66,39,27
2018-06-06,31,17,14
2018-06-06,25,20,5
2018-06-07,11,7,4
2018-06-07,5,2,3
2018-06-07,2,0,2
2018-06-07,4,1,3
2018-06-07,6,3,3
2018-06-07,29,13,16
2018-06-07,100,20,80
2018-06-07,271,29,242
2018-06-07,416,50,366
2018-06-07,246,29,217
2018-06-07,99,24,75
2018-06-07,57,23,34
2018-06-07,57,27,30
2018-06-07,55,34,21
2018-06-07,79,45,34
2018-06-07,142,100,42
2018-06-07,272,207,65
2018-06-07,484,419,65
2018-06-07,333,256,77
2018-06-07,188,139,49
2018-06-07,125,80,45
2018-06-07,56,34,22
2018-06-07,34,27,7
2018-06-07,23,14,9
2018-06-08,6,4,2
2018-06-08,5,2,3
2018-06-08,5,0,5
2018-06-08,1,0,1
2018-06-08,5,3,2
2018-06-08,19,6,13
2018-06-08,61,17,44
2018-06-08,173,21,152
2018-06-08,297,28,269
2018-06-08,159,36,123
2018-06-08,101,29,72
2018-06-08,49,19,30
2018-06-08,36,18,18
2018-06-08,35,25,10
2018-06-08,40,29,11
2018-06-08,71,52,19
2018-06-08,172,138,34
2018-06-08,240,220,20
2018-06-08,113,101,12
2018-06-08,39,30,9
2018-06-08,27,20,7
2018-06-08,18,15,3
2018-06-08,11,6,5
2018-06-08,5,5,0
2018-06-09,15,7,8
2018-06-09,5,3,2
2018-06-09,7,5,2
2018-06-09,1,1,0
2018-06-09,1,0,1
2018-06-09,3,2,1
2018-06-09,10,5,5
2018-06-09,18,7,11
2018-06-09,27,15,12
2018-06-09,30,12,18
2018-06-09,56,29,27
2018-06-09,70,38,32
2018-06-09,83,46,37
2018-06-09,96,50,46
2018-06-09,96,46,50
2018-06-09,105,47,58
2018-06-09,82,45,37
2018-06-09,72,50,22
2018-06-09,56,26,30
2018-06-09,34,23,11
2018-06-09,20,10,10
2018-06-09,16,10,6
2018-06-09,11,6,5
2018-06-09,11,9,2
2018-06-10,4,3,1
2018-06-10,8,3,5
2018-06-10,5,1,4
2018-06-10,1,1,0
2018-06-10,3,0,3
2018-06-10,3,0,3
2018-06-10,25,5,20
2018-06-10,22,2,20
2018-06-10,45,19,26
2018-06-10,73,42,31
2018-06-10,79,44,35
2018-06-10,53,21,32
2018-06-10,69,33,36
2018-06-10,113,65,48
2018-06-10,92,49,43
2018-06-10,98,55,43
2018-06-10,104,50,54
2018-06-10,45,19,26
2018-06-10,38,21,17
2018-06-10,21,12,9
2018-06-10,16,10,6
2018-06-10,15,5,10
2018-06-10,10,8,2
2018-06-10,5,4,1
2018-06-11,2,1,1
2018-06-11,0,0,0
2018-06-11,0,0,0
2018-06-11,3,1,2
2018-06-11,9,4,5
2018-06-11,33,10,23
2018-06-11,99,18,81
2018-06-11,278,31,247
2018-06-11,436,46,390
2018-06-11,230,27,203
2018-06-11,102,25,77
2018-06-11,60,21,39
2018-06-11,77,39,38
2018-06-11,81,41,40
2018-06-11,87,55,32
2018-06-11,121,90,31
2018-06-11,280,216,64
2018-06-11,555,472,83
2018-06-11,382,332,50
2018-06-11,186,136,50
2018-06-11,113,63,50
2018-06-11,65,49,16
2018-06-11,25,15,10
2018-06-11,15,10,5
2018-06-12,6,3,3
2018-06-12,4,1,3
2018-06-12,2,0,2
2018-06-12,2,1,1
2018-06-12,5,2,3
2018-06-12,28,9,19
2018-06-12,114,17,97
2018-06-12,340,33,307
2018-06-12,458,48,410
2018-06-12,274,41,233
2018-06-12,97,28,69
2018-06-12,64,22,42
2018-06-12,57,26,31
2018-06-12,63,34,29
2018-06-12,70,47,23
2018-06-12,128,88,40
2018-06-12,283,232,51
2018-06-12,545,465,80
2018-06-12,377,294,83
2018-06-12,161,124,37
2018-06-12,97,62,35
2018-06-12,59,41,18
2018-06-12,38,22,16
2018-06-12,18,15,3
2018-06-13,3,3,0
2018-06-13,3,2,1
2018-06-13,2,1,1
2018-06-13,1,0,1
2018-06-13,6,3,3
2018-06-13,24,8,16
2018-06-13,48,11,37
2018-06-13,158,17,141
2018-06-13,250,21,229
2018-06-13,180,36,144
2018-06-13,82,25,57
2018-06-13,50,16,34
2018-06-13,73,25,48
2018-06-13,72,41,31
2018-06-13,44,25,19
2018-06-13,75,47,28
2018-06-13,173,148,25
2018-06-13,281,252,29
2018-06-13,202,174,28
2018-06-13,64,54,10
2018-06-13,49,40,9
2018-06-13,30,22,8
2018-06-13,9,4,5
2018-06-13,13,9,4
2018-06-14,3,3,0
2018-06-14,1,0,1
2018-06-14,0,0,0
2018-06-14,3,2,1
2018-06-14,4,2,2
2018-06-14,24,9,15
2018-06-14,76,17,59
2018-06-14,229,25,204
2018-06-14,374,39,335
2018-06-14,232,25,207
2018-06-14,103,25,78
2018-06-14,53,22,31
2018-06-14,60,40,20
2018-06-14,60,35,25
2018-06-14,64,30,34
2018-06-14,99,71,28
2018-06-14,261,197,64
2018-06-14,434,363,71
2018-06-14,304,256,48
2018-06-14,147,108,39
2018-06-14,95,70,25
2018-06-14,72,35,37
2018-06-14,33,19,14
2018-06-14,26,23,3
2018-06-15,4,3,1
2018-06-15,3,3,0
2018-06-15,3,1,2
2018-06-15,1,1,0
2018-06-15,2,2,0
2018-06-15,26,7,19
2018-06-15,88,17,71
2018-06-15,237,25,212
2018-06-15,346,34,312
2018-06-15,205,24,181
2018-06-15,105,22,83
2018-06-15,68,25,43
2018-06-15,75,38,37
2018-06-15,97,51,46
2018-06-15,109,64,45
2018-06-15,180,128,52
2018-06-15,323,256,67
2018-06-15,458,383,75
2018-06-15,287,221,66
2018-06-15,150,108,42
2018-06-15,87,55,32
2018-06-15,50,26,24
2018-06-15,39,23,16
2018-06-15,20,17,3
2018-06-16,17,9,8
2018-06-16,13,6,7
2018-06-16,4,4,0
2018-06-16,2,1,1
2018-06-16,3,0,3
2018-06-16,6,5,1
2018-06-16,26,15,11
2018-06-16,36,21,15
2018-06-16,64,36,28
2018-06-16,89,57,32
2018-06-16,149,97,52
2018-06-16,193,148,45
2018-06-16,301,242,59
2018-06-16,268,200,68
2018-06-16,284,139,145
2018-06-16,348,138,210
2018-06-16,313,101,212
2018-06-16,282,102,180
2018-06-16,198,62,136
2018-06-16,165,47,118
2018-06-16,127,50,77
2018-06-16,82,38,44
2018-06-16,62,25,37
2018-06-16,34,21,13
2018-06-17,12,2,10
2018-06-17,11,4,7
2018-06-17,5,3,2
2018-06-17,3,2,1
2018-06-17,3,1,2
2018-06-17,6,4,2
2018-06-17,13,10,3
2018-06-17,36,20,16
2018-06-17,72,39,33
2018-06-17,77,41,36
2018-06-17,128,75,53
2018-06-17,142,71,71
2018-06-17,180,97,83
2018-06-17,183,106,77
2018-06-17,184,99,85
2018-06-17,161,84,77
2018-06-17,174,96,78
2018-06-17,182,77,105
2018-06-17,112,51,61
2018-06-17,80,33,47
2018-06-17,75,26,49
2018-06-17,43,22,21
2018-06-17,22,12,10
2018-06-17,13,7,6
2018-06-18,3,2,1
2018-06-18,0,0,0
2018-06-18,2,2,0
2018-06-18,4,2,2
2018-06-18,6,3,3
2018-06-18,30,10,20
2018-06-18,116,12,104
2018-06-18,326,29,297
2018-06-18,524,44,480
2018-06-18,268,40,228
2018-06-18,118,30,88
2018-06-18,67,27,40
2018-06-18,75,37,38
2018-06-18,64,37,27
2018-06-18,79,48,31
2018-06-18,128,80,48
2018-06-18,351,295,56
2018-06-18,599,525,74
2018-06-18,411,341,70
2018-06-18,203,137,66
2018-06-18,116,71,45
2018-06-18,86,58,28
2018-06-18,44,22,22
2018-06-18,13,8,5
2018-06-19,6,4,2
2018-06-19,2,2,0
2018-06-19,3,3,0
2018-06-19,0,0,0
2018-06-19,8,5,3
2018-06-19,36,13,23
2018-06-19,106,28,78
2018-06-19,335,24,311
2018-06-19,533,55,478
2018-06-19,312,40,272
2018-06-19,114,28,86
2018-06-19,77,30,47
2018-06-19,91,40,51
2018-06-19,92,54,38
2018-06-19,94,54,40
2018-06-19,165,115,50
2018-06-19,356,289,67
2018-06-19,602,536,66
2018-06-19,413,337,76
2018-06-19,196,159,37
2018-06-19,162,107,55
2018-06-19,103,63,40
2018-06-19,44,20,24
2018-06-19,16,8,8
2018-06-20,8,5,3
2018-06-20,3,1,2
2018-06-20,2,1,1
2018-06-20,3,1,2
2018-06-20,10,4,6
2018-06-20,26,10,16
2018-06-20,123,25,98
2018-06-20,356,37,319
2018-06-20,459,46,413
2018-06-20,322,39,283
2018-06-20,117,29,88
2018-06-20,76,31,45
2018-06-20,66,30,36
2018-06-20,68,35,33
2018-06-20,102,60,42
2018-06-20,132,107,25
2018-06-20,303,256,47
2018-06-20,570,494,76
2018-06-20,389,328,61
2018-06-20,224,164,60
2018-06-20,129,96,33
2018-06-20,86,48,38
2018-06-20,30,16,14
2018-06-20,22,15,7
2018-06-21,12,7,5
2018-06-21,7,4,3
2018-06-21,3,0,3
2018-06-21,5,3,2
2018-06-21,4,2,2
2018-06-21,35,9,26
2018-06-21,97,19,78
2018-06-21,288,35,253
2018-06-21,443,33,410
2018-06-21,281,43,238
2018-06-21,112,23,89
2018-06-21,82,32,50
2018-06-21,63,27,36
2018-06-21,67,35,32
2018-06-21,84,56,28
2018-06-21,110,75,35
2018-06-21,294,236,58
2018-06-21,550,470,80
2018-06-21,367,305,62
2018-06-21,171,131,40
2018-06-21,115,75,40
2018-06-21,86,50,36
2018-06-21,62,34,28
2018-06-21,30,13,17
2018-06-22,16,7,9
2018-06-22,11,3,8
2018-06-22,8,3,5
2018-06-22,2,1,1
2018-06-22,6,2,4
2018-06-22,16,4,12
2018-06-22,80,25,55
2018-06-22,197,29,168
2018-06-22,372,29,343
2018-06-22,231,40,191
2018-06-22,92,24,68
2018-06-22,70,28,42
2018-06-22,76,44,32
2018-06-22,80,48,32
2018-06-22,92,60,32
2018-06-22,138,98,40
2018-06-22,267,218,49
2018-06-22,379,330,49
2018-06-22,243,196,47
2018-06-22,121,84,37
2018-06-22,71,46,25
2018-06-22,55,23,32
2018-06-22,27,20,7
2018-06-22,9,6,3
2018-06-23,5,2,3
2018-06-23,3,2,1
2018-06-23,4,3,1
2018-06-23,2,1,1
2018-06-23,1,0,1
2018-06-23,5,4,1
2018-06-23,5,1,4
2018-06-23,35,20,15
2018-06-23,53,23,30
2018-06-23,56,27,29
2018-06-23,65,41,24
2018-06-23,81,35,46
2018-06-23,105,48,57
2018-06-23,119,47,72
2018-06-23,138,65,73
2018-06-23,139,77,62
2018-06-23,153,81,72
2018-06-23,138,61,77
2018-06-23,124,50,74
2018-06-23,122,69,53
2018-06-23,99,59,40
2018-06-23,60,44,16
2018-06-23,18,11,7
2018-06-23,35,25,10
2018-06-24,9,5,4
2018-06-24,3,1,2
2018-06-24,6,4,2
2018-06-24,3,2,1
2018-06-24,3,0,3
2018-06-24,5,3,2
2018-06-24,7,3,4
2018-06-24,19,9,10
2018-06-24,50,24,26
2018-06-24,51,28,23
2018-06-24,127,53,74
2018-06-24,172,77,95
2018-06-24,168,69,99
2018-06-24,189,89,100
2018-06-24,183,107,76
2018-06-24,230,132,98
2018-06-24,164,95,69
2018-06-24,146,94,52
2018-06-24,140,72,68
2018-06-24,105,53,52
2018-06-24,57,30,27
2018-06-24,30,14,16
2018-06-24,19,8,11
2018-06-24,15,13,2
2018-06-25,3,3,0
2018-06-25,0,0,0
2018-06-25,4,2,2
2018-06-25,2,2,0
2018-06-25,3,1,2
2018-06-25,17,9,8
2018-06-25,68,10,58
2018-06-25,189,24,165
2018-06-25,361,35,326
2018-06-25,216,24,192
2018-06-25,108,24,84
2018-06-25,43,20,23
2018-06-25,40,16,24
2018-06-25,46,25,21
2018-06-25,56,29,27
2018-06-25,95,70,25
2018-06-25,208,167,41
2018-06-25,385,331,54
2018-06-25,286,240,46
2018-06-25,153,116,37
2018-06-25,76,38,38
2018-06-25,48,32,16
2018-06-25,23,13,10
2018-06-25,8,6,2
2018-06-26,14,5,9
2018-06-26,1,0,1
2018-06-26,3,3,0
2018-06-26,0,0,0
2018-06-26,4,2,2
2018-06-26,33,13,20
2018-06-26,84,18,66
2018-06-26,249,20,229
2018-06-26,419,51,368
2018-06-26,302,36,266
2018-06-26,116,24,92
2018-06-26,64,29,35
2018-06-26,64,26,38
2018-06-26,69,45,24
2018-06-26,59,31,28
2018-06-26,138,90,48
2018-06-26,257,209,48
2018-06-26,545,488,57
2018-06-26,387,312,75
2018-06-26,219,167,52
2018-06-26,141,87,54
2018-06-26,65,41,24
2018-06-26,42,23,19
2018-06-26,25,17,8
2018-06-27,4,2,2
2018-06-27,2,0,2
2018-06-27,2,2,0
2018-06-27,3,2,1
2018-06-27,10,4,6
2018-06-27,41,12,29
2018-06-27,108,18,90
2018-06-27,329,34,295
2018-06-27,444,43,401
2018-06-27,301,46,255
2018-06-27,107,30,77
2018-06-27,74,30,44
2018-06-27,91,34,57
2018-06-27,88,53,35
2018-06-27,90,60,30
2018-06-27,113,79,34
2018-06-27,270,232,38
2018-06-27,556,484,72
2018-06-27,358,301,57
2018-06-27,187,133,54
2018-06-27,117,75,42
2018-06-27,61,34,27
2018-06-27,30,17,13
2018-06-27,15,11,4
2018-06-28,5,3,2
2018-06-28,3,1,2
2018-06-28,1,1,0
2018-06-28,0,0,0
2018-06-28,8,4,4
2018-06-28,31,8,23
2018-06-28,74,16,58
2018-06-28,273,35,238
2018-06-28,413,29,384
2018-06-28,246,34,212
2018-06-28,115,23,92
2018-06-28,71,28,43
2018-06-28,47,17,30
2018-06-28,75,35,40
2018-06-28,66,45,21
2018-06-28,103,70,33
2018-06-28,289,235,54
2018-06-28,483,401,82
2018-06-28,326,261,65
2018-06-28,151,115,36
2018-06-28,78,53,25
2018-06-28,45,30,15
2018-06-28,20,9,11
2018-06-28,21,15,6
2018-06-29,5,3,2
2018-06-29,4,4,0
2018-06-29,6,1,5
2018-06-29,5,1,4
2018-06-29,8,2,6
2018-06-29,25,6,19
2018-06-29,68,12,56
2018-06-29,206,28,178
2018-06-29,381,37,344
2018-06-29,225,41,184
2018-06-29,109,32,77
2018-06-29,50,21,29
2018-06-29,74,35,39
2018-06-29,101,59,42
2018-06-29,135,89,46
2018-06-29,148,108,40
2018-06-29,228,198,30
2018-06-29,334,276,58
2018-06-29,232,184,48
2018-06-29,125,98,27
2018-06-29,100,67,33
2018-06-29,55,40,15
2018-06-29,477,460,17
2018-06-29,170,143,27
2018-06-30,32,15,17
2018-06-30,8,4,4
2018-06-30,6,6,0
2018-06-30,4,2,2
2018-06-30,3,0,3
2018-06-30,7,5,2
2018-06-30,14,7,7
2018-06-30,30,15,15
2018-06-30,47,22,25
2018-06-30,73,37,36
2018-06-30,89,44,45
2018-06-30,81,50,31
2018-06-30,116,55,61
2018-06-30,125,48,77
2018-06-30,92,46,46
2018-06-30,77,34,43
2018-06-30,96,46,50
2018-06-30,71,42,29
2018-06-30,59,29,30
2018-06-30,47,28,19
2018-06-30,55,24,31
2018-06-30,17,12,5
2018-06-30,13,10,3
2018-06-30,15,9,6
2018-07-01,7,5,2
2018-07-01,3,1,2
2018-07-01,5,2,3
2018-07-01,3,2,1
2018-07-01,3,2,1
2018-07-01,6,2,4
2018-07-01,6,3,3
2018-07-01,28,14,14
2018-07-01,30,16,14
2018-07-01,54,27,27
2018-07-01,75,45,30
2018-07-01,73,36,37
2018-07-01,82,56,26
2018-07-01,96,51,45
2018-07-01,122,70,52
2018-07-01,120,60,60
2018-07-01,131,64,67
2018-07-01,94,43,51
2018-07-01,89,48,41
2018-07-01,69,34,35
2018-07-01,35,16,19
2018-07-01,34,17,17
2018-07-01,15,8,7
2018-07-01,10,6,4
2018-07-02,4,2,2
2018-07-02,1,0,1
2018-07-02,5,1,4
2018-07-02,1,1,0
2018-07-02,14,8,6
2018-07-02,25,10,15
2018-07-02,82,11,71
2018-07-02,254,28,226
2018-07-02,412,32,380
2018-07-02,233,32,201
2018-07-02,117,24,93
2018-07-02,65,25,40
2018-07-02,54,27,27
2018-07-02,68,44,24
2018-07-02,66,42,24
2018-07-02,117,80,37
2018-07-02,260,223,37
2018-07-02,485,416,69
2018-07-02,350,286,64
2018-07-02,166,130,36
2018-07-02,120,61,59
2018-07-02,52,31,21
2018-07-02,15,8,7
2018-07-02,13,11,2
2018-07-03,11,8,3
2018-07-03,1,1,0
2018-07-03,2,1,1
2018-07-03,2,1,1
2018-07-03,5,2,3
2018-07-03,28,9,19
2018-07-03,95,19,76
2018-07-03,271,25,246
2018-07-03,396,37,359
2018-07-03,245,31,214
2018-07-03,115,25,90
2018-07-03,83,32,51
2018-07-03,80,38,42
2018-07-03,84,64,20
2018-07-03,143,93,50
2018-07-03,184,129,55
2018-07-03,308,262,46
2018-07-03,446,368,78
2018-07-03,330,264,66
2018-07-03,182,127,55
2018-07-03,102,62,40
2018-07-03,88,45,43
2018-07-03,46,29,17
2018-07-03,29,15,14
2018-07-04,18,16,2
2018-07-04,12,6,6
2018-07-04,3,0,3
2018-07-04,2,1,1
2018-07-04,3,1,2
2018-07-04,12,6,6
2018-07-04,21,10,11
2018-07-04,30,14,16
2018-07-04,73,20,53
2018-07-04,99,42,57
2018-07-04,118,63,55
2018-07-04,146,73,73
2018-07-04,160,76,84
2018-07-04,194,113,81
2018-07-04,210,130,80
2018-07-04,240,137,103
2018-07-04,178,102,76
2018-07-04,220,104,116
2018-07-04,230,117,113
2018-07-04,192,108,84
2018-07-04,177,96,81
2018-07-04,156,78,78
2018-07-04,106,57,49
2018-07-04,323,114,209
2018-07-05,61,27,34
2018-07-05,9,6,3
2018-07-05,5,4,1
2018-07-05,4,1,3
2018-07-05,7,3,4
2018-07-05,28,11,17
2018-07-05,66,10,56
2018-07-05,198,26,172
2018-07-05,337,32,305
2018-07-05,234,24,210
2018-07-05,129,29,100
2018-07-05,67,26,41
2018-07-05,102,47,55
2018-07-05,97,43,54
2018-07-05,118,73,45
2018-07-05,134,89,45
2018-07-05,270,205,65
2018-07-05,458,394,64
2018-07-05,319,232,87
2018-07-05,180,129,51
2018-07-05,119,77,42
2018-07-05,59,38,21
2018-07-05,28,17,11
2018-07-05,31,18,13
2018-07-06,5,2,3
2018-07-06,6,4,2
2018-07-06,1,0,1
2018-07-06,1,0,1
2018-07-06,12,7,5
2018-07-06,17,6,11
2018-07-06,78,19,59
2018-07-06,206,20,186
2018-07-06,296,42,254
2018-07-06,233,25,208
2018-07-06,97,29,68
2018-07-06,90,35,55
2018-07-06,77,34,43
2018-07-06,106,60,46
2018-07-06,140,87,53
2018-07-06,183,134,49
2018-07-06,272,211,61
2018-07-06,356,295,61
2018-07-06,261,198,63
2018-07-06,149,87,62
2018-07-06,124,83,41
2018-07-06,54,38,16
2018-07-06,33,22,11
2018-07-06,27,19,8
2018-07-07,18,11,7
2018-07-07,2,2,0
2018-07-07,3,2,1
2018-07-07,2,0,2
2018-07-07,3,0,3
2018-07-07,8,4,4
2018-07-07,21,10,11
2018-07-07,27,14,13
2018-07-07,49,21,28
2018-07-07,66,28,38
2018-07-07,109,58,51
2018-07-07,123,62,61
2018-07-07,119,51,68
2018-07-07,129,63,66
2018-07-07,166,95,71
2018-07-07,194,96,98
2018-07-07,198,97,101
2018-07-07,180,104,76
2018-07-07,169,75,94
2018-07-07,94,50,44
2018-07-07,108,58,50
2018-07-07,83,47,36
2018-07-07,32,19,13
2018-07-07,25,15,10
2018-07-08,16,7,9
2018-07-08,9,5,4
2018-07-08,6,2,4
2018-07-08,1,1,0
2018-07-08,5,0,5
2018-07-08,4,2,2
2018-07-08,10,4,6
2018-07-08,22,9,13
2018-07-08,37,19,18
2018-07-08,66,36,30
2018-07-08,116,71,45
2018-07-08,122,44,78
2018-07-08,173,85,88
2018-07-08,184,86,98
2018-07-08,179,103,76
2018-07-08,193,96,97
2018-07-08,204,118,86
2018-07-08,141,79,62
2018-07-08,109,46,63
2018-07-08,98,48,50
2018-07-08,70,35,35
2018-07-08,31,12,19
2018-07-08,20,6,14
2018-07-08,11,9,2
2018-07-09,7,7,0
2018-07-09,1,0,1
2018-07-09,0,0,0
2018-07-09,2,2,0
2018-07-09,7,5,2
2018-07-09,32,9,23
2018-07-09,94,18,76
2018-07-09,320,38,282
2018-07-09,448,42,406
2018-07-09,283,38,245
2018-07-09,119,27,92
2018-07-09,74,22,52
2018-07-09,81,48,33
2018-07-09,85,52,33
2018-07-09,83,48,35
2018-07-09,128,90,38
2018-07-09,285,231,54
2018-07-09,526,462,64
2018-07-09,382,333,49
2018-07-09,163,123,40
2018-07-09,85,56,29
2018-07-09,59,42,17
2018-07-09,21,15,6
2018-07-09,18,12,6
2018-07-10,6,6,0
2018-07-10,5,4,1
2018-07-10,1,1,0
2018-07-10,2,2,0
2018-07-10,6,2,4
2018-07-10,38,9,29
2018-07-10,110,24,86
2018-07-10,307,32,275
2018-07-10,449,35,414
2018-07-10,269,39,230
2018-07-10,135,30,105
2018-07-10,74,31,43
2018-07-10,57,23,34
2018-07-10,84,37,47
2018-07-10,78,48,30
2018-07-10,146,101,45
2018-07-10,310,242,68
2018-07-10,557,473,84
2018-07-10,410,330,80
2018-07-10,226,167,59
2018-07-10,163,114,49
2018-07-10,86,49,37
2018-07-10,34,22,12
2018-07-10,13,7,6
2018-07-11,5,5,0
2018-07-11,2,2,0
2018-07-11,1,0,1
2018-07-11,3,1,2
2018-07-11,9,4,5
2018-07-11,31,10,21
2018-07-11,98,20,78
2018-07-11,338,35,303
2018-07-11,477,42,435
2018-07-11,299,37,262
2018-07-11,126,30,96
2018-07-11,75,27,48
2018-07-11,72,33,39
2018-07-11,86,50,36
2018-07-11,98,69,29
2018-07-11,129,96,33
2018-07-11,313,251,62
2018-07-11,564,485,79
2018-07-11,406,322,84
2018-07-11,214,153,61
2018-07-11,143,83,60
2018-07-11,90,54,36
2018-07-11,42,28,14
2018-07-11,27,14,13
2018-07-12,7,4,3
2018-07-12,5,4,1
2018-07-12,3,1,2
2018-07-12,2,1,1
2018-07-12,10,3,7
2018-07-12,29,10,19
2018-07-12,101,25,76
2018-07-12,290,26,264
2018-07-12,484,47,437
2018-07-12,286,33,253
2018-07-12,127,32,95
2018-07-12,79,26,53
2018-07-12,73,38,35
2018-07-12,72,38,34
2018-07-12,108,66,42
2018-07-12,156,112,44
2018-07-12,306,247,59
2018-07-12,587,486,101
2018-07-12,412,332,80
2018-07-12,190,152,38
2018-07-12,178,113,65
2018-07-12,90,48,42
2018-07-12,70,38,32
2018-07-12,32,17,15
2018-07-13,17,9,8
2018-07-13,5,5,0
2018-07-13,6,3,3
2018-07-13,2,0,2
2018-07-13,9,7,2
2018-07-13,21,6,15
2018-07-13,83,26,57
2018-07-13,261,35,226
2018-07-13,376,39,337
2018-07-13,263,62,201
2018-07-13,117,26,91
2018-07-13,64,29,35
2018-07-13,85,39,46
2018-07-13,75,45,30
2018-07-13,124,87,37
2018-07-13,156,115,41
2018-07-13,276,221,55
2018-07-13,451,387,64
2018-07-13,275,219,56
2018-07-13,189,136,53
2018-07-13,125,89,36
2018-07-13,61,23,38
2018-07-13,54,30,24
2018-07-13,35,19,16
2018-07-14,11,5,6
2018-07-14,9,7,2
2018-07-14,3,3,0
2018-07-14,6,3,3
2018-07-14,15,11,4
2018-07-14,7,4,3
2018-07-14,28,17,11
2018-07-14,30,13,17
2018-07-14,32,18,14
2018-07-14,70,36,34
2018-07-14,104,55,49
2018-07-14,111,66,45
2018-07-14,146,86,60
2018-07-14,146,78,68
2018-07-14,170,91,79
2018-07-14,151,79,72
2018-07-14,164,90,74
2018-07-14,102,51,51
2018-07-14,92,47,45
2018-07-14,69,43,26
2018-07-14,96,46,50
2018-07-14,57,23,34
2018-07-14,38,15,23
2018-07-14,33,15,18
2018-07-15,10,5,5
2018-07-15,9,4,5
2018-07-15,5,2,3
2018-07-15,6,2,4
2018-07-15,3,0,3
2018-07-15,9,4,5
2018-07-15,24,15,9
2018-07-15,39,14,25
2018-07-15,56,26,30
2018-07-15,56,31,25
2018-07-15,114,68,46
2018-07-15,142,73,69
2018-07-15,126,72,54
2018-07-15,136,78,58
2018-07-15,132,65,67
2018-07-15,135,73,62
2018-07-15,97,47,50
2018-07-15,89,43,46
2018-07-15,85,37,48
2018-07-15,77,38,39
2018-07-15,60,31,29
2018-07-15,48,20,28
2018-07-15,27,10,17
2018-07-15,16,10,6
2018-07-16,1,1,0
2018-07-16,0,0,0
2018-07-16,1,1,0
2018-07-16,2,1,1
2018-07-16,9,4,5
2018-07-16,29,11,18
2018-07-16,89,19,70
2018-07-16,316,25,291
2018-07-16,476,48,428
2018-07-16,295,37,258
2018-07-16,115,35,80
2018-07-16,70,25,45
2018-07-16,68,27,41
2018-07-16,71,32,39
2018-07-16,66,42,24
2018-07-16,129,97,32
2018-07-16,298,244,54
2018-07-16,546,482,64
2018-07-16,371,317,54
2018-07-16,74,56,18
2018-07-16,0,0,0
2018-07-16,0,0,0
2018-07-16,0,0,0
2018-07-16,0,0,0
2018-07-17,0,0,0
2018-07-17,0,0,0
2018-07-17,0,0,0
2018-07-17,0,0,0
2018-07-17,0,0,0
2018-07-17,0,0,0
2018-07-17,0,0,0
2018-07-17,0,0,0
2018-07-17,0,0,0
2018-07-17,0,0,0
2018-07-17,0,0,0
2018-07-17,0,0,0
2018-07-17,0,0,0
2018-07-17,0,0,0
2018-07-17,0,0,0
2018-07-17,0,0,0
2018-07-17,0,0,0
2018-07-17,0,0,0
2018-07-17,0,0,0
2018-07-17,0,0,0
2018-07-17,0,0,0
2018-07-17,0,0,0
2018-07-17,0,0,0
2018-07-17,0,0,0
2018-07-18,0,0,0
2018-07-18,0,0,0
2018-07-18,0,0,0
2018-07-18,0,0,0
2018-07-18,0,0,0
2018-07-18,0,0,0
2018-07-18,0,0,0
2018-07-18,0,0,0
2018-07-18,0,0,0
2018-07-18,0,0,0
2018-07-18,0,0,0
2018-07-18,0,0,0
2018-07-18,0,0,0
2018-07-18,0,0,0
2018-07-18,0,0,0
2018-07-18,0,0,0
2018-07-18,0,0,0
2018-07-18,1,0,1
2018-07-18,0,0,0
2018-07-18,0,0,0
2018-07-18,0,0,0
2018-07-18,0,0,0
2018-07-18,0,0,0
2018-07-18,0,0,0
2018-07-19,0,0,0
2018-07-19,0,0,0
2018-07-19,0,0,0
2018-07-19,0,0,0
2018-07-19,0,0,0
2018-07-19,0,0,0
2018-07-19,0,0,0
2018-07-19,0,0,0
2018-07-19,0,0,0
2018-07-19,0,0,0
2018-07-19,0,0,0
2018-07-19,0,0,0
2018-07-19,0,0,0
2018-07-19,46,21,25
2018-07-19,97,56,41
2018-07-19,125,93,32
2018-07-19,298,240,58
2018-07-19,491,433,58
2018-07-19,295,245,50
2018-07-19,180,141,39
2018-07-19,109,69,40
2018-07-19,50,31,19
2018-07-19,43,18,25
2018-07-19,18,13,5
2018-07-20,12,7,5
2018-07-20,3,2,1
2018-07-20,1,0,1
2018-07-20,3,1,2
2018-07-20,8,3,5
2018-07-20,22,5,17
2018-07-20,94,19,75
2018-07-20,214,31,183
2018-07-20,327,21,306
2018-07-20,183,23,160
2018-07-20,103,30,73
2018-07-20,92,37,55
2018-07-20,65,32,33
2018-07-20,89,48,41
2018-07-20,126,76,50
2018-07-20,196,132,64
2018-07-20,299,237,62
2018-07-20,388,321,67
2018-07-20,243,180,63
2018-07-20,137,92,45
2018-07-20,102,70,32
2018-07-20,48,30,18
2018-07-20,32,23,9
2018-07-20,22,9,13
2018-07-21,13,7,6
2018-07-21,10,7,3
2018-07-21,7,6,1
2018-07-21,5,4,1
2018-07-21,5,1,4
2018-07-21,9,4,5
2018-07-21,19,10,9
2018-07-21,29,16,13
2018-07-21,76,36,40
2018-07-21,58,21,37
2018-07-21,85,43,42
2018-07-21,136,61,75
2018-07-21,146,81,65
2018-07-21,139,83,56
2018-07-21,189,99,90
2018-07-21,168,96,72
2018-07-21,134,62,72
2018-07-21,143,81,62
2018-07-21,118,54,64
2018-07-21,74,32,42
2018-07-21,60,36,24
2018-07-21,55,25,30
2018-07-21,26,12,14
2018-07-21,28,17,11
2018-07-22,16,8,8
2018-07-22,9,5,4
2018-07-22,5,2,3
2018-07-22,3,3,0
2018-07-22,20,7,13
2018-07-22,3,1,2
2018-07-22,9,2,7
2018-07-22,24,10,14
2018-07-22,40,19,21
2018-07-22,77,33,44
2018-07-22,102,49,53
2018-07-22,126,56,70
2018-07-22,148,73,75
2018-07-22,139,76,63
2018-07-22,155,80,75
2018-07-22,125,67,58
2018-07-22,128,70,58
2018-07-22,108,56,52
2018-07-22,77,40,37
2018-07-22,84,50,34
2018-07-22,47,26,21
2018-07-22,47,11,36
2018-07-22,14,10,4
2018-07-22,11,9,2
2018-07-23,4,3,1
2018-07-23,7,5,2
2018-07-23,3,1,2
2018-07-23,3,2,1
2018-07-23,12,7,5
2018-07-23,26,8,18
2018-07-23,99,18,81
2018-07-23,300,27,273
2018-07-23,479,35,444
2018-07-23,262,32,230
2018-07-23,112,32,80
2018-07-23,69,23,46
2018-07-23,83,31,52
2018-07-23,66,31,35
2018-07-23,87,52,35
2018-07-23,140,98,42
2018-07-23,312,258,54
2018-07-23,580,499,81
2018-07-23,377,331,46
2018-07-23,179,118,61
2018-07-23,114,75,39
2018-07-23,58,37,21
2018-07-23,37,20,17
2018-07-23,17,12,5
2018-07-24,3,1,2
2018-07-24,0,0,0
2018-07-24,3,1,2
2018-07-24,2,2,0
2018-07-24,7,2,5
2018-07-24,30,4,26
2018-07-24,134,27,107
2018-07-24,349,35,314
2018-07-24,511,40,471
2018-07-24,258,34,224
2018-07-24,113,24,89
2018-07-24,73,31,42
2018-07-24,75,33,42
2018-07-24,85,45,40
2018-07-24,100,53,47
2018-07-24,166,118,48
2018-07-24,324,264,60
2018-07-24,607,512,95
2018-07-24,431,340,91
2018-07-24,183,129,54
2018-07-24,134,85,49
2018-07-24,66,45,21
2018-07-24,58,31,27
2018-07-24,22,16,6
2018-07-25,6,3,3
2018-07-25,4,3,1
2018-07-25,2,2,0
2018-07-25,2,2,0
2018-07-25,15,8,7
2018-07-25,35,12,23
2018-07-25,121,24,97
2018-07-25,330,30,300
2018-07-25,479,47,432
2018-07-25,259,34,225
2018-07-25,113,21,92
2018-07-25,76,24,52
2018-07-25,64,32,32
2018-07-25,84,43,41
2018-07-25,85,60,25
2018-07-25,168,127,41
2018-07-25,334,272,62
2018-07-25,545,460,85
2018-07-25,395,321,74
2018-07-25,194,158,36
2018-07-25,156,112,44
2018-07-25,70,41,29
2018-07-25,43,27,16
2018-07-25,21,12,9
2018-07-26,8,5,3
2018-07-26,1,1,0
2018-07-26,2,2,0
2018-07-26,2,1,1
2018-07-26,6,3,3
2018-07-26,41,15,26
2018-07-26,121,26,95
2018-07-26,289,36,253
2018-07-26,492,51,441
2018-07-26,290,42,248
2018-07-26,117,30,87
2018-07-26,82,36,46
2018-07-26,76,31,45
2018-07-26,87,45,42
2018-07-26,103,68,35
2018-07-26,170,110,60
2018-07-26,323,275,48
2018-07-26,587,503,84
2018-07-26,339,274,65
2018-07-26,221,151,70
2018-07-26,122,81,41
2018-07-26,93,59,34
2018-07-26,50,27,23
2018-07-26,29,13,16
2018-07-27,8,6,2
2018-07-27,9,3,6
2018-07-27,6,2,4
2018-07-27,2,2,0
2018-07-27,10,6,4
2018-07-27,17,3,14
2018-07-27,102,24,78
2018-07-27,264,35,229
2018-07-27,414,59,355
2018-07-27,245,28,217
2018-07-27,114,33,81
2018-07-27,76,37,39
2018-07-27,76,35,41
2018-07-27,91,47,44
2018-07-27,140,89,51
2018-07-27,190,143,47
2018-07-27,334,261,73
2018-07-27,442,365,77
2018-07-27,288,222,66
2018-07-27,133,88,45
2018-07-27,118,62,56
2018-07-27,70,43,27
2018-07-27,46,28,18
2018-07-27,32,16,16
2018-07-28,13,12,1
2018-07-28,19,15,4
2018-07-28,5,3,2
2018-07-28,3,3,0
2018-07-28,5,2,3
2018-07-28,6,2,4
2018-07-28,19,9,10
2018-07-28,30,12,18
2018-07-28,77,46,31
2018-07-28,66,24,42
2018-07-28,101,50,51
2018-07-28,148,57,91
2018-07-28,106,53,53
2018-07-28,161,82,79
2018-07-28,150,83,67
2018-07-28,139,74,65
2018-07-28,139,69,70
2018-07-28,127,67,60
2018-07-28,108,49,59
2018-07-28,90,49,41
2018-07-28,64,21,43
2018-07-28,56,32,24
2018-07-28,28,18,10
2018-07-28,27,16,11
2018-07-29,14,8,6
2018-07-29,7,3,4
2018-07-29,7,5,2
2018-07-29,4,3,1
2018-07-29,4,0,4
2018-07-29,10,3,7
2018-07-29,4,2,2
2018-07-29,22,11,11
2018-07-29,47,23,24
2018-07-29,78,48,30
2018-07-29,86,42,44
2018-07-29,156,81,75
2018-07-29,117,59,58
2018-07-29,161,69,92
2018-07-29,108,58,50
2018-07-29,145,84,61
2018-07-29,173,85,88
2018-07-29,100,43,57
2018-07-29,103,54,49
2018-07-29,93,45,48
2018-07-29,75,42,33
2018-07-29,54,24,30
2018-07-29,11,5,6
2018-07-29,15,12,3
2018-07-30,5,3,2
2018-07-30,5,3,2
2018-07-30,2,2,0
2018-07-30,4,1,3
2018-07-30,9,5,4
2018-07-30,30,9,21
2018-07-30,96,13,83
2018-07-30,321,43,278
2018-07-30,455,43,412
2018-07-30,274,43,231
2018-07-30,109,24,85
2018-07-30,73,29,44
2018-07-30,76,35,41
2018-07-30,87,49,38
2018-07-30,95,49,46
2018-07-30,138,103,35
2018-07-30,300,256,44
2018-07-30,538,460,78
2018-07-30,368,295,73
2018-07-30,170,127,43
2018-07-30,131,84,47
2018-07-30,54,33,21
2018-07-30,33,22,11
2018-07-30,16,13,3
2018-07-31,10,3,7
2018-07-31,3,2,1
2018-07-31,1,1,0
2018-07-31,4,2,2
2018-07-31,10,4,6
2018-07-31,35,7,28
2018-07-31,115,29,86
2018-07-31,334,38,296
2018-07-31,491,39,452
2018-07-31,282,33,249
2018-07-31,135,26,109
2018-07-31,64,22,42
2018-07-31,67,25,42
2018-07-31,76,47,29
2018-07-31,81,48,33
2018-07-31,142,101,41
2018-07-31,359,297,62
2018-07-31,556,475,81
2018-07-31,405,345,60
2018-07-31,206,159,47
2018-07-31,125,79,46
2018-07-31,82,46,36
2018-07-31,52,35,17
2018-07-31,19,15,4
2018-08-01,13,6,7
2018-08-01,4,4,0
2018-08-01,1,0,1
2018-08-01,2,1,1
2018-08-01,10,5,5
2018-08-01,30,7,23
2018-08-01,120,26,94
2018-08-01,277,35,242
2018-08-01,497,41,456
2018-08-01,254,34,220
2018-08-01,133,29,104
2018-08-01,80,26,54
2018-08-01,62,21,41
2018-08-01,74,37,37
2018-08-01,92,58,34
2018-08-01,140,114,26
2018-08-01,348,284,64
2018-08-01,586,514,72
2018-08-01,391,335,56
2018-08-01,203,145,58
2018-08-01,133,81,52
2018-08-01,74,41,33
2018-08-01,27,17,10
2018-08-01,19,11,8
2018-08-02,10,6,4
2018-08-02,5,2,3
2018-08-02,3,3,0
2018-08-02,2,1,1
2018-08-02,4,2,2
2018-08-02,32,8,24
2018-08-02,102,22,80
2018-08-02,253,40,213
2018-08-02,433,46,387
2018-08-02,245,31,214
2018-08-02,127,29,98
2018-08-02,71,27,44
2018-08-02,52,24,28
2018-08-02,55,31,24
2018-08-02,83,53,30
2018-08-02,121,83,38
2018-08-02,287,245,42
2018-08-02,448,376,72
2018-08-02,356,283,73
2018-08-02,150,111,39
2018-08-02,86,53,33
2018-08-02,66,40,26
2018-08-02,32,22,10
2018-08-02,16,12,4
2018-08-03,4,3,1
2018-08-03,3,2,1
2018-08-03,1,1,0
2018-08-03,6,4,2
2018-08-03,10,7,3
2018-08-03,20,5,15
2018-08-03,69,16,53
2018-08-03,185,25,160
2018-08-03,313,36,277
2018-08-03,175,26,149
2018-08-03,104,36,68
2018-08-03,80,35,45
2018-08-03,77,33,44
2018-08-03,77,49,28
2018-08-03,97,66,31
2018-08-03,154,112,42
2018-08-03,292,223,69
2018-08-03,369,287,82
2018-08-03,241,154,87
2018-08-03,131,83,48
2018-08-03,91,53,38
2018-08-03,65,39,26
2018-08-03,40,27,13
2018-08-03,30,23,7
2018-08-04,12,11,1
2018-08-04,10,7,3
2018-08-04,6,3,3
2018-08-04,2,2,0
2018-08-04,7,2,5
2018-08-04,0,0,0
2018-08-04,0,0,0
2018-08-04,0,0,0
2018-08-04,0,0,0
2018-08-04,0,0,0
2018-08-04,0,0,0
2018-08-04,0,0,0
2018-08-04,0,0,0
2018-08-04,0,0,0
2018-08-04,0,0,0
2018-08-04,0,0,0
2018-08-04,0,0,0
2018-08-04,0,0,0
2018-08-04,0,0,0
2018-08-04,0,0,0
2018-08-04,0,0,0
2018-08-04,0,0,0
2018-08-04,0,0,0
2018-08-04,0,0,0
2018-08-05,0,0,0
2018-08-05,0,0,0
2018-08-05,0,0,0
2018-08-05,0,0,0
2018-08-05,0,0,0
2018-08-05,0,0,0
2018-08-05,0,0,0
2018-08-05,0,0,0
2018-08-05,0,0,0
2018-08-05,0,0,0
2018-08-05,0,0,0
2018-08-05,0,0,0
2018-08-05,0,0,0
2018-08-05,0,0,0
2018-08-05,0,0,0
2018-08-05,0,0,0
2018-08-05,0,0,0
2018-08-05,0,0,0
2018-08-05,0,0,0
2018-08-05,0,0,0
2018-08-05,0,0,0
2018-08-05,0,0,0
2018-08-05,0,0,0
2018-08-05,0,0,0
2018-08-06,0,0,0
2018-08-06,0,0,0
2018-08-06,0,0,0
2018-08-06,0,0,0
2018-08-06,0,0,0
2018-08-06,0,0,0
2018-08-06,0,0,0
2018-08-06,0,0,0
2018-08-06,0,0,0
2018-08-06,0,0,0
2018-08-06,0,0,0
2018-08-06,0,0,0
2018-08-06,0,0,0
2018-08-06,0,0,0
2018-08-06,0,0,0
2018-08-06,0,0,0
2018-08-06,0,0,0
2018-08-06,0,0,0
2018-08-06,0,0,0
2018-08-06,0,0,0
2018-08-06,0,0,0
2018-08-06,0,0,0
2018-08-06,0,0,0
2018-08-06,0,0,0
2018-08-07,0,0,0
2018-08-07,0,0,0
2018-08-07,0,0,0
2018-08-07,0,0,0
2018-08-07,0,0,0
2018-08-07,0,0,0
2018-08-07,0,0,0
2018-08-07,0,0,0
2018-08-07,0,0,0
2018-08-07,0,0,0
2018-08-07,0,0,0
2018-08-07,0,0,0
2018-08-07,0,0,0
2018-08-07,0,0,0
2018-08-07,0,0,0
2018-08-07,0,0,0
2018-08-07,0,0,0
2018-08-07,0,0,0
2018-08-07,0,0,0
2018-08-07,0,0,0
2018-08-07,0,0,0
2018-08-07,0,0,0
2018-08-07,0,0,0
2018-08-07,0,0,0
2018-08-08,0,0,0
2018-08-08,0,0,0
2018-08-08,0,0,0
2018-08-08,0,0,0
2018-08-08,0,0,0
2018-08-08,0,0,0
2018-08-08,0,0,0
2018-08-08,0,0,0
2018-08-08,0,0,0
2018-08-08,0,0,0
2018-08-08,0,0,0
2018-08-08,0,0,0
2018-08-08,0,0,0
2018-08-08,0,0,0
2018-08-08,0,0,0
2018-08-08,0,0,0
2018-08-08,0,0,0
2018-08-08,0,0,0
2018-08-08,0,0,0
2018-08-08,0,0,0
2018-08-08,0,0,0
2018-08-08,0,0,0
2018-08-08,0,0,0
2018-08-08,0,0,0
2018-08-09,0,0,0
2018-08-09,0,0,0
2018-08-09,0,0,0
2018-08-09,0,0,0
2018-08-09,0,0,0
2018-08-09,0,0,0
2018-08-09,0,0,0
2018-08-09,0,0,0
2018-08-09,0,0,0
2018-08-09,0,0,0
2018-08-09,0,0,0
2018-08-09,0,0,0
2018-08-09,0,0,0
2018-08-09,0,0,0
2018-08-09,0,0,0
2018-08-09,0,0,0
2018-08-09,0,0,0
2018-08-09,0,0,0
2018-08-09,0,0,0
2018-08-09,0,0,0
2018-08-09,0,0,0
2018-08-09,0,0,0
2018-08-09,0,0,0
2018-08-09,0,0,0
2018-08-10,0,0,0
2018-08-10,0,0,0
2018-08-10,0,0,0
2018-08-10,0,0,0
2018-08-10,0,0,0
2018-08-10,0,0,0
2018-08-10,0,0,0
2018-08-10,0,0,0
2018-08-10,0,0,0
2018-08-10,0,0,0
2018-08-10,0,0,0
2018-08-10,0,0,0
2018-08-10,0,0,0
2018-08-10,0,0,0
2018-08-10,0,0,0
2018-08-10,0,0,0
2018-08-10,0,0,0
2018-08-10,0,0,0
2018-08-10,0,0,0
2018-08-10,0,0,0
2018-08-10,0,0,0
2018-08-10,0,0,0
2018-08-10,0,0,0
2018-08-10,0,0,0
2018-08-11,0,0,0
2018-08-11,0,0,0
2018-08-11,0,0,0
2018-08-11,0,0,0
2018-08-11,0,0,0
2018-08-11,0,0,0
2018-08-11,0,0,0
2018-08-11,0,0,0
2018-08-11,0,0,0
2018-08-11,0,0,0
2018-08-11,0,0,0
2018-08-11,0,0,0
2018-08-11,0,0,0
2018-08-11,0,0,0
2018-08-11,0,0,0
2018-08-11,0,0,0
2018-08-11,0,0,0
2018-08-11,0,0,0
2018-08-11,0,0,0
2018-08-11,0,0,0
2018-08-11,0,0,0
2018-08-11,0,0,0
2018-08-11,0,0,0
2018-08-11,0,0,0
2018-08-12,0,0,0
2018-08-12,0,0,0
2018-08-12,0,0,0
2018-08-12,0,0,0
2018-08-12,0,0,0
2018-08-12,0,0,0
2018-08-12,0,0,0
2018-08-12,0,0,0
2018-08-12,0,0,0
2018-08-12,0,0,0
2018-08-12,0,0,0
2018-08-12,0,0,0
2018-08-12,0,0,0
2018-08-12,0,0,0
2018-08-12,0,0,0
2018-08-12,0,0,0
2018-08-12,0,0,0
2018-08-12,0,0,0
2018-08-12,0,0,0
2018-08-12,0,0,0
2018-08-12,0,0,0
2018-08-12,0,0,0
2018-08-12,0,0,0
2018-08-12,0,0,0
2018-08-13,0,0,0
2018-08-13,0,0,0
2018-08-13,0,0,0
2018-08-13,0,0,0
2018-08-13,0,0,0
2018-08-13,0,0,0
2018-08-13,0,0,0
2018-08-13,0,0,0
2018-08-13,0,0,0
2018-08-13,0,0,0
2018-08-13,0,0,0
2018-08-13,0,0,0
2018-08-13,0,0,0
2018-08-13,0,0,0
2018-08-13,0,0,0
2018-08-13,0,0,0
2018-08-13,0,0,0
2018-08-13,0,0,0
2018-08-13,0,0,0
2018-08-13,0,0,0
2018-08-13,0,0,0
2018-08-13,0,0,0
2018-08-13,0,0,0
2018-08-13,0,0,0
2018-08-14,0,0,0
2018-08-14,0,0,0
2018-08-14,0,0,0
2018-08-14,0,0,0
2018-08-14,0,0,0
2018-08-14,0,0,0
2018-08-14,0,0,0
2018-08-14,0,0,0
2018-08-14,0,0,0
2018-08-14,0,0,0
2018-08-14,0,0,0
2018-08-14,0,0,0
2018-08-14,0,0,0
2018-08-14,0,0,0
2018-08-14,0,0,0
2018-08-14,0,0,0
2018-08-14,0,0,0
2018-08-14,0,0,0
2018-08-14,0,0,0
2018-08-14,0,0,0
2018-08-14,0,0,0
2018-08-14,0,0,0
2018-08-14,0,0,0
2018-08-14,0,0,0
2018-08-15,0,0,0
2018-08-15,0,0,0
2018-08-15,0,0,0
2018-08-15,0,0,0
2018-08-15,0,0,0
2018-08-15,0,0,0
2018-08-15,0,0,0
2018-08-15,0,0,0
2018-08-15,0,0,0
2018-08-15,0,0,0
2018-08-15,0,0,0
2018-08-15,0,0,0
2018-08-15,6,1,5
2018-08-15,2,0,2
2018-08-15,0,0,0
2018-08-15,0,0,0
2018-08-15,0,0,0
2018-08-15,0,0,0
2018-08-15,0,0,0
2018-08-15,0,0,0
2018-08-15,0,0,0
2018-08-15,0,0,0
2018-08-15,0,0,0
2018-08-15,0,0,0
2018-08-16,0,0,0
2018-08-16,0,0,0
2018-08-16,0,0,0
2018-08-16,0,0,0
2018-08-16,0,0,0
2018-08-16,0,0,0
2018-08-16,0,0,0
2018-08-16,0,0,0
2018-08-16,0,0,0
2018-08-16,0,0,0
2018-08-16,0,0,0
2018-08-16,0,0,0
2018-08-16,0,0,0
2018-08-16,0,0,0
2018-08-16,0,0,0
2018-08-16,0,0,0
2018-08-16,0,0,0
2018-08-16,0,0,0
2018-08-16,0,0,0
2018-08-16,0,0,0
2018-08-16,0,0,0
2018-08-16,0,0,0
2018-08-16,0,0,0
2018-08-16,0,0,0
2018-08-17,0,0,0
2018-08-17,0,0,0
2018-08-17,0,0,0
2018-08-17,0,0,0
2018-08-17,0,0,0
2018-08-17,0,0,0
2018-08-17,0,0,0
2018-08-17,0,0,0
2018-08-17,0,0,0
2018-08-17,0,0,0
2018-08-17,0,0,0
2018-08-17,59,23,36
2018-08-17,76,39,37
2018-08-17,98,52,46
2018-08-17,91,59,32
2018-08-17,142,101,41
2018-08-17,308,241,67
2018-08-17,386,299,87
2018-08-17,227,165,62
2018-08-17,131,97,34
2018-08-17,94,57,37
2018-08-17,76,49,27
2018-08-17,48,26,22
2018-08-17,35,28,7
2018-08-18,15,9,6
2018-08-18,13,6,7
2018-08-18,8,6,2
2018-08-18,4,1,3
2018-08-18,5,2,3
2018-08-18,4,2,2
2018-08-18,13,8,5
2018-08-18,26,12,14
2018-08-18,34,13,21
2018-08-18,76,33,43
2018-08-18,96,50,46
2018-08-18,113,36,77
2018-08-18,145,58,87
2018-08-18,124,62,62
2018-08-18,125,72,53
2018-08-18,151,85,66
2018-08-18,121,59,62
2018-08-18,109,58,51
2018-08-18,133,71,62
2018-08-18,86,42,44
2018-08-18,37,18,19
2018-08-18,34,20,14
2018-08-18,32,20,12
2018-08-18,26,22,4
2018-08-19,22,9,13
2018-08-19,3,2,1
2018-08-19,5,3,2
2018-08-19,2,2,0
2018-08-19,2,1,1
2018-08-19,3,1,2
2018-08-19,4,1,3
2018-08-19,24,13,11
2018-08-19,45,22,23
2018-08-19,58,27,31
2018-08-19,95,45,50
2018-08-19,109,60,49
2018-08-19,148,64,84
2018-08-19,140,79,61
2018-08-19,123,64,59
2018-08-19,107,40,67
2018-08-19,115,57,58
2018-08-19,103,60,43
2018-08-19,58,32,26
2018-08-19,65,38,27
2018-08-19,25,18,7
2018-08-19,11,5,6
2018-08-19,13,1,12
2018-08-19,8,6,2
2018-08-20,3,2,1
2018-08-20,0,0,0
2018-08-20,1,1,0
2018-08-20,3,3,0
2018-08-20,11,7,4
2018-08-20,21,4,17
2018-08-20,75,14,61
2018-08-20,223,28,195
2018-08-20,337,30,307
2018-08-20,163,27,136
2018-08-20,100,27,73
2018-08-20,51,22,29
2018-08-20,49,28,21
2018-08-20,47,25,22
2018-08-20,54,31,23
2018-08-20,89,58,31
2018-08-20,193,159,34
2018-08-20,357,310,47
2018-08-20,211,178,33
2018-08-20,88,69,19
2018-08-20,62,42,20
2018-08-20,40,30,10
2018-08-20,20,17,3
2018-08-20,12,10,2
2018-08-21,5,4,1
2018-08-21,0,0,0
2018-08-21,4,2,2
2018-08-21,3,2,1
2018-08-21,8,3,5
2018-08-21,16,6,10
2018-08-21,61,14,47
2018-08-21,162,22,140
2018-08-21,246,30,216
2018-08-21,119,23,96
2018-08-21,62,10,52
2018-08-21,45,24,21
2018-08-21,35,15,20
2018-08-21,38,16,22
2018-08-21,58,40,18
2018-08-21,67,44,23
2018-08-21,152,120,32
2018-08-21,272,233,39
2018-08-21,194,151,43
2018-08-21,102,74,28
2018-08-21,57,38,19
2018-08-21,26,21,5
2018-08-21,13,10,3
2018-08-21,13,8,5
2018-08-22,2,2,0
2018-08-22,5,2,3
2018-08-22,1,1,0
2018-08-22,2,1,1
2018-08-22,6,4,2
2018-08-22,23,6,17
2018-08-22,47,11,36
2018-08-22,158,17,141
2018-08-22,236,29,207
2018-08-22,131,19,112
2018-08-22,65,16,49
2018-08-22,41,12,29
2018-08-22,32,15,17
2018-08-22,46,26,20
2018-08-22,55,44,11
2018-08-22,68,46,22
2018-08-22,144,110,34
2018-08-22,272,236,36
2018-08-22,165,142,23
2018-08-22,105,77,28
2018-08-22,64,47,17
2018-08-22,26,19,7
2018-08-22,21,14,7
2018-08-22,11,5,6
2018-08-23,1,1,0
2018-08-23,2,2,0
2018-08-23,3,2,1
2018-08-23,2,1,1
2018-08-23,4,4,0
2018-08-23,22,5,17
2018-08-23,63,12,51
2018-08-23,156,21,135
2018-08-23,270,33,237
2018-08-23,167,25,142
2018-08-23,71,21,50
2018-08-23,56,12,44
2018-08-23,38,15,23
2018-08-23,75,48,27
2018-08-23,64,40,24
2018-08-23,87,68,19
2018-08-23,187,146,41
2018-08-23,345,279,66
2018-08-23,263,216,47
2018-08-23,145,107,38
2018-08-23,108,65,43
2018-08-23,30,21,9
2018-08-23,39,24,15
2018-08-23,12,5,7
2018-08-24,10,7,3
2018-08-24,3,2,1
2018-08-24,6,2,4
2018-08-24,3,3,0
2018-08-24,12,7,5
2018-08-24,16,7,9
2018-08-24,64,15,49
2018-08-24,197,15,182
2018-08-24,324,38,286
2018-08-24,191,30,161
2018-08-24,89,27,62
2018-08-24,58,21,37
2018-08-24,65,28,37
2018-08-24,75,47,28
2018-08-24,85,56,29
2018-08-24,153,110,43
2018-08-24,284,230,54
2018-08-24,347,276,71
2018-08-24,220,170,50
2018-08-24,110,74,36
2018-08-24,68,45,23
2018-08-24,37,25,12
2018-08-24,30,19,11
2018-08-24,15,12,3
2018-08-25,19,13,6
2018-08-25,10,6,4
2018-08-25,7,1,6
2018-08-25,1,1,0
2018-08-25,6,4,2
2018-08-25,3,2,1
2018-08-25,14,6,8
2018-08-25,12,5,7
2018-08-25,30,14,16
2018-08-25,35,14,21
2018-08-25,47,22,25
2018-08-25,39,24,15
2018-08-25,59,30,29
2018-08-25,87,57,30
2018-08-25,80,35,45
2018-08-25,74,25,49
2018-08-25,66,35,31
2018-08-25,61,40,21
2018-08-25,70,39,31
2018-08-25,42,18,24
2018-08-25,27,10,17
2018-08-25,24,14,10
2018-08-25,19,14,5
2018-08-25,14,10,4
2018-08-26,8,6,2
2018-08-26,9,6,3
2018-08-26,4,3,1
2018-08-26,4,2,2
2018-08-26,3,1,2
2018-08-26,5,3,2
2018-08-26,6,3,3
2018-08-26,16,7,9
2018-08-26,30,11,19
2018-08-26,34,12,22
2018-08-26,42,27,15
2018-08-26,68,32,36
2018-08-26,86,46,40
2018-08-26,81,51,30
2018-08-26,72,41,31
2018-08-26,88,43,45
2018-08-26,88,50,38
2018-08-26,66,39,27
2018-08-26,68,27,41
2018-08-26,31,19,12
2018-08-26,20,16,4
2018-08-26,5,2,3
2018-08-26,6,3,3
2018-08-26,6,4,2
2018-08-27,5,3,2
2018-08-27,2,2,0
2018-08-27,1,1,0
2018-08-27,1,1,0
2018-08-27,9,4,5
2018-08-27,30,11,19
2018-08-27,74,9,65
2018-08-27,260,27,233
2018-08-27,396,30,366
2018-08-27,214,31,183
2018-08-27,86,19,67
2018-08-27,58,14,44
2018-08-27,58,21,37
2018-08-27,67,43,24
2018-08-27,90,53,37
2018-08-27,133,92,41
2018-08-27,281,229,52
2018-08-27,442,397,45
2018-08-27,351,284,67
2018-08-27,174,122,52
2018-08-27,92,54,38
2018-08-27,38,23,15
2018-08-27,31,18,13
2018-08-27,16,10,6
2018-08-28,5,4,1
2018-08-28,2,2,0
2018-08-28,2,2,0
2018-08-28,0,0,0
2018-08-28,7,1,6
2018-08-28,31,10,21
2018-08-28,103,24,79
2018-08-28,329,37,292
2018-08-28,479,56,423
2018-08-28,256,44,212
2018-08-28,114,24,90
2018-08-28,55,24,31
2018-08-28,90,37,53
2018-08-28,65,43,22
2018-08-28,83,48,35
2018-08-28,132,86,46
2018-08-28,309,245,64
2018-08-28,576,485,91
2018-08-28,404,329,75
2018-08-28,179,130,49
2018-08-28,119,72,47
2018-08-28,56,32,24
2018-08-28,34,18,16
2018-08-28,14,5,9
2018-08-29,16,8,8
2018-08-29,2,2,0
2018-08-29,1,1,0
2018-08-29,0,0,0
2018-08-29,11,7,4
2018-08-29,29,7,22
2018-08-29,109,20,89
2018-08-29,288,26,262
2018-08-29,445,58,387
2018-08-29,212,30,182
2018-08-29,118,26,92
2018-08-29,57,19,38
2018-08-29,61,34,27
2018-08-29,80,43,37
2018-08-29,73,36,37
2018-08-29,164,121,43
2018-08-29,270,220,50
2018-08-29,477,400,77
2018-08-29,318,266,52
2018-08-29,186,133,53
2018-08-29,70,46,24
2018-08-29,35,20,15
2018-08-29,26,17,9
2018-08-29,20,12,8
2018-08-30,6,5,1
2018-08-30,3,2,1
2018-08-30,4,3,1
2018-08-30,5,3,2
2018-08-30,3,2,1
2018-08-30,26,9,17
2018-08-30,84,20,64
2018-08-30,213,29,184
2018-08-30,365,31,334
2018-08-30,189,32,157
2018-08-30,106,23,83
2018-08-30,73,23,50
2018-08-30,48,22,26
2018-08-30,63,38,25
2018-08-30,58,37,21
2018-08-30,112,64,48
2018-08-30,230,185,45
2018-08-30,404,354,50
2018-08-30,261,213,48
2018-08-30,143,112,31
2018-08-30,70,51,19
2018-08-30,38,24,14
2018-08-30,27,21,6
2018-08-30,10,7,3
2018-08-31,9,6,3
2018-08-31,7,5,2
2018-08-31,0,0,0
2018-08-31,3,1,2
2018-08-31,3,2,1
2018-08-31,16,8,8
2018-08-31,48,8,40
2018-08-31,143,11,132
2018-08-31,276,30,246
2018-08-31,164,30,134
2018-08-31,94,29,65
2018-08-31,62,27,35
2018-08-31,76,42,34
2018-08-31,99,53,46
2018-08-31,107,69,38
2018-08-31,200,145,55
2018-08-31,242,168,74
2018-08-31,342,255,87
2018-08-31,194,152,42
2018-08-31,87,55,32
2018-08-31,56,29,27
2018-08-31,26,15,11
2018-08-31,23,18,5
2018-08-31,26,23,3
2018-09-01,4,4,0
2018-09-01,10,8,2
2018-09-01,5,3,2
2018-09-01,5,3,2
2018-09-01,2,1,1
2018-09-01,4,2,2
2018-09-01,13,4,9
2018-09-01,19,10,9
2018-09-01,32,16,16
2018-09-01,58,23,35
2018-09-01,57,18,39
2018-09-01,93,33,60
2018-09-01,70,25,45
2018-09-01,76,30,46
2018-09-01,85,49,36
2018-09-01,96,61,35
2018-09-01,143,87,56
2018-09-01,87,47,40
2018-09-01,75,36,39
2018-09-01,65,31,34
2018-09-01,24,9,15
2018-09-01,23,19,4
2018-09-01,16,14,2
2018-09-01,23,14,9
2018-09-02,12,9,3
2018-09-02,6,3,3
2018-09-02,6,2,4
2018-09-02,3,2,1
2018-09-02,5,2,3
2018-09-02,4,2,2
2018-09-02,7,3,4
2018-09-02,20,8,12
2018-09-02,44,21,23
2018-09-02,42,21,21
2018-09-02,85,43,42
2018-09-02,124,63,61
2018-09-02,114,46,68
2018-09-02,111,72,39
2018-09-02,145,74,71
2018-09-02,143,75,68
2018-09-02,134,65,69
2018-09-02,125,62,63
2018-09-02,79,47,32
2018-09-02,76,42,34
2018-09-02,47,15,32
2018-09-02,24,17,7
2018-09-02,13,9,4
2018-09-02,18,12,6
2018-09-03,7,6,1
2018-09-03,4,1,3
2018-09-03,5,4,1
2018-09-03,2,2,0
2018-09-03,3,1,2
2018-09-03,7,6,1
2018-09-03,15,5,10
2018-09-03,18,4,14
2018-09-03,43,21,22
2018-09-03,56,30,26
2018-09-03,70,18,52
2018-09-03,98,44,54
2018-09-03,129,72,57
2018-09-03,145,85,60
2018-09-03,159,92,67
2018-09-03,162,83,79
2018-09-03,146,70,76
2018-09-03,118,59,59
2018-09-03,110,69,41
2018-09-03,89,35,54
2018-09-03,35,8,27
2018-09-03,21,11,10
2018-09-03,9,7,2
2018-09-03,10,6,4
2018-09-04,4,3,1
2018-09-04,1,1,0
2018-09-04,1,0,1
2018-09-04,1,1,0
2018-09-04,8,1,7
2018-09-04,23,6,17
2018-09-04,107,17,90
2018-09-04,293,29,264
2018-09-04,468,40,428
2018-09-04,231,27,204
2018-09-04,111,27,84
2018-09-04,68,22,46
2018-09-04,67,38,29
2018-09-04,63,41,22
2018-09-04,87,55,32
2018-09-04,110,79,31
2018-09-04,273,234,39
2018-09-04,510,432,78
2018-09-04,348,299,49
2018-09-04,185,146,39
2018-09-04,65,44,21
2018-09-04,44,25,19
2018-09-04,21,13,8
2018-09-04,12,10,2
2018-09-05,4,4,0
2018-09-05,4,1,3
2018-09-05,2,1,1
2018-09-05,0,0,0
2018-09-05,10,3,7
2018-09-05,31,8,23
2018-09-05,99,20,79
2018-09-05,289,30,259
2018-09-05,494,49,445
2018-09-05,254,39,215
2018-09-05,115,21,94
2018-09-05,67,24,43
2018-09-05,63,38,25
2018-09-05,64,43,21
2018-09-05,73,41,32
2018-09-05,129,87,42
2018-09-05,305,248,57
2018-09-05,538,464,74
2018-09-05,357,314,43
2018-09-05,165,113,52
2018-09-05,77,59,18
2018-09-05,29,20,9
2018-09-05,19,11,8
2018-09-05,12,6,6
2018-09-06,4,3,1
2018-09-06,1,0,1
2018-09-06,1,0,1
2018-09-06,0,0,0
2018-09-06,6,2,4
2018-09-06,32,7,25
2018-09-06,101,14,87
2018-09-06,298,32,266
2018-09-06,468,36,432
2018-09-06,243,49,194
2018-09-06,100,32,68
2018-09-06,68,25,43
2018-09-06,77,36,41
2018-09-06,61,36,25
2018-09-06,95,64,31
2018-09-06,141,92,49
2018-09-06,329,274,55
2018-09-06,467,402,65
2018-09-06,363,299,64
2018-09-06,184,136,48
2018-09-06,89,57,32
2018-09-06,60,42,18
2018-09-06,33,19,14
2018-09-06,28,23,5
2018-09-07,9,5,4
2018-09-07,3,1,2
2018-09-07,2,1,1
2018-09-07,1,1,0
2018-09-07,11,8,3
2018-09-07,22,8,14
2018-09-07,77,11,66
2018-09-07,233,26,207
2018-09-07,394,43,351
2018-09-07,203,29,174
2018-09-07,79,21,58
2018-09-07,79,25,54
2018-09-07,52,24,28
2018-09-07,77,50,27
2018-09-07,87,52,35
2018-09-07,158,113,45
2018-09-07,291,227,64
2018-09-07,382,325,57
2018-09-07,233,178,55
2018-09-07,85,59,26
2018-09-07,47,40,7
2018-09-07,28,23,5
2018-09-07,21,18,3
2018-09-07,9,6,3
2018-09-08,10,7,3
2018-09-08,3,2,1
2018-09-08,4,3,1
2018-09-08,0,0,0
2018-09-08,4,2,2
2018-09-08,5,2,3
2018-09-08,8,4,4
2018-09-08,18,10,8
2018-09-08,29,14,15
2018-09-08,34,14,20
2018-09-08,55,22,33
2018-09-08,85,35,50
2018-09-08,85,37,48
2018-09-08,92,51,41
2018-09-08,110,60,50
2018-09-08,110,55,55
2018-09-08,113,65,48
2018-09-08,112,54,58
2018-09-08,67,37,30
2018-09-08,44,24,20
2018-09-08,26,9,17
2018-09-08,23,15,8
2018-09-08,24,19,5
2018-09-08,16,8,8
2018-09-09,10,8,2
2018-09-09,7,4,3
2018-09-09,10,2,8
2018-09-09,1,0,1
2018-09-09,4,2,2
2018-09-09,3,1,2
2018-09-09,11,6,5
2018-09-09,19,6,13
2018-09-09,37,17,20
2018-09-09,52,22,30
2018-09-09,75,41,34
2018-09-09,84,30,54
2018-09-09,105,60,45
2018-09-09,124,60,64
2018-09-09,112,51,61
2018-09-09,119,62,57
2018-09-09,112,60,52
2018-09-09,94,51,43
2018-09-09,62,30,32
2018-09-09,36,19,17
2018-09-09,18,11,7
2018-09-09,5,2,3
2018-09-09,9,7,2
2018-09-09,4,4,0
2018-09-10,3,2,1
2018-09-10,0,0,0
2018-09-10,1,0,1
2018-09-10,1,1,0
2018-09-10,10,5,5
2018-09-10,28,7,21
2018-09-10,78,19,59
2018-09-10,217,25,192
2018-09-10,420,43,377
2018-09-10,207,33,174
2018-09-10,68,14,54
2018-09-10,61,28,33
2018-09-10,56,23,33
2018-09-10,53,23,30
2018-09-10,63,36,27
2018-09-10,101,70,31
2018-09-10,217,187,30
2018-09-10,422,377,45
2018-09-10,278,231,47
2018-09-10,114,78,36
2018-09-10,58,37,21
2018-09-10,29,25,4
2018-09-10,10,5,5
2018-09-10,18,13,5
2018-09-11,9,7,2
2018-09-11,1,0,1
2018-09-11,0,0,0
2018-09-11,2,1,1
2018-09-11,5,3,2
2018-09-11,24,6,18
2018-09-11,81,17,64
2018-09-11,236,23,213
2018-09-11,394,37,357
2018-09-11,208,35,173
2018-09-11,77,22,55
2018-09-11,48,16,32
2018-09-11,50,20,30
2018-09-11,68,34,34
2018-09-11,50,27,23
2018-09-11,104,73,31
2018-09-11,248,203,45
2018-09-11,428,377,51
2018-09-11,270,210,60
2018-09-11,136,108,28
2018-09-11,56,35,21
2018-09-11,32,27,5
2018-09-11,21,14,7
2018-09-11,8,5,3
2018-09-12,4,3,1
2018-09-12,4,3,1
2018-09-12,3,3,0
2018-09-12,0,0,0
2018-09-12,9,5,4
2018-09-12,31,9,22
2018-09-12,77,11,66
2018-09-12,244,22,222
2018-09-12,415,49,366
2018-09-12,194,33,161
2018-09-12,101,22,79
2018-09-12,49,18,31
2018-09-12,59,31,28
2018-09-12,72,41,31
2018-09-12,67,36,31
2018-09-12,111,77,34
2018-09-12,240,199,41
2018-09-12,399,343,56
2018-09-12,282,234,48
2018-09-12,145,108,37
2018-09-12,57,40,17
2018-09-12,42,25,17
2018-09-12,25,19,6
2018-09-12,14,10,4
2018-09-13,5,4,1
2018-09-13,4,3,1
2018-09-13,2,2,0
2018-09-13,0,0,0
2018-09-13,3,1,2
2018-09-13,22,5,17
2018-09-13,78,23,55
2018-09-13,212,20,192
2018-09-13,400,42,358
2018-09-13,230,44,186
2018-09-13,93,19,74
2018-09-13,73,26,47
2018-09-13,48,21,27
2018-09-13,63,35,28
2018-09-13,87,50,37
2018-09-13,108,73,35
2018-09-13,244,203,41
2018-09-13,393,345,48
2018-09-13,283,236,47
2018-09-13,120,90,30
2018-09-13,54,37,17
2018-09-13,43,32,11
2018-09-13,24,14,10
2018-09-13,16,11,5
2018-09-14,10,7,3
2018-09-14,1,1,0
2018-09-14,2,1,1
2018-09-14,3,0,3
2018-09-14,10,7,3
2018-09-14,17,6,11
2018-09-14,43,7,36
2018-09-14,109,15,94
2018-09-14,256,21,235
2018-09-14,125,19,106
2018-09-14,61,15,46
2018-09-14,37,12,25
2018-09-14,52,27,25
2018-09-14,57,27,30
2018-09-14,70,48,22
2018-09-14,101,73,28
2018-09-14,160,127,33
2018-09-14,288,245,43
2018-09-14,184,146,38
2018-09-14,82,61,21
2018-09-14,46,22,24
2018-09-14,21,13,8
2018-09-14,33,22,11
2018-09-14,24,17,7
2018-09-15,8,6,2
2018-09-15,7,2,5
2018-09-15,6,3,3
2018-09-15,1,1,0
2018-09-15,4,2,2
2018-09-15,4,0,4
2018-09-15,7,2,5
2018-09-15,22,13,9
2018-09-15,41,18,23
2018-09-15,42,12,30
2018-09-15,63,31,32
2018-09-15,79,39,40
2018-09-15,77,39,38
2018-09-15,79,35,44
2018-09-15,59,24,35
2018-09-15,85,34,51
2018-09-15,73,33,40
2018-09-15,45,25,20
2018-09-15,24,13,11
2018-09-15,21,13,8
2018-09-15,6,3,3
2018-09-15,18,11,7
2018-09-15,9,7,2
2018-09-15,20,15,5
2018-09-16,3,3,0
2018-09-16,3,2,1
2018-09-16,1,0,1
2018-09-16,2,2,0
2018-09-16,1,1,0
2018-09-16,4,1,3
2018-09-16,6,2,4
2018-09-16,9,3,6
2018-09-16,13,7,6
2018-09-16,12,6,6
2018-09-16,29,6,23
2018-09-16,49,17,32
2018-09-16,71,40,31
2018-09-16,65,35,30
2018-09-16,81,43,38
2018-09-16,86,50,36
2018-09-16,87,44,43
2018-09-16,74,35,39
2018-09-16,69,36,33
2018-09-16,45,21,24
2018-09-16,15,6,9
2018-09-16,10,3,7
2018-09-16,8,4,4
2018-09-16,6,3,3
2018-09-17,2,2,0
2018-09-17,0,0,0
2018-09-17,0,0,0
2018-09-17,3,3,0
2018-09-17,8,3,5
2018-09-17,24,7,17
2018-09-17,76,13,63
2018-09-17,269,29,240
2018-09-17,485,45,440
2018-09-17,221,36,185
2018-09-17,94,25,69
2018-09-17,46,14,32
2018-09-17,78,36,42
2018-09-17,76,42,34
2018-09-17,83,55,28
2018-09-17,121,82,39
2018-09-17,282,228,54
2018-09-17,512,446,66
2018-09-17,346,282,64
2018-09-17,125,95,30
2018-09-17,56,34,22
2018-09-17,37,23,14
2018-09-17,15,11,4
2018-09-17,11,7,4
2018-09-18,14,6,8
2018-09-18,1,0,1
2018-09-18,1,1,0
2018-09-18,2,2,0
2018-09-18,7,2,5
2018-09-18,24,4,20
2018-09-18,93,17,76
2018-09-18,319,42,277
2018-09-18,431,33,398
2018-09-18,213,22,191
2018-09-18,92,26,66
2018-09-18,60,25,35
2018-09-18,67,34,33
2018-09-18,82,46,36
2018-09-18,74,38,36
2018-09-18,123,83,40
2018-09-18,268,214,54
2018-09-18,490,432,58
2018-09-18,343,288,55
2018-09-18,121,93,28
2018-09-18,64,43,21
2018-09-18,43,36,7
2018-09-18,23,15,8
2018-09-18,12,8,4
2018-09-19,5,3,2
2018-09-19,2,2,0
2018-09-19,4,2,2
2018-09-19,4,2,2
2018-09-19,7,4,3
2018-09-19,23,5,18
2018-09-19,73,11,62
2018-09-19,251,27,224
2018-09-19,402,34,368
2018-09-19,232,31,201
2018-09-19,85,22,63
2018-09-19,68,27,41
2018-09-19,66,32,34
2018-09-19,57,29,28
2018-09-19,105,58,47
2018-09-19,103,78,25
2018-09-19,244,197,47
2018-09-19,479,409,70
2018-09-19,307,256,51
2018-09-19,123,85,38
2018-09-19,49,35,14
2018-09-19,37,28,9
2018-09-19,36,28,8
2018-09-19,11,6,5
2018-09-20,14,8,6
2018-09-20,4,4,0
2018-09-20,1,1,0
2018-09-20,1,0,1
2018-09-20,5,3,2
2018-09-20,25,9,16
2018-09-20,76,11,65
2018-09-20,193,22,171
2018-09-20,349,32,317
2018-09-20,204,31,173
2018-09-20,85,23,62
2018-09-20,43,17,26
2018-09-20,56,28,28
2018-09-20,45,16,29
2018-09-20,71,50,21
2018-09-20,95,68,27
2018-09-20,217,173,44
2018-09-20,367,322,45
2018-09-20,253,221,32
2018-09-20,104,74,30
2018-09-20,58,42,16
2018-09-20,39,27,12
2018-09-20,21,11,10
2018-09-20,20,16,4
2018-09-21,11,7,4
2018-09-21,5,3,2
2018-09-21,7,5,2
2018-09-21,1,1,0
2018-09-21,8,5,3
2018-09-21,16,5,11
2018-09-21,56,11,45
2018-09-21,175,27,148
2018-09-21,359,37,322
2018-09-21,174,33,141
2018-09-21,76,4,72
2018-09-21,52,15,37
2018-09-21,53,28,25
2018-09-21,63,33,30
2018-09-21,81,51,30
2018-09-21,95,67,28
2018-09-21,241,204,37
2018-09-21,339,294,45
2018-09-21,187,160,27
2018-09-21,83,61,22
2018-09-21,37,26,11
2018-09-21,26,21,5
2018-09-21,20,9,11
2018-09-21,8,5,3
2018-09-22,12,8,4
2018-09-22,2,2,0
2018-09-22,0,0,0
2018-09-22,7,6,1
2018-09-22,1,1,0
2018-09-22,6,1,5
2018-09-22,9,3,6
2018-09-22,14,9,5
2018-09-22,36,12,24
2018-09-22,46,23,23
2018-09-22,55,27,28
2018-09-22,50,22,28
2018-09-22,73,39,34
2018-09-22,91,44,47
2018-09-22,85,48,37
2018-09-22,107,51,56
2018-09-22,87,55,32
2018-09-22,115,59,56
2018-09-22,62,34,28
2018-09-22,41,28,13
2018-09-22,27,11,16
2018-09-22,16,8,8
2018-09-22,21,8,13
2018-09-22,15,6,9
2018-09-23,12,7,5
2018-09-23,9,3,6
2018-09-23,3,2,1
2018-09-23,2,0,2
2018-09-23,4,3,1
2018-09-23,3,0,3
2018-09-23,11,5,6
2018-09-23,18,10,8
2018-09-23,40,19,21
2018-09-23,37,13,24
2018-09-23,63,35,28
2018-09-23,77,41,36
2018-09-23,91,54,37
2018-09-23,104,50,54
2018-09-23,127,81,46
2018-09-23,131,71,60
2018-09-23,117,53,64
2018-09-23,86,37,49
2018-09-23,75,43,32
2018-09-23,52,24,28
2018-09-23,25,13,12
2018-09-23,12,6,6
2018-09-23,6,4,2
2018-09-23,13,9,4
2018-09-24,7,2,5
2018-09-24,3,2,1
2018-09-24,1,0,1
2018-09-24,1,1,0
2018-09-24,13,8,5
2018-09-24,20,7,13
2018-09-24,77,16,61
2018-09-24,248,25,223
2018-09-24,480,54,426
2018-09-24,227,30,197
2018-09-24,117,22,95
2018-09-24,77,44,33
2018-09-24,71,30,41
2018-09-24,62,29,33
2018-09-24,74,50,24
2018-09-24,103,73,30
2018-09-24,286,231,55
2018-09-24,509,442,67
2018-09-24,326,283,43
2018-09-24,116,83,33
2018-09-24,47,33,14
2018-09-24,35,23,12
2018-09-24,15,11,4
2018-09-24,7,4,3
2018-09-25,3,2,1
2018-09-25,1,1,0
2018-09-25,1,1,0
2018-09-25,0,0,0
2018-09-25,9,3,6
2018-09-25,29,7,22
2018-09-25,93,14,79
2018-09-25,286,40,246
2018-09-25,483,46,437
2018-09-25,250,28,222
2018-09-25,97,21,76
2018-09-25,59,24,35
2018-09-25,52,30,22
2018-09-25,61,34,27
2018-09-25,107,60,47
2018-09-25,118,82,36
2018-09-25,274,219,55
2018-09-25,466,419,47
2018-09-25,323,277,46
2018-09-25,116,82,34
2018-09-25,78,54,24
2018-09-25,52,31,21
2018-09-25,21,17,4
2018-09-25,19,13,6
2018-09-26,8,7,1
2018-09-26,4,4,0
2018-09-26,1,0,1
2018-09-26,0,0,0
2018-09-26,12,5,7
2018-09-26,35,11,24
2018-09-26,82,17,65
2018-09-26,268,34,234
2018-09-26,411,34,377
2018-09-26,244,42,202
2018-09-26,93,18,75
2018-09-26,62,21,41
2018-09-26,51,25,26
2018-09-26,68,37,31
2018-09-26,71,53,18
2018-09-26,117,74,43
2018-09-26,304,255,49
2018-09-26,475,403,72
2018-09-26,337,271,66
2018-09-26,128,98,30
2018-09-26,64,41,23
2018-09-26,39,23,16
2018-09-26,32,24,8
2018-09-26,12,7,5
2018-09-27,7,4,3
2018-09-27,1,1,0
2018-09-27,3,3,0
2018-09-27,3,2,1
2018-09-27,7,1,6
2018-09-27,22,8,14
2018-09-27,85,14,71
2018-09-27,236,36,200
2018-09-27,411,33,378
2018-09-27,232,33,199
2018-09-27,102,23,79
2018-09-27,75,23,52
2018-09-27,86,38,48
2018-09-27,71,41,30
2018-09-27,78,52,26
2018-09-27,100,74,26
2018-09-27,277,236,41
2018-09-27,453,393,60
2018-09-27,273,228,45
2018-09-27,96,70,26
2018-09-27,63,40,23
2018-09-27,41,29,12
2018-09-27,28,16,12
2018-09-27,10,4,6
2018-09-28,10,7,3
2018-09-28,4,3,1
2018-09-28,1,1,0
2018-09-28,4,2,2
2018-09-28,10,7,3
2018-09-28,20,6,14
2018-09-28,71,14,57
2018-09-28,216,39,177
2018-09-28,380,35,345
2018-09-28,205,32,173
2018-09-28,87,21,66
2018-09-28,71,28,43
2018-09-28,76,46,30
2018-09-28,95,52,43
2018-09-28,108,61,47
2018-09-28,171,116,55
2018-09-28,303,242,61
2018-09-28,442,370,72
2018-09-28,244,172,72
2018-09-28,83,53,30
2018-09-28,65,32,33
2018-09-28,31,18,13
2018-09-28,21,19,2
2018-09-28,34,25,9
2018-09-29,16,13,3
2018-09-29,9,4,5
2018-09-29,1,0,1
2018-09-29,1,1,0
2018-09-29,2,1,1
2018-09-29,10,4,6
2018-09-29,13,8,5
2018-09-29,19,10,9
2018-09-29,38,20,18
2018-09-29,57,27,30
2018-09-29,68,25,43
2018-09-29,88,46,42
2018-09-29,122,58,64
2018-09-29,107,56,51
2018-09-29,132,54,78
2018-09-29,138,94,44
2018-09-29,115,72,43
2018-09-29,83,55,28
2018-09-29,87,41,46
2018-09-29,34,21,13
2018-09-29,33,17,16
2018-09-29,27,18,9
2018-09-29,14,11,3
2018-09-29,9,6,3
2018-09-30,6,4,2
2018-09-30,2,2,0
2018-09-30,5,2,3
2018-09-30,0,0,0
2018-09-30,3,1,2
2018-09-30,6,3,3
2018-09-30,5,1,4
2018-09-30,14,10,4
2018-09-30,29,7,22
2018-09-30,42,23,19
2018-09-30,39,16,23
2018-09-30,0,0,0
2018-09-30,0,0,0
2018-09-30,0,0,0
2018-09-30,0,0,0
2018-09-30,75,46,29
2018-09-30,90,46,44
2018-09-30,69,36,33
2018-09-30,61,16,45
2018-09-30,12,8,4
2018-09-30,17,12,5
2018-09-30,7,4,3
2018-09-30,10,6,4
2018-09-30,4,3,1
2018-10-01,4,3,1
2018-10-01,2,2,0
2018-10-01,1,1,0
2018-10-01,1,1,0
2018-10-01,12,5,7
2018-10-01,22,7,15
2018-10-01,69,13,56
2018-10-01,205,22,183
2018-10-01,394,33,361
2018-10-01,187,27,160
2018-10-01,55,10,45
2018-10-01,36,17,19
2018-10-01,24,8,16
2018-10-01,28,17,11
2018-10-01,45,26,19
2018-10-01,73,53,20
2018-10-01,190,155,35
2018-10-01,345,309,36
2018-10-01,199,185,14
2018-10-01,80,62,18
2018-10-01,47,37,10
2018-10-01,27,19,8
2018-10-01,17,12,5
2018-10-01,9,6,3
2018-10-02,2,2,0
2018-10-02,4,3,1
2018-10-02,4,1,3
2018-10-02,1,1,0
2018-10-02,11,5,6
2018-10-02,25,8,17
2018-10-02,85,22,63
2018-10-02,222,22,200
2018-10-02,387,30,357
2018-10-02,200,30,170
2018-10-02,83,16,67
2018-10-02,62,34,28
2018-10-02,49,28,21
2018-10-02,63,27,36
2018-10-02,82,54,28
2018-10-02,109,63,46
2018-10-02,208,177,31
2018-10-02,423,373,50
2018-10-02,245,218,27
2018-10-02,100,83,17
2018-10-02,56,40,16
2018-10-02,28,23,5
2018-10-02,14,9,5
2018-10-02,8,6,2
2018-10-03,3,2,1
2018-10-03,1,1,0
2018-10-03,0,0,0
2018-10-03,0,0,0
2018-10-03,7,3,4
2018-10-03,28,6,22
2018-10-03,67,11,56
2018-10-03,236,32,204
2018-10-03,392,35,357
2018-10-03,220,29,191
2018-10-03,75,13,62
2018-10-03,66,21,45
2018-10-03,53,25,28
2018-10-03,43,19,24
2018-10-03,61,37,24
2018-10-03,93,63,30
2018-10-03,230,188,42
2018-10-03,400,361,39
2018-10-03,298,256,42
2018-10-03,99,75,24
2018-10-03,56,41,15
2018-10-03,37,28,9
2018-10-03,26,13,13
2018-10-03,9,9,0
2018-10-04,3,1,2
2018-10-04,7,5,2
2018-10-04,3,3,0
2018-10-04,1,0,1
2018-10-04,8,4,4
2018-10-04,36,11,25
2018-10-04,84,10,74
2018-10-04,210,28,182
2018-10-04,380,31,349
2018-10-04,196,28,168
2018-10-04,85,17,68
2018-10-04,51,27,24
2018-10-04,51,23,28
2018-10-04,68,43,25
2018-10-04,86,52,34
2018-10-04,103,65,38
2018-10-04,219,185,34
2018-10-04,416,358,58
2018-10-04,267,219,48
2018-10-04,84,68,16
2018-10-04,52,38,14
2018-10-04,47,32,15
2018-10-04,22,15,7
2018-10-04,18,11,7
2018-10-05,7,3,4
2018-10-05,8,4,4
2018-10-05,4,3,1
2018-10-05,0,0,0
2018-10-05,16,10,6
2018-10-05,17,5,12
2018-10-05,53,7,46
2018-10-05,128,12,116
2018-10-05,249,27,222
2018-10-05,138,19,119
2018-10-05,57,11,46
2018-10-05,24,5,19
2018-10-05,18,7,11
2018-10-05,14,11,3
2018-10-05,46,36,10
2018-10-05,55,42,13
2018-10-05,143,134,9
2018-10-05,213,193,20
2018-10-05,117,104,13
2018-10-05,44,37,7
2018-10-05,22,18,4
2018-10-05,15,13,2
2018-10-05,11,10,1
2018-10-05,13,5,8
2018-10-06,3,0,3
2018-10-06,5,2,3
2018-10-06,3,0,3
2018-10-06,2,1,1
2018-10-06,1,0,1
2018-10-06,4,2,2
2018-10-06,7,3,4
2018-10-06,28,11,17
2018-10-06,39,14,25
2018-10-06,35,18,17
2018-10-06,36,21,15
2018-10-06,43,18,25
2018-10-06,61,29,32
2018-10-06,103,55,48
2018-10-06,91,50,41
2018-10-06,125,69,56
2018-10-06,108,66,42
2018-10-06,93,45,48
2018-10-06,64,30,34
2018-10-06,28,11,17
2018-10-06,20,11,9
2018-10-06,14,6,8
2018-10-06,12,10,2
2018-10-06,15,5,10
2018-10-07,10,10,0
2018-10-07,4,3,1
2018-10-07,4,2,2
2018-10-07,2,1,1
2018-10-07,2,1,1
2018-10-07,6,2,4
2018-10-07,9,5,4
2018-10-07,25,9,16
2018-10-07,19,9,10
2018-10-07,20,7,13
2018-10-07,31,11,20
2018-10-07,39,23,16
2018-10-07,43,24,19
2018-10-07,38,15,23
2018-10-07,35,20,15
2018-10-07,33,20,13
2018-10-07,33,21,12
2018-10-07,35,25,10
2018-10-07,36,18,18
2018-10-07,13,10,3
2018-10-07,16,8,8
2018-10-07,3,3,0
2018-10-07,5,2,3
2018-10-07,5,3,2
2018-10-08,5,4,1
2018-10-08,0,0,0
2018-10-08,2,1,1
2018-10-08,2,1,1
2018-10-08,6,3,3
2018-10-08,18,3,15
2018-10-08,50,11,39
2018-10-08,145,13,132
2018-10-08,281,27,254
2018-10-08,173,22,151
2018-10-08,63,15,48
2018-10-08,19,9,10
2018-10-08,25,9,16
2018-10-08,17,11,6
2018-10-08,41,24,17
2018-10-08,44,27,17
2018-10-08,146,129,17
2018-10-08,281,251,30
2018-10-08,183,161,22
2018-10-08,70,60,10
2018-10-08,23,20,3
2018-10-08,21,19,2
2018-10-08,12,11,1
2018-10-08,6,4,2
2018-10-09,7,3,4
2018-10-09,2,2,0
2018-10-09,0,0,0
2018-10-09,1,1,0
2018-10-09,5,1,4
2018-10-09,25,7,18
2018-10-09,72,10,62
2018-10-09,173,15,158
2018-10-09,315,24,291
2018-10-09,201,30,171
2018-10-09,79,14,65
2018-10-09,43,15,28
2018-10-09,39,20,19
2018-10-09,39,19,20
2018-10-09,68,49,19
2018-10-09,73,59,14
2018-10-09,214,188,26
2018-10-09,359,320,39
2018-10-09,262,220,42
2018-10-09,101,77,24
2018-10-09,52,32,20
2018-10-09,26,18,8
2018-10-09,16,12,4
2018-10-09,14,10,4
2018-10-10,5,3,2
2018-10-10,1,1,0
2018-10-10,3,2,1
2018-10-10,1,1,0
2018-10-10,9,6,3
2018-10-10,27,8,19
2018-10-10,79,13,66
2018-10-10,243,30,213
2018-10-10,373,38,335
2018-10-10,199,28,171
2018-10-10,86,24,62
2018-10-10,54,22,32
2018-10-10,57,21,36
2018-10-10,52,30,22
2018-10-10,66,36,30
2018-10-10,107,74,33
2018-10-10,244,191,53
2018-10-10,470,406,64
2018-10-10,279,231,48
2018-10-10,108,80,28
2018-10-10,55,43,12
2018-10-10,41,32,9
2018-10-10,18,10,8
2018-10-10,18,10,8
2018-10-11,6,6,0
2018-10-11,2,2,0
2018-10-11,1,1,0
2018-10-11,2,2,0
2018-10-11,7,3,4
2018-10-11,24,9,15
2018-10-11,61,12,49
2018-10-11,226,29,197
2018-10-11,366,31,335
2018-10-11,204,36,168
2018-10-11,71,9,62
2018-10-11,41,12,29
2018-10-11,44,20,24
2018-10-11,50,27,23
2018-10-11,66,38,28
2018-10-11,106,67,39
2018-10-11,281,229,52
2018-10-11,379,321,58
2018-10-11,274,229,45
2018-10-11,113,86,27
2018-10-11,60,43,17
2018-10-11,51,40,11
2018-10-11,36,27,9
2018-10-11,11,10,1
2018-10-12,7,5,2
2018-10-12,1,1,0
2018-10-12,1,0,1
2018-10-12,2,2,0
2018-10-12,6,6,0
2018-10-12,20,2,18
2018-10-12,51,12,39
2018-10-12,167,20,147
2018-10-12,310,26,284
2018-10-12,206,33,173
2018-10-12,93,16,77
2018-10-12,72,32,40
2018-10-12,97,50,47
2018-10-12,79,38,41
2018-10-12,81,53,28
2018-10-12,158,105,53
2018-10-12,260,206,54
2018-10-12,373,307,66
2018-10-12,211,146,65
2018-10-12,86,49,37
2018-10-12,50,42,8
2018-10-12,38,30,8
2018-10-12,35,32,3
2018-10-12,22,17,5
2018-10-13,17,14,3
2018-10-13,10,7,3
2018-10-13,4,2,2
2018-10-13,1,1,0
2018-10-13,7,3,4
2018-10-13,3,2,1
2018-10-13,17,7,10
2018-10-13,17,4,13
2018-10-13,35,13,22
2018-10-13,33,9,24
2018-10-13,48,29,19
2018-10-13,63,33,30
2018-10-13,84,47,37
2018-10-13,80,40,40
2018-10-13,107,45,62
2018-10-13,107,59,48
2018-10-13,110,48,62
2018-10-13,78,37,41
2018-10-13,86,33,53
2018-10-13,68,39,29
2018-10-13,38,19,19
2018-10-13,30,23,7
2018-10-13,16,13,3
2018-10-13,15,11,4
2018-10-14,5,2,3
2018-10-14,5,3,2
2018-10-14,4,3,1
2018-10-14,0,0,0
2018-10-14,6,3,3
2018-10-14,3,1,2
2018-10-14,3,2,1
2018-10-14,13,7,6
2018-10-14,21,7,14
2018-10-14,38,12,26
2018-10-14,59,28,31
2018-10-14,87,46,41
2018-10-14,89,46,43
2018-10-14,120,64,56
2018-10-14,116,70,46
2018-10-14,170,87,83
2018-10-14,120,49,71
2018-10-14,100,40,60
2018-10-14,89,33,56
2018-10-14,56,18,38
2018-10-14,46,34,12
2018-10-14,20,11,9
2018-10-14,21,16,5
2018-10-14,11,9,2
2018-10-15,5,4,1
2018-10-15,3,3,0
2018-10-15,0,0,0
2018-10-15,1,1,0
2018-10-15,12,7,5
2018-10-15,22,8,14
2018-10-15,80,18,62
2018-10-15,223,31,192
2018-10-15,426,39,387
2018-10-15,244,31,213
2018-10-15,80,14,66
2018-10-15,62,26,36
2018-10-15,53,22,31
2018-10-15,53,27,26
2018-10-15,74,42,32
2018-10-15,113,85,28
2018-10-15,272,230,42
2018-10-15,472,404,68
2018-10-15,292,245,47
2018-10-15,95,77,18
2018-10-15,45,33,12
2018-10-15,29,21,8
2018-10-15,16,10,6
2018-10-15,9,6,3
2018-10-16,6,5,1
2018-10-16,2,1,1
2018-10-16,1,1,0
2018-10-16,0,0,0
2018-10-16,9,1,8
2018-10-16,30,8,22
2018-10-16,81,16,65
2018-10-16,259,34,225
2018-10-16,425,34,391
2018-10-16,243,28,215
2018-10-16,82,13,69
2018-10-16,56,22,34
2018-10-16,50,27,23
2018-10-16,55,25,30
2018-10-16,101,62,39
2018-10-16,148,103,45
2018-10-16,259,215,44
2018-10-16,505,442,63
2018-10-16,312,251,61
2018-10-16,93,76,17
2018-10-16,55,37,18
2018-10-16,54,30,24
2018-10-16,24,17,7
2018-10-16,12,8,4
2018-10-17,7,7,0
2018-10-17,6,5,1
2018-10-17,1,1,0
2018-10-17,2,0,2
2018-10-17,10,1,9
2018-10-17,30,9,21
2018-10-17,84,13,71
2018-10-17,253,39,214
2018-10-17,392,36,356
2018-10-17,235,36,199
2018-10-17,95,25,70
2018-10-17,54,14,40
2018-10-17,69,31,38
2018-10-17,74,37,37
2018-10-17,79,44,35
2018-10-17,127,87,40
2018-10-17,274,208,66
2018-10-17,492,419,73
2018-10-17,301,260,41
2018-10-17,131,82,49
2018-10-17,50,33,17
2018-10-17,40,31,9
2018-10-17,21,14,7
2018-10-17,17,11,6
2018-10-18,4,3,1
2018-10-18,4,3,1
2018-10-18,1,0,1
2018-10-18,2,2,0
2018-10-18,6,2,4
2018-10-18,24,6,18
2018-10-18,60,6,54
2018-10-18,244,34,210
2018-10-18,408,35,373
2018-10-18,216,37,179
2018-10-18,86,18,68
2018-10-18,73,32,41
2018-10-18,60,37,23
2018-10-18,73,36,37
2018-10-18,73,45,28
2018-10-18,125,82,43
2018-10-18,261,218,43
2018-10-18,444,392,52
2018-10-18,276,225,51
2018-10-18,93,73,20
2018-10-18,56,42,14
2018-10-18,43,31,12
2018-10-18,25,17,8
2018-10-18,20,16,4
2018-10-19,7,4,3
2018-10-19,2,1,1
2018-10-19,1,0,1
2018-10-19,3,2,1
2018-10-19,5,1,4
2018-10-19,23,7,16
2018-10-19,55,6,49
2018-10-19,165,20,145
2018-10-19,351,35,316
2018-10-19,202,23,179
2018-10-19,88,28,60
2018-10-19,62,17,45
2018-10-19,48,21,27
2018-10-19,51,24,27
2018-10-19,61,38,23
2018-10-19,124,87,37
2018-10-19,263,212,51
2018-10-19,365,308,57
2018-10-19,202,171,31
2018-10-19,85,68,17
2018-10-19,34,20,14
2018-10-19,26,18,8
2018-10-19,20,15,5
2018-10-19,8,3,5
2018-10-20,7,4,3
2018-10-20,8,5,3
2018-10-20,6,2,4
2018-10-20,1,0,1
2018-10-20,3,2,1
2018-10-20,4,1,3
2018-10-20,6,3,3
2018-10-20,20,8,12
2018-10-20,32,14,18
2018-10-20,34,17,17
2018-10-20,50,24,26
2018-10-20,66,24,42
2018-10-20,53,25,28
2018-10-20,54,33,21
2018-10-20,88,50,38
2018-10-20,96,58,38
2018-10-20,92,42,50
2018-10-20,83,39,44
2018-10-20,48,17,31
2018-10-20,42,20,22
2018-10-20,24,16,8
2018-10-20,25,12,13
2018-10-20,15,12,3
2018-10-20,15,9,6
2018-10-21,11,8,3
2018-10-21,3,2,1
2018-10-21,5,5,0
2018-10-21,0,0,0
2018-10-21,4,3,1
2018-10-21,3,2,1
2018-10-21,6,1,5
2018-10-21,9,4,5
2018-10-21,26,11,15
2018-10-21,38,15,23
2018-10-21,36,15,21
2018-10-21,44,23,21
2018-10-21,40,25,15
2018-10-21,60,33,27
2018-10-21,76,48,28
2018-10-21,74,35,39
2018-10-21,89,45,44
2018-10-21,87,42,45
2018-10-21,45,18,27
2018-10-21,18,7,11
2018-10-21,12,8,4
2018-10-21,9,6,3
2018-10-21,12,7,5
2018-10-21,10,9,1
2018-10-22,4,3,1
2018-10-22,3,3,0
2018-10-22,0,0,0
2018-10-22,2,1,1
2018-10-22,5,2,3
2018-10-22,19,5,14
2018-10-22,81,15,66
2018-10-22,174,23,151
2018-10-22,385,33,352
2018-10-22,211,28,183
2018-10-22,73,16,57
2018-10-22,43,13,30
2018-10-22,42,21,21
2018-10-22,46,29,17
2018-10-22,67,40,27
2018-10-22,94,70,24
2018-10-22,215,173,42
2018-10-22,406,356,50
2018-10-22,226,194,32
2018-10-22,98,81,17
2018-10-22,36,24,12
2018-10-22,21,18,3
2018-10-22,14,12,2
2018-10-22,10,6,4
2018-10-23,2,2,0
2018-10-23,6,3,3
2018-10-23,1,1,0
2018-10-23,1,1,0
2018-10-23,4,2,2
2018-10-23,22,6,16
2018-10-23,79,16,63
2018-10-23,225,31,194
2018-10-23,373,34,339
2018-10-23,206,29,177
2018-10-23,62,10,52
2018-10-23,41,11,30
2018-10-23,45,21,24
2018-10-23,63,31,32
2018-10-23,56,35,21
2018-10-23,88,63,25
2018-10-23,227,175,52
2018-10-23,389,353,36
2018-10-23,206,175,31
2018-10-23,82,66,16
2018-10-23,43,34,9
2018-10-23,29,20,9
2018-10-23,19,14,5
2018-10-23,7,5,2
2018-10-24,2,2,0
2018-10-24,4,3,1
2018-10-24,0,0,0
2018-10-24,1,0,1
2018-10-24,8,4,4
2018-10-24,20,6,14
2018-10-24,80,15,65
2018-10-24,210,22,188
2018-10-24,350,32,318
2018-10-24,201,33,168
2018-10-24,81,12,69
2018-10-24,47,17,30
2018-10-24,48,20,28
2018-10-24,49,29,20
2018-10-24,62,38,24
2018-10-24,92,64,28
2018-10-24,242,192,50
2018-10-24,407,349,58
2018-10-24,216,178,38
2018-10-24,95,76,19
2018-10-24,55,42,13
2018-10-24,56,39,17
2018-10-24,10,5,5
2018-10-24,22,10,12
2018-10-25,1,0,1
2018-10-25,2,2,0
2018-10-25,1,1,0
2018-10-25,2,1,1
2018-10-25,4,1,3
2018-10-25,21,5,16
2018-10-25,49,9,40
2018-10-25,175,17,158
2018-10-25,257,27,230
2018-10-25,140,16,124
2018-10-25,57,11,46
2018-10-25,23,8,15
2018-10-25,25,12,13
2018-10-25,24,10,14
2018-10-25,33,25,8
2018-10-25,61,44,17
2018-10-25,153,127,26
2018-10-25,265,233,32
2018-10-25,154,138,16
2018-10-25,66,53,13
2018-10-25,38,22,16
2018-10-25,36,30,6
2018-10-25,14,12,2
2018-10-25,10,5,5
2018-10-26,1,1,0
2018-10-26,0,0,0
2018-10-26,1,1,0
2018-10-26,0,0,0
2018-10-26,4,3,1
2018-10-26,13,5,8
2018-10-26,49,9,40
2018-10-26,139,15,124
2018-10-26,279,30,249
2018-10-26,140,15,125
2018-10-26,64,14,50
2018-10-26,34,11,23
2018-10-26,37,21,16
2018-10-26,72,37,35
2018-10-26,55,41,14
2018-10-26,79,47,32
2018-10-26,187,160,27
2018-10-26,275,243,32
2018-10-26,132,108,24
2018-10-26,61,44,17
2018-10-26,33,23,10
2018-10-26,29,15,14
2018-10-26,29,14,15
2018-10-26,14,8,6
2018-10-27,17,10,7
2018-10-27,4,4,0
2018-10-27,4,1,3
2018-10-27,2,1,1
2018-10-27,3,1,2
2018-10-27,10,5,5
2018-10-27,5,2,3
2018-10-27,20,6,14
2018-10-27,22,10,12
2018-10-27,42,23,19
2018-10-27,46,22,24
2018-10-27,57,33,24
2018-10-27,53,31,22
2018-10-27,65,32,33
2018-10-27,81,47,34
2018-10-27,54,29,25
2018-10-27,59,27,32
2018-10-27,25,13,12
2018-10-27,13,6,7
2018-10-27,5,2,3
2018-10-27,2,0,2
2018-10-27,5,3,2
2018-10-27,3,3,0
2018-10-27,6,3,3
2018-10-28,7,1,6
2018-10-28,2,0,2
2018-10-28,0,0,0
2018-10-28,3,2,1
2018-10-28,2,2,0
2018-10-28,2,1,1
2018-10-28,3,2,1
2018-10-28,2,1,1
2018-10-28,20,10,10
2018-10-28,27,16,11
2018-10-28,25,13,12
2018-10-28,38,19,19
2018-10-28,41,23,18
2018-10-28,45,23,22
2018-10-28,53,28,25
2018-10-28,31,19,12
2018-10-28,37,21,16
2018-10-28,16,10,6
2018-10-28,7,4,3
2018-10-28,7,3,4
2018-10-28,8,3,5
2018-10-28,11,7,4
2018-10-28,7,3,4
2018-10-28,6,5,1
2018-10-29,4,4,0
2018-10-29,0,0,0
2018-10-29,1,1,0
2018-10-29,1,1,0
2018-10-29,8,5,3
2018-10-29,22,4,18
2018-10-29,61,14,47
2018-10-29,172,27,145
2018-10-29,344,27,317
2018-10-29,184,28,156
2018-10-29,80,20,60
2018-10-29,32,12,20
2018-10-29,41,29,12
2018-10-29,33,21,12
2018-10-29,34,26,8
2018-10-29,72,56,16
2018-10-29,184,162,22
2018-10-29,330,288,42
2018-10-29,193,168,25
2018-10-29,88,74,14
2018-10-29,33,23,10
2018-10-29,18,18,0
2018-10-29,11,7,4
2018-10-29,13,9,4
2018-10-30,9,3,6
2018-10-30,5,3,2
2018-10-30,0,0,0
2018-10-30,0,0,0
2018-10-30,6,2,4
2018-10-30,25,9,16
2018-10-30,68,9,59
2018-10-30,210,38,172
2018-10-30,374,26,348
2018-10-30,208,33,175
2018-10-30,64,11,53
2018-10-30,31,11,20
2018-10-30,40,16,24
2018-10-30,49,29,20
2018-10-30,47,30,17
2018-10-30,103,75,28
2018-10-30,191,156,35
2018-10-30,362,322,40
2018-10-30,238,201,37
2018-10-30,76,67,9
2018-10-30,54,41,13
2018-10-30,28,21,7
2018-10-30,18,12,6
2018-10-30,7,5,2
2018-10-31,2,2,0
2018-10-31,1,1,0
2018-10-31,0,0,0
2018-10-31,0,0,0
2018-10-31,6,3,3
2018-10-31,25,6,19
2018-10-31,58,10,48
2018-10-31,187,22,165
2018-10-31,313,26,287
2018-10-31,167,26,141
2018-10-31,69,11,58
2018-10-31,39,12,27
2018-10-31,51,27,24
2018-10-31,43,24,19
2018-10-31,58,44,14
2018-10-31,96,75,21
2018-10-31,229,202,27
2018-10-31,287,242,45
2018-10-31,150,125,25
2018-10-31,61,52,9
2018-10-31,32,19,13
2018-10-31,26,19,7
2018-10-31,12,5,7
2018-10-31,13,10,3
2018-11-01,6,3,3
2018-11-01,1,1,0
2018-11-01,4,2,2
2018-11-01,0,0,0
2018-11-01,6,3,3
2018-11-01,19,8,11
2018-11-01,48,7,41
2018-11-01,174,18,156
2018-11-01,324,29,295
2018-11-01,180,23,157
2018-11-01,64,14,50
2018-11-01,36,14,22
2018-11-01,40,10,30
2018-11-01,31,17,14
2018-11-01,54,36,18
2018-11-01,75,53,22
2018-11-01,181,151,30
2018-11-01,349,310,39
2018-11-01,222,185,37
2018-11-01,89,70,19
2018-11-01,51,38,13
2018-11-01,29,21,8
2018-11-01,20,16,4
2018-11-01,7,5,2
2018-11-02,2,2,0
2018-11-02,2,1,1
2018-11-02,1,1,0
2018-11-02,0,0,0
2018-11-02,6,2,4
2018-11-02,17,5,12
2018-11-02,45,9,36
2018-11-02,159,22,137
2018-11-02,303,26,277
2018-11-02,156,18,138
2018-11-02,50,15,35
2018-11-02,32,13,19
2018-11-02,45,26,19
2018-11-02,49,28,21
2018-11-02,69,49,20
2018-11-02,94,64,30
2018-11-02,189,151,38
2018-11-02,322,280,42
2018-11-02,162,128,34
2018-11-02,55,42,13
2018-11-02,30,17,13
2018-11-02,21,16,5
2018-11-02,15,8,7
2018-11-02,13,11,2
2018-11-03,14,12,2
2018-11-03,8,7,1
2018-11-03,5,0,5
2018-11-03,2,0,2
2018-11-03,6,4,2
2018-11-03,4,2,2
2018-11-03,12,8,4
2018-11-03,14,6,8
2018-11-03,23,8,15
2018-11-03,25,14,11
2018-11-03,20,11,9
2018-11-03,40,19,21
2018-11-03,40,14,26
2018-11-03,26,12,14
2018-11-03,18,11,7
2018-11-03,30,25,5
2018-11-03,21,13,8
2018-11-03,31,19,12
2018-11-03,14,11,3
2018-11-03,15,7,8
2018-11-03,13,6,7
2018-11-03,10,5,5
2018-11-03,8,6,2
2018-11-03,3,2,1
2018-11-04,1,1,0
2018-11-04,9,5,4
2018-11-04,0,0,0
2018-11-04,1,0,1
2018-11-04,4,1,3
2018-11-04,4,1,3
2018-11-04,4,1,3
2018-11-04,13,7,6
2018-11-04,35,18,17
2018-11-04,41,15,26
2018-11-04,60,28,32
2018-11-04,63,32,31
2018-11-04,70,40,30
2018-11-04,68,34,34
2018-11-04,93,47,46
2018-11-04,72,37,35
2018-11-04,81,32,49
2018-11-04,57,26,31
2018-11-04,26,13,13
2018-11-04,19,16,3
2018-11-04,13,6,7
2018-11-04,8,5,3
2018-11-04,11,8,3
2018-11-04,5,5,0
2018-11-05,3,2,1
2018-11-05,1,1,0
2018-11-05,0,0,0
2018-11-05,1,1,0
2018-11-05,9,1,8
2018-11-05,22,4,18
2018-11-05,61,12,49
2018-11-05,213,22,191
2018-11-05,341,28,313
2018-11-05,182,30,152
2018-11-05,68,26,42
2018-11-05,32,12,20
2018-11-05,52,24,28
2018-11-05,44,25,19
2018-11-05,55,37,18
2018-11-05,83,62,21
2018-11-05,206,175,31
2018-11-05,342,305,37
2018-11-05,213,190,23
2018-11-05,66,52,14
2018-11-05,35,27,8
2018-11-05,15,11,4
2018-11-05,11,6,5
2018-11-05,6,5,1
2018-11-06,3,2,1
2018-11-06,1,1,0
2018-11-06,1,1,0
2018-11-06,1,1,0
2018-11-06,6,2,4
2018-11-06,21,4,17
2018-11-06,79,9,70
2018-11-06,267,30,237
2018-11-06,360,28,332
2018-11-06,159,23,136
2018-11-06,70,20,50
2018-11-06,39,16,23
2018-11-06,43,21,22
2018-11-06,56,29,27
2018-11-06,67,43,24
2018-11-06,83,57,26
2018-11-06,211,181,30
2018-11-06,394,352,42
2018-11-06,221,192,29
2018-11-06,66,52,14
2018-11-06,41,30,11
2018-11-06,37,22,15
2018-11-06,21,13,8
2018-11-06,10,6,4
2018-11-07,1,1,0
2018-11-07,1,1,0
2018-11-07,0,0,0
2018-11-07,0,0,0
2018-11-07,4,3,1
2018-11-07,28,7,21
2018-11-07,62,10,52
2018-11-07,226,35,191
2018-11-07,370,37,333
2018-11-07,206,31,175
2018-11-07,65,24,41
2018-11-07,47,19,28
2018-11-07,49,24,25
2018-11-07,62,39,23
2018-11-07,73,46,27
2018-11-07,82,58,24
2018-11-07,236,194,42
2018-11-07,345,298,47
2018-11-07,214,185,29
2018-11-07,72,56,16
2018-11-07,51,41,10
2018-11-07,28,23,5
2018-11-07,20,13,7
2018-11-07,13,11,2
2018-11-08,0,0,0
2018-11-08,5,5,0
2018-11-08,0,0,0
2018-11-08,1,0,1
2018-11-08,4,2,2
2018-11-08,27,7,20
2018-11-08,56,15,41
2018-11-08,190,27,163
2018-11-08,315,31,284
2018-11-08,187,29,158
2018-11-08,79,24,55
2018-11-08,61,22,39
2018-11-08,38,13,25
2018-11-08,60,35,25
2018-11-08,75,41,34
2018-11-08,98,64,34
2018-11-08,220,167,53
2018-11-08,322,281,41
2018-11-08,205,163,42
2018-11-08,67,58,9
2018-11-08,50,39,11
2018-11-08,38,28,10
2018-11-08,18,14,4
2018-11-08,22,20,2
2018-11-09,9,6,3
2018-11-09,3,3,0
2018-11-09,0,0,0
2018-11-09,1,0,1
2018-11-09,10,7,3
2018-11-09,13,4,9
2018-11-09,44,13,31
2018-11-09,169,19,150
2018-11-09,267,21,246
2018-11-09,141,28,113
2018-11-09,52,11,41
2018-11-09,21,6,15
2018-11-09,30,17,13
2018-11-09,50,34,16
2018-11-09,45,33,12
2018-11-09,80,53,27
2018-11-09,174,144,30
2018-11-09,232,203,29
2018-11-09,160,142,18
2018-11-09,58,42,16
2018-11-09,27,18,9
2018-11-09,18,14,4
2018-11-09,15,13,2
2018-11-09,15,9,6
2018-11-10,3,3,0
2018-11-10,6,3,3
2018-11-10,3,3,0
2018-11-10,1,1,0
2018-11-10,1,0,1
2018-11-10,6,2,4
2018-11-10,4,2,2
2018-11-10,14,8,6
2018-11-10,26,10,16
2018-11-10,30,13,17
2018-11-10,36,18,18
2018-11-10,50,22,28
2018-11-10,67,38,29
2018-11-10,71,35,36
2018-11-10,77,52,25
2018-11-10,84,37,47
2018-11-10,63,33,30
2018-11-10,41,29,12
2018-11-10,33,18,15
2018-11-10,13,7,6
2018-11-10,8,6,2
2018-11-10,20,17,3
2018-11-10,6,5,1
2018-11-10,10,6,4
2018-11-11,7,4,3
2018-11-11,3,2,1
2018-11-11,3,3,0
2018-11-11,0,0,0
2018-11-11,2,1,1
2018-11-11,3,0,3
2018-11-11,8,4,4
2018-11-11,10,7,3
2018-11-11,25,16,9
2018-11-11,33,12,21
2018-11-11,47,19,28
2018-11-11,80,48,32
2018-11-11,91,47,44
2018-11-11,88,58,30
2018-11-11,79,43,36
2018-11-11,71,35,36
2018-11-11,52,22,30
2018-11-11,22,12,10
2018-11-11,27,16,11
2018-11-11,13,7,6
2018-11-11,13,10,3
2018-11-11,6,1,5
2018-11-11,7,4,3
2018-11-11,9,7,2
2018-11-12,1,1,0
2018-11-12,1,0,1
2018-11-12,0,0,0
2018-11-12,0,0,0
2018-11-12,6,4,2
2018-11-12,26,4,22
2018-11-12,43,11,32
2018-11-12,157,23,134
2018-11-12,272,23,249
2018-11-12,170,32,138
2018-11-12,72,18,54
2018-11-12,57,21,36
2018-11-12,44,22,22
2018-11-12,57,35,22
2018-11-12,78,36,42
2018-11-12,105,70,35
2018-11-12,189,157,32
2018-11-12,282,244,38
2018-11-12,191,164,27
2018-11-12,59,49,10
2018-11-12,29,23,6
2018-11-12,20,16,4
2018-11-12,13,8,5
2018-11-12,8,4,4
2018-11-13,2,2,0
2018-11-13,1,1,0
2018-11-13,0,0,0
2018-11-13,2,0,2
2018-11-13,5,3,2
2018-11-13,23,6,17
2018-11-13,81,14,67
2018-11-13,215,27,188
2018-11-13,377,39,338
2018-11-13,196,32,164
2018-11-13,86,21,65
2018-11-13,44,18,26
2018-11-13,43,25,18
2018-11-13,54,29,25
2018-11-13,61,39,22
2018-11-13,100,67,33
2018-11-13,226,193,33
2018-11-13,372,325,47
2018-11-13,232,196,36
2018-11-13,98,80,18
2018-11-13,54,44,10
2018-11-13,24,20,4
2018-11-13,13,10,3
2018-11-13,10,9,1
2018-11-14,4,4,0
2018-11-14,0,0,0
2018-11-14,0,0,0
2018-11-14,3,2,1
2018-11-14,9,6,3
2018-11-14,19,5,14
2018-11-14,60,12,48
2018-11-14,182,27,155
2018-11-14,261,29,232
2018-11-14,170,25,145
2018-11-14,53,16,37
2018-11-14,22,8,14
2018-11-14,27,15,12
2018-11-14,36,21,15
2018-11-14,41,29,12
2018-11-14,88,58,30
2018-11-14,161,143,18
2018-11-14,273,238,35
2018-11-14,204,178,26
2018-11-14,66,56,10
2018-11-14,36,21,15
2018-11-14,36,21,15
2018-11-14,10,6,4
2018-11-14,6,3,3
2018-11-15,1,1,0
2018-11-15,3,3,0
2018-11-15,3,3,0
2018-11-15,0,0,0
2018-11-15,5,4,1
2018-11-15,25,9,16
2018-11-15,57,10,47
2018-11-15,202,22,180
2018-11-15,319,28,291
2018-11-15,156,25,131
2018-11-15,73,10,63
2018-11-15,50,20,30
2018-11-15,48,23,25
2018-11-15,42,28,14
2018-11-15,69,40,29
2018-11-15,94,66,28
2018-11-15,214,172,42
2018-11-15,312,263,49
2018-11-15,203,174,29
2018-11-15,83,66,17
2018-11-15,71,51,20
2018-11-15,41,33,8
2018-11-15,26,24,2
2018-11-15,11,7,4
2018-11-16,5,5,0
2018-11-16,6,3,3
2018-11-16,2,2,0
2018-11-16,0,0,0
2018-11-16,7,6,1
2018-11-16,18,3,15
2018-11-16,51,8,43
2018-11-16,167,22,145
2018-11-16,305,40,265
2018-11-16,164,21,143
2018-11-16,65,16,49
2018-11-16,44,9,35
2018-11-16,47,22,25
2018-11-16,62,32,30
2018-11-16,68,46,22
2018-11-16,111,86,25
2018-11-16,214,183,31
2018-11-16,280,241,39
2018-11-16,147,125,22
2018-11-16,65,49,16
2018-11-16,37,32,5
2018-11-16,29,20,9
2018-11-16,21,18,3
2018-11-16,14,13,1
2018-11-17,16,14,2
2018-11-17,12,8,4
2018-11-17,2,0,2
2018-11-17,3,3,0
2018-11-17,2,1,1
2018-11-17,3,0,3
2018-11-17,9,6,3
2018-11-17,17,6,11
2018-11-17,36,18,18
2018-11-17,47,15,32
2018-11-17,63,25,38
2018-11-17,91,61,30
2018-11-17,78,40,38
2018-11-17,105,59,46
2018-11-17,104,64,40
2018-11-17,76,38,38
2018-11-17,93,51,42
2018-11-17,55,29,26
2018-11-17,37,17,20
2018-11-17,17,7,10
2018-11-17,23,18,5
2018-11-17,13,11,2
2018-11-17,10,6,4
2018-11-17,6,6,0
2018-11-18,11,6,5
2018-11-18,5,3,2
2018-11-18,2,2,0
2018-11-18,1,1,0
2018-11-18,4,3,1
2018-11-18,4,0,4
2018-11-18,6,4,2
2018-11-18,10,4,6
2018-11-18,31,24,7
2018-11-18,43,29,14
2018-11-18,68,35,33
2018-11-18,92,51,41
2018-11-18,80,43,37
2018-11-18,109,60,49
2018-11-18,107,69,38
2018-11-18,93,51,42
2018-11-18,77,33,44
2018-11-18,32,16,16
2018-11-18,24,10,14
2018-11-18,10,6,4
2018-11-18,19,11,8
2018-11-18,5,4,1
2018-11-18,6,4,2
2018-11-18,3,3,0
2018-11-19,3,2,1
2018-11-19,0,0,0
2018-11-19,1,1,0
2018-11-19,0,0,0
2018-11-19,3,2,1
2018-11-19,23,7,16
2018-11-19,61,9,52
2018-11-19,202,26,176
2018-11-19,326,35,291
2018-11-19,197,28,169
2018-11-19,89,15,74
2018-11-19,56,21,35
2018-11-19,43,23,20
2018-11-19,64,28,36
2018-11-19,65,41,24
2018-11-19,86,62,24
2018-11-19,249,188,61
2018-11-19,328,288,40
2018-11-19,184,156,28
2018-11-19,85,70,15
2018-11-19,55,42,13
2018-11-19,27,22,5
2018-11-19,11,10,1
2018-11-19,7,5,2
2018-11-20,3,1,2
2018-11-20,1,0,1
2018-11-20,2,1,1
2018-11-20,1,1,0
2018-11-20,3,1,2
2018-11-20,16,4,12
2018-11-20,67,8,59
2018-11-20,179,21,158
2018-11-20,283,26,257
2018-11-20,176,22,154
2018-11-20,73,18,55
2018-11-20,51,26,25
2018-11-20,42,20,22
2018-11-20,41,26,15
2018-11-20,61,40,21
2018-11-20,96,71,25
2018-11-20,208,182,26
2018-11-20,312,277,35
2018-11-20,173,152,21
2018-11-20,72,54,18
2018-11-20,42,26,16
2018-11-20,19,16,3
2018-11-20,8,4,4
2018-11-20,19,16,3
2018-11-21,3,3,0
2018-11-21,0,0,0
2018-11-21,3,2,1
2018-11-21,0,0,0
2018-11-21,4,2,2
2018-11-21,16,3,13
2018-11-21,45,8,37
2018-11-21,109,16,93
2018-11-21,197,16,181
2018-11-21,82,13,69
2018-11-21,45,9,36
2018-11-21,29,10,19
2018-11-21,25,17,8
2018-11-21,51,36,15
2018-11-21,74,60,14
2018-11-21,85,69,16
2018-11-21,130,112,18
2018-11-21,159,135,24
2018-11-21,73,58,15
2018-11-21,30,24,6
2018-11-21,13,6,7
2018-11-21,11,7,4
2018-11-21,5,5,0
2018-11-21,2,2,0
2018-11-22,2,1,1
2018-11-22,0,0,0
2018-11-22,0,0,0
2018-11-22,0,0,0
2018-11-22,2,2,0
2018-11-22,2,2,0
2018-11-22,4,2,2
2018-11-22,6,3,3
2018-11-22,13,6,7
2018-11-22,23,15,8
2018-11-22,34,24,10
2018-11-22,27,14,13
2018-11-22,39,18,21
2018-11-22,16,9,7
2018-11-22,8,4,4
2018-11-22,4,2,2
2018-11-22,0,0,0
2018-11-22,2,2,0
2018-11-22,5,0,5
2018-11-22,3,2,1
2018-11-22,0,0,0
2018-11-22,3,2,1
2018-11-22,7,7,0
2018-11-22,0,0,0
2018-11-23,2,2,0
2018-11-23,0,0,0
2018-11-23,0,0,0
2018-11-23,0,0,0
2018-11-23,2,1,1
2018-11-23,6,2,4
2018-11-23,7,2,5
2018-11-23,17,3,14
2018-11-23,25,4,21
2018-11-23,24,2,22
2018-11-23,17,6,11
2018-11-23,38,18,20
2018-11-23,30,13,17
2018-11-23,32,16,16
2018-11-23,20,16,4
2018-11-23,26,17,9
2018-11-23,32,24,8
2018-11-23,30,23,7
2018-11-23,20,15,5
2018-11-23,19,14,5
2018-11-23,12,9,3
2018-11-23,8,7,1
2018-11-23,7,4,3
2018-11-23,3,2,1
2018-11-24,2,2,0
2018-11-24,3,2,1
2018-11-24,2,0,2
2018-11-24,1,1,0
2018-11-24,2,1,1
2018-11-24,1,0,1
2018-11-24,4,2,2
2018-11-24,11,4,7
2018-11-24,21,12,9
2018-11-24,31,15,16
2018-11-24,30,14,16
2018-11-24,55,34,21
2018-11-24,70,38,32
2018-11-24,78,40,38
2018-11-24,72,36,36
2018-11-24,68,41,27
2018-11-24,52,27,25
2018-11-24,22,19,3
2018-11-24,23,11,12
2018-11-24,21,14,7
2018-11-24,8,3,5
2018-11-24,7,6,1
2018-11-24,9,7,2
2018-11-24,8,8,0
2018-11-25,6,3,3
2018-11-25,3,2,1
2018-11-25,0,0,0
2018-11-25,1,0,1
2018-11-25,3,1,2
2018-11-25,1,0,1
2018-11-25,7,0,7
2018-11-25,8,4,4
2018-11-25,35,24,11
2018-11-25,50,13,37
2018-11-25,68,28,40
2018-11-25,63,35,28
2018-11-25,54,34,20
2018-11-25,64,35,29
2018-11-25,44,17,27
2018-11-25,53,30,23
2018-11-25,49,20,29
2018-11-25,23,15,8
2018-11-25,15,6,9
2018-11-25,16,12,4
2018-11-25,8,7,1
2018-11-25,3,2,1
2018-11-25,4,1,3
2018-11-25,6,3,3
2018-11-26,2,2,0
2018-11-26,0,0,0
2018-11-26,2,0,2
2018-11-26,1,0,1
2018-11-26,7,3,4
2018-11-26,25,7,18
2018-11-26,44,6,38
2018-11-26,122,12,110
2018-11-26,236,15,221
2018-11-26,118,14,104
2018-11-26,47,10,37
2018-11-26,16,4,12
2018-11-26,12,4,8
2018-11-26,15,10,5
2018-11-26,22,17,5
2018-11-26,40,31,9
2018-11-26,112,102,10
2018-11-26,221,204,17
2018-11-26,125,115,10
2018-11-26,51,44,7
2018-11-26,25,17,8
2018-11-26,19,16,3
2018-11-26,3,2,1
2018-11-26,1,1,0
2018-11-27,4,4,0
2018-11-27,1,0,1
2018-11-27,1,1,0
2018-11-27,1,0,1
2018-11-27,4,2,2
2018-11-27,18,5,13
2018-11-27,32,4,28
2018-11-27,165,24,141
2018-11-27,301,21,280
2018-11-27,157,16,141
2018-11-27,59,10,49
2018-11-27,36,9,27
2018-11-27,36,22,14
2018-11-27,34,19,15
2018-11-27,37,26,11
2018-11-27,52,35,17
2018-11-27,151,129,22
2018-11-27,269,246,23
2018-11-27,157,141,16
2018-11-27,64,53,11
2018-11-27,35,19,16
2018-11-27,14,12,2
2018-11-27,15,12,3
2018-11-27,4,4,0
2018-11-28,1,1,0
2018-11-28,6,5,1
2018-11-28,0,0,0
2018-11-28,6,0,6
2018-11-28,5,3,2
2018-11-28,22,6,16
2018-11-28,54,10,44
2018-11-28,134,16,118
2018-11-28,251,25,226
2018-11-28,132,22,110
2018-11-28,49,8,41
2018-11-28,20,2,18
2018-11-28,27,14,13
2018-11-28,30,15,15
2018-11-28,35,24,11
2018-11-28,41,30,11
2018-11-28,139,121,18
2018-11-28,255,235,20
2018-11-28,155,140,15
2018-11-28,73,61,12
2018-11-28,24,17,7
2018-11-28,18,14,4
2018-11-28,9,6,3
2018-11-28,8,5,3
2018-11-29,4,3,1
2018-11-29,0,0,0
2018-11-29,3,2,1
2018-11-29,1,0,1
2018-11-29,4,3,1
2018-11-29,26,6,20
2018-11-29,66,7,59
2018-11-29,181,18,163
2018-11-29,319,33,286
2018-11-29,165,28,137
2018-11-29,71,15,56
2018-11-29,60,19,41
2018-11-29,59,30,29
2018-11-29,40,23,17
2018-11-29,51,36,15
2018-11-29,92,63,29
2018-11-29,184,154,30
2018-11-29,329,289,40
2018-11-29,199,181,18
2018-11-29,94,73,21
2018-11-29,48,32,16
2018-11-29,29,23,6
2018-11-29,9,5,4
2018-11-29,14,13,1
2018-11-30,3,2,1
2018-11-30,3,2,1
2018-11-30,0,0,0
2018-11-30,0,0,0
2018-11-30,8,6,2
2018-11-30,17,4,13
2018-11-30,48,13,35
2018-11-30,150,21,129
2018-11-30,282,25,257
2018-11-30,154,22,132
2018-11-30,68,15,53
2018-11-30,35,9,26
2018-11-30,39,23,16
2018-11-30,41,25,16
2018-11-30,50,35,15
2018-11-30,96,69,27
2018-11-30,193,162,31
2018-11-30,273,250,23
2018-11-30,125,107,18
2018-11-30,41,32,9
2018-11-30,18,14,4
2018-11-30,20,14,6
2018-11-30,15,12,3
2018-11-30,10,7,3
2018-12-01,6,5,1
2018-12-01,3,0,3
2018-12-01,4,0,4
2018-12-01,2,2,0
2018-12-01,1,0,1
2018-12-01,5,2,3
2018-12-01,8,4,4
2018-12-01,13,8,5
2018-12-01,18,3,15
2018-12-01,17,8,9
2018-12-01,37,17,20
2018-12-01,36,24,12
2018-12-01,30,15,15
2018-12-01,40,22,18
2018-12-01,38,24,14
2018-12-01,34,16,18
2018-12-01,26,15,11
2018-12-01,21,15,6
2018-12-01,20,10,10
2018-12-01,10,6,4
2018-12-01,14,9,5
2018-12-01,9,7,2
2018-12-01,5,3,2
2018-12-01,13,8,5
2018-12-02,1,1,0
2018-12-02,5,2,3
2018-12-02,6,2,4
2018-12-02,3,1,2
2018-12-02,0,0,0
2018-12-02,7,2,5
2018-12-02,5,2,3
2018-12-02,9,6,3
2018-12-02,18,9,9
2018-12-02,16,6,10
2018-12-02,33,18,15
2018-12-02,27,9,18
2018-12-02,23,17,6
2018-12-02,26,12,14
2018-12-02,50,26,24
2018-12-02,53,37,16
2018-12-02,41,14,27
2018-12-02,28,15,13
2018-12-02,12,7,5
2018-12-02,9,7,2
2018-12-02,11,6,5
2018-12-02,7,5,2
2018-12-02,8,6,2
2018-12-02,3,2,1
2018-12-03,0,0,0
2018-12-03,0,0,0
2018-12-03,1,1,0
2018-12-03,0,0,0
2018-12-03,6,4,2
2018-12-03,21,4,17
2018-12-03,66,13,53
2018-12-03,155,19,136
2018-12-03,337,34,303
2018-12-03,180,22,158
2018-12-03,74,10,64
2018-12-03,40,15,25
2018-12-03,39,18,21
2018-12-03,37,24,13
2018-12-03,54,32,22
2018-12-03,85,63,22
2018-12-03,170,146,24
2018-12-03,329,301,28
2018-12-03,185,168,17
2018-12-03,84,65,19
2018-12-03,36,28,8
2018-12-03,22,16,6
2018-12-03,12,8,4
2018-12-03,3,3,0
2018-12-04,1,1,0
2018-12-04,0,0,0
2018-12-04,1,1,0
2018-12-04,1,1,0
2018-12-04,5,2,3
2018-12-04,22,6,16
2018-12-04,70,10,60
2018-12-04,161,22,139
2018-12-04,287,28,259
2018-12-04,197,35,162
2018-12-04,72,13,59
2018-12-04,41,18,23
2018-12-04,35,16,19
2018-12-04,39,20,19
2018-12-04,37,22,15
2018-12-04,78,50,28
2018-12-04,193,173,20
2018-12-04,278,250,28
2018-12-04,177,152,25
2018-12-04,82,67,15
2018-12-04,36,27,9
2018-12-04,18,11,7
2018-12-04,8,7,1
2018-12-04,8,8,0
2018-12-05,0,0,0
2018-12-05,0,0,0
2018-12-05,1,1,0
2018-12-05,0,0,0
2018-12-05,3,1,2
2018-12-05,16,7,9
2018-12-05,56,8,48
2018-12-05,165,26,139
2018-12-05,264,25,239
2018-12-05,168,14,154
2018-12-05,68,18,50
2018-12-05,30,7,23
2018-12-05,36,17,19
2018-12-05,45,28,17
2018-12-05,56,30,26
2018-12-05,72,46,26
2018-12-05,156,141,15
2018-12-05,261,228,33
2018-12-05,178,151,27
2018-12-05,69,53,16
2018-12-05,40,29,11
2018-12-05,24,17,7
2018-12-05,24,19,5
2018-12-05,7,4,3
2018-12-06,2,2,0
2018-12-06,0,0,0
2018-12-06,0,0,0
2018-12-06,0,0,0
2018-12-06,3,2,1
2018-12-06,24,6,18
2018-12-06,50,6,44
2018-12-06,132,18,114
2018-12-06,266,18,248
2018-12-06,148,26,122
2018-12-06,62,19,43
2018-12-06,41,17,24
2018-12-06,27,21,6
2018-12-06,34,20,14
2018-12-06,55,36,19
2018-12-06,99,70,29
2018-12-06,168,138,30
2018-12-06,240,206,34
2018-12-06,159,134,25
2018-12-06,73,56,17
2018-12-06,45,34,11
2018-12-06,28,21,7
2018-12-06,11,10,1
2018-12-06,5,2,3
2018-12-07,4,3,1
2018-12-07,1,0,1
2018-12-07,1,1,0
2018-12-07,0,0,0
2018-12-07,5,3,2
2018-12-07,14,4,10
2018-12-07,43,7,36
2018-12-07,116,14,102
2018-12-07,244,27,217
2018-12-07,146,15,131
2018-12-07,61,15,46
2018-12-07,37,15,22
2018-12-07,39,16,23
2018-12-07,32,20,12
2018-12-07,57,40,17
2018-12-07,70,51,19
2018-12-07,190,162,28
2018-12-07,218,192,26
2018-12-07,104,87,17
2018-12-07,50,38,12
2018-12-07,21,16,5
2018-12-07,10,9,1
2018-12-07,13,11,2
2018-12-07,13,9,4
2018-12-08,6,3,3
2018-12-08,7,3,4
2018-12-08,2,0,2
2018-12-08,2,2,0
2018-12-08,3,2,1
2018-12-08,3,1,2
2018-12-08,7,4,3
2018-12-08,16,7,9
2018-12-08,23,13,10
2018-12-08,19,7,12
2018-12-08,23,11,12
2018-12-08,35,13,22
2018-12-08,36,18,18
2018-12-08,44,24,20
2018-12-08,61,32,29
2018-12-08,49,31,18
2018-12-08,43,21,22
2018-12-08,21,8,13
2018-12-08,16,9,7
2018-12-08,17,10,7
2018-12-08,4,2,2
2018-12-08,9,8,1
2018-12-08,7,6,1
2018-12-08,6,5,1
2018-12-09,7,4,3
2018-12-09,4,3,1
2018-12-09,1,0,1
2018-12-09,0,0,0
2018-12-09,2,1,1
2018-12-09,3,1,2
2018-12-09,6,2,4
2018-12-09,8,5,3
2018-12-09,19,11,8
2018-12-09,12,6,6
2018-12-09,13,6,7
2018-12-09,13,6,7
2018-12-09,9,6,3
2018-12-09,9,8,1
2018-12-09,11,5,6
2018-12-09,5,4,1
2018-12-09,9,5,4
2018-12-09,10,8,2
2018-12-09,6,3,3
2018-12-09,4,3,1
2018-12-09,7,1,6
2018-12-09,1,1,0
2018-12-09,3,2,1
2018-12-09,1,0,1
2018-12-10,2,2,0
2018-12-10,0,0,0
2018-12-10,0,0,0
2018-12-10,0,0,0
2018-12-10,6,4,2
2018-12-10,18,2,16
2018-12-10,59,7,52
2018-12-10,152,15,137
2018-12-10,272,20,252
2018-12-10,166,25,141
2018-12-10,50,9,41
2018-12-10,30,8,22
2018-12-10,28,11,17
2018-12-10,38,23,15
2018-12-10,51,34,17
2018-12-10,71,55,16
2018-12-10,183,149,34
2018-12-10,313,287,26
2018-12-10,164,150,14
2018-12-10,61,45,16
2018-12-10,31,22,9
2018-12-10,19,15,4
2018-12-10,11,10,1
2018-12-10,4,3,1
2018-12-11,4,4,0
2018-12-11,1,1,0
2018-12-11,0,0,0
2018-12-11,0,0,0
2018-12-11,6,3,3
2018-12-11,14,3,11
2018-12-11,50,9,41
2018-12-11,137,17,120
2018-12-11,219,24,195
2018-12-11,127,15,112
2018-12-11,51,11,40
2018-12-11,18,4,14
2018-12-11,12,5,7
2018-12-11,13,8,5
2018-12-11,17,14,3
2018-12-11,40,32,8
2018-12-11,143,130,13
2018-12-11,223,204,19
2018-12-11,128,108,20
2018-12-11,40,32,8
2018-12-11,30,24,6
2018-12-11,13,8,5
2018-12-11,13,10,3
2018-12-11,2,1,1
2018-12-12,5,4,1
2018-12-12,2,0,2
2018-12-12,1,1,0
2018-12-12,0,0,0
2018-12-12,8,4,4
2018-12-12,19,7,12
2018-12-12,54,6,48
2018-12-12,177,24,153
2018-12-12,259,27,232
2018-12-12,129,23,106
2018-12-12,58,11,47
2018-12-12,37,13,24
2018-12-12,33,17,16
2018-12-12,40,28,12
2018-12-12,62,28,34
2018-12-12,74,53,21
2018-12-12,147,120,27
2018-12-12,280,252,28
2018-12-12,155,133,22
2018-12-12,64,47,17
2018-12-12,31,27,4
2018-12-12,22,17,5
2018-12-12,7,6,1
2018-12-12,5,3,2
2018-12-13,5,5,0
2018-12-13,1,1,0
2018-12-13,0,0,0
2018-12-13,1,1,0
2018-12-13,5,2,3
2018-12-13,18,4,14
2018-12-13,39,3,36
2018-12-13,126,14,112
2018-12-13,241,20,221
2018-12-13,126,20,106
2018-12-13,46,8,38
2018-12-13,33,10,23
2018-12-13,16,11,5
2018-12-13,23,10,13
2018-12-13,31,17,14
2018-12-13,60,47,13
2018-12-13,105,92,13
2018-12-13,243,217,26
2018-12-13,141,127,14
2018-12-13,72,60,12
2018-12-13,34,24,10
2018-12-13,22,18,4
2018-12-13,11,8,3
2018-12-13,7,2,5
2018-12-14,4,3,1
2018-12-14,2,2,0
2018-12-14,1,1,0
2018-12-14,3,3,0
2018-12-14,6,3,3
2018-12-14,18,6,12
2018-12-14,42,7,35
2018-12-14,130,18,112
2018-12-14,226,20,206
2018-12-14,145,19,126
2018-12-14,49,11,38
2018-12-14,42,16,26
2018-12-14,32,15,17
2018-12-14,40,21,19
2018-12-14,40,27,13
2018-12-14,70,49,21
2018-12-14,177,149,28
2018-12-14,227,209,18
2018-12-14,114,92,22
2018-12-14,39,31,8
2018-12-14,22,15,7
2018-12-14,25,21,4
2018-12-14,11,7,4
2018-12-14,10,7,3
2018-12-15,9,5,4
2018-12-15,4,3,1
2018-12-15,3,3,0
2018-12-15,4,2,2
2018-12-15,3,2,1
2018-12-15,2,0,2
2018-12-15,4,3,1
2018-12-15,14,8,6
2018-12-15,26,16,10
2018-12-15,33,19,14
2018-12-15,36,12,24
2018-12-15,59,29,30
2018-12-15,67,32,35
2018-12-15,69,51,18
2018-12-15,85,45,40
2018-12-15,57,30,27
2018-12-15,56,33,23
2018-12-15,36,18,18
2018-12-15,31,13,18
2018-12-15,21,12,9
2018-12-15,10,7,3
2018-12-15,8,4,4
2018-12-15,9,5,4
2018-12-15,8,5,3
2018-12-16,2,2,0
2018-12-16,2,1,1
2018-12-16,1,0,1
2018-12-16,2,0,2
2018-12-16,1,0,1
2018-12-16,4,1,3
2018-12-16,1,1,0
2018-12-16,2,1,1
2018-12-16,10,4,6
2018-12-16,7,3,4
2018-12-16,12,7,5
2018-12-16,18,11,7
2018-12-16,21,11,10
2018-12-16,22,6,16
2018-12-16,16,11,5
2018-12-16,5,4,1
2018-12-16,14,6,8
2018-12-16,14,8,6
2018-12-16,9,4,5
2018-12-16,5,2,3
2018-12-16,4,3,1
2018-12-16,2,1,1
2018-12-16,5,3,2
2018-12-16,1,1,0
2018-12-17,2,1,1
2018-12-17,2,2,0
2018-12-17,0,0,0
2018-12-17,0,0,0
2018-12-17,8,2,6
2018-12-17,13,3,10
2018-12-17,55,11,44
2018-12-17,149,20,129
2018-12-17,243,20,223
2018-12-17,160,28,132
2018-12-17,74,16,58
2018-12-17,34,14,20
2018-12-17,27,10,17
2018-12-17,33,24,9
2018-12-17,40,27,13
2018-12-17,72,58,14
2018-12-17,123,108,15
2018-12-17,242,220,22
2018-12-17,138,125,13
2018-12-17,47,39,8
2018-12-17,23,19,4
2018-12-17,7,5,2
2018-12-17,4,3,1
2018-12-17,3,2,1
2018-12-18,3,3,0
2018-12-18,2,0,2
2018-12-18,0,0,0
2018-12-18,1,0,1
2018-12-18,5,1,4
2018-12-18,17,5,12
2018-12-18,35,4,31
2018-12-18,109,15,94
2018-12-18,222,18,204
2018-12-18,142,18,124
2018-12-18,50,6,44
2018-12-18,29,13,16
2018-12-18,24,11,13
2018-12-18,15,8,7
2018-12-18,20,15,5
2018-12-18,60,48,12
2018-12-18,130,117,13
2018-12-18,178,164,14
2018-12-18,150,135,15
2018-12-18,50,43,7
2018-12-18,20,14,6
2018-12-18,17,14,3
2018-12-18,11,8,3
2018-12-18,4,3,1
2018-12-19,2,1,1
2018-12-19,1,1,0
2018-12-19,1,0,1
2018-12-19,1,1,0
2018-12-19,6,4,2
2018-12-19,20,3,17
2018-12-19,50,7,43
2018-12-19,139,16,123
2018-12-19,250,19,231
2018-12-19,119,19,100
2018-12-19,54,7,47
2018-12-19,30,6,24
2018-12-19,22,11,11
2018-12-19,26,18,8
2018-12-19,31,19,12
2018-12-19,69,51,18
2018-12-19,141,123,18
2018-12-19,252,230,22
2018-12-19,142,130,12
2018-12-19,56,45,11
2018-12-19,40,29,11
2018-12-19,19,16,3
2018-12-19,13,8,5
2018-12-19,5,4,1
2018-12-20,2,1,1
2018-12-20,4,3,1
2018-12-20,0,0,0
2018-12-20,0,0,0
2018-12-20,3,1,2
2018-12-20,16,6,10
2018-12-20,31,5,26
2018-12-20,82,7,75
2018-12-20,142,16,126
2018-12-20,86,16,70
2018-12-20,37,7,30
2018-12-20,22,11,11
2018-12-20,22,14,8
2018-12-20,15,7,8
2018-12-20,23,19,4
2018-12-20,40,29,11
2018-12-20,93,75,18
2018-12-20,157,139,18
2018-12-20,96,89,7
2018-12-20,46,38,8
2018-12-20,19,12,7
2018-12-20,18,10,8
2018-12-20,14,13,1
2018-12-20,5,4,1
2018-12-21,1,1,0
2018-12-21,1,1,0
2018-12-21,0,0,0
2018-12-21,1,1,0
2018-12-21,6,3,3
2018-12-21,16,4,12
2018-12-21,25,3,22
2018-12-21,81,8,73
2018-12-21,170,18,152
2018-12-21,123,23,100
2018-12-21,54,9,45
2018-12-21,41,14,27
2018-12-21,40,31,9
2018-12-21,50,31,19
2018-12-21,63,44,19
2018-12-21,106,89,17
2018-12-21,152,126,26
2018-12-21,141,125,16
2018-12-21,63,53,10
2018-12-21,29,23,6
2018-12-21,23,17,6
2018-12-21,8,5,3
2018-12-21,7,7,0
2018-12-21,8,4,4
2018-12-22,8,2,6
2018-12-22,3,2,1
2018-12-22,1,1,0
2018-12-22,2,2,0
2018-12-22,2,1,1
2018-12-22,5,0,5
2018-12-22,8,4,4
2018-12-22,10,5,5
2018-12-22,12,5,7
2018-12-22,21,11,10
2018-12-22,22,11,11
2018-12-22,25,6,19
2018-12-22,37,19,18
2018-12-22,27,14,13
2018-12-22,35,19,16
2018-12-22,30,16,14
2018-12-22,20,9,11
2018-12-22,18,5,13
2018-12-22,4,3,1
2018-12-22,7,5,2
2018-12-22,6,5,1
2018-12-22,3,1,2
2018-12-22,2,2,0
2018-12-22,4,3,1
2018-12-23,2,2,0
2018-12-23,2,1,1
2018-12-23,2,2,0
2018-12-23,0,0,0
2018-12-23,2,0,2
2018-12-23,3,0,3
2018-12-23,0,0,0
2018-12-23,2,0,2
2018-12-23,3,3,0
2018-12-23,6,2,4
2018-12-23,7,5,2
2018-12-23,27,10,17
2018-12-23,24,11,13
2018-12-23,16,13,3
2018-12-23,28,11,17
2018-12-23,25,12,13
2018-12-23,20,5,15
2018-12-23,12,8,4
2018-12-23,8,3,5
2018-12-23,9,6,3
2018-12-23,6,2,4
2018-12-23,2,2,0
2018-12-23,4,2,2
2018-12-23,4,3,1
2018-12-24,2,1,1
2018-12-24,3,1,2
2018-12-24,0,0,0
2018-12-24,0,0,0
2018-12-24,2,1,1
2018-12-24,8,2,6
2018-12-24,10,0,10
2018-12-24,20,5,15
2018-12-24,46,6,40
2018-12-24,19,4,15
2018-12-24,17,10,7
2018-12-24,40,19,21
2018-12-24,23,14,9
2018-12-24,50,33,17
2018-12-24,56,38,18
2018-12-24,50,33,17
2018-12-24,34,27,7
2018-12-24,13,10,3
2018-12-24,7,4,3
2018-12-24,4,2,2
2018-12-24,1,1,0
2018-12-24,4,2,2
2018-12-24,2,2,0
2018-12-24,0,0,0
2018-12-25,2,1,1
2018-12-25,3,1,2
2018-12-25,0,0,0
2018-12-25,0,0,0
2018-12-25,0,0,0
2018-12-25,0,0,0
2018-12-25,0,0,0
2018-12-25,5,2,3
2018-12-25,0,0,0
2018-12-25,11,6,5
2018-12-25,5,2,3
2018-12-25,8,4,4
2018-12-25,12,1,11
2018-12-25,22,15,7
2018-12-25,17,11,6
2018-12-25,12,7,5
2018-12-25,5,3,2
2018-12-25,13,5,8
2018-12-25,4,1,3
2018-12-25,5,3,2
2018-12-25,5,5,0
2018-12-25,5,4,1
2018-12-25,1,1,0
2018-12-25,1,0,1
2018-12-26,0,0,0
2018-12-26,0,0,0
2018-12-26,0,0,0
2018-12-26,0,0,0
2018-12-26,5,1,4
2018-12-26,11,3,8
2018-12-26,24,6,18
2018-12-26,39,5,34
2018-12-26,60,3,57
2018-12-26,29,4,25
2018-12-26,16,5,11
2018-12-26,13,5,8
2018-12-26,22,7,15
2018-12-26,22,13,9
2018-12-26,23,14,9
2018-12-26,21,16,5
2018-12-26,64,50,14
2018-12-26,51,44,7
2018-12-26,31,26,5
2018-12-26,13,11,2
2018-12-26,8,6,2
2018-12-26,6,3,3
2018-12-26,3,3,0
2018-12-26,3,3,0
2018-12-27,2,0,2
2018-12-27,3,3,0
2018-12-27,0,0,0
2018-12-27,0,0,0
2018-12-27,2,1,1
2018-12-27,13,2,11
2018-12-27,29,5,24
2018-12-27,50,5,45
2018-12-27,99,8,91
2018-12-27,77,16,61
2018-12-27,26,7,19
2018-12-27,39,12,27
2018-12-27,42,14,28
2018-12-27,35,19,16
2018-12-27,50,34,16
2018-12-27,82,61,21
2018-12-27,91,77,14
2018-12-27,98,92,6
2018-12-27,47,38,9
2018-12-27,23,18,5
2018-12-27,19,15,4
2018-12-27,7,4,3
2018-12-27,10,8,2
2018-12-27,1,1,0
2018-12-28,0,0,0
2018-12-28,1,1,0
2018-12-28,1,0,1
2018-12-28,0,0,0
2018-12-28,5,3,2
2018-12-28,11,4,7
2018-12-28,21,3,18
2018-12-28,37,6,31
2018-12-28,70,11,59
2018-12-28,35,5,30
2018-12-28,26,8,18
2018-12-28,16,6,10
2018-12-28,15,6,9
2018-12-28,15,13,2
2018-12-28,22,14,8
2018-12-28,38,27,11
2018-12-28,52,45,7
2018-12-28,64,58,6
2018-12-28,22,18,4
2018-12-28,18,14,4
2018-12-28,8,7,1
2018-12-28,9,7,2
2018-12-28,6,6,0
2018-12-28,3,2,1
2018-12-29,6,6,0
2018-12-29,1,0,1
2018-12-29,3,2,1
2018-12-29,1,1,0
2018-12-29,2,0,2
2018-12-29,5,2,3
2018-12-29,3,2,1
2018-12-29,13,5,8
2018-12-29,8,3,5
2018-12-29,12,5,7
2018-12-29,16,14,2
2018-12-29,22,12,10
2018-12-29,12,4,8
2018-12-29,18,13,5
2018-12-29,14,5,9
2018-12-29,9,5,4
2018-12-29,8,4,4
2018-12-29,9,7,2
2018-12-29,7,6,1
2018-12-29,4,3,1
2018-12-29,5,4,1
2018-12-29,3,2,1
2018-12-29,2,1,1
2018-12-29,5,4,1
2018-12-30,4,2,2
2018-12-30,1,0,1
2018-12-30,2,1,1
2018-12-30,0,0,0
2018-12-30,2,1,1
2018-12-30,5,3,2
2018-12-30,6,2,4
2018-12-30,10,5,5
2018-12-30,16,3,13
2018-12-30,10,4,6
2018-12-30,18,9,9
2018-12-30,34,15,19
2018-12-30,50,30,20
2018-12-30,55,35,20
2018-12-30,43,20,23
2018-12-30,74,43,31
2018-12-30,41,21,20
2018-12-30,25,17,8
2018-12-30,9,6,3
2018-12-30,10,7,3
2018-12-30,14,9,5
2018-12-30,6,3,3
2018-12-30,2,2,0
2018-12-30,4,2,2
2018-12-31,3,3,0
2018-12-31,2,1,1
2018-12-31,1,0,1
2018-12-31,0,0,0
2018-12-31,4,2,2
2018-12-31,18,5,13
2018-12-31,18,2,16
2018-12-31,40,7,33
2018-12-31,64,5,59
2018-12-31,35,5,30
2018-12-31,22,5,17
2018-12-31,27,11,16
2018-12-31,34,13,21
2018-12-31,53,36,17
2018-12-31,56,39,17
2018-12-31,59,43,16
2018-12-31,86,71,15
2018-12-31,43,29,14
2018-12-31,25,13,12
2018-12-31,11,8,3
2018-12-31,12,8,4
2018-12-31,19,6,13
2018-12-31,11,4,7
2018-12-31,13,1,12
2019-01-01,15,12,3
2019-01-01,20,19,1
2019-01-01,14,12,2
2019-01-01,1,0,1
2019-01-01,2,2,0
2019-01-01,3,1,2
2019-01-01,6,2,4
2019-01-01,6,4,2
2019-01-01,10,4,6
2019-01-01,10,4,6
2019-01-01,12,4,8
2019-01-01,19,9,10
2019-01-01,38,24,14
2019-01-01,53,33,20
2019-01-01,55,23,32
2019-01-01,50,27,23
2019-01-01,33,12,21
2019-01-01,38,20,18
2019-01-01,11,6,5
2019-01-01,7,5,2
2019-01-01,4,1,3
2019-01-01,9,2,7
2019-01-01,3,3,0
2019-01-01,3,2,1
2019-01-02,2,0,2
2019-01-02,0,0,0
2019-01-02,0,0,0
2019-01-02,1,0,1
2019-01-02,7,4,3
2019-01-02,18,5,13
2019-01-02,46,11,35
2019-01-02,126,12,114
2019-01-02,243,24,219
2019-01-02,153,31,122
2019-01-02,47,11,36
2019-01-02,31,9,22
2019-01-02,32,16,16
2019-01-02,39,23,16
2019-01-02,45,25,20
2019-01-02,66,46,20
2019-01-02,145,128,17
2019-01-02,278,243,35
2019-01-02,143,121,22
2019-01-02,48,41,7
2019-01-02,15,13,2
2019-01-02,15,13,2
2019-01-02,9,8,1
2019-01-02,1,0,1
2019-01-03,0,0,0
2019-01-03,0,0,0
2019-01-03,0,0,0
2019-01-03,0,0,0
2019-01-03,0,0,0
2019-01-03,23,6,17
2019-01-03,30,2,28
2019-01-03,96,7,89
2019-01-03,181,25,156
2019-01-03,117,12,105
2019-01-03,42,8,34
2019-01-03,26,8,18
2019-01-03,24,9,15
2019-01-03,23,12,11
2019-01-03,23,19,4
2019-01-03,45,30,15
2019-01-03,103,91,12
2019-01-03,199,177,22
2019-01-03,107,99,8
2019-01-03,33,31,2
2019-01-03,30,23,7
2019-01-03,8,7,1
2019-01-03,5,4,1
2019-01-03,1,1,0
2019-01-04,1,1,0
2019-01-04,0,0,0
2019-01-04,0,0,0
2019-01-04,1,0,1
2019-01-04,3,3,0
2019-01-04,16,4,12
2019-01-04,37,5,32
2019-01-04,108,15,93
2019-01-04,222,21,201
2019-01-04,160,21,139
2019-01-04,44,9,35
2019-01-04,40,17,23
2019-01-04,29,15,14
2019-01-04,29,15,14
2019-01-04,50,31,19
2019-01-04,79,58,21
2019-01-04,155,126,29
2019-01-04,215,185,30
2019-01-04,116,99,17
2019-01-04,44,32,12
2019-01-04,22,16,6
2019-01-04,16,12,4
2019-01-04,8,7,1
2019-01-04,17,14,3
2019-01-05,5,2,3
2019-01-05,0,0,0
2019-01-05,1,1,0
2019-01-05,0,0,0
2019-01-05,1,1,0
2019-01-05,11,2,9
2019-01-05,5,3,2
2019-01-05,11,5,6
2019-01-05,36,17,19
2019-01-05,15,8,7
2019-01-05,32,12,20
2019-01-05,43,20,23
2019-01-05,60,14,46
2019-01-05,53,32,21
2019-01-05,79,41,38
2019-01-05,52,27,25
2019-01-05,51,29,22
2019-01-05,19,16,3
2019-01-05,20,8,12
2019-01-05,12,6,6
2019-01-05,6,4,2
2019-01-05,13,12,1
2019-01-05,2,1,1
2019-01-05,7,4,3
2019-01-06,5,5,0
2019-01-06,0,0,0
2019-01-06,0,0,0
2019-01-06,0,0,0
2019-01-06,2,1,1
2019-01-06,2,0,2
2019-01-06,1,0,1
2019-01-06,5,2,3
2019-01-06,14,10,4
2019-01-06,19,11,8
2019-01-06,23,9,14
2019-01-06,33,17,16
2019-01-06,56,28,28
2019-01-06,50,33,17
2019-01-06,50,30,20
2019-01-06,42,14,28
2019-01-06,27,11,16
2019-01-06,19,10,9
2019-01-06,19,8,11
2019-01-06,2,2,0
2019-01-06,4,3,1
2019-01-06,5,4,1
2019-01-06,1,1,0
2019-01-06,1,1,0
2019-01-07,0,0,0
2019-01-07,0,0,0
2019-01-07,1,1,0
2019-01-07,1,0,1
2019-01-07,7,5,2
2019-01-07,20,5,15
2019-01-07,56,11,45
2019-01-07,193,22,171
2019-01-07,306,22,284
2019-01-07,179,35,144
2019-01-07,67,20,47
2019-01-07,35,11,24
2019-01-07,31,16,15
2019-01-07,45,24,21
2019-01-07,41,27,14
2019-01-07,89,65,24
2019-01-07,189,159,30
2019-01-07,360,317,43
2019-01-07,180,156,24
2019-01-07,67,52,15
2019-01-07,30,20,10
2019-01-07,20,13,7
2019-01-07,12,9,3
2019-01-07,3,2,1
2019-01-08,2,2,0
2019-01-08,0,0,0
2019-01-08,0,0,0
2019-01-08,0,0,0
2019-01-08,4,1,3
2019-01-08,18,5,13
2019-01-08,47,7,40
2019-01-08,162,19,143
2019-01-08,252,26,226
2019-01-08,134,22,112
2019-01-08,62,11,51
2019-01-08,27,9,18
2019-01-08,24,12,12
2019-01-08,15,12,3
2019-01-08,17,13,4
2019-01-08,48,37,11
2019-01-08,140,125,15
2019-01-08,287,260,27
2019-01-08,144,128,16
2019-01-08,54,48,6
2019-01-08,20,10,10
2019-01-08,17,14,3
2019-01-08,11,7,4
2019-01-08,3,0,3
2019-01-09,0,0,0
2019-01-09,1,1,0
2019-01-09,0,0,0
2019-01-09,0,0,0
2019-01-09,7,5,2
2019-01-09,20,4,16
2019-01-09,51,12,39
2019-01-09,136,16,120
2019-01-09,242,21,221
2019-01-09,152,16,136
2019-01-09,57,12,45
2019-01-09,31,13,18
2019-01-09,21,8,13
2019-01-09,25,16,9
2019-01-09,34,21,13
2019-01-09,65,49,16
2019-01-09,138,119,19
2019-01-09,254,227,27
2019-01-09,155,131,24
2019-01-09,63,47,16
2019-01-09,28,23,5
2019-01-09,17,14,3
2019-01-09,7,4,3
2019-01-09,5,4,1
2019-01-10,1,0,1
2019-01-10,1,1,0
2019-01-10,0,0,0
2019-01-10,0,0,0
2019-01-10,6,2,4
2019-01-10,18,5,13
2019-01-10,49,9,40
2019-01-10,172,22,150
2019-01-10,295,27,268
2019-01-10,160,26,134
2019-01-10,58,14,44
2019-01-10,32,10,22
2019-01-10,26,13,13
2019-01-10,33,16,17
2019-01-10,36,27,9
2019-01-10,62,45,17
2019-01-10,164,132,32
2019-01-10,322,283,39
2019-01-10,185,143,42
2019-01-10,79,63,16
2019-01-10,53,39,14
2019-01-10,33,22,11
2019-01-10,16,8,8
2019-01-10,10,4,6
2019-01-11,13,1,12
2019-01-11,3,3,0
2019-01-11,1,0,1
2019-01-11,1,0,1
2019-01-11,9,6,3
2019-01-11,13,3,10
2019-01-11,47,6,41
2019-01-11,136,18,118
2019-01-11,297,26,271
2019-01-11,188,33,155
2019-01-11,71,19,52
2019-01-11,35,10,25
2019-01-11,54,22,32
2019-01-11,47,31,16
2019-01-11,60,42,18
2019-01-11,97,75,22
2019-01-11,227,183,44
2019-01-11,320,278,42
2019-01-11,123,110,13
2019-01-11,69,51,18
2019-01-11,35,26,9
2019-01-11,30,16,14
2019-01-11,18,13,5
2019-01-11,11,6,5
2019-01-12,11,7,4
2019-01-12,6,3,3
2019-01-12,9,5,4
2019-01-12,1,1,0
2019-01-12,2,0,2
2019-01-12,3,1,2
2019-01-12,11,6,5
2019-01-12,20,11,9
2019-01-12,30,15,15
2019-01-12,41,16,25
2019-01-12,35,21,14
2019-01-12,59,40,19
2019-01-12,125,69,56
2019-01-12,149,77,72
2019-01-12,131,71,60
2019-01-12,103,61,42
2019-01-12,110,50,60
2019-01-12,47,31,16
2019-01-12,25,17,8
2019-01-12,17,11,6
2019-01-12,7,2,5
2019-01-12,15,8,7
2019-01-12,9,7,2
2019-01-12,8,3,5
2019-01-13,3,3,0
2019-01-13,7,5,2
2019-01-13,2,2,0
2019-01-13,1,1,0
2019-01-13,3,1,2
2019-01-13,4,3,1
2019-01-13,5,2,3
2019-01-13,7,2,5
2019-01-13,20,9,11
2019-01-13,29,11,18
2019-01-13,29,22,7
2019-01-13,93,49,44
2019-01-13,129,81,48
2019-01-13,132,78,54
2019-01-13,127,59,68
2019-01-13,120,58,62
2019-01-13,101,50,51
2019-01-13,49,14,35
2019-01-13,23,15,8
2019-01-13,11,6,5
2019-01-13,7,2,5
2019-01-13,9,5,4
2019-01-13,2,1,1
2019-01-13,4,3,1
2019-01-14,4,2,2
2019-01-14,3,2,1
2019-01-14,0,0,0
2019-01-14,0,0,0
2019-01-14,5,3,2
2019-01-14,24,5,19
2019-01-14,63,8,55
2019-01-14,240,28,212
2019-01-14,426,43,383
2019-01-14,229,38,191
2019-01-14,82,20,62
2019-01-14,40,18,22
2019-01-14,58,22,36
2019-01-14,71,39,32
2019-01-14,71,39,32
2019-01-14,119,83,36
2019-01-14,279,249,30
2019-01-14,424,376,48
2019-01-14,240,207,33
2019-01-14,93,73,20
2019-01-14,32,19,13
2019-01-14,22,19,3
2019-01-14,4,3,1
2019-01-14,8,5,3
2019-01-15,2,1,1
2019-01-15,0,0,0
2019-01-15,1,0,1
2019-01-15,1,0,1
2019-01-15,4,1,3
2019-01-15,16,2,14
2019-01-15,63,7,56
2019-01-15,187,23,164
2019-01-15,341,34,307
2019-01-15,168,24,144
2019-01-15,94,17,77
2019-01-15,42,16,26
2019-01-15,34,17,17
2019-01-15,54,30,24
2019-01-15,65,37,28
2019-01-15,106,74,32
2019-01-15,208,174,34
2019-01-15,360,314,46
2019-01-15,243,205,38
2019-01-15,88,75,13
2019-01-15,51,37,14
2019-01-15,31,21,10
2019-01-15,19,13,6
2019-01-15,8,6,2
2019-01-16,3,3,0
2019-01-16,0,0,0
2019-01-16,1,1,0
2019-01-16,1,0,1
2019-01-16,9,5,4
2019-01-16,19,3,16
2019-01-16,54,9,45
2019-01-16,189,26,163
2019-01-16,339,40,299
2019-01-16,168,21,147
2019-01-16,74,9,65
2019-01-16,33,10,23
2019-01-16,47,17,30
2019-01-16,58,36,22
2019-01-16,52,37,15
2019-01-16,93,59,34
2019-01-16,206,172,34
2019-01-16,391,354,37
2019-01-16,176,145,31
2019-01-16,93,69,24
2019-01-16,45,35,10
2019-01-16,41,25,16
2019-01-16,20,14,6
2019-01-16,8,6,2
2019-01-17,2,2,0
2019-01-17,0,0,0
2019-01-17,0,0,0
2019-01-17,3,1,2
2019-01-17,2,1,1
2019-01-17,18,5,13
2019-01-17,53,4,49
2019-01-17,139,22,117
2019-01-17,286,31,255
2019-01-17,151,22,129
2019-01-17,46,7,39
2019-01-17,34,17,17
2019-01-17,35,21,14
2019-01-17,29,16,13
2019-01-17,30,19,11
2019-01-17,65,50,15
2019-01-17,165,130,35
2019-01-17,289,264,25
2019-01-17,164,137,27
2019-01-17,76,65,11
2019-01-17,40,30,10
2019-01-17,25,19,6
2019-01-17,13,9,4
2019-01-17,8,7,1
2019-01-18,3,1,2
2019-01-18,3,2,1
2019-01-18,0,0,0
2019-01-18,1,0,1
2019-01-18,7,3,4
2019-01-18,17,4,13
2019-01-18,36,4,32
2019-01-18,144,14,130
2019-01-18,263,22,241
2019-01-18,147,22,125
2019-01-18,62,10,52
2019-01-18,46,23,23
2019-01-18,36,21,15
2019-01-18,49,24,25
2019-01-18,46,24,22
2019-01-18,70,54,16
2019-01-18,132,125,7
2019-01-18,247,227,20
2019-01-18,130,101,29
2019-01-18,53,44,9
2019-01-18,20,19,1
2019-01-18,14,9,5
2019-01-18,14,12,2
2019-01-18,5,4,1
2019-01-19,6,5,1
2019-01-19,3,2,1
2019-01-19,2,2,0
2019-01-19,0,0,0
2019-01-19,1,0,1
2019-01-19,4,2,2
2019-01-19,3,1,2
2019-01-19,15,8,7
2019-01-19,29,15,14
2019-01-19,34,18,16
2019-01-19,42,21,21
2019-01-19,66,37,29
2019-01-19,62,29,33
2019-01-19,76,49,27
2019-01-19,69,30,39
2019-01-19,59,33,26
2019-01-19,45,20,25
2019-01-19,35,16,19
2019-01-19,24,16,8
2019-01-19,14,8,6
2019-01-19,12,6,6
2019-01-19,10,9,1
2019-01-19,7,2,5
2019-01-19,5,3,2
2019-01-20,6,6,0
2019-01-20,2,1,1
2019-01-20,2,0,2
2019-01-20,0,0,0
2019-01-20,3,1,2
2019-01-20,1,0,1
2019-01-20,2,1,1
2019-01-20,9,2,7
2019-01-20,20,10,10
2019-01-20,31,15,16
2019-01-20,12,7,5
2019-01-20,27,11,16
2019-01-20,60,35,25
2019-01-20,61,27,34
2019-01-20,63,33,30
2019-01-20,50,25,25
2019-01-20,45,20,25
2019-01-20,26,18,8
2019-01-20,16,5,11
2019-01-20,15,10,5
2019-01-20,16,13,3
2019-01-20,10,5,5
2019-01-20,6,2,4
2019-01-20,5,2,3
2019-01-21,1,1,0
2019-01-21,1,1,0
2019-01-21,0,0,0
2019-01-21,0,0,0
2019-01-21,5,3,2
2019-01-21,15,4,11
2019-01-21,33,8,25
2019-01-21,93,6,87
2019-01-21,169,13,156
2019-01-21,102,13,89
2019-01-21,61,15,46
2019-01-21,44,19,25
2019-01-21,66,28,38
2019-01-21,64,34,30
2019-01-21,51,30,21
2019-01-21,73,57,16
2019-01-21,156,109,47
2019-01-21,189,176,13
2019-01-21,120,108,12
2019-01-21,54,40,14
2019-01-21,22,14,8
2019-01-21,16,11,5
2019-01-21,14,10,4
2019-01-21,2,1,1
2019-01-22,2,1,1
2019-01-22,1,1,0
2019-01-22,0,0,0
2019-01-22,0,0,0
2019-01-22,5,1,4
2019-01-22,21,4,17
2019-01-22,49,3,46
2019-01-22,175,32,143
2019-01-22,280,27,253
2019-01-22,167,24,143
2019-01-22,75,15,60
2019-01-22,37,11,26
2019-01-22,27,12,15
2019-01-22,23,16,7
2019-01-22,35,28,7
2019-01-22,59,43,16
2019-01-22,146,130,16
2019-01-22,264,241,23
2019-01-22,183,161,22
2019-01-22,53,42,11
2019-01-22,25,20,5
2019-01-22,22,19,3
2019-01-22,13,13,0
2019-01-22,6,5,1
2019-01-23,0,0,0
2019-01-23,2,1,1
2019-01-23,0,0,0
2019-01-23,0,0,0
2019-01-23,8,4,4
2019-01-23,25,7,18
2019-01-23,53,6,47
2019-01-23,134,18,116
2019-01-23,277,32,245
2019-01-23,140,21,119
2019-01-23,72,14,58
2019-01-23,27,7,20
2019-01-23,37,18,19
2019-01-23,25,18,7
2019-01-23,47,31,16
2019-01-23,70,49,21
2019-01-23,200,163,37
2019-01-23,290,255,35
2019-01-23,187,155,32
2019-01-23,79,63,16
2019-01-23,44,38,6
2019-01-23,18,14,4
2019-01-23,14,11,3
2019-01-23,8,6,2
2019-01-24,5,3,2
2019-01-24,2,1,1
2019-01-24,0,0,0
2019-01-24,1,0,1
2019-01-24,3,1,2
2019-01-24,14,4,10
2019-01-24,60,9,51
2019-01-24,161,21,140
2019-01-24,320,31,289
2019-01-24,164,25,139
2019-01-24,70,15,55
2019-01-24,41,11,30
2019-01-24,38,15,23
2019-01-24,44,18,26
2019-01-24,49,28,21
2019-01-24,84,66,18
2019-01-24,192,153,39
2019-01-24,309,274,35
2019-01-24,200,173,27
2019-01-24,77,67,10
2019-01-24,54,43,11
2019-01-24,34,28,6
2019-01-24,17,11,6
2019-01-24,4,1,3
2019-01-25,3,1,2
2019-01-25,3,2,1
2019-01-25,2,2,0
2019-01-25,1,0,1
2019-01-25,8,3,5
2019-01-25,19,6,13
2019-01-25,45,5,40
2019-01-25,152,17,135
2019-01-25,307,35,272
2019-01-25,151,32,119
2019-01-25,97,20,77
2019-01-25,45,16,29
2019-01-25,50,23,27
2019-01-25,42,21,21
2019-01-25,64,37,27
2019-01-25,101,80,21
2019-01-25,209,173,36
2019-01-25,292,256,36
2019-01-25,168,123,45
2019-01-25,68,50,18
2019-01-25,47,32,15
2019-01-25,21,16,5
2019-01-25,21,7,14
2019-01-25,12,8,4
2019-01-26,7,6,1
2019-01-26,3,2,1
2019-01-26,5,4,1
2019-01-26,4,3,1
2019-01-26,2,1,1
2019-01-26,0,0,0
2019-01-26,3,1,2
2019-01-26,13,5,8
2019-01-26,36,18,18
2019-01-26,34,15,19
2019-01-26,67,24,43
2019-01-26,65,45,20
2019-01-26,100,46,54
2019-01-26,120,60,60
2019-01-26,101,50,51
2019-01-26,111,65,46
2019-01-26,76,38,38
2019-01-26,50,18,32
2019-01-26,22,8,14
2019-01-26,18,9,9
2019-01-26,11,7,4
2019-01-26,13,7,6
2019-01-26,19,12,7
2019-01-26,7,6,1
2019-01-27,7,3,4
2019-01-27,5,2,3
2019-01-27,3,2,1
2019-01-27,1,0,1
2019-01-27,1,0,1
2019-01-27,2,0,2
2019-01-27,3,3,0
2019-01-27,15,9,6
2019-01-27,18,10,8
2019-01-27,17,4,13
2019-01-27,39,24,15
2019-01-27,40,17,23
2019-01-27,58,30,28
2019-01-27,63,38,25
2019-01-27,59,29,30
2019-01-27,57,34,23
2019-01-27,47,28,19
2019-01-27,51,24,27
2019-01-27,21,8,13
2019-01-27,4,2,2
2019-01-27,8,5,3
2019-01-27,13,10,3
2019-01-27,3,2,1
2019-01-27,5,4,1
2019-01-28,2,2,0
2019-01-28,0,0,0
2019-01-28,0,0,0
2019-01-28,0,0,0
2019-01-28,6,2,4
2019-01-28,32,6,26
2019-01-28,52,10,42
2019-01-28,208,22,186
2019-01-28,333,24,309
2019-01-28,190,27,163
2019-01-28,57,8,49
2019-01-28,52,12,40
2019-01-28,46,19,27
2019-01-28,48,27,21
2019-01-28,67,42,25
2019-01-28,85,65,20
2019-01-28,214,177,37
2019-01-28,359,313,46
2019-01-28,216,189,27
2019-01-28,91,69,22
2019-01-28,33,23,10
2019-01-28,26,20,6
2019-01-28,12,9,3
2019-01-28,5,5,0
2019-01-29,3,1,2
2019-01-29,1,0,1
2019-01-29,0,0,0
2019-01-29,2,0,2
2019-01-29,6,2,4
2019-01-29,23,4,19
2019-01-29,54,10,44
2019-01-29,200,25,175
2019-01-29,351,24,327
2019-01-29,179,27,152
2019-01-29,74,11,63
2019-01-29,55,26,29
2019-01-29,55,25,30
2019-01-29,70,49,21
2019-01-29,64,41,23
2019-01-29,102,63,39
2019-01-29,234,198,36
2019-01-29,363,314,49
2019-01-29,223,190,33
2019-01-29,85,69,16
2019-01-29,42,31,11
2019-01-29,31,22,9
2019-01-29,22,15,7
2019-01-29,7,4,3
2019-01-30,5,4,1
2019-01-30,0,0,0
2019-01-30,1,1,0
2019-01-30,0,0,0
2019-01-30,6,4,2
2019-01-30,28,6,22
2019-01-30,56,12,44
2019-01-30,208,18,190
2019-01-30,300,29,271
2019-01-30,186,43,143
2019-01-30,76,10,66
2019-01-30,52,18,34
2019-01-30,62,24,38
2019-01-30,41,22,19
2019-01-30,54,27,27
2019-01-30,91,69,22
2019-01-30,198,161,37
2019-01-30,365,320,45
2019-01-30,202,170,32
2019-01-30,90,64,26
2019-01-30,40,30,10
2019-01-30,46,39,7
2019-01-30,15,10,5
2019-01-30,4,3,1
2019-01-31,1,1,0
2019-01-31,2,2,0
2019-01-31,1,1,0
2019-01-31,0,0,0
2019-01-31,6,3,3
2019-01-31,28,5,23
2019-01-31,54,9,45
2019-01-31,173,19,154
2019-01-31,325,39,286
2019-01-31,171,32,139
2019-01-31,66,12,54
2019-01-31,53,21,32
2019-01-31,47,19,28
2019-01-31,44,22,22
2019-01-31,53,33,20
2019-01-31,94,66,28
2019-01-31,211,173,38
2019-01-31,308,271,37
2019-01-31,202,168,34
2019-01-31,78,59,19
2019-01-31,36,23,13
2019-01-31,36,30,6
2019-01-31,19,14,5
2019-01-31,6,1,5
2019-02-01,4,4,0
2019-02-01,3,2,1
2019-02-01,1,1,0
2019-02-01,1,1,0
2019-02-01,6,3,3
2019-02-01,17,6,11
2019-02-01,26,2,24
2019-02-01,106,17,89
2019-02-01,182,26,156
2019-02-01,90,11,79
2019-02-01,42,7,35
2019-02-01,13,6,7
2019-02-01,14,5,9
2019-02-01,21,8,13
2019-02-01,15,12,3
2019-02-01,46,34,12
2019-02-01,105,90,15
2019-02-01,198,180,18
2019-02-01,108,98,10
2019-02-01,62,44,18
2019-02-01,24,19,5
2019-02-01,8,4,4
2019-02-01,7,5,2
2019-02-01,9,7,2
2019-02-02,10,7,3
2019-02-02,5,3,2
2019-02-02,0,0,0
2019-02-02,2,1,1
2019-02-02,3,1,2
2019-02-02,1,0,1
2019-02-02,17,3,14
2019-02-02,68,4,64
2019-02-02,30,19,11
2019-02-02,68,50,18
2019-02-02,71,48,23
2019-02-02,57,35,22
2019-02-02,74,18,56
2019-02-02,90,29,61
2019-02-02,89,47,42
2019-02-02,79,48,31
2019-02-02,91,57,34
2019-02-02,64,40,24
2019-02-02,45,22,23
2019-02-02,21,15,6
2019-02-02,6,5,1
2019-02-02,13,7,6
2019-02-02,9,8,1
2019-02-02,5,5,0
2019-02-03,8,4,4
2019-02-03,9,5,4
2019-02-03,3,3,0
2019-02-03,1,1,0
2019-02-03,6,1,5
2019-02-03,6,2,4
2019-02-03,7,0,7
2019-02-03,235,5,230
2019-02-03,591,13,578
2019-02-03,427,143,284
2019-02-03,468,453,15
2019-02-03,426,401,25
2019-02-03,172,148,24
2019-02-03,54,38,16
2019-02-03,50,29,21
2019-02-03,20,14,6
2019-02-03,11,7,4
2019-02-03,7,2,5
2019-02-03,7,3,4
2019-02-03,5,3,2
2019-02-03,3,3,0
2019-02-03,3,3,0
2019-02-03,1,1,0
2019-02-03,2,2,0
2019-02-04,0,0,0
2019-02-04,0,0,0
2019-02-04,0,0,0
2019-02-04,1,0,1
2019-02-04,1,0,1
2019-02-04,6,1,5
2019-02-04,9,0,9
2019-02-04,19,4,15
2019-02-04,31,3,28
2019-02-04,18,3,15
2019-02-04,15,1,14
2019-02-04,9,1,8
2019-02-04,9,3,6
2019-02-04,2,2,0
2019-02-04,12,8,4
2019-02-04,17,10,7
2019-02-04,21,18,3
2019-02-04,21,18,3
2019-02-04,17,13,4
2019-02-04,6,6,0
2019-02-04,0,0,0
2019-02-04,0,0,0
2019-02-04,0,0,0
2019-02-04,0,0,0
2019-02-05,0,0,0
2019-02-05,0,0,0
2019-02-05,0,0,0
2019-02-05,0,0,0
2019-02-05,0,0,0
2019-02-05,4,1,3
2019-02-05,3,0,3
2019-02-05,14,0,14
2019-02-05,27,4,23
2019-02-05,19,2,17
2019-02-05,11,0,11
2019-02-05,9,5,4
2019-02-05,9,5,4
2019-02-05,5,3,2
2019-02-05,16,7,9
2019-02-05,16,13,3
2019-02-05,25,21,4
2019-02-05,31,24,7
2019-02-05,17,15,2
2019-02-05,12,11,1
2019-02-05,4,3,1
2019-02-05,6,3,3
2019-02-05,1,0,1
2019-02-05,0,0,0
2019-02-06,0,0,0
2019-02-06,0,0,0
2019-02-06,0,0,0
2019-02-06,0,0,0
2019-02-06,6,4,2
2019-02-06,5,0,5
2019-02-06,13,2,11
2019-02-06,43,10,33
2019-02-06,72,6,66
2019-02-06,58,8,50
2019-02-06,34,5,29
2019-02-06,20,7,13
2019-02-06,9,6,3
2019-02-06,15,7,8
2019-02-06,16,10,6
2019-02-06,22,16,6
2019-02-06,69,57,12
2019-02-06,80,70,10
2019-02-06,65,48,17
2019-02-06,29,23,6
2019-02-06,13,10,3
2019-02-06,9,8,1
2019-02-06,7,3,4
2019-02-06,2,2,0
2019-02-07,1,1,0
2019-02-07,0,0,0
2019-02-07,0,0,0
2019-02-07,0,0,0
2019-02-07,3,0,3
2019-02-07,10,4,6
2019-02-07,17,2,15
2019-02-07,57,3,54
2019-02-07,117,12,105
2019-02-07,67,7,60
2019-02-07,33,7,26
2019-02-07,18,6,12
2019-02-07,22,11,11
2019-02-07,21,12,9
2019-02-07,25,16,9
2019-02-07,26,17,9
2019-02-07,79,60,19
2019-02-07,121,108,13
2019-02-07,86,74,12
2019-02-07,32,28,4
2019-02-07,17,10,7
2019-02-07,5,4,1
2019-02-07,8,5,3
2019-02-07,3,3,0
2019-02-08,6,5,1
2019-02-08,2,0,2
2019-02-08,0,0,0
2019-02-08,0,0,0
2019-02-08,6,5,1
2019-02-08,8,2,6
2019-02-08,12,1,11
2019-02-08,46,7,39
2019-02-08,80,5,75
2019-02-08,43,5,38
2019-02-08,20,7,13
2019-02-08,16,8,8
2019-02-08,64,55,9
2019-02-08,71,62,9
2019-02-08,42,34,8
2019-02-08,32,28,4
2019-02-08,25,22,3
2019-02-08,23,21,2
2019-02-08,6,6,0
2019-02-08,6,4,2
2019-02-08,1,1,0
2019-02-08,2,2,0
2019-02-08,0,0,0
2019-02-08,1,1,0
2019-02-09,0,0,0
2019-02-09,0,0,0
2019-02-09,0,0,0
2019-02-09,0,0,0
2019-02-09,1,0,1
2019-02-09,0,0,0
2019-02-09,1,0,1
2019-02-09,1,0,1
2019-02-09,0,0,0
2019-02-09,2,1,1
2019-02-09,4,1,3
2019-02-09,3,1,2
2019-02-09,1,0,1
2019-02-09,1,0,1
2019-02-09,2,1,1
2019-02-09,4,2,2
2019-02-09,0,0,0
2019-02-09,1,0,1
2019-02-09,1,1,0
2019-02-09,0,0,0
2019-02-09,0,0,0
2019-02-09,0,0,0
2019-02-09,0,0,0
2019-02-09,0,0,0
2019-02-10,0,0,0
2019-02-10,0,0,0
2019-02-10,0,0,0
2019-02-10,0,0,0
2019-02-10,0,0,0
2019-02-10,1,0,1
2019-02-10,0,0,0
2019-02-10,0,0,0
2019-02-10,0,0,0
2019-02-10,0,0,0
2019-02-10,0,0,0
2019-02-10,0,0,0
2019-02-10,0,0,0
2019-02-10,1,1,0
2019-02-10,0,0,0
2019-02-10,1,0,1
2019-02-10,0,0,0
2019-02-10,0,0,0
2019-02-10,0,0,0
2019-02-10,0,0,0
2019-02-10,0,0,0
2019-02-10,0,0,0
2019-02-10,0,0,0
2019-02-10,0,0,0
2019-02-11,1,0,1
2019-02-11,0,0,0
2019-02-11,0,0,0
2019-02-11,0,0,0
2019-02-11,0,0,0
2019-02-11,0,0,0
2019-02-11,0,0,0
2019-02-11,0,0,0
2019-02-11,0,0,0
2019-02-11,0,0,0
2019-02-11,0,0,0
2019-02-11,1,1,0
2019-02-11,1,0,1
2019-02-11,1,1,0
2019-02-11,0,0,0
2019-02-11,0,0,0
2019-02-11,0,0,0
2019-02-11,1,0,1
2019-02-11,0,0,0
2019-02-11,0,0,0
2019-02-11,0,0,0
2019-02-11,0,0,0
2019-02-11,0,0,0
2019-02-11,0,0,0
2019-02-12,0,0,0
2019-02-12,0,0,0
2019-02-12,0,0,0
2019-02-12,0,0,0
2019-02-12,0,0,0
2019-02-12,0,0,0
2019-02-12,0,0,0
2019-02-12,0,0,0
2019-02-12,0,0,0
2019-02-12,1,0,1
2019-02-12,0,0,0
2019-02-12,1,0,1
2019-02-12,0,0,0
2019-02-12,0,0,0
2019-02-12,0,0,0
2019-02-12,0,0,0
2019-02-12,6,3,3
2019-02-12,5,3,2
2019-02-12,5,4,1
2019-02-12,5,3,2
2019-02-12,1,1,0
2019-02-12,2,1,1
2019-02-12,0,0,0
2019-02-12,0,0,0
2019-02-13,0,0,0
2019-02-13,0,0,0
2019-02-13,0,0,0
2019-02-13,0,0,0
2019-02-13,3,1,2
2019-02-13,3,1,2
2019-02-13,9,2,7
2019-02-13,24,2,22
2019-02-13,62,8,54
2019-02-13,54,7,47
2019-02-13,21,5,16
2019-02-13,12,4,8
2019-02-13,13,5,8
2019-02-13,10,4,6
2019-02-13,9,5,4
2019-02-13,21,13,8
2019-02-13,41,37,4
2019-02-13,81,71,10
2019-02-13,54,44,10
2019-02-13,18,15,3
2019-02-13,11,8,3
2019-02-13,7,6,1
2019-02-13,3,2,1
2019-02-13,2,1,1
2019-02-14,2,2,0
2019-02-14,1,1,0
2019-02-14,0,0,0
2019-02-14,0,0,0
2019-02-14,1,0,1
2019-02-14,7,2,5
2019-02-14,14,3,11
2019-02-14,50,11,39
2019-02-14,95,6,89
2019-02-14,76,12,64
2019-02-14,29,6,23
2019-02-14,16,8,8
2019-02-14,13,4,9
2019-02-14,11,4,7
2019-02-14,12,9,3
2019-02-14,19,16,3
2019-02-14,50,38,12
2019-02-14,109,98,11
2019-02-14,71,63,8
2019-02-14,16,14,2
2019-02-14,10,8,2
2019-02-14,4,2,2
2019-02-14,4,4,0
2019-02-14,3,2,1
2019-02-15,2,2,0
2019-02-15,2,1,1
2019-02-15,0,0,0
2019-02-15,0,0,0
2019-02-15,3,3,0
2019-02-15,11,4,7
2019-02-15,21,1,20
2019-02-15,78,15,63
2019-02-15,128,6,122
2019-02-15,94,17,77
2019-02-15,34,9,25
2019-02-15,29,10,19
2019-02-15,22,8,14
2019-02-15,23,11,12
2019-02-15,25,15,10
2019-02-15,49,35,14
2019-02-15,116,90,26
2019-02-15,155,129,26
2019-02-15,75,57,18
2019-02-15,31,24,7
2019-02-15,14,11,3
2019-02-15,12,7,5
2019-02-15,8,4,4
2019-02-15,3,2,1
2019-02-16,3,1,2
2019-02-16,5,5,0
2019-02-16,4,2,2
2019-02-16,0,0,0
2019-02-16,2,1,1
2019-02-16,0,0,0
2019-02-16,3,2,1
2019-02-16,10,6,4
2019-02-16,14,3,11
2019-02-16,21,11,10
2019-02-16,16,8,8
2019-02-16,14,9,5
2019-02-16,14,4,10
2019-02-16,31,15,16
2019-02-16,20,9,11
2019-02-16,20,11,9
2019-02-16,20,10,10
2019-02-16,9,9,0
2019-02-16,15,10,5
2019-02-16,4,4,0
2019-02-16,4,2,2
2019-02-16,2,1,1
2019-02-16,5,3,2
2019-02-16,3,3,0
2019-02-17,2,1,1
2019-02-17,1,1,0
2019-02-17,2,0,2
2019-02-17,1,1,0
2019-02-17,1,0,1
2019-02-17,3,1,2
2019-02-17,0,0,0
2019-02-17,7,4,3
2019-02-17,15,8,7
2019-02-17,27,16,11
2019-02-17,20,10,10
2019-02-17,30,19,11
2019-02-17,30,17,13
2019-02-17,45,29,16
2019-02-17,28,14,14
2019-02-17,45,28,17
2019-02-17,62,27,35
2019-02-17,46,19,27
2019-02-17,23,9,14
2019-02-17,17,10,7
2019-02-17,11,3,8
2019-02-17,4,3,1
2019-02-17,7,3,4
2019-02-17,5,3,2
2019-02-18,0,0,0
2019-02-18,1,1,0
2019-02-18,1,0,1
2019-02-18,0,0,0
2019-02-18,6,5,1
2019-02-18,10,4,6
2019-02-18,21,5,16
2019-02-18,77,8,69
2019-02-18,106,14,92
2019-02-18,84,14,70
2019-02-18,46,6,40
2019-02-18,32,7,25
2019-02-18,17,7,10
2019-02-18,41,18,23
2019-02-18,58,37,21
2019-02-18,48,34,14
2019-02-18,78,62,16
2019-02-18,150,133,17
2019-02-18,84,73,11
2019-02-18,31,25,6
2019-02-18,19,9,10
2019-02-18,6,5,1
2019-02-18,7,7,0
2019-02-18,1,0,1
2019-02-19,2,1,1
2019-02-19,0,0,0
2019-02-19,1,1,0
2019-02-19,0,0,0
2019-02-19,3,0,3
2019-02-19,16,2,14
2019-02-19,46,3,43
2019-02-19,133,15,118
2019-02-19,210,23,187
2019-02-19,115,23,92
2019-02-19,44,5,39
2019-02-19,34,10,24
2019-02-19,24,11,13
2019-02-19,27,20,7
2019-02-19,28,19,9
2019-02-19,49,42,7
2019-02-19,120,98,22
2019-02-19,231,208,23
2019-02-19,131,113,18
2019-02-19,49,43,6
2019-02-19,23,14,9
2019-02-19,11,11,0
2019-02-19,9,6,3
2019-02-19,2,1,1
2019-02-20,1,0,1
2019-02-20,0,0,0
2019-02-20,2,0,2
2019-02-20,0,0,0
2019-02-20,7,4,3
2019-02-20,20,4,16
2019-02-20,46,7,39
2019-02-20,138,21,117
2019-02-20,222,31,191
2019-02-20,112,15,97
2019-02-20,42,8,34
2019-02-20,31,12,19
2019-02-20,30,14,16
2019-02-20,19,12,7
2019-02-20,37,25,12
2019-02-20,47,36,11
2019-02-20,118,98,20
2019-02-20,209,182,27
2019-02-20,148,130,18
2019-02-20,52,39,13
2019-02-20,27,21,6
2019-02-20,11,9,2
2019-02-20,17,13,4
2019-02-20,4,4,0
2019-02-21,5,4,1
2019-02-21,2,2,0
2019-02-21,0,0,0
2019-02-21,0,0,0
2019-02-21,3,1,2
2019-02-21,15,2,13
2019-02-21,43,7,36
2019-02-21,139,18,121
2019-02-21,239,23,216
2019-02-21,137,20,117
2019-02-21,63,20,43
2019-02-21,54,23,31
2019-02-21,60,32,28
2019-02-21,34,19,15
2019-02-21,53,25,28
2019-02-21,92,58,34
2019-02-21,145,116,29
2019-02-21,246,205,41
2019-02-21,172,143,29
2019-02-21,60,50,10
2019-02-21,41,27,14
2019-02-21,12,10,2
2019-02-21,20,18,2
2019-02-21,8,6,2
2019-02-22,4,1,3
2019-02-22,1,1,0
2019-02-22,0,0,0
2019-02-22,0,0,0
2019-02-22,4,3,1
2019-02-22,13,3,10
2019-02-22,27,5,22
2019-02-22,96,17,79
2019-02-22,189,24,165
2019-02-22,111,17,94
2019-02-22,44,12,32
2019-02-22,16,9,7
2019-02-22,17,9,8
2019-02-22,13,8,5
2019-02-22,29,21,8
2019-02-22,44,34,10
2019-02-22,87,77,10
2019-02-22,165,151,14
2019-02-22,90,72,18
2019-02-22,42,37,5
2019-02-22,20,17,3
2019-02-22,32,20,12
2019-02-22,11,6,5
2019-02-22,4,3,1
2019-02-23,6,1,5
2019-02-23,5,1,4
2019-02-23,2,1,1
2019-02-23,1,1,0
2019-02-23,5,4,1
2019-02-23,0,0,0
2019-02-23,2,1,1
2019-02-23,18,13,5
2019-02-23,13,4,9
2019-02-23,15,10,5
2019-02-23,36,17,19
2019-02-23,28,18,10
2019-02-23,51,13,38
2019-02-23,32,17,15
2019-02-23,37,21,16
2019-02-23,39,25,14
2019-02-23,24,12,12
2019-02-23,20,13,7
2019-02-23,12,6,6
2019-02-23,6,3,3
2019-02-23,5,3,2
2019-02-23,1,1,0
2019-02-23,4,3,1
2019-02-23,3,2,1
2019-02-24,3,3,0
2019-02-24,4,1,3
2019-02-24,1,0,1
2019-02-24,0,0,0
2019-02-24,2,1,1
2019-02-24,1,1,0
2019-02-24,6,0,6
2019-02-24,23,5,18
2019-02-24,33,7,26
2019-02-24,22,9,13
2019-02-24,27,12,15
2019-02-24,32,19,13
2019-02-24,47,36,11
2019-02-24,65,40,25
2019-02-24,51,29,22
2019-02-24,58,31,27
2019-02-24,32,21,11
2019-02-24,26,19,7
2019-02-24,19,9,10
2019-02-24,10,4,6
2019-02-24,7,4,3
2019-02-24,8,4,4
2019-02-24,4,3,1
2019-02-24,6,5,1
2019-02-25,2,2,0
2019-02-25,2,1,1
2019-02-25,1,1,0
2019-02-25,0,0,0
2019-02-25,7,4,3
2019-02-25,14,3,11
2019-02-25,45,6,39
2019-02-25,147,16,131
2019-02-25,267,20,247
2019-02-25,131,29,102
2019-02-25,72,13,59
2019-02-25,37,10,27
2019-02-25,31,13,18
2019-02-25,36,18,18
2019-02-25,44,28,16
2019-02-25,46,33,13
2019-02-25,159,130,29
2019-02-25,284,253,31
2019-02-25,166,143,23
2019-02-25,67,50,17
2019-02-25,28,22,6
2019-02-25,17,14,3
2019-02-25,10,9,1
2019-02-25,5,4,1
2019-02-26,2,2,0
2019-02-26,0,0,0
2019-02-26,0,0,0
2019-02-26,0,0,0
2019-02-26,4,2,2
2019-02-26,15,3,12
2019-02-26,51,6,45
2019-02-26,165,19,146
2019-02-26,292,19,273
2019-02-26,154,21,133
2019-02-26,64,16,48
2019-02-26,45,12,33
2019-02-26,47,21,26
2019-02-26,38,24,14
2019-02-26,40,27,13
2019-02-26,65,46,19
2019-02-26,181,160,21
2019-02-26,283,250,33
2019-02-26,193,161,32
2019-02-26,72,62,10
2019-02-26,36,24,12
2019-02-26,20,16,4
2019-02-26,14,13,1
2019-02-26,8,5,3
2019-02-27,5,5,0
2019-02-27,2,2,0
2019-02-27,0,0,0
2019-02-27,0,0,0
2019-02-27,5,4,1
2019-02-27,19,4,15
2019-02-27,46,9,37
2019-02-27,145,9,136
2019-02-27,230,21,209
2019-02-27,141,15,126
2019-02-27,45,7,38
2019-02-27,25,6,19
2019-02-27,29,8,21
2019-02-27,25,21,4
2019-02-27,34,16,18
2019-02-27,59,47,12
2019-02-27,155,134,21
2019-02-27,271,248,23
2019-02-27,139,122,17
2019-02-27,65,48,17
2019-02-27,29,21,8
2019-02-27,19,17,2
2019-02-27,13,11,2
2019-02-27,3,3,0
2019-02-28,2,2,0
2019-02-28,3,2,1
2019-02-28,2,1,1
2019-02-28,0,0,0
2019-02-28,4,2,2
2019-02-28,16,3,13
2019-02-28,35,1,34
2019-02-28,145,14,131
2019-02-28,285,26,259
2019-02-28,157,24,133
2019-02-28,51,15,36
2019-02-28,42,9,33
2019-02-28,42,21,21
2019-02-28,42,14,28
2019-02-28,43,27,16
2019-02-28,81,65,16
2019-02-28,182,150,32
2019-02-28,300,267,33
2019-02-28,166,138,28
2019-02-28,58,43,15
2019-02-28,37,29,8
2019-02-28,29,21,8
2019-02-28,14,11,3
2019-02-28,9,6,3
2019-03-01,3,1,2
2019-03-01,1,1,0
2019-03-01,1,0,1
2019-03-01,0,0,0
2019-03-01,7,5,2
2019-03-01,10,2,8
2019-03-01,45,9,36
2019-03-01,140,25,115
2019-03-01,261,26,235
2019-03-01,164,25,139
2019-03-01,58,14,44
2019-03-01,39,16,23
2019-03-01,50,18,32
2019-03-01,64,27,37
2019-03-01,53,40,13
2019-03-01,88,65,23
2019-03-01,194,156,38
2019-03-01,274,236,38
2019-03-01,117,101,16
2019-03-01,55,41,14
2019-03-01,23,19,4
2019-03-01,18,14,4
2019-03-01,18,15,3
2019-03-01,12,5,7
2019-03-02,10,4,6
2019-03-02,8,2,6
2019-03-02,2,2,0
2019-03-02,1,1,0
2019-03-02,3,2,1
2019-03-02,2,1,1
2019-03-02,11,7,4
2019-03-02,14,4,10
2019-03-02,21,9,12
2019-03-02,23,6,17
2019-03-02,41,22,19
2019-03-02,62,31,31
2019-03-02,84,37,47
2019-03-02,89,49,40
2019-03-02,111,64,47
2019-03-02,99,55,44
2019-03-02,72,21,51
2019-03-02,72,34,38
2019-03-02,22,9,13
2019-03-02,19,13,6
2019-03-02,8,2,6
2019-03-02,14,12,2
2019-03-02,11,7,4
2019-03-02,6,4,2
2019-03-03,5,4,1
2019-03-03,5,2,3
2019-03-03,2,1,1
2019-03-03,1,0,1
2019-03-03,1,0,1
2019-03-03,1,0,1
2019-03-03,3,2,1
2019-03-03,7,3,4
2019-03-03,15,6,9
2019-03-03,45,15,30
2019-03-03,41,23,18
2019-03-03,76,43,33
2019-03-03,92,63,29
2019-03-03,94,52,42
2019-03-03,87,37,50
2019-03-03,97,54,43
2019-03-03,81,33,48
2019-03-03,48,23,25
2019-03-03,29,16,13
2019-03-03,14,8,6
2019-03-03,8,6,2
2019-03-03,7,2,5
2019-03-03,4,2,2
2019-03-03,1,1,0
2019-03-04,0,0,0
2019-03-04,1,0,1
2019-03-04,0,0,0
2019-03-04,0,0,0
2019-03-04,7,4,3
2019-03-04,19,2,17
2019-03-04,47,6,41
2019-03-04,176,16,160
2019-03-04,298,26,272
2019-03-04,177,22,155
2019-03-04,53,12,41
2019-03-04,47,14,33
2019-03-04,37,16,21
2019-03-04,43,19,24
2019-03-04,45,25,20
2019-03-04,76,61,15
2019-03-04,197,164,33
2019-03-04,306,267,39
2019-03-04,189,160,29
2019-03-04,82,72,10
2019-03-04,25,18,7
2019-03-04,21,13,8
2019-03-04,15,12,3
2019-03-04,3,3,0
2019-03-05,1,1,0
2019-03-05,0,0,0
2019-03-05,1,1,0
2019-03-05,0,0,0
2019-03-05,3,1,2
2019-03-05,16,3,13
2019-03-05,52,16,36
2019-03-05,178,28,150
2019-03-05,283,18,265
2019-03-05,162,23,139
2019-03-05,64,11,53
2019-03-05,47,11,36
2019-03-05,44,17,27
2019-03-05,49,27,22
2019-03-05,49,22,27
2019-03-05,83,57,26
2019-03-05,182,158,24
2019-03-05,345,300,45
2019-03-05,182,144,38
2019-03-05,76,59,17
2019-03-05,46,33,13
2019-03-05,22,16,6
2019-03-05,15,13,2
2019-03-05,6,4,2
2019-03-06,4,3,1
2019-03-06,1,1,0
2019-03-06,2,1,1
2019-03-06,1,1,0
2019-03-06,8,5,3
2019-03-06,15,5,10
2019-03-06,48,13,35
2019-03-06,159,23,136
2019-03-06,246,19,227
2019-03-06,129,17,112
2019-03-06,53,8,45
2019-03-06,34,10,24
2019-03-06,23,13,10
2019-03-06,27,16,11
2019-03-06,28,19,9
2019-03-06,44,33,11
2019-03-06,112,99,13
2019-03-06,239,216,23
2019-03-06,142,127,15
2019-03-06,67,50,17
2019-03-06,26,21,5
2019-03-06,15,13,2
2019-03-06,5,5,0
2019-03-06,3,1,2
2019-03-07,4,2,2
2019-03-07,2,2,0
2019-03-07,0,0,0
2019-03-07,0,0,0
2019-03-07,2,2,0
2019-03-07,10,2,8
2019-03-07,26,2,24
2019-03-07,65,9,56
2019-03-07,137,12,125
2019-03-07,86,18,68
2019-03-07,33,6,27
2019-03-07,25,8,17
2019-03-07,18,6,12
2019-03-07,18,6,12
2019-03-07,24,15,9
2019-03-07,39,27,12
2019-03-07,95,77,18
2019-03-07,142,114,28
2019-03-07,111,95,16
2019-03-07,50,43,7
2019-03-07,34,25,9
2019-03-07,16,13,3
2019-03-07,9,9,0
2019-03-07,4,2,2
2019-03-08,3,2,1
2019-03-08,2,2,0
2019-03-08,2,2,0
2019-03-08,1,0,1
2019-03-08,5,3,2
2019-03-08,13,3,10
2019-03-08,41,10,31
2019-03-08,120,9,111
2019-03-08,173,13,160
2019-03-08,90,10,80
2019-03-08,34,8,26
2019-03-08,29,12,17
2019-03-08,21,11,10
2019-03-08,23,11,12
2019-03-08,54,39,15
2019-03-08,51,37,14
2019-03-08,140,120,20
2019-03-08,250,183,67
2019-03-08,104,80,24
2019-03-08,47,38,9
2019-03-08,30,24,6
2019-03-08,12,9,3
2019-03-08,11,9,2
2019-03-08,4,3,1
2019-03-09,6,4,2
2019-03-09,4,2,2
2019-03-09,1,0,1
2019-03-09,1,1,0
2019-03-09,5,3,2
2019-03-09,3,0,3
2019-03-09,6,2,4
2019-03-09,10,5,5
2019-03-09,10,1,9
2019-03-09,26,8,18
2019-03-09,27,14,13
2019-03-09,47,21,26
2019-03-09,77,48,29
2019-03-09,111,56,55
2019-03-09,90,55,35
2019-03-09,100,52,48
2019-03-09,87,36,51
2019-03-09,73,37,36
2019-03-09,33,19,14
2019-03-09,14,6,8
2019-03-09,22,12,10
2019-03-09,23,16,7
2019-03-09,11,6,5
2019-03-09,8,5,3
2019-03-10,9,7,2
2019-03-10,2,1,1
2019-03-10,,,
2019-03-10,1,0,1
2019-03-10,3,0,3
2019-03-10,3,2,1
2019-03-10,3,2,1
2019-03-10,5,3,2
2019-03-10,16,5,11
2019-03-10,24,9,15
2019-03-10,24,14,10
2019-03-10,51,21,30
2019-03-10,86,65,21
2019-03-10,101,49,52
2019-03-10,115,77,38
2019-03-10,153,90,63
2019-03-10,113,51,62
2019-03-10,85,36,49
2019-03-10,47,15,32
2019-03-10,34,18,16
2019-03-10,19,7,12
2019-03-10,9,4,5
2019-03-10,3,2,1
2019-03-10,4,3,1
2019-03-11,2,1,1
2019-03-11,2,0,2
2019-03-11,0,0,0
2019-03-11,2,1,1
2019-03-11,7,5,2
2019-03-11,21,5,16
2019-03-11,45,9,36
2019-03-11,149,19,130
2019-03-11,285,25,260
2019-03-11,190,22,168
2019-03-11,78,24,54
2019-03-11,36,13,23
2019-03-11,25,9,16
2019-03-11,39,26,13
2019-03-11,32,23,9
2019-03-11,64,50,14
2019-03-11,181,158,23
2019-03-11,268,242,26
2019-03-11,181,160,21
2019-03-11,76,60,16
2019-03-11,25,15,10
2019-03-11,12,9,3
2019-03-11,3,3,0
2019-03-11,4,1,3
2019-03-12,0,0,0
2019-03-12,0,0,0
2019-03-12,0,0,0
2019-03-12,0,0,0
2019-03-12,4,1,3
2019-03-12,13,3,10
2019-03-12,28,3,25
2019-03-12,135,20,115
2019-03-12,216,18,198
2019-03-12,141,22,119
2019-03-12,53,10,43
2019-03-12,22,6,16
2019-03-12,20,4,16
2019-03-12,27,17,10
2019-03-12,28,18,10
2019-03-12,48,35,13
2019-03-12,128,109,19
2019-03-12,247,211,36
2019-03-12,174,148,26
2019-03-12,75,58,17
2019-03-12,40,27,13
2019-03-12,21,15,6
2019-03-12,15,11,4
2019-03-12,4,3,1
2019-03-13,3,2,1
2019-03-13,0,0,0
2019-03-13,0,0,0
2019-03-13,1,1,0
2019-03-13,6,5,1
2019-03-13,29,6,23
2019-03-13,59,10,49
2019-03-13,159,21,138
2019-03-13,273,21,252
2019-03-13,141,24,117
2019-03-13,75,19,56
2019-03-13,45,14,31
2019-03-13,42,18,24
2019-03-13,25,18,7
2019-03-13,49,32,17
2019-03-13,72,56,16
2019-03-13,198,157,41
2019-03-13,347,281,66
2019-03-13,216,183,33
2019-03-13,84,64,20
2019-03-13,45,33,12
2019-03-13,32,22,10
2019-03-13,19,12,7
2019-03-13,7,3,4
2019-03-14,3,3,0
2019-03-14,1,1,0
2019-03-14,1,0,1
2019-03-14,1,1,0
2019-03-14,6,3,3
2019-03-14,18,4,14
2019-03-14,48,7,41
2019-03-14,170,26,144
2019-03-14,302,30,272
2019-03-14,190,27,163
2019-03-14,73,17,56
2019-03-14,49,18,31
2019-03-14,39,25,14
2019-03-14,42,23,19
2019-03-14,47,24,23
2019-03-14,84,62,22
2019-03-14,169,140,29
2019-03-14,336,280,56
2019-03-14,196,163,33
2019-03-14,91,71,20
2019-03-14,52,33,19
2019-03-14,26,17,9
2019-03-14,12,10,2
2019-03-14,12,8,4
2019-03-15,2,2,0
2019-03-15,3,3,0
2019-03-15,2,1,1
2019-03-15,0,0,0
2019-03-15,5,5,0
2019-03-15,16,4,12
2019-03-15,42,6,36
2019-03-15,151,25,126
2019-03-15,266,24,242
2019-03-15,174,21,153
2019-03-15,80,23,57
2019-03-15,51,21,30
2019-03-15,55,29,26
2019-03-15,71,36,35
2019-03-15,77,53,24
2019-03-15,103,80,23
2019-03-15,236,192,44
2019-03-15,345,291,54
2019-03-15,154,124,30
2019-03-15,65,43,22
2019-03-15,40,31,9
2019-03-15,21,15,6
2019-03-15,15,13,2
2019-03-15,12,9,3
2019-03-16,5,5,0
2019-03-16,8,5,3
2019-03-16,3,1,2
2019-03-16,1,1,0
2019-03-16,2,1,1
2019-03-16,7,0,7
2019-03-16,4,3,1
2019-03-16,17,4,13
2019-03-16,17,8,9
2019-03-16,47,16,31
2019-03-16,51,25,26
2019-03-16,64,25,39
2019-03-16,112,59,53
2019-03-16,109,64,45
2019-03-16,148,90,58
2019-03-16,175,102,73
2019-03-16,139,66,73
2019-03-16,101,60,41
2019-03-16,64,30,34
2019-03-16,42,14,28
2019-03-16,28,11,17
2019-03-16,10,7,3
2019-03-16,21,15,6
2019-03-16,8,4,4
2019-03-17,11,5,6
2019-03-17,9,4,5
2019-03-17,2,2,0
2019-03-17,0,0,0
2019-03-17,4,2,2
2019-03-17,4,1,3
2019-03-17,6,4,2
2019-03-17,15,5,10
2019-03-17,19,7,12
2019-03-17,47,25,22
2019-03-17,69,40,29
2019-03-17,122,72,50
2019-03-17,135,88,47
2019-03-17,201,105,96
2019-03-17,186,109,77
2019-03-17,175,108,67
2019-03-17,164,87,77
2019-03-17,119,62,57
2019-03-17,93,39,54
2019-03-17,53,14,39
2019-03-17,13,8,5
2019-03-17,20,9,11
2019-03-17,4,3,1
2019-03-17,8,7,1
2019-03-18,2,0,2
2019-03-18,0,0,0
2019-03-18,1,1,0
2019-03-18,1,1,0
2019-03-18,6,3,3
2019-03-18,28,6,22
2019-03-18,62,7,55
2019-03-18,208,22,186
2019-03-18,423,29,394
2019-03-18,241,28,213
2019-03-18,102,28,74
2019-03-18,60,24,36
2019-03-18,59,29,30
2019-03-18,70,46,24
2019-03-18,91,53,38
2019-03-18,117,82,35
2019-03-18,307,250,57
2019-03-18,540,452,88
2019-03-18,310,268,42
2019-03-18,149,105,44
2019-03-18,53,33,20
2019-03-18,25,13,12
2019-03-18,13,7,6
2019-03-18,6,3,3
2019-03-19,3,2,1
2019-03-19,1,1,0
2019-03-19,1,1,0
2019-03-19,1,0,1
2019-03-19,3,2,1
2019-03-19,28,6,22
2019-03-19,67,12,55
2019-03-19,272,30,242
2019-03-19,462,38,424
2019-03-19,261,37,224
2019-03-19,103,28,75
2019-03-19,82,37,45
2019-03-19,58,31,27
2019-03-19,73,40,33
2019-03-19,103,73,30
2019-03-19,136,98,38
2019-03-19,329,279,50
2019-03-19,569,480,89
2019-03-19,350,282,68
2019-03-19,189,115,74
2019-03-19,86,54,32
2019-03-19,56,43,13
2019-03-19,37,23,14
2019-03-19,8,5,3
2019-03-20,3,1,2
2019-03-20,2,1,1
2019-03-20,7,3,4
2019-03-20,3,2,1
2019-03-20,6,3,3
2019-03-20,23,8,15
2019-03-20,80,14,66
2019-03-20,276,29,247
2019-03-20,422,37,385
2019-03-20,262,38,224
2019-03-20,89,16,73
2019-03-20,56,15,41
2019-03-20,82,35,47
2019-03-20,79,43,36
2019-03-20,89,54,35
2019-03-20,144,110,34
2019-03-20,320,272,48
2019-03-20,574,498,76
2019-03-20,352,284,68
2019-03-20,161,111,50
2019-03-20,94,57,37
2019-03-20,48,28,20
2019-03-20,36,25,11
2019-03-20,15,13,2
2019-03-21,8,6,2
2019-03-21,1,1,0
2019-03-21,0,0,0
2019-03-21,1,0,1
2019-03-21,2,2,0
2019-03-21,20,4,16
2019-03-21,59,10,49
2019-03-21,223,29,194
2019-03-21,393,35,358
2019-03-21,237,35,202
2019-03-21,98,24,74
2019-03-21,63,23,40
2019-03-21,63,23,40
2019-03-21,64,39,25
2019-03-21,71,39,32
2019-03-21,126,85,41
2019-03-21,253,216,37
2019-03-21,446,379,67
2019-03-21,273,217,56
2019-03-21,124,95,29
2019-03-21,62,41,21
2019-03-21,40,26,14
2019-03-21,25,16,9
2019-03-21,12,10,2
2019-03-22,1,0,1
2019-03-22,2,2,0
2019-03-22,3,3,0
2019-03-22,0,0,0
2019-03-22,5,4,1
2019-03-22,10,3,7
2019-03-22,57,10,47
2019-03-22,196,15,181
2019-03-22,282,43,239
2019-03-22,190,23,167
2019-03-22,76,24,52
2019-03-22,73,32,41
2019-03-22,64,34,30
2019-03-22,69,38,31
2019-03-22,86,55,31
2019-03-22,143,107,36
2019-03-22,191,173,18
2019-03-22,254,219,35
2019-03-22,166,143,23
2019-03-22,62,48,14
2019-03-22,36,25,11
2019-03-22,32,23,9
2019-03-22,18,14,4
2019-03-22,14,8,6
2019-03-23,7,6,1
2019-03-23,5,2,3
2019-03-23,2,2,0
2019-03-23,1,1,0
2019-03-23,2,1,1
2019-03-23,3,2,1
2019-03-23,9,1,8
2019-03-23,18,8,10
2019-03-23,29,12,17
2019-03-23,45,20,25
2019-03-23,52,16,36
2019-03-23,83,41,42
2019-03-23,78,46,32
2019-03-23,87,51,36
2019-03-23,101,53,48
2019-03-23,141,100,41
2019-03-23,113,52,61
2019-03-23,114,69,45
2019-03-23,94,52,42
2019-03-23,49,18,31
2019-03-23,26,16,10
2019-03-23,16,3,13
2019-03-23,19,9,10
2019-03-23,20,17,3
2019-03-24,9,8,1
2019-03-24,9,4,5
2019-03-24,3,1,2
2019-03-24,0,0,0
2019-03-24,2,0,2
2019-03-24,4,2,2
2019-03-24,6,4,2
2019-03-24,12,5,7
2019-03-24,37,17,20
2019-03-24,50,25,25
2019-03-24,65,33,32
2019-03-24,93,47,46
2019-03-24,109,60,49
2019-03-24,121,69,52
2019-03-24,157,97,60
2019-03-24,139,69,70
2019-03-24,84,32,52
2019-03-24,71,38,33
2019-03-24,64,34,30
2019-03-24,37,23,14
2019-03-24,27,10,17
2019-03-24,19,14,5
2019-03-24,7,1,6
2019-03-24,3,0,3
2019-03-25,6,4,2
2019-03-25,1,0,1
2019-03-25,5,5,0
2019-03-25,0,0,0
2019-03-25,5,4,1
2019-03-25,21,5,16
2019-03-25,59,9,50
2019-03-25,184,19,165
2019-03-25,340,32,308
2019-03-25,179,26,153
2019-03-25,68,27,41
2019-03-25,47,20,27
2019-03-25,46,19,27
2019-03-25,45,25,20
2019-03-25,41,33,8
2019-03-25,89,68,21
2019-03-25,199,171,28
2019-03-25,305,275,30
2019-03-25,167,150,17
2019-03-25,58,44,14
2019-03-25,17,16,1
2019-03-25,16,14,2
2019-03-25,14,10,4
2019-03-25,5,3,2
2019-03-26,1,1,0
2019-03-26,2,0,2
2019-03-26,2,1,1
2019-03-26,0,0,0
2019-03-26,4,2,2
2019-03-26,16,2,14
2019-03-26,58,7,51
2019-03-26,223,24,199
2019-03-26,334,25,309
2019-03-26,207,25,182
2019-03-26,85,13,72
2019-03-26,47,20,27
2019-03-26,53,24,29
2019-03-26,56,30,26
2019-03-26,67,43,24
2019-03-26,105,75,30
2019-03-26,241,198,43
2019-03-26,442,374,68
2019-03-26,299,253,46
2019-03-26,118,78,40
2019-03-26,63,36,27
2019-03-26,38,26,12
2019-03-26,21,13,8
2019-03-26,9,7,2
2019-03-27,10,5,5
2019-03-27,5,5,0
2019-03-27,2,1,1
2019-03-27,2,1,1
2019-03-27,8,5,3
2019-03-27,23,3,20
2019-03-27,83,17,66
2019-03-27,241,22,219
2019-03-27,386,46,340
2019-03-27,197,27,170
2019-03-27,78,13,65
2019-03-27,69,26,43
2019-03-27,76,35,41
2019-03-27,44,23,21
2019-03-27,80,52,28
2019-03-27,74,52,22
2019-03-27,227,190,37
2019-03-27,422,369,53
2019-03-27,299,242,57
2019-03-27,128,104,24
2019-03-27,36,24,12
2019-03-27,40,28,12
2019-03-27,19,18,1
2019-03-27,7,5,2
2019-03-28,1,1,0
2019-03-28,3,3,0
2019-03-28,3,1,2
2019-03-28,1,0,1
2019-03-28,5,3,2
2019-03-28,24,4,20
2019-03-28,64,12,52
2019-03-28,200,20,180
2019-03-28,363,48,315
2019-03-28,193,35,158
2019-03-28,92,21,71
2019-03-28,73,29,44
2019-03-28,72,32,40
2019-03-28,65,36,29
2019-03-28,83,42,41
2019-03-28,116,83,33
2019-03-28,253,208,45
2019-03-28,393,326,67
2019-03-28,276,224,52
2019-03-28,109,83,26
2019-03-28,70,45,25
2019-03-28,50,29,21
2019-03-28,24,15,9
2019-03-28,8,6,2
2019-03-29,6,5,1
2019-03-29,3,2,1
2019-03-29,2,1,1
2019-03-29,2,1,1
2019-03-29,9,7,2
2019-03-29,12,4,8
2019-03-29,54,12,42
2019-03-29,204,24,180
2019-03-29,314,40,274
2019-03-29,185,36,149
2019-03-29,79,18,61
2019-03-29,80,44,36
2019-03-29,82,42,40
2019-03-29,69,39,30
2019-03-29,70,43,27
2019-03-29,114,96,18
2019-03-29,226,183,43
2019-03-29,399,344,55
2019-03-29,219,159,60
2019-03-29,98,73,25
2019-03-29,58,32,26
2019-03-29,45,24,21
2019-03-29,23,11,12
2019-03-29,24,17,7
2019-03-30,17,12,5
2019-03-30,4,3,1
2019-03-30,4,3,1
2019-03-30,1,1,0
2019-03-30,3,2,1
2019-03-30,3,0,3
2019-03-30,9,3,6
2019-03-30,20,11,9
2019-03-30,33,13,20
2019-03-30,58,30,28
2019-03-30,68,40,28
2019-03-30,99,62,37
2019-03-30,135,77,58
2019-03-30,193,110,83
2019-03-30,190,101,89
2019-03-30,190,100,90
2019-03-30,172,82,90
2019-03-30,158,78,80
2019-03-30,115,52,63
2019-03-30,69,31,38
2019-03-30,38,15,23
2019-03-30,29,13,16
2019-03-30,17,15,2
2019-03-30,15,11,4
2019-03-31,9,4,5
2019-03-31,8,6,2
2019-03-31,3,1,2
2019-03-31,2,1,1
2019-03-31,4,2,2
2019-03-31,2,1,1
2019-03-31,11,5,6
2019-03-31,18,9,9
2019-03-31,28,14,14
2019-03-31,64,32,32
2019-03-31,74,44,30
2019-03-31,117,69,48
2019-03-31,157,101,56
2019-03-31,164,87,77
2019-03-31,145,77,68
2019-03-31,172,81,91
2019-03-31,152,78,74
2019-03-31,139,78,61
2019-03-31,112,57,55
2019-03-31,70,32,38
2019-03-31,28,14,14
2019-03-31,14,7,7
2019-03-31,17,4,13
2019-03-31,5,3,2
2019-04-01,3,1,2
2019-04-01,6,2,4
2019-04-01,4,3,1
2019-04-01,1,0,1
2019-04-01,8,4,4
2019-04-01,25,10,15
2019-04-01,79,12,67
2019-04-01,248,30,218
2019-04-01,433,26,407
2019-04-01,238,37,201
2019-04-01,91,28,63
2019-04-01,61,25,36
2019-04-01,63,23,40
2019-04-01,66,39,27
2019-04-01,63,46,17
2019-04-01,116,94,22
2019-04-01,289,252,37
2019-04-01,529,460,69
2019-04-01,343,294,49
2019-04-01,131,84,47
2019-04-01,65,40,25
2019-04-01,29,11,18
2019-04-01,20,12,8
2019-04-01,11,7,4
2019-04-02,3,2,1
2019-04-02,1,0,1
2019-04-02,1,1,0
2019-04-02,1,0,1
2019-04-02,8,5,3
2019-04-02,26,5,21
2019-04-02,84,14,70
2019-04-02,296,33,263
2019-04-02,463,45,418
2019-04-02,248,36,212
2019-04-02,103,22,81
2019-04-02,68,22,46
2019-04-02,58,30,28
2019-04-02,71,39,32
2019-04-02,58,38,20
2019-04-02,121,97,24
2019-04-02,277,239,38
2019-04-02,491,432,59
2019-04-02,330,279,51
2019-04-02,130,98,32
2019-04-02,69,48,21
2019-04-02,43,29,14
2019-04-02,28,16,12
2019-04-02,8,7,1
2019-04-03,5,3,2
2019-04-03,5,2,3
2019-04-03,1,0,1
2019-04-03,1,0,1
2019-04-03,8,3,5
2019-04-03,23,4,19
2019-04-03,64,10,54
2019-04-03,245,23,222
2019-04-03,316,28,288
2019-04-03,172,21,151
2019-04-03,66,15,51
2019-04-03,32,12,20
2019-04-03,35,16,19
2019-04-03,41,25,16
2019-04-03,60,33,27
2019-04-03,95,70,25
2019-04-03,207,184,23
2019-04-03,372,337,35
2019-04-03,235,187,48
2019-04-03,88,73,15
2019-04-03,43,30,13
2019-04-03,30,20,10
2019-04-03,12,10,2
2019-04-03,10,9,1
2019-04-04,6,4,2
2019-04-04,0,0,0
2019-04-04,2,2,0
2019-04-04,0,0,0
2019-04-04,2,0,2
2019-04-04,22,3,19
2019-04-04,67,13,54
2019-04-04,237,23,214
2019-04-04,433,40,393
2019-04-04,205,32,173
2019-04-04,82,20,62
2019-04-04,59,24,35
2019-04-04,76,26,50
2019-04-04,68,38,30
2019-04-04,71,44,27
2019-04-04,124,83,41
2019-04-04,261,216,45
2019-04-04,470,408,62
2019-04-04,294,240,54
2019-04-04,127,98,29
2019-04-04,54,39,15
2019-04-04,32,23,9
2019-04-04,13,9,4
2019-04-04,8,7,1
2019-04-05,3,2,1
2019-04-05,1,1,0
2019-04-05,1,1,0
2019-04-05,1,0,1
2019-04-05,5,3,2
2019-04-05,16,3,13
2019-04-05,47,9,38
2019-04-05,168,19,149
2019-04-05,276,28,248
2019-04-05,177,23,154
2019-04-05,53,12,41
2019-04-05,40,18,22
2019-04-05,25,12,13
2019-04-05,17,12,5
2019-04-05,31,23,8
2019-04-05,48,38,10
2019-04-05,174,151,23
2019-04-05,296,261,35
2019-04-05,148,124,24
2019-04-05,79,70,9
2019-04-05,27,19,8
2019-04-05,17,8,9
2019-04-05,8,5,3
2019-04-05,11,7,4
2019-04-06,4,3,1
2019-04-06,8,6,2
2019-04-06,3,0,3
2019-04-06,5,2,3
2019-04-06,3,2,1
2019-04-06,1,0,1
2019-04-06,4,4,0
2019-04-06,15,8,7
2019-04-06,22,9,13
2019-04-06,12,4,8
2019-04-06,26,13,13
2019-04-06,23,10,13
2019-04-06,43,22,21
2019-04-06,46,23,23
2019-04-06,24,10,14
2019-04-06,34,20,14
2019-04-06,58,39,19
2019-04-06,37,27,10
2019-04-06,33,20,13
2019-04-06,22,5,17
2019-04-06,13,5,8
2019-04-06,15,10,5
2019-04-06,11,9,2
2019-04-06,5,5,0
2019-04-07,3,2,1
2019-04-07,4,1,3
2019-04-07,2,0,2
2019-04-07,1,0,1
2019-04-07,2,1,1
2019-04-07,3,1,2
2019-04-07,7,3,4
2019-04-07,13,4,9
2019-04-07,37,19,18
2019-04-07,33,18,15
2019-04-07,31,16,15
2019-04-07,72,38,34
2019-04-07,73,29,44
2019-04-07,58,34,24
2019-04-07,77,42,35
2019-04-07,56,29,27
2019-04-07,89,46,43
2019-04-07,68,35,33
2019-04-07,49,26,23
2019-04-07,36,18,18
2019-04-07,15,8,7
2019-04-07,3,1,2
2019-04-07,4,3,1
2019-04-07,9,6,3
2019-04-08,3,0,3
2019-04-08,0,0,0
2019-04-08,0,0,0
2019-04-08,0,0,0
2019-04-08,6,1,5
2019-04-08,22,6,16
2019-04-08,45,8,37
2019-04-08,179,23,156
2019-04-08,280,23,257
2019-04-08,182,19,163
2019-04-08,55,15,40
2019-04-08,36,12,24
2019-04-08,29,17,12
2019-04-08,35,21,14
2019-04-08,41,29,12
2019-04-08,72,49,23
2019-04-08,178,158,20
2019-04-08,293,257,36
2019-04-08,171,153,18
2019-04-08,91,67,24
2019-04-08,43,32,11
2019-04-08,18,15,3
2019-04-08,9,9,0
2019-04-08,4,2,2
2019-04-09,2,1,1
2019-04-09,0,0,0
2019-04-09,1,1,0
2019-04-09,1,0,1
2019-04-09,4,1,3
2019-04-09,15,5,10
2019-04-09,49,7,42
2019-04-09,224,25,199
2019-04-09,291,37,254
2019-04-09,209,30,179
2019-04-09,74,17,57
2019-04-09,65,25,40
2019-04-09,55,26,29
2019-04-09,59,31,28
2019-04-09,50,31,19
2019-04-09,111,74,37
2019-04-09,203,175,28
2019-04-09,357,302,55
2019-04-09,245,214,31
2019-04-09,111,77,34
2019-04-09,58,33,25
2019-04-09,42,28,14
2019-04-09,13,12,1
2019-04-09,7,7,0
2019-04-10,2,2,0
2019-04-10,2,0,2
2019-04-10,0,0,0
2019-04-10,2,1,1
2019-04-10,6,3,3
2019-04-10,23,5,18
2019-04-10,48,6,42
2019-04-10,171,24,147
2019-04-10,274,29,245
2019-04-10,177,32,145
2019-04-10,62,18,44
2019-04-10,41,18,23
2019-04-10,40,16,24
2019-04-10,37,24,13
2019-04-10,40,26,14
2019-04-10,70,51,19
2019-04-10,154,136,18
2019-04-10,292,266,26
2019-04-10,197,168,29
2019-04-10,64,53,11
2019-04-10,34,24,10
2019-04-10,21,14,7
2019-04-10,17,13,4
2019-04-10,1,1,0
2019-04-11,4,2,2
2019-04-11,1,1,0
2019-04-11,0,0,0
2019-04-11,0,0,0
2019-04-11,3,1,2
2019-04-11,15,4,11
2019-04-11,44,11,33
2019-04-11,136,10,126
2019-04-11,219,22,197
2019-04-11,147,24,123
2019-04-11,53,10,43
2019-04-11,31,6,25
2019-04-11,27,14,13
2019-04-11,31,19,12
2019-04-11,33,20,13
2019-04-11,59,45,14
2019-04-11,142,120,22
2019-04-11,251,208,43
2019-04-11,188,157,31
2019-04-11,60,42,18
2019-04-11,47,36,11
2019-04-11,17,14,3
2019-04-11,12,7,5
2019-04-11,7,7,0
2019-04-12,6,5,1
2019-04-12,1,1,0
2019-04-12,1,0,1
2019-04-12,0,0,0
2019-04-12,3,3,0
2019-04-12,15,7,8
2019-04-12,34,9,25
2019-04-12,137,15,122
2019-04-12,236,28,208
2019-04-12,142,28,114
2019-04-12,70,21,49
2019-04-12,36,18,18
2019-04-12,55,28,27
2019-04-12,51,29,22
2019-04-12,76,50,26
2019-04-12,121,83,38
2019-04-12,182,143,39
2019-04-12,294,252,42
2019-04-12,189,137,52
2019-04-12,67,40,27
2019-04-12,46,29,17
2019-04-12,29,22,7
2019-04-12,15,10,5
2019-04-12,16,10,6
2019-04-13,9,8,1
2019-04-13,10,6,4
2019-04-13,5,3,2
2019-04-13,3,0,3
2019-04-13,3,1,2
2019-04-13,3,1,2
2019-04-13,10,5,5
2019-04-13,16,5,11
2019-04-13,16,4,12
2019-04-13,19,7,12
2019-04-13,24,10,14
2019-04-13,25,9,16
2019-04-13,34,19,15
2019-04-13,32,20,12
2019-04-13,39,20,19
2019-04-13,50,33,17
2019-04-13,33,20,13
2019-04-13,50,29,21
2019-04-13,67,30,37
2019-04-13,45,22,23
2019-04-13,14,7,7
2019-04-13,17,14,3
2019-04-13,9,6,3
2019-04-13,5,4,1
2019-04-14,4,1,3
2019-04-14,3,2,1
2019-04-14,4,2,2
2019-04-14,0,0,0
2019-04-14,3,1,2
2019-04-14,4,1,3
2019-04-14,8,5,3
2019-04-14,8,3,5
2019-04-14,28,13,15
2019-04-14,22,12,10
2019-04-14,43,25,18
2019-04-14,57,27,30
2019-04-14,73,42,31
2019-04-14,59,35,24
2019-04-14,62,35,27
2019-04-14,65,30,35
2019-04-14,56,26,30
2019-04-14,43,26,17
2019-04-14,17,13,4
2019-04-14,20,11,9
2019-04-14,11,6,5
2019-04-14,8,6,2
2019-04-14,5,2,3
2019-04-14,3,3,0
2019-04-15,0,0,0
2019-04-15,1,0,1
2019-04-15,0,0,0
2019-04-15,2,1,1
2019-04-15,5,3,2
2019-04-15,20,5,15
2019-04-15,73,15,58
2019-04-15,223,27,196
2019-04-15,360,48,312
2019-04-15,228,29,199
2019-04-15,75,17,58
2019-04-15,59,15,44
2019-04-15,49,27,22
2019-04-15,59,29,30
2019-04-15,49,31,18
2019-04-15,96,79,17
2019-04-15,232,189,43
2019-04-15,447,382,65
2019-04-15,267,223,44
2019-04-15,96,69,27
2019-04-15,53,32,21
2019-04-15,25,16,9
2019-04-15,12,6,6
2019-04-15,8,3,5
2019-04-16,4,4,0
2019-04-16,0,0,0
2019-04-16,0,0,0
2019-04-16,2,1,1
2019-04-16,4,1,3
2019-04-16,24,6,18
2019-04-16,72,12,60
2019-04-16,258,43,215
2019-04-16,342,33,309
2019-04-16,215,33,182
2019-04-16,78,22,56
2019-04-16,43,9,34
2019-04-16,33,13,20
2019-04-16,53,35,18
2019-04-16,72,47,25
2019-04-16,88,66,22
2019-04-16,233,194,39
2019-04-16,377,323,54
2019-04-16,215,185,30
2019-04-16,69,60,9
2019-04-16,49,36,13
2019-04-16,24,23,1
2019-04-16,5,1,4
2019-04-16,6,6,0
2019-04-17,3,2,1
2019-04-17,2,2,0
2019-04-17,2,1,1
2019-04-17,2,0,2
2019-04-17,9,5,4
2019-04-17,20,5,15
2019-04-17,64,11,53
2019-04-17,251,30,221
2019-04-17,348,37,311
2019-04-17,182,36,146
2019-04-17,69,18,51
2019-04-17,25,9,16
2019-04-17,47,27,20
2019-04-17,52,30,22
2019-04-17,62,35,27
2019-04-17,80,48,32
2019-04-17,250,219,31
2019-04-17,410,347,63
2019-04-17,263,204,59
2019-04-17,136,98,38
2019-04-17,72,51,21
2019-04-17,26,19,7
2019-04-17,20,14,6
2019-04-17,9,8,1
2019-04-18,7,3,4
2019-04-18,2,1,1
2019-04-18,1,0,1
2019-04-18,2,0,2
2019-04-18,5,1,4
2019-04-18,21,5,16
2019-04-18,52,11,41
2019-04-18,149,22,127
2019-04-18,262,31,231
2019-04-18,139,16,123
2019-04-18,77,19,58
2019-04-18,36,13,23
2019-04-18,42,14,28
2019-04-18,45,27,18
2019-04-18,71,40,31
2019-04-18,88,69,19
2019-04-18,169,132,37
2019-04-18,297,256,41
2019-04-18,182,144,38
2019-04-18,81,62,19
2019-04-18,51,31,20
2019-04-18,21,13,8
2019-04-18,8,7,1
2019-04-18,9,6,3
2019-04-19,3,2,1
2019-04-19,3,3,0
2019-04-19,0,0,0
2019-04-19,3,1,2
2019-04-19,3,3,0
2019-04-19,13,4,9
2019-04-19,53,10,43
2019-04-19,129,17,112
2019-04-19,220,23,197
2019-04-19,141,18,123
2019-04-19,72,20,52
2019-04-19,56,16,40
2019-04-19,33,23,10
2019-04-19,41,27,14
2019-04-19,53,40,13
2019-04-19,65,51,14
2019-04-19,146,133,13
2019-04-19,209,186,23
2019-04-19,103,91,12
2019-04-19,45,40,5
2019-04-19,25,18,7
2019-04-19,17,15,2
2019-04-19,13,10,3
2019-04-19,12,8,4
2019-04-20,6,5,1
2019-04-20,5,2,3
2019-04-20,2,2,0
2019-04-20,6,4,2
2019-04-20,3,1,2
2019-04-20,3,0,3
2019-04-20,13,4,9
2019-04-20,34,19,15
2019-04-20,31,13,18
2019-04-20,46,31,15
2019-04-20,71,31,40
2019-04-20,89,36,53
2019-04-20,110,63,47
2019-04-20,132,76,56
2019-04-20,148,79,69
2019-04-20,124,71,53
2019-04-20,121,66,55
2019-04-20,100,55,45
2019-04-20,100,43,57
2019-04-20,77,39,38
2019-04-20,38,17,21
2019-04-20,30,17,13
2019-04-20,12,5,7
2019-04-20,13,11,2
2019-04-21,11,6,5
2019-04-21,15,5,10
2019-04-21,4,3,1
2019-04-21,6,1,5
2019-04-21,2,0,2
2019-04-21,2,1,1
2019-04-21,8,6,2
2019-04-21,16,4,12
2019-04-21,30,16,14
2019-04-21,49,29,20
2019-04-21,52,22,30
2019-04-21,77,56,21
2019-04-21,103,64,39
2019-04-21,106,60,46
2019-04-21,101,63,38
2019-04-21,157,77,80
2019-04-21,103,50,53
2019-04-21,101,44,57
2019-04-21,86,41,45
2019-04-21,40,26,14
2019-04-21,29,9,20
2019-04-21,19,11,8
2019-04-21,6,5,1
2019-04-21,6,5,1
2019-04-22,4,0,4
2019-04-22,4,4,0
2019-04-22,3,2,1
2019-04-22,1,0,1
2019-04-22,5,3,2
2019-04-22,23,6,17
2019-04-22,63,16,47
2019-04-22,184,24,160
2019-04-22,322,29,293
2019-04-22,212,32,180
2019-04-22,65,16,49
2019-04-22,35,10,25
2019-04-22,44,20,24
2019-04-22,41,22,19
2019-04-22,42,31,11
2019-04-22,63,45,18
2019-04-22,182,155,27
2019-04-22,306,282,24
2019-04-22,195,177,18
2019-04-22,71,62,9
2019-04-22,26,20,6
2019-04-22,22,17,5
2019-04-22,13,9,4
2019-04-22,7,4,3
2019-04-23,4,2,2
2019-04-23,6,2,4
2019-04-23,2,0,2
2019-04-23,4,2,2
2019-04-23,5,3,2
2019-04-23,22,3,19
2019-04-23,74,15,59
2019-04-23,256,38,218
2019-04-23,361,40,321
2019-04-23,198,28,170
2019-04-23,72,18,54
2019-04-23,57,21,36
2019-04-23,56,24,32
2019-04-23,58,32,26
2019-04-23,65,47,18
2019-04-23,106,75,31
2019-04-23,226,173,53
2019-04-23,440,381,59
2019-04-23,302,258,44
2019-04-23,121,89,32
2019-04-23,61,39,22
2019-04-23,30,19,11
2019-04-23,25,17,8
2019-04-23,6,4,2
2019-04-24,8,4,4
2019-04-24,0,0,0
2019-04-24,2,1,1
2019-04-24,1,0,1
2019-04-24,5,3,2
2019-04-24,19,5,14
2019-04-24,83,15,68
2019-04-24,278,29,249
2019-04-24,403,43,360
2019-04-24,241,24,217
2019-04-24,95,21,74
2019-04-24,47,18,29
2019-04-24,58,31,27
2019-04-24,84,47,37
2019-04-24,86,53,33
2019-04-24,120,75,45
2019-04-24,272,225,47
2019-04-24,467,386,81
2019-04-24,326,277,49
2019-04-24,169,114,55
2019-04-24,86,55,31
2019-04-24,39,25,14
2019-04-24,28,24,4
2019-04-24,14,9,5
2019-04-25,4,3,1
2019-04-25,4,4,0
2019-04-25,3,3,0
2019-04-25,1,1,0
2019-04-25,5,4,1
2019-04-25,18,3,15
2019-04-25,68,12,56
2019-04-25,268,32,236
2019-04-25,411,52,359
2019-04-25,223,43,180
2019-04-25,83,26,57
2019-04-25,70,27,43
2019-04-25,54,26,28
2019-04-25,62,35,27
2019-04-25,72,40,32
2019-04-25,124,89,35
2019-04-25,233,180,53
2019-04-25,448,392,56
2019-04-25,261,210,51
2019-04-25,117,91,26
2019-04-25,64,44,20
2019-04-25,42,28,14
2019-04-25,39,26,13
2019-04-25,14,11,3
2019-04-26,5,2,3
2019-04-26,7,7,0
2019-04-26,0,0,0
2019-04-26,3,1,2
2019-04-26,2,1,1
2019-04-26,19,4,15
2019-04-26,66,19,47
2019-04-26,200,30,170
2019-04-26,376,51,325
2019-04-26,202,32,170
2019-04-26,90,19,71
2019-04-26,67,35,32
2019-04-26,67,29,38
2019-04-26,71,44,27
2019-04-26,80,54,26
2019-04-26,143,90,53
2019-04-26,273,216,57
2019-04-26,423,345,78
2019-04-26,231,191,40
2019-04-26,106,75,31
2019-04-26,47,24,23
2019-04-26,33,24,9
2019-04-26,31,26,5
2019-04-26,22,17,5
2019-04-27,22,20,2
2019-04-27,6,5,1
2019-04-27,1,1,0
2019-04-27,1,0,1
2019-04-27,1,1,0
2019-04-27,3,0,3
2019-04-27,9,1,8
2019-04-27,18,10,8
2019-04-27,37,19,18
2019-04-27,58,22,36
2019-04-27,87,41,46
2019-04-27,93,50,43
2019-04-27,110,53,57
2019-04-27,65,40,25
2019-04-27,90,50,40
2019-04-27,78,33,45
2019-04-27,53,25,28
2019-04-27,56,37,19
2019-04-27,72,32,40
2019-04-27,65,36,29
2019-04-27,28,16,12
2019-04-27,16,9,7
2019-04-27,19,14,5
2019-04-27,16,6,10
2019-04-28,10,5,5
2019-04-28,5,3,2
2019-04-28,3,2,1
2019-04-28,2,0,2
2019-04-28,5,2,3
2019-04-28,2,1,1
2019-04-28,11,4,7
2019-04-28,10,5,5
2019-04-28,43,24,19
2019-04-28,42,20,22
2019-04-28,64,40,24
2019-04-28,129,61,68
2019-04-28,164,86,78
2019-04-28,143,84,59
2019-04-28,184,106,78
2019-04-28,162,80,82
2019-04-28,167,80,87
2019-04-28,148,77,71
2019-04-28,96,44,52
2019-04-28,57,20,37
2019-04-28,42,22,20
2019-04-28,19,7,12
2019-04-28,9,7,2
2019-04-28,7,6,1
2019-04-29,6,3,3
2019-04-29,1,1,0
2019-04-29,0,0,0
2019-04-29,3,2,1
2019-04-29,4,3,1
2019-04-29,23,9,14
2019-04-29,77,14,63
2019-04-29,284,35,249
2019-04-29,463,58,405
2019-04-29,257,38,219
2019-04-29,96,29,67
2019-04-29,59,26,33
2019-04-29,76,32,44
2019-04-29,55,22,33
2019-04-29,100,60,40
2019-04-29,131,94,37
2019-04-29,284,236,48
2019-04-29,557,492,65
2019-04-29,307,263,44
2019-04-29,162,116,46
2019-04-29,65,36,29
2019-04-29,29,17,12
2019-04-29,19,10,9
2019-04-29,11,9,2
2019-04-30,4,4,0
2019-04-30,2,0,2
2019-04-30,1,1,0
2019-04-30,2,1,1
2019-04-30,5,1,4
2019-04-30,25,5,20
2019-04-30,90,16,74
2019-04-30,304,35,269
2019-04-30,477,58,419
2019-04-30,271,51,220
2019-04-30,103,24,79
2019-04-30,78,31,47
2019-04-30,65,32,33
2019-04-30,87,44,43
2019-04-30,91,52,39
2019-04-30,142,95,47
2019-04-30,336,268,68
2019-04-30,529,441,88
2019-04-30,370,292,78
2019-04-30,191,123,68
2019-04-30,97,64,33
2019-04-30,55,27,28
2019-04-30,28,20,8
2019-04-30,19,14,5
2019-05-01,4,3,1
2019-05-01,3,2,1
2019-05-01,3,1,2
2019-05-01,3,2,1
2019-05-01,5,2,3
2019-05-01,30,8,22
2019-05-01,106,20,86
2019-05-01,339,43,296
2019-05-01,463,46,417
2019-05-01,264,47,217
2019-05-01,105,31,74
2019-05-01,70,24,46
2019-05-01,75,33,42
2019-05-01,97,56,41
2019-05-01,96,62,34
2019-05-01,135,103,32
2019-05-01,331,274,57
2019-05-01,546,471,75
2019-05-01,323,258,65
2019-05-01,158,125,33
2019-05-01,89,56,33
2019-05-01,50,31,19
2019-05-01,45,28,17
2019-05-01,13,12,1
2019-05-02,3,1,2
2019-05-02,1,1,0
2019-05-02,1,1,0
2019-05-02,2,0,2
2019-05-02,3,2,1
2019-05-02,23,6,17
2019-05-02,85,10,75
2019-05-02,278,29,249
2019-05-02,437,57,380
2019-05-02,232,30,202
2019-05-02,106,32,74
2019-05-02,61,20,41
2019-05-02,61,28,33
2019-05-02,75,42,33
2019-05-02,91,63,28
2019-05-02,107,81,26
2019-05-02,239,201,38
2019-05-02,505,448,57
2019-05-02,287,236,51
2019-05-02,126,98,28
2019-05-02,88,62,26
2019-05-02,41,25,16
2019-05-02,26,15,11
2019-05-02,12,8,4
2019-05-03,13,11,2
2019-05-03,4,2,2
2019-05-03,5,5,0
2019-05-03,1,0,1
2019-05-03,4,3,1
2019-05-03,19,8,11
2019-05-03,78,18,60
2019-05-03,227,32,195
2019-05-03,339,36,303
2019-05-03,210,32,178
2019-05-03,93,31,62
2019-05-03,72,30,42
2019-05-03,78,33,45
2019-05-03,76,36,40
2019-05-03,95,65,30
2019-05-03,145,106,39
2019-05-03,286,247,39
2019-05-03,396,337,59
2019-05-03,241,195,46
2019-05-03,107,75,32
2019-05-03,70,44,26
2019-05-03,26,14,12
2019-05-03,24,17,7
2019-05-03,29,20,9
2019-05-04,17,7,10
2019-05-04,8,1,7
2019-05-04,2,2,0
2019-05-04,5,1,4
2019-05-04,5,4,1
2019-05-04,1,0,1
2019-05-04,16,9,7
2019-05-04,35,18,17
2019-05-04,50,23,27
2019-05-04,66,30,36
2019-05-04,103,61,42
2019-05-04,116,60,56
2019-05-04,193,99,94
2019-05-04,154,95,59
2019-05-04,184,100,84
2019-05-04,178,108,70
2019-05-04,171,88,83
2019-05-04,174,98,76
2019-05-04,107,62,45
2019-05-04,96,41,55
2019-05-04,48,10,38
2019-05-04,25,12,13
2019-05-04,22,13,9
2019-05-04,12,7,5
2019-05-05,23,15,8
2019-05-05,10,4,6
2019-05-05,8,7,1
2019-05-05,6,3,3
2019-05-05,6,3,3
2019-05-05,4,3,1
2019-05-05,5,3,2
2019-05-05,27,9,18
2019-05-05,49,20,29
2019-05-05,82,46,36
2019-05-05,87,43,44
2019-05-05,120,78,42
2019-05-05,170,108,62
2019-05-05,156,92,64
2019-05-05,198,109,89
2019-05-05,205,86,119
2019-05-05,209,109,100
2019-05-05,151,82,69
2019-05-05,79,38,41
2019-05-05,58,27,31
2019-05-05,51,26,25
2019-05-05,19,7,12
2019-05-05,5,4,1
2019-05-05,19,13,6
2019-05-06,4,2,2
2019-05-06,1,1,0
2019-05-06,0,0,0
2019-05-06,2,0,2
2019-05-06,5,4,1
2019-05-06,32,8,24
2019-05-06,98,24,74
2019-05-06,319,31,288
2019-05-06,513,49,464
2019-05-06,300,47,253
2019-05-06,111,26,85
2019-05-06,46,20,26
2019-05-06,79,42,37
2019-05-06,88,48,40
2019-05-06,93,51,42
2019-05-06,144,105,39
2019-05-06,347,284,63
2019-05-06,575,496,79
2019-05-06,372,322,50
2019-05-06,208,149,59
2019-05-06,91,55,36
2019-05-06,59,28,31
2019-05-06,35,21,14
2019-05-06,13,10,3
2019-05-07,2,0,2
2019-05-07,1,1,0
2019-05-07,1,0,1
2019-05-07,0,0,0
2019-05-07,4,2,2
2019-05-07,29,9,20
2019-05-07,119,21,98
2019-05-07,378,45,333
2019-05-07,534,61,473
2019-05-07,289,57,232
2019-05-07,107,20,87
2019-05-07,76,37,39
2019-05-07,70,30,40
2019-05-07,98,50,48
2019-05-07,89,64,25
2019-05-07,147,85,62
2019-05-07,357,290,67
2019-05-07,667,585,82
2019-05-07,398,322,76
2019-05-07,192,136,56
2019-05-07,118,70,48
2019-05-07,69,45,24
2019-05-07,35,21,14
2019-05-07,27,18,9
2019-05-08,4,2,2
2019-05-08,1,1,0
2019-05-08,4,4,0
2019-05-08,1,1,0
2019-05-08,5,2,3
2019-05-08,33,6,27
2019-05-08,108,26,82
2019-05-08,368,42,326
2019-05-08,508,68,440
2019-05-08,271,44,227
2019-05-08,107,25,82
2019-05-08,78,23,55
2019-05-08,135,60,75
2019-05-08,83,56,27
2019-05-08,97,62,35
2019-05-08,105,71,34
2019-05-08,387,318,69
2019-05-08,606,522,84
2019-05-08,381,313,68
2019-05-08,198,133,65
2019-05-08,98,61,37
2019-05-08,65,35,30
2019-05-08,34,28,6
2019-05-08,23,15,8
2019-05-09,16,7,9
2019-05-09,6,6,0
2019-05-09,3,2,1
2019-05-09,1,0,1
2019-05-09,6,4,2
2019-05-09,31,10,21
2019-05-09,100,19,81
2019-05-09,376,49,327
2019-05-09,493,63,430
2019-05-09,275,53,222
2019-05-09,103,34,69
2019-05-09,80,25,55
2019-05-09,104,42,62
2019-05-09,94,52,42
2019-05-09,116,67,49
2019-05-09,161,113,48
2019-05-09,363,294,69
2019-05-09,593,505,88
2019-05-09,381,313,68
2019-05-09,179,132,47
2019-05-09,115,75,40
2019-05-09,64,36,28
2019-05-09,26,20,6
2019-05-09,19,10,9
2019-05-10,13,8,5
2019-05-10,8,6,2
2019-05-10,2,2,0
2019-05-10,4,1,3
2019-05-10,6,5,1
2019-05-10,17,4,13
2019-05-10,104,22,82
2019-05-10,268,30,238
2019-05-10,477,70,407
2019-05-10,254,46,208
2019-05-10,119,35,84
2019-05-10,81,37,44
2019-05-10,91,48,43
2019-05-10,130,69,61
2019-05-10,124,87,37
2019-05-10,204,147,57
2019-05-10,371,300,71
2019-05-10,520,428,92
2019-05-10,314,229,85
2019-05-10,158,104,54
2019-05-10,81,46,35
2019-05-10,59,21,38
2019-05-10,49,35,14
2019-05-10,26,18,8
2019-05-11,20,12,8
2019-05-11,11,7,4
2019-05-11,1,0,1
2019-05-11,0,0,0
2019-05-11,5,3,2
2019-05-11,6,0,6
2019-05-11,18,5,13
2019-05-11,34,15,19
2019-05-11,66,30,36
2019-05-11,86,37,49
2019-05-11,99,48,51
2019-05-11,126,72,54
2019-05-11,158,106,52
2019-05-11,170,88,82
2019-05-11,153,82,71
2019-05-11,194,121,73
2019-05-11,138,68,70
2019-05-11,154,88,66
2019-05-11,134,49,85
2019-05-11,79,36,43
2019-05-11,70,24,46
2019-05-11,65,34,31
2019-05-11,23,10,13
2019-05-11,21,17,4
2019-05-12,13,6,7
2019-05-12,12,7,5
2019-05-12,3,2,1
2019-05-12,6,5,1
2019-05-12,1,1,0
2019-05-12,3,2,1
2019-05-12,12,5,7
2019-05-12,24,8,16
2019-05-12,27,15,12
2019-05-12,34,17,17
2019-05-12,54,34,20
2019-05-12,83,38,45
2019-05-12,75,45,30
2019-05-12,81,42,39
2019-05-12,120,76,44
2019-05-12,100,69,31
2019-05-12,121,49,72
2019-05-12,96,52,44
2019-05-12,59,27,32
2019-05-12,61,34,27
2019-05-12,47,27,20
2019-05-12,15,5,10
2019-05-12,14,6,8
2019-05-12,8,5,3
2019-05-13,2,1,1
2019-05-13,3,3,0
2019-05-13,1,1,0
2019-05-13,3,2,1
2019-05-13,4,3,1
2019-05-13,25,6,19
2019-05-13,106,18,88
2019-05-13,286,21,265
2019-05-13,468,49,419
2019-05-13,248,43,205
2019-05-13,104,19,85
2019-05-13,59,18,41
2019-05-13,67,38,29
2019-05-13,51,27,24
2019-05-13,80,55,25
2019-05-13,129,92,37
2019-05-13,319,278,41
2019-05-13,545,477,68
2019-05-13,357,302,55
2019-05-13,151,98,53
2019-05-13,75,49,26
2019-05-13,50,26,24
2019-05-13,19,13,6
2019-05-13,12,8,4
2019-05-14,3,3,0
2019-05-14,4,2,2
2019-05-14,0,0,0
2019-05-14,0,0,0
2019-05-14,4,2,2
2019-05-14,23,5,18
2019-05-14,87,12,75
2019-05-14,247,29,218
2019-05-14,315,31,284
2019-05-14,164,20,144
2019-05-14,44,11,33
2019-05-14,23,11,12
2019-05-14,19,7,12
2019-05-14,23,10,13
2019-05-14,54,41,13
2019-05-14,64,49,15
2019-05-14,208,176,32
2019-05-14,390,345,45
2019-05-14,260,223,37
2019-05-14,104,73,31
2019-05-14,57,40,17
2019-05-14,21,15,6
2019-05-14,0,0,0
2019-05-14,0,0,0
2019-05-15,0,0,0
2019-05-15,0,0,0
2019-05-15,0,0,0
2019-05-15,0,0,0
2019-05-15,0,0,0
2019-05-15,0,0,0
2019-05-15,0,0,0
2019-05-15,0,0,0
2019-05-15,0,0,0
2019-05-15,0,0,0
2019-05-15,0,0,0
2019-05-15,0,0,0
2019-05-15,0,0,0
2019-05-15,0,0,0
2019-05-15,0,0,0
2019-05-15,0,0,0
2019-05-15,0,0,0
2019-05-15,0,0,0
2019-05-15,0,0,0
2019-05-15,0,0,0
2019-05-15,0,0,0
2019-05-15,0,0,0
2019-05-15,0,0,0
2019-05-15,0,0,0
2019-05-16,0,0,0
2019-05-16,0,0,0
2019-05-16,0,0,0
2019-05-16,0,0,0
2019-05-16,0,0,0
2019-05-16,0,0,0
2019-05-16,0,0,0
2019-05-16,0,0,0
2019-05-16,0,0,0
2019-05-16,0,0,0
2019-05-16,0,0,0
2019-05-16,0,0,0
2019-05-16,0,0,0
2019-05-16,0,0,0
2019-05-16,0,0,0
2019-05-16,0,0,0
2019-05-16,0,0,0
2019-05-16,0,0,0
2019-05-16,0,0,0
2019-05-16,0,0,0
2019-05-16,0,0,0
2019-05-16,0,0,0
2019-05-16,0,0,0
2019-05-16,0,0,0
2019-05-17,0,0,0
2019-05-17,0,0,0
2019-05-17,0,0,0
2019-05-17,0,0,0
2019-05-17,0,0,0
2019-05-17,0,0,0
2019-05-17,0,0,0
2019-05-17,0,0,0
2019-05-17,0,0,0
2019-05-17,0,0,0
2019-05-17,0,0,0
2019-05-17,0,0,0
2019-05-17,0,0,0
2019-05-17,0,0,0
2019-05-17,0,0,0
2019-05-17,0,0,0
2019-05-17,0,0,0
2019-05-17,0,0,0
2019-05-17,0,0,0
2019-05-17,0,0,0
2019-05-17,0,0,0
2019-05-17,0,0,0
2019-05-17,0,0,0
2019-05-17,0,0,0
2019-05-18,0,0,0
2019-05-18,0,0,0
2019-05-18,0,0,0
2019-05-18,0,0,0
2019-05-18,0,0,0
2019-05-18,0,0,0
2019-05-18,0,0,0
2019-05-18,0,0,0
2019-05-18,0,0,0
2019-05-18,0,0,0
2019-05-18,0,0,0
2019-05-18,0,0,0
2019-05-18,0,0,0
2019-05-18,0,0,0
2019-05-18,0,0,0
2019-05-18,0,0,0
2019-05-18,0,0,0
2019-05-18,0,0,0
2019-05-18,0,0,0
2019-05-18,0,0,0
2019-05-18,0,0,0
2019-05-18,0,0,0
2019-05-18,0,0,0
2019-05-18,0,0,0
2019-05-19,0,0,0
2019-05-19,0,0,0
2019-05-19,0,0,0
2019-05-19,0,0,0
2019-05-19,0,0,0
2019-05-19,0,0,0
2019-05-19,0,0,0
2019-05-19,0,0,0
2019-05-19,2,2,0
2019-05-19,0,0,0
2019-05-19,0,0,0
2019-05-19,0,0,0
2019-05-19,0,0,0
2019-05-19,0,0,0
2019-05-19,0,0,0
2019-05-19,0,0,0
2019-05-19,0,0,0
2019-05-19,0,0,0
2019-05-19,0,0,0
2019-05-19,0,0,0
2019-05-19,0,0,0
2019-05-19,0,0,0
2019-05-19,0,0,0
2019-05-19,0,0,0
2019-05-20,0,0,0
2019-05-20,0,0,0
2019-05-20,0,0,0
2019-05-20,0,0,0
2019-05-20,0,0,0
2019-05-20,0,0,0
2019-05-20,0,0,0
2019-05-20,0,0,0
2019-05-20,0,0,0
2019-05-20,0,0,0
2019-05-20,0,0,0
2019-05-20,0,0,0
2019-05-20,0,0,0
2019-05-20,0,0,0
2019-05-20,0,0,0
2019-05-20,0,0,0
2019-05-20,0,0,0
2019-05-20,0,0,0
2019-05-20,0,0,0
2019-05-20,0,0,0
2019-05-20,0,0,0
2019-05-20,0,0,0
2019-05-20,0,0,0
2019-05-20,0,0,0
2019-05-21,0,0,0
2019-05-21,0,0,0
2019-05-21,0,0,0
2019-05-21,0,0,0
2019-05-21,0,0,0
2019-05-21,0,0,0
2019-05-21,0,0,0
2019-05-21,0,0,0
2019-05-21,0,0,0
2019-05-21,0,0,0
2019-05-21,0,0,0
2019-05-21,0,0,0
2019-05-21,0,0,0
2019-05-21,0,0,0
2019-05-21,0,0,0
2019-05-21,0,0,0
2019-05-21,0,0,0
2019-05-21,0,0,0
2019-05-21,0,0,0
2019-05-21,0,0,0
2019-05-21,0,0,0
2019-05-21,0,0,0
2019-05-21,0,0,0
2019-05-21,0,0,0
2019-05-22,0,0,0
2019-05-22,0,0,0
2019-05-22,0,0,0
2019-05-22,0,0,0
2019-05-22,0,0,0
2019-05-22,0,0,0
2019-05-22,0,0,0
2019-05-22,0,0,0
2019-05-22,0,0,0
2019-05-22,0,0,0
2019-05-22,0,0,0
2019-05-22,0,0,0
2019-05-22,0,0,0
2019-05-22,0,0,0
2019-05-22,0,0,0
2019-05-22,0,0,0
2019-05-22,0,0,0
2019-05-22,0,0,0
2019-05-22,0,0,0
2019-05-22,0,0,0
2019-05-22,0,0,0
2019-05-22,0,0,0
2019-05-22,0,0,0
2019-05-22,0,0,0
2019-05-23,0,0,0
2019-05-23,0,0,0
2019-05-23,0,0,0
2019-05-23,0,0,0
2019-05-23,0,0,0
2019-05-23,0,0,0
2019-05-23,0,0,0
2019-05-23,0,0,0
2019-05-23,0,0,0
2019-05-23,0,0,0
2019-05-23,0,0,0
2019-05-23,0,0,0
2019-05-23,0,0,0
2019-05-23,0,0,0
2019-05-23,70,42,28
2019-05-23,154,116,38
2019-05-23,380,307,73
2019-05-23,532,460,72
2019-05-23,425,333,92
2019-05-23,224,154,70
2019-05-23,122,76,46
2019-05-23,85,38,47
2019-05-23,47,30,17
2019-05-23,17,12,5
2019-05-24,15,11,4
2019-05-24,3,2,1
2019-05-24,0,0,0
2019-05-24,1,0,1
2019-05-24,6,5,1
2019-05-24,20,5,15
2019-05-24,73,18,55
2019-05-24,176,16,160
2019-05-24,271,38,233
2019-05-24,156,26,130
2019-05-24,59,10,49
2019-05-24,77,32,45
2019-05-24,55,31,24
2019-05-24,90,60,30
2019-05-24,94,68,26
2019-05-24,140,104,36
2019-05-24,235,196,39
2019-05-24,302,250,52
2019-05-24,170,123,47
2019-05-24,94,71,23
2019-05-24,49,27,22
2019-05-24,29,21,8
2019-05-24,23,14,9
2019-05-24,13,9,4
2019-05-25,13,9,4
2019-05-25,7,3,4
2019-05-25,7,5,2
2019-05-25,4,2,2
2019-05-25,2,2,0
2019-05-25,5,1,4
2019-05-25,10,2,8
2019-05-25,24,13,11
2019-05-25,24,9,15
2019-05-25,45,24,21
2019-05-25,67,34,33
2019-05-25,85,44,41
2019-05-25,49,18,31
2019-05-25,36,21,15
2019-05-25,23,13,10
2019-05-25,26,18,8
2019-05-25,23,11,12
2019-05-25,13,5,8
2019-05-25,23,14,9
2019-05-25,37,24,13
2019-05-25,31,17,14
2019-05-25,17,13,4
2019-05-25,9,7,2
2019-05-25,6,3,3
2019-05-26,10,5,5
2019-05-26,2,1,1
2019-05-26,3,3,0
2019-05-26,1,0,1
2019-05-26,1,1,0
2019-05-26,6,1,5
2019-05-26,18,3,15
2019-05-26,46,9,37
2019-05-26,37,18,19
2019-05-26,61,33,28
2019-05-26,81,43,38
2019-05-26,90,54,36
2019-05-26,115,62,53
2019-05-26,153,82,71
2019-05-26,180,92,88
2019-05-26,186,96,90
2019-05-26,163,93,70
2019-05-26,149,72,77
2019-05-26,130,58,72
2019-05-26,100,54,46
2019-05-26,65,39,26
2019-05-26,40,24,16
2019-05-26,18,10,8
2019-05-26,20,11,9
2019-05-27,6,4,2
2019-05-27,1,1,0
2019-05-27,4,2,2
2019-05-27,5,3,2
2019-05-27,0,0,0
2019-05-27,5,1,4
2019-05-27,9,3,6
2019-05-27,21,6,15
2019-05-27,35,17,18
2019-05-27,70,35,35
2019-05-27,129,71,58
2019-05-27,218,80,138
2019-05-27,207,110,97
2019-05-27,242,142,100
2019-05-27,271,152,119
2019-05-27,265,156,109
2019-05-27,226,111,115
2019-05-27,197,110,87
2019-05-27,142,81,61
2019-05-27,118,56,62
2019-05-27,86,51,35
2019-05-27,38,21,17
2019-05-27,15,9,6
2019-05-27,10,7,3
2019-05-28,4,3,1
2019-05-28,0,0,0
2019-05-28,5,3,2
2019-05-28,3,1,2
2019-05-28,3,2,1
2019-05-28,30,9,21
2019-05-28,106,15,91
2019-05-28,293,34,259
2019-05-28,442,37,405
2019-05-28,253,43,210
2019-05-28,91,20,71
2019-05-28,53,13,40
2019-05-28,79,43,36
2019-05-28,60,26,34
2019-05-28,60,38,22
2019-05-28,114,80,34
2019-05-28,279,240,39
2019-05-28,522,452,70
2019-05-28,365,290,75
2019-05-28,179,137,42
2019-05-28,100,60,40
2019-05-28,56,31,25
2019-05-28,36,28,8
2019-05-28,11,8,3
2019-05-29,10,4,6
2019-05-29,3,2,1
2019-05-29,3,1,2
2019-05-29,1,1,0
2019-05-29,9,7,2
2019-05-29,35,9,26
2019-05-29,108,15,93
2019-05-29,354,36,318
2019-05-29,468,49,419
2019-05-29,251,38,213
2019-05-29,116,28,88
2019-05-29,71,26,45
2019-05-29,61,31,30
2019-05-29,83,45,38
2019-05-29,70,38,32
2019-05-29,126,92,34
2019-05-29,343,296,47
2019-05-29,603,521,82
2019-05-29,356,298,58
2019-05-29,197,146,51
2019-05-29,102,61,41
2019-05-29,68,44,24
2019-05-29,36,22,14
2019-05-29,15,12,3
2019-05-30,6,1,5
2019-05-30,6,6,0
2019-05-30,1,1,0
2019-05-30,1,0,1
2019-05-30,4,2,2
2019-05-30,37,10,27
2019-05-30,108,19,89
2019-05-30,305,27,278
2019-05-30,474,45,429
2019-05-30,244,31,213
2019-05-30,114,38,76
2019-05-30,69,31,38
2019-05-30,69,35,34
2019-05-30,83,44,39
2019-05-30,94,62,32
2019-05-30,142,104,38
2019-05-30,316,256,60
2019-05-30,602,516,86
2019-05-30,369,304,65
2019-05-30,196,139,57
2019-05-30,120,85,35
2019-05-30,74,41,33
2019-05-30,33,23,10
2019-05-30,19,15,4
2019-05-31,15,8,7
2019-05-31,6,4,2
2019-05-31,0,0,0
2019-05-31,0,0,0
2019-05-31,6,2,4
2019-05-31,19,5,14
2019-05-31,89,17,72
2019-05-31,282,33,249
2019-05-31,415,44,371
2019-05-31,245,41,204
2019-05-31,91,22,69
2019-05-31,68,29,39
2019-05-31,71,35,36
2019-05-31,76,52,24
2019-05-31,118,66,52
2019-05-31,180,132,48
2019-05-31,361,301,60
2019-05-31,489,411,78
2019-05-31,296,246,50
2019-05-31,160,107,53
2019-05-31,104,62,42
2019-05-31,63,35,28
2019-05-31,53,36,17
2019-05-31,42,24,18
2019-06-01,12,10,2
2019-06-01,12,9,3
2019-06-01,5,3,2
2019-06-01,4,1,3
2019-06-01,5,3,2
2019-06-01,8,2,6
2019-06-01,8,3,5
2019-06-01,35,15,20
2019-06-01,48,22,26
2019-06-01,50,27,23
2019-06-01,91,49,42
2019-06-01,96,43,53
2019-06-01,89,46,43
2019-06-01,123,71,52
2019-06-01,137,83,54
2019-06-01,169,89,80
2019-06-01,200,115,85
2019-06-01,152,80,72
2019-06-01,140,68,72
2019-06-01,89,43,46
2019-06-01,75,41,34
2019-06-01,55,24,31
2019-06-01,39,20,19
2019-06-01,26,14,12
2019-06-02,6,2,4
2019-06-02,15,10,5
2019-06-02,8,7,1
2019-06-02,2,1,1
2019-06-02,3,3,0
2019-06-02,3,1,2
2019-06-02,12,6,6
2019-06-02,28,12,16
2019-06-02,42,24,18
2019-06-02,63,38,25
2019-06-02,101,58,43
2019-06-02,121,78,43
2019-06-02,181,108,73
2019-06-02,145,76,69
2019-06-02,192,97,95
2019-06-02,200,113,87
2019-06-02,168,75,93
2019-06-02,147,74,73
2019-06-02,92,43,49
2019-06-02,60,38,22
2019-06-02,49,15,34
2019-06-02,25,13,12
2019-06-02,12,4,8
2019-06-02,6,5,1
2019-06-03,6,2,4
2019-06-03,2,2,0
2019-06-03,1,1,0
2019-06-03,1,0,1
2019-06-03,5,1,4
2019-06-03,28,11,17
2019-06-03,99,23,76
2019-06-03,296,36,260
2019-06-03,458,42,416
2019-06-03,289,49,240
2019-06-03,105,22,83
2019-06-03,77,18,59
2019-06-03,49,25,24
2019-06-03,62,29,33
2019-06-03,68,44,24
2019-06-03,117,81,36
2019-06-03,311,269,42
2019-06-03,523,455,68
2019-06-03,366,300,66
2019-06-03,172,126,46
2019-06-03,85,57,28
2019-06-03,59,36,23
2019-06-03,25,17,8
2019-06-03,16,13,3
2019-06-04,1,0,1
2019-06-04,5,4,1
2019-06-04,2,1,1
2019-06-04,3,3,0
2019-06-04,10,5,5
2019-06-04,30,10,20
2019-06-04,120,20,100
2019-06-04,303,31,272
2019-06-04,476,49,427
2019-06-04,287,46,241
2019-06-04,127,38,89
2019-06-04,74,29,45
2019-06-04,76,35,41
2019-06-04,81,36,45
2019-06-04,80,43,37
2019-06-04,144,102,42
2019-06-04,342,278,64
2019-06-04,596,504,92
2019-06-04,397,319,78
2019-06-04,201,153,48
2019-06-04,110,66,44
2019-06-04,63,41,22
2019-06-04,30,20,10
2019-06-04,15,10,5
2019-06-05,16,10,6
2019-06-05,9,6,3
2019-06-05,1,1,0
2019-06-05,1,0,1
2019-06-05,8,3,5
2019-06-05,29,7,22
2019-06-05,121,24,97
2019-06-05,302,31,271
2019-06-05,470,56,414
2019-06-05,289,41,248
2019-06-05,111,29,82
2019-06-05,76,30,46
2019-06-05,60,24,36
2019-06-05,69,34,35
2019-06-05,81,44,37
2019-06-05,150,117,33
2019-06-05,384,335,49
2019-06-05,512,440,72
2019-06-05,286,242,44
2019-06-05,123,84,39
2019-06-05,97,56,41
2019-06-05,57,31,26
2019-06-05,22,19,3
2019-06-05,11,11,0
2019-06-06,6,3,3
2019-06-06,3,2,1
2019-06-06,0,0,0
2019-06-06,2,1,1
2019-06-06,10,3,7
2019-06-06,35,10,25
2019-06-06,100,17,83
2019-06-06,297,32,265
2019-06-06,368,50,318
2019-06-06,188,29,159
2019-06-06,87,22,65
2019-06-06,77,25,52
2019-06-06,71,32,39
2019-06-06,79,45,34
2019-06-06,90,52,38
2019-06-06,98,78,20
2019-06-06,279,234,45
2019-06-06,478,404,74
2019-06-06,242,209,33
2019-06-06,110,73,37
2019-06-06,79,55,24
2019-06-06,51,29,22
2019-06-06,25,13,12
2019-06-06,7,2,5
2019-06-07,7,6,1
2019-06-07,3,2,1
2019-06-07,1,1,0
2019-06-07,0,0,0
2019-06-07,9,7,2
2019-06-07,11,1,10
2019-06-07,76,10,66
2019-06-07,234,29,205
2019-06-07,288,48,240
2019-06-07,136,24,112
2019-06-07,78,21,57
2019-06-07,54,32,22
2019-06-07,56,24,32
2019-06-07,45,28,17
2019-06-07,57,47,10
2019-06-07,127,91,36
2019-06-07,246,216,30
2019-06-07,261,228,33
2019-06-07,107,91,16
2019-06-07,60,50,10
2019-06-07,50,32,18
2019-06-07,23,18,5
2019-06-07,12,9,3
2019-06-07,11,6,5
2019-06-08,7,3,4
2019-06-08,6,6,0
2019-06-08,4,3,1
2019-06-08,1,1,0
2019-06-08,3,2,1
2019-06-08,5,2,3
2019-06-08,26,8,18
2019-06-08,38,22,16
2019-06-08,64,33,31
2019-06-08,47,22,25
2019-06-08,83,41,42
2019-06-08,134,71,63
2019-06-08,146,83,63
2019-06-08,170,113,57
2019-06-08,172,110,62
2019-06-08,202,112,90
2019-06-08,194,106,88
2019-06-08,148,77,71
2019-06-08,109,48,61
2019-06-08,94,38,56
2019-06-08,62,32,30
2019-06-08,31,7,24
2019-06-08,15,10,5
2019-06-08,19,14,5
2019-06-09,9,4,5
2019-06-09,7,4,3
2019-06-09,7,6,1
2019-06-09,0,0,0
2019-06-09,4,2,2
2019-06-09,12,3,9
2019-06-09,29,16,13
2019-06-09,65,28,37
2019-06-09,83,39,44
2019-06-09,89,40,49
2019-06-09,113,64,49
2019-06-09,115,70,45
2019-06-09,179,112,67
2019-06-09,148,74,74
2019-06-09,156,87,69
2019-06-09,175,80,95
2019-06-09,146,83,63
2019-06-09,135,67,68
2019-06-09,116,47,69
2019-06-09,58,32,26
2019-06-09,65,29,36
2019-06-09,22,15,7
2019-06-09,22,7,15
2019-06-09,11,4,7
2019-06-10,5,4,1
2019-06-10,4,2,2
2019-06-10,2,0,2
2019-06-10,2,1,1
2019-06-10,9,3,6
2019-06-10,37,8,29
2019-06-10,112,22,90
2019-06-10,384,38,346
2019-06-10,462,60,402
2019-06-10,269,40,229
2019-06-10,108,43,65
2019-06-10,105,32,73
2019-06-10,83,33,50
2019-06-10,79,42,37
2019-06-10,101,63,38
2019-06-10,177,121,56
2019-06-10,399,353,46
2019-06-10,619,535,84
2019-06-10,323,271,52
2019-06-10,146,106,40
2019-06-10,84,54,30
2019-06-10,45,30,15
2019-06-10,28,13,15
2019-06-10,8,5,3
2019-06-11,8,8,0
2019-06-11,1,0,1
2019-06-11,4,1,3
2019-06-11,2,0,2
2019-06-11,8,2,6
2019-06-11,47,9,38
2019-06-11,180,29,151
2019-06-11,437,41,396
2019-06-11,555,70,485
2019-06-11,238,49,189
2019-06-11,114,41,73
2019-06-11,81,35,46
2019-06-11,65,35,30
2019-06-11,90,54,36
2019-06-11,118,76,42
2019-06-11,161,112,49
2019-06-11,471,398,73
2019-06-11,696,606,90
2019-06-11,369,298,71
2019-06-11,223,167,56
2019-06-11,123,73,50
2019-06-11,71,40,31
2019-06-11,42,24,18
2019-06-11,18,11,7
2019-06-12,5,3,2
2019-06-12,3,3,0
2019-06-12,4,2,2
2019-06-12,0,0,0
2019-06-12,14,7,7
2019-06-12,41,11,30
2019-06-12,150,30,120
2019-06-12,411,41,370
2019-06-12,461,56,405
2019-06-12,233,59,174
2019-06-12,126,41,85
2019-06-12,69,28,41
2019-06-12,93,41,52
2019-06-12,76,39,37
2019-06-12,94,62,32
2019-06-12,176,131,45
2019-06-12,410,333,77
2019-06-12,602,518,84
2019-06-12,323,271,52
2019-06-12,164,117,47
2019-06-12,130,85,45
2019-06-12,86,36,50
2019-06-12,42,26,16
2019-06-12,23,10,13
2019-06-13,14,11,3
2019-06-13,2,2,0
2019-06-13,0,0,0
2019-06-13,3,2,1
2019-06-13,11,5,6
2019-06-13,44,11,33
2019-06-13,142,25,117
2019-06-13,394,49,345
2019-06-13,466,47,419
2019-06-13,254,40,214
2019-06-13,117,38,79
2019-06-13,63,23,40
2019-06-13,108,63,45
2019-06-13,73,32,41
2019-06-13,103,67,36
2019-06-13,205,149,56
2019-06-13,392,337,55
2019-06-13,589,494,95
2019-06-13,343,267,76
2019-06-13,169,119,50
2019-06-13,110,63,47
2019-06-13,73,45,28
2019-06-13,38,23,15
2019-06-13,17,9,8
2019-06-14,10,8,2
2019-06-14,4,4,0
2019-06-14,2,1,1
2019-06-14,0,0,0
2019-06-14,16,9,7
2019-06-14,20,2,18
2019-06-14,95,15,80
2019-06-14,296,29,267
2019-06-14,382,48,334
2019-06-14,176,31,145
2019-06-14,98,29,69
2019-06-14,103,43,60
2019-06-14,93,40,53
2019-06-14,94,61,33
2019-06-14,152,107,45
2019-06-14,216,153,63
2019-06-14,403,345,58
2019-06-14,398,337,61
2019-06-14,245,188,57
2019-06-14,148,87,61
2019-06-14,81,47,34
2019-06-14,52,23,29
2019-06-14,23,10,13
2019-06-14,23,17,6
2019-06-15,23,13,10
2019-06-15,9,7,2
2019-06-15,0,0,0
2019-06-15,2,1,1
2019-06-15,2,1,1
2019-06-15,1,0,1
2019-06-15,21,6,15
2019-06-15,43,28,15
2019-06-15,46,29,17
2019-06-15,79,42,37
2019-06-15,81,39,42
2019-06-15,98,49,49
2019-06-15,108,66,42
2019-06-15,143,78,65
2019-06-15,147,85,62
2019-06-15,156,83,73
2019-06-15,166,99,67
2019-06-15,175,95,80
2019-06-15,119,51,68
2019-06-15,92,46,46
2019-06-15,82,41,41
2019-06-15,58,22,36
2019-06-15,38,22,16
2019-06-15,18,8,10
2019-06-16,9,6,3
2019-06-16,8,3,5
2019-06-16,1,1,0
2019-06-16,0,0,0
2019-06-16,4,4,0
2019-06-16,6,4,2
2019-06-16,18,6,12
2019-06-16,25,20,5
2019-06-16,68,37,31
2019-06-16,87,46,41
2019-06-16,74,42,32
2019-06-16,173,77,96
2019-06-16,230,81,149
2019-06-16,170,92,78
2019-06-16,274,197,77
2019-06-16,232,147,85
2019-06-16,160,82,78
2019-06-16,117,60,57
2019-06-16,91,47,44
2019-06-16,84,42,42
2019-06-16,56,28,28
2019-06-16,45,15,30
2019-06-16,14,10,4
2019-06-16,11,6,5
2019-06-17,4,2,2
2019-06-17,5,3,2
2019-06-17,1,1,0
2019-06-17,0,0,0
2019-06-17,13,9,4
2019-06-17,30,5,25
2019-06-17,124,18,106
2019-06-17,375,41,334
2019-06-17,444,48,396
2019-06-17,242,45,197
2019-06-17,82,21,61
2019-06-17,70,29,41
2019-06-17,66,27,39
2019-06-17,83,46,37
2019-06-17,64,45,19
2019-06-17,163,112,51
2019-06-17,407,339,68
2019-06-17,560,502,58
2019-06-17,321,249,72
2019-06-17,174,114,60
2019-06-17,84,59,25
2019-06-17,58,29,29
2019-06-17,25,16,9
2019-06-17,8,6,2
2019-06-18,11,7,4
2019-06-18,4,3,1
2019-06-18,1,1,0
2019-06-18,2,1,1
2019-06-18,11,3,8
2019-06-18,26,4,22
2019-06-18,88,11,77
2019-06-18,264,29,235
2019-06-18,314,33,281
2019-06-18,165,32,133
2019-06-18,68,18,50
2019-06-18,38,17,21
2019-06-18,52,16,36
2019-06-18,57,42,15
2019-06-18,59,31,28
2019-06-18,108,84,24
2019-06-18,309,254,55
2019-06-18,437,368,69
2019-06-18,235,189,46
2019-06-18,101,68,33
2019-06-18,71,48,23
2019-06-18,38,27,11
2019-06-18,24,15,9
2019-06-18,11,9,2
2019-06-19,6,3,3
2019-06-19,2,2,0
2019-06-19,1,0,1
2019-06-19,1,0,1
2019-06-19,10,4,6
2019-06-19,36,7,29
2019-06-19,127,22,105
2019-06-19,356,32,324
2019-06-19,430,50,380
2019-06-19,233,42,191
2019-06-19,106,33,73
2019-06-19,73,28,45
2019-06-19,87,45,42
2019-06-19,78,37,41
2019-06-19,96,60,36
2019-06-19,131,96,35
2019-06-19,397,324,73
2019-06-19,574,489,85
2019-06-19,303,239,64
2019-06-19,176,140,36
2019-06-19,63,35,28
2019-06-19,33,20,13
2019-06-19,13,7,6
2019-06-19,8,5,3
2019-06-20,3,2,1
2019-06-20,2,2,0
2019-06-20,1,0,1
2019-06-20,0,0,0
2019-06-20,5,2,3
2019-06-20,27,8,19
2019-06-20,108,18,90
2019-06-20,313,34,279
2019-06-20,383,43,340
2019-06-20,213,30,183
2019-06-20,116,37,79
2019-06-20,84,34,50
2019-06-20,86,45,41
2019-06-20,77,44,33
2019-06-20,98,63,35
2019-06-20,139,95,44
2019-06-20,356,295,61
2019-06-20,480,404,76
2019-06-20,327,257,70
2019-06-20,166,119,47
2019-06-20,99,56,43
2019-06-20,54,32,22
2019-06-20,28,16,12
2019-06-20,20,15,5
2019-06-21,7,5,2
2019-06-21,2,2,0
2019-06-21,2,2,0
2019-06-21,1,1,0
2019-06-21,8,5,3
2019-06-21,23,7,16
2019-06-21,95,11,84
2019-06-21,266,35,231
2019-06-21,341,45,296
2019-06-21,195,49,146
2019-06-21,89,29,60
2019-06-21,89,44,45
2019-06-21,108,56,52
2019-06-21,104,67,37
2019-06-21,119,72,47
2019-06-21,178,131,47
2019-06-21,373,297,76
2019-06-21,403,332,71
2019-06-21,261,204,57
2019-06-21,141,86,55
2019-06-21,81,47,34
2019-06-21,53,32,21
2019-06-21,33,27,6
2019-06-21,29,15,14
2019-06-22,21,13,8
2019-06-22,9,4,5
2019-06-22,2,0,2
2019-06-22,5,4,1
2019-06-22,6,5,1
2019-06-22,5,1,4
2019-06-22,17,10,7
2019-06-22,53,34,19
2019-06-22,68,36,32
2019-06-22,122,88,34
2019-06-22,175,132,43
2019-06-22,208,172,36
2019-06-22,386,346,40
2019-06-22,267,188,79
2019-06-22,239,95,144
2019-06-22,312,115,197
2019-06-22,256,87,169
2019-06-22,225,81,144
2019-06-22,143,57,86
2019-06-22,135,46,89
2019-06-22,68,20,48
2019-06-22,54,21,33
2019-06-22,27,10,17
2019-06-22,20,13,7
2019-06-23,16,4,12
2019-06-23,11,4,7
2019-06-23,4,2,2
2019-06-23,2,0,2
2019-06-23,3,3,0
2019-06-23,3,1,2
2019-06-23,10,5,5
2019-06-23,14,4,10
2019-06-23,15,5,10
2019-06-23,35,17,18
2019-06-23,64,42,22
2019-06-23,77,40,37
2019-06-23,86,53,33
2019-06-23,82,44,38
2019-06-23,97,59,38
2019-06-23,130,72,58
2019-06-23,92,50,42
2019-06-23,67,32,35
2019-06-23,57,32,25
2019-06-23,37,17,20
2019-06-23,17,7,10
2019-06-23,13,7,6
2019-06-23,8,7,1
2019-06-23,13,9,4
2019-06-24,3,1,2
2019-06-24,0,0,0
2019-06-24,5,0,5
2019-06-24,0,0,0
2019-06-24,8,4,4
2019-06-24,27,10,17
2019-06-24,100,22,78
2019-06-24,334,30,304
2019-06-24,396,47,349
2019-06-24,203,33,170
2019-06-24,61,9,52
2019-06-24,64,23,41
2019-06-24,57,22,35
2019-06-24,73,39,34
2019-06-24,83,51,32
2019-06-24,138,97,41
2019-06-24,340,285,55
2019-06-24,556,477,79
2019-06-24,348,284,64
2019-06-24,139,103,36
2019-06-24,94,58,36
2019-06-24,56,28,28
2019-06-24,38,17,21
2019-06-24,11,7,4
2019-06-25,4,2,2
2019-06-25,1,1,0
2019-06-25,1,0,1
2019-06-25,2,2,0
2019-06-25,6,1,5
2019-06-25,42,10,32
2019-06-25,147,23,124
2019-06-25,401,46,355
2019-06-25,472,55,417
2019-06-25,260,49,211
2019-06-25,100,19,81
2019-06-25,85,38,47
2019-06-25,78,43,35
2019-06-25,84,45,39
2019-06-25,97,68,29
2019-06-25,191,128,63
2019-06-25,410,349,61
2019-06-25,648,557,91
2019-06-25,384,300,84
2019-06-25,176,130,46
2019-06-25,85,49,36
2019-06-25,46,26,20
2019-06-25,35,21,14
2019-06-25,14,7,7
2019-06-26,8,7,1
2019-06-26,2,2,0
2019-06-26,2,1,1
2019-06-26,4,1,3
2019-06-26,11,3,8
2019-06-26,40,11,29
2019-06-26,119,20,99
2019-06-26,376,42,334
2019-06-26,426,45,381
2019-06-26,208,42,166
2019-06-26,107,39,68
2019-06-26,64,24,40
2019-06-26,88,35,53
2019-06-26,91,52,39
2019-06-26,96,56,40
2019-06-26,149,108,41
2019-06-26,328,282,46
2019-06-26,459,404,55
2019-06-26,265,214,51
2019-06-26,123,98,25
2019-06-26,76,50,26
2019-06-26,57,34,23
2019-06-26,19,17,2
2019-06-26,12,10,2
2019-06-27,5,4,1
2019-06-27,4,2,2
2019-06-27,0,0,0
2019-06-27,1,0,1
2019-06-27,8,1,7
2019-06-27,30,7,23
2019-06-27,88,23,65
2019-06-27,229,37,192
2019-06-27,289,35,254
2019-06-27,170,27,143
2019-06-27,85,28,57
2019-06-27,62,24,38
2019-06-27,53,24,29
2019-06-27,72,37,35
2019-06-27,91,55,36
2019-06-27,129,82,47
2019-06-27,266,218,48
2019-06-27,421,348,73
2019-06-27,245,189,56
2019-06-27,140,96,44
2019-06-27,78,45,33
2019-06-27,32,15,17
2019-06-27,28,19,9
2019-06-27,13,8,5
2019-06-28,8,3,5
2019-06-28,2,2,0
2019-06-28,0,0,0
2019-06-28,3,2,1
2019-06-28,8,2,6
2019-06-28,30,11,19
2019-06-28,100,21,79
2019-06-28,261,40,221
2019-06-28,338,48,290
2019-06-28,230,35,195
2019-06-28,78,28,50
2019-06-28,92,38,54
2019-06-28,82,40,42
2019-06-28,91,59,32
2019-06-28,123,81,42
2019-06-28,198,132,66
2019-06-28,378,300,78
2019-06-28,403,334,69
2019-06-28,237,174,63
2019-06-28,130,82,48
2019-06-28,100,53,47
2019-06-28,61,38,23
2019-06-28,28,14,14
2019-06-28,26,12,14
2019-06-29,13,9,4
2019-06-29,7,5,2
2019-06-29,3,3,0
2019-06-29,3,1,2
2019-06-29,1,1,0
2019-06-29,7,2,5
2019-06-29,18,10,8
2019-06-29,29,11,18
2019-06-29,63,30,33
2019-06-29,77,42,35
2019-06-29,98,64,34
2019-06-29,145,72,73
2019-06-29,147,77,70
2019-06-29,198,113,85
2019-06-29,198,123,75
2019-06-29,163,82,81
2019-06-29,183,104,79
2019-06-29,138,63,75
2019-06-29,125,68,57
2019-06-29,76,42,34
2019-06-29,54,31,23
2019-06-29,54,32,22
2019-06-29,26,18,8
2019-06-29,32,24,8
2019-06-30,18,13,5
2019-06-30,10,6,4
2019-06-30,5,4,1
2019-06-30,2,2,0
2019-06-30,0,0,0
2019-06-30,2,2,0
2019-06-30,14,4,10
2019-06-30,33,20,13
2019-06-30,56,25,31
2019-06-30,96,35,61
2019-06-30,158,63,95
2019-06-30,173,69,104
2019-06-30,213,100,113
2019-06-30,230,115,115
2019-06-30,215,123,92
2019-06-30,236,134,102
2019-06-30,202,136,66
2019-06-30,165,82,83
2019-06-30,115,68,47
2019-06-30,89,58,31
2019-06-30,81,44,37
2019-06-30,40,23,17
2019-06-30,25,15,10
2019-06-30,12,7,5
2019-07-01,4,4,0
2019-07-01,3,2,1
2019-07-01,2,2,0
2019-07-01,2,1,1
2019-07-01,12,5,7
2019-07-01,36,8,28
2019-07-01,122,22,100
2019-07-01,372,43,329
2019-07-01,464,42,422
2019-07-01,251,36,215
2019-07-01,118,33,85
2019-07-01,88,33,55
2019-07-01,97,47,50
2019-07-01,108,58,50
2019-07-01,119,71,48
2019-07-01,151,108,43
2019-07-01,405,342,63
2019-07-01,605,528,77
2019-07-01,346,258,88
2019-07-01,172,129,43
2019-07-01,115,63,52
2019-07-01,68,39,29
2019-07-01,36,22,14
2019-07-01,20,9,11
2019-07-02,3,3,0
2019-07-02,1,1,0
2019-07-02,3,2,1
2019-07-02,1,1,0
2019-07-02,12,3,9
2019-07-02,22,1,21
2019-07-02,110,23,87
2019-07-02,278,33,245
2019-07-02,367,36,331
2019-07-02,177,33,144
2019-07-02,69,22,47
2019-07-02,66,28,38
2019-07-02,56,23,33
2019-07-02,45,20,25
2019-07-02,53,35,18
2019-07-02,87,69,18
2019-07-02,222,203,19
2019-07-02,371,334,37
2019-07-02,172,153,19
2019-07-02,70,53,17
2019-07-02,41,28,13
2019-07-02,22,18,4
2019-07-02,6,4,2
2019-07-02,6,4,2
2019-07-03,2,1,1
2019-07-03,2,1,1
2019-07-03,1,1,0
2019-07-03,0,0,0
2019-07-03,10,5,5
2019-07-03,25,2,23
2019-07-03,85,12,73
2019-07-03,253,33,220
2019-07-03,297,36,261
2019-07-03,169,31,138
2019-07-03,63,22,41
2019-07-03,65,24,41
2019-07-03,60,37,23
2019-07-03,80,44,36
2019-07-03,117,73,44
2019-07-03,165,121,44
2019-07-03,283,211,72
2019-07-03,385,326,59
2019-07-03,222,167,55
2019-07-03,128,91,37
2019-07-03,83,54,29
2019-07-03,49,25,24
2019-07-03,33,18,15
2019-07-03,16,6,10
2019-07-04,6,5,1
2019-07-04,10,6,4
2019-07-04,2,1,1
2019-07-04,5,3,2
2019-07-04,4,2,2
2019-07-04,3,1,2
2019-07-04,16,7,9
2019-07-04,26,12,14
2019-07-04,56,27,29
2019-07-04,69,22,47
2019-07-04,96,41,55
2019-07-04,158,97,61
2019-07-04,122,56,66
2019-07-04,181,114,67
2019-07-04,214,118,96
2019-07-04,197,122,75
2019-07-04,216,127,89
2019-07-04,199,98,101
2019-07-04,242,102,140
2019-07-04,213,105,108
2019-07-04,182,95,87
2019-07-04,129,66,63
2019-07-04,121,67,54
2019-07-04,218,99,119
2019-07-05,40,16,24
2019-07-05,5,5,0
2019-07-05,9,5,4
2019-07-05,3,2,1
2019-07-05,5,3,2
2019-07-05,12,5,7
2019-07-05,36,11,25
2019-07-05,81,12,69
2019-07-05,138,23,115
2019-07-05,92,15,77
2019-07-05,64,21,43
2019-07-05,80,43,37
2019-07-05,86,52,34
2019-07-05,105,67,38
2019-07-05,133,91,42
2019-07-05,166,111,55
2019-07-05,162,122,40
2019-07-05,171,124,47
2019-07-05,122,81,41
2019-07-05,64,36,28
2019-07-05,47,26,21
2019-07-05,35,21,14
2019-07-05,15,12,3
2019-07-05,11,7,4
2019-07-06,10,6,4
2019-07-06,3,3,0
2019-07-06,4,3,1
2019-07-06,2,0,2
2019-07-06,1,1,0
2019-07-06,6,2,4
2019-07-06,14,6,8
2019-07-06,27,12,15
2019-07-06,41,14,27
2019-07-06,50,23,27
2019-07-06,93,55,38
2019-07-06,138,77,61
2019-07-06,158,72,86
2019-07-06,158,97,61
2019-07-06,174,91,83
2019-07-06,220,97,123
2019-07-06,172,81,91
2019-07-06,153,86,67
2019-07-06,117,66,51
2019-07-06,96,45,51
2019-07-06,74,33,41
2019-07-06,46,26,20
2019-07-06,34,22,12
2019-07-06,14,9,5
2019-07-07,16,9,7
2019-07-07,6,4,2
2019-07-07,4,4,0
2019-07-07,1,0,1
2019-07-07,1,1,0
2019-07-07,0,0,0
2019-07-07,12,7,5
2019-07-07,28,13,15
2019-07-07,30,19,11
2019-07-07,40,22,18
2019-07-07,76,41,35
2019-07-07,108,68,40
2019-07-07,134,89,45
2019-07-07,138,84,54
2019-07-07,118,73,45
2019-07-07,133,61,72
2019-07-07,109,48,61
2019-07-07,88,53,35
2019-07-07,66,33,33
2019-07-07,27,17,10
2019-07-07,19,11,8
2019-07-07,10,4,6
2019-07-07,8,5,3
2019-07-07,5,0,5
2019-07-08,2,1,1
2019-07-08,2,2,0
2019-07-08,0,0,0
2019-07-08,0,0,0
2019-07-08,5,3,2
2019-07-08,23,6,17
2019-07-08,69,19,50
2019-07-08,254,33,221
2019-07-08,394,49,345
2019-07-08,213,34,179
2019-07-08,94,19,75
2019-07-08,48,15,33
2019-07-08,64,36,28
2019-07-08,65,36,29
2019-07-08,81,46,35
2019-07-08,131,92,39
2019-07-08,279,217,62
2019-07-08,508,413,95
2019-07-08,369,292,77
2019-07-08,172,121,51
2019-07-08,106,69,37
2019-07-08,55,24,31
2019-07-08,36,25,11
2019-07-08,10,5,5
2019-07-09,10,8,2
2019-07-09,2,2,0
2019-07-09,5,3,2
2019-07-09,2,1,1
2019-07-09,4,1,3
2019-07-09,34,11,23
2019-07-09,113,17,96
2019-07-09,327,39,288
2019-07-09,459,51,408
2019-07-09,259,41,218
2019-07-09,101,27,74
2019-07-09,57,18,39
2019-07-09,86,57,29
2019-07-09,81,39,42
2019-07-09,82,40,42
2019-07-09,140,87,53
2019-07-09,309,261,48
2019-07-09,565,495,70
2019-07-09,333,276,57
2019-07-09,118,88,30
2019-07-09,74,55,19
2019-07-09,31,20,11
2019-07-09,18,14,4
2019-07-09,14,8,6
2019-07-10,7,7,0
2019-07-10,2,1,1
2019-07-10,0,0,0
2019-07-10,0,0,0
2019-07-10,3,0,3
2019-07-10,17,8,9
2019-07-10,51,11,40
2019-07-10,207,25,182
2019-07-10,232,16,216
2019-07-10,153,26,127
2019-07-10,77,23,54
2019-07-10,29,7,22
2019-07-10,37,22,15
2019-07-10,47,18,29
2019-07-10,35,20,15
2019-07-10,52,39,13
2019-07-10,188,150,38
2019-07-10,362,308,54
2019-07-10,267,218,49
2019-07-10,132,95,37
2019-07-10,75,54,21
2019-07-10,62,37,25
2019-07-10,16,10,6
2019-07-10,19,15,4
2019-07-11,4,2,2
2019-07-11,6,4,2
2019-07-11,4,2,2
2019-07-11,0,0,0
2019-07-11,3,2,1
2019-07-11,40,15,25
2019-07-11,85,16,69
2019-07-11,315,35,280
2019-07-11,480,53,427
2019-07-11,278,41,237
2019-07-11,106,33,73
2019-07-11,86,27,59
2019-07-11,96,42,54
2019-07-11,83,49,34
2019-07-11,78,46,32
2019-07-11,146,111,35
2019-07-11,383,321,62
2019-07-11,555,481,74
2019-07-11,358,292,66
2019-07-11,227,159,68
2019-07-11,122,68,54
2019-07-11,86,47,39
2019-07-11,31,16,15
2019-07-11,21,16,5
2019-07-12,13,9,4
2019-07-12,6,4,2
2019-07-12,0,0,0
2019-07-12,1,1,0
2019-07-12,8,4,4
2019-07-12,17,7,10
2019-07-12,97,14,83
2019-07-12,257,30,227
2019-07-12,363,45,318
2019-07-12,248,44,204
2019-07-12,96,25,71
2019-07-12,98,46,52
2019-07-12,82,43,39
2019-07-12,106,62,44
2019-07-12,153,100,53
2019-07-12,207,141,66
2019-07-12,389,318,71
2019-07-12,453,378,75
2019-07-12,289,223,66
2019-07-12,179,124,55
2019-07-12,103,65,38
2019-07-12,75,38,37
2019-07-12,53,34,19
2019-07-12,27,20,7
2019-07-13,28,9,19
2019-07-13,10,7,3
2019-07-13,8,4,4
2019-07-13,5,2,3
2019-07-13,12,11,1
2019-07-13,30,27,3
2019-07-13,16,11,5
2019-07-13,37,12,25
2019-07-13,61,31,30
2019-07-13,78,31,47
2019-07-13,99,56,43
2019-07-13,124,75,49
2019-07-13,157,87,70
2019-07-13,197,113,84
2019-07-13,162,91,71
2019-07-13,137,76,61
2019-07-13,141,86,55
2019-07-13,139,75,64
2019-07-13,124,60,64
2019-07-13,90,42,48
2019-07-13,65,36,29
2019-07-13,48,19,29
2019-07-13,37,13,24
2019-07-13,18,12,6
2019-07-14,11,4,7
2019-07-14,16,4,12
2019-07-14,5,3,2
2019-07-14,2,1,1
2019-07-14,1,0,1
2019-07-14,2,1,1
2019-07-14,8,3,5
2019-07-14,21,12,9
2019-07-14,46,23,23
2019-07-14,62,26,36
2019-07-14,83,42,41
2019-07-14,131,70,61
2019-07-14,182,94,88
2019-07-14,179,92,87
2019-07-14,172,103,69
2019-07-14,191,123,68
2019-07-14,188,93,95
2019-07-14,126,66,60
2019-07-14,119,44,75
2019-07-14,102,57,45
2019-07-14,78,27,51
2019-07-14,45,15,30
2019-07-14,21,10,11
2019-07-14,15,9,6
2019-07-15,3,1,2
2019-07-15,6,4,2
2019-07-15,2,2,0
2019-07-15,2,0,2
2019-07-15,8,4,4
2019-07-15,35,7,28
2019-07-15,101,21,80
2019-07-15,307,23,284
2019-07-15,447,48,399
2019-07-15,266,38,228
2019-07-15,83,21,62
2019-07-15,53,21,32
2019-07-15,47,14,33
2019-07-15,43,18,25
2019-07-15,72,45,27
2019-07-15,128,91,37
2019-07-15,283,235,48
2019-07-15,559,486,73
2019-07-15,323,276,47
2019-07-15,136,105,31
2019-07-15,97,60,37
2019-07-15,36,22,14
2019-07-15,21,14,7
2019-07-15,17,11,6
2019-07-16,5,2,3
2019-07-16,3,2,1
2019-07-16,3,1,2
2019-07-16,0,0,0
2019-07-16,6,2,4
2019-07-16,31,9,22
2019-07-16,95,15,80
2019-07-16,349,46,303
2019-07-16,478,65,413
2019-07-16,275,39,236
2019-07-16,106,30,76
2019-07-16,89,24,65
2019-07-16,69,40,29
2019-07-16,97,46,51
2019-07-16,80,47,33
2019-07-16,152,110,42
2019-07-16,372,306,66
2019-07-16,610,520,90
2019-07-16,388,317,71
2019-07-16,232,162,70
2019-07-16,140,85,55
2019-07-16,78,36,42
2019-07-16,33,21,12
2019-07-16,22,16,6
2019-07-17,6,4,2
2019-07-17,4,4,0
2019-07-17,1,0,1
2019-07-17,2,1,1
2019-07-17,9,6,3
2019-07-17,24,9,15
2019-07-17,64,17,47
2019-07-17,204,37,167
2019-07-17,334,42,292
2019-07-17,230,36,194
2019-07-17,82,19,63
2019-07-17,63,19,44
2019-07-17,53,21,32
2019-07-17,55,32,23
2019-07-17,57,36,21
2019-07-17,83,61,22
2019-07-17,231,197,34
2019-07-17,457,377,80
2019-07-17,263,211,52
2019-07-17,134,93,41
2019-07-17,74,41,33
2019-07-17,54,36,18
2019-07-17,24,16,8
2019-07-17,12,10,2
2019-07-18,4,2,2
2019-07-18,1,1,0
2019-07-18,1,1,0
2019-07-18,0,0,0
2019-07-18,2,0,2
2019-07-18,28,7,21
2019-07-18,84,11,73
2019-07-18,234,28,206
2019-07-18,410,50,360
2019-07-18,274,33,241
2019-07-18,113,39,74
2019-07-18,94,33,61
2019-07-18,92,40,52
2019-07-18,88,46,42
2019-07-18,80,52,28
2019-07-18,124,91,33
2019-07-18,297,248,49
2019-07-18,525,447,78
2019-07-18,259,222,37
2019-07-18,103,84,19
2019-07-18,75,53,22
2019-07-18,35,25,10
2019-07-18,9,6,3
2019-07-18,5,4,1
2019-07-19,5,4,1
2019-07-19,4,4,0
2019-07-19,2,2,0
2019-07-19,4,1,3
2019-07-19,7,5,2
2019-07-19,17,5,12
2019-07-19,84,16,68
2019-07-19,220,27,193
2019-07-19,367,38,329
2019-07-19,234,34,200
2019-07-19,83,25,58
2019-07-19,82,37,45
2019-07-19,119,64,55
2019-07-19,82,55,27
2019-07-19,147,88,59
2019-07-19,202,137,65
2019-07-19,354,284,70
2019-07-19,415,353,62
2019-07-19,280,202,78
2019-07-19,132,80,52
2019-07-19,88,64,24
2019-07-19,67,35,32
2019-07-19,42,29,13
2019-07-19,22,14,8
2019-07-20,19,12,7
2019-07-20,14,10,4
2019-07-20,2,1,1
2019-07-20,1,0,1
2019-07-20,1,1,0
2019-07-20,3,0,3
2019-07-20,12,5,7
2019-07-20,29,17,12
2019-07-20,58,22,36
2019-07-20,75,38,37
2019-07-20,94,59,35
2019-07-20,144,85,59
2019-07-20,205,108,97
2019-07-20,199,106,93
2019-07-20,191,102,89
2019-07-20,157,65,92
2019-07-20,209,107,102
2019-07-20,168,101,67
2019-07-20,118,64,54
2019-07-20,115,50,65
2019-07-20,94,54,40
2019-07-20,37,15,22
2019-07-20,35,16,19
2019-07-20,36,33,3
2019-07-21,15,11,4
2019-07-21,10,5,5
2019-07-21,4,4,0
2019-07-21,1,1,0
2019-07-21,3,1,2
2019-07-21,2,1,1
2019-07-21,12,2,10
2019-07-21,26,14,12
2019-07-21,51,29,22
2019-07-21,64,41,23
2019-07-21,100,62,38
2019-07-21,131,71,60
2019-07-21,135,65,70
2019-07-21,162,97,65
2019-07-21,193,109,84
2019-07-21,188,78,110
2019-07-21,157,77,80
2019-07-21,131,53,78
2019-07-21,99,61,38
2019-07-21,74,40,34
2019-07-21,69,41,28
2019-07-21,50,34,16
2019-07-21,23,13,10
2019-07-21,13,10,3
2019-07-22,7,3,4
2019-07-22,1,1,0
2019-07-22,7,6,1
2019-07-22,2,1,1
2019-07-22,7,3,4
2019-07-22,38,12,26
2019-07-22,99,24,75
2019-07-22,355,33,322
2019-07-22,514,50,464
2019-07-22,298,57,241
2019-07-22,134,38,96
2019-07-22,61,26,35
2019-07-22,81,40,41
2019-07-22,72,38,34
2019-07-22,102,65,37
2019-07-22,169,125,44
2019-07-22,358,282,76
2019-07-22,625,540,85
2019-07-22,406,338,68
2019-07-22,201,157,44
2019-07-22,116,62,54
2019-07-22,63,36,27
2019-07-22,31,20,11
2019-07-22,15,9,6
2019-07-23,4,2,2
2019-07-23,8,3,5
2019-07-23,2,0,2
2019-07-23,3,2,1
2019-07-23,7,1,6
2019-07-23,44,14,30
2019-07-23,111,23,88
2019-07-23,360,44,316
2019-07-23,521,65,456
2019-07-23,295,44,251
2019-07-23,126,34,92
2019-07-23,87,28,59
2019-07-23,84,38,46
2019-07-23,73,35,38
2019-07-23,86,47,39
2019-07-23,134,93,41
2019-07-23,349,285,64
2019-07-23,647,548,99
2019-07-23,423,362,61
2019-07-23,203,148,55
2019-07-23,133,89,44
2019-07-23,65,46,19
2019-07-23,28,21,7
2019-07-23,18,11,7
2019-07-24,7,4,3
2019-07-24,8,8,0
2019-07-24,4,2,2
2019-07-24,2,1,1
2019-07-24,8,3,5
2019-07-24,30,8,22
2019-07-24,110,17,93
2019-07-24,347,41,306
2019-07-24,498,53,445
2019-07-24,295,63,232
2019-07-24,137,35,102
2019-07-24,90,35,55
2019-07-24,80,34,46
2019-07-24,101,63,38
2019-07-24,104,58,46
2019-07-24,150,108,42
2019-07-24,383,312,71
2019-07-24,617,526,91
2019-07-24,418,328,90
2019-07-24,215,160,55
2019-07-24,120,69,51
2019-07-24,74,36,38
2019-07-24,34,28,6
2019-07-24,25,19,6
2019-07-25,13,5,8
2019-07-25,11,7,4
2019-07-25,4,2,2
2019-07-25,3,0,3
2019-07-25,2,0,2
2019-07-25,33,11,22
2019-07-25,96,19,77
2019-07-25,311,36,275
2019-07-25,452,51,401
2019-07-25,328,58,270
2019-07-25,137,37,100
2019-07-25,94,40,54
2019-07-25,86,41,45
2019-07-25,101,50,51
2019-07-25,96,68,28
2019-07-25,175,122,53
2019-07-25,390,298,92
2019-07-25,635,519,116
2019-07-25,390,325,65
2019-07-25,212,147,65
2019-07-25,141,85,56
2019-07-25,82,56,26
2019-07-25,35,21,14
2019-07-25,33,21,12
2019-07-26,6,3,3
2019-07-26,5,5,0
2019-07-26,1,1,0
2019-07-26,2,1,1
2019-07-26,9,4,5
2019-07-26,20,6,14
2019-07-26,93,22,71
2019-07-26,261,37,224
2019-07-26,464,50,414
2019-07-26,257,38,219
2019-07-26,136,48,88
2019-07-26,96,39,57
2019-07-26,118,59,59
2019-07-26,100,60,40
2019-07-26,148,105,43
2019-07-26,234,143,91
2019-07-26,404,313,91
2019-07-26,512,420,92
2019-07-26,298,226,72
2019-07-26,167,120,47
2019-07-26,114,73,41
2019-07-26,100,49,51
2019-07-26,472,453,19
2019-07-26,87,78,9
2019-07-27,30,18,12
2019-07-27,19,8,11
2019-07-27,8,2,6
2019-07-27,4,2,2
2019-07-27,2,1,1
2019-07-27,5,0,5
2019-07-27,12,3,9
2019-07-27,23,7,16
2019-07-27,43,25,18
2019-07-27,66,32,34
2019-07-27,58,25,33
2019-07-27,94,49,45
2019-07-27,105,46,59
2019-07-27,117,55,62
2019-07-27,133,71,62
2019-07-27,113,60,53
2019-07-27,119,59,60
2019-07-27,123,59,64
2019-07-27,91,49,42
2019-07-27,71,41,30
2019-07-27,62,32,30
2019-07-27,43,32,11
2019-07-27,23,14,9
2019-07-27,30,19,11
2019-07-28,8,6,2
2019-07-28,6,3,3
2019-07-28,4,4,0
2019-07-28,0,0,0
2019-07-28,1,1,0
2019-07-28,4,2,2
2019-07-28,13,5,8
2019-07-28,22,8,14
2019-07-28,46,25,21
2019-07-28,71,44,27
2019-07-28,98,40,58
2019-07-28,155,103,52
2019-07-28,169,83,86
2019-07-28,150,93,57
2019-07-28,181,94,87
2019-07-28,170,87,83
2019-07-28,136,61,75
2019-07-28,158,70,88
2019-07-28,125,58,67
2019-07-28,93,50,43
2019-07-28,94,52,42
2019-07-28,47,18,29
2019-07-28,24,10,14
2019-07-28,8,7,1
2019-07-29,5,2,3
2019-07-29,3,1,2
2019-07-29,0,0,0
2019-07-29,2,2,0
2019-07-29,8,2,6
2019-07-29,32,8,24
2019-07-29,108,20,88
2019-07-29,340,42,298
2019-07-29,528,59,469
2019-07-29,300,48,252
2019-07-29,155,40,115
2019-07-29,85,39,46
2019-07-29,95,40,55
2019-07-29,88,42,46
2019-07-29,86,53,33
2019-07-29,155,105,50
2019-07-29,374,317,57
2019-07-29,627,542,85
2019-07-29,430,359,71
2019-07-29,194,138,56
2019-07-29,98,52,46
2019-07-29,87,50,37
2019-07-29,28,17,11
2019-07-29,20,11,9
2019-07-30,11,9,2
2019-07-30,1,1,0
2019-07-30,4,2,2
2019-07-30,1,0,1
2019-07-30,12,4,8
2019-07-30,37,11,26
2019-07-30,114,17,97
2019-07-30,328,35,293
2019-07-30,503,51,452
2019-07-30,301,50,251
2019-07-30,117,28,89
2019-07-30,64,15,49
2019-07-30,76,37,39
2019-07-30,83,33,50
2019-07-30,105,57,48
2019-07-30,140,98,42
2019-07-30,374,306,68
2019-07-30,638,555,83
2019-07-30,416,334,82
2019-07-30,212,150,62
2019-07-30,122,76,46
2019-07-30,70,37,33
2019-07-30,52,36,16
2019-07-30,19,11,8
2019-07-31,4,4,0
2019-07-31,8,5,3
2019-07-31,4,3,1
2019-07-31,0,0,0
2019-07-31,11,5,6
2019-07-31,30,6,24
2019-07-31,116,26,90
2019-07-31,345,44,301
2019-07-31,524,69,455
2019-07-31,321,68,253
2019-07-31,133,39,94
2019-07-31,86,35,51
2019-07-31,94,39,55
2019-07-31,91,50,41
2019-07-31,113,64,49
2019-07-31,158,107,51
2019-07-31,342,274,68
2019-07-31,636,549,87
2019-07-31,414,350,64
2019-07-31,202,138,64
2019-07-31,140,84,56
2019-07-31,75,39,36
2019-07-31,41,22,19
2019-07-31,27,15,12
2019-08-01,4,3,1
2019-08-01,5,4,1
2019-08-01,5,4,1
2019-08-01,2,1,1
2019-08-01,6,2,4
2019-08-01,30,10,20
2019-08-01,98,19,79
2019-08-01,304,40,264
2019-08-01,518,59,459
2019-08-01,312,46,266
2019-08-01,132,45,87
2019-08-01,99,39,60
2019-08-01,117,57,60
2019-08-01,110,57,53
2019-08-01,121,69,52
2019-08-01,211,141,70
2019-08-01,468,394,74
2019-08-01,595,494,101
2019-08-01,381,267,114
2019-08-01,200,134,66
2019-08-01,134,73,61
2019-08-01,68,36,32
2019-08-01,30,19,11
2019-08-01,21,15,6
2019-08-02,5,3,2
2019-08-02,6,6,0
2019-08-02,1,1,0
2019-08-02,0,0,0
2019-08-02,7,3,4
2019-08-02,18,6,12
2019-08-02,86,13,73
2019-08-02,255,23,232
2019-08-02,387,40,347
2019-08-02,207,40,167
2019-08-02,111,42,69
2019-08-02,90,35,55
2019-08-02,113,62,51
2019-08-02,88,53,35
2019-08-02,119,67,52
2019-08-02,196,134,62
2019-08-02,371,289,82
2019-08-02,390,321,69
2019-08-02,228,166,62
2019-08-02,132,92,40
2019-08-02,113,72,41
2019-08-02,55,36,19
2019-08-02,35,21,14
2019-08-02,25,17,8
2019-08-03,20,13,7
2019-08-03,2,1,1
2019-08-03,5,3,2
2019-08-03,2,1,1
2019-08-03,3,2,1
2019-08-03,13,5,8
2019-08-03,21,9,12
2019-08-03,42,27,15
2019-08-03,75,33,42
2019-08-03,94,47,47
2019-08-03,100,54,46
2019-08-03,144,83,61
2019-08-03,152,84,68
2019-08-03,144,67,77
2019-08-03,153,87,66
2019-08-03,177,91,86
2019-08-03,163,56,107
2019-08-03,117,72,45
2019-08-03,99,50,49
2019-08-03,63,31,32
2019-08-03,65,33,32
2019-08-03,67,37,30
2019-08-03,22,17,5
2019-08-03,28,19,9
2019-08-04,17,16,1
2019-08-04,18,15,3
2019-08-04,7,5,2
2019-08-04,0,0,0
2019-08-04,3,3,0
2019-08-04,6,2,4
2019-08-04,17,8,9
2019-08-04,29,17,12
2019-08-04,55,35,20
2019-08-04,85,54,31
2019-08-04,96,52,44
2019-08-04,129,68,61
2019-08-04,120,65,55
2019-08-04,108,59,49
2019-08-04,157,70,87
2019-08-04,159,81,78
2019-08-04,123,53,70
2019-08-04,161,76,85
2019-08-04,79,32,47
2019-08-04,75,44,31
2019-08-04,67,43,24
2019-08-04,48,29,19
2019-08-04,24,14,10
2019-08-04,9,7,2
2019-08-05,9,1,8
2019-08-05,2,2,0
2019-08-05,0,0,0
2019-08-05,1,1,0
2019-08-05,17,6,11
2019-08-05,35,7,28
2019-08-05,152,24,128
2019-08-05,358,43,315
2019-08-05,541,59,482
2019-08-05,241,37,204
2019-08-05,118,32,86
2019-08-05,77,32,45
2019-08-05,79,41,38
2019-08-05,73,35,38
2019-08-05,102,56,46
2019-08-05,170,123,47
2019-08-05,427,359,68
2019-08-05,657,570,87
2019-08-05,311,266,45
2019-08-05,177,113,64
2019-08-05,118,67,51
2019-08-05,63,34,29
2019-08-05,28,20,8
2019-08-05,15,7,8
2019-08-06,11,8,3
2019-08-06,4,3,1
2019-08-06,5,1,4
2019-08-06,0,0,0
2019-08-06,15,8,7
2019-08-06,36,11,25
2019-08-06,154,21,133
2019-08-06,438,55,383
2019-08-06,471,53,418
2019-08-06,235,36,199
2019-08-06,114,36,78
2019-08-06,95,34,61
2019-08-06,79,34,45
2019-08-06,79,43,36
2019-08-06,88,53,35
2019-08-06,165,124,41
2019-08-06,480,397,83
2019-08-06,582,500,82
2019-08-06,330,264,66
2019-08-06,189,127,62
2019-08-06,129,71,58
2019-08-06,69,45,24
2019-08-06,48,24,24
2019-08-06,26,20,6
2019-08-07,11,9,2
2019-08-07,5,4,1
2019-08-07,1,1,0
2019-08-07,5,3,2
2019-08-07,14,4,10
2019-08-07,31,7,24
2019-08-07,141,24,117
2019-08-07,397,51,346
2019-08-07,452,55,397
2019-08-07,209,31,178
2019-08-07,99,34,65
2019-08-07,82,31,51
2019-08-07,75,31,44
2019-08-07,76,40,36
2019-08-07,95,49,46
2019-08-07,186,130,56
2019-08-07,402,338,64
2019-08-07,610,518,92
2019-08-07,359,278,81
2019-08-07,218,146,72
2019-08-07,133,55,78
2019-08-07,66,41,25
2019-08-07,31,19,12
2019-08-07,16,13,3
2019-08-08,11,9,2
2019-08-08,7,5,2
2019-08-08,1,1,0
2019-08-08,1,0,1
2019-08-08,13,6,7
2019-08-08,37,12,25
2019-08-08,146,26,120
2019-08-08,339,36,303
2019-08-08,419,54,365
2019-08-08,258,42,216
2019-08-08,99,33,66
2019-08-08,79,36,43
2019-08-08,96,47,49
2019-08-08,88,42,46
2019-08-08,99,66,33
2019-08-08,166,113,53
2019-08-08,438,338,100
2019-08-08,543,448,95
2019-08-08,377,286,91
2019-08-08,133,95,38
2019-08-08,94,62,32
2019-08-08,55,30,25
2019-08-08,36,28,8
2019-08-08,28,20,8
2019-08-09,9,9,0
2019-08-09,5,4,1
2019-08-09,3,2,1
2019-08-09,1,0,1
2019-08-09,11,2,9
2019-08-09,21,5,16
2019-08-09,84,23,61
2019-08-09,280,35,245
2019-08-09,373,44,329
2019-08-09,199,38,161
2019-08-09,94,30,64
2019-08-09,95,43,52
2019-08-09,78,23,55
2019-08-09,111,68,43
2019-08-09,127,72,55
2019-08-09,238,154,84
2019-08-09,385,309,76
2019-08-09,414,332,82
2019-08-09,253,174,79
2019-08-09,144,78,66
2019-08-09,124,71,53
2019-08-09,51,35,16
2019-08-09,53,35,18
2019-08-09,24,21,3
2019-08-10,21,15,6
2019-08-10,6,4,2
2019-08-10,9,8,1
2019-08-10,3,1,2
2019-08-10,2,2,0
2019-08-10,9,7,2
2019-08-10,8,3,5
2019-08-10,9,6,3
2019-08-10,14,4,10
2019-08-10,20,13,7
2019-08-10,121,107,14
2019-08-10,356,326,30
2019-08-10,347,293,54
2019-08-10,211,159,52
2019-08-10,197,136,61
2019-08-10,172,107,65
2019-08-10,141,86,55
2019-08-10,121,53,68
2019-08-10,102,57,45
2019-08-10,76,37,39
2019-08-10,51,23,28
2019-08-10,40,13,27
2019-08-10,16,9,7
2019-08-10,36,25,11
2019-08-11,11,8,3
2019-08-11,9,6,3
2019-08-11,8,6,2
2019-08-11,8,3,5
2019-08-11,1,1,0
2019-08-11,5,3,2
2019-08-11,29,5,24
2019-08-11,37,16,21
2019-08-11,93,54,39
2019-08-11,68,32,36
2019-08-11,75,46,29
2019-08-11,117,56,61
2019-08-11,114,59,55
2019-08-11,109,46,63
2019-08-11,94,63,31
2019-08-11,119,57,62
2019-08-11,118,66,52
2019-08-11,72,35,37
2019-08-11,59,36,23
2019-08-11,40,19,21
2019-08-11,33,17,16
2019-08-11,21,11,10
2019-08-11,15,11,4
2019-08-11,10,6,4
2019-08-12,9,6,3
2019-08-12,1,1,0
2019-08-12,0,0,0
2019-08-12,2,2,0
2019-08-12,13,6,7
2019-08-12,29,10,19
2019-08-12,127,24,103
2019-08-12,379,32,347
2019-08-12,450,58,392
2019-08-12,266,46,220
2019-08-12,96,29,67
2019-08-12,66,22,44
2019-08-12,63,26,37
2019-08-12,98,58,40
2019-08-12,100,57,43
2019-08-12,153,109,44
2019-08-12,418,342,76
2019-08-12,616,541,75
2019-08-12,322,257,65
2019-08-12,181,129,52
2019-08-12,120,52,68
2019-08-12,51,30,21
2019-08-12,31,20,11
2019-08-12,10,7,3
2019-08-13,5,3,2
2019-08-13,2,2,0
2019-08-13,3,1,2
2019-08-13,3,3,0
2019-08-13,14,5,9
2019-08-13,51,10,41
2019-08-13,162,34,128
2019-08-13,460,46,414
2019-08-13,535,64,471
2019-08-13,255,52,203
2019-08-13,106,33,73
2019-08-13,73,22,51
2019-08-13,74,45,29
2019-08-13,91,35,56
2019-08-13,103,60,43
2019-08-13,196,147,49
2019-08-13,468,391,77
2019-08-13,690,578,112
2019-08-13,395,305,90
2019-08-13,162,115,47
2019-08-13,122,77,45
2019-08-13,60,33,27
2019-08-13,42,22,20
2019-08-13,26,18,8
2019-08-14,5,3,2
2019-08-14,6,4,2
2019-08-14,3,2,1
2019-08-14,2,2,0
2019-08-14,13,3,10
2019-08-14,45,12,33
2019-08-14,149,25,124
2019-08-14,420,66,354
2019-08-14,511,61,450
2019-08-14,231,43,188
2019-08-14,112,38,74
2019-08-14,96,34,62
2019-08-14,104,47,57
2019-08-14,87,48,39
2019-08-14,118,70,48
2019-08-14,218,155,63
2019-08-14,431,376,55
2019-08-14,652,528,124
2019-08-14,360,281,79
2019-08-14,184,141,43
2019-08-14,122,73,49
2019-08-14,79,39,40
2019-08-14,20,15,5
2019-08-14,20,15,5
2019-08-15,11,9,2
2019-08-15,8,6,2
2019-08-15,2,2,0
2019-08-15,2,2,0
2019-08-15,13,4,9
2019-08-15,34,11,23
2019-08-15,140,17,123
2019-08-15,401,49,352
2019-08-15,492,62,430
2019-08-15,249,51,198
2019-08-15,136,50,86
2019-08-15,67,24,43
2019-08-15,89,39,50
2019-08-15,105,50,55
2019-08-15,113,69,44
2019-08-15,194,153,41
2019-08-15,473,383,90
2019-08-15,578,483,95
2019-08-15,332,269,63
2019-08-15,178,122,56
2019-08-15,110,65,45
2019-08-15,71,36,35
2019-08-15,35,20,15
2019-08-15,19,11,8
2019-08-16,15,12,3
2019-08-16,6,6,0
2019-08-16,2,1,1
2019-08-16,3,3,0
2019-08-16,8,3,5
2019-08-16,18,4,14
2019-08-16,113,21,92
2019-08-16,283,29,254
2019-08-16,349,39,310
2019-08-16,237,45,192
2019-08-16,113,33,80
2019-08-16,89,39,50
2019-08-16,102,44,58
2019-08-16,118,71,47
2019-08-16,130,82,48
2019-08-16,216,154,62
2019-08-16,364,302,62
2019-08-16,417,328,89
2019-08-16,203,166,37
2019-08-16,90,61,29
2019-08-16,75,49,26
2019-08-16,49,28,21
2019-08-16,37,24,13
2019-08-16,25,15,10
2019-08-17,16,11,5
2019-08-17,6,4,2
2019-08-17,7,5,2
2019-08-17,1,1,0
2019-08-17,2,1,1
2019-08-17,6,4,2
2019-08-17,21,7,14
2019-08-17,30,12,18
2019-08-17,68,33,35
2019-08-17,88,37,51
2019-08-17,119,76,43
2019-08-17,102,56,46
2019-08-17,119,61,58
2019-08-17,132,63,69
2019-08-17,132,74,58
2019-08-17,146,84,62
2019-08-17,148,72,76
2019-08-17,117,60,57
2019-08-17,99,37,62
2019-08-17,69,32,37
2019-08-17,68,32,36
2019-08-17,40,27,13
2019-08-17,29,19,10
2019-08-17,16,13,3
2019-08-18,5,4,1
2019-08-18,8,6,2
2019-08-18,4,4,0
2019-08-18,5,1,4
2019-08-18,1,0,1
2019-08-18,1,0,1
2019-08-18,16,2,14
2019-08-18,26,17,9
2019-08-18,51,31,20
2019-08-18,91,53,38
2019-08-18,81,41,40
2019-08-18,118,56,62
2019-08-18,157,73,84
2019-08-18,139,83,56
2019-08-18,171,106,65
2019-08-18,173,100,73
2019-08-18,124,58,66
2019-08-18,161,70,91
2019-08-18,121,68,53
2019-08-18,72,41,31
2019-08-18,61,25,36
2019-08-18,16,11,5
2019-08-18,13,9,4
2019-08-18,15,12,3
2019-08-19,3,2,1
2019-08-19,3,2,1
2019-08-19,1,1,0
2019-08-19,4,2,2
2019-08-19,12,3,9
2019-08-19,35,10,25
2019-08-19,121,29,92
2019-08-19,401,52,349
2019-08-19,454,40,414
2019-08-19,243,39,204
2019-08-19,88,19,69
2019-08-19,76,33,43
2019-08-19,63,29,34
2019-08-19,71,43,28
2019-08-19,85,45,40
2019-08-19,146,107,39
2019-08-19,440,366,74
2019-08-19,569,493,76
2019-08-19,349,288,61
2019-08-19,194,135,59
2019-08-19,84,44,40
2019-08-19,41,24,17
2019-08-19,18,9,9
2019-08-19,17,11,6
2019-08-20,11,7,4
2019-08-20,4,1,3
2019-08-20,1,0,1
2019-08-20,4,1,3
2019-08-20,14,3,11
2019-08-20,39,13,26
2019-08-20,168,29,139
2019-08-20,397,50,347
2019-08-20,501,54,447
2019-08-20,234,51,183
2019-08-20,104,21,83
2019-08-20,80,38,42
2019-08-20,109,58,51
2019-08-20,106,68,38
2019-08-20,119,68,51
2019-08-20,189,128,61
2019-08-20,448,375,73
2019-08-20,567,479,88
2019-08-20,333,247,86
2019-08-20,127,84,43
2019-08-20,80,48,32
2019-08-20,50,30,20
2019-08-20,43,38,5
2019-08-20,36,30,6
2019-08-21,7,5,2
2019-08-21,2,2,0
2019-08-21,3,3,0
2019-08-21,3,1,2
2019-08-21,14,5,9
2019-08-21,33,7,26
2019-08-21,91,15,76
2019-08-21,201,23,178
2019-08-21,209,24,185
2019-08-21,111,11,100
2019-08-21,46,11,35
2019-08-21,44,13,31
2019-08-21,45,20,25
2019-08-21,37,26,11
2019-08-21,55,40,15
2019-08-21,98,76,22
2019-08-21,226,188,38
2019-08-21,289,243,46
2019-08-21,145,128,17
2019-08-21,83,62,21
2019-08-21,42,29,13
2019-08-21,27,20,7
2019-08-21,14,11,3
2019-08-21,11,7,4
2019-08-22,7,4,3
2019-08-22,3,3,0
2019-08-22,4,2,2
2019-08-22,4,2,2
2019-08-22,12,5,7
2019-08-22,38,16,22
2019-08-22,130,25,105
2019-08-22,351,37,314
2019-08-22,463,57,406
2019-08-22,231,34,197
2019-08-22,99,28,71
2019-08-22,68,28,40
2019-08-22,88,41,47
2019-08-22,98,44,54
2019-08-22,98,53,45
2019-08-22,194,135,59
2019-08-22,405,325,80
2019-08-22,547,461,86
2019-08-22,312,258,54
2019-08-22,193,142,51
2019-08-22,95,58,37
2019-08-22,49,30,19
2019-08-22,41,22,19
2019-08-22,23,12,11
2019-08-23,12,11,1
2019-08-23,4,4,0
2019-08-23,2,1,1
2019-08-23,2,1,1
2019-08-23,9,6,3
2019-08-23,43,26,17
2019-08-23,108,28,80
2019-08-23,270,32,238
2019-08-23,364,45,319
2019-08-23,215,45,170
2019-08-23,101,34,67
2019-08-23,89,40,49
2019-08-23,110,52,58
2019-08-23,97,55,42
2019-08-23,137,81,56
2019-08-23,189,149,40
2019-08-23,346,270,76
2019-08-23,387,328,59
2019-08-23,219,167,52
2019-08-23,101,69,32
2019-08-23,65,43,22
2019-08-23,28,15,13
2019-08-23,30,23,7
2019-08-23,30,20,10
2019-08-24,11,9,2
2019-08-24,12,7,5
2019-08-24,2,1,1
2019-08-24,9,6,3
2019-08-24,1,1,0
2019-08-24,3,0,3
2019-08-24,9,2,7
2019-08-24,32,17,15
2019-08-24,47,20,27
2019-08-24,72,22,50
2019-08-24,78,41,37
2019-08-24,117,60,57
2019-08-24,156,68,88
2019-08-24,158,83,75
2019-08-24,179,88,91
2019-08-24,169,85,84
2019-08-24,128,59,69
2019-08-24,99,58,41
2019-08-24,88,50,38
2019-08-24,59,32,27
2019-08-24,29,18,11
2019-08-24,30,11,19
2019-08-24,29,18,11
2019-08-24,17,6,11
2019-08-25,11,8,3
2019-08-25,9,5,4
2019-08-25,8,8,0
2019-08-25,4,3,1
2019-08-25,1,1,0
2019-08-25,4,2,2
2019-08-25,6,0,6
2019-08-25,27,15,12
2019-08-25,35,18,17
2019-08-25,52,24,28
2019-08-25,88,46,42
2019-08-25,126,59,67
2019-08-25,157,72,85
2019-08-25,191,81,110
2019-08-25,147,65,82
2019-08-25,211,119,92
2019-08-25,211,124,87
2019-08-25,157,91,66
2019-08-25,122,56,66
2019-08-25,84,47,37
2019-08-25,45,30,15
2019-08-25,36,22,14
2019-08-25,17,11,6
2019-08-25,6,3,3
2019-08-26,3,2,1
2019-08-26,2,2,0
2019-08-26,2,2,0
2019-08-26,2,1,1
2019-08-26,9,4,5
2019-08-26,35,7,28
2019-08-26,126,27,99
2019-08-26,404,42,362
2019-08-26,531,65,466
2019-08-26,232,26,206
2019-08-26,94,30,64
2019-08-26,87,45,42
2019-08-26,92,46,46
2019-08-26,80,41,39
2019-08-26,107,55,52
2019-08-26,170,124,46
2019-08-26,383,312,71
2019-08-26,589,535,54
2019-08-26,339,270,69
2019-08-26,192,142,50
2019-08-26,71,42,29
2019-08-26,33,24,9
2019-08-26,25,15,10
2019-08-26,15,10,5
2019-08-27,3,1,2
2019-08-27,4,3,1
2019-08-27,6,4,2
2019-08-27,3,1,2
2019-08-27,13,3,10
2019-08-27,42,10,32
2019-08-27,160,31,129
2019-08-27,446,53,393
2019-08-27,585,55,530
2019-08-27,237,37,200
2019-08-27,104,33,71
2019-08-27,74,35,39
2019-08-27,81,44,37
2019-08-27,92,54,38
2019-08-27,101,71,30
2019-08-27,207,152,55
2019-08-27,455,392,63
2019-08-27,705,610,95
2019-08-27,352,275,77
2019-08-27,183,113,70
2019-08-27,78,48,30
2019-08-27,34,19,15
2019-08-27,48,30,18
2019-08-27,12,8,4
2019-08-28,6,6,0
2019-08-28,5,2,3
2019-08-28,2,1,1
2019-08-28,4,2,2
2019-08-28,11,4,7
2019-08-28,32,7,25
2019-08-28,136,27,109
2019-08-28,416,62,354
2019-08-28,504,59,445
2019-08-28,227,35,192
2019-08-28,100,17,83
2019-08-28,102,39,63
2019-08-28,106,44,62
2019-08-28,86,49,37
2019-08-28,79,43,36
2019-08-28,192,155,37
2019-08-28,423,356,67
2019-08-28,597,507,90
2019-08-28,367,300,67
2019-08-28,181,136,45
2019-08-28,91,58,33
2019-08-28,61,33,28
2019-08-28,37,17,20
2019-08-28,24,16,8
2019-08-29,5,4,1
2019-08-29,7,7,0
2019-08-29,3,3,0
2019-08-29,1,1,0
2019-08-29,7,3,4
2019-08-29,31,8,23
2019-08-29,128,24,104
2019-08-29,418,51,367
2019-08-29,489,53,436
2019-08-29,223,31,192
2019-08-29,129,35,94
2019-08-29,87,39,48
2019-08-29,96,61,35
2019-08-29,84,54,30
2019-08-29,90,64,26
2019-08-29,178,116,62
2019-08-29,413,340,73
2019-08-29,516,450,66
2019-08-29,203,180,23
2019-08-29,87,62,25
2019-08-29,32,26,6
2019-08-29,26,18,8
2019-08-29,12,10,2
2019-08-29,11,9,2
2019-08-30,3,3,0
2019-08-30,8,6,2
2019-08-30,1,1,0
2019-08-30,3,1,2
2019-08-30,11,8,3
2019-08-30,26,10,16
2019-08-30,94,15,79
2019-08-30,242,32,210
2019-08-30,330,31,299
2019-08-30,168,31,137
2019-08-30,90,27,63
2019-08-30,87,39,48
2019-08-30,115,60,55
2019-08-30,121,79,42
2019-08-30,130,93,37
2019-08-30,236,181,55
2019-08-30,335,270,65
2019-08-30,329,272,57
2019-08-30,206,154,52
2019-08-30,93,57,36
2019-08-30,78,50,28
2019-08-30,37,24,13
2019-08-30,27,19,8
2019-08-30,34,24,10
2019-08-31,18,11,7
2019-08-31,8,6,2
2019-08-31,4,4,0
2019-08-31,3,0,3
2019-08-31,2,1,1
2019-08-31,8,3,5
2019-08-31,16,5,11
2019-08-31,31,14,17
2019-08-31,41,18,23
2019-08-31,58,28,30
2019-08-31,72,37,35
2019-08-31,142,80,62
2019-08-31,140,58,82
2019-08-31,119,63,56
2019-08-31,149,76,73
2019-08-31,132,76,56
2019-08-31,130,58,72
2019-08-31,101,56,45
2019-08-31,73,46,27
2019-08-31,60,21,39
2019-08-31,45,25,20
2019-08-31,30,17,13
2019-08-31,29,16,13
2019-08-31,27,19,8
2019-09-01,8,2,6
2019-09-01,8,4,4
2019-09-01,3,2,1
2019-09-01,7,3,4
2019-09-01,2,2,0
2019-09-01,2,0,2
2019-09-01,15,6,9
2019-09-01,23,11,12
2019-09-01,37,15,22
2019-09-01,82,42,40
2019-09-01,87,48,39
2019-09-01,107,54,53
2019-09-01,114,69,45
2019-09-01,120,62,58
2019-09-01,151,79,72
2019-09-01,141,65,76
2019-09-01,120,65,55
2019-09-01,113,62,51
2019-09-01,94,62,32
2019-09-01,53,28,25
2019-09-01,38,20,18
2019-09-01,43,26,17
2019-09-01,22,11,11
2019-09-01,18,14,4
2019-09-02,11,10,1
2019-09-02,5,3,2
2019-09-02,0,0,0
2019-09-02,4,4,0
2019-09-02,4,3,1
2019-09-02,4,1,3
2019-09-02,20,10,10
2019-09-02,31,10,21
2019-09-02,54,23,31
2019-09-02,82,36,46
2019-09-02,110,50,60
2019-09-02,102,55,47
2019-09-02,161,104,57
2019-09-02,157,78,79
2019-09-02,147,82,65
2019-09-02,177,108,69
2019-09-02,158,92,66
2019-09-02,114,67,47
2019-09-02,112,59,53
2019-09-02,83,42,41
2019-09-02,33,10,23
2019-09-02,22,15,7
2019-09-02,7,4,3
2019-09-02,11,7,4
2019-09-03,3,2,1
2019-09-03,1,0,1
2019-09-03,4,2,2
2019-09-03,6,4,2
2019-09-03,9,2,7
2019-09-03,45,14,31
2019-09-03,151,18,133
2019-09-03,423,47,376
2019-09-03,511,45,466
2019-09-03,250,40,210
2019-09-03,100,31,69
2019-09-03,78,30,48
2019-09-03,76,33,43
2019-09-03,88,47,41
2019-09-03,76,53,23
2019-09-03,178,128,50
2019-09-03,437,372,65
2019-09-03,670,590,80
2019-09-03,318,252,66
2019-09-03,141,97,44
2019-09-03,72,43,29
2019-09-03,47,31,16
2019-09-03,25,20,5
2019-09-03,19,11,8
2019-09-04,5,3,2
2019-09-04,0,0,0
2019-09-04,2,1,1
2019-09-04,2,1,1
2019-09-04,10,6,4
2019-09-04,39,13,26
2019-09-04,142,26,116
2019-09-04,402,41,361
2019-09-04,502,45,457
2019-09-04,270,55,215
2019-09-04,127,33,94
2019-09-04,69,21,48
2019-09-04,59,27,32
2019-09-04,79,36,43
2019-09-04,85,57,28
2019-09-04,165,118,47
2019-09-04,343,299,44
2019-09-04,670,591,79
2019-09-04,378,313,65
2019-09-04,183,142,41
2019-09-04,80,48,32
2019-09-04,40,21,19
2019-09-04,17,11,6
2019-09-04,16,7,9
2019-09-05,7,5,2
2019-09-05,3,2,1
2019-09-05,1,0,1
2019-09-05,5,2,3
2019-09-05,8,2,6
2019-09-05,28,12,16
2019-09-05,97,16,81
2019-09-05,373,45,328
2019-09-05,520,49,471
2019-09-05,311,45,266
2019-09-05,124,38,86
2019-09-05,82,27,55
2019-09-05,93,37,56
2019-09-05,93,62,31
2019-09-05,108,65,43
2019-09-05,154,100,54
2019-09-05,364,283,81
2019-09-05,596,516,80
2019-09-05,389,327,62
2019-09-05,180,135,45
2019-09-05,83,51,32
2019-09-05,47,34,13
2019-09-05,30,20,10
2019-09-05,17,11,6
2019-09-06,12,6,6
2019-09-06,8,7,1
2019-09-06,3,2,1
2019-09-06,1,0,1
2019-09-06,3,1,2
2019-09-06,24,12,12
2019-09-06,89,18,71
2019-09-06,286,35,251
2019-09-06,472,40,432
2019-09-06,253,47,206
2019-09-06,133,38,95
2019-09-06,98,38,60
2019-09-06,77,39,38
2019-09-06,136,85,51
2019-09-06,117,80,37
2019-09-06,222,157,65
2019-09-06,400,322,78
2019-09-06,493,410,83
2019-09-06,283,237,46
2019-09-06,134,91,43
2019-09-06,69,38,31
2019-09-06,53,34,19
2019-09-06,32,18,14
2019-09-06,29,18,11
2019-09-07,10,7,3
2019-09-07,8,3,5
2019-09-07,6,2,4
2019-09-07,2,1,1
2019-09-07,1,1,0
2019-09-07,6,3,3
2019-09-07,11,5,6
2019-09-07,30,15,15
2019-09-07,43,9,34
2019-09-07,65,30,35
2019-09-07,75,41,34
2019-09-07,88,45,43
2019-09-07,111,49,62
2019-09-07,122,62,60
2019-09-07,146,88,58
2019-09-07,114,57,57
2019-09-07,90,48,42
2019-09-07,99,72,27
2019-09-07,63,27,36
2019-09-07,47,26,21
2019-09-07,16,7,9
2019-09-07,14,7,7
2019-09-07,11,9,2
2019-09-07,11,7,4
2019-09-08,4,1,3
2019-09-08,4,3,1
2019-09-08,6,2,4
2019-09-08,1,1,0
2019-09-08,2,1,1
2019-09-08,1,0,1
2019-09-08,8,3,5
2019-09-08,4,3,1
2019-09-08,22,9,13
2019-09-08,35,15,20
2019-09-08,48,15,33
2019-09-08,58,32,26
2019-09-08,50,30,20
2019-09-08,78,45,33
2019-09-08,87,49,38
2019-09-08,40,17,23
2019-09-08,68,40,28
2019-09-08,66,35,31
2019-09-08,57,28,29
2019-09-08,37,20,17
2019-09-08,16,10,6
2019-09-08,7,2,5
2019-09-08,3,2,1
2019-09-08,5,5,0
2019-09-09,2,1,1
2019-09-09,0,0,0
2019-09-09,1,0,1
2019-09-09,2,0,2
2019-09-09,7,5,2
2019-09-09,20,6,14
2019-09-09,60,10,50
2019-09-09,233,27,206
2019-09-09,398,39,359
2019-09-09,237,30,207
2019-09-09,92,17,75
2019-09-09,42,17,25
2019-09-09,37,12,25
2019-09-09,48,26,22
2019-09-09,58,25,33
2019-09-09,91,71,20
2019-09-09,205,180,25
2019-09-09,430,385,45
2019-09-09,225,199,26
2019-09-09,109,85,24
2019-09-09,46,32,14
2019-09-09,27,18,9
2019-09-09,16,12,4
2019-09-09,11,8,3
2019-09-10,5,3,2
2019-09-10,0,0,0
2019-09-10,2,1,1
2019-09-10,1,0,1
2019-09-10,6,3,3
2019-09-10,22,6,16
2019-09-10,72,10,62
2019-09-10,185,30,155
2019-09-10,334,37,297
2019-09-10,224,35,189
2019-09-10,91,23,68
2019-09-10,50,15,35
2019-09-10,60,26,34
2019-09-10,51,26,25
2019-09-10,88,51,37
2019-09-10,116,81,35
2019-09-10,269,203,66
2019-09-10,504,442,62
2019-09-10,313,229,84
2019-09-10,146,104,42
2019-09-10,61,40,21
2019-09-10,46,33,13
2019-09-10,34,25,9
2019-09-10,16,9,7
2019-09-11,4,3,1
2019-09-11,2,1,1
2019-09-11,1,1,0
2019-09-11,2,0,2
2019-09-11,6,2,4
2019-09-11,29,7,22
2019-09-11,100,24,76
2019-09-11,316,35,281
2019-09-11,541,64,477
2019-09-11,278,35,243
2019-09-11,89,19,70
2019-09-11,90,27,63
2019-09-11,82,30,52
2019-09-11,84,56,28
2019-09-11,82,42,40
2019-09-11,136,102,34
2019-09-11,345,282,63
2019-09-11,630,532,98
2019-09-11,393,320,73
2019-09-11,193,132,61
2019-09-11,99,50,49
2019-09-11,49,34,15
2019-09-11,38,33,5
2019-09-11,19,15,4
2019-09-12,9,7,2
2019-09-12,6,3,3
2019-09-12,8,5,3
2019-09-12,3,1,2
2019-09-12,4,2,2
2019-09-12,22,9,13
2019-09-12,99,13,86
2019-09-12,327,36,291
2019-09-12,506,57,449
2019-09-12,280,46,234
2019-09-12,136,38,98
2019-09-12,99,37,62
2019-09-12,95,35,60
2019-09-12,112,58,54
2019-09-12,120,64,56
2019-09-12,151,98,53
2019-09-12,372,306,66
2019-09-12,580,486,94
2019-09-12,358,297,61
2019-09-12,135,94,41
2019-09-12,54,33,21
2019-09-12,36,24,12
2019-09-12,21,17,4
2019-09-12,18,13,5
2019-09-13,5,5,0
2019-09-13,1,1,0
2019-09-13,2,1,1
2019-09-13,2,1,1
2019-09-13,3,2,1
2019-09-13,15,5,10
2019-09-13,68,14,54
2019-09-13,226,22,204
2019-09-13,383,38,345
2019-09-13,223,41,182
2019-09-13,85,19,66
2019-09-13,75,27,48
2019-09-13,72,36,36
2019-09-13,63,36,27
2019-09-13,78,47,31
2019-09-13,136,91,45
2019-09-13,293,251,42
2019-09-13,473,407,66
2019-09-13,209,168,41
2019-09-13,96,63,33
2019-09-13,55,24,31
2019-09-13,27,14,13
2019-09-13,27,16,11
2019-09-13,18,13,5
2019-09-14,11,7,4
2019-09-14,8,7,1
2019-09-14,9,6,3
2019-09-14,2,0,2
2019-09-14,3,2,1
2019-09-14,5,3,2
2019-09-14,14,4,10
2019-09-14,25,10,15
2019-09-14,46,14,32
2019-09-14,79,33,46
2019-09-14,81,50,31
2019-09-14,111,54,57
2019-09-14,116,71,45
2019-09-14,118,70,48
2019-09-14,102,67,35
2019-09-14,116,61,55
2019-09-14,97,54,43
2019-09-14,91,43,48
2019-09-14,73,47,26
2019-09-14,64,30,34
2019-09-14,36,17,19
2019-09-14,13,9,4
2019-09-14,13,10,3
2019-09-14,11,6,5
2019-09-15,4,2,2
2019-09-15,7,4,3
2019-09-15,2,2,0
2019-09-15,2,2,0
2019-09-15,1,1,0
2019-09-15,3,1,2
2019-09-15,7,2,5
2019-09-15,9,3,6
2019-09-15,16,7,9
2019-09-15,8,2,6
2019-09-15,8,2,6
2019-09-15,24,9,15
2019-09-15,17,10,7
2019-09-15,22,13,9
2019-09-15,24,8,16
2019-09-15,26,16,10
2019-09-15,42,27,15
2019-09-15,34,24,10
2019-09-15,45,35,10
2019-09-15,22,10,12
2019-09-15,25,12,13
2019-09-15,9,5,4
2019-09-15,6,4,2
2019-09-15,7,6,1
2019-09-16,0,0,0
2019-09-16,3,3,0
2019-09-16,1,0,1
2019-09-16,1,0,1
2019-09-16,3,0,3
2019-09-16,20,6,14
2019-09-16,85,23,62
2019-09-16,268,32,236
2019-09-16,470,41,429
2019-09-16,251,46,205
2019-09-16,118,25,93
2019-09-16,51,14,37
2019-09-16,90,39,51
2019-09-16,69,42,27
2019-09-16,88,47,41
2019-09-16,122,83,39
2019-09-16,332,269,63
2019-09-16,535,469,66
2019-09-16,339,270,69
2019-09-16,165,118,47
2019-09-16,65,38,27
2019-09-16,39,25,14
2019-09-16,23,17,6
2019-09-16,10,6,4
2019-09-17,4,4,0
2019-09-17,3,3,0
2019-09-17,2,1,1
2019-09-17,5,3,2
2019-09-17,2,1,1
2019-09-17,23,3,20
2019-09-17,57,15,42
2019-09-17,217,23,194
2019-09-17,341,34,307
2019-09-17,148,27,121
2019-09-17,46,11,35
2019-09-17,20,4,16
2019-09-17,33,17,16
2019-09-17,41,25,16
2019-09-17,36,26,10
2019-09-17,81,64,17
2019-09-17,208,177,31
2019-09-17,365,331,34
2019-09-17,183,150,33
2019-09-17,71,55,16
2019-09-17,38,25,13
2019-09-17,29,20,9
2019-09-17,13,9,4
2019-09-17,13,11,2
2019-09-18,4,3,1
2019-09-18,1,1,0
2019-09-18,1,1,0
2019-09-18,1,0,1
2019-09-18,8,5,3
2019-09-18,12,4,8
2019-09-18,73,16,57
2019-09-18,281,33,248
2019-09-18,428,54,374
2019-09-18,229,27,202
2019-09-18,102,30,72
2019-09-18,68,22,46
2019-09-18,80,40,40
2019-09-18,62,37,25
2019-09-18,90,48,42
2019-09-18,105,82,23
2019-09-18,296,247,49
2019-09-18,509,418,91
2019-09-18,338,268,70
2019-09-18,141,101,40
2019-09-18,64,35,29
2019-09-18,37,22,15
2019-09-18,45,35,10
2019-09-18,14,10,4
2019-09-19,6,5,1
2019-09-19,7,5,2
2019-09-19,3,2,1
2019-09-19,3,1,2
2019-09-19,6,3,3
2019-09-19,30,11,19
2019-09-19,70,9,61
2019-09-19,300,42,258
2019-09-19,460,47,413
2019-09-19,270,49,221
2019-09-19,115,31,84
2019-09-19,75,27,48
2019-09-19,70,30,40
2019-09-19,87,40,47
2019-09-19,101,57,44
2019-09-19,128,89,39
2019-09-19,350,272,78
2019-09-19,594,508,86
2019-09-19,316,255,61
2019-09-19,135,107,28
2019-09-19,56,38,18
2019-09-19,40,26,14
2019-09-19,29,19,10
2019-09-19,20,13,7
2019-09-20,5,4,1
2019-09-20,3,2,1
2019-09-20,3,2,1
2019-09-20,4,1,3
2019-09-20,3,3,0
2019-09-20,23,11,12
2019-09-20,69,11,58
2019-09-20,223,25,198
2019-09-20,411,42,369
2019-09-20,232,35,197
2019-09-20,109,26,83
2019-09-20,133,32,101
2019-09-20,111,50,61
2019-09-20,114,76,38
2019-09-20,142,94,48
2019-09-20,196,150,46
2019-09-20,327,270,57
2019-09-20,446,369,77
2019-09-20,253,188,65
2019-09-20,125,89,36
2019-09-20,62,43,19
2019-09-20,42,28,14
2019-09-20,31,16,15
2019-09-20,26,14,12
2019-09-21,15,10,5
2019-09-21,13,8,5
2019-09-21,6,4,2
2019-09-21,3,2,1
2019-09-21,3,2,1
2019-09-21,2,1,1
2019-09-21,13,4,9
2019-09-21,18,6,12
2019-09-21,53,26,27
2019-09-21,61,26,35
2019-09-21,53,27,26
2019-09-21,107,48,59
2019-09-21,122,88,34
2019-09-21,140,86,54
2019-09-21,155,81,74
2019-09-21,151,86,65
2019-09-21,157,77,80
2019-09-21,101,60,41
2019-09-21,105,50,55
2019-09-21,79,31,48
2019-09-21,44,13,31
2019-09-21,21,8,13
2019-09-21,31,9,22
2019-09-21,21,8,13
2019-09-22,23,13,10
2019-09-22,8,6,2
2019-09-22,7,6,1
2019-09-22,2,1,1
2019-09-22,1,0,1
2019-09-22,1,1,0
2019-09-22,5,3,2
2019-09-22,10,5,5
2019-09-22,18,7,11
2019-09-22,9,4,5
2019-09-22,16,6,10
2019-09-22,16,8,8
2019-09-22,21,11,10
2019-09-22,18,10,8
2019-09-22,16,9,7
2019-09-22,17,10,7
2019-09-22,23,10,13
2019-09-22,26,13,13
2019-09-22,27,14,13
2019-09-22,23,13,10
2019-09-22,25,14,11
2019-09-22,10,7,3
2019-09-22,4,2,2
2019-09-22,2,0,2
2019-09-23,1,1,0
2019-09-23,3,2,1
2019-09-23,1,0,1
2019-09-23,2,1,1
2019-09-23,4,2,2
2019-09-23,25,10,15
2019-09-23,71,17,54
2019-09-23,283,31,252
2019-09-23,489,46,443
2019-09-23,290,46,244
2019-09-23,73,17,56
2019-09-23,57,15,42
2019-09-23,34,13,21
2019-09-23,42,21,21
2019-09-23,41,26,15
2019-09-23,76,60,16
2019-09-23,248,216,32
2019-09-23,513,463,50
2019-09-23,305,264,41
2019-09-23,108,89,19
2019-09-23,49,29,20
2019-09-23,27,22,5
2019-09-23,17,14,3
2019-09-23,10,5,5
2019-09-24,4,4,0
2019-09-24,0,0,0
2019-09-24,1,0,1
2019-09-24,3,1,2
2019-09-24,11,7,4
2019-09-24,28,9,19
2019-09-24,83,18,65
2019-09-24,243,30,213
2019-09-24,447,37,410
2019-09-24,245,35,210
2019-09-24,92,19,73
2019-09-24,56,26,30
2019-09-24,62,25,37
2019-09-24,68,33,35
2019-09-24,81,50,31
2019-09-24,116,75,41
2019-09-24,288,244,44
2019-09-24,550,469,81
2019-09-24,343,269,74
2019-09-24,145,112,33
2019-09-24,75,45,30
2019-09-24,54,35,19
2019-09-24,22,20,2
2019-09-24,10,4,6
2019-09-25,13,7,6
2019-09-25,5,4,1
2019-09-25,3,1,2
2019-09-25,3,2,1
2019-09-25,5,2,3
2019-09-25,25,9,16
2019-09-25,102,14,88
2019-09-25,295,36,259
2019-09-25,510,49,461
2019-09-25,306,48,258
2019-09-25,130,37,93
2019-09-25,83,29,54
2019-09-25,88,46,42
2019-09-25,68,32,36
2019-09-25,101,59,42
2019-09-25,158,117,41
2019-09-25,333,278,55
2019-09-25,596,518,78
2019-09-25,362,297,65
2019-09-25,155,113,42
2019-09-25,84,51,33
2019-09-25,44,29,15
2019-09-25,26,19,7
2019-09-25,17,16,1
2019-09-26,2,1,1
2019-09-26,3,3,0
2019-09-26,2,2,0
2019-09-26,2,1,1
2019-09-26,4,1,3
2019-09-26,27,8,19
2019-09-26,62,11,51
2019-09-26,205,23,182
2019-09-26,374,35,339
2019-09-26,211,24,187
2019-09-26,106,26,80
2019-09-26,63,28,35
2019-09-26,77,40,37
2019-09-26,78,35,43
2019-09-26,88,48,40
2019-09-26,114,80,34
2019-09-26,264,210,54
2019-09-26,420,376,44
2019-09-26,274,222,52
2019-09-26,129,87,42
2019-09-26,60,44,16
2019-09-26,40,30,10
2019-09-26,22,13,9
2019-09-26,16,11,5
2019-09-27,7,6,1
2019-09-27,1,1,0
2019-09-27,2,1,1
2019-09-27,3,2,1
2019-09-27,3,2,1
2019-09-27,15,6,9
2019-09-27,63,13,50
2019-09-27,199,22,177
2019-09-27,354,48,306
2019-09-27,192,33,159
2019-09-27,99,25,74
2019-09-27,63,27,36
2019-09-27,58,24,34
2019-09-27,73,42,31
2019-09-27,76,50,26
2019-09-27,115,91,24
2019-09-27,288,246,42
2019-09-27,318,281,37
2019-09-27,174,141,33
2019-09-27,52,44,8
2019-09-27,19,12,7
2019-09-27,19,16,3
2019-09-27,16,11,5
2019-09-27,19,14,5
2019-09-28,6,5,1
2019-09-28,7,7,0
2019-09-28,3,1,2
2019-09-28,3,3,0
2019-09-28,1,1,0
2019-09-28,2,1,1
2019-09-28,4,2,2
2019-09-28,10,5,5
2019-09-28,31,9,22
2019-09-28,34,17,17
2019-09-28,35,16,19
2019-09-28,65,28,37
2019-09-28,66,32,34
2019-09-28,74,44,30
2019-09-28,105,59,46
2019-09-28,130,81,49
2019-09-28,131,71,60
2019-09-28,122,41,81
2019-09-28,97,49,48
2019-09-28,39,16,23
2019-09-28,37,22,15
2019-09-28,27,16,11
2019-09-28,22,13,9
2019-09-28,8,4,4
2019-09-29,13,7,6
2019-09-29,6,6,0
2019-09-29,8,5,3
2019-09-29,2,1,1
2019-09-29,0,0,0
2019-09-29,2,1,1
2019-09-29,4,1,3
2019-09-29,11,4,7
2019-09-29,34,21,13
2019-09-29,42,21,21
2019-09-29,49,26,23
2019-09-29,55,30,25
2019-09-29,78,49,29
2019-09-29,88,29,59
2019-09-29,69,28,41
2019-09-29,63,31,32
2019-09-29,57,30,27
2019-09-29,68,41,27
2019-09-29,45,27,18
2019-09-29,21,11,10
2019-09-29,23,10,13
2019-09-29,3,3,0
2019-09-29,8,3,5
2019-09-29,13,7,6
2019-09-30,1,0,1
2019-09-30,0,0,0
2019-09-30,3,2,1
2019-09-30,3,2,1
2019-09-30,1,1,0
2019-09-30,22,7,15
2019-09-30,86,18,68
2019-09-30,270,28,242
2019-09-30,487,44,443
2019-09-30,295,38,257
2019-09-30,97,20,77
2019-09-30,74,25,49
2019-09-30,53,21,32
2019-09-30,49,24,25
2019-09-30,80,42,38
2019-09-30,120,91,29
2019-09-30,345,298,47
2019-09-30,567,494,73
2019-09-30,372,314,58
2019-09-30,130,88,42
2019-09-30,50,32,18
2019-09-30,41,31,10
2019-09-30,18,12,6
2019-09-30,11,8,3
2019-10-01,4,3,1
2019-10-01,0,0,0
2019-10-01,0,0,0
2019-10-01,1,0,1
2019-10-01,3,2,1
2019-10-01,22,9,13
2019-10-01,72,12,60
2019-10-01,312,28,284
2019-10-01,497,46,451
2019-10-01,296,41,255
2019-10-01,128,35,93
2019-10-01,64,36,28
2019-10-01,79,35,44
2019-10-01,80,44,36
2019-10-01,99,72,27
2019-10-01,151,102,49
2019-10-01,338,284,54
2019-10-01,576,511,65
2019-10-01,378,315,63
2019-10-01,133,95,38
2019-10-01,58,38,20
2019-10-01,43,26,17
2019-10-01,25,14,11
2019-10-01,15,10,5
2019-10-02,5,3,2
2019-10-02,0,0,0
2019-10-02,4,3,1
2019-10-02,1,0,1
2019-10-02,4,2,2
2019-10-02,23,7,16
2019-10-02,72,14,58
2019-10-02,251,24,227
2019-10-02,491,53,438
2019-10-02,297,48,249
2019-10-02,117,24,93
2019-10-02,74,22,52
2019-10-02,61,31,30
2019-10-02,80,46,34
2019-10-02,87,63,24
2019-10-02,103,76,27
2019-10-02,349,295,54
2019-10-02,495,436,59
2019-10-02,318,266,52
2019-10-02,119,93,26
2019-10-02,56,43,13
2019-10-02,35,24,11
2019-10-02,24,17,7
2019-10-02,12,9,3
2019-10-03,7,5,2
2019-10-03,3,3,0
2019-10-03,1,1,0
2019-10-03,2,1,1
2019-10-03,5,2,3
2019-10-03,15,6,9
2019-10-03,70,11,59
2019-10-03,215,24,191
2019-10-03,430,45,385
2019-10-03,272,46,226
2019-10-03,93,24,69
2019-10-03,62,16,46
2019-10-03,70,24,46
2019-10-03,77,44,33
2019-10-03,82,54,28
2019-10-03,107,73,34
2019-10-03,293,237,56
2019-10-03,467,399,68
2019-10-03,235,198,37
2019-10-03,121,92,29
2019-10-03,49,38,11
2019-10-03,61,50,11
2019-10-03,18,12,6
2019-10-03,20,9,11
2019-10-04,7,5,2
2019-10-04,2,0,2
2019-10-04,3,1,2
2019-10-04,3,1,2
2019-10-04,3,3,0
2019-10-04,19,8,11
2019-10-04,52,7,45
2019-10-04,160,22,138
2019-10-04,354,29,325
2019-10-04,259,40,219
2019-10-04,92,22,70
2019-10-04,72,30,42
2019-10-04,59,31,28
2019-10-04,60,32,28
2019-10-04,90,57,33
2019-10-04,122,94,28
2019-10-04,287,241,46
2019-10-04,385,337,48
2019-10-04,214,160,54
2019-10-04,76,57,19
2019-10-04,46,35,11
2019-10-04,28,14,14
2019-10-04,29,16,13
2019-10-04,22,16,6
2019-10-05,18,7,11
2019-10-05,13,9,4
2019-10-05,8,4,4
2019-10-05,5,1,4
2019-10-05,2,2,0
2019-10-05,4,4,0
2019-10-05,6,4,2
2019-10-05,20,7,13
2019-10-05,38,8,30
2019-10-05,46,27,19
2019-10-05,82,47,35
2019-10-05,93,45,48
2019-10-05,84,37,47
2019-10-05,111,58,53
2019-10-05,93,54,39
2019-10-05,104,62,42
2019-10-05,125,83,42
2019-10-05,107,55,52
2019-10-05,72,34,38
2019-10-05,34,15,19
2019-10-05,29,13,16
2019-10-05,12,5,7
2019-10-05,17,10,7
2019-10-05,11,6,5
2019-10-06,9,6,3
2019-10-06,12,8,4
2019-10-06,5,3,2
2019-10-06,3,3,0
2019-10-06,1,1,0
2019-10-06,3,2,1
2019-10-06,10,5,5
2019-10-06,17,8,9
2019-10-06,29,20,9
2019-10-06,43,26,17
2019-10-06,84,44,40
2019-10-06,104,46,58
2019-10-06,131,79,52
2019-10-06,133,80,53
2019-10-06,140,68,72
2019-10-06,152,72,80
2019-10-06,116,60,56
2019-10-06,98,58,40
2019-10-06,86,41,45
2019-10-06,31,8,23
2019-10-06,17,10,7
2019-10-06,16,11,5
2019-10-06,7,2,5
2019-10-06,9,7,2
2019-10-07,3,2,1
2019-10-07,0,0,0
2019-10-07,1,1,0
2019-10-07,2,0,2
2019-10-07,4,3,1
2019-10-07,22,8,14
2019-10-07,67,12,55
2019-10-07,227,22,205
2019-10-07,439,33,406
2019-10-07,226,31,195
2019-10-07,90,18,72
2019-10-07,43,12,31
2019-10-07,41,19,22
2019-10-07,34,19,15
2019-10-07,64,40,24
2019-10-07,83,60,23
2019-10-07,269,236,33
2019-10-07,425,384,41
2019-10-07,234,202,32
2019-10-07,100,78,22
2019-10-07,41,28,13
2019-10-07,33,23,10
2019-10-07,15,13,2
2019-10-07,7,5,2
2019-10-08,7,4,3
2019-10-08,0,0,0
2019-10-08,5,3,2
2019-10-08,3,1,2
2019-10-08,5,3,2
2019-10-08,14,4,10
2019-10-08,73,14,59
2019-10-08,233,32,201
2019-10-08,417,44,373
2019-10-08,221,34,187
2019-10-08,83,19,64
2019-10-08,37,15,22
2019-10-08,29,17,12
2019-10-08,30,21,9
2019-10-08,47,31,16
2019-10-08,71,55,16
2019-10-08,235,196,39
2019-10-08,432,371,61
2019-10-08,257,225,32
2019-10-08,79,60,19
2019-10-08,44,33,11
2019-10-08,26,20,6
2019-10-08,10,7,3
2019-10-08,7,4,3
2019-10-09,4,3,1
2019-10-09,2,2,0
2019-10-09,3,1,2
2019-10-09,2,0,2
2019-10-09,4,1,3
2019-10-09,20,9,11
2019-10-09,84,14,70
2019-10-09,253,35,218
2019-10-09,403,33,370
2019-10-09,245,35,210
2019-10-09,96,18,78
2019-10-09,64,24,40
2019-10-09,67,30,37
2019-10-09,65,33,32
2019-10-09,85,53,32
2019-10-09,95,72,23
2019-10-09,284,240,44
2019-10-09,466,411,55
2019-10-09,310,266,44
2019-10-09,108,79,29
2019-10-09,50,38,12
2019-10-09,35,25,10
2019-10-09,20,13,7
2019-10-09,14,9,5
2019-10-10,6,4,2
2019-10-10,1,1,0
2019-10-10,1,1,0
2019-10-10,1,0,1
2019-10-10,5,3,2
2019-10-10,20,7,13
2019-10-10,61,8,53
2019-10-10,221,23,198
2019-10-10,381,42,339
2019-10-10,264,34,230
2019-10-10,104,23,81
2019-10-10,50,17,33
2019-10-10,58,28,30
2019-10-10,80,48,32
2019-10-10,75,42,33
2019-10-10,119,82,37
2019-10-10,276,215,61
2019-10-10,467,396,71
2019-10-10,280,233,47
2019-10-10,93,67,26
2019-10-10,46,34,12
2019-10-10,27,18,9
2019-10-10,25,15,10
2019-10-10,17,12,5
2019-10-11,10,4,6
2019-10-11,0,0,0
2019-10-11,0,0,0
2019-10-11,3,1,2
2019-10-11,5,4,1
2019-10-11,11,3,8
2019-10-11,62,12,50
2019-10-11,202,23,179
2019-10-11,346,37,309
2019-10-11,238,35,203
2019-10-11,80,21,59
2019-10-11,69,23,46
2019-10-11,82,33,49
2019-10-11,125,77,48
2019-10-11,95,60,35
2019-10-11,178,124,54
2019-10-11,290,233,57
2019-10-11,389,328,61
2019-10-11,219,170,49
2019-10-11,79,57,22
2019-10-11,43,29,14
2019-10-11,34,24,10
2019-10-11,24,19,5
2019-10-11,20,11,9
2019-10-12,11,7,4
2019-10-12,9,6,3
2019-10-12,4,3,1
2019-10-12,0,0,0
2019-10-12,5,3,2
2019-10-12,1,0,1
2019-10-12,8,1,7
2019-10-12,15,5,10
2019-10-12,30,16,14
2019-10-12,42,17,25
2019-10-12,44,24,20
2019-10-12,80,32,48
2019-10-12,88,44,44
2019-10-12,94,46,48
2019-10-12,107,71,36
2019-10-12,103,56,47
2019-10-12,110,60,50
2019-10-12,74,46,28
2019-10-12,49,22,27
2019-10-12,24,10,14
2019-10-12,17,12,5
2019-10-12,8,4,4
2019-10-12,11,5,6
2019-10-12,19,11,8
2019-10-13,13,10,3
2019-10-13,13,10,3
2019-10-13,6,5,1
2019-10-13,3,2,1
2019-10-13,8,5,3
2019-10-13,1,0,1
2019-10-13,11,3,8
2019-10-13,14,8,6
2019-10-13,19,9,10
2019-10-13,39,20,19
2019-10-13,44,25,19
2019-10-13,84,51,33
2019-10-13,70,31,39
2019-10-13,89,41,48
2019-10-13,94,66,28
2019-10-13,121,67,54
2019-10-13,118,53,65
2019-10-13,87,50,37
2019-10-13,50,25,25
2019-10-13,23,14,9
2019-10-13,19,10,9
2019-10-13,9,4,5
2019-10-13,11,8,3
2019-10-13,9,6,3
2019-10-14,2,1,1
2019-10-14,3,1,2
2019-10-14,3,2,1
2019-10-14,1,0,1
2019-10-14,3,3,0
2019-10-14,14,4,10
2019-10-14,67,14,53
2019-10-14,251,27,224
2019-10-14,472,54,418
2019-10-14,280,31,249
2019-10-14,102,20,82
2019-10-14,56,14,42
2019-10-14,61,32,29
2019-10-14,70,34,36
2019-10-14,87,49,38
2019-10-14,107,80,27
2019-10-14,293,245,48
2019-10-14,528,457,71
2019-10-14,322,267,55
2019-10-14,116,86,30
2019-10-14,42,24,18
2019-10-14,33,26,7
2019-10-14,14,11,3
2019-10-14,12,10,2
2019-10-15,4,4,0
2019-10-15,3,2,1
2019-10-15,2,2,0
2019-10-15,1,0,1
2019-10-15,5,3,2
2019-10-15,25,10,15
2019-10-15,72,14,58
2019-10-15,271,24,247
2019-10-15,472,46,426
2019-10-15,242,38,204
2019-10-15,109,22,87
2019-10-15,59,23,36
2019-10-15,56,29,27
2019-10-15,66,34,32
2019-10-15,68,45,23
2019-10-15,111,75,36
2019-10-15,289,242,47
2019-10-15,509,446,63
2019-10-15,307,263,44
2019-10-15,106,82,24
2019-10-15,56,44,12
2019-10-15,46,36,10
2019-10-15,17,11,6
2019-10-15,10,7,3
2019-10-16,6,2,4
2019-10-16,5,3,2
2019-10-16,1,0,1
2019-10-16,5,1,4
2019-10-16,7,4,3
2019-10-16,13,3,10
2019-10-16,48,8,40
2019-10-16,171,15,156
2019-10-16,271,23,248
2019-10-16,180,30,150
2019-10-16,83,14,69
2019-10-16,30,13,17
2019-10-16,34,13,21
2019-10-16,36,20,16
2019-10-16,51,31,20
2019-10-16,76,64,12
2019-10-16,179,156,23
2019-10-16,310,276,34
2019-10-16,167,150,17
2019-10-16,76,61,15
2019-10-16,37,32,5
2019-10-16,22,19,3
2019-10-16,15,15,0
2019-10-16,12,6,6
2019-10-17,6,5,1
2019-10-17,6,4,2
2019-10-17,1,1,0
2019-10-17,1,0,1
2019-10-17,3,1,2
2019-10-17,16,5,11
2019-10-17,38,6,32
2019-10-17,189,19,170
2019-10-17,292,33,259
2019-10-17,183,29,154
2019-10-17,70,13,57
2019-10-17,34,11,23
2019-10-17,44,13,31
2019-10-17,41,28,13
2019-10-17,51,28,23
2019-10-17,59,44,15
2019-10-17,182,156,26
2019-10-17,303,269,34
2019-10-17,185,167,18
2019-10-17,78,68,10
2019-10-17,35,25,10
2019-10-17,27,20,7
2019-10-17,11,9,2
2019-10-17,14,12,2
2019-10-18,6,4,2
2019-10-18,4,3,1
2019-10-18,1,1,0
2019-10-18,6,1,5
2019-10-18,3,2,1
2019-10-18,15,6,9
2019-10-18,62,13,49
2019-10-18,168,21,147
2019-10-18,285,30,255
2019-10-18,178,26,152
2019-10-18,58,16,42
2019-10-18,47,21,26
2019-10-18,47,22,25
2019-10-18,44,25,19
2019-10-18,47,33,14
2019-10-18,104,70,34
2019-10-18,186,157,29
2019-10-18,265,239,26
2019-10-18,131,106,25
2019-10-18,57,49,8
2019-10-18,30,25,5
2019-10-18,19,16,3
2019-10-18,11,7,4
2019-10-18,16,12,4
2019-10-19,7,4,3
2019-10-19,4,4,0
2019-10-19,1,0,1
2019-10-19,0,0,0
2019-10-19,0,0,0
2019-10-19,0,0,0
2019-10-19,4,1,3
2019-10-19,6,2,4
2019-10-19,14,5,9
2019-10-19,23,11,12
2019-10-19,29,13,16
2019-10-19,22,4,18
2019-10-19,14,7,7
2019-10-19,18,11,7
2019-10-19,41,20,21
2019-10-19,46,34,12
2019-10-19,67,41,26
2019-10-19,62,25,37
2019-10-19,39,18,21
2019-10-19,22,11,11
2019-10-19,21,9,12
2019-10-19,9,4,5
2019-10-19,7,3,4
2019-10-19,10,5,5
2019-10-20,8,7,1
2019-10-20,11,7,4
2019-10-20,8,4,4
2019-10-20,0,0,0
2019-10-20,1,1,0
2019-10-20,2,1,1
2019-10-20,4,2,2
2019-10-20,13,6,7
2019-10-20,14,7,7
2019-10-20,22,7,15
2019-10-20,25,9,16
2019-10-20,33,17,16
2019-10-20,31,20,11
2019-10-20,29,12,17
2019-10-20,13,5,8
2019-10-20,19,12,7
2019-10-20,18,14,4
2019-10-20,29,19,10
2019-10-20,19,9,10
2019-10-20,10,7,3
2019-10-20,7,6,1
2019-10-20,3,3,0
2019-10-20,4,3,1
2019-10-20,4,4,0
2019-10-21,2,1,1
2019-10-21,2,2,0
2019-10-21,0,0,0
2019-10-21,0,0,0
2019-10-21,6,4,2
2019-10-21,16,4,12
2019-10-21,63,13,50
2019-10-21,192,20,172
2019-10-21,347,29,318
2019-10-21,208,26,182
2019-10-21,67,16,51
2019-10-21,41,14,27
2019-10-21,35,17,18
2019-10-21,24,10,14
2019-10-21,38,27,11
2019-10-21,60,45,15
2019-10-21,215,193,22
2019-10-21,343,320,23
2019-10-21,189,171,18
2019-10-21,76,64,12
2019-10-21,39,29,10
2019-10-21,13,11,2
2019-10-21,11,10,1
2019-10-21,7,4,3
2019-10-22,2,2,0
2019-10-22,0,0,0
2019-10-22,1,1,0
2019-10-22,0,0,0
2019-10-22,8,4,4
2019-10-22,16,5,11
2019-10-22,50,10,40
2019-10-22,194,28,166
2019-10-22,386,30,356
2019-10-22,233,26,207
2019-10-22,95,16,79
2019-10-22,37,16,21
2019-10-22,36,14,22
2019-10-22,48,28,20
2019-10-22,51,34,17
2019-10-22,82,64,18
2019-10-22,223,187,36
2019-10-22,427,384,43
2019-10-22,237,199,38
2019-10-22,92,77,15
2019-10-22,42,33,9
2019-10-22,41,35,6
2019-10-22,14,13,1
2019-10-22,9,7,2
2019-10-23,7,6,1
2019-10-23,1,0,1
2019-10-23,0,0,0
2019-10-23,2,1,1
2019-10-23,3,2,1
2019-10-23,24,9,15
2019-10-23,79,16,63
2019-10-23,242,27,215
2019-10-23,451,42,409
2019-10-23,269,34,235
2019-10-23,110,23,87
2019-10-23,68,19,49
2019-10-23,62,28,34
2019-10-23,69,32,37
2019-10-23,104,66,38
2019-10-23,120,91,29
2019-10-23,310,249,61
2019-10-23,503,424,79
2019-10-23,304,250,54
2019-10-23,120,99,21
2019-10-23,60,47,13
2019-10-23,52,43,9
2019-10-23,27,21,6
2019-10-23,16,13,3
2019-10-24,6,5,1
2019-10-24,2,2,0
2019-10-24,1,1,0
2019-10-24,1,0,1
2019-10-24,4,2,2
2019-10-24,31,12,19
2019-10-24,64,10,54
2019-10-24,250,40,210
2019-10-24,416,38,378
2019-10-24,274,40,234
2019-10-24,117,28,89
2019-10-24,65,22,43
2019-10-24,61,25,36
2019-10-24,84,46,38
2019-10-24,83,44,39
2019-10-24,126,91,35
2019-10-24,315,266,49
2019-10-24,474,414,60
2019-10-24,314,258,56
2019-10-24,112,79,33
2019-10-24,56,42,14
2019-10-24,36,23,13
2019-10-24,31,23,8
2019-10-24,16,11,5
2019-10-25,14,8,6
2019-10-25,1,1,0
2019-10-25,0,0,0
2019-10-25,1,0,1
2019-10-25,5,3,2
2019-10-25,22,8,14
2019-10-25,60,13,47
2019-10-25,185,19,166
2019-10-25,366,31,335
2019-10-25,227,32,195
2019-10-25,88,15,73
2019-10-25,48,17,31
2019-10-25,31,16,15
2019-10-25,41,22,19
2019-10-25,50,37,13
2019-10-25,109,85,24
2019-10-25,261,233,28
2019-10-25,358,330,28
2019-10-25,197,167,30
2019-10-25,81,65,16
2019-10-25,26,16,10
2019-10-25,26,17,9
2019-10-25,14,11,3
2019-10-25,12,7,5
2019-10-26,13,6,7
2019-10-26,7,6,1
2019-10-26,2,2,0
2019-10-26,1,1,0
2019-10-26,6,2,4
2019-10-26,6,1,5
2019-10-26,8,4,4
2019-10-26,15,8,7
2019-10-26,32,13,19
2019-10-26,37,17,20
2019-10-26,33,16,17
2019-10-26,52,35,17
2019-10-26,57,31,26
2019-10-26,63,27,36
2019-10-26,85,41,44
2019-10-26,93,59,34
2019-10-26,99,47,52
2019-10-26,82,43,39
2019-10-26,47,15,32
2019-10-26,14,6,8
2019-10-26,19,12,7
2019-10-26,19,12,7
2019-10-26,8,5,3
2019-10-26,7,6,1
2019-10-27,11,4,7
2019-10-27,3,2,1
2019-10-27,9,8,1
2019-10-27,1,1,0
2019-10-27,0,0,0
2019-10-27,2,1,1
2019-10-27,8,1,7
2019-10-27,10,4,6
2019-10-27,17,9,8
2019-10-27,27,11,16
2019-10-27,53,28,25
2019-10-27,50,21,29
2019-10-27,72,45,27
2019-10-27,100,43,57
2019-10-27,121,65,56
2019-10-27,116,69,47
2019-10-27,98,48,50
2019-10-27,76,33,43
2019-10-27,54,18,36
2019-10-27,22,11,11
2019-10-27,17,12,5
2019-10-27,7,4,3
2019-10-27,3,3,0
2019-10-27,5,3,2
2019-10-28,6,1,5
2019-10-28,0,0,0
2019-10-28,0,0,0
2019-10-28,5,3,2
2019-10-28,4,2,2
2019-10-28,28,8,20
2019-10-28,69,16,53
2019-10-28,235,26,209
2019-10-28,468,35,433
2019-10-28,274,27,247
2019-10-28,100,12,88
2019-10-28,64,23,41
2019-10-28,58,29,29
2019-10-28,45,22,23
2019-10-28,64,39,25
2019-10-28,91,64,27
2019-10-28,303,266,37
2019-10-28,512,468,44
2019-10-28,279,232,47
2019-10-28,118,99,19
2019-10-28,49,38,11
2019-10-28,24,20,4
2019-10-28,15,13,2
2019-10-28,4,4,0
2019-10-29,3,2,1
2019-10-29,4,2,2
2019-10-29,0,0,0
2019-10-29,2,1,1
2019-10-29,6,4,2
2019-10-29,20,6,14
2019-10-29,73,9,64
2019-10-29,248,28,220
2019-10-29,465,35,430
2019-10-29,245,25,220
2019-10-29,108,17,91
2019-10-29,52,15,37
2019-10-29,60,28,32
2019-10-29,48,28,20
2019-10-29,77,52,25
2019-10-29,133,93,40
2019-10-29,315,268,47
2019-10-29,501,445,56
2019-10-29,279,239,40
2019-10-29,115,94,21
2019-10-29,55,42,13
2019-10-29,36,24,12
2019-10-29,15,11,4
2019-10-29,7,4,3
2019-10-30,3,3,0
2019-10-30,2,2,0
2019-10-30,1,0,1
2019-10-30,2,1,1
2019-10-30,5,1,4
2019-10-30,21,7,14
2019-10-30,61,12,49
2019-10-30,249,34,215
2019-10-30,422,36,386
2019-10-30,256,26,230
2019-10-30,96,21,75
2019-10-30,57,23,34
2019-10-30,72,36,36
2019-10-30,55,29,26
2019-10-30,66,47,19
2019-10-30,118,82,36
2019-10-30,255,212,43
2019-10-30,471,410,61
2019-10-30,272,242,30
2019-10-30,103,84,19
2019-10-30,41,29,12
2019-10-30,39,28,11
2019-10-30,14,8,6
2019-10-30,13,10,3
2019-10-31,5,3,2
2019-10-31,2,2,0
2019-10-31,2,2,0
2019-10-31,2,1,1
2019-10-31,3,1,2
2019-10-31,23,8,15
2019-10-31,56,9,47
2019-10-31,227,23,204
2019-10-31,386,33,353
2019-10-31,251,29,222
2019-10-31,104,23,81
2019-10-31,53,19,34
2019-10-31,60,27,33
2019-10-31,61,36,25
2019-10-31,74,45,29
2019-10-31,143,116,27
2019-10-31,363,339,24
2019-10-31,392,348,44
2019-10-31,171,134,37
2019-10-31,55,44,11
2019-10-31,36,22,14
2019-10-31,26,17,9
2019-10-31,17,11,6
2019-10-31,12,9,3
2019-11-01,8,4,4
2019-11-01,4,4,0
2019-11-01,3,1,2
2019-11-01,6,2,4
2019-11-01,2,1,1
2019-11-01,16,7,9
2019-11-01,54,6,48
2019-11-01,190,21,169
2019-11-01,398,34,364
2019-11-01,252,32,220
2019-11-01,82,10,72
2019-11-01,59,20,39
2019-11-01,61,28,33
2019-11-01,65,36,29
2019-11-01,81,56,25
2019-11-01,143,103,40
2019-11-01,287,250,37
2019-11-01,406,361,45
2019-11-01,185,155,30
2019-11-01,86,64,22
2019-11-01,22,16,6
2019-11-01,26,18,8
2019-11-01,12,9,3
2019-11-01,13,8,5
2019-11-02,9,7,2
2019-11-02,7,6,1
2019-11-02,3,3,0
2019-11-02,6,2,4
2019-11-02,1,1,0
2019-11-02,2,2,0
2019-11-02,6,3,3
2019-11-02,15,4,11
2019-11-02,28,9,19
2019-11-02,33,16,17
2019-11-02,44,23,21
2019-11-02,74,42,32
2019-11-02,112,52,60
2019-11-02,112,54,58
2019-11-02,115,65,50
2019-11-02,138,74,64
2019-11-02,105,40,65
2019-11-02,105,44,61
2019-11-02,69,32,37
2019-11-02,31,13,18
2019-11-02,21,13,8
2019-11-02,12,7,5
2019-11-02,9,6,3
2019-11-02,11,3,8
2019-11-03,7,4,3
2019-11-03,8,4,4
2019-11-03,1,1,0
2019-11-03,1,1,0
2019-11-03,2,1,1
2019-11-03,3,2,1
2019-11-03,5,2,3
2019-11-03,17,9,8
2019-11-03,26,13,13
2019-11-03,50,23,27
2019-11-03,58,28,30
2019-11-03,94,44,50
2019-11-03,98,53,45
2019-11-03,96,55,41
2019-11-03,111,58,53
2019-11-03,103,58,45
2019-11-03,70,31,39
2019-11-03,53,26,27
2019-11-03,33,21,12
2019-11-03,23,10,13
2019-11-03,17,8,9
2019-11-03,10,8,2
2019-11-03,10,6,4
2019-11-03,9,8,1
2019-11-04,1,1,0
2019-11-04,0,0,0
2019-11-04,0,0,0
2019-11-04,0,0,0
2019-11-04,7,3,4
2019-11-04,20,5,15
2019-11-04,93,19,74
2019-11-04,320,36,284
2019-11-04,499,48,451
2019-11-04,245,27,218
2019-11-04,101,22,79
2019-11-04,60,18,42
2019-11-04,47,18,29
2019-11-04,50,18,32
2019-11-04,61,36,25
2019-11-04,131,101,30
2019-11-04,333,286,47
2019-11-04,541,487,54
2019-11-04,265,232,33
2019-11-04,97,81,16
2019-11-04,49,38,11
2019-11-04,30,23,7
2019-11-04,23,21,2
2019-11-04,9,3,6
2019-11-05,6,4,2
2019-11-05,1,1,0
2019-11-05,2,1,1
2019-11-05,2,1,1
2019-11-05,8,4,4
2019-11-05,24,8,16
2019-11-05,93,13,80
2019-11-05,303,28,275
2019-11-05,450,36,414
2019-11-05,243,31,212
2019-11-05,89,23,66
2019-11-05,46,17,29
2019-11-05,70,31,39
2019-11-05,66,37,29
2019-11-05,75,46,29
2019-11-05,109,87,22
2019-11-05,327,278,49
2019-11-05,510,453,57
2019-11-05,239,210,29
2019-11-05,98,81,17
2019-11-05,55,42,13
2019-11-05,36,27,9
2019-11-05,24,16,8
2019-11-05,9,5,4
2019-11-06,1,1,0
2019-11-06,4,4,0
2019-11-06,0,0,0
2019-11-06,1,1,0
2019-11-06,6,3,3
2019-11-06,22,8,14
2019-11-06,96,19,77
2019-11-06,298,31,267
2019-11-06,439,26,413
2019-11-06,222,26,196
2019-11-06,104,16,88
2019-11-06,61,26,35
2019-11-06,66,31,35
2019-11-06,64,38,26
2019-11-06,78,53,25
2019-11-06,124,92,32
2019-11-06,312,264,48
2019-11-06,466,420,46
2019-11-06,240,209,31
2019-11-06,98,83,15
2019-11-06,63,50,13
2019-11-06,45,30,15
2019-11-06,29,24,5
2019-11-06,11,9,2
2019-11-07,4,3,1
2019-11-07,6,4,2
2019-11-07,2,2,0
2019-11-07,2,1,1
2019-11-07,3,1,2
2019-11-07,21,8,13
2019-11-07,88,14,74
2019-11-07,278,33,245
2019-11-07,450,41,409
2019-11-07,256,24,232
2019-11-07,85,12,73
2019-11-07,67,20,47
2019-11-07,65,25,40
2019-11-07,56,35,21
2019-11-07,91,58,33
2019-11-07,129,96,33
2019-11-07,307,270,37
2019-11-07,460,414,46
2019-11-07,256,222,34
2019-11-07,103,87,16
2019-11-07,58,43,15
2019-11-07,34,24,10
2019-11-07,29,20,9
2019-11-07,15,7,8
2019-11-08,10,6,4
2019-11-08,3,2,1
2019-11-08,1,1,0
2019-11-08,2,1,1
2019-11-08,6,5,1
2019-11-08,23,8,15
2019-11-08,55,14,41
2019-11-08,217,23,194
2019-11-08,354,38,316
2019-11-08,230,25,205
2019-11-08,100,21,79
2019-11-08,62,36,26
2019-11-08,59,21,38
2019-11-08,78,40,38
2019-11-08,92,63,29
2019-11-08,163,121,42
2019-11-08,297,256,41
2019-11-08,326,298,28
2019-11-08,174,133,41
2019-11-08,89,69,20
2019-11-08,32,24,8
2019-11-08,27,16,11
2019-11-08,27,19,8
2019-11-08,18,11,7
2019-11-09,16,6,10
2019-11-09,8,5,3
2019-11-09,3,3,0
2019-11-09,2,1,1
2019-11-09,3,3,0
2019-11-09,6,3,3
2019-11-09,8,1,7
2019-11-09,9,2,7
2019-11-09,28,10,18
2019-11-09,20,9,11
2019-11-09,12,4,8
2019-11-09,13,6,7
2019-11-09,31,10,21
2019-11-09,33,18,15
2019-11-09,35,17,18
2019-11-09,39,23,16
2019-11-09,29,16,13
2019-11-09,22,13,9
2019-11-09,14,10,4
2019-11-09,10,6,4
2019-11-09,6,5,1
2019-11-09,4,3,1
2019-11-09,4,3,1
2019-11-09,4,2,2
2019-11-10,3,2,1
2019-11-10,3,3,0
2019-11-10,2,2,0
2019-11-10,1,1,0
2019-11-10,0,0,0
2019-11-10,1,0,1
2019-11-10,6,1,5
2019-11-10,12,4,8
2019-11-10,29,10,19
2019-11-10,32,9,23
2019-11-10,61,22,39
2019-11-10,53,31,22
2019-11-10,65,36,29
2019-11-10,60,36,24
2019-11-10,67,37,30
2019-11-10,71,50,21
2019-11-10,86,39,47
2019-11-10,48,28,20
2019-11-10,19,11,8
2019-11-10,13,10,3
2019-11-10,16,10,6
2019-11-10,15,9,6
2019-11-10,6,2,4
2019-11-10,7,4,3
2019-11-11,3,2,1
2019-11-11,2,0,2
2019-11-11,1,1,0
2019-11-11,0,0,0
2019-11-11,6,5,1
2019-11-11,20,5,15
2019-11-11,56,12,44
2019-11-11,200,14,186
2019-11-11,371,35,336
2019-11-11,212,20,192
2019-11-11,87,22,65
2019-11-11,72,29,43
2019-11-11,71,25,46
2019-11-11,103,51,52
2019-11-11,72,39,33
2019-11-11,113,89,24
2019-11-11,304,274,30
2019-11-11,361,325,36
2019-11-11,196,171,25
2019-11-11,72,63,9
2019-11-11,35,24,11
2019-11-11,40,25,15
2019-11-11,13,9,4
2019-11-11,8,6,2
2019-11-12,2,2,0
2019-11-12,3,1,2
2019-11-12,2,2,0
2019-11-12,2,0,2
2019-11-12,4,3,1
2019-11-12,16,4,12
2019-11-12,65,8,57
2019-11-12,194,21,173
2019-11-12,333,18,315
2019-11-12,196,22,174
2019-11-12,73,14,59
2019-11-12,46,11,35
2019-11-12,47,18,29
2019-11-12,41,25,16
2019-11-12,50,29,21
2019-11-12,75,58,17
2019-11-12,230,202,28
2019-11-12,344,300,44
2019-11-12,220,189,31
2019-11-12,96,84,12
2019-11-12,60,47,13
2019-11-12,41,29,12
2019-11-12,14,8,6
2019-11-12,3,2,1
2019-11-13,6,5,1
2019-11-13,2,2,0
2019-11-13,1,0,1
2019-11-13,2,1,1
2019-11-13,5,3,2
2019-11-13,23,5,18
2019-11-13,88,14,74
2019-11-13,295,40,255
2019-11-13,440,40,400
2019-11-13,242,27,215
2019-11-13,96,17,79
2019-11-13,60,23,37
2019-11-13,69,30,39
2019-11-13,65,36,29
2019-11-13,71,47,24
2019-11-13,120,89,31
2019-11-13,297,252,45
2019-11-13,466,421,45
2019-11-13,273,242,31
2019-11-13,122,106,16
2019-11-13,53,35,18
2019-11-13,32,22,10
2019-11-13,27,22,5
2019-11-13,14,10,4
2019-11-14,7,7,0
2019-11-14,2,2,0
2019-11-14,1,1,0
2019-11-14,1,0,1
2019-11-14,3,0,3
2019-11-14,23,6,17
2019-11-14,85,11,74
2019-11-14,239,25,214
2019-11-14,427,39,388
2019-11-14,250,24,226
2019-11-14,83,19,64
2019-11-14,62,19,43
2019-11-14,50,18,32
2019-11-14,58,36,22
2019-11-14,58,36,22
2019-11-14,106,85,21
2019-11-14,280,253,27
2019-11-14,441,388,53
2019-11-14,232,203,29
2019-11-14,98,91,7
2019-11-14,58,48,10
2019-11-14,46,37,9
2019-11-14,26,16,10
2019-11-14,13,7,6
2019-11-15,10,8,2
2019-11-15,2,1,1
2019-11-15,1,1,0
2019-11-15,4,2,2
2019-11-15,4,2,2
2019-11-15,11,3,8
2019-11-15,52,10,42
2019-11-15,177,18,159
2019-11-15,334,32,302
2019-11-15,200,27,173
2019-11-15,73,11,62
2019-11-15,70,20,50
2019-11-15,50,28,22
2019-11-15,67,41,26
2019-11-15,58,41,17
2019-11-15,120,96,24
2019-11-15,237,201,36
2019-11-15,329,282,47
2019-11-15,149,129,20
2019-11-15,69,54,15
2019-11-15,38,25,13
2019-11-15,37,29,8
2019-11-15,18,13,5
2019-11-15,16,11,5
2019-11-16,19,10,9
2019-11-16,6,5,1
2019-11-16,4,2,2
2019-11-16,0,0,0
2019-11-16,1,1,0
2019-11-16,6,5,1
2019-11-16,6,4,2
2019-11-16,14,6,8
2019-11-16,28,8,20
2019-11-16,36,14,22
2019-11-16,34,17,17
2019-11-16,67,39,28
2019-11-16,73,40,33
2019-11-16,86,42,44
2019-11-16,56,30,26
2019-11-16,46,25,21
2019-11-16,44,27,17
2019-11-16,35,22,13
2019-11-16,21,12,9
2019-11-16,19,11,8
2019-11-16,12,10,2
2019-11-16,5,3,2
2019-11-16,8,4,4
2019-11-16,4,1,3
2019-11-17,5,3,2
2019-11-17,3,1,2
2019-11-17,0,0,0
2019-11-17,1,0,1
2019-11-17,2,1,1
2019-11-17,2,1,1
2019-11-17,3,2,1
2019-11-17,6,3,3
2019-11-17,19,13,6
2019-11-17,25,10,15
2019-11-17,28,13,15
2019-11-17,29,20,9
2019-11-17,55,32,23
2019-11-17,54,30,24
2019-11-17,41,19,22
2019-11-17,27,10,17
2019-11-17,35,20,15
2019-11-17,25,17,8
2019-11-17,11,8,3
2019-11-17,6,5,1
2019-11-17,2,0,2
2019-11-17,3,2,1
2019-11-17,3,3,0
2019-11-17,1,1,0
2019-11-18,0,0,0
2019-11-18,1,0,1
2019-11-18,0,0,0
2019-11-18,2,1,1
2019-11-18,6,3,3
2019-11-18,23,5,18
2019-11-18,63,16,47
2019-11-18,219,21,198
2019-11-18,419,35,384
2019-11-18,213,23,190
2019-11-18,77,13,64
2019-11-18,45,15,30
2019-11-18,43,15,28
2019-11-18,29,21,8
2019-11-18,18,12,6
2019-11-18,58,48,10
2019-11-18,206,186,20
2019-11-18,377,345,32
2019-11-18,181,164,17
2019-11-18,86,77,9
2019-11-18,41,34,7
2019-11-18,16,14,2
2019-11-18,18,15,3
2019-11-18,6,6,0
2019-11-19,3,1,2
2019-11-19,2,2,0
2019-11-19,1,0,1
2019-11-19,2,1,1
2019-11-19,7,4,3
2019-11-19,19,4,15
2019-11-19,81,12,69
2019-11-19,219,28,191
2019-11-19,349,22,327
2019-11-19,219,20,199
2019-11-19,76,10,66
2019-11-19,45,19,26
2019-11-19,35,17,18
2019-11-19,36,19,17
2019-11-19,49,31,18
2019-11-19,97,76,21
2019-11-19,251,231,20
2019-11-19,389,326,63
2019-11-19,259,225,34
2019-11-19,88,76,12
2019-11-19,67,52,15
2019-11-19,36,26,10
2019-11-19,8,6,2
2019-11-19,8,5,3
2019-11-20,4,2,2
2019-11-20,4,3,1
2019-11-20,0,0,0
2019-11-20,2,1,1
2019-11-20,8,4,4
2019-11-20,21,7,14
2019-11-20,86,16,70
2019-11-20,282,29,253
2019-11-20,465,44,421
2019-11-20,262,39,223
2019-11-20,122,27,95
2019-11-20,67,25,42
2019-11-20,72,27,45
2019-11-20,57,26,31
2019-11-20,75,56,19
2019-11-20,130,96,34
2019-11-20,298,252,46
2019-11-20,467,418,49
2019-11-20,266,228,38
2019-11-20,111,94,17
2019-11-20,72,56,16
2019-11-20,48,34,14
2019-11-20,15,13,2
2019-11-20,12,7,5
2019-11-21,6,5,1
2019-11-21,1,1,0
2019-11-21,2,2,0
2019-11-21,3,1,2
2019-11-21,4,1,3
2019-11-21,19,6,13
2019-11-21,78,12,66
2019-11-21,222,24,198
2019-11-21,418,29,389
2019-11-21,256,37,219
2019-11-21,98,12,86
2019-11-21,81,25,56
2019-11-21,65,28,37
2019-11-21,60,33,27
2019-11-21,75,43,32
2019-11-21,106,77,29
2019-11-21,282,242,40
2019-11-21,419,373,46
2019-11-21,230,203,27
2019-11-21,111,95,16
2019-11-21,44,35,9
2019-11-21,32,26,6
2019-11-21,28,19,9
2019-11-21,16,13,3
2019-11-22,7,4,3
2019-11-22,4,2,2
2019-11-22,1,1,0
2019-11-22,1,1,0
2019-11-22,6,2,4
2019-11-22,17,10,7
2019-11-22,54,8,46
2019-11-22,179,21,158
2019-11-22,350,29,321
2019-11-22,222,25,197
2019-11-22,91,17,74
2019-11-22,45,14,31
2019-11-22,53,32,21
2019-11-22,56,28,28
2019-11-22,77,57,20
2019-11-22,113,90,23
2019-11-22,256,223,33
2019-11-22,320,286,34
2019-11-22,155,140,15
2019-11-22,64,54,10
2019-11-22,46,38,8
2019-11-22,19,16,3
2019-11-22,13,9,4
2019-11-22,14,10,4
2019-11-23,5,3,2
2019-11-23,5,4,1
2019-11-23,7,4,3
2019-11-23,0,0,0
2019-11-23,5,3,2
2019-11-23,3,1,2
2019-11-23,7,2,5
2019-11-23,14,9,5
2019-11-23,33,8,25
2019-11-23,43,10,33
2019-11-23,47,22,25
2019-11-23,45,19,26
2019-11-23,67,29,38
2019-11-23,48,31,17
2019-11-23,60,27,33
2019-11-23,84,45,39
2019-11-23,57,37,20
2019-11-23,35,21,14
2019-11-23,19,12,7
2019-11-23,20,10,10
2019-11-23,4,2,2
2019-11-23,17,9,8
2019-11-23,5,2,3
2019-11-23,1,1,0
2019-11-24,5,3,2
2019-11-24,5,4,1
2019-11-24,2,1,1
2019-11-24,0,0,0
2019-11-24,1,1,0
2019-11-24,4,3,1
2019-11-24,5,3,2
2019-11-24,6,4,2
2019-11-24,24,12,12
2019-11-24,35,18,17
2019-11-24,31,17,14
2019-11-24,55,24,31
2019-11-24,73,51,22
2019-11-24,79,49,30
2019-11-24,79,43,36
2019-11-24,84,49,35
2019-11-24,58,29,29
2019-11-24,28,10,18
2019-11-24,20,8,12
2019-11-24,29,13,16
2019-11-24,13,10,3
2019-11-24,6,4,2
2019-11-24,8,6,2
2019-11-24,4,4,0
2019-11-25,3,1,2
2019-11-25,0,0,0
2019-11-25,2,1,1
2019-11-25,3,1,2
2019-11-25,4,2,2
2019-11-25,13,4,9
2019-11-25,66,13,53
2019-11-25,191,19,172
2019-11-25,359,24,335
2019-11-25,221,22,199
2019-11-25,96,16,80
2019-11-25,31,12,19
2019-11-25,28,10,18
2019-11-25,23,10,13
2019-11-25,39,30,9
2019-11-25,74,55,19
2019-11-25,221,197,24
2019-11-25,369,343,26
2019-11-25,182,166,16
2019-11-25,80,69,11
2019-11-25,38,31,7
2019-11-25,15,14,1
2019-11-25,12,11,1
2019-11-25,4,2,2
2019-11-26,2,2,0
2019-11-26,0,0,0
2019-11-26,0,0,0
2019-11-26,2,1,1
2019-11-26,0,0,0
2019-11-26,16,4,12
2019-11-26,62,14,48
2019-11-26,194,21,173
2019-11-26,350,25,325
2019-11-26,202,23,179
2019-11-26,76,13,63
2019-11-26,49,20,29
2019-11-26,52,22,30
2019-11-26,52,29,23
2019-11-26,58,39,19
2019-11-26,94,70,24
2019-11-26,234,196,38
2019-11-26,349,317,32
2019-11-26,196,172,24
2019-11-26,81,72,9
2019-11-26,35,27,8
2019-11-26,28,22,6
2019-11-26,17,14,3
2019-11-26,7,5,2
2019-11-27,4,2,2
2019-11-27,1,1,0
2019-11-27,0,0,0
2019-11-27,1,0,1
2019-11-27,5,2,3
2019-11-27,18,7,11
2019-11-27,46,11,35
2019-11-27,155,16,139
2019-11-27,231,23,208
2019-11-27,153,17,136
2019-11-27,67,16,51
2019-11-27,51,23,28
2019-11-27,54,27,27
2019-11-27,70,52,18
2019-11-27,89,71,18
2019-11-27,134,108,26
2019-11-27,191,164,27
2019-11-27,176,153,23
2019-11-27,81,70,11
2019-11-27,41,32,9
2019-11-27,19,12,7
2019-11-27,13,8,5
2019-11-27,11,10,1
2019-11-27,9,8,1
2019-11-28,7,4,3
2019-11-28,1,0,1
2019-11-28,1,1,0
2019-11-28,0,0,0
2019-11-28,2,2,0
2019-11-28,2,2,0
2019-11-28,2,0,2
2019-11-28,10,2,8
2019-11-28,17,11,6
2019-11-28,16,8,8
2019-11-28,19,7,12
2019-11-28,27,11,16
2019-11-28,32,15,17
2019-11-28,58,35,23
2019-11-28,26,17,9
2019-11-28,20,10,10
2019-11-28,10,2,8
2019-11-28,9,6,3
2019-11-28,13,7,6
2019-11-28,1,1,0
2019-11-28,18,16,2
2019-11-28,3,1,2
2019-11-28,7,6,1
2019-11-28,4,2,2
2019-11-29,4,4,0
2019-11-29,3,0,3
2019-11-29,1,1,0
2019-11-29,0,0,0
2019-11-29,0,0,0
2019-11-29,7,3,4
2019-11-29,5,1,4
2019-11-29,27,5,22
2019-11-29,26,5,21
2019-11-29,34,10,24
2019-11-29,39,16,23
2019-11-29,37,15,22
2019-11-29,48,28,20
2019-11-29,47,23,24
2019-11-29,34,25,9
2019-11-29,58,35,23
2019-11-29,37,23,14
2019-11-29,42,29,13
2019-11-29,28,13,15
2019-11-29,22,14,8
2019-11-29,5,5,0
2019-11-29,4,2,2
2019-11-29,7,5,2
2019-11-29,9,4,5
2019-11-30,6,5,1
2019-11-30,1,1,0
2019-11-30,1,1,0
2019-11-30,1,1,0
2019-11-30,0,0,0
2019-11-30,3,2,1
2019-11-30,5,3,2
2019-11-30,3,0,3
2019-11-30,10,3,7
2019-11-30,20,8,12
2019-11-30,17,8,9
2019-11-30,29,15,14
2019-11-30,50,29,21
2019-11-30,52,25,27
2019-11-30,71,33,38
2019-11-30,61,38,23
2019-11-30,38,20,18
2019-11-30,31,16,15
2019-11-30,19,9,10
2019-11-30,6,5,1
2019-11-30,8,3,5
2019-11-30,6,5,1
2019-11-30,7,4,3
2019-11-30,6,4,2
2019-12-01,0,0,0
2019-12-01,3,3,0
2019-12-01,2,1,1
2019-12-01,2,2,0
2019-12-01,0,0,0
2019-12-01,3,1,2
2019-12-01,10,2,8
2019-12-01,14,12,2
2019-12-01,23,7,16
2019-12-01,37,16,21
2019-12-01,35,11,24
2019-12-01,38,17,21
2019-12-01,38,22,16
2019-12-01,28,19,9
2019-12-01,38,12,26
2019-12-01,22,16,6
2019-12-01,23,11,12
2019-12-01,28,15,13
2019-12-01,7,3,4
2019-12-01,9,5,4
2019-12-01,19,11,8
2019-12-01,9,5,4
2019-12-01,2,2,0
2019-12-01,2,2,0
2019-12-02,2,1,1
2019-12-02,0,0,0
2019-12-02,0,0,0
2019-12-02,2,1,1
2019-12-02,4,3,1
2019-12-02,22,5,17
2019-12-02,63,15,48
2019-12-02,207,14,193
2019-12-02,419,40,379
2019-12-02,234,29,205
2019-12-02,92,20,72
2019-12-02,51,19,32
2019-12-02,45,15,30
2019-12-02,51,25,26
2019-12-02,51,26,25
2019-12-02,87,61,26
2019-12-02,279,248,31
2019-12-02,410,387,23
2019-12-02,205,185,20
2019-12-02,79,62,17
2019-12-02,34,20,14
2019-12-02,31,26,5
2019-12-02,16,10,6
2019-12-02,5,2,3
2019-12-03,5,5,0
2019-12-03,0,0,0
2019-12-03,1,1,0
2019-12-03,3,2,1
2019-12-03,2,0,2
2019-12-03,21,6,15
2019-12-03,72,11,61
2019-12-03,248,24,224
2019-12-03,428,25,403
2019-12-03,246,32,214
2019-12-03,97,18,79
2019-12-03,56,22,34
2019-12-03,51,29,22
2019-12-03,49,27,22
2019-12-03,52,41,11
2019-12-03,99,81,18
2019-12-03,282,246,36
2019-12-03,433,384,49
2019-12-03,231,205,26
2019-12-03,83,76,7
2019-12-03,60,47,13
2019-12-03,31,21,10
2019-12-03,17,13,4
2019-12-03,5,1,4
2019-12-04,6,5,1
2019-12-04,3,1,2
2019-12-04,1,1,0
2019-12-04,0,0,0
2019-12-04,7,4,3
2019-12-04,19,3,16
2019-12-04,66,15,51
2019-12-04,214,18,196
2019-12-04,359,32,327
2019-12-04,213,23,190
2019-12-04,82,14,68
2019-12-04,58,21,37
2019-12-04,37,14,23
2019-12-04,34,17,17
2019-12-04,36,24,12
2019-12-04,81,65,16
2019-12-04,232,202,30
2019-12-04,371,333,38
2019-12-04,207,188,19
2019-12-04,75,65,10
2019-12-04,38,30,8
2019-12-04,27,18,9
2019-12-04,17,16,1
2019-12-04,8,6,2
2019-12-05,11,10,1
2019-12-05,3,3,0
2019-12-05,0,0,0
2019-12-05,2,1,1
2019-12-05,3,2,1
2019-12-05,21,7,14
2019-12-05,62,14,48
2019-12-05,218,26,192
2019-12-05,393,31,362
2019-12-05,236,28,208
2019-12-05,83,16,67
2019-12-05,54,17,37
2019-12-05,52,19,33
2019-12-05,63,27,36
2019-12-05,62,41,21
2019-12-05,100,67,33
2019-12-05,243,209,34
2019-12-05,391,339,52
2019-12-05,235,198,37
2019-12-05,84,71,13
2019-12-05,51,44,7
2019-12-05,25,21,4
2019-12-05,33,29,4
2019-12-05,17,12,5
2019-12-06,11,9,2
2019-12-06,3,2,1
2019-12-06,2,2,0
2019-12-06,2,1,1
2019-12-06,7,6,1
2019-12-06,15,4,11
2019-12-06,56,10,46
2019-12-06,192,27,165
2019-12-06,344,34,310
2019-12-06,200,14,186
2019-12-06,93,24,69
2019-12-06,69,25,44
2019-12-06,54,31,23
2019-12-06,59,36,23
2019-12-06,79,53,26
2019-12-06,131,100,31
2019-12-06,260,229,31
2019-12-06,312,278,34
2019-12-06,155,126,29
2019-12-06,56,44,12
2019-12-06,25,18,7
2019-12-06,25,17,8
2019-12-06,13,8,5
2019-12-06,7,4,3
2019-12-07,6,3,3
2019-12-07,7,5,2
2019-12-07,8,8,0
2019-12-07,1,1,0
2019-12-07,1,1,0
2019-12-07,4,2,2
2019-12-07,4,1,3
2019-12-07,7,2,5
2019-12-07,16,4,12
2019-12-07,31,5,26
2019-12-07,23,10,13
2019-12-07,22,2,20
2019-12-07,31,17,14
2019-12-07,23,16,7
2019-12-07,22,15,7
2019-12-07,28,17,11
2019-12-07,27,11,16
2019-12-07,24,11,13
2019-12-07,17,9,8
2019-12-07,19,9,10
2019-12-07,17,13,4
2019-12-07,8,5,3
2019-12-07,6,3,3
2019-12-07,12,8,4
2019-12-08,7,5,2
2019-12-08,3,3,0
2019-12-08,3,3,0
2019-12-08,1,0,1
2019-12-08,2,2,0
2019-12-08,2,1,1
2019-12-08,2,0,2
2019-12-08,16,6,10
2019-12-08,9,8,1
2019-12-08,42,14,28
2019-12-08,46,24,22
2019-12-08,55,35,20
2019-12-08,53,32,21
2019-12-08,57,27,30
2019-12-08,57,30,27
2019-12-08,73,36,37
2019-12-08,56,28,28
2019-12-08,25,9,16
2019-12-08,13,3,10
2019-12-08,12,7,5
2019-12-08,11,7,4
2019-12-08,9,4,5
2019-12-08,4,3,1
2019-12-08,4,4,0
2019-12-09,3,3,0
2019-12-09,1,1,0
2019-12-09,1,1,0
2019-12-09,1,1,0
2019-12-09,6,3,3
2019-12-09,22,4,18
2019-12-09,71,11,60
2019-12-09,204,22,182
2019-12-09,443,37,406
2019-12-09,256,27,229
2019-12-09,102,11,91
2019-12-09,47,14,33
2019-12-09,46,21,25
2019-12-09,48,29,19
2019-12-09,51,30,21
2019-12-09,84,70,14
2019-12-09,260,229,31
2019-12-09,438,396,42
2019-12-09,246,216,30
2019-12-09,115,95,20
2019-12-09,50,43,7
2019-12-09,36,22,14
2019-12-09,16,11,5
2019-12-09,4,3,1
2019-12-10,1,0,1
2019-12-10,3,1,2
2019-12-10,0,0,0
2019-12-10,1,1,0
2019-12-10,7,3,4
2019-12-10,23,4,19
2019-12-10,62,11,51
2019-12-10,206,22,184
2019-12-10,371,36,335
2019-12-10,221,22,199
2019-12-10,94,14,80
2019-12-10,39,10,29
2019-12-10,37,18,19
2019-12-10,27,15,12
2019-12-10,44,34,10
2019-12-10,76,62,14
2019-12-10,205,187,18
2019-12-10,355,329,26
2019-12-10,198,172,26
2019-12-10,82,67,15
2019-12-10,36,32,4
2019-12-10,30,24,6
2019-12-10,20,13,7
2019-12-10,4,3,1
2019-12-11,9,8,1
2019-12-11,2,1,1
2019-12-11,0,0,0
2019-12-11,2,2,0
2019-12-11,3,2,1
2019-12-11,19,4,15
2019-12-11,73,12,61
2019-12-11,204,20,184
2019-12-11,314,21,293
2019-12-11,196,24,172
2019-12-11,83,13,70
2019-12-11,34,9,25
2019-12-11,27,15,12
2019-12-11,19,8,11
2019-12-11,36,25,11
2019-12-11,84,70,14
2019-12-11,207,187,20
2019-12-11,302,275,27
2019-12-11,184,164,20
2019-12-11,82,73,9
2019-12-11,35,26,9
2019-12-11,17,15,2
2019-12-11,12,11,1
2019-12-11,7,6,1
2019-12-12,3,2,1
2019-12-12,0,0,0
2019-12-12,1,1,0
2019-12-12,2,1,1
2019-12-12,4,1,3
2019-12-12,18,3,15
2019-12-12,54,7,47
2019-12-12,155,21,134
2019-12-12,291,21,270
2019-12-12,178,17,161
2019-12-12,68,15,53
2019-12-12,33,12,21
2019-12-12,41,16,25
2019-12-12,40,23,17
2019-12-12,41,27,14
2019-12-12,77,64,13
2019-12-12,173,152,21
2019-12-12,276,249,27
2019-12-12,178,156,22
2019-12-12,79,65,14
2019-12-12,26,24,2
2019-12-12,25,17,8
2019-12-12,18,17,1
2019-12-12,6,4,2
2019-12-13,7,5,2
2019-12-13,2,2,0
2019-12-13,1,0,1
2019-12-13,5,4,1
2019-12-13,3,2,1
2019-12-13,18,8,10
2019-12-13,46,8,38
2019-12-13,154,16,138
2019-12-13,311,30,281
2019-12-13,179,22,157
2019-12-13,79,18,61
2019-12-13,50,17,33
2019-12-13,46,19,27
2019-12-13,52,32,20
2019-12-13,61,41,20
2019-12-13,123,90,33
2019-12-13,210,184,26
2019-12-13,282,249,33
2019-12-13,156,138,18
2019-12-13,61,48,13
2019-12-13,36,31,5
2019-12-13,28,18,10
2019-12-13,16,10,6
2019-12-13,14,9,5
2019-12-14,10,8,2
2019-12-14,9,4,5
2019-12-14,4,4,0
2019-12-14,2,2,0
2019-12-14,1,0,1
2019-12-14,3,3,0
2019-12-14,6,2,4
2019-12-14,7,4,3
2019-12-14,16,6,10
2019-12-14,26,13,13
2019-12-14,23,8,15
2019-12-14,36,16,20
2019-12-14,68,30,38
2019-12-14,34,18,16
2019-12-14,33,20,13
2019-12-14,34,19,15
2019-12-14,36,13,23
2019-12-14,25,12,13
2019-12-14,11,4,7
2019-12-14,9,5,4
2019-12-14,10,2,8
2019-12-14,8,7,1
2019-12-14,5,2,3
2019-12-14,5,4,1
2019-12-15,4,1,3
2019-12-15,1,1,0
2019-12-15,5,2,3
2019-12-15,0,0,0
2019-12-15,1,0,1
2019-12-15,1,1,0
2019-12-15,7,3,4
2019-12-15,11,7,4
2019-12-15,8,4,4
2019-12-15,27,10,17
2019-12-15,22,4,18
2019-12-15,33,20,13
2019-12-15,26,13,13
2019-12-15,20,12,8
2019-12-15,35,19,16
2019-12-15,31,18,13
2019-12-15,31,18,13
2019-12-15,28,17,11
2019-12-15,11,4,7
2019-12-15,10,7,3
2019-12-15,17,13,4
2019-12-15,8,2,6
2019-12-15,2,2,0
2019-12-15,6,5,1
2019-12-16,7,5,2
2019-12-16,1,0,1
2019-12-16,0,0,0
2019-12-16,2,1,1
2019-12-16,5,4,1
2019-12-16,15,1,14
2019-12-16,67,9,58
2019-12-16,193,15,178
2019-12-16,378,40,338
2019-12-16,224,19,205
2019-12-16,84,10,74
2019-12-16,56,16,40
2019-12-16,50,27,23
2019-12-16,43,20,23
2019-12-16,54,32,22
2019-12-16,91,74,17
2019-12-16,236,203,33
2019-12-16,389,355,34
2019-12-16,213,187,26
2019-12-16,100,86,14
2019-12-16,41,33,8
2019-12-16,19,16,3
2019-12-16,15,10,5
2019-12-16,5,5,0
2019-12-17,6,2,4
2019-12-17,1,0,1
2019-12-17,0,0,0
2019-12-17,3,1,2
2019-12-17,1,0,1
2019-12-17,20,6,14
2019-12-17,55,15,40
2019-12-17,248,30,218
2019-12-17,370,34,336
2019-12-17,214,15,199
2019-12-17,95,16,79
2019-12-17,54,19,35
2019-12-17,59,20,39
2019-12-17,38,26,12
2019-12-17,67,45,22
2019-12-17,99,77,22
2019-12-17,263,218,45
2019-12-17,368,330,38
2019-12-17,218,192,26
2019-12-17,88,75,13
2019-12-17,60,45,15
2019-12-17,35,29,6
2019-12-17,15,10,5
2019-12-17,11,7,4
2019-12-18,6,4,2
2019-12-18,6,4,2
2019-12-18,2,2,0
2019-12-18,3,2,1
2019-12-18,5,2,3
2019-12-18,22,5,17
2019-12-18,56,14,42
2019-12-18,182,17,165
2019-12-18,347,26,321
2019-12-18,191,21,170
2019-12-18,76,12,64
2019-12-18,46,14,32
2019-12-18,46,18,28
2019-12-18,38,17,21
2019-12-18,58,39,19
2019-12-18,95,74,21
2019-12-18,242,210,32
2019-12-18,328,301,27
2019-12-18,164,142,22
2019-12-18,59,51,8
2019-12-18,30,26,4
2019-12-18,23,20,3
2019-12-18,10,8,2
2019-12-18,6,5,1
2019-12-19,5,4,1
2019-12-19,1,0,1
2019-12-19,0,0,0
2019-12-19,2,1,1
2019-12-19,1,0,1
2019-12-19,14,4,10
2019-12-19,32,7,25
2019-12-19,144,15,129
2019-12-19,270,20,250
2019-12-19,166,20,146
2019-12-19,68,12,56
2019-12-19,34,12,22
2019-12-19,31,16,15
2019-12-19,23,13,10
2019-12-19,39,32,7
2019-12-19,39,35,4
2019-12-19,169,153,16
2019-12-19,230,216,14
2019-12-19,108,97,11
2019-12-19,44,37,7
2019-12-19,18,16,2
2019-12-19,7,6,1
2019-12-19,13,11,2
2019-12-19,3,3,0
2019-12-20,7,5,2
2019-12-20,0,0,0
2019-12-20,0,0,0
2019-12-20,1,0,1
2019-12-20,2,0,2
2019-12-20,7,3,4
2019-12-20,24,3,21
2019-12-20,80,6,74
2019-12-20,145,14,131
2019-12-20,74,7,67
2019-12-20,22,2,20
2019-12-20,11,4,7
2019-12-20,9,6,3
2019-12-20,12,10,2
2019-12-20,25,15,10
2019-12-20,52,44,8
2019-12-20,107,97,10
2019-12-20,113,105,8
2019-12-20,48,45,3
2019-12-20,11,10,1
2019-12-20,8,7,1
2019-12-20,3,2,1
2019-12-20,4,4,0
2019-12-20,3,3,0
2019-12-21,2,2,0
2019-12-21,1,1,0
2019-12-21,0,0,0
2019-12-21,0,0,0
2019-12-21,0,0,0
2019-12-21,3,2,1
2019-12-21,2,0,2
2019-12-21,5,2,3
2019-12-21,5,1,4
2019-12-21,7,2,5
2019-12-21,5,0,5
2019-12-21,4,2,2
2019-12-21,10,5,5
2019-12-21,6,2,4
2019-12-21,10,3,7
2019-12-21,12,8,4
2019-12-21,23,12,11
2019-12-21,15,10,5
2019-12-21,6,5,1
2019-12-21,13,11,2
2019-12-21,4,2,2
2019-12-21,4,2,2
2019-12-21,6,5,1
2019-12-21,8,6,2
2019-12-22,1,1,0
2019-12-22,3,1,2
2019-12-22,0,0,0
2019-12-22,2,1,1
2019-12-22,0,0,0
2019-12-22,2,1,1
2019-12-22,1,0,1
2019-12-22,9,5,4
2019-12-22,12,6,6
2019-12-22,16,7,9
2019-12-22,21,12,9
2019-12-22,33,14,19
2019-12-22,47,18,29
2019-12-22,39,19,20
2019-12-22,44,16,28
2019-12-22,33,23,10
2019-12-22,23,12,11
2019-12-22,10,5,5
2019-12-22,10,7,3
2019-12-22,7,6,1
2019-12-22,8,7,1
2019-12-22,3,1,2
2019-12-22,6,3,3
2019-12-22,3,2,1
2019-12-23,2,1,1
2019-12-23,1,1,0
2019-12-23,0,0,0
2019-12-23,2,1,1
2019-12-23,0,0,0
2019-12-23,11,3,8
2019-12-23,17,3,14
2019-12-23,65,5,60
2019-12-23,113,14,99
2019-12-23,87,6,81
2019-12-23,55,9,46
2019-12-23,33,13,20
2019-12-23,35,24,11
2019-12-23,39,28,11
2019-12-23,39,26,13
2019-12-23,72,59,13
2019-12-23,103,91,12
2019-12-23,116,105,11
2019-12-23,67,52,15
2019-12-23,40,32,8
2019-12-23,21,16,5
2019-12-23,9,4,5
2019-12-23,12,9,3
2019-12-23,4,2,2
2019-12-24,3,2,1
2019-12-24,1,1,0
2019-12-24,0,0,0
2019-12-24,0,0,0
2019-12-24,1,1,0
2019-12-24,12,3,9
2019-12-24,17,3,14
2019-12-24,32,3,29
2019-12-24,60,7,53
2019-12-24,41,8,33
2019-12-24,29,13,16
2019-12-24,35,25,10
2019-12-24,47,32,15
2019-12-24,42,28,14
2019-12-24,47,32,15
2019-12-24,51,38,13
2019-12-24,30,20,10
2019-12-24,19,15,4
2019-12-24,14,9,5
2019-12-24,12,9,3
2019-12-24,1,1,0
2019-12-24,0,0,0
2019-12-24,5,3,2
2019-12-24,2,2,0
2019-12-25,0,0,0
2019-12-25,2,0,2
2019-12-25,1,1,0
2019-12-25,0,0,0
2019-12-25,2,2,0
2019-12-25,3,1,2
2019-12-25,2,0,2
2019-12-25,5,3,2
2019-12-25,8,7,1
2019-12-25,13,5,8
2019-12-25,11,6,5
2019-12-25,14,10,4
2019-12-25,22,8,14
2019-12-25,35,26,9
2019-12-25,38,21,17
2019-12-25,25,16,9
2019-12-25,22,10,12
2019-12-25,7,3,4
2019-12-25,2,1,1
2019-12-25,4,2,2
2019-12-25,4,2,2
2019-12-25,2,1,1
2019-12-25,2,2,0
2019-12-25,2,1,1
2019-12-26,0,0,0
2019-12-26,0,0,0
2019-12-26,0,0,0
2019-12-26,2,1,1
2019-12-26,1,0,1
2019-12-26,11,2,9
2019-12-26,14,1,13
2019-12-26,40,8,32
2019-12-26,65,9,56
2019-12-26,62,8,54
2019-12-26,27,6,21
2019-12-26,32,10,22
2019-12-26,28,15,13
2019-12-26,32,14,18
2019-12-26,55,28,27
2019-12-26,63,46,17
2019-12-26,83,72,11
2019-12-26,78,68,10
2019-12-26,34,27,7
2019-12-26,26,20,6
2019-12-26,14,8,6
2019-12-26,8,3,5
2019-12-26,3,3,0
2019-12-26,4,2,2
2019-12-27,0,0,0
2019-12-27,2,1,1
2019-12-27,2,1,1
2019-12-27,2,1,1
2019-12-27,1,0,1
2019-12-27,7,2,5
2019-12-27,23,1,22
2019-12-27,53,8,45
2019-12-27,92,15,77
2019-12-27,60,10,50
2019-12-27,34,8,26
2019-12-27,34,14,20
2019-12-27,31,10,21
2019-12-27,36,24,12
2019-12-27,30,23,7
2019-12-27,69,56,13
2019-12-27,82,64,18
2019-12-27,91,76,15
2019-12-27,44,39,5
2019-12-27,16,12,4
2019-12-27,13,9,4
2019-12-27,18,15,3
2019-12-27,5,4,1
2019-12-27,6,4,2
2019-12-28,2,1,1
2019-12-28,4,2,2
2019-12-28,0,0,0
2019-12-28,0,0,0
2019-12-28,0,0,0
2019-12-28,3,1,2
2019-12-28,2,1,1
2019-12-28,10,4,6
2019-12-28,23,6,17
2019-12-28,24,13,11
2019-12-28,31,13,18
2019-12-28,45,24,21
2019-12-28,40,22,18
2019-12-28,51,27,24
2019-12-28,63,37,26
2019-12-28,47,28,19
2019-12-28,24,8,16
2019-12-28,27,22,5
2019-12-28,13,8,5
2019-12-28,4,3,1
2019-12-28,6,4,2
2019-12-28,3,1,2
2019-12-28,4,2,2
2019-12-28,3,2,1
2019-12-29,2,0,2
2019-12-29,2,1,1
2019-12-29,3,3,0
2019-12-29,1,1,0
2019-12-29,0,0,0
2019-12-29,2,1,1
2019-12-29,1,0,1
2019-12-29,2,2,0
2019-12-29,12,7,5
2019-12-29,17,8,9
2019-12-29,42,19,23
2019-12-29,37,20,17
2019-12-29,58,29,29
2019-12-29,51,32,19
2019-12-29,60,29,31
2019-12-29,76,42,34
2019-12-29,36,12,24
2019-12-29,17,10,7
2019-12-29,20,9,11
2019-12-29,10,8,2
2019-12-29,12,4,8
2019-12-29,15,11,4
2019-12-29,8,4,4
2019-12-29,1,0,1
2019-12-30,2,0,2
2019-12-30,1,0,1
2019-12-30,1,0,1
2019-12-30,2,1,1
2019-12-30,5,3,2
2019-12-30,16,5,11
2019-12-30,35,4,31
2019-12-30,90,10,80
2019-12-30,170,19,151
2019-12-30,115,11,104
2019-12-30,40,6,34
2019-12-30,22,7,15
2019-12-30,29,19,10
2019-12-30,37,22,15
2019-12-30,34,24,10
2019-12-30,99,76,23
2019-12-30,129,114,15
2019-12-30,163,141,22
2019-12-30,106,92,14
2019-12-30,31,22,9
2019-12-30,15,10,5
2019-12-30,11,8,3
2019-12-30,6,2,4
2019-12-30,3,2,1
2019-12-31,3,3,0
2019-12-31,1,0,1
2019-12-31,0,0,0
2019-12-31,0,0,0
2019-12-31,2,1,1
2019-12-31,11,2,9
2019-12-31,22,4,18
2019-12-31,70,12,58
2019-12-31,116,10,106
2019-12-31,64,11,53
2019-12-31,33,6,27
2019-12-31,21,10,11
2019-12-31,18,13,5
2019-12-31,32,23,9
2019-12-31,35,32,3
2019-12-31,59,51,8
2019-12-31,91,80,11
2019-12-31,57,43,14
2019-12-31,22,17,5
2019-12-31,11,8,3
2019-12-31,7,6,1
2019-12-31,7,4,3
2019-12-31,11,4,7
2019-12-31,10,2,8
2020-01-01,7,6,1
2020-01-01,18,13,5
2020-01-01,13,12,1
2020-01-01,4,3,1
2020-01-01,2,1,1
2020-01-01,4,2,2
2020-01-01,7,0,7
2020-01-01,2,0,2
2020-01-01,11,6,5
2020-01-01,10,6,4
2020-01-01,30,16,14
2020-01-01,43,23,20
2020-01-01,40,22,18
2020-01-01,63,28,35
2020-01-01,52,18,34
2020-01-01,53,29,24
2020-01-01,25,13,12
2020-01-01,23,7,16
2020-01-01,9,6,3
2020-01-01,9,4,5
2020-01-01,4,2,2
2020-01-01,9,4,5
2020-01-01,1,0,1
2020-01-01,1,1,0
2020-01-02,0,0,0
2020-01-02,1,0,1
2020-01-02,1,1,0
2020-01-02,3,2,1
2020-01-02,2,1,1
2020-01-02,11,1,10
2020-01-02,23,1,22
2020-01-02,119,11,108
2020-01-02,268,21,247
2020-01-02,159,25,134
2020-01-02,64,14,50
2020-01-02,32,14,18
2020-01-02,19,8,11
2020-01-02,16,10,6
2020-01-02,29,19,10
2020-01-02,66,59,7
2020-01-02,161,147,14
2020-01-02,231,217,14
2020-01-02,94,86,8
2020-01-02,48,42,6
2020-01-02,20,17,3
2020-01-02,15,11,4
2020-01-02,5,1,4
2020-01-02,4,4,0
2020-01-03,2,1,1
2020-01-03,0,0,0
2020-01-03,0,0,0
2020-01-03,2,1,1
2020-01-03,3,2,1
2020-01-03,10,1,9
2020-01-03,43,6,37
2020-01-03,115,12,103
2020-01-03,228,20,208
2020-01-03,152,15,137
2020-01-03,64,10,54
2020-01-03,47,19,28
2020-01-03,64,31,33
2020-01-03,51,31,20
2020-01-03,60,43,17
2020-01-03,95,67,28
2020-01-03,218,199,19
2020-01-03,221,201,20
2020-01-03,88,73,15
2020-01-03,37,29,8
2020-01-03,25,21,4
2020-01-03,13,12,1
2020-01-03,1,1,0
2020-01-03,4,3,1
2020-01-04,4,3,1
2020-01-04,3,1,2
2020-01-04,3,3,0
2020-01-04,2,2,0
2020-01-04,0,0,0
2020-01-04,2,1,1
2020-01-04,6,2,4
2020-01-04,6,3,3
2020-01-04,15,6,9
2020-01-04,26,12,14
2020-01-04,36,19,17
2020-01-04,37,25,12
2020-01-04,58,33,25
2020-01-04,71,29,42
2020-01-04,70,36,34
2020-01-04,47,24,23
2020-01-04,25,9,16
2020-01-04,23,10,13
2020-01-04,12,6,6
2020-01-04,13,9,4
2020-01-04,9,5,4
2020-01-04,13,7,6
2020-01-04,7,5,2
2020-01-04,2,2,0
2020-01-05,4,3,1
2020-01-05,1,1,0
2020-01-05,1,1,0
2020-01-05,1,1,0
2020-01-05,0,0,0
2020-01-05,1,0,1
2020-01-05,7,1,6
2020-01-05,5,4,1
2020-01-05,9,5,4
2020-01-05,8,4,4
2020-01-05,19,8,11
2020-01-05,13,8,5
2020-01-05,16,5,11
2020-01-05,24,12,12
2020-01-05,44,25,19
2020-01-05,28,23,5
2020-01-05,32,14,18
2020-01-05,23,14,9
2020-01-05,14,6,8
2020-01-05,7,4,3
2020-01-05,12,5,7
2020-01-05,10,5,5
2020-01-05,4,1,3
2020-01-05,3,3,0
2020-01-06,3,3,0
2020-01-06,0,0,0
2020-01-06,0,0,0
2020-01-06,1,0,1
2020-01-06,4,3,1
2020-01-06,18,4,14
2020-01-06,55,7,48
2020-01-06,180,14,166
2020-01-06,343,19,324
2020-01-06,179,11,168
2020-01-06,48,10,38
2020-01-06,18,7,11
2020-01-06,25,11,14
2020-01-06,18,10,8
2020-01-06,33,23,10
2020-01-06,69,53,16
2020-01-06,201,179,22
2020-01-06,351,328,23
2020-01-06,163,147,16
2020-01-06,65,59,6
2020-01-06,24,17,7
2020-01-06,15,12,3
2020-01-06,10,7,3
2020-01-06,0,0,0
2020-01-07,1,1,0
2020-01-07,1,1,0
2020-01-07,1,1,0
2020-01-07,1,0,1
2020-01-07,1,1,0
2020-01-07,18,4,14
2020-01-07,54,5,49
2020-01-07,180,20,160
2020-01-07,345,24,321
2020-01-07,190,19,171
2020-01-07,68,10,58
2020-01-07,42,14,28
2020-01-07,22,10,12
2020-01-07,29,16,13
2020-01-07,41,32,9
2020-01-07,69,54,15
2020-01-07,169,151,18
2020-01-07,374,348,26
2020-01-07,178,157,21
2020-01-07,58,50,8
2020-01-07,43,35,8
2020-01-07,20,17,3
2020-01-07,14,10,4
2020-01-07,6,3,3
2020-01-08,5,4,1
2020-01-08,3,1,2
2020-01-08,1,1,0
2020-01-08,2,1,1
2020-01-08,2,2,0
2020-01-08,17,3,14
2020-01-08,59,8,51
2020-01-08,200,24,176
2020-01-08,366,20,346
2020-01-08,203,33,170
2020-01-08,83,15,68
2020-01-08,32,13,19
2020-01-08,35,13,22
2020-01-08,31,15,16
2020-01-08,40,27,13
2020-01-08,76,59,17
2020-01-08,187,168,19
2020-01-08,395,371,24
2020-01-08,183,160,23
2020-01-08,79,69,10
2020-01-08,39,33,6
2020-01-08,17,11,6
2020-01-08,16,12,4
2020-01-08,4,4,0
2020-01-09,4,2,2
2020-01-09,1,1,0
2020-01-09,2,1,1
2020-01-09,1,0,1
2020-01-09,2,1,1
2020-01-09,16,3,13
2020-01-09,44,5,39
2020-01-09,158,14,144
2020-01-09,294,23,271
2020-01-09,172,17,155
2020-01-09,59,13,46
2020-01-09,43,12,31
2020-01-09,35,13,22
2020-01-09,23,11,12
2020-01-09,38,29,9
2020-01-09,66,47,19
2020-01-09,182,160,22
2020-01-09,329,300,29
2020-01-09,164,143,21
2020-01-09,77,60,17
2020-01-09,31,25,6
2020-01-09,21,14,7
2020-01-09,16,7,9
2020-01-09,11,7,4
2020-01-10,5,2,3
2020-01-10,4,0,4
2020-01-10,2,0,2
2020-01-10,2,1,1
2020-01-10,2,2,0
2020-01-10,8,3,5
2020-01-10,36,4,32
2020-01-10,121,9,112
2020-01-10,229,13,216
2020-01-10,159,19,140
2020-01-10,46,10,36
2020-01-10,25,2,23
2020-01-10,11,1,10
2020-01-10,18,11,7
2020-01-10,32,24,8
2020-01-10,68,54,14
2020-01-10,150,139,11
2020-01-10,232,215,17
2020-01-10,86,80,6
2020-01-10,36,31,5
2020-01-10,12,11,1
2020-01-10,12,10,2
2020-01-10,4,4,0
2020-01-10,3,2,1
2020-01-11,7,7,0
2020-01-11,0,0,0
2020-01-11,3,1,2
2020-01-11,1,1,0
2020-01-11,0,0,0
2020-01-11,4,3,1
2020-01-11,4,1,3
2020-01-11,8,3,5
2020-01-11,13,6,7
2020-01-11,18,9,9
2020-01-11,14,6,8
2020-01-11,24,16,8
2020-01-11,19,11,8
2020-01-11,19,8,11
2020-01-11,39,21,18
2020-01-11,23,12,11
2020-01-11,34,22,12
2020-01-11,27,13,14
2020-01-11,11,6,5
2020-01-11,7,4,3
2020-01-11,8,7,1
2020-01-11,7,3,4
2020-01-11,8,5,3
2020-01-11,6,6,0
2020-01-12,4,1,3
2020-01-12,2,2,0
2020-01-12,3,1,2
2020-01-12,2,1,1
2020-01-12,2,1,1
2020-01-12,1,0,1
2020-01-12,5,3,2
2020-01-12,6,3,3
2020-01-12,12,5,7
2020-01-12,16,7,9
2020-01-12,22,8,14
2020-01-12,22,10,12
2020-01-12,22,11,11
2020-01-12,35,21,14
2020-01-12,36,22,14
2020-01-12,35,21,14
2020-01-12,11,9,2
2020-01-12,20,10,10
2020-01-12,8,2,6
2020-01-12,10,8,2
2020-01-12,7,5,2
2020-01-12,5,2,3
2020-01-12,4,3,1
2020-01-12,0,0,0
2020-01-13,0,0,0
2020-01-13,0,0,0
2020-01-13,0,0,0
2020-01-13,1,0,1
2020-01-13,4,3,1
2020-01-13,7,2,5
2020-01-13,18,6,12
2020-01-13,58,7,51
2020-01-13,120,11,109
2020-01-13,101,11,90
2020-01-13,55,5,50
2020-01-13,23,4,19
2020-01-13,15,5,10
2020-01-13,14,7,7
2020-01-13,23,17,6
2020-01-13,45,36,9
2020-01-13,101,89,12
2020-01-13,138,127,11
2020-01-13,63,59,4
2020-01-13,39,32,7
2020-01-13,13,12,1
2020-01-13,9,8,1
2020-01-13,5,4,1
2020-01-13,6,4,2
2020-01-14,2,2,0
2020-01-14,0,0,0
2020-01-14,0,0,0
2020-01-14,1,0,1
2020-01-14,2,1,1
2020-01-14,6,1,5
2020-01-14,20,4,16
2020-01-14,39,8,31
2020-01-14,82,9,73
2020-01-14,67,8,59
2020-01-14,34,5,29
2020-01-14,12,3,9
2020-01-14,12,3,9
2020-01-14,21,13,8
2020-01-14,14,13,1
2020-01-14,30,23,7
2020-01-14,66,56,10
2020-01-14,92,81,11
2020-01-14,37,31,6
2020-01-14,28,24,4
2020-01-14,10,9,1
2020-01-14,6,6,0
2020-01-14,4,2,2
2020-01-14,3,2,1
2020-01-15,3,2,1
2020-01-15,1,1,0
2020-01-15,0,0,0
2020-01-15,1,0,1
2020-01-15,1,1,0
2020-01-15,7,1,6
2020-01-15,10,2,8
2020-01-15,53,6,47
2020-01-15,113,13,100
2020-01-15,85,9,76
2020-01-15,38,6,32
2020-01-15,24,2,22
2020-01-15,15,7,8
2020-01-15,21,9,12
2020-01-15,22,16,6
2020-01-15,34,30,4
2020-01-15,71,66,5
2020-01-15,119,107,12
2020-01-15,66,52,14
2020-01-15,27,25,2
2020-01-15,25,17,8
2020-01-15,6,6,0
2020-01-15,12,10,2
2020-01-15,5,4,1
2020-01-16,0,0,0
2020-01-16,0,0,0
2020-01-16,1,1,0
2020-01-16,1,0,1
2020-01-16,0,0,0
2020-01-16,9,2,7
2020-01-16,36,7,29
2020-01-16,118,11,107
2020-01-16,263,23,240
2020-01-16,144,20,124
2020-01-16,62,5,57
2020-01-16,33,9,24
2020-01-16,32,15,17
2020-01-16,41,20,21
2020-01-16,33,17,16
2020-01-16,53,36,17
2020-01-16,169,150,19
2020-01-16,257,225,32
2020-01-16,138,125,13
2020-01-16,54,48,6
2020-01-16,27,24,3
2020-01-16,17,15,2
2020-01-16,12,8,4
2020-01-16,4,4,0
2020-01-17,5,3,2
2020-01-17,3,2,1
2020-01-17,0,0,0
2020-01-17,1,0,1
2020-01-17,3,3,0
2020-01-17,10,1,9
2020-01-17,24,3,21
2020-01-17,101,13,88
2020-01-17,272,20,252
2020-01-17,146,18,128
2020-01-17,52,9,43
2020-01-17,27,11,16
2020-01-17,35,16,19
2020-01-17,31,18,13
2020-01-17,36,25,11
2020-01-17,75,60,15
2020-01-17,155,133,22
2020-01-17,236,210,26
2020-01-17,118,105,13
2020-01-17,50,45,5
2020-01-17,24,17,7
2020-01-17,20,16,4
2020-01-17,5,3,2
2020-01-17,8,7,1
2020-01-18,5,3,2
2020-01-18,3,3,0
2020-01-18,4,4,0
2020-01-18,0,0,0
2020-01-18,1,1,0
2020-01-18,1,0,1
2020-01-18,6,2,4
2020-01-18,3,1,2
2020-01-18,20,8,12
2020-01-18,12,5,7
2020-01-18,15,8,7
2020-01-18,15,5,10
2020-01-18,25,9,16
2020-01-18,40,24,16
2020-01-18,30,19,11
2020-01-18,44,22,22
2020-01-18,30,16,14
2020-01-18,31,15,16
2020-01-18,19,7,12
2020-01-18,14,9,5
2020-01-18,13,5,8
2020-01-18,8,2,6
2020-01-18,11,2,9
2020-01-18,7,6,1
2020-01-19,4,2,2
2020-01-19,7,3,4
2020-01-19,4,3,1
2020-01-19,0,0,0
2020-01-19,0,0,0
2020-01-19,2,0,2
2020-01-19,5,1,4
2020-01-19,6,2,4
2020-01-19,10,7,3
2020-01-19,22,13,9
2020-01-19,17,8,9
2020-01-19,19,11,8
2020-01-19,25,8,17
2020-01-19,44,27,17
2020-01-19,51,32,19
2020-01-19,47,23,24
2020-01-19,36,13,23
2020-01-19,39,15,24
2020-01-19,18,10,8
2020-01-19,16,15,1
2020-01-19,12,8,4
2020-01-19,3,2,1
2020-01-19,6,6,0
2020-01-19,2,0,2
2020-01-20,0,0,0
2020-01-20,0,0,0
2020-01-20,1,1,0
2020-01-20,0,0,0
2020-01-20,3,2,1
2020-01-20,12,3,9
2020-01-20,30,5,25
2020-01-20,77,6,71
2020-01-20,174,17,157
2020-01-20,83,9,74
2020-01-20,40,7,33
2020-01-20,29,10,19
2020-01-20,33,21,12
2020-01-20,35,11,24
2020-01-20,42,27,15
2020-01-20,68,43,25
2020-01-20,127,105,22
2020-01-20,183,157,26
2020-01-20,93,79,14
2020-01-20,55,43,12
2020-01-20,17,14,3
2020-01-20,21,12,9
2020-01-20,5,2,3
2020-01-20,7,5,2
2020-01-21,2,0,2
2020-01-21,0,0,0
2020-01-21,2,1,1
2020-01-21,3,1,2
2020-01-21,2,1,1
2020-01-21,17,3,14
2020-01-21,56,9,47
2020-01-21,193,21,172
2020-01-21,340,36,304
2020-01-21,190,18,172
2020-01-21,73,13,60
2020-01-21,27,10,17
2020-01-21,33,15,18
2020-01-21,29,17,12
2020-01-21,27,21,6
2020-01-21,47,40,7
2020-01-21,170,151,19
2020-01-21,339,311,28
2020-01-21,153,140,13
2020-01-21,67,54,13
2020-01-21,30,25,5
2020-01-21,13,13,0
2020-01-21,8,7,1
2020-01-21,3,3,0
2020-01-22,3,3,0
2020-01-22,0,0,0
2020-01-22,0,0,0
2020-01-22,1,1,0
2020-01-22,5,4,1
2020-01-22,14,2,12
2020-01-22,58,12,46
2020-01-22,173,13,160
2020-01-22,285,20,265
2020-01-22,166,17,149
2020-01-22,46,11,35
2020-01-22,20,5,15
2020-01-22,23,10,13
2020-01-22,15,10,5
2020-01-22,27,19,8
2020-01-22,49,39,10
2020-01-22,158,138,20
2020-01-22,336,315,21
2020-01-22,186,167,19
2020-01-22,84,75,9
2020-01-22,28,25,3
2020-01-22,19,16,3
2020-01-22,7,6,1
2020-01-22,5,2,3
2020-01-23,4,4,0
2020-01-23,1,1,0
2020-01-23,2,1,1
2020-01-23,3,2,1
2020-01-23,4,2,2
2020-01-23,16,3,13
2020-01-23,54,10,44
2020-01-23,151,18,133
2020-01-23,243,18,225
2020-01-23,146,11,135
2020-01-23,48,13,35
2020-01-23,18,3,15
2020-01-23,16,2,14
2020-01-23,18,11,7
2020-01-23,20,12,8
2020-01-23,58,46,12
2020-01-23,146,135,11
2020-01-23,248,224,24
2020-01-23,156,141,15
2020-01-23,66,55,11
2020-01-23,36,30,6
2020-01-23,15,14,1
2020-01-23,7,6,1
2020-01-23,7,7,0
2020-01-24,4,3,1
2020-01-24,2,2,0
2020-01-24,0,0,0
2020-01-24,2,1,1
2020-01-24,2,2,0
2020-01-24,16,5,11
2020-01-24,49,9,40
2020-01-24,141,7,134
2020-01-24,296,26,270
2020-01-24,182,15,167
2020-01-24,39,7,32
2020-01-24,29,6,23
2020-01-24,23,12,11
2020-01-24,27,16,11
2020-01-24,45,36,9
2020-01-24,95,78,17
2020-01-24,209,187,22
2020-01-24,269,240,29
2020-01-24,113,94,19
2020-01-24,43,38,5
2020-01-24,29,24,5
2020-01-24,14,10,4
2020-01-24,7,6,1
2020-01-24,13,9,4
2020-01-25,3,2,1
2020-01-25,3,3,0
2020-01-25,4,2,2
2020-01-25,4,4,0
2020-01-25,1,1,0
2020-01-25,1,0,1
2020-01-25,4,0,4
2020-01-25,9,2,7
2020-01-25,17,6,11
2020-01-25,20,10,10
2020-01-25,21,14,7
2020-01-25,34,19,15
2020-01-25,55,29,26
2020-01-25,46,21,25
2020-01-25,49,30,19
2020-01-25,92,61,31
2020-01-25,65,37,28
2020-01-25,45,20,25
2020-01-25,26,14,12
2020-01-25,9,2,7
2020-01-25,13,6,7
2020-01-25,9,6,3
2020-01-25,10,8,2
2020-01-25,10,5,5
2020-01-26,2,1,1
2020-01-26,2,1,1
2020-01-26,3,3,0
2020-01-26,0,0,0
2020-01-26,2,0,2
2020-01-26,0,0,0
2020-01-26,8,1,7
2020-01-26,5,3,2
2020-01-26,13,6,7
2020-01-26,21,6,15
2020-01-26,29,10,19
2020-01-26,52,32,20
2020-01-26,65,36,29
2020-01-26,92,39,53
2020-01-26,71,37,34
2020-01-26,70,34,36
2020-01-26,36,15,21
2020-01-26,22,11,11
2020-01-26,23,10,13
2020-01-26,13,10,3
2020-01-26,12,9,3
2020-01-26,7,4,3
2020-01-26,6,5,1
2020-01-26,4,3,1
2020-01-27,0,0,0
2020-01-27,0,0,0
2020-01-27,0,0,0
2020-01-27,1,0,1
2020-01-27,5,2,3
2020-01-27,14,5,9
2020-01-27,66,10,56
2020-01-27,182,13,169
2020-01-27,371,36,335
2020-01-27,241,28,213
2020-01-27,69,10,59
2020-01-27,55,20,35
2020-01-27,34,18,16
2020-01-27,34,15,19
2020-01-27,39,31,8
2020-01-27,62,41,21
2020-01-27,197,180,17
2020-01-27,321,300,21
2020-01-27,171,160,11
2020-01-27,74,66,8
2020-01-27,30,28,2
2020-01-27,16,14,2
2020-01-27,10,6,4
2020-01-27,7,6,1
2020-01-28,2,2,0
2020-01-28,0,0,0
2020-01-28,1,1,0
2020-01-28,3,2,1
2020-01-28,3,1,2
2020-01-28,10,3,7
2020-01-28,49,8,41
2020-01-28,128,8,120
2020-01-28,301,23,278
2020-01-28,181,18,163
2020-01-28,54,8,46
2020-01-28,32,11,21
2020-01-28,37,17,20
2020-01-28,40,18,22
2020-01-28,48,26,22
2020-01-28,87,66,21
2020-01-28,182,158,24
2020-01-28,298,272,26
2020-01-28,173,157,16
2020-01-28,78,61,17
2020-01-28,38,30,8
2020-01-28,29,20,9
2020-01-28,7,5,2
2020-01-28,5,3,2
2020-01-29,5,4,1
2020-01-29,1,1,0
2020-01-29,1,0,1
2020-01-29,2,2,0
2020-01-29,1,1,0
2020-01-29,17,5,12
2020-01-29,58,11,47
2020-01-29,187,14,173
2020-01-29,314,21,293
2020-01-29,185,13,172
2020-01-29,61,12,49
2020-01-29,20,5,15
2020-01-29,25,10,15
2020-01-29,34,16,18
2020-01-29,36,29,7
2020-01-29,64,51,13
2020-01-29,192,169,23
2020-01-29,328,302,26
2020-01-29,197,173,24
2020-01-29,80,71,9
2020-01-29,37,31,6
2020-01-29,29,19,10
2020-01-29,17,14,3
2020-01-29,9,6,3
2020-01-30,3,3,0
2020-01-30,0,0,0
2020-01-30,0,0,0
2020-01-30,2,1,1
2020-01-30,2,1,1
2020-01-30,17,5,12
2020-01-30,56,8,48
2020-01-30,188,20,168
2020-01-30,306,24,282
2020-01-30,222,26,196
2020-01-30,73,13,60
2020-01-30,30,10,20
2020-01-30,52,23,29
2020-01-30,37,22,15
2020-01-30,58,41,17
2020-01-30,87,61,26
2020-01-30,189,167,22
2020-01-30,327,296,31
2020-01-30,173,157,16
2020-01-30,54,47,7
2020-01-30,28,21,7
2020-01-30,29,18,11
2020-01-30,17,13,4
2020-01-30,5,4,1
2020-01-31,9,7,2
2020-01-31,1,1,0
2020-01-31,0,0,0
2020-01-31,1,1,0
2020-01-31,3,2,1
2020-01-31,13,4,9
2020-01-31,40,6,34
2020-01-31,127,6,121
2020-01-31,233,19,214
2020-01-31,162,21,141
2020-01-31,49,9,40
2020-01-31,28,8,20
2020-01-31,16,9,7
2020-01-31,18,7,11
2020-01-31,24,18,6
2020-01-31,55,40,15
2020-01-31,128,120,8
2020-01-31,226,207,19
2020-01-31,122,103,19
2020-01-31,39,36,3
2020-01-31,25,21,4
2020-01-31,20,17,3
2020-01-31,6,5,1
2020-01-31,4,4,0
2020-02-01,2,2,0
2020-02-01,1,1,0
2020-02-01,2,1,1
2020-02-01,0,0,0
2020-02-01,1,1,0
2020-02-01,1,0,1
2020-02-01,3,1,2
2020-02-01,9,3,6
2020-02-01,18,7,11
2020-02-01,17,7,10
2020-02-01,26,10,16
2020-02-01,30,9,21
2020-02-01,27,14,13
2020-02-01,43,28,15
2020-02-01,31,17,14
2020-02-01,26,15,11
2020-02-01,33,17,16
2020-02-01,27,14,13
2020-02-01,21,14,7
2020-02-01,16,12,4
2020-02-01,8,6,2
2020-02-01,8,5,3
2020-02-01,7,4,3
2020-02-01,2,1,1
2020-02-02,3,2,1
2020-02-02,1,1,0
2020-02-02,1,1,0
2020-02-02,2,1,1
2020-02-02,0,0,0
2020-02-02,2,0,2
2020-02-02,3,1,2
2020-02-02,5,3,2
2020-02-02,11,4,7
2020-02-02,23,12,11
2020-02-02,39,21,18
2020-02-02,67,38,29
2020-02-02,65,33,32
2020-02-02,59,19,40
2020-02-02,95,54,41
2020-02-02,85,45,40
2020-02-02,44,23,21
2020-02-02,28,17,11
2020-02-02,12,3,9
2020-02-02,24,11,13
2020-02-02,14,7,7
2020-02-02,7,7,0
2020-02-02,4,2,2
2020-02-02,5,3,2
2020-02-03,4,2,2
2020-02-03,1,1,0
2020-02-03,0,0,0
2020-02-03,3,2,1
2020-02-03,2,2,0
2020-02-03,16,3,13
2020-02-03,68,12,56
2020-02-03,167,16,151
2020-02-03,378,32,346
2020-02-03,233,18,215
2020-02-03,84,20,64
2020-02-03,41,15,26
2020-02-03,41,22,19
2020-02-03,32,17,15
2020-02-03,38,24,14
2020-02-03,80,54,26
2020-02-03,212,186,26
2020-02-03,414,380,34
2020-02-03,216,193,23
2020-02-03,88,68,20
2020-02-03,42,31,11
2020-02-03,26,19,7
2020-02-03,12,7,5
2020-02-03,4,2,2
2020-02-04,3,3,0
2020-02-04,1,1,0
2020-02-04,1,1,0
2020-02-04,2,1,1
2020-02-04,2,2,0
2020-02-04,15,2,13
2020-02-04,50,8,42
2020-02-04,171,13,158
2020-02-04,300,21,279
2020-02-04,194,22,172
2020-02-04,61,13,48
2020-02-04,31,10,21
2020-02-04,17,9,8
2020-02-04,31,16,15
2020-02-04,29,24,5
2020-02-04,46,35,11
2020-02-04,175,158,17
2020-02-04,292,271,21
2020-02-04,144,130,14
2020-02-04,65,58,7
2020-02-04,34,27,7
2020-02-04,23,19,4
2020-02-04,9,6,3
2020-02-04,4,4,0
2020-02-05,1,1,0
2020-02-05,0,0,0
2020-02-05,1,1,0
2020-02-05,2,1,1
2020-02-05,2,1,1
2020-02-05,11,4,7
2020-02-05,49,3,46
2020-02-05,138,13,125
2020-02-05,267,14,253
2020-02-05,139,13,126
2020-02-05,58,10,48
2020-02-05,19,5,14
2020-02-05,18,6,12
2020-02-05,16,9,7
2020-02-05,20,16,4
2020-02-05,41,37,4
2020-02-05,148,138,10
2020-02-05,270,249,21
2020-02-05,138,125,13
2020-02-05,50,46,4
2020-02-05,24,20,4
2020-02-05,9,9,0
2020-02-05,6,5,1
2020-02-05,6,2,4
2020-02-06,3,3,0
2020-02-06,1,1,0
2020-02-06,0,0,0
2020-02-06,2,1,1
2020-02-06,3,1,2
2020-02-06,9,2,7
2020-02-06,39,7,32
2020-02-06,105,12,93
2020-02-06,259,13,246
2020-02-06,140,9,131
2020-02-06,54,8,46
2020-02-06,26,10,16
2020-02-06,10,5,5
2020-02-06,14,6,8
2020-02-06,25,13,12
2020-02-06,53,45,8
2020-02-06,135,119,16
2020-02-06,259,242,17
2020-02-06,128,113,15
2020-02-06,55,46,9
2020-02-06,35,31,4
2020-02-06,14,12,2
2020-02-06,5,2,3
2020-02-06,7,4,3
2020-02-07,5,4,1
2020-02-07,3,3,0
2020-02-07,0,0,0
2020-02-07,1,1,0
2020-02-07,3,3,0
2020-02-07,14,4,10
2020-02-07,51,7,44
2020-02-07,113,5,108
2020-02-07,235,17,218
2020-02-07,147,7,140
2020-02-07,59,9,50
2020-02-07,33,11,22
2020-02-07,25,12,13
2020-02-07,34,19,15
2020-02-07,38,28,10
2020-02-07,69,55,14
2020-02-07,181,159,22
2020-02-07,218,198,20
2020-02-07,107,94,13
2020-02-07,41,34,7
2020-02-07,13,12,1
2020-02-07,15,13,2
2020-02-07,6,5,1
2020-02-07,7,5,2
2020-02-08,5,3,2
2020-02-08,4,4,0
2020-02-08,2,2,0
2020-02-08,1,0,1
2020-02-08,1,0,1
2020-02-08,1,0,1
2020-02-08,2,1,1
2020-02-08,8,2,6
2020-02-08,23,9,14
2020-02-08,30,15,15
2020-02-08,51,27,24
2020-02-08,49,32,17
2020-02-08,64,33,31
2020-02-08,45,27,18
2020-02-08,48,27,21
2020-02-08,59,30,29
2020-02-08,57,30,27
2020-02-08,65,30,35
2020-02-08,19,13,6
2020-02-08,12,5,7
2020-02-08,8,7,1
2020-02-08,11,9,2
2020-02-08,7,5,2
2020-02-08,1,1,0
2020-02-09,3,1,2
2020-02-09,1,0,1
2020-02-09,3,1,2
2020-02-09,0,0,0
2020-02-09,0,0,0
2020-02-09,2,0,2
2020-02-09,4,1,3
2020-02-09,8,5,3
2020-02-09,18,8,10
2020-02-09,36,21,15
2020-02-09,38,19,19
2020-02-09,59,24,35
2020-02-09,88,50,38
2020-02-09,111,60,51
2020-02-09,128,65,63
2020-02-09,121,57,64
2020-02-09,90,43,47
2020-02-09,43,12,31
2020-02-09,26,14,12
2020-02-09,22,13,9
2020-02-09,7,4,3
2020-02-09,9,6,3
2020-02-09,7,5,2
2020-02-09,4,4,0
2020-02-10,2,2,0
2020-02-10,1,0,1
2020-02-10,1,1,0
2020-02-10,2,1,1
2020-02-10,4,3,1
2020-02-10,19,2,17
2020-02-10,66,11,55
2020-02-10,250,18,232
2020-02-10,443,32,411
2020-02-10,236,24,212
2020-02-10,64,13,51
2020-02-10,0,0,0
2020-02-10,0,0,0
2020-02-10,0,0,0
2020-02-10,51,30,21
2020-02-10,90,74,16
2020-02-10,266,236,30
2020-02-10,472,428,44
2020-02-10,203,181,22
2020-02-10,75,66,9
2020-02-10,51,44,7
2020-02-10,24,23,1
2020-02-10,12,8,4
2020-02-10,4,3,1
2020-02-11,2,2,0
2020-02-11,1,1,0
2020-02-11,0,0,0
2020-02-11,3,1,2
2020-02-11,5,2,3
2020-02-11,20,5,15
2020-02-11,80,12,68
2020-02-11,218,22,196
2020-02-11,395,26,369
2020-02-11,199,16,183
2020-02-11,72,14,58
2020-02-11,43,19,24
2020-02-11,38,17,21
2020-02-11,36,15,21
2020-02-11,46,29,17
2020-02-11,87,64,23
2020-02-11,238,219,19
2020-02-11,415,379,36
2020-02-11,210,192,18
2020-02-11,79,68,11
2020-02-11,43,35,8
2020-02-11,33,23,10
2020-02-11,11,9,2
2020-02-11,9,7,2
2020-02-12,2,2,0
2020-02-12,7,7,0
2020-02-12,1,0,1
2020-02-12,2,1,1
2020-02-12,5,3,2
2020-02-12,18,3,15
2020-02-12,80,11,69
2020-02-12,254,19,235
2020-02-12,376,33,343
2020-02-12,203,14,189
2020-02-12,85,14,71
2020-02-12,45,19,26
2020-02-12,37,16,21
2020-02-12,36,19,17
2020-02-12,57,39,18
2020-02-12,92,69,23
2020-02-12,220,190,30
2020-02-12,430,398,32
2020-02-12,222,200,22
2020-02-12,90,78,12
2020-02-12,61,48,13
2020-02-12,36,28,8
2020-02-12,22,19,3
2020-02-12,9,6,3
2020-02-13,3,1,2
2020-02-13,1,1,0
2020-02-13,0,0,0
2020-02-13,2,1,1
2020-02-13,5,3,2
2020-02-13,19,4,15
2020-02-13,58,13,45
2020-02-13,199,22,177
2020-02-13,328,27,301
2020-02-13,160,17,143
2020-02-13,59,11,48
2020-02-13,24,6,18
2020-02-13,30,11,19
2020-02-13,34,22,12
2020-02-13,35,25,10
2020-02-13,91,64,27
2020-02-13,168,150,18
2020-02-13,313,281,32
2020-02-13,156,145,11
2020-02-13,57,46,11
2020-02-13,31,25,6
2020-02-13,19,15,4
2020-02-13,10,9,1
2020-02-13,11,8,3
2020-02-14,5,5,0
2020-02-14,0,0,0
2020-02-14,0,0,0
2020-02-14,2,1,1
2020-02-14,5,3,2
2020-02-14,16,3,13
2020-02-14,41,7,34
2020-02-14,173,14,159
2020-02-14,290,23,267
2020-02-14,175,23,152
2020-02-14,63,9,54
2020-02-14,50,15,35
2020-02-14,35,17,18
2020-02-14,61,30,31
2020-02-14,62,46,16
2020-02-14,120,96,24
2020-02-14,223,200,23
2020-02-14,284,261,23
2020-02-14,142,123,19
2020-02-14,58,43,15
2020-02-14,18,13,5
2020-02-14,12,9,3
2020-02-14,10,7,3
2020-02-14,8,7,1
2020-02-15,3,2,1
2020-02-15,4,3,1
2020-02-15,3,2,1
2020-02-15,1,1,0
2020-02-15,0,0,0
2020-02-15,3,2,1
2020-02-15,4,1,3
2020-02-15,9,6,3
2020-02-15,20,6,14
2020-02-15,21,5,16
2020-02-15,44,35,9
2020-02-15,26,12,14
2020-02-15,34,19,15
2020-02-15,17,8,9
2020-02-15,26,13,13
2020-02-15,21,5,16
2020-02-15,33,22,11
2020-02-15,30,17,13
2020-02-15,19,13,6
2020-02-15,12,1,11
2020-02-15,15,14,1
2020-02-15,4,1,3
2020-02-15,2,1,1
2020-02-15,3,3,0
2020-02-16,7,4,3
2020-02-16,2,2,0
2020-02-16,4,2,2
2020-02-16,0,0,0
2020-02-16,0,0,0
2020-02-16,1,0,1
2020-02-16,4,3,1
2020-02-16,5,4,1
2020-02-16,21,7,14
2020-02-16,20,2,18
2020-02-16,17,12,5
2020-02-16,46,34,12
2020-02-16,53,27,26
2020-02-16,63,27,36
2020-02-16,75,39,36
2020-02-16,42,24,18
2020-02-16,29,13,16
2020-02-16,34,17,17
2020-02-16,18,13,5
2020-02-16,11,7,4
2020-02-16,8,3,5
2020-02-16,5,2,3
2020-02-16,5,5,0
2020-02-16,3,3,0
2020-02-17,3,2,1
2020-02-17,2,2,0
2020-02-17,1,1,0
2020-02-17,4,2,2
2020-02-17,3,2,1
2020-02-17,9,2,7
2020-02-17,37,12,25
2020-02-17,93,6,87
2020-02-17,178,15,163
2020-02-17,101,11,90
2020-02-17,74,28,46
2020-02-17,64,27,37
2020-02-17,64,32,32
2020-02-17,64,39,25
2020-02-17,86,46,40
2020-02-17,86,54,32
2020-02-17,142,101,41
2020-02-17,227,181,46
2020-02-17,103,86,17
2020-02-17,44,34,10
2020-02-17,31,20,11
2020-02-17,19,15,4
2020-02-17,12,8,4
2020-02-17,11,9,2
2020-02-18,1,0,1
2020-02-18,1,0,1
2020-02-18,2,1,1
2020-02-18,3,1,2
2020-02-18,3,1,2
2020-02-18,17,5,12
2020-02-18,64,16,48
2020-02-18,208,16,192
2020-02-18,378,36,342
2020-02-18,205,14,191
2020-02-18,70,20,50
2020-02-18,48,18,30
2020-02-18,45,18,27
2020-02-18,64,48,16
2020-02-18,60,41,19
2020-02-18,91,69,22
2020-02-18,226,190,36
2020-02-18,431,368,63
2020-02-18,187,155,32
2020-02-18,91,73,18
2020-02-18,37,30,7
2020-02-18,30,21,9
2020-02-18,9,8,1
2020-02-18,9,7,2
2020-02-19,1,0,1
2020-02-19,0,0,0
2020-02-19,0,0,0
2020-02-19,2,1,1
2020-02-19,3,2,1
2020-02-19,13,4,9
2020-02-19,78,16,62
2020-02-19,189,22,167
2020-02-19,351,29,322
2020-02-19,207,33,174
2020-02-19,89,13,76
2020-02-19,69,30,39
2020-02-19,39,18,21
2020-02-19,57,30,27
2020-02-19,52,34,18
2020-02-19,92,61,31
2020-02-19,262,219,43
2020-02-19,381,335,46
2020-02-19,205,170,35
2020-02-19,84,72,12
2020-02-19,53,39,14
2020-02-19,34,25,9
2020-02-19,15,10,5
2020-02-19,6,4,2
2020-02-20,5,5,0
2020-02-20,3,1,2
2020-02-20,0,0,0
2020-02-20,2,1,1
2020-02-20,1,1,0
2020-02-20,13,4,9
2020-02-20,66,14,52
2020-02-20,197,19,178
2020-02-20,358,33,325
2020-02-20,220,22,198
2020-02-20,104,22,82
2020-02-20,38,12,26
2020-02-20,56,20,36
2020-02-20,51,22,29
2020-02-20,55,32,23
2020-02-20,100,72,28
2020-02-20,265,229,36
2020-02-20,363,314,49
2020-02-20,218,192,26
2020-02-20,96,82,14
2020-02-20,54,39,15
2020-02-20,27,24,3
2020-02-20,16,11,5
2020-02-20,8,8,0
2020-02-21,5,4,1
2020-02-21,7,5,2
2020-02-21,0,0,0
2020-02-21,2,1,1
2020-02-21,2,1,1
2020-02-21,9,4,5
2020-02-21,61,14,47
2020-02-21,172,21,151
2020-02-21,301,20,281
2020-02-21,185,22,163
2020-02-21,73,18,55
2020-02-21,40,19,21
2020-02-21,60,29,31
2020-02-21,72,44,28
2020-02-21,86,48,38
2020-02-21,131,90,41
2020-02-21,245,205,40
2020-02-21,326,282,44
2020-02-21,156,130,26
2020-02-21,70,53,17
2020-02-21,30,18,12
2020-02-21,22,17,5
2020-02-21,18,13,5
2020-02-21,12,8,4
2020-02-22,8,6,2
2020-02-22,3,0,3
2020-02-22,1,1,0
2020-02-22,1,1,0
2020-02-22,1,1,0
2020-02-22,1,0,1
2020-02-22,8,5,3
2020-02-22,12,6,6
2020-02-22,30,11,19
2020-02-22,34,12,22
2020-02-22,44,26,18
2020-02-22,53,21,32
2020-02-22,54,27,27
2020-02-22,49,22,27
2020-02-22,61,32,29
2020-02-22,59,31,28
2020-02-22,49,26,23
2020-02-22,45,26,19
2020-02-22,22,16,6
2020-02-22,14,6,8
2020-02-22,16,13,3
2020-02-22,20,11,9
2020-02-22,11,10,1
2020-02-22,7,5,2
2020-02-23,0,0,0
2020-02-23,7,4,3
2020-02-23,4,0,4
2020-02-23,2,2,0
2020-02-23,0,0,0
2020-02-23,1,0,1
2020-02-23,5,0,5
2020-02-23,13,1,12
2020-02-23,21,6,15
2020-02-23,19,2,17
2020-02-23,24,12,12
2020-02-23,24,8,16
2020-02-23,32,22,10
2020-02-23,60,41,19
2020-02-23,51,33,18
2020-02-23,48,31,17
2020-02-23,40,21,19
2020-02-23,38,15,23
2020-02-23,14,6,8
2020-02-23,19,15,4
2020-02-23,13,4,9
2020-02-23,6,0,6
2020-02-23,5,5,0
2020-02-23,4,4,0
2020-02-24,0,0,0
2020-02-24,0,0,0
2020-02-24,0,0,0
2020-02-24,1,1,0
2020-02-24,3,2,1
2020-02-24,11,4,7
2020-02-24,73,17,56
2020-02-24,227,18,209
2020-02-24,425,31,394
2020-02-24,237,22,215
2020-02-24,76,13,63
2020-02-24,44,15,29
2020-02-24,45,21,24
2020-02-24,52,32,20
2020-02-24,42,25,17
2020-02-24,72,53,19
2020-02-24,234,208,26
2020-02-24,446,410,36
2020-02-24,228,209,19
2020-02-24,88,75,13
2020-02-24,32,26,6
2020-02-24,30,24,6
2020-02-24,20,12,8
2020-02-24,5,5,0
2020-02-25,2,2,0
2020-02-25,0,0,0
2020-02-25,2,2,0
2020-02-25,3,1,2
2020-02-25,2,0,2
2020-02-25,18,4,14
2020-02-25,85,18,67
2020-02-25,226,22,204
2020-02-25,429,32,397
2020-02-25,205,25,180
2020-02-25,69,11,58
2020-02-25,42,17,25
2020-02-25,40,21,19
2020-02-25,36,19,17
2020-02-25,43,28,15
2020-02-25,102,76,26
2020-02-25,260,232,28
2020-02-25,457,410,47
2020-02-25,242,208,34
2020-02-25,76,65,11
2020-02-25,51,42,9
2020-02-25,33,24,9
2020-02-25,11,8,3
2020-02-25,11,8,3
2020-02-26,3,2,1
2020-02-26,2,1,1
2020-02-26,1,1,0
2020-02-26,2,1,1
2020-02-26,2,1,1
2020-02-26,17,5,12
2020-02-26,71,14,57
2020-02-26,229,16,213
2020-02-26,400,25,375
2020-02-26,233,27,206
2020-02-26,74,10,64
2020-02-26,43,18,25
2020-02-26,44,14,30
2020-02-26,50,26,24
2020-02-26,56,35,21
2020-02-26,83,61,22
2020-02-26,271,248,23
2020-02-26,450,392,58
2020-02-26,233,198,35
2020-02-26,89,70,19
2020-02-26,47,39,8
2020-02-26,45,31,14
2020-02-26,13,8,5
2020-02-26,10,8,2
2020-02-27,7,6,1
2020-02-27,1,1,0
2020-02-27,2,1,1
2020-02-27,3,1,2
2020-02-27,1,0,1
2020-02-27,12,3,9
2020-02-27,68,16,52
2020-02-27,253,28,225
2020-02-27,444,38,406
2020-02-27,224,27,197
2020-02-27,82,18,64
2020-02-27,49,17,32
2020-02-27,69,34,35
2020-02-27,54,24,30
2020-02-27,80,46,34
2020-02-27,126,100,26
2020-02-27,284,233,51
2020-02-27,473,416,57
2020-02-27,243,201,42
2020-02-27,99,77,22
2020-02-27,48,40,8
2020-02-27,45,38,7
2020-02-27,21,16,5
2020-02-27,12,8,4
2020-02-28,5,5,0
2020-02-28,2,2,0
2020-02-28,1,1,0
2020-02-28,1,0,1
2020-02-28,3,1,2
2020-02-28,14,6,8
2020-02-28,60,16,44
2020-02-28,167,14,153
2020-02-28,311,18,293
2020-02-28,166,18,148
2020-02-28,60,16,44
2020-02-28,44,17,27
2020-02-28,30,19,11
2020-02-28,62,39,23
2020-02-28,70,46,24
2020-02-28,105,81,24
2020-02-28,206,184,22
2020-02-28,260,241,19
2020-02-28,136,118,18
2020-02-28,51,45,6
2020-02-28,24,21,3
2020-02-28,17,13,4
2020-02-28,8,7,1
2020-02-28,10,8,2
2020-02-29,5,4,1
2020-02-29,1,1,0
2020-02-29,4,3,1
2020-02-29,1,1,0
2020-02-29,0,0,0
2020-02-29,4,1,3
2020-02-29,9,3,6
2020-02-29,13,7,6
2020-02-29,29,6,23
2020-02-29,42,21,21
2020-02-29,43,22,21
2020-02-29,51,21,30
2020-02-29,54,29,25
2020-02-29,65,37,28
2020-02-29,67,40,27
2020-02-29,72,34,38
2020-02-29,56,30,26
2020-02-29,50,26,24
2020-02-29,31,17,14
2020-02-29,16,10,6
2020-02-29,21,12,9
2020-02-29,14,9,5
2020-02-29,9,6,3
2020-02-29,20,17,3
2020-03-01,5,1,4
2020-03-01,4,2,2
2020-03-01,2,2,0
2020-03-01,0,0,0
2020-03-01,3,1,2
2020-03-01,0,0,0
2020-03-01,7,4,3
2020-03-01,13,5,8
2020-03-01,16,6,10
2020-03-01,34,17,17
2020-03-01,49,25,24
2020-03-01,49,25,24
2020-03-01,86,52,34
2020-03-01,81,41,40
2020-03-01,91,37,54
2020-03-01,79,42,37
2020-03-01,55,30,25
2020-03-01,44,28,16
2020-03-01,26,10,16
2020-03-01,8,6,2
2020-03-01,16,7,9
2020-03-01,7,3,4
2020-03-01,7,6,1
2020-03-01,4,2,2
2020-03-02,0,0,0
2020-03-02,0,0,0
2020-03-02,0,0,0
2020-03-02,2,1,1
2020-03-02,5,2,3
2020-03-02,15,5,10
2020-03-02,50,10,40
2020-03-02,227,12,215
2020-03-02,328,20,308
2020-03-02,216,18,198
2020-03-02,53,9,44
2020-03-02,35,12,23
2020-03-02,20,9,11
2020-03-02,26,18,8
2020-03-02,25,17,8
2020-03-02,64,52,12
2020-03-02,190,169,21
2020-03-02,372,349,23
2020-03-02,212,191,21
2020-03-02,79,68,11
2020-03-02,29,23,6
2020-03-02,26,18,8
2020-03-02,16,11,5
2020-03-02,3,0,3
2020-03-03,1,1,0
2020-03-03,0,0,0
2020-03-03,0,0,0
2020-03-03,1,0,1
2020-03-03,4,3,1
2020-03-03,18,4,14
2020-03-03,66,11,55
2020-03-03,213,18,195
2020-03-03,403,20,383
2020-03-03,215,25,190
2020-03-03,85,12,73
2020-03-03,54,23,31
2020-03-03,47,22,25
2020-03-03,42,27,15
2020-03-03,46,32,14
2020-03-03,107,87,20
2020-03-03,236,210,26
2020-03-03,459,418,41
2020-03-03,239,210,29
2020-03-03,82,72,10
2020-03-03,35,29,6
2020-03-03,23,18,5
2020-03-03,18,15,3
2020-03-03,7,3,4
2020-03-04,3,3,0
2020-03-04,1,1,0
2020-03-04,2,2,0
2020-03-04,2,1,1
2020-03-04,1,1,0
2020-03-04,19,6,13
2020-03-04,77,16,61
2020-03-04,225,21,204
2020-03-04,376,30,346
2020-03-04,187,19,168
2020-03-04,78,19,59
2020-03-04,59,23,36
2020-03-04,55,32,23
2020-03-04,54,33,21
2020-03-04,79,50,29
2020-03-04,89,66,23
2020-03-04,240,204,36
2020-03-04,403,356,47
2020-03-04,250,213,37
2020-03-04,77,64,13
2020-03-04,47,39,8
2020-03-04,30,23,7
2020-03-04,14,11,3
2020-03-04,7,3,4
2020-03-05,4,3,1
2020-03-05,1,1,0
2020-03-05,1,1,0
2020-03-05,1,0,1
2020-03-05,3,1,2
2020-03-05,13,4,9
2020-03-05,62,14,48
2020-03-05,143,16,127
2020-03-05,260,27,233
2020-03-05,139,31,108
2020-03-05,49,14,35
2020-03-05,43,19,24
2020-03-05,58,27,31
2020-03-05,51,27,24
2020-03-05,77,55,22
2020-03-05,83,61,22
2020-03-05,163,142,21
2020-03-05,237,203,34
2020-03-05,119,103,16
2020-03-05,44,35,9
2020-03-05,30,23,7
2020-03-05,15,10,5
2020-03-05,6,4,2
2020-03-05,5,3,2
2020-03-06,2,1,1
2020-03-06,0,0,0
2020-03-06,1,1,0
2020-03-06,2,0,2
2020-03-06,2,2,0
2020-03-06,12,4,8
2020-03-06,21,9,12
2020-03-06,79,10,69
2020-03-06,123,20,103
2020-03-06,49,6,43
2020-03-06,25,7,18
2020-03-06,24,8,16
2020-03-06,31,16,15
2020-03-06,40,16,24
2020-03-06,30,23,7
2020-03-06,50,33,17
2020-03-06,82,62,20
2020-03-06,124,101,23
2020-03-06,76,60,16
2020-03-06,51,37,14
2020-03-06,19,11,8
2020-03-06,13,10,3
2020-03-06,11,7,4
2020-03-06,8,3,5
2020-03-07,11,6,5
2020-03-07,4,4,0
2020-03-07,1,0,1
2020-03-07,1,0,1
2020-03-07,0,0,0
2020-03-07,3,2,1
2020-03-07,11,9,2
2020-03-07,17,6,11
2020-03-07,19,4,15
2020-03-07,29,13,16
2020-03-07,29,12,17
2020-03-07,34,19,15
2020-03-07,33,19,14
2020-03-07,23,14,9
2020-03-07,34,16,18
2020-03-07,47,32,15
2020-03-07,56,29,27
2020-03-07,61,26,35
2020-03-07,24,13,11
2020-03-07,19,11,8
2020-03-07,11,5,6
2020-03-07,14,10,4
2020-03-07,7,4,3
2020-03-07,5,2,3
2020-03-08,3,3,0
2020-03-08,3,2,1
2020-03-08,,,
2020-03-08,0,0,0
2020-03-08,2,1,1
2020-03-08,1,0,1
2020-03-08,1,0,1
2020-03-08,11,5,6
2020-03-08,12,4,8
2020-03-08,16,10,6
2020-03-08,17,6,11
2020-03-08,39,13,26
2020-03-08,60,36,24
2020-03-08,76,49,27
2020-03-08,90,44,46
2020-03-08,76,40,36
2020-03-08,105,51,54
2020-03-08,67,35,32
2020-03-08,37,16,21
2020-03-08,20,7,13
2020-03-08,11,9,2
2020-03-08,9,4,5
2020-03-08,4,4,0
2020-03-08,2,0,2
2020-03-09,4,4,0
2020-03-09,1,1,0
2020-03-09,0,0,0
2020-03-09,2,1,1
2020-03-09,6,5,1
2020-03-09,15,4,11
2020-03-09,36,13,23
2020-03-09,87,13,74
2020-03-09,164,19,145
2020-03-09,101,15,86
2020-03-09,45,10,35
2020-03-09,35,12,23
2020-03-09,53,20,33
2020-03-09,62,35,27
2020-03-09,58,24,34
2020-03-09,96,61,35
2020-03-09,174,124,50
2020-03-09,232,183,49
2020-03-09,171,129,42
2020-03-09,66,32,34
2020-03-09,28,19,9
2020-03-09,23,12,11
2020-03-09,16,12,4
2020-03-09,6,3,3
2020-03-10,3,2,1
2020-03-10,2,2,0
2020-03-10,1,0,1
2020-03-10,2,1,1
2020-03-10,3,2,1
2020-03-10,16,5,11
2020-03-10,44,11,33
2020-03-10,102,17,85
2020-03-10,151,16,135
2020-03-10,99,13,86
2020-03-10,55,15,40
2020-03-10,38,14,24
2020-03-10,37,17,20
2020-03-10,39,23,16
2020-03-10,42,23,19
2020-03-10,58,42,16
2020-03-10,130,105,25
2020-03-10,175,151,24
2020-03-10,123,102,21
2020-03-10,55,37,18
2020-03-10,30,19,11
2020-03-10,18,14,4
2020-03-10,17,13,4
2020-03-10,3,3,0
2020-03-11,2,2,0
2020-03-11,2,1,1
2020-03-11,0,0,0
2020-03-11,1,0,1
2020-03-11,3,3,0
2020-03-11,13,6,7
2020-03-11,34,10,24
2020-03-11,108,17,91
2020-03-11,151,17,134
2020-03-11,104,18,86
2020-03-11,58,15,43
2020-03-11,46,16,30
2020-03-11,47,23,24
2020-03-11,47,27,20
2020-03-11,54,29,25
2020-03-11,74,45,29
2020-03-11,130,102,28
2020-03-11,207,172,35
2020-03-11,135,107,28
2020-03-11,62,46,16
2020-03-11,27,18,9
2020-03-11,24,14,10
2020-03-11,12,4,8
2020-03-11,6,4,2
2020-03-12,1,0,1
2020-03-12,0,0,0
2020-03-12,0,0,0
2020-03-12,3,1,2
2020-03-12,4,1,3
2020-03-12,14,3,11
2020-03-12,45,17,28
2020-03-12,86,16,70
2020-03-12,127,21,106
2020-03-12,76,6,70
2020-03-12,38,13,25
2020-03-12,32,11,21
2020-03-12,39,23,16
2020-03-12,37,17,20
2020-03-12,58,29,29
2020-03-12,71,46,25
2020-03-12,119,93,26
2020-03-12,177,136,41
2020-03-12,121,80,41
2020-03-12,62,42,20
2020-03-12,37,22,15
2020-03-12,18,11,7
2020-03-12,4,4,0
2020-03-12,7,4,3
2020-03-13,4,3,1
2020-03-13,1,1,0
2020-03-13,2,0,2
2020-03-13,3,1,2
2020-03-13,5,2,3
2020-03-13,10,5,5
2020-03-13,28,8,20
2020-03-13,43,5,38
2020-03-13,55,9,46
2020-03-13,45,10,35
2020-03-13,26,7,19
2020-03-13,25,8,17
2020-03-13,14,5,9
2020-03-13,26,16,10
2020-03-13,26,12,14
2020-03-13,26,19,7
2020-03-13,37,32,5
2020-03-13,73,62,11
2020-03-13,37,31,6
2020-03-13,16,8,8
2020-03-13,7,7,0
2020-03-13,2,2,0
2020-03-13,6,5,1
2020-03-13,5,1,4
2020-03-14,2,2,0
2020-03-14,1,0,1
2020-03-14,0,0,0
2020-03-14,0,0,0
2020-03-14,0,0,0
2020-03-14,4,2,2
2020-03-14,9,3,6
2020-03-14,7,6,1
2020-03-14,17,3,14
2020-03-14,27,11,16
2020-03-14,21,11,10
2020-03-14,36,19,17
2020-03-14,44,25,19
2020-03-14,65,29,36
2020-03-14,60,34,26
2020-03-14,89,48,41
2020-03-14,61,32,29
2020-03-14,41,24,17
2020-03-14,25,13,12
2020-03-14,31,22,9
2020-03-14,14,5,9
2020-03-14,10,7,3
2020-03-14,9,8,1
2020-03-14,7,5,2
2020-03-15,2,1,1
2020-03-15,0,0,0
2020-03-15,0,0,0
2020-03-15,3,3,0
2020-03-15,0,0,0
2020-03-15,1,0,1
2020-03-15,2,0,2
2020-03-15,6,4,2
2020-03-15,12,3,9
2020-03-15,15,7,8
2020-03-15,33,22,11
2020-03-15,50,31,19
2020-03-15,77,43,34
2020-03-15,73,46,27
2020-03-15,78,48,30
2020-03-15,120,63,57
2020-03-15,99,48,51
2020-03-15,66,30,36
2020-03-15,38,20,18
2020-03-15,17,9,8
2020-03-15,11,6,5
2020-03-15,9,7,2
2020-03-15,4,3,1
2020-03-15,3,0,3
2020-03-16,2,2,0
2020-03-16,0,0,0
2020-03-16,1,1,0
2020-03-16,4,1,3
2020-03-16,0,0,0
2020-03-16,14,6,8
2020-03-16,31,6,25
2020-03-16,49,9,40
2020-03-16,96,8,88
2020-03-16,71,10,61
2020-03-16,43,17,26
2020-03-16,30,16,14
2020-03-16,54,26,28
2020-03-16,53,25,28
2020-03-16,74,43,31
2020-03-16,90,48,42
2020-03-16,126,89,37
2020-03-16,184,129,55
2020-03-16,143,92,51
2020-03-16,55,34,21
2020-03-16,25,16,9
2020-03-16,15,6,9
2020-03-16,5,4,1
2020-03-16,6,3,3
2020-03-17,2,1,1
2020-03-17,1,0,1
2020-03-17,0,0,0
2020-03-17,1,0,1
2020-03-17,1,0,1
2020-03-17,12,5,7
2020-03-17,25,8,17
2020-03-17,64,12,52
2020-03-17,92,12,80
2020-03-17,57,15,42
2020-03-17,45,12,33
2020-03-17,27,10,17
2020-03-17,60,31,29
2020-03-17,52,28,24
2020-03-17,60,24,36
2020-03-17,85,59,26
2020-03-17,124,77,47
2020-03-17,174,126,48
2020-03-17,164,101,63
2020-03-17,54,31,23
2020-03-17,23,12,11
2020-03-17,9,4,5
2020-03-17,9,8,1
2020-03-17,1,1,0
2020-03-18,1,0,1
2020-03-18,1,1,0
2020-03-18,0,0,0
2020-03-18,1,0,1
2020-03-18,2,2,0
2020-03-18,12,5,7
2020-03-18,25,6,19
2020-03-18,55,14,41
2020-03-18,84,15,69
2020-03-18,57,13,44
2020-03-18,30,12,18
2020-03-18,42,15,27
2020-03-18,67,32,35
2020-03-18,65,37,28
2020-03-18,92,49,43
2020-03-18,112,63,49
2020-03-18,156,105,51
2020-03-18,230,148,82
2020-03-18,184,95,89
2020-03-18,83,24,59
2020-03-18,0,0,0
2020-03-18,0,0,0
2020-03-18,0,0,0
2020-03-18,0,0,0
2020-03-19,0,0,0
2020-03-19,0,0,0
2020-03-19,0,0,0
2020-03-19,0,0,0
2020-03-19,0,0,0
2020-03-19,0,0,0
2020-03-19,0,0,0
2020-03-19,0,0,0
2020-03-19,0,0,0
2020-03-19,0,0,0
2020-03-19,0,0,0
2020-03-19,0,0,0
2020-03-19,0,0,0
2020-03-19,0,0,0
2020-03-19,0,0,0
2020-03-19,0,0,0
2020-03-19,1,1,0
2020-03-19,0,0,0
2020-03-19,0,0,0
2020-03-19,0,0,0
2020-03-19,0,0,0
2020-03-19,3,1,2
2020-03-19,0,0,0
2020-03-19,0,0,0
2020-03-20,0,0,0
2020-03-20,0,0,0
2020-03-20,0,0,0
2020-03-20,0,0,0
2020-03-20,0,0,0
2020-03-20,0,0,0
2020-03-20,0,0,0
2020-03-20,0,0,0
2020-03-20,0,0,0
2020-03-20,0,0,0
2020-03-20,0,0,0
2020-03-20,0,0,0
2020-03-20,0,0,0
2020-03-20,0,0,0
2020-03-20,0,0,0
2020-03-20,0,0,0
2020-03-20,0,0,0
2020-03-20,0,0,0
2020-03-20,0,0,0
2020-03-20,0,0,0
2020-03-20,0,0,0
2020-03-20,1,1,0
2020-03-20,0,0,0
2020-03-20,2,0,2
2020-03-21,0,0,0
2020-03-21,0,0,0
2020-03-21,0,0,0
2020-03-21,0,0,0
2020-03-21,0,0,0
2020-03-21,0,0,0
2020-03-21,0,0,0
2020-03-21,0,0,0
2020-03-21,0,0,0
2020-03-21,0,0,0
2020-03-21,0,0,0
2020-03-21,0,0,0
2020-03-21,0,0,0
2020-03-21,0,0,0
2020-03-21,0,0,0
2020-03-21,0,0,0
2020-03-21,0,0,0
2020-03-21,0,0,0
2020-03-21,0,0,0
2020-03-21,0,0,0
2020-03-21,0,0,0
2020-03-21,0,0,0
2020-03-21,0,0,0
2020-03-21,0,0,0
2020-03-22,0,0,0
2020-03-22,0,0,0
2020-03-22,0,0,0
2020-03-22,0,0,0
2020-03-22,0,0,0
2020-03-22,0,0,0
2020-03-22,0,0,0
2020-03-22,0,0,0
2020-03-22,0,0,0
2020-03-22,0,0,0
2020-03-22,0,0,0
2020-03-22,0,0,0
2020-03-22,0,0,0
2020-03-22,0,0,0
2020-03-22,0,0,0
2020-03-22,0,0,0
2020-03-22,0,0,0
2020-03-22,0,0,0
2020-03-22,0,0,0
2020-03-22,0,0,0
2020-03-22,0,0,0
2020-03-22,0,0,0
2020-03-22,0,0,0
2020-03-22,0,0,0
2020-03-23,0,0,0
2020-03-23,0,0,0
2020-03-23,0,0,0
2020-03-23,0,0,0
2020-03-23,0,0,0
2020-03-23,0,0,0
2020-03-23,0,0,0
2020-03-23,0,0,0
2020-03-23,0,0,0
2020-03-23,0,0,0
2020-03-23,0,0,0
2020-03-23,0,0,0
2020-03-23,0,0,0
2020-03-23,0,0,0
2020-03-23,0,0,0
2020-03-23,0,0,0
2020-03-23,0,0,0
2020-03-23,0,0,0
2020-03-23,0,0,0
2020-03-23,0,0,0
2020-03-23,0,0,0
2020-03-23,0,0,0
2020-03-23,0,0,0
2020-03-23,0,0,0
2020-03-24,0,0,0
2020-03-24,0,0,0
2020-03-24,0,0,0
2020-03-24,0,0,0
2020-03-24,0,0,0
2020-03-24,0,0,0
2020-03-24,0,0,0
2020-03-24,0,0,0
2020-03-24,0,0,0
2020-03-24,0,0,0
2020-03-24,0,0,0
2020-03-24,0,0,0
2020-03-24,0,0,0
2020-03-24,0,0,0
2020-03-24,0,0,0
2020-03-24,0,0,0
2020-03-24,0,0,0
2020-03-24,0,0,0
2020-03-24,0,0,0
2020-03-24,0,0,0
2020-03-24,0,0,0
2020-03-24,0,0,0
2020-03-24,0,0,0
2020-03-24,0,0,0
2020-03-25,0,0,0
2020-03-25,0,0,0
2020-03-25,0,0,0
2020-03-25,0,0,0
2020-03-25,0,0,0
2020-03-25,0,0,0
2020-03-25,0,0,0
2020-03-25,0,0,0
2020-03-25,0,0,0
2020-03-25,0,0,0
2020-03-25,0,0,0
2020-03-25,0,0,0
2020-03-25,0,0,0
2020-03-25,0,0,0
2020-03-25,0,0,0
2020-03-25,0,0,0
2020-03-25,0,0,0
2020-03-25,0,0,0
2020-03-25,0,0,0
2020-03-25,0,0,0
2020-03-25,0,0,0
2020-03-25,0,0,0
2020-03-25,0,0,0
2020-03-25,0,0,0
2020-03-26,0,0,0
2020-03-26,0,0,0
2020-03-26,0,0,0
2020-03-26,0,0,0
2020-03-26,0,0,0
2020-03-26,0,0,0
2020-03-26,0,0,0
2020-03-26,0,0,0
2020-03-26,0,0,0
2020-03-26,0,0,0
2020-03-26,0,0,0
2020-03-26,0,0,0
2020-03-26,0,0,0
2020-03-26,0,0,0
2020-03-26,0,0,0
2020-03-26,0,0,0
2020-03-26,0,0,0
2020-03-26,0,0,0
2020-03-26,0,0,0
2020-03-26,0,0,0
2020-03-26,0,0,0
2020-03-26,0,0,0
2020-03-26,0,0,0
2020-03-26,0,0,0
2020-03-27,0,0,0
2020-03-27,0,0,0
2020-03-27,0,0,0
2020-03-27,0,0,0
2020-03-27,0,0,0
2020-03-27,0,0,0
2020-03-27,0,0,0
2020-03-27,0,0,0
2020-03-27,0,0,0
2020-03-27,0,0,0
2020-03-27,0,0,0
2020-03-27,0,0,0
2020-03-27,0,0,0
2020-03-27,0,0,0
2020-03-27,0,0,0
2020-03-27,0,0,0
2020-03-27,0,0,0
2020-03-27,0,0,0
2020-03-27,0,0,0
2020-03-27,0,0,0
2020-03-27,0,0,0
2020-03-27,0,0,0
2020-03-27,0,0,0
2020-03-27,0,0,0
2020-03-28,0,0,0
2020-03-28,0,0,0
2020-03-28,0,0,0
2020-03-28,0,0,0
2020-03-28,0,0,0
2020-03-28,0,0,0
2020-03-28,0,0,0
2020-03-28,0,0,0
2020-03-28,0,0,0
2020-03-28,0,0,0
2020-03-28,0,0,0
2020-03-28,0,0,0
2020-03-28,0,0,0
2020-03-28,0,0,0
2020-03-28,0,0,0
2020-03-28,0,0,0
2020-03-28,0,0,0
2020-03-28,0,0,0
2020-03-28,0,0,0
2020-03-28,0,0,0
2020-03-28,0,0,0
2020-03-28,0,0,0
2020-03-28,0,0,0
2020-03-28,0,0,0
2020-03-29,0,0,0
2020-03-29,0,0,0
2020-03-29,0,0,0
2020-03-29,0,0,0
2020-03-29,0,0,0
2020-03-29,0,0,0
2020-03-29,0,0,0
2020-03-29,0,0,0
2020-03-29,0,0,0
2020-03-29,0,0,0
2020-03-29,0,0,0
2020-03-29,0,0,0
2020-03-29,1,0,1
2020-03-29,1,0,1
2020-03-29,1,1,0
2020-03-29,0,0,0
2020-03-29,14,8,6
2020-03-29,90,37,53
2020-03-29,63,24,39
2020-03-29,28,16,12
2020-03-29,15,6,9
2020-03-29,9,3,6
2020-03-29,11,3,8
2020-03-29,0,0,0
2020-03-30,1,1,0
2020-03-30,0,0,0
2020-03-30,0,0,0
2020-03-30,0,0,0
2020-03-30,1,1,0
2020-03-30,7,5,2
2020-03-30,6,2,4
2020-03-30,23,7,16
2020-03-30,30,6,24
2020-03-30,28,11,17
2020-03-30,32,11,21
2020-03-30,25,8,17
2020-03-30,23,12,11
2020-03-30,15,4,11
2020-03-30,10,5,5
2020-03-30,22,16,6
2020-03-30,31,19,12
2020-03-30,54,41,13
2020-03-30,38,22,16
2020-03-30,35,19,16
2020-03-30,13,9,4
2020-03-30,3,1,2
2020-03-30,3,2,1
2020-03-30,1,1,0
2020-03-31,0,0,0
2020-03-31,0,0,0
2020-03-31,0,0,0
2020-03-31,0,0,0
2020-03-31,1,0,1
2020-03-31,5,2,3
2020-03-31,14,6,8
2020-03-31,41,8,33
2020-03-31,32,10,22
2020-03-31,33,13,20
2020-03-31,23,10,13
2020-03-31,44,23,21
2020-03-31,48,22,26
2020-03-31,67,31,36
2020-03-31,56,29,27
2020-03-31,41,22,19
2020-03-31,44,36,8
2020-03-31,70,45,25
2020-03-31,26,22,4
2020-03-31,18,10,8
2020-03-31,9,4,5
2020-03-31,7,5,2
2020-03-31,2,1,1
2020-03-31,3,3,0
2020-04-01,1,1,0
2020-04-01,1,0,1
2020-04-01,0,0,0
2020-04-01,0,0,0
2020-04-01,0,0,0
2020-04-01,6,4,2
2020-04-01,18,6,12
2020-04-01,29,12,17
2020-04-01,23,6,17
2020-04-01,18,7,11
2020-04-01,30,13,17
2020-04-01,21,11,10
2020-04-01,32,18,14
2020-04-01,59,24,35
2020-04-01,66,36,30
2020-04-01,80,48,32
2020-04-01,129,73,56
2020-04-01,181,115,66
2020-04-01,127,66,61
2020-04-01,64,22,42
2020-04-01,19,8,11
2020-04-01,7,0,7
2020-04-01,8,3,5
2020-04-01,2,2,0
2020-04-02,0,0,0
2020-04-02,0,0,0
2020-04-02,3,2,1
2020-04-02,2,0,2
2020-04-02,1,1,0
2020-04-02,8,6,2
2020-04-02,20,7,13
2020-04-02,36,12,24
2020-04-02,25,3,22
2020-04-02,26,10,16
2020-04-02,17,7,10
2020-04-02,19,6,13
2020-04-02,34,14,20
2020-04-02,62,30,32
2020-04-02,55,30,25
2020-04-02,55,26,29
2020-04-02,106,58,48
2020-04-02,121,77,44
2020-04-02,107,57,50
2020-04-02,45,21,24
2020-04-02,22,9,13
2020-04-02,8,3,5
2020-04-02,5,2,3
2020-04-02,3,2,1
2020-04-03,3,2,1
2020-04-03,0,0,0
2020-04-03,0,0,0
2020-04-03,0,0,0
2020-04-03,0,0,0
2020-04-03,0,0,0
2020-04-03,0,0,0
2020-04-03,0,0,0
2020-04-03,0,0,0
2020-04-03,0,0,0
2020-04-03,0,0,0
2020-04-03,0,0,0
2020-04-03,0,0,0
2020-04-03,0,0,0
2020-04-03,0,0,0
2020-04-03,0,0,0
2020-04-03,0,0,0
2020-04-03,0,0,0
2020-04-03,0,0,0
2020-04-03,0,0,0
2020-04-03,0,0,0
2020-04-03,0,0,0
2020-04-03,0,0,0
2020-04-03,0,0,0
2020-04-04,0,0,0
2020-04-04,0,0,0
2020-04-04,0,0,0
2020-04-04,0,0,0
2020-04-04,0,0,0
2020-04-04,0,0,0
2020-04-04,0,0,0
2020-04-04,0,0,0
2020-04-04,0,0,0
2020-04-04,0,0,0
2020-04-04,0,0,0
2020-04-04,0,0,0
2020-04-04,0,0,0
2020-04-04,0,0,0
2020-04-04,0,0,0
2020-04-04,0,0,0
2020-04-04,0,0,0
2020-04-04,0,0,0
2020-04-04,0,0,0
2020-04-04,0,0,0
2020-04-04,0,0,0
2020-04-04,0,0,0
2020-04-04,0,0,0
2020-04-04,0,0,0
2020-04-05,0,0,0
2020-04-05,0,0,0
2020-04-05,0,0,0
2020-04-05,0,0,0
2020-04-05,0,0,0
2020-04-05,0,0,0
2020-04-05,0,0,0
2020-04-05,0,0,0
2020-04-05,0,0,0
2020-04-05,0,0,0
2020-04-05,0,0,0
2020-04-05,0,0,0
2020-04-05,0,0,0
2020-04-05,0,0,0
2020-04-05,0,0,0
2020-04-05,0,0,0
2020-04-05,0,0,0
2020-04-05,0,0,0
2020-04-05,0,0,0
2020-04-05,0,0,0
2020-04-05,0,0,0
2020-04-05,0,0,0
2020-04-05,0,0,0
2020-04-05,0,0,0
2020-04-06,0,0,0
2020-04-06,0,0,0
2020-04-06,0,0,0
2020-04-06,0,0,0
2020-04-06,0,0,0
2020-04-06,0,0,0
2020-04-06,0,0,0
2020-04-06,0,0,0
2020-04-06,0,0,0
2020-04-06,0,0,0
2020-04-06,0,0,0
2020-04-06,0,0,0
2020-04-06,0,0,0
2020-04-06,0,0,0
2020-04-06,0,0,0
2020-04-06,0,0,0
2020-04-06,0,0,0
2020-04-06,0,0,0
2020-04-06,0,0,0
2020-04-06,0,0,0
2020-04-06,0,0,0
2020-04-06,0,0,0
2020-04-06,0,0,0
2020-04-06,0,0,0
2020-04-07,0,0,0
2020-04-07,0,0,0
2020-04-07,0,0,0
2020-04-07,0,0,0
2020-04-07,0,0,0
2020-04-07,0,0,0
2020-04-07,0,0,0
2020-04-07,0,0,0
2020-04-07,0,0,0
2020-04-07,0,0,0
2020-04-07,0,0,0
2020-04-07,0,0,0
2020-04-07,0,0,0
2020-04-07,0,0,0
2020-04-07,0,0,0
2020-04-07,0,0,0
2020-04-07,0,0,0
2020-04-07,0,0,0
2020-04-07,0,0,0
2020-04-07,0,0,0
2020-04-07,0,0,0
2020-04-07,0,0,0
2020-04-07,0,0,0
2020-04-07,0,0,0
2020-04-08,0,0,0
2020-04-08,0,0,0
2020-04-08,0,0,0
2020-04-08,0,0,0
2020-04-08,0,0,0
2020-04-08,0,0,0
2020-04-08,0,0,0
2020-04-08,0,0,0
2020-04-08,0,0,0
2020-04-08,0,0,0
2020-04-08,0,0,0
2020-04-08,0,0,0
2020-04-08,0,0,0
2020-04-08,0,0,0
2020-04-08,0,0,0
2020-04-08,0,0,0
2020-04-08,0,0,0
2020-04-08,0,0,0
2020-04-08,0,0,0
2020-04-08,0,0,0
2020-04-08,0,0,0
2020-04-08,0,0,0
2020-04-08,0,0,0
2020-04-08,0,0,0
2020-04-09,0,0,0
2020-04-09,0,0,0
2020-04-09,0,0,0
2020-04-09,0,0,0
2020-04-09,0,0,0
2020-04-09,0,0,0
2020-04-09,0,0,0
2020-04-09,0,0,0
2020-04-09,0,0,0
2020-04-09,0,0,0
2020-04-09,0,0,0
2020-04-09,0,0,0
2020-04-09,0,0,0
2020-04-09,0,0,0
2020-04-09,0,0,0
2020-04-09,0,0,0
2020-04-09,0,0,0
2020-04-09,0,0,0
2020-04-09,0,0,0
2020-04-09,0,0,0
2020-04-09,0,0,0
2020-04-09,0,0,0
2020-04-09,0,0,0
2020-04-09,0,0,0
2020-04-10,0,0,0
2020-04-10,0,0,0
2020-04-10,0,0,0
2020-04-10,0,0,0
2020-04-10,0,0,0
2020-04-10,0,0,0
2020-04-10,0,0,0
2020-04-10,0,0,0
2020-04-10,0,0,0
2020-04-10,0,0,0
2020-04-10,0,0,0
2020-04-10,0,0,0
2020-04-10,0,0,0
2020-04-10,0,0,0
2020-04-10,0,0,0
2020-04-10,0,0,0
2020-04-10,0,0,0
2020-04-10,0,0,0
2020-04-10,0,0,0
2020-04-10,0,0,0
2020-04-10,0,0,0
2020-04-10,0,0,0
2020-04-10,0,0,0
2020-04-10,0,0,0
2020-04-11,0,0,0
2020-04-11,0,0,0
2020-04-11,0,0,0
2020-04-11,0,0,0
2020-04-11,0,0,0
2020-04-11,0,0,0
2020-04-11,0,0,0
2020-04-11,0,0,0
2020-04-11,0,0,0
2020-04-11,0,0,0
2020-04-11,0,0,0
2020-04-11,0,0,0
2020-04-11,0,0,0
2020-04-11,0,0,0
2020-04-11,0,0,0
2020-04-11,0,0,0
2020-04-11,0,0,0
2020-04-11,0,0,0
2020-04-11,0,0,0
2020-04-11,0,0,0
2020-04-11,0,0,0
2020-04-11,0,0,0
2020-04-11,0,0,0
2020-04-11,0,0,0
2020-04-12,0,0,0
2020-04-12,0,0,0
2020-04-12,0,0,0
2020-04-12,0,0,0
2020-04-12,0,0,0
2020-04-12,0,0,0
2020-04-12,0,0,0
2020-04-12,0,0,0
2020-04-12,0,0,0
2020-04-12,0,0,0
2020-04-12,0,0,0
2020-04-12,0,0,0
2020-04-12,0,0,0
2020-04-12,0,0,0
2020-04-12,0,0,0
2020-04-12,0,0,0
2020-04-12,0,0,0
2020-04-12,0,0,0
2020-04-12,0,0,0
2020-04-12,0,0,0
2020-04-12,0,0,0
2020-04-12,0,0,0
2020-04-12,0,0,0
2020-04-12,0,0,0
2020-04-13,0,0,0
2020-04-13,0,0,0
2020-04-13,0,0,0
2020-04-13,0,0,0
2020-04-13,0,0,0
2020-04-13,0,0,0
2020-04-13,0,0,0
2020-04-13,0,0,0
2020-04-13,0,0,0
2020-04-13,0,0,0
2020-04-13,0,0,0
2020-04-13,0,0,0
2020-04-13,0,0,0
2020-04-13,0,0,0
2020-04-13,0,0,0
2020-04-13,0,0,0
2020-04-13,0,0,0
2020-04-13,0,0,0
2020-04-13,0,0,0
2020-04-13,0,0,0
2020-04-13,0,0,0
2020-04-13,0,0,0
2020-04-13,0,0,0
2020-04-13,0,0,0
2020-04-14,0,0,0
2020-04-14,0,0,0
2020-04-14,0,0,0
2020-04-14,0,0,0
2020-04-14,0,0,0
2020-04-14,0,0,0
2020-04-14,0,0,0
2020-04-14,0,0,0
2020-04-14,0,0,0
2020-04-14,0,0,0
2020-04-14,0,0,0
2020-04-14,0,0,0
2020-04-14,0,0,0
2020-04-14,0,0,0
2020-04-14,0,0,0
2020-04-14,0,0,0
2020-04-14,0,0,0
2020-04-14,0,0,0
2020-04-14,0,0,0
2020-04-14,0,0,0
2020-04-14,0,0,0
2020-04-14,0,0,0
2020-04-14,0,0,0
2020-04-14,0,0,0
2020-04-15,0,0,0
2020-04-15,0,0,0
2020-04-15,0,0,0
2020-04-15,0,0,0
2020-04-15,0,0,0
2020-04-15,0,0,0
2020-04-15,0,0,0
2020-04-15,0,0,0
2020-04-15,0,0,0
2020-04-15,0,0,0
2020-04-15,0,0,0
2020-04-15,0,0,0
2020-04-15,0,0,0
2020-04-15,0,0,0
2020-04-15,0,0,0
2020-04-15,0,0,0
2020-04-15,0,0,0
2020-04-15,0,0,0
2020-04-15,0,0,0
2020-04-15,0,0,0
2020-04-15,0,0,0
2020-04-15,0,0,0
2020-04-15,0,0,0
2020-04-15,0,0,0
2020-04-16,0,0,0
2020-04-16,0,0,0
2020-04-16,0,0,0
2020-04-16,0,0,0
2020-04-16,0,0,0
2020-04-16,0,0,0
2020-04-16,0,0,0
2020-04-16,0,0,0
2020-04-16,0,0,0
2020-04-16,0,0,0
2020-04-16,0,0,0
2020-04-16,0,0,0
2020-04-16,0,0,0
2020-04-16,0,0,0
2020-04-16,0,0,0
2020-04-16,0,0,0
2020-04-16,0,0,0
2020-04-16,0,0,0
2020-04-16,0,0,0
2020-04-16,0,0,0
2020-04-16,0,0,0
2020-04-16,0,0,0
2020-04-16,0,0,0
2020-04-16,0,0,0
2020-04-17,0,0,0
2020-04-17,0,0,0
2020-04-17,0,0,0
2020-04-17,0,0,0
2020-04-17,0,0,0
2020-04-17,0,0,0
2020-04-17,0,0,0
2020-04-17,0,0,0
2020-04-17,0,0,0
2020-04-17,0,0,0
2020-04-17,0,0,0
2020-04-17,0,0,0
2020-04-17,0,0,0
2020-04-17,0,0,0
2020-04-17,0,0,0
2020-04-17,0,0,0
2020-04-17,0,0,0
2020-04-17,0,0,0
2020-04-17,0,0,0
2020-04-17,0,0,0
2020-04-17,0,0,0
2020-04-17,0,0,0
2020-04-17,0,0,0
2020-04-17,0,0,0
2020-04-18,0,0,0
2020-04-18,0,0,0
2020-04-18,0,0,0
2020-04-18,0,0,0
2020-04-18,0,0,0
2020-04-18,0,0,0
2020-04-18,0,0,0
2020-04-18,0,0,0
2020-04-18,0,0,0
2020-04-18,0,0,0
2020-04-18,0,0,0
2020-04-18,0,0,0
2020-04-18,0,0,0
2020-04-18,0,0,0
2020-04-18,0,0,0
2020-04-18,0,0,0
2020-04-18,0,0,0
2020-04-18,0,0,0
2020-04-18,0,0,0
2020-04-18,0,0,0
2020-04-18,0,0,0
2020-04-18,0,0,0
2020-04-18,0,0,0
2020-04-18,0,0,0
2020-04-19,0,0,0
2020-04-19,0,0,0
2020-04-19,0,0,0
2020-04-19,0,0,0
2020-04-19,0,0,0
2020-04-19,0,0,0
2020-04-19,0,0,0
2020-04-19,0,0,0
2020-04-19,0,0,0
2020-04-19,0,0,0
2020-04-19,0,0,0
2020-04-19,0,0,0
2020-04-19,0,0,0
2020-04-19,0,0,0
2020-04-19,0,0,0
2020-04-19,0,0,0
2020-04-19,0,0,0
2020-04-19,0,0,0
2020-04-19,0,0,0
2020-04-19,0,0,0
2020-04-19,0,0,0
2020-04-19,0,0,0
2020-04-19,0,0,0
2020-04-19,0,0,0
2020-04-20,0,0,0
2020-04-20,0,0,0
2020-04-20,0,0,0
2020-04-20,0,0,0
2020-04-20,0,0,0
2020-04-20,0,0,0
2020-04-20,0,0,0
2020-04-20,0,0,0
2020-04-20,0,0,0
2020-04-20,0,0,0
2020-04-20,0,0,0
2020-04-20,0,0,0
2020-04-20,0,0,0
2020-04-20,0,0,0
2020-04-20,0,0,0
2020-04-20,0,0,0
2020-04-20,0,0,0
2020-04-20,0,0,0
2020-04-20,0,0,0
2020-04-20,0,0,0
2020-04-20,0,0,0
2020-04-20,0,0,0
2020-04-20,0,0,0
2020-04-20,0,0,0
2020-04-21,0,0,0
2020-04-21,0,0,0
2020-04-21,0,0,0
2020-04-21,0,0,0
2020-04-21,0,0,0
2020-04-21,0,0,0
2020-04-21,0,0,0
2020-04-21,0,0,0
2020-04-21,0,0,0
2020-04-21,0,0,0
2020-04-21,0,0,0
2020-04-21,0,0,0
2020-04-21,0,0,0
2020-04-21,0,0,0
2020-04-21,0,0,0
2020-04-21,0,0,0
2020-04-21,0,0,0
2020-04-21,0,0,0
2020-04-21,0,0,0
2020-04-21,0,0,0
2020-04-21,0,0,0
2020-04-21,0,0,0
2020-04-21,0,0,0
2020-04-21,0,0,0
2020-04-22,0,0,0
2020-04-22,0,0,0
2020-04-22,0,0,0
2020-04-22,0,0,0
2020-04-22,0,0,0
2020-04-22,0,0,0
2020-04-22,0,0,0
2020-04-22,0,0,0
2020-04-22,0,0,0
2020-04-22,0,0,0
2020-04-22,0,0,0
2020-04-22,0,0,0
2020-04-22,0,0,0
2020-04-22,0,0,0
2020-04-22,0,0,0
2020-04-22,0,0,0
2020-04-22,0,0,0
2020-04-22,0,0,0
2020-04-22,0,0,0
2020-04-22,0,0,0
2020-04-22,0,0,0
2020-04-22,0,0,0
2020-04-22,0,0,0
2020-04-22,0,0,0
2020-04-23,0,0,0
2020-04-23,0,0,0
2020-04-23,0,0,0
2020-04-23,0,0,0
2020-04-23,0,0,0
2020-04-23,0,0,0
2020-04-23,0,0,0
2020-04-23,0,0,0
2020-04-23,0,0,0
2020-04-23,0,0,0
2020-04-23,0,0,0
2020-04-23,0,0,0
2020-04-23,0,0,0
2020-04-23,0,0,0
2020-04-23,0,0,0
2020-04-23,0,0,0
2020-04-23,0,0,0
2020-04-23,0,0,0
2020-04-23,0,0,0
2020-04-23,0,0,0
2020-04-23,0,0,0
2020-04-23,0,0,0
2020-04-23,0,0,0
2020-04-23,0,0,0
2020-04-24,0,0,0
2020-04-24,0,0,0
2020-04-24,0,0,0
2020-04-24,0,0,0
2020-04-24,0,0,0
2020-04-24,0,0,0
2020-04-24,0,0,0
2020-04-24,0,0,0
2020-04-24,0,0,0
2020-04-24,0,0,0
2020-04-24,0,0,0
2020-04-24,0,0,0
2020-04-24,0,0,0
2020-04-24,0,0,0
2020-04-24,0,0,0
2020-04-24,0,0,0
2020-04-24,0,0,0
2020-04-24,0,0,0
2020-04-24,0,0,0
2020-04-24,0,0,0
2020-04-24,0,0,0
2020-04-24,0,0,0
2020-04-24,0,0,0
2020-04-24,0,0,0
2020-04-25,0,0,0
2020-04-25,0,0,0
2020-04-25,0,0,0
2020-04-25,0,0,0
2020-04-25,0,0,0
2020-04-25,0,0,0
2020-04-25,0,0,0
2020-04-25,0,0,0
2020-04-25,0,0,0
2020-04-25,0,0,0
2020-04-25,0,0,0
2020-04-25,0,0,0
2020-04-25,0,0,0
2020-04-25,0,0,0
2020-04-25,0,0,0
2020-04-25,0,0,0
2020-04-25,0,0,0
2020-04-25,0,0,0
2020-04-25,0,0,0
2020-04-25,0,0,0
2020-04-25,0,0,0
2020-04-25,0,0,0
2020-04-25,1,0,1
2020-04-25,0,0,0
2020-04-26,0,0,0
2020-04-26,0,0,0
2020-04-26,0,0,0
2020-04-26,0,0,0
2020-04-26,0,0,0
2020-04-26,0,0,0
2020-04-26,0,0,0
2020-04-26,0,0,0
2020-04-26,0,0,0
2020-04-26,0,0,0
2020-04-26,0,0,0
2020-04-26,0,0,0
2020-04-26,0,0,0
2020-04-26,0,0,0
2020-04-26,0,0,0
2020-04-26,0,0,0
2020-04-26,0,0,0
2020-04-26,0,0,0
2020-04-26,0,0,0
2020-04-26,0,0,0
2020-04-26,0,0,0
2020-04-26,0,0,0
2020-04-26,0,0,0
2020-04-26,0,0,0
2020-04-27,0,0,0
2020-04-27,0,0,0
2020-04-27,0,0,0
2020-04-27,0,0,0
2020-04-27,0,0,0
2020-04-27,0,0,0
2020-04-27,0,0,0
2020-04-27,0,0,0
2020-04-27,0,0,0
2020-04-27,0,0,0
2020-04-27,0,0,0
2020-04-27,0,0,0
2020-04-27,0,0,0
2020-04-27,0,0,0
2020-04-27,0,0,0
2020-04-27,0,0,0
2020-04-27,0,0,0
2020-04-27,0,0,0
2020-04-27,0,0,0
2020-04-27,0,0,0
2020-04-27,0,0,0
2020-04-27,0,0,0
2020-04-27,0,0,0
2020-04-27,0,0,0
2020-04-28,0,0,0
2020-04-28,0,0,0
2020-04-28,0,0,0
2020-04-28,0,0,0
2020-04-28,0,0,0
2020-04-28,0,0,0
2020-04-28,0,0,0
2020-04-28,0,0,0
2020-04-28,0,0,0
2020-04-28,0,0,0
2020-04-28,0,0,0
2020-04-28,0,0,0
2020-04-28,0,0,0
2020-04-28,0,0,0
2020-04-28,0,0,0
2020-04-28,0,0,0
2020-04-28,0,0,0
2020-04-28,0,0,0
2020-04-28,0,0,0
2020-04-28,0,0,0
2020-04-28,0,0,0
2020-04-28,0,0,0
2020-04-28,0,0,0
2020-04-28,0,0,0
2020-04-29,0,0,0
2020-04-29,0,0,0
2020-04-29,0,0,0
2020-04-29,0,0,0
2020-04-29,0,0,0
2020-04-29,0,0,0
2020-04-29,0,0,0
2020-04-29,0,0,0
2020-04-29,0,0,0
2020-04-29,0,0,0
2020-04-29,0,0,0
2020-04-29,0,0,0
2020-04-29,0,0,0
2020-04-29,0,0,0
2020-04-29,0,0,0
2020-04-29,0,0,0
2020-04-29,0,0,0
2020-04-29,0,0,0
2020-04-29,0,0,0
2020-04-29,0,0,0
2020-04-29,0,0,0
2020-04-29,0,0,0
2020-04-29,0,0,0
2020-04-29,0,0,0
2020-04-30,0,0,0
2020-04-30,0,0,0
2020-04-30,0,0,0
2020-04-30,0,0,0
2020-04-30,0,0,0
2020-04-30,0,0,0
2020-04-30,0,0,0
2020-04-30,0,0,0
2020-04-30,0,0,0
2020-04-30,0,0,0
2020-04-30,0,0,0
2020-04-30,0,0,0
2020-04-30,0,0,0
2020-04-30,0,0,0
2020-04-30,0,0,0
2020-04-30,0,0,0
2020-04-30,0,0,0
2020-04-30,0,0,0
2020-04-30,0,0,0
2020-04-30,0,0,0
2020-04-30,0,0,0
2020-04-30,0,0,0
2020-04-30,0,0,0
2020-04-30,0,0,0
2020-05-01,0,0,0
2020-05-01,0,0,0
2020-05-01,0,0,0
2020-05-01,0,0,0
2020-05-01,0,0,0
2020-05-01,0,0,0
2020-05-01,0,0,0
2020-05-01,0,0,0
2020-05-01,0,0,0
2020-05-01,0,0,0
2020-05-01,0,0,0
2020-05-01,0,0,0
2020-05-01,0,0,0
2020-05-01,0,0,0
2020-05-01,0,0,0
2020-05-01,0,0,0
2020-05-01,0,0,0
2020-05-01,0,0,0
2020-05-01,0,0,0
2020-05-01,0,0,0
2020-05-01,0,0,0
2020-05-01,0,0,0
2020-05-01,0,0,0
2020-05-01,0,0,0
2020-05-02,0,0,0
2020-05-02,0,0,0
2020-05-02,0,0,0
2020-05-02,0,0,0
2020-05-02,0,0,0
2020-05-02,0,0,0
2020-05-02,0,0,0
2020-05-02,0,0,0
2020-05-02,0,0,0
2020-05-02,0,0,0
2020-05-02,0,0,0
2020-05-02,0,0,0
2020-05-02,0,0,0
2020-05-02,0,0,0
2020-05-02,0,0,0
2020-05-02,0,0,0
2020-05-02,0,0,0
2020-05-02,0,0,0
2020-05-02,0,0,0
2020-05-02,0,0,0
2020-05-02,0,0,0
2020-05-02,0,0,0
2020-05-02,0,0,0
2020-05-02,0,0,0
2020-05-03,0,0,0
2020-05-03,0,0,0
2020-05-03,0,0,0
2020-05-03,0,0,0
2020-05-03,0,0,0
2020-05-03,0,0,0
2020-05-03,0,0,0
2020-05-03,0,0,0
2020-05-03,0,0,0
2020-05-03,0,0,0
2020-05-03,0,0,0
2020-05-03,0,0,0
2020-05-03,0,0,0
2020-05-03,0,0,0
2020-05-03,0,0,0
2020-05-03,0,0,0
2020-05-03,0,0,0
2020-05-03,0,0,0
2020-05-03,0,0,0
2020-05-03,0,0,0
2020-05-03,0,0,0
2020-05-03,0,0,0
2020-05-03,0,0,0
2020-05-03,0,0,0
2020-05-04,0,0,0
2020-05-04,0,0,0
2020-05-04,0,0,0
2020-05-04,0,0,0
2020-05-04,0,0,0
2020-05-04,0,0,0
2020-05-04,0,0,0
2020-05-04,0,0,0
2020-05-04,0,0,0
2020-05-04,0,0,0
2020-05-04,0,0,0
2020-05-04,0,0,0
2020-05-04,0,0,0
2020-05-04,15,9,6
2020-05-04,83,47,36
2020-05-04,114,69,45
2020-05-04,119,75,44
2020-05-04,170,104,66
2020-05-04,152,88,64
2020-05-04,88,41,47
2020-05-04,35,19,16
2020-05-04,12,5,7
2020-05-04,5,1,4
2020-05-04,4,3,1
2020-05-05,5,5,0
2020-05-05,1,0,1
2020-05-05,0,0,0
2020-05-05,0,0,0
2020-05-05,1,1,0
2020-05-05,17,6,11
2020-05-05,22,10,12
2020-05-05,52,15,37
2020-05-05,68,20,48
2020-05-05,44,21,23
2020-05-05,34,9,25
2020-05-05,61,27,34
2020-05-05,69,34,35
2020-05-05,82,50,32
2020-05-05,106,63,43
2020-05-05,132,84,48
2020-05-05,180,112,68
2020-05-05,201,119,82
2020-05-05,210,120,90
2020-05-05,115,56,59
2020-05-05,60,31,29
2020-05-05,24,8,16
2020-05-05,9,7,2
2020-05-05,4,3,1
2020-05-06,4,1,3
2020-05-06,0,0,0
2020-05-06,0,0,0
2020-05-06,2,2,0
2020-05-06,2,1,1
2020-05-06,13,5,8
2020-05-06,14,5,9
2020-05-06,35,8,27
2020-05-06,36,10,26
2020-05-06,33,11,22
2020-05-06,25,6,19
2020-05-06,33,17,16
2020-05-06,37,22,15
2020-05-06,31,19,12
2020-05-06,38,26,12
2020-05-06,72,39,33
2020-05-06,92,62,30
2020-05-06,144,98,46
2020-05-06,111,59,52
2020-05-06,81,36,45
2020-05-06,33,17,16
2020-05-06,27,12,15
2020-05-06,9,7,2
2020-05-06,2,2,0
2020-05-07,2,2,0
2020-05-07,1,0,1
2020-05-07,0,0,0
2020-05-07,0,0,0
2020-05-07,1,1,0
2020-05-07,16,9,7
2020-05-07,34,9,25
2020-05-07,58,21,37
2020-05-07,68,17,51
2020-05-07,62,33,29
2020-05-07,48,13,35
2020-05-07,69,34,35
2020-05-07,72,37,35
2020-05-07,72,38,34
2020-05-07,104,48,56
2020-05-07,120,85,35
2020-05-07,181,127,54
2020-05-07,226,145,81
2020-05-07,219,115,104
2020-05-07,131,64,67
2020-05-07,88,40,48
2020-05-07,15,7,8
2020-05-07,11,5,6
2020-05-07,4,3,1
2020-05-08,2,1,1
2020-05-08,1,1,0
2020-05-08,2,2,0
2020-05-08,0,0,0
2020-05-08,1,1,0
2020-05-08,10,4,6
2020-05-08,35,11,24
2020-05-08,66,26,40
2020-05-08,54,15,39
2020-05-08,65,20,45
2020-05-08,51,21,30
2020-05-08,71,28,43
2020-05-08,116,70,46
2020-05-08,100,62,38
2020-05-08,144,76,68
2020-05-08,178,104,74
2020-05-08,179,122,57
2020-05-08,219,141,78
2020-05-08,191,108,83
2020-05-08,127,63,64
2020-05-08,109,47,62
2020-05-08,29,9,20
2020-05-08,19,13,6
2020-05-08,8,4,4
2020-05-09,2,0,2
2020-05-09,2,1,1
2020-05-09,1,1,0
2020-05-09,0,0,0
2020-05-09,0,0,0
2020-05-09,4,1,3
2020-05-09,12,6,6
2020-05-09,36,18,18
2020-05-09,48,31,17
2020-05-09,85,51,34
2020-05-09,97,45,52
2020-05-09,146,81,65
2020-05-09,191,109,82
2020-05-09,178,105,73
2020-05-09,153,72,81
2020-05-09,211,95,116
2020-05-09,197,93,104
2020-05-09,156,67,89
2020-05-09,124,49,75
2020-05-09,102,57,45
2020-05-09,50,16,34
2020-05-09,41,14,27
2020-05-09,12,9,3
2020-05-09,12,3,9
2020-05-10,2,1,1
2020-05-10,2,1,1
2020-05-10,3,1,2
2020-05-10,0,0,0
2020-05-10,1,0,1
2020-05-10,4,1,3
2020-05-10,6,3,3
2020-05-10,25,16,9
2020-05-10,44,18,26
2020-05-10,107,63,44
2020-05-10,127,66,61
2020-05-10,148,76,72
2020-05-10,151,81,70
2020-05-10,180,106,74
2020-05-10,156,71,85
2020-05-10,183,98,85
2020-05-10,176,92,84
2020-05-10,158,70,88
2020-05-10,104,39,65
2020-05-10,74,35,39
2020-05-10,54,17,37
2020-05-10,28,14,14
2020-05-10,9,4,5
2020-05-10,5,4,1
2020-05-11,1,0,1
2020-05-11,0,0,0
2020-05-11,2,2,0
2020-05-11,0,0,0
2020-05-11,1,0,1
2020-05-11,16,9,7
2020-05-11,33,10,23
2020-05-11,56,21,35
2020-05-11,64,13,51
2020-05-11,57,24,33
2020-05-11,31,17,14
2020-05-11,74,32,42
2020-05-11,54,31,23
2020-05-11,79,45,34
2020-05-11,104,56,48
2020-05-11,110,65,45
2020-05-11,99,64,35
2020-05-11,103,73,30
2020-05-11,51,28,23
2020-05-11,29,22,7
2020-05-11,9,4,5
2020-05-11,2,2,0
2020-05-11,3,2,1
2020-05-11,1,1,0
2020-05-12,1,0,1
2020-05-12,0,0,0
2020-05-12,2,2,0
2020-05-12,0,0,0
2020-05-12,0,0,0
2020-05-12,9,3,6
2020-05-12,33,12,21
2020-05-12,46,19,27
2020-05-12,66,18,48
2020-05-12,40,16,24
2020-05-12,35,12,23
2020-05-12,32,14,18
2020-05-12,33,16,17
2020-05-12,29,18,11
2020-05-12,42,22,20
2020-05-12,83,50,33
2020-05-12,115,76,39
2020-05-12,107,67,40
2020-05-12,88,54,34
2020-05-12,72,38,34
2020-05-12,27,11,16
2020-05-12,6,5,1
2020-05-12,10,4,6
2020-05-12,3,2,1
2020-05-13,4,4,0
2020-05-13,1,1,0
2020-05-13,0,0,0
2020-05-13,1,1,0
2020-05-13,3,2,1
2020-05-13,18,5,13
2020-05-13,22,7,15
2020-05-13,47,12,35
2020-05-13,63,17,46
2020-05-13,51,19,32
2020-05-13,42,18,24
2020-05-13,36,20,16
2020-05-13,55,26,29
2020-05-13,45,19,26
2020-05-13,77,46,31
2020-05-13,122,71,51
2020-05-13,146,99,47
2020-05-13,177,105,72
2020-05-13,122,29,93
2020-05-13,146,55,91
2020-05-13,56,28,28
2020-05-13,22,5,17
2020-05-13,7,4,3
2020-05-13,4,2,2
2020-05-14,3,1,2
2020-05-14,1,0,1
2020-05-14,0,0,0
2020-05-14,1,1,0
2020-05-14,0,0,0
2020-05-14,10,3,7
2020-05-14,14,3,11
2020-05-14,30,7,23
2020-05-14,31,5,26
2020-05-14,12,0,12
2020-05-14,18,2,16
2020-05-14,16,3,13
2020-05-14,33,9,24
2020-05-14,32,12,20
2020-05-14,24,6,18
2020-05-14,39,3,36
2020-05-14,58,0,58
2020-05-14,131,5,126
2020-05-14,144,4,140
2020-05-14,105,7,98
2020-05-14,27,4,23
2020-05-14,21,2,19
2020-05-14,8,0,8
2020-05-14,7,4,3
2020-05-15,3,2,1
2020-05-15,0,0,0
2020-05-15,2,1,1
2020-05-15,2,0,2
2020-05-15,1,0,1
2020-05-15,10,6,4
2020-05-15,20,13,7
2020-05-15,37,23,14
2020-05-15,34,20,14
2020-05-15,32,15,17
2020-05-15,27,11,16
2020-05-15,48,19,29
2020-05-15,73,35,38
2020-05-15,100,60,40
2020-05-15,126,67,59
2020-05-15,186,116,70
2020-05-15,236,133,103
2020-05-15,226,133,93
2020-05-15,220,110,110
2020-05-15,70,37,33
2020-05-15,21,1,20
2020-05-15,25,5,20
2020-05-15,10,0,10
2020-05-15,5,2,3
2020-05-16,0,0,0
2020-05-16,0,0,0
2020-05-16,0,0,0
2020-05-16,0,0,0
2020-05-16,0,0,0
2020-05-16,0,0,0
2020-05-16,1,0,1
2020-05-16,2,0,2
2020-05-16,3,2,1
2020-05-16,2,0,2
2020-05-16,11,0,11
2020-05-16,19,1,18
2020-05-16,33,1,32
2020-05-16,17,0,17
2020-05-16,13,2,11
2020-05-16,12,0,12
2020-05-16,15,0,15
2020-05-16,12,0,12
2020-05-16,10,0,10
2020-05-16,11,0,11
2020-05-16,9,1,8
2020-05-16,1,0,1
2020-05-16,0,0,0
2020-05-16,0,0,0
2020-05-17,0,0,0
2020-05-17,0,0,0
2020-05-17,0,0,0
2020-05-17,0,0,0
2020-05-17,0,0,0
2020-05-17,1,0,1
2020-05-17,1,0,1
2020-05-17,9,1,8
2020-05-17,7,0,7
2020-05-17,29,1,28
2020-05-17,26,2,24
2020-05-17,67,5,62
2020-05-17,110,5,105
2020-05-17,128,2,126
2020-05-17,144,3,141
2020-05-17,145,1,144
2020-05-17,170,7,163
2020-05-17,192,10,182
2020-05-17,103,4,99
2020-05-17,0,0,0
2020-05-17,0,0,0
2020-05-17,0,0,0
2020-05-17,0,0,0
2020-05-17,0,0,0
2020-05-18,0,0,0
2020-05-18,0,0,0
2020-05-18,0,0,0
2020-05-18,0,0,0
2020-05-18,0,0,0
2020-05-18,0,0,0
2020-05-18,0,0,0
2020-05-18,0,0,0
2020-05-18,0,0,0
2020-05-18,0,0,0
2020-05-18,0,0,0
2020-05-18,0,0,0
2020-05-18,0,0,0
2020-05-18,0,0,0
2020-05-18,0,0,0
2020-05-18,0,0,0
2020-05-18,0,0,0
2020-05-18,0,0,0
2020-05-18,0,0,0
2020-05-18,0,0,0
2020-05-18,0,0,0
2020-05-18,0,0,0
2020-05-18,0,0,0
2020-05-18,0,0,0
2020-05-19,0,0,0
2020-05-19,0,0,0
2020-05-19,0,0,0
2020-05-19,0,0,0
2020-05-19,0,0,0
2020-05-19,0,0,0
2020-05-19,0,0,0
2020-05-19,0,0,0
2020-05-19,0,0,0
2020-05-19,0,0,0
2020-05-19,0,0,0
2020-05-19,0,0,0
2020-05-19,0,0,0
2020-05-19,1,1,0
2020-05-19,0,0,0
2020-05-19,1,0,1
2020-05-19,0,0,0
2020-05-19,1,0,1
2020-05-19,0,0,0
2020-05-19,1,0,1
2020-05-19,54,18,36
2020-05-19,3,1,2
2020-05-19,2,1,1
2020-05-19,1,1,0
2020-05-20,0,0,0
2020-05-20,0,0,0
2020-05-20,0,0,0
2020-05-20,0,0,0
2020-05-20,1,0,1
2020-05-20,3,0,3
2020-05-20,8,1,7
2020-05-20,33,3,30
2020-05-20,62,3,59
2020-05-20,34,3,31
2020-05-20,23,2,21
2020-05-20,23,0,23
2020-05-20,20,3,17
2020-05-20,27,2,25
2020-05-20,19,2,17
2020-05-20,27,0,27
2020-05-20,30,7,23
2020-05-20,20,3,17
2020-05-20,18,4,14
2020-05-20,13,1,12
2020-05-20,6,0,6
2020-05-20,6,0,6
2020-05-20,0,0,0
2020-05-20,2,0,2
2020-05-21,1,0,1
2020-05-21,0,0,0
2020-05-21,0,0,0
2020-05-21,1,1,0
2020-05-21,0,0,0
2020-05-21,8,0,8
2020-05-21,8,0,8
2020-05-21,24,1,23
2020-05-21,28,0,28
2020-05-21,21,2,19
2020-05-21,6,0,6
2020-05-21,16,1,15
2020-05-21,34,6,28
2020-05-21,32,13,19
2020-05-21,44,16,28
2020-05-21,42,28,14
2020-05-21,58,33,25
2020-05-21,55,41,14
2020-05-21,55,27,28
2020-05-21,41,19,22
2020-05-21,29,14,15
2020-05-21,13,5,8
2020-05-21,4,3,1
2020-05-21,4,2,2
2020-05-22,0,0,0
2020-05-22,3,2,1
2020-05-22,0,0,0
2020-05-22,1,1,0
2020-05-22,2,1,1
2020-05-22,12,3,9
2020-05-22,34,9,25
2020-05-22,55,16,39
2020-05-22,58,11,47
2020-05-22,45,10,35
2020-05-22,60,23,37
2020-05-22,63,30,33
2020-05-22,79,48,31
2020-05-22,86,41,45
2020-05-22,106,58,48
2020-05-22,141,74,67
2020-05-22,161,81,80
2020-05-22,121,82,39
2020-05-22,91,46,45
2020-05-22,40,16,24
2020-05-22,26,15,11
2020-05-22,8,7,1
2020-05-22,2,2,0
2020-05-22,4,2,2
2020-05-23,3,3,0
2020-05-23,1,0,1
2020-05-23,0,0,0
2020-05-23,0,0,0
2020-05-23,1,1,0
2020-05-23,2,1,1
2020-05-23,15,3,12
2020-05-23,14,5,9
2020-05-23,24,16,8
2020-05-23,34,22,12
2020-05-23,90,58,32
2020-05-23,128,77,51
2020-05-23,101,60,41
2020-05-23,163,84,79
2020-05-23,188,104,84
2020-05-23,198,105,93
2020-05-23,166,76,90
2020-05-23,180,86,94
2020-05-23,164,70,94
2020-05-23,106,39,67
2020-05-23,48,18,30
2020-05-23,20,9,11
2020-05-23,13,5,8
2020-05-23,3,1,2
2020-05-24,6,2,4
2020-05-24,2,0,2
2020-05-24,0,0,0
2020-05-24,0,0,0
2020-05-24,1,0,1
2020-05-24,2,1,1
2020-05-24,7,1,6
2020-05-24,17,7,10
2020-05-24,28,11,17
2020-05-24,33,14,19
2020-05-24,67,34,33
2020-05-24,92,53,39
2020-05-24,108,30,78
2020-05-24,89,19,70
2020-05-24,99,11,88
2020-05-24,112,16,96
2020-05-24,132,4,128
2020-05-24,84,5,79
2020-05-24,90,0,90
2020-05-24,55,2,53
2020-05-24,34,2,32
2020-05-24,16,2,14
2020-05-24,0,0,0
2020-05-24,1,1,0
2020-05-25,3,1,2
2020-05-25,0,0,0
2020-05-25,0,0,0
2020-05-25,0,0,0
2020-05-25,0,0,0
2020-05-25,2,2,0
2020-05-25,3,3,0
2020-05-25,3,3,0
2020-05-25,7,6,1
2020-05-25,4,4,0
2020-05-25,5,5,0
2020-05-25,8,5,3
2020-05-25,8,8,0
2020-05-25,11,7,4
2020-05-25,1,0,1
2020-05-25,0,0,0
2020-05-25,14,1,13
2020-05-25,13,0,13
2020-05-25,14,3,11
2020-05-25,7,0,7
2020-05-25,9,0,9
2020-05-25,4,0,4
2020-05-25,0,0,0
2020-05-25,0,0,0
2020-05-26,0,0,0
2020-05-26,0,0,0
2020-05-26,0,0,0
2020-05-26,0,0,0
2020-05-26,0,0,0
2020-05-26,3,0,3
2020-05-26,11,3,8
2020-05-26,23,18,5
2020-05-26,40,29,11
2020-05-26,32,29,3
2020-05-26,15,12,3
2020-05-26,20,18,2
2020-05-26,0,0,0
2020-05-26,4,3,1
2020-05-26,2,0,2
2020-05-26,35,0,35
2020-05-26,86,1,85
2020-05-26,135,14,121
2020-05-26,128,6,122
2020-05-26,146,7,139
2020-05-26,98,2,96
2020-05-26,33,0,33
2020-05-26,2,0,2
2020-05-26,8,1,7
2020-05-27,4,2,2
2020-05-27,1,0,1
2020-05-27,1,0,1
2020-05-27,2,0,2
2020-05-27,3,0,3
2020-05-27,18,0,18
2020-05-27,36,2,34
2020-05-27,64,1,63
2020-05-27,73,2,71
2020-05-27,68,1,67
2020-05-27,63,1,62
2020-05-27,64,3,61
2020-05-27,84,3,81
2020-05-27,70,5,65
2020-05-27,63,1,62
2020-05-27,87,2,85
2020-05-27,88,10,78
2020-05-27,114,7,107
2020-05-27,129,8,121
2020-05-27,121,5,116
2020-05-27,76,3,73
2020-05-27,29,2,27
2020-05-27,8,0,8
2020-05-27,4,2,2
2020-05-28,2,1,1
2020-05-28,2,1,1
2020-05-28,0,0,0
2020-05-28,0,0,0
2020-05-28,0,0,0
2020-05-28,10,0,10
2020-05-28,29,1,28
2020-05-28,64,1,63
2020-05-28,58,0,58
2020-05-28,44,1,43
2020-05-28,34,2,32
2020-05-28,36,0,36
2020-05-28,33,0,33
2020-05-28,44,1,43
2020-05-28,59,2,57
2020-05-28,93,13,80
2020-05-28,80,10,70
2020-05-28,138,2,136
2020-05-28,190,6,184
2020-05-28,151,2,149
2020-05-28,83,7,76
2020-05-28,43,0,43
2020-05-28,19,0,19
2020-05-28,5,1,4
2020-05-29,3,0,3
2020-05-29,3,0,3
2020-05-29,0,0,0
2020-05-29,1,0,1
2020-05-29,1,0,1
2020-05-29,17,0,17
2020-05-29,35,0,35
2020-05-29,70,0,70
2020-05-29,66,1,65
2020-05-29,52,0,52
2020-05-29,43,2,41
2020-05-29,40,0,40
2020-05-29,45,2,43
2020-05-29,58,0,58
2020-05-29,49,0,49
2020-05-29,71,3,68
2020-05-29,93,7,86
2020-05-29,95,3,92
2020-05-29,163,9,154
2020-05-29,114,9,105
2020-05-29,87,6,81
2020-05-29,29,8,21
2020-05-29,26,6,20
2020-05-29,2,0,2
2020-05-30,0,0,0
2020-05-30,0,0,0
2020-05-30,0,0,0
2020-05-30,0,0,0
2020-05-30,0,0,0
2020-05-30,0,0,0
2020-05-30,0,0,0
2020-05-30,0,0,0
2020-05-30,0,0,0
2020-05-30,0,0,0
2020-05-30,0,0,0
2020-05-30,0,0,0
2020-05-30,0,0,0
2020-05-30,0,0,0
2020-05-30,0,0,0
2020-05-30,0,0,0
2020-05-30,0,0,0
2020-05-30,0,0,0
2020-05-30,0,0,0
2020-05-30,0,0,0
2020-05-30,0,0,0
2020-05-30,0,0,0
2020-05-30,0,0,0
2020-05-30,0,0,0
2020-05-31,0,0,0
2020-05-31,0,0,0
2020-05-31,0,0,0
2020-05-31,0,0,0
2020-05-31,0,0,0
2020-05-31,0,0,0
2020-05-31,0,0,0
2020-05-31,0,0,0
2020-05-31,0,0,0
2020-05-31,0,0,0
2020-05-31,0,0,0
2020-05-31,0,0,0
2020-05-31,0,0,0
2020-05-31,0,0,0
2020-05-31,0,0,0
2020-05-31,0,0,0
2020-05-31,0,0,0
2020-05-31,12,11,1
2020-05-31,28,13,15
2020-05-31,24,9,15
2020-05-31,12,5,7
2020-05-31,8,6,2
2020-05-31,9,9,0
2020-05-31,9,9,0
2020-06-01,1,1,0
2020-06-01,1,1,0
2020-06-01,1,1,0
2020-06-01,0,0,0
2020-06-01,1,1,0
2020-06-01,8,8,0
2020-06-01,12,9,3
2020-06-01,29,17,12
2020-06-01,54,8,46
2020-06-01,49,5,44
2020-06-01,34,8,26
2020-06-01,40,4,36
2020-06-01,41,1,40
2020-06-01,31,1,30
2020-06-01,64,7,57
2020-06-01,83,9,74
2020-06-01,93,5,88
2020-06-01,148,36,112
2020-06-01,113,36,77
2020-06-01,78,35,43
2020-06-01,45,22,23
2020-06-01,24,16,8
2020-06-01,8,4,4
2020-06-01,9,6,3
2020-06-02,1,1,0
2020-06-02,0,0,0
2020-06-02,0,0,0
2020-06-02,0,0,0
2020-06-02,1,1,0
2020-06-02,15,7,8
2020-06-02,36,5,31
2020-06-02,68,13,55
2020-06-02,72,18,54
2020-06-02,69,19,50
2020-06-02,59,21,38
2020-06-02,38,20,18
2020-06-02,73,33,40
2020-06-02,71,34,37
2020-06-02,79,41,38
2020-06-02,91,41,50
2020-06-02,100,58,42
2020-06-02,99,58,41
2020-06-02,124,72,52
2020-06-02,75,36,39
2020-06-02,40,23,17
2020-06-02,22,14,8
2020-06-02,25,14,11
2020-06-02,7,4,3
2020-06-03,2,2,0
2020-06-03,1,1,0
2020-06-03,2,1,1
2020-06-03,0,0,0
2020-06-03,1,0,1
2020-06-03,18,6,12
2020-06-03,39,8,31
2020-06-03,56,12,44
2020-06-03,85,10,75
2020-06-03,67,26,41
2020-06-03,37,11,26
2020-06-03,60,25,35
2020-06-03,70,33,37
2020-06-03,108,38,70
2020-06-03,89,42,47
2020-06-03,101,54,47
2020-06-03,57,23,34
2020-06-03,21,6,15
2020-06-03,61,7,54
2020-06-03,34,6,28
2020-06-03,19,1,18
2020-06-03,12,5,7
2020-06-03,4,2,2
2020-06-03,0,0,0
2020-06-04,2,0,2
2020-06-04,0,0,0
2020-06-04,0,0,0
2020-06-04,0,0,0
2020-06-04,0,0,0
2020-06-04,10,0,10
2020-06-04,12,0,12
2020-06-04,21,0,21
2020-06-04,18,0,18
2020-06-04,12,0,12
2020-06-04,6,0,6
2020-06-04,3,0,3
2020-06-04,9,0,9
2020-06-04,24,0,24
2020-06-04,16,0,16
2020-06-04,42,20,22
2020-06-04,38,4,34
2020-06-04,14,0,14
2020-06-04,36,10,26
2020-06-04,27,3,24
2020-06-04,20,8,12
2020-06-04,25,16,9
2020-06-04,0,0,0
2020-06-04,0,0,0
2020-06-05,0,0,0
2020-06-05,0,0,0
2020-06-05,0,0,0
2020-06-05,0,0,0
2020-06-05,0,0,0
2020-06-05,0,0,0
2020-06-05,0,0,0
2020-06-05,0,0,0
2020-06-05,0,0,0
2020-06-05,0,0,0
2020-06-05,0,0,0
2020-06-05,0,0,0
2020-06-05,0,0,0
2020-06-05,0,0,0
2020-06-05,0,0,0
2020-06-05,0,0,0
2020-06-05,0,0,0
2020-06-05,0,0,0
2020-06-05,0,0,0
2020-06-05,0,0,0
2020-06-05,0,0,0
2020-06-05,0,0,0
2020-06-05,0,0,0
2020-06-05,0,0,0
2020-06-06,0,0,0
2020-06-06,0,0,0
2020-06-06,0,0,0
2020-06-06,0,0,0
2020-06-06,0,0,0
2020-06-06,0,0,0
2020-06-06,0,0,0
2020-06-06,0,0,0
2020-06-06,0,0,0
2020-06-06,0,0,0
2020-06-06,0,0,0
2020-06-06,0,0,0
2020-06-06,0,0,0
2020-06-06,0,0,0
2020-06-06,85,48,37
2020-06-06,104,63,41
2020-06-06,100,55,45
2020-06-06,78,23,55
2020-06-06,50,1,49
2020-06-06,40,0,40
2020-06-06,28,1,27
2020-06-06,20,0,20
2020-06-06,1,0,1
2020-06-06,4,0,4
2020-06-07,6,2,4
2020-06-07,4,0,4
2020-06-07,3,0,3
2020-06-07,3,0,3
2020-06-07,0,0,0
2020-06-07,1,0,1
2020-06-07,0,0,0
2020-06-07,6,0,6
2020-06-07,5,0,5
2020-06-07,5,1,4
2020-06-07,22,0,22
2020-06-07,16,1,15
2020-06-07,36,4,32
2020-06-07,44,12,32
2020-06-07,64,10,54
2020-06-07,97,1,96
2020-06-07,0,0,0
2020-06-07,1,0,1
2020-06-07,0,0,0
2020-06-07,0,0,0
2020-06-07,0,0,0
2020-06-07,0,0,0
2020-06-07,0,0,0
2020-06-07,0,0,0
2020-06-08,0,0,0
2020-06-08,0,0,0
2020-06-08,0,0,0
2020-06-08,0,0,0
2020-06-08,0,0,0
2020-06-08,0,0,0
2020-06-08,0,0,0
2020-06-08,0,0,0
2020-06-08,0,0,0
2020-06-08,0,0,0
2020-06-08,0,0,0
2020-06-08,0,0,0
2020-06-08,0,0,0
2020-06-08,0,0,0
2020-06-08,1,1,0
2020-06-08,0,0,0
2020-06-08,0,0,0
2020-06-08,0,0,0
2020-06-08,0,0,0
2020-06-08,0,0,0
2020-06-08,0,0,0
2020-06-08,0,0,0
2020-06-08,0,0,0
2020-06-08,0,0,0
2020-06-09,0,0,0
2020-06-09,0,0,0
2020-06-09,0,0,0
2020-06-09,0,0,0
2020-06-09,0,0,0
2020-06-09,0,0,0
2020-06-09,0,0,0
2020-06-09,0,0,0
2020-06-09,0,0,0
2020-06-09,0,0,0
2020-06-09,0,0,0
2020-06-09,0,0,0
2020-06-09,0,0,0
2020-06-09,0,0,0
2020-06-09,0,0,0
2020-06-09,0,0,0
2020-06-09,0,0,0
2020-06-09,0,0,0
2020-06-09,0,0,0
2020-06-09,0,0,0
2020-06-09,0,0,0
2020-06-09,0,0,0
2020-06-09,0,0,0
2020-06-09,0,0,0
2020-06-10,0,0,0
2020-06-10,0,0,0
2020-06-10,0,0,0
2020-06-10,0,0,0
2020-06-10,0,0,0
2020-06-10,0,0,0
2020-06-10,0,0,0
2020-06-10,0,0,0
2020-06-10,0,0,0
2020-06-10,0,0,0
2020-06-10,0,0,0
2020-06-10,0,0,0
2020-06-10,0,0,0
2020-06-10,0,0,0
2020-06-10,0,0,0
2020-06-10,0,0,0
2020-06-10,0,0,0
2020-06-10,0,0,0
2020-06-10,0,0,0
2020-06-10,0,0,0
2020-06-10,0,0,0
2020-06-10,0,0,0
2020-06-10,0,0,0
2020-06-10,0,0,0
2020-06-11,0,0,0
2020-06-11,0,0,0
2020-06-11,0,0,0
2020-06-11,0,0,0
2020-06-11,0,0,0
2020-06-11,0,0,0
2020-06-11,0,0,0
2020-06-11,0,0,0
2020-06-11,0,0,0
2020-06-11,0,0,0
2020-06-11,0,0,0
2020-06-11,0,0,0
2020-06-11,0,0,0
2020-06-11,0,0,0
2020-06-11,0,0,0
2020-06-11,1,1,0
2020-06-11,0,0,0
2020-06-11,0,0,0
2020-06-11,0,0,0
2020-06-11,0,0,0
2020-06-11,1,1,0
2020-06-11,0,0,0
2020-06-11,0,0,0
2020-06-11,0,0,0
2020-06-12,0,0,0
2020-06-12,0,0,0
2020-06-12,0,0,0
2020-06-12,0,0,0
2020-06-12,0,0,0
2020-06-12,0,0,0
2020-06-12,0,0,0
2020-06-12,0,0,0
2020-06-12,0,0,0
2020-06-12,0,0,0
2020-06-12,0,0,0
2020-06-12,0,0,0
2020-06-12,0,0,0
2020-06-12,0,0,0
2020-06-12,0,0,0
2020-06-12,0,0,0
2020-06-12,0,0,0
2020-06-12,0,0,0
2020-06-12,0,0,0
2020-06-12,0,0,0
2020-06-12,0,0,0
2020-06-12,0,0,0
2020-06-12,0,0,0
2020-06-12,0,0,0
2020-06-13,0,0,0
2020-06-13,0,0,0
2020-06-13,0,0,0
2020-06-13,0,0,0
2020-06-13,0,0,0
2020-06-13,0,0,0
2020-06-13,0,0,0
2020-06-13,0,0,0
2020-06-13,0,0,0
2020-06-13,0,0,0
2020-06-13,0,0,0
2020-06-13,1,1,0
2020-06-13,0,0,0
2020-06-13,0,0,0
2020-06-13,0,0,0
2020-06-13,0,0,0
2020-06-13,0,0,0
2020-06-13,0,0,0
2020-06-13,0,0,0
2020-06-13,0,0,0
2020-06-13,0,0,0
2020-06-13,0,0,0
2020-06-13,0,0,0
2020-06-13,0,0,0
2020-06-14,0,0,0
2020-06-14,0,0,0
2020-06-14,0,0,0
2020-06-14,0,0,0
2020-06-14,0,0,0
2020-06-14,0,0,0
2020-06-14,0,0,0
2020-06-14,0,0,0
2020-06-14,0,0,0
2020-06-14,0,0,0
2020-06-14,0,0,0
2020-06-14,0,0,0
2020-06-14,0,0,0
2020-06-14,0,0,0
2020-06-14,0,0,0
2020-06-14,0,0,0
2020-06-14,0,0,0
2020-06-14,0,0,0
2020-06-14,0,0,0
2020-06-14,0,0,0
2020-06-14,0,0,0
2020-06-14,0,0,0
2020-06-14,0,0,0
2020-06-14,0,0,0
2020-06-15,0,0,0
2020-06-15,0,0,0
2020-06-15,0,0,0
2020-06-15,0,0,0
2020-06-15,0,0,0
2020-06-15,0,0,0
2020-06-15,0,0,0
2020-06-15,0,0,0
2020-06-15,0,0,0
2020-06-15,0,0,0
2020-06-15,0,0,0
2020-06-15,0,0,0
2020-06-15,0,0,0
2020-06-15,0,0,0
2020-06-15,0,0,0
2020-06-15,45,15,30
2020-06-15,82,32,50
2020-06-15,128,45,83
2020-06-15,113,47,66
2020-06-15,92,44,48
2020-06-15,60,34,26
2020-06-15,24,12,12
2020-06-15,11,6,5
2020-06-15,2,0,2
2020-06-16,1,0,1
2020-06-16,0,0,0
2020-06-16,0,0,0
2020-06-16,0,0,0
2020-06-16,0,0,0
2020-06-16,11,6,5
2020-06-16,43,34,9
2020-06-16,65,52,13
2020-06-16,87,69,18
2020-06-16,54,39,15
2020-06-16,43,21,22
2020-06-16,59,31,28
2020-06-16,60,34,26
2020-06-16,47,17,30
2020-06-16,102,52,50
2020-06-16,115,38,77
2020-06-16,166,58,108
2020-06-16,232,80,152
2020-06-16,211,87,124
2020-06-16,138,66,72
2020-06-16,65,37,28
2020-06-16,50,27,23
2020-06-16,15,8,7
2020-06-16,7,4,3
2020-06-17,2,0,2
2020-06-17,3,2,1
2020-06-17,0,0,0
2020-06-17,1,0,1
2020-06-17,2,2,0
2020-06-17,16,6,10
2020-06-17,56,41,15
2020-06-17,71,49,22
2020-06-17,90,76,14
2020-06-17,86,61,25
2020-06-17,58,37,21
2020-06-17,40,22,18
2020-06-17,85,41,44
2020-06-17,82,46,36
2020-06-17,99,45,54
2020-06-17,129,49,80
2020-06-17,201,70,131
2020-06-17,67,17,50
2020-06-17,0,0,0
2020-06-17,0,0,0
2020-06-17,0,0,0
2020-06-17,0,0,0
2020-06-17,0,0,0
2020-06-17,0,0,0
2020-06-18,0,0,0
2020-06-18,0,0,0
2020-06-18,0,0,0
2020-06-18,0,0,0
2020-06-18,0,0,0
2020-06-18,0,0,0
2020-06-18,0,0,0
2020-06-18,0,0,0
2020-06-18,0,0,0
2020-06-18,0,0,0
2020-06-18,0,0,0
2020-06-18,0,0,0
2020-06-18,0,0,0
2020-06-18,0,0,0
2020-06-18,0,0,0
2020-06-18,0,0,0
2020-06-18,0,0,0
2020-06-18,0,0,0
2020-06-18,0,0,0
2020-06-18,0,0,0
2020-06-18,0,0,0
2020-06-18,0,0,0
2020-06-18,0,0,0
2020-06-18,0,0,0
2020-06-19,0,0,0
2020-06-19,0,0,0
2020-06-19,0,0,0
2020-06-19,0,0,0
2020-06-19,0,0,0
2020-06-19,0,0,0
2020-06-19,0,0,0
2020-06-19,0,0,0
2020-06-19,0,0,0
2020-06-19,0,0,0
2020-06-19,0,0,0
2020-06-19,0,0,0
2020-06-19,0,0,0
2020-06-19,0,0,0
2020-06-19,0,0,0
2020-06-19,0,0,0
2020-06-19,0,0,0
2020-06-19,0,0,0
2020-06-19,0,0,0
2020-06-19,0,0,0
2020-06-19,0,0,0
2020-06-19,0,0,0
2020-06-19,0,0,0
2020-06-19,0,0,0
2020-06-20,0,0,0
2020-06-20,0,0,0
2020-06-20,0,0,0
2020-06-20,0,0,0
2020-06-20,0,0,0
2020-06-20,0,0,0
2020-06-20,0,0,0
2020-06-20,0,0,0
2020-06-20,0,0,0
2020-06-20,0,0,0
2020-06-20,0,0,0
2020-06-20,0,0,0
2020-06-20,0,0,0
2020-06-20,0,0,0
2020-06-20,0,0,0
2020-06-20,0,0,0
2020-06-20,0,0,0
2020-06-20,0,0,0
2020-06-20,0,0,0
2020-06-20,0,0,0
2020-06-20,0,0,0
2020-06-20,0,0,0
2020-06-20,0,0,0
2020-06-20,0,0,0
2020-06-21,0,0,0
2020-06-21,0,0,0
2020-06-21,0,0,0
2020-06-21,0,0,0
2020-06-21,0,0,0
2020-06-21,0,0,0
2020-06-21,0,0,0
2020-06-21,0,0,0
2020-06-21,0,0,0
2020-06-21,0,0,0
2020-06-21,0,0,0
2020-06-21,0,0,0
2020-06-21,0,0,0
2020-06-21,0,0,0
2020-06-21,0,0,0
2020-06-21,0,0,0
2020-06-21,0,0,0
2020-06-21,0,0,0
2020-06-21,0,0,0
2020-06-21,0,0,0
2020-06-21,0,0,0
2020-06-21,0,0,0
2020-06-21,0,0,0
2020-06-21,0,0,0
2020-06-22,0,0,0
2020-06-22,0,0,0
2020-06-22,0,0,0
2020-06-22,0,0,0
2020-06-22,0,0,0
2020-06-22,0,0,0
2020-06-22,0,0,0
2020-06-22,0,0,0
2020-06-22,0,0,0
2020-06-22,0,0,0
2020-06-22,0,0,0
2020-06-22,0,0,0
2020-06-22,0,0,0
2020-06-22,0,0,0
2020-06-22,0,0,0
2020-06-22,0,0,0
2020-06-22,0,0,0
2020-06-22,0,0,0
2020-06-22,0,0,0
2020-06-22,0,0,0
2020-06-22,0,0,0
2020-06-22,0,0,0
2020-06-22,0,0,0
2020-06-22,0,0,0
2020-06-23,0,0,0
2020-06-23,0,0,0
2020-06-23,0,0,0
2020-06-23,0,0,0
2020-06-23,0,0,0
2020-06-23,0,0,0
2020-06-23,0,0,0
2020-06-23,0,0,0
2020-06-23,0,0,0
2020-06-23,0,0,0
2020-06-23,0,0,0
2020-06-23,0,0,0
2020-06-23,0,0,0
2020-06-23,0,0,0
2020-06-23,0,0,0
2020-06-23,0,0,0
2020-06-23,0,0,0
2020-06-23,0,0,0
2020-06-23,0,0,0
2020-06-23,0,0,0
2020-06-23,0,0,0
2020-06-23,0,0,0
2020-06-23,0,0,0
2020-06-23,0,0,0
2020-06-24,0,0,0
2020-06-24,0,0,0
2020-06-24,0,0,0
2020-06-24,0,0,0
2020-06-24,0,0,0
2020-06-24,0,0,0
2020-06-24,0,0,0
2020-06-24,0,0,0
2020-06-24,0,0,0
2020-06-24,0,0,0
2020-06-24,0,0,0
2020-06-24,0,0,0
2020-06-24,0,0,0
2020-06-24,0,0,0
2020-06-24,0,0,0
2020-06-24,0,0,0
2020-06-24,0,0,0
2020-06-24,0,0,0
2020-06-24,0,0,0
2020-06-24,0,0,0
2020-06-24,0,0,0
2020-06-24,0,0,0
2020-06-24,0,0,0
2020-06-24,0,0,0
2020-06-25,0,0,0
2020-06-25,0,0,0
2020-06-25,0,0,0
2020-06-25,0,0,0
2020-06-25,0,0,0
2020-06-25,0,0,0
2020-06-25,0,0,0
2020-06-25,0,0,0
2020-06-25,0,0,0
2020-06-25,0,0,0
2020-06-25,0,0,0
2020-06-25,0,0,0
2020-06-25,0,0,0
2020-06-25,0,0,0
2020-06-25,0,0,0
2020-06-25,0,0,0
2020-06-25,0,0,0
2020-06-25,0,0,0
2020-06-25,0,0,0
2020-06-25,0,0,0
2020-06-25,0,0,0
2020-06-25,0,0,0
2020-06-25,0,0,0
2020-06-25,0,0,0
2020-06-26,0,0,0
2020-06-26,0,0,0
2020-06-26,0,0,0
2020-06-26,0,0,0
2020-06-26,0,0,0
2020-06-26,0,0,0
2020-06-26,0,0,0
2020-06-26,0,0,0
2020-06-26,0,0,0
2020-06-26,0,0,0
2020-06-26,0,0,0
2020-06-26,0,0,0
2020-06-26,0,0,0
2020-06-26,0,0,0
2020-06-26,0,0,0
2020-06-26,0,0,0
2020-06-26,0,0,0
2020-06-26,0,0,0
2020-06-26,0,0,0
2020-06-26,0,0,0
2020-06-26,0,0,0
2020-06-26,0,0,0
2020-06-26,0,0,0
2020-06-26,0,0,0
2020-06-27,0,0,0
2020-06-27,0,0,0
2020-06-27,0,0,0
2020-06-27,0,0,0
2020-06-27,0,0,0
2020-06-27,0,0,0
2020-06-27,0,0,0
2020-06-27,0,0,0
2020-06-27,0,0,0
2020-06-27,0,0,0
2020-06-27,0,0,0
2020-06-27,0,0,0
2020-06-27,0,0,0
2020-06-27,0,0,0
2020-06-27,0,0,0
2020-06-27,0,0,0
2020-06-27,0,0,0
2020-06-27,0,0,0
2020-06-27,0,0,0
2020-06-27,0,0,0
2020-06-27,0,0,0
2020-06-27,0,0,0
2020-06-27,0,0,0
2020-06-27,0,0,0
2020-06-28,0,0,0
2020-06-28,0,0,0
2020-06-28,0,0,0
2020-06-28,0,0,0
2020-06-28,0,0,0
2020-06-28,0,0,0
2020-06-28,0,0,0
2020-06-28,0,0,0
2020-06-28,0,0,0
2020-06-28,0,0,0
2020-06-28,0,0,0
2020-06-28,0,0,0
2020-06-28,0,0,0
2020-06-28,0,0,0
2020-06-28,0,0,0
2020-06-28,0,0,0
2020-06-28,0,0,0
2020-06-28,0,0,0
2020-06-28,0,0,0
2020-06-28,0,0,0
2020-06-28,0,0,0
2020-06-28,0,0,0
2020-06-28,0,0,0
2020-06-28,0,0,0
2020-06-29,0,0,0
2020-06-29,0,0,0
2020-06-29,0,0,0
2020-06-29,0,0,0
2020-06-29,0,0,0
2020-06-29,0,0,0
2020-06-29,0,0,0
2020-06-29,0,0,0
2020-06-29,0,0,0
2020-06-29,0,0,0
2020-06-29,0,0,0
2020-06-29,0,0,0
2020-06-29,0,0,0
2020-06-29,0,0,0
2020-06-29,0,0,0
2020-06-29,0,0,0
2020-06-29,0,0,0
2020-06-29,0,0,0
2020-06-29,0,0,0
2020-06-29,0,0,0
2020-06-29,0,0,0
2020-06-29,0,0,0
2020-06-29,0,0,0
2020-06-29,0,0,0
2020-06-30,0,0,0
2020-06-30,0,0,0
2020-06-30,0,0,0
2020-06-30,0,0,0
2020-06-30,0,0,0
2020-06-30,0,0,0
2020-06-30,0,0,0
2020-06-30,0,0,0
2020-06-30,0,0,0
2020-06-30,0,0,0
2020-06-30,0,0,0
2020-06-30,0,0,0
2020-06-30,0,0,0
2020-06-30,0,0,0
2020-06-30,0,0,0
2020-06-30,0,0,0
2020-06-30,0,0,0
2020-06-30,0,0,0
2020-06-30,0,0,0
2020-06-30,0,0,0
2020-06-30,0,0,0
2020-06-30,0,0,0
2020-06-30,0,0,0
2020-06-30,0,0,0
2020-07-01,0,0,0
2020-07-01,0,0,0
2020-07-01,0,0,0
2020-07-01,0,0,0
2020-07-01,0,0,0
2020-07-01,0,0,0
2020-07-01,0,0,0
2020-07-01,0,0,0
2020-07-01,0,0,0
2020-07-01,0,0,0
2020-07-01,0,0,0
2020-07-01,0,0,0
2020-07-01,0,0,0
2020-07-01,4,1,3
2020-07-01,0,0,0
2020-07-01,0,0,0
2020-07-01,0,0,0
2020-07-01,0,0,0
2020-07-01,0,0,0
2020-07-01,0,0,0
2020-07-01,0,0,0
2020-07-01,0,0,0
2020-07-01,0,0,0
2020-07-01,0,0,0
2020-07-02,0,0,0
2020-07-02,0,0,0
2020-07-02,0,0,0
2020-07-02,0,0,0
2020-07-02,0,0,0
2020-07-02,0,0,0
2020-07-02,0,0,0
2020-07-02,0,0,0
2020-07-02,0,0,0
2020-07-02,0,0,0
2020-07-02,0,0,0
2020-07-02,0,0,0
2020-07-02,0,0,0
2020-07-02,0,0,0
2020-07-02,47,35,12
2020-07-02,97,71,26
2020-07-02,143,91,52
2020-07-02,175,123,52
2020-07-02,118,77,41
2020-07-02,83,49,34
2020-07-02,83,35,48
2020-07-02,31,15,16
2020-07-02,11,3,8
2020-07-02,4,3,1
2020-07-03,4,3,1
2020-07-03,8,3,5
2020-07-03,0,0,0
2020-07-03,1,0,1
2020-07-03,2,2,0
2020-07-03,3,0,3
2020-07-03,15,4,11
2020-07-03,38,18,20
2020-07-03,52,22,30
2020-07-03,54,19,35
2020-07-03,66,23,43
2020-07-03,81,40,41
2020-07-03,115,62,53
2020-07-03,143,85,58
2020-07-03,138,77,61
2020-07-03,147,78,69
2020-07-03,174,93,81
2020-07-03,142,70,72
2020-07-03,108,66,42
2020-07-03,75,25,50
2020-07-03,61,22,39
2020-07-03,26,9,17
2020-07-03,17,7,10
2020-07-03,3,1,2
2020-07-04,2,1,1
2020-07-04,4,1,3
2020-07-04,1,0,1
2020-07-04,0,0,0
2020-07-04,1,1,0
2020-07-04,6,2,4
2020-07-04,8,1,7
2020-07-04,20,3,17
2020-07-04,28,19,9
2020-07-04,52,24,28
2020-07-04,66,30,36
2020-07-04,88,41,47
2020-07-04,118,76,42
2020-07-04,153,92,61
2020-07-04,163,100,63
2020-07-04,167,89,78
2020-07-04,151,71,80
2020-07-04,110,56,54
2020-07-04,84,28,56
2020-07-04,87,38,49
2020-07-04,60,20,40
2020-07-04,42,16,26
2020-07-04,24,9,15
2020-07-04,9,5,4
2020-07-05,8,6,2
2020-07-05,5,5,0
2020-07-05,2,2,0
2020-07-05,0,0,0
2020-07-05,0,0,0
2020-07-05,5,2,3
2020-07-05,10,2,8
2020-07-05,25,13,12
2020-07-05,31,20,11
2020-07-05,56,31,25
2020-07-05,73,45,28
2020-07-05,120,59,61
2020-07-05,139,75,64
2020-07-05,162,109,53
2020-07-05,196,94,102
2020-07-05,228,110,118
2020-07-05,174,96,78
2020-07-05,151,61,90
2020-07-05,143,73,70
2020-07-05,112,56,56
2020-07-05,68,22,46
2020-07-05,35,9,26
2020-07-05,9,6,3
2020-07-05,8,8,0
2020-07-06,2,2,0
2020-07-06,3,2,1
2020-07-06,0,0,0
2020-07-06,0,0,0
2020-07-06,3,2,1
2020-07-06,15,8,7
2020-07-06,44,13,31
2020-07-06,76,17,59
2020-07-06,112,29,83
2020-07-06,63,23,40
2020-07-06,64,17,47
2020-07-06,64,29,35
2020-07-06,99,44,55
2020-07-06,73,41,32
2020-07-06,128,70,58
2020-07-06,113,62,51
2020-07-06,190,135,55
2020-07-06,216,152,64
2020-07-06,213,123,90
2020-07-06,126,70,56
2020-07-06,85,40,45
2020-07-06,37,17,20
2020-07-06,14,5,9
2020-07-06,11,6,5
2020-07-07,4,3,1
2020-07-07,1,1,0
2020-07-07,1,0,1
2020-07-07,0,0,0
2020-07-07,1,0,1
2020-07-07,10,6,4
2020-07-07,48,13,35
2020-07-07,73,19,54
2020-07-07,87,14,73
2020-07-07,65,16,49
2020-07-07,32,14,18
2020-07-07,62,27,35
2020-07-07,43,24,19
2020-07-07,54,26,28
2020-07-07,71,39,32
2020-07-07,84,60,24
2020-07-07,154,105,49
2020-07-07,169,130,39
2020-07-07,135,84,51
2020-07-07,102,67,35
2020-07-07,61,23,38
2020-07-07,30,8,22
2020-07-07,13,8,5
2020-07-07,4,2,2
2020-07-08,3,2,1
2020-07-08,1,1,0
2020-07-08,1,0,1
2020-07-08,1,0,1
2020-07-08,2,1,1
2020-07-08,12,7,5
2020-07-08,37,8,29
2020-07-08,98,27,71
2020-07-08,106,18,88
2020-07-08,77,24,53
2020-07-08,71,31,40
2020-07-08,52,24,28
2020-07-08,69,44,25
2020-07-08,79,44,35
2020-07-08,80,45,35
2020-07-08,124,79,45
2020-07-08,202,141,61
2020-07-08,258,176,82
2020-07-08,246,149,97
2020-07-08,179,94,85
2020-07-08,93,31,62
2020-07-08,56,21,35
2020-07-08,17,6,11
2020-07-08,8,5,3
2020-07-09,5,4,1
2020-07-09,1,0,1
2020-07-09,0,0,0
2020-07-09,1,1,0
2020-07-09,4,2,2
2020-07-09,17,8,9
2020-07-09,35,13,22
2020-07-09,74,25,49
2020-07-09,91,13,78
2020-07-09,59,16,43
2020-07-09,30,16,14
2020-07-09,50,19,31
2020-07-09,56,30,26
2020-07-09,49,31,18
2020-07-09,63,29,34
2020-07-09,90,53,37
2020-07-09,125,93,32
2020-07-09,198,141,57
2020-07-09,182,111,71
2020-07-09,133,78,55
2020-07-09,116,50,66
2020-07-09,57,19,38
2020-07-09,15,4,11
2020-07-09,8,3,5
2020-07-10,0,0,0
2020-07-10,2,1,1
2020-07-10,3,2,1
2020-07-10,0,0,0
2020-07-10,7,4,3
2020-07-10,15,7,8
2020-07-10,42,12,30
2020-07-10,79,26,53
2020-07-10,95,18,77
2020-07-10,75,19,56
2020-07-10,54,24,30
2020-07-10,76,40,36
2020-07-10,82,50,32
2020-07-10,79,47,32
2020-07-10,107,48,59
2020-07-10,152,87,65
2020-07-10,210,124,86
2020-07-10,249,160,89
2020-07-10,193,123,70
2020-07-10,158,92,66
2020-07-10,108,42,66
2020-07-10,55,15,40
2020-07-10,15,6,9
2020-07-10,10,4,6
2020-07-11,2,1,1
2020-07-11,5,1,4
2020-07-11,2,1,1
2020-07-11,0,0,0
2020-07-11,1,0,1
2020-07-11,1,1,0
2020-07-11,10,6,4
2020-07-11,32,19,13
2020-07-11,51,29,22
2020-07-11,63,41,22
2020-07-11,110,48,62
2020-07-11,114,59,55
2020-07-11,142,86,56
2020-07-11,168,92,76
2020-07-11,153,80,73
2020-07-11,173,94,79
2020-07-11,151,76,75
2020-07-11,131,64,67
2020-07-11,95,40,55
2020-07-11,53,17,36
2020-07-11,42,20,22
2020-07-11,35,11,24
2020-07-11,19,7,12
2020-07-11,6,1,5
2020-07-12,1,1,0
2020-07-12,3,2,1
2020-07-12,2,1,1
2020-07-12,0,0,0
2020-07-12,4,3,1
2020-07-12,2,0,2
2020-07-12,5,4,1
2020-07-12,13,4,9
2020-07-12,19,10,9
2020-07-12,13,3,10
2020-07-12,27,11,16
2020-07-12,44,19,25
2020-07-12,78,39,39
2020-07-12,93,53,40
2020-07-12,163,109,54
2020-07-12,166,93,73
2020-07-12,223,143,80
2020-07-12,195,83,112
2020-07-12,147,72,75
2020-07-12,84,34,50
2020-07-12,38,14,24
2020-07-12,26,13,13
2020-07-12,14,5,9
2020-07-12,7,4,3
2020-07-13,5,2,3
2020-07-13,2,1,1
2020-07-13,0,0,0
2020-07-13,0,0,0
2020-07-13,0,0,0
2020-07-13,19,8,11
2020-07-13,47,12,35
2020-07-13,99,25,74
2020-07-13,116,22,94
2020-07-13,91,25,66
2020-07-13,62,28,34
2020-07-13,55,25,30
2020-07-13,69,39,30
2020-07-13,52,17,35
2020-07-13,110,73,37
2020-07-13,120,76,44
2020-07-13,195,121,74
2020-07-13,280,185,95
2020-07-13,218,126,92
2020-07-13,160,90,70
2020-07-13,113,43,70
2020-07-13,59,19,40
2020-07-13,13,4,9
2020-07-13,6,3,3
2020-07-14,3,1,2
2020-07-14,3,0,3
2020-07-14,0,0,0
2020-07-14,1,1,0
2020-07-14,2,0,2
2020-07-14,16,8,8
2020-07-14,61,25,36
2020-07-14,113,30,83
2020-07-14,129,29,100
2020-07-14,81,19,62
2020-07-14,85,37,48
2020-07-14,78,40,38
2020-07-14,76,42,34
2020-07-14,88,42,46
2020-07-14,107,56,51
2020-07-14,146,87,59
2020-07-14,199,130,69
2020-07-14,283,212,71
2020-07-14,266,164,102
2020-07-14,175,92,83
2020-07-14,107,42,65
2020-07-14,62,22,40
2020-07-14,31,12,19
2020-07-14,12,7,5
2020-07-15,6,2,4
2020-07-15,1,0,1
2020-07-15,0,0,0
2020-07-15,0,0,0
2020-07-15,3,2,1
2020-07-15,17,6,11
2020-07-15,58,14,44
2020-07-15,101,26,75
2020-07-15,105,23,82
2020-07-15,86,19,67
2020-07-15,76,38,38
2020-07-15,84,36,48
2020-07-15,73,32,41
2020-07-15,103,48,55
2020-07-15,84,49,35
2020-07-15,165,100,65
2020-07-15,207,157,50
2020-07-15,260,178,82
2020-07-15,210,131,79
2020-07-15,181,96,85
2020-07-15,126,46,80
2020-07-15,61,25,36
2020-07-15,26,10,16
2020-07-15,7,3,4
2020-07-16,4,1,3
2020-07-16,2,1,1
2020-07-16,0,0,0
2020-07-16,2,1,1
2020-07-16,4,1,3
2020-07-16,16,7,9
2020-07-16,47,11,36
2020-07-16,86,25,61
2020-07-16,153,32,121
2020-07-16,83,22,61
2020-07-16,65,27,38
2020-07-16,69,30,39
2020-07-16,57,20,37
2020-07-16,74,36,38
2020-07-16,82,45,37
2020-07-16,134,82,52
2020-07-16,157,107,50
2020-07-16,232,157,75
2020-07-16,177,116,61
2020-07-16,134,72,62
2020-07-16,98,50,48
2020-07-16,45,15,30
2020-07-16,18,8,10
2020-07-16,17,6,11
2020-07-17,8,5,3
2020-07-17,1,0,1
2020-07-17,1,1,0
2020-07-17,0,0,0
2020-07-17,4,2,2
2020-07-17,14,6,8
2020-07-17,22,7,15
2020-07-17,58,11,47
2020-07-17,96,27,69
2020-07-17,76,16,60
2020-07-17,43,13,30
2020-07-17,59,26,33
2020-07-17,54,26,28
2020-07-17,45,25,20
2020-07-17,74,43,31
2020-07-17,94,56,38
2020-07-17,120,73,47
2020-07-17,153,108,45
2020-07-17,152,95,57
2020-07-17,109,69,40
2020-07-17,62,30,32
2020-07-17,39,9,30
2020-07-17,28,16,12
2020-07-17,7,3,4
2020-07-18,7,4,3
2020-07-18,9,4,5
2020-07-18,8,4,4
2020-07-18,7,4,3
2020-07-18,5,3,2
2020-07-18,8,3,5
2020-07-18,17,7,10
2020-07-18,35,17,18
2020-07-18,51,24,27
2020-07-18,72,33,39
2020-07-18,94,43,51
2020-07-18,120,74,46
2020-07-18,186,121,65
2020-07-18,152,80,72
2020-07-18,224,125,99
2020-07-18,196,102,94
2020-07-18,176,78,98
2020-07-18,184,107,77
2020-07-18,140,66,74
2020-07-18,133,55,78
2020-07-18,97,48,49
2020-07-18,50,14,36
2020-07-18,41,15,26
2020-07-18,12,5,7
2020-07-19,3,1,2
2020-07-19,0,0,0
2020-07-19,0,0,0
2020-07-19,0,0,0
2020-07-19,2,1,1
2020-07-19,2,0,2
2020-07-19,11,3,8
2020-07-19,19,10,9
2020-07-19,52,22,30
2020-07-19,76,44,32
2020-07-19,107,57,50
2020-07-19,142,72,70
2020-07-19,170,80,90
2020-07-19,164,91,73
2020-07-19,194,96,98
2020-07-19,163,68,95
2020-07-19,140,65,75
2020-07-19,126,63,63
2020-07-19,105,51,54
2020-07-19,97,49,48
2020-07-19,84,27,57
2020-07-19,44,20,24
2020-07-19,18,5,13
2020-07-19,10,6,4
2020-07-20,3,2,1
2020-07-20,2,1,1
2020-07-20,2,1,1
2020-07-20,1,0,1
2020-07-20,2,1,1
2020-07-20,19,6,13
2020-07-20,37,11,26
2020-07-20,94,23,71
2020-07-20,122,26,96
2020-07-20,88,21,67
2020-07-20,60,19,41
2020-07-20,70,30,40
2020-07-20,67,36,31
2020-07-20,80,30,50
2020-07-20,87,47,40
2020-07-20,109,68,41
2020-07-20,194,148,46
2020-07-20,245,174,71
2020-07-20,189,115,74
2020-07-20,177,82,95
2020-07-20,134,54,80
2020-07-20,72,24,48
2020-07-20,30,10,20
2020-07-20,11,7,4
2020-07-21,5,3,2
2020-07-21,12,5,7
2020-07-21,11,6,5
2020-07-21,9,4,5
2020-07-21,9,5,4
2020-07-21,18,9,9
2020-07-21,54,16,38
2020-07-21,109,31,78
2020-07-21,141,23,118
2020-07-21,74,28,46
2020-07-21,70,24,46
2020-07-21,98,48,50
2020-07-21,68,40,28
2020-07-21,76,47,29
2020-07-21,83,43,40
2020-07-21,111,68,43
2020-07-21,164,104,60
2020-07-21,270,203,67
2020-07-21,218,135,83
2020-07-21,143,72,71
2020-07-21,128,56,72
2020-07-21,72,26,46
2020-07-21,21,12,9
2020-07-21,10,6,4
2020-07-22,4,1,3
2020-07-22,2,2,0
2020-07-22,1,0,1
2020-07-22,0,0,0
2020-07-22,3,2,1
2020-07-22,15,7,8
2020-07-22,48,15,33
2020-07-22,99,26,73
2020-07-22,119,24,95
2020-07-22,72,16,56
2020-07-22,56,24,32
2020-07-22,52,22,30
2020-07-22,51,38,13
2020-07-22,75,40,35
2020-07-22,70,37,33
2020-07-22,96,58,38
2020-07-22,141,100,41
2020-07-22,191,138,53
2020-07-22,205,139,66
2020-07-22,143,72,71
2020-07-22,122,45,77
2020-07-22,64,26,38
2020-07-22,28,9,19
2020-07-22,20,10,10
2020-07-23,3,1,2
2020-07-23,4,4,0
2020-07-23,0,0,0
2020-07-23,2,0,2
2020-07-23,1,1,0
2020-07-23,14,7,7
2020-07-23,39,10,29
2020-07-23,80,19,61
2020-07-23,110,21,89
2020-07-23,63,13,50
2020-07-23,62,16,46
2020-07-23,67,24,43
2020-07-23,76,44,32
2020-07-23,67,33,34
2020-07-23,96,44,52
2020-07-23,104,76,28
2020-07-23,152,100,52
2020-07-23,197,142,55
2020-07-23,173,114,59
2020-07-23,165,108,57
2020-07-23,109,47,62
2020-07-23,37,18,19
2020-07-23,18,7,11
2020-07-23,5,1,4
2020-07-24,5,2,3
2020-07-24,1,1,0
2020-07-24,1,1,0
2020-07-24,0,0,0
2020-07-24,2,2,0
2020-07-24,23,12,11
2020-07-24,38,8,30
2020-07-24,90,28,62
2020-07-24,100,17,83
2020-07-24,81,25,56
2020-07-24,72,33,39
2020-07-24,47,24,23
2020-07-24,74,40,34
2020-07-24,87,50,37
2020-07-24,88,53,35
2020-07-24,129,85,44
2020-07-24,140,88,52
2020-07-24,164,126,38
2020-07-24,176,104,72
2020-07-24,95,49,46
2020-07-24,73,25,48
2020-07-24,47,15,32
2020-07-24,19,5,14
2020-07-24,10,3,7
2020-07-25,6,5,1
2020-07-25,2,2,0
2020-07-25,0,0,0
2020-07-25,1,0,1
2020-07-25,0,0,0
2020-07-25,8,5,3
2020-07-25,10,5,5
2020-07-25,31,16,15
2020-07-25,55,27,28
2020-07-25,81,49,32
2020-07-25,132,55,77
2020-07-25,141,76,65
2020-07-25,164,86,78
2020-07-25,189,95,94
2020-07-25,197,99,98
2020-07-25,169,99,70
2020-07-25,157,93,64
2020-07-25,172,79,93
2020-07-25,152,67,85
2020-07-25,93,43,50
2020-07-25,80,31,49
2020-07-25,72,16,56
2020-07-25,20,8,12
2020-07-25,17,7,10
2020-07-26,13,10,3
2020-07-26,2,1,1
2020-07-26,2,2,0
2020-07-26,3,2,1
2020-07-26,0,0,0
2020-07-26,2,0,2
2020-07-26,7,3,4
2020-07-26,19,12,7
2020-07-26,40,17,23
2020-07-26,77,43,34
2020-07-26,88,53,35
2020-07-26,153,79,74
2020-07-26,141,89,52
2020-07-26,160,69,91
2020-07-26,190,104,86
2020-07-26,158,76,82
2020-07-26,171,73,98
2020-07-26,145,74,71
2020-07-26,121,70,51
2020-07-26,94,42,52
2020-07-26,98,34,64
2020-07-26,35,12,23
2020-07-26,14,1,13
2020-07-26,3,2,1
2020-07-27,5,1,4
2020-07-27,0,0,0
2020-07-27,1,0,1
2020-07-27,2,1,1
2020-07-27,2,1,1
2020-07-27,14,4,10
2020-07-27,36,13,23
2020-07-27,89,34,55
2020-07-27,123,24,99
2020-07-27,91,25,66
2020-07-27,72,27,45
2020-07-27,46,22,24
2020-07-27,82,43,39
2020-07-27,60,32,28
2020-07-27,90,52,38
2020-07-27,102,60,42
2020-07-27,122,81,41
2020-07-27,201,149,52
2020-07-27,169,107,62
2020-07-27,132,70,62
2020-07-27,84,35,49
2020-07-27,44,17,27
2020-07-27,19,4,15
2020-07-27,6,3,3
2020-07-28,3,0,3
2020-07-28,1,0,1
2020-07-28,1,0,1
2020-07-28,1,1,0
2020-07-28,1,1,0
2020-07-28,15,5,10
2020-07-28,46,15,31
2020-07-28,103,30,73
2020-07-28,160,31,129
2020-07-28,80,31,49
2020-07-28,61,19,42
2020-07-28,72,24,48
2020-07-28,72,43,29
2020-07-28,62,27,35
2020-07-28,106,60,46
2020-07-28,100,68,32
2020-07-28,182,118,64
2020-07-28,249,169,80
2020-07-28,217,135,82
2020-07-28,158,95,63
2020-07-28,126,70,56
2020-07-28,56,19,37
2020-07-28,21,10,11
2020-07-28,10,6,4
2020-07-29,6,3,3
2020-07-29,1,1,0
2020-07-29,1,0,1
2020-07-29,1,0,1
2020-07-29,3,3,0
2020-07-29,13,6,7
2020-07-29,57,15,42
2020-07-29,118,33,85
2020-07-29,133,29,104
2020-07-29,84,23,61
2020-07-29,47,22,25
2020-07-29,55,23,32
2020-07-29,66,34,32
2020-07-29,74,44,30
2020-07-29,95,55,40
2020-07-29,123,77,46
2020-07-29,166,117,49
2020-07-29,214,150,64
2020-07-29,228,156,72
2020-07-29,179,89,90
2020-07-29,127,57,70
2020-07-29,71,18,53
2020-07-29,22,10,12
2020-07-29,14,5,9
2020-07-30,4,3,1
2020-07-30,5,2,3
2020-07-30,2,2,0
2020-07-30,2,0,2
2020-07-30,1,0,1
2020-07-30,17,8,9
2020-07-30,55,18,37
2020-07-30,112,32,80
2020-07-30,122,22,100
2020-07-30,94,26,68
2020-07-30,78,40,38
2020-07-30,70,29,41
2020-07-30,57,24,33
2020-07-30,47,22,25
2020-07-30,92,48,44
2020-07-30,100,65,35
2020-07-30,160,107,53
2020-07-30,214,158,56
2020-07-30,218,141,77
2020-07-30,146,71,75
2020-07-30,95,46,49
2020-07-30,50,19,31
2020-07-30,32,12,20
2020-07-30,12,5,7
2020-07-31,3,0,3
2020-07-31,0,0,0
2020-07-31,1,0,1
2020-07-31,1,0,1
2020-07-31,4,4,0
2020-07-31,17,8,9
2020-07-31,37,11,26
2020-07-31,90,32,58
2020-07-31,118,28,90
2020-07-31,105,37,68
2020-07-31,70,24,46
2020-07-31,92,42,50
2020-07-31,80,38,42
2020-07-31,122,71,51
2020-07-31,83,45,38
2020-07-31,125,88,37
2020-07-31,155,92,63
2020-07-31,223,139,84
2020-07-31,172,99,73
2020-07-31,113,58,55
2020-07-31,88,40,48
2020-07-31,50,17,33
2020-07-31,1,0,1
2020-07-31,0,0,0
2020-08-01,0,0,0
2020-08-01,0,0,0
2020-08-01,0,0,0
2020-08-01,0,0,0
2020-08-01,0,0,0
2020-08-01,0,0,0
2020-08-01,0,0,0
2020-08-01,0,0,0
2020-08-01,0,0,0
2020-08-01,0,0,0
2020-08-01,0,0,0
2020-08-01,0,0,0
2020-08-01,0,0,0
2020-08-01,0,0,0
2020-08-01,0,0,0
2020-08-01,0,0,0
2020-08-01,0,0,0
2020-08-01,0,0,0
2020-08-01,0,0,0
2020-08-01,0,0,0
2020-08-01,0,0,0
2020-08-01,0,0,0
2020-08-01,0,0,0
2020-08-01,0,0,0
2020-08-02,0,0,0
2020-08-02,0,0,0
2020-08-02,0,0,0
2020-08-02,0,0,0
2020-08-02,0,0,0
2020-08-02,0,0,0
2020-08-02,0,0,0
2020-08-02,0,0,0
2020-08-02,0,0,0
2020-08-02,0,0,0
2020-08-02,0,0,0
2020-08-02,0,0,0
2020-08-02,0,0,0
2020-08-02,0,0,0
2020-08-02,0,0,0
2020-08-02,0,0,0
2020-08-02,0,0,0
2020-08-02,0,0,0
2020-08-02,0,0,0
2020-08-02,0,0,0
2020-08-02,0,0,0
2020-08-02,0,0,0
2020-08-02,0,0,0
2020-08-02,0,0,0
2020-08-03,0,0,0
2020-08-03,0,0,0
2020-08-03,0,0,0
2020-08-03,0,0,0
2020-08-03,0,0,0
2020-08-03,0,0,0
2020-08-03,0,0,0
2020-08-03,0,0,0
2020-08-03,0,0,0
2020-08-03,0,0,0
2020-08-03,0,0,0
2020-08-03,0,0,0
2020-08-03,0,0,0
2020-08-03,0,0,0
2020-08-03,0,0,0
2020-08-03,0,0,0
2020-08-03,0,0,0
2020-08-03,0,0,0
2020-08-03,0,0,0
2020-08-03,0,0,0
2020-08-03,0,0,0
2020-08-03,0,0,0
2020-08-03,0,0,0
2020-08-03,0,0,0
2020-08-04,0,0,0
2020-08-04,0,0,0
2020-08-04,0,0,0
2020-08-04,0,0,0
2020-08-04,0,0,0
2020-08-04,0,0,0
2020-08-04,0,0,0
2020-08-04,0,0,0
2020-08-04,0,0,0
2020-08-04,0,0,0
2020-08-04,0,0,0
2020-08-04,0,0,0
2020-08-04,0,0,0
2020-08-04,0,0,0
2020-08-04,0,0,0
2020-08-04,0,0,0
2020-08-04,0,0,0
2020-08-04,0,0,0
2020-08-04,0,0,0
2020-08-04,0,0,0
2020-08-04,0,0,0
2020-08-04,0,0,0
2020-08-04,0,0,0
2020-08-04,0,0,0
2020-08-05,0,0,0
2020-08-05,0,0,0
2020-08-05,0,0,0
2020-08-05,0,0,0
2020-08-05,0,0,0
2020-08-05,0,0,0
2020-08-05,0,0,0
2020-08-05,0,0,0
2020-08-05,0,0,0
2020-08-05,0,0,0
2020-08-05,0,0,0
2020-08-05,0,0,0
2020-08-05,0,0,0
2020-08-05,0,0,0
2020-08-05,0,0,0
2020-08-05,0,0,0
2020-08-05,0,0,0
2020-08-05,0,0,0
2020-08-05,2,2,0
2020-08-05,0,0,0
2020-08-05,0,0,0
2020-08-05,0,0,0
2020-08-05,0,0,0
2020-08-05,0,0,0
2020-08-06,0,0,0
2020-08-06,0,0,0
2020-08-06,0,0,0
2020-08-06,0,0,0
2020-08-06,0,0,0
2020-08-06,0,0,0
2020-08-06,1,1,0
2020-08-06,0,0,0
2020-08-06,0,0,0
2020-08-06,0,0,0
2020-08-06,0,0,0
2020-08-06,0,0,0
2020-08-06,0,0,0
2020-08-06,0,0,0
2020-08-06,0,0,0
2020-08-06,0,0,0
2020-08-06,0,0,0
2020-08-06,0,0,0
2020-08-06,0,0,0
2020-08-06,0,0,0
2020-08-06,0,0,0
2020-08-06,0,0,0
2020-08-06,0,0,0
2020-08-06,0,0,0
2020-08-07,0,0,0
2020-08-07,0,0,0
2020-08-07,0,0,0
2020-08-07,0,0,0
2020-08-07,0,0,0
2020-08-07,0,0,0
2020-08-07,0,0,0
2020-08-07,0,0,0
2020-08-07,0,0,0
2020-08-07,0,0,0
2020-08-07,0,0,0
2020-08-07,0,0,0
2020-08-07,0,0,0
2020-08-07,0,0,0
2020-08-07,0,0,0
2020-08-07,0,0,0
2020-08-07,0,0,0
2020-08-07,0,0,0
2020-08-07,0,0,0
2020-08-07,0,0,0
2020-08-07,0,0,0
2020-08-07,0,0,0
2020-08-07,0,0,0
2020-08-07,0,0,0
2020-08-08,0,0,0
2020-08-08,0,0,0
2020-08-08,0,0,0
2020-08-08,0,0,0
2020-08-08,0,0,0
2020-08-08,0,0,0
2020-08-08,0,0,0
2020-08-08,0,0,0
2020-08-08,0,0,0
2020-08-08,0,0,0
2020-08-08,0,0,0
2020-08-08,0,0,0
2020-08-08,0,0,0
2020-08-08,0,0,0
2020-08-08,0,0,0
2020-08-08,0,0,0
2020-08-08,0,0,0
2020-08-08,0,0,0
2020-08-08,0,0,0
2020-08-08,0,0,0
2020-08-08,0,0,0
2020-08-08,0,0,0
2020-08-08,0,0,0
2020-08-08,0,0,0
2020-08-09,0,0,0
2020-08-09,0,0,0
2020-08-09,0,0,0
2020-08-09,0,0,0
2020-08-09,0,0,0
2020-08-09,0,0,0
2020-08-09,0,0,0
2020-08-09,0,0,0
2020-08-09,0,0,0
2020-08-09,0,0,0
2020-08-09,0,0,0
2020-08-09,0,0,0
2020-08-09,0,0,0
2020-08-09,0,0,0
2020-08-09,0,0,0
2020-08-09,0,0,0
2020-08-09,0,0,0
2020-08-09,0,0,0
2020-08-09,0,0,0
2020-08-09,0,0,0
2020-08-09,0,0,0
2020-08-09,0,0,0
2020-08-09,0,0,0
2020-08-09,0,0,0
2020-08-10,0,0,0
2020-08-10,0,0,0
2020-08-10,0,0,0
2020-08-10,0,0,0
2020-08-10,0,0,0
2020-08-10,0,0,0
2020-08-10,0,0,0
2020-08-10,0,0,0
2020-08-10,0,0,0
2020-08-10,0,0,0
2020-08-10,0,0,0
2020-08-10,0,0,0
2020-08-10,0,0,0
2020-08-10,0,0,0
2020-08-10,0,0,0
2020-08-10,0,0,0
2020-08-10,0,0,0
2020-08-10,0,0,0
2020-08-10,0,0,0
2020-08-10,0,0,0
2020-08-10,0,0,0
2020-08-10,0,0,0
2020-08-10,0,0,0
2020-08-10,0,0,0
2020-08-11,0,0,0
2020-08-11,0,0,0
2020-08-11,0,0,0
2020-08-11,0,0,0
2020-08-11,0,0,0
2020-08-11,0,0,0
2020-08-11,0,0,0
2020-08-11,1,0,1
2020-08-11,0,0,0
2020-08-11,0,0,0
2020-08-11,0,0,0
2020-08-11,0,0,0
2020-08-11,0,0,0
2020-08-11,0,0,0
2020-08-11,0,0,0
2020-08-11,0,0,0
2020-08-11,0,0,0
2020-08-11,0,0,0
2020-08-11,0,0,0
2020-08-11,0,0,0
2020-08-11,0,0,0
2020-08-11,0,0,0
2020-08-11,0,0,0
2020-08-11,0,0,0
2020-08-12,0,0,0
2020-08-12,0,0,0
2020-08-12,0,0,0
2020-08-12,0,0,0
2020-08-12,0,0,0
2020-08-12,0,0,0
2020-08-12,0,0,0
2020-08-12,0,0,0
2020-08-12,0,0,0
2020-08-12,0,0,0
2020-08-12,0,0,0
2020-08-12,0,0,0
2020-08-12,0,0,0
2020-08-12,0,0,0
2020-08-12,0,0,0
2020-08-12,0,0,0
2020-08-12,0,0,0
2020-08-12,0,0,0
2020-08-12,0,0,0
2020-08-12,0,0,0
2020-08-12,0,0,0
2020-08-12,0,0,0
2020-08-12,0,0,0
2020-08-12,0,0,0
2020-08-13,0,0,0
2020-08-13,0,0,0
2020-08-13,0,0,0
2020-08-13,0,0,0
2020-08-13,0,0,0
2020-08-13,0,0,0
2020-08-13,0,0,0
2020-08-13,0,0,0
2020-08-13,0,0,0
2020-08-13,0,0,0
2020-08-13,0,0,0
2020-08-13,0,0,0
2020-08-13,0,0,0
2020-08-13,0,0,0
2020-08-13,0,0,0
2020-08-13,0,0,0
2020-08-13,0,0,0
2020-08-13,0,0,0
2020-08-13,0,0,0
2020-08-13,0,0,0
2020-08-13,0,0,0
2020-08-13,0,0,0
2020-08-13,0,0,0
2020-08-13,0,0,0
2020-08-14,0,0,0
2020-08-14,0,0,0
2020-08-14,0,0,0
2020-08-14,0,0,0
2020-08-14,0,0,0
2020-08-14,0,0,0
2020-08-14,0,0,0
2020-08-14,0,0,0
2020-08-14,0,0,0
2020-08-14,0,0,0
2020-08-14,0,0,0
2020-08-14,0,0,0
2020-08-14,0,0,0
2020-08-14,0,0,0
2020-08-14,0,0,0
2020-08-14,0,0,0
2020-08-14,0,0,0
2020-08-14,0,0,0
2020-08-14,0,0,0
2020-08-14,0,0,0
2020-08-14,0,0,0
2020-08-14,0,0,0
2020-08-14,0,0,0
2020-08-14,0,0,0
2020-08-15,0,0,0
2020-08-15,0,0,0
2020-08-15,0,0,0
2020-08-15,0,0,0
2020-08-15,0,0,0
2020-08-15,0,0,0
2020-08-15,0,0,0
2020-08-15,0,0,0
2020-08-15,0,0,0
2020-08-15,0,0,0
2020-08-15,0,0,0
2020-08-15,0,0,0
2020-08-15,0,0,0
2020-08-15,0,0,0
2020-08-15,0,0,0
2020-08-15,0,0,0
2020-08-15,0,0,0
2020-08-15,0,0,0
2020-08-15,0,0,0
2020-08-15,0,0,0
2020-08-15,0,0,0
2020-08-15,0,0,0
2020-08-15,0,0,0
2020-08-15,0,0,0
2020-08-16,0,0,0
2020-08-16,0,0,0
2020-08-16,0,0,0
2020-08-16,0,0,0
2020-08-16,0,0,0
2020-08-16,0,0,0
2020-08-16,0,0,0
2020-08-16,0,0,0
2020-08-16,0,0,0
2020-08-16,0,0,0
2020-08-16,0,0,0
2020-08-16,0,0,0
2020-08-16,0,0,0
2020-08-16,0,0,0
2020-08-16,0,0,0
2020-08-16,0,0,0
2020-08-16,0,0,0
2020-08-16,0,0,0
2020-08-16,0,0,0
2020-08-16,0,0,0
2020-08-16,0,0,0
2020-08-16,0,0,0
2020-08-16,0,0,0
2020-08-16,0,0,0
2020-08-17,0,0,0
2020-08-17,0,0,0
2020-08-17,0,0,0
2020-08-17,0,0,0
2020-08-17,0,0,0
2020-08-17,0,0,0
2020-08-17,0,0,0
2020-08-17,0,0,0
2020-08-17,0,0,0
2020-08-17,0,0,0
2020-08-17,0,0,0
2020-08-17,0,0,0
2020-08-17,0,0,0
2020-08-17,0,0,0
2020-08-17,0,0,0
2020-08-17,0,0,0
2020-08-17,0,0,0
2020-08-17,0,0,0
2020-08-17,0,0,0
2020-08-17,0,0,0
2020-08-17,0,0,0
2020-08-17,0,0,0
2020-08-17,0,0,0
2020-08-17,0,0,0
2020-08-18,0,0,0
2020-08-18,0,0,0
2020-08-18,0,0,0
2020-08-18,0,0,0
2020-08-18,0,0,0
2020-08-18,0,0,0
2020-08-18,0,0,0
2020-08-18,0,0,0
2020-08-18,0,0,0
2020-08-18,0,0,0
2020-08-18,0,0,0
2020-08-18,0,0,0
2020-08-18,0,0,0
2020-08-18,2,1,1
2020-08-18,68,35,33
2020-08-18,91,56,35
2020-08-18,169,113,56
2020-08-18,237,179,58
2020-08-18,203,124,79
2020-08-18,153,84,69
2020-08-18,99,38,61
2020-08-18,32,19,13
2020-08-18,23,9,14
2020-08-18,3,2,1
2020-08-19,4,4,0
2020-08-19,0,0,0
2020-08-19,0,0,0
2020-08-19,1,0,1
2020-08-19,1,1,0
2020-08-19,18,10,8
2020-08-19,60,16,44
2020-08-19,113,35,78
2020-08-19,109,25,84
2020-08-19,86,24,62
2020-08-19,71,26,45
2020-08-19,51,23,28
2020-08-19,72,41,31
2020-08-19,66,31,35
2020-08-19,92,47,45
2020-08-19,104,62,42
2020-08-19,197,144,53
2020-08-19,240,160,80
2020-08-19,223,145,78
2020-08-19,162,89,73
2020-08-19,110,51,59
2020-08-19,42,16,26
2020-08-19,21,9,12
2020-08-19,8,7,1
2020-08-20,12,9,3
2020-08-20,3,1,2
2020-08-20,1,1,0
2020-08-20,1,0,1
2020-08-20,0,0,0
2020-08-20,18,9,9
2020-08-20,21,4,17
2020-08-20,82,29,53
2020-08-20,103,20,83
2020-08-20,75,22,53
2020-08-20,38,13,25
2020-08-20,61,21,40
2020-08-20,83,46,37
2020-08-20,72,41,31
2020-08-20,80,43,37
2020-08-20,90,46,44
2020-08-20,139,81,58
2020-08-20,201,149,52
2020-08-20,176,103,73
2020-08-20,106,58,48
2020-08-20,61,25,36
2020-08-20,29,7,22
2020-08-20,21,12,9
2020-08-20,7,6,1
2020-08-21,2,1,1
2020-08-21,5,3,2
2020-08-21,1,0,1
2020-08-21,2,1,1
2020-08-21,4,2,2
2020-08-21,16,6,10
2020-08-21,29,8,21
2020-08-21,71,17,54
2020-08-21,79,16,63
2020-08-21,64,14,50
2020-08-21,50,21,29
2020-08-21,56,29,27
2020-08-21,49,28,21
2020-08-21,51,34,17
2020-08-21,50,27,23
2020-08-21,76,54,22
2020-08-21,111,75,36
2020-08-21,93,65,28
2020-08-21,121,64,57
2020-08-21,80,42,38
2020-08-21,68,32,36
2020-08-21,27,9,18
2020-08-21,18,7,11
2020-08-21,5,3,2
2020-08-22,8,4,4
2020-08-22,3,1,2
2020-08-22,2,0,2
2020-08-22,1,0,1
2020-08-22,0,0,0
2020-08-22,4,1,3
2020-08-22,11,7,4
2020-08-22,28,12,16
2020-08-22,51,24,27
2020-08-22,63,34,29
2020-08-22,108,50,58
2020-08-22,138,79,59
2020-08-22,131,77,54
2020-08-22,158,81,77
2020-08-22,181,107,74
2020-08-22,182,83,99
2020-08-22,169,95,74
2020-08-22,154,70,84
2020-08-22,155,54,101
2020-08-22,124,52,72
2020-08-22,71,20,51
2020-08-22,30,9,21
2020-08-22,17,9,8
2020-08-22,10,10,0
2020-08-23,5,5,0
2020-08-23,0,0,0
2020-08-23,1,0,1
2020-08-23,1,1,0
2020-08-23,0,0,0
2020-08-23,5,2,3
2020-08-23,8,2,6
2020-08-23,24,9,15
2020-08-23,42,20,22
2020-08-23,69,35,34
2020-08-23,103,65,38
2020-08-23,126,65,61
2020-08-23,157,96,61
2020-08-23,162,79,83
2020-08-23,171,89,82
2020-08-23,202,110,92
2020-08-23,188,90,98
2020-08-23,148,73,75
2020-08-23,140,78,62
2020-08-23,90,41,49
2020-08-23,51,14,37
2020-08-23,27,15,12
2020-08-23,13,3,10
2020-08-23,3,2,1
2020-08-24,1,0,1
2020-08-24,3,2,1
2020-08-24,1,0,1
2020-08-24,2,1,1
2020-08-24,0,0,0
2020-08-24,17,8,9
2020-08-24,35,8,27
2020-08-24,90,26,64
2020-08-24,111,26,85
2020-08-24,72,18,54
2020-08-24,71,22,49
2020-08-24,73,38,35
2020-08-24,77,43,34
2020-08-24,80,38,42
2020-08-24,86,50,36
2020-08-24,120,76,44
2020-08-24,151,96,55
2020-08-24,218,159,59
2020-08-24,220,131,89
2020-08-24,131,62,69
2020-08-24,82,38,44
2020-08-24,21,10,11
2020-08-24,7,3,4
2020-08-24,9,4,5
2020-08-25,1,0,1
2020-08-25,0,0,0
2020-08-25,2,1,1
2020-08-25,2,1,1
2020-08-25,2,1,1
2020-08-25,20,9,11
2020-08-25,51,12,39
2020-08-25,111,34,77
2020-08-25,121,31,90
2020-08-25,96,23,73
2020-08-25,78,25,53
2020-08-25,73,29,44
2020-08-25,83,52,31
2020-08-25,84,35,49
2020-08-25,104,59,45
2020-08-25,111,63,48
2020-08-25,168,127,41
2020-08-25,251,190,61
2020-08-25,241,160,81
2020-08-25,163,66,97
2020-08-25,92,36,56
2020-08-25,44,24,20
2020-08-25,18,4,14
2020-08-25,5,4,1
2020-08-26,2,2,0
2020-08-26,1,0,1
2020-08-26,0,0,0
2020-08-26,1,0,1
2020-08-26,2,1,1
2020-08-26,18,7,11
2020-08-26,50,18,32
2020-08-26,105,29,76
2020-08-26,113,24,89
2020-08-26,98,25,73
2020-08-26,65,28,37
2020-08-26,64,34,30
2020-08-26,86,37,49
2020-08-26,88,37,51
2020-08-26,101,60,41
2020-08-26,114,73,41
2020-08-26,162,116,46
2020-08-26,227,150,77
2020-08-26,219,150,69
2020-08-26,172,79,93
2020-08-26,102,44,58
2020-08-26,42,17,25
2020-08-26,21,12,9
2020-08-26,12,8,4
2020-08-27,0,0,0
2020-08-27,0,0,0
2020-08-27,1,1,0
2020-08-27,1,0,1
2020-08-27,0,0,0
2020-08-27,17,7,10
2020-08-27,53,15,38
2020-08-27,112,35,77
2020-08-27,109,29,80
2020-08-27,98,21,77
2020-08-27,65,26,39
2020-08-27,59,22,37
2020-08-27,57,32,25
2020-08-27,74,46,28
2020-08-27,88,50,38
2020-08-27,129,82,47
2020-08-27,160,102,58
2020-08-27,228,164,64
2020-08-27,200,127,73
2020-08-27,167,86,81
2020-08-27,92,36,56
2020-08-27,45,13,32
2020-08-27,15,7,8
2020-08-27,3,2,1
2020-08-28,4,3,1
2020-08-28,1,0,1
2020-08-28,1,0,1
2020-08-28,0,0,0
2020-08-28,1,1,0
2020-08-28,13,7,6
2020-08-28,50,12,38
2020-08-28,71,20,51
2020-08-28,111,28,83
2020-08-28,76,22,54
2020-08-28,54,19,35
2020-08-28,81,40,41
2020-08-28,84,44,40
2020-08-28,74,32,42
2020-08-28,88,49,39
2020-08-28,140,87,53
2020-08-28,185,122,63
2020-08-28,204,130,74
2020-08-28,174,118,56
2020-08-28,131,65,66
2020-08-28,84,38,46
2020-08-28,52,13,39
2020-08-28,41,15,26
2020-08-28,14,7,7
2020-08-29,8,4,4
2020-08-29,1,0,1
2020-08-29,2,2,0
2020-08-29,0,0,0
2020-08-29,3,0,3
2020-08-29,6,1,5
2020-08-29,12,2,10
2020-08-29,16,10,6
2020-08-29,40,20,20
2020-08-29,71,41,30
2020-08-29,108,50,58
2020-08-29,130,51,79
2020-08-29,119,77,42
2020-08-29,120,73,47
2020-08-29,131,63,68
2020-08-29,172,76,96
2020-08-29,142,75,67
2020-08-29,134,76,58
2020-08-29,93,45,48
2020-08-29,82,46,36
2020-08-29,64,26,38
2020-08-29,34,15,19
2020-08-29,18,5,13
2020-08-29,8,7,1
2020-08-30,7,4,3
2020-08-30,3,2,1
2020-08-30,2,1,1
2020-08-30,1,1,0
2020-08-30,0,0,0
2020-08-30,6,2,4
2020-08-30,12,4,8
2020-08-30,19,10,9
2020-08-30,56,29,27
2020-08-30,91,38,53
2020-08-30,125,77,48
2020-08-30,169,101,68
2020-08-30,149,70,79
2020-08-30,170,87,83
2020-08-30,180,105,75
2020-08-30,202,105,97
2020-08-30,168,79,89
2020-08-30,151,77,74
2020-08-30,112,52,60
2020-08-30,77,29,48
2020-08-30,20,8,12
2020-08-30,8,6,2
2020-08-30,8,8,0
2020-08-30,5,4,1
2020-08-31,1,0,1
2020-08-31,1,0,1
2020-08-31,0,0,0
2020-08-31,1,0,1
2020-08-31,1,1,0
2020-08-31,20,8,12
2020-08-31,35,12,23
2020-08-31,93,24,69
2020-08-31,111,29,82
2020-08-31,67,14,53
2020-08-31,45,17,28
2020-08-31,36,19,17
2020-08-31,53,24,29
2020-08-31,63,34,29
2020-08-31,76,42,34
2020-08-31,77,48,29
2020-08-31,132,89,43
2020-08-31,186,140,46
2020-08-31,206,122,84
2020-08-31,144,64,80
2020-08-31,66,32,34
2020-08-31,21,10,11
2020-08-31,20,8,12
2020-08-31,8,5,3
2020-09-01,7,4,3
2020-09-01,6,3,3
2020-09-01,6,3,3
2020-09-01,1,0,1
2020-09-01,1,0,1
2020-09-01,20,6,14
2020-09-01,61,22,39
2020-09-01,119,34,85
2020-09-01,108,19,89
2020-09-01,73,13,60
2020-09-01,60,26,34
2020-09-01,57,25,32
2020-09-01,78,46,32
2020-09-01,83,40,43
2020-09-01,86,58,28
2020-09-01,106,51,55
2020-09-01,204,137,67
2020-09-01,264,182,82
2020-09-01,244,142,102
2020-09-01,143,71,72
2020-09-01,70,28,42
2020-09-01,46,21,25
2020-09-01,17,6,11
2020-09-01,9,9,0
2020-09-02,3,1,2
2020-09-02,0,0,0
2020-09-02,2,1,1
2020-09-02,1,0,1
2020-09-02,5,2,3
2020-09-02,23,8,15
2020-09-02,56,21,35
2020-09-02,126,43,83
2020-09-02,117,32,85
2020-09-02,88,20,68
2020-09-02,57,23,34
2020-09-02,84,29,55
2020-09-02,85,47,38
2020-09-02,82,46,36
2020-09-02,94,43,51
2020-09-02,119,67,52
2020-09-02,209,138,71
2020-09-02,271,208,63
2020-09-02,221,130,91
2020-09-02,157,70,87
2020-09-02,79,28,51
2020-09-02,39,14,25
2020-09-02,33,14,19
2020-09-02,8,4,4
2020-09-03,3,0,3
2020-09-03,0,0,0
2020-09-03,1,0,1
2020-09-03,2,0,2
2020-09-03,2,1,1
2020-09-03,21,7,14
2020-09-03,54,24,30
2020-09-03,118,38,80
2020-09-03,114,25,89
2020-09-03,63,11,52
2020-09-03,77,30,47
2020-09-03,74,33,41
2020-09-03,81,35,46
2020-09-03,89,47,42
2020-09-03,68,41,27
2020-09-03,121,77,44
2020-09-03,179,112,67
2020-09-03,250,184,66
2020-09-03,198,133,65
2020-09-03,149,74,75
2020-09-03,85,31,54
2020-09-03,24,10,14
2020-09-03,26,10,16
2020-09-03,9,6,3
2020-09-04,4,1,3
2020-09-04,2,0,2
2020-09-04,0,0,0
2020-09-04,3,1,2
2020-09-04,4,1,3
2020-09-04,23,7,16
2020-09-04,43,12,31
2020-09-04,89,32,57
2020-09-04,110,24,86
2020-09-04,68,13,55
2020-09-04,68,31,37
2020-09-04,74,33,41
2020-09-04,91,52,39
2020-09-04,89,50,39
2020-09-04,119,68,51
2020-09-04,149,85,64
2020-09-04,179,121,58
2020-09-04,214,148,66
2020-09-04,132,83,49
2020-09-04,103,57,46
2020-09-04,57,19,38
2020-09-04,26,14,12
2020-09-04,23,8,15
2020-09-04,19,10,9
2020-09-05,5,4,1
2020-09-05,1,0,1
2020-09-05,3,2,1
2020-09-05,1,1,0
2020-09-05,3,2,1
2020-09-05,7,4,3
2020-09-05,7,3,4
2020-09-05,16,12,4
2020-09-05,39,21,18
2020-09-05,72,39,33
2020-09-05,94,41,53
2020-09-05,112,47,65
2020-09-05,115,56,59
2020-09-05,133,62,71
2020-09-05,155,101,54
2020-09-05,131,73,58
2020-09-05,116,69,47
2020-09-05,114,54,60
2020-09-05,141,67,74
2020-09-05,113,39,74
2020-09-05,58,31,27
2020-09-05,33,10,23
2020-09-05,28,11,17
2020-09-05,25,21,4
2020-09-06,3,1,2
2020-09-06,2,0,2
2020-09-06,0,0,0
2020-09-06,0,0,0
2020-09-06,1,1,0
2020-09-06,5,1,4
2020-09-06,7,1,6
2020-09-06,25,13,12
2020-09-06,23,12,11
2020-09-06,71,39,32
2020-09-06,105,61,44
2020-09-06,146,62,84
2020-09-06,121,75,46
2020-09-06,141,72,69
2020-09-06,174,98,76
2020-09-06,162,80,82
2020-09-06,164,71,93
2020-09-06,148,73,75
2020-09-06,110,49,61
2020-09-06,72,29,43
2020-09-06,50,15,35
2020-09-06,29,15,14
2020-09-06,15,8,7
2020-09-06,7,4,3
2020-09-07,4,1,3
2020-09-07,2,1,1
2020-09-07,0,0,0
2020-09-07,0,0,0
2020-09-07,2,1,1
2020-09-07,4,1,3
2020-09-07,9,6,3
2020-09-07,17,10,7
2020-09-07,45,25,20
2020-09-07,77,44,33
2020-09-07,85,46,39
2020-09-07,83,45,38
2020-09-07,119,65,54
2020-09-07,138,75,63
2020-09-07,165,87,78
2020-09-07,156,79,77
2020-09-07,146,80,66
2020-09-07,106,57,49
2020-09-07,114,52,62
2020-09-07,83,38,45
2020-09-07,28,10,18
2020-09-07,26,16,10
2020-09-07,14,8,6
2020-09-07,3,1,2
2020-09-08,0,0,0
2020-09-08,1,1,0
2020-09-08,1,1,0
2020-09-08,1,0,1
2020-09-08,4,2,2
2020-09-08,14,6,8
2020-09-08,38,12,26
2020-09-08,77,16,61
2020-09-08,77,14,63
2020-09-08,66,16,50
2020-09-08,34,7,27
2020-09-08,27,12,15
2020-09-08,31,17,14
2020-09-08,37,13,24
2020-09-08,62,33,29
2020-09-08,66,48,18
2020-09-08,89,70,19
2020-09-08,155,121,34
2020-09-08,118,74,44
2020-09-08,85,49,36
2020-09-08,38,21,17
2020-09-08,16,8,8
2020-09-08,8,4,4
2020-09-08,5,5,0
2020-09-09,2,1,1
2020-09-09,0,0,0
2020-09-09,0,0,0
2020-09-09,1,0,1
2020-09-09,1,1,0
2020-09-09,15,5,10
2020-09-09,51,21,30
2020-09-09,78,24,54
2020-09-09,98,17,81
2020-09-09,62,12,50
2020-09-09,38,13,25
2020-09-09,43,20,23
2020-09-09,46,24,22
2020-09-09,63,34,29
2020-09-09,57,27,30
2020-09-09,86,55,31
2020-09-09,119,67,52
2020-09-09,156,111,45
2020-09-09,136,95,41
2020-09-09,93,45,48
2020-09-09,51,25,26
2020-09-09,28,11,17
2020-09-09,14,7,7
2020-09-09,10,8,2
2020-09-10,0,0,0
2020-09-10,1,1,0
2020-09-10,1,1,0
2020-09-10,1,0,1
2020-09-10,0,0,0
2020-09-10,17,7,10
2020-09-10,29,9,20
2020-09-10,87,26,61
2020-09-10,100,24,76
2020-09-10,104,41,63
2020-09-10,47,17,30
2020-09-10,74,21,53
2020-09-10,48,22,26
2020-09-10,52,28,24
2020-09-10,63,36,27
2020-09-10,89,54,35
2020-09-10,120,80,40
2020-09-10,149,112,37
2020-09-10,141,83,58
2020-09-10,76,39,37
2020-09-10,58,28,30
2020-09-10,30,17,13
2020-09-10,18,3,15
2020-09-10,9,6,3
2020-09-11,3,3,0
2020-09-11,0,0,0
2020-09-11,0,0,0
2020-09-11,2,0,2
2020-09-11,1,1,0
2020-09-11,11,5,6
2020-09-11,26,11,15
2020-09-11,51,14,37
2020-09-11,51,8,43
2020-09-11,46,12,34
2020-09-11,25,11,14
2020-09-11,19,8,11
2020-09-11,27,17,10
2020-09-11,25,17,8
2020-09-11,36,17,19
2020-09-11,37,25,12
2020-09-11,61,43,18
2020-09-11,63,45,18
2020-09-11,44,26,18
2020-09-11,27,12,15
2020-09-11,19,10,9
2020-09-11,8,7,1
2020-09-11,6,2,4
2020-09-11,2,2,0
2020-09-12,5,2,3
2020-09-12,3,2,1
2020-09-12,0,0,0
2020-09-12,0,0,0
2020-09-12,0,0,0
2020-09-12,3,0,3
2020-09-12,3,1,2
2020-09-12,7,4,3
2020-09-12,6,1,5
2020-09-12,9,6,3
2020-09-12,4,1,3
2020-09-12,16,7,9
2020-09-12,8,6,2
2020-09-12,13,6,7
2020-09-12,13,6,7
2020-09-12,16,13,3
2020-09-12,7,2,5
2020-09-12,11,8,3
2020-09-12,18,10,8
2020-09-12,13,6,7
2020-09-12,10,4,6
2020-09-12,5,4,1
2020-09-12,3,2,1
2020-09-12,2,0,2
2020-09-13,1,1,0
2020-09-13,1,1,0
2020-09-13,0,0,0
2020-09-13,0,0,0
2020-09-13,0,0,0
2020-09-13,4,1,3
2020-09-13,2,0,2
2020-09-13,6,3,3
2020-09-13,5,3,2
2020-09-13,13,8,5
2020-09-13,9,3,6
2020-09-13,12,6,6
2020-09-13,8,2,6
2020-09-13,25,13,12
2020-09-13,19,9,10
2020-09-13,21,11,10
2020-09-13,15,10,5
2020-09-13,20,14,6
2020-09-13,19,8,11
2020-09-13,8,3,5
2020-09-13,10,6,4
2020-09-13,1,0,1
2020-09-13,4,4,0
2020-09-13,3,1,2
2020-09-14,0,0,0
2020-09-14,0,0,0
2020-09-14,0,0,0
2020-09-14,1,0,1
2020-09-14,0,0,0
2020-09-14,13,6,7
2020-09-14,19,8,11
2020-09-14,35,7,28
2020-09-14,34,4,30
2020-09-14,23,9,14
2020-09-14,24,4,20
2020-09-14,19,4,15
2020-09-14,11,7,4
2020-09-14,15,11,4
2020-09-14,13,7,6
2020-09-14,35,16,19
2020-09-14,40,26,14
2020-09-14,57,42,15
2020-09-14,33,25,8
2020-09-14,13,10,3
2020-09-14,10,7,3
2020-09-14,7,4,3
2020-09-14,3,2,1
2020-09-14,0,0,0
2020-09-15,0,0,0
2020-09-15,0,0,0
2020-09-15,0,0,0
2020-09-15,1,0,1
2020-09-15,1,1,0
2020-09-15,10,5,5
2020-09-15,18,8,10
2020-09-15,33,8,25
2020-09-15,29,5,24
2020-09-15,25,7,18
2020-09-15,16,4,12
2020-09-15,15,7,8
2020-09-15,18,12,6
2020-09-15,15,7,8
2020-09-15,22,13,9
2020-09-15,31,18,13
2020-09-15,37,23,14
2020-09-15,54,42,12
2020-09-15,49,32,17
2020-09-15,32,18,14
2020-09-15,9,4,5
2020-09-15,3,2,1
2020-09-15,12,5,7
2020-09-15,2,1,1
2020-09-16,3,1,2
2020-09-16,0,0,0
2020-09-16,0,0,0
2020-09-16,2,1,1
2020-09-16,1,0,1
2020-09-16,13,7,6
2020-09-16,22,14,8
2020-09-16,40,7,33
2020-09-16,29,7,22
2020-09-16,29,3,26
2020-09-16,14,5,9
2020-09-16,14,7,7
2020-09-16,23,13,10
2020-09-16,20,11,9
2020-09-16,18,10,8
2020-09-16,31,19,12
2020-09-16,56,36,20
2020-09-16,76,55,21
2020-09-16,40,28,12
2020-09-16,27,14,13
2020-09-16,28,15,13
2020-09-16,10,6,4
2020-09-16,8,3,5
2020-09-16,7,2,5
2020-09-17,0,0,0
2020-09-17,0,0,0
2020-09-17,0,0,0
2020-09-17,1,0,1
2020-09-17,3,2,1
2020-09-17,17,7,10
2020-09-17,20,13,7
2020-09-17,39,8,31
2020-09-17,38,5,33
2020-09-17,25,5,20
2020-09-17,22,12,10
2020-09-17,23,8,15
2020-09-17,25,13,12
2020-09-17,35,20,15
2020-09-17,33,17,16
2020-09-17,42,23,19
2020-09-17,61,48,13
2020-09-17,76,52,24
2020-09-17,58,32,26
2020-09-17,42,18,24
2020-09-17,25,9,16
2020-09-17,15,6,9
2020-09-17,9,4,5
2020-09-17,1,1,0
2020-09-18,1,1,0
2020-09-18,1,0,1
2020-09-18,0,0,0
2020-09-18,1,0,1
2020-09-18,0,0,0
2020-09-18,11,4,7
2020-09-18,20,9,11
2020-09-18,37,10,27
2020-09-18,38,6,32
2020-09-18,39,11,28
2020-09-18,22,7,15
2020-09-18,27,9,18
2020-09-18,27,7,20
2020-09-18,24,13,11
2020-09-18,18,10,8
2020-09-18,26,21,5
2020-09-18,34,25,9
2020-09-18,43,29,14
2020-09-18,49,33,16
2020-09-18,15,10,5
2020-09-18,17,13,4
2020-09-18,14,7,7
2020-09-18,11,2,9
2020-09-18,20,10,10
2020-09-19,4,3,1
2020-09-19,0,0,0
2020-09-19,2,0,2
2020-09-19,1,1,0
2020-09-19,2,0,2
2020-09-19,4,2,2
2020-09-19,1,1,0
2020-09-19,16,12,4
2020-09-19,20,15,5
2020-09-19,39,20,19
2020-09-19,48,20,28
2020-09-19,85,39,46
2020-09-19,81,39,42
2020-09-19,95,53,42
2020-09-19,113,62,51
2020-09-19,123,64,59
2020-09-19,127,69,58
2020-09-19,75,38,37
2020-09-19,45,17,28
2020-09-19,30,10,20
2020-09-19,13,5,8
2020-09-19,7,2,5
2020-09-19,10,4,6
2020-09-19,7,4,3
2020-09-20,4,1,3
2020-09-20,1,0,1
2020-09-20,0,0,0
2020-09-20,0,0,0
2020-09-20,0,0,0
2020-09-20,4,0,4
2020-09-20,7,3,4
2020-09-20,17,11,6
2020-09-20,41,21,20
2020-09-20,68,33,35
2020-09-20,65,33,32
2020-09-20,106,65,41
2020-09-20,113,61,52
2020-09-20,162,84,78
2020-09-20,231,140,91
2020-09-20,209,108,101
2020-09-20,215,102,113
2020-09-20,161,65,96
2020-09-20,134,57,77
2020-09-20,75,25,50
2020-09-20,24,8,16
2020-09-20,20,9,11
2020-09-20,14,7,7
2020-09-20,5,2,3
2020-09-21,2,0,2
2020-09-21,0,0,0
2020-09-21,0,0,0
2020-09-21,1,0,1
2020-09-21,4,1,3
2020-09-21,16,6,10
2020-09-21,39,15,24
2020-09-21,91,27,64
2020-09-21,101,14,87
2020-09-21,73,14,59
2020-09-21,46,13,33
2020-09-21,40,19,21
2020-09-21,50,24,26
2020-09-21,67,28,39
2020-09-21,75,42,33
2020-09-21,93,68,25
2020-09-21,130,88,42
2020-09-21,250,178,72
2020-09-21,197,126,71
2020-09-21,116,60,56
2020-09-21,36,12,24
2020-09-21,23,11,12
2020-09-21,18,6,12
2020-09-21,9,2,7
2020-09-22,2,1,1
2020-09-22,3,3,0
2020-09-22,1,1,0
2020-09-22,2,1,1
2020-09-22,0,0,0
2020-09-22,25,9,16
2020-09-22,36,13,23
2020-09-22,108,32,76
2020-09-22,111,26,85
2020-09-22,71,16,55
2020-09-22,49,20,29
2020-09-22,56,22,34
2020-09-22,52,27,25
2020-09-22,97,51,46
2020-09-22,117,58,59
2020-09-22,127,92,35
2020-09-22,212,141,71
2020-09-22,281,205,76
2020-09-22,250,145,105
2020-09-22,118,54,64
2020-09-22,47,26,21
2020-09-22,42,17,25
2020-09-22,13,6,7
2020-09-22,8,4,4
2020-09-23,1,1,0
2020-09-23,2,1,1
2020-09-23,2,2,0
2020-09-23,1,0,1
2020-09-23,1,1,0
2020-09-23,12,5,7
2020-09-23,31,9,22
2020-09-23,60,22,38
2020-09-23,66,14,52
2020-09-23,43,7,36
2020-09-23,22,9,13
2020-09-23,19,6,13
2020-09-23,17,8,9
2020-09-23,19,12,7
2020-09-23,22,15,7
2020-09-23,28,18,10
2020-09-23,52,42,10
2020-09-23,64,52,12
2020-09-23,35,28,7
2020-09-23,26,19,7
2020-09-23,13,10,3
2020-09-23,10,4,6
2020-09-23,8,2,6
2020-09-23,4,2,2
2020-09-24,2,2,0
2020-09-24,0,0,0
2020-09-24,0,0,0
2020-09-24,1,0,1
2020-09-24,0,0,0
2020-09-24,15,8,7
2020-09-24,21,8,13
2020-09-24,39,12,27
2020-09-24,54,10,44
2020-09-24,28,4,24
2020-09-24,12,7,5
2020-09-24,17,4,13
2020-09-24,16,7,9
2020-09-24,25,12,13
2020-09-24,48,21,27
2020-09-24,55,35,20
2020-09-24,76,44,32
2020-09-24,146,111,35
2020-09-24,115,69,46
2020-09-24,73,29,44
2020-09-24,29,9,20
2020-09-24,22,11,11
2020-09-24,10,4,6
2020-09-24,4,2,2
2020-09-25,1,1,0
2020-09-25,0,0,0
2020-09-25,0,0,0
2020-09-25,1,0,1
2020-09-25,7,3,4
2020-09-25,10,6,4
2020-09-25,13,6,7
2020-09-25,30,8,22
2020-09-25,40,3,37
2020-09-25,19,5,14
2020-09-25,15,4,11
2020-09-25,14,6,8
2020-09-25,19,7,12
2020-09-25,20,8,12
2020-09-25,26,14,12
2020-09-25,51,28,23
2020-09-25,97,66,31
2020-09-25,126,92,34
2020-09-25,111,60,51
2020-09-25,68,23,45
2020-09-25,18,7,11
2020-09-25,17,8,9
2020-09-25,17,7,10
2020-09-25,7,4,3
2020-09-26,4,2,2
2020-09-26,5,1,4
2020-09-26,1,0,1
2020-09-26,0,0,0
2020-09-26,0,0,0
2020-09-26,4,0,4
2020-09-26,5,0,5
2020-09-26,19,12,7
2020-09-26,41,26,15
2020-09-26,48,27,21
2020-09-26,68,33,35
2020-09-26,105,55,50
2020-09-26,112,53,59
2020-09-26,91,48,43
2020-09-26,115,60,55
2020-09-26,88,47,41
2020-09-26,107,56,51
2020-09-26,117,60,57
2020-09-26,61,33,28
2020-09-26,35,15,20
2020-09-26,27,13,14
2020-09-26,18,12,6
2020-09-26,19,7,12
2020-09-26,18,12,6
2020-09-27,6,5,1
2020-09-27,4,1,3
2020-09-27,5,2,3
2020-09-27,2,2,0
2020-09-27,1,0,1
2020-09-27,6,3,3
2020-09-27,8,1,7
2020-09-27,18,8,10
2020-09-27,43,19,24
2020-09-27,58,33,25
2020-09-27,93,44,49
2020-09-27,115,67,48
2020-09-27,177,108,69
2020-09-27,152,79,73
2020-09-27,198,108,90
2020-09-27,197,119,78
2020-09-27,191,93,98
2020-09-27,138,59,79
2020-09-27,135,47,88
2020-09-27,59,25,34
2020-09-27,33,11,22
2020-09-27,26,14,12
2020-09-27,4,2,2
2020-09-27,4,4,0
2020-09-28,2,1,1
2020-09-28,0,0,0
2020-09-28,1,0,1
2020-09-28,1,0,1
2020-09-28,1,1,0
2020-09-28,22,6,16
2020-09-28,37,18,19
2020-09-28,97,23,74
2020-09-28,104,16,88
2020-09-28,85,20,65
2020-09-28,62,15,47
2020-09-28,48,21,27
2020-09-28,67,45,22
2020-09-28,74,43,31
2020-09-28,86,50,36
2020-09-28,111,78,33
2020-09-28,203,130,73
2020-09-28,249,173,76
2020-09-28,250,139,111
2020-09-28,107,44,63
2020-09-28,33,15,18
2020-09-28,24,11,13
2020-09-28,19,10,9
2020-09-28,0,0,0
2020-09-29,5,1,4
2020-09-29,0,0,0
2020-09-29,0,0,0
2020-09-29,2,0,2
2020-09-29,2,2,0
2020-09-29,18,6,12
2020-09-29,40,12,28
2020-09-29,96,27,69
2020-09-29,117,19,98
2020-09-29,74,13,61
2020-09-29,47,19,28
2020-09-29,57,27,30
2020-09-29,64,32,32
2020-09-29,71,30,41
2020-09-29,86,49,37
2020-09-29,124,68,56
2020-09-29,214,152,62
2020-09-29,278,188,90
2020-09-29,159,92,67
2020-09-29,96,43,53
2020-09-29,44,28,16
2020-09-29,22,10,12
2020-09-29,19,8,11
2020-09-29,10,6,4
2020-09-30,1,1,0
2020-09-30,2,1,1
2020-09-30,0,0,0
2020-09-30,1,0,1
2020-09-30,2,1,1
2020-09-30,12,7,5
2020-09-30,38,14,24
2020-09-30,114,29,85
2020-09-30,112,22,90
2020-09-30,65,17,48
2020-09-30,41,11,30
2020-09-30,45,20,25
2020-09-30,54,24,30
2020-09-30,50,19,31
2020-09-30,76,40,36
2020-09-30,100,73,27
2020-09-30,162,114,48
2020-09-30,252,171,81
2020-09-30,185,127,58
2020-09-30,91,32,59
2020-09-30,8,3,5
2020-09-30,0,0,0
2020-09-30,0,0,0
2020-09-30,0,0,0
2020-10-01,0,0,0
2020-10-01,0,0,0
2020-10-01,0,0,0
2020-10-01,0,0,0
2020-10-01,0,0,0
2020-10-01,0,0,0
2020-10-01,0,0,0
2020-10-01,0,0,0
2020-10-01,0,0,0
2020-10-01,0,0,0
2020-10-01,0,0,0
2020-10-01,0,0,0
2020-10-01,0,0,0
2020-10-01,0,0,0
2020-10-01,0,0,0
2020-10-01,0,0,0
2020-10-01,0,0,0
2020-10-01,0,0,0
2020-10-01,0,0,0
2020-10-01,0,0,0
2020-10-01,0,0,0
2020-10-01,0,0,0
2020-10-01,0,0,0
2020-10-01,0,0,0
2020-10-02,0,0,0
2020-10-02,0,0,0
2020-10-02,0,0,0
2020-10-02,0,0,0
2020-10-02,0,0,0
2020-10-02,0,0,0
2020-10-02,0,0,0
2020-10-02,0,0,0
2020-10-02,0,0,0
2020-10-02,0,0,0
2020-10-02,0,0,0
2020-10-02,0,0,0
2020-10-02,0,0,0
2020-10-02,0,0,0
2020-10-02,0,0,0
2020-10-02,0,0,0
2020-10-02,0,0,0
2020-10-02,0,0,0
2020-10-02,0,0,0
2020-10-02,0,0,0
2020-10-02,0,0,0
2020-10-02,0,0,0
2020-10-02,0,0,0
2020-10-02,0,0,0
2020-10-03,0,0,0
2020-10-03,0,0,0
2020-10-03,0,0,0
2020-10-03,0,0,0
2020-10-03,0,0,0
2020-10-03,0,0,0
2020-10-03,0,0,0
2020-10-03,0,0,0
2020-10-03,0,0,0
2020-10-03,0,0,0
2020-10-03,0,0,0
2020-10-03,0,0,0
2020-10-03,0,0,0
2020-10-03,0,0,0
2020-10-03,0,0,0
2020-10-03,0,0,0
2020-10-03,0,0,0
2020-10-03,0,0,0
2020-10-03,0,0,0
2020-10-03,0,0,0
2020-10-03,0,0,0
2020-10-03,0,0,0
2020-10-03,0,0,0
2020-10-03,0,0,0
2020-10-04,0,0,0
2020-10-04,0,0,0
2020-10-04,0,0,0
2020-10-04,0,0,0
2020-10-04,0,0,0
2020-10-04,0,0,0
2020-10-04,0,0,0
2020-10-04,0,0,0
2020-10-04,0,0,0
2020-10-04,0,0,0
2020-10-04,0,0,0
2020-10-04,0,0,0
2020-10-04,0,0,0
2020-10-04,0,0,0
2020-10-04,0,0,0
2020-10-04,0,0,0
2020-10-04,0,0,0
2020-10-04,0,0,0
2020-10-04,0,0,0
2020-10-04,0,0,0
2020-10-04,0,0,0
2020-10-04,0,0,0
2020-10-04,0,0,0
2020-10-04,0,0,0
2020-10-05,0,0,0
2020-10-05,0,0,0
2020-10-05,0,0,0
2020-10-05,0,0,0
2020-10-05,0,0,0
2020-10-05,0,0,0
2020-10-05,0,0,0
2020-10-05,0,0,0
2020-10-05,0,0,0
2020-10-05,0,0,0
2020-10-05,0,0,0
2020-10-05,0,0,0
2020-10-05,0,0,0
2020-10-05,0,0,0
2020-10-05,0,0,0
2020-10-05,0,0,0
2020-10-05,0,0,0
2020-10-05,0,0,0
2020-10-05,0,0,0
2020-10-05,0,0,0
2020-10-05,0,0,0
2020-10-05,0,0,0
2020-10-05,0,0,0
2020-10-05,0,0,0
2020-10-06,0,0,0
2020-10-06,0,0,0
2020-10-06,0,0,0
2020-10-06,0,0,0
2020-10-06,0,0,0
2020-10-06,0,0,0
2020-10-06,0,0,0
2020-10-06,0,0,0
2020-10-06,0,0,0
2020-10-06,0,0,0
2020-10-06,0,0,0
2020-10-06,0,0,0
2020-10-06,0,0,0
2020-10-06,0,0,0
2020-10-06,0,0,0
2020-10-06,0,0,0
2020-10-06,0,0,0
2020-10-06,0,0,0
2020-10-06,0,0,0
2020-10-06,0,0,0
2020-10-06,0,0,0
2020-10-06,0,0,0
2020-10-06,0,0,0
2020-10-06,0,0,0
2020-10-07,0,0,0
2020-10-07,0,0,0
2020-10-07,0,0,0
2020-10-07,0,0,0
2020-10-07,0,0,0
2020-10-07,0,0,0
2020-10-07,0,0,0
2020-10-07,0,0,0
2020-10-07,0,0,0
2020-10-07,0,0,0
2020-10-07,0,0,0
2020-10-07,0,0,0
2020-10-07,0,0,0
2020-10-07,0,0,0
2020-10-07,0,0,0
2020-10-07,0,0,0
2020-10-07,0,0,0
2020-10-07,0,0,0
2020-10-07,0,0,0
2020-10-07,0,0,0
2020-10-07,0,0,0
2020-10-07,0,0,0
2020-10-07,0,0,0
2020-10-07,0,0,0
2020-10-08,0,0,0
2020-10-08,0,0,0
2020-10-08,0,0,0
2020-10-08,0,0,0
2020-10-08,0,0,0
2020-10-08,0,0,0
2020-10-08,0,0,0
2020-10-08,0,0,0
2020-10-08,0,0,0
2020-10-08,0,0,0
2020-10-08,0,0,0
2020-10-08,0,0,0
2020-10-08,0,0,0
2020-10-08,0,0,0
2020-10-08,0,0,0
2020-10-08,0,0,0
2020-10-08,0,0,0
2020-10-08,0,0,0
2020-10-08,0,0,0
2020-10-08,0,0,0
2020-10-08,0,0,0
2020-10-08,0,0,0
2020-10-08,0,0,0
2020-10-08,0,0,0
2020-10-09,0,0,0
2020-10-09,0,0,0
2020-10-09,0,0,0
2020-10-09,0,0,0
2020-10-09,0,0,0
2020-10-09,0,0,0
2020-10-09,0,0,0
2020-10-09,0,0,0
2020-10-09,0,0,0
2020-10-09,0,0,0
2020-10-09,0,0,0
2020-10-09,0,0,0
2020-10-09,0,0,0
2020-10-09,0,0,0
2020-10-09,0,0,0
2020-10-09,0,0,0
2020-10-09,0,0,0
2020-10-09,0,0,0
2020-10-09,0,0,0
2020-10-09,0,0,0
2020-10-09,0,0,0
2020-10-09,0,0,0
2020-10-09,0,0,0
2020-10-09,0,0,0
2020-10-10,0,0,0
2020-10-10,0,0,0
2020-10-10,0,0,0
2020-10-10,0,0,0
2020-10-10,0,0,0
2020-10-10,0,0,0
2020-10-10,0,0,0
2020-10-10,0,0,0
2020-10-10,0,0,0
2020-10-10,0,0,0
2020-10-10,0,0,0
2020-10-10,0,0,0
2020-10-10,0,0,0
2020-10-10,0,0,0
2020-10-10,0,0,0
2020-10-10,0,0,0
2020-10-10,0,0,0
2020-10-10,0,0,0
2020-10-10,0,0,0
2020-10-10,0,0,0
2020-10-10,0,0,0
2020-10-10,0,0,0
2020-10-10,0,0,0
2020-10-10,0,0,0
2020-10-11,0,0,0
2020-10-11,0,0,0
2020-10-11,0,0,0
2020-10-11,0,0,0
2020-10-11,0,0,0
2020-10-11,0,0,0
2020-10-11,0,0,0
2020-10-11,0,0,0
2020-10-11,0,0,0
2020-10-11,0,0,0
2020-10-11,0,0,0
2020-10-11,0,0,0
2020-10-11,0,0,0
2020-10-11,0,0,0
2020-10-11,0,0,0
2020-10-11,0,0,0
2020-10-11,0,0,0
2020-10-11,0,0,0
2020-10-11,0,0,0
2020-10-11,0,0,0
2020-10-11,0,0,0
2020-10-11,0,0,0
2020-10-11,0,0,0
2020-10-11,0,0,0
2020-10-12,0,0,0
2020-10-12,0,0,0
2020-10-12,0,0,0
2020-10-12,0,0,0
2020-10-12,0,0,0
2020-10-12,0,0,0
2020-10-12,0,0,0
2020-10-12,0,0,0
2020-10-12,0,0,0
2020-10-12,0,0,0
2020-10-12,0,0,0
2020-10-12,0,0,0
2020-10-12,0,0,0
2020-10-12,0,0,0
2020-10-12,0,0,0
2020-10-12,0,0,0
2020-10-12,0,0,0
2020-10-12,0,0,0
2020-10-12,0,0,0
2020-10-12,0,0,0
2020-10-12,0,0,0
2020-10-12,0,0,0
2020-10-12,0,0,0
2020-10-12,0,0,0
2020-10-13,0,0,0
2020-10-13,0,0,0
2020-10-13,0,0,0
2020-10-13,0,0,0
2020-10-13,0,0,0
2020-10-13,0,0,0
2020-10-13,0,0,0
2020-10-13,0,0,0
2020-10-13,0,0,0
2020-10-13,0,0,0
2020-10-13,0,0,0
2020-10-13,0,0,0
2020-10-13,0,0,0
2020-10-13,0,0,0
2020-10-13,0,0,0
2020-10-13,0,0,0
2020-10-13,0,0,0
2020-10-13,0,0,0
2020-10-13,0,0,0
2020-10-13,0,0,0
2020-10-13,0,0,0
2020-10-13,0,0,0
2020-10-13,0,0,0
2020-10-13,0,0,0
2020-10-14,0,0,0
2020-10-14,0,0,0
2020-10-14,0,0,0
2020-10-14,0,0,0
2020-10-14,0,0,0
2020-10-14,0,0,0
2020-10-14,0,0,0
2020-10-14,0,0,0
2020-10-14,0,0,0
2020-10-14,0,0,0
2020-10-14,0,0,0
2020-10-14,0,0,0
2020-10-14,0,0,0
2020-10-14,0,0,0
2020-10-14,0,0,0
2020-10-14,0,0,0
2020-10-14,0,0,0
2020-10-14,0,0,0
2020-10-14,0,0,0
2020-10-14,0,0,0
2020-10-14,0,0,0
2020-10-14,0,0,0
2020-10-14,0,0,0
2020-10-14,0,0,0
2020-10-15,0,0,0
2020-10-15,0,0,0
2020-10-15,0,0,0
2020-10-15,0,0,0
2020-10-15,0,0,0
2020-10-15,0,0,0
2020-10-15,0,0,0
2020-10-15,0,0,0
2020-10-15,0,0,0
2020-10-15,0,0,0
2020-10-15,0,0,0
2020-10-15,0,0,0
2020-10-15,0,0,0
2020-10-15,0,0,0
2020-10-15,0,0,0
2020-10-15,0,0,0
2020-10-15,0,0,0
2020-10-15,1,1,0
2020-10-15,0,0,0
2020-10-15,0,0,0
2020-10-15,0,0,0
2020-10-15,0,0,0
2020-10-15,0,0,0
2020-10-15,0,0,0
2020-10-16,0,0,0
2020-10-16,0,0,0
2020-10-16,0,0,0
2020-10-16,0,0,0
2020-10-16,0,0,0
2020-10-16,0,0,0
2020-10-16,0,0,0
2020-10-16,0,0,0
2020-10-16,0,0,0
2020-10-16,0,0,0
2020-10-16,0,0,0
2020-10-16,0,0,0
2020-10-16,0,0,0
2020-10-16,0,0,0
2020-10-16,0,0,0
2020-10-16,0,0,0
2020-10-16,0,0,0
2020-10-16,0,0,0
2020-10-16,0,0,0
2020-10-16,0,0,0
2020-10-16,0,0,0
2020-10-16,0,0,0
2020-10-16,0,0,0
2020-10-16,0,0,0
2020-10-17,0,0,0
2020-10-17,0,0,0
2020-10-17,0,0,0
2020-10-17,0,0,0
2020-10-17,0,0,0
2020-10-17,0,0,0
2020-10-17,0,0,0
2020-10-17,0,0,0
2020-10-17,0,0,0
2020-10-17,0,0,0
2020-10-17,0,0,0
2020-10-17,0,0,0
2020-10-17,0,0,0
2020-10-17,0,0,0
2020-10-17,0,0,0
2020-10-17,0,0,0
2020-10-17,0,0,0
2020-10-17,0,0,0
2020-10-17,0,0,0
2020-10-17,0,0,0
2020-10-17,0,0,0
2020-10-17,0,0,0
2020-10-17,0,0,0
2020-10-17,0,0,0
2020-10-18,0,0,0
2020-10-18,0,0,0
2020-10-18,0,0,0
2020-10-18,0,0,0
2020-10-18,0,0,0
2020-10-18,0,0,0
2020-10-18,0,0,0
2020-10-18,0,0,0
2020-10-18,0,0,0
2020-10-18,0,0,0
2020-10-18,0,0,0
2020-10-18,0,0,0
2020-10-18,0,0,0
2020-10-18,0,0,0
2020-10-18,0,0,0
2020-10-18,0,0,0
2020-10-18,0,0,0
2020-10-18,0,0,0
2020-10-18,0,0,0
2020-10-18,0,0,0
2020-10-18,0,0,0
2020-10-18,0,0,0
2020-10-18,0,0,0
2020-10-18,0,0,0
2020-10-19,0,0,0
2020-10-19,0,0,0
2020-10-19,0,0,0
2020-10-19,0,0,0
2020-10-19,0,0,0
2020-10-19,0,0,0
2020-10-19,0,0,0
2020-10-19,0,0,0
2020-10-19,0,0,0
2020-10-19,0,0,0
2020-10-19,0,0,0
2020-10-19,0,0,0
2020-10-19,0,0,0
2020-10-19,0,0,0
2020-10-19,0,0,0
2020-10-19,0,0,0
2020-10-19,0,0,0
2020-10-19,0,0,0
2020-10-19,0,0,0
2020-10-19,0,0,0
2020-10-19,0,0,0
2020-10-19,0,0,0
2020-10-19,0,0,0
2020-10-19,0,0,0
2020-10-20,0,0,0
2020-10-20,0,0,0
2020-10-20,0,0,0
2020-10-20,0,0,0
2020-10-20,0,0,0
2020-10-20,0,0,0
2020-10-20,0,0,0
2020-10-20,0,0,0
2020-10-20,0,0,0
2020-10-20,0,0,0
2020-10-20,0,0,0
2020-10-20,0,0,0
2020-10-20,0,0,0
2020-10-20,0,0,0
2020-10-20,0,0,0
2020-10-20,0,0,0
2020-10-20,0,0,0
2020-10-20,0,0,0
2020-10-20,0,0,0
2020-10-20,0,0,0
2020-10-20,0,0,0
2020-10-20,0,0,0
2020-10-20,0,0,0
2020-10-20,0,0,0
2020-10-21,0,0,0
2020-10-21,0,0,0
2020-10-21,0,0,0
2020-10-21,0,0,0
2020-10-21,0,0,0
2020-10-21,0,0,0
2020-10-21,0,0,0
2020-10-21,0,0,0
2020-10-21,0,0,0
2020-10-21,0,0,0
2020-10-21,0,0,0
2020-10-21,0,0,0
2020-10-21,0,0,0
2020-10-21,0,0,0
2020-10-21,0,0,0
2020-10-21,0,0,0
2020-10-21,0,0,0
2020-10-21,0,0,0
2020-10-21,0,0,0
2020-10-21,0,0,0
2020-10-21,0,0,0
2020-10-21,0,0,0
2020-10-21,0,0,0
2020-10-21,0,0,0
2020-10-22,0,0,0
2020-10-22,0,0,0
2020-10-22,0,0,0
2020-10-22,0,0,0
2020-10-22,0,0,0
2020-10-22,0,0,0
2020-10-22,0,0,0
2020-10-22,0,0,0
2020-10-22,0,0,0
2020-10-22,0,0,0
2020-10-22,0,0,0
2020-10-22,0,0,0
2020-10-22,0,0,0
2020-10-22,0,0,0
2020-10-22,0,0,0
2020-10-22,0,0,0
2020-10-22,0,0,0
2020-10-22,0,0,0
2020-10-22,0,0,0
2020-10-22,0,0,0
2020-10-22,0,0,0
2020-10-22,0,0,0
2020-10-22,0,0,0
2020-10-22,0,0,0
2020-10-23,0,0,0
2020-10-23,0,0,0
2020-10-23,0,0,0
2020-10-23,0,0,0
2020-10-23,0,0,0
2020-10-23,0,0,0
2020-10-23,0,0,0
2020-10-23,0,0,0
2020-10-23,0,0,0
2020-10-23,0,0,0
2020-10-23,0,0,0
2020-10-23,0,0,0
2020-10-23,0,0,0
2020-10-23,0,0,0
2020-10-23,0,0,0
2020-10-23,0,0,0
2020-10-23,0,0,0
2020-10-23,0,0,0
2020-10-23,0,0,0
2020-10-23,0,0,0
2020-10-23,0,0,0
2020-10-23,0,0,0
2020-10-23,0,0,0
2020-10-23,0,0,0
2020-10-24,0,0,0
2020-10-24,0,0,0
2020-10-24,0,0,0
2020-10-24,0,0,0
2020-10-24,0,0,0
2020-10-24,0,0,0
2020-10-24,0,0,0
2020-10-24,0,0,0
2020-10-24,0,0,0
2020-10-24,0,0,0
2020-10-24,0,0,0
2020-10-24,0,0,0
2020-10-24,0,0,0
2020-10-24,0,0,0
2020-10-24,0,0,0
2020-10-24,0,0,0
2020-10-24,0,0,0
2020-10-24,0,0,0
2020-10-24,0,0,0
2020-10-24,0,0,0
2020-10-24,0,0,0
2020-10-24,0,0,0
2020-10-24,0,0,0
2020-10-24,0,0,0
2020-10-25,0,0,0
2020-10-25,0,0,0
2020-10-25,0,0,0
2020-10-25,0,0,0
2020-10-25,0,0,0
2020-10-25,0,0,0
2020-10-25,0,0,0
2020-10-25,0,0,0
2020-10-25,0,0,0
2020-10-25,0,0,0
2020-10-25,0,0,0
2020-10-25,0,0,0
2020-10-25,0,0,0
2020-10-25,0,0,0
2020-10-25,0,0,0
2020-10-25,0,0,0
2020-10-25,0,0,0
2020-10-25,0,0,0
2020-10-25,0,0,0
2020-10-25,0,0,0
2020-10-25,0,0,0
2020-10-25,0,0,0
2020-10-25,0,0,0
2020-10-25,0,0,0
2020-10-26,0,0,0
2020-10-26,0,0,0
2020-10-26,0,0,0
2020-10-26,0,0,0
2020-10-26,0,0,0
2020-10-26,0,0,0
2020-10-26,0,0,0
2020-10-26,0,0,0
2020-10-26,0,0,0
2020-10-26,0,0,0
2020-10-26,0,0,0
2020-10-26,0,0,0
2020-10-26,0,0,0
2020-10-26,0,0,0
2020-10-26,0,0,0
2020-10-26,0,0,0
2020-10-26,0,0,0
2020-10-26,0,0,0
2020-10-26,0,0,0
2020-10-26,0,0,0
2020-10-26,0,0,0
2020-10-26,0,0,0
2020-10-26,0,0,0
2020-10-26,0,0,0
2020-10-27,0,0,0
2020-10-27,0,0,0
2020-10-27,0,0,0
2020-10-27,0,0,0
2020-10-27,0,0,0
2020-10-27,0,0,0
2020-10-27,0,0,0
2020-10-27,0,0,0
2020-10-27,0,0,0
2020-10-27,0,0,0
2020-10-27,0,0,0
2020-10-27,0,0,0
2020-10-27,0,0,0
2020-10-27,0,0,0
2020-10-27,0,0,0
2020-10-27,0,0,0
2020-10-27,0,0,0
2020-10-27,1,0,1
2020-10-27,0,0,0
2020-10-27,0,0,0
2020-10-27,0,0,0
2020-10-27,0,0,0
2020-10-27,0,0,0
2020-10-27,0,0,0
2020-10-28,0,0,0
2020-10-28,0,0,0
2020-10-28,0,0,0
2020-10-28,0,0,0
2020-10-28,0,0,0
2020-10-28,0,0,0
2020-10-28,0,0,0
2020-10-28,0,0,0
2020-10-28,0,0,0
2020-10-28,0,0,0
2020-10-28,0,0,0
2020-10-28,0,0,0
2020-10-28,0,0,0
2020-10-28,0,0,0
2020-10-28,0,0,0
2020-10-28,0,0,0
2020-10-28,0,0,0
2020-10-28,0,0,0
2020-10-28,0,0,0
2020-10-28,0,0,0
2020-10-28,0,0,0
2020-10-28,0,0,0
2020-10-28,0,0,0
2020-10-28,0,0,0
2020-10-29,0,0,0
2020-10-29,0,0,0
2020-10-29,0,0,0
2020-10-29,0,0,0
2020-10-29,0,0,0
2020-10-29,0,0,0
2020-10-29,0,0,0
2020-10-29,0,0,0
2020-10-29,0,0,0
2020-10-29,0,0,0
2020-10-29,0,0,0
2020-10-29,0,0,0
2020-10-29,0,0,0
2020-10-29,0,0,0
2020-10-29,0,0,0
2020-10-29,0,0,0
2020-10-29,0,0,0
2020-10-29,0,0,0
2020-10-29,0,0,0
2020-10-29,0,0,0
2020-10-29,0,0,0
2020-10-29,0,0,0
2020-10-29,0,0,0
2020-10-29,0,0,0
2020-10-30,0,0,0
2020-10-30,0,0,0
2020-10-30,0,0,0
2020-10-30,0,0,0
2020-10-30,0,0,0
2020-10-30,0,0,0
2020-10-30,0,0,0
2020-10-30,0,0,0
2020-10-30,0,0,0
2020-10-30,0,0,0
2020-10-30,0,0,0
2020-10-30,0,0,0
2020-10-30,0,0,0
2020-10-30,0,0,0
2020-10-30,0,0,0
2020-10-30,0,0,0
2020-10-30,0,0,0
2020-10-30,0,0,0
2020-10-30,0,0,0
2020-10-30,0,0,0
2020-10-30,0,0,0
2020-10-30,0,0,0
2020-10-30,0,0,0
2020-10-30,0,0,0
2020-10-31,0,0,0
2020-10-31,0,0,0
2020-10-31,0,0,0
2020-10-31,0,0,0
2020-10-31,0,0,0
2020-10-31,0,0,0
2020-10-31,0,0,0
2020-10-31,0,0,0
2020-10-31,0,0,0
2020-10-31,0,0,0
2020-10-31,0,0,0
2020-10-31,0,0,0
2020-10-31,0,0,0
2020-10-31,0,0,0
2020-10-31,0,0,0
2020-10-31,0,0,0
2020-10-31,0,0,0
2020-10-31,0,0,0
2020-10-31,0,0,0
2020-10-31,0,0,0
2020-10-31,0,0,0
2020-10-31,0,0,0
2020-10-31,0,0,0
2020-10-31,0,0,0
2020-11-01,0,0,0
2020-11-01,0,0,0
2020-11-01,0,0,0
2020-11-01,0,0,0
2020-11-01,0,0,0
2020-11-01,0,0,0
2020-11-01,0,0,0
2020-11-01,0,0,0
2020-11-01,0,0,0
2020-11-01,0,0,0
2020-11-01,0,0,0
2020-11-01,0,0,0
2020-11-01,0,0,0
2020-11-01,0,0,0
2020-11-01,0,0,0
2020-11-01,0,0,0
2020-11-01,0,0,0
2020-11-01,0,0,0
2020-11-01,0,0,0
2020-11-01,0,0,0
2020-11-01,0,0,0
2020-11-01,0,0,0
2020-11-01,0,0,0
2020-11-01,0,0,0
2020-11-02,0,0,0
2020-11-02,0,0,0
2020-11-02,0,0,0
2020-11-02,0,0,0
2020-11-02,0,0,0
2020-11-02,0,0,0
2020-11-02,0,0,0
2020-11-02,0,0,0
2020-11-02,0,0,0
2020-11-02,0,0,0
2020-11-02,0,0,0
2020-11-02,0,0,0
2020-11-02,0,0,0
2020-11-02,0,0,0
2020-11-02,0,0,0
2020-11-02,0,0,0
2020-11-02,0,0,0
2020-11-02,0,0,0
2020-11-02,0,0,0
2020-11-02,0,0,0
2020-11-02,0,0,0
2020-11-02,0,0,0
2020-11-02,0,0,0
2020-11-02,0,0,0
2020-11-03,0,0,0
2020-11-03,0,0,0
2020-11-03,0,0,0
2020-11-03,0,0,0
2020-11-03,0,0,0
2020-11-03,0,0,0
2020-11-03,0,0,0
2020-11-03,0,0,0
2020-11-03,0,0,0
2020-11-03,0,0,0
2020-11-03,0,0,0
2020-11-03,0,0,0
2020-11-03,0,0,0
2020-11-03,0,0,0
2020-11-03,0,0,0
2020-11-03,0,0,0
2020-11-03,0,0,0
2020-11-03,0,0,0
2020-11-03,0,0,0
2020-11-03,0,0,0
2020-11-03,0,0,0
2020-11-03,0,0,0
2020-11-03,0,0,0
2020-11-03,0,0,0
2020-11-04,0,0,0
2020-11-04,0,0,0
2020-11-04,0,0,0
2020-11-04,0,0,0
2020-11-04,0,0,0
2020-11-04,0,0,0
2020-11-04,0,0,0
2020-11-04,0,0,0
2020-11-04,0,0,0
2020-11-04,0,0,0
2020-11-04,0,0,0
2020-11-04,0,0,0
2020-11-04,0,0,0
2020-11-04,0,0,0
2020-11-04,0,0,0
2020-11-04,0,0,0
2020-11-04,0,0,0
2020-11-04,0,0,0
2020-11-04,0,0,0
2020-11-04,0,0,0
2020-11-04,0,0,0
2020-11-04,0,0,0
2020-11-04,0,0,0
2020-11-04,0,0,0
2020-11-05,0,0,0
2020-11-05,0,0,0
2020-11-05,0,0,0
2020-11-05,0,0,0
2020-11-05,0,0,0
2020-11-05,0,0,0
2020-11-05,0,0,0
2020-11-05,0,0,0
2020-11-05,0,0,0
2020-11-05,0,0,0
2020-11-05,0,0,0
2020-11-05,0,0,0
2020-11-05,0,0,0
2020-11-05,0,0,0
2020-11-05,0,0,0
2020-11-05,0,0,0
2020-11-05,0,0,0
2020-11-05,0,0,0
2020-11-05,0,0,0
2020-11-05,0,0,0
2020-11-05,0,0,0
2020-11-05,0,0,0
2020-11-05,0,0,0
2020-11-05,0,0,0
2020-11-06,0,0,0
2020-11-06,0,0,0
2020-11-06,0,0,0
2020-11-06,0,0,0
2020-11-06,0,0,0
2020-11-06,0,0,0
2020-11-06,0,0,0
2020-11-06,0,0,0
2020-11-06,0,0,0
2020-11-06,0,0,0
2020-11-06,0,0,0
2020-11-06,0,0,0
2020-11-06,0,0,0
2020-11-06,0,0,0
2020-11-06,0,0,0
2020-11-06,0,0,0
2020-11-06,0,0,0
2020-11-06,0,0,0
2020-11-06,0,0,0
2020-11-06,0,0,0
2020-11-06,0,0,0
2020-11-06,0,0,0
2020-11-06,0,0,0
2020-11-06,0,0,0
2020-11-07,0,0,0
2020-11-07,0,0,0
2020-11-07,0,0,0
2020-11-07,0,0,0
2020-11-07,0,0,0
2020-11-07,0,0,0
2020-11-07,0,0,0
2020-11-07,0,0,0
2020-11-07,0,0,0
2020-11-07,0,0,0
2020-11-07,0,0,0
2020-11-07,0,0,0
2020-11-07,0,0,0
2020-11-07,0,0,0
2020-11-07,0,0,0
2020-11-07,0,0,0
2020-11-07,0,0,0
2020-11-07,0,0,0
2020-11-07,0,0,0
2020-11-07,0,0,0
2020-11-07,0,0,0
2020-11-07,0,0,0
2020-11-07,0,0,0
2020-11-07,0,0,0
2020-11-08,0,0,0
2020-11-08,0,0,0
2020-11-08,0,0,0
2020-11-08,0,0,0
2020-11-08,0,0,0
2020-11-08,0,0,0
2020-11-08,0,0,0
2020-11-08,0,0,0
2020-11-08,0,0,0
2020-11-08,0,0,0
2020-11-08,0,0,0
2020-11-08,0,0,0
2020-11-08,0,0,0
2020-11-08,0,0,0
2020-11-08,0,0,0
2020-11-08,0,0,0
2020-11-08,0,0,0
2020-11-08,0,0,0
2020-11-08,0,0,0
2020-11-08,0,0,0
2020-11-08,0,0,0
2020-11-08,0,0,0
2020-11-08,0,0,0
2020-11-08,0,0,0
2020-11-09,0,0,0
2020-11-09,0,0,0
2020-11-09,0,0,0
2020-11-09,0,0,0
2020-11-09,0,0,0
2020-11-09,0,0,0
2020-11-09,0,0,0
2020-11-09,0,0,0
2020-11-09,0,0,0
2020-11-09,0,0,0
2020-11-09,0,0,0
2020-11-09,0,0,0
2020-11-09,0,0,0
2020-11-09,0,0,0
2020-11-09,0,0,0
2020-11-09,0,0,0
2020-11-09,0,0,0
2020-11-09,0,0,0
2020-11-09,0,0,0
2020-11-09,0,0,0
2020-11-09,0,0,0
2020-11-09,0,0,0
2020-11-09,0,0,0
2020-11-09,0,0,0
2020-11-10,0,0,0
2020-11-10,0,0,0
2020-11-10,0,0,0
2020-11-10,0,0,0
2020-11-10,0,0,0
2020-11-10,0,0,0
2020-11-10,0,0,0
2020-11-10,0,0,0
2020-11-10,0,0,0
2020-11-10,0,0,0
2020-11-10,0,0,0
2020-11-10,0,0,0
2020-11-10,0,0,0
2020-11-10,2,0,2
2020-11-10,0,0,0
2020-11-10,0,0,0
2020-11-10,0,0,0
2020-11-10,0,0,0
2020-11-10,0,0,0
2020-11-10,0,0,0
2020-11-10,0,0,0
2020-11-10,0,0,0
2020-11-10,0,0,0
2020-11-10,0,0,0
2020-11-11,0,0,0
2020-11-11,0,0,0
2020-11-11,0,0,0
2020-11-11,0,0,0
2020-11-11,0,0,0
2020-11-11,0,0,0
2020-11-11,0,0,0
2020-11-11,0,0,0
2020-11-11,0,0,0
2020-11-11,0,0,0
2020-11-11,0,0,0
2020-11-11,0,0,0
2020-11-11,0,0,0
2020-11-11,0,0,0
2020-11-11,0,0,0
2020-11-11,0,0,0
2020-11-11,0,0,0
2020-11-11,0,0,0
2020-11-11,0,0,0
2020-11-11,0,0,0
2020-11-11,0,0,0
2020-11-11,0,0,0
2020-11-11,0,0,0
2020-11-11,0,0,0
2020-11-12,0,0,0
2020-11-12,0,0,0
2020-11-12,0,0,0
2020-11-12,0,0,0
2020-11-12,0,0,0
2020-11-12,0,0,0
2020-11-12,0,0,0
2020-11-12,0,0,0
2020-11-12,0,0,0
2020-11-12,0,0,0
2020-11-12,0,0,0
2020-11-12,0,0,0
2020-11-12,0,0,0
2020-11-12,0,0,0
2020-11-12,0,0,0
2020-11-12,0,0,0
2020-11-12,0,0,0
2020-11-12,0,0,0
2020-11-12,0,0,0
2020-11-12,0,0,0
2020-11-12,0,0,0
2020-11-12,0,0,0
2020-11-12,0,0,0
2020-11-12,0,0,0
2020-11-13,0,0,0
2020-11-13,0,0,0
2020-11-13,0,0,0
2020-11-13,0,0,0
2020-11-13,0,0,0
2020-11-13,0,0,0
2020-11-13,0,0,0
2020-11-13,0,0,0
2020-11-13,0,0,0
2020-11-13,0,0,0
2020-11-13,0,0,0
2020-11-13,0,0,0
2020-11-13,0,0,0
2020-11-13,0,0,0
2020-11-13,0,0,0
2020-11-13,0,0,0
2020-11-13,0,0,0
2020-11-13,0,0,0
2020-11-13,0,0,0
2020-11-13,0,0,0
2020-11-13,0,0,0
2020-11-13,0,0,0
2020-11-13,0,0,0
2020-11-13,0,0,0
2020-11-14,0,0,0
2020-11-14,0,0,0
2020-11-14,0,0,0
2020-11-14,0,0,0
2020-11-14,0,0,0
2020-11-14,0,0,0
2020-11-14,0,0,0
2020-11-14,0,0,0
2020-11-14,0,0,0
2020-11-14,0,0,0
2020-11-14,0,0,0
2020-11-14,0,0,0
2020-11-14,0,0,0
2020-11-14,0,0,0
2020-11-14,0,0,0
2020-11-14,0,0,0
2020-11-14,0,0,0
2020-11-14,0,0,0
2020-11-14,0,0,0
2020-11-14,0,0,0
2020-11-14,0,0,0
2020-11-14,0,0,0
2020-11-14,0,0,0
2020-11-14,0,0,0
2020-11-15,0,0,0
2020-11-15,0,0,0
2020-11-15,0,0,0
2020-11-15,0,0,0
2020-11-15,0,0,0
2020-11-15,0,0,0
2020-11-15,0,0,0
2020-11-15,0,0,0
2020-11-15,0,0,0
2020-11-15,0,0,0
2020-11-15,0,0,0
2020-11-15,0,0,0
2020-11-15,0,0,0
2020-11-15,0,0,0
2020-11-15,0,0,0
2020-11-15,0,0,0
2020-11-15,0,0,0
2020-11-15,0,0,0
2020-11-15,0,0,0
2020-11-15,0,0,0
2020-11-15,0,0,0
2020-11-15,0,0,0
2020-11-15,0,0,0
2020-11-15,0,0,0
2020-11-16,0,0,0
2020-11-16,0,0,0
2020-11-16,0,0,0
2020-11-16,0,0,0
2020-11-16,0,0,0
2020-11-16,0,0,0
2020-11-16,0,0,0
2020-11-16,0,0,0
2020-11-16,0,0,0
2020-11-16,0,0,0
2020-11-16,0,0,0
2020-11-16,0,0,0
2020-11-16,0,0,0
2020-11-16,0,0,0
2020-11-16,0,0,0
2020-11-16,0,0,0
2020-11-16,0,0,0
2020-11-16,0,0,0
2020-11-16,0,0,0
2020-11-16,0,0,0
2020-11-16,0,0,0
2020-11-16,0,0,0
2020-11-16,0,0,0
2020-11-16,0,0,0
2020-11-17,0,0,0
2020-11-17,0,0,0
2020-11-17,0,0,0
2020-11-17,0,0,0
2020-11-17,0,0,0
2020-11-17,0,0,0
2020-11-17,0,0,0
2020-11-17,0,0,0
2020-11-17,0,0,0
2020-11-17,0,0,0
2020-11-17,0,0,0
2020-11-17,0,0,0
2020-11-17,0,0,0
2020-11-17,0,0,0
2020-11-17,0,0,0
2020-11-17,0,0,0
2020-11-17,0,0,0
2020-11-17,0,0,0
2020-11-17,0,0,0
2020-11-17,0,0,0
2020-11-17,0,0,0
2020-11-17,0,0,0
2020-11-17,0,0,0
2020-11-17,0,0,0
2020-11-18,0,0,0
2020-11-18,0,0,0
2020-11-18,0,0,0
2020-11-18,0,0,0
2020-11-18,0,0,0
2020-11-18,0,0,0
2020-11-18,0,0,0
2020-11-18,0,0,0
2020-11-18,0,0,0
2020-11-18,0,0,0
2020-11-18,0,0,0
2020-11-18,0,0,0
2020-11-18,0,0,0
2020-11-18,0,0,0
2020-11-18,0,0,0
2020-11-18,8,7,1
2020-11-18,50,37,13
2020-11-18,61,44,17
2020-11-18,35,25,10
2020-11-18,21,18,3
2020-11-18,11,7,4
2020-11-18,10,5,5
2020-11-18,5,1,4
2020-11-18,3,2,1
2020-11-19,0,0,0
2020-11-19,0,0,0
2020-11-19,0,0,0
2020-11-19,1,0,1
2020-11-19,9,4,5
2020-11-19,10,6,4
2020-11-19,25,12,13
2020-11-19,67,18,49
2020-11-19,64,16,48
2020-11-19,47,8,39
2020-11-19,39,18,21
2020-11-19,30,11,19
2020-11-19,50,26,24
2020-11-19,36,17,19
2020-11-19,43,24,19
2020-11-19,75,44,31
2020-11-19,96,64,32
2020-11-19,70,53,17
2020-11-19,38,23,15
2020-11-19,24,19,5
2020-11-19,30,19,11
2020-11-19,13,9,4
2020-11-19,9,4,5
2020-11-19,7,3,4
2020-11-20,2,2,0
2020-11-20,1,0,1
2020-11-20,0,0,0
2020-11-20,1,0,1
2020-11-20,6,3,3
2020-11-20,12,5,7
2020-11-20,27,10,17
2020-11-20,42,18,24
2020-11-20,50,10,40
2020-11-20,37,7,30
2020-11-20,22,6,16
2020-11-20,20,11,9
2020-11-20,26,11,15
2020-11-20,23,14,9
2020-11-20,39,25,14
2020-11-20,66,38,28
2020-11-20,59,31,28
2020-11-20,83,54,29
2020-11-20,37,24,13
2020-11-20,20,14,6
2020-11-20,19,13,6
2020-11-20,17,9,8
2020-11-20,7,4,3
2020-11-20,6,3,3
2020-11-21,6,4,2
2020-11-21,3,1,2
2020-11-21,4,2,2
2020-11-21,1,0,1
2020-11-21,5,3,2
2020-11-21,5,1,4
2020-11-21,6,2,4
2020-11-21,9,5,4
2020-11-21,23,10,13
2020-11-21,35,12,23
2020-11-21,74,45,29
2020-11-21,123,78,45
2020-11-21,125,67,58
2020-11-21,192,97,95
2020-11-21,185,99,86
2020-11-21,170,105,65
2020-11-21,142,58,84
2020-11-21,50,23,27
2020-11-21,26,14,12
2020-11-21,11,5,6
2020-11-21,9,5,4
2020-11-21,8,7,1
2020-11-21,5,3,2
2020-11-21,9,3,6
2020-11-22,3,0,3
2020-11-22,2,1,1
2020-11-22,2,0,2
2020-11-22,1,1,0
2020-11-22,0,0,0
2020-11-22,5,1,4
2020-11-22,3,0,3
2020-11-22,8,4,4
2020-11-22,18,11,7
2020-11-22,44,23,21
2020-11-22,53,23,30
2020-11-22,66,36,30
2020-11-22,55,21,34
2020-11-22,54,29,25
2020-11-22,49,30,19
2020-11-22,27,10,17
2020-11-22,25,10,15
2020-11-22,12,8,4
2020-11-22,9,5,4
2020-11-22,5,3,2
2020-11-22,5,4,1
2020-11-22,4,2,2
2020-11-22,2,2,0
2020-11-22,4,4,0
2020-11-23,0,0,0
2020-11-23,0,0,0
2020-11-23,0,0,0
2020-11-23,1,0,1
2020-11-23,1,1,0
2020-11-23,7,0,7
2020-11-23,21,14,7
2020-11-23,44,7,37
2020-11-23,56,10,46
2020-11-23,30,3,27
2020-11-23,18,4,14
2020-11-23,14,5,9
2020-11-23,23,12,11
2020-11-23,27,15,12
2020-11-23,50,29,21
2020-11-23,64,30,34
2020-11-23,64,43,21
2020-11-23,74,58,16
2020-11-23,43,28,15
2020-11-23,28,22,6
2020-11-23,8,7,1
2020-11-23,9,5,4
2020-11-23,8,6,2
2020-11-23,2,1,1
2020-11-24,0,0,0
2020-11-24,1,1,0
2020-11-24,0,0,0
2020-11-24,1,0,1
2020-11-24,1,0,1
2020-11-24,8,3,5
2020-11-24,21,11,10
2020-11-24,43,11,32
2020-11-24,54,12,42
2020-11-24,29,5,24
2020-11-24,29,12,17
2020-11-24,20,11,9
2020-11-24,19,10,9
2020-11-24,22,11,11
2020-11-24,23,11,12
2020-11-24,37,24,13
2020-11-24,40,30,10
2020-11-24,53,44,9
2020-11-24,25,19,6
2020-11-24,16,13,3
2020-11-24,9,8,1
2020-11-24,8,4,4
2020-11-24,1,0,1
2020-11-24,5,3,2
2020-11-25,3,1,2
2020-11-25,1,1,0
2020-11-25,0,0,0
2020-11-25,0,0,0
2020-11-25,4,2,2
2020-11-25,4,1,3
2020-11-25,18,9,9
2020-11-25,42,10,32
2020-11-25,58,10,48
2020-11-25,48,15,33
2020-11-25,42,19,23
2020-11-25,42,21,21
2020-11-25,60,35,25
2020-11-25,56,36,20
2020-11-25,92,54,38
2020-11-25,103,57,46
2020-11-25,99,56,43
2020-11-25,56,37,19
2020-11-25,28,13,15
2020-11-25,22,16,6
2020-11-25,16,14,2
2020-11-25,9,6,3
2020-11-25,6,2,4
2020-11-25,5,3,2
2020-11-26,1,0,1
2020-11-26,0,0,0
2020-11-26,3,3,0
2020-11-26,0,0,0
2020-11-26,1,1,0
2020-11-26,3,1,2
2020-11-26,3,2,1
2020-11-26,7,3,4
2020-11-26,23,12,11
2020-11-26,28,14,14
2020-11-26,29,21,8
2020-11-26,28,12,16
2020-11-26,43,27,16
2020-11-26,35,14,21
2020-11-26,56,35,21
2020-11-26,35,15,20
2020-11-26,22,10,12
2020-11-26,3,2,1
2020-11-26,13,4,9
2020-11-26,7,4,3
2020-11-26,2,1,1
2020-11-26,5,5,0
2020-11-26,2,0,2
2020-11-26,2,1,1
2020-11-27,1,1,0
2020-11-27,2,2,0
2020-11-27,0,0,0
2020-11-27,0,0,0
2020-11-27,1,1,0
2020-11-27,5,1,4
2020-11-27,9,2,7
2020-11-27,20,10,10
2020-11-27,27,14,13
2020-11-27,46,21,25
2020-11-27,68,30,38
2020-11-27,64,36,28
2020-11-27,103,49,54
2020-11-27,180,83,97
2020-11-27,130,78,52
2020-11-27,141,78,63
2020-11-27,91,45,46
2020-11-27,33,16,17
2020-11-27,21,13,8
2020-11-27,23,13,10
2020-11-27,7,3,4
2020-11-27,4,4,0
2020-11-27,3,1,2
2020-11-27,1,1,0
2020-11-28,3,2,1
2020-11-28,1,1,0
2020-11-28,0,0,0
2020-11-28,0,0,0
2020-11-28,0,0,0
2020-11-28,4,1,3
2020-11-28,2,2,0
2020-11-28,10,6,4
2020-11-28,20,12,8
2020-11-28,20,8,12
2020-11-28,23,10,13
2020-11-28,28,17,11
2020-11-28,49,24,25
2020-11-28,34,18,16
2020-11-28,65,38,27
2020-11-28,71,38,33
2020-11-28,48,26,22
2020-11-28,32,16,16
2020-11-28,11,1,10
2020-11-28,9,4,5
2020-11-28,9,4,5
2020-11-28,12,6,6
2020-11-28,7,3,4
2020-11-28,1,0,1
2020-11-29,1,1,0
2020-11-29,0,0,0
2020-11-29,1,1,0
2020-11-29,0,0,0
2020-11-29,0,0,0
2020-11-29,5,1,4
2020-11-29,1,0,1
2020-11-29,8,7,1
2020-11-29,16,5,11
2020-11-29,29,12,17
2020-11-29,38,20,18
2020-11-29,46,22,24
2020-11-29,117,60,57
2020-11-29,106,59,47
2020-11-29,168,106,62
2020-11-29,179,79,100
2020-11-29,96,44,52
2020-11-29,38,16,22
2020-11-29,17,9,8
2020-11-29,10,8,2
2020-11-29,5,2,3
2020-11-29,5,3,2
2020-11-29,4,2,2
2020-11-29,3,2,1
2020-11-30,3,1,2
2020-11-30,0,0,0
2020-11-30,0,0,0
2020-11-30,0,0,0
2020-11-30,0,0,0
2020-11-30,7,3,4
2020-11-30,10,5,5
2020-11-30,38,7,31
2020-11-30,51,9,42
2020-11-30,39,10,29
2020-11-30,31,9,22
2020-11-30,32,13,19
2020-11-30,40,23,17
2020-11-30,55,22,33
2020-11-30,67,34,33
2020-11-30,88,52,36
2020-11-30,78,55,23
2020-11-30,61,40,21
2020-11-30,42,32,10
2020-11-30,27,19,8
2020-11-30,14,8,6
2020-11-30,3,3,0
2020-11-30,7,5,2
2020-11-30,4,3,1
2020-12-01,0,0,0
2020-12-01,0,0,0
2020-12-01,1,1,0
2020-12-01,1,0,1
2020-12-01,0,0,0
2020-12-01,15,6,9
2020-12-01,22,9,13
2020-12-01,74,19,55
2020-12-01,70,13,57
2020-12-01,55,12,43
2020-12-01,33,7,26
2020-12-01,43,18,25
2020-12-01,50,32,18
2020-12-01,54,24,30
2020-12-01,73,35,38
2020-12-01,83,53,30
2020-12-01,116,79,37
2020-12-01,88,63,25
2020-12-01,56,32,24
2020-12-01,31,23,8
2020-12-01,17,14,3
2020-12-01,12,4,8
2020-12-01,11,5,6
2020-12-01,6,3,3
2020-12-02,2,2,0
2020-12-02,0,0,0
2020-12-02,0,0,0
2020-12-02,1,0,1
2020-12-02,1,1,0
2020-12-02,10,6,4
2020-12-02,29,12,17
2020-12-02,61,15,46
2020-12-02,62,16,46
2020-12-02,41,9,32
2020-12-02,54,15,39
2020-12-02,32,13,19
2020-12-02,61,35,26
2020-12-02,64,30,34
2020-12-02,90,54,36
2020-12-02,119,80,39
2020-12-02,95,62,33
2020-12-02,86,53,33
2020-12-02,55,38,17
2020-12-02,14,11,3
2020-12-02,14,11,3
2020-12-02,8,7,1
2020-12-02,8,3,5
2020-12-02,2,0,2
2020-12-03,3,2,1
2020-12-03,0,0,0
2020-12-03,0,0,0
2020-12-03,1,0,1
2020-12-03,4,2,2
2020-12-03,18,8,10
2020-12-03,25,6,19
2020-12-03,50,18,32
2020-12-03,72,15,57
2020-12-03,45,10,35
2020-12-03,40,10,30
2020-12-03,36,19,17
2020-12-03,52,28,24
2020-12-03,33,15,18
2020-12-03,51,32,19
2020-12-03,64,40,24
2020-12-03,88,66,22
2020-12-03,84,52,32
2020-12-03,41,34,7
2020-12-03,27,21,6
2020-12-03,16,9,7
2020-12-03,17,9,8
2020-12-03,6,2,4
2020-12-03,4,2,2
2020-12-04,2,1,1
2020-12-04,3,2,1
2020-12-04,0,0,0
2020-12-04,1,0,1
2020-12-04,4,2,2
2020-12-04,12,6,6
2020-12-04,20,5,15
2020-12-04,49,15,34
2020-12-04,63,15,48
2020-12-04,52,10,42
2020-12-04,46,15,31
2020-12-04,51,26,25
2020-12-04,66,27,39
2020-12-04,75,48,27
2020-12-04,81,48,33
2020-12-04,131,79,52
2020-12-04,104,72,32
2020-12-04,93,57,36
2020-12-04,43,26,17
2020-12-04,40,22,18
2020-12-04,21,13,8
2020-12-04,9,3,6
2020-12-04,8,3,5
2020-12-04,7,5,2
2020-12-05,1,1,0
2020-12-05,1,1,0
2020-12-05,0,0,0
2020-12-05,0,0,0
2020-12-05,6,2,4
2020-12-05,6,2,4
2020-12-05,4,2,2
2020-12-05,11,3,8
2020-12-05,17,4,13
2020-12-05,38,22,16
2020-12-05,70,35,35
2020-12-05,116,66,50
2020-12-05,148,81,67
2020-12-05,179,104,75
2020-12-05,203,102,101
2020-12-05,204,102,102
2020-12-05,126,34,92
2020-12-05,43,24,19
2020-12-05,17,9,8
2020-12-05,16,5,11
2020-12-05,6,5,1
2020-12-05,6,3,3
2020-12-05,2,1,1
2020-12-05,2,2,0
2020-12-06,4,3,1
2020-12-06,0,0,0
2020-12-06,1,1,0
2020-12-06,2,1,1
2020-12-06,1,0,1
2020-12-06,6,1,5
2020-12-06,4,2,2
2020-12-06,7,4,3
2020-12-06,11,4,7
2020-12-06,37,16,21
2020-12-06,46,21,25
2020-12-06,63,36,27
2020-12-06,103,60,43
2020-12-06,87,47,40
2020-12-06,111,62,49
2020-12-06,97,46,51
2020-12-06,68,24,44
2020-12-06,34,16,18
2020-12-06,17,11,6
2020-12-06,12,8,4
2020-12-06,15,6,9
2020-12-06,5,3,2
2020-12-06,9,1,8
2020-12-06,5,3,2
2020-12-07,1,0,1
2020-12-07,1,0,1
2020-12-07,0,0,0
2020-12-07,2,1,1
2020-12-07,6,4,2
2020-12-07,11,5,6
2020-12-07,29,10,19
2020-12-07,51,14,37
2020-12-07,66,15,51
2020-12-07,47,7,40
2020-12-07,32,12,20
2020-12-07,29,13,16
2020-12-07,35,19,16
2020-12-07,51,25,26
2020-12-07,69,40,29
2020-12-07,78,49,29
2020-12-07,87,55,32
2020-12-07,84,57,27
2020-12-07,53,34,19
2020-12-07,22,13,9
2020-12-07,17,10,7
2020-12-07,14,9,5
2020-12-07,10,3,7
2020-12-07,5,4,1
2020-12-08,1,0,1
2020-12-08,0,0,0
2020-12-08,0,0,0
2020-12-08,1,0,1
2020-12-08,4,2,2
2020-12-08,10,4,6
2020-12-08,23,7,16
2020-12-08,53,11,42
2020-12-08,51,13,38
2020-12-08,39,7,32
2020-12-08,23,8,15
2020-12-08,22,10,12
2020-12-08,17,10,7
2020-12-08,11,5,6
2020-12-08,25,16,9
2020-12-08,22,19,3
2020-12-08,46,33,13
2020-12-08,67,52,15
2020-12-08,29,26,3
2020-12-08,11,10,1
2020-12-08,7,6,1
2020-12-08,6,4,2
2020-12-08,4,3,1
2020-12-08,8,3,5
2020-12-09,0,0,0
2020-12-09,2,2,0
2020-12-09,0,0,0
2020-12-09,1,0,1
2020-12-09,2,1,1
2020-12-09,13,6,7
2020-12-09,29,8,21
2020-12-09,53,14,39
2020-12-09,45,10,35
2020-12-09,33,8,25
2020-12-09,27,9,18
2020-12-09,28,8,20
2020-12-09,31,17,14
2020-12-09,37,23,14
2020-12-09,68,43,25
2020-12-09,73,47,26
2020-12-09,94,60,34
2020-12-09,69,55,14
2020-12-09,43,27,16
2020-12-09,23,17,6
2020-12-09,17,10,7
2020-12-09,6,4,2
2020-12-09,11,5,6
2020-12-09,6,4,2
2020-12-10,0,0,0
2020-12-10,2,1,1
2020-12-10,1,0,1
2020-12-10,1,0,1
2020-12-10,4,2,2
2020-12-10,13,7,6
2020-12-10,28,6,22
2020-12-10,55,13,42
2020-12-10,54,14,40
2020-12-10,37,9,28
2020-12-10,30,10,20
2020-12-10,25,10,15
2020-12-10,37,17,20
2020-12-10,48,26,22
2020-12-10,54,30,24
2020-12-10,73,42,31
2020-12-10,81,58,23
2020-12-10,66,46,20
2020-12-10,47,26,21
2020-12-10,29,24,5
2020-12-10,13,11,2
2020-12-10,13,5,8
2020-12-10,2,0,2
2020-12-10,3,3,0
2020-12-11,5,5,0
2020-12-11,0,0,0
2020-12-11,0,0,0
2020-12-11,1,0,1
2020-12-11,3,1,2
2020-12-11,13,7,6
2020-12-11,22,4,18
2020-12-11,43,11,32
2020-12-11,60,12,48
2020-12-11,40,8,32
2020-12-11,24,8,16
2020-12-11,25,8,17
2020-12-11,37,21,16
2020-12-11,57,24,33
2020-12-11,62,40,22
2020-12-11,87,53,34
2020-12-11,87,65,22
2020-12-11,74,51,23
2020-12-11,42,22,20
2020-12-11,29,24,5
2020-12-11,11,8,3
2020-12-11,7,6,1
2020-12-11,5,0,5
2020-12-11,7,4,3
2020-12-12,4,2,2
2020-12-12,3,3,0
2020-12-12,1,0,1
2020-12-12,1,1,0
2020-12-12,0,0,0
2020-12-12,5,1,4
2020-12-12,5,3,2
2020-12-12,13,6,7
2020-12-12,7,2,5
2020-12-12,23,16,7
2020-12-12,45,23,22
2020-12-12,45,17,28
2020-12-12,79,48,31
2020-12-12,117,67,50
2020-12-12,143,74,69
2020-12-12,149,87,62
2020-12-12,104,38,66
2020-12-12,46,25,21
2020-12-12,18,8,10
2020-12-12,10,8,2
2020-12-12,10,4,6
2020-12-12,4,1,3
2020-12-12,5,2,3
2020-12-12,8,5,3
2020-12-13,2,2,0
2020-12-13,3,2,1
2020-12-13,0,0,0
2020-12-13,0,0,0
2020-12-13,0,0,0
2020-12-13,7,2,5
2020-12-13,2,1,1
2020-12-13,5,4,1
2020-12-13,7,3,4
2020-12-13,22,12,10
2020-12-13,14,7,7
2020-12-13,10,5,5
2020-12-13,22,5,17
2020-12-13,15,11,4
2020-12-13,47,26,21
2020-12-13,45,23,22
2020-12-13,42,21,21
2020-12-13,14,10,4
2020-12-13,11,7,4
2020-12-13,11,7,4
2020-12-13,7,4,3
2020-12-13,6,2,4
2020-12-13,2,1,1
2020-12-13,2,2,0
2020-12-14,1,0,1
2020-12-14,1,1,0
2020-12-14,1,0,1
2020-12-14,1,0,1
2020-12-14,6,3,3
2020-12-14,9,2,7
2020-12-14,23,9,14
2020-12-14,43,9,34
2020-12-14,53,6,47
2020-12-14,35,7,28
2020-12-14,28,13,15
2020-12-14,23,8,15
2020-12-14,30,16,14
2020-12-14,36,23,13
2020-12-14,57,26,31
2020-12-14,51,34,17
2020-12-14,60,42,18
2020-12-14,66,52,14
2020-12-14,42,32,10
2020-12-14,30,15,15
2020-12-14,19,12,7
2020-12-14,12,6,6
2020-12-14,2,1,1
2020-12-14,3,2,1
2020-12-15,2,2,0
2020-12-15,0,0,0
2020-12-15,0,0,0
2020-12-15,1,0,1
2020-12-15,2,1,1
2020-12-15,11,4,7
2020-12-15,17,3,14
2020-12-15,36,9,27
2020-12-15,39,7,32
2020-12-15,28,4,24
2020-12-15,19,3,16
2020-12-15,12,3,9
2020-12-15,20,9,11
2020-12-15,23,15,8
2020-12-15,26,14,12
2020-12-15,51,33,18
2020-12-15,46,31,15
2020-12-15,55,39,16
2020-12-15,41,32,9
2020-12-15,31,23,8
2020-12-15,9,3,6
2020-12-15,10,7,3
2020-12-15,7,5,2
2020-12-15,7,3,4
2020-12-16,1,1,0
2020-12-16,1,1,0
2020-12-16,1,0,1
2020-12-16,2,0,2
2020-12-16,2,1,1
2020-12-16,8,4,4
2020-12-16,18,6,12
2020-12-16,60,18,42
2020-12-16,38,3,35
2020-12-16,53,14,39
2020-12-16,36,16,20
2020-12-16,33,15,18
2020-12-16,24,13,11
2020-12-16,19,12,7
2020-12-16,15,12,3
2020-12-16,30,20,10
2020-12-16,37,31,6
2020-12-16,57,43,14
2020-12-16,23,17,6
2020-12-16,12,10,2
2020-12-16,7,5,2
2020-12-16,5,4,1
2020-12-16,2,1,1
2020-12-16,7,2,5
2020-12-17,0,0,0
2020-12-17,0,0,0
2020-12-17,0,0,0
2020-12-17,1,1,0
2020-12-17,4,2,2
2020-12-17,8,3,5
2020-12-17,16,5,11
2020-12-17,49,11,38
2020-12-17,34,6,28
2020-12-17,41,12,29
2020-12-17,33,11,22
2020-12-17,35,12,23
2020-12-17,47,27,20
2020-12-17,68,38,30
2020-12-17,75,48,27
2020-12-17,100,49,51
2020-12-17,82,48,34
2020-12-17,79,63,16
2020-12-17,34,18,16
2020-12-17,32,22,10
2020-12-17,18,14,4
2020-12-17,9,3,6
2020-12-17,8,3,5
2020-12-17,7,4,3
2020-12-18,1,0,1
2020-12-18,4,2,2
2020-12-18,0,0,0
2020-12-18,1,0,1
2020-12-18,2,1,1
2020-12-18,10,4,6
2020-12-18,14,3,11
2020-12-18,33,10,23
2020-12-18,33,8,25
2020-12-18,27,8,19
2020-12-18,23,8,15
2020-12-18,9,2,7
2020-12-18,24,9,15
2020-12-18,21,11,10
2020-12-18,38,28,10
2020-12-18,48,36,12
2020-12-18,51,36,15
2020-12-18,47,30,17
2020-12-18,24,16,8
2020-12-18,10,5,5
2020-12-18,8,2,6
2020-12-18,8,7,1
2020-12-18,4,1,3
2020-12-18,2,2,0
2020-12-19,1,1,0
2020-12-19,1,1,0
2020-12-19,0,0,0
2020-12-19,0,0,0
2020-12-19,1,1,0
2020-12-19,5,1,4
2020-12-19,5,2,3
2020-12-19,8,4,4
2020-12-19,10,4,6
2020-12-19,27,18,9
2020-12-19,49,19,30
2020-12-19,76,42,34
2020-12-19,55,26,29
2020-12-19,28,15,13
2020-12-19,13,7,6
2020-12-19,25,13,12
2020-12-19,13,7,6
2020-12-19,18,8,10
2020-12-19,10,6,4
2020-12-19,9,4,5
2020-12-19,13,12,1
2020-12-19,2,0,2
2020-12-19,4,3,1
2020-12-19,3,2,1
2020-12-20,1,1,0
2020-12-20,2,2,0
2020-12-20,0,0,0
2020-12-20,0,0,0
2020-12-20,0,0,0
2020-12-20,5,2,3
2020-12-20,2,1,1
2020-12-20,5,3,2
2020-12-20,8,2,6
2020-12-20,18,7,11
2020-12-20,30,12,18
2020-12-20,45,20,25
2020-12-20,53,29,24
2020-12-20,84,53,31
2020-12-20,99,51,48
2020-12-20,91,44,47
2020-12-20,41,16,25
2020-12-20,30,13,17
2020-12-20,25,13,12
2020-12-20,14,8,6
2020-12-20,7,3,4
2020-12-20,6,2,4
2020-12-20,5,2,3
2020-12-20,5,1,4
2020-12-21,1,0,1
2020-12-21,0,0,0
2020-12-21,0,0,0
2020-12-21,1,0,1
2020-12-21,2,1,1
2020-12-21,8,2,6
2020-12-21,18,5,13
2020-12-21,28,6,22
2020-12-21,25,4,21
2020-12-21,19,2,17
2020-12-21,18,6,12
2020-12-21,13,4,9
2020-12-21,9,3,6
2020-12-21,12,8,4
2020-12-21,16,12,4
2020-12-21,17,11,6
2020-12-21,22,19,3
2020-12-21,23,19,4
2020-12-21,12,10,2
2020-12-21,4,4,0
2020-12-21,3,3,0
2020-12-21,3,2,1
2020-12-21,0,0,0
2020-12-21,1,1,0
2020-12-22,0,0,0
2020-12-22,0,0,0
2020-12-22,0,0,0
2020-12-22,1,0,1
2020-12-22,3,2,1
2020-12-22,9,2,7
2020-12-22,19,7,12
2020-12-22,34,10,24
2020-12-22,28,3,25
2020-12-22,36,10,26
2020-12-22,35,10,25
2020-12-22,51,26,25
2020-12-22,63,34,29
2020-12-22,71,34,37
2020-12-22,81,43,38
2020-12-22,92,45,47
2020-12-22,85,62,23
2020-12-22,58,39,19
2020-12-22,32,16,16
2020-12-22,23,17,6
2020-12-22,11,6,5
2020-12-22,10,8,2
2020-12-22,4,3,1
2020-12-22,4,3,1
2020-12-23,1,1,0
2020-12-23,0,0,0
2020-12-23,0,0,0
2020-12-23,1,0,1
2020-12-23,3,2,1
2020-12-23,6,2,4
2020-12-23,18,7,11
2020-12-23,26,6,20
2020-12-23,34,11,23
2020-12-23,27,7,20
2020-12-23,44,13,31
2020-12-23,31,16,15
2020-12-23,45,29,16
2020-12-23,58,32,26
2020-12-23,69,41,28
2020-12-23,87,50,37
2020-12-23,63,40,23
2020-12-23,40,26,14
2020-12-23,30,13,17
2020-12-23,21,14,7
2020-12-23,9,4,5
2020-12-23,4,2,2
2020-12-23,7,5,2
2020-12-23,2,1,1
2020-12-24,1,0,1
2020-12-24,0,0,0
2020-12-24,0,0,0
2020-12-24,0,0,0
2020-12-24,1,0,1
2020-12-24,3,1,2
2020-12-24,11,3,8
2020-12-24,14,3,11
2020-12-24,20,3,17
2020-12-24,22,8,14
2020-12-24,38,16,22
2020-12-24,41,26,15
2020-12-24,48,30,18
2020-12-24,89,51,38
2020-12-24,81,47,34
2020-12-24,79,39,40
2020-12-24,57,24,33
2020-12-24,22,13,9
2020-12-24,11,5,6
2020-12-24,7,4,3
2020-12-24,2,0,2
2020-12-24,2,1,1
2020-12-24,1,1,0
2020-12-24,3,2,1
2020-12-25,0,0,0
2020-12-25,3,1,2
2020-12-25,0,0,0
2020-12-25,0,0,0
2020-12-25,0,0,0
2020-12-25,2,0,2
2020-12-25,2,0,2
2020-12-25,3,2,1
2020-12-25,3,2,1
2020-12-25,10,1,9
2020-12-25,17,10,7
2020-12-25,13,5,8
2020-12-25,11,4,7
2020-12-25,29,15,14
2020-12-25,22,15,7
2020-12-25,12,3,9
2020-12-25,14,7,7
2020-12-25,4,4,0
2020-12-25,3,2,1
2020-12-25,1,0,1
2020-12-25,0,0,0
2020-12-25,1,1,0
2020-12-25,0,0,0
2020-12-25,0,0,0
2020-12-26,0,0,0
2020-12-26,1,1,0
2020-12-26,0,0,0
2020-12-26,0,0,0
2020-12-26,0,0,0
2020-12-26,4,2,2
2020-12-26,1,0,1
2020-12-26,9,3,6
2020-12-26,10,5,5
2020-12-26,16,6,10
2020-12-26,18,9,9
2020-12-26,24,13,11
2020-12-26,30,19,11
2020-12-26,49,29,20
2020-12-26,61,30,31
2020-12-26,67,41,26
2020-12-26,38,12,26
2020-12-26,15,11,4
2020-12-26,16,9,7
2020-12-26,6,4,2
2020-12-26,3,2,1
2020-12-26,3,1,2
2020-12-26,8,4,4
2020-12-26,1,1,0
2020-12-27,4,3,1
2020-12-27,0,0,0
2020-12-27,0,0,0
2020-12-27,0,0,0
2020-12-27,2,1,1
2020-12-27,2,0,2
2020-12-27,3,1,2
2020-12-27,7,3,4
2020-12-27,8,3,5
2020-12-27,8,3,5
2020-12-27,11,7,4
2020-12-27,22,11,11
2020-12-27,41,22,19
2020-12-27,56,24,32
2020-12-27,97,55,42
2020-12-27,96,46,50
2020-12-27,61,28,33
2020-12-27,22,9,13
2020-12-27,18,8,10
2020-12-27,7,5,2
2020-12-27,6,4,2
2020-12-27,3,1,2
2020-12-27,2,1,1
2020-12-27,0,0,0
2020-12-28,0,0,0
2020-12-28,0,0,0
2020-12-28,0,0,0
2020-12-28,1,0,1
2020-12-28,2,0,2
2020-12-28,8,4,4
2020-12-28,13,4,9
2020-12-28,37,10,27
2020-12-28,38,13,25
2020-12-28,24,7,17
2020-12-28,47,20,27
2020-12-28,61,34,27
2020-12-28,97,45,52
2020-12-28,123,61,62
2020-12-28,130,74,56
2020-12-28,128,71,57
2020-12-28,94,53,41
2020-12-28,53,36,17
2020-12-28,32,19,13
2020-12-28,22,13,9
2020-12-28,6,4,2
2020-12-28,12,8,4
2020-12-28,6,0,6
2020-12-28,6,5,1
2020-12-29,2,0,2
2020-12-29,3,2,1
2020-12-29,0,0,0
2020-12-29,1,0,1
2020-12-29,1,1,0
2020-12-29,11,3,8
2020-12-29,9,4,5
2020-12-29,35,6,29
2020-12-29,38,8,30
2020-12-29,18,5,13
2020-12-29,31,13,18
2020-12-29,31,17,14
2020-12-29,38,20,18
2020-12-29,61,25,36
2020-12-29,72,42,30
2020-12-29,65,46,19
2020-12-29,63,41,22
2020-12-29,36,22,14
2020-12-29,30,23,7
2020-12-29,6,5,1
2020-12-29,1,1,0
2020-12-29,5,3,2
2020-12-29,7,4,3
2020-12-29,3,2,1
2020-12-30,1,1,0
2020-12-30,0,0,0
2020-12-30,0,0,0
2020-12-30,0,0,0
2020-12-30,1,1,0
2020-12-30,4,2,2
2020-12-30,9,2,7
2020-12-30,23,3,20
2020-12-30,23,6,17
2020-12-30,10,3,7
2020-12-30,11,1,10
2020-12-30,8,4,4
2020-12-30,25,7,18
2020-12-30,22,14,8
2020-12-30,23,17,6
2020-12-30,24,14,10
2020-12-30,33,23,10
2020-12-30,30,21,9
2020-12-30,20,11,9
2020-12-30,8,8,0
2020-12-30,7,5,2
2020-12-30,2,1,1
2020-12-30,4,1,3
2020-12-30,3,2,1
2020-12-31,2,0,2
2020-12-31,0,0,0
2020-12-31,0,0,0
2020-12-31,0,0,0
2020-12-31,2,1,1
2020-12-31,8,4,4
2020-12-31,15,3,12
2020-12-31,17,3,14
2020-12-31,23,10,13
2020-12-31,22,6,16
2020-12-31,30,15,15
2020-12-31,46,27,19
2020-12-31,50,27,23
2020-12-31,82,42,40
2020-12-31,71,48,23
2020-12-31,89,57,32
2020-12-31,48,30,18
2020-12-31,31,19,12
2020-12-31,22,16,6
2020-12-31,12,8,4
2020-12-31,8,7,1
2020-12-31,6,2,4
2020-12-31,5,4,1
2020-12-31,3,0,3
2021-01-01,2,1,1
2021-01-01,4,4,0
2021-01-01,0,0,0
2021-01-01,0,0,0
2021-01-01,0,0,0
2021-01-01,3,0,3
2021-01-01,5,3,2
2021-01-01,4,0,4
2021-01-01,6,4,2
2021-01-01,10,4,6
2021-01-01,36,21,15
2021-01-01,37,20,17
2021-01-01,22,11,11
2021-01-01,39,22,17
2021-01-01,26,11,15
2021-01-01,21,12,9
2021-01-01,15,10,5
2021-01-01,11,4,7
2021-01-01,8,6,2
2021-01-01,3,2,1
2021-01-01,3,2,1
2021-01-01,6,5,1
2021-01-01,1,1,0
2021-01-01,2,1,1
2021-01-02,1,1,0
2021-01-02,1,1,0
2021-01-02,1,0,1
2021-01-02,0,0,0
2021-01-02,0,0,0
2021-01-02,5,2,3
2021-01-02,2,0,2
2021-01-02,3,1,2
2021-01-02,8,2,6
2021-01-02,9,3,6
2021-01-02,11,4,7
2021-01-02,11,4,7
2021-01-02,14,8,6
2021-01-02,12,5,7
2021-01-02,12,5,7
2021-01-02,13,5,8
2021-01-02,7,4,3
2021-01-02,8,5,3
2021-01-02,7,3,4
2021-01-02,3,2,1
2021-01-02,1,1,0
2021-01-02,2,2,0
2021-01-02,3,2,1
2021-01-02,1,1,0
2021-01-03,4,3,1
2021-01-03,1,1,0
2021-01-03,0,0,0
2021-01-03,0,0,0
2021-01-03,0,0,0
2021-01-03,3,1,2
2021-01-03,4,2,2
2021-01-03,6,5,1
2021-01-03,9,3,6
2021-01-03,5,2,3
2021-01-03,9,4,5
2021-01-03,19,12,7
2021-01-03,41,22,19
2021-01-03,64,33,31
2021-01-03,95,53,42
2021-01-03,79,37,42
2021-01-03,69,32,37
2021-01-03,29,16,13
2021-01-03,8,5,3
2021-01-03,8,5,3
2021-01-03,6,5,1
2021-01-03,0,0,0
2021-01-03,5,0,5
2021-01-03,1,0,1
2021-01-04,1,0,1
2021-01-04,1,0,1
2021-01-04,0,0,0
2021-01-04,0,0,0
2021-01-04,2,1,1
2021-01-04,10,4,6
2021-01-04,15,4,11
2021-01-04,28,3,25
2021-01-04,30,8,22
2021-01-04,28,5,23
2021-01-04,19,7,12
2021-01-04,7,1,6
2021-01-04,28,12,16
2021-01-04,12,3,9
2021-01-04,19,16,3
2021-01-04,44,33,11
2021-01-04,51,33,18
2021-01-04,47,35,12
2021-01-04,31,23,8
2021-01-04,17,12,5
2021-01-04,14,10,4
2021-01-04,9,2,7
2021-01-04,4,4,0
2021-01-04,5,4,1
2021-01-05,4,2,2
2021-01-05,0,0,0
2021-01-05,0,0,0
2021-01-05,1,0,1
2021-01-05,2,0,2
2021-01-05,14,5,9
2021-01-05,24,9,15
2021-01-05,39,8,31
2021-01-05,54,10,44
2021-01-05,50,10,40
2021-01-05,42,10,32
2021-01-05,25,16,9
2021-01-05,21,7,14
2021-01-05,13,9,4
2021-01-05,11,7,4
2021-01-05,34,27,7
2021-01-05,36,27,9
2021-01-05,53,38,15
2021-01-05,37,30,7
2021-01-05,10,6,4
2021-01-05,8,7,1
2021-01-05,7,4,3
2021-01-05,5,4,1
2021-01-05,4,3,1
2021-01-06,1,1,0
2021-01-06,1,1,0
2021-01-06,1,1,0
2021-01-06,0,0,0
2021-01-06,5,1,4
2021-01-06,10,4,6
2021-01-06,22,7,15
2021-01-06,44,11,33
2021-01-06,41,7,34
2021-01-06,29,5,24
2021-01-06,25,9,16
2021-01-06,40,14,26
2021-01-06,52,31,21
2021-01-06,49,30,19
2021-01-06,67,35,32
2021-01-06,100,59,41
2021-01-06,81,50,31
2021-01-06,76,50,26
2021-01-06,51,38,13
2021-01-06,34,22,12
2021-01-06,12,7,5
2021-01-06,10,6,4
2021-01-06,9,4,5
2021-01-06,3,2,1
2021-01-07,1,1,0
2021-01-07,3,0,3
2021-01-07,0,0,0
2021-01-07,2,1,1
2021-01-07,4,2,2
2021-01-07,8,2,6
2021-01-07,21,7,14
2021-01-07,59,19,40
2021-01-07,58,10,48
2021-01-07,42,8,34
2021-01-07,30,15,15
2021-01-07,43,13,30
2021-01-07,62,35,27
2021-01-07,60,29,31
2021-01-07,66,40,26
2021-01-07,85,60,25
2021-01-07,98,64,34
2021-01-07,101,71,30
2021-01-07,70,37,33
2021-01-07,30,19,11
2021-01-07,18,12,6
2021-01-07,7,5,2
2021-01-07,6,4,2
2021-01-07,8,1,7
2021-01-08,0,0,0
2021-01-08,3,2,1
2021-01-08,0,0,0
2021-01-08,1,0,1
2021-01-08,1,0,1
2021-01-08,13,6,7
2021-01-08,24,9,15
2021-01-08,32,12,20
2021-01-08,45,7,38
2021-01-08,22,6,16
2021-01-08,16,3,13
2021-01-08,16,6,10
2021-01-08,8,5,3
2021-01-08,18,9,9
2021-01-08,13,12,1
2021-01-08,30,21,9
2021-01-08,62,41,21
2021-01-08,53,34,19
2021-01-08,38,27,11
2021-01-08,26,15,11
2021-01-08,13,7,6
2021-01-08,6,1,5
2021-01-08,6,5,1
2021-01-08,5,2,3
2021-01-09,2,2,0
2021-01-09,2,1,1
2021-01-09,0,0,0
2021-01-09,0,0,0
2021-01-09,0,0,0
2021-01-09,5,1,4
2021-01-09,3,1,2
2021-01-09,11,3,8
2021-01-09,18,4,14
2021-01-09,26,11,15
2021-01-09,30,13,17
2021-01-09,78,37,41
2021-01-09,90,50,40
2021-01-09,134,77,57
2021-01-09,118,61,57
2021-01-09,117,58,59
2021-01-09,91,44,47
2021-01-09,26,16,10
2021-01-09,26,14,12
2021-01-09,15,5,10
2021-01-09,13,9,4
2021-01-09,7,2,5
2021-01-09,10,7,3
2021-01-09,6,6,0
2021-01-10,3,0,3
2021-01-10,0,0,0
2021-01-10,0,0,0
2021-01-10,0,0,0
2021-01-10,0,0,0
2021-01-10,5,1,4
2021-01-10,3,0,3
2021-01-10,6,2,4
2021-01-10,6,3,3
2021-01-10,19,10,9
2021-01-10,39,23,16
2021-01-10,41,23,18
2021-01-10,79,47,32
2021-01-10,86,38,48
2021-01-10,104,59,45
2021-01-10,95,49,46
2021-01-10,80,36,44
2021-01-10,31,18,13
2021-01-10,18,8,10
2021-01-10,11,4,7
2021-01-10,4,4,0
2021-01-10,9,5,4
2021-01-10,9,4,5
2021-01-10,3,2,1
2021-01-11,0,0,0
2021-01-11,1,0,1
2021-01-11,1,0,1
2021-01-11,3,2,1
2021-01-11,3,1,2
2021-01-11,13,3,10
2021-01-11,21,9,12
2021-01-11,41,7,34
2021-01-11,41,8,33
2021-01-11,38,8,30
2021-01-11,18,7,11
2021-01-11,5,1,4
2021-01-11,10,6,4
2021-01-11,17,10,7
2021-01-11,18,13,5
2021-01-11,24,15,9
2021-01-11,38,34,4
2021-01-11,43,38,5
2021-01-11,25,17,8
2021-01-11,14,10,4
2021-01-11,8,7,1
2021-01-11,9,7,2
2021-01-11,6,3,3
2021-01-11,3,2,1
2021-01-12,1,1,0
2021-01-12,0,0,0
2021-01-12,0,0,0
2021-01-12,0,0,0
2021-01-12,2,1,1
2021-01-12,5,2,3
2021-01-12,20,4,16
2021-01-12,38,9,29
2021-01-12,36,3,33
2021-01-12,36,6,30
2021-01-12,16,5,11
2021-01-12,17,5,12
2021-01-12,18,7,11
2021-01-12,15,9,6
2021-01-12,38,21,17
2021-01-12,35,25,10
2021-01-12,41,26,15
2021-01-12,48,39,9
2021-01-12,37,27,10
2021-01-12,19,17,2
2021-01-12,9,7,2
2021-01-12,6,4,2
2021-01-12,4,3,1
2021-01-12,3,2,1
2021-01-13,0,0,0
2021-01-13,0,0,0
2021-01-13,0,0,0
2021-01-13,1,0,1
2021-01-13,1,1,0
2021-01-13,6,1,5
2021-01-13,26,7,19
2021-01-13,50,7,43
2021-01-13,56,15,41
2021-01-13,59,18,41
2021-01-13,37,13,24
2021-01-13,48,26,22
2021-01-13,72,37,35
2021-01-13,60,37,23
2021-01-13,93,55,38
2021-01-13,96,56,40
2021-01-13,111,69,42
2021-01-13,109,74,35
2021-01-13,76,50,26
2021-01-13,25,18,7
2021-01-13,18,10,8
2021-01-13,6,2,4
2021-01-13,5,3,2
2021-01-13,10,6,4
2021-01-14,3,1,2
2021-01-14,3,2,1
2021-01-14,0,0,0
2021-01-14,1,0,1
2021-01-14,2,2,0
2021-01-14,14,5,9
2021-01-14,26,8,18
2021-01-14,64,17,47
2021-01-14,58,10,48
2021-01-14,54,11,43
2021-01-14,41,18,23
2021-01-14,47,24,23
2021-01-14,45,24,21
2021-01-14,68,35,33
2021-01-14,70,34,36
2021-01-14,91,58,33
2021-01-14,117,76,41
2021-01-14,93,70,23
2021-01-14,60,39,21
2021-01-14,40,25,15
2021-01-14,16,11,5
2021-01-14,14,6,8
2021-01-14,8,3,5
2021-01-14,5,5,0
2021-01-15,1,1,0
2021-01-15,1,1,0
2021-01-15,1,1,0
2021-01-15,1,0,1
2021-01-15,2,1,1
2021-01-15,9,3,6
2021-01-15,26,11,15
2021-01-15,47,9,38
2021-01-15,49,6,43
2021-01-15,46,8,38
2021-01-15,35,13,22
2021-01-15,35,14,21
2021-01-15,49,21,28
2021-01-15,55,31,24
2021-01-15,84,49,35
2021-01-15,110,62,48
2021-01-15,121,70,51
2021-01-15,98,70,28
2021-01-15,47,28,19
2021-01-15,34,17,17
2021-01-15,15,8,7
2021-01-15,13,7,6
2021-01-15,12,6,6
2021-01-15,9,6,3
2021-01-16,4,4,0
2021-01-16,2,1,1
2021-01-16,0,0,0
2021-01-16,0,0,0
2021-01-16,0,0,0
2021-01-16,6,2,4
2021-01-16,6,2,4
2021-01-16,8,3,5
2021-01-16,10,6,4
2021-01-16,33,16,17
2021-01-16,51,32,19
2021-01-16,65,35,30
2021-01-16,74,45,29
2021-01-16,64,41,23
2021-01-16,121,61,60
2021-01-16,97,46,51
2021-01-16,86,31,55
2021-01-16,51,24,27
2021-01-16,18,5,13
2021-01-16,11,4,7
2021-01-16,11,5,6
2021-01-16,5,3,2
2021-01-16,13,9,4
2021-01-16,4,2,2
2021-01-17,4,3,1
2021-01-17,2,0,2
2021-01-17,0,0,0
2021-01-17,0,0,0
2021-01-17,0,0,0
2021-01-17,3,1,2
2021-01-17,2,1,1
2021-01-17,8,4,4
2021-01-17,20,9,11
2021-01-17,31,15,16
2021-01-17,53,26,27
2021-01-17,88,47,41
2021-01-17,87,46,41
2021-01-17,131,65,66
2021-01-17,115,71,44
2021-01-17,112,56,56
2021-01-17,70,32,38
2021-01-17,27,14,13
2021-01-17,36,13,23
2021-01-17,13,6,7
2021-01-17,8,3,5
2021-01-17,12,7,5
2021-01-17,3,1,2
2021-01-17,5,1,4
2021-01-18,0,0,0
2021-01-18,0,0,0
2021-01-18,0,0,0
2021-01-18,0,0,0
2021-01-18,2,1,1
2021-01-18,11,3,8
2021-01-18,18,9,9
2021-01-18,23,8,15
2021-01-18,40,14,26
2021-01-18,47,18,29
2021-01-18,48,18,30
2021-01-18,76,37,39
2021-01-18,114,56,58
2021-01-18,134,85,49
2021-01-18,118,67,51
2021-01-18,151,87,64
2021-01-18,101,48,53
2021-01-18,79,46,33
2021-01-18,36,19,17
2021-01-18,15,10,5
2021-01-18,9,9,0
2021-01-18,10,7,3
2021-01-18,9,6,3
2021-01-18,10,5,5
2021-01-19,0,0,0
2021-01-19,1,1,0
2021-01-19,1,1,0
2021-01-19,1,0,1
2021-01-19,1,1,0
2021-01-19,17,4,13
2021-01-19,24,7,17
2021-01-19,54,12,42
2021-01-19,61,11,50
2021-01-19,48,9,39
2021-01-19,45,15,30
2021-01-19,30,13,17
2021-01-19,28,15,13
2021-01-19,37,17,20
2021-01-19,63,39,24
2021-01-19,87,59,28
2021-01-19,84,58,26
2021-01-19,95,70,25
2021-01-19,50,34,16
2021-01-19,25,20,5
2021-01-19,22,15,7
2021-01-19,8,4,4
2021-01-19,4,2,2
2021-01-19,7,3,4
2021-01-20,1,1,0
2021-01-20,1,0,1
2021-01-20,0,0,0
2021-01-20,2,1,1
2021-01-20,2,1,1
2021-01-20,9,4,5
2021-01-20,27,9,18
2021-01-20,63,11,52
2021-01-20,49,8,41
2021-01-20,45,10,35
2021-01-20,36,10,26
2021-01-20,38,17,21
2021-01-20,34,18,16
2021-01-20,35,21,14
2021-01-20,39,20,19
2021-01-20,81,58,23
2021-01-20,83,55,28
2021-01-20,79,61,18
2021-01-20,37,24,13
2021-01-20,32,21,11
2021-01-20,17,11,6
2021-01-20,10,6,4
2021-01-20,11,6,5
2021-01-20,7,7,0
2021-01-21,2,1,1
2021-01-21,1,0,1
2021-01-21,0,0,0
2021-01-21,1,0,1
2021-01-21,6,4,2
2021-01-21,10,3,7
2021-01-21,23,8,15
2021-01-21,54,10,44
2021-01-21,44,8,36
2021-01-21,41,4,37
2021-01-21,26,7,19
2021-01-21,41,19,22
2021-01-21,18,8,10
2021-01-21,31,11,20
2021-01-21,36,23,13
2021-01-21,58,41,17
2021-01-21,73,45,28
2021-01-21,74,57,17
2021-01-21,44,28,16
2021-01-21,20,12,8
2021-01-21,18,13,5
2021-01-21,9,4,5
2021-01-21,6,2,4
2021-01-21,6,4,2
2021-01-22,4,3,1
2021-01-22,3,1,2
2021-01-22,2,1,1
2021-01-22,1,0,1
2021-01-22,3,2,1
2021-01-22,12,4,8
2021-01-22,22,8,14
2021-01-22,45,8,37
2021-01-22,59,15,44
2021-01-22,49,11,38
2021-01-22,33,13,20
2021-01-22,33,20,13
2021-01-22,49,26,23
2021-01-22,47,27,20
2021-01-22,86,46,40
2021-01-22,115,77,38
2021-01-22,103,63,40
2021-01-22,93,57,36
2021-01-22,59,41,18
2021-01-22,31,18,13
2021-01-22,17,14,3
2021-01-22,8,5,3
2021-01-22,3,0,3
2021-01-22,5,3,2
2021-01-23,1,1,0
2021-01-23,2,2,0
2021-01-23,0,0,0
2021-01-23,0,0,0
2021-01-23,3,2,1
2021-01-23,4,0,4
2021-01-23,5,2,3
2021-01-23,10,2,8
2021-01-23,15,5,10
2021-01-23,33,20,13
2021-01-23,56,32,24
2021-01-23,68,33,35
2021-01-23,98,57,41
2021-01-23,142,80,62
2021-01-23,196,96,100
2021-01-23,149,88,61
2021-01-23,133,61,72
2021-01-23,65,29,36
2021-01-23,29,8,21
2021-01-23,22,11,11
2021-01-23,9,6,3
2021-01-23,9,3,6
2021-01-23,4,0,4
2021-01-23,4,2,2
2021-01-24,5,4,1
2021-01-24,3,3,0
2021-01-24,0,0,0
2021-01-24,0,0,0
2021-01-24,0,0,0
2021-01-24,2,0,2
2021-01-24,2,0,2
2021-01-24,5,4,1
2021-01-24,2,0,2
2021-01-24,10,3,7
2021-01-24,8,5,3
2021-01-24,28,17,11
2021-01-24,27,14,13
2021-01-24,18,12,6
2021-01-24,15,11,4
2021-01-24,24,10,14
2021-01-24,25,9,16
2021-01-24,14,4,10
2021-01-24,13,7,6
2021-01-24,4,3,1
2021-01-24,6,3,3
2021-01-24,2,1,1
2021-01-24,4,0,4
2021-01-24,1,1,0
2021-01-25,2,2,0
2021-01-25,0,0,0
2021-01-25,1,1,0
2021-01-25,0,0,0
2021-01-25,5,2,3
2021-01-25,11,3,8
2021-01-25,24,8,16
2021-01-25,52,6,46
2021-01-25,63,13,50
2021-01-25,44,10,34
2021-01-25,20,10,10
2021-01-25,34,9,25
2021-01-25,33,16,17
2021-01-25,42,24,18
2021-01-25,49,30,19
2021-01-25,67,40,27
2021-01-25,129,83,46
2021-01-25,88,59,29
2021-01-25,71,38,33
2021-01-25,18,11,7
2021-01-25,14,11,3
2021-01-25,11,4,7
2021-01-25,4,3,1
2021-01-25,3,2,1
2021-01-26,0,0,0
2021-01-26,0,0,0
2021-01-26,0,0,0
2021-01-26,0,0,0
2021-01-26,1,0,1
2021-01-26,13,4,9
2021-01-26,24,8,16
2021-01-26,64,17,47
2021-01-26,69,9,60
2021-01-26,47,11,36
2021-01-26,32,10,22
2021-01-26,30,14,16
2021-01-26,31,15,16
2021-01-26,40,22,18
2021-01-26,48,29,19
2021-01-26,69,46,23
2021-01-26,82,55,27
2021-01-26,88,63,25
2021-01-26,54,39,15
2021-01-26,21,16,5
2021-01-26,7,5,2
2021-01-26,14,11,3
2021-01-26,1,0,1
2021-01-26,7,5,2
2021-01-27,1,1,0
2021-01-27,0,0,0
2021-01-27,0,0,0
2021-01-27,0,0,0
2021-01-27,0,0,0
2021-01-27,9,3,6
2021-01-27,23,6,17
2021-01-27,37,6,31
2021-01-27,41,10,31
2021-01-27,26,4,22
2021-01-27,25,4,21
2021-01-27,27,8,19
2021-01-27,28,15,13
2021-01-27,42,20,22
2021-01-27,44,19,25
2021-01-27,68,49,19
2021-01-27,86,56,30
2021-01-27,88,59,29
2021-01-27,37,24,13
2021-01-27,16,12,4
2021-01-27,15,8,7
2021-01-27,6,4,2
2021-01-27,8,6,2
2021-01-27,5,2,3
2021-01-28,2,1,1
2021-01-28,0,0,0
2021-01-28,0,0,0
2021-01-28,3,0,3
2021-01-28,4,2,2
2021-01-28,9,3,6
2021-01-28,22,7,15
2021-01-28,48,5,43
2021-01-28,36,7,29
2021-01-28,21,4,17
2021-01-28,18,4,14
2021-01-28,27,10,17
2021-01-28,24,11,13
2021-01-28,27,12,15
2021-01-28,40,24,16
2021-01-28,50,30,20
2021-01-28,68,50,18
2021-01-28,76,56,20
2021-01-28,45,34,11
2021-01-28,26,17,9
2021-01-28,12,4,8
2021-01-28,8,6,2
2021-01-28,9,5,4
2021-01-28,2,0,2
2021-01-29,5,3,2
2021-01-29,0,0,0
2021-01-29,1,0,1
2021-01-29,1,0,1
2021-01-29,4,1,3
2021-01-29,8,4,4
2021-01-29,25,11,14
2021-01-29,48,11,37
2021-01-29,43,5,38
2021-01-29,36,13,23
2021-01-29,28,5,23
2021-01-29,30,9,21
2021-01-29,36,17,19
2021-01-29,41,22,19
2021-01-29,68,47,21
2021-01-29,72,50,22
2021-01-29,100,61,39
2021-01-29,97,66,31
2021-01-29,34,18,16
2021-01-29,15,9,6
2021-01-29,11,11,0
2021-01-29,9,6,3
2021-01-29,5,4,1
2021-01-29,4,1,3
2021-01-30,6,4,2
2021-01-30,0,0,0
2021-01-30,0,0,0
2021-01-30,0,0,0
2021-01-30,0,0,0
2021-01-30,6,1,5
2021-01-30,3,1,2
2021-01-30,11,3,8
2021-01-30,9,5,4
2021-01-30,29,11,18
2021-01-30,35,24,11
2021-01-30,48,25,23
2021-01-30,28,18,10
2021-01-30,54,29,25
2021-01-30,51,30,21
2021-01-30,52,30,22
2021-01-30,51,27,24
2021-01-30,32,14,18
2021-01-30,18,11,7
2021-01-30,9,4,5
2021-01-30,5,4,1
2021-01-30,1,1,0
2021-01-30,4,2,2
2021-01-30,4,2,2
2021-01-31,4,2,2
2021-01-31,1,1,0
2021-01-31,0,0,0
2021-01-31,0,0,0
2021-01-31,0,0,0
2021-01-31,3,0,3
2021-01-31,2,1,1
2021-01-31,7,3,4
2021-01-31,11,4,7
2021-01-31,20,10,10
2021-01-31,29,15,14
2021-01-31,24,11,13
2021-01-31,38,23,15
2021-01-31,18,9,9
